// Export filename: `C:\projects\cod\t5\xanim_export\t5_viewmodels\m60\m60_d2p_loop.XANIM_EXPORT`
// Source filename: `D:\projects\devanim\t5\animation_assets\rigs\viewmodels\t5_weapon\ViewModel_M60_Rig.fbx`
// Export time: Mon Jul 12 20:36:17 2010

ANIMATION
VERSION 3

NUMPARTS 97
PART 0 "tag_ads"
PART 1 "tag_torso"
PART 2 "J_Shoulder_LE"
PART 3 "J_Elbow_LE"
PART 4 "J_WristTwist_LE"
PART 5 "J_Sleave_Reshape_Bottom_LE_1"
PART 6 "J_Sleave_Reshape_Bottom_LE_2"
PART 7 "J_Sleave_Reshape_Top_LE_1"
PART 8 "J_Sleave_Reshape_Top_LE_2"
PART 9 "J_Sleave_Reshape_Top_LE_3"
PART 10 "J_Wrist_LE"
PART 11 "J_Thumb_LE_0"
PART 12 "J_Thumb_LE_1"
PART 13 "J_Thumb_LE_2"
PART 14 "J_Thumb_LE_3"
PART 15 "J_PinkyPalm_LE"
PART 16 "J_Pinky_LE_0"
PART 17 "J_Pinky_LE_1"
PART 18 "J_Pinky_LE_2"
PART 19 "J_Pinky_LE_3"
PART 20 "J_RingPalm_LE"
PART 21 "J_Ring_LE_0"
PART 22 "J_Ring_LE_1"
PART 23 "J_Ring_LE_2"
PART 24 "J_Ring_LE_3"
PART 25 "J_Webbing_LE"
PART 26 "J_Index_LE_0"
PART 27 "J_Index_LE_1"
PART 28 "J_Index_LE_2"
PART 29 "J_Index_LE_3"
PART 30 "J_Mid_LE_0"
PART 31 "J_Mid_LE_1"
PART 32 "J_Mid_LE_2"
PART 33 "J_Mid_LE_3"
PART 34 "tag_knife_attach"
PART 35 "D_Sleave_Reshape_Bottom_LE_1"
PART 36 "D_Sleave_Reshape_Bottom_LE_2"
PART 37 "D_Sleave_Reshape_Top_LE_1"
PART 38 "D_Sleave_Reshape_Top_LE_2"
PART 39 "D_Sleave_Reshape_Top_LE_3"
PART 40 "tag_weapon"
PART 41 "J_Gun"
PART 42 "J_Bolt"
PART 43 "J_Handle"
PART 44 "J_Reload_Cover"
PART 45 "TAG_IRON_SIGHTS"
PART 46 "TAG_CLIP"
PART 47 "J_Bullets0"
PART 48 "J_Bullets1"
PART 49 "J_Bullets2"
PART 50 "J_Bullets3"
PART 51 "J_Bullets4"
PART 52 "J_Bullets5"
PART 53 "J_Bullets6"
PART 54 "J_Bullets7"
PART 55 "J_Bullets8"
PART 56 "J_Bullets9"
PART 57 "J_Bullets10"
PART 58 "J_Bullets11"
PART 59 "J_Pod_Left"
PART 60 "J_Pod_Right"
PART 61 "J_Shoulder_RI"
PART 62 "J_Elbow_RI"
PART 63 "J_WristTwist_RI"
PART 64 "J_Sleave_Reshape_Top_RI_3"
PART 65 "J_Sleave_Reshape_Top_RI_2"
PART 66 "J_Sleave_Reshape_Top_RI_1"
PART 67 "J_Wrist_RI"
PART 68 "J_Thumb_RI_0"
PART 69 "J_Thumb_RI_1"
PART 70 "J_Thumb_RI_2"
PART 71 "J_Thumb_RI_3"
PART 72 "J_PinkyPalm_RI"
PART 73 "J_Pinky_RI_0"
PART 74 "J_Pinky_RI_1"
PART 75 "J_Pinky_RI_2"
PART 76 "J_Pinky_RI_3"
PART 77 "J_RingPalm_RI"
PART 78 "J_Ring_RI_0"
PART 79 "J_Ring_RI_1"
PART 80 "J_Ring_RI_2"
PART 81 "J_Ring_RI_3"
PART 82 "J_Webbing_RI"
PART 83 "J_Index_RI_0"
PART 84 "J_Index_RI_1"
PART 85 "J_Index_RI_2"
PART 86 "J_Index_RI_3"
PART 87 "J_Mid_RI_0"
PART 88 "J_Mid_RI_1"
PART 89 "J_Mid_RI_2"
PART 90 "J_Mid_RI_3"
PART 91 "D_Sleave_Reshape_Top_RI_3"
PART 92 "D_Sleave_Reshape_Top_RI_2"
PART 93 "D_Sleave_Reshape_Top_RI_1"
PART 94 "tag_cambone"
PART 95 "tag_camera"
PART 96 "tag_gasmask"

FRAMERATE 30
NUMFRAMES 16

FRAME 805
PART 0
OFFSET  0.0000 -0.0000 -0.0000
X  1.0000 -0.0000  0.0000
Y  0.0000  1.0000  0.0000
Z  0.0000 -0.0000  1.0000

PART 1
OFFSET -7.6810 -0.0000 -1.3770
X  1.0000 -0.0000  0.0000
Y  0.0000  1.0000  0.0000
Z  0.0000 -0.0000  1.0000

PART 2
OFFSET -1.6489  5.2787 -5.1189
X  0.7680  0.2589 -0.5858
Y  0.1314 -0.9589 -0.2516
Z -0.6268  0.1163 -0.7704

PART 3
OFFSET  7.6393  8.4102 -12.2031
X  0.4904 -0.6197  0.6127
Y -0.8467 -0.1722  0.5035
Z -0.2065 -0.7657 -0.6092

PART 4
OFFSET  11.8105  3.1393 -6.9916
X  0.4904 -0.6197  0.6127
Y  0.1622  0.7557  0.6345
Z -0.8562 -0.2118  0.4712

PART 5
OFFSET  13.4374  3.8100 -5.3360
X  0.4960 -0.6166  0.6114
Y  0.2086  0.7681  0.6054
Z -0.8429 -0.1728  0.5096

PART 6
OFFSET  13.2210  2.1671 -7.4486
X  0.4960 -0.6166  0.6114
Y  0.2086  0.7681  0.6054
Z -0.8429 -0.1728  0.5096

PART 7
OFFSET  11.9027  2.8640 -4.2117
X  0.4960 -0.6166  0.6114
Y  0.2086  0.7681  0.6054
Z -0.8429 -0.1728  0.5096

PART 8
OFFSET  11.4671  1.6382 -5.2669
X  0.4960 -0.6166  0.6114
Y  0.2086  0.7681  0.6054
Z -0.8429 -0.1728  0.5096

PART 9
OFFSET  11.0965  0.6870 -6.5522
X  0.4960 -0.6166  0.6114
Y  0.2086  0.7681  0.6054
Z -0.8429 -0.1728  0.5096

PART 10
OFFSET  13.3140  1.2394 -5.1132
X  0.7397  0.1084  0.6642
Y -0.3738  0.8869  0.2715
Z -0.5596 -0.4491  0.6965

PART 11
OFFSET  13.0563  1.9596 -4.2663
X  0.4927  0.3384  0.8017
Y -0.2126  0.9402 -0.2662
Z -0.8438 -0.0393  0.5352

PART 12
OFFSET  14.0513  2.7814 -2.5331
X  0.7719 -0.0295  0.6351
Y -0.1396  0.9667  0.2146
Z -0.6203 -0.2543  0.7420

PART 13
OFFSET  15.2363  2.6477 -1.4376
X  0.5446  0.3232  0.7739
Y -0.2907  0.9383 -0.1873
Z -0.7867 -0.1230  0.6050

PART 14
OFFSET  15.7843  3.0075 -0.5761
X  0.8474  0.5110  0.1441
Y  0.3701 -0.3740 -0.8504
Z -0.3806  0.7740 -0.5060

PART 15
OFFSET  14.2270  0.2907 -4.7011
X  0.7887 -0.3615  0.4973
Y -0.6148 -0.4679  0.6349
Z  0.0033 -0.8065 -0.5913

PART 16
OFFSET  15.9232 -0.4613 -3.4197
X -0.2106 -0.2700  0.9396
Y -0.8719  0.4864 -0.0557
Z -0.4420 -0.8310 -0.3378

PART 17
OFFSET  15.6250 -0.8436 -2.0895
X -0.7301  0.1412  0.6686
Y -0.5307  0.4991 -0.6850
Z -0.4304 -0.8549 -0.2895

PART 18
OFFSET  14.9777 -0.7183 -1.4967
X -0.8190  0.2412  0.5207
Y -0.3454  0.5174 -0.7829
Z -0.4582 -0.8210 -0.3405

PART 19
OFFSET  14.1996 -0.4892 -1.0021
X  0.9095 -0.3905  0.1425
Y  0.2084  0.1317 -0.9691
Z  0.3597  0.9111  0.2011

PART 20
OFFSET  14.2195  0.9667 -4.4718
X  0.8153 -0.1719  0.5529
Y -0.5577 -0.4897  0.6702
Z  0.1555 -0.8548 -0.4952

PART 21
OFFSET  16.3391  0.4518 -3.0574
X  0.0424 -0.5102  0.8590
Y -0.9359  0.2806  0.2129
Z -0.3496 -0.8130 -0.4656

PART 22
OFFSET  16.4113 -0.4168 -1.5949
X -0.8442  0.0627  0.5324
Y -0.4148  0.5526 -0.7229
Z -0.3396 -0.8311 -0.4405

PART 23
OFFSET  15.2413 -0.3298 -0.8571
X -0.9186  0.1808  0.3513
Y -0.2109  0.5274 -0.8230
Z -0.3341 -0.8301 -0.4464

PART 24
OFFSET  14.2450 -0.1337 -0.4761
X  0.8567 -0.4903  0.1604
Y  0.3683  0.3636 -0.8557
Z  0.3612  0.7921  0.4921

PART 25
OFFSET  14.7008  2.7410 -2.2612
X  0.6126 -0.1944  0.7661
Y  0.7354  0.4955 -0.4623
Z -0.2897  0.8466  0.4465

PART 26
OFFSET  16.1222  2.4975 -2.5792
X  0.6506 -0.4756  0.5921
Y -0.7524 -0.2975  0.5877
Z -0.1033 -0.8278 -0.5514

PART 27
OFFSET  17.2677  1.6602 -1.5367
X -0.2245 -0.5978  0.7696
Y -0.9732  0.1773 -0.1462
Z -0.0491 -0.7818 -0.6216

PART 28
OFFSET  16.9978  0.9810 -0.5633
X -0.8476 -0.2040  0.4899
Y -0.5210  0.4953 -0.6952
Z -0.1008 -0.8444 -0.5261

PART 29
OFFSET  16.0404  0.7505 -0.0100
X  0.7179 -0.6182  0.3201
Y  0.6585  0.4538 -0.6003
Z  0.2259  0.6418  0.7329

PART 30
OFFSET  16.3485  1.4433 -2.8196
X  0.3054 -0.5112  0.8034
Y -0.9448 -0.0573  0.3226
Z -0.1189 -0.8575 -0.5005

PART 31
OFFSET  16.9450  0.4445 -1.2502
X -0.8170 -0.1921  0.5437
Y -0.5540  0.5227 -0.6479
Z -0.1597 -0.8306 -0.5335

PART 32
OFFSET  15.7516  0.1640 -0.4561
X -0.9513 -0.0311  0.3066
Y -0.2649  0.5908 -0.7621
Z -0.1574 -0.8062 -0.5703

PART 33
OFFSET  14.6732  0.1227 -0.1124
X  0.9087 -0.3020  0.2882
Y  0.3968  0.4107 -0.8209
Z  0.1296  0.8603  0.4931

PART 34
OFFSET  14.6680  0.3709 -2.3974
X  0.0868 -0.8676 -0.4897
Y  0.5596  0.4491 -0.6965
Z  0.8242 -0.2136  0.5245

PART 35
OFFSET  13.5749  3.1422 -6.1211
X  0.4960 -0.6166  0.6114
Y  0.2172  0.7698  0.6001
Z -0.8407 -0.1649  0.5158

PART 36
OFFSET  13.2202  2.1678 -7.4472
X  0.4960 -0.6166  0.6114
Y  0.2172  0.7698  0.6001
Z -0.8407 -0.1649  0.5158

PART 37
OFFSET  11.6596  2.2949 -4.5883
X  0.4960 -0.6166  0.6114
Y  0.2172  0.7698  0.6001
Z -0.8407 -0.1649  0.5158

PART 38
OFFSET  11.1544  1.3051 -5.3476
X  0.4960 -0.6166  0.6114
Y  0.2172  0.7698  0.6001
Z -0.8407 -0.1649  0.5158

PART 39
OFFSET  11.6533  1.2441 -6.4354
X  0.4960 -0.6166  0.6114
Y  0.2172  0.7698  0.6001
Z -0.8407 -0.1649  0.5158

PART 40
OFFSET  10.3725 -2.3332 -6.0219
X  0.6863  0.4872  0.5400
Y -0.4286  0.8708 -0.2410
Z -0.5876 -0.0661  0.8064

PART 41
OFFSET  10.3725 -2.3332 -6.0219
X  0.6863  0.4872  0.5400
Y -0.4286  0.8708 -0.2410
Z -0.5876 -0.0661  0.8064

PART 42
OFFSET  11.4512 -1.8632 -3.1811
X  0.6863  0.4872  0.5400
Y -0.4286  0.8708 -0.2410
Z -0.5876 -0.0661  0.8064

PART 43
OFFSET  13.3779  0.9307  0.3521
X  0.6863  0.4872  0.5400
Y -0.3741  0.8732 -0.3124
Z -0.6237  0.0123  0.7815

PART 44
OFFSET  9.5786 -1.5436 -1.7561
X  0.6863  0.4872  0.5400
Y -0.4286  0.8708 -0.2409
Z -0.5876 -0.0661  0.8064

PART 45
OFFSET  6.0720 -3.6934 -3.2881
X  0.6863  0.4872  0.5400
Y -0.4286  0.8708 -0.2409
Z -0.5876 -0.0661  0.8064

PART 46
OFFSET  8.3373  1.8711 -6.5527
X  0.6863  0.4872  0.5400
Y -0.4286  0.8708 -0.2410
Z -0.5876 -0.0661  0.8064

PART 47
OFFSET  8.6416 -2.5649 -3.6131
X -0.5147  0.8499 -0.1127
Y -0.6863 -0.4872 -0.5400
Z -0.5139 -0.2006  0.8341

PART 48
OFFSET  8.4016 -2.1688 -3.6656
X -0.5158  0.8495 -0.1110
Y -0.6862 -0.4873 -0.5400
Z -0.5128 -0.2024  0.8343

PART 49
OFFSET  8.1611 -1.7727 -3.7174
X -0.5083  0.8523 -0.1233
Y -0.6862 -0.4873 -0.5400
Z -0.5203 -0.1899  0.8326

PART 50
OFFSET  7.9242 -1.3753 -3.7749
X -0.4797  0.8613 -0.1675
Y -0.6863 -0.4873 -0.5400
Z -0.5468 -0.1441  0.8248

PART 51
OFFSET  7.7005 -0.9738 -3.8530
X -0.4024  0.8728 -0.2762
Y -0.6862 -0.4873 -0.5401
Z -0.6060 -0.0279  0.7950

PART 52
OFFSET  7.5129 -0.5670 -3.9817
X -0.1351  0.8149 -0.5636
Y -0.6861 -0.4873 -0.5401
Z -0.7148  0.3137  0.6250

PART 53
OFFSET  7.4560 -0.2234 -4.2193
X  0.3290  0.4545 -0.8278
Y -0.6861 -0.4873 -0.5402
Z -0.6489  0.7457  0.1515

PART 54
OFFSET  7.6101 -0.0105 -4.6072
X  0.5428  0.1515 -0.8261
Y -0.6861 -0.4873 -0.5402
Z -0.4843  0.8600 -0.1606

PART 55
OFFSET  7.8631  0.0602 -4.9923
X  0.5916  0.0587 -0.8041
Y -0.6861 -0.4873 -0.5403
Z -0.4235  0.8713 -0.2480

PART 56
OFFSET  8.1389  0.0875 -5.3672
X  0.5916  0.0582 -0.8041
Y -0.6862 -0.4873 -0.5401
Z -0.4233  0.8713 -0.2483

PART 57
OFFSET  8.4147  0.1146 -5.7420
X  0.5916  0.0582 -0.8041
Y -0.6862 -0.4872 -0.5401
Z -0.4232  0.8714 -0.2482

PART 58
OFFSET  8.6905  0.1417 -6.1169
X  0.5916  0.0583 -0.8042
Y -0.6862 -0.4872 -0.5401
Z -0.4233  0.8713 -0.2482

PART 59
OFFSET  19.9169  6.5218  3.5424
X  0.3592  0.4186 -0.8341
Y -0.5830  0.7985  0.1496
Z  0.7287  0.4326  0.5309

PART 60
OFFSET  21.0441  4.2317  4.1761
X -0.7120  0.2981  0.6358
Y -0.1963  0.7848 -0.5878
Z -0.6742 -0.5433 -0.5002

PART 61
OFFSET -6.5551 -7.9373 -5.6959
X -0.5289  0.1278  0.8390
Y -0.2396 -0.9709 -0.0031
Z  0.8142 -0.2026  0.5441

PART 62
OFFSET -0.1590 -9.4834 -15.8429
X -0.7760 -0.3300 -0.5374
Y  0.5951 -0.1009 -0.7973
Z  0.2089 -0.9386  0.2747

PART 63
OFFSET  6.4416 -6.6762 -11.2720
X -0.7760 -0.3300 -0.5374
Y  0.5879 -0.0701 -0.8059
Z  0.2283 -0.9414  0.2484

PART 64
OFFSET  6.8821 -5.0646 -10.2213
X -0.7802 -0.3266 -0.5334
Y -0.2175  0.9413 -0.2583
Z  0.5865 -0.0855 -0.8054

PART 65
OFFSET  6.7383 -5.4206 -9.0805
X -0.7802 -0.3266 -0.5334
Y -0.2175  0.9413 -0.2583
Z  0.5865 -0.0855 -0.8054

PART 66
OFFSET  7.1983 -6.6280 -8.8187
X -0.7802 -0.3266 -0.5334
Y -0.2175  0.9413 -0.2583
Z  0.5865 -0.0855 -0.8054

PART 67
OFFSET  8.8207 -5.6644 -9.6244
X -0.5159 -0.4713 -0.7153
Y  0.7794  0.0881 -0.6202
Z  0.3553 -0.8776  0.3219

PART 68
OFFSET  8.1547 -5.1770 -8.8363
X  0.1154 -0.8571 -0.5021
Y  0.8353  0.3573 -0.4178
Z  0.5375 -0.3712  0.7572

PART 69
OFFSET  7.7923 -3.3425 -7.7533
X -0.6181 -0.7433 -0.2557
Y  0.7127 -0.3928 -0.5812
Z  0.3316 -0.5415  0.7726

PART 70
OFFSET  8.7956 -2.1053 -7.4618
X -0.8917 -0.2368  0.3857
Y  0.0012 -0.8533 -0.5214
Z  0.4526 -0.4645  0.7612

PART 71
OFFSET  9.7392 -1.8134 -7.9048
X -0.9487 -0.0523 -0.3117
Y  0.1708  0.7449 -0.6449
Z  0.2660 -0.6651 -0.6978

PART 72
OFFSET  10.0201 -4.9939 -9.7483
X -0.8221 -0.4954 -0.2806
Y  0.3770 -0.8429  0.3838
Z -0.4267  0.2097  0.8797

PART 73
OFFSET  11.7588 -3.7468 -9.0368
X -0.1615 -0.9213 -0.3536
Y  0.9402 -0.2525  0.2285
Z -0.2998 -0.2956  0.9071

PART 74
OFFSET  11.9874 -2.4424 -8.5361
X  0.8046 -0.5888  0.0775
Y  0.4934  0.7354  0.4644
Z -0.3304 -0.3354  0.8822

PART 75
OFFSET  11.2741 -1.9204 -8.6048
X  0.9447  0.0341  0.3261
Y -0.1224  0.9593  0.2545
Z -0.3041 -0.2803  0.9104

PART 76
OFFSET  10.3765 -1.9528 -8.9146
X -0.6017 -0.5877 -0.5408
Y -0.7388  0.6669  0.0973
Z  0.3034  0.4581 -0.8355

PART 77
OFFSET  9.6652 -5.0713 -9.1338
X -0.7159 -0.4826 -0.5046
Y  0.3304 -0.8708  0.3641
Z -0.6151  0.0939  0.7828

PART 78
OFFSET  11.6218 -3.8519 -7.9325
X -0.1988 -0.9766 -0.0815
Y  0.9583 -0.2111  0.1926
Z -0.2053 -0.0398  0.9779

PART 79
OFFSET  11.9602 -2.1891 -7.7937
X  0.8776 -0.4491  0.1675
Y  0.4266  0.8912  0.1543
Z -0.2186 -0.0640  0.9737

PART 80
OFFSET  10.7439 -1.5667 -8.0259
X  0.9567  0.1632  0.2411
Y -0.1766  0.9837  0.0349
Z -0.2315 -0.0760  0.9699

PART 81
OFFSET  9.7063 -1.7437 -8.2873
X -0.6943 -0.6994 -0.1698
Y -0.6829  0.7147 -0.1513
Z  0.2272  0.0109 -0.9738

PART 82
OFFSET  6.2047 -8.1708 -11.9045
X -0.5374 -0.7045 -0.4636
Y -0.4592  0.7055 -0.5399
Z  0.7074 -0.0773 -0.7026

PART 83
OFFSET  10.3753 -4.2205 -6.2497
X -0.6172 -0.6279 -0.4742
Y  0.4318 -0.7741  0.4630
Z -0.6577  0.0810  0.7489

PART 84
OFFSET  11.4619 -3.1149 -5.4149
X  0.0422 -0.9781  0.2038
Y  0.7360  0.1684  0.6557
Z -0.6757  0.1224  0.7270

PART 85
OFFSET  11.3695 -1.9184 -5.6186
X  0.2326 -0.9332  0.2738
Y  0.7180  0.3546  0.5989
Z -0.6560  0.0572  0.7526

PART 86
OFFSET  11.1068 -0.8643 -5.9278
X -0.9084 -0.0002 -0.4181
Y  0.0827  0.9802 -0.1802
Z  0.4099 -0.1983 -0.8903

PART 87
OFFSET  11.1021 -4.0178 -7.0567
X -0.0887 -0.9957  0.0281
Y  0.8881 -0.0663  0.4549
Z -0.4511  0.0653  0.8901

PART 88
OFFSET  11.2753 -2.0727 -7.1115
X  0.8184 -0.3726  0.4375
Y  0.3790  0.9222  0.0764
Z -0.4319  0.1033  0.8960

PART 89
OFFSET  10.0800 -1.5284 -7.7505
X  0.8930  0.2003  0.4030
Y -0.1146  0.9672 -0.2268
Z -0.4352  0.1564  0.8866

PART 90
OFFSET  9.0716 -1.7557 -8.2133
X -0.5838 -0.7813 -0.2208
Y -0.6931  0.6212 -0.3657
Z  0.4229 -0.0604 -0.9042

PART 91
OFFSET  6.8783 -5.0525 -10.2238
X -0.7802 -0.3269 -0.5334
Y -0.2153  0.9408 -0.2617
Z  0.5874 -0.0893 -0.8044

PART 92
OFFSET  6.7321 -5.3980 -9.0859
X -0.7802 -0.3269 -0.5334
Y -0.2153  0.9408 -0.2617
Z  0.5874 -0.0893 -0.8044

PART 93
OFFSET  7.2146 -6.6303 -8.8406
X -0.7802 -0.3269 -0.5334
Y -0.2153  0.9408 -0.2617
Z  0.5874 -0.0893 -0.8044

PART 94
OFFSET  0.0000 -0.0000 -0.0000
X  1.0000 -0.0000  0.0000
Y  0.0000  1.0000  0.0000
Z  0.0000 -0.0000  1.0000

PART 95
OFFSET -0.0000 -0.0000 -0.0000
X  0.9973  0.0000 -0.0740
Y  0.0041  0.9984  0.0558
Z  0.0739 -0.0560  0.9957

PART 96
OFFSET  1.8418 -0.2316  4.0039
X  0.9973  0.0000 -0.0740
Y  0.0041  0.9984  0.0558
Z  0.0739 -0.0560  0.9957


FRAME 806
PART 0
OFFSET  0.0000 -0.0000 -0.0000
X  1.0000 -0.0000  0.0000
Y  0.0000  1.0000  0.0000
Z  0.0000 -0.0000  1.0000

PART 1
OFFSET -7.6810 -0.0000 -1.3770
X  1.0000 -0.0000  0.0000
Y  0.0000  1.0000  0.0000
Z  0.0000 -0.0000  1.0000

PART 2
OFFSET -1.6489  5.2787 -5.1189
X  0.7943  0.2319 -0.5616
Y  0.1177 -0.9655 -0.2322
Z -0.5961  0.1184 -0.7942

PART 3
OFFSET  7.9570  8.0830 -11.9105
X  0.4970 -0.6129  0.6143
Y -0.8437 -0.1761  0.5070
Z -0.2026 -0.7703 -0.6046

PART 4
OFFSET  12.1845  2.8703 -6.6856
X  0.4970 -0.6129  0.6143
Y  0.1603  0.7606  0.6291
Z -0.8528 -0.2142  0.4763

PART 5
OFFSET  13.8115  3.5618 -5.0386
X  0.5026 -0.6097  0.6129
Y  0.2047  0.7727  0.6008
Z -0.8400 -0.1765  0.5131

PART 6
OFFSET  13.6008  1.9066 -7.1421
X  0.5026 -0.6097  0.6129
Y  0.2047  0.7727  0.6008
Z -0.8400 -0.1765  0.5131

PART 7
OFFSET  12.2876  2.6099 -3.9047
X  0.5026 -0.6097  0.6129
Y  0.2047  0.7727  0.6008
Z -0.8400 -0.1765  0.5131

PART 8
OFFSET  11.8579  1.3756 -4.9522
X  0.5026 -0.6097  0.6129
Y  0.2047  0.7727  0.6008
Z -0.8400 -0.1765  0.5131

PART 9
OFFSET  11.4904  0.4150 -6.2315
X  0.5026 -0.6097  0.6129
Y  0.2047  0.7727  0.6008
Z -0.8400 -0.1765  0.5131

PART 10
OFFSET  13.7083  0.9915 -4.8024
X  0.7377  0.0766  0.6708
Y -0.3420  0.8991  0.2734
Z -0.5821 -0.4311  0.6894

PART 11
OFFSET  13.4710  1.7166 -3.9537
X  0.4985  0.3151  0.8076
Y -0.1744  0.9490 -0.2627
Z -0.8491 -0.0099  0.5281

PART 12
OFFSET  14.4822  2.4908 -2.2079
X  0.7649 -0.0622  0.6412
Y -0.1045  0.9702  0.2188
Z -0.6357 -0.2343  0.7355

PART 13
OFFSET  15.6520  2.3062 -1.1035
X  0.5500  0.2982  0.7801
Y -0.2532  0.9497 -0.1845
Z -0.7958 -0.0961  0.5978

PART 14
OFFSET  16.2060  2.6404 -0.2356
X  0.8651  0.4775  0.1538
Y  0.3627 -0.3834 -0.8494
Z -0.3466  0.7906 -0.5048

PART 15
OFFSET  14.5810  0.0066 -4.3881
X  0.7701 -0.3939  0.5017
Y -0.6375 -0.4475  0.6272
Z -0.0225 -0.8029 -0.5957

PART 16
OFFSET  16.2365 -0.8163 -3.0971
X -0.2286 -0.2667  0.9363
Y -0.8523  0.5196 -0.0601
Z -0.4705 -0.8117 -0.3460

PART 17
OFFSET  15.9129 -1.1938 -1.7716
X -0.7298  0.1655  0.6634
Y -0.5056  0.5226 -0.6865
Z -0.4603 -0.8364 -0.2977

PART 18
OFFSET  15.2658 -1.0471 -1.1834
X -0.8135  0.2695  0.5153
Y -0.3188  0.5343 -0.7828
Z -0.4863 -0.8012 -0.3488

PART 19
OFFSET  14.4930 -0.7911 -0.6939
X  0.8927 -0.4257  0.1478
Y  0.2214  0.1287 -0.9667
Z  0.3925  0.8957  0.2091

PART 20
OFFSET  14.5973  0.6811 -4.1552
X  0.8035 -0.2058  0.5586
Y -0.5816 -0.4716  0.6629
Z  0.1270 -0.8575 -0.4986

PART 21
OFFSET  16.6838  0.0784 -2.7264
X  0.0158 -0.5159  0.8565
Y -0.9263  0.3149  0.2068
Z -0.3764 -0.7966 -0.4729

PART 22
OFFSET  16.7107 -0.8000 -1.2682
X -0.8456  0.0921  0.5258
Y -0.3874  0.5718 -0.7232
Z -0.3673 -0.8152 -0.4479

PART 23
OFFSET  15.5387 -0.6723 -0.5395
X -0.9140  0.2139  0.3448
Y -0.1837  0.5394 -0.8218
Z -0.3617 -0.8144 -0.4537

PART 24
OFFSET  14.5475 -0.4403 -0.1656
X  0.8360 -0.5234  0.1646
Y  0.3890  0.3538 -0.8506
Z  0.3870  0.7752  0.4994

PART 25
OFFSET  15.1273  2.4242 -1.9309
X  0.5983 -0.2217  0.7700
Y  0.7575  0.4695 -0.4535
Z -0.2610  0.8546  0.4489

PART 26
OFFSET  16.5411  2.1283 -2.2386
X  0.6270 -0.5031  0.5947
Y -0.7680 -0.2717  0.5799
Z -0.1302 -0.8204 -0.5568

PART 27
OFFSET  17.6450  1.2425 -1.1915
X -0.2535 -0.5928  0.7644
Y -0.9645  0.2151 -0.1531
Z -0.0736 -0.7761 -0.6263

PART 28
OFFSET  17.3413  0.5690 -0.2242
X -0.8588 -0.1741  0.4818
Y -0.4959  0.5184 -0.6966
Z -0.1285 -0.8372 -0.5316

PART 29
OFFSET  16.3713  0.3723  0.3200
X  0.6911 -0.6468  0.3225
Y  0.6803  0.4315 -0.5924
Z  0.2440  0.6288  0.7383

PART 30
OFFSET  16.7290  1.0675 -2.4831
X  0.2789 -0.5267  0.8030
Y -0.9490 -0.0230  0.3146
Z -0.1473 -0.8497 -0.5062

PART 31
OFFSET  17.2739  0.0386 -0.9144
X -0.8283 -0.1636  0.5359
Y -0.5283  0.5468 -0.6495
Z -0.1868 -0.8211 -0.5394

PART 32
OFFSET  16.0641 -0.2004 -0.1316
X -0.9544  0.0036  0.2986
Y -0.2358  0.6045 -0.7609
Z -0.1833 -0.7966 -0.5760

PART 33
OFFSET  14.9821 -0.2024  0.2030
X  0.8941 -0.3379  0.2939
Y  0.4190  0.3996 -0.8153
Z  0.1581  0.8521  0.4989

PART 34
OFFSET  15.0054  0.0578 -2.0805
X  0.0577 -0.8677 -0.4938
Y  0.5821  0.4311 -0.6894
Z  0.8110 -0.2476  0.5300

PART 35
OFFSET  13.9516  2.8910 -5.8208
X  0.5026 -0.6097  0.6129
Y  0.2133  0.7745  0.5955
Z -0.8378 -0.1686  0.5193

PART 36
OFFSET  13.6000  1.9073 -7.1408
X  0.5026 -0.6097  0.6129
Y  0.2133  0.7745  0.5955
Z -0.8378 -0.1686  0.5193

PART 37
OFFSET  12.0475  2.0371 -4.2776
X  0.5026 -0.6097  0.6129
Y  0.2133  0.7745  0.5955
Z -0.8378 -0.1686  0.5193

PART 38
OFFSET  11.5475  1.0397 -5.0303
X  0.5026 -0.6097  0.6129
Y  0.2133  0.7745  0.5955
Z -0.8378 -0.1686  0.5193

PART 39
OFFSET  12.0433  0.9769 -6.1193
X  0.5026 -0.6097  0.6129
Y  0.2133  0.7745  0.5955
Z -0.8378 -0.1686  0.5193

PART 40
OFFSET  10.6406 -2.4615 -5.7549
X  0.6998  0.4579  0.5483
Y -0.3931  0.8877 -0.2396
Z -0.5964 -0.0479  0.8012

PART 41
OFFSET  10.6406 -2.4615 -5.7549
X  0.6998  0.4579  0.5483
Y -0.3931  0.8877 -0.2396
Z -0.5964 -0.0479  0.8012

PART 42
OFFSET  11.7126 -2.0479 -2.9028
X  0.6998  0.4579  0.5483
Y -0.3931  0.8877 -0.2396
Z -0.5964 -0.0479  0.8012

PART 43
OFFSET  13.7146  0.6520  0.6614
X  0.6998  0.4579  0.5483
Y -0.3559  0.8890 -0.2882
Z -0.6194  0.0065  0.7851

PART 44
OFFSET  9.8416 -1.6645 -1.4914
X  0.6998  0.4578  0.5483
Y -0.3931  0.8877 -0.2396
Z -0.5965 -0.0479  0.8012

PART 45
OFFSET  6.2686 -3.6710 -3.0639
X  0.6998  0.4578  0.5483
Y -0.3931  0.8877 -0.2396
Z -0.5965 -0.0479  0.8012

PART 46
OFFSET  8.7715  1.8201 -6.2790
X  0.6998  0.4579  0.5483
Y -0.3931  0.8877 -0.2396
Z -0.5964 -0.0479  0.8012

PART 47
OFFSET  8.8820 -2.6397 -3.3616
X -0.4810  0.8695 -0.1122
Y -0.6998 -0.4579 -0.5483
Z -0.5281 -0.1852  0.8287

PART 48
OFFSET  8.6577 -2.2344 -3.4139
X -0.4822  0.8691 -0.1105
Y -0.6998 -0.4580 -0.5483
Z -0.5271 -0.1870  0.8290

PART 49
OFFSET  8.4329 -1.8292 -3.4654
X -0.4744  0.8717 -0.1227
Y -0.6997 -0.4580 -0.5483
Z -0.5341 -0.1742  0.8272

PART 50
OFFSET  8.2118 -1.4228 -3.5227
X -0.4451  0.8798 -0.1667
Y -0.6998 -0.4579 -0.5483
Z -0.5587 -0.1274  0.8195

PART 51
OFFSET  8.0070 -1.0121 -3.6044
X -0.3666  0.8889 -0.2746
Y -0.6997 -0.4579 -0.5484
Z -0.6133 -0.0089  0.7898

PART 52
OFFSET  7.8362 -0.5978 -3.7324
X -0.0993  0.8224 -0.5602
Y -0.6997 -0.4580 -0.5484
Z -0.7076  0.3375  0.6209

PART 53
OFFSET  7.7943 -0.2510 -3.9686
X  0.3530  0.4459 -0.8226
Y -0.6996 -0.4579 -0.5485
Z -0.6212  0.7691  0.1503

PART 54
OFFSET  7.9597 -0.0421 -4.3540
X  0.5551  0.1350 -0.8208
Y -0.6996 -0.4579 -0.5485
Z -0.4499  0.8787 -0.1598

PART 55
OFFSET  8.2185  0.0208 -4.7366
X  0.6001  0.0403 -0.7989
Y -0.6996 -0.4579 -0.5485
Z -0.3879  0.8881 -0.2466

PART 56
OFFSET  8.4982  0.0396 -5.1091
X  0.6001  0.0398 -0.7989
Y -0.6997 -0.4579 -0.5484
Z -0.3877  0.8881 -0.2469

PART 57
OFFSET  8.7779  0.0581 -5.4815
X  0.6001  0.0398 -0.7989
Y -0.6998 -0.4578 -0.5484
Z -0.3876  0.8882 -0.2469

PART 58
OFFSET  9.0577  0.0767 -5.8540
X  0.6001  0.0399 -0.7990
Y -0.6997 -0.4579 -0.5484
Z -0.3877  0.8881 -0.2468

PART 59
OFFSET  20.4350  5.9729  3.9359
X  0.3818  0.4089 -0.8288
Y -0.5534  0.8194  0.1493
Z  0.7402  0.4017  0.5392

PART 60
OFFSET  21.4688  3.6383  4.5661
X -0.7054  0.3217  0.6316
Y -0.1614  0.7948 -0.5850
Z -0.6902 -0.5146 -0.5087

PART 61
OFFSET -6.5551 -7.9373 -5.6959
X -0.5458  0.1225  0.8289
Y -0.2437 -0.9697 -0.0171
Z  0.8017 -0.2113  0.5591

PART 62
OFFSET  0.0459 -9.4191 -15.7205
X -0.7732 -0.3204 -0.5472
Y  0.6021 -0.1001 -0.7921
Z  0.1990 -0.9420  0.2703

PART 63
OFFSET  6.6226 -6.6944 -11.0660
X -0.7732 -0.3204 -0.5472
Y  0.5989 -0.0855 -0.7962
Z  0.2083 -0.9434  0.2580

PART 64
OFFSET  7.0651 -5.0934 -10.0000
X -0.7774 -0.3169 -0.5433
Y -0.2077  0.9447 -0.2539
Z  0.5937 -0.0846 -0.8002

PART 65
OFFSET  6.9075 -5.4560 -8.8632
X -0.7774 -0.3169 -0.5433
Y -0.2077  0.9447 -0.2539
Z  0.5937 -0.0846 -0.8002

PART 66
OFFSET  7.3556 -6.6687 -8.6052
X -0.7774 -0.3169 -0.5433
Y -0.2077  0.9447 -0.2539
Z  0.5937 -0.0846 -0.8002

PART 67
OFFSET  8.9931 -5.7122 -9.3883
X -0.5275 -0.4475 -0.7221
Y  0.7874  0.0615 -0.6134
Z  0.3189 -0.8921  0.3199

PART 68
OFFSET  8.3396 -5.2040 -8.6030
X  0.0869 -0.8582 -0.5058
Y  0.8518  0.3273 -0.4090
Z  0.5166 -0.3953  0.7595

PART 69
OFFSET  8.0383 -3.3626 -7.5128
X -0.6438 -0.7179 -0.2648
Y  0.7021 -0.4166 -0.5775
Z  0.3043 -0.5577  0.7722

PART 70
OFFSET  9.0855 -2.1661 -7.2063
X -0.9033 -0.2047  0.3771
Y -0.0270 -0.8500 -0.5261
Z  0.4282 -0.4854  0.7623

PART 71
OFFSET  10.0432 -1.9081 -7.6399
X -0.9474 -0.0145 -0.3197
Y  0.2044  0.7413 -0.6393
Z  0.2463 -0.6711 -0.6993

PART 72
OFFSET  10.2182 -5.0873 -9.4987
X -0.8380 -0.4623 -0.2900
Y  0.3414 -0.8587  0.3822
Z -0.4257  0.2213  0.8774

PART 73
OFFSET  11.9971 -3.9112 -8.7661
X -0.1935 -0.9127 -0.3600
Y  0.9280 -0.2893  0.2347
Z -0.3184 -0.2887  0.9029

PART 74
OFFSET  12.2711 -2.6191 -8.2564
X  0.7809 -0.6194  0.0808
Y  0.5172  0.7137  0.4725
Z -0.3503 -0.3272  0.8776

PART 75
OFFSET  11.5787 -2.0699 -8.3281
X  0.9426 -0.0037  0.3339
Y -0.0879  0.9619  0.2588
Z -0.3222 -0.2733  0.9064

PART 76
OFFSET  10.6832 -2.0664 -8.6453
X -0.6191 -0.5615 -0.5489
Y -0.7137  0.6940  0.0950
Z  0.3276  0.4506 -0.8304

PART 77
OFFSET  9.8555 -5.1544 -8.8876
X -0.7295 -0.4523 -0.5131
Y  0.2940 -0.8846  0.3619
Z -0.6176  0.1132  0.7783

PART 78
OFFSET  11.8470 -4.0167 -7.6636
X -0.2352 -0.9679 -0.0886
Y  0.9479 -0.2485  0.1993
Z -0.2149 -0.0371  0.9759

PART 79
OFFSET  12.2473 -2.3689 -7.5128
X  0.8585 -0.4831  0.1722
Y  0.4589  0.8735  0.1627
Z -0.2290 -0.0607  0.9715

PART 80
OFFSET  11.0576 -1.6993 -7.7515
X  0.9601  0.1254  0.2498
Y -0.1393  0.9895  0.0389
Z -0.2423 -0.0722  0.9675

PART 81
OFFSET  10.0163 -1.8352 -8.0224
X -0.7190 -0.6715 -0.1793
Y -0.6539  0.7410 -0.1529
Z  0.2356  0.0073 -0.9718

PART 82
OFFSET  6.3027 -8.1051 -11.7035
X -0.5599 -0.6811 -0.4718
Y -0.4274  0.7253 -0.5397
Z  0.7098 -0.1005 -0.6972

PART 83
OFFSET  10.5733 -4.3463 -5.9931
X -0.6366 -0.6014 -0.4827
Y  0.3982 -0.7924  0.4622
Z -0.6604  0.1021  0.7439

PART 84
OFFSET  11.6942 -3.2874 -5.1433
X  0.0032 -0.9800  0.1987
Y  0.7364  0.1368  0.6626
Z -0.6766  0.1442  0.7221

PART 85
OFFSET  11.6492 -2.0872 -5.3411
X  0.1946 -0.9429  0.2704
Y  0.7260  0.3239  0.6067
Z -0.6596  0.0783  0.7475

PART 86
OFFSET  11.4294 -1.0222 -5.6465
X -0.9042  0.0366 -0.4255
Y  0.1214  0.9772 -0.1741
Z  0.4094 -0.2091 -0.8881

PART 87
OFFSET  11.3141 -4.1673 -6.7930
X -0.1268 -0.9917  0.0218
Y  0.8811 -0.1025  0.4618
Z -0.4557  0.0778  0.8867

PART 88
OFFSET  11.5618 -2.2300 -6.8356
X  0.7999 -0.4059  0.4420
Y  0.4133  0.9067  0.0847
Z -0.4352  0.1150  0.8930

PART 89
OFFSET  10.3934 -1.6371 -7.4812
X  0.8966  0.1639  0.4114
Y -0.0757  0.9720 -0.2224
Z -0.4363  0.1682  0.8839

PART 90
OFFSET  9.3810 -1.8233 -7.9536
X -0.6112 -0.7573 -0.2299
Y -0.6658  0.6491 -0.3679
Z  0.4278 -0.0718 -0.9010

PART 91
OFFSET  7.0615 -5.0813 -10.0025
X -0.7774 -0.3172 -0.5432
Y -0.2054  0.9442 -0.2573
Z  0.5946 -0.0884 -0.7992

PART 92
OFFSET  6.9015 -5.4333 -8.8684
X -0.7774 -0.3172 -0.5432
Y -0.2054  0.9442 -0.2573
Z  0.5946 -0.0884 -0.7992

PART 93
OFFSET  7.3721 -6.6710 -8.6269
X -0.7774 -0.3172 -0.5432
Y -0.2054  0.9442 -0.2573
Z  0.5946 -0.0884 -0.7992

PART 94
OFFSET  0.0000 -0.0000 -0.0000
X  1.0000 -0.0000  0.0000
Y  0.0000  1.0000  0.0000
Z  0.0000 -0.0000  1.0000

PART 95
OFFSET -0.0000 -0.0000 -0.0000
X  0.9978  0.0000 -0.0666
Y  0.0036  0.9985  0.0544
Z  0.0665 -0.0545  0.9963

PART 96
OFFSET  1.8122 -0.2256  4.0178
X  0.9978  0.0000 -0.0666
Y  0.0036  0.9985  0.0544
Z  0.0665 -0.0545  0.9963


FRAME 807
PART 0
OFFSET  0.0000 -0.0000 -0.0000
X  1.0000 -0.0000  0.0000
Y  0.0000  1.0000  0.0000
Z  0.0000 -0.0000  1.0000

PART 1
OFFSET -7.6810 -0.0000 -1.3770
X  1.0000 -0.0000  0.0000
Y  0.0000  1.0000  0.0000
Z  0.0000 -0.0000  1.0000

PART 2
OFFSET -1.6489  5.2787 -5.1189
X  0.8181  0.2060 -0.5369
Y  0.1025 -0.9709 -0.2163
Z -0.5658  0.1219 -0.8155

PART 3
OFFSET  8.2455  7.7703 -11.6116
X  0.5054 -0.6077  0.6126
Y -0.8393 -0.1815  0.5124
Z -0.2002 -0.7732 -0.6018

PART 4
OFFSET  12.5441  2.6017 -6.4010
X  0.5054 -0.6077  0.6126
Y  0.1657  0.7651  0.6222
Z -0.8468 -0.2129  0.4874

PART 5
OFFSET  14.1754  3.3093 -4.7652
X  0.5109 -0.6045  0.6112
Y  0.2022  0.7756  0.5980
Z -0.8355 -0.1819  0.5185

PART 6
OFFSET  13.9651  1.6479 -6.8639
X  0.5109 -0.6045  0.6112
Y  0.2022  0.7756  0.5980
Z -0.8355 -0.1819  0.5185

PART 7
OFFSET  12.6656  2.3481 -3.6202
X  0.5109 -0.6045  0.6112
Y  0.2022  0.7756  0.5980
Z -0.8355 -0.1819  0.5185

PART 8
OFFSET  12.2394  1.1082 -4.6626
X  0.5109 -0.6045  0.6112
Y  0.2022  0.7756  0.5980
Z -0.8355 -0.1819  0.5185

PART 9
OFFSET  11.8717  0.1421 -5.9377
X  0.5109 -0.6045  0.6112
Y  0.2022  0.7756  0.5980
Z -0.8355 -0.1819  0.5185

PART 10
OFFSET  14.0935  0.7388 -4.5229
X  0.7356  0.0472  0.6758
Y -0.3088  0.9113  0.2725
Z -0.6029 -0.4091  0.6849

PART 11
OFFSET  13.8788  1.4714 -3.6747
X  0.5049  0.2946  0.8113
Y -0.1358  0.9554 -0.2624
Z -0.8524  0.0223  0.5224

PART 12
OFFSET  14.9074  2.2037 -1.9211
X  0.7576 -0.0926  0.6461
Y -0.0684  0.9732  0.2196
Z -0.6492 -0.2105  0.7309

PART 13
OFFSET  16.0618  1.9726 -0.8092
X  0.5559  0.2757  0.7842
Y -0.2151  0.9590 -0.1847
Z -0.8029 -0.0660  0.5924

PART 14
OFFSET  16.6225  2.2841  0.0628
X  0.8818  0.4435  0.1603
Y  0.3533 -0.3961 -0.8476
Z -0.3124  0.8040 -0.5059

PART 15
OFFSET  14.9247 -0.2797 -4.1044
X  0.7510 -0.4240  0.5062
Y -0.6585 -0.4233  0.6223
Z -0.0495 -0.8007 -0.5971

PART 16
OFFSET  16.5385 -1.1676 -2.8038
X -0.2450 -0.2588  0.9343
Y -0.8312  0.5522 -0.0650
Z -0.4992 -0.7925 -0.3504

PART 17
OFFSET  16.1917 -1.5340 -1.4809
X -0.7273  0.1927  0.6588
Y -0.4804  0.5426 -0.6891
Z -0.4902 -0.8176 -0.3020

PART 18
OFFSET  15.5469 -1.3632 -0.8968
X -0.8059  0.3001  0.5103
Y -0.2927  0.5472 -0.7841
Z -0.5146 -0.7813 -0.3532

PART 19
OFFSET  14.7812 -1.0781 -0.4121
X  0.8746 -0.4601  0.1530
Y  0.2326  0.1213 -0.9650
Z  0.4254  0.8796  0.2131

PART 20
OFFSET  14.9655  0.3934 -3.8703
X  0.7912 -0.2374  0.5635
Y -0.6038 -0.4496  0.6583
Z  0.0971 -0.8611 -0.4991

PART 21
OFFSET  17.0176 -0.2913 -2.4287
X -0.0099 -0.5172  0.8558
Y -0.9148  0.3502  0.2011
Z -0.4038 -0.7809 -0.4767

PART 22
OFFSET  17.0007 -1.1719 -0.9717
X -0.8449  0.1241  0.5203
Y -0.3601  0.5873 -0.7248
Z -0.3955 -0.7998 -0.4515

PART 23
OFFSET  15.8297 -1.0000 -0.2506
X -0.9073  0.2486  0.3390
Y -0.1573  0.5471 -0.8221
Z -0.3899 -0.7993 -0.4573

PART 24
OFFSET  14.8457 -0.7303  0.1171
X  0.8140 -0.5556  0.1694
Y  0.4081  0.3396 -0.8475
Z  0.4133  0.7590  0.5031

PART 25
OFFSET  15.5476  2.1118 -1.6399
X  0.5842 -0.2456  0.7736
Y  0.7781  0.4405 -0.4478
Z -0.2308  0.8635  0.4484

PART 26
OFFSET  16.9509  1.7620 -1.9387
X  0.6031 -0.5277  0.5981
Y -0.7818 -0.2426  0.5744
Z -0.1580 -0.8140 -0.5589

PART 27
OFFSET  18.0128  0.8328 -0.8857
X -0.2813 -0.5835  0.7618
Y -0.9544  0.2524 -0.1592
Z -0.0994 -0.7719 -0.6280

PART 28
OFFSET  17.6768  0.1703  0.0786
X -0.8681 -0.1414  0.4758
Y -0.4708  0.5381 -0.6991
Z -0.1572 -0.8309 -0.5337

PART 29
OFFSET  16.6962  0.0105  0.6160
X  0.6634 -0.6735  0.3261
Y  0.7004  0.4057 -0.5872
Z  0.2632  0.6180  0.7408

PART 30
OFFSET  17.0993  0.6950 -2.1835
X  0.2530 -0.5381  0.8040
Y -0.9512  0.0133  0.3082
Z -0.1766 -0.8428 -0.5085

PART 31
OFFSET  17.5935 -0.3562 -0.6129
X -0.8375 -0.1322  0.5302
Y -0.5024  0.5677 -0.6522
Z -0.2148 -0.8126 -0.5419

PART 32
OFFSET  16.3702 -0.5493  0.1615
X -0.9555  0.0401  0.2923
Y -0.2072  0.6141 -0.7616
Z -0.2101 -0.7882 -0.5784

PART 33
OFFSET  15.2867 -0.5099  0.4890
X  0.8784 -0.3726  0.2993
Y  0.4396  0.3841 -0.8119
Z  0.1876  0.8448  0.5012

PART 34
OFFSET  15.3354 -0.2479 -1.7939
X  0.0275 -0.8686 -0.4947
Y  0.6029  0.4091 -0.6849
Z  0.7973 -0.2795  0.5350

PART 35
OFFSET  14.3160  2.6379 -5.5468
X  0.5109 -0.6045  0.6112
Y  0.2108  0.7774  0.5926
Z -0.8334 -0.1740  0.5246

PART 36
OFFSET  13.9643  1.6487 -6.8626
X  0.5109 -0.6045  0.6112
Y  0.2108  0.7774  0.5926
Z -0.8334 -0.1740  0.5246

PART 37
OFFSET  12.4278  1.7726 -3.9905
X  0.5109 -0.6045  0.6112
Y  0.2108  0.7774  0.5926
Z -0.8334 -0.1740  0.5246

PART 38
OFFSET  11.9311  0.7697 -4.7381
X  0.5109 -0.6045  0.6112
Y  0.2108  0.7774  0.5926
Z -0.8334 -0.1740  0.5246

PART 39
OFFSET  12.4209  0.7085 -5.8299
X  0.5109 -0.6045  0.6112
Y  0.2108  0.7774  0.5926
Z -0.8334 -0.1740  0.5246

PART 40
OFFSET  10.9011 -2.5919 -5.5011
X  0.7133  0.4298  0.5536
Y -0.3569  0.9026 -0.2408
Z -0.6032 -0.0258  0.7972

PART 41
OFFSET  10.9011 -2.5919 -5.5011
X  0.7133  0.4298  0.5536
Y -0.3569  0.9026 -0.2408
Z -0.6032 -0.0258  0.7972

PART 42
OFFSET  11.9692 -2.2237 -2.6412
X  0.7133  0.4298  0.5536
Y -0.3569  0.9026 -0.2408
Z -0.6032 -0.0258  0.7972

PART 43
OFFSET  14.0502  0.3923  0.9403
X  0.7133  0.4298  0.5536
Y -0.3340  0.9029 -0.2706
Z -0.6162  0.0081  0.7876

PART 44
OFFSET  10.1051 -1.7701 -1.2417
X  0.7133  0.4298  0.5536
Y -0.3569  0.9026 -0.2408
Z -0.6032 -0.0258  0.7972

PART 45
OFFSET  6.4678 -3.6349 -2.8409
X  0.7133  0.4298  0.5536
Y -0.3569  0.9026 -0.2408
Z -0.6032 -0.0258  0.7972

PART 46
OFFSET  9.2023  1.7594 -6.0310
X  0.7133  0.4298  0.5536
Y -0.3569  0.9026 -0.2408
Z -0.6032 -0.0258  0.7972

PART 47
OFFSET  9.1209 -2.7050 -3.1197
X -0.4463  0.8876 -0.1140
Y -0.7133 -0.4298 -0.5536
Z -0.5404 -0.1657  0.8249

PART 48
OFFSET  8.9129 -2.2913 -3.1729
X -0.4475  0.8872 -0.1124
Y -0.7133 -0.4299 -0.5536
Z -0.5395 -0.1676  0.8252

PART 49
OFFSET  8.7042 -1.8777 -3.2253
X -0.4395  0.8896 -0.1245
Y -0.7132 -0.4299 -0.5536
Z -0.5460 -0.1545  0.8234

PART 50
OFFSET  8.4994 -1.4629 -3.2834
X -0.4097  0.8966 -0.1683
Y -0.7133 -0.4298 -0.5536
Z -0.5687 -0.1068  0.8156

PART 51
OFFSET  8.3184 -1.0437 -3.3763
X -0.3301  0.9028 -0.2756
Y -0.7132 -0.4298 -0.5537
Z -0.6184  0.0138  0.7857

PART 52
OFFSET  8.1645 -0.6229 -3.5047
X -0.0637  0.8263 -0.5596
Y -0.7131 -0.4299 -0.5537
Z -0.6981  0.3638  0.6167

PART 53
OFFSET  8.1377 -0.2745 -3.7406
X  0.3754  0.4330 -0.8195
Y -0.7131 -0.4298 -0.5538
Z -0.5920  0.7923  0.1474

PART 54
OFFSET  8.3136 -0.0716 -4.1247
X  0.5654  0.1145 -0.8169
Y -0.7131 -0.4298 -0.5538
Z -0.4145  0.8956 -0.1614

PART 55
OFFSET  8.5772 -0.0182 -4.5054
X  0.6065  0.0181 -0.7949
Y -0.7131 -0.4298 -0.5539
Z -0.3517  0.9027 -0.2478

PART 56
OFFSET  8.8599 -0.0098 -4.8761
X  0.6065  0.0176 -0.7949
Y -0.7132 -0.4298 -0.5537
Z -0.3514  0.9027 -0.2481

PART 57
OFFSET  9.1426 -0.0017 -5.2466
X  0.6065  0.0176 -0.7949
Y -0.7132 -0.4297 -0.5537
Z -0.3513  0.9028 -0.2481

PART 58
OFFSET  9.4254  0.0066 -5.6172
X  0.6065  0.0177 -0.7949
Y -0.7132 -0.4298 -0.5537
Z -0.3514  0.9028 -0.2480

PART 59
OFFSET  20.9491  5.4453  4.2674
X  0.4029  0.3949 -0.8257
Y -0.5223  0.8400  0.1469
Z  0.7516  0.3721  0.5447

PART 60
OFFSET  21.8877  3.0716  4.9008
X -0.6966  0.3479  0.6274
Y -0.1266  0.8012 -0.5848
Z -0.7062 -0.4869 -0.5141

PART 61
OFFSET -6.5551 -7.9373 -5.6959
X -0.5620  0.1179  0.8187
Y -0.2481 -0.9682 -0.0309
Z  0.7891 -0.2205  0.5734

PART 62
OFFSET  0.2412 -9.3630 -15.5974
X -0.7702 -0.3104 -0.5572
Y  0.6092 -0.0995 -0.7867
Z  0.1887 -0.9454  0.2657

PART 63
OFFSET  6.7923 -6.7233 -10.8584
X -0.7702 -0.3104 -0.5572
Y  0.6101 -0.1038 -0.7855
Z  0.1860 -0.9449  0.2693

PART 64
OFFSET  7.2368 -5.1334 -9.7769
X -0.7744 -0.3069 -0.5532
Y -0.1976  0.9480 -0.2494
Z  0.6010 -0.0838 -0.7948

PART 65
OFFSET  7.0648 -5.5025 -8.6443
X -0.7744 -0.3069 -0.5532
Y -0.1976  0.9480 -0.2494
Z  0.6010 -0.0838 -0.7948

PART 66
OFFSET  7.5006 -6.7205 -8.3903
X -0.7744 -0.3069 -0.5532
Y -0.1976  0.9480 -0.2494
Z  0.6010 -0.0838 -0.7948

PART 67
OFFSET  9.1536 -5.7719 -9.1503
X -0.5396 -0.4259 -0.7263
Y  0.7933  0.0318 -0.6080
Z  0.2821 -0.9042  0.3207

PART 68
OFFSET  8.5150 -5.2398 -8.3685
X  0.0570 -0.8603 -0.5066
Y  0.8665  0.2947 -0.4028
Z  0.4958 -0.4160  0.7623

PART 69
OFFSET  8.2778 -3.3896 -7.2776
X -0.6693 -0.6921 -0.2702
Y  0.6893 -0.4427 -0.5735
Z  0.2773 -0.5701  0.7734

PART 70
OFFSET  9.3684 -2.2348 -6.9622
X -0.9130 -0.1701  0.3707
Y -0.0563 -0.8477 -0.5275
Z  0.4040 -0.5025  0.7644

PART 71
OFFSET  10.3382 -2.0135 -7.3892
X -0.9451  0.0226 -0.3260
Y  0.2372  0.7336 -0.6368
Z  0.2248 -0.6792 -0.6987

PART 72
OFFSET  10.4026 -5.1947 -9.2516
X -0.8532 -0.4292 -0.2963
Y  0.3054 -0.8717  0.3832
Z -0.4227  0.2364  0.8749

PART 73
OFFSET  12.2207 -4.0891 -8.5055
X -0.2262 -0.9041 -0.3627
Y  0.9146 -0.3253  0.2404
Z -0.3353 -0.2773  0.9004

PART 74
OFFSET  12.5409 -2.8091 -7.9920
X  0.7558 -0.6492  0.0850
Y  0.5412  0.6925  0.4770
Z -0.3685 -0.3145  0.8748

PART 75
OFFSET  11.8708 -2.2335 -8.0674
X  0.9395 -0.0405  0.3401
Y -0.0525  0.9643  0.2596
Z -0.3385 -0.2618  0.9038

PART 76
OFFSET  10.9782 -2.1951 -8.3906
X -0.6367 -0.5365 -0.5539
Y -0.6869  0.7209  0.0913
Z  0.3503  0.4386 -0.8276

PART 77
OFFSET  10.0335 -5.2484 -8.6430
X -0.7430 -0.4231 -0.5186
Y  0.2571 -0.8958  0.3625
Z -0.6180  0.1360  0.7744

PART 78
OFFSET  12.0592 -4.1902 -7.4041
X -0.2718 -0.9580 -0.0916
Y  0.9362 -0.2852  0.2052
Z -0.2227 -0.0300  0.9744

PART 79
OFFSET  12.5220 -2.5592 -7.2482
X  0.8380 -0.5162  0.1771
Y  0.4912  0.8549  0.1671
Z -0.2377 -0.0530  0.9699

PART 80
OFFSET  11.3606 -1.8439 -7.4936
X  0.9626  0.0878  0.2564
Y -0.1012  0.9941  0.0395
Z -0.2514 -0.0640  0.9658

PART 81
OFFSET  10.3166 -1.9391 -7.7717
X -0.7432 -0.6430 -0.1851
Y -0.6237  0.7659 -0.1561
Z  0.2422 -0.0005 -0.9702

PART 82
OFFSET  6.3883 -8.0560 -11.4869
X -0.5827 -0.6583 -0.4766
Y -0.3955  0.7420 -0.5414
Z  0.7100 -0.1270 -0.6927

PART 83
OFFSET  10.7626 -4.4724 -5.7426
X -0.6562 -0.5758 -0.4878
Y  0.3642 -0.8078  0.4636
Z -0.6609  0.1266  0.7397

PART 84
OFFSET  11.9179 -3.4587 -4.8838
X -0.0360 -0.9797  0.1972
Y  0.7367  0.1074  0.6677
Z -0.6753  0.1693  0.7179

PART 85
OFFSET  11.9206 -2.2574 -5.0800
X  0.1562 -0.9500  0.2703
Y  0.7339  0.2948  0.6120
Z -0.6611  0.1027  0.7432

PART 86
OFFSET  11.7441 -1.1843 -5.3852
X -0.8993  0.0720 -0.4314
Y  0.1603  0.9720 -0.1717
Z  0.4070 -0.2236 -0.8857

PART 87
OFFSET  11.5151 -4.3211 -6.5372
X -0.1652 -0.9861  0.0194
Y  0.8733 -0.1371  0.4674
Z -0.4583  0.0942  0.8838

PART 88
OFFSET  11.8378 -2.3948 -6.5752
X  0.7806 -0.4371  0.4467
Y  0.4475  0.8899  0.0888
Z -0.4363  0.1306  0.8903

PART 89
OFFSET  10.6976 -1.7563 -7.2277
X  0.8995  0.1286  0.4176
Y -0.0366  0.9745 -0.2213
Z -0.4354  0.1838  0.8813

PART 90
OFFSET  9.6819 -1.9026 -7.7070
X -0.6385 -0.7328 -0.2352
Y -0.6378  0.6749 -0.3713
Z  0.4308 -0.0871 -0.8982

PART 91
OFFSET  7.2334 -5.1212 -9.7794
X -0.7744 -0.3072 -0.5532
Y -0.1953  0.9476 -0.2528
Z  0.6018 -0.0877 -0.7938

PART 92
OFFSET  7.0591 -5.4798 -8.6494
X -0.7744 -0.3072 -0.5532
Y -0.1953  0.9476 -0.2528
Z  0.6018 -0.0877 -0.7938

PART 93
OFFSET  7.5173 -6.7228 -8.4118
X -0.7744 -0.3072 -0.5532
Y -0.1953  0.9476 -0.2528
Z  0.6018 -0.0877 -0.7938

PART 94
OFFSET  0.0000 -0.0000 -0.0000
X  1.0000 -0.0000  0.0000
Y  0.0000  1.0000  0.0000
Z  0.0000 -0.0000  1.0000

PART 95
OFFSET -0.0000 -0.0000 -0.0000
X  0.9984 -0.0000 -0.0570
Y  0.0028  0.9988  0.0484
Z  0.0569 -0.0485  0.9972

PART 96
OFFSET  1.7735 -0.2005  4.0363
X  0.9984 -0.0000 -0.0570
Y  0.0028  0.9988  0.0484
Z  0.0569 -0.0485  0.9972


FRAME 808
PART 0
OFFSET  0.0000 -0.0000 -0.0000
X  1.0000 -0.0000  0.0000
Y  0.0000  1.0000  0.0000
Z  0.0000 -0.0000  1.0000

PART 1
OFFSET -7.6810 -0.0000 -1.3770
X  1.0000 -0.0000  0.0000
Y  0.0000  1.0000  0.0000
Z  0.0000 -0.0000  1.0000

PART 2
OFFSET -1.6489  5.2787 -5.1189
X  0.8396  0.1812 -0.5121
Y  0.0864 -0.9753 -0.2035
Z -0.5363  0.1266 -0.8345

PART 3
OFFSET  8.5052  7.4702 -11.3120
X  0.5152 -0.6039  0.6082
Y -0.8337 -0.1883  0.5192
Z -0.1991 -0.7745 -0.6004

PART 4
OFFSET  12.8868  2.3337 -6.1391
X  0.5152 -0.6039  0.6082
Y  0.1772  0.7693  0.6138
Z -0.8386 -0.2084  0.5034

PART 5
OFFSET  14.5259  3.0535 -4.5164
X  0.5206 -0.6007  0.6067
Y  0.2011  0.7769  0.5966
Z -0.8298 -0.1886  0.5253

PART 6
OFFSET  14.3114  1.3913 -6.6141
X  0.5206 -0.6007  0.6067
Y  0.2011  0.7769  0.5966
Z -0.8298 -0.1886  0.5253

PART 7
OFFSET  13.0332  2.0800 -3.3595
X  0.5206 -0.6007  0.6067
Y  0.2011  0.7769  0.5966
Z -0.8298 -0.1886  0.5253

PART 8
OFFSET  12.6081  0.8372 -4.3989
X  0.5206 -0.6007  0.6067
Y  0.2011  0.7769  0.5966
Z -0.8298 -0.1886  0.5253

PART 9
OFFSET  12.2376 -0.1313 -5.6713
X  0.5206 -0.6007  0.6067
Y  0.2011  0.7769  0.5966
Z -0.8298 -0.1886  0.5253

PART 10
OFFSET  14.4662  0.4823 -4.2746
X  0.7337  0.0199  0.6792
Y -0.2742  0.9232  0.2692
Z -0.6217 -0.3837  0.6828

PART 11
OFFSET  14.2763  1.2246 -3.4289
X  0.5123  0.2764  0.8131
Y -0.0971  0.9594 -0.2649
Z -0.8533  0.0567  0.5183

PART 12
OFFSET  15.3245  1.9200 -1.6719
X  0.7503 -0.1207  0.6499
Y -0.0313  0.9756  0.2173
Z -0.6603 -0.1834  0.7283

PART 13
OFFSET  16.4638  1.6465 -0.5540
X  0.5626  0.2555  0.7863
Y -0.1765  0.9662 -0.1876
Z -0.8077 -0.0332  0.5887

PART 14
OFFSET  17.0322  1.9377  0.3200
X  0.8977  0.4091  0.1636
Y  0.3415 -0.4114 -0.8451
Z -0.2784  0.8145 -0.5090

PART 15
OFFSET  15.2550 -0.5670 -3.8501
X  0.7315 -0.4519  0.5107
Y -0.6774 -0.3959  0.6200
Z -0.0780 -0.7994 -0.5957

PART 16
OFFSET  16.8267 -1.5144 -2.5399
X -0.2593 -0.2470  0.9337
Y -0.8086  0.5842 -0.0700
Z -0.5281 -0.7732 -0.3512

PART 17
OFFSET  16.4596 -1.8641 -1.2180
X -0.7222  0.2224  0.6549
Y -0.4556  0.5595 -0.6924
Z -0.5204 -0.7985 -0.3027

PART 18
OFFSET  15.8193 -1.6669 -0.6374
X -0.7960  0.3325  0.5058
Y -0.2674  0.5565 -0.7866
Z -0.5430 -0.7614 -0.3541

PART 19
OFFSET  15.0630 -1.3510 -0.1568
X  0.8552 -0.4936  0.1581
Y  0.2417  0.1100 -0.9641
Z  0.4584  0.8627  0.2134

PART 20
OFFSET  15.3209  0.1045 -3.6172
X  0.7787 -0.2669  0.5678
Y -0.6240 -0.4242  0.6563
Z  0.0657 -0.8653 -0.4969

PART 21
OFFSET  17.3379 -0.6567 -2.1643
X -0.0341 -0.5146  0.8568
Y -0.9014  0.3862  0.1960
Z -0.4317 -0.7656 -0.4770

PART 22
OFFSET  17.2798 -1.5327 -0.7057
X -0.8419  0.1581  0.5160
Y -0.3335  0.5993 -0.7277
Z -0.4243 -0.7847 -0.4518

PART 23
OFFSET  16.1131 -1.3136  0.0095
