// Export filename: `C:\projects\cod\t5\xanim_export\t5_viewmodels\m60\m60_ads_up.XANIM_EXPORT`
// Source filename: `D:\projects\devanim\t5\animation_assets\viewmodels\m60/viewmodel_m60_animated.fbx`
// Export time: Tue Jul 13 14:12:10 2010

ANIMATION
VERSION 3

NUMPARTS 2
PART 0 "tag_view"
PART 1 "tag_torso"

FRAMERATE 30
NUMFRAMES 14

FRAME 600
PART 0
OFFSET  0.0000 -0.0000 -0.0000
X  1.0000 -0.0000  0.0000
Y  0.0000  1.0000  0.0000
Z  0.0000 -0.0000  1.0000

PART 1
OFFSET -7.6810 -0.0000 -1.3770
X  1.0000  0.0000  0.0000
Y -0.0000  1.0000  0.0000
Z  0.0000 -0.0000  1.0000


FRAME 601
PART 0
OFFSET  0.0000 -0.0000 -0.0000
X  1.0000 -0.0000  0.0000
Y  0.0000  1.0000  0.0000
Z  0.0000 -0.0000  1.0000

PART 1
OFFSET -7.8823  0.2235 -1.4114
X  1.0000 -0.0002 -0.0017
Y  0.0002  0.9996 -0.0293
Z  0.0017  0.0293  0.9996


FRAME 602
PART 0
OFFSET  0.0000 -0.0000 -0.0000
X  1.0000 -0.0000  0.0000
Y  0.0000  1.0000  0.0000
Z  0.0000 -0.0000  1.0000

PART 1
OFFSET -8.0869  0.4445 -1.4392
X  1.0000 -0.0008 -0.0058
Y  0.0004  0.9980 -0.0627
Z  0.0058  0.0627  0.9980


FRAME 603
PART 0
OFFSET  0.0000 -0.0000 -0.0000
X  1.0000 -0.0000  0.0000
Y  0.0000  1.0000  0.0000
Z  0.0000 -0.0000  1.0000

PART 1
OFFSET -8.2925  0.6692 -1.4522
X  0.9999 -0.0015 -0.0108
Y  0.0005  0.9956 -0.0939
Z  0.0109  0.0939  0.9955


FRAME 604
PART 0
OFFSET  0.0000 -0.0000 -0.0000
X  1.0000 -0.0000  0.0000
Y  0.0000  1.0000  0.0000
Z  0.0000 -0.0000  1.0000

PART 1
OFFSET -8.4968  0.9043 -1.4455
X  0.9999 -0.0021 -0.0149
Y  0.0003  0.9931 -0.1170
Z  0.0150  0.1170  0.9930


FRAME 605
PART 0
OFFSET  0.0000 -0.0000 -0.0000
X  1.0000 -0.0000  0.0000
Y  0.0000  1.0000  0.0000
Z  0.0000 -0.0000  1.0000

PART 1
OFFSET -8.6980  1.1565 -1.4130
X  0.9999 -0.0024 -0.0166
Y  0.0003  0.9920 -0.1261
Z  0.0168  0.1261  0.9919


FRAME 606
PART 0
OFFSET  0.0000 -0.0000 -0.0000
X  1.0000 -0.0000  0.0000
Y  0.0000  1.0000  0.0000
Z  0.0000 -0.0000  1.0000

PART 1
OFFSET -8.9176  1.4542 -1.3511
X  0.9999 -0.0023 -0.0156
Y  0.0004  0.9927 -0.1207
Z  0.0158  0.1207  0.9926


FRAME 607
PART 0
OFFSET  0.0000 -0.0000 -0.0000
X  1.0000 -0.0000  0.0000
Y  0.0000  1.0000  0.0000
Z  0.0000 -0.0000  1.0000

PART 1
OFFSET -9.1661  1.8034 -1.2664
X  0.9999 -0.0020 -0.0130
Y  0.0006  0.9943 -0.1065
Z  0.0131  0.1065  0.9942


FRAME 608
PART 0
OFFSET  0.0000 -0.0000 -0.0000
X  1.0000 -0.0000  0.0000
Y  0.0000  1.0000  0.0000
Z  0.0000 -0.0000  1.0000

PART 1
OFFSET -9.4257  2.1766 -1.1676
X  1.0000 -0.0016 -0.0094
Y  0.0008  0.9963 -0.0863
Z  0.0095  0.0863  0.9962


FRAME 609
PART 0
OFFSET  0.0000 -0.0000 -0.0000
X  1.0000 -0.0000  0.0000
Y  0.0000  1.0000  0.0000
Z  0.0000 -0.0000  1.0000

PART 1
OFFSET -9.6781  2.5456 -1.0649
X  1.0000 -0.0012 -0.0052
Y  0.0009  0.9980 -0.0632
Z  0.0053  0.0632  0.9980


FRAME 610
PART 0
OFFSET  0.0000 -0.0000 -0.0000
X  1.0000 -0.0000  0.0000
Y  0.0000  1.0000  0.0000
Z  0.0000 -0.0000  1.0000

PART 1
OFFSET -9.9057  2.8819 -0.9673
X  1.0000 -0.0008 -0.0010
Y  0.0008  0.9992 -0.0400
Z  0.0010  0.0400  0.9992


FRAME 611
PART 0
OFFSET  0.0000 -0.0000 -0.0000
X  1.0000 -0.0000  0.0000
Y  0.0000  1.0000  0.0000
Z  0.0000 -0.0000  1.0000

PART 1
OFFSET -10.0902  3.1566 -0.8852
X  1.0000 -0.0004  0.0027
Y  0.0005  0.9998 -0.0198
Z -0.0027  0.0198  0.9998


FRAME 612
PART 0
OFFSET  0.0000 -0.0000 -0.0000
X  1.0000 -0.0000  0.0000
Y  0.0000  1.0000  0.0000
Z  0.0000 -0.0000  1.0000

PART 1
OFFSET -10.2140  3.3422 -0.8283
X  1.0000 -0.0001  0.0053
Y  0.0001  1.0000 -0.0054
Z -0.0053  0.0054  1.0000


FRAME 613
PART 0
OFFSET  0.0000 -0.0000 -0.0000
X  1.0000 -0.0000  0.0000
Y  0.0000  1.0000  0.0000
Z  0.0000 -0.0000  1.0000

PART 1
OFFSET -10.2593  3.4104 -0.8071
X  1.0000 -0.0000  0.0063
Y -0.0000  1.0000  0.0000
Z -0.0063 -0.0000  1.0000


NUMKEYS 0
