// Export filename: `C:\projects\cod\t5\xanim_export\t5_viewmodels\m60\m60_grip_sprint_out.XANIM_EXPORT`
// Source filename: `D:\projects\devanim\t5\animation_assets\viewmodels\m60\viewmodel_m60_animated.fbx`
// Export time: Wed Jul 28 22:13:35 2010

ANIMATION
VERSION 3

NUMPARTS 97
PART 0 "tag_ads"
PART 1 "tag_torso"
PART 2 "J_Shoulder_LE"
PART 3 "J_Elbow_LE"
PART 4 "J_WristTwist_LE"
PART 5 "J_Sleave_Reshape_Bottom_LE_1"
PART 6 "J_Sleave_Reshape_Bottom_LE_2"
PART 7 "J_Sleave_Reshape_Top_LE_1"
PART 8 "J_Sleave_Reshape_Top_LE_2"
PART 9 "J_Sleave_Reshape_Top_LE_3"
PART 10 "J_Wrist_LE"
PART 11 "J_Thumb_LE_0"
PART 12 "J_Thumb_LE_1"
PART 13 "J_Thumb_LE_2"
PART 14 "J_Thumb_LE_3"
PART 15 "J_PinkyPalm_LE"
PART 16 "J_Pinky_LE_0"
PART 17 "J_Pinky_LE_1"
PART 18 "J_Pinky_LE_2"
PART 19 "J_Pinky_LE_3"
PART 20 "J_RingPalm_LE"
PART 21 "J_Ring_LE_0"
PART 22 "J_Ring_LE_1"
PART 23 "J_Ring_LE_2"
PART 24 "J_Ring_LE_3"
PART 25 "J_Webbing_LE"
PART 26 "J_Index_LE_0"
PART 27 "J_Index_LE_1"
PART 28 "J_Index_LE_2"
PART 29 "J_Index_LE_3"
PART 30 "J_Mid_LE_0"
PART 31 "J_Mid_LE_1"
PART 32 "J_Mid_LE_2"
PART 33 "J_Mid_LE_3"
PART 34 "tag_knife_attach"
PART 35 "D_Sleave_Reshape_Bottom_LE_1"
PART 36 "D_Sleave_Reshape_Bottom_LE_2"
PART 37 "D_Sleave_Reshape_Top_LE_1"
PART 38 "D_Sleave_Reshape_Top_LE_2"
PART 39 "D_Sleave_Reshape_Top_LE_3"
PART 40 "tag_weapon"
PART 41 "J_Gun"
PART 42 "J_Bolt"
PART 43 "J_Handle"
PART 44 "J_Reload_Cover"
PART 45 "TAG_IRON_SIGHTS"
PART 46 "TAG_CLIP"
PART 47 "J_Bullets0"
PART 48 "J_Bullets1"
PART 49 "J_Bullets2"
PART 50 "J_Bullets3"
PART 51 "J_Bullets4"
PART 52 "J_Bullets5"
PART 53 "J_Bullets6"
PART 54 "J_Bullets7"
PART 55 "J_Bullets8"
PART 56 "J_Bullets9"
PART 57 "J_Bullets10"
PART 58 "J_Bullets11"
PART 59 "J_Pod_Left"
PART 60 "J_Pod_Right"
PART 61 "J_Shoulder_RI"
PART 62 "J_Elbow_RI"
PART 63 "J_WristTwist_RI"
PART 64 "J_Sleave_Reshape_Top_RI_3"
PART 65 "J_Sleave_Reshape_Top_RI_2"
PART 66 "J_Sleave_Reshape_Top_RI_1"
PART 67 "J_Wrist_RI"
PART 68 "J_Thumb_RI_0"
PART 69 "J_Thumb_RI_1"
PART 70 "J_Thumb_RI_2"
PART 71 "J_Thumb_RI_3"
PART 72 "J_PinkyPalm_RI"
PART 73 "J_Pinky_RI_0"
PART 74 "J_Pinky_RI_1"
PART 75 "J_Pinky_RI_2"
PART 76 "J_Pinky_RI_3"
PART 77 "J_RingPalm_RI"
PART 78 "J_Ring_RI_0"
PART 79 "J_Ring_RI_1"
PART 80 "J_Ring_RI_2"
PART 81 "J_Ring_RI_3"
PART 82 "J_Webbing_RI"
PART 83 "J_Index_RI_0"
PART 84 "J_Index_RI_1"
PART 85 "J_Index_RI_2"
PART 86 "J_Index_RI_3"
PART 87 "J_Mid_RI_0"
PART 88 "J_Mid_RI_1"
PART 89 "J_Mid_RI_2"
PART 90 "J_Mid_RI_3"
PART 91 "D_Sleave_Reshape_Top_RI_3"
PART 92 "D_Sleave_Reshape_Top_RI_2"
PART 93 "D_Sleave_Reshape_Top_RI_1"
PART 94 "tag_cambone"
PART 95 "tag_camera"
PART 96 "tag_gasmask"

FRAMERATE 30
NUMFRAMES 11

FRAME 1740
PART 0
OFFSET  0.0000 -0.0000 -0.0000
X  1.0000 -0.0000  0.0000
Y  0.0000  1.0000  0.0000
Z  0.0000 -0.0000  1.0000

PART 1
OFFSET -7.6810 -0.0000 -1.3770
X  1.0000 -0.0000  0.0000
Y  0.0000  1.0000  0.0000
Z  0.0000 -0.0000  1.0000

PART 2
OFFSET -1.6489  5.2787 -5.1189
X  0.6168  0.6405 -0.4576
Y -0.1244 -0.4948 -0.8601
Z -0.7772  0.5874 -0.2255

PART 3
OFFSET  5.8104  13.0243 -10.6530
X  0.4862 -0.8592 -0.1593
Y -0.7145 -0.4958  0.4937
Z -0.5032 -0.1262 -0.8549

PART 4
OFFSET  9.9453  5.7162 -12.0077
X  0.4862 -0.8592 -0.1593
Y  0.7714  0.3363  0.5403
Z -0.4107 -0.3855  0.8263

PART 5
OFFSET  12.0304  5.0777 -10.9672
X  0.4917 -0.8559 -0.1599
Y  0.5101  0.1344  0.8496
Z -0.7057 -0.4993  0.5026

PART 6
OFFSET  10.9682  5.3753 -13.4142
X  0.4917 -0.8559 -0.1599
Y  0.5101  0.1344  0.8496
Z -0.7057 -0.4993  0.5026

PART 7
OFFSET  10.6559  3.5781 -10.3537
X  0.4917 -0.8559 -0.1599
Y  0.5101  0.1344  0.8496
Z -0.7057 -0.4993  0.5026

PART 8
OFFSET  9.7314  3.4292 -11.7424
X  0.4917 -0.8559 -0.1599
Y  0.5101  0.1344  0.8496
Z -0.7057 -0.4993  0.5026

PART 9
OFFSET  8.8690  3.6398 -13.1233
X  0.4917 -0.8559 -0.1599
Y  0.5101  0.1344  0.8496
Z -0.7057 -0.4993  0.5026

PART 10
OFFSET  11.4357  3.0820 -12.4960
X  0.8417  0.2795  0.4620
Y -0.5344  0.3080  0.7871
Z  0.0777 -0.9094  0.4086

PART 11
OFFSET  11.3306  3.1316 -11.3607
X  0.4148 -0.1545  0.8967
Y -0.6578  0.6300  0.4128
Z -0.6287 -0.7611  0.1597

PART 12
OFFSET  12.1250  2.8187 -9.3756
X  0.9318 -0.2600  0.2534
Y -0.1995  0.2167  0.9556
Z -0.3034 -0.9410  0.1501

PART 13
OFFSET  13.6071  2.2807 -9.0067
X  0.5277 -0.5017 -0.6855
Y  0.6701 -0.2501  0.6989
Z -0.5220 -0.8281  0.2042

PART 14
OFFSET  14.1653  1.6961 -9.7267
X  0.8630  0.1101 -0.4931
Y -0.1087  0.9936  0.0316
Z  0.4934  0.0264  0.8694

PART 15
OFFSET  12.7359  2.8050 -12.8652
X  0.9979  0.0353  0.0535
Y  0.0138 -0.9335  0.3583
Z  0.0626 -0.3569 -0.9321

PART 16
OFFSET  14.9707  2.8218 -12.5653
X  0.2743 -0.6750  0.6849
Y -0.9272 -0.3745  0.0022
Z  0.2550 -0.6357 -0.7286

PART 17
OFFSET  15.3590  1.8661 -11.5957
X -0.7106 -0.6340  0.3050
Y -0.6405  0.4037 -0.6533
Z  0.2911 -0.6596 -0.6930

PART 18
OFFSET  14.7289  1.3039 -11.3253
X -0.9671 -0.1551 -0.2017
Y  0.0117  0.7647 -0.6443
Z  0.2542 -0.6255 -0.7377

PART 19
OFFSET  13.8102  1.1565 -11.5169
X  0.6956 -0.2709  0.6654
Y  0.6633  0.5981 -0.4498
Z -0.2761  0.7543  0.5957

PART 20
OFFSET  12.5550  3.1982 -12.2976
X  0.9656  0.1660  0.2004
Y  0.0839 -0.9276  0.3641
Z  0.2463 -0.3348 -0.9095

PART 21
OFFSET  15.0828  3.5896 -11.8333
X  0.0994 -0.7851  0.6114
Y -0.9710 -0.2108 -0.1128
Z  0.2174 -0.5824 -0.7833

PART 22
OFFSET  15.2520  2.2530 -10.7925
X -0.8388 -0.5206  0.1595
Y -0.4940  0.6043 -0.6251
Z  0.2291 -0.6031 -0.7641

PART 23
OFFSET  14.0896  1.5315 -10.5715
X -0.7038  0.4396 -0.5580
Y  0.6710  0.6692 -0.3192
Z  0.2331 -0.5991 -0.7660

PART 24
OFFSET  13.3262  2.0082 -11.1767
X  0.2048 -0.7719  0.6019
Y  0.9425  0.3215  0.0915
Z -0.2641  0.5485  0.7933

PART 25
OFFSET  13.2235  3.9454 -9.6029
X  0.9169 -0.0494  0.3961
Y  0.1494  0.9627 -0.2256
Z -0.3702  0.2660  0.8901

PART 26
OFFSET  14.2834  4.7415 -10.2539
X  0.3247 -0.8012  0.5027
Y -0.9403 -0.3308  0.0801
Z  0.1021 -0.4987 -0.8607

PART 27
OFFSET  14.8550  3.3310 -9.3688
X -0.9259 -0.3775 -0.0116
Y -0.3218  0.8047 -0.4989
Z  0.1977 -0.4582 -0.8666

PART 28
OFFSET  13.7173  2.8999 -9.3303
X -0.7223  0.5762 -0.3824
Y  0.6872  0.6596 -0.3043
Z  0.0770 -0.4826 -0.8724

PART 29
OFFSET  12.9014  3.5507 -9.7623
X -0.3636 -0.9188  0.1538
Y  0.8777 -0.2826  0.3870
Z -0.3121  0.2757  0.9092

PART 30
OFFSET  14.7873  4.2145 -11.0838
X  0.0135 -0.8157  0.5783
Y -0.9646 -0.1629 -0.2072
Z  0.2632 -0.5550 -0.7891

PART 31
OFFSET  14.8137  2.6209 -9.9540
X -0.9225 -0.3850 -0.0278
Y -0.3016  0.7638 -0.5707
Z  0.2409 -0.5181 -0.8207

PART 32
OFFSET  13.4663  2.0586 -9.9946
X -0.5755  0.6261 -0.5261
Y  0.7778  0.6178 -0.1155
Z  0.2527 -0.4757 -0.8426

PART 33
OFFSET  12.8157  2.7639 -10.5963
X -0.0717 -0.8443  0.5310
Y  0.9818  0.0341  0.1867
Z -0.1757  0.5348  0.8265

PART 34
OFFSET  14.1241  2.2881 -11.0449
X  0.2007 -0.3872 -0.8999
Y -0.0777  0.9094 -0.4086
Z  0.9766  0.1520  0.1524

PART 35
OFFSET  11.8302  5.1528 -11.9850
X  0.4918 -0.8559 -0.1599
Y  0.5120  0.1358  0.8482
Z -0.7043 -0.4990  0.5050

PART 36
OFFSET  10.9679  5.3751 -13.4135
X  0.4918 -0.8559 -0.1599
Y  0.5120  0.1358  0.8482
Z -0.7043 -0.4990  0.5050

PART 37
OFFSET  10.2156  3.4288 -10.9092
X  0.4918 -0.8559 -0.1599
Y  0.5120  0.1358  0.8482
Z -0.7043 -0.4990  0.5050

PART 38
OFFSET  9.3463  3.2402 -11.9194
X  0.4918 -0.8559 -0.1599
Y  0.5120  0.1358  0.8482
Z -0.7043 -0.4990  0.5050

PART 39
OFFSET  9.5400  3.9693 -12.8502
X  0.4918 -0.8559 -0.1599
Y  0.5120  0.1358  0.8482
Z -0.7043 -0.4990  0.5050

PART 40
OFFSET  7.5625  0.0002 -6.7036
X  0.7770  0.5588 -0.2898
Y -0.6022  0.5257 -0.6008
Z -0.1833  0.6414  0.7450

PART 41
OFFSET  7.5625  0.0002 -6.7036
X  0.7770  0.5588 -0.2898
Y -0.6022  0.5257 -0.6008
Z -0.1833  0.6414  0.7450

PART 42
OFFSET  9.6538  2.0541 -5.7746
X  0.7770  0.5588 -0.2898
Y -0.6022  0.5257 -0.6008
Z -0.1833  0.6414  0.7450

PART 43
OFFSET  12.4950  5.9883 -6.4046
X  0.7770  0.5588 -0.2898
Y -0.4673  0.2036 -0.8603
Z -0.4217  0.8039  0.4193

PART 44
OFFSET  8.5214  3.6701 -4.4533
X  0.7771  0.5587 -0.2898
Y -0.6021  0.5258 -0.6008
Z -0.1834  0.6414  0.7450

PART 45
OFFSET  5.0173  1.8983 -2.4921
X  0.7771  0.5587 -0.2898
Y -0.6021  0.5258 -0.6008
Z -0.1834  0.6414  0.7450

PART 46
OFFSET  4.9496  2.9691 -9.2449
X  0.7770  0.5588 -0.2898
Y -0.6022  0.5257 -0.6008
Z -0.1833  0.6414  0.7450

PART 47
OFFSET  7.0413  1.8871 -4.4630
X -0.6233  0.6190 -0.4778
Y -0.7770 -0.5588  0.2898
Z -0.0876  0.5519  0.8293

PART 48
OFFSET  6.7507  2.1757 -4.6857
X -0.6236  0.6201 -0.4760
Y -0.7770 -0.5588  0.2899
Z -0.0862  0.5506  0.8303

PART 49
OFFSET  6.4600  2.4648 -4.9076
X -0.6223  0.6120 -0.4881
Y -0.7770 -0.5588  0.2899
Z -0.0954  0.5597  0.8232

PART 50
OFFSET  6.1699  2.7501 -5.1353
X -0.6162  0.5812 -0.5315
Y -0.7770 -0.5588  0.2898
Z -0.1285  0.5916  0.7960

PART 51
OFFSET  5.8826  3.0211 -5.3830
X -0.5936  0.4970 -0.6329
Y -0.7769 -0.5590  0.2897
Z -0.2098  0.6637  0.7179

PART 52
OFFSET  5.6059  3.2528 -5.6780
X -0.4653  0.1997 -0.8623
Y -0.7769 -0.5590  0.2898
Z -0.4242  0.8048  0.4153

PART 53
OFFSET  5.4097  3.3370 -6.0415
X -0.1100 -0.3325 -0.9366
Y -0.7769 -0.5590  0.2897
Z -0.6200  0.7595 -0.1969

PART 54
OFFSET  5.3582  3.1812 -6.4804
X  0.1235 -0.5865 -0.8005
Y -0.7769 -0.5590  0.2897
Z -0.6174  0.5861 -0.5247

PART 55
OFFSET  5.4157  2.9078 -6.8536
X  0.1889 -0.6457 -0.7398
Y -0.7769 -0.5591  0.2896
Z -0.6007  0.5200 -0.6073

PART 56
OFFSET  5.5037  2.6067 -7.1985
X  0.1890 -0.6461 -0.7395
Y -0.7769 -0.5590  0.2898
Z -0.6006  0.5198 -0.6075

PART 57
OFFSET  5.5919  2.3056 -7.5432
X  0.1890 -0.6461 -0.7395
Y -0.7770 -0.5589  0.2897
Z -0.6005  0.5199 -0.6076

PART 58
OFFSET  5.6799  2.0044 -7.8880
X  0.1889 -0.6460 -0.7396
Y -0.7770 -0.5589  0.2897
Z -0.6005  0.5199 -0.6075

PART 59
OFFSET  18.9475  10.6227 -11.0078
X -0.0807 -0.3682 -0.9262
Y -0.5685  0.7803 -0.2606
Z  0.8187  0.5056 -0.2723

PART 60
OFFSET  20.5312  9.2400 -9.4277
X -0.4149  0.8009  0.4317
Y -0.5264  0.1757 -0.8319
Z -0.7421 -0.5724  0.3487

PART 61
OFFSET -6.5551 -7.9373 -5.6959
X -0.5854  0.0911  0.8056
Y -0.1500 -0.9887  0.0028
Z  0.7967 -0.1192  0.5924

PART 62
OFFSET  0.5248 -9.0392 -15.4388
X -0.3963 -0.3970 -0.8278
Y  0.8753  0.1087 -0.4712
Z  0.2771 -0.9113  0.3044

PART 63
OFFSET  3.8957 -5.6622 -8.3978
X -0.3963 -0.3970 -0.8278
Y  0.8066  0.2801 -0.5205
Z  0.4385 -0.8740  0.2093

PART 64
OFFSET  3.5059 -4.1397 -7.2038
X -0.4024 -0.3950 -0.8259
Y -0.2898  0.9107 -0.2943
Z  0.8684  0.1209 -0.4809

PART 65
OFFSET  2.9897 -4.6543 -6.2460
X -0.4024 -0.3950 -0.8259
Y -0.2898  0.9107 -0.2943
Z  0.8684  0.1209 -0.4809

PART 66
OFFSET  3.5531 -5.7805 -5.8558
X -0.4024 -0.3950 -0.8259
Y -0.2898  0.9107 -0.2943
Z  0.8684  0.1209 -0.4809

PART 67
OFFSET  5.1107 -4.4449 -5.8600
X -0.6991 -0.7064  0.1106
Y  0.4305 -0.5393 -0.7237
Z  0.5709 -0.4583  0.6811

PART 68
OFFSET  4.7753 -3.4185 -5.4910
X  0.0090 -0.9622  0.2721
Y  0.5291 -0.2263 -0.8178
Z  0.8485  0.1514  0.5071

PART 69
OFFSET  4.6558 -1.3280 -6.0249
X -0.5644 -0.5519  0.6139
Y  0.4510 -0.8290 -0.3307
Z  0.6914  0.0902  0.7168

PART 70
OFFSET  5.5163 -0.4965 -7.1159
X -0.6103  0.3008  0.7329
Y -0.1037 -0.9475  0.3026
Z  0.7854  0.1086  0.6094

PART 71
OFFSET  6.1421 -0.8106 -7.9414
X -0.9763 -0.0430  0.2119
Y -0.2132  0.0273 -0.9766
Z  0.0362 -0.9987 -0.0358

PART 72
OFFSET  6.0478 -4.3321 -6.8662
X -0.7926 -0.3532  0.4971
Y  0.6080 -0.3958  0.6882
Z -0.0463  0.8477  0.5285

PART 73
OFFSET  7.7473 -3.3665 -7.9905
X -0.1731 -0.8427  0.5097
Y  0.9745 -0.2215 -0.0353
Z  0.1427  0.4906  0.8596

PART 74
OFFSET  7.9923 -2.1734 -8.7121
X  0.8332 -0.5274  0.1664
Y  0.5420  0.7189 -0.4352
Z  0.1099  0.4528  0.8848

PART 75
OFFSET  7.2536 -1.7058 -8.8597
X  0.9819  0.0427 -0.1845
Y -0.1294  0.8623 -0.4895
Z  0.1382  0.5045  0.8523

PART 76
OFFSET  6.3208 -1.7463 -8.6844
X -0.6898 -0.6469  0.3252
Y -0.7121  0.6873 -0.1431
Z -0.1309 -0.3303 -0.9348

PART 77
OFFSET  5.9952 -3.8823 -6.3144
X -0.7893 -0.5247  0.3189
Y  0.5658 -0.4197  0.7098
Z -0.2386  0.7406  0.6281

PART 78
OFFSET  8.0916 -2.6396 -7.2196
X -0.0817 -0.6851  0.7238
Y  0.9700 -0.2215 -0.1002
Z  0.2290  0.6939  0.6827

PART 79
OFFSET  8.2307 -1.4731 -8.4519
X  0.9189 -0.3851  0.0853
Y  0.3283  0.6269 -0.7066
Z  0.2186  0.6773  0.7025

PART 80
OFFSET  6.9571 -0.9395 -8.5702
X  0.9367  0.0642 -0.3442
Y -0.2786  0.7319 -0.6219
Z  0.2120  0.6784  0.7034

PART 81
OFFSET  5.9412 -1.0091 -8.1969
X -0.5979 -0.4373  0.6718
Y -0.7740  0.5330 -0.3418
Z -0.2086 -0.7244 -0.6571

PART 82
OFFSET  2.1431 -7.1747 -4.4225
X -0.5823 -0.6878  0.4335
Y -0.7322  0.2119 -0.6474
Z  0.3534 -0.6943 -0.6269

PART 83
OFFSET  7.7222 -1.4559 -5.4920
X -0.6686 -0.6250  0.4028
Y  0.6847 -0.3063  0.6614
Z -0.2900  0.7180  0.6327

PART 84
OFFSET  8.8994 -0.3554 -6.2012
X  0.2510 -0.5387  0.8042
Y  0.9123  0.4093 -0.0105
Z -0.3236  0.7363  0.5942

PART 85
OFFSET  8.5747  0.3442 -7.1428
X  0.4457 -0.5011  0.7418
Y  0.8480  0.5017 -0.1706
Z -0.2867  0.7051  0.6485

PART 86
OFFSET  8.0713  0.9102 -7.9807
X -0.9913 -0.0915  0.0949
Y -0.1291  0.5292 -0.8386
Z  0.0265 -0.8436 -0.5364

PART 87
OFFSET  8.0122 -2.0341 -6.3876
X  0.0690 -0.6455  0.7606
Y  0.9967  0.0777 -0.0245
Z -0.0432  0.7598  0.6488

PART 88
OFFSET  7.8774 -0.7730 -7.8734
X  0.9690 -0.1299  0.2104
Y  0.2455  0.6047 -0.7577
Z -0.0288  0.7858  0.6178

PART 89
OFFSET  6.4621 -0.5833 -8.1807
X  0.9429  0.2211 -0.2491
Y -0.3305  0.5279 -0.7824
Z -0.0415  0.8200  0.5708

PART 90
OFFSET  5.3943 -0.8392 -7.9031
X -0.5093 -0.5591  0.6542
Y -0.8606  0.3221 -0.3946
Z  0.0099 -0.7640 -0.6452

PART 91
OFFSET  3.5010 -4.1283 -7.2073
X -0.4023 -0.3952 -0.8258
Y -0.2885  0.9108 -0.2953
Z  0.8689  0.1195 -0.4804

PART 92
OFFSET  2.9815 -4.6327 -6.2527
X -0.4023 -0.3952 -0.8258
Y -0.2885  0.9108 -0.2953
Z  0.8689  0.1195 -0.4804

PART 93
OFFSET  3.5770 -5.7770 -5.8687
X -0.4023 -0.3952 -0.8258
Y -0.2885  0.9108 -0.2953
Z  0.8689  0.1195 -0.4804

PART 94
OFFSET  0.0000 -0.0000 -0.0000
X  1.0000 -0.0000  0.0000
Y  0.0000  1.0000  0.0000
Z  0.0000 -0.0000  1.0000

PART 95
OFFSET  0.0000 -0.0000 -0.0000
X  1.0000 -0.0000  0.0000
Y  0.0000  1.0000  0.0000
Z  0.0000 -0.0000  1.0000

PART 96
OFFSET  1.5404 -0.0000  4.1357
X  1.0000 -0.0000  0.0000
Y  0.0000  1.0000  0.0000
Z  0.0000 -0.0000  1.0000


FRAME 1741
PART 0
OFFSET  0.0000 -0.0000 -0.0000
X  1.0000 -0.0000  0.0000
Y  0.0000  1.0000  0.0000
Z  0.0000 -0.0000  1.0000

PART 1
OFFSET -7.6810 -0.0000 -1.3770
X  1.0000 -0.0000  0.0000
Y  0.0000  1.0000  0.0000
Z  0.0000 -0.0000  1.0000

PART 2
OFFSET -1.6489  5.2787 -5.1189
X  0.6204  0.6295 -0.4678
Y -0.1211 -0.5125 -0.8501
Z -0.7749  0.5841 -0.2417

PART 3
OFFSET  5.8544  12.8912 -10.7768
X  0.4920 -0.8587 -0.1436
Y -0.7133 -0.4921  0.4991
Z -0.4992 -0.1431 -0.8546

PART 4
OFFSET  10.0392  5.5879 -11.9980
X  0.4920 -0.8587 -0.1436
Y  0.7346  0.3209  0.5979
Z -0.4673 -0.3996  0.7886

PART 5
OFFSET  12.1242  4.9792 -10.9397
X  0.4976 -0.8553 -0.1442
Y  0.5061  0.1512  0.8491
Z -0.7045 -0.4955  0.5081

PART 6
OFFSET  11.0694  5.2307 -13.3950
X  0.4976 -0.8553 -0.1442
Y  0.5061  0.1512  0.8491
Z -0.7045 -0.4955  0.5081

PART 7
OFFSET  10.7566  3.4812 -10.3070
X  0.4976 -0.8553 -0.1442
Y  0.5061  0.1512  0.8491
Z -0.7045 -0.4955  0.5081

PART 8
OFFSET  9.8383  3.3042 -11.6965
X  0.4976 -0.8553 -0.1442
Y  0.5061  0.1512  0.8491
Z -0.7045 -0.4955  0.5081

PART 9
OFFSET  8.9798  3.4871 -13.0838
X  0.4976 -0.8553 -0.1442
Y  0.5061  0.1512  0.8491
Z -0.7045 -0.4955  0.5081

PART 10
OFFSET  11.5475  2.9555 -12.4381
X  0.8470  0.2494  0.4695
Y -0.5286  0.3016  0.7934
Z  0.0562 -0.9202  0.3873

PART 11
OFFSET  11.4415  2.9809 -11.3022
X  0.4095 -0.1849  0.8934
Y -0.6440  0.6350  0.4266
Z -0.6462 -0.7500  0.1410

PART 12
OFFSET  12.2250  2.6036 -9.3239
X  0.9251 -0.2871  0.2484
Y -0.1962  0.1988  0.9602
Z -0.3250 -0.9371  0.1276

PART 13
OFFSET  13.6938  2.0234 -8.9659
X  0.5174 -0.4974 -0.6964
Y  0.6630 -0.2816  0.6937
Z -0.5411 -0.8205  0.1841

PART 14
OFFSET  14.2398  1.4432 -9.6987
X  0.8661  0.1019 -0.4893
Y -0.0861  0.9948  0.0547
Z  0.4924 -0.0052  0.8704

PART 15
OFFSET  12.8417  2.6575 -12.8121
X  0.9984  0.0112  0.0556
Y -0.0082 -0.9417  0.3364
Z  0.0561 -0.3363 -0.9401

PART 16
OFFSET  15.0757  2.6162 -12.5091
X  0.2576 -0.6969  0.6693
Y -0.9355 -0.3532 -0.0077
Z  0.2418 -0.6241 -0.7430

PART 17
OFFSET  15.4404  1.6295 -11.5615
X -0.7255 -0.6246  0.2891
Y -0.6300  0.4334 -0.6445
Z  0.2772 -0.6497 -0.7079

PART 18
OFFSET  14.7972  1.0757 -11.3052
X -0.9700 -0.1283 -0.2065
Y  0.0303  0.7791 -0.6262
Z  0.2412 -0.6137 -0.7518

PART 19
OFFSET  13.8757  0.9539 -11.5014
X  0.6880 -0.3022  0.6598
Y  0.6776  0.5931 -0.4349
Z -0.2599  0.7462  0.6128

PART 20
OFFSET  12.6688  3.0413 -12.2356
X  0.9687  0.1391  0.2055
Y  0.0620 -0.9375  0.3424
Z  0.2403 -0.3190 -0.9168

PART 21
OFFSET  15.2040  3.3640 -11.7591
X  0.0804 -0.8012  0.5929
Y -0.9754 -0.1858 -0.1189
Z  0.2055 -0.5688 -0.7964

PART 22
OFFSET  15.3408  1.9999 -10.7496
X -0.8507 -0.5049  0.1461
Y -0.4789  0.6299 -0.6114
Z  0.2167 -0.5901 -0.7777

PART 23
OFFSET  14.1618  1.3001 -10.5471
X -0.6926  0.4685 -0.5485
Y  0.6867  0.6610 -0.3026
Z  0.2208 -0.5862 -0.7795

PART 24
OFFSET  13.4107  1.8082 -11.1419
X  0.1861 -0.7902  0.5839
Y  0.9494  0.2976  0.1002
Z -0.2530  0.5357  0.8056

PART 25
OFFSET  13.3493  3.7099 -9.5233
X  0.9148 -0.0796  0.3960
Y  0.1717  0.9640 -0.2028
Z -0.3656  0.2536  0.8956

PART 26
OFFSET  14.4282  4.4966 -10.1541
X  0.3054 -0.8199  0.4842
Y -0.9477 -0.3110  0.0712
Z  0.0922 -0.4807 -0.8720

PART 27
OFFSET  14.9659  3.0531 -9.3016
X -0.9343 -0.3559 -0.0217
Y -0.3025  0.8233 -0.4804
Z  0.1888 -0.4422 -0.8768

PART 28
OFFSET  13.8187  2.6473 -9.2747
X -0.7083  0.6013 -0.3698
Y  0.7027  0.6507 -0.2879
Z  0.0675 -0.4637 -0.8834

PART 29
OFFSET  13.0186  3.3264 -9.6924
X -0.3847 -0.9136  0.1318
Y  0.8703 -0.3115  0.3815
Z -0.3074  0.2614  0.9149

PART 30
OFFSET  14.9215  3.9778 -10.9955
X -0.0061 -0.8291  0.5591
Y -0.9677 -0.1359 -0.2122
Z  0.2519 -0.5423 -0.8015

PART 31
OFFSET  14.9095  2.3581 -9.9034
X -0.9310 -0.3631 -0.0380
Y -0.2831  0.7835 -0.5531
Z  0.2306 -0.5042 -0.8322

PART 32
OFFSET  13.5497  1.8277 -9.9588
X -0.5601  0.6512 -0.5120
Y  0.7919  0.6024 -0.1000
Z  0.2433 -0.4615 -0.8531

PART 33
OFFSET  12.9165  2.5616 -10.5447
X -0.0918 -0.8546  0.5110
Y  0.9820  0.0073  0.1887
Z -0.1650  0.5192  0.8386

PART 34
OFFSET  14.2145  2.0667 -11.0026
X  0.1934 -0.3705 -0.9085
Y -0.0562  0.9202 -0.3873
Z  0.9795  0.1260  0.1572

PART 35
OFFSET  11.9274  5.0366 -11.9592
X  0.4976 -0.8553 -0.1442
Y  0.5080  0.1526  0.8477
Z -0.7031 -0.4951  0.5104

PART 36
OFFSET  11.0691  5.2305 -13.3943
X  0.4976 -0.8553 -0.1442
Y  0.5080  0.1526  0.8477
Z -0.7031 -0.4951  0.5104

PART 37
OFFSET  10.3193  3.3203 -10.8617
X  0.4976 -0.8553 -0.1442
Y  0.5080  0.1526  0.8477
Z -0.7031 -0.4951  0.5104

PART 38
OFFSET  9.4551  3.1100 -11.8718
X  0.4976 -0.8553 -0.1442
Y  0.5080  0.1526  0.8477
Z -0.7031 -0.4951  0.5104

PART 39
OFFSET  9.6478  3.8252 -12.8136
X  0.4976 -0.8553 -0.1442
Y  0.5080  0.1526  0.8477
Z -0.7031 -0.4951  0.5104

PART 40
OFFSET  7.5946 -0.1716 -6.7245
X  0.7901  0.5475 -0.2757
Y -0.5889  0.5533 -0.5891
Z -0.1700  0.6278  0.7596

PART 41
OFFSET  7.5946 -0.1716 -6.7245
X  0.7901  0.5475 -0.2757
Y -0.5889  0.5533 -0.5891
Z -0.1700  0.6278  0.7596

PART 42
OFFSET  9.7305  1.8117 -5.7450
X  0.7901  0.5475 -0.2757
Y -0.5889  0.5533 -0.5891
Z -0.1700  0.6278  0.7596

PART 43
OFFSET  12.6618  5.6936 -6.2791
X  0.7901  0.5475 -0.2757
Y -0.4610  0.2343 -0.8559
Z -0.4040  0.8033  0.4375

PART 44
OFFSET  8.6328  3.4218 -4.3876
X  0.7901  0.5475 -0.2756
Y -0.5889  0.5533 -0.5891
Z -0.1700  0.6278  0.7596

PART 45
OFFSET  5.0857  1.6851 -2.4729
X  0.7901  0.5475 -0.2756
Y -0.5889  0.5533 -0.5891
Z -0.1700  0.6278  0.7596

PART 46
OFFSET  5.0546  2.9148 -9.1989
X  0.7901  0.5475 -0.2757
Y -0.5889  0.5533 -0.5891
Z -0.1700  0.6278  0.7596

PART 47
OFFSET  7.1125  1.6738 -4.4410
X -0.6082  0.6441 -0.4639
Y -0.7901 -0.5475  0.2757
Z -0.0764  0.5342  0.8419

PART 48
OFFSET  6.8290  1.9741 -4.6572
X -0.6084  0.6452 -0.4622
Y -0.7900 -0.5475  0.2757
Z -0.0752  0.5329  0.8428

PART 49
OFFSET  6.5453  2.2748 -4.8727
X -0.6073  0.6373 -0.4745
Y -0.7900 -0.5476  0.2757
Z -0.0841  0.5423  0.8360

PART 50
OFFSET  6.2622  2.5719 -5.0939
X -0.6018  0.6074 -0.5185
Y -0.7901 -0.5475  0.2757
Z -0.1164  0.5756  0.8094

PART 51
OFFSET  5.9816  2.8552 -5.3356
X -0.5810  0.5251 -0.6219
Y -0.7900 -0.5477  0.2756
Z -0.1959  0.6514  0.7330

PART 52
OFFSET  5.7108  3.0999 -5.6255
X -0.4591  0.2304 -0.8580
Y -0.7900 -0.5477  0.2756
Z -0.4064  0.8043  0.4335

PART 53
OFFSET  5.5172  3.1971 -5.9872
X -0.1159 -0.3080 -0.9443
Y -0.7900 -0.5478  0.2756
Z -0.6021  0.7779 -0.1798

PART 54
OFFSET  5.4630  3.0528 -6.4297
X  0.1115 -0.5703 -0.8139
Y -0.7900 -0.5478  0.2756
Z -0.6029  0.6122 -0.5116

PART 55
OFFSET  5.5149  2.7870 -6.8091
X  0.1755 -0.6324 -0.7545
Y -0.7899 -0.5478  0.2755
Z -0.5875  0.5477 -0.5957

PART 56
OFFSET  5.5967  2.4921 -7.1608
X  0.1755 -0.6327 -0.7542
Y -0.7900 -0.5477  0.2756
Z -0.5875  0.5474 -0.5960

PART 57
OFFSET  5.6785  2.1971 -7.5123
X  0.1755 -0.6327 -0.7542
Y -0.7900 -0.5476  0.2756
Z -0.5874  0.5475 -0.5960

PART 58
OFFSET  5.7604  1.9021 -7.8640
X  0.1755 -0.6327 -0.7543
Y -0.7900 -0.5476  0.2756
Z -0.5874  0.5475 -0.5959

PART 59
OFFSET  19.2267  10.2857 -10.7643
X -0.0874 -0.3445 -0.9347
Y -0.5501  0.7989 -0.2430
Z  0.8305  0.4930 -0.2593

PART 60
OFFSET  20.7755  8.8307 -9.2149
X -0.3973  0.7999  0.4498
Y -0.5208  0.2071 -0.8282
Z -0.7556 -0.5633  0.3343

PART 61
OFFSET -6.5551 -7.9373 -5.6959
X -0.5722  0.0989  0.8141
Y -0.1601 -0.9871  0.0074
Z  0.8043 -0.1261  0.5806

PART 62
OFFSET  0.3648 -9.1339 -15.5420
X -0.4041 -0.3937 -0.8257
Y  0.8733  0.1026 -0.4763
Z  0.2723 -0.9135  0.3024

PART 63
OFFSET  3.8017 -5.7852 -8.5195
X -0.4041 -0.3937 -0.8257
Y  0.8132  0.2586 -0.5213
Z  0.4188 -0.8821  0.2157

PART 64
OFFSET  3.4301 -4.2606 -7.3224
X -0.4101 -0.3916 -0.8237
Y -0.2849  0.9129 -0.2922
Z  0.8664  0.1148 -0.4860

PART 65
OFFSET  2.9158 -4.7718 -6.3618
X -0.4101 -0.3916 -0.8237
Y -0.2849  0.9129 -0.2922
Z  0.8664  0.1148 -0.4860

PART 66
OFFSET  3.4732 -5.9023 -5.9755
X -0.4101 -0.3916 -0.8237
Y -0.2849  0.9129 -0.2922
Z  0.8664  0.1148 -0.4860

PART 67
OFFSET  5.0405 -4.5781 -5.9883
X -0.7152 -0.6927  0.0932
Y  0.4194 -0.5320 -0.7356
Z  0.5591 -0.4871  0.6710

PART 68
OFFSET  4.7279 -3.5532 -5.5958
X -0.0134 -0.9683  0.2495
Y  0.5253 -0.2192 -0.8222
Z  0.8508  0.1201  0.5116

PART 69
OFFSET  4.6571 -1.4486 -6.0807
X -0.5779 -0.5531  0.6001
Y  0.4326 -0.8311 -0.3494
Z  0.6920  0.0576  0.7196

PART 70
OFFSET  5.5384 -0.6117 -7.1509
X -0.6046  0.2975  0.7389
Y -0.1258 -0.9517  0.2802
Z  0.7866  0.0764  0.6128

PART 71
OFFSET  6.1583 -0.9207 -7.9827
X -0.9775 -0.0256  0.2096
Y -0.2107  0.0550 -0.9760
Z  0.0135 -0.9982 -0.0591

PART 72
OFFSET  5.9818 -4.4632 -6.9904
X -0.8013 -0.3465  0.4876
Y  0.5976 -0.4256  0.6796
Z -0.0279  0.8360  0.5481

PART 73
OFFSET  7.7049 -3.5107 -8.0896
X -0.1932 -0.8502  0.4897
Y  0.9693 -0.2428 -0.0392
Z  0.1523  0.4670  0.8710

PART 74
OFFSET  7.9784 -2.3069 -8.7828
X  0.8206 -0.5500  0.1551
Y  0.5591  0.7163 -0.4176
Z  0.1186  0.4294  0.8953

PART 75
OFFSET  7.2508 -1.8193 -8.9203
X  0.9830  0.0245 -0.1822
Y -0.1088  0.8763 -0.4694
Z  0.1482  0.4812  0.8640

PART 76
OFFSET  6.3169 -1.8426 -8.7472
X -0.7049 -0.6384  0.3091
Y -0.6960  0.7066 -0.1279
Z -0.1367 -0.3053 -0.9424

PART 77
OFFSET  5.9384 -4.0253 -6.4283
X -0.8016 -0.5139  0.3055
Y  0.5548 -0.4490  0.7005
Z -0.2228  0.7310  0.6450

PART 78
OFFSET  8.0643 -2.8101 -7.3015
X -0.0986 -0.6998  0.7075
Y  0.9649 -0.2412 -0.1041
Z  0.2435  0.6723  0.6990

PART 79
OFFSET  8.2322 -1.6186 -8.5059
X  0.9098 -0.4078  0.0775
Y  0.3438  0.6356 -0.6913
Z  0.2327  0.6555  0.7184

PART 80
OFFSET  6.9713 -1.0534 -8.6133
X  0.9385  0.0508 -0.3414
Y -0.2608  0.7524 -0.6049
Z  0.2261  0.6568  0.7194

PART 81
OFFSET  5.9534 -1.1084 -8.2430
X -0.6089 -0.4391  0.6607
Y -0.7610  0.5584 -0.3303
Z -0.2239 -0.7039 -0.6741

PART 82
OFFSET  2.0088 -7.2722 -4.6189
X -0.5986 -0.6843  0.4165
Y -0.7260  0.2436 -0.6431
Z  0.3386 -0.6873 -0.6426

PART 83
OFFSET  7.7188 -1.6589 -5.5471
X -0.6835 -0.6188  0.3872
Y  0.6763 -0.3372  0.6549
Z -0.2747  0.7095  0.6490

PART 84
OFFSET  8.9221 -0.5694 -6.2288
X  0.2371 -0.5630  0.7917
Y  0.9214  0.3885  0.0003
Z -0.3078  0.7294  0.6109

PART 85
OFFSET  8.6151  0.1593 -7.1542
X  0.4328 -0.5283  0.7305
Y  0.8596  0.4861 -0.1577
Z -0.2717  0.6961  0.6645

PART 86
OFFSET  8.1263  0.7561 -7.9792
X -0.9933 -0.0710  0.0915
Y -0.1155  0.5514 -0.8262
Z  0.0082 -0.8312 -0.5559

PART 87
OFFSET  7.9972 -2.2226 -6.4556
X  0.0529 -0.6646  0.7454
Y  0.9982  0.0554 -0.0214
Z -0.0271  0.7452  0.6663

PART 88
OFFSET  7.8939 -0.9243 -7.9117
X  0.9654 -0.1569  0.2085
Y  0.2607  0.6165 -0.7430
Z -0.0120  0.7716  0.6360

PART 89
OFFSET  6.4839 -0.6952 -8.2163
X  0.9481  0.2053 -0.2427
Y -0.3169  0.5535 -0.7702
Z -0.0238  0.8072  0.5898

PART 90
OFFSET  5.4100 -0.9330 -7.9461
X -0.5231 -0.5625  0.6403
Y -0.8523  0.3508 -0.3880
Z -0.0064 -0.7487 -0.6629

PART 91
OFFSET  3.4253 -4.2491 -7.3259
X -0.4100 -0.3918 -0.8236
Y -0.2836  0.9130 -0.2931
Z  0.8668  0.1134 -0.4855

PART 92
OFFSET  2.9077 -4.7502 -6.3685
X -0.4100 -0.3918 -0.8236
Y -0.2836  0.9130 -0.2931
Z  0.8668  0.1134 -0.4855

PART 93
OFFSET  3.4971 -5.8990 -5.9885
X -0.4100 -0.3918 -0.8236
Y -0.2836  0.9130 -0.2931
Z  0.8668  0.1134 -0.4855

PART 94
OFFSET  0.0000 -0.0000 -0.0000
X  1.0000 -0.0000  0.0000
Y  0.0000  1.0000  0.0000
Z  0.0000 -0.0000  1.0000

PART 95
OFFSET  0.0000 -0.0000 -0.0000
X  1.0000 -0.0000  0.0000
Y  0.0000  1.0000  0.0000
Z  0.0000 -0.0000  1.0000

PART 96
OFFSET  1.5404 -0.0000  4.1357
X  1.0000 -0.0000  0.0000
Y  0.0000  1.0000  0.0000
Z  0.0000 -0.0000  1.0000


FRAME 1742
PART 0
OFFSET  0.0000 -0.0000 -0.0000
X  1.0000 -0.0000  0.0000
Y  0.0000  1.0000  0.0000
Z  0.0000 -0.0000  1.0000

PART 1
OFFSET -7.6810 -0.0000 -1.3770
X  1.0000 -0.0000  0.0000
Y  0.0000  1.0000  0.0000
Z  0.0000 -0.0000  1.0000

PART 2
OFFSET -1.6489  5.2787 -5.1189
X  0.6280  0.6044 -0.4902
Y -0.1121 -0.5531 -0.8256
Z -0.7701  0.5734 -0.2796

PART 3
OFFSET  5.9461  12.5886 -11.0471
X  0.5070 -0.8553 -0.1066
Y -0.7098 -0.4845  0.5113
Z -0.4890 -0.1836 -0.8528

PART 4
OFFSET  10.2587  5.3139 -11.9540
X  0.5070 -0.8553 -0.1066
Y  0.6205  0.2764  0.7339
Z -0.5982 -0.4383  0.6709

PART 5
OFFSET  12.3435  4.7800 -10.8556
X  0.5126 -0.8519 -0.1073
Y  0.4958  0.1916  0.8471
Z -0.7011 -0.4874  0.5206

PART 6
OFFSET  11.3073  4.9210 -13.3276
X  0.5126 -0.8519 -0.1073
Y  0.4958  0.1916  0.8471
Z -0.7011 -0.4874  0.5206

PART 7
OFFSET  10.9944  3.2848 -10.1782
X  0.5126 -0.8519 -0.1073
Y  0.4958  0.1916  0.8471
Z -0.7011 -0.4874  0.5206

PART 8
OFFSET  10.0918  3.0403 -11.5678
X  0.5126 -0.8519 -0.1073
Y  0.4958  0.1916  0.8471
Z -0.7011 -0.4874  0.5206

PART 9
OFFSET  9.2432  3.1564 -12.9683
X  0.5126 -0.8519 -0.1073
Y  0.4958  0.1916  0.8471
Z -0.7011 -0.4874  0.5206

PART 10
OFFSET  11.8132  2.6918 -12.2809
X  0.8624  0.1708  0.4765
Y -0.5062  0.2882  0.8128
Z  0.0015 -0.9422  0.3350

PART 11
OFFSET  11.7132  2.6599 -11.1446
X  0.4009 -0.2592  0.8787
Y -0.6024  0.6481  0.4660
Z -0.6902 -0.7161  0.1037

PART 12
OFFSET  12.4798  2.1255 -9.1962
X  0.9068 -0.3562  0.2253
Y -0.1800  0.1562  0.9712
Z -0.3811 -0.9213  0.0775

PART 13
OFFSET  13.9118  1.4380 -8.8817
X  0.4833 -0.4881 -0.7267
Y  0.6472 -0.3598  0.6721
Z -0.5895 -0.7952  0.1420

PART 14
OFFSET  14.4185  0.8677 -9.6496
X  0.8688  0.0764 -0.4892
Y -0.0250  0.9935  0.1107
Z  0.4945 -0.0839  0.8651

PART 15
OFFSET  13.0852  2.3373 -12.6803
X  0.9974 -0.0526  0.0489
Y -0.0643 -0.9568  0.2835
Z  0.0319 -0.2859 -0.9577

PART 16
OFFSET  15.3138  2.1435 -12.3962
X  0.2171 -0.7477  0.6275
Y -0.9554 -0.2947 -0.0206
Z  0.2004 -0.5950 -0.7783

PART 17
OFFSET  15.6212  1.0849 -11.5078
X -0.7611 -0.5946  0.2591
Y -0.6048  0.5063 -0.6147
Z  0.2343 -0.6246 -0.7450

PART 18
OFFSET  14.9464  0.5577 -11.2780
X -0.9768 -0.0574 -0.2063
Y  0.0753  0.8096 -0.5821
Z  0.2004 -0.5841 -0.7866

PART 19
OFFSET  14.0184  0.5032 -11.4740
X  0.6709 -0.3799  0.6369
Y  0.7108  0.5744 -0.4061
Z -0.2115  0.7251  0.6553

PART 20
OFFSET  12.9383  2.6980 -12.0821
X  0.9762  0.0683  0.2059
Y  0.0060 -0.9573  0.2892
Z  0.2168 -0.2811 -0.9349

PART 21
OFFSET  15.4903  2.8389 -11.6067
X  0.0336 -0.8366  0.5468
Y -0.9853 -0.1193 -0.1220
Z  0.1673 -0.5347 -0.8283

PART 22
OFFSET  15.5475  1.4146 -10.6758
X -0.8794 -0.4598  0.1239
Y -0.4419  0.6911 -0.5719
Z  0.1773 -0.5576 -0.8109

PART 23
OFFSET  14.3288  0.7774 -10.5040
X -0.6648  0.5396 -0.5165
Y  0.7246  0.6340 -0.2702
Z  0.1816 -0.5539 -0.8125

PART 24
OFFSET  13.6078  1.3627 -11.0642
X  0.1397 -0.8316  0.5376
Y  0.9662  0.2333  0.1098
Z -0.2167  0.5041  0.8360

PART 25
OFFSET  13.6688  3.1709 -9.3418
X  0.9097 -0.1571  0.3843
Y  0.2294  0.9617 -0.1501
Z -0.3460  0.2247  0.9109

PART 26
OFFSET  14.7913  3.9248 -9.9356
X  0.2567 -0.8628  0.4356
Y -0.9647 -0.2564  0.0606
Z  0.0594 -0.4357 -0.8981

PART 27
OFFSET  15.2431  2.4057 -9.1687
X -0.9543 -0.2967 -0.0347
Y -0.2535  0.8657 -0.4315
Z  0.1581 -0.4030 -0.9014

PART 28
OFFSET  14.0734  2.0695 -9.1561
X -0.6717  0.6629 -0.3306
Y  0.7399  0.6220 -0.2562
Z  0.0358 -0.4168 -0.9083

PART 29
OFFSET  13.3146  2.8183 -9.5295
X -0.4392 -0.8945  0.0835
Y  0.8511 -0.3846  0.3572
Z -0.2874  0.2280  0.9303

PART 30
OFFSET  15.2487  3.4249 -10.8081
X -0.0546 -0.8572  0.5120
Y -0.9750 -0.0648 -0.2124
Z  0.2153 -0.5108 -0.8323

PART 31
OFFSET  15.1421  1.7502 -9.8078
X -0.9515 -0.3032 -0.0514
Y -0.2368  0.8290 -0.5066
Z  0.1962 -0.4698 -0.8607

PART 32
OFFSET  13.7523  1.3073 -9.8829
X -0.5213  0.7117 -0.4709
Y  0.8267  0.5579 -0.0720
Z  0.2114 -0.4268 -0.8793

PART 33
OFFSET  13.1627  2.1100 -10.4224
X -0.1418 -0.8748  0.4633
Y  0.9813 -0.0629  0.1817
Z -0.1298  0.4804  0.8674

PART 34
OFFSET  14.4263  1.5637 -10.9165
X  0.1670 -0.3301 -0.9291
Y -0.0015  0.9422 -0.3350
Z  0.9860  0.0573  0.1568

PART 35
OFFSET  12.1551  4.7955 -11.8782
X  0.5126 -0.8519 -0.1073
Y  0.4977  0.1929  0.8456
Z -0.6997 -0.4869  0.5228

PART 36
OFFSET  11.3071  4.9208 -13.3269
X  0.5126 -0.8519 -0.1073
Y  0.4977  0.1929  0.8456
Z -0.6997 -0.4869  0.5228

PART 37
OFFSET  10.5648  3.0959 -10.7300
X  0.5126 -0.8519 -0.1073
Y  0.4977  0.1929  0.8456
Z -0.6997 -0.4869  0.5228

PART 38
OFFSET  9.7134  2.8333 -11.7388
X  0.5126 -0.8519 -0.1073
Y  0.4977  0.1929  0.8456
Z -0.6997 -0.4869  0.5228

PART 39
OFFSET  9.9032  3.5154 -12.7054
X  0.5126 -0.8519 -0.1073
Y  0.4977  0.1929  0.8456
Z -0.6997 -0.4869  0.5228

PART 40
OFFSET  7.6987 -0.5048 -6.7219
X  0.8210  0.5131 -0.2505
Y -0.5563  0.6202 -0.5531
Z -0.1285  0.5934  0.7946

PART 41
OFFSET  7.6987 -0.5048 -6.7219
X  0.8210  0.5131 -0.2505
Y -0.5563  0.6202 -0.5531
Z -0.1285  0.5934  0.7946

PART 42
OFFSET  9.9554  1.2871 -5.6489
X  0.8210  0.5131 -0.2505
Y -0.5563  0.6202 -0.5531
Z -0.1285  0.5934  0.7946

PART 43
OFFSET  13.1161  5.0077 -5.9873
X  0.8210  0.5131 -0.2505
Y -0.4491  0.3094 -0.8382
Z -0.3526  0.8006  0.4845

PART 44
OFFSET  8.9633  2.8823 -4.1961
X  0.8210  0.5131 -0.2504
Y -0.5563  0.6202 -0.5531
Z -0.1285  0.5934  0.7946

PART 45
OFFSET  5.3241  1.2596 -2.3554
X  0.8210  0.5131 -0.2504
Y -0.5563  0.6202 -0.5531
Z -0.1285  0.5934  0.7946

PART 46
OFFSET  5.3424  2.8639 -9.0021
X  0.8210  0.5131 -0.2505
Y -0.5563  0.6202 -0.5531
Z -0.1285  0.5934  0.7946

PART 47
OFFSET  7.3389  1.2356 -4.3357
X -0.5695  0.7048 -0.4229
Y -0.8210 -0.5131  0.2505
Z -0.0405  0.4898  0.8709

PART 48
OFFSET  7.0734  1.5641 -4.5328
X -0.5697  0.7058 -0.4211
Y -0.8209 -0.5132  0.2505
Z -0.0393  0.4884  0.8717

PART 49
OFFSET  6.8078  1.8932 -4.7291
X -0.5691  0.6985 -0.4338
Y -0.8209 -0.5132  0.2505
Z -0.0477  0.4987  0.8655

PART 50
OFFSET  6.5425  2.2189 -4.9314
X -0.5656  0.6709 -0.4795
Y -0.8210 -0.5131  0.2505
Z -0.0780  0.5353  0.8411

PART 51
OFFSET  6.2788  2.5317 -5.1549
X -0.5502  0.5934 -0.5874
Y -0.8209 -0.5133  0.2503
Z -0.1530  0.6200  0.7696

PART 52
OFFSET  6.0223  2.8083 -5.4287
X -0.4475  0.3056 -0.8405
Y -0.8208 -0.5133  0.2504
Z -0.3549  0.8019  0.4805

PART 53
OFFSET  5.8337  2.9372 -5.7831
X -0.1381 -0.2469 -0.9591
Y -0.8208 -0.5134  0.2503
Z -0.5542  0.8219 -0.1318

PART 54
OFFSET  5.7690  2.8214 -6.2325
X  0.0734 -0.5295 -0.8451
Y -0.8209 -0.5134  0.2503
Z -0.5664  0.6754 -0.4723

PART 55
OFFSET  5.8032  2.5746 -6.6265
X  0.1336 -0.5986 -0.7898
Y -0.8208 -0.5134  0.2502
Z -0.5553  0.6149 -0.5600

PART 56
OFFSET  5.8654  2.2955 -6.9947
X  0.1337 -0.5990 -0.7895
Y -0.8209 -0.5133  0.2504
Z -0.5552  0.6146 -0.5603

PART 57
OFFSET  5.9278  2.0163 -7.3627
X  0.1337 -0.5990 -0.7895
Y -0.8209 -0.5132  0.2503
Z -0.5552  0.6147 -0.5603

PART 58
OFFSET  5.9901  1.7371 -7.7308
X  0.1336 -0.5989 -0.7896
Y -0.8209 -0.5132  0.2504
Z -0.5552  0.6147 -0.5602

PART 59
OFFSET  19.9317  9.4370 -10.2570
X -0.1118 -0.2856 -0.9518
Y -0.5013  0.8432 -0.1942
Z  0.8580  0.4554 -0.2375

PART 60
OFFSET  21.3948  7.8060 -8.8024
X -0.3460  0.7960  0.4966
Y -0.5103  0.2844 -0.8116
Z -0.7873 -0.5342  0.3078

PART 61
OFFSET -6.5551 -7.9373 -5.6959
X -0.5479  0.1120  0.8290
Y -0.1752 -0.9844  0.0172
Z  0.8180 -0.1358  0.5590

PART 62
OFFSET  0.0714 -9.2922 -15.7216
X -0.4159 -0.3897 -0.8217
Y  0.8696  0.0941 -0.4847
Z  0.2662 -0.9161  0.2998

PART 63
OFFSET  3.6084 -5.9773 -8.7329
X -0.4159 -0.3897 -0.8217
Y  0.8249  0.2188 -0.5212
Z  0.3829 -0.8946  0.2305

PART 64
OFFSET  3.2633 -4.4492 -7.5324
X -0.4219 -0.3876 -0.8197
Y -0.2788  0.9157 -0.2895
Z  0.8627  0.1064 -0.4943

PART 65
OFFSET  2.7533 -4.9554 -6.5668
X -0.4219 -0.3876 -0.8197
Y -0.2788  0.9157 -0.2895
Z  0.8627  0.1064 -0.4943

PART 66
OFFSET  3.3034 -6.0913 -6.1858
X -0.4219 -0.3876 -0.8197
Y -0.2788  0.9157 -0.2895
Z  0.8627  0.1064 -0.4943

PART 67
OFFSET  4.8833 -4.7825 -6.2138
X -0.7558 -0.6521  0.0596
Y  0.3833 -0.5144 -0.7671
Z  0.5309 -0.5569  0.6387

PART 68
OFFSET  4.6354 -3.7641 -5.7626
X -0.0715 -0.9781  0.1953
Y  0.5078 -0.2042 -0.8369
Z  0.8585  0.0393  0.5113

PART 69
OFFSET  4.6913 -1.6351 -6.1290
X -0.6083 -0.5498  0.5725
Y  0.3797 -0.8350 -0.3983
Z  0.6970 -0.0249  0.7167

PART 70
OFFSET  5.6179 -0.7947 -7.1572
X -0.5825  0.2918  0.7587
Y -0.1826 -0.9565  0.2276
Z  0.7921 -0.0060  0.6104

PART 71
OFFSET  6.2146 -1.0936 -8.0095
X -0.9764  0.0221  0.2149
Y -0.2107  0.1223 -0.9699
Z -0.0477 -0.9922 -0.1147

PART 72
OFFSET  5.8260 -4.6689 -7.2148
X -0.8191 -0.3240  0.4734
Y  0.5731 -0.4985  0.6505
Z  0.0252  0.8041  0.5940

PART 73
OFFSET  7.5998 -3.7627 -8.2716
X -0.2428 -0.8630  0.4430
Y  0.9525 -0.2986 -0.0597
Z  0.1838  0.4074  0.8946

PART 74
OFFSET  7.9436 -2.5408 -8.8987
X  0.7861 -0.6067  0.1183
Y  0.6001  0.7033 -0.3811
Z  0.1480  0.3706  0.9169

PART 75
OFFSET  7.2466 -2.0029 -9.0036
X  0.9819 -0.0250 -0.1877
Y -0.0570  0.9062 -0.4190
Z  0.1806  0.4222  0.8884

PART 76
OFFSET  6.3138 -1.9792 -8.8253
X -0.7414 -0.6107  0.2781
Y -0.6521  0.7536 -0.0833
Z -0.1587 -0.2431 -0.9569

PART 77
OFFSET  5.8116 -4.2614 -6.6288
X -0.8303 -0.4806  0.2822
Y  0.5290 -0.5204  0.6703
Z -0.1753  0.7059  0.6863

PART 78
OFFSET  8.0043 -3.1304 -7.4483
X -0.1384 -0.7311  0.6681
Y  0.9479 -0.2931 -0.1244
Z  0.2868  0.6161  0.7336

PART 79
OFFSET  8.2400 -1.8857 -8.5858
X  0.8835 -0.4660  0.0480
Y  0.3793  0.6513 -0.6573
Z  0.2750  0.5989  0.7521

PART 80
OFFSET  7.0156 -1.2399 -8.6523
X  0.9386  0.0128 -0.3449
Y -0.2167  0.7995 -0.5602
Z  0.2686  0.6005  0.7532

PART 81
OFFSET  5.9976 -1.2537 -8.2783
X -0.6320 -0.4376  0.6396
Y -0.7268  0.6212 -0.2931
Z -0.2690 -0.6501 -0.7106

PART 82
OFFSET  1.6982 -7.3600 -4.9747
X -0.6376 -0.6689  0.3820
Y -0.7122  0.3229 -0.6233
Z  0.2936 -0.6695 -0.6823

PART 83
OFFSET  7.7365 -2.0606 -5.6301
X -0.7185 -0.5969  0.3571
Y  0.6570 -0.4138  0.6302
Z -0.2284  0.6873  0.6895

PART 84
OFFSET  9.0014 -1.0096 -6.2588
X  0.2054 -0.6198  0.7574
Y  0.9434  0.3312  0.0153
Z -0.2603  0.7114  0.6528

PART 85
OFFSET  8.7359 -0.2129 -7.1399
X  0.4025 -0.5937  0.6967
Y  0.8870  0.4411 -0.1366
Z -0.2262  0.6730  0.7042

PART 86
OFFSET  8.2813  0.4578 -7.9268
X -0.9954 -0.0156  0.0946
Y -0.0848  0.6029 -0.7933
Z -0.0447 -0.7977 -0.6014

PART 87
OFFSET  7.9765 -2.5883 -6.5706
X  0.0151 -0.7073  0.7068
Y  0.9997 -0.0042 -0.0255
Z  0.0210  0.7069  0.7070

PART 88
OFFSET  7.9470 -1.2066 -7.9513
X  0.9548 -0.2266  0.1925
Y  0.2950  0.6402 -0.7094
Z  0.0376  0.7340  0.6781

PART 89
OFFSET  6.5525 -0.8755 -8.2325
X  0.9580  0.1606 -0.2377
Y -0.2855  0.6140 -0.7359
Z  0.0278  0.7728  0.6340

PART 90
OFFSET  5.4671 -1.0624 -7.9682
X -0.5540 -0.5647  0.6117
Y -0.8307  0.4231 -0.3617
Z -0.0546 -0.7086 -0.7035

PART 91
OFFSET  3.2586 -4.4377 -7.5358
X -0.4218 -0.3878 -0.8196
Y -0.2775  0.9158 -0.2905
Z  0.8632  0.1050 -0.4939

PART 92
OFFSET  2.7454 -4.9337 -6.5734
X -0.4218 -0.3878 -0.8196
Y -0.2775  0.9158 -0.2905
Z  0.8632  0.1050 -0.4939

PART 93
OFFSET  3.3272 -6.0882 -6.1991
X -0.4218 -0.3878 -0.8196
Y -0.2775  0.9158 -0.2905
Z  0.8632  0.1050 -0.4939

PART 94
OFFSET  0.0000 -0.0000 -0.0000
X  1.0000 -0.0000  0.0000
Y  0.0000  1.0000  0.0000
Z  0.0000 -0.0000  1.0000

PART 95
OFFSET  0.0000 -0.0000 -0.0000
X  1.0000 -0.0000  0.0000
Y  0.0000  1.0000  0.0000
Z  0.0000 -0.0000  1.0000

PART 96
OFFSET  1.5404 -0.0000  4.1357
X  1.0000 -0.0000  0.0000
Y  0.0000  1.0000  0.0000
Z  0.0000 -0.0000  1.0000


FRAME 1743
PART 0
OFFSET  0.0000 -0.0000 -0.0000
X  1.0000 -0.0000  0.0000
Y  0.0000  1.0000  0.0000
Z  0.0000 -0.0000  1.0000

PART 1
OFFSET -7.6810 -0.0000 -1.3770
X  1.0000 -0.0000  0.0000
Y  0.0000  1.0000  0.0000
Z  0.0000 -0.0000  1.0000

PART 2
OFFSET -1.6489  5.2787 -5.1189
X  0.6412  0.5658 -0.5184
Y -0.0988 -0.6090 -0.7870
Z -0.7610  0.5558 -0.3346

PART 3
OFFSET  6.1055  12.1218 -11.3882
X  0.5296 -0.8464 -0.0551
Y -0.7042 -0.4750  0.5277
Z -0.4729 -0.2407 -0.8476

PART 4
OFFSET  10.6101  4.9224 -11.8572
X  0.5296 -0.8464 -0.0551
Y  0.4134  0.2008  0.8881
Z -0.7407 -0.4932  0.4563

PART 5
OFFSET  12.6928  4.5007 -10.7073
X  0.5351 -0.8430 -0.0560
Y  0.4796  0.2486  0.8415
Z -0.6955 -0.4771  0.5373

PART 6
OFFSET  11.6863  4.4848 -13.1955
X  0.5351 -0.8430 -0.0560
Y  0.4796  0.2486  0.8415
Z -0.6955 -0.4771  0.5373

PART 7
OFFSET  11.3727  3.0092 -9.9677
X  0.5351 -0.8430 -0.0560
Y  0.4796  0.2486  0.8415
Z -0.6955 -0.4771  0.5373

PART 8
OFFSET  10.4950  2.6688 -11.3531
X  0.5351 -0.8430 -0.0560
Y  0.4796  0.2486  0.8415
Z -0.6955 -0.4771  0.5373

PART 9
OFFSET  9.6624  2.6892 -12.7678
X  0.5351 -0.8430 -0.0560
Y  0.4796  0.2486  0.8415
Z -0.6955 -0.4771  0.5373

PART 10
OFFSET  12.2338  2.3275 -12.0262
X  0.8758  0.0557  0.4795
Y -0.4761  0.2641  0.8388
Z -0.0799 -0.9629  0.2578

PART 11
OFFSET  12.1355  2.2121 -10.8952
X  0.3798 -0.3637  0.8506
Y -0.5416  0.6580  0.5232
Z -0.7499 -0.6594  0.0529

PART 12
OFFSET  12.8592  1.4562 -9.0046
X  0.8729 -0.4509  0.1861
Y -0.1621  0.0917  0.9825
Z -0.4601 -0.8878  0.0070

PART 13
OFFSET  14.2266  0.6234 -8.7620
X  0.4361 -0.4675 -0.7689
Y  0.6156 -0.4682  0.6339
Z -0.6564 -0.7498  0.0836

PART 14
OFFSET  14.6786  0.0755 -9.5789
X  0.8704  0.0400 -0.4907
Y  0.0625  0.9796  0.1908
Z  0.4883 -0.1968  0.8502

PART 15
OFFSET  13.4685  1.8973 -12.4665
X  0.9891 -0.1430  0.0338
Y -0.1469 -0.9675  0.2059
Z  0.0033 -0.2087 -0.9780

PART 16
OFFSET  15.6724  1.4877 -12.2228
X  0.1530 -0.8124  0.5627
Y -0.9776 -0.2078 -0.0342
Z  0.1447 -0.5449 -0.8259

PART 17
OFFSET  15.8891  0.3376 -11.4261
X -0.8094 -0.5452  0.2184
Y -0.5603  0.6053 -0.5654
Z  0.1760 -0.5799 -0.7954

PART 18
OFFSET  15.1715 -0.1458 -11.2324
X -0.9788  0.0448 -0.1998
Y  0.1439  0.8447 -0.5156
Z  0.1456 -0.5334 -0.8332

PART 19
OFFSET  14.2416 -0.1032 -11.4222
X  0.6373 -0.4874  0.5969
Y  0.7569  0.5414 -0.3660
Z -0.1448  0.6850  0.7140

PART 20
OFFSET  13.3558  2.2195 -11.8396
X  0.9791 -0.0339  0.2003
Y -0.0769 -0.9745  0.2109
Z  0.1880 -0.2219 -0.9568

PART 21
OFFSET  15.9120  2.0986 -11.3816
X -0.0379 -0.8781  0.4771
Y -0.9924 -0.0228 -0.1207
Z  0.1169 -0.4780 -0.8705

PART 22
OFFSET  15.8475  0.6037 -10.5694
X -0.9158 -0.3900  0.0958
Y -0.3817  0.7712 -0.5094
Z  0.1248 -0.5031 -0.8552

PART 23
