// Export filename: `C:\projects\cod\t5\xanim_export\t5_viewmodels\m60\m60_first_raise.XANIM_EXPORT`
// Source filename: `D:\projects\devanim\t5\animation_assets\rigs\viewmodels\t5_weapon\ViewModel_M60_Rig.fbx`
// Export time: Mon Jul 12 20:36:14 2010

ANIMATION
VERSION 3

NUMPARTS 97
PART 0 "tag_ads"
PART 1 "tag_torso"
PART 2 "J_Shoulder_LE"
PART 3 "J_Elbow_LE"
PART 4 "J_WristTwist_LE"
PART 5 "J_Sleave_Reshape_Bottom_LE_1"
PART 6 "J_Sleave_Reshape_Bottom_LE_2"
PART 7 "J_Sleave_Reshape_Top_LE_1"
PART 8 "J_Sleave_Reshape_Top_LE_2"
PART 9 "J_Sleave_Reshape_Top_LE_3"
PART 10 "J_Wrist_LE"
PART 11 "J_Thumb_LE_0"
PART 12 "J_Thumb_LE_1"
PART 13 "J_Thumb_LE_2"
PART 14 "J_Thumb_LE_3"
PART 15 "J_PinkyPalm_LE"
PART 16 "J_Pinky_LE_0"
PART 17 "J_Pinky_LE_1"
PART 18 "J_Pinky_LE_2"
PART 19 "J_Pinky_LE_3"
PART 20 "J_RingPalm_LE"
PART 21 "J_Ring_LE_0"
PART 22 "J_Ring_LE_1"
PART 23 "J_Ring_LE_2"
PART 24 "J_Ring_LE_3"
PART 25 "J_Webbing_LE"
PART 26 "J_Index_LE_0"
PART 27 "J_Index_LE_1"
PART 28 "J_Index_LE_2"
PART 29 "J_Index_LE_3"
PART 30 "J_Mid_LE_0"
PART 31 "J_Mid_LE_1"
PART 32 "J_Mid_LE_2"
PART 33 "J_Mid_LE_3"
PART 34 "tag_knife_attach"
PART 35 "D_Sleave_Reshape_Bottom_LE_1"
PART 36 "D_Sleave_Reshape_Bottom_LE_2"
PART 37 "D_Sleave_Reshape_Top_LE_1"
PART 38 "D_Sleave_Reshape_Top_LE_2"
PART 39 "D_Sleave_Reshape_Top_LE_3"
PART 40 "tag_weapon"
PART 41 "J_Gun"
PART 42 "J_Bolt"
PART 43 "J_Handle"
PART 44 "J_Reload_Cover"
PART 45 "TAG_IRON_SIGHTS"
PART 46 "TAG_CLIP"
PART 47 "J_Bullets0"
PART 48 "J_Bullets1"
PART 49 "J_Bullets2"
PART 50 "J_Bullets3"
PART 51 "J_Bullets4"
PART 52 "J_Bullets5"
PART 53 "J_Bullets6"
PART 54 "J_Bullets7"
PART 55 "J_Bullets8"
PART 56 "J_Bullets9"
PART 57 "J_Bullets10"
PART 58 "J_Bullets11"
PART 59 "J_Pod_Left"
PART 60 "J_Pod_Right"
PART 61 "J_Shoulder_RI"
PART 62 "J_Elbow_RI"
PART 63 "J_WristTwist_RI"
PART 64 "J_Sleave_Reshape_Top_RI_3"
PART 65 "J_Sleave_Reshape_Top_RI_2"
PART 66 "J_Sleave_Reshape_Top_RI_1"
PART 67 "J_Wrist_RI"
PART 68 "J_Thumb_RI_0"
PART 69 "J_Thumb_RI_1"
PART 70 "J_Thumb_RI_2"
PART 71 "J_Thumb_RI_3"
PART 72 "J_PinkyPalm_RI"
PART 73 "J_Pinky_RI_0"
PART 74 "J_Pinky_RI_1"
PART 75 "J_Pinky_RI_2"
PART 76 "J_Pinky_RI_3"
PART 77 "J_RingPalm_RI"
PART 78 "J_Ring_RI_0"
PART 79 "J_Ring_RI_1"
PART 80 "J_Ring_RI_2"
PART 81 "J_Ring_RI_3"
PART 82 "J_Webbing_RI"
PART 83 "J_Index_RI_0"
PART 84 "J_Index_RI_1"
PART 85 "J_Index_RI_2"
PART 86 "J_Index_RI_3"
PART 87 "J_Mid_RI_0"
PART 88 "J_Mid_RI_1"
PART 89 "J_Mid_RI_2"
PART 90 "J_Mid_RI_3"
PART 91 "D_Sleave_Reshape_Top_RI_3"
PART 92 "D_Sleave_Reshape_Top_RI_2"
PART 93 "D_Sleave_Reshape_Top_RI_1"
PART 94 "tag_cambone"
PART 95 "tag_camera"
PART 96 "tag_gasmask"

FRAMERATE 30
NUMFRAMES 42

FRAME 1
PART 0
OFFSET  0.0000 -0.0000 -0.0000
X  1.0000 -0.0000  0.0000
Y  0.0000  1.0000  0.0000
Z  0.0000 -0.0000  1.0000

PART 1
OFFSET -7.6810 -0.0000 -1.3770
X  1.0000  0.0000  0.0000
Y -0.0000  1.0000  0.0000
Z  0.0000 -0.0000  1.0000

PART 2
OFFSET -1.6489  5.2787 -5.1189
X  0.1452 -0.6739 -0.7244
Y -0.8779  0.2500 -0.4085
Z  0.4564  0.6952 -0.5553

PART 3
OFFSET  0.1073 -2.8715 -13.8798
X  0.1448 -0.6738 -0.7246
Y -0.8401 -0.4706  0.2696
Z -0.5227  0.5697 -0.6342

PART 4
OFFSET  1.3392 -8.6020 -20.0430
X  0.1448 -0.6738 -0.7246
Y  0.5905  0.6465 -0.4831
Z  0.7939 -0.3579  0.4915

PART 5
OFFSET  3.0667 -10.2912 -20.0545
X  0.1512 -0.6725 -0.7245
Y  0.5343 -0.5610  0.6323
Z -0.8317 -0.4827  0.2745

PART 6
OFFSET  2.1593 -8.2783 -21.5796
X  0.1512 -0.6725 -0.7245
Y  0.5343 -0.5610  0.6323
Z -0.8317 -0.4827  0.2745

PART 7
OFFSET  1.2520 -11.3948 -20.1122
X  0.1512 -0.6725 -0.7245
Y  0.5343 -0.5610  0.6323
Z -0.8317 -0.4827  0.2745

PART 8
OFFSET  0.3232 -10.3984 -21.0868
X  0.1512 -0.6725 -0.7245
Y  0.5343 -0.5610  0.6323
Z -0.8317 -0.4827  0.2745

PART 9
OFFSET -0.4188 -9.1568 -21.8636
X  0.1512 -0.6725 -0.7245
Y  0.5343 -0.5610  0.6323
Z -0.8317 -0.4827  0.2745

PART 10
OFFSET  1.7833 -10.6675 -22.2645
X  0.4081 -0.7255 -0.5542
Y  0.5456  0.6805 -0.4891
Z  0.7320 -0.1028  0.6735

PART 11
OFFSET  2.7939 -10.3793 -22.7092
X  0.6587 -0.4637 -0.5926
Y  0.0065  0.7910 -0.6118
Z  0.7524  0.3991  0.5240

PART 12
OFFSET  4.2578 -11.2788 -24.0198
X  0.3413 -0.8203 -0.4590
Y  0.4381  0.5709 -0.6944
Z  0.8316  0.0359  0.5542

PART 13
OFFSET  4.8759 -12.6330 -24.6573
X  0.6133 -0.5048 -0.6075
Y  0.1089  0.8158 -0.5679
Z  0.7823  0.2821  0.5553

PART 14
OFFSET  5.5767 -13.1521 -25.2985
X -0.0274 -0.3857 -0.9222
Y -0.9810 -0.1669  0.0990
Z -0.1921  0.9074 -0.3738

PART 15
OFFSET  1.6923 -12.0308 -22.0736
X  0.1441 -0.9682 -0.2044
Y  0.6882 -0.0504  0.7238
Z -0.7111 -0.2450  0.6591

PART 16
OFFSET  2.2040 -14.1768 -22.5402
X  0.8848 -0.3461  0.3121
Y  0.3171  0.9378  0.1410
Z -0.3415 -0.0258  0.9395

PART 17
OFFSET  3.4567 -14.6667 -22.0983
X  0.8771  0.3697  0.3065
Y -0.3715  0.9268 -0.0546
Z -0.3043 -0.0660  0.9503

PART 18
OFFSET  4.2344 -14.3390 -21.8265
X  0.7907  0.5409  0.2866
Y -0.5115  0.8411 -0.1760
Z -0.3363 -0.0075  0.9417

PART 19
OFFSET  4.9856 -13.8251 -21.5542
X -0.2351 -0.9406 -0.2450
Y -0.9375  0.2859 -0.1983
Z  0.2566  0.1830 -0.9490

PART 20
OFFSET  2.0424 -11.7238 -22.6146
X  0.2252 -0.9000 -0.3731
Y  0.6988 -0.1177  0.7056
Z -0.6789 -0.4196  0.6025

PART 21
OFFSET  2.5931 -14.0938 -23.5302
X  0.6831 -0.6392  0.3533
Y  0.5454  0.7682  0.3354
Z -0.4858 -0.0364  0.8733

PART 22
OFFSET  3.7560 -15.1821 -22.9287
X  0.7695  0.4586  0.4444
Y -0.4307  0.8865 -0.1692
Z -0.4715 -0.0612  0.8797

PART 23
OFFSET  4.8225 -14.5464 -22.3128
X  0.6494  0.6470  0.3996
Y -0.5925  0.7599 -0.2674
Z -0.4767 -0.0631  0.8768

PART 24
OFFSET  5.5268 -13.8448 -21.8794
X -0.2171 -0.9673 -0.1315
Y -0.8366  0.2538 -0.4855
Z  0.5030  0.0046 -0.8643

PART 25
OFFSET  4.2999 -11.8785 -24.3885
X  0.4820 -0.8428 -0.2396
Y -0.5599 -0.0859 -0.8241
Z  0.6739  0.5313 -0.5133

PART 26
OFFSET  3.5128 -12.9429 -25.0432
X  0.2523 -0.9671 -0.0331
Y  0.7212  0.1651  0.6727
Z -0.6451 -0.1936  0.7391

PART 27
OFFSET  3.9571 -14.6456 -25.1015
X  0.6641 -0.4607  0.5888
Y  0.2069  0.8701  0.4473
Z -0.7184 -0.1753  0.6732

PART 28
OFFSET  4.8081 -15.1950 -24.4265
X  0.6766  0.3237  0.6614
Y -0.3818  0.9222 -0.0608
Z -0.6297 -0.2113  0.7475

PART 29
OFFSET  5.5723 -14.8293 -23.6794
X -0.0527 -0.9974  0.0499
Y -0.6692 -0.0018 -0.7431
Z  0.7412 -0.0726 -0.6673

PART 30
OFFSET  3.0087 -13.6223 -24.3326
X  0.5492 -0.8121  0.1972
Y  0.5828  0.5413  0.6060
Z -0.5989 -0.2179  0.7706

PART 31
OFFSET  4.0817 -15.2087 -23.9475
X  0.7186  0.2880  0.6330
Y -0.3299  0.9425 -0.0543
Z -0.6122 -0.1698  0.7722

PART 32
OFFSET  5.1312 -14.7881 -23.0229
X  0.5752  0.5620  0.5943
Y -0.5026  0.8161 -0.2853
Z -0.6454 -0.1345  0.7519

PART 33
OFFSET  5.7785 -14.1531 -22.3442
X -0.0788 -0.9436 -0.3215
Y -0.8009  0.2520 -0.5432
Z  0.5936  0.2147 -0.7756

PART 34
OFFSET  3.7111 -13.1578 -22.4771
X -0.6550 -0.3785  0.6540
Y -0.7320  0.1028 -0.6735
Z  0.1877 -0.9199 -0.3444

PART 35
OFFSET  2.8976 -9.5570 -20.7712
X  0.1513 -0.6725 -0.7245
Y  0.5343 -0.5610  0.6323
Z -0.8317 -0.4827  0.2744

PART 36
OFFSET  2.1592 -8.2783 -21.5796
X  0.1513 -0.6725 -0.7245
Y  0.5343 -0.5610  0.6323
Z -0.8317 -0.4827  0.2744

PART 37
OFFSET  0.7824 -11.0428 -20.5370
X  0.1513 -0.6725 -0.7245
Y  0.5343 -0.5610  0.6323
Z -0.8317 -0.4827  0.2744

PART 38
OFFSET -0.1057 -10.3225 -21.2468
X  0.1513 -0.6725 -0.7245
Y  0.5343 -0.5610  0.6323
Z -0.8317 -0.4827  0.2744

PART 39
OFFSET  0.3278 -9.2668 -21.6117
X  0.1513 -0.6725 -0.7245
Y  0.5343 -0.5610  0.6323
Z -0.8317 -0.4827  0.2744

PART 40
OFFSET  1.3664 -11.2501 -18.7266
X  0.3849 -0.4242 -0.8197
Y  0.0834  0.9005 -0.4269
Z  0.9192  0.0960  0.3820

PART 41
OFFSET  1.3664 -11.2501 -18.7266
X  0.3849 -0.4242 -0.8197
Y  0.0834  0.9005 -0.4269
Z  0.9192  0.0960  0.3820

PART 42
OFFSET  3.7631 -12.8202 -19.8427
X  0.3849 -0.4242 -0.8197
Y  0.0834  0.9005 -0.4269
Z  0.9192  0.0960  0.3820

PART 43
OFFSET  6.9977 -13.9559 -23.3349
X  0.3849 -0.4242 -0.8197
Y -0.3149  0.7745 -0.5487
Z  0.8676  0.4693  0.1645

PART 44
OFFSET  5.7343 -11.7895 -19.0114
X  0.3849 -0.4242 -0.8197
Y  0.0834  0.9005 -0.4269
Z  0.9192  0.0960  0.3820

PART 45
OFFSET  4.9755 -9.8806 -15.1326
X  0.3849 -0.4242 -0.8197
Y  0.0834  0.9005 -0.4269
Z  0.9192  0.0960  0.3820

PART 46
OFFSET  2.3459 -7.1607 -20.8284
X  0.3849 -0.4242 -0.8197
Y  0.0834  0.9005 -0.4269
Z  0.9192  0.0960  0.3820

PART 47
OFFSET  4.0976 -11.0009 -17.5731
X  0.2252  0.9044 -0.3623
Y -0.3849  0.4242  0.8197
Z  0.8951 -0.0451  0.4436

PART 48
OFFSET  4.2026 -10.5793 -17.7420
X  0.2271  0.9043 -0.3614
Y -0.3849  0.4242  0.8197
Z  0.8946 -0.0470  0.4444

PART 49
OFFSET  4.3084 -10.1577 -17.9105
X  0.2139  0.9049 -0.3679
Y -0.3849  0.4242  0.8197
Z  0.8978 -0.0337  0.4391

PART 50
OFFSET  4.4081 -9.7358 -18.0820
X  0.1656  0.9054 -0.3909
Y -0.3849  0.4242  0.8197
Z  0.9080  0.0147  0.4188

PART 51
OFFSET  4.4854 -9.3137 -18.2642
X  0.0429  0.8954 -0.4433
Y -0.3851  0.4242  0.8196
Z  0.9219  0.1355  0.3630

PART 52
OFFSET  4.5054 -8.8963 -18.4708
X -0.3190  0.7722 -0.5495
Y -0.3851  0.4242  0.8196
Z  0.8660  0.4731  0.1620

PART 53
OFFSET  4.3709 -8.5708 -18.7025
X -0.7810  0.3234 -0.5343
Y -0.3851  0.4242  0.8196
Z  0.4917  0.8459 -0.2068

PART 54
OFFSET  4.0050 -8.4193 -18.9529
X -0.9065 -0.0071 -0.4222
Y -0.3851  0.4242  0.8196
Z  0.1733  0.9055 -0.3873

PART 55
OFFSET  3.5824 -8.4226 -19.1497
X -0.9198 -0.1041 -0.3784
Y -0.3851  0.4242  0.8196
Z  0.0752  0.8996 -0.4303

PART 56
OFFSET  3.1536 -8.4711 -19.3261
X -0.9198 -0.1044 -0.3782
Y -0.3851  0.4242  0.8196
Z  0.0748  0.8995 -0.4304

PART 57
OFFSET  2.7248 -8.5198 -19.5023
X -0.9198 -0.1044 -0.3782
Y -0.3851  0.4242  0.8196
Z  0.0748  0.8995 -0.4304

PART 58
OFFSET  2.2960 -8.5685 -19.6786
X -0.9198 -0.1044 -0.3782
Y -0.3851  0.4242  0.8196
Z  0.0748  0.8995 -0.4304

PART 59
OFFSET  9.0420 -16.7197 -31.8472
X -0.8034  0.2831 -0.5238
Y  0.4800  0.8285 -0.2885
Z  0.3523 -0.4832 -0.8015

PART 60
OFFSET  8.8228 -19.0879 -30.7246
X  0.8721  0.4580  0.1725
Y -0.3284  0.8089 -0.4877
Z -0.3629  0.3687  0.8558

PART 61
OFFSET -6.5551 -7.9373 -5.6959
X -0.5115 -0.6840  0.5201
Y -0.8163  0.5758 -0.0457
Z -0.2682 -0.4479 -0.8529

PART 62
OFFSET -0.3685  0.3347 -11.9857
X  0.1549  0.9524  0.2624
Y  0.5216  0.1467 -0.8405
Z -0.8390  0.2671 -0.4740

PART 63
OFFSET -1.6859 -7.7662 -14.2176
X  0.1549  0.9524  0.2624
Y -0.9597  0.0821  0.2686
Z  0.2343 -0.2934  0.9268

PART 64
OFFSET -1.3059 -9.5636 -13.3999
X  0.1543  0.9507  0.2689
Y  0.8308 -0.2721  0.4855
Z  0.5348  0.1485 -0.8318

PART 65
OFFSET -2.3361 -9.9218 -12.9540
X  0.1543  0.9507  0.2689
Y  0.8308 -0.2721  0.4855
Z  0.5348  0.1485 -0.8318

PART 66
OFFSET -3.3670 -9.5899 -13.9282
X  0.1543  0.9507  0.2689
Y  0.8308 -0.2721  0.4855
Z  0.5348  0.1485 -0.8318

PART 67
OFFSET -2.1607 -10.6861 -15.0220
X -0.5977  0.3730  0.7097
Y -0.8016 -0.2927 -0.5212
Z  0.0133 -0.8804  0.4740

PART 68
OFFSET -1.1238 -10.2099 -15.0329
X -0.6733 -0.3890  0.6287
Y -0.6112 -0.1857 -0.7694
Z  0.4161 -0.9023 -0.1127

PART 69
OFFSET  0.3671 -9.3017 -16.3066
X -0.1581  0.0830  0.9839
Y -0.8676 -0.4874 -0.0983
Z  0.4714 -0.8692  0.1491

PART 70
OFFSET  0.5177 -9.3675 -17.9175
X  0.6280  0.3124  0.7128
Y -0.6470 -0.2994  0.7013
Z  0.4325 -0.9015  0.0141

PART 71
OFFSET -0.1702 -9.6590 -18.7009
X  0.0524  0.7480  0.6616
Y -0.4975  0.5940 -0.6322
Z -0.8659 -0.2960  0.4033

PART 72
OFFSET -2.5161 -11.1373 -16.2765
X -0.1032  0.4281  0.8978
Y  0.0744 -0.8968  0.4362
Z  0.9919  0.1119  0.0607

PART 73
OFFSET -2.1488 -11.9730 -18.3384
X -0.4692 -0.5557  0.6863
Y  0.0159 -0.7824 -0.6226
Z  0.8830 -0.2812  0.3759

PART 74
OFFSET -1.4845 -11.1862 -19.3101
X -0.1632 -0.9369 -0.3091
Y  0.4879  0.1956 -0.8507
Z  0.8575 -0.2896  0.4252

PART 75
OFFSET -1.3398 -10.3555 -19.0360
X  0.1581 -0.5802 -0.7990
Y  0.4285  0.7693 -0.4739
Z  0.8896 -0.2674  0.3702

PART 76
OFFSET -1.4900 -9.8043 -18.2770
X -0.5186 -0.0005  0.8550
Y  0.3341  0.9204  0.2032
Z -0.7871  0.3911 -0.4771

PART 77
OFFSET -1.8500 -11.1477 -16.0200
X -0.3418  0.4352  0.8329
Y  0.0607 -0.8742  0.4817
Z  0.9378  0.2152  0.2724

PART 78
OFFSET -1.1008 -12.3284 -18.2116
X -0.2196 -0.5307  0.8186
Y -0.0377 -0.8339 -0.5507
Z  0.9749 -0.1518  0.1631

PART 79
OFFSET -0.7269 -11.4249 -19.6053
X -0.0812 -0.9283 -0.3630
Y  0.2335  0.3363 -0.9123
Z  0.9690 -0.1588  0.1894

PART 80
OFFSET -0.6144 -10.1384 -19.1023
X  0.1549 -0.2261 -0.9617
Y  0.1907  0.9620 -0.1954
Z  0.9694 -0.1532  0.1921

PART 81
OFFSET -0.7824 -9.8932 -18.0592
X -0.1881 -0.3718  0.9090
Y  0.0257  0.9234  0.3830
Z -0.9818  0.0954 -0.1642

PART 82
OFFSET -3.9632 -9.3581 -11.3735
X -0.4036  0.1627  0.9003
Y -0.2177  0.9387 -0.2673
Z -0.8887 -0.3039 -0.3434

PART 83
OFFSET  0.7776 -12.2459 -17.2181
X -0.2319  0.3015  0.9248
Y  0.0221 -0.9489  0.3149
Z  0.9725  0.0934  0.2134

PART 84
OFFSET  1.1860 -12.7768 -18.8464
X -0.0474 -0.6707  0.7402
Y  0.2347 -0.7278 -0.6444
Z  0.9709  0.1431  0.1919

PART 85
OFFSET  1.3026 -11.9527 -19.7346
X -0.0711 -0.8076  0.5854
Y  0.2333 -0.5841 -0.7775
Z  0.9698  0.0812  0.2300

PART 86
OFFSET  1.3830 -11.0404 -20.3958
X  0.0853  0.8130  0.5760
Y  0.0073  0.5776 -0.8163
Z -0.9963  0.0739  0.0434

PART 87
OFFSET -0.1582 -12.3658 -17.7929
X -0.1292 -0.4897  0.8623
Y  0.1293 -0.8704 -0.4750
Z  0.9832  0.0501  0.1758

PART 88
OFFSET  0.0943 -11.4091 -19.4774
X  0.0900 -0.9566 -0.2770
Y  0.1128  0.2861 -0.9515
Z  0.9895  0.0544  0.1336

PART 89
OFFSET -0.0372 -10.0118 -19.0729
X  0.1033 -0.1353 -0.9854
Y -0.0810  0.9863 -0.1439
Z  0.9913  0.0947  0.0909

PART 90
OFFSET -0.1612 -9.8586 -17.9575
X -0.0908 -0.5322  0.8417
Y -0.0542  0.8466  0.5295
Z -0.9944  0.0025 -0.1058

PART 91
OFFSET -1.3339 -9.5502 -13.4307
X  0.1541  0.9508  0.2687
Y  0.8310 -0.2718  0.4853
Z  0.5345  0.1485 -0.8320

PART 92
OFFSET -2.4026 -9.8949 -13.0125
X  0.1541  0.9508  0.2687
Y  0.8310 -0.2718  0.4853
Z  0.5345  0.1485 -0.8320

PART 93
OFFSET -3.4169 -9.6042 -13.8480
X  0.1541  0.9508  0.2687
Y  0.8310 -0.2718  0.4853
Z  0.5345  0.1485 -0.8320

PART 94
OFFSET  0.0000 -0.0000 -0.0000
X  1.0000 -0.0000  0.0000
Y  0.0000  1.0000  0.0000
Z  0.0000 -0.0000  1.0000

PART 95
OFFSET  0.0000 -0.0000 -0.0000
X  1.0000 -0.0000  0.0000
Y  0.0000  1.0000  0.0000
Z  0.0000 -0.0000  1.0000

PART 96
OFFSET  1.5404 -0.0000  4.1357
X  1.0000 -0.0000  0.0000
Y  0.0000  1.0000  0.0000
Z  0.0000 -0.0000  1.0000


FRAME 2
PART 0
OFFSET  0.0000 -0.0000 -0.0000
X  1.0000 -0.0000  0.0000
Y  0.0000  1.0000  0.0000
Z  0.0000 -0.0000  1.0000

PART 1
OFFSET -7.6810 -0.0000 -1.3770
X  1.0000  0.0000  0.0000
Y -0.0000  1.0000  0.0000
Z  0.0000 -0.0000  1.0000

PART 2
OFFSET -1.6489  5.2787 -5.1189
X  0.2203 -0.6863 -0.6931
Y -0.8755  0.1741 -0.4507
Z  0.4300  0.7061 -0.5625

PART 3
OFFSET  1.0155 -3.0218 -13.5013
X  0.2199 -0.6862 -0.6933
Y -0.8163 -0.5186  0.2544
Z -0.5341  0.5100 -0.6742

PART 4
OFFSET  2.8862 -8.8584 -19.3986
X  0.2199 -0.6862 -0.6933
Y  0.6307  0.6423 -0.4356
Z  0.7442 -0.3415  0.5740

PART 5
OFFSET  4.7241 -10.4224 -19.2819
X  0.2262 -0.6845 -0.6930
Y  0.5452 -0.5006  0.6724
Z -0.8072 -0.5299  0.2599

PART 6
OFFSET  3.7441 -8.5306 -20.9135
X  0.2262 -0.6845 -0.6930
Y  0.5452 -0.5006  0.6724
Z -0.8072 -0.5299  0.2599

PART 7
OFFSET  2.9930 -11.6512 -19.3685
X  0.2262 -0.6845 -0.6930
Y  0.5452 -0.5006  0.6724
Z -0.8072 -0.5299  0.2599

PART 8
OFFSET  2.0387 -10.7557 -20.4139
X  0.2262 -0.6845 -0.6930
Y  0.5452 -0.5006  0.6724
Z -0.8072 -0.5299  0.2599

PART 9
OFFSET  1.2458 -9.5959 -21.2636
X  0.2262 -0.6845 -0.6930
Y  0.5452 -0.5006  0.6724
Z -0.8072 -0.5299  0.2599

PART 10
OFFSET  3.5605 -10.9621 -21.5241
X  0.4521 -0.7419 -0.4951
Y  0.5929  0.6647 -0.4546
Z  0.6664 -0.0880  0.7404

PART 11
OFFSET  4.6097 -10.6905 -21.8815
X  0.7070 -0.4824 -0.5171
Y  0.0681  0.7743 -0.6292
Z  0.7039  0.4096  0.5803

PART 12
OFFSET  6.1814 -11.6314 -23.0279
X  0.3763 -0.8338 -0.4039
Y  0.5039  0.5500 -0.6660
Z  0.7775  0.0470  0.6272

PART 13
OFFSET  6.8458 -13.0050 -23.5701
X  0.6629 -0.5237 -0.5351
Y  0.1663  0.7998 -0.5768
Z  0.7300  0.2934  0.6173

PART 14
OFFSET  7.5989 -13.5443 -24.1303
X  0.0547 -0.4102 -0.9104
Y -0.9871 -0.1598  0.0127
Z -0.1507  0.8979 -0.4136

PART 15
OFFSET  3.4429 -12.3194 -21.3067
X  0.1555 -0.9740 -0.1648
Y  0.6185 -0.0341  0.7850
Z -0.7702 -0.2240  0.5971

PART 16
OFFSET  3.9804 -14.4793 -21.6676
X  0.8500 -0.3416  0.4011
Y  0.3093  0.9399  0.1449
Z -0.4265  0.0009  0.9045

PART 17
OFFSET  5.1837 -14.9629 -21.0998
X  0.8479  0.3738  0.3760
Y -0.3585  0.9267 -0.1129
Z -0.3907 -0.0391  0.9197

PART 18
OFFSET  5.9355 -14.6315 -20.7663
X  0.7649  0.5448  0.3438
Y -0.4873  0.8383 -0.2443
Z -0.4213  0.0193  0.9067

PART 19
OFFSET  6.6621 -14.1139 -20.4397
X -0.2181 -0.9458 -0.2407
Y -0.9133  0.2848 -0.2911
Z  0.3438  0.1563 -0.9259

PART 20
OFFSET  3.8433 -12.0286 -21.8211
X  0.2522 -0.9107 -0.3271
Y  0.6303 -0.1019  0.7696
Z -0.7343 -0.4003  0.5483

PART 21
OFFSET  4.4591 -14.4247 -22.6195
X  0.6433 -0.6326  0.4313
Y  0.5176  0.7744  0.3638
Z -0.5641 -0.0108  0.8256

PART 22
OFFSET  5.5543 -15.5017 -21.8853
X  0.7287  0.4669  0.5010
Y -0.4071  0.8836 -0.2313
Z -0.5507 -0.0354  0.8340

PART 23
OFFSET  6.5642 -14.8546 -21.1909
X  0.6145  0.6545  0.4404
Y -0.5601  0.7551 -0.3406
Z -0.5555 -0.0374  0.8307

PART 24
OFFSET  7.2307 -14.1448 -20.7132
X -0.2108 -0.9694 -0.1254
Y -0.7867  0.2444 -0.5669
Z  0.5802 -0.0208 -0.8142

PART 25
OFFSET  6.2529 -12.2410 -23.3753
X  0.4960 -0.8511 -0.1720
Y -0.4825 -0.1055 -0.8695
Z  0.7219  0.5143 -0.4630

PART 26
OFFSET  5.5218 -13.3190 -24.0713
X  0.2476 -0.9687  0.0156
Y  0.6576  0.1799  0.7316
Z -0.7115 -0.1708  0.6816

PART 27
OFFSET  5.9577 -15.0246 -24.0438
X  0.6041 -0.4477  0.6593
Y  0.1710  0.8808  0.4414
Z -0.7784 -0.1539  0.6087

PART 28
OFFSET  6.7394 -15.5595 -23.2792
X  0.6153  0.3383  0.7121
Y -0.3682  0.9220 -0.1199
Z -0.6971 -0.1884  0.6918

PART 29
OFFSET  7.4343 -15.1775 -22.4749
X -0.0640 -0.9954  0.0710
Y -0.5982 -0.0187 -0.8011
Z  0.7988 -0.0938 -0.5942

PART 30
OFFSET  4.9499 -13.9768 -23.3925
X  0.5232 -0.8090  0.2681
Y  0.5285  0.5547  0.6426
Z -0.6686 -0.1945  0.7178

PART 31
OFFSET  5.9719 -15.5571 -22.8688
X  0.6595  0.3016  0.6886
Y -0.3170  0.9421 -0.1091
Z -0.6817 -0.1463  0.7169

PART 32
OFFSET  6.9352 -15.1166 -21.8630
X  0.5222  0.5752  0.6297
Y -0.4686  0.8104 -0.3517
Z -0.7126 -0.1114  0.6927

PART 33
OFFSET  7.5219 -14.4665 -21.1447
X -0.0556 -0.9515 -0.3025
Y -0.7459  0.2410 -0.6209
Z  0.6637  0.1911 -0.7231

PART 34
OFFSET  5.4823 -13.4659 -21.4931
X -0.7148 -0.3579  0.6008
Y -0.6664  0.0880 -0.7404
Z  0.2121 -0.9296 -0.3014

PART 35
OFFSET  4.5345 -9.7265 -20.0311
X  0.2263 -0.6845 -0.6930
Y  0.5452 -0.5006  0.6725
Z -0.8072 -0.5300  0.2599

PART 36
OFFSET  3.7441 -8.5306 -20.9135
X  0.2263 -0.6845 -0.6930
Y  0.5452 -0.5006  0.6725
Z -0.8072 -0.5300  0.2599

PART 37
OFFSET  2.5181 -11.3474 -19.8236
X  0.2263 -0.6845 -0.6930
Y  0.5452 -0.5006  0.6725
Z -0.8072 -0.5300  0.2599

PART 38
OFFSET  1.6125 -10.7154 -20.5928
X  0.2263 -0.6845 -0.6930
Y  0.5452 -0.5006  0.6725
Z -0.8072 -0.5300  0.2599

PART 39
OFFSET  1.9873 -9.6450 -20.9794
X  0.2263 -0.6845 -0.6930
Y  0.5452 -0.5006  0.6725
Z -0.8072 -0.5300  0.2599

PART 40
OFFSET  2.5527 -10.5465 -17.1314
X  0.4555 -0.4478 -0.7694
Y  0.1284  0.8883 -0.4409
Z  0.8809  0.1020  0.4622

PART 41
OFFSET  2.5527 -10.5465 -17.1314
X  0.4555 -0.4478 -0.7694
Y  0.1284  0.8883 -0.4409
Z  0.8809  0.1020  0.4622

PART 42
OFFSET  5.0307 -12.1568 -17.9808
X  0.4555 -0.4478 -0.7694
Y  0.1284  0.8883 -0.4409
Z  0.8809  0.1020  0.4622

PART 43
OFFSET  8.5641 -13.4004 -21.1298
X  0.4555 -0.4478 -0.7694
Y -0.2578  0.7609 -0.5954
Z  0.8521  0.4696  0.2312

PART 44
OFFSET  6.9245 -11.1131 -16.9992
X  0.4555 -0.4478 -0.7694
Y  0.1284  0.8883 -0.4409
Z  0.8809  0.1020  0.4622

PART 45
OFFSET  5.8263 -9.0974 -13.2582
X  0.4555 -0.4478 -0.7694
Y  0.1284  0.8883 -0.4409
Z  0.8809  0.1020  0.4622

PART 46
OFFSET  3.7494 -6.5194 -19.2410
X  0.4555 -0.4478 -0.7694
Y  0.1284  0.8883 -0.4409
Z  0.8809  0.1020  0.4622

PART 47
OFFSET  5.1682 -10.2788 -15.7387
X  0.2638  0.8934 -0.3638
Y -0.4555  0.4478  0.7694
Z  0.8502 -0.0373  0.5251

PART 48
OFFSET  5.2912 -9.8624 -15.9082
X  0.2656  0.8933 -0.3627
Y -0.4555  0.4478  0.7694
Z  0.8497 -0.0391  0.5258

PART 49
OFFSET  5.4150 -9.4459 -16.0773
X  0.2531  0.8938 -0.3703
Y -0.4555  0.4478  0.7694
Z  0.8535 -0.0260  0.5205

PART 50
OFFSET  5.5329 -9.0293 -16.2500
X  0.2071  0.8939 -0.3977
Y -0.4555  0.4478  0.7694
Z  0.8658  0.0218  0.4999

PART 51
OFFSET  5.6295 -8.6126 -16.4354
X  0.0896  0.8830 -0.4608
Y -0.4557  0.4478  0.7693
Z  0.8856  0.1410  0.4425

PART 52
OFFSET  5.6713 -8.2010 -16.6502
X -0.2619  0.7586 -0.5966
Y -0.4557  0.4477  0.7694
Z  0.8508  0.4733  0.2284

PART 53
OFFSET  5.5609 -7.8811 -16.9017
X -0.7264  0.3125 -0.6122
Y -0.4557  0.4478  0.7693
Z  0.5145  0.8378 -0.1829

PART 54
OFFSET  5.2205 -7.7347 -17.1885
X -0.8639 -0.0143 -0.5034
Y -0.4557  0.4478  0.7693
Z  0.2144  0.8940 -0.3934

PART 55
OFFSET  4.8178 -7.7414 -17.4232
X -0.8819 -0.1100 -0.4584
Y -0.4558  0.4478  0.7693
Z  0.1206  0.8874 -0.4450

PART 56
OFFSET  4.4066 -7.7927 -17.6369
X -0.8820 -0.1104 -0.4582
Y -0.4557  0.4478  0.7693
Z  0.1203  0.8873 -0.4452

PART 57
OFFSET  3.9955 -7.8442 -17.8504
X -0.8820 -0.1104 -0.4582
Y -0.4557  0.4478  0.7693
Z  0.1203  0.8873 -0.4452

PART 58
OFFSET  3.5843 -7.8956 -18.0641
X -0.8820 -0.1104 -0.4582
Y -0.4557  0.4477  0.7693
Z  0.1202  0.8873 -0.4452

PART 59
OFFSET  11.3616 -16.4007 -29.3426
X -0.7500  0.2726 -0.6027
Y  0.5102  0.8183 -0.2648
Z  0.4210 -0.5061 -0.7528

PART 60
OFFSET  11.0237 -18.7369 -28.1830
X  0.8557  0.4585  0.2398
Y -0.2766  0.7970 -0.5369
Z -0.4373  0.3931  0.8088

PART 61
OFFSET -6.5551 -7.9373 -5.6959
X  0.4244 -0.2028  0.8825
Y -0.7474 -0.6286  0.2150
Z  0.5112 -0.7508 -0.4184

PART 62
OFFSET -11.6876 -5.4848 -16.3685
X -0.8981  0.3788 -0.2235
Y  0.2171 -0.0600 -0.9743
Z -0.3824 -0.9235 -0.0283

PART 63
OFFSET -4.0488 -8.7063 -14.4679
X -0.8981  0.3788 -0.2235
Y  0.0115 -0.4877 -0.8729
Z -0.4396 -0.7866  0.4336

PART 64
OFFSET -2.4665 -8.1102 -13.3794
X -0.8983  0.3819 -0.2175
Y  0.3820  0.9232  0.0433
Z  0.2173 -0.0442 -0.9751

PART 65
OFFSET -2.5444 -8.7123 -12.3695
X -0.8983  0.3819 -0.2175
Y  0.3820  0.9232  0.0433
Z  0.2173 -0.0442 -0.9751

PART 66
OFFSET -2.9251 -10.0769 -12.7088
X -0.8983  0.3819 -0.2175
Y  0.3820  0.9232  0.0433
Z  0.2173 -0.0442 -0.9751

PART 67
OFFSET -1.2954 -9.8675 -13.7829
X -0.6577  0.3946  0.6417
Y -0.7524 -0.3030 -0.5848
Z -0.0363 -0.8675  0.4962

PART 68
OFFSET -0.2586 -9.3964 -13.7109
X -0.7309 -0.3690  0.5742
Y -0.5393 -0.2035 -0.8172
Z  0.4184 -0.9069 -0.0502

PART 69
OFFSET  1.3492 -8.5294 -14.8656
X -0.2471  0.1101  0.9627
Y -0.8583 -0.4859 -0.1647
Z  0.4497 -0.8670  0.2146

PART 70
OFFSET  1.6465 -8.6391 -16.4536
X  0.5621  0.3286  0.7590
Y -0.7107 -0.2776  0.6465
Z  0.4231 -0.9028  0.0775

PART 71
OFFSET  1.0314 -8.9484 -17.2889
X -0.0033  0.7652  0.6437
Y -0.4333  0.5791 -0.6906
Z -0.9013 -0.2812  0.3297

PART 72
OFFSET -1.5373 -10.3505 -15.0524
X -0.1822  0.4525  0.8729
Y  0.0279 -0.8851  0.4646
Z  0.9829  0.1090  0.1486

PART 73
OFFSET -0.9882 -11.2429 -17.0490
X -0.5340 -0.5350  0.6547
Y  0.0675 -0.7989 -0.5977
Z  0.8428 -0.2750  0.4627

PART 74
OFFSET -0.2321 -10.4855 -17.9759
X -0.1407 -0.9441 -0.2980
Y  0.5652  0.1705 -0.8071
Z  0.8129 -0.2820  0.5096

PART 75
OFFSET -0.1074 -9.6484 -17.7117
X  0.2267 -0.6021 -0.7655
Y  0.4755  0.7544 -0.4525
Z  0.8500 -0.2614  0.4573

PART 76
OFFSET -0.3228 -9.0764 -16.9844
X -0.5948  0.0248  0.8035
Y  0.3205  0.9240  0.2088
Z -0.7372  0.3817 -0.5575

PART 77
OFFSET -0.8976 -10.3571 -14.7355
X -0.4138  0.4589  0.7863
Y  0.0102 -0.8613  0.5080
Z  0.9103  0.2182  0.3517

PART 78
OFFSET  0.0413 -11.5995 -16.8172
X -0.2975 -0.5075  0.8086
Y  0.0072 -0.8482 -0.5297
Z  0.9547 -0.1517  0.2560

PART 79
OFFSET  0.5477 -10.7354 -18.1939
X -0.0540 -0.9373 -0.3444
Y  0.3185  0.3107 -0.8956
Z  0.9464 -0.1580  0.2818

PART 80
OFFSET  0.6225 -9.4364 -17.7167
X  0.2409 -0.2525 -0.9371
Y  0.2145  0.9555 -0.2023
Z  0.9465 -0.1523  0.2843

PART 81
OFFSET  0.3613 -9.1626 -16.7003
X -0.2733 -0.3465  0.8973
Y -0.0032  0.9332  0.3594
Z -0.9619  0.0954 -0.2562

PART 82
OFFSET -3.4157 -8.4340 -10.3516
X -0.4834  0.1886  0.8549
Y -0.1858  0.9322 -0.3107
Z -0.8555 -0.3090 -0.4155

PART 83
OFFSET  1.8211 -11.4989 -15.6578
X -0.3137  0.3273  0.8913
Y -0.0135 -0.9402  0.3404
Z  0.9494  0.0947  0.2994

PART 84
OFFSET  2.3735 -12.0750 -17.2272
X -0.1198 -0.6504  0.7501
Y  0.2877 -0.7459 -0.6008
Z  0.9502  0.1439  0.2765

PART 85
OFFSET  2.5768 -11.2756 -18.1223
X -0.1302 -0.7913  0.5974
Y  0.2996 -0.6057 -0.7371
Z  0.9452  0.0830  0.3159

PART 86
OFFSET  2.7239 -10.3818 -18.7970
X  0.0378  0.8278  0.5598
Y  0.0862  0.5554 -0.8271
Z -0.9956  0.0795 -0.0503

PART 87
OFFSET  0.9412 -11.6299 -16.3129
X -0.2112 -0.4658  0.8593
Y  0.1663 -0.8834 -0.4380
Z  0.9632  0.0504  0.2640

PART 88
OFFSET  1.3538 -10.7199 -17.9916
X  0.1083 -0.9641 -0.2423
Y  0.2016  0.2600 -0.9443
Z  0.9735  0.0535  0.2225

PART 89
OFFSET  1.1955 -9.3116 -17.6377
X  0.1923 -0.1621 -0.9678
Y -0.0606  0.9824 -0.1766
Z  0.9795  0.0926  0.1791

PART 90
OFFSET  0.9707 -9.1280 -16.5429
X -0.1714 -0.5091  0.8435
Y -0.0967  0.8607  0.4998
Z -0.9804  0.0041 -0.1967

PART 91
OFFSET -2.4799 -8.1494 -13.3936
X -0.8983  0.3816 -0.2176
Y  0.3818  0.9232  0.0429
Z  0.2172 -0.0445 -0.9751

PART 92
OFFSET -2.5752 -8.7972 -12.3901
X -0.8983  0.3816 -0.2176
Y  0.3818  0.9232  0.0429
Z  0.2172 -0.0445 -0.9751

PART 93
OFFSET -2.9455 -10.0714 -12.6156
X -0.8983  0.3816 -0.2176
Y  0.3818  0.9232  0.0429
Z  0.2172 -0.0445 -0.9751

PART 94
OFFSET  0.0000 -0.0000 -0.0000
X  1.0000 -0.0000  0.0000
Y  0.0000  1.0000  0.0000
Z  0.0000 -0.0000  1.0000

PART 95
OFFSET -0.0000 -0.0000 -0.0000
X  1.0000 -0.0004 -0.0081
Y  0.0004  1.0000  0.0012
Z  0.0081 -0.0012  1.0000

PART 96
OFFSET  1.5739 -0.0054  4.1231
X  1.0000 -0.0004 -0.0081
Y  0.0004  1.0000  0.0012
Z  0.0081 -0.0012  1.0000


FRAME 3
PART 0
OFFSET  0.0000 -0.0000 -0.0000
X  1.0000 -0.0000  0.0000
Y  0.0000  1.0000  0.0000
Z  0.0000 -0.0000  1.0000

PART 1
OFFSET -7.6810 -0.0000 -1.3770
X  1.0000  0.0000  0.0000
Y -0.0000  1.0000  0.0000
Z  0.0000 -0.0000  1.0000

PART 2
OFFSET -1.6489  5.2787 -5.1189
X  0.4993 -0.5182 -0.6944
Y -0.8117  0.0006 -0.5841
Z  0.3031  0.8553 -0.4203

PART 3
OFFSET  4.3895 -0.9882 -13.5169
X  0.0732 -0.8260 -0.5588
Y -0.8360 -0.3564  0.4173
Z -0.5439  0.4366 -0.7166

PART 4
OFFSET  5.0120 -8.0140 -18.2700
X  0.0732 -0.8260 -0.5588
Y  0.7815  0.3956 -0.4824
Z  0.6196 -0.4014  0.6745

PART 5
OFFSET  6.6761 -9.7439 -17.9942
X  0.0796 -0.8251 -0.5593
Y  0.5556 -0.4291  0.7121
Z -0.8276 -0.3675  0.4243

PART 6
OFFSET  5.7387 -8.0854 -19.8841
X  0.0796 -0.8251 -0.5593
Y  0.5556 -0.4291  0.7121
Z -0.8276 -0.3675  0.4243

PART 7
OFFSET  4.8248 -10.7428 -17.6951
X  0.0796 -0.8251 -0.5593
Y  0.5556 -0.4291  0.7121
Z -0.8276 -0.3675  0.4243

PART 8
OFFSET  3.8679 -9.9482 -18.8168
X  0.0796 -0.8251 -0.5593
Y  0.5556 -0.4291  0.7121
Z -0.8276 -0.3675  0.4243

PART 9
OFFSET  3.1188 -8.8794 -19.8129
X  0.0796 -0.8251 -0.5593
Y  0.5556 -0.4291  0.7121
Z -0.8276 -0.3675  0.4243

PART 10
OFFSET  5.2364 -10.5464 -19.9833
X  0.4961 -0.7509 -0.4360
Y  0.6357  0.6561 -0.4067
Z  0.5915 -0.0754  0.8028

PART 11
OFFSET  6.3159 -10.2819 -20.2423
X  0.7525 -0.4919 -0.4378
Y  0.1304  0.7630 -0.6331
Z  0.6455  0.4193  0.6383

PART 12
OFFSET  7.9887 -11.2440 -21.2148
X  0.4115 -0.8411 -0.3510
Y  0.5673  0.5378 -0.6237
Z  0.7133  0.0575  0.6984

PART 13
OFFSET  8.6991 -12.6275 -21.6661
X  0.7102 -0.5335 -0.4593
Y  0.2231  0.7894 -0.5719
Z  0.6677  0.3037  0.6797

PART 14
OFFSET  9.5015 -13.1771 -22.1414
X  0.1414 -0.4262 -0.8935
Y -0.9841 -0.1588 -0.0799
Z -0.1079  0.8906 -0.4419

PART 15
OFFSET  5.0951 -11.8996 -19.7544
X  0.1683 -0.9769 -0.1319
Y  0.5397 -0.0206  0.8416
Z -0.8248 -0.2129  0.5238

PART 16
OFFSET  5.6597 -14.0660 -20.0239
X  0.8064 -0.3350  0.4873
Y  0.2962  0.9420  0.1576
Z -0.5119  0.0172  0.8589

PART 17
OFFSET  6.8014 -14.5403 -19.3340
X  0.8085  0.3798  0.4496
Y -0.3437  0.9248 -0.1632
Z -0.4778 -0.0226  0.8782

PART 18
OFFSET  7.5182 -14.2036 -18.9354
X  0.7294  0.5502  0.4065
Y -0.4594  0.8342 -0.3049
Z -0.5069  0.0356  0.8613

PART 19
OFFSET  8.2111 -13.6808 -18.5492
X -0.1962 -0.9497 -0.2441
Y -0.8803  0.2802 -0.3829
Z  0.4320  0.1397 -0.8910

PART 20
OFFSET  5.5440 -11.6182 -20.2327
X  0.2804 -0.9165 -0.2852
Y  0.5527 -0.0887  0.8286
Z -0.7848 -0.3900  0.4817

PART 21
OFFSET  6.2283 -14.0285 -20.9259
X  0.5971 -0.6253  0.5024
Y  0.4819  0.7803  0.3985
Z -0.6413  0.0042  0.7673

PART 22
OFFSET  7.2448 -15.0931 -20.0705
X  0.6780  0.4752  0.5608
Y -0.3808  0.8797 -0.2850
Z -0.6288 -0.0203  0.7773

PART 23
OFFSET  8.1845 -14.4346 -19.2932
X  0.5707  0.6617  0.4862
Y -0.5228  0.7494 -0.4063
Z -0.6333 -0.0223  0.7736

PART 24
OFFSET  8.8034 -13.7169 -18.7659
X -0.2001 -0.9714 -0.1282
Y -0.7277  0.2350 -0.6444
Z  0.6561 -0.0356 -0.7538

PART 25
OFFSET  8.0919 -11.8597 -21.5429
X  0.5083 -0.8543 -0.1084
Y -0.3965 -0.1205 -0.9101
Z  0.7645  0.5055 -0.4000

PART 26
OFFSET  7.4289 -12.9494 -22.2873
X  0.2426 -0.9685  0.0564
Y  0.5843  0.1923  0.7885
Z -0.7745 -0.1583  0.6125

PART 27
OFFSET  7.8560 -14.6545 -22.1879
X  0.5365 -0.4364  0.7223
Y  0.1297  0.8884  0.4404
Z -0.8339 -0.1426  0.5332

PART 28
OFFSET  8.5589 -15.1764 -21.3422
X  0.5444  0.3504  0.7621
Y -0.3526  0.9200 -0.1710
Z -0.7611 -0.1756  0.6244

PART 29
OFFSET  9.1738 -14.7807 -20.4813
X -0.0730 -0.9940  0.0819
Y -0.5180 -0.0324 -0.8548
Z  0.8522 -0.1048 -0.5125

PART 30
OFFSET  6.7925 -13.5946 -21.6556
X  0.4929 -0.8045  0.3315
Y  0.4653  0.5656  0.6808
Z -0.7352 -0.1813  0.6531

PART 31
OFFSET  7.7554 -15.1662 -21.0079
X  0.5906  0.3133  0.7437
Y -0.3027  0.9403 -0.1557
Z -0.7481 -0.1331  0.6501

PART 32
OFFSET  8.6180 -14.7087 -19.9217
X  0.4603  0.5858  0.6670
Y -0.4304  0.8044 -0.4094
Z -0.7764 -0.0987  0.6224

PART 33
OFFSET  9.1341 -14.0464 -19.1615
X -0.0284 -0.9567 -0.2897
Y -0.6818  0.2305 -0.6942
Z  0.7309  0.1779 -0.6589

PART 34
OFFSET  7.1401 -13.0506 -19.7228
X -0.7704 -0.3467  0.5351
Y -0.5915  0.0754 -0.8028
Z  0.2380 -0.9349 -0.2632

PART 35
OFFSET  6.4849 -9.1830 -18.8487
X  0.0797 -0.8251 -0.5593
Y  0.5556 -0.4291  0.7121
Z -0.8276 -0.3675  0.4242

PART 36
OFFSET  5.7387 -8.0854 -19.8841
X  0.0797 -0.8251 -0.5593
Y  0.5556 -0.4291  0.7121
Z -0.8276 -0.3675  0.4242

PART 37
OFFSET  4.3404 -10.4734 -18.1615
X  0.0797 -0.8251 -0.5593
Y  0.5556 -0.4291  0.7121
Z -0.8276 -0.3675  0.4242

PART 38
OFFSET  3.4322 -9.8897 -18.9652
X  0.0797 -0.8251 -0.5593
Y  0.5556 -0.4291  0.7121
Z -0.8276 -0.3675  0.4242

PART 39
OFFSET  3.8764 -8.9657 -19.5854
X  0.0797 -0.8251 -0.5593
Y  0.5556 -0.4291  0.7121
Z -0.8276 -0.3675  0.4242

PART 40
OFFSET  3.7420 -9.8856 -15.5594
X  0.5266 -0.4616 -0.7138
Y  0.1726  0.8803 -0.4419
Z  0.8324  0.1095  0.5433

PART 41
OFFSET  3.7420 -9.8856 -15.5594
X  0.5266 -0.4616 -0.7138
Y  0.1726  0.8803 -0.4419
Z  0.8324  0.1095  0.5433

PART 42
OFFSET  6.2865 -11.5124 -16.1371
X  0.5266 -0.4616 -0.7138
Y  0.1726  0.8803 -0.4419
Z  0.8324  0.1095  0.5433

PART 43
OFFSET  10.1046 -12.8139 -18.9077
X  0.5266 -0.4616 -0.7138
Y -0.1972  0.7505 -0.6308
Z  0.8269  0.4730  0.3042

PART 44
OFFSET  8.0792 -10.4529 -14.9955
X  0.5266 -0.4616 -0.7138
Y  0.1726  0.8803 -0.4419
Z  0.8324  0.1095  0.5433

PART 45
OFFSET  6.6296 -8.3707 -11.4139
X  0.5266 -0.4616 -0.7138
Y  0.1726  0.8803 -0.4419
Z  0.8324  0.1095  0.5433

PART 46
OFFSET  5.1466 -5.8972 -17.6137
X  0.5266 -0.4616 -0.7138
Y  0.1726  0.8803 -0.4419
Z  0.8324  0.1095  0.5433

PART 47
OFFSET  6.2113 -9.5952 -13.9253
X  0.2999  0.8866 -0.3522
Y -0.5266  0.4616  0.7138
Z  0.7955 -0.0286  0.6053

PART 48
OFFSET  6.3511 -9.1819 -14.0895
X  0.3015  0.8865 -0.3509
Y -0.5266  0.4616  0.7138
Z  0.7948 -0.0304  0.6061

PART 49
OFFSET  6.4917 -8.7686 -14.2531
X  0.2898  0.8869 -0.3597
Y -0.5267  0.4616  0.7138
Z  0.7992 -0.0174  0.6009

PART 50
OFFSET  6.6267 -8.3551 -14.4209
X  0.2467  0.8866 -0.3914
Y -0.5266  0.4616  0.7138
Z  0.8135  0.0300  0.5808

PART 51
OFFSET  6.7418 -7.9418 -14.6033
X  0.1359  0.8746 -0.4654
Y -0.5268  0.4616  0.7137
Z  0.8391  0.1482  0.5234

PART 52
OFFSET  6.8051 -7.5341 -14.8202
X -0.2012  0.7482 -0.6323
Y -0.5268  0.4616  0.7138
Z  0.8258  0.4767  0.3013

PART 53
OFFSET  6.7203 -7.2187 -15.0868
X -0.6631  0.3021 -0.6849
Y -0.5268  0.4616  0.7137
Z  0.5318  0.8341 -0.1469

PART 54
OFFSET  6.4096 -7.0772 -15.4077
X -0.8113 -0.0226 -0.5842
Y -0.5268  0.4616  0.7137
Z  0.2535  0.8868 -0.3864

PART 55
OFFSET  6.0314 -7.0877 -15.6800
X -0.8337 -0.1175 -0.5395
Y -0.5269  0.4616  0.7137
Z  0.1652  0.8793 -0.4467

PART 56
OFFSET  5.6427 -7.1424 -15.9315
X -0.8338 -0.1178 -0.5393
Y -0.5268  0.4616  0.7137
Z  0.1648  0.8792 -0.4470

PART 57
OFFSET  5.2540 -7.1974 -16.1829
X -0.8338 -0.1178 -0.5393
Y -0.5268  0.4616  0.7137
Z  0.1649  0.8792 -0.4470

PART 58
OFFSET  4.8653 -7.2523 -16.4343
X -0.8338 -0.1178 -0.5393
Y -0.5268  0.4616  0.7137
Z  0.1648  0.8792 -0.4469

PART 59
OFFSET  13.6751 -15.9608 -26.7579
X -0.6876  0.2624 -0.6770
Y  0.5354  0.8131 -0.2286
Z  0.4905 -0.5196 -0.6996

PART 60
OFFSET  13.2212 -18.2759 -25.5957
X  0.8297  0.4621  0.3133
Y -0.2215  0.7876 -0.5750
Z -0.5124  0.4077  0.7558

PART 61
OFFSET -6.5551 -7.9373 -5.6959
X  0.3852  0.1739  0.9063
Y -0.4592 -0.8157  0.3517
Z  0.8005 -0.5517 -0.2343

PART 62
OFFSET -11.2136 -10.0410 -16.6565
X -0.9337 -0.0775 -0.3496
Y  0.3579 -0.1665 -0.9188
Z  0.0130 -0.9830  0.1832

PART 63
OFFSET -3.2722 -9.3823 -13.6828
X -0.9337 -0.0775 -0.3496
Y  0.3372 -0.5188 -0.7856
Z -0.1205 -0.8514  0.5105

PART 64
OFFSET -2.2139 -7.9792 -12.7054
X -0.9358 -0.0735 -0.3447
Y -0.0154  0.9856 -0.1686
Z  0.3521 -0.1525 -0.9235

PART 65
OFFSET -2.1937 -8.3367 -11.5828
X -0.9358 -0.0735 -0.3447
Y -0.0154  0.9856 -0.1686
Z  0.3521 -0.1525 -0.9235

PART 66
OFFSET -1.9647 -9.7753 -11.5920
X -0.9358 -0.0735 -0.3447
Y -0.0154  0.9856 -0.1686
Z  0.3521 -0.1525 -0.9235

PART 67
OFFSET -0.4099 -9.1448 -12.6109
X -0.7156  0.4063  0.5682
Y -0.6932 -0.3127 -0.6494
Z -0.0862 -0.8585  0.5054

PART 68
OFFSET  0.6163 -8.6733 -12.4473
X -0.7838 -0.3583  0.5072
Y -0.4583 -0.2175 -0.8618
Z  0.4191 -0.9079  0.0063

PART 69
OFFSET  2.3302 -7.8280 -13.4562
X -0.3387  0.1273  0.9323
Y -0.8396 -0.4881 -0.2384
Z  0.4247 -0.8634  0.2722

PART 70
OFFSET  2.7792 -7.9658 -15.0059
X  0.4869  0.3415  0.8039
Y -0.7705 -0.2656  0.5795
Z  0.4114 -0.9016  0.1338

PART 71
OFFSET  2.2469 -8.2894 -15.8912
X -0.0636  0.7765  0.6269
Y -0.3631  0.5671 -0.7393
Z -0.9296 -0.2747  0.2459

PART 72
OFFSET -0.5291 -9.6500 -13.8892
X -0.2646  0.4680  0.8432
Y -0.0193 -0.8767  0.4806
Z  0.9642  0.1109  0.2410

PART 73
OFFSET  0.2081 -10.5779 -15.8075
X -0.5961 -0.5229  0.6093
Y  0.1230 -0.8093 -0.5743
Z  0.7934 -0.2674  0.5468

PART 74
OFFSET  1.0521 -9.8375 -16.6701
X -0.1135 -0.9492 -0.2936
Y  0.6410  0.1559 -0.7516
Z  0.7591 -0.2735  0.5907

PART 75
OFFSET  1.1527 -8.9960 -16.4098
X  0.2982 -0.6157 -0.7294
Y  0.5188  0.7460 -0.4176
Z  0.8012 -0.2539  0.5418

PART 76
OFFSET  0.8694 -8.4110 -15.7168
X -0.6696  0.0394  0.7417
Y  0.3010  0.9273  0.2226
Z -0.6790  0.3723 -0.6327

PART 77
OFFSET  0.0769 -9.6514 -13.5120
X -0.4867  0.4730  0.7344
Y -0.0410 -0.8522  0.5216
Z  0.8726  0.2237  0.4341

PART 78
OFFSET  1.2095 -10.9311 -15.4711
X -0.3754 -0.4930  0.7849
Y  0.0563 -0.8574 -0.5116
Z  0.9251 -0.1479  0.3496

PART 79
OFFSET  1.8487 -10.0918 -16.8074
X -0.0227 -0.9432 -0.3315
Y  0.4043  0.2946 -0.8659
Z  0.9143 -0.1537  0.3746

PART 80
OFFSET  1.8802 -8.7846 -16.3479
X  0.3297 -0.2691 -0.9049
Y  0.2354  0.9517 -0.1973
Z  0.9143 -0.1480  0.3771

PART 81
OFFSET  1.5226 -8.4927 -15.3665
X -0.3596 -0.3304  0.8727
Y -0.0356  0.9394  0.3410
Z -0.9324  0.0915 -0.3496

PART 82
OFFSET -2.8483 -7.6495 -9.4262
X -0.5632  0.2041  0.8007
Y -0.1526  0.9267 -0.3435
Z -0.8121 -0.3157 -0.4908

PART 83
OFFSET  2.8693 -10.8113 -14.1471
X -0.3976  0.3432  0.8510
Y -0.0486 -0.9340  0.3539
Z  0.9163  0.0993  0.3880

PART 84
OFFSET  3.5692 -11.4155 -15.6454
X -0.1933 -0.6370  0.7463
Y  0.3426 -0.7566 -0.5570
Z  0.9194  0.1480  0.3645

PART 85
OFFSET  3.8600 -10.6321 -16.5305
X -0.1892 -0.7806  0.5958
Y  0.3679 -0.6189 -0.6940
Z  0.9104  0.0879  0.4043

PART 86
OFFSET  4.0738 -9.7505 -17.2034
X -0.0145  0.8375  0.5463
Y  0.1670  0.5407 -0.8245
Z -0.9858  0.0793 -0.1477

PART 87
OFFSET  2.0565 -10.9532 -14.8817
X -0.2943 -0.4504  0.8429
Y  0.2057 -0.8912 -0.4044
Z  0.9333  0.0544  0.3549

PART 88
OFFSET  2.6315 -10.0733 -16.5284
X  0.1289 -0.9683 -0.2138
Y  0.2925  0.2431 -0.9248
Z  0.9475  0.0567  0.3146

PART 89
OFFSET  2.4432 -8.6589 -16.2161
X  0.2845 -0.1793 -0.9417
Y -0.0409  0.9792 -0.1988
Z  0.9578  0.0951  0.2713

PART 90
OFFSET  2.1141 -8.4558 -15.1516
X -0.2533 -0.4940  0.8318
Y -0.1424  0.8695  0.4730
Z -0.9568  0.0014 -0.2906

PART 91
OFFSET -2.2090 -8.0225 -12.7101
X -0.9358 -0.0738 -0.3446
Y -0.0154  0.9855 -0.1690
Z  0.3521 -0.1528 -0.9234

PART 92
OFFSET -2.1859 -8.4290 -11.5832
X -0.9358 -0.0738 -0.3446
Y -0.0154  0.9855 -0.1690
Z  0.3521 -0.1528 -0.9234

PART 93
OFFSET -1.9985 -9.7594 -11.5040
X -0.9358 -0.0738 -0.3446
Y -0.0154  0.9855 -0.1690
Z  0.3521 -0.1528 -0.9234

PART 94
OFFSET  0.0000 -0.0000 -0.0000
X  1.0000 -0.0000  0.0000
Y  0.0000  1.0000  0.0000
Z  0.0000 -0.0000  1.0000

PART 95
OFFSET -0.0000 -0.0000 -0.0000
X  0.9998 -0.0015 -0.0173
Y  0.0015  1.0000  0.0025
Z  0.0173 -0.0025  0.9998

PART 96
OFFSET  1.6119 -0.0127  4.1084
X  0.9998 -0.0015 -0.0173
Y  0.0015  1.0000  0.0025
Z  0.0173 -0.0025  0.9998


FRAME 4
PART 0
OFFSET  0.0000 -0.0000 -0.0000
X  1.0000 -0.0000  0.0000
Y  0.0000  1.0000  0.0000
Z  0.0000 -0.0000  1.0000

PART 1
OFFSET -7.6810 -0.0000 -1.3770
X  1.0000  0.0000  0.0000
Y -0.0000  1.0000  0.0000
Z  0.0000 -0.0000  1.0000

PART 2
OFFSET -1.6489  5.2787 -5.1189
X  0.6522 -0.3957 -0.6466
Y -0.7393 -0.1434 -0.6579
Z  0.1676  0.9071 -0.3861

PART 3
OFFSET  6.2385  0.4931 -12.9388
X  0.0607 -0.8951 -0.4418
Y -0.8326 -0.2896  0.4722
Z -0.5506  0.3391 -0.7628

PART 4
OFFSET  6.7550 -7.1199 -16.6961
X  0.0607 -0.8951 -0.4418
Y  0.8645  0.2684 -0.4249
Z  0.4989 -0.3561  0.7901

PART 5
OFFSET  8.4119 -8.8091 -16.2072
X  0.0671 -0.8943 -0.4425
Y  0.5623 -0.3324  0.7572
Z -0.8242 -0.2997  0.4806

PART 6
OFFSET  7.4598 -7.4165 -18.2941
X  0.0671 -0.8943 -0.4425
Y  0.5623 -0.3324  0.7572
Z -0.8242 -0.2997  0.4806

PART 7
OFFSET  6.5586 -9.7433 -15.7519
X  0.0671 -0.8943 -0.4425
Y  0.5623 -0.3324  0.7572
Z -0.8242 -0.2997  0.4806

PART 8
OFFSET  5.5919 -9.1015 -16.9597
X  0.0671 -0.8943 -0.4425
Y  0.5623 -0.3324  0.7572
Z -0.8242 -0.2997  0.4806

PART 9
OFFSET  4.8363 -8.1726 -18.0830
X  0.0671 -0.8943 -0.4425
Y  0.5623 -0.3324  0.7572
Z -0.8242 -0.2997  0.4806

PART 10
OFFSET  6.9412 -9.8639 -18.0503
X  0.5459 -0.7528 -0.3678
Y  0.6757  0.6552 -0.3379
Z  0.4953 -0.0641  0.8663

PART 11
OFFSET  8.0422 -9.5966 -18.1861
X  0.7999 -0.4925 -0.3429
Y  0.1996  0.7571 -0.6220
Z  0.5660  0.4291  0.7039

PART 12
OFFSET  9.8197 -10.5601 -18.9490
X  0.4525 -0.8425 -0.2922
Y  0.6332  0.5343 -0.5599
Z  0.6279  0.0683  0.7753

PART 13
OFFSET  10.5828 -11.9444 -19.3005
X  0.7605 -0.5345 -0.3686
Y  0.2845  0.7846 -0.5509
Z  0.5837  0.3141  0.7488

PART 14
OFFSET  11.4368 -12.4947 -19.6743
X  0.2451 -0.4346 -0.8666
Y -0.9677 -0.1647 -0.1910
Z -0.0597  0.8854 -0.4609

PART 15
OFFSET  6.7797 -11.2154 -17.8247
X  0.1862 -0.9773 -0.1011
Y  0.4392 -0.0092  0.8983
Z -0.8789 -0.2117  0.4275

PART 16
OFFSET  7.3800 -13.3815 -18.0040
X  0.7462 -0.3259  0.5805
Y  0.2723  0.9451  0.1805
Z -0.6075  0.0234  0.7940

PART 17
OFFSET  8.4364 -13.8429 -17.1821
X  0.7498  0.3885  0.5356
Y -0.3262  0.9213 -0.2116
Z -0.5757 -0.0160  0.8175

PART 18
OFFSET  9.1012 -13.4985 -16.7072
X  0.6755  0.5581  0.4819
Y -0.4245  0.8287 -0.3648
Z -0.6029  0.0419  0.7967

PART 19
OFFSET  9.7430 -12.9682 -16.2495
X -0.1630 -0.9532 -0.2548
Y -0.8313  0.2718 -0.4848
Z  0.5313  0.1328 -0.8367

PART 20
OFFSET  7.2797 -10.9366 -18.2512
X  0.3150 -0.9180 -0.2411
Y  0.4539 -0.0774  0.8877
Z -0.8335 -0.3890  0.3923

PART 21
OFFSET  8.0487 -13.3504 -18.8348
