// Export filename: `C:\projects\cod\t5\xanim_export\t5_viewmodels\m60\m60_grip_d2p_out.XANIM_EXPORT`
// Source filename: `D:\projects\devanim\t5\animation_assets\rigs\viewmodels\t5_weapon\ViewModel_M60_Rig.fbx`
// Export time: Mon Jul 12 20:36:55 2010

ANIMATION
VERSION 3

NUMPARTS 97
PART 0 "tag_ads"
PART 1 "tag_torso"
PART 2 "J_Shoulder_LE"
PART 3 "J_Elbow_LE"
PART 4 "J_WristTwist_LE"
PART 5 "J_Sleave_Reshape_Bottom_LE_1"
PART 6 "J_Sleave_Reshape_Bottom_LE_2"
PART 7 "J_Sleave_Reshape_Top_LE_1"
PART 8 "J_Sleave_Reshape_Top_LE_2"
PART 9 "J_Sleave_Reshape_Top_LE_3"
PART 10 "J_Wrist_LE"
PART 11 "J_Thumb_LE_0"
PART 12 "J_Thumb_LE_1"
PART 13 "J_Thumb_LE_2"
PART 14 "J_Thumb_LE_3"
PART 15 "J_PinkyPalm_LE"
PART 16 "J_Pinky_LE_0"
PART 17 "J_Pinky_LE_1"
PART 18 "J_Pinky_LE_2"
PART 19 "J_Pinky_LE_3"
PART 20 "J_RingPalm_LE"
PART 21 "J_Ring_LE_0"
PART 22 "J_Ring_LE_1"
PART 23 "J_Ring_LE_2"
PART 24 "J_Ring_LE_3"
PART 25 "J_Webbing_LE"
PART 26 "J_Index_LE_0"
PART 27 "J_Index_LE_1"
PART 28 "J_Index_LE_2"
PART 29 "J_Index_LE_3"
PART 30 "J_Mid_LE_0"
PART 31 "J_Mid_LE_1"
PART 32 "J_Mid_LE_2"
PART 33 "J_Mid_LE_3"
PART 34 "tag_knife_attach"
PART 35 "D_Sleave_Reshape_Bottom_LE_1"
PART 36 "D_Sleave_Reshape_Bottom_LE_2"
PART 37 "D_Sleave_Reshape_Top_LE_1"
PART 38 "D_Sleave_Reshape_Top_LE_2"
PART 39 "D_Sleave_Reshape_Top_LE_3"
PART 40 "tag_weapon"
PART 41 "J_Gun"
PART 42 "J_Bolt"
PART 43 "J_Handle"
PART 44 "J_Reload_Cover"
PART 45 "TAG_IRON_SIGHTS"
PART 46 "TAG_CLIP"
PART 47 "J_Bullets0"
PART 48 "J_Bullets1"
PART 49 "J_Bullets2"
PART 50 "J_Bullets3"
PART 51 "J_Bullets4"
PART 52 "J_Bullets5"
PART 53 "J_Bullets6"
PART 54 "J_Bullets7"
PART 55 "J_Bullets8"
PART 56 "J_Bullets9"
PART 57 "J_Bullets10"
PART 58 "J_Bullets11"
PART 59 "J_Pod_Left"
PART 60 "J_Pod_Right"
PART 61 "J_Shoulder_RI"
PART 62 "J_Elbow_RI"
PART 63 "J_WristTwist_RI"
PART 64 "J_Sleave_Reshape_Top_RI_3"
PART 65 "J_Sleave_Reshape_Top_RI_2"
PART 66 "J_Sleave_Reshape_Top_RI_1"
PART 67 "J_Wrist_RI"
PART 68 "J_Thumb_RI_0"
PART 69 "J_Thumb_RI_1"
PART 70 "J_Thumb_RI_2"
PART 71 "J_Thumb_RI_3"
PART 72 "J_PinkyPalm_RI"
PART 73 "J_Pinky_RI_0"
PART 74 "J_Pinky_RI_1"
PART 75 "J_Pinky_RI_2"
PART 76 "J_Pinky_RI_3"
PART 77 "J_RingPalm_RI"
PART 78 "J_Ring_RI_0"
PART 79 "J_Ring_RI_1"
PART 80 "J_Ring_RI_2"
PART 81 "J_Ring_RI_3"
PART 82 "J_Webbing_RI"
PART 83 "J_Index_RI_0"
PART 84 "J_Index_RI_1"
PART 85 "J_Index_RI_2"
PART 86 "J_Index_RI_3"
PART 87 "J_Mid_RI_0"
PART 88 "J_Mid_RI_1"
PART 89 "J_Mid_RI_2"
PART 90 "J_Mid_RI_3"
PART 91 "D_Sleave_Reshape_Top_RI_3"
PART 92 "D_Sleave_Reshape_Top_RI_2"
PART 93 "D_Sleave_Reshape_Top_RI_1"
PART 94 "tag_cambone"
PART 95 "tag_camera"
PART 96 "tag_gasmask"

FRAMERATE 30
NUMFRAMES 11

FRAME 1820
PART 0
OFFSET  0.0000 -0.0000 -0.0000
X  1.0000 -0.0000  0.0000
Y  0.0000  1.0000  0.0000
Z  0.0000 -0.0000  1.0000

PART 1
OFFSET -7.6810 -0.0000 -1.3770
X  1.0000 -0.0000  0.0000
Y  0.0000  1.0000  0.0000
Z  0.0000 -0.0000  1.0000

PART 2
OFFSET  0.9827  5.2787 -8.4517
X  0.8848 -0.3252 -0.3336
Y -0.1477 -0.8749  0.4612
Z -0.4419 -0.3588 -0.8222

PART 3
OFFSET  11.6837  1.3456 -12.4866
X  0.6844 -0.2738  0.6758
Y -0.6384  0.2228  0.7368
Z -0.3523 -0.9356 -0.0223

PART 4
OFFSET  17.5045 -0.9835 -6.7389
X  0.6844 -0.2738  0.6758
Y -0.6580  0.1674  0.7342
Z -0.3141 -0.9471 -0.0656

PART 5
OFFSET  19.5359  0.2256 -6.2395
X  0.6891 -0.2726  0.6715
Y  0.3594  0.9331  0.0100
Z -0.6293  0.2345  0.7410

PART 6
OFFSET  18.7428 -2.2242 -6.9950
X  0.6891 -0.2726  0.6715
Y  0.3594  0.9331  0.0100
Z -0.6293  0.2345  0.7410

PART 7
OFFSET  18.4730  0.2010 -4.3999
X  0.6891 -0.2726  0.6715
Y  0.3594  0.9331  0.0100
Z -0.6293  0.2345  0.7410

PART 8
OFFSET  17.7850 -1.3245 -4.4687
X  0.6891 -0.2726  0.6715
Y  0.3594  0.9331  0.0100
Z -0.6293  0.2345  0.7410

PART 9
OFFSET  17.0735 -2.7438 -4.8872
X  0.6891 -0.2726  0.6715
Y  0.3594  0.9331  0.0100
Z -0.6293  0.2345  0.7410

PART 10
OFFSET  19.6025 -1.8230 -4.6672
X  0.4243 -0.3963  0.8142
Y -0.7871  0.2831  0.5480
Z -0.4476 -0.8734 -0.1919

PART 11
OFFSET  18.8500 -2.0867 -3.8509
X -0.2794 -0.6327  0.7222
Y -0.5606  0.7181  0.4123
Z -0.7795 -0.2897 -0.5554

PART 12
OFFSET  18.1477 -3.3966 -2.2822
X  0.4661 -0.7957  0.3867
Y -0.6656 -0.0275  0.7458
Z -0.5829 -0.6050 -0.5424

PART 13
OFFSET  18.8747 -4.7473 -1.7632
X  0.6656 -0.4595 -0.5882
Y  0.0046 -0.7855  0.6188
Z -0.7463 -0.4146 -0.5207

PART 14
OFFSET  19.5603 -5.2765 -2.4126
X  0.9717 -0.2347  0.0278
Y  0.1812  0.8153  0.5500
Z -0.1518 -0.5293  0.8347

PART 15
OFFSET  20.7139 -2.6379 -4.6038
X  0.7190 -0.5414  0.4359
Y -0.4715 -0.8407 -0.2664
Z  0.5106 -0.0140 -0.8597

PART 16
OFFSET  22.1972 -3.9554 -3.5320
X -0.4028 -0.8891  0.2176
Y -0.7963  0.2232 -0.5622
Z  0.4513 -0.3997 -0.7979

PART 17
OFFSET  21.6269 -5.2141 -3.2239
X -0.8925 -0.1926 -0.4079
Y  0.0346  0.8724 -0.4876
Z  0.4497 -0.4493 -0.7719

PART 18
OFFSET  20.8356 -5.3848 -3.5856
X -0.6414  0.4773 -0.6006
Y  0.6147  0.7882 -0.0301
Z  0.4590 -0.3885 -0.7990

PART 19
OFFSET  20.2262 -4.9313 -4.1562
X  0.0383 -0.8037  0.5938
Y  0.9348  0.2388  0.2628
Z -0.3530  0.5450  0.7605

PART 20
OFFSET  20.3467 -2.4150 -4.0338
X  0.6428 -0.4694  0.6054
Y -0.4213 -0.8767 -0.2324
Z  0.6398 -0.1056 -0.7613

PART 21
OFFSET  22.0540 -3.6578 -2.5176
X -0.5193 -0.8539  0.0351
Y -0.7127  0.4100 -0.5691
Z  0.4715 -0.3205 -0.8215

PART 22
OFFSET  21.1699 -5.1115 -2.4578
X -0.8671  0.0116 -0.4980
Y  0.1828  0.9374 -0.2964
Z  0.4634 -0.3480 -0.8150

PART 23
OFFSET  19.9682 -5.0954 -3.1480
X -0.0603  0.9049 -0.4214
Y  0.8814  0.2464  0.4031
Z  0.4686 -0.3471 -0.8124

PART 24
OFFSET  19.9029 -4.1140 -3.6050
X -0.4311 -0.8992  0.0750
Y  0.7357 -0.3021  0.6063
Z -0.5225  0.3165  0.7917

PART 25
OFFSET  19.4208 -3.0634 -1.3901
X  0.4270 -0.6705  0.6067
Y  0.5205  0.7309  0.4414
Z -0.7394  0.1273  0.6611

PART 26
OFFSET  20.8286 -2.8292 -1.0102
X -0.2906 -0.9563  0.0317
Y -0.8409  0.2394 -0.4854
Z  0.4566 -0.1677 -0.8737

PART 27
OFFSET  20.3170 -4.5130 -0.9543
X -0.7878  0.2246 -0.5735
Y  0.2914  0.9562 -0.0259
Z  0.5426 -0.1875 -0.8188

PART 28
OFFSET  19.3263 -4.2286 -1.6017
X -0.1404  0.9643 -0.2247
Y  0.8817  0.2249  0.4146
Z  0.4504 -0.1399 -0.8818

PART 29
OFFSET  19.1677 -3.1394 -1.8555
X -0.6236 -0.5563 -0.5492
Y  0.3361 -0.8251  0.4542
Z -0.7058  0.0987  0.7015

PART 30
OFFSET  21.5570 -3.2507 -1.7259
X -0.5717 -0.8195 -0.0389
Y -0.6372  0.4734 -0.6082
Z  0.5169 -0.3229 -0.7928

PART 31
OFFSET  20.4401 -4.8517 -1.8019
X -0.7767  0.2214 -0.5897
Y  0.3400  0.9355 -0.0966
Z  0.5302 -0.2755 -0.8019

PART 32
OFFSET  19.3056 -4.5283 -2.6632
X  0.0673  0.9673 -0.2444
Y  0.8220  0.0851  0.5631
Z  0.5655 -0.2388 -0.7895

PART 33
OFFSET  19.3852 -3.4345 -2.9459
X -0.6128 -0.7808 -0.1218
Y  0.6263 -0.5738  0.5277
Z -0.4819  0.2471  0.8406

PART 34
OFFSET  20.4949 -4.3810 -3.0476
X  0.5851 -0.1239 -0.8014
Y  0.4476  0.8734  0.1919
Z  0.6762 -0.4710  0.5665

PART 35
OFFSET  19.4506 -0.7622 -6.5531
X  0.6891 -0.2726  0.6714
Y  0.3595  0.9331  0.0098
Z -0.6292  0.2346  0.7410

PART 36
OFFSET  18.7428 -2.2242 -6.9950
X  0.6891 -0.2726  0.6714
Y  0.3595  0.9331  0.0098
Z -0.6292  0.2346  0.7410

PART 37
OFFSET  18.1498 -0.4436 -4.3299
X  0.6891 -0.2726  0.6714
Y  0.3595  0.9331  0.0098
Z -0.6292  0.2346  0.7410

PART 38
OFFSET  17.4772 -1.6077 -4.2677
X  0.6891 -0.2726  0.6714
Y  0.3595  0.9331  0.0098
Z -0.6292  0.2346  0.7410

PART 39
OFFSET  17.6132 -2.2835 -5.2477
X  0.6891 -0.2726  0.6714
Y  0.3595  0.9331  0.0098
Z -0.6292  0.2346  0.7410

PART 40
OFFSET  12.3393 -3.8944 -3.6653
X  0.9113  0.0930  0.4010
Y  0.0659  0.9286 -0.3653
Z -0.4063  0.3593  0.8401

PART 41
OFFSET  12.3393 -3.8944 -3.6653
X  0.9113  0.0930  0.4010
Y  0.0659  0.9286 -0.3653
Z -0.4063  0.3593  0.8401

PART 42
OFFSET  13.9114 -3.7621 -1.0260
X  0.9113  0.0930  0.4010
Y  0.0659  0.9286 -0.3653
Z -0.4063  0.3593  0.8401

PART 43
OFFSET  17.5206 -2.1003  1.8306
X  0.9113  0.0930  0.4010
Y -0.1476  0.9832  0.1073
Z -0.3843 -0.1570  0.9098

PART 44
OFFSET  12.7266 -2.3100  0.4324
X  0.9113  0.0930  0.4010
Y  0.0659  0.9286 -0.3653
Z -0.4063  0.3593  0.8401

PART 45
OFFSET  8.4319 -2.3607 -0.4718
X  0.9113  0.0930  0.4010
Y  0.0659  0.9286 -0.3653
Z -0.4063  0.3593  0.8401

PART 46
OFFSET  12.6139  1.1701 -4.5464
X  0.9061  0.0974  0.4117
Y -0.0502  0.9910 -0.1240
Z -0.4200  0.0916  0.9029

PART 47
OFFSET  11.1278 -2.8629 -1.1512
X  0.0020  0.9731 -0.2303
Y -0.9113 -0.0930 -0.4010
Z -0.4116  0.2107  0.8867

PART 48
OFFSET  11.1286 -2.4092 -1.2585
X  0.0010  0.9735 -0.2285
Y -0.9114 -0.0931 -0.4009
Z -0.4116  0.2086  0.8872

PART 49
OFFSET  11.1291 -1.9553 -1.3650
X  0.0071  0.9704 -0.2415
Y -0.9113 -0.0931 -0.4010
Z -0.4116  0.2229  0.8837

PART 50
OFFSET  11.1324 -1.5029 -1.4777
X  0.0291  0.9571 -0.2883
Y -0.9113 -0.0931 -0.4010
Z -0.4106  0.2744  0.8695

PART 51
OFFSET  10.9918 -0.9670 -1.3662
X  0.0836  0.9119 -0.4018
Y -0.9113 -0.0932 -0.4011
Z -0.4032  0.3997  0.8232

PART 52
OFFSET  10.9440 -0.5165 -1.4222
X  0.2338  0.6846 -0.6904
Y -0.9113 -0.0932 -0.4011
Z -0.3389  0.7229  0.6021

PART 53
OFFSET  10.9201 -0.1328 -1.5786
X  0.3921  0.1016 -0.9143
Y -0.9113 -0.0932 -0.4011
Z -0.1260  0.9904  0.0561

PART 54
OFFSET  11.0592  0.0040 -2.0107
X  0.4110 -0.2663 -0.8719
Y -0.9113 -0.0932 -0.4012
Z  0.0256  0.9594 -0.2810

PART 55
OFFSET  11.2509 -0.1201 -2.4171
X  0.4060 -0.3674 -0.8368
Y -0.9112 -0.0932 -0.4012
Z  0.0694  0.9254 -0.3726

PART 56
OFFSET  11.4401 -0.2914 -2.8072
X  0.4058 -0.3677 -0.8367
Y -0.9113 -0.0931 -0.4011
Z  0.0696  0.9253 -0.3729

PART 57
OFFSET  11.6293 -0.4629 -3.1972
X  0.4058 -0.3677 -0.8367
Y -0.9113 -0.0930 -0.4011
Z  0.0697  0.9253 -0.3729

PART 58
OFFSET  11.8185 -0.6343 -3.5873
X  0.4058 -0.3677 -0.8367
Y -0.9113 -0.0931 -0.4011
Z  0.0696  0.9253 -0.3728

PART 59
OFFSET  26.4172 -0.6359  3.5581
X  0.3975  0.0546 -0.9160
Y -0.0433  0.9982  0.0408
Z  0.9166  0.0235  0.3991

PART 60
OFFSET  26.2438 -3.0779  4.5187
X -0.3432  0.7096  0.6154
Y  0.1632  0.6902 -0.7049
Z -0.9250 -0.1415 -0.3527

PART 61
OFFSET -6.5551 -7.9373 -5.6959
X -0.6468  0.1030  0.7556
Y -0.2807 -0.9535 -0.1103
Z  0.7091 -0.2834  0.6456

PART 62
OFFSET  1.2676 -9.1832 -14.8346
X -0.6464 -0.2550 -0.7191
Y  0.7535 -0.0651 -0.6542
Z  0.1200 -0.9647  0.2342

PART 63
OFFSET  6.7653 -7.0142 -8.7179
X -0.6464 -0.2550 -0.7191
Y  0.7486 -0.3943 -0.5330
Z -0.1477 -0.8829  0.4458

PART 64
OFFSET  7.0029 -5.5073 -7.4657
X -0.6512 -0.2517 -0.7159
Y -0.1292  0.9664 -0.2223
Z  0.7478 -0.0523 -0.6619

PART 65
OFFSET  6.6025 -5.9425 -6.4175
X -0.6512 -0.2517 -0.7159
Y -0.1292  0.9664 -0.2223
Z  0.7478 -0.0523 -0.6619

PART 66
OFFSET  6.9635 -7.1848 -6.1635
X -0.6512 -0.2517 -0.7159
Y -0.1292  0.9664 -0.2223
Z  0.7478 -0.0523 -0.6619

PART 67
OFFSET  8.7469 -6.2324 -6.5133
X -0.7866 -0.1931 -0.5865
Y  0.6060 -0.4240 -0.6731
Z -0.1187 -0.8848  0.4505

PART 68
OFFSET  8.5647 -5.3730 -5.7849
X -0.4309 -0.8328 -0.3474
Y  0.8250 -0.2075 -0.5257
Z  0.3657 -0.5132  0.7765

PART 69
OFFSET  9.3919 -3.5266 -5.0258
X -0.9481 -0.3076 -0.0807
Y  0.3005 -0.7836 -0.5438
Z  0.1040 -0.5398  0.8353

PART 70
OFFSET  10.9287 -3.0163 -5.0216
X -0.8124  0.3375  0.4755
Y -0.5295 -0.7685 -0.3592
Z  0.2442 -0.5436  0.8030

PART 71
OFFSET  11.8050 -3.3433 -5.5664
X -0.8657  0.4399 -0.2388
Y  0.4421  0.4481 -0.7771
Z -0.2349 -0.7783 -0.5824

PART 72
OFFSET  10.0853 -6.3442 -6.8287
X -0.9903  0.0090 -0.1387
Y -0.0787 -0.8587  0.5063
Z -0.1146  0.5123  0.8511

PART 73
OFFSET  12.3033 -6.1844 -6.4553
X -0.6772 -0.7151 -0.1734
Y  0.6822 -0.6985  0.2160
Z -0.2756  0.0280  0.9609

PART 74
OFFSET  13.2621 -5.1720 -6.2097
X  0.3679 -0.9199  0.1356
Y  0.8708  0.3920  0.2966
Z -0.3259  0.0089  0.9453

PART 75
OFFSET  12.9359 -4.3564 -6.3299
X  0.8534 -0.4516  0.2604
Y  0.4457  0.8911  0.0851
Z -0.2704  0.0434  0.9618

PART 76
OFFSET  12.1251 -3.9273 -6.5773
X -0.8934 -0.2203 -0.3916
Y -0.2469  0.9689  0.0182
Z  0.3754  0.1130 -0.9199

PART 77
OFFSET  9.8390 -6.1435 -6.1895
X -0.9284 -0.0693 -0.3650
Y -0.1290 -0.8613  0.4915
Z -0.3484  0.5034  0.7907

PART 78
OFFSET  12.2975 -6.0575 -5.3487
X -0.6938 -0.7124  0.1058
Y  0.7187 -0.6751  0.1667
Z -0.0473  0.1917  0.9803

PART 79
OFFSET  13.4786 -4.8447 -5.5289
X  0.5219 -0.8317  0.1893
Y  0.8500  0.5258 -0.0334
Z -0.0717  0.1784  0.9813

PART 80
OFFSET  12.7553 -3.6920 -5.7913
X  0.9229 -0.3593  0.1383
Y  0.3775  0.9150 -0.1420
Z -0.0755  0.1833  0.9802

PART 81
OFFSET  11.7544 -3.3023 -5.9412
X -0.9755 -0.2193  0.0161
Y -0.2168  0.9469 -0.2376
Z  0.0369 -0.2352 -0.9712

PART 82
OFFSET  4.8971 -7.1517 -8.1437
X -0.8903 -0.3457 -0.2964
Y -0.0914  0.7733 -0.6274
Z  0.4461 -0.5315 -0.7200

PART 83
OFFSET  11.3107 -5.4891 -3.5528
X -0.9181 -0.2399 -0.3155
Y  0.0209 -0.8242  0.5659
Z -0.3958  0.5129  0.7617

PART 84
OFFSET  12.9271 -5.0668 -2.9973
X -0.4542 -0.8090  0.3732
Y  0.7999 -0.1859  0.5706
Z -0.3922  0.5577  0.7315

PART 85
OFFSET  13.4555 -4.0495 -3.4066
X -0.2610 -0.8678  0.4228
Y  0.8755 -0.0283  0.4823
Z -0.4066  0.4961  0.7672

PART 86
OFFSET  13.7503 -3.0692 -3.8841
X -0.8198  0.4476 -0.3572
Y  0.5628  0.7451 -0.3578
Z  0.1060 -0.4944 -0.8627

PART 87
OFFSET  11.9055 -5.8109 -4.4264
X -0.5941 -0.7761  0.2115
Y  0.7764 -0.4845  0.4030
Z -0.2103  0.4036  0.8904

PART 88
OFFSET  13.0660 -4.2948 -4.8395
X  0.5543 -0.7033  0.4451
Y  0.8141  0.5695 -0.1138
Z -0.1734  0.4255  0.8882

PART 89
OFFSET  12.2565 -3.2675 -5.4897
X  0.9136 -0.2729  0.3014
Y  0.3798  0.8376 -0.3927
Z -0.1452  0.4733  0.8689

PART 90
OFFSET  11.2230 -2.9611 -5.8375
X -0.9338 -0.3559 -0.0358
Y -0.3074  0.8497 -0.4284
Z  0.1829 -0.3890 -0.9029

PART 91
OFFSET  7.0002 -5.4949 -7.4680
X -0.6512 -0.2520 -0.7159
Y -0.1290  0.9663 -0.2228
Z  0.7479 -0.0527 -0.6617

PART 92
OFFSET  6.5982 -5.9194 -6.4221
X -0.6512 -0.2520 -0.7159
Y -0.1290  0.9663 -0.2228
Z  0.7479 -0.0527 -0.6617

PART 93
OFFSET  6.9842 -7.1861 -6.1814
X -0.6512 -0.2520 -0.7159
Y -0.1290  0.9663 -0.2228
Z  0.7479 -0.0527 -0.6617

PART 94
OFFSET  0.0000 -0.0000 -0.0000
X  1.0000 -0.0000  0.0000
Y  0.0000  1.0000  0.0000
Z  0.0000 -0.0000  1.0000

PART 95
OFFSET  0.0000 -0.0000 -0.0000
X  0.9962  0.0000  0.0866
Y  0.0015  0.9998 -0.0174
Z -0.0866  0.0175  0.9961

PART 96
OFFSET  1.1764  0.0722  4.2530
X  0.9962  0.0000  0.0866
Y  0.0015  0.9998 -0.0174
Z -0.0866  0.0175  0.9961


FRAME 1821
PART 0
OFFSET  0.0000 -0.0000 -0.0000
X  1.0000 -0.0000  0.0000
Y  0.0000  1.0000  0.0000
Z  0.0000 -0.0000  1.0000

PART 1
OFFSET -7.6810 -0.0000 -1.3770
X  1.0000 -0.0000  0.0000
Y  0.0000  1.0000  0.0000
Z  0.0000 -0.0000  1.0000

PART 2
OFFSET  0.8106  5.2787 -8.2338
X  0.8420 -0.3082 -0.4429
Y -0.1164 -0.9053  0.4086
Z -0.5268 -0.2924 -0.7981

PART 3
OFFSET  10.9931  1.5517 -13.5898
X  0.6976 -0.3155  0.6433
Y -0.6144  0.1986  0.7636
Z -0.3687 -0.9279 -0.0553

PART 4
OFFSET  16.9261 -1.1319 -8.1180
X  0.6976 -0.3155  0.6433
Y -0.6104  0.2085  0.7641
Z -0.3752 -0.9257 -0.0472

PART 5
OFFSET  18.9906  0.0205 -7.6204
X  0.7022 -0.3142  0.6389
Y  0.3755  0.9259  0.0426
Z -0.6050  0.2100  0.7681

PART 6
OFFSET  18.1357 -2.3790 -8.4647
X  0.7022 -0.3142  0.6389
Y  0.3755  0.9259  0.0426
Z -0.6050  0.2100  0.7681

PART 7
OFFSET  17.9774 -0.0721 -5.7551
X  0.7022 -0.3142  0.6389
Y  0.3755  0.9259  0.0426
Z -0.6050  0.2100  0.7681

PART 8
OFFSET  17.2618 -1.5817 -5.8744
X  0.7022 -0.3142  0.6389
Y  0.3755  0.9259  0.0426
Z -0.6050  0.2100  0.7681

PART 9
OFFSET  16.5152 -2.9688 -6.3374
X  0.7022 -0.3142  0.6389
Y  0.3755  0.9259  0.0426
Z -0.6050  0.2100  0.7681

PART 10
OFFSET  19.0646 -2.0992 -6.1458
X  0.5149 -0.4261  0.7439
Y -0.7003  0.2915  0.6516
Z -0.4945 -0.8564 -0.1483

PART 11
OFFSET  18.4174 -2.3612 -5.2432
X -0.2015 -0.6413  0.7403
Y -0.4806  0.7233  0.4958
Z -0.8535 -0.2559 -0.4540

PART 12
OFFSET  17.8870 -3.6871 -3.6214
X  0.4888 -0.8166  0.3070
Y -0.5632 -0.0266  0.8259
Z -0.6662 -0.5766 -0.4729

PART 13
OFFSET  18.6351 -5.0684 -3.2280
X  0.5693 -0.4636 -0.6789
Y  0.0619 -0.7993  0.5978
Z -0.8198 -0.3824 -0.4264

PART 14
OFFSET  19.2143 -5.6009 -3.9715
X  0.9596 -0.2613 -0.1041
Y  0.2754  0.7974  0.5370
Z -0.0573 -0.5440  0.8371

PART 15
OFFSET  20.1502 -2.9449 -6.2440
X  0.7533 -0.5703  0.3276
Y -0.5269 -0.8214 -0.2184
Z  0.3936 -0.0081 -0.9192

PART 16
OFFSET  21.7207 -4.3259 -5.4009
X -0.3972 -0.8826  0.2514
Y -0.8558  0.2573 -0.4488
Z  0.3314 -0.3934 -0.8576

PART 17
OFFSET  21.1585 -5.5755 -5.0450
X -0.9433 -0.1592 -0.2911
Y -0.0034  0.8820 -0.4712
Z  0.3318 -0.4435 -0.8326

PART 18
OFFSET  20.3221 -5.7166 -5.3031
X -0.6998  0.5080 -0.5023
Y  0.6286  0.7719 -0.0952
Z  0.3393 -0.3823 -0.8595

PART 19
OFFSET  19.6572 -5.2340 -5.7803
X  0.0916 -0.8178  0.5682
Y  0.9678  0.2075  0.1427
Z -0.2346  0.5368  0.8104

PART 20
OFFSET  19.8671 -2.7253 -5.6266
X  0.7021 -0.5001  0.5069
Y -0.4737 -0.8595 -0.1919
Z  0.5317 -0.1054 -0.8404

PART 21
OFFSET  21.7199 -4.0478 -4.3710
X -0.5353 -0.8402  0.0865
Y -0.7684  0.4419 -0.4630
Z  0.3508 -0.3143 -0.8822

PART 22
OFFSET  20.8085 -5.4782 -4.2238
X -0.9239  0.0463 -0.3799
Y  0.1703  0.9387 -0.2998
Z  0.3427 -0.3416 -0.8751

PART 23
OFFSET  19.5280 -5.4141 -4.7503
X -0.0878  0.9156 -0.3925
Y  0.9333  0.2134  0.2889
Z  0.3482 -0.3409 -0.8732

PART 24
OFFSET  19.4328 -4.4211 -5.1760
X -0.4440 -0.8888  0.1136
Y  0.7991 -0.3355  0.4989
Z -0.4053  0.3123  0.8592

PART 25
OFFSET  19.2748 -3.4088 -2.8974
X  0.4824 -0.6954  0.5327
Y  0.5950  0.7064  0.3834
Z -0.6429  0.1320  0.7545

PART 26
OFFSET  20.7264 -3.2212 -2.7006
X -0.3122 -0.9486  0.0512
Y -0.8895  0.2729 -0.3665
Z  0.3337 -0.1600 -0.9290

PART 27
OFFSET  20.1767 -4.8914 -2.6104
X -0.8488  0.2587 -0.4611
Y  0.3138  0.9484 -0.0455
Z  0.4255 -0.1833 -0.8862

PART 28
OFFSET  19.1190 -4.5658 -3.1171
X -0.1398  0.9726 -0.1859
Y  0.9345  0.1917  0.2999
Z  0.3273 -0.1318 -0.9357

PART 29
OFFSET  18.9611 -3.4673 -3.3271
X -0.7061 -0.5267 -0.4734
Y  0.3678 -0.8440  0.3905
Z -0.6052  0.1016  0.7896

PART 30
OFFSET  21.3425 -3.6456 -3.5134
X -0.5959 -0.8028  0.0206
Y -0.6967  0.5041 -0.5104
Z  0.3994 -0.3185 -0.8597

PART 31
OFFSET  20.1783 -5.2139 -3.4732
X -0.8400  0.2556 -0.4786
Y  0.3520  0.9280 -0.1224
Z  0.4128 -0.2713 -0.8695

PART 32
OFFSET  18.9513 -4.8406 -4.1722
X  0.0635  0.9705 -0.2325
Y  0.8905  0.0501  0.4522
Z  0.4505 -0.2358 -0.8611

PART 33
OFFSET  19.0258 -3.7431 -4.4420
X -0.6463 -0.7611 -0.0554
Y  0.6724 -0.6023  0.4301
Z -0.3608  0.2407  0.9011

PART 34
OFFSET  20.0843 -4.7165 -4.7061
X  0.4718 -0.1212 -0.8733
Y  0.4945  0.8564  0.1483
Z  0.7300 -0.5018  0.4640

PART 35
OFFSET  18.8800 -0.9503 -7.9763
X  0.7022 -0.3141  0.6389
Y  0.3755  0.9258  0.0425
Z -0.6049  0.2101  0.7681

PART 36
OFFSET  18.1357 -2.3790 -8.4647
X  0.7022 -0.3141  0.6389
Y  0.3755  0.9258  0.0425
Z -0.6049  0.2101  0.7681

PART 37
OFFSET  17.6453 -0.7140 -5.7056
X  0.7022 -0.3141  0.6389
Y  0.3755  0.9258  0.0425
Z -0.6049  0.2101  0.7681

PART 38
OFFSET  16.9548 -1.8690 -5.6781
X  0.7022 -0.3141  0.6389
Y  0.3755  0.9258  0.0425
Z -0.6049  0.2101  0.7681

PART 39
OFFSET  17.0528 -2.5009 -6.6914
X  0.7022 -0.3141  0.6389
Y  0.3755  0.9258  0.0425
Z -0.6049  0.2101  0.7681

PART 40
OFFSET  11.9357 -3.9971 -4.2416
X  0.9582  0.0594  0.2800
Y  0.0452  0.9346 -0.3529
Z -0.2826  0.3508  0.8928

PART 41
OFFSET  11.9357 -3.9971 -4.2416
X  0.9582  0.0594  0.2800
Y  0.0452  0.9346 -0.3529
Z -0.2826  0.3508  0.8928

PART 42
OFFSET  13.8415 -3.9673 -1.8287
X  0.9582  0.0594  0.2800
Y  0.0452  0.9346 -0.3529
Z -0.2826  0.3508  0.8928

PART 43
OFFSET  17.8398 -2.4687  0.5621
X  0.9582  0.0594  0.2800
Y -0.1507  0.9363  0.3172
Z -0.2433 -0.3461  0.9061

PART 44
OFFSET  12.9003 -2.5176 -0.2003
X  0.9582  0.0593  0.2800
Y  0.0453  0.9346 -0.3529
Z -0.2826  0.3508  0.8928

PART 45
OFFSET  8.5248 -2.4322 -0.5354
X  0.9582  0.0593  0.2800
Y  0.0453  0.9346 -0.3529
Z -0.2826  0.3508  0.8928

PART 46
OFFSET  12.2335  1.1204 -5.0299
X  0.9542  0.0640  0.2922
Y -0.0436  0.9962 -0.0757
Z -0.2960  0.0595  0.9533

PART 47
OFFSET  11.0931 -2.9910 -1.5713
X  0.0008  0.9777 -0.2099
Y -0.9582 -0.0594 -0.2800
Z -0.2862  0.2013  0.9368

PART 48
OFFSET  11.0935 -2.5352 -1.6691
X  0.0001  0.9781 -0.2080
Y -0.9582 -0.0594 -0.2799
Z -0.2862  0.1993  0.9372

PART 49
OFFSET  11.0935 -2.0792 -1.7661
X  0.0043  0.9751 -0.2217
Y -0.9582 -0.0595 -0.2799
Z -0.2862  0.2137  0.9341

PART 50
OFFSET  11.0955 -1.6246 -1.8695
X  0.0196  0.9623 -0.2713
Y -0.9582 -0.0594 -0.2799
Z -0.2855  0.2655  0.9209

PART 51
OFFSET  10.9901 -1.0889 -1.7330
X  0.0575  0.9182 -0.3918
Y -0.9581 -0.0595 -0.2801
Z -0.2805  0.3915  0.8764

PART 52
OFFSET  10.9405 -0.6279 -1.7539
X  0.1620  0.6937 -0.7018
Y -0.9581 -0.0595 -0.2801
Z -0.2361  0.7178  0.6550

PART 53
OFFSET  10.8874 -0.2198 -1.8429
X  0.2725  0.1119 -0.9556
Y -0.9581 -0.0595 -0.2801
Z -0.0882  0.9919  0.0910

PART 54
OFFSET  10.9614 -0.0553 -2.2470
X  0.2859 -0.2573 -0.9231
Y -0.9581 -0.0595 -0.2801
Z  0.0172  0.9645 -0.2635

PART 55
OFFSET  11.0946 -0.1752 -2.6773
X  0.2825 -0.3589 -0.8896
Y -0.9581 -0.0595 -0.2802
Z  0.0476  0.9315 -0.3607

PART 56
OFFSET  11.2263 -0.3426 -3.0920
X  0.2823 -0.3593 -0.8895
Y -0.9581 -0.0594 -0.2800
Z  0.0478  0.9313 -0.3611

PART 57
OFFSET  11.3579 -0.5101 -3.5066
X  0.2823 -0.3593 -0.8895
Y -0.9581 -0.0593 -0.2801
Z  0.0479  0.9313 -0.3610

PART 58
OFFSET  11.4895 -0.6776 -3.9213
X  0.2823 -0.3592 -0.8895
Y -0.9581 -0.0594 -0.2801
Z  0.0478  0.9314 -0.3610

PART 59
OFFSET  26.9250 -1.2836  1.1380
X  0.2762  0.0648 -0.9589
Y -0.0080  0.9978  0.0651
Z  0.9611 -0.0103  0.2761

PART 60
OFFSET  26.8060 -3.7414  2.0662
X -0.2389  0.7043  0.6684
Y  0.0903  0.7015 -0.7069
Z -0.9668 -0.1086 -0.2312

PART 61
OFFSET -6.5551 -7.9373 -5.6959
X -0.6083  0.1122  0.7857
Y -0.2846 -0.9550 -0.0840
Z  0.7409 -0.2747  0.6129

PART 62
OFFSET  0.8020 -9.2947 -15.1981
X -0.6165 -0.2699 -0.7397
Y  0.7761 -0.0498 -0.6286
Z  0.1328 -0.9616  0.2402

PART 63
OFFSET  6.0453 -6.9995 -8.9067
X -0.6165 -0.2699 -0.7397
Y  0.7778 -0.3546 -0.5189
Z -0.1223 -0.8952  0.4285

PART 64
OFFSET  6.2088 -5.4860 -7.6505
X -0.6215 -0.2667 -0.7366
Y -0.1424  0.9631 -0.2286
Z  0.7704 -0.0372 -0.6365

PART 65
OFFSET  5.7831 -5.9283 -6.6152
X -0.6215 -0.2667 -0.7366
Y -0.1424  0.9631 -0.2286
Z  0.7704 -0.0372 -0.6365

PART 66
OFFSET  6.1619 -7.1621 -6.3467
X -0.6215 -0.2667 -0.7366
Y -0.1424  0.9631 -0.2286
Z  0.7704 -0.0372 -0.6365

PART 67
OFFSET  7.9351 -6.1721 -6.6390
X -0.8617 -0.1584 -0.4821
Y  0.5003 -0.4247 -0.7546
Z -0.0852 -0.8914  0.4452

PART 68
OFFSET  7.8749 -5.3251 -5.8768
X -0.4970 -0.8128 -0.3039
Y  0.7429 -0.2175 -0.6330
Z  0.4484 -0.5404  0.7120

PART 69
OFFSET  8.8483 -3.5193 -5.1974
X -0.9592 -0.2801  0.0382
Y  0.2038 -0.7788 -0.5933
Z  0.1960 -0.5613  0.8041

PART 70
OFFSET  10.3870 -3.0507 -5.3845
X -0.7332  0.3482  0.5841
Y -0.5943 -0.7456 -0.3015
Z  0.3306 -0.5682  0.7536

PART 71
OFFSET  11.1748 -3.3886 -6.0456
X -0.8760  0.4684 -0.1150
Y  0.3501  0.4536 -0.8195
Z -0.3317 -0.7582 -0.5614

PART 72
OFFSET  9.2172 -6.3126 -7.1290
X -0.9992  0.0387 -0.0077
Y -0.0374 -0.8676  0.4958
Z  0.0125  0.4957  0.8684

PART 73
OFFSET  11.4687 -6.2210 -7.0461
X -0.7149 -0.6925 -0.0969
Y  0.6836 -0.7213  0.1114
Z -0.1471  0.0134  0.9890

PART 74
OFFSET  12.4808 -5.2407 -6.9089
X  0.3551 -0.9323  0.0686
Y  0.9133  0.3616  0.1875
Z -0.1996 -0.0039  0.9799

PART 75
OFFSET  12.1660 -4.4140 -6.9697
X  0.8663 -0.4802  0.1377
Y  0.4792  0.8767  0.0430
Z -0.1414  0.0287  0.9895

PART 76
OFFSET  11.3430 -3.9578 -7.1006
X -0.9429 -0.1872 -0.2755
Y -0.2136  0.9745  0.0689
Z  0.2555  0.1238 -0.9588

PART 77
OFFSET  9.0623 -6.1200 -6.4593
X -0.9697 -0.0359 -0.2416
Y -0.0893 -0.8685  0.4876
Z -0.2274  0.4944  0.8390

PART 78
OFFSET  11.6108 -6.1193 -5.9461
X -0.6948 -0.6957  0.1821
Y  0.7139 -0.6978  0.0583
Z  0.0865  0.1705  0.9816

PART 79
OFFSET  12.7938 -4.9348 -6.2561
X  0.5173 -0.8496  0.1035
Y  0.8536  0.5034 -0.1343
Z  0.0620  0.1578  0.9855

PART 80
OFFSET  12.0769 -3.7574 -6.3994
X  0.9220 -0.3870  0.0094
Y  0.3827  0.9076 -0.1727
Z  0.0583  0.1628  0.9849

PART 81
OFFSET  11.0770 -3.3377 -6.4096
X -0.9712 -0.1933  0.1394
Y -0.2177  0.9575 -0.1890
Z -0.0970 -0.2139 -0.9720

PART 82
OFFSET  3.8802 -6.9502 -7.7688
X -0.9312 -0.3148 -0.1839
Y -0.1494  0.7896 -0.5952
Z  0.3326 -0.5268 -0.7823

PART 83
OFFSET  10.8837 -5.5657 -4.0259
X -0.9581 -0.2079 -0.1972
Y  0.0700 -0.8372  0.5424
Z -0.2778  0.5059  0.8167

PART 84
OFFSET  12.5705 -5.1998 -3.6788
X -0.4254 -0.8048  0.4139
Y  0.8616 -0.2203  0.4573
Z -0.2768  0.5512  0.7871

PART 85
OFFSET  13.0709 -4.1879 -4.1342
X -0.2293 -0.8699  0.4367
Y  0.9297 -0.0628  0.3629
Z -0.2883  0.4892  0.8232

PART 86
OFFSET  13.3299 -3.2053 -4.6274
X -0.8457  0.4775 -0.2383
Y  0.5332  0.7377 -0.4141
Z -0.0220 -0.4773 -0.8785

PART 87
OFFSET  11.3498 -5.8834 -4.9758
X -0.5842 -0.7645  0.2726
Y  0.8076 -0.5142  0.2886
Z -0.0805  0.3887  0.9178

PART 88
OFFSET  12.4910 -4.3899 -5.5083
X  0.5865 -0.7279  0.3552
Y  0.8088  0.5499 -0.2085
Z -0.0436  0.4096  0.9112

PART 89
OFFSET  11.6344 -3.3267 -6.0272
X  0.9366 -0.3042  0.1739
Y  0.3500  0.8358 -0.4230
Z -0.0167  0.4570  0.8893

PART 90
OFFSET  10.5740 -2.9848 -6.2307
X -0.9407 -0.3298  0.0799
Y -0.3353  0.8672 -0.3682
Z  0.0521 -0.3731 -0.9263

PART 91
OFFSET  6.2058 -5.4737 -7.6529
X -0.6214 -0.2669 -0.7366
Y -0.1422  0.9630 -0.2290
Z  0.7705 -0.0376 -0.6364

PART 92
OFFSET  5.7784 -5.9053 -6.6201
X -0.6214 -0.2669 -0.7366
Y -0.1422  0.9630 -0.2290
Z  0.7705 -0.0376 -0.6364

PART 93
OFFSET  6.1832 -7.1630 -6.3639
X -0.6214 -0.2669 -0.7366
Y -0.1422  0.9630 -0.2290
Z  0.7705 -0.0376 -0.6364

PART 94
OFFSET  0.0000 -0.0000 -0.0000
X  1.0000 -0.0000  0.0000
Y  0.0000  1.0000  0.0000
Z  0.0000 -0.0000  1.0000

PART 95
OFFSET  0.0000 -0.0000 -0.0000
X  0.9972 -0.0000  0.0745
Y -0.0001  1.0000  0.0017
Z -0.0745 -0.0017  0.9972

PART 96
OFFSET  1.2281 -0.0072  4.2390
X  0.9972 -0.0000  0.0745
Y -0.0001  1.0000  0.0017
Z -0.0745 -0.0017  0.9972


FRAME 1822
PART 0
OFFSET  0.0000 -0.0000 -0.0000
X  1.0000 -0.0000  0.0000
Y  0.0000  1.0000  0.0000
Z  0.0000 -0.0000  1.0000

PART 1
OFFSET -7.6810 -0.0000 -1.3770
X  1.0000 -0.0000  0.0000
Y  0.0000  1.0000  0.0000
Z  0.0000 -0.0000  1.0000

PART 2
OFFSET  0.5535  5.2787 -7.9082
X  0.7482 -0.2541 -0.6128
Y -0.0716 -0.9493  0.3062
Z -0.6596 -0.1852 -0.7285

PART 3
OFFSET  9.6025  2.2051 -15.3197
X  0.7224 -0.3836  0.5753
Y -0.5656  0.1509  0.8108
Z -0.3978 -0.9111 -0.1079

PART 4
OFFSET  15.7470 -1.0572 -10.4264
X  0.7224 -0.3836  0.5753
Y -0.5238  0.2396  0.8175
Z -0.4514 -0.8919 -0.0278

PART 5
OFFSET  17.8680  0.0005 -9.9571
X  0.7268 -0.3820  0.5708
Y  0.4038  0.9099  0.0947
Z -0.5556  0.1617  0.8156

PART 6
OFFSET  16.8992 -2.3011 -10.9397
X  0.7268 -0.3820  0.5708
Y  0.4038  0.9099  0.0947
Z -0.5556  0.1617  0.8156

PART 7
OFFSET  16.9566 -0.2185 -8.0503
X  0.7268 -0.3820  0.5708
Y  0.4038  0.9099  0.0947
Z -0.5556  0.1617  0.8156

PART 8
OFFSET  16.1922 -1.6956 -8.2485
X  0.7268 -0.3820  0.5708
Y  0.4038  0.9099  0.0947
Z -0.5556  0.1617  0.8156

PART 9
OFFSET  15.3816 -3.0219 -8.7771
X  0.7268 -0.3820  0.5708
Y  0.4038  0.9099  0.0947
Z -0.5556  0.1617  0.8156

PART 10
OFFSET  17.9617 -2.2331 -8.6626
X  0.6527 -0.4845  0.5825
Y -0.5282  0.2603  0.8083
Z -0.5432 -0.8352 -0.0860

PART 11
OFFSET  17.5225 -2.5427 -7.6559
X -0.0534 -0.6856  0.7260
Y -0.3343  0.6974  0.6339
Z -0.9409 -0.2089 -0.2665

PART 12
OFFSET  17.3215 -3.9642 -6.0407
X  0.5174 -0.8443  0.1395
Y -0.3665 -0.0713  0.9277
Z -0.7733 -0.5311 -0.3464

PART 13
OFFSET  18.0920 -5.3824 -5.9096
X  0.3888 -0.4277 -0.8160
Y  0.1665 -0.8385  0.5188
Z -0.9062 -0.3376 -0.2548

PART 14
OFFSET  18.4738 -5.8747 -6.7949
X  0.9034 -0.2717 -0.3318
Y  0.4140  0.7543  0.5095
Z  0.1118 -0.5976  0.7939

PART 15
OFFSET  18.9697 -3.0905 -9.0525
X  0.7878 -0.6050  0.1154
Y -0.5892 -0.7949 -0.1449
Z  0.1794  0.0461 -0.9827

PART 16
OFFSET  20.6415 -4.5540 -8.6678
X -0.3605 -0.8899  0.2794
Y -0.9250  0.3027 -0.2295
Z  0.1196 -0.3412 -0.9323

PART 17
OFFSET  20.1311 -5.8139 -8.2723
X -0.9892 -0.1216 -0.0820
Y -0.0786  0.9115 -0.4037
Z  0.1239 -0.3929 -0.9112

PART 18
OFFSET  19.2541 -5.9217 -8.3450
X -0.7765  0.5535 -0.3011
Y  0.6171  0.7646 -0.1860
Z  0.1273 -0.3302 -0.9353

PART 19
OFFSET  18.5163 -5.3959 -8.6310
X  0.1882 -0.8556  0.4823
Y  0.9816  0.1794 -0.0648
Z -0.0310  0.4856  0.8736

PART 20
OFFSET  18.8381 -2.9075 -8.3752
X  0.7800 -0.5460  0.3056
Y -0.5328 -0.8357 -0.1333
Z  0.3282 -0.0588 -0.9428

PART 21
OFFSET  20.8784 -4.3455 -7.6488
X -0.5304 -0.8339  0.1524
Y -0.8368  0.4862 -0.2516
Z  0.1357 -0.2610 -0.9558

PART 22
OFFSET  19.9754 -5.7652 -7.3892
X -0.9831  0.0889 -0.1602
Y  0.1306  0.9533 -0.2723
Z  0.1285 -0.2886 -0.9488

PART 23
OFFSET  18.6130 -5.6421 -7.6113
X -0.1423  0.9413 -0.3062
Y  0.9807  0.1760  0.0854
Z  0.1343 -0.2882 -0.9481

PART 24
OFFSET  18.4586 -4.6212 -7.9434
X -0.4370 -0.8859  0.1555
Y  0.8783 -0.3830  0.2861
Z -0.1940  0.2616  0.9455

PART 25
OFFSET  18.8438 -3.7609 -5.6297
X  0.5652 -0.7384  0.3678
Y  0.6883  0.6679  0.2831
Z -0.4547  0.0932  0.8858

PART 26
OFFSET  20.3083 -3.6142 -5.7512
X -0.3243 -0.9439  0.0617
Y -0.9391  0.3135 -0.1409
Z  0.1137 -0.1036 -0.9881

PART 27
OFFSET  19.7373 -5.2761 -5.6427
X -0.9209  0.3048 -0.2430
Y  0.3271  0.9433 -0.0565
Z  0.2120 -0.1315 -0.9684

PART 28
OFFSET  18.6049 -4.8975 -5.8792
X -0.1452  0.9853 -0.0902
Y  0.9836  0.1536  0.0945
Z  0.1070 -0.0750 -0.9914

PART 29
OFFSET  18.4408 -3.7846 -5.9811
X -0.8106 -0.4805 -0.3348
Y  0.4170 -0.8749  0.2461
Z -0.4112  0.0598  0.9096

PART 30
OFFSET  20.7143 -3.9947 -6.7056
X -0.6028 -0.7911  0.1042
Y -0.7755  0.5501 -0.3100
Z  0.1879 -0.2677 -0.9450

PART 31
OFFSET  19.5366 -5.5400 -6.5020
X -0.9163  0.3027 -0.2622
Y  0.3467  0.9273 -0.1410
Z  0.2004 -0.2201 -0.9547

PART 32
OFFSET  18.1982 -5.0979 -6.8849
X  0.0425  0.9825 -0.1811
Y  0.9698  0.0030  0.2438
Z  0.2401 -0.1860 -0.9528

PART 33
OFFSET  18.2474 -3.9864 -7.0970
X -0.6674 -0.7434  0.0440
Y  0.7308 -0.6423  0.2313
Z -0.1437  0.1865  0.9719

PART 34
OFFSET  19.1880 -4.9596 -7.6500
X  0.2620 -0.0713 -0.9624
Y  0.5432  0.8352  0.0860
Z  0.7977 -0.5453  0.2575

PART 35
OFFSET  17.7101 -0.9353 -10.3823
X  0.7269 -0.3819  0.5708
Y  0.4039  0.9099  0.0946
Z -0.5555  0.1618  0.8156

PART 36
OFFSET  16.8992 -2.3011 -10.9397
X  0.7269 -0.3819  0.5708
Y  0.4039  0.9099  0.0946
Z -0.5555  0.1618  0.8156

PART 37
OFFSET  16.6093 -0.8540 -8.0333
X  0.7269 -0.3819  0.5708
Y  0.4039  0.9099  0.0946
Z -0.5555  0.1618  0.8156

PART 38
OFFSET  15.8883 -1.9902 -8.0585
X  0.7269 -0.3819  0.5708
Y  0.4039  0.9099  0.0946
Z -0.5555  0.1618  0.8156

PART 39
OFFSET  15.9122 -2.5401 -9.1228
X  0.7269 -0.3819  0.5708
Y  0.4039  0.9099  0.0946
Z -0.5555  0.1618  0.8156

PART 40
OFFSET  11.3740 -4.1204 -5.3324
X  0.9978  0.0225  0.0617
Y -0.0032  0.9551 -0.2963
Z -0.0657  0.2955  0.9531

PART 41
OFFSET  11.3740 -4.1204 -5.3324
X  0.9978  0.0225  0.0617
Y -0.0032  0.9551 -0.2963
Z -0.0657  0.2955  0.9531

PART 42
OFFSET  13.7676 -4.2880 -3.4095
X  0.9978  0.0225  0.0617
Y -0.0032  0.9551 -0.2963
Z -0.0657  0.2955  0.9531

PART 43
OFFSET  18.2441 -3.0279 -1.8861
X  0.9978  0.0225  0.0617
Y -0.0551  0.7995  0.5981
Z -0.0359 -0.6002  0.7990

PART 44
OFFSET  13.2598 -2.9332 -1.5265
X  0.9978  0.0225  0.0618
Y -0.0032  0.9551 -0.2963
Z -0.0657  0.2955  0.9531

PART 45
OFFSET  8.9243 -2.7436 -0.8690
X  0.9978  0.0225  0.0618
Y -0.0032  0.9551 -0.2963
Z -0.0657  0.2955  0.9531

PART 46
OFFSET  11.6575  1.0592 -5.8346
X  0.9968  0.0266  0.0755
Y -0.0276  0.9995  0.0119
Z -0.0752 -0.0139  0.9971

PART 47
OFFSET  11.1788 -3.2798 -2.4850
X -0.0134  0.9894 -0.1446
Y -0.9978 -0.0225 -0.0617
Z -0.0644  0.1435  0.9876

PART 48
OFFSET  11.1725 -2.8186 -2.5524
X -0.0136  0.9897 -0.1426
Y -0.9978 -0.0226 -0.0617
Z -0.0643  0.1414  0.9879

PART 49
OFFSET  11.1662 -2.3572 -2.6189
X -0.0127  0.9875 -0.1571
Y -0.9978 -0.0226 -0.0617
Z -0.0645  0.1560  0.9857

PART 50
OFFSET  11.1603 -1.8968 -2.6922
X -0.0091  0.9778 -0.2095
Y -0.9978 -0.0226 -0.0617
Z -0.0651  0.2085  0.9759

PART 51
OFFSET  11.1143 -1.3785 -2.5382
X -0.0004  0.9412 -0.3379
Y -0.9978 -0.0226 -0.0619
Z -0.0659  0.3371  0.9391

PART 52
OFFSET  11.0786 -0.9188 -2.5206
X  0.0252  0.7360 -0.6765
Y -0.9978 -0.0227 -0.0619
Z -0.0609  0.6766  0.7338

PART 53
OFFSET  11.0212 -0.5038 -2.5440
X  0.0572  0.1705 -0.9837
Y -0.9978 -0.0227 -0.0619
Z -0.0328  0.9851  0.1689

PART 54
OFFSET  11.0098 -0.3015 -2.9143
X  0.0652 -0.2002 -0.9776
Y -0.9978 -0.0227 -0.0619
Z -0.0097  0.9795 -0.2012

PART 55
OFFSET  11.0402 -0.3948 -3.3700
X  0.0660 -0.3038 -0.9504
Y -0.9978 -0.0227 -0.0620
Z -0.0027  0.9525 -0.3046

PART 56
OFFSET  11.0710 -0.5364 -3.8132
X  0.0658 -0.3042 -0.9503
Y -0.9978 -0.0226 -0.0618
Z -0.0027  0.9523 -0.3050

PART 57
OFFSET  11.1016 -0.6783 -4.2561
X  0.0658 -0.3042 -0.9503
Y -0.9978 -0.0225 -0.0619
Z -0.0026  0.9524 -0.3050

PART 58
OFFSET  11.1323 -0.8201 -4.6992
X  0.0658 -0.3041 -0.9504
Y -0.9978 -0.0225 -0.0619
Z -0.0026  0.9524 -0.3049

PART 59
OFFSET  27.2649 -2.0543 -3.2846
X  0.0585  0.1237 -0.9906
Y  0.0397  0.9912  0.1261
Z  0.9975 -0.0467  0.0531

PART 60
OFFSET  27.2734 -4.5661 -2.5053
X -0.0612  0.6623  0.7467
Y -0.0456  0.7455 -0.6650
Z -0.9971 -0.0747 -0.0154

PART 61
OFFSET -6.5551 -7.9373 -5.6959
X -0.5522  0.1261  0.8241
Y -0.2828 -0.9582 -0.0428
Z  0.7843 -0.2567  0.5648

PART 62
OFFSET  0.1228 -9.4629 -15.6628
X -0.5832 -0.2945 -0.7570
Y  0.7971 -0.0280 -0.6032
Z  0.1565 -0.9552  0.2511

PART 63
OFFSET  5.0834 -6.9578 -9.2239
X -0.5832 -0.2945 -0.7570
Y  0.8112 -0.2610 -0.5234
Z -0.0434 -0.9193  0.3911

PART 64
OFFSET  5.1567 -5.4322 -7.9739
X -0.5885 -0.2915 -0.7541
Y -0.1665  0.9564 -0.2398
Z  0.7912 -0.0156 -0.6114

PART 65
OFFSET  4.7128 -5.8821 -6.9496
X -0.5885 -0.2915 -0.7541
Y -0.1665  0.9564 -0.2398
Z  0.7912 -0.0156 -0.6114

PART 66
OFFSET  5.1232 -7.1011 -6.6605
X -0.5885 -0.2915 -0.7541
Y -0.1665  0.9564 -0.2398
Z  0.7912 -0.0156 -0.6114

PART 67
OFFSET  6.8713 -6.0548 -6.9031
X -0.9519 -0.1097 -0.2860
Y  0.3060 -0.3825 -0.8718
Z -0.0138 -0.9174  0.3976

PART 68
OFFSET  7.0099 -5.2597 -6.0964
X -0.5787 -0.7812 -0.2342
Y  0.5763 -0.1885 -0.7952
Z  0.5770 -0.5951  0.5593

PART 69
OFFSET  8.1691 -3.5220 -5.5428
X -0.9356 -0.2640  0.2345
Y  0.0411 -0.7410 -0.6703
Z  0.3508 -0.6175  0.7041

PART 70
OFFSET  9.6426 -3.0708 -6.0402
X -0.5733  0.3220  0.7534
Y -0.6708 -0.7125 -0.2059
Z  0.4705 -0.6234  0.6245

PART 71
OFFSET  10.2524 -3.3783 -6.8800
X -0.8637  0.4913  0.1126
Y  0.1744  0.5009 -0.8478
Z -0.4729 -0.7126 -0.5183

PART 72
OFFSET  8.0073 -6.1862 -7.6750
X -0.9742  0.0578  0.2183
Y  0.0447 -0.8980  0.4376
Z  0.2213  0.4361  0.8722

PART 73
OFFSET  10.2229 -6.1425 -8.0921
X -0.7412 -0.6709  0.0233
Y  0.6669 -0.7398 -0.0885
Z  0.0766 -0.0501  0.9958

PART 74
OFFSET  11.2722 -5.1926 -8.1250
X  0.3303 -0.9413 -0.0696
Y  0.9436  0.3311  0.0003
Z  0.0228 -0.0657  0.9976

PART 75
OFFSET  10.9793 -4.3580 -8.0633
X  0.8588 -0.5045 -0.0890
Y  0.5056  0.8627 -0.0117
Z  0.0827 -0.0349  0.9960

PART 76
OFFSET  10.1634 -3.8787 -7.9787
X -0.9862 -0.1506 -0.0686
Y -0.1605  0.9715  0.1743
Z  0.0404  0.1829 -0.9823

PART 77
OFFSET  8.0114 -6.0360 -6.9771
X -0.9998 -0.0015 -0.0204
Y -0.0077 -0.8973  0.4413
Z -0.0190  0.4413  0.8971

PART 78
OFFSET  10.6089 -6.1173 -7.0476
X -0.6598 -0.6932  0.2899
Y  0.6855 -0.7134 -0.1456
Z  0.3078  0.1027  0.9459

PART 79
OFFSET  11.7322 -4.9371 -7.5412
X  0.4988 -0.8641 -0.0669
Y  0.8187  0.4952 -0.2907
Z  0.2844  0.0903  0.9545

PART 80
OFFSET  11.0409 -3.7395 -7.4485
X  0.8878 -0.4040 -0.2207
Y  0.3648  0.9098 -0.1981
Z  0.2808  0.0954  0.9550

PART 81
OFFSET  10.0781 -3.3014 -7.2092
X -0.9219 -0.1840  0.3409
Y -0.2224  0.9719 -0.0767
Z -0.3173 -0.1465 -0.9370

PART 82
OFFSET  2.6433 -6.6795 -7.1431
X -0.9587 -0.2843  0.0101
Y -0.2515  0.8303 -0.4973
Z  0.1330 -0.4793 -0.8675

PART 83
OFFSET  10.3447 -5.6800 -4.9833
X -0.9843 -0.1762  0.0097
Y  0.1608 -0.8728  0.4608
Z -0.0727  0.4552  0.8874

PART 84
OFFSET  12.0777 -5.3698 -5.0004
X -0.3495 -0.8226  0.4486
Y  0.9338 -0.2665  0.2388
Z -0.0768  0.5023  0.8612

PART 85
OFFSET  12.4978 -4.3393 -5.4935
X -0.1554 -0.8928  0.4229
Y  0.9844 -0.1044  0.1414
Z -0.0821  0.4383  0.8951

PART 86
OFFSET  12.6734 -3.3308 -5.9711
X -0.8612  0.5081 -0.0135
Y  0.4522  0.7537 -0.4770
Z -0.2322 -0.4169 -0.8788

PART 87
OFFSET  10.5776 -5.9421 -6.0310
X -0.5342 -0.7700  0.3490
Y  0.8340 -0.5474  0.0688
Z  0.1381  0.3278  0.9346

PART 88
OFFSET  11.6211 -4.4379 -6.7128
X  0.6262 -0.7609  0.1700
Y  0.7602  0.5474 -0.3501
Z  0.1733  0.3484  0.9212

PART 89
OFFSET  10.7065 -3.3265 -6.9611
X  0.9412 -0.3326 -0.0588
Y  0.2750  0.8556 -0.4387
Z  0.1962  0.3967  0.8967

PART 90
OFFSET  9.6393 -2.9519 -6.9012
X -0.9099 -0.3167  0.2679
Y -0.3797  0.8960 -0.2302
Z -0.1671 -0.3112 -0.9355

PART 91
OFFSET  5.1534 -5.4200 -7.9765
X -0.5884 -0.2917 -0.7541
Y -0.1663  0.9564 -0.2402
Z  0.7913 -0.0160 -0.6112

PART 92
OFFSET  4.7075 -5.8592 -6.9548
X -0.5884 -0.2917 -0.7541
Y -0.1663  0.9564 -0.2402
Z  0.7913 -0.0160 -0.6112

PART 93
OFFSET  5.1450 -7.1014 -6.6770
X -0.5884 -0.2917 -0.7541
Y -0.1663  0.9564 -0.2402
Z  0.7913 -0.0160 -0.6112

PART 94
OFFSET  0.0000 -0.0000 -0.0000
X  1.0000 -0.0000  0.0000
Y  0.0000  1.0000  0.0000
Z  0.0000 -0.0000  1.0000

PART 95
OFFSET  0.0000 -0.0000 -0.0000
X  0.9991 -0.0000  0.0416
Y -0.0010  0.9997  0.0247
Z -0.0416 -0.0247  0.9988

PART 96
OFFSET  1.3671 -0.1023  4.1950
X  0.9991 -0.0000  0.0416
Y -0.0010  0.9997  0.0247
Z -0.0416 -0.0247  0.9988


FRAME 1823
PART 0
OFFSET  0.0000 -0.0000 -0.0000
X  1.0000 -0.0000  0.0000
Y  0.0000  1.0000  0.0000
Z  0.0000 -0.0000  1.0000

PART 1
OFFSET -7.6810 -0.0000 -1.3770
X  1.0000 -0.0000  0.0000
Y  0.0000  1.0000  0.0000
Z  0.0000 -0.0000  1.0000

PART 2
OFFSET  0.2357  5.2787 -7.5057
X  0.6878 -0.1831 -0.7024
Y -0.0610 -0.9788  0.1954
Z -0.7233 -0.0916 -0.6844

PART 3
OFFSET  8.5537  3.0641 -16.0009
X  0.7389 -0.4518  0.4998
Y -0.5259  0.0770  0.8471
Z -0.4212 -0.8888 -0.1807

PART 4
OFFSET  14.8388 -0.7788 -11.7498
X  0.7389 -0.4518  0.4998
Y -0.4439  0.2316  0.8656
Z -0.5069 -0.8615 -0.0294

PART 5
OFFSET  17.0002  0.1909 -11.2745
X  0.7432 -0.4498  0.4953
Y  0.4266  0.8889  0.1672
Z -0.5155  0.0870  0.8525

PART 6
OFFSET  15.9409 -1.9827 -12.4384
X  0.7432 -0.4498  0.4953
Y  0.4266  0.8889  0.1672
Z -0.5155  0.0870  0.8525

PART 7
OFFSET  16.1695 -0.2058 -9.3596
X  0.7432 -0.4498  0.4953
Y  0.4266  0.8889  0.1672
Z -0.5155  0.0870  0.8525

PART 8
OFFSET  15.3664 -1.6424 -9.6702
X  0.7432 -0.4498  0.4953
Y  0.4266  0.8889  0.1672
Z -0.5155  0.0870  0.8525

PART 9
OFFSET  14.5055 -2.8947 -10.2919
X  0.7432 -0.4498  0.4953
Y  0.4266  0.8889  0.1672
Z -0.5155  0.0870  0.8525

PART 10
OFFSET  17.1041 -2.1639 -10.2175
X  0.7213 -0.5300  0.4459
Y -0.3935  0.2163  0.8935
Z -0.5700 -0.8199 -0.0526

PART 11
OFFSET  16.8148 -2.5303 -9.1762
X  0.0403 -0.7294  0.6829
Y -0.2177  0.6607  0.7184
Z -0.9752 -0.1776 -0.1322

PART 12
OFFSET  16.8258 -4.0481 -7.6381
X  0.5119 -0.8590  0.0078
Y -0.2238 -0.1246  0.9667
Z -0.8294 -0.4966 -0.2560

PART 13
OFFSET  17.5726 -5.4831 -7.7119
X  0.2506 -0.3808 -0.8901
Y  0.2226 -0.8721  0.4358
Z -0.9422 -0.3073 -0.1338

PART 14
OFFSET  17.8042 -5.9237 -8.6731
X  0.8360 -0.2634 -0.4813
Y  0.5044  0.7143  0.4852
Z  0.2160 -0.6484  0.7300

PART 15
OFFSET  18.0206 -3.0097 -10.8075
X  0.7814 -0.6226 -0.0427
Y -0.6234 -0.7753 -0.1012
Z  0.0299  0.1057 -0.9939

PART 16
OFFSET  19.6954 -4.5191 -10.7711
X -0.3356 -0.9004  0.2768
Y -0.9415  0.3303 -0.0672
Z -0.0309 -0.2831 -0.9586

PART 17
OFFSET  19.2202 -5.7939 -10.3793
X -0.9929 -0.1015  0.0624
Y -0.1166  0.9363 -0.3312
Z -0.0248 -0.3361 -0.9415

PART 18
OFFSET  18.3399 -5.8839 -10.3240
X -0.7995  0.5828 -0.1453
Y  0.6002  0.7657 -0.2312
Z -0.0235 -0.2721 -0.9620

PART 19
OFFSET  17.5804 -5.3302 -10.4620
X  0.2381 -0.8871  0.3954
Y  0.9646  0.1686 -0.2026
Z  0.1131  0.4297  0.8959

PART 20
OFFSET  17.9973 -2.8680 -10.1083
X  0.8038 -0.5758  0.1497
Y -0.5669 -0.8176 -0.1009
Z  0.1804 -0.0038 -0.9836

PART 21
OFFSET  20.0885 -4.3792 -9.7893
X -0.5213 -0.8340  0.1808
Y -0.8532  0.5135 -0.0913
Z -0.0167 -0.2019 -0.9793

PART 22
OFFSET  19.2010 -5.7991 -9.4815
X -0.9935  0.1134 -0.0029
Y  0.1110  0.9666 -0.2309
