// Export filename: `C:\projects\cod\t5\xanim_export\t5_viewmodels\m60\m60_ads_down.XANIM_EXPORT`
// Source filename: `D:\projects\devanim\t5\animation_assets\viewmodels\m60/viewmodel_m60_animated.fbx`
// Export time: Tue Jul 13 14:12:11 2010

ANIMATION
VERSION 3

NUMPARTS 2
PART 0 "tag_view"
PART 1 "tag_torso"

FRAMERATE 30
NUMFRAMES 14

FRAME 630
PART 0
OFFSET  0.0000 -0.0000 -0.0000
X  1.0000 -0.0000  0.0000
Y  0.0000  1.0000  0.0000
Z  0.0000 -0.0000  1.0000

PART 1
OFFSET -10.2593  3.4104 -0.8068
X  1.0000 -0.0000  0.0063
Y -0.0000  1.0000  0.0000
Z -0.0063 -0.0000  1.0000


FRAME 631
PART 0
OFFSET  0.0000 -0.0000 -0.0000
X  1.0000 -0.0000  0.0000
Y  0.0000  1.0000  0.0000
Z  0.0000 -0.0000  1.0000

PART 1
OFFSET -10.1287  3.2176 -0.8639
X  1.0000 -0.0002  0.0040
Y  0.0003  0.9999 -0.0131
Z -0.0040  0.0131  0.9999


FRAME 632
PART 0
OFFSET  0.0000 -0.0000 -0.0000
X  1.0000 -0.0000  0.0000
Y  0.0000  1.0000  0.0000
Z  0.0000 -0.0000  1.0000

PART 1
OFFSET -9.8053  2.7425 -1.0019
X  1.0000 -0.0008 -0.0015
Y  0.0007  0.9990 -0.0445
Z  0.0015  0.0445  0.9990


FRAME 633
PART 0
OFFSET  0.0000 -0.0000 -0.0000
X  1.0000 -0.0000  0.0000
Y  0.0000  1.0000  0.0000
Z  0.0000 -0.0000  1.0000

PART 1
OFFSET -9.3909  2.1382 -1.1705
X  1.0000 -0.0015 -0.0082
Y  0.0008  0.9966 -0.0818
Z  0.0083  0.0818  0.9966


FRAME 634
PART 0
OFFSET  0.0000 -0.0000 -0.0000
X  1.0000 -0.0000  0.0000
Y  0.0000  1.0000  0.0000
Z  0.0000 -0.0000  1.0000

PART 1
OFFSET -8.9876  1.5584 -1.3230
X  0.9999 -0.0021 -0.0139
Y  0.0005  0.9936 -0.1130
Z  0.0140  0.1130  0.9935


FRAME 635
PART 0
OFFSET  0.0000 -0.0000 -0.0000
X  1.0000 -0.0000  0.0000
Y  0.0000  1.0000  0.0000
Z  0.0000 -0.0000  1.0000

PART 1
OFFSET -8.6980  1.1565 -1.4131
X  0.9999 -0.0024 -0.0166
Y  0.0003  0.9920 -0.1261
Z  0.0168  0.1261  0.9919


FRAME 636
PART 0
OFFSET  0.0000 -0.0000 -0.0000
X  1.0000 -0.0000  0.0000
Y  0.0000  1.0000  0.0000
Z  0.0000 -0.0000  1.0000

PART 1
OFFSET -8.5164  0.9216 -1.4459
X  0.9999 -0.0023 -0.0165
Y  0.0003  0.9925 -0.1224
Z  0.0167  0.1224  0.9923


FRAME 637
PART 0
OFFSET  0.0000 -0.0000 -0.0000
X  1.0000 -0.0000  0.0000
Y  0.0000  1.0000  0.0000
Z  0.0000 -0.0000  1.0000

PART 1
OFFSET -8.3636  0.7346 -1.4599
X  0.9999 -0.0021 -0.0153
Y  0.0004  0.9937 -0.1123
Z  0.0154  0.1123  0.9936


FRAME 638
PART 0
OFFSET  0.0000 -0.0000 -0.0000
X  1.0000 -0.0000  0.0000
Y  0.0000  1.0000  0.0000
Z  0.0000 -0.0000  1.0000

PART 1
OFFSET -8.2333  0.5842 -1.4582
X  0.9999 -0.0018 -0.0134
Y  0.0005  0.9952 -0.0974
Z  0.0135  0.0974  0.9952


FRAME 639
PART 0
OFFSET  0.0000 -0.0000 -0.0000
X  1.0000 -0.0000  0.0000
Y  0.0000  1.0000  0.0000
Z  0.0000 -0.0000  1.0000

PART 1
OFFSET -8.1186  0.4604 -1.4459
X  0.9999 -0.0015 -0.0109
Y  0.0006  0.9969 -0.0789
Z  0.0110  0.0789  0.9968


FRAME 640
PART 0
OFFSET  0.0000 -0.0000 -0.0000
X  1.0000 -0.0000  0.0000
Y  0.0000  1.0000  0.0000
Z  0.0000 -0.0000  1.0000

PART 1
OFFSET -8.0125  0.3506 -1.4277
X  1.0000 -0.0011 -0.0080
Y  0.0006  0.9983 -0.0585
Z  0.0081  0.0585  0.9983


FRAME 641
PART 0
OFFSET  0.0000 -0.0000 -0.0000
X  1.0000 -0.0000  0.0000
Y  0.0000  1.0000  0.0000
Z  0.0000 -0.0000  1.0000

PART 1
OFFSET -7.9088  0.2447 -1.4066
X  1.0000 -0.0007 -0.0051
Y  0.0005  0.9993 -0.0375
Z  0.0051  0.0375  0.9993


FRAME 642
PART 0
OFFSET  0.0000 -0.0000 -0.0000
X  1.0000 -0.0000  0.0000
Y  0.0000  1.0000  0.0000
Z  0.0000 -0.0000  1.0000

PART 1
OFFSET -7.8005  0.1314 -1.3878
X  1.0000 -0.0003 -0.0024
Y  0.0003  0.9998 -0.0175
Z  0.0024  0.0175  0.9998


FRAME 643
PART 0
OFFSET  0.0000 -0.0000 -0.0000
X  1.0000 -0.0000  0.0000
Y  0.0000  1.0000  0.0000
Z  0.0000 -0.0000  1.0000

PART 1
OFFSET -7.6810 -0.0000 -1.3770
X  1.0000 -0.0000  0.0000
Y  0.0000  1.0000  0.0000
Z  0.0000 -0.0000  1.0000


NUMKEYS 0
