// Export filename: `C:\projects\cod\t5\xanim_export\t5_viewmodels\m60\m60_aimpoint_ads_down.XANIM_EXPORT`
// Source filename: `D:\projects\devanim\t5\animation_assets\viewmodels\m60\viewmodel_m60_animated.fbx`
// Export time: Thu Aug 05 16:48:59 2010

ANIMATION
VERSION 3

NUMPARTS 2
PART 0 "tag_view"
PART 1 "tag_torso"

FRAMERATE 30
NUMFRAMES 14

FRAME 2380
PART 0
OFFSET  0.0000 -0.0000 -0.0000
X  1.0000 -0.0000  0.0000
Y  0.0000  1.0000  0.0000
Z  0.0000 -0.0000  1.0000

PART 1
OFFSET -10.8306  3.4132 -0.7569
X  1.0000  0.0000  0.0000
Y -0.0000  1.0000  0.0000
Z  0.0000 -0.0000  1.0000


FRAME 2381
PART 0
OFFSET  0.0000 -0.0000 -0.0000
X  1.0000 -0.0000  0.0000
Y  0.0000  1.0000  0.0000
Z  0.0000 -0.0000  1.0000

PART 1
OFFSET -10.6711  3.2202 -0.8184
X  1.0000 -0.0002 -0.0016
Y  0.0002  0.9999 -0.0131
Z  0.0016  0.0131  0.9999


FRAME 2382
PART 0
OFFSET  0.0000 -0.0000 -0.0000
X  1.0000 -0.0000  0.0000
Y  0.0000  1.0000  0.0000
Z  0.0000 -0.0000  1.0000

PART 1
OFFSET -10.2760  2.7447 -0.9669
X  1.0000 -0.0008 -0.0056
Y  0.0005  0.9990 -0.0445
Z  0.0056  0.0445  0.9990


FRAME 2383
PART 0
OFFSET  0.0000 -0.0000 -0.0000
X  1.0000 -0.0000  0.0000
Y  0.0000  1.0000  0.0000
Z  0.0000 -0.0000  1.0000

PART 1
OFFSET -9.7697  2.1399 -1.1484
X  0.9999 -0.0015 -0.0105
Y  0.0006  0.9966 -0.0818
Z  0.0106  0.0818  0.9966


FRAME 2384
PART 0
OFFSET  0.0000 -0.0000 -0.0000
X  1.0000 -0.0000  0.0000
Y  0.0000  1.0000  0.0000
Z  0.0000 -0.0000  1.0000

PART 1
OFFSET -9.2771  1.5596 -1.3125
X  0.9999 -0.0021 -0.0146
Y  0.0004  0.9936 -0.1130
Z  0.0148  0.1130  0.9935


FRAME 2385
PART 0
OFFSET  0.0000 -0.0000 -0.0000
X  1.0000 -0.0000  0.0000
Y  0.0000  1.0000  0.0000
Z  0.0000 -0.0000  1.0000

PART 1
OFFSET -8.9234  1.1575 -1.4095
X  0.9999 -0.0024 -0.0166
Y  0.0003  0.9920 -0.1261
Z  0.0168  0.1261  0.9919


FRAME 2386
PART 0
OFFSET  0.0000 -0.0000 -0.0000
X  1.0000 -0.0000  0.0000
Y  0.0000  1.0000  0.0000
Z  0.0000 -0.0000  1.0000

PART 1
OFFSET -8.7015  0.9223 -1.4448
X  0.9999 -0.0023 -0.0165
Y  0.0003  0.9925 -0.1224
Z  0.0167  0.1224  0.9923


FRAME 2387
PART 0
OFFSET  0.0000 -0.0000 -0.0000
X  1.0000 -0.0000  0.0000
Y  0.0000  1.0000  0.0000
Z  0.0000 -0.0000  1.0000

PART 1
OFFSET -8.5149  0.7352 -1.4599
X  0.9999 -0.0021 -0.0153
Y  0.0004  0.9937 -0.1123
Z  0.0154  0.1123  0.9936


FRAME 2388
PART 0
OFFSET  0.0000 -0.0000 -0.0000
X  1.0000 -0.0000  0.0000
Y  0.0000  1.0000  0.0000
Z  0.0000 -0.0000  1.0000

PART 1
OFFSET -8.3557  0.5847 -1.4582
X  0.9999 -0.0018 -0.0134
Y  0.0005  0.9952 -0.0974
Z  0.0135  0.0974  0.9952


FRAME 2389
PART 0
OFFSET  0.0000 -0.0000 -0.0000
X  1.0000 -0.0000  0.0000
Y  0.0000  1.0000  0.0000
Z  0.0000 -0.0000  1.0000

PART 1
OFFSET -8.2155  0.4608 -1.4459
X  0.9999 -0.0015 -0.0109
Y  0.0006  0.9969 -0.0789
Z  0.0110  0.0789  0.9968


FRAME 2390
PART 0
OFFSET  0.0000 -0.0000 -0.0000
X  1.0000 -0.0000  0.0000
Y  0.0000  1.0000  0.0000
Z  0.0000 -0.0000  1.0000

PART 1
OFFSET -8.0860  0.3509 -1.4277
X  1.0000 -0.0011 -0.0080
Y  0.0006  0.9983 -0.0585
Z  0.0081  0.0585  0.9983


FRAME 2391
PART 0
OFFSET  0.0000 -0.0000 -0.0000
X  1.0000 -0.0000  0.0000
Y  0.0000  1.0000  0.0000
Z  0.0000 -0.0000  1.0000

PART 1
OFFSET -7.9592  0.2449 -1.4066
X  1.0000 -0.0007 -0.0051
Y  0.0005  0.9993 -0.0375
Z  0.0051  0.0375  0.9993


FRAME 2392
PART 0
OFFSET  0.0000 -0.0000 -0.0000
X  1.0000 -0.0000  0.0000
Y  0.0000  1.0000  0.0000
Z  0.0000 -0.0000  1.0000

PART 1
OFFSET -7.8270  0.1315 -1.3878
X  1.0000 -0.0003 -0.0024
Y  0.0003  0.9998 -0.0175
Z  0.0024  0.0175  0.9998


FRAME 2393
PART 0
OFFSET  0.0000 -0.0000 -0.0000
X  1.0000 -0.0000  0.0000
Y  0.0000  1.0000  0.0000
Z  0.0000 -0.0000  1.0000

PART 1
OFFSET -7.6810 -0.0000 -1.3770
X  1.0000 -0.0000  0.0000
Y  0.0000  1.0000  0.0000
Z  0.0000 -0.0000  1.0000


NUMKEYS 0
