// Export filename: `C:\projects\cod\t5\xanim_export\t5_viewmodels\m60\m60_grip_sprint_in.XANIM_EXPORT`
// Source filename: `D:\projects\devanim\t5\animation_assets\viewmodels\m60\viewmodel_m60_animated.fbx`
// Export time: Wed Jul 28 22:13:33 2010

ANIMATION
VERSION 3

NUMPARTS 97
PART 0 "tag_ads"
PART 1 "tag_torso"
PART 2 "J_Shoulder_LE"
PART 3 "J_Elbow_LE"
PART 4 "J_WristTwist_LE"
PART 5 "J_Sleave_Reshape_Bottom_LE_1"
PART 6 "J_Sleave_Reshape_Bottom_LE_2"
PART 7 "J_Sleave_Reshape_Top_LE_1"
PART 8 "J_Sleave_Reshape_Top_LE_2"
PART 9 "J_Sleave_Reshape_Top_LE_3"
PART 10 "J_Wrist_LE"
PART 11 "J_Thumb_LE_0"
PART 12 "J_Thumb_LE_1"
PART 13 "J_Thumb_LE_2"
PART 14 "J_Thumb_LE_3"
PART 15 "J_PinkyPalm_LE"
PART 16 "J_Pinky_LE_0"
PART 17 "J_Pinky_LE_1"
PART 18 "J_Pinky_LE_2"
PART 19 "J_Pinky_LE_3"
PART 20 "J_RingPalm_LE"
PART 21 "J_Ring_LE_0"
PART 22 "J_Ring_LE_1"
PART 23 "J_Ring_LE_2"
PART 24 "J_Ring_LE_3"
PART 25 "J_Webbing_LE"
PART 26 "J_Index_LE_0"
PART 27 "J_Index_LE_1"
PART 28 "J_Index_LE_2"
PART 29 "J_Index_LE_3"
PART 30 "J_Mid_LE_0"
PART 31 "J_Mid_LE_1"
PART 32 "J_Mid_LE_2"
PART 33 "J_Mid_LE_3"
PART 34 "tag_knife_attach"
PART 35 "D_Sleave_Reshape_Bottom_LE_1"
PART 36 "D_Sleave_Reshape_Bottom_LE_2"
PART 37 "D_Sleave_Reshape_Top_LE_1"
PART 38 "D_Sleave_Reshape_Top_LE_2"
PART 39 "D_Sleave_Reshape_Top_LE_3"
PART 40 "tag_weapon"
PART 41 "J_Gun"
PART 42 "J_Bolt"
PART 43 "J_Handle"
PART 44 "J_Reload_Cover"
PART 45 "TAG_IRON_SIGHTS"
PART 46 "TAG_CLIP"
PART 47 "J_Bullets0"
PART 48 "J_Bullets1"
PART 49 "J_Bullets2"
PART 50 "J_Bullets3"
PART 51 "J_Bullets4"
PART 52 "J_Bullets5"
PART 53 "J_Bullets6"
PART 54 "J_Bullets7"
PART 55 "J_Bullets8"
PART 56 "J_Bullets9"
PART 57 "J_Bullets10"
PART 58 "J_Bullets11"
PART 59 "J_Pod_Left"
PART 60 "J_Pod_Right"
PART 61 "J_Shoulder_RI"
PART 62 "J_Elbow_RI"
PART 63 "J_WristTwist_RI"
PART 64 "J_Sleave_Reshape_Top_RI_3"
PART 65 "J_Sleave_Reshape_Top_RI_2"
PART 66 "J_Sleave_Reshape_Top_RI_1"
PART 67 "J_Wrist_RI"
PART 68 "J_Thumb_RI_0"
PART 69 "J_Thumb_RI_1"
PART 70 "J_Thumb_RI_2"
PART 71 "J_Thumb_RI_3"
PART 72 "J_PinkyPalm_RI"
PART 73 "J_Pinky_RI_0"
PART 74 "J_Pinky_RI_1"
PART 75 "J_Pinky_RI_2"
PART 76 "J_Pinky_RI_3"
PART 77 "J_RingPalm_RI"
PART 78 "J_Ring_RI_0"
PART 79 "J_Ring_RI_1"
PART 80 "J_Ring_RI_2"
PART 81 "J_Ring_RI_3"
PART 82 "J_Webbing_RI"
PART 83 "J_Index_RI_0"
PART 84 "J_Index_RI_1"
PART 85 "J_Index_RI_2"
PART 86 "J_Index_RI_3"
PART 87 "J_Mid_RI_0"
PART 88 "J_Mid_RI_1"
PART 89 "J_Mid_RI_2"
PART 90 "J_Mid_RI_3"
PART 91 "D_Sleave_Reshape_Top_RI_3"
PART 92 "D_Sleave_Reshape_Top_RI_2"
PART 93 "D_Sleave_Reshape_Top_RI_1"
PART 94 "tag_cambone"
PART 95 "tag_camera"
PART 96 "tag_gasmask"

FRAMERATE 30
NUMFRAMES 11

FRAME 1700
PART 0
OFFSET  0.0000 -0.0000 -0.0000
X  1.0000 -0.0000  0.0000
Y  0.0000  1.0000  0.0000
Z  0.0000 -0.0000  1.0000

PART 1
OFFSET -7.6810 -0.0000 -1.3770
X  1.0000 -0.0000  0.0000
Y  0.0000  1.0000  0.0000
Z  0.0000 -0.0000  1.0000

PART 2
OFFSET -1.6489  5.2787 -5.1189
X  0.8326  0.1908 -0.5200
Y -0.0940 -0.8766 -0.4720
Z -0.5459  0.4419 -0.7119

PART 3
OFFSET  8.4200  7.5861 -11.4083
X  0.6822 -0.7110  0.1705
Y -0.6369 -0.4633  0.6161
Z -0.3591 -0.5289 -0.7690

PART 4
OFFSET  14.2220  1.5383 -9.9582
X  0.6822 -0.7110  0.1705
Y -0.3604 -0.1241  0.9245
Z -0.6362 -0.6921 -0.3409

PART 5
OFFSET  16.2620  1.8335 -8.6977
X  0.6869 -0.7069  0.1689
Y  0.3632  0.5352  0.7627
Z -0.6295 -0.4625  0.6243

PART 6
OFFSET  15.4517  1.0127 -11.1217
X  0.6869 -0.7069  0.1689
Y  0.3632  0.5352  0.7627
Z -0.6295 -0.4625  0.6243

PART 7
OFFSET  15.1985  0.3337 -7.6329
X  0.6869 -0.7069  0.1689
Y  0.3632  0.5352  0.7627
Z -0.6295 -0.4625  0.6243

PART 8
OFFSET  14.4986 -0.5012 -8.9052
X  0.6869 -0.7069  0.1689
Y  0.3632  0.5352  0.7627
Z -0.6295 -0.4625  0.6243

PART 9
OFFSET  13.7775 -0.9923 -10.2955
X  0.6869 -0.7069  0.1689
Y  0.3632  0.5352  0.7627
Z -0.6295 -0.4625  0.6243

PART 10
OFFSET  16.3133 -0.6415 -9.4356
X  0.6763 -0.6374  0.3692
Y -0.4713  0.0108  0.8819
Z -0.5662 -0.7704 -0.2931

PART 11
OFFSET  15.9303 -1.2342 -8.5388
X -0.0239 -0.8698  0.4929
Y -0.2788  0.4793  0.8322
Z -0.9601 -0.1175 -0.2539

PART 12
OFFSET  15.7974 -3.0698 -7.4062
X  0.5049 -0.8504 -0.1477
Y -0.3114 -0.3390  0.8877
Z -0.8050 -0.4023 -0.4360

PART 13
OFFSET  16.5410 -4.4675 -7.7463
X  0.3287 -0.1709 -0.9288
Y  0.1778 -0.9547  0.2385
Z -0.9275 -0.2436 -0.2834

PART 14
OFFSET  16.8570 -4.6797 -8.7597
X  0.8751 -0.1664 -0.4544
Y  0.4615  0.5694  0.6803
Z  0.1456 -0.8050  0.5751

PART 15
OFFSET  17.2758 -1.3482 -10.1267
X  0.7796 -0.6145 -0.1205
Y -0.6147 -0.7144 -0.3343
Z  0.1194  0.3347 -0.9347

PART 16
OFFSET  18.9347 -2.8653 -10.3023
X -0.3626 -0.9316  0.0270
Y -0.9304  0.3601 -0.0685
Z  0.0541 -0.0500 -0.9973

PART 17
OFFSET  18.4214 -4.1842 -10.2641
X -0.9948 -0.0886 -0.0492
Y -0.0828  0.9904 -0.1103
Z  0.0585 -0.1057 -0.9927

PART 18
OFFSET  17.5394 -4.2628 -10.3077
X -0.7788  0.6230 -0.0724
Y  0.6242  0.7812  0.0084
Z  0.0618 -0.0387 -0.9973

PART 19
OFFSET  16.7995 -3.6709 -10.3765
X  0.1949 -0.9614  0.1944
Y  0.9802  0.1840 -0.0731
Z  0.0345  0.2048  0.9782

PART 20
OFFSET  17.1904 -1.3736 -9.4185
X  0.7849 -0.6146  0.0787
Y -0.5587 -0.7569 -0.3390
Z  0.2679  0.2221 -0.9375

PART 21
OFFSET  19.2388 -2.9689 -9.2850
X -0.5386 -0.8399 -0.0663
Y -0.8396  0.5416 -0.0412
Z  0.0705  0.0335 -0.9970

PART 22
OFFSET  18.3218 -4.3989 -9.3979
X -0.9889  0.1355 -0.0610
Y  0.1351  0.9908  0.0118
Z  0.0621  0.0034 -0.9981

PART 23
OFFSET  16.9512 -4.2111 -9.4825
X -0.1395  0.9902 -0.0050
Y  0.9879  0.1395  0.0680
Z  0.0680  0.0045 -0.9977

PART 24
OFFSET  16.8000 -3.1371 -9.4879
X -0.4467 -0.8907 -0.0838
Y  0.8854 -0.4536  0.1014
Z -0.1283 -0.0289  0.9913

PART 25
OFFSET  17.3464 -3.0024 -7.0543
X  0.5700 -0.8161  0.0953
Y  0.7194  0.5518  0.4220
Z -0.3969 -0.1720  0.9016

PART 26
OFFSET  18.8035 -2.8309 -7.2230
X -0.3411 -0.9188 -0.1989
Y -0.9387  0.3442  0.0199
Z  0.0501  0.1935 -0.9798

PART 27
OFFSET  18.2030 -4.4485 -7.5731
X -0.9270  0.3661 -0.0810
Y  0.3442  0.9166  0.2034
Z  0.1487  0.1607 -0.9757

PART 28
OFFSET  17.0669 -4.0132 -7.6123
X -0.1287  0.9673  0.2185
Y  0.9908  0.1160  0.0701
Z  0.0424  0.2255 -0.9733

PART 29
OFFSET  16.9216 -2.9206 -7.3656
X -0.8406 -0.3562 -0.4081
Y  0.4122 -0.9094 -0.0553
Z -0.3515 -0.2147  0.9112

PART 30
OFFSET  19.1411 -2.9128 -8.2717
X -0.6129 -0.7845 -0.0948
Y -0.7805  0.6197 -0.0820
Z  0.1231  0.0238 -0.9921

PART 31
OFFSET  17.9438 -4.4453 -8.4569
X -0.9240  0.3697 -0.0974
Y  0.3576  0.9259  0.1218
Z  0.1352  0.0777 -0.9878

PART 32
OFFSET  16.5941 -3.9053 -8.5992
X  0.0563  0.9917  0.1154
Y  0.9832 -0.0752  0.1663
Z  0.1736  0.1041 -0.9793

PART 33
OFFSET  16.6585 -2.7813 -8.4756
X -0.6823 -0.7191 -0.1321
Y  0.7271 -0.6862 -0.0202
Z -0.0762 -0.1098  0.9910

PART 34
OFFSET  17.5381 -3.5496 -9.3566
X  0.2004  0.2163 -0.9555
Y  0.5662  0.7704  0.2931
Z  0.7996 -0.5997  0.0319

PART 35
OFFSET  16.1696  1.5087 -9.6812
X  0.6869 -0.7068  0.1689
Y  0.3663  0.5375  0.7595
Z -0.6276 -0.4599  0.6281

PART 36
OFFSET  15.4513  1.0127 -11.1205
X  0.6869 -0.7068  0.1689
Y  0.3663  0.5375  0.7595
Z -0.6276 -0.4599  0.6281

PART 37
OFFSET  14.8706 -0.0995 -8.1120
X  0.6869 -0.7068  0.1689
Y  0.3663  0.5375  0.7595
Z -0.6276 -0.4599  0.6281

PART 38
OFFSET  14.1895 -0.8294 -9.0147
X  0.6869 -0.7068  0.1689
Y  0.3663  0.5375  0.7595
Z -0.6276 -0.4599  0.6281

PART 39
OFFSET  14.3209 -0.4324 -10.1376
X  0.6869 -0.7068  0.1689
Y  0.3663  0.5375  0.7595
Z -0.6276 -0.4599  0.6281

PART 40
OFFSET  9.9030 -3.4097 -6.3868
X  1.0000 -0.0000  0.0000
Y  0.0000  1.0000  0.0000
Z  0.0000 -0.0000  1.0000

PART 41
OFFSET  9.9030 -3.4097 -6.3868
X  1.0000 -0.0000  0.0000
Y  0.0000  1.0000  0.0000
Z  0.0000 -0.0000  1.0000

PART 42
OFFSET  12.4064 -4.1473 -4.7608
X  1.0000 -0.0000  0.0000
Y  0.0000  1.0000  0.0000
Z -0.0000 -0.0000  1.0000

PART 43
OFFSET  16.9944 -3.4124 -3.2260
X  1.0000 -0.0000 -0.0000
Y  0.0000  0.9053 -0.4247
Z  0.0000  0.4247  0.9053

PART 44
OFFSET  12.0465 -3.4097 -2.5324
X  1.0000 -0.0000 -0.0000
Y  0.0000  1.0000 -0.0000
Z  0.0000  0.0000  1.0000

PART 45
OFFSET  7.7652 -3.4095 -1.5652
X  1.0000 -0.0000 -0.0000
Y  0.0000  1.0000 -0.0000
Z  0.0000  0.0000  1.0000

PART 46
OFFSET  10.2681  1.2515 -5.8968
X  1.0000 -0.0000  0.0000
Y  0.0000  1.0000  0.0000
Z -0.0000 -0.0000  1.0000

PART 47
OFFSET  9.9030 -3.4500 -3.4118
X  0.0000  0.9879  0.1554
Y -1.0000  0.0000  0.0000
Z  0.0000 -0.1554  0.9879

PART 48
OFFSET  9.9030 -2.9895 -3.3393
X -0.0001  0.9875  0.1574
Y -1.0000 -0.0001  0.0000
Z  0.0000 -0.1574  0.9875

PART 49
OFFSET  9.9029 -2.5291 -3.2659
X -0.0001  0.9897  0.1429
Y -1.0000 -0.0001 -0.0000
Z -0.0000 -0.1429  0.9897

PART 50
OFFSET  9.9029 -2.0677 -3.1993
X -0.0000  0.9960  0.0898
Y -1.0000 -0.0000  0.0000
Z  0.0000 -0.0898  0.9960

PART 51
OFFSET  9.9029 -1.6034 -3.1574
X -0.0001  0.9990 -0.0439
Y -1.0000 -0.0001 -0.0003
Z -0.0003  0.0439  0.9990

PART 52
OFFSET  9.9028 -1.1377 -3.1778
X -0.0001  0.9033 -0.4290
Y -1.0000 -0.0003 -0.0002
Z -0.0003  0.4290  0.9033

PART 53
OFFSET  9.9028 -0.7568 -3.3587
X  0.0002  0.4542 -0.8909
Y -1.0000 -0.0003 -0.0003
Z -0.0004  0.8909  0.4542

PART 54
OFFSET  9.9028 -0.5440 -3.7762
X  0.0003  0.0982 -0.9952
Y -1.0000 -0.0003 -0.0003
Z -0.0003  0.9952  0.0982

PART 55
OFFSET  9.9030 -0.4982 -4.2401
X  0.0004 -0.0087 -1.0000
Y -1.0000 -0.0003 -0.0004
Z -0.0003  1.0000 -0.0087

PART 56
OFFSET  9.9031 -0.5023 -4.7063
X  0.0002 -0.0091 -1.0000
Y -1.0000 -0.0003 -0.0002
Z -0.0003  1.0000 -0.0091

PART 57
OFFSET  9.9032 -0.5066 -5.1724
X  0.0002 -0.0091 -1.0000
Y -1.0000 -0.0002 -0.0002
Z -0.0001  1.0000 -0.0091

PART 58
OFFSET  9.9033 -0.5109 -5.6386
X  0.0002 -0.0090 -1.0000
Y -1.0000 -0.0002 -0.0002
Z -0.0002  1.0000 -0.0090

PART 59
OFFSET  25.9325 -2.0945 -4.8678
X -0.0000  0.4115 -0.9114
Y  0.0698  0.9092  0.4105
Z  0.9976 -0.0636 -0.0287

PART 60
OFFSET  25.9325 -4.7244 -4.8678
X  0.0000  0.4115  0.9114
Y -0.0698  0.9092 -0.4105
Z -0.9976 -0.0636  0.0287

PART 61
OFFSET -6.5551 -7.9373 -5.6959
X -0.4471  0.1582  0.8804
Y -0.1653 -0.9819  0.0925
Z  0.8791 -0.1041  0.4651

PART 62
OFFSET -1.1481 -9.8501 -16.3434
X -0.5546 -0.4384 -0.7072
Y  0.7738  0.0407 -0.6321
Z  0.3059 -0.8979  0.3166

PART 63
OFFSET  3.5692 -6.1212 -10.3280
X -0.5546 -0.4384 -0.7072
Y  0.8156 -0.1180 -0.5664
Z  0.1649 -0.8910  0.4230

PART 64
OFFSET  3.4494 -4.5044 -9.2025
X -0.5602 -0.4360 -0.7044
Y -0.3171  0.8984 -0.3039
Z  0.7653  0.0531 -0.6415

PART 65
OFFSET  3.1091 -4.9295 -8.1291
X -0.5602 -0.4360 -0.7044
Y -0.3171  0.8984 -0.3039
Z  0.7653  0.0531 -0.6415

PART 66
OFFSET  3.7068 -6.0467 -7.7650
X -0.5602 -0.4360 -0.7044
Y -0.3171  0.8984 -0.3039
Z  0.7653  0.0531 -0.6415

PART 67
OFFSET  5.2695 -4.7772 -8.1598
X -0.9700 -0.0169 -0.2425
Y  0.2429 -0.1079 -0.9640
Z -0.0099 -0.9940  0.1088

PART 68
OFFSET  5.4755 -4.2573 -7.1651
X -0.6095 -0.6748 -0.4161
Y  0.5217  0.0537 -0.8514
Z  0.5969 -0.7360  0.3193

PART 69
OFFSET  6.7055 -2.7655 -6.2001
X -0.9247 -0.3196  0.2067
Y -0.0168 -0.5083 -0.8610
Z  0.3803 -0.7996  0.4647

PART 70
OFFSET  8.1547 -2.1902 -6.6372
X -0.5186  0.0846  0.8508
Y -0.6974 -0.6176 -0.3637
Z  0.4947 -0.7819  0.3793

PART 71
OFFSET  8.7048 -2.2354 -7.5684
X -0.8443  0.4374  0.3095
Y  0.1324  0.7299 -0.6706
Z -0.5192 -0.5252 -0.6742

PART 72
OFFSET  6.3524 -4.6776 -9.0089
X -0.9573 -0.0076  0.2891
Y  0.0521 -0.9879  0.1464
Z  0.2845  0.1552  0.9460

PART 73
OFFSET  8.5383 -4.5168 -9.5386
X -0.7530 -0.6450 -0.1300
Y  0.6439 -0.6817 -0.3473
Z  0.1354 -0.3453  0.9287

PART 74
OFFSET  9.6044 -3.6036 -9.3545
X  0.3047 -0.8786 -0.3677
Y  0.9490  0.3131  0.0383
Z  0.0815 -0.3606  0.9292

PART 75
OFFSET  9.3342 -2.8245 -9.0285
X  0.8404 -0.4578 -0.2901
Y  0.5231  0.8252  0.2132
Z  0.1418 -0.3309  0.9330

PART 76
OFFSET  8.5358 -2.3896 -8.7529
X -0.9917 -0.1200 -0.0468
Y -0.1279  0.8757  0.4655
Z -0.0148  0.4676 -0.8838

PART 77
OFFSET  6.4029 -4.7410 -8.2996
X -0.9989  0.0078  0.0457
Y -0.0006 -0.9878  0.1558
Z  0.0464  0.1556  0.9867

PART 78
OFFSET  8.9886 -4.8061 -8.5614
X -0.6561 -0.7459  0.1148
Y  0.6590 -0.6404 -0.3946
Z  0.3678 -0.1833  0.9117

PART 79
OFFSET  10.1056 -3.5362 -8.7568
X  0.4742 -0.8070 -0.3519
Y  0.8101  0.5564 -0.1845
Z  0.3447 -0.1976  0.9177

PART 80
OFFSET  9.4485 -2.4177 -8.2691
X  0.8637 -0.3236 -0.3863
Y  0.3730  0.9260  0.0581
Z  0.3389 -0.1942  0.9205

PART 81
OFFSET  8.5117 -2.0667 -7.8501
X -0.9040 -0.2734  0.3286
Y -0.2044  0.9516  0.2294
Z -0.3754  0.1402 -0.9162

PART 82
OFFSET  1.0217 -5.2891 -8.2956
X -0.9624 -0.2714 -0.0115
Y -0.2629  0.9412 -0.2122
Z  0.0684 -0.2012 -0.9772

PART 83
OFFSET  8.8623 -4.9994 -6.4474
X -0.9855 -0.1680  0.0218
Y  0.1692 -0.9707  0.1707
Z -0.0075  0.1720  0.9851

PART 84
OFFSET  10.5975 -4.7036 -6.4857
X -0.3387 -0.9177  0.2077
Y  0.9408 -0.3275  0.0874
Z -0.0122  0.2250  0.9743

PART 85
OFFSET  11.0085 -3.5743 -6.6791
X -0.1483 -0.9775  0.1497
Y  0.9888 -0.1440  0.0392
Z -0.0167  0.1538  0.9880

PART 86
OFFSET  11.1761 -2.4702 -6.8481
X -0.8490  0.4915  0.1938
Y  0.4381  0.8600 -0.2618
Z -0.2954 -0.1374 -0.9455

PART 87
OFFSET  9.0241 -4.9400 -7.5386
X -0.5268 -0.8384  0.1398
Y  0.8254 -0.5438 -0.1513
Z  0.2029  0.0357  0.9785

PART 88
OFFSET  10.0532 -3.3020 -7.8117
X  0.6201 -0.7776 -0.1044
Y  0.7477  0.6260 -0.2216
Z  0.2376  0.0593  0.9695

PART 89
OFFSET  9.1475 -2.1663 -7.6593
X  0.9286 -0.3010 -0.2171
Y  0.2639  0.9468 -0.1840
Z  0.2610  0.1136  0.9586

PART 90
OFFSET  8.0941 -1.8255 -7.4203
X -0.8973 -0.3812  0.2228
Y -0.3752  0.9243  0.0704
Z -0.2327 -0.0204 -0.9723

PART 91
OFFSET  3.4443 -4.4931 -9.2059
X -0.5601 -0.4362 -0.7043
Y -0.3154  0.8984 -0.3055
Z  0.7660  0.0511 -0.6408

PART 92
OFFSET  3.1003 -4.9082 -8.1358
X -0.5601 -0.4362 -0.7043
Y -0.3154  0.8984 -0.3055
Z  0.7660  0.0511 -0.6408

PART 93
OFFSET  3.7279 -6.0452 -7.7823
X -0.5601 -0.4362 -0.7043
Y -0.3154  0.8984 -0.3055
Z  0.7660  0.0511 -0.6408

PART 94
OFFSET  0.0000 -0.0000 -0.0000
X  1.0000 -0.0000  0.0000
Y  0.0000  1.0000  0.0000
Z  0.0000 -0.0000  1.0000

PART 95
OFFSET  0.0000 -0.0000 -0.0000
X  1.0000 -0.0000  0.0000
Y  0.0000  1.0000  0.0000
Z  0.0000 -0.0000  1.0000

PART 96
OFFSET  1.5404 -0.0000  4.1357
X  1.0000 -0.0000  0.0000
Y  0.0000  1.0000  0.0000
Z  0.0000 -0.0000  1.0000


FRAME 1701
PART 0
OFFSET  0.0000 -0.0000 -0.0000
X  1.0000 -0.0000  0.0000
Y  0.0000  1.0000  0.0000
Z  0.0000 -0.0000  1.0000

PART 1
OFFSET -7.6810 -0.0000 -1.3770
X  1.0000 -0.0000  0.0000
Y  0.0000  1.0000  0.0000
Z  0.0000 -0.0000  1.0000

PART 2
OFFSET -1.6489  5.2787 -5.1189
X  0.8237  0.2081 -0.5275
Y -0.0893 -0.8711 -0.4829
Z -0.5600  0.4449 -0.6989

PART 3
OFFSET  8.3123  7.7951 -11.4989
X  0.6764 -0.7171  0.1682
Y -0.6413 -0.4611  0.6133
Z -0.3623 -0.5227 -0.7717

PART 4
OFFSET  14.0653  1.6959 -10.0686
X  0.6764 -0.7171  0.1682
Y -0.3513 -0.1135  0.9293
Z -0.6474 -0.6877 -0.3287

PART 5
OFFSET  16.1059  1.9696 -8.8043
X  0.6812 -0.7129  0.1666
Y  0.3664  0.5290  0.7655
Z -0.6339 -0.4604  0.6215

PART 6
OFFSET  15.2923  1.1659 -11.2330
X  0.6812 -0.7129  0.1666
Y  0.3664  0.5290  0.7655
Z -0.6339 -0.4604  0.6215

PART 7
OFFSET  15.0294  0.4733 -7.7475
X  0.6812 -0.7129  0.1666
Y  0.3664  0.5290  0.7655
Z -0.6339 -0.4604  0.6215

PART 8
OFFSET  14.3247 -0.3504 -9.0243
X  0.6812 -0.7129  0.1666
Y  0.3664  0.5290  0.7655
Z -0.6339 -0.4604  0.6215

PART 9
OFFSET  13.6015 -0.8297 -10.4178
X  0.6812 -0.7129  0.1666
Y  0.3664  0.5290  0.7655
Z -0.6339 -0.4604  0.6215

PART 10
OFFSET  16.1389 -0.5025 -9.5531
X  0.6905 -0.6184  0.3753
Y -0.4640  0.0194  0.8856
Z -0.5549 -0.7857 -0.2735

PART 11
OFFSET  15.7739 -1.0845 -8.6419
X -0.0045 -0.8604  0.5095
Y -0.2802  0.4902  0.8254
Z -0.9599 -0.1391 -0.2432

PART 12
OFFSET  15.6829 -2.9001 -7.4735
X  0.5186 -0.8442 -0.1359
Y -0.2979 -0.3274  0.8967
Z -0.8014 -0.4245 -0.4212

PART 13
OFFSET  16.4481 -4.2909 -7.7936
X  0.3239 -0.1828 -0.9283
Y  0.1966 -0.9467  0.2551
Z -0.9254 -0.2651 -0.2706

PART 14
OFFSET  16.7593 -4.5168 -8.8055
X  0.8740 -0.1597 -0.4588
Y  0.4571  0.5903  0.6653
Z  0.1646 -0.7912  0.5890

PART 15
OFFSET  17.1078 -1.2054 -10.2391
X  0.7893 -0.6030 -0.1156
Y -0.6049 -0.7313 -0.3153
Z  0.1056  0.3188 -0.9419

PART 16
OFFSET  18.7917 -2.6964 -10.4003
X -0.3458 -0.9371  0.0479
Y -0.9371  0.3424 -0.0673
Z  0.0466 -0.0681 -0.9966

PART 17
OFFSET  18.3021 -4.0231 -10.3325
X -0.9935 -0.1069 -0.0388
Y -0.1012  0.9865 -0.1284
Z  0.0520 -0.1237 -0.9910

PART 18
OFFSET  17.4212 -4.1179 -10.3669
X -0.7903  0.6078 -0.0775
Y  0.6103  0.7921 -0.0119
Z  0.0541 -0.0567 -0.9969

PART 19
OFFSET  16.6704 -3.5404 -10.4405
X  0.2135 -0.9539  0.2109
Y  0.9762  0.1997 -0.0851
Z  0.0391  0.2241  0.9738

PART 20
OFFSET  17.0288 -1.2187 -9.5298
X  0.7963 -0.5992  0.0835
Y -0.5481 -0.7729 -0.3197
Z  0.2561  0.2088 -0.9438

PART 21
OFFSET  19.1060 -2.7752 -9.3839
X -0.5243 -0.8503 -0.0456
Y -0.8493  0.5260 -0.0441
Z  0.0615  0.0156 -0.9980

PART 22
OFFSET  18.2134 -4.2228 -9.4616
X -0.9916  0.1171 -0.0550
Y  0.1177  0.9930 -0.0082
Z  0.0536 -0.0146 -0.9985

PART 23
OFFSET  16.8392 -4.0606 -9.5378
X -0.1569  0.9874 -0.0226
Y  0.9858  0.1580  0.0567
Z  0.0596 -0.0134 -0.9981

PART 24
OFFSET  16.6690 -2.9898 -9.5623
X -0.4316 -0.8999 -0.0630
Y  0.8941 -0.4360  0.1023
Z -0.1195 -0.0122  0.9928

PART 25
OFFSET  17.2334 -2.7989 -7.1365
X  0.5851 -0.8040  0.1058
Y  0.7131  0.5722  0.4051
Z -0.3863 -0.1616  0.9081

PART 26
OFFSET  18.6857 -2.6053 -7.3211
X -0.3265 -0.9282 -0.1784
Y -0.9444  0.3281  0.0216
Z  0.0385  0.1755 -0.9837

PART 27
OFFSET  18.1109 -4.2396 -7.6352
X -0.9340  0.3482 -0.0799
Y  0.3297  0.9262  0.1829
Z  0.1377  0.1445 -0.9799

PART 28
OFFSET  16.9671 -3.8250 -7.6728
X -0.1438  0.9689  0.2011
Y  0.9891  0.1345  0.0592
Z  0.0303  0.2075 -0.9778

PART 29
OFFSET  16.8046 -2.7305 -7.4456
X -0.8376 -0.3785 -0.3939
Y  0.4276 -0.9030 -0.0416
Z -0.3400 -0.2033  0.9182

PART 30
OFFSET  19.0159 -2.7014 -8.3710
X -0.5997 -0.7967 -0.0746
Y -0.7920  0.6043 -0.0869
Z  0.1143  0.0069 -0.9934

PART 31
OFFSET  17.8443 -4.2578 -8.5167
X -0.9312  0.3516 -0.0964
Y  0.3423  0.9342  0.1010
Z  0.1255  0.0611 -0.9902

PART 32
OFFSET  16.4841 -3.7442 -8.6574
X  0.0398  0.9946  0.0960
Y  0.9857 -0.0548  0.1591
Z  0.1635  0.0883 -0.9826

PART 33
OFFSET  16.5297 -2.6171 -8.5557
X -0.6706 -0.7333 -0.1125
Y  0.7389 -0.6737 -0.0134
Z -0.0659 -0.0921  0.9936

PART 34
OFFSET  17.4153 -3.3867 -9.4296
X  0.1885  0.2014 -0.9612
Y  0.5549  0.7857  0.2735
Z  0.8103 -0.5850  0.0363

PART 35
OFFSET  16.0122  1.6499 -9.7894
X  0.6812 -0.7129  0.1666
Y  0.3695  0.5313  0.7624
Z -0.6320 -0.4578  0.6253

PART 36
OFFSET  15.2919  1.1658 -11.2318
X  0.6812 -0.7129  0.1666
Y  0.3695  0.5313  0.7624
Z -0.6320 -0.4578  0.6253

PART 37
OFFSET  14.6988  0.0449 -8.2290
X  0.6812 -0.7129  0.1666
Y  0.3695  0.5313  0.7624
Z -0.6320 -0.4578  0.6253

PART 38
OFFSET  14.0131 -0.6757 -9.1357
X  0.6812 -0.7129  0.1666
Y  0.3695  0.5313  0.7624
Z -0.6320 -0.4578  0.6253

PART 39
OFFSET  14.1490 -0.2748 -10.2566
X  0.6812 -0.7129  0.1666
Y  0.3695  0.5313  0.7624
Z -0.6320 -0.4578  0.6253

PART 40
OFFSET  9.8041 -3.3233 -6.3965
X  0.9998  0.0175 -0.0087
Y -0.0176  0.9997 -0.0190
Z  0.0084  0.0192  0.9998

PART 41
OFFSET  9.8041 -3.3233 -6.3965
X  0.9998  0.0175 -0.0087
Y -0.0176  0.9997 -0.0190
Z  0.0084  0.0192  0.9998

PART 42
OFFSET  12.3337 -3.9858 -4.7787
X  0.9998  0.0175 -0.0087
Y -0.0176  0.9997 -0.0190
Z  0.0084  0.0192  0.9998

PART 43
OFFSET  16.9208 -3.1416 -3.2982
X  0.9998  0.0175 -0.0087
Y -0.0195  0.8969 -0.4418
Z  0.0001  0.4419  0.8971

PART 44
OFFSET  11.9796 -3.2120 -2.5616
X  0.9998  0.0174 -0.0087
Y -0.0176  0.9997 -0.0190
Z  0.0084  0.0192  0.9998

PART 45
OFFSET  7.7073 -3.2681 -1.5572
X  0.9998  0.0174 -0.0087
Y -0.0176  0.9997 -0.0190
Z  0.0084  0.0192  0.9998

PART 46
OFFSET  10.0912  1.3521 -5.9983
X  0.9998  0.0175 -0.0087
Y -0.0176  0.9997 -0.0190
Z  0.0084  0.0192  0.9998

PART 47
OFFSET  9.8298 -3.3066 -3.4213
X -0.0161  0.9905  0.1366
Y -0.9998 -0.0175  0.0087
Z  0.0110 -0.1364  0.9906

PART 48
OFFSET  9.8223 -2.8448 -3.3576
X -0.0162  0.9902  0.1386
Y -0.9998 -0.0176  0.0087
Z  0.0111 -0.1385  0.9903

PART 49
OFFSET  9.8147 -2.3832 -3.2930
X -0.0163  0.9921  0.1241
Y -0.9998 -0.0176  0.0087
Z  0.0108 -0.1239  0.9922

PART 50
OFFSET  9.8071 -1.9206 -3.2352
X -0.0168  0.9973  0.0709
Y -0.9998 -0.0175  0.0087
Z  0.0099 -0.0707  0.9974

PART 51
OFFSET  9.7993 -1.4557 -3.2021
X -0.0181  0.9979 -0.0629
Y -0.9998 -0.0176  0.0085
Z  0.0074  0.0630  0.9980

PART 52
OFFSET  9.7909 -0.9905 -3.2314
X -0.0197  0.8948 -0.4461
Y -0.9998 -0.0177  0.0085
Z -0.0003  0.4462  0.8950

PART 53
OFFSET  9.7826 -0.6133 -3.4194
X -0.0153  0.4369 -0.8994
Y -0.9998 -0.0177  0.0084
Z -0.0123  0.8993  0.4371

PART 54
OFFSET  9.7754 -0.4086 -3.8408
X -0.0098  0.0792 -0.9968
Y -0.9998 -0.0177  0.0084
Z -0.0170  0.9967  0.0793

PART 55
OFFSET  9.7708 -0.3716 -4.3055
X -0.0078 -0.0279 -0.9996
Y -0.9998 -0.0177  0.0083
Z -0.0180  0.9995 -0.0277

PART 56
OFFSET  9.7671 -0.3846 -4.7715
X -0.0080 -0.0283 -0.9996
Y -0.9998 -0.0177  0.0085
Z -0.0180  0.9994 -0.0281

PART 57
OFFSET  9.7634 -0.3979 -5.2374
X -0.0080 -0.0283 -0.9996
Y -0.9998 -0.0176  0.0085
Z -0.0178  0.9994 -0.0281

PART 58
OFFSET  9.7597 -0.4110 -5.7035
X -0.0080 -0.0282 -0.9996
Y -0.9998 -0.0176  0.0085
Z -0.0179  0.9994 -0.0280

PART 59
OFFSET  25.8202 -1.6996 -5.0427
X -0.0149  0.3939 -0.9190
Y  0.0572  0.9180  0.3925
Z  0.9983 -0.0467 -0.0362

PART 60
OFFSET  25.8665 -4.3286 -4.9928
X  0.0004  0.4288  0.9034
Y -0.0892  0.8998 -0.4271
Z -0.9960 -0.0804  0.0386

PART 61
OFFSET -6.5551 -7.9373 -5.6959
X -0.4455  0.1589  0.8811
Y -0.1671 -0.9816  0.0926
Z  0.8796 -0.1059  0.4638

PART 62
OFFSET -1.1675 -9.8595 -16.3515
X -0.5486 -0.4368 -0.7129
Y  0.7786  0.0437 -0.6260
Z  0.3046 -0.8985  0.3161

PART 63
OFFSET  3.4988 -6.1443 -10.2881
X -0.5486 -0.4368 -0.7129
Y  0.8194 -0.1116 -0.5622
Z  0.1660 -0.8926  0.4192

PART 64
OFFSET  3.3684 -4.5312 -9.1584
X -0.5542 -0.4344 -0.7100
Y -0.3159  0.8990 -0.3034
Z  0.7701  0.0561 -0.6354

PART 65
OFFSET  3.0204 -4.9602 -8.0890
X -0.5542 -0.4344 -0.7100
Y -0.3159  0.8990 -0.3034
Z  0.7701  0.0561 -0.6354

PART 66
OFFSET  3.6166 -6.0779 -7.7239
X -0.5542 -0.4344 -0.7100
Y -0.3159  0.8990 -0.3034
Z  0.7701  0.0561 -0.6354

PART 67
OFFSET  5.1807 -4.8051 -8.1026
X -0.9716 -0.0385 -0.2337
Y  0.2366 -0.1221 -0.9639
Z  0.0085 -0.9918  0.1278

PART 68
OFFSET  5.3859 -4.2628 -7.1198
X -0.6010 -0.6932 -0.3978
Y  0.5135  0.0465 -0.8568
Z  0.6125 -0.7192  0.3280

PART 69
OFFSET  6.5975 -2.7315 -6.1941
X -0.9172 -0.3317  0.2208
Y -0.0150 -0.5249 -0.8510
Z  0.3982 -0.7838  0.4765

PART 70
OFFSET  8.0326 -2.1395 -6.6547
X -0.5129  0.0918  0.8535
Y -0.6894 -0.6365 -0.3457
Z  0.5116 -0.7658  0.3898

PART 71
OFFSET  8.5755 -2.1930 -7.5897
X -0.8493  0.4285  0.3084
Y  0.1139  0.7191 -0.6855
Z -0.5155 -0.5470 -0.6595

PART 72
OFFSET  6.2545 -4.7029 -8.9629
X -0.9545 -0.0188  0.2976
Y  0.0707 -0.9838  0.1647
Z  0.2897  0.1783  0.9404

PART 73
OFFSET  8.4327 -4.5141 -9.5147
X -0.7426 -0.6605 -0.1112
Y  0.6529 -0.6769 -0.3399
Z  0.1492 -0.3250  0.9339

PART 74
OFFSET  9.4841 -3.5791 -9.3572
X  0.3170 -0.8801 -0.3536
Y  0.9436  0.3303  0.0241
Z  0.0956 -0.3412  0.9351

PART 75
OFFSET  9.2029 -2.7988 -9.0438
X  0.8458 -0.4486 -0.2887
Y  0.5103  0.8381  0.1928
Z  0.1554 -0.3104  0.9378

PART 76
OFFSET  8.3994 -2.3727 -8.7695
X -0.9898 -0.1381 -0.0359
Y -0.1394  0.8821  0.4499
Z -0.0305  0.4503 -0.8924

PART 77
OFFSET  6.3121 -4.7518 -8.2530
X -0.9985 -0.0088  0.0543
Y  0.0181 -0.9845  0.1746
Z  0.0519  0.1753  0.9831

PART 78
OFFSET  8.8963 -4.7768 -8.5360
X -0.6419 -0.7549  0.1346
Y  0.6668 -0.6362 -0.3881
Z  0.3786 -0.1593  0.9117

PART 79
OFFSET  9.9891 -3.4916 -8.7653
X  0.4853 -0.8052 -0.3406
Y  0.7986  0.5669 -0.2021
Z  0.3558 -0.1739  0.9182

PART 80
OFFSET  9.3164 -2.3756 -8.2932
X  0.8660 -0.3159 -0.3876
Y  0.3571  0.9333  0.0372
Z  0.3500 -0.1706  0.9211

PART 81
OFFSET  8.3772 -2.0330 -7.8728
X -0.8963 -0.2828  0.3416
Y -0.2192  0.9521  0.2130
Z -0.3855  0.1160 -0.9154

PART 82
OFFSET  0.9416 -5.3936 -8.1916
X -0.9575 -0.2883  0.0021
Y -0.2812  0.9322 -0.2277
Z  0.0637 -0.2186 -0.9737

PART 83
OFFSET  8.7911 -4.9317 -6.4177
X -0.9822 -0.1847  0.0336
Y  0.1877 -0.9641  0.1877
Z -0.0023  0.1906  0.9817

PART 84
OFFSET  10.5205 -4.6065 -6.4769
X -0.3208 -0.9193  0.2281
Y  0.9471 -0.3093  0.0854
Z -0.0080  0.2434  0.9699

PART 85
OFFSET  10.9099 -3.4741 -6.6952
X -0.1298 -0.9769  0.1695
Y  0.9915 -0.1260  0.0333
Z -0.0111  0.1724  0.9850

PART 86
OFFSET  11.0566 -2.3706 -6.8866
X -0.8559  0.4803  0.1918
Y  0.4207  0.8623 -0.2819
Z -0.3008 -0.1606 -0.9401

PART 87
OFFSET  8.9427 -4.8904 -7.5113
X -0.5107 -0.8447  0.1603
Y  0.8336 -0.5321 -0.1482
Z  0.2105  0.0580  0.9759

PART 88
OFFSET  9.9404 -3.2403 -7.8244
X  0.6328 -0.7685 -0.0950
Y  0.7347  0.6346 -0.2399
Z  0.2447  0.0820  0.9661

PART 89
OFFSET  9.0162 -2.1178 -7.6857
X  0.9319 -0.2889 -0.2194
Y  0.2456  0.9476 -0.2043
Z  0.2670  0.1365  0.9540

PART 90
OFFSET  7.9591 -1.7909 -7.4440
X -0.8885 -0.3925  0.2378
Y -0.3908  0.9188  0.0561
Z -0.2405 -0.0431 -0.9697

PART 91
OFFSET  3.3632 -4.5199 -9.1618
X -0.5541 -0.4346 -0.7100
Y -0.3142  0.8990 -0.3051
Z  0.7709  0.0541 -0.6347

PART 92
OFFSET  3.0116 -4.9388 -8.0957
X -0.5541 -0.4346 -0.7100
Y -0.3142  0.8990 -0.3051
Z  0.7709  0.0541 -0.6347

PART 93
OFFSET  3.6379 -6.0762 -7.7411
X -0.5541 -0.4346 -0.7100
Y -0.3142  0.8990 -0.3051
Z  0.7709  0.0541 -0.6347

PART 94
OFFSET  0.0000 -0.0000 -0.0000
X  1.0000 -0.0000  0.0000
Y  0.0000  1.0000  0.0000
Z  0.0000 -0.0000  1.0000

PART 95
OFFSET  0.0000 -0.0000 -0.0000
X  1.0000 -0.0000  0.0000
Y  0.0000  1.0000  0.0000
Z  0.0000 -0.0000  1.0000

PART 96
OFFSET  1.5404 -0.0000  4.1357
X  1.0000 -0.0000  0.0000
Y  0.0000  1.0000  0.0000
Z  0.0000 -0.0000  1.0000


FRAME 1702
PART 0
OFFSET  0.0000 -0.0000 -0.0000
X  1.0000 -0.0000  0.0000
Y  0.0000  1.0000  0.0000
Z  0.0000 -0.0000  1.0000

PART 1
OFFSET -7.6810 -0.0000 -1.3770
X  1.0000 -0.0000  0.0000
Y  0.0000  1.0000  0.0000
Z  0.0000 -0.0000  1.0000

PART 2
OFFSET -1.6489  5.2787 -5.1189
X  0.7995  0.2534 -0.5447
Y -0.0788 -0.8546 -0.5133
Z -0.5955  0.4533 -0.6632

PART 3
OFFSET  8.0196  8.3438 -11.7059
X  0.6612 -0.7332  0.1592
Y -0.6519 -0.4564  0.6056
Z -0.3714 -0.5042 -0.7797

PART 4
OFFSET  13.6430  2.1079 -10.3520
X  0.6612 -0.7332  0.1592
Y -0.3232 -0.0868  0.9423
Z -0.6771 -0.6745 -0.2943

PART 5
OFFSET  15.6863  2.3217 -9.0803
X  0.6660 -0.7291  0.1577
Y  0.3757  0.5105  0.7735
Z -0.6444 -0.4559  0.6139

PART 6
OFFSET  14.8612  1.5693 -11.5215
X  0.6660 -0.7291  0.1577
Y  0.3757  0.5105  0.7735
Z -0.6444 -0.4559  0.6139

PART 7
OFFSET  14.5771  0.8332 -8.0466
X  0.6660 -0.7291  0.1577
Y  0.3757  0.5105  0.7735
Z -0.6444 -0.4559  0.6139

PART 8
OFFSET  13.8582  0.0423 -9.3362
X  0.6660 -0.7291  0.1577
Y  0.3757  0.5105  0.7735
Z -0.6444 -0.4559  0.6139

PART 9
OFFSET  13.1281 -0.4023 -10.7376
X  0.6660 -0.7291  0.1577
Y  0.3757  0.5105  0.7735
Z -0.6444 -0.4559  0.6139

PART 10
OFFSET  15.6699 -0.1397 -9.8640
X  0.7274 -0.5639  0.3911
Y -0.4464  0.0441  0.8938
Z -0.5212 -0.8247 -0.2196

PART 11
OFFSET  15.3523 -0.6894 -8.9157
X  0.0480 -0.8315  0.5535
Y -0.2871  0.5193  0.8049
Z -0.9567 -0.1975 -0.2138

PART 12
OFFSET  15.3739 -2.4428 -7.6529
X  0.5564 -0.8244 -0.1037
Y -0.2633 -0.2933  0.9190
Z -0.7880 -0.4841 -0.3803

PART 13
OFFSET  16.1997 -3.8104 -7.9176
X  0.3136 -0.2160 -0.9247
Y  0.2479 -0.9214  0.2993
Z -0.9166 -0.3230 -0.2354

PART 14
OFFSET  16.5011 -4.0744 -8.9232
X  0.8714 -0.1418 -0.4697
Y  0.4410  0.6459  0.6232
Z  0.2150 -0.7502  0.6253

PART 15
OFFSET  16.6580 -0.8308 -10.5344
X  0.8154 -0.5699 -0.1020
Y -0.5746 -0.7750 -0.2630
Z  0.0708  0.2731 -0.9594

PART 16
OFFSET  18.4093 -2.2460 -10.6562
X -0.2985 -0.9487  0.1043
Y -0.9539  0.2932 -0.0636
Z  0.0298 -0.1185 -0.9925

PART 17
OFFSET  17.9867 -3.5891 -10.5085
X -0.9877 -0.1562 -0.0106
Y -0.1519  0.9724 -0.1771
Z  0.0380 -0.1734 -0.9841

PART 18
OFFSET  17.1110 -3.7276 -10.5178
X -0.8205  0.5643 -0.0909
Y  0.5704  0.8186 -0.0669
Z  0.0367 -0.1068 -0.9936

PART 19
OFFSET  16.3315 -3.1915 -10.6042
X  0.2642 -0.9301  0.2553
Y  0.9633  0.2413 -0.1176
Z  0.0477  0.2769  0.9597

PART 20
OFFSET  16.5942 -0.8103 -9.8237
X  0.8262 -0.5551  0.0964
Y -0.5159 -0.8141 -0.2666
Z  0.2265  0.1705 -0.9590

PART 21
OFFSET  18.7476 -2.2557 -9.6444
X -0.4828 -0.8756  0.0105
Y -0.8748  0.4817 -0.0521
Z  0.0405 -0.0343 -0.9986

PART 22
OFFSET  17.9255 -3.7465 -9.6265
X -0.9971  0.0664 -0.0384
Y  0.0687  0.9957 -0.0624
Z  0.0341 -0.0649 -0.9973

PART 23
OFFSET  16.5437 -3.6544 -9.6798
X -0.2055  0.9761 -0.0703
Y  0.9778  0.2077  0.0260
Z  0.0400 -0.0634 -0.9972

PART 24
OFFSET  16.3208 -2.5958 -9.7560
X -0.3882 -0.9215 -0.0063
Y  0.9163 -0.3867  0.1044
Z -0.0987  0.0347  0.9945

PART 25
OFFSET  16.9241 -2.2499 -7.3569
X  0.6258 -0.7684  0.1341
Y  0.6922  0.6263  0.3585
Z -0.3595 -0.1315  0.9238

PART 26
OFFSET  18.3612 -1.9971 -7.5843
X -0.2842 -0.9509 -0.1225
Y -0.9587  0.2832  0.0260
Z  0.0100  0.1248 -0.9921

PART 27
OFFSET  17.8608 -3.6713 -7.7999
X -0.9513  0.2984 -0.0766
Y  0.2876  0.9493  0.1271
Z  0.1106  0.0988 -0.9889

PART 28
OFFSET  16.6975 -3.3145 -7.8329
X -0.1870  0.9703  0.1537
Y  0.9824  0.1846  0.0296
Z  0.0004  0.1566 -0.9877

PART 29
OFFSET  16.4863 -2.2186 -7.6593
X -0.8258 -0.4385 -0.3546
Y  0.4704 -0.8824 -0.0043
Z -0.3110 -0.1704  0.9350

PART 30
OFFSET  18.6744 -2.1328 -8.6349
X -0.5614 -0.8273 -0.0194
Y -0.8222  0.5603 -0.1002
Z  0.0938 -0.0403 -0.9948

PART 31
OFFSET  17.5776 -3.7490 -8.6729
X -0.9490  0.3011 -0.0933
Y  0.2981  0.9535  0.0445
Z  0.1024  0.0144 -0.9946

PART 32
OFFSET  16.1915 -3.3092 -8.8092
X -0.0070  0.9990  0.0433
Y  0.9902  0.0009  0.1394
Z  0.1392  0.0439 -0.9893

PART 33
OFFSET  16.1838 -2.1774 -8.7673
X -0.6360 -0.7694 -0.0590
Y  0.7706 -0.6373  0.0048
Z -0.0413 -0.0424  0.9982

PART 34
OFFSET  17.0882 -2.9490 -9.6199
X  0.1590  0.1590 -0.9744
Y  0.5212  0.8247  0.2196
Z  0.8385 -0.5428  0.0483

PART 35
OFFSET  15.5881  2.0179 -10.0700
X  0.6661 -0.7290  0.1577
Y  0.3788  0.5127  0.7705
Z -0.6426 -0.4534  0.6177

PART 36
OFFSET  14.8608  1.5692 -11.5203
X  0.6661 -0.7290  0.1577
Y  0.3788  0.5127  0.7705
Z -0.6425 -0.4534  0.6177

PART 37
OFFSET  14.2387  0.4185 -8.5347
X  0.6661 -0.7290  0.1577
Y  0.3788  0.5127  0.7705
Z -0.6426 -0.4534  0.6177

PART 38
OFFSET  13.5402 -0.2749 -9.4528
X  0.6661 -0.7290  0.1577
Y  0.3788  0.5127  0.7705
Z -0.6426 -0.4534  0.6177

PART 39
OFFSET  13.6866  0.1389 -10.5677
X  0.6661 -0.7290  0.1577
Y  0.3788  0.5127  0.7705
Z -0.6426 -0.4534  0.6177

PART 40
OFFSET  9.5459 -3.0890 -6.4219
X  0.9974  0.0648 -0.0323
Y -0.0669  0.9953 -0.0705
Z  0.0276  0.0725  0.9970

PART 41
OFFSET  9.5459 -3.0890 -6.4219
X  0.9974  0.0648 -0.0323
Y -0.0669  0.9953 -0.0705
Z  0.0276  0.0725  0.9970

PART 42
OFFSET  12.1370 -3.5431 -4.8298
X  0.9974  0.0648 -0.0323
Y -0.0669  0.9953 -0.0705
Z  0.0276  0.0725  0.9970

PART 43
OFFSET  16.7062 -2.4033 -3.4999
X  0.9974  0.0648 -0.0323
Y -0.0723  0.8703 -0.4872
Z -0.0034  0.4883  0.8727

PART 44
OFFSET  11.7902 -2.6708 -2.6485
X  0.9974  0.0647 -0.0323
Y -0.0669  0.9953 -0.0705
Z  0.0276  0.0725  0.9970

PART 45
OFFSET  7.5469 -2.8778 -1.5457
X  0.9974  0.0647 -0.0323
Y -0.0669  0.9953 -0.0705
Z  0.0276  0.0725  0.9970

PART 46
OFFSET  9.6117  1.6093 -6.2738
X  0.9974  0.0648 -0.0323
Y -0.0669  0.9953 -0.0705
Z  0.0276  0.0725  0.9970

PART 47
OFFSET  9.6307 -2.9135 -3.4531
X -0.0618  0.9944  0.0853
Y -0.9974 -0.0648  0.0323
Z  0.0377 -0.0831  0.9958

PART 48
OFFSET  9.6019 -2.4499 -3.4133
X -0.0618  0.9943  0.0874
Y -0.9974 -0.0649  0.0324
Z  0.0378 -0.0851  0.9957

PART 49
OFFSET  9.5731 -1.9864 -3.3725
X -0.0624  0.9954  0.0727
Y -0.9974 -0.0649  0.0323
Z  0.0369 -0.0705  0.9968

PART 50
OFFSET  9.5440 -1.5223 -3.3387
X -0.0642  0.9978  0.0194
Y -0.9974 -0.0648  0.0323
Z  0.0335 -0.0172  0.9993

PART 51
OFFSET  9.5141 -1.0571 -3.3296
X -0.0682  0.9911 -0.1142
Y -0.9974 -0.0649  0.0321
Z  0.0244  0.1161  0.9929

PART 52
OFFSET  9.4823 -0.5951 -3.3828
X -0.0724  0.8679 -0.4914
Y -0.9974 -0.0650  0.0321
Z -0.0041  0.4924  0.8703

PART 53
OFFSET  9.4518 -0.2292 -3.5900
X -0.0548  0.3875 -0.9203
Y -0.9974 -0.0651  0.0320
Z -0.0474  0.9196  0.3900

PART 54
OFFSET  9.4261 -0.0477 -4.0212
X -0.0338  0.0257 -0.9991
Y -0.9974 -0.0651  0.0320
Z -0.0642  0.9976  0.0278

PART 55
OFFSET  9.4103 -0.0357 -4.4869
X -0.0266 -0.0811 -0.9963
Y -0.9974 -0.0650  0.0319
Z -0.0674  0.9946 -0.0792

PART 56
OFFSET  9.3979 -0.0735 -4.9514
X -0.0268 -0.0815 -0.9963
Y -0.9974 -0.0650  0.0321
Z -0.0674  0.9945 -0.0796

PART 57
OFFSET  9.3854 -0.1116 -5.4158
X -0.0268 -0.0815 -0.9963
Y -0.9974 -0.0649  0.0321
Z -0.0673  0.9946 -0.0796

PART 58
OFFSET  9.3729 -0.1496 -5.8803
X -0.0268 -0.0815 -0.9963
Y -0.9974 -0.0650  0.0321
Z -0.0673  0.9946 -0.0795

PART 59
OFFSET  25.4873 -0.6319 -5.5187
X -0.0527  0.3435 -0.9377
Y  0.0201  0.9391  0.3429
Z  0.9984 -0.0008 -0.0564

PART 60
OFFSET  25.6632 -3.2493 -5.3333
X -0.0024  0.4756  0.8797
Y -0.1417  0.8706 -0.4711
Z -0.9899 -0.1258  0.0654

PART 61
OFFSET -6.5551 -7.9373 -5.6959
X -0.4429  0.1602  0.8822
Y -0.1722 -0.9808  0.0916
Z  0.8799 -0.1113  0.4620

PART 62
OFFSET -1.1987 -9.8743 -16.3645
X -0.5329 -0.4317 -0.7278
Y  0.7911  0.0511 -0.6095
Z  0.3004 -0.9005  0.3143

PART 63
OFFSET  3.3335 -6.2021 -10.1745
X -0.5329 -0.4317 -0.7278
Y  0.8286 -0.0918 -0.5523
Z  0.1716 -0.8973  0.4066

PART 64
OFFSET  3.1759 -4.5995 -9.0334
X -0.5385 -0.4294 -0.7250
Y -0.3119  0.9009 -0.3019
Z  0.7828  0.0635 -0.6190

PART 65
OFFSET  2.8072 -5.0387 -7.9752
X -0.5385 -0.4294 -0.7250
Y -0.3119  0.9009 -0.3019
Z  0.7828  0.0635 -0.6190

PART 66
OFFSET  3.3987 -6.1582 -7.6079
X -0.5385 -0.4294 -0.7250
Y -0.3119  0.9009 -0.3019
Z  0.7828  0.0635 -0.6190

PART 67
OFFSET  4.9670 -4.8785 -7.9434
X -0.9730 -0.0972 -0.2092
Y  0.2228 -0.1616 -0.9614
Z  0.0597 -0.9821  0.1789

PART 68
OFFSET  5.1652 -4.2757 -6.9950
X -0.5743 -0.7413 -0.3475
Y  0.4932  0.0256 -0.8695
Z  0.6534 -0.6707  0.3509

PART 69
OFFSET  6.3188 -2.6413 -6.1778
X -0.8952 -0.3630  0.2585
Y -0.0065 -0.5694 -0.8220
Z  0.4456 -0.7376  0.5074

PART 70
OFFSET  7.7137 -2.0067 -6.7010
X -0.4994  0.1123  0.8591
Y -0.6643 -0.6862 -0.2965
Z  0.5562 -0.7187  0.4173

PART 71
OFFSET  8.2396 -2.0836 -7.6440
X -0.8628  0.4032  0.3050
Y  0.0647  0.6864 -0.7243
Z -0.5014 -0.6052 -0.6183

PART 72
OFFSET  6.0170 -4.7708 -8.8319
X -0.9463 -0.0486  0.3197
Y  0.1221 -0.9692  0.2140
Z  0.2995  0.2415  0.9230

PART 73
OFFSET  8.1717 -4.5076 -9.4421
X -0.7115 -0.7002 -0.0598
Y  0.6783 -0.6620 -0.3190
Z  0.1838 -0.2675  0.9459

PART 74
OFFSET  9.1790 -3.5163 -9.3574
X  0.3525 -0.8814 -0.3145
Y  0.9266  0.3758 -0.0146
Z  0.1310 -0.2862  0.9492

PART 75
OFFSET  8.8664 -2.7349 -9.0786
X  0.8608 -0.4223 -0.2841
Y  0.4724  0.8706  0.1374
Z  0.1894 -0.2525  0.9489

PART 76
OFFSET  8.0486 -2.3337 -8.8087
X -0.9823 -0.1870 -0.0061
Y -0.1733  0.8971  0.4065
Z -0.0705  0.4004 -0.9136

PART 77
OFFSET  6.0912 -4.7792 -8.1220
X -0.9956 -0.0536  0.0773
Y  0.0698 -0.9719  0.2250
Z  0.0631  0.2294  0.9713

PART 78
OFFSET  8.6672 -4.6956 -8.4620
X -0.6013 -0.7765  0.1882
Y  0.6892 -0.6232 -0.3696
Z  0.4043 -0.0925  0.9099

PART 79
OFFSET  9.6909 -3.3735 -8.7824
X  0.5172 -0.7980 -0.3093
Y  0.7657  0.5929 -0.2494
Z  0.3824 -0.1078  0.9177

PART 80
OFFSET  8.9741 -2.2675 -8.3538
X  0.8724 -0.2942 -0.3903
Y  0.3116  0.9500 -0.0195
Z  0.3765 -0.1046  0.9205

PART 81
OFFSET  8.0280 -1.9485 -7.9305
X -0.8743 -0.3068  0.3762
Y -0.2612  0.9505  0.1682
Z -0.4092  0.0488 -0.9112

PART 82
OFFSET  0.7609 -5.6729 -7.9052
X -0.9420 -0.3333  0.0388
Y -0.3311  0.9043 -0.2694
Z  0.0547 -0.2666 -0.9623

PART 83
OFFSET  8.6126 -4.7429 -6.3366
X -0.9711 -0.2294  0.0654
Y  0.2384 -0.9427  0.2332
Z  0.0082  0.2420  0.9702

PART 84
OFFSET  10.3224 -4.3389 -6.4519
X -0.2707 -0.9202  0.2827
Y  0.9627 -0.2587  0.0798
Z -0.0003  0.2938  0.9559

PART 85
OFFSET  10.6515 -3.2024 -6.7375
X -0.0784 -0.9717  0.2229
Y  0.9969 -0.0765  0.0172
Z  0.0003  0.2236  0.9747

PART 86
OFFSET  10.7400 -2.1049 -6.9893
X -0.8743  0.4483  0.1860
Y  0.3722  0.8653 -0.3358
Z -0.3115 -0.2244 -0.9234

PART 87
OFFSET  8.7398 -4.7523 -7.4340
X -0.4654 -0.8584  0.2155
Y  0.8555 -0.4988 -0.1392
Z  0.2270  0.1196  0.9665

PART 88
OFFSET  9.6491 -3.0754 -7.8550
X  0.6676 -0.7413 -0.0693
Y  0.6978  0.6554 -0.2892
Z  0.2598  0.1447  0.9548

PART 89
OFFSET  8.6741 -1.9925 -7.7538
X  0.9403 -0.2552 -0.2253
Y  0.1948  0.9461 -0.2587
Z  0.2791  0.1994  0.9393

PART 90
OFFSET  7.6073 -1.7043 -7.5055
X -0.8633 -0.4213  0.2779
Y -0.4341  0.9007  0.0172
Z -0.2576 -0.1058 -0.9604

PART 91
OFFSET  3.1708 -4.5881 -9.0368
X -0.5384 -0.4296 -0.7250
Y -0.3102  0.9009 -0.3035
Z  0.7835  0.0615 -0.6183

PART 92
OFFSET  2.7986 -5.0174 -7.9819
X -0.5384 -0.4296 -0.7250
Y -0.3102  0.9009 -0.3035
Z  0.7835  0.0615 -0.6183

PART 93
OFFSET  3.4203 -6.1564 -7.6246
X -0.5384 -0.4296 -0.7250
Y -0.3102  0.9009 -0.3035
Z  0.7835  0.0615 -0.6183

PART 94
OFFSET  0.0000 -0.0000 -0.0000
X  1.0000 -0.0000  0.0000
Y  0.0000  1.0000  0.0000
Z  0.0000 -0.0000  1.0000

PART 95
OFFSET  0.0000 -0.0000 -0.0000
X  1.0000 -0.0000  0.0000
Y  0.0000  1.0000  0.0000
Z  0.0000 -0.0000  1.0000

PART 96
OFFSET  1.5404 -0.0000  4.1357
X  1.0000 -0.0000  0.0000
Y  0.0000  1.0000  0.0000
Z  0.0000 -0.0000  1.0000


FRAME 1703
PART 0
OFFSET  0.0000 -0.0000 -0.0000
X  1.0000 -0.0000  0.0000
Y  0.0000  1.0000  0.0000
Z  0.0000 -0.0000  1.0000

PART 1
OFFSET -7.6810 -0.0000 -1.3770
X  1.0000 -0.0000  0.0000
Y  0.0000  1.0000  0.0000
Z  0.0000 -0.0000  1.0000

PART 2
OFFSET -1.6489  5.2787 -5.1189
X  0.7645  0.3166 -0.5616
Y -0.0692 -0.8258 -0.5598
Z -0.6409  0.4668 -0.6094

PART 3
OFFSET  7.5967  9.1072 -11.9104
X  0.6394 -0.7562  0.1392
Y -0.6648 -0.4527  0.5942
Z -0.3863 -0.4725 -0.7922

PART 4
OFFSET  13.0351  2.6757 -10.7262
X  0.6394 -0.7562  0.1392
Y -0.2700 -0.0513  0.9615
Z -0.7199 -0.6524 -0.2370

PART 5
OFFSET  15.0842  2.7961 -9.4516
X  0.6444 -0.7522  0.1379
Y  0.3908  0.4789  0.7861
Z -0.6573 -0.4527  0.6025

PART 6
OFFSET  14.2365  2.1324 -11.9107
X  0.6444 -0.7522  0.1379
Y  0.3908  0.4789  0.7861
Z -0.6573 -0.4527  0.6025

PART 7
OFFSET  13.9321  1.3143 -8.4560
X  0.6444 -0.7522  0.1379
Y  0.3908  0.4789  0.7861
Z -0.6573 -0.4527  0.6025

PART 8
OFFSET  13.1898  0.5788 -9.7650
X  0.6444 -0.7522  0.1379
Y  0.3908  0.4789  0.7861
Z -0.6573 -0.4527  0.6025

PART 9
OFFSET  12.4465  0.1926 -11.1767
X  0.6444 -0.7522  0.1379
Y  0.3908  0.4789  0.7861
Z -0.6573 -0.4527  0.6025

PART 10
OFFSET  14.9953  0.3576 -10.2993
X  0.7765 -0.4767  0.4120
Y -0.4269  0.0829  0.9005
Z -0.4635 -0.8751 -0.1391

PART 11
OFFSET  14.7423 -0.1362 -9.3021
X  0.1230 -0.7790  0.6149
Y -0.3056  0.5597  0.7702
Z -0.9442 -0.2826 -0.1692

PART 12
OFFSET  14.9246 -1.7770 -7.9078
X  0.6137 -0.7876 -0.0557
Y -0.2187 -0.2373  0.9465
Z -0.7587 -0.5687 -0.3179

PART 13
OFFSET  15.8434 -3.0980 -8.0897
X  0.3066 -0.2659 -0.9140
Y  0.3229 -0.8742  0.3626
Z -0.8954 -0.4063 -0.1822

PART 14
OFFSET  16.1394 -3.4190 -9.0803
X  0.8680 -0.1154 -0.4829
Y  0.4065  0.7238  0.5576
Z  0.2852 -0.6803  0.6752

PART 15
OFFSET  16.0158 -0.3115 -10.9430
X  0.8529 -0.5157 -0.0816
Y -0.5214 -0.8331 -0.1847
Z  0.0273  0.2001 -0.9794

PART 16
OFFSET  17.8641 -1.6015 -11.0063
X -0.2245 -0.9564  0.1867
Y -0.9744  0.2174 -0.0579
Z  0.0148 -0.1949 -0.9807

PART 17
OFFSET  17.5464 -2.9556 -10.7419
X -0.9733 -0.2276  0.0310
Y -0.2281  0.9416 -0.2477
Z  0.0272 -0.2482 -0.9683

PART 18
OFFSET  16.6834 -3.1574 -10.7144
X -0.8622  0.4944 -0.1101
Y  0.5061  0.8498 -0.1474
Z  0.0207 -0.1828 -0.9829

PART 19
OFFSET  15.8643 -2.6877 -10.8191
X  0.3388 -0.8852  0.3189
Y  0.9395  0.3003 -0.1646
Z  0.0499  0.3554  0.9334

PART 20
OFFSET  15.9676 -0.2391 -10.2345
X  0.8673 -0.4844  0.1147
Y -0.4601 -0.8680 -0.1869
Z  0.1901  0.1093 -0.9757

PART 21
OFFSET  18.2263 -1.5059 -10.0074
X -0.4159 -0.9046  0.0930
Y -0.9092  0.4115 -0.0634
Z  0.0190 -0.1109 -0.9936

PART 22
OFFSET  17.5182 -3.0461 -9.8490
X -0.9999 -0.0092 -0.0138
Y -0.0071  0.9899 -0.1417
Z  0.0150 -0.1416 -0.9898

PART 23
OFFSET  16.1325 -3.0588 -9.8682
