// Export filename: `C:\projects\cod\t5\xanim_export\t5_viewmodels\m60\m60_grip_sprint_loop.XANIM_EXPORT`
// Source filename: `D:\projects\devanim\t5\animation_assets\viewmodels\m60\viewmodel_m60_animated.fbx`
// Export time: Fri Jul 30 14:25:52 2010

ANIMATION
VERSION 3

NUMPARTS 97
PART 0 "tag_ads"
PART 1 "tag_torso"
PART 2 "J_Shoulder_LE"
PART 3 "J_Elbow_LE"
PART 4 "J_WristTwist_LE"
PART 5 "J_Sleave_Reshape_Bottom_LE_1"
PART 6 "J_Sleave_Reshape_Bottom_LE_2"
PART 7 "J_Sleave_Reshape_Top_LE_1"
PART 8 "J_Sleave_Reshape_Top_LE_2"
PART 9 "J_Sleave_Reshape_Top_LE_3"
PART 10 "J_Wrist_LE"
PART 11 "J_Thumb_LE_0"
PART 12 "J_Thumb_LE_1"
PART 13 "J_Thumb_LE_2"
PART 14 "J_Thumb_LE_3"
PART 15 "J_PinkyPalm_LE"
PART 16 "J_Pinky_LE_0"
PART 17 "J_Pinky_LE_1"
PART 18 "J_Pinky_LE_2"
PART 19 "J_Pinky_LE_3"
PART 20 "J_RingPalm_LE"
PART 21 "J_Ring_LE_0"
PART 22 "J_Ring_LE_1"
PART 23 "J_Ring_LE_2"
PART 24 "J_Ring_LE_3"
PART 25 "J_Webbing_LE"
PART 26 "J_Index_LE_0"
PART 27 "J_Index_LE_1"
PART 28 "J_Index_LE_2"
PART 29 "J_Index_LE_3"
PART 30 "J_Mid_LE_0"
PART 31 "J_Mid_LE_1"
PART 32 "J_Mid_LE_2"
PART 33 "J_Mid_LE_3"
PART 34 "tag_knife_attach"
PART 35 "D_Sleave_Reshape_Bottom_LE_1"
PART 36 "D_Sleave_Reshape_Bottom_LE_2"
PART 37 "D_Sleave_Reshape_Top_LE_1"
PART 38 "D_Sleave_Reshape_Top_LE_2"
PART 39 "D_Sleave_Reshape_Top_LE_3"
PART 40 "tag_weapon"
PART 41 "J_Gun"
PART 42 "J_Bolt"
PART 43 "J_Handle"
PART 44 "J_Reload_Cover"
PART 45 "TAG_IRON_SIGHTS"
PART 46 "TAG_CLIP"
PART 47 "J_Bullets0"
PART 48 "J_Bullets1"
PART 49 "J_Bullets2"
PART 50 "J_Bullets3"
PART 51 "J_Bullets4"
PART 52 "J_Bullets5"
PART 53 "J_Bullets6"
PART 54 "J_Bullets7"
PART 55 "J_Bullets8"
PART 56 "J_Bullets9"
PART 57 "J_Bullets10"
PART 58 "J_Bullets11"
PART 59 "J_Pod_Left"
PART 60 "J_Pod_Right"
PART 61 "J_Shoulder_RI"
PART 62 "J_Elbow_RI"
PART 63 "J_WristTwist_RI"
PART 64 "J_Sleave_Reshape_Top_RI_3"
PART 65 "J_Sleave_Reshape_Top_RI_2"
PART 66 "J_Sleave_Reshape_Top_RI_1"
PART 67 "J_Wrist_RI"
PART 68 "J_Thumb_RI_0"
PART 69 "J_Thumb_RI_1"
PART 70 "J_Thumb_RI_2"
PART 71 "J_Thumb_RI_3"
PART 72 "J_PinkyPalm_RI"
PART 73 "J_Pinky_RI_0"
PART 74 "J_Pinky_RI_1"
PART 75 "J_Pinky_RI_2"
PART 76 "J_Pinky_RI_3"
PART 77 "J_RingPalm_RI"
PART 78 "J_Ring_RI_0"
PART 79 "J_Ring_RI_1"
PART 80 "J_Ring_RI_2"
PART 81 "J_Ring_RI_3"
PART 82 "J_Webbing_RI"
PART 83 "J_Index_RI_0"
PART 84 "J_Index_RI_1"
PART 85 "J_Index_RI_2"
PART 86 "J_Index_RI_3"
PART 87 "J_Mid_RI_0"
PART 88 "J_Mid_RI_1"
PART 89 "J_Mid_RI_2"
PART 90 "J_Mid_RI_3"
PART 91 "D_Sleave_Reshape_Top_RI_3"
PART 92 "D_Sleave_Reshape_Top_RI_2"
PART 93 "D_Sleave_Reshape_Top_RI_1"
PART 94 "tag_cambone"
PART 95 "tag_camera"
PART 96 "tag_gasmask"

FRAMERATE 30
NUMFRAMES 31

FRAME 1710
PART 0
OFFSET  0.0000 -0.0000 -0.0000
X  1.0000 -0.0000  0.0000
Y  0.0000  1.0000  0.0000
Z  0.0000 -0.0000  1.0000

PART 1
OFFSET -7.6810 -0.0000 -1.3770
X  1.0000 -0.0000  0.0000
Y  0.0000  1.0000  0.0000
Z  0.0000 -0.0000  1.0000

PART 2
OFFSET -1.6489  5.2787 -5.1189
X  0.6679  0.5796 -0.4669
Y -0.1604 -0.5005 -0.8507
Z -0.7267  0.6431 -0.2413

PART 3
OFFSET  6.4288  12.2878 -10.7658
X  0.4312 -0.8898 -0.1495
Y -0.7453 -0.4447  0.4967
Z -0.5085 -0.1028 -0.8549

PART 4
OFFSET  10.0967  4.7200 -12.0375
X  0.4312 -0.8898 -0.1495
Y  0.8200  0.3174  0.4763
Z -0.3764 -0.3280  0.8665

PART 5
OFFSET  12.1352  3.9616 -10.9855
X  0.4370 -0.8868 -0.1501
Y  0.5146  0.1096  0.8504
Z -0.7377 -0.4489  0.5043

PART 6
OFFSET  11.0988  4.3013 -13.4383
X  0.4370 -0.8868 -0.1501
Y  0.5146  0.1096  0.8504
Z -0.7377 -0.4489  0.5043

PART 7
OFFSET  10.6675  2.5580 -10.3607
X  0.4370 -0.8868 -0.1501
Y  0.5146  0.1096  0.8504
Z -0.7377 -0.4489  0.5043

PART 8
OFFSET  9.7381  2.4541 -11.7502
X  0.4370 -0.8868 -0.1501
Y  0.5146  0.1096  0.8504
Z -0.7377 -0.4489  0.5043

PART 9
OFFSET  8.8934  2.7045 -13.1353
X  0.4370 -0.8868 -0.1501
Y  0.5146  0.1096  0.8504
Z -0.7377 -0.4489  0.5043

PART 10
OFFSET  11.4187  1.9923 -12.4960
X  0.8417  0.2795  0.4620
Y -0.5344  0.3080  0.7871
Z  0.0777 -0.9094  0.4086

PART 11
OFFSET  11.3135  2.0418 -11.3607
X  0.4148 -0.1545  0.8967
Y -0.6578  0.6300  0.4128
Z -0.6287 -0.7611  0.1597

PART 12
OFFSET  12.1080  1.7290 -9.3756
X  0.9316 -0.2597  0.2543
Y -0.2003  0.2170  0.9554
Z -0.3034 -0.9410  0.1502

PART 13
OFFSET  13.5898  1.1913 -9.0052
X  0.5284 -0.5018 -0.6848
Y  0.6695 -0.2497  0.6996
Z -0.5221 -0.8281  0.2041

PART 14
OFFSET  14.1487  0.6065 -9.7245
X  0.8634  0.1101 -0.4924
Y -0.1089  0.9936  0.0311
Z  0.4927  0.0268  0.8698

PART 15
OFFSET  12.7188  1.7152 -12.8652
X  0.9979  0.0353  0.0535
Y  0.0138 -0.9335  0.3583
Z  0.0626 -0.3569 -0.9321

PART 16
OFFSET  14.9536  1.7320 -12.5653
X  0.2743 -0.6750  0.6849
Y -0.9272 -0.3745  0.0022
Z  0.2550 -0.6357 -0.7286

PART 17
OFFSET  15.3420  0.7763 -11.5956
X -0.7106 -0.6340  0.3050
Y -0.6405  0.4037 -0.6533
Z  0.2911 -0.6596 -0.6930

PART 18
OFFSET  14.7119  0.2141 -11.3253
X -0.9671 -0.1543 -0.2024
Y  0.0127  0.7648 -0.6441
Z  0.2542 -0.6255 -0.7377

PART 19
OFFSET  13.7931  0.0675 -11.5175
X  0.6949 -0.2716  0.6658
Y  0.6641  0.5977 -0.4493
Z -0.2759  0.7543  0.5957

PART 20
OFFSET  12.5379  2.1084 -12.2976
X  0.9656  0.1660  0.2004
Y  0.0839 -0.9276  0.3641
Z  0.2463 -0.3348 -0.9095

PART 21
OFFSET  15.0657  2.4999 -11.8333
X  0.0994 -0.7851  0.6114
Y -0.9710 -0.2108 -0.1128
Z  0.2174 -0.5824 -0.7833

PART 22
OFFSET  15.2350  1.1633 -10.7925
X -0.8388 -0.5205  0.1596
Y -0.4939  0.6040 -0.6255
Z  0.2291 -0.6035 -0.7637

PART 23
OFFSET  14.0724  0.4419 -10.5712
X -0.7037  0.4395 -0.5582
Y  0.6711  0.6690 -0.3194
Z  0.2331 -0.5994 -0.7658

PART 24
OFFSET  13.3092  0.9185 -11.1766
X  0.2047 -0.7717  0.6021
Y  0.9425  0.3213  0.0915
Z -0.2641  0.5488  0.7931

PART 25
OFFSET  13.2065  2.8556 -9.6029
X  0.9169 -0.0494  0.3961
Y  0.1494  0.9627 -0.2256
Z -0.3702  0.2660  0.8901

PART 26
OFFSET  14.2663  3.6518 -10.2539
X  0.3247 -0.8012  0.5027
Y -0.9403 -0.3308  0.0801
Z  0.1021 -0.4987 -0.8607

PART 27
OFFSET  14.8380  2.2412 -9.3688
X -0.9259 -0.3775 -0.0116
Y -0.3218  0.8047 -0.4989
Z  0.1977 -0.4582 -0.8666

PART 28
OFFSET  13.7003  1.8101 -9.3303
X -0.7225  0.5767 -0.3814
Y  0.6872  0.6595 -0.3045
Z  0.0760 -0.4821 -0.8728

PART 29
OFFSET  12.8842  2.4615 -9.7611
X -0.3638 -0.9187  0.1536
Y  0.8780 -0.2831  0.3860
Z -0.3112  0.2753  0.9096

PART 30
OFFSET  14.7703  3.1247 -11.0837
X  0.0135 -0.8157  0.5783
Y -0.9646 -0.1629 -0.2072
Z  0.2632 -0.5550 -0.7891

PART 31
OFFSET  14.7967  1.5312 -9.9540
X -0.9227 -0.3845 -0.0271
Y -0.3019  0.7645 -0.5695
Z  0.2397 -0.5173 -0.8215

PART 32
OFFSET  13.4489  0.9695 -9.9936
X -0.5748  0.6267 -0.5262
Y  0.7786  0.6168 -0.1158
Z  0.2520 -0.4762 -0.8424

PART 33
OFFSET  12.7992  1.6755 -10.5954
X -0.0727 -0.8441  0.5313
Y  0.9819  0.0329  0.1866
Z -0.1750  0.5352  0.8264

PART 34
OFFSET  14.1070  1.1983 -11.0448
X  0.2007 -0.3872 -0.8999
Y -0.0777  0.9094 -0.4086
Z  0.9766  0.1520  0.1524

PART 35
OFFSET  11.9422  4.0390 -12.0044
X  0.4371 -0.8868 -0.1501
Y  0.5179  0.1117  0.8481
Z -0.7353 -0.4485  0.5081

PART 36
OFFSET  11.0984  4.3010 -13.4373
X  0.4371 -0.8868 -0.1501
Y  0.5179  0.1117  0.8481
Z -0.7353 -0.4485  0.5081

PART 37
OFFSET  10.2198  2.4313 -10.9159
X  0.4371 -0.8868 -0.1501
Y  0.5179  0.1117  0.8481
Z -0.7353 -0.4485  0.5081

PART 38
OFFSET  9.3423  2.2877 -11.9263
X  0.4371 -0.8868 -0.1501
Y  0.5179  0.1117  0.8481
Z -0.7353 -0.4485  0.5081

PART 39
OFFSET  9.5835  2.9938 -12.8638
X  0.4371 -0.8868 -0.1501
Y  0.5179  0.1117  0.8481
Z -0.7353 -0.4485  0.5081

PART 40
OFFSET  7.5455 -1.0895 -6.7036
X  0.7770  0.5588 -0.2898
Y -0.6022  0.5257 -0.6008
Z -0.1833  0.6414  0.7450

PART 41
OFFSET  7.5455 -1.0895 -6.7036
X  0.7770  0.5588 -0.2898
Y -0.6022  0.5257 -0.6008
Z -0.1833  0.6414  0.7450

PART 42
OFFSET  9.6368  0.9644 -5.7746
X  0.7770  0.5588 -0.2898
Y -0.6022  0.5257 -0.6008
Z -0.1833  0.6414  0.7450

PART 43
OFFSET  12.4779  4.8987 -6.4030
X  0.7770  0.5588 -0.2898
Y -0.4673  0.2036 -0.8603
Z -0.4217  0.8039  0.4193

PART 44
OFFSET  8.5044  2.5803 -4.4533
X  0.7771  0.5587 -0.2898
Y -0.6021  0.5258 -0.6008
Z -0.1834  0.6414  0.7450

PART 45
OFFSET  5.0002  0.8085 -2.4921
X  0.7771  0.5587 -0.2898
Y -0.6021  0.5258 -0.6008
Z -0.1834  0.6414  0.7450

PART 46
OFFSET  4.9326  1.8794 -9.2449
X  0.7770  0.5588 -0.2898
Y -0.6022  0.5257 -0.6008
Z -0.1833  0.6414  0.7450

PART 47
OFFSET  7.0243  0.7974 -4.4630
X -0.6233  0.6190 -0.4778
Y -0.7770 -0.5588  0.2898
Z -0.0876  0.5519  0.8293

PART 48
OFFSET  6.7337  1.0859 -4.6857
X -0.6236  0.6201 -0.4760
Y -0.7770 -0.5588  0.2899
Z -0.0862  0.5506  0.8303

PART 49
OFFSET  6.4430  1.3750 -4.9076
X -0.6223  0.6120 -0.4881
Y -0.7770 -0.5588  0.2899
Z -0.0954  0.5597  0.8232

PART 50
OFFSET  6.1529  1.6603 -5.1353
X -0.6162  0.5812 -0.5315
Y -0.7770 -0.5588  0.2898
Z -0.1285  0.5916  0.7960

PART 51
OFFSET  5.8656  1.9313 -5.3830
X -0.5936  0.4970 -0.6329
Y -0.7769 -0.5590  0.2897
Z -0.2098  0.6637  0.7180

PART 52
OFFSET  5.5889  2.1630 -5.6780
X -0.4654  0.1997 -0.8623
Y -0.7768 -0.5590  0.2898
Z -0.4242  0.8047  0.4153

PART 53
OFFSET  5.3927  2.2472 -6.0415
X -0.1100 -0.3326 -0.9366
Y -0.7768 -0.5591  0.2897
Z -0.6200  0.7595 -0.1968

PART 54
OFFSET  5.3411  2.0914 -6.4804
X  0.1235 -0.5865 -0.8005
Y -0.7768 -0.5591  0.2897
Z -0.6175  0.5861 -0.5246

PART 55
OFFSET  5.3987  1.8180 -6.8536
X  0.1889 -0.6457 -0.7398
Y -0.7768 -0.5592  0.2897
Z -0.6007  0.5200 -0.6072

PART 56
OFFSET  5.4867  1.5169 -7.1985
X  0.1890 -0.6460 -0.7395
Y -0.7769 -0.5590  0.2898
Z -0.6006  0.5197 -0.6075

PART 57
OFFSET  5.5749  1.2158 -7.5432
X  0.1890 -0.6460 -0.7395
Y -0.7769 -0.5590  0.2897
Z -0.6006  0.5198 -0.6076

PART 58
OFFSET  5.6630  0.9146 -7.8880
X  0.1889 -0.6460 -0.7396
Y -0.7769 -0.5590  0.2898
Z -0.6006  0.5198 -0.6075

PART 59
OFFSET  18.9305  9.5329 -11.0078
X -0.0807 -0.3682 -0.9262
Y -0.5685  0.7803 -0.2606
Z  0.8187  0.5056 -0.2723

PART 60
OFFSET  20.5142  8.1503 -9.4277
X -0.4149  0.8009  0.4317
Y -0.5264  0.1757 -0.8319
Z -0.7421 -0.5724  0.3487

PART 61
OFFSET -6.5551 -7.9373 -5.6959
X -0.5588  0.1176  0.8209
Y -0.2400 -0.9705 -0.0243
Z  0.7938 -0.2106  0.5705

PART 62
OFFSET  0.2028 -9.3600 -15.6241
X -0.4227 -0.3306 -0.8438
Y  0.8844  0.0531 -0.4638
Z  0.1981 -0.9423  0.2699

PART 63
OFFSET  3.7979 -6.5482 -8.4469
X -0.4227 -0.3306 -0.8438
Y  0.8052  0.2904 -0.5171
Z  0.4159 -0.8980  0.1435

PART 64
OFFSET  3.5287 -5.0453 -7.1963
X -0.4286 -0.3281 -0.8418
Y -0.2114  0.9423 -0.2596
Z  0.8784  0.0667 -0.4732

PART 65
OFFSET  2.9651 -5.5511 -6.2607
X -0.4286 -0.3281 -0.8418
Y -0.2114  0.9423 -0.2596
Z  0.8784  0.0667 -0.4732

PART 66
OFFSET  3.4301 -6.7346 -5.9125
X -0.4286 -0.3281 -0.8418
Y -0.2114  0.9423 -0.2596
Z  0.8784  0.0667 -0.4732

PART 67
OFFSET  5.0936 -5.5347 -5.8600
X -0.6991 -0.7064  0.1106
Y  0.4305 -0.5393 -0.7237
Z  0.5709 -0.4583  0.6811

PART 68
OFFSET  4.7583 -4.5083 -5.4910
X  0.0090 -0.9622  0.2721
Y  0.5291 -0.2263 -0.8178
Z  0.8485  0.1514  0.5071

PART 69
OFFSET  4.6388 -2.4177 -6.0249
X -0.5641 -0.5521  0.6140
Y  0.4510 -0.8289 -0.3310
Z  0.6917  0.0902  0.7165

PART 70
OFFSET  5.4988 -1.5860 -7.1161
X -0.6100  0.3005  0.7332
Y -0.1034 -0.9476  0.3023
Z  0.7856  0.1086  0.6091

PART 71
OFFSET  6.1243 -1.8998 -7.9420
X -0.9763 -0.0432  0.2123
Y -0.2136  0.0275 -0.9765
Z  0.0364 -0.9987 -0.0361

PART 72
OFFSET  6.0308 -5.4218 -6.8662
X -0.7923 -0.3534  0.4973
Y  0.6084 -0.3962  0.6877
Z -0.0460  0.8474  0.5289

PART 73
OFFSET  7.7297 -4.4558 -7.9909
X -0.1729 -0.8432  0.5091
Y  0.9745 -0.2214 -0.0357
Z  0.1428  0.4900  0.8600

PART 74
OFFSET  7.9746 -3.2621 -8.7116
X  0.8332 -0.5275  0.1658
Y  0.5419  0.7193 -0.4347
Z  0.1100  0.4521  0.8852

PART 75
OFFSET  7.2358 -2.7944 -8.8587
X  0.9819  0.0428 -0.1846
Y -0.1295  0.8627 -0.4888
Z  0.1383  0.5038  0.8526

PART 76
OFFSET  6.3029 -2.8351 -8.6833
X -0.6897 -0.6472  0.3247
Y -0.7121  0.6875 -0.1425
Z -0.1310 -0.3295 -0.9350

PART 77
OFFSET  5.9782 -4.9720 -6.3144
X -0.7893 -0.5248  0.3189
Y  0.5658 -0.4197  0.7098
Z -0.2386  0.7406  0.6282

PART 78
OFFSET  8.0746 -3.7294 -7.2196
X -0.0817 -0.6851  0.7238
Y  0.9700 -0.2215 -0.1002
Z  0.2290  0.6939  0.6827

PART 79
OFFSET  8.2137 -2.5629 -8.4519
X  0.9189 -0.3851  0.0853
Y  0.3283  0.6269 -0.7066
Z  0.2186  0.6773  0.7025

PART 80
OFFSET  6.9401 -2.0293 -8.5701
X  0.9368  0.0646 -0.3438
Y -0.2785  0.7324 -0.6214
Z  0.2116  0.6779  0.7041

PART 81
OFFSET  5.9241 -2.0993 -8.1973
X -0.5981 -0.4379  0.6712
Y -0.7739  0.5332 -0.3417
Z -0.2083 -0.7239 -0.6578

PART 82
OFFSET  2.1261 -8.2644 -4.4225
X -0.5823 -0.6878  0.4335
Y -0.7322  0.2119 -0.6474
Z  0.3534 -0.6943 -0.6269

PART 83
OFFSET  7.7052 -2.5457 -5.4920
X -0.6686 -0.6250  0.4028
Y  0.6847 -0.3063  0.6614
Z -0.2900  0.7180  0.6327

PART 84
OFFSET  8.8824 -1.4452 -6.2012
X  0.2512 -0.5386  0.8043
Y  0.9122  0.4095 -0.0107
Z -0.3236  0.7364  0.5942

PART 85
OFFSET  8.5574 -0.7457 -7.1428
X  0.4459 -0.5009  0.7418
Y  0.8479  0.5019 -0.1708
Z -0.2868  0.7052  0.6485

PART 86
OFFSET  8.0538 -0.1800 -7.9807
X -0.9912 -0.0916  0.0951
Y -0.1293  0.5290 -0.8387
Z  0.0266 -0.8436 -0.5362

PART 87
OFFSET  7.9952 -3.1239 -6.3876
X  0.0697 -0.6455  0.7606
Y  0.9966  0.0781 -0.0251
Z -0.0432  0.7598  0.6488

PART 88
OFFSET  7.8590 -1.8629 -7.8734
X  0.9691 -0.1294  0.2098
Y  0.2448  0.6048 -0.7578
Z -0.0288  0.7858  0.6178

PART 89
OFFSET  6.4435 -1.6739 -8.1799
X  0.9427  0.2213 -0.2498
Y -0.3312  0.5274 -0.7824
Z -0.0414  0.8203  0.5704

PART 90
OFFSET  5.3759 -1.9300 -7.9015
X -0.5087 -0.5590  0.6548
Y -0.8609  0.3216 -0.3942
Z  0.0098 -0.7643 -0.6448

PART 91
OFFSET  3.5248 -5.0334 -7.1993
X -0.4285 -0.3283 -0.8418
Y -0.2096  0.9424 -0.2608
Z  0.8789  0.0647 -0.4726

PART 92
OFFSET  2.9588 -5.5287 -6.2666
X -0.4285 -0.3283 -0.8418
Y -0.2096  0.9424 -0.2608
Z  0.8789  0.0647 -0.4726

PART 93
OFFSET  3.4543 -6.7326 -5.9251
X -0.4285 -0.3283 -0.8418
Y -0.2096  0.9424 -0.2608
Z  0.8789  0.0647 -0.4726

PART 94
OFFSET  0.0000 -0.0000 -0.0000
X  1.0000 -0.0000  0.0000
Y  0.0000  1.0000  0.0000
Z  0.0000 -0.0000  1.0000

PART 95
OFFSET  0.0000 -0.0000 -0.0000
X  1.0000 -0.0000  0.0000
Y  0.0000  1.0000  0.0000
Z  0.0000 -0.0000  1.0000

PART 96
OFFSET  1.5404 -0.0000  4.1357
X  1.0000 -0.0000  0.0000
Y  0.0000  1.0000  0.0000
Z  0.0000 -0.0000  1.0000


FRAME 1711
PART 0
OFFSET  0.0000 -0.0000 -0.0000
X  1.0000 -0.0000  0.0000
Y  0.0000  1.0000  0.0000
Z  0.0000 -0.0000  1.0000

PART 1
OFFSET -7.6810 -0.0000 -1.3770
X  1.0000 -0.0000  0.0000
Y  0.0000  1.0000  0.0000
Z  0.0000 -0.0000  1.0000

PART 2
OFFSET -1.6489  5.2787 -5.1189
X  0.6693  0.5740 -0.4718
Y -0.1585 -0.5100 -0.8454
Z -0.7259  0.6406 -0.2504

PART 3
OFFSET  6.4457  12.2205 -10.8243
X  0.4327 -0.8907 -0.1394
Y -0.7459 -0.4405  0.4996
Z -0.5064 -0.1122 -0.8550

PART 4
OFFSET  10.1262  4.6448 -12.0098
X  0.4327 -0.8907 -0.1394
Y  0.8078  0.3144  0.4987
Z -0.4003 -0.3284  0.8555

PART 5
OFFSET  12.1633  3.8999 -10.9453
X  0.4385 -0.8878 -0.1400
Y  0.5126  0.1191  0.8503
Z -0.7382 -0.4446  0.5073

PART 6
OFFSET  11.1321  4.2130 -13.4039
X  0.4385 -0.8878 -0.1400
Y  0.5126  0.1191  0.8503
Z -0.7382 -0.4446  0.5073

PART 7
OFFSET  10.6960  2.5009 -10.3095
X  0.4385 -0.8878 -0.1400
Y  0.5126  0.1191  0.8503
Z -0.7382 -0.4446  0.5073

PART 8
OFFSET  9.7699  2.3815 -11.7000
X  0.4385 -0.8878 -0.1400
Y  0.5126  0.1191  0.8503
Z -0.7382 -0.4446  0.5073

PART 9
OFFSET  8.9281  2.6165 -13.0895
X  0.4385 -0.8878 -0.1400
Y  0.5126  0.1191  0.8503
Z -0.7382 -0.4446  0.5073

PART 10
OFFSET  11.4528  1.9142 -12.4371
X  0.8399  0.2718  0.4698
Y -0.5381  0.3036  0.7863
Z  0.0710 -0.9132  0.4012

PART 11
OFFSET  11.3405  1.9545 -11.3022
X  0.4082 -0.1641  0.8980
Y -0.6577  0.6294  0.4140
Z -0.6331 -0.7596  0.1490

PART 12
OFFSET  12.1206  1.6211 -9.3147
X  0.9288 -0.2661  0.2581
Y -0.2055  0.2097  0.9559
Z -0.3085 -0.9409  0.1401

PART 13
OFFSET  13.5976  1.0736 -8.9394
X  0.5306 -0.4983 -0.6857
Y  0.6638 -0.2587  0.7017
Z -0.5270 -0.8275  0.1935

PART 14
OFFSET  14.1586  0.4925 -9.6601
X  0.8670  0.1104 -0.4859
Y -0.1047  0.9937  0.0390
Z  0.4871  0.0171  0.8732

PART 15
OFFSET  12.7541  1.6346 -12.8003
X  0.9977  0.0303  0.0603
Y  0.0073 -0.9366  0.3504
Z  0.0671 -0.3491 -0.9347

PART 16
OFFSET  14.9869  1.6387 -12.4858
X  0.2668 -0.6821  0.6808
Y -0.9289 -0.3704 -0.0070
Z  0.2569 -0.6305 -0.7324

PART 17
OFFSET  15.3647  0.6730 -11.5219
X -0.7154 -0.6334  0.2949
Y -0.6345  0.4122 -0.6539
Z  0.2927 -0.6549 -0.6967

PART 18
OFFSET  14.7304  0.1114 -11.2605
X -0.9664 -0.1483 -0.2099
Y  0.0203  0.7703 -0.6374
Z  0.2562 -0.6203 -0.7414

PART 19
OFFSET  13.8123 -0.0295 -11.4599
X  0.6894 -0.2804  0.6679
Y  0.6696  0.5985 -0.4398
Z -0.2764  0.7504  0.6004

PART 20
OFFSET  12.5713  2.0236 -12.2305
X  0.9650  0.1599  0.2081
Y  0.0774 -0.9310  0.3566
Z  0.2507 -0.3280 -0.9108

PART 21
OFFSET  15.0977  2.3998 -11.7465
X  0.0919 -0.7907  0.6052
Y -0.9712 -0.2054 -0.1209
Z  0.2199 -0.5766 -0.7868

PART 22
OFFSET  15.2542  1.0535 -10.7161
X -0.8421 -0.5181  0.1497
Y -0.4871  0.6116 -0.6234
Z  0.2314 -0.5979 -0.7674

PART 23
OFFSET  14.0871  0.3355 -10.5087
X -0.6981  0.4474 -0.5589
Y  0.6762  0.6687 -0.3093
Z  0.2354 -0.5938 -0.7694

PART 24
OFFSET  13.3299  0.8207 -11.1148
X  0.1973 -0.7778  0.5968
Y  0.9433  0.3163  0.1003
Z -0.2668  0.5432  0.7961

PART 25
OFFSET  13.2255  2.7447 -9.5252
X  0.9141 -0.0569  0.4016
Y  0.1551  0.9639 -0.2164
Z -0.3748  0.2601  0.8899

PART 26
OFFSET  14.2931  3.5416 -10.1624
X  0.3178 -0.8069  0.4979
Y -0.9423 -0.3272  0.0712
Z  0.1055 -0.4918 -0.8643

PART 27
OFFSET  14.8527  2.1209 -9.2858
X -0.9275 -0.3732 -0.0209
Y -0.3150  0.8104 -0.4940
Z  0.2013 -0.4517 -0.8692

PART 28
OFFSET  13.7129  1.6946 -9.2584
X -0.7174  0.5831 -0.3811
Y  0.6921  0.6590 -0.2944
Z  0.0795 -0.4750 -0.8764

PART 29
OFFSET  12.9026  2.3533 -9.6889
X -0.3689 -0.9184  0.1433
Y  0.8742 -0.2904  0.3893
Z -0.3159  0.2689  0.9099

PART 30
OFFSET  14.8001  3.0195 -10.9935
X  0.0061 -0.8207  0.5713
Y -0.9640 -0.1568 -0.2148
Z  0.2659 -0.5494 -0.7921

PART 31
OFFSET  14.8121  1.4162 -9.8774
X -0.9242 -0.3802 -0.0364
Y -0.2948  0.7707 -0.5649
Z  0.2428 -0.5113 -0.8244

PART 32
OFFSET  13.4622  0.8609 -9.9306
X -0.5686  0.6338 -0.5245
Y  0.7820  0.6143 -0.1054
Z  0.2554 -0.4701 -0.8449

PART 33
OFFSET  12.8195  1.5749 -10.5305
X -0.0798 -0.8483  0.5235
Y  0.9808  0.0269  0.1932
Z -0.1780  0.5289  0.8298

PART 34
OFFSET  14.1281  1.0958 -10.9755
X  0.2048 -0.3803 -0.9019
Y -0.0710  0.9132 -0.4012
Z  0.9762  0.1463  0.1600

PART 35
OFFSET  11.9725  3.9666 -11.9654
X  0.4386 -0.8877 -0.1400
Y  0.5158  0.1211  0.8481
Z -0.7359 -0.4442  0.5110

PART 36
OFFSET  11.1317  4.2127 -13.4028
X  0.4386 -0.8877 -0.1400
Y  0.5158  0.1211  0.8481
Z -0.7359 -0.4442  0.5110

PART 37
OFFSET  10.2497  2.3679 -10.8644
X  0.4386 -0.8877 -0.1400
Y  0.5158  0.1211  0.8481
Z -0.7359 -0.4442  0.5110

PART 38
OFFSET  9.3748  2.2128 -11.8753
X  0.4386 -0.8877 -0.1400
Y  0.5158  0.1211  0.8481
Z -0.7359 -0.4442  0.5110

PART 39
OFFSET  9.6172  2.9096 -12.8195
X  0.4386 -0.8877 -0.1400
Y  0.5158  0.1211  0.8481
Z -0.7359 -0.4442  0.5110

PART 40
OFFSET  7.5284 -1.1998 -6.6967
X  0.7814  0.5577 -0.2800
Y -0.5959  0.5336 -0.6002
Z -0.1853  0.6358  0.7493

PART 41
OFFSET  7.5284 -1.1998 -6.6967
X  0.7814  0.5577 -0.2800
Y -0.5959  0.5336 -0.6002
Z -0.1853  0.6358  0.7493

PART 42
OFFSET  9.6226  0.8367 -5.7365
X  0.7814  0.5577 -0.2800
Y -0.5959  0.5336 -0.6002
Z -0.1853  0.6358  0.7493

PART 43
OFFSET  12.4852  4.7635 -6.3126
X  0.7814  0.5577 -0.2800
Y -0.4608  0.2131 -0.8615
Z -0.4209  0.8022  0.4235

PART 44
OFFSET  8.4889  2.4463 -4.4087
X  0.7814  0.5577 -0.2799
Y -0.5959  0.5336 -0.6002
Z -0.1854  0.6358  0.7493

PART 45
OFFSET  4.9642  0.6734 -2.4855
X  0.7814  0.5577 -0.2799
Y -0.5959  0.5336 -0.6002
Z -0.1854  0.6358  0.7493

PART 46
OFFSET  4.9452  1.8025 -9.2292
X  0.7814  0.5577 -0.2800
Y -0.5959  0.5336 -0.6002
Z -0.1853  0.6358  0.7493

PART 47
OFFSET  7.0010  0.6701 -4.4434
X -0.6175  0.6259 -0.4764
Y -0.7814 -0.5577  0.2800
Z -0.0905  0.5451  0.8334

PART 48
OFFSET  6.7131  0.9619 -4.6654
X -0.6177  0.6270 -0.4747
Y -0.7813 -0.5578  0.2800
Z -0.0892  0.5438  0.8344

PART 49
OFFSET  6.4251  1.2542 -4.8867
X -0.6164  0.6189 -0.4869
Y -0.7813 -0.5578  0.2800
Z -0.0983  0.5530  0.8274

PART 50
OFFSET  6.1378  1.5428 -5.1138
X -0.6102  0.5885 -0.5304
Y -0.7814 -0.5578  0.2800
Z -0.1311  0.5853  0.8002

PART 51
OFFSET  5.8533  1.8172 -5.3610
X -0.5873  0.5051 -0.6325
Y -0.7813 -0.5580  0.2798
Z -0.2115  0.6585  0.7223

PART 52
OFFSET  5.5796  2.0526 -5.6558
X -0.4589  0.2092 -0.8635
Y -0.7812 -0.5580  0.2799
Z -0.4233  0.8030  0.4195

PART 53
OFFSET  5.3861  2.1408 -6.0198
X -0.1054 -0.3240 -0.9402
Y -0.7812 -0.5581  0.2799
Z -0.6154  0.7639 -0.1943

PART 54
OFFSET  5.3367  1.9890 -6.4604
X  0.1261 -0.5801 -0.8047
Y -0.7812 -0.5581  0.2799
Z -0.6114  0.5933 -0.5236

PART 55
OFFSET  5.3955  1.7186 -6.8355
X  0.1909 -0.6402 -0.7441
Y -0.7812 -0.5581  0.2798
Z -0.5944  0.5279 -0.6066

PART 56
OFFSET  5.4845  1.4201 -7.1824
X  0.1909 -0.6405 -0.7438
Y -0.7812 -0.5580  0.2799
Z -0.5944  0.5276 -0.6069

PART 57
OFFSET  5.5735  1.1215 -7.5291
X  0.1909 -0.6405 -0.7438
Y -0.7813 -0.5579  0.2799
Z -0.5943  0.5277 -0.6069

PART 58
OFFSET  5.6625  0.8229 -7.8759
X  0.1909 -0.6405 -0.7439
Y -0.7812 -0.5580  0.2799
Z -0.5943  0.5277 -0.6069

PART 59
OFFSET  18.9882  9.4081 -10.8355
X -0.0763 -0.3599 -0.9299
Y -0.5634  0.7850 -0.2576
Z  0.8227  0.5042 -0.2626

PART 60
OFFSET  20.5553  8.0048 -9.2571
X -0.4141  0.7990  0.4359
Y -0.5202  0.1852 -0.8337
Z -0.7469 -0.5721  0.3389

PART 61
OFFSET -6.5551 -7.9373 -5.6959
X -0.5518  0.1213  0.8251
Y -0.2488 -0.9683 -0.0241
Z  0.7960 -0.2186  0.5645

PART 62
OFFSET  0.1186 -9.4038 -15.6745
X -0.4263 -0.3252 -0.8441
Y  0.8840  0.0480 -0.4650
Z  0.1917 -0.9444  0.2670

PART 63
OFFSET  3.7445 -6.6379 -8.4951
X -0.4263 -0.3252 -0.8441
Y  0.8092  0.2800 -0.5165
Z  0.4044 -0.9032  0.1438

PART 64
OFFSET  3.4881 -5.1366 -7.2399
X -0.4322 -0.3227 -0.8421
Y -0.2050  0.9445 -0.2567
Z  0.8782  0.0617 -0.4743

PART 65
OFFSET  2.9222 -5.6408 -6.3049
X -0.4322 -0.3227 -0.8421
Y -0.2050  0.9445 -0.2567
Z  0.8782  0.0617 -0.4743

PART 66
OFFSET  3.3791 -6.8286 -5.9606
X -0.4322 -0.3227 -0.8421
Y -0.2050  0.9445 -0.2567
Z  0.8782  0.0617 -0.4743

PART 67
OFFSET  5.0514 -5.6410 -5.9073
X -0.7029 -0.7042  0.1000
Y  0.4328 -0.5350 -0.7256
Z  0.5644 -0.4667  0.6809

PART 68
OFFSET  4.7182 -4.6163 -5.5317
X  0.0030 -0.9645  0.2639
Y  0.5334 -0.2217 -0.8163
Z  0.8458  0.1432  0.5139

PART 69
OFFSET  4.6115 -2.5207 -6.0482
X -0.5705 -0.5548  0.6056
Y  0.4494 -0.8280 -0.3352
Z  0.6874  0.0809  0.7217

PART 70
OFFSET  5.4823 -1.6835 -7.1267
X -0.6134  0.2969  0.7318
Y -0.1096 -0.9497  0.2935
Z  0.7821  0.0999  0.6151

PART 71
OFFSET  6.1117 -1.9930 -7.9512
X -0.9778 -0.0407  0.2056
Y -0.2071  0.0369 -0.9776
Z  0.0322 -0.9985 -0.0445

PART 72
OFFSET  5.9956 -5.5237 -6.9064
X -0.7971 -0.3541  0.4891
Y  0.6021 -0.4048  0.6882
Z -0.0457  0.8431  0.5359

PART 73
OFFSET  7.7061 -4.5557 -8.0117
X -0.1800 -0.8467  0.5007
Y  0.9738 -0.2254 -0.0313
Z  0.1393  0.4819  0.8651

PART 74
OFFSET  7.9609 -3.3569 -8.7206
X  0.8298 -0.5326  0.1667
Y  0.5479  0.7206 -0.4250
Z  0.1062  0.4440  0.8897

PART 75
OFFSET  7.2252 -2.8847 -8.8684
X  0.9832  0.0399 -0.1778
Y -0.1225  0.8675 -0.4822
Z  0.1350  0.4959  0.8578

PART 76
OFFSET  6.2910 -2.9227 -8.6994
X -0.6947 -0.6468  0.3147
Y -0.7081  0.6918 -0.1412
Z -0.1264 -0.3209 -0.9386

PART 77
OFFSET  5.9414 -5.0784 -6.3511
X -0.7937 -0.5239  0.3092
Y  0.5593 -0.4283  0.7098
Z -0.2394  0.7362  0.6330

PART 78
OFFSET  8.0491 -3.8374 -7.2320
X -0.0894 -0.6910  0.7173
Y  0.9696 -0.2250 -0.0958
Z  0.2276  0.6870  0.6901

PART 79
OFFSET  8.2014 -2.6611 -8.4533
X  0.9167 -0.3899  0.0879
Y  0.3356  0.6315 -0.6990
Z  0.2170  0.6703  0.7097

PART 80
OFFSET  6.9310 -2.1207 -8.5751
X  0.9393  0.0633 -0.3372
Y -0.2712  0.7389 -0.6168
Z  0.2101  0.6708  0.7112

PART 81
OFFSET  5.9123 -2.1893 -8.2095
X -0.6043 -0.4409  0.6636
Y -0.7693  0.5396 -0.3421
Z -0.2072 -0.7172 -0.6653

PART 82
OFFSET  2.0625 -8.3696 -4.5126
X -0.5881 -0.6889  0.4237
Y -0.7270  0.2207 -0.6502
Z  0.3544 -0.6905 -0.6306

PART 83
OFFSET  7.6737 -2.6670 -5.4967
X -0.6740 -0.6255  0.3931
Y  0.6790 -0.3150  0.6631
Z -0.2909  0.7138  0.6370

PART 84
OFFSET  8.8604 -1.5657 -6.1887
X  0.2436 -0.5466  0.8012
Y  0.9141  0.4055 -0.0013
Z -0.3242  0.7327  0.5984

PART 85
OFFSET  8.5446 -0.8568 -7.1264
X  0.4388 -0.5092  0.7404
Y  0.8512  0.4995 -0.1609
Z -0.2878  0.7008  0.6527

PART 86
OFFSET  8.0490 -0.2815 -7.9626
X -0.9922 -0.0880  0.0879
Y -0.1215  0.5368 -0.8349
Z  0.0263 -0.8391 -0.5433

PART 87
OFFSET  7.9670 -3.2388 -6.3953
X  0.0619 -0.6523  0.7554
Y  0.9971  0.0739 -0.0179
Z -0.0441  0.7544  0.6550

PART 88
OFFSET  7.8461 -1.9645 -7.8710
X  0.9672 -0.1356  0.2150
Y  0.2525  0.6101 -0.7510
Z -0.0294  0.7806  0.6243

PART 89
OFFSET  6.4334 -1.7664 -8.1851
X  0.9452  0.2192 -0.2418
Y -0.3237  0.5356 -0.7800
Z -0.0415  0.8155  0.5772

PART 90
OFFSET  5.3629 -2.0201 -7.9159
X -0.5154 -0.5623  0.6467
Y -0.8569  0.3288 -0.3970
Z  0.0106 -0.7587 -0.6513

PART 91
OFFSET  3.4843 -5.1246 -7.2429
X -0.4321 -0.3229 -0.8420
Y -0.2032  0.9446 -0.2579
Z  0.8786  0.0596 -0.4737

PART 92
OFFSET  2.9161 -5.6184 -6.3107
X -0.4321 -0.3229 -0.8420
Y -0.2032  0.9446 -0.2579
Z  0.8786  0.0596 -0.4737

PART 93
OFFSET  3.4033 -6.8268 -5.9733
X -0.4321 -0.3229 -0.8420
Y -0.2032  0.9446 -0.2579
Z  0.8786  0.0596 -0.4737

PART 94
OFFSET  0.0000 -0.0000 -0.0000
X  1.0000 -0.0000  0.0000
Y  0.0000  1.0000  0.0000
Z  0.0000 -0.0000  1.0000

PART 95
OFFSET  0.0000 -0.0000 -0.0000
X  1.0000 -0.0000  0.0000
Y  0.0000  1.0000  0.0000
Z  0.0000 -0.0000  1.0000

PART 96
OFFSET  1.5404 -0.0000  4.1357
X  1.0000 -0.0000  0.0000
Y  0.0000  1.0000  0.0000
Z  0.0000 -0.0000  1.0000


FRAME 1712
PART 0
OFFSET  0.0000 -0.0000 -0.0000
X  1.0000 -0.0000  0.0000
Y  0.0000  1.0000  0.0000
Z  0.0000 -0.0000  1.0000

PART 1
OFFSET -7.6810 -0.0000 -1.3770
X  1.0000 -0.0000  0.0000
Y  0.0000  1.0000  0.0000
Z  0.0000 -0.0000  1.0000

PART 2
OFFSET -1.6489  5.2787 -5.1189
X  0.6740  0.5603 -0.4814
Y -0.1560 -0.5290 -0.8342
Z -0.7220  0.6374 -0.2691

PART 3
OFFSET  6.5028  12.0553 -10.9405
X  0.4316 -0.8944 -0.1174
Y -0.7493 -0.4279  0.5054
Z -0.5023 -0.1302 -0.8549

PART 4
OFFSET  10.1740  4.4482 -11.9388
X  0.4316 -0.8944 -0.1174
Y  0.7831  0.3070  0.5408
Z -0.4477 -0.3254  0.8329

PART 5
OFFSET  12.2042  3.7232 -10.8476
X  0.4374 -0.8915 -0.1180
Y  0.5086  0.1370  0.8501
Z -0.7416 -0.4319  0.5133

PART 6
OFFSET  11.1861  3.9836 -13.3178
X  0.4374 -0.8915 -0.1180
Y  0.5086  0.1370  0.8501
Z -0.7416 -0.4319  0.5133

PART 7
OFFSET  10.7308  2.3414 -10.1885
X  0.4374 -0.8915 -0.1180
Y  0.5086  0.1370  0.8501
Z -0.7416 -0.4319  0.5133

PART 8
OFFSET  9.8115  2.1930 -11.5807
X  0.4374 -0.8915 -0.1180
Y  0.5086  0.1370  0.8501
Z -0.7416 -0.4319  0.5133

PART 9
OFFSET  8.9773  2.3987 -12.9794
X  0.4374 -0.8915 -0.1180
Y  0.5086  0.1370  0.8501
Z -0.7416 -0.4319  0.5133

PART 10
OFFSET  11.4972  1.7063 -12.2986
X  0.8393  0.2542  0.4806
Y -0.5407  0.2976  0.7868
Z  0.0569 -0.9202  0.3872

PART 11
OFFSET  11.3764  1.7300 -11.1641
X  0.3991 -0.1832  0.8984
Y -0.6534  0.6306  0.4188
Z -0.6433 -0.7542  0.1320

PART 12
OFFSET  12.1366  1.3557 -9.1762
X  0.9234 -0.2814  0.2610
Y -0.2106  0.1970  0.9575
Z -0.3208 -0.9392  0.1227

PART 13
OFFSET  13.6039  0.7846 -8.7983
X  0.5300 -0.4938 -0.6894
Y  0.6551 -0.2778  0.7026
Z -0.5384 -0.8240  0.1762

PART 14
OFFSET  14.1636  0.2082 -9.5238
X  0.8721  0.1076 -0.4773
Y -0.0931  0.9942  0.0540
Z  0.4804 -0.0026  0.8771

PART 15
OFFSET  12.7979  1.4167 -12.6561
X  0.9975  0.0173  0.0685
Y -0.0067 -0.9420  0.3355
Z  0.0703 -0.3351 -0.9396

PART 16
OFFSET  15.0281  1.3889 -12.3243
X  0.2532 -0.6960  0.6719
Y -0.9331 -0.3590 -0.0201
Z  0.2552 -0.6219 -0.7403

PART 17
OFFSET  15.3866  0.4036 -11.3730
X -0.7253 -0.6293  0.2792
Y -0.6243  0.4301 -0.6522
Z  0.2904 -0.6473 -0.7048

PART 18
OFFSET  14.7436 -0.1544 -11.1254
X -0.9664 -0.1333 -0.2197
Y  0.0345  0.7799 -0.6249
Z  0.2547 -0.6115 -0.7491

PART 19
OFFSET  13.8255 -0.2810 -11.3342
X  0.6807 -0.2992  0.6687
Y  0.6801  0.5973 -0.4250
Z -0.2722  0.7441  0.6101

PART 20
OFFSET  12.6152  1.7989 -12.0816
X  0.9651  0.1449  0.2181
Y  0.0634 -0.9374  0.3424
Z  0.2541 -0.3166 -0.9139

PART 21
OFFSET  15.1420  2.1368 -11.5721
X  0.0777 -0.8013  0.5932
Y -0.9726 -0.1918 -0.1317
Z  0.2192 -0.5667 -0.7942

PART 22
OFFSET  15.2742  0.7726 -10.5621
X -0.8494 -0.5102  0.1349
Y -0.4748  0.6272 -0.6174
Z  0.2304 -0.5885 -0.7750

PART 23
OFFSET  14.0970  0.0655 -10.3751
X -0.6883  0.4646 -0.5572
Y  0.6865  0.6653 -0.2933
Z  0.2344 -0.5844 -0.7769

PART 24
OFFSET  13.3506  0.5694 -10.9794
X  0.1833 -0.7894  0.5858
Y  0.9462  0.3033  0.1127
Z -0.2666  0.5337  0.8026

PART 25
OFFSET  13.2565  2.4691 -9.3602
X  0.9101 -0.0743  0.4077
Y  0.1683  0.9653 -0.1998
Z -0.3787  0.2505  0.8910

PART 26
OFFSET  14.3386  3.2631 -9.9763
X  0.3042 -0.8185  0.4874
Y -0.9466 -0.3169  0.0586
Z  0.1065 -0.4793 -0.8712

PART 27
OFFSET  14.8742  1.8221 -9.1181
X -0.9317 -0.3616 -0.0340
Y -0.3013  0.8218 -0.4835
Z  0.2028 -0.4402 -0.8747

PART 28
OFFSET  13.7292  1.4092 -9.1064
X -0.7073  0.5977 -0.3774
Y  0.7022  0.6552 -0.2785
Z  0.0808 -0.4620 -0.8832

PART 29
OFFSET  12.9302  2.0843 -9.5327
X -0.3809 -0.9160  0.1258
Y  0.8675 -0.3070  0.3914
Z -0.3199  0.2583  0.9116

PART 30
OFFSET  14.8459  2.7481 -10.8117
X -0.0082 -0.8296  0.5582
Y -0.9640 -0.1417 -0.2248
Z  0.2656 -0.5400 -0.7987

PART 31
OFFSET  14.8298  1.1273 -9.7212
X -0.9284 -0.3684 -0.0496
Y -0.2810  0.7830 -0.5549
Z  0.2433 -0.5012 -0.8305

PART 32
OFFSET  13.4739  0.5892 -9.7937
X -0.5568  0.6488 -0.5187
Y  0.7901  0.6064 -0.0896
Z  0.2565 -0.4597 -0.8502

PART 33
OFFSET  12.8445  1.3203 -10.3871
X -0.0941 -0.8554  0.5093
Y  0.9795  0.0121  0.2012
Z -0.1783  0.5178  0.8367

PART 34
OFFSET  14.1508  0.8326 -10.8295
X  0.2074 -0.3685 -0.9062
Y -0.0569  0.9202 -0.3872
Z  0.9766  0.1319  0.1699

PART 35
OFFSET  12.0187  3.7676 -11.8699
X  0.4375 -0.8914 -0.1180
Y  0.5117  0.1389  0.8478
Z -0.7394 -0.4313  0.5170

PART 36
OFFSET  11.1857  3.9834 -13.3167
X  0.4375 -0.8914 -0.1180
Y  0.5117  0.1389  0.8478
Z -0.7394 -0.4313  0.5170

PART 37
OFFSET  10.2871  2.1970 -10.7425
X  0.4375 -0.8914 -0.1180
Y  0.5117  0.1389  0.8478
Z -0.7394 -0.4313  0.5170

PART 38
OFFSET  9.4170  2.0212 -11.7542
X  0.4375 -0.8914 -0.1180
Y  0.5117  0.1389  0.8478
Z -0.7394 -0.4313  0.5170

PART 39
OFFSET  9.6656  2.6964 -12.7124
X  0.4375 -0.8914 -0.1180
Y  0.5117  0.1389  0.8478
Z -0.7394 -0.4313  0.5170

PART 40
OFFSET  7.4903 -1.4505 -6.6392
X  0.7902  0.5526 -0.2650
Y -0.5847  0.5502 -0.5962
Z -0.1837  0.6260  0.7578

PART 41
OFFSET  7.4903 -1.4505 -6.6392
X  0.7902  0.5526 -0.2650
Y -0.5847  0.5502 -0.5962
Z -0.1837  0.6260  0.7578

PART 42
OFFSET  9.6010  0.5450 -5.6305
X  0.7902  0.5526 -0.2650
Y -0.5847  0.5502 -0.5962
Z -0.1837  0.6260  0.7578

PART 43
OFFSET  12.5148  4.4456 -6.1218
X  0.7902  0.5526 -0.2650
Y -0.4513  0.2322 -0.8616
Z -0.4146  0.8004  0.4329

PART 44
OFFSET  8.4760  2.1470 -4.2861
X  0.7902  0.5526 -0.2649
Y -0.5847  0.5502 -0.5962
Z -0.1837  0.6260  0.7578

PART 45
OFFSET  4.9153  0.3867 -2.4188
X  0.7902  0.5526 -0.2649
Y -0.5847  0.5502 -0.5962
Z -0.1837  0.6260  0.7578

PART 46
OFFSET  4.9634  1.6224 -9.1436
X  0.7902  0.5526 -0.2650
Y -0.5847  0.5502 -0.5962
Z -0.1837  0.6260  0.7578

PART 47
OFFSET  6.9674  0.3897 -4.3605
X -0.6061  0.6408 -0.4712
Y -0.7902 -0.5526  0.2650
Z -0.0906  0.5329  0.8413

PART 48
OFFSET  6.6848  0.6884 -4.5801
X -0.6064  0.6418 -0.4694
Y -0.7901 -0.5527  0.2650
Z -0.0893  0.5316  0.8423

PART 49
OFFSET  6.4021  0.9877 -4.7990
X -0.6050  0.6339 -0.4817
Y -0.7901 -0.5527  0.2650
Z -0.0983  0.5410  0.8353

PART 50
OFFSET  6.1200  1.2832 -5.0237
X -0.5989  0.6042 -0.5257
Y -0.7902 -0.5526  0.2650
Z -0.1304  0.5741  0.8083

PART 51
OFFSET  5.8408  1.5649 -5.2687
X -0.5761  0.5221 -0.6289
Y -0.7901 -0.5528  0.2649
Z -0.2094  0.6495  0.7310

PART 52
OFFSET  5.5723  1.8083 -5.5618
X -0.4494  0.2283 -0.8636
Y -0.7900 -0.5529  0.2650
Z -0.4170  0.8014  0.4289

PART 53
OFFSET  5.3828  1.9045 -5.9259
X -0.1018 -0.3078 -0.9460
Y -0.7900 -0.5530  0.2649
Z -0.6046  0.7743 -0.1869

PART 54
OFFSET  5.3351  1.7603 -6.3692
X  0.1256 -0.5688 -0.8128
Y -0.7900 -0.5530  0.2649
Z -0.6001  0.6089 -0.5188

PART 55
OFFSET  5.3936  1.4952 -6.7481
X  0.1891 -0.6306 -0.7527
Y -0.7900 -0.5530  0.2648
Z -0.5832  0.5445 -0.6027

PART 56
OFFSET  5.4818  1.2011 -7.0990
X  0.1892 -0.6309 -0.7524
Y -0.7900 -0.5529  0.2650
Z -0.5832  0.5443 -0.6030

PART 57
OFFSET  5.5700  0.9070 -7.4497
X  0.1892 -0.6309 -0.7524
Y -0.7901 -0.5528  0.2649
Z -0.5831  0.5444 -0.6031

PART 58
OFFSET  5.6582  0.6129 -7.8005
X  0.1891 -0.6309 -0.7525
Y -0.7901 -0.5528  0.2649
Z -0.5831  0.5444 -0.6030

PART 59
OFFSET  19.1086  9.0823 -10.5195
X -0.0732 -0.3442 -0.9361
Y -0.5519  0.7957 -0.2494
Z  0.8307  0.4983 -0.2482

PART 60
OFFSET  20.6462  7.6355 -8.9515
X -0.4080  0.7970  0.4454
Y -0.5113  0.2047 -0.8347
Z -0.7564 -0.5683  0.3240

PART 61
OFFSET -6.5551 -7.9373 -5.6959
X -0.5410  0.1273  0.8313
Y -0.2680 -0.9630 -0.0269
Z  0.7972 -0.2374  0.5551

PART 62
OFFSET -0.0122 -9.4773 -15.7498
X -0.4292 -0.3115 -0.8478
Y  0.8859  0.0375 -0.4623
Z  0.1758 -0.9495  0.2598

PART 63
OFFSET  3.6384 -6.8283 -8.5389
X -0.4292 -0.3115 -0.8478
Y  0.8159  0.2689 -0.5118
Z  0.3874 -0.9114  0.1387

PART 64
OFFSET  3.4029 -5.3332 -7.2722
X -0.4350 -0.3088 -0.8458
Y -0.1890  0.9497 -0.2496
Z  0.8803  0.0513 -0.4716

PART 65
OFFSET  2.8265 -5.8358 -6.3428
X -0.4350 -0.3088 -0.8458
Y -0.1890  0.9497 -0.2496
Z  0.8803  0.0513 -0.4716

PART 66
OFFSET  3.2632 -7.0335 -6.0070
X -0.4350 -0.3088 -0.8458
Y -0.1890  0.9497 -0.2496
Z  0.8803  0.0513 -0.4716

PART 67
OFFSET  4.9543 -5.8735 -5.9398
X -0.7121 -0.6972  0.0833
Y  0.4321 -0.5287 -0.7306
Z  0.5534 -0.4842  0.6777

PART 68
OFFSET  4.6304 -4.8509 -5.5505
X -0.0106 -0.9686  0.2485
Y  0.5372 -0.2152 -0.8155
Z  0.8434  0.1249  0.5226

PART 69
OFFSET  4.5528 -2.7462 -6.0345
X -0.5819 -0.5574  0.5922
Y  0.4422 -0.8280 -0.3449
Z  0.6826  0.0612  0.7283

PART 70
OFFSET  5.4421 -1.9027 -7.0926
X -0.6157  0.2927  0.7316
Y -0.1232 -0.9528  0.2775
Z  0.7783  0.0807  0.6227

PART 71
OFFSET  6.0743 -2.2067 -7.9170
X -0.9798 -0.0321  0.1973
Y -0.1988  0.0548 -0.9785
Z  0.0206 -0.9980 -0.0601

PART 72
OFFSET  5.9077 -5.7518 -6.9295
X -0.8052 -0.3521  0.4772
Y  0.5917 -0.4229  0.6863
Z -0.0399  0.8350  0.5488

PART 73
OFFSET  7.6384 -4.7871 -8.0060
X -0.1940 -0.8523  0.4858
Y  0.9712 -0.2367 -0.0273
Z  0.1382  0.4665  0.8737

PART 74
OFFSET  7.9132 -3.5805 -8.6937
X  0.8220 -0.5451  0.1647
Y  0.5598  0.7205 -0.4092
Z  0.1044  0.4286  0.8974

PART 75
OFFSET  7.1843 -3.0972 -8.8397
X  0.9850  0.0309 -0.1695
Y -0.1082  0.8764 -0.4693
Z  0.1341  0.4806  0.8666

PART 76
OFFSET  6.2485 -3.1265 -8.6786
X -0.7049 -0.6433  0.2990
Y -0.6987  0.7025 -0.1357
Z -0.1227 -0.3045 -0.9446

PART 77
OFFSET  5.8544 -5.3147 -6.3677
X -0.8023 -0.5191  0.2947
Y  0.5485 -0.4462  0.7072
Z -0.2356  0.7290  0.6427

PART 78
OFFSET  7.9837 -4.0855 -7.2123
X -0.1034 -0.7011  0.7055
Y  0.9676 -0.2352 -0.0919
Z  0.2303  0.6732  0.7027

PART 79
OFFSET  8.1598 -2.8919 -8.4135
X  0.9112 -0.4023  0.0888
Y  0.3487  0.6383 -0.6862
Z  0.2194  0.6563  0.7219

PART 80
OFFSET  6.8969 -2.3344 -8.5366
X  0.9427  0.0573 -0.3288
Y -0.2575  0.7518 -0.6071
Z  0.2124  0.6570  0.7234

PART 81
OFFSET  5.8746 -2.3965 -8.1800
X -0.6148 -0.4440  0.6518
Y -0.7601  0.5541 -0.3394
Z -0.2105 -0.7041 -0.6782

PART 82
OFFSET  1.9220 -8.5875 -4.6119
X -0.5997 -0.6884  0.4081
Y -0.7191  0.2397 -0.6523
Z  0.3512 -0.6846 -0.6387

PART 83
OFFSET  7.6086 -2.9382 -5.4615
X -0.6845 -0.6234  0.3778
Y  0.6699 -0.3336  0.6633
Z -0.2875  0.7071  0.6460

PART 84
OFFSET  8.8138 -1.8405 -6.1267
X  0.2306 -0.5621  0.7943
Y  0.9189  0.3944  0.0123
Z -0.3202  0.7270  0.6074

PART 85
OFFSET  8.5140 -1.1131 -7.0554
X  0.4268 -0.5262  0.7355
Y  0.8584  0.4917 -0.1464
Z -0.2846  0.6939  0.6615

PART 86
OFFSET  8.0319 -0.5187 -7.8862
X -0.9939 -0.0774  0.0787
Y -0.1085  0.5514 -0.8272
Z  0.0206 -0.8307 -0.5564

PART 87
OFFSET  7.9022 -3.4992 -6.3668
X  0.0481 -0.6649  0.7454
Y  0.9980  0.0621 -0.0090
Z -0.0403  0.7444  0.6665

PART 88
OFFSET  7.8082 -2.2003 -7.8230
X  0.9637 -0.1506  0.2203
Y  0.2657  0.6189 -0.7392
Z -0.0250  0.7709  0.6364

PART 89
OFFSET  6.4006 -1.9803 -8.1449
X  0.9497  0.2116 -0.2309
Y -0.3111  0.5517 -0.7738
Z -0.0363  0.8067  0.5898

PART 90
OFFSET  5.3250 -2.2253 -7.8881
X -0.5272 -0.5662  0.6336
Y -0.8497  0.3454 -0.3984
Z  0.0067 -0.7484 -0.6632

PART 91
OFFSET  3.3993 -5.3211 -7.2751
X -0.4350 -0.3091 -0.8457
Y -0.1873  0.9498 -0.2508
Z  0.8808  0.0493 -0.4710

PART 92
OFFSET  2.8207 -5.8132 -6.3484
X -0.4350 -0.3091 -0.8457
Y -0.1873  0.9498 -0.2508
Z  0.8808  0.0493 -0.4710

PART 93
OFFSET  3.2875 -7.0320 -6.0196
X -0.4350 -0.3091 -0.8457
Y -0.1873  0.9498 -0.2508
Z  0.8808  0.0493 -0.4710

PART 94
OFFSET  0.0000 -0.0000 -0.0000
X  1.0000 -0.0000  0.0000
Y  0.0000  1.0000  0.0000
Z  0.0000 -0.0000  1.0000

PART 95
OFFSET  0.0000 -0.0000 -0.0000
X  1.0000 -0.0000  0.0000
Y  0.0000  1.0000  0.0000
Z  0.0000 -0.0000  1.0000

PART 96
OFFSET  1.5404 -0.0000  4.1357
X  1.0000 -0.0000  0.0000
Y  0.0000  1.0000  0.0000
Z  0.0000 -0.0000  1.0000


FRAME 1713
PART 0
OFFSET  0.0000 -0.0000 -0.0000
X  1.0000 -0.0000  0.0000
Y  0.0000  1.0000  0.0000
Z  0.0000 -0.0000  1.0000

PART 1
OFFSET -7.6810 -0.0000 -1.3770
X  1.0000 -0.0000  0.0000
Y  0.0000  1.0000  0.0000
Z  0.0000 -0.0000  1.0000

PART 2
OFFSET -1.6489  5.2787 -5.1189
X  0.6802  0.5440 -0.4914
Y -0.1538 -0.5495 -0.8212
Z -0.7167  0.6341 -0.2901

PART 3
OFFSET  6.5771  11.8576 -11.0614
X  0.4283 -0.8990 -0.0921
Y -0.7543 -0.4117  0.5114
Z -0.4976 -0.1495 -0.8544

PART 4
OFFSET  10.2196  4.2116 -11.8447
X  0.4283 -0.8990 -0.0921
Y  0.7495  0.2964  0.5919
Z -0.5048 -0.3225  0.8008

PART 5
OFFSET  12.2398  3.5055 -10.7230
X  0.4341 -0.8961 -0.0928
Y  0.5040  0.1562  0.8495
Z -0.7467 -0.4155  0.5194

PART 6
OFFSET  11.2380  3.7079 -13.2052
X  0.4341 -0.8961 -0.0928
Y  0.5040  0.1562  0.8495
Z -0.7467 -0.4155  0.5194

PART 7
OFFSET  10.7562  2.1473 -10.0383
X  0.4341 -0.8961 -0.0928
Y  0.5040  0.1562  0.8495
Z -0.7467 -0.4155  0.5194

PART 8
OFFSET  9.8447  1.9678 -11.4321
X  0.4341 -0.8961 -0.0928
Y  0.5040  0.1562  0.8495
Z -0.7467 -0.4155  0.5194

PART 9
OFFSET  9.0200  2.1418 -12.8407
X  0.4341 -0.8961 -0.0928
Y  0.5040  0.1562  0.8495
Z -0.7467 -0.4155  0.5194

PART 10
OFFSET  11.5325  1.4557 -12.1270
X  0.8410  0.2307  0.4894
Y -0.5397  0.2930  0.7892
Z  0.0387 -0.9279  0.3709

PART 11
OFFSET  11.4059  1.4612 -10.9929
X  0.3909 -0.2062  0.8970
Y -0.6445  0.6344  0.4267
Z -0.6571 -0.7450  0.1151

PART 12
OFFSET  12.1486  1.0382 -9.0082
X  0.9169 -0.3022  0.2606
Y -0.2123  0.1835  0.9598
Z -0.3379 -0.9354  0.1041

PART 13
OFFSET  13.6037  0.4347 -8.6330
X  0.5250 -0.4906 -0.6954
Y  0.6463 -0.3018  0.7008
Z -0.5537 -0.8175  0.1587

PART 14
OFFSET  14.1571 -0.1384 -9.3659
X  0.8764  0.1008 -0.4709
Y -0.0760  0.9946  0.0713
Z  0.4755 -0.0267  0.8793

PART 15
OFFSET  12.8298  1.1497 -12.4830
X  0.9973 -0.0014  0.0739
Y -0.0250 -0.9476  0.3184
Z  0.0696 -0.3194 -0.9451

PART 16
OFFSET  15.0573  1.0768 -12.1402
X  0.2374 -0.7122  0.6606
Y -0.9391 -0.3421 -0.0314
Z  0.2483 -0.6130 -0.7501

PART 17
OFFSET  15.3934  0.0685 -11.2049
X -0.7377 -0.6214  0.2641
Y -0.6131  0.4526 -0.6476
Z  0.2828 -0.6396 -0.7148

PART 18
OFFSET  14.7394 -0.4825 -10.9707
X -0.9674 -0.1123 -0.2270
Y  0.0515  0.7902 -0.6106
Z  0.2480 -0.6024 -0.7587

PART 19
OFFSET  13.8203 -0.5892 -11.1864
X  0.6717 -0.3230  0.6667
Y  0.6928  0.5928 -0.4107
Z -0.2625  0.7378  0.6219

PART 20
OFFSET  12.6507  1.5247 -11.9026
X  0.9663  0.1240  0.2256
Y  0.0451 -0.9444  0.3258
Z  0.2535 -0.3046 -0.9181

PART 21
OFFSET  15.1802  1.8090 -11.3741
X  0.0604 -0.8130  0.5791
Y -0.9750 -0.1722 -0.1401
Z  0.2136 -0.5562 -0.8031

PART 22
OFFSET  15.2831  0.4249 -10.3881
X -0.8589 -0.4975  0.1213
Y -0.4604  0.6464 -0.6084
Z  0.2243 -0.5785 -0.7843

PART 23
