// Export filename: `C:\projects\cod\t5\xanim_export\t5_viewmodels\m60\m60_grip_pullout.XANIM_EXPORT`
// Source filename: `D:\projects\devanim\t5\animation_assets\rigs\viewmodels\t5_weapon\ViewModel_M60_Rig.fbx`
// Export time: Mon Jul 12 21:48:40 2010

ANIMATION
VERSION 3

NUMPARTS 97
PART 0 "tag_ads"
PART 1 "tag_torso"
PART 2 "J_Shoulder_LE"
PART 3 "J_Elbow_LE"
PART 4 "J_WristTwist_LE"
PART 5 "J_Sleave_Reshape_Bottom_LE_1"
PART 6 "J_Sleave_Reshape_Bottom_LE_2"
PART 7 "J_Sleave_Reshape_Top_LE_1"
PART 8 "J_Sleave_Reshape_Top_LE_2"
PART 9 "J_Sleave_Reshape_Top_LE_3"
PART 10 "J_Wrist_LE"
PART 11 "J_Thumb_LE_0"
PART 12 "J_Thumb_LE_1"
PART 13 "J_Thumb_LE_2"
PART 14 "J_Thumb_LE_3"
PART 15 "J_PinkyPalm_LE"
PART 16 "J_Pinky_LE_0"
PART 17 "J_Pinky_LE_1"
PART 18 "J_Pinky_LE_2"
PART 19 "J_Pinky_LE_3"
PART 20 "J_RingPalm_LE"
PART 21 "J_Ring_LE_0"
PART 22 "J_Ring_LE_1"
PART 23 "J_Ring_LE_2"
PART 24 "J_Ring_LE_3"
PART 25 "J_Webbing_LE"
PART 26 "J_Index_LE_0"
PART 27 "J_Index_LE_1"
PART 28 "J_Index_LE_2"
PART 29 "J_Index_LE_3"
PART 30 "J_Mid_LE_0"
PART 31 "J_Mid_LE_1"
PART 32 "J_Mid_LE_2"
PART 33 "J_Mid_LE_3"
PART 34 "tag_knife_attach"
PART 35 "D_Sleave_Reshape_Bottom_LE_1"
PART 36 "D_Sleave_Reshape_Bottom_LE_2"
PART 37 "D_Sleave_Reshape_Top_LE_1"
PART 38 "D_Sleave_Reshape_Top_LE_2"
PART 39 "D_Sleave_Reshape_Top_LE_3"
PART 40 "tag_weapon"
PART 41 "J_Gun"
PART 42 "J_Bolt"
PART 43 "J_Handle"
PART 44 "J_Reload_Cover"
PART 45 "TAG_IRON_SIGHTS"
PART 46 "TAG_CLIP"
PART 47 "J_Bullets0"
PART 48 "J_Bullets1"
PART 49 "J_Bullets2"
PART 50 "J_Bullets3"
PART 51 "J_Bullets4"
PART 52 "J_Bullets5"
PART 53 "J_Bullets6"
PART 54 "J_Bullets7"
PART 55 "J_Bullets8"
PART 56 "J_Bullets9"
PART 57 "J_Bullets10"
PART 58 "J_Bullets11"
PART 59 "J_Pod_Left"
PART 60 "J_Pod_Right"
PART 61 "J_Shoulder_RI"
PART 62 "J_Elbow_RI"
PART 63 "J_WristTwist_RI"
PART 64 "J_Sleave_Reshape_Top_RI_3"
PART 65 "J_Sleave_Reshape_Top_RI_2"
PART 66 "J_Sleave_Reshape_Top_RI_1"
PART 67 "J_Wrist_RI"
PART 68 "J_Thumb_RI_0"
PART 69 "J_Thumb_RI_1"
PART 70 "J_Thumb_RI_2"
PART 71 "J_Thumb_RI_3"
PART 72 "J_PinkyPalm_RI"
PART 73 "J_Pinky_RI_0"
PART 74 "J_Pinky_RI_1"
PART 75 "J_Pinky_RI_2"
PART 76 "J_Pinky_RI_3"
PART 77 "J_RingPalm_RI"
PART 78 "J_Ring_RI_0"
PART 79 "J_Ring_RI_1"
PART 80 "J_Ring_RI_2"
PART 81 "J_Ring_RI_3"
PART 82 "J_Webbing_RI"
PART 83 "J_Index_RI_0"
PART 84 "J_Index_RI_1"
PART 85 "J_Index_RI_2"
PART 86 "J_Index_RI_3"
PART 87 "J_Mid_RI_0"
PART 88 "J_Mid_RI_1"
PART 89 "J_Mid_RI_2"
PART 90 "J_Mid_RI_3"
PART 91 "D_Sleave_Reshape_Top_RI_3"
PART 92 "D_Sleave_Reshape_Top_RI_2"
PART 93 "D_Sleave_Reshape_Top_RI_1"
PART 94 "tag_cambone"
PART 95 "tag_camera"
PART 96 "tag_gasmask"

FRAMERATE 30
NUMFRAMES 42

FRAME 1151
PART 0
OFFSET  0.0000 -0.0000 -0.0000
X  1.0000 -0.0000  0.0000
Y  0.0000  1.0000  0.0000
Z  0.0000 -0.0000  1.0000

PART 1
OFFSET -7.6810 -0.0000 -1.3770
X  1.0000  0.0000  0.0000
Y -0.0000  1.0000  0.0000
Z  0.0000 -0.0000  1.0000

PART 2
OFFSET -1.6489  5.2787 -12.1269
X  0.4377 -0.6731 -0.5962
Y -0.5296  0.3428 -0.7759
Z  0.7266  0.6553 -0.2064

PART 3
OFFSET  3.6444 -2.8614 -19.3368
X -0.2059 -0.7698 -0.6041
Y -0.9749  0.1076  0.1951
Z -0.0852  0.6291 -0.7726

PART 4
OFFSET  1.8933 -9.4092 -24.4751
X -0.2059 -0.7698 -0.6041
Y  0.8089 -0.4813  0.3377
Z -0.5507 -0.4192  0.7218

PART 5
OFFSET  2.4069 -11.7242 -24.0119
X -0.1999 -0.7722 -0.6032
Y  0.0989 -0.6283  0.7716
Z -0.9748  0.0946  0.2019

PART 6
OFFSET  2.8458 -9.8654 -25.8972
X -0.1999 -0.7722 -0.6032
Y  0.0989 -0.6283  0.7716
Z -0.9748  0.0946  0.2019

PART 7
OFFSET  0.2916 -11.6840 -24.2072
X -0.1999 -0.7722 -0.6032
Y  0.0989 -0.6283  0.7716
Z -0.9748  0.0946  0.2019

PART 8
OFFSET  0.1220 -10.5517 -25.4296
X -0.1999 -0.7722 -0.6032
Y  0.0989 -0.6283  0.7716
Z -0.9748  0.0946  0.2019

PART 9
OFFSET  0.2313 -9.2767 -26.4587
X -0.1999 -0.7722 -0.6032
Y  0.0989 -0.6283  0.7716
Z -0.9748  0.0946  0.2019

PART 10
OFFSET  1.2621 -11.7693 -26.3272
X  0.5465 -0.8255 -0.1413
Y  0.6302  0.2942  0.7185
Z -0.5516 -0.4817  0.6810

PART 11
OFFSET  1.8896 -12.0544 -25.4177
X  0.3714 -0.7257  0.5791
Y  0.6976  0.6297  0.3418
Z -0.6127  0.2771  0.7401

PART 12
OFFSET  2.7265 -13.5422 -24.0927
X -0.0137 -0.9940 -0.1083
Y  0.6679 -0.0897  0.7388
Z -0.7441 -0.0622  0.6652

PART 13
OFFSET  2.5813 -15.1486 -24.2371
X -0.7447 -0.3806 -0.5483
Y  0.2084 -0.9130  0.3507
Z -0.6341  0.1469  0.7592

PART 14
OFFSET  1.7505 -15.5689 -24.7893
X -0.0995 -0.5635 -0.8201
Y  0.8493  0.3814 -0.3650
Z  0.5185 -0.7328  0.4406

PART 15
OFFSET  0.9383 -12.8802 -27.0785
X  0.1381 -0.8956 -0.4228
Y -0.6034 -0.4146  0.6812
Z -0.7854  0.1611 -0.5977

PART 16
OFFSET  1.2890 -14.9669 -27.8578
X -0.1924 -0.6825  0.7051
Y -0.3911  0.7124  0.5827
Z -0.9000 -0.1637 -0.4040

PART 17
OFFSET  1.0166 -15.9331 -26.8595
X -0.4368  0.3372  0.8340
Y -0.0482  0.9170 -0.3959
Z -0.8983 -0.2131 -0.3843

PART 18
OFFSET  0.6294 -15.6341 -26.1201
X -0.3134  0.8848  0.3449
Y  0.3159  0.4396 -0.8408
Z -0.8955 -0.1546 -0.4173

PART 19
OFFSET  0.3316 -14.7936 -25.7924
X  0.1709 -0.9304  0.3244
Y  0.3270 -0.2570 -0.9094
Z  0.9294  0.2615  0.2603

PART 20
OFFSET  1.5544 -12.7989 -26.7271
X  0.3232 -0.8788 -0.3510
Y -0.5898 -0.4771  0.6515
Z -0.7401 -0.0036 -0.6725

PART 21
OFFSET  2.3325 -15.0915 -27.6742
X -0.3383 -0.5342  0.7747
Y -0.3158  0.8399  0.4413
Z -0.8865 -0.0954 -0.4529

PART 22
OFFSET  1.7566 -16.0010 -26.3553
X -0.4259  0.5356  0.7292
Y  0.1464  0.8361 -0.5286
Z -0.8928 -0.1184 -0.4345

PART 23
OFFSET  1.1663 -15.2587 -25.3447
X  0.0254  0.9499 -0.3116
Y  0.4552 -0.2885 -0.8423
Z -0.8900 -0.1205 -0.4397

PART 24
OFFSET  1.1938 -14.2285 -25.6827
X -0.3246 -0.6194  0.7149
Y  0.3962 -0.7753 -0.4918
Z  0.8589  0.1236  0.4971

PART 25
OFFSET  3.6518 -14.1049 -25.2568
X  0.2390 -0.9675 -0.0825
Y  0.7107  0.2322 -0.6640
Z  0.6616  0.1000  0.7431

PART 26
OFFSET  4.0719 -14.5847 -26.5888
X -0.3907 -0.7017  0.5958
Y -0.3143  0.7100  0.6302
Z -0.8652  0.0589 -0.4979

PART 27
OFFSET  3.3840 -15.8202 -25.5398
X -0.4017  0.7151  0.5721
Y  0.3949  0.6989 -0.5963
Z -0.8262 -0.0136 -0.5632

PART 28
OFFSET  2.9458 -14.9501 -24.8101
X  0.2268  0.9471 -0.2272
Y  0.4598 -0.3098 -0.8322
Z -0.8586  0.0843 -0.5057

PART 29
OFFSET  3.2020 -13.8803 -25.0667
X -0.7304 -0.0050  0.6830
Y  0.0381 -0.9987  0.0334
Z  0.6820  0.0504  0.7296

PART 30
OFFSET  3.2310 -14.9023 -27.2311
X -0.3885 -0.4555  0.8010
Y -0.3241  0.8813  0.3440
Z -0.8626 -0.1260 -0.4900

PART 31
OFFSET  2.4721 -15.7922 -25.6663
X -0.4158  0.7153  0.5616
Y  0.3241  0.6935 -0.6434
Z -0.8497 -0.0855 -0.5202

PART 32
OFFSET  1.8648 -14.7473 -24.8460
X  0.2098  0.8809 -0.4242
Y  0.5268 -0.4673 -0.7099
Z -0.8237 -0.0746 -0.5621

PART 33
OFFSET  2.0962 -13.7498 -25.3299
X -0.4447 -0.3722  0.8147
Y  0.2060 -0.9277 -0.3114
Z  0.8717  0.0293  0.4892

PART 34
OFFSET  1.5637 -14.8999 -26.0597
X -0.7832  0.0181 -0.6216
Y  0.5516  0.4817 -0.6810
Z  0.2871 -0.8761 -0.3872

PART 35
OFFSET  2.7117 -11.1623 -24.8322
X -0.1998 -0.7722 -0.6032
Y  0.0998 -0.6284  0.7715
Z -0.9747  0.0940  0.2026

PART 36
OFFSET  2.8463 -9.8655 -25.8971
X -0.1998 -0.7722 -0.6032
Y  0.0998 -0.6284  0.7715
Z -0.9747  0.0940  0.2026

PART 37
OFFSET  0.1187 -11.2237 -24.7392
X -0.1998 -0.7722 -0.6032
Y  0.0998 -0.6284  0.7715
Z -0.9747  0.0940  0.2026

PART 38
OFFSET -0.1841 -10.2904 -25.6605
X -0.1998 -0.7722 -0.6032
Y  0.0998 -0.6284  0.7715
Z -0.9747  0.0940  0.2026

PART 39
OFFSET  0.7786 -9.7166 -26.0841
X -0.1998 -0.7722 -0.6032
Y  0.0998 -0.6284  0.7715
Z -0.9747  0.0940  0.2026

PART 40
OFFSET  1.3664 -11.2501 -18.7266
X  0.3849 -0.4242 -0.8197
Y  0.0834  0.9005 -0.4269
Z  0.9192  0.0960  0.3820

PART 41
OFFSET  1.3664 -11.2501 -18.7266
X  0.3849 -0.4242 -0.8197
Y  0.0834  0.9005 -0.4269
Z  0.9192  0.0960  0.3820

PART 42
OFFSET  3.7631 -12.8202 -19.8427
X  0.3849 -0.4242 -0.8197
Y  0.0834  0.9005 -0.4269
Z  0.9192  0.0960  0.3820

PART 43
OFFSET  7.0023 -13.9386 -23.3446
X  0.3849 -0.4242 -0.8197
Y -0.3149  0.7745 -0.5487
Z  0.8676  0.4693  0.1645

PART 44
OFFSET  5.7343 -11.7895 -19.0114
X  0.3849 -0.4242 -0.8197
Y  0.0834  0.9005 -0.4269
Z  0.9192  0.0960  0.3820

PART 45
OFFSET  4.9755 -9.8806 -15.1326
X  0.3849 -0.4242 -0.8197
Y  0.0834  0.9005 -0.4269
Z  0.9192  0.0960  0.3820

PART 46
OFFSET  2.3459 -7.1607 -20.8284
X  0.3849 -0.4242 -0.8197
Y  0.0834  0.9005 -0.4269
Z  0.9192  0.0960  0.3820

PART 47
OFFSET  4.0976 -11.0009 -17.5731
X  0.2252  0.9044 -0.3623
Y -0.3849  0.4242  0.8197
Z  0.8951 -0.0451  0.4436

PART 48
OFFSET  4.2026 -10.5793 -17.7419
X  0.2270  0.9044 -0.3613
Y -0.3849  0.4241  0.8197
Z  0.8946 -0.0470  0.4444

PART 49
OFFSET  4.3085 -10.1576 -17.9104
X  0.2138  0.9050 -0.3678
Y -0.3849  0.4241  0.8197
Z  0.8978 -0.0337  0.4390

PART 50
OFFSET  4.4081 -9.7357 -18.0819
X  0.1656  0.9055 -0.3908
Y -0.3849  0.4242  0.8197
Z  0.9080  0.0147  0.4188

PART 51
OFFSET  4.4854 -9.3136 -18.2640
X  0.0428  0.8954 -0.4431
Y -0.3852  0.4240  0.8197
Z  0.9218  0.1356  0.3631

PART 52
OFFSET  4.5054 -8.8962 -18.4706
X -0.3191  0.7723 -0.5493
Y -0.3852  0.4239  0.8197
Z  0.8659  0.4732  0.1622

PART 53
OFFSET  4.3708 -8.5706 -18.7022
X -0.7810  0.3234 -0.5343
Y -0.3853  0.4238  0.8197
Z  0.4915  0.8460 -0.2064

PART 54
OFFSET  4.0049 -8.4191 -18.9525
X -0.9064 -0.0072 -0.4223
Y -0.3853  0.4238  0.8197
Z  0.1731  0.9057 -0.3869

PART 55
OFFSET  3.5824 -8.4224 -19.1494
X -0.9197 -0.1040 -0.3786
Y -0.3854  0.4238  0.8197
Z  0.0752  0.8997 -0.4299

PART 56
OFFSET  3.1535 -8.4709 -19.3258
X -0.9198 -0.1043 -0.3783
Y -0.3852  0.4239  0.8198
Z  0.0748  0.8997 -0.4300

PART 57
OFFSET  2.7248 -8.5196 -19.5021
X -0.9198 -0.1043 -0.3783
Y -0.3852  0.4240  0.8197
Z  0.0749  0.8997 -0.4301

PART 58
OFFSET  2.2960 -8.5682 -19.6785
X -0.9198 -0.1042 -0.3783
Y -0.3852  0.4239  0.8197
Z  0.0749  0.8997 -0.4301

PART 59
OFFSET  9.0420 -16.7197 -31.8472
X -0.8034  0.2831 -0.5238
Y  0.4800  0.8285 -0.2885
Z  0.3523 -0.4832 -0.8015

PART 60
OFFSET  8.8228 -19.0879 -30.7246
X  0.8721  0.4580  0.1725
Y -0.3284  0.8089 -0.4877
Z -0.3629  0.3687  0.8558

PART 61
OFFSET -6.5551 -7.9373 -5.6959
X -0.5115 -0.6840  0.5201
Y -0.8163  0.5758 -0.0457
Z -0.2682 -0.4479 -0.8529

PART 62
OFFSET -0.3685  0.3347 -11.9857
X  0.1549  0.9524  0.2624
Y  0.5216  0.1467 -0.8405
Z -0.8390  0.2671 -0.4740

PART 63
OFFSET -1.6859 -7.7662 -14.2176
X  0.1549  0.9524  0.2624
Y -0.9597  0.0821  0.2686
Z  0.2343 -0.2934  0.9268

PART 64
OFFSET -1.3440 -9.5468 -13.4380
X  0.1543  0.9507  0.2689
Y  0.8297 -0.2724  0.4873
Z  0.5365  0.1479 -0.8308

PART 65
OFFSET -2.4218 -9.8885 -13.0253
X  0.1543  0.9507  0.2689
Y  0.8297 -0.2724  0.4873
Z  0.5365  0.1479 -0.8308

PART 66
OFFSET -3.4316 -9.6080 -13.8252
X  0.1543  0.9507  0.2689
Y  0.8297 -0.2724  0.4873
Z  0.5365  0.1479 -0.8308

PART 67
OFFSET -2.1607 -10.6861 -15.0220
X -0.5977  0.3730  0.7097
Y -0.8016 -0.2927 -0.5212
Z  0.0133 -0.8804  0.4740

PART 68
OFFSET -1.1238 -10.2099 -15.0329
X -0.6733 -0.3890  0.6288
Y -0.5773 -0.2546 -0.7758
Z  0.4619 -0.8853 -0.0532

PART 69
OFFSET  0.3610 -9.2957 -16.3093
X -0.1928  0.1253  0.9732
Y -0.8398 -0.5340 -0.0976
Z  0.5075 -0.8361  0.2082

PART 70
OFFSET  0.5653 -9.4362 -17.9095
X  0.5894  0.3791  0.7134
Y -0.6539 -0.2946  0.6968
Z  0.4743 -0.8772  0.0742

PART 71
OFFSET -0.0826 -9.8010 -18.6962
X -0.0044  0.7826  0.6225
Y -0.5050  0.5356 -0.6769
Z -0.8631 -0.3173  0.3928

PART 72
OFFSET -2.5161 -11.1373 -16.2765
X -0.1028  0.4216  0.9009
Y  0.0743 -0.8999  0.4296
Z  0.9919  0.1111  0.0611

PART 73
OFFSET -2.1498 -11.9580 -18.3445
X -0.4531 -0.2822  0.8456
Y -0.1359 -0.9156 -0.3784
Z  0.8810 -0.2864  0.3765

PART 74
OFFSET -1.5083 -11.5585 -19.5417
X -0.2972 -0.9546 -0.0224
Y  0.4146 -0.1079 -0.9036
Z  0.8601 -0.2778  0.4278

PART 75
OFFSET -1.2448 -10.7121 -19.5219
X  0.0084 -0.7895 -0.6138
Y  0.4588  0.5484 -0.6991
Z  0.8885 -0.2757  0.3668

PART 76
OFFSET -1.2528 -9.9621 -18.9388
X -0.4229  0.2994  0.8553
Y  0.4532  0.8872 -0.0865
Z -0.7847  0.3510 -0.5109

PART 77
OFFSET -1.8500 -11.1477 -16.0200
X -0.3418  0.4360  0.8325
Y  0.0634 -0.8731  0.4833
Z  0.9376  0.2180  0.2708

PART 78
OFFSET -1.1007 -12.3310 -18.2102
X -0.2072 -0.3810  0.9011
Y -0.1608 -0.8953 -0.4155
Z  0.9650 -0.2310  0.1242

PART 79
OFFSET -0.7480 -11.6823 -19.7442
X -0.2061 -0.9625 -0.1764
Y  0.1870  0.1382 -0.9726
Z  0.9605 -0.2335  0.1515

PART 80
OFFSET -0.4623 -10.3484 -19.4998
X -0.0448 -0.6975 -0.7152
Y  0.2778  0.6790 -0.6796
Z  0.9596 -0.2291  0.1633

PART 81
OFFSET -0.4137 -9.5919 -18.7241
X -0.0748  0.1723  0.9822
Y  0.2118  0.9652 -0.1532
Z -0.9745  0.1965 -0.1087

PART 82
OFFSET -3.9632 -9.3581 -11.3735
X -0.4036  0.1627  0.9003
Y -0.2177  0.9387 -0.2673
Z -0.8887 -0.3039 -0.3434

PART 83
OFFSET  0.7776 -12.2459 -17.2181
X -0.3733  0.2689  0.8879
Y  0.1412 -0.9295  0.3408
Z  0.9169  0.2526  0.3090

PART 84
OFFSET  1.4349 -12.7193 -18.7814
X -0.0256 -0.6654  0.7460
Y  0.4098 -0.6877 -0.5993
Z  0.9118  0.2904  0.2903

PART 85
OFFSET  1.5214 -11.8927 -19.6707
X -0.0116 -0.8053  0.5927
Y  0.4012 -0.5467 -0.7349
Z  0.9159  0.2293  0.3294

PART 86
OFFSET  1.5345 -10.9831 -20.3402
X -0.1008  0.8202  0.5631
Y  0.0084  0.5667 -0.8239
Z -0.9949 -0.0783 -0.0640

PART 87
OFFSET -0.1582 -12.3658 -17.7929
X -0.1469 -0.5001  0.8534
Y  0.1302 -0.8650 -0.4845
Z  0.9805  0.0400  0.1922

PART 88
OFFSET  0.1288 -11.3888 -19.4601
X  0.0741 -0.9778 -0.1961
Y  0.1381  0.2048 -0.9690
Z  0.9876  0.0447  0.1502

PART 89
OFFSET  0.0206 -9.9606 -19.1737
X  0.1386 -0.7005 -0.7001
Y  0.0270  0.7093 -0.7044
Z  0.9900  0.0787  0.1172

PART 90
OFFSET -0.1434 -9.1673 -18.3821
X -0.1868  0.0791  0.9792
Y  0.0055  0.9968 -0.0794
Z -0.9824 -0.0095 -0.1866

PART 91
OFFSET -1.3339 -9.5502 -13.4307
X  0.1541  0.9508  0.2687
Y  0.8310 -0.2718  0.4853
Z  0.5345  0.1485 -0.8320

PART 92
OFFSET -2.4026 -9.8949 -13.0125
X  0.1541  0.9508  0.2687
Y  0.8310 -0.2718  0.4853
Z  0.5345  0.1485 -0.8320

PART 93
OFFSET -3.4169 -9.6042 -13.8480
X  0.1541  0.9508  0.2687
Y  0.8310 -0.2718  0.4853
Z  0.5345  0.1485 -0.8320

PART 94
OFFSET  0.0000 -0.0000 -0.0000
X  1.0000 -0.0000  0.0000
Y  0.0000  1.0000  0.0000
Z  0.0000 -0.0000  1.0000

PART 95
OFFSET  0.0000 -0.0000 -0.0000
X  1.0000 -0.0000  0.0000
Y  0.0000  1.0000  0.0000
Z  0.0000 -0.0000  1.0000

PART 96
OFFSET  1.5404 -0.0000  4.1357
X  1.0000 -0.0000  0.0000
Y  0.0000  1.0000  0.0000
Z  0.0000 -0.0000  1.0000


FRAME 1152
PART 0
OFFSET  0.0000 -0.0000 -0.0000
X  1.0000 -0.0000  0.0000
Y  0.0000  1.0000  0.0000
Z  0.0000 -0.0000  1.0000

PART 1
OFFSET -7.6810 -0.0000 -1.3770
X  1.0000  0.0000  0.0000
Y -0.0000  1.0000  0.0000
Z  0.0000 -0.0000  1.0000

PART 2
OFFSET -1.6489  5.2787 -12.0914
X  0.5776 -0.6235 -0.5269
Y -0.4826  0.2598 -0.8364
Z  0.6583  0.7374 -0.1508

PART 3
OFFSET  5.3369 -2.2613 -18.4641
X -0.2268 -0.7889 -0.5711
Y -0.9707  0.1352  0.1988
Z -0.0796  0.5995 -0.7964

PART 4
OFFSET  3.4078 -8.9713 -23.3218
X -0.2268 -0.7889 -0.5711
Y  0.7788 -0.4990  0.3801
Z -0.5849 -0.3586  0.7276

PART 5
OFFSET  3.8791 -11.2760 -22.7707
X -0.2208 -0.7913 -0.5701
Y  0.0933 -0.5990  0.7953
Z -0.9708  0.1224  0.2061

PART 6
OFFSET  4.3379 -9.5030 -24.7323
X -0.2208 -0.7913 -0.5701
Y  0.0933 -0.5990  0.7953
Z -0.9708  0.1224  0.2061

PART 7
OFFSET  1.7633 -11.2004 -22.9497
X -0.2208 -0.7913 -0.5701
Y  0.0933 -0.5990  0.7953
Z -0.9708  0.1224  0.2061

PART 8
OFFSET  1.6053 -10.1145 -24.2150
X -0.2208 -0.7913 -0.5701
Y  0.0933 -0.5990  0.7953
Z -0.9708  0.1224  0.2061

PART 9
OFFSET  1.7308 -8.8840 -25.2951
X -0.2208 -0.7913 -0.5701
Y  0.0933 -0.5990  0.7953
Z -0.9708  0.1224  0.2061

PART 10
OFFSET  2.7125 -11.3898 -25.0726
X  0.5505 -0.8305 -0.0852
Y  0.5800  0.3070  0.7546
Z -0.6005 -0.4648  0.6507

PART 11
OFFSET  3.2733 -11.6580 -24.1156
X  0.3259 -0.7147  0.6189
Y  0.6755  0.6340  0.3765
Z -0.6614  0.2953  0.6894

PART 12
OFFSET  4.0071 -13.1206 -22.7042
X -0.0116 -0.9960 -0.0881
Y  0.6141 -0.0766  0.7855
Z -0.7891 -0.0450  0.6126

PART 13
OFFSET  3.8634 -14.7290 -22.8247
X -0.7066 -0.3892 -0.5910
Y  0.1783 -0.9061  0.3836
Z -0.6848  0.1657  0.7096

PART 14
OFFSET  3.0710 -15.1577 -23.4247
X -0.0450 -0.5805 -0.8130
Y  0.8749  0.3700 -0.3126
Z  0.4823 -0.7254  0.4912

PART 15
OFFSET  2.4359 -12.5152 -25.8212
X  0.1624 -0.9050 -0.3931
Y -0.6519 -0.3975  0.6458
Z -0.7407  0.1514 -0.6545

PART 16
OFFSET  2.8287 -14.6195 -26.5300
X -0.2450 -0.6665  0.7041
Y -0.4269  0.7262  0.5388
Z -0.8705 -0.1686 -0.4625

PART 17
OFFSET  2.4818 -15.5630 -25.5331
X -0.4922  0.3567  0.7941
Y -0.0152  0.9085 -0.4175
Z -0.8704 -0.2176 -0.4417

PART 18
OFFSET  2.0454 -15.2468 -24.8291
X -0.3319  0.8932  0.3034
Y  0.3764  0.4203 -0.8256
Z -0.8650 -0.1598 -0.4757

PART 19
OFFSET  1.7301 -14.3982 -24.5409
X  0.1426 -0.9239  0.3550
Y  0.3884 -0.2777 -0.8786
Z  0.9104  0.2632  0.3192

PART 20
OFFSET  3.0263 -12.4290 -25.4294
X  0.3421 -0.8874 -0.3089
Y -0.6365 -0.4607  0.6185
Z -0.6912 -0.0150 -0.7225

PART 21
OFFSET  3.8560 -14.7444 -26.2712
X -0.3946 -0.5162  0.7602
Y -0.3413  0.8505  0.4003
Z -0.8531 -0.1015 -0.5117

PART 22
OFFSET  3.1842 -15.6232 -24.9770
X -0.4729  0.5528  0.6861
Y  0.1877  0.8240 -0.5345
Z -0.8609 -0.1240 -0.4934

PART 23
OFFSET  2.5288 -14.8570 -24.0261
X  0.0524  0.9429 -0.3290
Y  0.5114 -0.3083 -0.8021
Z -0.8577 -0.1262 -0.4984

PART 24
OFFSET  2.5857 -13.8344 -24.3829
X -0.3773 -0.6026  0.7032
Y  0.4253 -0.7873 -0.4464
Z  0.8227  0.1307  0.5533

PART 25
OFFSET  5.0084 -13.7117 -23.7885
X  0.2388 -0.9700 -0.0452
Y  0.7567  0.2150 -0.6173
Z  0.6086  0.1132  0.7854

PART 26
OFFSET  5.5180 -14.2216 -25.0774
X -0.4353 -0.6872  0.5816
Y -0.3536  0.7246  0.5915
Z -0.8279  0.0518 -0.5584

PART 27
OFFSET  4.7516 -15.4316 -24.0534
X -0.4368  0.7288  0.5274
Y  0.4395  0.6844 -0.5817
Z -0.7849 -0.0223 -0.6193

PART 28
OFFSET  4.2683 -14.5443 -23.3747
X  0.2474  0.9411 -0.2307
Y  0.5152 -0.3294 -0.7913
Z -0.8206  0.0769 -0.5663

PART 29
OFFSET  4.5477 -13.4813 -23.6352
X -0.7764  0.0126  0.6301
Y  0.0301 -0.9979  0.0570
Z  0.6295  0.0632  0.7744

PART 30
OFFSET  4.7224 -14.5494 -25.7702
X -0.4461 -0.4367  0.7812
Y -0.3425  0.8897  0.3018
Z -0.8269 -0.1329 -0.5464

PART 31
OFFSET  3.8510 -15.4026 -24.2441
X -0.4501  0.7288  0.5159
Y  0.3721  0.6783 -0.6336
Z -0.8117 -0.0932 -0.5765

PART 32
OFFSET  3.1935 -14.3380 -23.4905
X  0.2438  0.8708 -0.4269
Y  0.5726 -0.4845 -0.6613
Z -0.7827 -0.0832 -0.6168

PART 33
OFFSET  3.4637 -13.3520 -23.9779
X -0.5027 -0.3529  0.7892
Y  0.2221 -0.9350 -0.2766
Z  0.8355  0.0363  0.5484

PART 34
OFFSET  2.9772 -14.5152 -24.7188
X -0.7377  0.0079 -0.6751
Y  0.6005  0.4648 -0.6507
Z  0.3086 -0.8854 -0.3476

PART 35
OFFSET  4.1876 -10.7536 -23.6152
X -0.2208 -0.7913 -0.5701
Y  0.0942 -0.5991  0.7951
Z -0.9708  0.1218  0.2068

PART 36
OFFSET  4.3384 -9.5032 -24.7322
X -0.2208 -0.7913 -0.5701
Y  0.0942 -0.5991  0.7951
Z -0.9708  0.1218  0.2068

PART 37
OFFSET  1.5948 -10.7583 -23.4983
X -0.2208 -0.7913 -0.5701
Y  0.0942 -0.5991  0.7951
Z -0.9708  0.1218  0.2068

PART 38
OFFSET  1.3024 -9.8564 -24.4536
X -0.2208 -0.7913 -0.5701
Y  0.0942 -0.5991  0.7951
Z -0.9708  0.1218  0.2068

PART 39
OFFSET  2.2726 -9.3196 -24.9078
X -0.2208 -0.7913 -0.5701
Y  0.0942 -0.5991  0.7951
Z -0.9708  0.1218  0.2068

PART 40
OFFSET  2.2877 -10.7087 -17.4960
X  0.4389 -0.4432 -0.7816
Y  0.1180  0.8908 -0.4388
Z  0.8907  0.1004  0.4433

PART 41
OFFSET  2.2877 -10.7087 -17.4960
X  0.4389 -0.4432 -0.7816
Y  0.1180  0.8908 -0.4388
Z  0.8907  0.1004  0.4433

PART 42
OFFSET  4.7479 -12.3121 -18.4082
X  0.4389 -0.4432 -0.7816
Y  0.1180  0.8908 -0.4388
Z  0.8907  0.1004  0.4433

PART 43
OFFSET  8.2179 -13.5182 -21.6503
X  0.4389 -0.4432 -0.7816
Y -0.2714  0.7639 -0.5855
Z  0.8565  0.4692  0.2150

PART 44
OFFSET  6.6618 -11.2719 -17.4627
X  0.4389 -0.4432 -0.7816
Y  0.1180  0.8908 -0.4388
Z  0.8907  0.1004  0.4433

PART 45
OFFSET  5.6442 -9.2774 -13.6876
X  0.4389 -0.4432 -0.7816
Y  0.1180  0.8908 -0.4388
Z  0.8907  0.1004  0.4433

PART 46
OFFSET  3.4346 -6.6692 -19.6095
X  0.4389 -0.4432 -0.7816
Y  0.1180  0.8908 -0.4388
Z  0.8907  0.1004  0.4433

PART 47
OFFSET  4.9329 -10.4461 -16.1595
X  0.2550  0.8956 -0.3646
Y -0.4389  0.4432  0.7816
Z  0.8616 -0.0393  0.5061

PART 48
OFFSET  5.0518 -10.0286 -16.3294
X  0.2567  0.8955 -0.3635
Y -0.4389  0.4431  0.7817
Z  0.8611 -0.0411  0.5068

PART 49
OFFSET  5.1715 -9.6111 -16.4988
X  0.2441  0.8960 -0.3709
Y -0.4390  0.4431  0.7817
Z  0.8647 -0.0280  0.5015

PART 50
OFFSET  5.2852 -9.1933 -16.6718
X  0.1975  0.8962 -0.3972
Y -0.4389  0.4431  0.7816
Z  0.8765  0.0200  0.4809

PART 51
OFFSET  5.3774 -8.7755 -16.8569
X  0.0787  0.8856 -0.4578
Y -0.4392  0.4430  0.7816
Z  0.8949  0.1395  0.4238

PART 52
OFFSET  5.4141 -8.3627 -17.0703
X -0.2756  0.7616 -0.5865
Y -0.4392  0.4430  0.7816
Z  0.8551  0.4730  0.2124

PART 53
OFFSET  5.2979 -8.0416 -17.3175
X -0.7399  0.3150 -0.5944
Y -0.4393  0.4430  0.7816
Z  0.5095  0.8394 -0.1894

PART 54
OFFSET  4.9512 -7.8940 -17.5961
X -0.8747 -0.0125 -0.4845
Y -0.4393  0.4430  0.7815
Z  0.2048  0.8964 -0.3930

PART 55
OFFSET  4.5435 -7.8998 -17.8219
X -0.8915 -0.1084 -0.4398
Y -0.4393  0.4430  0.7815
Z  0.1101  0.8900 -0.4426

PART 56
OFFSET  4.1278 -7.9503 -18.0269
X -0.8917 -0.1086 -0.4395
Y -0.4392  0.4430  0.7816
Z  0.1098  0.8899 -0.4427

PART 57
OFFSET  3.7122 -8.0010 -18.2317
X -0.8917 -0.1086 -0.4395
Y -0.4391  0.4431  0.7815
Z  0.1098  0.8899 -0.4428

PART 58
OFFSET  3.2964 -8.0516 -18.4366
X -0.8917 -0.1085 -0.4395
Y -0.4391  0.4431  0.7816
Z  0.1099  0.8899 -0.4427

PART 59
OFFSET  10.8319 -16.4887 -29.9287
X -0.7633  0.2751 -0.5846
Y  0.5036  0.8202 -0.2715
Z  0.4048 -0.5016 -0.7645

PART 60
OFFSET  10.5215 -18.8314 -28.7746
X  0.8604  0.4580  0.2235
Y -0.2890  0.7996 -0.5264
Z -0.4198  0.3884  0.8203

PART 61
OFFSET -6.5551 -7.9373 -5.6959
X  0.3213 -0.4091  0.8541
Y -0.8852 -0.4502  0.1173
Z  0.3365 -0.7937 -0.5067

PART 62
OFFSET -10.4404 -2.9901 -16.0251
X -0.7738  0.6102 -0.1698
Y  0.2305  0.0216 -0.9728
Z -0.5900 -0.7919 -0.1574

PART 63
OFFSET -3.8589 -8.1806 -14.5809
X -0.7738  0.6102 -0.1698
Y -0.1710 -0.4594 -0.8716
Z -0.6099 -0.6454  0.4599

PART 64
OFFSET -2.2482 -8.1779 -13.4404
X -0.7734  0.6125 -0.1635
Y  0.5884  0.7896  0.1742
Z  0.2358  0.0385 -0.9710

PART 65
OFFSET -2.5364 -8.9219 -12.5392
X -0.7734  0.6125 -0.1635
Y  0.5884  0.7896  0.1742
Z  0.2358  0.0385 -0.9710

PART 66
OFFSET -3.1843 -10.0089 -12.9089
X -0.7734  0.6125 -0.1635
Y  0.5884  0.7896  0.1742
Z  0.2358  0.0385 -0.9710

PART 67
OFFSET -1.4867 -10.0514 -14.0604
X -0.6438  0.3905  0.6581
Y -0.7648 -0.3005 -0.5698
Z -0.0247 -0.8702  0.4921

PART 68
OFFSET -0.4489 -9.5797 -14.0085
X -0.7178 -0.3728  0.5881
Y -0.5231 -0.2688 -0.8088
Z  0.4596 -0.8881 -0.0020

PART 69
OFFSET  1.1267 -8.6991 -15.1968
X -0.2597  0.1469  0.9545
Y -0.8339 -0.5326 -0.1449
Z  0.4870 -0.8335  0.2608

PART 70
OFFSET  1.4416 -8.8746 -16.7755
X  0.5401  0.3918  0.7448
Y -0.7027 -0.2770  0.6554
Z  0.4631 -0.8773  0.1257

PART 71
OFFSET  0.8482 -9.2535 -17.5977
X -0.0436  0.7957  0.6041
Y -0.4534  0.5231 -0.7217
Z -0.8902 -0.3053  0.3380

PART 72
OFFSET -1.7559 -10.5278 -15.3269
X -0.1632  0.4412  0.8824
Y  0.0391 -0.8908  0.4526
Z  0.9858  0.1084  0.1281

PART 73
OFFSET -1.2504 -11.3941 -17.3464
X -0.5127 -0.2622  0.8176
Y -0.1142 -0.9229 -0.3677
Z  0.8510 -0.2819  0.4432

PART 74
OFFSET -0.5246 -11.0228 -18.5039
X -0.3002 -0.9536 -0.0230
Y  0.4761 -0.1288 -0.8699
Z  0.8266 -0.2721  0.4927

PART 75
OFFSET -0.2584 -10.1773 -18.4834
X  0.0469 -0.8024 -0.5949
Y  0.5096  0.5315 -0.6767
Z  0.8591 -0.2714  0.4338

PART 76
OFFSET -0.3030 -9.4150 -17.9183
X -0.4800  0.3193  0.8171
Y  0.4631  0.8833 -0.0732
Z -0.7451  0.3432 -0.5719

PART 77
OFFSET -1.1095 -10.5355 -15.0242
X -0.3968  0.4551  0.7971
Y  0.0246 -0.8629  0.5049
Z  0.9176  0.2199  0.3312

PART 78
OFFSET -0.2154 -11.7683 -17.1311
X -0.2718 -0.3608  0.8922
Y -0.1363 -0.9033 -0.4068
Z  0.9527 -0.2322  0.1963

PART 79
OFFSET  0.2474 -11.1540 -18.6500
X -0.1986 -0.9652 -0.1701
Y  0.2554  0.1166 -0.9598
Z  0.9462 -0.2341  0.2233

PART 80
OFFSET  0.5227 -9.8163 -18.4142
X  0.0014 -0.7124 -0.7018
Y  0.3284  0.6632 -0.6726
Z  0.9446 -0.2295  0.2349

PART 81
OFFSET  0.5211 -9.0437 -17.6531
X -0.1423  0.1936  0.9707
Y  0.2273  0.9609 -0.1583
Z -0.9634  0.1981 -0.1807

PART 82
OFFSET -3.5325 -8.6384 -10.5758
X -0.4647  0.1836  0.8662
Y -0.1933  0.9336 -0.3016
Z -0.8641 -0.3076 -0.3984

PART 83
OFFSET  1.5894 -11.6697 -16.0119
X -0.4330  0.2893  0.8537
Y  0.1118 -0.9225  0.3694
Z  0.8944  0.2554  0.3671

PART 84
OFFSET  2.3518 -12.1791 -17.5150
X -0.0814 -0.6492  0.7563
Y  0.4469 -0.7020 -0.5545
Z  0.8909  0.2928  0.3473

PART 85
OFFSET  2.5049 -11.3721 -18.4133
X -0.0575 -0.7924  0.6073
Y  0.4486 -0.5639 -0.6934
Z  0.8919  0.2326  0.3879

PART 86
OFFSET  2.5698 -10.4770 -19.0992
X -0.1354  0.8324  0.5373
Y  0.0692  0.5489 -0.8330
Z -0.9884 -0.0756 -0.1319

PART 87
OFFSET  0.6955 -11.7980 -16.6482
X -0.2090 -0.4811  0.8514
Y  0.1590 -0.8757 -0.4559
Z  0.9649  0.0401  0.2595

PART 88
OFFSET  1.1038 -10.8581 -18.3114
X  0.0822 -0.9820 -0.1698
Y  0.2067  0.1835 -0.9611
Z  0.9750  0.0439  0.2180

PART 89
OFFSET  0.9837 -9.4237 -18.0634
X  0.1833 -0.7159 -0.6737
Y  0.0802  0.6939 -0.7155
Z  0.9798  0.0772  0.1846

PART 90
OFFSET  0.7692 -8.6130 -17.3021
X -0.2544  0.1008  0.9618
Y  0.0166  0.9949 -0.0998
Z -0.9670 -0.0095 -0.2548

PART 91
OFFSET -2.2411 -8.1676 -13.4371
X -0.7735  0.6123 -0.1636
Y  0.5888  0.7898  0.1718
Z  0.2344  0.0366 -0.9715

PART 92
OFFSET -2.5228 -8.9028 -12.5339
X -0.7735  0.6123 -0.1636
Y  0.5888  0.7898  0.1718
Z  0.2344  0.0366 -0.9715

PART 93
OFFSET -3.1777 -10.0080 -12.9354
X -0.7735  0.6123 -0.1636
Y  0.5888  0.7898  0.1718
Z  0.2344  0.0366 -0.9715

PART 94
OFFSET  0.0000 -0.0000 -0.0000
X  1.0000 -0.0000  0.0000
Y  0.0000  1.0000  0.0000
Z  0.0000 -0.0000  1.0000

PART 95
OFFSET -0.0000 -0.0000 -0.0000
X  1.0000 -0.0001 -0.0013
Y  0.0001  1.0000  0.0002
Z  0.0013 -0.0002  1.0000

PART 96
OFFSET  1.5457 -0.0010  4.1338
X  1.0000 -0.0001 -0.0013
Y  0.0001  1.0000  0.0002
Z  0.0013 -0.0002  1.0000


FRAME 1153
PART 0
OFFSET  0.0000 -0.0000 -0.0000
X  1.0000 -0.0000  0.0000
Y  0.0000  1.0000  0.0000
Z  0.0000 -0.0000  1.0000

PART 1
OFFSET -7.6810 -0.0000 -1.3770
X  1.0000  0.0000  0.0000
Y -0.0000  1.0000  0.0000
Z  0.0000 -0.0000  1.0000

PART 2
OFFSET -1.6489  5.2787 -11.9890
X  0.7276 -0.5403 -0.4226
Y -0.4117  0.1488 -0.8991
Z  0.5487  0.8282 -0.1142

PART 3
OFFSET  7.1511 -1.2557 -17.1002
X -0.1998 -0.8254 -0.5281
Y -0.9770  0.1268  0.1715
Z -0.0746  0.5502 -0.8317

PART 4
OFFSET  5.4515 -8.2757 -21.5916
X -0.1998 -0.8254 -0.5281
Y  0.7352 -0.4826  0.4760
Z -0.6477 -0.2931  0.7033

PART 5
OFFSET  5.9552 -10.5343 -20.8968
X -0.1938 -0.8276 -0.5268
Y  0.0883 -0.5495  0.8308
Z -0.9771  0.1145  0.1796

PART 6
OFFSET  6.4206 -8.8700 -22.9500
X -0.1938 -0.8276 -0.5268
Y  0.0883 -0.5495  0.8308
Z -0.9771  0.1145  0.1796

PART 7
OFFSET  3.8425 -10.5122 -21.1213
X -0.1938 -0.8276 -0.5268
Y  0.0883 -0.5495  0.8308
Z -0.9771  0.1145  0.1796

PART 8
OFFSET  3.6900 -9.5055 -22.4511
X -0.1938 -0.8276 -0.5268
Y  0.0883 -0.5495  0.8308
Z -0.9771  0.1145  0.1796

PART 9
OFFSET  3.8143 -8.3378 -23.5990
X -0.1938 -0.8276 -0.5268
Y  0.0883 -0.5495  0.8308
Z -0.9771  0.1145  0.1796

PART 10
OFFSET  4.8389 -10.8060 -23.2105
X  0.5533 -0.8329 -0.0082
Y  0.4971  0.3223  0.8056
Z -0.6684 -0.4498  0.5924

PART 11
OFFSET  5.2931 -11.0543 -22.1935
X  0.2552 -0.7017  0.6652
Y  0.6337  0.6410  0.4330
Z -0.7303  0.3110  0.6082

PART 12
OFFSET  5.8664 -12.4872 -20.6809
X -0.0058 -0.9977 -0.0676
Y  0.5263 -0.0606  0.8481
Z -0.8503 -0.0307  0.5254

PART 13
OFFSET  5.7304 -14.0977 -20.7819
X -0.6408 -0.4008 -0.6548
Y  0.1328 -0.8979  0.4196
Z -0.7561  0.1819  0.6286

PART 14
OFFSET  5.0050 -14.5380 -21.4540
X  0.0400 -0.5977 -0.8007
Y  0.9046  0.3620 -0.2250
Z  0.4243 -0.7153  0.5552

PART 15
OFFSET  4.6397 -11.9468 -23.9603
X  0.2001 -0.9135 -0.3542
Y -0.7187 -0.3826  0.5806
Z -0.6659  0.1384 -0.7331

PART 16
OFFSET  5.0982 -14.0664 -24.5781
X -0.3214 -0.6508  0.6879
Y -0.4794  0.7383  0.4745
Z -0.8166 -0.1773 -0.5493

PART 17
OFFSET  4.6432 -14.9878 -23.6043
X -0.5729  0.3744  0.7291
Y  0.0329  0.8994 -0.4360
Z -0.8189 -0.2258 -0.5276

PART 18
OFFSET  4.1352 -14.6559 -22.9578
X -0.3591  0.9000  0.2471
Y  0.4641  0.4019 -0.7894
Z -0.8097 -0.1688 -0.5620

PART 19
OFFSET  3.7941 -13.8008 -22.7231
X  0.1004 -0.9163  0.3878
Y  0.4791 -0.2971 -0.8260
Z  0.8720  0.2687  0.4092

PART 20
OFFSET  5.1851 -11.8530 -23.5094
X  0.3699 -0.8944 -0.2516
Y -0.7007 -0.4464  0.5565
Z -0.6100 -0.0295 -0.7918

PART 21
OFFSET  6.0915 -14.1872 -24.2083
X -0.4756 -0.4991  0.7244
Y -0.3790  0.8594  0.3433
Z -0.7939 -0.1112 -0.5978

PART 22
OFFSET  5.2819 -15.0370 -22.9750
X -0.5415  0.5681  0.6197
Y  0.2469  0.8121 -0.5288
Z -0.8036 -0.1333 -0.5800

PART 23
OFFSET  4.5314 -14.2496 -22.1162
X  0.0908  0.9355 -0.3415
Y  0.5931 -0.3262 -0.7361
Z -0.8000 -0.1357 -0.5845

PART 24
OFFSET  4.6299 -13.2350 -22.4865
X -0.4525 -0.5868  0.6715
Y  0.4677 -0.7973 -0.3815
Z  0.7592  0.1414  0.6353

PART 25
OFFSET  6.9756 -13.1030 -21.6391
X  0.2386 -0.9711  0.0012
Y  0.8192  0.2006 -0.5373
Z  0.5215  0.1292  0.8434

PART 26
OFFSET  7.6182 -13.6413 -22.8549
X -0.4975 -0.6739  0.5462
Y -0.4122  0.7377  0.5348
Z -0.7633  0.0410 -0.6448

PART 27
OFFSET  6.7423 -14.8278 -21.8933
X -0.4880  0.7406  0.4620
Y  0.5018  0.6711 -0.5457
Z -0.7142 -0.0345 -0.6991

PART 28
OFFSET  6.1924 -13.9254 -21.2892
X  0.2741  0.9355 -0.2228
Y  0.5956 -0.3470 -0.7244
Z -0.7551  0.0659 -0.6523

PART 29
OFFSET  6.5020 -12.8687 -21.5409
X -0.8393  0.0273  0.5430
Y  0.0201 -0.9965  0.0811
Z  0.5433  0.0790  0.8358

PART 30
OFFSET  6.9001 -13.9828 -23.6218
X -0.5287 -0.4191  0.7381
Y -0.3695  0.8965  0.2444
Z -0.7642 -0.1435 -0.6288

PART 31
OFFSET  5.8673 -14.8016 -22.1798
X -0.5000  0.7404  0.4492
Y  0.4402  0.6640 -0.6044
Z -0.7458 -0.1045 -0.6580

PART 32
OFFSET  5.1369 -13.7201 -21.5237
X  0.2913  0.8611 -0.4168
Y  0.6383 -0.4995 -0.5858
Z -0.7126 -0.0954 -0.6951

PART 33
OFFSET  5.4614 -12.7452 -22.0002
X -0.5855 -0.3352  0.7382
Y  0.2470 -0.9410 -0.2313
Z  0.7721  0.0469  0.6337

PART 34
OFFSET  5.0526 -13.9234 -22.7641
X -0.6612 -0.0055 -0.7502
Y  0.6684  0.4498 -0.5924
Z  0.3407 -0.8931 -0.2937

PART 35
OFFSET  6.2710 -10.0559 -21.7645
X -0.1938 -0.8276 -0.5268
Y  0.0891 -0.5496  0.8307
Z -0.9770  0.1140  0.1803

PART 36
OFFSET  6.4211 -8.8702 -22.9498
X -0.1938 -0.8276 -0.5268
Y  0.0891 -0.5496  0.8307
Z -0.9770  0.1140  0.1803

PART 37
OFFSET  3.6770 -10.1063 -21.6981
X -0.1938 -0.8276 -0.5268
Y  0.0891 -0.5496  0.8307
Z -0.9770  0.1140  0.1803

PART 38
OFFSET  3.3872 -9.2679 -22.7103
X -0.1938 -0.8276 -0.5268
Y  0.0891 -0.5496  0.8307
Z -0.9770  0.1140  0.1803

PART 39
OFFSET  4.3562 -8.7390 -23.1763
X -0.1938 -0.8276 -0.5268
Y  0.0891 -0.5496  0.8307
Z -0.9770  0.1140  0.1803

PART 40
OFFSET  3.6088 -9.9615 -15.7390
X  0.5184 -0.4605 -0.7206
Y  0.1676  0.8810 -0.4425
Z  0.8386  0.1086  0.5338

PART 41
OFFSET  3.6088 -9.9615 -15.7390
X  0.5184 -0.4605 -0.7206
Y  0.1676  0.8810 -0.4425
Z  0.8386  0.1086  0.5338

PART 42
OFFSET  6.1464 -11.5875 -16.3484
X  0.5184 -0.4605 -0.7206
Y  0.1676  0.8810 -0.4425
Z  0.8386  0.1086  0.5338

PART 43
OFFSET  9.9387 -12.8682 -19.1743
X  0.5184 -0.4605 -0.7206
Y -0.2044  0.7515 -0.6273
Z  0.8304  0.4725  0.2954

PART 44
OFFSET  7.9521 -10.5300 -15.2259
X  0.5184 -0.4605 -0.7206
Y  0.1676  0.8810 -0.4425
Z  0.8386  0.1086  0.5338

PART 45
OFFSET  6.5440 -8.4533 -11.6246
X  0.5184 -0.4605 -0.7206
Y  0.1676  0.8810 -0.4425
Z  0.8386  0.1086  0.5338

PART 46
OFFSET  4.9901 -5.9700 -17.8030
X  0.5184 -0.4605 -0.7206
Y  0.1676  0.8810 -0.4425
Z  0.8386  0.1086  0.5338

PART 47
OFFSET  6.0968 -9.6739 -14.1330
X  0.2959  0.8872 -0.3542
Y -0.5184  0.4605  0.7206
Z  0.8024 -0.0296  0.5961

PART 48
OFFSET  6.2348 -9.2603 -14.2980
X  0.2975  0.8871 -0.3528
Y -0.5184  0.4604  0.7206
Z  0.8018 -0.0315  0.5968

PART 49
OFFSET  6.3735 -8.8467 -14.4625
X  0.2857  0.8875 -0.3616
Y -0.5184  0.4604  0.7206
Z  0.8060 -0.0184  0.5916

PART 50
OFFSET  6.5066 -8.4329 -14.6311
X  0.2422  0.8872 -0.3927
Y -0.5184  0.4605  0.7206
Z  0.8202  0.0291  0.5714

PART 51
OFFSET  6.6196 -8.0193 -14.8141
X  0.1305  0.8754 -0.4655
Y -0.5185  0.4604  0.7205
Z  0.8450  0.1473  0.5140

PART 52
OFFSET  6.6804 -7.6113 -15.0311
X -0.2084  0.7492 -0.6287
Y -0.5186  0.4604  0.7205
Z  0.8293  0.4762  0.2925

PART 53
OFFSET  6.5925 -7.2954 -15.2961
X -0.6709  0.3032 -0.6767
Y -0.5186  0.4604  0.7205
Z  0.5300  0.8343 -0.1516

PART 54
OFFSET  6.2781 -7.1533 -15.6132
X -0.8179 -0.0217 -0.5749
Y -0.5186  0.4604  0.7205
Z  0.2491  0.8875 -0.3878

PART 55
OFFSET  5.8968 -7.1634 -15.8812
X -0.8398 -0.1165 -0.5302
Y -0.5187  0.4604  0.7204
Z  0.1602  0.8800 -0.4471

PART 56
OFFSET  5.5053 -7.2177 -16.1284
X -0.8400 -0.1167 -0.5299
Y -0.5185  0.4604  0.7205
Z  0.1598  0.8800 -0.4473

PART 57
OFFSET  5.1137 -7.2722 -16.3753
X -0.8400 -0.1167 -0.5299
Y -0.5185  0.4605  0.7205
Z  0.1599  0.8799 -0.4474

PART 58
OFFSET  4.7221 -7.3266 -16.6224
X -0.8400 -0.1167 -0.5299
Y -0.5185  0.4605  0.7205
Z  0.1599  0.8800 -0.4473

PART 59
OFFSET  13.4120 -16.0198 -27.0605
X -0.6953  0.2636 -0.6686
Y  0.5328  0.8134 -0.2334
Z  0.4824 -0.5185 -0.7060

PART 60
OFFSET  12.9712 -18.3367 -25.8968
X  0.8333  0.4615  0.3045
Y -0.2280  0.7885 -0.5712
Z -0.5037  0.4065  0.7623

PART 61
OFFSET -6.5551 -7.9373 -5.6959
X  0.4002  0.1546  0.9033
Y -0.4747 -0.8082  0.3486
Z  0.7839 -0.5683 -0.2500

PART 62
OFFSET -11.3950 -9.8074 -16.6202
X -0.9408 -0.0503 -0.3352
Y  0.3388 -0.1652 -0.9262
Z -0.0088 -0.9850  0.1725

PART 63
OFFSET -3.3930 -9.3793 -13.7693
X -0.9408 -0.0503 -0.3352
Y  0.3115 -0.5180 -0.7967
Z -0.1335 -0.8539  0.5030

PART 64
OFFSET -2.2799 -8.0700 -12.7987
X -0.9428 -0.0464 -0.3301
Y  0.0060  0.9878 -0.1559
Z  0.3333 -0.1490 -0.9310

PART 65
OFFSET -2.2491 -8.5003 -11.6751
X -0.9428 -0.0464 -0.3301
Y  0.0060  0.9878 -0.1559
Z  0.3333 -0.1490 -0.9310

PART 66
OFFSET -2.1039 -9.8079 -11.5904
X -0.9428 -0.0464 -0.3301
Y  0.0060  0.9878 -0.1559
Z  0.3333 -0.1490 -0.9310

PART 67
OFFSET -0.5088 -9.2250 -12.7418
X -0.7090  0.4055  0.5770
Y -0.7006 -0.3116 -0.6419
Z -0.0805 -0.8593  0.5050

PART 68
OFFSET  0.5193 -8.7538 -12.5892
X -0.7779 -0.3590  0.5157
Y -0.4346 -0.2854 -0.8542
Z  0.4538 -0.8886  0.0660

PART 69
OFFSET  2.2161 -7.9012 -13.6205
X -0.3597  0.1677  0.9179
Y -0.8156 -0.5344 -0.2220
Z  0.4533 -0.8284  0.3290

PART 70
OFFSET  2.6974 -8.1110 -15.1523
X  0.4589  0.4070  0.7898
Y -0.7698 -0.2618  0.5821
Z  0.4437 -0.8751  0.1932

PART 71
OFFSET  2.1940 -8.5067 -16.0252
X -0.1050  0.8086  0.5789
Y -0.3717  0.5080 -0.7770
Z -0.9224 -0.2967  0.2472

PART 72
OFFSET -0.6428 -9.7281 -14.0194
X -0.2550  0.4603  0.8503
Y -0.0128 -0.8809  0.4730
Z  0.9669  0.1097  0.2305

PART 73
OFFSET  0.0725 -10.6384 -15.9544
X -0.5981 -0.2438  0.7634
Y -0.0777 -0.9305 -0.3581
Z  0.7976 -0.2735  0.5376

PART 74
OFFSET  0.9194 -10.2932 -17.0352
X -0.2995 -0.9535 -0.0348
Y  0.5659 -0.1482 -0.8110
Z  0.7681 -0.2626  0.5840

PART 75
OFFSET  1.1849 -9.4478 -17.0044
X  0.1073 -0.8151 -0.5693
Y  0.5810  0.5161 -0.6294
Z  0.8068 -0.2632  0.5289

PART 76
OFFSET  1.0830 -8.6734 -16.4635
X -0.5634  0.3375  0.7541
Y  0.4715  0.8809 -0.0420
Z -0.6784  0.3319 -0.6555

PART 77
OFFSET -0.0325 -9.7302 -13.6492
X -0.4781  0.4727  0.7403
Y -0.0328 -0.8518  0.5228
Z  0.8777  0.2257  0.4227

PART 78
OFFSET  1.0772 -11.0094 -15.6217
X -0.3670 -0.3411  0.8654
Y -0.0954 -0.9116 -0.3998
Z  0.9253 -0.2293  0.3020

PART 79
OFFSET  1.7020 -10.4286 -17.0951
X -0.1829 -0.9683 -0.1699
Y  0.3570  0.0956 -0.9292
Z  0.9160 -0.2306  0.3282

PART 80
OFFSET  1.9555 -9.0865 -16.8597
X  0.0738 -0.7273 -0.6823
Y  0.4008  0.6481 -0.6475
Z  0.9132 -0.2257  0.3394

PART 81
OFFSET  1.8755 -8.2977 -16.1197
X -0.2445  0.2146  0.9456
Y  0.2465  0.9569 -0.1534
Z -0.9378  0.1956 -0.2869

PART 82
OFFSET -2.9103 -7.7345 -9.5269
X -0.5540  0.2028  0.8075
Y -0.1565  0.9272 -0.3403
Z -0.8177 -0.3148 -0.4819

PART 83
OFFSET  2.7523 -10.8893 -14.3182
X -0.5207  0.3082  0.7961
Y  0.0682 -0.9145  0.3987
Z  0.8510  0.2619  0.4552

PART 84
OFFSET  3.6692 -11.4320 -15.7199
X -0.1643 -0.6327  0.7568
Y  0.5010 -0.7144 -0.4885
Z  0.8497  0.2990  0.4343

PART 85
OFFSET  3.9205 -10.6447 -16.6136
X -0.1251 -0.7791  0.6143
Y  0.5181 -0.5794 -0.6292
Z  0.8461  0.2396  0.4761

PART 86
OFFSET  4.0617 -9.7647 -17.3075
X -0.1890  0.8440  0.5019
Y  0.1599  0.5308 -0.8323
Z -0.9689 -0.0770 -0.2353

PART 87
OFFSET  1.9311 -11.0300 -15.0436
X -0.3007 -0.4624  0.8342
Y  0.2036 -0.8856 -0.4175
Z  0.9318  0.0443  0.3604

PART 88
OFFSET  2.5184 -10.1267 -16.6732
X  0.0962 -0.9856 -0.1391
Y  0.3089  0.1624 -0.9371
Z  0.9462  0.0472  0.3201

PART 89
OFFSET  2.3779 -8.6871 -16.4700
X  0.2516 -0.7305 -0.6349
Y  0.1588  0.6783 -0.7175
Z  0.9547  0.0797  0.2867

PART 90
OFFSET  2.0862 -7.8599 -15.7535
X -0.3554  0.1218  0.9267
Y  0.0309  0.9925 -0.1186
Z -0.9342 -0.0136 -0.3565

PART 91
OFFSET -2.2806 -8.0572 -12.7997
X -0.9428 -0.0466 -0.3301
Y  0.0066  0.9874 -0.1582
Z  0.3333 -0.1513 -0.9306

PART 92
OFFSET -2.2496 -8.4765 -11.6777
X -0.9428 -0.0466 -0.3301
Y  0.0066  0.9874 -0.1582
Z  0.3333 -0.1513 -0.9306

PART 93
OFFSET -2.0944 -9.8120 -11.6158
X -0.9428 -0.0466 -0.3301
Y  0.0066  0.9874 -0.1582
Z  0.3333 -0.1513 -0.9306

PART 94
OFFSET  0.0000 -0.0000 -0.0000
X  1.0000 -0.0000  0.0000
Y  0.0000  1.0000  0.0000
Z  0.0000 -0.0000  1.0000

PART 95
OFFSET -0.0000 -0.0000 -0.0000
X  1.0000 -0.0006 -0.0046
Y  0.0006  1.0000  0.0007
Z  0.0046 -0.0007  1.0000

PART 96
OFFSET  1.5596 -0.0037  4.1286
X  1.0000 -0.0006 -0.0046
Y  0.0006  1.0000  0.0007
Z  0.0046 -0.0007  1.0000


FRAME 1154
PART 0
OFFSET  0.0000 -0.0000 -0.0000
X  1.0000 -0.0000  0.0000
Y  0.0000  1.0000  0.0000
Z  0.0000 -0.0000  1.0000

PART 1
OFFSET -7.6810 -0.0000 -1.3770
X  1.0000  0.0000  0.0000
Y -0.0000  1.0000  0.0000
Z  0.0000 -0.0000  1.0000

PART 2
OFFSET -1.6489  5.2787 -11.8258
X  0.8438 -0.4369 -0.3118
Y -0.3326  0.0302 -0.9426
Z  0.4212  0.8990 -0.1198

PART 3
OFFSET  8.5556 -0.0046 -15.5963
X -0.1246 -0.8717 -0.4739
Y -0.9896  0.0748  0.1226
Z -0.0715  0.4843 -0.8720

PART 4
OFFSET  7.4959 -7.4189 -19.6272
X -0.1246 -0.8717 -0.4739
Y  0.6706 -0.4260  0.6073
Z -0.7313 -0.2422  0.6377

PART 5
OFFSET  8.1073 -9.5854 -18.7497
X -0.1185 -0.8735 -0.4723
Y  0.0852 -0.4828  0.8716
Z -0.9893  0.0631  0.1316

PART 6
OFFSET  8.5594 -8.0430 -20.8987
X -0.1185 -0.8735 -0.4723
Y  0.0852 -0.4828  0.8716
Z -0.9893  0.0631  0.1316

PART 7
OFFSET  6.0094 -9.7166 -19.0594
X -0.1185 -0.8735 -0.4723
Y  0.0852 -0.4828  0.8716
Z -0.9893  0.0631  0.1316

PART 8
OFFSET  5.8540 -8.8180 -20.4641
X -0.1185 -0.8735 -0.4723
Y  0.0852 -0.4828  0.8716
Z -0.9893  0.0631  0.1316

PART 9
OFFSET  5.9566 -7.7284 -21.6884
X -0.1185 -0.8735 -0.4723
Y  0.0852 -0.4828  0.8716
Z -0.9893  0.0631  0.1316

PART 10
OFFSET  7.1140 -10.0912 -21.0800
X  0.5531 -0.8300  0.0722
Y  0.3898  0.3344  0.8580
Z -0.7363 -0.4464  0.5085

PART 11
OFFSET  7.4366 -10.3252 -20.0107
X  0.1715 -0.6924  0.7008
Y  0.5713  0.6494  0.5018
Z -0.8026  0.3143  0.5070

PART 12
OFFSET  7.8191 -11.7371 -18.4202
X  0.0066 -0.9984 -0.0555
Y  0.4149 -0.0478  0.9086
Z -0.9099 -0.0290  0.4139

PART 13
OFFSET  7.7031 -13.3493 -18.5176
X -0.5512 -0.4119 -0.7257
Y  0.0820 -0.8922  0.4441
Z -0.8303  0.1853  0.5255

PART 14
OFFSET  7.0705 -13.8014 -19.2708
X  0.1434 -0.6069 -0.7817
Y  0.9245  0.3641 -0.1131
Z  0.3533 -0.7065  0.6133

PART 15
OFFSET  7.0158 -11.2419 -21.8349
X  0.2468 -0.9165 -0.3147
Y -0.7850 -0.3795  0.4896
Z -0.5682  0.1262 -0.8132

PART 16
OFFSET  7.5568 -13.3661 -22.3635
X -0.4035 -0.6444  0.6496
Y -0.5385  0.7412  0.4008
Z -0.7398 -0.1881 -0.6460

PART 17
OFFSET  6.9856 -14.2784 -21.4437
X -0.6621  0.3799  0.6460
Y  0.0844  0.8943 -0.4394
Z -0.7447 -0.2364 -0.6242

PART 18
OFFSET  6.3986 -13.9416 -20.8710
X -0.3909  0.9009  0.1885
Y  0.5588  0.3951 -0.7292
Z -0.7314 -0.1797 -0.6579

PART 19
OFFSET  6.0272 -13.0857 -20.6919
X  0.0540 -0.9111  0.4087
Y  0.5810 -0.3042 -0.7549
Z  0.8121  0.2782  0.5129

PART 20
OFFSET  7.4993 -11.1399 -21.3198
X  0.4022 -0.8953 -0.1917
Y -0.7639 -0.4435  0.4688
Z -0.5047 -0.0421 -0.8623

PART 21
