// Export filename: `C:\projects\cod\t5\xanim_export\t5_viewmodels\m60\m60_grip_putaway.XANIM_EXPORT`
// Source filename: `D:\projects\devanim\t5\animation_assets\rigs\viewmodels\t5_weapon\ViewModel_M60_Rig.fbx`
// Export time: Mon Jul 12 20:36:22 2010

ANIMATION
VERSION 3

NUMPARTS 97
PART 0 "tag_ads"
PART 1 "tag_torso"
PART 2 "J_Shoulder_LE"
PART 3 "J_Elbow_LE"
PART 4 "J_WristTwist_LE"
PART 5 "J_Sleave_Reshape_Bottom_LE_1"
PART 6 "J_Sleave_Reshape_Bottom_LE_2"
PART 7 "J_Sleave_Reshape_Top_LE_1"
PART 8 "J_Sleave_Reshape_Top_LE_2"
PART 9 "J_Sleave_Reshape_Top_LE_3"
PART 10 "J_Wrist_LE"
PART 11 "J_Thumb_LE_0"
PART 12 "J_Thumb_LE_1"
PART 13 "J_Thumb_LE_2"
PART 14 "J_Thumb_LE_3"
PART 15 "J_PinkyPalm_LE"
PART 16 "J_Pinky_LE_0"
PART 17 "J_Pinky_LE_1"
PART 18 "J_Pinky_LE_2"
PART 19 "J_Pinky_LE_3"
PART 20 "J_RingPalm_LE"
PART 21 "J_Ring_LE_0"
PART 22 "J_Ring_LE_1"
PART 23 "J_Ring_LE_2"
PART 24 "J_Ring_LE_3"
PART 25 "J_Webbing_LE"
PART 26 "J_Index_LE_0"
PART 27 "J_Index_LE_1"
PART 28 "J_Index_LE_2"
PART 29 "J_Index_LE_3"
PART 30 "J_Mid_LE_0"
PART 31 "J_Mid_LE_1"
PART 32 "J_Mid_LE_2"
PART 33 "J_Mid_LE_3"
PART 34 "tag_knife_attach"
PART 35 "D_Sleave_Reshape_Bottom_LE_1"
PART 36 "D_Sleave_Reshape_Bottom_LE_2"
PART 37 "D_Sleave_Reshape_Top_LE_1"
PART 38 "D_Sleave_Reshape_Top_LE_2"
PART 39 "D_Sleave_Reshape_Top_LE_3"
PART 40 "tag_weapon"
PART 41 "J_Gun"
PART 42 "J_Bolt"
PART 43 "J_Handle"
PART 44 "J_Reload_Cover"
PART 45 "TAG_IRON_SIGHTS"
PART 46 "TAG_CLIP"
PART 47 "J_Bullets0"
PART 48 "J_Bullets1"
PART 49 "J_Bullets2"
PART 50 "J_Bullets3"
PART 51 "J_Bullets4"
PART 52 "J_Bullets5"
PART 53 "J_Bullets6"
PART 54 "J_Bullets7"
PART 55 "J_Bullets8"
PART 56 "J_Bullets9"
PART 57 "J_Bullets10"
PART 58 "J_Bullets11"
PART 59 "J_Pod_Left"
PART 60 "J_Pod_Right"
PART 61 "J_Shoulder_RI"
PART 62 "J_Elbow_RI"
PART 63 "J_WristTwist_RI"
PART 64 "J_Sleave_Reshape_Top_RI_3"
PART 65 "J_Sleave_Reshape_Top_RI_2"
PART 66 "J_Sleave_Reshape_Top_RI_1"
PART 67 "J_Wrist_RI"
PART 68 "J_Thumb_RI_0"
PART 69 "J_Thumb_RI_1"
PART 70 "J_Thumb_RI_2"
PART 71 "J_Thumb_RI_3"
PART 72 "J_PinkyPalm_RI"
PART 73 "J_Pinky_RI_0"
PART 74 "J_Pinky_RI_1"
PART 75 "J_Pinky_RI_2"
PART 76 "J_Pinky_RI_3"
PART 77 "J_RingPalm_RI"
PART 78 "J_Ring_RI_0"
PART 79 "J_Ring_RI_1"
PART 80 "J_Ring_RI_2"
PART 81 "J_Ring_RI_3"
PART 82 "J_Webbing_RI"
PART 83 "J_Index_RI_0"
PART 84 "J_Index_RI_1"
PART 85 "J_Index_RI_2"
PART 86 "J_Index_RI_3"
PART 87 "J_Mid_RI_0"
PART 88 "J_Mid_RI_1"
PART 89 "J_Mid_RI_2"
PART 90 "J_Mid_RI_3"
PART 91 "D_Sleave_Reshape_Top_RI_3"
PART 92 "D_Sleave_Reshape_Top_RI_2"
PART 93 "D_Sleave_Reshape_Top_RI_1"
PART 94 "tag_cambone"
PART 95 "tag_camera"
PART 96 "tag_gasmask"

FRAMERATE 30
NUMFRAMES 19

FRAME 1100
PART 0
OFFSET  0.0000 -0.0000 -0.0000
X  1.0000 -0.0000  0.0000
Y  0.0000  1.0000  0.0000
Z  0.0000 -0.0000  1.0000

PART 1
OFFSET -7.6810 -0.0000 -1.3770
X  1.0000  0.0000  0.0000
Y -0.0000  1.0000  0.0000
Z  0.0000 -0.0000  1.0000

PART 2
OFFSET -1.6489  5.2787 -5.1189
X  0.8326  0.1908 -0.5200
Y -0.0940 -0.8766 -0.4720
Z -0.5459  0.4419 -0.7119

PART 3
OFFSET  8.4200  7.5861 -11.4083
X  0.6822 -0.7110  0.1705
Y -0.6369 -0.4633  0.6161
Z -0.3591 -0.5289 -0.7690

PART 4
OFFSET  14.2220  1.5383 -9.9582
X  0.6822 -0.7110  0.1705
Y -0.3604 -0.1241  0.9245
Z -0.6362 -0.6921 -0.3409

PART 5
OFFSET  16.2620  1.8335 -8.6977
X  0.6869 -0.7069  0.1689
Y  0.3649  0.5365  0.7610
Z -0.6285 -0.4611  0.6264

PART 6
OFFSET  15.4509  1.0123 -11.1206
X  0.6869 -0.7069  0.1689
Y  0.3649  0.5365  0.7610
Z -0.6285 -0.4611  0.6264

PART 7
OFFSET  15.1985  0.3337 -7.6329
X  0.6869 -0.7069  0.1689
Y  0.3649  0.5365  0.7610
Z -0.6285 -0.4611  0.6264

PART 8
OFFSET  14.5003 -0.5028 -8.9048
X  0.6869 -0.7069  0.1689
Y  0.3649  0.5365  0.7610
Z -0.6285 -0.4611  0.6264

PART 9
OFFSET  13.7776 -0.9921 -10.2957
X  0.6869 -0.7069  0.1689
Y  0.3649  0.5365  0.7610
Z -0.6285 -0.4611  0.6264

PART 10
OFFSET  16.3133 -0.6415 -9.4356
X  0.6763 -0.6374  0.3692
Y -0.4713  0.0108  0.8819
Z -0.5662 -0.7704 -0.2931

PART 11
OFFSET  15.9303 -1.2342 -8.5388
X -0.0239 -0.8698  0.4929
Y -0.2788  0.4793  0.8322
Z -0.9601 -0.1175 -0.2539

PART 12
OFFSET  15.7974 -3.0698 -7.4062
X  0.5050 -0.8502 -0.1486
Y -0.3108 -0.3398  0.8877
Z -0.8052 -0.4021 -0.4358

PART 13
OFFSET  16.5411 -4.4671 -7.7479
X  0.3248 -0.1713 -0.9301
Y  0.1795 -0.9544  0.2385
Z -0.9286 -0.2444 -0.2792

PART 14
OFFSET  16.8528 -4.6798 -8.7625
X  0.8732 -0.1661 -0.4581
Y  0.4641  0.5702  0.6779
Z  0.1486 -0.8045  0.5750

PART 15
OFFSET  17.2758 -1.3482 -10.1267
X  0.7796 -0.6145 -0.1205
Y -0.6147 -0.7144 -0.3343
Z  0.1194  0.3347 -0.9347

PART 16
OFFSET  18.9347 -2.8653 -10.3023
X -0.3626 -0.9316  0.0270
Y -0.9304  0.3601 -0.0685
Z  0.0541 -0.0500 -0.9973

PART 17
OFFSET  18.4215 -4.1842 -10.2641
X -0.9948 -0.0888 -0.0504
Y -0.0830  0.9907 -0.1077
Z  0.0595 -0.1030 -0.9929

PART 18
OFFSET  17.5395 -4.2629 -10.3088
X -0.7783  0.6239 -0.0715
Y  0.6248  0.7807  0.0112
Z  0.0629 -0.0360 -0.9974

PART 19
OFFSET  16.8001 -3.6702 -10.3768
X  0.1940 -0.9621  0.1919
Y  0.9804  0.1834 -0.0715
Z  0.0336  0.2020  0.9788

PART 20
OFFSET  17.1904 -1.3736 -9.4185
X  0.7849 -0.6146  0.0787
Y -0.5587 -0.7569 -0.3390
Z  0.2679  0.2221 -0.9375

PART 21
OFFSET  19.2388 -2.9689 -9.2850
X -0.5386 -0.8399 -0.0663
Y -0.8396  0.5416 -0.0412
Z  0.0705  0.0335 -0.9970

PART 22
OFFSET  18.3218 -4.3989 -9.3979
X -0.9889  0.1355 -0.0614
Y  0.1350  0.9908  0.0125
Z  0.0625  0.0041 -0.9980

PART 23
OFFSET  16.9513 -4.2111 -9.4829
X -0.1378  0.9904 -0.0048
Y  0.9881  0.1378  0.0690
Z  0.0690  0.0048 -0.9976

PART 24
OFFSET  16.8018 -3.1369 -9.4881
X -0.4481 -0.8900 -0.0846
Y  0.8846 -0.4551  0.1021
Z -0.1293 -0.0291  0.9912

PART 25
OFFSET  17.3464 -3.0024 -7.0543
X  0.5700 -0.8161  0.0953
Y  0.7194  0.5518  0.4220
Z -0.3969 -0.1720  0.9016

PART 26
OFFSET  18.8035 -2.8309 -7.2230
X -0.3411 -0.9188 -0.1989
Y -0.9387  0.3442  0.0199
Z  0.0501  0.1935 -0.9798

PART 27
OFFSET  18.2030 -4.4485 -7.5731
X -0.9269  0.3662 -0.0823
Y  0.3444  0.9169  0.2017
Z  0.1493  0.1586 -0.9760

PART 28
OFFSET  17.0671 -4.0130 -7.6138
X -0.1282  0.9686  0.2130
Y  0.9906  0.1148  0.0743
Z  0.0475  0.2205 -0.9742

PART 29
OFFSET  16.9223 -2.9189 -7.3732
X -0.8391 -0.3569 -0.4104
Y  0.4110 -0.9103 -0.0487
Z -0.3562 -0.2096  0.9106

PART 30
OFFSET  19.1411 -2.9128 -8.2717
X -0.6129 -0.7845 -0.0948
Y -0.7805  0.6197 -0.0820
Z  0.1231  0.0238 -0.9921

PART 31
OFFSET  17.9438 -4.4453 -8.4569
X -0.9239  0.3697 -0.0984
Y  0.3578  0.9261  0.1199
Z  0.1354  0.0756 -0.9879

PART 32
OFFSET  16.5943 -3.9053 -8.6006
X  0.0555  0.9918  0.1154
Y  0.9831 -0.0745  0.1675
Z  0.1747  0.1042 -0.9791

PART 33
OFFSET  16.6577 -2.7812 -8.4770
X -0.6816 -0.7196 -0.1329
Y  0.7276 -0.6857 -0.0193
Z -0.0772 -0.1098  0.9909

PART 34
OFFSET  17.5381 -3.5496 -9.3566
X  0.2004  0.2163 -0.9555
Y  0.5662  0.7704  0.2931
Z  0.7996 -0.5997  0.0319

PART 35
OFFSET  16.1696  1.5087 -9.6812
X  0.6869 -0.7068  0.1689
Y  0.3663  0.5375  0.7595
Z -0.6276 -0.4599  0.6281

PART 36
OFFSET  15.4513  1.0127 -11.1205
X  0.6869 -0.7068  0.1689
Y  0.3663  0.5375  0.7595
Z -0.6276 -0.4599  0.6281

PART 37
OFFSET  14.8706 -0.0995 -8.1120
X  0.6869 -0.7068  0.1689
Y  0.3663  0.5375  0.7595
Z -0.6276 -0.4599  0.6281

PART 38
OFFSET  14.1895 -0.8294 -9.0147
X  0.6869 -0.7068  0.1689
Y  0.3663  0.5375  0.7595
Z -0.6276 -0.4599  0.6281

PART 39
OFFSET  14.3209 -0.4324 -10.1376
X  0.6869 -0.7068  0.1689
Y  0.3663  0.5375  0.7595
Z -0.6276 -0.4599  0.6281

PART 40
OFFSET  9.9030 -3.4097 -6.3868
X  1.0000  0.0000  0.0000
Y -0.0000  1.0000  0.0000
Z  0.0000 -0.0000  1.0000

PART 41
OFFSET  9.9030 -3.4097 -6.3868
X  1.0000  0.0000  0.0000
Y -0.0000  1.0000  0.0000
Z  0.0000 -0.0000  1.0000

PART 42
OFFSET  12.4064 -4.1473 -4.7608
X  1.0000  0.0000  0.0000
Y -0.0000  1.0000  0.0000
Z  0.0000 -0.0000  1.0000

PART 43
OFFSET  16.9983 -3.3885 -3.2281
X  1.0000 -0.0000 -0.0000
Y  0.0000  0.9053 -0.4247
Z  0.0000  0.4247  0.9053

PART 44
OFFSET  12.0465 -3.4097 -2.5324
X  1.0000 -0.0000  0.0000
Y -0.0000  1.0000  0.0000
Z -0.0000 -0.0000  1.0000

PART 45
OFFSET  7.7652 -3.4097 -1.5652
X  1.0000 -0.0000  0.0000
Y -0.0000  1.0000  0.0000
Z -0.0000 -0.0000  1.0000

PART 46
OFFSET  10.2681  1.2515 -5.8968
X  1.0000  0.0000  0.0000
Y -0.0000  1.0000  0.0000
Z -0.0000 -0.0000  1.0000

PART 47
OFFSET  9.9030 -3.4500 -3.4118
X  0.0000  0.9879  0.1554
Y -1.0000  0.0000  0.0000
Z  0.0000 -0.1554  0.9879

PART 48
OFFSET  9.9030 -2.9895 -3.3393
X -0.0001  0.9875  0.1574
Y -1.0000 -0.0001  0.0000
Z  0.0000 -0.1574  0.9875

PART 49
OFFSET  9.9029 -2.5291 -3.2659
X -0.0001  0.9897  0.1429
Y -1.0000 -0.0001 -0.0000
Z -0.0000 -0.1429  0.9897

PART 50
OFFSET  9.9029 -2.0677 -3.1993
X -0.0000  0.9960  0.0898
Y -1.0000 -0.0000  0.0000
Z  0.0000 -0.0898  0.9960

PART 51
OFFSET  9.9029 -1.6034 -3.1574
X -0.0001  0.9990 -0.0439
Y -1.0000 -0.0001 -0.0003
Z -0.0003  0.0439  0.9990

PART 52
OFFSET  9.9028 -1.1377 -3.1778
X -0.0002  0.9033 -0.4290
Y -1.0000 -0.0003 -0.0003
Z -0.0004  0.4290  0.9033

PART 53
OFFSET  9.9027 -0.7568 -3.3587
X  0.0002  0.4541 -0.8909
Y -1.0000 -0.0004 -0.0004
Z -0.0005  0.8909  0.4541

PART 54
OFFSET  9.9028 -0.5441 -3.7762
X  0.0003  0.0982 -0.9952
Y -1.0000 -0.0004 -0.0004
Z -0.0004  0.9952  0.0982

PART 55
OFFSET  9.9030 -0.4982 -4.2401
X  0.0005 -0.0088 -1.0000
Y -1.0000 -0.0004 -0.0005
Z -0.0003  1.0000 -0.0088

PART 56
OFFSET  9.9031 -0.5023 -4.7063
X  0.0003 -0.0091 -1.0000
Y -1.0000 -0.0004 -0.0003
Z -0.0003  1.0000 -0.0091

PART 57
OFFSET  9.9032 -0.5067 -5.1724
X  0.0003 -0.0091 -1.0000
Y -1.0000 -0.0002 -0.0003
Z -0.0002  1.0000 -0.0091

PART 58
OFFSET  9.9034 -0.5109 -5.6386
X  0.0003 -0.0091 -1.0000
Y -1.0000 -0.0003 -0.0003
Z -0.0003  1.0000 -0.0091

PART 59
OFFSET  25.9325 -2.0945 -4.8678
X -0.0000  0.4115 -0.9114
Y  0.0698  0.9092  0.4105
Z  0.9976 -0.0636 -0.0287

PART 60
OFFSET  25.9325 -4.7244 -4.8678
X  0.0000  0.4115  0.9114
Y -0.0698  0.9092 -0.4105
Z -0.9976 -0.0636  0.0287

PART 61
OFFSET -6.5551 -7.9373 -5.6959
X -0.4471  0.1582  0.8804
Y -0.1653 -0.9819  0.0925
Z  0.8791 -0.1041  0.4651

PART 62
OFFSET -1.1481 -9.8501 -16.3434
X -0.5546 -0.4384 -0.7072
Y  0.7738  0.0407 -0.6321
Z  0.3059 -0.8979  0.3167

PART 63
OFFSET  3.5692 -6.1212 -10.3280
X -0.5546 -0.4384 -0.7072
Y  0.8156 -0.1180 -0.5664
Z  0.1649 -0.8910  0.4230

PART 64
OFFSET  3.4494 -4.5044 -9.2025
X -0.5602 -0.4360 -0.7044
Y -0.3175  0.8984 -0.3035
Z  0.7651  0.0537 -0.6417

PART 65
OFFSET  3.1091 -4.9295 -8.1291
X -0.5602 -0.4360 -0.7044
Y -0.3175  0.8984 -0.3035
Z  0.7651  0.0537 -0.6417

PART 66
OFFSET  3.7068 -6.0467 -7.7650
X -0.5602 -0.4360 -0.7044
Y -0.3175  0.8984 -0.3035
Z  0.7651  0.0537 -0.6417

PART 67
OFFSET  5.2695 -4.7772 -8.1598
X -0.9700 -0.0169 -0.2425
Y  0.2429 -0.1079 -0.9640
Z -0.0099 -0.9940  0.1088

PART 68
OFFSET  5.4755 -4.2573 -7.1651
X -0.6095 -0.6748 -0.4161
Y  0.5217  0.0537 -0.8514
Z  0.5969 -0.7360  0.3193

PART 69
OFFSET  6.7055 -2.7655 -6.2001
X -0.9250 -0.3189  0.2065
Y -0.0166 -0.5091 -0.8606
Z  0.3795 -0.7995  0.4656

PART 70
OFFSET  8.1553 -2.1915 -6.6369
X -0.5188  0.0856  0.8506
Y -0.6977 -0.6173 -0.3634
Z  0.4940 -0.7820  0.3801

PART 71
OFFSET  8.7057 -2.2379 -7.5679
X -0.8441  0.4383  0.3088
Y  0.1332  0.7293 -0.6711
Z -0.5194 -0.5253 -0.6740

PART 72
OFFSET  6.3524 -4.6776 -9.0089
X -0.9569 -0.0138  0.2901
Y  0.0583 -0.9876  0.1454
Z  0.2845  0.1561  0.9459

PART 73
OFFSET  8.5367 -4.5028 -9.5408
X -0.7479 -0.6525 -0.1219
Y  0.6465 -0.6743 -0.3569
Z  0.1507 -0.3457  0.9262

PART 74
OFFSET  9.5955 -3.5790 -9.3682
X  0.3091 -0.8747 -0.3734
Y  0.9461  0.3228  0.0269
Z  0.0970 -0.3616  0.9273

PART 75
OFFSET  9.3215 -2.8034 -9.0371
X  0.8414 -0.4484 -0.3016
Y  0.5171  0.8302  0.2084
Z  0.1570 -0.3313  0.9304

PART 76
OFFSET  8.5221 -2.3774 -8.7506
X -0.9909 -0.1303 -0.0346
Y -0.1312  0.8734  0.4690
Z -0.0308  0.4692 -0.8825

PART 77
OFFSET  6.4029 -4.7410 -8.2996
X -0.9989  0.0087  0.0456
Y -0.0014 -0.9873  0.1589
Z  0.0464  0.1587  0.9862

PART 78
OFFSET  8.9886 -4.8090 -8.5610
X -0.6567 -0.7450  0.1171
Y  0.6585 -0.6421 -0.3925
Z  0.3676 -0.1807  0.9123

PART 79
OFFSET  10.1066 -3.5406 -8.7604
X  0.4736 -0.8085 -0.3493
Y  0.8106  0.5552 -0.1862
Z  0.3445 -0.1950  0.9183

PART 80
OFFSET  9.4503 -2.4201 -8.2762
X  0.8654 -0.3267 -0.3800
Y  0.3765  0.9243  0.0628
Z  0.3307 -0.1974  0.9229

PART 81
OFFSET  8.5118 -2.0657 -7.8641
X -0.9078 -0.2700  0.3209
Y -0.2021  0.9521  0.2295
Z -0.3675  0.1435 -0.9189

PART 82
OFFSET  1.0217 -5.2891 -8.2956
X -0.9624 -0.2714 -0.0115
Y -0.2629  0.9412 -0.2122
Z  0.0684 -0.2012 -0.9772

PART 83
OFFSET  8.8623 -4.9994 -6.4474
X -0.9855 -0.1680  0.0218
Y  0.1692 -0.9707  0.1707
Z -0.0075  0.1720  0.9851

PART 84
OFFSET  10.5975 -4.7036 -6.4857
X -0.3389 -0.9197  0.1980
Y  0.9408 -0.3290  0.0820
Z -0.0103  0.2141  0.9768

PART 85
OFFSET  11.0089 -3.5725 -6.6672
X -0.1485 -0.9791  0.1390
Y  0.9888 -0.1449  0.0357
Z -0.0148  0.1427  0.9896

PART 86
OFFSET  11.1766 -2.4666 -6.8241
X -0.8484  0.4897  0.2009
Y  0.4380  0.8626 -0.2530
Z -0.2972 -0.1267 -0.9464

PART 87
OFFSET  9.0241 -4.9400 -7.5386
X -0.5423 -0.8280  0.1427
Y  0.8153 -0.5596 -0.1487
Z  0.2029  0.0357  0.9785

PART 88
OFFSET  10.0835 -3.3224 -7.8173
X  0.6056 -0.7893 -0.1010
Y  0.7593  0.6112 -0.2234
Z  0.2380  0.0586  0.9695

PART 89
OFFSET  9.1989 -2.1695 -7.6698
X  0.9250 -0.3185 -0.2075
Y  0.2850  0.9423 -0.1758
Z  0.2515  0.1035  0.9623

PART 90
OFFSET  8.1497 -1.8089 -7.4417
X -0.9073 -0.3643  0.2099
Y -0.3575  0.9312  0.0707
Z -0.2212 -0.0108 -0.9752

PART 91
OFFSET  3.4443 -4.4931 -9.2059
X -0.5601 -0.4362 -0.7043
Y -0.3154  0.8984 -0.3055
Z  0.7660  0.0511 -0.6408

PART 92
OFFSET  3.1003 -4.9082 -8.1358
X -0.5601 -0.4362 -0.7043
Y -0.3154  0.8984 -0.3055
Z  0.7660  0.0511 -0.6408

PART 93
OFFSET  3.7279 -6.0452 -7.7823
X -0.5601 -0.4362 -0.7043
Y -0.3154  0.8984 -0.3055
Z  0.7660  0.0511 -0.6408

PART 94
OFFSET  0.0000 -0.0000 -0.0000
X  1.0000 -0.0000  0.0000
Y  0.0000  1.0000  0.0000
Z  0.0000 -0.0000  1.0000

PART 95
OFFSET  0.0000 -0.0000 -0.0000
X  1.0000 -0.0000  0.0000
Y  0.0000  1.0000  0.0000
Z  0.0000 -0.0000  1.0000

PART 96
OFFSET  1.5404 -0.0000  4.1357
X  1.0000 -0.0000  0.0000
Y  0.0000  1.0000  0.0000
Z  0.0000 -0.0000  1.0000


FRAME 1101
PART 0
OFFSET  0.0000 -0.0000 -0.0000
X  1.0000 -0.0000  0.0000
Y  0.0000  1.0000  0.0000
Z  0.0000 -0.0000  1.0000

PART 1
OFFSET -7.6810 -0.0000 -1.3770
X  1.0000  0.0000  0.0000
Y -0.0000  1.0000  0.0000
Z  0.0000 -0.0000  1.0000

PART 2
OFFSET -1.6489  5.2787 -5.2211
X  0.8396  0.1632 -0.5181
Y -0.1011 -0.8901 -0.4444
Z -0.5337  0.4255 -0.7309

PART 3
OFFSET  8.5055  7.2527 -11.4863
X  0.6867 -0.7031  0.1846
Y -0.6321 -0.4521  0.6294
Z -0.3590 -0.5489 -0.7548

PART 4
OFFSET  14.3463  1.2726 -9.9158
X  0.6867 -0.7031  0.1846
Y -0.3604 -0.1086  0.9265
Z -0.6313 -0.7028 -0.3280

PART 5
OFFSET  16.3892  1.6087 -8.6704
X  0.6914 -0.6989  0.1830
Y  0.3648  0.5563  0.7466
Z -0.6236 -0.4495  0.6396

PART 6
OFFSET  15.5737  0.7259 -11.0702
X  0.6914 -0.6989  0.1830
Y  0.3648  0.5563  0.7466
Z -0.6236 -0.4495  0.6396

PART 7
OFFSET  15.3380  0.1288 -7.5664
X  0.6914 -0.6989  0.1830
Y  0.3648  0.5563  0.7466
Z -0.6236 -0.4495  0.6396

PART 8
OFFSET  14.6397 -0.7414 -8.8154
X  0.6914 -0.6989  0.1830
Y  0.3648  0.5563  0.7466
Z -0.6236 -0.4495  0.6396

PART 9
OFFSET  13.9146 -1.2674 -10.1916
X  0.6914 -0.6989  0.1830
Y  0.3648  0.5563  0.7466
Z -0.6236 -0.4495  0.6396

PART 10
OFFSET  16.4515 -0.8828 -9.3498
X  0.6671 -0.6459  0.3713
Y -0.4677  0.0249  0.8836
Z -0.5799 -0.7630 -0.2855

PART 11
OFFSET  16.0621 -1.4626 -8.4473
X -0.0364 -0.8657  0.4992
Y -0.2676  0.4898  0.8298
Z -0.9628 -0.1034 -0.2495

PART 12
OFFSET  15.9032 -3.2876 -7.3010
X  0.4903 -0.8595 -0.1444
Y -0.3130 -0.3282  0.8912
Z -0.8134 -0.3918 -0.4300

PART 13
OFFSET  16.6224 -4.6994 -7.6354
X  0.3184 -0.1833 -0.9301
Y  0.1646 -0.9555  0.2447
Z -0.9336 -0.2310 -0.2740

PART 14
OFFSET  16.9267 -4.9245 -8.6496
X  0.8686 -0.1838 -0.4601
Y  0.4760  0.5673  0.6720
Z  0.1375 -0.8027  0.5803

PART 15
OFFSET  17.3995 -1.6102 -10.0394
X  0.7689 -0.6282 -0.1189
Y -0.6277 -0.7065 -0.3269
Z  0.1213  0.3260 -0.9376

PART 16
OFFSET  19.0325 -3.1558 -10.2101
X -0.3778 -0.9252  0.0351
Y -0.9246  0.3750 -0.0677
Z  0.0495 -0.0580 -0.9971

PART 17
OFFSET  18.4976 -4.4657 -10.1605
X -0.9963 -0.0727 -0.0461
Y -0.0670  0.9912 -0.1146
Z  0.0540 -0.1110 -0.9923

PART 18
OFFSET  17.6142 -4.5301 -10.2014
X -0.7681  0.6361 -0.0732
Y  0.6376  0.7703  0.0033
Z  0.0585 -0.0441 -0.9973

PART 19
OFFSET  16.8845 -3.9258 -10.2709
X  0.1788 -0.9637  0.1981
Y  0.9831  0.1666 -0.0765
Z  0.0407  0.2084  0.9772

PART 20
OFFSET  17.3164 -1.6292 -9.3307
X  0.7749 -0.6269  0.0802
Y -0.5724 -0.7500 -0.3315
Z  0.2680  0.2110 -0.9400

PART 21
OFFSET  19.3386 -3.2572 -9.1932
X -0.5527 -0.8314 -0.0583
Y -0.8307  0.5552 -0.0420
Z  0.0672  0.0252 -0.9974

PART 22
OFFSET  18.3976 -4.6725 -9.2924
X -0.9867  0.1515 -0.0587
Y  0.1514  0.9885  0.0049
Z  0.0588 -0.0041 -0.9983

PART 23
OFFSET  17.0301 -4.4626 -9.3737
X -0.1214  0.9925 -0.0114
Y  0.9905  0.1219  0.0643
Z  0.0652 -0.0035 -0.9979

PART 24
OFFSET  16.8984 -3.3862 -9.3861
X -0.4631 -0.8830 -0.0765
Y  0.8773 -0.4689  0.1021
Z -0.1260 -0.0198  0.9918

PART 25
OFFSET  17.4545 -3.2434 -6.9554
X  0.5568 -0.8247  0.0991
Y  0.7300  0.5428  0.4153
Z -0.3963 -0.1589  0.9043

PART 26
OFFSET  18.9135 -3.0972 -7.1306
X -0.3570 -0.9144 -0.1910
Y -0.9328  0.3598  0.0209
Z  0.0496  0.1856 -0.9814

PART 27
OFFSET  18.2850 -4.7071 -7.4669
X -0.9210  0.3809 -0.0815
Y  0.3602  0.9125  0.1938
Z  0.1482  0.1491 -0.9776

PART 28
OFFSET  17.1563 -4.2531 -7.5065
X -0.1114  0.9721  0.2065
Y  0.9926  0.0989  0.0698
Z  0.0475  0.2127 -0.9760

PART 29
OFFSET  17.0305 -3.1551 -7.2733
X -0.8465 -0.3459 -0.4048
Y  0.3957 -0.9173 -0.0437
Z -0.3562 -0.1972  0.9134

PART 30
OFFSET  19.2457 -3.1922 -8.1800
X -0.6261 -0.7749 -0.0869
Y -0.7705  0.6320 -0.0836
Z  0.1197  0.0146 -0.9927

PART 31
OFFSET  18.0225 -4.7060 -8.3497
X -0.9180  0.3843 -0.0977
Y  0.3735  0.9208  0.1119
Z  0.1329  0.0662 -0.9889

PART 32
OFFSET  16.6816 -4.1447 -8.4924
X  0.0723  0.9915  0.1080
Y  0.9823 -0.0895  0.1644
Z  0.1727  0.0942 -0.9805

PART 33
OFFSET  16.7640 -3.0210 -8.3771
X -0.6939 -0.7091 -0.1252
Y  0.7161 -0.6978 -0.0170
Z -0.0753 -0.1014  0.9920

PART 34
OFFSET  17.6283 -3.8101 -9.2544
X  0.2003  0.2061 -0.9578
Y  0.5799  0.7630  0.2855
Z  0.7897 -0.6126  0.0333

PART 35
OFFSET  16.2950  1.2602 -9.6457
X  0.6915 -0.6989  0.1830
Y  0.3661  0.5573  0.7452
Z -0.6228 -0.4483  0.6412

PART 36
OFFSET  15.5741  0.7263 -11.0701
X  0.6915 -0.6989  0.1830
Y  0.3661  0.5573  0.7452
Z -0.6228 -0.4483  0.6412

PART 37
OFFSET  15.0107 -0.3174 -8.0339
X  0.6915 -0.6989  0.1830
Y  0.3661  0.5573  0.7452
Z -0.6228 -0.4483  0.6412

PART 38
OFFSET  14.3303 -1.0722 -8.9164
X  0.6915 -0.6989  0.1830
Y  0.3661  0.5573  0.7452
Z -0.6228 -0.4483  0.6412

PART 39
OFFSET  14.4553 -0.7012 -10.0489
X  0.6915 -0.6989  0.1830
Y  0.3661  0.5573  0.7452
Z -0.6228 -0.4483  0.6412

PART 40
OFFSET  10.0079 -3.5225 -6.2575
X  0.9999 -0.0166 -0.0037
Y  0.0165  0.9998 -0.0072
Z  0.0038  0.0072  1.0000

PART 41
OFFSET  10.0079 -3.5225 -6.2575
X  0.9999 -0.0166 -0.0037
Y  0.0165  0.9998 -0.0072
Z  0.0038  0.0072  1.0000

PART 42
OFFSET  12.5050 -4.2898 -4.6354
X  0.9999 -0.0166 -0.0037
Y  0.0165  0.9998 -0.0072
Z  0.0038  0.0072  1.0000

PART 43
OFFSET  17.1146 -3.5962 -3.1252
X  0.9999 -0.0166 -0.0037
Y  0.0134  0.9022 -0.4312
Z  0.0105  0.4311  0.9023

PART 44
OFFSET  12.1658 -3.5305 -2.4111
X  0.9999 -0.0166 -0.0037
Y  0.0165  0.9998 -0.0072
Z  0.0038  0.0072  1.0000

PART 45
OFFSET  7.8889 -3.4526 -1.4281
X  0.9999 -0.0166 -0.0037
Y  0.0165  0.9998 -0.0072
Z  0.0038  0.0072  1.0000

PART 46
OFFSET  10.4519  1.1354 -5.8025
X  0.9999 -0.0166 -0.0037
Y  0.0165  0.9998 -0.0072
Z  0.0038  0.0072  1.0000

PART 47
OFFSET  10.0186 -3.5415 -3.2823
X  0.0169  0.9888  0.1483
Y -0.9999  0.0166  0.0037
Z  0.0012 -0.1483  0.9889

PART 48
OFFSET  10.0265 -3.0806 -3.2131
X  0.0168  0.9885  0.1503
Y -0.9999  0.0165  0.0037
Z  0.0012 -0.1504  0.9886

PART 49
OFFSET  10.0343 -2.6198 -3.1430
X  0.0168  0.9906  0.1358
Y -0.9999  0.0165  0.0037
Z  0.0014 -0.1358  0.9907

PART 50
OFFSET  10.0422 -2.1579 -3.0798
X  0.0168  0.9964  0.0827
Y -0.9999  0.0165  0.0037
Z  0.0023 -0.0827  0.9966

PART 51
OFFSET  10.0500 -1.6934 -3.0412
X  0.0162  0.9986 -0.0512
Y -0.9999  0.0164  0.0034
Z  0.0042  0.0511  0.9987

PART 52
OFFSET  10.0575 -1.2279 -3.0650
X  0.0131  0.9001 -0.4355
Y -0.9999  0.0162  0.0034
Z  0.0102  0.4354  0.9002

PART 53
OFFSET  10.0631 -0.8484 -3.2486
X  0.0043  0.4477 -0.8942
Y -0.9999  0.0162  0.0033
Z  0.0160  0.8940  0.4477

PART 54
OFFSET  10.0651 -0.6387 -3.6676
X -0.0018  0.0911 -0.9958
Y -0.9999  0.0162  0.0033
Z  0.0164  0.9957  0.0911

PART 55
OFFSET  10.0642 -0.5962 -4.1318
X -0.0035 -0.0159 -0.9999
Y -0.9999  0.0162  0.0032
Z  0.0162  0.9997 -0.0160

PART 56
OFFSET  10.0625 -0.6036 -4.5979
X -0.0037 -0.0163 -0.9999
Y -0.9999  0.0162  0.0034
Z  0.0162  0.9997 -0.0163

PART 57
OFFSET  10.0608 -0.6113 -5.0640
X -0.0037 -0.0163 -0.9999
Y -0.9999  0.0163  0.0034
Z  0.0163  0.9997 -0.0163

PART 58
OFFSET  10.0591 -0.6188 -5.5302
X -0.0037 -0.0162 -0.9999
Y -0.9999  0.0163  0.0034
Z  0.0162  0.9997 -0.0163

PART 59
OFFSET  26.0627 -2.4622 -4.8072
X  0.0033  0.4049 -0.9143
Y  0.0863  0.9108  0.4037
Z  0.9963 -0.0803 -0.0319

PART 60
OFFSET  26.0192 -5.0917 -4.7882
X  0.0103  0.4180  0.9084
Y -0.0563  0.9073 -0.4168
Z -0.9984 -0.0468  0.0328

PART 61
OFFSET -6.8837 -7.9373 -5.6959
X -0.4704  0.1436  0.8707
Y -0.1769 -0.9820  0.0664
Z  0.8645 -0.1228  0.4873

PART 62
OFFSET -1.1946 -9.6740 -16.2259
X -0.5652 -0.4190 -0.7106
Y  0.7728  0.0323 -0.6338
Z  0.2885 -0.9074  0.3055

PART 63
OFFSET  3.6129 -6.1103 -10.1819
X -0.5652 -0.4190 -0.7106
Y  0.8126 -0.1344 -0.5671
Z  0.1421 -0.8980  0.4164

PART 64
OFFSET  3.5288 -4.5043 -9.0377
X -0.5707 -0.4165 -0.7077
Y -0.3001  0.9080 -0.2924
Z  0.7643  0.0455 -0.6432

PART 65
OFFSET  3.1828 -4.9347 -7.9683
X -0.5707 -0.4165 -0.7077
Y -0.3001  0.9080 -0.2924
Z  0.7643  0.0455 -0.6432

PART 66
OFFSET  3.7587 -6.0679 -7.6186
X -0.5707 -0.4165 -0.7077
Y -0.3001  0.9080 -0.2924
Z  0.7643  0.0455 -0.6432

PART 67
OFFSET  5.3457 -4.8257 -8.0034
X -0.9711 -0.0026 -0.2388
Y  0.2374 -0.1188 -0.9641
Z -0.0259 -0.9929  0.1160

PART 68
OFFSET  5.5641 -4.3022 -7.0133
X -0.6222 -0.6676 -0.4089
Y  0.5193  0.0390 -0.8537
Z  0.5859 -0.7435  0.3224

PART 69
OFFSET  6.8223 -2.8241 -6.0636
X -0.9294 -0.3020  0.2122
Y -0.0283 -0.5149 -0.8568
Z  0.3680 -0.8023  0.4700

PART 70
OFFSET  8.2797 -2.2774 -6.5098
X -0.5141  0.1003  0.8518
Y -0.7092 -0.6083 -0.3564
Z  0.4824 -0.7874  0.3839

PART 71
OFFSET  8.8257 -2.3395 -7.4425
X -0.8355  0.4545  0.3088
Y  0.1427  0.7222 -0.6768
Z -0.5306 -0.5215 -0.6682

PART 72
OFFSET  6.4269 -4.7502 -8.8572
X -0.9559  0.0041  0.2937
Y  0.0425 -0.9874  0.1523
Z  0.2907  0.1581  0.9437

PART 73
OFFSET  8.6117 -4.6154 -9.3984
X -0.7590 -0.6409 -0.1144
Y  0.6339 -0.6875 -0.3544
Z  0.1485 -0.3415  0.9281

PART 74
OFFSET  9.6864 -3.7080 -9.2364
X  0.2931 -0.8823 -0.3682
Y  0.9514  0.3073  0.0211
Z  0.0945 -0.3565  0.9295

PART 75
OFFSET  9.4264 -2.9257 -8.9100
X  0.8327 -0.4644 -0.3015
Y  0.5316  0.8230  0.2004
Z  0.1551 -0.3272  0.9322

PART 76
OFFSET  8.6353 -2.4845 -8.6235
X -0.9930 -0.1141 -0.0300
Y -0.1150  0.8788  0.4631
Z -0.0265  0.4634 -0.8858

PART 77
OFFSET  6.4791 -4.8093 -8.1477
X -0.9985  0.0256  0.0492
Y -0.0171 -0.9860  0.1661
Z  0.0528  0.1650  0.9849

PART 78
OFFSET  9.0622 -4.9220 -8.4181
X -0.6685 -0.7332  0.1249
Y  0.6463 -0.6557 -0.3903
Z  0.3681 -0.1802  0.9122

PART 79
OFFSET  10.2003 -3.6738 -8.6307
X  0.4588 -0.8187 -0.3452
Y  0.8189  0.5404 -0.1932
Z  0.3447 -0.1941  0.9184

PART 80
OFFSET  9.5644 -2.5391 -8.1523
X  0.8584 -0.3437 -0.3808
Y  0.3920  0.9184  0.0547
Z  0.3309 -0.1962  0.9230

PART 81
OFFSET  8.6335 -2.1663 -7.7392
X -0.9109 -0.2526  0.3262
Y -0.1854  0.9569  0.2233
Z -0.3686  0.1430 -0.9185

PART 82
OFFSET  1.0896 -5.2681 -8.1198
X -0.9668 -0.2555 -0.0060
Y -0.2481  0.9439 -0.2180
Z  0.0613 -0.2092 -0.9759

PART 83
OFFSET  8.9409 -5.0951 -6.3027
X -0.9881 -0.1515  0.0266
Y  0.1538 -0.9721  0.1771
Z -0.0009  0.1791  0.9838

PART 84
OFFSET  10.6806 -4.8284 -6.3496
X -0.3533 -0.9126  0.2059
Y  0.9355 -0.3439  0.0809
Z -0.0030  0.2212  0.9752

PART 85
OFFSET  11.1099 -3.7056 -6.5407
X -0.1642 -0.9755  0.1466
Y  0.9864 -0.1610  0.0331
Z -0.0087  0.1500  0.9886

PART 86
OFFSET  11.2953 -2.6038 -6.7063
X -0.8394  0.5051  0.2005
Y  0.4513  0.8534 -0.2608
Z -0.3028 -0.1285 -0.9443

PART 87
OFFSET  9.0995 -5.0462 -7.3949
X -0.5554 -0.8178  0.1506
Y  0.8054 -0.5741 -0.1476
Z  0.2072  0.0393  0.9775

PART 88
OFFSET  10.1844 -3.4485 -7.6892
X  0.5921 -0.8000 -0.0975
Y  0.7685  0.5969 -0.2306
Z  0.2427  0.0616  0.9682

PART 89
OFFSET  9.3197 -2.2801 -7.5468
X  0.9188 -0.3353 -0.2086
Y  0.2999  0.9361 -0.1837
Z  0.2568  0.1062  0.9606

PART 90
OFFSET  8.2775 -1.9005 -7.3175
X -0.9125 -0.3476  0.2158
Y -0.3417  0.9375  0.0653
Z -0.2251 -0.0141 -0.9742

PART 91
OFFSET  3.5239 -4.4928 -9.0410
X -0.5706 -0.4167 -0.7076
Y -0.2980  0.9080 -0.2944
Z  0.7652  0.0429 -0.6423

PART 92
OFFSET  3.1744 -4.9131 -7.9747
X -0.5706 -0.4167 -0.7076
Y -0.2980  0.9080 -0.2944
Z  0.7652  0.0429 -0.6423

PART 93
OFFSET  3.7798 -6.0665 -7.6360
X -0.5706 -0.4167 -0.7076
Y -0.2980  0.9080 -0.2944
Z  0.7652  0.0429 -0.6423

PART 94
OFFSET  0.0000 -0.0000 -0.0000
X  1.0000 -0.0000  0.0000
Y  0.0000  1.0000  0.0000
Z  0.0000 -0.0000  1.0000

PART 95
OFFSET  0.0000 -0.0000 -0.0000
X  1.0000 -0.0000  0.0000
Y  0.0000  1.0000  0.0000
Z  0.0000 -0.0000  1.0000

PART 96
OFFSET  1.5404 -0.0000  4.1357
X  1.0000 -0.0000  0.0000
Y  0.0000  1.0000  0.0000
Z  0.0000 -0.0000  1.0000


FRAME 1102
PART 0
OFFSET  0.0000 -0.0000 -0.0000
X  1.0000 -0.0000  0.0000
Y  0.0000  1.0000  0.0000
Z  0.0000 -0.0000  1.0000

PART 1
OFFSET -7.6810 -0.0000 -1.3770
X  1.0000  0.0000  0.0000
Y -0.0000  1.0000  0.0000
Z  0.0000 -0.0000  1.0000

PART 2
OFFSET -1.6489  5.2787 -5.5071
X  0.8492  0.1059 -0.5174
Y -0.1224 -0.9135 -0.3880
Z -0.5138  0.3928 -0.7627

PART 3
OFFSET  8.6207  6.5600 -11.7646
X  0.6894 -0.6929  0.2113
Y -0.6244 -0.4205  0.6582
Z -0.3672 -0.5857 -0.7226

PART 4
OFFSET  14.4843  0.6667 -9.9674
X  0.6894 -0.6929  0.2113
Y -0.3526 -0.0662  0.9334
Z -0.6328 -0.7180 -0.2900

PART 5
OFFSET  16.5412  1.0646 -8.7638
X  0.6941 -0.6888  0.2094
Y  0.3728  0.5927  0.7139
Z -0.6158 -0.4175  0.6682

PART 6
OFFSET  15.6989  0.0639 -11.1073
X  0.6941 -0.6888  0.2094
Y  0.3728  0.5927  0.7139
Z -0.6158 -0.4175  0.6682

PART 7
OFFSET  15.5040 -0.3592 -7.5758
X  0.6941 -0.6888  0.2094
Y  0.3728  0.5927  0.7139
Z -0.6158 -0.4175  0.6682

PART 8
OFFSET  14.7921 -1.2904 -8.7722
X  0.6941 -0.6888  0.2094
Y  0.3728  0.5927  0.7139
Z -0.6158 -0.4175  0.6682

PART 9
OFFSET  14.0517 -1.8841 -10.1122
X  0.6941 -0.6888  0.2094
Y  0.3728  0.5927  0.7139
Z -0.6158 -0.4175  0.6682

PART 10
OFFSET  16.5978 -1.4575 -9.3197
X  0.6476 -0.6619  0.3775
Y -0.4524  0.0647  0.8894
Z -0.6131 -0.7468 -0.2576

PART 11
OFFSET  16.2007 -1.9995 -8.3973
X -0.0617 -0.8511  0.5213
Y -0.2356  0.5200  0.8210
Z -0.9699 -0.0722 -0.2326

PART 12
OFFSET  15.9900 -3.7882 -7.2032
X  0.4547 -0.8811 -0.1299
Y -0.3113 -0.2939  0.9037
Z -0.8345 -0.3705 -0.4079

PART 13
OFFSET  16.6492 -5.2346 -7.5126
X  0.2965 -0.2182 -0.9298
Y  0.1318 -0.9549  0.2662
Z -0.9459 -0.2014 -0.2543

PART 14
OFFSET  16.9288 -5.4961 -8.5252
X  0.8536 -0.2285 -0.4681
Y  0.5079  0.5648  0.6504
Z  0.1158 -0.7930  0.5982

PART 15
OFFSET  17.5063 -2.2377 -10.0046
X  0.7423 -0.6602 -0.1144
Y -0.6594 -0.6895 -0.2997
Z  0.1190  0.2979 -0.9471

PART 16
OFFSET  19.0760 -3.8490 -10.1605
X -0.4124 -0.9088  0.0639
Y -0.9105  0.4087 -0.0635
Z  0.0316 -0.0843 -0.9959

PART 17
OFFSET  18.4922 -5.1357 -10.0701
X -0.9989 -0.0352 -0.0296
Y -0.0308  0.9899 -0.1385
Z  0.0342 -0.1374 -0.9899

PART 18
OFFSET  17.6065 -5.1669 -10.0963
X -0.7443  0.6634 -0.0778
Y  0.6666  0.7449 -0.0255
Z  0.0411 -0.0708 -0.9966

PART 19
OFFSET  16.8994 -4.5367 -10.1703
X  0.1448 -0.9648  0.2196
Y  0.9874  0.1266 -0.0951
Z  0.0639  0.2306  0.9709

PART 20
OFFSET  17.4336 -2.2361 -9.2945
X  0.7515 -0.6543  0.0846
Y -0.6058 -0.7352 -0.3041
Z  0.2611  0.1773 -0.9489

PART 21
OFFSET  19.3939 -3.9371 -9.1460
X -0.5850 -0.8105 -0.0292
Y -0.8094  0.5857 -0.0437
Z  0.0525 -0.0019 -0.9986

PART 22
OFFSET  18.3980 -5.3171 -9.1957
X -0.9810  0.1880 -0.0479
Y  0.1892  0.9817 -0.0222
Z  0.0429 -0.0309 -0.9986

PART 23
OFFSET  17.0384 -5.0565 -9.2621
X -0.0835  0.9959 -0.0346
Y  0.9953  0.0851  0.0467
Z  0.0494 -0.0305 -0.9983

PART 24
OFFSET  16.9479 -3.9764 -9.2996
X -0.4977 -0.8661 -0.0474
Y  0.8602 -0.4999  0.1009
Z -0.1111  0.0094  0.9938

PART 25
OFFSET  17.5471 -3.7955 -6.8817
X  0.5263 -0.8429  0.1116
Y  0.7567  0.5242  0.3907
Z -0.3878 -0.1212  0.9137

PART 26
OFFSET  19.0077 -3.7103 -7.0820
X -0.3947 -0.9043 -0.1626
Y -0.9179  0.3960  0.0256
Z  0.0413  0.1594 -0.9864

PART 27
OFFSET  18.3128 -5.3024 -7.3684
X -0.9069  0.4141 -0.0775
Y  0.3979  0.9024  0.1655
Z  0.1384  0.1193 -0.9832

PART 28
OFFSET  17.2019 -4.8062 -7.4028
X -0.0708  0.9805  0.1836
Y  0.9967  0.0621  0.0527
Z  0.0403  0.1867 -0.9816

PART 29
OFFSET  17.1219 -3.6988 -7.1955
X -0.8653 -0.3227 -0.3834
Y  0.3596 -0.9327 -0.0264
Z -0.3491 -0.1607  0.9232

PART 30
OFFSET  19.3195 -3.8438 -8.1334
X -0.6566 -0.7520 -0.0582
Y -0.7469  0.6590 -0.0881
Z  0.1046 -0.0144 -0.9944

PART 31
OFFSET  18.0368 -5.3128 -8.2471
X -0.9041  0.4170 -0.0938
Y  0.4102  0.9082  0.0831
Z  0.1198  0.0367 -0.9921

PART 32
OFFSET  16.7162 -4.7038 -8.3840
X  0.1119  0.9903  0.0820
Y  0.9806 -0.1234  0.1521
Z  0.1608  0.0634 -0.9850

PART 33
OFFSET  16.8434 -3.5816 -8.2982
X -0.7224 -0.6846 -0.0971
Y  0.6885 -0.7251 -0.0100
Z -0.0636 -0.0740  0.9952

PART 34
OFFSET  17.6630 -4.4249 -9.1680
X  0.1930  0.1746 -0.9655
Y  0.6131  0.7468  0.2576
Z  0.7660 -0.6417  0.0371

PART 35
OFFSET  16.4360  0.6682 -9.7195
X  0.6941 -0.6887  0.2093
Y  0.3742  0.5936  0.7124
Z -0.6150 -0.4162  0.6698

PART 36
OFFSET  15.6993  0.0643 -11.1073
X  0.6941 -0.6887  0.2093
Y  0.3742  0.5936  0.7124
Z -0.6150 -0.4162  0.6698

PART 37
OFFSET  15.1717 -0.8281 -8.0169
X  0.6941 -0.6887  0.2093
Y  0.3742  0.5936  0.7124
Z -0.6150 -0.4162  0.6698

PART 38
OFFSET  14.4819 -1.6258 -8.8531
X  0.6941 -0.6887  0.2093
Y  0.3742  0.5936  0.7124
Z -0.6150 -0.4162  0.6698

PART 39
OFFSET  14.5935 -1.3113 -10.0039
X  0.6941 -0.6887  0.2093
Y  0.3742  0.5936  0.7124
Z -0.6150 -0.4162  0.6698

PART 40
OFFSET  10.1071 -3.7693 -6.0674
X  0.9983 -0.0553 -0.0180
Y  0.0547  0.9980 -0.0326
Z  0.0198  0.0316  0.9993

PART 41
OFFSET  10.1071 -3.7693 -6.0674
X  0.9983 -0.0553 -0.0180
Y  0.0547  0.9980 -0.0326
Z  0.0198  0.0316  0.9993

PART 42
OFFSET  12.5981 -4.5925 -4.4635
X  0.9983 -0.0553 -0.0180
Y  0.0547  0.9980 -0.0326
Z  0.0198  0.0316  0.9993

PART 43
OFFSET  17.2540 -4.0408 -3.0393
X  0.9983 -0.0553 -0.0180
Y  0.0411  0.8901 -0.4539
Z  0.0411  0.4524  0.8909

PART 44
OFFSET  12.3232 -3.7662 -2.2542
X  0.9983 -0.0553 -0.0180
Y  0.0547  0.9980 -0.0326
Z  0.0198  0.0316  0.9993

PART 45
OFFSET  8.0683 -3.4989 -1.2106
X  0.9983 -0.0553 -0.0180
Y  0.0547  0.9980 -0.0326
Z  0.0198  0.0316  0.9993

PART 46
OFFSET  10.7363  0.8777 -5.7363
X  0.9983 -0.0553 -0.0180
Y  0.0547  0.9980 -0.0326
Z  0.0198  0.0316  0.9993

PART 47
OFFSET  10.1638 -3.7156 -3.0931
X  0.0571  0.9908  0.1231
Y -0.9983  0.0553  0.0180
Z  0.0110 -0.1239  0.9922

PART 48
OFFSET  10.1903 -3.2538 -3.0357
X  0.0570  0.9905  0.1251
Y -0.9983  0.0552  0.0180
Z  0.0109 -0.1260  0.9920

PART 49
OFFSET  10.2169 -2.7920 -2.9774
X  0.0569  0.9922  0.1106
Y -0.9983  0.0552  0.0180
Z  0.0117 -0.1114  0.9937

PART 50
OFFSET  10.2434 -2.3294 -2.9259
X  0.0562  0.9968  0.0573
Y -0.9983  0.0553  0.0180
Z  0.0148 -0.0582  0.9982

PART 51
OFFSET  10.2697 -1.8647 -2.8991
X  0.0536  0.9956 -0.0765
Y -0.9983  0.0551  0.0177
Z  0.0219  0.0754  0.9969

PART 52
OFFSET  10.2947 -1.4006 -2.9347
X  0.0407  0.8879 -0.4582
Y -0.9983  0.0549  0.0177
Z  0.0409  0.4567  0.8887

PART 53
OFFSET  10.3118 -1.0263 -3.1279
X  0.0074  0.4251 -0.9051
Y -0.9983  0.0549  0.0177
Z  0.0572  0.9035  0.4248

PART 54
OFFSET  10.3153 -0.8271 -3.5520
X -0.0140  0.0666 -0.9977
Y -0.9983  0.0549  0.0176
Z  0.0560  0.9963  0.0657

PART 55
OFFSET  10.3088 -0.7960 -4.0170
X -0.0198 -0.0403 -0.9990
Y -0.9983  0.0549  0.0175
Z  0.0542  0.9977 -0.0413

PART 56
OFFSET  10.2995 -0.8148 -4.4828
X -0.0200 -0.0407 -0.9990
Y -0.9983  0.0549  0.0178
Z  0.0542  0.9977 -0.0417

PART 57
OFFSET  10.2902 -0.8338 -4.9484
X -0.0200 -0.0407 -0.9990
Y -0.9983  0.0551  0.0177
Z  0.0543  0.9977 -0.0417

PART 58
OFFSET  10.2809 -0.8528 -5.4142
X -0.0200 -0.0406 -0.9990
Y -0.9983  0.0550  0.0178
Z  0.0542  0.9977 -0.0416

PART 59
OFFSET  26.2115 -3.2953 -4.8809
X  0.0045  0.3819 -0.9242
Y  0.1275  0.9164  0.3793
Z  0.9918 -0.1195 -0.0446

PART 60
OFFSET  26.0676 -5.9198 -4.7951
X  0.0405  0.4394  0.8974
Y -0.0280  0.8982 -0.4386
Z -0.9988 -0.0074  0.0487

PART 61
OFFSET -7.7500 -7.9373 -5.6959
X -0.5188  0.1145  0.8472
Y -0.1966 -0.9804  0.0122
Z  0.8320 -0.1602  0.5311

PART 62
OFFSET -1.4758 -9.3225 -15.9418
X -0.5918 -0.3793 -0.7113
Y  0.7647  0.0149 -0.6442
Z  0.2550 -0.9252  0.2812

PART 63
OFFSET  3.5575 -6.0965 -9.8918
X -0.5918 -0.3793 -0.7113
Y  0.8009 -0.1768 -0.5721
Z  0.0913 -0.9082  0.4084

PART 64
OFFSET  3.5556 -4.5148 -8.7114
X -0.5971 -0.3766 -0.7083
Y -0.2663  0.9259 -0.2678
Z  0.7567  0.0287 -0.6532

PART 65
OFFSET  3.2067 -4.9547 -7.6468
X -0.5971 -0.3766 -0.7083
Y -0.2663  0.9259 -0.2678
Z  0.7567  0.0287 -0.6532

PART 66
OFFSET  3.7400 -6.1182 -7.3306
X -0.5971 -0.3766 -0.7083
Y -0.2663  0.9259 -0.2678
Z  0.7567  0.0287 -0.6532

PART 67
OFFSET  5.3717 -4.9338 -7.7112
X -0.9741  0.0291 -0.2243
Y  0.2175 -0.1516 -0.9642
Z -0.0621 -0.9880  0.1413

PART 68
OFFSET  5.6254 -4.3949 -6.7378
X -0.6536 -0.6529 -0.3828
Y  0.5069 -0.0021 -0.8620
Z  0.5620 -0.7575  0.3323

PART 69
OFFSET  6.9540 -2.9437 -5.8442
X -0.9368 -0.2605  0.2334
Y -0.0614 -0.5343 -0.8431
Z  0.3443 -0.8042  0.4845

PART 70
OFFSET  8.4241 -2.4649 -6.3255
X -0.4965  0.1410  0.8565
Y -0.7375 -0.5890 -0.3305
Z  0.4579 -0.7958  0.3964

PART 71
OFFSET  8.9526 -2.5710 -7.2643
X -0.8126  0.4939  0.3095
Y  0.1596  0.6993 -0.6968
Z -0.5606 -0.5168 -0.6470

PART 72
OFFSET  6.4414 -4.9210 -8.5824
X -0.9503  0.0483  0.3076
Y  0.0071 -0.9843  0.1765
Z  0.3113  0.1699  0.9350

PART 73
OFFSET  8.6210 -4.8842 -9.1589
X -0.7847 -0.6137 -0.0870
Y  0.6014 -0.7199 -0.3463
Z  0.1499 -0.3241  0.9341

PART 74
OFFSET  9.7320 -4.0153 -9.0357
X  0.2533 -0.9018 -0.3502
Y  0.9627  0.2707 -0.0007
Z  0.0954 -0.3369  0.9367

PART 75
OFFSET  9.5074 -3.2157 -8.7253
X  0.8095 -0.5035 -0.3020
Y  0.5658  0.8065  0.1718
Z  0.1570 -0.3099  0.9377

PART 76
OFFSET  8.7384 -2.7374 -8.4384
X -0.9970 -0.0763 -0.0125
Y -0.0740  0.8937  0.4425
Z -0.0226  0.4421 -0.8967

PART 77
OFFSET  6.5024 -4.9647 -7.8725
X -0.9959  0.0654  0.0633
Y -0.0522 -0.9802  0.1911
Z  0.0745  0.1870  0.9795

PART 78
OFFSET  9.0748 -5.1838 -8.1780
X -0.6940 -0.7035  0.1531
Y  0.6145 -0.6896 -0.3832
Z  0.3751 -0.1718  0.9109

PART 79
OFFSET  10.2563 -3.9861 -8.4387
X  0.4216 -0.8441 -0.3313
Y  0.8359  0.5034 -0.2188
Z  0.3514 -0.1847  0.9178

PART 80
OFFSET  9.6720 -2.8163 -7.9796
X  0.8385 -0.3859 -0.3847
Y  0.4276  0.9036  0.0257
Z  0.3377 -0.1861  0.9227

PART 81
OFFSET  8.7626 -2.3977 -7.5624
X -0.9147 -0.2091  0.3459
Y -0.1451  0.9686  0.2019
Z -0.3772  0.1345 -0.9163

PART 82
OFFSET  1.1004 -5.2140 -7.7537
X -0.9758 -0.2180  0.0147
Y -0.2152  0.9471 -0.2380
Z  0.0379 -0.2354 -0.9712

PART 83
OFFSET  8.9801 -5.3001 -6.0574
X -0.9926 -0.1125  0.0450
Y  0.1192 -0.9727  0.1992
Z  0.0214  0.2031  0.9789

PART 84
OFFSET  10.7277 -5.1021 -6.1366
X -0.3847 -0.8929  0.2340
Y  0.9228 -0.3778  0.0758
Z  0.0207  0.2450  0.9693

PART 85
OFFSET  11.1967 -4.0017 -6.3621
X -0.1991 -0.9645  0.1735
Y  0.9799 -0.1982  0.0226
Z  0.0126  0.1745  0.9846

PART 86
OFFSET  11.4216 -2.9123 -6.5580
X -0.8162  0.5420  0.2000
Y  0.4795  0.8287 -0.2888
Z -0.3223 -0.1398 -0.9363

PART 87
OFFSET  9.1233 -5.2842 -7.1527
X -0.5839 -0.7918  0.1793
Y  0.7804 -0.6083 -0.1450
Z  0.2239  0.0553  0.9731

PART 88
OFFSET  10.2639 -3.7374 -7.5030
X  0.5594 -0.8244 -0.0861
Y  0.7871  0.5608 -0.2568
Z  0.2600  0.0759  0.9626

PART 89
OFFSET  9.4469 -2.5332 -7.3773
X  0.9018 -0.3756 -0.2136
Y  0.3327  0.9190 -0.2115
Z  0.2757  0.1197  0.9538

PART 90
OFFSET  8.4238 -2.1080 -7.1423
X -0.9216 -0.3066  0.2379
Y -0.3045  0.9514  0.0468
Z -0.2407 -0.0293 -0.9702

PART 91
OFFSET  3.5511 -4.5030 -8.7143
X -0.5970 -0.3768 -0.7082
Y -0.2642  0.9259 -0.2699
Z  0.7575  0.0260 -0.6524

PART 92
OFFSET  3.1992 -4.9326 -7.6526
X -0.5970 -0.3768 -0.7082
Y -0.2642  0.9259 -0.2699
Z  0.7575  0.0260 -0.6524

PART 93
OFFSET  3.7609 -6.1173 -7.3483
X -0.5970 -0.3768 -0.7082
Y -0.2642  0.9259 -0.2699
Z  0.7575  0.0260 -0.6524

PART 94
OFFSET  0.0000 -0.0000 -0.0000
X  1.0000 -0.0000  0.0000
Y  0.0000  1.0000  0.0000
Z  0.0000 -0.0000  1.0000

PART 95
OFFSET  0.0000 -0.0000 -0.0000
X  1.0000 -0.0000  0.0000
Y  0.0000  1.0000  0.0000
Z  0.0000 -0.0000  1.0000

PART 96
OFFSET  1.5404 -0.0000  4.1357
X  1.0000 -0.0000  0.0000
Y  0.0000  1.0000  0.0000
Z  0.0000 -0.0000  1.0000


FRAME 1103
PART 0
OFFSET  0.0000 -0.0000 -0.0000
X  1.0000 -0.0000  0.0000
Y  0.0000  1.0000  0.0000
Z  0.0000 -0.0000  1.0000

PART 1
OFFSET -7.6810 -0.0000 -1.3770
X  1.0000  0.0000  0.0000
Y -0.0000  1.0000  0.0000
Z  0.0000 -0.0000  1.0000

PART 2
OFFSET -1.6489  5.2787 -5.9464
X  0.8544  0.0334 -0.5185
Y -0.1562 -0.9352 -0.3177
Z -0.4956  0.3524 -0.7939

PART 3
OFFSET  8.6842  5.6831 -12.2174
X  0.6844 -0.6874  0.2431
Y -0.6180 -0.3699  0.6937
Z -0.3870 -0.6250 -0.6780

PART 4
OFFSET  14.5049 -0.1639 -10.1501
X  0.6844 -0.6874  0.2431
Y -0.3323  0.0027  0.9432
Z -0.6490 -0.7262 -0.2265

PART 5
OFFSET  16.5873  0.2811 -9.0084
X  0.6890 -0.6835  0.2408
Y  0.3926  0.6314  0.6688
Z -0.6092 -0.3663  0.7034

PART 6
OFFSET  15.6919 -0.8535 -11.2698
X  0.6890 -0.6835  0.2408
Y  0.3926  0.6314  0.6688
Z -0.6092 -0.3663  0.7034

PART 7
OFFSET  15.5534 -1.0511 -7.7158
X  0.6890 -0.6835  0.2408
Y  0.3926  0.6314  0.6688
Z -0.6092 -0.3663  0.7034

PART 8
OFFSET  14.8093 -2.0460 -8.8390
X  0.6890 -0.6835  0.2408
Y  0.3926  0.6314  0.6688
Z -0.6092 -0.3663  0.7034

PART 9
OFFSET  14.0383 -2.7127 -10.1264
X  0.6890 -0.6835  0.2408
Y  0.3926  0.6314  0.6688
Z -0.6092 -0.3663  0.7034

PART 10
OFFSET  16.6029 -2.2714 -9.4049
X  0.6229 -0.6783  0.3898
Y -0.4216  0.1288  0.8976
Z -0.6590 -0.7235 -0.2057

PART 11
OFFSET  16.2057 -2.7493 -8.4478
X -0.0907 -0.8223  0.5617
Y -0.1833  0.5682  0.8022
Z -0.9789 -0.0301 -0.2023

PART 12
OFFSET  15.9371 -4.4688 -7.1668
X  0.4037 -0.9093 -0.1014
Y -0.2991 -0.2359  0.9246
Z -0.8646 -0.3429 -0.3672

PART 13
OFFSET  16.5098 -5.9610 -7.4268
X  0.2566 -0.2754 -0.9265
Y  0.0893 -0.9477  0.3064
Z -0.9624 -0.1613 -0.2186

PART 14
OFFSET  16.7447 -6.2823 -8.4335
X  0.8260 -0.2949 -0.4803
Y  0.5561  0.5652  0.6093
Z  0.0918 -0.7705  0.6309

PART 15
OFFSET  17.4482 -3.1295 -10.0777
X  0.7028 -0.7037 -0.1041
Y -0.7034 -0.6657 -0.2492
Z  0.1061  0.2483 -0.9629

PART 16
OFFSET  18.9256 -4.8284 -10.2018
X -0.4575 -0.8815  0.1173
Y -0.8892  0.4539 -0.0573
Z -0.0027 -0.1305 -0.9914

PART 17
OFFSET  18.2779 -6.0763 -10.0358
X -0.9998  0.0174 -0.0005
Y  0.0172  0.9829 -0.1833
Z -0.0027 -0.1833 -0.9831

PART 18
OFFSET  17.3914 -6.0609 -10.0362
X -0.7103  0.6983 -0.0880
Y  0.7038  0.7060 -0.0783
Z  0.0074 -0.1175 -0.9930

PART 19
OFFSET  16.7166 -5.3974 -10.1198
X  0.1004 -0.9604  0.2601
Y  0.9894  0.0688 -0.1280
Z  0.1050  0.2702  0.9571

PART 20
OFFSET  17.3971 -3.0920 -9.3667
X  0.7183 -0.6894  0.0941
Y -0.6525 -0.7144 -0.2529
Z  0.2415  0.1202 -0.9629

PART 21
OFFSET  19.2687 -4.8879 -9.1934
X -0.6274 -0.7783  0.0245
Y -0.7784  0.6259 -0.0485
Z  0.0224 -0.0495 -0.9985

PART 22
OFFSET  18.2006 -6.2130 -9.1517
X -0.9707  0.2383 -0.0296
Y  0.2398  0.9681 -0.0729
Z  0.0113 -0.0779 -0.9969

PART 23
