// Export filename: `C:\projects\cod\t5\xanim_export\t5_viewmodels\m60\m60_grip_ads_fire.XANIM_EXPORT`
// Source filename: `D:\projects\devanim\t5\animation_assets\rigs\viewmodels\t5_weapon\ViewModel_M60_Rig.fbx`
// Export time: Mon Jul 12 20:36:25 2010

ANIMATION
VERSION 3

NUMPARTS 97
PART 0 "tag_ads"
PART 1 "tag_torso"
PART 2 "J_Shoulder_LE"
PART 3 "J_Elbow_LE"
PART 4 "J_WristTwist_LE"
PART 5 "J_Sleave_Reshape_Bottom_LE_1"
PART 6 "J_Sleave_Reshape_Bottom_LE_2"
PART 7 "J_Sleave_Reshape_Top_LE_1"
PART 8 "J_Sleave_Reshape_Top_LE_2"
PART 9 "J_Sleave_Reshape_Top_LE_3"
PART 10 "J_Wrist_LE"
PART 11 "J_Thumb_LE_0"
PART 12 "J_Thumb_LE_1"
PART 13 "J_Thumb_LE_2"
PART 14 "J_Thumb_LE_3"
PART 15 "J_PinkyPalm_LE"
PART 16 "J_Pinky_LE_0"
PART 17 "J_Pinky_LE_1"
PART 18 "J_Pinky_LE_2"
PART 19 "J_Pinky_LE_3"
PART 20 "J_RingPalm_LE"
PART 21 "J_Ring_LE_0"
PART 22 "J_Ring_LE_1"
PART 23 "J_Ring_LE_2"
PART 24 "J_Ring_LE_3"
PART 25 "J_Webbing_LE"
PART 26 "J_Index_LE_0"
PART 27 "J_Index_LE_1"
PART 28 "J_Index_LE_2"
PART 29 "J_Index_LE_3"
PART 30 "J_Mid_LE_0"
PART 31 "J_Mid_LE_1"
PART 32 "J_Mid_LE_2"
PART 33 "J_Mid_LE_3"
PART 34 "tag_knife_attach"
PART 35 "D_Sleave_Reshape_Bottom_LE_1"
PART 36 "D_Sleave_Reshape_Bottom_LE_2"
PART 37 "D_Sleave_Reshape_Top_LE_1"
PART 38 "D_Sleave_Reshape_Top_LE_2"
PART 39 "D_Sleave_Reshape_Top_LE_3"
PART 40 "tag_weapon"
PART 41 "J_Gun"
PART 42 "J_Bolt"
PART 43 "J_Handle"
PART 44 "J_Reload_Cover"
PART 45 "TAG_IRON_SIGHTS"
PART 46 "TAG_CLIP"
PART 47 "J_Bullets0"
PART 48 "J_Bullets1"
PART 49 "J_Bullets2"
PART 50 "J_Bullets3"
PART 51 "J_Bullets4"
PART 52 "J_Bullets5"
PART 53 "J_Bullets6"
PART 54 "J_Bullets7"
PART 55 "J_Bullets8"
PART 56 "J_Bullets9"
PART 57 "J_Bullets10"
PART 58 "J_Bullets11"
PART 59 "J_Pod_Left"
PART 60 "J_Pod_Right"
PART 61 "J_Shoulder_RI"
PART 62 "J_Elbow_RI"
PART 63 "J_WristTwist_RI"
PART 64 "J_Sleave_Reshape_Top_RI_3"
PART 65 "J_Sleave_Reshape_Top_RI_2"
PART 66 "J_Sleave_Reshape_Top_RI_1"
PART 67 "J_Wrist_RI"
PART 68 "J_Thumb_RI_0"
PART 69 "J_Thumb_RI_1"
PART 70 "J_Thumb_RI_2"
PART 71 "J_Thumb_RI_3"
PART 72 "J_PinkyPalm_RI"
PART 73 "J_Pinky_RI_0"
PART 74 "J_Pinky_RI_1"
PART 75 "J_Pinky_RI_2"
PART 76 "J_Pinky_RI_3"
PART 77 "J_RingPalm_RI"
PART 78 "J_Ring_RI_0"
PART 79 "J_Ring_RI_1"
PART 80 "J_Ring_RI_2"
PART 81 "J_Ring_RI_3"
PART 82 "J_Webbing_RI"
PART 83 "J_Index_RI_0"
PART 84 "J_Index_RI_1"
PART 85 "J_Index_RI_2"
PART 86 "J_Index_RI_3"
PART 87 "J_Mid_RI_0"
PART 88 "J_Mid_RI_1"
PART 89 "J_Mid_RI_2"
PART 90 "J_Mid_RI_3"
PART 91 "D_Sleave_Reshape_Top_RI_3"
PART 92 "D_Sleave_Reshape_Top_RI_2"
PART 93 "D_Sleave_Reshape_Top_RI_1"
PART 94 "tag_cambone"
PART 95 "tag_camera"
PART 96 "tag_gasmask"

FRAMERATE 30
NUMFRAMES 10

FRAME 1220
PART 0
OFFSET  0.0000 -0.0000 -0.0000
X  1.0000 -0.0000  0.0000
Y  0.0000  1.0000  0.0000
Z  0.0000 -0.0000  1.0000

PART 1
OFFSET -7.6810 -0.0000 -1.3770
X  1.0000  0.0000  0.0000
Y -0.0000  1.0000  0.0000
Z  0.0000 -0.0000  1.0000

PART 2
OFFSET -1.6489  5.2787 -5.1189
X  0.8326  0.1908 -0.5200
Y -0.0940 -0.8766 -0.4720
Z -0.5459  0.4419 -0.7119

PART 3
OFFSET  8.4200  7.5861 -11.4083
X  0.6822 -0.7110  0.1705
Y -0.6369 -0.4633  0.6161
Z -0.3591 -0.5289 -0.7690

PART 4
OFFSET  14.2220  1.5383 -9.9582
X  0.6822 -0.7110  0.1705
Y -0.3604 -0.1241  0.9245
Z -0.6362 -0.6921 -0.3409

PART 5
OFFSET  16.2620  1.8335 -8.6977
X  0.6869 -0.7069  0.1689
Y  0.3666  0.5377  0.7592
Z -0.6275 -0.4596  0.6285

PART 6
OFFSET  15.4510  1.0124 -11.1203
X  0.6869 -0.7069  0.1689
Y  0.3666  0.5377  0.7592
Z -0.6275 -0.4596  0.6285

PART 7
OFFSET  15.1985  0.3337 -7.6329
X  0.6869 -0.7069  0.1689
Y  0.3666  0.5377  0.7592
Z -0.6275 -0.4596  0.6285

PART 8
OFFSET  14.5001 -0.5027 -8.9048
X  0.6869 -0.7069  0.1689
Y  0.3666  0.5377  0.7592
Z -0.6275 -0.4596  0.6285

PART 9
OFFSET  13.7777 -0.9919 -10.2959
X  0.6869 -0.7069  0.1689
Y  0.3666  0.5377  0.7592
Z -0.6275 -0.4596  0.6285

PART 10
OFFSET  16.3133 -0.6415 -9.4356
X  0.6763 -0.6374  0.3692
Y -0.4713  0.0108  0.8819
Z -0.5662 -0.7704 -0.2931

PART 11
OFFSET  15.9303 -1.2342 -8.5388
X -0.0239 -0.8698  0.4929
Y -0.2788  0.4793  0.8322
Z -0.9601 -0.1175 -0.2539

PART 12
OFFSET  15.7974 -3.0698 -7.4062
X  0.5054 -0.8498 -0.1500
Y -0.3101 -0.3411  0.8874
Z -0.8053 -0.4020 -0.4359

PART 13
OFFSET  16.5416 -4.4663 -7.7501
X  0.3237 -0.1702 -0.9307
Y  0.1805 -0.9545  0.2373
Z -0.9288 -0.2448 -0.2783

PART 14
OFFSET  16.8522 -4.6777 -8.7653
X  0.8728 -0.1651 -0.4594
Y  0.4646  0.5698  0.6778
Z  0.1499 -0.8050  0.5740

PART 15
OFFSET  17.2758 -1.3482 -10.1267
X  0.7796 -0.6145 -0.1205
Y -0.6147 -0.7144 -0.3343
Z  0.1194  0.3347 -0.9347

PART 16
OFFSET  18.9347 -2.8653 -10.3023
X -0.3626 -0.9316  0.0270
Y -0.9304  0.3601 -0.0685
Z  0.0541 -0.0500 -0.9973

PART 17
OFFSET  18.4215 -4.1842 -10.2641
X -0.9948 -0.0888 -0.0507
Y -0.0830  0.9908 -0.1073
Z  0.0597 -0.1025 -0.9929

PART 18
OFFSET  17.5395 -4.2629 -10.3090
X -0.7791  0.6229 -0.0714
Y  0.6238  0.7815  0.0116
Z  0.0630 -0.0355 -0.9974

PART 19
OFFSET  16.7993 -3.6712 -10.3768
X  0.1952 -0.9619  0.1916
Y  0.9802  0.1847 -0.0713
Z  0.0332  0.2017  0.9789

PART 20
OFFSET  17.1904 -1.3736 -9.4185
X  0.7849 -0.6146  0.0787
Y -0.5587 -0.7569 -0.3390
Z  0.2679  0.2221 -0.9375

PART 21
OFFSET  19.2388 -2.9689 -9.2850
X -0.5386 -0.8399 -0.0663
Y -0.8396  0.5416 -0.0412
Z  0.0705  0.0335 -0.9970

PART 22
OFFSET  18.3218 -4.3989 -9.3979
X -0.9888  0.1355 -0.0618
Y  0.1350  0.9908  0.0134
Z  0.0630  0.0049 -0.9980

PART 23
OFFSET  16.9513 -4.2110 -9.4835
X -0.1376  0.9905 -0.0043
Y  0.9881  0.1376  0.0691
Z  0.0690  0.0052 -0.9976

PART 24
OFFSET  16.8020 -3.1369 -9.4882
X -0.4483 -0.8899 -0.0850
Y  0.8845 -0.4553  0.1018
Z -0.1293 -0.0295  0.9912

PART 25
OFFSET  17.3464 -3.0024 -7.0543
X  0.5700 -0.8161  0.0953
Y  0.7194  0.5518  0.4220
Z -0.3969 -0.1720  0.9016

PART 26
OFFSET  18.8035 -2.8309 -7.2230
X -0.3411 -0.9188 -0.1989
Y -0.9387  0.3442  0.0199
Z  0.0501  0.1935 -0.9798

PART 27
OFFSET  18.2030 -4.4485 -7.5731
X -0.9269  0.3662 -0.0820
Y  0.3442  0.9167  0.2030
Z  0.1495  0.1599 -0.9757

PART 28
OFFSET  17.0671 -4.0130 -7.6135
X -0.1282  0.9688  0.2120
Y  0.9905  0.1145  0.0757
Z  0.0491  0.2197 -0.9743

PART 29
OFFSET  16.9223 -2.9187 -7.3740
X -0.8387 -0.3569 -0.4114
Y  0.4107 -0.9105 -0.0474
Z -0.3577 -0.2087  0.9102

PART 30
OFFSET  19.1411 -2.9128 -8.2717
X -0.6129 -0.7845 -0.0948
Y -0.7805  0.6197 -0.0820
Z  0.1231  0.0238 -0.9921

PART 31
OFFSET  17.9438 -4.4453 -8.4569
X -0.9238  0.3697 -0.0998
Y  0.3581  0.9263  0.1174
Z  0.1358  0.0727 -0.9881

PART 32
OFFSET  16.5945 -3.9052 -8.6026
X  0.0541  0.9919  0.1152
Y  0.9829 -0.0732  0.1691
Z  0.1761  0.1041 -0.9788

PART 33
OFFSET  16.6563 -2.7811 -8.4792
X -0.6805 -0.7204 -0.1338
Y  0.7285 -0.6848 -0.0179
Z -0.0787 -0.1096  0.9909

PART 34
OFFSET  17.5381 -3.5496 -9.3566
X  0.2004  0.2163 -0.9555
Y  0.5662  0.7704  0.2931
Z  0.7996 -0.5997  0.0319

PART 35
OFFSET  16.1696  1.5087 -9.6812
X  0.6869 -0.7068  0.1689
Y  0.3663  0.5375  0.7595
Z -0.6276 -0.4599  0.6281

PART 36
OFFSET  15.4513  1.0127 -11.1205
X  0.6869 -0.7068  0.1689
Y  0.3663  0.5375  0.7595
Z -0.6276 -0.4599  0.6281

PART 37
OFFSET  14.8706 -0.0995 -8.1120
X  0.6869 -0.7068  0.1689
Y  0.3663  0.5375  0.7595
Z -0.6276 -0.4599  0.6281

PART 38
OFFSET  14.1895 -0.8294 -9.0147
X  0.6869 -0.7068  0.1689
Y  0.3663  0.5375  0.7595
Z -0.6276 -0.4599  0.6281

PART 39
OFFSET  14.3209 -0.4324 -10.1376
X  0.6869 -0.7068  0.1689
Y  0.3663  0.5375  0.7595
Z -0.6276 -0.4599  0.6281

PART 40
OFFSET  9.9030 -3.4097 -6.3868
X  1.0000  0.0000  0.0000
Y -0.0000  1.0000  0.0000
Z  0.0000 -0.0000  1.0000

PART 41
OFFSET  9.9030 -3.4097 -6.3868
X  1.0000  0.0000  0.0000
Y -0.0000  1.0000  0.0000
Z  0.0000 -0.0000  1.0000

PART 42
OFFSET  12.4064 -4.1473 -4.7608
X  1.0000  0.0000  0.0000
Y -0.0000  1.0000  0.0000
Z  0.0000 -0.0000  1.0000

PART 43
OFFSET  16.9979 -3.3914 -3.2284
X  1.0000 -0.0000 -0.0000
Y  0.0000  0.9053 -0.4247
Z  0.0000  0.4247  0.9053

PART 44
OFFSET  12.0465 -3.4097 -2.5324
X  1.0000 -0.0000  0.0000
Y -0.0000  1.0000  0.0000
Z -0.0000 -0.0000  1.0000

PART 45
OFFSET  7.7652 -3.4097 -1.5652
X  1.0000 -0.0000  0.0000
Y -0.0000  1.0000  0.0000
Z -0.0000 -0.0000  1.0000

PART 46
OFFSET  10.2681  1.2515 -5.8968
X  1.0000  0.0000  0.0000
Y -0.0000  1.0000  0.0000
Z -0.0000 -0.0000  1.0000

PART 47
OFFSET  9.9030 -3.4500 -3.4118
X  0.0000  0.9879  0.1554
Y -1.0000  0.0000  0.0000
Z  0.0000 -0.1554  0.9879

PART 48
OFFSET  9.9030 -2.9895 -3.3393
X -0.0001  0.9875  0.1574
Y -1.0000 -0.0001  0.0000
Z  0.0000 -0.1574  0.9875

PART 49
OFFSET  9.9029 -2.5291 -3.2659
X -0.0001  0.9897  0.1429
Y -1.0000 -0.0001 -0.0000
Z -0.0000 -0.1429  0.9897

PART 50
OFFSET  9.9029 -2.0677 -3.1993
X -0.0000  0.9960  0.0898
Y -1.0000 -0.0000  0.0000
Z  0.0000 -0.0898  0.9960

PART 51
OFFSET  9.9029 -1.6034 -3.1574
X -0.0001  0.9990 -0.0439
Y -1.0000 -0.0001 -0.0003
Z -0.0003  0.0439  0.9990

PART 52
OFFSET  9.9028 -1.1377 -3.1778
X -0.0002  0.9033 -0.4290
Y -1.0000 -0.0003 -0.0003
Z -0.0004  0.4290  0.9033

PART 53
OFFSET  9.9027 -0.7568 -3.3587
X  0.0002  0.4541 -0.8909
Y -1.0000 -0.0004 -0.0004
Z -0.0005  0.8909  0.4541

PART 54
OFFSET  9.9028 -0.5441 -3.7762
X  0.0003  0.0982 -0.9952
Y -1.0000 -0.0004 -0.0004
Z -0.0004  0.9952  0.0982

PART 55
OFFSET  9.9030 -0.4982 -4.2401
X  0.0005 -0.0088 -1.0000
Y -1.0000 -0.0004 -0.0005
Z -0.0003  1.0000 -0.0088

PART 56
OFFSET  9.9031 -0.5023 -4.7063
X  0.0003 -0.0091 -1.0000
Y -1.0000 -0.0004 -0.0003
Z -0.0003  1.0000 -0.0091

PART 57
OFFSET  9.9032 -0.5067 -5.1724
X  0.0003 -0.0091 -1.0000
Y -1.0000 -0.0002 -0.0003
Z -0.0002  1.0000 -0.0091

PART 58
OFFSET  9.9034 -0.5109 -5.6386
X  0.0003 -0.0091 -1.0000
Y -1.0000 -0.0003 -0.0003
Z -0.0003  1.0000 -0.0091

PART 59
OFFSET  25.9325 -2.0945 -4.8678
X -0.0000  0.4115 -0.9114
Y  0.0698  0.9092  0.4105
Z  0.9976 -0.0636 -0.0287

PART 60
OFFSET  25.9325 -4.7244 -4.8678
X  0.0000  0.4115  0.9114
Y -0.0698  0.9092 -0.4105
Z -0.9976 -0.0636  0.0287

PART 61
OFFSET -6.5551 -7.9373 -5.6959
X -0.4471  0.1582  0.8804
Y -0.1653 -0.9819  0.0925
Z  0.8791 -0.1041  0.4651

PART 62
OFFSET -1.1481 -9.8501 -16.3434
X -0.5546 -0.4384 -0.7072
Y  0.7738  0.0407 -0.6321
Z  0.3059 -0.8979  0.3167

PART 63
OFFSET  3.5692 -6.1212 -10.3280
X -0.5546 -0.4384 -0.7072
Y  0.8156 -0.1180 -0.5664
Z  0.1649 -0.8910  0.4230

PART 64
OFFSET  3.4494 -4.5044 -9.2025
X -0.5602 -0.4360 -0.7044
Y -0.3166  0.8984 -0.3043
Z  0.7655  0.0526 -0.6413

PART 65
OFFSET  3.1091 -4.9295 -8.1291
X -0.5602 -0.4360 -0.7044
Y -0.3166  0.8984 -0.3043
Z  0.7655  0.0526 -0.6413

PART 66
OFFSET  3.7068 -6.0467 -7.7650
X -0.5602 -0.4360 -0.7044
Y -0.3166  0.8984 -0.3043
Z  0.7655  0.0526 -0.6413

PART 67
OFFSET  5.2695 -4.7772 -8.1598
X -0.9700 -0.0169 -0.2425
Y  0.2429 -0.1079 -0.9640
Z -0.0099 -0.9940  0.1088

PART 68
OFFSET  5.4755 -4.2573 -7.1651
X -0.6095 -0.6748 -0.4161
Y  0.5217  0.0537 -0.8514
Z  0.5969 -0.7360  0.3193

PART 69
OFFSET  6.7055 -2.7655 -6.2001
X -0.9251 -0.3185  0.2067
Y -0.0169 -0.5093 -0.8604
Z  0.3793 -0.7995  0.4658

PART 70
OFFSET  8.1555 -2.1922 -6.6372
X -0.5185  0.0862  0.8507
Y -0.6981 -0.6172 -0.3629
Z  0.4938 -0.7820  0.3803

PART 71
OFFSET  8.7055 -2.2392 -7.5684
X -0.8438  0.4388  0.3089
Y  0.1333  0.7289 -0.6715
Z -0.5199 -0.5254 -0.6736

PART 72
OFFSET  6.3524 -4.6776 -9.0089
X -0.9569 -0.0126  0.2900
Y  0.0576 -0.9875  0.1470
Z  0.2846  0.1574  0.9457

PART 73
OFFSET  8.5369 -4.5052 -9.5408
X -0.7481 -0.6528 -0.1192
Y  0.6457 -0.6747 -0.3576
Z  0.1530 -0.3444  0.9263

PART 74
OFFSET  9.5960 -3.5810 -9.3721
X  0.3083 -0.8751 -0.3730
Y  0.9461  0.3230  0.0242
Z  0.0993 -0.3603  0.9275

PART 75
OFFSET  9.3226 -2.8051 -9.0414
X  0.8408 -0.4485 -0.3031
Y  0.5173  0.8306  0.2060
Z  0.1593 -0.3300  0.9304

PART 76
OFFSET  8.5238 -2.3790 -8.7535
X -0.9909 -0.1307 -0.0321
Y -0.1304  0.8740  0.4681
Z -0.0331  0.4681 -0.8831

PART 77
OFFSET  6.4029 -4.7410 -8.2996
X -0.9989  0.0088  0.0456
Y -0.0014 -0.9873  0.1591
Z  0.0464  0.1589  0.9862

PART 78
OFFSET  8.9886 -4.8091 -8.5610
X -0.6567 -0.7450  0.1172
Y  0.6585 -0.6422 -0.3924
Z  0.3676 -0.1805  0.9123

PART 79
OFFSET  10.1066 -3.5408 -8.7605
X  0.4735 -0.8086 -0.3492
Y  0.8106  0.5552 -0.1863
Z  0.3445 -0.1949  0.9183

PART 80
OFFSET  9.4504 -2.4202 -8.2766
X  0.8641 -0.3260 -0.3835
Y  0.3749  0.9253  0.0580
Z  0.3359 -0.1939  0.9217

PART 81
OFFSET  8.5132 -2.0666 -7.8606
X -0.9056 -0.2710  0.3264
Y -0.2029  0.9524  0.2277
Z -0.3725  0.1400 -0.9174

PART 82
OFFSET  1.0217 -5.2891 -8.2956
X -0.9624 -0.2714 -0.0115
Y -0.2629  0.9412 -0.2122
Z  0.0684 -0.2012 -0.9772

PART 83
OFFSET  8.8623 -4.9994 -6.4474
X -0.9855 -0.1680  0.0218
Y  0.1692 -0.9707  0.1707
Z -0.0075  0.1720  0.9851

PART 84
OFFSET  10.5975 -4.7036 -6.4857
X -0.3393 -0.9197  0.1975
Y  0.9406 -0.3295  0.0818
Z -0.0102  0.2136  0.9769

PART 85
OFFSET  11.0094 -3.5725 -6.6665
X -0.1489 -0.9791  0.1384
Y  0.9887 -0.1453  0.0356
Z -0.0148  0.1422  0.9897

PART 86
OFFSET  11.1776 -2.4666 -6.8229
X -0.8482  0.4899  0.2011
Y  0.4383  0.8626 -0.2525
Z -0.2972 -0.1260 -0.9465

PART 87
OFFSET  9.0241 -4.9400 -7.5386
X -0.5456 -0.8257  0.1433
Y  0.8131 -0.5629 -0.1481
Z  0.2029  0.0357  0.9785

PART 88
OFFSET  10.0899 -3.3269 -7.8184
X  0.6025 -0.7918 -0.1003
Y  0.7618  0.6080 -0.2237
Z  0.2381  0.0584  0.9695

PART 89
OFFSET  9.2099 -2.1703 -7.6720
X  0.9236 -0.3223 -0.2076
Y  0.2885  0.9409 -0.1773
Z  0.2525  0.1038  0.9620

PART 90
OFFSET  8.1623 -1.8053 -7.4439
X -0.9086 -0.3604  0.2109
Y -0.3538  0.9327  0.0697
Z -0.2218 -0.0113 -0.9750

PART 91
OFFSET  3.4443 -4.4931 -9.2059
X -0.5601 -0.4362 -0.7043
Y -0.3154  0.8984 -0.3055
Z  0.7660  0.0511 -0.6408

PART 92
OFFSET  3.1003 -4.9082 -8.1358
X -0.5601 -0.4362 -0.7043
Y -0.3154  0.8984 -0.3055
Z  0.7660  0.0511 -0.6408

PART 93
OFFSET  3.7279 -6.0452 -7.7823
X -0.5601 -0.4362 -0.7043
Y -0.3154  0.8984 -0.3055
Z  0.7660  0.0511 -0.6408

PART 94
OFFSET  0.0000 -0.0000 -0.0000
X  1.0000 -0.0000  0.0000
Y  0.0000  1.0000  0.0000
Z  0.0000 -0.0000  1.0000

PART 95
OFFSET  0.0000 -0.0000 -0.0000
X  1.0000 -0.0000  0.0000
Y  0.0000  1.0000  0.0000
Z  0.0000 -0.0000  1.0000

PART 96
OFFSET  1.5404 -0.0000  4.1357
X  1.0000 -0.0000  0.0000
Y  0.0000  1.0000  0.0000
Z  0.0000 -0.0000  1.0000


FRAME 1221
PART 0
OFFSET  0.0000 -0.0000 -0.0000
X  1.0000 -0.0000  0.0000
Y  0.0000  1.0000  0.0000
Z  0.0000 -0.0000  1.0000

PART 1
OFFSET -7.6810 -0.0000 -1.3770
X  1.0000  0.0000  0.0000
Y -0.0000  1.0000  0.0000
Z  0.0000 -0.0000  1.0000

PART 2
OFFSET -1.6489  5.2787 -5.1189
X  0.8196  0.2161 -0.5306
Y -0.0908 -0.8654 -0.4927
Z -0.5657  0.4520 -0.6897

PART 3
OFFSET  8.2633  7.8921 -11.5361
X  0.6505 -0.7375  0.1815
Y -0.6652 -0.4379  0.6047
Z -0.3665 -0.5141 -0.7755

PART 4
OFFSET  13.7961  1.6194 -9.9921
X  0.6505 -0.7375  0.1815
Y -0.3802 -0.1093  0.9184
Z -0.6575 -0.6664 -0.3516

PART 5
OFFSET  15.8242  1.8335 -8.6965
X  0.6554 -0.7335  0.1801
Y  0.3745  0.5227  0.7659
Z -0.6559 -0.4345  0.6173

PART 6
OFFSET  15.0231  1.0455 -11.1334
X  0.6554 -0.7335  0.1801
Y  0.3745  0.5227  0.7659
Z -0.6559 -0.4345  0.6173

PART 7
OFFSET  14.6842  0.3766 -7.6514
X  0.6554 -0.7335  0.1801
Y  0.3745  0.5227  0.7659
Z -0.6559 -0.4345  0.6173

PART 8
OFFSET  13.9752 -0.4312 -8.9358
X  0.6554 -0.7335  0.1801
Y  0.3745  0.5227  0.7659
Z -0.6559 -0.4345  0.6173

PART 9
OFFSET  13.2580 -0.8913 -10.3395
X  0.6554 -0.7335  0.1801
Y  0.3745  0.5227  0.7659
Z -0.6559 -0.4345  0.6173

PART 10
OFFSET  15.7903 -0.6415 -9.4356
X  0.6763 -0.6374  0.3692
Y -0.4713  0.0108  0.8819
Z -0.5662 -0.7704 -0.2931

PART 11
OFFSET  15.4073 -1.2342 -8.5388
X -0.0239 -0.8698  0.4929
Y -0.2788  0.4793  0.8322
Z -0.9601 -0.1175 -0.2539

PART 12
OFFSET  15.2744 -3.0698 -7.4062
X  0.5054 -0.8498 -0.1500
Y -0.3101 -0.3411  0.8874
Z -0.8053 -0.4020 -0.4359

PART 13
OFFSET  16.0186 -4.4663 -7.7501
X  0.3237 -0.1702 -0.9307
Y  0.1805 -0.9545  0.2373
Z -0.9288 -0.2448 -0.2783

PART 14
OFFSET  16.3292 -4.6777 -8.7653
X  0.8728 -0.1651 -0.4594
Y  0.4646  0.5698  0.6778
Z  0.1499 -0.8050  0.5740

PART 15
OFFSET  16.7528 -1.3482 -10.1267
X  0.7796 -0.6145 -0.1205
Y -0.6147 -0.7144 -0.3343
Z  0.1194  0.3347 -0.9347

PART 16
OFFSET  18.4117 -2.8653 -10.3023
X -0.3626 -0.9316  0.0270
Y -0.9304  0.3601 -0.0685
Z  0.0541 -0.0500 -0.9973

PART 17
OFFSET  17.8985 -4.1842 -10.2641
X -0.9948 -0.0888 -0.0507
Y -0.0830  0.9908 -0.1073
Z  0.0597 -0.1025 -0.9929

PART 18
OFFSET  17.0165 -4.2629 -10.3090
X -0.7791  0.6229 -0.0714
Y  0.6238  0.7815  0.0116
Z  0.0630 -0.0355 -0.9974

PART 19
OFFSET  16.2763 -3.6712 -10.3768
X  0.1952 -0.9619  0.1916
Y  0.9802  0.1847 -0.0713
Z  0.0332  0.2017  0.9789

PART 20
OFFSET  16.6674 -1.3736 -9.4185
X  0.7849 -0.6146  0.0787
Y -0.5587 -0.7569 -0.3390
Z  0.2679  0.2221 -0.9375

PART 21
OFFSET  18.7158 -2.9689 -9.2850
X -0.5386 -0.8399 -0.0663
Y -0.8396  0.5416 -0.0412
Z  0.0705  0.0335 -0.9970

PART 22
OFFSET  17.7988 -4.3989 -9.3979
X -0.9888  0.1355 -0.0618
Y  0.1350  0.9908  0.0134
Z  0.0630  0.0049 -0.9980

PART 23
OFFSET  16.4283 -4.2111 -9.4835
X -0.1376  0.9905 -0.0043
Y  0.9881  0.1376  0.0691
Z  0.0690  0.0052 -0.9976

PART 24
OFFSET  16.2790 -3.1369 -9.4882
X -0.4483 -0.8899 -0.0850
Y  0.8845 -0.4553  0.1018
Z -0.1293 -0.0295  0.9912

PART 25
OFFSET  16.8234 -3.0024 -7.0543
X  0.5700 -0.8161  0.0953
Y  0.7194  0.5518  0.4220
Z -0.3969 -0.1720  0.9016

PART 26
OFFSET  18.2805 -2.8309 -7.2230
X -0.3411 -0.9188 -0.1989
Y -0.9387  0.3442  0.0199
Z  0.0501  0.1935 -0.9798

PART 27
OFFSET  17.6800 -4.4485 -7.5731
X -0.9269  0.3662 -0.0820
Y  0.3442  0.9167  0.2030
Z  0.1495  0.1599 -0.9757

PART 28
OFFSET  16.5441 -4.0130 -7.6135
X -0.1282  0.9688  0.2120
Y  0.9905  0.1145  0.0757
Z  0.0491  0.2197 -0.9743

PART 29
OFFSET  16.3993 -2.9187 -7.3740
X -0.8386 -0.3569 -0.4114
Y  0.4107 -0.9105 -0.0474
Z -0.3577 -0.2087  0.9102

PART 30
OFFSET  18.6181 -2.9128 -8.2717
X -0.6129 -0.7845 -0.0948
Y -0.7805  0.6197 -0.0820
Z  0.1231  0.0238 -0.9921

PART 31
OFFSET  17.4208 -4.4453 -8.4569
X -0.9238  0.3697 -0.0998
Y  0.3581  0.9263  0.1174
Z  0.1358  0.0727 -0.9881

PART 32
OFFSET  16.0715 -3.9052 -8.6027
X  0.0541  0.9919  0.1152
Y  0.9829 -0.0732  0.1691
Z  0.1761  0.1041 -0.9788

PART 33
OFFSET  16.1333 -2.7811 -8.4792
X -0.6805 -0.7204 -0.1338
Y  0.7285 -0.6848 -0.0179
Z -0.0787 -0.1096  0.9909

PART 34
OFFSET  17.0151 -3.5496 -9.3566
X  0.2004  0.2163 -0.9555
Y  0.5662  0.7704  0.2931
Z  0.7996 -0.5997  0.0319

PART 35
OFFSET  15.7360  1.5128 -9.6818
X  0.6555 -0.7334  0.1801
Y  0.3742  0.5225  0.7662
Z -0.6560 -0.4348  0.6169

PART 36
OFFSET  15.0234  1.0458 -11.1336
X  0.6555 -0.7334  0.1801
Y  0.3742  0.5225  0.7662
Z -0.6560 -0.4348  0.6169

PART 37
OFFSET  14.3477 -0.0432 -8.1365
X  0.6555 -0.7334  0.1801
Y  0.3742  0.5225  0.7662
Z -0.6560 -0.4348  0.6169

PART 38
OFFSET  13.6538 -0.7454 -9.0514
X  0.6555 -0.7334  0.1801
Y  0.3742  0.5225  0.7662
Z -0.6560 -0.4348  0.6169

PART 39
OFFSET  13.8200 -0.3537 -10.1715
X  0.6555 -0.7334  0.1801
Y  0.3742  0.5225  0.7662
Z -0.6560 -0.4348  0.6169

PART 40
OFFSET  9.3800 -3.4097 -6.3868
X  1.0000  0.0000  0.0000
Y -0.0000  1.0000  0.0000
Z  0.0000 -0.0000  1.0000

PART 41
OFFSET  9.3800 -3.4097 -6.3868
X  1.0000  0.0000  0.0000
Y -0.0000  1.0000  0.0000
Z  0.0000 -0.0000  1.0000

PART 42
OFFSET  11.8834 -4.1473 -4.7608
X  1.0000  0.0000  0.0000
Y -0.0000  1.0000  0.0000
Z  0.0000 -0.0000  1.0000

PART 43
OFFSET  16.4749 -3.3915 -3.2284
X  1.0000 -0.0000 -0.0000
Y  0.0000  0.9251 -0.3797
Z  0.0000  0.3797  0.9251

PART 44
OFFSET  11.5235 -3.4097 -2.5324
X  1.0000 -0.0000  0.0000
Y -0.0000  1.0000  0.0000
Z -0.0000 -0.0000  1.0000

PART 45
OFFSET  7.2422 -3.4097 -1.5652
X  1.0000 -0.0000  0.0000
Y -0.0000  1.0000  0.0000
Z -0.0000 -0.0000  1.0000

PART 46
OFFSET  9.7449  1.2514 -5.8968
X  0.9998  0.0012 -0.0190
Y  0.0005  0.9959  0.0904
Z  0.0190 -0.0904  0.9957

PART 47
OFFSET  9.3669 -3.4501 -3.8400
X  0.0109  0.8736  0.4865
Y -0.9999  0.0108  0.0029
Z -0.0027 -0.4865  0.8737

PART 48
OFFSET  9.3719 -3.0429 -3.6133
X  0.0088  0.9039  0.4276
Y -1.0000  0.0089  0.0018
Z -0.0021 -0.4276  0.9040

PART 49
OFFSET  9.3760 -2.6215 -3.4139
X  0.0060  0.9421  0.3354
Y -1.0000  0.0062  0.0006
Z -0.0015 -0.3354  0.9421

PART 50
OFFSET  9.3788 -2.1823 -3.2576
X  0.0026  0.9814  0.1922
Y -1.0000  0.0027 -0.0003
Z -0.0008 -0.1922  0.9814

PART 51
OFFSET  9.3801 -1.7248 -3.1680
X  0.0002  0.9999  0.0122
Y -1.0000  0.0002 -0.0006
Z -0.0006 -0.0122  0.9999

PART 52
OFFSET  9.3802 -1.2586 -3.1623
X  0.0000  0.9589 -0.2838
Y -1.0000 -0.0001 -0.0005
Z -0.0005  0.2838  0.9589

PART 53
OFFSET  9.3802 -0.8544 -3.2819
X -0.0000  0.5919 -0.8060
Y -1.0000 -0.0005 -0.0004
Z -0.0006  0.8060  0.5919

PART 54
OFFSET  9.3802 -0.5771 -3.6596
X  0.0001  0.1629 -0.9866
Y -1.0000 -0.0003 -0.0002
Z -0.0004  0.9866  0.1629

PART 55
OFFSET  9.3803 -0.5011 -4.1195
X  0.0001 -0.0008 -1.0000
Y -1.0000  0.0009 -0.0001
Z  0.0009  1.0000 -0.0008

PART 56
OFFSET  9.3803 -0.5014 -4.5857
X  0.0001 -0.0095 -1.0000
Y -1.0000  0.0011 -0.0001
Z  0.0011  1.0000 -0.0095

PART 57
OFFSET  9.3803 -0.5059 -5.0519
X  0.0001 -0.0096 -1.0000
Y -1.0000  0.0011 -0.0001
Z  0.0011  1.0000 -0.0096

PART 58
OFFSET  9.3804 -0.5104 -5.5181
X  0.0001 -0.0096 -1.0000
Y -1.0000  0.0011 -0.0001
Z  0.0011  1.0000 -0.0096

PART 59
OFFSET  25.4095 -2.0945 -4.8678
X -0.0000  0.4115 -0.9114
Y  0.0698  0.9092  0.4105
Z  0.9976 -0.0636 -0.0287

PART 60
OFFSET  25.4095 -4.7244 -4.8678
X  0.0000  0.4115  0.9114
Y -0.0698  0.9092 -0.4105
Z -0.9976 -0.0636  0.0287

PART 61
OFFSET -6.5551 -7.9373 -5.6959
X -0.4247  0.1694  0.8893
Y -0.1570 -0.9812  0.1119
Z  0.8916 -0.0921  0.4433

PART 62
OFFSET -1.4186 -9.9861 -16.4514
X -0.5328 -0.4502 -0.7166
Y  0.7836  0.0572 -0.6186
Z  0.3194 -0.8911  0.3223

PART 63
OFFSET  3.1131 -6.1573 -10.3566
X -0.5328 -0.4502 -0.7166
Y  0.8307 -0.1165 -0.5445
Z  0.1616 -0.8853  0.4360

PART 64
OFFSET  2.9394 -4.5433 -9.2340
X -0.5384 -0.4478 -0.7138
Y -0.3303  0.8915 -0.3101
Z  0.7752  0.0688 -0.6279

PART 65
OFFSET  2.5896 -4.9754 -8.1665
X -0.5384 -0.4478 -0.7138
Y -0.3303  0.8915 -0.3101
Z  0.7752  0.0688 -0.6279

PART 66
OFFSET  3.2045 -6.0797 -7.7916
X -0.5384 -0.4478 -0.7138
Y -0.3303  0.8915 -0.3101
Z  0.7752  0.0688 -0.6279

PART 67
OFFSET  4.7465 -4.7772 -8.1598
X -0.9700 -0.0169 -0.2425
Y  0.2429 -0.1079 -0.9640
Z -0.0099 -0.9940  0.1088

PART 68
OFFSET  4.9525 -4.2573 -7.1651
X -0.6095 -0.6748 -0.4161
Y  0.5217  0.0537 -0.8514
Z  0.5969 -0.7360  0.3193

PART 69
OFFSET  6.1825 -2.7655 -6.2001
X -0.9251 -0.3185  0.2067
Y -0.0169 -0.5093 -0.8604
Z  0.3793 -0.7995  0.4658

PART 70
OFFSET  7.6325 -2.1922 -6.6372
X -0.5185  0.0863  0.8507
Y -0.6981 -0.6172 -0.3629
Z  0.4938 -0.7820  0.3803

PART 71
OFFSET  8.1825 -2.2392 -7.5684
X -0.8438  0.4388  0.3089
Y  0.1333  0.7289 -0.6715
Z -0.5199 -0.5254 -0.6736

PART 72
OFFSET  5.8294 -4.6776 -9.0089
X -0.9569 -0.0126  0.2900
Y  0.0576 -0.9875  0.1470
Z  0.2846  0.1574  0.9457

PART 73
OFFSET  8.0139 -4.5053 -9.5408
X -0.7481 -0.6528 -0.1192
Y  0.6457 -0.6747 -0.3576
Z  0.1530 -0.3444  0.9263

PART 74
OFFSET  9.0730 -3.5810 -9.3721
X  0.3083 -0.8751 -0.3730
Y  0.9461  0.3230  0.0242
Z  0.0993 -0.3603  0.9275

PART 75
OFFSET  8.7996 -2.8051 -9.0414
X  0.8408 -0.4485 -0.3031
Y  0.5173  0.8306  0.2060
Z  0.1594 -0.3300  0.9304

PART 76
OFFSET  8.0008 -2.3790 -8.7535
X -0.9909 -0.1307 -0.0321
Y -0.1304  0.8740  0.4681
Z -0.0331  0.4681 -0.8831

PART 77
OFFSET  5.8799 -4.7410 -8.2996
X -0.9989  0.0088  0.0456
Y -0.0014 -0.9873  0.1591
Z  0.0464  0.1589  0.9862

PART 78
OFFSET  8.4656 -4.8091 -8.5610
X -0.6567 -0.7450  0.1172
Y  0.6585 -0.6422 -0.3924
Z  0.3676 -0.1805  0.9123

PART 79
OFFSET  9.5836 -3.5408 -8.7605
X  0.4735 -0.8086 -0.3492
Y  0.8106  0.5552 -0.1863
Z  0.3445 -0.1949  0.9183

PART 80
OFFSET  8.9274 -2.4202 -8.2766
X  0.8641 -0.3260 -0.3835
Y  0.3748  0.9253  0.0580
Z  0.3360 -0.1939  0.9217

PART 81
OFFSET  7.9903 -2.0666 -7.8606
X -0.9055 -0.2710  0.3264
Y -0.2029  0.9524  0.2277
Z -0.3726  0.1399 -0.9174

PART 82
OFFSET  0.4987 -5.2891 -8.2956
X -0.9624 -0.2714 -0.0115
Y -0.2629  0.9412 -0.2122
Z  0.0684 -0.2012 -0.9772

PART 83
OFFSET  8.3393 -4.9994 -6.4474
X -0.9855 -0.1680  0.0218
Y  0.1692 -0.9707  0.1707
Z -0.0075  0.1720  0.9851

PART 84
OFFSET  10.0745 -4.7036 -6.4857
X -0.3393 -0.9197  0.1975
Y  0.9406 -0.3295  0.0819
Z -0.0102  0.2136  0.9769

PART 85
OFFSET  10.4864 -3.5726 -6.6665
X -0.1489 -0.9791  0.1384
Y  0.9887 -0.1453  0.0356
Z -0.0148  0.1422  0.9897

PART 86
OFFSET  10.6546 -2.4666 -6.8229
X -0.8482  0.4899  0.2011
Y  0.4384  0.8626 -0.2525
Z -0.2972 -0.1260 -0.9465

PART 87
OFFSET  8.5011 -4.9400 -7.5386
X -0.5456 -0.8257  0.1433
Y  0.8131 -0.5630 -0.1481
Z  0.2029  0.0357  0.9785

PART 88
OFFSET  9.5670 -3.3269 -7.8184
X  0.6025 -0.7918 -0.1003
Y  0.7618  0.6080 -0.2237
Z  0.2381  0.0584  0.9695

PART 89
OFFSET  8.6870 -2.1703 -7.6720
X  0.9236 -0.3224 -0.2076
Y  0.2886  0.9409 -0.1773
Z  0.2525  0.1039  0.9620

PART 90
OFFSET  7.6394 -1.8053 -7.4439
X -0.9086 -0.3604  0.2109
Y -0.3538  0.9327  0.0697
Z -0.2218 -0.0113 -0.9750

PART 91
OFFSET  2.9341 -4.5321 -9.2375
X -0.5383 -0.4480 -0.7138
Y -0.3291  0.8915 -0.3113
Z  0.7758  0.0673 -0.6274

PART 92
OFFSET  2.5805 -4.9543 -8.1734
X -0.5383 -0.4480 -0.7138
Y -0.3291  0.8915 -0.3113
Z  0.7758  0.0673 -0.6274

PART 93
OFFSET  3.2259 -6.0777 -7.8086
X -0.5383 -0.4480 -0.7138
Y -0.3291  0.8915 -0.3113
Z  0.7758  0.0673 -0.6274

PART 94
OFFSET  0.0000 -0.0000 -0.0000
X  1.0000 -0.0000  0.0000
Y  0.0000  1.0000  0.0000
Z  0.0000 -0.0000  1.0000

PART 95
OFFSET  0.0000 -0.0000 -0.0000
X  1.0000 -0.0000  0.0000
Y  0.0000  1.0000  0.0000
Z  0.0000 -0.0000  1.0000

PART 96
OFFSET  1.5404 -0.0000  4.1357
X  1.0000 -0.0000  0.0000
Y  0.0000  1.0000  0.0000
Z  0.0000 -0.0000  1.0000


FRAME 1222
PART 0
OFFSET  0.0000 -0.0000 -0.0000
X  1.0000 -0.0000  0.0000
Y  0.0000  1.0000  0.0000
Z  0.0000 -0.0000  1.0000

PART 1
OFFSET -7.6810 -0.0000 -1.3770
X  1.0000  0.0000  0.0000
Y -0.0000  1.0000  0.0000
Z  0.0000 -0.0000  1.0000

PART 2
OFFSET -1.6489  5.2787 -5.1189
X  0.8193  0.2166 -0.5308
Y -0.0908 -0.8652 -0.4932
Z -0.5661  0.4523 -0.6892

PART 3
OFFSET  8.2599  7.8988 -11.5387
X  0.6498 -0.7381  0.1818
Y -0.6658 -0.4373  0.6045
Z -0.3667 -0.5138 -0.7756

PART 4
OFFSET  13.7865  1.6212 -9.9928
X  0.6498 -0.7381  0.1818
Y -0.3807 -0.1090  0.9183
Z -0.6579 -0.6659 -0.3518

PART 5
OFFSET  15.8144  1.8334 -8.6964
X  0.6547 -0.7341  0.1803
Y  0.3747  0.5223  0.7660
Z -0.6565 -0.4340  0.6170

PART 6
OFFSET  15.0134  1.0463 -11.1336
X  0.6547 -0.7341  0.1803
Y  0.3747  0.5223  0.7660
Z -0.6565 -0.4340  0.6170

PART 7
OFFSET  14.6726  0.3776 -7.6518
X  0.6547 -0.7341  0.1803
Y  0.3747  0.5223  0.7660
Z -0.6565 -0.4340  0.6170

PART 8
OFFSET  13.9634 -0.4296 -8.9365
X  0.6547 -0.7341  0.1803
Y  0.3747  0.5223  0.7660
Z -0.6565 -0.4340  0.6170

PART 9
OFFSET  13.2463 -0.8890 -10.3405
X  0.6547 -0.7341  0.1803
Y  0.3747  0.5223  0.7660
Z -0.6565 -0.4340  0.6170

PART 10
OFFSET  15.7785 -0.6415 -9.4356
X  0.6763 -0.6374  0.3692
Y -0.4713  0.0108  0.8819
Z -0.5662 -0.7704 -0.2931

PART 11
OFFSET  15.3955 -1.2342 -8.5388
X -0.0239 -0.8698  0.4929
Y -0.2788  0.4793  0.8322
Z -0.9601 -0.1175 -0.2539

PART 12
OFFSET  15.2626 -3.0698 -7.4062
X  0.5054 -0.8498 -0.1500
Y -0.3101 -0.3411  0.8874
Z -0.8053 -0.4020 -0.4359

PART 13
OFFSET  16.0068 -4.4663 -7.7501
X  0.3237 -0.1702 -0.9307
Y  0.1805 -0.9545  0.2373
Z -0.9288 -0.2448 -0.2783

PART 14
OFFSET  16.3174 -4.6777 -8.7653
X  0.8728 -0.1651 -0.4594
Y  0.4646  0.5698  0.6778
Z  0.1499 -0.8050  0.5740

PART 15
OFFSET  16.7410 -1.3482 -10.1267
X  0.7796 -0.6145 -0.1205
Y -0.6147 -0.7144 -0.3343
Z  0.1194  0.3347 -0.9347

PART 16
OFFSET  18.4000 -2.8653 -10.3023
X -0.3626 -0.9316  0.0270
Y -0.9304  0.3601 -0.0685
Z  0.0541 -0.0500 -0.9973

PART 17
OFFSET  17.8867 -4.1842 -10.2641
X -0.9948 -0.0888 -0.0507
Y -0.0830  0.9908 -0.1073
Z  0.0597 -0.1025 -0.9929

PART 18
OFFSET  17.0047 -4.2629 -10.3090
X -0.7791  0.6229 -0.0714
Y  0.6238  0.7815  0.0116
Z  0.0630 -0.0355 -0.9974

PART 19
OFFSET  16.2645 -3.6712 -10.3768
X  0.1952 -0.9619  0.1916
Y  0.9802  0.1847 -0.0713
Z  0.0332  0.2017  0.9789

PART 20
OFFSET  16.6556 -1.3736 -9.4185
X  0.7849 -0.6146  0.0787
Y -0.5587 -0.7569 -0.3390
Z  0.2679  0.2221 -0.9375

PART 21
OFFSET  18.7040 -2.9689 -9.2850
X -0.5386 -0.8399 -0.0663
Y -0.8396  0.5416 -0.0412
Z  0.0705  0.0335 -0.9970

PART 22
OFFSET  17.7870 -4.3989 -9.3979
X -0.9888  0.1355 -0.0618
Y  0.1350  0.9908  0.0134
Z  0.0630  0.0049 -0.9980

PART 23
OFFSET  16.4165 -4.2111 -9.4835
X -0.1376  0.9905 -0.0043
Y  0.9881  0.1376  0.0691
Z  0.0690  0.0052 -0.9976

PART 24
OFFSET  16.2672 -3.1369 -9.4882
X -0.4483 -0.8899 -0.0850
Y  0.8845 -0.4553  0.1018
Z -0.1293 -0.0295  0.9912

PART 25
OFFSET  16.8116 -3.0024 -7.0543
X  0.5700 -0.8161  0.0953
Y  0.7194  0.5518  0.4220
Z -0.3969 -0.1720  0.9016

PART 26
OFFSET  18.2687 -2.8309 -7.2230
X -0.3411 -0.9188 -0.1989
Y -0.9387  0.3442  0.0199
Z  0.0501  0.1935 -0.9798

PART 27
OFFSET  17.6682 -4.4485 -7.5731
X -0.9269  0.3662 -0.0820
Y  0.3442  0.9167  0.2030
Z  0.1495  0.1599 -0.9757

PART 28
OFFSET  16.5323 -4.0130 -7.6135
X -0.1282  0.9688  0.2120
Y  0.9905  0.1145  0.0757
Z  0.0491  0.2197 -0.9743

PART 29
OFFSET  16.3875 -2.9187 -7.3740
X -0.8386 -0.3569 -0.4115
Y  0.4107 -0.9105 -0.0474
Z -0.3577 -0.2087  0.9102

PART 30
OFFSET  18.6063 -2.9128 -8.2717
X -0.6129 -0.7845 -0.0948
Y -0.7805  0.6197 -0.0820
Z  0.1231  0.0238 -0.9921

PART 31
OFFSET  17.4090 -4.4453 -8.4569
X -0.9238  0.3698 -0.0998
Y  0.3581  0.9263  0.1174
Z  0.1358  0.0727 -0.9881

PART 32
OFFSET  16.0597 -3.9052 -8.6027
X  0.0541  0.9919  0.1152
Y  0.9829 -0.0732  0.1691
Z  0.1761  0.1041 -0.9788

PART 33
OFFSET  16.1215 -2.7811 -8.4792
X -0.6805 -0.7204 -0.1338
Y  0.7285 -0.6848 -0.0179
Z -0.0787 -0.1096  0.9909

PART 34
OFFSET  17.0033 -3.5496 -9.3566
X  0.2004  0.2163 -0.9555
Y  0.5662  0.7704  0.2931
Z  0.7996 -0.5997  0.0319

PART 35
OFFSET  15.7262  1.5128 -9.6818
X  0.6547 -0.7340  0.1803
Y  0.3743  0.5221  0.7663
Z -0.6566 -0.4343  0.6166

PART 36
OFFSET  15.0137  1.0465 -11.1339
X  0.6547 -0.7340  0.1803
Y  0.3743  0.5221  0.7663
Z -0.6566 -0.4343  0.6166

PART 37
OFFSET  14.3359 -0.0419 -8.1370
X  0.6547 -0.7340  0.1803
Y  0.3743  0.5221  0.7663
Z -0.6566 -0.4343  0.6166

PART 38
OFFSET  13.6418 -0.7435 -9.0521
X  0.6547 -0.7340  0.1803
Y  0.3743  0.5221  0.7663
Z -0.6566 -0.4343  0.6166

PART 39
OFFSET  13.8088 -0.3519 -10.1722
X  0.6547 -0.7340  0.1803
Y  0.3743  0.5221  0.7663
Z -0.6566 -0.4343  0.6166

PART 40
OFFSET  9.3682 -3.4097 -6.3868
X  1.0000  0.0000  0.0000
Y -0.0000  1.0000  0.0000
Z  0.0000 -0.0000  1.0000

PART 41
OFFSET  9.3682 -3.4097 -6.3868
X  1.0000  0.0000  0.0000
Y -0.0000  1.0000  0.0000
Z  0.0000 -0.0000  1.0000

PART 42
OFFSET  11.8716 -4.1473 -4.7608
X  1.0000  0.0000  0.0000
Y -0.0000  1.0000  0.0000
Z  0.0000 -0.0000  1.0000

PART 43
OFFSET  16.4631 -3.3915 -3.2284
X  1.0000 -0.0000 -0.0000
Y  0.0000  0.9564 -0.2922
Z  0.0000  0.2922  0.9564

PART 44
OFFSET  11.5117 -3.4097 -2.5324
X  1.0000 -0.0000  0.0000
Y -0.0000  1.0000  0.0000
Z -0.0000 -0.0000  1.0000

PART 45
OFFSET  7.2305 -3.4097 -1.5652
X  1.0000 -0.0000  0.0000
Y -0.0000  1.0000  0.0000
Z -0.0000 -0.0000  1.0000

PART 46
OFFSET  9.7397  1.3022 -5.5873
X  0.9995  0.0016 -0.0304
Y  0.0029  0.9888  0.1492
Z  0.0303 -0.1492  0.9883

PART 47
OFFSET  9.3394 -3.4444 -4.2584
X  0.0198  0.7192  0.6945
Y -0.9998  0.0198  0.0080
Z -0.0080 -0.6945  0.7195

PART 48
OFFSET  9.3485 -3.1091 -3.9346
X  0.0175  0.7702  0.6376
Y -0.9998  0.0177  0.0061
Z -0.0066 -0.6376  0.7703

PART 49
OFFSET  9.3568 -2.7500 -3.6374
X  0.0140  0.8405  0.5417
Y -0.9999  0.0144  0.0036
Z -0.0048 -0.5417  0.8406

PART 50
OFFSET  9.3632 -2.3582 -3.3848
X  0.0085  0.9281  0.3721
Y -1.0000  0.0088  0.0008
Z -0.0026 -0.3721  0.9282

PART 51
OFFSET  9.3672 -1.9255 -3.2113
X  0.0022  0.9926  0.1217
Y -1.0000  0.0023 -0.0010
Z -0.0013 -0.1217  0.9926

PART 52
OFFSET  9.3682 -1.4627 -3.1546
X  0.0000  0.9943 -0.1065
Y -1.0000 -0.0001 -0.0010
Z -0.0010  0.1065  0.9943

PART 53
OFFSET  9.3683 -1.0437 -3.1994
X  0.0001  0.8103 -0.5860
Y -1.0000 -0.0005 -0.0009
Z -0.0010  0.5860  0.8103

PART 54
OFFSET  9.3683 -0.6640 -3.4741
X  0.0002  0.3116 -0.9502
Y -1.0000 -0.0007 -0.0004
Z -0.0008  0.9502  0.3116

PART 55
OFFSET  9.3684 -0.5187 -3.9171
X  0.0002  0.0412 -0.9991
Y -1.0000  0.0008 -0.0001
Z  0.0008  0.9991  0.0412

PART 56
OFFSET  9.3685 -0.4995 -4.3829
X  0.0001 -0.0095 -1.0000
Y -1.0000 -0.0003 -0.0001
Z -0.0003  1.0000 -0.0095

PART 57
OFFSET  9.3685 -0.5039 -4.8490
X  0.0001 -0.0096 -1.0000
Y -1.0000 -0.0003 -0.0001
Z -0.0003  1.0000 -0.0096

PART 58
OFFSET  9.3686 -0.5084 -5.3152
X  0.0001 -0.0096 -1.0000
Y -1.0000 -0.0003 -0.0001
Z -0.0003  1.0000 -0.0096

PART 59
OFFSET  25.3977 -2.0945 -4.8678
X -0.0000  0.4115 -0.9114
Y  0.0698  0.9092  0.4105
Z  0.9976 -0.0636 -0.0287

PART 60
OFFSET  25.3977 -4.7244 -4.8678
X  0.0000  0.4115  0.9114
Y -0.0698  0.9092 -0.4105
Z -0.9976 -0.0636  0.0287

PART 61
OFFSET -6.5551 -7.9373 -5.6959
X -0.4242  0.1697  0.8895
Y -0.1568 -0.9812  0.1124
Z  0.8919 -0.0918  0.4429

PART 62
OFFSET -1.4246 -9.9892 -16.4537
X -0.5323 -0.4504 -0.7168
Y  0.7838  0.0576 -0.6183
Z  0.3198 -0.8910  0.3224

PART 63
OFFSET  3.1029 -6.1581 -10.3572
X -0.5323 -0.4504 -0.7168
Y  0.8310 -0.1164 -0.5440
Z  0.1616 -0.8852  0.4363

PART 64
OFFSET  2.9279 -4.5442 -9.2347
X -0.5379 -0.4481 -0.7140
Y -0.3307  0.8913 -0.3103
Z  0.7754  0.0692 -0.6276

PART 65
OFFSET  2.5779 -4.9765 -8.1674
X -0.5379 -0.4481 -0.7140
Y -0.3307  0.8913 -0.3103
Z  0.7754  0.0692 -0.6276

PART 66
OFFSET  3.1932 -6.0805 -7.7922
X -0.5379 -0.4481 -0.7140
Y -0.3307  0.8913 -0.3103
Z  0.7754  0.0692 -0.6276

PART 67
OFFSET  4.7347 -4.7772 -8.1598
X -0.9700 -0.0169 -0.2425
Y  0.2429 -0.1079 -0.9640
Z -0.0099 -0.9940  0.1088

PART 68
OFFSET  4.9407 -4.2573 -7.1651
X -0.6095 -0.6748 -0.4161
Y  0.5217  0.0537 -0.8514
Z  0.5969 -0.7360  0.3193

PART 69
OFFSET  6.1707 -2.7655 -6.2001
X -0.9251 -0.3185  0.2067
Y -0.0169 -0.5093 -0.8604
Z  0.3793 -0.7995  0.4658

PART 70
OFFSET  7.6207 -2.1922 -6.6372
X -0.5185  0.0863  0.8507
Y -0.6981 -0.6172 -0.3629
Z  0.4938 -0.7820  0.3803

PART 71
OFFSET  8.1707 -2.2392 -7.5684
X -0.8438  0.4388  0.3089
Y  0.1333  0.7289 -0.6715
Z -0.5199 -0.5254 -0.6736

PART 72
OFFSET  5.8176 -4.6776 -9.0089
X -0.9569 -0.0126  0.2900
Y  0.0575 -0.9875  0.1470
Z  0.2846  0.1574  0.9457

PART 73
OFFSET  8.0021 -4.5053 -9.5408
X -0.7481 -0.6528 -0.1191
Y  0.6457 -0.6747 -0.3576
Z  0.1530 -0.3444  0.9263

PART 74
OFFSET  9.0612 -3.5811 -9.3721
X  0.3083 -0.8751 -0.3730
Y  0.9461  0.3230  0.0242
Z  0.0993 -0.3603  0.9275

PART 75
OFFSET  8.7879 -2.8052 -9.0415
X  0.8408 -0.4485 -0.3031
Y  0.5173  0.8306  0.2060
Z  0.1594 -0.3300  0.9304

PART 76
OFFSET  7.9891 -2.3791 -8.7535
X -0.9909 -0.1307 -0.0321
Y -0.1304  0.8740  0.4681
Z -0.0332  0.4681 -0.8831

PART 77
OFFSET  5.8681 -4.7410 -8.2996
X -0.9989  0.0088  0.0456
Y -0.0014 -0.9873  0.1591
Z  0.0464  0.1589  0.9862

PART 78
OFFSET  8.4538 -4.8091 -8.5610
X -0.6567 -0.7450  0.1172
Y  0.6585 -0.6422 -0.3924
Z  0.3676 -0.1805  0.9123

PART 79
OFFSET  9.5719 -3.5408 -8.7605
X  0.4735 -0.8086 -0.3492
Y  0.8106  0.5552 -0.1863
Z  0.3445 -0.1949  0.9183

PART 80
OFFSET  8.9156 -2.4202 -8.2765
X  0.8641 -0.3260 -0.3836
Y  0.3748  0.9253  0.0579
Z  0.3360 -0.1938  0.9217

PART 81
OFFSET  7.9785 -2.0666 -7.8605
X -0.9055 -0.2710  0.3265
Y -0.2029  0.9524  0.2277
Z -0.3726  0.1399 -0.9174

PART 82
OFFSET  0.4869 -5.2891 -8.2956
X -0.9624 -0.2714 -0.0115
Y -0.2629  0.9412 -0.2122
Z  0.0684 -0.2012 -0.9772

PART 83
OFFSET  8.3275 -4.9994 -6.4474
X -0.9855 -0.1680  0.0218
Y  0.1692 -0.9707  0.1707
Z -0.0075  0.1720  0.9851

PART 84
OFFSET  10.0627 -4.7036 -6.4857
X -0.3393 -0.9197  0.1975
Y  0.9406 -0.3295  0.0819
Z -0.0102  0.2136  0.9769

PART 85
OFFSET  10.4746 -3.5726 -6.6665
X -0.1489 -0.9791  0.1384
Y  0.9887 -0.1453  0.0356
Z -0.0148  0.1422  0.9897

PART 86
OFFSET  10.6428 -2.4666 -6.8229
X -0.8482  0.4899  0.2011
Y  0.4384  0.8626 -0.2525
Z -0.2972 -0.1260 -0.9465

PART 87
OFFSET  8.4893 -4.9400 -7.5386
X -0.5456 -0.8257  0.1433
Y  0.8131 -0.5630 -0.1481
Z  0.2029  0.0357  0.9785

PART 88
OFFSET  9.5552 -3.3269 -7.8185
X  0.6025 -0.7918 -0.1003
Y  0.7618  0.6079 -0.2237
Z  0.2381  0.0584  0.9695

PART 89
OFFSET  8.6753 -2.1703 -7.6721
X  0.9236 -0.3224 -0.2076
Y  0.2886  0.9409 -0.1773
Z  0.2525  0.1039  0.9620

PART 90
OFFSET  7.6277 -1.8053 -7.4438
X -0.9086 -0.3604  0.2109
Y -0.3538  0.9327  0.0696
Z -0.2219 -0.0114 -0.9750

PART 91
OFFSET  2.9226 -4.5330 -9.2382
X -0.5378 -0.4483 -0.7140
Y -0.3295  0.8913 -0.3115
Z  0.7760  0.0677 -0.6271

PART 92
OFFSET  2.5688 -4.9554 -8.1742
X -0.5378 -0.4483 -0.7140
Y -0.3295  0.8913 -0.3115
Z  0.7760  0.0677 -0.6271

PART 93
OFFSET  3.2146 -6.0784 -7.8092
X -0.5378 -0.4483 -0.7140
Y -0.3295  0.8913 -0.3115
Z  0.7760  0.0677 -0.6271

PART 94
OFFSET  0.0000 -0.0000 -0.0000
X  1.0000 -0.0000  0.0000
Y  0.0000  1.0000  0.0000
Z  0.0000 -0.0000  1.0000

PART 95
OFFSET  0.0000 -0.0000 -0.0000
X  1.0000 -0.0000  0.0000
Y  0.0000  1.0000  0.0000
Z  0.0000 -0.0000  1.0000

PART 96
OFFSET  1.5404 -0.0000  4.1357
X  1.0000 -0.0000  0.0000
Y  0.0000  1.0000  0.0000
Z  0.0000 -0.0000  1.0000


FRAME 1223
PART 0
OFFSET  0.0000 -0.0000 -0.0000
X  1.0000 -0.0000  0.0000
Y  0.0000  1.0000  0.0000
Z  0.0000 -0.0000  1.0000

PART 1
OFFSET -7.6810 -0.0000 -1.3770
X  1.0000  0.0000  0.0000
Y -0.0000  1.0000  0.0000
Z  0.0000 -0.0000  1.0000

PART 2
OFFSET -1.6489  5.2787 -5.1189
X  0.8214  0.2127 -0.5293
Y -0.0912 -0.8670 -0.4899
Z -0.5631  0.4506 -0.6928

PART 3
OFFSET  8.2847  7.8505 -11.5198
X  0.6549 -0.7339  0.1801
Y -0.6614 -0.4415  0.6063
Z -0.3655 -0.5162 -0.7746

PART 4
OFFSET  13.8552  1.6084 -9.9878
X  0.6549 -0.7339  0.1801
Y -0.3776 -0.1113  0.9193
Z -0.6546 -0.6701 -0.3500

PART 5
OFFSET  15.8851  1.8337 -8.6969
X  0.6598 -0.7299  0.1786
Y  0.3734  0.5248  0.7649
Z -0.6521 -0.4380  0.6188

PART 6
OFFSET  15.0827  1.0411 -11.1318
X  0.6598 -0.7299  0.1786
Y  0.3734  0.5248  0.7649
Z -0.6521 -0.4380  0.6188

PART 7
OFFSET  14.7554  0.3708 -7.6490
X  0.6598 -0.7299  0.1786
Y  0.3734  0.5248  0.7649
Z -0.6521 -0.4380  0.6188

PART 8
OFFSET  14.0479 -0.4411 -8.9317
X  0.6598 -0.7299  0.1786
Y  0.3734  0.5248  0.7649
Z -0.6521 -0.4380  0.6188

PART 9
OFFSET  13.3300 -0.9052 -10.3337
X  0.6598 -0.7299  0.1786
Y  0.3734  0.5248  0.7649
Z -0.6521 -0.4380  0.6188

PART 10
OFFSET  15.8630 -0.6415 -9.4356
X  0.6763 -0.6374  0.3692
Y -0.4713  0.0108  0.8819
Z -0.5662 -0.7704 -0.2931

PART 11
OFFSET  15.4800 -1.2342 -8.5388
X -0.0239 -0.8698  0.4929
Y -0.2788  0.4793  0.8322
Z -0.9601 -0.1175 -0.2539

PART 12
OFFSET  15.3472 -3.0698 -7.4062
X  0.5054 -0.8498 -0.1500
Y -0.3101 -0.3411  0.8874
Z -0.8053 -0.4020 -0.4359

PART 13
OFFSET  16.0913 -4.4662 -7.7501
X  0.3237 -0.1702 -0.9307
Y  0.1805 -0.9545  0.2373
Z -0.9288 -0.2448 -0.2783

PART 14
OFFSET  16.4019 -4.6777 -8.7653
X  0.8727 -0.1651 -0.4594
Y  0.4646  0.5698  0.6778
Z  0.1499 -0.8050  0.5740

PART 15
OFFSET  16.8255 -1.3482 -10.1267
X  0.7796 -0.6145 -0.1205
Y -0.6147 -0.7144 -0.3343
Z  0.1194  0.3347 -0.9347

PART 16
OFFSET  18.4845 -2.8653 -10.3023
X -0.3626 -0.9316  0.0270
Y -0.9304  0.3601 -0.0685
Z  0.0541 -0.0500 -0.9973

PART 17
OFFSET  17.9712 -4.1842 -10.2641
X -0.9948 -0.0888 -0.0507
Y -0.0830  0.9908 -0.1073
Z  0.0597 -0.1025 -0.9929

PART 18
OFFSET  17.0892 -4.2629 -10.3090
X -0.7791  0.6229 -0.0714
Y  0.6238  0.7815  0.0116
Z  0.0630 -0.0355 -0.9974

PART 19
OFFSET  16.3490 -3.6712 -10.3768
X  0.1952 -0.9619  0.1915
Y  0.9802  0.1847 -0.0713
Z  0.0332  0.2017  0.9789

PART 20
OFFSET  16.7401 -1.3736 -9.4185
X  0.7849 -0.6146  0.0787
Y -0.5587 -0.7569 -0.3390
Z  0.2679  0.2221 -0.9375

PART 21
OFFSET  18.7885 -2.9689 -9.2850
X -0.5386 -0.8399 -0.0663
Y -0.8396  0.5416 -0.0412
Z  0.0705  0.0335 -0.9970

PART 22
OFFSET  17.8715 -4.3989 -9.3979
X -0.9888  0.1355 -0.0618
Y  0.1350  0.9908  0.0134
Z  0.0630  0.0049 -0.9980

PART 23
OFFSET  16.5010 -4.2110 -9.4835
