// Export filename: `C:\projects\cod\t5\xanim_export\t5_viewmodels\m60\m60_sprint_loop.XANIM_EXPORT`
// Source filename: `D:\projects\devanim\t5\animation_assets\viewmodels\m60\viewmodel_m60_animated.fbx`
// Export time: Fri Jul 30 14:22:07 2010

ANIMATION
VERSION 3

NUMPARTS 97
PART 0 "tag_ads"
PART 1 "tag_torso"
PART 2 "J_Shoulder_LE"
PART 3 "J_Elbow_LE"
PART 4 "J_WristTwist_LE"
PART 5 "J_Sleave_Reshape_Bottom_LE_1"
PART 6 "J_Sleave_Reshape_Bottom_LE_2"
PART 7 "J_Sleave_Reshape_Top_LE_1"
PART 8 "J_Sleave_Reshape_Top_LE_2"
PART 9 "J_Sleave_Reshape_Top_LE_3"
PART 10 "J_Wrist_LE"
PART 11 "J_Thumb_LE_0"
PART 12 "J_Thumb_LE_1"
PART 13 "J_Thumb_LE_2"
PART 14 "J_Thumb_LE_3"
PART 15 "J_PinkyPalm_LE"
PART 16 "J_Pinky_LE_0"
PART 17 "J_Pinky_LE_1"
PART 18 "J_Pinky_LE_2"
PART 19 "J_Pinky_LE_3"
PART 20 "J_RingPalm_LE"
PART 21 "J_Ring_LE_0"
PART 22 "J_Ring_LE_1"
PART 23 "J_Ring_LE_2"
PART 24 "J_Ring_LE_3"
PART 25 "J_Webbing_LE"
PART 26 "J_Index_LE_0"
PART 27 "J_Index_LE_1"
PART 28 "J_Index_LE_2"
PART 29 "J_Index_LE_3"
PART 30 "J_Mid_LE_0"
PART 31 "J_Mid_LE_1"
PART 32 "J_Mid_LE_2"
PART 33 "J_Mid_LE_3"
PART 34 "tag_knife_attach"
PART 35 "D_Sleave_Reshape_Bottom_LE_1"
PART 36 "D_Sleave_Reshape_Bottom_LE_2"
PART 37 "D_Sleave_Reshape_Top_LE_1"
PART 38 "D_Sleave_Reshape_Top_LE_2"
PART 39 "D_Sleave_Reshape_Top_LE_3"
PART 40 "tag_weapon"
PART 41 "J_Gun"
PART 42 "J_Bolt"
PART 43 "J_Handle"
PART 44 "J_Reload_Cover"
PART 45 "TAG_IRON_SIGHTS"
PART 46 "TAG_CLIP"
PART 47 "J_Bullets0"
PART 48 "J_Bullets1"
PART 49 "J_Bullets2"
PART 50 "J_Bullets3"
PART 51 "J_Bullets4"
PART 52 "J_Bullets5"
PART 53 "J_Bullets6"
PART 54 "J_Bullets7"
PART 55 "J_Bullets8"
PART 56 "J_Bullets9"
PART 57 "J_Bullets10"
PART 58 "J_Bullets11"
PART 59 "J_Pod_Left"
PART 60 "J_Pod_Right"
PART 61 "J_Shoulder_RI"
PART 62 "J_Elbow_RI"
PART 63 "J_WristTwist_RI"
PART 64 "J_Sleave_Reshape_Top_RI_3"
PART 65 "J_Sleave_Reshape_Top_RI_2"
PART 66 "J_Sleave_Reshape_Top_RI_1"
PART 67 "J_Wrist_RI"
PART 68 "J_Thumb_RI_0"
PART 69 "J_Thumb_RI_1"
PART 70 "J_Thumb_RI_2"
PART 71 "J_Thumb_RI_3"
PART 72 "J_PinkyPalm_RI"
PART 73 "J_Pinky_RI_0"
PART 74 "J_Pinky_RI_1"
PART 75 "J_Pinky_RI_2"
PART 76 "J_Pinky_RI_3"
PART 77 "J_RingPalm_RI"
PART 78 "J_Ring_RI_0"
PART 79 "J_Ring_RI_1"
PART 80 "J_Ring_RI_2"
PART 81 "J_Ring_RI_3"
PART 82 "J_Webbing_RI"
PART 83 "J_Index_RI_0"
PART 84 "J_Index_RI_1"
PART 85 "J_Index_RI_2"
PART 86 "J_Index_RI_3"
PART 87 "J_Mid_RI_0"
PART 88 "J_Mid_RI_1"
PART 89 "J_Mid_RI_2"
PART 90 "J_Mid_RI_3"
PART 91 "D_Sleave_Reshape_Top_RI_3"
PART 92 "D_Sleave_Reshape_Top_RI_2"
PART 93 "D_Sleave_Reshape_Top_RI_1"
PART 94 "tag_cambone"
PART 95 "tag_camera"
PART 96 "tag_gasmask"

FRAMERATE 30
NUMFRAMES 31

FRAME 710
PART 0
OFFSET  0.0000 -0.0000 -0.0000
X  1.0000 -0.0000  0.0000
Y  0.0000  1.0000  0.0000
Z  0.0000 -0.0000  1.0000

PART 1
OFFSET -7.6810 -0.0000 -1.3770
X  1.0000 -0.0000  0.0000
Y  0.0000  1.0000  0.0000
Z  0.0000 -0.0000  1.0000

PART 2
OFFSET -1.6489  5.2787 -5.1189
X  0.6251  0.5528 -0.5510
Y -0.0553 -0.6728 -0.7378
Z -0.7786  0.4917 -0.3900

PART 3
OFFSET  5.9111  11.9648 -11.7826
X  0.3613 -0.9171  0.1685
Y -0.8197 -0.2263  0.5262
Z -0.4444 -0.3282 -0.8335

PART 4
OFFSET  8.9840  4.1644 -10.3496
X  0.3613 -0.9171  0.1685
Y  0.9242  0.3762  0.0661
Z -0.1240  0.1318  0.9835

PART 5
OFFSET  10.8549  3.6426 -8.9126
X  0.3673 -0.9149  0.1676
Y  0.4461  0.3314  0.8314
Z -0.8161 -0.2306  0.5299

PART 6
OFFSET  10.0556  3.2786 -11.4496
X  0.3673 -0.9149  0.1676
Y  0.4461  0.3314  0.8314
Z -0.8161 -0.2306  0.5299

PART 7
OFFSET  9.2226  2.5874 -8.0543
X  0.3673 -0.9149  0.1676
Y  0.4461  0.3314  0.8314
Z -0.8161 -0.2306  0.5299

PART 8
OFFSET  8.4035  2.1203 -9.4387
X  0.3673 -0.9149  0.1676
Y  0.4461  0.3314  0.8314
Z -0.8161 -0.2306  0.5299

PART 9
OFFSET  7.6997  1.9858 -10.9155
X  0.3673 -0.9149  0.1676
Y  0.4461  0.3314  0.8314
Z -0.8161 -0.2306  0.5299

PART 10
OFFSET  10.0916  1.3528 -9.8331
X  0.9274  0.3725  0.0334
Y -0.3414  0.8796 -0.3312
Z -0.1528  0.2958  0.9430

PART 11
OFFSET  10.1166  2.4907 -9.7505
X  0.7320  0.6799  0.0439
Y -0.4277  0.5088 -0.7471
Z -0.5303  0.5281  0.6632

PART 12
OFFSET  11.6240  4.0381 -9.6934
X  0.9628  0.2500  0.1028
Y -0.1647  0.8440 -0.5104
Z -0.2144  0.4745  0.8538

PART 13
OFFSET  13.1640  4.4445 -9.4013
X  0.7693  0.6386  0.0194
Y -0.4647  0.5801 -0.6690
Z -0.4385  0.5056  0.7430

PART 14
OFFSET  13.9679  5.1681 -9.3577
X  0.7538  0.2662 -0.6008
Y  0.0279 -0.9264 -0.3754
Z -0.6566  0.2662 -0.7057

PART 15
OFFSET  11.2110  0.7860 -9.2596
X  0.9647 -0.0768  0.2519
Y -0.2256  0.2522  0.9410
Z -0.1358 -0.9646  0.2260

PART 16
OFFSET  13.3707  0.7848 -8.6112
X  0.2384  0.5109  0.8260
Y -0.8722  0.4867 -0.0493
Z -0.4272 -0.7086  0.5616

PART 17
OFFSET  13.7082  1.5081 -7.4418
X -0.3965  0.7200  0.5696
Y -0.8295 -0.0151 -0.5583
Z -0.3933 -0.6939  0.6032

PART 18
OFFSET  13.3566  2.1465 -6.9368
X -0.5506  0.7058  0.4457
Y -0.7068 -0.1101 -0.6987
Z -0.4441 -0.6998  0.5595

PART 19
OFFSET  12.8335  2.8170 -6.5133
X  0.9291 -0.3695  0.0168
Y -0.2354 -0.6258 -0.7436
Z  0.2853  0.6869 -0.6684

PART 20
OFFSET  11.2095  1.4112 -9.6040
X  0.9865  0.0861  0.1392
Y -0.1566  0.2492  0.9557
Z  0.0476 -0.9646  0.2593

PART 21
OFFSET  13.7736  1.5726 -9.2071
X  0.4644  0.2346  0.8540
Y -0.7903  0.5451  0.2800
Z -0.3998 -0.8049  0.4385

PART 22
OFFSET  14.5642  1.9720 -7.7532
X -0.5456  0.5962  0.5890
Y -0.7479 -0.0293 -0.6631
Z -0.3781 -0.8023  0.4619

PART 23
OFFSET  13.8081  2.7983 -6.9369
X -0.7035  0.5684  0.4265
Y -0.6033 -0.1605 -0.7812
Z -0.3756 -0.8069  0.4559

PART 24
OFFSET  13.0451  3.4148 -6.4743
X  0.9026 -0.4137  0.1192
Y -0.0743 -0.4225 -0.9033
Z  0.4241  0.8065 -0.4121

PART 25
OFFSET  12.3266  4.0564 -9.7505
X  0.8961  0.2626  0.3577
Y  0.4022 -0.1402 -0.9047
Z -0.1875  0.9547 -0.2312

PART 26
OFFSET  13.5046  3.3579 -10.3031
X  0.8953 -0.0595  0.4415
Y -0.3917  0.3669  0.8438
Z -0.2121 -0.9284  0.3052

PART 27
OFFSET  15.0810  3.2532 -9.5258
X  0.1990  0.1713  0.9649
Y -0.9598  0.2332  0.1565
Z -0.1982 -0.9572  0.2109

PART 28
OFFSET  15.3349  3.5196 -8.3656
X -0.5308  0.3839  0.7556
Y -0.8246 -0.0280 -0.5650
Z -0.1957 -0.9230  0.3314

PART 29
OFFSET  14.7354  3.9532 -7.5121
X  0.8621 -0.3593  0.3573
Y  0.2811 -0.2476 -0.9272
Z  0.4216  0.8998 -0.1125

PART 30
OFFSET  13.7487  2.4169 -9.7781
X  0.6777  0.1378  0.7223
Y -0.7073  0.3906  0.5892
Z -0.2009 -0.9102  0.3622

PART 31
OFFSET  15.0727  2.6862 -8.3671
X -0.4824  0.4224  0.7674
Y -0.8385  0.0309 -0.5441
Z -0.2535 -0.9059  0.3392

PART 32
OFFSET  14.3680  3.3031 -7.2463
X -0.7232  0.3985  0.5641
Y -0.6351 -0.0627 -0.7699
Z -0.2715 -0.9150  0.2984

PART 33
OFFSET  13.5475  3.7480 -6.6047
X  0.9775 -0.2070  0.0401
Y -0.0407 -0.3718 -0.9274
Z  0.2069  0.9049 -0.3719

PART 34
OFFSET  12.5571  2.3395 -8.1270
X -0.0102 -0.9546  0.2978
Y  0.1528 -0.2958 -0.9430
Z  0.9882  0.0359  0.1489

PART 35
OFFSET  10.7530  3.4166 -9.9225
X  0.3674 -0.9148  0.1676
Y  0.4551  0.3340  0.8254
Z -0.8111 -0.2270  0.5391

PART 36
OFFSET  10.0550  3.2787 -11.4481
X  0.3674 -0.9148  0.1676
Y  0.4551  0.3340  0.8254
Z -0.8111 -0.2270  0.5391

PART 37
OFFSET  8.8119  2.3244 -8.5900
X  0.3674 -0.9148  0.1676
Y  0.4551  0.3340  0.8254
Z -0.8111 -0.2270  0.5391

PART 38
OFFSET  8.0102  1.9321 -9.5974
X  0.3674 -0.9148  0.1676
Y  0.4551  0.3340  0.8254
Z -0.8111 -0.2270  0.5391

PART 39
OFFSET  8.3885  2.3024 -10.6723
X  0.3674 -0.9148  0.1676
Y  0.4551  0.3340  0.8254
Z -0.8111 -0.2270  0.5391

PART 40
OFFSET  7.5455 -1.0895 -6.7036
X  0.7770  0.5588 -0.2898
Y -0.6022  0.5257 -0.6008
Z -0.1833  0.6414  0.7450

PART 41
OFFSET  7.5455 -1.0895 -6.7036
X  0.7770  0.5588 -0.2898
Y -0.6022  0.5257 -0.6008
Z -0.1833  0.6414  0.7450

PART 42
OFFSET  9.6368  0.9644 -5.7746
X  0.7770  0.5588 -0.2898
Y -0.6022  0.5257 -0.6008
Z -0.1833  0.6414  0.7450

PART 43
OFFSET  12.4718  4.9065 -6.4125
X  0.7770  0.5588 -0.2898
Y -0.4673  0.2036 -0.8603
Z -0.4217  0.8039  0.4193

PART 44
OFFSET  8.5044  2.5803 -4.4533
X  0.7771  0.5587 -0.2898
Y -0.6021  0.5258 -0.6008
Z -0.1834  0.6414  0.7450

PART 45
OFFSET  5.0002  0.8085 -2.4921
X  0.7771  0.5587 -0.2898
Y -0.6021  0.5258 -0.6008
Z -0.1834  0.6414  0.7450

PART 46
OFFSET  4.9326  1.8794 -9.2449
X  0.7770  0.5588 -0.2898
Y -0.6022  0.5257 -0.6008
Z -0.1833  0.6414  0.7450

PART 47
OFFSET  7.0243  0.7974 -4.4630
X -0.6233  0.6190 -0.4778
Y -0.7770 -0.5588  0.2898
Z -0.0876  0.5519  0.8293

PART 48
OFFSET  6.7337  1.0859 -4.6857
X -0.6236  0.6201 -0.4760
Y -0.7770 -0.5588  0.2899
Z -0.0862  0.5506  0.8303

PART 49
OFFSET  6.4430  1.3750 -4.9076
X -0.6223  0.6120 -0.4881
Y -0.7770 -0.5588  0.2899
Z -0.0954  0.5597  0.8232

PART 50
OFFSET  6.1529  1.6603 -5.1353
X -0.6162  0.5812 -0.5315
Y -0.7770 -0.5588  0.2898
Z -0.1285  0.5916  0.7960

PART 51
OFFSET  5.8656  1.9313 -5.3830
X -0.5936  0.4970 -0.6329
Y -0.7769 -0.5590  0.2897
Z -0.2098  0.6637  0.7180

PART 52
OFFSET  5.5889  2.1630 -5.6780
X -0.4654  0.1997 -0.8623
Y -0.7768 -0.5590  0.2898
Z -0.4242  0.8047  0.4153

PART 53
OFFSET  5.3927  2.2472 -6.0415
X -0.1100 -0.3326 -0.9366
Y -0.7768 -0.5591  0.2897
Z -0.6200  0.7595 -0.1968

PART 54
OFFSET  5.3411  2.0914 -6.4804
X  0.1235 -0.5865 -0.8005
Y -0.7768 -0.5591  0.2897
Z -0.6175  0.5861 -0.5246

PART 55
OFFSET  5.3987  1.8180 -6.8536
X  0.1889 -0.6457 -0.7398
Y -0.7768 -0.5592  0.2897
Z -0.6007  0.5200 -0.6072

PART 56
OFFSET  5.4867  1.5169 -7.1985
X  0.1890 -0.6460 -0.7395
Y -0.7769 -0.5590  0.2898
Z -0.6006  0.5197 -0.6075

PART 57
OFFSET  5.5749  1.2158 -7.5432
X  0.1890 -0.6460 -0.7395
Y -0.7769 -0.5590  0.2897
Z -0.6006  0.5198 -0.6076

PART 58
OFFSET  5.6630  0.9146 -7.8880
X  0.1889 -0.6460 -0.7396
Y -0.7769 -0.5590  0.2898
Z -0.6006  0.5198 -0.6075

PART 59
OFFSET  18.9305  9.5329 -11.0078
X -0.0807 -0.3682 -0.9262
Y -0.5685  0.7803 -0.2606
Z  0.8187  0.5056 -0.2723

PART 60
OFFSET  20.5142  8.1503 -9.4277
X -0.4149  0.8009  0.4317
Y -0.5264  0.1757 -0.8319
Z -0.7421 -0.5724  0.3487

PART 61
OFFSET -6.5551 -7.9373 -5.6959
X -0.5588  0.1176  0.8209
Y -0.2400 -0.9705 -0.0243
Z  0.7938 -0.2106  0.5705

PART 62
OFFSET  0.2028 -9.3600 -15.6241
X -0.4227 -0.3306 -0.8438
Y  0.8844  0.0531 -0.4638
Z  0.1981 -0.9423  0.2699

PART 63
OFFSET  3.7979 -6.5482 -8.4469
X -0.4227 -0.3306 -0.8438
Y  0.8052  0.2904 -0.5171
Z  0.4159 -0.8980  0.1435

PART 64
OFFSET  3.5287 -5.0453 -7.1963
X -0.4286 -0.3281 -0.8418
Y -0.2124  0.9422 -0.2591
Z  0.8782  0.0677 -0.4735

PART 65
OFFSET  2.9651 -5.5511 -6.2607
X -0.4286 -0.3281 -0.8418
Y -0.2124  0.9422 -0.2591
Z  0.8782  0.0677 -0.4735

PART 66
OFFSET  3.4301 -6.7346 -5.9125
X -0.4286 -0.3281 -0.8418
Y -0.2124  0.9422 -0.2591
Z  0.8782  0.0677 -0.4735

PART 67
OFFSET  5.0936 -5.5347 -5.8600
X -0.6991 -0.7064  0.1106
Y  0.4305 -0.5393 -0.7237
Z  0.5709 -0.4583  0.6811

PART 68
OFFSET  4.7583 -4.5083 -5.4910
X  0.0090 -0.9622  0.2721
Y  0.5291 -0.2263 -0.8178
Z  0.8485  0.1514  0.5071

PART 69
OFFSET  4.6388 -2.4177 -6.0249
X -0.5626 -0.5530  0.6145
Y  0.4508 -0.8283 -0.3327
Z  0.6930  0.0898  0.7153

PART 70
OFFSET  5.4964 -1.5844 -7.1168
X -0.6089  0.2992  0.7347
Y -0.1022 -0.9480  0.3014
Z  0.7867  0.1085  0.6078

PART 71
OFFSET  6.1205 -1.8968 -7.9442
X -0.9758 -0.0442  0.2140
Y -0.2154  0.0285 -0.9761
Z  0.0370 -0.9986 -0.0373

PART 72
OFFSET  6.0308 -5.4218 -6.8662
X -0.7910 -0.3544  0.4988
Y  0.6102 -0.3967  0.6858
Z -0.0451  0.8468  0.5300

PART 73
OFFSET  7.7266 -4.4536 -7.9938
X -0.1711 -0.8434  0.5093
Y  0.9744 -0.2213 -0.0391
Z  0.1457  0.4896  0.8597

PART 74
OFFSET  7.9689 -3.2596 -8.7149
X  0.8338 -0.5275  0.1628
Y  0.5404  0.7195 -0.4363
Z  0.1130  0.4517  0.8850

PART 75
OFFSET  7.2296 -2.7919 -8.8592
X  0.9813  0.0424 -0.1875
Y -0.1305  0.8630 -0.4880
Z  0.1411  0.5034  0.8524

PART 76
OFFSET  6.2972 -2.8321 -8.6811
X -0.6891 -0.6470  0.3265
Y -0.7122  0.6879 -0.1401
Z -0.1340 -0.3291 -0.9348

PART 77
OFFSET  5.9782 -4.9720 -6.3144
X -0.7894 -0.5247  0.3188
Y  0.5655 -0.4194  0.7101
Z -0.2389  0.7408  0.6278

PART 78
OFFSET  8.0748 -3.7296 -7.2193
X -0.0819 -0.6849  0.7240
Y  0.9700 -0.2215 -0.0997
Z  0.2287  0.6942  0.6825

PART 79
OFFSET  8.2144 -2.5636 -8.4520
X  0.9189 -0.3850  0.0858
Y  0.3285  0.6266 -0.7067
Z  0.2183  0.6776  0.7023

PART 80
OFFSET  6.9408 -2.0300 -8.5709
X  0.9383  0.0688 -0.3388
Y -0.2764  0.7380 -0.6156
Z  0.2077  0.6713  0.7115

PART 81
OFFSET  5.9231 -2.1047 -8.2034
X -0.6007 -0.4449  0.6643
Y -0.7729  0.5356 -0.3402
Z -0.2045 -0.7178 -0.6656

PART 82
OFFSET  2.1261 -8.2644 -4.4225
X -0.5823 -0.6878  0.4335
Y -0.7322  0.2119 -0.6474
Z  0.3534 -0.6943 -0.6269

PART 83
OFFSET  7.7052 -2.5457 -5.4920
X -0.6686 -0.6250  0.4028
Y  0.6847 -0.3063  0.6614
Z -0.2900  0.7180  0.6327

PART 84
OFFSET  8.8824 -1.4452 -6.2012
X  0.2532 -0.5391  0.8033
Y  0.9121  0.4097 -0.0125
Z -0.3223  0.7359  0.5955

PART 85
OFFSET  8.5550 -0.7451 -7.1416
X  0.4476 -0.5015  0.7404
Y  0.8475  0.5021 -0.1723
Z -0.2854  0.7046  0.6497

PART 86
OFFSET  8.0495 -0.1787 -7.9779
X -0.9910 -0.0918  0.0972
Y -0.1312  0.5297 -0.8380
Z  0.0254 -0.8432 -0.5370

PART 87
OFFSET  7.9952 -3.1239 -6.3876
X  0.0677 -0.6456  0.7606
Y  0.9968  0.0768 -0.0235
Z -0.0432  0.7598  0.6488

PART 88
OFFSET  7.8630 -1.8626 -7.8735
X  0.9686 -0.1307  0.2114
Y  0.2469  0.6045 -0.7574
Z -0.0288  0.7858  0.6178

PART 89
OFFSET  6.4482 -1.6716 -8.1823
X  0.9433  0.2216 -0.2472
Y -0.3293  0.5303 -0.7813
Z -0.0421  0.8184  0.5731

PART 90
OFFSET  5.3799 -1.9280 -7.9069
X -0.5103 -0.5609  0.6519
Y -0.8599  0.3235 -0.3949
Z  0.0106 -0.7621 -0.6474

PART 91
OFFSET  3.5248 -5.0334 -7.1993
X -0.4285 -0.3283 -0.8418
Y -0.2096  0.9424 -0.2608
Z  0.8789  0.0647 -0.4726

PART 92
OFFSET  2.9588 -5.5287 -6.2666
X -0.4285 -0.3283 -0.8418
Y -0.2096  0.9424 -0.2608
Z  0.8789  0.0647 -0.4726

PART 93
OFFSET  3.4543 -6.7326 -5.9251
X -0.4285 -0.3283 -0.8418
Y -0.2096  0.9424 -0.2608
Z  0.8789  0.0647 -0.4726

PART 94
OFFSET  0.0000 -0.0000 -0.0000
X  1.0000 -0.0000  0.0000
Y  0.0000  1.0000  0.0000
Z  0.0000 -0.0000  1.0000

PART 95
OFFSET  0.0000 -0.0000 -0.0000
X  1.0000 -0.0000  0.0000
Y  0.0000  1.0000  0.0000
Z  0.0000 -0.0000  1.0000

PART 96
OFFSET  1.5404 -0.0000  4.1357
X  1.0000 -0.0000  0.0000
Y  0.0000  1.0000  0.0000
Z  0.0000 -0.0000  1.0000


FRAME 711
PART 0
OFFSET  0.0000 -0.0000 -0.0000
X  1.0000 -0.0000  0.0000
Y  0.0000  1.0000  0.0000
Z  0.0000 -0.0000  1.0000

PART 1
OFFSET -7.6810 -0.0000 -1.3770
X  1.0000 -0.0000  0.0000
Y  0.0000  1.0000  0.0000
Z  0.0000 -0.0000  1.0000

PART 2
OFFSET -1.6489  5.2787 -5.1189
X  0.6305  0.5458 -0.5520
Y -0.0572 -0.6765 -0.7343
Z -0.7741  0.4945 -0.3952

PART 3
OFFSET  5.9758  11.8793 -11.7942
X  0.3569 -0.9179  0.1733
Y -0.8220 -0.2204  0.5251
Z -0.4438 -0.3299 -0.8332

PART 4
OFFSET  9.0114  4.0720 -10.3199
X  0.3569 -0.9179  0.1733
Y  0.9247  0.3735  0.0738
Z -0.1324  0.1340  0.9821

PART 5
OFFSET  10.8766  3.5483 -8.8760
X  0.3630 -0.9157  0.1725
Y  0.4455  0.3331  0.8310
Z -0.8184 -0.2248  0.5289

PART 6
OFFSET  10.0818  3.1768 -11.4134
X  0.3630 -0.9157  0.1725
Y  0.4455  0.3331  0.8310
Z -0.8184 -0.2248  0.5289

PART 7
OFFSET  9.2376  2.5040 -8.0172
X  0.3630 -0.9157  0.1725
Y  0.4455  0.3331  0.8310
Z -0.8184 -0.2248  0.5289

PART 8
OFFSET  8.4199  2.0344 -9.4015
X  0.3630 -0.9157  0.1725
Y  0.4455  0.3331  0.8310
Z -0.8184 -0.2248  0.5289

PART 9
OFFSET  7.7191  1.8965 -10.8794
X  0.3630 -0.9157  0.1725
Y  0.4455  0.3331  0.8310
Z -0.8184 -0.2248  0.5289

PART 10
OFFSET  10.1056  1.2579 -9.7885
X  0.9288  0.3681  0.0427
Y -0.3353  0.8840 -0.3258
Z -0.1576  0.2883  0.9445

PART 11
OFFSET  10.1351  2.3949 -9.6960
X  0.7347  0.6762  0.0545
Y -0.4206  0.5171 -0.7455
Z -0.5323  0.5248  0.6643

PART 12
OFFSET  11.6489  3.9349 -9.6157
X  0.9632  0.2448  0.1112
Y -0.1576  0.8491 -0.5042
Z -0.2178  0.4681  0.8564

PART 13
OFFSET  13.1888  4.3319 -9.3102
X  0.7719  0.6350  0.0299
Y -0.4578  0.5879 -0.6670
Z -0.4411  0.5012  0.7445

PART 14
OFFSET  13.9956  5.0516 -9.2552
X  0.7588  0.2680 -0.5936
Y  0.0263 -0.9233 -0.3832
Z -0.6508  0.2752 -0.7077

PART 15
OFFSET  11.2187  0.6811 -9.2126
X  0.9627 -0.0833  0.2574
Y -0.2306  0.2451  0.9417
Z -0.1415 -0.9659  0.2168

PART 16
OFFSET  13.3741  0.6647 -8.5503
X  0.2352  0.5027  0.8318
Y -0.8697  0.4910 -0.0508
Z -0.4340 -0.7115  0.5527

PART 17
OFFSET  13.7072  1.3764 -7.3726
X -0.3970  0.7168  0.5732
Y -0.8259 -0.0066 -0.5637
Z -0.4003 -0.6972  0.5947

PART 18
OFFSET  13.3552  2.0120 -6.8644
X -0.5504  0.7044  0.4482
Y -0.7027 -0.1010 -0.7042
Z -0.4508 -0.7026  0.5506

PART 19
OFFSET  12.8323  2.6812 -6.4385
X  0.9273 -0.3738  0.0196
Y -0.2333 -0.6183 -0.7505
Z  0.2927  0.6914 -0.6606

PART 20
OFFSET  11.2222  1.3093 -9.5517
X  0.9860  0.0805  0.1463
Y -0.1618  0.2417  0.9568
Z  0.0417 -0.9670  0.2513

PART 21
OFFSET  13.7844  1.4558 -9.1368
X  0.4599  0.2251  0.8590
Y -0.7896  0.5462  0.2796
Z -0.4062 -0.8069  0.4289

PART 22
OFFSET  14.5673  1.8391 -7.6744
X -0.5467  0.5936  0.5905
Y -0.7437 -0.0202 -0.6682
Z -0.3847 -0.8045  0.4525

PART 23
OFFSET  13.8096  2.6618 -6.8559
X -0.7038  0.5679  0.4269
Y -0.5989 -0.1511 -0.7864
Z -0.3821 -0.8091  0.4464

PART 24
OFFSET  13.0463  3.2776 -6.3930
X  0.8999 -0.4188  0.1215
Y -0.0703 -0.4144 -0.9074
Z  0.4303  0.8081 -0.4023

PART 25
OFFSET  12.3520  3.9506 -9.6682
X  0.8949  0.2555  0.3658
Y  0.4075 -0.1342 -0.9033
Z -0.1817  0.9574 -0.2242

PART 26
OFFSET  13.5305  3.2516 -10.2191
X  0.8921 -0.0673  0.4467
Y -0.3956  0.3614  0.8444
Z -0.2182 -0.9300  0.2958

PART 27
OFFSET  15.1012  3.1332 -9.4325
X  0.1935  0.1622  0.9676
Y -0.9597  0.2362  0.1523
Z -0.2038 -0.9581  0.2013

PART 28
OFFSET  15.3488  3.3885 -8.2684
X -0.5340  0.3798  0.7554
Y -0.8210 -0.0194 -0.5706
Z -0.2020 -0.9249  0.3222

PART 29
OFFSET  14.7457  3.8174 -7.4152
X  0.8582 -0.3662  0.3598
Y  0.2860 -0.2409 -0.9275
Z  0.4263  0.8988 -0.1020

PART 30
OFFSET  13.7669  2.3051 -9.7007
X  0.6736  0.1286  0.7278
Y -0.7094  0.3887  0.5879
Z -0.2073 -0.9124  0.3530

PART 31
OFFSET  15.0829  2.5562 -8.2789
X -0.4855  0.4179  0.7679
Y -0.8347  0.0393 -0.5492
Z -0.2597 -0.9076  0.3298

PART 32
OFFSET  14.3737  3.1667 -7.1574
X -0.7251  0.3969  0.5628
Y -0.6303 -0.0532 -0.7745
Z -0.2774 -0.9163  0.2887

PART 33
OFFSET  13.5510  3.6098 -6.5173
X  0.9763 -0.2118  0.0447
Y -0.0363 -0.3637 -0.9308
Z  0.2134  0.9071 -0.3628

PART 34
OFFSET  12.5643  2.2188 -8.0580
X -0.0164 -0.9571  0.2895
Y  0.1576 -0.2883 -0.9445
Z  0.9874  0.0302  0.1556

PART 35
OFFSET  10.7761  3.3184 -9.8852
X  0.3630 -0.9157  0.1725
Y  0.4546  0.3356  0.8250
Z -0.8134 -0.2211  0.5381

PART 36
OFFSET  10.0813  3.1769 -11.4119
X  0.3630 -0.9157  0.1725
Y  0.4546  0.3356  0.8250
Z -0.8134 -0.2211  0.5381

PART 37
OFFSET  8.8271  2.2404 -8.5527
X  0.3630 -0.9157  0.1725
Y  0.4546  0.3356  0.8250
Z -0.8134 -0.2211  0.5381

PART 38
OFFSET  8.0262  1.8472 -9.5604
X  0.3630 -0.9157  0.1725
Y  0.4546  0.3356  0.8250
Z -0.8134 -0.2211  0.5381

PART 39
OFFSET  8.4087  2.2112 -10.6360
X  0.3630 -0.9157  0.1725
Y  0.4546  0.3356  0.8250
Z -0.8134 -0.2211  0.5381

PART 40
OFFSET  7.5284 -1.1998 -6.6967
X  0.7814  0.5577 -0.2800
Y -0.5959  0.5336 -0.6002
Z -0.1853  0.6358  0.7493

PART 41
OFFSET  7.5284 -1.1998 -6.6967
X  0.7814  0.5577 -0.2800
Y -0.5959  0.5336 -0.6002
Z -0.1853  0.6358  0.7493

PART 42
OFFSET  9.6226  0.8367 -5.7365
X  0.7814  0.5577 -0.2800
Y -0.5959  0.5336 -0.6002
Z -0.1853  0.6358  0.7493

PART 43
OFFSET  12.4792  4.7715 -6.3221
X  0.7814  0.5577 -0.2800
Y -0.4608  0.2131 -0.8615
Z -0.4209  0.8022  0.4235

PART 44
OFFSET  8.4889  2.4463 -4.4087
X  0.7814  0.5577 -0.2799
Y -0.5959  0.5336 -0.6002
Z -0.1854  0.6358  0.7493

PART 45
OFFSET  4.9642  0.6734 -2.4855
X  0.7814  0.5577 -0.2799
Y -0.5959  0.5336 -0.6002
Z -0.1854  0.6358  0.7493

PART 46
OFFSET  4.9452  1.8025 -9.2292
X  0.7814  0.5577 -0.2800
Y -0.5959  0.5336 -0.6002
Z -0.1853  0.6358  0.7493

PART 47
OFFSET  7.0010  0.6701 -4.4434
X -0.6175  0.6259 -0.4764
Y -0.7814 -0.5577  0.2800
Z -0.0905  0.5451  0.8334

PART 48
OFFSET  6.7131  0.9619 -4.6654
X -0.6177  0.6270 -0.4747
Y -0.7813 -0.5578  0.2800
Z -0.0892  0.5438  0.8344

PART 49
OFFSET  6.4251  1.2542 -4.8867
X -0.6164  0.6189 -0.4869
Y -0.7813 -0.5578  0.2800
Z -0.0983  0.5530  0.8274

PART 50
OFFSET  6.1378  1.5428 -5.1138
X -0.6102  0.5885 -0.5304
Y -0.7814 -0.5578  0.2800
Z -0.1311  0.5853  0.8002

PART 51
OFFSET  5.8533  1.8172 -5.3610
X -0.5873  0.5051 -0.6325
Y -0.7813 -0.5580  0.2798
Z -0.2115  0.6585  0.7223

PART 52
OFFSET  5.5796  2.0526 -5.6558
X -0.4589  0.2092 -0.8635
Y -0.7812 -0.5580  0.2799
Z -0.4233  0.8030  0.4195

PART 53
OFFSET  5.3861  2.1408 -6.0198
X -0.1054 -0.3240 -0.9402
Y -0.7812 -0.5581  0.2799
Z -0.6154  0.7639 -0.1943

PART 54
OFFSET  5.3367  1.9890 -6.4604
X  0.1261 -0.5801 -0.8047
Y -0.7812 -0.5581  0.2799
Z -0.6114  0.5933 -0.5236

PART 55
OFFSET  5.3955  1.7186 -6.8355
X  0.1909 -0.6402 -0.7441
Y -0.7812 -0.5581  0.2798
Z -0.5944  0.5279 -0.6066

PART 56
OFFSET  5.4845  1.4201 -7.1824
X  0.1909 -0.6405 -0.7438
Y -0.7812 -0.5580  0.2799
Z -0.5944  0.5276 -0.6069

PART 57
OFFSET  5.5735  1.1215 -7.5291
X  0.1909 -0.6405 -0.7438
Y -0.7813 -0.5579  0.2799
Z -0.5943  0.5277 -0.6069

PART 58
OFFSET  5.6625  0.8229 -7.8759
X  0.1909 -0.6405 -0.7439
Y -0.7812 -0.5580  0.2799
Z -0.5943  0.5277 -0.6069

PART 59
OFFSET  18.9882  9.4081 -10.8355
X -0.0763 -0.3599 -0.9299
Y -0.5634  0.7850 -0.2576
Z  0.8227  0.5042 -0.2626

PART 60
OFFSET  20.5553  8.0048 -9.2571
X -0.4141  0.7990  0.4359
Y -0.5202  0.1852 -0.8337
Z -0.7469 -0.5721  0.3389

PART 61
OFFSET -6.5551 -7.9373 -5.6959
X -0.5518  0.1213  0.8251
Y -0.2488 -0.9683 -0.0241
Z  0.7960 -0.2186  0.5645

PART 62
OFFSET  0.1186 -9.4038 -15.6745
X -0.4263 -0.3252 -0.8441
Y  0.8840  0.0480 -0.4650
Z  0.1917 -0.9444  0.2670

PART 63
OFFSET  3.7445 -6.6379 -8.4951
X -0.4263 -0.3252 -0.8441
Y  0.8092  0.2800 -0.5165
Z  0.4044 -0.9032  0.1438

PART 64
OFFSET  3.4881 -5.1366 -7.2399
X -0.4322 -0.3227 -0.8421
Y -0.2059  0.9444 -0.2562
Z  0.8780  0.0627 -0.4746

PART 65
OFFSET  2.9222 -5.6408 -6.3049
X -0.4322 -0.3227 -0.8421
Y -0.2059  0.9444 -0.2562
Z  0.8780  0.0627 -0.4746

PART 66
OFFSET  3.3791 -6.8286 -5.9606
X -0.4322 -0.3227 -0.8421
Y -0.2059  0.9444 -0.2562
Z  0.8780  0.0627 -0.4746

PART 67
OFFSET  5.0514 -5.6410 -5.9073
X -0.7029 -0.7042  0.1000
Y  0.4328 -0.5350 -0.7256
Z  0.5644 -0.4667  0.6809

PART 68
OFFSET  4.7182 -4.6163 -5.5317
X  0.0030 -0.9645  0.2639
Y  0.5334 -0.2217 -0.8163
Z  0.8458  0.1432  0.5139

PART 69
OFFSET  4.6115 -2.5207 -6.0482
X -0.5691 -0.5558  0.6060
Y  0.4493 -0.8274 -0.3369
Z  0.6887  0.0806  0.7206

PART 70
OFFSET  5.4798 -1.6819 -7.1274
X -0.6123  0.2956  0.7333
Y -0.1083 -0.9501  0.2926
Z  0.7831  0.0997  0.6138

PART 71
OFFSET  6.1080 -1.9900 -7.9534
X -0.9774 -0.0416  0.2073
Y -0.2089  0.0379 -0.9772
Z  0.0328 -0.9984 -0.0457

PART 72
OFFSET  5.9956 -5.5237 -6.9064
X -0.7957 -0.3551  0.4906
Y  0.6040 -0.4053  0.6862
Z -0.0448  0.8424  0.5370

PART 73
OFFSET  7.7029 -4.5534 -8.0147
X -0.1782 -0.8470  0.5009
Y  0.9737 -0.2253 -0.0347
Z  0.1423  0.4815  0.8648

PART 74
OFFSET  7.9552 -3.3543 -8.7238
X  0.8304 -0.5326  0.1636
Y  0.5464  0.7208 -0.4265
Z  0.1092  0.4436  0.8895

PART 75
OFFSET  7.2189 -2.8821 -8.8689
X  0.9827  0.0396 -0.1808
Y -0.1235  0.8677 -0.4814
Z  0.1378  0.4954  0.8576

PART 76
OFFSET  6.2853 -2.9197 -8.6971
X -0.6940 -0.6466  0.3165
Y -0.7082  0.6922 -0.1387
Z -0.1294 -0.3204 -0.9384

PART 77
OFFSET  5.9414 -5.0784 -6.3511
X -0.7937 -0.5238  0.3091
Y  0.5590 -0.4280  0.7101
Z -0.2397  0.7365  0.6326

PART 78
OFFSET  8.0494 -3.8377 -7.2317
X -0.0897 -0.6907  0.7176
Y  0.9697 -0.2250 -0.0954
Z  0.2273  0.6873  0.6899

PART 79
OFFSET  8.2021 -2.6617 -8.4533
X  0.9166 -0.3898  0.0884
Y  0.3359  0.6312 -0.6991
Z  0.2167  0.6705  0.7095

PART 80
OFFSET  6.9317 -2.1215 -8.5759
X  0.9408  0.0675 -0.3321
Y -0.2691  0.7445 -0.6110
Z  0.2060  0.6642  0.7186

PART 81
OFFSET  5.9113 -2.1947 -8.2157
X -0.6070 -0.4479  0.6565
Y -0.7683  0.5420 -0.3405
Z -0.2033 -0.7111 -0.6731

PART 82
OFFSET  2.0625 -8.3696 -4.5126
X -0.5881 -0.6889  0.4237
Y -0.7270  0.2207 -0.6502
Z  0.3544 -0.6905 -0.6306

PART 83
OFFSET  7.6737 -2.6670 -5.4967
X -0.6740 -0.6255  0.3931
Y  0.6790 -0.3150  0.6631
Z -0.2909  0.7138  0.6370

PART 84
OFFSET  8.8604 -1.5657 -6.1887
X  0.2456 -0.5472  0.8002
Y  0.9140  0.4057 -0.0031
Z -0.3229  0.7321  0.5997

PART 85
OFFSET  8.5422 -0.8561 -7.1251
X  0.4405 -0.5098  0.7390
Y  0.8508  0.4997 -0.1624
Z -0.2864  0.7003  0.6539

PART 86
OFFSET  8.0447 -0.2803 -7.9597
X -0.9920 -0.0882  0.0900
Y -0.1234  0.5375 -0.8342
Z  0.0252 -0.8387 -0.5441

PART 87
OFFSET  7.9670 -3.2388 -6.3953
X  0.0598 -0.6525  0.7555
Y  0.9972  0.0725 -0.0164
Z -0.0441  0.7544  0.6550

PART 88
OFFSET  7.8501 -1.9642 -7.8711
X  0.9666 -0.1369  0.2165
Y  0.2545  0.6099 -0.7505
Z -0.0293  0.7806  0.6244

PART 89
OFFSET  6.4382 -1.7642 -8.1874
X  0.9459  0.2194 -0.2391
Y -0.3218  0.5384 -0.7788
Z -0.0422  0.8136  0.5799

PART 90
OFFSET  5.3670 -2.0181 -7.9212
X -0.5171 -0.5642  0.6437
Y -0.8559  0.3307 -0.3976
Z  0.0115 -0.7565 -0.6539

PART 91
OFFSET  3.4843 -5.1246 -7.2429
X -0.4321 -0.3229 -0.8420
Y -0.2032  0.9446 -0.2579
Z  0.8786  0.0596 -0.4737

PART 92
OFFSET  2.9161 -5.6184 -6.3107
X -0.4321 -0.3229 -0.8420
Y -0.2032  0.9446 -0.2579
Z  0.8786  0.0596 -0.4737

PART 93
OFFSET  3.4033 -6.8268 -5.9733
X -0.4321 -0.3229 -0.8420
Y -0.2032  0.9446 -0.2579
Z  0.8786  0.0596 -0.4737

PART 94
OFFSET  0.0000 -0.0000 -0.0000
X  1.0000 -0.0000  0.0000
Y  0.0000  1.0000  0.0000
Z  0.0000 -0.0000  1.0000

PART 95
OFFSET  0.0000 -0.0000 -0.0000
X  1.0000 -0.0000  0.0000
Y  0.0000  1.0000  0.0000
Z  0.0000 -0.0000  1.0000

PART 96
OFFSET  1.5404 -0.0000  4.1357
X  1.0000 -0.0000  0.0000
Y  0.0000  1.0000  0.0000
Z  0.0000 -0.0000  1.0000


FRAME 712
PART 0
OFFSET  0.0000 -0.0000 -0.0000
X  1.0000 -0.0000  0.0000
Y  0.0000  1.0000  0.0000
Z  0.0000 -0.0000  1.0000

PART 1
OFFSET -7.6810 -0.0000 -1.3770
X  1.0000 -0.0000  0.0000
Y  0.0000  1.0000  0.0000
Z  0.0000 -0.0000  1.0000

PART 2
OFFSET -1.6489  5.2787 -5.1189
X  0.6433  0.5286 -0.5538
Y -0.0623 -0.6849 -0.7260
Z -0.7631  0.5015 -0.4077

PART 3
OFFSET  6.1310  11.6718 -11.8169
X  0.3448 -0.9202  0.1854
Y -0.8278 -0.2050  0.5222
Z -0.4425 -0.3336 -0.8324

PART 4
OFFSET  9.0641  3.8454 -10.2398
X  0.3448 -0.9202  0.1854
Y  0.9274  0.3645  0.0840
Z -0.1448  0.1430  0.9791

PART 5
OFFSET  10.9138  3.3153 -8.7786
X  0.3509 -0.9180  0.1846
Y  0.4443  0.3368  0.8302
Z -0.8243 -0.2093  0.5260

PART 6
OFFSET  10.1305  2.9259 -11.3169
X  0.3509 -0.9180  0.1846
Y  0.4443  0.3368  0.8302
Z -0.8243 -0.2093  0.5260

PART 7
OFFSET  9.2572  2.2998 -7.9191
X  0.3509 -0.9180  0.1846
Y  0.4443  0.3368  0.8302
Z -0.8243 -0.2093  0.5260

PART 8
OFFSET  8.4425  1.8250 -9.3035
X  0.3509 -0.9180  0.1846
Y  0.4443  0.3368  0.8302
Z -0.8243 -0.2093  0.5260

PART 9
OFFSET  7.7493  1.6795 -10.7842
X  0.3509 -0.9180  0.1846
Y  0.4443  0.3368  0.8302
Z -0.8243 -0.2093  0.5260

PART 10
OFFSET  10.1212  1.0245 -9.6714
X  0.9328  0.3561  0.0557
Y -0.3221  0.8930 -0.3143
Z -0.1617  0.2753  0.9477

PART 11
OFFSET  10.1636  2.1594 -9.5605
X  0.7423  0.6663  0.0710
Y -0.4084  0.5339 -0.7404
Z -0.5313  0.5206  0.6684

PART 12
OFFSET  11.6950  3.6796 -9.4440
X  0.9651  0.2314  0.1226
Y -0.1435  0.8588 -0.4918
Z -0.2191  0.4571  0.8620

PART 13
OFFSET  13.2370  4.0531 -9.1203
X  0.7792  0.6251  0.0460
Y -0.4454  0.6038 -0.6611
Z -0.4410  0.4946  0.7489

PART 14
OFFSET  14.0519  4.7620 -9.0476
X  0.7667  0.2681 -0.5834
Y  0.0183 -0.9174 -0.3976
Z -0.6418  0.2941 -0.7082

PART 15
OFFSET  11.2228  0.4253 -9.0961
X  0.9596 -0.0990  0.2635
Y -0.2351  0.2330  0.9436
Z -0.1548 -0.9674  0.2003

PART 16
OFFSET  13.3725  0.3724 -8.4174
X  0.2346  0.4866  0.8415
Y -0.8633  0.5022 -0.0497
Z -0.4468 -0.7149  0.5379

PART 17
OFFSET  13.7046  1.0613 -7.2260
X -0.3929  0.7124  0.5815
Y -0.8214  0.0123 -0.5702
Z -0.4133 -0.7017  0.5804

PART 18
OFFSET  13.3562  1.6929 -6.7104
X -0.5455  0.7038  0.4551
Y -0.6983 -0.0813 -0.7112
Z -0.4635 -0.7057  0.5358

PART 19
OFFSET  12.8380  2.3616 -6.2781
X  0.9226 -0.3852  0.0209
Y -0.2347 -0.6035 -0.7620
Z  0.3062  0.6981 -0.6472

PART 20
OFFSET  11.2364  1.0586 -9.4251
X  0.9856  0.0663  0.1553
Y -0.1665  0.2284  0.9592
Z  0.0281 -0.9713  0.2362

PART 21
OFFSET  13.7968  1.1676 -8.9880
X  0.4557  0.2060  0.8660
Y -0.7853  0.5512  0.2821
Z -0.4192 -0.8086  0.4129

PART 22
OFFSET  14.5726  1.5183 -7.5137
X -0.5443  0.5907  0.5956
Y -0.7386 -0.0007 -0.6742
Z -0.3978 -0.8069  0.4367

PART 23
OFFSET  13.8183  2.3370 -6.6882
X -0.7003  0.5695  0.4304
Y -0.5944 -0.1314 -0.7934
Z -0.3953 -0.8114  0.4305

PART 24
OFFSET  13.0587  2.9546 -6.2214
X  0.8939 -0.4314  0.1218
Y -0.0680 -0.3991 -0.9144
Z  0.4431  0.8091 -0.3861

PART 25
OFFSET  12.3986  3.6876 -9.4908
X  0.8950  0.2389  0.3767
Y  0.4130 -0.1248 -0.9021
Z -0.1685  0.9630 -0.2104

PART 26
OFFSET  13.5730  2.9832 -10.0435
X  0.8877 -0.0851  0.4525
Y -0.3979  0.3527  0.8469
Z -0.2317 -0.9319  0.2792

PART 27
OFFSET  15.1359  2.8334 -9.2468
X  0.1877  0.1445  0.9715
Y -0.9580  0.2453  0.1486
Z -0.2168 -0.9586  0.1844

PART 28
OFFSET  15.3772  3.0673 -8.0769
X -0.5354  0.3742  0.7572
Y -0.8166 -0.0005 -0.5772
Z -0.2156 -0.9273  0.3058

PART 29
OFFSET  14.7725  3.4900 -7.2216
X  0.8508 -0.3822  0.3605
Y  0.2905 -0.2297 -0.9289
Z  0.4379  0.8951 -0.0844

PART 30
OFFSET  13.7940  2.0259 -9.5385
X  0.6693  0.1089  0.7350
Y -0.7094  0.3879  0.5885
Z -0.2210 -0.9153  0.3369

PART 31
OFFSET  15.1015  2.2386 -8.1027
X -0.4866  0.4116  0.7706
Y -0.8298  0.0581 -0.5550
Z -0.2732 -0.9095  0.3133

PART 32
OFFSET  14.3908  2.8398 -6.9771
X -0.7247  0.3967  0.5634
Y -0.6247 -0.0334 -0.7801
Z -0.2907 -0.9174  0.2720

PART 33
OFFSET  13.5683  3.2826 -6.3366
X  0.9733 -0.2242  0.0489
Y -0.0332 -0.3485 -0.9367
Z  0.2271  0.9101 -0.3466

PART 34
OFFSET  12.5774  1.9281 -7.9067
X -0.0301 -0.9612  0.2741
Y  0.1617 -0.2753 -0.9477
Z  0.9864  0.0158  0.1637

PART 35
OFFSET  10.8168  3.0757 -9.7859
X  0.3510 -0.9180  0.1846
Y  0.4534  0.3391  0.8243
Z -0.8193 -0.2056  0.5352

PART 36
OFFSET  10.1299  2.9260 -11.3154
X  0.3510 -0.9180  0.1846
Y  0.4534  0.3391  0.8243
Z -0.8193 -0.2056  0.5352

PART 37
OFFSET  8.8469  2.0353 -8.4543
X  0.3510 -0.9180  0.1846
Y  0.4534  0.3391  0.8243
Z -0.8193 -0.2056  0.5352

PART 38
OFFSET  8.0476  1.6408 -9.4628
X  0.3510 -0.9180  0.1846
Y  0.4534  0.3391  0.8243
Z -0.8193 -0.2056  0.5352

PART 39
OFFSET  8.4411  1.9886 -10.5398
X  0.3510 -0.9180  0.1846
Y  0.4534  0.3391  0.8243
Z -0.8193 -0.2056  0.5352

PART 40
OFFSET  7.4903 -1.4505 -6.6392
X  0.7902  0.5526 -0.2650
Y -0.5847  0.5502 -0.5962
Z -0.1837  0.6260  0.7578

PART 41
OFFSET  7.4903 -1.4505 -6.6392
X  0.7902  0.5526 -0.2650
Y -0.5847  0.5502 -0.5962
Z -0.1837  0.6260  0.7578

PART 42
OFFSET  9.6010  0.5450 -5.6305
X  0.7902  0.5526 -0.2650
Y -0.5847  0.5502 -0.5962
Z -0.1837  0.6260  0.7578

PART 43
OFFSET  12.5089  4.4539 -6.1311
X  0.7902  0.5526 -0.2650
Y -0.4513  0.2322 -0.8616
Z -0.4146  0.8004  0.4329

PART 44
OFFSET  8.4760  2.1470 -4.2861
X  0.7902  0.5526 -0.2649
Y -0.5847  0.5502 -0.5962
Z -0.1837  0.6260  0.7578

PART 45
OFFSET  4.9153  0.3867 -2.4188
X  0.7902  0.5526 -0.2649
Y -0.5847  0.5502 -0.5962
Z -0.1837  0.6260  0.7578

PART 46
OFFSET  4.9634  1.6224 -9.1436
X  0.7902  0.5526 -0.2650
Y -0.5847  0.5502 -0.5962
Z -0.1837  0.6260  0.7578

PART 47
OFFSET  6.9674  0.3897 -4.3605
X -0.6061  0.6408 -0.4712
Y -0.7902 -0.5526  0.2650
Z -0.0906  0.5329  0.8413

PART 48
OFFSET  6.6848  0.6884 -4.5801
X -0.6064  0.6418 -0.4694
Y -0.7901 -0.5527  0.2650
Z -0.0893  0.5316  0.8423

PART 49
OFFSET  6.4021  0.9877 -4.7990
X -0.6050  0.6339 -0.4817
Y -0.7901 -0.5527  0.2650
Z -0.0983  0.5410  0.8353

PART 50
OFFSET  6.1200  1.2832 -5.0237
X -0.5989  0.6042 -0.5257
Y -0.7902 -0.5526  0.2650
Z -0.1304  0.5741  0.8083

PART 51
OFFSET  5.8408  1.5649 -5.2687
X -0.5761  0.5221 -0.6289
Y -0.7901 -0.5528  0.2649
Z -0.2094  0.6495  0.7310

PART 52
OFFSET  5.5723  1.8083 -5.5618
X -0.4494  0.2283 -0.8636
Y -0.7900 -0.5529  0.2650
Z -0.4170  0.8014  0.4289

PART 53
OFFSET  5.3828  1.9045 -5.9259
X -0.1018 -0.3078 -0.9460
Y -0.7900 -0.5530  0.2649
Z -0.6046  0.7743 -0.1869

PART 54
OFFSET  5.3351  1.7603 -6.3692
X  0.1256 -0.5688 -0.8128
Y -0.7900 -0.5530  0.2649
Z -0.6001  0.6089 -0.5188

PART 55
OFFSET  5.3936  1.4952 -6.7481
X  0.1891 -0.6306 -0.7527
Y -0.7900 -0.5530  0.2648
Z -0.5832  0.5445 -0.6027

PART 56
OFFSET  5.4818  1.2011 -7.0990
X  0.1892 -0.6309 -0.7524
Y -0.7900 -0.5529  0.2650
Z -0.5832  0.5443 -0.6030

PART 57
OFFSET  5.5700  0.9070 -7.4497
X  0.1892 -0.6309 -0.7524
Y -0.7901 -0.5528  0.2649
Z -0.5831  0.5444 -0.6031

PART 58
OFFSET  5.6582  0.6129 -7.8005
X  0.1891 -0.6309 -0.7525
Y -0.7901 -0.5528  0.2649
Z -0.5831  0.5444 -0.6030

PART 59
OFFSET  19.1086  9.0823 -10.5195
X -0.0732 -0.3442 -0.9361
Y -0.5519  0.7957 -0.2494
Z  0.8307  0.4983 -0.2482

PART 60
OFFSET  20.6462  7.6355 -8.9515
X -0.4080  0.7970  0.4454
Y -0.5113  0.2047 -0.8347
Z -0.7564 -0.5683  0.3240

PART 61
OFFSET -6.5551 -7.9373 -5.6959
X -0.5410  0.1273  0.8313
Y -0.2680 -0.9630 -0.0269
Z  0.7972 -0.2374  0.5551

PART 62
OFFSET -0.0122 -9.4773 -15.7498
X -0.4292 -0.3115 -0.8478
Y  0.8859  0.0375 -0.4623
Z  0.1758 -0.9495  0.2598

PART 63
OFFSET  3.6384 -6.8283 -8.5389
X -0.4292 -0.3115 -0.8478
Y  0.8159  0.2689 -0.5118
Z  0.3874 -0.9114  0.1387

PART 64
OFFSET  3.4029 -5.3332 -7.2722
X -0.4350 -0.3088 -0.8458
Y -0.1900  0.9497 -0.2490
Z  0.8801  0.0524 -0.4718

PART 65
OFFSET  2.8265 -5.8358 -6.3428
X -0.4350 -0.3088 -0.8458
Y -0.1900  0.9497 -0.2490
Z  0.8801  0.0524 -0.4718

PART 66
OFFSET  3.2632 -7.0335 -6.0070
X -0.4350 -0.3088 -0.8458
Y -0.1900  0.9497 -0.2490
Z  0.8801  0.0524 -0.4718

PART 67
OFFSET  4.9543 -5.8735 -5.9398
X -0.7121 -0.6972  0.0833
Y  0.4321 -0.5287 -0.7306
Z  0.5534 -0.4842  0.6777

PART 68
OFFSET  4.6304 -4.8509 -5.5505
X -0.0106 -0.9686  0.2485
Y  0.5372 -0.2152 -0.8155
Z  0.8434  0.1249  0.5226

PART 69
OFFSET  4.5528 -2.7462 -6.0345
X -0.5805 -0.5584  0.5927
Y  0.4421 -0.8274 -0.3465
Z  0.6838  0.0609  0.7271

PART 70
OFFSET  5.4396 -1.9010 -7.0934
X -0.6146  0.2913  0.7331
Y -0.1220 -0.9532  0.2766
Z  0.7794  0.0806  0.6214

PART 71
OFFSET  6.0706 -2.2035 -7.9193
X -0.9794 -0.0331  0.1990
Y -0.2006  0.0558 -0.9781
Z  0.0213 -0.9979 -0.0613

PART 72
OFFSET  5.9077 -5.7518 -6.9295
X -0.8038 -0.3532  0.4787
Y  0.5936 -0.4234  0.6844
Z -0.0390  0.8343  0.5500

PART 73
OFFSET  7.6352 -4.7848 -8.0089
X -0.1922 -0.8526  0.4860
Y  0.9711 -0.2365 -0.0307
Z  0.1411  0.4661  0.8734

PART 74
OFFSET  7.9074 -3.5777 -8.6970
X  0.8227 -0.5451  0.1615
Y  0.5583  0.7208 -0.4108
Z  0.1075  0.4281  0.8973

PART 75
OFFSET  7.1780 -3.0944 -8.8402
X  0.9845  0.0306 -0.1725
Y -0.1093  0.8767 -0.4685
Z  0.1369  0.4801  0.8665

PART 76
OFFSET  6.2426 -3.1235 -8.6763
X -0.7042 -0.6431  0.3008
Y -0.6988  0.7028 -0.1332
Z -0.1258 -0.3039 -0.9444

PART 77
OFFSET  5.8544 -5.3147 -6.3677
X -0.8024 -0.5191  0.2946
Y  0.5482 -0.4459  0.7076
Z -0.2359  0.7292  0.6423

PART 78
OFFSET  7.9840 -4.0857 -7.2120
X -0.1036 -0.7008  0.7058
Y  0.9677 -0.2351 -0.0914
Z  0.2300  0.6735  0.7025

PART 79
OFFSET  8.1605 -2.8926 -8.4135
X  0.9112 -0.4022  0.0893
Y  0.3489  0.6381 -0.6864
Z  0.2190  0.6566  0.7217

PART 80
OFFSET  6.8976 -2.3352 -8.5374
X  0.9442  0.0614 -0.3237
Y -0.2553  0.7573 -0.6011
Z  0.2082  0.6502  0.7307

PART 81
OFFSET  5.8736 -2.4018 -8.1863
X -0.6175 -0.4509  0.6445
Y -0.7590  0.5565 -0.3378
Z -0.2064 -0.6978 -0.6859

PART 82
OFFSET  1.9220 -8.5875 -4.6119
X -0.5997 -0.6884  0.4081
Y -0.7191  0.2397 -0.6523
Z  0.3512 -0.6846 -0.6387

PART 83
OFFSET  7.6086 -2.9382 -5.4615
X -0.6845 -0.6234  0.3778
Y  0.6699 -0.3336  0.6633
Z -0.2875  0.7071  0.6460

PART 84
OFFSET  8.8138 -1.8405 -6.1267
X  0.2327 -0.5627  0.7933
Y  0.9188  0.3946  0.0104
Z -0.3189  0.7264  0.6088

PART 85
OFFSET  8.5116 -1.1124 -7.0541
X  0.4285 -0.5267  0.7341
Y  0.8580  0.4919 -0.1479
Z -0.2832  0.6932  0.6627

PART 86
OFFSET  8.0276 -0.5174 -7.8833
X -0.9937 -0.0776  0.0809
Y -0.1104  0.5520 -0.8265
Z  0.0195 -0.8302 -0.5571

PART 87
OFFSET  7.9022 -3.4992 -6.3668
X  0.0460 -0.6650  0.7454
Y  0.9981  0.0607 -0.0075
Z -0.0403  0.7444  0.6665

PART 88
OFFSET  7.8123 -2.2001 -7.8230
X  0.9632 -0.1520  0.2218
Y  0.2677  0.6185 -0.7387
Z -0.0249  0.7709  0.6365

PART 89
OFFSET  6.4055 -1.9781 -8.1471
X  0.9503  0.2118 -0.2282
Y -0.3091  0.5546 -0.7726
Z -0.0371  0.8047  0.5925

PART 90
OFFSET  5.3292 -2.2233 -7.8933
X -0.5289 -0.5680  0.6306
Y -0.8487  0.3473 -0.3990
Z  0.0076 -0.7461 -0.6657

PART 91
OFFSET  3.3993 -5.3211 -7.2751
X -0.4350 -0.3091 -0.8457
Y -0.1873  0.9498 -0.2508
Z  0.8808  0.0493 -0.4710

PART 92
OFFSET  2.8207 -5.8132 -6.3484
X -0.4350 -0.3091 -0.8457
Y -0.1873  0.9498 -0.2508
Z  0.8808  0.0493 -0.4710

PART 93
OFFSET  3.2875 -7.0320 -6.0196
X -0.4350 -0.3091 -0.8457
Y -0.1873  0.9498 -0.2508
Z  0.8808  0.0493 -0.4710

PART 94
OFFSET  0.0000 -0.0000 -0.0000
X  1.0000 -0.0000  0.0000
Y  0.0000  1.0000  0.0000
Z  0.0000 -0.0000  1.0000

PART 95
OFFSET  0.0000 -0.0000 -0.0000
X  1.0000 -0.0000  0.0000
Y  0.0000  1.0000  0.0000
Z  0.0000 -0.0000  1.0000

PART 96
OFFSET  1.5404 -0.0000  4.1357
X  1.0000 -0.0000  0.0000
Y  0.0000  1.0000  0.0000
Z  0.0000 -0.0000  1.0000


FRAME 713
PART 0
OFFSET  0.0000 -0.0000 -0.0000
X  1.0000 -0.0000  0.0000
Y  0.0000  1.0000  0.0000
Z  0.0000 -0.0000  1.0000

PART 1
OFFSET -7.6810 -0.0000 -1.3770
X  1.0000 -0.0000  0.0000
Y  0.0000  1.0000  0.0000
Z  0.0000 -0.0000  1.0000

PART 2
OFFSET -1.6489  5.2787 -5.1189
X  0.6580  0.5081 -0.5558
Y -0.0679 -0.6950 -0.7158
Z -0.7500  0.5087 -0.4228

PART 3
OFFSET  6.3086  11.4236 -11.8405
X  0.3303 -0.9223  0.2006
Y -0.8347 -0.1862  0.5183
Z -0.4407 -0.3386 -0.8313

PART 4
OFFSET  9.1179  3.5788 -10.1344
X  0.3303 -0.9223  0.2006
Y  0.9311  0.3532  0.0909
Z -0.1547  0.1567  0.9754

PART 5
OFFSET  10.9485  3.0427 -8.6515
X  0.3364 -0.9203  0.1998
Y  0.4425  0.3418  0.8291
Z -0.8313 -0.1905  0.5222

PART 6
OFFSET  10.1796  2.6298 -11.1904
X  0.3364 -0.9203  0.1998
Y  0.4425  0.3418  0.8291
Z -0.8313 -0.1905  0.5222

PART 7
OFFSET  9.2710  2.0624 -7.7916
X  0.3364 -0.9203  0.1998
Y  0.4425  0.3418  0.8291
Z -0.8313 -0.1905  0.5222

PART 8
OFFSET  8.4605  1.5804 -9.1759
X  0.3364 -0.9203  0.1998
Y  0.4425  0.3418  0.8291
Z -0.8313 -0.1905  0.5222

PART 9
OFFSET  7.7769  1.4245 -10.6600
X  0.3364 -0.9203  0.1998
Y  0.4425  0.3418  0.8291
Z -0.8313 -0.1905  0.5222

PART 10
OFFSET  10.1305  0.7513 -9.5195
X  0.9386  0.3386  0.0669
Y -0.3047  0.9040 -0.2999
Z -0.1620  0.2611  0.9516

PART 11
OFFSET  10.1920  1.8832 -9.3881
X  0.7534  0.6518  0.0868
Y -0.3950  0.5541 -0.7328
Z -0.5257  0.5178  0.6749

PART 12
OFFSET  11.7491  3.3739 -9.2364
X  0.9683  0.2122  0.1316
Y -0.1258  0.8698 -0.4770
Z -0.2157  0.4454  0.8690

PART 13
OFFSET  13.2957  3.7144 -8.8981
X  0.7897  0.6104  0.0612
Y -0.4312  0.6233 -0.6524
Z -0.4363  0.4889  0.7554

PART 14
OFFSET  14.1224  4.4074 -8.8085
X  0.7744  0.2650 -0.5745
Y  0.0044 -0.9103 -0.4139
Z -0.6327  0.3180 -0.7061

PART 15
OFFSET  11.2182  0.1226 -8.9494
X  0.9562 -0.1205  0.2667
Y -0.2362  0.2202  0.9464
Z -0.1728 -0.9680  0.1821

PART 16
OFFSET  13.3629  0.0199 -8.2608
X  0.2385  0.4673  0.8513
Y -0.8541  0.5181 -0.0451
Z -0.4622 -0.7164  0.5227

PART 17
OFFSET  13.7006  0.6814 -7.0555
X -0.3836  0.7087  0.5921
Y -0.8180  0.0369 -0.5741
Z -0.4287 -0.7046  0.5655

PART 18
OFFSET  13.3605  1.3098 -6.5305
X -0.5356  0.7051  0.4648
Y -0.6957 -0.0563 -0.7161
Z -0.4787 -0.7069  0.5207

PART 19
OFFSET  12.8516  1.9796 -6.0889
X  0.9156 -0.4017  0.0188
Y -0.2410 -0.5856 -0.7740
Z  0.3219  0.7041 -0.6330

PART 20
OFFSET  11.2448  0.7614 -9.2669
X  0.9858  0.0462  0.1615
Y -0.1677  0.2142  0.9623
Z  0.0098 -0.9757  0.2189

PART 21
OFFSET  13.8042  0.8176 -8.8148
X  0.4545  0.1824  0.8719
Y -0.7770  0.5598  0.2879
Z -0.4355 -0.8083  0.3961

PART 22
OFFSET  14.5780  1.1281 -7.3305
X -0.5371  0.5895  0.6034
Y -0.7348  0.0243 -0.6779
Z -0.4143 -0.8074  0.4201

PART 23
OFFSET  13.8336  1.9451 -6.4942
X -0.6926  0.5739  0.4369
Y -0.5923 -0.1068 -0.7986
Z -0.4117 -0.8119  0.4139

