// Export filename: `C:\projects\cod\t5\xanim_export\t5_viewmodels\m60\m60_grip_first_raise.XANIM_EXPORT`
// Source filename: `D:\projects\devanim\t5\animation_assets\rigs\viewmodels\t5_weapon\ViewModel_M60_Rig.fbx`
// Export time: Mon Jul 12 20:36:20 2010

ANIMATION
VERSION 3

NUMPARTS 97
PART 0 "tag_ads"
PART 1 "tag_torso"
PART 2 "J_Shoulder_LE"
PART 3 "J_Elbow_LE"
PART 4 "J_WristTwist_LE"
PART 5 "J_Sleave_Reshape_Bottom_LE_1"
PART 6 "J_Sleave_Reshape_Bottom_LE_2"
PART 7 "J_Sleave_Reshape_Top_LE_1"
PART 8 "J_Sleave_Reshape_Top_LE_2"
PART 9 "J_Sleave_Reshape_Top_LE_3"
PART 10 "J_Wrist_LE"
PART 11 "J_Thumb_LE_0"
PART 12 "J_Thumb_LE_1"
PART 13 "J_Thumb_LE_2"
PART 14 "J_Thumb_LE_3"
PART 15 "J_PinkyPalm_LE"
PART 16 "J_Pinky_LE_0"
PART 17 "J_Pinky_LE_1"
PART 18 "J_Pinky_LE_2"
PART 19 "J_Pinky_LE_3"
PART 20 "J_RingPalm_LE"
PART 21 "J_Ring_LE_0"
PART 22 "J_Ring_LE_1"
PART 23 "J_Ring_LE_2"
PART 24 "J_Ring_LE_3"
PART 25 "J_Webbing_LE"
PART 26 "J_Index_LE_0"
PART 27 "J_Index_LE_1"
PART 28 "J_Index_LE_2"
PART 29 "J_Index_LE_3"
PART 30 "J_Mid_LE_0"
PART 31 "J_Mid_LE_1"
PART 32 "J_Mid_LE_2"
PART 33 "J_Mid_LE_3"
PART 34 "tag_knife_attach"
PART 35 "D_Sleave_Reshape_Bottom_LE_1"
PART 36 "D_Sleave_Reshape_Bottom_LE_2"
PART 37 "D_Sleave_Reshape_Top_LE_1"
PART 38 "D_Sleave_Reshape_Top_LE_2"
PART 39 "D_Sleave_Reshape_Top_LE_3"
PART 40 "tag_weapon"
PART 41 "J_Gun"
PART 42 "J_Bolt"
PART 43 "J_Handle"
PART 44 "J_Reload_Cover"
PART 45 "TAG_IRON_SIGHTS"
PART 46 "TAG_CLIP"
PART 47 "J_Bullets0"
PART 48 "J_Bullets1"
PART 49 "J_Bullets2"
PART 50 "J_Bullets3"
PART 51 "J_Bullets4"
PART 52 "J_Bullets5"
PART 53 "J_Bullets6"
PART 54 "J_Bullets7"
PART 55 "J_Bullets8"
PART 56 "J_Bullets9"
PART 57 "J_Bullets10"
PART 58 "J_Bullets11"
PART 59 "J_Pod_Left"
PART 60 "J_Pod_Right"
PART 61 "J_Shoulder_RI"
PART 62 "J_Elbow_RI"
PART 63 "J_WristTwist_RI"
PART 64 "J_Sleave_Reshape_Top_RI_3"
PART 65 "J_Sleave_Reshape_Top_RI_2"
PART 66 "J_Sleave_Reshape_Top_RI_1"
PART 67 "J_Wrist_RI"
PART 68 "J_Thumb_RI_0"
PART 69 "J_Thumb_RI_1"
PART 70 "J_Thumb_RI_2"
PART 71 "J_Thumb_RI_3"
PART 72 "J_PinkyPalm_RI"
PART 73 "J_Pinky_RI_0"
PART 74 "J_Pinky_RI_1"
PART 75 "J_Pinky_RI_2"
PART 76 "J_Pinky_RI_3"
PART 77 "J_RingPalm_RI"
PART 78 "J_Ring_RI_0"
PART 79 "J_Ring_RI_1"
PART 80 "J_Ring_RI_2"
PART 81 "J_Ring_RI_3"
PART 82 "J_Webbing_RI"
PART 83 "J_Index_RI_0"
PART 84 "J_Index_RI_1"
PART 85 "J_Index_RI_2"
PART 86 "J_Index_RI_3"
PART 87 "J_Mid_RI_0"
PART 88 "J_Mid_RI_1"
PART 89 "J_Mid_RI_2"
PART 90 "J_Mid_RI_3"
PART 91 "D_Sleave_Reshape_Top_RI_3"
PART 92 "D_Sleave_Reshape_Top_RI_2"
PART 93 "D_Sleave_Reshape_Top_RI_1"
PART 94 "tag_cambone"
PART 95 "tag_camera"
PART 96 "tag_gasmask"

FRAMERATE 30
NUMFRAMES 42

FRAME 1001
PART 0
OFFSET  0.0000 -0.0000 -0.0000
X  1.0000 -0.0000  0.0000
Y  0.0000  1.0000  0.0000
Z  0.0000 -0.0000  1.0000

PART 1
OFFSET -7.6810 -0.0000 -1.3770
X  1.0000  0.0000  0.0000
Y -0.0000  1.0000  0.0000
Z  0.0000 -0.0000  1.0000

PART 2
OFFSET -1.6489  5.2787 -5.1189
X  0.1066 -0.6231 -0.7749
Y -0.8712  0.3172 -0.3748
Z  0.4793  0.7150 -0.5090

PART 3
OFFSET -0.3603 -2.2564 -14.4903
X  0.1062 -0.6229 -0.7751
Y -0.8564 -0.4534  0.2470
Z -0.5052  0.6376 -0.5816

PART 4
OFFSET  0.5429 -7.5542 -21.0828
X  0.1062 -0.6229 -0.7751
Y  0.8129 -0.3945  0.4284
Z -0.5726 -0.6756  0.4644

PART 5
OFFSET  2.1947 -9.3098 -21.2475
X  0.1126 -0.6219 -0.7750
Y  0.5127 -0.6317  0.5815
Z -0.8511 -0.4628  0.2477

PART 6
OFFSET  1.3567 -7.1504 -22.6042
X  0.1126 -0.6219 -0.7750
Y  0.5127 -0.6317  0.5815
Z -0.8511 -0.4628  0.2477

PART 7
OFFSET  0.3330 -10.3276 -21.3588
X  0.1126 -0.6219 -0.7750
Y  0.5127 -0.6317  0.5815
Z -0.8511 -0.4628  0.2477

PART 8
OFFSET -0.5636 -9.2224 -22.2421
X  0.1126 -0.6219 -0.7750
Y  0.5127 -0.6317  0.5815
Z -0.8511 -0.4628  0.2477

PART 9
OFFSET -1.2610 -7.8954 -22.9118
X  0.1126 -0.6219 -0.7750
Y  0.5127 -0.6317  0.5815
Z -0.8511 -0.4628  0.2477

PART 10
OFFSET  0.8684 -9.4637 -23.4590
X  0.5465 -0.8255 -0.1413
Y  0.6302  0.2942  0.7185
Z -0.5516 -0.4817  0.6810

PART 11
OFFSET  1.4959 -9.7488 -22.5495
X  0.3714 -0.7257  0.5791
Y  0.6976  0.6297  0.3418
Z -0.6127  0.2771  0.7401

PART 12
OFFSET  2.3328 -11.2366 -21.2245
X -0.0120 -0.9942 -0.1067
Y  0.6680 -0.0874  0.7390
Z -0.7440 -0.0624  0.6652

PART 13
OFFSET  2.1903 -12.8434 -21.3664
X -0.7433 -0.3828 -0.5487
Y  0.2094 -0.9121  0.3525
Z -0.6354  0.1471  0.7581

PART 14
OFFSET  1.3610 -13.2661 -21.9190
X -0.0974 -0.5650 -0.8193
Y  0.8492  0.3822 -0.3645
Z  0.5191 -0.7312  0.4425

PART 15
OFFSET  0.5447 -10.5746 -24.2103
X  0.1381 -0.8956 -0.4228
Y -0.6034 -0.4146  0.6812
Z -0.7854  0.1611 -0.5977

PART 16
OFFSET  0.8953 -12.6613 -24.9896
X -0.1924 -0.6825  0.7051
Y -0.3911  0.7124  0.5827
Z -0.9000 -0.1637 -0.4040

PART 17
OFFSET  0.6230 -13.6275 -23.9913
X -0.4364  0.3373  0.8341
Y -0.0489  0.9168 -0.3963
Z -0.8984 -0.2137 -0.3836

PART 18
OFFSET  0.2360 -13.3285 -23.2517
X -0.3131  0.8855  0.3432
Y  0.3157  0.4379 -0.8418
Z -0.8957 -0.1552 -0.4167

PART 19
OFFSET -0.0614 -12.4872 -22.9256
X  0.1708 -0.9297  0.3262
Y  0.3266 -0.2589 -0.9090
Z  0.9296  0.2618  0.2595

PART 20
OFFSET  1.1607 -10.4933 -23.8589
X  0.3232 -0.8788 -0.3510
Y -0.5898 -0.4771  0.6515
Z -0.7401 -0.0036 -0.6725

PART 21
OFFSET  1.9388 -12.7859 -24.8060
X -0.3383 -0.5342  0.7747
Y -0.3158  0.8399  0.4413
Z -0.8865 -0.0954 -0.4529

PART 22
OFFSET  1.3629 -13.6954 -23.4871
X -0.4253  0.5357  0.7295
Y  0.1453  0.8360 -0.5292
Z -0.8933 -0.1191 -0.4334

PART 23
OFFSET  0.7734 -12.9530 -22.4761
X  0.0246  0.9499 -0.3116
Y  0.4552 -0.2882 -0.8425
Z -0.8901 -0.1211 -0.4394

PART 24
OFFSET  0.8000 -11.9228 -22.8140
X -0.3239 -0.6196  0.7149
Y  0.3966 -0.7750 -0.4920
Z  0.8589  0.1242  0.4968

PART 25
OFFSET  3.2581 -11.7993 -22.3885
X  0.2390 -0.9675 -0.0825
Y  0.7107  0.2322 -0.6640
Z  0.6616  0.1000  0.7431

PART 26
OFFSET  3.6782 -12.2791 -23.7205
X -0.3907 -0.7017  0.5958
Y -0.3143  0.7100  0.6302
Z -0.8652  0.0589 -0.4979

PART 27
OFFSET  2.9903 -13.5146 -22.6715
X -0.4021  0.7150  0.5719
Y  0.3931  0.6990 -0.5974
Z -0.8269 -0.0154 -0.5621

PART 28
OFFSET  2.5517 -12.6445 -21.9421
X  0.2280  0.9470 -0.2265
Y  0.4577 -0.3096 -0.8335
Z -0.8594  0.0864 -0.5040

PART 29
OFFSET  2.8093 -11.5748 -22.1979
X -0.7291 -0.0045  0.6844
Y  0.0364 -0.9988  0.0322
Z  0.6834  0.0484  0.7284

PART 30
OFFSET  2.8373 -12.5967 -24.3628
X -0.3885 -0.4555  0.8010
Y -0.3241  0.8813  0.3440
Z -0.8626 -0.1260 -0.4900

PART 31
OFFSET  2.0784 -13.4866 -22.7980
X -0.4140  0.7156  0.5626
Y  0.3273  0.6937 -0.6416
Z -0.8494 -0.0815 -0.5214

PART 32
OFFSET  1.4737 -12.4413 -21.9763
X  0.2108  0.8799 -0.4258
Y  0.5246 -0.4694 -0.7103
Z -0.8249 -0.0736 -0.5605

PART 33
OFFSET  1.7063 -11.4450 -22.4620
X -0.4440 -0.3702  0.8160
Y  0.2035 -0.9285 -0.3105
Z  0.8726  0.0282  0.4876

PART 34
OFFSET  1.1700 -12.5943 -23.1914
X -0.7832  0.0181 -0.6216
Y  0.5516  0.4817 -0.6810
Z  0.2871 -0.8761 -0.3872

PART 35
OFFSET  2.0488 -8.5172 -21.9048
X  0.1127 -0.6219 -0.7749
Y  0.5172 -0.6292  0.5802
Z -0.8484 -0.4662  0.2507

PART 36
OFFSET  1.3569 -7.1510 -22.6037
X  0.1127 -0.6219 -0.7749
Y  0.5172 -0.6292  0.5802
Z -0.8484 -0.4662  0.2507

PART 37
OFFSET -0.1261 -9.9249 -21.7487
X  0.1127 -0.6219 -0.7749
Y  0.5172 -0.6292  0.5802
Z -0.8484 -0.4662  0.2507

PART 38
OFFSET -0.9908 -9.1161 -22.3887
X  0.1127 -0.6219 -0.7749
Y  0.5172 -0.6292  0.5802
Z -0.8484 -0.4662  0.2507

PART 39
OFFSET -0.5162 -8.0554 -22.6806
X  0.1127 -0.6219 -0.7749
Y  0.5172 -0.6292  0.5802
Z -0.8484 -0.4662  0.2507

PART 40
OFFSET  1.3664 -11.2501 -18.7266
X  0.3849 -0.4242 -0.8197
Y  0.0834  0.9005 -0.4269
Z  0.9192  0.0960  0.3820

PART 41
OFFSET  1.3664 -11.2501 -18.7266
X  0.3849 -0.4242 -0.8197
Y  0.0834  0.9005 -0.4269
Z  0.9192  0.0960  0.3820

PART 42
OFFSET  3.7631 -12.8202 -19.8427
X  0.3849 -0.4242 -0.8197
Y  0.0834  0.9005 -0.4269
Z  0.9192  0.0960  0.3820

PART 43
OFFSET  7.0028 -13.9369 -23.3456
X  0.3849 -0.4242 -0.8197
Y -0.3149  0.7745 -0.5487
Z  0.8676  0.4693  0.1645

PART 44
OFFSET  5.7343 -11.7895 -19.0114
X  0.3849 -0.4242 -0.8197
Y  0.0834  0.9005 -0.4269
Z  0.9192  0.0960  0.3820

PART 45
OFFSET  4.9755 -9.8806 -15.1326
X  0.3849 -0.4242 -0.8197
Y  0.0834  0.9005 -0.4269
Z  0.9192  0.0960  0.3820

PART 46
OFFSET  2.3459 -7.1607 -20.8284
X  0.3849 -0.4242 -0.8197
Y  0.0834  0.9005 -0.4269
Z  0.9192  0.0960  0.3820

PART 47
OFFSET  4.0976 -11.0009 -17.5731
X  0.2252  0.9044 -0.3623
Y -0.3849  0.4242  0.8197
Z  0.8951 -0.0451  0.4436

PART 48
OFFSET  4.2026 -10.5793 -17.7420
X  0.2271  0.9043 -0.3614
Y -0.3849  0.4242  0.8197
Z  0.8946 -0.0470  0.4444

PART 49
OFFSET  4.3084 -10.1577 -17.9105
X  0.2139  0.9049 -0.3679
Y -0.3849  0.4242  0.8197
Z  0.8978 -0.0337  0.4391

PART 50
OFFSET  4.4081 -9.7358 -18.0820
X  0.1656  0.9054 -0.3909
Y -0.3849  0.4242  0.8197
Z  0.9080  0.0147  0.4188

PART 51
OFFSET  4.4854 -9.3137 -18.2642
X  0.0429  0.8954 -0.4433
Y -0.3851  0.4242  0.8196
Z  0.9219  0.1355  0.3630

PART 52
OFFSET  4.5054 -8.8963 -18.4708
X -0.3190  0.7722 -0.5495
Y -0.3851  0.4242  0.8196
Z  0.8660  0.4731  0.1620

PART 53
OFFSET  4.3709 -8.5708 -18.7025
X -0.7810  0.3234 -0.5343
Y -0.3851  0.4242  0.8196
Z  0.4917  0.8459 -0.2068

PART 54
OFFSET  4.0050 -8.4193 -18.9529
X -0.9065 -0.0071 -0.4222
Y -0.3851  0.4242  0.8196
Z  0.1733  0.9055 -0.3873

PART 55
OFFSET  3.5824 -8.4226 -19.1497
X -0.9198 -0.1041 -0.3784
Y -0.3851  0.4242  0.8196
Z  0.0752  0.8996 -0.4303

PART 56
OFFSET  3.1536 -8.4711 -19.3261
X -0.9198 -0.1044 -0.3782
Y -0.3851  0.4242  0.8196
Z  0.0748  0.8995 -0.4304

PART 57
OFFSET  2.7248 -8.5198 -19.5023
X -0.9198 -0.1044 -0.3782
Y -0.3851  0.4242  0.8196
Z  0.0748  0.8995 -0.4304

PART 58
OFFSET  2.2960 -8.5685 -19.6786
X -0.9198 -0.1044 -0.3782
Y -0.3851  0.4242  0.8196
Z  0.0748  0.8995 -0.4304

PART 59
OFFSET  9.0420 -16.7197 -31.8472
X -0.8034  0.2831 -0.5238
Y  0.4800  0.8285 -0.2885
Z  0.3523 -0.4832 -0.8015

PART 60
OFFSET  8.8228 -19.0879 -30.7246
X  0.8721  0.4580  0.1725
Y -0.3284  0.8089 -0.4877
Z -0.3629  0.3687  0.8558

PART 61
OFFSET -6.5551 -7.9373 -5.6959
X -0.5115 -0.6840  0.5201
Y -0.8163  0.5758 -0.0457
Z -0.2682 -0.4479 -0.8529

PART 62
OFFSET -0.3685  0.3347 -11.9857
X  0.1549  0.9524  0.2624
Y  0.5216  0.1467 -0.8405
Z -0.8390  0.2671 -0.4740

PART 63
OFFSET -1.6859 -7.7662 -14.2176
X  0.1549  0.9524  0.2624
Y -0.9597  0.0821  0.2686
Z  0.2343 -0.2934  0.9268

PART 64
OFFSET -1.3440 -9.5468 -13.4380
X  0.1543  0.9507  0.2689
Y  0.8290 -0.2726  0.4884
Z  0.5376  0.1475 -0.8302

PART 65
OFFSET -2.4218 -9.8885 -13.0253
X  0.1543  0.9507  0.2689
Y  0.8290 -0.2726  0.4884
Z  0.5376  0.1475 -0.8302

PART 66
OFFSET -3.4316 -9.6080 -13.8252
X  0.1543  0.9507  0.2689
Y  0.8290 -0.2726  0.4884
Z  0.5376  0.1475 -0.8302

PART 67
OFFSET -2.1607 -10.6861 -15.0220
X -0.5977  0.3730  0.7097
Y -0.8016 -0.2927 -0.5212
Z  0.0133 -0.8804  0.4740

PART 68
OFFSET -1.1238 -10.2099 -15.0329
X -0.6733 -0.3890  0.6288
Y -0.5773 -0.2546 -0.7758
Z  0.4619 -0.8853 -0.0532

PART 69
OFFSET  0.3610 -9.2957 -16.3093
X -0.1930  0.1245  0.9733
Y -0.8400 -0.5336 -0.0983
Z  0.5071 -0.8365  0.2075

PART 70
OFFSET  0.5657 -9.4348 -17.9096
X  0.5891  0.3781  0.7141
Y -0.6544 -0.2952  0.6961
Z  0.4741 -0.8774  0.0736

PART 71
OFFSET -0.0819 -9.7986 -18.6971
X -0.0045  0.7819  0.6234
Y -0.5044  0.5365 -0.6766
Z -0.8634 -0.3175  0.3920

PART 72
OFFSET -2.5161 -11.1373 -16.2765
X -0.1029  0.4214  0.9010
Y  0.0726 -0.9002  0.4294
Z  0.9920  0.1096  0.0620

PART 73
OFFSET -2.1493 -11.9578 -18.3445
X -0.4570 -0.2809  0.8439
Y -0.1342 -0.9162 -0.3776
Z  0.8793 -0.2858  0.3810

PART 74
OFFSET -1.5022 -11.5601 -19.5393
X -0.2971 -0.9546 -0.0223
Y  0.4187 -0.1092 -0.9015
Z  0.8581 -0.2771  0.4322

PART 75
OFFSET -1.2389 -10.7137 -19.5195
X  0.0111 -0.7906 -0.6123
Y  0.4620  0.5471 -0.6980
Z  0.8868 -0.2751  0.3714

PART 76
OFFSET -1.2495 -9.9626 -18.9379
X -0.4268  0.3010  0.8528
Y  0.4537  0.8870 -0.0860
Z -0.7823  0.3502 -0.5151

PART 77
OFFSET -1.8500 -11.1477 -16.0200
X -0.3418  0.4358  0.8326
Y  0.0628 -0.8734  0.4830
Z  0.9377  0.2174  0.2712

PART 78
OFFSET -1.1007 -12.3304 -18.2105
X -0.2076 -0.3813  0.9009
Y -0.1611 -0.8950 -0.4159
Z  0.9649 -0.2315  0.1243

PART 79
OFFSET -0.7473 -11.6813 -19.7442
X -0.2066 -0.9623 -0.1768
Y  0.1874  0.1385 -0.9725
Z  0.9603 -0.2340  0.1517

PART 80
OFFSET -0.4610 -10.3476 -19.4991
X -0.0416 -0.6980 -0.7149
Y  0.2824  0.6781 -0.6785
Z  0.9584 -0.2301  0.1689

PART 81
OFFSET -0.4158 -9.5906 -18.7237
X -0.0800  0.1732  0.9816
Y  0.2138  0.9649 -0.1528
Z -0.9736  0.1976 -0.1143

PART 82
OFFSET -3.9632 -9.3581 -11.3735
X -0.4036  0.1627  0.9003
Y -0.2177  0.9387 -0.2673
Z -0.8887 -0.3039 -0.3434

PART 83
OFFSET  0.7776 -12.2459 -17.2181
X -0.3733  0.2689  0.8879
Y  0.1412 -0.9295  0.3408
Z  0.9169  0.2526  0.3090

PART 84
OFFSET  1.4349 -12.7193 -18.7814
X -0.0234 -0.6653  0.7462
Y  0.4109 -0.6868 -0.5995
Z  0.9114  0.2926  0.2895

PART 85
OFFSET  1.5187 -11.8927 -19.6710
X -0.0092 -0.8051  0.5930
Y  0.4019 -0.5460 -0.7351
Z  0.9157  0.2315  0.3286

PART 86
OFFSET  1.5291 -10.9833 -20.3408
X -0.1022  0.8201  0.5630
Y  0.0064  0.5665 -0.8241
Z -0.9947 -0.0806 -0.0632

PART 87
OFFSET -0.1582 -12.3658 -17.7929
X -0.1460 -0.5060  0.8501
Y  0.1312 -0.8616 -0.4903
Z  0.9805  0.0400  0.1922

PART 88
OFFSET  0.1271 -11.3773 -19.4537
X  0.0753 -0.9763 -0.2027
Y  0.1375  0.2115 -0.9677
Z  0.9876  0.0450  0.1502

PART 89
OFFSET  0.0170 -9.9512 -19.1577
X  0.1384 -0.6957 -0.7049
Y  0.0246  0.7139 -0.6998
Z  0.9901  0.0796  0.1159

PART 90
OFFSET -0.1467 -9.1634 -18.3606
X -0.1851  0.0724  0.9801
Y  0.0037  0.9973 -0.0729
Z -0.9827 -0.0099 -0.1849

PART 91
OFFSET -1.3339 -9.5502 -13.4307
X  0.1541  0.9508  0.2687
Y  0.8310 -0.2718  0.4853
Z  0.5345  0.1485 -0.8320

PART 92
OFFSET -2.4026 -9.8949 -13.0125
X  0.1541  0.9508  0.2687
Y  0.8310 -0.2718  0.4853
Z  0.5345  0.1485 -0.8320

PART 93
OFFSET -3.4169 -9.6042 -13.8480
X  0.1541  0.9508  0.2687
Y  0.8310 -0.2718  0.4853
Z  0.5345  0.1485 -0.8320

PART 94
OFFSET  0.0000 -0.0000 -0.0000
X  1.0000 -0.0000  0.0000
Y  0.0000  1.0000  0.0000
Z  0.0000 -0.0000  1.0000

PART 95
OFFSET  0.0000 -0.0000 -0.0000
X  1.0000 -0.0000  0.0000
Y  0.0000  1.0000  0.0000
Z  0.0000 -0.0000  1.0000

PART 96
OFFSET  1.5404 -0.0000  4.1357
X  1.0000 -0.0000  0.0000
Y  0.0000  1.0000  0.0000
Z  0.0000 -0.0000  1.0000


FRAME 1002
PART 0
OFFSET  0.0000 -0.0000 -0.0000
X  1.0000 -0.0000  0.0000
Y  0.0000  1.0000  0.0000
Z  0.0000 -0.0000  1.0000

PART 1
OFFSET -7.6810 -0.0000 -1.3770
X  1.0000  0.0000  0.0000
Y -0.0000  1.0000  0.0000
Z  0.0000 -0.0000  1.0000

PART 2
OFFSET -1.6489  5.2787 -5.1189
X  0.1478 -0.6297 -0.7626
Y -0.8722  0.2806 -0.4007
Z  0.4663  0.7244 -0.5077

PART 3
OFFSET  0.1389 -2.3368 -14.3423
X  0.1475 -0.6295 -0.7629
Y -0.8458 -0.4801  0.2327
Z -0.5127  0.6109 -0.6033

PART 4
OFFSET  1.3931 -7.6912 -20.8307
X  0.1475 -0.6295 -0.7629
Y  0.7899 -0.3892  0.4739
Z -0.5952 -0.6725  0.4399

PART 5
OFFSET  3.1095 -9.3889 -20.9287
X  0.1539 -0.6283 -0.7626
Y  0.5200 -0.6047  0.6032
Z -0.8402 -0.4894  0.2337

PART 6
OFFSET  2.2299 -7.2801 -22.3376
X  0.1539 -0.6283 -0.7626
Y  0.5200 -0.6047  0.6032
Z -0.8402 -0.4894  0.2337

PART 7
OFFSET  1.2882 -10.4739 -21.0703
X  0.1539 -0.6283 -0.7626
Y  0.5200 -0.6047  0.6032
Z -0.8402 -0.4894  0.2337

PART 8
OFFSET  0.3756 -9.4140 -21.9917
X  0.1539 -0.6283 -0.7626
Y  0.5200 -0.6047  0.6032
Z -0.8402 -0.4894  0.2337

PART 9
OFFSET -0.3512 -8.1222 -22.6980
X  0.1539 -0.6283 -0.7626
Y  0.5200 -0.6047  0.6032
Z -0.8402 -0.4894  0.2337

PART 10
OFFSET  1.8452 -9.6211 -23.1694
X  0.5494 -0.8293 -0.1022
Y  0.5958  0.3030  0.7437
Z -0.5858 -0.4695  0.6606

PART 11
OFFSET  2.4268 -9.8945 -22.2263
X  0.3400 -0.7181  0.6073
Y  0.6828  0.6325  0.3657
Z -0.6467  0.2903  0.7053

PART 12
OFFSET  3.1925 -11.3648 -20.8401
X -0.0108 -0.9957 -0.0923
Y  0.6311 -0.0784  0.7717
Z -0.7756 -0.0499  0.6292

PART 13
OFFSET  3.0505 -12.9731 -20.9647
X -0.7174 -0.3886 -0.5783
Y  0.1884 -0.9073  0.3759
Z -0.6707  0.1607  0.7241

PART 14
OFFSET  2.2473 -13.4014 -21.5505
X -0.0599 -0.5770 -0.8145
Y  0.8673  0.3738 -0.3286
Z  0.4941 -0.7261  0.4781

PART 15
OFFSET  1.5537 -10.7423 -23.9187
X  0.1548 -0.9024 -0.4021
Y -0.6374 -0.4022  0.6573
Z -0.7548  0.1546 -0.6374

PART 16
OFFSET  1.9333 -12.8417 -24.6487
X -0.2290 -0.6710  0.7052
Y -0.4160  0.7224  0.5523
Z -0.8801 -0.1668 -0.4446

PART 17
OFFSET  1.6090 -13.7917 -23.6504
X -0.4749  0.3513  0.8069
Y -0.0259  0.9109 -0.4119
Z -0.8796 -0.2165 -0.4235

PART 18
OFFSET  1.1879 -13.4802 -22.9350
X -0.3258  0.8917  0.3143
Y  0.3579  0.4240 -0.8319
Z -0.8751 -0.1585 -0.4572

PART 19
OFFSET  0.8784 -12.6331 -22.6364
X  0.1510 -0.9253  0.3480
Y  0.3692 -0.2737 -0.8881
Z  0.9170  0.2626  0.3003

PART 20
OFFSET  2.1523 -10.6577 -23.5392
X  0.3363 -0.8851 -0.3217
Y -0.6225 -0.4652  0.6293
Z -0.7066 -0.0114 -0.7075

PART 21
OFFSET  2.9661 -12.9669 -24.4129
X -0.3775 -0.5213  0.7653
Y -0.3334  0.8476  0.4128
Z -0.8639 -0.0993 -0.4938

PART 22
OFFSET  2.3234 -13.8544 -23.1099
X -0.4580  0.5481  0.6999
Y  0.1741  0.8274 -0.5340
Z -0.8717 -0.1227 -0.4744

PART 23
OFFSET  1.6886 -13.0948 -22.1400
X  0.0435  0.9450 -0.3243
Y  0.4943 -0.3024 -0.8150
Z -0.8682 -0.1248 -0.4802

PART 24
OFFSET  1.7357 -12.0699 -22.4917
X -0.3607 -0.6076  0.7076
Y  0.4169 -0.7837 -0.4605
Z  0.8344  0.1289  0.5359

PART 25
OFFSET  4.1708 -11.9481 -21.9494
X  0.2388 -0.9694 -0.0563
Y  0.7430  0.2197 -0.6322
Z  0.6253  0.1091  0.7728

PART 26
OFFSET  4.6529 -12.4495 -23.2521
X -0.4219 -0.6913  0.5866
Y -0.3416  0.7205  0.6035
Z -0.8399  0.0542 -0.5401

PART 27
OFFSET  3.9101 -13.6666 -22.2193
X -0.4264  0.7249  0.5410
Y  0.4244  0.6885 -0.5881
Z -0.7988 -0.0212 -0.6013

PART 28
OFFSET  3.4402 -12.7840 -21.5251
X  0.2425  0.9426 -0.2294
Y  0.4963 -0.3237 -0.8056
Z -0.8336  0.0815 -0.5463

PART 29
OFFSET  3.7141 -11.7193 -21.7842
X -0.7614  0.0083  0.6482
Y  0.0308 -0.9983  0.0489
Z  0.6475  0.0572  0.7599

PART 30
OFFSET  3.8429 -12.7740 -23.9296
X -0.4286 -0.4420  0.7880
Y -0.3368  0.8875  0.3146
Z -0.8383 -0.1306 -0.5293

PART 31
OFFSET  3.0056 -13.6375 -22.3902
X -0.4379  0.7254  0.5311
Y  0.3608  0.6828 -0.6353
Z -0.8235 -0.0866 -0.5607

PART 32
OFFSET  2.3660 -12.5779 -21.6145
X  0.2347  0.8726 -0.4283
Y  0.5565 -0.4819 -0.6769
Z -0.7970 -0.0794 -0.5987

PART 33
OFFSET  2.6258 -11.5898 -22.1033
X -0.4845 -0.3563  0.7990
Y  0.2146 -0.9338 -0.2863
Z  0.8481  0.0327  0.5288

PART 34
OFFSET  2.1208 -12.7483 -22.8406
X -0.7521  0.0112 -0.6590
Y  0.5858  0.4695 -0.6606
Z  0.3020 -0.8829 -0.3596

PART 35
OFFSET  2.9522 -8.6114 -21.6010
X  0.1539 -0.6283 -0.7626
Y  0.5244 -0.6022  0.6020
Z -0.8375 -0.4925  0.2368

PART 36
OFFSET  2.2302 -7.2807 -22.3370
X  0.1539 -0.6283 -0.7626
Y  0.5244 -0.6022  0.6020
Z -0.8375 -0.4925  0.2368

PART 37
OFFSET  0.8251 -10.0934 -21.4773
X  0.1539 -0.6283 -0.7626
Y  0.5244 -0.6022  0.6020
Z -0.8375 -0.4925  0.2368

PART 38
OFFSET -0.0513 -9.3251 -22.1503
X  0.1539 -0.6283 -0.7626
Y  0.5244 -0.6022  0.6020
Z -0.8375 -0.4925  0.2368

PART 39
OFFSET  0.3927 -8.2523 -22.4462
X  0.1539 -0.6283 -0.7626
Y  0.5244 -0.6022  0.6020
Z -0.8375 -0.4925  0.2368

PART 40
OFFSET  2.0253 -10.8713 -17.8641
X  0.4224 -0.4379 -0.7936
Y  0.1076  0.8936 -0.4358
Z  0.9000  0.0987  0.4246

PART 41
OFFSET  2.0253 -10.8713 -17.8641
X  0.4224 -0.4379 -0.7936
Y  0.1076  0.8936 -0.4358
Z  0.9000  0.0987  0.4246

PART 42
OFFSET  4.4669 -12.4661 -18.8391
X  0.4224 -0.4379 -0.7936
Y  0.1076  0.8936 -0.4358
Z  0.9000  0.0987  0.4246

PART 43
OFFSET  7.8679 -13.6465 -22.1637
X  0.4224 -0.4379 -0.7936
Y -0.2848  0.7671 -0.5748
Z  0.8605  0.4689  0.1993

PART 44
OFFSET  6.3997 -11.4294 -17.9288
X  0.4224 -0.4379 -0.7936
Y  0.1076  0.8936 -0.4358
Z  0.9000  0.0987  0.4246

PART 45
OFFSET  5.4617 -9.4593 -14.1204
X  0.4224 -0.4379 -0.7936
Y  0.1076  0.8936 -0.4358
Z  0.9000  0.0987  0.4246

PART 46
OFFSET  3.1219 -6.8175 -19.9771
X  0.4224 -0.4379 -0.7936
Y  0.1076  0.8936 -0.4358
Z  0.9000  0.0987  0.4246

PART 47
OFFSET  4.6985 -10.6136 -16.5835
X  0.2461  0.8981 -0.3645
Y -0.4224  0.4379  0.7936
Z  0.8723 -0.0414  0.4871

PART 48
OFFSET  4.8132 -10.1950 -16.7534
X  0.2479  0.8980 -0.3635
Y -0.4224  0.4379  0.7936
Z  0.8718 -0.0432  0.4879

PART 49
OFFSET  4.9288 -9.7763 -16.9229
X  0.2351  0.8985 -0.3706
Y -0.4224  0.4379  0.7936
Z  0.8754 -0.0300  0.4825

PART 50
OFFSET  5.0383 -9.3575 -17.0957
X  0.1880  0.8988 -0.3959
Y -0.4224  0.4379  0.7936
Z  0.8867  0.0181  0.4620

PART 51
OFFSET  5.1261 -8.9384 -17.2802
X  0.0679  0.8884 -0.4540
Y -0.4226  0.4379  0.7935
Z  0.9038  0.1380  0.4052

PART 52
OFFSET  5.1577 -8.5243 -17.4919
X -0.2889  0.7648 -0.5758
Y -0.4226  0.4378  0.7936
Z  0.8590  0.4726  0.1967

PART 53
OFFSET  5.0359 -8.2019 -17.7346
X -0.7529  0.3178 -0.5763
Y -0.4226  0.4379  0.7935
Z  0.5045  0.8410 -0.1954

PART 54
OFFSET  4.6831 -8.0530 -18.0047
X -0.8850 -0.0105 -0.4655
Y -0.4226  0.4379  0.7935
Z  0.1955  0.8990 -0.3920

PART 55
OFFSET  4.2706 -8.0578 -18.2217
X -0.9008 -0.1068 -0.4209
Y -0.4227  0.4379  0.7935
Z  0.0996  0.8927 -0.4396

PART 56
OFFSET  3.8506 -8.1076 -18.4179
X -0.9009 -0.1071 -0.4207
Y -0.4226  0.4379  0.7935
Z  0.0992  0.8926 -0.4397

PART 57
OFFSET  3.4307 -8.1576 -18.6140
X -0.9009 -0.1071 -0.4207
Y -0.4226  0.4379  0.7935
Z  0.0992  0.8926 -0.4397

PART 58
OFFSET  3.0107 -8.2075 -18.8101
X -0.9009 -0.1071 -0.4207
Y -0.4226  0.4378  0.7935
Z  0.0992  0.8926 -0.4397

PART 59
OFFSET  10.3051 -16.5649 -30.5137
X -0.7760  0.2778 -0.5663
Y  0.4967  0.8224 -0.2773
Z  0.3887 -0.4964 -0.7762

PART 60
OFFSET  10.0222 -18.9150 -29.3676
X  0.8645  0.4577  0.2076
Y -0.3011  0.8025 -0.5151
Z -0.4024  0.3828  0.8316

PART 61
OFFSET -6.5551 -7.9373 -5.6959
X  0.1010 -0.6201  0.7780
Y -0.9890 -0.1474  0.0109
Z  0.1079 -0.7705 -0.6282

PART 62
OFFSET -7.7767 -0.4376 -15.1046
X -0.5273  0.8471 -0.0657
Y  0.2975  0.1116 -0.9482
Z -0.7959 -0.5196 -0.3108

PART 63
OFFSET -3.2914 -7.6425 -14.5454
X -0.5273  0.8471 -0.0657
Y -0.5215 -0.3838 -0.7621
Z -0.6708 -0.3676  0.6441

PART 64
OFFSET -1.8516 -8.3553 -13.3990
X -0.5267  0.8480 -0.0591
Y  0.7920  0.5149  0.3281
Z  0.3087  0.1260 -0.9428

PART 65
OFFSET -2.4258 -9.1084 -12.6562
X -0.5267  0.8480 -0.0591
Y  0.7920  0.5149  0.3281
Z  0.3087  0.1260 -0.9428

PART 66
OFFSET -3.3536 -9.8477 -13.2313
X -0.5267  0.8480 -0.0591
Y  0.7920  0.5149  0.3281
Z  0.3087  0.1260 -0.9428

PART 67
OFFSET -1.6747 -10.2395 -14.3438
X -0.6298  0.3857  0.6742
Y -0.7766 -0.2980 -0.5550
Z -0.0132 -0.8732  0.4872

PART 68
OFFSET -0.6365 -9.7669 -14.3115
X -0.7045 -0.3772  0.6011
Y -0.5401 -0.2645 -0.7989
Z  0.4604 -0.8876 -0.0174

PART 69
OFFSET  0.9120 -8.8771 -15.5281
X -0.2394  0.1399  0.9608
Y -0.8364 -0.5323 -0.1309
Z  0.4931 -0.8349  0.2444

PART 70
OFFSET  1.1933 -9.0412 -17.1143
X  0.5553  0.3870  0.7361
Y -0.6885 -0.2824  0.6680
Z  0.4664 -0.8778  0.1096

PART 71
OFFSET  0.5831 -9.4148 -17.9267
X -0.0315  0.7913  0.6106
Y -0.4689  0.5278 -0.7082
Z -0.8827 -0.3087  0.3544

PART 72
OFFSET -1.9707 -10.7085 -15.6071
X -0.1447  0.4354  0.8885
Y  0.0481 -0.8938  0.4458
Z  0.9883  0.1073  0.1084

PART 73
OFFSET -1.5075 -11.5615 -17.6424
X -0.4984 -0.2666  0.8249
Y -0.1194 -0.9214 -0.3699
Z  0.8587 -0.2829  0.4274

PART 74
OFFSET -0.8018 -11.1841 -18.8103
X -0.2995 -0.9538 -0.0224
Y  0.4614 -0.1243 -0.8784
Z  0.8351 -0.2734  0.4774

PART 75
OFFSET -0.5363 -10.3384 -18.7904
X  0.0376 -0.7998 -0.5991
Y  0.4975  0.5349 -0.6829
Z  0.8667 -0.2724  0.4180

PART 76
OFFSET -0.5720 -9.5785 -18.2213
X -0.4663  0.3153  0.8265
Y  0.4609  0.8841 -0.0772
Z -0.7550  0.3449 -0.5576

PART 77
OFFSET -1.3179 -10.7172 -15.3185
X -0.3800  0.4496  0.8084
Y  0.0359 -0.8661  0.4985
Z  0.9243  0.2184  0.3130

PART 78
OFFSET -0.4682 -11.9356 -17.4521
X -0.2525 -0.3669  0.8954
Y -0.1444 -0.9007 -0.4098
Z  0.9568 -0.2328  0.1744

PART 79
OFFSET -0.0384 -11.3110 -18.9764
X -0.2016 -0.9642 -0.1722
Y  0.2348  0.1231 -0.9642
Z  0.9509 -0.2349  0.2016

PART 80
OFFSET  0.2411 -9.9747 -18.7378
X -0.0098 -0.7086 -0.7055
Y  0.3176  0.6668 -0.6741
Z  0.9482 -0.2307  0.2185

PART 81
OFFSET  0.2518 -9.2061 -17.9726
X -0.1268  0.1883  0.9739
Y  0.2248  0.9617 -0.1567
Z -0.9661  0.1991 -0.1642

PART 82
OFFSET -3.6463 -8.8503 -10.8073
X -0.4461  0.1777  0.8772
Y -0.2008  0.9352 -0.2916
Z -0.8722 -0.3062 -0.3815

PART 83
OFFSET  1.3602 -11.8421 -16.3712
X -0.4148  0.2836  0.8646
Y  0.1207 -0.9246  0.3612
Z  0.9019  0.2542  0.3493

PART 84
OFFSET  2.0905 -12.3414 -17.8935
X -0.0622 -0.6538  0.7541
Y  0.4367 -0.6972 -0.5685
Z  0.8975  0.2940  0.3289

PART 85
OFFSET  2.2206 -11.5287 -18.7903
X -0.0412 -0.7960  0.6039
Y  0.4348 -0.5584 -0.7065
Z  0.8996  0.2335  0.3691

PART 86
OFFSET  2.2671 -10.6296 -19.4724
X -0.1260  0.8289  0.5450
Y  0.0486  0.5539 -0.8312
Z -0.9908 -0.0783 -0.1101

PART 87
OFFSET  0.4529 -11.9676 -16.9889
X -0.1890 -0.4925  0.8496
Y  0.1513 -0.8694 -0.4703
Z  0.9702  0.0397  0.2389

PART 88
OFFSET  0.8222 -11.0056 -18.6485
X  0.0811 -0.9796 -0.1840
Y  0.1851  0.1962 -0.9629
Z  0.9794  0.0440  0.1972

PART 89
OFFSET  0.7037 -9.5748 -18.3797
X  0.1696 -0.7068 -0.6868
Y  0.0613  0.7031 -0.7084
Z  0.9836  0.0780  0.1626

PART 90
OFFSET  0.5047 -8.7744 -17.6035
X -0.2321  0.0879  0.9687
Y  0.0113  0.9961 -0.0877
Z -0.9726 -0.0094 -0.2322

PART 91
OFFSET -1.8419 -8.3485 -13.3937
X -0.5269  0.8478 -0.0592
Y  0.7930  0.5155  0.3246
Z  0.3058  0.1241 -0.9440

PART 92
OFFSET -2.4074 -9.0960 -12.6472
X -0.5269  0.8478 -0.0592
Y  0.7930  0.5155  0.3246
Z  0.3058  0.1241 -0.9440

PART 93
OFFSET -3.3450 -9.8445 -13.2571
X -0.5269  0.8478 -0.0592
Y  0.7930  0.5155  0.3246
Z  0.3058  0.1241 -0.9440

PART 94
OFFSET  0.0000 -0.0000 -0.0000
X  1.0000 -0.0000  0.0000
Y  0.0000  1.0000  0.0000
Z  0.0000 -0.0000  1.0000

PART 95
OFFSET -0.0000 -0.0000 -0.0000
X  1.0000 -0.0004 -0.0025
Y  0.0004  1.0000  0.0004
Z  0.0025 -0.0004  1.0000

PART 96
OFFSET  1.5508 -0.0021  4.1319
X  1.0000 -0.0004 -0.0025
Y  0.0004  1.0000  0.0004
Z  0.0025 -0.0004  1.0000


FRAME 1003
PART 0
OFFSET  0.0000 -0.0000 -0.0000
X  1.0000 -0.0000  0.0000
Y  0.0000  1.0000  0.0000
Z  0.0000 -0.0000  1.0000

PART 1
OFFSET -7.6810 -0.0000 -1.3770
X  1.0000  0.0000  0.0000
Y -0.0000  1.0000  0.0000
Z  0.0000 -0.0000  1.0000

PART 2
OFFSET -1.6489  5.2787 -5.1189
X  0.2491 -0.6411 -0.7259
Y -0.8687  0.1835 -0.4601
Z  0.4282  0.7452 -0.5112

PART 3
OFFSET  1.3639 -2.4745 -13.8980
X  0.2488 -0.6410 -0.7262
Y -0.8112 -0.5475  0.2054
Z -0.5292  0.5380 -0.6561

PART 4
OFFSET  3.4797 -7.9261 -20.0742
X  0.2488 -0.6410 -0.7262
Y  0.7276 -0.3712  0.5769
Z -0.6393 -0.6719  0.3740

PART 5
OFFSET  5.3454 -9.4598 -20.0047
X  0.2550 -0.6392 -0.7256
Y  0.5359 -0.5311  0.6562
Z -0.8048 -0.5562  0.2071

PART 6
OFFSET  4.3638 -7.4953 -21.5483
X  0.2550 -0.6392 -0.7256
Y  0.5359 -0.5311  0.6562
Z -0.8048 -0.5562  0.2071

PART 7
OFFSET  3.6413 -10.7135 -20.2014
X  0.2550 -0.6392 -0.7256
Y  0.5359 -0.5311  0.6562
Z -0.8048 -0.5562  0.2071

PART 8
OFFSET  2.6928 -9.7777 -21.2161
X  0.2550 -0.6392 -0.7256
Y  0.5359 -0.5311  0.6562
Z -0.8048 -0.5562  0.2071

PART 9
OFFSET  1.8953 -8.5859 -22.0158
X  0.2550 -0.6392 -0.7256
Y  0.5359 -0.5311  0.6562
Z -0.8048 -0.5562  0.2071

PART 10
OFFSET  4.2423 -9.8911 -22.3004
X  0.5532 -0.8329 -0.0160
Y  0.5063  0.3208  0.8005
Z -0.6616 -0.4509  0.5992

PART 11
OFFSET  4.7081 -10.1413 -21.2891
X  0.2628 -0.7029  0.6610
Y  0.6386  0.6402  0.4270
Z -0.7233  0.3099  0.6171

PART 12
OFFSET  5.2986 -11.5770 -19.7858
X -0.0052 -0.9977 -0.0676
Y  0.5360 -0.0599  0.8421
Z -0.8442 -0.0318  0.5351

PART 13
OFFSET  5.1636 -13.1876 -19.8853
X -0.6468 -0.4018 -0.6482
Y  0.1384 -0.8977  0.4183
Z -0.7500  0.1809  0.6362

PART 14
OFFSET  4.4322 -13.6291 -20.5500
X  0.0328 -0.5978 -0.8010
Y  0.9018  0.3633 -0.2341
Z  0.4309 -0.7147  0.5510

PART 15
OFFSET  4.0346 -11.0306 -23.0500
X  0.1960 -0.9129 -0.3581
Y -0.7120 -0.3836  0.5881
Z -0.6742  0.1397 -0.7252

PART 16
OFFSET  4.4859 -13.1490 -23.6769
X -0.3135 -0.6521  0.6903
Y -0.4739  0.7374  0.4813
Z -0.8228 -0.1763 -0.5402

PART 17
OFFSET  4.0420 -14.0722 -22.6996
X -0.5642  0.3731  0.7365
Y  0.0273  0.9000 -0.4351
Z -0.8252 -0.2254 -0.5180

PART 18
OFFSET  3.5418 -13.7413 -22.0466
X -0.3556  0.9002  0.2512
Y  0.4550  0.4015 -0.7948
Z -0.8164 -0.1683 -0.5524

PART 19
OFFSET  3.2039 -12.8861 -21.8079
X  0.1044 -0.9163  0.3867
Y  0.4692 -0.2974 -0.8315
Z  0.8769  0.2682  0.3989

PART 20
OFFSET  4.5851 -10.9376 -22.6052
X  0.3670 -0.8939 -0.2575
Y -0.6944 -0.4474  0.5637
Z -0.6190 -0.0281 -0.7849

PART 21
OFFSET  5.4834 -13.2705 -23.3186
X -0.4673 -0.5005  0.7288
Y -0.3750  0.8587  0.3492
Z -0.8007 -0.1101 -0.5889

PART 22
OFFSET  4.6879 -14.1225 -22.0778
X -0.5339  0.5671  0.6272
Y  0.2398  0.8129 -0.5308
Z -0.8109 -0.1330 -0.5699

PART 23
OFFSET  3.9480 -13.3366 -21.2085
X  0.0861  0.9362 -0.3409
Y  0.5846 -0.3245 -0.7436
Z -0.8067 -0.1352 -0.5753

PART 24
OFFSET  4.0414 -12.3213 -21.5781
X -0.4442 -0.5883  0.6757
Y  0.4637 -0.7963 -0.3884
Z  0.7666  0.1408  0.6265

PART 25
OFFSET  6.3969 -12.1910 -20.7577
X  0.2386 -0.9711 -0.0033
Y  0.8130  0.2016 -0.5462
Z  0.5311  0.1276  0.8376

PART 26
OFFSET  7.0255 -12.7270 -21.9818
X -0.4913 -0.6749  0.5506
Y -0.4060  0.7367  0.5408
Z -0.7706  0.0421 -0.6360

PART 27
OFFSET  6.1605 -13.9153 -21.0125
X -0.4830  0.7396  0.4687
Y  0.4940  0.6721 -0.5516
Z -0.7230 -0.0349 -0.6900

PART 28
OFFSET  5.6173 -13.0140 -20.4008
X  0.2726  0.9358 -0.2233
Y  0.5854 -0.3455 -0.7334
Z -0.7635  0.0692 -0.6421

PART 29
OFFSET  5.9252 -11.9570 -20.6530
X -0.8320  0.0267  0.5542
Y  0.0196 -0.9968  0.0775
Z  0.5544  0.0754  0.8288

PART 30
OFFSET  6.2986 -13.0671 -22.7410
X -0.5202 -0.4205  0.7433
Y -0.3666  0.8961  0.2503
Z -0.7713 -0.1423 -0.6203

PART 31
OFFSET  5.2823 -13.8886 -21.2889
X -0.4932  0.7399  0.4575
Y  0.4362  0.6654 -0.6058
Z -0.7527 -0.0992 -0.6509

PART 32
OFFSET  4.5619 -12.8079 -20.6206
X  0.2878  0.8607 -0.4198
Y  0.6293 -0.5005 -0.5946
Z -0.7219 -0.0931 -0.6857

PART 33
OFFSET  4.8824 -11.8333 -21.1006
X -0.5765 -0.3344  0.7455
Y  0.2417 -0.9414 -0.2354
Z  0.7805  0.0445  0.6235

PART 34
OFFSET  4.4611 -13.0093 -21.8622
X -0.6697 -0.0041 -0.7426
Y  0.6616  0.4509 -0.5992
Z  0.3373 -0.8926 -0.2992

PART 35
OFFSET  5.1585 -8.7256 -20.7170
X  0.2550 -0.6392 -0.7256
Y  0.5401 -0.5282  0.6552
Z -0.8020 -0.5590  0.2105

PART 36
OFFSET  4.3640 -7.4958 -21.5477
X  0.2550 -0.6392 -0.7256
Y  0.5401 -0.5282  0.6552
Z -0.8020 -0.5590  0.2105

PART 37
OFFSET  3.1707 -10.3930 -20.6492
X  0.2550 -0.6392 -0.7256
Y  0.5401 -0.5282  0.6552
Z -0.8020 -0.5590  0.2105

PART 38
OFFSET  2.2697 -9.7346 -21.4018
X  0.2550 -0.6392 -0.7256
Y  0.5401 -0.5282  0.6552
Z -0.8020 -0.5590  0.2105

PART 39
OFFSET  2.6317 -8.6370 -21.7178
X  0.2550 -0.6392 -0.7256
Y  0.5401 -0.5282  0.6552
Z -0.8020 -0.5590  0.2105

PART 40
OFFSET  3.4770 -10.0369 -15.9199
X  0.5101 -0.4592 -0.7273
Y  0.1625  0.8818 -0.4428
Z  0.8446  0.1076  0.5244

PART 41
OFFSET  3.4770 -10.0369 -15.9199
X  0.5101 -0.4592 -0.7273
Y  0.1625  0.8818 -0.4428
Z  0.8446  0.1076  0.5244

PART 42
OFFSET  6.0074 -11.6619 -16.5613
X  0.5101 -0.4592 -0.7273
Y  0.1625  0.8818 -0.4428
Z  0.8446  0.1076  0.5244

PART 43
OFFSET  9.7678 -12.9356 -19.4336
X  0.5101 -0.4592 -0.7273
Y -0.2115  0.7526 -0.6235
Z  0.8337  0.4719  0.2868

PART 44
OFFSET  7.8259 -10.6064 -15.4575
X  0.5101 -0.4592 -0.7273
Y  0.1625  0.8818 -0.4428
Z  0.8446  0.1076  0.5244

PART 45
OFFSET  6.4591 -8.5363 -11.8366
X  0.5101 -0.4592 -0.7273
Y  0.1625  0.8818 -0.4428
Z  0.8446  0.1076  0.5244

PART 46
OFFSET  4.8347 -6.0416 -17.9922
X  0.5101 -0.4592 -0.7273
Y  0.1625  0.8818 -0.4428
Z  0.8446  0.1076  0.5244

PART 47
OFFSET  5.9832 -9.7523 -14.3419
X  0.2918  0.8878 -0.3559
Y -0.5101  0.4592  0.7273
Z  0.8091 -0.0307  0.5869

PART 48
OFFSET  6.1192 -9.3384 -14.5079
X  0.2935  0.8877 -0.3547
Y -0.5101  0.4592  0.7273
Z  0.8085 -0.0325  0.5876

PART 49
OFFSET  6.2561 -8.9246 -14.6732
X  0.2816  0.8881 -0.3632
Y -0.5101  0.4592  0.7273
Z  0.8127 -0.0195  0.5823

PART 50
OFFSET  6.3873 -8.5105 -14.8426
X  0.2378  0.8879 -0.3939
Y -0.5101  0.4592  0.7273
Z  0.8266  0.0280  0.5621

PART 51
OFFSET  6.4982 -8.0966 -15.0262
X  0.1253  0.8762 -0.4654
Y -0.5102  0.4592  0.7272
Z  0.8509  0.1463  0.5046

PART 52
OFFSET  6.5566 -7.6882 -15.2431
X -0.2155  0.7503 -0.6250
Y -0.5102  0.4592  0.7272
Z  0.8326  0.4756  0.2839

PART 53
OFFSET  6.4658 -7.3718 -15.5066
X -0.6786  0.3045 -0.6684
Y -0.5103  0.4592  0.7272
Z  0.5284  0.8345 -0.1562

PART 54
OFFSET  6.1478 -7.2292 -15.8198
X -0.8245 -0.0206 -0.5655
Y -0.5103  0.4592  0.7272
Z  0.2447  0.8881 -0.3891

PART 55
OFFSET  5.7635 -7.2387 -16.0834
X -0.8459 -0.1156 -0.5207
Y -0.5103  0.4592  0.7271
Z  0.1550  0.8808 -0.4474

PART 56
OFFSET  5.3691 -7.2926 -16.3262
X -0.8460 -0.1159 -0.5204
Y -0.5103  0.4592  0.7272
Z  0.1547  0.8807 -0.4476

PART 57
OFFSET  4.9747 -7.3467 -16.5687
X -0.8460 -0.1159 -0.5204
Y -0.5103  0.4592  0.7272
Z  0.1547  0.8807 -0.4476

PART 58
OFFSET  4.5803 -7.4007 -16.8114
X -0.8460 -0.1159 -0.5204
Y -0.5103  0.4592  0.7272
Z  0.1547  0.8808 -0.4476

PART 59
OFFSET  13.1500 -16.0744 -27.3638
X -0.7029  0.2648 -0.6602
Y  0.5301  0.8139 -0.2380
Z  0.4743 -0.5172 -0.7124

PART 60
OFFSET  12.7226 -18.3935 -26.1994
X  0.8367  0.4610  0.2958
Y -0.2345  0.7896 -0.5671
Z -0.4949  0.4051  0.7687

PART 61
OFFSET -6.5551 -7.9373 -5.6959
X  0.4141  0.1319  0.9006
Y -0.4928 -0.7994  0.3436
Z  0.7653 -0.5861 -0.2660

PART 62
OFFSET -11.5627 -9.5323 -16.5882
X -0.9469 -0.0196 -0.3209
Y  0.3198 -0.1624 -0.9335
Z -0.0339 -0.9865  0.1600

PART 63
OFFSET -3.5090 -9.3659 -13.8584
X -0.9469 -0.0196 -0.3209
Y  0.2844 -0.5166 -0.8076
Z -0.1500 -0.8560  0.4947

PART 64
OFFSET -2.3447 -8.1012 -12.8888
X -0.9487 -0.0157 -0.3158
Y  0.0310  0.9894 -0.1421
Z  0.3147 -0.1446 -0.9381

PART 65
OFFSET -2.3086 -8.5470 -11.7714
X -0.9487 -0.0157 -0.3158
Y  0.0310  0.9894 -0.1421
Z  0.3147 -0.1446 -0.9381

PART 66
OFFSET -2.1991 -9.8592 -11.7057
X -0.9487 -0.0157 -0.3158
Y  0.0310  0.9894 -0.1421
Z  0.3147 -0.1446 -0.9381

PART 67
OFFSET -0.6061 -9.3059 -12.8745
X -0.7023  0.4044  0.5858
Y -0.7079 -0.3105 -0.6344
Z -0.0747 -0.8603  0.5043

PART 68
OFFSET  0.4236 -8.8350 -12.7329
X -0.7720 -0.3599  0.5239
Y -0.4443 -0.2838 -0.8497
Z  0.4546 -0.8888  0.0592

PART 69
OFFSET  2.1086 -7.9805 -13.7819
X -0.3494  0.1652  0.9223
Y -0.8181 -0.5336 -0.2144
Z  0.4567 -0.8295  0.3216

PART 70
OFFSET  2.5727 -8.1862 -15.3196
X  0.4674  0.4047  0.7860
Y -0.7634 -0.2635  0.5897
Z  0.4457 -0.8757  0.1858

PART 71
OFFSET  2.0599 -8.5793 -16.1881
X -0.0986  0.8069  0.5824
Y -0.3800  0.5103 -0.7714
Z -0.9197 -0.2974  0.2563

PART 72
OFFSET -0.7547 -9.8067 -14.1515
X -0.2454  0.4586  0.8541
Y -0.0091 -0.8821  0.4710
Z  0.9694  0.1078  0.2206

PART 73
OFFSET -0.0610 -10.7132 -16.0961
X -0.5929 -0.2441  0.7674
Y -0.0802 -0.9303 -0.3578
Z  0.8013 -0.2737  0.5320

PART 74
OFFSET  0.7784 -10.3677 -17.1826
X -0.2998 -0.9534 -0.0330
Y  0.5604 -0.1480 -0.8149
Z  0.7721 -0.2628  0.5786

PART 75
OFFSET  1.0443 -9.5223 -17.1533
X  0.1032 -0.8151 -0.5701
Y  0.5768  0.5160 -0.6334
Z  0.8104 -0.2634  0.5233

PART 76
OFFSET  0.9462 -8.7479 -16.6117
X -0.5582  0.3376  0.7579
Y  0.4714  0.8807 -0.0452
Z -0.6828  0.3321 -0.6508

PART 77
OFFSET -0.1402 -9.8095 -13.7882
X -0.4696  0.4712  0.7466
Y -0.0273 -0.8530  0.5212
Z  0.8825  0.2244  0.4134

PART 78
OFFSET  0.9469 -11.0845 -15.7759
X -0.3575 -0.3430  0.8687
Y -0.1002 -0.9107 -0.4008
Z  0.9285 -0.2303  0.2911

PART 79
OFFSET  1.5555 -10.5006 -17.2549
X -0.1852 -0.9679 -0.1700
Y  0.3467  0.0976 -0.9329
Z  0.9195 -0.2317  0.3174

PART 80
OFFSET  1.8121 -9.1592 -17.0192
X  0.0691 -0.7266 -0.6836
Y  0.3978  0.6484 -0.6490
Z  0.9149 -0.2271  0.3338

PART 81
OFFSET  1.7372 -8.3711 -16.2778
X -0.2388  0.2137  0.9472
Y  0.2467  0.9568 -0.1537
Z -0.9392  0.1969 -0.2813

PART 82
OFFSET -2.9707 -7.8213 -9.6297
X -0.5447  0.2014  0.8141
Y -0.1603  0.9278 -0.3368
Z -0.8232 -0.3139 -0.4731

PART 83
OFFSET  2.6368 -10.9673 -14.4911
X -0.5116  0.3068  0.8026
Y  0.0728 -0.9153  0.3962
Z  0.8561  0.2611  0.4459

PART 84
OFFSET  3.5375 -11.5075 -15.9042
X -0.1535 -0.6340  0.7580
Y  0.4965 -0.7127 -0.4955
Z  0.8543  0.3003  0.4242

PART 85
OFFSET  3.7760 -10.7185 -16.7999
X -0.1158 -0.7800  0.6149
Y  0.5115 -0.5775 -0.6363
Z  0.8514  0.2409  0.4659

PART 86
OFFSET  3.9068 -9.8374 -17.4945
X -0.1846  0.8430  0.5052
Y  0.1485  0.5321 -0.8336
Z -0.9715 -0.0788 -0.2234

PART 87
OFFSET  1.8073 -11.1067 -15.2074
X -0.2898 -0.4699  0.8338
Y  0.2007 -0.8817 -0.4271
Z  0.9358  0.0436  0.3498

PART 88
OFFSET  2.3734 -10.1888 -16.8363
X  0.0969 -0.9842 -0.1483
Y  0.2975  0.1708 -0.9393
Z  0.9498  0.0469  0.3094

PART 89
OFFSET  2.2318 -8.7513 -16.6198
X  0.2451 -0.7247 -0.6440
Y  0.1475  0.6844 -0.7141
Z  0.9582  0.0800  0.2746

PART 90
OFFSET  1.9476 -7.9305 -15.8928
X -0.3434  0.1135  0.9323
Y  0.0267  0.9935 -0.1111
Z -0.9388 -0.0132 -0.3442

PART 91
OFFSET -2.3450 -8.0883 -12.8897
X -0.9487 -0.0159 -0.3158
Y  0.0319  0.9888 -0.1457
Z  0.3146 -0.1483 -0.9376

PART 92
OFFSET -2.3086 -8.5232 -11.7737
X -0.9487 -0.0159 -0.3158
Y  0.0319  0.9888 -0.1457
Z  0.3146 -0.1483 -0.9376

PART 93
OFFSET -2.1902 -9.8632 -11.7313
X -0.9487 -0.0159 -0.3158
Y  0.0319  0.9888 -0.1457
Z  0.3146 -0.1483 -0.9376

PART 94
OFFSET  0.0000 -0.0000 -0.0000
X  1.0000 -0.0000  0.0000
Y  0.0000  1.0000  0.0000
Z  0.0000 -0.0000  1.0000

PART 95
OFFSET -0.0000 -0.0000 -0.0000
X  1.0000 -0.0015 -0.0091
Y  0.0015  1.0000  0.0013
Z  0.0091 -0.0013  1.0000

PART 96
OFFSET  1.5781 -0.0077  4.1215
X  1.0000 -0.0015 -0.0091
Y  0.0015  1.0000  0.0013
Z  0.0091 -0.0013  1.0000


FRAME 1004
PART 0
OFFSET  0.0000 -0.0000 -0.0000
X  1.0000 -0.0000  0.0000
Y  0.0000  1.0000  0.0000
Z  0.0000 -0.0000  1.0000

PART 1
OFFSET -7.6810 -0.0000 -1.3770
X  1.0000  0.0000  0.0000
Y -0.0000  1.0000  0.0000
Z  0.0000 -0.0000  1.0000

PART 2
OFFSET -1.6489  5.2787 -5.1189
X  0.3679 -0.6451 -0.6697
Y -0.8524  0.0538 -0.5201
Z  0.3715  0.7622 -0.5301

PART 3
OFFSET  2.8008 -2.5227 -13.2183
X  0.3676 -0.6450 -0.6700
Y -0.7542 -0.6282  0.1910
Z -0.5441  0.4351 -0.7174

PART 4
OFFSET  5.9271 -8.0087 -18.9168
X  0.3676 -0.6450 -0.6700
Y  0.6421 -0.3452  0.6846
Z -0.6728 -0.6818  0.2873

PART 5
OFFSET  7.9489 -9.3036 -18.6456
X  0.3735 -0.6425 -0.6691
Y  0.5500 -0.4275  0.7174
Z -0.7470 -0.6360  0.1937

PART 6
OFFSET  6.8492 -7.5558 -20.3607
X  0.3735 -0.6425 -0.6691
Y  0.5500 -0.4275  0.7174
Z -0.7470 -0.6360  0.1937

PART 7
OFFSET  6.4172 -10.7599 -18.8638
X  0.3735 -0.6425 -0.6691
Y  0.5500 -0.4275  0.7174
Z -0.7470 -0.6360  0.1937

PART 8
OFFSET  5.4347 -9.9995 -19.9871
X  0.3735 -0.6425 -0.6691
Y  0.5500 -0.4275  0.7174
Z -0.7470 -0.6360  0.1937

PART 9
OFFSET  4.5585 -8.9559 -20.9030
X  0.3735 -0.6425 -0.6691
Y  0.5500 -0.4275  0.7174
Z -0.7470 -0.6360  0.1937

PART 10
OFFSET  7.0540 -9.9860 -20.9707
X  0.5531 -0.8300  0.0722
Y  0.3898  0.3344  0.8580
Z -0.7363 -0.4464  0.5085

PART 11
OFFSET  7.3766 -10.2199 -19.9014
X  0.1715 -0.6924  0.7008
Y  0.5713  0.6494  0.5018
Z -0.8026  0.3143  0.5070

PART 12
OFFSET  7.7591 -11.6319 -18.3109
X  0.0077 -0.9985 -0.0535
Y  0.4149 -0.0455  0.9087
Z -0.9098 -0.0292  0.4139

PART 13
OFFSET  7.6449 -13.2444 -18.4052
X -0.5497 -0.4140 -0.7255
Y  0.0825 -0.8912  0.4461
Z -0.8313  0.1854  0.5241

PART 14
OFFSET  7.0138 -13.6988 -19.1581
X  0.1452 -0.6084 -0.7803
Y  0.9242  0.3650 -0.1126
Z  0.3533 -0.7048  0.6152

PART 15
OFFSET  6.9558 -11.1367 -21.7256
X  0.2468 -0.9165 -0.3147
Y -0.7850 -0.3795  0.4896
Z -0.5682  0.1262 -0.8132

PART 16
OFFSET  7.4968 -13.2609 -22.2542
X -0.4035 -0.6444  0.6496
Y -0.5385  0.7412  0.4008
Z -0.7398 -0.1881 -0.6460

PART 17
OFFSET  6.9256 -14.1732 -21.3345
X -0.6618  0.3800  0.6463
Y  0.0838  0.8941 -0.4399
Z -0.7450 -0.2369 -0.6236

PART 18
OFFSET  6.3389 -13.8363 -20.7615
X -0.3901  0.9016  0.1870
Y  0.5589  0.3932 -0.7300
Z -0.7317 -0.1803 -0.6573

PART 19
OFFSET  5.9683 -12.9797 -20.5838
X  0.0533 -0.9104  0.4103
Y  0.5805 -0.3061 -0.7545
Z  0.8125  0.2784  0.5122

PART 20
OFFSET  7.4393 -11.0346 -21.2105
X  0.4022 -0.8953 -0.1917
Y -0.7639 -0.4435  0.4688
Z -0.5047 -0.0421 -0.8623

PART 21
OFFSET  8.4358 -13.3720 -21.7601
