// Export filename: `C:\projects\cod\t5\xanim_export\t5_viewmodels\m60\m60_fire.XANIM_EXPORT`
// Source filename: `D:\projects\devanim\t5\animation_assets\viewmodels\m60\viewmodel_m60_animated.fbx`
// Export time: Mon Jun 21 15:47:31 2010

ANIMATION
VERSION 3

NUMPARTS 97
PART 0 "tag_ads"
PART 1 "tag_torso"
PART 2 "J_Shoulder_LE"
PART 3 "J_Elbow_LE"
PART 4 "J_WristTwist_LE"
PART 5 "J_Sleave_Reshape_Bottom_LE_1"
PART 6 "J_Sleave_Reshape_Bottom_LE_2"
PART 7 "J_Sleave_Reshape_Top_LE_1"
PART 8 "J_Sleave_Reshape_Top_LE_2"
PART 9 "J_Sleave_Reshape_Top_LE_3"
PART 10 "J_Wrist_LE"
PART 11 "J_Thumb_LE_0"
PART 12 "J_Thumb_LE_1"
PART 13 "J_Thumb_LE_2"
PART 14 "J_Thumb_LE_3"
PART 15 "J_PinkyPalm_LE"
PART 16 "J_Pinky_LE_0"
PART 17 "J_Pinky_LE_1"
PART 18 "J_Pinky_LE_2"
PART 19 "J_Pinky_LE_3"
PART 20 "J_RingPalm_LE"
PART 21 "J_Ring_LE_0"
PART 22 "J_Ring_LE_1"
PART 23 "J_Ring_LE_2"
PART 24 "J_Ring_LE_3"
PART 25 "J_Webbing_LE"
PART 26 "J_Index_LE_0"
PART 27 "J_Index_LE_1"
PART 28 "J_Index_LE_2"
PART 29 "J_Index_LE_3"
PART 30 "J_Mid_LE_0"
PART 31 "J_Mid_LE_1"
PART 32 "J_Mid_LE_2"
PART 33 "J_Mid_LE_3"
PART 34 "tag_knife_attach"
PART 35 "D_Sleave_Reshape_Bottom_LE_1"
PART 36 "D_Sleave_Reshape_Bottom_LE_2"
PART 37 "D_Sleave_Reshape_Top_LE_1"
PART 38 "D_Sleave_Reshape_Top_LE_2"
PART 39 "D_Sleave_Reshape_Top_LE_3"
PART 40 "tag_weapon"
PART 41 "J_Gun"
PART 42 "J_Bolt"
PART 43 "J_Handle"
PART 44 "J_Reload_Cover"
PART 45 "TAG_IRON_SIGHTS"
PART 46 "TAG_CLIP"
PART 47 "J_Bullets0"
PART 48 "J_Bullets1"
PART 49 "J_Bullets2"
PART 50 "J_Bullets3"
PART 51 "J_Bullets4"
PART 52 "J_Bullets5"
PART 53 "J_Bullets6"
PART 54 "J_Bullets7"
PART 55 "J_Bullets8"
PART 56 "J_Bullets9"
PART 57 "J_Bullets10"
PART 58 "J_Bullets11"
PART 59 "J_Pod_Left"
PART 60 "J_Pod_Right"
PART 61 "J_Shoulder_RI"
PART 62 "J_Elbow_RI"
PART 63 "J_WristTwist_RI"
PART 64 "J_Sleave_Reshape_Top_RI_3"
PART 65 "J_Sleave_Reshape_Top_RI_2"
PART 66 "J_Sleave_Reshape_Top_RI_1"
PART 67 "J_Wrist_RI"
PART 68 "J_Thumb_RI_0"
PART 69 "J_Thumb_RI_1"
PART 70 "J_Thumb_RI_2"
PART 71 "J_Thumb_RI_3"
PART 72 "J_PinkyPalm_RI"
PART 73 "J_Pinky_RI_0"
PART 74 "J_Pinky_RI_1"
PART 75 "J_Pinky_RI_2"
PART 76 "J_Pinky_RI_3"
PART 77 "J_RingPalm_RI"
PART 78 "J_Ring_RI_0"
PART 79 "J_Ring_RI_1"
PART 80 "J_Ring_RI_2"
PART 81 "J_Ring_RI_3"
PART 82 "J_Webbing_RI"
PART 83 "J_Index_RI_0"
PART 84 "J_Index_RI_1"
PART 85 "J_Index_RI_2"
PART 86 "J_Index_RI_3"
PART 87 "J_Mid_RI_0"
PART 88 "J_Mid_RI_1"
PART 89 "J_Mid_RI_2"
PART 90 "J_Mid_RI_3"
PART 91 "D_Sleave_Reshape_Top_RI_3"
PART 92 "D_Sleave_Reshape_Top_RI_2"
PART 93 "D_Sleave_Reshape_Top_RI_1"
PART 94 "tag_cambone"
PART 95 "tag_camera"
PART 96 "tag_gasmask"

FRAMERATE 30
NUMFRAMES 10

FRAME 200
PART 0
OFFSET  0.0000 -0.0000  0.0000
X  1.0000 -0.0000  0.0000
Y  0.0000  1.0000  0.0000
Z  0.0000 -0.0000  1.0000

PART 1
OFFSET -7.6810 -0.0000 -1.3770
X  1.0000  0.0000  0.0000
Y -0.0000  1.0000  0.0000
Z  0.0000 -0.0000  1.0000

PART 2
OFFSET -1.6489  5.2787 -5.1189
X  0.8341  0.1877 -0.5187
Y -0.0946 -0.8777 -0.4698
Z -0.5434  0.4409 -0.7143

PART 3
OFFSET  8.4388  7.5490 -11.3916
X  0.4938 -0.8061  0.3261
Y -0.7923 -0.2626  0.5508
Z -0.3584 -0.5303 -0.7683

PART 4
OFFSET  12.6391  0.6927 -8.6182
X  0.4938 -0.8061  0.3261
Y  0.7157  0.5898  0.3741
Z -0.4938  0.0486  0.8682

PART 5
OFFSET  14.5172  0.7255 -7.0985
X  0.4995 -0.8031  0.3249
Y  0.3683  0.5363  0.7594
Z -0.7841 -0.2596  0.5637

PART 6
OFFSET  13.8730 -0.1824 -9.5402
X  0.4995 -0.8031  0.3249
Y  0.3683  0.5363  0.7594
Z -0.7841 -0.2596  0.5637

PART 7
OFFSET  13.0405 -0.4173 -6.0847
X  0.4995 -0.8031  0.3249
Y  0.3683  0.5363  0.7594
Z -0.7841 -0.2596  0.5637

PART 8
OFFSET  12.3538 -1.2361 -7.3744
X  0.4995 -0.8031  0.3249
Y  0.3683  0.5363  0.7594
Z -0.7841 -0.2596  0.5637

PART 9
OFFSET  11.7315 -1.7263 -8.8125
X  0.4995 -0.8031  0.3249
Y  0.3683  0.5363  0.7594
Z -0.7841 -0.2596  0.5637

PART 10
OFFSET  14.1531 -1.7785 -7.6186
X  0.9191 -0.3827  0.0938
Y  0.3222  0.8670  0.3800
Z -0.2268 -0.3190  0.9202

PART 11
OFFSET  14.7844 -1.2449 -6.8318
X  0.9359 -0.1097  0.3346
Y  0.1684  0.9740 -0.1518
Z -0.3093  0.1984  0.9300

PART 12
OFFSET  16.8037 -1.3734 -6.0731
X  0.8627 -0.5039  0.0432
Y  0.4825  0.8455  0.2287
Z -0.1518 -0.1764  0.9725

PART 13
OFFSET  18.1506 -2.2571 -5.9080
X  0.9369 -0.1398  0.3203
Y  0.1512  0.9884 -0.0109
Z -0.3151  0.0586  0.9472

PART 14
OFFSET  19.1519 -2.3888 -5.5185
X  0.9252  0.0628 -0.3743
Y -0.3469 -0.2596 -0.9012
Z -0.1538  0.9637 -0.2184

PART 15
OFFSET  14.5400 -3.0952 -7.7601
X  0.6338 -0.7726 -0.0385
Y -0.3070 -0.2969  0.9042
Z -0.7100 -0.5612 -0.4254

PART 16
OFFSET  16.0297 -4.7857 -7.6739
X  0.2315 -0.3711  0.8993
Y -0.3914  0.8107  0.4353
Z -0.8906 -0.4528  0.0424

PART 17
OFFSET  16.3574 -5.3111 -6.4007
X -0.0705  0.2752  0.9588
Y -0.4914  0.8269 -0.2734
Z -0.8681 -0.4904  0.0769

PART 18
OFFSET  16.2950 -5.0672 -5.5506
X -0.1600  0.4306  0.8882
Y -0.4094  0.7898 -0.4567
Z -0.8982 -0.4367  0.0499

PART 19
OFFSET  16.1429 -4.6581 -4.7068
X  0.5093 -0.7620 -0.3999
Y -0.3196  0.2640 -0.9100
Z  0.7990  0.5913 -0.1091

PART 20
OFFSET  14.9879 -2.5586 -7.6155
X  0.7743 -0.6324 -0.0219
Y -0.2595 -0.3489  0.9005
Z -0.5771 -0.6916 -0.4342

PART 21
OFFSET  16.9557 -4.2560 -7.6865
X  0.2444 -0.6695  0.7015
Y -0.3909  0.5940  0.7031
Z -0.8874 -0.4460 -0.1165

PART 22
OFFSET  17.3719 -5.3958 -6.4922
X -0.2626  0.2875  0.9211
Y -0.4031  0.8346 -0.3754
Z -0.8766 -0.4699 -0.1033

PART 23
OFFSET  17.0079 -4.9974 -5.2157
X -0.3520  0.4661  0.8117
Y -0.3312  0.7490 -0.5738
Z -0.8754 -0.4708 -0.1093

PART 24
OFFSET  16.6261 -4.4919 -4.3354
X  0.4345 -0.8329 -0.3426
Y -0.0317  0.3660 -0.9301
Z  0.9001  0.4150  0.1327

PART 25
OFFSET  17.3766 -1.7526 -6.2329
X  0.7394 -0.6165  0.2706
Y  0.4963  0.2276 -0.8378
Z  0.4549  0.7538  0.4743

PART 26
OFFSET  18.0617 -2.4972 -7.3085
X  0.5345 -0.8356  0.1265
Y -0.3439 -0.0783  0.9357
Z -0.7720 -0.5437 -0.3292

PART 27
OFFSET  19.0028 -3.9685 -7.0858
X -0.0316 -0.6108  0.7912
Y -0.6561  0.6098  0.4445
Z -0.7540 -0.5050 -0.4200

PART 28
OFFSET  19.0102 -4.6803 -6.0985
X -0.4191  0.0656  0.9056
Y -0.4883  0.8246 -0.2857
Z -0.7655 -0.5619 -0.3136

PART 29
OFFSET  18.5368 -4.6063 -5.0756
X  0.3619 -0.9238 -0.1251
Y  0.3523  0.2598 -0.8991
Z  0.8631  0.2813  0.4195

PART 30
OFFSET  17.5735 -3.4542 -7.5657
X  0.3943 -0.7696  0.5022
Y -0.5021  0.2773  0.8192
Z -0.7697 -0.5751 -0.2771

PART 31
OFFSET  18.3437 -4.9577 -6.5846
X -0.3645  0.0490  0.9299
Y -0.4823  0.8443 -0.2335
Z -0.7966 -0.5336 -0.2841

PART 32
OFFSET  17.8113 -4.8861 -5.2263
X -0.5042  0.3004  0.8097
Y -0.3057  0.8148 -0.4926
Z -0.8077 -0.4959 -0.3190

PART 33
OFFSET  17.2348 -4.5500 -4.3111
X  0.6335 -0.7190 -0.2858
Y  0.0301  0.3920 -0.9195
Z  0.7732  0.5739  0.2700

PART 34
OFFSET  16.1257 -3.7695 -6.1667
X -0.6276 -0.6746 -0.3885
Y  0.2267  0.3190 -0.9202
Z  0.7448 -0.6657 -0.0473

PART 35
OFFSET  14.4871  0.3196 -8.0555
X  0.4995 -0.8031  0.3249
Y  0.3683  0.5363  0.7594
Z -0.7841 -0.2597  0.5637

PART 36
OFFSET  13.8730 -0.1824 -9.5402
X  0.4995 -0.8031  0.3249
Y  0.3683  0.5363  0.7594
Z -0.7841 -0.2597  0.5637

PART 37
OFFSET  12.6949 -0.8288 -6.5705
X  0.4995 -0.8031  0.3249
Y  0.3683  0.5363  0.7594
Z -0.7841 -0.2597  0.5637

PART 38
OFFSET  11.9999 -1.5078 -7.5019
X  0.4995 -0.8031  0.3249
Y  0.3683  0.5363  0.7594
Z -0.7841 -0.2597  0.5637

PART 39
OFFSET  12.3531 -1.2678 -8.6214
X  0.4995 -0.8031  0.3249
Y  0.3683  0.5363  0.7594
Z -0.7841 -0.2597  0.5637

PART 40
OFFSET  9.9030 -3.4097 -6.3868
X  1.0000  0.0000  0.0000
Y -0.0000  1.0000  0.0000
Z  0.0000 -0.0000  1.0000

PART 41
OFFSET  9.9030 -3.4097 -6.3868
X  1.0000  0.0000  0.0000
Y -0.0000  1.0000  0.0000
Z  0.0000 -0.0000  1.0000

PART 42
OFFSET  12.4064 -4.1473 -4.7608
X  1.0000  0.0000  0.0000
Y -0.0000  1.0000  0.0000
Z  0.0000 -0.0000  1.0000

PART 43
OFFSET  16.9957 -3.4097 -3.2304
X  1.0000 -0.0000 -0.0000
Y  0.0000  0.9053 -0.4247
Z  0.0000  0.4247  0.9053

PART 44
OFFSET  12.0465 -3.4097 -2.5324
X  1.0000 -0.0000  0.0000
Y -0.0000  1.0000  0.0000
Z -0.0000 -0.0000  1.0000

PART 45
OFFSET  7.7652 -3.4097 -1.5652
X  1.0000 -0.0000  0.0000
Y -0.0000  1.0000  0.0000
Z -0.0000 -0.0000  1.0000

PART 46
OFFSET  10.2681  1.2515 -5.8968
X  1.0000  0.0000  0.0000
Y -0.0000  1.0000  0.0000
Z -0.0000 -0.0000  1.0000

PART 47
OFFSET  9.9030 -3.4500 -3.4118
X  0.0000  0.9879  0.1554
Y -1.0000  0.0000  0.0000
Z  0.0000 -0.1554  0.9879

PART 48
OFFSET  9.9030 -2.9895 -3.3393
X -0.0001  0.9875  0.1574
Y -1.0000 -0.0001  0.0000
Z  0.0000 -0.1574  0.9875

PART 49
OFFSET  9.9029 -2.5291 -3.2659
X -0.0001  0.9897  0.1429
Y -1.0000 -0.0001 -0.0000
Z -0.0000 -0.1429  0.9897

PART 50
OFFSET  9.9029 -2.0677 -3.1993
X -0.0000  0.9960  0.0898
Y -1.0000 -0.0000  0.0000
Z  0.0000 -0.0898  0.9960

PART 51
OFFSET  9.9029 -1.6034 -3.1574
X -0.0001  0.9990 -0.0439
Y -1.0000 -0.0001 -0.0003
Z -0.0003  0.0439  0.9990

PART 52
OFFSET  9.9028 -1.1377 -3.1778
X -0.0002  0.9033 -0.4290
Y -1.0000 -0.0003 -0.0003
Z -0.0004  0.4290  0.9033

PART 53
OFFSET  9.9027 -0.7568 -3.3587
X  0.0002  0.4541 -0.8909
Y -1.0000 -0.0004 -0.0004
Z -0.0005  0.8909  0.4541

PART 54
OFFSET  9.9028 -0.5441 -3.7762
X  0.0003  0.0982 -0.9952
Y -1.0000 -0.0004 -0.0004
Z -0.0004  0.9952  0.0982

PART 55
OFFSET  9.9030 -0.4982 -4.2401
X  0.0005 -0.0088 -1.0000
Y -1.0000 -0.0004 -0.0005
Z -0.0003  1.0000 -0.0088

PART 56
OFFSET  9.9031 -0.5023 -4.7063
X  0.0003 -0.0091 -1.0000
Y -1.0000 -0.0004 -0.0003
Z -0.0003  1.0000 -0.0091

PART 57
OFFSET  9.9032 -0.5067 -5.1724
X  0.0003 -0.0091 -1.0000
Y -1.0000 -0.0002 -0.0003
Z -0.0002  1.0000 -0.0091

PART 58
OFFSET  9.9034 -0.5109 -5.6386
X  0.0003 -0.0091 -1.0000
Y -1.0000 -0.0003 -0.0003
Z -0.0003  1.0000 -0.0091

PART 59
OFFSET  25.9325 -2.0945 -4.8678
X -0.0000  0.4115 -0.9114
Y  0.0698  0.9092  0.4105
Z  0.9976 -0.0636 -0.0287

PART 60
OFFSET  25.9325 -4.7244 -4.8678
X  0.0000  0.4115  0.9114
Y -0.0698  0.9092 -0.4105
Z -0.9976 -0.0636  0.0287

PART 61
OFFSET -6.5551 -7.9373 -5.6959
X -0.4471  0.1582  0.8804
Y -0.1653 -0.9819  0.0925
Z  0.8791 -0.1041  0.4651

PART 62
OFFSET -1.1481 -9.8501 -16.3434
X -0.5546 -0.4384 -0.7072
Y  0.7738  0.0407 -0.6321
Z  0.3059 -0.8979  0.3167

PART 63
OFFSET  3.5692 -6.1212 -10.3280
X -0.5546 -0.4384 -0.7072
Y  0.8156 -0.1180 -0.5664
Z  0.1649 -0.8910  0.4230

PART 64
OFFSET  3.4215 -4.4559 -9.2104
X -0.5602 -0.4360 -0.7044
Y -0.3156  0.8985 -0.3052
Z  0.7659  0.0513 -0.6409

PART 65
OFFSET  3.0582 -4.8273 -8.1528
X -0.5602 -0.4360 -0.7044
Y -0.3156  0.8985 -0.3052
Z  0.7659  0.0513 -0.6409

PART 66
OFFSET  3.8017 -6.0413 -7.8430
X -0.5602 -0.4360 -0.7044
Y -0.3156  0.8985 -0.3052
Z  0.7659  0.0513 -0.6409

PART 67
OFFSET  5.2695 -4.7772 -8.1598
X -0.9700 -0.0169 -0.2425
Y  0.2429 -0.1079 -0.9640
Z -0.0099 -0.9940  0.1088

PART 68
OFFSET  5.4755 -4.2573 -7.1650
X -0.6095 -0.6748 -0.4161
Y  0.4742  0.1103 -0.8735
Z  0.6353 -0.7297  0.2528

PART 69
OFFSET  6.7081 -2.7716 -6.1939
X -0.9026 -0.3584  0.2385
Y -0.0467 -0.4693 -0.8818
Z  0.4280 -0.8071  0.4068

PART 70
OFFSET  8.1145 -2.1307 -6.6770
X -0.4751  0.0294  0.8795
Y -0.6968 -0.6229 -0.3556
Z  0.5373 -0.7818  0.3164

PART 71
OFFSET  8.6155 -2.1162 -7.6365
X -0.8394  0.3955  0.3727
Y  0.0747  0.7632 -0.6418
Z -0.5383 -0.5109 -0.6702

PART 72
OFFSET  6.3524 -4.6775 -9.0088
X -0.9573 -0.0063  0.2891
Y  0.0515 -0.9875  0.1490
Z  0.2846  0.1575  0.9456

PART 73
OFFSET  8.5384 -4.5194 -9.5390
X -0.5075 -0.8325 -0.2224
Y  0.8483 -0.4374 -0.2982
Z  0.1510 -0.3401  0.9282

PART 74
OFFSET  9.2569 -3.3408 -9.2240
X  0.5880 -0.7254 -0.3580
Y  0.8021  0.5800  0.1423
Z  0.1044 -0.3708  0.9228

PART 75
OFFSET  8.7356 -2.6976 -8.9065
X  0.9619 -0.1682 -0.2155
Y  0.2270  0.9308  0.2867
Z  0.1524 -0.3247  0.9335

PART 76
OFFSET  7.8217 -2.5378 -8.7018
X -0.9002 -0.4087 -0.1501
Y -0.4284  0.7699  0.4731
Z -0.0778  0.4902 -0.8681

PART 77
OFFSET  6.4029 -4.7409 -8.2996
X -0.9989  0.0078  0.0457
Y -0.0006 -0.9878  0.1559
Z  0.0464  0.1557  0.9867

PART 78
OFFSET  8.9886 -4.8063 -8.5613
X -0.5304 -0.8456  0.0599
Y  0.7906 -0.5190 -0.3250
Z  0.3059 -0.1250  0.9438

PART 79
OFFSET  9.8917 -3.3666 -8.6633
X  0.6601 -0.6877 -0.3023
Y  0.6950  0.7118 -0.1016
Z  0.2851 -0.1431  0.9478

PART 80
OFFSET  8.9769 -2.4135 -8.2443
X  0.9438  0.2199 -0.2467
Y -0.1745  0.9656  0.1930
Z  0.2806 -0.1391  0.9497

PART 81
OFFSET  7.9533 -2.6519 -7.9767
X -0.6598 -0.7385  0.1386
Y -0.6958  0.6701  0.2585
Z -0.2838  0.0741 -0.9560

PART 82
OFFSET  1.0218 -5.2892 -8.2957
X -0.9624 -0.2714 -0.0115
Y -0.2629  0.9412 -0.2121
Z  0.0684 -0.2011 -0.9772

PART 83
OFFSET  8.8623 -4.9993 -6.4472
X -0.9752 -0.1426  0.1690
Y  0.1529 -0.9870  0.0495
Z  0.1597  0.0741  0.9844

PART 84
OFFSET  10.5793 -4.7482 -6.7447
X -0.3405 -0.9239  0.1748
Y  0.9273 -0.3607 -0.1003
Z  0.1557  0.1279  0.9795

PART 85
OFFSET  11.0027 -3.6173 -6.8977
X -0.1646 -0.9831  0.0807
Y  0.9748 -0.1746 -0.1386
Z  0.1503  0.0559  0.9871

PART 86
OFFSET  11.1886 -2.5069 -6.9888
X -0.7841  0.4933  0.3765
Y  0.4269  0.8691 -0.2497
Z -0.4504 -0.0351 -0.8922

PART 87
OFFSET  9.0241 -4.9398 -7.5385
X -0.5488 -0.8198  0.1636
Y  0.8083 -0.5703 -0.1461
Z  0.2131  0.0521  0.9757

PART 88
OFFSET  10.0962 -3.3383 -7.8580
X  0.6675 -0.7357 -0.1149
Y  0.7020  0.6732 -0.2323
Z  0.2483  0.0744  0.9658

PART 89
OFFSET  9.1212 -2.2637 -7.6902
X  0.9049  0.3074 -0.2944
Y -0.3316  0.9428 -0.0348
Z  0.2669  0.1291  0.9550

PART 90
OFFSET  8.0942 -2.6121 -7.3635
X -0.4991 -0.8461  0.1869
Y -0.8140  0.5318  0.2336
Z -0.2971 -0.0355 -0.9542

PART 91
OFFSET  3.4442 -4.4930 -9.2058
X -0.5601 -0.4362 -0.7043
Y -0.3154  0.8984 -0.3055
Z  0.7660  0.0511 -0.6408

PART 92
OFFSET  3.1002 -4.9080 -8.1358
X -0.5601 -0.4362 -0.7043
Y -0.3154  0.8984 -0.3055
Z  0.7660  0.0511 -0.6408

PART 93
OFFSET  3.7280 -6.0451 -7.7824
X -0.5601 -0.4362 -0.7043
Y -0.3154  0.8984 -0.3055
Z  0.7660  0.0511 -0.6408

PART 94
OFFSET  0.0000 -0.0000 -0.0000
X  1.0000 -0.0000  0.0000
Y  0.0000  1.0000  0.0000
Z  0.0000 -0.0000  1.0000

PART 95
OFFSET  0.0000 -0.0000 -0.0000
X  1.0000 -0.0000  0.0000
Y  0.0000  1.0000  0.0000
Z  0.0000 -0.0000  1.0000

PART 96
OFFSET  1.5404 -0.0000  4.1357
X  1.0000 -0.0000  0.0000
Y  0.0000  1.0000  0.0000
Z  0.0000 -0.0000  1.0000


FRAME 201
PART 0
OFFSET  0.0000 -0.0000  0.0000
X  1.0000 -0.0000  0.0000
Y  0.0000  1.0000  0.0000
Z  0.0000 -0.0000  1.0000

PART 1
OFFSET -7.6810 -0.0000 -1.3770
X  1.0000  0.0000  0.0000
Y -0.0000  1.0000  0.0000
Z  0.0000 -0.0000  1.0000

PART 2
OFFSET -1.6489  5.2787 -5.1189
X  0.8332  0.1895 -0.5195
Y -0.0855 -0.8840 -0.4596
Z -0.5463  0.4273 -0.7203

PART 3
OFFSET  8.4275  7.5706 -11.4018
X  0.4564 -0.8108  0.3664
Y -0.8172 -0.2191  0.5332
Z -0.3520 -0.5427 -0.7626

PART 4
OFFSET  12.3095  0.6740 -8.2857
X  0.4564 -0.8108  0.3664
Y  0.7127  0.5797  0.3951
Z -0.5327  0.0808  0.8424

PART 5
OFFSET  14.1399  0.6945 -6.7088
X  0.4622 -0.8081  0.3653
Y  0.3625  0.5481  0.7538
Z -0.8093 -0.2160  0.5462

PART 6
OFFSET  13.5413 -0.2696 -9.1405
X  0.4622 -0.8081  0.3653
Y  0.3625  0.5481  0.7538
Z -0.8093 -0.2160  0.5462

PART 7
OFFSET  12.5954 -0.3670 -5.7077
X  0.4622 -0.8081  0.3653
Y  0.3625  0.5481  0.7538
Z -0.8093 -0.2160  0.5462

PART 8
OFFSET  11.9219 -1.2039 -6.9926
X  0.4622 -0.8081  0.3653
Y  0.3625  0.5481  0.7538
Z -0.8093 -0.2160  0.5462

PART 9
OFFSET  11.3281 -1.7193 -8.4340
X  0.4622 -0.8081  0.3653
Y  0.3625  0.5481  0.7538
Z -0.8093 -0.2160  0.5462

PART 10
OFFSET  13.7087 -1.8118 -7.1626
X  0.9098 -0.3965  0.1224
Y  0.3233  0.8623  0.3899
Z -0.2601 -0.3151  0.9127

PART 11
OFFSET  14.3232 -1.2874 -6.3565
X  0.9233 -0.1237  0.3637
Y  0.1878  0.9712 -0.1465
Z -0.3351  0.2035  0.9199

PART 12
OFFSET  16.3156 -1.4460 -5.5352
X  0.8532 -0.5169  0.0701
Y  0.4878  0.8383  0.2437
Z -0.1847 -0.1737  0.9673

PART 13
OFFSET  17.6432 -2.3499 -5.3282
X  0.9243 -0.1538  0.3494
Y  0.1664  0.9860 -0.0061
Z -0.3436  0.0638  0.9370

PART 14
OFFSET  18.6298 -2.4965 -4.9075
X  0.9373  0.0486 -0.3452
Y -0.3225 -0.2547 -0.9116
Z -0.1323  0.9658 -0.2231

PART 15
OFFSET  14.0799 -3.1342 -7.2920
X  0.6229 -0.7821 -0.0187
Y -0.3395 -0.2918  0.8942
Z -0.7048 -0.5506 -0.4473

PART 16
OFFSET  15.5405 -4.8470 -7.1593
X  0.1977 -0.3741  0.9061
Y -0.3925  0.8168  0.4229
Z -0.8983 -0.4392  0.0146

PART 17
OFFSET  15.8204 -5.3767 -5.8765
X -0.0962  0.2766  0.9561
Y -0.4701  0.8341 -0.2886
Z -0.8774 -0.4772  0.0498

PART 18
OFFSET  15.7351 -5.1314 -5.0288
X -0.1811  0.4334  0.8828
Y -0.3830  0.7957 -0.4692
Z -0.9058 -0.4231  0.0218

PART 19
OFFSET  15.5630 -4.7197 -4.1901
X  0.5100 -0.7698 -0.3838
Y -0.2870  0.2683 -0.9196
Z  0.8109  0.5791 -0.0841

PART 20
OFFSET  14.5312 -2.6044 -7.1334
X  0.7650 -0.6440  0.0023
Y -0.2927 -0.3445  0.8920
Z -0.5737 -0.6830 -0.4520

PART 21
OFFSET  16.4743 -4.3314 -7.1430
X  0.2123 -0.6728  0.7088
Y -0.4036  0.6002  0.6906
Z -0.8900 -0.4327 -0.1441

PART 22
OFFSET  16.8358 -5.4767 -5.9363
X -0.2869  0.2918  0.9124
Y -0.3786  0.8404 -0.3878
Z -0.8800 -0.4567 -0.1306

PART 23
OFFSET  16.4382 -5.0723 -4.6718
X -0.3701  0.4718  0.8003
Y -0.3018  0.7537 -0.5839
Z -0.8786 -0.4576 -0.1366

PART 24
OFFSET  16.0368 -4.5606 -3.8038
X  0.4324 -0.8396 -0.3289
Y  0.0029  0.3660 -0.9306
Z  0.9017  0.4014  0.1607

PART 25
OFFSET  16.8874 -1.8339 -5.6770
X  0.7212 -0.6275  0.2935
Y  0.5256  0.2197 -0.8219
Z  0.4512  0.7470  0.4882

PART 26
OFFSET  17.5945 -2.5892 -6.7307
X  0.5176 -0.8436  0.1431
Y -0.3741 -0.0727  0.9245
Z -0.7695 -0.5321 -0.3532

PART 27
OFFSET  18.5058 -4.0745 -6.4787
X -0.0655 -0.6099  0.7898
Y -0.6604  0.6199  0.4239
Z -0.7481 -0.4938 -0.4434

PART 28
OFFSET  18.4716 -4.7859 -5.4917
X -0.4461  0.0723  0.8921
Y -0.4666  0.8317 -0.3008
Z -0.7637 -0.5504 -0.3373

PART 29
OFFSET  17.9677 -4.7042 -4.4840
X  0.3516 -0.9292 -0.1138
Y  0.3841  0.2540 -0.8877
Z  0.8537  0.2684  0.4462

PART 30
OFFSET  17.1000 -3.5389 -7.0030
X  0.3667 -0.7753  0.5143
Y -0.5231  0.2853  0.8031
Z -0.7693 -0.5636 -0.3009

PART 31
OFFSET  17.8165 -5.0534 -5.9983
X -0.3925  0.0550  0.9181
Y -0.4620  0.8514 -0.2485
Z -0.7953 -0.5217 -0.3088

PART 32
OFFSET  17.2432 -4.9731 -4.6573
X -0.5246  0.3083  0.7936
Y -0.2779  0.8191 -0.5019
Z -0.8047 -0.4838 -0.3440

PART 33
OFFSET  16.6435 -4.6279 -3.7606
X  0.6312 -0.7286 -0.2659
Y  0.0647  0.3911 -0.9181
Z  0.7729  0.5623  0.2940

PART 34
OFFSET  15.6048 -3.8316 -5.6499
X -0.6253 -0.6653 -0.4079
Y  0.2601  0.3151 -0.9127
Z  0.7357 -0.6768 -0.0240

PART 35
OFFSET  14.1258  0.2595 -7.6532
X  0.4622 -0.8080  0.3653
Y  0.3625  0.5481  0.7538
Z -0.8093 -0.2161  0.5462

PART 36
OFFSET  13.5413 -0.2696 -9.1405
X  0.4622 -0.8080  0.3653
Y  0.3625  0.5481  0.7538
Z -0.8093 -0.2161  0.5462

PART 37
OFFSET  12.2514 -0.7824 -6.1912
X  0.4622 -0.8080  0.3653
Y  0.3625  0.5481  0.7538
Z -0.8093 -0.2161  0.5462

PART 38
OFFSET  11.5632 -1.4679 -7.1229
X  0.4622 -0.8080  0.3653
Y  0.3625  0.5481  0.7538
Z -0.8093 -0.2161  0.5462

PART 39
OFFSET  11.9585 -1.2754 -8.2375
X  0.4622 -0.8080  0.3653
Y  0.3625  0.5481  0.7538
Z -0.8093 -0.2161  0.5462

PART 40
OFFSET  9.3981 -3.3780 -6.0640
X  0.9994 -0.0151  0.0312
Y  0.0151  0.9999  0.0000
Z -0.0312  0.0005  0.9995

PART 41
OFFSET  9.3981 -3.3780 -6.0640
X  0.9994 -0.0151  0.0312
Y  0.0151  0.9999  0.0000
Z -0.0312  0.0005  0.9995

PART 42
OFFSET  11.8381 -4.1526 -4.3607
X  0.9994 -0.0151  0.0312
Y  0.0151  0.9999  0.0000
Z -0.0312  0.0005  0.9995

PART 43
OFFSET  16.3881 -3.4836 -2.6878
X  0.9994 -0.0151  0.0312
Y  0.0212  0.9782 -0.2066
Z -0.0274  0.2072  0.9779

PART 44
OFFSET  11.4201 -3.4085 -2.1446
X  0.9994 -0.0151  0.0312
Y  0.0151  0.9999  0.0000
Z -0.0312  0.0005  0.9995

PART 45
OFFSET  7.1112 -3.3434 -1.3114
X  0.9994 -0.0151  0.0312
Y  0.0151  0.9999  0.0000
Z -0.0312  0.0005  0.9995

PART 46
OFFSET  9.8179  1.2773 -5.5629
X  0.9998 -0.0139  0.0122
Y  0.0127  0.9958  0.0903
Z -0.0134 -0.0902  0.9958

PART 47
OFFSET  9.3049 -3.4170 -3.5189
X  0.0089  0.8736  0.4866
Y -0.9993  0.0259 -0.0283
Z -0.0373 -0.4860  0.8732

PART 48
OFFSET  9.3090 -3.0098 -3.2921
X  0.0091  0.9039  0.4277
Y -0.9993  0.0240 -0.0294
Z -0.0368 -0.4271  0.9034

PART 49
OFFSET  9.3133 -2.5884 -3.0927
X  0.0098  0.9420  0.3354
Y -0.9993  0.0213 -0.0306
Z -0.0359 -0.3349  0.9416

PART 50
OFFSET  9.3178 -2.1492 -2.9364
X  0.0114  0.9813  0.1922
Y -0.9993  0.0178 -0.0315
Z -0.0343 -0.1917  0.9809

PART 51
OFFSET  9.3232 -1.6917 -2.8468
X  0.0149  0.9998  0.0122
Y -0.9994  0.0153 -0.0318
Z -0.0319 -0.0117  0.9994

PART 52
OFFSET  9.3302 -1.2256 -2.8411
X  0.0234  0.9586 -0.2837
Y -0.9994  0.0150 -0.0317
Z -0.0261  0.2843  0.9584

PART 53
OFFSET  9.3400 -0.8215 -2.9606
X  0.0341  0.5915 -0.8056
Y -0.9994  0.0146 -0.0316
Z -0.0069  0.8062  0.5916

PART 54
OFFSET  9.3560 -0.5444 -3.3381
X  0.0333  0.1624 -0.9862
Y -0.9994  0.0148 -0.0314
Z  0.0095  0.9866  0.1628

PART 55
OFFSET  9.3716 -0.4686 -3.7978
X  0.0313 -0.0013 -0.9995
Y -0.9994  0.0160 -0.0313
Z  0.0161  0.9999 -0.0008

PART 56
OFFSET  9.3861 -0.4692 -4.2638
X  0.0311 -0.0100 -0.9995
Y -0.9994  0.0162 -0.0313
Z  0.0165  0.9998 -0.0095

PART 57
OFFSET  9.4006 -0.4739 -4.7298
X  0.0311 -0.0101 -0.9995
Y -0.9994  0.0162 -0.0313
Z  0.0165  0.9998 -0.0096

PART 58
OFFSET  9.4152 -0.4786 -5.1957
X  0.0311 -0.0101 -0.9995
Y -0.9994  0.0162 -0.0313
Z  0.0165  0.9998 -0.0096

PART 59
OFFSET  25.3905 -2.3043 -4.0456
X  0.0346  0.4110 -0.9110
Y  0.0706  0.9082  0.4125
Z  0.9969 -0.0786  0.0024

PART 60
OFFSET  25.3507 -4.9339 -4.0456
X -0.0222  0.4119  0.9110
Y -0.0432  0.9099 -0.4125
Z -0.9988 -0.0485 -0.0024

PART 61
OFFSET -6.5551 -7.9373 -5.6959
X -0.4410  0.1613  0.8829
Y -0.1515 -0.9830  0.1039
Z  0.8846 -0.0879  0.4579

PART 62
OFFSET -1.2220 -9.8877 -16.3737
X -0.5206 -0.4504 -0.7253
Y  0.7913  0.0645 -0.6080
Z  0.3206 -0.8905  0.3228

PART 63
OFFSET  3.2060 -6.0570 -10.2044
X -0.5206 -0.4504 -0.7253
Y  0.8420 -0.1303 -0.5235
Z  0.1412 -0.8833  0.4471

PART 64
OFFSET  2.9788 -4.4011 -9.0862
X -0.5263 -0.4481 -0.7226
Y -0.3306  0.8908 -0.3116
Z  0.7834  0.0749 -0.6170

PART 65
OFFSET  2.5937 -4.7866 -8.0415
X -0.5263 -0.4481 -0.7226
Y -0.3306  0.8908 -0.3116
Z  0.7834  0.0749 -0.6170

PART 66
OFFSET  3.3605 -5.9813 -7.7132
X -0.5263 -0.4481 -0.7226
Y -0.3306  0.8908 -0.3116
Z  0.7834  0.0749 -0.6170

PART 67
OFFSET  4.8020 -4.6762 -7.9807
X -0.9621 -0.0024 -0.2726
Y  0.2712 -0.1120 -0.9560
Z -0.0283 -0.9937  0.1084

PART 68
OFFSET  4.9847 -4.1590 -6.9800
X -0.6064 -0.6657 -0.4349
Y  0.5029  0.1027 -0.8582
Z  0.6160 -0.7391  0.2725

PART 69
OFFSET  6.2087 -2.6916 -5.9709
X -0.9149 -0.3446  0.2102
Y -0.0262 -0.4689 -0.8829
Z  0.4028 -0.8132  0.4200

PART 70
OFFSET  7.6390 -2.0723 -6.4099
X -0.5018  0.0370  0.8642
Y -0.6947 -0.6125 -0.3771
Z  0.5153 -0.7896  0.3330

PART 71
OFFSET  8.1699 -2.0658 -7.3533
X -0.8446  0.4083  0.3463
Y  0.1062  0.7617 -0.6391
Z -0.5248 -0.5030 -0.6867

PART 72
OFFSET  5.9123 -4.5933 -8.7955
X -0.9658  0.0083  0.2591
Y  0.0319 -0.9881  0.1505
Z  0.2573  0.1536  0.9540

PART 73
OFFSET  8.1159 -4.4684 -9.2572
X -0.5128 -0.8248 -0.2382
Y  0.8505 -0.4503 -0.2716
Z  0.1168 -0.3419  0.9325

PART 74
OFFSET  8.8420 -3.3007 -8.9200
X  0.5878 -0.7343 -0.3395
Y  0.8060  0.5679  0.1672
Z  0.0700 -0.3719  0.9256

PART 75
OFFSET  8.3208 -2.6496 -8.6189
X  0.9655 -0.1828 -0.1854
Y  0.2320  0.9274  0.2936
Z  0.1182 -0.3265  0.9378

PART 76
OFFSET  7.4035 -2.4759 -8.4428
X -0.9012 -0.3951 -0.1781
Y -0.4312  0.7765  0.4595
Z -0.0432  0.4909 -0.8702

PART 77
OFFSET  5.9397 -4.6571 -8.0850
X -0.9996  0.0229  0.0145
Y -0.0204 -0.9876  0.1558
Z  0.0179  0.1555  0.9877

PART 78
OFFSET  8.5310 -4.7616 -8.2659
X -0.5448 -0.8375  0.0433
Y  0.7924 -0.5310 -0.3002
Z  0.2744 -0.1292  0.9529

PART 79
OFFSET  9.4585 -3.3358 -8.3397
X  0.6587 -0.6977 -0.2816
Y  0.7085  0.7011 -0.0799
Z  0.2532 -0.1469  0.9562

PART 80
OFFSET  8.5456 -2.3688 -7.9495
X  0.9543  0.2055 -0.2171
Y -0.1658  0.9682  0.1874
Z  0.2487 -0.1429  0.9580

PART 81
OFFSET  7.5106 -2.5916 -7.7140
X -0.6749 -0.7284  0.1179
Y -0.6933  0.6807  0.2367
Z -0.2527  0.0780 -0.9644

PART 82
OFFSET  0.5534 -5.1241 -8.2491
X -0.9656 -0.2568 -0.0415
Y -0.2419  0.9450 -0.2202
Z  0.0958 -0.2025 -0.9746

PART 83
OFFSET  8.3359 -4.9517 -6.1568
X -0.9821 -0.1278  0.1385
Y  0.1363 -0.9892  0.0542
Z  0.1301  0.0722  0.9889

PART 84
OFFSET  10.0649 -4.7267 -6.4006
X -0.3597 -0.9185  0.1641
Y  0.9244 -0.3747 -0.0713
Z  0.1270  0.1260  0.9839

PART 85
OFFSET  10.5099 -3.6024 -6.5403
X -0.1819 -0.9804  0.0755
Y  0.9759 -0.1894 -0.1081
Z  0.1203  0.0540  0.9913

PART 86
OFFSET  10.7154 -2.4950 -6.6256
X -0.7880  0.5053  0.3518
Y  0.4476  0.8625 -0.2362
Z -0.4228 -0.0287 -0.9058

PART 87
OFFSET  8.5325 -4.8952 -7.2426
X -0.5660 -0.8113  0.1464
Y  0.8038 -0.5825 -0.1208
Z  0.1833  0.0493  0.9818

PART 88
OFFSET  9.6382 -3.3102 -7.5285
X  0.6596 -0.7457 -0.0940
Y  0.7190  0.6624 -0.2103
Z  0.2191  0.0711  0.9731

PART 89
OFFSET  8.6747 -2.2209 -7.3912
X  0.9182  0.2936 -0.2660
Y -0.3161  0.9477 -0.0451
Z  0.2389  0.1255  0.9629

PART 90
OFFSET  7.6329 -2.5537 -7.0967
X -0.5174 -0.8384  0.1712
Y -0.8128  0.5441  0.2081
Z -0.2677 -0.0315 -0.9630

PART 91
OFFSET  3.0024 -4.4375 -9.0811
X -0.5262 -0.4483 -0.7226
Y -0.3305  0.8908 -0.3120
Z  0.7835  0.0747 -0.6169

PART 92
OFFSET  2.6374 -4.8662 -8.0234
X -0.5262 -0.4483 -0.7226
Y -0.3305  0.8908 -0.3120
Z  0.7835  0.0747 -0.6169

PART 93
OFFSET  3.2851 -5.9873 -7.6549
X -0.5262 -0.4483 -0.7226
Y -0.3305  0.8908 -0.3120
Z  0.7835  0.0747 -0.6169

PART 94
OFFSET  0.0000 -0.0000 -0.0000
X  1.0000 -0.0000  0.0000
Y  0.0000  1.0000  0.0000
Z  0.0000 -0.0000  1.0000

PART 95
OFFSET  0.0000 -0.0000 -0.0000
X  1.0000 -0.0000  0.0000
Y  0.0000  1.0000  0.0000
Z  0.0000 -0.0000  1.0000

PART 96
OFFSET  1.5404 -0.0000  4.1357
X  1.0000 -0.0000  0.0000
Y  0.0000  1.0000  0.0000
Z  0.0000 -0.0000  1.0000


FRAME 202
PART 0
OFFSET  0.0000 -0.0000  0.0000
X  1.0000 -0.0000  0.0000
Y  0.0000  1.0000  0.0000
Z  0.0000 -0.0000  1.0000

PART 1
OFFSET -7.6810 -0.0000 -1.3770
X  1.0000  0.0000  0.0000
Y -0.0000  1.0000  0.0000
Z  0.0000 -0.0000  1.0000

PART 2
OFFSET -1.6489  5.2787 -5.1189
X  0.8351  0.1859 -0.5178
Y -0.0870 -0.8847 -0.4579
Z -0.5432  0.4274 -0.7226

PART 3
OFFSET  8.4503  7.5268 -11.3811
X  0.4559 -0.8107  0.3674
Y -0.8176 -0.2183  0.5328
Z -0.3518 -0.5433 -0.7623

PART 4
OFFSET  12.3281  0.6317 -8.2565
X  0.4559 -0.8107  0.3674
Y  0.7035  0.5811  0.4092
Z -0.5452  0.0719  0.8352

PART 5
OFFSET  14.1575  0.6530 -6.6784
X  0.4617 -0.8079  0.3663
Y  0.3622  0.5486  0.7536
Z -0.8097 -0.2153  0.5459

PART 6
OFFSET  13.5601 -0.3130 -9.1097
X  0.4617 -0.8079  0.3663
Y  0.3622  0.5486  0.7536
Z -0.8097 -0.2153  0.5459

PART 7
OFFSET  12.6120 -0.4071 -5.6774
X  0.4617 -0.8079  0.3663
Y  0.3622  0.5486  0.7536
Z -0.8097 -0.2153  0.5459

PART 8
OFFSET  11.9390 -1.2449 -6.9620
X  0.4617 -0.8079  0.3663
Y  0.3622  0.5486  0.7536
Z -0.8097 -0.2153  0.5459

PART 9
OFFSET  11.3460 -1.7614 -8.4033
X  0.4617 -0.8079  0.3663
Y  0.3622  0.5486  0.7536
Z -0.8097 -0.2153  0.5459

PART 10
OFFSET  13.7258 -1.8535 -7.1303
X  0.9059 -0.4036  0.1283
Y  0.3248  0.8565  0.4011
Z -0.2718 -0.3217  0.9070

PART 11
OFFSET  14.3351 -1.3406 -6.3131
X  0.9186 -0.1331  0.3722
Y  0.1956  0.9713 -0.1356
Z -0.3434  0.1974  0.9182

PART 12
OFFSET  16.3178 -1.5198 -5.4725
X  0.8490 -0.5231  0.0743
Y  0.4907  0.8328  0.2564
Z -0.1960 -0.1812  0.9637

PART 13
OFFSET  17.6371 -2.4343 -5.2599
X  0.9195 -0.1631  0.3576
Y  0.1729  0.9849  0.0046
Z -0.3530  0.0576  0.9339

PART 14
OFFSET  18.6183 -2.5913 -4.8303
X  0.9411  0.0456 -0.3349
Y -0.3146 -0.2443 -0.9172
Z -0.1236  0.9686 -0.2156

PART 15
OFFSET  14.0896 -3.1772 -7.2679
X  0.6180 -0.7860 -0.0194
Y -0.3508 -0.2977  0.8879
Z -0.7036 -0.5419 -0.4597

PART 16
OFFSET  15.5375 -4.9007 -7.1357
X  0.1857 -0.3836  0.9046
Y -0.3916  0.8155  0.4262
Z -0.9012 -0.4334  0.0012

PART 17
OFFSET  15.8005 -5.4439 -5.8549
X -0.1044  0.2686  0.9576
Y -0.4616  0.8398 -0.2859
Z -0.8809 -0.4718  0.0363

PART 18
OFFSET  15.7079 -5.2057 -5.0059
X -0.1876  0.4266  0.8848
Y -0.3728  0.8024 -0.4659
Z -0.9087 -0.4173  0.0085

PART 19
OFFSET  15.5297 -4.8005 -4.1653
X  0.5089 -0.7697 -0.3855
Y -0.2756  0.2786 -0.9200
Z  0.8155  0.5745 -0.0703

PART 20
OFFSET  14.5427 -2.6518 -7.0998
X  0.7607 -0.6491  0.0044
Y -0.3043 -0.3506  0.8857
Z -0.5734 -0.6751 -0.4642

PART 21
OFFSET  16.4745 -4.3914 -7.1049
X  0.2005 -0.6805  0.7048
Y -0.4069  0.5965  0.6918
Z -0.8912 -0.4254 -0.1573

PART 22
OFFSET  16.8158 -5.5501 -5.9050
X -0.2945  0.2854  0.9120
Y -0.3690  0.8464 -0.3840
Z -0.8815 -0.4496 -0.1440

PART 23
OFFSET  16.4076 -5.1545 -4.6410
X -0.3754  0.4669  0.8007
Y -0.2907  0.7609 -0.5801
Z -0.8801 -0.4505 -0.1499

PART 24
OFFSET  16.0005 -4.6481 -3.7727
X  0.4303 -0.8394 -0.3320
Y  0.0151  0.3744 -0.9271
Z  0.9025  0.3940  0.1738

PART 25
OFFSET  16.8885 -1.9102 -5.6119
X  0.7140 -0.6349  0.2953
Y  0.5357  0.2236 -0.8143
Z  0.4509  0.7396  0.4997

PART 26
OFFSET  17.6016 -2.6606 -6.6650
X  0.5106 -0.8482  0.1408
Y -0.3842 -0.0786  0.9199
Z -0.7692 -0.5238 -0.3660

PART 27
OFFSET  18.5005 -4.1540 -6.4171
X -0.0778 -0.6166  0.7835
Y -0.6608  0.6203  0.4226
Z -0.7466 -0.4848 -0.4557

PART 28
OFFSET  18.4513 -4.8741 -5.4370
X -0.4549  0.0672  0.8880
Y -0.4580  0.8375 -0.2980
Z -0.7637 -0.5423 -0.3503

PART 29
OFFSET  17.9374 -4.7983 -4.4340
X  0.3467 -0.9304 -0.1186
Y  0.3950  0.2595 -0.8813
Z  0.8507  0.2587  0.4575

PART 30
OFFSET  17.1039 -3.6045 -6.9511
X  0.3562 -0.7823  0.5110
Y -0.5297  0.2814  0.8002
Z -0.7698 -0.5557 -0.3141

PART 31
OFFSET  17.7998 -5.1327 -5.9529
X -0.4018  0.0492  0.9144
Y -0.4538  0.8566 -0.2455
Z -0.7954 -0.5136 -0.3218

PART 32
OFFSET  17.2130 -5.0608 -4.6173
X -0.5309  0.3046  0.7908
Y -0.2672  0.8254 -0.4973
Z -0.8042 -0.4753 -0.3568

PART 33
OFFSET  16.6062 -4.7198 -3.7238
X  0.6292 -0.7304 -0.2660
Y  0.0769  0.3990 -0.9137
Z  0.7735  0.5544  0.3072

PART 34
OFFSET  15.5926 -3.8995 -5.6164
X -0.6253 -0.6574 -0.4205
Y  0.2718  0.3217 -0.9070
Z  0.7315 -0.6815 -0.0225

PART 35
OFFSET  14.1438  0.2171 -7.6225
X  0.4618 -0.8079  0.3663
Y  0.3622  0.5486  0.7535
Z -0.8097 -0.2153  0.5459

PART 36
OFFSET  13.5600 -0.3130 -9.1098
X  0.4618 -0.8079  0.3663
Y  0.3622  0.5486  0.7535
Z -0.8097 -0.2153  0.5459

PART 37
OFFSET  12.2682 -0.8228 -6.1608
X  0.4618 -0.8079  0.3663
Y  0.3622  0.5486  0.7535
Z -0.8097 -0.2153  0.5459

PART 38
OFFSET  11.5803 -1.5090 -7.0922
X  0.4618 -0.8079  0.3663
Y  0.3622  0.5486  0.7535
Z -0.8097 -0.2153  0.5459

PART 39
OFFSET  11.9764 -1.3175 -8.2068
X  0.4618 -0.8079  0.3663
Y  0.3622  0.5486  0.7535
Z -0.8097 -0.2153  0.5459

PART 40
OFFSET  9.3937 -3.4011 -6.0912
X  0.9989 -0.0220  0.0415
Y  0.0216  0.9997  0.0093
Z -0.0417 -0.0084  0.9991

PART 41
OFFSET  9.3937 -3.4011 -6.0912
X  0.9989 -0.0220  0.0415
Y  0.0216  0.9997  0.0093
Z -0.0417 -0.0084  0.9991

PART 42
OFFSET  11.8106 -4.2072 -4.3696
X  0.9989 -0.0220  0.0415
Y  0.0216  0.9997  0.0093
Z -0.0417 -0.0084  0.9991

PART 43
OFFSET  16.3470 -3.5836 -2.6433
X  0.9989 -0.0220  0.0415
Y  0.0249  0.9973 -0.0698
Z -0.0399  0.0707  0.9967

PART 44
OFFSET  11.3741 -3.4806 -2.1513
X  0.9989 -0.0220  0.0415
Y  0.0216  0.9997  0.0093
Z -0.0417 -0.0084  0.9991

PART 45
OFFSET  7.0573 -3.3945 -1.3627
X  0.9989 -0.0220  0.0415
Y  0.0216  0.9997  0.0093
Z -0.0417 -0.0084  0.9991

PART 46
OFFSET  9.8334  1.2946 -5.2332
X  0.9997 -0.0201  0.0112
Y  0.0181  0.9872  0.1584
Z -0.0142 -0.1581  0.9873

PART 47
OFFSET  9.2754 -3.4530 -3.9662
X  0.0064  0.7128  0.7014
Y -0.9986  0.0417 -0.0333
Z -0.0530 -0.7002  0.7120

PART 48
OFFSET  9.2783 -3.1207 -3.6392
X  0.0076  0.7642  0.6449
Y -0.9986  0.0397 -0.0353
Z -0.0525 -0.6437  0.7634

PART 49
OFFSET  9.2819 -2.7644 -3.3386
X  0.0096  0.8354  0.5496
Y -0.9986  0.0363 -0.0378
Z -0.0515 -0.5485  0.8346

PART 50
OFFSET  9.2863 -2.3750 -3.0823
X  0.0130  0.9246  0.3808
Y -0.9987  0.0308 -0.0407
Z -0.0493 -0.3798  0.9238

PART 51
OFFSET  9.2924 -1.9439 -2.9048
X  0.0185  0.9912  0.1309
Y -0.9988  0.0243 -0.0425
Z -0.0453 -0.1300  0.9905

PART 52
OFFSET  9.3011 -1.4818 -2.8438
X  0.0260  0.9949 -0.0972
Y -0.9989  0.0219 -0.0425
Z -0.0401  0.0982  0.9944

PART 53
OFFSET  9.3121 -1.0625 -2.8847
X  0.0421  0.8150 -0.5780
Y -0.9989  0.0215 -0.0424
Z -0.0222  0.5791  0.8149

PART 54
OFFSET  9.3317 -0.6806 -3.1556
X  0.0465  0.3195 -0.9464
Y -0.9989  0.0213 -0.0419
Z  0.0068  0.9473  0.3201

PART 55
OFFSET  9.3534 -0.5316 -3.5968
X  0.0427  0.0496 -0.9979
Y -0.9989  0.0228 -0.0416
Z  0.0207  0.9985  0.0505

PART 56
OFFSET  9.3734 -0.5085 -4.0620
X  0.0416 -0.0011 -0.9991
Y -0.9989  0.0217 -0.0416
Z  0.0217  0.9998 -0.0002

PART 57
OFFSET  9.3927 -0.5090 -4.5278
X  0.0416 -0.0012 -0.9991
Y -0.9989  0.0217 -0.0416
Z  0.0217  0.9998 -0.0003

PART 58
OFFSET  9.4122 -0.5096 -4.9936
X  0.0416 -0.0012 -0.9991
Y -0.9989  0.0217 -0.0416
Z  0.0217  0.9998 -0.0003

PART 59
OFFSET  25.3706 -2.4516 -3.8961
X  0.0469  0.4190 -0.9068
Y  0.0722  0.9040  0.4215
Z  0.9963 -0.0853  0.0121

PART 60
OFFSET  25.3137 -5.0808 -3.9206
X -0.0291  0.4038  0.9144
Y -0.0329  0.9139 -0.4046
Z -0.9990 -0.0419 -0.0133

PART 61
OFFSET -6.5551 -7.9373 -5.6959
X -0.4372  0.1632  0.8844
Y -0.1483 -0.9830  0.1081
Z  0.8870 -0.0839  0.4540

PART 62
OFFSET -1.2673 -9.9113 -16.3919
X -0.5252 -0.4546 -0.7194
Y  0.7867  0.0631 -0.6142
Z  0.3246 -0.8885  0.3244

PART 63
OFFSET  3.1996 -6.0450 -10.2731
X -0.5252 -0.4546 -0.7194
Y  0.8387 -0.1331 -0.5281
Z  0.1443 -0.8807  0.4511

PART 64
OFFSET  2.9778 -4.3844 -9.1607
X -0.5309 -0.4523 -0.7167
Y -0.3345  0.8888 -0.3132
Z  0.7786  0.0735 -0.6231

PART 65
OFFSET  2.6012 -4.7659 -8.1114
X -0.5309 -0.4523 -0.7167
Y -0.3345  0.8888 -0.3132
Z  0.7786  0.0735 -0.6231

PART 66
OFFSET  3.3724 -5.9577 -7.7835
X -0.5309 -0.4523 -0.7167
Y -0.3345  0.8888 -0.3132
Z  0.7786  0.0735 -0.6231

PART 67
OFFSET  4.8097 -4.6514 -8.0676
X -0.9592  0.0065 -0.2827
Y  0.2805 -0.1052 -0.9541
Z -0.0359 -0.9944  0.0990

PART 68
OFFSET  4.9852 -4.1445 -7.0603
X -0.6061 -0.6577 -0.4473
Y  0.5125  0.1071 -0.8520
Z  0.6083 -0.7456  0.2722

PART 69
OFFSET  6.2081 -2.6945 -6.0251
X -0.9193 -0.3404  0.1975
Y -0.0200 -0.4607 -0.8873
Z  0.3931 -0.8197  0.4167

PART 70
OFFSET  7.6469 -2.0807 -6.4435
X -0.5106  0.0325  0.8592
Y -0.6947 -0.6044 -0.3900
Z  0.5066 -0.7960  0.3312

PART 71
OFFSET  8.1877 -2.0691 -7.3812
X -0.8455  0.4108  0.3412
Y  0.1179  0.7668 -0.6310
Z -0.5208 -0.4933 -0.6967

PART 72
OFFSET  5.9289 -4.5684 -8.8700
X -0.9684  0.0123  0.2491
Y  0.0239 -0.9896  0.1418
Z  0.2482  0.1433  0.9580

PART 73
OFFSET  8.1380 -4.4540 -9.3075
X -0.5156 -0.8192 -0.2510
Y  0.8504 -0.4535 -0.2668
Z  0.1048 -0.3511  0.9305

PART 74
OFFSET  8.8681 -3.2942 -8.9520
X  0.5865 -0.7351 -0.3400
Y  0.8079  0.5610  0.1808
Z  0.0578 -0.3807  0.9229

PART 75
OFFSET  8.3480 -2.6424 -8.6505
X  0.9662 -0.1875 -0.1770
Y  0.2349  0.9231  0.3045
Z  0.1063 -0.3358  0.9359

PART 76
OFFSET  7.4301 -2.4643 -8.4823
X -0.9018 -0.3875 -0.1911
Y -0.4310  0.7751  0.4620
Z -0.0309  0.4990 -0.8660

PART 77
OFFSET  5.9484 -4.6389 -8.1599
X -0.9996  0.0294  0.0043
Y -0.0285 -0.9888  0.1466
Z  0.0085  0.1464  0.9892

PART 78
OFFSET  8.5408 -4.7589 -8.3146
X -0.5506 -0.8342  0.0300
Y  0.7921 -0.5335 -0.2967
Z  0.2635 -0.1396  0.9545

PART 79
OFFSET  9.4783 -3.3386 -8.3657
X  0.6571 -0.6995 -0.2811
Y  0.7139  0.6971 -0.0661
Z  0.2421 -0.1572  0.9574

PART 80
OFFSET  8.5677 -2.3692 -7.9761
X  0.9578  0.2011 -0.2052
Y -0.1615  0.9675  0.1946
Z  0.2377 -0.1532  0.9592

PART 81
OFFSET  7.5289 -2.5873 -7.7535
X -0.6808 -0.7250  0.1042
Y -0.6913  0.6831  0.2356
Z -0.2420  0.0884 -0.9662

PART 82
OFFSET  0.5612 -5.0687 -8.3844
X -0.9667 -0.2501 -0.0540
Y -0.2334  0.9485 -0.2140
Z  0.1047 -0.1943 -0.9753

PART 83
OFFSET  8.3223 -4.9669 -6.2095
X -0.9843 -0.1225  0.1270
Y  0.1293 -0.9905  0.0466
Z  0.1201  0.0623  0.9908

PART 84
OFFSET  10.0552 -4.7511 -6.4332
X -0.3674 -0.9176  0.1519
Y  0.9226 -0.3802 -0.0650
Z  0.1174  0.1162  0.9863

PART 85
OFFSET  10.5090 -3.6285 -6.5579
X -0.1891 -0.9798  0.0646
Y  0.9758 -0.1948 -0.0996
Z  0.1102  0.0442  0.9929

PART 86
OFFSET  10.7225 -2.5218 -6.6309
X -0.7883  0.5073  0.3482
Y  0.4557  0.8616 -0.2237
Z -0.4134 -0.0177 -0.9104

PART 87
OFFSET  8.5307 -4.9018 -7.2926
X -0.5727 -0.8089  0.1331
Y  0.8012 -0.5867 -0.1177
Z  0.1733  0.0392  0.9841

PART 88
OFFSET  9.6496 -3.3216 -7.5524
X  0.6556 -0.7492 -0.0939
Y  0.7255  0.6595 -0.1967
Z  0.2094  0.0608  0.9759

PART 89
OFFSET  8.6919 -2.2273 -7.4152
X  0.9228  0.2899 -0.2537
Y -0.3094  0.9501 -0.0397
Z  0.2296  0.1152  0.9665

PART 90
OFFSET  7.6449 -2.5558 -7.1347
X -0.5247 -0.8365  0.1582
Y -0.8113  0.5476  0.2046
Z -0.2578 -0.0210 -0.9660

PART 91
OFFSET  3.0015 -4.4208 -9.1556
X -0.5308 -0.4525 -0.7166
Y -0.3344  0.8888 -0.3135
Z  0.7788  0.0732 -0.6230

PART 92
OFFSET  2.6451 -4.8454 -8.0934
X -0.5308 -0.4525 -0.7166
Y -0.3344  0.8888 -0.3135
Z  0.7788  0.0732 -0.6230

PART 93
OFFSET  3.2974 -5.9637 -7.7246
X -0.5308 -0.4525 -0.7166
Y -0.3344  0.8888 -0.3135
Z  0.7788  0.0732 -0.6230

PART 94
OFFSET  0.0000 -0.0000 -0.0000
X  1.0000 -0.0000  0.0000
Y  0.0000  1.0000  0.0000
Z  0.0000 -0.0000  1.0000

PART 95
OFFSET  0.0000 -0.0000 -0.0000
X  1.0000 -0.0000  0.0000
Y  0.0000  1.0000  0.0000
Z  0.0000 -0.0000  1.0000

PART 96
OFFSET  1.5404 -0.0000  4.1357
X  1.0000 -0.0000  0.0000
Y  0.0000  1.0000  0.0000
Z  0.0000 -0.0000  1.0000


FRAME 203
PART 0
OFFSET  0.0000 -0.0000  0.0000
X  1.0000 -0.0000  0.0000
Y  0.0000  1.0000  0.0000
Z  0.0000 -0.0000  1.0000

PART 1
OFFSET -7.6810 -0.0000 -1.3770
X  1.0000  0.0000  0.0000
Y -0.0000  1.0000  0.0000
Z  0.0000 -0.0000  1.0000

PART 2
OFFSET -1.6489  5.2787 -5.1189
X  0.8373  0.1815 -0.5157
Y -0.0904 -0.8843 -0.4580
Z -0.5392  0.4301 -0.7240

PART 3
OFFSET  8.4772  7.4743 -11.3563
X  0.4625 -0.8098  0.3610
Y -0.8135 -0.2257  0.5361
Z -0.3526 -0.5416 -0.7631

PART 4
OFFSET  12.4112  0.5866 -8.2860
X  0.4625 -0.8098  0.3610
Y  0.6936  0.5841  0.4216
Z -0.5523  0.0553  0.8318

PART 5
OFFSET  14.2488  0.6108 -6.7174
X  0.4683 -0.8070  0.3599
Y  0.3630  0.5470  0.7543
Z -0.8056 -0.2226  0.5491

PART 6
OFFSET  13.6441 -0.3468 -9.1502
X  0.4683 -0.8070  0.3599
Y  0.3630  0.5470  0.7543
Z -0.8056 -0.2226  0.5491

PART 7
OFFSET  12.7148 -0.4631 -5.7135
X  0.4683 -0.8070  0.3599
Y  0.3630  0.5470  0.7543
Z -0.8056 -0.2226  0.5491

PART 8
OFFSET  12.0398 -1.2986 -6.9987
X  0.4683 -0.8070  0.3599
Y  0.3630  0.5470  0.7543
Z -0.8056 -0.2226  0.5491

PART 9
OFFSET  11.4422 -1.8114 -8.4393
X  0.4683 -0.8070  0.3599
Y  0.3630  0.5470  0.7543
Z -0.8056 -0.2226  0.5491

PART 10
OFFSET  13.8291 -1.8959 -7.1793
X  0.9031 -0.4093  0.1298
Y  0.3262  0.8507  0.4123
Z -0.2792 -0.3300  0.9018

PART 11
OFFSET  14.4356 -1.3946 -6.3528
X  0.9155 -0.1414  0.3766
Y  0.2011  0.9717 -0.1240
Z -0.3484  0.1892  0.9180

PART 12
OFFSET  16.4119 -1.5922 -5.5014
X  0.8460 -0.5279  0.0742
Y  0.4929  0.8276  0.2684
Z -0.2031 -0.1905  0.9604

PART 13
OFFSET  17.7255 -2.5152 -5.2900
X  0.9164 -0.1713  0.3618
Y  0.1775  0.9840  0.0162
Z -0.3588  0.0493  0.9321

PART 14
OFFSET  18.7031 -2.6814 -4.8558
X  0.9435  0.0446 -0.3284
Y -0.3098 -0.2330 -0.9218
Z -0.1177  0.9714 -0.2060

PART 15
OFFSET  14.1877 -3.2198 -7.3287
X  0.6144 -0.7887 -0.0238
Y -0.3579 -0.3054  0.8824
Z -0.7032 -0.5336 -0.4699

PART 16
OFFSET  15.6266 -4.9515 -7.2055
X  0.1780 -0.3941  0.9016
Y -0.3905  0.8127  0.4324
Z -0.9032 -0.4291 -0.0092

PART 17
OFFSET  15.8786 -5.5095 -5.9289
X -0.1094  0.2589  0.9597
Y -0.4558  0.8450 -0.2799
Z -0.8834 -0.4680  0.0256

PART 18
OFFSET  15.7817 -5.2800 -5.0780
X -0.1913  0.4180  0.8881
Y -0.3660  0.8091 -0.4597
Z -0.9107 -0.4130 -0.0018

PART 19
OFFSET  15.5999 -4.8828 -4.2344
X  0.5078 -0.7679 -0.3904
Y -0.2683  0.2896 -0.9188
Z  0.8186  0.5713 -0.0590

PART 20
OFFSET  14.6421 -2.6984 -7.1521
X  0.7576 -0.6527  0.0024
Y -0.3117 -0.3586  0.8799
Z -0.5735 -0.6674 -0.4751

PART 21
OFFSET  16.5657 -4.4470 -7.1632
X  0.1927 -0.6889  0.6987
Y -0.4086  0.5911  0.6955
Z -0.8922 -0.4195 -0.1676

PART 22
OFFSET  16.8937 -5.6200 -5.9736
X -0.2991  0.2771  0.9131
Y -0.3625  0.8522 -0.3774
Z -0.8827 -0.4439 -0.1544

PART 23
OFFSET  16.4792 -5.2359 -4.7082
X -0.3784  0.4602  0.8031
Y -0.2833  0.7684 -0.5738
