// Export filename: `C:\projects\cod\t5\xanim_export\t5_viewmodels\m60\m60_grip_d2p_loop.XANIM_EXPORT`
// Source filename: `D:\projects\devanim\t5\animation_assets\rigs\viewmodels\t5_weapon\ViewModel_M60_Rig.fbx`
// Export time: Mon Jul 12 20:36:54 2010

ANIMATION
VERSION 3

NUMPARTS 97
PART 0 "tag_ads"
PART 1 "tag_torso"
PART 2 "J_Shoulder_LE"
PART 3 "J_Elbow_LE"
PART 4 "J_WristTwist_LE"
PART 5 "J_Sleave_Reshape_Bottom_LE_1"
PART 6 "J_Sleave_Reshape_Bottom_LE_2"
PART 7 "J_Sleave_Reshape_Top_LE_1"
PART 8 "J_Sleave_Reshape_Top_LE_2"
PART 9 "J_Sleave_Reshape_Top_LE_3"
PART 10 "J_Wrist_LE"
PART 11 "J_Thumb_LE_0"
PART 12 "J_Thumb_LE_1"
PART 13 "J_Thumb_LE_2"
PART 14 "J_Thumb_LE_3"
PART 15 "J_PinkyPalm_LE"
PART 16 "J_Pinky_LE_0"
PART 17 "J_Pinky_LE_1"
PART 18 "J_Pinky_LE_2"
PART 19 "J_Pinky_LE_3"
PART 20 "J_RingPalm_LE"
PART 21 "J_Ring_LE_0"
PART 22 "J_Ring_LE_1"
PART 23 "J_Ring_LE_2"
PART 24 "J_Ring_LE_3"
PART 25 "J_Webbing_LE"
PART 26 "J_Index_LE_0"
PART 27 "J_Index_LE_1"
PART 28 "J_Index_LE_2"
PART 29 "J_Index_LE_3"
PART 30 "J_Mid_LE_0"
PART 31 "J_Mid_LE_1"
PART 32 "J_Mid_LE_2"
PART 33 "J_Mid_LE_3"
PART 34 "tag_knife_attach"
PART 35 "D_Sleave_Reshape_Bottom_LE_1"
PART 36 "D_Sleave_Reshape_Bottom_LE_2"
PART 37 "D_Sleave_Reshape_Top_LE_1"
PART 38 "D_Sleave_Reshape_Top_LE_2"
PART 39 "D_Sleave_Reshape_Top_LE_3"
PART 40 "tag_weapon"
PART 41 "J_Gun"
PART 42 "J_Bolt"
PART 43 "J_Handle"
PART 44 "J_Reload_Cover"
PART 45 "TAG_IRON_SIGHTS"
PART 46 "TAG_CLIP"
PART 47 "J_Bullets0"
PART 48 "J_Bullets1"
PART 49 "J_Bullets2"
PART 50 "J_Bullets3"
PART 51 "J_Bullets4"
PART 52 "J_Bullets5"
PART 53 "J_Bullets6"
PART 54 "J_Bullets7"
PART 55 "J_Bullets8"
PART 56 "J_Bullets9"
PART 57 "J_Bullets10"
PART 58 "J_Bullets11"
PART 59 "J_Pod_Left"
PART 60 "J_Pod_Right"
PART 61 "J_Shoulder_RI"
PART 62 "J_Elbow_RI"
PART 63 "J_WristTwist_RI"
PART 64 "J_Sleave_Reshape_Top_RI_3"
PART 65 "J_Sleave_Reshape_Top_RI_2"
PART 66 "J_Sleave_Reshape_Top_RI_1"
PART 67 "J_Wrist_RI"
PART 68 "J_Thumb_RI_0"
PART 69 "J_Thumb_RI_1"
PART 70 "J_Thumb_RI_2"
PART 71 "J_Thumb_RI_3"
PART 72 "J_PinkyPalm_RI"
PART 73 "J_Pinky_RI_0"
PART 74 "J_Pinky_RI_1"
PART 75 "J_Pinky_RI_2"
PART 76 "J_Pinky_RI_3"
PART 77 "J_RingPalm_RI"
PART 78 "J_Ring_RI_0"
PART 79 "J_Ring_RI_1"
PART 80 "J_Ring_RI_2"
PART 81 "J_Ring_RI_3"
PART 82 "J_Webbing_RI"
PART 83 "J_Index_RI_0"
PART 84 "J_Index_RI_1"
PART 85 "J_Index_RI_2"
PART 86 "J_Index_RI_3"
PART 87 "J_Mid_RI_0"
PART 88 "J_Mid_RI_1"
PART 89 "J_Mid_RI_2"
PART 90 "J_Mid_RI_3"
PART 91 "D_Sleave_Reshape_Top_RI_3"
PART 92 "D_Sleave_Reshape_Top_RI_2"
PART 93 "D_Sleave_Reshape_Top_RI_1"
PART 94 "tag_cambone"
PART 95 "tag_camera"
PART 96 "tag_gasmask"

FRAMERATE 30
NUMFRAMES 15

FRAME 1805
PART 0
OFFSET  0.0000 -0.0000 -0.0000
X  1.0000 -0.0000  0.0000
Y  0.0000  1.0000  0.0000
Z  0.0000 -0.0000  1.0000

PART 1
OFFSET -7.6810 -0.0000 -1.3770
X  1.0000 -0.0000  0.0000
Y  0.0000  1.0000  0.0000
Z  0.0000 -0.0000  1.0000

PART 2
OFFSET -1.6489  5.2787 -5.1189
X  0.7501  0.2469 -0.6135
Y  0.2361 -0.9665 -0.1003
Z -0.6178 -0.0697 -0.7833

PART 3
OFFSET  7.4223  8.2650 -12.5390
X  0.6875 -0.4203  0.5923
Y -0.7176 -0.2676  0.6430
Z -0.1117 -0.8670 -0.4856

PART 4
OFFSET  13.2694  4.6905 -7.5015
X  0.6875 -0.4203  0.5923
Y -0.7254 -0.3585  0.5876
Z -0.0346 -0.8336 -0.5513

PART 5
OFFSET  14.9103  5.8910 -6.1962
X  0.6920 -0.4163  0.5898
Y  0.1198  0.8719  0.4748
Z -0.7119 -0.2579  0.6532

PART 6
OFFSET  14.7860  3.9670 -8.0629
X  0.6920 -0.4163  0.5898
Y  0.1198  0.8719  0.4748
Z -0.7119 -0.2579  0.6532

PART 7
OFFSET  13.7741  4.8196 -4.7555
X  0.6920 -0.4163  0.5898
Y  0.1198  0.8719  0.4748
Z -0.7119 -0.2579  0.6532

PART 8
OFFSET  13.4839  3.3994 -5.5947
X  0.6920 -0.4163  0.5898
Y  0.1198  0.8719  0.4748
Z -0.7119 -0.2579  0.6532

PART 9
OFFSET  13.1668  2.2284 -6.7009
X  0.6920 -0.4163  0.5898
Y  0.1198  0.8719  0.4748
Z -0.7119 -0.2579  0.6532

PART 10
OFFSET  15.3769  3.4021 -5.6858
X  0.5204 -0.2499  0.8165
Y -0.8463 -0.2785  0.4541
Z  0.1139 -0.9273 -0.3565

PART 11
OFFSET  14.8411  2.6401 -5.0266
X  0.0667 -0.8016  0.5941
Y -0.8858  0.2265  0.4051
Z -0.4593 -0.5533 -0.6949

PART 12
OFFSET  14.8711  0.9022 -3.7427
X  0.7995 -0.4833  0.3566
Y -0.5877 -0.5073  0.6303
Z -0.1237 -0.7135 -0.6896

PART 13
OFFSET  16.1830  0.0723 -3.2819
X  0.8434  0.0749 -0.5320
Y  0.3937 -0.7600  0.5171
Z -0.3656 -0.6456 -0.6705

PART 14
OFFSET  17.0851  0.1108 -3.8791
X  0.9386  0.3134  0.1445
Y -0.3271  0.6746  0.6617
Z  0.1099 -0.6684  0.7357

PART 15
OFFSET  16.7464  3.3014 -5.5531
X  0.8692 -0.1473  0.4719
Y  0.0807 -0.8995 -0.4294
Z  0.4877  0.4114 -0.7700

PART 16
OFFSET  18.6384  2.8003 -4.4333
X  0.1346 -0.9896  0.0505
Y -0.7526 -0.1352 -0.6445
Z  0.6446  0.0488 -0.7630

PART 17
OFFSET  18.8289  1.3992 -4.3619
X -0.6158 -0.5587 -0.5555
Y -0.4165  0.8294 -0.3723
Z  0.6688  0.0021 -0.7435

PART 18
OFFSET  18.2829  0.9039 -4.8544
X -0.7593  0.1646 -0.6296
Y  0.0861  0.9844  0.1536
Z  0.6451  0.0624 -0.7616

PART 19
OFFSET  17.5616  1.0602 -5.4526
X  0.4334 -0.7529  0.4953
Y  0.6351  0.6451  0.4249
Z -0.6394  0.1304  0.7577

PART 20
OFFSET  16.2826  3.1908 -5.0220
X  0.7558 -0.1579  0.6354
Y  0.1403 -0.9089 -0.3927
Z  0.6396  0.3860 -0.6648

PART 21
OFFSET  18.2936  2.7909 -3.4238
X  0.0293 -0.9894 -0.1420
Y -0.7842  0.0653 -0.6171
Z  0.6199  0.1294 -0.7740

PART 22
OFFSET  18.3435  1.1064 -3.6654
X -0.7004 -0.3597 -0.6165
Y -0.3400  0.9276 -0.1550
Z  0.6276  0.1010 -0.7719

PART 23
OFFSET  17.3729  0.6079 -4.5199
X -0.5177  0.7945 -0.3176
Y  0.5775  0.5983  0.5554
Z  0.6313  0.1041 -0.7685

PART 24
OFFSET  16.8114  1.4695 -4.8643
X  0.1253 -0.9876 -0.0949
Y  0.7422  0.0298  0.6695
Z -0.6584 -0.1543  0.7367

PART 25
OFFSET  15.6985  1.6923 -2.6387
X  0.6850 -0.4392  0.5813
Y  0.0092  0.8031  0.5958
Z -0.7285 -0.4028  0.5542

PART 26
OFFSET  16.7240  2.5627 -2.0292
X  0.2766 -0.9531 -0.1232
Y -0.8034 -0.1590 -0.5738
Z  0.5272  0.2577 -0.8097

PART 27
OFFSET  17.2110  0.8847 -2.2461
X -0.7455 -0.1276 -0.6542
Y -0.2762  0.9524  0.1290
Z  0.6066  0.2769 -0.7452

PART 28
OFFSET  16.2678  0.7128 -2.9961
X -0.6293  0.7663 -0.1292
Y  0.5888  0.5787  0.5643
Z  0.5072  0.2791 -0.8154

PART 29
OFFSET  15.5570  1.5784 -3.1420
X -0.1840 -0.6934 -0.6967
Y  0.7028 -0.5883  0.3999
Z -0.6871 -0.4161  0.5956

PART 30
OFFSET  17.6071  2.7252 -2.6729
X -0.0287 -0.9754 -0.2184
Y -0.7531  0.1648 -0.6369
Z  0.6573  0.1462 -0.7393

PART 31
OFFSET  17.5511  0.8196 -3.0996
X -0.7336 -0.1215 -0.6686
Y -0.2201  0.9733  0.0646
Z  0.6430  0.1946 -0.7408

PART 32
OFFSET  16.4796  0.6422 -4.0762
X -0.4560  0.8822 -0.1174
Y  0.6061  0.4044  0.6849
Z  0.6517  0.2411 -0.7191

PART 33
OFFSET  15.9673  1.6428 -4.2148
X -0.0791 -0.9502 -0.3014
Y  0.8038 -0.2397  0.5444
Z -0.5896 -0.1992  0.7828

PART 34
OFFSET  17.4175  1.4614 -4.2600
X  0.6063  0.3491 -0.7145
Y -0.1139  0.9273  0.3565
Z  0.7870 -0.1348  0.6020

PART 35
OFFSET  15.0877  5.1636 -6.9179
X  0.6920 -0.4163  0.5898
Y  0.1201  0.8720  0.4746
Z -0.7118 -0.2576  0.6534

PART 36
OFFSET  14.7859  3.9671 -8.0628
X  0.6920 -0.4163  0.5898
Y  0.1201  0.8720  0.4746
Z -0.7118 -0.2576  0.6534

PART 37
OFFSET  13.6140  4.1677 -5.0277
X  0.6920 -0.4163  0.5898
Y  0.1201  0.8720  0.4746
Z -0.7118 -0.2576  0.6534

PART 38
OFFSET  13.2427  3.0031 -5.5912
X  0.6920 -0.4163  0.5898
Y  0.1201  0.8720  0.4746
Z -0.7118 -0.2576  0.6534

PART 39
OFFSET  13.5994  2.8956 -6.7300
X  0.6920 -0.4163  0.5898
Y  0.1201  0.8720  0.4746
Z -0.7118 -0.2576  0.6534

PART 40
OFFSET  10.3725 -2.3332 -6.0219
X  0.6863  0.4872  0.5400
Y -0.4286  0.8708 -0.2410
Z -0.5876 -0.0661  0.8064

PART 41
OFFSET  10.3725 -2.3332 -6.0219
X  0.6863  0.4872  0.5400
Y -0.4286  0.8708 -0.2410
Z -0.5876 -0.0661  0.8064

PART 42
OFFSET  11.4512 -1.8632 -3.1811
X  0.6863  0.4872  0.5400
Y -0.4286  0.8708 -0.2410
Z -0.5876 -0.0661  0.8064

PART 43
OFFSET  13.3853  0.9140  0.3537
X  0.6863  0.4872  0.5400
Y -0.3741  0.8732 -0.3124
Z -0.6237  0.0123  0.7815

PART 44
OFFSET  9.5786 -1.5436 -1.7561
X  0.6863  0.4872  0.5400
Y -0.4286  0.8708 -0.2409
Z -0.5876 -0.0661  0.8064

PART 45
OFFSET  6.0720 -3.6933 -3.2881
X  0.6863  0.4872  0.5400
Y -0.4286  0.8708 -0.2409
Z -0.5876 -0.0661  0.8064

PART 46
OFFSET  8.3373  1.8711 -6.5527
X  0.6863  0.4872  0.5400
Y -0.4286  0.8708 -0.2410
Z -0.5876 -0.0661  0.8064

PART 47
OFFSET  8.6416 -2.5649 -3.6131
X -0.5147  0.8499 -0.1127
Y -0.6863 -0.4872 -0.5400
Z -0.5139 -0.2006  0.8341

PART 48
OFFSET  8.4016 -2.1688 -3.6656
X -0.5158  0.8495 -0.1110
Y -0.6862 -0.4873 -0.5400
Z -0.5128 -0.2024  0.8343

PART 49
OFFSET  8.1611 -1.7727 -3.7174
X -0.5083  0.8523 -0.1233
Y -0.6862 -0.4873 -0.5400
Z -0.5203 -0.1899  0.8326

PART 50
OFFSET  7.9242 -1.3753 -3.7749
X -0.4797  0.8613 -0.1675
Y -0.6863 -0.4873 -0.5400
Z -0.5468 -0.1441  0.8248

PART 51
OFFSET  7.7005 -0.9738 -3.8530
X -0.4024  0.8728 -0.2762
Y -0.6862 -0.4873 -0.5401
Z -0.6060 -0.0279  0.7950

PART 52
OFFSET  7.5129 -0.5670 -3.9817
X -0.1351  0.8149 -0.5636
Y -0.6861 -0.4873 -0.5401
Z -0.7148  0.3137  0.6250

PART 53
OFFSET  7.4560 -0.2234 -4.2193
X  0.3290  0.4545 -0.8278
Y -0.6861 -0.4873 -0.5402
Z -0.6489  0.7457  0.1515

PART 54
OFFSET  7.6101 -0.0105 -4.6072
X  0.5428  0.1515 -0.8261
Y -0.6861 -0.4873 -0.5402
Z -0.4843  0.8600 -0.1606

PART 55
OFFSET  7.8631  0.0602 -4.9923
X  0.5916  0.0587 -0.8041
Y -0.6861 -0.4873 -0.5403
Z -0.4235  0.8713 -0.2480

PART 56
OFFSET  8.1389  0.0875 -5.3672
X  0.5916  0.0582 -0.8041
Y -0.6862 -0.4873 -0.5401
Z -0.4233  0.8713 -0.2483

PART 57
OFFSET  8.4147  0.1146 -5.7420
X  0.5916  0.0582 -0.8041
Y -0.6862 -0.4872 -0.5401
Z -0.4232  0.8714 -0.2482

PART 58
OFFSET  8.6905  0.1417 -6.1169
X  0.5916  0.0583 -0.8042
Y -0.6862 -0.4872 -0.5401
Z -0.4233  0.8713 -0.2482

PART 59
OFFSET  19.9169  6.5218  3.5424
X  0.3592  0.4186 -0.8341
Y -0.5830  0.7985  0.1496
Z  0.7287  0.4326  0.5309

PART 60
OFFSET  21.0441  4.2317  4.1761
X -0.7120  0.2981  0.6358
Y -0.1963  0.7848 -0.5878
Z -0.6742 -0.5433 -0.5002

PART 61
OFFSET -6.5551 -7.9373 -5.6959
X -0.5289  0.1278  0.8390
Y -0.2396 -0.9709 -0.0031
Z  0.8142 -0.2026  0.5441

PART 62
OFFSET -0.1590 -9.4834 -15.8429
X -0.7760 -0.3300 -0.5374
Y  0.5951 -0.1009 -0.7973
Z  0.2089 -0.9386  0.2747

PART 63
OFFSET  6.4416 -6.6762 -11.2720
X -0.7760 -0.3300 -0.5374
Y  0.5879 -0.0701 -0.8059
Z  0.2283 -0.9414  0.2484

PART 64
OFFSET  6.8821 -5.0646 -10.2213
X -0.7802 -0.3266 -0.5334
Y -0.2154  0.9410 -0.2611
Z  0.5872 -0.0888 -0.8045

PART 65
OFFSET  6.7383 -5.4206 -9.0805
X -0.7802 -0.3266 -0.5334
Y -0.2154  0.9410 -0.2611
Z  0.5872 -0.0888 -0.8045

PART 66
OFFSET  7.1983 -6.6280 -8.8187
X -0.7802 -0.3266 -0.5334
Y -0.2154  0.9410 -0.2611
Z  0.5872 -0.0888 -0.8045

PART 67
OFFSET  8.8207 -5.6644 -9.6244
X -0.5159 -0.4713 -0.7153
Y  0.7794  0.0881 -0.6202
Z  0.3553 -0.8776  0.3219

PART 68
OFFSET  8.1547 -5.1770 -8.8363
X  0.1154 -0.8571 -0.5021
Y  0.8353  0.3573 -0.4178
Z  0.5375 -0.3712  0.7572

PART 69
OFFSET  7.7923 -3.3425 -7.7533
X -0.6198 -0.7419 -0.2559
Y  0.7122 -0.3948 -0.5805
Z  0.3296 -0.5420  0.7730

PART 70
OFFSET  8.7984 -2.1077 -7.4614
X -0.8926 -0.2339  0.3855
Y -0.0013 -0.8537 -0.5208
Z  0.4509 -0.4654  0.7617

PART 71
OFFSET  9.7431 -1.8190 -7.9043
X -0.9488 -0.0496 -0.3120
Y  0.1733  0.7440 -0.6453
Z  0.2642 -0.6663 -0.6973

PART 72
OFFSET  10.0201 -4.9939 -9.7483
X -0.8241 -0.4911 -0.2823
Y  0.3712 -0.8447  0.3856
Z -0.4278  0.2130  0.8784

PART 73
OFFSET  11.7639 -3.7559 -9.0334
X -0.1654 -0.9204 -0.3542
Y  0.9378 -0.2579  0.2322
Z -0.3051 -0.2937  0.9059

PART 74
OFFSET  11.9981 -2.4528 -8.5320
X  0.8009 -0.5934  0.0808
Y  0.4958  0.7326  0.4663
Z -0.3359 -0.3334  0.8809

PART 75
OFFSET  11.2880 -1.9267 -8.6036
X  0.9435  0.0295  0.3300
Y -0.1187  0.9600  0.2535
Z -0.3093 -0.2783  0.9093

PART 76
OFFSET  10.3916 -1.9547 -8.9171
X -0.6024 -0.5850 -0.5430
Y -0.7359  0.6706  0.0939
Z  0.3092  0.4562 -0.8344

PART 77
OFFSET  9.6652 -5.0713 -9.1338
X -0.7157 -0.4829 -0.5045
Y  0.3313 -0.8707  0.3634
Z -0.6147  0.0929  0.7832

PART 78
OFFSET  11.6214 -3.8510 -7.9328
X -0.1980 -0.9768 -0.0820
Y  0.9586 -0.2105  0.1920
Z -0.2048 -0.0406  0.9780

PART 79
OFFSET  11.9586 -2.1880 -7.7932
X  0.8781 -0.4485  0.1668
Y  0.4259  0.8914  0.1546
Z -0.2180 -0.0647  0.9738

PART 80
OFFSET  10.7416 -1.5665 -8.0244
X  0.9588  0.1646  0.2313
Y -0.1746  0.9844  0.0232
Z -0.2239 -0.0627  0.9726

PART 81
OFFSET  9.7017 -1.7450 -8.2752
X -0.6969 -0.7003 -0.1549
Y -0.6828  0.7139 -0.1554
Z  0.2194 -0.0025 -0.9756

PART 82
OFFSET  6.2047 -8.1708 -11.9045
X -0.5374 -0.7045 -0.4636
Y -0.4592  0.7055 -0.5399
Z  0.7074 -0.0773 -0.7026

PART 83
OFFSET  10.3753 -4.2205 -6.2497
X -0.6172 -0.6279 -0.4742
Y  0.4318 -0.7741  0.4630
Z -0.6577  0.0810  0.7489

PART 84
OFFSET  11.4619 -3.1149 -5.4149
X  0.0383 -0.9780  0.2050
Y  0.7347  0.1666  0.6576
Z -0.6773  0.1254  0.7250

PART 85
OFFSET  11.3742 -1.9184 -5.6201
X  0.2289 -0.9336  0.2756
Y  0.7175  0.3531  0.6005
Z -0.6579  0.0603  0.7507

PART 86
OFFSET  11.1156 -0.8638 -5.9314
X -0.9072  0.0021 -0.4206
Y  0.0863  0.9797 -0.1812
Z  0.4117 -0.2007 -0.8890

PART 87
OFFSET  11.1021 -4.0178 -7.0567
X -0.0864 -0.9958  0.0293
Y  0.8883 -0.0637  0.4548
Z -0.4511  0.0653  0.8901

PART 88
OFFSET  11.2708 -2.0724 -7.1138
X  0.8193 -0.3702  0.4378
Y  0.3769  0.9232  0.0753
Z -0.4320  0.1033  0.8959

PART 89
OFFSET  10.0741 -1.5316 -7.7532
X  0.8939  0.2025  0.3999
Y -0.1150  0.9659 -0.2320
Z -0.4333  0.1614  0.8867

PART 90
OFFSET  9.0647 -1.7614 -8.2126
X -0.5843 -0.7825 -0.2152
Y -0.6939  0.6192 -0.3676
Z  0.4209 -0.0655 -0.9047

PART 91
OFFSET  6.8783 -5.0525 -10.2238
X -0.7802 -0.3269 -0.5334
Y -0.2153  0.9408 -0.2617
Z  0.5874 -0.0893 -0.8044

PART 92
OFFSET  6.7321 -5.3980 -9.0859
X -0.7802 -0.3269 -0.5334
Y -0.2153  0.9408 -0.2617
Z  0.5874 -0.0893 -0.8044

PART 93
OFFSET  7.2146 -6.6303 -8.8406
X -0.7802 -0.3269 -0.5334
Y -0.2153  0.9408 -0.2617
Z  0.5874 -0.0893 -0.8044

PART 94
OFFSET  0.0000 -0.0000 -0.0000
X  1.0000 -0.0000  0.0000
Y  0.0000  1.0000  0.0000
Z  0.0000 -0.0000  1.0000

PART 95
OFFSET -0.0000 -0.0000 -0.0000
X  0.9973  0.0000 -0.0740
Y  0.0041  0.9984  0.0558
Z  0.0739 -0.0560  0.9957

PART 96
OFFSET  1.8418 -0.2316  4.0039
X  0.9973  0.0000 -0.0740
Y  0.0041  0.9984  0.0558
Z  0.0739 -0.0560  0.9957


FRAME 1806
PART 0
OFFSET  0.0000 -0.0000 -0.0000
X  1.0000 -0.0000  0.0000
Y  0.0000  1.0000  0.0000
Z  0.0000 -0.0000  1.0000

PART 1
OFFSET -7.6810 -0.0000 -1.3770
X  1.0000 -0.0000  0.0000
Y  0.0000  1.0000  0.0000
Z  0.0000 -0.0000  1.0000

PART 2
OFFSET -1.6096  5.2787 -5.1686
X  0.7844  0.2172 -0.5809
Y  0.2122 -0.9741 -0.0777
Z -0.5828 -0.0623 -0.8102

PART 3
OFFSET  7.8771  7.9057 -12.1945
X  0.6896 -0.4173  0.5918
Y -0.7151 -0.2631  0.6476
Z -0.1145 -0.8698 -0.4799

PART 4
OFFSET  13.7426  4.3562 -7.1606
X  0.6896 -0.4173  0.5918
Y -0.7224 -0.3389  0.6028
Z -0.0510 -0.8432 -0.5352

PART 5
OFFSET  15.3901  5.5632 -5.8695
X  0.6941 -0.4134  0.5893
Y  0.1226  0.8746  0.4691
Z -0.7093 -0.2534  0.6578

PART 6
OFFSET  15.2562  3.6281 -7.7240
X  0.6941 -0.4134  0.5893
Y  0.1226  0.8746  0.4691
Z -0.7093 -0.2534  0.6578

PART 7
OFFSET  14.2592  4.5013 -4.4176
X  0.6941 -0.4134  0.5893
Y  0.1226  0.8746  0.4691
Z -0.7093 -0.2534  0.6578

PART 8
OFFSET  13.9642  3.0764 -5.2470
X  0.6941 -0.4134  0.5893
Y  0.1226  0.8746  0.4691
Z -0.7093 -0.2534  0.6578

PART 9
OFFSET  13.6414  1.8991 -6.3448
X  0.6941 -0.4134  0.5893
Y  0.1226  0.8746  0.4691
Z -0.7093 -0.2534  0.6578

PART 10
OFFSET  15.8567  3.0769 -5.3462
X  0.5037 -0.2739  0.8193
Y -0.8601 -0.2484  0.4456
Z  0.0815 -0.9291 -0.3607

PART 11
OFFSET  15.2868  2.3325 -4.6956
X  0.0312 -0.8066  0.5902
Y -0.8799  0.2580  0.3991
Z -0.4742 -0.5317 -0.7017

PART 12
OFFSET  15.2399  0.5880 -3.4212
X  0.7775 -0.5153  0.3604
Y -0.6119 -0.4878  0.6227
Z -0.1451 -0.7047 -0.6946

PART 13
OFFSET  16.5153 -0.2937 -2.9543
X  0.8501  0.0455 -0.5247
Y  0.3601 -0.7771  0.5161
Z -0.3843 -0.6277 -0.6770

PART 14
OFFSET  17.4231 -0.2865 -3.5439
X  0.9486  0.2766  0.1539
Y -0.3067  0.6831  0.6628
Z  0.0782 -0.6759  0.7328

PART 15
OFFSET  17.2203  2.9233 -5.2029
X  0.8590 -0.1828  0.4782
Y  0.0500 -0.8997 -0.4337
Z  0.5095  0.3965 -0.7637

PART 16
OFFSET  19.0824  2.3446 -4.0705
X  0.0964 -0.9943  0.0461
Y -0.7518 -0.1031 -0.6513
Z  0.6524  0.0281 -0.7574

PART 17
OFFSET  19.2188  0.9369 -4.0052
X -0.6320 -0.5319 -0.5636
Y -0.3815  0.8466 -0.3711
Z  0.6745 -0.0195 -0.7380

PART 18
OFFSET  18.6585  0.4654 -4.5050
X -0.7472  0.1967 -0.6349
Y  0.1222  0.9796  0.1597
Z  0.6533  0.0417 -0.7559

PART 19
OFFSET  17.9486  0.6523 -5.1081
X  0.4003 -0.7714  0.4946
Y  0.6556  0.6182  0.4336
Z -0.6403  0.1507  0.7532

PART 20
OFFSET  16.7481  2.8278 -4.6762
X  0.7439 -0.1899  0.6407
Y  0.1088 -0.9115 -0.3966
Z  0.6593  0.3648 -0.6574

PART 21
OFFSET  18.7291  2.3431 -3.0639
X -0.0072 -0.9891 -0.1472
Y -0.7759  0.0984 -0.6231
Z  0.6308  0.1097 -0.7682

PART 22
OFFSET  18.7168  0.6592 -3.3144
X -0.7084 -0.3295 -0.6242
Y -0.3031  0.9407 -0.1526
Z  0.6374  0.0811 -0.7662

PART 23
OFFSET  17.7350  0.2026 -4.1795
X -0.4844  0.8153 -0.3174
Y  0.5952  0.5730  0.5634
Z  0.6412  0.0840 -0.7628

PART 24
OFFSET  17.2097  1.0868 -4.5237
X  0.0884 -0.9911 -0.0993
Y  0.7371 -0.0020  0.6757
Z -0.6699 -0.1329  0.7304

PART 25
OFFSET  16.0875  1.3402 -2.3061
X  0.6629 -0.4680  0.5844
Y  0.0348  0.7990  0.6003
Z -0.7479 -0.3776  0.5460

PART 26
OFFSET  17.1403  2.1677 -1.6834
X  0.2411 -0.9623 -0.1262
Y -0.8041 -0.1252 -0.5812
Z  0.5434  0.2416 -0.8039

PART 27
OFFSET  17.5648  0.4735 -1.9056
X -0.7443 -0.0956 -0.6609
Y -0.2408  0.9616  0.1321
Z  0.6229  0.2574 -0.7387

PART 28
OFFSET  16.6221  0.3416 -2.6642
X -0.5986  0.7904 -0.1301
Y  0.6057  0.5529  0.5723
Z  0.5243  0.2638 -0.8097

PART 29
OFFSET  15.9460  1.2344 -2.8112
X -0.2044 -0.6822 -0.7020
Y  0.6765 -0.6168  0.4024
Z -0.7075 -0.3927  0.5876

PART 30
OFFSET  18.0342  2.2997 -2.3189
X -0.0640 -0.9725 -0.2241
Y -0.7409  0.1967 -0.6421
Z  0.6685  0.1249 -0.7331

PART 31
OFFSET  17.9093  0.3999 -2.7567
X -0.7321 -0.0899 -0.6753
Y -0.1834  0.9807  0.0682
Z  0.6561  0.1738 -0.7344

PART 32
OFFSET  16.8400  0.2686 -3.7430
X -0.4211  0.8996 -0.1162
Y  0.6153  0.3774  0.6921
Z  0.6664  0.2199 -0.7124

PART 33
OFFSET  16.3674  1.2887 -3.8802
X -0.1127 -0.9449 -0.3073
Y  0.7895 -0.2730  0.5496
Z -0.6033 -0.1807  0.7768

PART 34
OFFSET  17.8099  1.0523 -3.9146
X  0.6251  0.3295 -0.7076
Y -0.0815  0.9291  0.3607
Z  0.7762 -0.1678  0.6077

PART 35
OFFSET  15.5638  4.8313 -6.5875
X  0.6942 -0.4133  0.5893
Y  0.1228  0.8747  0.4688
Z -0.7092 -0.2531  0.6580

PART 36
OFFSET  15.2561  3.6282 -7.7240
X  0.6942 -0.4133  0.5893
Y  0.1228  0.8747  0.4688
Z -0.7092 -0.2531  0.6580

PART 37
OFFSET  14.0973  3.8479 -4.6852
X  0.6942 -0.4133  0.5893
Y  0.1228  0.8747  0.4688
Z -0.7092 -0.2531  0.6580

PART 38
OFFSET  13.7226  2.6804 -5.2401
X  0.6942 -0.4133  0.5893
Y  0.1228  0.8747  0.4688
Z -0.7092 -0.2531  0.6580

PART 39
OFFSET  14.0744  2.5657 -6.3797
X  0.6942 -0.4133  0.5893
Y  0.1228  0.8747  0.4688
Z -0.7092 -0.2531  0.6580

PART 40
OFFSET  10.6406 -2.4615 -5.7549
X  0.6998  0.4579  0.5483
Y -0.3931  0.8877 -0.2396
Z -0.5964 -0.0479  0.8012

PART 41
OFFSET  10.6406 -2.4615 -5.7549
X  0.6998  0.4579  0.5483
Y -0.3931  0.8877 -0.2396
Z -0.5964 -0.0479  0.8012

PART 42
OFFSET  11.7126 -2.0479 -2.9028
X  0.6998  0.4579  0.5483
Y -0.3931  0.8877 -0.2396
Z -0.5964 -0.0479  0.8012

PART 43
OFFSET  13.7214  0.6351  0.6630
X  0.6998  0.4579  0.5483
Y -0.3559  0.8890 -0.2882
Z -0.6194  0.0065  0.7851

PART 44
OFFSET  9.8416 -1.6645 -1.4914
X  0.6998  0.4578  0.5483
Y -0.3931  0.8877 -0.2396
Z -0.5965 -0.0479  0.8012

PART 45
OFFSET  6.2686 -3.6710 -3.0639
X  0.6998  0.4578  0.5483
Y -0.3931  0.8877 -0.2396
Z -0.5965 -0.0479  0.8012

PART 46
OFFSET  8.7715  1.8201 -6.2790
X  0.6998  0.4579  0.5483
Y -0.3931  0.8877 -0.2396
Z -0.5964 -0.0479  0.8012

PART 47
OFFSET  8.8820 -2.6397 -3.3616
X -0.4810  0.8695 -0.1122
Y -0.6998 -0.4579 -0.5483
Z -0.5281 -0.1852  0.8287

PART 48
OFFSET  8.6577 -2.2344 -3.4139
X -0.4822  0.8691 -0.1105
Y -0.6998 -0.4580 -0.5483
Z -0.5271 -0.1870  0.8290

PART 49
OFFSET  8.4329 -1.8292 -3.4654
X -0.4744  0.8717 -0.1227
Y -0.6997 -0.4580 -0.5483
Z -0.5341 -0.1742  0.8272

PART 50
OFFSET  8.2118 -1.4228 -3.5227
X -0.4451  0.8798 -0.1667
Y -0.6998 -0.4579 -0.5483
Z -0.5587 -0.1274  0.8195

PART 51
OFFSET  8.0070 -1.0121 -3.6044
X -0.3666  0.8889 -0.2746
Y -0.6997 -0.4579 -0.5484
Z -0.6133 -0.0089  0.7898

PART 52
OFFSET  7.8362 -0.5978 -3.7324
X -0.0993  0.8224 -0.5602
Y -0.6997 -0.4580 -0.5484
Z -0.7076  0.3375  0.6209

PART 53
OFFSET  7.7943 -0.2510 -3.9686
X  0.3530  0.4459 -0.8226
Y -0.6996 -0.4579 -0.5485
Z -0.6212  0.7691  0.1503

PART 54
OFFSET  7.9597 -0.0421 -4.3540
X  0.5551  0.1350 -0.8208
Y -0.6996 -0.4579 -0.5485
Z -0.4499  0.8787 -0.1598

PART 55
OFFSET  8.2185  0.0208 -4.7366
X  0.6001  0.0403 -0.7989
Y -0.6996 -0.4579 -0.5485
Z -0.3879  0.8881 -0.2466

PART 56
OFFSET  8.4982  0.0396 -5.1091
X  0.6001  0.0398 -0.7989
Y -0.6997 -0.4579 -0.5484
Z -0.3877  0.8881 -0.2469

PART 57
OFFSET  8.7779  0.0581 -5.4815
X  0.6001  0.0398 -0.7989
Y -0.6998 -0.4578 -0.5484
Z -0.3876  0.8882 -0.2469

PART 58
OFFSET  9.0577  0.0767 -5.8540
X  0.6001  0.0399 -0.7990
Y -0.6997 -0.4579 -0.5484
Z -0.3877  0.8881 -0.2468

PART 59
OFFSET  20.4350  5.9729  3.9359
X  0.3818  0.4089 -0.8288
Y -0.5534  0.8194  0.1493
Z  0.7402  0.4017  0.5392

PART 60
OFFSET  21.4688  3.6383  4.5661
X -0.7054  0.3217  0.6316
Y -0.1614  0.7948 -0.5850
Z -0.6902 -0.5146 -0.5087

PART 61
OFFSET -6.5551 -7.9373 -5.6959
X -0.5458  0.1225  0.8289
Y -0.2437 -0.9697 -0.0171
Z  0.8017 -0.2113  0.5591

PART 62
OFFSET  0.0459 -9.4191 -15.7205
X -0.7732 -0.3204 -0.5472
Y  0.6021 -0.1001 -0.7921
Z  0.1990 -0.9420  0.2703

PART 63
OFFSET  6.6226 -6.6944 -11.0660
X -0.7732 -0.3204 -0.5472
Y  0.5989 -0.0855 -0.7962
Z  0.2083 -0.9434  0.2580

PART 64
OFFSET  7.0651 -5.0934 -10.0000
X -0.7774 -0.3169 -0.5433
Y -0.2056  0.9444 -0.2568
Z  0.5944 -0.0879 -0.7993

PART 65
OFFSET  6.9075 -5.4560 -8.8632
X -0.7774 -0.3169 -0.5433
Y -0.2056  0.9444 -0.2568
Z  0.5944 -0.0879 -0.7993

PART 66
OFFSET  7.3556 -6.6687 -8.6052
X -0.7774 -0.3169 -0.5433
Y -0.2056  0.9444 -0.2568
Z  0.5944 -0.0879 -0.7993

PART 67
OFFSET  8.9931 -5.7122 -9.3883
X -0.5275 -0.4475 -0.7221
Y  0.7874  0.0615 -0.6134
Z  0.3189 -0.8921  0.3199

PART 68
OFFSET  8.3396 -5.2040 -8.6030
X  0.0869 -0.8582 -0.5058
Y  0.8518  0.3273 -0.4090
Z  0.5166 -0.3953  0.7595

PART 69
OFFSET  8.0383 -3.3626 -7.5128
X -0.6454 -0.7164 -0.2650
Y  0.7015 -0.4186 -0.5768
Z  0.3023 -0.5582  0.7727

PART 70
OFFSET  9.0883 -2.1686 -7.2059
X -0.9040 -0.2017  0.3769
Y -0.0294 -0.8503 -0.5255
Z  0.4265 -0.4862  0.7627

PART 71
OFFSET  10.0469 -1.9139 -7.6394
X -0.9473 -0.0118 -0.3200
Y  0.2069  0.7402 -0.6398
Z  0.2444 -0.6723 -0.6988

PART 72
OFFSET  10.2182 -5.0873 -9.4987
X -0.8398 -0.4578 -0.2917
Y  0.3355 -0.8602  0.3840
Z -0.4267  0.2246  0.8760

PART 73
OFFSET  12.0019 -3.9205 -8.7628
X -0.1974 -0.9116 -0.3606
Y  0.9254 -0.2947  0.2385
Z -0.3236 -0.2866  0.9017

PART 74
OFFSET  12.2813 -2.6299 -8.2522
X  0.7770 -0.6239  0.0840
Y  0.5194  0.7107  0.4744
Z -0.3557 -0.3249  0.8763

PART 75
OFFSET  11.5924 -2.0767 -8.3268
X  0.9412 -0.0082  0.3378
Y -0.0842  0.9625  0.2578
Z -0.3273 -0.2711  0.9052

PART 76
OFFSET  10.6983 -2.0689 -8.6477
X -0.6197 -0.5588 -0.5512
Y -0.7105  0.6977  0.0916
Z  0.3333  0.4484 -0.8294

PART 77
OFFSET  9.8555 -5.1544 -8.8876
X -0.7294 -0.4526 -0.5130
Y  0.2949 -0.8846  0.3613
Z -0.6173  0.1122  0.7787

PART 78
OFFSET  11.8466 -4.0158 -7.6639
X -0.2344 -0.9681 -0.0890
Y  0.9482 -0.2479  0.1986
Z -0.2144 -0.0379  0.9760

PART 79
OFFSET  12.2457 -2.3677 -7.5124
X  0.8590 -0.4825  0.1714
Y  0.4583  0.8737  0.1630
Z -0.2285 -0.0615  0.9716

PART 80
OFFSET  11.0553 -1.6990 -7.7500
X  0.9625  0.1267  0.2400
Y -0.1372  0.9902  0.0272
Z -0.2342 -0.0591  0.9704

PART 81
OFFSET  10.0115 -1.8364 -8.0103
X -0.7217 -0.6724 -0.1645
Y -0.6538  0.7402 -0.1570
Z  0.2273 -0.0058 -0.9738

PART 82
OFFSET  6.3027 -8.1051 -11.7035
X -0.5599 -0.6811 -0.4718
Y -0.4274  0.7253 -0.5397
Z  0.7098 -0.1005 -0.6972

PART 83
OFFSET  10.5733 -4.3463 -5.9931
X -0.6366 -0.6014 -0.4827
Y  0.3982 -0.7924  0.4622
Z -0.6604  0.1021  0.7439

PART 84
OFFSET  11.6942 -3.2874 -5.1433
X -0.0007 -0.9798  0.1999
Y  0.7350  0.1351  0.6645
Z -0.6780  0.1474  0.7201

PART 85
OFFSET  11.6538 -2.0873 -5.3426
X  0.1908 -0.9431  0.2722
Y  0.7254  0.3223  0.6082
Z -0.6614  0.0814  0.7456

PART 86
OFFSET  11.4383 -1.0220 -5.6501
X -0.9029  0.0389 -0.4280
Y  0.1251  0.9766 -0.1750
Z  0.4111 -0.2116 -0.8867

PART 87
OFFSET  11.3141 -4.1673 -6.7930
X -0.1245 -0.9920  0.0230
Y  0.8814 -0.0999  0.4617
Z -0.4557  0.0778  0.8867

PART 88
OFFSET  11.5573 -2.2294 -6.8379
X  0.8009 -0.4035  0.4424
Y  0.4112  0.9077  0.0835
Z -0.4352  0.1150  0.8929

PART 89
OFFSET  10.3874 -1.6400 -7.4841
X  0.8976  0.1661  0.4083
Y -0.0762  0.9708 -0.2275
Z -0.4342  0.1731  0.8840

PART 90
OFFSET  9.3738 -1.8288 -7.9529
X -0.6118 -0.7585 -0.2243
Y -0.6667  0.6471 -0.3699
Z  0.4257 -0.0768 -0.9016

PART 91
OFFSET  7.0615 -5.0813 -10.0025
X -0.7774 -0.3172 -0.5432
Y -0.2054  0.9442 -0.2573
Z  0.5946 -0.0884 -0.7992

PART 92
OFFSET  6.9015 -5.4333 -8.8684
X -0.7774 -0.3172 -0.5432
Y -0.2054  0.9442 -0.2573
Z  0.5946 -0.0884 -0.7992

PART 93
OFFSET  7.3721 -6.6710 -8.6269
X -0.7774 -0.3172 -0.5432
Y -0.2054  0.9442 -0.2573
Z  0.5946 -0.0884 -0.7992

PART 94
OFFSET  0.0000 -0.0000 -0.0000
X  1.0000 -0.0000  0.0000
Y  0.0000  1.0000  0.0000
Z  0.0000 -0.0000  1.0000

PART 95
OFFSET -0.0000 -0.0000 -0.0000
X  0.9978  0.0000 -0.0666
Y  0.0036  0.9985  0.0544
Z  0.0665 -0.0545  0.9963

PART 96
OFFSET  1.8122 -0.2256  4.0178
X  0.9978  0.0000 -0.0666
Y  0.0036  0.9985  0.0544
Z  0.0665 -0.0545  0.9963


FRAME 1807
PART 0
OFFSET  0.0000 -0.0000 -0.0000
X  1.0000 -0.0000  0.0000
Y  0.0000  1.0000  0.0000
Z  0.0000 -0.0000  1.0000

PART 1
OFFSET -7.6810 -0.0000 -1.3770
X  1.0000 -0.0000  0.0000
Y  0.0000  1.0000  0.0000
Z  0.0000 -0.0000  1.0000

PART 2
OFFSET -1.4997  5.2787 -5.3079
X  0.8145  0.1814 -0.5510
Y  0.1877 -0.9812 -0.0455
Z -0.5489 -0.0664 -0.8332

PART 3
OFFSET  8.3512  7.4720 -11.9722
X  0.6891 -0.4089  0.5983
Y -0.7150 -0.2488  0.6534
Z -0.1183 -0.8780 -0.4638

PART 4
OFFSET  14.2120  3.9939 -6.8834
X  0.6891 -0.4089  0.5983
Y -0.7219 -0.3153  0.6159
Z -0.0632 -0.8564 -0.5125

PART 5
OFFSET  15.8657  5.2182 -5.6169
X  0.6936 -0.4051  0.5957
Y  0.1264  0.8825  0.4529
Z -0.7092 -0.2389  0.6633

PART 6
OFFSET  15.7222  3.2504 -7.4359
X  0.6936 -0.4051  0.5957
Y  0.1264  0.8825  0.4529
Z -0.7092 -0.2389  0.6633

PART 7
OFFSET  14.7334  4.1869 -4.1443
X  0.6936 -0.4051  0.5957
Y  0.1264  0.8825  0.4529
Z -0.7092 -0.2389  0.6633

PART 8
OFFSET  14.4321  2.7482 -4.9473
X  0.6936 -0.4051  0.5957
Y  0.1264  0.8825  0.4529
Z -0.7092 -0.2389  0.6633

PART 9
OFFSET  14.1035  1.5523 -6.0231
X  0.6936 -0.4051  0.5957
Y  0.1264  0.8825  0.4529
Z -0.7092 -0.2389  0.6633

PART 10
OFFSET  16.3245  2.7402 -5.0493
X  0.4872 -0.2942  0.8222
Y -0.8720 -0.2156  0.4396
Z  0.0479 -0.9311 -0.3615

PART 11
OFFSET  15.7219  2.0176 -4.4037
X -0.0040 -0.8080  0.5892
Y -0.8719  0.2913  0.3937
Z -0.4897 -0.5121 -0.7056

PART 12
OFFSET  15.5991  0.2745 -3.1322
X  0.7546 -0.5454  0.3647
Y -0.6344 -0.4646  0.6178
Z -0.1675 -0.6976 -0.6966

PART 13
OFFSET  16.8364 -0.6564 -2.6583
X  0.8547  0.0133 -0.5190
Y  0.3264 -0.7911  0.5173
Z -0.4037 -0.6115 -0.6805

PART 14
OFFSET  17.7477 -0.6835 -3.2419
X  0.9575  0.2396  0.1606
Y -0.2845  0.6936  0.6618
Z  0.0472 -0.6794  0.7323

PART 15
OFFSET  17.6801  2.5339 -4.8972
X  0.8481 -0.2165  0.4836
Y  0.0181 -0.9004 -0.4348
Z  0.5295  0.3775 -0.7597

PART 16
OFFSET  19.5108  1.8822 -3.7533
X  0.0576 -0.9973  0.0452
Y -0.7508 -0.0731 -0.6565
Z  0.6580  0.0039 -0.7530

PART 17
OFFSET  19.5923  0.4702 -3.6894
X -0.6483 -0.5063 -0.5686
Y -0.3460  0.8612 -0.3723
Z  0.6782 -0.0446 -0.7335

PART 18
OFFSET  19.0175  0.0213 -4.1935
X -0.7347  0.2263 -0.6395
Y  0.1589  0.9739  0.1620
Z  0.6595  0.0174 -0.7515

PART 19
OFFSET  18.3195  0.2362 -4.8011
X  0.3669 -0.7870  0.4961
Y  0.6761  0.5919  0.4389
Z -0.6390  0.1744  0.7492

PART 20
OFFSET  17.2011  2.4560 -4.3738
X  0.7317 -0.2194  0.6453
Y  0.0762 -0.9145 -0.3973
Z  0.6773  0.3398 -0.6525

PART 21
OFFSET  19.1510  1.8931 -2.7491
X -0.0444 -0.9879 -0.1488
Y -0.7674  0.1291 -0.6281
Z  0.6397  0.0862 -0.7638

PART 22
OFFSET  19.0754  0.2112 -3.0023
X -0.7164 -0.3011 -0.6294
Y -0.2655  0.9519 -0.1531
Z  0.6452  0.0574 -0.7619

PART 23
OFFSET  18.0825 -0.2060 -3.8746
X -0.4504  0.8338 -0.3193
Y  0.6131  0.5488  0.5682
Z  0.6490  0.0601 -0.7584

PART 24
OFFSET  17.5941  0.6982 -4.2209
X  0.0507 -0.9937 -0.1003
Y  0.7320 -0.0313  0.6806
Z -0.6794 -0.1079  0.7258

PART 25
OFFSET  16.4676  0.9920 -2.0104
X  0.6404 -0.4940  0.5881
Y  0.0617  0.7963  0.6018
Z -0.7656 -0.3491  0.5404

PART 26
OFFSET  17.5475  1.7774 -1.3795
X  0.2046 -0.9707 -0.1261
Y -0.8044 -0.0933 -0.5867
Z  0.5577  0.2214 -0.7999

PART 27
OFFSET  17.9077  0.0683 -1.6015
X -0.7430 -0.0659 -0.6660
Y -0.2043  0.9700  0.1319
Z  0.6373  0.2341 -0.7342

PART 28
OFFSET  16.9656 -0.0260 -2.3665
X -0.5667  0.8131 -0.1329
Y  0.6227  0.5283  0.5772
Z  0.5395  0.2443 -0.8058

PART 29
OFFSET  16.3255  0.8924 -2.5166
X -0.2259 -0.6729 -0.7044
Y  0.6495 -0.6430  0.4059
Z -0.7260 -0.3658  0.5823

PART 30
OFFSET  18.4501  1.8756 -2.0089
X -0.1000 -0.9690 -0.2260
Y -0.7285  0.2260 -0.6467
Z  0.6777  0.0999 -0.7285

PART 31
OFFSET  18.2547 -0.0174 -2.4503
X -0.7305 -0.0607 -0.6803
Y -0.1458  0.9869  0.0685
Z  0.6672  0.1492 -0.7298

PART 32
OFFSET  17.1878 -0.1060 -3.4439
X -0.3852  0.9153 -0.1177
Y  0.6248  0.3525  0.6967
Z  0.6792  0.1949 -0.7076

PART 33
OFFSET  16.7559  0.9318 -3.5827
X -0.1471 -0.9394 -0.3095
Y  0.7747 -0.3040  0.5545
Z -0.6150 -0.1582  0.7725

PART 34
OFFSET  18.1884  0.6399 -3.6079
X  0.6421  0.3060 -0.7029
Y -0.0479  0.9311  0.3615
Z  0.7651 -0.1985  0.6126

PART 35
OFFSET  16.0358  4.4728 -6.3218
X  0.6936 -0.4050  0.5957
Y  0.1266  0.8826  0.4527
Z -0.7091 -0.2386  0.6635

PART 36
OFFSET  15.7221  3.2504 -7.4358
X  0.6936 -0.4050  0.5957
Y  0.1266  0.8826  0.4527
Z -0.7091 -0.2386  0.6635

PART 37
OFFSET  14.5688  3.5293 -4.3998
X  0.6936 -0.4050  0.5957
Y  0.1266  0.8826  0.4527
Z -0.7091 -0.2386  0.6635

PART 38
OFFSET  14.1892  2.3532 -4.9328
X  0.6936 -0.4050  0.5957
Y  0.1266  0.8826  0.4527
Z -0.7091 -0.2386  0.6635

PART 39
OFFSET  14.5388  2.2167 -6.0707
X  0.6936 -0.4050  0.5957
Y  0.1266  0.8826  0.4527
Z -0.7091 -0.2386  0.6635

PART 40
OFFSET  10.9011 -2.5919 -5.5011
X  0.7133  0.4298  0.5536
Y -0.3569  0.9026 -0.2408
Z -0.6032 -0.0258  0.7972

PART 41
OFFSET  10.9011 -2.5919 -5.5011
X  0.7133  0.4298  0.5536
Y -0.3569  0.9026 -0.2408
Z -0.6032 -0.0258  0.7972

PART 42
OFFSET  11.9692 -2.2237 -2.6412
X  0.7133  0.4298  0.5536
Y -0.3569  0.9026 -0.2408
Z -0.6032 -0.0258  0.7972

PART 43
OFFSET  14.0563  0.3751  0.9418
X  0.7133  0.4298  0.5536
Y -0.3340  0.9029 -0.2706
Z -0.6162  0.0081  0.7876

PART 44
OFFSET  10.1051 -1.7701 -1.2417
X  0.7133  0.4298  0.5536
Y -0.3569  0.9026 -0.2408
Z -0.6032 -0.0258  0.7972

PART 45
OFFSET  6.4678 -3.6349 -2.8409
X  0.7133  0.4298  0.5536
Y -0.3569  0.9026 -0.2408
Z -0.6032 -0.0258  0.7972

PART 46
OFFSET  9.2023  1.7594 -6.0310
X  0.7133  0.4298  0.5536
Y -0.3569  0.9026 -0.2408
Z -0.6032 -0.0258  0.7972

PART 47
OFFSET  9.1209 -2.7050 -3.1197
X -0.4463  0.8876 -0.1140
Y -0.7133 -0.4298 -0.5536
Z -0.5404 -0.1657  0.8249

PART 48
OFFSET  8.9129 -2.2913 -3.1729
X -0.4475  0.8872 -0.1124
Y -0.7133 -0.4299 -0.5536
Z -0.5395 -0.1676  0.8252

PART 49
OFFSET  8.7042 -1.8777 -3.2253
X -0.4395  0.8896 -0.1245
Y -0.7132 -0.4299 -0.5536
Z -0.5460 -0.1545  0.8234

PART 50
OFFSET  8.4994 -1.4629 -3.2834
X -0.4097  0.8966 -0.1683
Y -0.7133 -0.4298 -0.5536
Z -0.5687 -0.1068  0.8156

PART 51
OFFSET  8.3184 -1.0437 -3.3763
X -0.3301  0.9028 -0.2756
Y -0.7132 -0.4298 -0.5537
Z -0.6184  0.0138  0.7857

PART 52
OFFSET  8.1645 -0.6229 -3.5047
X -0.0637  0.8263 -0.5596
Y -0.7131 -0.4299 -0.5537
Z -0.6981  0.3638  0.6167

PART 53
OFFSET  8.1377 -0.2745 -3.7406
X  0.3754  0.4330 -0.8195
Y -0.7131 -0.4298 -0.5538
Z -0.5920  0.7923  0.1474

PART 54
OFFSET  8.3136 -0.0716 -4.1247
X  0.5654  0.1145 -0.8169
Y -0.7131 -0.4298 -0.5538
Z -0.4145  0.8956 -0.1614

PART 55
OFFSET  8.5772 -0.0182 -4.5054
X  0.6065  0.0181 -0.7949
Y -0.7131 -0.4298 -0.5539
Z -0.3517  0.9027 -0.2478

PART 56
OFFSET  8.8599 -0.0098 -4.8761
X  0.6065  0.0176 -0.7949
Y -0.7132 -0.4298 -0.5537
Z -0.3514  0.9027 -0.2481

PART 57
OFFSET  9.1426 -0.0017 -5.2466
X  0.6065  0.0176 -0.7949
Y -0.7132 -0.4297 -0.5537
Z -0.3513  0.9028 -0.2481

PART 58
OFFSET  9.4254  0.0066 -5.6172
X  0.6065  0.0177 -0.7949
Y -0.7132 -0.4298 -0.5537
Z -0.3514  0.9028 -0.2480

PART 59
OFFSET  20.9491  5.4453  4.2674
X  0.4029  0.3949 -0.8257
Y -0.5223  0.8400  0.1469
Z  0.7516  0.3721  0.5447

PART 60
OFFSET  21.8877  3.0716  4.9008
X -0.6966  0.3479  0.6274
Y -0.1266  0.8012 -0.5848
Z -0.7062 -0.4869 -0.5141

PART 61
OFFSET -6.5551 -7.9373 -5.6959
X -0.5620  0.1179  0.8187
Y -0.2481 -0.9682 -0.0309
Z  0.7891 -0.2205  0.5734

PART 62
OFFSET  0.2412 -9.3630 -15.5974
X -0.7702 -0.3104 -0.5572
Y  0.6092 -0.0995 -0.7867
Z  0.1887 -0.9454  0.2657

PART 63
OFFSET  6.7923 -6.7233 -10.8584
X -0.7702 -0.3104 -0.5572
Y  0.6101 -0.1038 -0.7855
Z  0.1860 -0.9449  0.2693

PART 64
OFFSET  7.2368 -5.1333 -9.7769
X -0.7744 -0.3069 -0.5532
Y -0.1954  0.9477 -0.2522
Z  0.6017 -0.0872 -0.7939

PART 65
OFFSET  7.0648 -5.5025 -8.6443
X -0.7744 -0.3069 -0.5532
Y -0.1954  0.9477 -0.2522
Z  0.6017 -0.0872 -0.7939

PART 66
OFFSET  7.5006 -6.7205 -8.3903
X -0.7744 -0.3069 -0.5532
Y -0.1954  0.9477 -0.2522
Z  0.6017 -0.0872 -0.7939

PART 67
OFFSET  9.1536 -5.7719 -9.1503
X -0.5396 -0.4259 -0.7263
Y  0.7933  0.0318 -0.6080
Z  0.2821 -0.9042  0.3207

PART 68
OFFSET  8.5150 -5.2398 -8.3685
X  0.0570 -0.8603 -0.5066
Y  0.8665  0.2947 -0.4028
Z  0.4958 -0.4160  0.7623

PART 69
OFFSET  8.2778 -3.3896 -7.2776
X -0.6708 -0.6905 -0.2704
Y  0.6886 -0.4447 -0.5728
Z  0.2753 -0.5705  0.7738

PART 70
OFFSET  9.3710 -2.2374 -6.9619
X -0.9136 -0.1670  0.3706
Y -0.0588 -0.8478 -0.5270
Z  0.4022 -0.5033  0.7648

PART 71
OFFSET  10.3416 -2.0194 -7.3887
X -0.9449  0.0253 -0.3263
Y  0.2396  0.7325 -0.6372
Z  0.2229 -0.6803 -0.6982

PART 72
OFFSET  10.4026 -5.1947 -9.2516
X -0.8549 -0.4246 -0.2980
Y  0.2995 -0.8730  0.3849
Z -0.4236  0.2398  0.8735

PART 73
OFFSET  12.2251 -4.0986 -8.5021
X -0.2300 -0.9028 -0.3633
Y  0.9117 -0.3305  0.2441
Z -0.3405 -0.2750  0.8991

PART 74
OFFSET  12.5507 -2.8204 -7.9877
X  0.7517 -0.6536  0.0882
Y  0.5433  0.6895  0.4789
Z -0.3738 -0.3120  0.8734

PART 75
OFFSET  11.8843 -2.2409 -8.0660
X  0.9379 -0.0450  0.3441
Y -0.0486  0.9647  0.2587
Z -0.3436 -0.2594  0.9026

PART 76
OFFSET  10.9932 -2.1982 -8.3929
X -0.6371 -0.5337 -0.5561
Y -0.6836  0.7245  0.0880
Z  0.3559  0.4362 -0.8264

PART 77
OFFSET  10.0335 -5.2484 -8.6430
X -0.7429 -0.4234 -0.5185
Y  0.2581 -0.8958  0.3618
Z -0.6177  0.1350  0.7748

PART 78
OFFSET  12.0589 -4.1892 -7.4045
X -0.2710 -0.9582 -0.0921
Y  0.9366 -0.2846  0.2045
Z -0.2222 -0.0308  0.9745

PART 79
OFFSET  12.5204 -2.5580 -7.2477
X  0.8385 -0.5156  0.1764
Y  0.4906  0.8552  0.1674
Z -0.2371 -0.0538  0.9700

PART 80
OFFSET  11.3583 -1.8435 -7.4922
X  0.9650  0.0891  0.2466
Y -0.0990  0.9947  0.0278
Z -0.2428 -0.0513  0.9687

PART 81
OFFSET  10.3117 -1.9401 -7.7596
X -0.7460 -0.6438 -0.1703
Y -0.6237  0.7651 -0.1602
Z  0.2334 -0.0133 -0.9723

PART 82
OFFSET  6.3883 -8.0560 -11.4869
X -0.5827 -0.6583 -0.4766
Y -0.3955  0.7420 -0.5414
Z  0.7100 -0.1270 -0.6927

PART 83
OFFSET  10.7626 -4.4724 -5.7426
X -0.6562 -0.5758 -0.4878
Y  0.3642 -0.8078  0.4636
Z -0.6609  0.1266  0.7397

PART 84
OFFSET  11.9179 -3.4587 -4.8838
X -0.0399 -0.9793  0.1984
Y  0.7352  0.1057  0.6695
Z -0.6766  0.1726  0.7158

PART 85
OFFSET  11.9253 -2.2577 -5.0815
X  0.1524 -0.9501  0.2720
Y  0.7332  0.2933  0.6135
Z -0.6627  0.1060  0.7413

PART 86
OFFSET  11.7531 -1.1845 -5.3888
X -0.8979  0.0744 -0.4339
Y  0.1639  0.9712 -0.1727
Z  0.4086 -0.2262 -0.8843

PART 87
OFFSET  11.5151 -4.3211 -6.5372
X -0.1629 -0.9864  0.0207
Y  0.8738 -0.1345  0.4674
Z -0.4583  0.0942  0.8838

PART 88
OFFSET  11.8333 -2.3941 -6.5776
X  0.7818 -0.4347  0.4470
Y  0.4454  0.8910  0.0876
Z -0.4364  0.1306  0.8902

PART 89
OFFSET  10.6914 -1.7591 -7.2306
X  0.9006  0.1308  0.4145
Y -0.0371  0.9733 -0.2265
Z -0.4331  0.1887  0.8814

PART 90
OFFSET  9.6745 -1.9079 -7.7065
X -0.6392 -0.7340 -0.2295
Y -0.6387  0.6729 -0.3733
Z  0.4284 -0.0920 -0.8989

PART 91
OFFSET  7.2334 -5.1212 -9.7794
X -0.7744 -0.3072 -0.5532
Y -0.1953  0.9476 -0.2528
Z  0.6018 -0.0877 -0.7938

PART 92
OFFSET  7.0591 -5.4798 -8.6494
X -0.7744 -0.3072 -0.5532
Y -0.1953  0.9476 -0.2528
Z  0.6018 -0.0877 -0.7938

PART 93
OFFSET  7.5173 -6.7228 -8.4118
X -0.7744 -0.3072 -0.5532
Y -0.1953  0.9476 -0.2528
Z  0.6018 -0.0877 -0.7938

PART 94
OFFSET  0.0000 -0.0000 -0.0000
X  1.0000 -0.0000  0.0000
Y  0.0000  1.0000  0.0000
Z  0.0000 -0.0000  1.0000

PART 95
OFFSET -0.0000 -0.0000 -0.0000
X  0.9984 -0.0000 -0.0570
Y  0.0028  0.9988  0.0484
Z  0.0569 -0.0485  0.9972

PART 96
OFFSET  1.7735 -0.2005  4.0363
X  0.9984 -0.0000 -0.0570
Y  0.0028  0.9988  0.0484
Z  0.0569 -0.0485  0.9972


FRAME 1808
PART 0
OFFSET  0.0000 -0.0000 -0.0000
X  1.0000 -0.0000  0.0000
Y  0.0000  1.0000  0.0000
Z  0.0000 -0.0000  1.0000

PART 1
OFFSET -7.6810 -0.0000 -1.3770
X  1.0000 -0.0000  0.0000
Y  0.0000  1.0000  0.0000
Z  0.0000 -0.0000  1.0000

PART 2
OFFSET -1.3308  5.2787 -5.5218
X  0.8405  0.1404 -0.5234
Y  0.1620 -0.9868 -0.0046
Z -0.5171 -0.0809 -0.8521

PART 3
OFFSET  8.8336  6.9769 -11.8514
X  0.6864 -0.3961  0.6099
Y -0.7165 -0.2251  0.6602
Z -0.1242 -0.8902 -0.4383

PART 4
OFFSET  14.6719  3.6081 -6.6640
X  0.6864 -0.3961  0.6099
Y -0.7236 -0.2880  0.6273
Z -0.0728 -0.8719 -0.4843

PART 5
OFFSET  16.3338  4.8574 -5.4332
X  0.6910 -0.3923  0.6072
Y  0.1324  0.8944  0.4273
Z -0.7107 -0.2149  0.6699

PART 6
OFFSET  16.1770  2.8389 -7.1947
X  0.6910 -0.3923  0.6072
Y  0.1324  0.8944  0.4273
Z -0.7107 -0.2149  0.6699

PART 7
OFFSET  15.1948  3.8766 -3.9316
X  0.6910 -0.3923  0.6072
Y  0.1324  0.8944  0.4273
Z -0.7107 -0.2149  0.6699

PART 8
OFFSET  14.8839  2.4174 -4.6928
X  0.6910 -0.3923  0.6072
Y  0.1324  0.8944  0.4273
Z -0.7107 -0.2149  0.6699

PART 9
OFFSET  14.5472  1.1931 -5.7336
X  0.6910 -0.3923  0.6072
Y  0.1324  0.8944  0.4273
Z -0.7107 -0.2149  0.6699

PART 10
OFFSET  16.7762  2.3939 -4.7943
X  0.4715 -0.3112  0.8252
Y -0.8818 -0.1803  0.4358
Z  0.0132 -0.9331 -0.3594

PART 11
OFFSET  16.1427  1.6967 -4.1501
X -0.0383 -0.8059  0.5908
Y -0.8617  0.3260  0.3889
Z -0.5060 -0.4941 -0.7069

PART 12
OFFSET  15.9459 -0.0374 -2.8758
X  0.7310 -0.5737  0.3694
Y -0.6550 -0.4381  0.6157
Z -0.1914 -0.6921 -0.6960

PART 13
OFFSET  17.1437 -1.0149 -2.3941
X  0.8570 -0.0213 -0.5150
Y  0.2928 -0.8021  0.5204
Z -0.4241 -0.5968 -0.6812

PART 14
OFFSET  18.0560 -1.0789 -2.9733
X  0.9654  0.2023  0.1647
Y -0.2603  0.7057  0.6590
Z  0.0171 -0.6791  0.7339

PART 15
OFFSET  18.1220  2.1350 -4.6354
X  0.8367 -0.2484  0.4881
Y -0.0151 -0.9013 -0.4329
Z  0.5474  0.3548 -0.7579

PART 16
OFFSET  19.9204  1.4148 -3.4815
X  0.0183 -0.9987  0.0475
Y -0.7500 -0.0451 -0.6599
Z  0.6612 -0.0235 -0.7499

PART 17
OFFSET  19.9464  0.0008 -3.4143
X -0.6649 -0.4818 -0.5707
Y -0.3104  0.8732 -0.3757
Z  0.6794 -0.0727 -0.7302

PART 18
OFFSET  19.3568 -0.4264 -3.9203
X -0.7223  0.2534 -0.6435
Y  0.1961  0.9673  0.1608
Z  0.6632 -0.0100 -0.7484

PART 19
OFFSET  18.6706 -0.1857 -4.5316
X  0.3335 -0.7996  0.4994
Y  0.6966  0.5660  0.4409
Z -0.6352  0.2009  0.7458

PART 20
OFFSET  17.6378  2.0771 -4.1141
X  0.7196 -0.2464  0.6492
Y  0.0422 -0.9177 -0.3950
Z  0.6931  0.3117 -0.6499

PART 21
OFFSET  19.5566  1.4420 -2.4790
X -0.0823 -0.9857 -0.1470
Y -0.7588  0.1576 -0.6320
Z  0.6461  0.0595 -0.7609

PART 22
OFFSET  19.4165 -0.2362 -2.7292
X -0.7247 -0.2742 -0.6322
Y -0.2273  0.9612 -0.1563
Z  0.6505  0.0304 -0.7589

PART 23
OFFSET  18.4121 -0.6163 -3.6053
