// Export filename: `C:\projects\cod\t5\xanim_export\t5_viewmodels\m60\m60_acog_ads_up.XANIM_EXPORT`
// Source filename: `D:\projects\devanim\t5\animation_assets\viewmodels\m60\viewmodel_m60_animated.fbx`
// Export time: Thu Aug 05 16:44:54 2010

ANIMATION
VERSION 3

NUMPARTS 2
PART 0 "tag_view"
PART 1 "tag_torso"

FRAMERATE 30
NUMFRAMES 14

FRAME 2300
PART 0
OFFSET  0.0000 -0.0000 -0.0000
X  1.0000 -0.0000  0.0000
Y  0.0000  1.0000  0.0000
Z  0.0000 -0.0000  1.0000

PART 1
OFFSET -7.6810 -0.0000 -1.3770
X  1.0000  0.0000  0.0000
Y -0.0000  1.0000  0.0000
Z  0.0000 -0.0000  1.0000


FRAME 2301
PART 0
OFFSET  0.0000 -0.0000 -0.0000
X  1.0000 -0.0000  0.0000
Y  0.0000  1.0000  0.0000
Z  0.0000 -0.0000  1.0000

PART 1
OFFSET -7.7131  0.0612 -1.3876
X  1.0000 -0.0002 -0.0017
Y  0.0002  0.9999 -0.0125
Z  0.0017  0.0125  0.9999


FRAME 2302
PART 0
OFFSET  0.0000 -0.0000 -0.0000
X  1.0000 -0.0000  0.0000
Y  0.0000  1.0000  0.0000
Z  0.0000 -0.0000  1.0000

PART 1
OFFSET -7.7959  0.2297 -1.4100
X  1.0000 -0.0008 -0.0058
Y  0.0006  0.9991 -0.0426
Z  0.0058  0.0426  0.9991


FRAME 2303
PART 0
OFFSET  0.0000 -0.0000 -0.0000
X  1.0000 -0.0000  0.0000
Y  0.0000  1.0000  0.0000
Z  0.0000 -0.0000  1.0000

PART 1
OFFSET -7.9092  0.4833 -1.4303
X  0.9999 -0.0015 -0.0106
Y  0.0007  0.9969 -0.0790
Z  0.0107  0.0790  0.9968


FRAME 2304
PART 0
OFFSET  0.0000 -0.0000 -0.0000
X  1.0000 -0.0000  0.0000
Y  0.0000  1.0000  0.0000
Z  0.0000 -0.0000  1.0000

PART 1
OFFSET -8.0328  0.7997 -1.4345
X  0.9999 -0.0021 -0.0148
Y  0.0005  0.9939 -0.1105
Z  0.0149  0.1105  0.9938


FRAME 2305
PART 0
OFFSET  0.0000 -0.0000 -0.0000
X  1.0000 -0.0000  0.0000
Y  0.0000  1.0000  0.0000
Z  0.0000 -0.0000  1.0000

PART 1
OFFSET -8.1463  1.1565 -1.4086
X  0.9999 -0.0024 -0.0166
Y  0.0003  0.9920 -0.1261
Z  0.0168  0.1261  0.9919


FRAME 2306
PART 0
OFFSET  0.0000 -0.0000 -0.0000
X  1.0000 -0.0000  0.0000
Y  0.0000  1.0000  0.0000
Z  0.0000 -0.0000  1.0000

PART 1
OFFSET -8.2558  1.5307 -1.3450
X  0.9999 -0.0024 -0.0155
Y  0.0005  0.9924 -0.1231
Z  0.0156  0.1231  0.9923


FRAME 2307
PART 0
OFFSET  0.0000 -0.0000 -0.0000
X  1.0000 -0.0000  0.0000
Y  0.0000  1.0000  0.0000
Z  0.0000 -0.0000  1.0000

PART 1
OFFSET -8.3747  1.9048 -1.2529
X  0.9999 -0.0022 -0.0124
Y  0.0008  0.9940 -0.1089
Z  0.0126  0.1089  0.9940


FRAME 2308
PART 0
OFFSET  0.0000 -0.0000 -0.0000
X  1.0000 -0.0000  0.0000
Y  0.0000  1.0000  0.0000
Z  0.0000 -0.0000  1.0000

PART 1
OFFSET -8.4941  2.2642 -1.1439
X  1.0000 -0.0018 -0.0084
Y  0.0011  0.9962 -0.0876
Z  0.0085  0.0876  0.9961


FRAME 2309
PART 0
OFFSET  0.0000 -0.0000 -0.0000
X  1.0000 -0.0000  0.0000
Y  0.0000  1.0000  0.0000
Z  0.0000 -0.0000  1.0000

PART 1
OFFSET -8.6051  2.5947 -1.0294
X  1.0000 -0.0013 -0.0046
Y  0.0010  0.9980 -0.0633
Z  0.0046  0.0633  0.9980


FRAME 2310
PART 0
OFFSET  0.0000 -0.0000 -0.0000
X  1.0000 -0.0000  0.0000
Y  0.0000  1.0000  0.0000
Z  0.0000 -0.0000  1.0000

PART 1
OFFSET -8.6989  2.8818 -0.9209
X  1.0000 -0.0008 -0.0018
Y  0.0007  0.9992 -0.0400
Z  0.0019  0.0400  0.9992


FRAME 2311
PART 0
OFFSET  0.0000 -0.0000 -0.0000
X  1.0000 -0.0000  0.0000
Y  0.0000  1.0000  0.0000
Z  0.0000 -0.0000  1.0000

PART 1
OFFSET -8.7774  3.1347 -0.8302
X  1.0000 -0.0003 -0.0006
Y  0.0003  0.9998 -0.0201
Z  0.0006  0.0201  0.9998


FRAME 2312
PART 0
OFFSET  0.0000 -0.0000 -0.0000
X  1.0000 -0.0000  0.0000
Y  0.0000  1.0000  0.0000
Z  0.0000 -0.0000  1.0000

PART 1
OFFSET -8.8370  3.3312 -0.7683
X  1.0000 -0.0001 -0.0001
Y  0.0001  1.0000 -0.0056
Z  0.0001  0.0056  1.0000


FRAME 2313
PART 0
OFFSET  0.0000 -0.0000 -0.0000
X  1.0000 -0.0000  0.0000
Y  0.0000  1.0000  0.0000
Z  0.0000 -0.0000  1.0000

PART 1
OFFSET -8.8607  3.4103 -0.7455
X  1.0000  0.0000  0.0000
Y -0.0000  1.0000  0.0000
Z  0.0000 -0.0000  1.0000


NUMKEYS 0
