// Export filename: `C:\projects\cod\t5\xanim_export\t5_viewmodels\m60\m60_ir_ads_up.XANIM_EXPORT`
// Source filename: `D:\projects\devanim\t5\animation_assets\viewmodels\m60/viewmodel_m60_animated.fbx`
// Export time: Mon Sep 06 12:31:08 2010

ANIMATION
VERSION 3

NUMPARTS 2
PART 0 "tag_view"
PART 1 "tag_torso"

FRAMERATE 30
NUMFRAMES 14

FRAME 2450
PART 0
OFFSET  0.0000 -0.0000 -0.0000
X  1.0000 -0.0000  0.0000
Y  0.0000  1.0000  0.0000
Z  0.0000 -0.0000  1.0000

PART 1
OFFSET -7.6810 -0.0000 -1.3770
X  1.0000  0.0000  0.0000
Y -0.0000  1.0000  0.0000
Z  0.0000 -0.0000  1.0000


FRAME 2451
PART 0
OFFSET  0.0000 -0.0000 -0.0000
X  1.0000 -0.0000  0.0000
Y  0.0000  1.0000  0.0000
Z  0.0000 -0.0000  1.0000

PART 1
OFFSET -7.9764  0.2231 -1.4114
X  1.0000 -0.0002 -0.0017
Y  0.0002  0.9996 -0.0293
Z  0.0017  0.0293  0.9996


FRAME 2452
PART 0
OFFSET  0.0000 -0.0000 -0.0000
X  1.0000 -0.0000  0.0000
Y  0.0000  1.0000  0.0000
Z  0.0000 -0.0000  1.0000

PART 1
OFFSET -8.2764  0.4436 -1.4392
X  1.0000 -0.0008 -0.0058
Y  0.0004  0.9980 -0.0627
Z  0.0058  0.0627  0.9980


FRAME 2453
PART 0
OFFSET  0.0000 -0.0000 -0.0000
X  1.0000 -0.0000  0.0000
Y  0.0000  1.0000  0.0000
Z  0.0000 -0.0000  1.0000

PART 1
OFFSET -8.5781  0.6679 -1.4517
X  0.9999 -0.0015 -0.0108
Y  0.0005  0.9956 -0.0939
Z  0.0109  0.0939  0.9955


FRAME 2454
PART 0
OFFSET  0.0000 -0.0000 -0.0000
X  1.0000 -0.0000  0.0000
Y  0.0000  1.0000  0.0000
Z  0.0000 -0.0000  1.0000

PART 1
OFFSET -8.8778  0.9026 -1.4446
X  0.9999 -0.0021 -0.0149
Y  0.0003  0.9931 -0.1170
Z  0.0150  0.1170  0.9930


FRAME 2455
PART 0
OFFSET  0.0000 -0.0000 -0.0000
X  1.0000 -0.0000  0.0000
Y  0.0000  1.0000  0.0000
Z  0.0000 -0.0000  1.0000

PART 1
OFFSET -9.1729  1.1543 -1.4100
X  0.9999 -0.0024 -0.0166
Y  0.0003  0.9920 -0.1261
Z  0.0168  0.1261  0.9919


FRAME 2456
PART 0
OFFSET  0.0000 -0.0000 -0.0000
X  1.0000 -0.0000  0.0000
Y  0.0000  1.0000  0.0000
Z  0.0000 -0.0000  1.0000

PART 1
OFFSET -9.4949  1.4514 -1.3441
X  0.9999 -0.0023 -0.0156
Y  0.0004  0.9927 -0.1207
Z  0.0158  0.1207  0.9926


FRAME 2457
PART 0
OFFSET  0.0000 -0.0000 -0.0000
X  1.0000 -0.0000  0.0000
Y  0.0000  1.0000  0.0000
Z  0.0000 -0.0000  1.0000

PART 1
OFFSET -9.8596  1.7999 -1.2540
X  0.9999 -0.0020 -0.0130
Y  0.0006  0.9943 -0.1065
Z  0.0131  0.1065  0.9942


FRAME 2458
PART 0
OFFSET  0.0000 -0.0000 -0.0000
X  1.0000 -0.0000  0.0000
Y  0.0000  1.0000  0.0000
Z  0.0000 -0.0000  1.0000

PART 1
OFFSET -10.2404  2.1723 -1.1489
X  1.0000 -0.0016 -0.0094
Y  0.0008  0.9963 -0.0863
Z  0.0095  0.0863  0.9962


FRAME 2459
PART 0
OFFSET  0.0000 -0.0000 -0.0000
X  1.0000 -0.0000  0.0000
Y  0.0000  1.0000  0.0000
Z  0.0000 -0.0000  1.0000

PART 1
OFFSET -10.6107  2.5406 -1.0397
X  1.0000 -0.0012 -0.0052
Y  0.0009  0.9980 -0.0632
Z  0.0053  0.0632  0.9980


FRAME 2460
PART 0
OFFSET  0.0000 -0.0000 -0.0000
X  1.0000 -0.0000  0.0000
Y  0.0000  1.0000  0.0000
Z  0.0000 -0.0000  1.0000

PART 1
OFFSET -10.9445  2.8762 -0.9359
X  1.0000 -0.0008 -0.0010
Y  0.0008  0.9992 -0.0400
Z  0.0010  0.0400  0.9992


FRAME 2461
PART 0
OFFSET  0.0000 -0.0000 -0.0000
X  1.0000 -0.0000  0.0000
Y  0.0000  1.0000  0.0000
Z  0.0000 -0.0000  1.0000

PART 1
OFFSET -11.2151  3.1504 -0.8485
X  1.0000 -0.0004  0.0027
Y  0.0005  0.9998 -0.0198
Z -0.0027  0.0198  0.9998


FRAME 2462
PART 0
OFFSET  0.0000 -0.0000 -0.0000
X  1.0000 -0.0000  0.0000
Y  0.0000  1.0000  0.0000
Z  0.0000 -0.0000  1.0000

PART 1
OFFSET -11.3968  3.3357 -0.7880
X  1.0000 -0.0001  0.0053
Y  0.0001  1.0000 -0.0054
Z -0.0053  0.0054  1.0000


FRAME 2463
PART 0
OFFSET  0.0000 -0.0000 -0.0000
X  1.0000 -0.0000  0.0000
Y  0.0000  1.0000  0.0000
Z  0.0000 -0.0000  1.0000

PART 1
OFFSET -11.4632  3.4037 -0.7654
X  1.0000 -0.0000  0.0063
Y -0.0000  1.0000  0.0000
Z -0.0063 -0.0000  1.0000


NUMKEYS 0
