// Export filename: `C:\projects\cod\t5\xanim_export\t5_viewmodels\m60\m60_reload_empty.XANIM_EXPORT`
// Source filename: `D:\projects\devanim\t5\animation_assets\viewmodels\m60\viewmodel_m60_animated.fbx`
// Export time: Fri Jun 18 15:34:40 2010

ANIMATION
VERSION 3

NUMPARTS 97
PART 0 "tag_ads"
PART 1 "tag_torso"
PART 2 "J_Shoulder_LE"
PART 3 "J_Elbow_LE"
PART 4 "J_WristTwist_LE"
PART 5 "J_Sleave_Reshape_Bottom_LE_1"
PART 6 "J_Sleave_Reshape_Bottom_LE_2"
PART 7 "J_Sleave_Reshape_Top_LE_1"
PART 8 "J_Sleave_Reshape_Top_LE_2"
PART 9 "J_Sleave_Reshape_Top_LE_3"
PART 10 "J_Wrist_LE"
PART 11 "J_Thumb_LE_0"
PART 12 "J_Thumb_LE_1"
PART 13 "J_Thumb_LE_2"
PART 14 "J_Thumb_LE_3"
PART 15 "J_PinkyPalm_LE"
PART 16 "J_Pinky_LE_0"
PART 17 "J_Pinky_LE_1"
PART 18 "J_Pinky_LE_2"
PART 19 "J_Pinky_LE_3"
PART 20 "J_RingPalm_LE"
PART 21 "J_Ring_LE_0"
PART 22 "J_Ring_LE_1"
PART 23 "J_Ring_LE_2"
PART 24 "J_Ring_LE_3"
PART 25 "J_Webbing_LE"
PART 26 "J_Index_LE_0"
PART 27 "J_Index_LE_1"
PART 28 "J_Index_LE_2"
PART 29 "J_Index_LE_3"
PART 30 "J_Mid_LE_0"
PART 31 "J_Mid_LE_1"
PART 32 "J_Mid_LE_2"
PART 33 "J_Mid_LE_3"
PART 34 "tag_knife_attach"
PART 35 "D_Sleave_Reshape_Bottom_LE_1"
PART 36 "D_Sleave_Reshape_Bottom_LE_2"
PART 37 "D_Sleave_Reshape_Top_LE_1"
PART 38 "D_Sleave_Reshape_Top_LE_2"
PART 39 "D_Sleave_Reshape_Top_LE_3"
PART 40 "tag_weapon"
PART 41 "J_Gun"
PART 42 "J_Bolt"
PART 43 "J_Handle"
PART 44 "J_Reload_Cover"
PART 45 "TAG_IRON_SIGHTS"
PART 46 "TAG_CLIP"
PART 47 "J_Bullets0"
PART 48 "J_Bullets1"
PART 49 "J_Bullets2"
PART 50 "J_Bullets3"
PART 51 "J_Bullets4"
PART 52 "J_Bullets5"
PART 53 "J_Bullets6"
PART 54 "J_Bullets7"
PART 55 "J_Bullets8"
PART 56 "J_Bullets9"
PART 57 "J_Bullets10"
PART 58 "J_Bullets11"
PART 59 "J_Pod_Left"
PART 60 "J_Pod_Right"
PART 61 "J_Shoulder_RI"
PART 62 "J_Elbow_RI"
PART 63 "J_WristTwist_RI"
PART 64 "J_Sleave_Reshape_Top_RI_3"
PART 65 "J_Sleave_Reshape_Top_RI_2"
PART 66 "J_Sleave_Reshape_Top_RI_1"
PART 67 "J_Wrist_RI"
PART 68 "J_Thumb_RI_0"
PART 69 "J_Thumb_RI_1"
PART 70 "J_Thumb_RI_2"
PART 71 "J_Thumb_RI_3"
PART 72 "J_PinkyPalm_RI"
PART 73 "J_Pinky_RI_0"
PART 74 "J_Pinky_RI_1"
PART 75 "J_Pinky_RI_2"
PART 76 "J_Pinky_RI_3"
PART 77 "J_RingPalm_RI"
PART 78 "J_Ring_RI_0"
PART 79 "J_Ring_RI_1"
PART 80 "J_Ring_RI_2"
PART 81 "J_Ring_RI_3"
PART 82 "J_Webbing_RI"
PART 83 "J_Index_RI_0"
PART 84 "J_Index_RI_1"
PART 85 "J_Index_RI_2"
PART 86 "J_Index_RI_3"
PART 87 "J_Mid_RI_0"
PART 88 "J_Mid_RI_1"
PART 89 "J_Mid_RI_2"
PART 90 "J_Mid_RI_3"
PART 91 "D_Sleave_Reshape_Top_RI_3"
PART 92 "D_Sleave_Reshape_Top_RI_2"
PART 93 "D_Sleave_Reshape_Top_RI_1"
PART 94 "tag_cambone"
PART 95 "tag_camera"
PART 96 "tag_gasmask"

FRAMERATE 30
NUMFRAMES 282

FRAME 300
PART 0
OFFSET  0.0000 -0.0000  0.0000
X  1.0000 -0.0000  0.0000
Y  0.0000  1.0000  0.0000
Z  0.0000 -0.0000  1.0000

PART 1
OFFSET -7.6810 -0.0000 -1.3770
X  1.0000  0.0000  0.0000
Y -0.0000  1.0000  0.0000
Z  0.0000 -0.0000  1.0000

PART 2
OFFSET -1.6489  5.2787 -5.1189
X  0.8341  0.1877 -0.5187
Y -0.0946 -0.8777 -0.4698
Z -0.5434  0.4409 -0.7143

PART 3
OFFSET  8.4388  7.5490 -11.3916
X  0.4938 -0.8061  0.3261
Y -0.7923 -0.2626  0.5508
Z -0.3584 -0.5303 -0.7683

PART 4
OFFSET  12.6391  0.6927 -8.6182
X  0.4938 -0.8061  0.3261
Y  0.7157  0.5898  0.3741
Z -0.4938  0.0487  0.8682

PART 5
OFFSET  14.5172  0.7255 -7.0985
X  0.4995 -0.8031  0.3249
Y  0.3683  0.5363  0.7594
Z -0.7841 -0.2596  0.5637

PART 6
OFFSET  13.8730 -0.1824 -9.5402
X  0.4995 -0.8031  0.3249
Y  0.3683  0.5363  0.7594
Z -0.7841 -0.2596  0.5637

PART 7
OFFSET  13.0405 -0.4173 -6.0847
X  0.4995 -0.8031  0.3249
Y  0.3683  0.5363  0.7594
Z -0.7841 -0.2596  0.5637

PART 8
OFFSET  12.3538 -1.2361 -7.3744
X  0.4995 -0.8031  0.3249
Y  0.3683  0.5363  0.7594
Z -0.7841 -0.2596  0.5637

PART 9
OFFSET  11.7315 -1.7263 -8.8125
X  0.4995 -0.8031  0.3249
Y  0.3683  0.5363  0.7594
Z -0.7841 -0.2596  0.5637

PART 10
OFFSET  14.1531 -1.7785 -7.6186
X  0.9191 -0.3827  0.0938
Y  0.3222  0.8670  0.3800
Z -0.2268 -0.3190  0.9202

PART 11
OFFSET  14.7844 -1.2449 -6.8318
X  0.9359 -0.1097  0.3346
Y  0.1684  0.9740 -0.1518
Z -0.3093  0.1984  0.9300

PART 12
OFFSET  16.8037 -1.3734 -6.0731
X  0.8627 -0.5039  0.0432
Y  0.4825  0.8455  0.2287
Z -0.1518 -0.1764  0.9725

PART 13
OFFSET  18.1506 -2.2571 -5.9080
X  0.9369 -0.1398  0.3203
Y  0.1512  0.9884 -0.0109
Z -0.3151  0.0586  0.9472

PART 14
OFFSET  19.1519 -2.3888 -5.5185
X  0.9252  0.0628 -0.3743
Y -0.3469 -0.2596 -0.9012
Z -0.1538  0.9637 -0.2184

PART 15
OFFSET  14.5400 -3.0952 -7.7601
X  0.6338 -0.7726 -0.0385
Y -0.3070 -0.2969  0.9042
Z -0.7100 -0.5612 -0.4254

PART 16
OFFSET  16.0297 -4.7857 -7.6739
X  0.2315 -0.3711  0.8993
Y -0.3914  0.8107  0.4353
Z -0.8906 -0.4528  0.0424

PART 17
OFFSET  16.3574 -5.3111 -6.4007
X -0.0705  0.2752  0.9588
Y -0.4914  0.8269 -0.2734
Z -0.8681 -0.4904  0.0769

PART 18
OFFSET  16.2950 -5.0672 -5.5506
X -0.1600  0.4306  0.8882
Y -0.4094  0.7898 -0.4567
Z -0.8982 -0.4367  0.0499

PART 19
OFFSET  16.1429 -4.6581 -4.7068
X  0.5093 -0.7620 -0.3999
Y -0.3196  0.2640 -0.9100
Z  0.7990  0.5913 -0.1091

PART 20
OFFSET  14.9879 -2.5586 -7.6155
X  0.7743 -0.6324 -0.0219
Y -0.2595 -0.3489  0.9005
Z -0.5771 -0.6916 -0.4342

PART 21
OFFSET  16.9557 -4.2560 -7.6865
X  0.2444 -0.6695  0.7015
Y -0.3909  0.5940  0.7031
Z -0.8874 -0.4460 -0.1165

PART 22
OFFSET  17.3719 -5.3958 -6.4922
X -0.2626  0.2875  0.9211
Y -0.4031  0.8346 -0.3754
Z -0.8766 -0.4699 -0.1033

PART 23
OFFSET  17.0079 -4.9974 -5.2157
X -0.3520  0.4661  0.8117
Y -0.3312  0.7490 -0.5738
Z -0.8754 -0.4708 -0.1093

PART 24
OFFSET  16.6261 -4.4919 -4.3354
X  0.4345 -0.8329 -0.3426
Y -0.0317  0.3660 -0.9301
Z  0.9001  0.4150  0.1327

PART 25
OFFSET  17.3766 -1.7526 -6.2329
X  0.7394 -0.6165  0.2706
Y  0.4963  0.2276 -0.8378
Z  0.4549  0.7538  0.4743

PART 26
OFFSET  18.0617 -2.4972 -7.3085
X  0.5345 -0.8356  0.1265
Y -0.3439 -0.0783  0.9357
Z -0.7720 -0.5437 -0.3292

PART 27
OFFSET  19.0028 -3.9685 -7.0858
X -0.0316 -0.6108  0.7912
Y -0.6561  0.6098  0.4445
Z -0.7540 -0.5050 -0.4200

PART 28
OFFSET  19.0102 -4.6803 -6.0985
X -0.4191  0.0656  0.9056
Y -0.4883  0.8246 -0.2857
Z -0.7655 -0.5619 -0.3136

PART 29
OFFSET  18.5368 -4.6063 -5.0756
X  0.3619 -0.9238 -0.1251
Y  0.3523  0.2598 -0.8991
Z  0.8631  0.2813  0.4195

PART 30
OFFSET  17.5735 -3.4542 -7.5657
X  0.3943 -0.7696  0.5022
Y -0.5021  0.2773  0.8192
Z -0.7697 -0.5751 -0.2771

PART 31
OFFSET  18.3437 -4.9577 -6.5846
X -0.3645  0.0490  0.9299
Y -0.4823  0.8443 -0.2335
Z -0.7966 -0.5336 -0.2841

PART 32
OFFSET  17.8113 -4.8861 -5.2263
X -0.5042  0.3004  0.8097
Y -0.3057  0.8148 -0.4926
Z -0.8077 -0.4959 -0.3190

PART 33
OFFSET  17.2348 -4.5500 -4.3111
X  0.6335 -0.7190 -0.2858
Y  0.0301  0.3920 -0.9195
Z  0.7732  0.5739  0.2700

PART 34
OFFSET  16.1257 -3.7695 -6.1667
X -0.6276 -0.6746 -0.3885
Y  0.2267  0.3190 -0.9202
Z  0.7448 -0.6657 -0.0473

PART 35
OFFSET  14.4871  0.3196 -8.0555
X  0.4995 -0.8031  0.3249
Y  0.3683  0.5363  0.7594
Z -0.7841 -0.2597  0.5637

PART 36
OFFSET  13.8730 -0.1824 -9.5402
X  0.4995 -0.8031  0.3249
Y  0.3683  0.5363  0.7594
Z -0.7841 -0.2597  0.5637

PART 37
OFFSET  12.6949 -0.8288 -6.5705
X  0.4995 -0.8031  0.3249
Y  0.3683  0.5363  0.7594
Z -0.7841 -0.2597  0.5637

PART 38
OFFSET  11.9999 -1.5078 -7.5019
X  0.4995 -0.8031  0.3249
Y  0.3683  0.5363  0.7594
Z -0.7841 -0.2597  0.5637

PART 39
OFFSET  12.3531 -1.2678 -8.6214
X  0.4995 -0.8031  0.3249
Y  0.3683  0.5363  0.7594
Z -0.7841 -0.2597  0.5637

PART 40
OFFSET  9.9030 -3.4097 -6.3868
X  1.0000  0.0000  0.0000
Y -0.0000  1.0000  0.0000
Z  0.0000 -0.0000  1.0000

PART 41
OFFSET  9.9030 -3.4097 -6.3868
X  1.0000  0.0000  0.0000
Y -0.0000  1.0000  0.0000
Z  0.0000 -0.0000  1.0000

PART 42
OFFSET  12.4064 -4.1473 -4.7608
X  1.0000  0.0000  0.0000
Y -0.0000  1.0000  0.0000
Z  0.0000 -0.0000  1.0000

PART 43
OFFSET  16.9957 -3.4097 -3.2304
X  1.0000 -0.0000 -0.0000
Y  0.0000  0.9053 -0.4247
Z  0.0000  0.4247  0.9053

PART 44
OFFSET  12.0465 -3.4097 -2.5324
X  1.0000 -0.0000  0.0000
Y -0.0000  1.0000  0.0000
Z -0.0000 -0.0000  1.0000

PART 45
OFFSET  7.7652 -3.4097 -1.5652
X  1.0000 -0.0000  0.0000
Y -0.0000  1.0000  0.0000
Z -0.0000 -0.0000  1.0000

PART 46
OFFSET  10.2681  1.2515 -5.8968
X  1.0000  0.0000  0.0000
Y -0.0000  1.0000  0.0000
Z -0.0000 -0.0000  1.0000

PART 47
OFFSET  9.9030 -3.4500 -3.4118
X  0.0000  0.9879  0.1554
Y -1.0000  0.0000  0.0000
Z  0.0000 -0.1554  0.9879

PART 48
OFFSET  9.9030 -2.9895 -3.3393
X -0.0001  0.9875  0.1574
Y -1.0000 -0.0001  0.0000
Z  0.0000 -0.1574  0.9875

PART 49
OFFSET  9.9029 -2.5291 -3.2659
X -0.0001  0.9897  0.1429
Y -1.0000 -0.0001 -0.0000
Z -0.0000 -0.1429  0.9897

PART 50
OFFSET  9.9029 -2.0677 -3.1993
X -0.0000  0.9960  0.0898
Y -1.0000 -0.0000  0.0000
Z  0.0000 -0.0898  0.9960

PART 51
OFFSET  9.9029 -1.6034 -3.1574
X -0.0001  0.9990 -0.0439
Y -1.0000 -0.0001 -0.0003
Z -0.0003  0.0439  0.9990

PART 52
OFFSET  9.9028 -1.1377 -3.1778
X -0.0002  0.9033 -0.4290
Y -1.0000 -0.0003 -0.0003
Z -0.0004  0.4290  0.9033

PART 53
OFFSET  9.9027 -0.7568 -3.3587
X  0.0002  0.4541 -0.8909
Y -1.0000 -0.0004 -0.0004
Z -0.0005  0.8909  0.4541

PART 54
OFFSET  9.9028 -0.5441 -3.7762
X  0.0003  0.0982 -0.9952
Y -1.0000 -0.0004 -0.0004
Z -0.0004  0.9952  0.0982

PART 55
OFFSET  9.9030 -0.4982 -4.2401
X  0.0005 -0.0088 -1.0000
Y -1.0000 -0.0004 -0.0005
Z -0.0003  1.0000 -0.0088

PART 56
OFFSET  9.9031 -0.5023 -4.7063
X  0.0003 -0.0091 -1.0000
Y -1.0000 -0.0004 -0.0003
Z -0.0003  1.0000 -0.0091

PART 57
OFFSET  9.9032 -0.5067 -5.1724
X  0.0003 -0.0091 -1.0000
Y -1.0000 -0.0002 -0.0003
Z -0.0002  1.0000 -0.0091

PART 58
OFFSET  9.9034 -0.5109 -5.6386
X  0.0003 -0.0091 -1.0000
Y -1.0000 -0.0003 -0.0003
Z -0.0003  1.0000 -0.0091

PART 59
OFFSET  25.9325 -2.0945 -4.8678
X -0.0000  0.4115 -0.9114
Y  0.0698  0.9092  0.4105
Z  0.9976 -0.0636 -0.0287

PART 60
OFFSET  25.9325 -4.7244 -4.8678
X  0.0000  0.4115  0.9114
Y -0.0698  0.9092 -0.4105
Z -0.9976 -0.0636  0.0287

PART 61
OFFSET -6.5551 -7.9373 -5.6959
X -0.4471  0.1582  0.8804
Y -0.1653 -0.9819  0.0925
Z  0.8791 -0.1041  0.4651

PART 62
OFFSET -1.1481 -9.8501 -16.3434
X -0.5546 -0.4384 -0.7072
Y  0.7738  0.0407 -0.6321
Z  0.3059 -0.8979  0.3167

PART 63
OFFSET  3.5692 -6.1212 -10.3280
X -0.5546 -0.4384 -0.7072
Y  0.8156 -0.1180 -0.5664
Z  0.1649 -0.8910  0.4230

PART 64
OFFSET  3.4215 -4.4559 -9.2104
X -0.5602 -0.4360 -0.7044
Y -0.3156  0.8985 -0.3052
Z  0.7659  0.0513 -0.6409

PART 65
OFFSET  3.0582 -4.8273 -8.1528
X -0.5602 -0.4360 -0.7044
Y -0.3156  0.8985 -0.3052
Z  0.7659  0.0513 -0.6409

PART 66
OFFSET  3.8017 -6.0413 -7.8430
X -0.5602 -0.4360 -0.7044
Y -0.3156  0.8985 -0.3052
Z  0.7659  0.0513 -0.6409

PART 67
OFFSET  5.2695 -4.7772 -8.1598
X -0.9700 -0.0169 -0.2425
Y  0.2429 -0.1079 -0.9640
Z -0.0099 -0.9940  0.1088

PART 68
OFFSET  5.4755 -4.2573 -7.1650
X -0.6095 -0.6748 -0.4161
Y  0.4742  0.1103 -0.8735
Z  0.6353 -0.7297  0.2528

PART 69
OFFSET  6.7081 -2.7716 -6.1939
X -0.9026 -0.3584  0.2385
Y -0.0467 -0.4693 -0.8818
Z  0.4280 -0.8071  0.4068

PART 70
OFFSET  8.1145 -2.1307 -6.6770
X -0.4751  0.0294  0.8795
Y -0.6968 -0.6229 -0.3556
Z  0.5373 -0.7818  0.3164

PART 71
OFFSET  8.6155 -2.1162 -7.6365
X -0.8394  0.3955  0.3727
Y  0.0747  0.7632 -0.6418
Z -0.5383 -0.5109 -0.6702

PART 72
OFFSET  6.3524 -4.6775 -9.0088
X -0.9573 -0.0063  0.2891
Y  0.0515 -0.9875  0.1490
Z  0.2846  0.1575  0.9456

PART 73
OFFSET  8.5384 -4.5194 -9.5390
X -0.5075 -0.8325 -0.2224
Y  0.8483 -0.4374 -0.2982
Z  0.1510 -0.3401  0.9282

PART 74
OFFSET  9.2569 -3.3408 -9.2240
X  0.5880 -0.7254 -0.3580
Y  0.8021  0.5800  0.1423
Z  0.1044 -0.3708  0.9228

PART 75
OFFSET  8.7356 -2.6976 -8.9065
X  0.9619 -0.1682 -0.2155
Y  0.2270  0.9308  0.2867
Z  0.1524 -0.3247  0.9335

PART 76
OFFSET  7.8217 -2.5378 -8.7018
X -0.9002 -0.4087 -0.1501
Y -0.4284  0.7699  0.4731
Z -0.0778  0.4902 -0.8681

PART 77
OFFSET  6.4029 -4.7409 -8.2996
X -0.9989  0.0078  0.0457
Y -0.0006 -0.9878  0.1559
Z  0.0464  0.1557  0.9867

PART 78
OFFSET  8.9886 -4.8063 -8.5613
X -0.5304 -0.8456  0.0599
Y  0.7906 -0.5190 -0.3250
Z  0.3059 -0.1250  0.9438

PART 79
OFFSET  9.8917 -3.3666 -8.6633
X  0.6601 -0.6877 -0.3023
Y  0.6950  0.7118 -0.1016
Z  0.2851 -0.1431  0.9478

PART 80
OFFSET  8.9769 -2.4135 -8.2443
X  0.9438  0.2199 -0.2467
Y -0.1745  0.9656  0.1930
Z  0.2806 -0.1391  0.9497

PART 81
OFFSET  7.9533 -2.6519 -7.9767
X -0.6598 -0.7385  0.1386
Y -0.6958  0.6701  0.2585
Z -0.2838  0.0741 -0.9560

PART 82
OFFSET  1.0218 -5.2892 -8.2957
X -0.9624 -0.2714 -0.0115
Y -0.2629  0.9412 -0.2121
Z  0.0684 -0.2011 -0.9772

PART 83
OFFSET  8.8623 -4.9993 -6.4472
X -0.9752 -0.1426  0.1690
Y  0.1529 -0.9870  0.0495
Z  0.1597  0.0741  0.9844

PART 84
OFFSET  10.5793 -4.7482 -6.7447
X -0.3405 -0.9239  0.1748
Y  0.9273 -0.3607 -0.1003
Z  0.1557  0.1279  0.9795

PART 85
OFFSET  11.0027 -3.6173 -6.8977
X -0.1646 -0.9831  0.0807
Y  0.9748 -0.1746 -0.1386
Z  0.1503  0.0559  0.9871

PART 86
OFFSET  11.1886 -2.5069 -6.9888
X -0.7841  0.4933  0.3765
Y  0.4269  0.8691 -0.2497
Z -0.4504 -0.0351 -0.8922

PART 87
OFFSET  9.0241 -4.9398 -7.5385
X -0.5488 -0.8198  0.1636
Y  0.8083 -0.5703 -0.1461
Z  0.2131  0.0521  0.9757

PART 88
OFFSET  10.0962 -3.3383 -7.8580
X  0.6675 -0.7357 -0.1149
Y  0.7020  0.6732 -0.2323
Z  0.2483  0.0744  0.9658

PART 89
OFFSET  9.1212 -2.2637 -7.6902
X  0.9049  0.3074 -0.2944
Y -0.3316  0.9428 -0.0348
Z  0.2669  0.1291  0.9550

PART 90
OFFSET  8.0942 -2.6121 -7.3635
X -0.4991 -0.8461  0.1869
Y -0.8140  0.5318  0.2336
Z -0.2971 -0.0355 -0.9542

PART 91
OFFSET  3.4442 -4.4930 -9.2058
X -0.5601 -0.4362 -0.7043
Y -0.3154  0.8984 -0.3055
Z  0.7660  0.0511 -0.6408

PART 92
OFFSET  3.1002 -4.9080 -8.1358
X -0.5601 -0.4362 -0.7043
Y -0.3154  0.8984 -0.3055
Z  0.7660  0.0511 -0.6408

PART 93
OFFSET  3.7280 -6.0451 -7.7824
X -0.5601 -0.4362 -0.7043
Y -0.3154  0.8984 -0.3055
Z  0.7660  0.0511 -0.6408

PART 94
OFFSET  0.0000 -0.0000 -0.0000
X  1.0000 -0.0000  0.0000
Y  0.0000  1.0000  0.0000
Z  0.0000 -0.0000  1.0000

PART 95
OFFSET  0.0000 -0.0000 -0.0000
X  1.0000 -0.0000  0.0000
Y  0.0000  1.0000  0.0000
Z  0.0000 -0.0000  1.0000

PART 96
OFFSET  1.5404 -0.0000  4.1357
X  1.0000 -0.0000  0.0000
Y  0.0000  1.0000  0.0000
Z  0.0000 -0.0000  1.0000


FRAME 301
PART 0
OFFSET  0.0000 -0.0000  0.0000
X  1.0000 -0.0000  0.0000
Y  0.0000  1.0000  0.0000
Z  0.0000 -0.0000  1.0000

PART 1
OFFSET -7.6810 -0.0000 -1.3770
X  1.0000  0.0000  0.0000
Y -0.0000  1.0000  0.0000
Z  0.0000 -0.0000  1.0000

PART 2
OFFSET -1.6489  5.2787 -5.1189
X  0.8363  0.1749 -0.5196
Y -0.0843 -0.8955 -0.4369
Z -0.5418  0.4092 -0.7342

PART 3
OFFSET  8.4653  7.3934 -11.4034
X  0.4920 -0.7910  0.3638
Y -0.7977 -0.2422  0.5522
Z -0.3486 -0.5619 -0.7502

PART 4
OFFSET  12.6498  0.6659 -8.3093
X  0.4920 -0.7910  0.3638
Y  0.7364  0.6010  0.3108
Z -0.4644  0.1150  0.8781

PART 5
OFFSET  14.5107  0.7650 -6.7715
X  0.4976 -0.7880  0.3625
Y  0.3587  0.5675  0.7411
Z -0.7897 -0.2388  0.5650

PART 6
OFFSET  13.8958 -0.2424 -9.1816
X  0.4976 -0.7880  0.3625
Y  0.3587  0.5675  0.7411
Z -0.7897 -0.2388  0.5650

PART 7
OFFSET  13.0254 -0.3399 -5.7287
X  0.4976 -0.7880  0.3625
Y  0.3587  0.5675  0.7411
Z -0.7897 -0.2388  0.5650

PART 8
OFFSET  12.3549 -1.2120 -6.9918
X  0.4976 -0.7880  0.3625
Y  0.3587  0.5675  0.7411
Z -0.7897 -0.2388  0.5650

PART 9
OFFSET  11.7498 -1.7614 -8.4157
X  0.4976 -0.7880  0.3625
Y  0.3587  0.5675  0.7411
Z -0.7897 -0.2388  0.5650

PART 10
OFFSET  14.1581 -1.7589 -7.1941
X  0.9242 -0.3808  0.0303
Y  0.3476  0.8711  0.3469
Z -0.1585 -0.3101  0.9374

PART 11
OFFSET  14.8442 -1.2168 -6.4608
X  0.9580 -0.1054  0.2666
Y  0.1552  0.9726 -0.1733
Z -0.2410  0.2074  0.9481

PART 12
OFFSET  16.9136 -1.3356 -5.8501
X  0.8644 -0.5026 -0.0148
Y  0.4964  0.8483  0.1846
Z -0.0802 -0.1669  0.9827

PART 13
OFFSET  18.2705 -2.2162 -5.7750
X  0.9580 -0.1357  0.2525
Y  0.1483  0.9884 -0.0316
Z -0.2453  0.0678  0.9671

PART 14
OFFSET  19.2978 -2.3430 -5.4582
X  0.8953  0.0600 -0.4413
Y -0.4113 -0.2689 -0.8709
Z -0.1710  0.9613 -0.2161

PART 15
OFFSET  14.5360 -3.0765 -7.3505
X  0.6306 -0.7723 -0.0770
Y -0.2397 -0.2882  0.9271
Z -0.7381 -0.5662 -0.3669

PART 16
OFFSET  16.0310 -4.7646 -7.3564
X  0.2971 -0.3619  0.8836
Y -0.3600  0.8146  0.4547
Z -0.8844 -0.4532  0.1117

PART 17
OFFSET  16.4516 -5.2769 -6.1054
X -0.0009  0.2847  0.9586
Y -0.5115  0.8236 -0.2450
Z -0.8593 -0.4905  0.1449

PART 18
OFFSET  16.4508 -5.0245 -5.2554
X -0.0956  0.4393  0.8932
Y -0.4430  0.7848 -0.4334
Z -0.8914 -0.4372  0.1196

PART 19
OFFSET  16.3600 -4.6071 -4.4068
X  0.4801 -0.7655 -0.4284
Y -0.3856  0.2545 -0.8869
Z  0.7879  0.5910 -0.1729

PART 20
OFFSET  14.9923 -2.5381 -7.2441
X  0.7718 -0.6318 -0.0721
Y -0.1925 -0.3401  0.9205
Z -0.6060 -0.6965 -0.3841

PART 21
OFFSET  16.9527 -4.2341 -7.4417
X  0.2961 -0.6622  0.6884
Y -0.3396  0.6006  0.7239
Z -0.8927 -0.4481 -0.0470

PART 22
OFFSET  17.4568 -5.3614 -6.2698
X -0.1951  0.2964  0.9349
Y -0.4308  0.8304 -0.3532
Z -0.8811 -0.4717 -0.0343

PART 23
OFFSET  17.1864 -4.9506 -4.9741
X -0.2926  0.4739  0.8305
Y -0.3734  0.7429 -0.5555
Z -0.8803 -0.4727 -0.0404

PART 24
OFFSET  16.8692 -4.4366 -4.0733
X  0.4097 -0.8360 -0.3651
Y -0.1001  0.3567 -0.9289
Z  0.9067  0.4171  0.0624

PART 25
OFFSET  17.4740 -1.7158 -6.0475
X  0.7582 -0.6130  0.2220
Y  0.4335  0.2197 -0.8739
Z  0.4869  0.7589  0.4324

PART 26
OFFSET  18.0802 -2.4704 -7.1628
X  0.5438 -0.8338  0.0954
Y -0.2746 -0.0694  0.9590
Z -0.7930 -0.5477 -0.2667

PART 27
OFFSET  19.0376 -3.9384 -6.9948
X  0.0272 -0.6029  0.7974
Y -0.6231  0.6135  0.4852
Z -0.7817 -0.5100 -0.3589

PART 28
OFFSET  19.1182 -4.6403 -6.0036
X -0.3520  0.0742  0.9331
Y -0.5092  0.8212 -0.2574
Z -0.7853 -0.5658 -0.2513

PART 29
OFFSET  18.7206 -4.5566 -4.9497
X  0.3534 -0.9246 -0.1421
Y  0.2853  0.2512 -0.9249
Z  0.8909  0.2863  0.3526

PART 30
OFFSET  17.5762 -3.4304 -7.3742
X  0.4312 -0.7642  0.4797
Y -0.4415  0.2850  0.8508
Z -0.7869 -0.5786 -0.2145

PART 31
OFFSET  18.4185 -4.9233 -6.4371
X -0.2958  0.0579  0.9535
Y -0.4995  0.8414 -0.2061
Z -0.8142 -0.5373 -0.2199

PART 32
OFFSET  17.9865 -4.8387 -5.0444
X -0.4443  0.3079  0.8413
Y -0.3423  0.8095 -0.4770
Z -0.8279 -0.4999 -0.2543

PART 33
OFFSET  17.4777 -4.4941 -4.0930
X  0.6122 -0.7212 -0.3242
Y -0.0377  0.3829 -0.9230
Z  0.7898  0.5773  0.2072

PART 34
OFFSET  16.2348 -3.7333 -5.8703
X -0.6531 -0.6791 -0.3350
Y  0.1585  0.3101 -0.9374
Z  0.7405 -0.6653 -0.0949

PART 35
OFFSET  14.4922  0.3208 -7.7117
X  0.4977 -0.7880  0.3625
Y  0.3587  0.5675  0.7411
Z -0.7897 -0.2388  0.5651

PART 36
OFFSET  13.8958 -0.2424 -9.1816
X  0.4977 -0.7880  0.3625
Y  0.3587  0.5675  0.7411
Z -0.7897 -0.2388  0.5651

PART 37
OFFSET  12.6862 -0.7716 -6.2013
X  0.4977 -0.7880  0.3625
Y  0.3587  0.5675  0.7411
Z -0.7897 -0.2388  0.5651

PART 38
OFFSET  12.0032 -1.4895 -7.1121
X  0.4977 -0.7880  0.3625
Y  0.3587  0.5675  0.7411
Z -0.7897 -0.2388  0.5651

PART 39
OFFSET  12.3682 -1.2939 -8.2365
X  0.4977 -0.7880  0.3625
Y  0.3587  0.5675  0.7411
Z -0.7897 -0.2388  0.5651

PART 40
OFFSET  9.9108 -3.3937 -6.2988
X  1.0000  0.0028  0.0019
Y -0.0028  1.0000 -0.0092
Z -0.0019  0.0092  1.0000

PART 41
OFFSET  9.9108 -3.3937 -6.2988
X  1.0000  0.0028  0.0019
Y -0.0028  1.0000 -0.0092
Z -0.0019  0.0092  1.0000

PART 42
OFFSET  12.4130 -4.1093 -4.6612
X  1.0000  0.0028  0.0019
Y -0.0028  1.0000 -0.0092
Z -0.0019  0.0092  1.0000

PART 43
OFFSET  16.9972 -3.3447 -3.1287
X  1.0000  0.0028  0.0019
Y -0.0017  0.9009 -0.4341
Z -0.0029  0.4341  0.9009

PART 44
OFFSET  12.0467 -3.3522 -2.4404
X  1.0000  0.0028  0.0019
Y -0.0028  1.0000 -0.0092
Z -0.0019  0.0092  1.0000

PART 45
OFFSET  7.7636 -3.3553 -1.4814
X  1.0000  0.0028  0.0019
Y -0.0028  1.0000 -0.0092
Z -0.0019  0.0092  1.0000

PART 46
OFFSET  10.2619  1.2728 -5.8511
X  1.0000  0.0028  0.0019
Y -0.0028  1.0000 -0.0092
Z -0.0019  0.0092  1.0000

PART 47
OFFSET  9.9050 -3.4066 -3.3236
X -0.0030  0.9892  0.1463
Y -1.0000 -0.0028 -0.0019
Z -0.0015 -0.1463  0.9892

PART 48
OFFSET  9.9036 -2.9455 -3.2554
X -0.0031  0.9889  0.1483
Y -1.0000 -0.0029 -0.0019
Z -0.0014 -0.1484  0.9889

PART 49
OFFSET  9.9022 -2.4844 -3.1863
X -0.0031  0.9910  0.1338
Y -1.0000 -0.0029 -0.0019
Z -0.0015 -0.1338  0.9910

PART 50
OFFSET  9.9008 -2.0224 -3.1239
X -0.0030  0.9967  0.0807
Y -1.0000 -0.0028 -0.0019
Z -0.0017 -0.0807  0.9967

PART 51
OFFSET  9.8993 -1.5578 -3.0862
X -0.0028  0.9986 -0.0531
Y -1.0000 -0.0030 -0.0022
Z -0.0023  0.0531  0.9986

PART 52
OFFSET  9.8980 -1.0922 -3.1109
X -0.0019  0.8993 -0.4373
Y -1.0000 -0.0031 -0.0022
Z -0.0033  0.4373  0.8993

PART 53
OFFSET  9.8972 -0.7132 -3.2953
X  0.0006  0.4459 -0.8951
Y -1.0000 -0.0032 -0.0023
Z -0.0039  0.8951  0.4459

PART 54
OFFSET  9.8975 -0.5042 -3.7147
X  0.0020  0.0891 -0.9960
Y -1.0000 -0.0027 -0.0022
Z -0.0028  0.9960  0.0891

PART 55
OFFSET  9.8985 -0.4626 -4.1791
X  0.0024 -0.0179 -0.9998
Y -1.0000 -0.0060 -0.0023
Z -0.0059  0.9998 -0.0180

PART 56
OFFSET  9.8995 -0.4710 -4.6452
X  0.0022 -0.0183 -0.9998
Y -1.0000 -0.0058 -0.0021
Z -0.0058  0.9998 -0.0183

PART 57
OFFSET  9.9006 -0.4795 -5.1113
X  0.0022 -0.0183 -0.9998
Y -1.0000 -0.0057 -0.0021
Z -0.0057  0.9998 -0.0183

PART 58
OFFSET  9.9016 -0.4881 -5.5774
X  0.0022 -0.0182 -0.9998
Y -1.0000 -0.0057 -0.0021
Z -0.0057  0.9998 -0.0183

PART 59
OFFSET  25.9336 -2.0197 -4.7615
X  0.0006  0.4031 -0.9151
Y  0.0664  0.9131  0.4023
Z  0.9978 -0.0610 -0.0262

PART 60
OFFSET  25.9409 -4.6495 -4.7373
X -0.0029  0.4199  0.9076
Y -0.0715  0.9052 -0.4190
Z -0.9974 -0.0661  0.0274

PART 61
OFFSET -6.5551 -7.9373 -5.6669
X -0.4533  0.1641  0.8761
Y -0.1656 -0.9813  0.0981
Z  0.8758 -0.1007  0.4720

PART 62
OFFSET -1.0726 -9.9216 -16.2625
X -0.5494 -0.4434 -0.7082
Y  0.7783  0.0367 -0.6268
Z  0.3039 -0.8956  0.3250

PART 63
OFFSET  3.6003 -6.1500 -10.2392
X -0.5494 -0.4434 -0.7082
Y  0.8194 -0.1203 -0.5604
Z  0.1633 -0.8882  0.4295

PART 64
OFFSET  3.4444 -4.4777 -9.1340
X -0.5550 -0.4410 -0.7054
Y -0.3137  0.8963 -0.3136
Z  0.7705  0.0472 -0.6357

PART 65
OFFSET  3.0738 -4.8426 -8.0763
X -0.5550 -0.4410 -0.7054
Y -0.3137  0.8963 -0.3136
Z  0.7705  0.0472 -0.6357

PART 66
OFFSET  3.8137 -6.0530 -7.7523
X -0.5550 -0.4410 -0.7054
Y -0.3137  0.8963 -0.3136
Z  0.7705  0.0472 -0.6357

PART 67
OFFSET  5.2846 -4.7905 -8.0681
X -0.9695 -0.0219 -0.2442
Y  0.2451 -0.1161 -0.9625
Z -0.0073 -0.9930  0.1179

PART 68
OFFSET  5.4871 -4.2609 -7.0778
X -0.6089 -0.6679 -0.4280
Y  0.4877  0.1103 -0.8660
Z  0.6256 -0.7360  0.2586

PART 69
OFFSET  6.7177 -2.7897 -6.0822
X -0.9095 -0.3629  0.2028
Y -0.0162 -0.4564 -0.8896
Z  0.4154 -0.8124  0.4092

PART 70
OFFSET  8.1384 -2.1401 -6.5085
X -0.5482 -0.0246  0.8360
Y -0.6488 -0.6182 -0.4437
Z  0.5277 -0.7856  0.3229

PART 71
OFFSET  8.7181 -2.0670 -7.4198
X -0.8774  0.3591  0.3183
Y  0.1099  0.7960 -0.5953
Z -0.4671 -0.4873 -0.7378

PART 72
OFFSET  6.3689 -4.6956 -8.9159
X -0.9578 -0.0064  0.2873
Y  0.0540 -0.9859  0.1581
Z  0.2823  0.1670  0.9447

PART 73
OFFSET  8.5555 -4.5360 -9.4432
X -0.5546 -0.8066 -0.2045
Y  0.8202 -0.4885 -0.2976
Z  0.1401 -0.3328  0.9325

PART 74
OFFSET  9.3407 -3.3942 -9.1535
X  0.5132 -0.7815 -0.3548
Y  0.8533  0.5089  0.1135
Z  0.0919 -0.3610  0.9280

PART 75
OFFSET  8.8857 -2.7012 -8.8389
X  0.9261 -0.2902 -0.2412
Y  0.3488  0.9022  0.2538
Z  0.1439 -0.3191  0.9367

PART 76
OFFSET  8.0059 -2.4255 -8.6098
X -0.9481 -0.2982 -0.1103
Y -0.3144  0.8275  0.4652
Z -0.0474  0.4757 -0.8783

PART 77
OFFSET  6.4182 -4.7523 -8.2060
X -0.9990  0.0054  0.0437
Y  0.0019 -0.9863  0.1650
Z  0.0440  0.1649  0.9853

PART 78
OFFSET  9.0045 -4.8124 -8.4621
X -0.5678 -0.8212  0.0568
Y  0.7690 -0.5538 -0.3192
Z  0.2936 -0.1376  0.9460

PART 79
OFFSET  9.9711 -3.4143 -8.5588
X  0.5802 -0.7611 -0.2901
Y  0.7678  0.6299 -0.1172
Z  0.2720 -0.1547  0.9498

PART 80
OFFSET  9.1671 -2.3595 -8.1568
X  0.9633  0.0582 -0.2621
Y -0.0160  0.9869  0.1603
Z  0.2680 -0.1502  0.9516

PART 81
OFFSET  8.1224 -2.4226 -7.8726
X -0.7669 -0.6189  0.1699
Y -0.5767  0.7807  0.2405
Z -0.2815  0.0864 -0.9557

PART 82
OFFSET  1.0386 -5.3159 -8.2074
X -0.9616 -0.2743 -0.0109
Y -0.2652  0.9385 -0.2212
Z  0.0709 -0.2098 -0.9752

PART 83
OFFSET  8.8746 -4.9867 -6.3466
X -0.9782 -0.1485  0.1454
Y  0.1596 -0.9848  0.0681
Z  0.1331  0.0898  0.9870

PART 84
OFFSET  10.5968 -4.7253 -6.6027
X -0.3931 -0.9010  0.1834
Y  0.9104 -0.4093 -0.0595
Z  0.1287  0.1435  0.9812

PART 85
OFFSET  11.0825 -3.6213 -6.7660
X -0.2346 -0.9671  0.0986
Y  0.9647 -0.2441 -0.0986
Z  0.1194  0.0720  0.9902

PART 86
OFFSET  11.3475 -2.5290 -6.8774
X -0.7609  0.5554  0.3354
Y  0.4942  0.8311 -0.2551
Z -0.4204 -0.0284 -0.9069

PART 87
OFFSET  9.0384 -4.9369 -7.4380
X -0.5842 -0.7976  0.1504
Y  0.7877 -0.6018 -0.1317
Z  0.1955  0.0415  0.9798

PART 88
OFFSET  10.1797 -3.3788 -7.7318
X  0.5856 -0.8058 -0.0880
Y  0.7767  0.5889 -0.2234
Z  0.2318  0.0625  0.9707

PART 89
OFFSET  9.3244 -2.2018 -7.6033
X  0.9555  0.1198 -0.2697
Y -0.1459  0.9862 -0.0788
Z  0.2565  0.1146  0.9597

PART 90
OFFSET  8.2403 -2.3376 -7.3047
X -0.6558 -0.7291  0.1958
Y -0.7055  0.6842  0.1846
Z -0.2685 -0.0171 -0.9631

PART 91
OFFSET  3.4668 -4.5142 -9.1291
X -0.5549 -0.4412 -0.7053
Y -0.3135  0.8962 -0.3139
Z  0.7706  0.0469 -0.6356

PART 92
OFFSET  3.1152 -4.9219 -8.0587
X -0.5549 -0.4412 -0.7053
Y -0.3135  0.8962 -0.3139
Z  0.7706  0.0469 -0.6356

PART 93
OFFSET  3.7408 -6.0564 -7.6931
X -0.5549 -0.4412 -0.7053
Y -0.3135  0.8962 -0.3139
Z  0.7706  0.0469 -0.6356

PART 94
OFFSET  0.0000 -0.0000 -0.0000
X  1.0000 -0.0000  0.0000
Y  0.0000  1.0000  0.0000
Z  0.0000 -0.0000  1.0000

PART 95
OFFSET -0.0000 -0.0000 -0.0000
X  1.0000 -0.0076 -0.0008
Y  0.0076  1.0000 -0.0017
Z  0.0008  0.0017  1.0000

PART 96
OFFSET  1.5437 -0.0047  4.1345
X  1.0000 -0.0076 -0.0008
Y  0.0076  1.0000 -0.0017
Z  0.0008  0.0017  1.0000


FRAME 302
PART 0
OFFSET  0.0000 -0.0000  0.0000
X  1.0000 -0.0000  0.0000
Y  0.0000  1.0000  0.0000
Z  0.0000 -0.0000  1.0000

PART 1
OFFSET -7.6810 -0.0000 -1.3770
X  1.0000  0.0000  0.0000
Y -0.0000  1.0000  0.0000
Z  0.0000 -0.0000  1.0000

PART 2
OFFSET -1.6489  5.2787 -5.1189
X  0.8360  0.1564 -0.5260
Y -0.0727 -0.9185 -0.3886
Z -0.5439  0.3631 -0.7565

PART 3
OFFSET  8.4612  7.1700 -11.4807
X  0.4933 -0.7664  0.4113
Y -0.8007 -0.2154  0.5590
Z -0.3398 -0.6051 -0.7200

PART 4
OFFSET  12.6573  0.6511 -7.9821
X  0.4933 -0.7664  0.4113
Y  0.7461  0.6160  0.2529
Z -0.4472  0.1821  0.8757

PART 5
OFFSET  14.5056  0.8472 -6.4385
X  0.4990 -0.7635  0.4100
Y  0.3499  0.6103  0.7107
Z -0.7928 -0.2112  0.5717

PART 6
OFFSET  13.9147 -0.2976 -8.7927
X  0.4990 -0.7635  0.4100
Y  0.3499  0.6103  0.7107
Z -0.7928 -0.2112  0.5717

PART 7
OFFSET  13.0182 -0.2059 -5.3463
X  0.4990 -0.7635  0.4100
Y  0.3499  0.6103  0.7107
Z -0.7928 -0.2112  0.5717

PART 8
OFFSET  12.3621 -1.1514 -6.5633
X  0.4990 -0.7635  0.4100
Y  0.3499  0.6103  0.7107
Z -0.7928 -0.2112  0.5717

PART 9
OFFSET  11.7710 -1.7834 -7.9586
X  0.4990 -0.7635  0.4100
Y  0.3499  0.6103  0.7107
Z -0.7928 -0.2112  0.5717

PART 10
OFFSET  14.1697 -1.6985 -6.7211
X  0.9274 -0.3739 -0.0079
Y  0.3582  0.8820  0.3062
Z -0.1075 -0.2868  0.9519

PART 11
OFFSET  14.8884 -1.1333 -6.0383
X  0.9713 -0.0923  0.2192
Y  0.1385  0.9688 -0.2057
Z -0.1934  0.2302  0.9537

PART 12
OFFSET  16.9875 -1.2229 -5.5327
X  0.8664 -0.4972 -0.0467
Y  0.4986  0.8559  0.1370
Z -0.0281 -0.1420  0.9895

PART 13
OFFSET  18.3532 -2.0926 -5.5055
X  0.9708 -0.1229  0.2060
Y  0.1388  0.9882 -0.0644
Z -0.1956  0.0911  0.9764

PART 14
OFFSET  19.3965 -2.2045 -5.2392
X  0.8709  0.0544 -0.4885
Y -0.4535 -0.2939 -0.8414
Z -0.1893  0.9543 -0.2313

PART 15
OFFSET  14.5492 -3.0173 -6.8633
X  0.6318 -0.7699 -0.0899
Y -0.1894 -0.2658  0.9453
Z -0.7517 -0.5802 -0.3137

PART 16
OFFSET  16.0550 -4.6952 -6.9036
X  0.3451 -0.3370  0.8760
Y -0.3425  0.8237  0.4518
Z -0.8738 -0.4559  0.1689

PART 17
OFFSET  16.5436 -5.1723 -5.6634
X  0.0463  0.3093  0.9498
Y -0.5299  0.8137 -0.2391
Z -0.8468 -0.4922  0.2016

PART 18
OFFSET  16.5847 -4.8981 -4.8213
X -0.0528  0.4616  0.8855
Y -0.4707  0.7706 -0.4298
Z -0.8807 -0.4395  0.1766

PART 19
OFFSET  16.5345 -4.4595 -3.9800
X  0.4632 -0.7733 -0.4330
Y -0.4326  0.2291 -0.8720
Z  0.7735  0.5913 -0.2284

PART 20
OFFSET  15.0063 -2.4733 -6.7944
X  0.7719 -0.6284 -0.0958
Y -0.1421 -0.3175  0.9375
Z -0.6196 -0.7101 -0.3344

PART 21
OFFSET  16.9669 -4.1612 -7.0499
X  0.3364 -0.6422  0.6888
Y -0.3064  0.6169  0.7249
Z -0.8905 -0.4549  0.0107

PART 22
OFFSET  17.5396 -5.2546 -5.8773
X -0.1490  0.3192  0.9359
Y -0.4550  0.8182 -0.3515
Z -0.8779 -0.4782  0.0233

PART 23
OFFSET  17.3331 -4.8122 -4.5802
X -0.2531  0.4933  0.8322
Y -0.4074  0.7259 -0.5542
Z -0.8775 -0.4793  0.0172

PART 24
OFFSET  17.0586 -4.2772 -3.6777
X  0.3969 -0.8424 -0.3644
Y -0.1506  0.3319 -0.9312
Z  0.9054  0.4245  0.0049

PART 25
OFFSET  17.5399 -1.6045 -5.7491
X  0.7734 -0.6022  0.1980
Y  0.3862  0.1999 -0.9005
Z  0.5027  0.7729  0.3872

PART 26
OFFSET  18.0936 -2.3837 -6.8747
X  0.5544 -0.8275  0.0883
Y -0.2242 -0.0464  0.9734
Z -0.8014 -0.5595 -0.2113

PART 27
OFFSET  19.0698 -3.8406 -6.7192
X  0.0730 -0.5819  0.8099
Y -0.6020  0.6218  0.5010
Z -0.7952 -0.5241 -0.3049

PART 28
OFFSET  19.2068 -4.5162 -5.7161
X -0.3038  0.0960  0.9479
Y -0.5281  0.8111 -0.2515
Z -0.7930 -0.5770 -0.1957

PART 29
OFFSET  18.8636 -4.4078 -4.6454
X  0.3526 -0.9258 -0.1366
Y  0.2352  0.2290 -0.9446
Z  0.9057  0.3009  0.2985

PART 30
OFFSET  17.5868 -3.3521 -7.0353
X  0.4613 -0.7487  0.4760
Y -0.3992  0.3040  0.8650
Z -0.7924 -0.5890 -0.1587

PART 31
OFFSET  18.4880 -4.8148 -6.1054
X -0.2466  0.0806  0.9657
Y -0.5160  0.8326 -0.2013
Z -0.8203 -0.5480 -0.1638

PART 32
OFFSET  18.1277 -4.6971 -4.6948
X -0.4027  0.3266  0.8551
Y -0.3727  0.7947 -0.4791
Z -0.8360 -0.5116 -0.1983

PART 33
OFFSET  17.6659 -4.3313 -3.7274
X  0.6003 -0.7254 -0.3370
Y -0.0882  0.3587 -0.9293
Z  0.7949  0.5875  0.1513

PART 34
OFFSET  16.3272 -3.6246 -5.4568
X -0.6642 -0.6917 -0.2834
Y  0.1075  0.2868 -0.9519
Z  0.7398 -0.6628 -0.1161

PART 35
OFFSET  14.4968  0.3507 -7.3523
X  0.4990 -0.7635  0.4100
Y  0.3499  0.6103  0.7107
Z -0.7928 -0.2112  0.5717

PART 36
OFFSET  13.9147 -0.2976 -8.7926
X  0.4990 -0.7635  0.4100
Y  0.3499  0.6103  0.7107
Z -0.7928 -0.2112  0.5717

PART 37
OFFSET  12.6849 -0.6654 -5.7964
X  0.4990 -0.7635  0.4100
Y  0.3499  0.6103  0.7107
Z -0.7928 -0.2112  0.5717

PART 38
OFFSET  12.0128 -1.4373 -6.6704
X  0.4990 -0.7635  0.4100
Y  0.3499  0.6103  0.7107
Z -0.7928 -0.2112  0.5717

PART 39
OFFSET  12.3855 -1.3031 -7.8013
X  0.4990 -0.7635  0.4100
Y  0.3499  0.6103  0.7107
Z -0.7928 -0.2112  0.5717

PART 40
OFFSET  9.9326 -3.3540 -6.0741
X  0.9999  0.0111  0.0077
Y -0.0108  0.9993 -0.0348
Z -0.0081  0.0347  0.9994

PART 41
OFFSET  9.9326 -3.3540 -6.0741
X  0.9999  0.0111  0.0077
Y -0.0108  0.9993 -0.0348
Z -0.0081  0.0347  0.9994

PART 42
OFFSET  12.4306 -4.0070 -4.4043
X  0.9999  0.0111  0.0077
Y -0.0108  0.9993 -0.0348
Z -0.0081  0.0347  0.9994

PART 43
OFFSET  16.9992 -3.1660 -2.8653
X  0.9999  0.0111  0.0077
Y -0.0063  0.8884 -0.4589
Z -0.0119  0.4588  0.8884

PART 44
OFFSET  12.0448 -3.1966 -2.2057
X  0.9999  0.0111  0.0077
Y -0.0108  0.9993 -0.0348
Z -0.0081  0.0347  0.9994

PART 45
OFFSET  7.7561 -3.2105 -1.2721
X  0.9999  0.0111  0.0077
Y -0.0108  0.9993 -0.0348
Z -0.0081  0.0347  0.9994

PART 46
OFFSET  10.2433  1.3251 -5.7436
X  0.9999  0.0111  0.0077
Y -0.0108  0.9993 -0.0348
Z -0.0081  0.0347  0.9994

PART 47
OFFSET  9.9091 -3.2912 -3.0996
X -0.0119  0.9926  0.1209
Y -0.9999 -0.0111 -0.0077
Z -0.0063 -0.1210  0.9926

PART 48
OFFSET  9.9035 -2.8284 -3.0432
X -0.0121  0.9923  0.1230
Y -0.9999 -0.0112 -0.0077
Z -0.0063 -0.1231  0.9924

PART 49
OFFSET  9.8978 -2.3658 -2.9859
X -0.0120  0.9940  0.1084
Y -0.9999 -0.0112 -0.0077
Z -0.0065 -0.1085  0.9941

PART 50
OFFSET  9.8922 -1.9024 -2.9354
X -0.0115  0.9984  0.0551
Y -0.9999 -0.0111 -0.0077
Z -0.0071 -0.0552  0.9984

PART 51
OFFSET  9.8869 -1.4370 -2.9097
X -0.0106  0.9968 -0.0787
Y -0.9999 -0.0113 -0.0080
Z -0.0089  0.0786  0.9969

PART 52
OFFSET  9.8819 -0.9722 -2.9464
X -0.0065  0.8878 -0.4602
Y -0.9999 -0.0115 -0.0080
Z -0.0123  0.4601  0.8878

PART 53
OFFSET  9.8792 -0.5980 -3.1403
X  0.0025  0.4229 -0.9062
Y -0.9999 -0.0115 -0.0081
Z -0.0138  0.9061  0.4228

PART 54
OFFSET  9.8803 -0.3998 -3.5649
X  0.0073  0.0636 -0.9979
Y -0.9999 -0.0127 -0.0082
Z -0.0132  0.9979  0.0635

PART 55
OFFSET  9.8838 -0.3702 -4.0302
X  0.0088 -0.0434 -0.9990
Y -0.9999 -0.0098 -0.0084
Z -0.0094  0.9990 -0.0435

PART 56
OFFSET  9.8879 -0.3904 -4.4959
X  0.0086 -0.0438 -0.9990
Y -0.9999 -0.0115 -0.0081
Z -0.0111  0.9990 -0.0439

PART 57
OFFSET  9.8919 -0.4108 -4.9616
X  0.0086 -0.0438 -0.9990
Y -0.9999 -0.0114 -0.0081
Z -0.0110  0.9990 -0.0439

PART 58
OFFSET  9.8959 -0.4313 -5.4273
X  0.0086 -0.0437 -0.9990
Y -0.9999 -0.0114 -0.0081
Z -0.0110  0.9990 -0.0438

PART 59
OFFSET  25.9341 -1.8090 -4.4784
X  0.0029  0.3796 -0.9251
Y  0.0566  0.9236  0.3791
Z  0.9984 -0.0535 -0.0188

PART 60
OFFSET  25.9626 -4.4372 -4.3869
X -0.0118  0.4429  0.8965
Y -0.0763  0.8936 -0.4424
Z -0.9970 -0.0736  0.0232

PART 61
OFFSET -6.5551 -7.9373 -5.5857
X -0.4693  0.1812  0.8643
Y -0.1673 -0.9792  0.1145
Z  0.8671 -0.0909  0.4899

PART 62
OFFSET -0.8797 -10.1290 -16.0379
X -0.5365 -0.4577 -0.7090
Y  0.7895  0.0245 -0.6132
Z  0.2980 -0.8888  0.3482

PART 63
OFFSET  3.6837 -6.2365 -10.0075
X -0.5365 -0.4577 -0.7090
Y  0.8285 -0.1262 -0.5455
Z  0.1602 -0.8801  0.4469

PART 64
OFFSET  3.5089 -4.5447 -8.9383
X -0.5421 -0.4551 -0.7063
Y -0.3079  0.8897 -0.3370
Z  0.7818  0.0348 -0.6225

PART 65
OFFSET  3.1201 -4.8904 -7.8797
X -0.5421 -0.4551 -0.7063
Y -0.3079  0.8897 -0.3370
Z  0.7818  0.0348 -0.6225

PART 66
OFFSET  3.8480 -6.0900 -7.5164
X -0.5421 -0.4551 -0.7063
Y -0.3079  0.8897 -0.3370
Z  0.7818  0.0348 -0.6225

PART 67
OFFSET  5.3285 -4.8334 -7.8339
X -0.9678 -0.0361 -0.2492
Y  0.2518 -0.1386 -0.9578
Z  0.0000 -0.9897  0.1432

PART 68
OFFSET  5.5208 -4.2771 -6.8563
X -0.6026 -0.6722 -0.4301
Y  0.5032  0.0982 -0.8585
Z  0.6194 -0.7338  0.2791

PART 69
OFFSET  6.7365 -2.7955 -5.8580
X -0.9134 -0.3704  0.1687
Y  0.0219 -0.4585 -0.8884
Z  0.4064 -0.8078  0.4270

PART 70
OFFSET  8.1669 -2.1346 -6.2311
X -0.6213 -0.0704  0.7804
Y -0.5847 -0.6215 -0.5215
Z  0.5217 -0.7803  0.3450

PART 71
OFFSET  8.8249 -2.0122 -7.0819
X -0.9142  0.3212  0.2470
Y  0.1375  0.8193 -0.5566
Z -0.3812 -0.4749 -0.7932

PART 72
OFFSET  6.4171 -4.7512 -8.6776
X -0.9594 -0.0069  0.2818
Y  0.0610 -0.9811  0.1836
Z  0.2752  0.1934  0.9417

PART 73
OFFSET  8.6054 -4.5871 -9.1961
X -0.5985 -0.7815 -0.1763
Y  0.7909 -0.5413 -0.2855
Z  0.1277 -0.3103  0.9420

PART 74
OFFSET  9.4527 -3.4806 -8.9464
X  0.4320 -0.8372 -0.3355
Y  0.8985  0.4316  0.0799
Z  0.0779 -0.3360  0.9386

PART 75
OFFSET  9.0696 -2.7383 -8.6489
X  0.8718 -0.4179 -0.2556
Y  0.4712  0.8580  0.2046
Z  0.1338 -0.2988  0.9449

PART 76
OFFSET  8.2414 -2.3413 -8.4061
X -0.9820 -0.1757 -0.0696
Y -0.1883  0.8789  0.4383
Z -0.0159  0.4435 -0.8961

PART 77
OFFSET  6.4625 -4.7894 -7.9662
X -0.9993 -0.0017  0.0377
Y  0.0089 -0.9817  0.1901
Z  0.0367  0.1903  0.9810

PART 78
OFFSET  9.0508 -4.8348 -8.2058
X -0.6037 -0.7948  0.0622
Y  0.7479 -0.5916 -0.3011
Z  0.2761 -0.1352  0.9516

PART 79
OFFSET  10.0785 -3.4817 -8.3118
X  0.4889 -0.8322 -0.2617
Y  0.8346  0.5335 -0.1372
Z  0.2537 -0.1513  0.9554

PART 80
OFFSET  9.4010 -2.3283 -7.9491
X  0.9559 -0.1193 -0.2682
Y  0.1534  0.9820  0.1101
Z  0.2503 -0.1464  0.9570

PART 81
OFFSET  8.3643 -2.1990 -7.6582
X -0.8585 -0.4704  0.2040
Y -0.4331  0.8783  0.2027
Z -0.2745  0.0857 -0.9578

PART 82
OFFSET  1.0878 -5.3971 -7.9845
X -0.9593 -0.2823 -0.0095
Y -0.2714  0.9303 -0.2467
Z  0.0784 -0.2340 -0.9691

PART 83
OFFSET  8.9095 -4.9562 -6.0872
X -0.9803 -0.1585  0.1182
Y  0.1711 -0.9796  0.1052
Z  0.0991  0.1233  0.9874

PART 84
OFFSET  10.6354 -4.6772 -6.2953
X -0.4443 -0.8732  0.2003
Y  0.8909 -0.4542 -0.0037
Z  0.0942  0.1768  0.9797

PART 85
OFFSET  11.1812 -3.6049 -6.4792
X -0.3051 -0.9439  0.1261
Y  0.9489 -0.3126 -0.0441
Z  0.0810  0.1062  0.9910

PART 86
OFFSET  11.5258 -2.5387 -6.6216
X -0.7345  0.6193  0.2775
Y  0.5612  0.7842 -0.2649
Z -0.3816 -0.0388 -0.9235

PART 87
OFFSET  9.0795 -4.9328 -7.1786
X -0.6185 -0.7724  0.1447
Y  0.7667 -0.6335 -0.1043
Z  0.1722  0.0464  0.9840

PART 88
OFFSET  10.2878 -3.4239 -7.4612
X  0.4917 -0.8695 -0.0469
Y  0.8452  0.4895 -0.2145
Z  0.2095  0.0658  0.9756

PART 89
OFFSET  9.5696 -2.1539 -7.3927
X  0.9691 -0.0848 -0.2315
Y  0.0552  0.9898 -0.1313
Z  0.2403  0.1145  0.9639

PART 90
OFFSET  8.4703 -2.0580 -7.1374
X -0.7937 -0.5745  0.1998
Y -0.5620  0.8183  0.1203
Z -0.2326 -0.0168 -0.9724

PART 91
OFFSET  3.5301 -4.5789 -8.9329
X -0.5420 -0.4554 -0.7063
Y -0.3078  0.8896 -0.3373
Z  0.7819  0.0346 -0.6224

PART 92
OFFSET  3.1593 -4.9654 -7.8611
X -0.5420 -0.4554 -0.7063
Y -0.3078  0.8896 -0.3373
Z  0.7819  0.0346 -0.6224

PART 93
OFFSET  3.7782 -6.0921 -7.4616
X -0.5420 -0.4554 -0.7063
Y -0.3078  0.8896 -0.3373
Z  0.7819  0.0346 -0.6224

PART 94
OFFSET  0.0000 -0.0000 -0.0000
X  1.0000 -0.0000  0.0000
Y  0.0000  1.0000  0.0000
Z  0.0000 -0.0000  1.0000

PART 95
OFFSET -0.0000 -0.0000 -0.0000
X  0.9999 -0.0155 -0.0016
Y  0.0155  0.9999 -0.0034
Z  0.0017  0.0034  1.0000

PART 96
OFFSET  1.5470 -0.0099  4.1332
X  0.9999 -0.0155 -0.0016
Y  0.0155  0.9999 -0.0034
Z  0.0017  0.0034  1.0000


FRAME 303
PART 0
OFFSET  0.0000 -0.0000  0.0000
X  1.0000 -0.0000  0.0000
Y  0.0000  1.0000  0.0000
Z  0.0000 -0.0000  1.0000

PART 1
OFFSET -7.6810 -0.0000 -1.3770
X  1.0000  0.0000  0.0000
Y -0.0000  1.0000  0.0000
Z  0.0000 -0.0000  1.0000

PART 2
OFFSET -1.6489  5.2787 -5.1189
X  0.8330  0.1319 -0.5374
Y -0.0615 -0.9431 -0.3268
Z -0.5499  0.3052 -0.7775

PART 3
OFFSET  8.4250  6.8736 -11.6178
X  0.4978 -0.7326  0.4643
Y -0.8007 -0.1825  0.5705
Z -0.3332 -0.6558 -0.6774

PART 4
OFFSET  12.6589  0.6429 -7.6687
X  0.4978 -0.7326  0.4643
Y  0.7459  0.6347  0.2018
Z -0.4425  0.2459  0.8624

PART 5
OFFSET  14.5012  0.9586 -6.1378
X  0.5034 -0.7297  0.4628
Y  0.3433  0.6604  0.6679
Z -0.7929 -0.1774  0.5829

PART 6
OFFSET  13.9257 -0.3498 -8.4090
X  0.5034 -0.7297  0.4628
Y  0.3433  0.6604  0.6679
Z -0.7929 -0.1774  0.5829

PART 7
OFFSET  13.0183 -0.0281 -4.9793
X  0.5034 -0.7297  0.4628
Y  0.3433  0.6604  0.6679
Z -0.7929 -0.1774  0.5829

PART 8
OFFSET  12.3729 -1.0600 -6.1300
X  0.5034 -0.7297  0.4628
Y  0.3433  0.6604  0.6679
Z -0.7929 -0.1774  0.5829

PART 9
OFFSET  11.7906 -1.7910 -7.4798
X  0.5034 -0.7297  0.4628
Y  0.3433  0.6604  0.6679
Z -0.7929 -0.1774  0.5829

PART 10
OFFSET  14.1849 -1.6029 -6.2453
X  0.9312 -0.3637 -0.0237
Y  0.3570  0.8971  0.2602
Z -0.0734 -0.2508  0.9653

PART 11
OFFSET  14.9182 -1.0037 -5.6085
X  0.9789 -0.0730  0.1909
Y  0.1199  0.9615 -0.2473
Z -0.1655  0.2649  0.9500

PART 12
OFFSET  17.0333 -1.0505 -5.1685
X  0.8705 -0.4891 -0.0558
Y  0.4922  0.8660  0.0877
Z  0.0054 -0.1038  0.9946

PART 13
OFFSET  18.4098 -1.9034 -5.1523
X  0.9784 -0.1041  0.1788
Y  0.1245  0.9864 -0.1068
Z -0.1653  0.1268  0.9781

PART 14
OFFSET  19.4624 -1.9934 -4.9160
X  0.8540  0.0450 -0.5183
Y -0.4767 -0.3314 -0.8142
Z -0.2084  0.9424 -0.2616

PART 15
OFFSET  14.5758 -2.9220 -6.3489
X  0.6380 -0.7658 -0.0807
Y -0.1556 -0.2309  0.9605
Z -0.7542 -0.6002 -0.2665

PART 16
OFFSET  16.1000 -4.5835 -6.3737
X  0.3772 -0.2990  0.8766
Y -0.3378  0.8369  0.4308
Z -0.8624 -0.4586  0.2146

PART 17
OFFSET  16.6339 -5.0068 -5.1327
X  0.0731  0.3464  0.9352
Y -0.5472  0.7979 -0.2528
Z -0.8338 -0.4933  0.2478

PART 18
OFFSET  16.6987 -4.6997 -4.3034
X -0.0300  0.4950  0.8684
Y -0.4938  0.7480 -0.4434
Z -0.8691 -0.4421  0.2220

PART 19
OFFSET  16.6702 -4.2295 -3.4784
X  0.4586 -0.7842 -0.4179
Y -0.4633  0.1903 -0.8655
Z  0.7583  0.5906 -0.2761

PART 20
OFFSET  15.0281 -2.3707 -6.3160
X  0.7761 -0.6232 -0.0967
Y -0.1080 -0.2824  0.9532
Z -0.6213 -0.7293 -0.2865

PART 21
OFFSET  17.0002 -4.0455 -6.5699
X  0.3661 -0.6113  0.7016
Y -0.2906  0.6412  0.7102
Z -0.8840 -0.4639  0.0571

PART 22
OFFSET  17.6235 -5.0862 -5.3754
X -0.1229  0.3536  0.9273
Y -0.4760  0.7989 -0.3677
Z -0.8708 -0.4866  0.0701

PART 23
OFFSET  17.4531 -4.5961 -4.0902
X -0.2324  0.5224  0.8204
Y -0.4338  0.6993 -0.5682
