// Export filename: `C:\projects\cod\t5\xanim_export\t5_viewmodels\m60\m60_aimpoint_ads_up.XANIM_EXPORT`
// Source filename: `D:\projects\devanim\t5\animation_assets\viewmodels\m60\viewmodel_m60_animated.fbx`
// Export time: Thu Aug 05 16:48:58 2010

ANIMATION
VERSION 3

NUMPARTS 2
PART 0 "tag_view"
PART 1 "tag_torso"

FRAMERATE 30
NUMFRAMES 14

FRAME 2350
PART 0
OFFSET  0.0000 -0.0000 -0.0000
X  1.0000 -0.0000  0.0000
Y  0.0000  1.0000  0.0000
Z  0.0000 -0.0000  1.0000

PART 1
OFFSET -7.6810 -0.0000 -1.3770
X  1.0000  0.0000  0.0000
Y -0.0000  1.0000  0.0000
Z  0.0000 -0.0000  1.0000


FRAME 2351
PART 0
OFFSET  0.0000 -0.0000 -0.0000
X  1.0000 -0.0000  0.0000
Y  0.0000  1.0000  0.0000
Z  0.0000 -0.0000  1.0000

PART 1
OFFSET -7.9270  0.2237 -1.4114
X  1.0000 -0.0002 -0.0017
Y  0.0002  0.9996 -0.0293
Z  0.0017  0.0293  0.9996


FRAME 2352
PART 0
OFFSET  0.0000 -0.0000 -0.0000
X  1.0000 -0.0000  0.0000
Y  0.0000  1.0000  0.0000
Z  0.0000 -0.0000  1.0000

PART 1
OFFSET -8.1769  0.4449 -1.4392
X  1.0000 -0.0008 -0.0058
Y  0.0004  0.9980 -0.0627
Z  0.0058  0.0627  0.9980


FRAME 2353
PART 0
OFFSET  0.0000 -0.0000 -0.0000
X  1.0000 -0.0000  0.0000
Y  0.0000  1.0000  0.0000
Z  0.0000 -0.0000  1.0000

PART 1
OFFSET -8.4281  0.6698 -1.4516
X  0.9999 -0.0015 -0.0108
Y  0.0005  0.9956 -0.0939
Z  0.0109  0.0939  0.9955


FRAME 2354
PART 0
OFFSET  0.0000 -0.0000 -0.0000
X  1.0000 -0.0000  0.0000
Y  0.0000  1.0000  0.0000
Z  0.0000 -0.0000  1.0000

PART 1
OFFSET -8.6776  0.9051 -1.4444
X  0.9999 -0.0021 -0.0149
Y  0.0003  0.9931 -0.1170
Z  0.0150  0.1170  0.9930


FRAME 2355
PART 0
OFFSET  0.0000 -0.0000 -0.0000
X  1.0000 -0.0000  0.0000
Y  0.0000  1.0000  0.0000
Z  0.0000 -0.0000  1.0000

PART 1
OFFSET -8.9234  1.1575 -1.4094
X  0.9999 -0.0024 -0.0166
Y  0.0003  0.9920 -0.1261
Z  0.0168  0.1261  0.9919


FRAME 2356
PART 0
OFFSET  0.0000 -0.0000 -0.0000
X  1.0000 -0.0000  0.0000
Y  0.0000  1.0000  0.0000
Z  0.0000 -0.0000  1.0000

PART 1
OFFSET -9.1916  1.4554 -1.3428
X  0.9999 -0.0023 -0.0159
Y  0.0004  0.9927 -0.1207
Z  0.0160  0.1207  0.9926


FRAME 2357
PART 0
OFFSET  0.0000 -0.0000 -0.0000
X  1.0000 -0.0000  0.0000
Y  0.0000  1.0000  0.0000
Z  0.0000 -0.0000  1.0000

PART 1
OFFSET -9.4952  1.8049 -1.2516
X  0.9999 -0.0020 -0.0140
Y  0.0005  0.9943 -0.1065
Z  0.0141  0.1065  0.9942


FRAME 2358
PART 0
OFFSET  0.0000 -0.0000 -0.0000
X  1.0000 -0.0000  0.0000
Y  0.0000  1.0000  0.0000
Z  0.0000 -0.0000  1.0000

PART 1
OFFSET -9.8124  2.1783 -1.1452
X  0.9999 -0.0016 -0.0114
Y  0.0006  0.9963 -0.0863
Z  0.0115  0.0863  0.9962


FRAME 2359
PART 0
OFFSET  0.0000 -0.0000 -0.0000
X  1.0000 -0.0000  0.0000
Y  0.0000  1.0000  0.0000
Z  0.0000 -0.0000  1.0000

PART 1
OFFSET -10.1207  2.5477 -1.0347
X  1.0000 -0.0012 -0.0083
Y  0.0007  0.9980 -0.0632
Z  0.0084  0.0632  0.9980


FRAME 2360
PART 0
OFFSET  0.0000 -0.0000 -0.0000
X  1.0000 -0.0000  0.0000
Y  0.0000  1.0000  0.0000
Z  0.0000 -0.0000  1.0000

PART 1
OFFSET -10.3987  2.8842 -0.9297
X  1.0000 -0.0008 -0.0052
Y  0.0006  0.9992 -0.0400
Z  0.0053  0.0400  0.9992


FRAME 2361
PART 0
OFFSET  0.0000 -0.0000 -0.0000
X  1.0000 -0.0000  0.0000
Y  0.0000  1.0000  0.0000
Z  0.0000 -0.0000  1.0000

PART 1
OFFSET -10.6240  3.1592 -0.8413
X  1.0000 -0.0004 -0.0026
Y  0.0003  0.9998 -0.0198
Z  0.0026  0.0198  0.9998


FRAME 2362
PART 0
OFFSET  0.0000 -0.0000 -0.0000
X  1.0000 -0.0000  0.0000
Y  0.0000  1.0000  0.0000
Z  0.0000 -0.0000  1.0000

PART 1
OFFSET -10.7753  3.3449 -0.7800
X  1.0000 -0.0001 -0.0007
Y  0.0001  1.0000 -0.0054
Z  0.0007  0.0054  1.0000


FRAME 2363
PART 0
OFFSET  0.0000 -0.0000 -0.0000
X  1.0000 -0.0000  0.0000
Y  0.0000  1.0000  0.0000
Z  0.0000 -0.0000  1.0000

PART 1
OFFSET -10.8306  3.4132 -0.7572
X  1.0000  0.0000  0.0000
Y -0.0000  1.0000  0.0000
Z  0.0000 -0.0000  1.0000


NUMKEYS 0
