// Export filename: `C:\projects\cod\t5\xanim_export\t5_viewmodels\m60\m60_sprint_in.XANIM_EXPORT`
// Source filename: `D:\projects\devanim\t5\animation_assets\viewmodels\m60\viewmodel_m60_animated.fbx`
// Export time: Wed Jul 28 22:13:31 2010

ANIMATION
VERSION 3

NUMPARTS 97
PART 0 "tag_ads"
PART 1 "tag_torso"
PART 2 "J_Shoulder_LE"
PART 3 "J_Elbow_LE"
PART 4 "J_WristTwist_LE"
PART 5 "J_Sleave_Reshape_Bottom_LE_1"
PART 6 "J_Sleave_Reshape_Bottom_LE_2"
PART 7 "J_Sleave_Reshape_Top_LE_1"
PART 8 "J_Sleave_Reshape_Top_LE_2"
PART 9 "J_Sleave_Reshape_Top_LE_3"
PART 10 "J_Wrist_LE"
PART 11 "J_Thumb_LE_0"
PART 12 "J_Thumb_LE_1"
PART 13 "J_Thumb_LE_2"
PART 14 "J_Thumb_LE_3"
PART 15 "J_PinkyPalm_LE"
PART 16 "J_Pinky_LE_0"
PART 17 "J_Pinky_LE_1"
PART 18 "J_Pinky_LE_2"
PART 19 "J_Pinky_LE_3"
PART 20 "J_RingPalm_LE"
PART 21 "J_Ring_LE_0"
PART 22 "J_Ring_LE_1"
PART 23 "J_Ring_LE_2"
PART 24 "J_Ring_LE_3"
PART 25 "J_Webbing_LE"
PART 26 "J_Index_LE_0"
PART 27 "J_Index_LE_1"
PART 28 "J_Index_LE_2"
PART 29 "J_Index_LE_3"
PART 30 "J_Mid_LE_0"
PART 31 "J_Mid_LE_1"
PART 32 "J_Mid_LE_2"
PART 33 "J_Mid_LE_3"
PART 34 "tag_knife_attach"
PART 35 "D_Sleave_Reshape_Bottom_LE_1"
PART 36 "D_Sleave_Reshape_Bottom_LE_2"
PART 37 "D_Sleave_Reshape_Top_LE_1"
PART 38 "D_Sleave_Reshape_Top_LE_2"
PART 39 "D_Sleave_Reshape_Top_LE_3"
PART 40 "tag_weapon"
PART 41 "J_Gun"
PART 42 "J_Bolt"
PART 43 "J_Handle"
PART 44 "J_Reload_Cover"
PART 45 "TAG_IRON_SIGHTS"
PART 46 "TAG_CLIP"
PART 47 "J_Bullets0"
PART 48 "J_Bullets1"
PART 49 "J_Bullets2"
PART 50 "J_Bullets3"
PART 51 "J_Bullets4"
PART 52 "J_Bullets5"
PART 53 "J_Bullets6"
PART 54 "J_Bullets7"
PART 55 "J_Bullets8"
PART 56 "J_Bullets9"
PART 57 "J_Bullets10"
PART 58 "J_Bullets11"
PART 59 "J_Pod_Left"
PART 60 "J_Pod_Right"
PART 61 "J_Shoulder_RI"
PART 62 "J_Elbow_RI"
PART 63 "J_WristTwist_RI"
PART 64 "J_Sleave_Reshape_Top_RI_3"
PART 65 "J_Sleave_Reshape_Top_RI_2"
PART 66 "J_Sleave_Reshape_Top_RI_1"
PART 67 "J_Wrist_RI"
PART 68 "J_Thumb_RI_0"
PART 69 "J_Thumb_RI_1"
PART 70 "J_Thumb_RI_2"
PART 71 "J_Thumb_RI_3"
PART 72 "J_PinkyPalm_RI"
PART 73 "J_Pinky_RI_0"
PART 74 "J_Pinky_RI_1"
PART 75 "J_Pinky_RI_2"
PART 76 "J_Pinky_RI_3"
PART 77 "J_RingPalm_RI"
PART 78 "J_Ring_RI_0"
PART 79 "J_Ring_RI_1"
PART 80 "J_Ring_RI_2"
PART 81 "J_Ring_RI_3"
PART 82 "J_Webbing_RI"
PART 83 "J_Index_RI_0"
PART 84 "J_Index_RI_1"
PART 85 "J_Index_RI_2"
PART 86 "J_Index_RI_3"
PART 87 "J_Mid_RI_0"
PART 88 "J_Mid_RI_1"
PART 89 "J_Mid_RI_2"
PART 90 "J_Mid_RI_3"
PART 91 "D_Sleave_Reshape_Top_RI_3"
PART 92 "D_Sleave_Reshape_Top_RI_2"
PART 93 "D_Sleave_Reshape_Top_RI_1"
PART 94 "tag_cambone"
PART 95 "tag_camera"
PART 96 "tag_gasmask"

FRAMERATE 30
NUMFRAMES 11

FRAME 700
PART 0
OFFSET  0.0000 -0.0000 -0.0000
X  1.0000 -0.0000  0.0000
Y  0.0000  1.0000  0.0000
Z  0.0000 -0.0000  1.0000

PART 1
OFFSET -7.6810 -0.0000 -1.3770
X  1.0000 -0.0000  0.0000
Y  0.0000  1.0000  0.0000
Z  0.0000 -0.0000  1.0000

PART 2
OFFSET -1.6489  5.2787 -5.1189
X  0.8341  0.1877 -0.5187
Y -0.0946 -0.8777 -0.4698
Z -0.5434  0.4409 -0.7143

PART 3
OFFSET  8.4388  7.5490 -11.3916
X  0.4938 -0.8061  0.3261
Y -0.7923 -0.2626  0.5508
Z -0.3584 -0.5303 -0.7683

PART 4
OFFSET  12.6391  0.6927 -8.6182
X  0.4938 -0.8061  0.3261
Y  0.7157  0.5898  0.3741
Z -0.4938  0.0487  0.8682

PART 5
OFFSET  14.5172  0.7255 -7.0985
X  0.4995 -0.8031  0.3249
Y  0.3596  0.5334  0.7656
Z -0.7882 -0.2656  0.5552

PART 6
OFFSET  13.8736 -0.1826 -9.5416
X  0.4995 -0.8031  0.3249
Y  0.3596  0.5334  0.7656
Z -0.7882 -0.2656  0.5552

PART 7
OFFSET  13.0405 -0.4173 -6.0847
X  0.4995 -0.8031  0.3249
Y  0.3596  0.5334  0.7656
Z -0.7882 -0.2656  0.5552

PART 8
OFFSET  12.3532 -1.2352 -7.3748
X  0.4995 -0.8031  0.3249
Y  0.3596  0.5334  0.7656
Z -0.7882 -0.2656  0.5552

PART 9
OFFSET  11.7310 -1.7267 -8.8120
X  0.4995 -0.8031  0.3249
Y  0.3596  0.5334  0.7656
Z -0.7882 -0.2656  0.5552

PART 10
OFFSET  14.1531 -1.7785 -7.6186
X  0.9191 -0.3827  0.0938
Y  0.3222  0.8670  0.3800
Z -0.2268 -0.3190  0.9202

PART 11
OFFSET  14.7844 -1.2449 -6.8318
X  0.9359 -0.1097  0.3346
Y  0.1685  0.9739 -0.1519
Z -0.3092  0.1985  0.9300

PART 12
OFFSET  16.8037 -1.3734 -6.0732
X  0.8579 -0.5102  0.0604
Y  0.4917  0.8495  0.1913
Z -0.1489 -0.1344  0.9797

PART 13
OFFSET  18.1427 -2.2628 -5.8774
X  0.9489 -0.1393  0.2830
Y  0.1571  0.9867 -0.0410
Z -0.2736  0.0834  0.9582

PART 14
OFFSET  19.1591 -2.3928 -5.5281
X  0.9086  0.0470 -0.4150
Y -0.3872 -0.2782 -0.8790
Z -0.1568  0.9594 -0.2346

PART 15
OFFSET  14.5400 -3.0952 -7.7601
X  0.6337 -0.7726 -0.0385
Y -0.3071 -0.2969  0.9042
Z -0.7100 -0.5612 -0.4254

PART 16
OFFSET  16.0296 -4.7858 -7.6738
X  0.2313 -0.3712  0.8993
Y -0.3915  0.8107  0.4353
Z -0.8906 -0.4527  0.0422

PART 17
OFFSET  16.3570 -5.3114 -6.4006
X -0.0708  0.2750  0.9588
Y -0.4913  0.8270 -0.2735
Z -0.8681 -0.4904  0.0765

PART 18
OFFSET  16.2942 -5.0675 -5.5505
X -0.1625  0.4347  0.8858
Y -0.4083  0.7876 -0.4614
Z -0.8982 -0.4367  0.0495

PART 19
OFFSET  16.1398 -4.6546 -4.7089
X  0.5105 -0.7637 -0.3950
Y -0.3172  0.2597 -0.9121
Z  0.7992  0.5910 -0.1097

PART 20
OFFSET  14.9879 -2.5586 -7.6155
X  0.7743 -0.6324 -0.0219
Y -0.2595 -0.3489  0.9005
Z -0.5771 -0.6916 -0.4342

PART 21
OFFSET  16.9556 -4.2562 -7.6863
X  0.2444 -0.6694  0.7015
Y -0.3907  0.5942  0.7031
Z -0.8875 -0.4459 -0.1163

PART 22
OFFSET  17.3717 -5.3959 -6.4920
X -0.2615  0.2881  0.9212
Y -0.4053  0.8334 -0.3757
Z -0.8760 -0.4716 -0.1012

PART 23
OFFSET  17.0093 -4.9967 -5.2153
X -0.3527  0.4662  0.8113
Y -0.3320  0.7483 -0.5743
Z -0.8748 -0.4720 -0.1091

PART 24
OFFSET  16.6267 -4.4911 -4.3353
X  0.4356 -0.8326 -0.3421
Y -0.0320  0.3654 -0.9303
Z  0.8996  0.4162  0.1326

PART 25
OFFSET  17.3765 -1.7526 -6.2329
X  0.7394 -0.6165  0.2706
Y  0.4964  0.2277 -0.8377
Z  0.4548  0.7537  0.4744

PART 26
OFFSET  18.0617 -2.4972 -7.3085
X  0.5345 -0.8356  0.1266
Y -0.3439 -0.0782  0.9357
Z -0.7720 -0.5437 -0.3292

PART 27
OFFSET  19.0028 -3.9684 -7.0856
X -0.0293 -0.6095  0.7923
Y -0.6608  0.6065  0.4421
Z -0.7500 -0.5106 -0.4205

PART 28
OFFSET  19.0128 -4.6783 -6.0969
X -0.4170  0.0674  0.9064
Y -0.4927  0.8212 -0.2877
Z -0.7638 -0.5666 -0.3093

PART 29
OFFSET  18.5418 -4.6022 -5.0731
X  0.3657 -0.9227 -0.1223
Y  0.3488  0.2577 -0.9011
Z  0.8629  0.2869  0.4161

PART 30
OFFSET  17.5735 -3.4542 -7.5657
X  0.3943 -0.7696  0.5022
Y -0.5021  0.2773  0.8191
Z -0.7697 -0.5752 -0.2771

PART 31
OFFSET  18.3438 -4.9577 -6.5846
X -0.3614  0.0514  0.9310
Y -0.4768  0.8479 -0.2319
Z -0.8013 -0.5277 -0.2819

PART 32
OFFSET  17.8159 -4.8826 -5.2247
X -0.5028  0.3059  0.8085
Y -0.3053  0.8121 -0.4972
Z -0.8087 -0.4969 -0.3150

PART 33
OFFSET  17.2409 -4.5403 -4.3109
X  0.6323 -0.7215 -0.2822
Y  0.0294  0.3864 -0.9219
Z  0.7742  0.5746  0.2656

PART 34
OFFSET  16.1257 -3.7695 -6.1668
X -0.6276 -0.6746 -0.3885
Y  0.2268  0.3190 -0.9202
Z  0.7448 -0.6656 -0.0473

PART 35
OFFSET  14.4871  0.3196 -8.0555
X  0.4995 -0.8031  0.3249
Y  0.3683  0.5363  0.7594
Z -0.7841 -0.2597  0.5637

PART 36
OFFSET  13.8730 -0.1824 -9.5402
X  0.4995 -0.8031  0.3249
Y  0.3683  0.5363  0.7594
Z -0.7841 -0.2597  0.5637

PART 37
OFFSET  12.6949 -0.8288 -6.5705
X  0.4995 -0.8031  0.3249
Y  0.3683  0.5363  0.7594
Z -0.7841 -0.2597  0.5637

PART 38
OFFSET  11.9999 -1.5078 -7.5019
X  0.4995 -0.8031  0.3249
Y  0.3683  0.5363  0.7594
Z -0.7841 -0.2597  0.5637

PART 39
OFFSET  12.3531 -1.2678 -8.6214
X  0.4995 -0.8031  0.3249
Y  0.3683  0.5363  0.7594
Z -0.7841 -0.2597  0.5637

PART 40
OFFSET  9.9030 -3.4097 -6.3868
X  1.0000 -0.0000  0.0000
Y  0.0000  1.0000  0.0000
Z  0.0000 -0.0000  1.0000

PART 41
OFFSET  9.9030 -3.4097 -6.3868
X  1.0000 -0.0000  0.0000
Y  0.0000  1.0000  0.0000
Z  0.0000 -0.0000  1.0000

PART 42
OFFSET  12.4064 -4.1473 -4.7608
X  1.0000 -0.0000  0.0000
Y  0.0000  1.0000  0.0000
Z -0.0000 -0.0000  1.0000

PART 43
OFFSET  16.9969 -3.3992 -3.2277
X  1.0000 -0.0000 -0.0000
Y  0.0000  0.9053 -0.4247
Z  0.0000  0.4247  0.9053

PART 44
OFFSET  12.0465 -3.4097 -2.5324
X  1.0000 -0.0000 -0.0000
Y  0.0000  1.0000 -0.0000
Z  0.0000  0.0000  1.0000

PART 45
OFFSET  7.7652 -3.4095 -1.5652
X  1.0000 -0.0000 -0.0000
Y  0.0000  1.0000 -0.0000
Z  0.0000  0.0000  1.0000

PART 46
OFFSET  10.2681  1.2515 -5.8968
X  1.0000  0.0000  0.0000
Y -0.0000  1.0000  0.0000
Z -0.0000 -0.0000  1.0000

PART 47
OFFSET  9.9030 -3.4500 -3.4118
X  0.0000  0.9879  0.1554
Y -1.0000  0.0000  0.0000
Z  0.0000 -0.1554  0.9879

PART 48
OFFSET  9.9030 -2.9895 -3.3393
X -0.0001  0.9875  0.1574
Y -1.0000 -0.0001  0.0000
Z  0.0000 -0.1574  0.9875

PART 49
OFFSET  9.9029 -2.5291 -3.2659
X -0.0001  0.9897  0.1429
Y -1.0000 -0.0001 -0.0000
Z -0.0000 -0.1429  0.9897

PART 50
OFFSET  9.9029 -2.0677 -3.1993
X -0.0000  0.9960  0.0898
Y -1.0000 -0.0000  0.0000
Z  0.0000 -0.0898  0.9960

PART 51
OFFSET  9.9029 -1.6034 -3.1574
X -0.0001  0.9990 -0.0439
Y -1.0000 -0.0001 -0.0003
Z -0.0003  0.0439  0.9990

PART 52
OFFSET  9.9028 -1.1377 -3.1778
X -0.0001  0.9033 -0.4290
Y -1.0000 -0.0003 -0.0002
Z -0.0003  0.4290  0.9033

PART 53
OFFSET  9.9028 -0.7568 -3.3587
X  0.0002  0.4542 -0.8909
Y -1.0000 -0.0003 -0.0003
Z -0.0004  0.8909  0.4542

PART 54
OFFSET  9.9028 -0.5440 -3.7762
X  0.0003  0.0982 -0.9952
Y -1.0000 -0.0003 -0.0003
Z -0.0003  0.9952  0.0982

PART 55
OFFSET  9.9030 -0.4982 -4.2401
X  0.0004 -0.0087 -1.0000
Y -1.0000 -0.0003 -0.0004
Z -0.0003  1.0000 -0.0087

PART 56
OFFSET  9.9031 -0.5023 -4.7063
X  0.0002 -0.0091 -1.0000
Y -1.0000 -0.0003 -0.0002
Z -0.0003  1.0000 -0.0091

PART 57
OFFSET  9.9032 -0.5066 -5.1724
X  0.0002 -0.0091 -1.0000
Y -1.0000 -0.0002 -0.0002
Z -0.0001  1.0000 -0.0091

PART 58
OFFSET  9.9033 -0.5109 -5.6386
X  0.0002 -0.0090 -1.0000
Y -1.0000 -0.0002 -0.0002
Z -0.0002  1.0000 -0.0090

PART 59
OFFSET  25.9325 -2.0945 -4.8678
X -0.0000  0.4115 -0.9114
Y  0.0698  0.9092  0.4105
Z  0.9976 -0.0636 -0.0287

PART 60
OFFSET  25.9325 -4.7244 -4.8678
X  0.0000  0.4115  0.9114
Y -0.0698  0.9092 -0.4105
Z -0.9976 -0.0636  0.0287

PART 61
OFFSET -6.5551 -7.9373 -5.6959
X -0.4471  0.1582  0.8804
Y -0.1653 -0.9819  0.0925
Z  0.8791 -0.1041  0.4651

PART 62
OFFSET -1.1481 -9.8501 -16.3434
X -0.5546 -0.4384 -0.7072
Y  0.7738  0.0407 -0.6321
Z  0.3059 -0.8979  0.3166

PART 63
OFFSET  3.5692 -6.1212 -10.3280
X -0.5546 -0.4384 -0.7072
Y  0.8156 -0.1180 -0.5664
Z  0.1649 -0.8910  0.4230

PART 64
OFFSET  3.4494 -4.5044 -9.2025
X -0.5602 -0.4360 -0.7044
Y -0.3177  0.8984 -0.3034
Z  0.7650  0.0538 -0.6417

PART 65
OFFSET  3.1091 -4.9295 -8.1291
X -0.5602 -0.4360 -0.7044
Y -0.3177  0.8984 -0.3034
Z  0.7650  0.0538 -0.6417

PART 66
OFFSET  3.7068 -6.0467 -7.7650
X -0.5602 -0.4360 -0.7044
Y -0.3177  0.8984 -0.3034
Z  0.7650  0.0538 -0.6417

PART 67
OFFSET  5.2695 -4.7772 -8.1598
X -0.9700 -0.0169 -0.2425
Y  0.2429 -0.1079 -0.9640
Z -0.0099 -0.9940  0.1088

PART 68
OFFSET  5.4755 -4.2573 -7.1651
X -0.6095 -0.6748 -0.4161
Y  0.5217  0.0537 -0.8514
Z  0.5969 -0.7360  0.3193

PART 69
OFFSET  6.7055 -2.7655 -6.2001
X -0.9243 -0.3212  0.2062
Y -0.0161 -0.5070 -0.8618
Z  0.3814 -0.7998  0.4635

PART 70
OFFSET  8.1539 -2.1876 -6.6363
X -0.5188  0.0825  0.8509
Y -0.6965 -0.6180 -0.3647
Z  0.4958 -0.7818  0.3781

PART 71
OFFSET  8.7042 -2.2306 -7.5676
X -0.8450  0.4358  0.3101
Y  0.1314  0.7312 -0.6694
Z -0.5184 -0.5249 -0.6751

PART 72
OFFSET  6.3524 -4.6776 -9.0089
X -0.9572 -0.0095  0.2893
Y  0.0536 -0.9880  0.1447
Z  0.2845  0.1540  0.9462

PART 73
OFFSET  8.5379 -4.5126 -9.5388
X -0.7519 -0.6463 -0.1301
Y  0.6447 -0.6798 -0.3495
Z  0.1374 -0.3467  0.9279

PART 74
OFFSET  9.6025 -3.5977 -9.3546
X  0.3059 -0.8773 -0.3697
Y  0.9484  0.3148  0.0375
Z  0.0835 -0.3621  0.9284

PART 75
OFFSET  9.3313 -2.8198 -9.0268
X  0.8405 -0.4562 -0.2923
Y  0.5224  0.8255  0.2138
Z  0.1437 -0.3324  0.9321

PART 76
OFFSET  8.5328 -2.3864 -8.7491
X -0.9916 -0.1212 -0.0454
Y -0.1283  0.8748  0.4673
Z -0.0169  0.4692 -0.8829

PART 77
OFFSET  6.4029 -4.7410 -8.2996
X -0.9989  0.0079  0.0457
Y -0.0007 -0.9877  0.1563
Z  0.0464  0.1561  0.9867

PART 78
OFFSET  8.9886 -4.8066 -8.5613
X -0.6562 -0.7458  0.1151
Y  0.6589 -0.6406 -0.3943
Z  0.3678 -0.1829  0.9118

PART 79
OFFSET  10.1058 -3.5369 -8.7573
X  0.4741 -0.8073 -0.3515
Y  0.8102  0.5563 -0.1848
Z  0.3447 -0.1972  0.9178

PART 80
OFFSET  9.4487 -2.4181 -8.2701
X  0.8657 -0.3252 -0.3806
Y  0.3758  0.9244  0.0651
Z  0.3307 -0.1994  0.9224

PART 81
OFFSET  8.5099 -2.0654 -7.8573
X -0.9077 -0.2714  0.3200
Y -0.2028  0.9514  0.2318
Z -0.3674  0.1455 -0.9186

PART 82
OFFSET  1.0217 -5.2891 -8.2956
X -0.9624 -0.2714 -0.0115
Y -0.2629  0.9412 -0.2122
Z  0.0684 -0.2012 -0.9772

PART 83
OFFSET  8.8623 -4.9994 -6.4474
X -0.9855 -0.1680  0.0218
Y  0.1692 -0.9707  0.1707
Z -0.0075  0.1720  0.9851

PART 84
OFFSET  10.5975 -4.7036 -6.4857
X -0.3373 -0.9185  0.2064
Y  0.9413 -0.3263  0.0863
Z -0.0119  0.2234  0.9747

PART 85
OFFSET  11.0068 -3.5734 -6.6775
X -0.1470 -0.9780  0.1481
Y  0.9890 -0.1429  0.0383
Z -0.0163  0.1521  0.9882

PART 86
OFFSET  11.1728 -2.4688 -6.8448
X -0.8495  0.4901  0.1951
Y  0.4368  0.8609 -0.2607
Z -0.2957 -0.1362 -0.9455

PART 87
OFFSET  9.0241 -4.9400 -7.5386
X -0.5285 -0.8373  0.1401
Y  0.8243 -0.5456 -0.1510
Z  0.2029  0.0357  0.9785

PART 88
OFFSET  10.0566 -3.3043 -7.8123
X  0.6185 -0.7789 -0.1040
Y  0.7490  0.6244 -0.2218
Z  0.2377  0.0593  0.9695

PART 89
OFFSET  9.1532 -2.1666 -7.6605
X  0.9284 -0.3029 -0.2152
Y  0.2667  0.9465 -0.1818
Z  0.2587  0.1114  0.9595

PART 90
OFFSET  8.1000 -1.8237 -7.4237
X -0.8988 -0.3794  0.2198
Y -0.3732  0.9251  0.0709
Z -0.2302 -0.0183 -0.9730

PART 91
OFFSET  3.4443 -4.4931 -9.2059
X -0.5601 -0.4362 -0.7043
Y -0.3154  0.8984 -0.3055
Z  0.7660  0.0511 -0.6408

PART 92
OFFSET  3.1003 -4.9082 -8.1358
X -0.5601 -0.4362 -0.7043
Y -0.3154  0.8984 -0.3055
Z  0.7660  0.0511 -0.6408

PART 93
OFFSET  3.7279 -6.0452 -7.7823
X -0.5601 -0.4362 -0.7043
Y -0.3154  0.8984 -0.3055
Z  0.7660  0.0511 -0.6408

PART 94
OFFSET  0.0000 -0.0000 -0.0000
X  1.0000 -0.0000  0.0000
Y  0.0000  1.0000  0.0000
Z  0.0000 -0.0000  1.0000

PART 95
OFFSET  0.0000 -0.0000 -0.0000
X  1.0000 -0.0000  0.0000
Y  0.0000  1.0000  0.0000
Z  0.0000 -0.0000  1.0000

PART 96
OFFSET  1.5404 -0.0000  4.1357
X  1.0000 -0.0000  0.0000
Y  0.0000  1.0000  0.0000
Z  0.0000 -0.0000  1.0000


FRAME 701
PART 0
OFFSET  0.0000 -0.0000 -0.0000
X  1.0000 -0.0000  0.0000
Y  0.0000  1.0000  0.0000
Z  0.0000 -0.0000  1.0000

PART 1
OFFSET -7.6810 -0.0000 -1.3770
X  1.0000 -0.0000  0.0000
Y  0.0000  1.0000  0.0000
Z  0.0000 -0.0000  1.0000

PART 2
OFFSET -1.6489  5.2787 -5.1189
X  0.8269  0.2017 -0.5249
Y -0.0892 -0.8746 -0.4766
Z -0.5552  0.4410 -0.7052

PART 3
OFFSET  8.3519  7.7179 -11.4668
X  0.4894 -0.8089  0.3259
Y -0.7944 -0.2593  0.5492
Z -0.3598 -0.5276 -0.7695

PART 4
OFFSET  12.5141  0.8378 -8.6951
X  0.4894 -0.8089  0.3259
Y  0.7308  0.5843  0.3529
Z -0.4758  0.0655  0.8771

PART 5
OFFSET  14.3899  0.8595 -7.1724
X  0.4950 -0.8059  0.3247
Y  0.3610  0.5307  0.7668
Z -0.7903 -0.2624  0.5536

PART 6
OFFSET  13.7457 -0.0425 -9.6176
X  0.4950 -0.8059  0.3247
Y  0.3610  0.5307  0.7668
Z -0.7903 -0.2624  0.5536

PART 7
OFFSET  12.9060 -0.2772 -6.1623
X  0.4950 -0.8059  0.3247
Y  0.3610  0.5307  0.7668
Z -0.7903 -0.2624  0.5536

PART 8
OFFSET  12.2168 -1.0902 -7.4545
X  0.4950 -0.8059  0.3247
Y  0.3610  0.5307  0.7668
Z -0.7903 -0.2624  0.5536

PART 9
OFFSET  11.5945 -1.5769 -8.8933
X  0.4950 -0.8059  0.3247
Y  0.3610  0.5307  0.7668
Z -0.7903 -0.2624  0.5536

PART 10
OFFSET  14.0144 -1.6420 -7.6961
X  0.9265 -0.3647  0.0930
Y  0.3101  0.8797  0.3606
Z -0.2134 -0.3053  0.9281

PART 11
OFFSET  14.6428 -1.0825 -6.9252
X  0.9405 -0.0869  0.3284
Y  0.1500  0.9736 -0.1718
Z -0.3049  0.2109  0.9288

PART 12
OFFSET  16.6703 -1.1612 -6.1819
X  0.8673 -0.4939  0.0626
Y  0.4782  0.8615  0.1708
Z -0.1383 -0.1182  0.9833

PART 13
OFFSET  18.0264 -2.0231 -5.9809
X  0.9536 -0.1172  0.2773
Y  0.1393  0.9884 -0.0611
Z -0.2669  0.0969  0.9588

PART 14
OFFSET  19.0478 -2.1287 -5.6381
X  0.9041  0.0549 -0.4238
Y -0.3896 -0.3017 -0.8702
Z -0.1756  0.9518 -0.2514

PART 15
OFFSET  14.4232 -2.9542 -7.8159
X  0.6469 -0.7620 -0.0293
Y -0.2942 -0.2849  0.9123
Z -0.7036 -0.5815 -0.4085

PART 16
OFFSET  15.9430 -4.6166 -7.7105
X  0.2453 -0.3498  0.9041
Y -0.4020  0.8119  0.4232
Z -0.8821 -0.4673  0.0586

PART 17
OFFSET  16.2903 -5.1119 -6.4305
X -0.0676  0.2921  0.9540
Y -0.5080  0.8129 -0.2849
Z -0.8587 -0.5039  0.0934

PART 18
OFFSET  16.2304 -4.8529 -5.5846
X -0.1627  0.4487  0.8788
Y -0.4260  0.7714 -0.4727
Z -0.8900 -0.4513  0.0656

PART 19
OFFSET  16.0758 -4.4267 -4.7498
X  0.5206 -0.7622 -0.3848
Y -0.3294  0.2366 -0.9141
Z  0.7877  0.6026 -0.1278

PART 20
OFFSET  14.8628 -2.4072 -7.6854
X  0.7851 -0.6191 -0.0166
Y -0.2457 -0.3360  0.9092
Z -0.5685 -0.7098 -0.4159

PART 21
OFFSET  16.8594 -4.0713 -7.7412
X  0.2620 -0.6515  0.7120
Y -0.3951  0.6006  0.6951
Z -0.8805 -0.4635 -0.1000

PART 22
OFFSET  17.3055 -5.1805 -6.5291
X -0.2588  0.3011  0.9178
Y -0.4230  0.8189 -0.3879
Z -0.8684 -0.4886 -0.0846

PART 23
OFFSET  16.9468 -4.7632 -5.2571
X -0.3540  0.4754  0.8054
Y -0.3500  0.7312 -0.5855
Z -0.8673 -0.4892 -0.0925

PART 24
OFFSET  16.5629 -4.2476 -4.3836
X  0.4473 -0.8313 -0.3300
Y -0.0462  0.3469 -0.9367
Z  0.8932  0.4343  0.1168

PART 25
OFFSET  17.2483 -1.5333 -6.3393
X  0.7524 -0.5982  0.2758
Y  0.4853  0.2202 -0.8462
Z  0.4454  0.7705  0.4560

PART 26
OFFSET  17.9375 -2.2863 -7.4065
X  0.5502 -0.8236  0.1378
Y -0.3346 -0.0663  0.9400
Z -0.7651 -0.5633 -0.3121

PART 27
OFFSET  18.9062 -3.7364 -7.1639
X -0.0119 -0.5946  0.8039
Y -0.6677  0.6032  0.4363
Z -0.7444 -0.5316 -0.4041

PART 28
OFFSET  18.9370 -4.4269 -6.1620
X -0.4105  0.0774  0.9086
Y -0.5095  0.8069 -0.2990
Z -0.7562 -0.5856 -0.2918

PART 29
OFFSET  18.4733 -4.3394 -5.1358
X  0.3809 -0.9183 -0.1079
Y  0.3366  0.2464 -0.9088
Z  0.8612  0.3098  0.4030

PART 30
OFFSET  17.4640 -3.2565 -7.6412
X  0.4120 -0.7529  0.5133
Y -0.5000  0.2841  0.8181
Z -0.7617 -0.5937 -0.2594

PART 31
OFFSET  18.2689 -4.7272 -6.6385
X -0.3544  0.0629  0.9330
Y -0.4936  0.8348 -0.2438
Z -0.7942 -0.5469 -0.2648

PART 32
OFFSET  17.7513 -4.6353 -5.2757
X -0.5013  0.3125  0.8069
Y -0.3238  0.7970 -0.5098
Z -0.8024 -0.5168 -0.2984

PART 33
OFFSET  17.1780 -4.2856 -4.3636
X  0.6425 -0.7156 -0.2740
Y  0.0149  0.3691 -0.9293
Z  0.7661  0.5930  0.2478

PART 34
OFFSET  16.0339 -3.5701 -6.2240
X -0.6189 -0.6928 -0.3702
Y  0.2134  0.3053 -0.9281
Z  0.7560 -0.6533 -0.0411

PART 35
OFFSET  14.3593  0.4550 -8.1299
X  0.4951 -0.8059  0.3247
Y  0.3697  0.5336  0.7606
Z -0.7862 -0.2565  0.5622

PART 36
OFFSET  13.7451 -0.0422 -9.6162
X  0.4951 -0.8059  0.3247
Y  0.3697  0.5336  0.7606
Z -0.7862 -0.2565  0.5622

PART 37
OFFSET  12.5591 -0.6865 -6.6491
X  0.4951 -0.8059  0.3247
Y  0.3697  0.5336  0.7606
Z -0.7862 -0.2565  0.5622

PART 38
OFFSET  11.8624 -1.3609 -7.5825
X  0.4951 -0.8059  0.3247
Y  0.3697  0.5336  0.7606
Z -0.7862 -0.2565  0.5622

PART 39
OFFSET  12.2185 -1.1213 -8.7012
X  0.4951 -0.8059  0.3247
Y  0.3697  0.5336  0.7606
Z -0.7862 -0.2565  0.5622

PART 40
OFFSET  9.8041 -3.3233 -6.3965
X  0.9998  0.0175 -0.0087
Y -0.0176  0.9997 -0.0190
Z  0.0084  0.0192  0.9998

PART 41
OFFSET  9.8041 -3.3233 -6.3965
X  0.9998  0.0175 -0.0087
Y -0.0176  0.9997 -0.0190
Z  0.0084  0.0192  0.9998

PART 42
OFFSET  12.3337 -3.9858 -4.7787
X  0.9998  0.0175 -0.0087
Y -0.0176  0.9997 -0.0190
Z  0.0084  0.0192  0.9998

PART 43
OFFSET  16.9231 -3.1284 -3.3002
X  0.9998  0.0175 -0.0087
Y -0.0195  0.8969 -0.4418
Z  0.0001  0.4419  0.8971

PART 44
OFFSET  11.9796 -3.2120 -2.5616
X  0.9998  0.0174 -0.0087
Y -0.0176  0.9997 -0.0190
Z  0.0084  0.0192  0.9998

PART 45
OFFSET  7.7073 -3.2681 -1.5572
X  0.9998  0.0174 -0.0087
Y -0.0176  0.9997 -0.0190
Z  0.0084  0.0192  0.9998

PART 46
OFFSET  10.0912  1.3521 -5.9983
X  0.9998  0.0175 -0.0087
Y -0.0176  0.9997 -0.0190
Z  0.0084  0.0192  0.9998

PART 47
OFFSET  9.8298 -3.3066 -3.4213
X -0.0161  0.9905  0.1366
Y -0.9998 -0.0175  0.0087
Z  0.0110 -0.1364  0.9906

PART 48
OFFSET  9.8223 -2.8448 -3.3576
X -0.0162  0.9902  0.1386
Y -0.9998 -0.0176  0.0087
Z  0.0111 -0.1385  0.9903

PART 49
OFFSET  9.8147 -2.3832 -3.2930
X -0.0163  0.9921  0.1241
Y -0.9998 -0.0176  0.0087
Z  0.0108 -0.1239  0.9922

PART 50
OFFSET  9.8071 -1.9206 -3.2352
X -0.0168  0.9973  0.0709
Y -0.9998 -0.0175  0.0087
Z  0.0099 -0.0707  0.9974

PART 51
OFFSET  9.7993 -1.4557 -3.2021
X -0.0181  0.9979 -0.0629
Y -0.9998 -0.0176  0.0085
Z  0.0074  0.0630  0.9980

PART 52
OFFSET  9.7909 -0.9905 -3.2314
X -0.0197  0.8948 -0.4461
Y -0.9998 -0.0177  0.0085
Z -0.0003  0.4462  0.8950

PART 53
OFFSET  9.7826 -0.6133 -3.4194
X -0.0153  0.4369 -0.8994
Y -0.9998 -0.0177  0.0084
Z -0.0123  0.8993  0.4371

PART 54
OFFSET  9.7754 -0.4086 -3.8408
X -0.0098  0.0792 -0.9968
Y -0.9998 -0.0177  0.0084
Z -0.0170  0.9967  0.0793

PART 55
OFFSET  9.7708 -0.3716 -4.3055
X -0.0078 -0.0279 -0.9996
Y -0.9998 -0.0177  0.0083
Z -0.0180  0.9995 -0.0277

PART 56
OFFSET  9.7671 -0.3846 -4.7715
X -0.0080 -0.0283 -0.9996
Y -0.9998 -0.0177  0.0085
Z -0.0180  0.9994 -0.0281

PART 57
OFFSET  9.7634 -0.3979 -5.2374
X -0.0080 -0.0283 -0.9996
Y -0.9998 -0.0176  0.0085
Z -0.0178  0.9994 -0.0281

PART 58
OFFSET  9.7597 -0.4110 -5.7035
X -0.0080 -0.0282 -0.9996
Y -0.9998 -0.0176  0.0085
Z -0.0179  0.9994 -0.0280

PART 59
OFFSET  25.8202 -1.6996 -5.0427
X -0.0149  0.3939 -0.9190
Y  0.0572  0.9180  0.3925
Z  0.9983 -0.0467 -0.0362

PART 60
OFFSET  25.8665 -4.3286 -4.9928
X  0.0004  0.4288  0.9034
Y -0.0892  0.8998 -0.4271
Z -0.9960 -0.0804  0.0386

PART 61
OFFSET -6.5551 -7.9373 -5.6959
X -0.4455  0.1589  0.8811
Y -0.1671 -0.9816  0.0926
Z  0.8796 -0.1059  0.4638

PART 62
OFFSET -1.1675 -9.8595 -16.3515
X -0.5486 -0.4368 -0.7129
Y  0.7786  0.0437 -0.6260
Z  0.3046 -0.8985  0.3161

PART 63
OFFSET  3.4988 -6.1443 -10.2881
X -0.5486 -0.4368 -0.7129
Y  0.8194 -0.1116 -0.5622
Z  0.1660 -0.8926  0.4192

PART 64
OFFSET  3.3684 -4.5312 -9.1584
X -0.5542 -0.4344 -0.7100
Y -0.3165  0.8989 -0.3029
Z  0.7699  0.0568 -0.6357

PART 65
OFFSET  3.0204 -4.9602 -8.0890
X -0.5542 -0.4344 -0.7100
Y -0.3165  0.8989 -0.3029
Z  0.7699  0.0568 -0.6357

PART 66
OFFSET  3.6166 -6.0779 -7.7239
X -0.5542 -0.4344 -0.7100
Y -0.3165  0.8989 -0.3029
Z  0.7699  0.0568 -0.6357

PART 67
OFFSET  5.1807 -4.8051 -8.1026
X -0.9716 -0.0385 -0.2337
Y  0.2366 -0.1221 -0.9639
Z  0.0085 -0.9918  0.1278

PART 68
OFFSET  5.3859 -4.2628 -7.1198
X -0.6010 -0.6932 -0.3978
Y  0.5135  0.0465 -0.8568
Z  0.6125 -0.7192  0.3280

PART 69
OFFSET  6.5975 -2.7315 -6.1941
X -0.9167 -0.3333  0.2204
Y -0.0144 -0.5236 -0.8518
Z  0.3993 -0.7840  0.4752

PART 70
OFFSET  8.0318 -2.1369 -6.6539
X -0.5130  0.0897  0.8537
Y -0.6885 -0.6369 -0.3468
Z  0.5126 -0.7657  0.3886

PART 71
OFFSET  8.5749 -2.1881 -7.5889
X -0.8499  0.4268  0.3091
Y  0.1129  0.7204 -0.6843
Z -0.5147 -0.5467 -0.6604

PART 72
OFFSET  6.2545 -4.7029 -8.9629
X -0.9544 -0.0207  0.2978
Y  0.0722 -0.9840  0.1630
Z  0.2896  0.1770  0.9406

PART 73
OFFSET  8.4323 -4.5100 -9.5149
X -0.7415 -0.6617 -0.1112
Y  0.6537 -0.6750 -0.3422
Z  0.1513 -0.3264  0.9330

PART 74
OFFSET  9.4821 -3.5732 -9.3574
X  0.3182 -0.8788 -0.3557
Y  0.9430  0.3320  0.0232
Z  0.0977 -0.3428  0.9343

PART 75
OFFSET  9.2000 -2.7941 -9.0421
X  0.8459 -0.4470 -0.2909
Y  0.5095  0.8384  0.1935
Z  0.1574 -0.3119  0.9370

PART 76
OFFSET  8.3963 -2.3694 -8.7657
X -0.9896 -0.1393 -0.0345
Y -0.1398  0.8812  0.4517
Z -0.0326  0.4518 -0.8915

PART 77
OFFSET  6.3121 -4.7518 -8.2530
X -0.9985 -0.0086  0.0542
Y  0.0180 -0.9844  0.1751
Z  0.0519  0.1758  0.9831

PART 78
OFFSET  8.8963 -4.7773 -8.5360
X -0.6420 -0.7548  0.1350
Y  0.6668 -0.6365 -0.3878
Z  0.3786 -0.1589  0.9118

PART 79
OFFSET  9.9892 -3.4923 -8.7658
X  0.4853 -0.8055 -0.3402
Y  0.7987  0.5667 -0.2024
Z  0.3558 -0.1735  0.9183

PART 80
OFFSET  9.3167 -2.3760 -8.2943
X  0.8681 -0.3173 -0.3819
Y  0.3601  0.9319  0.0443
Z  0.3418 -0.1759  0.9232

PART 81
OFFSET  8.3752 -2.0319 -7.8801
X -0.9001 -0.2810  0.3330
Y -0.2176  0.9520  0.2154
Z -0.3775  0.1214 -0.9180

PART 82
OFFSET  0.9416 -5.3936 -8.1916
X -0.9575 -0.2883  0.0021
Y -0.2812  0.9322 -0.2277
Z  0.0637 -0.2186 -0.9737

PART 83
OFFSET  8.7911 -4.9317 -6.4177
X -0.9822 -0.1847  0.0336
Y  0.1877 -0.9641  0.1877
Z -0.0023  0.1906  0.9817

PART 84
OFFSET  10.5205 -4.6065 -6.4769
X -0.3193 -0.9201  0.2267
Y  0.9476 -0.3081  0.0843
Z -0.0077  0.2418  0.9703

PART 85
OFFSET  10.9082 -3.4732 -6.6936
X -0.1285 -0.9774  0.1679
Y  0.9916 -0.1248  0.0324
Z -0.0107  0.1707  0.9853

PART 86
OFFSET  11.0533 -2.3692 -6.8832
X -0.8564  0.4789  0.1932
Y  0.4194  0.8633 -0.2808
Z -0.3012 -0.1594 -0.9401

PART 87
OFFSET  8.9427 -4.8904 -7.5113
X -0.5125 -0.8435  0.1606
Y  0.8325 -0.5339 -0.1478
Z  0.2105  0.0580  0.9759

PART 88
OFFSET  9.9439 -3.2425 -7.8250
X  0.6312 -0.7698 -0.0946
Y  0.7360  0.6330 -0.2401
Z  0.2447  0.0820  0.9661

PART 89
OFFSET  9.0220 -2.1180 -7.6869
X  0.9318 -0.2907 -0.2174
Y  0.2484  0.9473 -0.2021
Z  0.2647  0.1342  0.9549

PART 90
OFFSET  7.9649 -1.7891 -7.4475
X -0.8901 -0.3907  0.2347
Y -0.3888  0.9196  0.0566
Z -0.2380 -0.0409 -0.9704

PART 91
OFFSET  3.3632 -4.5199 -9.1618
X -0.5541 -0.4346 -0.7100
Y -0.3142  0.8990 -0.3051
Z  0.7709  0.0541 -0.6347

PART 92
OFFSET  3.0116 -4.9388 -8.0957
X -0.5541 -0.4346 -0.7100
Y -0.3142  0.8990 -0.3051
Z  0.7709  0.0541 -0.6347

PART 93
OFFSET  3.6379 -6.0762 -7.7411
X -0.5541 -0.4346 -0.7100
Y -0.3142  0.8990 -0.3051
Z  0.7709  0.0541 -0.6347

PART 94
OFFSET  0.0000 -0.0000 -0.0000
X  1.0000 -0.0000  0.0000
Y  0.0000  1.0000  0.0000
Z  0.0000 -0.0000  1.0000

PART 95
OFFSET  0.0000 -0.0000 -0.0000
X  1.0000 -0.0000  0.0000
Y  0.0000  1.0000  0.0000
Z  0.0000 -0.0000  1.0000

PART 96
OFFSET  1.5404 -0.0000  4.1357
X  1.0000 -0.0000  0.0000
Y  0.0000  1.0000  0.0000
Z  0.0000 -0.0000  1.0000


FRAME 702
PART 0
OFFSET  0.0000 -0.0000 -0.0000
X  1.0000 -0.0000  0.0000
Y  0.0000  1.0000  0.0000
Z  0.0000 -0.0000  1.0000

PART 1
OFFSET -7.6810 -0.0000 -1.3770
X  1.0000 -0.0000  0.0000
Y  0.0000  1.0000  0.0000
Z  0.0000 -0.0000  1.0000

PART 2
OFFSET -1.6489  5.2787 -5.1189
X  0.8069  0.2388 -0.5402
Y -0.0756 -0.8653 -0.4955
Z -0.5858  0.4407 -0.6802

PART 3
OFFSET  8.1100  8.1667 -11.6523
X  0.4781 -0.8164  0.3241
Y -0.7995 -0.2517  0.5454
Z -0.3637 -0.5198 -0.7730

PART 4
OFFSET  12.1761  1.2232 -8.8960
X  0.4781 -0.8164  0.3241
Y  0.7682  0.5675  0.2964
Z -0.4258  0.1073  0.8984

PART 5
OFFSET  14.0467  1.2149 -7.3667
X  0.4838 -0.8134  0.3229
Y  0.3649  0.5229  0.7703
Z -0.7955 -0.2548  0.5498

PART 6
OFFSET  13.3997  0.3314 -9.8180
X  0.4838 -0.8134  0.3229
Y  0.3649  0.5229  0.7703
Z -0.7955 -0.2548  0.5498

PART 7
OFFSET  12.5452  0.0925 -6.3666
X  0.4838 -0.8134  0.3229
Y  0.3649  0.5229  0.7703
Z -0.7955 -0.2548  0.5498

PART 8
OFFSET  11.8503 -0.7062 -7.6646
X  0.4838 -0.8134  0.3229
Y  0.3649  0.5229  0.7703
Z -0.7955 -0.2548  0.5498

PART 9
OFFSET  11.2269 -1.1789 -9.1076
X  0.4838 -0.8134  0.3229
Y  0.3649  0.5229  0.7703
Z -0.7955 -0.2548  0.5498

PART 10
OFFSET  13.6416 -1.2795 -7.9025
X  0.9449 -0.3146  0.0908
Y  0.2739  0.9113  0.3073
Z -0.1794 -0.2655  0.9473

PART 11
OFFSET  14.2573 -0.6506 -7.1761
X  0.9501 -0.0243  0.3111
Y  0.0987  0.9692 -0.2255
Z -0.2960  0.2449  0.9232

PART 12
OFFSET  16.3009 -0.5927 -6.4760
X  0.8915 -0.4478  0.0685
Y  0.4388  0.8912  0.1150
Z -0.1125 -0.0724  0.9910

PART 13
OFFSET  17.7013 -1.3769 -6.2614
X  0.9636 -0.0566  0.2613
Y  0.0895  0.9893 -0.1155
Z -0.2520  0.1347  0.9583

PART 14
OFFSET  18.7334 -1.4152 -5.9369
X  0.8916  0.0755 -0.4465
Y -0.3918 -0.3657 -0.8443
Z -0.2270  0.9277 -0.2964

PART 15
OFFSET  14.1117 -2.5752 -7.9633
X  0.6827 -0.7307 -0.0044
Y -0.2614 -0.2499  0.9323
Z -0.6824 -0.6353 -0.3616

PART 16
OFFSET  15.7129 -4.1551 -7.8062
X  0.2804 -0.2893  0.9153
Y -0.4327  0.8131  0.3895
Z -0.8569 -0.5052  0.1028

PART 17
OFFSET  16.1098 -4.5647 -6.5104
X -0.0626  0.3386  0.9388
Y -0.5529  0.7714 -0.3151
Z -0.8309 -0.5388  0.1389

PART 18
OFFSET  16.0543 -4.2644 -5.6780
X -0.1667  0.4863  0.8577
Y -0.4727  0.7240 -0.5024
Z -0.8653 -0.4892  0.1092

PART 19
OFFSET  15.8959 -3.8024 -4.8631
X  0.5494 -0.7557 -0.3565
Y -0.3589  0.1718 -0.9174
Z  0.7545  0.6320 -0.1768

PART 20
OFFSET  14.5266 -2.0017 -7.8714
X  0.8140 -0.5808 -0.0023
Y -0.2106 -0.2988  0.9308
Z -0.5413 -0.7572 -0.3655

PART 21
OFFSET  16.6007 -3.5689 -7.8860
X  0.3079 -0.5996  0.7387
Y -0.4100  0.6170  0.6717
Z -0.8585 -0.5097 -0.0558

PART 22
OFFSET  17.1249 -4.5897 -6.6284
X -0.2546  0.3365  0.9066
Y -0.4704  0.7760 -0.4202
Z -0.8449 -0.5334 -0.0393

PART 23
OFFSET  16.7720 -4.1233 -5.3719
X -0.3605  0.4999  0.7874
Y -0.3971  0.6816 -0.6146
Z -0.8440 -0.5343 -0.0472

PART 24
OFFSET  16.3810 -3.5811 -4.5179
X  0.4807 -0.8252 -0.2964
Y -0.0821  0.2942 -0.9522
Z  0.8730  0.4821  0.0737

PART 25
OFFSET  16.8932 -0.9445 -6.6270
X  0.7862 -0.5461  0.2894
Y  0.4568  0.1981 -0.8673
Z  0.4163  0.8140  0.4051

PART 26
OFFSET  17.5967 -1.7192 -7.6691
X  0.5925 -0.7879  0.1678
Y -0.3119 -0.0323  0.9496
Z -0.7427 -0.6150 -0.2649

PART 27
OFFSET  18.6399 -3.1064 -7.3736
X  0.0335 -0.5511  0.8338
Y -0.6874  0.5929  0.4194
Z -0.7255 -0.5872 -0.3590

PART 28
OFFSET  18.7247 -3.7406 -6.3381
X -0.3954  0.1057  0.9124
Y -0.5543  0.7646 -0.3288
Z -0.7324 -0.6358 -0.2437

PART 29
OFFSET  18.2781 -3.6212 -5.3075
X  0.4231 -0.9035 -0.0687
Y  0.3058  0.2138 -0.9278
Z  0.8529  0.3715  0.3667

PART 30
OFFSET  17.1666 -2.7220 -7.8422
X  0.4586 -0.7040  0.5422
Y -0.4967  0.3028  0.8134
Z -0.7368 -0.6424 -0.2108

PART 31
OFFSET  18.0626 -4.0974 -6.7830
X -0.3381  0.0952  0.9363
Y -0.5387  0.7962 -0.2755
Z -0.7717 -0.5975 -0.2179

PART 32
OFFSET  17.5687 -3.9583 -5.4155
X -0.4996  0.3305  0.8007
Y -0.3726  0.7525 -0.5431
Z -0.7820 -0.5697 -0.2528

PART 33
OFFSET  16.9976 -3.5885 -4.5100
X  0.6711 -0.6976 -0.2510
Y -0.0220  0.3196 -0.9473
Z  0.7411  0.6412  0.1992

PART 34
OFFSET  15.7824 -3.0281 -6.3785
X -0.5916 -0.7402 -0.3195
Y  0.1794  0.2655 -0.9473
Z  0.7860 -0.6177 -0.0243

PART 35
OFFSET  14.0144  0.8148 -8.3261
X  0.4838 -0.8134  0.3229
Y  0.3738  0.5257  0.7642
Z -0.7913 -0.2490  0.5584

PART 36
OFFSET  13.3991  0.3316 -9.8166
X  0.4838 -0.8134  0.3229
Y  0.3738  0.5257  0.7642
Z -0.7913 -0.2490  0.5584

PART 37
OFFSET  12.1949 -0.3102 -6.8564
X  0.4838 -0.8134  0.3229
Y  0.3738  0.5257  0.7642
Z -0.7913 -0.2490  0.5584

PART 38
OFFSET  11.4930 -0.9719 -7.7950
X  0.4838 -0.8134  0.3229
Y  0.3738  0.5257  0.7642
Z -0.7913 -0.2490  0.5584

PART 39
OFFSET  11.8559 -0.7321 -8.9114
X  0.4838 -0.8134  0.3229
Y  0.3738  0.5257  0.7642
Z -0.7913 -0.2490  0.5584

PART 40
OFFSET  9.5459 -3.0890 -6.4219
X  0.9974  0.0648 -0.0323
Y -0.0669  0.9953 -0.0705
Z  0.0276  0.0725  0.9970

PART 41
OFFSET  9.5459 -3.0890 -6.4219
X  0.9974  0.0648 -0.0323
Y -0.0669  0.9953 -0.0705
Z  0.0276  0.0725  0.9970

PART 42
OFFSET  12.1370 -3.5431 -4.8298
X  0.9974  0.0648 -0.0323
Y -0.0669  0.9953 -0.0705
Z  0.0276  0.0725  0.9970

PART 43
OFFSET  16.7077 -2.3901 -3.5025
X  0.9974  0.0648 -0.0323
Y -0.0723  0.8703 -0.4872
Z -0.0034  0.4883  0.8727

PART 44
OFFSET  11.7902 -2.6708 -2.6485
X  0.9974  0.0647 -0.0323
Y -0.0669  0.9953 -0.0705
Z  0.0276  0.0725  0.9970

PART 45
OFFSET  7.5469 -2.8778 -1.5457
X  0.9974  0.0647 -0.0323
Y -0.0669  0.9953 -0.0705
Z  0.0276  0.0725  0.9970

PART 46
OFFSET  9.6117  1.6093 -6.2738
X  0.9974  0.0648 -0.0323
Y -0.0669  0.9953 -0.0705
Z  0.0276  0.0725  0.9970

PART 47
OFFSET  9.6307 -2.9135 -3.4531
X -0.0618  0.9944  0.0853
Y -0.9974 -0.0648  0.0323
Z  0.0377 -0.0831  0.9958

PART 48
OFFSET  9.6019 -2.4499 -3.4133
X -0.0618  0.9943  0.0874
Y -0.9974 -0.0649  0.0324
Z  0.0378 -0.0851  0.9957

PART 49
OFFSET  9.5731 -1.9864 -3.3725
X -0.0624  0.9954  0.0727
Y -0.9974 -0.0649  0.0323
Z  0.0369 -0.0705  0.9968

PART 50
OFFSET  9.5440 -1.5223 -3.3387
X -0.0642  0.9978  0.0194
Y -0.9974 -0.0648  0.0323
Z  0.0335 -0.0172  0.9993

PART 51
OFFSET  9.5141 -1.0571 -3.3296
X -0.0682  0.9911 -0.1142
Y -0.9974 -0.0649  0.0321
Z  0.0244  0.1161  0.9929

PART 52
OFFSET  9.4823 -0.5951 -3.3828
X -0.0724  0.8679 -0.4914
Y -0.9974 -0.0650  0.0321
Z -0.0041  0.4924  0.8703

PART 53
OFFSET  9.4518 -0.2292 -3.5900
X -0.0548  0.3875 -0.9203
Y -0.9974 -0.0651  0.0320
Z -0.0474  0.9196  0.3900

PART 54
OFFSET  9.4261 -0.0477 -4.0212
X -0.0338  0.0257 -0.9991
Y -0.9974 -0.0650  0.0320
Z -0.0642  0.9976  0.0278

PART 55
OFFSET  9.4103 -0.0357 -4.4869
X -0.0266 -0.0811 -0.9963
Y -0.9974 -0.0650  0.0319
Z -0.0674  0.9946 -0.0792

PART 56
OFFSET  9.3979 -0.0735 -4.9514
X -0.0268 -0.0815 -0.9963
Y -0.9974 -0.0650  0.0321
Z -0.0674  0.9945 -0.0796

PART 57
OFFSET  9.3854 -0.1116 -5.4158
X -0.0268 -0.0815 -0.9963
Y -0.9974 -0.0649  0.0321
Z -0.0673  0.9946 -0.0796

PART 58
OFFSET  9.3729 -0.1496 -5.8803
X -0.0268 -0.0815 -0.9963
Y -0.9974 -0.0650  0.0321
Z -0.0673  0.9946 -0.0795

PART 59
OFFSET  25.4873 -0.6319 -5.5187
X -0.0527  0.3435 -0.9377
Y  0.0201  0.9391  0.3429
Z  0.9984 -0.0008 -0.0564

PART 60
OFFSET  25.6632 -3.2493 -5.3333
X -0.0024  0.4756  0.8797
Y -0.1417  0.8706 -0.4711
Z -0.9899 -0.1258  0.0654

PART 61
OFFSET -6.5551 -7.9373 -5.6959
X -0.4429  0.1602  0.8822
Y -0.1722 -0.9808  0.0916
Z  0.8799 -0.1113  0.4620

PART 62
OFFSET -1.1987 -9.8743 -16.3645
X -0.5329 -0.4317 -0.7278
Y  0.7911  0.0511 -0.6095
Z  0.3004 -0.9005  0.3143

PART 63
OFFSET  3.3335 -6.2021 -10.1745
X -0.5329 -0.4317 -0.7278
Y  0.8286 -0.0918 -0.5523
Z  0.1716 -0.8973  0.4066

PART 64
OFFSET  3.1759 -4.5995 -9.0334
X -0.5385 -0.4294 -0.7250
Y -0.3125  0.9008 -0.3014
Z  0.7825  0.0643 -0.6193

PART 65
OFFSET  2.8072 -5.0387 -7.9752
X -0.5385 -0.4294 -0.7250
Y -0.3125  0.9008 -0.3014
Z  0.7825  0.0643 -0.6193

PART 66
OFFSET  3.3987 -6.1582 -7.6079
X -0.5385 -0.4294 -0.7250
Y -0.3125  0.9008 -0.3014
Z  0.7825  0.0643 -0.6193

PART 67
OFFSET  4.9670 -4.8785 -7.9434
X -0.9730 -0.0972 -0.2092
Y  0.2228 -0.1616 -0.9614
Z  0.0597 -0.9821  0.1789

PART 68
OFFSET  5.1652 -4.2757 -6.9950
X -0.5743 -0.7413 -0.3475
Y  0.4932  0.0256 -0.8695
Z  0.6534 -0.6707  0.3509

PART 69
OFFSET  6.3188 -2.6413 -6.1778
X -0.8947 -0.3646  0.2582
Y -0.0059 -0.5681 -0.8229
Z  0.4467 -0.7378  0.5061

PART 70
OFFSET  7.7127 -2.0040 -6.7003
X -0.4995  0.1102  0.8593
Y -0.6634 -0.6866 -0.2975
Z  0.5572 -0.7186  0.4161

PART 71
OFFSET  8.2387 -2.0786 -7.6435
X -0.8633  0.4015  0.3057
Y  0.0637  0.6877 -0.7232
Z -0.5006 -0.6049 -0.6193

PART 72
OFFSET  6.0170 -4.7708 -8.8319
X -0.9460 -0.0505  0.3201
Y  0.1236 -0.9694  0.2122
Z  0.2996  0.2403  0.9233

PART 73
OFFSET  8.1711 -4.5034 -9.4426
X -0.7103 -0.7013 -0.0598
Y  0.6789 -0.6601 -0.3214
Z  0.1859 -0.2690  0.9450

PART 74
OFFSET  9.1767 -3.5105 -9.3578
X  0.3536 -0.8802 -0.3167
Y  0.9259  0.3775 -0.0155
Z  0.1332 -0.2878  0.9484

PART 75
OFFSET  8.8632 -2.7301 -9.0770
X  0.8607 -0.4208 -0.2865
Y  0.4717  0.8709  0.1381
Z  0.1914 -0.2540  0.9481

PART 76
OFFSET  8.0455 -2.3303 -8.8049
X -0.9821 -0.1882 -0.0047
Y -0.1736  0.8961  0.4084
Z -0.0727  0.4019 -0.9128

PART 77
OFFSET  6.0912 -4.7792 -8.1220
X -0.9956 -0.0535  0.0773
Y  0.0697 -0.9717  0.2255
Z  0.0631  0.2299  0.9712

PART 78
OFFSET  8.6672 -4.6960 -8.4619
X -0.6014 -0.7764  0.1886
Y  0.6891 -0.6235 -0.3692
Z  0.4042 -0.0921  0.9100

PART 79
OFFSET  9.6911 -3.3742 -8.7829
X  0.5171 -0.7982 -0.3089
Y  0.7658  0.5927 -0.2496
Z  0.3823 -0.1074  0.9178

PART 80
OFFSET  8.9744 -2.2679 -8.3548
X  0.8747 -0.2952 -0.3845
Y  0.3148  0.9491 -0.0124
Z  0.3685 -0.1102  0.9231

PART 81
OFFSET  8.0258 -1.9478 -7.9378
X -0.8784 -0.3057  0.3675
Y -0.2595  0.9506  0.1706
Z -0.4015  0.0545 -0.9143

PART 82
OFFSET  0.7609 -5.6729 -7.9052
X -0.9420 -0.3333  0.0388
Y -0.3311  0.9043 -0.2694
Z  0.0547 -0.2666 -0.9623

PART 83
OFFSET  8.6126 -4.7429 -6.3366
X -0.9711 -0.2294  0.0654
Y  0.2384 -0.9427  0.2332
Z  0.0082  0.2420  0.9702

PART 84
OFFSET  10.3224 -4.3389 -6.4519
X -0.2692 -0.9210  0.2814
Y  0.9631 -0.2575  0.0786
Z  0.0001  0.2922  0.9564

PART 85
OFFSET  10.6497 -3.2015 -6.7359
X -0.0771 -0.9721  0.2213
Y  0.9970 -0.0754  0.0163
Z  0.0008  0.2219  0.9751

PART 86
OFFSET  10.7368 -2.1034 -6.9858
X -0.8747  0.4469  0.1875
Y  0.3709  0.8663 -0.3347
Z -0.3120 -0.2232 -0.9235

PART 87
OFFSET  8.7398 -4.7523 -7.4340
X -0.4672 -0.8574  0.2158
Y  0.8545 -0.5006 -0.1388
Z  0.2270  0.1196  0.9665

PART 88
OFFSET  9.6526 -3.0774 -7.8556
X  0.6661 -0.7427 -0.0688
Y  0.6992  0.6538 -0.2893
Z  0.2599  0.1446  0.9547

PART 89
OFFSET  8.6798 -1.9926 -7.7552
X  0.9403 -0.2570 -0.2231
Y  0.1977  0.9461 -0.2566
Z  0.2770  0.1971  0.9404

PART 90
OFFSET  7.6130 -1.7023 -7.5092
X -0.8650 -0.4199  0.2749
Y -0.4321  0.9017  0.0176
Z -0.2552 -0.1036 -0.9613

PART 91
OFFSET  3.1708 -4.5881 -9.0368
X -0.5384 -0.4296 -0.7250
Y -0.3102  0.9009 -0.3035
Z  0.7835  0.0615 -0.6183

PART 92
OFFSET  2.7986 -5.0174 -7.9819
X -0.5384 -0.4296 -0.7250
Y -0.3102  0.9009 -0.3035
Z  0.7835  0.0615 -0.6183

PART 93
OFFSET  3.4203 -6.1564 -7.6246
X -0.5384 -0.4296 -0.7250
Y -0.3102  0.9009 -0.3035
Z  0.7835  0.0615 -0.6183

PART 94
OFFSET  0.0000 -0.0000 -0.0000
X  1.0000 -0.0000  0.0000
Y  0.0000  1.0000  0.0000
Z  0.0000 -0.0000  1.0000

PART 95
OFFSET  0.0000 -0.0000 -0.0000
X  1.0000 -0.0000  0.0000
Y  0.0000  1.0000  0.0000
Z  0.0000 -0.0000  1.0000

PART 96
OFFSET  1.5404 -0.0000  4.1357
X  1.0000 -0.0000  0.0000
Y  0.0000  1.0000  0.0000
Z  0.0000 -0.0000  1.0000


FRAME 703
PART 0
OFFSET  0.0000 -0.0000 -0.0000
X  1.0000 -0.0000  0.0000
Y  0.0000  1.0000  0.0000
Z  0.0000 -0.0000  1.0000

PART 1
OFFSET -7.6810 -0.0000 -1.3770
X  1.0000 -0.0000  0.0000
Y  0.0000  1.0000  0.0000
Z  0.0000 -0.0000  1.0000

PART 2
OFFSET -1.6489  5.2787 -5.1189
X  0.7764  0.2914 -0.5588
Y -0.0583 -0.8496 -0.5242
Z -0.6275  0.4395 -0.6427

PART 3
OFFSET  7.7411  8.8033 -11.8767
X  0.4636 -0.8270  0.3181
Y -0.8051 -0.2432  0.5410
Z -0.3700 -0.5069 -0.7785

PART 4
OFFSET  11.6839  1.7695 -9.1709
X  0.4636 -0.8270  0.3181
Y  0.8129  0.5398  0.2186
Z -0.3525  0.1573  0.9225

PART 5
OFFSET  13.5498  1.7168 -7.6367
X  0.4693 -0.8241  0.3170
Y  0.3714  0.5100  0.7759
Z -0.8011 -0.2464  0.5454

PART 6
OFFSET  12.8953  0.8658 -10.0975
X  0.4693 -0.8241  0.3170
Y  0.3714  0.5100  0.7759
Z -0.8011 -0.2464  0.5454

PART 7
OFFSET  12.0271  0.6107 -6.6506
X  0.4693 -0.8241  0.3170
Y  0.3714  0.5100  0.7759
Z -0.8011 -0.2464  0.5454

PART 8
OFFSET  11.3228 -0.1649 -7.9575
X  0.4693 -0.8241  0.3170
Y  0.3714  0.5100  0.7759
Z -0.8011 -0.2464  0.5454

PART 9
OFFSET  10.6958 -0.6146 -9.4063
X  0.4693 -0.8241  0.3170
Y  0.3714  0.5100  0.7759
Z -0.8011 -0.2464  0.5454

PART 10
OFFSET  13.1051 -0.7657 -8.1956
X  0.9676 -0.2371  0.0868
Y  0.2125  0.9504  0.2271
Z -0.1364 -0.2013  0.9700

PART 11
OFFSET  13.6894 -0.0379 -7.5390
X  0.9564  0.0694  0.2836
Y  0.0208  0.9527 -0.3031
Z -0.2912  0.2958  0.9098

PART 12
OFFSET  15.7392  0.2233 -6.9067
X  0.9238 -0.3752  0.0766
Y  0.3739  0.9269  0.0321
Z -0.0830 -0.0010  0.9965

PART 13
OFFSET  17.1989 -0.4379 -6.6734
X  0.9711  0.0343  0.2361
Y  0.0127  0.9808 -0.1948
Z -0.2383  0.1922  0.9520

PART 14
OFFSET  18.2383 -0.3753 -6.3778
X  0.8725  0.1040 -0.4774
Y -0.3836 -0.4593 -0.8012
Z -0.3025  0.8822 -0.3609

PART 15
OFFSET  13.6687 -2.0247 -8.1693
X  0.7349 -0.6774  0.0322
Y -0.2197 -0.1929  0.9563
Z -0.6416 -0.7099 -0.2906

PART 16
OFFSET  15.3864 -3.4670 -7.9374
X  0.3230 -0.1943  0.9263
Y -0.4826  0.8081  0.3377
Z -0.8141 -0.5560  0.1673

PART 17
OFFSET  15.8436 -3.7421 -6.6260
X -0.0651  0.4071  0.9111
Y -0.6161  0.7018 -0.3576
Z -0.7849 -0.5846  0.2051

PART 18
OFFSET  15.7859 -3.3811 -5.8182
X -0.1819  0.5399  0.8218
Y -0.5372  0.6455 -0.5430
Z -0.8236 -0.5403  0.1726

PART 19
OFFSET  15.6131 -2.8682 -5.0374
X  0.5955 -0.7400 -0.3127
Y -0.3926  0.0716 -0.9169
Z  0.7009  0.6688 -0.2479

PART 20
OFFSET  14.0418 -1.4172 -8.1347
X  0.8547 -0.5188  0.0187
Y -0.1654 -0.2379  0.9571
Z -0.4921 -0.8211 -0.2892

PART 21
OFFSET  16.2259 -2.8264 -8.0889
X  0.3693 -0.5148  0.7736
Y -0.4386  0.6374  0.6335
Z -0.8193 -0.5733  0.0096

PART 22
OFFSET  16.8547 -3.7030 -6.7718
X -0.2572  0.3885  0.8848
Y -0.5368  0.7039 -0.4652
Z -0.8036 -0.5946  0.0275

PART 23
OFFSET  16.4982 -3.1645 -5.5455
X -0.3778  0.5338  0.7565
Y -0.4614  0.5999 -0.6537
