// Export filename: `C:\projects\cod\t5\xanim_export\t5_viewmodels\m60\m60_elbit_ads_up.XANIM_EXPORT`
// Source filename: `D:\projects\devanim\t5\animation_assets\viewmodels\m60\viewmodel_m60_animated.fbx`
// Export time: Thu Aug 05 16:53:23 2010

ANIMATION
VERSION 3

NUMPARTS 2
PART 0 "tag_view"
PART 1 "tag_torso"

FRAMERATE 30
NUMFRAMES 14

FRAME 2400
PART 0
OFFSET  0.0000 -0.0000 -0.0000
X  1.0000 -0.0000  0.0000
Y  0.0000  1.0000  0.0000
Z  0.0000 -0.0000  1.0000

PART 1
OFFSET -7.6810 -0.0000 -1.3770
X  1.0000  0.0000  0.0000
Y -0.0000  1.0000  0.0000
Z  0.0000 -0.0000  1.0000


FRAME 2401
PART 0
OFFSET  0.0000 -0.0000 -0.0000
X  1.0000 -0.0000  0.0000
Y  0.0000  1.0000  0.0000
Z  0.0000 -0.0000  1.0000

PART 1
OFFSET -7.9577  0.2235 -1.4114
X  1.0000 -0.0002 -0.0017
Y  0.0002  0.9996 -0.0293
Z  0.0017  0.0293  0.9996


FRAME 2402
PART 0
OFFSET  0.0000 -0.0000 -0.0000
X  1.0000 -0.0000  0.0000
Y  0.0000  1.0000  0.0000
Z  0.0000 -0.0000  1.0000

PART 1
OFFSET -8.2388  0.4445 -1.4392
X  1.0000 -0.0008 -0.0058
Y  0.0004  0.9980 -0.0627
Z  0.0058  0.0627  0.9980


FRAME 2403
PART 0
OFFSET  0.0000 -0.0000 -0.0000
X  1.0000 -0.0000  0.0000
Y  0.0000  1.0000  0.0000
Z  0.0000 -0.0000  1.0000

PART 1
OFFSET -8.5215  0.6692 -1.4487
X  0.9999 -0.0015 -0.0108
Y  0.0005  0.9956 -0.0939
Z  0.0109  0.0939  0.9955


FRAME 2404
PART 0
OFFSET  0.0000 -0.0000 -0.0000
X  1.0000 -0.0000  0.0000
Y  0.0000  1.0000  0.0000
Z  0.0000 -0.0000  1.0000

PART 1
OFFSET -8.8022  0.9043 -1.4390
X  0.9999 -0.0021 -0.0149
Y  0.0003  0.9931 -0.1170
Z  0.0150  0.1170  0.9930


FRAME 2405
PART 0
OFFSET  0.0000 -0.0000 -0.0000
X  1.0000 -0.0000  0.0000
Y  0.0000  1.0000  0.0000
Z  0.0000 -0.0000  1.0000

PART 1
OFFSET -9.0787  1.1565 -1.3919
X  0.9999 -0.0024 -0.0166
Y  0.0003  0.9920 -0.1261
Z  0.0168  0.1261  0.9919


FRAME 2406
PART 0
OFFSET  0.0000 -0.0000 -0.0000
X  1.0000 -0.0000  0.0000
Y  0.0000  1.0000  0.0000
Z  0.0000 -0.0000  1.0000

PART 1
OFFSET -9.3804  1.4542 -1.3021
X  0.9999 -0.0023 -0.0159
Y  0.0004  0.9927 -0.1207
Z  0.0160  0.1207  0.9926


FRAME 2407
PART 0
OFFSET  0.0000 -0.0000 -0.0000
X  1.0000 -0.0000  0.0000
Y  0.0000  1.0000  0.0000
Z  0.0000 -0.0000  1.0000

PART 1
OFFSET -9.7220  1.8034 -1.1792
X  0.9999 -0.0020 -0.0140
Y  0.0005  0.9943 -0.1065
Z  0.0142  0.1065  0.9942


FRAME 2408
PART 0
OFFSET  0.0000 -0.0000 -0.0000
X  1.0000 -0.0000  0.0000
Y  0.0000  1.0000  0.0000
Z  0.0000 -0.0000  1.0000

PART 1
OFFSET -10.0788  2.1766 -1.0359
X  0.9999 -0.0016 -0.0115
Y  0.0006  0.9963 -0.0863
Z  0.0116  0.0863  0.9962


FRAME 2409
PART 0
OFFSET  0.0000 -0.0000 -0.0000
X  1.0000 -0.0000  0.0000
Y  0.0000  1.0000  0.0000
Z  0.0000 -0.0000  1.0000

PART 1
OFFSET -10.4257  2.5456 -0.8870
X  1.0000 -0.0012 -0.0085
Y  0.0007  0.9980 -0.0632
Z  0.0085  0.0632  0.9980


FRAME 2410
PART 0
OFFSET  0.0000 -0.0000 -0.0000
X  1.0000 -0.0000  0.0000
Y  0.0000  1.0000  0.0000
Z  0.0000 -0.0000  1.0000

PART 1
OFFSET -10.7384  2.8819 -0.7455
X  1.0000 -0.0008 -0.0055
Y  0.0006  0.9992 -0.0400
Z  0.0055  0.0400  0.9992


FRAME 2411
PART 0
OFFSET  0.0000 -0.0000 -0.0000
X  1.0000 -0.0000  0.0000
Y  0.0000  1.0000  0.0000
Z  0.0000 -0.0000  1.0000

PART 1
OFFSET -10.9919  3.1566 -0.6264
X  1.0000 -0.0004 -0.0028
Y  0.0003  0.9998 -0.0198
Z  0.0028  0.0198  0.9998


FRAME 2412
PART 0
OFFSET  0.0000 -0.0000 -0.0000
X  1.0000 -0.0000  0.0000
Y  0.0000  1.0000  0.0000
Z  0.0000 -0.0000  1.0000

PART 1
OFFSET -11.1621  3.3422 -0.5438
X  1.0000 -0.0001 -0.0010
Y  0.0001  1.0000 -0.0054
Z  0.0010  0.0054  1.0000


FRAME 2413
PART 0
OFFSET  0.0000 -0.0000 -0.0000
X  1.0000 -0.0000  0.0000
Y  0.0000  1.0000  0.0000
Z  0.0000 -0.0000  1.0000

PART 1
OFFSET -11.2243  3.4104 -0.5131
X  1.0000  0.0000  0.0000
Y -0.0000  1.0000  0.0000
Z  0.0000 -0.0000  1.0000


NUMKEYS 0
