// Export filename: `C:\projects\cod\t5\xanim_export\t5_viewmodels\m60\m60_putaway.XANIM_EXPORT`
// Source filename: `D:\projects\devanim\t5\animation_assets\viewmodels\m60\viewmodel_m60_animated.fbx`
// Export time: Fri Jun 18 15:34:12 2010

ANIMATION
VERSION 3

NUMPARTS 97
PART 0 "tag_ads"
PART 1 "tag_torso"
PART 2 "J_Shoulder_LE"
PART 3 "J_Elbow_LE"
PART 4 "J_WristTwist_LE"
PART 5 "J_Sleave_Reshape_Bottom_LE_1"
PART 6 "J_Sleave_Reshape_Bottom_LE_2"
PART 7 "J_Sleave_Reshape_Top_LE_1"
PART 8 "J_Sleave_Reshape_Top_LE_2"
PART 9 "J_Sleave_Reshape_Top_LE_3"
PART 10 "J_Wrist_LE"
PART 11 "J_Thumb_LE_0"
PART 12 "J_Thumb_LE_1"
PART 13 "J_Thumb_LE_2"
PART 14 "J_Thumb_LE_3"
PART 15 "J_PinkyPalm_LE"
PART 16 "J_Pinky_LE_0"
PART 17 "J_Pinky_LE_1"
PART 18 "J_Pinky_LE_2"
PART 19 "J_Pinky_LE_3"
PART 20 "J_RingPalm_LE"
PART 21 "J_Ring_LE_0"
PART 22 "J_Ring_LE_1"
PART 23 "J_Ring_LE_2"
PART 24 "J_Ring_LE_3"
PART 25 "J_Webbing_LE"
PART 26 "J_Index_LE_0"
PART 27 "J_Index_LE_1"
PART 28 "J_Index_LE_2"
PART 29 "J_Index_LE_3"
PART 30 "J_Mid_LE_0"
PART 31 "J_Mid_LE_1"
PART 32 "J_Mid_LE_2"
PART 33 "J_Mid_LE_3"
PART 34 "tag_knife_attach"
PART 35 "D_Sleave_Reshape_Bottom_LE_1"
PART 36 "D_Sleave_Reshape_Bottom_LE_2"
PART 37 "D_Sleave_Reshape_Top_LE_1"
PART 38 "D_Sleave_Reshape_Top_LE_2"
PART 39 "D_Sleave_Reshape_Top_LE_3"
PART 40 "tag_weapon"
PART 41 "J_Gun"
PART 42 "J_Bolt"
PART 43 "J_Handle"
PART 44 "J_Reload_Cover"
PART 45 "TAG_IRON_SIGHTS"
PART 46 "TAG_CLIP"
PART 47 "J_Bullets0"
PART 48 "J_Bullets1"
PART 49 "J_Bullets2"
PART 50 "J_Bullets3"
PART 51 "J_Bullets4"
PART 52 "J_Bullets5"
PART 53 "J_Bullets6"
PART 54 "J_Bullets7"
PART 55 "J_Bullets8"
PART 56 "J_Bullets9"
PART 57 "J_Bullets10"
PART 58 "J_Bullets11"
PART 59 "J_Pod_Left"
PART 60 "J_Pod_Right"
PART 61 "J_Shoulder_RI"
PART 62 "J_Elbow_RI"
PART 63 "J_WristTwist_RI"
PART 64 "J_Sleave_Reshape_Top_RI_3"
PART 65 "J_Sleave_Reshape_Top_RI_2"
PART 66 "J_Sleave_Reshape_Top_RI_1"
PART 67 "J_Wrist_RI"
PART 68 "J_Thumb_RI_0"
PART 69 "J_Thumb_RI_1"
PART 70 "J_Thumb_RI_2"
PART 71 "J_Thumb_RI_3"
PART 72 "J_PinkyPalm_RI"
PART 73 "J_Pinky_RI_0"
PART 74 "J_Pinky_RI_1"
PART 75 "J_Pinky_RI_2"
PART 76 "J_Pinky_RI_3"
PART 77 "J_RingPalm_RI"
PART 78 "J_Ring_RI_0"
PART 79 "J_Ring_RI_1"
PART 80 "J_Ring_RI_2"
PART 81 "J_Ring_RI_3"
PART 82 "J_Webbing_RI"
PART 83 "J_Index_RI_0"
PART 84 "J_Index_RI_1"
PART 85 "J_Index_RI_2"
PART 86 "J_Index_RI_3"
PART 87 "J_Mid_RI_0"
PART 88 "J_Mid_RI_1"
PART 89 "J_Mid_RI_2"
PART 90 "J_Mid_RI_3"
PART 91 "D_Sleave_Reshape_Top_RI_3"
PART 92 "D_Sleave_Reshape_Top_RI_2"
PART 93 "D_Sleave_Reshape_Top_RI_1"
PART 94 "tag_cambone"
PART 95 "tag_camera"
PART 96 "tag_gasmask"

FRAMERATE 30
NUMFRAMES 19

FRAME 100
PART 0
OFFSET  0.0000 -0.0000  0.0000
X  1.0000 -0.0000  0.0000
Y  0.0000  1.0000  0.0000
Z  0.0000 -0.0000  1.0000

PART 1
OFFSET -7.6810 -0.0000 -1.3770
X  1.0000  0.0000  0.0000
Y -0.0000  1.0000  0.0000
Z  0.0000 -0.0000  1.0000

PART 2
OFFSET -1.6489  5.2787 -5.1189
X  0.8341  0.1877 -0.5187
Y -0.0946 -0.8777 -0.4698
Z -0.5434  0.4409 -0.7143

PART 3
OFFSET  8.4388  7.5490 -11.3916
X  0.4938 -0.8061  0.3261
Y -0.7923 -0.2626  0.5508
Z -0.3584 -0.5303 -0.7683

PART 4
OFFSET  12.6391  0.6927 -8.6182
X  0.4938 -0.8061  0.3261
Y  0.7157  0.5898  0.3741
Z -0.4938  0.0487  0.8682

PART 5
OFFSET  14.5172  0.7255 -7.0985
X  0.4995 -0.8031  0.3249
Y  0.3683  0.5363  0.7594
Z -0.7841 -0.2596  0.5637

PART 6
OFFSET  13.8730 -0.1824 -9.5402
X  0.4995 -0.8031  0.3249
Y  0.3683  0.5363  0.7594
Z -0.7841 -0.2596  0.5637

PART 7
OFFSET  13.0405 -0.4173 -6.0847
X  0.4995 -0.8031  0.3249
Y  0.3683  0.5363  0.7594
Z -0.7841 -0.2596  0.5637

PART 8
OFFSET  12.3538 -1.2361 -7.3744
X  0.4995 -0.8031  0.3249
Y  0.3683  0.5363  0.7594
Z -0.7841 -0.2596  0.5637

PART 9
OFFSET  11.7315 -1.7263 -8.8125
X  0.4995 -0.8031  0.3249
Y  0.3683  0.5363  0.7594
Z -0.7841 -0.2596  0.5637

PART 10
OFFSET  14.1531 -1.7785 -7.6186
X  0.9191 -0.3827  0.0938
Y  0.3222  0.8670  0.3800
Z -0.2268 -0.3190  0.9202

PART 11
OFFSET  14.7844 -1.2449 -6.8318
X  0.9359 -0.1097  0.3346
Y  0.1684  0.9740 -0.1518
Z -0.3093  0.1984  0.9300

PART 12
OFFSET  16.8037 -1.3734 -6.0731
X  0.8627 -0.5039  0.0432
Y  0.4825  0.8455  0.2287
Z -0.1518 -0.1764  0.9725

PART 13
OFFSET  18.1506 -2.2571 -5.9080
X  0.9369 -0.1398  0.3203
Y  0.1512  0.9884 -0.0109
Z -0.3151  0.0586  0.9472

PART 14
OFFSET  19.1519 -2.3888 -5.5185
X  0.9252  0.0628 -0.3743
Y -0.3469 -0.2596 -0.9012
Z -0.1538  0.9637 -0.2184

PART 15
OFFSET  14.5400 -3.0952 -7.7601
X  0.6338 -0.7726 -0.0385
Y -0.3070 -0.2969  0.9042
Z -0.7100 -0.5612 -0.4254

PART 16
OFFSET  16.0297 -4.7857 -7.6739
X  0.2315 -0.3711  0.8993
Y -0.3914  0.8107  0.4353
Z -0.8906 -0.4528  0.0424

PART 17
OFFSET  16.3574 -5.3111 -6.4007
X -0.0705  0.2752  0.9588
Y -0.4914  0.8269 -0.2734
Z -0.8681 -0.4904  0.0769

PART 18
OFFSET  16.2950 -5.0672 -5.5506
X -0.1600  0.4306  0.8882
Y -0.4094  0.7898 -0.4567
Z -0.8982 -0.4367  0.0499

PART 19
OFFSET  16.1429 -4.6581 -4.7068
X  0.5093 -0.7620 -0.3999
Y -0.3196  0.2640 -0.9100
Z  0.7990  0.5913 -0.1091

PART 20
OFFSET  14.9879 -2.5586 -7.6155
X  0.7743 -0.6324 -0.0219
Y -0.2595 -0.3489  0.9005
Z -0.5771 -0.6916 -0.4342

PART 21
OFFSET  16.9557 -4.2560 -7.6865
X  0.2444 -0.6695  0.7015
Y -0.3909  0.5940  0.7031
Z -0.8874 -0.4460 -0.1165

PART 22
OFFSET  17.3719 -5.3958 -6.4922
X -0.2626  0.2875  0.9211
Y -0.4031  0.8346 -0.3754
Z -0.8766 -0.4699 -0.1033

PART 23
OFFSET  17.0079 -4.9974 -5.2157
X -0.3520  0.4661  0.8117
Y -0.3312  0.7490 -0.5738
Z -0.8754 -0.4708 -0.1093

PART 24
OFFSET  16.6261 -4.4919 -4.3354
X  0.4345 -0.8329 -0.3426
Y -0.0317  0.3660 -0.9301
Z  0.9001  0.4150  0.1327

PART 25
OFFSET  17.3766 -1.7526 -6.2329
X  0.7394 -0.6165  0.2706
Y  0.4963  0.2276 -0.8378
Z  0.4549  0.7538  0.4743

PART 26
OFFSET  18.0617 -2.4972 -7.3085
X  0.5345 -0.8356  0.1265
Y -0.3439 -0.0783  0.9357
Z -0.7720 -0.5437 -0.3292

PART 27
OFFSET  19.0028 -3.9685 -7.0858
X -0.0316 -0.6108  0.7912
Y -0.6561  0.6098  0.4445
Z -0.7540 -0.5050 -0.4200

PART 28
OFFSET  19.0102 -4.6803 -6.0985
X -0.4191  0.0656  0.9056
Y -0.4883  0.8246 -0.2857
Z -0.7655 -0.5619 -0.3136

PART 29
OFFSET  18.5368 -4.6063 -5.0756
X  0.3619 -0.9238 -0.1251
Y  0.3523  0.2598 -0.8991
Z  0.8631  0.2813  0.4195

PART 30
OFFSET  17.5735 -3.4542 -7.5657
X  0.3943 -0.7696  0.5022
Y -0.5021  0.2773  0.8192
Z -0.7697 -0.5751 -0.2771

PART 31
OFFSET  18.3437 -4.9577 -6.5846
X -0.3645  0.0490  0.9299
Y -0.4823  0.8443 -0.2335
Z -0.7966 -0.5336 -0.2841

PART 32
OFFSET  17.8113 -4.8861 -5.2263
X -0.5042  0.3004  0.8097
Y -0.3057  0.8148 -0.4926
Z -0.8077 -0.4959 -0.3190

PART 33
OFFSET  17.2348 -4.5500 -4.3111
X  0.6335 -0.7190 -0.2858
Y  0.0301  0.3920 -0.9195
Z  0.7732  0.5739  0.2700

PART 34
OFFSET  16.1257 -3.7695 -6.1667
X -0.6276 -0.6746 -0.3885
Y  0.2267  0.3190 -0.9202
Z  0.7448 -0.6657 -0.0473

PART 35
OFFSET  14.4871  0.3196 -8.0555
X  0.4995 -0.8031  0.3249
Y  0.3683  0.5363  0.7594
Z -0.7841 -0.2597  0.5637

PART 36
OFFSET  13.8730 -0.1824 -9.5402
X  0.4995 -0.8031  0.3249
Y  0.3683  0.5363  0.7594
Z -0.7841 -0.2597  0.5637

PART 37
OFFSET  12.6949 -0.8288 -6.5705
X  0.4995 -0.8031  0.3249
Y  0.3683  0.5363  0.7594
Z -0.7841 -0.2597  0.5637

PART 38
OFFSET  11.9999 -1.5078 -7.5019
X  0.4995 -0.8031  0.3249
Y  0.3683  0.5363  0.7594
Z -0.7841 -0.2597  0.5637

PART 39
OFFSET  12.3531 -1.2678 -8.6214
X  0.4995 -0.8031  0.3249
Y  0.3683  0.5363  0.7594
Z -0.7841 -0.2597  0.5637

PART 40
OFFSET  9.9030 -3.4097 -6.3868
X  1.0000  0.0000  0.0000
Y -0.0000  1.0000  0.0000
Z  0.0000 -0.0000  1.0000

PART 41
OFFSET  9.9030 -3.4097 -6.3868
X  1.0000  0.0000  0.0000
Y -0.0000  1.0000  0.0000
Z  0.0000 -0.0000  1.0000

PART 42
OFFSET  12.4064 -4.1473 -4.7608
X  1.0000  0.0000  0.0000
Y -0.0000  1.0000  0.0000
Z  0.0000 -0.0000  1.0000

PART 43
OFFSET  16.9957 -3.4097 -3.2304
X  1.0000 -0.0000 -0.0000
Y  0.0000  0.9053 -0.4247
Z  0.0000  0.4247  0.9053

PART 44
OFFSET  12.0465 -3.4097 -2.5324
X  1.0000 -0.0000  0.0000
Y -0.0000  1.0000  0.0000
Z -0.0000 -0.0000  1.0000

PART 45
OFFSET  7.7652 -3.4097 -1.5652
X  1.0000 -0.0000  0.0000
Y -0.0000  1.0000  0.0000
Z -0.0000 -0.0000  1.0000

PART 46
OFFSET  10.2681  1.2515 -5.8968
X  1.0000  0.0000  0.0000
Y -0.0000  1.0000  0.0000
Z -0.0000 -0.0000  1.0000

PART 47
OFFSET  9.9030 -3.4500 -3.4118
X  0.0000  0.9879  0.1554
Y -1.0000  0.0000  0.0000
Z  0.0000 -0.1554  0.9879

PART 48
OFFSET  9.9030 -2.9895 -3.3393
X -0.0001  0.9875  0.1574
Y -1.0000 -0.0001  0.0000
Z  0.0000 -0.1574  0.9875

PART 49
OFFSET  9.9029 -2.5291 -3.2659
X -0.0001  0.9897  0.1429
Y -1.0000 -0.0001 -0.0000
Z -0.0000 -0.1429  0.9897

PART 50
OFFSET  9.9029 -2.0677 -3.1993
X -0.0000  0.9960  0.0898
Y -1.0000 -0.0000  0.0000
Z  0.0000 -0.0898  0.9960

PART 51
OFFSET  9.9029 -1.6034 -3.1574
X -0.0001  0.9990 -0.0439
Y -1.0000 -0.0001 -0.0003
Z -0.0003  0.0439  0.9990

PART 52
OFFSET  9.9028 -1.1377 -3.1778
X -0.0002  0.9033 -0.4290
Y -1.0000 -0.0003 -0.0003
Z -0.0004  0.4290  0.9033

PART 53
OFFSET  9.9027 -0.7568 -3.3587
X  0.0002  0.4541 -0.8909
Y -1.0000 -0.0004 -0.0004
Z -0.0005  0.8909  0.4541

PART 54
OFFSET  9.9028 -0.5441 -3.7762
X  0.0003  0.0982 -0.9952
Y -1.0000 -0.0004 -0.0004
Z -0.0004  0.9952  0.0982

PART 55
OFFSET  9.9030 -0.4982 -4.2401
X  0.0005 -0.0088 -1.0000
Y -1.0000 -0.0004 -0.0005
Z -0.0003  1.0000 -0.0088

PART 56
OFFSET  9.9031 -0.5023 -4.7063
X  0.0003 -0.0091 -1.0000
Y -1.0000 -0.0004 -0.0003
Z -0.0003  1.0000 -0.0091

PART 57
OFFSET  9.9032 -0.5067 -5.1724
X  0.0003 -0.0091 -1.0000
Y -1.0000 -0.0002 -0.0003
Z -0.0002  1.0000 -0.0091

PART 58
OFFSET  9.9034 -0.5109 -5.6386
X  0.0003 -0.0091 -1.0000
Y -1.0000 -0.0003 -0.0003
Z -0.0003  1.0000 -0.0091

PART 59
OFFSET  25.9325 -2.0945 -4.8678
X -0.0000  0.4115 -0.9114
Y  0.0698  0.9092  0.4105
Z  0.9976 -0.0636 -0.0287

PART 60
OFFSET  25.9325 -4.7244 -4.8678
X  0.0000  0.4115  0.9114
Y -0.0698  0.9092 -0.4105
Z -0.9976 -0.0636  0.0287

PART 61
OFFSET -6.5551 -7.9373 -5.6959
X -0.4471  0.1582  0.8804
Y -0.1653 -0.9819  0.0925
Z  0.8791 -0.1041  0.4651

PART 62
OFFSET -1.1481 -9.8501 -16.3434
X -0.5546 -0.4384 -0.7072
Y  0.7738  0.0407 -0.6321
Z  0.3059 -0.8979  0.3167

PART 63
OFFSET  3.5692 -6.1212 -10.3280
X -0.5546 -0.4384 -0.7072
Y  0.8156 -0.1180 -0.5664
Z  0.1649 -0.8910  0.4230

PART 64
OFFSET  3.4215 -4.4559 -9.2104
X -0.5602 -0.4360 -0.7044
Y -0.3156  0.8985 -0.3052
Z  0.7659  0.0513 -0.6409

PART 65
OFFSET  3.0582 -4.8273 -8.1528
X -0.5602 -0.4360 -0.7044
Y -0.3156  0.8985 -0.3052
Z  0.7659  0.0513 -0.6409

PART 66
OFFSET  3.8017 -6.0413 -7.8430
X -0.5602 -0.4360 -0.7044
Y -0.3156  0.8985 -0.3052
Z  0.7659  0.0513 -0.6409

PART 67
OFFSET  5.2695 -4.7772 -8.1598
X -0.9700 -0.0169 -0.2425
Y  0.2429 -0.1079 -0.9640
Z -0.0099 -0.9940  0.1088

PART 68
OFFSET  5.4755 -4.2573 -7.1650
X -0.6095 -0.6748 -0.4161
Y  0.4742  0.1103 -0.8735
Z  0.6353 -0.7297  0.2528

PART 69
OFFSET  6.7081 -2.7716 -6.1939
X -0.9026 -0.3584  0.2385
Y -0.0467 -0.4693 -0.8818
Z  0.4280 -0.8071  0.4068

PART 70
OFFSET  8.1145 -2.1307 -6.6770
X -0.4751  0.0294  0.8795
Y -0.6968 -0.6229 -0.3556
Z  0.5373 -0.7818  0.3164

PART 71
OFFSET  8.6155 -2.1162 -7.6365
X -0.8394  0.3955  0.3727
Y  0.0747  0.7632 -0.6418
Z -0.5383 -0.5109 -0.6702

PART 72
OFFSET  6.3524 -4.6775 -9.0088
X -0.9573 -0.0063  0.2891
Y  0.0515 -0.9875  0.1490
Z  0.2846  0.1575  0.9456

PART 73
OFFSET  8.5384 -4.5194 -9.5390
X -0.5075 -0.8325 -0.2224
Y  0.8483 -0.4374 -0.2982
Z  0.1510 -0.3401  0.9282

PART 74
OFFSET  9.2569 -3.3408 -9.2240
X  0.5880 -0.7254 -0.3580
Y  0.8021  0.5800  0.1423
Z  0.1044 -0.3708  0.9228

PART 75
OFFSET  8.7356 -2.6976 -8.9065
X  0.9619 -0.1682 -0.2155
Y  0.2270  0.9308  0.2867
Z  0.1524 -0.3247  0.9335

PART 76
OFFSET  7.8217 -2.5378 -8.7018
X -0.9002 -0.4087 -0.1501
Y -0.4284  0.7699  0.4731
Z -0.0778  0.4902 -0.8681

PART 77
OFFSET  6.4029 -4.7409 -8.2996
X -0.9989  0.0078  0.0457
Y -0.0006 -0.9878  0.1559
Z  0.0464  0.1557  0.9867

PART 78
OFFSET  8.9886 -4.8063 -8.5613
X -0.5304 -0.8456  0.0599
Y  0.7906 -0.5190 -0.3250
Z  0.3059 -0.1250  0.9438

PART 79
OFFSET  9.8917 -3.3666 -8.6633
X  0.6601 -0.6877 -0.3023
Y  0.6950  0.7118 -0.1016
Z  0.2851 -0.1431  0.9478

PART 80
OFFSET  8.9769 -2.4135 -8.2443
X  0.9438  0.2199 -0.2467
Y -0.1745  0.9656  0.1930
Z  0.2806 -0.1391  0.9497

PART 81
OFFSET  7.9533 -2.6519 -7.9767
X -0.6598 -0.7385  0.1386
Y -0.6958  0.6701  0.2585
Z -0.2838  0.0741 -0.9560

PART 82
OFFSET  1.0218 -5.2892 -8.2957
X -0.9624 -0.2714 -0.0115
Y -0.2629  0.9412 -0.2121
Z  0.0684 -0.2011 -0.9772

PART 83
OFFSET  8.8623 -4.9993 -6.4472
X -0.9752 -0.1426  0.1690
Y  0.1529 -0.9870  0.0495
Z  0.1597  0.0741  0.9844

PART 84
OFFSET  10.5793 -4.7482 -6.7447
X -0.3405 -0.9239  0.1748
Y  0.9273 -0.3607 -0.1003
Z  0.1557  0.1279  0.9795

PART 85
OFFSET  11.0027 -3.6173 -6.8977
X -0.1646 -0.9831  0.0807
Y  0.9748 -0.1746 -0.1386
Z  0.1503  0.0559  0.9871

PART 86
OFFSET  11.1886 -2.5069 -6.9888
X -0.7841  0.4933  0.3765
Y  0.4269  0.8691 -0.2497
Z -0.4504 -0.0351 -0.8922

PART 87
OFFSET  9.0241 -4.9398 -7.5385
X -0.5488 -0.8198  0.1636
Y  0.8083 -0.5703 -0.1461
Z  0.2131  0.0521  0.9757

PART 88
OFFSET  10.0962 -3.3383 -7.8580
X  0.6675 -0.7357 -0.1149
Y  0.7020  0.6732 -0.2323
Z  0.2483  0.0744  0.9658

PART 89
OFFSET  9.1212 -2.2637 -7.6902
X  0.9049  0.3074 -0.2944
Y -0.3316  0.9428 -0.0348
Z  0.2669  0.1291  0.9550

PART 90
OFFSET  8.0942 -2.6121 -7.3635
X -0.4991 -0.8461  0.1869
Y -0.8140  0.5318  0.2336
Z -0.2971 -0.0355 -0.9542

PART 91
OFFSET  3.4442 -4.4930 -9.2058
X -0.5601 -0.4362 -0.7043
Y -0.3154  0.8984 -0.3055
Z  0.7660  0.0511 -0.6408

PART 92
OFFSET  3.1002 -4.9080 -8.1358
X -0.5601 -0.4362 -0.7043
Y -0.3154  0.8984 -0.3055
Z  0.7660  0.0511 -0.6408

PART 93
OFFSET  3.7280 -6.0451 -7.7824
X -0.5601 -0.4362 -0.7043
Y -0.3154  0.8984 -0.3055
Z  0.7660  0.0511 -0.6408

PART 94
OFFSET  0.0000 -0.0000 -0.0000
X  1.0000 -0.0000  0.0000
Y  0.0000  1.0000  0.0000
Z  0.0000 -0.0000  1.0000

PART 95
OFFSET  0.0000 -0.0000 -0.0000
X  1.0000 -0.0000  0.0000
Y  0.0000  1.0000  0.0000
Z  0.0000 -0.0000  1.0000

PART 96
OFFSET  1.5404 -0.0000  4.1357
X  1.0000 -0.0000  0.0000
Y  0.0000  1.0000  0.0000
Z  0.0000 -0.0000  1.0000


FRAME 101
PART 0
OFFSET  0.0000 -0.0000  0.0000
X  1.0000 -0.0000  0.0000
Y  0.0000  1.0000  0.0000
Z  0.0000 -0.0000  1.0000

PART 1
OFFSET -7.6810 -0.0000 -1.3770
X  1.0000  0.0000  0.0000
Y -0.0000  1.0000  0.0000
Z  0.0000 -0.0000  1.0000

PART 2
OFFSET -1.6489  5.2787 -5.1688
X  0.8383  0.1618 -0.5207
Y -0.1028 -0.8909 -0.4423
Z -0.5355  0.4243 -0.7302

PART 3
OFFSET  8.4890  7.2357 -11.4661
X  0.5004 -0.7957  0.3413
Y -0.7867 -0.2534  0.5629
Z -0.3614 -0.5502 -0.7528

PART 4
OFFSET  12.7455  0.4684 -8.5630
X  0.5004 -0.7957  0.3413
Y  0.7066  0.6032  0.3701
Z -0.5003  0.0560  0.8640

PART 5
OFFSET  14.6347  0.5466 -7.0589
X  0.5061 -0.7926  0.3400
Y  0.3712  0.5560  0.7437
Z -0.7785 -0.2501  0.5756

PART 6
OFFSET  13.9769 -0.4222 -9.4734
X  0.5061 -0.7926  0.3400
Y  0.3712  0.5560  0.7437
Z -0.7785 -0.2501  0.5756

PART 7
OFFSET  13.1716 -0.5792 -6.0070
X  0.5061 -0.7926  0.3400
Y  0.3712  0.5560  0.7437
Z -0.7785 -0.2501  0.5756

PART 8
OFFSET  12.4795 -1.4318 -7.2717
X  0.5061 -0.7926  0.3400
Y  0.3712  0.5560  0.7437
Z -0.7785 -0.2501  0.5756

PART 9
OFFSET  11.8490 -1.9591 -8.6930
X  0.5061 -0.7926  0.3400
Y  0.3712  0.5560  0.7437
Z -0.7785 -0.2501  0.5756

PART 10
OFFSET  14.2797 -1.9708 -7.5167
X  0.9130 -0.3972  0.0932
Y  0.3380  0.8643  0.3725
Z -0.2285 -0.3086  0.9233

PART 11
OFFSET  14.9228 -1.4421 -6.7361
X  0.9353 -0.1228  0.3320
Y  0.1839  0.9699 -0.1594
Z -0.3024  0.2102  0.9297

PART 12
OFFSET  16.9425 -1.5986 -5.9840
X  0.8544 -0.5178  0.0437
Y  0.4972  0.8390  0.2208
Z -0.1510 -0.1669  0.9743

PART 13
OFFSET  18.2752 -2.5033 -5.8175
X  0.9357 -0.1530  0.3179
Y  0.1675  0.9857 -0.0186
Z -0.3105  0.0706  0.9480

PART 14
OFFSET  19.2757 -2.6488 -5.4307
X  0.9247  0.0448 -0.3781
Y -0.3546 -0.2602 -0.8981
Z -0.1386  0.9645 -0.2248

PART 15
OFFSET  14.6442 -3.2947 -7.6501
X  0.6207 -0.7832 -0.0353
Y -0.3084 -0.2853  0.9074
Z -0.7208 -0.5524 -0.4187

PART 16
OFFSET  16.1061 -5.0090 -7.5572
X  0.2288 -0.3684  0.9011
Y -0.3763  0.8202  0.4309
Z -0.8978 -0.4376  0.0490

PART 17
OFFSET  16.4300 -5.5307 -6.2815
X -0.0623  0.2831  0.9571
Y -0.4787  0.8329 -0.2776
Z -0.8758 -0.4754  0.0837

PART 18
OFFSET  16.3747 -5.2796 -5.4329
X -0.1495  0.4396  0.8857
Y -0.3980  0.7932 -0.4609
Z -0.9051 -0.4214  0.0564

PART 19
OFFSET  16.2327 -4.8620 -4.5915
X  0.4951 -0.7732 -0.3963
Y -0.3187  0.2627 -0.9107
Z  0.8083  0.5772 -0.1163

PART 20
OFFSET  15.1015 -2.7646 -7.5110
X  0.7637 -0.6453 -0.0202
Y -0.2618 -0.3381  0.9040
Z -0.5901 -0.6851 -0.4271

PART 21
OFFSET  17.0407 -4.4948 -7.5770
X  0.2360 -0.6684  0.7054
Y -0.3783  0.6054  0.7003
Z -0.8951 -0.4321 -0.1100

PART 22
OFFSET  17.4425 -5.6328 -6.3761
X -0.2543  0.2984  0.9199
Y -0.3907  0.8384 -0.3799
Z -0.8847 -0.4561 -0.0967

PART 23
OFFSET  17.0900 -5.2193 -5.1012
X -0.3412  0.4777  0.8096
Y -0.3209  0.7503 -0.5780
Z -0.8835 -0.4570 -0.1027

PART 24
OFFSET  16.7200 -4.7012 -4.2232
X  0.4194 -0.8425 -0.3382
Y -0.0291  0.3598 -0.9326
Z  0.9073  0.4010  0.1264

PART 25
OFFSET  17.5084 -1.9884 -6.1431
X  0.7301 -0.6267  0.2723
Y  0.4968  0.2133 -0.8412
Z  0.4691  0.7495  0.4671

PART 26
OFFSET  18.1771 -2.7519 -7.2158
X  0.5211 -0.8435  0.1305
Y -0.3416 -0.0659  0.9375
Z -0.7822 -0.5331 -0.3225

PART 27
OFFSET  19.0945 -4.2369 -6.9860
X -0.0387 -0.6045  0.7957
Y -0.6443  0.6238  0.4426
Z -0.7638 -0.4955 -0.4136

PART 28
OFFSET  19.0939 -4.9417 -5.9936
X -0.4145  0.0790  0.9066
Y -0.4757  0.8305 -0.2898
Z -0.7759 -0.5514 -0.3067

PART 29
OFFSET  18.6257 -4.8525 -4.9695
X  0.3461 -0.9305 -0.1198
Y  0.3531  0.2475 -0.9022
Z  0.8692  0.2700  0.4142

PART 30
OFFSET  17.6721 -3.7025 -7.4643
X  0.3834 -0.7724  0.5063
Y -0.4943  0.2915  0.8190
Z -0.7802 -0.5642 -0.2701

PART 31
OFFSET  18.4210 -5.2115 -6.4752
X -0.3601  0.0617  0.9309
Y -0.4692  0.8505 -0.2378
Z -0.8064 -0.5224 -0.2773

PART 32
OFFSET  17.8951 -5.1214 -5.1155
X -0.4960  0.3145  0.8094
Y -0.2941  0.8162 -0.4974
Z -0.8170 -0.4847 -0.3124

PART 33
OFFSET  17.3277 -4.7693 -4.2007
X  0.6204 -0.7314 -0.2830
Y  0.0331  0.3849 -0.9224
Z  0.7836  0.5629  0.2630

PART 34
OFFSET  16.2246 -3.9838 -6.0577
X -0.6402 -0.6669 -0.3813
Y  0.2285  0.3086 -0.9233
Z  0.7335 -0.6782 -0.0452

PART 35
OFFSET  14.5995  0.1180 -8.0057
X  0.5061 -0.7926  0.3400
Y  0.3712  0.5561  0.7436
Z -0.7785 -0.2502  0.5757

PART 36
OFFSET  13.9769 -0.4222 -9.4734
X  0.5061 -0.7926  0.3400
Y  0.3712  0.5561  0.7436
Z -0.7785 -0.2502  0.5757

PART 37
OFFSET  12.8245 -1.0038 -6.4803
X  0.5061 -0.7926  0.3400
Y  0.3712  0.5561  0.7436
Z -0.7785 -0.2502  0.5757

PART 38
OFFSET  12.1261 -1.7082 -7.3900
X  0.5061 -0.7926  0.3400
Y  0.3712  0.5561  0.7436
Z -0.7785 -0.2502  0.5757

PART 39
OFFSET  12.4696 -1.4931 -8.5176
X  0.5061 -0.7926  0.3400
Y  0.3712  0.5561  0.7436
Z -0.7785 -0.2502  0.5757

PART 40
OFFSET  10.0079 -3.5225 -6.2575
X  0.9999 -0.0166 -0.0037
Y  0.0165  0.9998 -0.0072
Z  0.0038  0.0072  1.0000

PART 41
OFFSET  10.0079 -3.5225 -6.2575
X  0.9999 -0.0166 -0.0037
Y  0.0165  0.9998 -0.0072
Z  0.0038  0.0072  1.0000

PART 42
OFFSET  12.5050 -4.2898 -4.6354
X  0.9999 -0.0166 -0.0037
Y  0.0165  0.9998 -0.0072
Z  0.0038  0.0072  1.0000

PART 43
OFFSET  17.1116 -3.6174 -3.1274
X  0.9999 -0.0166 -0.0037
Y  0.0134  0.9022 -0.4312
Z  0.0105  0.4311  0.9023

PART 44
OFFSET  12.1658 -3.5305 -2.4111
X  0.9999 -0.0166 -0.0037
Y  0.0165  0.9998 -0.0072
Z  0.0038  0.0072  1.0000

PART 45
OFFSET  7.8889 -3.4526 -1.4281
X  0.9999 -0.0166 -0.0037
Y  0.0165  0.9998 -0.0072
Z  0.0038  0.0072  1.0000

PART 46
OFFSET  10.4519  1.1354 -5.8025
X  0.9999 -0.0166 -0.0037
Y  0.0165  0.9998 -0.0072
Z  0.0038  0.0072  1.0000

PART 47
OFFSET  10.0186 -3.5415 -3.2823
X  0.0169  0.9888  0.1483
Y -0.9999  0.0166  0.0037
Z  0.0012 -0.1483  0.9889

PART 48
OFFSET  10.0265 -3.0806 -3.2131
X  0.0168  0.9885  0.1503
Y -0.9999  0.0165  0.0037
Z  0.0012 -0.1504  0.9886

PART 49
OFFSET  10.0343 -2.6198 -3.1430
X  0.0168  0.9906  0.1358
Y -0.9999  0.0165  0.0037
Z  0.0014 -0.1358  0.9907

PART 50
OFFSET  10.0422 -2.1579 -3.0798
X  0.0168  0.9964  0.0827
Y -0.9999  0.0165  0.0037
Z  0.0023 -0.0827  0.9966

PART 51
OFFSET  10.0500 -1.6934 -3.0412
X  0.0162  0.9986 -0.0512
Y -0.9999  0.0164  0.0034
Z  0.0042  0.0511  0.9987

PART 52
OFFSET  10.0575 -1.2279 -3.0650
X  0.0131  0.9001 -0.4355
Y -0.9999  0.0162  0.0034
Z  0.0102  0.4354  0.9002

PART 53
OFFSET  10.0631 -0.8484 -3.2486
X  0.0043  0.4477 -0.8942
Y -0.9999  0.0162  0.0033
Z  0.0160  0.8940  0.4477

PART 54
OFFSET  10.0651 -0.6387 -3.6676
X -0.0018  0.0911 -0.9958
Y -0.9999  0.0162  0.0033
Z  0.0164  0.9957  0.0911

PART 55
OFFSET  10.0642 -0.5962 -4.1318
X -0.0035 -0.0159 -0.9999
Y -0.9999  0.0162  0.0032
Z  0.0162  0.9997 -0.0160

PART 56
OFFSET  10.0625 -0.6036 -4.5979
X -0.0037 -0.0163 -0.9999
Y -0.9999  0.0162  0.0034
Z  0.0162  0.9997 -0.0163

PART 57
OFFSET  10.0608 -0.6113 -5.0640
X -0.0037 -0.0163 -0.9999
Y -0.9999  0.0163  0.0034
Z  0.0163  0.9997 -0.0163

PART 58
OFFSET  10.0591 -0.6188 -5.5302
X -0.0037 -0.0162 -0.9999
Y -0.9999  0.0163  0.0034
Z  0.0162  0.9997 -0.0163

PART 59
OFFSET  26.0627 -2.4622 -4.8072
X  0.0033  0.4049 -0.9143
Y  0.0863  0.9108  0.4037
Z  0.9963 -0.0803 -0.0319

PART 60
OFFSET  26.0192 -5.0917 -4.7882
X  0.0103  0.4180  0.9084
Y -0.0563  0.9073 -0.4168
Z -0.9984 -0.0468  0.0328

PART 61
OFFSET -6.8837 -7.9373 -5.6959
X -0.4704  0.1436  0.8707
Y -0.1769 -0.9820  0.0664
Z  0.8645 -0.1228  0.4873

PART 62
OFFSET -1.1946 -9.6740 -16.2259
X -0.5652 -0.4190 -0.7106
Y  0.7728  0.0323 -0.6338
Z  0.2885 -0.9074  0.3055

PART 63
OFFSET  3.6129 -6.1103 -10.1819
X -0.5652 -0.4190 -0.7106
Y  0.8126 -0.1344 -0.5671
Z  0.1421 -0.8980  0.4164

PART 64
OFFSET  3.5019 -4.4552 -9.0450
X -0.5707 -0.4165 -0.7077
Y -0.2981  0.9081 -0.2940
Z  0.7651  0.0432 -0.6424

PART 65
OFFSET  3.1339 -4.8312 -7.9907
X -0.5707 -0.4165 -0.7077
Y -0.2981  0.9081 -0.2940
Z  0.7651  0.0432 -0.6424

PART 66
OFFSET  3.8535 -6.0635 -7.6969
X -0.5707 -0.4165 -0.7077
Y -0.2981  0.9081 -0.2940
Z  0.7651  0.0432 -0.6424

PART 67
OFFSET  5.3457 -4.8257 -8.0034
X -0.9711 -0.0026 -0.2388
Y  0.2374 -0.1188 -0.9641
Z -0.0259 -0.9929  0.1160

PART 68
OFFSET  5.5641 -4.3022 -7.0132
X -0.6222 -0.6676 -0.4090
Y  0.4727  0.0961 -0.8760
Z  0.6241 -0.7383  0.2557

PART 69
OFFSET  6.8248 -2.8302 -6.0574
X -0.9075 -0.3417  0.2444
Y -0.0578 -0.4747 -0.8782
Z  0.4161 -0.8111  0.4110

PART 70
OFFSET  8.2397 -2.2162 -6.5503
X -0.4712  0.0436  0.8810
Y -0.7084 -0.6138 -0.3485
Z  0.5255 -0.7883  0.3201

PART 71
OFFSET  8.7372 -2.2168 -7.5117
X -0.8314  0.4120  0.3729
Y  0.0849  0.7573 -0.6475
Z -0.5492 -0.5067 -0.6645

PART 72
OFFSET  6.4269 -4.7501 -8.8571
X -0.9561  0.0116  0.2927
Y  0.0357 -0.9871  0.1559
Z  0.2907  0.1595  0.9434

PART 73
OFFSET  8.6131 -4.6320 -9.3965
X -0.5220 -0.8255 -0.2145
Y  0.8399 -0.4536 -0.2982
Z  0.1489 -0.3359  0.9301

PART 74
OFFSET  9.3523 -3.4632 -9.0927
X  0.5745 -0.7375 -0.3549
Y  0.8121  0.5676  0.1351
Z  0.1018 -0.3659  0.9251

PART 75
OFFSET  8.8429 -2.8093 -8.7779
X  0.9582 -0.1857 -0.2178
Y  0.2434  0.9289  0.2791
Z  0.1505 -0.3205  0.9352

PART 76
OFFSET  7.9326 -2.6329 -8.5710
X -0.9074 -0.3948 -0.1438
Y -0.4138  0.7802  0.4691
Z -0.0729  0.4852 -0.8714

PART 77
OFFSET  6.4790 -4.8092 -8.1476
X -0.9985  0.0247  0.0493
Y -0.0163 -0.9865  0.1630
Z  0.0527  0.1620  0.9854

PART 78
OFFSET  9.0623 -4.9193 -8.4184
X -0.5441 -0.8363  0.0680
Y  0.7807 -0.5343 -0.3242
Z  0.3074 -0.1233  0.9436

PART 79
OFFSET  9.9887 -3.4955 -8.5341
X  0.6474 -0.7007 -0.2998
Y  0.7063  0.6994 -0.1093
Z  0.2863 -0.1410  0.9477

PART 80
OFFSET  9.0914 -2.5244 -8.1186
X  0.9464  0.2024 -0.2517
Y -0.1578  0.9697  0.1867
Z  0.2819 -0.1369  0.9496

PART 81
OFFSET  8.0650 -2.7439 -7.8456
X -0.6714 -0.7265  0.1463
Y -0.6836  0.6834  0.2562
Z -0.2862  0.0720 -0.9555

PART 82
OFFSET  1.0897 -5.2683 -8.1199
X -0.9668 -0.2555 -0.0060
Y -0.2481  0.9439 -0.2179
Z  0.0613 -0.2092 -0.9760

PART 83
OFFSET  8.9409 -5.0951 -6.3025
X -0.9768 -0.1252  0.1736
Y  0.1367 -0.9890  0.0561
Z  0.1647  0.0785  0.9832

PART 84
OFFSET  10.6606 -4.8746 -6.6082
X -0.3551 -0.9168  0.1827
Y  0.9208 -0.3767 -0.1011
Z  0.1615  0.1323  0.9780

PART 85
OFFSET  11.1021 -3.7520 -6.7709
X -0.1805 -0.9796  0.0884
Y  0.9713 -0.1917 -0.1409
Z  0.1550  0.0604  0.9861

PART 86
OFFSET  11.3060 -2.6455 -6.8707
X -0.7744  0.5090  0.3758
Y  0.4403  0.8601 -0.2575
Z -0.4543 -0.0340 -0.8902

PART 87
OFFSET  9.0995 -5.0461 -7.3948
X -0.5616 -0.8094  0.1715
Y  0.7982 -0.5846 -0.1450
Z  0.2176  0.0555  0.9745

PART 88
OFFSET  10.1967 -3.4649 -7.7298
X  0.6548 -0.7475 -0.1121
Y  0.7121  0.6598 -0.2398
Z  0.2532  0.0772  0.9643

PART 89
OFFSET  9.2402 -2.3731 -7.5662
X  0.9087  0.2903 -0.3000
Y -0.3161  0.9479 -0.0404
Z  0.2726  0.1315  0.9531

PART 90
OFFSET  8.2089 -2.7021 -7.2332
X -0.5123 -0.8364  0.1949
Y -0.8042  0.5469  0.2328
Z -0.3013 -0.0374 -0.9528

PART 91
OFFSET  3.5239 -4.4928 -9.0410
X -0.5706 -0.4167 -0.7076
Y -0.2980  0.9080 -0.2944
Z  0.7652  0.0429 -0.6423

PART 92
OFFSET  3.1743 -4.9129 -7.9747
X -0.5706 -0.4167 -0.7076
Y -0.2980  0.9080 -0.2944
Z  0.7652  0.0429 -0.6423

PART 93
OFFSET  3.7798 -6.0665 -7.6361
X -0.5706 -0.4167 -0.7076
Y -0.2980  0.9080 -0.2944
Z  0.7652  0.0429 -0.6423

PART 94
OFFSET  0.0000 -0.0000 -0.0000
X  1.0000 -0.0000  0.0000
Y  0.0000  1.0000  0.0000
Z  0.0000 -0.0000  1.0000

PART 95
OFFSET  0.0000 -0.0000 -0.0000
X  1.0000 -0.0000  0.0000
Y  0.0000  1.0000  0.0000
Z  0.0000 -0.0000  1.0000

PART 96
OFFSET  1.5404 -0.0000  4.1357
X  1.0000 -0.0000  0.0000
Y  0.0000  1.0000  0.0000
Z  0.0000 -0.0000  1.0000


FRAME 102
PART 0
OFFSET  0.0000 -0.0000  0.0000
X  1.0000 -0.0000  0.0000
Y  0.0000  1.0000  0.0000
Z  0.0000 -0.0000  1.0000

PART 1
OFFSET -7.6810 -0.0000 -1.3770
X  1.0000  0.0000  0.0000
Y -0.0000  1.0000  0.0000
Z  0.0000 -0.0000  1.0000

PART 2
OFFSET -1.6489  5.2787 -5.3085
X  0.8410  0.1067 -0.5304
Y -0.1257 -0.9150 -0.3833
Z -0.5262  0.3891 -0.7561

PART 3
OFFSET  8.5219  6.5685 -11.7237
X  0.5093 -0.7764  0.3712
Y -0.7739 -0.2245  0.5922
Z -0.3764 -0.5889 -0.7152

PART 4
OFFSET  12.8536 -0.0351 -8.5661
X  0.5093 -0.7764  0.3712
Y  0.6987  0.6249  0.3484
Z -0.5024  0.0820  0.8607

PART 5
OFFSET  14.7746  0.1228 -7.1093
X  0.5149 -0.7735  0.3697
Y  0.3861  0.5942  0.7056
Z -0.7654 -0.2206  0.6046

PART 6
OFFSET  14.0669 -0.9707 -9.4554
X  0.5149 -0.7735  0.3697
Y  0.3861  0.5942  0.7056
Z -0.7654 -0.2206  0.6046

PART 7
OFFSET  13.3368 -0.9481 -5.9690
X  0.5149 -0.7735  0.3697
Y  0.3861  0.5942  0.7056
Z -0.7654 -0.2206  0.6046

PART 8
OFFSET  12.6194 -1.8659 -7.1724
X  0.5149 -0.7735  0.3697
Y  0.3861  0.5942  0.7056
Z -0.7654 -0.2206  0.6046

PART 9
OFFSET  11.9594 -2.4669 -8.5505
X  0.5149 -0.7735  0.3697
Y  0.3861  0.5942  0.7056
Z -0.7654 -0.2206  0.6046

PART 10
OFFSET  14.4149 -2.4153 -7.4280
X  0.8985 -0.4298  0.0897
Y  0.3766  0.8595  0.3457
Z -0.2256 -0.2768  0.9341

PART 11
OFFSET  15.0899 -1.8929 -6.6706
X  0.9350 -0.1507  0.3211
Y  0.2184  0.9579 -0.1865
Z -0.2795  0.2445  0.9285

PART 12
OFFSET  17.1138 -2.1088 -5.9445
X  0.8345 -0.5493  0.0441
Y  0.5324  0.8244  0.1923
Z -0.1420 -0.1370  0.9803

PART 13
OFFSET  18.4133 -3.0600 -5.7750
X  0.9340 -0.1813  0.3078
Y  0.2048  0.9777 -0.0458
Z -0.2926  0.1058  0.9503

PART 14
OFFSET  19.4134 -3.2346 -5.3994
X  0.9197 -0.0003 -0.3927
Y -0.3784 -0.2683 -0.8859
Z -0.1051  0.9633 -0.2469

PART 15
OFFSET  14.7263 -3.7552 -7.5335
X  0.5897 -0.8073 -0.0247
Y -0.3048 -0.2508  0.9188
Z -0.7479 -0.5342 -0.3940

PART 16
OFFSET  16.1228 -5.5220 -7.4190
X  0.2286 -0.3548  0.9066
Y -0.3378  0.8445  0.4156
Z -0.9130 -0.4012  0.0732

PART 17
OFFSET  16.4464 -6.0243 -6.1355
X -0.0364  0.3088  0.9504
Y -0.4508  0.8438 -0.2914
Z -0.8919 -0.4390  0.1085

PART 18
OFFSET  16.4142 -5.7505 -5.2928
X -0.1187  0.4666  0.8765
Y -0.3745  0.7964 -0.4747
Z -0.9196 -0.3846  0.0803

PART 19
OFFSET  16.3014 -5.3072 -4.4601
X  0.4589 -0.8013 -0.3839
Y -0.3226  0.2524 -0.9123
Z  0.8279  0.5425 -0.1427

PART 20
OFFSET  15.2057 -3.2399 -7.4145
X  0.7380 -0.6746 -0.0152
Y -0.2603 -0.3054  0.9160
Z -0.6226 -0.6720 -0.4010

PART 21
OFFSET  17.0760 -5.0450 -7.4655
X  0.2213 -0.6595  0.7184
Y -0.3438  0.6366  0.6903
Z -0.9126 -0.3997 -0.0859

PART 22
OFFSET  17.4527 -6.1677 -6.2424
X -0.2283  0.3305  0.9158
Y -0.3642  0.8433 -0.3951
Z -0.9029 -0.4237 -0.0721

PART 23
OFFSET  17.1363 -5.7097 -4.9732
X -0.3099  0.5103  0.8022
Y -0.3010  0.7477 -0.5919
Z -0.9019 -0.4249 -0.0781

PART 24
OFFSET  16.8003 -5.1563 -4.1032
X  0.3815 -0.8661 -0.3230
Y -0.0300  0.3377 -0.9408
Z  0.9239  0.3686  0.1029

PART 25
OFFSET  17.6618 -2.5240 -6.1021
X  0.7098 -0.6476  0.2772
Y  0.4914  0.1732 -0.8535
Z  0.5047  0.7420  0.4412

PART 26
OFFSET  18.2838 -3.3389 -7.1650
X  0.4904 -0.8595  0.1440
Y -0.3291 -0.0296  0.9438
Z -0.8070 -0.5103 -0.2974

PART 27
OFFSET  19.1472 -4.8522 -6.9115
X -0.0493 -0.5828  0.8111
Y -0.6129  0.6589  0.4362
Z -0.7886 -0.4756 -0.3897

PART 28
OFFSET  19.1351 -5.5319 -5.9018
X -0.3969  0.1172  0.9104
Y -0.4480  0.8409 -0.3036
Z -0.8011 -0.5283 -0.2812

PART 29
OFFSET  18.6868 -5.3995 -4.8735
X  0.3083 -0.9459 -0.1014
Y  0.3481  0.2114 -0.9133
Z  0.8853  0.2462  0.3945

PART 30
OFFSET  17.7389 -4.2751 -7.3821
X  0.3614 -0.7740  0.5199
Y -0.4698  0.3304  0.8186
Z -0.8054 -0.5401 -0.2443

PART 31
OFFSET  18.4450 -5.7872 -6.3665
X -0.3428  0.0984  0.9342
Y -0.4399  0.8619 -0.2522
Z -0.8300 -0.4974 -0.2521

PART 32
OFFSET  17.9443 -5.6435 -5.0019
X -0.4709  0.3532  0.8084
Y -0.2704  0.8145 -0.5133
Z -0.8397 -0.4603 -0.2880

PART 33
OFFSET  17.4052 -5.2473 -4.0880
X  0.5874 -0.7616 -0.2736
Y  0.0333  0.3605 -0.9321
Z  0.8086  0.5385  0.2372

PART 34
OFFSET  16.3040 -4.4655 -5.9477
X -0.6711 -0.6508 -0.3550
Y  0.2256  0.2768 -0.9341
Z  0.7062 -0.7070 -0.0389

PART 35
OFFSET  14.7199 -0.3544 -8.0316
X  0.5149 -0.7734  0.3697
Y  0.3861  0.5943  0.7056
Z -0.7654 -0.2206  0.6046

PART 36
OFFSET  14.0669 -0.9707 -9.4555
X  0.5149 -0.7734  0.3697
Y  0.3861  0.5943  0.7056
Z -0.7654 -0.2206  0.6046

PART 37
OFFSET  12.9805 -1.3971 -6.4120
X  0.5149 -0.7734  0.3697
Y  0.3861  0.5943  0.7056
Z -0.7654 -0.2206  0.6046

PART 38
OFFSET  12.2640 -2.1484 -7.2686
X  0.5149 -0.7734  0.3697
Y  0.3861  0.5943  0.7056
Z -0.7654 -0.2206  0.6046

PART 39
OFFSET  12.5827 -1.9919 -8.4129
X  0.5149 -0.7734  0.3697
Y  0.3861  0.5943  0.7056
Z -0.7654 -0.2206  0.6046

PART 40
OFFSET  10.1071 -3.7693 -6.0674
X  0.9983 -0.0553 -0.0180
Y  0.0547  0.9980 -0.0326
Z  0.0198  0.0316  0.9993

PART 41
OFFSET  10.1071 -3.7693 -6.0674
X  0.9983 -0.0553 -0.0180
Y  0.0547  0.9980 -0.0326
Z  0.0198  0.0316  0.9993

PART 42
OFFSET  12.5981 -4.5925 -4.4635
X  0.9983 -0.0553 -0.0180
Y  0.0547  0.9980 -0.0326
Z  0.0198  0.0316  0.9993

PART 43
OFFSET  17.2502 -4.0619 -3.0408
X  0.9983 -0.0553 -0.0180
Y  0.0411  0.8901 -0.4539
Z  0.0411  0.4524  0.8909

PART 44
OFFSET  12.3232 -3.7662 -2.2542
X  0.9983 -0.0553 -0.0180
Y  0.0547  0.9980 -0.0326
Z  0.0198  0.0316  0.9993

PART 45
OFFSET  8.0683 -3.4989 -1.2106
X  0.9983 -0.0553 -0.0180
Y  0.0547  0.9980 -0.0326
Z  0.0198  0.0316  0.9993

PART 46
OFFSET  10.7363  0.8777 -5.7363
X  0.9983 -0.0553 -0.0180
Y  0.0547  0.9980 -0.0326
Z  0.0198  0.0316  0.9993

PART 47
OFFSET  10.1638 -3.7156 -3.0931
X  0.0571  0.9908  0.1231
Y -0.9983  0.0553  0.0180
Z  0.0110 -0.1239  0.9922

PART 48
OFFSET  10.1903 -3.2538 -3.0357
X  0.0570  0.9905  0.1251
Y -0.9983  0.0552  0.0180
Z  0.0109 -0.1260  0.9920

PART 49
OFFSET  10.2169 -2.7920 -2.9774
X  0.0569  0.9922  0.1106
Y -0.9983  0.0552  0.0180
Z  0.0117 -0.1114  0.9937

PART 50
OFFSET  10.2434 -2.3294 -2.9259
X  0.0562  0.9968  0.0573
Y -0.9983  0.0553  0.0180
Z  0.0148 -0.0582  0.9982

PART 51
OFFSET  10.2697 -1.8647 -2.8991
X  0.0536  0.9956 -0.0765
Y -0.9983  0.0551  0.0177
Z  0.0219  0.0754  0.9969

PART 52
OFFSET  10.2947 -1.4006 -2.9347
X  0.0407  0.8879 -0.4582
Y -0.9983  0.0549  0.0177
Z  0.0409  0.4567  0.8887

PART 53
OFFSET  10.3118 -1.0263 -3.1279
X  0.0074  0.4251 -0.9051
Y -0.9983  0.0549  0.0177
Z  0.0572  0.9035  0.4248

PART 54
OFFSET  10.3153 -0.8271 -3.5520
X -0.0140  0.0666 -0.9977
Y -0.9983  0.0549  0.0176
Z  0.0560  0.9963  0.0657

PART 55
OFFSET  10.3088 -0.7960 -4.0170
X -0.0198 -0.0403 -0.9990
Y -0.9983  0.0549  0.0175
Z  0.0542  0.9977 -0.0413

PART 56
OFFSET  10.2995 -0.8148 -4.4828
X -0.0200 -0.0407 -0.9990
Y -0.9983  0.0549  0.0178
Z  0.0542  0.9977 -0.0417

PART 57
OFFSET  10.2902 -0.8338 -4.9484
X -0.0200 -0.0407 -0.9990
Y -0.9983  0.0551  0.0177
Z  0.0543  0.9977 -0.0417

PART 58
OFFSET  10.2809 -0.8528 -5.4142
X -0.0200 -0.0406 -0.9990
Y -0.9983  0.0550  0.0178
Z  0.0542  0.9977 -0.0416

PART 59
OFFSET  26.2115 -3.2953 -4.8809
X  0.0045  0.3819 -0.9242
Y  0.1275  0.9164  0.3793
Z  0.9918 -0.1195 -0.0446

PART 60
OFFSET  26.0676 -5.9198 -4.7951
X  0.0405  0.4394  0.8974
Y -0.0280  0.8982 -0.4386
Z -0.9988 -0.0074  0.0487

PART 61
OFFSET -7.7500 -7.9373 -5.6959
X -0.5188  0.1145  0.8472
Y -0.1966 -0.9804  0.0122
Z  0.8320 -0.1602  0.5311

PART 62
OFFSET -1.4758 -9.3225 -15.9418
X -0.5918 -0.3793 -0.7113
Y  0.7647  0.0149 -0.6442
Z  0.2550 -0.9252  0.2812

PART 63
OFFSET  3.5575 -6.0965 -9.8918
X -0.5918 -0.3793 -0.7113
Y  0.8009 -0.1768 -0.5721
Z  0.0913 -0.9082  0.4084

PART 64
OFFSET  3.5305 -4.4645 -8.7172
X -0.5971 -0.3766 -0.7083
Y -0.2644  0.9260 -0.2695
Z  0.7573  0.0263 -0.6525

PART 65
OFFSET  3.1619 -4.8488 -7.6662
X -0.5971 -0.3766 -0.7083
Y -0.2644  0.9260 -0.2695
Z  0.7573  0.0263 -0.6525

PART 66
OFFSET  3.8339 -6.1159 -7.4102
X -0.5971 -0.3766 -0.7083
Y -0.2644  0.9260 -0.2695
Z  0.7573  0.0263 -0.6525

PART 67
OFFSET  5.3717 -4.9338 -7.7112
X -0.9741  0.0291 -0.2243
Y  0.2175 -0.1516 -0.9642
Z -0.0621 -0.9880  0.1413

PART 68
OFFSET  5.6254 -4.3949 -6.7377
X -0.6536 -0.6529 -0.3828
Y  0.4622  0.0562 -0.8850
Z  0.5993 -0.7554  0.2650

PART 69
OFFSET  6.9564 -2.9497 -5.8379
X -0.9160 -0.3002  0.2663
Y -0.0897 -0.4936 -0.8651
Z  0.3911 -0.8163  0.4251

PART 70
OFFSET  8.3859 -2.4032 -6.3669
X -0.4553  0.0834  0.8864
Y -0.7368 -0.5943 -0.3225
Z  0.4999 -0.7999  0.3320

PART 71
OFFSET  8.8679 -2.4466 -7.3352
X -0.8090  0.4529  0.3746
Y  0.1036  0.7373 -0.6676
Z -0.5786 -0.5012 -0.6434

PART 72
OFFSET  6.4414 -4.9209 -8.5823
X -0.9503  0.0558  0.3063
Y  0.0003 -0.9836  0.1802
Z  0.3114  0.1713  0.9347

PART 73
OFFSET  8.6218 -4.9007 -9.1566
X -0.5565 -0.8097 -0.1860
Y  0.8171 -0.4929 -0.2991
Z  0.1505 -0.3184  0.9359

PART 74
OFFSET  9.4099 -3.7543 -8.8932
X  0.5402 -0.7677 -0.3447
Y  0.8353  0.5389  0.1088
Z  0.1022 -0.3467  0.9324

PART 75
OFFSET  8.9309 -3.0737 -8.5876
X  0.9468 -0.2279 -0.2272
Y  0.2832  0.9254  0.2520
Z  0.1528 -0.3030  0.9407

PART 76
OFFSET  8.0313 -2.8572 -8.3717
X -0.9240 -0.3628 -0.1205
Y -0.3762  0.8069  0.4553
Z -0.0680  0.4661 -0.8821

PART 77
OFFSET  6.5023 -4.9646 -7.8724
X -0.9959  0.0645  0.0634
Y -0.0516 -0.9808  0.1880
Z  0.0743  0.1840  0.9801

PART 78
OFFSET  9.0749 -5.1811 -8.1784
X -0.5746 -0.8127  0.0970
Y  0.7545 -0.5719 -0.3221
Z  0.3172 -0.1119  0.9417

PART 79
OFFSET  10.0533 -3.7975 -8.3435
X  0.6153 -0.7323 -0.2916
Y  0.7308  0.6687 -0.1373
Z  0.2955 -0.1286  0.9466

PART 80
OFFSET  9.2004 -2.7825 -7.9394
X  0.9494  0.1594 -0.2707
Y -0.1176  0.9793  0.1645
Z  0.2913 -0.1244  0.9485

PART 81
OFFSET  8.1708 -2.9554 -7.6458
X -0.6963 -0.6962  0.1744
Y -0.6528  0.7154  0.2490
Z -0.2981  0.0595 -0.9527

PART 82
OFFSET  1.1005 -5.2141 -7.7538
X -0.9758 -0.2180  0.0147
Y -0.2152  0.9472 -0.2379
Z  0.0380 -0.2353 -0.9712

PART 83
OFFSET  8.9801 -5.3000 -6.0572
X -0.9781 -0.0830  0.1911
Y  0.0996 -0.9919  0.0789
Z  0.1830  0.0962  0.9784

PART 84
OFFSET  10.7020 -5.1538 -6.3936
X -0.3870 -0.8976  0.2109
Y  0.9040 -0.4144 -0.1051
Z  0.1818  0.1500  0.9718

PART 85
OFFSET  11.1835 -4.0534 -6.5909
X -0.2165 -0.9694  0.1156
Y  0.9609 -0.2325 -0.1503
Z  0.1726  0.0786  0.9818

PART 86
OFFSET  11.4281 -2.9585 -6.7215
X -0.7484  0.5476  0.3742
Y  0.4688  0.8359 -0.2855
Z -0.4692 -0.0382 -0.8823

PART 87
OFFSET  9.1233 -5.2840 -7.1526
X -0.5895 -0.7826  0.2001
Y  0.7729 -0.6184 -0.1419
Z  0.2348  0.0710  0.9694

PART 88
OFFSET  10.2748 -3.7552 -7.5434
X  0.6239 -0.7747 -0.1029
Y  0.7330  0.6257 -0.2668
Z  0.2710  0.0910  0.9583

PART 89
OFFSET  9.3636 -2.6235 -7.3932
X  0.9144  0.2474 -0.3205
Y -0.2801  0.9581 -0.0595
Z  0.2924  0.1442  0.9454

PART 90
OFFSET  8.3257 -2.9042 -7.0369
X -0.5409 -0.8109  0.2234
Y -0.7789  0.5831  0.2308
Z -0.3174 -0.0491 -0.9470

PART 91
OFFSET  3.5510 -4.5030 -8.7143
X -0.5970 -0.3768 -0.7082
Y -0.2642  0.9259 -0.2699
Z  0.7575  0.0260 -0.6524

PART 92
OFFSET  3.1991 -4.9325 -7.6526
X -0.5970 -0.3768 -0.7082
Y -0.2642  0.9259 -0.2699
Z  0.7575  0.0260 -0.6524

PART 93
OFFSET  3.7610 -6.1173 -7.3483
X -0.5970 -0.3768 -0.7082
Y -0.2642  0.9259 -0.2699
Z  0.7575  0.0260 -0.6524

PART 94
OFFSET  0.0000 -0.0000 -0.0000
X  1.0000 -0.0000  0.0000
Y  0.0000  1.0000  0.0000
Z  0.0000 -0.0000  1.0000

PART 95
OFFSET  0.0000 -0.0000 -0.0000
X  1.0000 -0.0000  0.0000
Y  0.0000  1.0000  0.0000
Z  0.0000 -0.0000  1.0000

PART 96
OFFSET  1.5404 -0.0000  4.1357
X  1.0000 -0.0000  0.0000
Y  0.0000  1.0000  0.0000
Z  0.0000 -0.0000  1.0000


FRAME 103
PART 0
OFFSET  0.0000 -0.0000  0.0000
X  1.0000 -0.0000  0.0000
Y  0.0000  1.0000  0.0000
Z  0.0000 -0.0000  1.0000

PART 1
OFFSET -7.6810 -0.0000 -1.3770
X  1.0000  0.0000  0.0000
Y -0.0000  1.0000  0.0000
Z  0.0000 -0.0000  1.0000

PART 2
OFFSET -1.6489  5.2787 -5.5230
X  0.8372  0.0354 -0.5457
Y -0.1599 -0.9384 -0.3062
Z -0.5230  0.3436 -0.7800

PART 3
OFFSET  8.4764  5.7072 -12.1228
X  0.5146 -0.7546  0.4072
Y -0.7562 -0.1756  0.6303
Z -0.4041 -0.6322 -0.6610

PART 4
OFFSET  12.8530 -0.7111 -8.6598
X  0.5146 -0.7546  0.4072
Y  0.7040  0.6429  0.3018
Z -0.4895  0.1313  0.8621

PART 5
OFFSET  14.8212 -0.4745 -7.2785
X  0.5201 -0.7518  0.4052
Y  0.4135  0.6368  0.6508
Z -0.7473 -0.1709  0.6421

PART 6
OFFSET  14.0292 -1.7176 -9.5210
X  0.5201 -0.7518  0.4052
Y  0.4135  0.6368  0.6508
Z -0.7473 -0.1709  0.6421

PART 7
OFFSET  13.4121 -1.4503 -6.0229
X  0.5201 -0.7518  0.4052
Y  0.4135  0.6368  0.6508
Z -0.7473 -0.1709  0.6421

PART 8
OFFSET  12.6486 -2.4403 -7.1376
X  0.5201 -0.7518  0.4052
Y  0.4135  0.6368  0.6508
Z -0.7473 -0.1709  0.6421

PART 9
OFFSET  11.9397 -3.1267 -8.4498
X  0.5201 -0.7518  0.4052
Y  0.4135  0.6368  0.6508
Z -0.7473 -0.1709  0.6421

PART 10
OFFSET  14.4304 -3.0245 -7.4116
X  0.8769 -0.4731  0.0847
Y  0.4315  0.8525  0.2950
Z -0.2118 -0.2221  0.9517

PART 11
OFFSET  15.1543 -2.5058 -6.6980
X  0.9349 -0.1863  0.3019
Y  0.2628  0.9354 -0.2366
Z -0.2383  0.3006  0.9235

PART 12
OFFSET  17.1849 -2.7977 -6.0187
X  0.8054 -0.5909  0.0466
Y  0.5805  0.8022  0.1392
Z -0.1196 -0.0851  0.9892

PART 13
OFFSET  18.4370 -3.8090 -5.8411
X  0.9320 -0.2174  0.2901
Y  0.2545  0.9622 -0.0967
Z -0.2581  0.1639  0.9521

PART 14
OFFSET  19.4374 -4.0202 -5.4854
X  0.9062 -0.0675 -0.4174
Y -0.4183 -0.2870 -0.8618
Z -0.0616  0.9556 -0.2883

PART 15
OFFSET  14.6677 -4.3826 -7.4633
X  0.5454 -0.8382 -0.0035
Y -0.2900 -0.1926  0.9375
Z -0.7864 -0.5103 -0.3481

PART 16
OFFSET  15.9720 -6.2152 -7.3055
X  0.2367 -0.3256  0.9154
Y -0.2803  0.8792  0.3852
Z -0.9303 -0.3478  0.1168

PART 17
OFFSET  16.3071 -6.6761 -6.0095
X  0.0084  0.3526  0.9357
Y -0.4143  0.8529 -0.3176
Z -0.9101 -0.3850  0.1532

PART 18
OFFSET  16.3145 -6.3635 -5.1798
X -0.0677  0.5112  0.8568
Y -0.3462  0.7934 -0.5007
Z -0.9357 -0.3305  0.1233

PART 19
OFFSET  16.2503 -5.8779 -4.3658
X  0.4044 -0.8412 -0.3589
Y -0.3361  0.2283 -0.9138
Z  0.8506  0.4901 -0.1904

PART 20
OFFSET  15.1769 -3.8891 -7.3816
X  0.7007 -0.7134 -0.0042
Y -0.2485 -0.2496  0.9359
Z -0.6688 -0.6548 -0.3521

PART 21
OFFSET  16.9472 -5.7928 -7.4003
X  0.2077 -0.6376  0.7418
Y -0.2890  0.6845  0.6692
Z -0.9345 -0.3534 -0.0421

PART 22
OFFSET  17.3008 -6.8783 -6.1373
X -0.1830  0.3830  0.9054
Y -0.3310  0.8432 -0.4236
Z -0.9257 -0.3773 -0.0275

PART 23
OFFSET  17.0471 -6.3475 -4.8825
X -0.2585  0.5617  0.7859
