// Export filename: `C:\projects\cod\t5\xanim_export\t5_viewmodels\m60\m60_grip_idle.XANIM_EXPORT`
// Source filename: `D:\projects\devanim\t5\animation_assets\rigs\viewmodels\t5_weapon\ViewModel_M60_Rig.fbx`
// Export time: Mon Jul 12 20:36:21 2010

ANIMATION
VERSION 3

NUMPARTS 97
PART 0 "tag_ads"
PART 1 "tag_torso"
PART 2 "J_Shoulder_LE"
PART 3 "J_Elbow_LE"
PART 4 "J_WristTwist_LE"
PART 5 "J_Sleave_Reshape_Bottom_LE_1"
PART 6 "J_Sleave_Reshape_Bottom_LE_2"
PART 7 "J_Sleave_Reshape_Top_LE_1"
PART 8 "J_Sleave_Reshape_Top_LE_2"
PART 9 "J_Sleave_Reshape_Top_LE_3"
PART 10 "J_Wrist_LE"
PART 11 "J_Thumb_LE_0"
PART 12 "J_Thumb_LE_1"
PART 13 "J_Thumb_LE_2"
PART 14 "J_Thumb_LE_3"
PART 15 "J_PinkyPalm_LE"
PART 16 "J_Pinky_LE_0"
PART 17 "J_Pinky_LE_1"
PART 18 "J_Pinky_LE_2"
PART 19 "J_Pinky_LE_3"
PART 20 "J_RingPalm_LE"
PART 21 "J_Ring_LE_0"
PART 22 "J_Ring_LE_1"
PART 23 "J_Ring_LE_2"
PART 24 "J_Ring_LE_3"
PART 25 "J_Webbing_LE"
PART 26 "J_Index_LE_0"
PART 27 "J_Index_LE_1"
PART 28 "J_Index_LE_2"
PART 29 "J_Index_LE_3"
PART 30 "J_Mid_LE_0"
PART 31 "J_Mid_LE_1"
PART 32 "J_Mid_LE_2"
PART 33 "J_Mid_LE_3"
PART 34 "tag_knife_attach"
PART 35 "D_Sleave_Reshape_Bottom_LE_1"
PART 36 "D_Sleave_Reshape_Bottom_LE_2"
PART 37 "D_Sleave_Reshape_Top_LE_1"
PART 38 "D_Sleave_Reshape_Top_LE_2"
PART 39 "D_Sleave_Reshape_Top_LE_3"
PART 40 "tag_weapon"
PART 41 "J_Gun"
PART 42 "J_Bolt"
PART 43 "J_Handle"
PART 44 "J_Reload_Cover"
PART 45 "TAG_IRON_SIGHTS"
PART 46 "TAG_CLIP"
PART 47 "J_Bullets0"
PART 48 "J_Bullets1"
PART 49 "J_Bullets2"
PART 50 "J_Bullets3"
PART 51 "J_Bullets4"
PART 52 "J_Bullets5"
PART 53 "J_Bullets6"
PART 54 "J_Bullets7"
PART 55 "J_Bullets8"
PART 56 "J_Bullets9"
PART 57 "J_Bullets10"
PART 58 "J_Bullets11"
PART 59 "J_Pod_Left"
PART 60 "J_Pod_Right"
PART 61 "J_Shoulder_RI"
PART 62 "J_Elbow_RI"
PART 63 "J_WristTwist_RI"
PART 64 "J_Sleave_Reshape_Top_RI_3"
PART 65 "J_Sleave_Reshape_Top_RI_2"
PART 66 "J_Sleave_Reshape_Top_RI_1"
PART 67 "J_Wrist_RI"
PART 68 "J_Thumb_RI_0"
PART 69 "J_Thumb_RI_1"
PART 70 "J_Thumb_RI_2"
PART 71 "J_Thumb_RI_3"
PART 72 "J_PinkyPalm_RI"
PART 73 "J_Pinky_RI_0"
PART 74 "J_Pinky_RI_1"
PART 75 "J_Pinky_RI_2"
PART 76 "J_Pinky_RI_3"
PART 77 "J_RingPalm_RI"
PART 78 "J_Ring_RI_0"
PART 79 "J_Ring_RI_1"
PART 80 "J_Ring_RI_2"
PART 81 "J_Ring_RI_3"
PART 82 "J_Webbing_RI"
PART 83 "J_Index_RI_0"
PART 84 "J_Index_RI_1"
PART 85 "J_Index_RI_2"
PART 86 "J_Index_RI_3"
PART 87 "J_Mid_RI_0"
PART 88 "J_Mid_RI_1"
PART 89 "J_Mid_RI_2"
PART 90 "J_Mid_RI_3"
PART 91 "D_Sleave_Reshape_Top_RI_3"
PART 92 "D_Sleave_Reshape_Top_RI_2"
PART 93 "D_Sleave_Reshape_Top_RI_1"
PART 94 "tag_cambone"
PART 95 "tag_camera"
PART 96 "tag_gasmask"

FRAMERATE 30
NUMFRAMES 26

FRAME 1050
PART 0
OFFSET  0.0000 -0.0000 -0.0000
X  1.0000 -0.0000  0.0000
Y  0.0000  1.0000  0.0000
Z  0.0000 -0.0000  1.0000

PART 1
OFFSET -7.6810 -0.0000 -1.3770
X  1.0000  0.0000  0.0000
Y -0.0000  1.0000  0.0000
Z  0.0000 -0.0000  1.0000

PART 2
OFFSET -1.6489  5.2787 -5.1189
X  0.8326  0.1908 -0.5200
Y -0.0940 -0.8766 -0.4720
Z -0.5459  0.4419 -0.7119

PART 3
OFFSET  8.4200  7.5861 -11.4083
X  0.6822 -0.7110  0.1705
Y -0.6369 -0.4633  0.6161
Z -0.3591 -0.5289 -0.7690

PART 4
OFFSET  14.2220  1.5383 -9.9582
X  0.6822 -0.7110  0.1705
Y -0.3604 -0.1241  0.9245
Z -0.6362 -0.6921 -0.3409

PART 5
OFFSET  16.2620  1.8335 -8.6977
X  0.6869 -0.7069  0.1689
Y  0.3640  0.5358  0.7619
Z -0.6291 -0.4618  0.6253

PART 6
OFFSET  15.4510  1.0123 -11.1209
X  0.6869 -0.7069  0.1689
Y  0.3640  0.5358  0.7619
Z -0.6291 -0.4618  0.6253

PART 7
OFFSET  15.1985  0.3337 -7.6329
X  0.6869 -0.7069  0.1689
Y  0.3640  0.5358  0.7619
Z -0.6291 -0.4618  0.6253

PART 8
OFFSET  14.5001 -0.5027 -8.9048
X  0.6869 -0.7069  0.1689
Y  0.3640  0.5358  0.7619
Z -0.6291 -0.4618  0.6253

PART 9
OFFSET  13.7775 -0.9922 -10.2956
X  0.6869 -0.7069  0.1689
Y  0.3640  0.5358  0.7619
Z -0.6291 -0.4618  0.6253

PART 10
OFFSET  16.3133 -0.6415 -9.4356
X  0.6763 -0.6374  0.3692
Y -0.4713  0.0108  0.8819
Z -0.5662 -0.7704 -0.2931

PART 11
OFFSET  15.9303 -1.2342 -8.5388
X -0.0239 -0.8698  0.4929
Y -0.2788  0.4793  0.8322
Z -0.9601 -0.1175 -0.2539

PART 12
OFFSET  15.7974 -3.0698 -7.4062
X  0.5048 -0.8505 -0.1479
Y -0.3112 -0.3391  0.8878
Z -0.8052 -0.4021 -0.4358

PART 13
OFFSET  16.5408 -4.4675 -7.7467
X  0.3254 -0.1719 -0.9298
Y  0.1790 -0.9544  0.2391
Z -0.9285 -0.2443 -0.2798

PART 14
OFFSET  16.8532 -4.6808 -8.7610
X  0.8735 -0.1666 -0.4574
Y  0.4638  0.5704  0.6779
Z  0.1479 -0.8043  0.5755

PART 15
OFFSET  17.2758 -1.3482 -10.1267
X  0.7796 -0.6145 -0.1205
Y -0.6147 -0.7144 -0.3343
Z  0.1194  0.3347 -0.9347

PART 16
OFFSET  18.9347 -2.8653 -10.3023
X -0.3626 -0.9316  0.0270
Y -0.9304  0.3601 -0.0685
Z  0.0541 -0.0500 -0.9973

PART 17
OFFSET  18.4215 -4.1842 -10.2641
X -0.9948 -0.0888 -0.0503
Y -0.0829  0.9907 -0.1080
Z  0.0594 -0.1033 -0.9929

PART 18
OFFSET  17.5394 -4.2629 -10.3087
X -0.7779  0.6243 -0.0716
Y  0.6253  0.7803  0.0110
Z  0.0628 -0.0362 -0.9974

PART 19
OFFSET  16.8005 -3.6697 -10.3767
X  0.1933 -0.9621  0.1921
Y  0.9805  0.1827 -0.0716
Z  0.0338  0.2022  0.9788

PART 20
OFFSET  17.1904 -1.3736 -9.4185
X  0.7849 -0.6146  0.0787
Y -0.5587 -0.7569 -0.3390
Z  0.2679  0.2221 -0.9375

PART 21
OFFSET  19.2388 -2.9689 -9.2850
X -0.5386 -0.8399 -0.0663
Y -0.8396  0.5416 -0.0412
Z  0.0705  0.0335 -0.9970

PART 22
OFFSET  18.3218 -4.3989 -9.3979
X -0.9889  0.1355 -0.0612
Y  0.1350  0.9908  0.0120
Z  0.0622  0.0037 -0.9981

PART 23
OFFSET  16.9512 -4.2111 -9.4826
X -0.1379  0.9904 -0.0050
Y  0.9880  0.1379  0.0690
Z  0.0690  0.0045 -0.9976

PART 24
OFFSET  16.8017 -3.1369 -9.4881
X -0.4480 -0.8900 -0.0843
Y  0.8846 -0.4550  0.1022
Z -0.1293 -0.0288  0.9912

PART 25
OFFSET  17.3464 -3.0024 -7.0543
X  0.5700 -0.8161  0.0953
Y  0.7194  0.5518  0.4220
Z -0.3969 -0.1720  0.9016

PART 26
OFFSET  18.8035 -2.8309 -7.2230
X -0.3411 -0.9188 -0.1989
Y -0.9387  0.3442  0.0199
Z  0.0501  0.1935 -0.9798

PART 27
OFFSET  18.2030 -4.4485 -7.5731
X -0.9269  0.3662 -0.0824
Y  0.3444  0.9170  0.2010
Z  0.1492  0.1579 -0.9761

PART 28
OFFSET  17.0671 -4.0129 -7.6140
X -0.1283  0.9685  0.2135
Y  0.9906  0.1150  0.0735
Z  0.0466  0.2209 -0.9742

PART 29
OFFSET  16.9222 -2.9190 -7.3729
X -0.8394 -0.3569 -0.4099
Y  0.4112 -0.9102 -0.0494
Z -0.3554 -0.2100  0.9108

PART 30
OFFSET  19.1411 -2.9128 -8.2717
X -0.6129 -0.7845 -0.0948
Y -0.7805  0.6197 -0.0820
Z  0.1231  0.0238 -0.9921

PART 31
OFFSET  17.9438 -4.4453 -8.4569
X -0.9240  0.3697 -0.0977
Y  0.3577  0.9259  0.1212
Z  0.1352  0.0770 -0.9878

PART 32
OFFSET  16.5942 -3.9053 -8.5996
X  0.0562  0.9917  0.1155
Y  0.9832 -0.0751  0.1666
Z  0.1739  0.1042 -0.9792

PART 33
OFFSET  16.6584 -2.7813 -8.4758
X -0.6822 -0.7191 -0.1324
Y  0.7272 -0.6862 -0.0200
Z -0.0765 -0.1099  0.9910

PART 34
OFFSET  17.5381 -3.5496 -9.3566
X  0.2004  0.2163 -0.9555
Y  0.5662  0.7704  0.2931
Z  0.7996 -0.5997  0.0319

PART 35
OFFSET  16.1696  1.5087 -9.6812
X  0.6869 -0.7068  0.1689
Y  0.3663  0.5375  0.7595
Z -0.6276 -0.4599  0.6281

PART 36
OFFSET  15.4513  1.0127 -11.1205
X  0.6869 -0.7068  0.1689
Y  0.3663  0.5375  0.7595
Z -0.6276 -0.4599  0.6281

PART 37
OFFSET  14.8706 -0.0995 -8.1120
X  0.6869 -0.7068  0.1689
Y  0.3663  0.5375  0.7595
Z -0.6276 -0.4599  0.6281

PART 38
OFFSET  14.1895 -0.8294 -9.0147
X  0.6869 -0.7068  0.1689
Y  0.3663  0.5375  0.7595
Z -0.6276 -0.4599  0.6281

PART 39
OFFSET  14.3209 -0.4324 -10.1376
X  0.6869 -0.7068  0.1689
Y  0.3663  0.5375  0.7595
Z -0.6276 -0.4599  0.6281

PART 40
OFFSET  9.9030 -3.4097 -6.3868
X  1.0000  0.0000  0.0000
Y -0.0000  1.0000  0.0000
Z  0.0000 -0.0000  1.0000

PART 41
OFFSET  9.9030 -3.4097 -6.3868
X  1.0000  0.0000  0.0000
Y -0.0000  1.0000  0.0000
Z  0.0000 -0.0000  1.0000

PART 42
OFFSET  12.4064 -4.1473 -4.7608
X  1.0000  0.0000  0.0000
Y -0.0000  1.0000  0.0000
Z  0.0000 -0.0000  1.0000

PART 43
OFFSET  16.9984 -3.3878 -3.2280
X  1.0000 -0.0000 -0.0000
Y  0.0000  0.9053 -0.4247
Z  0.0000  0.4247  0.9053

PART 44
OFFSET  12.0465 -3.4097 -2.5324
X  1.0000 -0.0000  0.0000
Y -0.0000  1.0000  0.0000
Z -0.0000 -0.0000  1.0000

PART 45
OFFSET  7.7652 -3.4097 -1.5652
X  1.0000 -0.0000  0.0000
Y -0.0000  1.0000  0.0000
Z -0.0000 -0.0000  1.0000

PART 46
OFFSET  10.2681  1.2515 -5.8968
X  1.0000  0.0000  0.0000
Y -0.0000  1.0000  0.0000
Z -0.0000 -0.0000  1.0000

PART 47
OFFSET  9.9030 -3.4500 -3.4118
X  0.0000  0.9879  0.1554
Y -1.0000  0.0000  0.0000
Z  0.0000 -0.1554  0.9879

PART 48
OFFSET  9.9030 -2.9895 -3.3393
X -0.0001  0.9875  0.1574
Y -1.0000 -0.0001  0.0000
Z  0.0000 -0.1574  0.9875

PART 49
OFFSET  9.9029 -2.5291 -3.2659
X -0.0001  0.9897  0.1429
Y -1.0000 -0.0001 -0.0000
Z -0.0000 -0.1429  0.9897

PART 50
OFFSET  9.9029 -2.0677 -3.1993
X -0.0000  0.9960  0.0898
Y -1.0000 -0.0000  0.0000
Z  0.0000 -0.0898  0.9960

PART 51
OFFSET  9.9029 -1.6034 -3.1574
X -0.0001  0.9990 -0.0439
Y -1.0000 -0.0001 -0.0003
Z -0.0003  0.0439  0.9990

PART 52
OFFSET  9.9028 -1.1377 -3.1778
X -0.0002  0.9033 -0.4290
Y -1.0000 -0.0003 -0.0003
Z -0.0004  0.4290  0.9033

PART 53
OFFSET  9.9027 -0.7568 -3.3587
X  0.0002  0.4541 -0.8909
Y -1.0000 -0.0004 -0.0004
Z -0.0005  0.8909  0.4541

PART 54
OFFSET  9.9028 -0.5441 -3.7762
X  0.0003  0.0982 -0.9952
Y -1.0000 -0.0004 -0.0004
Z -0.0004  0.9952  0.0982

PART 55
OFFSET  9.9030 -0.4982 -4.2401
X  0.0005 -0.0088 -1.0000
Y -1.0000 -0.0004 -0.0005
Z -0.0003  1.0000 -0.0088

PART 56
OFFSET  9.9031 -0.5023 -4.7063
X  0.0003 -0.0091 -1.0000
Y -1.0000 -0.0004 -0.0003
Z -0.0003  1.0000 -0.0091

PART 57
OFFSET  9.9032 -0.5067 -5.1724
X  0.0003 -0.0091 -1.0000
Y -1.0000 -0.0002 -0.0003
Z -0.0002  1.0000 -0.0091

PART 58
OFFSET  9.9034 -0.5109 -5.6386
X  0.0003 -0.0091 -1.0000
Y -1.0000 -0.0003 -0.0003
Z -0.0003  1.0000 -0.0091

PART 59
OFFSET  25.9325 -2.0945 -4.8678
X -0.0000  0.4115 -0.9114
Y  0.0698  0.9092  0.4105
Z  0.9976 -0.0636 -0.0287

PART 60
OFFSET  25.9325 -4.7244 -4.8678
X  0.0000  0.4115  0.9114
Y -0.0698  0.9092 -0.4105
Z -0.9976 -0.0636  0.0287

PART 61
OFFSET -6.5551 -7.9373 -5.6959
X -0.4471  0.1582  0.8804
Y -0.1653 -0.9819  0.0925
Z  0.8791 -0.1041  0.4651

PART 62
OFFSET -1.1481 -9.8501 -16.3434
X -0.5546 -0.4384 -0.7072
Y  0.7738  0.0407 -0.6321
Z  0.3059 -0.8979  0.3167

PART 63
OFFSET  3.5692 -6.1212 -10.3280
X -0.5546 -0.4384 -0.7072
Y  0.8156 -0.1180 -0.5664
Z  0.1649 -0.8910  0.4230

PART 64
OFFSET  3.4494 -4.5044 -9.2025
X -0.5602 -0.4360 -0.7044
Y -0.3179  0.8983 -0.3032
Z  0.7650  0.0541 -0.6418

PART 65
OFFSET  3.1091 -4.9295 -8.1291
X -0.5602 -0.4360 -0.7044
Y -0.3179  0.8983 -0.3032
Z  0.7650  0.0541 -0.6418

PART 66
OFFSET  3.7068 -6.0467 -7.7650
X -0.5602 -0.4360 -0.7044
Y -0.3179  0.8983 -0.3032
Z  0.7650  0.0541 -0.6418

PART 67
OFFSET  5.2695 -4.7772 -8.1598
X -0.9700 -0.0169 -0.2425
Y  0.2429 -0.1079 -0.9640
Z -0.0099 -0.9940  0.1088

PART 68
OFFSET  5.4755 -4.2573 -7.1651
X -0.6095 -0.6748 -0.4161
Y  0.5217  0.0537 -0.8514
Z  0.5969 -0.7360  0.3193

PART 69
OFFSET  6.7055 -2.7655 -6.2001
X -0.9250 -0.3191  0.2064
Y -0.0165 -0.5088 -0.8607
Z  0.3797 -0.7995  0.4654

PART 70
OFFSET  8.1552 -2.1911 -6.6367
X -0.5190  0.0852  0.8505
Y -0.6975 -0.6174 -0.3637
Z  0.4942 -0.7820  0.3799

PART 71
OFFSET  8.7057 -2.2370 -7.5677
X -0.8442  0.4380  0.3089
Y  0.1330  0.7296 -0.6709
Z -0.5192 -0.5253 -0.6742

PART 72
OFFSET  6.3524 -4.6776 -9.0089
X -0.9569 -0.0138  0.2901
Y  0.0582 -0.9877  0.1448
Z  0.2845  0.1555  0.9460

PART 73
OFFSET  8.5367 -4.5027 -9.5406
X -0.7481 -0.6520 -0.1233
Y  0.6466 -0.6746 -0.3563
Z  0.1491 -0.3462  0.9262

PART 74
OFFSET  9.5959 -3.5797 -9.3660
X  0.3091 -0.8747 -0.3733
Y  0.9462  0.3222  0.0285
Z  0.0954 -0.3621  0.9273

PART 75
OFFSET  9.3219 -2.8041 -9.0350
X  0.8415 -0.4489 -0.3006
Y  0.5174  0.8297  0.2095
Z  0.1554 -0.3318  0.9304

PART 76
OFFSET  8.5224 -2.3777 -8.7494
X -0.9909 -0.1295 -0.0361
Y -0.1312  0.8733  0.4692
Z -0.0292  0.4697 -0.8824

PART 77
OFFSET  6.4029 -4.7410 -8.2996
X -0.9989  0.0087  0.0456
Y -0.0013 -0.9873  0.1587
Z  0.0464  0.1585  0.9863

PART 78
OFFSET  8.9886 -4.8088 -8.5610
X -0.6566 -0.7451  0.1169
Y  0.6585 -0.6420 -0.3927
Z  0.3676 -0.1809  0.9122

PART 79
OFFSET  10.1065 -3.5403 -8.7601
X  0.4736 -0.8084 -0.3495
Y  0.8106  0.5553 -0.1861
Z  0.3445 -0.1952  0.9183

PART 80
OFFSET  9.4501 -2.4199 -8.2757
X  0.8658 -0.3268 -0.3790
Y  0.3769  0.9240  0.0643
Z  0.3292 -0.1985  0.9232

PART 81
OFFSET  8.5112 -2.0654 -7.8646
X -0.9085 -0.2698  0.3192
Y -0.2019  0.9520  0.2302
Z -0.3660  0.1446 -0.9193

PART 82
OFFSET  1.0217 -5.2891 -8.2956
X -0.9624 -0.2714 -0.0115
Y -0.2629  0.9412 -0.2122
Z  0.0684 -0.2012 -0.9772

PART 83
OFFSET  8.8623 -4.9994 -6.4474
X -0.9855 -0.1680  0.0218
Y  0.1692 -0.9707  0.1707
Z -0.0075  0.1720  0.9851

PART 84
OFFSET  10.5975 -4.7036 -6.4857
X -0.3387 -0.9197  0.1988
Y  0.9408 -0.3287  0.0824
Z -0.0104  0.2149  0.9766

PART 85
OFFSET  11.0086 -3.5725 -6.6681
X -0.1483 -0.9790  0.1398
Y  0.9888 -0.1447  0.0359
Z -0.0150  0.1435  0.9895

PART 86
OFFSET  11.1761 -2.4667 -6.8259
X -0.8486  0.4897  0.2004
Y  0.4378  0.8625 -0.2537
Z -0.2970 -0.1275 -0.9463

PART 87
OFFSET  9.0241 -4.9400 -7.5386
X -0.5404 -0.8293  0.1423
Y  0.8166 -0.5577 -0.1490
Z  0.2029  0.0357  0.9785

PART 88
OFFSET  10.0798 -3.3199 -7.8166
X  0.6074 -0.7879 -0.1014
Y  0.7579  0.6130 -0.2231
Z  0.2380  0.0587  0.9695

PART 89
OFFSET  9.1926 -2.1690 -7.6685
X  0.9256 -0.3163 -0.2080
Y  0.2827  0.9429 -0.1759
Z  0.2518  0.1040  0.9622

PART 90
OFFSET  8.1427 -1.8109 -7.4398
X -0.9064 -0.3664  0.2103
Y -0.3596  0.9304  0.0710
Z -0.2217 -0.0112 -0.9751

PART 91
OFFSET  3.4443 -4.4931 -9.2059
X -0.5601 -0.4362 -0.7043
Y -0.3154  0.8984 -0.3055
Z  0.7660  0.0511 -0.6408

PART 92
OFFSET  3.1003 -4.9082 -8.1358
X -0.5601 -0.4362 -0.7043
Y -0.3154  0.8984 -0.3055
Z  0.7660  0.0511 -0.6408

PART 93
OFFSET  3.7279 -6.0452 -7.7823
X -0.5601 -0.4362 -0.7043
Y -0.3154  0.8984 -0.3055
Z  0.7660  0.0511 -0.6408

PART 94
OFFSET  0.0000 -0.0000 -0.0000
X  1.0000 -0.0000  0.0000
Y  0.0000  1.0000  0.0000
Z  0.0000 -0.0000  1.0000

PART 95
OFFSET  0.0000 -0.0000 -0.0000
X  1.0000 -0.0000  0.0000
Y  0.0000  1.0000  0.0000
Z  0.0000 -0.0000  1.0000

PART 96
OFFSET  1.5404 -0.0000  4.1357
X  1.0000 -0.0000  0.0000
Y  0.0000  1.0000  0.0000
Z  0.0000 -0.0000  1.0000


FRAME 1051
PART 0
OFFSET  0.0000 -0.0000 -0.0000
X  1.0000 -0.0000  0.0000
Y  0.0000  1.0000  0.0000
Z  0.0000 -0.0000  1.0000

PART 1
OFFSET -7.6810 -0.0000 -1.3770
X  1.0000  0.0000  0.0000
Y -0.0000  1.0000  0.0000
Z  0.0000 -0.0000  1.0000

PART 2
OFFSET -1.6489  5.2787 -5.1189
X  0.8326  0.1908 -0.5200
Y -0.0940 -0.8766 -0.4720
Z -0.5459  0.4419 -0.7119

PART 3
OFFSET  8.4200  7.5861 -11.4083
X  0.6822 -0.7110  0.1705
Y -0.6369 -0.4633  0.6161
Z -0.3591 -0.5289 -0.7690

PART 4
OFFSET  14.2220  1.5383 -9.9582
X  0.6822 -0.7110  0.1705
Y -0.3604 -0.1241  0.9245
Z -0.6362 -0.6921 -0.3409

PART 5
OFFSET  16.2620  1.8335 -8.6977
X  0.6869 -0.7069  0.1689
Y  0.3640  0.5358  0.7619
Z -0.6290 -0.4618  0.6253

PART 6
OFFSET  15.4510  1.0123 -11.1209
X  0.6869 -0.7069  0.1689
Y  0.3640  0.5358  0.7619
Z -0.6290 -0.4618  0.6253

PART 7
OFFSET  15.1985  0.3337 -7.6329
X  0.6869 -0.7069  0.1689
Y  0.3640  0.5358  0.7619
Z -0.6290 -0.4618  0.6253

PART 8
OFFSET  14.5001 -0.5027 -8.9048
X  0.6869 -0.7069  0.1689
Y  0.3640  0.5358  0.7619
Z -0.6290 -0.4618  0.6253

PART 9
OFFSET  13.7775 -0.9922 -10.2956
X  0.6869 -0.7069  0.1689
Y  0.3640  0.5358  0.7619
Z -0.6290 -0.4618  0.6253

PART 10
OFFSET  16.3133 -0.6415 -9.4356
X  0.6763 -0.6374  0.3692
Y -0.4713  0.0108  0.8819
Z -0.5662 -0.7704 -0.2931

PART 11
OFFSET  15.9303 -1.2342 -8.5388
X -0.0239 -0.8698  0.4929
Y -0.2788  0.4793  0.8322
Z -0.9601 -0.1175 -0.2539

PART 12
OFFSET  15.7974 -3.0698 -7.4062
X  0.5048 -0.8505 -0.1479
Y -0.3112 -0.3391  0.8878
Z -0.8052 -0.4021 -0.4358

PART 13
OFFSET  16.5408 -4.4675 -7.7468
X  0.3254 -0.1719 -0.9298
Y  0.1791 -0.9544  0.2391
Z -0.9285 -0.2443 -0.2798

PART 14
OFFSET  16.8532 -4.6808 -8.7610
X  0.8735 -0.1666 -0.4574
Y  0.4638  0.5704  0.6779
Z  0.1480 -0.8043  0.5755

PART 15
OFFSET  17.2758 -1.3482 -10.1267
X  0.7796 -0.6145 -0.1205
Y -0.6147 -0.7144 -0.3343
Z  0.1194  0.3347 -0.9347

PART 16
OFFSET  18.9347 -2.8653 -10.3023
X -0.3626 -0.9316  0.0270
Y -0.9304  0.3601 -0.0685
Z  0.0541 -0.0500 -0.9973

PART 17
OFFSET  18.4215 -4.1842 -10.2641
X -0.9948 -0.0888 -0.0503
Y -0.0829  0.9907 -0.1080
Z  0.0594 -0.1033 -0.9929

PART 18
OFFSET  17.5394 -4.2629 -10.3087
X -0.7779  0.6243 -0.0716
Y  0.6253  0.7803  0.0110
Z  0.0628 -0.0362 -0.9974

PART 19
OFFSET  16.8005 -3.6698 -10.3767
X  0.1933 -0.9621  0.1921
Y  0.9805  0.1827 -0.0716
Z  0.0338  0.2022  0.9788

PART 20
OFFSET  17.1904 -1.3736 -9.4185
X  0.7849 -0.6146  0.0787
Y -0.5587 -0.7569 -0.3390
Z  0.2679  0.2221 -0.9375

PART 21
OFFSET  19.2388 -2.9689 -9.2850
X -0.5386 -0.8399 -0.0663
Y -0.8396  0.5416 -0.0412
Z  0.0705  0.0335 -0.9970

PART 22
OFFSET  18.3218 -4.3989 -9.3979
X -0.9889  0.1355 -0.0612
Y  0.1350  0.9908  0.0121
Z  0.0622  0.0037 -0.9981

PART 23
OFFSET  16.9512 -4.2111 -9.4826
X -0.1379  0.9904 -0.0050
Y  0.9880  0.1379  0.0690
Z  0.0690  0.0046 -0.9976

PART 24
OFFSET  16.8017 -3.1369 -9.4881
X -0.4480 -0.8900 -0.0843
Y  0.8846 -0.4550  0.1022
Z -0.1293 -0.0288  0.9912

PART 25
OFFSET  17.3464 -3.0024 -7.0543
X  0.5700 -0.8161  0.0953
Y  0.7194  0.5518  0.4220
Z -0.3969 -0.1720  0.9016

PART 26
OFFSET  18.8035 -2.8309 -7.2230
X -0.3411 -0.9188 -0.1989
Y -0.9387  0.3442  0.0199
Z  0.0501  0.1935 -0.9798

PART 27
OFFSET  18.2030 -4.4485 -7.5731
X -0.9269  0.3662 -0.0824
Y  0.3444  0.9170  0.2010
Z  0.1492  0.1579 -0.9761

PART 28
OFFSET  17.0671 -4.0129 -7.6140
X -0.1283  0.9685  0.2135
Y  0.9906  0.1150  0.0735
Z  0.0466  0.2209 -0.9742

PART 29
OFFSET  16.9222 -2.9190 -7.3729
X -0.8394 -0.3569 -0.4099
Y  0.4112 -0.9102 -0.0494
Z -0.3554 -0.2100  0.9108

PART 30
OFFSET  19.1411 -2.9128 -8.2717
X -0.6129 -0.7845 -0.0948
Y -0.7805  0.6197 -0.0820
Z  0.1231  0.0238 -0.9921

PART 31
OFFSET  17.9438 -4.4453 -8.4569
X -0.9240  0.3697 -0.0977
Y  0.3577  0.9259  0.1211
Z  0.1352  0.0770 -0.9878

PART 32
OFFSET  16.5942 -3.9053 -8.5996
X  0.0562  0.9917  0.1155
Y  0.9831 -0.0751  0.1667
Z  0.1740  0.1042 -0.9792

PART 33
OFFSET  16.6584 -2.7813 -8.4759
X -0.6822 -0.7191 -0.1324
Y  0.7272 -0.6862 -0.0200
Z -0.0765 -0.1099  0.9910

PART 34
OFFSET  17.5381 -3.5496 -9.3566
X  0.2004  0.2163 -0.9555
Y  0.5662  0.7704  0.2931
Z  0.7996 -0.5997  0.0319

PART 35
OFFSET  16.1696  1.5087 -9.6812
X  0.6869 -0.7068  0.1689
Y  0.3663  0.5375  0.7595
Z -0.6276 -0.4599  0.6281

PART 36
OFFSET  15.4513  1.0127 -11.1205
X  0.6869 -0.7068  0.1689
Y  0.3663  0.5375  0.7595
Z -0.6276 -0.4599  0.6281

PART 37
OFFSET  14.8706 -0.0995 -8.1120
X  0.6869 -0.7068  0.1689
Y  0.3663  0.5375  0.7595
Z -0.6276 -0.4599  0.6281

PART 38
OFFSET  14.1895 -0.8294 -9.0147
X  0.6869 -0.7068  0.1689
Y  0.3663  0.5375  0.7595
Z -0.6276 -0.4599  0.6281

PART 39
OFFSET  14.3209 -0.4324 -10.1376
X  0.6869 -0.7068  0.1689
Y  0.3663  0.5375  0.7595
Z -0.6276 -0.4599  0.6281

PART 40
OFFSET  9.9030 -3.4097 -6.3868
X  1.0000  0.0000  0.0000
Y -0.0000  1.0000  0.0000
Z  0.0000 -0.0000  1.0000

PART 41
OFFSET  9.9030 -3.4097 -6.3868
X  1.0000  0.0000  0.0000
Y -0.0000  1.0000  0.0000
Z  0.0000 -0.0000  1.0000

PART 42
OFFSET  12.4064 -4.1473 -4.7608
X  1.0000  0.0000  0.0000
Y -0.0000  1.0000  0.0000
Z  0.0000 -0.0000  1.0000

PART 43
OFFSET  16.9984 -3.3878 -3.2280
X  1.0000 -0.0000 -0.0000
Y  0.0000  0.9053 -0.4247
Z  0.0000  0.4247  0.9053

PART 44
OFFSET  12.0465 -3.4097 -2.5324
X  1.0000 -0.0000  0.0000
Y -0.0000  1.0000  0.0000
Z -0.0000 -0.0000  1.0000

PART 45
OFFSET  7.7652 -3.4097 -1.5652
X  1.0000 -0.0000  0.0000
Y -0.0000  1.0000  0.0000
Z -0.0000 -0.0000  1.0000

PART 46
OFFSET  10.2681  1.2515 -5.8968
X  1.0000  0.0000  0.0000
Y -0.0000  1.0000  0.0000
Z -0.0000 -0.0000  1.0000

PART 47
OFFSET  9.9030 -3.4500 -3.4118
X  0.0000  0.9879  0.1554
Y -1.0000  0.0000  0.0000
Z  0.0000 -0.1554  0.9879

PART 48
OFFSET  9.9030 -2.9895 -3.3393
X -0.0001  0.9875  0.1574
Y -1.0000 -0.0001  0.0000
Z  0.0000 -0.1574  0.9875

PART 49
OFFSET  9.9029 -2.5291 -3.2659
X -0.0001  0.9897  0.1429
Y -1.0000 -0.0001 -0.0000
Z -0.0000 -0.1429  0.9897

PART 50
OFFSET  9.9029 -2.0677 -3.1993
X -0.0000  0.9960  0.0898
Y -1.0000 -0.0000  0.0000
Z  0.0000 -0.0898  0.9960

PART 51
OFFSET  9.9029 -1.6034 -3.1574
X -0.0001  0.9990 -0.0439
Y -1.0000 -0.0001 -0.0003
Z -0.0003  0.0439  0.9990

PART 52
OFFSET  9.9028 -1.1377 -3.1778
X -0.0002  0.9033 -0.4290
Y -1.0000 -0.0003 -0.0003
Z -0.0004  0.4290  0.9033

PART 53
OFFSET  9.9027 -0.7568 -3.3587
X  0.0002  0.4541 -0.8909
Y -1.0000 -0.0004 -0.0004
Z -0.0005  0.8909  0.4541

PART 54
OFFSET  9.9028 -0.5441 -3.7762
X  0.0003  0.0982 -0.9952
Y -1.0000 -0.0004 -0.0004
Z -0.0004  0.9952  0.0982

PART 55
OFFSET  9.9030 -0.4982 -4.2401
X  0.0005 -0.0088 -1.0000
Y -1.0000 -0.0004 -0.0005
Z -0.0003  1.0000 -0.0088

PART 56
OFFSET  9.9031 -0.5023 -4.7063
X  0.0003 -0.0091 -1.0000
Y -1.0000 -0.0004 -0.0003
Z -0.0003  1.0000 -0.0091

PART 57
OFFSET  9.9032 -0.5067 -5.1724
X  0.0003 -0.0091 -1.0000
Y -1.0000 -0.0002 -0.0003
Z -0.0002  1.0000 -0.0091

PART 58
OFFSET  9.9034 -0.5109 -5.6386
X  0.0003 -0.0091 -1.0000
Y -1.0000 -0.0003 -0.0003
Z -0.0003  1.0000 -0.0091

PART 59
OFFSET  25.9325 -2.0945 -4.8678
X -0.0000  0.4115 -0.9114
Y  0.0698  0.9092  0.4105
Z  0.9976 -0.0636 -0.0287

PART 60
OFFSET  25.9325 -4.7244 -4.8678
X  0.0000  0.4115  0.9114
Y -0.0698  0.9092 -0.4105
Z -0.9976 -0.0636  0.0287

PART 61
OFFSET -6.5551 -7.9373 -5.6959
X -0.4471  0.1582  0.8804
Y -0.1653 -0.9819  0.0925
Z  0.8791 -0.1041  0.4651

PART 62
OFFSET -1.1481 -9.8501 -16.3434
X -0.5546 -0.4384 -0.7072
Y  0.7738  0.0407 -0.6321
Z  0.3059 -0.8979  0.3167

PART 63
OFFSET  3.5692 -6.1212 -10.3280
X -0.5546 -0.4384 -0.7072
Y  0.8156 -0.1180 -0.5664
Z  0.1649 -0.8910  0.4230

PART 64
OFFSET  3.4494 -4.5044 -9.2025
X -0.5602 -0.4360 -0.7044
Y -0.3179  0.8983 -0.3032
Z  0.7650  0.0541 -0.6418

PART 65
OFFSET  3.1091 -4.9295 -8.1291
X -0.5602 -0.4360 -0.7044
Y -0.3179  0.8983 -0.3032
Z  0.7650  0.0541 -0.6418

PART 66
OFFSET  3.7068 -6.0467 -7.7650
X -0.5602 -0.4360 -0.7044
Y -0.3179  0.8983 -0.3032
Z  0.7650  0.0541 -0.6418

PART 67
OFFSET  5.2695 -4.7772 -8.1598
X -0.9700 -0.0169 -0.2425
Y  0.2429 -0.1079 -0.9640
Z -0.0099 -0.9940  0.1088

PART 68
OFFSET  5.4755 -4.2573 -7.1651
X -0.6095 -0.6748 -0.4161
Y  0.5217  0.0537 -0.8514
Z  0.5969 -0.7360  0.3193

PART 69
OFFSET  6.7055 -2.7655 -6.2001
X -0.9250 -0.3191  0.2064
Y -0.0165 -0.5088 -0.8607
Z  0.3797 -0.7995  0.4654

PART 70
OFFSET  8.1552 -2.1911 -6.6367
X -0.5190  0.0852  0.8505
Y -0.6975 -0.6174 -0.3637
Z  0.4942 -0.7820  0.3799

PART 71
OFFSET  8.7057 -2.2370 -7.5677
X -0.8442  0.4380  0.3089
Y  0.1330  0.7295 -0.6709
Z -0.5192 -0.5253 -0.6742

PART 72
OFFSET  6.3524 -4.6776 -9.0089
X -0.9569 -0.0138  0.2901
Y  0.0582 -0.9877  0.1449
Z  0.2845  0.1555  0.9460

PART 73
OFFSET  8.5367 -4.5027 -9.5406
X -0.7481 -0.6520 -0.1232
Y  0.6466 -0.6745 -0.3563
Z  0.1492 -0.3462  0.9262

PART 74
OFFSET  9.5959 -3.5796 -9.3661
X  0.3091 -0.8747 -0.3733
Y  0.9462  0.3222  0.0284
Z  0.0954 -0.3621  0.9273

PART 75
OFFSET  9.3219 -2.8041 -9.0351
X  0.8415 -0.4489 -0.3007
Y  0.5174  0.8297  0.2095
Z  0.1554 -0.3318  0.9304

PART 76
OFFSET  8.5224 -2.3776 -8.7494
X -0.9909 -0.1295 -0.0361
Y -0.1312  0.8733  0.4692
Z -0.0293  0.4697 -0.8824

PART 77
OFFSET  6.4029 -4.7410 -8.2996
X -0.9989  0.0087  0.0456
Y -0.0013 -0.9873  0.1587
Z  0.0464  0.1585  0.9863

PART 78
OFFSET  8.9886 -4.8088 -8.5610
X -0.6566 -0.7451  0.1169
Y  0.6585 -0.6420 -0.3927
Z  0.3676 -0.1809  0.9122

PART 79
OFFSET  10.1065 -3.5403 -8.7601
X  0.4736 -0.8084 -0.3495
Y  0.8106  0.5553 -0.1861
Z  0.3445 -0.1952  0.9183

PART 80
OFFSET  9.4502 -2.4199 -8.2757
X  0.8658 -0.3268 -0.3790
Y  0.3769  0.9240  0.0643
Z  0.3292 -0.1985  0.9232

PART 81
OFFSET  8.5112 -2.0654 -7.8646
X -0.9084 -0.2698  0.3192
Y -0.2019  0.9520  0.2301
Z -0.3660  0.1446 -0.9193

PART 82
OFFSET  1.0217 -5.2891 -8.2956
X -0.9624 -0.2714 -0.0115
Y -0.2629  0.9412 -0.2122
Z  0.0684 -0.2012 -0.9772

PART 83
OFFSET  8.8623 -4.9994 -6.4474
X -0.9855 -0.1680  0.0218
Y  0.1692 -0.9707  0.1707
Z -0.0075  0.1720  0.9851

PART 84
OFFSET  10.5975 -4.7036 -6.4857
X -0.3387 -0.9197  0.1987
Y  0.9408 -0.3287  0.0824
Z -0.0104  0.2149  0.9766

PART 85
OFFSET  11.0086 -3.5725 -6.6680
X -0.1483 -0.9790  0.1398
Y  0.9888 -0.1447  0.0359
Z -0.0150  0.1435  0.9895

PART 86
OFFSET  11.1761 -2.4667 -6.8259
X -0.8486  0.4897  0.2004
Y  0.4378  0.8625 -0.2536
Z -0.2971 -0.1275 -0.9463

PART 87
OFFSET  9.0241 -4.9400 -7.5386
X -0.5404 -0.8293  0.1423
Y  0.8166 -0.5577 -0.1490
Z  0.2029  0.0357  0.9785

PART 88
OFFSET  10.0799 -3.3199 -7.8166
X  0.6074 -0.7879 -0.1014
Y  0.7579  0.6130 -0.2231
Z  0.2380  0.0587  0.9695

PART 89
OFFSET  9.1928 -2.1691 -7.6685
X  0.9256 -0.3163 -0.2080
Y  0.2828  0.9429 -0.1759
Z  0.2517  0.1040  0.9622

PART 90
OFFSET  8.1429 -1.8109 -7.4399
X -0.9064 -0.3663  0.2103
Y -0.3596  0.9304  0.0710
Z -0.2217 -0.0112 -0.9751

PART 91
OFFSET  3.4443 -4.4931 -9.2059
X -0.5601 -0.4362 -0.7043
Y -0.3154  0.8984 -0.3055
Z  0.7660  0.0511 -0.6408

PART 92
OFFSET  3.1003 -4.9082 -8.1358
X -0.5601 -0.4362 -0.7043
Y -0.3154  0.8984 -0.3055
Z  0.7660  0.0511 -0.6408

PART 93
OFFSET  3.7279 -6.0452 -7.7823
X -0.5601 -0.4362 -0.7043
Y -0.3154  0.8984 -0.3055
Z  0.7660  0.0511 -0.6408

PART 94
OFFSET  0.0000 -0.0000 -0.0000
X  1.0000 -0.0000  0.0000
Y  0.0000  1.0000  0.0000
Z  0.0000 -0.0000  1.0000

PART 95
OFFSET  0.0000 -0.0000 -0.0000
X  1.0000 -0.0000  0.0000
Y  0.0000  1.0000  0.0000
Z  0.0000 -0.0000  1.0000

PART 96
OFFSET  1.5404 -0.0000  4.1357
X  1.0000 -0.0000  0.0000
Y  0.0000  1.0000  0.0000
Z  0.0000 -0.0000  1.0000


FRAME 1052
PART 0
OFFSET  0.0000 -0.0000 -0.0000
X  1.0000 -0.0000  0.0000
Y  0.0000  1.0000  0.0000
Z  0.0000 -0.0000  1.0000

PART 1
OFFSET -7.6810 -0.0000 -1.3770
X  1.0000  0.0000  0.0000
Y -0.0000  1.0000  0.0000
Z  0.0000 -0.0000  1.0000

PART 2
OFFSET -1.6489  5.2787 -5.1189
X  0.8326  0.1908 -0.5200
Y -0.0940 -0.8766 -0.4720
Z -0.5459  0.4419 -0.7119

PART 3
OFFSET  8.4200  7.5861 -11.4083
X  0.6822 -0.7110  0.1705
Y -0.6369 -0.4633  0.6161
Z -0.3591 -0.5289 -0.7690

PART 4
OFFSET  14.2220  1.5383 -9.9582
X  0.6822 -0.7110  0.1705
Y -0.3604 -0.1241  0.9245
Z -0.6362 -0.6921 -0.3409

PART 5
OFFSET  16.2620  1.8335 -8.6977
X  0.6869 -0.7069  0.1689
Y  0.3640  0.5358  0.7618
Z -0.6290 -0.4618  0.6253

PART 6
OFFSET  15.4510  1.0123 -11.1209
X  0.6869 -0.7069  0.1689
Y  0.3640  0.5358  0.7618
Z -0.6290 -0.4618  0.6253

PART 7
OFFSET  15.1985  0.3337 -7.6329
X  0.6869 -0.7069  0.1689
Y  0.3640  0.5358  0.7618
Z -0.6290 -0.4618  0.6253

PART 8
OFFSET  14.5001 -0.5027 -8.9048
X  0.6869 -0.7069  0.1689
Y  0.3640  0.5358  0.7618
Z -0.6290 -0.4618  0.6253

PART 9
OFFSET  13.7775 -0.9922 -10.2956
X  0.6869 -0.7069  0.1689
Y  0.3640  0.5358  0.7618
Z -0.6290 -0.4618  0.6253

PART 10
OFFSET  16.3133 -0.6415 -9.4356
X  0.6763 -0.6374  0.3692
Y -0.4713  0.0108  0.8819
Z -0.5662 -0.7704 -0.2931

PART 11
OFFSET  15.9303 -1.2342 -8.5388
X -0.0239 -0.8698  0.4929
Y -0.2788  0.4793  0.8322
Z -0.9601 -0.1175 -0.2539

PART 12
OFFSET  15.7974 -3.0698 -7.4062
X  0.5048 -0.8505 -0.1479
Y -0.3112 -0.3391  0.8878
Z -0.8052 -0.4021 -0.4358

PART 13
OFFSET  16.5408 -4.4675 -7.7468
X  0.3254 -0.1719 -0.9298
Y  0.1791 -0.9544  0.2390
Z -0.9285 -0.2443 -0.2798

PART 14
OFFSET  16.8532 -4.6808 -8.7610
X  0.8735 -0.1666 -0.4574
Y  0.4638  0.5704  0.6779
Z  0.1480 -0.8043  0.5755

PART 15
OFFSET  17.2758 -1.3482 -10.1267
X  0.7796 -0.6145 -0.1205
Y -0.6147 -0.7144 -0.3343
Z  0.1194  0.3347 -0.9347

PART 16
OFFSET  18.9347 -2.8653 -10.3023
X -0.3626 -0.9316  0.0270
Y -0.9304  0.3601 -0.0685
Z  0.0541 -0.0500 -0.9973

PART 17
OFFSET  18.4215 -4.1842 -10.2641
X -0.9948 -0.0888 -0.0503
Y -0.0829  0.9907 -0.1080
Z  0.0594 -0.1032 -0.9929

PART 18
OFFSET  17.5394 -4.2629 -10.3087
X -0.7779  0.6243 -0.0716
Y  0.6253  0.7803  0.0110
Z  0.0628 -0.0362 -0.9974

PART 19
OFFSET  16.8004 -3.6698 -10.3767
X  0.1934 -0.9621  0.1921
Y  0.9805  0.1828 -0.0716
Z  0.0338  0.2022  0.9788

PART 20
OFFSET  17.1904 -1.3736 -9.4185
X  0.7849 -0.6146  0.0787
Y -0.5587 -0.7569 -0.3390
Z  0.2679  0.2221 -0.9375

PART 21
OFFSET  19.2388 -2.9689 -9.2850
X -0.5386 -0.8399 -0.0663
Y -0.8396  0.5416 -0.0412
Z  0.0705  0.0335 -0.9970

PART 22
OFFSET  18.3218 -4.3989 -9.3979
X -0.9889  0.1355 -0.0612
Y  0.1350  0.9908  0.0121
Z  0.0622  0.0037 -0.9981

PART 23
OFFSET  16.9512 -4.2111 -9.4827
X -0.1379  0.9904 -0.0050
Y  0.9880  0.1379  0.0690
Z  0.0690  0.0046 -0.9976

PART 24
OFFSET  16.8017 -3.1369 -9.4881
X -0.4480 -0.8900 -0.0844
Y  0.8846 -0.4550  0.1022
Z -0.1293 -0.0289  0.9912

PART 25
OFFSET  17.3464 -3.0024 -7.0543
X  0.5700 -0.8161  0.0953
Y  0.7194  0.5518  0.4220
Z -0.3969 -0.1720  0.9016

PART 26
OFFSET  18.8035 -2.8309 -7.2230
X -0.3411 -0.9188 -0.1989
Y -0.9387  0.3442  0.0199
Z  0.0501  0.1935 -0.9798

PART 27
OFFSET  18.2030 -4.4485 -7.5731
X -0.9269  0.3662 -0.0824
Y  0.3444  0.9170  0.2010
Z  0.1492  0.1579 -0.9761

PART 28
OFFSET  17.0671 -4.0129 -7.6140
X -0.1283  0.9685  0.2135
Y  0.9906  0.1150  0.0735
Z  0.0467  0.2209 -0.9742

PART 29
OFFSET  16.9222 -2.9190 -7.3729
X -0.8394 -0.3569 -0.4099
Y  0.4112 -0.9102 -0.0494
Z -0.3554 -0.2100  0.9108

PART 30
OFFSET  19.1411 -2.9128 -8.2717
X -0.6129 -0.7845 -0.0948
Y -0.7805  0.6197 -0.0820
Z  0.1231  0.0238 -0.9921

PART 31
OFFSET  17.9438 -4.4453 -8.4569
X -0.9240  0.3697 -0.0977
Y  0.3577  0.9259  0.1211
Z  0.1352  0.0770 -0.9878

PART 32
OFFSET  16.5942 -3.9053 -8.5996
X  0.0562  0.9917  0.1155
Y  0.9831 -0.0751  0.1667
Z  0.1740  0.1042 -0.9792

PART 33
OFFSET  16.6584 -2.7813 -8.4759
X -0.6822 -0.7191 -0.1324
Y  0.7272 -0.6861 -0.0199
Z -0.0765 -0.1099  0.9910

PART 34
OFFSET  17.5381 -3.5496 -9.3566
X  0.2004  0.2163 -0.9555
Y  0.5662  0.7704  0.2931
Z  0.7996 -0.5997  0.0319

PART 35
OFFSET  16.1696  1.5087 -9.6812
X  0.6869 -0.7068  0.1689
Y  0.3663  0.5375  0.7595
Z -0.6276 -0.4599  0.6281

PART 36
OFFSET  15.4513  1.0127 -11.1205
X  0.6869 -0.7068  0.1689
Y  0.3663  0.5375  0.7595
Z -0.6276 -0.4599  0.6281

PART 37
OFFSET  14.8706 -0.0995 -8.1120
X  0.6869 -0.7068  0.1689
Y  0.3663  0.5375  0.7595
Z -0.6276 -0.4599  0.6281

PART 38
OFFSET  14.1895 -0.8294 -9.0147
X  0.6869 -0.7068  0.1689
Y  0.3663  0.5375  0.7595
Z -0.6276 -0.4599  0.6281

PART 39
OFFSET  14.3209 -0.4324 -10.1376
X  0.6869 -0.7068  0.1689
Y  0.3663  0.5375  0.7595
Z -0.6276 -0.4599  0.6281

PART 40
OFFSET  9.9030 -3.4097 -6.3868
X  1.0000  0.0000  0.0000
Y -0.0000  1.0000  0.0000
Z  0.0000 -0.0000  1.0000

PART 41
OFFSET  9.9030 -3.4097 -6.3868
X  1.0000  0.0000  0.0000
Y -0.0000  1.0000  0.0000
Z  0.0000 -0.0000  1.0000

PART 42
OFFSET  12.4064 -4.1473 -4.7608
X  1.0000  0.0000  0.0000
Y -0.0000  1.0000  0.0000
Z  0.0000 -0.0000  1.0000

PART 43
OFFSET  16.9984 -3.3878 -3.2280
X  1.0000 -0.0000 -0.0000
Y  0.0000  0.9053 -0.4247
Z  0.0000  0.4247  0.9053

PART 44
OFFSET  12.0465 -3.4097 -2.5324
X  1.0000 -0.0000  0.0000
Y -0.0000  1.0000  0.0000
Z -0.0000 -0.0000  1.0000

PART 45
OFFSET  7.7652 -3.4097 -1.5652
X  1.0000 -0.0000  0.0000
Y -0.0000  1.0000  0.0000
Z -0.0000 -0.0000  1.0000

PART 46
OFFSET  10.2681  1.2515 -5.8968
X  1.0000  0.0000  0.0000
Y -0.0000  1.0000  0.0000
Z -0.0000 -0.0000  1.0000

PART 47
OFFSET  9.9030 -3.4500 -3.4118
X  0.0000  0.9879  0.1554
Y -1.0000  0.0000  0.0000
Z  0.0000 -0.1554  0.9879

PART 48
OFFSET  9.9030 -2.9895 -3.3393
X -0.0001  0.9875  0.1574
Y -1.0000 -0.0001  0.0000
Z  0.0000 -0.1574  0.9875

PART 49
OFFSET  9.9029 -2.5291 -3.2659
X -0.0001  0.9897  0.1429
Y -1.0000 -0.0001 -0.0000
Z -0.0000 -0.1429  0.9897

PART 50
OFFSET  9.9029 -2.0677 -3.1993
X -0.0000  0.9960  0.0898
Y -1.0000 -0.0000  0.0000
Z  0.0000 -0.0898  0.9960

PART 51
OFFSET  9.9029 -1.6034 -3.1574
X -0.0001  0.9990 -0.0439
Y -1.0000 -0.0001 -0.0003
Z -0.0003  0.0439  0.9990

PART 52
OFFSET  9.9028 -1.1377 -3.1778
X -0.0002  0.9033 -0.4290
Y -1.0000 -0.0003 -0.0003
Z -0.0004  0.4290  0.9033

PART 53
OFFSET  9.9027 -0.7568 -3.3587
X  0.0002  0.4541 -0.8909
Y -1.0000 -0.0004 -0.0004
Z -0.0005  0.8909  0.4541

PART 54
OFFSET  9.9028 -0.5441 -3.7762
X  0.0003  0.0982 -0.9952
Y -1.0000 -0.0004 -0.0004
Z -0.0004  0.9952  0.0982

PART 55
OFFSET  9.9030 -0.4982 -4.2401
X  0.0005 -0.0088 -1.0000
Y -1.0000 -0.0004 -0.0005
Z -0.0003  1.0000 -0.0088

PART 56
OFFSET  9.9031 -0.5023 -4.7063
X  0.0003 -0.0091 -1.0000
Y -1.0000 -0.0004 -0.0003
Z -0.0003  1.0000 -0.0091

PART 57
OFFSET  9.9032 -0.5067 -5.1724
X  0.0003 -0.0091 -1.0000
Y -1.0000 -0.0002 -0.0003
Z -0.0002  1.0000 -0.0091

PART 58
OFFSET  9.9034 -0.5109 -5.6386
X  0.0003 -0.0091 -1.0000
Y -1.0000 -0.0003 -0.0003
Z -0.0003  1.0000 -0.0091

PART 59
OFFSET  25.9325 -2.0945 -4.8678
X -0.0000  0.4115 -0.9114
Y  0.0698  0.9092  0.4105
Z  0.9976 -0.0636 -0.0287

PART 60
OFFSET  25.9325 -4.7244 -4.8678
X  0.0000  0.4115  0.9114
Y -0.0698  0.9092 -0.4105
Z -0.9976 -0.0636  0.0287

PART 61
OFFSET -6.5551 -7.9373 -5.6959
X -0.4471  0.1582  0.8804
Y -0.1653 -0.9819  0.0925
Z  0.8791 -0.1041  0.4651

PART 62
OFFSET -1.1481 -9.8501 -16.3434
X -0.5546 -0.4384 -0.7072
Y  0.7738  0.0407 -0.6321
Z  0.3059 -0.8979  0.3167

PART 63
OFFSET  3.5692 -6.1212 -10.3280
X -0.5546 -0.4384 -0.7072
Y  0.8156 -0.1180 -0.5664
Z  0.1649 -0.8910  0.4230

PART 64
OFFSET  3.4494 -4.5044 -9.2025
X -0.5602 -0.4360 -0.7044
Y -0.3179  0.8983 -0.3032
Z  0.7650  0.0541 -0.6418

PART 65
OFFSET  3.1091 -4.9295 -8.1291
X -0.5602 -0.4360 -0.7044
Y -0.3179  0.8983 -0.3032
Z  0.7650  0.0541 -0.6418

PART 66
OFFSET  3.7068 -6.0467 -7.7650
X -0.5602 -0.4360 -0.7044
Y -0.3179  0.8983 -0.3032
Z  0.7650  0.0541 -0.6418

PART 67
OFFSET  5.2695 -4.7772 -8.1598
X -0.9700 -0.0169 -0.2425
Y  0.2429 -0.1079 -0.9640
Z -0.0099 -0.9940  0.1088

PART 68
OFFSET  5.4755 -4.2573 -7.1651
X -0.6095 -0.6748 -0.4161
Y  0.5217  0.0537 -0.8514
Z  0.5969 -0.7360  0.3193

PART 69
OFFSET  6.7055 -2.7655 -6.2001
X -0.9250 -0.3191  0.2064
Y -0.0165 -0.5088 -0.8607
Z  0.3797 -0.7995  0.4654

PART 70
OFFSET  8.1552 -2.1911 -6.6367
X -0.5189  0.0853  0.8505
Y -0.6975 -0.6174 -0.3637
Z  0.4941 -0.7820  0.3799

PART 71
OFFSET  8.7057 -2.2370 -7.5677
X -0.8442  0.4380  0.3089
Y  0.1330  0.7295 -0.6709
Z -0.5192 -0.5253 -0.6742

PART 72
OFFSET  6.3524 -4.6776 -9.0089
X -0.9569 -0.0138  0.2901
Y  0.0582 -0.9877  0.1449
Z  0.2845  0.1555  0.9460

PART 73
OFFSET  8.5367 -4.5027 -9.5406
X -0.7481 -0.6520 -0.1232
Y  0.6466 -0.6745 -0.3563
Z  0.1492 -0.3462  0.9262

PART 74
OFFSET  9.5959 -3.5796 -9.3661
X  0.3091 -0.8747 -0.3733
Y  0.9462  0.3222  0.0284
Z  0.0954 -0.3621  0.9273

PART 75
OFFSET  9.3219 -2.8041 -9.0351
X  0.8415 -0.4489 -0.3007
Y  0.5174  0.8297  0.2094
Z  0.1555 -0.3318  0.9304

PART 76
OFFSET  8.5224 -2.3776 -8.7495
X -0.9909 -0.1295 -0.0361
Y -0.1312  0.8733  0.4692
Z -0.0293  0.4697 -0.8824

PART 77
OFFSET  6.4029 -4.7410 -8.2996
X -0.9989  0.0087  0.0456
Y -0.0013 -0.9873  0.1587
Z  0.0464  0.1585  0.9863

PART 78
OFFSET  8.9886 -4.8088 -8.5610
X -0.6566 -0.7451  0.1169
Y  0.6585 -0.6420 -0.3927
Z  0.3676 -0.1809  0.9122

PART 79
OFFSET  10.1065 -3.5403 -8.7601
X  0.4736 -0.8084 -0.3495
Y  0.8106  0.5553 -0.1861
Z  0.3445 -0.1952  0.9183

PART 80
OFFSET  9.4502 -2.4199 -8.2757
X  0.8658 -0.3268 -0.3790
Y  0.3769  0.9240  0.0642
Z  0.3292 -0.1985  0.9232

PART 81
OFFSET  8.5112 -2.0654 -7.8646
X -0.9084 -0.2698  0.3193
Y -0.2019  0.9520  0.2301
Z -0.3660  0.1446 -0.9193

PART 82
OFFSET  1.0217 -5.2891 -8.2956
X -0.9624 -0.2714 -0.0115
Y -0.2629  0.9412 -0.2122
Z  0.0684 -0.2012 -0.9772

PART 83
OFFSET  8.8623 -4.9994 -6.4474
X -0.9855 -0.1680  0.0218
Y  0.1692 -0.9707  0.1707
Z -0.0075  0.1720  0.9851

PART 84
OFFSET  10.5975 -4.7036 -6.4857
X -0.3387 -0.9197  0.1987
Y  0.9408 -0.3287  0.0824
Z -0.0104  0.2149  0.9766

PART 85
OFFSET  11.0086 -3.5725 -6.6680
X -0.1483 -0.9790  0.1397
Y  0.9888 -0.1447  0.0359
Z -0.0150  0.1435  0.9895

PART 86
OFFSET  11.1761 -2.4667 -6.8258
X -0.8486  0.4897  0.2004
Y  0.4378  0.8625 -0.2536
Z -0.2971 -0.1275 -0.9463

PART 87
OFFSET  9.0241 -4.9400 -7.5386
X -0.5405 -0.8292  0.1423
Y  0.8165 -0.5578 -0.1490
Z  0.2029  0.0357  0.9785

PART 88
OFFSET  10.0800 -3.3200 -7.8166
X  0.6073 -0.7880 -0.1014
Y  0.7580  0.6129 -0.2232
Z  0.2380  0.0587  0.9695

PART 89
OFFSET  9.1929 -2.1691 -7.6686
X  0.9256 -0.3164 -0.2080
Y  0.2828  0.9429 -0.1759
Z  0.2517  0.1039  0.9622

PART 90
OFFSET  8.1430 -1.8108 -7.4399
X -0.9064 -0.3663  0.2103
Y -0.3595  0.9304  0.0710
Z -0.2217 -0.0112 -0.9751

PART 91
OFFSET  3.4443 -4.4931 -9.2059
X -0.5601 -0.4362 -0.7043
Y -0.3154  0.8984 -0.3055
Z  0.7660  0.0511 -0.6408

PART 92
OFFSET  3.1003 -4.9082 -8.1358
X -0.5601 -0.4362 -0.7043
Y -0.3154  0.8984 -0.3055
Z  0.7660  0.0511 -0.6408

PART 93
OFFSET  3.7279 -6.0452 -7.7823
X -0.5601 -0.4362 -0.7043
Y -0.3154  0.8984 -0.3055
Z  0.7660  0.0511 -0.6408

PART 94
OFFSET  0.0000 -0.0000 -0.0000
X  1.0000 -0.0000  0.0000
Y  0.0000  1.0000  0.0000
Z  0.0000 -0.0000  1.0000

PART 95
OFFSET  0.0000 -0.0000 -0.0000
X  1.0000 -0.0000  0.0000
Y  0.0000  1.0000  0.0000
Z  0.0000 -0.0000  1.0000

PART 96
OFFSET  1.5404 -0.0000  4.1357
X  1.0000 -0.0000  0.0000
Y  0.0000  1.0000  0.0000
Z  0.0000 -0.0000  1.0000


FRAME 1053
PART 0
OFFSET  0.0000 -0.0000 -0.0000
X  1.0000 -0.0000  0.0000
Y  0.0000  1.0000  0.0000
Z  0.0000 -0.0000  1.0000

PART 1
OFFSET -7.6810 -0.0000 -1.3770
X  1.0000  0.0000  0.0000
Y -0.0000  1.0000  0.0000
Z  0.0000 -0.0000  1.0000

PART 2
OFFSET -1.6489  5.2787 -5.1189
X  0.8326  0.1908 -0.5200
Y -0.0940 -0.8766 -0.4720
Z -0.5459  0.4419 -0.7119

PART 3
OFFSET  8.4200  7.5861 -11.4083
X  0.6822 -0.7110  0.1705
Y -0.6369 -0.4633  0.6161
Z -0.3591 -0.5289 -0.7690

PART 4
OFFSET  14.2220  1.5383 -9.9582
X  0.6822 -0.7110  0.1705
Y -0.3604 -0.1241  0.9245
Z -0.6362 -0.6921 -0.3409

PART 5
OFFSET  16.2620  1.8335 -8.6977
X  0.6869 -0.7069  0.1689
Y  0.3640  0.5358  0.7618
Z -0.6290 -0.4618  0.6254

PART 6
OFFSET  15.4510  1.0123 -11.1209
X  0.6869 -0.7069  0.1689
Y  0.3640  0.5358  0.7618
Z -0.6290 -0.4618  0.6254

PART 7
OFFSET  15.1985  0.3337 -7.6329
X  0.6869 -0.7069  0.1689
Y  0.3640  0.5358  0.7618
Z -0.6290 -0.4618  0.6254

PART 8
OFFSET  14.5001 -0.5027 -8.9048
X  0.6869 -0.7069  0.1689
Y  0.3640  0.5358  0.7618
Z -0.6290 -0.4618  0.6254

PART 9
OFFSET  13.7775 -0.9922 -10.2956
X  0.6869 -0.7069  0.1689
Y  0.3640  0.5358  0.7618
Z -0.6290 -0.4618  0.6254

PART 10
OFFSET  16.3133 -0.6415 -9.4356
X  0.6763 -0.6374  0.3692
Y -0.4713  0.0108  0.8819
Z -0.5662 -0.7704 -0.2931

PART 11
OFFSET  15.9303 -1.2342 -8.5388
X -0.0239 -0.8698  0.4929
Y -0.2788  0.4793  0.8322
Z -0.9601 -0.1175 -0.2539

PART 12
OFFSET  15.7974 -3.0698 -7.4062
X  0.5048 -0.8504 -0.1480
Y -0.3112 -0.3392  0.8878
Z -0.8052 -0.4021 -0.4358

PART 13
OFFSET  16.5408 -4.4675 -7.7468
X  0.3254 -0.1718 -0.9298
Y  0.1791 -0.9544  0.2390
Z -0.9285 -0.2443 -0.2797

PART 14
OFFSET  16.8532 -4.6808 -8.7611
X  0.8735 -0.1666 -0.4574
Y  0.4638  0.5704  0.6779
Z  0.1480 -0.8043  0.5755

PART 15
OFFSET  17.2758 -1.3482 -10.1267
X  0.7796 -0.6145 -0.1205
Y -0.6147 -0.7144 -0.3343
Z  0.1194  0.3347 -0.9347

PART 16
OFFSET  18.9347 -2.8653 -10.3023
X -0.3626 -0.9316  0.0270
Y -0.9304  0.3601 -0.0685
Z  0.0541 -0.0500 -0.9973

PART 17
OFFSET  18.4215 -4.1842 -10.2641
X -0.9948 -0.0888 -0.0503
Y -0.0829  0.9907 -0.1080
Z  0.0594 -0.1032 -0.9929

PART 18
OFFSET  17.5394 -4.2629 -10.3087
X -0.7779  0.6243 -0.0716
Y  0.6253  0.7803  0.0110
Z  0.0628 -0.0362 -0.9974

PART 19
OFFSET  16.8004 -3.6698 -10.3767
X  0.1934 -0.9621  0.1921
Y  0.9805  0.1828 -0.0716
Z  0.0338  0.2022  0.9788

PART 20
OFFSET  17.1904 -1.3736 -9.4185
X  0.7849 -0.6146  0.0787
Y -0.5587 -0.7569 -0.3390
Z  0.2679  0.2221 -0.9375

PART 21
OFFSET  19.2388 -2.9689 -9.2850
X -0.5386 -0.8399 -0.0663
Y -0.8396  0.5416 -0.0412
Z  0.0705  0.0335 -0.9970

PART 22
OFFSET  18.3218 -4.3989 -9.3979
X -0.9889  0.1355 -0.0612
Y  0.1350  0.9908  0.0121
Z  0.0622  0.0037 -0.9981

PART 23
OFFSET  16.9512 -4.2111 -9.4827
