// Export filename: `C:\projects\cod\t5\xanim_export\t5_viewmodels\m60\m60_grip_reload_empty.XANIM_EXPORT`
// Source filename: `D:\projects\devanim\t5\animation_assets\viewmodels\m60\viewmodel_m60_animated.fbx`
// Export time: Fri Jul 16 16:10:05 2010

ANIMATION
VERSION 3

NUMPARTS 97
PART 0 "tag_ads"
PART 1 "tag_torso"
PART 2 "J_Shoulder_LE"
PART 3 "J_Elbow_LE"
PART 4 "J_WristTwist_LE"
PART 5 "J_Sleave_Reshape_Bottom_LE_1"
PART 6 "J_Sleave_Reshape_Bottom_LE_2"
PART 7 "J_Sleave_Reshape_Top_LE_1"
PART 8 "J_Sleave_Reshape_Top_LE_2"
PART 9 "J_Sleave_Reshape_Top_LE_3"
PART 10 "J_Wrist_LE"
PART 11 "J_Thumb_LE_0"
PART 12 "J_Thumb_LE_1"
PART 13 "J_Thumb_LE_2"
PART 14 "J_Thumb_LE_3"
PART 15 "J_PinkyPalm_LE"
PART 16 "J_Pinky_LE_0"
PART 17 "J_Pinky_LE_1"
PART 18 "J_Pinky_LE_2"
PART 19 "J_Pinky_LE_3"
PART 20 "J_RingPalm_LE"
PART 21 "J_Ring_LE_0"
PART 22 "J_Ring_LE_1"
PART 23 "J_Ring_LE_2"
PART 24 "J_Ring_LE_3"
PART 25 "J_Webbing_LE"
PART 26 "J_Index_LE_0"
PART 27 "J_Index_LE_1"
PART 28 "J_Index_LE_2"
PART 29 "J_Index_LE_3"
PART 30 "J_Mid_LE_0"
PART 31 "J_Mid_LE_1"
PART 32 "J_Mid_LE_2"
PART 33 "J_Mid_LE_3"
PART 34 "tag_knife_attach"
PART 35 "D_Sleave_Reshape_Bottom_LE_1"
PART 36 "D_Sleave_Reshape_Bottom_LE_2"
PART 37 "D_Sleave_Reshape_Top_LE_1"
PART 38 "D_Sleave_Reshape_Top_LE_2"
PART 39 "D_Sleave_Reshape_Top_LE_3"
PART 40 "tag_weapon"
PART 41 "J_Gun"
PART 42 "J_Bolt"
PART 43 "J_Handle"
PART 44 "J_Reload_Cover"
PART 45 "TAG_IRON_SIGHTS"
PART 46 "TAG_CLIP"
PART 47 "J_Bullets0"
PART 48 "J_Bullets1"
PART 49 "J_Bullets2"
PART 50 "J_Bullets3"
PART 51 "J_Bullets4"
PART 52 "J_Bullets5"
PART 53 "J_Bullets6"
PART 54 "J_Bullets7"
PART 55 "J_Bullets8"
PART 56 "J_Bullets9"
PART 57 "J_Bullets10"
PART 58 "J_Bullets11"
PART 59 "J_Pod_Left"
PART 60 "J_Pod_Right"
PART 61 "J_Shoulder_RI"
PART 62 "J_Elbow_RI"
PART 63 "J_WristTwist_RI"
PART 64 "J_Sleave_Reshape_Top_RI_3"
PART 65 "J_Sleave_Reshape_Top_RI_2"
PART 66 "J_Sleave_Reshape_Top_RI_1"
PART 67 "J_Wrist_RI"
PART 68 "J_Thumb_RI_0"
PART 69 "J_Thumb_RI_1"
PART 70 "J_Thumb_RI_2"
PART 71 "J_Thumb_RI_3"
PART 72 "J_PinkyPalm_RI"
PART 73 "J_Pinky_RI_0"
PART 74 "J_Pinky_RI_1"
PART 75 "J_Pinky_RI_2"
PART 76 "J_Pinky_RI_3"
PART 77 "J_RingPalm_RI"
PART 78 "J_Ring_RI_0"
PART 79 "J_Ring_RI_1"
PART 80 "J_Ring_RI_2"
PART 81 "J_Ring_RI_3"
PART 82 "J_Webbing_RI"
PART 83 "J_Index_RI_0"
PART 84 "J_Index_RI_1"
PART 85 "J_Index_RI_2"
PART 86 "J_Index_RI_3"
PART 87 "J_Mid_RI_0"
PART 88 "J_Mid_RI_1"
PART 89 "J_Mid_RI_2"
PART 90 "J_Mid_RI_3"
PART 91 "D_Sleave_Reshape_Top_RI_3"
PART 92 "D_Sleave_Reshape_Top_RI_2"
PART 93 "D_Sleave_Reshape_Top_RI_1"
PART 94 "tag_cambone"
PART 95 "tag_camera"
PART 96 "tag_gasmask"

FRAMERATE 30
NUMFRAMES 282

FRAME 1300
PART 0
OFFSET  0.0000 -0.0000 -0.0000
X  1.0000 -0.0000  0.0000
Y  0.0000  1.0000  0.0000
Z  0.0000 -0.0000  1.0000

PART 1
OFFSET -7.6810 -0.0000 -1.3770
X  1.0000  0.0000  0.0000
Y -0.0000  1.0000  0.0000
Z  0.0000 -0.0000  1.0000

PART 2
OFFSET -1.6489  5.2787 -5.1189
X  0.8326  0.1908 -0.5200
Y -0.0940 -0.8766 -0.4720
Z -0.5459  0.4419 -0.7119

PART 3
OFFSET  8.4200  7.5861 -11.4083
X  0.6822 -0.7110  0.1705
Y -0.6369 -0.4633  0.6161
Z -0.3591 -0.5289 -0.7690

PART 4
OFFSET  14.2220  1.5383 -9.9582
X  0.6822 -0.7110  0.1705
Y -0.3604 -0.1241  0.9245
Z -0.6362 -0.6921 -0.3409

PART 5
OFFSET  16.2620  1.8335 -8.6977
X  0.6869 -0.7069  0.1689
Y  0.3671  0.5381  0.7588
Z -0.6272 -0.4592  0.6291

PART 6
OFFSET  15.4513  1.0127 -11.1205
X  0.6869 -0.7069  0.1689
Y  0.3671  0.5381  0.7588
Z -0.6272 -0.4592  0.6291

PART 7
OFFSET  15.1985  0.3337 -7.6329
X  0.6869 -0.7069  0.1689
Y  0.3671  0.5381  0.7588
Z -0.6272 -0.4592  0.6291

PART 8
OFFSET  14.4994 -0.5020 -8.9050
X  0.6869 -0.7069  0.1689
Y  0.3671  0.5381  0.7588
Z -0.6272 -0.4592  0.6291

PART 9
OFFSET  13.7777 -0.9919 -10.2959
X  0.6869 -0.7069  0.1689
Y  0.3671  0.5381  0.7588
Z -0.6272 -0.4592  0.6291

PART 10
OFFSET  16.3133 -0.6415 -9.4356
X  0.6763 -0.6374  0.3692
Y -0.4713  0.0108  0.8819
Z -0.5662 -0.7704 -0.2931

PART 11
OFFSET  15.9303 -1.2342 -8.5388
X -0.0239 -0.8698  0.4929
Y -0.2788  0.4793  0.8322
Z -0.9601 -0.1175 -0.2539

PART 12
OFFSET  15.7974 -3.0698 -7.4062
X  0.5055 -0.8496 -0.1504
Y -0.3099 -0.3414  0.8874
Z -0.8053 -0.4019 -0.4359

PART 13
OFFSET  16.5417 -4.4661 -7.7506
X  0.3235 -0.1699 -0.9309
Y  0.1807 -0.9546  0.2370
Z -0.9288 -0.2448 -0.2781

PART 14
OFFSET  16.8521 -4.6772 -8.7660
X  0.8726 -0.1649 -0.4597
Y  0.4647  0.5697  0.6778
Z  0.1502 -0.8051  0.5738

PART 15
OFFSET  17.2758 -1.3482 -10.1267
X  0.7796 -0.6145 -0.1205
Y -0.6147 -0.7144 -0.3343
Z  0.1194  0.3347 -0.9347

PART 16
OFFSET  18.9347 -2.8653 -10.3023
X -0.3626 -0.9316  0.0270
Y -0.9304  0.3601 -0.0685
Z  0.0541 -0.0500 -0.9973

PART 17
OFFSET  18.4215 -4.1842 -10.2641
X -0.9948 -0.0888 -0.0507
Y -0.0830  0.9908 -0.1072
Z  0.0598 -0.1024 -0.9929

PART 18
OFFSET  17.5395 -4.2629 -10.3090
X -0.7793  0.6226 -0.0714
Y  0.6235  0.7817  0.0117
Z  0.0631 -0.0354 -0.9974

PART 19
OFFSET  16.7992 -3.6714 -10.3769
X  0.1955 -0.9618  0.1915
Y  0.9801  0.1850 -0.0713
Z  0.0331  0.2016  0.9789

PART 20
OFFSET  17.1904 -1.3736 -9.4185
X  0.7849 -0.6146  0.0787
Y -0.5587 -0.7569 -0.3390
Z  0.2679  0.2221 -0.9375

PART 21
OFFSET  19.2388 -2.9688 -9.2850
X -0.5386 -0.8399 -0.0663
Y -0.8396  0.5416 -0.0412
Z  0.0705  0.0335 -0.9969

PART 22
OFFSET  18.3218 -4.3989 -9.3980
X -0.9888  0.1355 -0.0619
Y  0.1349  0.9908  0.0136
Z  0.0632  0.0051 -0.9980

PART 23
OFFSET  16.9514 -4.2110 -9.4838
X -0.1376  0.9905 -0.0042
Y  0.9881  0.1376  0.0691
Z  0.0690  0.0054 -0.9976

PART 24
OFFSET  16.8021 -3.1369 -9.4883
X -0.4483 -0.8898 -0.0851
Y  0.8845 -0.4553  0.1018
Z -0.1294 -0.0296  0.9912

PART 25
OFFSET  17.3464 -3.0024 -7.0543
X  0.5700 -0.8161  0.0953
Y  0.7194  0.5518  0.4220
Z -0.3969 -0.1720  0.9016

PART 26
OFFSET  18.8035 -2.8309 -7.2230
X -0.3411 -0.9188 -0.1989
Y -0.9387  0.3442  0.0199
Z  0.0501  0.1935 -0.9798

PART 27
OFFSET  18.2030 -4.4485 -7.5731
X -0.9269  0.3662 -0.0819
Y  0.3442  0.9166  0.2032
Z  0.1495  0.1602 -0.9757

PART 28
OFFSET  17.0671 -4.0130 -7.6134
X -0.1281  0.9689  0.2118
Y  0.9905  0.1144  0.0761
Z  0.0495  0.2195 -0.9743

PART 29
OFFSET  16.9223 -2.9187 -7.3742
X -0.8385 -0.3569 -0.4117
Y  0.4107 -0.9106 -0.0471
Z -0.3580 -0.2085  0.9101

PART 30
OFFSET  19.1411 -2.9128 -8.2717
X -0.6129 -0.7845 -0.0948
Y -0.7805  0.6197 -0.0820
Z  0.1231  0.0238 -0.9921

PART 31
OFFSET  17.9438 -4.4453 -8.4569
X -0.9237  0.3698 -0.1001
Y  0.3581  0.9263  0.1168
Z  0.1359  0.0721 -0.9881

PART 32
OFFSET  16.5945 -3.9052 -8.6031
X  0.0537  0.9919  0.1152
Y  0.9828 -0.0729  0.1694
Z  0.1765  0.1041 -0.9788

PART 33
OFFSET  16.6560 -2.7810 -8.4797
X -0.6802 -0.7207 -0.1340
Y  0.7287 -0.6846 -0.0176
Z -0.0790 -0.1096  0.9908

PART 34
OFFSET  17.5381 -3.5496 -9.3566
X  0.2004  0.2163 -0.9555
Y  0.5662  0.7704  0.2931
Z  0.7996 -0.5997  0.0319

PART 35
OFFSET  16.1696  1.5087 -9.6812
X  0.6869 -0.7068  0.1689
Y  0.3663  0.5375  0.7595
Z -0.6276 -0.4599  0.6281

PART 36
OFFSET  15.4513  1.0127 -11.1205
X  0.6869 -0.7068  0.1689
Y  0.3663  0.5375  0.7595
Z -0.6276 -0.4599  0.6281

PART 37
OFFSET  14.8706 -0.0995 -8.1120
X  0.6869 -0.7068  0.1689
Y  0.3663  0.5375  0.7595
Z -0.6276 -0.4599  0.6281

PART 38
OFFSET  14.1895 -0.8294 -9.0147
X  0.6869 -0.7068  0.1689
Y  0.3663  0.5375  0.7595
Z -0.6276 -0.4599  0.6281

PART 39
OFFSET  14.3209 -0.4324 -10.1376
X  0.6869 -0.7068  0.1689
Y  0.3663  0.5375  0.7595
Z -0.6276 -0.4599  0.6281

PART 40
OFFSET  9.9030 -3.4097 -6.3868
X  1.0000  0.0000  0.0000
Y -0.0000  1.0000  0.0000
Z  0.0000 -0.0000  1.0000

PART 41
OFFSET  9.9030 -3.4097 -6.3868
X  1.0000  0.0000  0.0000
Y -0.0000  1.0000  0.0000
Z  0.0000 -0.0000  1.0000

PART 42
OFFSET  12.4064 -4.1473 -4.7608
X  1.0000  0.0000  0.0000
Y -0.0000  1.0000  0.0000
Z  0.0000 -0.0000  1.0000

PART 43
OFFSET  16.9955 -3.4081 -3.2185
X  1.0000 -0.0000 -0.0000
Y  0.0000  0.9053 -0.4247
Z  0.0000  0.4247  0.9053

PART 44
OFFSET  12.0465 -3.4097 -2.5324
X  1.0000 -0.0000  0.0000
Y -0.0000  1.0000  0.0000
Z -0.0000 -0.0000  1.0000

PART 45
OFFSET  7.7652 -3.4097 -1.5652
X  1.0000 -0.0000  0.0000
Y -0.0000  1.0000  0.0000
Z -0.0000 -0.0000  1.0000

PART 46
OFFSET  10.2681  1.2515 -5.8968
X  1.0000  0.0000  0.0000
Y -0.0000  1.0000  0.0000
Z -0.0000 -0.0000  1.0000

PART 47
OFFSET  9.9030 -3.4500 -3.4118
X  0.0000  0.9879  0.1554
Y -1.0000  0.0000  0.0000
Z  0.0000 -0.1554  0.9879

PART 48
OFFSET  9.9030 -2.9895 -3.3393
X -0.0001  0.9875  0.1574
Y -1.0000 -0.0001  0.0000
Z  0.0000 -0.1574  0.9875

PART 49
OFFSET  9.9029 -2.5291 -3.2659
X -0.0001  0.9897  0.1429
Y -1.0000 -0.0001 -0.0000
Z -0.0000 -0.1429  0.9897

PART 50
OFFSET  9.9029 -2.0677 -3.1993
X -0.0000  0.9960  0.0898
Y -1.0000 -0.0000  0.0000
Z  0.0000 -0.0898  0.9960

PART 51
OFFSET  9.9029 -1.6034 -3.1574
X -0.0001  0.9990 -0.0439
Y -1.0000 -0.0001 -0.0003
Z -0.0003  0.0439  0.9990

PART 52
OFFSET  9.9028 -1.1377 -3.1778
X -0.0002  0.9033 -0.4290
Y -1.0000 -0.0003 -0.0003
Z -0.0004  0.4290  0.9033

PART 53
OFFSET  9.9027 -0.7568 -3.3587
X  0.0002  0.4541 -0.8909
Y -1.0000 -0.0004 -0.0004
Z -0.0005  0.8909  0.4541

PART 54
OFFSET  9.9028 -0.5441 -3.7762
X  0.0003  0.0982 -0.9952
Y -1.0000 -0.0004 -0.0004
Z -0.0004  0.9952  0.0982

PART 55
OFFSET  9.9030 -0.4982 -4.2401
X  0.0005 -0.0088 -1.0000
Y -1.0000 -0.0004 -0.0005
Z -0.0003  1.0000 -0.0088

PART 56
OFFSET  9.9031 -0.5023 -4.7063
X  0.0003 -0.0091 -1.0000
Y -1.0000 -0.0004 -0.0003
Z -0.0003  1.0000 -0.0091

PART 57
OFFSET  9.9032 -0.5067 -5.1724
X  0.0003 -0.0091 -1.0000
Y -1.0000 -0.0002 -0.0003
Z -0.0002  1.0000 -0.0091

PART 58
OFFSET  9.9034 -0.5109 -5.6386
X  0.0003 -0.0091 -1.0000
Y -1.0000 -0.0003 -0.0003
Z -0.0003  1.0000 -0.0091

PART 59
OFFSET  25.9325 -2.0945 -4.8678
X -0.0000  0.4115 -0.9114
Y  0.0698  0.9092  0.4105
Z  0.9976 -0.0636 -0.0287

PART 60
OFFSET  25.9325 -4.7244 -4.8678
X  0.0000  0.4115  0.9114
Y -0.0698  0.9092 -0.4105
Z -0.9976 -0.0636  0.0287

PART 61
OFFSET -6.5551 -7.9373 -5.6959
X -0.4471  0.1582  0.8804
Y -0.1653 -0.9819  0.0925
Z  0.8791 -0.1041  0.4651

PART 62
OFFSET -1.1481 -9.8501 -16.3434
X -0.5546 -0.4384 -0.7072
Y  0.7738  0.0407 -0.6321
Z  0.3059 -0.8979  0.3167

PART 63
OFFSET  3.5692 -6.1212 -10.3280
X -0.5546 -0.4384 -0.7072
Y  0.8156 -0.1180 -0.5664
Z  0.1649 -0.8910  0.4230

PART 64
OFFSET  3.4216 -4.4559 -9.2104
X -0.5602 -0.4360 -0.7044
Y -0.3161  0.8985 -0.3048
Z  0.7657  0.0519 -0.6411

PART 65
OFFSET  3.0585 -4.8273 -8.1526
X -0.5602 -0.4360 -0.7044
Y -0.3161  0.8985 -0.3048
Z  0.7657  0.0519 -0.6411

PART 66
OFFSET  3.8016 -6.0413 -7.8430
X -0.5602 -0.4360 -0.7044
Y -0.3161  0.8985 -0.3048
Z  0.7657  0.0519 -0.6411

PART 67
OFFSET  5.2695 -4.7772 -8.1598
X -0.9700 -0.0169 -0.2425
Y  0.2429 -0.1079 -0.9640
Z -0.0099 -0.9940  0.1088

PART 68
OFFSET  5.4755 -4.2573 -7.1651
X -0.6095 -0.6748 -0.4161
Y  0.4742  0.1103 -0.8735
Z  0.6353 -0.7297  0.2528

PART 69
OFFSET  6.7081 -2.7715 -6.1941
X -0.9026 -0.3584  0.2385
Y -0.0466 -0.4693 -0.8818
Z  0.4279 -0.8071  0.4069

PART 70
OFFSET  8.1145 -2.1306 -6.6772
X -0.4752  0.0296  0.8794
Y -0.6969 -0.6227 -0.3556
Z  0.5371 -0.7819  0.3165

PART 71
OFFSET  8.6157 -2.1163 -7.6366
X -0.8394  0.3958  0.3725
Y  0.0750  0.7632 -0.6418
Z -0.5383 -0.5108 -0.6703

PART 72
OFFSET  6.3524 -4.6776 -9.0089
X -0.9570 -0.0109  0.2898
Y  0.0561 -0.9874  0.1480
Z  0.2846  0.1579  0.9456

PART 73
OFFSET  8.5372 -4.5090 -9.5405
X -0.5039 -0.8345 -0.2229
Y  0.8501 -0.4333 -0.2993
Z  0.1532 -0.3403  0.9278

PART 74
OFFSET  9.2506 -3.3275 -9.2249
X  0.5910 -0.7223 -0.3592
Y  0.7996  0.5834  0.1422
Z  0.1068 -0.3712  0.9224

PART 75
OFFSET  8.7266 -2.6871 -8.9065
X  0.9625 -0.1637 -0.2164
Y  0.2230  0.9315  0.2874
Z  0.1545 -0.3249  0.9330

PART 76
OFFSET  7.8122 -2.5316 -8.7009
X -0.8985 -0.4126 -0.1498
Y -0.4315  0.7675  0.4741
Z -0.0806  0.4907 -0.8676

PART 77
OFFSET  6.4029 -4.7410 -8.2996
X -0.9989  0.0087  0.0456
Y -0.0013 -0.9873  0.1588
Z  0.0464  0.1586  0.9863

PART 78
OFFSET  8.9886 -4.8088 -8.5610
X -0.5311 -0.8450  0.0624
Y  0.7902 -0.5205 -0.3234
Z  0.3058 -0.1225  0.9442

PART 79
OFFSET  9.8927 -3.3702 -8.6672
X  0.6596 -0.6891 -0.3003
Y  0.6956  0.7110 -0.1037
Z  0.2849 -0.1405  0.9482

PART 80
OFFSET  8.9786 -2.4152 -8.2510
X  0.9442  0.2184 -0.2467
Y -0.1736  0.9661  0.1909
Z  0.2800 -0.1374  0.9501

PART 81
OFFSET  7.9546 -2.6520 -7.9835
X -0.6606 -0.7376  0.1398
Y -0.6952  0.6714  0.2568
Z -0.2832  0.0724 -0.9563

PART 82
OFFSET  1.0217 -5.2891 -8.2956
X -0.9624 -0.2714 -0.0115
Y -0.2629  0.9412 -0.2122
Z  0.0684 -0.2012 -0.9772

PART 83
OFFSET  8.8623 -4.9994 -6.4474
X -0.9752 -0.1426  0.1690
Y  0.1529 -0.9870  0.0495
Z  0.1597  0.0741  0.9844

PART 84
OFFSET  10.5794 -4.7483 -6.7449
X -0.3419 -0.9250  0.1657
Y  0.9265 -0.3613 -0.1054
Z  0.1574  0.1174  0.9805

PART 85
OFFSET  11.0046 -3.6166 -6.8868
X -0.1663 -0.9835  0.0707
Y  0.9743 -0.1749 -0.1419
Z  0.1519  0.0453  0.9874

PART 86
OFFSET  11.1924 -2.5057 -6.9666
X -0.7827  0.4908  0.3828
Y  0.4281  0.8709 -0.2413
Z -0.4518 -0.0250 -0.8918

PART 87
OFFSET  9.0241 -4.9400 -7.5386
X -0.5488 -0.8198  0.1636
Y  0.8083 -0.5703 -0.1461
Z  0.2131  0.0521  0.9757

PART 88
OFFSET  10.0962 -3.3384 -7.8582
X  0.6675 -0.7357 -0.1149
Y  0.7020  0.6732 -0.2323
Z  0.2483  0.0744  0.9658

PART 89
OFFSET  9.1213 -2.2638 -7.6904
X  0.9072  0.3082 -0.2864
Y -0.3304  0.9433 -0.0312
Z  0.2605  0.1229  0.9576

PART 90
OFFSET  8.0918 -2.6132 -7.3728
X -0.5013 -0.8467  0.1783
Y -0.8150  0.5312  0.2314
Z -0.2907 -0.0294 -0.9564

PART 91
OFFSET  3.4443 -4.4931 -9.2059
X -0.5601 -0.4362 -0.7043
Y -0.3154  0.8984 -0.3055
Z  0.7660  0.0511 -0.6408

PART 92
OFFSET  3.1003 -4.9082 -8.1358
X -0.5601 -0.4362 -0.7043
Y -0.3154  0.8984 -0.3055
Z  0.7660  0.0511 -0.6408

PART 93
OFFSET  3.7279 -6.0452 -7.7823
X -0.5601 -0.4362 -0.7043
Y -0.3154  0.8984 -0.3055
Z  0.7660  0.0511 -0.6408

PART 94
OFFSET  0.0000 -0.0000 -0.0000
X  1.0000 -0.0000  0.0000
Y  0.0000  1.0000  0.0000
Z  0.0000 -0.0000  1.0000

PART 95
OFFSET  0.0000 -0.0000 -0.0000
X  1.0000 -0.0000  0.0000
Y  0.0000  1.0000  0.0000
Z  0.0000 -0.0000  1.0000

PART 96
OFFSET  1.5404 -0.0000  4.1357
X  1.0000 -0.0000  0.0000
Y  0.0000  1.0000  0.0000
Z  0.0000 -0.0000  1.0000


FRAME 1301
PART 0
OFFSET  0.0000 -0.0000 -0.0000
X  1.0000 -0.0000  0.0000
Y  0.0000  1.0000  0.0000
Z  0.0000 -0.0000  1.0000

PART 1
OFFSET -7.6810 -0.0000 -1.3770
X  1.0000  0.0000  0.0000
Y -0.0000  1.0000  0.0000
Z  0.0000 -0.0000  1.0000

PART 2
OFFSET -1.6489  5.2787 -5.1189
X  0.8287  0.1832 -0.5289
Y -0.0901 -0.8889 -0.4492
Z -0.5524  0.4199 -0.7201

PART 3
OFFSET  8.3728  7.4946 -11.5155
X  0.6867 -0.7026  0.1862
Y -0.6320 -0.4506  0.6306
Z -0.3592 -0.5507 -0.7535

PART 4
OFFSET  14.2139  1.5183 -9.9316
X  0.6867 -0.7026  0.1862
Y -0.3659 -0.1128  0.9238
Z -0.6281 -0.7025 -0.3346

PART 5
OFFSET  16.2570  1.8574 -8.6873
X  0.6914 -0.6985  0.1845
Y  0.3670  0.5597  0.7430
Z -0.6222 -0.4460  0.6433

PART 6
OFFSET  15.4416  0.9692 -11.0848
X  0.6914 -0.6985  0.1845
Y  0.3670  0.5597  0.7430
Z -0.6222 -0.4460  0.6433

PART 7
OFFSET  15.2060  0.3801 -7.5795
X  0.6914 -0.6985  0.1845
Y  0.3670  0.5597  0.7430
Z -0.6222 -0.4460  0.6433

PART 8
OFFSET  14.5066 -0.4924 -8.8266
X  0.6914 -0.6985  0.1845
Y  0.3670  0.5597  0.7430
Z -0.6222 -0.4460  0.6433

PART 9
OFFSET  13.7823 -1.0222 -10.2015
X  0.6914 -0.6985  0.1845
Y  0.3670  0.5597  0.7430
Z -0.6222 -0.4460  0.6433

PART 10
OFFSET  16.3192 -0.6357 -9.3607
X  0.6774 -0.6321  0.3763
Y -0.4730  0.0176  0.8809
Z -0.5634 -0.7747 -0.2871

PART 11
OFFSET  15.9361 -1.2212 -8.4592
X -0.0224 -0.8653  0.5008
Y -0.2817  0.4861  0.8272
Z -0.9592 -0.1225 -0.2546

PART 12
OFFSET  15.8062 -3.0467 -7.3101
X  0.5081 -0.8496 -0.1416
Y -0.3107 -0.3341  0.8899
Z -0.8033 -0.4082 -0.4337

PART 13
OFFSET  16.5551 -4.4440 -7.6403
X  0.3257 -0.1775 -0.9286
Y  0.1829 -0.9518  0.2461
Z -0.9276 -0.2500 -0.2776

PART 14
OFFSET  16.8680 -4.6636 -8.6530
X  0.8740 -0.1666 -0.4565
Y  0.4618  0.5773  0.6734
Z  0.1513 -0.7994  0.5815

PART 15
OFFSET  17.2850 -1.3460 -10.0435
X  0.7816 -0.6134 -0.1134
Y -0.6121 -0.7191 -0.3289
Z  0.1202  0.3264 -0.9375

PART 16
OFFSET  18.9485 -2.8600 -10.2020
X -0.3600 -0.9323  0.0349
Y -0.9313  0.3569 -0.0736
Z  0.0562 -0.0590 -0.9967

PART 17
OFFSET  18.4388 -4.1800 -10.1526
X -0.9944 -0.0921 -0.0518
Y -0.0855  0.9895 -0.1164
Z  0.0620 -0.1114 -0.9918

PART 18
OFFSET  17.5572 -4.2616 -10.1985
X -0.7809  0.6198 -0.0786
Y  0.6213  0.7835  0.0057
Z  0.0651 -0.0444 -0.9969

PART 19
OFFSET  16.8153 -3.6728 -10.2732
X  0.1978 -0.9595  0.2007
Y  0.9798  0.1871 -0.0711
Z  0.0307  0.2107  0.9771

PART 20
OFFSET  17.1983 -1.3652 -9.3353
X  0.7865 -0.6116  0.0859
Y -0.5559 -0.7616 -0.3331
Z  0.2691  0.2143 -0.9390

PART 21
OFFSET  19.2509 -2.9534 -9.1832
X -0.5361 -0.8420 -0.0596
Y -0.8410  0.5389 -0.0478
Z  0.0723  0.0246 -0.9971

PART 22
OFFSET  18.3381 -4.3869 -9.2847
X -0.9891  0.1322 -0.0650
Y  0.1321  0.9912  0.0048
Z  0.0651 -0.0039 -0.9979

PART 23
OFFSET  16.9673 -4.2038 -9.3749
X -0.1404  0.9900 -0.0136
Y  0.9876  0.1410  0.0697
Z  0.0709 -0.0036 -0.9975

PART 24
OFFSET  16.8151 -3.1301 -9.3896
X -0.4456 -0.8918 -0.0778
Y  0.8856 -0.4519  0.1077
Z -0.1312 -0.0209  0.9911

PART 25
OFFSET  17.3543 -2.9717 -6.9559
X  0.5721 -0.8136  0.1039
Y  0.7170  0.5576  0.4182
Z -0.3982 -0.1648  0.9024

PART 26
OFFSET  18.8113 -2.7977 -7.1233
X -0.3381 -0.9215 -0.1911
Y -0.9397  0.3417  0.0150
Z  0.0515  0.1846 -0.9815

PART 27
OFFSET  18.2159 -4.4201 -7.4597
X -0.9278  0.3629 -0.0871
Y  0.3412  0.9194  0.1955
Z  0.1510  0.1516 -0.9768

PART 28
OFFSET  17.0789 -3.9882 -7.5062
X -0.1312  0.9704  0.2026
Y  0.9901  0.1179  0.0769
Z  0.0507  0.2107 -0.9762

PART 29
OFFSET  16.9306 -2.8921 -7.2773
X -0.8368 -0.3630 -0.4099
Y  0.4133 -0.9098 -0.0379
Z -0.3592 -0.2011  0.9113

PART 30
OFFSET  19.1511 -2.8883 -8.1706
X -0.6105 -0.7870 -0.0888
Y -0.7821  0.6168 -0.0892
Z  0.1249  0.0150 -0.9921

PART 31
OFFSET  17.9584 -4.4258 -8.3440
X -0.9246  0.3662 -0.1052
Y  0.3553  0.9284  0.1090
Z  0.1376  0.0633 -0.9885

PART 32
OFFSET  16.6080 -3.8908 -8.4977
X  0.0507  0.9931  0.1061
Y  0.9827 -0.0686  0.1720
Z  0.1781  0.0956 -0.9794

PART 33
OFFSET  16.6660 -2.7654 -8.3846
X -0.6780 -0.7238 -0.1286
Y  0.7307 -0.6827 -0.0099
Z -0.0806 -0.1007  0.9916

PART 34
OFFSET  17.5519 -3.5395 -9.2527
X  0.2016  0.2080 -0.9571
Y  0.5634  0.7747  0.2871
Z  0.8012 -0.5972  0.0390

PART 35
OFFSET  16.1627  1.5066 -9.6618
X  0.6915 -0.6984  0.1845
Y  0.3662  0.5591  0.7438
Z -0.6227 -0.4467  0.6424

PART 36
OFFSET  15.4416  0.9693 -11.0848
X  0.6915 -0.6984  0.1845
Y  0.3662  0.5591  0.7438
Z -0.6227 -0.4467  0.6424

PART 37
OFFSET  14.8787 -0.0672 -8.0460
X  0.6915 -0.6984  0.1845
Y  0.3662  0.5591  0.7438
Z -0.6227 -0.4467  0.6424

PART 38
OFFSET  14.1981 -0.8241 -8.9266
X  0.6915 -0.6984  0.1845
Y  0.3662  0.5591  0.7438
Z -0.6227 -0.4467  0.6424

PART 39
OFFSET  14.3230 -0.4558 -10.0600
X  0.6915 -0.6984  0.1845
Y  0.3662  0.5591  0.7438
Z -0.6227 -0.4467  0.6424

PART 40
OFFSET  9.9108 -3.3937 -6.2988
X  1.0000  0.0028  0.0019
Y -0.0028  1.0000 -0.0092
Z -0.0019  0.0092  1.0000

PART 41
OFFSET  9.9108 -3.3937 -6.2988
X  1.0000  0.0028  0.0019
Y -0.0028  1.0000 -0.0092
Z -0.0019  0.0092  1.0000

PART 42
OFFSET  12.4130 -4.1093 -4.6612
X  1.0000  0.0028  0.0019
Y -0.0028  1.0000 -0.0092
Z -0.0019  0.0092  1.0000

PART 43
OFFSET  16.9971 -3.3431 -3.1172
X  1.0000  0.0028  0.0019
Y -0.0017  0.9014 -0.4330
Z -0.0029  0.4330  0.9014

PART 44
OFFSET  12.0467 -3.3522 -2.4404
X  1.0000  0.0028  0.0019
Y -0.0028  1.0000 -0.0092
Z -0.0019  0.0092  1.0000

PART 45
OFFSET  7.7636 -3.3553 -1.4814
X  1.0000  0.0028  0.0019
Y -0.0028  1.0000 -0.0092
Z -0.0019  0.0092  1.0000

PART 46
OFFSET  10.2619  1.2728 -5.8511
X  1.0000  0.0028  0.0019
Y -0.0028  1.0000 -0.0092
Z -0.0019  0.0092  1.0000

PART 47
OFFSET  9.9050 -3.4066 -3.3236
X -0.0030  0.9892  0.1463
Y -1.0000 -0.0028 -0.0019
Z -0.0015 -0.1463  0.9892

PART 48
OFFSET  9.9036 -2.9455 -3.2554
X -0.0031  0.9889  0.1483
Y -1.0000 -0.0029 -0.0019
Z -0.0014 -0.1484  0.9889

PART 49
OFFSET  9.9022 -2.4844 -3.1863
X -0.0031  0.9910  0.1338
Y -1.0000 -0.0029 -0.0019
Z -0.0015 -0.1338  0.9910

PART 50
OFFSET  9.9008 -2.0224 -3.1239
X -0.0030  0.9967  0.0807
Y -1.0000 -0.0028 -0.0019
Z -0.0017 -0.0807  0.9967

PART 51
OFFSET  9.8993 -1.5578 -3.0862
X -0.0028  0.9986 -0.0531
Y -1.0000 -0.0030 -0.0022
Z -0.0023  0.0531  0.9986

PART 52
OFFSET  9.8980 -1.0922 -3.1109
X -0.0019  0.8993 -0.4373
Y -1.0000 -0.0031 -0.0022
Z -0.0033  0.4373  0.8993

PART 53
OFFSET  9.8972 -0.7132 -3.2953
X  0.0006  0.4459 -0.8951
Y -1.0000 -0.0032 -0.0023
Z -0.0039  0.8951  0.4459

PART 54
OFFSET  9.8975 -0.5042 -3.7147
X  0.0020  0.0891 -0.9960
Y -1.0000 -0.0027 -0.0022
Z -0.0028  0.9960  0.0891

PART 55
OFFSET  9.8985 -0.4626 -4.1791
X  0.0024 -0.0179 -0.9998
Y -1.0000 -0.0060 -0.0023
Z -0.0059  0.9998 -0.0180

PART 56
OFFSET  9.8995 -0.4710 -4.6452
X  0.0022 -0.0183 -0.9998
Y -1.0000 -0.0058 -0.0021
Z -0.0058  0.9998 -0.0183

PART 57
OFFSET  9.9006 -0.4795 -5.1113
X  0.0022 -0.0183 -0.9998
Y -1.0000 -0.0057 -0.0021
Z -0.0057  0.9998 -0.0183

PART 58
OFFSET  9.9016 -0.4881 -5.5774
X  0.0022 -0.0182 -0.9998
Y -1.0000 -0.0057 -0.0021
Z -0.0057  0.9998 -0.0183

PART 59
OFFSET  25.9336 -2.0197 -4.7615
X  0.0006  0.4031 -0.9151
Y  0.0664  0.9131  0.4023
Z  0.9978 -0.0610 -0.0262

PART 60
OFFSET  25.9409 -4.6495 -4.7373
X -0.0029  0.4199  0.9076
Y -0.0715  0.9052 -0.4190
Z -0.9974 -0.0661  0.0274

PART 61
OFFSET -6.5551 -7.9373 -5.6669
X -0.4533  0.1641  0.8761
Y -0.1656 -0.9813  0.0981
Z  0.8758 -0.1007  0.4720

PART 62
OFFSET -1.0726 -9.9216 -16.2625
X -0.5494 -0.4434 -0.7082
Y  0.7783  0.0367 -0.6268
Z  0.3039 -0.8956  0.3250

PART 63
OFFSET  3.6003 -6.1500 -10.2392
X -0.5494 -0.4434 -0.7082
Y  0.8194 -0.1203 -0.5604
Z  0.1633 -0.8882  0.4295

PART 64
OFFSET  3.4445 -4.4777 -9.1340
X -0.5550 -0.4410 -0.7054
Y -0.3141  0.8962 -0.3132
Z  0.7703  0.0478 -0.6359

PART 65
OFFSET  3.0740 -4.8427 -8.0763
X -0.5550 -0.4410 -0.7054
Y -0.3141  0.8962 -0.3132
Z  0.7703  0.0478 -0.6359

PART 66
OFFSET  3.8136 -6.0530 -7.7522
X -0.5550 -0.4410 -0.7054
Y -0.3141  0.8962 -0.3132
Z  0.7703  0.0478 -0.6359

PART 67
OFFSET  5.2846 -4.7905 -8.0681
X -0.9695 -0.0219 -0.2442
Y  0.2451 -0.1161 -0.9625
Z -0.0073 -0.9930  0.1179

PART 68
OFFSET  5.4872 -4.2609 -7.0778
X -0.6089 -0.6679 -0.4280
Y  0.4877  0.1103 -0.8660
Z  0.6256 -0.7360  0.2586

PART 69
OFFSET  6.7176 -2.7897 -6.0822
X -0.9095 -0.3629  0.2028
Y -0.0162 -0.4565 -0.8896
Z  0.4154 -0.8124  0.4093

PART 70
OFFSET  8.1384 -2.1401 -6.5085
X -0.5483 -0.0244  0.8359
Y -0.6489 -0.6181 -0.4437
Z  0.5275 -0.7858  0.3230

PART 71
OFFSET  8.7182 -2.0673 -7.4197
X -0.8773  0.3593  0.3181
Y  0.1101  0.7959 -0.5953
Z -0.4671 -0.4872 -0.7379

PART 72
OFFSET  6.3688 -4.6956 -8.9160
X -0.9575 -0.0110  0.2881
Y  0.0586 -0.9858  0.1572
Z  0.2823  0.1673  0.9446

PART 73
OFFSET  8.5542 -4.5257 -9.4449
X -0.5512 -0.8089 -0.2049
Y  0.8222 -0.4846 -0.2987
Z  0.1423 -0.3331  0.9321

PART 74
OFFSET  9.3346 -3.3806 -9.1548
X  0.5164 -0.7788 -0.3560
Y  0.8511  0.5126  0.1133
Z  0.0942 -0.3615  0.9276

PART 75
OFFSET  8.8767 -2.6900 -8.8392
X  0.9272 -0.2858 -0.2422
Y  0.3450  0.9035  0.2544
Z  0.1461 -0.3194  0.9363

PART 76
OFFSET  7.9958 -2.4184 -8.6091
X -0.9468 -0.3023 -0.1098
Y -0.3177  0.8257  0.4662
Z -0.0503  0.4763 -0.8778

PART 77
OFFSET  6.4182 -4.7523 -8.2061
X -0.9990  0.0062  0.0436
Y  0.0012 -0.9858  0.1678
Z  0.0441  0.1677  0.9848

PART 78
OFFSET  9.0045 -4.8152 -8.4619
X -0.5684 -0.8206  0.0591
Y  0.7687 -0.5553 -0.3176
Z  0.2934 -0.1350  0.9464

PART 79
OFFSET  9.9722 -3.4180 -8.5626
X  0.5796 -0.7624 -0.2878
Y  0.7682  0.6290 -0.1190
Z  0.2718 -0.1521  0.9503

PART 80
OFFSET  9.1689 -2.3615 -8.1637
X  0.9635  0.0567 -0.2617
Y -0.0151  0.9873  0.1581
Z  0.2673 -0.1484  0.9521

PART 81
OFFSET  8.1240 -2.4229 -7.8799
X -0.7676 -0.6177  0.1709
Y -0.5761  0.7819  0.2385
Z -0.2809  0.0846 -0.9560

PART 82
OFFSET  1.0386 -5.3157 -8.2073
X -0.9616 -0.2743 -0.0108
Y -0.2652  0.9385 -0.2213
Z  0.0708 -0.2099 -0.9751

PART 83
OFFSET  8.8747 -4.9867 -6.3468
X -0.9782 -0.1485  0.1454
Y  0.1596 -0.9848  0.0681
Z  0.1331  0.0898  0.9870

PART 84
OFFSET  10.5969 -4.7252 -6.6028
X -0.3942 -0.9023  0.1746
Y  0.9097 -0.4101 -0.0653
Z  0.1305  0.1331  0.9825

PART 85
OFFSET  11.0841 -3.6202 -6.7554
X -0.2359 -0.9677  0.0889
Y  0.9642 -0.2445 -0.1026
Z  0.1211  0.0615  0.9907

PART 86
OFFSET  11.3506 -2.5272 -6.8558
X -0.7595  0.5531  0.3424
Y  0.4951  0.8329 -0.2472
Z -0.4219 -0.0183 -0.9065

PART 87
OFFSET  9.0384 -4.9368 -7.4382
X -0.5842 -0.7976  0.1504
Y  0.7877 -0.6018 -0.1317
Z  0.1955  0.0415  0.9798

PART 88
OFFSET  10.1797 -3.3787 -7.7320
X  0.5856 -0.8058 -0.0880
Y  0.7767  0.5889 -0.2234
Z  0.2318  0.0625  0.9708

PART 89
OFFSET  9.3243 -2.2017 -7.6035
X  0.9575  0.1205 -0.2620
Y -0.1445  0.9867 -0.0746
Z  0.2495  0.1093  0.9622

PART 90
OFFSET  8.2380 -2.3383 -7.3136
X -0.6578 -0.7296  0.1870
Y -0.7063  0.6838  0.1830
Z -0.2614 -0.0117 -0.9652

PART 91
OFFSET  3.4669 -4.5142 -9.1291
X -0.5549 -0.4412 -0.7053
Y -0.3135  0.8962 -0.3139
Z  0.7706  0.0469 -0.6356

PART 92
OFFSET  3.1154 -4.9221 -8.0587
X -0.5549 -0.4412 -0.7053
Y -0.3135  0.8962 -0.3139
Z  0.7706  0.0469 -0.6356

PART 93
OFFSET  3.7407 -6.0564 -7.6930
X -0.5549 -0.4412 -0.7053
Y -0.3135  0.8962 -0.3139
Z  0.7706  0.0469 -0.6356

PART 94
OFFSET  0.0000 -0.0000 -0.0000
X  1.0000 -0.0000  0.0000
Y  0.0000  1.0000  0.0000
Z  0.0000 -0.0000  1.0000

PART 95
OFFSET -0.0000 -0.0000 -0.0000
X  1.0000 -0.0076 -0.0008
Y  0.0076  1.0000 -0.0017
Z  0.0008  0.0017  1.0000

PART 96
OFFSET  1.5438 -0.0047  4.1345
X  1.0000 -0.0076 -0.0008
Y  0.0076  1.0000 -0.0017
Z  0.0008  0.0017  1.0000


FRAME 1302
PART 0
OFFSET  0.0000 -0.0000 -0.0000
X  1.0000 -0.0000  0.0000
Y  0.0000  1.0000  0.0000
Z  0.0000 -0.0000  1.0000

PART 1
OFFSET -7.6810 -0.0000 -1.3770
X  1.0000  0.0000  0.0000
Y -0.0000  1.0000  0.0000
Z  0.0000 -0.0000  1.0000

PART 2
OFFSET -1.6489  5.2787 -5.1189
X  0.8184  0.1610 -0.5517
Y -0.0798 -0.9188 -0.3865
Z -0.5691  0.3604 -0.7391

PART 3
OFFSET  8.2486  7.2255 -11.7906
X  0.6990 -0.6782  0.2267
Y -0.6186 -0.4145  0.6675
Z -0.3588 -0.6068 -0.7093

PART 4
OFFSET  14.1940  1.4569 -9.8628
X  0.6990 -0.6782  0.2267
Y -0.3799 -0.0836  0.9213
Z -0.6059 -0.7301 -0.3161

PART 5
OFFSET  16.2447  1.9105 -8.6684
X  0.7036 -0.6741  0.2246
Y  0.3664  0.6151  0.6981
Z -0.6088 -0.4089  0.6798

PART 6
OFFSET  15.4176  0.8463 -10.9891
X  0.7036 -0.6741  0.2246
Y  0.3664  0.6151  0.6981
Z -0.6088 -0.4089  0.6798

PART 7
OFFSET  15.2274  0.4991 -7.4489
X  0.7036 -0.6741  0.2246
Y  0.3664  0.6151  0.6981
Z -0.6088 -0.4089  0.6798

PART 8
OFFSET  14.5281 -0.4677 -8.6244
X  0.7036 -0.6741  0.2246
Y  0.3664  0.6151  0.6981
Z -0.6088 -0.4089  0.6798

PART 9
OFFSET  13.7975 -1.1020 -9.9508
X  0.7036 -0.6741  0.2246
Y  0.3664  0.6151  0.6981
Z -0.6088 -0.4089  0.6798

PART 10
OFFSET  16.3370 -0.6224 -9.1679
X  0.6802 -0.6167  0.3963
Y -0.4785  0.0362  0.8774
Z -0.5554 -0.7864 -0.2705

PART 11
OFFSET  15.9532 -1.1878 -8.2540
X -0.0185 -0.8523  0.5227
Y -0.2906  0.5048  0.8129
Z -0.9567 -0.1369 -0.2571

PART 12
OFFSET  15.8311 -2.9843 -7.0593
X  0.5158 -0.8487 -0.1168
Y -0.3134 -0.3138  0.8963
Z -0.7973 -0.4257 -0.4278

PART 13
OFFSET  16.5932 -4.3833 -7.3492
X  0.3328 -0.1985 -0.9219
Y  0.1891 -0.9437  0.2715
Z -0.9238 -0.2646 -0.2765

PART 14
OFFSET  16.9140 -4.6261 -8.3541
X  0.8781 -0.1710 -0.4469
Y  0.4530  0.5981  0.6612
Z  0.1542 -0.7830  0.6026

PART 15
OFFSET  17.3126 -1.3419 -9.8266
X  0.7872 -0.6096 -0.0930
Y -0.6043 -0.7323 -0.3140
Z  0.1233  0.3034 -0.9449

PART 16
OFFSET  18.9893 -2.8456 -9.9365
X -0.3527 -0.9340  0.0566
Y -0.9337  0.3472 -0.0882
Z  0.0627 -0.0840 -0.9945

PART 17
OFFSET  18.4900 -4.1680 -9.8564
X -0.9933 -0.1016 -0.0553
Y -0.0928  0.9855 -0.1422
Z  0.0689 -0.1362 -0.9883

PART 18
OFFSET  17.6093 -4.2581 -9.9053
X -0.7854  0.6111 -0.0990
Y  0.6149  0.7885 -0.0107
Z  0.0715 -0.0693 -0.9950

PART 19
OFFSET  16.8632 -3.6775 -9.9994
X  0.2043 -0.9524  0.2263
Y  0.9786  0.1933 -0.0701
Z  0.0230  0.2358  0.9715

PART 20
OFFSET  17.2218 -1.3437 -9.1186
X  0.7909 -0.6027  0.1061
Y -0.5477 -0.7744 -0.3168
Z  0.2731  0.1924 -0.9425

PART 21
OFFSET  19.2862 -2.9104 -8.9139
X -0.5289 -0.8477 -0.0412
Y -0.8451  0.5305 -0.0665
Z  0.0782 -0.0003 -0.9969

PART 22
OFFSET  18.3857 -4.3536 -8.9841
X -0.9897  0.1223 -0.0742
Y  0.1241  0.9921 -0.0198
Z  0.0712 -0.0288 -0.9970

PART 23
OFFSET  17.0140 -4.1841 -9.0869
X -0.1483  0.9881 -0.0397
Y  0.9859  0.1509  0.0719
Z  0.0770 -0.0285 -0.9966

PART 24
OFFSET  16.8532 -3.1124 -9.1300
X -0.4379 -0.8972 -0.0576
Y  0.8885 -0.4417  0.1244
Z -0.1370  0.0033  0.9906

PART 25
OFFSET  17.3763 -2.8875 -6.6980
X  0.5781 -0.8059  0.1280
Y  0.7099  0.5740  0.4080
Z -0.4023 -0.1450  0.9039

PART 26
OFFSET  18.8328 -2.7058 -6.8613
X -0.3295 -0.9288 -0.1694
Y -0.9425  0.3342  0.0007
Z  0.0559  0.1599 -0.9855

PART 27
OFFSET  18.2527 -4.3412 -7.1596
X -0.9301  0.3528 -0.1018
Y  0.3326  0.9269  0.1739
Z  0.1557  0.1279 -0.9795

PART 28
OFFSET  17.1124 -3.9200 -7.2238
X -0.1403  0.9742  0.1770
Y  0.9886  0.1279  0.0796
Z  0.0549  0.1861 -0.9810

PART 29
OFFSET  16.9539 -2.8196 -7.0239
X -0.8313 -0.3803 -0.4054
Y  0.4209 -0.9070 -0.0122
Z -0.3631 -0.1808  0.9140

PART 30
OFFSET  19.1797 -2.8203 -7.9039
X -0.6036 -0.7940 -0.0722
Y -0.7865  0.6078 -0.1095
Z  0.1308 -0.0093 -0.9914

PART 31
OFFSET  18.0006 -4.3715 -8.0449
X -0.9268  0.3558 -0.1200
Y  0.3471  0.9337  0.0873
Z  0.1431  0.0392 -0.9889

PART 32
OFFSET  16.6468 -3.8519 -8.2202
X  0.0421  0.9958  0.0810
Y  0.9822 -0.0561  0.1794
Z  0.1832  0.0720 -0.9804

PART 33
OFFSET  16.6951 -2.7234 -8.1356
X -0.6713 -0.7324 -0.1140
Y  0.7362 -0.6766  0.0119
Z -0.0859 -0.0760  0.9934

PART 34
OFFSET  17.5925 -3.5122 -8.9784
X  0.2058  0.1852 -0.9609
Y  0.5554  0.7864  0.2705
Z  0.8057 -0.5893  0.0589

PART 35
OFFSET  16.1455  1.4914 -9.6151
X  0.7037 -0.6741  0.2246
Y  0.3656  0.6146  0.6990
Z -0.6092 -0.4097  0.6790

PART 36
OFFSET  15.4176  0.8463 -10.9890
X  0.7037 -0.6741  0.2246
Y  0.3656  0.6146  0.6990
Z -0.6092 -0.4097  0.6790

PART 37
OFFSET  14.9020  0.0158 -7.8794
X  0.7037 -0.6741  0.2246
Y  0.3656  0.6146  0.6990
Z -0.6092 -0.4097  0.6790

PART 38
OFFSET  14.2236 -0.8100 -8.6975
X  0.7037 -0.6741  0.2246
Y  0.3656  0.6146  0.6990
Z -0.6092 -0.4097  0.6790

PART 39
OFFSET  14.3311 -0.5197 -9.8551
X  0.7037 -0.6741  0.2246
Y  0.3656  0.6146  0.6990
Z -0.6092 -0.4097  0.6790

PART 40
OFFSET  9.9326 -3.3540 -6.0741
X  0.9999  0.0111  0.0077
Y -0.0108  0.9993 -0.0348
Z -0.0081  0.0347  0.9994

PART 41
OFFSET  9.9326 -3.3540 -6.0741
X  0.9999  0.0111  0.0077
Y -0.0108  0.9993 -0.0348
Z -0.0081  0.0347  0.9994

PART 42
OFFSET  12.4306 -4.0070 -4.4043
X  0.9999  0.0111  0.0077
Y -0.0108  0.9993 -0.0348
Z -0.0081  0.0347  0.9994

PART 43
OFFSET  16.9988 -3.1638 -2.8534
X  0.9999  0.0111  0.0077
Y -0.0064  0.8900 -0.4559
Z -0.0119  0.4558  0.8900

PART 44
OFFSET  12.0448 -3.1966 -2.2057
X  0.9999  0.0111  0.0077
Y -0.0108  0.9993 -0.0348
Z -0.0081  0.0347  0.9994

PART 45
OFFSET  7.7561 -3.2105 -1.2721
X  0.9999  0.0111  0.0077
Y -0.0108  0.9993 -0.0348
Z -0.0081  0.0347  0.9994

PART 46
OFFSET  10.2433  1.3251 -5.7436
X  0.9999  0.0111  0.0077
Y -0.0108  0.9993 -0.0348
Z -0.0081  0.0347  0.9994

PART 47
OFFSET  9.9091 -3.2912 -3.0996
X -0.0119  0.9926  0.1209
Y -0.9999 -0.0111 -0.0077
Z -0.0063 -0.1210  0.9926

PART 48
OFFSET  9.9035 -2.8284 -3.0432
X -0.0121  0.9923  0.1230
Y -0.9999 -0.0112 -0.0077
Z -0.0063 -0.1231  0.9924

PART 49
OFFSET  9.8978 -2.3658 -2.9859
X -0.0120  0.9940  0.1084
Y -0.9999 -0.0112 -0.0077
Z -0.0065 -0.1085  0.9941

PART 50
OFFSET  9.8922 -1.9024 -2.9354
X -0.0115  0.9984  0.0551
Y -0.9999 -0.0111 -0.0077
Z -0.0071 -0.0552  0.9984

PART 51
OFFSET  9.8869 -1.4370 -2.9097
X -0.0106  0.9968 -0.0787
Y -0.9999 -0.0113 -0.0080
Z -0.0089  0.0786  0.9969

PART 52
OFFSET  9.8819 -0.9722 -2.9464
X -0.0065  0.8878 -0.4602
Y -0.9999 -0.0115 -0.0080
Z -0.0123  0.4601  0.8878

PART 53
OFFSET  9.8792 -0.5980 -3.1403
X  0.0025  0.4229 -0.9062
Y -0.9999 -0.0115 -0.0081
Z -0.0138  0.9061  0.4228

PART 54
OFFSET  9.8803 -0.3998 -3.5649
X  0.0073  0.0636 -0.9979
Y -0.9999 -0.0127 -0.0082
Z -0.0132  0.9979  0.0635

PART 55
OFFSET  9.8838 -0.3702 -4.0302
X  0.0088 -0.0434 -0.9990
Y -0.9999 -0.0098 -0.0084
Z -0.0094  0.9990 -0.0435

PART 56
OFFSET  9.8879 -0.3904 -4.4959
X  0.0086 -0.0438 -0.9990
Y -0.9999 -0.0115 -0.0081
Z -0.0111  0.9990 -0.0439

PART 57
OFFSET  9.8919 -0.4108 -4.9616
X  0.0086 -0.0438 -0.9990
Y -0.9999 -0.0114 -0.0081
Z -0.0110  0.9990 -0.0439

PART 58
OFFSET  9.8959 -0.4313 -5.4273
X  0.0086 -0.0437 -0.9990
Y -0.9999 -0.0114 -0.0081
Z -0.0110  0.9990 -0.0438

PART 59
OFFSET  25.9341 -1.8090 -4.4784
X  0.0029  0.3796 -0.9251
Y  0.0566  0.9236  0.3791
Z  0.9984 -0.0535 -0.0188

PART 60
OFFSET  25.9626 -4.4372 -4.3869
X -0.0118  0.4429  0.8965
Y -0.0763  0.8936 -0.4424
Z -0.9970 -0.0736  0.0232

PART 61
OFFSET -6.5551 -7.9373 -5.5857
X -0.4693  0.1812  0.8643
Y -0.1673 -0.9792  0.1145
Z  0.8671 -0.0909  0.4899

PART 62
OFFSET -0.8797 -10.1290 -16.0379
X -0.5365 -0.4577 -0.7090
Y  0.7895  0.0245 -0.6132
Z  0.2980 -0.8888  0.3482

PART 63
OFFSET  3.6837 -6.2365 -10.0075
X -0.5365 -0.4577 -0.7090
Y  0.8285 -0.1262 -0.5455
Z  0.1602 -0.8801  0.4469

PART 64
OFFSET  3.5089 -4.5447 -8.9383
X -0.5421 -0.4551 -0.7063
Y -0.3084  0.8897 -0.3366
Z  0.7816  0.0354 -0.6227

PART 65
OFFSET  3.1202 -4.8906 -7.8797
X -0.5421 -0.4551 -0.7063
Y -0.3084  0.8897 -0.3366
Z  0.7816  0.0354 -0.6227

PART 66
OFFSET  3.8479 -6.0901 -7.5164
X -0.5421 -0.4551 -0.7063
Y -0.3084  0.8897 -0.3366
Z  0.7816  0.0354 -0.6227

PART 67
OFFSET  5.3285 -4.8334 -7.8339
X -0.9678 -0.0361 -0.2492
Y  0.2518 -0.1386 -0.9578
Z  0.0000 -0.9897  0.1432

PART 68
OFFSET  5.5208 -4.2771 -6.8563
X -0.6026 -0.6722 -0.4301
Y  0.5032  0.0982 -0.8585
Z  0.6194 -0.7338  0.2791

PART 69
OFFSET  6.7365 -2.7955 -5.8580
X -0.9135 -0.3703  0.1687
Y  0.0219 -0.4586 -0.8884
Z  0.4064 -0.8078  0.4270

PART 70
OFFSET  8.1670 -2.1345 -6.2311
X -0.6214 -0.0702  0.7803
Y -0.5848 -0.6213 -0.5215
Z  0.5215 -0.7804  0.3451

PART 71
OFFSET  8.8250 -2.0123 -7.0819
X -0.9142  0.3214  0.2469
Y  0.1377  0.8193 -0.5566
Z -0.3812 -0.4749 -0.7932

PART 72
OFFSET  6.4170 -4.7512 -8.6776
X -0.9591 -0.0115  0.2827
Y  0.0656 -0.9810  0.1826
Z  0.2752  0.1937  0.9417

PART 73
OFFSET  8.6041 -4.5770 -9.1980
X -0.5951 -0.7840 -0.1765
Y  0.7931 -0.5375 -0.2867
Z  0.1299 -0.3106  0.9416

PART 74
OFFSET  9.4467 -3.4670 -8.9481
X  0.4354 -0.8349 -0.3367
Y  0.8967  0.4355  0.0794
Z  0.0803 -0.3365  0.9383

PART 75
OFFSET  9.0607 -2.7267 -8.6496
X  0.8734 -0.4138 -0.2568
Y  0.4676  0.8598  0.2049
Z  0.1360 -0.2991  0.9445

PART 76
OFFSET  8.2309 -2.3336 -8.4056
X -0.9812 -0.1800 -0.0688
Y -0.1918  0.8776  0.4393
Z -0.0187  0.4443 -0.8957

PART 77
OFFSET  6.4626 -4.7894 -7.9662
X -0.9993 -0.0009  0.0376
Y  0.0081 -0.9812  0.1930
Z  0.0368  0.1931  0.9805

PART 78
OFFSET  9.0508 -4.8375 -8.2053
X -0.6043 -0.7941  0.0645
Y  0.7474 -0.5931 -0.2993
Z  0.2759 -0.1327  0.9520

PART 79
OFFSET  10.0797 -3.4855 -8.3151
X  0.4883 -0.8333 -0.2592
Y  0.8350  0.5324 -0.1386
Z  0.2535 -0.1487  0.9558

PART 80
OFFSET  9.4029 -2.3306 -7.9559
X  0.9560 -0.1209 -0.2674
Y  0.1543  0.9821  0.1079
Z  0.2496 -0.1444  0.9575

PART 81
OFFSET  8.3661 -2.1995 -7.6658
X -0.8591 -0.4691  0.2045
Y -0.4323  0.8792  0.2004
Z -0.2738  0.0838 -0.9581

PART 82
OFFSET  1.0878 -5.3969 -7.9844
X -0.9593 -0.2824 -0.0094
Y -0.2714  0.9303 -0.2467
Z  0.0784 -0.2341 -0.9690

PART 83
OFFSET  8.9096 -4.9560 -6.0873
X -0.9803 -0.1585  0.1182
Y  0.1711 -0.9796  0.1052
Z  0.0991  0.1233  0.9874

PART 84
OFFSET  10.6355 -4.6770 -6.2954
X -0.4451 -0.8747  0.1919
Y  0.8903 -0.4552 -0.0099
Z  0.0960  0.1664  0.9814

PART 85
OFFSET  11.1824 -3.6035 -6.4691
X -0.3061 -0.9448  0.1168
Y  0.9484 -0.3133 -0.0489
Z  0.0828  0.0958  0.9920

PART 86
OFFSET  11.5281 -2.5363 -6.6010
X -0.7332  0.6173  0.2852
Y  0.5617  0.7862 -0.2576
Z -0.3832 -0.0287 -0.9232

PART 87
OFFSET  9.0795 -4.9327 -7.1787
X -0.6185 -0.7724  0.1447
Y  0.7667 -0.6335 -0.1043
Z  0.1722  0.0464  0.9840

PART 88
OFFSET  10.2878 -3.4238 -7.4613
X  0.4917 -0.8695 -0.0469
Y  0.8452  0.4895 -0.2145
Z  0.2095  0.0658  0.9756

PART 89
OFFSET  9.5696 -2.1538 -7.3928
X  0.9709 -0.0842 -0.2243
Y  0.0567  0.9904 -0.1264
Z  0.2328  0.1100  0.9663

PART 90
OFFSET  8.4684 -2.0586 -7.1457
X -0.7955 -0.5750  0.1910
Y -0.5626  0.8180  0.1195
Z -0.2249 -0.0124 -0.9743

PART 91
OFFSET  3.5302 -4.5789 -8.9329
X -0.5420 -0.4554 -0.7063
Y -0.3078  0.8896 -0.3373
Z  0.7819  0.0346 -0.6224

PART 92
OFFSET  3.1595 -4.9655 -7.8611
X -0.5420 -0.4554 -0.7063
Y -0.3078  0.8896 -0.3373
Z  0.7819  0.0346 -0.6224

PART 93
OFFSET  3.7781 -6.0921 -7.4616
X -0.5420 -0.4554 -0.7063
Y -0.3078  0.8896 -0.3373
Z  0.7819  0.0346 -0.6224

PART 94
OFFSET  0.0000 -0.0000 -0.0000
X  1.0000 -0.0000  0.0000
Y  0.0000  1.0000  0.0000
Z  0.0000 -0.0000  1.0000

PART 95
OFFSET -0.0000 -0.0000 -0.0000
X  0.9999 -0.0155 -0.0016
Y  0.0155  0.9999 -0.0034
Z  0.0017  0.0034  1.0000

PART 96
OFFSET  1.5471 -0.0099  4.1333
X  0.9999 -0.0155 -0.0016
Y  0.0155  0.9999 -0.0034
Z  0.0017  0.0034  1.0000


FRAME 1303
PART 0
OFFSET  0.0000 -0.0000 -0.0000
X  1.0000 -0.0000  0.0000
Y  0.0000  1.0000  0.0000
Z  0.0000 -0.0000  1.0000

PART 1
OFFSET -7.6810 -0.0000 -1.3770
X  1.0000  0.0000  0.0000
Y -0.0000  1.0000  0.0000
Z  0.0000 -0.0000  1.0000

PART 2
OFFSET -1.6489  5.2787 -5.1189
X  0.8045  0.1252 -0.5806
Y -0.0649 -0.9532 -0.2954
Z -0.5904  0.2754 -0.7587

PART 3
OFFSET  8.0806  6.7929 -12.1407
X  0.7161 -0.6395  0.2796
Y -0.5999 -0.3592  0.7149
Z -0.3568 -0.6797 -0.6409

PART 4
OFFSET  14.1715  1.3534 -9.7627
X  0.7161 -0.6395  0.2796
Y -0.3975 -0.0444  0.9165
Z -0.5738 -0.7675 -0.2860

PART 5
OFFSET  16.2301  1.9599 -8.6528
X  0.7206 -0.6355  0.2771
Y  0.3641  0.6870  0.6289
Z -0.5900 -0.3523  0.7265

PART 6
OFFSET  15.3903  0.6594 -10.8449
X  0.7206 -0.6355  0.2771
Y  0.3641  0.6870  0.6289
Z -0.5900 -0.3523  0.7265

PART 7
OFFSET  15.2602  0.6549 -7.2850
X  0.7206 -0.6355  0.2771
Y  0.3641  0.6870  0.6289
Z -0.5900 -0.3523  0.7265

PART 8
OFFSET  14.5635 -0.4348 -8.3492
X  0.7206 -0.6355  0.2771
Y  0.3641  0.6870  0.6289
Z -0.5900 -0.3523  0.7265

PART 9
OFFSET  13.8263 -1.2091 -9.5953
X  0.7206 -0.6355  0.2771
Y  0.3641  0.6870  0.6289
Z -0.5900 -0.3523  0.7265

PART 10
OFFSET  16.3668 -0.6072 -8.9056
X  0.6839 -0.5920  0.4264
Y -0.4878  0.0634  0.8706
Z -0.5425 -0.8034 -0.2454

PART 11
OFFSET  15.9810 -1.1422 -7.9744
X -0.0129 -0.8318  0.5549
Y -0.3054  0.5317  0.7900
Z -0.9521 -0.1593 -0.2609

PART 12
OFFSET  15.8697 -2.8931 -6.7127
X  0.5278 -0.8457 -0.0791
Y -0.3185 -0.2833  0.9046
Z -0.7874 -0.4523 -0.4189

PART 13
OFFSET  16.6527 -4.2920 -6.9412
X  0.3448 -0.2293 -0.9103
Y  0.1984 -0.9300  0.3094
Z -0.9175 -0.2872 -0.2752

PART 14
OFFSET  16.9869 -4.5689 -7.9329
X  0.8847 -0.1764 -0.4314
Y  0.4385  0.6289  0.6421
Z  0.1581 -0.7572  0.6337

PART 15
OFFSET  17.3583 -1.3385 -9.5266
X  0.7959 -0.6023 -0.0619
Y -0.5916 -0.7517 -0.2914
Z  0.1290  0.2685 -0.9546

PART 16
OFFSET  19.0552 -2.8231 -9.5623
X -0.3412 -0.9358  0.0891
Y -0.9371  0.3312 -0.1106
Z  0.0740 -0.1212 -0.9899

PART 17
OFFSET  18.5721 -4.1479 -9.4362
X -0.9913 -0.1167 -0.0610
Y -0.1040  0.9780 -0.1809
Z  0.0807 -0.1730 -0.9816

PART 18
OFFSET  17.6932 -4.2514 -9.4903
X -0.7921  0.5964 -0.1301
Y  0.6048  0.7956 -0.0351
Z  0.0826 -0.1064 -0.9909

PART 19
OFFSET  16.9407 -3.6848 -9.6138
X  0.2142 -0.9402  0.2648
Y  0.9767  0.2034 -0.0680
Z  0.0101  0.2732  0.9619

PART 20
OFFSET  17.2603 -1.3143 -8.8200
X  0.7974 -0.5877  0.1369
Y -0.5344 -0.7931 -0.2921
Z  0.2802  0.1598 -0.9465

PART 21
OFFSET  19.3424 -2.8447 -8.5351
X -0.5175 -0.8555 -0.0137
Y -0.8511  0.5164 -0.0950
Z  0.0884 -0.0375 -0.9954

PART 22
OFFSET  18.4613 -4.3013 -8.5585
X -0.9904  0.1063 -0.0885
Y  0.1115  0.9921 -0.0567
Z  0.0818 -0.0661 -0.9945

PART 23
OFFSET  17.0887 -4.1540 -8.6811
