// Export filename: `C:\projects\cod\t5\xanim_export\t5_viewmodels\m60\m60_d2p_out.XANIM_EXPORT`
// Source filename: `D:\projects\devanim\t5\animation_assets\rigs\viewmodels\t5_weapon\ViewModel_M60_Rig.fbx`
// Export time: Mon Jul 12 20:36:18 2010

ANIMATION
VERSION 3

NUMPARTS 97
PART 0 "tag_ads"
PART 1 "tag_torso"
PART 2 "J_Shoulder_LE"
PART 3 "J_Elbow_LE"
PART 4 "J_WristTwist_LE"
PART 5 "J_Sleave_Reshape_Bottom_LE_1"
PART 6 "J_Sleave_Reshape_Bottom_LE_2"
PART 7 "J_Sleave_Reshape_Top_LE_1"
PART 8 "J_Sleave_Reshape_Top_LE_2"
PART 9 "J_Sleave_Reshape_Top_LE_3"
PART 10 "J_Wrist_LE"
PART 11 "J_Thumb_LE_0"
PART 12 "J_Thumb_LE_1"
PART 13 "J_Thumb_LE_2"
PART 14 "J_Thumb_LE_3"
PART 15 "J_PinkyPalm_LE"
PART 16 "J_Pinky_LE_0"
PART 17 "J_Pinky_LE_1"
PART 18 "J_Pinky_LE_2"
PART 19 "J_Pinky_LE_3"
PART 20 "J_RingPalm_LE"
PART 21 "J_Ring_LE_0"
PART 22 "J_Ring_LE_1"
PART 23 "J_Ring_LE_2"
PART 24 "J_Ring_LE_3"
PART 25 "J_Webbing_LE"
PART 26 "J_Index_LE_0"
PART 27 "J_Index_LE_1"
PART 28 "J_Index_LE_2"
PART 29 "J_Index_LE_3"
PART 30 "J_Mid_LE_0"
PART 31 "J_Mid_LE_1"
PART 32 "J_Mid_LE_2"
PART 33 "J_Mid_LE_3"
PART 34 "tag_knife_attach"
PART 35 "D_Sleave_Reshape_Bottom_LE_1"
PART 36 "D_Sleave_Reshape_Bottom_LE_2"
PART 37 "D_Sleave_Reshape_Top_LE_1"
PART 38 "D_Sleave_Reshape_Top_LE_2"
PART 39 "D_Sleave_Reshape_Top_LE_3"
PART 40 "tag_weapon"
PART 41 "J_Gun"
PART 42 "J_Bolt"
PART 43 "J_Handle"
PART 44 "J_Reload_Cover"
PART 45 "TAG_IRON_SIGHTS"
PART 46 "TAG_CLIP"
PART 47 "J_Bullets0"
PART 48 "J_Bullets1"
PART 49 "J_Bullets2"
PART 50 "J_Bullets3"
PART 51 "J_Bullets4"
PART 52 "J_Bullets5"
PART 53 "J_Bullets6"
PART 54 "J_Bullets7"
PART 55 "J_Bullets8"
PART 56 "J_Bullets9"
PART 57 "J_Bullets10"
PART 58 "J_Bullets11"
PART 59 "J_Pod_Left"
PART 60 "J_Pod_Right"
PART 61 "J_Shoulder_RI"
PART 62 "J_Elbow_RI"
PART 63 "J_WristTwist_RI"
PART 64 "J_Sleave_Reshape_Top_RI_3"
PART 65 "J_Sleave_Reshape_Top_RI_2"
PART 66 "J_Sleave_Reshape_Top_RI_1"
PART 67 "J_Wrist_RI"
PART 68 "J_Thumb_RI_0"
PART 69 "J_Thumb_RI_1"
PART 70 "J_Thumb_RI_2"
PART 71 "J_Thumb_RI_3"
PART 72 "J_PinkyPalm_RI"
PART 73 "J_Pinky_RI_0"
PART 74 "J_Pinky_RI_1"
PART 75 "J_Pinky_RI_2"
PART 76 "J_Pinky_RI_3"
PART 77 "J_RingPalm_RI"
PART 78 "J_Ring_RI_0"
PART 79 "J_Ring_RI_1"
PART 80 "J_Ring_RI_2"
PART 81 "J_Ring_RI_3"
PART 82 "J_Webbing_RI"
PART 83 "J_Index_RI_0"
PART 84 "J_Index_RI_1"
PART 85 "J_Index_RI_2"
PART 86 "J_Index_RI_3"
PART 87 "J_Mid_RI_0"
PART 88 "J_Mid_RI_1"
PART 89 "J_Mid_RI_2"
PART 90 "J_Mid_RI_3"
PART 91 "D_Sleave_Reshape_Top_RI_3"
PART 92 "D_Sleave_Reshape_Top_RI_2"
PART 93 "D_Sleave_Reshape_Top_RI_1"
PART 94 "tag_cambone"
PART 95 "tag_camera"
PART 96 "tag_gasmask"

FRAMERATE 30
NUMFRAMES 11

FRAME 820
PART 0
OFFSET  0.0000 -0.0000 -0.0000
X  1.0000 -0.0000  0.0000
Y  0.0000  1.0000  0.0000
Z  0.0000 -0.0000  1.0000

PART 1
OFFSET -7.6810 -0.0000 -1.3770
X  1.0000 -0.0000  0.0000
Y  0.0000  1.0000  0.0000
Z  0.0000 -0.0000  1.0000

PART 2
OFFSET -1.6489  5.2787 -5.1189
X  0.9452 -0.0265 -0.3253
Y -0.1007 -0.9718 -0.2134
Z -0.3105  0.2345 -0.9212

PART 3
OFFSET  9.7827  4.9578 -9.0531
X  0.6082 -0.6382  0.4720
Y -0.7550 -0.2817  0.5921
Z -0.2449 -0.7165 -0.6532

PART 4
OFFSET  14.9559 -0.4703 -5.0387
X  0.6082 -0.6382  0.4720
Y  0.5037  0.7699  0.3919
Z -0.6135 -0.0006  0.7897

PART 5
OFFSET  16.7583  0.1554 -3.5563
X  0.6133 -0.6346  0.4703
Y  0.2465  0.7195  0.6493
Z -0.7504 -0.2823  0.5977

PART 6
OFFSET  16.3425 -1.2877 -5.7819
X  0.6133 -0.6346  0.4703
Y  0.2465  0.7195  0.6493
Z -0.7504 -0.2823  0.5977

PART 7
OFFSET  15.4573 -1.0048 -2.3415
X  0.6133 -0.6346  0.4703
Y  0.2465  0.7195  0.6493
Z -0.7504 -0.2823  0.5977

PART 8
OFFSET  14.9502 -2.1518 -3.4517
X  0.6133 -0.6346  0.4703
Y  0.2465  0.7195  0.6493
Z -0.7504 -0.2823  0.5977

PART 9
OFFSET  14.4581 -2.9993 -4.7685
X  0.6133 -0.6346  0.4703
Y  0.2465  0.7195  0.6493
Z -0.7504 -0.2823  0.5977

PART 10
OFFSET  16.8205 -2.4268 -3.5917
X  0.7743 -0.2361  0.5871
Y  0.1964  0.9716  0.1318
Z -0.6016  0.0133  0.7987

PART 11
OFFSET  17.1113 -1.5899 -2.8725
X  0.7098  0.1054  0.6965
Y  0.2794  0.8655 -0.4158
Z -0.6466  0.4897  0.5848

PART 12
OFFSET  18.6349 -1.2488 -1.3785
X  0.7240 -0.3716  0.5811
Y  0.4259  0.9036  0.0471
Z -0.5426  0.2134  0.8125

PART 13
OFFSET  19.7176 -1.8786 -0.3522
X  0.7411  0.0613  0.6686
Y  0.2249  0.9156 -0.3332
Z -0.6327  0.3973  0.6647

PART 14
OFFSET  20.4938 -1.7786  0.3957
X  0.9998 -0.0213 -0.0021
Y -0.0147 -0.6112 -0.7913
Z  0.0156  0.7912 -0.6114

PART 15
OFFSET  17.1438 -3.6643 -3.0745
X  0.5422 -0.6723  0.5040
Y -0.6668  0.0206  0.7449
Z -0.5112 -0.7400 -0.4371

PART 16
OFFSET  18.3548 -5.0646 -1.7872
X -0.1791 -0.0000  0.9838
Y -0.4802  0.8728 -0.0874
Z -0.8587 -0.4881 -0.1563

PART 17
OFFSET  18.1013 -5.0646 -0.3943
X -0.4365  0.5931  0.6766
Y -0.2817  0.6241 -0.7288
Z -0.8545 -0.5087 -0.1053

PART 18
OFFSET  17.7143 -4.5388  0.2056
X -0.4799  0.7073  0.5190
Y -0.1316  0.5268 -0.8397
Z -0.8674 -0.4713 -0.1598

PART 19
OFFSET  17.2584 -3.8668  0.6987
X  0.5751 -0.8036  0.1533
Y  0.0999 -0.1170 -0.9881
Z  0.8119  0.5836  0.0130

PART 20
OFFSET  17.5286 -3.0724 -2.9694
X  0.6729 -0.5230  0.5231
Y -0.6254 -0.0245  0.7799
Z -0.3951 -0.8520 -0.3436

PART 21
OFFSET  19.2387 -4.4911 -1.6198
X -0.1064 -0.3468  0.9319
Y -0.6025  0.7680  0.2170
Z -0.7910 -0.5384 -0.2907

PART 22
OFFSET  19.0575 -5.0816 -0.0333
X -0.5935  0.5743  0.5639
Y -0.1622  0.6009 -0.7827
Z -0.7884 -0.5560 -0.2635

PART 23
OFFSET  18.2351 -4.2856  0.7482
X -0.6202  0.6919  0.3696
Y -0.0199  0.4571 -0.8892
Z -0.7842 -0.5588 -0.2697

PART 24
OFFSET  17.5624 -3.5352  1.1490
X  0.4809 -0.8555  0.1919
Y  0.3728  0.0015 -0.9279
Z  0.7935  0.5178  0.3197

PART 25
OFFSET  19.1968 -1.6049 -1.1444
X  0.5232 -0.4064  0.7490
Y  0.8078 -0.0434 -0.5878
Z  0.2714  0.9127  0.3056

PART 26
OFFSET  20.2092 -2.6191 -1.5014
X  0.3806 -0.6807  0.6259
Y -0.6988  0.2316  0.6768
Z -0.6056 -0.6950 -0.3875

PART 27
OFFSET  20.8794 -3.8176 -0.3993
X -0.3892 -0.2844  0.8762
Y -0.7416  0.6610 -0.1148
Z -0.5465 -0.6944 -0.4682

PART 28
OFFSET  20.4394 -4.1212  0.6942
X -0.7436  0.3497  0.5699
Y -0.2770  0.6146 -0.7386
Z -0.6085 -0.7071 -0.3602

PART 29
OFFSET  19.5995 -3.7262  1.3380
X  0.3210 -0.8676  0.3799
Y  0.7011 -0.0520 -0.7111
Z  0.6367  0.4946  0.5916

PART 30
OFFSET  19.8057 -3.6456 -1.5636
X  0.1046 -0.4975  0.8611
Y -0.7722  0.5051  0.3856
Z -0.6268 -0.7053 -0.3313

PART 31
OFFSET  20.0099 -4.6175  0.1186
X -0.7037  0.3493  0.6187
Y -0.2833  0.6607 -0.6951
Z -0.6516 -0.6644 -0.3660

PART 32
OFFSET  18.9821 -4.1074  1.0224
X -0.7661  0.5286  0.3655
Y -0.0225  0.5463 -0.8373
Z -0.6423 -0.6497 -0.4066

PART 33
OFFSET  18.1098 -3.5136  1.4341
X  0.6429 -0.7127  0.2805
Y  0.4267  0.0292 -0.9039
Z  0.6361  0.7008  0.3229

PART 34
OFFSET  17.8971 -3.5704 -0.8538
X -0.4586 -0.8244 -0.3317
Y  0.6016 -0.0133 -0.7987
Z  0.6541 -0.5658  0.5021

PART 35
OFFSET  16.8225 -0.4217 -4.4189
X  0.6134 -0.6345  0.4702
Y  0.2540  0.7223  0.6433
Z -0.7478 -0.2751  0.6042

PART 36
OFFSET  16.3419 -1.2871 -5.7805
X  0.6134 -0.6345  0.4702
Y  0.2540  0.7223  0.6433
Z -0.7478 -0.2751  0.6042

PART 37
OFFSET  15.1974 -1.5512 -2.7398
X  0.6134 -0.6345  0.4702
Y  0.2540  0.7223  0.6433
Z -0.7478 -0.2751  0.6042

PART 38
OFFSET  14.6495 -2.4976 -3.5243
X  0.6134 -0.6345  0.4702
Y  0.2540  0.7223  0.6433
Z -0.7478 -0.2751  0.6042

PART 39
OFFSET  14.9918 -2.4167 -4.6697
X  0.6134 -0.6345  0.4702
Y  0.2540  0.7223  0.6433
Z -0.7478 -0.2751  0.6042

PART 40
OFFSET  12.3393 -3.8944 -3.6653
X  0.9113  0.0930  0.4010
Y  0.0659  0.9286 -0.3653
Z -0.4063  0.3593  0.8401

PART 41
OFFSET  12.3393 -3.8944 -3.6653
X  0.9113  0.0930  0.4010
Y  0.0659  0.9286 -0.3653
Z -0.4063  0.3593  0.8401

PART 42
OFFSET  13.9114 -3.7621 -1.0260
X  0.9113  0.0930  0.4010
Y  0.0659  0.9286 -0.3653
Z -0.4063  0.3593  0.8401

PART 43
OFFSET  17.5231 -2.0820  1.8263
X  0.9113  0.0930  0.4010
Y -0.1476  0.9832  0.1073
Z -0.3843 -0.1570  0.9098

PART 44
OFFSET  12.7266 -2.3100  0.4324
X  0.9113  0.0930  0.4010
Y  0.0659  0.9286 -0.3653
Z -0.4063  0.3593  0.8401

PART 45
OFFSET  8.4319 -2.3607 -0.4718
X  0.9113  0.0930  0.4010
Y  0.0659  0.9286 -0.3653
Z -0.4063  0.3593  0.8401

PART 46
OFFSET  12.6139  1.1701 -4.5464
X  0.9061  0.0974  0.4117
Y -0.0502  0.9910 -0.1240
Z -0.4200  0.0916  0.9029

PART 47
OFFSET  11.1278 -2.8629 -1.1512
X  0.0020  0.9731 -0.2303
Y -0.9113 -0.0930 -0.4010
Z -0.4116  0.2107  0.8867

PART 48
OFFSET  11.1286 -2.4092 -1.2585
X  0.0010  0.9735 -0.2285
Y -0.9114 -0.0931 -0.4009
Z -0.4116  0.2086  0.8872

PART 49
OFFSET  11.1291 -1.9553 -1.3650
X  0.0071  0.9704 -0.2415
Y -0.9113 -0.0931 -0.4010
Z -0.4116  0.2229  0.8837

PART 50
OFFSET  11.1324 -1.5029 -1.4777
X  0.0291  0.9571 -0.2883
Y -0.9113 -0.0931 -0.4010
Z -0.4106  0.2744  0.8695

PART 51
OFFSET  10.9918 -0.9670 -1.3662
X  0.0836  0.9119 -0.4018
Y -0.9113 -0.0932 -0.4011
Z -0.4032  0.3997  0.8232

PART 52
OFFSET  10.9440 -0.5165 -1.4222
X  0.2338  0.6846 -0.6904
Y -0.9113 -0.0932 -0.4011
Z -0.3389  0.7229  0.6021

PART 53
OFFSET  10.9201 -0.1328 -1.5786
X  0.3921  0.1016 -0.9143
Y -0.9113 -0.0932 -0.4011
Z -0.1260  0.9904  0.0561

PART 54
OFFSET  11.0592  0.0040 -2.0107
X  0.4110 -0.2663 -0.8719
Y -0.9113 -0.0932 -0.4012
Z  0.0256  0.9594 -0.2810

PART 55
OFFSET  11.2509 -0.1201 -2.4171
X  0.4060 -0.3674 -0.8368
Y -0.9112 -0.0932 -0.4012
Z  0.0694  0.9254 -0.3726

PART 56
OFFSET  11.4401 -0.2914 -2.8072
X  0.4058 -0.3677 -0.8367
Y -0.9113 -0.0931 -0.4011
Z  0.0696  0.9253 -0.3729

PART 57
OFFSET  11.6293 -0.4629 -3.1972
X  0.4058 -0.3677 -0.8367
Y -0.9113 -0.0930 -0.4011
Z  0.0697  0.9253 -0.3729

PART 58
OFFSET  11.8185 -0.6343 -3.5873
X  0.4058 -0.3677 -0.8367
Y -0.9113 -0.0931 -0.4011
Z  0.0696  0.9253 -0.3728

PART 59
OFFSET  26.4172 -0.6359  3.5581
X  0.3975  0.0546 -0.9160
Y -0.0433  0.9982  0.0408
Z  0.9166  0.0235  0.3991

PART 60
OFFSET  26.2438 -3.0779  4.5187
X -0.3432  0.7096  0.6154
Y  0.1632  0.6902 -0.7049
Z -0.9250 -0.1415 -0.3527

PART 61
OFFSET -6.5551 -7.9373 -5.6959
X -0.6468  0.1030  0.7556
Y -0.2807 -0.9535 -0.1103
Z  0.7091 -0.2834  0.6456

PART 62
OFFSET  1.2676 -9.1832 -14.8346
X -0.6464 -0.2550 -0.7191
Y  0.7535 -0.0651 -0.6542
Z  0.1200 -0.9647  0.2342

PART 63
OFFSET  6.7653 -7.0142 -8.7179
X -0.6464 -0.2550 -0.7191
Y  0.7486 -0.3943 -0.5330
Z -0.1477 -0.8829  0.4458

PART 64
OFFSET  7.0029 -5.5073 -7.4657
X -0.6512 -0.2517 -0.7159
Y -0.1319  0.9666 -0.2199
Z  0.7473 -0.0488 -0.6627

PART 65
OFFSET  6.6025 -5.9425 -6.4175
X -0.6512 -0.2517 -0.7159
Y -0.1319  0.9666 -0.2199
Z  0.7473 -0.0488 -0.6627

PART 66
OFFSET  6.9635 -7.1848 -6.1635
X -0.6512 -0.2517 -0.7159
Y -0.1319  0.9666 -0.2199
Z  0.7473 -0.0488 -0.6627

PART 67
OFFSET  8.7469 -6.2324 -6.5133
X -0.7866 -0.1931 -0.5865
Y  0.6060 -0.4240 -0.6731
Z -0.1187 -0.8848  0.4505

PART 68
OFFSET  8.5647 -5.3730 -5.7849
X -0.4309 -0.8328 -0.3474
Y  0.8250 -0.2075 -0.5257
Z  0.3657 -0.5132  0.7765

PART 69
OFFSET  9.3919 -3.5266 -5.0258
X -0.9474 -0.3097 -0.0804
Y  0.3019 -0.7823 -0.5448
Z  0.1059 -0.5405  0.8347

PART 70
OFFSET  10.9275 -3.0128 -5.0221
X -0.8133  0.3346  0.4761
Y -0.5274 -0.7696 -0.3600
Z  0.2460 -0.5439  0.8023

PART 71
OFFSET  11.8047 -3.3366 -5.5676
X -0.8670  0.4377 -0.2381
Y  0.4406  0.4502 -0.7766
Z -0.2327 -0.7783 -0.5832

PART 72
OFFSET  10.0853 -6.3442 -6.8287
X -0.9907  0.0042 -0.1362
Y -0.0729 -0.8607  0.5039
Z -0.1152  0.5091  0.8530

PART 73
OFFSET  12.3034 -6.1738 -6.4602
X -0.6742 -0.7180 -0.1727
Y  0.6868 -0.6956  0.2108
Z -0.2715  0.0235  0.9622

PART 74
OFFSET  13.2579 -5.1573 -6.2157
X  0.3733 -0.9184  0.1311
Y  0.8701  0.3956  0.2940
Z -0.3219  0.0043  0.9468

PART 75
OFFSET  12.9269 -4.3430 -6.3319
X  0.8564 -0.4487  0.2552
Y  0.4421  0.8928  0.0863
Z -0.2666  0.0390  0.9630

PART 76
OFFSET  12.1133 -3.9167 -6.5743
X -0.8940 -0.2229 -0.3886
Y -0.2511  0.9677  0.0226
Z  0.3710  0.1178 -0.9211

PART 77
OFFSET  9.8390 -6.1435 -6.1895
X -0.9284 -0.0689 -0.3652
Y -0.1298 -0.8607  0.4923
Z -0.3482  0.5045  0.7901

PART 78
OFFSET  12.2974 -6.0585 -5.3482
X -0.6943 -0.7118  0.1063
Y  0.7181 -0.6755  0.1675
Z -0.0474  0.1927  0.9801

PART 79
OFFSET  13.4794 -4.8467 -5.5293
X  0.5212 -0.8319  0.1903
Y  0.8504  0.5251 -0.0337
Z -0.0718  0.1794  0.9812

PART 80
OFFSET  12.7570 -3.6937 -5.7930
X  0.9218 -0.3581  0.1487
Y  0.3772  0.9170 -0.1300
Z -0.0898  0.1759  0.9803

PART 81
OFFSET  11.7573 -3.3053 -5.9542
X -0.9751 -0.2217  0.0007
Y -0.2157  0.9481 -0.2337
Z  0.0512 -0.2280 -0.9723

PART 82
OFFSET  4.8971 -7.1517 -8.1437
X -0.8903 -0.3457 -0.2964
Y -0.0914  0.7733 -0.6274
Z  0.4461 -0.5315 -0.7200

PART 83
OFFSET  11.3107 -5.4891 -3.5528
X -0.9181 -0.2399 -0.3155
Y  0.0209 -0.8242  0.5659
Z -0.3958  0.5129  0.7617

PART 84
OFFSET  12.9271 -5.0668 -2.9973
X -0.4511 -0.8115  0.3716
Y  0.8017 -0.1855  0.5682
Z -0.3922  0.5542  0.7342

PART 85
OFFSET  13.4517 -4.0466 -3.4044
X -0.2578 -0.8699  0.4204
Y  0.8766 -0.0276  0.4804
Z -0.4063  0.4924  0.7697

PART 86
OFFSET  13.7429 -3.0640 -3.8793
X -0.8217  0.4466 -0.3541
Y  0.5601  0.7478 -0.3565
Z  0.1056 -0.4912 -0.8646

PART 87
OFFSET  11.9055 -5.8109 -4.4264
X -0.5964 -0.7746  0.2103
Y  0.7746 -0.4868  0.4037
Z -0.2103  0.4036  0.8904

PART 88
OFFSET  13.0706 -4.2976 -4.8371
X  0.5518 -0.7051  0.4454
Y  0.8157  0.5674 -0.1125
Z -0.1734  0.4254  0.8883

PART 89
OFFSET  12.2646 -3.2678 -5.4877
X  0.9120 -0.2742  0.3052
Y  0.3819  0.8390 -0.3875
Z -0.1498  0.4699  0.8699

PART 90
OFFSET  11.2330 -2.9600 -5.8398
X -0.9337 -0.3557 -0.0422
Y -0.3051  0.8514 -0.4267
Z  0.1877 -0.3856 -0.9034

PART 91
OFFSET  7.0002 -5.4949 -7.4680
X -0.6512 -0.2520 -0.7159
Y -0.1290  0.9663 -0.2228
Z  0.7479 -0.0527 -0.6617

PART 92
OFFSET  6.5982 -5.9194 -6.4221
X -0.6512 -0.2520 -0.7159
Y -0.1290  0.9663 -0.2228
Z  0.7479 -0.0527 -0.6617

PART 93
OFFSET  6.9842 -7.1861 -6.1814
X -0.6512 -0.2520 -0.7159
Y -0.1290  0.9663 -0.2228
Z  0.7479 -0.0527 -0.6617

PART 94
OFFSET  0.0000 -0.0000 -0.0000
X  1.0000 -0.0000  0.0000
Y  0.0000  1.0000  0.0000
Z  0.0000 -0.0000  1.0000

PART 95
OFFSET  0.0000 -0.0000 -0.0000
X  0.9962  0.0000  0.0866
Y  0.0015  0.9998 -0.0174
Z -0.0866  0.0175  0.9961

PART 96
OFFSET  1.1764  0.0722  4.2530
X  0.9962  0.0000  0.0866
Y  0.0015  0.9998 -0.0174
Z -0.0866  0.0175  0.9961


FRAME 821
PART 0
OFFSET  0.0000 -0.0000 -0.0000
X  1.0000 -0.0000  0.0000
Y  0.0000  1.0000  0.0000
Z  0.0000 -0.0000  1.0000

PART 1
OFFSET -7.6810 -0.0000 -1.3770
X  1.0000 -0.0000  0.0000
Y  0.0000  1.0000  0.0000
Z  0.0000 -0.0000  1.0000

PART 2
OFFSET -1.6489  5.2787 -5.1189
X  0.9276 -0.0009 -0.3735
Y -0.1125 -0.9542 -0.2770
Z -0.3562  0.2990 -0.8853

PART 3
OFFSET  9.5696  5.2676 -9.6363
X  0.5929 -0.6845  0.4243
Y -0.7557 -0.2908  0.5869
Z -0.2784 -0.6685 -0.6896

PART 4
OFFSET  14.6123 -0.5541 -6.0278
X  0.5929 -0.6845  0.4243
Y  0.5932  0.7275  0.3448
Z -0.5446  0.0472  0.8373

PART 5
OFFSET  16.4558 -0.0761 -4.5409
X  0.5981 -0.6809  0.4227
Y  0.2800  0.6717  0.6859
Z -0.7509 -0.2919  0.5924

PART 6
OFFSET  15.9596 -1.3719 -6.8396
X  0.5981 -0.6809  0.4227
Y  0.2800  0.6717  0.6859
Z -0.7509 -0.2919  0.5924

PART 7
OFFSET  15.1336 -1.2618 -3.3746
X  0.5981 -0.6809  0.4227
Y  0.2800  0.6717  0.6859
Z -0.7509 -0.2919  0.5924

PART 8
OFFSET  14.5721 -2.3245 -4.5412
X  0.5981 -0.6809  0.4227
Y  0.2800  0.6717  0.6859
Z -0.7509 -0.2919  0.5924

PART 9
OFFSET  14.0329 -3.0768 -5.8968
X  0.5981 -0.6809  0.4227
Y  0.2800  0.6717  0.6859
Z -0.7509 -0.2919  0.5924

PART 10
OFFSET  16.4299 -2.6525 -4.7271
X  0.8368 -0.2702  0.4761
Y  0.2406  0.9627  0.1235
Z -0.4917  0.0112  0.8707

PART 11
OFFSET  16.8366 -1.8403 -4.0363
X  0.7973  0.0704  0.5995
Y  0.2484  0.8669 -0.4322
Z -0.5501  0.4934  0.6737

PART 12
OFFSET  18.5513 -1.5744 -2.7483
X  0.7823 -0.4040  0.4741
Y  0.4550  0.8905  0.0082
Z -0.4255  0.2093  0.8804

PART 13
OFFSET  19.7393 -2.2564 -1.8848
X  0.8233  0.0261  0.5669
Y  0.2066  0.9166 -0.3423
Z -0.5286  0.3989  0.7493

PART 14
OFFSET  20.6090 -2.1943 -1.2432
X  0.9899 -0.0481 -0.1333
Y -0.1357 -0.5924 -0.7941
Z -0.0408  0.8042 -0.5930

PART 15
OFFSET  16.7810 -3.9097 -4.2805
X  0.5831 -0.6979  0.4157
Y -0.5632  0.0215  0.8261
Z -0.5855 -0.7158 -0.3805

PART 16
OFFSET  18.1075 -5.3710 -3.1897
X -0.0493 -0.0177  0.9986
Y -0.4614  0.8871 -0.0071
Z -0.8858 -0.4612 -0.0519

PART 17
OFFSET  18.0377 -5.3960 -1.7759
X -0.3268  0.5890  0.7391
Y -0.3556  0.6479 -0.6736
Z -0.8756 -0.4830 -0.0023

PART 18
OFFSET  17.7479 -4.8738 -1.1205
X -0.3871  0.7079  0.5908
Y -0.2242  0.5492 -0.8050
Z -0.8944 -0.4441 -0.0538

PART 19
OFFSET  17.3802 -4.2013 -0.5593
X  0.5661 -0.8220  0.0613
Y -0.0332 -0.0971 -0.9947
Z  0.8236  0.5611 -0.0823

PART 20
OFFSET  17.1936 -3.3309 -4.2153
X  0.7195 -0.5527  0.4204
Y -0.5189 -0.0255  0.8545
Z -0.4616 -0.8330 -0.3051

PART 21
OFFSET  19.0222 -4.8255 -3.1286
X  0.0057 -0.3650  0.9310
Y -0.5461  0.7788  0.3086
Z -0.8377 -0.5102 -0.1949

PART 22
OFFSET  19.0319 -5.4469 -1.5436
X -0.4977  0.5770  0.6476
Y -0.2449  0.6228 -0.7431
Z -0.8321 -0.5284 -0.1686

PART 23
OFFSET  18.3421 -4.6472 -0.6460
X -0.5460  0.6997  0.4607
Y -0.1221  0.4776 -0.8700
Z -0.8289 -0.5313 -0.1754

PART 24
OFFSET  17.7500 -3.8883 -0.1463
X  0.4763 -0.8723  0.1109
Y  0.2486  0.0127 -0.9685
Z  0.8434  0.4889  0.2229

PART 25
OFFSET  19.1281 -1.9508 -2.5967
X  0.6041 -0.4373  0.6662
Y  0.7227 -0.0516 -0.6892
Z  0.3358  0.8978  0.2848

PART 26
OFFSET  20.0549 -2.9834 -3.1024
X  0.4386 -0.7048  0.5576
Y -0.5975  0.2348  0.7667
Z -0.6713 -0.6694 -0.3181

PART 27
OFFSET  20.8271 -4.2243 -2.1207
X -0.2799 -0.2938  0.9140
Y -0.7303  0.6831 -0.0041
Z -0.6231 -0.6686 -0.4058

PART 28
OFFSET  20.5246 -4.5408 -0.9849
X -0.6523  0.3564  0.6689
Y -0.3525  0.6386 -0.6841
Z -0.6710 -0.6821 -0.2909

PART 29
OFFSET  19.7878 -4.1382 -0.2294
X  0.3419 -0.8843  0.3180
Y  0.6006 -0.0546 -0.7977
Z  0.7227  0.4637  0.5125

PART 30
OFFSET  19.6164 -3.9970 -3.1309
X  0.2011 -0.5197  0.8304
Y -0.7000  0.5167  0.4929
Z -0.6852 -0.6804 -0.2599

PART 31
OFFSET  20.0093 -5.0121 -1.5087
X -0.6064  0.3538  0.7121
Y -0.3518  0.6838 -0.6393
Z -0.7131 -0.6382 -0.2902

PART 32
OFFSET  19.1235 -4.4953 -0.4686
X -0.6960  0.5405  0.4727
Y -0.1153  0.5657 -0.8165
Z -0.7087 -0.6228 -0.3314

PART 33
OFFSET  18.3303 -3.8880  0.0650
X  0.6526 -0.7359  0.1803
Y  0.3060  0.0383 -0.9513
Z  0.6932  0.6760  0.2502

PART 34
OFFSET  17.8197 -3.8867 -2.1760
X -0.5221 -0.8040 -0.2845
Y  0.4917 -0.0112 -0.8707
Z  0.6969 -0.5945  0.4012

PART 35
OFFSET  16.4881 -0.6036 -5.4366
X  0.5981 -0.6809  0.4226
Y  0.2875  0.6746  0.6799
Z -0.7480 -0.2852  0.5993

PART 36
OFFSET  15.9591 -1.3715 -6.8380
X  0.5981 -0.6809  0.4226
Y  0.2875  0.6746  0.6799
Z -0.7480 -0.2852  0.5993

PART 37
OFFSET  14.8497 -1.7751 -3.7997
X  0.5981 -0.6809  0.4226
Y  0.2875  0.6746  0.6799
Z -0.7480 -0.2852  0.5993

PART 38
OFFSET  14.2588 -2.6554 -4.6288
X  0.5981 -0.6809  0.4226
Y  0.2875  0.6746  0.6799
Z -0.7480 -0.2852  0.5993

PART 39
OFFSET  14.5874 -2.5189 -5.7730
X  0.5981 -0.6809  0.4226
Y  0.2875  0.6746  0.6799
Z -0.7480 -0.2852  0.5993

PART 40
OFFSET  11.9357 -3.9971 -4.2416
X  0.9582  0.0594  0.2800
Y  0.0452  0.9346 -0.3529
Z -0.2826  0.3508  0.8928

PART 41
OFFSET  11.9357 -3.9971 -4.2416
X  0.9582  0.0594  0.2800
Y  0.0452  0.9346 -0.3529
Z -0.2826  0.3508  0.8928

PART 42
OFFSET  13.8415 -3.9673 -1.8287
X  0.9582  0.0594  0.2800
Y  0.0452  0.9346 -0.3529
Z -0.2826  0.3508  0.8928

PART 43
OFFSET  17.8422 -2.4503  0.5579
X  0.9582  0.0594  0.2800
Y -0.1507  0.9363  0.3172
Z -0.2433 -0.3461  0.9061

PART 44
OFFSET  12.9003 -2.5176 -0.2003
X  0.9582  0.0593  0.2800
Y  0.0453  0.9346 -0.3529
Z -0.2826  0.3508  0.8928

PART 45
OFFSET  8.5248 -2.4322 -0.5354
X  0.9582  0.0593  0.2800
Y  0.0453  0.9346 -0.3529
Z -0.2826  0.3508  0.8928

PART 46
OFFSET  12.2335  1.1204 -5.0299
X  0.9542  0.0640  0.2922
Y -0.0436  0.9962 -0.0757
Z -0.2960  0.0595  0.9533

PART 47
OFFSET  11.0931 -2.9910 -1.5713
X  0.0008  0.9777 -0.2099
Y -0.9582 -0.0594 -0.2800
Z -0.2862  0.2013  0.9368

PART 48
OFFSET  11.0935 -2.5352 -1.6691
X  0.0001  0.9781 -0.2080
Y -0.9582 -0.0594 -0.2799
Z -0.2862  0.1993  0.9372

PART 49
OFFSET  11.0935 -2.0792 -1.7661
X  0.0043  0.9751 -0.2217
Y -0.9582 -0.0595 -0.2799
Z -0.2862  0.2137  0.9341

PART 50
OFFSET  11.0955 -1.6246 -1.8695
X  0.0196  0.9623 -0.2713
Y -0.9582 -0.0594 -0.2799
Z -0.2855  0.2655  0.9209

PART 51
OFFSET  10.9901 -1.0889 -1.7330
X  0.0575  0.9182 -0.3918
Y -0.9581 -0.0595 -0.2801
Z -0.2805  0.3915  0.8764

PART 52
OFFSET  10.9405 -0.6279 -1.7539
X  0.1620  0.6937 -0.7018
Y -0.9581 -0.0595 -0.2801
Z -0.2361  0.7178  0.6550

PART 53
OFFSET  10.8874 -0.2198 -1.8429
X  0.2725  0.1119 -0.9556
Y -0.9581 -0.0595 -0.2801
Z -0.0882  0.9919  0.0910

PART 54
OFFSET  10.9614 -0.0553 -2.2470
X  0.2859 -0.2573 -0.9231
Y -0.9581 -0.0595 -0.2801
Z  0.0172  0.9645 -0.2635

PART 55
OFFSET  11.0946 -0.1752 -2.6773
X  0.2825 -0.3589 -0.8896
Y -0.9581 -0.0595 -0.2802
Z  0.0476  0.9315 -0.3607

PART 56
OFFSET  11.2263 -0.3426 -3.0920
X  0.2823 -0.3593 -0.8895
Y -0.9581 -0.0594 -0.2800
Z  0.0478  0.9313 -0.3611

PART 57
OFFSET  11.3579 -0.5101 -3.5066
X  0.2823 -0.3593 -0.8895
Y -0.9581 -0.0593 -0.2801
Z  0.0479  0.9313 -0.3610

PART 58
OFFSET  11.4895 -0.6776 -3.9213
X  0.2823 -0.3592 -0.8895
Y -0.9581 -0.0594 -0.2801
Z  0.0478  0.9314 -0.3610

PART 59
OFFSET  26.9250 -1.2836  1.1380
X  0.2762  0.0648 -0.9589
Y -0.0080  0.9978  0.0651
Z  0.9611 -0.0103  0.2761

PART 60
OFFSET  26.8060 -3.7414  2.0662
X -0.2389  0.7043  0.6684
Y  0.0903  0.7015 -0.7069
Z -0.9668 -0.1086 -0.2312

PART 61
OFFSET -6.5551 -7.9373 -5.6959
X -0.6083  0.1122  0.7857
Y -0.2846 -0.9550 -0.0840
Z  0.7409 -0.2747  0.6129

PART 62
OFFSET  0.8020 -9.2947 -15.1981
X -0.6165 -0.2699 -0.7397
Y  0.7761 -0.0498 -0.6286
Z  0.1328 -0.9616  0.2402

PART 63
OFFSET  6.0453 -6.9995 -8.9067
X -0.6165 -0.2699 -0.7397
Y  0.7778 -0.3546 -0.5189
Z -0.1223 -0.8952  0.4285

PART 64
OFFSET  6.2088 -5.4860 -7.6505
X -0.6215 -0.2667 -0.7366
Y -0.1452  0.9632 -0.2262
Z  0.7698 -0.0336 -0.6374

PART 65
OFFSET  5.7831 -5.9283 -6.6152
X -0.6215 -0.2667 -0.7366
Y -0.1452  0.9632 -0.2262
Z  0.7698 -0.0336 -0.6374

PART 66
OFFSET  6.1619 -7.1621 -6.3467
X -0.6215 -0.2667 -0.7366
Y -0.1452  0.9632 -0.2262
Z  0.7698 -0.0336 -0.6374

PART 67
OFFSET  7.9351 -6.1721 -6.6390
X -0.8617 -0.1584 -0.4821
Y  0.5003 -0.4247 -0.7546
Z -0.0852 -0.8914  0.4452

PART 68
OFFSET  7.8749 -5.3251 -5.8768
X -0.4970 -0.8128 -0.3039
Y  0.7429 -0.2175 -0.6330
Z  0.4484 -0.5404  0.7120

PART 69
OFFSET  8.8483 -3.5193 -5.1974
X -0.9586 -0.2822  0.0384
Y  0.2050 -0.7775 -0.5945
Z  0.1977 -0.5620  0.8032

PART 70
OFFSET  10.3859 -3.0472 -5.3848
X -0.7340  0.3453  0.5848
Y -0.5923 -0.7467 -0.3025
Z  0.3322 -0.5684  0.7527

PART 71
OFFSET  11.1745 -3.3819 -6.0465
X -0.8773  0.4662 -0.1142
Y  0.3488  0.4558 -0.8189
Z -0.3297 -0.7582 -0.5625

PART 72
OFFSET  9.2172 -6.3126 -7.1290
X -0.9994  0.0339 -0.0053
Y -0.0321 -0.8697  0.4925
Z  0.0121  0.4924  0.8703

PART 73
OFFSET  11.4684 -6.2103 -7.0508
X -0.7119 -0.6956 -0.0966
Y  0.6875 -0.7184  0.1057
Z -0.1430  0.0088  0.9897

PART 74
OFFSET  12.4763 -5.2256 -6.9140
X  0.3599 -0.9308  0.0635
Y  0.9123  0.3653  0.1851
Z -0.1955 -0.0087  0.9807

PART 75
OFFSET  12.1572 -4.4003 -6.9702
X  0.8687 -0.4773  0.1323
Y  0.4758  0.8784  0.0447
Z -0.1375  0.0241  0.9902

PART 76
OFFSET  11.3319 -3.9469 -7.0959
X -0.9433 -0.1899 -0.2724
Y -0.2172  0.9733  0.0737
Z  0.2512  0.1287 -0.9593

PART 77
OFFSET  9.0623 -6.1200 -6.4593
X -0.9697 -0.0356 -0.2418
Y -0.0899 -0.8679  0.4886
Z -0.2272  0.4955  0.8384

PART 78
OFFSET  11.6107 -6.1203 -5.9456
X -0.6953 -0.6951  0.1827
Y  0.7135 -0.6982  0.0592
Z  0.0864  0.1715  0.9814

PART 79
OFFSET  12.7945 -4.9369 -6.2566
X  0.5167 -0.8498  0.1045
Y  0.8539  0.5027 -0.1347
Z  0.0619  0.1588  0.9854

PART 80
OFFSET  12.0784 -3.7592 -6.4014
X  0.9223 -0.3861  0.0199
Y  0.3841  0.9092 -0.1607
Z  0.0440  0.1558  0.9868

PART 81
OFFSET  11.0782 -3.3405 -6.4229
X -0.9729 -0.1954  0.1240
Y -0.2162  0.9586 -0.1853
Z -0.0827 -0.2070 -0.9748

PART 82
OFFSET  3.8802 -6.9502 -7.7688
X -0.9312 -0.3148 -0.1839
Y -0.1494  0.7896 -0.5952
Z  0.3326 -0.5268 -0.7823

PART 83
OFFSET  10.8837 -5.5657 -4.0259
X -0.9581 -0.2079 -0.1972
Y  0.0700 -0.8372  0.5424
Z -0.2778  0.5059  0.8167

PART 84
OFFSET  12.5705 -5.1998 -3.6788
X -0.4226 -0.8073  0.4118
Y  0.8631 -0.2198  0.4547
Z -0.2766  0.5476  0.7897

PART 85
OFFSET  13.0675 -4.1850 -4.1315
X -0.2265 -0.8721  0.4338
Y  0.9305 -0.0621  0.3609
Z -0.2878  0.4854  0.8255

PART 86
OFFSET  13.3233 -3.2000 -4.6215
X -0.8472  0.4765 -0.2349
Y  0.5307  0.7405 -0.4124
Z -0.0226 -0.4740 -0.8802

PART 87
OFFSET  11.3498 -5.8834 -4.9758
X -0.5866 -0.7629  0.2717
Y  0.8058 -0.5166  0.2894
Z -0.0805  0.3887  0.9178

PART 88
OFFSET  12.4958 -4.3930 -5.5065
X  0.5840 -0.7296  0.3558
Y  0.8106  0.5476 -0.2074
Z -0.0435  0.4095  0.9113

PART 89
OFFSET  11.6429 -3.3272 -6.0262
X  0.9354 -0.3055  0.1779
Y  0.3529  0.8371 -0.4180
Z -0.0213  0.4538  0.8909

PART 90
OFFSET  10.5838 -2.9839 -6.2343
X -0.9413 -0.3294  0.0736
Y -0.3327  0.8688 -0.3668
Z  0.0569 -0.3697 -0.9274

PART 91
OFFSET  6.2058 -5.4737 -7.6529
X -0.6214 -0.2669 -0.7366
Y -0.1422  0.9630 -0.2290
Z  0.7705 -0.0376 -0.6364

PART 92
OFFSET  5.7784 -5.9053 -6.6201
X -0.6214 -0.2669 -0.7366
Y -0.1422  0.9630 -0.2290
Z  0.7705 -0.0376 -0.6364

PART 93
OFFSET  6.1832 -7.1630 -6.3639
X -0.6214 -0.2669 -0.7366
Y -0.1422  0.9630 -0.2290
Z  0.7705 -0.0376 -0.6364

PART 94
OFFSET  0.0000 -0.0000 -0.0000
X  1.0000 -0.0000  0.0000
Y  0.0000  1.0000  0.0000
Z  0.0000 -0.0000  1.0000

PART 95
OFFSET  0.0000 -0.0000 -0.0000
X  0.9972 -0.0000  0.0745
Y -0.0001  1.0000  0.0017
Z -0.0745 -0.0017  0.9972

PART 96
OFFSET  1.2281 -0.0072  4.2390
X  0.9972 -0.0000  0.0745
Y -0.0001  1.0000  0.0017
Z -0.0745 -0.0017  0.9972


FRAME 822
PART 0
OFFSET  0.0000 -0.0000 -0.0000
X  1.0000 -0.0000  0.0000
Y  0.0000  1.0000  0.0000
Z  0.0000 -0.0000  1.0000

PART 1
OFFSET -7.6810 -0.0000 -1.3770
X  1.0000 -0.0000  0.0000
Y  0.0000  1.0000  0.0000
Z  0.0000 -0.0000  1.0000

PART 2
OFFSET -1.6489  5.2787 -5.1189
X  0.8940  0.0554 -0.4446
Y -0.1390 -0.9090 -0.3929
Z -0.4259  0.4131 -0.8050

PART 3
OFFSET  9.1633  5.9491 -10.4957
X  0.5641 -0.7588  0.3257
Y -0.7539 -0.3125  0.5779
Z -0.3367 -0.5715 -0.7483

PART 4
OFFSET  13.9612 -0.5046 -7.7257
X  0.5641 -0.7588  0.3257
Y  0.7223  0.6446  0.2507
Z -0.4001  0.0938  0.9116

PART 5
OFFSET  15.8718 -0.2963 -6.2615
X  0.5695 -0.7553  0.3243
Y  0.3384  0.5749  0.7449
Z -0.7491 -0.3145  0.5830

PART 6
OFFSET  15.2345 -1.2995 -8.6691
X  0.5695 -0.7553  0.3243
Y  0.3384  0.5749  0.7449
Z -0.7491 -0.3145  0.5830

PART 7
OFFSET  14.5173 -1.5303 -5.1859
X  0.5695 -0.7553  0.3243
Y  0.3384  0.5749  0.7449
Z -0.7491 -0.3145  0.5830

PART 8
OFFSET  13.8612 -2.4244 -6.4412
X  0.5695 -0.7553  0.3243
Y  0.3384  0.5749  0.7449
Z -0.7491 -0.3145  0.5830

PART 9
OFFSET  13.2400 -2.9907 -7.8511
X  0.5695 -0.7553  0.3243
Y  0.3384  0.5749  0.7449
Z -0.7491 -0.3145  0.5830

PART 10
OFFSET  15.6905 -2.8307 -6.7273
X  0.9122 -0.3171  0.2596
Y  0.2938  0.9476  0.1251
Z -0.2856 -0.0379  0.9576

PART 11
OFFSET  16.2671 -2.0744 -6.0966
X  0.9123  0.0152  0.4092
Y  0.1749  0.8891 -0.4229
Z -0.3703  0.4574  0.8085

PART 12
OFFSET  18.2327 -1.9275 -5.2108
X  0.8541 -0.4495  0.2617
Y  0.4747  0.8793 -0.0393
Z -0.2124  0.1578  0.9644

PART 13
OFFSET  19.5594 -2.6878 -4.6780
X  0.9290 -0.0273  0.3690
Y  0.1558  0.9334 -0.3231
Z -0.3356  0.3577  0.8714

PART 14
OFFSET  20.5513 -2.6851 -4.2446
X  0.9335 -0.0576 -0.3539
Y -0.3281 -0.5353 -0.7783
Z -0.1446  0.8427 -0.5186

PART 15
OFFSET  16.0901 -4.1214 -6.4482
X  0.6374 -0.7350  0.2314
Y -0.3648 -0.0233  0.9308
Z -0.6787 -0.6777 -0.2830

PART 16
OFFSET  17.5763 -5.6770 -5.7729
X  0.1730 -0.0836  0.9814
Y -0.4218  0.8941  0.1505
Z -0.8900 -0.4400  0.1194

PART 17
OFFSET  17.8211 -5.7953 -4.3835
X -0.1350  0.5442  0.8281
Y -0.4745  0.6981 -0.5361
Z -0.8698 -0.4653  0.1640

PART 18
OFFSET  17.7015 -5.3128 -3.6493
X -0.2226  0.6739  0.7045
Y -0.3789  0.6060 -0.6994
Z -0.8983 -0.4226  0.1204

PART 19
OFFSET  17.4900 -4.6726 -2.9800
X  0.5380 -0.8347 -0.1172
Y -0.2563 -0.0296 -0.9661
Z  0.8030  0.5499 -0.2299

PART 20
OFFSET  16.5259 -3.5561 -6.4416
X  0.7761 -0.5930  0.2143
Y -0.3169 -0.0729  0.9457
Z -0.5452 -0.8019 -0.2445

PART 21
OFFSET  18.4994 -5.1540 -5.8846
X  0.2000 -0.4265  0.8821
Y -0.4379  0.7664  0.4699
Z -0.8765 -0.4802 -0.0335

PART 22
OFFSET  18.8399 -5.8802 -4.3829
X -0.3221  0.5416  0.7765
Y -0.3829  0.6756 -0.6301
Z -0.8658 -0.5003 -0.0103

PART 23
OFFSET  18.3934 -5.1296 -3.3067
X -0.4066  0.6774  0.6130
Y -0.2961  0.5370 -0.7899
Z -0.8643 -0.5027 -0.0177

PART 24
OFFSET  17.9524 -4.3949 -2.6419
X  0.4598 -0.8865 -0.0519
Y  0.0278  0.0728 -0.9970
Z  0.8876  0.4570  0.0582

PART 25
OFFSET  18.8159 -2.3238 -5.2153
X  0.7220 -0.4922  0.4863
Y  0.5496 -0.0189 -0.8352
Z  0.4202  0.8703  0.2569

PART 26
OFFSET  19.5727 -3.3374 -5.9775
X  0.5277 -0.7486  0.4013
Y -0.4044  0.1940  0.8938
Z -0.7470 -0.6340 -0.2003

PART 27
OFFSET  20.5018 -4.6555 -5.2709
X -0.0798 -0.3490  0.9337
Y -0.6899  0.6954  0.2010
Z -0.7195 -0.6282 -0.2963

PART 28
OFFSET  20.4486 -5.0417 -4.1178
X -0.4755  0.3230  0.8183
Y -0.4741  0.6894 -0.5476
Z -0.7410 -0.6484 -0.1747

PART 29
OFFSET  19.9115 -4.6769 -3.1935
X  0.3744 -0.9099  0.1788
Y  0.4065 -0.0123 -0.9135
Z  0.8334  0.4147  0.3653

PART 30
OFFSET  19.1054 -4.3385 -5.9691
X  0.3630 -0.5778  0.7311
Y -0.5557  0.4956  0.6675
Z -0.7480 -0.6485 -0.1412

PART 31
OFFSET  19.8145 -5.4671 -4.5410
X -0.4212  0.3166  0.8499
Y -0.4619  0.7315 -0.5015
Z -0.7805 -0.6038 -0.1619

PART 32
OFFSET  19.1992 -5.0047 -3.2996
X -0.5554  0.5206  0.6484
Y -0.2747  0.6211 -0.7340
Z -0.7849 -0.5858 -0.2020

PART 33
OFFSET  18.5648 -4.4196 -2.5661
X  0.6516 -0.7584 -0.0155
Y  0.0884  0.0962 -0.9914
Z  0.7534  0.6446  0.1297

PART 34
OFFSET  17.5700 -4.2588 -4.6318
X -0.5986 -0.7733 -0.2092
Y  0.2856  0.0379 -0.9576
Z  0.7484 -0.6329  0.1982

PART 35
OFFSET  15.8473 -0.7219 -7.2101
X  0.5695 -0.7553  0.3243
Y  0.3459  0.5781  0.7390
Z -0.7457 -0.3087  0.5905

PART 36
OFFSET  15.2340 -1.2991 -8.6676
X  0.5695 -0.7553  0.3243
Y  0.3459  0.5781  0.7390
Z -0.7457 -0.3087  0.5905

PART 37
OFFSET  14.1917 -1.9769 -5.6543
X  0.5695 -0.7553  0.3243
Y  0.3459  0.5781  0.7390
Z -0.7457 -0.3087  0.5905

PART 38
OFFSET  13.5268 -2.7259 -6.5534
X  0.5695 -0.7553  0.3243
Y  0.3459  0.5781  0.7390
Z -0.7457 -0.3087  0.5905

PART 39
OFFSET  13.8294 -2.4811 -7.6866
X  0.5695 -0.7553  0.3243
Y  0.3459  0.5781  0.7390
Z -0.7457 -0.3087  0.5905

PART 40
OFFSET  11.3740 -4.1204 -5.3324
X  0.9978  0.0225  0.0617
Y -0.0032  0.9551 -0.2963
Z -0.0657  0.2955  0.9531

PART 41
OFFSET  11.3740 -4.1204 -5.3324
X  0.9978  0.0225  0.0617
Y -0.0032  0.9551 -0.2963
Z -0.0657  0.2955  0.9531

PART 42
OFFSET  13.7676 -4.2880 -3.4095
X  0.9978  0.0225  0.0617
Y -0.0032  0.9551 -0.2963
Z -0.0657  0.2955  0.9531

PART 43
OFFSET  18.2462 -3.0093 -1.8896
X  0.9978  0.0225  0.0617
Y -0.0551  0.7995  0.5981
Z -0.0359 -0.6002  0.7990

PART 44
OFFSET  13.2598 -2.9332 -1.5265
X  0.9978  0.0225  0.0618
Y -0.0032  0.9551 -0.2963
Z -0.0657  0.2955  0.9531

PART 45
OFFSET  8.9243 -2.7437 -0.8690
X  0.9978  0.0225  0.0618
Y -0.0032  0.9551 -0.2963
Z -0.0657  0.2955  0.9531

PART 46
OFFSET  11.6575  1.0592 -5.8346
X  0.9968  0.0266  0.0755
Y -0.0276  0.9995  0.0119
Z -0.0752 -0.0139  0.9971

PART 47
OFFSET  11.1788 -3.2798 -2.4850
X -0.0134  0.9894 -0.1446
Y -0.9978 -0.0225 -0.0617
Z -0.0644  0.1435  0.9876

PART 48
OFFSET  11.1725 -2.8186 -2.5524
X -0.0136  0.9897 -0.1426
Y -0.9978 -0.0226 -0.0617
Z -0.0643  0.1414  0.9879

PART 49
OFFSET  11.1662 -2.3572 -2.6189
X -0.0127  0.9875 -0.1571
Y -0.9978 -0.0226 -0.0617
Z -0.0645  0.1560  0.9857

PART 50
OFFSET  11.1603 -1.8968 -2.6922
X -0.0091  0.9778 -0.2095
Y -0.9978 -0.0226 -0.0617
Z -0.0651  0.2085  0.9759

PART 51
OFFSET  11.1143 -1.3785 -2.5382
X -0.0004  0.9412 -0.3379
Y -0.9978 -0.0226 -0.0619
Z -0.0659  0.3371  0.9391

PART 52
OFFSET  11.0786 -0.9188 -2.5206
X  0.0252  0.7360 -0.6765
Y -0.9978 -0.0227 -0.0619
Z -0.0609  0.6766  0.7338

PART 53
OFFSET  11.0212 -0.5038 -2.5440
X  0.0572  0.1705 -0.9837
Y -0.9978 -0.0227 -0.0619
Z -0.0328  0.9851  0.1689

PART 54
OFFSET  11.0098 -0.3015 -2.9143
X  0.0652 -0.2002 -0.9776
Y -0.9978 -0.0227 -0.0619
Z -0.0097  0.9795 -0.2012

PART 55
OFFSET  11.0402 -0.3948 -3.3700
X  0.0660 -0.3038 -0.9504
Y -0.9978 -0.0227 -0.0620
Z -0.0027  0.9525 -0.3046

PART 56
OFFSET  11.0710 -0.5364 -3.8132
X  0.0658 -0.3042 -0.9503
Y -0.9978 -0.0226 -0.0618
Z -0.0027  0.9523 -0.3050

PART 57
OFFSET  11.1016 -0.6783 -4.2561
X  0.0658 -0.3042 -0.9503
Y -0.9978 -0.0225 -0.0619
Z -0.0026  0.9524 -0.3050

PART 58
OFFSET  11.1323 -0.8201 -4.6992
X  0.0658 -0.3041 -0.9504
Y -0.9978 -0.0225 -0.0619
Z -0.0026  0.9524 -0.3049

PART 59
OFFSET  27.2649 -2.0543 -3.2846
X  0.0585  0.1237 -0.9906
Y  0.0397  0.9912  0.1261
Z  0.9975 -0.0467  0.0531

PART 60
OFFSET  27.2734 -4.5661 -2.5053
X -0.0612  0.6623  0.7467
Y -0.0456  0.7455 -0.6650
Z -0.9971 -0.0747 -0.0154

PART 61
OFFSET -6.5551 -7.9373 -5.6959
X -0.5522  0.1261  0.8241
Y -0.2828 -0.9582 -0.0428
Z  0.7843 -0.2567  0.5648

PART 62
OFFSET  0.1228 -9.4629 -15.6628
X -0.5832 -0.2945 -0.7570
Y  0.7971 -0.0280 -0.6032
Z  0.1565 -0.9552  0.2511

PART 63
OFFSET  5.0834 -6.9578 -9.2239
X -0.5832 -0.2945 -0.7570
Y  0.8112 -0.2610 -0.5234
Z -0.0434 -0.9193  0.3911

PART 64
OFFSET  5.1567 -5.4322 -7.9739
X -0.5885 -0.2915 -0.7541
Y -0.1694  0.9565 -0.2375
Z  0.7906 -0.0120 -0.6122

PART 65
OFFSET  4.7128 -5.8821 -6.9496
X -0.5885 -0.2915 -0.7541
Y -0.1694  0.9565 -0.2375
Z  0.7906 -0.0120 -0.6122

PART 66
OFFSET  5.1232 -7.1011 -6.6605
X -0.5885 -0.2915 -0.7541
Y -0.1694  0.9565 -0.2375
Z  0.7906 -0.0120 -0.6122

PART 67
OFFSET  6.8713 -6.0548 -6.9031
X -0.9519 -0.1097 -0.2860
Y  0.3060 -0.3825 -0.8718
Z -0.0138 -0.9174  0.3976

PART 68
OFFSET  7.0099 -5.2597 -6.0964
X -0.5787 -0.7812 -0.2342
Y  0.5763 -0.1885 -0.7952
Z  0.5770 -0.5951  0.5593

PART 69
OFFSET  8.1691 -3.5220 -5.5428
X -0.9350 -0.2661  0.2345
Y  0.0421 -0.7397 -0.6717
Z  0.3522 -0.6181  0.7028

PART 70
OFFSET  9.6416 -3.0673 -6.0400
X -0.5741  0.3191  0.7540
Y -0.6691 -0.7136 -0.2075
Z  0.4719 -0.6237  0.6232

PART 71
OFFSET  10.2522 -3.3717 -6.8804
X -0.8648  0.4891  0.1136
Y  0.1733  0.5030 -0.8467
Z -0.4713 -0.7126 -0.5198

PART 72
OFFSET  8.0073 -6.1862 -7.6750
X -0.9740  0.0528  0.2204
Y  0.0492 -0.9000  0.4331
Z  0.2212  0.4327  0.8740

PART 73
OFFSET  10.2219 -6.1315 -8.0959
X -0.7383 -0.6741  0.0227
Y  0.6696 -0.7366 -0.0948
Z  0.0806 -0.0548  0.9952

PART 74
OFFSET  11.2672 -5.1771 -8.1280
X  0.3339 -0.9396 -0.0756
Y  0.9422  0.3350 -0.0016
Z  0.0269 -0.0707  0.9971

PART 75
OFFSET  10.9711 -4.3441 -8.0610
X  0.8601 -0.5012 -0.0947
Y  0.5027  0.8644 -0.0092
Z  0.0865 -0.0397  0.9955

PART 76
OFFSET  10.1540 -3.8679 -7.9710
X -0.9860 -0.1535 -0.0657
Y -0.1630  0.9701  0.1798
Z  0.0361  0.1880 -0.9815

PART 77
OFFSET  8.0114 -6.0360 -6.9771
X -0.9998 -0.0012 -0.0206
Y -0.0080 -0.8968  0.4423
Z -0.0190  0.4424  0.8966

PART 78
OFFSET  10.6088 -6.1184 -7.0471
X -0.6601 -0.6926  0.2907
Y  0.6853 -0.7138 -0.1446
Z  0.3077  0.1037  0.9458

PART 79
OFFSET  11.7327 -4.9391 -7.5420
X  0.4985 -0.8644 -0.0658
Y  0.8189  0.4945 -0.2912
Z  0.2843  0.0913  0.9544

PART 80
OFFSET  11.0418 -3.7412 -7.4508
X  0.8903 -0.4037 -0.2104
Y  0.3688  0.9106 -0.1866
Z  0.2669  0.0885  0.9596

PART 81
OFFSET  10.0762 -3.3033 -7.2226
X -0.9270 -0.1850  0.3262
Y -0.2199  0.9728 -0.0733
Z -0.3037 -0.1397 -0.9425

PART 82
OFFSET  2.6433 -6.6795 -7.1431
X -0.9587 -0.2843  0.0101
Y -0.2515  0.8303 -0.4973
Z  0.1330 -0.4793 -0.8675

PART 83
OFFSET  10.3447 -5.6800 -4.9833
X -0.9843 -0.1762  0.0097
Y  0.1608 -0.8728  0.4608
Z -0.0727  0.4552  0.8874

PART 84
OFFSET  12.0777 -5.3698 -5.0004
X -0.3473 -0.8250  0.4457
Y  0.9347 -0.2659  0.2360
Z -0.0761  0.4986  0.8635

PART 85
OFFSET  12.4952 -4.3365 -5.4898
X -0.1534 -0.8948  0.4193
Y  0.9848 -0.1035  0.1393
Z -0.0812  0.4343  0.8971

PART 86
OFFSET  12.6685 -3.3258 -5.9635
X -0.8619  0.5069 -0.0099
Y  0.4503  0.7564 -0.4745
Z -0.2330 -0.4135 -0.8802

PART 87
OFFSET  10.5776 -5.9421 -6.0310
X -0.5368 -0.7683  0.3488
Y  0.8324 -0.5498  0.0699
Z  0.1381  0.3278  0.9346

PART 88
OFFSET  11.6262 -4.4412 -6.7124
X  0.6238 -0.7627  0.1709
Y  0.7621  0.5450 -0.3495
Z  0.1734  0.3483  0.9212

PART 89
OFFSET  10.7150 -3.3272 -6.9621
X  0.9409 -0.3342 -0.0547
Y  0.2790  0.8565 -0.4343
Z  0.1920  0.3934  0.8991

PART 90
OFFSET  9.6482 -2.9509 -6.9068
X -0.9119 -0.3159  0.2618
Y -0.3767  0.8975 -0.2293
Z -0.1626 -0.3078 -0.9375

PART 91
OFFSET  5.1534 -5.4200 -7.9765
X -0.5884 -0.2917 -0.7541
Y -0.1663  0.9564 -0.2402
Z  0.7913 -0.0160 -0.6112

PART 92
OFFSET  4.7075 -5.8592 -6.9548
X -0.5884 -0.2917 -0.7541
Y -0.1663  0.9564 -0.2402
Z  0.7913 -0.0160 -0.6112

PART 93
OFFSET  5.1450 -7.1014 -6.6770
X -0.5884 -0.2917 -0.7541
Y -0.1663  0.9564 -0.2402
Z  0.7913 -0.0160 -0.6112

PART 94
OFFSET  0.0000 -0.0000 -0.0000
X  1.0000 -0.0000  0.0000
Y  0.0000  1.0000  0.0000
Z  0.0000 -0.0000  1.0000

PART 95
OFFSET  0.0000 -0.0000 -0.0000
X  0.9991 -0.0000  0.0416
Y -0.0010  0.9997  0.0247
Z -0.0416 -0.0247  0.9988

PART 96
OFFSET  1.3671 -0.1023  4.1950
X  0.9991 -0.0000  0.0416
Y -0.0010  0.9997  0.0247
Z -0.0416 -0.0247  0.9988


FRAME 823
PART 0
OFFSET  0.0000 -0.0000 -0.0000
X  1.0000 -0.0000  0.0000
Y  0.0000  1.0000  0.0000
Z  0.0000 -0.0000  1.0000

PART 1
OFFSET -7.6810 -0.0000 -1.3770
X  1.0000 -0.0000  0.0000
Y  0.0000  1.0000  0.0000
Z  0.0000 -0.0000  1.0000

PART 2
OFFSET -1.6489  5.2787 -5.1189
X  0.8723  0.0969 -0.4793
Y -0.1625 -0.8671 -0.4709
Z -0.4612  0.4887 -0.7406

PART 3
OFFSET  8.9006  6.4502 -10.9152
X  0.5390 -0.8037  0.2521
Y -0.7543 -0.3274  0.5691
Z -0.3749 -0.4969 -0.7827

PART 4
OFFSET  13.4852 -0.3856 -8.7713
X  0.5390 -0.8037  0.2521
Y  0.7926  0.5852  0.1711
Z -0.2850  0.1076  0.9525

PART 5
OFFSET  15.4319 -0.3689 -7.3403
X  0.5445 -0.8004  0.2508
Y  0.3767  0.5005  0.7795
Z -0.7494 -0.3299  0.5740

PART 6
OFFSET  14.7056 -1.1527 -9.8034
X  0.5445 -0.8004  0.2508
Y  0.3767  0.5005  0.7795
Z -0.7494 -0.3299  0.5740

PART 7
OFFSET  14.0500 -1.6300 -6.3332
X  0.5445 -0.8004  0.2508
Y  0.3767  0.5005  0.7795
Z -0.7494 -0.3299  0.5740

PART 8
OFFSET  13.3327 -2.3956 -7.6388
X  0.5445 -0.8004  0.2508
Y  0.3767  0.5005  0.7795
Z -0.7494 -0.3299  0.5740

PART 9
OFFSET  12.6605 -2.8238 -9.0739
X  0.5445 -0.8004  0.2508
Y  0.3767  0.5005  0.7795
Z -0.7494 -0.3299  0.5740

PART 10
OFFSET  15.1377 -2.8494 -7.9986
X  0.9330 -0.3463  0.0979
Y  0.3322  0.9334  0.1360
Z -0.1385 -0.0943  0.9859

PART 11
OFFSET  15.8211 -2.1432 -7.4185
X  0.9638 -0.0243  0.2656
Y  0.1305  0.9115 -0.3901
Z -0.2326  0.4107  0.8816

PART 12
OFFSET  17.9009 -2.0818 -6.8352
X  0.8727 -0.4777  0.1009
Y  0.4845  0.8729 -0.0580
Z -0.0604  0.0995  0.9932

PART 13
OFFSET  19.2741 -2.8940 -6.5577
X  0.9732 -0.0644  0.2209
Y  0.1278  0.9496 -0.2861
Z -0.1913  0.3067  0.9324

PART 14
OFFSET  20.3199 -2.9334 -6.2810
X  0.8676 -0.0488 -0.4948
Y -0.4549 -0.4799 -0.7502
Z -0.2009  0.8759 -0.4386

PART 15
OFFSET  15.5435 -4.1610 -7.8620
X  0.6470 -0.7575  0.0868
Y -0.2204 -0.0769  0.9724
Z -0.7299 -0.6483 -0.2168

PART 16
OFFSET  17.0765 -5.7780 -7.5163
X  0.3172 -0.1482  0.9367
Y -0.3725  0.8889  0.2667
Z -0.8722 -0.4335  0.2268

PART 17
OFFSET  17.5256 -5.9878 -6.1901
X  0.0049  0.4925  0.8703
Y -0.5330  0.7377 -0.4144
Z -0.8461 -0.4619  0.2662

PART 18
OFFSET  17.5299 -5.5512 -5.4185
X -0.0972  0.6311  0.7696
Y -0.4655  0.6546 -0.5956
Z -0.8797 -0.4161  0.2301

PART 19
OFFSET  17.4376 -4.9516 -4.6873
X  0.4938 -0.8335 -0.2480
Y -0.4000  0.0355 -0.9158
Z  0.7721  0.5514 -0.3158

PART 20
OFFSET  15.9888 -3.6037 -7.8878
X  0.7850 -0.6168  0.0574
Y -0.1720 -0.1281  0.9767
Z -0.5951 -0.7766 -0.2066

PART 21
OFFSET  17.9845 -5.2627 -7.7355
X  0.3206 -0.4845  0.8139
Y -0.3432  0.7415  0.5766
Z -0.8829 -0.4641  0.0714

PART 22
OFFSET  18.5303 -6.0876 -6.3498
X -0.1879  0.4960  0.8478
Y -0.4572  0.7198 -0.5224
Z -0.8693 -0.4858  0.0915

PART 23
