// Export filename: `C:\projects\cod\t5\xanim_export\t5_viewmodels\m60\m60_grip_fire.XANIM_EXPORT`
// Source filename: `D:\projects\devanim\t5\animation_assets\rigs\viewmodels\t5_weapon\ViewModel_M60_Rig.fbx`
// Export time: Mon Jul 12 20:36:24 2010

ANIMATION
VERSION 3

NUMPARTS 97
PART 0 "tag_ads"
PART 1 "tag_torso"
PART 2 "J_Shoulder_LE"
PART 3 "J_Elbow_LE"
PART 4 "J_WristTwist_LE"
PART 5 "J_Sleave_Reshape_Bottom_LE_1"
PART 6 "J_Sleave_Reshape_Bottom_LE_2"
PART 7 "J_Sleave_Reshape_Top_LE_1"
PART 8 "J_Sleave_Reshape_Top_LE_2"
PART 9 "J_Sleave_Reshape_Top_LE_3"
PART 10 "J_Wrist_LE"
PART 11 "J_Thumb_LE_0"
PART 12 "J_Thumb_LE_1"
PART 13 "J_Thumb_LE_2"
PART 14 "J_Thumb_LE_3"
PART 15 "J_PinkyPalm_LE"
PART 16 "J_Pinky_LE_0"
PART 17 "J_Pinky_LE_1"
PART 18 "J_Pinky_LE_2"
PART 19 "J_Pinky_LE_3"
PART 20 "J_RingPalm_LE"
PART 21 "J_Ring_LE_0"
PART 22 "J_Ring_LE_1"
PART 23 "J_Ring_LE_2"
PART 24 "J_Ring_LE_3"
PART 25 "J_Webbing_LE"
PART 26 "J_Index_LE_0"
PART 27 "J_Index_LE_1"
PART 28 "J_Index_LE_2"
PART 29 "J_Index_LE_3"
PART 30 "J_Mid_LE_0"
PART 31 "J_Mid_LE_1"
PART 32 "J_Mid_LE_2"
PART 33 "J_Mid_LE_3"
PART 34 "tag_knife_attach"
PART 35 "D_Sleave_Reshape_Bottom_LE_1"
PART 36 "D_Sleave_Reshape_Bottom_LE_2"
PART 37 "D_Sleave_Reshape_Top_LE_1"
PART 38 "D_Sleave_Reshape_Top_LE_2"
PART 39 "D_Sleave_Reshape_Top_LE_3"
PART 40 "tag_weapon"
PART 41 "J_Gun"
PART 42 "J_Bolt"
PART 43 "J_Handle"
PART 44 "J_Reload_Cover"
PART 45 "TAG_IRON_SIGHTS"
PART 46 "TAG_CLIP"
PART 47 "J_Bullets0"
PART 48 "J_Bullets1"
PART 49 "J_Bullets2"
PART 50 "J_Bullets3"
PART 51 "J_Bullets4"
PART 52 "J_Bullets5"
PART 53 "J_Bullets6"
PART 54 "J_Bullets7"
PART 55 "J_Bullets8"
PART 56 "J_Bullets9"
PART 57 "J_Bullets10"
PART 58 "J_Bullets11"
PART 59 "J_Pod_Left"
PART 60 "J_Pod_Right"
PART 61 "J_Shoulder_RI"
PART 62 "J_Elbow_RI"
PART 63 "J_WristTwist_RI"
PART 64 "J_Sleave_Reshape_Top_RI_3"
PART 65 "J_Sleave_Reshape_Top_RI_2"
PART 66 "J_Sleave_Reshape_Top_RI_1"
PART 67 "J_Wrist_RI"
PART 68 "J_Thumb_RI_0"
PART 69 "J_Thumb_RI_1"
PART 70 "J_Thumb_RI_2"
PART 71 "J_Thumb_RI_3"
PART 72 "J_PinkyPalm_RI"
PART 73 "J_Pinky_RI_0"
PART 74 "J_Pinky_RI_1"
PART 75 "J_Pinky_RI_2"
PART 76 "J_Pinky_RI_3"
PART 77 "J_RingPalm_RI"
PART 78 "J_Ring_RI_0"
PART 79 "J_Ring_RI_1"
PART 80 "J_Ring_RI_2"
PART 81 "J_Ring_RI_3"
PART 82 "J_Webbing_RI"
PART 83 "J_Index_RI_0"
PART 84 "J_Index_RI_1"
PART 85 "J_Index_RI_2"
PART 86 "J_Index_RI_3"
PART 87 "J_Mid_RI_0"
PART 88 "J_Mid_RI_1"
PART 89 "J_Mid_RI_2"
PART 90 "J_Mid_RI_3"
PART 91 "D_Sleave_Reshape_Top_RI_3"
PART 92 "D_Sleave_Reshape_Top_RI_2"
PART 93 "D_Sleave_Reshape_Top_RI_1"
PART 94 "tag_cambone"
PART 95 "tag_camera"
PART 96 "tag_gasmask"

FRAMERATE 30
NUMFRAMES 10

FRAME 1200
PART 0
OFFSET  0.0000 -0.0000 -0.0000
X  1.0000 -0.0000  0.0000
Y  0.0000  1.0000  0.0000
Z  0.0000 -0.0000  1.0000

PART 1
OFFSET -7.6810 -0.0000 -1.3770
X  1.0000  0.0000  0.0000
Y -0.0000  1.0000  0.0000
Z  0.0000 -0.0000  1.0000

PART 2
OFFSET -1.6489  5.2787 -5.1189
X  0.8326  0.1908 -0.5200
Y -0.0940 -0.8766 -0.4720
Z -0.5459  0.4419 -0.7119

PART 3
OFFSET  8.4200  7.5861 -11.4083
X  0.6822 -0.7110  0.1705
Y -0.6369 -0.4633  0.6161
Z -0.3591 -0.5289 -0.7690

PART 4
OFFSET  14.2220  1.5383 -9.9582
X  0.6822 -0.7110  0.1705
Y -0.3604 -0.1241  0.9245
Z -0.6362 -0.6921 -0.3409

PART 5
OFFSET  16.2620  1.8335 -8.6977
X  0.6869 -0.7069  0.1689
Y  0.3664  0.5376  0.7595
Z -0.6276 -0.4598  0.6282

PART 6
OFFSET  15.4510  1.0124 -11.1203
X  0.6869 -0.7069  0.1689
Y  0.3664  0.5376  0.7595
Z -0.6276 -0.4598  0.6282

PART 7
OFFSET  15.1985  0.3337 -7.6329
X  0.6869 -0.7069  0.1689
Y  0.3664  0.5376  0.7595
Z -0.6276 -0.4598  0.6282

PART 8
OFFSET  14.5002 -0.5028 -8.9048
X  0.6869 -0.7069  0.1689
Y  0.3664  0.5376  0.7595
Z -0.6276 -0.4598  0.6282

PART 9
OFFSET  13.7777 -0.9920 -10.2959
X  0.6869 -0.7069  0.1689
Y  0.3664  0.5376  0.7595
Z -0.6276 -0.4598  0.6282

PART 10
OFFSET  16.3133 -0.6415 -9.4356
X  0.6763 -0.6374  0.3692
Y -0.4713  0.0108  0.8819
Z -0.5662 -0.7704 -0.2931

PART 11
OFFSET  15.9303 -1.2342 -8.5388
X -0.0239 -0.8698  0.4929
Y -0.2788  0.4793  0.8322
Z -0.9601 -0.1175 -0.2539

PART 12
OFFSET  15.7974 -3.0698 -7.4062
X  0.5053 -0.8498 -0.1498
Y -0.3102 -0.3409  0.8874
Z -0.8053 -0.4020 -0.4359

PART 13
OFFSET  16.5415 -4.4664 -7.7498
X  0.3238 -0.1703 -0.9307
Y  0.1803 -0.9545  0.2374
Z -0.9288 -0.2447 -0.2784

PART 14
OFFSET  16.8523 -4.6780 -8.7649
X  0.8728 -0.1652 -0.4592
Y  0.4645  0.5699  0.6778
Z  0.1497 -0.8049  0.5742

PART 15
OFFSET  17.2758 -1.3482 -10.1267
X  0.7796 -0.6145 -0.1205
Y -0.6147 -0.7144 -0.3343
Z  0.1194  0.3347 -0.9347

PART 16
OFFSET  18.9347 -2.8653 -10.3023
X -0.3626 -0.9316  0.0270
Y -0.9304  0.3601 -0.0685
Z  0.0541 -0.0500 -0.9973

PART 17
OFFSET  18.4215 -4.1842 -10.2641
X -0.9948 -0.0888 -0.0506
Y -0.0830  0.9908 -0.1073
Z  0.0597 -0.1026 -0.9929

PART 18
OFFSET  17.5395 -4.2629 -10.3090
X -0.7790  0.6230 -0.0714
Y  0.6239  0.7814  0.0116
Z  0.0630 -0.0355 -0.9974

PART 19
OFFSET  16.7994 -3.6711 -10.3768
X  0.1950 -0.9619  0.1916
Y  0.9802  0.1845 -0.0713
Z  0.0333  0.2017  0.9789

PART 20
OFFSET  17.1904 -1.3736 -9.4185
X  0.7849 -0.6146  0.0787
Y -0.5587 -0.7569 -0.3390
Z  0.2679  0.2221 -0.9375

PART 21
OFFSET  19.2388 -2.9689 -9.2850
X -0.5386 -0.8399 -0.0663
Y -0.8396  0.5416 -0.0412
Z  0.0705  0.0335 -0.9970

PART 22
OFFSET  18.3218 -4.3989 -9.3979
X -0.9888  0.1355 -0.0617
Y  0.1350  0.9908  0.0133
Z  0.0630  0.0048 -0.9980

PART 23
OFFSET  16.9513 -4.2111 -9.4834
X -0.1377  0.9905 -0.0044
Y  0.9881  0.1376  0.0690
Z  0.0690  0.0052 -0.9976

PART 24
OFFSET  16.8020 -3.1369 -9.4882
X -0.4482 -0.8899 -0.0849
Y  0.8845 -0.4553  0.1019
Z -0.1293 -0.0295  0.9912

PART 25
OFFSET  17.3464 -3.0024 -7.0543
X  0.5700 -0.8161  0.0953
Y  0.7194  0.5518  0.4220
Z -0.3969 -0.1720  0.9016

PART 26
OFFSET  18.8035 -2.8309 -7.2230
X -0.3411 -0.9188 -0.1989
Y -0.9387  0.3442  0.0199
Z  0.0501  0.1935 -0.9798

PART 27
OFFSET  18.2030 -4.4485 -7.5731
X -0.9269  0.3662 -0.0820
Y  0.3442  0.9167  0.2028
Z  0.1495  0.1597 -0.9758

PART 28
OFFSET  17.0671 -4.0130 -7.6136
X -0.1282  0.9688  0.2122
Y  0.9905  0.1145  0.0756
Z  0.0489  0.2198 -0.9743

PART 29
OFFSET  16.9223 -2.9187 -7.3739
X -0.8387 -0.3569 -0.4113
Y  0.4108 -0.9105 -0.0476
Z -0.3575 -0.2088  0.9102

PART 30
OFFSET  19.1411 -2.9128 -8.2717
X -0.6129 -0.7845 -0.0948
Y -0.7805  0.6197 -0.0820
Z  0.1231  0.0238 -0.9921

PART 31
OFFSET  17.9438 -4.4453 -8.4569
X -0.9238  0.3697 -0.0996
Y  0.3580  0.9263  0.1177
Z  0.1358  0.0731 -0.9880

PART 32
OFFSET  16.5945 -3.9052 -8.6024
X  0.0542  0.9919  0.1152
Y  0.9829 -0.0734  0.1689
Z  0.1759  0.1041 -0.9789

PART 33
OFFSET  16.6565 -2.7811 -8.4789
X -0.6806 -0.7203 -0.1337
Y  0.7284 -0.6849 -0.0181
Z -0.0785 -0.1097  0.9909

PART 34
OFFSET  17.5381 -3.5496 -9.3566
X  0.2004  0.2163 -0.9555
Y  0.5662  0.7704  0.2931
Z  0.7996 -0.5997  0.0319

PART 35
OFFSET  16.1696  1.5087 -9.6812
X  0.6869 -0.7068  0.1689
Y  0.3663  0.5375  0.7595
Z -0.6276 -0.4599  0.6281

PART 36
OFFSET  15.4513  1.0127 -11.1205
X  0.6869 -0.7068  0.1689
Y  0.3663  0.5375  0.7595
Z -0.6276 -0.4599  0.6281

PART 37
OFFSET  14.8706 -0.0995 -8.1120
X  0.6869 -0.7068  0.1689
Y  0.3663  0.5375  0.7595
Z -0.6276 -0.4599  0.6281

PART 38
OFFSET  14.1895 -0.8294 -9.0147
X  0.6869 -0.7068  0.1689
Y  0.3663  0.5375  0.7595
Z -0.6276 -0.4599  0.6281

PART 39
OFFSET  14.3209 -0.4324 -10.1376
X  0.6869 -0.7068  0.1689
Y  0.3663  0.5375  0.7595
Z -0.6276 -0.4599  0.6281

PART 40
OFFSET  9.9030 -3.4097 -6.3868
X  1.0000  0.0000  0.0000
Y -0.0000  1.0000  0.0000
Z  0.0000 -0.0000  1.0000

PART 41
OFFSET  9.9030 -3.4097 -6.3868
X  1.0000  0.0000  0.0000
Y -0.0000  1.0000  0.0000
Z  0.0000 -0.0000  1.0000

PART 42
OFFSET  12.4064 -4.1473 -4.7608
X  1.0000  0.0000  0.0000
Y -0.0000  1.0000  0.0000
Z  0.0000 -0.0000  1.0000

PART 43
OFFSET  16.9980 -3.3908 -3.2283
X  1.0000 -0.0000 -0.0000
Y  0.0000  0.9053 -0.4247
Z  0.0000  0.4247  0.9053

PART 44
OFFSET  12.0465 -3.4097 -2.5324
X  1.0000 -0.0000  0.0000
Y -0.0000  1.0000  0.0000
Z -0.0000 -0.0000  1.0000

PART 45
OFFSET  7.7652 -3.4097 -1.5652
X  1.0000 -0.0000  0.0000
Y -0.0000  1.0000  0.0000
Z -0.0000 -0.0000  1.0000

PART 46
OFFSET  10.2681  1.2515 -5.8968
X  1.0000  0.0000  0.0000
Y -0.0000  1.0000  0.0000
Z -0.0000 -0.0000  1.0000

PART 47
OFFSET  9.9030 -3.4500 -3.4118
X  0.0000  0.9879  0.1554
Y -1.0000  0.0000  0.0000
Z  0.0000 -0.1554  0.9879

PART 48
OFFSET  9.9030 -2.9895 -3.3393
X -0.0001  0.9875  0.1574
Y -1.0000 -0.0001  0.0000
Z  0.0000 -0.1574  0.9875

PART 49
OFFSET  9.9029 -2.5291 -3.2659
X -0.0001  0.9897  0.1429
Y -1.0000 -0.0001 -0.0000
Z -0.0000 -0.1429  0.9897

PART 50
OFFSET  9.9029 -2.0677 -3.1993
X -0.0000  0.9960  0.0898
Y -1.0000 -0.0000  0.0000
Z  0.0000 -0.0898  0.9960

PART 51
OFFSET  9.9029 -1.6034 -3.1574
X -0.0001  0.9990 -0.0439
Y -1.0000 -0.0001 -0.0003
Z -0.0003  0.0439  0.9990

PART 52
OFFSET  9.9028 -1.1377 -3.1778
X -0.0002  0.9033 -0.4290
Y -1.0000 -0.0003 -0.0003
Z -0.0004  0.4290  0.9033

PART 53
OFFSET  9.9027 -0.7568 -3.3587
X  0.0002  0.4541 -0.8909
Y -1.0000 -0.0004 -0.0004
Z -0.0005  0.8909  0.4541

PART 54
OFFSET  9.9028 -0.5441 -3.7762
X  0.0003  0.0982 -0.9952
Y -1.0000 -0.0004 -0.0004
Z -0.0004  0.9952  0.0982

PART 55
OFFSET  9.9030 -0.4982 -4.2401
X  0.0005 -0.0088 -1.0000
Y -1.0000 -0.0004 -0.0005
Z -0.0003  1.0000 -0.0088

PART 56
OFFSET  9.9031 -0.5023 -4.7063
X  0.0003 -0.0091 -1.0000
Y -1.0000 -0.0004 -0.0003
Z -0.0003  1.0000 -0.0091

PART 57
OFFSET  9.9032 -0.5067 -5.1724
X  0.0003 -0.0091 -1.0000
Y -1.0000 -0.0002 -0.0003
Z -0.0002  1.0000 -0.0091

PART 58
OFFSET  9.9034 -0.5109 -5.6386
X  0.0003 -0.0091 -1.0000
Y -1.0000 -0.0003 -0.0003
Z -0.0003  1.0000 -0.0091

PART 59
OFFSET  25.9325 -2.0945 -4.8678
X -0.0000  0.4115 -0.9114
Y  0.0698  0.9092  0.4105
Z  0.9976 -0.0636 -0.0287

PART 60
OFFSET  25.9325 -4.7244 -4.8678
X  0.0000  0.4115  0.9114
Y -0.0698  0.9092 -0.4105
Z -0.9976 -0.0636  0.0287

PART 61
OFFSET -6.5551 -7.9373 -5.6959
X -0.4471  0.1582  0.8804
Y -0.1653 -0.9819  0.0925
Z  0.8791 -0.1041  0.4651

PART 62
OFFSET -1.1481 -9.8501 -16.3434
X -0.5546 -0.4384 -0.7072
Y  0.7738  0.0407 -0.6321
Z  0.3059 -0.8979  0.3167

PART 63
OFFSET  3.5692 -6.1212 -10.3280
X -0.5546 -0.4384 -0.7072
Y  0.8156 -0.1180 -0.5664
Z  0.1649 -0.8910  0.4230

PART 64
OFFSET  3.4494 -4.5044 -9.2025
X -0.5602 -0.4360 -0.7044
Y -0.3168  0.8984 -0.3041
Z  0.7654  0.0528 -0.6414

PART 65
OFFSET  3.1091 -4.9295 -8.1291
X -0.5602 -0.4360 -0.7044
Y -0.3168  0.8984 -0.3041
Z  0.7654  0.0528 -0.6414

PART 66
OFFSET  3.7068 -6.0467 -7.7650
X -0.5602 -0.4360 -0.7044
Y -0.3168  0.8984 -0.3041
Z  0.7654  0.0528 -0.6414

PART 67
OFFSET  5.2695 -4.7772 -8.1598
X -0.9700 -0.0169 -0.2425
Y  0.2429 -0.1079 -0.9640
Z -0.0099 -0.9940  0.1088

PART 68
OFFSET  5.4755 -4.2573 -7.1651
X -0.6095 -0.6748 -0.4161
Y  0.5217  0.0537 -0.8514
Z  0.5969 -0.7360  0.3193

PART 69
OFFSET  6.7055 -2.7655 -6.2001
X -0.9251 -0.3185  0.2066
Y -0.0168 -0.5093 -0.8604
Z  0.3793 -0.7995  0.4658

PART 70
OFFSET  8.1555 -2.1921 -6.6372
X -0.5186  0.0862  0.8507
Y -0.6980 -0.6172 -0.3630
Z  0.4938 -0.7820  0.3802

PART 71
OFFSET  8.7055 -2.2390 -7.5683
X -0.8438  0.4388  0.3089
Y  0.1333  0.7290 -0.6714
Z -0.5198 -0.5254 -0.6736

PART 72
OFFSET  6.3524 -4.6776 -9.0089
X -0.9569 -0.0129  0.2901
Y  0.0578 -0.9875  0.1467
Z  0.2845  0.1572  0.9457

PART 73
OFFSET  8.5368 -4.5046 -9.5409
X -0.7480 -0.6529 -0.1195
Y  0.6459 -0.6745 -0.3576
Z  0.1528 -0.3446  0.9262

PART 74
OFFSET  9.5958 -3.5802 -9.3716
X  0.3085 -0.8750 -0.3731
Y  0.9460  0.3231  0.0245
Z  0.0991 -0.3605  0.9275

PART 75
OFFSET  9.3222 -2.8044 -9.0408
X  0.8410 -0.4483 -0.3030
Y  0.5172  0.8306  0.2064
Z  0.1591 -0.3302  0.9304

PART 76
OFFSET  8.5233 -2.3785 -8.7530
X -0.9909 -0.1308 -0.0324
Y -0.1306  0.8739  0.4683
Z -0.0330  0.4683 -0.8830

PART 77
OFFSET  6.4029 -4.7410 -8.2996
X -0.9989  0.0088  0.0456
Y -0.0014 -0.9873  0.1591
Z  0.0464  0.1589  0.9862

PART 78
OFFSET  8.9886 -4.8091 -8.5610
X -0.6567 -0.7450  0.1172
Y  0.6585 -0.6422 -0.3924
Z  0.3676 -0.1805  0.9123

PART 79
OFFSET  10.1067 -3.5408 -8.7606
X  0.4735 -0.8086 -0.3492
Y  0.8106  0.5552 -0.1863
Z  0.3445 -0.1948  0.9183

PART 80
OFFSET  9.4504 -2.4202 -8.2766
X  0.8643 -0.3262 -0.3828
Y  0.3752  0.9251  0.0589
Z  0.3349 -0.1946  0.9219

PART 81
OFFSET  8.5130 -2.0664 -7.8614
X -0.9060 -0.2708  0.3253
Y -0.2027  0.9523  0.2280
Z -0.3716  0.1406 -0.9177

PART 82
OFFSET  1.0217 -5.2891 -8.2956
X -0.9624 -0.2714 -0.0115
Y -0.2629  0.9412 -0.2122
Z  0.0684 -0.2012 -0.9772

PART 83
OFFSET  8.8623 -4.9994 -6.4474
X -0.9855 -0.1680  0.0218
Y  0.1692 -0.9707  0.1707
Z -0.0075  0.1720  0.9851

PART 84
OFFSET  10.5975 -4.7036 -6.4857
X -0.3393 -0.9197  0.1975
Y  0.9406 -0.3294  0.0818
Z -0.0102  0.2135  0.9769

PART 85
OFFSET  11.0093 -3.5725 -6.6665
X -0.1489 -0.9791  0.1384
Y  0.9887 -0.1453  0.0356
Z -0.0148  0.1421  0.9897

PART 86
OFFSET  11.1775 -2.4666 -6.8227
X -0.8483  0.4899  0.2012
Y  0.4383  0.8626 -0.2525
Z -0.2972 -0.1260 -0.9465

PART 87
OFFSET  9.0241 -4.9400 -7.5386
X -0.5452 -0.8260  0.1432
Y  0.8134 -0.5625 -0.1481
Z  0.2029  0.0357  0.9785

PART 88
OFFSET  10.0892 -3.3263 -7.8183
X  0.6029 -0.7915 -0.1004
Y  0.7615  0.6084 -0.2237
Z  0.2381  0.0584  0.9695

PART 89
OFFSET  9.2086 -2.1702 -7.6718
X  0.9238 -0.3219 -0.2074
Y  0.2882  0.9411 -0.1769
Z  0.2521  0.1036  0.9621

PART 90
OFFSET  8.1608 -1.8058 -7.4438
X -0.9085 -0.3609  0.2105
Y -0.3542  0.9325  0.0699
Z -0.2215 -0.0111 -0.9751

PART 91
OFFSET  3.4443 -4.4931 -9.2059
X -0.5601 -0.4362 -0.7043
Y -0.3154  0.8984 -0.3055
Z  0.7660  0.0511 -0.6408

PART 92
OFFSET  3.1003 -4.9082 -8.1358
X -0.5601 -0.4362 -0.7043
Y -0.3154  0.8984 -0.3055
Z  0.7660  0.0511 -0.6408

PART 93
OFFSET  3.7279 -6.0452 -7.7823
X -0.5601 -0.4362 -0.7043
Y -0.3154  0.8984 -0.3055
Z  0.7660  0.0511 -0.6408

PART 94
OFFSET  0.0000 -0.0000 -0.0000
X  1.0000 -0.0000  0.0000
Y  0.0000  1.0000  0.0000
Z  0.0000 -0.0000  1.0000

PART 95
OFFSET  0.0000 -0.0000 -0.0000
X  1.0000 -0.0000  0.0000
Y  0.0000  1.0000  0.0000
Z  0.0000 -0.0000  1.0000

PART 96
OFFSET  1.5404 -0.0000  4.1357
X  1.0000 -0.0000  0.0000
Y  0.0000  1.0000  0.0000
Z  0.0000 -0.0000  1.0000


FRAME 1201
PART 0
OFFSET  0.0000 -0.0000 -0.0000
X  1.0000 -0.0000  0.0000
Y  0.0000  1.0000  0.0000
Z  0.0000 -0.0000  1.0000

PART 1
OFFSET -7.6810 -0.0000 -1.3770
X  1.0000  0.0000  0.0000
Y -0.0000  1.0000  0.0000
Z  0.0000 -0.0000  1.0000

PART 2
OFFSET -1.6489  5.2787 -5.1189
X  0.8288  0.1977 -0.5234
Y -0.0787 -0.8850 -0.4589
Z -0.5540  0.4215 -0.7180

PART 3
OFFSET  8.3748  7.6699 -11.4490
X  0.6539 -0.7241  0.2193
Y -0.6707 -0.4207  0.6109
Z -0.3500 -0.5466 -0.7608

PART 4
OFFSET  13.9368  1.5114 -9.5836
X  0.6539 -0.7241  0.2193
Y -0.4131 -0.0988  0.9053
Z -0.6338 -0.6826 -0.3637

PART 5
OFFSET  15.9427  1.7931 -8.2666
X  0.6588 -0.7201  0.2178
Y  0.3579  0.5546  0.7512
Z -0.6617 -0.4170  0.6231

PART 6
OFFSET  15.1861  0.9059 -10.6835
X  0.6588 -0.7201  0.2178
Y  0.3579  0.5546  0.7512
Z -0.6617 -0.4170  0.6231

PART 7
OFFSET  14.7992  0.3666 -7.1841
X  0.6588 -0.7201  0.2178
Y  0.3579  0.5546  0.7512
Z -0.6617 -0.4170  0.6231

PART 8
OFFSET  14.1172 -0.4960 -8.4474
X  0.6588 -0.7201  0.2178
Y  0.3579  0.5546  0.7512
Z -0.6617 -0.4170  0.6231

PART 9
OFFSET  13.4256 -1.0155 -9.8432
X  0.6588 -0.7201  0.2178
Y  0.3579  0.5546  0.7512
Z -0.6617 -0.4170  0.6231

PART 10
OFFSET  15.9415 -0.7084 -8.9113
X  0.6547 -0.6474  0.3901
Y -0.4983  0.0183  0.8668
Z -0.5683 -0.7619 -0.3106

PART 11
OFFSET  15.5218 -1.2948 -8.0269
X -0.0524 -0.8691  0.4919
Y -0.2973  0.4838  0.8231
Z -0.9533 -0.1031 -0.2837

PART 12
OFFSET  15.3259 -3.1276 -6.8990
X  0.4969 -0.8574 -0.1340
Y -0.3428 -0.3358  0.8773
Z -0.7972 -0.3900 -0.4608

PART 13
OFFSET  16.0592 -4.5354 -7.2193
X  0.3501 -0.1756 -0.9201
Y  0.1584 -0.9570  0.2429
Z -0.9232 -0.2308 -0.3072

PART 14
OFFSET  16.3982 -4.7522 -8.2242
X  0.8841 -0.1786 -0.4318
Y  0.4517  0.5631  0.6920
Z  0.1196 -0.8068  0.5785

PART 15
OFFSET  16.9143 -1.4298 -9.5721
X  0.7736 -0.6263 -0.0961
Y -0.6147 -0.7052 -0.3533
Z  0.1535  0.3324 -0.9306

PART 16
OFFSET  18.5548 -2.9719 -9.6958
X -0.3772 -0.9260  0.0157
Y -0.9223  0.3741 -0.0975
Z  0.0845 -0.0513 -0.9951

PART 17
OFFSET  18.0207 -4.2829 -9.6736
X -0.9939 -0.0738 -0.0817
Y -0.0646  0.9918 -0.1099
Z  0.0891 -0.1039 -0.9906

PART 18
OFFSET  17.1394 -4.3483 -9.7460
X -0.7669  0.6346 -0.0957
Y  0.6350  0.7719  0.0310
Z  0.0936 -0.0370 -0.9949

PART 19
OFFSET  16.4109 -3.7454 -9.8369
X  0.1744 -0.9646  0.1976
Y  0.9847  0.1697 -0.0407
Z  0.0057  0.2017  0.9794

PART 20
OFFSET  16.8065 -1.4536 -8.8669
X  0.7727 -0.6263  0.1032
Y -0.5592 -0.7486 -0.3563
Z  0.3004  0.2176 -0.9287

PART 21
OFFSET  18.8253 -3.0796 -8.6695
X -0.5489 -0.8317 -0.0831
Y -0.8296  0.5542 -0.0673
Z  0.1021  0.0320 -0.9943

PART 22
OFFSET  17.8908 -4.4956 -8.8110
X -0.9843  0.1504 -0.0925
Y  0.1494  0.9886  0.0175
Z  0.0941  0.0034 -0.9956

PART 23
OFFSET  16.5266 -4.2871 -8.9392
X -0.1225  0.9924 -0.0087
Y  0.9874  0.1227  0.0998
Z  0.1001  0.0037 -0.9950

PART 24
OFFSET  16.3938 -3.2108 -8.9486
X -0.4588 -0.8830 -0.0989
Y  0.8739 -0.4685  0.1294
Z -0.1606 -0.0270  0.9866

PART 25
OFFSET  16.8640 -3.0835 -6.4989
X  0.5544 -0.8245  0.1130
Y  0.7141  0.5410  0.4442
Z -0.4274 -0.1656  0.8888

PART 26
OFFSET  18.3281 -2.9341 -6.6221
X -0.3486 -0.9136 -0.2094
Y -0.9336  0.3583 -0.0094
Z  0.0836  0.1922 -0.9778

PART 27
OFFSET  17.7144 -4.5426 -6.9908
X -0.9183  0.3801 -0.1109
Y  0.3516  0.9115  0.2135
Z  0.1822  0.1570 -0.9706

PART 28
OFFSET  16.5870 -4.0900 -7.0666
X -0.1201  0.9707  0.2081
Y  0.9893  0.0996  0.1064
Z  0.0826  0.2186 -0.9723

PART 29
OFFSET  16.4514 -2.9935 -6.8316
X -0.8308 -0.3444 -0.4373
Y  0.3983 -0.9166 -0.0347
Z -0.3889 -0.2030  0.8986

PART 30
OFFSET  18.6969 -3.0216 -7.6597
X -0.6214 -0.7752 -0.1139
Y -0.7681  0.6314 -0.1063
Z  0.1543  0.0214 -0.9878

PART 31
OFFSET  17.4830 -4.5359 -7.8822
X -0.9145  0.3836 -0.1284
Y  0.3682  0.9208  0.1288
Z  0.1676  0.0706 -0.9833

PART 32
OFFSET  16.1472 -3.9756 -8.0698
X  0.0656  0.9910  0.1169
Y  0.9759 -0.0881  0.1995
Z  0.2080  0.1010 -0.9729

PART 33
OFFSET  16.2223 -2.8524 -7.9444
X -0.6869 -0.7100 -0.1548
Y  0.7182 -0.6958  0.0047
Z -0.1110 -0.1080  0.9879

PART 34
OFFSET  17.1191 -3.6346 -8.7941
X  0.2333  0.2128 -0.9488
Y  0.5683  0.7619  0.3106
Z  0.7890 -0.6117  0.0569

PART 35
OFFSET  15.8724  1.4344 -9.2402
X  0.6589 -0.7200  0.2178
Y  0.3578  0.5546  0.7513
Z -0.6617 -0.4171  0.6230

PART 36
OFFSET  15.1864  0.9061 -10.6838
X  0.6589 -0.7200  0.2178
Y  0.3578  0.5546  0.7513
Z -0.6617 -0.4171  0.6230

PART 37
OFFSET  14.4739 -0.0744 -7.6579
X  0.6589 -0.7200  0.2178
Y  0.3578  0.5546  0.7513
Z -0.6617 -0.4171  0.6230

PART 38
OFFSET  13.8003 -0.8171 -8.5557
X  0.6589 -0.7200  0.2178
Y  0.3578  0.5546  0.7513
Z -0.6617 -0.4171  0.6230

PART 39
OFFSET  13.9804 -0.4668 -9.6873
X  0.6589 -0.7200  0.2178
Y  0.3578  0.5546  0.7513
Z -0.6617 -0.4171  0.6230

PART 40
OFFSET  9.3981 -3.3780 -6.0640
X  0.9994 -0.0151  0.0312
Y  0.0151  0.9999  0.0000
Z -0.0312  0.0005  0.9995

PART 41
OFFSET  9.3981 -3.3780 -6.0640
X  0.9994 -0.0151  0.0312
Y  0.0151  0.9999  0.0000
Z -0.0312  0.0005  0.9995

PART 42
OFFSET  11.8381 -4.1526 -4.3607
X  0.9994 -0.0151  0.0312
Y  0.0151  0.9999  0.0000
Z -0.0312  0.0005  0.9995

PART 43
OFFSET  16.3906 -3.4648 -2.6857
X  0.9994 -0.0151  0.0312
Y  0.0212  0.9782 -0.2066
Z -0.0274  0.2072  0.9779

PART 44
OFFSET  11.4201 -3.4085 -2.1446
X  0.9994 -0.0151  0.0312
Y  0.0151  0.9999  0.0000
Z -0.0312  0.0005  0.9995

PART 45
OFFSET  7.1112 -3.3434 -1.3114
X  0.9994 -0.0151  0.0312
Y  0.0151  0.9999  0.0000
Z -0.0312  0.0005  0.9995

PART 46
OFFSET  9.8179  1.2773 -5.5629
X  0.9998 -0.0139  0.0122
Y  0.0127  0.9958  0.0903
Z -0.0134 -0.0902  0.9958

PART 47
OFFSET  9.3049 -3.4170 -3.5189
X  0.0089  0.8736  0.4866
Y -0.9993  0.0259 -0.0283
Z -0.0373 -0.4860  0.8732

PART 48
OFFSET  9.3090 -3.0098 -3.2921
X  0.0091  0.9039  0.4277
Y -0.9993  0.0240 -0.0294
Z -0.0368 -0.4271  0.9034

PART 49
OFFSET  9.3133 -2.5884 -3.0927
X  0.0098  0.9420  0.3354
Y -0.9993  0.0213 -0.0306
Z -0.0359 -0.3349  0.9416

PART 50
OFFSET  9.3178 -2.1492 -2.9364
X  0.0114  0.9813  0.1922
Y -0.9993  0.0178 -0.0315
Z -0.0343 -0.1917  0.9809

PART 51
OFFSET  9.3232 -1.6917 -2.8468
X  0.0149  0.9998  0.0122
Y -0.9994  0.0153 -0.0318
Z -0.0319 -0.0117  0.9994

PART 52
OFFSET  9.3302 -1.2256 -2.8411
X  0.0234  0.9586 -0.2837
Y -0.9994  0.0150 -0.0317
Z -0.0261  0.2843  0.9584

PART 53
OFFSET  9.3400 -0.8215 -2.9606
X  0.0341  0.5915 -0.8056
Y -0.9994  0.0146 -0.0316
Z -0.0069  0.8062  0.5916

PART 54
OFFSET  9.3560 -0.5444 -3.3381
X  0.0333  0.1624 -0.9862
Y -0.9994  0.0148 -0.0314
Z  0.0095  0.9866  0.1628

PART 55
OFFSET  9.3716 -0.4686 -3.7978
X  0.0313 -0.0013 -0.9995
Y -0.9994  0.0160 -0.0313
Z  0.0161  0.9999 -0.0008

PART 56
OFFSET  9.3861 -0.4692 -4.2638
X  0.0311 -0.0100 -0.9995
Y -0.9994  0.0162 -0.0313
Z  0.0165  0.9998 -0.0095

PART 57
OFFSET  9.4006 -0.4739 -4.7298
X  0.0311 -0.0101 -0.9995
Y -0.9994  0.0162 -0.0313
Z  0.0165  0.9998 -0.0096

PART 58
OFFSET  9.4152 -0.4786 -5.1957
X  0.0311 -0.0101 -0.9995
Y -0.9994  0.0162 -0.0313
Z  0.0165  0.9998 -0.0096

PART 59
OFFSET  25.3905 -2.3043 -4.0456
X  0.0346  0.4110 -0.9110
Y  0.0706  0.9082  0.4125
Z  0.9969 -0.0786  0.0024

PART 60
OFFSET  25.3507 -4.9339 -4.0456
X -0.0222  0.4119  0.9110
Y -0.0432  0.9099 -0.4125
Z -0.9988 -0.0485 -0.0024

PART 61
OFFSET -6.5551 -7.9373 -5.6959
X -0.4410  0.1613  0.8829
Y -0.1515 -0.9830  0.1039
Z  0.8846 -0.0879  0.4579

PART 62
OFFSET -1.2220 -9.8877 -16.3737
X -0.5206 -0.4504 -0.7253
Y  0.7913  0.0645 -0.6080
Z  0.3206 -0.8905  0.3228

PART 63
OFFSET  3.2060 -6.0570 -10.2044
X -0.5206 -0.4504 -0.7253
Y  0.8420 -0.1303 -0.5235
Z  0.1412 -0.8833  0.4471

PART 64
OFFSET  3.0078 -4.4488 -9.0776
X -0.5263 -0.4481 -0.7226
Y -0.3319  0.8907 -0.3106
Z  0.7829  0.0763 -0.6175

PART 65
OFFSET  2.6467 -4.8875 -8.0165
X -0.5263 -0.4481 -0.7226
Y -0.3319  0.8907 -0.3106
Z  0.7829  0.0763 -0.6175

PART 66
OFFSET  3.2634 -5.9896 -7.6381
X -0.5263 -0.4481 -0.7226
Y -0.3319  0.8907 -0.3106
Z  0.7829  0.0763 -0.6175

PART 67
OFFSET  4.8020 -4.6762 -7.9807
X -0.9621 -0.0024 -0.2726
Y  0.2712 -0.1120 -0.9560
Z -0.0283 -0.9937  0.1084

PART 68
OFFSET  4.9847 -4.1590 -6.9801
X -0.6064 -0.6657 -0.4349
Y  0.5488  0.0454 -0.8347
Z  0.5755 -0.7448  0.3378

PART 69
OFFSET  6.2064 -2.6855 -5.9771
X -0.9358 -0.3044  0.1777
Y  0.0023 -0.5094 -0.8605
Z  0.3525 -0.8049  0.4774

PART 70
OFFSET  7.6778 -2.1343 -6.3688
X -0.5435  0.0944  0.8341
Y -0.6956 -0.6068 -0.3846
Z  0.4698 -0.7892  0.3955

PART 71
OFFSET  8.2559 -2.1900 -7.2823
X -0.8463  0.4516  0.2824
Y  0.1652  0.7266 -0.6669
Z -0.5064 -0.5178 -0.6895

PART 72
OFFSET  5.9123 -4.5934 -8.7956
X -0.9656  0.0017  0.2601
Y  0.0383 -0.9882  0.1485
Z  0.2572  0.1533  0.9541

PART 73
OFFSET  8.1146 -4.4536 -9.2592
X -0.7537 -0.6416 -0.1428
Y  0.6465 -0.6844 -0.3372
Z  0.1186 -0.3465  0.9305

PART 74
OFFSET  9.1816 -3.5453 -9.0570
X  0.3067 -0.8797 -0.3633
Y  0.9496  0.3088  0.0540
Z  0.0646 -0.3615  0.9301

PART 75
OFFSET  8.9096 -2.7653 -8.7349
X  0.8431 -0.4611 -0.2766
Y  0.5230  0.8228  0.2224
Z  0.1250 -0.3321  0.9349

PART 76
OFFSET  8.1086 -2.3272 -8.4721
X -0.9913 -0.1158 -0.0633
Y -0.1319  0.8760  0.4640
Z  0.0017  0.4683 -0.8836

PART 77
OFFSET  5.9397 -4.6572 -8.0851
X -0.9996  0.0239  0.0144
Y -0.0213 -0.9870  0.1590
Z  0.0180  0.1586  0.9872

PART 78
OFFSET  8.5309 -4.7645 -8.2657
X -0.6712 -0.7349  0.0967
Y  0.6606 -0.6523 -0.3717
Z  0.3362 -0.1856  0.9233

PART 79
OFFSET  9.6737 -3.5133 -8.4302
X  0.4719 -0.8158 -0.3343
Y  0.8243  0.5428 -0.1609
Z  0.3127 -0.1996  0.9286

PART 80
OFFSET  9.0197 -2.3827 -7.9670
X  0.8708 -0.3394 -0.3557
Y  0.3871  0.9193  0.0706
Z  0.3031 -0.1991  0.9319

PART 81
OFFSET  8.0752 -2.0146 -7.5812
X -0.9197 -0.2569  0.2970
Y -0.1953  0.9554  0.2215
Z -0.3406  0.1457 -0.9288

PART 82
OFFSET  0.5533 -5.1239 -8.2489
X -0.9656 -0.2569 -0.0415
Y -0.2419  0.9450 -0.2203
Z  0.0958 -0.2026 -0.9746

PART 83
OFFSET  8.3359 -4.9518 -6.1570
X -0.9882 -0.1531 -0.0090
Y  0.1491 -0.9730  0.1759
Z -0.0357  0.1725  0.9844

PART 84
OFFSET  10.0757 -4.6823 -6.1412
X -0.3591 -0.9144  0.1868
Y  0.9325 -0.3436  0.1111
Z -0.0374  0.2141  0.9761

PART 85
OFFSET  10.5100 -3.5576 -6.3090
X -0.1679 -0.9767  0.1337
Y  0.9848 -0.1602  0.0664
Z -0.0435  0.1428  0.9888

PART 86
OFFSET  10.6997 -2.4544 -6.4600
X -0.8466  0.5027  0.1746
Y  0.4590  0.8558 -0.2387
Z -0.2694 -0.1219 -0.9553

PART 87
OFFSET  8.5326 -4.8954 -7.2427
X -0.5618 -0.8176  0.1261
Y  0.8090 -0.5749 -0.1227
Z  0.1728  0.0331  0.9844

PART 88
OFFSET  9.6301 -3.2982 -7.4890
X  0.5937 -0.8006 -0.0815
Y  0.7772  0.5967 -0.1998
Z  0.2086  0.0553  0.9764

PART 89
OFFSET  8.7630 -2.1288 -7.3700
X  0.9248 -0.3359 -0.1785
Y  0.3078  0.9365 -0.1678
Z  0.2235  0.1003  0.9695

PART 90
OFFSET  7.7142 -1.7484 -7.1748
X -0.9200 -0.3470  0.1821
Y -0.3421  0.9378  0.0588
Z -0.1911 -0.0082 -0.9815

PART 91
OFFSET  3.0024 -4.4376 -9.0811
X -0.5262 -0.4483 -0.7226
Y -0.3305  0.8908 -0.3120
Z  0.7835  0.0747 -0.6169

PART 92
OFFSET  2.6376 -4.8664 -8.0234
X -0.5262 -0.4483 -0.7226
Y -0.3305  0.8908 -0.3120
Z  0.7835  0.0747 -0.6169

PART 93
OFFSET  3.2850 -5.9874 -7.6548
X -0.5262 -0.4483 -0.7226
Y -0.3305  0.8908 -0.3120
Z  0.7835  0.0747 -0.6169

PART 94
OFFSET  0.0000 -0.0000 -0.0000
X  1.0000 -0.0000  0.0000
Y  0.0000  1.0000  0.0000
Z  0.0000 -0.0000  1.0000

PART 95
OFFSET  0.0000 -0.0000 -0.0000
X  1.0000 -0.0000  0.0000
Y  0.0000  1.0000  0.0000
Z  0.0000 -0.0000  1.0000

PART 96
OFFSET  1.5404 -0.0000  4.1357
X  1.0000 -0.0000  0.0000
Y  0.0000  1.0000  0.0000
Z  0.0000 -0.0000  1.0000


FRAME 1202
PART 0
OFFSET  0.0000 -0.0000 -0.0000
X  1.0000 -0.0000  0.0000
Y  0.0000  1.0000  0.0000
Z  0.0000 -0.0000  1.0000

PART 1
OFFSET -7.6810 -0.0000 -1.3770
X  1.0000  0.0000  0.0000
Y -0.0000  1.0000  0.0000
Z  0.0000 -0.0000  1.0000

PART 2
OFFSET -1.6489  5.2787 -5.1189
X  0.8315  0.1927 -0.5210
Y -0.0792 -0.8873 -0.4544
Z -0.5499  0.4191 -0.7225

PART 3
OFFSET  8.4072  7.6087 -11.4203
X  0.6548 -0.7223  0.2225
Y -0.6707 -0.4196  0.6116
Z -0.3484 -0.5497 -0.7592

PART 4
OFFSET  13.9765  1.4652 -9.5276
X  0.6548 -0.7223  0.2225
Y -0.4218 -0.1049  0.9006
Z -0.6271 -0.6836 -0.3734

PART 5
OFFSET  15.9807  1.7546 -8.2095
X  0.6597 -0.7183  0.2210
Y  0.3563  0.5578  0.7496
Z -0.6617 -0.4158  0.6239

PART 6
OFFSET  15.2280  0.8578 -10.6241
X  0.6597 -0.7183  0.2210
Y  0.3563  0.5578  0.7496
Z -0.6617 -0.4158  0.6239

PART 7
OFFSET  14.8381  0.3301 -7.1232
X  0.6597 -0.7183  0.2210
Y  0.3563  0.5578  0.7496
Z -0.6617 -0.4158  0.6239

PART 8
OFFSET  14.1588 -0.5380 -8.3842
X  0.6597 -0.7183  0.2210
Y  0.3563  0.5578  0.7496
Z -0.6617 -0.4158  0.6239

PART 9
OFFSET  13.4696 -1.0633 -9.7790
X  0.6597 -0.7183  0.2210
Y  0.3563  0.5578  0.7496
Z -0.6617 -0.4158  0.6239

PART 10
OFFSET  15.9839 -0.7491 -8.8454
X  0.6464 -0.6552  0.3910
Y -0.5073  0.0137  0.8617
Z -0.5700 -0.7553 -0.3235

PART 11
OFFSET  15.5511 -1.3408 -7.9708
X -0.0633 -0.8731  0.4834
Y -0.3028  0.4783  0.8243
Z -0.9510 -0.0942 -0.2946

PART 12
OFFSET  15.3315 -3.1824 -6.8619
X  0.4926 -0.8594 -0.1367
Y -0.3542 -0.3415  0.8706
Z -0.7949 -0.3805 -0.4726

PART 13
OFFSET  16.0589 -4.5921 -7.1874
X  0.3586 -0.1696 -0.9180
Y  0.1496 -0.9602  0.2358
Z -0.9214 -0.2219 -0.3190

PART 14
OFFSET  16.4070 -4.8019 -8.1906
X  0.8874 -0.1805 -0.4242
Y  0.4481  0.5538  0.7018
Z  0.1082 -0.8128  0.5724

PART 15
OFFSET  16.9589 -1.4710 -9.5026
X  0.7705 -0.6305 -0.0937
Y -0.6156 -0.6978 -0.3661
Z  0.1654  0.3398 -0.9258

PART 16
OFFSET  18.5905 -3.0227 -9.6233
X -0.3834 -0.9236  0.0033
Y -0.9187  0.3810 -0.1037
Z  0.0946 -0.0428 -0.9946

PART 17
OFFSET  18.0477 -4.3302 -9.6187
X -0.9935 -0.0665 -0.0927
Y -0.0570  0.9932 -0.1015
Z  0.0988 -0.0955 -0.9905

PART 18
OFFSET  17.1668 -4.3892 -9.7009
X -0.7617  0.6405 -0.0979
Y  0.6396  0.7674  0.0447
Z  0.1038 -0.0285 -0.9942

PART 19
OFFSET  16.4432 -3.7806 -9.7939
X  0.1660 -0.9675  0.1906
Y  0.9861  0.1635 -0.0289
Z -0.0032  0.1927  0.9812

PART 20
OFFSET  16.8435 -1.5005 -8.7988
X  0.7675 -0.6323  0.1055
Y -0.5603 -0.7416 -0.3690
Z  0.3115  0.2241 -0.9234

PART 21
OFFSET  18.8495 -3.1415 -8.5952
X -0.5534 -0.8273 -0.0964
Y -0.8252  0.5603 -0.0709
Z  0.1127  0.0403 -0.9928

PART 22
OFFSET  17.9073 -4.5500 -8.7594
X -0.9823  0.1578 -0.1015
Y  0.1557  0.9874  0.0281
Z  0.1046  0.0118 -0.9944

PART 23
OFFSET  16.5460 -4.3313 -8.9000
X -0.1159  0.9933 -0.0009
Y  0.9871  0.1153  0.1113
Z  0.1106  0.0120 -0.9938

PART 24
OFFSET  16.4203 -3.2541 -8.9009
X -0.4635 -0.8790 -0.1117
Y  0.8694 -0.4755  0.1343
Z -0.1711 -0.0349  0.9846

PART 25
OFFSET  16.8655 -3.1521 -6.4454
X  0.5478 -0.8292  0.1113
Y  0.7129  0.5322  0.4566
Z -0.4378 -0.1708  0.8827

PART 26
OFFSET  18.3318 -3.0113 -6.5518
X -0.3523 -0.9093 -0.2214
Y -0.9310  0.3646 -0.0158
Z  0.0951  0.2005 -0.9751

PART 27
OFFSET  17.7115 -4.6123 -6.9416
X -0.9145  0.3872 -0.1170
Y  0.3552  0.9072  0.2255
Z  0.1935  0.1646 -0.9672

PART 28
OFFSET  16.5880 -4.1516 -7.0251
X -0.1159  0.9696  0.2157
Y  0.9888  0.0920  0.1177
Z  0.0942  0.2269 -0.9694

PART 29
OFFSET  16.4570 -3.0564 -6.7816
X -0.8283 -0.3349 -0.4491
Y  0.3926 -0.9189 -0.0389
Z -0.3996 -0.2086  0.8926

PART 30
OFFSET  18.7109 -3.0918 -7.5864
X -0.6252 -0.7700 -0.1275
Y -0.7628  0.6374 -0.1085
Z  0.1648  0.0294 -0.9859

PART 31
OFFSET  17.4895 -4.5959 -7.8354
X -0.9106  0.3908 -0.1344
Y  0.3728  0.9171  0.1411
Z  0.1784  0.0783 -0.9808

PART 32
OFFSET  16.1594 -4.0251 -8.0317
X  0.0708  0.9894  0.1266
Y  0.9732 -0.0964  0.2088
Z  0.2188  0.1084 -0.9697

PART 33
OFFSET  16.2405 -2.9037 -7.8953
X -0.6899 -0.7040 -0.1685
Y  0.7135 -0.7006  0.0058
Z -0.1221 -0.1162  0.9857

PART 34
OFFSET  17.1411 -3.6840 -8.7428
X  0.2447  0.2198 -0.9444
Y  0.5700  0.7553  0.3235
Z  0.7844 -0.6174  0.0595

PART 35
OFFSET  15.9120  1.3924 -9.1819
X  0.6597 -0.7183  0.2210
Y  0.3561  0.5577  0.7497
Z -0.6617 -0.4159  0.6238

PART 36
OFFSET  15.2283  0.8581 -10.6244
X  0.6597 -0.7183  0.2210
Y  0.3561  0.5577  0.7497
Z -0.6617 -0.4159  0.6238

PART 37
OFFSET  14.5140 -0.1130 -7.5958
X  0.6597 -0.7183  0.2210
Y  0.3561  0.5577  0.7497
Z -0.6617 -0.4159  0.6238

PART 38
OFFSET  13.8425 -0.8599 -8.4918
X  0.6597 -0.7183  0.2210
Y  0.3561  0.5577  0.7497
Z -0.6617 -0.4159  0.6238

PART 39
OFFSET  14.0233 -0.5132 -9.6244
X  0.6597 -0.7183  0.2210
Y  0.3561  0.5577  0.7497
Z -0.6617 -0.4159  0.6238

PART 40
OFFSET  9.3937 -3.4011 -6.0912
X  0.9989 -0.0220  0.0415
Y  0.0216  0.9997  0.0093
Z -0.0417 -0.0084  0.9991

PART 41
OFFSET  9.3937 -3.4011 -6.0912
X  0.9989 -0.0220  0.0415
Y  0.0216  0.9997  0.0093
Z -0.0417 -0.0084  0.9991

PART 42
OFFSET  11.8106 -4.2072 -4.3696
X  0.9989 -0.0220  0.0415
Y  0.0216  0.9997  0.0093
Z -0.0417 -0.0084  0.9991

PART 43
OFFSET  16.3496 -3.5649 -2.6410
X  0.9989 -0.0220  0.0415
Y  0.0249  0.9973 -0.0698
Z -0.0399  0.0707  0.9967

PART 44
OFFSET  11.3741 -3.4806 -2.1513
X  0.9989 -0.0220  0.0415
Y  0.0216  0.9997  0.0093
Z -0.0417 -0.0084  0.9991

PART 45
OFFSET  7.0573 -3.3945 -1.3627
X  0.9989 -0.0220  0.0415
Y  0.0216  0.9997  0.0093
Z -0.0417 -0.0084  0.9991

PART 46
OFFSET  9.8334  1.2946 -5.2332
X  0.9997 -0.0201  0.0112
Y  0.0181  0.9872  0.1584
Z -0.0142 -0.1581  0.9873

PART 47
OFFSET  9.2754 -3.4530 -3.9662
X  0.0064  0.7128  0.7014
Y -0.9986  0.0417 -0.0333
Z -0.0530 -0.7002  0.7120

PART 48
OFFSET  9.2783 -3.1207 -3.6392
X  0.0076  0.7642  0.6449
Y -0.9986  0.0397 -0.0353
Z -0.0525 -0.6437  0.7634

PART 49
OFFSET  9.2819 -2.7644 -3.3386
X  0.0096  0.8354  0.5496
Y -0.9986  0.0363 -0.0378
Z -0.0515 -0.5485  0.8346

PART 50
OFFSET  9.2863 -2.3750 -3.0823
X  0.0130  0.9246  0.3808
Y -0.9987  0.0308 -0.0407
Z -0.0493 -0.3798  0.9238

PART 51
OFFSET  9.2924 -1.9439 -2.9048
X  0.0185  0.9912  0.1309
Y -0.9988  0.0243 -0.0425
Z -0.0453 -0.1300  0.9905

PART 52
OFFSET  9.3011 -1.4818 -2.8438
X  0.0260  0.9949 -0.0972
Y -0.9989  0.0219 -0.0425
Z -0.0401  0.0982  0.9944

PART 53
OFFSET  9.3121 -1.0625 -2.8847
X  0.0421  0.8150 -0.5780
Y -0.9989  0.0215 -0.0424
Z -0.0222  0.5791  0.8149

PART 54
OFFSET  9.3317 -0.6806 -3.1556
X  0.0465  0.3195 -0.9464
Y -0.9989  0.0213 -0.0419
Z  0.0068  0.9473  0.3201

PART 55
OFFSET  9.3534 -0.5316 -3.5968
X  0.0427  0.0496 -0.9979
Y -0.9989  0.0228 -0.0416
Z  0.0207  0.9985  0.0505

PART 56
OFFSET  9.3734 -0.5085 -4.0620
X  0.0416 -0.0011 -0.9991
Y -0.9989  0.0217 -0.0416
Z  0.0217  0.9998 -0.0002

PART 57
OFFSET  9.3927 -0.5090 -4.5278
X  0.0416 -0.0012 -0.9991
Y -0.9989  0.0217 -0.0416
Z  0.0217  0.9998 -0.0003

PART 58
OFFSET  9.4122 -0.5096 -4.9936
X  0.0416 -0.0012 -0.9991
Y -0.9989  0.0217 -0.0416
Z  0.0217  0.9998 -0.0003

PART 59
OFFSET  25.3706 -2.4516 -3.8961
X  0.0469  0.4190 -0.9068
Y  0.0722  0.9040  0.4215
Z  0.9963 -0.0853  0.0121

PART 60
OFFSET  25.3137 -5.0808 -3.9206
X -0.0291  0.4038  0.9144
Y -0.0329  0.9139 -0.4046
Z -0.9990 -0.0419 -0.0133

PART 61
OFFSET -6.5551 -7.9373 -5.6959
X -0.4372  0.1632  0.8844
Y -0.1483 -0.9830  0.1081
Z  0.8870 -0.0839  0.4540

PART 62
OFFSET -1.2673 -9.9113 -16.3919
X -0.5252 -0.4546 -0.7194
Y  0.7867  0.0631 -0.6142
Z  0.3246 -0.8885  0.3244

PART 63
OFFSET  3.1996 -6.0450 -10.2731
X -0.5252 -0.4546 -0.7194
Y  0.8387 -0.1331 -0.5281
Z  0.1443 -0.8807  0.4511

PART 64
OFFSET  3.0069 -4.4320 -9.1521
X -0.5309 -0.4523 -0.7167
Y -0.3357  0.8887 -0.3122
Z  0.7781  0.0749 -0.6236

PART 65
OFFSET  2.6545 -4.8666 -8.0865
X -0.5309 -0.4523 -0.7167
Y -0.3357  0.8887 -0.3122
Z  0.7781  0.0749 -0.6236

PART 66
OFFSET  3.2759 -5.9659 -7.7077
X -0.5309 -0.4523 -0.7167
Y -0.3357  0.8887 -0.3122
Z  0.7781  0.0749 -0.6236

PART 67
OFFSET  4.8097 -4.6514 -8.0676
X -0.9592  0.0065 -0.2827
Y  0.2805 -0.1052 -0.9541
Z -0.0359 -0.9944  0.0990

PART 68
OFFSET  4.9852 -4.1445 -7.0604
X -0.6061 -0.6577 -0.4472
Y  0.5578  0.0494 -0.8285
Z  0.5670 -0.7516  0.3370

PART 69
OFFSET  6.2059 -2.6883 -6.0313
X -0.9396 -0.2998  0.1651
Y  0.0080 -0.5016 -0.8651
Z  0.3422 -0.8115  0.4737

PART 70
OFFSET  7.6849 -2.1433 -6.4025
X -0.5516  0.0904  0.8292
Y -0.6955 -0.5987 -0.3974
Z  0.4605 -0.7959  0.3931

PART 71
OFFSET  8.2721 -2.1945 -7.3105
X -0.8463  0.4546  0.2777
Y  0.1769  0.7315 -0.6585
Z -0.5025 -0.5082 -0.6995

PART 72
OFFSET  5.9289 -4.5685 -8.8700
X -0.9682  0.0057  0.2500
Y  0.0303 -0.9897  0.1398
Z  0.2482  0.1430  0.9581

PART 73
OFFSET  8.1368 -4.4392 -9.3093
X -0.7563 -0.6352 -0.1565
Y  0.6455 -0.6855 -0.3367
Z  0.1066 -0.3557  0.9285

PART 74
OFFSET  9.2076 -3.5399 -9.0877
X  0.3048 -0.8784 -0.3681
Y  0.9510  0.3020  0.0667
Z  0.0525 -0.3704  0.9274

PART 75
OFFSET  8.9373 -2.7610 -8.7614
X  0.8430 -0.4642 -0.2720
Y  0.5260  0.8173  0.2353
Z  0.1130 -0.3414  0.9331

PART 76
OFFSET  8.1365 -2.3200 -8.5030
X -0.9913 -0.1087 -0.0746
Y -0.1311  0.8726  0.4706
Z  0.0140  0.4763 -0.8792

PART 77
OFFSET  5.9484 -4.6389 -8.1599
X -0.9995  0.0304  0.0042
Y -0.0294 -0.9883  0.1497
Z  0.0087  0.1495  0.9887

PART 78
OFFSET  8.5407 -4.7618 -8.3144
X -0.6770 -0.7313  0.0829
Y  0.6602 -0.6532 -0.3707
Z  0.3253 -0.1962  0.9250

PART 79
OFFSET  9.6933 -3.5168 -8.4556
X  0.4701 -0.8159 -0.3367
Y  0.8295  0.5387 -0.1473
Z  0.3016 -0.2101  0.9300

PART 80
OFFSET  9.0418 -2.3860 -7.9889
X  0.8723 -0.3419 -0.3497
Y  0.3923  0.9161  0.0830
Z  0.2920 -0.2095  0.9332

PART 81
OFFSET  8.0958 -2.0153 -7.6096
X -0.9244 -0.2535  0.2850
Y -0.1914  0.9546  0.2282
Z -0.3299  0.1564 -0.9310

PART 82
OFFSET  0.5611 -5.0685 -8.3843
X -0.9667 -0.2501 -0.0539
Y -0.2334  0.9485 -0.2141
Z  0.1047 -0.1944 -0.9753

PART 83
OFFSET  8.3223 -4.9669 -6.2097
X -0.9890 -0.1464 -0.0207
Y  0.1409 -0.9756  0.1686
Z -0.0449  0.1638  0.9855

PART 84
OFFSET  10.0636 -4.7091 -6.1733
X -0.3670 -0.9137  0.1746
Y  0.9291 -0.3507  0.1177
Z -0.0463  0.2055  0.9776

PART 85
OFFSET  10.5070 -3.5859 -6.3262
X -0.1757 -0.9767  0.1230
Y  0.9830 -0.1673  0.0753
Z -0.0529  0.1341  0.9896

PART 86
OFFSET  10.7054 -2.4826 -6.4651
X -0.8451  0.5067  0.1704
Y  0.4670  0.8549 -0.2260
Z -0.2602 -0.1114 -0.9591

PART 87
OFFSET  8.5307 -4.9019 -7.2927
X -0.5685 -0.8149  0.1128
Y  0.8065 -0.5791 -0.1195
Z  0.1627  0.0230  0.9864

PART 88
OFFSET  9.6412 -3.3099 -7.5129
X  0.5892 -0.8037 -0.0826
Y  0.7832  0.5933 -0.1862
Z  0.1987  0.0450  0.9790

PART 89
OFFSET  8.7806 -2.1359 -7.3923
X  0.9244 -0.3404 -0.1719
Y  0.3157  0.9360 -0.1560
Z  0.2140  0.0900  0.9727

PART 90
OFFSET  7.7323 -1.7504 -7.2046
X -0.9241 -0.3425  0.1693
Y -0.3365  0.9395  0.0638
Z -0.1809  0.0020 -0.9835

PART 91
OFFSET  3.0015 -4.4209 -9.1556
X -0.5308 -0.4525 -0.7166
Y -0.3344  0.8888 -0.3135
Z  0.7788  0.0732 -0.6230

PART 92
OFFSET  2.6453 -4.8455 -8.0934
X -0.5308 -0.4525 -0.7166
Y -0.3344  0.8888 -0.3135
Z  0.7788  0.0732 -0.6230

PART 93
OFFSET  3.2974 -5.9637 -7.7245
X -0.5308 -0.4525 -0.7166
Y -0.3344  0.8888 -0.3135
Z  0.7788  0.0732 -0.6230

PART 94
OFFSET  0.0000 -0.0000 -0.0000
X  1.0000 -0.0000  0.0000
Y  0.0000  1.0000  0.0000
Z  0.0000 -0.0000  1.0000

PART 95
OFFSET  0.0000 -0.0000 -0.0000
X  1.0000 -0.0000  0.0000
Y  0.0000  1.0000  0.0000
Z  0.0000 -0.0000  1.0000

PART 96
OFFSET  1.5404 -0.0000  4.1357
X  1.0000 -0.0000  0.0000
Y  0.0000  1.0000  0.0000
Z  0.0000 -0.0000  1.0000


FRAME 1203
PART 0
OFFSET  0.0000 -0.0000 -0.0000
X  1.0000 -0.0000  0.0000
Y  0.0000  1.0000  0.0000
Z  0.0000 -0.0000  1.0000

PART 1
OFFSET -7.6810 -0.0000 -1.3770
X  1.0000  0.0000  0.0000
Y -0.0000  1.0000  0.0000
Z  0.0000 -0.0000  1.0000

PART 2
OFFSET -1.6489  5.2787 -5.1189
X  0.8352  0.1857 -0.5177
Y -0.0825 -0.8883 -0.4518
Z -0.5437  0.4201 -0.7266

PART 3
OFFSET  8.4517  7.5244 -11.3797
X  0.6613 -0.7180  0.2171
Y -0.6644 -0.4264  0.6138
Z -0.3482 -0.5501 -0.7590

PART 4
OFFSET  14.0763  1.4171 -9.5334
X  0.6613 -0.7180  0.2171
Y -0.4222 -0.1171  0.8989
Z -0.6200 -0.6861 -0.3807

PART 5
OFFSET  16.0849  1.7176 -8.2247
X  0.6662 -0.7140  0.2155
Y  0.3560  0.5583  0.7494
Z -0.6554 -0.4225  0.6261

PART 6
OFFSET  15.3265  0.8222 -10.6380
X  0.6662 -0.7140  0.2155
Y  0.3560  0.5583  0.7494
Z -0.6554 -0.4225  0.6261

PART 7
OFFSET  14.9586  0.2815 -7.1368
X  0.6662 -0.7140  0.2155
Y  0.3560  0.5583  0.7494
Z -0.6554 -0.4225  0.6261

PART 8
OFFSET  14.2793 -0.5879 -8.3968
X  0.6662 -0.7140  0.2155
Y  0.3560  0.5583  0.7494
Z -0.6554 -0.4225  0.6261

PART 9
OFFSET  13.5868 -1.1144 -9.7896
X  0.6662 -0.7140  0.2155
Y  0.3560  0.5583  0.7494
Z -0.6554 -0.4225  0.6261

PART 10
OFFSET  16.1036 -0.7841 -8.8680
X  0.6407 -0.6624  0.3881
Y -0.5128  0.0070  0.8585
Z -0.5714 -0.7491 -0.3352

PART 11
OFFSET  15.6623 -1.3830 -8.0025
X -0.0705 -0.8779  0.4736
Y -0.3059  0.4710  0.8274
Z -0.9495 -0.0865 -0.3017

PART 12
OFFSET  15.4268 -3.2352 -6.9147
X  0.4895 -0.8603 -0.1426
Y -0.3614 -0.3490  0.8646
Z -0.7936 -0.3716 -0.4818

PART 13
OFFSET  16.1497 -4.6448 -7.2505
X  0.3637 -0.1615 -0.9174
Y  0.1436 -0.9634  0.2265
Z -0.9204 -0.2141 -0.3272

PART 14
OFFSET  16.5034 -4.8456 -8.2537
X  0.8893 -0.1802 -0.4203
Y  0.4461  0.5442  0.7105
Z  0.1007 -0.8194  0.5643

PART 15
OFFSET  17.0793 -1.5036 -9.5265
X  0.7681 -0.6331 -0.0955
Y -0.6165 -0.6910 -0.3775
Z  0.1730  0.3489 -0.9211

PART 16
OFFSET  18.7044 -3.0617 -9.6532
X -0.3878 -0.9217 -0.0090
Y -0.9162  0.3865 -0.1056
Z  0.1008 -0.0327 -0.9944

PART 17
OFFSET  18.1554 -4.3666 -9.6660
X -0.9931 -0.0607 -0.0998
Y -0.0517  0.9945 -0.0912
Z  0.1048 -0.0854 -0.9908

PART 18
OFFSET  17.2749 -4.4205 -9.7545
X -0.7580  0.6452 -0.0960
Y  0.6429  0.7638  0.0570
Z  0.1101 -0.0185 -0.9937

PART 19
OFFSET  16.5547 -3.8075 -9.8457
X  0.1602 -0.9703  0.1813
Y  0.9870  0.1591 -0.0208
Z -0.0087  0.1823  0.9832

PART 20
OFFSET  16.9593 -1.5400 -8.8238
X  0.7638 -0.6371  0.1037
Y -0.5614 -0.7349 -0.3804
Z  0.3186  0.2324 -0.9190

PART 21
OFFSET  18.9562 -3.1926 -8.6248
X -0.5567 -0.8236 -0.1088
Y -0.8221  0.5650 -0.0703
Z  0.1193  0.0503 -0.9916

PART 22
OFFSET  18.0085 -4.5948 -8.8101
X -0.9808  0.1635 -0.1061
Y  0.1601  0.9863  0.0396
Z  0.1111  0.0219 -0.9936

PART 23
OFFSET  16.6491 -4.3682 -8.9571
X -0.1112  0.9938  0.0090
