// Export filename: `C:\projects\cod\t5\xanim_export\t5_viewmodels\m60\m60_sprint_out.XANIM_EXPORT`
// Source filename: `D:\projects\devanim\t5\animation_assets\viewmodels\m60\viewmodel_m60_animated.fbx`
// Export time: Wed Jul 28 22:13:33 2010

ANIMATION
VERSION 3

NUMPARTS 97
PART 0 "tag_ads"
PART 1 "tag_torso"
PART 2 "J_Shoulder_LE"
PART 3 "J_Elbow_LE"
PART 4 "J_WristTwist_LE"
PART 5 "J_Sleave_Reshape_Bottom_LE_1"
PART 6 "J_Sleave_Reshape_Bottom_LE_2"
PART 7 "J_Sleave_Reshape_Top_LE_1"
PART 8 "J_Sleave_Reshape_Top_LE_2"
PART 9 "J_Sleave_Reshape_Top_LE_3"
PART 10 "J_Wrist_LE"
PART 11 "J_Thumb_LE_0"
PART 12 "J_Thumb_LE_1"
PART 13 "J_Thumb_LE_2"
PART 14 "J_Thumb_LE_3"
PART 15 "J_PinkyPalm_LE"
PART 16 "J_Pinky_LE_0"
PART 17 "J_Pinky_LE_1"
PART 18 "J_Pinky_LE_2"
PART 19 "J_Pinky_LE_3"
PART 20 "J_RingPalm_LE"
PART 21 "J_Ring_LE_0"
PART 22 "J_Ring_LE_1"
PART 23 "J_Ring_LE_2"
PART 24 "J_Ring_LE_3"
PART 25 "J_Webbing_LE"
PART 26 "J_Index_LE_0"
PART 27 "J_Index_LE_1"
PART 28 "J_Index_LE_2"
PART 29 "J_Index_LE_3"
PART 30 "J_Mid_LE_0"
PART 31 "J_Mid_LE_1"
PART 32 "J_Mid_LE_2"
PART 33 "J_Mid_LE_3"
PART 34 "tag_knife_attach"
PART 35 "D_Sleave_Reshape_Bottom_LE_1"
PART 36 "D_Sleave_Reshape_Bottom_LE_2"
PART 37 "D_Sleave_Reshape_Top_LE_1"
PART 38 "D_Sleave_Reshape_Top_LE_2"
PART 39 "D_Sleave_Reshape_Top_LE_3"
PART 40 "tag_weapon"
PART 41 "J_Gun"
PART 42 "J_Bolt"
PART 43 "J_Handle"
PART 44 "J_Reload_Cover"
PART 45 "TAG_IRON_SIGHTS"
PART 46 "TAG_CLIP"
PART 47 "J_Bullets0"
PART 48 "J_Bullets1"
PART 49 "J_Bullets2"
PART 50 "J_Bullets3"
PART 51 "J_Bullets4"
PART 52 "J_Bullets5"
PART 53 "J_Bullets6"
PART 54 "J_Bullets7"
PART 55 "J_Bullets8"
PART 56 "J_Bullets9"
PART 57 "J_Bullets10"
PART 58 "J_Bullets11"
PART 59 "J_Pod_Left"
PART 60 "J_Pod_Right"
PART 61 "J_Shoulder_RI"
PART 62 "J_Elbow_RI"
PART 63 "J_WristTwist_RI"
PART 64 "J_Sleave_Reshape_Top_RI_3"
PART 65 "J_Sleave_Reshape_Top_RI_2"
PART 66 "J_Sleave_Reshape_Top_RI_1"
PART 67 "J_Wrist_RI"
PART 68 "J_Thumb_RI_0"
PART 69 "J_Thumb_RI_1"
PART 70 "J_Thumb_RI_2"
PART 71 "J_Thumb_RI_3"
PART 72 "J_PinkyPalm_RI"
PART 73 "J_Pinky_RI_0"
PART 74 "J_Pinky_RI_1"
PART 75 "J_Pinky_RI_2"
PART 76 "J_Pinky_RI_3"
PART 77 "J_RingPalm_RI"
PART 78 "J_Ring_RI_0"
PART 79 "J_Ring_RI_1"
PART 80 "J_Ring_RI_2"
PART 81 "J_Ring_RI_3"
PART 82 "J_Webbing_RI"
PART 83 "J_Index_RI_0"
PART 84 "J_Index_RI_1"
PART 85 "J_Index_RI_2"
PART 86 "J_Index_RI_3"
PART 87 "J_Mid_RI_0"
PART 88 "J_Mid_RI_1"
PART 89 "J_Mid_RI_2"
PART 90 "J_Mid_RI_3"
PART 91 "D_Sleave_Reshape_Top_RI_3"
PART 92 "D_Sleave_Reshape_Top_RI_2"
PART 93 "D_Sleave_Reshape_Top_RI_1"
PART 94 "tag_cambone"
PART 95 "tag_camera"
PART 96 "tag_gasmask"

FRAMERATE 30
NUMFRAMES 11

FRAME 740
PART 0
OFFSET  0.0000 -0.0000 -0.0000
X  1.0000 -0.0000  0.0000
Y  0.0000  1.0000  0.0000
Z  0.0000 -0.0000  1.0000

PART 1
OFFSET -7.6810 -0.0000 -1.3770
X  1.0000 -0.0000  0.0000
Y  0.0000  1.0000  0.0000
Z  0.0000 -0.0000  1.0000

PART 2
OFFSET -1.6489  5.2787 -5.1189
X  0.5529  0.6060 -0.5719
Y  0.0031 -0.6878 -0.7259
Z -0.8332  0.3996 -0.3821

PART 3
OFFSET  5.0377  12.6076 -12.0355
X  0.4382 -0.8785  0.1903
Y -0.7936 -0.2787  0.5409
Z -0.4221 -0.3881 -0.8193

PART 4
OFFSET  8.7651  5.1357 -10.4166
X  0.4382 -0.8785  0.1903
Y  0.8912  0.4523  0.0355
Z -0.1172  0.1541  0.9811

PART 5
OFFSET  10.6848  4.8137 -8.9852
X  0.4441 -0.8758  0.1894
Y  0.4235  0.3914  0.8170
Z -0.7896 -0.2826  0.5447

PART 6
OFFSET  9.8982  4.3112 -11.5026
X  0.4441 -0.8758  0.1894
Y  0.4235  0.3914  0.8170
Z -0.7896 -0.2826  0.5447

PART 7
OFFSET  9.1536  3.6511 -8.0806
X  0.4441 -0.8758  0.1894
Y  0.4235  0.3914  0.8170
Z -0.7896 -0.2826  0.5447

PART 8
OFFSET  8.3654  3.0775 -9.4427
X  0.4441 -0.8758  0.1894
Y  0.4235  0.3914  0.8170
Z -0.7896 -0.2826  0.5447

PART 9
OFFSET  7.6633  2.8420 -10.9076
X  0.4441 -0.8758  0.1894
Y  0.4235  0.3914  0.8170
Z -0.7896 -0.2826  0.5447

PART 10
OFFSET  10.1086  2.4426 -9.8331
X  0.9274  0.3725  0.0334
Y -0.3414  0.8796 -0.3312
Z -0.1528  0.2958  0.9430

PART 11
OFFSET  10.1336  3.5805 -9.7505
X  0.7320  0.6799  0.0439
Y -0.4277  0.5088 -0.7471
Z -0.5303  0.5281  0.6632

PART 12
OFFSET  11.6410  5.1278 -9.6934
X  0.9627  0.2503  0.1026
Y -0.1650  0.8439 -0.5105
Z -0.2144  0.4745  0.8538

PART 13
OFFSET  13.1810  5.5347 -9.4016
X  0.7691  0.6388  0.0191
Y -0.4649  0.5797 -0.6692
Z -0.4386  0.5058  0.7428

PART 14
OFFSET  13.9847  6.2585 -9.3584
X  0.7537  0.2661 -0.6010
Y  0.0281 -0.9266 -0.3750
Z -0.6567  0.2658 -0.7058

PART 15
OFFSET  11.2280  1.8757 -9.2596
X  0.9647 -0.0768  0.2519
Y -0.2256  0.2522  0.9410
Z -0.1358 -0.9646  0.2260

PART 16
OFFSET  13.3877  1.8746 -8.6112
X  0.2384  0.5109  0.8260
Y -0.8722  0.4867 -0.0493
Z -0.4272 -0.7086  0.5616

PART 17
OFFSET  13.7252  2.5979 -7.4418
X -0.3965  0.7199  0.5697
Y -0.8295 -0.0151 -0.5583
Z -0.3933 -0.6939  0.6031

PART 18
OFFSET  13.3736  3.2362 -6.9367
X -0.5510  0.7057  0.4454
Y -0.7065 -0.1104 -0.6990
Z -0.4441 -0.6999  0.5594

PART 19
OFFSET  12.8502  3.9066 -6.5136
X  0.9292 -0.3692  0.0172
Y -0.2349 -0.6259 -0.7437
Z  0.2854  0.6870 -0.6683

PART 20
OFFSET  11.2265  2.5010 -9.6040
X  0.9865  0.0861  0.1392
Y -0.1566  0.2492  0.9557
Z  0.0476 -0.9646  0.2593

PART 21
OFFSET  13.7906  2.6624 -9.2071
X  0.4644  0.2346  0.8540
Y -0.7903  0.5451  0.2800
Z -0.3998 -0.8049  0.4385

PART 22
OFFSET  14.5813  3.0618 -7.7532
X -0.5455  0.5963  0.5889
Y -0.7480 -0.0295 -0.6630
Z -0.3780 -0.8022  0.4621

PART 23
OFFSET  13.8252  3.8882 -6.9370
X -0.7036  0.5684  0.4264
Y -0.6033 -0.1607 -0.7812
Z -0.3755 -0.8069  0.4560

PART 24
OFFSET  13.0621  4.5047 -6.4745
X  0.9026 -0.4136  0.1193
Y -0.0743 -0.4226 -0.9033
Z  0.4240  0.8064 -0.4122

PART 25
OFFSET  12.3436  5.1462 -9.7505
X  0.8961  0.2626  0.3577
Y  0.4022 -0.1402 -0.9047
Z -0.1875  0.9547 -0.2312

PART 26
OFFSET  13.5217  4.4477 -10.3031
X  0.8953 -0.0595  0.4415
Y -0.3917  0.3669  0.8438
Z -0.2121 -0.9284  0.3052

PART 27
OFFSET  15.0980  4.3430 -9.5258
X  0.1989  0.1712  0.9649
Y -0.9597  0.2333  0.1565
Z -0.1983 -0.9572  0.2107

PART 28
OFFSET  15.3519  4.6092 -8.3655
X -0.5307  0.3842  0.7555
Y -0.8246 -0.0276 -0.5651
Z -0.1962 -0.9229  0.3314

PART 29
OFFSET  14.7525  5.0432 -7.5121
X  0.8619 -0.3597  0.3574
Y  0.2811 -0.2478 -0.9271
Z  0.4220  0.8996 -0.1125

PART 30
OFFSET  13.7657  3.5067 -9.7781
X  0.6777  0.1378  0.7223
Y -0.7073  0.3906  0.5892
Z -0.2009 -0.9102  0.3622

PART 31
OFFSET  15.0897  3.7759 -8.3672
X -0.4823  0.4227  0.7672
Y -0.8383  0.0315 -0.5444
Z -0.2543 -0.9057  0.3392

PART 32
OFFSET  14.3852  4.3934 -7.2465
X -0.7233  0.3987  0.5638
Y -0.6349 -0.0630 -0.7700
Z -0.2715 -0.9149  0.2988

PART 33
OFFSET  13.5645  4.8385 -6.6053
X  0.9775 -0.2070  0.0404
Y -0.0405 -0.3723 -0.9272
Z  0.2070  0.9047 -0.3723

PART 34
OFFSET  12.5741  3.4293 -8.1270
X -0.0102 -0.9546  0.2978
Y  0.1528 -0.2958 -0.9430
Z  0.9882  0.0359  0.1489

PART 35
OFFSET  10.5939  4.5510 -9.9873
X  0.4441 -0.8757  0.1893
Y  0.4322  0.3945  0.8109
Z -0.7848 -0.2783  0.5537

PART 36
OFFSET  9.8977  4.3113 -11.5011
X  0.4441 -0.8757  0.1893
Y  0.4322  0.3945  0.8109
Z -0.7848 -0.2783  0.5537

PART 37
OFFSET  8.7621  3.3393 -8.6044
X  0.4441 -0.8757  0.1893
Y  0.4322  0.3945  0.8109
Z -0.7848 -0.2783  0.5537

PART 38
OFFSET  7.9880  2.8525 -9.5919
X  0.4441 -0.8757  0.1893
Y  0.4322  0.3945  0.8109
Z -0.7848 -0.2783  0.5537

PART 39
OFFSET  8.3252  3.2220 -10.6807
X  0.4441 -0.8757  0.1893
Y  0.4322  0.3945  0.8109
Z -0.7848 -0.2783  0.5537

PART 40
OFFSET  7.5625  0.0002 -6.7036
X  0.7770  0.5588 -0.2898
Y -0.6022  0.5257 -0.6008
Z -0.1833  0.6414  0.7450

PART 41
OFFSET  7.5625  0.0002 -6.7036
X  0.7770  0.5588 -0.2898
Y -0.6022  0.5257 -0.6008
Z -0.1833  0.6414  0.7450

PART 42
OFFSET  9.6538  2.0541 -5.7746
X  0.7770  0.5588 -0.2898
Y -0.6022  0.5257 -0.6008
Z -0.1833  0.6414  0.7450

PART 43
OFFSET  12.4879  5.9978 -6.4127
X  0.7770  0.5588 -0.2898
Y -0.4673  0.2036 -0.8603
Z -0.4217  0.8039  0.4193

PART 44
OFFSET  8.5214  3.6701 -4.4533
X  0.7771  0.5587 -0.2898
Y -0.6021  0.5258 -0.6008
Z -0.1834  0.6414  0.7450

PART 45
OFFSET  5.0173  1.8983 -2.4921
X  0.7771  0.5587 -0.2898
Y -0.6021  0.5258 -0.6008
Z -0.1834  0.6414  0.7450

PART 46
OFFSET  4.9496  2.9691 -9.2449
X  0.7770  0.5588 -0.2898
Y -0.6022  0.5257 -0.6008
Z -0.1833  0.6414  0.7450

PART 47
OFFSET  7.0413  1.8871 -4.4630
X -0.6233  0.6190 -0.4778
Y -0.7770 -0.5588  0.2898
Z -0.0876  0.5519  0.8293

PART 48
OFFSET  6.7507  2.1757 -4.6857
X -0.6236  0.6201 -0.4760
Y -0.7770 -0.5588  0.2899
Z -0.0862  0.5506  0.8303

PART 49
OFFSET  6.4600  2.4648 -4.9076
X -0.6223  0.6120 -0.4881
Y -0.7770 -0.5588  0.2899
Z -0.0954  0.5597  0.8232

PART 50
OFFSET  6.1699  2.7501 -5.1353
X -0.6162  0.5812 -0.5315
Y -0.7770 -0.5588  0.2898
Z -0.1285  0.5916  0.7960

PART 51
OFFSET  5.8826  3.0211 -5.3830
X -0.5936  0.4970 -0.6329
Y -0.7769 -0.5590  0.2897
Z -0.2098  0.6637  0.7179

PART 52
OFFSET  5.6059  3.2528 -5.6780
X -0.4653  0.1997 -0.8623
Y -0.7769 -0.5590  0.2898
Z -0.4242  0.8048  0.4153

PART 53
OFFSET  5.4097  3.3370 -6.0415
X -0.1100 -0.3325 -0.9366
Y -0.7769 -0.5590  0.2897
Z -0.6200  0.7595 -0.1969

PART 54
OFFSET  5.3582  3.1812 -6.4804
X  0.1235 -0.5865 -0.8005
Y -0.7769 -0.5590  0.2897
Z -0.6174  0.5861 -0.5247

PART 55
OFFSET  5.4157  2.9078 -6.8536
X  0.1889 -0.6457 -0.7398
Y -0.7769 -0.5591  0.2896
Z -0.6007  0.5200 -0.6073

PART 56
OFFSET  5.5037  2.6067 -7.1985
X  0.1890 -0.6461 -0.7395
Y -0.7769 -0.5590  0.2898
Z -0.6006  0.5198 -0.6075

PART 57
OFFSET  5.5919  2.3056 -7.5432
X  0.1890 -0.6461 -0.7395
Y -0.7770 -0.5589  0.2897
Z -0.6005  0.5199 -0.6076

PART 58
OFFSET  5.6799  2.0044 -7.8880
X  0.1889 -0.6460 -0.7396
Y -0.7770 -0.5589  0.2897
Z -0.6005  0.5199 -0.6075

PART 59
OFFSET  18.9475  10.6227 -11.0078
X -0.0807 -0.3682 -0.9262
Y -0.5685  0.7803 -0.2606
Z  0.8187  0.5056 -0.2723

PART 60
OFFSET  20.5312  9.2400 -9.4277
X -0.4149  0.8009  0.4317
Y -0.5264  0.1757 -0.8319
Z -0.7421 -0.5724  0.3487

PART 61
OFFSET -6.5551 -7.9373 -5.6959
X -0.5854  0.0911  0.8056
Y -0.1500 -0.9887  0.0028
Z  0.7967 -0.1192  0.5924

PART 62
OFFSET  0.5248 -9.0392 -15.4388
X -0.3963 -0.3970 -0.8278
Y  0.8753  0.1087 -0.4712
Z  0.2771 -0.9113  0.3044

PART 63
OFFSET  3.8957 -5.6622 -8.3978
X -0.3963 -0.3970 -0.8278
Y  0.8066  0.2801 -0.5205
Z  0.4385 -0.8740  0.2093

PART 64
OFFSET  3.5059 -4.1397 -7.2038
X -0.4024 -0.3950 -0.8259
Y -0.2915  0.9105 -0.2934
Z  0.8678  0.1227 -0.4815

PART 65
OFFSET  2.9897 -4.6543 -6.2460
X -0.4024 -0.3950 -0.8259
Y -0.2915  0.9105 -0.2934
Z  0.8678  0.1227 -0.4815

PART 66
OFFSET  3.5531 -5.7805 -5.8558
X -0.4024 -0.3950 -0.8259
Y -0.2915  0.9105 -0.2934
Z  0.8678  0.1227 -0.4815

PART 67
OFFSET  5.1107 -4.4449 -5.8600
X -0.6991 -0.7064  0.1106
Y  0.4305 -0.5393 -0.7237
Z  0.5709 -0.4583  0.6811

PART 68
OFFSET  4.7753 -3.4185 -5.4910
X  0.0090 -0.9622  0.2721
Y  0.5291 -0.2263 -0.8178
Z  0.8485  0.1514  0.5071

PART 69
OFFSET  4.6558 -1.3280 -6.0249
X -0.5627 -0.5530  0.6144
Y  0.4509 -0.8283 -0.3326
Z  0.6929  0.0899  0.7155

PART 70
OFFSET  5.5135 -0.4947 -7.1167
X -0.6090  0.2992  0.7346
Y -0.1022 -0.9480  0.3014
Z  0.7866  0.1085  0.6079

PART 71
OFFSET  6.1379 -0.8070 -7.9440
X -0.9759 -0.0442  0.2139
Y -0.2152  0.0285 -0.9761
Z  0.0371 -0.9986 -0.0374

PART 72
OFFSET  6.0478 -4.3321 -6.8662
X -0.7906 -0.3546  0.4992
Y  0.6107 -0.3967  0.6854
Z -0.0450  0.8467  0.5302

PART 73
OFFSET  7.7427 -3.3633 -7.9946
X -0.1706 -0.8434  0.5095
Y  0.9744 -0.2212 -0.0399
Z  0.1464  0.4897  0.8595

PART 74
OFFSET  7.9843 -2.1693 -8.7160
X  0.8340 -0.5274  0.1621
Y  0.5399  0.7195 -0.4368
Z  0.1137  0.4518  0.8848

PART 75
OFFSET  7.2449 -1.7017 -8.8597
X  0.9812  0.0424 -0.1884
Y -0.1310  0.8630 -0.4880
Z  0.1418  0.5035  0.8523

PART 76
OFFSET  6.3127 -1.7420 -8.6807
X -0.6887 -0.6470  0.3272
Y -0.7124  0.6878 -0.1395
Z -0.1348 -0.3291 -0.9346

PART 77
OFFSET  5.9952 -3.8823 -6.3144
X -0.7894 -0.5247  0.3187
Y  0.5654 -0.4193  0.7103
Z -0.2390  0.7409  0.6277

PART 78
OFFSET  8.0920 -2.6399 -7.2192
X -0.0820 -0.6848  0.7241
Y  0.9701 -0.2215 -0.0996
Z  0.2286  0.6943  0.6825

PART 79
OFFSET  8.2316 -1.4740 -8.4520
X  0.9189 -0.3849  0.0860
Y  0.3286  0.6266 -0.7067
Z  0.2182  0.6777  0.7022

PART 80
OFFSET  6.9580 -0.9405 -8.5712
X  0.9385  0.0692 -0.3382
Y -0.2762  0.7385 -0.6151
Z  0.2072  0.6707  0.7122

PART 81
OFFSET  5.9402 -1.0156 -8.2043
X -0.6010 -0.4456  0.6635
Y -0.7728  0.5358 -0.3401
Z -0.2040 -0.7172 -0.6664

PART 82
OFFSET  2.1431 -7.1747 -4.4225
X -0.5823 -0.6878  0.4335
Y -0.7322  0.2119 -0.6474
Z  0.3534 -0.6943 -0.6269

PART 83
OFFSET  7.7222 -1.4559 -5.4920
X -0.6686 -0.6250  0.4028
Y  0.6847 -0.3063  0.6614
Z -0.2900  0.7180  0.6327

PART 84
OFFSET  8.8994 -0.3554 -6.2012
X  0.2533 -0.5396  0.8029
Y  0.9122  0.4094 -0.0127
Z -0.3219  0.7357  0.5960

PART 85
OFFSET  8.5719  0.3452 -7.1411
X  0.4477 -0.5019  0.7400
Y  0.8476  0.5019 -0.1723
Z -0.2849  0.7044  0.6501

PART 86
OFFSET  8.0662  0.9122 -7.9770
X -0.9910 -0.0915  0.0975
Y -0.1314  0.5301 -0.8377
Z  0.0250 -0.8430 -0.5374

PART 87
OFFSET  8.0122 -2.0341 -6.3876
X  0.0670 -0.6457  0.7607
Y  0.9968  0.0764 -0.0230
Z -0.0432  0.7598  0.6488

PART 88
OFFSET  7.8813 -0.7727 -7.8735
X  0.9685 -0.1311  0.2118
Y  0.2475  0.6044 -0.7573
Z -0.0287  0.7858  0.6178

PART 89
OFFSET  6.4667 -0.5812 -8.1830
X  0.9435  0.2216 -0.2464
Y -0.3287  0.5311 -0.7810
Z -0.0422  0.8178  0.5739

PART 90
OFFSET  5.3982 -0.8376 -7.9085
X -0.5108 -0.5614  0.6511
Y -0.8596  0.3240 -0.3951
Z  0.0108 -0.7615 -0.6481

PART 91
OFFSET  3.5010 -4.1283 -7.2073
X -0.4023 -0.3952 -0.8258
Y -0.2885  0.9108 -0.2953
Z  0.8689  0.1195 -0.4804

PART 92
OFFSET  2.9815 -4.6327 -6.2527
X -0.4023 -0.3952 -0.8258
Y -0.2885  0.9108 -0.2953
Z  0.8689  0.1195 -0.4804

PART 93
OFFSET  3.5770 -5.7770 -5.8687
X -0.4023 -0.3952 -0.8258
Y -0.2885  0.9108 -0.2953
Z  0.8689  0.1195 -0.4804

PART 94
OFFSET  0.0000 -0.0000 -0.0000
X  1.0000 -0.0000  0.0000
Y  0.0000  1.0000  0.0000
Z  0.0000 -0.0000  1.0000

PART 95
OFFSET  0.0000 -0.0000 -0.0000
X  1.0000 -0.0000  0.0000
Y  0.0000  1.0000  0.0000
Z  0.0000 -0.0000  1.0000

PART 96
OFFSET  1.5404 -0.0000  4.1357
X  1.0000 -0.0000  0.0000
Y  0.0000  1.0000  0.0000
Z  0.0000 -0.0000  1.0000


FRAME 741
PART 0
OFFSET  0.0000 -0.0000 -0.0000
X  1.0000 -0.0000  0.0000
Y  0.0000  1.0000  0.0000
Z  0.0000 -0.0000  1.0000

PART 1
OFFSET -7.6810 -0.0000 -1.3770
X  1.0000 -0.0000  0.0000
Y  0.0000  1.0000  0.0000
Z  0.0000 -0.0000  1.0000

PART 2
OFFSET -1.6489  5.2787 -5.1189
X  0.5645  0.5939 -0.5733
Y -0.0008 -0.6941 -0.7199
Z -0.8254  0.4069 -0.3914

PART 3
OFFSET  5.1786  12.4608 -12.0518
X  0.4341 -0.8795  0.1952
Y -0.7962 -0.2732  0.5398
Z -0.4214 -0.3898 -0.8188

PART 4
OFFSET  8.8706  4.9806 -10.3912
X  0.4341 -0.8795  0.1952
Y  0.8926  0.4492  0.0387
Z -0.1217  0.1575  0.9800

PART 5
OFFSET  10.7850  4.6567 -8.9531
X  0.4399 -0.8768  0.1943
Y  0.4229  0.3931  0.8165
Z -0.7922 -0.2770  0.5437

PART 6
OFFSET  10.0033  4.1469 -11.4706
X  0.4399 -0.8768  0.1943
Y  0.4229  0.3931  0.8165
Z -0.7922 -0.2770  0.5437

PART 7
OFFSET  9.2465  3.5042 -8.0479
X  0.4399 -0.8768  0.1943
Y  0.4229  0.3931  0.8165
Z -0.7922 -0.2770  0.5437

PART 8
OFFSET  8.4597  2.9281 -9.4098
X  0.4399 -0.8768  0.1943
Y  0.4229  0.3931  0.8165
Z -0.7922 -0.2770  0.5437

PART 9
OFFSET  7.7607  2.6894 -10.8756
X  0.4399 -0.8768  0.1943
Y  0.4229  0.3931  0.8165
Z -0.7922 -0.2770  0.5437

PART 10
OFFSET  10.2014  2.2844 -9.7927
X  0.9356  0.3504  0.0433
Y -0.3206  0.8947 -0.3110
Z -0.1477  0.2771  0.9494

PART 11
OFFSET  10.2522  3.4192 -9.6834
X  0.7472  0.6618  0.0608
Y -0.4147  0.5357 -0.7356
Z -0.5193  0.5244  0.6747

PART 12
OFFSET  11.7943  4.9300 -9.5881
X  0.9680  0.2258  0.1097
Y -0.1448  0.8592 -0.4908
Z -0.2051  0.4592  0.8644

PART 13
OFFSET  13.3427  5.2946 -9.2850
X  0.7835  0.6205  0.0350
Y -0.4503  0.6057 -0.6560
Z -0.4283  0.4982  0.7539

PART 14
OFFSET  14.1626  5.9987 -9.2238
X  0.7606  0.2628 -0.5936
Y  0.0077 -0.9180 -0.3966
Z -0.6491  0.2971 -0.7002

PART 15
OFFSET  11.3065  1.6789 -9.2311
X  0.9623 -0.1047  0.2512
Y -0.2215  0.2352  0.9464
Z -0.1582 -0.9663  0.2032

PART 16
OFFSET  13.4645  1.6133 -8.5802
X  0.2485  0.4858  0.8380
Y -0.8608  0.5075 -0.0390
Z -0.4442 -0.7116  0.5443

PART 17
OFFSET  13.8162  2.3011 -7.3938
X -0.3810  0.7152  0.5859
Y -0.8286  0.0170 -0.5596
Z -0.4102 -0.6987  0.5862

PART 18
OFFSET  13.4784  2.9353 -6.8743
X -0.5356  0.7075  0.4611
Y -0.7076 -0.0779 -0.7023
Z -0.4610 -0.7024  0.5423

PART 19
OFFSET  12.9696  3.6074 -6.4363
X  0.9205 -0.3906  0.0098
Y -0.2478 -0.6028 -0.7584
Z  0.3022  0.6957 -0.6517

PART 20
OFFSET  11.3199  2.3119 -9.5608
X  0.9880  0.0603  0.1425
Y -0.1527  0.2303  0.9611
Z  0.0252 -0.9713  0.2367

PART 21
OFFSET  13.8863  2.4054 -9.1570
X  0.4681  0.2039  0.8599
Y -0.7781  0.5563  0.2917
Z -0.4188 -0.8056  0.4190

PART 22
OFFSET  14.6832  2.7525 -7.6931
X -0.5328  0.5947  0.6020
Y -0.7473  0.0031 -0.6645
Z -0.3970 -0.8040  0.4427

PART 23
OFFSET  13.9447  3.5767 -6.8587
X -0.6912  0.5742  0.4387
Y -0.6054 -0.1286 -0.7855
Z -0.3947 -0.8085  0.4365

PART 24
OFFSET  13.1951  4.1994 -6.3829
X  0.8927 -0.4368  0.1107
Y -0.0823 -0.3996 -0.9130
Z  0.4430  0.8059 -0.3927

PART 25
OFFSET  12.4973  4.9336 -9.6439
X  0.9012  0.2336  0.3649
Y  0.4006 -0.1281 -0.9073
Z -0.1652  0.9638 -0.2091

PART 26
OFFSET  13.6601  4.2215 -10.2112
X  0.8929 -0.0902  0.4411
Y -0.3848  0.3559  0.8516
Z -0.2338 -0.9302  0.2831

PART 27
OFFSET  15.2322  4.0626 -9.4346
X  0.2011  0.1440  0.9689
Y -0.9544  0.2514  0.1607
Z -0.2205 -0.9571  0.1880

PART 28
OFFSET  15.4900  4.2958 -8.2681
X -0.5231  0.3784  0.7636
Y -0.8239  0.0044 -0.5667
Z -0.2178 -0.9256  0.3095

PART 29
OFFSET  14.8991  4.7233 -7.4055
X  0.8528 -0.3875  0.3500
Y  0.2770 -0.2324 -0.9323
Z  0.4427  0.8921 -0.0909

PART 30
OFFSET  13.8817  3.2632 -9.7081
X  0.6794  0.1054  0.7262
Y -0.6993  0.3928  0.5973
Z -0.2223 -0.9136  0.3405

PART 31
OFFSET  15.2089  3.4690 -8.2895
X -0.4740  0.4156  0.7763
Y -0.8363  0.0634 -0.5445
Z -0.2755 -0.9074  0.3175

PART 32
OFFSET  14.5166  4.0760 -7.1556
X -0.7151  0.4019  0.5720
Y -0.6348 -0.0305 -0.7721
Z -0.2928 -0.9152  0.2769

PART 33
OFFSET  13.7051  4.5247 -6.5053
X  0.9725 -0.2302  0.0368
Y -0.0473 -0.3495 -0.9358
Z  0.2283  0.9082 -0.3507

PART 34
OFFSET  12.6857  3.1744 -8.0607
X -0.0325 -0.9608  0.2753
Y  0.1477 -0.2771 -0.9494
Z  0.9885  0.0098  0.1509

PART 35
OFFSET  10.6958  4.3902 -9.9543
X  0.4400 -0.8767  0.1943
Y  0.4316  0.3962  0.8104
Z -0.7875 -0.2727  0.5527

PART 36
OFFSET  10.0028  4.1470 -11.4690
X  0.4400 -0.8767  0.1943
Y  0.4316  0.3962  0.8104
Z -0.7875 -0.2727  0.5527

PART 37
OFFSET  8.8552  3.1918 -8.5714
X  0.4400 -0.8767  0.1943
Y  0.4316  0.3962  0.8104
Z -0.7875 -0.2727  0.5527

PART 38
OFFSET  8.0818  2.7040 -9.5591
X  0.4400 -0.8767  0.1943
Y  0.4316  0.3962  0.8104
Z -0.7875 -0.2727  0.5527

PART 39
OFFSET  8.4235  3.0676 -10.6485
X  0.4400 -0.8767  0.1943
Y  0.4316  0.3962  0.8104
Z -0.7875 -0.2727  0.5527

PART 40
OFFSET  7.5946 -0.1716 -6.7245
X  0.7901  0.5475 -0.2757
Y -0.5889  0.5533 -0.5891
Z -0.1700  0.6278  0.7596

PART 41
OFFSET  7.5946 -0.1716 -6.7245
X  0.7901  0.5475 -0.2757
Y -0.5889  0.5533 -0.5891
Z -0.1700  0.6278  0.7596

PART 42
OFFSET  9.7305  1.8117 -5.7450
X  0.7901  0.5475 -0.2757
Y -0.5889  0.5533 -0.5891
Z -0.1700  0.6278  0.7596

PART 43
OFFSET  12.6549  5.7035 -6.2869
X  0.7901  0.5475 -0.2757
Y -0.4610  0.2343 -0.8559
Z -0.4040  0.8033  0.4375

PART 44
OFFSET  8.6328  3.4218 -4.3876
X  0.7901  0.5475 -0.2756
Y -0.5889  0.5533 -0.5891
Z -0.1700  0.6278  0.7596

PART 45
OFFSET  5.0857  1.6851 -2.4729
X  0.7901  0.5475 -0.2756
Y -0.5889  0.5533 -0.5891
Z -0.1700  0.6278  0.7596

PART 46
OFFSET  5.0546  2.9148 -9.1989
X  0.7901  0.5475 -0.2757
Y -0.5889  0.5533 -0.5891
Z -0.1700  0.6278  0.7596

PART 47
OFFSET  7.1125  1.6738 -4.4410
X -0.6082  0.6441 -0.4639
Y -0.7901 -0.5475  0.2757
Z -0.0764  0.5342  0.8419

PART 48
OFFSET  6.8290  1.9741 -4.6572
X -0.6084  0.6452 -0.4622
Y -0.7900 -0.5475  0.2757
Z -0.0752  0.5329  0.8428

PART 49
OFFSET  6.5453  2.2748 -4.8727
X -0.6073  0.6373 -0.4745
Y -0.7900 -0.5476  0.2757
Z -0.0841  0.5423  0.8360

PART 50
OFFSET  6.2622  2.5719 -5.0939
X -0.6018  0.6074 -0.5185
Y -0.7901 -0.5475  0.2757
Z -0.1164  0.5756  0.8094

PART 51
OFFSET  5.9816  2.8552 -5.3356
X -0.5810  0.5251 -0.6219
Y -0.7900 -0.5477  0.2756
Z -0.1959  0.6514  0.7330

PART 52
OFFSET  5.7108  3.0999 -5.6255
X -0.4591  0.2304 -0.8580
Y -0.7900 -0.5477  0.2756
Z -0.4064  0.8043  0.4335

PART 53
OFFSET  5.5172  3.1971 -5.9872
X -0.1159 -0.3080 -0.9443
Y -0.7900 -0.5478  0.2756
Z -0.6021  0.7779 -0.1798

PART 54
OFFSET  5.4630  3.0528 -6.4297
X  0.1115 -0.5703 -0.8139
Y -0.7900 -0.5478  0.2756
Z -0.6029  0.6122 -0.5116

PART 55
OFFSET  5.5149  2.7870 -6.8091
X  0.1755 -0.6324 -0.7545
Y -0.7899 -0.5478  0.2755
Z -0.5875  0.5477 -0.5957

PART 56
OFFSET  5.5967  2.4921 -7.1608
X  0.1755 -0.6327 -0.7542
Y -0.7900 -0.5477  0.2756
Z -0.5875  0.5474 -0.5960

PART 57
OFFSET  5.6785  2.1971 -7.5123
X  0.1755 -0.6327 -0.7542
Y -0.7901 -0.5476  0.2756
Z -0.5874  0.5475 -0.5960

PART 58
OFFSET  5.7604  1.9021 -7.8640
X  0.1755 -0.6327 -0.7543
Y -0.7900 -0.5476  0.2756
Z -0.5874  0.5475 -0.5959

PART 59
OFFSET  19.2267  10.2857 -10.7643
X -0.0874 -0.3445 -0.9347
Y -0.5501  0.7989 -0.2430
Z  0.8305  0.4930 -0.2593

PART 60
OFFSET  20.7755  8.8307 -9.2149
X -0.3973  0.7999  0.4498
Y -0.5208  0.2071 -0.8282
Z -0.7556 -0.5633  0.3343

PART 61
OFFSET -6.5551 -7.9373 -5.6959
X -0.5722  0.0989  0.8141
Y -0.1601 -0.9871  0.0074
Z  0.8043 -0.1261  0.5806

PART 62
OFFSET  0.3648 -9.1339 -15.5420
X -0.4041 -0.3937 -0.8257
Y  0.8733  0.1026 -0.4763
Z  0.2723 -0.9135  0.3024

PART 63
OFFSET  3.8017 -5.7852 -8.5195
X -0.4041 -0.3937 -0.8257
Y  0.8132  0.2586 -0.5213
Z  0.4188 -0.8821  0.2157

PART 64
OFFSET  3.4301 -4.2606 -7.3224
X -0.4101 -0.3916 -0.8237
Y -0.2866  0.9127 -0.2912
Z  0.8658  0.1167 -0.4866

PART 65
OFFSET  2.9158 -4.7718 -6.3618
X -0.4101 -0.3916 -0.8237
Y -0.2866  0.9127 -0.2912
Z  0.8658  0.1167 -0.4866

PART 66
OFFSET  3.4732 -5.9023 -5.9755
X -0.4101 -0.3916 -0.8237
Y -0.2866  0.9127 -0.2912
Z  0.8658  0.1167 -0.4866

PART 67
OFFSET  5.0405 -4.5781 -5.9883
X -0.7152 -0.6927  0.0932
Y  0.4194 -0.5320 -0.7356
Z  0.5591 -0.4871  0.6710

PART 68
OFFSET  4.7279 -3.5532 -5.5958
X -0.0134 -0.9683  0.2495
Y  0.5253 -0.2192 -0.8222
Z  0.8508  0.1201  0.5116

PART 69
OFFSET  4.6571 -1.4486 -6.0807
X -0.5763 -0.5542  0.6006
Y  0.4325 -0.8304 -0.3513
Z  0.6934  0.0573  0.7182

PART 70
OFFSET  5.5356 -0.6098 -7.1517
X -0.6034  0.2957  0.7406
Y -0.1243 -0.9522  0.2790
Z  0.7877  0.0763  0.6113

PART 71
OFFSET  6.1542 -0.9169 -7.9852
X -0.9770 -0.0269  0.2115
Y -0.2127  0.0562 -0.9755
Z  0.0144 -0.9981 -0.0607

PART 72
OFFSET  5.9818 -4.4632 -6.9904
X -0.7994 -0.3481  0.4897
Y  0.6002 -0.4265  0.6767
Z -0.0267  0.8349  0.5498

PART 73
OFFSET  7.7004 -3.5073 -8.0937
X -0.1907 -0.8509  0.4894
Y  0.9692 -0.2424 -0.0439
Z  0.1560  0.4660  0.8709

PART 74
OFFSET  7.9704 -2.3025 -8.7866
X  0.8215 -0.5500  0.1508
Y  0.5570  0.7170 -0.4191
Z  0.1224  0.4283  0.8953

PART 75
OFFSET  7.2420 -1.8149 -8.9202
X  0.9822  0.0244 -0.1861
Y -0.1104  0.8769 -0.4678
Z  0.1518  0.4800  0.8640

PART 76
OFFSET  6.3089 -1.8381 -8.7434
X -0.7039 -0.6386  0.3111
Y -0.6963  0.7070 -0.1242
Z -0.1406 -0.3040 -0.9422

PART 77
OFFSET  5.9384 -4.0253 -6.4283
X -0.8017 -0.5138  0.3053
Y  0.5544 -0.4486  0.7010
Z -0.2232  0.7313  0.6445

PART 78
OFFSET  8.0646 -2.8104 -7.3010
X -0.0989 -0.6995  0.7078
Y  0.9649 -0.2412 -0.1035
Z  0.2431  0.6727  0.6988

PART 79
OFFSET  8.2330 -1.6195 -8.5060
X  0.9098 -0.4077  0.0781
Y  0.3441  0.6352 -0.6914
Z  0.2323  0.6559  0.7182

PART 80
OFFSET  6.9722 -1.0544 -8.6143
X  0.9405  0.0557 -0.3353
Y -0.2581  0.7588 -0.5980
Z  0.2211  0.6489  0.7280

PART 81
OFFSET  5.9522 -1.1148 -8.2506
X -0.6122 -0.4472  0.6521
Y -0.7597  0.5611 -0.3285
Z -0.2191 -0.6965 -0.6833

PART 82
OFFSET  2.0088 -7.2722 -4.6189
X -0.5986 -0.6843  0.4165
Y -0.7260  0.2436 -0.6431
Z  0.3386 -0.6873 -0.6426

PART 83
OFFSET  7.7188 -1.6589 -5.5471
X -0.6835 -0.6188  0.3872
Y  0.6763 -0.3372  0.6549
Z -0.2747  0.7095  0.6490

PART 84
OFFSET  8.9221 -0.5694 -6.2288
X  0.2395 -0.5639  0.7904
Y  0.9214  0.3887 -0.0019
Z -0.3061  0.7287  0.6126

PART 85
OFFSET  8.6124  0.1604 -7.1525
X  0.4348 -0.5292  0.7286
Y  0.8591  0.4863 -0.1595
Z -0.2699  0.6953  0.6661

PART 86
OFFSET  8.1213  0.7581 -7.9754
X -0.9930 -0.0711  0.0941
Y -0.1178  0.5524 -0.8252
Z  0.0067 -0.8305 -0.5569

PART 87
OFFSET  7.9972 -2.2226 -6.4556
X  0.0509 -0.6647  0.7454
Y  0.9983  0.0541 -0.0199
Z -0.0271  0.7452  0.6663

PART 88
OFFSET  7.8978 -0.9241 -7.9117
X  0.9648 -0.1582  0.2099
Y  0.2626  0.6162 -0.7426
Z -0.0119  0.7716  0.6360

PART 89
OFFSET  6.4885 -0.6931 -8.2184
X  0.9488  0.2057 -0.2399
Y -0.3150  0.5566 -0.7687
Z -0.0246  0.8049  0.5929

PART 90
OFFSET  5.4139 -0.9314 -7.9514
X -0.5247 -0.5647  0.6371
Y -0.8513  0.3527 -0.3885
Z -0.0053 -0.7461 -0.6658

PART 91
OFFSET  3.4253 -4.2491 -7.3259
X -0.4100 -0.3918 -0.8236
Y -0.2836  0.9130 -0.2931
Z  0.8668  0.1134 -0.4855

PART 92
OFFSET  2.9077 -4.7502 -6.3685
X -0.4100 -0.3918 -0.8236
Y -0.2836  0.9130 -0.2931
Z  0.8668  0.1134 -0.4855

PART 93
OFFSET  3.4971 -5.8990 -5.9885
X -0.4100 -0.3918 -0.8236
Y -0.2836  0.9130 -0.2931
Z  0.8668  0.1134 -0.4855

PART 94
OFFSET  0.0000 -0.0000 -0.0000
X  1.0000 -0.0000  0.0000
Y  0.0000  1.0000  0.0000
Z  0.0000 -0.0000  1.0000

PART 95
OFFSET  0.0000 -0.0000 -0.0000
X  1.0000 -0.0000  0.0000
Y  0.0000  1.0000  0.0000
Z  0.0000 -0.0000  1.0000

PART 96
OFFSET  1.5404 -0.0000  4.1357
X  1.0000 -0.0000  0.0000
Y  0.0000  1.0000  0.0000
Z  0.0000 -0.0000  1.0000


FRAME 742
PART 0
OFFSET  0.0000 -0.0000 -0.0000
X  1.0000 -0.0000  0.0000
Y  0.0000  1.0000  0.0000
Z  0.0000 -0.0000  1.0000

PART 1
OFFSET -7.6810 -0.0000 -1.3770
X  1.0000 -0.0000  0.0000
Y  0.0000  1.0000  0.0000
Z  0.0000 -0.0000  1.0000

PART 2
OFFSET -1.6489  5.2787 -5.1189
X  0.5883  0.5652 -0.5784
Y -0.0057 -0.7123 -0.7019
Z -0.8086  0.4162 -0.4158

PART 3
OFFSET  5.4655  12.1140 -12.1136
X  0.4298 -0.8778  0.2114
Y -0.8008 -0.2624  0.5383
Z -0.4171 -0.4007 -0.8158

PART 4
OFFSET  9.1211  4.6477 -10.3154
X  0.4298 -0.8778  0.2114
Y  0.8941  0.4464  0.0359
Z -0.1259  0.1736  0.9767

PART 5
OFFSET  11.0244  4.3393 -8.8594
X  0.4357 -0.8752  0.2104
Y  0.4186  0.4040  0.8134
Z -0.7969 -0.2663  0.5423

PART 6
OFFSET  10.2584  3.7942 -11.3743
X  0.4357 -0.8752  0.2104
Y  0.4186  0.4040  0.8134
Z -0.7969 -0.2663  0.5423

PART 7
OFFSET  9.4760  3.2054 -7.9477
X  0.4357 -0.8752  0.2104
Y  0.4186  0.4040  0.8134
Z -0.7969 -0.2663  0.5423

PART 8
OFFSET  8.6967  2.6115 -9.3062
X  0.4357 -0.8752  0.2104
Y  0.4186  0.4040  0.8134
Z -0.7969 -0.2663  0.5423

PART 9
OFFSET  8.0070  2.3530 -10.7731
X  0.4357 -0.8752  0.2104
Y  0.4186  0.4040  0.8134
Z -0.7969 -0.2663  0.5423

PART 10
OFFSET  10.4387  1.9565 -9.6673
X  0.9554  0.2899  0.0560
Y -0.2666  0.9285 -0.2583
Z -0.1269  0.2319  0.9644

PART 11
OFFSET  10.5591  3.0782 -9.4954
X  0.7864  0.6108  0.0921
Y -0.3840  0.6003 -0.7015
Z -0.4838  0.5163  0.7066

PART 12
OFFSET  12.1909  4.4848 -9.3273
X  0.9804  0.1601  0.1151
Y -0.0940  0.8925 -0.4411
Z -0.1733  0.4216  0.8901

PART 13
OFFSET  13.7598  4.7373 -9.0155
X  0.8200  0.5688  0.0639
Y -0.4150  0.6677 -0.6180
Z -0.3942  0.4803  0.7836

PART 14
OFFSET  14.6214  5.3857 -8.9211
X  0.7730  0.2490 -0.5836
Y -0.0499 -0.8931 -0.4471
Z -0.6325  0.3747 -0.6779

PART 15
OFFSET  11.5070  1.2545 -9.1484
X  0.9550 -0.1768  0.2380
Y -0.2031  0.1948  0.9596
Z -0.2161 -0.9648  0.1502

PART 16
OFFSET  13.6594  1.0216 -8.5178
X  0.2809  0.4221  0.8619
Y -0.8283  0.5602 -0.0045
Z -0.4848 -0.7127  0.5070

PART 17
OFFSET  14.0570  1.6193 -7.2975
X -0.3344  0.7031  0.6276
Y -0.8282  0.0986 -0.5517
Z -0.4498 -0.7042  0.5493

PART 18
OFFSET  13.7605  2.2426 -6.7410
X -0.4897  0.7117  0.5037
Y -0.7137  0.0047 -0.7005
Z -0.5009 -0.7024  0.5057

PART 19
OFFSET  13.2953  2.9188 -6.2625
X  0.8950 -0.4457 -0.0186
Y -0.2870 -0.5432 -0.7890
Z  0.3416  0.7115 -0.6141

PART 20
OFFSET  11.5577  1.9030 -9.4424
X  0.9903 -0.0079  0.1384
Y -0.1346  0.1849  0.9735
Z -0.0333 -0.9827  0.1821

PART 21
OFFSET  14.1266  1.8177 -9.0526
X  0.4829  0.1266  0.8665
Y -0.7416  0.5853  0.3279
Z -0.4656 -0.8009  0.3765

PART 22
OFFSET  14.9488  2.0332 -7.5774
X -0.4932  0.5913  0.6381
Y -0.7483  0.0857 -0.6578
Z -0.4436 -0.8019  0.4001

PART 23
OFFSET  14.2652  2.8526 -6.6931
X -0.6532  0.5897  0.4750
Y -0.6151 -0.0474 -0.7870
Z -0.4416 -0.8063  0.3936

PART 24
OFFSET  13.5568  3.4921 -6.1780
X  0.8648 -0.4957  0.0798
Y -0.1100 -0.3421 -0.9332
Z  0.4899  0.7983 -0.3504

PART 25
OFFSET  12.8926  4.4489 -9.3879
X  0.9152  0.1577  0.3708
Y  0.3885 -0.1012 -0.9159
Z -0.1069  0.9823 -0.1538

PART 26
OFFSET  14.0076  3.7004 -10.0023
X  0.8874 -0.1688  0.4289
Y -0.3591  0.3303  0.8729
Z -0.2890 -0.9287  0.2325

PART 27
OFFSET  15.5701  3.4032 -9.2472
X  0.2132  0.0770  0.9740
Y -0.9367  0.2995  0.1813
Z -0.2777 -0.9510  0.1360

PART 28
OFFSET  15.8461  3.5545 -8.0714
X -0.4961  0.3661  0.7873
Y -0.8243  0.0862 -0.5595
Z -0.2727 -0.9266  0.2590

PART 29
OFFSET  15.2857  3.9680 -7.1821
X  0.8289 -0.4576  0.3217
Y  0.2587 -0.1962 -0.9458
Z  0.4959  0.8672 -0.0442

PART 30
OFFSET  14.1722  2.7037 -9.5550
X  0.6873  0.0231  0.7260
Y -0.6717  0.4004  0.6233
Z -0.2763 -0.9160  0.2907

PART 31
OFFSET  15.5150  2.7488 -8.1368
X -0.4447  0.3994  0.8017
Y -0.8330  0.1445 -0.5341
Z -0.3291 -0.9053  0.2685

PART 32
OFFSET  14.8654  3.3322 -6.9659
X -0.6870  0.4119  0.5987
Y -0.6384  0.0514 -0.7680
Z -0.3471 -0.9098  0.2276

PART 33
OFFSET  14.0853  3.7922 -6.2857
X  0.9567 -0.2905  0.0169
Y -0.0721 -0.2930 -0.9534
Z  0.2819  0.9109 -0.3013

PART 34
OFFSET  12.9793  2.5955 -7.9065
X -0.0900 -0.9710  0.2216
Y  0.1269 -0.2319 -0.9644
Z  0.9878 -0.0587  0.1441

PART 35
OFFSET  10.9413  4.0580 -9.8571
X  0.4357 -0.8751  0.2104
Y  0.4273  0.4069  0.8074
Z -0.7922 -0.2618  0.5513

PART 36
OFFSET  10.2579  3.7943 -11.3727
X  0.4357 -0.8751  0.2104
Y  0.4273  0.4069  0.8074
Z -0.7922 -0.2618  0.5513

PART 37
OFFSET  9.0872  2.8865 -8.4692
X  0.4357 -0.8751  0.2104
Y  0.4273  0.4069  0.8074
Z -0.7922 -0.2618  0.5513

PART 38
OFFSET  8.3190  2.3865 -9.4547
X  0.4357 -0.8751  0.2104
Y  0.4273  0.4069  0.8074
Z -0.7922 -0.2618  0.5513

PART 39
OFFSET  8.6694  2.7325 -10.5471
X  0.4357 -0.8751  0.2104
Y  0.4273  0.4069  0.8074
Z -0.7922 -0.2618  0.5513

PART 40
OFFSET  7.6987 -0.5048 -6.7219
X  0.8210  0.5131 -0.2505
Y -0.5563  0.6202 -0.5531
Z -0.1285  0.5934  0.7946

PART 41
OFFSET  7.6987 -0.5048 -6.7219
X  0.8210  0.5131 -0.2505
Y -0.5563  0.6202 -0.5531
Z -0.1285  0.5934  0.7946

PART 42
OFFSET  9.9554  1.2871 -5.6489
X  0.8210  0.5131 -0.2505
Y -0.5563  0.6202 -0.5531
Z -0.1285  0.5934  0.7946

PART 43
OFFSET  13.1098  5.0185 -5.9944
X  0.8210  0.5131 -0.2505
Y -0.4491  0.3094 -0.8382
Z -0.3526  0.8006  0.4845

PART 44
OFFSET  8.9633  2.8823 -4.1961
X  0.8210  0.5131 -0.2504
Y -0.5563  0.6202 -0.5531
Z -0.1285  0.5934  0.7946

PART 45
OFFSET  5.3241  1.2596 -2.3554
X  0.8210  0.5131 -0.2504
Y -0.5563  0.6202 -0.5531
Z -0.1285  0.5934  0.7946

PART 46
OFFSET  5.3424  2.8639 -9.0021
X  0.8210  0.5131 -0.2505
Y -0.5563  0.6202 -0.5531
Z -0.1285  0.5934  0.7946

PART 47
OFFSET  7.3389  1.2356 -4.3357
X -0.5695  0.7048 -0.4229
Y -0.8210 -0.5131  0.2505
Z -0.0405  0.4898  0.8709

PART 48
OFFSET  7.0734  1.5641 -4.5328
X -0.5697  0.7058 -0.4211
Y -0.8209 -0.5132  0.2505
Z -0.0393  0.4884  0.8717

PART 49
OFFSET  6.8078  1.8932 -4.7291
X -0.5691  0.6985 -0.4338
Y -0.8209 -0.5132  0.2505
Z -0.0477  0.4987  0.8655

PART 50
OFFSET  6.5425  2.2189 -4.9314
X -0.5656  0.6709 -0.4795
Y -0.8210 -0.5131  0.2505
Z -0.0780  0.5353  0.8411

PART 51
OFFSET  6.2788  2.5317 -5.1549
X -0.5502  0.5934 -0.5874
Y -0.8209 -0.5133  0.2503
Z -0.1530  0.6200  0.7696

PART 52
OFFSET  6.0223  2.8083 -5.4287
X -0.4475  0.3056 -0.8405
Y -0.8208 -0.5133  0.2504
Z -0.3549  0.8019  0.4805

PART 53
OFFSET  5.8337  2.9372 -5.7831
X -0.1381 -0.2469 -0.9591
Y -0.8208 -0.5134  0.2503
Z -0.5542  0.8219 -0.1318

PART 54
OFFSET  5.7690  2.8214 -6.2325
X  0.0734 -0.5295 -0.8451
Y -0.8209 -0.5134  0.2503
Z -0.5664  0.6754 -0.4723

PART 55
OFFSET  5.8032  2.5746 -6.6265
X  0.1336 -0.5986 -0.7898
Y -0.8208 -0.5134  0.2502
Z -0.5553  0.6149 -0.5600

PART 56
OFFSET  5.8654  2.2955 -6.9947
X  0.1337 -0.5990 -0.7895
Y -0.8209 -0.5133  0.2504
Z -0.5552  0.6146 -0.5603

PART 57
OFFSET  5.9278  2.0163 -7.3627
X  0.1337 -0.5990 -0.7895
Y -0.8209 -0.5132  0.2503
Z -0.5552  0.6147 -0.5603

PART 58
OFFSET  5.9901  1.7371 -7.7308
X  0.1336 -0.5989 -0.7896
Y -0.8209 -0.5132  0.2504
Z -0.5552  0.6147 -0.5602

PART 59
OFFSET  19.9317  9.4370 -10.2570
X -0.1118 -0.2856 -0.9518
Y -0.5013  0.8432 -0.1942
Z  0.8580  0.4554 -0.2375

PART 60
OFFSET  21.3948  7.8060 -8.8024
X -0.3460  0.7960  0.4966
Y -0.5103  0.2844 -0.8116
Z -0.7873 -0.5342  0.3078

PART 61
OFFSET -6.5551 -7.9373 -5.6959
X -0.5479  0.1120  0.8290
Y -0.1752 -0.9844  0.0172
Z  0.8180 -0.1358  0.5590

PART 62
OFFSET  0.0714 -9.2922 -15.7216
X -0.4159 -0.3897 -0.8217
Y  0.8696  0.0941 -0.4847
Z  0.2662 -0.9161  0.2998

PART 63
OFFSET  3.6084 -5.9773 -8.7329
X -0.4159 -0.3897 -0.8217
Y  0.8249  0.2188 -0.5212
Z  0.3829 -0.8946  0.2305

PART 64
OFFSET  3.2633 -4.4492 -7.5324
X -0.4219 -0.3876 -0.8197
Y -0.2805  0.9155 -0.2885
Z  0.8622  0.1082 -0.4949

PART 65
OFFSET  2.7533 -4.9554 -6.5668
X -0.4219 -0.3876 -0.8197
Y -0.2805  0.9155 -0.2885
Z  0.8622  0.1082 -0.4949

PART 66
OFFSET  3.3034 -6.0913 -6.1858
X -0.4219 -0.3876 -0.8197
Y -0.2805  0.9155 -0.2885
Z  0.8622  0.1082 -0.4949

PART 67
OFFSET  4.8833 -4.7825 -6.2138
X -0.7558 -0.6521  0.0596
Y  0.3833 -0.5144 -0.7671
Z  0.5309 -0.5569  0.6387

PART 68
OFFSET  4.6354 -3.7641 -5.7626
X -0.0715 -0.9781  0.1953
Y  0.5078 -0.2042 -0.8369
Z  0.8585  0.0393  0.5113

PART 69
OFFSET  4.6913 -1.6351 -6.1290
X -0.6068 -0.5510  0.5729
Y  0.3796 -0.8341 -0.4001
Z  0.6984 -0.0253  0.7153

PART 70
OFFSET  5.6152 -0.7926 -7.1579
X -0.5814  0.2899  0.7603
Y -0.1811 -0.9571  0.2264
Z  0.7932 -0.0061  0.6089

PART 71
OFFSET  6.2107 -1.0895 -8.0117
X -0.9760  0.0206  0.2168
Y -0.2126  0.1236 -0.9693
Z -0.0468 -0.9921 -0.1163

PART 72
OFFSET  5.8260 -4.6689 -7.2148
X -0.8172 -0.3258  0.4754
Y  0.5757 -0.4994  0.6475
Z  0.0265  0.8028  0.5957

PART 73
OFFSET  7.5955 -3.7587 -8.2755
X -0.2404 -0.8639  0.4426
Y  0.9524 -0.2980 -0.0643
Z  0.1875  0.4061  0.8944

PART 74
OFFSET  7.9358 -2.5357 -8.9022
X  0.7869 -0.6064  0.1139
Y  0.5981  0.7042 -0.3826
Z  0.1518  0.3692  0.9169

PART 75
OFFSET  7.2381 -1.9980 -9.0032
X  0.9812 -0.0249 -0.1916
Y -0.0585  0.9068 -0.4174
Z  0.1841  0.4208  0.8883

PART 76
OFFSET  6.3059 -1.9744 -8.8211
X -0.7403 -0.6111  0.2801
Y -0.6523  0.7538 -0.0796
Z -0.1625 -0.2416 -0.9567

PART 77
OFFSET  5.8116 -4.2614 -6.6288
X -0.8304 -0.4805  0.2820
Y  0.5287 -0.5200  0.6709
Z -0.1757  0.7062  0.6859

PART 78
OFFSET  8.0046 -3.1308 -7.4479
X -0.1387 -0.7307  0.6684
Y  0.9480 -0.2932 -0.1238
Z  0.2864  0.6165  0.7334

PART 79
OFFSET  8.2408 -1.8867 -8.5859
X  0.8835 -0.4659  0.0487
Y  0.3795  0.6509 -0.6575
Z  0.2746  0.5993  0.7519

PART 80
OFFSET  7.0164 -1.2409 -8.6534
X  0.9408  0.0172 -0.3385
Y -0.2136  0.8054 -0.5529
Z  0.2631  0.5925  0.7614

PART 81
OFFSET  5.9960 -1.2596 -8.2863
X -0.6359 -0.4450  0.6306
Y -0.7253  0.6238 -0.2912
Z -0.2638 -0.6425 -0.7194

PART 82
OFFSET  1.6982 -7.3600 -4.9747
X -0.6376 -0.6689  0.3820
Y -0.7122  0.3229 -0.6233
Z  0.2936 -0.6695 -0.6823

PART 83
OFFSET  7.7365 -2.0606 -5.6301
X -0.7185 -0.5969  0.3571
Y  0.6570 -0.4138  0.6302
Z -0.2284  0.6873  0.6895

PART 84
OFFSET  9.0014 -1.0096 -6.2588
X  0.2077 -0.6208  0.7560
Y  0.9434  0.3315  0.0130
Z -0.2587  0.7104  0.6545

PART 85
OFFSET  8.7332 -0.2118 -7.1381
X  0.4045 -0.5946  0.6948
Y  0.8866  0.4414 -0.1384
Z -0.2244  0.6720  0.7057

PART 86
OFFSET  8.2763  0.4599 -7.9229
X -0.9951 -0.0159  0.0972
Y -0.0870  0.6040 -0.7923
Z -0.0461 -0.7969 -0.6024

PART 87
OFFSET  7.9765 -2.5883 -6.5706
X  0.0131 -0.7073  0.7068
Y  0.9997 -0.0056 -0.0241
Z  0.0210  0.7069  0.7070

PART 88
OFFSET  7.9509 -1.2066 -7.9514
X  0.9542 -0.2280  0.1938
Y  0.2969  0.6397 -0.7090
Z  0.0376  0.7340  0.6781

PART 89
OFFSET  6.5572 -0.8736 -8.2346
X  0.9586  0.1608 -0.2349
Y -0.2834  0.6169 -0.7342
Z  0.0268  0.7704  0.6370

PART 90
OFFSET  5.4711 -1.0608 -7.9735
X -0.5558 -0.5666  0.6084
Y -0.8296  0.4250 -0.3621
Z -0.0534 -0.7059 -0.7063

PART 91
OFFSET  3.2586 -4.4377 -7.5358
X -0.4218 -0.3878 -0.8196
Y -0.2775  0.9158 -0.2905
Z  0.8632  0.1050 -0.4939

PART 92
OFFSET  2.7454 -4.9337 -6.5734
X -0.4218 -0.3878 -0.8196
Y -0.2775  0.9158 -0.2905
Z  0.8632  0.1050 -0.4939

PART 93
OFFSET  3.3272 -6.0882 -6.1991
X -0.4218 -0.3878 -0.8196
Y -0.2775  0.9158 -0.2905
Z  0.8632  0.1050 -0.4939

PART 94
OFFSET  0.0000 -0.0000 -0.0000
X  1.0000 -0.0000  0.0000
Y  0.0000  1.0000  0.0000
Z  0.0000 -0.0000  1.0000

PART 95
OFFSET  0.0000 -0.0000 -0.0000
X  1.0000 -0.0000  0.0000
Y  0.0000  1.0000  0.0000
Z  0.0000 -0.0000  1.0000

PART 96
OFFSET  1.5404 -0.0000  4.1357
X  1.0000 -0.0000  0.0000
Y  0.0000  1.0000  0.0000
Z  0.0000 -0.0000  1.0000


FRAME 743
PART 0
OFFSET  0.0000 -0.0000 -0.0000
X  1.0000 -0.0000  0.0000
Y  0.0000  1.0000  0.0000
Z  0.0000 -0.0000  1.0000

PART 1
OFFSET -7.6810 -0.0000 -1.3770
X  1.0000 -0.0000  0.0000
Y  0.0000  1.0000  0.0000
Z  0.0000 -0.0000  1.0000

PART 2
OFFSET -1.6489  5.2787 -5.1189
X  0.6207  0.5230 -0.5841
Y -0.0117 -0.7387 -0.6739
Z -0.7839  0.4252 -0.4524

PART 3
OFFSET  5.8583  11.6037 -12.1828
X  0.4279 -0.8728  0.2348
Y -0.8057 -0.2506  0.5368
Z -0.4097 -0.4188 -0.8104

PART 4
OFFSET  9.4978  4.1802 -10.1858
X  0.4279 -0.8728  0.2348
Y  0.8933  0.4479  0.0372
Z -0.1376  0.1938  0.9713

PART 5
OFFSET  11.3878  3.9047 -8.7061
X  0.4338 -0.8702  0.2338
Y  0.4112  0.4221  0.8080
Z -0.8017 -0.2543  0.5409

PART 6
OFFSET  10.6447  3.3036 -11.2151
X  0.4338 -0.8702  0.2338
Y  0.4112  0.4221  0.8080
Z -0.8017 -0.2543  0.5409

PART 7
OFFSET  9.8312  2.7911 -7.7834
X  0.4338 -0.8702  0.2338
Y  0.4112  0.4221  0.8080
Z -0.8017 -0.2543  0.5409

PART 8
OFFSET  9.0642  2.1669 -9.1354
X  0.4338 -0.8702  0.2338
Y  0.4112  0.4221  0.8080
Z -0.8017 -0.2543  0.5409

PART 9
OFFSET  8.3879  1.8756 -10.6023
X  0.4338 -0.8702  0.2338
Y  0.4112  0.4221  0.8080
Z -0.8017 -0.2543  0.5409

PART 10
OFFSET  10.8095  1.5045 -9.4660
X  0.9773  0.2001  0.0690
Y -0.1851  0.9662 -0.1796
Z -0.1027  0.1628  0.9813

PART 11
OFFSET  11.0284  2.5937 -9.2054
X  0.8373  0.5304  0.1328
Y -0.3324  0.6866 -0.6466
Z -0.4342  0.4973  0.7512

PART 12
OFFSET  12.7778  3.8345 -8.9416
X  0.9910  0.0643  0.1172
Y -0.0170  0.9302 -0.3666
Z -0.1325  0.3613  0.9230

PART 13
OFFSET  14.3638  3.9232 -8.6273
X  0.8669  0.4882  0.1008
Y -0.3571  0.7493 -0.5576
Z -0.3478  0.4474  0.8240

PART 14
OFFSET  15.2793  4.4844 -8.4900
X  0.7897  0.2274 -0.5698
Y -0.1296 -0.8460 -0.5172
Z -0.5996  0.4823 -0.6386

PART 15
OFFSET  11.8141  0.6722 -9.0169
X  0.9367 -0.2781  0.2128
Y -0.1818  0.1331  0.9743
Z -0.2992 -0.9513  0.0741

PART 16
OFFSET  13.9400  0.2023 -8.4302
X  0.3198  0.3245  0.8902
Y -0.7761  0.6287  0.0496
Z -0.5435 -0.7067  0.4529

PART 17
OFFSET  14.3928  0.6618 -7.1699
X -0.2693  0.6761  0.6858
Y -0.8183  0.2149 -0.5331
Z -0.5078 -0.7048  0.4954

PART 18
OFFSET  14.1540  1.2612 -6.5618
X -0.4236  0.7083  0.5647
Y -0.7130  0.1238 -0.6901
Z -0.5587 -0.6950  0.4526

PART 19
OFFSET  13.7516  1.9341 -6.0254
X  0.8524 -0.5190 -0.0641
Y -0.3363 -0.4502 -0.8272
Z  0.4004  0.7267 -0.5582

PART 20
OFFSET  11.9203  1.3356 -9.2581
X  0.9863 -0.1053  0.1268
Y -0.1144  0.1161  0.9866
Z -0.1186 -0.9876  0.1025

PART 21
OFFSET  14.4732  0.9956 -8.9039
X  0.4953  0.0131  0.8686
Y -0.6863  0.6190  0.3819
Z -0.5327 -0.7853  0.3155

PART 22
OFFSET  15.3164  1.0179 -7.4250
X -0.4373  0.5781  0.6890
Y -0.7402  0.2038 -0.6408
Z -0.5108 -0.7901  0.3388

PART 23
OFFSET  14.7104  1.8190 -6.4702
X -0.5973  0.6037  0.5280
Y -0.6197  0.0706 -0.7817
Z -0.5091 -0.7941  0.3319

