// Export filename: `C:\projects\cod\t5\xanim_export\t5_viewmodels\rpg\rpg_d2p_out.XANIM_EXPORT`
// Source filename: `D:\projects\devanim\t5\animation_assets\viewmodels\rpg\Viewmodel_rpg_animated.fbx`
// Export time: Sun Sep 12 16:49:40 2010

ANIMATION
VERSION 3

NUMPARTS 73
PART 0 "tag_ads"
PART 1 "tag_torso"
PART 2 "J_Shoulder_LE"
PART 3 "J_Elbow_LE"
PART 4 "J_WristTwist_LE"
PART 5 "J_Sleave_Reshape_Bottom_LE_1"
PART 6 "J_Sleave_Reshape_Bottom_LE_2"
PART 7 "J_Sleave_Reshape_Top_LE_1"
PART 8 "J_Sleave_Reshape_Top_LE_2"
PART 9 "J_Sleave_Reshape_Top_LE_3"
PART 10 "J_Wrist_LE"
PART 11 "J_Thumb_LE_0"
PART 12 "J_Thumb_LE_1"
PART 13 "J_Thumb_LE_2"
PART 14 "J_Thumb_LE_3"
PART 15 "J_PinkyPalm_LE"
PART 16 "J_Pinky_LE_0"
PART 17 "J_Pinky_LE_1"
PART 18 "J_Pinky_LE_2"
PART 19 "J_Pinky_LE_3"
PART 20 "J_RingPalm_LE"
PART 21 "J_Ring_LE_0"
PART 22 "J_Ring_LE_1"
PART 23 "J_Ring_LE_2"
PART 24 "J_Ring_LE_3"
PART 25 "J_Webbing_LE"
PART 26 "J_Index_LE_0"
PART 27 "J_Index_LE_1"
PART 28 "J_Index_LE_2"
PART 29 "J_Index_LE_3"
PART 30 "J_Mid_LE_0"
PART 31 "J_Mid_LE_1"
PART 32 "J_Mid_LE_2"
PART 33 "J_Mid_LE_3"
PART 34 "tag_knife_attach"
PART 35 "tag_weapon"
PART 36 "J_Gun"
PART 37 "J_Front_Aim_Flip"
PART 38 "J_Rear_Aim_Flip"
PART 39 "TAG_CLIP"
PART 40 "J_Shoulder_RI"
PART 41 "J_Elbow_RI"
PART 42 "J_WristTwist_RI"
PART 43 "J_Sleave_Reshape_Top_RI_3"
PART 44 "J_Sleave_Reshape_Top_RI_2"
PART 45 "J_Sleave_Reshape_Top_RI_1"
PART 46 "J_Wrist_RI"
PART 47 "J_Thumb_RI_0"
PART 48 "J_Thumb_RI_1"
PART 49 "J_Thumb_RI_2"
PART 50 "J_Thumb_RI_3"
PART 51 "J_PinkyPalm_RI"
PART 52 "J_Pinky_RI_0"
PART 53 "J_Pinky_RI_1"
PART 54 "J_Pinky_RI_2"
PART 55 "J_Pinky_RI_3"
PART 56 "J_RingPalm_RI"
PART 57 "J_Ring_RI_0"
PART 58 "J_Ring_RI_1"
PART 59 "J_Ring_RI_2"
PART 60 "J_Ring_RI_3"
PART 61 "J_Webbing_RI"
PART 62 "J_Index_RI_0"
PART 63 "J_Index_RI_1"
PART 64 "J_Index_RI_2"
PART 65 "J_Index_RI_3"
PART 66 "J_Mid_RI_0"
PART 67 "J_Mid_RI_1"
PART 68 "J_Mid_RI_2"
PART 69 "J_Mid_RI_3"
PART 70 "tag_cambone"
PART 71 "tag_camera"
PART 72 "tag_gasmask"

FRAMERATE 30
NUMFRAMES 11

FRAME 90
PART 0
OFFSET  0.0000 -0.0000 -0.0000
X  1.0000 -0.0000  0.0000
Y  0.0000  1.0000  0.0000
Z  0.0000 -0.0000  1.0000

PART 1
OFFSET -2.1681 -3.2868  2.3766
X  0.9774  0.0862 -0.1932
Y -0.0858  0.9963  0.0105
Z  0.1934  0.0063  0.9811

PART 2
OFFSET -8.8209  4.1132  1.7956
X  0.3382 -0.0299 -0.9406
Y -0.0153 -0.9995  0.0263
Z -0.9410  0.0055 -0.3385

PART 3
OFFSET -4.7310  3.7517 -9.5800
X  0.8141 -0.5150  0.2683
Y -0.3072  0.0101  0.9516
Z -0.4928 -0.8571 -0.1499

PART 4
OFFSET  2.1933 -0.6289 -7.2982
X  0.8141 -0.5150  0.2683
Y -0.3723 -0.1084  0.9217
Z -0.4456 -0.8503 -0.2801

PART 5
OFFSET  4.1008 -0.6052 -7.8020
X  0.8149 -0.5127  0.2704
Y  0.4976  0.8580  0.1271
Z -0.2971  0.0310  0.9543

PART 6
OFFSET  3.0525 -1.8036 -8.3443
X  0.8149 -0.5127  0.2704
Y  0.4976  0.8580  0.1271
Z -0.2971  0.0310  0.9543

PART 7
OFFSET  3.6888 -0.9097 -5.2790
X  0.8149 -0.5127  0.2704
Y  0.4976  0.8580  0.1271
Z -0.2971  0.0310  0.9543

PART 8
OFFSET  2.8675 -2.0321 -5.2945
X  0.8149 -0.5127  0.2704
Y  0.4976  0.8580  0.1271
Z -0.2971  0.0310  0.9543

PART 9
OFFSET  2.5616 -2.3428 -6.3675
X  0.8149 -0.5127  0.2704
Y  0.4976  0.8580  0.1271
Z -0.2971  0.0310  0.9543

PART 10
OFFSET  4.6891 -2.2078 -6.4758
X  0.8766 -0.2610  0.4042
Y -0.4302 -0.0487  0.9014
Z -0.2156 -0.9641 -0.1550

PART 11
OFFSET  4.5798 -2.7681 -5.4876
X  0.4913 -0.7271  0.4796
Y -0.6723  0.0336  0.7395
Z -0.5538 -0.6857 -0.4723

PART 12
OFFSET  5.5420 -4.3719 -4.4052
X  0.9574 -0.2809  0.0671
Y -0.2267 -0.5867  0.7775
Z -0.1791 -0.7595 -0.6253

PART 13
OFFSET  7.0810 -4.8755 -4.4133
X  0.8781 -0.2407 -0.4135
Y  0.1715 -0.6486  0.7416
Z -0.4467 -0.7221 -0.5283

PART 14
OFFSET  8.0131 -5.1799 -4.8720
X  0.9705  0.1525  0.1869
Y -0.2191  0.8816  0.4182
Z -0.1010 -0.4467  0.8889

PART 15
OFFSET  5.8479 -2.5714 -7.1302
X  0.9551 -0.2276 -0.1898
Y -0.2652 -0.9422 -0.2046
Z -0.1323  0.2458 -0.9603

PART 16
OFFSET  7.9806 -3.2341 -7.4420
X  0.6439 -0.7463  0.1686
Y -0.7336 -0.6647 -0.1410
Z  0.2173 -0.0329 -0.9755

PART 17
OFFSET  8.8921 -4.2908 -7.2034
X -0.2241 -0.9745 -0.0074
Y -0.9372  0.2176 -0.2727
Z  0.2674 -0.0541 -0.9621

PART 18
OFFSET  8.6934 -5.1548 -7.2099
X -0.9696  0.1284 -0.2085
Y  0.1320  0.9912 -0.0034
Z  0.2062 -0.0308 -0.9780

PART 19
OFFSET  7.7723 -5.0329 -7.4080
X  0.6289 -0.7160  0.3030
Y  0.7496  0.6618  0.0080
Z -0.2063  0.2221  0.9530

PART 20
OFFSET  5.7850 -2.5265 -6.4206
X  0.9651 -0.2392  0.1069
Y -0.2144 -0.9555 -0.2026
Z  0.1506  0.1726 -0.9734

PART 21
OFFSET  8.3168 -3.1005 -6.2833
X  0.3034 -0.9483 -0.0926
Y -0.9460 -0.2881 -0.1489
Z  0.1145  0.1328 -0.9845

PART 22
OFFSET  8.8334 -4.7150 -6.4410
X -0.9277 -0.3372 -0.1605
Y -0.3497  0.9352  0.0566
Z  0.1311  0.1086 -0.9854

PART 23
OFFSET  7.5477 -5.1823 -6.6635
X -0.8877  0.4548 -0.0714
Y  0.4397  0.8836  0.1612
Z  0.1364  0.1117 -0.9843

PART 24
OFFSET  6.5849 -4.6891 -6.7409
X  0.4829 -0.8718 -0.0820
Y  0.8627  0.4576  0.2151
Z -0.1501 -0.1746  0.9731

PART 25
OFFSET  6.5929 -3.6065 -3.8815
X  0.8481 -0.5042  0.1629
Y  0.4440  0.8440  0.3008
Z -0.2891 -0.1828  0.9397

PART 26
OFFSET  7.8607 -2.9032 -4.1632
X  0.7637 -0.6320  0.1321
Y -0.6330 -0.7732 -0.0396
Z  0.1272 -0.0534 -0.9904

PART 27
OFFSET  9.2052 -4.0159 -3.9306
X -0.0923 -0.9941 -0.0566
Y -0.9824  0.1002 -0.1577
Z  0.1625  0.0410 -0.9859

PART 28
OFFSET  9.0830 -5.2269 -3.9396
X -0.8155 -0.5753 -0.0633
Y -0.5639  0.8144 -0.1370
Z  0.1303 -0.0760 -0.9886

PART 29
OFFSET  8.1620 -5.8768 -4.0111
X  0.8112 -0.5692 -0.1338
Y  0.5844  0.7973  0.1511
Z  0.0207 -0.2007  0.9794

PART 30
OFFSET  8.1952 -2.9954 -5.2121
X  0.2694 -0.9482 -0.1686
Y -0.9352 -0.2158 -0.2807
Z  0.2298  0.2333 -0.9449

PART 31
OFFSET  8.7214 -4.8477 -5.5414
X -0.8487 -0.4320 -0.3050
Y -0.4898  0.8596  0.1454
Z  0.1994  0.2728 -0.9412

PART 32
OFFSET  7.4818 -5.4788 -5.9870
X -0.9228  0.3795 -0.0666
Y  0.3296  0.8671  0.3736
Z  0.1995  0.3228 -0.9252

PART 33
OFFSET  6.4378 -5.0473 -6.0692
X  0.4843 -0.8654 -0.1284
Y  0.8587  0.4422  0.2589
Z -0.1673 -0.2357  0.9573

PART 34
OFFSET  6.9692 -4.3583 -6.1019
X  0.0908  0.1382 -0.9862
Y  0.2156  0.9641  0.1550
Z  0.9723 -0.2267  0.0577

PART 35
OFFSET  8.3536 -4.7886 -4.1533
X  0.9391 -0.2457  0.2403
Y  0.2107  0.9640  0.1621
Z -0.2714 -0.1016  0.9571

PART 36
OFFSET  8.3536 -4.7886 -4.1533
X  0.9391 -0.2457  0.2403
Y  0.2107  0.9640  0.1621
Z -0.2714 -0.1016  0.9571

PART 37
OFFSET  13.2370 -6.1143  0.9804
X  0.9391 -0.2457  0.2403
Y  0.2107  0.9640  0.1621
Z -0.2714 -0.1016  0.9571

PART 38
OFFSET  3.3273 -3.5365 -1.3284
X  0.9391 -0.2457  0.2403
Y  0.2107  0.9640  0.1621
Z -0.2714 -0.1016  0.9571

PART 39
OFFSET  21.0162 -8.5119  1.5362
X  0.9391 -0.2457  0.2403
Y  0.2107  0.9640  0.1621
Z -0.2714 -0.1016  0.9571

PART 40
OFFSET -0.7366 -11.1088  0.3000
X  0.8353 -0.1377  0.5322
Y -0.0005 -0.9683 -0.2497
Z  0.5497  0.2084 -0.8089

PART 41
OFFSET -10.8390 -9.4439 -6.1367
X -0.8154 -0.5248  0.2444
Y -0.5068  0.4430 -0.7395
Z  0.2798 -0.7269 -0.6272

PART 42
OFFSET -3.9040 -4.9801 -8.2158
X -0.8154 -0.5248  0.2444
Y -0.3842  0.1747 -0.9066
Z  0.4331 -0.8331 -0.3441

PART 43
OFFSET -2.8169 -3.3633 -7.0089
X -0.8131 -0.5253  0.2508
Y -0.2698  0.7219  0.6373
Z -0.5158  0.4506 -0.7287

PART 44
OFFSET -1.9296 -3.8328 -6.6159
X -0.8131 -0.5253  0.2508
Y -0.2698  0.7219  0.6373
Z -0.5158  0.4506 -0.7287

PART 45
OFFSET -1.8039 -4.8174 -8.7142
X -0.8131 -0.5253  0.2508
Y -0.2698  0.7219  0.6373
Z -0.5158  0.4506 -0.7287

PART 46
OFFSET -1.4043 -3.3712 -8.9651
X -0.9053  0.2531 -0.3411
Y  0.3715  0.0829 -0.9247
Z -0.2058 -0.9639 -0.1691

PART 47
OFFSET -1.2713 -3.1695 -7.8498
X -0.4900 -0.2303 -0.8408
Y  0.7836  0.3063 -0.5405
Z  0.3820 -0.9237  0.0304

PART 48
OFFSET -0.3135 -2.6515 -5.9832
X -0.9296 -0.1373 -0.3422
Y  0.3476 -0.0171 -0.9375
Z  0.1228 -0.9904  0.0636

PART 49
OFFSET  1.1941 -2.3201 -5.4938
X -0.9566 -0.2545  0.1419
Y -0.1244 -0.0835 -0.9887
Z  0.2635 -0.9635  0.0483

PART 50
OFFSET  2.2186 -1.9994 -5.6326
X -0.9010  0.4138 -0.1300
Y  0.3895  0.9038  0.1773
Z  0.1909  0.1091 -0.9755

PART 51
OFFSET -0.1990 -3.3020 -9.6324
X -0.9632  0.1188  0.2409
Y -0.1515 -0.9809 -0.1223
Z  0.2218 -0.1543  0.9628

PART 52
OFFSET  2.0161 -3.4711 -10.0187
X -0.9759 -0.2149 -0.0379
Y  0.2182 -0.9610 -0.1698
Z  0.0000 -0.1739  0.9848

PART 53
OFFSET  3.3978 -3.1668 -9.9649
X -0.3577 -0.9183 -0.1697
Y  0.9323 -0.3617 -0.0076
Z -0.0544 -0.1609  0.9855

PART 54
OFFSET  3.7149 -2.3525 -9.8144
X  0.3281 -0.9292 -0.1703
Y  0.9446  0.3249  0.0476
Z  0.0111 -0.1765  0.9842

PART 55
OFFSET  3.4032 -1.4698 -9.6526
X -0.8455  0.5323 -0.0420
Y  0.5033  0.8209  0.2699
Z  0.1781  0.2071 -0.9620

PART 56
OFFSET -0.2755 -3.5472 -8.9665
X -0.9769  0.2096 -0.0416
Y -0.2033 -0.9716 -0.1214
Z -0.0659 -0.1101  0.9917

PART 57
OFFSET  2.2652 -4.0963 -9.0085
X -0.9536 -0.2856 -0.0950
Y  0.2969 -0.9445 -0.1404
Z -0.0497 -0.1621  0.9855

PART 58
OFFSET  3.8888 -3.6101 -8.8467
X -0.2463 -0.9531 -0.1760
Y  0.9661 -0.2560  0.0340
Z -0.0775 -0.1617  0.9838

PART 59
OFFSET  4.2302 -2.2892 -8.6027
X  0.3718 -0.9209 -0.1167
Y  0.9252  0.3572  0.1282
Z -0.0763 -0.1557  0.9849

PART 60
OFFSET  3.8270 -1.2904 -8.4761
X -0.8369  0.5428  0.0709
Y  0.5473  0.8269  0.1295
Z  0.0117  0.1471 -0.9890

PART 61
OFFSET -5.5969 -2.9047 -9.6932
X -0.9809 -0.0459 -0.1891
Y -0.0518  0.9983  0.0264
Z  0.1876  0.0357 -0.9816

PART 62
OFFSET  1.7665 -4.7782 -7.0015
X -0.8144 -0.3756 -0.4424
Y  0.3535 -0.9256  0.1352
Z -0.4603 -0.0462  0.8866

PART 63
OFFSET  3.2004 -4.1170 -6.2226
X -0.5874 -0.7466 -0.3123
Y  0.6553 -0.6652  0.3578
Z -0.4749  0.0055  0.8800

PART 64
OFFSET  3.8856 -3.2090 -5.7895
X -0.3391 -0.9041 -0.2599
Y  0.7960 -0.4230  0.4329
Z -0.5014 -0.0601  0.8632

PART 65
OFFSET  4.2686 -2.1877 -5.4960
X -0.7492  0.6593 -0.0634
Y  0.6255  0.7358  0.2596
Z  0.2178  0.1548 -0.9636

PART 66
OFFSET  2.1099 -4.4884 -8.0107
X -0.8627 -0.3776 -0.3364
Y  0.3845 -0.9218  0.0487
Z -0.3285 -0.0874  0.9405

PART 67
OFFSET  3.7953 -3.7508 -7.3535
X -0.2589 -0.9515 -0.1661
Y  0.9221 -0.2947  0.2508
Z -0.2876 -0.0883  0.9537

PART 68
OFFSET  4.1735 -2.3610 -7.1108
X  0.2973 -0.9548 -0.0060
Y  0.9262  0.2868  0.2448
Z -0.2320 -0.0783  0.9696

PART 69
OFFSET  3.8391 -1.2789 -7.1107
X -0.8047  0.5539 -0.2138
Y  0.4987  0.8259  0.2629
Z  0.3222  0.1050 -0.9408

PART 70
OFFSET  0.0000 -0.0000 -0.0000
X  1.0000 -0.0000  0.0000
Y  0.0000  1.0000  0.0000
Z  0.0000 -0.0000  1.0000

PART 71
OFFSET  0.0000 -0.0000 -0.0000
X  0.9953  0.0000  0.0970
Y -0.0117  0.9927  0.1201
Z -0.0963 -0.1207  0.9880

PART 72
OFFSET  1.1350 -0.4991  4.2355
X  0.9953  0.0000  0.0970
Y -0.0117  0.9927  0.1201
Z -0.0963 -0.1207  0.9880


FRAME 91
PART 0
OFFSET  0.0000 -0.0000 -0.0000
X  1.0000 -0.0000  0.0000
Y  0.0000  1.0000  0.0000
Z  0.0000 -0.0000  1.0000

PART 1
OFFSET -2.1681 -3.2868  2.3766
X  0.9774  0.0862 -0.1932
Y -0.0858  0.9963  0.0105
Z  0.1934  0.0063  0.9811

PART 2
OFFSET -8.8209  4.1132  1.7956
X  0.3276 -0.0224 -0.9445
Y -0.0199 -0.9997  0.0168
Z -0.9446  0.0133 -0.3280

PART 3
OFFSET -4.8584  3.8427 -9.6275
X  0.8059 -0.5212  0.2809
Y -0.3193  0.0170  0.9475
Z -0.4986 -0.8533 -0.1528

PART 4
OFFSET  1.9958 -0.5905 -7.2382
X  0.8059 -0.5212  0.2809
Y -0.3840 -0.0990  0.9180
Z -0.4507 -0.8477 -0.2800

PART 5
OFFSET  3.9098 -0.5862 -7.7174
X  0.8067 -0.5189  0.2830
Y  0.5037  0.8540  0.1300
Z -0.3091  0.0377  0.9503

PART 6
OFFSET  2.8577 -1.7773 -8.2682
X  0.8067 -0.5189  0.2830
Y  0.5037  0.8540  0.1300
Z -0.3091  0.0377  0.9503

PART 7
OFFSET  3.4625 -0.8762 -5.1987
X  0.8067 -0.5189  0.2830
Y  0.5037  0.8540  0.1300
Z -0.3091  0.0377  0.9503

PART 8
OFFSET  2.6313 -1.9911 -5.2202
X  0.8067 -0.5189  0.2830
Y  0.5037  0.8540  0.1300
Z -0.3091  0.0377  0.9503

PART 9
OFFSET  2.3365 -2.3037 -6.2957
X  0.8067 -0.5189  0.2830
Y  0.5037  0.8540  0.1300
Z -0.3091  0.0377  0.9503

PART 10
OFFSET  4.4663 -2.1884 -6.3770
X  0.9152 -0.2507  0.3156
Y -0.3417 -0.0672  0.9374
Z -0.2138 -0.9657 -0.1471

PART 11
OFFSET  4.4605 -2.7625 -5.3908
X  0.5463 -0.7243  0.4207
Y -0.5994  0.0129  0.8004
Z -0.5851 -0.6894 -0.4271

PART 12
OFFSET  5.5470 -4.3626 -4.4268
X  0.9638 -0.2651 -0.0279
Y -0.1422 -0.6000  0.7873
Z -0.2255 -0.7548 -0.6160

PART 13
OFFSET  7.0861 -4.8393 -4.5878
X  0.8386 -0.2203 -0.4983
Y  0.2516 -0.6546  0.7129
Z -0.4832 -0.7232 -0.4934

PART 14
OFFSET  7.9751 -5.1218 -5.1371
X  0.9813  0.1670  0.0961
Y -0.1925  0.8725  0.4492
Z -0.0088 -0.4593  0.8883

PART 15
OFFSET  5.5634 -2.5238 -7.1435
X  0.9362 -0.2087 -0.2827
Y -0.2683 -0.9441 -0.1916
Z -0.2269  0.2552 -0.9399

PART 16
OFFSET  7.6671 -3.1456 -7.6653
X  0.6689 -0.7371  0.0964
Y -0.7330 -0.6756 -0.0800
Z  0.1241 -0.0172 -0.9921

PART 17
OFFSET  8.6141 -4.1892 -7.5288
X -0.2081 -0.9781  0.0004
Y -0.9622  0.2047 -0.1795
Z  0.1755 -0.0377 -0.9838

PART 18
OFFSET  8.4295 -5.0564 -7.5284
X -0.9869  0.1141 -0.1138
Y  0.1151  0.9934 -0.0022
Z  0.1128 -0.0152 -0.9935

PART 19
OFFSET  7.4919 -4.9480 -7.6365
X  0.6663 -0.7087  0.2321
Y  0.7362  0.6746 -0.0540
Z -0.1183  0.2068  0.9712

PART 20
OFFSET  5.5675 -2.4887 -6.4305
X  0.9746 -0.2238  0.0115
Y -0.2173 -0.9565 -0.1946
Z  0.0546  0.1871 -0.9808

PART 21
OFFSET  8.1098 -3.0204 -6.5419
X  0.3084 -0.9418 -0.1341
Y -0.9511 -0.3026 -0.0625
Z  0.0182  0.1468 -0.9890

PART 22
OFFSET  8.6349 -4.6237 -6.7702
X -0.9332 -0.3512 -0.0765
Y -0.3577  0.9282  0.1024
Z  0.0350  0.1229 -0.9918

PART 23
OFFSET  7.3415 -5.1105 -6.8762
X -0.8977  0.4402  0.0194
Y  0.4387  0.8890  0.1310
Z  0.0404  0.1261 -0.9912

PART 24
OFFSET  6.3680 -4.6331 -6.8551
X  0.4869 -0.8623 -0.1395
Y  0.8718  0.4698  0.1386
Z -0.0540 -0.1891  0.9805

PART 25
OFFSET  6.6305 -3.5855 -3.9947
X  0.8677 -0.4914  0.0747
Y  0.4570  0.8478  0.2690
Z -0.1955 -0.1993  0.9602

PART 26
OFFSET  7.8542 -2.8570 -4.3856
X  0.7828 -0.6202  0.0503
Y -0.6214 -0.7835  0.0099
Z  0.0333 -0.0390 -0.9987

PART 27
OFFSET  9.2324 -3.9490 -4.2971
X -0.0813 -0.9948 -0.0613
Y -0.9944  0.0851 -0.0624
Z  0.0673  0.0559 -0.9962

PART 28
OFFSET  9.1295 -5.1618 -4.3111
X -0.8084 -0.5886  0.0064
Y -0.5874  0.8061 -0.0716
Z  0.0370 -0.0616 -0.9974

PART 29
OFFSET  8.2163 -5.8266 -4.3038
X  0.8039 -0.5534 -0.2180
Y  0.5832  0.8054  0.1059
Z  0.1170 -0.2123  0.9702

PART 30
OFFSET  8.0889 -2.9306 -5.4627
X  0.2673 -0.9412 -0.2065
Y -0.9541 -0.2285 -0.1937
Z  0.1351  0.2488 -0.9591

PART 31
OFFSET  8.6111 -4.7693 -5.8660
X -0.8668 -0.4429 -0.2291
Y -0.4875  0.8492  0.2030
Z  0.1046  0.2877 -0.9520

PART 32
OFFSET  7.3450 -5.4162 -6.2006
X -0.9309  0.3642  0.0265
Y  0.3496  0.8680  0.3526
Z  0.1054  0.3375 -0.9354

PART 33
OFFSET  6.2912 -5.0019 -6.1775
X  0.4838 -0.8553 -0.1857
Y  0.8723  0.4538  0.1824
Z -0.0717 -0.2502  0.9655

PART 34
OFFSET  6.8059 -4.3035 -6.2509
X -0.0056  0.1519 -0.9884
Y  0.2138  0.9657  0.1472
Z  0.9769 -0.2105 -0.0379

PART 35
OFFSET  8.3761 -4.7335 -4.4486
X  0.9615 -0.2323  0.1467
Y  0.2096  0.9655  0.1547
Z -0.1775 -0.1180  0.9770

PART 36
OFFSET  8.3761 -4.7335 -4.4486
X  0.9615 -0.2323  0.1467
Y  0.2096  0.9655  0.1547
Z -0.1775 -0.1180  0.9770

PART 37
OFFSET  13.7462 -6.0372  0.1799
X  0.9615 -0.2323  0.1467
Y  0.2096  0.9655  0.1547
Z -0.1775 -0.1180  0.9770

PART 38
OFFSET  3.6217 -3.6033 -1.1425
X  0.9615 -0.2323  0.1467
Y  0.2096  0.9655  0.1547
Z -0.1775 -0.1180  0.9770

PART 39
OFFSET  21.5805 -8.3065 -0.0381
X  0.9615 -0.2323  0.1467
Y  0.2096  0.9655  0.1547
Z -0.1775 -0.1180  0.9770

PART 40
OFFSET -0.7366 -11.1088  0.3000
X  0.8550 -0.0979  0.5093
Y  0.0563 -0.9587 -0.2788
Z  0.5156  0.2670 -0.8142

PART 41
OFFSET -11.0765 -9.9248 -5.8600
X -0.8003 -0.5616  0.2103
Y -0.5126  0.4586 -0.7259
Z  0.3113 -0.6887 -0.6548

PART 42
OFFSET -4.2700 -5.1482 -7.6483
X -0.8003 -0.5616  0.2103
Y -0.3556  0.1620 -0.9205
Z  0.4829 -0.8114 -0.3293

PART 43
OFFSET -3.2518 -3.5519 -6.3571
X -0.7981 -0.5623  0.2166
Y -0.3012  0.6836  0.6648
Z -0.5219  0.4654 -0.7149

PART 44
OFFSET -2.3539 -4.0091 -5.9734
X -0.7981 -0.5623  0.2166
Y -0.3012  0.6836  0.6648
Z -0.5219  0.4654 -0.7149

PART 45
OFFSET -2.1709 -4.8947 -8.1112
X -0.7981 -0.5623  0.2166
Y -0.3012  0.6836  0.6648
Z -0.5219  0.4654 -0.7149

PART 46
OFFSET -1.8167 -3.4265 -8.2929
X -0.9376  0.2416 -0.2501
Y  0.2805  0.1006 -0.9546
Z -0.2054 -0.9652 -0.1621

PART 47
OFFSET -1.5815 -3.2362 -7.1925
X -0.5639 -0.2285 -0.7936
Y  0.7236  0.3264 -0.6082
Z  0.3979 -0.9172 -0.0187

PART 48
OFFSET -0.4590 -2.7246 -5.4182
X -0.9556 -0.1491 -0.2543
Y  0.2571  0.0004 -0.9664
Z  0.1442 -0.9888  0.0379

PART 49
OFFSET  1.0828 -2.3731 -5.0696
X -0.9346 -0.2727  0.2285
Y -0.2165 -0.0736 -0.9735
Z  0.2823 -0.9593  0.0097

PART 50
OFFSET  2.0842 -2.0331 -5.3005
X -0.9158  0.3997 -0.0382
Y  0.3900  0.9082  0.1520
Z  0.0955  0.1243 -0.9876

PART 51
OFFSET -0.6815 -3.3283 -9.0705
X -0.9378  0.0991  0.3328
Y -0.1467 -0.9818 -0.1209
Z  0.3148 -0.1622  0.9352

PART 52
OFFSET  1.4892 -3.4543 -9.6675
X -0.9715 -0.2312  0.0519
Y  0.2165 -0.9550 -0.2030
Z  0.0965 -0.1860  0.9778

PART 53
OFFSET  2.8647 -3.1268 -9.7408
X -0.3574 -0.9222 -0.1477
Y  0.9330 -0.3454 -0.1010
Z  0.0421 -0.1739  0.9839

PART 54
OFFSET  3.1816 -2.3091 -9.6098
X  0.3254 -0.9212 -0.2135
Y  0.9395  0.3406 -0.0377
Z  0.1074 -0.1883  0.9762

PART 55
OFFSET  2.8725 -1.4339 -9.4070
X -0.8541  0.5180  0.0458
Y  0.5134  0.8261  0.2323
Z  0.0825  0.2219 -0.9716

PART 56
OFFSET -0.6904 -3.5829 -8.4038
X -0.9797  0.1931  0.0541
Y -0.1982 -0.9734 -0.1149
Z  0.0305 -0.1233  0.9919

PART 57
OFFSET  1.8433 -4.0874 -8.6942
X -0.9536 -0.3009 -0.0081
Y  0.2973 -0.9375 -0.1810
Z  0.0469 -0.1750  0.9835

PART 58
OFFSET  3.4668 -3.5751 -8.6805
X -0.2466 -0.9550 -0.1650
Y  0.9689 -0.2396 -0.0613
Z  0.0190 -0.1750  0.9844

PART 59
OFFSET  3.8086 -2.2516 -8.4518
X  0.3737 -0.9129 -0.1642
Y  0.9273  0.3716  0.0447
Z  0.0202 -0.1690  0.9854

PART 60
OFFSET  3.4033 -1.2616 -8.2737
X -0.8349  0.5273  0.1575
Y  0.5438  0.8346  0.0884
Z -0.0848  0.1594 -0.9836

PART 61
OFFSET -6.0664 -3.0238 -8.6134
X -0.9936 -0.0606 -0.0958
Y -0.0651  0.9969  0.0450
Z  0.0928  0.0509 -0.9944

PART 62
OFFSET  1.5487 -4.8023 -6.6586
X -0.8466 -0.3842 -0.3683
Y  0.3796 -0.9209  0.0883
Z -0.3731 -0.0650  0.9255

PART 63
OFFSET  3.0393 -4.1260 -6.0102
X -0.6023 -0.7528 -0.2655
Y  0.6970 -0.6581  0.2848
Z -0.3891 -0.0135  0.9211

PART 64
OFFSET  3.7479 -3.2116 -5.6316
X -0.3477 -0.9066 -0.2390
Y  0.8403 -0.4144  0.3496
Z -0.4160 -0.0793  0.9059

PART 65
OFFSET  4.1407 -2.1876 -5.3616
X -0.7624  0.6469  0.0171
Y  0.6354  0.7433  0.2092
Z  0.1227  0.1703 -0.9777

PART 66
OFFSET  1.7899 -4.4943 -7.6917
X -0.8846 -0.3884 -0.2582
Y  0.4022 -0.9156 -0.0008
Z -0.2361 -0.1045  0.9661

PART 67
OFFSET  3.5180 -3.7357 -7.1873
X -0.2582 -0.9537 -0.1540
Y  0.9464 -0.2817  0.1581
Z -0.1942 -0.1049  0.9753

PART 68
OFFSET  3.8952 -2.3427 -6.9623
X  0.3107 -0.9493 -0.0473
Y  0.9405  0.2998  0.1597
Z -0.1375 -0.0941  0.9860

PART 69
OFFSET  3.5450 -1.2666 -6.9156
X -0.8302  0.5425 -0.1288
Y  0.5081  0.8312  0.2258
Z  0.2295  0.1220 -0.9656

PART 70
OFFSET  0.0000 -0.0000 -0.0000
X  1.0000 -0.0000  0.0000
Y  0.0000  1.0000  0.0000
Z  0.0000 -0.0000  1.0000

PART 71
OFFSET  0.0000 -0.0000 -0.0000
X  0.9995 -0.0000  0.0313
Y -0.0030  0.9954  0.0957
Z -0.0311 -0.0957  0.9949

PART 72
OFFSET  1.4109 -0.3958  4.1629
X  0.9995 -0.0000  0.0313
Y -0.0030  0.9954  0.0957
Z -0.0311 -0.0957  0.9949


FRAME 92
PART 0
OFFSET  0.0000 -0.0000 -0.0000
X  1.0000 -0.0000  0.0000
Y  0.0000  1.0000  0.0000
Z  0.0000 -0.0000  1.0000

PART 1
OFFSET -2.1681 -3.2868  2.3766
X  0.9774  0.0862 -0.1932
Y -0.0858  0.9963  0.0105
Z  0.1934  0.0063  0.9811

PART 2
OFFSET -8.8209  4.1132  1.7956
X  0.3182 -0.0152 -0.9479
Y -0.0258 -0.9996  0.0074
Z -0.9477  0.0221 -0.3185

PART 3
OFFSET -4.9725  3.9292 -9.6682
X  0.8011 -0.5286  0.2808
Y -0.3208  0.0169  0.9470
Z -0.5053 -0.8487 -0.1560

PART 4
OFFSET  1.8413 -0.5664 -7.2799
X  0.8011 -0.5286  0.2808
Y -0.3849 -0.0958  0.9180
Z -0.4583 -0.8435 -0.2802

PART 5
OFFSET  3.7561 -0.5763 -7.7558
X  0.8019 -0.5262  0.2829
Y  0.5104  0.8495  0.1332
Z -0.3104  0.0376  0.9498

PART 6
OFFSET  2.6952 -1.7573 -8.3117
X  0.8019 -0.5262  0.2829
Y  0.5104  0.8495  0.1332
Z -0.3104  0.0376  0.9498

PART 7
OFFSET  3.3021 -0.8697 -5.2387
X  0.8019 -0.5262  0.2829
Y  0.5104  0.8495  0.1332
Z -0.3104  0.0376  0.9498

PART 8
OFFSET  2.4619 -1.9778 -5.2647
X  0.8019 -0.5262  0.2829
Y  0.5104  0.8495  0.1332
Z -0.3104  0.0376  0.9498

PART 9
OFFSET  2.1664 -2.2849 -6.3416
X  0.8019 -0.5262  0.2829
Y  0.5104  0.8495  0.1332
Z -0.3104  0.0376  0.9498

PART 10
OFFSET  4.2972 -2.1868 -6.4190
X  0.9609 -0.2133  0.1764
Y -0.1999 -0.0939  0.9753
Z -0.1914 -0.9725 -0.1328

PART 11
OFFSET  4.4580 -2.7726 -5.4530
X  0.6315 -0.7042  0.3246
Y -0.4778 -0.0238  0.8781
Z -0.6106 -0.7096 -0.3515

PART 12
OFFSET  5.7391 -4.3339 -4.6845
X  0.9601 -0.2213 -0.1707
Y -0.0017 -0.6153  0.7883
Z -0.2795 -0.7566 -0.5912

PART 13
OFFSET  7.2579 -4.7393 -5.0733
X  0.7667 -0.1764 -0.6173
Y  0.3793 -0.6513  0.6572
Z -0.5180 -0.7380 -0.4324

PART 14
OFFSET  8.0697 -4.9749 -5.7495
X  0.9769  0.2096 -0.0425
Y -0.1627  0.8574  0.4882
Z  0.1388 -0.4700  0.8717

PART 15
OFFSET  5.2857 -2.4633 -7.3409
X  0.8938 -0.1631 -0.4178
Y -0.2526 -0.9528 -0.1686
Z -0.3706  0.2562 -0.8928

PART 16
OFFSET  7.3169 -2.9838 -8.1703
X  0.7066 -0.7075 -0.0142
Y -0.7074 -0.7067  0.0134
Z -0.0195  0.0005 -0.9998

PART 17
OFFSET  8.3172 -3.9855 -8.1904
X -0.1641 -0.9864  0.0121
Y -0.9859  0.1635 -0.0359
Z  0.0334 -0.0178 -0.9993

PART 18
OFFSET  8.1718 -4.8600 -8.1796
X -0.9970  0.0712  0.0310
Y  0.0712  0.9975 -0.0002
Z -0.0310  0.0020 -0.9995

PART 19
OFFSET  7.2246 -4.7925 -8.1502
X  0.7223 -0.6809  0.1210
Y  0.6914  0.7075 -0.1464
Z  0.0141  0.1894  0.9818

PART 20
OFFSET  5.3910 -2.4367 -6.6354
X  0.9747 -0.1800 -0.1324
Y -0.2021 -0.9628 -0.1791
Z -0.0953  0.2013 -0.9749

PART 21
OFFSET  7.9110 -2.8526 -7.1199
X  0.3257 -0.9253 -0.1943
Y -0.9364 -0.3441  0.0689
Z -0.1307  0.1595 -0.9785

PART 22
OFFSET  8.4655 -4.4279 -7.4508
X -0.9186 -0.3917  0.0516
Y -0.3784  0.9099  0.1698
Z -0.1135  0.1365 -0.9841

PART 23
OFFSET  7.1924 -4.9707 -7.3792
X -0.9035  0.3992  0.1560
Y  0.4148  0.9061  0.0831
Z -0.1082  0.1398 -0.9842

PART 24
OFFSET  6.2125 -4.5378 -7.2100
X  0.4980 -0.8378 -0.2238
Y  0.8619  0.5067  0.0209
Z  0.0959 -0.2033  0.9744

PART 25
OFFSET  6.8394 -3.5144 -4.3978
X  0.8896 -0.4529 -0.0596
Y  0.4545  0.8641  0.2164
Z -0.0465 -0.2195  0.9745

PART 26
OFFSET  7.9619 -2.7271 -4.9466
X  0.8076 -0.5851 -0.0739
Y -0.5795 -0.8106  0.0844
Z -0.1093 -0.0253 -0.9937

PART 27
OFFSET  9.3838 -3.7573 -5.0768
X -0.0469 -0.9966 -0.0674
Y -0.9957  0.0412  0.0824
Z -0.0793  0.0710 -0.9943

PART 28
OFFSET  9.3317 -4.9732 -5.0984
X -0.7733 -0.6242  0.1113
Y -0.6254  0.7798  0.0283
Z -0.1045 -0.0477 -0.9934

PART 29
OFFSET  8.4582 -5.6783 -4.9726
X  0.7869 -0.5142 -0.3412
Y  0.5576  0.8294  0.0361
Z  0.2644 -0.2187  0.9393

PART 30
OFFSET  8.0420 -2.7770 -6.0473
X  0.2747 -0.9257 -0.2601
Y -0.9614 -0.2686 -0.0591
Z -0.0151  0.2663 -0.9638

PART 31
OFFSET  8.5785 -4.5854 -6.5554
X -0.8711 -0.4784 -0.1106
Y -0.4889  0.8239  0.2865
Z -0.0459  0.3037 -0.9517

PART 32
OFFSET  7.3061 -5.2843 -6.7169
X -0.9321  0.3218  0.1664
Y  0.3595  0.8784  0.3149
Z -0.0449  0.3533 -0.9344

PART 33
OFFSET  6.2499 -4.9179 -6.5353
X  0.4880 -0.8304 -0.2690
Y  0.8693  0.4902  0.0638
Z  0.0789 -0.2649  0.9610

PART 34
OFFSET  6.7185 -4.1963 -6.6688
X -0.1544  0.1635 -0.9744
Y  0.1915  0.9725  0.1328
Z  0.9693 -0.1661 -0.1814

PART 35
OFFSET  8.5487 -4.5775 -5.1185
X  0.9816 -0.1907  0.0030
Y  0.1884  0.9719  0.1409
Z -0.0298 -0.1377  0.9900

PART 36
OFFSET  8.5487 -4.5775 -5.1185
X  0.9816 -0.1907  0.0030
Y  0.1884  0.9719  0.1409
Z -0.0298 -0.1377  0.9900

PART 37
OFFSET  14.5801 -5.6956 -1.3326
X  0.9816 -0.1907  0.0030
Y  0.1884  0.9719  0.1409
Z -0.0298 -0.1377  0.9900

PART 38
OFFSET  4.2764 -3.7019 -1.1446
X  0.9816 -0.1907  0.0030
Y  0.1884  0.9719  0.1409
Z -0.0298 -0.1377  0.9900

PART 39
OFFSET  22.3908 -7.6087 -2.7134
X  0.9816 -0.1907  0.0030
Y  0.1884  0.9719  0.1409
Z -0.0298 -0.1377  0.9900

PART 40
OFFSET -0.7366 -11.1088  0.3000
X  0.8725 -0.0491  0.4861
Y  0.1186 -0.9439 -0.3082
Z  0.4740  0.3266 -0.8177

PART 41
OFFSET -11.2887 -10.5153 -5.5790
X -0.7908 -0.5906  0.1606
Y -0.5064  0.4842 -0.7135
Z  0.3436 -0.6456 -0.6820

PART 42
OFFSET -4.5623 -5.4922 -6.9448
X -0.7908 -0.5906  0.1606
Y -0.2913  0.1325 -0.9474
Z  0.5382 -0.7960 -0.2768

PART 43
OFFSET -3.6147 -3.9429 -5.5468
X -0.7888 -0.5915  0.1669
Y -0.3337  0.6402  0.6919
Z -0.5162  0.4901 -0.7024

PART 44
OFFSET -2.7152 -4.3986 -5.1653
X -0.7888 -0.5915  0.1669
Y -0.3337  0.6402  0.6919
Z -0.5162  0.4901 -0.7024

PART 45
OFFSET -2.4596 -5.1654 -7.3412
X -0.7888 -0.5915  0.1669
Y -0.3337  0.6402  0.6919
Z -0.5162  0.4901 -0.7024

PART 46
OFFSET -2.1378 -3.6817 -7.4370
X -0.9733  0.2023 -0.1086
Y  0.1356  0.1248 -0.9829
Z -0.1853 -0.9713 -0.1489

PART 47
OFFSET -1.7548 -3.4944 -6.3784
X -0.6621 -0.2438 -0.7086
Y  0.6139  0.3659 -0.6995
Z  0.4298 -0.8982 -0.0925

PART 48
OFFSET -0.4113 -2.9548 -4.7741
X -0.9750 -0.1887 -0.1174
Y  0.1150  0.0237 -0.9931
Z  0.1902 -0.9818 -0.0014

PART 49
OFFSET  1.1483 -2.5389 -4.6437
X -0.8794 -0.3171  0.3550
Y -0.3511 -0.0713 -0.9336
Z  0.3214 -0.9457 -0.0486

PART 50
OFFSET  2.0906 -2.1515 -5.0095
X -0.9280  0.3587  0.1009
Y  0.3688  0.9228  0.1113
Z -0.0532  0.1405 -0.9886

PART 51
OFFSET -1.1317 -3.5232 -8.3673
X -0.8834  0.0529  0.4656
Y -0.1206 -0.9858 -0.1168
Z  0.4528 -0.1594  0.8772

PART 52
OFFSET  0.9339 -3.5445 -9.2716
X -0.9432 -0.2752  0.1863
Y  0.2255 -0.9418 -0.2495
Z  0.2441 -0.1934  0.9503

PART 53
OFFSET  2.2692 -3.1549 -9.5353
X -0.3353 -0.9354 -0.1120
Y  0.9226 -0.3020 -0.2401
Z  0.1907 -0.1838  0.9643

PART 54
OFFSET  2.5665 -2.3254 -9.4359
X  0.3302 -0.9030 -0.2749
Y  0.9089  0.3827 -0.1657
Z  0.2549 -0.1952  0.9471

PART 55
OFFSET  2.2529 -1.4675 -9.1747
X -0.8599  0.4786  0.1773
Y  0.5059  0.8454  0.1715
Z -0.0678  0.2372 -0.9691

PART 56
OFFSET -1.0336 -3.7861 -7.7111
X -0.9690  0.1484  0.1976
Y -0.1711 -0.9798 -0.1033
Z  0.1783 -0.1340  0.9748

PART 57
OFFSET  1.4510 -4.1730 -8.3710
X -0.9312 -0.3432  0.1232
Y  0.3078 -0.9209 -0.2391
Z  0.1955 -0.1847  0.9632

PART 58
OFFSET  3.0363 -3.5887 -8.5807
X -0.2269 -0.9630 -0.1456
Y  0.9593 -0.1952 -0.2040
Z  0.1680 -0.1860  0.9681

PART 59
OFFSET  3.3508 -2.2541 -8.3789
X  0.3847 -0.8931 -0.2330
Y  0.9074  0.4122 -0.0818
Z  0.1691 -0.1799  0.9690

PART 60
OFFSET  2.9336 -1.2854 -8.1262
X -0.8252  0.4874  0.2853
Y  0.5148  0.8570  0.0249
Z -0.2323  0.1674 -0.9581

PART 61
OFFSET -6.4026 -3.4659 -7.1374
X -0.9935 -0.1039  0.0465
Y -0.1004  0.9923  0.0723
Z -0.0537  0.0672 -0.9963

PART 62
OFFSET  1.4834 -4.9252 -6.3278
X -0.8737 -0.4172 -0.2502
Y  0.4272 -0.9040  0.0159
Z -0.2328 -0.0930  0.9681

PART 63
OFFSET  3.0217 -4.1907 -5.8874
X -0.6017 -0.7757 -0.1903
Y  0.7581 -0.6296  0.1697
Z -0.2514 -0.0422  0.9670

PART 64
OFFSET  3.7379 -3.2502 -5.5974
X -0.3396 -0.9183 -0.2034
Y  0.8988 -0.3806  0.2178
Z -0.2774 -0.1089  0.9546

PART 65
OFFSET  4.1214 -2.2129 -5.3676
X -0.7788  0.6119  0.1382
Y  0.6267  0.7684  0.1297
Z -0.0268  0.1876 -0.9819

PART 66
OFFSET  1.5600 -4.5940 -7.3789
X -0.8952 -0.4244 -0.1359
Y  0.4365 -0.8965 -0.0754
Z -0.0898 -0.1268  0.9879

PART 67
OFFSET  3.3088 -3.7650 -7.1135
X -0.2368 -0.9624 -0.1330
Y  0.9704 -0.2410  0.0156
Z -0.0470 -0.1254  0.9910

PART 68
OFFSET  3.6548 -2.3593 -6.9192
X  0.3408 -0.9338 -0.1089
Y  0.9401  0.3397  0.0288
Z  0.0101 -0.1122  0.9936

PART 69
OFFSET  3.2695 -1.3007 -6.8028
X -0.8624  0.5063  0.0016
Y  0.4995  0.8503  0.1660
Z  0.0826  0.1440 -0.9861

PART 70
OFFSET  0.0000 -0.0000 -0.0000
X  1.0000 -0.0000  0.0000
Y  0.0000  1.0000  0.0000
Z  0.0000 -0.0000  1.0000

PART 71
OFFSET -0.0000 -0.0000 -0.0000
X  0.9984 -0.0000 -0.0573
Y  0.0030  0.9986  0.0523
Z  0.0572 -0.0524  0.9970

PART 72
OFFSET  1.7743 -0.2165  4.0351
X  0.9984 -0.0000 -0.0573
Y  0.0030  0.9986  0.0523
Z  0.0572 -0.0524  0.9970


FRAME 93
PART 0
OFFSET  0.0000 -0.0000 -0.0000
X  1.0000 -0.0000  0.0000
Y  0.0000  1.0000  0.0000
Z  0.0000 -0.0000  1.0000

PART 1
OFFSET -2.1681 -3.2868  2.3766
X  0.9774  0.0862 -0.1932
Y -0.0858  0.9963  0.0105
Z  0.1934  0.0063  0.9811

PART 2
OFFSET -8.8209  4.1132  1.7956
X  0.3118 -0.0106 -0.9501
Y -0.0272 -0.9996  0.0022
Z -0.9498  0.0251 -0.3119

PART 3
OFFSET -5.0506  3.9852 -9.6949
X  0.7985 -0.5310  0.2837
Y -0.3238  0.0186  0.9459
Z -0.5075 -0.8472 -0.1571

PART 4
OFFSET  1.7408 -0.5309 -7.2815
X  0.7985 -0.5310  0.2837
Y -0.3842 -0.0865  0.9192
Z -0.4635 -0.8430 -0.2731

PART 5
OFFSET  3.6571 -0.5473 -7.7512
X  0.7993 -0.5286  0.2858
Y  0.5127  0.8480  0.1343
Z -0.3134  0.0392  0.9488

PART 6
OFFSET  2.5943 -1.7252 -8.3099
X  0.7993 -0.5286  0.2858
Y  0.5127  0.8480  0.1343
Z -0.3134  0.0392  0.9488

PART 7
OFFSET  3.1940 -0.8376 -5.2355
X  0.7993 -0.5286  0.2858
Y  0.5127  0.8480  0.1343
Z -0.3134  0.0392  0.9488

PART 8
OFFSET  2.3503 -1.9430 -5.2635
X  0.7993 -0.5286  0.2858
Y  0.5127  0.8480  0.1343
Z -0.3134  0.0392  0.9488

PART 9
OFFSET  2.0573 -2.2498 -6.3411
X  0.7993 -0.5286  0.2858
Y  0.5127  0.8480  0.1343
Z -0.3134  0.0392  0.9488

PART 10
OFFSET  4.1887 -2.1586 -6.4117
X  0.9855 -0.1692 -0.0103
Y -0.0089 -0.1121  0.9937
Z -0.1693 -0.9792 -0.1119

PART 11
OFFSET  4.5540 -2.7449 -5.5034
X  0.7121 -0.6764  0.1881
Y -0.3030 -0.0543  0.9515
Z -0.6334 -0.7345 -0.2436

PART 12
OFFSET  6.0251 -4.2509 -5.0160
X  0.9200 -0.1741 -0.3512
Y  0.1739 -0.6218  0.7636
Z -0.3514 -0.7635 -0.5418

PART 13
OFFSET  7.4606 -4.5804 -5.6892
X  0.6443 -0.1344 -0.7529
Y  0.5247 -0.6385  0.5630
Z -0.5564 -0.7578 -0.3409

PART 14
OFFSET  8.1407 -4.7712 -6.5095
X  0.9411  0.2560 -0.2208
Y -0.1064  0.8443  0.5252
Z  0.3209 -0.4708  0.8218

PART 15
OFFSET  4.9979 -2.3797 -7.5070
X  0.8058 -0.1168 -0.5805
Y -0.2369 -0.9621 -0.1353
Z -0.5427  0.2465 -0.8029

PART 16
OFFSET  6.8585 -2.7960 -8.7109
X  0.7223 -0.6731 -0.1587
Y -0.6599 -0.7395  0.1330
Z -0.2068  0.0087 -0.9783

PART 17
OFFSET  7.8811 -3.7491 -8.9356
X -0.1146 -0.9931  0.0250
Y -0.9814  0.1170  0.1521
Z -0.1540 -0.0071 -0.9880

PART 18
OFFSET  7.7795 -4.6296 -8.9134
X -0.9756  0.0236  0.2183
Y  0.0252  0.9997  0.0042
Z -0.2181  0.0096 -0.9759

PART 19
OFFSET  6.8527 -4.6071 -8.7060
X  0.7619 -0.6470 -0.0284
Y  0.6192  0.7407 -0.2606
Z  0.1897  0.1810  0.9650

PART 20
OFFSET  5.2325 -2.3546 -6.8333
X  0.9396 -0.1325 -0.3156
Y -0.1889 -0.9697 -0.1552
Z -0.2855  0.2055 -0.9361

PART 21
OFFSET  7.6328 -2.6464 -7.7881
X  0.3245 -0.9070 -0.2683
Y -0.8905 -0.3886  0.2368
Z -0.3190  0.1620 -0.9338

PART 22
OFFSET  8.1853 -4.1907 -8.2448
X -0.8742 -0.4351  0.2156
Y -0.3801  0.8894  0.2538
Z -0.3022  0.1399 -0.9429

PART 23
OFFSET  6.9738 -4.7937 -7.9460
X -0.8751  0.3546  0.3294
Y  0.3820  0.9239  0.0202
Z -0.2972  0.1435 -0.9440

PART 24
OFFSET  6.0247 -4.4091 -7.5887
X  0.4841 -0.8113 -0.3279
Y  0.8269  0.5467 -0.1317
Z  0.2861 -0.2073  0.9355

PART 25
OFFSET  7.1220 -3.3829 -4.9258
X  0.8819 -0.4098 -0.2330
Y  0.4479  0.8826  0.1428
Z  0.1471 -0.2303  0.9619

PART 26
OFFSET  8.0851 -2.5384 -5.6608
X  0.8047 -0.5456 -0.2341
Y -0.5165 -0.8378  0.1769
Z -0.2926 -0.0214 -0.9560

PART 27
OFFSET  9.5019 -3.4990 -6.0730
X -0.0140 -0.9971 -0.0752
Y -0.9634 -0.0066  0.2679
Z -0.2677  0.0762 -0.9605

PART 28
OFFSET  9.5011 -4.7157 -6.1060
X -0.7099 -0.6611  0.2429
Y -0.6432  0.7491  0.1587
Z -0.2869 -0.0436 -0.9570

PART 29
OFFSET  8.6992 -5.4624 -5.8317
X  0.7311 -0.4732 -0.4915
Y  0.5168  0.8544 -0.0541
Z  0.4456 -0.2145  0.8692

PART 30
OFFSET  7.9593 -2.5745 -6.7577
X  0.2621 -0.9093 -0.3233
Y -0.9424 -0.3133  0.1170
Z -0.2077  0.2740 -0.9390

PART 31
OFFSET  8.4713 -4.3508 -7.3893
X -0.8541 -0.5181  0.0458
Y -0.4628  0.7973  0.3875
Z -0.2373  0.3098 -0.9207

PART 32
OFFSET  7.2237 -5.1075 -7.3224
X -0.8977  0.2758  0.3436
Y  0.3725  0.8915  0.2576
Z -0.2352  0.3592 -0.9031

PART 33
OFFSET  6.2051 -4.7932 -6.9398
X  0.4655 -0.8039 -0.3702
Y  0.8430  0.5301 -0.0913
Z  0.2696 -0.2696  0.9244

PART 34
OFFSET  6.6075 -4.0491 -7.1458
X -0.3417  0.1649 -0.9252
Y  0.1693  0.9792  0.1119
Z  0.9244 -0.1184 -0.3625

PART 35
OFFSET  8.7114 -4.3573 -5.9723
X  0.9723 -0.1441 -0.1841
Y  0.1678  0.9784  0.1204
Z  0.1628 -0.1479  0.9755

PART 36
OFFSET  8.7114 -4.3573 -5.9723
X  0.9723 -0.1441 -0.1841
Y  0.1678  0.9784  0.1204
Z  0.1628 -0.1479  0.9755

PART 37
OFFSET  15.3902 -5.2233 -3.4022
X  0.9723 -0.1441 -0.1841
Y  0.1678  0.9784  0.1204
Z  0.1628 -0.1479  0.9755

PART 38
OFFSET  5.2261 -3.7209 -1.2543
X  0.9723 -0.1441 -0.1841
Y  0.1678  0.9784  0.1204
Z  0.1628 -0.1479  0.9755

PART 39
OFFSET  22.8804 -6.7524 -6.2538
X  0.9723 -0.1441 -0.1841
Y  0.1678  0.9784  0.1204
Z  0.1628 -0.1479  0.9755

PART 40
OFFSET -0.7366 -11.1088  0.3000
X  0.8770 -0.0036  0.4804
Y  0.1952 -0.9110 -0.3632
Z  0.4390  0.4123 -0.7983

PART 41
OFFSET -11.3432 -11.0652 -5.5103
X -0.7859 -0.6152  0.0626
Y -0.4785  0.5409 -0.6918
Z  0.3917 -0.5736 -0.7194

PART 42
OFFSET -4.6589 -5.8328 -6.0425
X -0.7859 -0.6152  0.0626
Y -0.1476  0.0884 -0.9851
Z  0.6005 -0.7834 -0.1603

PART 43
OFFSET -3.8171 -4.4065 -4.4583
X -0.7842 -0.6167  0.0689
Y -0.3822  0.5674  0.7293
Z -0.4889  0.5456 -0.6807

PART 44
OFFSET -2.9294 -4.8818 -4.0729
X -0.7842 -0.6167  0.0689
Y -0.3822  0.5674  0.7293
Z -0.4889  0.5456 -0.6807

PART 45
OFFSET -2.5456 -5.4378 -6.2936
X -0.7842 -0.6167  0.0689
Y -0.3822  0.5674  0.7293
Z -0.4889  0.5456 -0.6807

PART 46
OFFSET -2.2495 -3.9468 -6.2342
X -0.9844  0.1571  0.0791
Y -0.0571  0.1399 -0.9885
Z -0.1663 -0.9776 -0.1288

PART 47
OFFSET -1.6835 -3.7513 -5.2628
X -0.7718 -0.2684 -0.5765
Y  0.4547  0.4008 -0.7954
Z  0.4445 -0.8760 -0.1873

PART 48
OFFSET -0.0882 -3.1633 -3.9289
X -0.9703 -0.2335  0.0637
Y -0.0746  0.0382 -0.9965
Z  0.2302 -0.9716 -0.0545

PART 49
OFFSET  1.4480 -2.6753 -4.0852
X -0.7821 -0.3616  0.5076
Y -0.5166 -0.0794 -0.8525
Z  0.3485 -0.9290 -0.1247

PART 50
OFFSET  2.2865 -2.2404 -4.6138
X -0.9077  0.3135  0.2791
Y  0.3415  0.9382  0.0568
Z -0.2440  0.1468 -0.9586

PART 51
OFFSET -1.4441 -3.7324 -7.3334
X -0.7818  0.0069  0.6235
Y -0.0962 -0.9893 -0.1097
Z  0.6161 -0.1457  0.7741

PART 52
OFFSET  0.4138 -3.6478 -8.6084
X -0.8782 -0.3211  0.3545
Y  0.2165 -0.9277 -0.3040
Z  0.4266 -0.1902  0.8842

PART 53
OFFSET  1.6571 -3.1931 -9.1103
X -0.3082 -0.9492 -0.0639
Y  0.8737 -0.2558 -0.4138
Z  0.3764 -0.1834  0.9081

PART 54
OFFSET  1.9304 -2.3515 -9.0536
X  0.3127 -0.8838 -0.3479
Y  0.8436  0.4268 -0.3260
Z  0.4366 -0.1915  0.8790

PART 55
OFFSET  1.6333 -1.5118 -8.7231
X -0.8319  0.4358  0.3436
Y  0.4908  0.8668  0.0888
Z -0.2591  0.2425 -0.9349

PART 56
OFFSET -1.2129 -3.9964 -6.7119
X -0.9203  0.1006  0.3780
Y -0.1434 -0.9858 -0.0869
Z  0.3639 -0.1342  0.9217

PART 57
OFFSET  1.1184 -4.2593 -7.8318
X -0.8752 -0.3879  0.2891
Y  0.2983 -0.9031 -0.3088
Z  0.3809 -0.1840  0.9061

PART 58
OFFSET  2.6084 -3.5988 -8.3240
X -0.2069 -0.9713 -0.1177
Y  0.9117 -0.1477 -0.3833
Z  0.3549 -0.1866  0.9161

PART 59
OFFSET  2.8952 -2.2527 -8.1608
X  0.3737 -0.8718 -0.3167
Y  0.8566  0.4554 -0.2428
Z  0.3559 -0.1805  0.9169

PART 60
OFFSET  2.4899 -1.3072 -7.8174
X -0.7780  0.4453  0.4432
Y  0.4715  0.8801 -0.0566
Z -0.4153  0.1650 -0.8946

PART 61
OFFSET -6.3876 -3.9357 -5.1383
X -0.9615 -0.1511  0.2297
Y -0.1293  0.9858  0.1075
Z -0.2427  0.0736 -0.9673

PART 62
OFFSET  1.5675 -5.0276 -5.8444
X -0.8856 -0.4558 -0.0897
Y  0.4626 -0.8829 -0.0804
Z -0.0425 -0.1127  0.9927

PART 63
OFFSET  3.1266 -4.2253 -5.6866
X -0.5914 -0.8016 -0.0881
Y  0.8039 -0.5946  0.0136
Z -0.0633 -0.0628  0.9960

PART 64
OFFSET  3.8417 -3.2546 -5.5190
X -0.3303 -0.9315 -0.1526
Y  0.9398 -0.3396  0.0390
Z -0.0881 -0.1306  0.9875

PART 65
OFFSET  4.2148 -2.2025 -5.3466
X -0.7656  0.5731  0.2923
Y  0.6049  0.7960  0.0238
Z -0.2190  0.1950 -0.9560

PART 66
OFFSET  1.4304 -4.6837 -6.8853
X -0.8849 -0.4650  0.0265
Y  0.4543 -0.8742 -0.1716
Z  0.1030 -0.1399  0.9848

PART 67
OFFSET  3.1592 -3.7754 -6.9370
X -0.2143 -0.9713 -0.1034
Y  0.9659 -0.1949 -0.1706
Z  0.1455 -0.1365  0.9799

PART 68
OFFSET  3.4722 -2.3567 -6.7859
X  0.3557 -0.9156 -0.1874
Y  0.9126  0.3835 -0.1416
Z  0.2015 -0.1207  0.9720

PART 69
OFFSET  3.0686 -1.3186 -6.5806
X -0.8685  0.4649  0.1720
Y  0.4832  0.8714  0.0847
Z -0.1105  0.1567 -0.9815

PART 70
OFFSET  0.0000 -0.0000 -0.0000
X  1.0000 -0.0000  0.0000
Y  0.0000  1.0000  0.0000
Z  0.0000 -0.0000  1.0000

PART 71
OFFSET -0.0000 -0.0000 -0.0000
X  0.9948 -0.0000 -0.1015
Y  0.0000  1.0000  0.0000
Z  0.1015 -0.0000  0.9948

PART 72
OFFSET  1.9522 -0.0000  3.9580
X  0.9948 -0.0000 -0.1015
Y  0.0000  1.0000  0.0000
Z  0.1015 -0.0000  0.9948


FRAME 94
PART 0
OFFSET  0.0000 -0.0000 -0.0000
X  1.0000 -0.0000  0.0000
Y  0.0000  1.0000  0.0000
Z  0.0000 -0.0000  1.0000

PART 1
OFFSET -2.1681 -3.2868  2.3766
X  0.9774  0.0862 -0.1932
Y -0.0858  0.9963  0.0105
Z  0.1934  0.0063  0.9811

PART 2
OFFSET -8.8209  4.1132  1.7956
X  0.3347 -0.0286 -0.9419
Y -0.0049 -0.9996  0.0287
Z -0.9423 -0.0050 -0.3347

PART 3
OFFSET -4.7736  3.7669 -9.5957
X  0.8107 -0.5054  0.2954
Y -0.3285  0.0248  0.9442
Z -0.4845 -0.8625 -0.1459

PART 4
OFFSET  2.1221 -0.5319 -7.0834
X  0.8107 -0.5054  0.2954
Y -0.3893 -0.0886  0.9169
Z -0.4372 -0.8583 -0.2686

PART 5
OFFSET  4.0403 -0.5056 -7.5448
X  0.8115 -0.5030  0.2974
Y  0.4898  0.8631  0.1232
Z -0.3187  0.0457  0.9468

PART 6
OFFSET  3.0111 -1.7194 -8.0893
X  0.8115 -0.5030  0.2974
Y  0.4898  0.8631  0.1232
Z -0.3187  0.0457  0.9468

PART 7
OFFSET  3.5733 -0.7687 -5.0267
X  0.8115 -0.5030  0.2974
Y  0.4898  0.8631  0.1232
Z -0.3187  0.0457  0.9468

PART 8
OFFSET  2.7589 -1.8961 -5.0409
X  0.8115 -0.5030  0.2974
Y  0.4898  0.8631  0.1232
Z -0.3187  0.0457  0.9468

PART 9
OFFSET  2.4790 -2.2272 -6.1149
X  0.8115 -0.5030  0.2974
Y  0.4898  0.8631  0.1232
Z -0.3187  0.0457  0.9468

PART 10
OFFSET  4.6076 -2.0814 -6.1779
X  0.9916 -0.1230  0.0397
Y -0.0507 -0.0878  0.9948
Z -0.1189 -0.9885 -0.0933

PART 11
OFFSET  4.9558 -2.6274 -5.2383
X  0.7325 -0.6375  0.2389
Y -0.3448 -0.0449  0.9376
Z -0.5870 -0.7692 -0.2527

PART 12
OFFSET  6.4694 -4.0503 -4.6433
X  0.9425 -0.1395 -0.3036
Y  0.1657 -0.5940  0.7872
Z -0.2901 -0.7923 -0.5367

PART 13
OFFSET  7.9486 -4.3287 -5.2405
X  0.6846 -0.1226 -0.7185
Y  0.5261 -0.5992  0.6035
Z -0.5045 -0.7912 -0.3457

PART 14
OFFSET  8.6748 -4.5077 -6.0231
X  0.9379  0.2942 -0.1840
Y -0.1695  0.8511  0.4969
Z  0.3028 -0.4348  0.8481

PART 15
OFFSET  5.4770 -2.2913 -7.2284
X  0.8369 -0.0933 -0.5394
Y -0.1861 -0.9752 -0.1201
Z -0.5148  0.2009 -0.8335

PART 16
OFFSET  7.4095 -2.6497 -8.3336
X  0.7589 -0.6423 -0.1071
Y -0.6311 -0.7660  0.1222
Z -0.1605 -0.0252 -0.9867

PART 17
OFFSET  8.4840 -3.5591 -8.4852
X -0.0702 -0.9965  0.0464
Y -0.9918  0.0747  0.1035
Z -0.1066 -0.0388 -0.9935

PART 18
OFFSET  8.4217 -4.4426 -8.4440
X -0.9849 -0.0167  0.1723
Y -0.0207  0.9996 -0.0215
Z -0.1719 -0.0248 -0.9848

PART 19
OFFSET  7.4861 -4.4584 -8.2803
X  0.7912 -0.6111  0.0241
Y  0.5964  0.7622 -0.2516
Z  0.1354  0.2134  0.9675

PART 20
OFFSET  5.6779 -2.2387 -6.5455
X  0.9585 -0.0961 -0.2683
Y -0.1369 -0.9810 -0.1376
Z -0.2500  0.1687 -0.9535

PART 21
OFFSET  8.1316 -2.4413 -7.3804
X  0.3779 -0.8972 -0.2285
Y -0.8820 -0.4239  0.2058
Z -0.2815  0.1238 -0.9515

PART 22
OFFSET  8.7749 -3.9687 -7.7695
X -0.8626 -0.4701  0.1867
Y -0.4319  0.8767  0.2120
Z -0.2633  0.1022 -0.9593

PART 23
OFFSET  7.5794 -4.6203 -7.5108
X -0.9049  0.3213  0.2790
Y  0.3381  0.9410  0.0129
Z -0.2584  0.1061 -0.9602

PART 24
OFFSET  6.5980 -4.2719 -7.2081
X  0.5356 -0.7956 -0.2833
Y  0.8064  0.5814 -0.1081
Z  0.2507 -0.1705  0.9529

PART 25
OFFSET  7.5200 -3.1299 -4.5259
X  0.9097 -0.3737 -0.1810
Y  0.3999  0.9059  0.1396
Z  0.1118 -0.1994  0.9735

PART 26
OFFSET  8.4773 -2.2597 -5.2382
X  0.8389 -0.5129 -0.1820
Y -0.4856 -0.8564  0.1753
Z -0.2458 -0.0587 -0.9675

PART 27
OFFSET  9.9544 -3.1627 -5.5586
X  0.0350 -0.9982 -0.0490
Y -0.9737 -0.0451  0.2233
Z -0.2251  0.0398 -0.9735

PART 28
OFFSET  10.0107 -4.3786 -5.5590
X -0.6897 -0.6874  0.2276
Y -0.6835  0.7218  0.1087
Z -0.2390 -0.0806 -0.9677

PART 29
OFFSET  9.2316 -5.1550 -5.3019
