// Export filename: `C:\projects\cod\t5\xanim_export\t5_viewmodels\rpg\rpg_ads_up.XANIM_EXPORT`
// Source filename: `D:\projects\devanim\t5\animation_assets\viewmodels\rpg\Viewmodel_rpg_animated.fbx`
// Export time: Sun Sep 12 16:49:41 2010

ANIMATION
VERSION 3

NUMPARTS 2
PART 0 "tag_view"
PART 1 "tag_torso"

FRAMERATE 30
NUMFRAMES 16

FRAME 115
PART 0
OFFSET  0.0000 -0.0000 -0.0000
X  1.0000 -0.0000  0.0000
Y  0.0000  1.0000  0.0000
Z  0.0000 -0.0000  1.0000

PART 1
OFFSET -2.1681 -3.2868  2.3766
X  0.9774  0.0862 -0.1932
Y -0.0858  0.9963  0.0105
Z  0.1934  0.0063  0.9811


FRAME 116
PART 0
OFFSET  0.0000 -0.0000 -0.0000
X  1.0000 -0.0000  0.0000
Y  0.0000  1.0000  0.0000
Z  0.0000 -0.0000  1.0000

PART 1
OFFSET -2.4425 -3.1371  2.2991
X  0.9786  0.0841 -0.1877
Y -0.0837  0.9964  0.0103
Z  0.1879  0.0056  0.9822


FRAME 117
PART 0
OFFSET  0.0000 -0.0000 -0.0000
X  1.0000 -0.0000  0.0000
Y  0.0000  1.0000  0.0000
Z  0.0000 -0.0000  1.0000

PART 1
OFFSET -3.0441 -2.8087  2.1283
X  0.9813  0.0795 -0.1756
Y -0.0790  0.9968  0.0099
Z  0.1758  0.0042  0.9844


FRAME 118
PART 0
OFFSET  0.0000 -0.0000 -0.0000
X  1.0000 -0.0000  0.0000
Y  0.0000  1.0000  0.0000
Z  0.0000 -0.0000  1.0000

PART 1
OFFSET -3.6411 -2.4828  1.9565
X  0.9837  0.0748 -0.1633
Y -0.0743  0.9972  0.0094
Z  0.1635  0.0029  0.9865


FRAME 119
PART 0
OFFSET  0.0000 -0.0000 -0.0000
X  1.0000 -0.0000  0.0000
Y  0.0000  1.0000  0.0000
Z  0.0000 -0.0000  1.0000

PART 1
OFFSET -4.1343 -2.2141  1.8181
X  0.9856  0.0710 -0.1535
Y -0.0705  0.9975  0.0091
Z  0.1538  0.0019  0.9881


FRAME 120
PART 0
OFFSET  0.0000 -0.0000 -0.0000
X  1.0000 -0.0000  0.0000
Y  0.0000  1.0000  0.0000
Z  0.0000 -0.0000  1.0000

PART 1
OFFSET -4.5946 -1.9612  1.6702
X  0.9875  0.0668 -0.1426
Y -0.0663  0.9978  0.0086
Z  0.1429  0.0009  0.9897


FRAME 121
PART 0
OFFSET  0.0000 -0.0000 -0.0000
X  1.0000 -0.0000  0.0000
Y  0.0000  1.0000  0.0000
Z  0.0000 -0.0000  1.0000

PART 1
OFFSET -4.9889 -1.7386  1.5091
X  0.9896  0.0619 -0.1301
Y -0.0614  0.9981  0.0080
Z  0.1303  0.0001  0.9915


FRAME 122
PART 0
OFFSET  0.0000 -0.0000 -0.0000
X  1.0000 -0.0000  0.0000
Y  0.0000  1.0000  0.0000
Z  0.0000 -0.0000  1.0000

PART 1
OFFSET -5.3440 -1.5347  1.3364
X  0.9916  0.0565 -0.1162
Y -0.0560  0.9984  0.0073
Z  0.1164 -0.0007  0.9932


FRAME 123
PART 0
OFFSET  0.0000 -0.0000 -0.0000
X  1.0000 -0.0000  0.0000
Y  0.0000  1.0000  0.0000
Z  0.0000 -0.0000  1.0000

PART 1
OFFSET -5.6709 -1.3475  1.1361
X  0.9938  0.0500 -0.0995
Y -0.0496  0.9987  0.0064
Z  0.0997 -0.0014  0.9950


FRAME 124
PART 0
OFFSET  0.0000 -0.0000 -0.0000
X  1.0000 -0.0000  0.0000
Y  0.0000  1.0000  0.0000
Z  0.0000 -0.0000  1.0000

PART 1
OFFSET -5.9736 -1.1780  0.8940
X  0.9961  0.0412 -0.0783
Y -0.0409  0.9991  0.0051
Z  0.0784 -0.0019  0.9969


FRAME 125
PART 0
OFFSET  0.0000 -0.0000 -0.0000
X  1.0000 -0.0000  0.0000
Y  0.0000  1.0000  0.0000
Z  0.0000 -0.0000  1.0000

PART 1
OFFSET -6.2199 -1.0383  0.6143
X  0.9980  0.0322 -0.0541
Y -0.0320  0.9995  0.0037
Z  0.0542 -0.0020  0.9985


FRAME 126
PART 0
OFFSET  0.0000 -0.0000 -0.0000
X  1.0000 -0.0000  0.0000
Y  0.0000  1.0000  0.0000
Z  0.0000 -0.0000  1.0000

PART 1
OFFSET -6.4193 -0.9170  0.3355
X  0.9993  0.0241 -0.0302
Y -0.0240  0.9997  0.0024
Z  0.0302 -0.0017  0.9995


FRAME 127
PART 0
OFFSET  0.0000 -0.0000 -0.0000
X  1.0000 -0.0000  0.0000
Y  0.0000  1.0000  0.0000
Z  0.0000 -0.0000  1.0000

PART 1
OFFSET -6.6003 -0.8015  0.0969
X  0.9998  0.0157 -0.0086
Y -0.0157  0.9999  0.0011
Z  0.0086 -0.0010  1.0000


FRAME 128
PART 0
OFFSET  0.0000 -0.0000 -0.0000
X  1.0000 -0.0000  0.0000
Y  0.0000  1.0000  0.0000
Z  0.0000 -0.0000  1.0000

PART 1
OFFSET -6.7479 -0.7039 -0.0891
X  0.9999  0.0082  0.0090
Y -0.0082  1.0000 -0.0001
Z -0.0090  0.0000  1.0000


FRAME 129
PART 0
OFFSET  0.0000 -0.0000 -0.0000
X  1.0000 -0.0000  0.0000
Y  0.0000  1.0000  0.0000
Z  0.0000 -0.0000  1.0000

PART 1
OFFSET -6.8474 -0.6364 -0.2099
X  0.9998  0.0029  0.0208
Y -0.0029  1.0000 -0.0009
Z -0.0208  0.0009  0.9998


FRAME 130
PART 0
OFFSET  0.0000 -0.0000 -0.0000
X  1.0000 -0.0000  0.0000
Y  0.0000  1.0000  0.0000
Z  0.0000 -0.0000  1.0000

PART 1
OFFSET -6.8839 -0.6112 -0.2529
X  0.9997  0.0009  0.0251
Y -0.0008  1.0000 -0.0013
Z -0.0251  0.0012  0.9997


NUMKEYS 0
