// Export filename: `C:\projects\cod\t5\xanim_export\t5_viewmodels\rpg\rpg_d2p_loop.XANIM_EXPORT`
// Source filename: `D:\projects\devanim\t5\animation_assets\viewmodels\rpg\Viewmodel_rpg_animated.fbx`
// Export time: Sun Sep 12 16:49:40 2010

ANIMATION
VERSION 3

NUMPARTS 73
PART 0 "tag_ads"
PART 1 "tag_torso"
PART 2 "J_Shoulder_LE"
PART 3 "J_Elbow_LE"
PART 4 "J_WristTwist_LE"
PART 5 "J_Sleave_Reshape_Bottom_LE_1"
PART 6 "J_Sleave_Reshape_Bottom_LE_2"
PART 7 "J_Sleave_Reshape_Top_LE_1"
PART 8 "J_Sleave_Reshape_Top_LE_2"
PART 9 "J_Sleave_Reshape_Top_LE_3"
PART 10 "J_Wrist_LE"
PART 11 "J_Thumb_LE_0"
PART 12 "J_Thumb_LE_1"
PART 13 "J_Thumb_LE_2"
PART 14 "J_Thumb_LE_3"
PART 15 "J_PinkyPalm_LE"
PART 16 "J_Pinky_LE_0"
PART 17 "J_Pinky_LE_1"
PART 18 "J_Pinky_LE_2"
PART 19 "J_Pinky_LE_3"
PART 20 "J_RingPalm_LE"
PART 21 "J_Ring_LE_0"
PART 22 "J_Ring_LE_1"
PART 23 "J_Ring_LE_2"
PART 24 "J_Ring_LE_3"
PART 25 "J_Webbing_LE"
PART 26 "J_Index_LE_0"
PART 27 "J_Index_LE_1"
PART 28 "J_Index_LE_2"
PART 29 "J_Index_LE_3"
PART 30 "J_Mid_LE_0"
PART 31 "J_Mid_LE_1"
PART 32 "J_Mid_LE_2"
PART 33 "J_Mid_LE_3"
PART 34 "tag_knife_attach"
PART 35 "tag_weapon"
PART 36 "J_Gun"
PART 37 "J_Front_Aim_Flip"
PART 38 "J_Rear_Aim_Flip"
PART 39 "TAG_CLIP"
PART 40 "J_Shoulder_RI"
PART 41 "J_Elbow_RI"
PART 42 "J_WristTwist_RI"
PART 43 "J_Sleave_Reshape_Top_RI_3"
PART 44 "J_Sleave_Reshape_Top_RI_2"
PART 45 "J_Sleave_Reshape_Top_RI_1"
PART 46 "J_Wrist_RI"
PART 47 "J_Thumb_RI_0"
PART 48 "J_Thumb_RI_1"
PART 49 "J_Thumb_RI_2"
PART 50 "J_Thumb_RI_3"
PART 51 "J_PinkyPalm_RI"
PART 52 "J_Pinky_RI_0"
PART 53 "J_Pinky_RI_1"
PART 54 "J_Pinky_RI_2"
PART 55 "J_Pinky_RI_3"
PART 56 "J_RingPalm_RI"
PART 57 "J_Ring_RI_0"
PART 58 "J_Ring_RI_1"
PART 59 "J_Ring_RI_2"
PART 60 "J_Ring_RI_3"
PART 61 "J_Webbing_RI"
PART 62 "J_Index_RI_0"
PART 63 "J_Index_RI_1"
PART 64 "J_Index_RI_2"
PART 65 "J_Index_RI_3"
PART 66 "J_Mid_RI_0"
PART 67 "J_Mid_RI_1"
PART 68 "J_Mid_RI_2"
PART 69 "J_Mid_RI_3"
PART 70 "tag_cambone"
PART 71 "tag_camera"
PART 72 "tag_gasmask"

FRAMERATE 30
NUMFRAMES 16

FRAME 75
PART 0
OFFSET  0.0000 -0.0000 -0.0000
X  1.0000 -0.0000  0.0000
Y  0.0000  1.0000  0.0000
Z  0.0000 -0.0000  1.0000

PART 1
OFFSET -2.1681 -3.2868  2.3766
X  0.9774  0.0862 -0.1932
Y -0.0858  0.9963  0.0105
Z  0.1934  0.0063  0.9811

PART 2
OFFSET -8.8209  4.1132  1.7956
X  0.3145 -0.0032 -0.9492
Y -0.0907 -0.9955 -0.0267
Z -0.9449  0.0944 -0.3134

PART 3
OFFSET -5.0169  4.0741 -9.6844
X  0.7577 -0.5884  0.2824
Y -0.3358  0.0196  0.9417
Z -0.5596 -0.8083 -0.1827

PART 4
OFFSET  1.4274 -0.9303 -7.2825
X  0.7577 -0.5884  0.2824
Y -0.5905 -0.4338  0.6806
Z -0.2779 -0.6824 -0.6761

PART 5
OFFSET  3.3452 -1.0630 -7.7270
X  0.7586 -0.5861  0.2846
Y  0.5652  0.8093  0.1600
Z -0.3241  0.0394  0.9452

PART 6
OFFSET  2.2157 -2.1560 -8.3258
X  0.7586 -0.5861  0.2846
Y  0.5652  0.8093  0.1600
Z -0.3241  0.0394  0.9452

PART 7
OFFSET  2.8271 -1.3759 -5.2247
X  0.7586 -0.5861  0.2846
Y  0.5652  0.8093  0.1600
Z -0.3241  0.0394  0.9452

PART 8
OFFSET  1.9131 -2.4224 -5.2886
X  0.7586 -0.5861  0.2846
Y  0.5652  0.8093  0.1600
Z -0.3241  0.0394  0.9452

PART 9
OFFSET  1.6166 -2.6861 -6.3766
X  0.7586 -0.5861  0.2846
Y  0.5652  0.8093  0.1600
Z -0.3241  0.0394  0.9452

PART 10
OFFSET  3.7501 -2.7341 -6.4168
X  0.8931  0.2500  0.3740
Y -0.2957 -0.3002  0.9069
Z  0.3389 -0.9205 -0.1942

PART 11
OFFSET  4.0057 -3.2894 -5.4531
X  0.8279 -0.3528  0.4360
Y -0.5501 -0.3593  0.7538
Z -0.1093 -0.8639 -0.4916

PART 12
OFFSET  5.7313 -4.1347 -4.4645
X  0.9575  0.2864  0.0347
Y  0.1628 -0.6358  0.7545
Z  0.2382 -0.7167 -0.6554

PART 13
OFFSET  7.2939 -3.7146 -4.5268
X  0.8490  0.2898 -0.4419
Y  0.5284 -0.4690  0.7077
Z -0.0022 -0.8343 -0.5513

PART 14
OFFSET  8.2209 -3.4474 -5.0178
X  0.7370  0.6532  0.1738
Y -0.6467  0.6068  0.4621
Z  0.1964 -0.4530  0.8696

PART 15
OFFSET  4.8911 -2.3872 -7.1106
X  0.9157  0.3367 -0.2194
Y  0.2833 -0.9280 -0.2418
Z -0.2850  0.1592 -0.9452

PART 16
OFFSET  7.0247 -1.7676 -7.4955
X  0.9531 -0.2772  0.1213
Y -0.2574 -0.9536 -0.1561
Z  0.1590  0.1175 -0.9803

PART 17
OFFSET  8.3741 -2.1601 -7.3238
X  0.3436 -0.9379 -0.0471
Y -0.9146 -0.3229 -0.2434
Z  0.2131  0.1267 -0.9688

PART 18
OFFSET  8.6788 -2.9917 -7.3655
X -0.8904 -0.4170 -0.1827
Y -0.4304  0.9018  0.0390
Z  0.1485  0.1133 -0.9824

PART 19
OFFSET  7.8330 -3.3878 -7.5391
X  0.9297 -0.2636  0.2573
Y  0.2668  0.9635  0.0228
Z -0.2539  0.0474  0.9661

PART 20
OFFSET  4.8436 -2.4032 -6.3986
X  0.9428  0.3245  0.0762
Y  0.3332 -0.9114 -0.2414
Z -0.0089  0.2530 -0.9674

PART 21
OFFSET  7.2818 -1.5032 -6.3390
X  0.7674 -0.6253 -0.1418
Y -0.6409 -0.7542 -0.1425
Z -0.0178  0.2002 -0.9796

PART 22
OFFSET  8.5883 -2.5678 -6.5804
X -0.5994 -0.7850 -0.1567
Y -0.8004  0.5900  0.1061
Z  0.0092  0.1891 -0.9819

PART 23
OFFSET  7.7576 -3.6557 -6.7976
X -0.9942 -0.1028 -0.0326
Y -0.1072  0.9755  0.1922
Z  0.0120  0.1945 -0.9808

PART 24
OFFSET  6.6794 -3.7672 -6.8330
X  0.8763 -0.4634 -0.1313
Y  0.4816  0.8488  0.2181
Z  0.0104 -0.2543  0.9671

PART 25
OFFSET  6.2154 -2.9337 -3.9281
X  0.9918  0.0373  0.1225
Y -0.0761  0.9410  0.3297
Z -0.1030 -0.3363  0.9361

PART 26
OFFSET  6.8812 -1.6445 -4.2034
X  0.9895 -0.1150  0.0877
Y -0.1098 -0.9920 -0.0618
Z  0.0941  0.0515 -0.9942

PART 27
OFFSET  8.6233 -1.8469 -4.0490
X  0.4626 -0.8809 -0.0998
Y -0.8836 -0.4489 -0.1330
Z  0.0723  0.1497 -0.9861

PART 28
OFFSET  9.1813 -2.9270 -4.1104
X -0.3714 -0.9256 -0.0727
Y -0.9220  0.3769 -0.0883
Z  0.1092  0.0343 -0.9934

PART 29
OFFSET  8.7617 -3.9725 -4.1926
X  0.9839 -0.0293 -0.1760
Y  0.0606  0.9827  0.1752
Z  0.1678 -0.1830  0.9687

PART 30
OFFSET  7.1676 -1.5106 -5.2619
X  0.7356 -0.6417 -0.2169
Y -0.6769 -0.6843 -0.2711
Z  0.0255  0.3463 -0.9378

PART 31
OFFSET  8.6047 -2.7642 -5.6857
X -0.4876 -0.8173 -0.3070
Y -0.8728  0.4477  0.1942
Z -0.0213  0.3626 -0.9317

PART 32
OFFSET  7.8925 -3.9581 -6.1341
X -0.9822 -0.1851 -0.0305
Y -0.1814  0.8958  0.4058
Z -0.0478  0.4041 -0.9134

PART 33
OFFSET  6.7798 -4.1655 -6.1754
X  0.8721 -0.4560 -0.1774
Y  0.4885  0.8326  0.2612
Z  0.0286 -0.3144  0.9488

PART 34
OFFSET  6.8474 -3.2975 -6.1875
X -0.0407  0.1919 -0.9806
Y -0.3389  0.9206  0.1942
Z  0.9399  0.3402  0.0276

PART 35
OFFSET  8.3226 -2.9532 -4.2891
X  0.9302  0.3013  0.2097
Y -0.3427  0.9176  0.2014
Z -0.1317 -0.2591  0.9568

PART 36
OFFSET  8.3226 -2.9532 -4.2891
X  0.9302  0.3013  0.2097
Y -0.3427  0.9176  0.2014
Z -0.1317 -0.2591  0.9568

PART 37
OFFSET  13.3486 -1.5311  0.6785
X  0.9302  0.3013  0.2097
Y -0.3427  0.9176  0.2014
Z -0.1317 -0.2591  0.9568

PART 38
OFFSET  3.5505 -4.7291 -1.3084
X  0.9302  0.3013  0.2097
Y -0.3427  0.9176  0.2014
Z -0.1317 -0.2591  0.9568

PART 39
OFFSET  21.1916  0.7000  0.9662
X  0.9302  0.3013  0.2097
Y -0.3427  0.9176  0.2014
Z -0.1317 -0.2591  0.9568

PART 40
OFFSET -0.7366 -11.1088  0.3000
X  0.8869 -0.1353  0.4416
Y -0.1756 -0.9831  0.0515
Z  0.4272 -0.1233 -0.8957

PART 41
OFFSET -11.4630 -9.4729 -5.0413
X -0.9198 -0.2161  0.3276
Y -0.3868  0.3573 -0.8501
Z  0.0667 -0.9086 -0.4122

PART 42
OFFSET -3.6401 -7.6345 -7.8275
X -0.9198 -0.2161  0.3276
Y -0.3497  0.0727 -0.9340
Z  0.1781 -0.9737 -0.1424

PART 43
OFFSET -2.1430 -6.1039 -7.0099
X -0.9176 -0.2156  0.3339
Y -0.0581  0.9039  0.4237
Z -0.3932  0.3694 -0.8420

PART 44
OFFSET -1.4029 -6.6722 -6.4699
X -0.9176 -0.2156  0.3339
Y -0.0581  0.9039  0.4237
Z -0.3932  0.3694 -0.8420

PART 45
OFFSET -1.5812 -8.1530 -8.2485
X -0.9176 -0.2156  0.3339
Y -0.0581  0.9039  0.4237
Z -0.3932  0.3694 -0.8420

PART 46
OFFSET -0.8203 -6.9719 -8.8318
X -0.9102 -0.2739 -0.3107
Y  0.2270  0.2974 -0.9274
Z  0.3464 -0.9146 -0.2085

PART 47
OFFSET -0.7723 -6.7604 -7.7114
X -0.3197 -0.4380 -0.8402
Y  0.4663  0.6992 -0.5419
Z  0.8249 -0.5650 -0.0193

PART 48
OFFSET -0.1749 -5.8535 -5.8431
X -0.7176 -0.6138 -0.3290
Y  0.2610  0.2010 -0.9442
Z  0.6457 -0.7634  0.0160

PART 49
OFFSET  0.9269 -4.7651 -5.3700
X -0.6560 -0.7398  0.1496
Y -0.1000 -0.1113 -0.9887
Z  0.7481 -0.6636 -0.0009

PART 50
OFFSET  1.6038 -3.9329 -5.5150
X -0.9854 -0.1428 -0.0927
Y -0.1595  0.9646  0.2102
Z  0.0594  0.2219 -0.9733

PART 51
OFFSET  0.1230 -6.2371 -9.5197
X -0.8610 -0.4337  0.2657
Y  0.4030 -0.9004 -0.1636
Z  0.3102 -0.0338  0.9501

PART 52
OFFSET  2.0532 -5.1572 -9.9583
X -0.7013 -0.7123 -0.0278
Y  0.6997 -0.6804 -0.2176
Z  0.1361 -0.1721  0.9756

PART 53
OFFSET  3.0461 -4.1487 -9.9190
X  0.1944 -0.9595 -0.2039
Y  0.9774  0.2071 -0.0430
Z  0.0835 -0.1910  0.9780

PART 54
OFFSET  2.8738 -3.2980 -9.7381
X  0.7744 -0.5936 -0.2190
Y  0.6155  0.7870  0.0431
Z  0.1467 -0.1681  0.9748

PART 55
OFFSET  2.1381 -2.7340 -9.5300
X -0.9999 -0.0157 -0.0005
Y -0.0151  0.9549  0.2966
Z -0.0041  0.2966 -0.9550

PART 56
OFFSET  0.2206 -6.5021 -8.8642
X -0.9338 -0.3575 -0.0121
Y  0.3547 -0.9210 -0.1612
Z  0.0465 -0.1548  0.9868

PART 57
OFFSET  2.6451 -5.5715 -8.9828
X -0.6465 -0.7578 -0.0884
Y  0.7578 -0.6244 -0.1892
Z  0.0881 -0.1893  0.9779

PART 58
OFFSET  3.7457 -4.2814 -8.8323
X  0.3063 -0.9275 -0.2141
Y  0.9497  0.3130  0.0027
Z  0.0645 -0.2041  0.9768

PART 59
OFFSET  3.3213 -2.9958 -8.5356
X  0.8087 -0.5644 -0.1660
Y  0.5850  0.8013  0.1254
Z  0.0623 -0.1985  0.9781

PART 60
OFFSET  2.4442 -2.3837 -8.3555
X -0.9936 -0.0051  0.1125
Y  0.0126  0.9877  0.1557
Z -0.1119  0.1561 -0.9814

PART 61
OFFSET -4.6148 -8.8539 -9.4523
X -0.8040 -0.5696 -0.1710
Y -0.5868  0.8064  0.0728
Z  0.0964  0.1588 -0.9826

PART 62
OFFSET  2.6837 -6.4688 -6.9991
X -0.4954 -0.7477 -0.4423
Y  0.8064 -0.5851  0.0858
Z -0.3229 -0.3142  0.8927

PART 63
OFFSET  3.5559 -5.1526 -6.2204
X -0.0975 -0.9376 -0.3339
Y  0.9264 -0.2081  0.3138
Z -0.3637 -0.2787  0.8889

PART 64
OFFSET  3.6524 -4.0297 -5.7606
X  0.1984 -0.9351 -0.2937
Y  0.9152  0.0695  0.3970
Z -0.3508 -0.3476  0.8696

PART 65
OFFSET  3.4282 -2.9735 -5.4288
X -0.9894  0.1439 -0.0181
Y  0.1331  0.9508  0.2799
Z  0.0575  0.2745 -0.9599

PART 66
OFFSET  2.7708 -6.0114 -8.0009
X -0.5303 -0.7786 -0.3355
Y  0.8267 -0.5626 -0.0011
Z -0.1879 -0.2780  0.9420

PART 67
OFFSET  3.8068 -4.4904 -7.3454
X  0.2953 -0.9334 -0.2039
Y  0.9431  0.2507  0.2183
Z -0.1527 -0.2568  0.9543

PART 68
OFFSET  3.3755 -3.1271 -7.0476
X  0.7694 -0.6364 -0.0554
Y  0.6291  0.7398  0.2386
Z -0.1109 -0.2184  0.9695

PART 69
OFFSET  2.5053 -2.4043 -6.9915
X -0.9847  0.0294 -0.1719
Y -0.0220  0.9568  0.2899
Z  0.1730  0.2893 -0.9415

PART 70
OFFSET  0.0000 -0.0000 -0.0000
X  1.0000 -0.0000  0.0000
Y  0.0000  1.0000  0.0000
Z  0.0000 -0.0000  1.0000

PART 71
OFFSET -0.0000 -0.0000 -0.0000
X  0.9969 -0.0000 -0.0781
Y -0.0079  0.9949 -0.1005
Z  0.0777  0.1008  0.9919

PART 72
OFFSET  1.8569  0.4170  3.9818
X  0.9969 -0.0000 -0.0781
Y -0.0079  0.9949 -0.1005
Z  0.0777  0.1008  0.9919


FRAME 76
PART 0
OFFSET  0.0000 -0.0000 -0.0000
X  1.0000 -0.0000  0.0000
Y  0.0000  1.0000  0.0000
Z  0.0000 -0.0000  1.0000

PART 1
OFFSET -2.1681 -3.2868  2.3766
X  0.9774  0.0862 -0.1932
Y -0.0858  0.9963  0.0105
Z  0.1934  0.0063  0.9811

PART 2
OFFSET -8.8209  4.1132  1.7956
X  0.3119 -0.0035 -0.9501
Y -0.0750 -0.9970 -0.0209
Z -0.9472  0.0778 -0.3112

PART 3
OFFSET -5.0493  4.0705 -9.6951
X  0.7717 -0.5750  0.2718
Y -0.3239  0.0125  0.9460
Z -0.5474 -0.8180 -0.1766

PART 4
OFFSET  1.5142 -0.8203 -7.3837
X  0.7717 -0.5750  0.2718
Y -0.5598 -0.4114  0.7193
Z -0.3018 -0.7072 -0.6394

PART 5
OFFSET  3.4281 -0.9179 -7.8530
X  0.7726 -0.5728  0.2739
Y  0.5526  0.8191  0.1539
Z -0.3125  0.0325  0.9494

PART 6
OFFSET  2.3108 -2.0304 -8.4388
X  0.7726 -0.5728  0.2739
Y  0.5526  0.8191  0.1539
Z -0.3125  0.0325  0.9494

PART 7
OFFSET  2.9481 -1.2431 -5.3447
X  0.7726 -0.5728  0.2739
Y  0.5526  0.8191  0.1539
Z -0.3125  0.0325  0.9494

PART 8
OFFSET  2.0524 -2.3058 -5.3983
X  0.7726 -0.5728  0.2739
Y  0.5526  0.8191  0.1539
Z -0.3125  0.0325  0.9494

PART 9
OFFSET  1.7465 -2.5735 -6.4828
X  0.7726 -0.5728  0.2739
Y  0.5526  0.8191  0.1539
Z -0.3125  0.0325  0.9494

PART 10
OFFSET  3.8799 -2.5831 -6.5506
X  0.8840  0.1990  0.4230
Y -0.3534 -0.3076  0.8834
Z  0.3059 -0.9305 -0.2016

PART 11
OFFSET  4.0622 -3.1725 -5.5905
X  0.7885 -0.4014  0.4660
Y -0.6023 -0.3512  0.7168
Z -0.1241 -0.8459 -0.5187

PART 12
OFFSET  5.6967 -4.1208 -4.5424
X  0.9666  0.2406  0.0883
Y  0.0964 -0.6605  0.7446
Z  0.2374 -0.7112 -0.6617

PART 13
OFFSET  7.2780 -3.7727 -4.5184
X  0.8820  0.2603 -0.3928
Y  0.4710 -0.5099  0.7198
Z -0.0129 -0.8199 -0.5724

PART 14
OFFSET  8.2393 -3.5374 -4.9570
X  0.7564  0.6137  0.2261
Y -0.6405  0.6251  0.4462
Z  0.1325 -0.4823  0.8659

PART 15
OFFSET  5.0683 -2.2734 -7.1794
X  0.9397  0.2988 -0.1662
Y  0.2525 -0.9342 -0.2520
Z -0.2306  0.1949 -0.9533

PART 16
OFFSET  7.2442 -1.7449 -7.4448
X  0.9324 -0.3242  0.1598
Y -0.2925 -0.9366 -0.1932
Z  0.2123  0.1334 -0.9681

PART 17
OFFSET  8.5643 -2.2039 -7.2185
X  0.3026 -0.9515 -0.0550
Y -0.9152 -0.2740 -0.2955
Z  0.2661  0.1397 -0.9538

PART 18
OFFSET  8.8326 -3.0475 -7.2673
X -0.8983 -0.3705 -0.2361
Y -0.3903  0.9197  0.0417
Z  0.2017  0.1297 -0.9708

PART 19
OFFSET  7.9792 -3.3995 -7.4916
X  0.9029 -0.3127  0.2948
Y  0.3089  0.9492  0.0608
Z -0.2988  0.0362  0.9536

PART 20
OFFSET  4.9851 -2.3041 -6.4711
X  0.9517  0.2783  0.1300
Y  0.3030 -0.9199 -0.2488
Z  0.0503  0.2762 -0.9598

PART 21
OFFSET  7.4558 -1.5204 -6.2708
X  0.7442 -0.6569 -0.1209
Y -0.6667 -0.7199 -0.1929
Z  0.0396  0.2242 -0.9737

PART 22
OFFSET  8.7228 -2.6388 -6.4766
X -0.6259 -0.7522 -0.2059
Y -0.7771  0.6239  0.0828
Z  0.0662  0.2118 -0.9751

PART 23
OFFSET  7.8553 -3.6813 -6.7620
X -0.9950 -0.0555 -0.0831
Y -0.0721  0.9746  0.2122
Z  0.0692  0.2171 -0.9737

PART 24
OFFSET  6.7762 -3.7415 -6.8521
X  0.8598 -0.5005 -0.1010
Y  0.5083  0.8200  0.2631
Z -0.0489 -0.2776  0.9595

PART 25
OFFSET  6.2079 -2.9567 -3.9522
X  0.9852 -0.0120  0.1710
Y -0.0494  0.9354  0.3502
Z -0.1642 -0.3534  0.9209

PART 26
OFFSET  6.9443 -1.6938 -4.1613
X  0.9777 -0.1631  0.1322
Y -0.1516 -0.9841 -0.0929
Z  0.1452  0.0708 -0.9869

PART 27
OFFSET  8.6657 -1.9809 -3.9285
X  0.4264 -0.8989 -0.1004
Y -0.8955 -0.4039 -0.1870
Z  0.1276  0.1696 -0.9772

PART 28
OFFSET  9.1764 -3.0841 -3.9912
X -0.4091 -0.9053 -0.1147
Y -0.8985  0.4215 -0.1227
Z  0.1594  0.0528 -0.9858

PART 29
OFFSET  8.7143 -4.1066 -4.1207
X  0.9891 -0.0710 -0.1292
Y  0.0965  0.9743  0.2035
Z  0.1114 -0.2137  0.9705

PART 30
OFFSET  7.2883 -1.5482 -5.2009
X  0.7155 -0.6700 -0.1979
Y -0.6931 -0.6453 -0.3212
Z  0.0874  0.3670 -0.9261

PART 31
OFFSET  8.6861 -2.8571 -5.5876
X -0.5085 -0.7861 -0.3513
Y -0.8601  0.4832  0.1636
Z  0.0412  0.3854 -0.9218

PART 32
OFFSET  7.9434 -4.0053 -6.1008
X -0.9869 -0.1383 -0.0826
Y -0.1603  0.8933  0.4199
Z  0.0157  0.4276 -0.9038

PART 33
OFFSET  6.8258 -4.1596 -6.2010
X  0.8582 -0.4919 -0.1471
Y  0.5123  0.8024  0.3060
Z -0.0325 -0.3380  0.9406

PART 34
OFFSET  6.9334 -3.2956 -6.1872
X  0.0164  0.2169 -0.9761
Y -0.3059  0.9305  0.2016
Z  0.9519  0.2953  0.0817

PART 35
OFFSET  8.3273 -3.0659 -4.2117
X  0.9314  0.2525  0.2620
Y -0.3101  0.9275  0.2085
Z -0.1904 -0.2755  0.9423

PART 36
OFFSET  8.3273 -3.0659 -4.2117
X  0.9314  0.2525  0.2620
Y -0.3101  0.9275  0.2085
Z -0.1904 -0.2755  0.9423

PART 37
OFFSET  13.1617 -1.9988  1.0276
X  0.9314  0.2525  0.2620
Y -0.3101  0.9275  0.2085
Z -0.1904 -0.2755  0.9423

PART 38
OFFSET  3.3383 -4.6879 -1.5116
X  0.9314  0.2525  0.2620
Y -0.3101  0.9275  0.2085
Z -0.1904 -0.2755  0.9423

PART 39
OFFSET  21.0742 -0.1434  1.7507
X  0.9314  0.2525  0.2620
Y -0.3101  0.9275  0.2085
Z -0.1904 -0.2755  0.9423

PART 40
OFFSET -0.7366 -11.1088  0.3000
X  0.8711 -0.1447  0.4693
Y -0.1769 -0.9839  0.0251
Z  0.4581 -0.1049 -0.8827

PART 41
OFFSET -11.2716 -9.3593 -5.3759
X -0.9090 -0.2433  0.3385
Y -0.4088  0.3618 -0.8378
Z  0.0813 -0.8999 -0.4284

PART 42
OFFSET -3.5403 -7.2901 -8.2549
X -0.9090 -0.2433  0.3385
Y -0.3664  0.0790 -0.9271
Z  0.1988 -0.9667 -0.1609

PART 43
OFFSET -2.0667 -5.7379 -7.4357
X -0.9067 -0.2427  0.3448
Y -0.0725  0.8952  0.4397
Z -0.4154  0.3737 -0.8293

PART 44
OFFSET -1.3047 -6.2971 -6.9171
X -0.9067 -0.2427  0.3448
Y -0.0725  0.8952  0.4397
Z -0.4154  0.3737 -0.8293

PART 45
OFFSET -1.4769 -7.7525 -8.7171
X -0.9067 -0.2427  0.3448
Y -0.0725  0.8952  0.4397
Z -0.4154  0.3737 -0.8293

PART 46
OFFSET -0.7537 -6.5443 -9.2926
X -0.9053 -0.2237 -0.3612
Y  0.2858  0.3085 -0.9073
Z  0.3144 -0.9245 -0.2154

PART 47
OFFSET -0.7514 -6.3620 -8.1661
X -0.2975 -0.4024 -0.8658
Y  0.5237  0.6895 -0.5004
Z  0.7983 -0.6023  0.0057

PART 48
OFFSET -0.2062 -5.5288 -6.2481
X -0.7276 -0.5717 -0.3791
Y  0.3161  0.2111 -0.9249
Z  0.6088 -0.7929  0.0271

PART 49
OFFSET  0.9192 -4.5046 -5.6943
X -0.6955 -0.7117  0.0985
Y -0.0561 -0.0829 -0.9950
Z  0.7163 -0.6975  0.0178

PART 50
OFFSET  1.6395 -3.7017 -5.7847
X -0.9851 -0.0944 -0.1437
Y -0.1257  0.9657  0.2274
Z  0.1173  0.2421 -0.9631

PART 51
OFFSET  0.2547 -5.8380 -9.9148
X -0.8919 -0.3993  0.2125
Y  0.3693 -0.9141 -0.1675
Z  0.2611 -0.0709  0.9627

PART 52
OFFSET  2.2514 -4.8392 -10.2317
X -0.7307 -0.6780 -0.0801
Y  0.6780 -0.7070 -0.2014
Z  0.0799 -0.2015  0.9762

PART 53
OFFSET  3.2859 -3.8794 -10.1183
X  0.1604 -0.9624 -0.2193
Y  0.9867  0.1623  0.0095
Z  0.0264 -0.2179  0.9756

PART 54
OFFSET  3.1436 -3.0260 -9.9237
X  0.7565 -0.6237 -0.1968
Y  0.6477  0.7562  0.0932
Z  0.0907 -0.1980  0.9760

PART 55
OFFSET  2.4250 -2.4335 -9.7367
X -0.9983  0.0310 -0.0491
Y  0.0137  0.9472  0.3204
Z  0.0564  0.3191 -0.9460

PART 56
OFFSET  0.3078 -6.1229 -9.2626
X -0.9474 -0.3132 -0.0664
Y  0.3200 -0.9324 -0.1679
Z -0.0093 -0.1803  0.9836

PART 57
OFFSET  2.7750 -5.3038 -9.2400
X -0.6751 -0.7245 -0.1392
Y  0.7371 -0.6544 -0.1687
Z  0.0311 -0.2165  0.9758

PART 58
OFFSET  3.9243 -4.0704 -9.0030
X  0.2740 -0.9355 -0.2232
Y  0.9617  0.2682  0.0566
Z  0.0070 -0.2302  0.9731

PART 59
OFFSET  3.5446 -2.7739 -8.6936
X  0.7894 -0.5973 -0.1416
Y  0.6139  0.7699  0.1743
Z  0.0049 -0.2245  0.9745

PART 60
OFFSET  2.6885 -2.1260 -8.5400
X -0.9972  0.0386  0.0644
Y  0.0497  0.9821  0.1819
Z -0.0562  0.1846 -0.9812

PART 61
OFFSET -4.5946 -8.2319 -10.1441
X -0.8196 -0.5272 -0.2243
Y -0.5524  0.8310  0.0655
Z  0.1519  0.1776 -0.9723

PART 62
OFFSET  2.6749 -6.2491 -7.2809
X -0.5064 -0.7130 -0.4850
Y  0.7738 -0.6239  0.1092
Z -0.3805 -0.3200  0.8677

PART 63
OFFSET  3.5666 -4.9939 -6.4269
X -0.1234 -0.9238 -0.3625
Y  0.8994 -0.2585  0.3525
Z -0.4193 -0.2826  0.8627

PART 64
OFFSET  3.6912 -3.8880 -5.9339
X  0.1700 -0.9360 -0.3081
Y  0.8967  0.0173  0.4422
Z -0.4086 -0.3515  0.8423

PART 65
OFFSET  3.4992 -2.8308 -5.5858
X -0.9798  0.1902 -0.0620
Y  0.1622  0.9366  0.3107
Z  0.1172  0.2944 -0.9485

PART 66
OFFSET  2.8320 -5.7724 -8.2650
X -0.5479 -0.7448 -0.3809
Y  0.7994 -0.6003  0.0240
Z -0.2466 -0.2913  0.9243

PART 67
OFFSET  3.9024 -4.3175 -7.5209
X  0.2623 -0.9410 -0.2137
Y  0.9416  0.2012  0.2700
Z -0.2110 -0.2721  0.9389

PART 68
OFFSET  3.5194 -2.9430 -7.2086
X  0.7415 -0.6701 -0.0349
Y  0.6495  0.7037  0.2879
Z -0.1684 -0.2361  0.9570

PART 69
OFFSET  2.6812 -2.1819 -7.1757
X -0.9726  0.0794 -0.2183
Y  0.0072  0.9496  0.3134
Z  0.2322  0.3033 -0.9242

PART 70
OFFSET  0.0000 -0.0000 -0.0000
X  1.0000 -0.0000  0.0000
Y  0.0000  1.0000  0.0000
Z  0.0000 -0.0000  1.0000

PART 71
OFFSET -0.0000 -0.0000 -0.0000
X  0.9992  0.0000 -0.0394
Y -0.0044  0.9936 -0.1126
Z  0.0392  0.1127  0.9929

PART 72
OFFSET  1.7011  0.4660  4.0455
X  0.9992  0.0000 -0.0394
Y -0.0044  0.9936 -0.1126
Z  0.0392  0.1127  0.9929


FRAME 77
PART 0
OFFSET  0.0000 -0.0000 -0.0000
X  1.0000 -0.0000  0.0000
Y  0.0000  1.0000  0.0000
Z  0.0000 -0.0000  1.0000

PART 1
OFFSET -2.1681 -3.2868  2.3766
X  0.9774  0.0862 -0.1932
Y -0.0858  0.9963  0.0105
Z  0.1934  0.0063  0.9811

PART 2
OFFSET -8.8209  4.1132  1.7956
X  0.3122 -0.0062 -0.9500
Y -0.0597 -0.9981 -0.0132
Z -0.9481  0.0608 -0.3120

PART 3
OFFSET -5.0446  4.0386 -9.6934
X  0.7853 -0.5611  0.2616
Y -0.3121  0.0061  0.9500
Z -0.5347 -0.8277 -0.1704

PART 4
OFFSET  1.6348 -0.7340 -7.4686
X  0.7853 -0.5611  0.2616
Y -0.5283 -0.3870  0.7558
Z -0.3229 -0.7317 -0.6003

PART 5
OFFSET  3.5442 -0.7967 -7.9620
X  0.7862 -0.5588  0.2637
Y  0.5396  0.8289  0.1476
Z -0.3011  0.0263  0.9532

PART 6
OFFSET  2.4398 -1.9289 -8.5346
X  0.7862 -0.5588  0.2637
Y  0.5396  0.8289  0.1476
Z -0.3011  0.0263  0.9532

PART 7
OFFSET  3.1017 -1.1319 -5.4481
X  0.7862 -0.5588  0.2637
Y  0.5396  0.8289  0.1476
Z -0.3011  0.0263  0.9532

PART 8
OFFSET  2.2247 -2.2106 -5.4913
X  0.7862 -0.5588  0.2637
Y  0.5396  0.8289  0.1476
Z -0.3011  0.0263  0.9532

PART 9
OFFSET  1.9101 -2.4832 -6.5720
X  0.7862 -0.5588  0.2637
Y  0.5396  0.8289  0.1476
Z -0.3011  0.0263  0.9532

PART 10
OFFSET  4.0423 -2.4542 -6.6666
X  0.8723  0.1488  0.4657
Y -0.4074 -0.3055  0.8607
Z  0.2703 -0.9405 -0.2058

PART 11
OFFSET  4.1526 -3.0682 -5.7111
X  0.7466 -0.4469  0.4927
Y -0.6503 -0.3341  0.6823
Z -0.1404 -0.8298 -0.5401

PART 12
OFFSET  5.6910 -4.1122 -4.6098
X  0.9719  0.1921  0.1359
Y  0.0310 -0.6772  0.7351
Z  0.2333 -0.7103 -0.6642

PART 13
OFFSET  7.2843 -3.8412 -4.5085
X  0.9103  0.2242 -0.3479
Y  0.4131 -0.5444  0.7300
Z -0.0257 -0.8083 -0.5882

PART 14
OFFSET  8.2746 -3.6450 -4.8993
X  0.7736  0.5725  0.2715
Y -0.6298  0.6474  0.4292
Z  0.0700 -0.5030  0.8614

PART 15
OFFSET  5.2714 -2.1913 -7.2357
X  0.9594  0.2560 -0.1183
Y  0.2191 -0.9408 -0.2586
Z -0.1775  0.2222 -0.9587

PART 16
OFFSET  7.4797 -1.7639 -7.3936
X  0.9078 -0.3715  0.1949
Y -0.3275 -0.9179 -0.2242
Z  0.2621  0.1397 -0.9549

PART 17
OFFSET  8.7649 -2.2898 -7.1177
X  0.2593 -0.9639 -0.0600
Y -0.9128 -0.2243 -0.3413
Z  0.3155  0.1432 -0.9381

PART 18
OFFSET  8.9949 -3.1445 -7.1708
X -0.9032 -0.3226 -0.2831
Y -0.3478  0.9366  0.0422
Z  0.2515  0.1366 -0.9582

PART 19
OFFSET  8.1368 -3.4510 -7.4398
X  0.8728 -0.3610  0.3286
Y  0.3504  0.9320  0.0930
Z -0.3398  0.0340  0.9399

PART 20
OFFSET  5.1547 -2.2302 -6.5325
X  0.9569  0.2298  0.1777
Y  0.2700 -0.9290 -0.2529
Z  0.1069  0.2900 -0.9510

PART 21
OFFSET  7.6481 -1.5702 -6.2071
X  0.7170 -0.6898 -0.1004
Y -0.6907 -0.6835 -0.2364
Z  0.0944  0.2388 -0.9665

PART 22
OFFSET  8.8688 -2.7447 -6.3780
X -0.6509 -0.7175 -0.2482
Y -0.7496  0.6592  0.0602
Z  0.1204  0.2252 -0.9668

PART 23
OFFSET  7.9667 -3.7390 -6.7220
X -0.9917 -0.0060 -0.1284
Y -0.0354  0.9731  0.2277
Z  0.1236  0.2303 -0.9652

PART 24
OFFSET  6.8912 -3.7455 -6.8612
X  0.8388 -0.5396 -0.0723
Y  0.5341  0.7899  0.3014
Z -0.1055 -0.2914  0.9508

PART 25
OFFSET  6.2294 -2.9846 -3.9748
X  0.9747 -0.0624  0.2145
Y -0.0209  0.9305  0.3657
Z -0.2224 -0.3610  0.9057

PART 26
OFFSET  7.0337 -1.7552 -4.1263
X  0.9619 -0.2123  0.1724
Y -0.1937 -0.9739 -0.1187
Z  0.1931  0.0808 -0.9778

PART 27
OFFSET  8.7272 -2.1290 -3.8227
X  0.3875 -0.9166 -0.0988
Y -0.9042 -0.3570 -0.2346
Z  0.1798  0.1802 -0.9671

PART 28
OFFSET  9.1873 -3.2543 -3.8840
X -0.4459 -0.8824 -0.1504
Y -0.8710  0.4665 -0.1544
Z  0.2064  0.0621 -0.9765

PART 29
OFFSET  8.6836 -4.2509 -4.0539
X  0.9895 -0.1164 -0.0863
Y  0.1332  0.9649  0.2265
Z  0.0569 -0.2356  0.9702

PART 30
OFFSET  7.4311 -1.6084 -5.1465
X  0.6912 -0.7002 -0.1789
Y -0.7076 -0.6055 -0.3642
Z  0.1467  0.3783 -0.9140

PART 31
OFFSET  8.7814 -2.9763 -5.4959
X -0.5287 -0.7545 -0.3889
Y -0.8428  0.5212  0.1344
Z  0.1013  0.3988 -0.9114

PART 32
OFFSET  8.0092 -4.0783 -6.0640
X -0.9876 -0.0891 -0.1292
Y -0.1367  0.8926  0.4296
Z  0.0770  0.4419 -0.8937

PART 33
OFFSET  6.8913 -4.1767 -6.2169
X  0.8397 -0.5301 -0.1182
Y  0.5354  0.7713  0.3441
Z -0.0912 -0.3522  0.9315

PART 34
OFFSET  7.0389 -3.3194 -6.1815
X  0.0711  0.2327 -0.9699
Y -0.2703  0.9405  0.2059
Z  0.9602  0.2476  0.1297

PART 35
OFFSET  8.3509 -3.1913 -4.1417
X  0.9295  0.2027  0.3081
Y -0.2750  0.9377  0.2125
Z -0.2458 -0.2822  0.9273

PART 36
OFFSET  8.3509 -3.1913 -4.1417
X  0.9295  0.2027  0.3081
Y -0.2750  0.9377  0.2125
Z -0.2458 -0.2822  0.9273

PART 37
OFFSET  12.9873 -2.4494  1.3277
X  0.9295  0.2027  0.3081
Y -0.2750  0.9377  0.2125
Z -0.2458 -0.2822  0.9273

PART 38
OFFSET  3.1731 -4.6173 -1.6987
X  0.9295  0.2027  0.3081
Y -0.2750  0.9377  0.2125
Z -0.2458 -0.2822  0.9273

PART 39
OFFSET  20.9379 -0.9907  2.4387
X  0.9295  0.2027  0.3081
Y -0.2750  0.9377  0.2125
Z -0.2458 -0.2822  0.9273

PART 40
OFFSET -0.7366 -11.1088  0.3000
X  0.8538 -0.1561  0.4967
Y -0.1796 -0.9837 -0.0004
Z  0.4886 -0.0889 -0.8679

PART 41
OFFSET -11.0623 -9.2211 -5.7065
X -0.9003 -0.2663  0.3442
Y -0.4248  0.3661 -0.8280
Z  0.0945 -0.8917 -0.4427

PART 42
OFFSET -3.4046 -6.9558 -8.6339
X -0.9003 -0.2663  0.3442
Y -0.3779  0.0862 -0.9218
Z  0.2159 -0.9600 -0.1782

PART 43
OFFSET -1.9532 -5.3869 -7.8066
X -0.8980 -0.2659  0.3505
Y -0.0855  0.8870  0.4539
Z -0.4315  0.3776 -0.8193

PART 44
OFFSET -1.1748 -5.9385 -7.3044
X -0.8980 -0.2659  0.3505
Y -0.0855  0.8870  0.4539
Z -0.4315  0.3776 -0.8193

PART 45
OFFSET -1.3375 -7.3700 -9.1244
X -0.8980 -0.2659  0.3505
Y -0.0855  0.8870  0.4539
Z -0.4315  0.3776 -0.8193

PART 46
OFFSET -0.6445 -6.1392 -9.6890
X -0.8975 -0.1735 -0.4055
Y  0.3410  0.3100 -0.8875
Z  0.2797 -0.9348 -0.2191

PART 47
OFFSET -0.6847 -5.9768 -8.5602
X -0.2766 -0.3726 -0.8858
Y  0.5780  0.6719 -0.4631
Z  0.7678 -0.6401  0.0295

PART 48
OFFSET -0.1884 -5.2042 -6.6040
X -0.7359 -0.5293 -0.4222
Y  0.3675  0.2115 -0.9057
Z  0.5686 -0.8217  0.0388

PART 49
OFFSET  0.9579 -4.2452 -5.9807
X -0.7322 -0.6789  0.0535
Y -0.0147 -0.0629 -0.9979
Z  0.6809 -0.7315  0.0361

PART 50
OFFSET  1.7189 -3.4765 -6.0233
X -0.9809 -0.0443 -0.1893
Y -0.0900  0.9665  0.2403
Z  0.1723  0.2527 -0.9521

PART 51
OFFSET  0.4236 -5.4718 -10.2518
X -0.9185 -0.3594  0.1647
Y  0.3328 -0.9278 -0.1686
Z  0.2134 -0.1001  0.9718

PART 52
OFFSET  2.4776 -4.5651 -10.4598
X -0.7576 -0.6404 -0.1258
Y  0.6522 -0.7352 -0.1847
Z  0.0258 -0.2219  0.9747

PART 53
OFFSET  3.5503 -3.6584 -10.2818
X  0.1244 -0.9651 -0.2306
Y  0.9918  0.1143  0.0567
Z -0.0283 -0.2358  0.9714

PART 54
OFFSET  3.4399 -2.8027 -10.0772
X  0.7342 -0.6560 -0.1750
Y  0.6779  0.7223  0.1367
Z  0.0368 -0.2190  0.9750

PART 55
OFFSET  2.7424 -2.1795 -9.9109
X -0.9925  0.0800 -0.0929
Y  0.0440  0.9398  0.3390
Z  0.1144  0.3324 -0.9362

PART 56
OFFSET  0.4333 -5.7701 -9.6035
X -0.9571 -0.2659 -0.1147
Y  0.2828 -0.9437 -0.1716
Z -0.0626 -0.1967  0.9785

PART 57
OFFSET  2.9330 -5.0715 -9.4551
X -0.7016 -0.6886 -0.1833
Y  0.7121 -0.6862 -0.1484
Z -0.0235 -0.2346  0.9718

PART 58
OFFSET  4.1276 -3.8992 -9.1431
X  0.2392 -0.9436 -0.2290
Y  0.9698  0.2205  0.1046
Z -0.0482 -0.2471  0.9678

PART 59
OFFSET  3.7961 -2.5915 -8.8258
X  0.7658 -0.6322 -0.1178
Y  0.6411  0.7363  0.2164
Z -0.0501 -0.2413  0.9692

PART 60
OFFSET  2.9655 -1.9058 -8.6980
X -0.9961  0.0855  0.0206
Y  0.0879  0.9752  0.2030
Z -0.0027  0.2040 -0.9790

PART 61
OFFSET -4.5183 -7.6246 -10.7435
X -0.8326 -0.4831 -0.2708
Y -0.5148  0.8554  0.0569
Z  0.2042  0.1868 -0.9609

PART 62
OFFSET  2.6993 -6.0446 -7.5211
X -0.5171 -0.6792 -0.5209
Y  0.7376 -0.6623  0.1315
Z -0.4343 -0.3162  0.8434

PART 63
OFFSET  3.6098 -4.8488 -6.6040
X -0.1505 -0.9103 -0.3856
Y  0.8692 -0.3077  0.3871
Z -0.4710 -0.2769  0.8375

PART 64
OFFSET  3.7641 -3.7590 -6.0844
X  0.1393 -0.9377 -0.3184
Y  0.8755 -0.0336  0.4820
Z -0.4627 -0.3459  0.8163

PART 65
OFFSET  3.6068 -2.6998 -5.7248
X -0.9658  0.2383 -0.1019
Y  0.1921  0.9221  0.3358
Z  0.1740  0.3048 -0.9364

PART 66
OFFSET  2.9234 -5.5591 -8.4878
X -0.5647 -0.7108 -0.4194
Y  0.7681 -0.6385  0.0480
Z -0.3019 -0.2950  0.9065

PART 67
OFFSET  4.0267 -4.1706 -7.6685
X  0.2268 -0.9487 -0.2201
Y  0.9369  0.1508  0.3155
Z -0.2662 -0.2778  0.9230

PART 68
OFFSET  3.6954 -2.7848 -7.3470
X  0.7097 -0.7044 -0.0148
Y  0.6684  0.6665  0.3302
Z -0.2227 -0.2442  0.9438

PART 69
OFFSET  2.8936 -1.9849 -7.3367
X -0.9569  0.1300 -0.2599
Y  0.0379  0.9426  0.3318
Z  0.2881  0.3077 -0.9068

PART 70
OFFSET  0.0000 -0.0000 -0.0000
X  1.0000 -0.0000  0.0000
Y  0.0000  1.0000  0.0000
Z  0.0000 -0.0000  1.0000

PART 71
OFFSET  0.0000 -0.0000 -0.0000
X  1.0000 -0.0000  0.0068
Y  0.0008  0.9935 -0.1138
Z -0.0068  0.1138  0.9935

PART 72
OFFSET  1.5123  0.4708  4.1192
X  1.0000 -0.0000  0.0068
Y  0.0008  0.9935 -0.1138
Z -0.0068  0.1138  0.9935


FRAME 78
PART 0
OFFSET  0.0000 -0.0000 -0.0000
X  1.0000 -0.0000  0.0000
Y  0.0000  1.0000  0.0000
Z  0.0000 -0.0000  1.0000

PART 1
OFFSET -2.1681 -3.2868  2.3766
X  0.9774  0.0862 -0.1932
Y -0.0858  0.9963  0.0105
Z  0.1934  0.0063  0.9811

PART 2
OFFSET -8.8209  4.1132  1.7956
X  0.3156 -0.0106 -0.9488
Y -0.0457 -0.9989 -0.0040
Z -0.9478  0.0446 -0.3157

PART 3
OFFSET -5.0044  3.9844 -9.6796
X  0.7979 -0.5477  0.2518
Y -0.3007  0.0004  0.9537
Z -0.5224 -0.8367 -0.1644

PART 4
OFFSET  1.7822 -0.6737 -7.5381
X  0.7979 -0.5477  0.2518
Y -0.4969 -0.3613  0.7890
Z -0.3411 -0.7547 -0.5604

PART 5
OFFSET  3.6863 -0.7035 -8.0546
X  0.7988 -0.5454  0.2539
Y  0.5271  0.8379  0.1415
Z -0.2899  0.0208  0.9568

PART 6
OFFSET  2.5947 -1.8543 -8.6144
X  0.7988 -0.5454  0.2539
Y  0.5271  0.8379  0.1415
Z -0.2899  0.0208  0.9568

PART 7
OFFSET  3.2800 -1.0472 -5.5357
X  0.7988 -0.5454  0.2539
Y  0.5271  0.8379  0.1415
Z -0.2899  0.0208  0.9568

PART 8
OFFSET  2.4212 -2.1407 -5.5689
X  0.7988 -0.5454  0.2539
Y  0.5271  0.8379  0.1415
Z -0.2899  0.0208  0.9568

PART 9
OFFSET  2.0983 -2.4183 -6.6459
X  0.7988 -0.5454  0.2539
Y  0.5271  0.8379  0.1415
Z -0.2899  0.0208  0.9568

PART 10
OFFSET  4.2284 -2.3527 -6.7662
X  0.8588  0.1004  0.5023
Y -0.4566 -0.2947  0.8395
Z  0.2323 -0.9503 -0.2073

PART 11
OFFSET  4.2695 -2.9821 -5.8152
X  0.7032 -0.4887  0.5164
Y -0.6931 -0.3093  0.6511
Z -0.1585 -0.8158 -0.5562

PART 12
OFFSET  5.7090 -4.1130 -4.6669
X  0.9738  0.1424  0.1774
Y -0.0320 -0.6862  0.7267
Z  0.2252 -0.7134 -0.6636

PART 13
OFFSET  7.3082 -3.9221 -4.4982
X  0.9336  0.1830 -0.3081
Y  0.3559 -0.5723  0.7388
Z -0.0411 -0.7994 -0.5995

PART 14
OFFSET  8.3219 -3.7705 -4.8462
X  0.7889  0.5306  0.3099
Y -0.6144  0.6728  0.4122
Z  0.0102 -0.5156  0.8568

PART 15
OFFSET  5.4910 -2.1442 -7.2819
X  0.9748  0.2097 -0.0762
Y  0.1833 -0.9475 -0.2621
Z -0.1272  0.2415 -0.9620

PART 16
OFFSET  7.7222 -1.8245 -7.3452
X  0.8799 -0.4179  0.2262
Y -0.3624 -0.8980 -0.2493
Z  0.3074  0.1374 -0.9416

PART 17
OFFSET  8.9679 -2.4162 -7.0249
X  0.2142 -0.9748 -0.0623
Y -0.9080 -0.1752 -0.3806
Z  0.3601  0.1381 -0.9226

PART 18
OFFSET  9.1578 -3.2805 -7.0802
X -0.9056 -0.2745 -0.3234
Y -0.3031  0.9521  0.0406
Z  0.2968  0.1348 -0.9454

PART 19
OFFSET  8.2975 -3.5412 -7.3874
X  0.8400 -0.4072  0.3586
Y  0.3914  0.9125  0.1193
Z -0.3758  0.0401  0.9258

PART 20
OFFSET  5.3440 -2.1853 -6.5846
X  0.9589  0.1803  0.2190
Y  0.2345 -0.9383 -0.2542
Z  0.1597  0.2951 -0.9420

PART 21
OFFSET  7.8513 -1.6527 -6.1505
X  0.6860 -0.7231 -0.0807
Y -0.7130 -0.6459 -0.2730
Z  0.1453  0.2448 -0.9586

PART 22
OFFSET  9.0191 -2.8839 -6.2878
X -0.6744 -0.6817 -0.2836
Y -0.7184  0.6946  0.0388
Z  0.1705  0.2299 -0.9582

PART 23
OFFSET  8.0844 -3.8286 -6.6809
X -0.9848  0.0443 -0.1682
Y  0.0029  0.9710  0.2390
Z  0.1739  0.2349 -0.9563

PART 24
OFFSET  7.0164 -3.7806 -6.8633
X  0.8137 -0.5794 -0.0457
Y  0.5593  0.7591  0.3331
Z -0.1583 -0.2966  0.9418

PART 25
OFFSET  6.2754 -3.0206 -3.9960
X  0.9610 -0.1128  0.2526
Y  0.0096  0.9262  0.3769
Z -0.2765 -0.3598  0.8911

PART 26
OFFSET  7.1442 -1.8307 -4.0987
X  0.9425 -0.2614  0.2081
Y -0.2360 -0.9617 -0.1393
Z  0.2365  0.0822 -0.9681

PART 27
OFFSET  8.8037 -2.2909 -3.7323
X  0.3460 -0.9334 -0.0953
Y -0.9102 -0.3093 -0.2754
Z  0.2276  0.1820 -0.9566

PART 28
OFFSET  9.2105 -3.4367 -3.7900
X -0.4819 -0.8576 -0.1799
Y -0.8401  0.5105 -0.1831
Z  0.2488  0.0629 -0.9665

PART 29
OFFSET  8.6661 -4.4053 -3.9932
X  0.9853 -0.1640 -0.0480
Y  0.1708  0.9545  0.2445
Z  0.0057 -0.2491  0.9685

PART 30
OFFSET  7.5896 -1.6921 -5.1001
X  0.6629 -0.7313 -0.1602
Y -0.7209 -0.5657 -0.4004
Z  0.2022  0.3809 -0.9022

PART 31
OFFSET  8.8847 -3.1208 -5.4131
X -0.5486 -0.7231 -0.4198
Y -0.8211  0.5606  0.1074
Z  0.1577  0.4036 -0.9012

PART 32
OFFSET  8.0834 -4.1770 -6.0263
X -0.9847 -0.0389 -0.1699
Y -0.1104  0.8934  0.4356
Z  0.1349  0.4477 -0.8840

PART 33
OFFSET  6.9692 -4.2185 -6.2253
X  0.8169 -0.5694 -0.0914
Y  0.5579  0.7401  0.3756
Z -0.1462 -0.3578  0.9223

PART 34
OFFSET  7.1569 -3.3699 -6.1726
X  0.1218  0.2399 -0.9631
Y -0.2323  0.9503  0.2073
Z  0.9650  0.1985  0.1715

PART 35
OFFSET  8.3893 -3.3297 -4.0802
X  0.9249  0.1532  0.3479
Y -0.2373  0.9476  0.2137
Z -0.2969 -0.2802  0.9129

PART 36
OFFSET  8.3893 -3.3297 -4.0802
X  0.9249  0.1532  0.3479
Y -0.2373  0.9476  0.2137
Z -0.2969 -0.2802  0.9129

PART 37
OFFSET  12.8296 -2.8790  1.5803
X  0.9249  0.1532  0.3479
Y -0.2373  0.9476  0.2137
Z -0.2969 -0.2802  0.9129

PART 38
OFFSET  3.0528 -4.5263 -1.8663
X  0.9249  0.1532  0.3479
Y -0.2373  0.9476  0.2137
Z -0.2969 -0.2802  0.9129

PART 39
OFFSET  20.7899 -1.8265  3.0291
X  0.9249  0.1532  0.3479
Y -0.2373  0.9476  0.2137
Z -0.2969 -0.2802  0.9129

PART 40
OFFSET -0.7366 -11.1088  0.3000
X  0.8359 -0.1686  0.5223
Y -0.1833 -0.9828 -0.0239
Z  0.5173 -0.0758 -0.8524

PART 41
OFFSET -10.8464 -9.0695 -6.0163
X -0.8937 -0.2853  0.3463
Y -0.4360  0.3700 -0.8204
Z  0.1060 -0.8841 -0.4551

PART 42
OFFSET -3.2452 -6.6427 -8.9615
X -0.8937 -0.2853  0.3463
Y -0.3856  0.0938 -0.9179
Z  0.2294 -0.9538 -0.1938

PART 43
OFFSET -1.8139 -5.0615 -8.1227
X -0.8914 -0.2849  0.3526
Y -0.0967  0.8794  0.4661
Z -0.4428  0.3813 -0.8115

PART 44
OFFSET -1.0235 -5.6070 -7.6327
X -0.8914 -0.2849  0.3526
Y -0.0967  0.8794  0.4661
Z -0.4428  0.3813 -0.8115

PART 45
OFFSET -1.1750 -7.0171 -9.4704
X -0.8914 -0.2849  0.3526
Y -0.0967  0.8794  0.4661
Z -0.4428  0.3813 -0.8115

PART 46
OFFSET -0.5054 -5.7679 -10.0231
X -0.8876 -0.1244 -0.4435
Y  0.3916  0.3028 -0.8689
Z  0.2424 -0.9449 -0.2201

PART 47
OFFSET -0.5837 -5.6164 -8.8947
X -0.2581 -0.3485 -0.9011
Y  0.6285  0.6478 -0.4305
Z  0.7338 -0.6774  0.0518

PART 48
OFFSET -0.1305 -4.8914 -6.9100
X -0.7430 -0.4875 -0.4584
Y  0.4140  0.2034 -0.8873
Z  0.5258 -0.8491  0.0507

PART 49
OFFSET  1.0349 -3.9971 -6.2285
X -0.7661 -0.6426  0.0151
Y  0.0230 -0.0508 -0.9984
Z  0.6424 -0.7645  0.0537

PART 50
OFFSET  1.8335 -3.2664 -6.2303
X -0.9734  0.0063 -0.2291
Y -0.0525  0.9670  0.2493
Z  0.2231  0.2547 -0.9409

PART 51
OFFSET  0.6159 -5.1476 -10.5336
X -0.9409 -0.3155  0.1229
Y  0.2937 -0.9411 -0.1674
Z  0.1685 -0.1214  0.9782

PART 52
OFFSET  2.7186 -4.3410 -10.6469
X -0.7822 -0.6009 -0.1646
Y  0.6225 -0.7644 -0.1681
Z -0.0248 -0.2339  0.9719

PART 53
OFFSET  3.8260 -3.4903 -10.4139
X  0.0865 -0.9673 -0.2382
Y  0.9931  0.0647  0.0980
Z -0.0794 -0.2451  0.9662

PART 54
OFFSET  3.7493 -2.6325 -10.2025
X  0.7079 -0.6893 -0.1541
Y  0.7062  0.6864  0.1734
Z -0.0137 -0.2315  0.9727

PART 55
OFFSET  3.0768 -1.9776 -10.0562
X -0.9828  0.1298 -0.1316
Y  0.0759  0.9326  0.3530
Z  0.1686  0.3369 -0.9263

PART 56
OFFSET  0.5847 -5.4533 -9.8894
X -0.9635 -0.2171 -0.1565
Y  0.2432 -0.9545 -0.1726
Z -0.1119 -0.2044  0.9725

PART 57
OFFSET  3.1074 -4.8805 -9.6314
X -0.7263 -0.6510 -0.2204
Y  0.6833 -0.7187 -0.1288
Z -0.0746 -0.2441  0.9669

PART 58
OFFSET  4.3440 -3.7721 -9.2562
X  0.2021 -0.9516 -0.2317
Y  0.9743  0.1713  0.1464
Z -0.0996 -0.2553  0.9617

PART 59
OFFSET  4.0640 -2.4533 -8.9351
X  0.7382 -0.6678 -0.0953
Y  0.6669  0.7013  0.2517
Z -0.1012 -0.2494  0.9631

PART 60
OFFSET  3.2633 -1.7290 -8.8317
X -0.9908  0.1342 -0.0183
Y  0.1270  0.9674  0.2193
Z  0.0471  0.2149 -0.9755

PART 61
OFFSET -4.4009 -7.0486 -11.2519
X -0.8435 -0.4384 -0.3104
Y -0.4744  0.8790  0.0476
Z  0.2520  0.1874 -0.9494

PART 62
OFFSET  2.7478 -5.8626 -7.7215
X -0.5279 -0.6470 -0.5502
Y  0.6984 -0.6993  0.1522
Z -0.4832 -0.3039  0.8210

PART 63
OFFSET  3.6773 -4.7236 -6.7528
X -0.1789 -0.8974 -0.4034
Y  0.8366 -0.3545  0.4176
Z -0.5177 -0.2628  0.8142

PART 64
OFFSET  3.8633 -3.6486 -6.2130
X  0.1062 -0.9397 -0.3250
Y  0.8524 -0.0822  0.5163
Z -0.5119 -0.3319  0.7923

PART 65
OFFSET  3.7434 -2.5872 -5.8459
X -0.9481  0.2868 -0.1374
Y  0.2230  0.9077  0.3555
Z  0.2267  0.3064 -0.9245

PART 66
OFFSET  3.0345 -5.3779 -8.6719
X -0.5811 -0.6773 -0.4511
Y  0.7334 -0.6761  0.0703
Z -0.3526 -0.2900  0.8897

PART 67
OFFSET  4.1699 -4.0548 -7.7906
X  0.1891 -0.9562 -0.2234
Y  0.9295  0.1009  0.3549
Z -0.3168 -0.2747  0.9078

PART 68
OFFSET  3.8938 -2.6581 -7.4643
X  0.6745 -0.7383  0.0044
Y  0.6861  0.6290  0.3656
Z -0.2726 -0.2436  0.9308

PART 69
OFFSET  3.1322 -1.8198 -7.4755
X -0.9380  0.1799 -0.2963
Y  0.0703  0.9357  0.3456
Z  0.3395  0.3033 -0.8904

PART 70
OFFSET  0.0000 -0.0000 -0.0000
X  1.0000 -0.0000  0.0000
Y  0.0000  1.0000  0.0000
Z  0.0000 -0.0000  1.0000

PART 71
OFFSET  0.0000 -0.0000 -0.0000
X  0.9988  0.0000  0.0485
Y  0.0051  0.9944 -0.1057
Z -0.0482  0.1059  0.9932

PART 72
OFFSET  1.3393  0.4378  4.1823
X  0.9988  0.0000  0.0485
Y  0.0051  0.9944 -0.1057
Z -0.0482  0.1059  0.9932


FRAME 79
PART 0
OFFSET  0.0000 -0.0000 -0.0000
X  1.0000 -0.0000  0.0000
Y  0.0000  1.0000  0.0000
Z  0.0000 -0.0000  1.0000

PART 1
OFFSET -2.1681 -3.2868  2.3766
X  0.9774  0.0862 -0.1932
Y -0.0858  0.9963  0.0105
Z  0.1934  0.0063  0.9811

PART 2
OFFSET -8.8209  4.1132  1.7956
X  0.3214 -0.0164 -0.9468
Y -0.0336 -0.9994  0.0059
Z -0.9463  0.0300 -0.3218

PART 3
OFFSET -4.9339  3.9148 -9.6549
X  0.8090 -0.5354  0.2424
Y -0.2898 -0.0047  0.9571
Z -0.5113 -0.8446 -0.1589

PART 4
OFFSET  1.9474 -0.6394 -7.5934
X  0.8090 -0.5354  0.2424
Y -0.4669 -0.3350  0.8184
Z -0.3570 -0.7753 -0.5210

PART 5
OFFSET  3.8457 -0.6397 -8.1315
X  0.8099 -0.5331  0.2445
Y  0.5157  0.8459  0.1360
Z -0.2793  0.0159  0.9601

PART 6
OFFSET  2.7656 -1.8068 -8.6796
X  0.8099 -0.5331  0.2445
Y  0.5157  0.8459  0.1360
Z -0.2793  0.0159  0.9601

PART 7
OFFSET  3.4734 -0.9906 -5.6084
X  0.8099 -0.5331  0.2445
Y  0.5157  0.8459  0.1360
Z -0.2793  0.0159  0.9601

PART 8
OFFSET  2.6311 -2.0972 -5.6325
X  0.8099 -0.5331  0.2445
Y  0.5157  0.8459  0.1360
Z -0.2793  0.0159  0.9601

PART 9
OFFSET  2.3004 -2.3793 -6.7060
X  0.8099 -0.5331  0.2445
Y  0.5157  0.8459  0.1360
Z -0.2793  0.0159  0.9601

PART 10
OFFSET  4.4277 -2.2809 -6.8504
X  0.8445  0.0545  0.5328
Y -0.4999 -0.2767  0.8207
Z  0.1921 -0.9594 -0.2064

PART 11
OFFSET  4.4040 -2.9173 -5.9035
X  0.6595 -0.5262  0.5368
Y -0.7301 -0.2783  0.6241
Z -0.1790 -0.8035 -0.5677

PART 12
OFFSET  5.7443 -4.1253 -4.7144
X  0.9728  0.0927  0.2124
Y -0.0916 -0.6881  0.7198
Z  0.2129 -0.7197 -0.6609

PART 13
OFFSET  7.3440 -4.0152 -4.4884
X  0.9518  0.1381 -0.2738
Y  0.3009 -0.5938  0.7463
Z -0.0595 -0.7927 -0.6067

PART 14
OFFSET  8.3757 -3.9122 -4.7996
X  0.8028  0.4888  0.3414
Y -0.5945  0.7001  0.3956
Z -0.0456 -0.5206  0.8526

PART 15
OFFSET  5.7164 -2.1324 -7.3200
X  0.9861  0.1613 -0.0405
Y  0.1453 -0.9538 -0.2629
Z -0.0811  0.2533 -0.9640

PART 16
OFFSET  7.9616 -1.9238 -7.3029
X  0.8496 -0.4626  0.2536
Y -0.3975 -0.8774 -0.2688
Z  0.3468  0.1276 -0.9292

PART 17
OFFSET  9.1644 -2.5787 -6.9439
X  0.1677 -0.9839 -0.0623
Y -0.9016 -0.1275 -0.4134
Z  0.3988  0.1255 -0.9084

PART 18
OFFSET  9.3131 -3.4510 -6.9992
X -0.9061 -0.2271 -0.3570
Y -0.2568  0.9657  0.0374
Z  0.3362  0.1255 -0.9334

PART 19
OFFSET  8.4523 -3.6668 -7.3383
X  0.8056 -0.4507  0.3845
Y  0.4317  0.8911  0.1400
Z -0.4057  0.0532  0.9124

PART 20
OFFSET  5.5431 -2.1703 -6.6286
X  0.9584  0.1310  0.2537
Y  0.1965 -0.9473 -0.2531
Z  0.2072  0.2924 -0.9336

PART 21
OFFSET  8.0568 -1.7658 -6.1031
X  0.6517 -0.7559 -0.0623
Y -0.7340 -0.6079 -0.3027
Z  0.1910  0.2430 -0.9510

PART 22
OFFSET  9.1664 -3.0528 -6.2091
X -0.6970 -0.6455 -0.3123
Y -0.6840  0.7292  0.0191
Z  0.2154  0.2269 -0.9498

PART 23
OFFSET  8.2004 -3.9474 -6.6419
X -0.9748  0.0943 -0.2022
Y  0.0426  0.9682  0.2465
Z  0.2190  0.2316 -0.9478

PART 24
OFFSET  7.1432 -3.8452 -6.8612
X  0.7851 -0.6189 -0.0218
Y  0.5841  0.7283  0.3583
Z -0.2059 -0.2940  0.9334

PART 25
OFFSET  6.3402 -3.0664 -4.0156
X  0.9447 -0.1620  0.2851
Y  0.0422  0.9223  0.3842
Z -0.3252 -0.3509  0.8781

PART 26
OFFSET  7.2699 -1.9207 -4.0787
X  0.9205 -0.3092  0.2389
Y -0.2782 -0.9479 -0.1549
Z  0.2743  0.0761 -0.9586

PART 27
OFFSET  8.8905 -2.4651 -3.6581
X  0.3025 -0.9489 -0.0904
Y -0.9141 -0.2619 -0.3094
Z  0.2699  0.1762 -0.9466

PART 28
OFFSET  9.2419 -3.6294 -3.7105
X -0.5171 -0.8314 -0.2032
Y -0.8068  0.5528 -0.2084
Z  0.2856  0.0562 -0.9567

PART 29
OFFSET  8.6577 -4.5685 -3.9400
