// Export filename: `C:\projects\cod\t5\xanim_export\t5_viewmodels\l96a1\l96a1_ir_ads_down.XANIM_EXPORT`
// Source filename: `D:\projects\devanim\t5\animation_assets\viewmodels\l96a1\ViewModel_l96a1_animated.fbx`
// Export time: Sun Aug 29 21:44:37 2010

ANIMATION
VERSION 3

NUMPARTS 2
PART 0 "tag_view"
PART 1 "tag_torso"

FRAMERATE 30
NUMFRAMES 16

FRAME 2215
PART 0
OFFSET  0.0000 -0.0000 -0.0000
X  1.0000 -0.0000  0.0000
Y  0.0000  1.0000  0.0000
Z  0.0000 -0.0000  1.0000

PART 1
OFFSET -10.5715  4.4905 -0.2687
X  1.0000 -0.0000  0.0000
Y  0.0000  1.0000  0.0000
Z  0.0000 -0.0000  1.0000


FRAME 2216
PART 0
OFFSET  0.0000 -0.0000 -0.0000
X  1.0000 -0.0000  0.0000
Y  0.0000  1.0000  0.0000
Z  0.0000 -0.0000  1.0000

PART 1
OFFSET -10.3556  4.3598 -0.3427
X  1.0000 -0.0000  0.0007
Y -0.0000  0.9998  0.0205
Z -0.0007 -0.0205  0.9998


FRAME 2217
PART 0
OFFSET  0.0000 -0.0000 -0.0000
X  1.0000 -0.0000  0.0000
Y  0.0000  1.0000  0.0000
Z  0.0000 -0.0000  1.0000

PART 1
OFFSET -9.9330  4.0723 -0.4979
X  1.0000 -0.0000  0.0009
Y -0.0000  0.9990  0.0439
Z -0.0009 -0.0439  0.9990


FRAME 2218
PART 0
OFFSET  0.0000 -0.0000 -0.0000
X  1.0000 -0.0000  0.0000
Y  0.0000  1.0000  0.0000
Z  0.0000 -0.0000  1.0000

PART 1
OFFSET -9.3801  3.6839 -0.6992
X  1.0000 -0.0000  0.0008
Y -0.0001  0.9977  0.0673
Z -0.0008 -0.0673  0.9977


FRAME 2219
PART 0
OFFSET  0.0000 -0.0000 -0.0000
X  1.0000 -0.0000  0.0000
Y  0.0000  1.0000  0.0000
Z  0.0000 -0.0000  1.0000

PART 1
OFFSET -8.7735  3.2501 -0.9116
X  1.0000  0.0000  0.0005
Y -0.0000  0.9961  0.0883
Z -0.0005 -0.0883  0.9961


FRAME 2220
PART 0
OFFSET  0.0000 -0.0000 -0.0000
X  1.0000 -0.0000  0.0000
Y  0.0000  1.0000  0.0000
Z  0.0000 -0.0000  1.0000

PART 1
OFFSET -8.1896  2.8267 -1.1000
X  1.0000 -0.0000  0.0001
Y -0.0000  0.9946  0.1041
Z -0.0001 -0.1041  0.9946


FRAME 2221
PART 0
OFFSET  0.0000 -0.0000 -0.0000
X  1.0000 -0.0000  0.0000
Y  0.0000  1.0000  0.0000
Z  0.0000 -0.0000  1.0000

PART 1
OFFSET -7.7049  2.4694 -1.2294
X  1.0000 -0.0000  0.0000
Y  0.0000  0.9937  0.1120
Z  0.0000 -0.1120  0.9937


FRAME 2222
PART 0
OFFSET  0.0000 -0.0000 -0.0000
X  1.0000 -0.0000  0.0000
Y  0.0000  1.0000  0.0000
Z  0.0000 -0.0000  1.0000

PART 1
OFFSET -7.2759  2.1433 -1.3042
X  1.0000 -0.0000  0.0000
Y  0.0000  0.9939  0.1106
Z  0.0000 -0.1106  0.9939


FRAME 2223
PART 0
OFFSET  0.0000 -0.0000 -0.0000
X  1.0000 -0.0000  0.0000
Y  0.0000  1.0000  0.0000
Z  0.0000 -0.0000  1.0000

PART 1
OFFSET -6.8215  1.7880 -1.3548
X  1.0000 -0.0000  0.0000
Y  0.0000  0.9948  0.1016
Z  0.0000 -0.1016  0.9948


FRAME 2224
PART 0
OFFSET  0.0000 -0.0000 -0.0000
X  1.0000 -0.0000  0.0000
Y  0.0000  1.0000  0.0000
Z  0.0000 -0.0000  1.0000

PART 1
OFFSET -6.3621  1.4217 -1.3853
X  1.0000 -0.0000  0.0000
Y  0.0000  0.9962  0.0871
Z  0.0000 -0.0871  0.9962


FRAME 2225
PART 0
OFFSET  0.0000 -0.0000 -0.0000
X  1.0000 -0.0000  0.0000
Y  0.0000  1.0000  0.0000
Z  0.0000 -0.0000  1.0000

PART 1
OFFSET -5.9177  1.0624 -1.3999
X  1.0000 -0.0000  0.0000
Y  0.0000  0.9976  0.0692
Z  0.0000 -0.0692  0.9976


FRAME 2226
PART 0
OFFSET  0.0000 -0.0000 -0.0000
X  1.0000 -0.0000  0.0000
Y  0.0000  1.0000  0.0000
Z  0.0000 -0.0000  1.0000

PART 1
OFFSET -5.5088  0.7279 -1.4026
X  1.0000 -0.0000  0.0000
Y  0.0000  0.9988  0.0498
Z  0.0000 -0.0498  0.9988


FRAME 2227
PART 0
OFFSET  0.0000 -0.0000 -0.0000
X  1.0000 -0.0000  0.0000
Y  0.0000  1.0000  0.0000
Z  0.0000 -0.0000  1.0000

PART 1
OFFSET -5.1555  0.4365 -1.3975
X  1.0000 -0.0000  0.0000
Y  0.0000  0.9995  0.0312
Z  0.0000 -0.0312  0.9995


FRAME 2228
PART 0
OFFSET  0.0000 -0.0000 -0.0000
X  1.0000 -0.0000  0.0000
Y  0.0000  1.0000  0.0000
Z  0.0000 -0.0000  1.0000

PART 1
OFFSET -4.8781  0.2060 -1.3888
X  1.0000 -0.0000  0.0000
Y  0.0000  0.9999  0.0152
Z  0.0000 -0.0152  0.9999


FRAME 2229
PART 0
OFFSET  0.0000 -0.0000 -0.0000
X  1.0000 -0.0000  0.0000
Y  0.0000  1.0000  0.0000
Z  0.0000 -0.0000  1.0000

PART 1
OFFSET -4.6968  0.0545 -1.3806
X  1.0000 -0.0000  0.0000
Y  0.0000  1.0000  0.0042
Z  0.0000 -0.0042  1.0000


FRAME 2230
PART 0
OFFSET  0.0000 -0.0000 -0.0000
X  1.0000 -0.0000  0.0000
Y  0.0000  1.0000  0.0000
Z  0.0000 -0.0000  1.0000

PART 1
OFFSET -4.6318 -0.0000 -1.3770
X  1.0000 -0.0000  0.0000
Y  0.0000  1.0000  0.0000
Z  0.0000 -0.0000  1.0000


NUMKEYS 0
