// Export filename: `C:\projects\cod\t5\xanim_export\t5_viewmodels\l96a1\l96a1_pullout_quick.XANIM_EXPORT`
// Source filename: `D:\projects\devanim\t5\animation_assets\viewmodels\l96a1\ViewModel_l96a1_animated.fbx`
// Export time: Sun Aug 29 21:43:56 2010

ANIMATION
VERSION 3

NUMPARTS 79
PART 0 "tag_ads"
PART 1 "tag_torso"
PART 2 "J_Shoulder_LE"
PART 3 "J_Elbow_LE"
PART 4 "J_WristTwist_LE"
PART 5 "J_Sleave_Reshape_Bottom_LE_1"
PART 6 "J_Sleave_Reshape_Bottom_LE_2"
PART 7 "J_Sleave_Reshape_Top_LE_1"
PART 8 "J_Sleave_Reshape_Top_LE_2"
PART 9 "J_Sleave_Reshape_Top_LE_3"
PART 10 "J_Wrist_LE"
PART 11 "J_Thumb_LE_0"
PART 12 "J_Thumb_LE_1"
PART 13 "J_Thumb_LE_2"
PART 14 "J_Thumb_LE_3"
PART 15 "J_PinkyPalm_LE"
PART 16 "J_Pinky_LE_0"
PART 17 "J_Pinky_LE_1"
PART 18 "J_Pinky_LE_2"
PART 19 "J_Pinky_LE_3"
PART 20 "J_RingPalm_LE"
PART 21 "J_Ring_LE_0"
PART 22 "J_Ring_LE_1"
PART 23 "J_Ring_LE_2"
PART 24 "J_Ring_LE_3"
PART 25 "J_Webbing_LE"
PART 26 "J_Index_LE_0"
PART 27 "J_Index_LE_1"
PART 28 "J_Index_LE_2"
PART 29 "J_Index_LE_3"
PART 30 "J_Mid_LE_0"
PART 31 "J_Mid_LE_1"
PART 32 "J_Mid_LE_2"
PART 33 "J_Mid_LE_3"
PART 34 "tag_knife_attach"
PART 35 "tag_weapon"
PART 36 "J_Gun"
PART 37 "tag_bolt"
PART 38 "tag_bolt_handle"
PART 39 "tag_clip"
PART 40 "tag_clip_release"
PART 41 "tag_trigger"
PART 42 "tag_bipod_right"
PART 43 "tag_bipod_left"
PART 44 "tag_backlip"
PART 45 "tag_frontlip"
PART 46 "J_Shoulder_RI"
PART 47 "J_Elbow_RI"
PART 48 "J_WristTwist_RI"
PART 49 "J_Sleave_Reshape_Top_RI_3"
PART 50 "J_Sleave_Reshape_Top_RI_2"
PART 51 "J_Sleave_Reshape_Top_RI_1"
PART 52 "J_Wrist_RI"
PART 53 "J_Thumb_RI_0"
PART 54 "J_Thumb_RI_1"
PART 55 "J_Thumb_RI_2"
PART 56 "J_Thumb_RI_3"
PART 57 "J_PinkyPalm_RI"
PART 58 "J_Pinky_RI_0"
PART 59 "J_Pinky_RI_1"
PART 60 "J_Pinky_RI_2"
PART 61 "J_Pinky_RI_3"
PART 62 "J_RingPalm_RI"
PART 63 "J_Ring_RI_0"
PART 64 "J_Ring_RI_1"
PART 65 "J_Ring_RI_2"
PART 66 "J_Ring_RI_3"
PART 67 "J_Webbing_RI"
PART 68 "J_Index_RI_0"
PART 69 "J_Index_RI_1"
PART 70 "J_Index_RI_2"
PART 71 "J_Index_RI_3"
PART 72 "J_Mid_RI_0"
PART 73 "J_Mid_RI_1"
PART 74 "J_Mid_RI_2"
PART 75 "J_Mid_RI_3"
PART 76 "tag_cambone"
PART 77 "tag_camera"
PART 78 "tag_gasmask"

FRAMERATE 30
NUMFRAMES 31

FRAME 180
PART 0
OFFSET  0.0000 -0.0000 -0.0000
X  1.0000 -0.0000  0.0000
Y  0.0000  1.0000  0.0000
Z  0.0000 -0.0000  1.0000

PART 1
OFFSET -4.6318 -0.0000 -1.3770
X  1.0000 -0.0000  0.0000
Y  0.0000  1.0000  0.0000
Z  0.0000 -0.0000  1.0000

PART 2
OFFSET -1.2815  5.8385 -7.1997
X  0.2909  0.2383 -0.9266
Y -0.1854 -0.9361 -0.2989
Z -0.9386  0.2588 -0.2281

PART 3
OFFSET  2.2360  8.7201 -18.4062
X  0.7008 -0.7087  0.0808
Y -0.3191 -0.2101  0.9241
Z -0.6380 -0.6735 -0.3734

PART 4
OFFSET  8.1969  2.6921 -17.7187
X  0.7008 -0.7087  0.0808
Y -0.2569 -0.1450  0.9555
Z -0.6655 -0.6904 -0.2837

PART 5
OFFSET  10.5022  2.9979 -17.7538
X  0.7045 -0.7056  0.0763
Y  0.6405  0.6784  0.3599
Z -0.3057 -0.2046  0.9299

PART 6
OFFSET  8.8423  1.7453 -19.0697
X  0.7045 -0.7056  0.0763
Y  0.6405  0.6784  0.3599
Z -0.3057 -0.2046  0.9299

PART 7
OFFSET  9.8012  1.8666 -15.0673
X  0.7045 -0.7056  0.0763
Y  0.6405  0.6784  0.3599
Z -0.3057 -0.2046  0.9299

PART 8
OFFSET  8.5883  0.6810 -16.2023
X  0.7045 -0.7056  0.0763
Y  0.6405  0.6784  0.3599
Z -0.3057 -0.2046  0.9299

PART 9
OFFSET  8.2384  0.7465 -17.3464
X  0.7045 -0.7056  0.0763
Y  0.6405  0.6784  0.3599
Z -0.3057 -0.2046  0.9299

PART 10
OFFSET  10.3454  0.5193 -17.4709
X  0.8078 -0.5059  0.3025
Y -0.3680 -0.0320  0.9293
Z -0.4604 -0.8620 -0.2120

PART 11
OFFSET  10.1646 -0.0930 -16.5251
X  0.4268 -0.6104  0.6673
Y -0.6573  0.2975  0.6924
Z -0.6212 -0.7341 -0.2742

PART 12
OFFSET  10.9853 -1.4214 -15.0312
X  0.7867 -0.4256  0.4472
Y -0.5141 -0.0508  0.8562
Z -0.3417 -0.9035 -0.2588

PART 13
OFFSET  12.2478 -2.2066 -14.3894
X  0.7422 -0.4628  0.4846
Y -0.5175  0.0637  0.8533
Z -0.4258 -0.8842 -0.1923

PART 14
OFFSET  13.0221 -2.7465 -13.8596
X  0.7148  0.2394  0.6571
Y  0.0497  0.9198 -0.3892
Z -0.6976  0.3108  0.6456

PART 15
OFFSET  11.3300 -0.0487 -18.2528
X  0.7496 -0.5578 -0.3564
Y -0.6159 -0.7850 -0.0668
Z -0.2425  0.2696 -0.9319

PART 16
OFFSET  12.9739 -1.4375 -18.9260
X  0.5219 -0.8410 -0.1427
Y -0.8465 -0.5312  0.0346
Z -0.1049  0.1028 -0.9892

PART 17
OFFSET  13.7129 -2.6281 -19.1280
X  0.2180 -0.9723 -0.0841
Y -0.9743 -0.2219  0.0402
Z -0.0577  0.0732 -0.9956

PART 18
OFFSET  13.9061 -3.4902 -19.2026
X -0.0148 -0.9977 -0.0657
Y -0.9921  0.0064  0.1252
Z -0.1245  0.0670 -0.9899

PART 19
OFFSET  13.8921 -4.4381 -19.2650
X  0.6521  0.7494  0.1148
Y -0.7552  0.6554  0.0117
Z -0.0664 -0.0943  0.9933

PART 20
OFFSET  11.3274 -0.0609 -17.5391
X  0.8790 -0.4768  0.0012
Y -0.4603 -0.8492 -0.2587
Z  0.1244  0.2269 -0.9659

PART 21
OFFSET  13.5694 -1.3429 -17.8361
X  0.6065 -0.7825 -0.1410
Y -0.7926 -0.6090 -0.0299
Z -0.0624  0.1299 -0.9896

PART 22
OFFSET  14.6020 -2.6750 -18.0761
X  0.2828 -0.9514 -0.1216
Y -0.9584 -0.2855  0.0051
Z -0.0396  0.1151 -0.9926

PART 23
OFFSET  14.9939 -3.9937 -18.2447
X  0.0413 -0.9916 -0.1229
Y -0.9983 -0.0460  0.0356
Z -0.0409  0.1212 -0.9918

PART 24
OFFSET  15.0387 -5.0690 -18.3779
X  0.5344  0.8446  0.0315
Y -0.8389  0.5255  0.1421
Z  0.1035 -0.1024  0.9893

PART 25
OFFSET  12.0046 -1.5529 -15.1765
X  0.7032 -0.7095  0.0459
Y  0.6605  0.6759  0.3269
Z -0.2630 -0.1995  0.9439

PART 26
OFFSET  13.3867 -1.1556 -15.5125
X  0.7887 -0.5997 -0.1355
Y -0.5922 -0.6818 -0.4295
Z  0.1652  0.4189 -0.8929

PART 27
OFFSET  14.7753 -2.2114 -15.7510
X  0.6717 -0.7059 -0.2250
Y -0.7181 -0.5455 -0.4321
Z  0.1823  0.4518 -0.8733

PART 28
OFFSET  15.5808 -3.0969 -15.9715
X  0.4466 -0.8788 -0.1682
Y -0.8638 -0.3744 -0.3372
Z  0.2334  0.2959 -0.9263

PART 29
OFFSET  16.0852 -4.0896 -16.1615
X  0.7000  0.7073  0.0986
Y -0.7114  0.6788  0.1820
Z  0.0618 -0.1975  0.9783

PART 30
OFFSET  13.6172 -1.2215 -16.5909
X  0.7529 -0.6291 -0.1933
Y -0.6579 -0.7268 -0.1973
Z -0.0164  0.2758 -0.9611

PART 31
OFFSET  15.0880 -2.4505 -16.9686
X  0.3464 -0.8932 -0.2868
Y -0.9364 -0.3477 -0.0480
Z -0.0569  0.2852 -0.9568

PART 32
OFFSET  15.5940 -3.7551 -17.3875
X  0.1447 -0.9413 -0.3050
Y -0.9828 -0.1726  0.0663
Z -0.1150  0.2902 -0.9500

PART 33
OFFSET  15.7577 -4.8190 -17.7398
X  0.5241  0.8134  0.2523
Y -0.8515  0.4941  0.1756
Z  0.0181 -0.3068  0.9516

PART 34
OFFSET  12.0323 -2.1486 -17.4746
X  0.0571  0.2095 -0.9761
Y  0.4604  0.8620  0.2120
Z  0.8859 -0.4615 -0.0472

PART 35
OFFSET  13.9255 -20.2414 -22.1353
X  0.3967 -0.1064 -0.9118
Y  0.4447  0.8912  0.0895
Z  0.8030 -0.4410  0.4009

PART 36
OFFSET  13.9255 -20.2414 -22.1353
X  0.3967 -0.1064 -0.9118
Y  0.4447  0.8912  0.0895
Z  0.8030 -0.4410  0.4009

PART 37
OFFSET  16.1432 -21.4620 -20.8181
X  0.3967 -0.1064 -0.9118
Y  0.4447  0.8912  0.0895
Z  0.8030 -0.4410  0.4009

PART 38
OFFSET  16.7394 -21.6141 -22.2653
X  0.3967 -0.1064 -0.9118
Y  0.4447  0.8912  0.0895
Z  0.8030 -0.4410  0.4009

PART 39
OFFSET  14.7835 -20.1547 -27.2513
X  0.3967 -0.1064 -0.9118
Y  0.4447  0.8912  0.0895
Z  0.8030 -0.4410  0.4009

PART 40
OFFSET  13.6787 -19.8411 -24.8949
X  0.3967 -0.1064 -0.9118
Y  0.4447  0.8912  0.0895
Z  0.8030 -0.4410  0.4009

PART 41
OFFSET  13.6077 -20.0426 -22.5363
X  0.3967 -0.1064 -0.9118
Y  0.4447  0.8912  0.0895
Z  0.8030 -0.4410  0.4009

PART 42
OFFSET  21.0429 -23.1506 -41.7692
X  0.9178  0.0637  0.3919
Y -0.0164  0.9923 -0.1229
Z -0.3967  0.1064  0.9118

PART 43
OFFSET  22.0994 -21.0333 -41.5565
X  0.4731 -0.8275  0.3024
Y  0.7866  0.5513  0.2780
Z -0.3967  0.1064  0.9118

PART 44
OFFSET  22.6027 -23.9168 -28.6777
X -0.8727  0.4536 -0.1804
Y  0.4447  0.8912  0.0895
Z  0.2014 -0.0021 -0.9795

PART 45
OFFSET  17.5801 -22.5319 -17.5158
X  0.5930 -0.3679  0.7162
Y  0.4447  0.8912  0.0895
Z -0.6712  0.2654  0.6921

PART 46
OFFSET -3.5060 -7.9373 -3.1869
X -0.4791  0.5148  0.7110
Y -0.6834 -0.7271  0.0659
Z  0.5509 -0.4543  0.7001

PART 47
OFFSET  2.2879 -14.1627 -11.7856
X -0.6370  0.5081  0.5797
Y -0.7070 -0.0854 -0.7021
Z -0.3072 -0.8571  0.4136

PART 48
OFFSET  7.7063 -18.4842 -16.7159
X -0.6370  0.5081  0.5797
Y -0.4845  0.3210 -0.8138
Z -0.5995 -0.7993  0.0417

PART 49
OFFSET  9.4969 -18.1707 -17.5038
X -0.6320  0.5109  0.5827
Y  0.3191  0.8568 -0.4051
Z -0.7062 -0.0701 -0.7045

PART 50
OFFSET  10.2336 -18.8036 -16.8020
X -0.6320  0.5109  0.5827
Y  0.3191  0.8568 -0.4051
Z -0.7062 -0.0701 -0.7045

PART 51
OFFSET  9.7376 -20.0079 -16.4632
X -0.6320  0.5109  0.5827
Y  0.3191  0.8568 -0.4051
Z -0.7062 -0.0701 -0.7045

PART 52
OFFSET  9.6593 -20.0418 -18.4929
X -0.4572  0.1373  0.8787
Y -0.7671  0.4390 -0.4678
Z -0.4500 -0.8879 -0.0954

PART 53
OFFSET  10.7900 -20.1627 -18.3976
X -0.7767 -0.5842  0.2353
Y -0.3286  0.0572 -0.9427
Z  0.5373 -0.8096 -0.2364

PART 54
OFFSET  12.4690 -18.8627 -18.7982
X -0.4235 -0.2228  0.8781
Y -0.7500 -0.4575 -0.4778
Z  0.5081 -0.8609  0.0267

PART 55
OFFSET  13.0510 -18.4339 -20.2472
X  0.1843 -0.0246  0.9826
Y -0.8399 -0.5232  0.1444
Z  0.5105 -0.8518 -0.1171

PART 56
OFFSET  12.8427 -18.3594 -21.3069
X -0.3650  0.4212  0.8303
Y -0.2429  0.8179 -0.5216
Z -0.8988 -0.3921 -0.1962

PART 57
OFFSET  9.3157 -19.5085 -19.7181
X -0.1063 -0.1110  0.9881
Y -0.3984 -0.9058 -0.1446
Z  0.9110 -0.4090  0.0520

PART 58
OFFSET  9.7361 -19.2077 -21.9130
X -0.5286 -0.8030  0.2752
Y -0.0099 -0.3184 -0.9479
Z  0.8488 -0.5038  0.1603

PART 59
OFFSET  10.4844 -18.0708 -22.3026
X -0.3068 -0.7055 -0.6389
Y  0.4813  0.4641 -0.7436
Z  0.8211 -0.5356  0.1971

PART 60
OFFSET  10.7565 -17.4453 -21.7361
X  0.1818  0.0100 -0.9833
Y  0.4873  0.8676  0.0989
Z  0.8541 -0.4971  0.1528

PART 61
OFFSET  10.5838 -17.4548 -20.8020
X -0.5684 -0.4804  0.6679
Y  0.3588  0.5857  0.7267
Z -0.7404  0.6528 -0.1606

PART 62
OFFSET  9.8633 -19.9545 -19.6138
X -0.2500  0.0130  0.9681
Y -0.4065 -0.9089 -0.0928
Z  0.8788 -0.4167  0.2326

PART 63
OFFSET  10.3727 -19.9464 -22.1631
X -0.4971 -0.8420  0.2095
Y  0.0738 -0.2816 -0.9567
Z  0.8646 -0.4601  0.2021

PART 64
OFFSET  11.2190 -18.5128 -22.5197
X -0.2034 -0.6778 -0.7065
Y  0.4852  0.5570 -0.6740
Z  0.8504 -0.4799  0.2156

PART 65
OFFSET  11.5008 -17.5734 -21.5406
X  0.3435  0.1886 -0.9200
Y  0.3963  0.8590  0.3241
Z  0.8514 -0.4759  0.2204

PART 66
OFFSET  11.1283 -17.7780 -20.5428
X -0.4659 -0.6687  0.5795
Y  0.0908  0.6153  0.7830
Z -0.8801  0.4175 -0.2260

PART 67
OFFSET  8.1637 -20.3174 -14.4915
X -0.4070 -0.2026  0.8907
Y  0.2674  0.9059  0.3282
Z -0.8734  0.3718 -0.3145

PART 68
OFFSET  11.8522 -21.2381 -21.5994
X -0.6186  0.0784  0.7818
Y -0.3940 -0.8918 -0.2224
Z  0.6797 -0.4456  0.5826

PART 69
OFFSET  12.9414 -21.3762 -22.9758
X -0.5210 -0.8522  0.0470
Y  0.4843 -0.3405 -0.8059
Z  0.7028 -0.3971  0.5902

PART 70
OFFSET  13.6175 -20.3642 -22.9971
X -0.1969 -0.8640 -0.4634
Y  0.7116  0.1992 -0.6738
Z  0.6744 -0.4624  0.5756

PART 71
OFFSET  13.8399 -19.3883 -22.4737
X -0.3885 -0.0286  0.9210
Y  0.3087  0.9377  0.1594
Z -0.8682  0.3462 -0.3555

PART 72
OFFSET  11.0520 -20.5879 -21.9961
X -0.5139 -0.8547  0.0734
Y  0.3336 -0.2780 -0.9008
Z  0.7903 -0.4384  0.4280

PART 73
OFFSET  12.0559 -18.9182 -22.1395
X  0.0320 -0.6741 -0.7379
Y  0.5778  0.6149 -0.5367
Z  0.8155 -0.4092  0.4092

PART 74
OFFSET  12.0091 -17.9335 -21.0617
X  0.4760  0.1540 -0.8658
Y  0.2487  0.9208  0.3005
Z  0.8436 -0.3584  0.4000

PART 75
OFFSET  11.4642 -18.1048 -20.0836
X -0.5777 -0.6833  0.4464
Y -0.0529  0.5771  0.8150
Z -0.8145  0.4472 -0.3696

PART 76
OFFSET  0.0000 -0.0000 -0.0000
X  1.0000 -0.0000  0.0000
Y  0.0000  1.0000  0.0000
Z  0.0000 -0.0000  1.0000

PART 77
OFFSET  0.0000 -0.0000 -0.0000
X  1.0000 -0.0000  0.0000
Y  0.0000  1.0000  0.0000
Z  0.0000 -0.0000  1.0000

PART 78
OFFSET  1.5404 -0.0000  4.1357
X  1.0000 -0.0000  0.0000
Y  0.0000  1.0000  0.0000
Z  0.0000 -0.0000  1.0000


FRAME 181
PART 0
OFFSET  0.0000 -0.0000 -0.0000
X  1.0000 -0.0000  0.0000
Y  0.0000  1.0000  0.0000
Z  0.0000 -0.0000  1.0000

PART 1
OFFSET -4.6318 -0.0000 -1.3770
X  1.0000 -0.0000  0.0000
Y  0.0000  1.0000  0.0000
Z  0.0000 -0.0000  1.0000

PART 2
OFFSET -1.2815  5.8385 -7.1997
X  0.3191  0.1986 -0.9267
Y -0.1817 -0.9468 -0.2655
Z -0.9301  0.2531 -0.2660

PART 3
OFFSET  2.5775  8.2409 -18.4068
X  0.7085 -0.6998  0.0908
Y -0.3170 -0.2007  0.9269
Z -0.6305 -0.6855 -0.3640

PART 4
OFFSET  8.6038  2.2886 -17.6349
X  0.7085 -0.6998  0.0908
Y -0.2356 -0.1134  0.9652
Z -0.6652 -0.7053 -0.2452

PART 5
OFFSET  10.9057  2.6192 -17.6740
X  0.7121 -0.6967  0.0862
Y  0.6330  0.6903  0.3504
Z -0.3037 -0.1950  0.9326

PART 6
OFFSET  9.2599  1.3303 -18.9726
X  0.7121 -0.6967  0.0862
Y  0.6330  0.6903  0.3504
Z -0.3037 -0.1950  0.9326

PART 7
OFFSET  10.2165  1.5178 -14.9721
X  0.7121 -0.6967  0.0862
Y  0.6330  0.6903  0.3504
Z -0.3037 -0.1950  0.9326

PART 8
OFFSET  9.0169  0.3033 -16.0905
X  0.7121 -0.6967  0.0862
Y  0.6330  0.6903  0.3504
Z -0.3037 -0.1950  0.9326

PART 9
OFFSET  8.6666  0.3490 -17.2355
X  0.7121 -0.6967  0.0862
Y  0.6330  0.6903  0.3504
Z -0.3037 -0.1950  0.9326

PART 10
OFFSET  10.7760  0.1432 -17.3566
X  0.8060 -0.5089  0.3022
Y -0.3503  0.0015  0.9366
Z -0.4771 -0.8608 -0.1771

PART 11
OFFSET  10.6046 -0.4377 -16.3895
X  0.4258 -0.5947  0.6819
Y -0.6439  0.3304  0.6901
Z -0.6357 -0.7329 -0.2423

PART 12
OFFSET  11.4237 -1.7288 -14.8625
X  0.7837 -0.4227  0.4551
Y -0.5071 -0.0122  0.8618
Z -0.3588 -0.9062 -0.2240

PART 13
OFFSET  12.6789 -2.5120 -14.2042
X  0.7384 -0.4578  0.4952
Y -0.5094  0.1025  0.8544
Z -0.4419 -0.8831 -0.1575

PART 14
OFFSET  13.4485 -3.0458 -13.6614
X  0.7240  0.2505  0.6428
Y  0.0617  0.9045 -0.4220
Z -0.6871  0.3452  0.6394

PART 15
OFFSET  11.7367 -0.4630 -18.1396
X  0.7355 -0.5779 -0.3537
Y -0.6271 -0.7783 -0.0323
Z -0.2566  0.2456 -0.9348

PART 16
OFFSET  13.3496 -1.8927 -18.8021
X  0.5256 -0.8409 -0.1289
Y -0.8419 -0.5359  0.0632
Z -0.1222  0.0753 -0.9896

PART 17
OFFSET  14.0937 -3.0833 -18.9846
X  0.2422 -0.9682 -0.0629
Y -0.9673 -0.2459  0.0615
Z -0.0750  0.0459 -0.9961

PART 18
OFFSET  14.3084 -3.9417 -19.0403
X  0.0280 -0.9987 -0.0425
Y -0.9895 -0.0337  0.1403
Z -0.1415  0.0381 -0.9892

PART 19
OFFSET  14.3350 -4.8905 -19.0807
X  0.6203  0.7795  0.0875
Y -0.7829  0.6221  0.0083
Z -0.0480 -0.0736  0.9961

PART 20
OFFSET  11.7478 -0.4537 -17.4259
X  0.8717 -0.4900 -0.0011
Y -0.4777 -0.8494 -0.2241
Z  0.1089  0.1959 -0.9746

PART 21
OFFSET  13.9660 -1.7756 -17.7269
X  0.6091 -0.7825 -0.1289
Y -0.7890 -0.6144  0.0008
Z -0.0798  0.1013 -0.9917

PART 22
OFFSET  15.0031 -3.1078 -17.9464
X  0.3052 -0.9470 -0.0999
Y -0.9506 -0.3092  0.0275
Z -0.0570  0.0865 -0.9946

PART 23
OFFSET  15.4260 -4.4203 -18.0848
X  0.0817 -0.9919 -0.0972
Y -0.9949 -0.0869  0.0504
Z -0.0585  0.0926 -0.9940

PART 24
OFFSET  15.5146 -5.4961 -18.1903
X  0.4986  0.8669  0.0020
Y -0.8585  0.4934  0.1397
Z  0.1201 -0.0713  0.9902

PART 25
OFFSET  12.4487 -1.8846 -15.0326
X  0.6934 -0.7185  0.0540
Y  0.6767  0.6752  0.2937
Z -0.2475 -0.1671  0.9544

PART 26
OFFSET  13.8298 -1.5188 -15.4067
X  0.7855 -0.6059 -0.1260
Y -0.5991 -0.6933 -0.4006
Z  0.1554  0.3901 -0.9076

PART 27
OFFSET  15.2127 -2.5856 -15.6285
X  0.6786 -0.7055 -0.2042
Y -0.7140 -0.5685 -0.4086
Z  0.1722  0.4231 -0.8896

PART 28
OFFSET  16.0272 -3.4690 -15.8227
X  0.4696 -0.8725 -0.1349
Y -0.8538 -0.4099 -0.3211
Z  0.2248  0.2660 -0.9374

PART 29
OFFSET  16.5577 -4.4546 -15.9751
X  0.6811  0.7288  0.0701
Y -0.7291  0.6662  0.1568
Z  0.0676 -0.1579  0.9851

PART 30
OFFSET  14.0382 -1.6205 -16.4868
X  0.7520 -0.6326 -0.1855
Y -0.6585 -0.7340 -0.1662
Z -0.0310  0.2471 -0.9685

PART 31
OFFSET  15.5073 -2.8563 -16.8491
X  0.3623 -0.8937 -0.2646
Y -0.9293 -0.3681 -0.0291
Z -0.0714  0.2564 -0.9639

PART 32
OFFSET  16.0364 -4.1617 -17.2356
X  0.1797 -0.9428 -0.2809
Y -0.9751 -0.2083  0.0754
Z -0.1296  0.2604 -0.9568

PART 33
OFFSET  16.2397 -5.2275 -17.5606
X  0.4933  0.8393  0.2284
Y -0.8692  0.4656  0.1665
Z  0.0334 -0.2807  0.9592

PART 34
OFFSET  12.4229 -2.5492 -17.3118
X  0.0412  0.1793 -0.9829
Y  0.4771  0.8608  0.1771
Z  0.8779 -0.4763 -0.0501

PART 35
OFFSET  13.9073 -20.0567 -21.6773
X  0.4109 -0.1081 -0.9052
Y  0.4358  0.8954  0.0909
Z  0.8007 -0.4319  0.4151

PART 36
OFFSET  13.9073 -20.0567 -21.6773
X  0.4109 -0.1081 -0.9052
Y  0.4358  0.8954  0.0909
Z  0.8007 -0.4319  0.4151

PART 37
OFFSET  16.1156 -21.2509 -20.3209
X  0.4109 -0.1081 -0.9052
Y  0.4358  0.8954  0.0909
Z  0.8007 -0.4319  0.4151

PART 38
OFFSET  16.7342 -21.4061 -21.7584
X  0.4109 -0.1081 -0.9052
Y  0.4358  0.8954  0.0909
Z  0.8007 -0.4319  0.4151

PART 39
OFFSET  14.8394 -19.9914 -26.7807
X  0.4109 -0.1081 -0.9052
Y  0.4358  0.8954  0.0909
Z  0.8007 -0.4319  0.4151

PART 40
OFFSET  13.6976 -19.6739 -24.4425
X  0.4109 -0.1081 -0.9052
Y  0.4358  0.8954  0.0909
Z  0.8007 -0.4319  0.4151

PART 41
OFFSET  13.5937 -19.8628 -22.0841
X  0.4109 -0.1081 -0.9052
Y  0.4358  0.8954  0.0909
Z  0.8007 -0.4319  0.4151

PART 42
OFFSET  21.3357 -23.0157 -41.1883
X  0.9117  0.0736  0.4043
Y -0.0229  0.9914 -0.1288
Z -0.4103  0.1082  0.9055

PART 43
OFFSET  22.3712 -20.8883 -40.9723
X  0.4758 -0.8218  0.3134
Y  0.7778  0.5595  0.2863
Z -0.4106  0.1076  0.9055

PART 44
OFFSET  22.7099 -23.6950 -28.0711
X -0.8782  0.4452 -0.1750
Y  0.4358  0.8954  0.0909
Z  0.1972  0.0035 -0.9804

PART 45
OFFSET  17.5129 -22.2901 -16.9920
X  0.5951 -0.3625  0.7173
Y  0.4358  0.8954  0.0909
Z -0.6752  0.2585  0.6908

PART 46
OFFSET -3.5060 -7.9373 -3.1869
X -0.3995  0.5121  0.7603
Y -0.7051 -0.7017  0.1020
Z  0.5858 -0.4954  0.6414

PART 47
OFFSET  1.3260 -14.1305 -12.3825
X -0.7139  0.4963  0.4940
Y -0.6288 -0.1439 -0.7641
Z -0.3081 -0.8562  0.4148

PART 48
OFFSET  7.3980 -18.3514 -16.5844
X -0.7139  0.4963  0.4940
Y -0.4067  0.2804 -0.8694
Z -0.5700 -0.8216  0.0016

PART 49
OFFSET  9.2424 -17.9786 -17.2046
X -0.7093  0.4995  0.4974
Y  0.3191  0.8567 -0.4052
Z -0.6285 -0.1286 -0.7671

PART 50
OFFSET  9.9331 -18.5504 -16.4096
X -0.7093  0.4995  0.4974
Y  0.3191  0.8567 -0.4052
Z -0.6285 -0.1286 -0.7671

PART 51
OFFSET  9.4604 -19.7649 -16.0742
X -0.7093  0.4995  0.4974
Y  0.3191  0.8567 -0.4052
Z -0.6285 -0.1286 -0.7671

PART 52
OFFSET  9.5866 -19.8728 -18.0989
X -0.4712  0.1384  0.8711
Y -0.7638  0.4299 -0.4814
Z -0.4411 -0.8922 -0.0969

PART 53
OFFSET  10.7168 -19.9836 -17.9864
X -0.7752 -0.5894  0.2273
Y -0.3153  0.0491 -0.9477
Z  0.5475 -0.8063 -0.2239

PART 54
OFFSET  12.3905 -18.6716 -18.3699
X -0.4344 -0.2214  0.8731
Y -0.7390 -0.4665 -0.4861
Z  0.5149 -0.8564  0.0390

PART 55
OFFSET  12.9901 -18.2461 -19.8127
X  0.1700 -0.0176  0.9853
Y -0.8375 -0.5295  0.1351
Z  0.5193 -0.8481 -0.1047

PART 56
OFFSET  12.7967 -18.1793 -20.8756
X -0.3807  0.4227  0.8224
Y -0.2421  0.8128 -0.5298
Z -0.8925 -0.4008 -0.2071

PART 57
OFFSET  9.2566 -19.3493 -19.3320
X -0.1198 -0.1063  0.9871
Y -0.3886 -0.9099 -0.1452
Z  0.9136 -0.4010  0.0677

PART 58
OFFSET  9.7065 -19.0572 -21.5222
X -0.5258 -0.8059  0.2721
Y  0.0067 -0.3237 -0.9461
Z  0.8506 -0.4956  0.1756

PART 59
OFFSET  10.4509 -17.9162 -21.9074
X -0.2915 -0.7116 -0.6392
Y  0.4882  0.4640 -0.7392
Z  0.8226 -0.5275  0.2122

PART 60
OFFSET  10.7094 -17.2853 -21.3406
X  0.1961  0.0060 -0.9806
Y  0.4785  0.8723  0.1010
Z  0.8559 -0.4890  0.1681

PART 61
OFFSET  10.5231 -17.2910 -20.4090
X -0.5741 -0.4815  0.6623
Y  0.3432  0.5928  0.7285
Z -0.7434  0.6455 -0.1751

PART 62
OFFSET  9.8063 -19.7900 -19.2171
X -0.2643  0.0163  0.9643
Y -0.3974 -0.9129 -0.0935
Z  0.8788 -0.4079  0.2478

PART 63
OFFSET  10.3529 -19.7919 -21.7587
X -0.4930 -0.8450  0.2070
Y  0.0902 -0.2863 -0.9539
Z  0.8653 -0.4516  0.2173

PART 64
OFFSET  11.1923 -18.3533 -22.1112
X -0.1873 -0.6835 -0.7055
Y  0.4904  0.5573 -0.6701
Z  0.8511 -0.4715  0.2308

PART 65
OFFSET  11.4519 -17.4060 -21.1334
X  0.3554  0.1864 -0.9159
Y  0.3842  0.8642  0.3249
Z  0.8521 -0.4674  0.2355

PART 66
OFFSET  11.0665 -17.6081 -20.1400
X -0.4688 -0.6693  0.5764
Y  0.0741  0.6204  0.7807
Z -0.8802  0.4087 -0.2412

PART 67
OFFSET  8.0350 -20.1386 -14.1182
X -0.4183 -0.2010  0.8858
Y  0.2550  0.9100  0.3269
Z -0.8718  0.3626 -0.3294

PART 68
OFFSET  11.8348 -21.0679 -21.1661
X -0.6307  0.0776  0.7722
Y -0.3832 -0.8963 -0.2230
Z  0.6748 -0.4365  0.5950

PART 69
OFFSET  12.9452 -21.2044 -22.5256
X -0.5145 -0.8563  0.0443
Y  0.4989 -0.3409 -0.7968
Z  0.6974 -0.3878  0.6026

PART 70
OFFSET  13.6130 -20.1869 -22.5429
X -0.1829 -0.8682 -0.4613
Y  0.7197  0.2014 -0.6645
Z  0.6698 -0.4535  0.5880

PART 71
OFFSET  13.8195 -19.2062 -22.0219
X -0.4017 -0.0267  0.9154
Y  0.2984  0.9412  0.1585
Z -0.8658  0.3368 -0.3701

PART 72
OFFSET  11.0350 -20.4267 -21.5781
X -0.5077 -0.8586  0.0708
Y  0.3491 -0.2802 -0.8942
Z  0.7876 -0.4293  0.4420

PART 73
OFFSET  12.0269 -18.7493 -21.7164
X  0.0485 -0.6780 -0.7335
Y  0.5804  0.6167 -0.5317
Z  0.8129 -0.4000  0.4234

PART 74
OFFSET  11.9560 -17.7590 -20.6451
X  0.4873  0.1532 -0.8597
Y  0.2365  0.9245  0.2988
Z  0.8406 -0.3489  0.4143

PART 75
OFFSET  11.3983 -17.9295 -19.6742
X -0.5785 -0.6857  0.4418
Y -0.0697  0.5812  0.8108
Z -0.8127  0.4382 -0.3840

PART 76
OFFSET  0.0000 -0.0000 -0.0000
X  1.0000 -0.0000  0.0000
Y  0.0000  1.0000  0.0000
Z  0.0000 -0.0000  1.0000

PART 77
OFFSET  0.0000 -0.0000 -0.0000
X  1.0000 -0.0000  0.0000
Y  0.0000  1.0000  0.0000
Z  0.0000 -0.0000  1.0000

PART 78
OFFSET  1.5404 -0.0000  4.1357
X  1.0000 -0.0000  0.0000
Y  0.0000  1.0000  0.0000
Z  0.0000 -0.0000  1.0000


FRAME 182
PART 0
OFFSET  0.0000 -0.0000 -0.0000
X  1.0000 -0.0000  0.0000
Y  0.0000  1.0000  0.0000
Z  0.0000 -0.0000  1.0000

PART 1
OFFSET -4.6318 -0.0000 -1.3770
X  1.0000 -0.0000  0.0000
Y  0.0000  1.0000  0.0000
Z  0.0000 -0.0000  1.0000

PART 2
OFFSET -1.2815  5.8385 -7.1997
X  0.3314  0.1795 -0.9263
Y -0.1842 -0.9505 -0.2501
Z -0.9253  0.2535 -0.2819

PART 3
OFFSET  2.7263  8.0097 -18.4017
X  0.7112 -0.6973  0.0892
Y -0.3117 -0.1991  0.9291
Z -0.6301 -0.6886 -0.3589

PART 4
OFFSET  8.7753  2.0787 -17.6433
X  0.7112 -0.6973  0.0892
Y -0.2241 -0.1047  0.9689
Z -0.6663 -0.7091 -0.2308

PART 5
OFFSET  11.0758  2.4164 -17.6950
X  0.7148 -0.6942  0.0846
Y  0.6325  0.6933  0.3453
Z -0.2984 -0.1933  0.9347

PART 6
OFFSET  9.4277  1.1186 -18.9815
X  0.7148 -0.6942  0.0846
Y  0.6325  0.6933  0.3453
Z -0.2984 -0.1933  0.9347

PART 7
OFFSET  10.4038  1.3206 -14.9865
X  0.7148 -0.6942  0.0846
Y  0.6325  0.6933  0.3453
Z -0.2984 -0.1933  0.9347

PART 8
OFFSET  9.2024  0.0991 -16.0954
X  0.7148 -0.6942  0.0846
Y  0.6325  0.6933  0.3453
Z -0.2984 -0.1933  0.9347

PART 9
OFFSET  8.8462  0.1405 -17.2387
X  0.7148 -0.6942  0.0846
Y  0.6325  0.6933  0.3453
Z -0.2984 -0.1933  0.9347

PART 10
OFFSET  10.9556 -0.0590 -17.3699
X  0.8051 -0.5126  0.2985
Y -0.3410  0.0117  0.9400
Z -0.4854 -0.8585 -0.1654

PART 11
OFFSET  10.7893 -0.6308 -16.3964
X  0.4252 -0.5916  0.6850
Y -0.6379  0.3410  0.6905
Z -0.6421 -0.7306 -0.2324

PART 12
OFFSET  11.6074 -1.9140 -14.8622
X  0.7827 -0.4241  0.4556
Y -0.5033 -0.0005  0.8641
Z -0.3663 -0.9056 -0.2139

PART 13
OFFSET  12.8599 -2.7001 -14.2022
X  0.7403 -0.4591  0.4912
Y -0.5005  0.1115  0.8585
Z -0.4490 -0.8813 -0.1472

PART 14
OFFSET  13.6314 -3.2350 -13.6632
X  0.7317  0.2502  0.6341
Y  0.0633  0.9012 -0.4287
Z -0.6787  0.3538  0.6436

PART 15
OFFSET  11.9039 -0.6789 -18.1573
X  0.7289 -0.5845 -0.3563
Y -0.6317 -0.7750 -0.0209
Z -0.2639  0.2403 -0.9341

PART 16
OFFSET  13.5027 -2.1223 -18.8244
X  0.5336 -0.8358 -0.1289
Y -0.8355 -0.5446  0.0728
Z -0.1310  0.0689 -0.9890

PART 17
OFFSET  14.2581 -3.3057 -19.0070
X  0.2669 -0.9618 -0.0610
Y -0.9601 -0.2708  0.0697
Z -0.0836  0.0400 -0.9957

PART 18
OFFSET  14.4947 -4.1584 -19.0611
X  0.0671 -0.9969 -0.0410
Y -0.9864 -0.0725  0.1473
Z -0.1498  0.0305 -0.9882

PART 19
OFFSET  14.5585 -5.1055 -19.1000
X  0.5895  0.8036  0.0818
Y -0.8068  0.5906  0.0127
Z -0.0381 -0.0734  0.9966

PART 20
OFFSET  11.9221 -0.6640 -17.4439
X  0.8679 -0.4966 -0.0056
Y -0.4863 -0.8475 -0.2125
Z  0.1008  0.1872 -0.9771

PART 21
OFFSET  14.1289 -2.0022 -17.7560
X  0.6159 -0.7772 -0.1289
Y -0.7828 -0.6222  0.0112
Z -0.0889  0.0940 -0.9916

PART 22
OFFSET  15.1774 -3.3254 -17.9755
X  0.3283 -0.9396 -0.0969
Y -0.9423 -0.3329  0.0358
Z -0.0659  0.0795 -0.9947

PART 23
OFFSET  15.6324 -4.6277 -18.1097
X  0.1189 -0.9885 -0.0932
Y -0.9906 -0.1245  0.0566
Z -0.0676  0.0855 -0.9940

PART 24
OFFSET  15.7614 -5.6997 -18.2107
X  0.4652  0.8852 -0.0049
Y -0.8759  0.4610  0.1424
Z  0.1284 -0.0619  0.9898

PART 25
OFFSET  12.6357 -2.0809 -15.0460
X  0.6885 -0.7233  0.0530
Y  0.6847  0.6723  0.2816
Z -0.2393 -0.1575  0.9581

PART 26
OFFSET  14.0157 -1.7286 -15.4365
X  0.7856 -0.6062 -0.1241
Y -0.6001 -0.6974 -0.3918
Z  0.1509  0.3823 -0.9116

PART 27
OFFSET  15.3988 -2.7959 -15.6551
X  0.6870 -0.6997 -0.1962
Y -0.7071 -0.5815 -0.4023
Z  0.1674  0.4151 -0.8942

PART 28
OFFSET  16.2238 -3.6718 -15.8393
X  0.4901 -0.8632 -0.1213
Y -0.8430 -0.4339 -0.3180
Z  0.2219  0.2581 -0.9403

PART 29
OFFSET  16.7774 -4.6468 -15.9764
X  0.6638  0.7453  0.0621
Y -0.7448  0.6513  0.1453
Z  0.0678 -0.1427  0.9874

PART 30
OFFSET  14.2127 -1.8407 -16.5178
X  0.7550 -0.6290 -0.1854
Y -0.6546 -0.7396 -0.1565
Z -0.0387  0.2395 -0.9701

PART 31
OFFSET  15.6877 -3.0695 -16.8799
X  0.3801 -0.8877 -0.2596
Y -0.9215 -0.3875 -0.0243
Z -0.0790  0.2485 -0.9654

PART 32
OFFSET  16.2429 -4.3661 -17.2592
X  0.2128 -0.9372 -0.2764
Y -0.9674 -0.2418  0.0752
Z -0.1373  0.2513 -0.9581

PART 33
OFFSET  16.4836 -5.4256 -17.5790
X  0.4635  0.8570  0.2251
Y -0.8851  0.4358  0.1633
Z  0.0419 -0.2750  0.9605

PART 34
OFFSET  12.5824 -2.7635 -17.3193
X  0.0329  0.1711 -0.9847
Y  0.4854  0.8585  0.1654
Z  0.8737 -0.4834 -0.0548

PART 35
OFFSET  13.8519 -19.5495 -20.4458
X  0.4501 -0.1123 -0.8859
Y  0.4115  0.9066  0.0941
Z  0.7926 -0.4069  0.4542

PART 36
OFFSET  13.8519 -19.5495 -20.4458
X  0.4501 -0.1123 -0.8859
Y  0.4115  0.9066  0.0941
Z  0.7926 -0.4069  0.4542

PART 37
OFFSET  16.0289 -20.6716 -18.9816
X  0.4501 -0.1123 -0.8859
Y  0.4115  0.9066  0.0941
Z  0.7926 -0.4069  0.4542

PART 38
OFFSET  16.7094 -20.8342 -20.3900
X  0.4501 -0.1123 -0.8859
Y  0.4115  0.9066  0.0941
Z  0.7926 -0.4069  0.4542

PART 39
OFFSET  14.9909 -19.5402 -25.5075
X  0.4501 -0.1123 -0.8859
Y  0.4115  0.9066  0.0941
Z  0.7926 -0.4069  0.4542

PART 40
OFFSET  13.7473 -19.2137 -23.2230
X  0.4501 -0.1123 -0.8859
Y  0.4115  0.9066  0.0941
Z  0.7926 -0.4069  0.4542

PART 41
OFFSET  13.5510 -19.3691 -20.8681
X  0.4501 -0.1123 -0.8859
Y  0.4115  0.9066  0.0941
Z  0.7926 -0.4069  0.4542

PART 42
OFFSET  22.1396 -22.6317 -39.5881
X  0.8932  0.1006  0.4382
Y -0.0399  0.9885 -0.1456
Z -0.4478  0.1126  0.8870

PART 43
OFFSET  23.1172 -20.4779 -39.3645
X  0.4818 -0.8059  0.3441
Y  0.7526  0.5817  0.3086
Z -0.4488  0.1103  0.8868

PART 44
OFFSET  22.9892 -23.0798 -26.4167
X -0.8921  0.4217 -0.1622
Y  0.4115  0.9066  0.0941
Z  0.1867  0.0172 -0.9823

PART 45
OFFSET  17.3114 -21.6275 -15.5822
X  0.5991 -0.3469  0.7216
Y  0.4115  0.9066  0.0941
Z -0.6868  0.2405  0.6859

PART 46
OFFSET -3.5060 -7.9373 -3.1869
X -0.2866  0.5033  0.8152
Y -0.7291 -0.6665  0.1552
Z  0.6215 -0.5500  0.5579

PART 47
OFFSET -0.0404 -14.0236 -13.0464
X -0.8146  0.4656  0.3460
Y -0.4900 -0.2330 -0.8400
Z -0.3105 -0.8538  0.4179

PART 48
OFFSET  6.8877 -17.9839 -15.9890
X -0.8146  0.4656  0.3460
Y -0.2764  0.2128 -0.9372
Z -0.5100 -0.8590 -0.0447

PART 49
OFFSET  8.7770 -17.5039 -16.3437
X -0.8108  0.4694  0.3498
Y  0.3199  0.8557 -0.4068
Z -0.4903 -0.2179 -0.8439

PART 50
OFFSET  9.3716 -17.9770 -15.4171
X -0.8108  0.4694  0.3498
Y  0.3199  0.8557 -0.4068
Z -0.4903 -0.2179 -0.8439

PART 51
OFFSET  8.9357 -19.2045 -15.0792
X -0.8108  0.4694  0.3498
Y  0.3199  0.8557 -0.4068
Z -0.4903 -0.2179 -0.8439

PART 52
OFFSET  9.3849 -19.4114 -17.0496
X -0.5095  0.1407  0.8489
Y -0.7529  0.4047 -0.5190
Z -0.4166 -0.9035 -0.1003

PART 53
OFFSET  10.5117 -19.4942 -16.8894
X -0.7704 -0.6037  0.2051
Y -0.2771  0.0274 -0.9604
Z  0.5742 -0.7967 -0.1884

PART 54
OFFSET  12.1698 -18.1499 -17.2256
X -0.4648 -0.2181  0.8581
Y -0.7078 -0.4908 -0.5081
Z  0.5320 -0.8435  0.0737

PART 55
OFFSET  12.8184 -17.7325 -18.6494
X  0.1298  0.0013  0.9915
Y -0.8302 -0.5466  0.1094
Z  0.5422 -0.8374 -0.0698

PART 56
OFFSET  12.6674 -17.6864 -19.7203
X -0.4235  0.4262  0.7993
Y -0.2383  0.7989 -0.5523
Z -0.8740 -0.4244 -0.2368

PART 57
OFFSET  9.0941 -18.9144 -18.3034
X -0.1578 -0.0941  0.9830
Y -0.3617 -0.9208 -0.1462
Z  0.9188 -0.3786  0.1113

PART 58
OFFSET  9.6268 -18.6453 -20.4778
X -0.5183 -0.8137  0.2634
Y  0.0528 -0.3378 -0.9397
Z  0.8536 -0.4731  0.2180

PART 59
OFFSET  10.3606 -17.4934 -20.8508
X -0.2489 -0.7278 -0.6390
Y  0.5076  0.4639 -0.7261
Z  0.8249 -0.5051  0.2539

PART 60
OFFSET  10.5813 -16.8481 -20.2842
X  0.2360 -0.0043 -0.9718
Y  0.4542  0.8845  0.1064
Z  0.8591 -0.4664  0.2107

PART 61
OFFSET  10.3571 -16.8440 -19.3610
X -0.5898 -0.4845  0.6460
Y  0.2996  0.6116  0.7322
Z -0.7499  0.6254 -0.2156

PART 62
OFFSET  9.6484 -19.3405 -18.1591
X -0.3040  0.0249  0.9524
Y -0.3726 -0.9231 -0.0948
Z  0.8768 -0.3837  0.2898

PART 63
OFFSET  10.2988 -19.3684 -20.6760
X -0.4820 -0.8530  0.2004
Y  0.1357 -0.2986 -0.9447
Z  0.8656 -0.4281  0.2596

PART 64
OFFSET  11.1193 -17.9162 -21.0172
X -0.1428 -0.6983 -0.7014
Y  0.5048  0.5582 -0.6585
Z  0.8513 -0.4481  0.2728

PART 65
OFFSET  11.3172 -16.9484 -20.0451
X  0.3884  0.1806 -0.9036
Y  0.3510  0.8777  0.3263
Z  0.8520 -0.4440  0.2775

PART 66
OFFSET  10.8959 -17.1443 -19.0651
X -0.4768 -0.6712  0.5676
Y  0.0281  0.6338  0.7730
Z -0.8785  0.3845 -0.2834

PART 67
OFFSET  7.6776 -19.6525 -13.1316
X -0.4497 -0.1972  0.8712
Y  0.2208  0.9205  0.3223
Z -0.8655  0.3373 -0.3704

PART 68
OFFSET  11.7834 -20.6005 -20.0031
X -0.6634  0.0747  0.7445
Y -0.3535 -0.9083 -0.2239
Z  0.6595 -0.4117  0.6289

PART 69
OFFSET  12.9514 -20.7319 -21.3139
X -0.4965 -0.8673  0.0371
Y  0.5387 -0.3414 -0.7702
Z  0.6807 -0.3624  0.6367

PART 70
OFFSET  13.5963 -19.6996 -21.3204
X -0.1442 -0.8791 -0.4543
Y  0.7416  0.2079 -0.6378
Z  0.6551 -0.4289  0.6220

PART 71
OFFSET  13.7592 -18.7067 -20.8073
X -0.4383 -0.0221  0.8986
Y  0.2704  0.9501  0.1553
Z -0.8572  0.3110 -0.4104

PART 72
OFFSET  10.9870 -19.9843 -20.4576
X -0.4907 -0.8690  0.0639
Y  0.3918 -0.2856 -0.8746
Z  0.7783 -0.4042  0.4806

PART 73
OFFSET  11.9457 -18.2868 -20.5825
X  0.0938 -0.6877 -0.7199
Y  0.5878  0.6219 -0.5175
Z  0.8036 -0.3746  0.4625

PART 74
OFFSET  11.8087 -17.2822 -19.5310
X  0.5186  0.1514 -0.8415
Y  0.2032  0.9342  0.2933
Z  0.8305 -0.3231  0.4537

PART 75
OFFSET  11.2156 -17.4508 -18.5810
X -0.5805 -0.6921  0.4289
Y -0.1159  0.5917  0.7978
Z -0.8059  0.4134 -0.4237

PART 76
OFFSET  0.0000 -0.0000 -0.0000
X  1.0000 -0.0000  0.0000
Y  0.0000  1.0000  0.0000
Z  0.0000 -0.0000  1.0000

PART 77
OFFSET  0.0000 -0.0000 -0.0000
X  1.0000 -0.0000  0.0000
Y  0.0000  1.0000  0.0000
Z  0.0000 -0.0000  1.0000

PART 78
OFFSET  1.5404 -0.0000  4.1357
X  1.0000 -0.0000  0.0000
Y  0.0000  1.0000  0.0000
Z  0.0000 -0.0000  1.0000


FRAME 183
PART 0
OFFSET  0.0000 -0.0000 -0.0000
X  1.0000 -0.0000  0.0000
Y  0.0000  1.0000  0.0000
Z  0.0000 -0.0000  1.0000

PART 1
OFFSET -4.6318 -0.0000 -1.3770
X  1.0000 -0.0000  0.0000
Y  0.0000  1.0000  0.0000
Z  0.0000 -0.0000  1.0000

PART 2
OFFSET -1.2815  5.8385 -7.1997
X  0.3322  0.1773 -0.9264
Y -0.1908 -0.9492 -0.2501
Z -0.9237  0.2599 -0.2815

PART 3
OFFSET  2.7361  7.9831 -18.4033
X  0.7092 -0.7004  0.0804
Y -0.3063 -0.2033  0.9300
Z -0.6350 -0.6842 -0.3587

PART 4
OFFSET  8.7683  2.0259 -17.7191
X  0.7092 -0.7004  0.0804
Y -0.2213 -0.1128  0.9687
Z -0.6694 -0.7048 -0.2350

PART 5
OFFSET  11.0696  2.3555 -17.7841
X  0.7128 -0.6973  0.0759
Y  0.6373  0.6890  0.3451
Z -0.2929 -0.1976  0.9355

PART 6
OFFSET  9.4083  1.0712 -19.0671
X  0.7128 -0.6973  0.0759
Y  0.6373  0.6890  0.3451
Z -0.2929 -0.1976  0.9355

PART 7
OFFSET  10.4114  1.2466 -15.0776
X  0.7128 -0.6973  0.0759
Y  0.6373  0.6890  0.3451
Z -0.2929 -0.1976  0.9355

PART 8
OFFSET  9.1983  0.0358 -16.1855
X  0.7128 -0.6973  0.0759
Y  0.6373  0.6890  0.3451
Z -0.2929 -0.1976  0.9355

PART 9
OFFSET  8.8347  0.0851 -17.3261
X  0.7128 -0.6973  0.0759
Y  0.6373  0.6890  0.3451
Z -0.2929 -0.1976  0.9355

PART 10
OFFSET  10.9425 -0.1213 -17.4724
X  0.8048 -0.5165  0.2925
Y -0.3389  0.0047  0.9408
Z -0.4873 -0.8563 -0.1713

PART 11
OFFSET  10.7773 -0.7006 -16.5032
X  0.4246 -0.5980  0.6798
Y -0.6381  0.3350  0.6933
Z -0.6423 -0.7281 -0.2393

PART 12
OFFSET  11.5941 -1.9982 -14.9805
X  0.7833 -0.4287  0.4502
Y -0.5021 -0.0093  0.8647
Z -0.3666 -0.9034 -0.2226

PART 13
OFFSET  12.8475 -2.7909 -14.3302
X  0.7467 -0.4653  0.4753
Y -0.4906  0.0973  0.8659
Z -0.4492 -0.8798 -0.1556

PART 14
OFFSET  13.6261 -3.3327 -13.8085
X  0.7386  0.2417  0.6293
Y  0.0568  0.9078 -0.4155
Z -0.6717  0.3426  0.6568

PART 15
OFFSET  11.8879 -0.7365 -18.2669
X  0.7285 -0.5810 -0.3628
Y -0.6314 -0.7750 -0.0268
Z -0.2656  0.2487 -0.9315

PART 16
OFFSET  13.4860 -2.1732 -18.9497
X  0.5446 -0.8272 -0.1383
Y -0.8281 -0.5565  0.0674
Z -0.1327  0.0778 -0.9881

PART 17
OFFSET  14.2571 -3.3443 -19.1455
X  0.2910 -0.9540 -0.0724
Y -0.9530 -0.2957  0.0665
Z -0.0849  0.0496 -0.9952

PART 18
OFFSET  14.5151 -4.1902 -19.2097
X  0.1022 -0.9933 -0.0542
Y -0.9833 -0.1091  0.1459
Z -0.1509  0.0384 -0.9878

PART 19
OFFSET  14.6122 -5.1338 -19.2612
X  0.5609  0.8227  0.0927
Y -0.8271  0.5616  0.0202
Z -0.0354 -0.0880  0.9955

PART 20
OFFSET  11.9077 -0.7273 -17.5534
X  0.8670 -0.4981 -0.0116
Y -0.4883 -0.8449 -0.2183
Z  0.0990  0.1950 -0.9758

PART 21
OFFSET  14.1132 -2.0640 -17.8815
X  0.6254 -0.7682 -0.1368
Y -0.7750 -0.6320  0.0059
Z -0.0910  0.1023 -0.9906

PART 22
OFFSET  15.1780 -3.3718 -18.1144
X  0.3510 -0.9303 -0.1065
Y -0.9339 -0.3561  0.0322
Z -0.0679  0.0882 -0.9938

PART 23
OFFSET  15.6645 -4.6611 -18.2620
X  0.1522 -0.9829 -0.1039
Y -0.9859 -0.1584  0.0541
Z -0.0697  0.0941 -0.9931

PART 24
OFFSET  15.8295 -5.7271 -18.3747
X  0.4351  0.9004  0.0053
Y -0.8910  0.4297  0.1465
Z  0.1296 -0.0685  0.9892

PART 25
OFFSET  12.6240 -2.1649 -15.1687
X  0.6873 -0.7250  0.0457
Y  0.6865  0.6687  0.2855
Z -0.2375 -0.1649  0.9573

PART 26
OFFSET  14.0038 -1.8120 -15.5594
X  0.7879 -0.6024 -0.1276
Y -0.5969 -0.6964 -0.3985
Z  0.1512  0.3901 -0.9083

PART 27
OFFSET  15.3910 -2.8727 -15.7840
X  0.6957 -0.6908 -0.1971
Y -0.6986 -0.5867 -0.4095
Z  0.1672  0.4226 -0.8907

PART 28
OFFSET  16.2266 -3.7381 -15.9695
X  0.5073 -0.8532 -0.1215
Y -0.8322 -0.4484 -0.3260
Z  0.2237  0.2665 -0.9375

PART 29
OFFSET  16.7996 -4.7018 -16.1068
X  0.6491  0.7575  0.0702
Y -0.7581  0.6364  0.1427
Z  0.0634 -0.1458  0.9873

PART 30
OFFSET  14.1982 -1.9157 -16.6419
X  0.7607 -0.6205 -0.1903
Y -0.6478 -0.7441 -0.1632
Z -0.0404  0.2474 -0.9681

PART 31
OFFSET  15.6844 -3.1279 -17.0138
X  0.3986 -0.8775 -0.2666
Y -0.9136 -0.4055 -0.0311
Z -0.0808  0.2560 -0.9633

PART 32
OFFSET  16.2666 -4.4097 -17.4031
X  0.2431 -0.9272 -0.2851
Y -0.9600 -0.2721  0.0664
Z -0.1391  0.2576 -0.9562

PART 33
OFFSET  16.5415 -5.4577 -17.7329
X  0.4357  0.8683  0.2374
Y -0.8990  0.4067  0.1624
Z  0.0445 -0.2841  0.9578

PART 34
OFFSET  12.5644 -2.8290 -17.4473
X  0.0311  0.1790 -0.9834
Y  0.4873  0.8563  0.1713
Z  0.8727 -0.4845 -0.0606

PART 35
OFFSET  13.7611 -18.7933 -18.6578
X  0.5084 -0.1167 -0.8531
Y  0.3749  0.9219  0.0973
Z  0.7752 -0.3693  0.5125

PART 36
OFFSET  13.7611 -18.7933 -18.6578
X  0.5084 -0.1167 -0.8531
Y  0.3749  0.9219  0.0973
Z  0.7752 -0.3693  0.5125

PART 37
OFFSET  15.8769 -19.8074 -17.0338
X  0.5084 -0.1167 -0.8531
Y  0.3749  0.9219  0.0973
Z  0.7752 -0.3693  0.5125

PART 38
OFFSET  16.6498 -19.9783 -18.3928
X  0.5084 -0.1167 -0.8531
Y  0.3749  0.9219  0.0973
Z  0.7752 -0.3693  0.5125

PART 39
OFFSET  15.2161 -18.8586 -23.6374
X  0.5084 -0.1167 -0.8531
Y  0.3749  0.9219  0.0973
Z  0.7752 -0.3693  0.5125

PART 40
OFFSET  13.8209 -18.5236 -21.4435
X  0.5084 -0.1167 -0.8531
Y  0.3749  0.9219  0.0973
Z  0.7752 -0.3693  0.5125

PART 41
OFFSET  13.4817 -18.6328 -19.1023
X  0.5084 -0.1167 -0.8531
Y  0.3749  0.9219  0.0973
Z  0.7752 -0.3693  0.5125

PART 42
OFFSET  23.3353 -22.0195 -37.1657
X  0.8614  0.1405  0.4881
Y -0.0629  0.9831 -0.1720
Z -0.5040  0.1175  0.8557

PART 43
OFFSET  24.2260 -19.8292 -36.9345
X  0.4865 -0.7814  0.3908
Y  0.7123  0.6137  0.3405
Z -0.5059  0.1127  0.8552

PART 44
OFFSET  23.3669 -22.1431 -23.9599
X -0.9108  0.3859 -0.1468
Y  0.3749  0.9219  0.0973
Z  0.1729  0.0336 -0.9844

PART 45
OFFSET  16.9731 -20.6426 -13.5388
X  0.6019 -0.3219  0.7309
Y  0.3749  0.9219  0.0973
Z -0.7051  0.2155  0.6756

PART 46
OFFSET -3.5060 -7.9373 -3.1869
X -0.1896  0.4921  0.8496
Y -0.7444 -0.6363  0.2025
Z  0.6403 -0.5941  0.4870

PART 47
OFFSET -1.2128 -13.8892 -13.4620
X -0.8901  0.4185  0.1805
Y -0.3303 -0.3193 -0.8882
Z -0.3141 -0.8502  0.4224

PART 48
OFFSET  6.3580 -17.4485 -14.9973
X -0.8901  0.4185  0.1805
Y -0.1313  0.1437 -0.9809
Z -0.4364 -0.8968 -0.0730

PART 49
OFFSET  8.2418 -16.8409 -15.0836
X -0.8873  0.4227  0.1846
Y  0.3213  0.8536 -0.4101
Z -0.3310 -0.3046 -0.8931

PART 50
OFFSET  8.7101 -17.2109 -14.0445
X -0.8873  0.4227  0.1846
Y  0.3213  0.8536 -0.4101
Z -0.3310 -0.3046 -0.8931

PART 51
OFFSET  8.3115 -18.4477 -13.6945
X -0.8873  0.4227  0.1846
Y  0.3213  0.8536 -0.4101
Z -0.3310 -0.3046 -0.8931

PART 52
OFFSET  9.0868 -18.7314 -15.5507
X -0.5664  0.1422  0.8118
Y -0.7315  0.3671 -0.5746
Z -0.3797 -0.9192 -0.1039

PART 53
OFFSET  10.2033 -18.7722 -15.3187
X -0.7617 -0.6249  0.1714
Y -0.2168 -0.0036 -0.9762
Z  0.6106 -0.7807 -0.1327

PART 54
OFFSET  11.8346 -17.3800 -15.5838
X -0.5106 -0.2146  0.8326
Y -0.6579 -0.5259 -0.5390
Z  0.5535 -0.8230  0.1274

PART 55
OFFSET  12.5577 -16.9728 -16.9743
X  0.0669  0.0280  0.9974
Y -0.8172 -0.5720  0.0709
Z  0.5725 -0.8198 -0.0154

PART 56
OFFSET  12.4731 -16.9558 -18.0534
X -0.4867  0.4294  0.7607
Y -0.2290  0.7777 -0.5854
Z -0.8430 -0.4592 -0.2802

PART 57
OFFSET  8.8595 -18.2729 -16.8320
X -0.2163 -0.0773  0.9733
Y -0.3216 -0.9356 -0.1458
Z  0.9218 -0.3445  0.1775

PART 58
OFFSET  9.5192 -18.0346 -18.9750
X -0.5070 -0.8247  0.2505
Y  0.1229 -0.3568 -0.9261
Z  0.8531 -0.4387  0.2823

PART 59
OFFSET  10.2371 -16.8670 -19.3296
X -0.1843 -0.7500 -0.6353
Y  0.5369  0.4645 -0.7042
Z  0.8233 -0.4709  0.3171

PART 60
OFFSET  10.4004 -16.2020 -18.7664
X  0.2968 -0.0180 -0.9548
Y  0.4175  0.9017  0.1127
Z  0.8589 -0.4320  0.2751

PART 61
OFFSET  10.1185 -16.1849 -17.8593
X -0.6133 -0.4897  0.6197
Y  0.2327  0.6377  0.7343
Z -0.7548  0.5945 -0.2771

PART 62
OFFSET  9.4172 -18.6765 -16.6431
X -0.3640  0.0358  0.9307
Y -0.3356 -0.9372 -0.0952
Z  0.8688 -0.3470  0.3532

PART 63
OFFSET  10.2256 -18.7386 -19.1132
X -0.4656 -0.8642  0.1908
Y  0.2046 -0.3149 -0.9268
Z  0.8610 -0.3924  0.3234

PART 64
OFFSET  11.0182 -17.2673 -19.4381
X -0.0754 -0.7183 -0.6916
Y  0.5268  0.5602 -0.6392
Z  0.8466 -0.4126  0.3362

PART 65
OFFSET  11.1227 -16.2718 -18.4795
X  0.4385  0.1735 -0.8818
Y  0.3010  0.8962  0.3259
Z  0.8468 -0.4083  0.3408

PART 66
OFFSET  10.6471 -16.4599 -17.5231
X -0.4895 -0.6741  0.5531
Y -0.0414  0.6515  0.7575
Z -0.8710  0.3479 -0.3469

PART 67
OFFSET  7.1446 -18.9427 -11.7419
X -0.4970 -0.1928  0.8461
Y  0.1699  0.9345  0.3128
Z -0.8510  0.2992 -0.4317

PART 68
OFFSET  11.7042 -19.9040 -18.3191
X -0.7111  0.0687  0.6997
Y -0.3088 -0.9246 -0.2231
Z  0.6316 -0.3748  0.6787

PART 69
OFFSET  12.9562 -20.0249 -19.5511
X -0.4693 -0.8826  0.0274
Y  0.5971 -0.3400 -0.7266
Z  0.6506 -0.3246  0.6865

PART 70
OFFSET  13.5662 -18.9716 -19.5427
X -0.0865 -0.8935 -0.4407
Y  0.7732  0.2187 -0.5953
Z  0.6283 -0.3922  0.6719

PART 71
OFFSET  13.6640 -17.9624 -19.0449
X -0.4931 -0.0169  0.8698
Y  0.2289  0.9620  0.1485
Z -0.8393  0.2724 -0.4705

PART 72
OFFSET  10.9184 -19.3257 -18.8373
X -0.4652 -0.8835  0.0545
Y  0.4552 -0.2916 -0.8413
Z  0.7592 -0.3665  0.5378

PART 73
OFFSET  11.8271 -17.5997 -18.9438
X  0.1614 -0.7001 -0.6956
Y  0.5986  0.6298 -0.4950
Z  0.7846 -0.3365  0.5207

PART 74
OFFSET  11.5914 -16.5771 -17.9278
X  0.5654  0.1501 -0.8110
Y  0.1537  0.9469  0.2824
Z  0.8103 -0.2843  0.5124

PART 75
OFFSET  10.9454 -16.7444 -17.0127
X -0.5835 -0.7017  0.4088
Y -0.1852  0.6051  0.7743
Z -0.7907  0.3761 -0.4831

PART 76
OFFSET  0.0000 -0.0000 -0.0000
X  1.0000 -0.0000  0.0000
Y  0.0000  1.0000  0.0000
Z  0.0000 -0.0000  1.0000

PART 77
OFFSET  0.0000 -0.0000 -0.0000
X  1.0000 -0.0000  0.0000
