// Export filename: `C:\projects\cod\t5\xanim_export\t5_viewmodels\l96a1\l96a1_sprint_out.XANIM_EXPORT`
// Source filename: `D:\projects\devanim\t5\animation_assets\viewmodels\l96a1\ViewModel_l96a1_animated.fbx`
// Export time: Sun Aug 29 21:43:59 2010

ANIMATION
VERSION 3

NUMPARTS 79
PART 0 "tag_ads"
PART 1 "tag_torso"
PART 2 "J_Shoulder_LE"
PART 3 "J_Elbow_LE"
PART 4 "J_WristTwist_LE"
PART 5 "J_Sleave_Reshape_Bottom_LE_1"
PART 6 "J_Sleave_Reshape_Bottom_LE_2"
PART 7 "J_Sleave_Reshape_Top_LE_1"
PART 8 "J_Sleave_Reshape_Top_LE_2"
PART 9 "J_Sleave_Reshape_Top_LE_3"
PART 10 "J_Wrist_LE"
PART 11 "J_Thumb_LE_0"
PART 12 "J_Thumb_LE_1"
PART 13 "J_Thumb_LE_2"
PART 14 "J_Thumb_LE_3"
PART 15 "J_PinkyPalm_LE"
PART 16 "J_Pinky_LE_0"
PART 17 "J_Pinky_LE_1"
PART 18 "J_Pinky_LE_2"
PART 19 "J_Pinky_LE_3"
PART 20 "J_RingPalm_LE"
PART 21 "J_Ring_LE_0"
PART 22 "J_Ring_LE_1"
PART 23 "J_Ring_LE_2"
PART 24 "J_Ring_LE_3"
PART 25 "J_Webbing_LE"
PART 26 "J_Index_LE_0"
PART 27 "J_Index_LE_1"
PART 28 "J_Index_LE_2"
PART 29 "J_Index_LE_3"
PART 30 "J_Mid_LE_0"
PART 31 "J_Mid_LE_1"
PART 32 "J_Mid_LE_2"
PART 33 "J_Mid_LE_3"
PART 34 "tag_knife_attach"
PART 35 "tag_weapon"
PART 36 "J_Gun"
PART 37 "tag_bolt"
PART 38 "tag_bolt_handle"
PART 39 "tag_clip"
PART 40 "tag_clip_release"
PART 41 "tag_trigger"
PART 42 "tag_bipod_right"
PART 43 "tag_bipod_left"
PART 44 "tag_backlip"
PART 45 "tag_frontlip"
PART 46 "J_Shoulder_RI"
PART 47 "J_Elbow_RI"
PART 48 "J_WristTwist_RI"
PART 49 "J_Sleave_Reshape_Top_RI_3"
PART 50 "J_Sleave_Reshape_Top_RI_2"
PART 51 "J_Sleave_Reshape_Top_RI_1"
PART 52 "J_Wrist_RI"
PART 53 "J_Thumb_RI_0"
PART 54 "J_Thumb_RI_1"
PART 55 "J_Thumb_RI_2"
PART 56 "J_Thumb_RI_3"
PART 57 "J_PinkyPalm_RI"
PART 58 "J_Pinky_RI_0"
PART 59 "J_Pinky_RI_1"
PART 60 "J_Pinky_RI_2"
PART 61 "J_Pinky_RI_3"
PART 62 "J_RingPalm_RI"
PART 63 "J_Ring_RI_0"
PART 64 "J_Ring_RI_1"
PART 65 "J_Ring_RI_2"
PART 66 "J_Ring_RI_3"
PART 67 "J_Webbing_RI"
PART 68 "J_Index_RI_0"
PART 69 "J_Index_RI_1"
PART 70 "J_Index_RI_2"
PART 71 "J_Index_RI_3"
PART 72 "J_Mid_RI_0"
PART 73 "J_Mid_RI_1"
PART 74 "J_Mid_RI_2"
PART 75 "J_Mid_RI_3"
PART 76 "tag_cambone"
PART 77 "tag_camera"
PART 78 "tag_gasmask"

FRAMERATE 30
NUMFRAMES 11

FRAME 266
PART 0
OFFSET  0.0000 -0.0000 -0.0000
X  1.0000 -0.0000  0.0000
Y  0.0000  1.0000  0.0000
Z  0.0000 -0.0000  1.0000

PART 1
OFFSET -4.6318 -0.0000 -1.3770
X  1.0000 -0.0000  0.0000
Y  0.0000  1.0000  0.0000
Z  0.0000 -0.0000  1.0000

PART 2
OFFSET -1.2815  5.8385 -7.1997
X  0.6439  0.1458 -0.7511
Y  0.0501 -0.9876 -0.1488
Z -0.7635  0.0582 -0.6432

PART 3
OFFSET  6.5060  7.6014 -16.2831
X  0.7719 -0.5251  0.3584
Y -0.5333 -0.2278  0.8147
Z -0.3461 -0.8200 -0.4559

PART 4
OFFSET  13.0715  3.1356 -13.2345
X  0.7719 -0.5251  0.3584
Y  0.5267  0.8439  0.1019
Z -0.3560  0.1101  0.9280

PART 5
OFFSET  15.1687  3.9563 -12.6539
X  0.7760 -0.5214  0.3548
Y  0.3515  0.8247  0.4431
Z -0.5236 -0.2191  0.8233

PART 6
OFFSET  14.2711  2.2903 -14.2269
X  0.7760 -0.5214  0.3548
Y  0.3515  0.8247  0.4431
Z -0.5236 -0.2191  0.8233

PART 7
OFFSET  13.9348  2.8397 -10.1601
X  0.7760 -0.5214  0.3548
Y  0.3515  0.8247  0.4431
Z -0.5236 -0.2191  0.8233

PART 8
OFFSET  13.3857  1.3502 -11.4426
X  0.7760 -0.5214  0.3548
Y  0.3515  0.8247  0.4431
Z -0.5236 -0.2191  0.8233

PART 9
OFFSET  13.3910  1.2733 -12.6384
X  0.7760 -0.5214  0.3548
Y  0.3515  0.8247  0.4431
Z -0.5236 -0.2191  0.8233

PART 10
OFFSET  15.4379  1.5259 -12.1357
X  0.6948  0.7121  0.1007
Y -0.7159  0.6982  0.0026
Z -0.0684 -0.0739  0.9949

PART 11
OFFSET  15.0315  2.4897 -11.6794
X  0.4158  0.8664  0.2766
Y -0.7796  0.4962 -0.3821
Z -0.4682 -0.0568  0.8818

PART 12
OFFSET  15.8249  4.4056 -11.0716
X  0.7694  0.6291  0.1105
Y -0.6150  0.7764 -0.1376
Z -0.1723  0.0379  0.9843

PART 13
OFFSET  17.0844  5.3791 -10.7748
X  0.5333  0.8429  0.0721
Y -0.8028  0.5311 -0.2710
Z -0.2667  0.0866  0.9599

PART 14
OFFSET  17.6352  6.3036 -10.6575
X  0.3995  0.6760 -0.6192
Y  0.1349 -0.7114 -0.6897
Z -0.9068  0.1920 -0.3754

PART 15
OFFSET  16.7786  1.3660 -11.8523
X  0.8413  0.1462  0.5204
Y -0.5218 -0.0319  0.8525
Z  0.1412 -0.9887  0.0494

PART 16
OFFSET  18.5843  1.8346 -10.5856
X -0.1682  0.1591  0.9728
Y -0.9409 -0.3201 -0.1104
Z  0.2938 -0.9339  0.2036

PART 17
OFFSET  18.3461  2.0598 -9.2083
X -0.8792 -0.1718  0.4443
Y -0.3635 -0.3610 -0.8588
Z  0.3079 -0.9166  0.2549

PART 18
OFFSET  17.5666  1.9075 -8.8143
X -0.9174 -0.3305 -0.2219
Y  0.2717 -0.1126 -0.9558
Z  0.2909 -0.9371  0.1931

PART 19
OFFSET  16.6950  1.5936 -9.0251
X  0.4890  0.4589  0.7418
Y  0.8322  0.0093 -0.5544
Z -0.2613  0.8884 -0.3774

PART 20
OFFSET  16.4652  1.9969 -11.9673
X  0.8807  0.4628  0.1010
Y -0.0511 -0.1191  0.9916
Z  0.4710 -0.8784 -0.0812

PART 21
OFFSET  18.7591  2.9731 -11.2298
X  0.0685  0.1251  0.9898
Y -0.9305 -0.3499  0.1086
Z  0.3599 -0.9284  0.0924

PART 22
OFFSET  18.8757  3.1860 -9.5447
X -0.7591 -0.2263  0.6104
Y -0.5360 -0.3149 -0.7833
Z  0.3694 -0.9218  0.1177

PART 23
OFFSET  17.8236  2.8724 -8.6988
X -0.9271 -0.3735  0.0301
Y  0.0149 -0.1172 -0.9930
Z  0.3744 -0.9202  0.1142

PART 24
OFFSET  16.8181  2.4674 -8.6661
X  0.7695  0.3277  0.5482
Y  0.5275  0.1577 -0.8348
Z -0.3600  0.9315 -0.0515

PART 25
OFFSET  16.4064  4.7901 -11.2879
X  0.7732  0.5145  0.3709
Y  0.2393  0.3049 -0.9218
Z -0.5873  0.8015  0.1126

PART 26
OFFSET  17.6307  4.8548 -12.1112
X  0.9140  0.2587  0.3124
Y -0.2582 -0.2228  0.9400
Z  0.3128 -0.9399 -0.1369

PART 27
OFFSET  19.2400  5.3103 -11.5612
X  0.7147  0.1075  0.6912
Y -0.6209 -0.3576  0.6976
Z  0.3221 -0.9277 -0.1889

PART 28
OFFSET  20.0892  5.4973 -10.7095
X  0.2540  0.0764  0.9642
Y -0.8874 -0.3782  0.2637
Z  0.3848 -0.9226 -0.0283

PART 29
OFFSET  20.3761  5.5836 -9.6204
X  0.8266  0.0571 -0.5599
Y -0.5568 -0.0619 -0.8283
Z -0.0819  0.9965 -0.0194

PART 30
OFFSET  18.3210  4.0082 -11.9463
X  0.5984  0.1521  0.7866
Y -0.7277 -0.3075  0.6131
Z  0.3351 -0.9393 -0.0733

PART 31
OFFSET  19.4901  4.3053 -10.4096
X -0.3568 -0.2036  0.9117
Y -0.8850 -0.2388 -0.3997
Z  0.2991 -0.9495 -0.0949

PART 32
OFFSET  18.9689  4.0080 -9.0779
X -0.8842 -0.2954  0.3620
Y -0.3870  0.0290 -0.9216
Z  0.2617 -0.9549 -0.1399

PART 33
OFFSET  17.9696  3.6667 -8.6683
X  0.9084  0.2690  0.3200
Y  0.2917  0.1405 -0.9461
Z -0.2995  0.9528  0.0492

PART 34
OFFSET  17.6032  2.9677 -10.3480
X  0.4226 -0.9055 -0.0382
Y  0.0684  0.0739 -0.9949
Z  0.9038  0.4178  0.0932

PART 35
OFFSET  11.7635 -3.4991 -8.0286
X  0.6263  0.7361 -0.2567
Y -0.6966  0.3806 -0.6082
Z -0.3500  0.5597  0.7511

PART 36
OFFSET  11.7635 -3.4991 -8.0286
X  0.6263  0.7361 -0.2567
Y -0.6966  0.3806 -0.6082
Z -0.3500  0.5597  0.7511

PART 37
OFFSET  10.6358 -2.0401 -5.8509
X  0.6263  0.7361 -0.2567
Y -0.6966  0.3806 -0.6082
Z -0.3500  0.5597  0.7511

PART 38
OFFSET  11.6325 -0.9019 -6.2802
X  0.6263  0.7361 -0.2567
Y -0.6966  0.3806 -0.6082
Z -0.3500  0.5597  0.7511

PART 39
OFFSET  15.3819 -0.6050 -10.3631
X  0.6263  0.7361 -0.2567
Y -0.6966  0.3806 -0.6082
Z -0.3500  0.5597  0.7511

PART 40
OFFSET  13.7697 -2.5793 -9.7507
X  0.6263  0.7361 -0.2567
Y -0.6966  0.3806 -0.6082
Z -0.3500  0.5597  0.7511

PART 41
OFFSET  12.0766 -3.6202 -8.4630
X  0.6263  0.7361 -0.2567
Y -0.6966  0.3806 -0.6082
Z -0.3500  0.5597  0.7511

PART 42
OFFSET  26.0685  11.0451 -13.3622
X -0.6514  0.6750  0.3464
Y -0.4283  0.0497 -0.9023
Z -0.6263 -0.7361  0.2567

PART 43
OFFSET  24.4135  11.9493 -14.8072
X  0.0452  0.2945  0.9546
Y -0.7783  0.6095 -0.1512
Z -0.6263 -0.7361  0.2567

PART 44
OFFSET  15.8140  7.0521 -6.0609
X  0.3074 -0.6076 -0.7323
Y -0.6966  0.3806 -0.6082
Z  0.6483  0.6971 -0.3063

PART 45
OFFSET  8.1593 -2.1093 -3.0266
X -0.7008 -0.1794  0.6904
Y -0.6966  0.3806 -0.6082
Z -0.1536 -0.9072 -0.3917

PART 46
OFFSET -3.5060 -7.9373 -3.1869
X -0.3747  0.0875  0.9230
Y -0.5107 -0.8504 -0.1267
Z  0.7738 -0.5189  0.3633

PART 47
OFFSET  1.0252 -8.9953 -14.3498
X -0.8015 -0.0095 -0.5979
Y  0.5963 -0.0879 -0.7980
Z -0.0450 -0.9961  0.0762

PART 48
OFFSET  7.8424 -8.9142 -9.2645
X -0.8015 -0.0095 -0.5979
Y  0.5980 -0.0181 -0.8013
Z -0.0032 -0.9998  0.0202

PART 49
OFFSET  8.6056 -7.6952 -7.9017
X -0.8049 -0.0063 -0.5933
Y  0.0387  0.9973 -0.0630
Z  0.5921 -0.0736 -0.8025

PART 50
OFFSET  8.3141 -8.2113 -6.8603
X -0.8049 -0.0063 -0.5933
Y  0.0387  0.9973 -0.0630
Z  0.5921 -0.0736 -0.8025

PART 51
OFFSET  8.4630 -9.5487 -6.8720
X -0.8049 -0.0063 -0.5933
Y  0.0387  0.9973 -0.0630
Z  0.5921 -0.0736 -0.8025

PART 52
OFFSET  10.2997 -8.8849 -7.4316
X -0.5965 -0.7771  0.2006
Y  0.3905 -0.4994 -0.7734
Z  0.7012 -0.3830  0.6014

PART 53
OFFSET  9.9033 -7.8962 -7.0224
X  0.3953 -0.8128  0.4280
Y  0.8114  0.0905 -0.5774
Z  0.4306  0.5755  0.6953

PART 54
OFFSET  8.9453 -6.1834 -7.9271
X -0.4156 -0.7512  0.5128
Y  0.8703 -0.4923 -0.0158
Z  0.2643  0.4397  0.8584

PART 55
OFFSET  9.6386 -5.0493 -8.8519
X -0.8102 -0.2380  0.5357
Y  0.4548 -0.8319  0.3181
Z  0.3699  0.5013  0.7822

PART 56
OFFSET  10.4900 -4.8006 -9.4724
X -0.7419 -0.6692 -0.0415
Y  0.0508  0.0056 -0.9987
Z  0.6685 -0.7431  0.0298

PART 57
OFFSET  11.0809 -8.6847 -8.5510
X -0.6690 -0.5061  0.5443
Y  0.7311 -0.3159  0.6048
Z -0.1341  0.8025  0.5814

PART 58
OFFSET  12.4748 -7.3918 -9.7635
X  0.3961 -0.6063  0.6896
Y  0.9065  0.3777 -0.1886
Z -0.1461  0.6998  0.6992

PART 59
OFFSET  11.9140 -6.5335 -10.7398
X  0.9754 -0.0257  0.2188
Y  0.1631  0.7517 -0.6390
Z -0.1481  0.6590  0.7375

PART 60
OFFSET  11.0491 -6.5107 -10.9338
X  0.6932  0.5715 -0.4392
Y -0.7059  0.4152 -0.5739
Z -0.1457  0.7078  0.6912

PART 61
OFFSET  10.3905 -7.0536 -10.5165
X -0.0660 -0.8001  0.5962
Y -0.9974  0.0351 -0.0633
Z  0.0297 -0.5988 -0.8003

PART 62
OFFSET  11.0505 -8.2354 -7.9972
X -0.6704 -0.6271  0.3966
Y  0.6955 -0.3447  0.6305
Z -0.2587  0.6985  0.6672

PART 63
OFFSET  12.8441 -6.7192 -9.1118
X  0.4570 -0.5510  0.6982
Y  0.8650  0.4581 -0.2046
Z -0.2071  0.6975  0.6860

PART 64
OFFSET  12.0661 -5.7811 -10.3006
X  0.9776  0.0968  0.1868
Y  0.0585  0.7280 -0.6831
Z -0.2022  0.6788  0.7060

PART 65
OFFSET  10.7113 -5.9153 -10.5595
X  0.4936  0.6952 -0.5225
Y -0.8444  0.2392 -0.4794
Z -0.2083  0.6778  0.7051

PART 66
OFFSET  10.1759 -6.6692 -9.9928
X  0.0677 -0.6729  0.7366
Y -0.9649 -0.2318 -0.1231
Z  0.2536 -0.7025 -0.6650

PART 67
OFFSET  7.8627 -11.9023 -5.6203
X -0.4418 -0.7411  0.5056
Y -0.8285  0.1208 -0.5469
Z  0.3442 -0.6604 -0.6674

PART 68
OFFSET  12.5901 -5.6225 -7.4065
X -0.4348 -0.8850  0.1666
Y  0.7823 -0.2796  0.5566
Z -0.4459  0.3724  0.8139

PART 69
OFFSET  13.3557 -4.0644 -7.6999
X  0.5963 -0.5059  0.6233
Y  0.6393  0.7689  0.0125
Z -0.4855  0.3910  0.7819

PART 70
OFFSET  12.6013 -3.4256 -8.4101
X  0.8865 -0.0003  0.4627
Y  0.1715  0.9289 -0.3281
Z -0.4297  0.3702  0.8236

PART 71
OFFSET  11.5999 -3.4253 -8.9327
X -0.5643 -0.7344  0.3772
Y -0.7289  0.2285 -0.6454
Z  0.3877 -0.6391 -0.6642

PART 72
OFFSET  12.8243 -6.1785 -8.3320
X  0.5748 -0.5103  0.6397
Y  0.7309  0.6717 -0.1208
Z -0.3680  0.5370  0.7591

PART 73
OFFSET  11.7015 -5.1815 -9.5817
X  0.9193  0.3242  0.2230
Y -0.1104  0.7564 -0.6447
Z -0.3777  0.5681  0.7312

PART 74
OFFSET  10.3587 -5.6551 -9.9074
X  0.4248  0.7930 -0.4366
Y -0.8085  0.1154 -0.5771
Z -0.4072  0.5982  0.6902

PART 75
OFFSET  9.8799 -6.5574 -9.4181
X  0.2167 -0.7200  0.6593
Y -0.9201 -0.3764 -0.1087
Z  0.3264 -0.5830 -0.7440

PART 76
OFFSET  0.0000 -0.0000 -0.0000
X  1.0000 -0.0000  0.0000
Y  0.0000  1.0000  0.0000
Z  0.0000 -0.0000  1.0000

PART 77
OFFSET  0.0000 -0.0000 -0.0000
X  1.0000 -0.0000  0.0000
Y  0.0000  1.0000  0.0000
Z  0.0000 -0.0000  1.0000

PART 78
OFFSET  1.5404 -0.0000  4.1357
X  1.0000 -0.0000  0.0000
Y  0.0000  1.0000  0.0000
Z  0.0000 -0.0000  1.0000


FRAME 267
PART 0
OFFSET  0.0000 -0.0000 -0.0000
X  1.0000 -0.0000  0.0000
Y  0.0000  1.0000  0.0000
Z  0.0000 -0.0000  1.0000

PART 1
OFFSET -4.6318 -0.0000 -1.3770
X  1.0000 -0.0000  0.0000
Y  0.0000  1.0000  0.0000
Z  0.0000 -0.0000  1.0000

PART 2
OFFSET -1.2815  5.8385 -7.1997
X  0.6698  0.1285 -0.7314
Y  0.0315 -0.9889 -0.1449
Z -0.7419  0.0740 -0.6664

PART 3
OFFSET  6.8186  7.3928 -16.0447
X  0.7597 -0.5372  0.3664
Y -0.5474 -0.2242  0.8063
Z -0.3511 -0.8131 -0.4644

PART 4
OFFSET  13.2801  2.8232 -12.9284
X  0.7597 -0.5372  0.3664
Y  0.5251  0.8392  0.1418
Z -0.3836  0.0847  0.9196

PART 5
OFFSET  15.3802  3.6124 -12.3154
X  0.7639 -0.5337  0.3628
Y  0.3567  0.8177  0.4517
Z -0.5378 -0.2156  0.8151

PART 6
OFFSET  14.4814  1.9660 -13.9083
X  0.7639 -0.5337  0.3628
Y  0.3567  0.8177  0.4517
Z -0.5378 -0.2156  0.8151

PART 7
OFFSET  14.0972  2.5016 -9.8440
X  0.7639 -0.5337  0.3628
Y  0.3567  0.8177  0.4517
Z -0.5378 -0.2156  0.8151

PART 8
OFFSET  13.5453  1.0256 -11.1408
X  0.7639 -0.5337  0.3628
Y  0.3567  0.8177  0.4517
Z -0.5378 -0.2156  0.8151

PART 9
OFFSET  13.5659  0.9540 -12.3367
X  0.7639 -0.5337  0.3628
Y  0.3567  0.8177  0.4517
Z -0.5378 -0.2156  0.8151

PART 10
OFFSET  15.6090  1.1762 -11.8051
X  0.7682  0.6280  0.1245
Y -0.6382  0.7664  0.0725
Z -0.0499 -0.1351  0.9896

PART 11
OFFSET  15.3182  2.1428 -11.2729
X  0.5117  0.7976  0.3193
Y -0.7328  0.5992 -0.3225
Z -0.4485 -0.0690  0.8911

PART 12
OFFSET  16.3243  3.9200 -10.5664
X  0.8340  0.5372  0.1263
Y -0.5333  0.8434 -0.0656
Z -0.1417 -0.0127  0.9898

PART 13
OFFSET  17.6865  4.7355 -10.2478
X  0.6206  0.7763  0.1099
Y -0.7493  0.6286 -0.2086
Z -0.2310  0.0471  0.9718

PART 14
OFFSET  18.3344  5.5879 -10.0880
X  0.4521  0.6724 -0.5861
Y  0.0413 -0.6721 -0.7393
Z -0.8910  0.3100 -0.3317

PART 15
OFFSET  16.9324  0.8596 -11.5774
X  0.8652  0.0223  0.5009
Y -0.4999 -0.0368  0.8653
Z  0.0377 -0.9991 -0.0207

PART 16
OFFSET  18.8097  1.0506 -10.3429
X -0.1252  0.1079  0.9862
Y -0.9719 -0.2129 -0.1001
Z  0.1992 -0.9711  0.1316

PART 17
OFFSET  18.6324  1.2034 -8.9466
X -0.8806 -0.1104  0.4609
Y -0.4217 -0.2612 -0.8683
Z  0.2163 -0.9589  0.1835

PART 18
OFFSET  17.8517  1.1055 -8.5380
X -0.9525 -0.2179 -0.2128
Y  0.2334 -0.0736 -0.9696
Z  0.1956 -0.9732  0.1210

PART 19
OFFSET  16.9468  0.8985 -8.7402
X  0.5537  0.3536  0.7539
Y  0.8139 -0.0383 -0.5798
Z -0.1761  0.9346 -0.3090

PART 20
OFFSET  16.6842  1.5259 -11.6400
X  0.9268  0.3614  0.1022
Y -0.0376 -0.1815  0.9827
Z  0.3737 -0.9146 -0.1546

PART 21
OFFSET  19.0864  2.2068 -10.9159
X  0.1070  0.0486  0.9931
Y -0.9590 -0.2587  0.1160
Z  0.2625 -0.9647  0.0189

PART 22
OFFSET  19.2686  2.2895 -9.2252
X -0.7626 -0.1884  0.6189
Y -0.5863 -0.2029 -0.7842
Z  0.2734 -0.9609  0.0443

PART 23
OFFSET  18.2117  2.0284 -8.3675
X -0.9602 -0.2770  0.0360
Y -0.0233 -0.0491 -0.9985
Z  0.2784 -0.9596  0.0407

PART 24
OFFSET  17.1704  1.7279 -8.3284
X  0.8137  0.2078  0.5429
Y  0.5193  0.1598 -0.8395
Z -0.2612  0.9650  0.0221

PART 25
OFFSET  16.9371  4.2565 -10.7760
X  0.8324  0.4050  0.3783
Y  0.2460  0.3416 -0.9071
Z -0.4966  0.8481  0.1847

PART 26
OFFSET  18.1397  4.2513 -11.6332
X  0.9440  0.1408  0.2984
Y -0.2557 -0.2595  0.9313
Z  0.2086 -0.9554 -0.2090

PART 27
OFFSET  19.8017  4.4993 -11.1079
X  0.7397 -0.0149  0.6727
Y -0.6367 -0.3390  0.6926
Z  0.2177 -0.9407 -0.2603

PART 28
OFFSET  20.6878  4.5383 -10.2742
X  0.2856 -0.0171  0.9582
Y -0.9151 -0.3020  0.2674
Z  0.2848 -0.9532 -0.1019

PART 29
OFFSET  21.0104  4.5190 -9.1919
X  0.8132  0.0101 -0.5820
Y -0.5816  0.0533 -0.8117
Z  0.0229  0.9985  0.0492

PART 30
OFFSET  18.7412  3.3287 -11.5476
X  0.6314  0.0348  0.7747
Y -0.7398 -0.2724  0.6152
Z  0.2324 -0.9616 -0.1463

PART 31
OFFSET  19.9746  3.3966 -10.0341
X -0.3524 -0.2283  0.9076
Y -0.9153 -0.1180 -0.3851
Z  0.1950 -0.9664 -0.1673

PART 32
OFFSET  19.4598  3.0632 -8.7085
X -0.9006 -0.2269  0.3707
Y -0.4056  0.1325 -0.9044
Z  0.1561 -0.9649 -0.2113

PART 33
OFFSET  18.4412  2.7993 -8.2895
X  0.9397  0.1510  0.3069
Y  0.2802  0.1748 -0.9439
Z -0.1962  0.9730  0.1219

PART 34
OFFSET  17.9597  2.2598 -9.9987
X  0.3238 -0.9395 -0.1119
Y  0.0499  0.1351 -0.9896
Z  0.9448  0.3149  0.0906

PART 35
OFFSET  11.5345 -3.7148 -7.9198
X  0.6934  0.6835 -0.2281
Y -0.6683  0.4916 -0.5583
Z -0.2695  0.5396  0.7976

PART 36
OFFSET  11.5345 -3.7148 -7.9198
X  0.6934  0.6835 -0.2281
Y -0.6683  0.4916 -0.5583
Z -0.2695  0.5396  0.7976

PART 37
OFFSET  10.6235 -2.3014 -5.6143
X  0.6934  0.6835 -0.2281
Y -0.6683  0.4916 -0.5583
Z -0.2695  0.5396  0.7976

PART 38
OFFSET  11.7229 -1.2452 -6.0002
X  0.6934  0.6835 -0.2281
Y -0.6683  0.4916 -0.5583
Z -0.2695  0.5396  0.7976

PART 39
OFFSET  15.3753 -1.0551 -10.1764
X  0.6934  0.6835 -0.2281
Y -0.6683  0.4916 -0.5583
Z -0.2695  0.5396  0.7976

PART 40
OFFSET  13.5808 -2.8901 -9.6428
X  0.6934  0.6835 -0.2281
Y -0.6683  0.4916 -0.5583
Z -0.2695  0.5396  0.7976

PART 41
OFFSET  11.8218 -3.8373 -8.3713
X  0.6934  0.6835 -0.2281
Y -0.6683  0.4916 -0.5583
Z -0.2695  0.5396  0.7976

PART 42
OFFSET  27.1464  9.6097 -12.7508
X -0.5676  0.7131  0.4116
Y -0.4440  0.1559 -0.8824
Z -0.6934 -0.6835  0.2281

PART 43
OFFSET  25.5587  10.7776 -14.0774
X  0.1007  0.2215  0.9700
Y -0.7135  0.6955 -0.0847
Z -0.6934 -0.6835  0.2281

PART 44
OFFSET  16.7221  6.2006 -5.3942
X  0.2219 -0.5847 -0.7803
Y -0.6683  0.4916 -0.5583
Z  0.7101  0.6454 -0.2816

PART 45
OFFSET  8.2278 -2.3100 -2.7204
X -0.6935 -0.1400  0.7067
Y -0.6683  0.4916 -0.5583
Z -0.2693 -0.8595 -0.4345

PART 46
OFFSET -3.5060 -7.9373 -3.1869
X -0.3147  0.0933  0.9446
Y -0.5257 -0.8458 -0.0916
Z  0.7904 -0.5254  0.3152

PART 47
OFFSET  0.2995 -9.0655 -14.6109
X -0.7976 -0.0100 -0.6031
Y  0.6012 -0.0951 -0.7934
Z -0.0494 -0.9954  0.0819

PART 48
OFFSET  7.0832 -8.9801 -9.4809
X -0.7976 -0.0100 -0.6031
Y  0.6027  0.0279 -0.7975
Z  0.0248 -0.9996 -0.0162

PART 49
OFFSET  7.8421 -7.7558 -8.1205
X -0.8010 -0.0067 -0.5986
Y  0.0430  0.9967 -0.0687
Z  0.5971 -0.0808 -0.7981

PART 50
OFFSET  7.5417 -8.2645 -7.0779
X -0.8010 -0.0067 -0.5986
Y  0.0430  0.9967 -0.0687
Z  0.5971 -0.0808 -0.7981

PART 51
OFFSET  7.6853 -9.6025 -7.0806
X -0.8010 -0.0067 -0.5986
Y  0.0430  0.9967 -0.0687
Z  0.5971 -0.0808 -0.7981

PART 52
OFFSET  9.5283 -8.9493 -7.6319
X -0.6695 -0.7234  0.1685
Y  0.3156 -0.4823 -0.8172
Z  0.6724 -0.4940  0.5512

PART 53
OFFSET  9.2489 -7.9556 -7.1454
X  0.3186 -0.8768  0.3600
Y  0.8011  0.0461 -0.5967
Z  0.5066  0.4786  0.7172

PART 54
OFFSET  8.4532 -6.0946 -7.9027
X -0.4788 -0.7380  0.4755
Y  0.8130 -0.5772 -0.0771
Z  0.3313  0.3496  0.8763

PART 55
OFFSET  9.2376 -4.9768 -8.7730
X -0.8165 -0.1897  0.5453
Y  0.3729 -0.8944  0.2472
Z  0.4408  0.4052  0.8010

PART 56
OFFSET  10.0941 -4.7751 -9.4036
X -0.8090 -0.5846 -0.0610
Y  0.0251  0.0694 -0.9973
Z  0.5872 -0.8084 -0.0415

PART 57
OFFSET  10.2968 -8.7537 -8.7608
X -0.7041 -0.4708  0.5315
Y  0.7093 -0.4307  0.5581
Z -0.0338  0.7699  0.6372

PART 58
OFFSET  11.7870 -7.5308 -9.9307
X  0.3479 -0.6902  0.6345
Y  0.9360  0.2943 -0.1931
Z -0.0535  0.6611  0.7484

PART 59
OFFSET  11.2944 -6.5537 -10.8290
X  0.9727 -0.1413  0.1843
Y  0.2246  0.7733 -0.5929
Z -0.0587  0.6181  0.7839

PART 60
OFFSET  10.4320 -6.4285 -10.9924
X  0.7378  0.5259 -0.4231
Y -0.6730  0.5245 -0.5216
Z -0.0524  0.6696  0.7409

PART 61
OFFSET  9.7310 -6.9281 -10.5904
X -0.1343 -0.8283  0.5439
Y -0.9895  0.1421 -0.0278
Z -0.0543 -0.5419 -0.8387

PART 62
OFFSET  10.3283 -8.3430 -8.1778
X -0.7221 -0.5805  0.3763
Y  0.6715 -0.4574  0.5830
Z -0.1663  0.6737  0.7201

PART 63
OFFSET  12.2419 -6.9466 -9.2486
X  0.4145 -0.6422  0.6448
Y  0.9028  0.3794 -0.2024
Z -0.1147  0.6660  0.7370

PART 64
OFFSET  11.5362 -5.8532 -10.3464
X  0.9869 -0.0177  0.1604
Y  0.1169  0.7635 -0.6351
Z -0.1112  0.6455  0.7556

PART 65
OFFSET  10.1685 -5.8287 -10.5686
X  0.5503  0.6750 -0.4915
Y -0.8267  0.3576 -0.4344
Z -0.1174  0.6453  0.7549

PART 66
OFFSET  9.5717 -6.5608 -10.0356
X  0.0156 -0.7256  0.6879
Y -0.9868 -0.1219 -0.1062
Z  0.1610 -0.6772 -0.7180

PART 67
OFFSET  6.8354 -11.8171 -5.9443
X -0.5040 -0.7247  0.4698
Y -0.8251  0.2432 -0.5100
Z  0.2553 -0.6447 -0.7206

PART 68
OFFSET  12.1490 -5.9502 -7.4671
X -0.5210 -0.8448  0.1221
Y  0.7628 -0.3967  0.5107
Z -0.3830  0.3592  0.8511

PART 69
OFFSET  13.0664 -4.4628 -7.6820
X  0.5558 -0.6066  0.5684
Y  0.7167  0.6961  0.0421
Z -0.4212  0.3840  0.8217

PART 70
OFFSET  12.3651 -3.7020 -8.3231
X  0.8933 -0.1237  0.4320
Y  0.2597  0.9267 -0.2715
Z -0.3668  0.3547  0.8600

PART 71
OFFSET  11.3561 -3.5622 -8.8111
X -0.6284 -0.6965  0.3463
Y -0.7173  0.3466 -0.6044
Z  0.3010 -0.6282 -0.7175

PART 72
OFFSET  12.2993 -6.4620 -8.4345
X  0.5343 -0.6099  0.5852
Y  0.7941  0.5995 -0.1003
Z -0.2896  0.5183  0.8047

PART 73
OFFSET  11.2555 -5.2704 -9.5777
X  0.9538  0.2114  0.2134
Y -0.0469  0.8065 -0.5893
Z -0.2967  0.5521  0.7792

PART 74
OFFSET  9.8623 -5.5792 -9.8895
X  0.4944  0.7733 -0.3971
Y -0.8066  0.2378 -0.5411
Z -0.3240  0.5878  0.7413

PART 75
OFFSET  9.3041 -6.4590 -9.4453
X  0.1568 -0.7824  0.6027
Y -0.9571 -0.2710 -0.1028
Z  0.2438 -0.5607 -0.7913

PART 76
OFFSET  0.0000 -0.0000 -0.0000
X  1.0000 -0.0000  0.0000
Y  0.0000  1.0000  0.0000
Z  0.0000 -0.0000  1.0000

PART 77
OFFSET  0.0000 -0.0000 -0.0000
X  1.0000 -0.0000  0.0000
Y  0.0000  1.0000  0.0000
Z  0.0000 -0.0000  1.0000

PART 78
OFFSET  1.5404 -0.0000  4.1357
X  1.0000 -0.0000  0.0000
Y  0.0000  1.0000  0.0000
Z  0.0000 -0.0000  1.0000


FRAME 268
PART 0
OFFSET  0.0000 -0.0000 -0.0000
X  1.0000 -0.0000  0.0000
Y  0.0000  1.0000  0.0000
Z  0.0000 -0.0000  1.0000

PART 1
OFFSET -4.6318 -0.0000 -1.3770
X  1.0000 -0.0000  0.0000
Y  0.0000  1.0000  0.0000
Z  0.0000 -0.0000  1.0000

PART 2
OFFSET -1.2815  5.8385 -7.1997
X  0.7120  0.0929 -0.6960
Y  0.0037 -0.9917 -0.1285
Z -0.7022  0.0889 -0.7064

PART 3
OFFSET  7.3291  6.9619 -15.6173
X  0.7427 -0.5493  0.3830
Y -0.5679 -0.2137  0.7948
Z -0.3547 -0.8079 -0.4707

PART 4
OFFSET  13.6462  2.2902 -12.3598
X  0.7427 -0.5493  0.3830
Y  0.5022  0.8352  0.2239
Z -0.4429  0.0261  0.8962

PART 5
OFFSET  15.7459  3.0452 -11.7036
X  0.7471 -0.5458  0.3795
Y  0.3607  0.8124  0.4581
Z -0.5584 -0.2053  0.8038

PART 6
OFFSET  14.8535  1.4115 -13.3131
X  0.7471 -0.5458  0.3795
Y  0.3607  0.8124  0.4581
Z -0.5584 -0.2053  0.8038

PART 7
OFFSET  14.3927  1.9599 -9.2584
X  0.7471 -0.5458  0.3795
Y  0.3607  0.8124  0.4581
Z -0.5584 -0.2053  0.8038

PART 8
OFFSET  13.8437  0.4912 -10.5648
X  0.7471 -0.5458  0.3795
Y  0.3607  0.8124  0.4581
Z -0.5584 -0.2053  0.8038

PART 9
OFFSET  13.8882  0.4175 -11.7599
X  0.7471 -0.5458  0.3795
Y  0.3607  0.8124  0.4581
Z -0.5584 -0.2053  0.8038

PART 10
OFFSET  15.9232  0.6064 -11.1857
X  0.8633  0.4803  0.1548
Y -0.5028  0.8450  0.1824
Z -0.0432 -0.2353  0.9710

PART 11
OFFSET  15.8086  1.5412 -10.5413
X  0.6434  0.6656  0.3781
Y -0.6344  0.7401 -0.2232
Z -0.4284 -0.0963  0.8984

PART 12
OFFSET  17.1099  3.0460 -9.6976
X  0.9135  0.3806  0.1440
Y -0.3907  0.9192  0.0486
Z -0.1139 -0.1007  0.9884

PART 13
OFFSET  18.5951  3.5944 -9.3573
X  0.7415  0.6509  0.1629
Y -0.6427  0.7587 -0.1062
Z -0.1927 -0.0259  0.9809

PART 14
OFFSET  19.3772  4.3099 -9.1381
X  0.5387  0.6535 -0.5317
Y -0.0895 -0.5832 -0.8074
Z -0.8377  0.4825 -0.2557

PART 15
OFFSET  17.1833  0.0605 -11.0537
X  0.8712 -0.1714  0.4601
Y -0.4746 -0.0537  0.8786
Z -0.1259 -0.9837 -0.1281

PART 16
OFFSET  19.1008 -0.1879 -9.8935
X -0.0781  0.0154  0.9968
Y -0.9961 -0.0435 -0.0773
Z  0.0422 -0.9989  0.0187

PART 17
OFFSET  18.9903 -0.1661 -8.4822
X -0.8734 -0.0203  0.4865
Y -0.4829 -0.0923 -0.8708
Z  0.0626 -0.9955  0.0708

PART 18
OFFSET  18.2159 -0.1841 -8.0508
X -0.9809 -0.0389 -0.1907
Y  0.1909 -0.0008 -0.9816
Z  0.0381 -0.9992  0.0082

PART 19
OFFSET  17.2840 -0.2211 -8.2320
X  0.6249  0.1748  0.7609
Y  0.7801 -0.1018 -0.6173
Z -0.0304  0.9793 -0.1999

PART 20
OFFSET  17.0451  0.7605 -11.0340
X  0.9757  0.1961  0.0972
Y -0.0388 -0.2820  0.9586
Z  0.2154 -0.9392 -0.2675

PART 21
OFFSET  19.5456  0.9665 -10.3530
X  0.1415 -0.0804  0.9867
Y -0.9846 -0.1147  0.1319
Z  0.1026 -0.9901 -0.0954

PART 22
OFFSET  19.7865  0.8296 -8.6732
X -0.7652 -0.1332  0.6298
Y -0.6335 -0.0184 -0.7735
Z  0.1146 -0.9909 -0.0703

PART 23
OFFSET  18.7259  0.6451 -7.8003
X -0.9911 -0.1235  0.0506
Y -0.0592  0.0672 -0.9960
Z  0.1196 -0.9901 -0.0739

PART 24
OFFSET  17.6511  0.5111 -7.7455
X  0.8517  0.0141  0.5239
Y  0.5144  0.1683 -0.8409
Z -0.1001  0.9856  0.1361

PART 25
OFFSET  17.7632  3.3024 -9.8983
X  0.8975  0.2230  0.3804
Y  0.2725  0.3976 -0.8762
Z -0.3466  0.8901  0.2960

PART 26
OFFSET  18.9241  3.2025 -10.8056
X  0.9624 -0.0449  0.2679
Y -0.2680 -0.3182  0.9093
Z  0.0444 -0.9470 -0.3183

PART 27
OFFSET  20.6185  3.1235 -10.3338
X  0.7462 -0.2072  0.6327
Y -0.6635 -0.3091  0.6813
Z  0.0544 -0.9282 -0.3681

PART 28
OFFSET  21.5223  2.9279 -9.5423
X  0.3060 -0.1693  0.9369
Y -0.9441 -0.1810  0.2757
Z  0.1230 -0.9688 -0.2152

PART 29
OFFSET  21.8680  2.7368 -8.4841
X  0.7872 -0.0540 -0.6143
Y -0.5879  0.2353 -0.7740
Z  0.1864  0.9704  0.1535

PART 30
OFFSET  19.3697  2.1925 -10.8458
X  0.6502 -0.1527  0.7442
Y -0.7566 -0.2187  0.6162
Z  0.0687 -0.9638 -0.2577

PART 31
OFFSET  20.6400  1.8942 -9.3919
X -0.3590 -0.2696  0.8935
Y -0.9328  0.0724 -0.3530
Z  0.0304 -0.9603 -0.2775

PART 32
OFFSET  20.1156  1.5004 -8.0868
X -0.9147 -0.1212  0.3856
Y -0.4041  0.2954 -0.8657
Z -0.0090 -0.9476 -0.3192

PART 33
OFFSET  19.0798  1.3562 -7.6517
X  0.9600 -0.0352  0.2777
Y  0.2781  0.2326 -0.9320
Z -0.0318  0.9719  0.2331

PART 34
OFFSET  18.4689  1.0945 -9.3845
X  0.1634 -0.9604 -0.2255
Y  0.0432  0.2353 -0.9710
Z  0.9856  0.1489  0.0800

PART 35
OFFSET  11.2189 -3.9803 -7.6568
X  0.7886  0.5861 -0.1860
Y -0.5949  0.6507 -0.4719
Z -0.1555  0.4828  0.8618

PART 36
OFFSET  11.2189 -3.9803 -7.6568
X  0.7886  0.5861 -0.1860
Y -0.5949  0.6507 -0.4719
Z -0.1555  0.4828  0.8618

PART 37
OFFSET  10.6155 -2.7073 -5.1753
X  0.7886  0.5861 -0.1860
Y -0.5949  0.6507 -0.4719
Z -0.1555  0.4828  0.8618

PART 38
OFFSET  11.8607 -1.8023 -5.4974
X  0.7886  0.5861 -0.1860
Y -0.5949  0.6507 -0.4719
Z -0.1555  0.4828  0.8618

PART 39
OFFSET  15.3758 -1.7277 -9.7932
X  0.7886  0.5861 -0.1860
Y -0.5949  0.6507 -0.4719
Z -0.1555  0.4828  0.8618

PART 40
OFFSET  13.3226 -3.3029 -9.3751
X  0.7886  0.5861 -0.1860
Y -0.5949  0.6507 -0.4719
Z -0.1555  0.4828  0.8618

PART 41
OFFSET  11.4695 -4.0955 -8.1315
X  0.7886  0.5861 -0.1860
Y -0.5949  0.6507 -0.4719
Z -0.1555  0.4828  0.8618

PART 42
OFFSET  28.6472  7.1559 -11.7622
X -0.4322  0.7435  0.5104
Y -0.4375  0.3221 -0.8396
Z -0.7886 -0.5861  0.1860

PART 43
OFFSET  27.2337  8.7018 -12.8833
X  0.1628  0.0928  0.9823
Y -0.5930  0.8049  0.0222
Z -0.7886 -0.5861  0.1860

PART 44
OFFSET  18.0194  4.6415 -4.3368
X  0.0933 -0.5272 -0.8446
Y -0.5949  0.6507 -0.4719
Z  0.7983  0.5465 -0.2529

PART 45
OFFSET  8.3330 -2.6595 -2.1917
X -0.6711 -0.0790  0.7372
Y -0.5949  0.6507 -0.4719
Z -0.4424 -0.7552 -0.4836

PART 46
OFFSET -3.5060 -7.9373 -3.1869
X -0.2279  0.0844  0.9700
Y -0.5345 -0.8436 -0.0521
Z  0.8139 -0.5303  0.2374

PART 47
OFFSET -0.7501 -8.9583 -14.9183
X -0.7905 -0.0111 -0.6123
Y  0.6108 -0.0877 -0.7869
Z -0.0449 -0.9961  0.0761

PART 48
OFFSET  5.9735 -8.8635 -9.7101
X -0.7905 -0.0111 -0.6123
Y  0.6110  0.0538 -0.7898
Z  0.0417 -0.9985 -0.0357

PART 49
OFFSET  6.7101 -7.6424 -8.3347
X -0.7940 -0.0079 -0.6078
Y  0.0384  0.9973 -0.0631
Z  0.6067 -0.0734 -0.7916

PART 50
OFFSET  6.4005 -8.1581 -7.2983
X -0.7940 -0.0079 -0.6078
Y  0.0384  0.9973 -0.0631
Z  0.6067 -0.0734 -0.7916

PART 51
OFFSET  6.5514 -9.4952 -7.3062
X -0.7940 -0.0079 -0.6078
Y  0.0384  0.9973 -0.0631
Z  0.6067 -0.0734 -0.7916

PART 52
OFFSET  8.3970 -8.8293 -7.8328
X -0.7732 -0.6224  0.1215
Y  0.2097 -0.4318 -0.8773
Z  0.5984 -0.6529  0.4644

PART 53
OFFSET  8.2968 -7.8646 -7.2316
X  0.1818 -0.9510  0.2502
Y  0.7808 -0.0151 -0.6246
Z  0.5978  0.3089  0.7398

PART 54
OFFSET  7.7933 -5.8282 -7.7503
X -0.5789 -0.7012  0.4162
Y  0.7058 -0.6865 -0.1750
Z  0.4084  0.1924  0.8923

PART 55
OFFSET  8.7242 -4.7586 -8.5325
X -0.8207 -0.1176  0.5591
Y  0.2293 -0.9641  0.1338
Z  0.5233  0.2380  0.8182

PART 56
OFFSET  9.5839 -4.6260 -9.1768
X -0.8947 -0.4383 -0.0853
Y  0.0078  0.1757 -0.9844
Z  0.4465 -0.8815 -0.1537

PART 57
OFFSET  9.1549 -8.6331 -8.9689
X -0.7560 -0.4097  0.5105
Y  0.6453 -0.5974  0.4762
Z  0.1099  0.6894  0.7160

PART 58
OFFSET  10.7904 -7.5388 -10.0699
X  0.2489 -0.8032  0.5412
Y  0.9656  0.1619 -0.2037
Z  0.0760  0.5733  0.8158

PART 59
OFFSET  10.4381 -6.4017 -10.8362
X  0.9416 -0.3134  0.1234
Y  0.3306  0.7893 -0.5174
Z  0.0648  0.5280  0.8468

PART 60
OFFSET  9.6033 -6.1238 -10.9456
X  0.8013  0.4463 -0.3985
Y -0.5932  0.6796 -0.4317
Z  0.0782  0.5823  0.8092

PART 61
OFFSET  8.8421 -6.5478 -10.5670
X -0.2518 -0.8521  0.4588
Y -0.9536  0.2994  0.0328
Z -0.1654 -0.4292 -0.8880

PART 62
OFFSET  9.2692 -8.3004 -8.3477
X -0.7960 -0.4971  0.3455
Y  0.6044 -0.6204  0.4998
Z -0.0341  0.6067  0.7942

PART 63
OFFSET  11.3534 -7.1141 -9.3513
X  0.3226 -0.7679  0.5535
Y  0.9464  0.2517 -0.2024
Z  0.0161  0.5891  0.8079

PART 64
OFFSET  10.8042 -5.8068 -10.2937
X  0.9750 -0.1918  0.1121
Y  0.2216  0.8015 -0.5554
Z  0.0167  0.5664  0.8240

PART 65
OFFSET  9.4530 -5.5410 -10.4491
X  0.6386  0.6299 -0.4420
Y -0.7695  0.5305 -0.3556
Z  0.0105  0.5672  0.8235

PART 66
OFFSET  8.7604 -6.2242 -9.9697
X -0.0832 -0.7913  0.6058
Y -0.9961  0.0487 -0.0731
Z  0.0283 -0.6095 -0.7923

PART 67
OFFSET  5.3223 -11.4044 -6.3364
X -0.6017 -0.6836  0.4131
Y -0.7886  0.4265 -0.4429
Z  0.1266 -0.5923 -0.7957

PART 68
OFFSET  11.4742 -6.3212 -7.4720
X -0.6478 -0.7597  0.0558
Y  0.7022 -0.5672  0.4302
Z -0.2952  0.3179  0.9010

PART 69
OFFSET  12.6148 -4.9836 -7.5702
X  0.4656 -0.7468  0.4749
Y  0.8213  0.5645  0.0826
Z -0.3298  0.3515  0.8762

PART 70
OFFSET  12.0288 -4.0543 -8.0943
X  0.8732 -0.3114  0.3750
Y  0.3992  0.8983 -0.1835
Z -0.2798  0.3099  0.9087

PART 71
OFFSET  11.0426 -3.7026 -8.5179
X -0.7233 -0.6224  0.2991
Y -0.6682  0.5214 -0.5307
Z  0.1744 -0.5838 -0.7930

PART 72
OFFSET  11.5119 -6.7389 -8.4941
X  0.4444 -0.7485  0.4922
Y  0.8779  0.4734 -0.0726
Z -0.1786  0.4643  0.8675

PART 73
OFFSET  10.6438 -5.2766 -9.4556
X  0.9812  0.0323  0.1905
Y  0.0682  0.8646 -0.4979
Z -0.1808  0.5015  0.8461

PART 74
OFFSET  9.2107 -5.3238 -9.7339
X  0.6021  0.7246 -0.3353
Y -0.7722  0.4218 -0.4753
Z -0.2030  0.5451  0.8134

PART 75
OFFSET  8.5297 -6.1480 -9.3603
X  0.0445 -0.8598  0.5087
Y -0.9909 -0.1026 -0.0869
Z  0.1269 -0.5002 -0.8566

PART 76
OFFSET  0.0000 -0.0000 -0.0000
X  1.0000 -0.0000  0.0000
Y  0.0000  1.0000  0.0000
Z  0.0000 -0.0000  1.0000

PART 77
OFFSET  0.0000 -0.0000 -0.0000
X  1.0000 -0.0000  0.0000
Y  0.0000  1.0000  0.0000
Z  0.0000 -0.0000  1.0000

PART 78
OFFSET  1.5404 -0.0000  4.1357
X  1.0000 -0.0000  0.0000
Y  0.0000  1.0000  0.0000
Z  0.0000 -0.0000  1.0000


FRAME 269
PART 0
OFFSET  0.0000 -0.0000 -0.0000
X  1.0000 -0.0000  0.0000
Y  0.0000  1.0000  0.0000
Z  0.0000 -0.0000  1.0000

PART 1
OFFSET -4.6318 -0.0000 -1.3770
X  1.0000 -0.0000  0.0000
Y  0.0000  1.0000  0.0000
Z  0.0000 -0.0000  1.0000

PART 2
OFFSET -1.2815  5.8385 -7.1997
X  0.7639  0.0408 -0.6441
Y -0.0325 -0.9943 -0.1014
Z -0.6446  0.0984 -0.7582

PART 3
OFFSET  7.9564  6.3314 -14.9894
X  0.7278 -0.5573  0.3996
Y -0.5858 -0.2023  0.7848
Z -0.3565 -0.8053 -0.4737

PART 4
OFFSET  14.1467  1.5912 -11.5902
X  0.7278 -0.5573  0.3996
Y  0.4401  0.8265  0.3511
Z -0.5260 -0.0797  0.8468

PART 5
OFFSET  16.2434  2.3212 -10.8973
X  0.7323 -0.5539  0.3963
Y  0.3628  0.8097  0.4613
Z -0.5763 -0.1940  0.7939

PART 6
OFFSET  15.3600  0.6919 -12.5162
X  0.7323 -0.5539  0.3963
Y  0.3628  0.8097  0.4613
Z -0.5763 -0.1940  0.7939

PART 7
OFFSET  14.8292  1.2657 -8.4736
X  0.7323 -0.5539  0.3963
Y  0.3628  0.8097  0.4613
Z -0.5763 -0.1940  0.7939

PART 8
OFFSET  14.2855 -0.2016 -9.7837
X  0.7323 -0.5539  0.3963
Y  0.3628  0.8097  0.4613
Z -0.5763 -0.1940  0.7939

PART 9
OFFSET  14.3519 -0.2817 -10.9773
X  0.7323 -0.5539  0.3963
Y  0.3628  0.8097  0.4613
Z -0.5763 -0.1940  0.7939

PART 10
OFFSET  16.3779 -0.1173 -10.3650
X  0.9402  0.2869  0.1838
Y -0.3326  0.8899  0.3122
Z -0.0740 -0.3547  0.9320

PART 11
OFFSET  16.4494  0.7249 -9.5983
X  0.7619  0.4771  0.4381
Y -0.4869  0.8679 -0.0984
Z -0.4271 -0.1384  0.8935

PART 12
OFFSET  18.0212  1.8333 -8.6131
X  0.9705  0.1822  0.1580
Y -0.2103  0.9599  0.1853
Z -0.1179 -0.2130  0.9699

PART 13
OFFSET  19.5872  2.0463 -8.2605
X  0.8527  0.4743  0.2192
Y -0.4900  0.8715  0.0203
Z -0.1814 -0.1247  0.9755

PART 14
OFFSET  20.4927  2.5683 -7.9785
X  0.6449  0.6098 -0.4606
Y -0.2080 -0.4399 -0.8736
Z -0.7354  0.6592 -0.1569

PART 15
OFFSET  17.5146 -0.8991 -10.3554
X  0.8294 -0.3907  0.3994
Y -0.4647 -0.0857  0.8813
Z -0.3102 -0.9165 -0.2526

PART 16
OFFSET  19.3662 -1.6540 -9.3132
X -0.0608 -0.1078  0.9923
Y -0.9874  0.1519 -0.0440
Z -0.1460 -0.9825 -0.1157

PART 17
OFFSET  19.2802 -1.8067 -7.9083
X -0.8553  0.0743  0.5128
Y -0.5030  0.1191 -0.8561
Z -0.1247 -0.9901 -0.0645

PART 18
OFFSET  18.5219 -1.7408 -7.4536
X -0.9731  0.1692 -0.1562
Y  0.1745  0.0992 -0.9796
Z -0.1503 -0.9806 -0.1260

PART 19
OFFSET  17.5974 -1.5800 -7.6020
X  0.6565 -0.0499  0.7527
Y  0.7390 -0.1579 -0.6550
Z  0.1515  0.9862 -0.0668

PART 20
OFFSET  17.5107 -0.1950 -10.2376
X  0.9964 -0.0024  0.0847
Y -0.0786 -0.3992  0.9135
Z  0.0316 -0.9169 -0.3980

PART 21
OFFSET  20.0139 -0.5493 -9.6322
X  0.1367 -0.2402  0.9611
Y -0.9868  0.0518  0.1533
Z -0.0866 -0.9693 -0.2299

PART 22
OFFSET  20.2467 -0.9581 -7.9960
X -0.7684 -0.0752  0.6356
Y -0.6357  0.2054 -0.7441
Z -0.0746 -0.9758 -0.2056

PART 23
OFFSET  19.1818 -1.0624 -7.1151
X -0.9959  0.0555  0.0719
Y -0.0585  0.2134 -0.9752
Z -0.0695 -0.9754 -0.2093

PART 24
OFFSET  18.1018 -1.0021 -7.0371
X  0.8459 -0.2154  0.4879
Y  0.5259  0.1847 -0.8303
Z  0.0887  0.9589  0.2695

PART 25
OFFSET  18.7083  1.9900 -8.8030
X  0.9283 -0.0008  0.3718
Y  0.3310  0.4572 -0.8255
Z -0.1693  0.8893  0.4247

PART 26
OFFSET  19.8178  1.8036 -9.7596
X  0.9402 -0.2580  0.2223
Y -0.3112 -0.3854  0.8687
Z -0.1385 -0.8859 -0.4427

PART 27
OFFSET  21.4732  1.3493 -9.3682
X  0.7021 -0.4263  0.5703
Y -0.7009 -0.2723  0.6593
Z -0.1258 -0.8626 -0.4899

PART 28
OFFSET  22.3344  0.8835 -8.6450
X  0.2809 -0.3501  0.8936
Y -0.9576 -0.0401  0.2854
Z -0.0641 -0.9359 -0.3465

PART 29
OFFSET  22.6518  0.4881 -7.6357
X  0.7549 -0.1131 -0.6460
Y -0.5432  0.4439 -0.7126
Z  0.3674  0.8889  0.2737

PART 30
OFFSET  20.0651  0.7440 -9.9507
X  0.6196 -0.3709  0.6917
Y -0.7761 -0.1582  0.6104
Z -0.1170 -0.9151 -0.3859

PART 31
OFFSET  21.2756  0.0194 -8.5994
X -0.3916 -0.3191  0.8630
Y -0.9071  0.2910 -0.3040
Z -0.1542 -0.9019 -0.4035

PART 32
OFFSET  20.7036 -0.4467 -7.3388
X -0.9161 -0.0024  0.4010
Y -0.3526  0.4812 -0.8026
Z -0.1910 -0.8766 -0.4416

PART 33
OFFSET  19.6650 -0.4560 -6.8872
X  0.9399 -0.2494  0.2333
Y  0.3047  0.3034 -0.9028
Z  0.1544  0.9196  0.3612

PART 34
OFFSET  18.9932 -0.3595 -8.6145
X -0.0229 -0.9338 -0.3572
Y  0.0740  0.3547 -0.9320
Z  0.9970 -0.0478  0.0610

PART 35
OFFSET  10.9419 -4.1993 -7.2978
X  0.8822  0.4506 -0.1368
Y -0.4682  0.8079 -0.3580
Z -0.0508  0.3799  0.9236

PART 36
OFFSET  10.9419 -4.1993 -7.2978
X  0.8822  0.4506 -0.1368
Y -0.4682  0.8079 -0.3580
Z -0.0508  0.3799  0.9236

PART 37
OFFSET  10.6209 -3.1907 -4.6478
X  0.8822  0.4506 -0.1368
Y -0.4682  0.8079 -0.3580
Z -0.0508  0.3799  0.9236

PART 38
OFFSET  12.0096 -2.4953 -4.8946
X  0.8822  0.4506 -0.1368
Y -0.4682  0.8079 -0.3580
Z -0.0508  0.3799  0.9236

PART 39
OFFSET  15.4198 -2.4795 -9.2747
X  0.8822  0.4506 -0.1368
Y -0.4682  0.8079 -0.3580
Z -0.0508  0.3799  0.9236

PART 40
OFFSET  13.1128 -3.6915 -8.9906
X  0.8822  0.4506 -0.1368
Y -0.4682  0.8079 -0.3580
Z -0.0508  0.3799  0.9236

PART 41
OFFSET  11.1602 -4.2923 -7.7929
X  0.8822  0.4506 -0.1368
Y -0.4682  0.8079 -0.3580
Z -0.0508  0.3799  0.9236

PART 42
OFFSET  30.0973  3.9900 -10.5569
X -0.2781  0.7329  0.6209
Y -0.3801  0.5097 -0.7719
Z -0.8822 -0.4506  0.1368

PART 43
OFFSET  28.9849  5.9093 -11.4075
X  0.1901 -0.0749  0.9789
Y -0.4309  0.8896  0.1517
Z -0.8822 -0.4506  0.1368

PART 44
OFFSET  19.2840  2.4804 -3.1270
X -0.0340 -0.4214 -0.9063
Y -0.4682  0.8079 -0.3580
Z  0.8830  0.4121 -0.2248

PART 45
OFFSET  8.4271 -3.1341 -1.5984
X -0.6332 -0.0241  0.7736
Y -0.4682  0.8079 -0.3580
Z -0.6163 -0.5889 -0.5228

PART 46
OFFSET -3.5060 -7.9373 -3.1869
X -0.1375  0.0470  0.9894
Y -0.5225 -0.8521 -0.0321
Z  0.8415 -0.5213  0.1417

PART 47
OFFSET -1.8433 -8.5054 -15.1525
X -0.7865 -0.0114 -0.6175
Y  0.6173 -0.0477 -0.7853
Z -0.0205 -0.9988  0.0446

PART 48
OFFSET  4.8460 -8.4087 -9.9002
X -0.7865 -0.0114 -0.6175
Y  0.6165  0.0456 -0.7860
Z  0.0371 -0.9989 -0.0289

PART 49
OFFSET  5.5441 -7.2136 -8.4824
X -0.7901 -0.0083 -0.6129
Y  0.0139  0.9994 -0.0315
Z  0.6128 -0.0334 -0.7895

PART 50
OFFSET  5.2415 -7.7692 -7.4648
X -0.7901 -0.0083 -0.6129
Y  0.0139  0.9994 -0.0315
Z  0.6128 -0.0334 -0.7895

PART 51
OFFSET  5.4257 -9.1014 -7.5136
X -0.7901 -0.0083 -0.6129
Y  0.0139  0.9994 -0.0315
Z  0.6128 -0.0334 -0.7895

PART 52
OFFSET  7.2571 -8.3738 -8.0071
X -0.8748 -0.4798  0.0675
Y  0.1134 -0.3381 -0.9343
Z  0.4711 -0.8096  0.3501

PART 53
OFFSET  7.3478 -7.4992 -7.2797
X  0.0031 -0.9934  0.1145
Y  0.7558 -0.0727 -0.6507
Z  0.6548  0.0886  0.7506

PART 54
OFFSET  7.2292 -5.3532 -7.5036
X -0.6948 -0.6330  0.3414
Y  0.5619 -0.7741 -0.2917
Z  0.4489 -0.0109  0.8935

PART 55
OFFSET  8.3342 -4.3763 -8.1722
X -0.8209 -0.0401  0.5697
Y  0.0457 -0.9989 -0.0044
Z  0.5693  0.0225  0.8218

PART 56
OFFSET  9.1950 -4.3170 -8.8258
X -0.9622 -0.2499 -0.1082
Y  0.0279  0.3050 -0.9519
Z  0.2709 -0.9190 -0.2865

PART 57
OFFSET  8.0235 -8.1661 -9.1354
X -0.8128 -0.3296  0.4803
Y  0.5277 -0.7659  0.3674
Z  0.2468  0.5521  0.7965

PART 58
OFFSET  9.8210 -7.2513 -10.1436
X  0.1005 -0.9020  0.4198
Y  0.9760  0.0076 -0.2174
Z  0.1930  0.4316  0.8812

PART 59
OFFSET  9.6787 -5.9742 -10.7379
X  0.8674 -0.4956  0.0443
Y  0.4662  0.7784 -0.4204
Z  0.1739  0.3853  0.9063

PART 60
OFFSET  8.9096 -5.5348 -10.7772
X  0.8656  0.3414 -0.3663
Y -0.4605  0.8301 -0.3144
Z  0.1968  0.4408  0.8758

PART 61
OFFSET  8.0873 -5.8591 -10.4292
X -0.4014 -0.8460  0.3509
Y -0.8798  0.4627  0.1090
Z -0.2546 -0.2650 -0.9300

PART 62
OFFSET  8.2063 -7.9490 -8.4804
X -0.8706 -0.3845  0.3069
Y  0.4835 -0.7840  0.3894
Z  0.0909  0.4873  0.8685

PART 63
OFFSET  10.4631 -7.0406 -9.3973
X  0.1797 -0.8829  0.4338
Y  0.9741  0.0983 -0.2035
Z  0.1370  0.4591  0.8777

PART 64
OFFSET  10.1571 -5.5375 -10.1358
X  0.9230 -0.3819  0.0480
Y  0.3610  0.8156 -0.4522
Z  0.1335  0.4347  0.8906

PART 65
OFFSET  8.8779 -5.0083 -10.2023
X  0.7398  0.5561 -0.3787
Y -0.6606  0.7071 -0.2521
Z  0.1276  0.4367  0.8905

PART 66
OFFSET  8.0756 -5.6114 -9.7916
X -0.2225 -0.8381  0.4981
Y -0.9701  0.2411 -0.0275
Z -0.0971 -0.4893 -0.8667

PART 67
OFFSET  3.7731 -10.5189 -6.7485
X -0.7140 -0.6112  0.3416
Y -0.7002  0.6214 -0.3516
Z  0.0027 -0.4902 -0.8716

PART 68
OFFSET  10.7552 -6.5499 -7.4354
X -0.7783 -0.6276 -0.0207
Y  0.5887 -0.7407  0.3237
Z -0.2185  0.2398  0.9459

PART 69
OFFSET  12.1255 -5.4450 -7.3990
X  0.3231 -0.8780  0.3532
Y  0.9137  0.3866  0.1251
Z -0.2464  0.2823  0.9271

PART 70
OFFSET  11.7177 -4.3605 -7.7720
X  0.8039 -0.5156  0.2964
Y  0.5584  0.8259 -0.0778
Z -0.2047  0.2281  0.9519

PART 71
OFFSET  10.8097 -3.7781 -8.1069
X -0.8234 -0.5135  0.2415
Y -0.5652  0.7036 -0.4307
Z  0.0512 -0.4911 -0.8696

PART 72
OFFSET  10.7004 -6.8227 -8.5045
X  0.3022 -0.8781  0.3709
Y  0.9502  0.3088 -0.0429
Z -0.0769  0.3654  0.9277

PART 73
OFFSET  10.1101 -5.1072 -9.2292
X  0.9721 -0.1757  0.1552
Y  0.2230  0.8973 -0.3809
Z -0.0723  0.4049  0.9115

PART 74
OFFSET  8.6902 -4.8506 -9.4559
X  0.7231  0.6403 -0.2591
Y -0.6853  0.6182 -0.3850
Z -0.0863  0.4559  0.8858

PART 75
OFFSET  7.8713 -5.5786 -9.1690
X -0.1113 -0.9150  0.3879
Y -0.9936  0.0948 -0.0614
Z  0.0195 -0.3923 -0.9197

PART 76
OFFSET  0.0000 -0.0000 -0.0000
X  1.0000 -0.0000  0.0000
Y  0.0000  1.0000  0.0000
Z  0.0000 -0.0000  1.0000

PART 77
OFFSET  0.0000 -0.0000 -0.0000
X  1.0000 -0.0000  0.0000
Y  0.0000  1.0000  0.0000
Z  0.0000 -0.0000  1.0000

PART 78
OFFSET  1.5404 -0.0000  4.1357
X  1.0000 -0.0000  0.0000
Y  0.0000  1.0000  0.0000
Z  0.0000 -0.0000  1.0000


FRAME 270
PART 0
OFFSET  0.0000 -0.0000 -0.0000
X  1.0000 -0.0000  0.0000
Y  0.0000  1.0000  0.0000
Z  0.0000 -0.0000  1.0000

PART 1
OFFSET -4.6318 -0.0000 -1.3770
