// Export filename: `C:\projects\cod\t5\xanim_export\t5_viewmodels\l96a1\l96a1_d2p_in.XANIM_EXPORT`
// Source filename: `D:\projects\devanim\t5\animation_assets\viewmodels\l96a1\ViewModel_l96a1_animated.fbx`
// Export time: Sun Aug 29 22:54:39 2010

ANIMATION
VERSION 3

NUMPARTS 79
PART 0 "tag_ads"
PART 1 "tag_torso"
PART 2 "J_Shoulder_LE"
PART 3 "J_Elbow_LE"
PART 4 "J_WristTwist_LE"
PART 5 "J_Sleave_Reshape_Bottom_LE_1"
PART 6 "J_Sleave_Reshape_Bottom_LE_2"
PART 7 "J_Sleave_Reshape_Top_LE_1"
PART 8 "J_Sleave_Reshape_Top_LE_2"
PART 9 "J_Sleave_Reshape_Top_LE_3"
PART 10 "J_Wrist_LE"
PART 11 "J_Thumb_LE_0"
PART 12 "J_Thumb_LE_1"
PART 13 "J_Thumb_LE_2"
PART 14 "J_Thumb_LE_3"
PART 15 "J_PinkyPalm_LE"
PART 16 "J_Pinky_LE_0"
PART 17 "J_Pinky_LE_1"
PART 18 "J_Pinky_LE_2"
PART 19 "J_Pinky_LE_3"
PART 20 "J_RingPalm_LE"
PART 21 "J_Ring_LE_0"
PART 22 "J_Ring_LE_1"
PART 23 "J_Ring_LE_2"
PART 24 "J_Ring_LE_3"
PART 25 "J_Webbing_LE"
PART 26 "J_Index_LE_0"
PART 27 "J_Index_LE_1"
PART 28 "J_Index_LE_2"
PART 29 "J_Index_LE_3"
PART 30 "J_Mid_LE_0"
PART 31 "J_Mid_LE_1"
PART 32 "J_Mid_LE_2"
PART 33 "J_Mid_LE_3"
PART 34 "tag_knife_attach"
PART 35 "tag_weapon"
PART 36 "J_Gun"
PART 37 "tag_bolt"
PART 38 "tag_bolt_handle"
PART 39 "tag_clip"
PART 40 "tag_clip_release"
PART 41 "tag_trigger"
PART 42 "tag_bipod_right"
PART 43 "tag_bipod_left"
PART 44 "tag_backlip"
PART 45 "tag_frontlip"
PART 46 "J_Shoulder_RI"
PART 47 "J_Elbow_RI"
PART 48 "J_WristTwist_RI"
PART 49 "J_Sleave_Reshape_Top_RI_3"
PART 50 "J_Sleave_Reshape_Top_RI_2"
PART 51 "J_Sleave_Reshape_Top_RI_1"
PART 52 "J_Wrist_RI"
PART 53 "J_Thumb_RI_0"
PART 54 "J_Thumb_RI_1"
PART 55 "J_Thumb_RI_2"
PART 56 "J_Thumb_RI_3"
PART 57 "J_PinkyPalm_RI"
PART 58 "J_Pinky_RI_0"
PART 59 "J_Pinky_RI_1"
PART 60 "J_Pinky_RI_2"
PART 61 "J_Pinky_RI_3"
PART 62 "J_RingPalm_RI"
PART 63 "J_Ring_RI_0"
PART 64 "J_Ring_RI_1"
PART 65 "J_Ring_RI_2"
PART 66 "J_Ring_RI_3"
PART 67 "J_Webbing_RI"
PART 68 "J_Index_RI_0"
PART 69 "J_Index_RI_1"
PART 70 "J_Index_RI_2"
PART 71 "J_Index_RI_3"
PART 72 "J_Mid_RI_0"
PART 73 "J_Mid_RI_1"
PART 74 "J_Mid_RI_2"
PART 75 "J_Mid_RI_3"
PART 76 "tag_cambone"
PART 77 "tag_camera"
PART 78 "tag_gasmask"

FRAMERATE 30
NUMFRAMES 11

FRAME 300
PART 0
OFFSET  0.0000 -0.0000 -0.0000
X  1.0000 -0.0000  0.0000
Y  0.0000  1.0000  0.0000
Z  0.0000 -0.0000  1.0000

PART 1
OFFSET -4.6318 -0.0000 -1.3770
X  1.0000 -0.0000  0.0000
Y  0.0000  1.0000  0.0000
Z  0.0000 -0.0000  1.0000

PART 2
OFFSET  1.0729  7.1112 -7.1997
X  0.7047  0.3350 -0.6254
Y -0.1021 -0.8245 -0.5566
Z -0.7021  0.4561 -0.5468

PART 3
OFFSET  9.5959  11.1621 -14.7634
X  0.5049 -0.8328  0.2271
Y -0.7392 -0.2813  0.6119
Z -0.4457 -0.4768 -0.7576

PART 4
OFFSET  13.8901  4.0790 -12.8319
X  0.5049 -0.8328  0.2271
Y  0.8384  0.5357  0.1007
Z -0.2056  0.1395  0.9686

PART 5
OFFSET  15.9517  3.9437 -11.7638
X  0.5105 -0.8298  0.2255
Y  0.4549  0.4832  0.7481
Z -0.7297 -0.2793  0.6241

PART 6
OFFSET  15.0048  3.2394 -13.9232
X  0.5105 -0.8298  0.2255
Y  0.4549  0.4832  0.7481
Z -0.7297 -0.2793  0.6241

PART 7
OFFSET  13.9500  2.5780 -9.9985
X  0.5105 -0.8298  0.2255
Y  0.4549  0.4832  0.7481
Z -0.7297 -0.2793  0.6241

PART 8
OFFSET  13.3141  1.8268 -11.7863
X  0.5105 -0.8298  0.2255
Y  0.4549  0.4832  0.7481
Z -0.7297 -0.2793  0.6241

PART 9
OFFSET  13.5592  2.1274 -12.9200
X  0.5105 -0.8298  0.2255
Y  0.4549  0.4832  0.7481
Z -0.7297 -0.2793  0.6241

PART 10
OFFSET  15.4379  1.5259 -12.1357
X  0.6948  0.7121  0.1007
Y -0.7159  0.6982  0.0026
Z -0.0684 -0.0739  0.9949

PART 11
OFFSET  15.0315  2.4897 -11.6794
X  0.4158  0.8664  0.2766
Y -0.7796  0.4962 -0.3821
Z -0.4682 -0.0568  0.8818

PART 12
OFFSET  15.8249  4.4056 -11.0716
X  0.7694  0.6291  0.1105
Y -0.6150  0.7764 -0.1376
Z -0.1723  0.0379  0.9843

PART 13
OFFSET  17.0844  5.3791 -10.7748
X  0.5333  0.8429  0.0721
Y -0.8028  0.5311 -0.2710
Z -0.2667  0.0866  0.9599

PART 14
OFFSET  17.6352  6.3036 -10.6575
X  0.3995  0.6760 -0.6192
Y  0.1349 -0.7114 -0.6897
Z -0.9068  0.1920 -0.3754

PART 15
OFFSET  16.7786  1.3660 -11.8523
X  0.8413  0.1462  0.5204
Y -0.5218 -0.0319  0.8525
Z  0.1412 -0.9887  0.0494

PART 16
OFFSET  18.5843  1.8346 -10.5856
X -0.1682  0.1591  0.9728
Y -0.9409 -0.3201 -0.1104
Z  0.2938 -0.9339  0.2036

PART 17
OFFSET  18.3461  2.0598 -9.2083
X -0.8792 -0.1718  0.4443
Y -0.3635 -0.3610 -0.8588
Z  0.3079 -0.9166  0.2549

PART 18
OFFSET  17.5666  1.9075 -8.8143
X -0.9174 -0.3305 -0.2219
Y  0.2717 -0.1126 -0.9558
Z  0.2909 -0.9371  0.1931

PART 19
OFFSET  16.6951  1.5936 -9.0251
X  0.4890  0.4589  0.7418
Y  0.8322  0.0093 -0.5544
Z -0.2613  0.8884 -0.3774

PART 20
OFFSET  16.4652  1.9969 -11.9673
X  0.8807  0.4628  0.1010
Y -0.0511 -0.1191  0.9916
Z  0.4710 -0.8784 -0.0812

PART 21
OFFSET  18.7591  2.9731 -11.2298
X  0.0685  0.1251  0.9898
Y -0.9305 -0.3499  0.1086
Z  0.3599 -0.9284  0.0924

PART 22
OFFSET  18.8757  3.1860 -9.5447
X -0.7591 -0.2263  0.6104
Y -0.5360 -0.3149 -0.7833
Z  0.3694 -0.9218  0.1177

PART 23
OFFSET  17.8237  2.8724 -8.6988
X -0.9271 -0.3735  0.0301
Y  0.0149 -0.1172 -0.9930
Z  0.3744 -0.9202  0.1142

PART 24
OFFSET  16.8181  2.4674 -8.6661
X  0.7695  0.3277  0.5482
Y  0.5275  0.1577 -0.8348
Z -0.3600  0.9315 -0.0515

PART 25
OFFSET  16.4064  4.7901 -11.2879
X  0.7732  0.5145  0.3709
Y  0.2393  0.3049 -0.9218
Z -0.5873  0.8015  0.1126

PART 26
OFFSET  17.6307  4.8548 -12.1112
X  0.9140  0.2587  0.3124
Y -0.2582 -0.2228  0.9400
Z  0.3128 -0.9399 -0.1369

PART 27
OFFSET  19.2400  5.3103 -11.5612
X  0.7147  0.1075  0.6912
Y -0.6209 -0.3576  0.6976
Z  0.3221 -0.9277 -0.1889

PART 28
OFFSET  20.0892  5.4973 -10.7095
X  0.2540  0.0764  0.9642
Y -0.8874 -0.3782  0.2637
Z  0.3848 -0.9226 -0.0283

PART 29
OFFSET  20.3762  5.5836 -9.6204
X  0.8266  0.0571 -0.5599
Y -0.5568 -0.0619 -0.8283
Z -0.0819  0.9965 -0.0194

PART 30
OFFSET  18.3210  4.0082 -11.9463
X  0.5984  0.1521  0.7866
Y -0.7277 -0.3075  0.6131
Z  0.3351 -0.9393 -0.0733

PART 31
OFFSET  19.4901  4.3053 -10.4096
X -0.3568 -0.2036  0.9117
Y -0.8850 -0.2388 -0.3997
Z  0.2991 -0.9495 -0.0949

PART 32
OFFSET  18.9689  4.0080 -9.0779
X -0.8842 -0.2954  0.3620
Y -0.3870  0.0290 -0.9216
Z  0.2617 -0.9549 -0.1399

PART 33
OFFSET  17.9697  3.6667 -8.6683
X  0.9084  0.2690  0.3200
Y  0.2917  0.1405 -0.9461
Z -0.2995  0.9528  0.0492

PART 34
OFFSET  17.6032  2.9677 -10.3480
X  0.4226 -0.9055 -0.0382
Y  0.0684  0.0739 -0.9949
Z  0.9038  0.4178  0.0932

PART 35
OFFSET  11.7635 -3.4991 -8.0286
X  0.6263  0.7361 -0.2567
Y -0.6966  0.3806 -0.6082
Z -0.3500  0.5597  0.7511

PART 36
OFFSET  11.7635 -3.4991 -8.0286
X  0.6263  0.7361 -0.2567
Y -0.6966  0.3806 -0.6082
Z -0.3500  0.5597  0.7511

PART 37
OFFSET  10.6358 -2.0401 -5.8509
X  0.6263  0.7361 -0.2567
Y -0.6966  0.3806 -0.6082
Z -0.3500  0.5597  0.7511

PART 38
OFFSET  11.6325 -0.9019 -6.2802
X  0.6263  0.7361 -0.2567
Y -0.6966  0.3806 -0.6082
Z -0.3500  0.5597  0.7511

PART 39
OFFSET  15.3819 -0.6050 -10.3631
X  0.6263  0.7361 -0.2567
Y -0.6966  0.3806 -0.6082
Z -0.3500  0.5597  0.7511

PART 40
OFFSET  13.7697 -2.5793 -9.7507
X  0.6263  0.7361 -0.2567
Y -0.6966  0.3806 -0.6082
Z -0.3500  0.5597  0.7511

PART 41
OFFSET  12.0766 -3.6202 -8.4630
X  0.6263  0.7361 -0.2567
Y -0.6966  0.3806 -0.6082
Z -0.3500  0.5597  0.7511

PART 42
OFFSET  26.0685  11.0451 -13.3622
X -0.6514  0.6750  0.3464
Y -0.4283  0.0497 -0.9023
Z -0.6263 -0.7361  0.2567

PART 43
OFFSET  24.4135  11.9493 -14.8072
X  0.0452  0.2945  0.9546
Y -0.7783  0.6095 -0.1512
Z -0.6263 -0.7361  0.2567

PART 44
OFFSET  15.8140  7.0521 -6.0609
X  0.4021 -0.4950 -0.7703
Y -0.6966  0.3806 -0.6082
Z  0.5942  0.7811 -0.1918

PART 45
OFFSET  8.1593 -2.1093 -3.0266
X -0.7008 -0.1794  0.6904
Y -0.6966  0.3806 -0.6082
Z -0.1536 -0.9072 -0.3917

PART 46
OFFSET -3.5060 -7.9373 -3.1869
X -0.3747  0.0875  0.9230
Y -0.5107 -0.8504 -0.1267
Z  0.7738 -0.5189  0.3633

PART 47
OFFSET  1.0252 -8.9953 -14.3498
X -0.8015 -0.0095 -0.5979
Y  0.5963 -0.0879 -0.7980
Z -0.0450 -0.9961  0.0762

PART 48
OFFSET  7.8424 -8.9142 -9.2645
X -0.8015 -0.0095 -0.5979
Y  0.5980 -0.0181 -0.8013
Z -0.0032 -0.9998  0.0202

PART 49
OFFSET  8.6056 -7.6952 -7.9017
X -0.8049 -0.0063 -0.5933
Y  0.0387  0.9973 -0.0630
Z  0.5921 -0.0736 -0.8025

PART 50
OFFSET  8.3141 -8.2113 -6.8603
X -0.8049 -0.0063 -0.5933
Y  0.0387  0.9973 -0.0630
Z  0.5921 -0.0736 -0.8025

PART 51
OFFSET  8.4630 -9.5487 -6.8720
X -0.8049 -0.0063 -0.5933
Y  0.0387  0.9973 -0.0630
Z  0.5921 -0.0736 -0.8025

PART 52
OFFSET  10.2997 -8.8849 -7.4316
X -0.5965 -0.7771  0.2006
Y  0.3905 -0.4994 -0.7734
Z  0.7012 -0.3830  0.6014

PART 53
OFFSET  9.9033 -7.8962 -7.0224
X  0.3953 -0.8128  0.4280
Y  0.8114  0.0905 -0.5774
Z  0.4306  0.5755  0.6953

PART 54
OFFSET  8.9453 -6.1834 -7.9271
X -0.4156 -0.7512  0.5128
Y  0.8703 -0.4923 -0.0158
Z  0.2643  0.4397  0.8584

PART 55
OFFSET  9.6386 -5.0493 -8.8519
X -0.8102 -0.2380  0.5357
Y  0.4548 -0.8319  0.3181
Z  0.3699  0.5013  0.7822

PART 56
OFFSET  10.4900 -4.8006 -9.4724
X -0.7419 -0.6692 -0.0415
Y  0.0508  0.0056 -0.9987
Z  0.6685 -0.7431  0.0298

PART 57
OFFSET  11.0809 -8.6847 -8.5510
X -0.6690 -0.5061  0.5443
Y  0.7311 -0.3159  0.6048
Z -0.1341  0.8025  0.5814

PART 58
OFFSET  12.4748 -7.3918 -9.7635
X  0.3961 -0.6063  0.6896
Y  0.9065  0.3777 -0.1886
Z -0.1461  0.6998  0.6992

PART 59
OFFSET  11.9140 -6.5335 -10.7398
X  0.9754 -0.0257  0.2188
Y  0.1631  0.7517 -0.6390
Z -0.1481  0.6590  0.7375

PART 60
OFFSET  11.0491 -6.5107 -10.9338
X  0.6932  0.5715 -0.4392
Y -0.7059  0.4152 -0.5739
Z -0.1457  0.7078  0.6912

PART 61
OFFSET  10.3905 -7.0536 -10.5165
X -0.0660 -0.8001  0.5962
Y -0.9974  0.0351 -0.0633
Z  0.0297 -0.5988 -0.8003

PART 62
OFFSET  11.0505 -8.2354 -7.9972
X -0.6704 -0.6271  0.3966
Y  0.6955 -0.3447  0.6305
Z -0.2587  0.6985  0.6672

PART 63
OFFSET  12.8441 -6.7192 -9.1118
X  0.4570 -0.5510  0.6982
Y  0.8650  0.4581 -0.2046
Z -0.2071  0.6975  0.6860

PART 64
OFFSET  12.0661 -5.7811 -10.3006
X  0.9776  0.0968  0.1868
Y  0.0585  0.7280 -0.6831
Z -0.2022  0.6788  0.7060

PART 65
OFFSET  10.7113 -5.9153 -10.5595
X  0.4936  0.6952 -0.5225
Y -0.8444  0.2392 -0.4794
Z -0.2083  0.6778  0.7051

PART 66
OFFSET  10.1759 -6.6692 -9.9928
X  0.0677 -0.6729  0.7366
Y -0.9649 -0.2318 -0.1231
Z  0.2536 -0.7025 -0.6650

PART 67
OFFSET  7.8627 -11.9023 -5.6203
X -0.4418 -0.7411  0.5056
Y -0.8285  0.1208 -0.5469
Z  0.3442 -0.6604 -0.6674

PART 68
OFFSET  12.5901 -5.6225 -7.4065
X -0.4348 -0.8850  0.1666
Y  0.7823 -0.2796  0.5566
Z -0.4459  0.3724  0.8139

PART 69
OFFSET  13.3557 -4.0644 -7.6999
X  0.5963 -0.5059  0.6233
Y  0.6393  0.7689  0.0125
Z -0.4855  0.3910  0.7819

PART 70
OFFSET  12.6013 -3.4256 -8.4101
X  0.8865 -0.0003  0.4627
Y  0.1715  0.9289 -0.3281
Z -0.4297  0.3702  0.8236

PART 71
OFFSET  11.5999 -3.4253 -8.9327
X -0.5643 -0.7344  0.3772
Y -0.7289  0.2285 -0.6454
Z  0.3877 -0.6391 -0.6642

PART 72
OFFSET  12.8243 -6.1785 -8.3320
X  0.5748 -0.5103  0.6397
Y  0.7309  0.6717 -0.1208
Z -0.3680  0.5370  0.7591

PART 73
OFFSET  11.7015 -5.1815 -9.5817
X  0.9193  0.3242  0.2230
Y -0.1104  0.7564 -0.6447
Z -0.3777  0.5681  0.7312

PART 74
OFFSET  10.3587 -5.6551 -9.9074
X  0.4248  0.7930 -0.4366
Y -0.8085  0.1154 -0.5771
Z -0.4072  0.5982  0.6902

PART 75
OFFSET  9.8799 -6.5574 -9.4181
X  0.2167 -0.7200  0.6593
Y -0.9201 -0.3764 -0.1087
Z  0.3264 -0.5830 -0.7440

PART 76
OFFSET  0.0000 -0.0000 -0.0000
X  1.0000 -0.0000  0.0000
Y  0.0000  1.0000  0.0000
Z  0.0000 -0.0000  1.0000

PART 77
OFFSET  0.0000 -0.0000 -0.0000
X  1.0000 -0.0000  0.0000
Y  0.0000  1.0000  0.0000
Z  0.0000 -0.0000  1.0000

PART 78
OFFSET  1.5404 -0.0000  4.1357
X  1.0000 -0.0000  0.0000
Y  0.0000  1.0000  0.0000
Z  0.0000 -0.0000  1.0000


FRAME 301
PART 0
OFFSET  0.0000 -0.0000 -0.0000
X  1.0000 -0.0000  0.0000
Y  0.0000  1.0000  0.0000
Z  0.0000 -0.0000  1.0000

PART 1
OFFSET -4.6318 -0.0000 -1.3770
X  1.0000 -0.0000  0.0000
Y  0.0000  1.0000  0.0000
Z  0.0000 -0.0000  1.0000

PART 2
OFFSET  1.2201  7.1875 -7.1997
X  0.6552  0.3014 -0.6928
Y -0.0704 -0.8886 -0.4532
Z -0.7522  0.3457 -0.5610

PART 3
OFFSET  9.1437  10.8326 -15.5778
X  0.5539 -0.7731  0.3090
Y -0.7043 -0.2372  0.6691
Z -0.4440 -0.5883 -0.6759

PART 4
OFFSET  13.8550  4.2570 -12.9496
X  0.5539 -0.7731  0.3090
Y  0.7861  0.6079  0.1118
Z -0.2743  0.1810  0.9445

PART 5
OFFSET  15.9531  4.3537 -11.9508
X  0.5593 -0.7701  0.3069
Y  0.4525  0.5938  0.6653
Z -0.6945 -0.2333  0.6806

PART 6
OFFSET  14.9768  3.3411 -13.9700
X  0.5593 -0.7701  0.3069
Y  0.4525  0.5938  0.6653
Z -0.6945 -0.2333  0.6806

PART 7
OFFSET  14.0805  3.1264 -9.9570
X  0.5593 -0.7701  0.3069
Y  0.4525  0.5938  0.6653
Z -0.6945 -0.2333  0.6806

PART 8
OFFSET  13.4286  2.1285 -11.6135
X  0.5593 -0.7701  0.3069
Y  0.4525  0.5938  0.6653
Z -0.6945 -0.2333  0.6806

PART 9
OFFSET  13.6224  2.2964 -12.7840
X  0.5593 -0.7701  0.3069
Y  0.4525  0.5938  0.6653
Z -0.6945 -0.2333  0.6806

PART 10
OFFSET  15.5531  1.8869 -12.0023
X  0.6845  0.7195  0.1173
Y -0.7258  0.6878  0.0160
Z -0.0692 -0.0961  0.9930

PART 11
OFFSET  15.1323  2.8349 -11.5264
X  0.4030  0.8661  0.2959
Y -0.7859  0.4931 -0.3731
Z -0.4690 -0.0822  0.8794

PART 12
OFFSET  15.8974  4.7484 -10.8762
X  0.7603  0.6374  0.1255
Y -0.6257  0.7704 -0.1223
Z -0.1746  0.0145  0.9845

PART 13
OFFSET  17.1425  5.7330 -10.5561
X  0.5211  0.8486  0.0912
Y -0.8098  0.5254 -0.2613
Z -0.2696  0.0623  0.9610

PART 14
OFFSET  17.6799  6.6625 -10.4180
X  0.3910  0.6946 -0.6038
Y  0.1462 -0.6946 -0.7044
Z -0.9087  0.1871 -0.3731

PART 15
OFFSET  16.8955  1.7400 -11.7195
X  0.8382  0.1469  0.5252
Y -0.5228 -0.0575  0.8505
Z  0.1551 -0.9875  0.0286

PART 16
OFFSET  18.6921  2.2068 -10.4393
X -0.1722  0.1359  0.9756
Y -0.9361 -0.3309 -0.1192
Z  0.3067 -0.9338  0.1842

PART 17
OFFSET  18.4482  2.3992 -9.0580
X -0.8775 -0.1936  0.4387
Y -0.3568 -0.3476 -0.8671
Z  0.3204 -0.9174  0.2360

PART 18
OFFSET  17.6701  2.2276 -8.6690
X -0.9122 -0.3386 -0.2308
Y  0.2750 -0.0883 -0.9574
Z  0.3038 -0.9368  0.1737

PART 19
OFFSET  16.8035  1.9059 -8.8883
X  0.4811  0.4499  0.7524
Y  0.8330  0.0328 -0.5523
Z -0.2732  0.8925 -0.3589

PART 20
OFFSET  16.5734  2.3687 -11.8217
X  0.8738  0.4730  0.1127
Y -0.0512 -0.1409  0.9887
Z  0.4835 -0.8697 -0.0989

PART 21
OFFSET  18.8518  3.3612 -11.0588
X  0.0649  0.1049  0.9924
Y -0.9256 -0.3652  0.0992
Z  0.3729 -0.9250  0.0733

PART 22
OFFSET  18.9624  3.5397 -9.3693
X -0.7569 -0.2499  0.6038
Y -0.5301 -0.3056 -0.7910
Z  0.3822 -0.9188  0.0988

PART 23
OFFSET  17.9133  3.1933 -8.5324
X -0.9218 -0.3871  0.0202
Y  0.0184 -0.0958 -0.9952
Z  0.3872 -0.9171  0.0954

PART 24
OFFSET  16.9136  2.7735 -8.5105
X  0.7638  0.3268  0.5567
Y  0.5267  0.1829 -0.8301
Z -0.3730  0.9272 -0.0324

PART 25
OFFSET  16.4737  5.1456 -11.0831
X  0.7651  0.5173  0.3834
Y  0.2366  0.3278 -0.9146
Z -0.5988  0.7905  0.1284

PART 26
OFFSET  17.6985  5.2451 -11.9022
X  0.9097  0.2649  0.3198
Y -0.2567 -0.2465  0.9345
Z  0.3264 -0.9322 -0.1562

PART 27
OFFSET  19.3002  5.7115 -11.3392
X  0.7118  0.1028  0.6948
Y -0.6170 -0.3812  0.6885
Z  0.3356 -0.9188 -0.2079

PART 28
OFFSET  20.1452  5.8922 -10.4819
X  0.2512  0.0594  0.9661
Y -0.8824 -0.3962  0.2537
Z  0.3979 -0.9162 -0.0471

PART 29
OFFSET  20.4288  5.9593 -9.3906
X  0.8267  0.0807 -0.5568
Y -0.5544 -0.0521 -0.8306
Z -0.0960  0.9954  0.0017

PART 30
OFFSET  18.4004  4.4050 -11.7539
X  0.5948  0.1437  0.7909
Y -0.7244 -0.3307  0.6049
Z  0.3485 -0.9327 -0.0926

PART 31
OFFSET  19.5624  4.6858 -10.2088
X -0.3555 -0.2280  0.9064
Y -0.8808 -0.2427 -0.4065
Z  0.3127 -0.9429 -0.1145

PART 32
OFFSET  19.0431  4.3527 -8.8848
X -0.8805 -0.3155  0.3537
Y -0.3857  0.0432 -0.9216
Z  0.2755 -0.9480 -0.1597

PART 33
OFFSET  18.0480  3.9887 -8.4847
X  0.9039  0.2749  0.3276
Y  0.2914  0.1648 -0.9423
Z -0.3130  0.9472  0.0688

PART 34
OFFSET  17.6946  3.3207 -10.1797
X  0.4354 -0.8985 -0.0566
Y  0.0692  0.0961 -0.9930
Z  0.8976  0.4284  0.1040

PART 35
OFFSET  11.9429 -3.2759 -8.0109
X  0.6163  0.7502 -0.2396
Y -0.7008  0.3836 -0.6014
Z -0.3593  0.5386  0.7621

PART 36
OFFSET  11.9429 -3.2759 -8.0109
X  0.6163  0.7502 -0.2396
Y -0.7008  0.3836 -0.6014
Z -0.3593  0.5386  0.7621

PART 37
OFFSET  10.7906 -1.8798 -5.8050
X  0.6163  0.7502 -0.2396
Y -0.7008  0.3836 -0.6014
Z -0.3593  0.5386  0.7621

PART 38
OFFSET  11.7719 -0.7188 -6.2079
X  0.6163  0.7502 -0.2396
Y -0.7008  0.3836 -0.6014
Z -0.3593  0.5386  0.7621

PART 39
OFFSET  15.5241 -0.2820 -10.2756
X  0.6163  0.7502 -0.2396
Y -0.7008  0.3836 -0.6014
Z -0.3593  0.5386  0.7621

PART 40
OFFSET  13.9389 -2.2914 -9.7089
X  0.6163  0.7502 -0.2396
Y -0.7008  0.3836 -0.6014
Z -0.3593  0.5386  0.7621

PART 41
OFFSET  12.2584 -3.3833 -8.4472
X  0.6163  0.7502 -0.2396
Y -0.7008  0.3836 -0.6014
Z -0.3593  0.5386  0.7621

PART 42
OFFSET  26.0500  11.5793 -13.0032
X -0.6615  0.6582  0.3593
Y -0.4273  0.0629 -0.9019
Z -0.6163 -0.7502  0.2396

PART 43
OFFSET  24.3850  12.4907 -14.4321
X  0.0393  0.2746  0.9607
Y -0.7865  0.6015 -0.1398
Z -0.6163 -0.7502  0.2396

PART 44
OFFSET  15.8399  7.2870 -5.8103
X  0.4104 -0.4727 -0.7798
Y -0.7008  0.3836 -0.6014
Z  0.5834  0.7933 -0.1738

PART 45
OFFSET  8.3103 -2.0442 -2.9881
X -0.6967 -0.1871  0.6925
Y -0.7008  0.3836 -0.6014
Z -0.1531 -0.9043 -0.3984

PART 46
OFFSET -3.5060 -7.9373 -3.1869
X -0.3869  0.0709  0.9194
Y -0.4993 -0.8544 -0.1443
Z  0.7753 -0.5148  0.3660

PART 47
OFFSET  1.1737 -8.7944 -14.3057
X -0.8107 -0.0087 -0.5854
Y  0.5845 -0.0707 -0.8083
Z -0.0343 -0.9975  0.0624

PART 48
OFFSET  8.0690 -8.7202 -9.3266
X -0.8107 -0.0087 -0.5854
Y  0.5853 -0.0323 -0.8101
Z -0.0119 -0.9994  0.0313

PART 49
OFFSET  8.8420 -7.5136 -7.9584
X -0.8141 -0.0056 -0.5807
Y  0.0282  0.9984 -0.0492
Z  0.5801 -0.0564 -0.8126

PART 50
OFFSET  8.5717 -8.0473 -6.9202
X -0.8141 -0.0056 -0.5807
Y  0.0282  0.9984 -0.0492
Z  0.5801 -0.0564 -0.8126

PART 51
OFFSET  8.7330 -9.3829 -6.9535
X -0.8141 -0.0056 -0.5807
Y  0.0282  0.9984 -0.0492
Z  0.5801 -0.0564 -0.8126

PART 52
OFFSET  10.5543 -8.6935 -7.5319
X -0.5858 -0.7896  0.1828
Y  0.3989 -0.4772 -0.7830
Z  0.7055 -0.3858  0.5945

PART 53
OFFSET  10.1432 -7.7194 -7.1026
X  0.4060 -0.8160  0.4114
Y  0.8111  0.1143 -0.5737
Z  0.4211  0.5666  0.7083

PART 54
OFFSET  9.1628 -6.0013 -7.9726
X -0.4059 -0.7678  0.4958
Y  0.8772 -0.4795 -0.0245
Z  0.2565  0.4250  0.8681

PART 55
OFFSET  9.8416 -4.8381 -8.8716
X -0.8077 -0.2608  0.5288
Y  0.4659 -0.8320  0.3013
Z  0.3614  0.4897  0.7935

PART 56
OFFSET  10.6905 -4.5643 -9.4849
X -0.7323 -0.6785 -0.0573
Y  0.0525  0.0276 -0.9982
Z  0.6789 -0.7340  0.0154

PART 57
OFFSET  11.3346 -8.4584 -8.6452
X -0.6627 -0.5270  0.5320
Y  0.7344 -0.3184  0.5994
Z -0.1465  0.7880  0.5980

PART 58
OFFSET  12.7123 -7.1204 -9.8269
X  0.4034 -0.6152  0.6773
Y  0.9014  0.3944 -0.1786
Z -0.1573  0.6826  0.7137

PART 59
OFFSET  12.1411 -6.2494 -10.7858
X  0.9753 -0.0166  0.2203
Y  0.1536  0.7674 -0.6225
Z -0.1587  0.6409  0.7510

PART 60
OFFSET  11.2764 -6.2347 -10.9811
X  0.6858  0.5905 -0.4254
Y -0.7106  0.4173 -0.5664
Z -0.1569  0.6908  0.7058

PART 61
OFFSET  10.6248 -6.7957 -10.5770
X -0.0558 -0.8135  0.5789
Y -0.9977  0.0224 -0.0647
Z  0.0396 -0.5812 -0.8128

PART 62
OFFSET  11.2969 -8.0214 -8.0820
X -0.6622 -0.6448  0.3818
Y  0.6991 -0.3482  0.6245
Z -0.2697  0.6804  0.6814

PART 63
OFFSET  13.0709 -6.4566 -9.1602
X  0.4635 -0.5593  0.6873
Y  0.8588  0.4745 -0.1930
Z -0.2182  0.6797  0.7002

PART 64
OFFSET  12.2819 -5.5044 -10.3304
X  0.9758  0.1066  0.1909
Y  0.0494  0.7431 -0.6673
Z -0.2130  0.6606  0.7199

PART 65
OFFSET  10.9295 -5.6522 -10.5950
X  0.4847  0.7131 -0.5065
Y -0.8468  0.2374 -0.4760
Z -0.2192  0.6596  0.7189

PART 66
OFFSET  10.4038 -6.4256 -10.0457
X  0.0758 -0.6874  0.7223
Y -0.9613 -0.2427 -0.1301
Z  0.2648 -0.6845 -0.6793

PART 67
OFFSET  8.1570 -11.7829 -5.7905
X -0.4322 -0.7579  0.4887
Y -0.8291  0.1208 -0.5459
Z  0.3547 -0.6411 -0.6805

PART 68
OFFSET  12.7982 -5.4003 -7.4325
X -0.4226 -0.8944  0.1468
Y  0.7852 -0.2804  0.5521
Z -0.4526  0.3486  0.8207

PART 69
OFFSET  13.5422 -3.8256 -7.6910
X  0.6023 -0.5106  0.6136
Y  0.6283  0.7774  0.0302
Z -0.4924  0.3673  0.7890

PART 70
OFFSET  12.7801 -3.1826 -8.3890
X  0.8856  0.0024  0.4644
Y  0.1589  0.9381 -0.3079
Z -0.4364  0.3465  0.8304

PART 71
OFFSET  11.7798 -3.1852 -8.9136
X -0.5545 -0.7501  0.3603
Y -0.7309  0.2319 -0.6419
Z  0.3980 -0.6193 -0.6769

PART 72
OFFSET  13.0420 -5.9330 -8.3692
X  0.5808 -0.5157  0.6299
Y  0.7215  0.6844 -0.1049
Z -0.3770  0.5154  0.7696

PART 73
OFFSET  11.9074 -4.9256 -9.5997
X  0.9142  0.3323  0.2318
Y -0.1199  0.7683 -0.6287
Z -0.3870  0.5470  0.7423

PART 74
OFFSET  10.5721 -5.4110 -9.9382
X  0.4143  0.8081 -0.4187
Y -0.8090  0.1163 -0.5762
Z -0.4169  0.5775  0.7019

PART 75
OFFSET  10.1052 -6.3302 -9.4693
X  0.2257 -0.7308  0.6442
Y -0.9144 -0.3869 -0.1186
Z  0.3359 -0.5623 -0.7556

PART 76
OFFSET  0.0000 -0.0000 -0.0000
X  1.0000 -0.0000  0.0000
Y  0.0000  1.0000  0.0000
Z  0.0000 -0.0000  1.0000

PART 77
OFFSET -0.0000 -0.0000 -0.0000
X  1.0000  0.0000 -0.0025
Y -0.0000  1.0000 -0.0008
Z  0.0025  0.0008  1.0000

PART 78
OFFSET  1.5509  0.0034  4.1318
X  1.0000  0.0000 -0.0025
Y -0.0000  1.0000 -0.0008
Z  0.0025  0.0008  1.0000


FRAME 302
PART 0
OFFSET  0.0000 -0.0000 -0.0000
X  1.0000 -0.0000  0.0000
Y  0.0000  1.0000  0.0000
Z  0.0000 -0.0000  1.0000

PART 1
OFFSET -4.6318 -0.0000 -1.3770
X  1.0000 -0.0000  0.0000
Y  0.0000  1.0000  0.0000
Z  0.0000 -0.0000  1.0000

PART 2
OFFSET  1.3277  7.2432 -7.1997
X  0.5895  0.2266 -0.7753
Y -0.0098 -0.9578 -0.2874
Z -0.8077  0.1770 -0.5624

PART 3
OFFSET  8.4571  9.9839 -16.5764
X  0.6276 -0.6599  0.4131
Y -0.6554 -0.1615  0.7378
Z -0.4202 -0.7338 -0.5339

PART 4
OFFSET  13.7950  4.3709 -13.0631
X  0.6276 -0.6599  0.4131
Y  0.6743  0.7259  0.1353
Z -0.3892  0.1936  0.9006

PART 5
OFFSET  15.9156  4.8047 -12.2122
X  0.6326 -0.6569  0.4101
Y  0.4277  0.7379  0.5221
Z -0.6456 -0.1549  0.7478

PART 6
OFFSET  14.9475  3.3686 -13.9604
X  0.6326 -0.6569  0.4101
Y  0.4277  0.7379  0.5221
Z -0.6456 -0.1549  0.7478

PART 7
OFFSET  14.2305  3.8299 -9.9322
X  0.6326 -0.6569  0.4101
Y  0.4277  0.7379  0.5221
Z -0.6456 -0.1549  0.7478

PART 8
OFFSET  13.5987  2.4989 -11.3443
X  0.6326 -0.6569  0.4101
Y  0.4277  0.7379  0.5221
Z -0.6456 -0.1549  0.7478

PART 9
OFFSET  13.7318  2.4624 -12.5345
X  0.6326 -0.6569  0.4101
Y  0.4277  0.7379  0.5221
Z -0.6456 -0.1549  0.7478

PART 10
OFFSET  15.7189  2.3478 -11.7967
X  0.6779  0.7216  0.1403
Y -0.7322  0.6798  0.0420
Z -0.0651 -0.1312  0.9892

PART 11
OFFSET  15.2905  3.2745 -11.2869
X  0.3957  0.8591  0.3247
Y -0.7917  0.4982 -0.3534
Z -0.4654 -0.1172  0.8773

PART 12
OFFSET  16.0394  5.1716 -10.5728
X  0.7545  0.6400  0.1454
Y -0.6334  0.7681 -0.0937
Z -0.1716 -0.0214  0.9849

PART 13
OFFSET  17.2761  6.1565 -10.2222
X  0.5133  0.8499  0.1191
Y -0.8156  0.5263 -0.2405
Z -0.2671  0.0263  0.9633

PART 14
OFFSET  17.8050  7.0857 -10.0534
X  0.3824  0.7189 -0.5804
Y  0.1506 -0.6683 -0.7285
Z -0.9116  0.1912 -0.3638

PART 15
OFFSET  17.0635  2.2041 -11.5230
X  0.8384  0.1367  0.5276
Y -0.5196 -0.0921  0.8495
Z  0.1647 -0.9863 -0.0062

PART 16
OFFSET  18.8596  2.6435 -10.2325
X -0.1704  0.1003  0.9803
Y -0.9333 -0.3356 -0.1279
Z  0.3161 -0.9367  0.1508

PART 17
OFFSET  18.6183  2.7854 -8.8446
X -0.8742 -0.2172  0.4342
Y -0.3562 -0.3207 -0.8776
Z  0.3299 -0.9219  0.2030

PART 18
OFFSET  17.8432  2.5929 -8.4597
X -0.9096 -0.3391 -0.2399
Y  0.2728 -0.0523 -0.9606
Z  0.3132 -0.9393  0.1401

PART 19
OFFSET  16.9790  2.2707 -8.6875
X  0.4792  0.4281  0.7663
Y  0.8309  0.0600 -0.5532
Z -0.2828  0.9017 -0.3269

PART 20
OFFSET  16.7351  2.8328 -11.6024
X  0.8696  0.4772  0.1266
Y -0.0468 -0.1757  0.9833
Z  0.4915 -0.8611 -0.1304

PART 21
OFFSET  19.0064  3.8201 -10.8119
X  0.0671  0.0709  0.9952
Y -0.9218 -0.3774  0.0890
Z  0.3819 -0.9233  0.0401

PART 22
OFFSET  19.1206  3.9409 -9.1175
X -0.7526 -0.2781  0.5969
Y -0.5296 -0.2831 -0.7996
Z  0.3913 -0.9179  0.0657

PART 23
OFFSET  18.0776  3.5555 -8.2902
X -0.9180 -0.3964  0.0093
Y  0.0162 -0.0609 -0.9980
Z  0.3962 -0.9160  0.0624

PART 24
OFFSET  17.0820  3.1256 -8.2801
X  0.7624  0.3146  0.5655
Y  0.5223  0.2167 -0.8247
Z -0.3820  0.9242  0.0009

PART 25
OFFSET  16.6113  5.5813 -10.7673
X  0.7614  0.5110  0.3990
Y  0.2306  0.3617 -0.9033
Z -0.6059  0.7798  0.1575

PART 26
OFFSET  17.8325  5.7210 -11.5860
X  0.9082  0.2624  0.3262
Y -0.2514 -0.2812  0.9261
Z  0.3348 -0.9231 -0.1895

PART 27
OFFSET  19.4314  6.1830 -11.0117
X  0.7130  0.0854  0.6959
Y -0.6112 -0.4108  0.6766
Z  0.3437 -0.9077 -0.2407

PART 28
OFFSET  20.2773  6.3420 -10.1510
X  0.2536  0.0282  0.9669
Y -0.8778 -0.4133  0.2423
Z  0.4065 -0.9102 -0.0801

PART 29
OFFSET  20.5638  6.3739 -9.0589
X  0.8241  0.1079 -0.5560
Y -0.5565 -0.0285 -0.8304
Z -0.1055  0.9938  0.0366

PART 30
OFFSET  18.5429  4.8831 -11.4690
X  0.5959  0.1219  0.7938
Y -0.7193 -0.3585  0.5950
Z  0.3571 -0.9255 -0.1260

PART 31
OFFSET  19.7070  5.1212 -9.9184
X -0.3505 -0.2628  0.8990
Y -0.8797 -0.2369 -0.4122
Z  0.3213 -0.9353 -0.1481

PART 32
OFFSET  19.1951  4.7374 -8.6053
X -0.8764 -0.3360  0.3450
Y -0.3890  0.0715 -0.9185
Z  0.2840 -0.9391 -0.1934

PART 33
OFFSET  18.2048  4.3501 -8.2153
X  0.9023  0.2721  0.3344
Y  0.2868  0.2002 -0.9368
Z -0.3218  0.9412  0.1026

PART 34
OFFSET  17.8524  3.7380 -9.9315
X  0.4438 -0.8917 -0.0891
Y  0.0651  0.1312 -0.9892
Z  0.8938  0.4332  0.1163

PART 35
OFFSET  12.1708 -2.9852 -7.9771
X  0.6083  0.7640 -0.2152
Y -0.7063  0.3975 -0.5857
Z -0.3620  0.5083  0.7814

PART 36
OFFSET  12.1708 -2.9852 -7.9771
X  0.6083  0.7640 -0.2152
Y -0.7063  0.3975 -0.5857
Z -0.3620  0.5083  0.7814

PART 37
OFFSET  11.0123 -1.6778 -5.7207
X  0.6083  0.7640 -0.2152
Y -0.7063  0.3975 -0.5857
Z -0.3620  0.5083  0.7814

PART 38
OFFSET  11.9812 -0.4940 -6.0857
X  0.6083  0.7640 -0.2152
Y -0.7063  0.3975 -0.5857
Z -0.3620  0.5083  0.7814

PART 39
OFFSET  15.7160  0.1200 -10.1464
X  0.6083  0.7640 -0.2152
Y -0.7063  0.3975 -0.5857
Z -0.3620  0.5083  0.7814

PART 40
OFFSET  14.1519 -1.9231 -9.6454
X  0.6083  0.7640 -0.2152
Y -0.7063  0.3975 -0.5857
Z -0.3620  0.5083  0.7814

PART 41
OFFSET  12.4860 -3.0743 -8.4177
X  0.6083  0.7640 -0.2152
Y -0.7063  0.3975 -0.5857
Z -0.3620  0.5083  0.7814

PART 42
OFFSET  26.1196  12.1699 -12.4898
X -0.6666  0.6389  0.3839
Y -0.4307  0.0901 -0.8980
Z -0.6083 -0.7640  0.2152

PART 43
OFFSET  24.4415  13.1143 -13.8814
X  0.0397  0.2414  0.9696
Y -0.7927  0.5984 -0.1165
Z -0.6083 -0.7640  0.2152

PART 44
OFFSET  15.9738  7.5320 -5.4215
X  0.4125 -0.4414 -0.7969
Y -0.7063  0.3975 -0.5857
Z  0.5753  0.8045 -0.1478

PART 45
OFFSET  8.5426 -1.9639 -2.9042
X -0.6844 -0.1723  0.7085
Y -0.7063  0.3975 -0.5857
Z -0.1807 -0.9013 -0.3937

PART 46
OFFSET -3.5060 -7.9373 -3.1869
X -0.3988  0.0488  0.9157
Y -0.4848 -0.8588 -0.1654
Z  0.7784 -0.5100  0.3662

PART 47
OFFSET  1.3172 -8.5272 -14.2617
X -0.8226 -0.0085 -0.5686
Y  0.5683 -0.0480 -0.8214
Z -0.0204 -0.9988  0.0443

PART 48
OFFSET  8.3138 -8.4552 -9.4259
X -0.8226 -0.0085 -0.5686
Y  0.5684 -0.0385 -0.8218
Z -0.0149 -0.9992  0.0365

PART 49
OFFSET  9.0999 -7.2642 -8.0515
X -0.8259 -0.0054 -0.5638
Y  0.0145  0.9994 -0.0309
Z  0.5636 -0.0337 -0.8254

PART 50
OFFSET  8.8583 -7.8206 -7.0181
X -0.8259 -0.0054 -0.5638
Y  0.0145  0.9994 -0.0309
Z  0.5636 -0.0337 -0.8254

PART 51
OFFSET  9.0357 -9.1531 -7.0799
X -0.8259 -0.0054 -0.5638
Y  0.0145  0.9994 -0.0309
Z  0.5636 -0.0337 -0.8254

PART 52
OFFSET  10.8356 -8.4293 -7.6829
X -0.5777 -0.8011  0.1569
Y  0.4010 -0.4459 -0.8003
Z  0.7110 -0.3994  0.5788

PART 53
OFFSET  10.4166 -7.4747 -7.2188
X  0.4150 -0.8259  0.3816
Y  0.8081  0.1420 -0.5716
Z  0.4179  0.5457  0.7264

PART 54
OFFSET  9.4171 -5.7370 -8.0257
X -0.3969 -0.7884  0.4699
Y  0.8817 -0.4699 -0.0436
Z  0.2552  0.3970  0.8816

PART 55
OFFSET  10.0819 -4.5367 -8.8856
X -0.8035 -0.2868  0.5217
Y  0.4748 -0.8374  0.2708
Z  0.3592  0.4653  0.8090

PART 56
OFFSET  10.9262 -4.2336 -9.4914
X -0.7260 -0.6832 -0.0788
Y  0.0490  0.0628 -0.9968
Z  0.6860 -0.7275 -0.0121

PART 57
OFFSET  11.6101 -8.1481 -8.7895
X -0.6560 -0.5516  0.5152
Y  0.7393 -0.3319  0.5859
Z -0.1522  0.7652  0.6255

PART 58
OFFSET  12.9712 -6.7566 -9.9279
X  0.4114 -0.6344  0.6544
Y  0.8970  0.4091 -0.1674
Z -0.1615  0.6558  0.7374

PART 59
OFFSET  12.3887 -5.8584 -10.8543
X  0.9761 -0.0148  0.2168
Y  0.1443  0.7900 -0.5958
Z -0.1625  0.6129  0.7733

PART 60
OFFSET  11.5233 -5.8453 -11.0465
X  0.6788  0.6115 -0.4066
Y -0.7164  0.4299 -0.5496
Z -0.1613  0.6643  0.7298

PART 61
OFFSET  10.8784 -6.4262 -10.6602
X -0.0462 -0.8336  0.5504
Y -0.9980  0.0150 -0.0610
Z  0.0426 -0.5522 -0.8327

PART 62
OFFSET  11.5700 -7.7314 -8.2113
X -0.6548 -0.6641  0.3610
Y  0.7044 -0.3629  0.6100
Z -0.2740  0.6537  0.7054

PART 63
OFFSET  13.3256 -6.1130 -9.2395
X  0.4710 -0.5783  0.6661
Y  0.8536  0.4892 -0.1788
Z -0.2224  0.6529  0.7241

PART 64
OFFSET  12.5238 -5.1284 -10.3736
X  0.9753  0.1093  0.1917
Y  0.0402  0.7663 -0.6412
Z -0.2170  0.6331  0.7430

PART 65
OFFSET  11.1720 -5.2799 -10.6394
X  0.4762  0.7349 -0.4828
Y -0.8505  0.2457 -0.4650
Z -0.2232  0.6321  0.7421

PART 66
OFFSET  10.6555 -6.0770 -10.1158
X  0.0847 -0.7114  0.6977
Y -0.9594 -0.2473 -0.1357
Z  0.2691 -0.6579 -0.7034

PART 67
OFFSET  8.4735 -11.6003 -6.0431
X -0.4234 -0.7785  0.4633
Y -0.8319  0.1317 -0.5390
Z  0.3587 -0.6136 -0.7034

PART 68
OFFSET  13.0483 -5.1201 -7.4754
X -0.4135 -0.9030  0.1168
Y  0.7896 -0.2918  0.5398
Z -0.4533  0.3155  0.8336

PART 69
OFFSET  13.7765 -3.5303 -7.6811
X  0.6091 -0.5258  0.5937
Y  0.6209  0.7819  0.0555
Z -0.4934  0.3349  0.8027

PART 70
OFFSET  13.0060 -2.8707 -8.3541
X  0.8870 -0.0052  0.4617
Y  0.1490  0.9497 -0.2755
Z -0.4370  0.3132  0.8432

PART 71
OFFSET  12.0041 -2.8648 -8.8756
X -0.5462 -0.7675  0.3356
Y -0.7351  0.2470 -0.6314
Z  0.4017 -0.5915 -0.6991

PART 72
OFFSET  13.2942 -5.6175 -8.4307
X  0.5877 -0.5316  0.6099
Y  0.7146  0.6946 -0.0831
Z -0.3794  0.4847  0.7881

PART 73
OFFSET  12.1461 -4.5789 -9.6221
X  0.9118  0.3329  0.2406
Y -0.1292  0.7885 -0.6013
Z -0.3899  0.5171  0.7620

PART 74
OFFSET  10.8144 -5.0651 -9.9736
X  0.4053  0.8261 -0.3915
Y -0.8119  0.1284 -0.5695
Z -0.4202  0.5487  0.7228

PART 75
OFFSET  10.3578 -6.0046 -9.5356
X  0.2347 -0.7505  0.6178
Y -0.9111 -0.3914 -0.1294
Z  0.3389 -0.5325 -0.7756

PART 76
OFFSET  0.0000 -0.0000 -0.0000
X  1.0000 -0.0000  0.0000
Y  0.0000  1.0000  0.0000
Z  0.0000 -0.0000  1.0000

PART 77
OFFSET -0.0000 -0.0000 -0.0000
X  1.0000  0.0000 -0.0094
Y -0.0000  1.0000 -0.0031
Z  0.0094  0.0031  1.0000

PART 78
OFFSET  1.5792  0.0127  4.1211
X  1.0000  0.0000 -0.0094
Y -0.0000  1.0000 -0.0031
Z  0.0094  0.0031  1.0000


FRAME 303
PART 0
OFFSET  0.0000 -0.0000 -0.0000
X  1.0000 -0.0000  0.0000
Y  0.0000  1.0000  0.0000
Z  0.0000 -0.0000  1.0000

PART 1
OFFSET -4.6318 -0.0000 -1.3770
X  1.0000 -0.0000  0.0000
Y  0.0000  1.0000  0.0000
Z  0.0000 -0.0000  1.0000

PART 2
OFFSET  1.4047  7.2831 -7.1997
X  0.5260  0.1093 -0.8434
Y  0.0783 -0.9937 -0.0800
Z -0.8469 -0.0240 -0.5312

PART 3
OFFSET  7.7659  8.6053 -17.4001
X  0.7050 -0.4950  0.5079
Y -0.6085 -0.0544  0.7917
Z -0.3643 -0.8672 -0.3396

PART 4
OFFSET  13.7621  4.3949 -13.0804
X  0.7050 -0.4950  0.5079
Y  0.4745  0.8614  0.1810
Z -0.5271  0.1134  0.8422

PART 5
OFFSET  15.8588  5.1916 -12.4653
X  0.7096 -0.4923  0.5041
Y  0.3710  0.8693  0.3267
Z -0.5990 -0.0448  0.7995

PART 6
OFFSET  14.9750  3.3278 -13.8073
X  0.7096 -0.4923  0.5041
Y  0.3710  0.8693  0.3267
Z -0.5990 -0.0448  0.7995

PART 7
OFFSET  14.3642  4.5918 -9.9366
X  0.7096 -0.4923  0.5041
Y  0.3710  0.8693  0.3267
Z -0.5990 -0.0448  0.7995

PART 8
OFFSET  13.8166  2.9335 -10.9926
X  0.7096 -0.4923  0.5041
Y  0.3710  0.8693  0.3267
Z -0.5990 -0.0448  0.7995

PART 9
OFFSET  13.9089  2.6500 -12.1531
X  0.7096 -0.4923  0.5041
Y  0.3710  0.8693  0.3267
Z -0.5990 -0.0448  0.7995

PART 10
OFFSET  15.9233  2.8773 -11.5233
X  0.6750  0.7183  0.1684
Y -0.7356  0.6729  0.0784
Z -0.0570 -0.1768  0.9826

PART 11
OFFSET  15.4937  3.7772 -10.9685
X  0.3934  0.8456  0.3608
Y -0.7971  0.5093 -0.3245
Z -0.4582 -0.1600  0.8743

PART 12
OFFSET  16.2376  5.6438 -10.1736
X  0.7521  0.6370  0.1692
Y -0.6383  0.7679 -0.0538
Z -0.1642 -0.0675  0.9841

PART 13
OFFSET  17.4714  6.6187 -9.7871
X  0.5095  0.8465  0.1543
Y -0.8202  0.5320 -0.2103
Z -0.2601 -0.0194  0.9654

PART 14
OFFSET  17.9966  7.5423 -9.5796
X  0.3742  0.7470 -0.5496
Y  0.1488 -0.6333 -0.7595
Z -0.9153  0.2024 -0.3481

PART 15
OFFSET  17.2707  2.7289 -11.2662
X  0.8416  0.1172  0.5273
Y -0.5127 -0.1339  0.8481
Z  0.1700 -0.9840 -0.0526

PART 16
OFFSET  19.0739  3.1191 -9.9698
X -0.1637  0.0543  0.9850
Y -0.9324 -0.3348 -0.1365
Z  0.3223 -0.9407  0.1054

PART 17
OFFSET  18.8422  3.1959 -8.5752
X -0.8698 -0.2419  0.4301
Y -0.3610 -0.2822 -0.8888
Z  0.3364 -0.9283  0.1582

PART 18
OFFSET  18.0710  2.9814 -8.1939
X -0.9095 -0.3330 -0.2486
Y  0.2659 -0.0067 -0.9640
Z  0.3194 -0.9429  0.0946

PART 19
OFFSET  17.2069  2.6650 -8.4301
X  0.4825  0.3953  0.7816
Y  0.8264  0.0901 -0.5558
Z -0.2901  0.9141 -0.2832

PART 20
OFFSET  16.9382  3.3587 -11.3143
X  0.8680  0.4759  0.1421
Y -0.0385 -0.2208  0.9746
Z  0.4951 -0.8513 -0.1733

PART 21
OFFSET  19.2100  4.3219 -10.4957
X  0.0741  0.0257  0.9969
Y -0.9190 -0.3864  0.0783
Z  0.3872 -0.9220 -0.0051

PART 22
OFFSET  19.3361  4.3656 -8.7984
X -0.7466 -0.3094  0.5889
Y -0.5340 -0.2492 -0.8079
Z  0.3968 -0.9177  0.0208

PART 23
OFFSET  18.3014  3.9367 -7.9822
X -0.9157 -0.4017 -0.0022
Y  0.0090 -0.0151 -0.9998
Z  0.4017 -0.9156  0.0174

PART 24
OFFSET  17.3083  3.5010 -7.9846
X  0.7649  0.2927  0.5738
Y  0.5150  0.2573 -0.8177
Z -0.3870  0.9209  0.0460

PART 25
OFFSET  16.8057  6.0653 -10.3532
X  0.7615  0.4966  0.4165
Y  0.2219  0.4040 -0.8874
Z -0.6089  0.7682  0.1975

PART 26
OFFSET  18.0200  6.2494 -11.1734
X  0.9091  0.2524  0.3313
Y -0.2429 -0.3248  0.9140
Z  0.3383 -0.9115 -0.2340

PART 27
OFFSET  19.6207  6.6939 -10.5900
X  0.7177  0.0576  0.6940
Y -0.6039 -0.4449  0.6614
Z  0.3468 -0.8937 -0.2845

PART 28
OFFSET  20.4721  6.8181 -9.7291
X  0.2607 -0.0147  0.9653
Y -0.8737 -0.4290  0.2294
Z  0.4108 -0.9032 -0.1247

PART 29
OFFSET  20.7665  6.8016 -8.6387
X  0.8194  0.1380 -0.5564
Y -0.5625  0.0063 -0.8268
Z -0.1106  0.9904  0.0828

PART 30
OFFSET  18.7358  5.4112 -11.1001
X  0.6011  0.0888  0.7942
Y -0.7129 -0.3895  0.5831
Z  0.3612 -0.9167 -0.1708

PART 31
OFFSET  19.9101  5.5847 -9.5486
X -0.3423 -0.3057  0.8885
Y -0.8815 -0.2229 -0.4163
Z  0.3253 -0.9257 -0.1932

PART 32
OFFSET  19.4101  5.1381 -8.2508
X -0.8719 -0.3566  0.3356
Y -0.3962  0.1112 -0.9114
Z  0.2876 -0.9276 -0.2383

PART 33
OFFSET  18.4249  4.7277 -7.8718
X  0.9033  0.2617  0.3400
Y  0.2787  0.2446 -0.9287
Z -0.3262  0.9337  0.1480

PART 34
OFFSET  18.0630  4.1928 -9.6117
X  0.4479 -0.8841 -0.1331
Y  0.0570  0.1768 -0.9826
Z  0.8922  0.4326  0.1296

PART 35
OFFSET  12.4328 -2.6455 -7.9268
X  0.6025  0.7765 -0.1843
Y -0.7128  0.4198 -0.5618
Z -0.3589  0.4699  0.8065

PART 36
OFFSET  12.4328 -2.6455 -7.9268
X  0.6025  0.7765 -0.1843
Y -0.7128  0.4198 -0.5618
Z -0.3589  0.4699  0.8065

PART 37
OFFSET  11.2841 -1.4495 -5.6046
X  0.6025  0.7765 -0.1843
Y -0.7128  0.4198 -0.5618
Z -0.3589  0.4699  0.8065

PART 38
OFFSET  12.2437 -0.2447 -5.9219
X  0.6025  0.7765 -0.1843
Y -0.7128  0.4198 -0.5618
Z -0.3589  0.4699  0.8065

PART 39
OFFSET  15.9448  0.5763 -9.9770
X  0.6025  0.7765 -0.1843
Y -0.7128  0.4198 -0.5618
Z -0.3589  0.4699  0.8065

PART 40
OFFSET  14.3956 -1.4967 -9.5589
X  0.6025  0.7765 -0.1843
Y -0.7128  0.4198 -0.5618
Z -0.3589  0.4699  0.8065

PART 41
OFFSET  12.7452 -2.7126 -8.3733
X  0.6025  0.7765 -0.1843
Y -0.7128  0.4198 -0.5618
Z -0.3589  0.4699  0.8065

PART 42
OFFSET  26.2650  12.7807 -11.8401
X -0.6672  0.6168  0.4176
Y -0.4379  0.1287 -0.8898
Z -0.6025 -0.7765  0.1843

PART 43
OFFSET  24.5714  13.7781 -13.1748
X  0.0456  0.1970  0.9793
Y -0.7968  0.5985 -0.0833
Z -0.6025 -0.7765  0.1843

PART 44
OFFSET  16.1975  7.7653 -4.9192
X  0.4089 -0.4020 -0.8193
Y -0.7128  0.4198 -0.5618
Z  0.5698  0.8137 -0.1149

PART 45
OFFSET  8.8370 -1.8787 -2.7865
X -0.6629 -0.1419  0.7351
Y -0.7128  0.4198 -0.5618
Z -0.2289 -0.8965 -0.3794

PART 46
OFFSET -3.5060 -7.9373 -3.1869
X -0.4099  0.0228  0.9118
Y -0.4684 -0.8631 -0.1890
Z  0.7827 -0.5046  0.3645

PART 47
OFFSET  1.4515 -8.2130 -14.2146
X -0.8364 -0.0093 -0.5481
Y  0.5481 -0.0216 -0.8361
Z -0.0040 -0.9997  0.0232

PART 48
OFFSET  8.5653 -8.1336 -9.5531
X -0.8364 -0.0093 -0.5481
Y  0.5480 -0.0357 -0.8357
Z -0.0118 -0.9993  0.0350

PART 49
OFFSET  9.3674 -6.9598 -8.1731
X -0.8396 -0.0065 -0.5431
Y -0.0015  1.0000 -0.0096
Z  0.5432 -0.0073 -0.8396

PART 50
OFFSET  9.1603 -7.5418 -7.1464
X -0.8396 -0.0065 -0.5431
Y -0.0015  1.0000 -0.0096
Z  0.5432 -0.0073 -0.8396

PART 51
OFFSET  9.3564 -8.8697 -7.2414
X -0.8396 -0.0065 -0.5431
Y -0.0015  1.0000 -0.0096
Z  0.5432 -0.0073 -0.8396

PART 52
OFFSET  11.1294 -8.1049 -7.8729
X -0.5721 -0.8107  0.1241
Y  0.3974 -0.4064 -0.8227
Z  0.7175 -0.4214  0.5547

PART 53
OFFSET  10.7087 -7.1751 -7.3626
X  0.4224 -0.8401  0.3404
Y  0.8031  0.1727 -0.5703
Z  0.4204  0.5142  0.7476

PART 54
OFFSET  9.6937 -5.4080 -8.0817
X -0.3891 -0.8114  0.4361
Y  0.8838 -0.4623 -0.0715
Z  0.2596  0.3576  0.8970

PART 55
OFFSET  10.3456 -4.1658 -8.8905
X -0.7980 -0.3151  0.5138
Y  0.4813 -0.8462  0.2287
Z  0.3627  0.4298  0.8269

PART 56
OFFSET  11.1837 -3.8304 -9.4878
X -0.7228 -0.6830 -0.1048
Y  0.0413  0.1087 -0.9932
Z  0.6898 -0.7223 -0.0504

PART 57
OFFSET  11.8941 -7.7689 -8.9710
X -0.6491 -0.5784  0.4941
Y  0.7454 -0.3541  0.5647
Z -0.1517  0.7349  0.6610

PART 58
OFFSET  13.2391 -6.3189 -10.0542
X  0.4197 -0.6614  0.6216
Y  0.8935  0.4215 -0.1549
Z -0.1596  0.6204  0.7679

PART 59
OFFSET  12.6448 -5.3826 -10.9342
X  0.9778 -0.0191  0.2089
Y  0.1356  0.8173 -0.5600
Z -0.1600  0.5759  0.8017

PART 60
OFFSET  11.7779 -5.3656 -11.1194
X  0.6724  0.6334 -0.3830
Y -0.7228  0.4504 -0.5241
Z -0.1594  0.6292  0.7607

PART 61
OFFSET  11.1391 -5.9674 -10.7556
X -0.0375 -0.8582  0.5119
Y -0.9985  0.0120 -0.0531
Z  0.0394 -0.5132 -0.8574

PART 62
OFFSET  11.8560 -7.3794 -8.3741
X -0.6484 -0.6837  0.3349
Y  0.7109 -0.3864  0.5876
Z -0.2723  0.6191  0.7366

PART 63
OFFSET  13.5951 -5.7055 -9.3396
X  0.4791 -0.6055  0.6355
Y  0.8496  0.5018 -0.1623
Z -0.2206  0.6177  0.7548

PART 64
OFFSET  12.7795 -4.6746 -10.4216
X  0.9761  0.1060  0.1895
Y  0.0312  0.7951 -0.6057
Z -0.2149  0.5972  0.7728

PART 65
OFFSET  11.4266 -4.8216 -10.6843
X  0.4686  0.7590 -0.4520
Y -0.8553  0.2618 -0.4471
Z -0.2210  0.5961  0.7719

PART 66
OFFSET  10.9184 -5.6447 -10.1940
X  0.0938 -0.7421  0.6637
Y -0.9590 -0.2464 -0.1400
Z  0.2674 -0.6234 -0.7348

PART 67
OFFSET  8.7968 -11.3614 -6.3633
X -0.4157 -0.8014  0.4301
Y -0.8366  0.1514 -0.5264
Z  0.3567 -0.5787 -0.7334

PART 68
OFFSET  13.3256 -4.7960 -7.5299
X -0.4077 -0.9097  0.0783
Y  0.7952 -0.3117  0.5202
Z -0.4488  0.2743  0.8505

PART 69
OFFSET  14.0435 -3.1943 -7.6677
X  0.6163 -0.5489  0.5646
Y  0.6171  0.7821  0.0868
Z -0.4892  0.2949  0.8208

PART 70
OFFSET  13.2645 -2.5090 -8.3042
X  0.8905 -0.0212  0.4546
Y  0.1418  0.9622 -0.2327
Z -0.4324  0.2717  0.8598

PART 71
OFFSET  12.2587 -2.4850 -8.8177
X -0.5395 -0.7852  0.3039
Y -0.7411  0.2715 -0.6141
Z  0.3997 -0.5565 -0.7284

PART 72
OFFSET  13.5670 -5.2478 -8.5087
X  0.5951 -0.5556  0.5806
Y  0.7102  0.7017 -0.0563
Z -0.3762  0.4459  0.8122

PART 73
OFFSET  12.4045 -4.1623 -9.6430
X  0.9117  0.3268  0.2490
Y -0.1380  0.8145 -0.5635
Z -0.3870  0.4794  0.7877

PART 74
OFFSET  11.0728 -4.6396 -10.0068
X  0.3979  0.8455 -0.3562
Y -0.8168  0.1497 -0.5571
Z -0.4178  0.5126  0.7502

PART 75
OFFSET  10.6246 -5.6007 -9.6091
X  0.2433 -0.7767  0.5810
Y -0.9099 -0.3903 -0.1406
Z  0.3360 -0.4944 -0.8017

PART 76
OFFSET  0.0000 -0.0000 -0.0000
X  1.0000 -0.0000  0.0000
Y  0.0000  1.0000  0.0000
Z  0.0000 -0.0000  1.0000

PART 77
OFFSET -0.0000 -0.0000 -0.0000
X  0.9998 -0.0000 -0.0194
Y -0.0001  1.0000 -0.0064
Z  0.0194  0.0064  0.9998

PART 78
OFFSET  1.6205  0.0266  4.1050
X  0.9998 -0.0000 -0.0194
Y -0.0001  1.0000 -0.0064
Z  0.0194  0.0064  0.9998


FRAME 304
PART 0
OFFSET  0.0000 -0.0000 -0.0000
X  1.0000 -0.0000  0.0000
Y  0.0000  1.0000  0.0000
Z  0.0000 -0.0000  1.0000

