// Export filename: `C:\projects\cod\t5\xanim_export\t5_viewmodels\l96a1\l96a1_ads_rechamber.XANIM_EXPORT`
// Source filename: `D:\projects\devanim\t5\animation_assets\viewmodels\l96a1\ViewModel_l96a1_animated.fbx`
// Export time: Sun Aug 29 21:44:23 2010

ANIMATION
VERSION 3

NUMPARTS 79
PART 0 "tag_ads"
PART 1 "tag_torso"
PART 2 "J_Shoulder_LE"
PART 3 "J_Elbow_LE"
PART 4 "J_WristTwist_LE"
PART 5 "J_Sleave_Reshape_Bottom_LE_1"
PART 6 "J_Sleave_Reshape_Bottom_LE_2"
PART 7 "J_Sleave_Reshape_Top_LE_1"
PART 8 "J_Sleave_Reshape_Top_LE_2"
PART 9 "J_Sleave_Reshape_Top_LE_3"
PART 10 "J_Wrist_LE"
PART 11 "J_Thumb_LE_0"
PART 12 "J_Thumb_LE_1"
PART 13 "J_Thumb_LE_2"
PART 14 "J_Thumb_LE_3"
PART 15 "J_PinkyPalm_LE"
PART 16 "J_Pinky_LE_0"
PART 17 "J_Pinky_LE_1"
PART 18 "J_Pinky_LE_2"
PART 19 "J_Pinky_LE_3"
PART 20 "J_RingPalm_LE"
PART 21 "J_Ring_LE_0"
PART 22 "J_Ring_LE_1"
PART 23 "J_Ring_LE_2"
PART 24 "J_Ring_LE_3"
PART 25 "J_Webbing_LE"
PART 26 "J_Index_LE_0"
PART 27 "J_Index_LE_1"
PART 28 "J_Index_LE_2"
PART 29 "J_Index_LE_3"
PART 30 "J_Mid_LE_0"
PART 31 "J_Mid_LE_1"
PART 32 "J_Mid_LE_2"
PART 33 "J_Mid_LE_3"
PART 34 "tag_knife_attach"
PART 35 "tag_weapon"
PART 36 "J_Gun"
PART 37 "tag_bolt"
PART 38 "tag_bolt_handle"
PART 39 "tag_clip"
PART 40 "tag_clip_release"
PART 41 "tag_trigger"
PART 42 "tag_bipod_right"
PART 43 "tag_bipod_left"
PART 44 "tag_backlip"
PART 45 "tag_frontlip"
PART 46 "J_Shoulder_RI"
PART 47 "J_Elbow_RI"
PART 48 "J_WristTwist_RI"
PART 49 "J_Sleave_Reshape_Top_RI_3"
PART 50 "J_Sleave_Reshape_Top_RI_2"
PART 51 "J_Sleave_Reshape_Top_RI_1"
PART 52 "J_Wrist_RI"
PART 53 "J_Thumb_RI_0"
PART 54 "J_Thumb_RI_1"
PART 55 "J_Thumb_RI_2"
PART 56 "J_Thumb_RI_3"
PART 57 "J_PinkyPalm_RI"
PART 58 "J_Pinky_RI_0"
PART 59 "J_Pinky_RI_1"
PART 60 "J_Pinky_RI_2"
PART 61 "J_Pinky_RI_3"
PART 62 "J_RingPalm_RI"
PART 63 "J_Ring_RI_0"
PART 64 "J_Ring_RI_1"
PART 65 "J_Ring_RI_2"
PART 66 "J_Ring_RI_3"
PART 67 "J_Webbing_RI"
PART 68 "J_Index_RI_0"
PART 69 "J_Index_RI_1"
PART 70 "J_Index_RI_2"
PART 71 "J_Index_RI_3"
PART 72 "J_Mid_RI_0"
PART 73 "J_Mid_RI_1"
PART 74 "J_Mid_RI_2"
PART 75 "J_Mid_RI_3"
PART 76 "tag_cambone"
PART 77 "tag_camera"
PART 78 "tag_gasmask"

FRAMERATE 30
NUMFRAMES 36

FRAME 1750
PART 0
OFFSET  0.0000 -0.0000 -0.0000
X  1.0000 -0.0000  0.0000
Y  0.0000  1.0000  0.0000
Z  0.0000 -0.0000  1.0000

PART 1
OFFSET -4.6318 -0.0000 -1.3770
X  1.0000 -0.0000  0.0000
Y  0.0000  1.0000  0.0000
Z  0.0000 -0.0000  1.0000

PART 2
OFFSET -1.2815  5.8385 -7.1997
X  0.8967 -0.1569 -0.4139
Y -0.1833 -0.9828 -0.0246
Z -0.4029  0.0979 -0.9100

PART 3
OFFSET  9.5629  3.9414 -12.2057
X  0.7258 -0.5678  0.3884
Y -0.5844 -0.2110  0.7836
Z -0.3630 -0.7956 -0.4850

PART 4
OFFSET  15.7358 -0.8884 -8.9025
X  0.7258 -0.5678  0.3884
Y  0.1861  0.7055  0.6838
Z -0.6623 -0.4240  0.6178

PART 5
OFFSET  17.8393 -0.1820 -8.2057
X  0.7302 -0.5644  0.3850
Y  0.3693  0.8002  0.4726
Z -0.5748 -0.2029  0.7928

PART 6
OFFSET  16.9404 -1.7805 -9.8467
X  0.7302 -0.5644  0.3850
Y  0.3693  0.8002  0.4726
Z -0.5748 -0.2029  0.7928

PART 7
OFFSET  16.4270 -1.2666 -5.7938
X  0.7302 -0.5644  0.3850
Y  0.3693  0.8002  0.4726
Z -0.5748 -0.2029  0.7928

PART 8
OFFSET  15.8699 -2.7100 -7.1246
X  0.7302 -0.5644  0.3850
Y  0.3693  0.8002  0.4726
Z -0.5748 -0.2029  0.7928

PART 9
OFFSET  15.9318 -2.7719 -8.3196
X  0.7302 -0.5644  0.3850
Y  0.3693  0.8002  0.4726
Z -0.5748 -0.2029  0.7928

PART 10
OFFSET  17.9607 -2.6293 -7.7119
X  0.9335 -0.2742  0.2310
Y  0.0648  0.7628  0.6433
Z -0.3527 -0.5856  0.7299

PART 11
OFFSET  18.2984 -2.2569 -6.6874
X  0.8272 -0.1281  0.5471
Y -0.0250  0.9643  0.2636
Z -0.5614 -0.2317  0.7944

PART 12
OFFSET  20.0497 -2.4501 -5.4362
X  0.9166 -0.3638  0.1658
Y  0.2216  0.8076  0.5465
Z -0.3327 -0.4642  0.8209

PART 13
OFFSET  21.4789 -3.1374 -5.1092
X  0.9359 -0.0945  0.3393
Y -0.0423  0.9262  0.3747
Z -0.3497 -0.3651  0.8628

PART 14
OFFSET  22.4743 -3.2406 -4.6965
X  0.9068  0.3556 -0.2265
Y -0.2622  0.0547 -0.9635
Z -0.3302  0.9330  0.1429

PART 15
OFFSET  18.6100 -3.7964 -8.0578
X  0.5009 -0.8469  0.1783
Y -0.5692 -0.1672  0.8051
Z -0.6520 -0.5047 -0.5658

PART 16
OFFSET  19.7606 -5.6463 -7.4761
X -0.2380 -0.4139  0.8787
Y -0.7966  0.6008  0.0672
Z -0.5557 -0.6839 -0.4727

PART 17
OFFSET  19.4237 -6.2324 -6.2321
X -0.7912  0.2769  0.5454
Y -0.2729  0.6382 -0.7199
Z -0.5473 -0.7184 -0.4294

PART 18
OFFSET  18.7222 -5.9869 -5.7485
X -0.7608  0.6482 -0.0306
Y  0.3327  0.3492 -0.8760
Z -0.5572 -0.6767 -0.4813

PART 19
OFFSET  17.9994 -5.3711 -5.7776
X  0.4537 -0.6171  0.6429
Y  0.6704 -0.2390 -0.7025
Z  0.5872  0.7497  0.3052

PART 20
OFFSET  18.9076 -3.2680 -7.6813
X  0.8663 -0.4987  0.0267
Y -0.3742 -0.6128  0.6961
Z -0.3308 -0.6130 -0.7175

PART 21
OFFSET  20.8735 -4.9429 -7.3839
X -0.1191 -0.6021  0.7895
Y -0.8682  0.4489  0.2114
Z -0.4817 -0.6602 -0.5762

PART 22
OFFSET  20.6707 -5.9680 -6.0398
X -0.7987  0.0714  0.5975
Y -0.3664  0.7299 -0.5770
Z -0.4774 -0.6798 -0.5568

PART 23
OFFSET  19.5638 -5.8691 -5.2117
X -0.8633  0.4854  0.1381
Y  0.1780  0.5489 -0.8167
Z -0.4722 -0.6805 -0.5603

PART 24
OFFSET  18.6275 -5.3426 -5.0619
X  0.5824 -0.7447  0.3258
Y  0.6607  0.2003 -0.7234
Z  0.4735  0.6366  0.6087

PART 25
OFFSET  20.7524 -2.5772 -5.5870
X  0.7677 -0.5684  0.2959
Y  0.6109  0.5100 -0.6055
Z  0.1932  0.6457  0.7388

PART 26
OFFSET  21.7782 -2.9047 -6.5977
X  0.6827 -0.7282  0.0595
Y -0.5670 -0.4767  0.6717
Z -0.4608 -0.4924 -0.7384

PART 27
OFFSET  22.9802 -4.1869 -6.4928
X  0.3493 -0.8773  0.3292
Y -0.8312 -0.1279  0.5411
Z -0.4326 -0.4626 -0.7739

PART 28
OFFSET  23.4311 -5.2253 -6.0457
X -0.0322 -0.7343  0.6781
Y -0.9019  0.3138  0.2970
Z -0.4308 -0.6020 -0.6723

PART 29
OFFSET  23.3948 -6.0547 -5.2798
X  0.7034 -0.2135 -0.6779
Y -0.1817  0.8681 -0.4619
Z  0.6872  0.4481  0.5718

PART 30
OFFSET  21.5450 -3.8081 -7.1893
X  0.2848 -0.8374  0.4665
Y -0.8395  0.0170  0.5431
Z -0.4627 -0.5463 -0.6981

PART 31
OFFSET  22.1014 -5.4440 -6.2780
X -0.6074 -0.3835  0.6958
Y -0.6275  0.7687 -0.1241
Z -0.4872 -0.5120 -0.7075

PART 32
OFFSET  21.2143 -6.0041 -5.2617
X -0.8641  0.2833  0.4160
Y  0.0156  0.8412 -0.5406
Z -0.5031 -0.4606 -0.7312

PART 33
OFFSET  20.2321 -5.6870 -4.7953
X  0.6848 -0.7251  0.0730
Y  0.5290  0.4257 -0.7341
Z  0.5012  0.5413  0.6751

PART 34
OFFSET  19.9193 -4.6761 -6.3200
X -0.3921 -0.6157 -0.6835
Y  0.3527  0.5856 -0.7299
Z  0.8496 -0.5272 -0.0125

PART 35
OFFSET  10.9063 -4.4801 -6.1535
X  1.0000 -0.0000  0.0000
Y  0.0000  1.0000  0.0000
Z  0.0000 -0.0000  1.0000

PART 36
OFFSET  10.9063 -4.4801 -6.1535
X  1.0000 -0.0000  0.0000
Y  0.0000  1.0000  0.0000
Z  0.0000 -0.0000  1.0000

PART 37
OFFSET  10.7149 -4.4638 -3.3065
X  1.0000 -0.0000  0.0000
Y  0.0000  1.0000  0.0000
Z  0.0000 -0.0000  1.0000

PART 38
OFFSET  12.2872 -4.4638 -3.3407
X  1.0000 -0.0000  0.0000
Y  0.0000  1.0000  0.0000
Z  0.0000 -0.0000  1.0000

PART 39
OFFSET  15.9020 -4.4794 -7.5536
X  1.0000 -0.0000  0.0000
Y  0.0000  1.0000  0.0000
Z  0.0000 -0.0000  1.0000

PART 40
OFFSET  13.2818 -4.4801 -7.6345
X  1.0000 -0.0000  0.0000
Y  0.0000  1.0000  0.0000
Z  0.0000 -0.0000  1.0000

PART 41
OFFSET  11.1247 -4.4801 -6.6572
X  1.0000 -0.0000  0.0000
Y  0.0000  1.0000  0.0000
Z  0.0000 -0.0000  1.0000

PART 42
OFFSET  31.9407 -5.6656 -7.0257
X -0.0000  0.5000  0.8660
Y  0.0000  0.8660 -0.5000
Z -1.0000  0.0000 -0.0000

PART 43
OFFSET  31.9407 -3.2898 -7.0257
X -0.0000 -0.5000  0.8660
Y  0.0000  0.8660  0.5000
Z -1.0000  0.0000 -0.0000

PART 44
OFFSET  20.7047 -4.4827 -0.1874
X -0.2300 -0.0000 -0.9732
Y -0.0000  1.0000  0.0000
Z  0.9732  0.0000 -0.2300

PART 45
OFFSET  8.3880 -4.4827 -0.3571
X -0.3786 -0.0000  0.9255
Y -0.0000  1.0000 -0.0000
Z -0.9255 -0.0000 -0.3786

PART 46
OFFSET -12.6474 -7.9373 -0.9076
X -0.6048 -0.0292  0.7959
Y -0.2822 -0.9266 -0.2484
Z  0.7447 -0.3748  0.5522

PART 47
OFFSET -5.3335 -7.5844 -10.5328
X -0.9684 -0.1479 -0.2010
Y  0.2086 -0.0381 -0.9773
Z  0.1369 -0.9883  0.0678

PART 48
OFFSET  2.9029 -6.3267 -8.8235
X -0.9684 -0.1479 -0.2010
Y  0.2067 -0.0243 -0.9781
Z  0.1398 -0.9887  0.0541

PART 49
OFFSET  3.9846 -4.9545 -7.8894
X -0.9700 -0.1449 -0.1953
Y -0.1371  0.9891 -0.0531
Z  0.2009 -0.0248 -0.9793

PART 50
OFFSET  4.2394 -5.4605 -6.8335
X -0.9700 -0.1449 -0.1953
Y -0.1371  0.9891 -0.0531
Z  0.2009 -0.0248 -0.9793

PART 51
OFFSET  4.5620 -6.7631 -6.9345
X -0.9700 -0.1449 -0.1953
Y -0.1371  0.9891 -0.0531
Z  0.2009 -0.0248 -0.9793

PART 52
OFFSET  5.8716 -5.8733 -8.2074
X -0.9971 -0.0023 -0.0755
Y  0.0755  0.0083 -0.9971
Z  0.0029 -1.0000 -0.0081

PART 53
OFFSET  6.2461 -5.4697 -7.2079
X -0.4606 -0.8450 -0.2718
Y  0.7231 -0.1796 -0.6670
Z  0.5148 -0.5037  0.6937

PART 54
OFFSET  7.1392 -3.6004 -6.5934
X -0.9449 -0.3083  0.1101
Y  0.1868 -0.7840 -0.5920
Z  0.2688 -0.5389  0.7983

PART 55
OFFSET  8.6457 -3.0891 -6.8960
X -0.8201  0.1479  0.5527
Y -0.4092 -0.8269 -0.3859
Z  0.3999 -0.5426  0.7387

PART 56
OFFSET  9.5212 -3.2102 -7.5209
X -0.9466  0.2874 -0.1460
Y  0.2923  0.5742 -0.7648
Z -0.1359 -0.7666 -0.6275

PART 57
OFFSET  6.7956 -5.6604 -9.2096
X -0.9313 -0.0577  0.3597
Y  0.0701 -0.9973  0.0216
Z  0.3575  0.0453  0.9328

PART 58
OFFSET  8.9316 -5.4019 -9.8846
X -0.3752 -0.9261  0.0400
Y  0.8942 -0.3730 -0.2475
Z  0.2441 -0.0571  0.9681

PART 59
OFFSET  9.4628 -4.0908 -9.9411
X  0.5358 -0.8223 -0.1914
Y  0.8196  0.5611 -0.1163
Z  0.2030 -0.0946  0.9746

PART 60
OFFSET  8.9877 -3.3617 -9.7714
X  0.9676  0.0017 -0.2526
Y  0.0108  0.9988  0.0484
Z  0.2524 -0.0495  0.9664

PART 61
OFFSET  8.0685 -3.3634 -9.5314
X -0.7834 -0.6211  0.0231
Y -0.5826  0.7466  0.3212
Z -0.2168  0.2381 -0.9467

PART 62
OFFSET  6.9652 -5.8051 -8.5314
X -0.9833 -0.0129  0.1816
Y  0.0200 -0.9991  0.0372
Z  0.1809  0.0402  0.9827

PART 63
OFFSET  9.4908 -5.7996 -9.1478
X -0.2986 -0.9527  0.0561
Y  0.9315 -0.3038 -0.2001
Z  0.2077 -0.0075  0.9782

PART 64
OFFSET  9.9992 -4.1776 -9.2433
X  0.6356 -0.7578 -0.1476
Y  0.7478  0.6518 -0.1261
Z  0.1918 -0.0302  0.9810

PART 65
OFFSET  9.1184 -3.1274 -9.0387
X  0.9550  0.2385 -0.1761
Y -0.2297  0.9708  0.0693
Z  0.1875 -0.0258  0.9819

PART 66
OFFSET  8.0826 -3.3861 -8.8477
X -0.6420 -0.7512  0.1530
Y -0.7434  0.6588  0.1155
Z -0.1875 -0.0396 -0.9815

PART 67
OFFSET  1.6593 -6.4257 -7.6829
X -0.9520 -0.2818  0.1195
Y -0.2895  0.9557 -0.0532
Z -0.0993 -0.0852 -0.9914

PART 68
OFFSET  9.7012 -6.2424 -7.1642
X -0.9665 -0.1352 -0.2180
Y  0.1413 -0.9899 -0.0123
Z -0.2141 -0.0427  0.9759

PART 69
OFFSET  11.4029 -6.0043 -6.7804
X -0.1589 -0.9870 -0.0238
Y  0.9631 -0.1603  0.2160
Z -0.2170  0.0115  0.9761

PART 70
OFFSET  11.5829 -4.8037 -6.6922
X  0.4363 -0.8990  0.0371
Y  0.8754  0.4336  0.2135
Z -0.2080 -0.0607  0.9762

PART 71
OFFSET  11.0901 -3.7882 -6.7341
X -0.9908 -0.1158  0.0698
Y -0.1226  0.9872 -0.1017
Z -0.0571 -0.1094 -0.9924

PART 72
OFFSET  9.6762 -6.0543 -8.2525
X -0.1799 -0.9837 -0.0063
Y  0.9832 -0.1800  0.0294
Z -0.0301 -0.0009  0.9995

PART 73
OFFSET  10.0276 -4.1326 -8.2401
X  0.7572 -0.6526  0.0272
Y  0.6532  0.7569 -0.0223
Z -0.0060  0.0346  0.9994

PART 74
OFFSET  8.9216 -3.1794 -8.2799
X  0.9619  0.2714 -0.0328
Y -0.2733  0.9581 -0.0859
Z  0.0081  0.0916  0.9958

PART 75
OFFSET  7.8320 -3.4868 -8.2498
X -0.5635 -0.8259  0.0163
Y -0.8254  0.5638  0.0297
Z -0.0338  0.0033 -0.9994

PART 76
OFFSET  0.0000 -0.0000 -0.0000
X  1.0000 -0.0000  0.0000
Y  0.0000  1.0000  0.0000
Z  0.0000 -0.0000  1.0000

PART 77
OFFSET  0.0000 -0.0000 -0.0000
X  1.0000 -0.0000  0.0000
Y  0.0000  1.0000  0.0000
Z  0.0000 -0.0000  1.0000

PART 78
OFFSET  1.5404 -0.0000  4.1357
X  1.0000 -0.0000  0.0000
Y  0.0000  1.0000  0.0000
Z  0.0000 -0.0000  1.0000


FRAME 1751
PART 0
OFFSET  0.0000 -0.0000 -0.0000
X  1.0000 -0.0000  0.0000
Y  0.0000  1.0000  0.0000
Z  0.0000 -0.0000  1.0000

PART 1
OFFSET -4.6318 -0.0000 -1.3770
X  1.0000 -0.0000  0.0000
Y  0.0000  1.0000  0.0000
Z  0.0000 -0.0000  1.0000

PART 2
OFFSET -1.2815  5.8385 -7.1997
X  0.8964 -0.1563 -0.4147
Y -0.1829 -0.9828 -0.0249
Z -0.4037  0.0982 -0.9096

PART 3
OFFSET  9.5599  3.9479 -12.2148
X  0.7257 -0.5680  0.3884
Y -0.5845 -0.2110  0.7835
Z -0.3631 -0.7955 -0.4851

PART 4
OFFSET  15.7319 -0.8829 -8.9116
X  0.7257 -0.5680  0.3884
Y  0.1869  0.7059  0.6832
Z -0.6622 -0.4232  0.6184

PART 5
OFFSET  17.8354 -0.1768 -8.2146
X  0.7301 -0.5645  0.3850
Y  0.3694  0.8001  0.4727
Z -0.5749 -0.2029  0.7927

PART 6
OFFSET  16.9365 -1.7750 -9.8558
X  0.7301 -0.5645  0.3850
Y  0.3694  0.8001  0.4727
Z -0.5749 -0.2029  0.7927

PART 7
OFFSET  16.4229 -1.2615 -5.8029
X  0.7301 -0.5645  0.3850
Y  0.3694  0.8001  0.4727
Z -0.5749 -0.2029  0.7927

PART 8
OFFSET  15.8657 -2.7047 -7.1338
X  0.7301 -0.5645  0.3850
Y  0.3694  0.8001  0.4727
Z -0.5749 -0.2029  0.7927

PART 9
OFFSET  15.9276 -2.7665 -8.3288
X  0.7301 -0.5645  0.3850
Y  0.3694  0.8001  0.4727
Z -0.5749 -0.2029  0.7927

PART 10
OFFSET  17.9566 -2.6241 -7.7210
X  0.9340 -0.2744  0.2290
Y  0.0664  0.7628  0.6432
Z -0.3512 -0.5855  0.7306

PART 11
OFFSET  18.2966 -2.2518 -6.6973
X  0.8283 -0.1283  0.5453
Y -0.0242  0.9643  0.2637
Z -0.5597 -0.2316  0.7957

PART 12
OFFSET  20.0505 -2.4453 -5.4499
X  0.9169 -0.3639  0.1638
Y  0.2230  0.8076  0.5460
Z -0.3310 -0.4641  0.8216

PART 13
OFFSET  21.4804 -3.1330 -5.1260
X  0.9366 -0.0947  0.3372
Y -0.0413  0.9262  0.3748
Z -0.3478 -0.3650  0.8636

PART 14
OFFSET  22.4766 -3.2363 -4.7154
X  0.9063  0.3554 -0.2285
Y -0.2643  0.0548 -0.9629
Z -0.3297  0.9331  0.1436

PART 15
OFFSET  18.6048 -3.7914 -8.0683
X  0.5012 -0.8470  0.1772
Y -0.5674 -0.1670  0.8063
Z -0.6534 -0.5046 -0.5643

PART 16
OFFSET  19.7564 -5.6416 -7.4891
X -0.2361 -0.4139  0.8792
Y -0.7963  0.6009  0.0690
Z -0.5568 -0.6838 -0.4715

PART 17
OFFSET  19.4221 -6.2275 -6.2444
X -0.7899  0.2770  0.5471
Y -0.2744  0.6382 -0.7193
Z -0.5484 -0.7183 -0.4282

PART 18
OFFSET  18.7217 -5.9819 -5.7593
X -0.7608  0.6484 -0.0289
Y  0.3308  0.3491 -0.8767
Z -0.5583 -0.6766 -0.4801

PART 19
OFFSET  17.9990 -5.3660 -5.7868
X  0.4550 -0.6172  0.6419
Y  0.6688 -0.2392 -0.7040
Z  0.5880  0.7496  0.3040

PART 20
OFFSET  18.9034 -3.2631 -7.6925
X  0.8663 -0.4989  0.0248
Y -0.3728 -0.6127  0.6969
Z -0.3325 -0.6129 -0.7168

PART 21
OFFSET  20.8696 -4.9383 -7.3993
X -0.1175 -0.6021  0.7897
Y -0.8677  0.4491  0.2133
Z -0.4831 -0.6602 -0.5752

PART 22
OFFSET  20.6696 -5.9634 -6.0548
X -0.7973  0.0716  0.5993
Y -0.3675  0.7300 -0.5762
Z -0.4787 -0.6797 -0.5558

PART 23
OFFSET  19.5645 -5.8642 -5.2242
X -0.8629  0.4855  0.1400
Y  0.1763  0.5489 -0.8171
Z -0.4736 -0.6804 -0.5593

PART 24
OFFSET  18.6286 -5.3377 -5.0724
X  0.5830 -0.7448  0.3246
Y  0.6592  0.2001 -0.7248
Z  0.4749  0.6365  0.6077

PART 25
OFFSET  20.7529 -2.5726 -5.6022
X  0.7683 -0.5685  0.2942
Y  0.6097  0.5099 -0.6069
Z  0.1950  0.6456  0.7383

PART 26
OFFSET  21.7764 -2.9003 -6.6151
X  0.6827 -0.7284  0.0581
Y -0.5657 -0.4766  0.6730
Z -0.4625 -0.4923 -0.7374

PART 27
OFFSET  22.9784 -4.1827 -6.5129
X  0.3498 -0.8774  0.3284
Y -0.8300 -0.1277  0.5429
Z -0.4344 -0.4625 -0.7729

PART 28
OFFSET  23.4301 -5.2212 -6.0667
X -0.0308 -0.7343  0.6781
Y -0.9011  0.3139  0.2990
Z -0.4324 -0.6019 -0.6714

PART 29
OFFSET  23.3953 -6.0506 -5.3007
X  0.7019 -0.2137 -0.6795
Y -0.1825  0.8681 -0.4615
Z  0.6885  0.4480  0.5703

PART 30
OFFSET  21.5418 -3.8036 -7.2063
X  0.2857 -0.8374  0.4659
Y -0.8383  0.0172  0.5450
Z -0.4644 -0.5463 -0.6971

PART 31
OFFSET  22.0999 -5.4396 -6.2961
X -0.6059 -0.3833  0.6971
Y -0.6276  0.7688 -0.1228
Z -0.4888 -0.5119 -0.7064

PART 32
OFFSET  21.2149 -5.9995 -5.2779
X -0.8631  0.2835  0.4179
Y  0.0145  0.8412 -0.5406
Z -0.5048 -0.4605 -0.7301

PART 33
OFFSET  20.2337 -5.6823 -4.8094
X  0.6848 -0.7252  0.0715
Y  0.5275  0.4256 -0.7353
Z  0.5028  0.5412  0.6740

PART 34
OFFSET  19.9178 -4.6714 -6.3333
X -0.3937 -0.6157 -0.6826
Y  0.3512  0.5855 -0.7306
Z  0.8495 -0.5274 -0.0143

PART 35
OFFSET  10.9052 -4.4738 -6.1472
X  1.0000 -0.0002 -0.0022
Y  0.0002  1.0000 -0.0000
Z  0.0022 -0.0000  1.0000

PART 36
OFFSET  10.9052 -4.4738 -6.1472
X  1.0000 -0.0002 -0.0022
Y  0.0002  1.0000 -0.0000
Z  0.0022 -0.0000  1.0000

PART 37
OFFSET  10.7201 -4.4574 -3.2997
X  1.0000 -0.0002 -0.0022
Y  0.0002  1.0000 -0.0000
Z  0.0022 -0.0000  1.0000

PART 38
OFFSET  12.2923 -4.4577 -3.3374
X  1.0000 -0.0002 -0.0022
Y  0.0002  1.0000 -0.0000
Z  0.0022 -0.0000  1.0000

PART 39
OFFSET  15.8979 -4.4739 -7.5582
X  1.0000 -0.0002 -0.0022
Y  0.0002  1.0000 -0.0000
Z  0.0022 -0.0000  1.0000

PART 40
OFFSET  13.2775 -4.4742 -7.6333
X  1.0000 -0.0002 -0.0022
Y  0.0002  1.0000 -0.0000
Z  0.0022 -0.0000  1.0000

PART 41
OFFSET  11.1225 -4.4738 -6.6513
X  1.0000 -0.0002 -0.0022
Y  0.0002  1.0000 -0.0000
Z  0.0022 -0.0000  1.0000

PART 42
OFFSET  31.9374 -5.6630 -7.0653
X  0.0019  0.5000  0.8660
Y -0.0009  0.8660 -0.5000
Z -1.0000  0.0001  0.0021

PART 43
OFFSET  31.9379 -3.2872 -7.0653
X  0.0017 -0.5000  0.8660
Y  0.0013  0.8660  0.5000
Z -1.0000  0.0002  0.0021

PART 44
OFFSET  20.7167 -4.4781 -0.2025
X -0.2314  0.0000 -0.9729
Y  0.0002  1.0000 -0.0000
Z  0.9729 -0.0002 -0.2314

PART 45
OFFSET  8.3996 -4.4759 -0.3452
X -0.3775  0.0001  0.9260
Y  0.0002  1.0000  0.0000
Z -0.9260  0.0002 -0.3775

PART 46
OFFSET -12.6023 -7.9373 -1.0006
X -0.6029 -0.0289  0.7973
Y -0.2825 -0.9268 -0.2473
Z  0.7461 -0.3744  0.5506

PART 47
OFFSET -5.3112 -7.5873 -10.6432
X -0.9655 -0.1488 -0.2136
Y  0.2212 -0.0363 -0.9746
Z  0.1372 -0.9882  0.0679

PART 48
OFFSET  2.9010 -6.3219 -8.8264
X -0.9655 -0.1488 -0.2136
Y  0.2199 -0.0267 -0.9752
Z  0.1394 -0.9885  0.0585

PART 49
OFFSET  3.9689 -4.9499 -7.8763
X -0.9672 -0.1458 -0.2080
Y -0.1377  0.9890 -0.0533
Z  0.2135 -0.0229 -0.9767

PART 50
OFFSET  4.2107 -5.4573 -6.8180
X -0.9672 -0.1458 -0.2080
Y -0.1377  0.9890 -0.0533
Z  0.2135 -0.0229 -0.9767

PART 51
OFFSET  4.5363 -6.7593 -6.9170
X -0.9672 -0.1458 -0.2080
Y -0.1377  0.9890 -0.0533
Z  0.2135 -0.0229 -0.9767

PART 52
OFFSET  5.8610 -5.8658 -8.1716
X -0.9974 -0.0021 -0.0714
Y  0.0714  0.0059 -0.9974
Z  0.0025 -1.0000 -0.0057

PART 53
OFFSET  6.2397 -5.4599 -7.1746
X -0.4619 -0.8455 -0.2679
Y  0.7203 -0.1814 -0.6695
Z  0.5175 -0.5022  0.6928

PART 54
OFFSET  7.1358 -3.5894 -6.5683
X -0.9445 -0.3077  0.1147
Y  0.1841 -0.7855 -0.5909
Z  0.2719 -0.5370  0.7986

PART 55
OFFSET  8.6412 -3.0794 -6.8782
X -0.8178  0.1496  0.5557
Y -0.4110 -0.8276 -0.3822
Z  0.4027 -0.5410  0.7384

PART 56
OFFSET  9.5142 -3.2023 -7.5063
X -0.9471  0.2873 -0.1429
Y  0.2893  0.5722 -0.7674
Z -0.1387 -0.7681 -0.6251

PART 57
OFFSET  6.7810 -5.6557 -9.1780
X -0.9298 -0.0565  0.3636
Y  0.0699 -0.9973  0.0237
Z  0.3613  0.0474  0.9312

PART 58
OFFSET  8.9142 -5.3995 -9.8623
X -0.3753 -0.9259  0.0437
Y  0.8931 -0.3739 -0.2503
Z  0.2481 -0.0549  0.9672

PART 59
OFFSET  9.4457 -4.0887 -9.9242
X  0.5348 -0.8230 -0.1916
Y  0.8193  0.5605 -0.1210
Z  0.2069 -0.0923  0.9740

PART 60
OFFSET  8.9715 -3.3590 -9.7543
X  0.9665  0.0008 -0.2566
Y  0.0114  0.9989  0.0459
Z  0.2563 -0.0473  0.9654

PART 61
OFFSET  8.0532 -3.3598 -9.5106
X -0.7835 -0.6208  0.0278
Y -0.5810  0.7476  0.3217
Z -0.2205  0.2359 -0.9464

PART 62
OFFSET  6.9532 -5.7987 -8.5002
X -0.9826 -0.0121  0.1856
Y  0.0198 -0.9990  0.0396
Z  0.1849  0.0425  0.9818

PART 63
OFFSET  9.4763 -5.7956 -9.1269
X -0.2987 -0.9525  0.0596
Y  0.9306 -0.3046 -0.2031
Z  0.2116 -0.0052  0.9773

PART 64
OFFSET  9.9849 -4.1740 -9.2284
X  0.6347 -0.7583 -0.1484
Y  0.7475  0.6512 -0.1307
Z  0.1958 -0.0279  0.9803

PART 65
OFFSET  9.1052 -3.1229 -9.0227
X  0.9544  0.2378 -0.1806
Y -0.2291  0.9710  0.0679
Z  0.1915 -0.0235  0.9812

PART 66
OFFSET  8.0701 -3.3808 -8.8269
X -0.6417 -0.7507  0.1574
Y -0.7427  0.6594  0.1169
Z -0.1915 -0.0419 -0.9806

PART 67
OFFSET  1.6506 -6.4156 -7.6286
X -0.9516 -0.2812  0.1241
Y -0.2895  0.9556 -0.0543
Z -0.1033 -0.0876 -0.9908

PART 68
OFFSET  9.6946 -6.2336 -7.1430
X -0.9675 -0.1354 -0.2137
Y  0.1409 -0.9900 -0.0105
Z -0.2102 -0.0403  0.9768

PART 69
OFFSET  11.3980 -5.9951 -6.7667
X -0.1593 -0.9870 -0.0207
Y  0.9640 -0.1601  0.2125
Z -0.2130  0.0139  0.9769

PART 70
OFFSET  11.5787 -4.7944 -6.6822
X  0.4361 -0.8991  0.0375
Y  0.8764  0.4339  0.2089
Z -0.2041 -0.0583  0.9772

PART 71
OFFSET  11.0861 -3.7788 -6.7245
X -0.9906 -0.1153  0.0741
Y -0.1227  0.9870 -0.1036
Z -0.0612 -0.1118 -0.9919

PART 72
OFFSET  9.6653 -6.0481 -8.2317
X -0.1802 -0.9836 -0.0032
Y  0.9833 -0.1802  0.0259
Z -0.0260  0.0015  0.9997

PART 73
OFFSET  10.0173 -4.1266 -8.2254
X  0.7571 -0.6528  0.0257
Y  0.6533  0.7566 -0.0268
Z -0.0020  0.0370  0.9993

PART 74
OFFSET  8.9115 -3.1730 -8.2630
X  0.9618  0.2710 -0.0373
Y -0.2733  0.9580 -0.0871
Z  0.0122  0.0940  0.9955

PART 75
OFFSET  7.8219 -3.4800 -8.2278
X -0.5637 -0.8257  0.0206
Y -0.8251  0.5641  0.0317
Z -0.0378  0.0009 -0.9993

PART 76
OFFSET  0.0000 -0.0000 -0.0000
X  1.0000 -0.0000  0.0000
Y  0.0000  1.0000  0.0000
Z  0.0000 -0.0000  1.0000

PART 77
OFFSET -0.0000 -0.0000 -0.0000
X  1.0000 -0.0005 -0.0000
Y  0.0005  1.0000 -0.0009
Z  0.0000  0.0009  1.0000

PART 78
OFFSET  1.5404  0.0031  4.1357
X  1.0000 -0.0005 -0.0000
Y  0.0005  1.0000 -0.0009
Z  0.0000  0.0009  1.0000


FRAME 1752
PART 0
OFFSET  0.0000 -0.0000 -0.0000
X  1.0000 -0.0000  0.0000
Y  0.0000  1.0000  0.0000
Z  0.0000 -0.0000  1.0000

PART 1
OFFSET -4.6318 -0.0000 -1.3770
X  1.0000 -0.0000  0.0000
Y  0.0000  1.0000  0.0000
Z  0.0000 -0.0000  1.0000

PART 2
OFFSET -1.2815  5.8385 -7.1997
X  0.8957 -0.1548 -0.4167
Y -0.1819 -0.9830 -0.0258
Z -0.4056  0.0989 -0.9087

PART 3
OFFSET  9.5516  3.9659 -12.2395
X  0.7254 -0.5683  0.3884
Y -0.5847 -0.2110  0.7833
Z -0.3632 -0.7953 -0.4853

PART 4
OFFSET  15.7213 -0.8676 -8.9360
X  0.7254 -0.5683  0.3884
Y  0.1888  0.7069  0.6816
Z -0.6619 -0.4211  0.6201

PART 5
OFFSET  17.8249 -0.1623 -8.2384
X  0.7299 -0.5648  0.3850
Y  0.3695  0.7999  0.4729
Z -0.5751 -0.2029  0.7925

PART 6
OFFSET  16.9259 -1.7599 -9.8801
X  0.7299 -0.5648  0.3850
Y  0.3695  0.7999  0.4729
Z -0.5751 -0.2029  0.7925

PART 7
OFFSET  16.4115 -1.2471 -5.8272
X  0.7299 -0.5648  0.3850
Y  0.3695  0.7999  0.4729
Z -0.5751 -0.2029  0.7925

PART 8
OFFSET  15.8541 -2.6899 -7.1586
X  0.7299 -0.5648  0.3850
Y  0.3695  0.7999  0.4729
Z -0.5751 -0.2029  0.7925

PART 9
OFFSET  15.9163 -2.7514 -8.3536
X  0.7299 -0.5648  0.3850
Y  0.3695  0.7999  0.4729
Z -0.5751 -0.2029  0.7925

PART 10
OFFSET  17.9452 -2.6098 -7.7453
X  0.9352 -0.2748  0.2234
Y  0.0706  0.7628  0.6428
Z -0.3471 -0.5854  0.7327

PART 11
OFFSET  18.2914 -2.2377 -6.7236
X  0.8315 -0.1287  0.5404
Y -0.0222  0.9643  0.2638
Z -0.5551 -0.2314  0.7990

PART 12
OFFSET  20.0526 -2.4320 -5.4867
X  0.9177 -0.3644  0.1583
Y  0.2266  0.8074  0.5447
Z -0.3263 -0.4640  0.8236

PART 13
OFFSET  21.4841 -3.1203 -5.1713
X  0.9386 -0.0951  0.3317
Y -0.0387  0.9262  0.3751
Z -0.3429 -0.3649  0.8656

PART 14
OFFSET  22.4827 -3.2242 -4.7666
X  0.9051  0.3550 -0.2339
Y -0.2700  0.0549 -0.9613
Z -0.3284  0.9332  0.1455

PART 15
OFFSET  18.5908 -3.7774 -8.0964
X  0.5018 -0.8473  0.1742
Y -0.5627 -0.1668  0.8097
Z -0.6569 -0.5043 -0.5604

PART 16
OFFSET  19.7449 -5.6281 -7.5241
X -0.2311 -0.4138  0.8806
Y -0.7956  0.6013  0.0737
Z -0.5600 -0.6836 -0.4682

PART 17
OFFSET  19.4177 -6.2139 -6.2774
X -0.7865  0.2774  0.5518
Y -0.2783  0.6384 -0.7177
Z -0.5513 -0.7180 -0.4249

PART 18
OFFSET  18.7204 -5.9680 -5.7882
X -0.7606  0.6487 -0.0244
Y  0.3258  0.3490 -0.8787
Z -0.5615 -0.6763 -0.4768

PART 19
OFFSET  17.9977 -5.3517 -5.8114
X  0.4585 -0.6174  0.6392
Y  0.6645 -0.2395 -0.7079
Z  0.5902  0.7493  0.3005

PART 20
OFFSET  18.8918 -3.2492 -7.7224
X  0.8662 -0.4993  0.0196
Y -0.3689 -0.6125  0.6991
Z -0.3370 -0.6128 -0.7148

PART 21
OFFSET  20.8590 -4.9254 -7.4409
X -0.1131 -0.6020  0.7904
Y -0.8662  0.4495  0.2184
Z -0.4868 -0.6599 -0.5723

PART 22
OFFSET  20.6664 -5.9504 -6.0953
X -0.7937  0.0719  0.6040
Y -0.3706  0.7302 -0.5740
Z -0.4823 -0.6794 -0.5529

PART 23
OFFSET  19.5664 -5.8507 -5.2582
X -0.8619  0.4859  0.1451
Y  0.1717  0.5488 -0.8181
Z -0.4772 -0.6802 -0.5564

PART 24
OFFSET  18.6317 -5.3237 -5.1008
X  0.5846 -0.7451  0.3211
Y  0.6550  0.1998 -0.7287
Z  0.4788  0.6363  0.6048

PART 25
OFFSET  20.7540 -2.5596 -5.6431
X  0.7697 -0.5689  0.2897
Y  0.6063  0.5096 -0.6105
Z  0.1997  0.6455  0.7372

PART 26
OFFSET  21.7713 -2.8878 -6.6621
X  0.6827 -0.7287  0.0540
Y -0.5619 -0.4763  0.6763
Z -0.4671 -0.4921 -0.7346

PART 27
OFFSET  22.9734 -4.1708 -6.5671
X  0.3514 -0.8775  0.3263
Y -0.8268 -0.1273  0.5478
Z -0.4392 -0.4623 -0.7703

PART 28
OFFSET  23.4272 -5.2095 -6.1236
X -0.0271 -0.7343  0.6783
Y -0.8992  0.3144  0.3043
Z -0.4367 -0.6017 -0.6688

PART 29
OFFSET  23.3965 -6.0389 -5.3574
X  0.6977 -0.2140 -0.6836
Y -0.1849  0.8682 -0.4604
Z  0.6921  0.4476  0.5662

PART 30
OFFSET  21.5328 -3.7910 -7.2519
X  0.2881 -0.8376  0.4642
Y -0.8350  0.0176  0.5499
Z -0.4688 -0.5460 -0.6943

PART 31
OFFSET  22.0955 -5.4273 -6.3450
X -0.6019 -0.3831  0.7007
Y -0.6280  0.7691 -0.1190
Z -0.4933 -0.5117 -0.7035

PART 32
OFFSET  21.2163 -5.9868 -5.3216
X -0.8605  0.2839  0.4230
Y  0.0117  0.8411 -0.5407
Z -0.5093 -0.4603 -0.7271

PART 33
OFFSET  20.2381 -5.6691 -4.8473
X  0.6849 -0.7255  0.0674
Y  0.5233  0.4254 -0.7384
Z  0.5070  0.5410  0.6710

PART 34
OFFSET  19.9136 -4.6580 -6.3693
X -0.3981 -0.6155 -0.6803
Y  0.3471  0.5854 -0.7327
Z  0.8492 -0.5278 -0.0194

PART 35
OFFSET  10.9024 -4.4561 -6.1297
X  1.0000 -0.0007 -0.0081
Y  0.0007  1.0000 -0.0000
Z  0.0081 -0.0000  1.0000

PART 36
OFFSET  10.9024 -4.4561 -6.1297
X  1.0000 -0.0007 -0.0081
Y  0.0007  1.0000 -0.0000
Z  0.0081 -0.0000  1.0000

PART 37
OFFSET  10.7342 -4.4396 -3.2811
X  1.0000 -0.0007 -0.0081
Y  0.0007  1.0000 -0.0000
Z  0.0081 -0.0000  1.0000

PART 38
OFFSET  12.3061 -4.4407 -3.3282
X  1.0000 -0.0007 -0.0081
Y  0.0007  1.0000 -0.0000
Z  0.0081 -0.0000  1.0000

PART 39
OFFSET  15.8866 -4.4586 -7.5703
X  1.0000 -0.0007 -0.0081
Y  0.0007  1.0000 -0.0000
Z  0.0081 -0.0000  1.0000

PART 40
OFFSET  13.2658 -4.4576 -7.6298
X  1.0000 -0.0007 -0.0081
Y  0.0007  1.0000 -0.0000
Z  0.0081 -0.0000  1.0000

PART 41
OFFSET  11.1167 -4.4562 -6.6351
X  1.0000 -0.0007 -0.0081
Y  0.0007  1.0000 -0.0000
Z  0.0081 -0.0000  1.0000

PART 42
OFFSET  31.9282 -5.6553 -7.1727
X  0.0071  0.5000  0.8660
Y -0.0035  0.8660 -0.5000
Z -1.0000  0.0005  0.0079

PART 43
OFFSET  31.9298 -3.2795 -7.1727
X  0.0065 -0.5000  0.8660
Y  0.0046  0.8660  0.5000
Z -1.0000  0.0008  0.0079

PART 44
OFFSET  20.7490 -4.4651 -0.2433
X -0.2352  0.0002 -0.9720
Y  0.0007  1.0000 -0.0000
Z  0.9720 -0.0006 -0.2352

PART 45
OFFSET  8.4313 -4.4571 -0.3129
X -0.3742  0.0002  0.9273
Y  0.0007  1.0000  0.0000
Z -0.9273  0.0006 -0.3742

PART 46
OFFSET -12.4814 -7.9373 -1.2500
X -0.5986 -0.0282  0.8006
Y -0.2838 -0.9271 -0.2449
Z  0.7491 -0.3738  0.5469

PART 47
OFFSET -5.2425 -7.5961 -10.9321
X -0.9587 -0.1502 -0.2417
Y  0.2490 -0.0320 -0.9680
Z  0.1376 -0.9881  0.0681

PART 48
OFFSET  2.9114 -6.3187 -8.8767
X -0.9587 -0.1502 -0.2417
Y  0.2486 -0.0292 -0.9682
Z  0.1383 -0.9882  0.0654

PART 49
OFFSET  3.9483 -4.9479 -7.8912
X -0.9605 -0.1473 -0.2361
Y -0.1385  0.9889 -0.0535
Z  0.2413 -0.0187 -0.9703

PART 50
OFFSET  4.1611 -5.4588 -6.8284
X -0.9605 -0.1473 -0.2361
Y -0.1385  0.9889 -0.0535
Z  0.2413 -0.0187 -0.9703

PART 51
OFFSET  4.4925 -6.7596 -6.9229
X -0.9605 -0.1473 -0.2361
Y -0.1385  0.9889 -0.0535
Z  0.2413 -0.0187 -0.9703

PART 52
OFFSET  5.8503 -5.8583 -8.1358
X -0.9977 -0.0020 -0.0674
Y  0.0674  0.0034 -0.9977
Z  0.0022 -1.0000 -0.0033

PART 53
OFFSET  6.2332 -5.4501 -7.1413
X -0.4633 -0.8460 -0.2639
Y  0.7175 -0.1833 -0.6720
Z  0.5201 -0.5007  0.6919

PART 54
OFFSET  7.1324 -3.5784 -6.5432
X -0.9442 -0.3071  0.1193
Y  0.1815 -0.7870 -0.5897
Z  0.2750 -0.5352  0.7987

PART 55
OFFSET  8.6367 -3.0696 -6.8604
X -0.8155  0.1512  0.5586
Y -0.4128 -0.8284 -0.3785
Z  0.4056 -0.5393  0.7380

PART 56
OFFSET  9.5070 -3.1943 -7.4918
X -0.9476  0.2873 -0.1397
Y  0.2864  0.5703 -0.7699
Z -0.1415 -0.7696 -0.6227

PART 57
OFFSET  6.7663 -5.6509 -9.1464
X -0.9284 -0.0553  0.3675
Y  0.0697 -0.9972  0.0258
Z  0.3651  0.0496  0.9297

PART 58
OFFSET  8.8968 -5.3971 -9.8400
X -0.3754 -0.9256  0.0475
Y  0.8919 -0.3748 -0.2530
Z  0.2520 -0.0526  0.9663

PART 59
OFFSET  9.4284 -4.0866 -9.9072
X  0.5337 -0.8236 -0.1918
Y  0.8189  0.5600 -0.1256
Z  0.2109 -0.0900  0.9734

PART 60
OFFSET  8.9551 -3.3563 -9.7372
X  0.9655 -0.0001 -0.2605
Y  0.0118  0.9990  0.0434
Z  0.2602 -0.0450  0.9645

PART 61
OFFSET  8.0379 -3.3562 -9.4897
X -0.7835 -0.6205  0.0325
Y -0.5795  0.7486  0.3223
Z -0.2243  0.2337 -0.9461

PART 62
OFFSET  6.9413 -5.7924 -8.4690
X -0.9818 -0.0114  0.1896
Y  0.0197 -0.9989  0.0419
Z  0.1889  0.0449  0.9810

PART 63
OFFSET  9.4618 -5.7915 -9.1059
X -0.2988 -0.9522  0.0631
Y  0.9297 -0.3054 -0.2062
Z  0.2156 -0.0029  0.9765

PART 64
OFFSET  9.9704 -4.1703 -9.2134
X  0.6339 -0.7589 -0.1491
Y  0.7472  0.6507 -0.1354
Z  0.1998 -0.0256  0.9795

PART 65
OFFSET  9.0919 -3.1185 -9.0067
X  0.9537  0.2370 -0.1850
Y -0.2285  0.9713  0.0665
Z  0.1955 -0.0211  0.9805

PART 66
OFFSET  8.0575 -3.3756 -8.8061
X -0.6412 -0.7501  0.1618
Y -0.7420  0.6599  0.1183
Z -0.1955 -0.0442 -0.9797

PART 67
OFFSET  1.6421 -6.4054 -7.5743
X -0.9512 -0.2806  0.1286
Y -0.2894  0.9556 -0.0554
Z -0.1074 -0.0900 -0.9901

PART 68
OFFSET  9.6880 -6.2248 -7.1219
X -0.9684 -0.1357 -0.2095
Y  0.1406 -0.9900 -0.0086
Z -0.2062 -0.0378  0.9778

PART 69
OFFSET  11.3930 -5.9860 -6.7531
X -0.1597 -0.9870 -0.0177
Y  0.9648 -0.1599  0.2089
Z -0.2091  0.0163  0.9778

PART 70
OFFSET  11.5744 -4.7851 -6.6722
X  0.4360 -0.8991  0.0379
Y  0.8774  0.4341  0.2043
Z -0.2001 -0.0558  0.9782

PART 71
OFFSET  11.0819 -3.7695 -6.7150
X -0.9903 -0.1149  0.0784
Y -0.1228  0.9868 -0.1055
Z -0.0653 -0.1141 -0.9913

PART 72
OFFSET  9.6543 -6.0420 -8.2109
X -0.1805 -0.9836 -0.0001
Y  0.9833 -0.1805  0.0223
Z -0.0219  0.0039  0.9998

PART 73
OFFSET  10.0070 -4.1205 -8.2107
X  0.7570 -0.6530  0.0242
Y  0.6534  0.7564 -0.0312
Z  0.0021  0.0395  0.9992

PART 74
OFFSET  8.9013 -3.1667 -8.2460
X  0.9618  0.2707 -0.0419
Y -0.2734  0.9578 -0.0883
Z  0.0162  0.0964  0.9952

PART 75
OFFSET  7.8117 -3.4733 -8.2057
X -0.5639 -0.8255  0.0249
Y -0.8248  0.5644  0.0337
Z -0.0419 -0.0015 -0.9991

PART 76
OFFSET  0.0000 -0.0000 -0.0000
X  1.0000 -0.0000  0.0000
Y  0.0000  1.0000  0.0000
Z  0.0000 -0.0000  1.0000

PART 77
OFFSET -0.0000 -0.0000 -0.0000
X  1.0000 -0.0019 -0.0000
Y  0.0019  1.0000 -0.0034
Z  0.0000  0.0034  1.0000

PART 78
OFFSET  1.5405  0.0111  4.1357
X  1.0000 -0.0019 -0.0000
Y  0.0019  1.0000 -0.0034
Z  0.0000  0.0034  1.0000


FRAME 1753
PART 0
OFFSET  0.0000 -0.0000 -0.0000
X  1.0000 -0.0000  0.0000
Y  0.0000  1.0000  0.0000
Z  0.0000 -0.0000  1.0000

PART 1
OFFSET -4.6318 -0.0000 -1.3770
X  1.0000 -0.0000  0.0000
Y  0.0000  1.0000  0.0000
Z  0.0000 -0.0000  1.0000

PART 2
OFFSET -1.2815  5.8385 -7.1997
X  0.8947 -0.1526 -0.4198
Y -0.1804 -0.9832 -0.0270
Z -0.4086  0.0999 -0.9072

PART 3
OFFSET  9.5391  3.9928 -12.2761
X  0.7250 -0.5687  0.3885
Y -0.5851 -0.2109  0.7831
Z -0.3634 -0.7950 -0.4856

PART 4
OFFSET  15.7055 -0.8443 -8.9716
X  0.7250 -0.5687  0.3885
Y  0.1916  0.7084  0.6793
Z -0.6616 -0.4181  0.6226

PART 5
OFFSET  17.8091 -0.1401 -8.2730
X  0.7295 -0.5653  0.3852
Y  0.3697  0.7996  0.4732
Z -0.5755 -0.2028  0.7923

PART 6
OFFSET  16.9099 -1.7369 -9.9155
X  0.7295 -0.5653  0.3852
Y  0.3697  0.7996  0.4732
Z -0.5755 -0.2028  0.7923

PART 7
OFFSET  16.3943 -1.2248 -5.8626
X  0.7295 -0.5653  0.3852
Y  0.3697  0.7996  0.4732
Z -0.5755 -0.2028  0.7923

PART 8
OFFSET  15.8368 -2.6670 -7.1946
X  0.7295 -0.5653  0.3852
Y  0.3697  0.7996  0.4732
Z -0.5755 -0.2028  0.7923

PART 9
OFFSET  15.8994 -2.7283 -8.3896
X  0.7295 -0.5653  0.3852
Y  0.3697  0.7996  0.4732
Z -0.5755 -0.2028  0.7923

PART 10
OFFSET  17.9281 -2.5878 -7.7805
X  0.9369 -0.2754  0.2153
Y  0.0767  0.7627  0.6422
Z -0.3411 -0.5851  0.7357

PART 11
OFFSET  18.2835 -2.2159 -6.7619
X  0.8361 -0.1292  0.5331
Y -0.0193  0.9643  0.2640
Z -0.5482 -0.2310  0.8038

PART 12
OFFSET  20.0554 -2.4114 -5.5404
X  0.9188 -0.3650  0.1503
Y  0.2319  0.8073  0.5427
Z -0.3194 -0.4638  0.8264

PART 13
OFFSET  21.4891 -3.1007 -5.2376
X  0.9414 -0.0958  0.3234
Y -0.0348  0.9262  0.3754
Z -0.3355 -0.3646  0.8686

PART 14
OFFSET  22.4911 -3.2052 -4.8417
X  0.9033  0.3544 -0.2418
Y -0.2783  0.0551 -0.9589
Z -0.3265  0.9335  0.1484

PART 15
OFFSET  18.5699 -3.7558 -8.1373
X  0.5027 -0.8476  0.1698
Y -0.5557 -0.1664  0.8146
Z -0.6622 -0.5039 -0.5547

PART 16
OFFSET  19.7277 -5.6073 -7.5751
X -0.2237 -0.4136  0.8825
Y -0.7946  0.6018  0.0807
Z -0.5645 -0.6832 -0.4632

PART 17
OFFSET  19.4111 -6.1929 -6.3256
X -0.7815  0.2779  0.5586
Y -0.2842  0.6386 -0.7152
Z -0.5555 -0.7177 -0.4201

PART 18
OFFSET  18.7182 -5.9465 -5.8303
X -0.7604  0.6492 -0.0177
Y  0.3183  0.3488 -0.8815
Z -0.5661 -0.6759 -0.4718

PART 19
OFFSET  17.9958 -5.3297 -5.8471
X  0.4636 -0.6177  0.6352
Y  0.6581 -0.2399 -0.7137
Z  0.5933  0.7489  0.2953

PART 20
OFFSET  18.8745 -3.2278 -7.7659
X  0.8660 -0.4999  0.0121
Y -0.3632 -0.6123  0.7023
Z -0.3437 -0.6125 -0.7118

PART 21
OFFSET  20.8429 -4.9053 -7.5017
X -0.1066 -0.6020  0.7914
Y -0.8639  0.4501  0.2260
Z -0.4922 -0.6596 -0.5680

PART 22
OFFSET  20.6615 -5.9302 -6.1544
X -0.7884  0.0725  0.6109
Y -0.3751  0.7304 -0.5707
Z -0.4876 -0.6791 -0.5487

PART 23
OFFSET  19.5689 -5.8297 -5.3077
X -0.8602  0.4865  0.1526
Y  0.1649  0.5487 -0.8196
Z -0.4825 -0.6799 -0.5522

PART 24
OFFSET  18.6359 -5.3021 -5.1421
X  0.5869 -0.7455  0.3160
Y  0.6487  0.1994 -0.7345
Z  0.4845  0.6360  0.6006

PART 25
OFFSET  20.7553 -2.5395 -5.7030
X  0.7719 -0.5694  0.2829
Y  0.6013  0.5092 -0.6158
Z  0.2065  0.6454  0.7354

PART 26
OFFSET  21.7634 -2.8683 -6.7309
X  0.6827 -0.7291  0.0480
Y -0.5562 -0.4760  0.6812
Z -0.4738 -0.4918 -0.7305

PART 27
OFFSET  22.9654 -4.1521 -6.6463
X  0.3536 -0.8778  0.3232
Y -0.8221 -0.1268  0.5551
Z -0.4462 -0.4620 -0.7664

PART 28
OFFSET  23.4224 -5.1911 -6.2068
X -0.0217 -0.7343  0.6785
Y -0.8963  0.3150  0.3122
Z -0.4429 -0.6014 -0.6649

PART 29
OFFSET  23.3979 -6.0205 -5.4404
X  0.6916 -0.2145 -0.6897
Y -0.1883  0.8684 -0.4588
Z  0.6973  0.4472  0.5602

PART 30
OFFSET  21.5191 -3.7714 -7.3185
X  0.2916 -0.8378  0.4617
Y -0.8302  0.0181  0.5572
Z -0.4752 -0.5457 -0.6902

PART 31
OFFSET  22.0887 -5.4080 -6.4166
X -0.5960 -0.3827  0.7059
Y -0.6285  0.7695 -0.1135
Z -0.4997 -0.5113 -0.6991

PART 32
OFFSET  21.2181 -5.9669 -5.3856
X -0.8566  0.2845  0.4306
Y  0.0075  0.8411 -0.5408
Z -0.5160 -0.4599 -0.7226

PART 33
OFFSET  20.2443 -5.6486 -4.9027
X  0.6850 -0.7260  0.0614
Y  0.5171  0.4250 -0.7429
Z  0.5132  0.5407  0.6665

PART 34
OFFSET  19.9072 -4.6373 -6.4218
X -0.4044 -0.6152 -0.6767
Y  0.3411  0.5851 -0.7357
Z  0.8486 -0.5283 -0.0268

PART 35
OFFSET  10.8985 -4.4294 -6.1033
X  0.9999 -0.0013 -0.0169
Y  0.0013  1.0000 -0.0000
Z  0.0169 -0.0000  0.9999

PART 36
OFFSET  10.8985 -4.4294 -6.1033
X  0.9999 -0.0013 -0.0169
Y  0.0013  1.0000 -0.0000
Z  0.0169 -0.0000  0.9999

PART 37
OFFSET  10.7553 -4.4129 -3.2534
X  0.9999 -0.0013 -0.0169
Y  0.0013  1.0000 -0.0000
Z  0.0169 -0.0000  0.9999

PART 38
OFFSET  12.3267 -4.4149 -3.3142
X  0.9999 -0.0013 -0.0169
Y  0.0013  1.0000 -0.0000
Z  0.0169 -0.0000  0.9999

PART 39
OFFSET  15.8699 -4.4352 -7.5875
X  0.9999 -0.0013 -0.0169
Y  0.0013  1.0000 -0.0000
Z  0.0169 -0.0000  0.9999

PART 40
OFFSET  13.2487 -4.4325 -7.6241
X  0.9999 -0.0013 -0.0169
Y  0.0013  1.0000 -0.0000
Z  0.0169 -0.0000  0.9999

PART 41
OFFSET  11.1084 -4.4297 -6.6106
X  0.9999 -0.0013 -0.0169
Y  0.0013  1.0000 -0.0000
Z  0.0169 -0.0000  0.9999

PART 42
OFFSET  31.9136 -5.6426 -7.3303
X  0.0148  0.5000  0.8659
Y -0.0073  0.8660 -0.4999
Z -0.9999  0.0011  0.0164

PART 43
OFFSET  31.9168 -3.2668 -7.3303
X  0.0135 -0.5000  0.8659
Y  0.0096  0.8660  0.4999
Z -0.9999  0.0016  0.0164

PART 44
OFFSET  20.7962 -4.4451 -0.3034
X -0.2409  0.0003 -0.9706
Y  0.0013  1.0000 -0.0000
Z  0.9706 -0.0013 -0.2409

PART 45
OFFSET  8.4784 -4.4288 -0.2651
X -0.3693  0.0005  0.9293
Y  0.0013  1.0000 -0.0000
Z -0.9293  0.0012 -0.3693

PART 46
OFFSET -12.3064 -7.9373 -1.6111
X -0.6058 -0.0280  0.7951
Y -0.2856 -0.9251 -0.2502
Z  0.7426 -0.3786  0.5524

PART 47
OFFSET -4.9803 -7.5983 -11.2275
X -0.9540 -0.1457 -0.2619
Y  0.2686 -0.0285 -0.9628
Z  0.1328 -0.9889  0.0663

PART 48
OFFSET  3.1342 -6.3590 -9.0003
X -0.9540 -0.1457 -0.2619
Y  0.2664 -0.0125 -0.9638
Z  0.1372 -0.9892  0.0507

PART 49
OFFSET  4.1555 -4.9964 -7.9876
X -0.9560 -0.1428 -0.2563
Y -0.1340  0.9896 -0.0518
Z  0.2610 -0.0151 -0.9652

PART 50
OFFSET  4.3448 -5.5128 -6.9230
X -0.9560 -0.1428 -0.2563
Y -0.1340  0.9896 -0.0518
Z  0.2610 -0.0151 -0.9652

PART 51
OFFSET  4.6736 -6.8143 -7.0167
X -0.9560 -0.1428 -0.2563
Y -0.1340  0.9896 -0.0518
Z  0.2610 -0.0151 -0.9652

PART 52
OFFSET  6.0590 -5.9123 -8.1975
X -0.9949  0.0027 -0.1012
Y  0.1013  0.0214 -0.9946
Z -0.0005 -0.9998 -0.0216

PART 53
OFFSET  6.4090 -5.5237 -7.1833
X -0.4615 -0.8270 -0.3209
Y  0.7405 -0.1600 -0.6527
Z  0.4885 -0.5389  0.6863

PART 54
OFFSET  7.3039 -3.6931 -6.4637
X -0.9445 -0.3246  0.0500
Y  0.2251 -0.7507 -0.6211
Z  0.2391 -0.5754  0.7821

PART 55
OFFSET  8.8154 -3.1495 -6.6691
X -0.8587  0.0839  0.5056
Y -0.3516 -0.8141 -0.4621
Z  0.3728 -0.5746  0.7286

PART 56
OFFSET  9.7329 -3.2001 -7.2413
X -0.9458  0.2632 -0.1900
Y  0.3179  0.6317 -0.7071
Z -0.0661 -0.7292 -0.6811

PART 57
OFFSET  7.0094 -5.6897 -9.1725
X -0.9405 -0.0588  0.3347
Y  0.0659 -0.9978  0.0098
Z  0.3334  0.0313  0.9423

PART 58
OFFSET  9.1630 -5.4306 -9.7886
X -0.4115 -0.9110  0.0259
Y  0.8847 -0.4061 -0.2286
Z  0.2188 -0.0711  0.9732

PART 59
OFFSET  9.7456 -4.1408 -9.8252
X  0.4841 -0.8561 -0.1808
Y  0.8571  0.5056 -0.0990
Z  0.1761 -0.1070  0.9785

PART 60
OFFSET  9.3163 -3.3817 -9.6650
X  0.9681 -0.0904 -0.2339
Y  0.1031  0.9938  0.0426
Z  0.2286 -0.0653  0.9713

PART 61
OFFSET  8.3966 -3.2958 -9.4428
X -0.8382 -0.5452  0.0117
Y -0.5162  0.8002  0.3054
Z -0.1758  0.2499 -0.9522

PART 62
OFFSET  7.1608 -5.8441 -8.4922
X -0.9877 -0.0114  0.1559
Y  0.0154 -0.9996  0.0242
Z  0.1556  0.0263  0.9875

PART 63
OFFSET  9.7015 -5.8404 -9.0431
X -0.3368 -0.9406  0.0419
Y  0.9238 -0.3387 -0.1787
Z  0.1823 -0.0215  0.9830

PART 64
OFFSET  10.2749 -4.2389 -9.1144
X  0.5871 -0.7984 -0.1339
Y  0.7924  0.6006 -0.1065
Z  0.1655 -0.0436  0.9852

PART 65
OFFSET  9.4613 -3.1325 -8.9288
X  0.9771  0.1467 -0.1542
Y -0.1387  0.9884  0.0617
Z  0.1615 -0.0389  0.9861

PART 66
OFFSET  8.4016 -3.2916 -8.7615
X -0.7134 -0.6867  0.1396
Y -0.6804  0.7265  0.0965
Z -0.1677 -0.0262 -0.9855

PART 67
OFFSET  1.8325 -6.4549 -7.7893
X -0.9558 -0.2796  0.0911
Y -0.2846  0.9575 -0.0476
Z -0.0739 -0.0715 -0.9947

PART 68
OFFSET  9.8589 -6.3107 -7.0609
X -0.9625 -0.1384 -0.2333
Y  0.1462 -0.9891 -0.0163
Z -0.2286 -0.0498  0.9723

PART 69
OFFSET  11.5535 -6.0670 -6.6501
X -0.1903 -0.9809 -0.0409
Y  0.9540 -0.1946  0.2281
Z -0.2317  0.0043  0.9728

PART 70
OFFSET  11.7708 -4.8743 -6.5412
X  0.3928 -0.9192  0.0266
Y  0.8917  0.3878  0.2336
Z -0.2250 -0.0681  0.9720

PART 71
OFFSET  11.3271 -3.8359 -6.5712
X -0.9961 -0.0699  0.0539
Y -0.0744  0.9936 -0.0853
Z -0.0476 -0.0889 -0.9949

PART 72
OFFSET  9.8628 -6.1078 -8.1469
X -0.2239 -0.9742 -0.0269
Y  0.9734 -0.2249  0.0442
Z -0.0491 -0.0162  0.9987

PART 73
OFFSET  10.3002 -4.2046 -8.0944
X  0.7067 -0.7069  0.0295
Y  0.7071  0.7071  0.0038
Z -0.0235  0.0182  0.9996

PART 74
OFFSET  9.2679 -3.1721 -8.1375
X  0.9849  0.1729 -0.0077
Y -0.1730  0.9821 -0.0738
Z -0.0052  0.0740  0.9972

PART 75
OFFSET  8.1524 -3.3678 -8.1358
X -0.6444 -0.7646 -0.0107
Y -0.7646  0.6440  0.0230
Z -0.0107  0.0230 -0.9997

PART 76
OFFSET  0.0000 -0.0000 -0.0000
X  1.0000 -0.0000  0.0000
Y  0.0000  1.0000  0.0000
Z  0.0000 -0.0000  1.0000

PART 77
OFFSET -0.0000 -0.0000 -0.0000
X  1.0000 -0.0039  0.0000
Y  0.0039  1.0000 -0.0068
Z  0.0000  0.0068  1.0000

PART 78
OFFSET  1.5405  0.0221  4.1357
X  1.0000 -0.0039  0.0000
Y  0.0039  1.0000 -0.0068
Z  0.0000  0.0068  1.0000


FRAME 1754
PART 0
OFFSET  0.0000 -0.0000 -0.0000
X  1.0000 -0.0000  0.0000
Y  0.0000  1.0000  0.0000
Z  0.0000 -0.0000  1.0000

PART 1
OFFSET -4.6318 -0.0000 -1.3770
X  1.0000 -0.0000  0.0000
Y  0.0000  1.0000  0.0000
Z  0.0000 -0.0000  1.0000

PART 2
OFFSET -1.2815  5.8385 -7.1997
X  0.8934 -0.1499 -0.4235
