// Export filename: `C:\projects\cod\t5\xanim_export\t5_viewmodels\l96a1\l96a1_rfscope_ads_up.XANIM_EXPORT`
// Source filename: `D:\projects\devanim\t5\animation_assets\viewmodels\l96a1\ViewModel_l96a1_animated.fbx`
// Export time: Sun Aug 29 21:44:40 2010

ANIMATION
VERSION 3

NUMPARTS 2
PART 0 "tag_view"
PART 1 "tag_torso"

FRAMERATE 30
NUMFRAMES 16

FRAME 2260
PART 0
OFFSET  0.0000 -0.0000 -0.0000
X  1.0000 -0.0000  0.0000
Y  0.0000  1.0000  0.0000
Z  0.0000 -0.0000  1.0000

PART 1
OFFSET -4.6318 -0.0000 -1.3770
X  1.0000 -0.0000  0.0000
Y  0.0000  1.0000  0.0000
Z  0.0000 -0.0000  1.0000


FRAME 2261
PART 0
OFFSET  0.0000 -0.0000 -0.0000
X  1.0000 -0.0000  0.0000
Y  0.0000  1.0000  0.0000
Z  0.0000 -0.0000  1.0000

PART 1
OFFSET -4.8112  0.1104 -1.3747
X  1.0000 -0.0000 -0.0013
Y -0.0000  0.9999 -0.0112
Z  0.0013  0.0112  0.9999


FRAME 2262
PART 0
OFFSET  0.0000 -0.0000 -0.0000
X  1.0000 -0.0000  0.0000
Y  0.0000  1.0000  0.0000
Z  0.0000 -0.0000  1.0000

PART 1
OFFSET -5.2770  0.3992 -1.3655
X  1.0000  0.0000 -0.0046
Y -0.0002  0.9992 -0.0393
Z  0.0046  0.0393  0.9992


FRAME 2263
PART 0
OFFSET  0.0000 -0.0000 -0.0000
X  1.0000 -0.0000  0.0000
Y  0.0000  1.0000  0.0000
Z  0.0000 -0.0000  1.0000

PART 1
OFFSET -5.9210  0.8028 -1.3455
X  1.0000 -0.0000 -0.0089
Y -0.0007  0.9971 -0.0761
Z  0.0088  0.0761  0.9971


FRAME 2264
PART 0
OFFSET  0.0000 -0.0000 -0.0000
X  1.0000 -0.0000  0.0000
Y  0.0000  1.0000  0.0000
Z  0.0000 -0.0000  1.0000

PART 1
OFFSET -6.6349  1.2575 -1.3111
X  0.9999  0.0000 -0.0132
Y -0.0015  0.9935 -0.1136
Z  0.0132  0.1136  0.9934


FRAME 2265
PART 0
OFFSET  0.0000 -0.0000 -0.0000
X  1.0000 -0.0000  0.0000
Y  0.0000  1.0000  0.0000
Z  0.0000 -0.0000  1.0000

PART 1
OFFSET -7.3103  1.6997 -1.2584
X  0.9999 -0.0000 -0.0168
Y -0.0024  0.9896 -0.1437
Z  0.0166  0.1437  0.9895


FRAME 2266
PART 0
OFFSET  0.0000 -0.0000 -0.0000
X  1.0000 -0.0000  0.0000
Y  0.0000  1.0000  0.0000
Z  0.0000 -0.0000  1.0000

PART 1
OFFSET -7.8388  2.0659 -1.1838
X  0.9998 -0.0000 -0.0185
Y -0.0029  0.9874 -0.1583
Z  0.0183  0.1584  0.9872


FRAME 2267
PART 0
OFFSET  0.0000 -0.0000 -0.0000
X  1.0000 -0.0000  0.0000
Y  0.0000  1.0000  0.0000
Z  0.0000 -0.0000  1.0000

PART 1
OFFSET -8.2723  2.3948 -1.0676
X  0.9998 -0.0000 -0.0184
Y -0.0029  0.9874 -0.1582
Z  0.0181  0.1582  0.9872


FRAME 2268
PART 0
OFFSET  0.0000 -0.0000 -0.0000
X  1.0000 -0.0000  0.0000
Y  0.0000  1.0000  0.0000
Z  0.0000 -0.0000  1.0000

PART 1
OFFSET -8.7208  2.7548 -0.9044
X  0.9999 -0.0000 -0.0171
Y -0.0026  0.9887 -0.1500
Z  0.0169  0.1500  0.9885


FRAME 2269
PART 0
OFFSET  0.0000 -0.0000 -0.0000
X  1.0000 -0.0000  0.0000
Y  0.0000  1.0000  0.0000
Z  0.0000 -0.0000  1.0000

PART 1
OFFSET -9.1641  3.1261 -0.7117
X  0.9999 -0.0000 -0.0151
Y -0.0020  0.9908 -0.1354
Z  0.0149  0.1354  0.9907


FRAME 2270
PART 0
OFFSET  0.0000 -0.0000 -0.0000
X  1.0000 -0.0000  0.0000
Y  0.0000  1.0000  0.0000
Z  0.0000 -0.0000  1.0000

PART 1
OFFSET -9.5817  3.4891 -0.5067
X  0.9999 -0.0000 -0.0124
Y -0.0014  0.9933 -0.1159
Z  0.0123  0.1159  0.9932


FRAME 2271
PART 0
OFFSET  0.0000 -0.0000 -0.0000
X  1.0000 -0.0000  0.0000
Y  0.0000  1.0000  0.0000
Z  0.0000 -0.0000  1.0000

PART 1
OFFSET -9.9533  3.8241 -0.3071
X  1.0000 -0.0000 -0.0095
Y -0.0009  0.9957 -0.0930
Z  0.0094  0.0930  0.9956


FRAME 2272
PART 0
OFFSET  0.0000 -0.0000 -0.0000
X  1.0000 -0.0000  0.0000
Y  0.0000  1.0000  0.0000
Z  0.0000 -0.0000  1.0000

PART 1
OFFSET -10.2585  4.1114 -0.1302
X  1.0000 -0.0000 -0.0065
Y -0.0004  0.9977 -0.0684
Z  0.0065  0.0684  0.9976


FRAME 2273
PART 0
OFFSET  0.0000 -0.0000 -0.0000
X  1.0000 -0.0000  0.0000
Y  0.0000  1.0000  0.0000
Z  0.0000 -0.0000  1.0000

PART 1
OFFSET -10.4768  4.3314  0.0066
X  1.0000 -0.0000 -0.0038
Y -0.0002  0.9990 -0.0436
Z  0.0038  0.0436  0.9990


FRAME 2274
PART 0
OFFSET  0.0000 -0.0000 -0.0000
X  1.0000 -0.0000  0.0000
Y  0.0000  1.0000  0.0000
Z  0.0000 -0.0000  1.0000

PART 1
OFFSET -10.5880  4.4643  0.0857
X  1.0000  0.0000 -0.0015
Y -0.0000  0.9998 -0.0203
Z  0.0015  0.0203  0.9998


FRAME 2275
PART 0
OFFSET  0.0000 -0.0000 -0.0000
X  1.0000 -0.0000  0.0000
Y  0.0000  1.0000  0.0000
Z  0.0000 -0.0000  1.0000

PART 1
OFFSET -10.5715  4.4905  0.0899
X  1.0000 -0.0000  0.0000
Y  0.0000  1.0000  0.0000
Z  0.0000 -0.0000  1.0000


NUMKEYS 0
