// Export filename: `C:\projects\cod\t5\xanim_export\t5_viewmodels\l96a1\l96a1_ads_up.XANIM_EXPORT`
// Source filename: `D:\projects\devanim\t5\animation_assets\viewmodels\l96a1\ViewModel_l96a1_animated.fbx`
// Export time: Sun Aug 29 21:43:51 2010

ANIMATION
VERSION 3

NUMPARTS 2
PART 0 "tag_view"
PART 1 "tag_torso"

FRAMERATE 30
NUMFRAMES 14

FRAME 2
PART 0
OFFSET  0.0000 -0.0000 -0.0000
X  1.0000 -0.0000  0.0000
Y  0.0000  1.0000  0.0000
Z  0.0000 -0.0000  1.0000

PART 1
OFFSET -4.6318 -0.0000 -1.3770
X  1.0000 -0.0000  0.0000
Y  0.0000  1.0000  0.0000
Z  0.0000 -0.0000  1.0000


FRAME 3
PART 0
OFFSET  0.0000 -0.0000 -0.0000
X  1.0000 -0.0000  0.0000
Y  0.0000  1.0000  0.0000
Z  0.0000 -0.0000  1.0000

PART 1
OFFSET -4.7770  0.1575 -1.3757
X  1.0000  0.0000 -0.0018
Y -0.0000  0.9999 -0.0156
Z  0.0018  0.0156  0.9999


FRAME 4
PART 0
OFFSET  0.0000 -0.0000 -0.0000
X  1.0000 -0.0000  0.0000
Y  0.0000  1.0000  0.0000
Z  0.0000 -0.0000  1.0000

PART 1
OFFSET -5.1436  0.5553 -1.3695
X  1.0000 -0.0000 -0.0062
Y -0.0003  0.9986 -0.0531
Z  0.0062  0.0531  0.9986


FRAME 5
PART 0
OFFSET  0.0000 -0.0000 -0.0000
X  1.0000 -0.0000  0.0000
Y  0.0000  1.0000  0.0000
Z  0.0000 -0.0000  1.0000

PART 1
OFFSET -5.6284  1.0808 -1.3550
X  0.9999 -0.0000 -0.0115
Y -0.0011  0.9951 -0.0986
Z  0.0114  0.0986  0.9951


FRAME 6
PART 0
OFFSET  0.0000 -0.0000 -0.0000
X  1.0000 -0.0000  0.0000
Y  0.0000  1.0000  0.0000
Z  0.0000 -0.0000  1.0000

PART 1
OFFSET -6.1281  1.6218 -1.3284
X  0.9999  0.0000 -0.0161
Y -0.0022  0.9904 -0.1382
Z  0.0160  0.1382  0.9903


FRAME 7
PART 0
OFFSET  0.0000 -0.0000 -0.0000
X  1.0000 -0.0000  0.0000
Y  0.0000  1.0000  0.0000
Z  0.0000 -0.0000  1.0000

PART 1
OFFSET -6.5394  2.0659 -1.2863
X  0.9998 -0.0000 -0.0185
Y -0.0029  0.9874 -0.1583
Z  0.0183  0.1584  0.9872


FRAME 8
PART 0
OFFSET  0.0000 -0.0000 -0.0000
X  1.0000 -0.0000  0.0000
Y  0.0000  1.0000  0.0000
Z  0.0000 -0.0000  1.0000

PART 1
OFFSET -6.8881  2.4434 -1.2182
X  0.9998 -0.0000 -0.0184
Y -0.0029  0.9874 -0.1580
Z  0.0181  0.1581  0.9873


FRAME 9
PART 0
OFFSET  0.0000 -0.0000 -0.0000
X  1.0000 -0.0000  0.0000
Y  0.0000  1.0000  0.0000
Z  0.0000 -0.0000  1.0000

PART 1
OFFSET -7.2561  2.8449 -1.1233
X  0.9999  0.0000 -0.0168
Y -0.0025  0.9891 -0.1471
Z  0.0166  0.1471  0.9890


FRAME 10
PART 0
OFFSET  0.0000 -0.0000 -0.0000
X  1.0000 -0.0000  0.0000
Y  0.0000  1.0000  0.0000
Z  0.0000 -0.0000  1.0000

PART 1
OFFSET -7.6246  3.2476 -1.0128
X  0.9999  0.0000 -0.0143
Y -0.0018  0.9918 -0.1280
Z  0.0141  0.1280  0.9917


FRAME 11
PART 0
OFFSET  0.0000 -0.0000 -0.0000
X  1.0000 -0.0000  0.0000
Y  0.0000  1.0000  0.0000
Z  0.0000 -0.0000  1.0000

PART 1
OFFSET -7.9746  3.6291 -0.8977
X  0.9999  0.0000 -0.0111
Y -0.0011  0.9947 -0.1032
Z  0.0110  0.1033  0.9946


FRAME 12
PART 0
OFFSET  0.0000 -0.0000 -0.0000
X  1.0000 -0.0000  0.0000
Y  0.0000  1.0000  0.0000
Z  0.0000 -0.0000  1.0000

PART 1
OFFSET -8.2871  3.9667 -0.7893
X  1.0000  0.0000 -0.0077
Y -0.0006  0.9971 -0.0755
Z  0.0077  0.0755  0.9971


FRAME 13
PART 0
OFFSET  0.0000 -0.0000 -0.0000
X  1.0000 -0.0000  0.0000
Y  0.0000  1.0000  0.0000
Z  0.0000 -0.0000  1.0000

PART 1
OFFSET -8.5432  4.2378 -0.6986
X  1.0000  0.0000 -0.0044
Y -0.0002  0.9989 -0.0473
Z  0.0044  0.0473  0.9989


FRAME 14
PART 0
OFFSET  0.0000 -0.0000 -0.0000
X  1.0000 -0.0000  0.0000
Y  0.0000  1.0000  0.0000
Z  0.0000 -0.0000  1.0000

PART 1
OFFSET -8.7239  4.4200 -0.6368
X  1.0000  0.0000 -0.0018
Y -0.0000  0.9998 -0.0212
Z  0.0018  0.0212  0.9998


FRAME 15
PART 0
OFFSET  0.0000 -0.0000 -0.0000
X  1.0000 -0.0000  0.0000
Y  0.0000  1.0000  0.0000
Z  0.0000 -0.0000  1.0000

PART 1
OFFSET -8.8103  4.4905 -0.6150
X  1.0000 -0.0000  0.0000
Y  0.0000  1.0000  0.0000
Z  0.0000 -0.0000  1.0000


NUMKEYS 0
