// Export filename: `C:\projects\cod\t5\xanim_export\t5_viewmodels\l96a1\l96a1_acog_ads_up.XANIM_EXPORT`
// Source filename: `D:\projects\devanim\t5\animation_assets\viewmodels\l96a1\ViewModel_l96a1_animated.fbx`
// Export time: Sun Aug 29 21:44:38 2010

ANIMATION
VERSION 3

NUMPARTS 2
PART 0 "tag_view"
PART 1 "tag_torso"

FRAMERATE 30
NUMFRAMES 16

FRAME 2230
PART 0
OFFSET  0.0000 -0.0000 -0.0000
X  1.0000 -0.0000  0.0000
Y  0.0000  1.0000  0.0000
Z  0.0000 -0.0000  1.0000

PART 1
OFFSET -4.6318 -0.0000 -1.3770
X  1.0000 -0.0000  0.0000
Y  0.0000  1.0000  0.0000
Z  0.0000 -0.0000  1.0000


FRAME 2231
PART 0
OFFSET  0.0000 -0.0000 -0.0000
X  1.0000 -0.0000  0.0000
Y  0.0000  1.0000  0.0000
Z  0.0000 -0.0000  1.0000

PART 1
OFFSET -4.6842  0.1104 -1.3764
X  1.0000 -0.0000 -0.0013
Y -0.0000  0.9999 -0.0112
Z  0.0013  0.0112  0.9999


FRAME 2232
PART 0
OFFSET  0.0000 -0.0000 -0.0000
X  1.0000 -0.0000  0.0000
Y  0.0000  1.0000  0.0000
Z  0.0000 -0.0000  1.0000

PART 1
OFFSET -4.8243  0.3992 -1.3736
X  1.0000  0.0000 -0.0046
Y -0.0002  0.9992 -0.0393
Z  0.0046  0.0393  0.9992


FRAME 2233
PART 0
OFFSET  0.0000 -0.0000 -0.0000
X  1.0000 -0.0000  0.0000
Y  0.0000  1.0000  0.0000
Z  0.0000 -0.0000  1.0000

PART 1
OFFSET -5.0266  0.8028 -1.3672
X  1.0000 -0.0000 -0.0089
Y -0.0007  0.9971 -0.0761
Z  0.0088  0.0761  0.9971


FRAME 2234
PART 0
OFFSET  0.0000 -0.0000 -0.0000
X  1.0000 -0.0000  0.0000
Y  0.0000  1.0000  0.0000
Z  0.0000 -0.0000  1.0000

PART 1
OFFSET -5.2654  1.2575 -1.3557
X  0.9999  0.0000 -0.0132
Y -0.0015  0.9935 -0.1136
Z  0.0132  0.1136  0.9934


FRAME 2235
PART 0
OFFSET  0.0000 -0.0000 -0.0000
X  1.0000 -0.0000  0.0000
Y  0.0000  1.0000  0.0000
Z  0.0000 -0.0000  1.0000

PART 1
OFFSET -5.5152  1.6997 -1.3376
X  0.9999 -0.0000 -0.0168
Y -0.0024  0.9896 -0.1437
Z  0.0166  0.1437  0.9895


FRAME 2236
PART 0
OFFSET  0.0000 -0.0000 -0.0000
X  1.0000 -0.0000  0.0000
Y  0.0000  1.0000  0.0000
Z  0.0000 -0.0000  1.0000

PART 1
OFFSET -5.7504  2.0659 -1.3114
X  0.9998 -0.0000 -0.0185
Y -0.0029  0.9874 -0.1583
Z  0.0183  0.1584  0.9872


FRAME 2237
PART 0
OFFSET  0.0000 -0.0000 -0.0000
X  1.0000 -0.0000  0.0000
Y  0.0000  1.0000  0.0000
Z  0.0000 -0.0000  1.0000

PART 1
OFFSET -6.0017  2.3948 -1.2709
X  0.9998 -0.0000 -0.0184
Y -0.0029  0.9874 -0.1582
Z  0.0181  0.1582  0.9872


FRAME 2238
PART 0
OFFSET  0.0000 -0.0000 -0.0000
X  1.0000 -0.0000  0.0000
Y  0.0000  1.0000  0.0000
Z  0.0000 -0.0000  1.0000

PART 1
OFFSET -6.3027  2.7548 -1.2146
X  0.9999 -0.0000 -0.0171
Y -0.0026  0.9887 -0.1500
Z  0.0169  0.1500  0.9885


FRAME 2239
PART 0
OFFSET  0.0000 -0.0000 -0.0000
X  1.0000 -0.0000  0.0000
Y  0.0000  1.0000  0.0000
Z  0.0000 -0.0000  1.0000

PART 1
OFFSET -6.6323  3.1261 -1.1483
X  0.9999 -0.0000 -0.0151
Y -0.0020  0.9908 -0.1354
Z  0.0149  0.1354  0.9907


FRAME 2240
PART 0
OFFSET  0.0000 -0.0000 -0.0000
X  1.0000 -0.0000  0.0000
Y  0.0000  1.0000  0.0000
Z  0.0000 -0.0000  1.0000

PART 1
OFFSET -6.9692  3.4891 -1.0776
X  0.9999 -0.0000 -0.0124
Y -0.0014  0.9933 -0.1159
Z  0.0123  0.1159  0.9932


FRAME 2241
PART 0
OFFSET  0.0000 -0.0000 -0.0000
X  1.0000 -0.0000  0.0000
Y  0.0000  1.0000  0.0000
Z  0.0000 -0.0000  1.0000

PART 1
OFFSET -7.2922  3.8241 -1.0082
X  1.0000 -0.0000 -0.0095
Y -0.0009  0.9957 -0.0930
Z  0.0094  0.0930  0.9956


FRAME 2242
PART 0
OFFSET  0.0000 -0.0000 -0.0000
X  1.0000 -0.0000  0.0000
Y  0.0000  1.0000  0.0000
Z  0.0000 -0.0000  1.0000

PART 1
OFFSET -7.5801  4.1114 -0.9456
X  1.0000 -0.0000 -0.0065
Y -0.0004  0.9977 -0.0684
Z  0.0065  0.0684  0.9976


FRAME 2243
PART 0
OFFSET  0.0000 -0.0000 -0.0000
X  1.0000 -0.0000  0.0000
Y  0.0000  1.0000  0.0000
Z  0.0000 -0.0000  1.0000

PART 1
OFFSET -7.8117  4.3314 -0.8956
X  1.0000 -0.0000 -0.0038
Y -0.0002  0.9990 -0.0436
Z  0.0038  0.0436  0.9990


FRAME 2244
PART 0
OFFSET  0.0000 -0.0000 -0.0000
X  1.0000 -0.0000  0.0000
Y  0.0000  1.0000  0.0000
Z  0.0000 -0.0000  1.0000

PART 1
OFFSET -7.9659  4.4643 -0.8638
X  1.0000  0.0000 -0.0015
Y -0.0000  0.9998 -0.0203
Z  0.0015  0.0203  0.9998


FRAME 2245
PART 0
OFFSET  0.0000 -0.0000 -0.0000
X  1.0000 -0.0000  0.0000
Y  0.0000  1.0000  0.0000
Z  0.0000 -0.0000  1.0000

PART 1
OFFSET -8.0213  4.4905 -0.8558
X  1.0000 -0.0000  0.0000
Y  0.0000  1.0000  0.0000
Z  0.0000 -0.0000  1.0000


NUMKEYS 0
