// Export filename: `C:\projects\cod\t5\xanim_export\t5_viewmodels\l96a1\l96a1_extclip_reload.XANIM_EXPORT`
// Source filename: `D:\projects\devanim\t5\animation_assets\viewmodels\l96a1\ViewModel_l96a1_animated.fbx`
// Export time: Mon Aug 30 02:07:57 2010

ANIMATION
VERSION 3

NUMPARTS 79
PART 0 "tag_ads"
PART 1 "tag_torso"
PART 2 "J_Shoulder_LE"
PART 3 "J_Elbow_LE"
PART 4 "J_WristTwist_LE"
PART 5 "J_Sleave_Reshape_Bottom_LE_1"
PART 6 "J_Sleave_Reshape_Bottom_LE_2"
PART 7 "J_Sleave_Reshape_Top_LE_1"
PART 8 "J_Sleave_Reshape_Top_LE_2"
PART 9 "J_Sleave_Reshape_Top_LE_3"
PART 10 "J_Wrist_LE"
PART 11 "J_Thumb_LE_0"
PART 12 "J_Thumb_LE_1"
PART 13 "J_Thumb_LE_2"
PART 14 "J_Thumb_LE_3"
PART 15 "J_PinkyPalm_LE"
PART 16 "J_Pinky_LE_0"
PART 17 "J_Pinky_LE_1"
PART 18 "J_Pinky_LE_2"
PART 19 "J_Pinky_LE_3"
PART 20 "J_RingPalm_LE"
PART 21 "J_Ring_LE_0"
PART 22 "J_Ring_LE_1"
PART 23 "J_Ring_LE_2"
PART 24 "J_Ring_LE_3"
PART 25 "J_Webbing_LE"
PART 26 "J_Index_LE_0"
PART 27 "J_Index_LE_1"
PART 28 "J_Index_LE_2"
PART 29 "J_Index_LE_3"
PART 30 "J_Mid_LE_0"
PART 31 "J_Mid_LE_1"
PART 32 "J_Mid_LE_2"
PART 33 "J_Mid_LE_3"
PART 34 "tag_knife_attach"
PART 35 "tag_weapon"
PART 36 "J_Gun"
PART 37 "tag_bolt"
PART 38 "tag_bolt_handle"
PART 39 "tag_clip_release"
PART 40 "tag_trigger"
PART 41 "tag_bipod_right"
PART 42 "tag_bipod_left"
PART 43 "tag_ext_clip"
PART 44 "tag_backlip"
PART 45 "tag_frontlip"
PART 46 "J_Shoulder_RI"
PART 47 "J_Elbow_RI"
PART 48 "J_WristTwist_RI"
PART 49 "J_Sleave_Reshape_Top_RI_3"
PART 50 "J_Sleave_Reshape_Top_RI_2"
PART 51 "J_Sleave_Reshape_Top_RI_1"
PART 52 "J_Wrist_RI"
PART 53 "J_Thumb_RI_0"
PART 54 "J_Thumb_RI_1"
PART 55 "J_Thumb_RI_2"
PART 56 "J_Thumb_RI_3"
PART 57 "J_PinkyPalm_RI"
PART 58 "J_Pinky_RI_0"
PART 59 "J_Pinky_RI_1"
PART 60 "J_Pinky_RI_2"
PART 61 "J_Pinky_RI_3"
PART 62 "J_RingPalm_RI"
PART 63 "J_Ring_RI_0"
PART 64 "J_Ring_RI_1"
PART 65 "J_Ring_RI_2"
PART 66 "J_Ring_RI_3"
PART 67 "J_Webbing_RI"
PART 68 "J_Index_RI_0"
PART 69 "J_Index_RI_1"
PART 70 "J_Index_RI_2"
PART 71 "J_Index_RI_3"
PART 72 "J_Mid_RI_0"
PART 73 "J_Mid_RI_1"
PART 74 "J_Mid_RI_2"
PART 75 "J_Mid_RI_3"
PART 76 "tag_cambone"
PART 77 "tag_camera"
PART 78 "tag_gasmask"

FRAMERATE 30
NUMFRAMES 121

FRAME 1800
PART 0
OFFSET  0.0000 -0.0000 -0.0000
X  1.0000 -0.0000  0.0000
Y  0.0000  1.0000  0.0000
Z  0.0000 -0.0000  1.0000

PART 1
OFFSET -4.6318 -0.0000 -1.3770
X  1.0000 -0.0000  0.0000
Y  0.0000  1.0000  0.0000
Z  0.0000 -0.0000  1.0000

PART 2
OFFSET -1.2815  5.8385 -7.1997
X  0.8967 -0.1569 -0.4139
Y -0.1833 -0.9828 -0.0246
Z -0.4029  0.0979 -0.9100

PART 3
OFFSET  9.5629  3.9414 -12.2057
X  0.7258 -0.5678  0.3884
Y -0.5844 -0.2110  0.7836
Z -0.3630 -0.7956 -0.4850

PART 4
OFFSET  15.7358 -0.8884 -8.9025
X  0.7258 -0.5678  0.3884
Y  0.1861  0.7055  0.6838
Z -0.6623 -0.4240  0.6178

PART 5
OFFSET  17.8393 -0.1820 -8.2057
X  0.7302 -0.5644  0.3850
Y  0.3693  0.8002  0.4726
Z -0.5748 -0.2029  0.7928

PART 6
OFFSET  16.9404 -1.7805 -9.8467
X  0.7302 -0.5644  0.3850
Y  0.3693  0.8002  0.4726
Z -0.5748 -0.2029  0.7928

PART 7
OFFSET  16.4270 -1.2666 -5.7938
X  0.7302 -0.5644  0.3850
Y  0.3693  0.8002  0.4726
Z -0.5748 -0.2029  0.7928

PART 8
OFFSET  15.8699 -2.7100 -7.1246
X  0.7302 -0.5644  0.3850
Y  0.3693  0.8002  0.4726
Z -0.5748 -0.2029  0.7928

PART 9
OFFSET  15.9318 -2.7719 -8.3196
X  0.7302 -0.5644  0.3850
Y  0.3693  0.8002  0.4726
Z -0.5748 -0.2029  0.7928

PART 10
OFFSET  17.9607 -2.6293 -7.7119
X  0.9335 -0.2742  0.2310
Y  0.0648  0.7628  0.6433
Z -0.3527 -0.5856  0.7299

PART 11
OFFSET  18.2984 -2.2569 -6.6874
X  0.8272 -0.1281  0.5472
Y -0.0250  0.9643  0.2636
Z -0.5614 -0.2317  0.7944

PART 12
OFFSET  20.0497 -2.4501 -5.4362
X  0.9166 -0.3638  0.1658
Y  0.2216  0.8076  0.5465
Z -0.3327 -0.4642  0.8209

PART 13
OFFSET  21.4789 -3.1374 -5.1092
X  0.9359 -0.0945  0.3393
Y -0.0423  0.9262  0.3747
Z -0.3497 -0.3651  0.8628

PART 14
OFFSET  22.4743 -3.2406 -4.6965
X  0.9068  0.3556 -0.2265
Y -0.2622  0.0547 -0.9635
Z -0.3302  0.9330  0.1429

PART 15
OFFSET  18.6100 -3.7964 -8.0578
X  0.5009 -0.8469  0.1783
Y -0.5692 -0.1672  0.8051
Z -0.6520 -0.5047 -0.5658

PART 16
OFFSET  19.7606 -5.6463 -7.4761
X -0.2380 -0.4139  0.8787
Y -0.7966  0.6008  0.0672
Z -0.5557 -0.6839 -0.4727

PART 17
OFFSET  19.4237 -6.2324 -6.2321
X -0.7912  0.2769  0.5454
Y -0.2729  0.6382 -0.7199
Z -0.5473 -0.7184 -0.4294

PART 18
OFFSET  18.7222 -5.9869 -5.7485
X -0.7608  0.6482 -0.0306
Y  0.3327  0.3492 -0.8760
Z -0.5572 -0.6767 -0.4813

PART 19
OFFSET  17.9994 -5.3711 -5.7776
X  0.4537 -0.6171  0.6429
Y  0.6704 -0.2390 -0.7025
Z  0.5872  0.7497  0.3052

PART 20
OFFSET  18.9076 -3.2680 -7.6813
X  0.8663 -0.4987  0.0267
Y -0.3742 -0.6128  0.6961
Z -0.3308 -0.6130 -0.7175

PART 21
OFFSET  20.8735 -4.9429 -7.3839
X -0.1191 -0.6021  0.7895
Y -0.8682  0.4489  0.2114
Z -0.4817 -0.6602 -0.5762

PART 22
OFFSET  20.6707 -5.9680 -6.0398
X -0.7987  0.0714  0.5975
Y -0.3664  0.7299 -0.5770
Z -0.4774 -0.6798 -0.5568

PART 23
OFFSET  19.5638 -5.8691 -5.2117
X -0.8633  0.4854  0.1381
Y  0.1780  0.5489 -0.8167
Z -0.4722 -0.6805 -0.5603

PART 24
OFFSET  18.6275 -5.3427 -5.0619
X  0.5824 -0.7447  0.3258
Y  0.6607  0.2003 -0.7234
Z  0.4735  0.6366  0.6087

PART 25
OFFSET  20.7524 -2.5772 -5.5870
X  0.7677 -0.5684  0.2959
Y  0.6109  0.5100 -0.6055
Z  0.1932  0.6457  0.7388

PART 26
OFFSET  21.7782 -2.9047 -6.5977
X  0.6827 -0.7282  0.0595
Y -0.5670 -0.4767  0.6717
Z -0.4608 -0.4924 -0.7384

PART 27
OFFSET  22.9802 -4.1869 -6.4928
X  0.3493 -0.8773  0.3292
Y -0.8312 -0.1279  0.5411
Z -0.4326 -0.4626 -0.7739

PART 28
OFFSET  23.4311 -5.2253 -6.0457
X -0.0322 -0.7343  0.6781
Y -0.9019  0.3138  0.2970
Z -0.4308 -0.6020 -0.6723

PART 29
OFFSET  23.3948 -6.0547 -5.2798
X  0.7034 -0.2135 -0.6779
Y -0.1817  0.8681 -0.4619
Z  0.6872  0.4481  0.5718

PART 30
OFFSET  21.5450 -3.8081 -7.1893
X  0.2848 -0.8374  0.4665
Y -0.8395  0.0170  0.5431
Z -0.4627 -0.5463 -0.6981

PART 31
OFFSET  22.1014 -5.4440 -6.2780
X -0.6074 -0.3835  0.6958
Y -0.6275  0.7687 -0.1241
Z -0.4872 -0.5120 -0.7075

PART 32
OFFSET  21.2143 -6.0041 -5.2617
X -0.8641  0.2833  0.4160
Y  0.0156  0.8412 -0.5406
Z -0.5031 -0.4606 -0.7312

PART 33
OFFSET  20.2321 -5.6870 -4.7953
X  0.6848 -0.7251  0.0730
Y  0.5290  0.4257 -0.7341
Z  0.5012  0.5413  0.6751

PART 34
OFFSET  19.9193 -4.6761 -6.3200
X -0.3921 -0.6157 -0.6835
Y  0.3527  0.5856 -0.7299
Z  0.8496 -0.5272 -0.0125

PART 35
OFFSET  10.9063 -4.4801 -6.1535
X  1.0000 -0.0000  0.0000
Y  0.0000  1.0000  0.0000
Z  0.0000 -0.0000  1.0000

PART 36
OFFSET  10.9063 -4.4801 -6.1535
X  1.0000 -0.0000  0.0000
Y  0.0000  1.0000  0.0000
Z  0.0000 -0.0000  1.0000

PART 37
OFFSET  10.7149 -4.4638 -3.3065
X  1.0000 -0.0000  0.0000
Y  0.0000  1.0000  0.0000
Z  0.0000 -0.0000  1.0000

PART 38
OFFSET  12.2872 -4.4638 -3.3407
X  1.0000 -0.0000  0.0000
Y  0.0000  1.0000  0.0000
Z  0.0000 -0.0000  1.0000

PART 39
OFFSET  13.2818 -4.4801 -7.6345
X  1.0000 -0.0000  0.0000
Y  0.0000  1.0000  0.0000
Z  0.0000 -0.0000  1.0000

PART 40
OFFSET  11.1247 -4.4801 -6.6572
X  1.0000 -0.0000  0.0000
Y  0.0000  1.0000  0.0000
Z  0.0000 -0.0000  1.0000

PART 41
OFFSET  31.9407 -5.6656 -7.0257
X -0.0000  0.5000  0.8660
Y  0.0000  0.8660 -0.5000
Z -1.0000  0.0000 -0.0000

PART 42
OFFSET  31.9407 -3.2898 -7.0257
X -0.0000 -0.5000  0.8660
Y  0.0000  0.8660  0.5000
Z -1.0000  0.0000 -0.0000

PART 43
OFFSET  15.9020 -4.4794 -7.5536
X  1.0000 -0.0000  0.0000
Y  0.0000  1.0000  0.0000
Z  0.0000 -0.0000  1.0000

PART 44
OFFSET  20.7047 -4.4827 -0.1874
X -0.2300 -0.0000 -0.9732
Y -0.0000  1.0000  0.0000
Z  0.9732  0.0000 -0.2300

PART 45
OFFSET  8.3880 -4.4827 -0.3571
X -0.3786 -0.0000  0.9255
Y -0.0000  1.0000 -0.0000
Z -0.9255 -0.0000 -0.3786

PART 46
OFFSET -3.5060 -7.9373 -3.1869
X -0.0089 -0.1571  0.9875
Y -0.3910 -0.9084 -0.1480
Z  0.9203 -0.3874 -0.0534

PART 47
OFFSET -3.3987 -6.0376 -15.1302
X -0.8012 -0.0142 -0.5983
Y  0.5835  0.2032 -0.7862
Z  0.1327 -0.9790 -0.1545

PART 48
OFFSET  3.4155 -5.9169 -10.0416
X -0.8012 -0.0142 -0.5983
Y  0.5984 -0.0149 -0.8010
Z  0.0024 -0.9998  0.0205

PART 49
OFFSET  3.9842 -4.9260 -8.4228
X -0.8050 -0.0127 -0.5931
Y -0.1388  0.9760  0.1675
Z  0.5768  0.2172 -0.7875

PART 50
OFFSET  3.8126 -5.7093 -7.5324
X -0.8050 -0.0127 -0.5931
Y -0.1388  0.9760  0.1675
Z  0.5768  0.2172 -0.7875

PART 51
OFFSET  4.1940 -6.9609 -7.8471
X -0.8050 -0.0127 -0.5931
Y -0.1388  0.9760  0.1675
Z  0.5768  0.2172 -0.7875

PART 52
OFFSET  5.8716 -5.8733 -8.2074
X -0.9971 -0.0023 -0.0755
Y  0.0755  0.0083 -0.9971
Z  0.0029 -1.0000 -0.0081

PART 53
OFFSET  6.2462 -5.4697 -7.2079
X -0.4606 -0.8450 -0.2718
Y  0.7231 -0.1796 -0.6670
Z  0.5148 -0.5037  0.6937

PART 54
OFFSET  7.1392 -3.6004 -6.5934
X -0.9449 -0.3083  0.1101
Y  0.1868 -0.7840 -0.5920
Z  0.2688 -0.5389  0.7983

PART 55
OFFSET  8.6457 -3.0891 -6.8960
X -0.8201  0.1479  0.5527
Y -0.4092 -0.8269 -0.3859
Z  0.3999 -0.5426  0.7387

PART 56
OFFSET  9.5212 -3.2102 -7.5209
X -0.9466  0.2874 -0.1460
Y  0.2923  0.5742 -0.7648
Z -0.1359 -0.7666 -0.6275

PART 57
OFFSET  6.7957 -5.6604 -9.2096
X -0.9313 -0.0577  0.3597
Y  0.0701 -0.9973  0.0216
Z  0.3575  0.0453  0.9328

PART 58
OFFSET  8.9316 -5.4019 -9.8846
X -0.3752 -0.9261  0.0400
Y  0.8942 -0.3730 -0.2475
Z  0.2441 -0.0571  0.9681

PART 59
OFFSET  9.4628 -4.0908 -9.9411
X  0.5358 -0.8223 -0.1914
Y  0.8196  0.5611 -0.1163
Z  0.2030 -0.0946  0.9746

PART 60
OFFSET  8.9877 -3.3617 -9.7714
X  0.9676  0.0017 -0.2526
Y  0.0108  0.9988  0.0484
Z  0.2524 -0.0495  0.9664

PART 61
OFFSET  8.0685 -3.3634 -9.5314
X -0.7834 -0.6211  0.0231
Y -0.5826  0.7466  0.3212
Z -0.2168  0.2381 -0.9467

PART 62
OFFSET  6.9652 -5.8051 -8.5315
X -0.9833 -0.0129  0.1816
Y  0.0200 -0.9991  0.0372
Z  0.1809  0.0402  0.9827

PART 63
OFFSET  9.4908 -5.7996 -9.1478
X -0.2986 -0.9527  0.0561
Y  0.9315 -0.3038 -0.2001
Z  0.2077 -0.0075  0.9782

PART 64
OFFSET  9.9992 -4.1776 -9.2433
X  0.6356 -0.7578 -0.1476
Y  0.7478  0.6518 -0.1261
Z  0.1918 -0.0302  0.9810

PART 65
OFFSET  9.1184 -3.1274 -9.0387
X  0.9550  0.2385 -0.1761
Y -0.2297  0.9708  0.0693
Z  0.1875 -0.0258  0.9819

PART 66
OFFSET  8.0826 -3.3860 -8.8477
X -0.6420 -0.7512  0.1530
Y -0.7434  0.6588  0.1155
Z -0.1875 -0.0396 -0.9815

PART 67
OFFSET  1.6593 -6.4257 -7.6829
X -0.9520 -0.2818  0.1195
Y -0.2895  0.9557 -0.0532
Z -0.0993 -0.0852 -0.9914

PART 68
OFFSET  9.7012 -6.2424 -7.1642
X -0.9665 -0.1352 -0.2180
Y  0.1413 -0.9899 -0.0123
Z -0.2141 -0.0427  0.9759

PART 69
OFFSET  11.4029 -6.0043 -6.7804
X -0.1589 -0.9870 -0.0238
Y  0.9631 -0.1603  0.2160
Z -0.2170  0.0115  0.9761

PART 70
OFFSET  11.5829 -4.8037 -6.6922
X  0.4363 -0.8990  0.0371
Y  0.8754  0.4336  0.2135
Z -0.2080 -0.0607  0.9762

PART 71
OFFSET  11.0902 -3.7882 -6.7341
X -0.9908 -0.1158  0.0698
Y -0.1226  0.9872 -0.1017
Z -0.0571 -0.1094 -0.9924

PART 72
OFFSET  9.6762 -6.0543 -8.2525
X -0.1799 -0.9837 -0.0063
Y  0.9832 -0.1800  0.0294
Z -0.0301 -0.0009  0.9995

PART 73
OFFSET  10.0276 -4.1326 -8.2401
X  0.7572 -0.6526  0.0272
Y  0.6532  0.7569 -0.0223
Z -0.0060  0.0346  0.9994

PART 74
OFFSET  8.9217 -3.1794 -8.2799
X  0.9619  0.2714 -0.0328
Y -0.2733  0.9581 -0.0859
Z  0.0081  0.0916  0.9958

PART 75
OFFSET  7.8320 -3.4868 -8.2499
X -0.5635 -0.8259  0.0163
Y -0.8254  0.5638  0.0297
Z -0.0338  0.0033 -0.9994

PART 76
OFFSET  0.0000 -0.0000 -0.0000
X  1.0000 -0.0000  0.0000
Y  0.0000  1.0000  0.0000
Z  0.0000 -0.0000  1.0000

PART 77
OFFSET  0.0000 -0.0000 -0.0000
X  1.0000 -0.0000  0.0000
Y  0.0000  1.0000  0.0000
Z  0.0000 -0.0000  1.0000

PART 78
OFFSET  1.5404 -0.0000  4.1357
X  1.0000 -0.0000  0.0000
Y  0.0000  1.0000  0.0000
Z  0.0000 -0.0000  1.0000


FRAME 1801
PART 0
OFFSET  0.0000 -0.0000 -0.0000
X  1.0000 -0.0000  0.0000
Y  0.0000  1.0000  0.0000
Z  0.0000 -0.0000  1.0000

PART 1
OFFSET -4.6318 -0.0000 -1.3770
X  1.0000 -0.0000  0.0000
Y  0.0000  1.0000  0.0000
Z  0.0000 -0.0000  1.0000

PART 2
OFFSET -1.2615  5.8183 -7.1997
X  0.8964 -0.1598 -0.4135
Y -0.1817 -0.9833 -0.0140
Z -0.4043  0.0877 -0.9104

PART 3
OFFSET  9.5792  3.8862 -12.2003
X  0.7346 -0.5599  0.3832
Y -0.5736 -0.2108  0.7915
Z -0.3624 -0.8013 -0.4761

PART 4
OFFSET  15.8273 -0.8761 -8.9407
X  0.7346 -0.5599  0.3832
Y  0.1891  0.7114  0.6769
Z -0.6516 -0.4248  0.6284

PART 5
OFFSET  17.9331 -0.1493 -8.2724
X  0.7390 -0.5564  0.3798
Y  0.3685  0.8058  0.4636
Z -0.5640 -0.2026  0.8005

PART 6
OFFSET  17.0278 -1.7644 -9.8935
X  0.7390 -0.5564  0.3798
Y  0.3685  0.8058  0.4636
Z -0.5640 -0.2026  0.8005

PART 7
OFFSET  16.5572 -1.2304 -5.8380
X  0.7390 -0.5564  0.3798
Y  0.3685  0.8058  0.4636
Z -0.5640 -0.2026  0.8005

PART 8
OFFSET  15.9961 -2.6860 -7.1538
X  0.7390 -0.5564  0.3798
Y  0.3685  0.8058  0.4636
Z -0.5640 -0.2026  0.8005

PART 9
OFFSET  16.0446 -2.7545 -8.3491
X  0.7390 -0.5564  0.3798
Y  0.3685  0.8058  0.4636
Z -0.5640 -0.2026  0.8005

PART 10
OFFSET  18.0793 -2.5926 -7.7657
X  0.9360 -0.2700  0.2257
Y  0.0678  0.7678  0.6371
Z -0.3453 -0.5810  0.7370

PART 11
OFFSET  18.4240 -2.2116 -6.7468
X  0.8226 -0.0868  0.5619
Y -0.0610  0.9691  0.2390
Z -0.5653 -0.2309  0.7919

PART 12
OFFSET  20.1616 -2.3150 -5.4662
X  0.9246 -0.3306  0.1891
Y  0.1873  0.8270  0.5301
Z -0.3316 -0.4548  0.8266

PART 13
OFFSET  21.6060 -2.9490 -5.1001
X  0.9320 -0.0599  0.3574
Y -0.0752  0.9328  0.3524
Z -0.3545 -0.3553  0.8649

PART 14
OFFSET  22.5964 -3.0142 -4.6681
X  0.9002  0.3762 -0.2192
Y -0.2465  0.0253 -0.9688
Z -0.3590  0.9262  0.1155

PART 15
OFFSET  18.7290 -3.7606 -8.1079
X  0.5171 -0.8391  0.1685
Y -0.5552 -0.1790  0.8122
Z -0.6514 -0.5136 -0.5585

PART 16
OFFSET  19.9177 -5.5932 -7.5483
X -0.1076 -0.4780  0.8717
Y -0.8216  0.5365  0.1927
Z -0.5598 -0.6955 -0.4505

PART 17
OFFSET  19.7653 -6.2700 -6.3141
X -0.7137  0.1465  0.6849
Y -0.4409  0.6658 -0.6019
Z -0.5442 -0.7316 -0.4106

PART 18
OFFSET  19.1325 -6.1400 -5.7068
X -0.8182  0.5358  0.2085
Y  0.1011  0.4911 -0.8652
Z -0.5660 -0.6868 -0.4560

PART 19
OFFSET  18.3552 -5.6310 -5.5087
X  0.6442 -0.6188  0.4496
Y  0.5313 -0.0608 -0.8450
Z  0.5502  0.7832  0.2896

PART 20
OFFSET  19.0281 -3.2286 -7.7378
X  0.8679 -0.4962  0.0236
Y -0.3670 -0.6085  0.7036
Z -0.3348 -0.6193 -0.7102

PART 21
OFFSET  21.0095 -4.8871 -7.4519
X  0.0139 -0.6349  0.7724
Y -0.8759  0.3649  0.3157
Z -0.4824 -0.6809 -0.5511

PART 22
OFFSET  21.0331 -5.9681 -6.1368
X -0.7059 -0.0591  0.7059
Y -0.5261  0.7111 -0.4665
Z -0.4744 -0.7006 -0.5331

PART 23
OFFSET  20.0548 -6.0501 -5.1585
X -0.8809  0.3317  0.3377
Y -0.0584  0.6319 -0.7729
Z -0.4697 -0.7005 -0.5373

PART 24
OFFSET  19.0995 -5.6904 -4.7923
X  0.7320 -0.6671  0.1384
Y  0.4773  0.3571 -0.8029
Z  0.4862  0.6538  0.5798

PART 25
OFFSET  20.8874 -2.5170 -5.6634
X  0.7716 -0.5640  0.2941
Y  0.6048  0.5070 -0.6142
Z  0.1973  0.6517  0.7323

PART 26
OFFSET  21.9061 -2.8494 -6.6797
X  0.7208 -0.6890  0.0759
Y -0.5383 -0.4875  0.6875
Z -0.4366 -0.5364 -0.7222

PART 27
OFFSET  23.1752 -4.0624 -6.5460
X  0.4151 -0.8443  0.3388
Y -0.8116 -0.1754  0.5573
Z -0.4111 -0.5063 -0.7580

PART 28
OFFSET  23.7048 -5.0581 -6.0880
X  0.0506 -0.7291  0.6825
Y -0.9160  0.2385  0.3227
Z -0.3980 -0.6415 -0.6558

PART 29
OFFSET  23.7620 -5.8817 -5.3171
X  0.6985 -0.1583 -0.6979
Y -0.2685  0.8460 -0.4606
Z  0.6634  0.5091  0.5484

PART 30
OFFSET  21.6708 -3.7578 -7.2626
X  0.3789 -0.8118  0.4444
Y -0.8100 -0.0586  0.5835
Z -0.4477 -0.5810 -0.6797

PART 31
OFFSET  22.4109 -5.3437 -6.3945
X -0.4951 -0.4787  0.7251
Y -0.7271  0.6851 -0.0442
Z -0.4756 -0.5491 -0.6872

PART 32
OFFSET  21.6878 -6.0428 -5.3354
X -0.8463  0.1075  0.5218
Y -0.1845  0.8596 -0.4765
Z -0.4998 -0.4995 -0.7076

PART 33
OFFSET  20.7259 -5.9252 -4.7491
X  0.7987 -0.5996 -0.0505
Y  0.3651  0.5497 -0.7513
Z  0.4783  0.5816  0.6580

PART 34
OFFSET  20.0543 -4.6237 -6.3739
X -0.3958 -0.6219 -0.6757
Y  0.3453  0.5810 -0.7370
Z  0.8510 -0.5250 -0.0152

PART 35
OFFSET  10.9038 -4.4756 -6.1621
X  1.0000  0.0005  0.0036
Y -0.0005  0.9999 -0.0111
Z -0.0036  0.0111  0.9999

PART 36
OFFSET  10.9038 -4.4756 -6.1621
X  1.0000  0.0005  0.0036
Y -0.0005  0.9999 -0.0111
Z -0.0036  0.0111  0.9999

PART 37
OFFSET  10.7021 -4.4278 -3.3161
X  1.0000  0.0005  0.0036
Y -0.0005  0.9999 -0.0111
Z -0.0036  0.0111  0.9999

PART 38
OFFSET  12.2745 -4.4273 -3.3446
X  1.0000  0.0005  0.0036
Y -0.0005  0.9999 -0.0111
Z -0.0036  0.0111  0.9999

PART 39
OFFSET  13.2848 -4.4907 -7.6343
X  1.0000  0.0005  0.0036
Y -0.0005  0.9999 -0.0111
Z -0.0036  0.0111  0.9999

PART 40
OFFSET  11.1241 -4.4810 -6.6649
X  1.0000  0.0005  0.0036
Y -0.0005  0.9999 -0.0111
Z -0.0036  0.0111  0.9999

PART 41
OFFSET  31.9419 -5.6591 -6.9446
X -0.0034  0.5096  0.8604
Y  0.0014  0.8604 -0.5096
Z -1.0000 -0.0005 -0.0036

PART 42
OFFSET  31.9407 -3.2834 -6.9709
X -0.0029 -0.4904  0.8715
Y -0.0023  0.8715  0.4904
Z -1.0000 -0.0005 -0.0036

PART 43
OFFSET  15.9046 -4.4875 -7.5439
X  1.0000  0.0005  0.0036
Y -0.0005  0.9999 -0.0111
Z -0.0036  0.0111  0.9999

PART 44
OFFSET  20.6805 -4.4068 -0.1607
X -0.2120 -0.0109 -0.9772
Y -0.0005  0.9999 -0.0111
Z  0.9773 -0.0018 -0.2120

PART 45
OFFSET  8.3645 -4.4154 -0.3751
X -0.3669  0.0101  0.9302
Y -0.0005  0.9999 -0.0111
Z -0.9303 -0.0045 -0.3669

PART 46
OFFSET -3.5060 -7.9373 -3.1869
X -0.0089 -0.1552  0.9878
Y -0.3923 -0.9082 -0.1462
Z  0.9198 -0.3888 -0.0528

PART 47
OFFSET -3.3986 -6.0600 -15.1337
X -0.8017 -0.0143 -0.5976
Y  0.5832  0.2010 -0.7871
Z  0.1314 -0.9795 -0.1527

PART 48
OFFSET  3.4198 -5.9381 -10.0508
X -0.8017 -0.0143 -0.5976
Y  0.5978 -0.0230 -0.8013
Z -0.0022 -0.9996  0.0270

PART 49
OFFSET  3.9910 -4.9448 -8.4344
X -0.8055 -0.0128 -0.5925
Y -0.1375  0.9765  0.1657
Z  0.5765  0.2149 -0.7884

PART 50
OFFSET  3.8191 -5.7262 -7.5423
X -0.8055 -0.0128 -0.5925
Y -0.1375  0.9765  0.1657
Z  0.5765  0.2149 -0.7884

PART 51
OFFSET  4.1987 -6.9788 -7.8549
X -0.8055 -0.0128 -0.5925
Y -0.1375  0.9765  0.1657
Z  0.5765  0.2149 -0.7884

PART 52
OFFSET  5.8774 -5.8941 -8.2187
X -0.9969 -0.0036 -0.0791
Y  0.0791 -0.0027 -0.9969
Z  0.0034 -1.0000  0.0030

PART 53
OFFSET  6.2481 -5.4793 -7.2223
X -0.4592 -0.8482 -0.2641
Y  0.7256 -0.1865 -0.6624
Z  0.5126 -0.4958  0.7011

PART 54
OFFSET  7.1380 -3.6028 -6.6253
X -0.9451 -0.3075  0.1101
Y  0.1893 -0.7904 -0.5826
Z  0.2662 -0.5298  0.8052

PART 55
OFFSET  8.6452 -3.0941 -6.9280
X -0.8222  0.1536  0.5480
Y -0.4074 -0.8313 -0.3782
Z  0.3975 -0.5342  0.7461

PART 56
OFFSET  9.5231 -3.2216 -7.5484
X -0.9462  0.2852 -0.1526
Y  0.2948  0.5658 -0.7700
Z -0.1333 -0.7736 -0.6195

PART 57
OFFSET  6.8050 -5.6919 -9.2198
X -0.9326 -0.0542  0.3569
Y  0.0705 -0.9970  0.0328
Z  0.3541  0.0558  0.9336

PART 58
OFFSET  8.9432 -5.4397 -9.8898
X -0.3749 -0.9258  0.0488
Y  0.8953 -0.3752 -0.2401
Z  0.2407 -0.0463  0.9695

PART 59
OFFSET  9.4740 -4.1290 -9.9589
X  0.5369 -0.8241 -0.1804
Y  0.8197  0.5602 -0.1195
Z  0.1995 -0.0837  0.9763

PART 60
OFFSET  8.9979 -3.3983 -9.7990
X  0.9685 -0.0005 -0.2491
Y  0.0102  0.9993  0.0373
Z  0.2489 -0.0387  0.9678

PART 61
OFFSET  8.0778 -3.3978 -9.5624
X -0.7831 -0.6213  0.0271
Y -0.5841  0.7498  0.3108
Z -0.2134  0.2275 -0.9501

PART 62
OFFSET  6.9721 -5.8289 -8.5394
X -0.9839 -0.0114  0.1781
Y  0.0204 -0.9986  0.0484
Z  0.1773  0.0512  0.9828

PART 63
OFFSET  9.4999 -5.8289 -9.1467
X -0.2984 -0.9522  0.0656
Y  0.9324 -0.3055 -0.1933
Z  0.2041  0.0035  0.9789

PART 64
OFFSET  10.0079 -4.2077 -9.2583
X  0.6365 -0.7590 -0.1369
Y  0.7480  0.6508 -0.1306
Z  0.1882 -0.0193  0.9819

PART 65
OFFSET  9.1258 -3.1558 -9.0685
X  0.9555  0.2371 -0.1753
Y -0.2304  0.9714  0.0578
Z  0.1839 -0.0148  0.9828

PART 66
OFFSET  8.0894 -3.4129 -8.8784
X -0.6422 -0.7499  0.1589
Y -0.7441  0.6597  0.1055
Z -0.1839 -0.0505 -0.9816

PART 67
OFFSET  1.6635 -6.4430 -7.7033
X -0.9523 -0.2810  0.1192
Y -0.2898  0.9549 -0.0648
Z -0.0956 -0.0962 -0.9908

PART 68
OFFSET  9.7033 -6.2495 -7.1575
X -0.9662 -0.1341 -0.2200
Y  0.1378 -0.9905 -0.0017
Z -0.2177 -0.0320  0.9755

PART 69
OFFSET  11.4046 -6.0135 -6.7702
X -0.1917 -0.9812 -0.0210
Y  0.9564 -0.1916  0.2205
Z -0.2203  0.0221  0.9752

PART 70
OFFSET  11.6242 -4.8193 -6.6854
X  0.3785 -0.9249  0.0353
Y  0.9006  0.3768  0.2167
Z -0.2138 -0.0503  0.9756

PART 71
OFFSET  11.1967 -3.7746 -6.7253
X -0.9963 -0.0532  0.0673
Y -0.0597  0.9933 -0.0990
Z -0.0616 -0.1027 -0.9928

PART 72
OFFSET  9.6822 -6.0735 -8.2480
X -0.1794 -0.9838  0.0039
Y  0.9832 -0.1791  0.0350
Z -0.0337  0.0101  0.9994

PART 73
OFFSET  10.0326 -4.1516 -8.2556
X  0.7574 -0.6519  0.0372
Y  0.6528  0.7570 -0.0283
Z -0.0097  0.0457  0.9989

PART 74
OFFSET  8.9263 -3.1995 -8.3099
X  0.9619  0.2716 -0.0323
Y -0.2735  0.9569 -0.0975
Z  0.0044  0.1026  0.9947

PART 75
OFFSET  7.8367 -3.5072 -8.2804
X -0.5632 -0.8260  0.0234
Y -0.8258  0.5636  0.0205
Z -0.0301 -0.0078 -0.9995

PART 76
OFFSET  0.0000 -0.0000 -0.0000
X  1.0000 -0.0000  0.0000
Y  0.0000  1.0000  0.0000
Z  0.0000 -0.0000  1.0000

PART 77
OFFSET -0.0000 -0.0000 -0.0000
X  1.0000 -0.0001 -0.0006
Y  0.0001  1.0000  0.0006
Z  0.0006 -0.0006  1.0000

PART 78
OFFSET  1.5429 -0.0027  4.1348
X  1.0000 -0.0001 -0.0006
Y  0.0001  1.0000  0.0006
Z  0.0006 -0.0006  1.0000


FRAME 1802
PART 0
OFFSET  0.0000 -0.0000 -0.0000
X  1.0000 -0.0000  0.0000
Y  0.0000  1.0000  0.0000
Z  0.0000 -0.0000  1.0000

PART 1
OFFSET -4.6318 -0.0000 -1.3770
X  1.0000 -0.0000  0.0000
Y  0.0000  1.0000  0.0000
Z  0.0000 -0.0000  1.0000

PART 2
OFFSET -1.2067  5.7630 -7.1997
X  0.8951 -0.1668 -0.4135
Y -0.1764 -0.9842  0.0153
Z -0.4095  0.0592 -0.9104

PART 3
OFFSET  9.6187  3.7455 -12.1999
X  0.7563 -0.5387  0.3711
Y -0.5459 -0.2073  0.8118
Z -0.3604 -0.8166 -0.4509

PART 4
OFFSET  16.0517 -0.8365 -9.0435
X  0.7563 -0.5387  0.3711
Y  0.1913  0.7246  0.6621
Z -0.6256 -0.4298  0.6511

PART 5
OFFSET  18.1616 -0.0576 -8.4509
X  0.7606 -0.5352  0.3675
Y  0.3661  0.8210  0.4381
Z -0.5362 -0.1987  0.8204

PART 6
OFFSET  17.2410 -1.7189 -10.0156
X  0.7606 -0.5352  0.3675
Y  0.3661  0.8210  0.4381
Z -0.5362 -0.1987  0.8204

PART 7
OFFSET  16.8791 -1.1202 -5.9581
X  0.7606 -0.5352  0.3675
Y  0.3661  0.8210  0.4381
Z -0.5362 -0.1987  0.8204

PART 8
OFFSET  16.3083 -2.6100 -7.2307
X  0.7606 -0.5352  0.3675
Y  0.3661  0.8210  0.4381
Z -0.5362 -0.1987  0.8204

PART 9
OFFSET  16.3231 -2.6993 -8.4255
X  0.7606 -0.5352  0.3675
Y  0.3661  0.8210  0.4381
Z -0.5362 -0.1987  0.8204

PART 10
OFFSET  18.3705 -2.4880 -7.9057
X  0.9420 -0.2596  0.2125
Y  0.0736  0.7779  0.6240
Z -0.3273 -0.5722  0.7520

PART 11
OFFSET  18.7309 -2.0890 -6.8992
X  0.8052  0.0115  0.5929
Y -0.1466  0.9726  0.1802
Z -0.5746 -0.2320  0.7848

PART 12
OFFSET  20.4217 -1.9800 -5.5580
X  0.9382 -0.2482  0.2412
Y  0.1032  0.8658  0.4895
Z -0.3304 -0.4344  0.8379

PART 13
OFFSET  21.8931 -2.4811 -5.1039
X  0.9174  0.0235  0.3973
Y -0.1537  0.9417  0.2993
Z -0.3671 -0.3357  0.8675

PART 14
OFFSET  22.8658 -2.4550 -4.6295
X  0.8813  0.4270 -0.2023
Y -0.2049 -0.0404 -0.9780
Z -0.4258  0.9033  0.0519

PART 15
OFFSET  19.0227 -3.6563 -8.2421
X  0.5551 -0.8196  0.1419
Y -0.5211 -0.2097  0.8273
Z -0.6483 -0.5332 -0.5435

PART 16
OFFSET  20.3004 -5.4459 -7.7426
X  0.2118 -0.5945  0.7757
Y -0.7976  0.3535  0.4888
Z -0.5648 -0.7222 -0.3993

PART 17
OFFSET  20.6003 -6.2876 -6.6445
X -0.3916 -0.1675  0.9048
Y -0.7495  0.6284 -0.2081
Z -0.5337 -0.7596 -0.3716

PART 18
OFFSET  20.2531 -6.4361 -5.8423
X -0.6787  0.1554  0.7178
Y -0.4518  0.6822 -0.5749
Z -0.5790 -0.7145 -0.3928

PART 19
OFFSET  19.6083 -6.2884 -5.1604
X  0.8865 -0.4438 -0.1313
Y  0.0225  0.3247 -0.9456
Z  0.4622  0.8352  0.2978

PART 20
OFFSET  19.3245 -3.1165 -7.8857
X  0.8719 -0.4894  0.0151
Y -0.3494 -0.6004  0.7193
Z -0.3430 -0.6325 -0.6945

PART 21
OFFSET  21.3433 -4.7346 -7.6323
X  0.3305 -0.6689  0.6659
Y -0.8132  0.1563  0.5606
Z -0.4791 -0.7267 -0.4923

PART 22
OFFSET  21.9060 -5.8734 -6.4986
X -0.3599 -0.3360  0.8704
Y -0.8099  0.5757 -0.1127
Z -0.4632 -0.7455 -0.4793

PART 23
OFFSET  21.4071 -6.3391 -5.2924
X -0.6661 -0.0715  0.7425
Y -0.5867  0.6648 -0.4624
Z -0.4605 -0.7436 -0.4847

PART 24
OFFSET  20.6848 -6.4166 -4.4872
X  0.8582 -0.3578 -0.3680
Y -0.0786  0.6169 -0.7831
Z  0.5072  0.7010  0.5014

PART 25
OFFSET  21.2159 -2.3598 -5.8568
X  0.7811 -0.5538  0.2883
Y  0.5895  0.5020 -0.6328
Z  0.2057  0.6643  0.7186

PART 26
OFFSET  22.2183 -2.7001 -6.8865
X  0.8025 -0.5866  0.1085
Y -0.4677 -0.5056  0.7250
Z -0.3704 -0.6326 -0.6802

PART 27
OFFSET  23.6313 -3.7330 -6.6954
X  0.5622 -0.7477  0.3533
Y -0.7487 -0.2788  0.6014
Z -0.3512 -0.6026 -0.7166

PART 28
OFFSET  24.3362 -4.6054 -6.2224
X  0.2483 -0.6863  0.6836
Y -0.9168  0.0614  0.3947
Z -0.3129 -0.7247 -0.6139

PART 29
OFFSET  24.6166 -5.3806 -5.4503
X  0.6587 -0.0359 -0.7515
Y -0.4669  0.7638 -0.4457
Z  0.5900  0.6445  0.4864

PART 30
OFFSET  21.9793 -3.6190 -7.4513
X  0.5896 -0.7189  0.3681
Y -0.6980 -0.2242  0.6802
Z -0.4065 -0.6579 -0.6340

PART 31
OFFSET  23.1312 -5.0235 -6.7322
X -0.1642 -0.6399  0.7507
Y -0.8822  0.4357  0.1785
Z -0.4413 -0.6329 -0.6361

PART 32
OFFSET  22.8913 -5.9582 -5.6357
X -0.6219 -0.2875  0.7284
Y -0.6168  0.7529 -0.2295
Z -0.4824 -0.5920 -0.6456

PART 33
OFFSET  22.1839 -6.2886 -4.8152
X  0.9017 -0.2226 -0.3706
Y -0.1075  0.7150 -0.6908
Z  0.4188  0.6628  0.6208

PART 34
OFFSET  20.3861 -4.4831 -6.5200
X -0.4033 -0.6350 -0.6588
Y  0.3273  0.5722 -0.7520
Z  0.8545 -0.5189 -0.0229

PART 35
OFFSET  10.8955 -4.4653 -6.1796
X  0.9999  0.0019  0.0129
Y -0.0014  0.9993 -0.0374
Z -0.0129  0.0374  0.9992

PART 36
OFFSET  10.8955 -4.4653 -6.1796
X  0.9999  0.0019  0.0129
Y -0.0014  0.9993 -0.0374
Z -0.0129  0.0374  0.9992

PART 37
OFFSET  10.6674 -4.3428 -3.3379
X  0.9999  0.0019  0.0129
Y -0.0014  0.9993 -0.0374
Z -0.0129  0.0374  0.9992

PART 38
OFFSET  12.2400 -4.3411 -3.3519
X  0.9999  0.0019  0.0129
Y -0.0014  0.9993 -0.0374
Z -0.0129  0.0374  0.9992

PART 39
OFFSET  13.2900 -4.5163 -7.6289
X  0.9999  0.0019  0.0129
Y -0.0014  0.9993 -0.0374
Z -0.0129  0.0374  0.9992

PART 40
OFFSET  11.1205 -4.4837 -6.6801
X  0.9999  0.0019  0.0129
Y -0.0014  0.9993 -0.0374
Z -0.0129  0.0374  0.9992

PART 41
OFFSET  31.9411 -5.6434 -6.7362
X -0.0119  0.5320  0.8466
Y  0.0053  0.8467 -0.5320
Z -0.9999 -0.0019 -0.0129

PART 42
OFFSET  31.9378 -3.2692 -6.8252
X -0.0105 -0.4673  0.8841
Y -0.0077  0.8841  0.4672
Z -0.9999 -0.0019 -0.0129

PART 43
OFFSET  15.9089 -4.5076 -7.5144
X  0.9999  0.0019  0.0129
Y -0.0014  0.9993 -0.0374
Z -0.0129  0.0374  0.9992

PART 44
OFFSET  20.6161 -4.2265 -0.0921
X -0.1672 -0.0371 -0.9852
Y -0.0014  0.9993 -0.0374
Z  0.9859 -0.0049 -0.1672

PART 45
OFFSET  8.3025 -4.2557 -0.4200
X -0.3393  0.0347  0.9400
Y -0.0014  0.9993 -0.0374
Z -0.9407 -0.0140 -0.3390

PART 46
OFFSET -3.5060 -7.9373 -3.1869
X -0.0088 -0.1509  0.9885
Y -0.3953 -0.9075 -0.1420
Z  0.9185 -0.3920 -0.0516

PART 47
OFFSET -3.3993 -6.1128 -15.1419
X -0.8028 -0.0146 -0.5961
Y  0.5823  0.1956 -0.7891
Z  0.1281 -0.9806 -0.1485

PART 48
OFFSET  3.4287 -5.9885 -10.0719
X -0.8028 -0.0146 -0.5961
Y  0.5961 -0.0423 -0.8018
Z -0.0135 -0.9990  0.0427

PART 49
OFFSET  4.0059 -4.9896 -8.4611
X -0.8066 -0.0131 -0.5910
Y -0.1342  0.9777  0.1615
Z  0.5757  0.2096 -0.7904

PART 50
OFFSET  3.8332 -5.7664 -7.5652
X -0.8066 -0.0131 -0.5910
Y -0.1342  0.9777  0.1615
Z  0.5757  0.2096 -0.7904

PART 51
OFFSET  4.2084 -7.0216 -7.8727
X -0.8066 -0.0131 -0.5910
Y -0.1342  0.9777  0.1615
Z  0.5757  0.2096 -0.7904

PART 52
OFFSET  5.8898 -5.9437 -8.2445
X -0.9961 -0.0069 -0.0882
Y  0.0883 -0.0289 -0.9957
Z  0.0044 -0.9996  0.0294

PART 53
OFFSET  6.2508 -5.5023 -7.2561
X -0.4559 -0.8554 -0.2459
Y  0.7319 -0.2030 -0.6505
Z  0.5065 -0.4765  0.7186

PART 54
OFFSET  7.1333 -3.6096 -6.7006
X -0.9458 -0.3057  0.1094
Y  0.1955 -0.8052 -0.5598
Z  0.2593 -0.5081  0.8213

PART 55
OFFSET  8.6428 -3.1072 -7.0026
X -0.8274  0.1670  0.5362
Y -0.4030 -0.8415 -0.3599
Z  0.3911 -0.5139  0.7635

PART 56
OFFSET  9.5265 -3.2500 -7.6113
X -0.9451  0.2799 -0.1688
Y  0.3013  0.5457 -0.7819
Z -0.1268 -0.7898 -0.6001

PART 57
OFFSET  6.8264 -5.7667 -9.2420
X -0.9358 -0.0459  0.3496
Y  0.0712 -0.9957  0.0598
Z  0.3453  0.0808  0.9350

PART 58
OFFSET  8.9705 -5.5297 -9.8986
X -0.3744 -0.9246  0.0698
Y  0.8978 -0.3803 -0.2219
Z  0.2317 -0.0204  0.9726

PART 59
OFFSET  9.5006 -4.2206 -9.9974
X  0.5394 -0.8279 -0.1536
Y  0.8202  0.5579 -0.1266
Z  0.1905 -0.0577  0.9800

PART 60
OFFSET  9.0223 -3.4865 -9.8612
X  0.9707 -0.0059 -0.2400
Y  0.0088  0.9999  0.0111
Z  0.2400 -0.0129  0.9707

PART 61
OFFSET  8.1001 -3.4809 -9.6331
X -0.7827 -0.6213  0.0363
Y -0.5877  0.7570  0.2855
Z -0.2048  0.2022 -0.9577

PART 62
OFFSET  6.9873 -5.8856 -8.5568
X -0.9855 -0.0079  0.1693
Y  0.0209 -0.9970  0.0748
Z  0.1682  0.0773  0.9827

PART 63
OFFSET  9.5207 -5.8985 -9.1404
X -0.2980 -0.9505  0.0879
Y  0.9344 -0.3093 -0.1766
Z  0.1950  0.0295  0.9804

PART 64
OFFSET  10.0281 -4.2802 -9.2900
X  0.6385 -0.7616 -0.1110
Y  0.7485  0.6480 -0.1408
Z  0.1792  0.0068  0.9838

PART 65
OFFSET  9.1432 -3.2247 -9.1362
X  0.9569  0.2336 -0.1726
Y -0.2319  0.9723  0.0300
Z  0.1748  0.0113  0.9845

PART 66
OFFSET  8.1054 -3.4780 -8.9490
X -0.6429 -0.7462  0.1727
Y -0.7457  0.6613  0.0812
Z -0.1748 -0.0766 -0.9816

PART 67
OFFSET  1.6718 -6.4839 -7.7538
X -0.9531 -0.2789  0.1178
Y -0.2902  0.9525 -0.0926
Z -0.0863 -0.1224 -0.9887

PART 68
OFFSET  9.7060 -6.2663 -7.1390
X -0.9655 -0.1299 -0.2256
Y  0.1280 -0.9915  0.0231
Z -0.2267 -0.0065  0.9740

PART 69
OFFSET  11.4060 -6.0375 -6.7419
X -0.2785 -0.9602 -0.0185
Y  0.9328 -0.2751  0.2330
Z -0.2288  0.0476  0.9723

PART 70
OFFSET  11.7307 -4.8673 -6.6603
X  0.2167 -0.9759  0.0258
Y  0.9491  0.2167  0.2287
Z -0.2287 -0.0251  0.9732

PART 71
OFFSET  11.4860 -3.7650 -6.6894
X -0.9916  0.1150  0.0589
Y  0.1097  0.9902 -0.0861
Z -0.0682 -0.0789 -0.9945

PART 72
OFFSET  9.6949 -6.1191 -8.2339
X -0.1784 -0.9835  0.0282
Y  0.9830 -0.1769  0.0488
Z -0.0430  0.0364  0.9984

PART 73
OFFSET  10.0434 -4.1977 -8.2889
X  0.7577 -0.6497  0.0613
Y  0.6523  0.7567 -0.0422
Z -0.0190  0.0720  0.9972

PART 74
OFFSET  8.9368 -3.2486 -8.3785
X  0.9619  0.2718 -0.0305
Y -0.2735  0.9537 -0.1252
Z -0.0049  0.1288  0.9917

PART 75
OFFSET  7.8472 -3.5568 -8.3510
X -0.5626 -0.8258  0.0400
Y -0.8265  0.5629 -0.0020
Z -0.0209 -0.0342 -0.9992

PART 76
OFFSET  0.0000 -0.0000 -0.0000
X  1.0000 -0.0000  0.0000
Y  0.0000  1.0000  0.0000
Z  0.0000 -0.0000  1.0000

PART 77
OFFSET -0.0000 -0.0000 -0.0000
X  1.0000 -0.0006 -0.0023
Y  0.0006  1.0000  0.0023
Z  0.0023 -0.0023  1.0000

PART 78
OFFSET  1.5499 -0.0104  4.1322
X  1.0000 -0.0006 -0.0023
Y  0.0006  1.0000  0.0023
Z  0.0023 -0.0023  1.0000


FRAME 1803
PART 0
OFFSET  0.0000 -0.0000 -0.0000
X  1.0000 -0.0000  0.0000
Y  0.0000  1.0000  0.0000
Z  0.0000 -0.0000  1.0000

PART 1
OFFSET -4.6318 -0.0000 -1.3770
X  1.0000 -0.0000  0.0000
Y  0.0000  1.0000  0.0000
Z  0.0000 -0.0000  1.0000

PART 2
OFFSET -1.1249  5.6803 -7.1997
X  0.8923 -0.1758 -0.4158
Y -0.1659 -0.9843  0.0602
Z -0.4199  0.0153 -0.9074

PART 3
OFFSET  9.6662  3.5538 -12.2289
X  0.7840 -0.5080  0.3569
Y -0.5081 -0.1947  0.8390
Z -0.3567 -0.8391 -0.4107

PART 4
OFFSET  16.3344 -0.7666 -9.1937
X  0.7840 -0.5080  0.3569
Y  0.1835  0.7388  0.6485
Z -0.5930 -0.4429  0.6724

PART 5
OFFSET  18.4451  0.0822 -8.7105
X  0.7880 -0.5045  0.3530
Y  0.3617  0.8432  0.3976
Z -0.4982 -0.1857  0.8469

PART 6
OFFSET  17.5068 -1.6500 -10.1852
X  0.7880 -0.5045  0.3530
Y  0.3617  0.8432  0.3976
Z -0.4982 -0.1857  0.8469

PART 7
OFFSET  17.2895 -0.9319 -6.1367
X  0.7880 -0.5045  0.3530
Y  0.3617  0.8432  0.3976
Z -0.4982 -0.1857  0.8469

PART 8
OFFSET  16.7076 -2.4749 -7.3390
X  0.7880 -0.5045  0.3530
Y  0.3617  0.8432  0.3976
Z -0.4982 -0.1857  0.8469

PART 9
OFFSET  16.6777 -2.6017 -8.5301
X  0.7880 -0.5045  0.3530
Y  0.3617  0.8432  0.3976
Z -0.4982 -0.1857  0.8469

PART 10
OFFSET  18.7378 -2.3238 -8.0997
X  0.9492 -0.2467  0.1955
Y  0.0779  0.7859  0.6134
Z -0.3050 -0.5670  0.7652

PART 11
OFFSET  19.1147 -1.9092 -7.1056
X  0.7720  0.1259  0.6230
Y -0.2473  0.9624  0.1120
Z -0.5855 -0.2405  0.7741

PART 12
OFFSET  20.7234 -1.5548 -5.7069
X  0.9434 -0.1457  0.2978
Y -0.0004  0.8978  0.4404
Z -0.3316 -0.4156  0.8470

PART 13
OFFSET  22.2093 -1.8902 -5.1575
X  0.8895  0.1226  0.4401
Y -0.2473  0.9392  0.2381
Z -0.3841 -0.3206  0.8658

PART 14
OFFSET  23.1495 -1.7563 -4.6379
X  0.8525  0.4900 -0.1822
Y -0.1479 -0.1084 -0.9831
Z -0.5015  0.8650 -0.0199

PART 15
OFFSET  19.3959 -3.4887 -8.4364
X  0.5991 -0.7940  0.1033
Y -0.4792 -0.2522  0.8407
Z -0.6415 -0.5531 -0.5316

PART 16
OFFSET  20.7766 -5.2231 -8.0238
X  0.5587 -0.6516  0.5132
Y -0.6102  0.0962  0.7864
Z -0.5618 -0.7525 -0.3438

PART 17
OFFSET  21.5676 -6.1456 -7.2972
X  0.1521 -0.4719  0.8684
Y -0.8418  0.3985  0.3640
Z -0.5178 -0.7865 -0.3366

PART 18
OFFSET  21.7025 -6.5640 -6.5273
X -0.0796 -0.3369  0.9382
Y -0.8148  0.5641  0.1334
Z -0.5742 -0.7538 -0.3194

PART 19
OFFSET  21.6268 -6.8840 -5.6360
X  0.6555  0.0125 -0.7551
Y -0.6365  0.5474 -0.5434
Z  0.4066  0.8368  0.3668

PART 20
OFFSET  19.6990 -2.9415 -8.0926
X  0.8775 -0.4796  0.0023
Y -0.3275 -0.5957  0.7334
Z -0.3503 -0.6443 -0.6798

PART 21
OFFSET  21.7636 -4.5082 -7.8886
X  0.6604 -0.6258  0.4150
Y -0.5887 -0.0885  0.8035
Z -0.4661 -0.7749 -0.4269

PART 22
OFFSET  22.8880 -5.5736 -7.1821
X  0.1927 -0.5449  0.8161
Y -0.8754  0.2803  0.3939
Z -0.4434 -0.7903 -0.4230

PART 23
OFFSET  23.1551 -6.3288 -6.0511
X -0.0316 -0.4639  0.8853
Y -0.8954  0.4068  0.1812
Z -0.4442 -0.7869 -0.4282

PART 24
OFFSET  23.1209 -6.8319 -5.0910
X  0.5155  0.1090 -0.8499
Y -0.6955  0.6326 -0.3407
Z  0.5005  0.7668  0.4019

PART 25
OFFSET  21.6240 -2.1404 -6.1128
X  0.7932 -0.5418  0.2781
Y  0.5705  0.5011 -0.6508
Z  0.2132  0.6748  0.7065

PART 26
OFFSET  22.6084 -2.4817 -7.1595
X  0.8817 -0.4518  0.1361
Y -0.3821 -0.5143  0.7678
Z -0.2768 -0.7289 -0.6261

PART 27
OFFSET  24.1607 -3.2771 -6.9198
X  0.7143 -0.6042  0.3531
Y -0.6478 -0.3799  0.6603
Z -0.2648 -0.7004 -0.6628

PART 28
OFFSET  25.0452 -3.9691 -6.4502
X  0.4724 -0.5819  0.6620
Y -0.8583 -0.1329  0.4957
Z -0.2005 -0.8023 -0.5622

PART 29
OFFSET  25.5787 -4.6264 -5.7025
X  0.5646  0.0837 -0.8211
Y -0.6762  0.6174 -0.4020
Z  0.4733  0.7822  0.4052

PART 30
OFFSET  22.3679 -3.4097 -7.7085
X  0.7983 -0.5566  0.2300
Y -0.4917 -0.3819  0.7825
Z -0.3477 -0.7378 -0.5786

PART 31
OFFSET  23.9274 -4.4971 -7.2593
X  0.2914 -0.6851  0.6676
Y -0.8748  0.0915  0.4757
Z -0.3870 -0.7227 -0.5727

PART 32
OFFSET  24.3531 -5.4978 -6.2842
X -0.0822 -0.5947  0.7998
Y -0.8943  0.3982  0.2042
Z -0.4399 -0.6984 -0.5645

PART 33
OFFSET  24.2575 -6.1765 -5.3825
X  0.6623  0.2463 -0.7076
Y -0.6625  0.6335 -0.3996
Z  0.3499  0.7335  0.5828

PART 34
OFFSET  20.8043 -4.2803 -6.7340
X -0.4099 -0.6471 -0.6429
Y  0.3050  0.5670 -0.7652
Z  0.8596 -0.5097 -0.0350

PART 35
OFFSET  10.8798 -4.4544 -6.1944
X  0.9997  0.0034  0.0252
Y -0.0017  0.9976 -0.0688
Z -0.0254  0.0687  0.9973

PART 36
OFFSET  10.8798 -4.4544 -6.1944
X  0.9997  0.0034  0.0252
Y -0.0017  0.9976 -0.0688
Z -0.0254  0.0687  0.9973

PART 37
OFFSET  10.6163 -4.2431 -3.3609
X  0.9997  0.0034  0.0252
Y -0.0017  0.9976 -0.0688
Z -0.0254  0.0687  0.9973

PART 38
OFFSET  12.1889 -4.2401 -3.3555
X  0.9997  0.0034  0.0252
Y -0.0017  0.9976 -0.0688
Z -0.0254  0.0687  0.9973

PART 39
OFFSET  13.2922 -4.5480 -7.6115
X  0.9997  0.0034  0.0252
Y -0.0017  0.9976 -0.0688
Z -0.0254  0.0687  0.9973

PART 40
OFFSET  11.1110 -4.4883 -6.6912
X  0.9997  0.0034  0.0252
Y -0.0017  0.9976 -0.0688
Z -0.0254  0.0687  0.9973

PART 41
OFFSET  31.9316 -5.6248 -6.4528
X -0.0228  0.5583  0.8293
Y  0.0112  0.8296 -0.5582
Z -0.9997 -0.0034 -0.0252

PART 42
OFFSET  31.9276 -3.2546 -6.6163
X -0.0211 -0.4393  0.8981
Y -0.0141  0.8983  0.4391
Z -0.9997 -0.0034 -0.0252

PART 43
OFFSET  15.9095 -4.5327 -7.4650
X  0.9997  0.0034  0.0252
Y -0.0017  0.9976 -0.0688
Z -0.0254  0.0687  0.9973

PART 44
OFFSET  20.5238 -4.0134  0.0027
X -0.1096 -0.0686 -0.9916
Y -0.0017  0.9976 -0.0688
Z  0.9940 -0.0059 -0.1095

PART 45
OFFSET  8.2153 -4.0673 -0.4768
X -0.3072  0.0649  0.9494
Y -0.0017  0.9976 -0.0688
Z -0.9516 -0.0227 -0.3064

PART 46
OFFSET -3.5060 -7.9373 -3.1869
X -0.0086 -0.1457  0.9893
Y -0.3988 -0.9067 -0.1370
Z  0.9170 -0.3957 -0.0503

PART 47
OFFSET -3.4025 -6.1752 -15.1513
X -0.8041 -0.0149 -0.5944
Y  0.5814  0.1893 -0.7913
Z  0.1243 -0.9818 -0.1435

PART 48
OFFSET  3.4363 -6.0484 -10.0959
X -0.8041 -0.0149 -0.5944
Y  0.5939 -0.0659 -0.8018
Z -0.0272 -0.9977  0.0619

PART 49
OFFSET  4.0204 -5.0431 -8.4917
X -0.8078 -0.0133 -0.5892
Y -0.1304  0.9790  0.1566
Z  0.5748  0.2033 -0.7926

PART 50
OFFSET  3.8467 -5.8144 -7.5913
X -0.8078 -0.0133 -0.5892
Y -0.1304  0.9790  0.1566
Z  0.5748  0.2033 -0.7926

PART 51
OFFSET  4.2168 -7.0726 -7.8928
X -0.8078 -0.0133 -0.5892
Y -0.1304  0.9790  0.1566
Z  0.5748  0.2033 -0.7926

PART 52
OFFSET  5.9013 -6.0027 -8.2738
X -0.9949 -0.0109 -0.1003
Y  0.1007 -0.0600 -0.9931
Z  0.0048 -0.9981  0.0608

PART 53
OFFSET  6.2496 -5.5301 -7.2953
X -0.4521 -0.8632 -0.2245
Y  0.7401 -0.2225 -0.6347
Z  0.4979 -0.4531  0.7394

PART 54
OFFSET  7.1237 -3.6199 -6.7885
X -0.9469 -0.3032  0.1072
Y  0.2030 -0.8222 -0.5318
Z  0.2494 -0.4818  0.8400

PART 55
OFFSET  8.6364 -3.1255 -7.0875
X -0.8341  0.1828  0.5204
Y -0.3979 -0.8528 -0.3382
Z  0.3820 -0.4892  0.7841

PART 56
OFFSET  9.5278 -3.2862 -7.6803
X -0.9431  0.2734 -0.1892
Y  0.3106  0.5213 -0.7949
Z -0.1187 -0.8084 -0.5765

PART 57
OFFSET  6.8501 -5.8560 -9.2646
X -0.9400 -0.0360  0.3392
Y  0.0712 -0.9932  0.0919
Z  0.3336  0.1105  0.9362

PART 58
OFFSET  9.0020 -5.6372 -9.9017
X -0.3745 -0.9224  0.0941
Y  0.9008 -0.3860 -0.1987
Z  0.2196  0.0104  0.9755

PART 59
OFFSET  9.5322 -4.3313 -10.0350
X  0.5419 -0.8317 -0.1208
Y  0.8213  0.5546 -0.1339
Z  0.1784 -0.0267  0.9836

PART 60
OFFSET  9.0518 -3.5939 -9.9278
X  0.9737 -0.0123 -0.2277
Y  0.0079  0.9998 -0.0202
Z  0.2279  0.0179  0.9735

PART 61
OFFSET  8.1268 -3.5822 -9.7115
X -0.7826 -0.6208  0.0460
Y -0.5918  0.7649  0.2543
Z -0.1931  0.1718 -0.9660

PART 62
OFFSET  7.0026 -5.9532 -8.5741
X -0.9876 -0.0038  0.1572
Y  0.0207 -0.9941  0.1064
Z  0.1559  0.1083  0.9818

PART 63
OFFSET  9.5430 -5.9814 -9.1255
X -0.2984 -0.9476  0.1140
Y  0.9368 -0.3136 -0.1552
Z  0.1828  0.0605  0.9813

PART 64
OFFSET  10.0509 -4.3680 -9.3196
X  0.6404 -0.7640 -0.0791
Y  0.7497  0.6442 -0.1518
Z  0.1669  0.0379  0.9852

PART 65
OFFSET  9.1634 -3.3093 -9.2100
X  0.9588  0.2291 -0.1680
Y -0.2330  0.9725 -0.0034
Z  0.1626  0.0424  0.9858

PART 66
OFFSET  8.1235 -3.5578 -9.0278
X -0.6445 -0.7412  0.1881
Y -0.7472  0.6627  0.0511
Z -0.1625 -0.1076 -0.9808

PART 67
OFFSET  1.6779 -6.5322 -7.8187
X -0.9542 -0.2762  0.1146
Y -0.2897  0.9488 -0.1261
Z -0.0739 -0.1535 -0.9854

PART 68
OFFSET  9.7037 -6.2861 -7.1115
X -0.9645 -0.1221 -0.2342
Y  0.1130 -0.9922  0.0521
Z -0.2387  0.0237  0.9708

PART 69
OFFSET  11.4019 -6.0711 -6.6992
X -0.4002 -0.9161 -0.0256
Y  0.8844 -0.3934  0.2511
Z -0.2401  0.0779  0.9676

PART 70
OFFSET  11.8738 -4.9527 -6.6093
X -0.0270 -0.9996 -0.0010
Y  0.9680 -0.0264  0.2495
Z -0.2494  0.0058  0.9684

PART 71
OFFSET  11.9043 -3.8236 -6.6081
X -0.9352  0.3509  0.0475
Y  0.3484  0.9358 -0.0539
Z -0.0634 -0.0339 -0.9974

PART 72
OFFSET  9.7061 -6.1733 -8.2105
X -0.1780 -0.9824  0.0568
Y  0.9825 -0.1742  0.0665
Z -0.0554  0.0677  0.9962

PART 73
OFFSET  10.0538 -4.2541 -8.3214
X  0.7574 -0.6466  0.0911
Y  0.6522  0.7558 -0.0578
Z -0.0314  0.1032  0.9942

PART 74
OFFSET  8.9476 -3.3097 -8.4545
X  0.9620  0.2718 -0.0271
Y -0.2726  0.9490 -0.1584
Z -0.0173  0.1598  0.9870

PART 75
OFFSET  7.8580 -3.6180 -8.4309
X -0.5624 -0.8248  0.0589
Y -0.8268  0.5616 -0.0299
Z -0.0084 -0.0655 -0.9978

PART 76
OFFSET  0.0000 -0.0000 -0.0000
X  1.0000 -0.0000  0.0000
Y  0.0000  1.0000  0.0000
Z  0.0000 -0.0000  1.0000

PART 77
OFFSET -0.0000 -0.0000 -0.0000
X  1.0000 -0.0012 -0.0049
Y  0.0013  1.0000  0.0049
Z  0.0049 -0.0049  1.0000

PART 78
OFFSET  1.5605 -0.0221  4.1282
X  1.0000 -0.0012 -0.0049
Y  0.0013  1.0000  0.0049
Z  0.0049 -0.0049  1.0000


FRAME 1804
PART 0
OFFSET  0.0000 -0.0000 -0.0000
X  1.0000 -0.0000  0.0000
Y  0.0000  1.0000  0.0000
Z  0.0000 -0.0000  1.0000

PART 1
OFFSET -4.6318 -0.0000 -1.3770
X  1.0000 -0.0000  0.0000
Y  0.0000  1.0000  0.0000
Z  0.0000 -0.0000  1.0000

PART 2
OFFSET -1.0236  5.5781 -7.1997
