// Export filename: `C:\projects\cod\t5\xanim_export\t5_viewmodels\l96a1\l96a1_first_raise.XANIM_EXPORT`
// Source filename: `D:\projects\devanim\t5\animation_assets\viewmodels\l96a1\ViewModel_l96a1_animated.fbx`
// Export time: Sun Aug 29 23:05:14 2010

ANIMATION
VERSION 3

NUMPARTS 79
PART 0 "tag_ads"
PART 1 "tag_torso"
PART 2 "J_Shoulder_LE"
PART 3 "J_Elbow_LE"
PART 4 "J_WristTwist_LE"
PART 5 "J_Sleave_Reshape_Bottom_LE_1"
PART 6 "J_Sleave_Reshape_Bottom_LE_2"
PART 7 "J_Sleave_Reshape_Top_LE_1"
PART 8 "J_Sleave_Reshape_Top_LE_2"
PART 9 "J_Sleave_Reshape_Top_LE_3"
PART 10 "J_Wrist_LE"
PART 11 "J_Thumb_LE_0"
PART 12 "J_Thumb_LE_1"
PART 13 "J_Thumb_LE_2"
PART 14 "J_Thumb_LE_3"
PART 15 "J_PinkyPalm_LE"
PART 16 "J_Pinky_LE_0"
PART 17 "J_Pinky_LE_1"
PART 18 "J_Pinky_LE_2"
PART 19 "J_Pinky_LE_3"
PART 20 "J_RingPalm_LE"
PART 21 "J_Ring_LE_0"
PART 22 "J_Ring_LE_1"
PART 23 "J_Ring_LE_2"
PART 24 "J_Ring_LE_3"
PART 25 "J_Webbing_LE"
PART 26 "J_Index_LE_0"
PART 27 "J_Index_LE_1"
PART 28 "J_Index_LE_2"
PART 29 "J_Index_LE_3"
PART 30 "J_Mid_LE_0"
PART 31 "J_Mid_LE_1"
PART 32 "J_Mid_LE_2"
PART 33 "J_Mid_LE_3"
PART 34 "tag_knife_attach"
PART 35 "tag_weapon"
PART 36 "J_Gun"
PART 37 "tag_bolt"
PART 38 "tag_bolt_handle"
PART 39 "tag_clip"
PART 40 "tag_clip_release"
PART 41 "tag_trigger"
PART 42 "tag_bipod_right"
PART 43 "tag_bipod_left"
PART 44 "tag_backlip"
PART 45 "tag_frontlip"
PART 46 "J_Shoulder_RI"
PART 47 "J_Elbow_RI"
PART 48 "J_WristTwist_RI"
PART 49 "J_Sleave_Reshape_Top_RI_3"
PART 50 "J_Sleave_Reshape_Top_RI_2"
PART 51 "J_Sleave_Reshape_Top_RI_1"
PART 52 "J_Wrist_RI"
PART 53 "J_Thumb_RI_0"
PART 54 "J_Thumb_RI_1"
PART 55 "J_Thumb_RI_2"
PART 56 "J_Thumb_RI_3"
PART 57 "J_PinkyPalm_RI"
PART 58 "J_Pinky_RI_0"
PART 59 "J_Pinky_RI_1"
PART 60 "J_Pinky_RI_2"
PART 61 "J_Pinky_RI_3"
PART 62 "J_RingPalm_RI"
PART 63 "J_Ring_RI_0"
PART 64 "J_Ring_RI_1"
PART 65 "J_Ring_RI_2"
PART 66 "J_Ring_RI_3"
PART 67 "J_Webbing_RI"
PART 68 "J_Index_RI_0"
PART 69 "J_Index_RI_1"
PART 70 "J_Index_RI_2"
PART 71 "J_Index_RI_3"
PART 72 "J_Mid_RI_0"
PART 73 "J_Mid_RI_1"
PART 74 "J_Mid_RI_2"
PART 75 "J_Mid_RI_3"
PART 76 "tag_cambone"
PART 77 "tag_camera"
PART 78 "tag_gasmask"

FRAMERATE 30
NUMFRAMES 51

FRAME 800
PART 0
OFFSET  0.0000 -0.0000 -0.0000
X  1.0000 -0.0000  0.0000
Y  0.0000  1.0000  0.0000
Z  0.0000 -0.0000  1.0000

PART 1
OFFSET -4.6318 -0.0000 -1.3770
X  1.0000 -0.0000  0.0000
Y  0.0000  1.0000  0.0000
Z  0.0000 -0.0000  1.0000

PART 2
OFFSET -0.8186  5.3711 -7.1997
X  0.7168 -0.2370 -0.6558
Y -0.4277  0.5933 -0.6819
Z  0.5507  0.7693  0.3239

PART 3
OFFSET  7.8498  2.5047 -15.1309
X  0.7170 -0.2374 -0.6554
Y -0.6916 -0.3595 -0.6265
Z -0.0869  0.9025 -0.4219

PART 4
OFFSET  13.9485  0.4855 -20.7051
X  0.7170 -0.2374 -0.6554
Y  0.2998  0.9538 -0.0175
Z  0.6293 -0.1839  0.7551

PART 5
OFFSET  15.6696 -1.0480 -20.3967
X  0.7214 -0.2377 -0.6505
Y  0.0948 -0.8965  0.4327
Z -0.6860 -0.3738 -0.6242

PART 6
OFFSET  15.4806  1.3552 -20.8913
X  0.7214 -0.2377 -0.6505
Y  0.0948 -0.8965  0.4327
Z -0.6860 -0.3738 -0.6242

PART 7
OFFSET  13.9940 -2.0457 -22.6737
X  0.7214 -0.2377 -0.6505
Y  0.0948 -0.8965  0.4327
Z -0.6860 -0.3738 -0.6242

PART 8
OFFSET  14.0332 -0.0719 -23.1909
X  0.7214 -0.2377 -0.6505
Y  0.0948 -0.8965  0.4327
Z -0.6860 -0.3738 -0.6242

PART 9
OFFSET  14.3687  0.9113 -22.5939
X  0.7214 -0.2377 -0.6505
Y  0.0948 -0.8965  0.4327
Z -0.6860 -0.3738 -0.6242

PART 10
OFFSET  16.1467 -0.2423 -22.7142
X  0.8004  0.3337 -0.4981
Y -0.2037  0.9327  0.2975
Z  0.5638 -0.1366  0.8145

PART 11
OFFSET  16.5416  0.7519 -22.3167
X  0.7876  0.5738 -0.2247
Y -0.5706  0.8167  0.0857
Z  0.2327  0.0607  0.9707

PART 12
OFFSET  18.1972  2.0750 -22.7390
X  0.8241  0.2262 -0.5193
Y -0.1965  0.9740  0.1125
Z  0.5313  0.0093  0.8471

PART 13
OFFSET  19.5988  2.3831 -23.4892
X  0.7253  0.5230 -0.4476
Y -0.5013  0.8469  0.1773
Z  0.4718  0.0957  0.8765

PART 14
OFFSET  20.3962  2.9675 -23.9301
X  0.1290  0.4991 -0.8569
Y -0.6273 -0.6282 -0.4604
Z -0.7681  0.5969  0.2320

PART 15
OFFSET  17.1561 -0.9862 -23.2896
X  0.9481 -0.2794 -0.1514
Y  0.1880  0.1087  0.9761
Z -0.2563 -0.9540  0.1556

PART 16
OFFSET  19.3468 -1.4618 -23.5328
X  0.5734  0.1176  0.8108
Y -0.8185  0.1247  0.5608
Z -0.0351 -0.9852  0.1678

PART 17
OFFSET  20.1586 -1.2953 -22.3850
X -0.3647  0.1763  0.9143
Y -0.9310 -0.0836 -0.3553
Z  0.0138 -0.9808  0.1946

PART 18
OFFSET  19.8352 -1.1390 -21.5743
X -0.8784  0.1164  0.4636
Y -0.4759 -0.1216 -0.8711
Z -0.0450 -0.9857  0.1623

PART 19
OFFSET  19.0007 -1.0284 -21.1339
X  0.9771  0.1299  0.1688
Y  0.2003 -0.2913 -0.9354
Z -0.0723  0.9478 -0.3106

PART 20
OFFSET  17.1180 -0.2739 -23.3152
X  0.8276  0.0303 -0.5605
Y  0.5557 -0.1842  0.8107
Z -0.0787 -0.9824 -0.1693

PART 21
OFFSET  19.4892 -0.4486 -24.3664
X  0.7282 -0.0157  0.6852
Y -0.6827  0.0715  0.7272
Z -0.0604 -0.9973  0.0414

PART 22
OFFSET  20.7290 -0.4752 -23.1999
X -0.1996  0.0595  0.9781
Y -0.9792  0.0238 -0.2013
Z -0.0353 -0.9979  0.0535

PART 23
OFFSET  20.4523 -0.3928 -21.8444
X -0.7399  0.0568  0.6703
Y -0.6719 -0.0126 -0.7406
Z -0.0336 -0.9983  0.0474

PART 24
OFFSET  19.6498 -0.3313 -21.1174
X  0.9884 -0.0884 -0.1238
Y -0.1243  0.0001 -0.9922
Z  0.0878  0.9961 -0.0109

PART 25
OFFSET  18.5927  2.1942 -23.3407
X  0.9492  0.0956 -0.2997
Y -0.3145  0.2640 -0.9118
Z -0.0080  0.9598  0.2807

PART 26
OFFSET  18.9021  1.8123 -24.7333
X  0.9065 -0.1885 -0.3778
Y  0.3453 -0.1841  0.9203
Z -0.2430 -0.9647 -0.1017

PART 27
OFFSET  20.4981  1.4804 -25.3985
X  0.9586 -0.2773  0.0644
Y -0.1028 -0.1263  0.9867
Z -0.2655 -0.9524 -0.1496

PART 28
OFFSET  21.6796  1.2011 -25.3112
X  0.8161 -0.1360  0.5617
Y -0.5656  0.0122  0.8246
Z -0.1190 -0.9906 -0.0669

PART 29
OFFSET  22.6014  1.0475 -24.6767
X  0.2114 -0.2454 -0.9461
Y -0.9243  0.2646 -0.2752
Z  0.3179  0.9326 -0.1709

PART 30
OFFSET  19.1389  0.7403 -24.8568
X  0.9599 -0.1971  0.1992
Y -0.2085 -0.0272  0.9777
Z -0.1873 -0.9800 -0.0672

PART 31
OFFSET  21.0142  0.3552 -24.4677
X  0.2692 -0.1219  0.9554
Y -0.9355  0.2027  0.2894
Z -0.2289 -0.9716 -0.0594

PART 32
OFFSET  21.4073  0.1773 -23.0723
X -0.4685  0.0755  0.8802
Y -0.8363  0.2832 -0.4694
Z -0.2847 -0.9561 -0.0695

PART 33
OFFSET  20.8753  0.2558 -22.0755
X  0.9116 -0.1777 -0.3707
Y -0.3587  0.0964 -0.9285
Z  0.2007  0.9794  0.0241

PART 34
OFFSET  19.2856 -0.0484 -22.9837
X -0.0937 -0.9904 -0.1012
Y -0.5638  0.1366 -0.8145
Z  0.8205 -0.0193 -0.5713

PART 35
OFFSET  16.5854 -4.3244 -18.2851
X  0.5351  0.4202 -0.7329
Y -0.7051  0.7000 -0.1134
Z  0.4654  0.5774  0.6708

PART 36
OFFSET  16.5854 -4.3244 -18.2851
X  0.5351  0.4202 -0.7329
Y -0.7051  0.7000 -0.1134
Z  0.4654  0.5774  0.6708

PART 37
OFFSET  17.7964 -2.7494 -16.2369
X  0.5351  0.4202 -0.7329
Y -0.7051  0.7000 -0.1134
Z  0.4654  0.5774  0.6708

PART 38
OFFSET  18.6217 -2.1085 -17.4122
X  0.5351  0.4202 -0.7329
Y -0.7051  0.7000 -0.1134
Z  0.4654  0.5774  0.6708

PART 39
OFFSET  18.6064 -3.0333 -22.8858
X  0.5351  0.4202 -0.7329
Y -0.7051  0.7000 -0.1134
Z  0.4654  0.5774  0.6708

PART 40
OFFSET  17.1673 -4.1815 -21.0196
X  0.5351  0.4202 -0.7329
Y -0.7051  0.7000 -0.1134
Z  0.4654  0.5774  0.6708

PART 41
OFFSET  16.4679 -4.5235 -18.7831
X  0.5351  0.4202 -0.7329
Y -0.7051  0.7000 -0.1134
Z  0.4654  0.5774  0.6708

PART 42
OFFSET  28.2705  3.1801 -34.1518
X  0.0505  0.8501  0.5242
Y -0.8433  0.3175 -0.4337
Z -0.5351 -0.4202  0.7329

PART 43
OFFSET  26.5954  4.8432 -34.4214
X  0.7556  0.1501  0.6377
Y -0.3779  0.8950  0.2372
Z -0.5351 -0.4202  0.7329

PART 44
OFFSET  24.6067  3.2359 -21.4640
X -0.5760 -0.6586 -0.4843
Y -0.7051  0.7000 -0.1134
Z  0.4137  0.2761 -0.8675

PART 45
OFFSET  17.9372 -2.0372 -12.5508
X  0.2281  0.3754  0.8984
Y -0.7051  0.7000 -0.1134
Z -0.6714 -0.6075  0.4243

PART 46
OFFSET -3.5060 -7.9373 -3.1869
X  0.4958 -0.2349  0.8361
Y -0.1028 -0.9718 -0.2121
Z  0.8624  0.0191 -0.5059

PART 47
OFFSET -9.5016 -5.0965 -13.2985
X -0.9363 -0.3133 -0.1586
Y -0.0069  0.4680 -0.8837
Z  0.3511 -0.8263 -0.4403

PART 48
OFFSET -1.5379 -2.4316 -11.9497
X -0.9363 -0.3133 -0.1586
Y  0.3490 -0.7796 -0.5201
Z  0.0393 -0.5423  0.8393

PART 49
OFFSET -0.5881 -1.3812 -10.5640
X -0.9372 -0.3138 -0.1521
Y -0.3483  0.8204  0.4534
Z -0.0175  0.4779 -0.8782

PART 50
OFFSET -0.0089 -2.2110 -9.9223
X -0.9372 -0.3138 -0.1521
Y -0.3483  0.8204  0.4534
Z -0.0175  0.4779 -0.8782

PART 51
OFFSET  0.5478 -3.1734 -10.6803
X -0.9372 -0.3138 -0.1521
Y -0.3483  0.8204  0.4534
Z -0.0175  0.4779 -0.8782

PART 52
OFFSET  1.3326 -1.4711 -11.4635
X -0.0973 -0.3163  0.9436
Y -0.3609  0.8948  0.2627
Z -0.9275 -0.3150 -0.2012

PART 53
OFFSET  2.1054 -2.0629 -12.0589
X -0.9141 -0.2137  0.3446
Y -0.3675  0.7957 -0.4814
Z -0.1713 -0.5667 -0.8059

PART 54
OFFSET  4.1243 -1.6496 -12.7096
X -0.3072 -0.5560  0.7724
Y -0.9343  0.3306 -0.1336
Z -0.1811 -0.7626 -0.6210

PART 55
OFFSET  4.5847 -0.6470 -13.8949
X  0.2889 -0.7441  0.6024
Y -0.9366 -0.0895  0.3387
Z -0.1981 -0.6621 -0.7228

PART 56
OFFSET  4.2973  0.1895 -14.5190
X  0.1475 -0.1424  0.9788
Y  0.2640  0.9594  0.0998
Z -0.9532  0.2436  0.1791

PART 57
OFFSET  1.2158 -0.1816 -11.9400
X  0.0190 -0.6859  0.7275
Y -0.9094 -0.3142 -0.2725
Z  0.4154 -0.6564 -0.6297

PART 58
OFFSET  1.3452  1.3024 -13.6329
X -0.8665 -0.4772  0.1462
Y -0.3777  0.4354 -0.8172
Z  0.3263 -0.7633 -0.5575

PART 59
OFFSET  2.5721  1.9780 -13.8399
X -0.7962  0.1047 -0.5959
Y  0.5302  0.5951 -0.6039
Z  0.2914 -0.7968 -0.5293

PART 60
OFFSET  3.2780  1.8852 -13.3115
X -0.0282  0.5889 -0.8077
Y  0.9424  0.2850  0.1750
Z  0.3333 -0.7562 -0.5630

PART 61
OFFSET  3.3047  1.3257 -12.5442
X -0.6183 -0.5200  0.5893
Y  0.7717 -0.2594  0.5807
Z -0.1491  0.8138  0.5617

PART 62
OFFSET  1.3476 -0.7507 -12.3503
X -0.0099 -0.5370  0.8435
Y -0.9086 -0.3475 -0.2319
Z  0.4176 -0.7687 -0.4845

PART 63
OFFSET  1.2911  0.7497 -14.4726
X -0.8800 -0.4706  0.0649
Y -0.2934  0.4309 -0.8534
Z  0.3736 -0.7700 -0.5173

PART 64
OFFSET  2.7893  1.5508 -14.5831
X -0.7134  0.1258 -0.6894
Y  0.6056  0.6055 -0.5163
Z  0.3525 -0.7858 -0.5082

PART 65
OFFSET  3.7780  1.3765 -13.6277
X  0.2187  0.5944 -0.7739
Y  0.9083  0.1659  0.3841
Z  0.3567 -0.7868 -0.5036

PART 66
OFFSET  3.5409  0.7318 -12.7884
X -0.6804 -0.6205  0.3899
Y  0.6026 -0.1711  0.7795
Z -0.4170  0.7653  0.4903

PART 67
OFFSET  0.7357 -3.7131 -7.8661
X -0.2796 -0.5583  0.7811
Y  0.8444  0.2442  0.4769
Z -0.4570  0.7929  0.4031

PART 68
OFFSET  1.6392 -1.0305 -15.4134
X -0.2716 -0.2242  0.9359
Y -0.9105 -0.2553 -0.3254
Z  0.3119 -0.9405 -0.1348

PART 69
OFFSET  2.1174 -0.6357 -17.0613
X -0.9322 -0.3591 -0.0443
Y -0.0026  0.1292 -0.9916
Z  0.3618 -0.9243 -0.1214

PART 70
OFFSET  3.2726 -0.2552 -17.0148
X -0.7882 -0.1559 -0.5954
Y  0.5397  0.2898 -0.7904
Z  0.2958 -0.9443 -0.1442

PART 71
OFFSET  4.1629 -0.0791 -16.3423
X -0.1474 -0.4764  0.8668
Y  0.8665  0.3603  0.3454
Z -0.4768  0.8020  0.3597

PART 72
OFFSET  1.4036 -0.0369 -14.9917
X -0.9240 -0.3811 -0.0301
Y -0.0894  0.2920 -0.9522
Z  0.3717 -0.8772 -0.3039

PART 73
OFFSET  3.2088  0.7076 -14.9329
X -0.5425  0.0549 -0.8383
Y  0.7354  0.5134 -0.4423
Z  0.4061 -0.8564 -0.3189

PART 74
OFFSET  4.0011  0.6275 -13.7085
X  0.3033  0.4836 -0.8211
Y  0.8354  0.2796  0.4732
Z  0.4584 -0.8295 -0.3192

PART 75
OFFSET  3.6550  0.0858 -12.7760
X -0.7954 -0.4963  0.3478
Y  0.4771 -0.1589  0.8644
Z -0.3738  0.8535  0.3632

PART 76
OFFSET  0.0000 -0.0000 -0.0000
X  1.0000 -0.0000  0.0000
Y  0.0000  1.0000  0.0000
Z  0.0000 -0.0000  1.0000

PART 77
OFFSET  0.0000 -0.0000 -0.0000
X  1.0000 -0.0000  0.0000
Y  0.0000  1.0000  0.0000
Z  0.0000 -0.0000  1.0000

PART 78
OFFSET  1.5404 -0.0000  4.1357
X  1.0000 -0.0000  0.0000
Y  0.0000  1.0000  0.0000
Z  0.0000 -0.0000  1.0000


FRAME 801
PART 0
OFFSET  0.0000 -0.0000 -0.0000
X  1.0000 -0.0000  0.0000
Y  0.0000  1.0000  0.0000
Z  0.0000 -0.0000  1.0000

PART 1
OFFSET -4.6318 -0.0000 -1.3770
X  1.0000 -0.0000  0.0000
Y  0.0000  1.0000  0.0000
Z  0.0000 -0.0000  1.0000

PART 2
OFFSET -0.8321  5.3847 -7.1997
X  0.7232 -0.2377 -0.6485
Y -0.4437  0.5596 -0.7000
Z  0.5292  0.7940  0.2992

PART 3
OFFSET  7.9141  2.5103 -15.0421
X  0.7235 -0.2380 -0.6480
Y -0.6813 -0.3979 -0.6144
Z -0.1116  0.8860 -0.4500

PART 4
OFFSET  14.0675  0.4856 -20.5537
X  0.7235 -0.2380 -0.6480
Y  0.2961  0.9549 -0.0202
Z  0.6236 -0.1773  0.7614

PART 5
OFFSET  15.8302 -0.9895 -20.1983
X  0.7278 -0.2381 -0.6431
Y  0.1193 -0.8795  0.4607
Z -0.6753 -0.4120 -0.6117

PART 6
OFFSET  15.5751  1.3909 -20.7681
X  0.7278 -0.2381 -0.6431
Y  0.1193 -0.8795  0.4607
Z -0.6753 -0.4120 -0.6117

PART 7
OFFSET  14.1832 -2.1041 -22.4418
X  0.7278 -0.2381 -0.6431
Y  0.1193 -0.8795  0.4607
Z -0.6753 -0.4120 -0.6117

PART 8
OFFSET  14.1682 -0.1471 -23.0208
X  0.7278 -0.2381 -0.6431
Y  0.1193 -0.8795  0.4607
Z -0.6753 -0.4120 -0.6117

PART 9
OFFSET  14.4764  0.8632 -22.4553
X  0.7278 -0.2381 -0.6431
Y  0.1193 -0.8795  0.4607
Z -0.6753 -0.4120 -0.6117

PART 10
OFFSET  16.2855 -0.2441 -22.5403
X  0.8037  0.3411 -0.4876
Y -0.2181  0.9312  0.2919
Z  0.5536 -0.1282  0.8228

PART 11
OFFSET  16.6638  0.7553 -22.1401
X  0.7844  0.5818 -0.2151
Y -0.5806  0.8107  0.0753
Z  0.2182  0.0658  0.9737

PART 12
OFFSET  18.3107  2.0953 -22.5425
X  0.8289  0.2338 -0.5082
Y -0.2087  0.9721  0.1069
Z  0.5190  0.0174  0.8546

PART 13
OFFSET  19.7194  2.4168 -23.2736
X  0.7259  0.5297 -0.4388
Y -0.5129  0.8419  0.1677
Z  0.4582  0.1033  0.8828

PART 14
OFFSET  20.5166  3.0086 -23.7048
X  0.1358  0.4982 -0.8564
Y -0.6137 -0.6363 -0.4674
Z -0.7777  0.5891  0.2193

PART 15
OFFSET  17.3110 -0.9786 -23.0991
X  0.9532 -0.2695 -0.1371
Y  0.1728  0.1134  0.9784
Z -0.2481 -0.9563  0.1547

PART 16
OFFSET  19.5100 -1.4308 -23.3098
X  0.5605  0.1261  0.8185
Y -0.8277  0.1172  0.5487
Z -0.0267 -0.9851  0.1701

PART 17
OFFSET  20.3035 -1.2523 -22.1510
X -0.3796  0.1748  0.9085
Y -0.9249 -0.0948 -0.3683
Z  0.0217 -0.9800  0.1976

PART 18
OFFSET  19.9669 -1.0973 -21.3455
X -0.8861  0.1081  0.4507
Y -0.4620 -0.1292 -0.8774
Z -0.0366 -0.9857  0.1644

PART 19
OFFSET  19.1251 -0.9947 -20.9173
X  0.9731  0.1410  0.1823
Y  0.2168 -0.2916 -0.9316
Z -0.0782  0.9461 -0.3144

PART 20
OFFSET  17.2655 -0.2668 -23.1273
X  0.8352  0.0378 -0.5487
Y  0.5461 -0.1759  0.8190
Z -0.0656 -0.9837 -0.1676

PART 21
OFFSET  19.6533 -0.4184 -24.1442
X  0.7185 -0.0058  0.6955
Y -0.6937  0.0660  0.7172
Z -0.0501 -0.9978  0.0434

PART 22
OFFSET  20.8765 -0.4283 -22.9601
X -0.2142  0.0599  0.9750
Y -0.9765  0.0126 -0.2153
Z -0.0252 -0.9981  0.0558

PART 23
OFFSET  20.5796 -0.3452 -21.6089
X -0.7500  0.0505  0.6595
Y -0.6611 -0.0219 -0.7500
Z -0.0234 -0.9985  0.0498

PART 24
OFFSET  19.7663 -0.2905 -20.8936
X  0.9909 -0.0779 -0.1095
Y -0.1101 -0.0040 -0.9939
Z  0.0770  0.9969 -0.0125

PART 25
OFFSET  18.7134  2.2172 -23.1389
X  0.9523  0.1052 -0.2864
Y -0.3043  0.2581 -0.9169
Z -0.0225  0.9604  0.2778

PART 26
OFFSET  19.0468  1.8349 -24.5259
X  0.9138 -0.1796 -0.3643
Y  0.3341 -0.1778  0.9256
Z -0.2310 -0.9675 -0.1024

PART 27
OFFSET  20.6557  1.5187 -25.1674
X  0.9606 -0.2666  0.0788
Y -0.1154 -0.1247  0.9855
Z -0.2529 -0.9557 -0.1506

PART 28
OFFSET  21.8388  1.2526 -25.0624
X  0.8094 -0.1255  0.5737
Y -0.5774  0.0083  0.8164
Z -0.1072 -0.9921 -0.0658

PART 29
OFFSET  22.7530  1.1109 -24.4144
X  0.2276 -0.2456 -0.9423
Y -0.9231  0.2537 -0.2891
Z  0.3101  0.9356 -0.1690

PART 30
OFFSET  19.2971  0.7653 -24.6429
X  0.9591 -0.1860  0.2134
Y -0.2221 -0.0268  0.9747
Z -0.1756 -0.9822 -0.0670

PART 31
OFFSET  21.1707  0.4018 -24.2261
X  0.2568 -0.1163  0.9594
Y -0.9417  0.1933  0.2755
Z -0.2175 -0.9742 -0.0599

PART 32
OFFSET  21.5458  0.2319 -22.8247
X -0.4818  0.0728  0.8732
Y -0.8326  0.2728 -0.4821
Z -0.2733 -0.9593 -0.0708

PART 33
OFFSET  20.9988  0.3074 -21.8358
X  0.9187 -0.1687 -0.3571
Y -0.3465  0.0899 -0.9337
Z  0.1896  0.9816  0.0242

PART 34
OFFSET  19.4256 -0.0167 -22.7657
X -0.0815 -0.9917 -0.0997
Y -0.5536  0.1282 -0.8228
Z  0.8288 -0.0118 -0.5595

PART 35
OFFSET  16.5046 -4.2691 -17.9394
X  0.5409  0.4240 -0.7264
Y -0.7110  0.6919 -0.1255
Z  0.4494  0.5843  0.6757

PART 36
OFFSET  16.5046 -4.2691 -17.9394
X  0.5409  0.4240 -0.7264
Y -0.7110  0.6919 -0.1255
Z  0.4494  0.5843  0.6757

PART 37
OFFSET  17.6691 -2.6753 -15.8787
X  0.5409  0.4240 -0.7264
Y -0.7110  0.6919 -0.1255
Z  0.4494  0.5843  0.6757

PART 38
OFFSET  18.5041 -2.0287 -17.0440
X  0.5409  0.4240 -0.7264
Y -0.7110  0.6919 -0.1255
Z  0.4494  0.5843  0.6757

PART 39
OFFSET  18.5768 -2.9684 -22.5145
X  0.5409  0.4240 -0.7264
Y -0.7110  0.6919 -0.1255
Z  0.4494  0.5843  0.6757

PART 40
OFFSET  17.1239 -4.1272 -20.6657
X  0.5409  0.4240 -0.7264
Y -0.7110  0.6919 -0.1255
Z  0.4494  0.5843  0.6757

PART 41
OFFSET  16.3964 -4.4708 -18.4384
X  0.5409  0.4240 -0.7264
Y -0.7110  0.6919 -0.1255
Z  0.4494  0.5843  0.6757

PART 42
OFFSET  28.3323  3.3197 -33.6597
X  0.0337  0.8520  0.5224
Y -0.8404  0.3071 -0.4465
Z -0.5409 -0.4240  0.7264

PART 43
OFFSET  26.6432  4.9637 -33.9578
X  0.7447  0.1601  0.6479
Y -0.3910  0.8914  0.2292
Z -0.5409 -0.4240  0.7264

PART 44
OFFSET  24.4875  3.3699 -21.0255
X -0.5672 -0.6697 -0.4793
Y -0.7110  0.6919 -0.1255
Z  0.4157  0.2696 -0.8686

PART 45
OFFSET  17.7495 -1.9516 -12.1930
X  0.2199  0.3882  0.8950
Y -0.7110  0.6919 -0.1255
Z -0.6680 -0.6087  0.4281

PART 46
OFFSET -3.5843 -7.9909 -3.1671
X  0.4635 -0.2391  0.8533
Y -0.1079 -0.9710 -0.2134
Z  0.8795  0.0068 -0.4758

PART 47
OFFSET -9.1894 -5.0997 -13.4863
X -0.9342 -0.3023 -0.1891
Y  0.0285  0.4654 -0.8847
Z  0.3555 -0.8319 -0.4262

PART 48
OFFSET -1.2433 -2.5283 -11.8775
X -0.9342 -0.3023 -0.1891
Y  0.2070 -0.0277 -0.9780
Z  0.2904 -0.9528  0.0884

PART 49
OFFSET -0.3277 -1.4854 -10.4634
X -0.9354 -0.3028 -0.1827
Y -0.3532  0.8260  0.4394
Z  0.0179  0.4755 -0.8795

PART 50
OFFSET  0.2193 -2.3203 -9.8005
X -0.9354 -0.3028 -0.1827
Y -0.3532  0.8260  0.4394
Z  0.0179  0.4755 -0.8795

PART 51
OFFSET  0.7894 -3.2917 -10.5369
X -0.9354 -0.3028 -0.1827
Y -0.3532  0.8260  0.4394
Z  0.0179  0.4755 -0.8795

PART 52
OFFSET  1.6208 -1.6014 -11.2976
X -0.1462 -0.3094  0.9396
Y -0.4086  0.8839  0.2275
Z -0.9010 -0.3506 -0.2556

PART 53
OFFSET  2.4507 -2.1712 -11.8349
X -0.9314 -0.2117  0.2960
Y -0.3410  0.7915 -0.5072
Z -0.1269 -0.5733 -0.8094

PART 54
OFFSET  4.5018 -1.7616 -12.3780
X -0.3871 -0.5357  0.7505
Y -0.9103  0.3515 -0.2187
Z -0.1467 -0.7678 -0.6237

PART 55
OFFSET  5.0889 -0.7899 -13.5327
X  0.1756 -0.7431  0.6457
Y -0.9726 -0.0295  0.2305
Z -0.1522 -0.6685 -0.7279

PART 56
OFFSET  4.9225  0.0448 -14.2016
X  0.0270 -0.1252  0.9918
Y  0.3053  0.9458  0.1111
Z -0.9519  0.2998  0.0637

PART 57
OFFSET  1.4891 -0.3222 -11.7974
X -0.0033 -0.6768  0.7361
Y -0.8784 -0.3499 -0.3256
Z  0.4779 -0.6477 -0.5934

PART 58
OFFSET  1.6737  1.1471 -13.4979
X -0.8333 -0.5319  0.1506
Y -0.3936  0.3796 -0.8373
Z  0.3882 -0.7570 -0.5256

PART 59
OFFSET  2.8535  1.9001 -13.7111
X -0.8178 -0.0059 -0.5754
Y  0.4527  0.6107 -0.6497
Z  0.3553 -0.7918 -0.4968

PART 60
OFFSET  3.5786  1.9054 -13.2009
X -0.1555  0.5179 -0.8412
Y  0.9067  0.4128  0.0865
Z  0.3920 -0.7493 -0.5338

PART 61
OFFSET  3.7264  1.4133 -12.4018
X -0.5070 -0.5469  0.6663
Y  0.8341 -0.1164  0.5392
Z -0.2173  0.8291  0.5152

PART 62
OFFSET  1.6670 -0.8906 -12.1910
X -0.0447 -0.5279  0.8481
Y -0.8790 -0.3827 -0.2845
Z  0.4748 -0.7582 -0.4469

PART 63
OFFSET  1.6931  0.5837 -14.3321
X -0.8497 -0.5236  0.0627
Y -0.3000  0.3822 -0.8740
Z  0.4337 -0.7614 -0.4818

PART 64
OFFSET  3.1397  1.4751 -14.4388
X -0.7374  0.0182 -0.6752
Y  0.5341  0.6277 -0.5664
Z  0.4135 -0.7783 -0.4726

PART 65
OFFSET  4.1617  1.4498 -13.5031
X  0.0868  0.5471 -0.8326
Y  0.9044  0.3073  0.2961
Z  0.4178 -0.7786 -0.4681

PART 66
OFFSET  4.0676  0.8565 -12.6001
X -0.5671 -0.6621  0.4899
Y  0.6724 -0.0287  0.7396
Z -0.4756  0.7489  0.4614

PART 67
OFFSET  0.8751 -3.8246 -7.7164
X -0.3090 -0.5596  0.7690
Y  0.8029  0.2798  0.5263
Z -0.5097  0.7801  0.3628

PART 68
OFFSET  2.1636 -1.1927 -15.2255
X -0.3070 -0.2340  0.9225
Y -0.8786 -0.3029 -0.3692
Z  0.3658 -0.9238 -0.1126

PART 69
OFFSET  2.7041 -0.7806 -16.8497
X -0.9098 -0.4148 -0.0141
Y -0.0274  0.0939 -0.9952
Z  0.4141 -0.9051 -0.0968

PART 70
OFFSET  3.8353 -0.3313 -16.8384
X -0.8136 -0.2383 -0.5304
Y  0.4650  0.2808 -0.8396
Z  0.3490 -0.9297 -0.1177

PART 71
OFFSET  4.7543 -0.0622 -16.2394
X -0.0568 -0.4374  0.8975
Y  0.8611  0.4335  0.2658
Z -0.5053  0.7879  0.3520

PART 72
OFFSET  1.8664 -0.2039 -14.8326
X -0.9030 -0.4282 -0.0352
Y -0.0843  0.2570 -0.9627
Z  0.4213 -0.8664 -0.2682

PART 73
OFFSET  3.6305  0.6326 -14.7638
X -0.5730 -0.0342 -0.8188
Y  0.6817  0.5348 -0.4994
Z  0.4549 -0.8443 -0.2831

PART 74
OFFSET  4.4675  0.6826 -13.5678
X  0.1965  0.4323 -0.8800
Y  0.8404  0.3881  0.3783
Z  0.5051 -0.8139 -0.2871

PART 75
OFFSET  4.2419  0.1990 -12.5688
X -0.7198 -0.5274  0.4515
Y  0.5528 -0.0420  0.8322
Z -0.4199  0.8486  0.3218

PART 76
OFFSET  0.0000 -0.0000 -0.0000
X  1.0000 -0.0000  0.0000
Y  0.0000  1.0000  0.0000
Z  0.0000 -0.0000  1.0000

PART 77
OFFSET -0.0000 -0.0000 -0.0000
X  1.0000  0.0000 -0.0015
Y -0.0000  1.0000 -0.0015
Z  0.0015  0.0015  1.0000

PART 78
OFFSET  1.5467  0.0064  4.1334
X  1.0000  0.0000 -0.0015
Y -0.0000  1.0000 -0.0015
Z  0.0015  0.0015  1.0000


FRAME 802
PART 0
OFFSET  0.0000 -0.0000 -0.0000
X  1.0000 -0.0000  0.0000
Y  0.0000  1.0000  0.0000
Z  0.0000 -0.0000  1.0000

PART 1
OFFSET -4.6318 -0.0000 -1.3770
X  1.0000 -0.0000  0.0000
Y  0.0000  1.0000  0.0000
Z  0.0000 -0.0000  1.0000

PART 2
OFFSET -0.8457  5.3984 -7.1997
X  0.7422 -0.2393 -0.6260
Y -0.4788  0.4642 -0.7452
Z  0.4689  0.8528  0.2300

PART 3
OFFSET  8.1305  2.5040 -14.7702
X  0.7425 -0.2396 -0.6255
Y -0.6473 -0.4971 -0.5779
Z -0.1724  0.8340 -0.5242

PART 4
OFFSET  14.4459  0.4658 -20.0903
X  0.7425 -0.2396 -0.6255
Y  0.3021  0.9533 -0.0066
Z  0.5978 -0.1841  0.7802

PART 5
OFFSET  16.3081 -0.8423 -19.6105
X  0.7468 -0.2389 -0.6206
Y  0.1796 -0.8260  0.5342
Z -0.6403 -0.5104 -0.5740

PART 6
OFFSET  15.8856  1.4560 -20.3819
X  0.7468 -0.2389 -0.6206
Y  0.1796 -0.8260  0.5342
Z -0.6403 -0.5104 -0.5740

PART 7
OFFSET  14.7588 -2.2605 -21.7499
X  0.7468 -0.2389 -0.6206
Y  0.1796 -0.8260  0.5342
Z -0.6403 -0.5104 -0.5740

PART 8
OFFSET  14.6063 -0.3664 -22.4943
X  0.7468 -0.2389 -0.6206
Y  0.1796 -0.8260  0.5342
Z -0.6403 -0.5104 -0.5740

PART 9
OFFSET  14.8376  0.7082 -22.0174
X  0.7468 -0.2389 -0.6206
Y  0.1796 -0.8260  0.5342
Z -0.6403 -0.5104 -0.5740

PART 10
OFFSET  16.7222 -0.2688 -22.0079
X  0.8202  0.3477 -0.4542
Y -0.2328  0.9282  0.2903
Z  0.5225 -0.1324  0.8423

PART 11
OFFSET  17.0811  0.7290 -21.5863
X  0.7897  0.5863 -0.1809
Y -0.5863  0.8079  0.0592
Z  0.1808  0.0593  0.9817

PART 12
OFFSET  18.7367  2.0781 -21.9160
X  0.8466  0.2407 -0.4746
Y -0.2165  0.9705  0.1061
Z  0.4862  0.0129  0.8738

PART 13
OFFSET  20.1708  2.4103 -22.5907
X  0.7399  0.5357 -0.4070
Y -0.5223  0.8387  0.1544
Z  0.4240  0.0983  0.9003

PART 14
OFFSET  20.9815  3.0083 -22.9869
X  0.1662  0.5051 -0.8469
Y -0.5930 -0.6350 -0.4951
Z -0.7879  0.5845  0.1940

PART 15
OFFSET  17.7711 -0.9952 -22.5328
X  0.9588 -0.2649 -0.1028
Y  0.1351  0.1067  0.9851
Z -0.2499 -0.9584  0.1381

PART 16
OFFSET  19.9784 -1.4377 -22.6632
X  0.5285  0.1220  0.8401
Y -0.8484  0.1100  0.5178
Z -0.0292 -0.9864  0.1617

PART 17
OFFSET  20.7266 -1.2649 -21.4738
X -0.4145  0.1665  0.8947
Y -0.9099 -0.0954 -0.4038
Z  0.0182 -0.9814  0.1911

PART 18
OFFSET  20.3591 -1.1173 -20.6805
X -0.9030  0.1014  0.4175
Y -0.4279 -0.1243 -0.8952
Z -0.0388 -0.9870  0.1556

PART 19
OFFSET  19.5012 -1.0210 -20.2839
X  0.9649  0.1433  0.2201
Y  0.2531 -0.2838 -0.9249
Z -0.0700  0.9481 -0.3101

PART 20
OFFSET  17.7239 -0.2834 -22.5574
X  0.8552  0.0451 -0.5163
Y  0.5153 -0.1801  0.8379
Z -0.0552 -0.9826 -0.1772

PART 21
OFFSET  20.1491 -0.4184 -23.4840
X  0.6916 -0.0084  0.7222
Y -0.7207  0.0581  0.6908
Z -0.0477 -0.9983  0.0341

PART 22
OFFSET  21.3265 -0.4327 -22.2544
X -0.2513  0.0518  0.9665
Y -0.9676  0.0106 -0.2521
Z -0.0233 -0.9986  0.0475

PART 23
OFFSET  20.9783 -0.3609 -20.9149
X -0.7746  0.0427  0.6309
Y -0.6320 -0.0187 -0.7747
Z -0.0213 -0.9989  0.0415

PART 24
OFFSET  20.1382 -0.3146 -20.2306
X  0.9947 -0.0734 -0.0724
Y -0.0723  0.0031 -0.9974
Z  0.0735  0.9973 -0.0022

PART 25
OFFSET  19.1612  2.2060 -22.4957
X  0.9621  0.1109 -0.2493
Y -0.2703  0.2639 -0.9259
Z -0.0369  0.9582  0.2838

PART 26
OFFSET  19.5485  1.8354 -23.8718
X  0.9277 -0.1735 -0.3307
Y  0.2995 -0.1835  0.9363
Z -0.2231 -0.9676 -0.1183

PART 27
OFFSET  21.1818  1.5300 -24.4541
X  0.9580 -0.2636  0.1132
Y -0.1522 -0.1326  0.9794
Z -0.2432 -0.9555 -0.1671

PART 28
OFFSET  22.3612  1.2675 -24.3063
X  0.7876 -0.1268  0.6031
Y -0.6080 -0.0000  0.7940
Z -0.1007 -0.9919 -0.0771

PART 29
OFFSET  23.2507  1.1243 -23.6251
X  0.2641 -0.2377 -0.9347
Y -0.9124  0.2525 -0.3220
Z  0.3125  0.9380 -0.1502

PART 30
OFFSET  19.8073  0.7676 -23.9872
X  0.9510 -0.1841  0.2483
Y -0.2588 -0.0350  0.9653
Z -0.1690 -0.9823 -0.0809

PART 31
OFFSET  21.6652  0.4080 -23.5022
X  0.2207 -0.1226  0.9676
Y -0.9522  0.1877  0.2410
Z -0.2111 -0.9746 -0.0753

PART 32
OFFSET  21.9876  0.2290 -22.0889
X -0.5149  0.0644  0.8548
Y -0.8148  0.2733 -0.5113
Z -0.2665 -0.9598 -0.0882

PART 33
OFFSET  21.4031  0.2949 -21.1210
X  0.9322 -0.1626 -0.3232
Y -0.3112  0.0957 -0.9455
Z  0.1846  0.9820  0.0386

PART 34
OFFSET  19.8677 -0.0280 -22.1122
X -0.0737 -0.9912 -0.1101
Y -0.5225  0.1324 -0.8423
Z  0.8494 -0.0045 -0.5277

PART 35
OFFSET  16.2386 -4.1829 -16.9975
X  0.5663  0.4315 -0.7022
Y -0.7085  0.6902 -0.1473
Z  0.4211  0.5809  0.6966

PART 36
OFFSET  16.2386 -4.1829 -16.9975
X  0.5663  0.4315 -0.7022
Y -0.7085  0.6902 -0.1473
Z  0.4211  0.5809  0.6966

PART 37
OFFSET  17.3177 -2.6004 -14.8824
X  0.5663  0.4315 -0.7022
Y -0.7085  0.6902 -0.1473
Z  0.4211  0.5809  0.6966

PART 38
OFFSET  18.1936 -1.9419 -16.0103
X  0.5663  0.4315 -0.7022
Y -0.7085  0.6902 -0.1473
Z  0.4211  0.5809  0.6966

PART 39
OFFSET  18.4776 -2.8402 -21.4810
X  0.5663  0.4315 -0.7022
Y -0.7085  0.6902 -0.1473
Z  0.4211  0.5809  0.6966

PART 40
OFFSET  16.9603 -4.0182 -19.6972
X  0.5663  0.4315 -0.7022
Y -0.7085  0.6902 -0.1473
Z  0.4211  0.5809  0.6966

PART 41
OFFSET  16.1502 -4.3813 -17.5017
X  0.5663  0.4315 -0.7022
Y -0.7085  0.6902 -0.1473
Z  0.4211  0.5809  0.6966

PART 42
OFFSET  28.6236  3.5679 -32.2011
X  0.0105  0.8482  0.5296
Y -0.8241  0.3073 -0.4758
Z -0.5663 -0.4315  0.7022

PART 43
OFFSET  26.9404  5.2078 -32.5510
X  0.7189  0.1580  0.6769
Y -0.4030  0.8882  0.2207
Z -0.5663 -0.4315  0.7022

PART 44
OFFSET  24.3022  3.5087 -19.7219
X -0.5609 -0.6773 -0.4762
Y -0.7085  0.6902 -0.1473
Z  0.4284  0.2547 -0.8669

PART 45
OFFSET  17.2554 -1.9042 -11.1911
X  0.2073  0.4030  0.8914
Y -0.7085  0.6902 -0.1473
Z -0.6746 -0.6010  0.4286

PART 46
OFFSET -3.8036 -8.1410 -3.1115
X  0.3811 -0.2444  0.8916
Y -0.1138 -0.9695 -0.2171
Z  0.9175 -0.0187 -0.3973

PART 47
OFFSET -8.4131 -5.1853 -13.8948
X -0.9233 -0.2870 -0.2551
Y  0.1035  0.4538 -0.8851
Z  0.3698 -0.8436 -0.3893

PART 48
OFFSET -0.5596 -2.7443 -11.7252
X -0.9233 -0.2870 -0.2551
Y  0.1983  0.2124 -0.9568
Z  0.3288 -0.9341 -0.1392

PART 49
OFFSET  0.2685 -1.7015 -10.2582
X -0.9250 -0.2874 -0.2487
Y -0.3686  0.8378  0.4027
Z  0.0927  0.4642 -0.8809

PART 50
OFFSET  0.7481 -2.5382 -9.5472
X -0.9250 -0.2874 -0.2487
Y -0.3686  0.8378  0.4027
Z  0.0927  0.4642 -0.8809

PART 51
OFFSET  1.3521 -3.5293 -10.2283
X -0.9250 -0.2874 -0.2487
Y -0.3686  0.8378  0.4027
Z  0.0927  0.4642 -0.8809

PART 52
OFFSET  2.2711 -1.8645 -10.9432
X -0.2341 -0.2995  0.9249
Y -0.4855  0.8603  0.1557
Z -0.8423 -0.4126 -0.3468

PART 53
OFFSET  3.1907 -2.3905 -11.3672
X -0.9595 -0.1841  0.2134
Y -0.2727  0.7973 -0.5385
Z -0.0710 -0.5748 -0.8152

PART 54
OFFSET  5.2924 -2.0409 -11.7285
X -0.5583 -0.4766  0.6791
Y -0.8220  0.4287 -0.3749
Z -0.1125 -0.7675 -0.6312

PART 55
OFFSET  6.1572 -1.1599 -12.7764
X -0.1157 -0.7269  0.6770
Y -0.9891  0.1465 -0.0117
Z -0.0907 -0.6710 -0.7359

PART 56
OFFSET  6.3032 -0.3457 -13.4746
X -0.2309 -0.0753  0.9700
Y  0.4317  0.8855  0.1716
Z -0.8720  0.4584 -0.1720

PART 57
OFFSET  2.1195 -0.6065 -11.4891
X -0.0465 -0.6610  0.7490
Y -0.8119 -0.4118 -0.4138
Z  0.5819 -0.6273 -0.5175

PART 58
OFFSET  2.4082  0.8377 -13.1965
X -0.7476 -0.6287  0.2141
Y -0.4462  0.2367 -0.8631
Z  0.4919 -0.7408 -0.4575

PART 59
OFFSET  3.4667  1.7278 -13.4997
X -0.8522 -0.2614 -0.4532
Y  0.2411  0.5726 -0.7836
Z  0.4644 -0.7771 -0.4249

PART 60
OFFSET  4.2223  1.9596 -13.0978
X -0.4542  0.2486 -0.8555
Y  0.7459  0.6312 -0.2127
Z  0.4871 -0.7347 -0.4721

PART 61
OFFSET  4.6538  1.7234 -12.2851
X -0.1913 -0.4801  0.8561
Y  0.9170  0.2237  0.3303
Z -0.3501  0.8482  0.3975

PART 62
OFFSET  2.3760 -1.1700 -11.8444
X -0.1096 -0.5128  0.8515
Y -0.8152 -0.4437 -0.3722
Z  0.5687 -0.7349 -0.3694

PART 63
OFFSET  2.5581  0.2604 -14.0076
X -0.7777 -0.6193  0.1079
Y -0.3321  0.2589 -0.9070
Z  0.5338 -0.7412 -0.4070

PART 64
OFFSET  3.8821  1.3148 -14.1914
X -0.7856 -0.2347 -0.5725
Y  0.3419  0.6066 -0.7177
Z  0.5157 -0.7596 -0.3963

PART 65
OFFSET  4.9708  1.6401 -13.3979
X -0.2412  0.3103 -0.9195
Y  0.8191  0.5733 -0.0214
Z  0.5205 -0.7583 -0.3924

PART 66
OFFSET  5.2324  1.3035 -12.4007
X -0.2447 -0.6190  0.7463
Y  0.7862  0.3239  0.5264
Z -0.5675  0.7155  0.4074

PART 67
OFFSET  1.2557 -4.0598 -7.4114
X -0.3606 -0.5629  0.7437
Y  0.7183  0.3410  0.6064
Z -0.5950  0.7529  0.2814

PART 68
OFFSET  3.2365 -1.4995 -14.7935
X -0.3586 -0.2596  0.8967
Y -0.8082 -0.3943 -0.4373
Z  0.4671 -0.8815 -0.0685

PART 69
OFFSET  3.8677 -1.0424 -16.3723
X -0.8508 -0.5138  0.1100
Y -0.1195 -0.0147 -0.9927
Z  0.5117 -0.8578 -0.0489

PART 70
OFFSET  4.9331 -0.4698 -16.5090
X -0.8603 -0.4122 -0.3000
Y  0.2423  0.1872 -0.9520
Z  0.4486 -0.8917 -0.0612

PART 71
OFFSET  5.9049 -0.0042 -16.1702
X  0.1875 -0.2856  0.9398
Y  0.8253  0.5647  0.0069
Z -0.5327  0.7743  0.3416

PART 72
OFFSET  2.8359 -0.5242 -14.4638
X -0.8592 -0.5117  0.0006
Y -0.1003  0.1673 -0.9808
Z  0.5017 -0.8427 -0.1951

PART 73
OFFSET  4.5143  0.4754 -14.4648
X -0.6591 -0.2454 -0.7109
Y  0.5302  0.5187 -0.6707
Z  0.5333 -0.8190 -0.2118

PART 74
OFFSET  5.4771  0.8338 -13.4265
X -0.0878  0.2177 -0.9721
Y  0.8115  0.5816  0.0569
Z  0.5777 -0.7838 -0.2277

PART 75
OFFSET  5.5730  0.5932 -12.3239
X -0.4879 -0.4883  0.7236
Y  0.7187  0.2456  0.6504
Z -0.4953  0.8374  0.2311

PART 76
OFFSET  0.0000 -0.0000 -0.0000
X  1.0000 -0.0000  0.0000
Y  0.0000  1.0000  0.0000
Z  0.0000 -0.0000  1.0000

PART 77
OFFSET -0.0000 -0.0000 -0.0000
X  1.0000 -0.0000 -0.0056
Y -0.0000  1.0000 -0.0057
Z  0.0056  0.0057  1.0000

PART 78
OFFSET  1.5636  0.0237  4.1270
X  1.0000 -0.0000 -0.0056
Y -0.0000  1.0000 -0.0057
Z  0.0056  0.0057  1.0000


FRAME 803
PART 0
OFFSET  0.0000 -0.0000 -0.0000
X  1.0000 -0.0000  0.0000
Y  0.0000  1.0000  0.0000
Z  0.0000 -0.0000  1.0000

PART 1
OFFSET -4.6318 -0.0000 -1.3770
X  1.0000 -0.0000  0.0000
Y  0.0000  1.0000  0.0000
Z  0.0000 -0.0000  1.0000

PART 2
OFFSET -0.8592  5.4121 -7.1997
X  0.7700 -0.2415 -0.5906
Y -0.5408  0.2443 -0.8049
Z  0.3387  0.9391  0.0574

PART 3
OFFSET  8.4527  2.4908 -14.3423
X  0.7703 -0.2417 -0.5901
Y -0.5668 -0.6836 -0.4599
Z -0.2922  0.6887 -0.6635

PART 4
OFFSET  15.0046  0.4350 -19.3611
X  0.7703 -0.2417 -0.5901
Y  0.3126  0.9497  0.0190
Z  0.5558 -0.1991  0.8071

PART 5
OFFSET  17.0378 -0.4793 -18.6982
X  0.7745 -0.2395 -0.5855
Y  0.2981 -0.6781  0.6718
Z -0.5579 -0.6948 -0.4538

PART 6
OFFSET  16.2840  1.5511 -19.8667
X  0.7745 -0.2395 -0.5855
Y  0.2981 -0.6781  0.6718
Z -0.5579 -0.6948 -0.4538

PART 7
OFFSET  15.7154 -2.4774 -20.5002
X  0.7745 -0.2395 -0.5855
Y  0.2981 -0.6781  0.6718
Z -0.5579 -0.6948 -0.4538

PART 8
OFFSET  15.2879 -0.7960 -21.5750
X  0.7745 -0.2395 -0.5855
Y  0.2981 -0.6781  0.6718
Z -0.5579 -0.6948 -0.4538

PART 9
OFFSET  15.3587  0.3702 -21.3094
X  0.7745 -0.2395 -0.5855
Y  0.2981 -0.6781  0.6718
Z -0.5579 -0.6948 -0.4538

PART 10
OFFSET  17.3661 -0.3060 -21.1701
X  0.8444  0.3521 -0.4037
Y -0.2477  0.9249  0.2886
Z  0.4750 -0.1438  0.8682

PART 11
OFFSET  17.7020  0.6859 -20.7166
X  0.7990  0.5873 -0.1294
Y -0.5880  0.8081  0.0368
Z  0.1262  0.0467  0.9909

PART 12
OFFSET  19.3745  2.0364 -20.9371
X  0.8718  0.2453 -0.4239
Y -0.2211  0.9694  0.1062
Z  0.4370  0.0011  0.8995

PART 13
OFFSET  20.8441  2.3747 -21.5270
X  0.7618  0.5396 -0.3586
Y -0.5293  0.8375  0.1358
Z  0.3736  0.0863  0.9236

PART 14
OFFSET  21.6760  2.9764 -21.8702
X  0.2133  0.5154 -0.8300
Y -0.5653 -0.6278 -0.5351
Z -0.7969  0.5833  0.1574

PART 15
OFFSET  18.4419 -1.0274 -21.6452
X  0.9628 -0.2651 -0.0529
Y  0.0805  0.0941  0.9923
Z -0.2581 -0.9596  0.1119

PART 16
OFFSET  20.6525 -1.4717 -21.6588
X  0.4813  0.1106  0.8696
Y -0.8757  0.1048  0.4713
Z -0.0390 -0.9883  0.1473

PART 17
OFFSET  21.3339 -1.3151 -20.4277
X -0.4633  0.1559  0.8724
Y -0.8862 -0.0889 -0.4547
Z  0.0067 -0.9838  0.1794

PART 18
OFFSET  20.9231 -1.1769 -19.6542
X -0.9246  0.0976  0.3681
Y -0.3778 -0.1124 -0.9191
Z -0.0483 -0.9889  0.1408

PART 19
OFFSET  20.0447 -1.0842 -19.3045
X  0.9513  0.1389  0.2750
Y  0.3037 -0.2726 -0.9129
Z -0.0519  0.9521 -0.3015

PART 20
OFFSET  18.3967 -0.3153 -21.6634
X  0.8825  0.0502 -0.4676
Y  0.4680 -0.1914  0.8628
Z -0.0462 -0.9802 -0.1924

PART 21
OFFSET  20.8694 -0.4425 -22.4559
X  0.6505 -0.0186  0.7593
Y -0.7578  0.0505  0.6505
Z -0.0504 -0.9986  0.0188

PART 22
OFFSET  21.9769 -0.4741 -21.1633
X -0.3044  0.0400  0.9517
Y -0.9522  0.0153 -0.3052
Z -0.0268 -0.9991  0.0335

PART 23
OFFSET  21.5550 -0.4187 -19.8443
X -0.8084  0.0360  0.5876
Y -0.5882 -0.0080 -0.8087
Z -0.0244 -0.9993  0.0276

PART 24
OFFSET  20.6783 -0.3796 -19.2071
X  0.9971 -0.0741 -0.0181
Y -0.0170  0.0158 -0.9997
Z  0.0744  0.9971  0.0145

PART 25
OFFSET  19.8306  2.1708 -21.4908
X  0.9745  0.1124 -0.1942
Y -0.2184  0.2759 -0.9360
Z -0.0517  0.9546  0.2934

PART 26
OFFSET  20.2932  1.8170 -22.8479
X  0.9444 -0.1708 -0.2810
Y  0.2470 -0.1957  0.9490
Z -0.2171 -0.9657 -0.1427

PART 27
OFFSET  21.9560  1.5163 -23.3426
X  0.9500 -0.2666  0.1628
Y -0.2064 -0.1446  0.9677
Z -0.2344 -0.9529 -0.1924

PART 28
OFFSET  23.1251  1.2501 -23.1331
X  0.7528 -0.1356  0.6441
Y -0.6510 -0.0090  0.7590
Z -0.0971 -0.9907 -0.0951

PART 29
OFFSET  23.9755  1.0969 -22.4055
X  0.3153 -0.2263 -0.9216
Y -0.8930  0.2580 -0.3689
Z  0.3212  0.9393 -0.1208

PART 30
OFFSET  20.5571  0.7503 -22.9622
X  0.9357 -0.1887  0.2982
Y -0.3119 -0.0467  0.9490
Z -0.1652 -0.9809 -0.1025

PART 31
OFFSET  22.3849  0.3816 -22.3797
X  0.1667 -0.1351  0.9767
Y -0.9639  0.1862  0.1902
Z -0.2075 -0.9732 -0.0992

PART 32
OFFSET  22.6283  0.1843 -20.9530
X -0.5614  0.0545  0.8258
Y -0.7850  0.2810 -0.5522
Z -0.2621 -0.9582 -0.1150

PART 33
OFFSET  21.9912  0.2391 -20.0182
X  0.9486 -0.1600 -0.2732
Y -0.2582  0.1080 -0.9600
Z  0.1831  0.9812  0.0612

PART 34
OFFSET  20.5128 -0.0689 -21.0970
X -0.0684 -0.9896 -0.1265
Y -0.4750  0.1438 -0.8682
Z  0.8774  0.0007 -0.4798

PART 35
OFFSET  15.8467 -4.0671 -15.6814
X  0.6047  0.4394 -0.6643
Y -0.6986  0.6931 -0.1775
Z  0.3824  0.5714  0.7261

PART 36
OFFSET  15.8467 -4.0671 -15.6814
X  0.6047  0.4394 -0.6643
Y -0.6986  0.6931 -0.1775
Z  0.3824  0.5714  0.7261

PART 37
OFFSET  16.8084 -2.5130 -13.4899
X  0.6047  0.4394 -0.6643
Y -0.6986  0.6931 -0.1775
Z  0.3824  0.5714  0.7261

PART 38
OFFSET  17.7461 -1.8417 -14.5592
X  0.6047  0.4394 -0.6643
Y -0.6986  0.6931 -0.1775
Z  0.3824  0.5714  0.7261

PART 39
OFFSET  18.3318 -2.6716 -20.0166
X  0.6047  0.4394 -0.6643
Y -0.6986  0.6931 -0.1775
Z  0.3824  0.5714  0.7261

PART 40
OFFSET  16.7169 -3.8695 -18.3347
X  0.6047  0.4394 -0.6643
Y -0.6986  0.6931 -0.1775
Z  0.3824  0.5714  0.7261

PART 41
OFFSET  15.7862 -4.2589 -16.1922
X  0.6047  0.4394 -0.6643
Y -0.6986  0.6931 -0.1775
Z  0.3824  0.5714  0.7261

PART 42
OFFSET  29.0618  3.8547 -30.0766
X -0.0181  0.8414  0.5401
Y -0.7962  0.3146 -0.5168
Z -0.6047 -0.4394  0.6643

PART 43
OFFSET  27.4020  5.5015 -30.4984
X  0.6805  0.1483  0.7176
Y -0.4138  0.8860  0.2093
Z -0.6047 -0.4394  0.6643

PART 44
OFFSET  24.0557  3.6453 -17.8576
X -0.5565 -0.6823 -0.4740
Y -0.6986  0.6931 -0.1775
Z  0.4497  0.2324 -0.8624

PART 45
OFFSET  16.5423 -1.8632 -9.7992
X  0.1914  0.4201  0.8871
Y -0.6986  0.6931 -0.1775
Z -0.6894 -0.5857  0.4261

PART 46
OFFSET -4.1404 -8.3714 -3.0261
X  0.2534 -0.2428  0.9364
Y -0.1175 -0.9686 -0.2193
Z  0.9602 -0.0544 -0.2740

PART 47
OFFSET -7.2053 -5.4355 -14.3508
X -0.8996 -0.2769 -0.3378
Y  0.2000  0.4265 -0.8821
Z  0.3884 -0.8610 -0.3283

PART 48
OFFSET  0.4457 -3.0803 -11.4775
X -0.8996 -0.2769 -0.3378
Y  0.2509  0.3054 -0.9186
Z  0.3575 -0.9111 -0.2053

PART 49
OFFSET  1.1470 -2.0118 -9.9635
X -0.9018 -0.2771 -0.3317
Y -0.3886  0.8556  0.3419
Z  0.1890  0.4372 -0.8793

PART 50
OFFSET  1.5362 -2.8369 -9.1866
X -0.9018 -0.2771 -0.3317
Y -0.3886  0.8556  0.3419
Z  0.1890  0.4372 -0.8793

PART 51
OFFSET  2.1832 -3.8579 -9.7780
X -0.9018 -0.2771 -0.3317
Y -0.3886  0.8556  0.3419
Z  0.1890  0.4372 -0.8793

PART 52
OFFSET  3.2035 -2.2313 -10.4418
X -0.3503 -0.2872  0.8915
Y -0.5691  0.8212  0.0409
Z -0.7439 -0.4930 -0.4512

PART 53
OFFSET  4.2157 -2.6922 -10.6971
X -0.9837 -0.1462  0.1047
Y -0.1798  0.8073 -0.5621
Z -0.0024 -0.5717 -0.8204

PART 54
OFFSET  6.3565 -2.4255 -10.8213
X -0.7520 -0.3823  0.5370
Y -0.6553  0.5219 -0.5461
Z -0.0715 -0.7626 -0.6430

PART 55
OFFSET  7.5394 -1.6918 -11.6488
X -0.4891 -0.6406  0.5919
Y -0.8721  0.3706 -0.3195
Z -0.0147 -0.6725 -0.7400

PART 56
OFFSET  8.0838 -0.9746 -12.2496
X -0.5313  0.0354  0.8464
Y  0.5546  0.7698  0.3159
Z -0.6404  0.6373 -0.4287

PART 57
OFFSET  3.0409 -1.0093 -11.0613
X -0.1102 -0.6373  0.7627
Y -0.7037 -0.4919 -0.5127
Z  0.7019 -0.5932 -0.3942

PART 58
OFFSET  3.4771  0.3964 -12.7695
X -0.6281 -0.7023  0.3350
Y -0.4796  0.0104 -0.8774
Z  0.6128 -0.7118 -0.3434

PART 59
OFFSET  4.3663  1.3908 -13.2438
X -0.8059 -0.5536 -0.2097
Y -0.0121  0.3696 -0.9291
Z  0.5919 -0.7463 -0.3045

PART 60
OFFSET  5.0809  1.8817 -13.0579
X -0.6909 -0.2277 -0.6862
Y  0.4077  0.6611 -0.6299
Z  0.5970 -0.7149 -0.3639

PART 61
OFFSET  5.7373  2.0980 -12.4060
X  0.1862 -0.1375  0.9729
Y  0.8278  0.5552 -0.0800
Z -0.5292  0.8202  0.2172

PART 62
OFFSET  3.3923 -1.5608 -11.3475
X -0.1998 -0.4916  0.8476
Y -0.7109 -0.5226 -0.4707
Z  0.6744 -0.6966 -0.2451

PART 63
OFFSET  3.7950 -0.1930 -13.5213
X -0.6803 -0.7050  0.2003
Y -0.3419  0.0635 -0.9376
Z  0.6483 -0.7064 -0.2843

PART 64
OFFSET  4.9533  1.0073 -13.8624
X -0.7663 -0.5366 -0.3533
Y  0.1109  0.4312 -0.8954
Z  0.6328 -0.7254 -0.2709

PART 65
OFFSET  6.0153  1.7509 -13.3727
X -0.5432 -0.1744 -0.8213
Y  0.5463  0.6694 -0.5035
Z  0.6375 -0.7222 -0.2683

PART 66
OFFSET  6.6045  1.9401 -12.4820
X  0.1644 -0.2750  0.9473
Y  0.7310  0.6787  0.0702
Z -0.6623  0.6809  0.3126

PART 67
OFFSET  1.8279 -4.3852 -7.0078
X -0.4264 -0.5661  0.7055
Y  0.5872  0.4200  0.6920
Z -0.6880  0.7093  0.1533

PART 68
OFFSET  4.7214 -1.9150 -14.1141
X -0.4260 -0.2912  0.8566
Y -0.6873 -0.5115 -0.5157
Z  0.5883 -0.8084  0.0177

PART 69
OFFSET  5.4714 -1.4023 -15.6223
X -0.7528 -0.5905  0.2909
Y -0.2018 -0.2136 -0.9559
Z  0.6265 -0.7783  0.0416

PART 70
OFFSET  6.4246 -0.7318 -15.9734
X -0.8225 -0.5657  0.0591
Y -0.0246 -0.0685 -0.9973
Z  0.5683 -0.8218  0.0425

PART 71
OFFSET  7.3536 -0.0928 -16.0402
X  0.4497  0.0149  0.8930
Y  0.6938  0.6239 -0.3598
Z -0.5625  0.7814  0.2703

PART 72
OFFSET  4.2001 -0.9662 -13.8938
X -0.8011 -0.5946  0.0686
Y -0.1016  0.0221 -0.9946
Z  0.5898 -0.8037 -0.0781

PART 73
OFFSET  5.7651  0.1953 -14.0277
X -0.7121 -0.5044 -0.4883
Y  0.3312  0.3720 -0.8672
Z  0.6190 -0.7793 -0.0979

PART 74
OFFSET  6.8053  0.9320 -13.3145
X -0.3927 -0.1876 -0.9003
Y  0.6463  0.6401 -0.4153
Z  0.6542 -0.7450 -0.1302

PART 75
OFFSET  7.2459  1.1501 -12.2942
X -0.1535 -0.2174  0.9639
Y  0.7941  0.5534  0.2513
Z -0.5880  0.8041  0.0877

PART 76
OFFSET  0.0000 -0.0000 -0.0000
X  1.0000 -0.0000  0.0000
Y  0.0000  1.0000  0.0000
Z  0.0000 -0.0000  1.0000

PART 77
OFFSET -0.0000 -0.0000 -0.0000
X  0.9999 -0.0000 -0.0117
Y -0.0001  0.9999 -0.0119
Z  0.0117  0.0119  0.9999

PART 78
OFFSET  1.5887  0.0492  4.1172
X  0.9999 -0.0000 -0.0117
Y -0.0001  0.9999 -0.0119
Z  0.0117  0.0119  0.9999


FRAME 804
PART 0
OFFSET  0.0000 -0.0000 -0.0000
