// Export filename: `C:\projects\cod\t5\xanim_export\t5_viewmodels\l96a1\l96a1_putaway_quick.XANIM_EXPORT`
// Source filename: `D:\projects\devanim\t5\animation_assets\viewmodels\l96a1\ViewModel_l96a1_animated.fbx`
// Export time: Sun Aug 29 21:43:55 2010

ANIMATION
VERSION 3

NUMPARTS 79
PART 0 "tag_ads"
PART 1 "tag_torso"
PART 2 "J_Shoulder_LE"
PART 3 "J_Elbow_LE"
PART 4 "J_WristTwist_LE"
PART 5 "J_Sleave_Reshape_Bottom_LE_1"
PART 6 "J_Sleave_Reshape_Bottom_LE_2"
PART 7 "J_Sleave_Reshape_Top_LE_1"
PART 8 "J_Sleave_Reshape_Top_LE_2"
PART 9 "J_Sleave_Reshape_Top_LE_3"
PART 10 "J_Wrist_LE"
PART 11 "J_Thumb_LE_0"
PART 12 "J_Thumb_LE_1"
PART 13 "J_Thumb_LE_2"
PART 14 "J_Thumb_LE_3"
PART 15 "J_PinkyPalm_LE"
PART 16 "J_Pinky_LE_0"
PART 17 "J_Pinky_LE_1"
PART 18 "J_Pinky_LE_2"
PART 19 "J_Pinky_LE_3"
PART 20 "J_RingPalm_LE"
PART 21 "J_Ring_LE_0"
PART 22 "J_Ring_LE_1"
PART 23 "J_Ring_LE_2"
PART 24 "J_Ring_LE_3"
PART 25 "J_Webbing_LE"
PART 26 "J_Index_LE_0"
PART 27 "J_Index_LE_1"
PART 28 "J_Index_LE_2"
PART 29 "J_Index_LE_3"
PART 30 "J_Mid_LE_0"
PART 31 "J_Mid_LE_1"
PART 32 "J_Mid_LE_2"
PART 33 "J_Mid_LE_3"
PART 34 "tag_knife_attach"
PART 35 "tag_weapon"
PART 36 "J_Gun"
PART 37 "tag_bolt"
PART 38 "tag_bolt_handle"
PART 39 "tag_clip"
PART 40 "tag_clip_release"
PART 41 "tag_trigger"
PART 42 "tag_bipod_right"
PART 43 "tag_bipod_left"
PART 44 "tag_backlip"
PART 45 "tag_frontlip"
PART 46 "J_Shoulder_RI"
PART 47 "J_Elbow_RI"
PART 48 "J_WristTwist_RI"
PART 49 "J_Sleave_Reshape_Top_RI_3"
PART 50 "J_Sleave_Reshape_Top_RI_2"
PART 51 "J_Sleave_Reshape_Top_RI_1"
PART 52 "J_Wrist_RI"
PART 53 "J_Thumb_RI_0"
PART 54 "J_Thumb_RI_1"
PART 55 "J_Thumb_RI_2"
PART 56 "J_Thumb_RI_3"
PART 57 "J_PinkyPalm_RI"
PART 58 "J_Pinky_RI_0"
PART 59 "J_Pinky_RI_1"
PART 60 "J_Pinky_RI_2"
PART 61 "J_Pinky_RI_3"
PART 62 "J_RingPalm_RI"
PART 63 "J_Ring_RI_0"
PART 64 "J_Ring_RI_1"
PART 65 "J_Ring_RI_2"
PART 66 "J_Ring_RI_3"
PART 67 "J_Webbing_RI"
PART 68 "J_Index_RI_0"
PART 69 "J_Index_RI_1"
PART 70 "J_Index_RI_2"
PART 71 "J_Index_RI_3"
PART 72 "J_Mid_RI_0"
PART 73 "J_Mid_RI_1"
PART 74 "J_Mid_RI_2"
PART 75 "J_Mid_RI_3"
PART 76 "tag_cambone"
PART 77 "tag_camera"
PART 78 "tag_gasmask"

FRAMERATE 30
NUMFRAMES 12

FRAME 150
PART 0
OFFSET  0.0000 -0.0000 -0.0000
X  1.0000 -0.0000  0.0000
Y  0.0000  1.0000  0.0000
Z  0.0000 -0.0000  1.0000

PART 1
OFFSET -4.6318 -0.0000 -1.3770
X  1.0000 -0.0000  0.0000
Y  0.0000  1.0000  0.0000
Z  0.0000 -0.0000  1.0000

PART 2
OFFSET -1.2815  5.8385 -7.1997
X  0.8967 -0.1569 -0.4139
Y -0.1833 -0.9828 -0.0246
Z -0.4029  0.0979 -0.9100

PART 3
OFFSET  9.5629  3.9414 -12.2057
X  0.7258 -0.5678  0.3884
Y -0.5844 -0.2110  0.7836
Z -0.3630 -0.7956 -0.4850

PART 4
OFFSET  15.7358 -0.8884 -8.9025
X  0.7258 -0.5678  0.3884
Y  0.1861  0.7055  0.6838
Z -0.6623 -0.4240  0.6178

PART 5
OFFSET  17.8393 -0.1820 -8.2057
X  0.7302 -0.5644  0.3850
Y  0.3693  0.8002  0.4726
Z -0.5748 -0.2029  0.7928

PART 6
OFFSET  16.9404 -1.7805 -9.8467
X  0.7302 -0.5644  0.3850
Y  0.3693  0.8002  0.4726
Z -0.5748 -0.2029  0.7928

PART 7
OFFSET  16.4270 -1.2666 -5.7938
X  0.7302 -0.5644  0.3850
Y  0.3693  0.8002  0.4726
Z -0.5748 -0.2029  0.7928

PART 8
OFFSET  15.8699 -2.7100 -7.1246
X  0.7302 -0.5644  0.3850
Y  0.3693  0.8002  0.4726
Z -0.5748 -0.2029  0.7928

PART 9
OFFSET  15.9318 -2.7719 -8.3196
X  0.7302 -0.5644  0.3850
Y  0.3693  0.8002  0.4726
Z -0.5748 -0.2029  0.7928

PART 10
OFFSET  17.9607 -2.6293 -7.7119
X  0.9335 -0.2742  0.2310
Y  0.0648  0.7628  0.6433
Z -0.3527 -0.5856  0.7299

PART 11
OFFSET  18.2984 -2.2569 -6.6874
X  0.8272 -0.1281  0.5472
Y -0.0250  0.9643  0.2636
Z -0.5614 -0.2317  0.7944

PART 12
OFFSET  20.0497 -2.4501 -5.4362
X  0.9166 -0.3638  0.1658
Y  0.2216  0.8076  0.5465
Z -0.3327 -0.4642  0.8209

PART 13
OFFSET  21.4789 -3.1374 -5.1092
X  0.9359 -0.0945  0.3393
Y -0.0423  0.9262  0.3747
Z -0.3497 -0.3651  0.8628

PART 14
OFFSET  22.4743 -3.2406 -4.6965
X  0.9068  0.3556 -0.2265
Y -0.2622  0.0547 -0.9635
Z -0.3302  0.9330  0.1429

PART 15
OFFSET  18.6100 -3.7964 -8.0578
X  0.5009 -0.8469  0.1783
Y -0.5692 -0.1672  0.8051
Z -0.6520 -0.5047 -0.5658

PART 16
OFFSET  19.7606 -5.6463 -7.4761
X -0.2380 -0.4139  0.8787
Y -0.7966  0.6008  0.0672
Z -0.5557 -0.6839 -0.4727

PART 17
OFFSET  19.4237 -6.2324 -6.2321
X -0.7912  0.2769  0.5454
Y -0.2729  0.6382 -0.7199
Z -0.5473 -0.7184 -0.4294

PART 18
OFFSET  18.7222 -5.9869 -5.7485
X -0.7608  0.6482 -0.0306
Y  0.3327  0.3492 -0.8760
Z -0.5572 -0.6767 -0.4813

PART 19
OFFSET  17.9994 -5.3711 -5.7776
X  0.4537 -0.6171  0.6429
Y  0.6704 -0.2390 -0.7025
Z  0.5872  0.7497  0.3052

PART 20
OFFSET  18.9076 -3.2680 -7.6813
X  0.8663 -0.4987  0.0267
Y -0.3742 -0.6128  0.6961
Z -0.3308 -0.6130 -0.7175

PART 21
OFFSET  20.8735 -4.9429 -7.3839
X -0.1191 -0.6021  0.7895
Y -0.8682  0.4489  0.2114
Z -0.4817 -0.6602 -0.5762

PART 22
OFFSET  20.6707 -5.9680 -6.0398
X -0.7987  0.0714  0.5975
Y -0.3664  0.7299 -0.5770
Z -0.4774 -0.6798 -0.5568

PART 23
OFFSET  19.5638 -5.8691 -5.2117
X -0.8633  0.4854  0.1381
Y  0.1780  0.5489 -0.8167
Z -0.4722 -0.6805 -0.5603

PART 24
OFFSET  18.6275 -5.3427 -5.0619
X  0.5824 -0.7447  0.3258
Y  0.6607  0.2003 -0.7234
Z  0.4735  0.6366  0.6087

PART 25
OFFSET  20.7524 -2.5772 -5.5870
X  0.7677 -0.5684  0.2959
Y  0.6109  0.5100 -0.6055
Z  0.1932  0.6457  0.7388

PART 26
OFFSET  21.7782 -2.9047 -6.5977
X  0.6827 -0.7282  0.0595
Y -0.5670 -0.4767  0.6717
Z -0.4608 -0.4924 -0.7384

PART 27
OFFSET  22.9802 -4.1869 -6.4928
X  0.3493 -0.8773  0.3292
Y -0.8312 -0.1279  0.5411
Z -0.4326 -0.4626 -0.7739

PART 28
OFFSET  23.4311 -5.2253 -6.0457
X -0.0322 -0.7343  0.6781
Y -0.9019  0.3138  0.2970
Z -0.4308 -0.6020 -0.6723

PART 29
OFFSET  23.3948 -6.0547 -5.2798
X  0.7034 -0.2135 -0.6779
Y -0.1817  0.8681 -0.4619
Z  0.6872  0.4481  0.5718

PART 30
OFFSET  21.5450 -3.8081 -7.1893
X  0.2848 -0.8374  0.4665
Y -0.8395  0.0170  0.5431
Z -0.4627 -0.5463 -0.6981

PART 31
OFFSET  22.1014 -5.4440 -6.2780
X -0.6074 -0.3835  0.6958
Y -0.6275  0.7687 -0.1241
Z -0.4872 -0.5120 -0.7075

PART 32
OFFSET  21.2143 -6.0041 -5.2617
X -0.8641  0.2833  0.4160
Y  0.0156  0.8412 -0.5406
Z -0.5031 -0.4606 -0.7312

PART 33
OFFSET  20.2321 -5.6870 -4.7953
X  0.6848 -0.7251  0.0730
Y  0.5290  0.4257 -0.7341
Z  0.5012  0.5413  0.6751

PART 34
OFFSET  19.9193 -4.6761 -6.3200
X -0.3921 -0.6157 -0.6835
Y  0.3527  0.5856 -0.7299
Z  0.8496 -0.5272 -0.0125

PART 35
OFFSET  10.9063 -4.4801 -6.1535
X  1.0000 -0.0000  0.0000
Y  0.0000  1.0000  0.0000
Z  0.0000 -0.0000  1.0000

PART 36
OFFSET  10.9063 -4.4801 -6.1535
X  1.0000 -0.0000  0.0000
Y  0.0000  1.0000  0.0000
Z  0.0000 -0.0000  1.0000

PART 37
OFFSET  10.7149 -4.4638 -3.3065
X  1.0000 -0.0000  0.0000
Y  0.0000  1.0000  0.0000
Z  0.0000 -0.0000  1.0000

PART 38
OFFSET  12.2872 -4.4638 -3.3407
X  1.0000 -0.0000  0.0000
Y  0.0000  1.0000  0.0000
Z  0.0000 -0.0000  1.0000

PART 39
OFFSET  15.9020 -4.4794 -7.5536
X  1.0000 -0.0000  0.0000
Y  0.0000  1.0000  0.0000
Z  0.0000 -0.0000  1.0000

PART 40
OFFSET  13.2818 -4.4801 -7.6345
X  1.0000 -0.0000  0.0000
Y  0.0000  1.0000  0.0000
Z  0.0000 -0.0000  1.0000

PART 41
OFFSET  11.1247 -4.4801 -6.6572
X  1.0000 -0.0000  0.0000
Y  0.0000  1.0000  0.0000
Z  0.0000 -0.0000  1.0000

PART 42
OFFSET  31.9407 -5.6656 -7.0257
X -0.0000  0.5000  0.8660
Y  0.0000  0.8660 -0.5000
Z -1.0000  0.0000 -0.0000

PART 43
OFFSET  31.9407 -3.2898 -7.0257
X -0.0000 -0.5000  0.8660
Y  0.0000  0.8660  0.5000
Z -1.0000  0.0000 -0.0000

PART 44
OFFSET  20.7047 -4.4827 -0.1874
X -0.2300 -0.0000 -0.9732
Y -0.0000  1.0000  0.0000
Z  0.9732  0.0000 -0.2300

PART 45
OFFSET  8.3880 -4.4827 -0.3571
X -0.3786 -0.0000  0.9255
Y -0.0000  1.0000 -0.0000
Z -0.9255 -0.0000 -0.3786

PART 46
OFFSET -3.5060 -7.9373 -3.1869
X -0.0089 -0.1571  0.9875
Y -0.3910 -0.9084 -0.1480
Z  0.9203 -0.3874 -0.0534

PART 47
OFFSET -3.3987 -6.0376 -15.1302
X -0.8012 -0.0142 -0.5983
Y  0.5835  0.2032 -0.7862
Z  0.1327 -0.9790 -0.1545

PART 48
OFFSET  3.4155 -5.9169 -10.0416
X -0.8012 -0.0142 -0.5983
Y  0.5984 -0.0149 -0.8010
Z  0.0024 -0.9998  0.0205

PART 49
OFFSET  3.9842 -4.9260 -8.4228
X -0.8050 -0.0127 -0.5931
Y -0.1388  0.9760  0.1675
Z  0.5768  0.2172 -0.7875

PART 50
OFFSET  3.8126 -5.7093 -7.5324
X -0.8050 -0.0127 -0.5931
Y -0.1388  0.9760  0.1675
Z  0.5768  0.2172 -0.7875

PART 51
OFFSET  4.1940 -6.9609 -7.8471
X -0.8050 -0.0127 -0.5931
Y -0.1388  0.9760  0.1675
Z  0.5768  0.2172 -0.7875

PART 52
OFFSET  5.8716 -5.8733 -8.2074
X -0.9971 -0.0023 -0.0755
Y  0.0755  0.0083 -0.9971
Z  0.0029 -1.0000 -0.0081

PART 53
OFFSET  6.2462 -5.4697 -7.2079
X -0.4606 -0.8450 -0.2718
Y  0.7231 -0.1796 -0.6670
Z  0.5148 -0.5037  0.6937

PART 54
OFFSET  7.1392 -3.6004 -6.5934
X -0.9449 -0.3083  0.1101
Y  0.1868 -0.7840 -0.5920
Z  0.2688 -0.5389  0.7983

PART 55
OFFSET  8.6457 -3.0891 -6.8960
X -0.8201  0.1479  0.5527
Y -0.4092 -0.8269 -0.3859
Z  0.3999 -0.5426  0.7387

PART 56
OFFSET  9.5212 -3.2102 -7.5209
X -0.9466  0.2874 -0.1460
Y  0.2923  0.5742 -0.7648
Z -0.1359 -0.7666 -0.6275

PART 57
OFFSET  6.7957 -5.6604 -9.2096
X -0.9313 -0.0577  0.3597
Y  0.0701 -0.9973  0.0216
Z  0.3575  0.0453  0.9328

PART 58
OFFSET  8.9316 -5.4019 -9.8846
X -0.3752 -0.9261  0.0400
Y  0.8942 -0.3730 -0.2475
Z  0.2441 -0.0571  0.9681

PART 59
OFFSET  9.4628 -4.0908 -9.9411
X  0.5358 -0.8223 -0.1914
Y  0.8196  0.5611 -0.1163
Z  0.2030 -0.0946  0.9746

PART 60
OFFSET  8.9877 -3.3617 -9.7714
X  0.9676  0.0017 -0.2526
Y  0.0108  0.9988  0.0484
Z  0.2524 -0.0495  0.9664

PART 61
OFFSET  8.0685 -3.3634 -9.5314
X -0.7834 -0.6211  0.0231
Y -0.5826  0.7466  0.3212
Z -0.2168  0.2381 -0.9467

PART 62
OFFSET  6.9652 -5.8051 -8.5315
X -0.9833 -0.0129  0.1816
Y  0.0200 -0.9991  0.0372
Z  0.1809  0.0402  0.9827

PART 63
OFFSET  9.4908 -5.7996 -9.1478
X -0.2986 -0.9527  0.0561
Y  0.9315 -0.3038 -0.2001
Z  0.2077 -0.0075  0.9782

PART 64
OFFSET  9.9992 -4.1776 -9.2433
X  0.6356 -0.7578 -0.1476
Y  0.7478  0.6518 -0.1261
Z  0.1918 -0.0302  0.9810

PART 65
OFFSET  9.1184 -3.1274 -9.0387
X  0.9550  0.2385 -0.1761
Y -0.2297  0.9708  0.0693
Z  0.1875 -0.0258  0.9819

PART 66
OFFSET  8.0826 -3.3860 -8.8477
X -0.6420 -0.7512  0.1530
Y -0.7434  0.6588  0.1155
Z -0.1875 -0.0396 -0.9815

PART 67
OFFSET  1.6593 -6.4257 -7.6829
X -0.9520 -0.2818  0.1195
Y -0.2895  0.9557 -0.0532
Z -0.0993 -0.0852 -0.9914

PART 68
OFFSET  9.7012 -6.2424 -7.1642
X -0.9665 -0.1352 -0.2180
Y  0.1413 -0.9899 -0.0123
Z -0.2141 -0.0427  0.9759

PART 69
OFFSET  11.4029 -6.0043 -6.7804
X -0.1589 -0.9870 -0.0238
Y  0.9631 -0.1603  0.2160
Z -0.2170  0.0115  0.9761

PART 70
OFFSET  11.5829 -4.8037 -6.6922
X  0.4363 -0.8990  0.0371
Y  0.8754  0.4336  0.2135
Z -0.2080 -0.0607  0.9762

PART 71
OFFSET  11.0902 -3.7882 -6.7341
X -0.9908 -0.1158  0.0698
Y -0.1226  0.9872 -0.1017
Z -0.0571 -0.1094 -0.9924

PART 72
OFFSET  9.6762 -6.0543 -8.2525
X -0.1799 -0.9837 -0.0063
Y  0.9832 -0.1800  0.0294
Z -0.0301 -0.0009  0.9995

PART 73
OFFSET  10.0276 -4.1326 -8.2401
X  0.7572 -0.6526  0.0272
Y  0.6532  0.7569 -0.0223
Z -0.0060  0.0346  0.9994

PART 74
OFFSET  8.9217 -3.1794 -8.2799
X  0.9619  0.2714 -0.0328
Y -0.2733  0.9581 -0.0859
Z  0.0081  0.0916  0.9958

PART 75
OFFSET  7.8320 -3.4868 -8.2499
X -0.5635 -0.8259  0.0163
Y -0.8254  0.5638  0.0297
Z -0.0338  0.0033 -0.9994

PART 76
OFFSET  0.0000 -0.0000 -0.0000
X  1.0000 -0.0000  0.0000
Y  0.0000  1.0000  0.0000
Z  0.0000 -0.0000  1.0000

PART 77
OFFSET  0.0000 -0.0000 -0.0000
X  1.0000 -0.0000  0.0000
Y  0.0000  1.0000  0.0000
Z  0.0000 -0.0000  1.0000

PART 78
OFFSET  1.5404 -0.0000  4.1357
X  1.0000 -0.0000  0.0000
Y  0.0000  1.0000  0.0000
Z  0.0000 -0.0000  1.0000


FRAME 151
PART 0
OFFSET  0.0000 -0.0000 -0.0000
X  1.0000 -0.0000  0.0000
Y  0.0000  1.0000  0.0000
Z  0.0000 -0.0000  1.0000

PART 1
OFFSET -4.6318 -0.0000 -1.3770
X  1.0000 -0.0000  0.0000
Y  0.0000  1.0000  0.0000
Z  0.0000 -0.0000  1.0000

PART 2
OFFSET -1.2815  5.8385 -7.1997
X  0.8853 -0.0810 -0.4578
Y -0.1253 -0.9898 -0.0673
Z -0.4477  0.1169 -0.8865

PART 3
OFFSET  9.4258  4.8589 -12.7365
X  0.7059 -0.5701  0.4204
Y -0.6235 -0.2185  0.7506
Z -0.3360 -0.7920 -0.5097

PART 4
OFFSET  15.4295  0.0100 -9.1608
X  0.7059 -0.5701  0.4204
Y  0.0840  0.6567  0.7494
Z -0.7033 -0.4937  0.5115

PART 5
OFFSET  17.4930  0.7136 -8.3506
X  0.7105 -0.5666  0.4173
Y  0.3430  0.7967  0.4977
Z -0.6145 -0.2105  0.7604

PART 6
OFFSET  16.6829 -0.8721 -10.0491
X  0.7105 -0.5666  0.4173
Y  0.3430  0.7967  0.4977
Z -0.6145 -0.2105  0.7604

PART 7
OFFSET  15.9605 -0.3937 -6.0239
X  0.7105 -0.5666  0.4173
Y  0.3430  0.7967  0.4977
Z -0.6145 -0.2105  0.7604

PART 8
OFFSET  15.4754 -1.8265 -7.3938
X  0.7105 -0.5666  0.4173
Y  0.3430  0.7967  0.4977
Z -0.6145 -0.2105  0.7604

PART 9
OFFSET  15.5988 -1.8781 -8.5845
X  0.7105 -0.5666  0.4173
Y  0.3430  0.7967  0.4977
Z -0.6145 -0.2105  0.7604

PART 10
OFFSET  17.5935 -1.7377 -7.8719
X  0.9398 -0.2478  0.2354
Y  0.0048  0.6983  0.7158
Z -0.3417 -0.6716  0.6574

PART 11
OFFSET  17.8806 -1.4510 -6.8053
X  0.7664 -0.0071  0.6424
Y -0.3128  0.8692  0.3828
Z -0.5611 -0.4943  0.6640

PART 12
OFFSET  19.4719 -1.4070 -5.3440
X  0.9548 -0.1174  0.2732
Y -0.0986  0.7419  0.6632
Z -0.2806 -0.6601  0.6968

PART 13
OFFSET  20.9877 -1.7148 -4.8644
X  0.9047  0.0300  0.4249
Y -0.2677  0.8159  0.5124
Z -0.3313 -0.5774  0.7462

PART 14
OFFSET  21.9463 -1.6949 -4.3620
X  0.8255  0.5611 -0.0601
Y -0.1906  0.1771 -0.9656
Z -0.5312  0.8086  0.2532

PART 15
OFFSET  18.3146 -2.8307 -8.3063
X  0.6122 -0.7906 -0.0091
Y -0.5084 -0.4024  0.7613
Z -0.6056 -0.4615 -0.6483

PART 16
OFFSET  19.7160 -4.5893 -8.1389
X  0.3373 -0.7645  0.5493
Y -0.8079  0.0645  0.5858
Z -0.4832 -0.6414 -0.5959

PART 17
OFFSET  20.1935 -5.6717 -7.3613
X -0.0810 -0.6164  0.7832
Y -0.8915  0.3963  0.2197
Z -0.4458 -0.6804 -0.5817

PART 18
OFFSET  20.1217 -6.2182 -6.6668
X -0.3570 -0.4479  0.8197
Y -0.7868  0.6172 -0.0054
Z -0.5035 -0.6469 -0.5727

PART 19
OFFSET  19.7825 -6.6438 -5.8881
X  0.8398  0.0487 -0.5407
Y -0.4279  0.6724 -0.6040
Z  0.3342  0.7386  0.5855

PART 20
OFFSET  18.5722 -2.3274 -7.8706
X  0.8908 -0.4543  0.0081
Y -0.3608 -0.6964  0.6204
Z -0.2762 -0.5556 -0.7843

PART 21
OFFSET  20.6971 -3.8250 -7.8485
X  0.4430 -0.7810  0.4401
Y -0.7848 -0.1005  0.6116
Z -0.4334 -0.6163 -0.6575

PART 22
OFFSET  21.4514 -5.1547 -7.0992
X -0.0146 -0.7109  0.7032
Y -0.9098  0.3011  0.2855
Z -0.4147 -0.6356 -0.6512

PART 23
OFFSET  21.4312 -6.1399 -6.1247
X -0.2885 -0.5922  0.7524
Y -0.8633  0.5008  0.0632
Z -0.4142 -0.6312 -0.6557

PART 24
OFFSET  21.1183 -6.7822 -5.3087
X  0.7091  0.1681 -0.6848
Y -0.5233  0.7764 -0.3513
Z  0.4726  0.6075  0.6385

PART 25
OFFSET  20.3151 -1.7528 -5.6573
X  0.7883 -0.5549  0.2658
Y  0.6000  0.5974 -0.5321
Z  0.1365  0.5790  0.8038

PART 26
OFFSET  21.3861 -1.9269 -6.6591
X  0.8131 -0.5817 -0.0238
Y -0.4879 -0.7030  0.5174
Z -0.3177 -0.4091 -0.8554

PART 27
OFFSET  22.8176 -2.9511 -6.7010
X  0.6994 -0.7121  0.0614
Y -0.6467 -0.5940  0.4786
Z -0.3043 -0.3744 -0.8759

PART 28
OFFSET  23.6864 -3.7940 -6.5732
X  0.5630 -0.7608  0.3227
Y -0.7919 -0.3849  0.4742
Z -0.2366 -0.5225 -0.8192

PART 29
OFFSET  24.3223 -4.6534 -6.2086
X  0.4650  0.4481 -0.7635
Y -0.7371  0.6736 -0.0536
Z  0.4903  0.5877  0.6436

PART 30
OFFSET  21.2193 -2.7785 -7.3429
X  0.6495 -0.7479  0.1373
Y -0.6391 -0.4390  0.6316
Z -0.4120 -0.4979 -0.7631

PART 31
OFFSET  22.4881 -4.2395 -7.0746
X  0.1320 -0.8717  0.4719
Y -0.8842  0.1117  0.4536
Z -0.4481 -0.4771 -0.7560

PART 32
OFFSET  22.6809 -5.5127 -6.3853
X -0.1811 -0.7845  0.5931
Y -0.8485  0.4295  0.3091
Z -0.4972 -0.4473 -0.7435

PART 33
OFFSET  22.4729 -6.4048 -5.7191
X  0.7126  0.3558 -0.6046
Y -0.5684  0.7980 -0.2002
Z  0.4113  0.4864  0.7709

PART 34
OFFSET  19.6181 -3.8092 -6.6177
X -0.3382 -0.5648 -0.7528
Y  0.3417  0.6716 -0.6574
Z  0.8768 -0.4796 -0.0341

PART 35
OFFSET  10.5220 -4.5504 -6.0102
X  0.9991 -0.0390 -0.0164
Y  0.0397  0.9983  0.0430
Z  0.0147 -0.0436  0.9989

PART 36
OFFSET  10.5220 -4.5504 -6.0102
X  0.9991 -0.0390 -0.0164
Y  0.0397  0.9983  0.0430
Z  0.0147 -0.0436  0.9989

PART 37
OFFSET  10.3733 -4.6508 -3.1623
X  0.9991 -0.0390 -0.0164
Y  0.0397  0.9983  0.0430
Z  0.0147 -0.0436  0.9989

PART 38
OFFSET  11.9437 -4.7106 -3.2223
X  0.9991 -0.0390 -0.0164
Y  0.0397  0.9983  0.0430
Z  0.0147 -0.0436  0.9989

PART 39
OFFSET  15.4927 -4.6833 -7.4908
X  0.9991 -0.0390 -0.0164
Y  0.0397  0.9983  0.0430
Z  0.0147 -0.0436  0.9989

PART 40
OFFSET  12.8736 -4.5784 -7.5285
X  0.9991 -0.0390 -0.0164
Y  0.0397  0.9983  0.0430
Z  0.0147 -0.0436  0.9989

PART 41
OFFSET  10.7328 -4.5369 -6.5169
X  0.9991 -0.0390 -0.0164
Y  0.0397  0.9983  0.0430
Z  0.0147 -0.0436  0.9989

PART 42
OFFSET  31.4777 -6.5159 -7.2777
X  0.0326  0.4614  0.8866
Y  0.0270  0.8864 -0.4622
Z -0.9991  0.0390  0.0164

PART 43
OFFSET  31.5719 -4.1441 -7.1755
X -0.0071 -0.5369  0.8436
Y  0.0417  0.8427  0.5367
Z -0.9991  0.0390  0.0164

PART 44
OFFSET  20.3993 -5.1953 -0.2113
X -0.3152  0.0533 -0.9475
Y  0.0397  0.9983  0.0430
Z  0.9482 -0.0240 -0.3167

PART 45
OFFSET  8.0911 -4.7077 -0.1786
X -0.4222 -0.0223  0.9062
Y  0.0397  0.9983  0.0430
Z -0.9056  0.0541 -0.4206

PART 46
OFFSET -3.5060 -7.9373 -3.1869
X  0.0219 -0.1777  0.9838
Y -0.3734 -0.9143 -0.1568
Z  0.9274 -0.3639 -0.0864

PART 47
OFFSET -3.7710 -5.7884 -15.0854
X -0.7931 -0.0115 -0.6089
Y  0.5899  0.2342 -0.7728
Z  0.1515 -0.9721 -0.1789

PART 48
OFFSET  2.9749 -5.6905 -9.9060
X -0.7931 -0.0115 -0.6089
Y  0.6090 -0.0091 -0.7931
Z  0.0036 -0.9999  0.0142

PART 49
OFFSET  3.5059 -4.7344 -8.2540
X -0.7970 -0.0102 -0.6038
Y -0.1577  0.9687  0.1918
Z  0.5830  0.2481 -0.7737

PART 50
OFFSET  3.3364 -5.5442 -7.3872
X -0.7970 -0.0102 -0.6038
Y -0.1577  0.9687  0.1918
Z  0.5830  0.2481 -0.7737

PART 51
OFFSET  3.7432 -6.7802 -7.7302
X -0.7970 -0.0102 -0.6038
Y -0.1577  0.9687  0.1918
Z  0.5830  0.2481 -0.7737

PART 52
OFFSET  5.4064 -5.6553 -8.0392
X -0.9975  0.0399 -0.0592
Y  0.0611  0.0488 -0.9969
Z -0.0369 -0.9980 -0.0511

PART 53
OFFSET  5.8113 -5.3106 -7.0295
X -0.4977 -0.8137 -0.3003
Y  0.7055 -0.1783 -0.6859
Z  0.5046 -0.5532  0.6628

PART 54
OFFSET  6.7867 -3.5060 -6.3499
X -0.9547 -0.2757  0.1123
Y  0.1468 -0.7641 -0.6282
Z  0.2590 -0.5832  0.7699

PART 55
OFFSET  8.3077 -3.0412 -6.6549
X -0.8054  0.1556  0.5719
Y -0.4473 -0.7926 -0.4143
Z  0.3889 -0.5895  0.7080

PART 56
OFFSET  9.1684 -3.1690 -7.2987
X -0.9365  0.3302 -0.1180
Y  0.3035  0.5952 -0.7441
Z -0.1755 -0.7327 -0.6576

PART 57
OFFSET  6.3233 -5.4351 -9.0463
X -0.9274 -0.0370  0.3721
Y  0.0308 -0.9993 -0.0225
Z  0.3727 -0.0094  0.9279

PART 58
OFFSET  8.4576 -5.2308 -9.7445
X -0.4110 -0.9116  0.0062
Y  0.8750 -0.3964 -0.2780
Z  0.2559 -0.1088  0.9606

PART 59
OFFSET  9.0396 -3.9402 -9.7533
X  0.4999 -0.8335 -0.2354
Y  0.8394  0.5332 -0.1055
Z  0.2134 -0.1448  0.9662

PART 60
OFFSET  8.5963 -3.2012 -9.5446
X  0.9630 -0.0250 -0.2682
Y  0.0512  0.9945  0.0911
Z  0.2644 -0.1014  0.9591

PART 61
OFFSET  7.6814 -3.1775 -9.2898
X -0.8069 -0.5905  0.0092
Y -0.5477  0.7541  0.3625
Z -0.2211  0.2875 -0.9319

PART 62
OFFSET  6.4969 -5.6157 -8.3779
X -0.9803  0.0175  0.1970
Y -0.0191 -0.9998 -0.0061
Z  0.1968 -0.0098  0.9804

PART 63
OFFSET  9.0114 -5.6818 -9.0348
X -0.3353 -0.9419  0.0200
Y  0.9157 -0.3308 -0.2282
Z  0.2216 -0.0582  0.9734

PART 64
OFFSET  9.5823 -4.0782 -9.0688
X  0.6028 -0.7748 -0.1905
Y  0.7712  0.6270 -0.1102
Z  0.2049 -0.0805  0.9755

PART 65
OFFSET  8.7469 -3.0044 -8.8048
X  0.9611  0.2086 -0.1813
Y -0.1899  0.9751  0.1148
Z  0.2008 -0.0759  0.9767

PART 66
OFFSET  7.7046 -3.2305 -8.6081
X -0.6690 -0.7316  0.1310
Y -0.7149  0.6817  0.1559
Z -0.2034  0.0106 -0.9790

PART 67
OFFSET  1.1836 -6.0654 -7.4698
X -0.9606 -0.2494  0.1229
Y -0.2522  0.9677 -0.0072
Z -0.1171 -0.0380 -0.9924

PART 68
OFFSET  9.2332 -6.2185 -7.0758
X -0.9742 -0.0878 -0.2077
Y  0.1017 -0.9932 -0.0572
Z -0.2013 -0.0768  0.9765

PART 69
OFFSET  10.9485 -6.0639 -6.7101
X -0.1983 -0.9781 -0.0636
Y  0.9591 -0.2070  0.1931
Z -0.2020 -0.0227  0.9791

PART 70
OFFSET  11.1773 -4.8763 -6.5733
X  0.4008 -0.9161 -0.0088
Y  0.8950  0.3894  0.2175
Z -0.1959 -0.0951  0.9760

PART 71
OFFSET  10.7246 -3.8415 -6.5634
X -0.9935 -0.0801  0.0810
Y -0.0848  0.9948 -0.0572
Z -0.0760 -0.0637 -0.9951

PART 72
OFFSET  9.1997 -5.9823 -8.1545
X -0.2188 -0.9747 -0.0457
Y  0.9756 -0.2193  0.0055
Z -0.0154 -0.0434  0.9989

PART 73
OFFSET  9.6272 -4.0782 -8.0652
X  0.7310 -0.6822 -0.0133
Y  0.6823  0.7311 -0.0004
Z  0.0100 -0.0088  0.9999

PART 74
OFFSET  8.5595 -3.0817 -8.0457
X  0.9713  0.2349 -0.0368
Y -0.2363  0.9708 -0.0401
Z  0.0264  0.0477  0.9985

PART 75
OFFSET  7.4590 -3.3474 -8.0111
X -0.5955 -0.8033 -0.0100
Y -0.8019  0.5937  0.0675
Z -0.0483  0.0482 -0.9977

PART 76
OFFSET  0.0000 -0.0000 -0.0000
X  1.0000 -0.0000  0.0000
Y  0.0000  1.0000  0.0000
Z  0.0000 -0.0000  1.0000

PART 77
OFFSET  0.0000 -0.0000 -0.0000
X  1.0000 -0.0000  0.0000
Y  0.0000  1.0000  0.0000
Z  0.0000 -0.0000  1.0000

PART 78
OFFSET  1.5404 -0.0000  4.1357
X  1.0000 -0.0000  0.0000
Y  0.0000  1.0000  0.0000
Z  0.0000 -0.0000  1.0000


FRAME 152
PART 0
OFFSET  0.0000 -0.0000 -0.0000
X  1.0000 -0.0000  0.0000
Y  0.0000  1.0000  0.0000
Z  0.0000 -0.0000  1.0000

PART 1
OFFSET -4.6318 -0.0000 -1.3770
X  1.0000 -0.0000  0.0000
Y  0.0000  1.0000  0.0000
Z  0.0000 -0.0000  1.0000

PART 2
OFFSET -1.2815  5.8385 -7.1997
X  0.8421  0.0983 -0.5303
Y  0.0075 -0.9853 -0.1708
Z -0.5393  0.1398 -0.8304

PART 3
OFFSET  8.9023  7.0278 -13.6134
X  0.6754 -0.5738  0.4632
Y -0.6868 -0.2608  0.6784
Z -0.2685 -0.7764 -0.5702

PART 4
OFFSET  14.6472  2.1475 -9.6735
X  0.6754 -0.5738  0.4632
Y -0.1798  0.4810  0.8581
Z -0.7152 -0.6629  0.2217

PART 5
OFFSET  16.6084  2.8551 -8.6429
X  0.6803 -0.5701  0.4607
Y  0.2764  0.7817  0.5591
Z -0.6789 -0.2530  0.6893

PART 6
OFFSET  15.9984  1.3261 -10.4721
X  0.6803 -0.5701  0.4607
Y  0.2764  0.7817  0.5591
Z -0.6789 -0.2530  0.6893

PART 7
OFFSET  14.8874  1.6247 -6.5186
X  0.6803 -0.5701  0.4607
Y  0.2764  0.7817  0.5591
Z -0.6789 -0.2530  0.6893

PART 8
OFFSET  14.5664  0.2409 -7.9838
X  0.6803 -0.5701  0.4607
Y  0.2764  0.7817  0.5591
Z -0.6789 -0.2530  0.6893

PART 9
OFFSET  14.8032  0.2407 -9.1584
X  0.6803 -0.5701  0.4607
Y  0.2764  0.7817  0.5591
Z -0.6789 -0.2530  0.6893

PART 10
OFFSET  16.7178  0.3885 -8.2535
X  0.9524 -0.1837  0.2433
Y -0.1227  0.4997  0.8575
Z -0.2791 -0.8465  0.4534

PART 11
OFFSET  16.9132  0.4405 -7.1304
X  0.6248 -0.0104  0.7807
Y -0.6333  0.5781  0.5145
Z -0.4567 -0.8159  0.3546

PART 12
OFFSET  18.1728  0.4304 -5.3745
X  0.8744  0.0786  0.4789
Y -0.4630  0.4305  0.7748
Z -0.1453 -0.8992  0.4128

PART 13
OFFSET  19.5957  0.4309 -4.6014
X  0.8123  0.0956  0.5753
Y -0.5362  0.5103  0.6723
Z -0.2294 -0.8547  0.4658

PART 14
OFFSET  20.4545  0.5038 -3.9465
X  0.6365  0.7247  0.2641
Y -0.1344  0.4413 -0.8872
Z -0.7595  0.5292  0.3783

PART 15
OFFSET  17.5987 -0.4730 -8.8741
X  0.7691 -0.5907 -0.2442
Y -0.3832 -0.7319  0.5635
Z -0.5116 -0.3398 -0.7892

PART 16
OFFSET  19.3543 -1.8404 -9.2388
X  0.8519 -0.5211 -0.0515
Y -0.3883 -0.6947  0.6055
Z -0.3513 -0.4958 -0.7942

PART 17
OFFSET  20.5604 -2.5782 -9.3117
X  0.8577 -0.5141  0.0041
Y -0.4187 -0.6938  0.5860
Z -0.2984 -0.5043 -0.8103

PART 18
OFFSET  21.3209 -3.0340 -9.3081
X  0.8724 -0.4878 -0.0326
Y -0.3576 -0.6821  0.6379
Z -0.3334 -0.5448 -0.7694

PART 19
OFFSET  22.1496 -3.4974 -9.3390
X -0.3946  0.8801 -0.2643
Y -0.8734 -0.2699  0.4053
Z  0.2854  0.3907  0.8752

PART 20
OFFSET  17.7656 -0.0631 -8.3140
X  0.9424 -0.3333 -0.0290
Y -0.2929 -0.8637  0.4102
Z -0.1618 -0.3781 -0.9115

PART 21
OFFSET  20.1285 -1.1028 -8.6214
X  0.8891 -0.4492 -0.0874
Y -0.3248 -0.7539  0.5710
Z -0.3224 -0.4794 -0.8163

PART 22
OFFSET  21.6422 -1.8676 -8.7702
X  0.8766 -0.4800 -0.0339
Y -0.3788 -0.7318  0.5665
Z -0.2967 -0.4837 -0.8234

PART 23
OFFSET  22.8571 -2.5329 -8.8172
X  0.8839 -0.4646 -0.0532
Y -0.3569 -0.7439  0.5650
Z -0.3020 -0.4804 -0.8234

PART 24
OFFSET  23.8158 -3.0367 -8.8749
X -0.5352  0.7819 -0.3196
Y -0.7857 -0.3219  0.5282
Z  0.3101  0.5338  0.7867

PART 25
OFFSET  19.3094  0.1620 -5.8989
X  0.8422 -0.5048  0.1892
Y  0.5388  0.7755 -0.3292
Z  0.0195  0.3792  0.9251

PART 26
OFFSET  20.4400  0.3644 -6.8271
X  0.9455 -0.3175 -0.0726
Y -0.2990 -0.9346  0.1928
Z -0.1291 -0.1606 -0.9785

PART 27
OFFSET  22.1047 -0.1946 -6.9549
X  0.9637 -0.2500 -0.0937
Y -0.2335 -0.9593  0.1587
Z -0.1296 -0.1310 -0.9829

PART 28
OFFSET  23.2841 -0.4906 -7.0092
X  0.9766 -0.2074  0.0569
Y -0.2150 -0.9492  0.2297
Z  0.0063 -0.2366 -0.9716

PART 29
OFFSET  24.3872 -0.7249 -6.9449
X -0.1221  0.8579 -0.4992
Y -0.9878 -0.0562  0.1449
Z  0.0962  0.5108  0.8543

PART 30
OFFSET  20.4215 -0.3100 -7.7019
X  0.9235 -0.3345 -0.1877
Y -0.2325 -0.8774  0.4196
Z -0.3050 -0.3439 -0.8881

PART 31
OFFSET  22.2257 -0.9634 -8.0686
X  0.8493 -0.5121 -0.1279
Y -0.4022 -0.7848  0.4715
Z -0.3419 -0.3490 -0.8725

PART 32
OFFSET  23.4663 -1.7114 -8.2555
X  0.8711 -0.4498 -0.1972
Y -0.3050 -0.8101  0.5007
Z -0.3849 -0.3760 -0.8429

PART 33
OFFSET  24.4503 -2.2230 -8.4851
X -0.4485  0.8864 -0.1147
Y -0.8206 -0.3575  0.4458
Z  0.3541  0.2941  0.8878

PART 34
OFFSET  18.9408 -1.6687 -7.3650
X -0.2235 -0.4019 -0.8880
Y  0.2791  0.8465 -0.4534
Z  0.9339 -0.3491 -0.0770

PART 35
OFFSET  9.6034 -4.7529 -5.6889
X  0.9899 -0.1300 -0.0568
Y  0.1369  0.9805  0.1409
Z  0.0374 -0.1472  0.9884

PART 36
OFFSET  9.6034 -4.7529 -5.6889
X  0.9899 -0.1300 -0.0568
Y  0.1369  0.9805  0.1409
Z  0.0374 -0.1472  0.9884

PART 37
OFFSET  9.5226 -5.1311 -2.8616
X  0.9899 -0.1300 -0.0568
Y  0.1369  0.9805  0.1409
Z  0.0374 -0.1472  0.9884

PART 38
OFFSET  11.0777 -5.3305 -2.9848
X  0.9899 -0.1300 -0.0568
Y  0.1369  0.9805  0.1409
Z  0.0374 -0.1472  0.9884

PART 39
OFFSET  14.4964 -5.1957 -7.3563
X  0.9899 -0.1300 -0.0568
Y  0.1369  0.9805  0.1409
Z  0.0374 -0.1472  0.9884

PART 40
OFFSET  11.8996 -4.8438 -7.2875
X  0.9899 -0.1300 -0.0568
Y  0.1369  0.9805  0.1409
Z  0.0374 -0.1472  0.9884

PART 41
OFFSET  9.8008 -4.7072 -6.1991
X  0.9899 -0.1300 -0.0568
Y  0.1369  0.9805  0.1409
Z  0.0374 -0.1472  0.9884

PART 42
OFFSET  30.2301 -8.5224 -7.9124
X  0.1008  0.3628  0.9264
Y  0.0999  0.9228 -0.3722
Z -0.9899  0.1301  0.0568

PART 43
OFFSET  30.5554 -6.1929 -7.5777
X -0.0361 -0.6177  0.7855
Y  0.1372  0.7755  0.6162
Z -0.9899  0.1300  0.0568

PART 44
OFFSET  19.5253 -6.9080 -0.3487
X -0.4995  0.1911 -0.8449
Y  0.1369  0.9805  0.1409
Z  0.8554 -0.0453 -0.5160

PART 45
OFFSET  7.3268 -5.2813  0.1830
X -0.5341 -0.0467  0.8441
Y  0.1369  0.9805  0.1409
Z -0.8343  0.1908 -0.5173

PART 46
OFFSET -3.5060 -7.9373 -3.1869
X  0.0937 -0.2265  0.9695
Y -0.3259 -0.9271 -0.1851
Z  0.9407 -0.2986 -0.1607

PART 47
OFFSET -4.6394 -5.1982 -14.9119
X -0.7771 -0.0032 -0.6294
Y  0.5970  0.3127 -0.7387
Z  0.1992 -0.9498 -0.2411

PART 48
OFFSET  1.9701 -5.1714 -9.5588
X -0.7771 -0.0032 -0.6294
Y  0.6294 -0.0051 -0.7771
Z -0.0008 -1.0000  0.0059

PART 49
OFFSET  2.4182 -4.3109 -7.8313
X -0.7812 -0.0024 -0.6243
Y -0.2055  0.9453  0.2535
Z  0.5895  0.3263 -0.7389

PART 50
OFFSET  2.2646 -5.1858 -7.0271
X -0.7812 -0.0024 -0.6243
Y -0.2055  0.9453  0.2535
Z  0.5895  0.3263 -0.7389

PART 51
OFFSET  2.7345 -6.3761 -7.4431
X -0.7812 -0.0024 -0.6243
Y -0.2055  0.9453  0.2535
Z  0.5895  0.3263 -0.7389

PART 52
OFFSET  4.3525 -5.1617 -7.6294
X -0.9902  0.1386 -0.0183
Y  0.0386  0.1451 -0.9887
Z -0.1343 -0.9797 -0.1490

PART 53
OFFSET  4.8158 -4.9619 -6.6059
X -0.5817 -0.7286 -0.3615
Y  0.6662 -0.1719 -0.7257
Z  0.4666 -0.6630  0.5854

PART 54
OFFSET  5.9787 -3.3355 -5.7859
X -0.9734 -0.1956  0.1191
Y  0.0554 -0.7058 -0.7062
Z  0.2222 -0.6808  0.6979

PART 55
OFFSET  7.5286 -2.9856 -6.0984
X -0.7709  0.1704  0.6137
Y -0.5327 -0.7007 -0.4746
Z  0.3492 -0.6928  0.6310

PART 56
OFFSET  8.3554 -3.1262 -6.7829
X -0.9032  0.4264 -0.0501
Y  0.3393  0.6376 -0.6916
Z -0.2630 -0.6416 -0.7205

PART 57
OFFSET  5.2588 -4.9257 -8.6424
X -0.9163  0.0116  0.4003
Y -0.0663 -0.9902 -0.1232
Z  0.3949 -0.1394  0.9081

PART 58
OFFSET  7.3833 -4.8506 -9.3944
X -0.4967 -0.8651 -0.0696
Y  0.8249 -0.4456 -0.3480
Z  0.2700 -0.2303  0.9349

PART 59
OFFSET  8.0866 -3.6258 -9.2958
X  0.4107 -0.8478 -0.3355
Y  0.8837  0.4607 -0.0824
Z  0.2244 -0.2626  0.9384

PART 60
OFFSET  7.7224 -2.8741 -8.9983
X  0.9486 -0.0869 -0.3044
Y  0.1493  0.9708  0.1879
Z  0.2792 -0.2236  0.9338

PART 61
OFFSET  6.8212 -2.7915 -8.7092
X -0.8596 -0.5106 -0.0202
Y -0.4624  0.7606  0.4557
Z -0.2173  0.4011 -0.8899

PART 62
OFFSET  5.4322 -5.1894 -8.0021
X -0.9683  0.0885  0.2335
Y -0.1156 -0.9877 -0.1051
Z  0.2213 -0.1287  0.9667

PART 63
OFFSET  7.9099 -5.4217 -8.7540
X -0.4240 -0.9036 -0.0618
Y  0.8730 -0.3895 -0.2934
Z  0.2411 -0.1783  0.9540

PART 64
OFFSET  8.6317 -3.8834 -8.6488
X  0.5199 -0.8039 -0.2888
Y  0.8248  0.5604 -0.0753
Z  0.2224 -0.1990  0.9544

PART 65
OFFSET  7.9112 -2.7692 -8.2486
X  0.9714  0.1356 -0.1947
Y -0.0919  0.9715  0.2183
Z  0.2188 -0.1942  0.9563

PART 66
OFFSET  6.8576 -2.9162 -8.0374
X -0.7327 -0.6756  0.0818
Y -0.6413  0.7257  0.2492
Z -0.2277  0.1301 -0.9650

PART 67
OFFSET  0.1267 -5.2328 -6.9495
X -0.9765 -0.1701  0.1325
Y -0.1578  0.9825  0.0985
Z -0.1470  0.0753 -0.9863

PART 68
OFFSET  8.1317 -6.1752 -6.8677
X -0.9834  0.0252 -0.1796
Y  0.0039 -0.9872 -0.1596
Z -0.1813 -0.1577  0.9707

PART 69
OFFSET  9.8632 -6.2196 -6.5514
X -0.2933 -0.9436 -0.1535
Y  0.9395 -0.3142  0.1362
Z -0.1768 -0.1042  0.9787

PART 70
OFFSET  10.2090 -5.0788 -6.3054
X  0.3102 -0.9437 -0.1148
Y  0.9339  0.2799  0.2224
Z -0.1777 -0.1762  0.9682

PART 71
OFFSET  9.8587 -4.0128 -6.1758
X -0.9940  0.0050  0.1089
Y  0.0100  0.9989  0.0455
Z -0.1086  0.0463 -0.9930

PART 72
OFFSET  8.0921 -5.8273 -7.9155
X -0.3130 -0.9402 -0.1346
Y  0.9497 -0.3087 -0.0521
Z  0.0075 -0.1442  0.9895

PART 73
OFFSET  8.7035 -3.9906 -7.6525
X  0.6612 -0.7424 -0.1081
Y  0.7493  0.6605  0.0475
Z  0.0361 -0.1124  0.9930

PART 74
OFFSET  7.7377 -2.9063 -7.4947
X  0.9881  0.1459 -0.0488
Y -0.1426  0.9876  0.0656
Z  0.0577 -0.0579  0.9967

PART 75
OFFSET  6.6181 -3.0704 -7.4464
X -0.6703 -0.7390 -0.0682
Y -0.7388  0.6557  0.1557
Z -0.0703  0.1547 -0.9855

PART 76
OFFSET  0.0000 -0.0000 -0.0000
X  1.0000 -0.0000  0.0000
Y  0.0000  1.0000  0.0000
Z  0.0000 -0.0000  1.0000

PART 77
OFFSET  0.0000 -0.0000 -0.0000
X  1.0000 -0.0000  0.0000
Y  0.0000  1.0000  0.0000
Z  0.0000 -0.0000  1.0000

PART 78
OFFSET  1.5404 -0.0000  4.1357
X  1.0000 -0.0000  0.0000
Y  0.0000  1.0000  0.0000
Z  0.0000 -0.0000  1.0000


FRAME 153
PART 0
OFFSET  0.0000 -0.0000 -0.0000
X  1.0000 -0.0000  0.0000
Y  0.0000  1.0000  0.0000
Z  0.0000 -0.0000  1.0000

PART 1
OFFSET -4.6318 -0.0000 -1.3770
X  1.0000 -0.0000  0.0000
Y  0.0000  1.0000  0.0000
Z  0.0000 -0.0000  1.0000

PART 2
OFFSET -1.2815  5.8385 -7.1997
X  0.7591  0.3075 -0.5738
Y  0.1591 -0.9423 -0.2945
Z -0.6313  0.1323 -0.7642

PART 3
OFFSET  7.8987  9.5571 -14.1392
X  0.6718 -0.5731  0.4693
Y -0.7172 -0.3452  0.6053
Z -0.1849 -0.7433 -0.6429

PART 4
OFFSET  13.6130  4.6830 -10.1476
X  0.6718 -0.5731  0.4693
Y -0.4631  0.1695  0.8699
Z -0.5781 -0.8018 -0.1515

PART 5
OFFSET  15.4555  5.4068 -8.9267
X  0.6766 -0.5689  0.4674
Y  0.1933  0.7498  0.6328
Z -0.7105 -0.3378  0.6173

PART 6
OFFSET  15.0598  3.9924 -10.9012
X  0.6766 -0.5689  0.4674
Y  0.1933  0.7498  0.6328
Z -0.7105 -0.3378  0.6173

PART 7
OFFSET  13.6603  3.9352 -7.0293
X  0.6766 -0.5689  0.4674
Y  0.1933  0.7498  0.6328
Z -0.7105 -0.3378  0.6173

PART 8
OFFSET  13.5190  2.6521 -8.6101
X  0.6766 -0.5689  0.4674
Y  0.1933  0.7498  0.6328
Z -0.7105 -0.3378  0.6173

PART 9
OFFSET  13.8370  2.7527 -9.7609
X  0.6766 -0.5689  0.4674
Y  0.1933  0.7498  0.6328
Z -0.7105 -0.3378  0.6173

PART 10
OFFSET  15.6726  2.9262 -8.7088
X  0.9633 -0.1052  0.2472
Y -0.2242  0.1921  0.9554
Z -0.1479 -0.9757  0.1614

PART 11
OFFSET  15.8288  2.6636 -7.6093
X  0.6123 -0.1593  0.7744
Y -0.7204  0.2913  0.6294
Z -0.3258 -0.9433  0.0636

PART 12
OFFSET  17.0600  2.2965 -5.8718
X  0.8570  0.0513  0.5127
Y -0.5152  0.0956  0.8517
Z -0.0053 -0.9941  0.1084

PART 13
OFFSET  18.4738  2.2623 -5.0828
X  0.8052  0.0246  0.5925
Y -0.5854  0.1924  0.7876
Z -0.0947 -0.9810  0.1693

PART 14
OFFSET  19.3302  2.2473 -4.4209
X  0.5345  0.6879  0.4909
Y -0.2179  0.6734 -0.7064
Z -0.8166  0.2707  0.5098

PART 15
OFFSET  16.6979  2.4344 -9.4901
X  0.8612 -0.3678 -0.3508
Y -0.2722 -0.9167  0.2926
Z -0.4292 -0.1565 -0.8895

PART 16
OFFSET  18.6620  1.5184 -10.1129
X  0.9133 -0.3874 -0.1255
Y -0.3248 -0.8790  0.3491
Z -0.2455 -0.2781 -0.9286

PART 17
OFFSET  19.9551  0.9700 -10.2906
X  0.8991 -0.4342 -0.0554
Y -0.3938 -0.8576  0.3309
Z -0.1912 -0.2757 -0.9420

PART 18
OFFSET  20.7523  0.5850 -10.3397
X  0.8982 -0.4347 -0.0648
Y -0.3775 -0.8385  0.3928
Z -0.2252 -0.3284 -0.9173

PART 19
OFFSET  21.6056  0.1720 -10.4013
X -0.4175  0.9064 -0.0644
Y -0.8915 -0.3948  0.2224
Z  0.1762  0.1502  0.9728

PART 20
OFFSET  16.7814  2.6751 -8.8233
X  0.9846 -0.1649 -0.0572
Y -0.1577 -0.9809  0.1143
Z -0.0750 -0.1035 -0.9918

PART 21
OFFSET  19.2895  2.1406 -9.2504
X  0.9424 -0.3049 -0.1377
Y -0.2528 -0.9186  0.3039
Z -0.2191 -0.2516 -0.9427

PART 22
OFFSET  20.8939  1.6215 -9.4848
X  0.9169 -0.3903 -0.0831
Y -0.3494 -0.8859  0.3053
Z -0.1927 -0.2509 -0.9486

PART 23
OFFSET  22.1647  1.0806 -9.6000
X  0.9091 -0.4083 -0.0833
Y -0.3664 -0.8785  0.3065
Z -0.1983 -0.2481 -0.9482

PART 24
OFFSET  23.1506  0.6379 -9.6904
X -0.5452  0.8241 -0.1534
Y -0.8124 -0.4743  0.3393
Z  0.2069  0.3096  0.9281

PART 25
OFFSET  18.2068  2.3840 -6.3434
X  0.9085 -0.4074  0.0927
Y  0.4126  0.9098 -0.0452
Z -0.0659  0.0793  0.9947

PART 26
OFFSET  19.3119  3.0239 -7.0851
X  0.9789 -0.1788 -0.0987
Y -0.1894 -0.9757 -0.1099
Z -0.0767  0.1263 -0.9890

PART 27
OFFSET  21.0354  2.7091 -7.2590
X  0.9833 -0.1493 -0.1042
Y -0.1634 -0.9761 -0.1431
Z -0.0804  0.1577 -0.9842

PART 28
OFFSET  22.2356  2.5180 -7.3259
X  0.9795 -0.1952  0.0496
Y -0.1913 -0.9788 -0.0734
Z  0.0629  0.0624 -0.9961

PART 29
OFFSET  23.3420  2.2975 -7.2698
X -0.1284  0.9647 -0.2300
Y -0.9911 -0.1166  0.0644
Z  0.0353  0.2362  0.9711

PART 30
OFFSET  19.4258  2.6518 -8.1190
X  0.9651 -0.1638 -0.2045
Y -0.1385 -0.9815  0.1326
Z -0.2224 -0.0997 -0.9698

PART 31
OFFSET  21.3111  2.3318 -8.5185
X  0.8963 -0.3982 -0.1953
Y -0.3599 -0.9103  0.2045
Z -0.2592 -0.1130 -0.9592

PART 32
OFFSET  22.6202  1.7502 -8.8038
X  0.9042 -0.3584 -0.2324
Y -0.3026 -0.9214  0.2436
Z -0.3014 -0.1499 -0.9416

PART 33
OFFSET  23.6424  1.3438 -9.0738
X -0.4807  0.8729  0.0828
Y -0.8338 -0.4843  0.2649
Z  0.2713  0.0583  0.9607

PART 34
OFFSET  18.1795  1.0507 -8.3076
X -0.1325 -0.1422 -0.9809
Y  0.1479  0.9757 -0.1614
Z  0.9801 -0.1665 -0.1082

PART 35
OFFSET  8.4815 -5.0825 -5.3561
X  0.9664 -0.2332 -0.1077
Y  0.2532  0.9357  0.2457
Z  0.0435 -0.2648  0.9633

PART 36
OFFSET  8.4815 -5.0825 -5.3561
X  0.9664 -0.2332 -0.1077
Y  0.2532  0.9357  0.2457
Z  0.0435 -0.2648  0.9633

PART 37
OFFSET  8.4246 -5.7763 -2.5888
X  0.9664 -0.2332 -0.1077
Y  0.2532  0.9357  0.2457
Z  0.0435 -0.2648  0.9633

PART 38
OFFSET  9.9426 -6.1339 -2.7912
X  0.9664 -0.2332 -0.1077
Y  0.2532  0.9357  0.2457
Z  0.0435 -0.2648  0.9633

PART 39
OFFSET  13.2489 -5.8762 -7.2428
X  0.9664 -0.2332 -0.1077
Y  0.2532  0.9357  0.2457
Z  0.0435 -0.2648  0.9633

PART 40
OFFSET  10.7130 -5.2444 -7.0386
X  0.9664 -0.2332 -0.1077
Y  0.2532  0.9357  0.2457
Z  0.0435 -0.2648  0.9633

PART 41
OFFSET  8.6708 -5.0001 -5.8648
X  0.9664 -0.2332 -0.1077
Y  0.2532  0.9357  0.2457
Z  0.0435 -0.2648  0.9633

PART 42
OFFSET  28.4719 -10.8665 -8.7534
X  0.1643  0.2386  0.9571
Y  0.1975  0.9427 -0.2689
Z -0.9664  0.2332  0.1077

PART 43
OFFSET  29.0735 -8.6435 -8.1696
X -0.0889 -0.6971  0.7114
Y  0.2410  0.6780  0.6945
Z -0.9664  0.2332  0.1077

PART 44
OFFSET  18.2099 -8.9497 -0.6648
X -0.6765  0.3528 -0.6465
Y  0.2532  0.9357  0.2457
Z  0.6916  0.0025 -0.7223

PART 45
OFFSET  6.2992 -6.0322  0.4985
X -0.6692 -0.0140  0.7429
Y  0.2532  0.9357  0.2457
Z -0.6986  0.3526 -0.6226

PART 46
OFFSET -3.5060 -7.9373 -3.1869
X  0.1787 -0.2788  0.9436
Y -0.2618 -0.9379 -0.2275
Z  0.9484 -0.2063 -0.2406

PART 47
OFFSET -5.6677 -4.5657 -14.5984
X -0.7641  0.0088 -0.6450
Y  0.5912  0.4099 -0.6947
Z  0.2582 -0.9121 -0.3184

PART 48
OFFSET  0.8313 -4.6410 -9.1121
X -0.7641  0.0088 -0.6450
Y  0.6449 -0.0144 -0.7641
Z -0.0160 -0.9999  0.0053

PART 49
OFFSET  1.1974 -3.9127 -7.3063
X -0.7683  0.0089 -0.6400
Y -0.2645  0.9061  0.3302
Z  0.5828  0.4230 -0.6938

PART 50
OFFSET  1.0803 -4.8625 -6.5852
X -0.7683  0.0089 -0.6400
Y -0.2645  0.9061  0.3302
Z  0.5828  0.4230 -0.6938

PART 51
OFFSET  1.6259 -5.9831 -7.0925
X -0.7683  0.0089 -0.6400
Y -0.2645  0.9061  0.3302
Z  0.5828  0.4230 -0.6938

PART 52
OFFSET  3.1738 -4.6681 -7.1346
X -0.9675  0.2504  0.0341
Y  0.0317  0.2541 -0.9666
Z -0.2508 -0.9342 -0.2538

PART 53
OFFSET  3.6814 -4.6424 -6.1130
X -0.6709 -0.6113 -0.4198
Y  0.6243 -0.1601 -0.7646
Z  0.4002 -0.7751  0.4890

PART 54
OFFSET  5.0445 -3.2642 -5.1578
X -0.9865 -0.0972  0.1321
Y -0.0438 -0.6204 -0.7831
Z  0.1581 -0.7783  0.6077

PART 55
OFFSET  6.6167 -3.0571 -5.4859
X -0.7311  0.1834  0.6571
Y -0.6216 -0.5761 -0.5308
Z  0.2812 -0.7966  0.5352

PART 56
OFFSET  7.4050 -3.2092 -6.2120
X -0.8484  0.5283  0.0319
Y  0.3946  0.6716 -0.6271
Z -0.3528 -0.5195 -0.7783

PART 57
OFFSET  4.0771 -4.4191 -8.1473
X -0.8990  0.0680  0.4327
Y -0.1838 -0.9552 -0.2318
Z  0.3975 -0.2880  0.8712

PART 58
OFFSET  6.1775 -4.4966 -8.9641
X -0.5954 -0.7896 -0.1486
Y  0.7590 -0.4920 -0.4264
Z  0.2636 -0.3667  0.8922

PART 59
OFFSET  7.0204 -3.3788 -8.7536
X  0.3013 -0.8437 -0.4442
Y  0.9291  0.3646 -0.0624
Z  0.2146 -0.3939  0.8938

PART 60
OFFSET  6.7532 -2.6307 -8.3598
X  0.9245 -0.1572 -0.3472
Y  0.2655  0.9192  0.2908
Z  0.2734 -0.3611  0.8916

PART 61
OFFSET  5.8749 -2.4814 -8.0300
X -0.9133 -0.4046 -0.0460
Y -0.3600  0.7495  0.5556
Z -0.1904  0.5240 -0.8302

PART 62
OFFSET  4.2339 -4.7735 -7.5478
X -0.9457  0.1692  0.2777
Y -0.2320 -0.9494 -0.2118
Z  0.2278 -0.2647  0.9370

PART 63
OFFSET  6.6493 -5.1942 -8.4123
X -0.5274 -0.8366 -0.1479
Y  0.8146 -0.4485 -0.3677
Z  0.2413 -0.3144  0.9181

PART 64
OFFSET  7.5472 -3.7698 -8.1605
X  0.4160 -0.8182 -0.3969
Y  0.8823  0.4689 -0.0419
Z  0.2204 -0.3327  0.9169

PART 65
OFFSET  6.9707 -2.6358 -7.6105
X  0.9757  0.0471 -0.2139
Y  0.0268  0.9436  0.3301
Z  0.2174 -0.3278  0.9194

PART 66
OFFSET  5.9125 -2.6869 -7.3785
X -0.8041 -0.5937  0.0319
Y -0.5466  0.7593  0.3532
Z -0.2339  0.2666 -0.9350

PART 67
OFFSET -1.0142 -4.3414 -6.3113
X -0.9862 -0.0733  0.1485
Y -0.0402  0.9758  0.2148
Z -0.1606  0.2059 -0.9653

PART 68
OFFSET  6.8267 -6.1827 -6.6329
X -0.9778  0.1566 -0.1391
Y -0.1146 -0.9559 -0.2703
Z -0.1753 -0.2484  0.9527

PART 69
OFFSET  8.5483 -6.4585 -6.3880
X -0.4045 -0.8802 -0.2483
Y  0.8996 -0.4318  0.0649
Z -0.1644 -0.1971  0.9665

PART 70
OFFSET  9.0301 -5.4004 -6.0274
X  0.1956 -0.9528 -0.2322
Y  0.9651  0.1450  0.2179
Z -0.1739 -0.2667  0.9479

PART 71
OFFSET  8.8092 -4.3242 -5.7651
X -0.9839  0.1042  0.1455
Y  0.1271  0.9793  0.1578
Z -0.1260  0.1737 -0.9767

PART 72
OFFSET  6.8029 -5.7127 -7.6324
X -0.4232 -0.8768 -0.2284
Y  0.9059 -0.4055 -0.1218
Z  0.0142 -0.2585  0.9659

PART 73
OFFSET  7.6296 -3.9999 -7.1861
X  0.5677 -0.7944 -0.2157
Y  0.8219  0.5618  0.0942
Z  0.0464 -0.2308  0.9719

PART 74
OFFSET  6.8004 -2.8395 -6.8710
X  0.9969  0.0383 -0.0685
Y -0.0253  0.9829  0.1821
Z  0.0743 -0.1798  0.9809

PART 75
OFFSET  5.6708 -2.8810 -6.8003
X -0.7530 -0.6457 -0.1265
Y -0.6537  0.7121  0.2561
Z -0.0753  0.2755 -0.9583

PART 76
OFFSET  0.0000 -0.0000 -0.0000
X  1.0000 -0.0000  0.0000
Y  0.0000  1.0000  0.0000
Z  0.0000 -0.0000  1.0000

PART 77
OFFSET  0.0000 -0.0000 -0.0000
X  1.0000 -0.0000  0.0000
Y  0.0000  1.0000  0.0000
Z  0.0000 -0.0000  1.0000

PART 78
OFFSET  1.5404 -0.0000  4.1357
X  1.0000 -0.0000  0.0000
Y  0.0000  1.0000  0.0000
Z  0.0000 -0.0000  1.0000


FRAME 154
PART 0
OFFSET  0.0000 -0.0000 -0.0000
X  1.0000 -0.0000  0.0000
Y  0.0000  1.0000  0.0000
Z  0.0000 -0.0000  1.0000

PART 1
OFFSET -4.6318 -0.0000 -1.3770
X  1.0000 -0.0000  0.0000
Y  0.0000  1.0000  0.0000
Z  0.0000 -0.0000  1.0000

PART 2
OFFSET -1.2815  5.8385 -7.1997
X  0.6630  0.4781 -0.5761
