// Export filename: `C:\projects\cod\t5\xanim_export\t5_viewmodels\l96a1\l96a1_sprint_in.XANIM_EXPORT`
// Source filename: `D:\projects\devanim\t5\animation_assets\viewmodels\l96a1\ViewModel_l96a1_animated.fbx`
// Export time: Sun Aug 29 21:43:57 2010

ANIMATION
VERSION 3

NUMPARTS 79
PART 0 "tag_ads"
PART 1 "tag_torso"
PART 2 "J_Shoulder_LE"
PART 3 "J_Elbow_LE"
PART 4 "J_WristTwist_LE"
PART 5 "J_Sleave_Reshape_Bottom_LE_1"
PART 6 "J_Sleave_Reshape_Bottom_LE_2"
PART 7 "J_Sleave_Reshape_Top_LE_1"
PART 8 "J_Sleave_Reshape_Top_LE_2"
PART 9 "J_Sleave_Reshape_Top_LE_3"
PART 10 "J_Wrist_LE"
PART 11 "J_Thumb_LE_0"
PART 12 "J_Thumb_LE_1"
PART 13 "J_Thumb_LE_2"
PART 14 "J_Thumb_LE_3"
PART 15 "J_PinkyPalm_LE"
PART 16 "J_Pinky_LE_0"
PART 17 "J_Pinky_LE_1"
PART 18 "J_Pinky_LE_2"
PART 19 "J_Pinky_LE_3"
PART 20 "J_RingPalm_LE"
PART 21 "J_Ring_LE_0"
PART 22 "J_Ring_LE_1"
PART 23 "J_Ring_LE_2"
PART 24 "J_Ring_LE_3"
PART 25 "J_Webbing_LE"
PART 26 "J_Index_LE_0"
PART 27 "J_Index_LE_1"
PART 28 "J_Index_LE_2"
PART 29 "J_Index_LE_3"
PART 30 "J_Mid_LE_0"
PART 31 "J_Mid_LE_1"
PART 32 "J_Mid_LE_2"
PART 33 "J_Mid_LE_3"
PART 34 "tag_knife_attach"
PART 35 "tag_weapon"
PART 36 "J_Gun"
PART 37 "tag_bolt"
PART 38 "tag_bolt_handle"
PART 39 "tag_clip"
PART 40 "tag_clip_release"
PART 41 "tag_trigger"
PART 42 "tag_bipod_right"
PART 43 "tag_bipod_left"
PART 44 "tag_backlip"
PART 45 "tag_frontlip"
PART 46 "J_Shoulder_RI"
PART 47 "J_Elbow_RI"
PART 48 "J_WristTwist_RI"
PART 49 "J_Sleave_Reshape_Top_RI_3"
PART 50 "J_Sleave_Reshape_Top_RI_2"
PART 51 "J_Sleave_Reshape_Top_RI_1"
PART 52 "J_Wrist_RI"
PART 53 "J_Thumb_RI_0"
PART 54 "J_Thumb_RI_1"
PART 55 "J_Thumb_RI_2"
PART 56 "J_Thumb_RI_3"
PART 57 "J_PinkyPalm_RI"
PART 58 "J_Pinky_RI_0"
PART 59 "J_Pinky_RI_1"
PART 60 "J_Pinky_RI_2"
PART 61 "J_Pinky_RI_3"
PART 62 "J_RingPalm_RI"
PART 63 "J_Ring_RI_0"
PART 64 "J_Ring_RI_1"
PART 65 "J_Ring_RI_2"
PART 66 "J_Ring_RI_3"
PART 67 "J_Webbing_RI"
PART 68 "J_Index_RI_0"
PART 69 "J_Index_RI_1"
PART 70 "J_Index_RI_2"
PART 71 "J_Index_RI_3"
PART 72 "J_Mid_RI_0"
PART 73 "J_Mid_RI_1"
PART 74 "J_Mid_RI_2"
PART 75 "J_Mid_RI_3"
PART 76 "tag_cambone"
PART 77 "tag_camera"
PART 78 "tag_gasmask"

FRAMERATE 30
NUMFRAMES 11

FRAME 220
PART 0
OFFSET  0.0000 -0.0000 -0.0000
X  1.0000 -0.0000  0.0000
Y  0.0000  1.0000  0.0000
Z  0.0000 -0.0000  1.0000

PART 1
OFFSET -4.6318 -0.0000 -1.3770
X  1.0000 -0.0000  0.0000
Y  0.0000  1.0000  0.0000
Z  0.0000 -0.0000  1.0000

PART 2
OFFSET -1.2815  5.8385 -7.1997
X  0.8967 -0.1569 -0.4139
Y -0.1833 -0.9828 -0.0246
Z -0.4029  0.0979 -0.9100

PART 3
OFFSET  9.5629  3.9414 -12.2057
X  0.7258 -0.5678  0.3884
Y -0.5844 -0.2110  0.7836
Z -0.3630 -0.7956 -0.4850

PART 4
OFFSET  15.7358 -0.8884 -8.9025
X  0.7258 -0.5678  0.3884
Y  0.1861  0.7055  0.6838
Z -0.6623 -0.4240  0.6178

PART 5
OFFSET  17.8393 -0.1820 -8.2057
X  0.7302 -0.5644  0.3850
Y  0.3693  0.8002  0.4726
Z -0.5748 -0.2029  0.7928

PART 6
OFFSET  16.9404 -1.7805 -9.8467
X  0.7302 -0.5644  0.3850
Y  0.3693  0.8002  0.4726
Z -0.5748 -0.2029  0.7928

PART 7
OFFSET  16.4270 -1.2666 -5.7938
X  0.7302 -0.5644  0.3850
Y  0.3693  0.8002  0.4726
Z -0.5748 -0.2029  0.7928

PART 8
OFFSET  15.8699 -2.7100 -7.1246
X  0.7302 -0.5644  0.3850
Y  0.3693  0.8002  0.4726
Z -0.5748 -0.2029  0.7928

PART 9
OFFSET  15.9318 -2.7719 -8.3196
X  0.7302 -0.5644  0.3850
Y  0.3693  0.8002  0.4726
Z -0.5748 -0.2029  0.7928

PART 10
OFFSET  17.9607 -2.6293 -7.7119
X  0.9335 -0.2742  0.2310
Y  0.0648  0.7628  0.6433
Z -0.3527 -0.5856  0.7299

PART 11
OFFSET  18.2984 -2.2569 -6.6874
X  0.8272 -0.1281  0.5471
Y -0.0250  0.9643  0.2636
Z -0.5614 -0.2317  0.7944

PART 12
OFFSET  20.0497 -2.4501 -5.4362
X  0.9166 -0.3638  0.1658
Y  0.2216  0.8076  0.5465
Z -0.3327 -0.4642  0.8209

PART 13
OFFSET  21.4789 -3.1374 -5.1092
X  0.9359 -0.0945  0.3393
Y -0.0423  0.9262  0.3747
Z -0.3497 -0.3651  0.8628

PART 14
OFFSET  22.4743 -3.2406 -4.6965
X  0.9068  0.3556 -0.2265
Y -0.2622  0.0547 -0.9635
Z -0.3302  0.9330  0.1429

PART 15
OFFSET  18.6100 -3.7964 -8.0578
X  0.5009 -0.8469  0.1783
Y -0.5692 -0.1672  0.8051
Z -0.6520 -0.5047 -0.5658

PART 16
OFFSET  19.7606 -5.6463 -7.4761
X -0.2380 -0.4139  0.8787
Y -0.7966  0.6008  0.0672
Z -0.5557 -0.6839 -0.4727

PART 17
OFFSET  19.4237 -6.2324 -6.2321
X -0.7912  0.2769  0.5454
Y -0.2729  0.6382 -0.7199
Z -0.5473 -0.7184 -0.4294

PART 18
OFFSET  18.7222 -5.9869 -5.7485
X -0.7608  0.6482 -0.0306
Y  0.3327  0.3492 -0.8760
Z -0.5572 -0.6767 -0.4813

PART 19
OFFSET  17.9994 -5.3711 -5.7776
X  0.4537 -0.6171  0.6429
Y  0.6704 -0.2390 -0.7025
Z  0.5872  0.7497  0.3052

PART 20
OFFSET  18.9076 -3.2680 -7.6813
X  0.8663 -0.4987  0.0267
Y -0.3742 -0.6128  0.6961
Z -0.3308 -0.6130 -0.7175

PART 21
OFFSET  20.8735 -4.9429 -7.3839
X -0.1191 -0.6021  0.7895
Y -0.8682  0.4489  0.2114
Z -0.4817 -0.6602 -0.5762

PART 22
OFFSET  20.6707 -5.9680 -6.0398
X -0.7987  0.0714  0.5975
Y -0.3664  0.7299 -0.5770
Z -0.4774 -0.6798 -0.5568

PART 23
OFFSET  19.5638 -5.8691 -5.2117
X -0.8633  0.4854  0.1381
Y  0.1780  0.5489 -0.8167
Z -0.4722 -0.6805 -0.5603

PART 24
OFFSET  18.6275 -5.3426 -5.0619
X  0.5824 -0.7447  0.3258
Y  0.6607  0.2003 -0.7234
Z  0.4735  0.6366  0.6087

PART 25
OFFSET  20.7524 -2.5772 -5.5870
X  0.7677 -0.5684  0.2959
Y  0.6109  0.5100 -0.6055
Z  0.1932  0.6457  0.7388

PART 26
OFFSET  21.7782 -2.9047 -6.5977
X  0.6827 -0.7282  0.0595
Y -0.5670 -0.4767  0.6717
Z -0.4608 -0.4924 -0.7384

PART 27
OFFSET  22.9802 -4.1869 -6.4928
X  0.3493 -0.8773  0.3292
Y -0.8312 -0.1279  0.5411
Z -0.4326 -0.4626 -0.7739

PART 28
OFFSET  23.4311 -5.2253 -6.0457
X -0.0322 -0.7343  0.6781
Y -0.9019  0.3138  0.2970
Z -0.4308 -0.6020 -0.6723

PART 29
OFFSET  23.3948 -6.0547 -5.2798
X  0.7034 -0.2135 -0.6779
Y -0.1817  0.8681 -0.4619
Z  0.6872  0.4481  0.5718

PART 30
OFFSET  21.5450 -3.8081 -7.1893
X  0.2848 -0.8374  0.4665
Y -0.8395  0.0170  0.5431
Z -0.4627 -0.5463 -0.6981

PART 31
OFFSET  22.1014 -5.4440 -6.2780
X -0.6074 -0.3835  0.6958
Y -0.6275  0.7687 -0.1241
Z -0.4872 -0.5120 -0.7075

PART 32
OFFSET  21.2143 -6.0041 -5.2617
X -0.8641  0.2833  0.4160
Y  0.0156  0.8412 -0.5406
Z -0.5031 -0.4606 -0.7312

PART 33
OFFSET  20.2321 -5.6870 -4.7953
X  0.6848 -0.7251  0.0730
Y  0.5290  0.4257 -0.7341
Z  0.5012  0.5413  0.6751

PART 34
OFFSET  19.9193 -4.6761 -6.3200
X -0.3921 -0.6157 -0.6835
Y  0.3527  0.5856 -0.7299
Z  0.8496 -0.5272 -0.0125

PART 35
OFFSET  10.9063 -4.4801 -6.1535
X  1.0000 -0.0000  0.0000
Y  0.0000  1.0000  0.0000
Z  0.0000 -0.0000  1.0000

PART 36
OFFSET  10.9063 -4.4801 -6.1535
X  1.0000 -0.0000  0.0000
Y  0.0000  1.0000  0.0000
Z  0.0000 -0.0000  1.0000

PART 37
OFFSET  10.7149 -4.4638 -3.3065
X  1.0000 -0.0000  0.0000
Y  0.0000  1.0000  0.0000
Z  0.0000 -0.0000  1.0000

PART 38
OFFSET  12.2872 -4.4638 -3.3407
X  1.0000 -0.0000  0.0000
Y  0.0000  1.0000  0.0000
Z  0.0000 -0.0000  1.0000

PART 39
OFFSET  15.9020 -4.4794 -7.5536
X  1.0000 -0.0000  0.0000
Y  0.0000  1.0000  0.0000
Z  0.0000 -0.0000  1.0000

PART 40
OFFSET  13.2818 -4.4801 -7.6345
X  1.0000 -0.0000  0.0000
Y  0.0000  1.0000  0.0000
Z  0.0000 -0.0000  1.0000

PART 41
OFFSET  11.1247 -4.4801 -6.6572
X  1.0000 -0.0000  0.0000
Y  0.0000  1.0000  0.0000
Z  0.0000 -0.0000  1.0000

PART 42
OFFSET  31.9407 -5.6656 -7.0257
X -0.0000  0.5000  0.8660
Y  0.0000  0.8660 -0.5000
Z -1.0000  0.0000 -0.0000

PART 43
OFFSET  31.9407 -3.2898 -7.0257
X -0.0000 -0.5000  0.8660
Y  0.0000  0.8660  0.5000
Z -1.0000  0.0000 -0.0000

PART 44
OFFSET  20.7047 -4.4827 -0.1874
X -0.2300 -0.0000 -0.9732
Y -0.0000  1.0000  0.0000
Z  0.9732  0.0000 -0.2300

PART 45
OFFSET  8.3880 -4.4827 -0.3571
X -0.3786 -0.0000  0.9255
Y -0.0000  1.0000 -0.0000
Z -0.9255 -0.0000 -0.3786

PART 46
OFFSET -3.5060 -7.9373 -3.1869
X -0.0089 -0.1571  0.9875
Y -0.3910 -0.9084 -0.1480
Z  0.9203 -0.3874 -0.0534

PART 47
OFFSET -3.3987 -6.0376 -15.1302
X -0.8012 -0.0142 -0.5983
Y  0.5835  0.2032 -0.7862
Z  0.1327 -0.9790 -0.1545

PART 48
OFFSET  3.4155 -5.9169 -10.0416
X -0.8012 -0.0142 -0.5983
Y  0.5984 -0.0149 -0.8010
Z  0.0024 -0.9998  0.0205

PART 49
OFFSET  3.9842 -4.9260 -8.4228
X -0.8050 -0.0127 -0.5931
Y -0.1388  0.9760  0.1675
Z  0.5768  0.2172 -0.7875

PART 50
OFFSET  3.8126 -5.7093 -7.5324
X -0.8050 -0.0127 -0.5931
Y -0.1388  0.9760  0.1675
Z  0.5768  0.2172 -0.7875

PART 51
OFFSET  4.1940 -6.9609 -7.8471
X -0.8050 -0.0127 -0.5931
Y -0.1388  0.9760  0.1675
Z  0.5768  0.2172 -0.7875

PART 52
OFFSET  5.8716 -5.8733 -8.2074
X -0.9971 -0.0023 -0.0755
Y  0.0755  0.0083 -0.9971
Z  0.0029 -1.0000 -0.0081

PART 53
OFFSET  6.2462 -5.4697 -7.2079
X -0.4606 -0.8450 -0.2718
Y  0.7231 -0.1796 -0.6670
Z  0.5148 -0.5037  0.6937

PART 54
OFFSET  7.1392 -3.6004 -6.5934
X -0.9449 -0.3083  0.1101
Y  0.1868 -0.7840 -0.5920
Z  0.2688 -0.5389  0.7983

PART 55
OFFSET  8.6457 -3.0891 -6.8960
X -0.8201  0.1479  0.5527
Y -0.4092 -0.8269 -0.3859
Z  0.3999 -0.5426  0.7387

PART 56
OFFSET  9.5212 -3.2102 -7.5209
X -0.9466  0.2874 -0.1460
Y  0.2923  0.5742 -0.7648
Z -0.1359 -0.7666 -0.6275

PART 57
OFFSET  6.7957 -5.6604 -9.2096
X -0.9313 -0.0577  0.3597
Y  0.0701 -0.9973  0.0216
Z  0.3575  0.0453  0.9328

PART 58
OFFSET  8.9316 -5.4019 -9.8846
X -0.3752 -0.9261  0.0400
Y  0.8942 -0.3730 -0.2475
Z  0.2441 -0.0571  0.9681

PART 59
OFFSET  9.4628 -4.0908 -9.9411
X  0.5358 -0.8223 -0.1914
Y  0.8196  0.5611 -0.1163
Z  0.2030 -0.0946  0.9746

PART 60
OFFSET  8.9877 -3.3617 -9.7714
X  0.9676  0.0017 -0.2526
Y  0.0108  0.9988  0.0484
Z  0.2524 -0.0495  0.9664

PART 61
OFFSET  8.0685 -3.3634 -9.5314
X -0.7834 -0.6211  0.0231
Y -0.5826  0.7466  0.3212
Z -0.2168  0.2381 -0.9467

PART 62
OFFSET  6.9652 -5.8051 -8.5315
X -0.9833 -0.0129  0.1816
Y  0.0200 -0.9991  0.0372
Z  0.1809  0.0402  0.9827

PART 63
OFFSET  9.4908 -5.7996 -9.1478
X -0.2986 -0.9527  0.0561
Y  0.9315 -0.3038 -0.2001
Z  0.2077 -0.0075  0.9782

PART 64
OFFSET  9.9992 -4.1776 -9.2433
X  0.6356 -0.7578 -0.1476
Y  0.7478  0.6518 -0.1261
Z  0.1918 -0.0302  0.9810

PART 65
OFFSET  9.1184 -3.1274 -9.0387
X  0.9550  0.2385 -0.1761
Y -0.2297  0.9708  0.0693
Z  0.1875 -0.0258  0.9819

PART 66
OFFSET  8.0826 -3.3860 -8.8477
X -0.6420 -0.7512  0.1530
Y -0.7434  0.6588  0.1155
Z -0.1875 -0.0396 -0.9815

PART 67
OFFSET  1.6593 -6.4257 -7.6829
X -0.9520 -0.2818  0.1195
Y -0.2895  0.9557 -0.0532
Z -0.0993 -0.0852 -0.9914

PART 68
OFFSET  9.7012 -6.2424 -7.1642
X -0.9665 -0.1352 -0.2180
Y  0.1413 -0.9899 -0.0123
Z -0.2141 -0.0427  0.9759

PART 69
OFFSET  11.4029 -6.0043 -6.7804
X -0.1589 -0.9870 -0.0238
Y  0.9631 -0.1603  0.2160
Z -0.2170  0.0115  0.9761

PART 70
OFFSET  11.5829 -4.8037 -6.6922
X  0.4363 -0.8990  0.0371
Y  0.8754  0.4336  0.2135
Z -0.2080 -0.0607  0.9762

PART 71
OFFSET  11.0902 -3.7882 -6.7341
X -0.9908 -0.1158  0.0698
Y -0.1226  0.9872 -0.1017
Z -0.0571 -0.1094 -0.9924

PART 72
OFFSET  9.6762 -6.0543 -8.2525
X -0.1799 -0.9837 -0.0063
Y  0.9832 -0.1800  0.0294
Z -0.0301 -0.0009  0.9995

PART 73
OFFSET  10.0276 -4.1326 -8.2401
X  0.7572 -0.6526  0.0272
Y  0.6532  0.7569 -0.0223
Z -0.0060  0.0346  0.9994

PART 74
OFFSET  8.9217 -3.1794 -8.2799
X  0.9619  0.2714 -0.0328
Y -0.2733  0.9581 -0.0859
Z  0.0081  0.0916  0.9958

PART 75
OFFSET  7.8320 -3.4868 -8.2499
X -0.5635 -0.8259  0.0163
Y -0.8254  0.5638  0.0297
Z -0.0338  0.0033 -0.9994

PART 76
OFFSET  0.0000 -0.0000 -0.0000
X  1.0000 -0.0000  0.0000
Y  0.0000  1.0000  0.0000
Z  0.0000 -0.0000  1.0000

PART 77
OFFSET  0.0000 -0.0000 -0.0000
X  1.0000 -0.0000  0.0000
Y  0.0000  1.0000  0.0000
Z  0.0000 -0.0000  1.0000

PART 78
OFFSET  1.5404 -0.0000  4.1357
X  1.0000 -0.0000  0.0000
Y  0.0000  1.0000  0.0000
Z  0.0000 -0.0000  1.0000


FRAME 221
PART 0
OFFSET  0.0000 -0.0000 -0.0000
X  1.0000 -0.0000  0.0000
Y  0.0000  1.0000  0.0000
Z  0.0000 -0.0000  1.0000

PART 1
OFFSET -4.6318 -0.0000 -1.3770
X  1.0000 -0.0000  0.0000
Y  0.0000  1.0000  0.0000
Z  0.0000 -0.0000  1.0000

PART 2
OFFSET -1.2815  5.8385 -7.1997
X  0.8920 -0.1459 -0.4278
Y -0.1740 -0.9844 -0.0270
Z -0.4172  0.0985 -0.9035

PART 3
OFFSET  9.5065  4.0735 -12.3733
X  0.7244 -0.5672  0.3917
Y -0.5864 -0.2085  0.7827
Z -0.3623 -0.7967 -0.4837

PART 4
OFFSET  15.6682 -0.7510 -9.0417
X  0.7244 -0.5672  0.3917
Y  0.1946  0.7134  0.6732
Z -0.6613 -0.4114  0.6272

PART 5
OFFSET  17.7704 -0.0440 -8.3417
X  0.7289 -0.5638  0.3883
Y  0.3686  0.8012  0.4713
Z -0.5769 -0.2004  0.7919

PART 6
OFFSET  16.8747 -1.6464 -9.9805
X  0.7289 -0.5638  0.3883
Y  0.3686  0.8012  0.4713
Z -0.5769 -0.2004  0.7919

PART 7
OFFSET  16.3515 -1.1212 -5.9303
X  0.7289 -0.5638  0.3883
Y  0.3686  0.8012  0.4713
Z -0.5769 -0.2004  0.7919

PART 8
OFFSET  15.7968 -2.5679 -7.2586
X  0.7289 -0.5638  0.3883
Y  0.3686  0.8012  0.4713
Z -0.5769 -0.2004  0.7919

PART 9
OFFSET  15.8616 -2.6331 -8.4533
X  0.7289 -0.5638  0.3883
Y  0.3686  0.8012  0.4713
Z -0.5769 -0.2004  0.7919

PART 10
OFFSET  17.8892 -2.4900 -7.8409
X  0.9401 -0.2520  0.2294
Y  0.0538  0.7744  0.6304
Z -0.3365 -0.5803  0.7416

PART 11
OFFSET  18.2258 -2.0943 -6.8249
X  0.8329 -0.1029  0.5438
Y -0.0424  0.9678  0.2480
Z -0.5518 -0.2296  0.8017

PART 12
OFFSET  19.9882 -2.2325 -5.5821
X  0.9246 -0.3429  0.1657
Y  0.2090  0.8206  0.5318
Z -0.3184 -0.4571  0.8305

PART 13
OFFSET  21.4327 -2.8863 -5.2533
X  0.9397 -0.0706  0.3347
Y -0.0583  0.9312  0.3599
Z -0.3370 -0.3577  0.8709

PART 14
OFFSET  22.4325 -2.9631 -4.8454
X  0.8982  0.3696 -0.2382
Y -0.2692  0.0338 -0.9625
Z -0.3477  0.9286  0.1298

PART 15
OFFSET  18.5591 -3.6497 -8.1720
X  0.5186 -0.8339  0.1888
Y -0.5608 -0.1651  0.8114
Z -0.6454 -0.5267 -0.5532

PART 16
OFFSET  19.7496 -5.4669 -7.5677
X -0.2243 -0.4040  0.8868
Y -0.8079  0.5860  0.0626
Z -0.5450 -0.7024 -0.4579

PART 17
OFFSET  19.4320 -6.0389 -6.3122
X -0.7931  0.2702  0.5459
Y -0.2899  0.6208 -0.7284
Z -0.5357 -0.7359 -0.4140

PART 18
OFFSET  18.7289 -5.7994 -5.8282
X -0.7737  0.6326 -0.0362
Y  0.3203  0.3412 -0.8837
Z -0.5467 -0.6953 -0.4666

PART 19
OFFSET  17.9939 -5.1984 -5.8625
X  0.4697 -0.5975  0.6499
Y  0.6706 -0.2373 -0.7029
Z  0.5742  0.7660  0.2892

PART 20
OFFSET  18.8486 -3.1095 -7.8061
X  0.8762 -0.4811  0.0292
Y -0.3577 -0.6085  0.7084
Z -0.3231 -0.6311 -0.7052

PART 21
OFFSET  20.8490 -4.7404 -7.4942
X -0.1023 -0.5913  0.7999
Y -0.8756  0.4352  0.2097
Z -0.4721 -0.6789 -0.5623

PART 22
OFFSET  20.6747 -5.7471 -6.1324
X -0.7962  0.0655  0.6015
Y -0.3843  0.7131 -0.5864
Z -0.4673 -0.6980 -0.5426

PART 23
OFFSET  19.5713 -5.6562 -5.2988
X -0.8719  0.4705  0.1358
Y  0.1621  0.5388 -0.8267
Z -0.4621 -0.6987 -0.5461

PART 24
OFFSET  18.6257 -5.1459 -5.1515
X  0.5990 -0.7277  0.3341
Y  0.6522  0.2013 -0.7309
Z  0.4646  0.6557  0.5952

PART 25
OFFSET  20.6923 -2.3483 -5.7354
X  0.7806 -0.5483  0.3001
Y  0.5970  0.5119 -0.6177
Z  0.1850  0.6614  0.7269

PART 26
OFFSET  21.7181 -2.6722 -6.7473
X  0.6973 -0.7136  0.0669
Y -0.5534 -0.4766  0.6831
Z -0.4556 -0.5134 -0.7273

PART 27
OFFSET  22.9458 -3.9286 -6.6294
X  0.3685 -0.8648  0.3411
Y -0.8251 -0.1353  0.5485
Z -0.4282 -0.4836 -0.7634

PART 28
OFFSET  23.4199 -4.9505 -6.1683
X -0.0135 -0.7235  0.6901
Y -0.9060  0.3008  0.2977
Z -0.4230 -0.6213 -0.6596

PART 29
OFFSET  23.4046 -5.7678 -5.3888
X  0.7033 -0.2108 -0.6789
Y -0.2016  0.8567 -0.4748
Z  0.6817  0.4708  0.5600

PART 30
OFFSET  21.4991 -3.5895 -7.3226
X  0.3042 -0.8239  0.4782
Y -0.8363  0.0095  0.5482
Z -0.4562 -0.5667 -0.6861

PART 31
OFFSET  22.0934 -5.1990 -6.3883
X -0.5954 -0.3838  0.7058
Y -0.6433  0.7541 -0.1326
Z -0.4814 -0.5330 -0.6959

PART 32
OFFSET  21.2238 -5.7596 -5.3573
X -0.8669  0.2731  0.4170
Y -0.0044  0.8323 -0.5543
Z -0.4984 -0.4823 -0.7203

PART 33
OFFSET  20.2384 -5.4543 -4.8898
X  0.6994 -0.7102  0.0803
Y  0.5160  0.4239 -0.7444
Z  0.4946  0.5621  0.6629

PART 34
OFFSET  19.8963 -4.4749 -6.4286
X -0.3841 -0.6344 -0.6708
Y  0.3365  0.5803 -0.7416
Z  0.8598 -0.5106 -0.0094

PART 35
OFFSET  10.8823 -4.4531 -6.2067
X  0.9998  0.0196 -0.0065
Y -0.0197  0.9997 -0.0163
Z  0.0062  0.0164  0.9998

PART 36
OFFSET  10.8823 -4.4531 -6.2067
X  0.9998  0.0196 -0.0065
Y -0.0197  0.9997 -0.0163
Z  0.0062  0.0164  0.9998

PART 37
OFFSET  10.7083 -4.3938 -3.3591
X  0.9998  0.0196 -0.0065
Y -0.0197  0.9997 -0.0163
Z  0.0062  0.0164  0.9998

PART 38
OFFSET  12.2801 -4.3635 -3.4036
X  0.9998  0.0196 -0.0065
Y -0.0197  0.9997 -0.0163
Z  0.0062  0.0164  0.9998

PART 39
OFFSET  15.8683 -4.3773 -7.6392
X  0.9998  0.0196 -0.0065
Y -0.0197  0.9997 -0.0163
Z  0.0062  0.0164  0.9998

PART 40
OFFSET  13.2482 -4.4308 -7.7029
X  0.9998  0.0196 -0.0065
Y -0.0197  0.9997 -0.0163
Z  0.0062  0.0164  0.9998

PART 41
OFFSET  11.0976 -4.4571 -6.7118
X  0.9998  0.0196 -0.0065
Y -0.0197  0.9997 -0.0163
Z  0.0062  0.0164  0.9998

PART 42
OFFSET  31.9303 -5.2398 -7.1964
X -0.0045  0.5140  0.8578
Y -0.0202  0.8575 -0.5140
Z -0.9998 -0.0196  0.0065

PART 43
OFFSET  31.8834 -2.8647 -7.2351
X  0.0152 -0.4856  0.8740
Y -0.0140  0.8739  0.4858
Z -0.9998 -0.0196  0.0065

PART 44
OFFSET  20.7157 -4.1656 -0.3053
X -0.2293 -0.0204 -0.9732
Y -0.0197  0.9997 -0.0163
Z  0.9732  0.0155 -0.2296

PART 45
OFFSET  8.4005 -4.4100 -0.3947
X -0.3862  0.0074  0.9224
Y -0.0197  0.9997 -0.0163
Z -0.9222 -0.0245 -0.3859

PART 46
OFFSET -3.5060 -7.9373 -3.1869
X -0.0093 -0.1489  0.9888
Y -0.3967 -0.9072 -0.1403
Z  0.9179 -0.3935 -0.0506

PART 47
OFFSET -3.3936 -6.1364 -15.1454
X -0.8000 -0.0137 -0.5998
Y  0.5865  0.1932 -0.7866
Z  0.1266 -0.9811 -0.1466

PART 48
OFFSET  3.4109 -6.0202 -10.0437
X -0.8000 -0.0137 -0.5998
Y  0.6000 -0.0142 -0.7999
Z  0.0024 -0.9998  0.0196

PART 49
OFFSET  3.9828 -5.0204 -8.4316
X -0.8039 -0.0121 -0.5947
Y -0.1328  0.9782  0.1595
Z  0.5798  0.2072 -0.7880

PART 50
OFFSET  3.8042 -5.7955 -7.5354
X -0.8039 -0.0121 -0.5947
Y -0.1328  0.9782  0.1595
Z  0.5798  0.2072 -0.7880

PART 51
OFFSET  4.1781 -7.0520 -7.8395
X -0.8039 -0.0121 -0.5947
Y -0.1328  0.9782  0.1595
Z  0.5798  0.2072 -0.7880

PART 52
OFFSET  5.8636 -5.9783 -8.2048
X -0.9974 -0.0231 -0.0690
Y  0.0691 -0.0066 -0.9976
Z  0.0226 -0.9997  0.0082

PART 53
OFFSET  6.2362 -5.5511 -7.2145
X -0.4455 -0.8582 -0.2550
Y  0.7223 -0.1763 -0.6687
Z  0.5290 -0.4821  0.6984

PART 54
OFFSET  7.0960 -3.6547 -6.6364
X -0.9379 -0.3249  0.1213
Y  0.1985 -0.7898 -0.5804
Z  0.2844 -0.5203  0.8052

PART 55
OFFSET  8.5902 -3.1191 -6.9570
X -0.8195  0.1409  0.5555
Y -0.3952 -0.8409 -0.3697
Z  0.4151 -0.5225  0.7448

PART 56
OFFSET  9.4641 -3.2332 -7.5855
X -0.9530  0.2663 -0.1445
Y  0.2761  0.5672 -0.7759
Z -0.1247 -0.7794 -0.6141

PART 57
OFFSET  6.7770 -5.7638 -9.2163
X -0.9277 -0.0700  0.3666
Y  0.0899 -0.9953  0.0373
Z  0.3623  0.0676  0.9296

PART 58
OFFSET  8.9032 -5.4746 -9.9093
X -0.3566 -0.9325  0.0575
Y  0.8998 -0.3594 -0.2472
Z  0.2512 -0.0365  0.9672

PART 59
OFFSET  9.4081 -4.1544 -9.9907
X  0.5507 -0.8147 -0.1815
Y  0.8076  0.5751 -0.1307
Z  0.2109 -0.0746  0.9747

PART 60
OFFSET  8.9197 -3.4321 -9.8297
X  0.9658  0.0166 -0.2589
Y -0.0086  0.9995  0.0320
Z  0.2593 -0.0287  0.9654

PART 61
OFFSET  8.0022 -3.4478 -9.5838
X -0.7708 -0.6359  0.0383
Y -0.5952  0.7402  0.3128
Z -0.2273  0.2183 -0.9491

PART 62
OFFSET  6.9535 -5.8940 -8.5370
X -0.9817 -0.0292  0.1882
Y  0.0399 -0.9978  0.0534
Z  0.1862  0.0599  0.9807

PART 63
OFFSET  9.4746 -5.8490 -9.1699
X -0.2794 -0.9573  0.0736
Y  0.9361 -0.2887 -0.2012
Z  0.2138  0.0126  0.9768

PART 64
OFFSET  9.9504 -4.2192 -9.2951
X  0.6495 -0.7475 -0.1394
Y  0.7340  0.6642 -0.1416
Z  0.1984 -0.0104  0.9801

PART 65
OFFSET  9.0503 -3.1832 -9.1019
X  0.9490  0.2543 -0.1862
Y -0.2484  0.9671  0.0550
Z  0.1940 -0.0060  0.9810

PART 66
OFFSET  8.0210 -3.4590 -8.8999
X -0.6261 -0.7611  0.1694
Y -0.7555  0.6459  0.1096
Z -0.1928 -0.0593 -0.9794

PART 67
OFFSET  1.6663 -6.6046 -7.6439
X -0.9455 -0.2984  0.1303
Y -0.3087  0.9488 -0.0668
Z -0.1037 -0.1034 -0.9892

PART 68
OFFSET  9.7060 -6.2550 -7.1807
X -0.9650 -0.1577 -0.2095
Y  0.1607 -0.9870  0.0029
Z -0.2072 -0.0309  0.9778

PART 69
OFFSET  11.4051 -5.9773 -6.8119
X -0.1396 -0.9902 -0.0066
Y  0.9674 -0.1378  0.2123
Z -0.2111  0.0232  0.9772

PART 70
OFFSET  11.5619 -4.7721 -6.7445
X  0.4541 -0.8896  0.0489
Y  0.8680  0.4542  0.2007
Z -0.2007 -0.0487  0.9784

PART 71
OFFSET  11.0489 -3.7673 -6.7997
X -0.9879 -0.1341  0.0781
Y -0.1427  0.9828 -0.1170
Z -0.0611 -0.1267 -0.9901

PART 72
OFFSET  9.6706 -6.0853 -8.2718
X -0.1605 -0.9870  0.0109
Y  0.9868 -0.1602  0.0259
Z -0.0239  0.0149  0.9996

PART 73
OFFSET  9.9841 -4.1572 -8.2929
X  0.7701 -0.6371  0.0329
Y  0.6379  0.7691 -0.0388
Z -0.0005  0.0509  0.9987

PART 74
OFFSET  8.8593 -3.2266 -8.3410
X  0.9561  0.2897 -0.0434
Y -0.2927  0.9510 -0.0997
Z  0.0124  0.1080  0.9941

PART 75
OFFSET  7.7761 -3.5548 -8.2989
X -0.5470 -0.8365  0.0334
Y -0.8362  0.5479  0.0259
Z -0.0400 -0.0138 -0.9991

PART 76
OFFSET  0.0000 -0.0000 -0.0000
X  1.0000 -0.0000  0.0000
Y  0.0000  1.0000  0.0000
Z  0.0000 -0.0000  1.0000

PART 77
OFFSET  0.0000 -0.0000 -0.0000
X  1.0000 -0.0000  0.0000
Y  0.0000  1.0000  0.0000
Z  0.0000 -0.0000  1.0000

PART 78
OFFSET  1.5404 -0.0000  4.1357
X  1.0000 -0.0000  0.0000
Y  0.0000  1.0000  0.0000
Z  0.0000 -0.0000  1.0000


FRAME 222
PART 0
OFFSET  0.0000 -0.0000 -0.0000
X  1.0000 -0.0000  0.0000
Y  0.0000  1.0000  0.0000
Z  0.0000 -0.0000  1.0000

PART 1
OFFSET -4.6318 -0.0000 -1.3770
X  1.0000 -0.0000  0.0000
Y  0.0000  1.0000  0.0000
Z  0.0000 -0.0000  1.0000

PART 2
OFFSET -1.2815  5.8385 -7.1997
X  0.8782 -0.1171 -0.4638
Y -0.1498 -0.9881 -0.0339
Z -0.4543  0.0993 -0.8853

PART 3
OFFSET  9.3388  4.4217 -12.8089
X  0.7219 -0.5653  0.3992
Y -0.5908 -0.2030  0.7809
Z -0.3604 -0.7995 -0.4805

PART 4
OFFSET  15.4787 -0.3862 -9.4136
X  0.7219 -0.5653  0.3992
Y  0.2200  0.7344  0.6420
Z -0.6561 -0.3756  0.6545

PART 5
OFFSET  17.5778  0.3237 -8.7070
X  0.7264 -0.5618  0.3958
Y  0.3668  0.8040  0.4681
Z -0.5812 -0.1948  0.7901

PART 6
OFFSET  16.6894 -1.2885 -10.3402
X  0.7264 -0.5618  0.3958
Y  0.3668  0.8040  0.4681
Z -0.5812 -0.1948  0.7901

PART 7
OFFSET  16.1452 -0.7367 -6.2963
X  0.7264 -0.5618  0.3958
Y  0.3668  0.8040  0.4681
Z -0.5812 -0.1948  0.7901

PART 8
OFFSET  15.5964 -2.1916 -7.6181
X  0.7264 -0.5618  0.3958
Y  0.3668  0.8040  0.4681
Z -0.5812 -0.1948  0.7901

PART 9
OFFSET  15.6674 -2.2645 -8.8120
X  0.7264 -0.5618  0.3958
Y  0.3668  0.8040  0.4681
Z -0.5812 -0.1948  0.7901

PART 10
OFFSET  17.6918 -2.1191 -8.1898
X  0.9558 -0.1898  0.2245
Y  0.0202  0.8042  0.5940
Z -0.2933 -0.5632  0.7725

PART 11
OFFSET  18.0208 -1.6596 -7.1984
X  0.8451 -0.0325  0.5337
Y -0.0919  0.9744  0.2050
Z -0.5267 -0.2223  0.8205

PART 12
OFFSET  19.8059 -1.6449 -5.9807
X  0.9444 -0.2843  0.1653
Y  0.1713  0.8543  0.4908
Z -0.2807 -0.4352  0.8555

PART 13
OFFSET  21.2888 -2.2035 -5.6473
X  0.9469 -0.0040  0.3216
Y -0.1042  0.9421  0.3186
Z -0.3043 -0.3352  0.8917

PART 14
OFFSET  22.2971 -2.2072 -5.2534
X  0.8729  0.4065 -0.2697
Y -0.2845 -0.0250 -0.9584
Z -0.3963  0.9133  0.0938

PART 15
OFFSET  18.4197 -3.2547 -8.4797
X  0.5664 -0.7950  0.2173
Y -0.5391 -0.1579  0.8273
Z -0.6234 -0.5857 -0.5180

PART 16
OFFSET  19.7169 -4.9750 -7.8146
X -0.1889 -0.3746  0.9077
Y -0.8379  0.5436  0.0499
Z -0.5121 -0.7511 -0.4165

PART 17
OFFSET  19.4494 -5.5053 -6.5294
X -0.7988  0.2515  0.5466
Y -0.3341  0.5701 -0.7506
Z -0.5004 -0.7821 -0.3714

PART 18
OFFSET  18.7412 -5.2824 -6.0448
X -0.8077  0.5873 -0.0515
Y  0.2883  0.3173 -0.9035
Z -0.5143 -0.7446 -0.4256

PART 19
OFFSET  17.9738 -4.7244 -6.0937
X  0.5112 -0.5407  0.6681
Y  0.6724 -0.2325 -0.7027
Z  0.5353  0.8084  0.2447

PART 20
OFFSET  18.6843 -2.6833 -8.1434
X  0.9016 -0.4310  0.0359
Y -0.3135 -0.5939  0.7409
Z -0.2980 -0.6793 -0.6706

PART 21
OFFSET  20.7756 -4.1873 -7.7925
X -0.0581 -0.5587  0.8273
Y -0.8950  0.3962  0.2047
Z -0.4422 -0.7286 -0.5231

PART 22
OFFSET  20.6767 -5.1385 -6.3840
X -0.7898  0.0497  0.6113
Y -0.4314  0.6635 -0.6113
Z -0.4360 -0.7465 -0.5026

PART 23
OFFSET  19.5820 -5.0696 -5.5367
X -0.8944  0.4283  0.1292
Y  0.1202  0.5084 -0.8527
Z -0.4309 -0.7471 -0.5062

PART 24
OFFSET  18.6120 -4.6052 -5.3966
X  0.6429 -0.6780  0.3563
Y  0.6295  0.2027 -0.7501
Z  0.4364  0.7065  0.5571

PART 25
OFFSET  20.5131 -1.7292 -6.1405
X  0.8138 -0.4908  0.3112
Y  0.5590  0.5147 -0.6501
Z  0.1589  0.7030  0.6932

PART 26
OFFSET  21.5404 -2.0429 -7.1540
X  0.7364 -0.6709  0.0871
Y -0.5164 -0.4742  0.7131
Z -0.4371 -0.5701 -0.6956

PART 27
OFFSET  22.8369 -3.2242 -7.0006
X  0.4204 -0.8270  0.3734
Y -0.8084 -0.1546  0.5679
Z -0.4119 -0.5406 -0.7335

PART 28
OFFSET  23.3730 -4.1966 -6.5021
X  0.0363 -0.6908  0.7221
Y -0.9168  0.2646  0.2992
Z -0.3977 -0.6729 -0.6238

PART 29
OFFSET  23.4140 -4.9770 -5.6865
X  0.7039 -0.2032 -0.6806
Y -0.2552  0.8218 -0.5094
Z  0.6628  0.5323  0.5266

PART 30
OFFSET  21.3639 -2.9962 -7.6837
X  0.3559 -0.7834  0.5096
Y -0.8275 -0.0108  0.5613
Z -0.4342 -0.6215 -0.6521

PART 31
OFFSET  22.0592 -4.5266 -6.6883
X -0.5631 -0.3828  0.7324
Y -0.6856  0.7112 -0.1554
Z -0.4613 -0.5896 -0.6629

PART 32
OFFSET  21.2367 -5.0858 -5.6186
X -0.8745  0.2445  0.4189
Y -0.0582  0.8046 -0.5910
Z -0.4815 -0.5412 -0.6894

PART 33
OFFSET  20.2428 -4.8133 -5.1486
X  0.7385 -0.6668  0.1003
Y  0.4811  0.4167 -0.7713
Z  0.4725  0.6179  0.6285

PART 34
OFFSET  19.8252 -3.9254 -6.7239
X -0.3583 -0.6844 -0.6350
Y  0.2933  0.5632 -0.7725
Z  0.8863 -0.4631 -0.0010

PART 35
OFFSET  10.8278 -4.3827 -6.3507
X  0.9970  0.0735 -0.0243
Y -0.0749  0.9953 -0.0609
Z  0.0197  0.0625  0.9979

PART 36
OFFSET  10.8278 -4.3827 -6.3507
X  0.9970  0.0735 -0.0243
Y -0.0749  0.9953 -0.0609
Z  0.0197  0.0625  0.9979

PART 37
OFFSET  10.6920 -4.2025 -3.5061
X  0.9970  0.0735 -0.0243
Y -0.0749  0.9953 -0.0609
Z  0.0197  0.0625  0.9979

PART 38
OFFSET  12.2589 -4.0890 -3.5785
X  0.9970  0.0735 -0.0243
Y -0.0749  0.9953 -0.0609
Z  0.0197  0.0625  0.9979

PART 39
OFFSET  15.7809 -4.1020 -7.8693
X  0.9970  0.0735 -0.0243
Y -0.0749  0.9953 -0.0609
Z  0.0197  0.0625  0.9979

PART 40
OFFSET  13.1671 -4.3005 -7.8862
X  0.9970  0.0735 -0.0243
Y -0.0749  0.9953 -0.0609
Z  0.0197  0.0625  0.9979

PART 41
OFFSET  11.0357 -4.3981 -6.8586
X  0.9970  0.0735 -0.0243
Y -0.0749  0.9953 -0.0609
Z  0.0197  0.0625  0.9979

PART 42
OFFSET  31.8707 -4.0704 -7.6600
X -0.0204  0.5518  0.8337
Y -0.0747  0.8307 -0.5516
Z -0.9970 -0.0735  0.0243

PART 43
OFFSET  31.6928 -1.7056 -7.8046
X  0.0545 -0.4435  0.8946
Y -0.0550  0.8932  0.4462
Z -0.9970 -0.0735  0.0243

PART 44
OFFSET  20.7147 -3.2919 -0.6354
X -0.2241 -0.0763 -0.9716
Y -0.0749  0.9953 -0.0609
Z  0.9717  0.0591 -0.2287

PART 45
OFFSET  8.4316 -4.2081 -0.5053
X -0.4083  0.0251  0.9125
Y -0.0749  0.9953 -0.0609
Z -0.9098 -0.0932 -0.4045

PART 46
OFFSET -3.5060 -7.9373 -3.1869
X -0.0131 -0.1262  0.9919
Y -0.4126 -0.9029 -0.1203
Z  0.9108 -0.4108 -0.0403

PART 47
OFFSET -3.3479 -6.4109 -15.1830
X -0.7968 -0.0124 -0.6041
Y  0.5942  0.1649 -0.7872
Z  0.1093 -0.9862 -0.1240

PART 48
OFFSET  3.4294 -6.3058 -10.0450
X -0.7968 -0.0124 -0.6041
Y  0.6042 -0.0110 -0.7967
Z  0.0032 -0.9999  0.0163

PART 49
OFFSET  4.0107 -5.2810 -8.4521
X -0.8007 -0.0106 -0.5990
Y -0.1156  0.9838  0.1371
Z  0.5879  0.1790 -0.7889

PART 50
OFFSET  3.8129 -6.0326 -7.5400
X -0.8007 -0.0106 -0.5990
Y -0.1156  0.9838  0.1371
Z  0.5879  0.1790 -0.7889

PART 51
OFFSET  4.1652 -7.3021 -7.8139
X -0.8007 -0.0106 -0.5990
Y -0.1156  0.9838  0.1371
Z  0.5879  0.1790 -0.7889

PART 52
OFFSET  5.8722 -6.2679 -8.1930
X -0.9955 -0.0803 -0.0510
Y  0.0550 -0.0485 -0.9973
Z  0.0776 -0.9956  0.0527

PART 53
OFFSET  6.2351 -5.7762 -7.2293
X -0.4013 -0.8919 -0.2086
Y  0.7212 -0.1672 -0.6722
Z  0.5647 -0.4202  0.7103

PART 54
OFFSET  6.9976 -3.8115 -6.7517
X -0.9168 -0.3694  0.1516
Y  0.2332 -0.8036 -0.5476
Z  0.3241 -0.4667  0.8229

PART 55
OFFSET  8.4552 -3.2108 -7.1213
X -0.8179  0.1215  0.5624
Y -0.3536 -0.8772 -0.3248
Z  0.4539 -0.4645  0.7604

PART 56
OFFSET  9.3249 -3.3060 -7.7587
X -0.9682  0.2073 -0.1402
Y  0.2333  0.5452 -0.8052
Z -0.0905 -0.8123 -0.5762

PART 57
OFFSET  6.7577 -6.0507 -9.2285
X -0.9171 -0.1034  0.3851
Y  0.1450 -0.9862  0.0805
Z  0.3714  0.1297  0.9194

PART 58
OFFSET  8.8546 -5.6785 -9.9696
X -0.3039 -0.9468  0.1054
Y  0.9146 -0.3210 -0.2460
Z  0.2668  0.0216  0.9635

PART 59
OFFSET  9.2849 -4.3380 -10.1188
X  0.5920 -0.7911 -0.1540
Y  0.7728  0.6115 -0.1701
Z  0.2287 -0.0183  0.9733

PART 60
OFFSET  8.7600 -3.6366 -9.9822
X  0.9595  0.0571 -0.2757
Y -0.0630  0.9979 -0.0128
Z  0.2744  0.0297  0.9612

PART 61
OFFSET  7.8484 -3.6909 -9.7203
X -0.7340 -0.6744  0.0799
Y -0.6304  0.7204  0.2892
Z -0.2526  0.1619 -0.9539

PART 62
OFFSET  6.9510 -6.1398 -8.5471
X -0.9758 -0.0738  0.2059
Y  0.0955 -0.9906  0.0975
Z  0.1967  0.1148  0.9737

PART 63
OFFSET  9.4564 -5.9872 -9.2238
X -0.2253 -0.9667  0.1212
Y  0.9475 -0.2464 -0.2038
Z  0.2269  0.0690  0.9715

PART 64
OFFSET  9.8400 -4.3413 -9.4302
X  0.6875 -0.7167 -0.1166
Y  0.6943  0.6959 -0.1837
Z  0.2128  0.0453  0.9760

PART 65
OFFSET  8.8871 -3.3480 -9.2686
X  0.9308  0.2966 -0.2135
Y -0.3003  0.9537  0.0157
Z  0.2082  0.0495  0.9768

PART 66
OFFSET  7.8776 -3.6697 -9.0371
X -0.5808 -0.7854  0.2140
Y -0.7882  0.6083  0.0932
Z -0.2034 -0.1145 -0.9724

PART 67
OFFSET  1.7242 -7.0947 -7.5336
X -0.9257 -0.3430  0.1596
Y -0.3613  0.9266 -0.1042
Z -0.1121 -0.1541 -0.9817

PART 68
OFFSET  9.7384 -6.2885 -7.2226
X -0.9578 -0.2193 -0.1858
Y  0.2147 -0.9757  0.0445
Z -0.1910  0.0028  0.9816

PART 69
OFFSET  11.4248 -5.9023 -6.8955
X -0.0850 -0.9956  0.0402
Y  0.9765 -0.0752  0.2019
Z -0.1980  0.0565  0.9786

PART 70
OFFSET  11.5161 -4.6886 -6.8850
X  0.5030 -0.8605  0.0811
Y  0.8445  0.5093  0.1654
Z -0.1836 -0.0147  0.9829

PART 71
OFFSET  10.9479 -3.7167 -6.9766
X -0.9778 -0.1838  0.1008
Y -0.1982  0.9672 -0.1586
Z -0.0683 -0.1751 -0.9822

PART 72
OFFSET  9.6780 -6.1711 -8.3195
X -0.1058 -0.9927  0.0579
Y  0.9943 -0.1050  0.0164
Z -0.0102  0.0593  0.9982

PART 73
OFFSET  9.8847 -4.2318 -8.4326
X  0.8043 -0.5922  0.0484
Y  0.5941  0.8000 -0.0842
Z  0.0111  0.0965  0.9953

PART 74
OFFSET  8.7099 -3.3668 -8.5034
X  0.9380  0.3389 -0.0726
Y -0.3459  0.9282 -0.1374
Z  0.0208  0.1540  0.9879

PART 75
OFFSET  7.6471 -3.7510 -8.4283
X -0.4997 -0.8625  0.0803
Y -0.8646  0.5023  0.0154
Z -0.0536 -0.0617 -0.9967

PART 76
OFFSET  0.0000 -0.0000 -0.0000
X  1.0000 -0.0000  0.0000
Y  0.0000  1.0000  0.0000
Z  0.0000 -0.0000  1.0000

PART 77
OFFSET  0.0000 -0.0000 -0.0000
X  1.0000 -0.0000  0.0000
Y  0.0000  1.0000  0.0000
Z  0.0000 -0.0000  1.0000

PART 78
OFFSET  1.5404 -0.0000  4.1357
X  1.0000 -0.0000  0.0000
Y  0.0000  1.0000  0.0000
Z  0.0000 -0.0000  1.0000


FRAME 223
PART 0
OFFSET  0.0000 -0.0000 -0.0000
X  1.0000 -0.0000  0.0000
Y  0.0000  1.0000  0.0000
Z  0.0000 -0.0000  1.0000

PART 1
OFFSET -4.6318 -0.0000 -1.3770
X  1.0000 -0.0000  0.0000
Y  0.0000  1.0000  0.0000
Z  0.0000 -0.0000  1.0000

PART 2
OFFSET -1.2815  5.8385 -7.1997
X  0.8550 -0.0770 -0.5128
Y -0.1165 -0.9921 -0.0454
Z -0.5053  0.0986 -0.8573

PART 3
OFFSET  9.0593  4.9073 -13.4015
X  0.7206 -0.5618  0.4064
Y -0.5939 -0.1976  0.7799
Z -0.3578 -0.8033 -0.4760

PART 4
OFFSET  15.1879  0.1290 -9.9445
X  0.7206 -0.5618  0.4064
Y  0.2629  0.7638  0.5895
Z -0.6416 -0.3179  0.6980

PART 5
OFFSET  17.2834  0.8456 -9.2343
X  0.7251 -0.5584  0.4031
Y  0.3643  0.8077  0.4636
Z -0.5844 -0.1893  0.7890

PART 6
OFFSET  16.4030 -0.7794 -10.8592
X  0.7251 -0.5584  0.4031
Y  0.3643  0.8077  0.4636
Z -0.5844 -0.1893  0.7890

PART 7
OFFSET  15.8413 -0.1979 -6.8219
X  0.7251 -0.5584  0.4031
Y  0.3643  0.8077  0.4636
Z -0.5844 -0.1893  0.7890

PART 8
OFFSET  15.2990 -1.6629 -8.1352
X  0.7251 -0.5584  0.4031
Y  0.3643  0.8077  0.4636
Z -0.5844 -0.1893  0.7890

PART 9
OFFSET  15.3752 -1.7446 -9.3281
X  0.7251 -0.5584  0.4031
Y  0.3643  0.8077  0.4636
Z -0.5844 -0.1893  0.7890

PART 10
OFFSET  17.3968 -1.5933 -8.6985
X  0.9718 -0.0940  0.2163
Y -0.0381  0.8427  0.5371
Z -0.2328 -0.5301  0.8153

PART 11
OFFSET  17.7017 -1.0400 -7.7481
X  0.8531  0.0749  0.5163
Y -0.1702  0.9754  0.1399
Z -0.4932 -0.2072  0.8449

PART 12
OFFSET  19.4982 -0.7926 -6.5730
X  0.9674 -0.1930  0.1639
Y  0.1066  0.8977  0.4275
Z -0.2297 -0.3961  0.8890

PART 13
OFFSET  21.0279 -1.2020 -6.2343
X  0.9488  0.0968  0.3006
Y -0.1779  0.9503  0.2557
Z -0.2609 -0.2961  0.9188

PART 14
OFFSET  22.0390 -1.0948 -5.8628
X  0.8313  0.4574 -0.3156
Y -0.2965 -0.1154 -0.9481
Z -0.4701  0.8817  0.0397

PART 15
OFFSET  18.2129 -2.6822 -8.9257
X  0.6345 -0.7283  0.2588
Y -0.5108 -0.1438  0.8476
Z -0.5801 -0.6700 -0.4632

PART 16
OFFSET  19.6604 -4.2387 -8.1728
X -0.1425 -0.3246  0.9351
Y -0.8797  0.4746  0.0307
Z -0.4537 -0.8182 -0.3531

PART 17
OFFSET  19.4587 -4.6982 -6.8490
X -0.8084  0.2221  0.5452
Y -0.3926  0.4867 -0.7804
Z -0.4387 -0.8449 -0.3062

PART 18
OFFSET  18.7420 -4.5013 -6.3656
X -0.8549  0.5135 -0.0740
Y  0.2463  0.2761 -0.9290
Z -0.4566 -0.8125 -0.3625

PART 19
OFFSET  17.9298 -4.0134 -6.4359
X  0.5653 -0.4486  0.6923
Y  0.6784 -0.2246 -0.6995
Z  0.4693  0.8651  0.1773

PART 20
OFFSET  18.4338 -2.0688 -8.6351
X  0.9351 -0.3514  0.0458
Y -0.2507 -0.5646  0.7864
Z -0.2505 -0.7468 -0.6161

PART 21
OFFSET  20.6493 -3.3665 -8.2274
X  0.0021 -0.5024  0.8646
Y -0.9218  0.3341  0.1964
Z -0.3876 -0.7974 -0.4625

PART 22
OFFSET  20.6529 -4.2219 -6.7554
X -0.7815  0.0268  0.6234
Y -0.4952  0.5812 -0.6457
Z -0.3796 -0.8133 -0.4410

PART 23
OFFSET  19.5698 -4.1847 -5.8914
X -0.9250  0.3608  0.1189
Y  0.0636  0.4558 -0.8878
Z -0.3745 -0.8137 -0.4446

PART 24
OFFSET  18.5666 -3.7934 -5.7625
X  0.7031 -0.5960  0.3878
Y  0.5983  0.2012 -0.7756
Z  0.3842  0.7774  0.4980

PART 25
OFFSET  20.2074 -0.8291 -6.7419
X  0.8570 -0.3988  0.3264
Y  0.5034  0.5125 -0.6957
Z  0.1102  0.7605  0.6400

PART 26
OFFSET  21.2413 -1.1269 -7.7535
X  0.7914 -0.6000  0.1169
Y -0.4634 -0.4643  0.7548
Z -0.3986 -0.6515 -0.6455

PART 27
OFFSET  22.6347 -2.1832 -7.5477
X  0.4942 -0.7612  0.4198
Y -0.7835 -0.1809  0.5945
Z -0.3766 -0.6227 -0.6858

PART 28
OFFSET  23.2584 -3.0708 -6.9957
X  0.1056 -0.6333  0.7666
Y -0.9309  0.2081  0.3001
Z -0.3496 -0.7454 -0.5676

PART 29
OFFSET  23.3777 -3.7861 -6.1297
X  0.7077 -0.1913 -0.6801
Y -0.3314  0.7603 -0.5587
Z  0.6240  0.6208  0.4746

PART 30
OFFSET  21.1372 -2.1261 -8.2130
X  0.4284 -0.7137  0.5541
Y -0.8147 -0.0400  0.5785
Z -0.3907 -0.6993 -0.5986

PART 31
OFFSET  21.9741 -3.5204 -7.1305
X -0.5173 -0.3760  0.7688
Y -0.7453  0.6394 -0.1888
Z -0.4206 -0.6706 -0.6110

PART 32
OFFSET  21.2185 -4.0696 -6.0076
X -0.8852  0.2000  0.4200
Y -0.1349  0.7538 -0.6432
Z -0.4452 -0.6260 -0.6403

PART 33
OFFSET  20.2128 -3.8481 -5.5360
X  0.7934 -0.5948  0.1297
Y  0.4321  0.4002 -0.8081
Z  0.4287  0.6972  0.5745

PART 34
OFFSET  19.6973 -3.1101 -7.1589
X -0.3095 -0.7544 -0.5789
Y  0.2328  0.5301 -0.8153
Z  0.9220 -0.3871  0.0115

PART 35
OFFSET  10.7772 -4.2828 -6.5616
X  0.9868  0.1539 -0.0508
Y -0.1592  0.9790 -0.1271
Z  0.0301  0.1335  0.9906

PART 36
OFFSET  10.7772 -4.2828 -6.5616
X  0.9868  0.1539 -0.0508
Y -0.1592  0.9790 -0.1271
Z  0.0301  0.1335  0.9906

PART 37
OFFSET  10.6716 -3.9162 -3.7336
X  0.9868  0.1539 -0.0508
Y -0.1592  0.9790 -0.1271
Z  0.0301  0.1335  0.9906

PART 38
OFFSET  12.2220 -3.6788 -3.8474
X  0.9868  0.1539 -0.0508
Y -0.1592  0.9790 -0.1271
Z  0.0301  0.1335  0.9906

PART 39
OFFSET  15.6646 -3.7002 -8.2021
X  0.9868  0.1539 -0.0508
Y -0.1592  0.9790 -0.1271
Z  0.0301  0.1335  0.9906

PART 40
OFFSET  13.0768 -4.1149 -8.1491
X  0.9868  0.1539 -0.0508
Y -0.1592  0.9790 -0.1271
Z  0.0301  0.1335  0.9906

PART 41
OFFSET  10.9776 -4.3164 -7.0716
X  0.9868  0.1539 -0.0508
Y -0.1592  0.9790 -0.1271
Z  0.0301  0.1335  0.9906

PART 42
OFFSET  31.6961 -2.3233 -8.3424
X -0.0535  0.6051  0.7943
Y -0.1529  0.7811 -0.6054
Z -0.9868 -0.1539  0.0508

PART 43
OFFSET  31.3179  0.0027 -8.6443
X  0.1057 -0.3739  0.9214
Y -0.1228  0.9146  0.3852
Z -0.9868 -0.1539  0.0508

PART 44
OFFSET  20.6264 -1.9813 -1.1485
X -0.2069 -0.1590 -0.9654
Y -0.1592  0.9790 -0.1271
Z  0.9653  0.1274 -0.2279

PART 45
OFFSET  8.4672 -3.8991 -0.6915
X -0.4452  0.0437  0.8944
Y -0.1592  0.9790 -0.1271
Z -0.8812 -0.1990 -0.4289

PART 46
OFFSET -3.5060 -7.9373 -3.1869
X -0.0256 -0.0921  0.9954
Y -0.4365 -0.8948 -0.0940
Z  0.8994 -0.4369 -0.0173

PART 47
OFFSET -3.1964 -6.8232 -15.2254
X -0.7921 -0.0110 -0.6103
Y  0.6047  0.1217 -0.7871
Z  0.0829 -0.9925 -0.0897

PART 48
OFFSET  3.5407 -6.7294 -10.0346
X -0.7921 -0.0110 -0.6103
Y  0.6104 -0.0032 -0.7921
Z  0.0068 -0.9999  0.0093

PART 49
OFFSET  4.1376 -5.6674 -8.4721
X -0.7959 -0.0090 -0.6053
Y -0.0894  0.9907  0.1027
Z  0.5988  0.1359 -0.7893

PART 50
OFFSET  3.9120 -6.3818 -7.5370
X -0.7959 -0.0090 -0.6053
Y -0.0894  0.9907  0.1027
Z  0.5988  0.1359 -0.7893

PART 51
OFFSET  4.2311 -7.6691 -7.7648
X -0.7959 -0.0090 -0.6053
Y -0.0894  0.9907  0.1027
Z  0.5988  0.1359 -0.7893

PART 52
OFFSET  5.9690 -6.6955 -8.1636
X -0.9859 -0.1657 -0.0239
Y  0.0431 -0.1134 -0.9926
Z  0.1618 -0.9796  0.1189

PART 53
OFFSET  6.3044 -6.1094 -7.2438
X -0.3282 -0.9344 -0.1385
Y  0.7220 -0.1536 -0.6746
Z  0.6091 -0.3214  0.7250

PART 54
OFFSET  6.9066 -4.0598 -6.9179
X -0.8800 -0.4325  0.1962
Y  0.2913 -0.8178 -0.4963
Z  0.3751 -0.3796  0.8457

PART 55
OFFSET  8.3027 -3.3678 -7.3590
X -0.8162  0.0924  0.5703
Y -0.2838 -0.9240 -0.2564
Z  0.5033 -0.3711  0.7804

PART 56
OFFSET  9.1671 -3.4351 -8.0071
X -0.9843  0.1162 -0.1331
Y  0.1740  0.5050 -0.8454
Z -0.0310 -0.8552 -0.5173

PART 57
OFFSET  6.8167 -6.4787 -9.2303
X -0.8990 -0.1518  0.4109
Y  0.2286 -0.9627  0.1445
Z  0.3737  0.2239  0.9001

PART 58
OFFSET  8.8629 -5.9871 -10.0401
X -0.2216 -0.9591  0.1763
Y  0.9343 -0.2606 -0.2432
Z  0.2792  0.1108  0.9538

PART 59
OFFSET  9.1767 -4.6293 -10.2897
X  0.6539 -0.7482 -0.1123
Y  0.7159  0.6599 -0.2281
Z  0.2448  0.0687  0.9671

PART 60
OFFSET  8.5969 -3.9659 -10.1901
X  0.9469  0.1169 -0.2996
Y -0.1468  0.9860 -0.0796
Z  0.2861  0.1193  0.9507

PART 61
OFFSET  7.6974 -4.0769 -9.9055
X -0.6734 -0.7256  0.1416
Y -0.6840  0.6842  0.2528
Z -0.2803  0.0734 -0.9571

PART 62
OFFSET  7.0275 -6.5037 -8.5487
X -0.9628 -0.1397  0.2314
Y  0.1799 -0.9701  0.1628
Z  0.2017  0.1984  0.9591

PART 63
OFFSET  9.5002 -6.1920 -9.2882
X -0.1413 -0.9712  0.1918
Y  0.9615 -0.1808 -0.2069
Z  0.2356  0.1552  0.9594

PART 64
OFFSET  9.7409 -4.5386 -9.6147
X  0.7434 -0.6638 -0.0822
Y  0.6304  0.7364 -0.2457
Z  0.2236  0.1308  0.9658

PART 65
OFFSET  8.7106 -3.6186 -9.5008
X  0.8991  0.3570 -0.2532
Y -0.3791  0.9244 -0.0430
Z  0.2187  0.1347  0.9664

PART 66
OFFSET  7.7355 -4.0057 -9.2261
X -0.5094 -0.8139  0.2796
Y -0.8350  0.5461  0.0684
Z -0.2083 -0.1986 -0.9577

PART 67
OFFSET  1.9161 -7.8145 -7.3599
X -0.8910 -0.4064  0.2026
Y -0.4395  0.8840 -0.1594
Z -0.1143 -0.2310 -0.9662

PART 68
OFFSET  9.8381 -6.3284 -7.2776
X -0.9388 -0.3102 -0.1497
Y  0.2966 -0.9490  0.1064
Z -0.1751  0.0555  0.9830

PART 69
OFFSET  11.4910 -5.7822 -7.0140
X -0.0004 -0.9939  0.1100
Y  0.9824  0.0201  0.1855
Z -0.1866  0.1081  0.9765

PART 70
OFFSET  11.4802 -4.5673 -7.0884
X  0.5748 -0.8081  0.1288
Y  0.8013  0.5877  0.1119
Z -0.1662  0.0389  0.9853

PART 71
OFFSET  10.8310 -3.6545 -7.2339
X -0.9572 -0.2565  0.1341
Y -0.2812  0.9341 -0.2200
Z -0.0689 -0.2483 -0.9662

PART 72
OFFSET  9.7507 -6.2933 -8.3783
X -0.0211 -0.9916  0.1279
Y  0.9998 -0.0210  0.0021
Z  0.0006  0.1279  0.9918

PART 73
OFFSET  9.7920 -4.3562 -8.6281
X  0.8519 -0.5188  0.0714
Y  0.5234  0.8386 -0.1514
Z  0.0186  0.1664  0.9859

PART 74
OFFSET  8.5477 -3.5985 -8.7325
X  0.9050  0.4094 -0.1158
Y -0.4248  0.8845 -0.1930
Z  0.0234  0.2238  0.9744

PART 75
OFFSET  7.5222 -4.0631 -8.6084
X -0.4241 -0.8931  0.1497
Y -0.9033  0.4289 -0.0003
Z -0.0640 -0.1354 -0.9887

PART 76
OFFSET  0.0000 -0.0000 -0.0000
X  1.0000 -0.0000  0.0000
Y  0.0000  1.0000  0.0000
Z  0.0000 -0.0000  1.0000

PART 77
OFFSET  0.0000 -0.0000 -0.0000
X  1.0000 -0.0000  0.0000
Y  0.0000  1.0000  0.0000
Z  0.0000 -0.0000  1.0000

PART 78
OFFSET  1.5404 -0.0000  4.1357
X  1.0000 -0.0000  0.0000
Y  0.0000  1.0000  0.0000
Z  0.0000 -0.0000  1.0000


FRAME 224
PART 0
OFFSET  0.0000 -0.0000 -0.0000
X  1.0000 -0.0000  0.0000
Y  0.0000  1.0000  0.0000
Z  0.0000 -0.0000  1.0000

PART 1
OFFSET -4.6318 -0.0000 -1.3770
X  1.0000 -0.0000  0.0000
Y  0.0000  1.0000  0.0000
Z  0.0000 -0.0000  1.0000

PART 2
OFFSET -1.2815  5.8385 -7.1997
X  0.8236 -0.0317 -0.5663
