// Export filename: `C:\projects\cod\t5\xanim_export\t5_viewmodels\l96a1\l96a1_sprint_loop.XANIM_EXPORT`
// Source filename: `D:\projects\devanim\t5\animation_assets\viewmodels\l96a1\ViewModel_l96a1_animated.fbx`
// Export time: Sun Aug 29 21:43:59 2010

ANIMATION
VERSION 3

NUMPARTS 79
PART 0 "tag_ads"
PART 1 "tag_torso"
PART 2 "J_Shoulder_LE"
PART 3 "J_Elbow_LE"
PART 4 "J_WristTwist_LE"
PART 5 "J_Sleave_Reshape_Bottom_LE_1"
PART 6 "J_Sleave_Reshape_Bottom_LE_2"
PART 7 "J_Sleave_Reshape_Top_LE_1"
PART 8 "J_Sleave_Reshape_Top_LE_2"
PART 9 "J_Sleave_Reshape_Top_LE_3"
PART 10 "J_Wrist_LE"
PART 11 "J_Thumb_LE_0"
PART 12 "J_Thumb_LE_1"
PART 13 "J_Thumb_LE_2"
PART 14 "J_Thumb_LE_3"
PART 15 "J_PinkyPalm_LE"
PART 16 "J_Pinky_LE_0"
PART 17 "J_Pinky_LE_1"
PART 18 "J_Pinky_LE_2"
PART 19 "J_Pinky_LE_3"
PART 20 "J_RingPalm_LE"
PART 21 "J_Ring_LE_0"
PART 22 "J_Ring_LE_1"
PART 23 "J_Ring_LE_2"
PART 24 "J_Ring_LE_3"
PART 25 "J_Webbing_LE"
PART 26 "J_Index_LE_0"
PART 27 "J_Index_LE_1"
PART 28 "J_Index_LE_2"
PART 29 "J_Index_LE_3"
PART 30 "J_Mid_LE_0"
PART 31 "J_Mid_LE_1"
PART 32 "J_Mid_LE_2"
PART 33 "J_Mid_LE_3"
PART 34 "tag_knife_attach"
PART 35 "tag_weapon"
PART 36 "J_Gun"
PART 37 "tag_bolt"
PART 38 "tag_bolt_handle"
PART 39 "tag_clip"
PART 40 "tag_clip_release"
PART 41 "tag_trigger"
PART 42 "tag_bipod_right"
PART 43 "tag_bipod_left"
PART 44 "tag_backlip"
PART 45 "tag_frontlip"
PART 46 "J_Shoulder_RI"
PART 47 "J_Elbow_RI"
PART 48 "J_WristTwist_RI"
PART 49 "J_Sleave_Reshape_Top_RI_3"
PART 50 "J_Sleave_Reshape_Top_RI_2"
PART 51 "J_Sleave_Reshape_Top_RI_1"
PART 52 "J_Wrist_RI"
PART 53 "J_Thumb_RI_0"
PART 54 "J_Thumb_RI_1"
PART 55 "J_Thumb_RI_2"
PART 56 "J_Thumb_RI_3"
PART 57 "J_PinkyPalm_RI"
PART 58 "J_Pinky_RI_0"
PART 59 "J_Pinky_RI_1"
PART 60 "J_Pinky_RI_2"
PART 61 "J_Pinky_RI_3"
PART 62 "J_RingPalm_RI"
PART 63 "J_Ring_RI_0"
PART 64 "J_Ring_RI_1"
PART 65 "J_Ring_RI_2"
PART 66 "J_Ring_RI_3"
PART 67 "J_Webbing_RI"
PART 68 "J_Index_RI_0"
PART 69 "J_Index_RI_1"
PART 70 "J_Index_RI_2"
PART 71 "J_Index_RI_3"
PART 72 "J_Mid_RI_0"
PART 73 "J_Mid_RI_1"
PART 74 "J_Mid_RI_2"
PART 75 "J_Mid_RI_3"
PART 76 "tag_cambone"
PART 77 "tag_camera"
PART 78 "tag_gasmask"

FRAMERATE 30
NUMFRAMES 37

FRAME 230
PART 0
OFFSET  0.0000 -0.0000 -0.0000
X  1.0000 -0.0000  0.0000
Y  0.0000  1.0000  0.0000
Z  0.0000 -0.0000  1.0000

PART 1
OFFSET -4.6318 -0.0000 -1.3770
X  1.0000 -0.0000  0.0000
Y  0.0000  1.0000  0.0000
Z  0.0000 -0.0000  1.0000

PART 2
OFFSET -1.2815  5.8385 -7.1997
X  0.6439  0.1458 -0.7511
Y  0.0501 -0.9876 -0.1488
Z -0.7635  0.0582 -0.6432

PART 3
OFFSET  6.5060  7.6014 -16.2831
X  0.7719 -0.5251  0.3584
Y -0.5333 -0.2278  0.8147
Z -0.3461 -0.8200 -0.4559

PART 4
OFFSET  13.0715  3.1356 -13.2345
X  0.7719 -0.5251  0.3584
Y  0.5267  0.8439  0.1019
Z -0.3560  0.1101  0.9280

PART 5
OFFSET  15.1687  3.9563 -12.6539
X  0.7760 -0.5214  0.3548
Y  0.3515  0.8247  0.4431
Z -0.5236 -0.2191  0.8233

PART 6
OFFSET  14.2711  2.2903 -14.2269
X  0.7760 -0.5214  0.3548
Y  0.3515  0.8247  0.4431
Z -0.5236 -0.2191  0.8233

PART 7
OFFSET  13.9348  2.8397 -10.1601
X  0.7760 -0.5214  0.3548
Y  0.3515  0.8247  0.4431
Z -0.5236 -0.2191  0.8233

PART 8
OFFSET  13.3857  1.3502 -11.4426
X  0.7760 -0.5214  0.3548
Y  0.3515  0.8247  0.4431
Z -0.5236 -0.2191  0.8233

PART 9
OFFSET  13.3910  1.2733 -12.6384
X  0.7760 -0.5214  0.3548
Y  0.3515  0.8247  0.4431
Z -0.5236 -0.2191  0.8233

PART 10
OFFSET  15.4379  1.5259 -12.1357
X  0.6948  0.7121  0.1007
Y -0.7159  0.6982  0.0026
Z -0.0684 -0.0739  0.9949

PART 11
OFFSET  15.0315  2.4897 -11.6794
X  0.4158  0.8664  0.2766
Y -0.7796  0.4962 -0.3821
Z -0.4682 -0.0568  0.8818

PART 12
OFFSET  15.8249  4.4056 -11.0716
X  0.7694  0.6291  0.1105
Y -0.6150  0.7764 -0.1376
Z -0.1723  0.0379  0.9843

PART 13
OFFSET  17.0844  5.3791 -10.7748
X  0.5333  0.8429  0.0721
Y -0.8028  0.5311 -0.2710
Z -0.2667  0.0866  0.9599

PART 14
OFFSET  17.6352  6.3036 -10.6575
X  0.3995  0.6760 -0.6192
Y  0.1349 -0.7114 -0.6897
Z -0.9068  0.1920 -0.3754

PART 15
OFFSET  16.7786  1.3660 -11.8523
X  0.8413  0.1462  0.5204
Y -0.5218 -0.0319  0.8525
Z  0.1412 -0.9887  0.0494

PART 16
OFFSET  18.5843  1.8346 -10.5856
X -0.1682  0.1591  0.9728
Y -0.9409 -0.3201 -0.1104
Z  0.2938 -0.9339  0.2036

PART 17
OFFSET  18.3461  2.0598 -9.2083
X -0.8792 -0.1718  0.4443
Y -0.3635 -0.3610 -0.8588
Z  0.3079 -0.9166  0.2549

PART 18
OFFSET  17.5666  1.9075 -8.8143
X -0.9174 -0.3305 -0.2219
Y  0.2717 -0.1126 -0.9558
Z  0.2909 -0.9371  0.1931

PART 19
OFFSET  16.6950  1.5936 -9.0251
X  0.4890  0.4589  0.7418
Y  0.8322  0.0093 -0.5544
Z -0.2613  0.8884 -0.3774

PART 20
OFFSET  16.4652  1.9969 -11.9673
X  0.8807  0.4628  0.1010
Y -0.0511 -0.1191  0.9916
Z  0.4710 -0.8784 -0.0812

PART 21
OFFSET  18.7591  2.9731 -11.2298
X  0.0685  0.1251  0.9898
Y -0.9305 -0.3499  0.1086
Z  0.3599 -0.9284  0.0924

PART 22
OFFSET  18.8757  3.1860 -9.5447
X -0.7591 -0.2263  0.6104
Y -0.5360 -0.3149 -0.7833
Z  0.3694 -0.9218  0.1177

PART 23
OFFSET  17.8236  2.8724 -8.6988
X -0.9271 -0.3735  0.0301
Y  0.0149 -0.1172 -0.9930
Z  0.3744 -0.9202  0.1142

PART 24
OFFSET  16.8181  2.4674 -8.6661
X  0.7695  0.3277  0.5482
Y  0.5275  0.1577 -0.8348
Z -0.3600  0.9315 -0.0515

PART 25
OFFSET  16.4064  4.7901 -11.2879
X  0.7732  0.5145  0.3709
Y  0.2393  0.3049 -0.9218
Z -0.5873  0.8015  0.1126

PART 26
OFFSET  17.6307  4.8548 -12.1112
X  0.9140  0.2587  0.3124
Y -0.2582 -0.2228  0.9400
Z  0.3128 -0.9399 -0.1369

PART 27
OFFSET  19.2400  5.3103 -11.5612
X  0.7147  0.1075  0.6912
Y -0.6209 -0.3576  0.6976
Z  0.3221 -0.9277 -0.1889

PART 28
OFFSET  20.0892  5.4973 -10.7095
X  0.2540  0.0764  0.9642
Y -0.8874 -0.3782  0.2637
Z  0.3848 -0.9226 -0.0283

PART 29
OFFSET  20.3761  5.5836 -9.6204
X  0.8266  0.0571 -0.5599
Y -0.5568 -0.0619 -0.8283
Z -0.0819  0.9965 -0.0194

PART 30
OFFSET  18.3210  4.0082 -11.9463
X  0.5984  0.1521  0.7866
Y -0.7277 -0.3075  0.6131
Z  0.3351 -0.9393 -0.0733

PART 31
OFFSET  19.4901  4.3053 -10.4096
X -0.3568 -0.2036  0.9117
Y -0.8850 -0.2388 -0.3997
Z  0.2991 -0.9495 -0.0949

PART 32
OFFSET  18.9689  4.0080 -9.0779
X -0.8842 -0.2954  0.3620
Y -0.3870  0.0290 -0.9216
Z  0.2617 -0.9549 -0.1399

PART 33
OFFSET  17.9696  3.6667 -8.6683
X  0.9084  0.2690  0.3200
Y  0.2917  0.1405 -0.9461
Z -0.2995  0.9528  0.0492

PART 34
OFFSET  17.6032  2.9677 -10.3480
X  0.4226 -0.9055 -0.0382
Y  0.0684  0.0739 -0.9949
Z  0.9038  0.4178  0.0932

PART 35
OFFSET  11.7635 -3.4991 -8.0286
X  0.6263  0.7361 -0.2567
Y -0.6966  0.3806 -0.6082
Z -0.3500  0.5597  0.7511

PART 36
OFFSET  11.7635 -3.4991 -8.0286
X  0.6263  0.7361 -0.2567
Y -0.6966  0.3806 -0.6082
Z -0.3500  0.5597  0.7511

PART 37
OFFSET  10.6358 -2.0401 -5.8509
X  0.6263  0.7361 -0.2567
Y -0.6966  0.3806 -0.6082
Z -0.3500  0.5597  0.7511

PART 38
OFFSET  11.6325 -0.9019 -6.2802
X  0.6263  0.7361 -0.2567
Y -0.6966  0.3806 -0.6082
Z -0.3500  0.5597  0.7511

PART 39
OFFSET  15.3819 -0.6050 -10.3631
X  0.6263  0.7361 -0.2567
Y -0.6966  0.3806 -0.6082
Z -0.3500  0.5597  0.7511

PART 40
OFFSET  13.7697 -2.5793 -9.7507
X  0.6263  0.7361 -0.2567
Y -0.6966  0.3806 -0.6082
Z -0.3500  0.5597  0.7511

PART 41
OFFSET  12.0766 -3.6202 -8.4630
X  0.6263  0.7361 -0.2567
Y -0.6966  0.3806 -0.6082
Z -0.3500  0.5597  0.7511

PART 42
OFFSET  26.0685  11.0451 -13.3622
X -0.6514  0.6750  0.3464
Y -0.4283  0.0497 -0.9023
Z -0.6263 -0.7361  0.2567

PART 43
OFFSET  24.4135  11.9493 -14.8072
X  0.0452  0.2945  0.9546
Y -0.7783  0.6095 -0.1512
Z -0.6263 -0.7361  0.2567

PART 44
OFFSET  15.8140  7.0521 -6.0609
X  0.3074 -0.6076 -0.7323
Y -0.6966  0.3806 -0.6082
Z  0.6483  0.6971 -0.3063

PART 45
OFFSET  8.1593 -2.1093 -3.0266
X -0.7008 -0.1794  0.6904
Y -0.6966  0.3806 -0.6082
Z -0.1536 -0.9072 -0.3917

PART 46
OFFSET -3.5060 -7.9373 -3.1869
X -0.3747  0.0875  0.9230
Y -0.5107 -0.8504 -0.1267
Z  0.7738 -0.5189  0.3633

PART 47
OFFSET  1.0252 -8.9953 -14.3498
X -0.8015 -0.0095 -0.5979
Y  0.5963 -0.0879 -0.7980
Z -0.0450 -0.9961  0.0762

PART 48
OFFSET  7.8424 -8.9142 -9.2645
X -0.8015 -0.0095 -0.5979
Y  0.5980 -0.0181 -0.8013
Z -0.0032 -0.9998  0.0202

PART 49
OFFSET  8.6056 -7.6952 -7.9017
X -0.8049 -0.0063 -0.5933
Y  0.0387  0.9973 -0.0630
Z  0.5921 -0.0736 -0.8025

PART 50
OFFSET  8.3141 -8.2113 -6.8603
X -0.8049 -0.0063 -0.5933
Y  0.0387  0.9973 -0.0630
Z  0.5921 -0.0736 -0.8025

PART 51
OFFSET  8.4630 -9.5487 -6.8720
X -0.8049 -0.0063 -0.5933
Y  0.0387  0.9973 -0.0630
Z  0.5921 -0.0736 -0.8025

PART 52
OFFSET  10.2997 -8.8849 -7.4316
X -0.5965 -0.7771  0.2006
Y  0.3905 -0.4994 -0.7734
Z  0.7012 -0.3830  0.6014

PART 53
OFFSET  9.9033 -7.8962 -7.0224
X  0.3953 -0.8128  0.4280
Y  0.8114  0.0905 -0.5774
Z  0.4306  0.5755  0.6953

PART 54
OFFSET  8.9453 -6.1834 -7.9271
X -0.4156 -0.7512  0.5128
Y  0.8703 -0.4923 -0.0158
Z  0.2643  0.4397  0.8584

PART 55
OFFSET  9.6386 -5.0493 -8.8519
X -0.8102 -0.2380  0.5357
Y  0.4548 -0.8319  0.3181
Z  0.3699  0.5013  0.7822

PART 56
OFFSET  10.4900 -4.8006 -9.4724
X -0.7419 -0.6692 -0.0415
Y  0.0508  0.0056 -0.9987
Z  0.6685 -0.7431  0.0298

PART 57
OFFSET  11.0809 -8.6847 -8.5510
X -0.6690 -0.5061  0.5443
Y  0.7311 -0.3159  0.6048
Z -0.1341  0.8025  0.5814

PART 58
OFFSET  12.4748 -7.3918 -9.7635
X  0.3961 -0.6063  0.6896
Y  0.9065  0.3777 -0.1886
Z -0.1461  0.6998  0.6992

PART 59
OFFSET  11.9140 -6.5335 -10.7398
X  0.9754 -0.0257  0.2188
Y  0.1631  0.7517 -0.6390
Z -0.1481  0.6590  0.7375

PART 60
OFFSET  11.0491 -6.5107 -10.9338
X  0.6932  0.5715 -0.4392
Y -0.7059  0.4152 -0.5739
Z -0.1457  0.7078  0.6912

PART 61
OFFSET  10.3905 -7.0536 -10.5165
X -0.0660 -0.8001  0.5962
Y -0.9974  0.0351 -0.0633
Z  0.0297 -0.5988 -0.8003

PART 62
OFFSET  11.0505 -8.2354 -7.9972
X -0.6704 -0.6271  0.3966
Y  0.6955 -0.3447  0.6305
Z -0.2587  0.6985  0.6672

PART 63
OFFSET  12.8441 -6.7192 -9.1118
X  0.4570 -0.5510  0.6982
Y  0.8650  0.4581 -0.2046
Z -0.2071  0.6975  0.6860

PART 64
OFFSET  12.0661 -5.7811 -10.3006
X  0.9776  0.0968  0.1868
Y  0.0585  0.7280 -0.6831
Z -0.2022  0.6788  0.7060

PART 65
OFFSET  10.7113 -5.9153 -10.5595
X  0.4936  0.6952 -0.5225
Y -0.8444  0.2392 -0.4794
Z -0.2083  0.6778  0.7051

PART 66
OFFSET  10.1759 -6.6692 -9.9928
X  0.0677 -0.6729  0.7366
Y -0.9649 -0.2318 -0.1231
Z  0.2536 -0.7025 -0.6650

PART 67
OFFSET  7.8627 -11.9023 -5.6203
X -0.4418 -0.7411  0.5056
Y -0.8285  0.1208 -0.5469
Z  0.3442 -0.6604 -0.6674

PART 68
OFFSET  12.5901 -5.6225 -7.4065
X -0.4348 -0.8850  0.1666
Y  0.7823 -0.2796  0.5566
Z -0.4459  0.3724  0.8139

PART 69
OFFSET  13.3557 -4.0644 -7.6999
X  0.5963 -0.5059  0.6233
Y  0.6393  0.7689  0.0125
Z -0.4855  0.3910  0.7819

PART 70
OFFSET  12.6013 -3.4256 -8.4101
X  0.8865 -0.0003  0.4627
Y  0.1715  0.9289 -0.3281
Z -0.4297  0.3702  0.8236

PART 71
OFFSET  11.5999 -3.4253 -8.9327
X -0.5643 -0.7344  0.3772
Y -0.7289  0.2285 -0.6454
Z  0.3877 -0.6391 -0.6642

PART 72
OFFSET  12.8243 -6.1785 -8.3320
X  0.5748 -0.5103  0.6397
Y  0.7309  0.6717 -0.1208
Z -0.3680  0.5370  0.7591

PART 73
OFFSET  11.7015 -5.1815 -9.5817
X  0.9193  0.3242  0.2230
Y -0.1104  0.7564 -0.6447
Z -0.3777  0.5681  0.7312

PART 74
OFFSET  10.3587 -5.6551 -9.9074
X  0.4248  0.7930 -0.4366
Y -0.8085  0.1154 -0.5771
Z -0.4072  0.5982  0.6902

PART 75
OFFSET  9.8799 -6.5574 -9.4181
X  0.2167 -0.7200  0.6593
Y -0.9201 -0.3764 -0.1087
Z  0.3264 -0.5830 -0.7440

PART 76
OFFSET  0.0000 -0.0000 -0.0000
X  1.0000 -0.0000  0.0000
Y  0.0000  1.0000  0.0000
Z  0.0000 -0.0000  1.0000

PART 77
OFFSET  0.0000 -0.0000 -0.0000
X  1.0000 -0.0000  0.0000
Y  0.0000  1.0000  0.0000
Z  0.0000 -0.0000  1.0000

PART 78
OFFSET  1.5404 -0.0000  4.1357
X  1.0000 -0.0000  0.0000
Y  0.0000  1.0000  0.0000
Z  0.0000 -0.0000  1.0000


FRAME 231
PART 0
OFFSET  0.0000 -0.0000 -0.0000
X  1.0000 -0.0000  0.0000
Y  0.0000  1.0000  0.0000
Z  0.0000 -0.0000  1.0000

PART 1
OFFSET -4.6318 -0.0000 -1.3770
X  1.0000 -0.0000  0.0000
Y  0.0000  1.0000  0.0000
Z  0.0000 -0.0000  1.0000

PART 2
OFFSET -1.2815  5.8385 -7.1997
X  0.6591  0.1424 -0.7385
Y  0.0311 -0.9862 -0.1625
Z -0.7514  0.0841 -0.6544

PART 3
OFFSET  6.6891  7.5612 -16.1307
X  0.7544 -0.5469  0.3629
Y -0.5513 -0.2278  0.8026
Z -0.3563 -0.8056 -0.4734

PART 4
OFFSET  13.1057  2.9094 -13.0437
X  0.7544 -0.5469  0.3629
Y  0.5477  0.8293  0.1112
Z -0.3618  0.1148  0.9251

PART 5
OFFSET  15.2105  3.6756 -12.4175
X  0.7587 -0.5433  0.3594
Y  0.3620  0.8103  0.4608
Z -0.5416 -0.2194  0.8115

PART 6
OFFSET  14.3028  2.0524 -14.0291
X  0.7587 -0.5433  0.3594
Y  0.3620  0.8103  0.4608
Z -0.5416 -0.2194  0.8115

PART 7
OFFSET  13.9122  2.5505 -9.9606
X  0.7587 -0.5433  0.3594
Y  0.3620  0.8103  0.4608
Z -0.5416 -0.2194  0.8115

PART 8
OFFSET  13.3519  1.0920 -11.2735
X  0.7587 -0.5433  0.3594
Y  0.3620  0.8103  0.4608
Z -0.5416 -0.2194  0.8115

PART 9
OFFSET  13.3751  1.0322 -12.4700
X  0.7587 -0.5433  0.3594
Y  0.3620  0.8103  0.4608
Z -0.5416 -0.2194  0.8115

PART 10
OFFSET  15.4185  1.2327 -11.9310
X  0.6843  0.7209  0.1093
Y -0.7260  0.6877  0.0094
Z -0.0684 -0.0858  0.9940

PART 11
OFFSET  14.9977  2.1854 -11.4646
X  0.4030  0.8692  0.2866
Y -0.7863  0.4890 -0.3775
Z -0.4683 -0.0732  0.8805

PART 12
OFFSET  15.7627  4.1058 -10.8349
X  0.7601  0.6389  0.1183
Y -0.6261  0.7689 -0.1298
Z -0.1739  0.0246  0.9845

PART 13
OFFSET  17.0077  5.0941 -10.5260
X  0.5209  0.8497  0.0820
Y -0.8101  0.5224 -0.2661
Z -0.2689  0.0722  0.9605

PART 14
OFFSET  17.5450  6.0251 -10.3979
X  0.3903  0.6885 -0.6113
Y  0.1459 -0.7018 -0.6973
Z -0.9091  0.1830 -0.3744

PART 15
OFFSET  16.7611  1.0891 -11.6477
X  0.8385  0.1526  0.5230
Y -0.5222 -0.0488  0.8514
Z  0.1555 -0.9871  0.0387

PART 16
OFFSET  18.5585  1.5698 -10.3738
X -0.1715  0.1460  0.9743
Y -0.9361 -0.3324 -0.1150
Z  0.3071 -0.9318  0.1937

PART 17
OFFSET  18.3157  1.7764 -8.9944
X -0.8771 -0.1893  0.4414
Y -0.3574 -0.3567 -0.8632
Z  0.3209 -0.9148  0.2452

PART 18
OFFSET  17.5380  1.6086 -8.6031
X -0.9123 -0.3412 -0.2266
Y  0.2743 -0.0981 -0.9566
Z  0.3042 -0.9348  0.1831

PART 19
OFFSET  16.6713  1.2844 -8.8184
X  0.4815  0.4578  0.7474
Y  0.8326  0.0274 -0.5532
Z -0.2737  0.8886 -0.3680

PART 20
OFFSET  16.4387  1.7167 -11.7562
X  0.8738  0.4744  0.1071
Y -0.0504 -0.1307  0.9901
Z  0.4837 -0.8706 -0.0902

PART 21
OFFSET  18.7174  2.7177 -11.0054
X  0.0657  0.1152  0.9912
Y -0.9254 -0.3645  0.1037
Z  0.3732 -0.9241  0.0826

PART 22
OFFSET  18.8292  2.9138 -9.3179
X -0.7564 -0.2439  0.6070
Y -0.5306 -0.3140 -0.7873
Z  0.3826 -0.9176  0.1081

PART 23
OFFSET  17.7810  2.5757 -8.4767
X -0.9217 -0.3872  0.0249
Y  0.0177 -0.1061 -0.9942
Z  0.3876 -0.9159  0.1046

PART 24
OFFSET  16.7814  2.1559 -8.4496
X  0.7641  0.3327  0.5526
Y  0.5261  0.1744 -0.8324
Z -0.3734  0.9267 -0.0417

PART 25
OFFSET  16.3388  4.5010 -11.0463
X  0.7653  0.5215  0.3774
Y  0.2358  0.3184 -0.9181
Z -0.5990  0.7916  0.1207

PART 26
OFFSET  17.5629  4.5924 -11.8674
X  0.9099  0.2685  0.3163
Y -0.2559 -0.2368  0.9372
Z  0.3265 -0.9337 -0.1468

PART 27
OFFSET  19.1649  5.0651 -11.3105
X  0.7123  0.1102  0.6932
Y -0.6164 -0.3742  0.6929
Z  0.3357 -0.9208 -0.1986

PART 28
OFFSET  20.0104  5.2550 -10.4557
X  0.2519  0.0695  0.9653
Y -0.8821 -0.3939  0.2585
Z  0.3981 -0.9165 -0.0379

PART 29
OFFSET  20.2949  5.3335 -9.3655
X  0.8263  0.0751 -0.5583
Y -0.5550 -0.0608 -0.8296
Z -0.0963  0.9953 -0.0086

PART 30
OFFSET  18.2652  3.7542 -11.7110
X  0.5953  0.1521  0.7889
Y -0.7238 -0.3247  0.6088
Z  0.3487 -0.9335 -0.0832

PART 31
OFFSET  19.4283  4.0513 -10.1697
X -0.3548 -0.2187  0.9090
Y -0.8810 -0.2472 -0.4033
Z  0.3129 -0.9440 -0.1050

PART 32
OFFSET  18.9101  3.7318 -8.8420
X -0.8802 -0.3121  0.3577
Y -0.3864  0.0335 -0.9217
Z  0.2756 -0.9495 -0.1501

PART 33
OFFSET  17.9154  3.3716 -8.4373
X  0.9041  0.2786  0.3241
Y  0.2906  0.1551 -0.9442
Z -0.3133  0.9478  0.0593

PART 34
OFFSET  17.5609  2.6860 -10.1251
X  0.4356 -0.8989 -0.0476
Y  0.0684  0.0858 -0.9940
Z  0.8975  0.4298  0.0988

PART 35
OFFSET  11.8129 -3.8896 -7.8836
X  0.6159  0.7479 -0.2479
Y -0.7014  0.3771 -0.6048
Z -0.3588  0.5463  0.7568

PART 36
OFFSET  11.8129 -3.8896 -7.8836
X  0.6159  0.7479 -0.2479
Y -0.7014  0.3771 -0.6048
Z -0.3588  0.5463  0.7568

PART 37
OFFSET  10.6620 -2.4711 -5.6915
X  0.6159  0.7479 -0.2479
Y -0.7014  0.3771 -0.6048
Z -0.3588  0.5463  0.7568

PART 38
OFFSET  11.6426 -1.3140 -6.1071
X  0.6159  0.7479 -0.2479
Y -0.7014  0.3771 -0.6048
Z -0.3588  0.5463  0.7568

PART 39
OFFSET  15.3915 -0.9182 -10.1820
X  0.6159  0.7479 -0.2479
Y -0.7014  0.3771 -0.6048
Z -0.3588  0.5463  0.7568

PART 40
OFFSET  13.8074 -2.9221 -9.5932
X  0.6159  0.7479 -0.2479
Y -0.7014  0.3771 -0.6048
Z -0.3588  0.5463  0.7568

PART 41
OFFSET  12.1282 -4.0014 -8.3190
X  0.6159  0.7479 -0.2479
Y -0.7014  0.3771 -0.6048
Z -0.3588  0.5463  0.7568

PART 42
OFFSET  25.9116  10.9175 -13.0403
X -0.6615  0.6617  0.3530
Y -0.4280  0.0534 -0.9022
Z -0.6159 -0.7479  0.2479

PART 43
OFFSET  24.2452  11.8135 -14.4773
X  0.0399  0.2846  0.9578
Y -0.7868  0.5998 -0.1454
Z -0.6159 -0.7479  0.2479

PART 44
OFFSET  15.7083  6.6967 -5.7956
X  0.2910 -0.6231 -0.7260
Y -0.7014  0.3771 -0.6048
Z  0.6507  0.6852 -0.3273

PART 45
OFFSET  8.1838 -2.6071 -2.8711
X -0.6916 -0.1546  0.7056
Y -0.7014  0.3771 -0.6048
Z -0.1726 -0.9132 -0.3692

PART 46
OFFSET -3.5060 -7.9373 -3.1869
X -0.3845  0.1213  0.9151
Y -0.5264 -0.8432 -0.1094
Z  0.7584 -0.5237  0.3880

PART 47
OFFSET  1.1435 -9.4044 -14.2545
X -0.8023 -0.0088 -0.5969
Y  0.5933 -0.1228 -0.7956
Z -0.0663 -0.9924  0.1037

PART 48
OFFSET  7.9670 -9.3294 -9.1775
X -0.8023 -0.0088 -0.5969
Y  0.5970 -0.0090 -0.8022
Z  0.0017 -0.9999  0.0125

PART 49
OFFSET  8.7579 -8.0899 -7.8494
X -0.8056 -0.0054 -0.5924
Y  0.0600  0.9941 -0.0906
Z  0.5894 -0.1085 -0.8005

PART 50
OFFSET  8.4566 -8.5706 -6.7939
X -0.8056 -0.0054 -0.5924
Y  0.0600  0.9941 -0.0906
Z  0.5894 -0.1085 -0.8005

PART 51
OFFSET  8.5766 -9.9107 -6.7687
X -0.8056 -0.0054 -0.5924
Y  0.0600  0.9941 -0.0906
Z  0.5894 -0.1085 -0.8005

PART 52
OFFSET  10.4265 -9.3023 -7.3475
X -0.5854 -0.7878  0.1914
Y  0.3985 -0.4852 -0.7783
Z  0.7060 -0.3794  0.5980

PART 53
OFFSET  10.0154 -8.3240 -6.9280
X  0.4065 -0.8116  0.4195
Y  0.8106  0.1086 -0.5754
Z  0.4215  0.5740  0.7020

PART 54
OFFSET  9.0337 -6.6153 -7.8150
X -0.4052 -0.7627  0.5040
Y  0.8773 -0.4795 -0.0202
Z  0.2570  0.4340  0.8635

PART 55
OFFSET  9.7115 -5.4612 -8.7265
X -0.8072 -0.2556  0.5321
Y  0.4664 -0.8287  0.3095
Z  0.3618  0.4980  0.7881

PART 56
OFFSET  10.5599 -5.1935 -9.3432
X -0.7321 -0.6793 -0.0497
Y  0.0517  0.0173 -0.9985
Z  0.6792 -0.7336  0.0225

PART 57
OFFSET  11.2059 -9.0785 -8.4637
X -0.6622 -0.5217  0.5379
Y  0.7349 -0.3119  0.6021
Z -0.1463  0.7941  0.5900

PART 58
OFFSET  12.5822 -7.7524 -9.6603
X  0.4041 -0.6080  0.6834
Y  0.9011  0.3928 -0.1834
Z -0.1569  0.6899  0.7067

PART 59
OFFSET  12.0101 -6.8916 -10.6278
X  0.9755 -0.0140  0.2197
Y  0.1529  0.7610 -0.6305
Z -0.1584  0.6486  0.7445

PART 60
OFFSET  11.1452 -6.8792 -10.8225
X  0.6853  0.5862 -0.4321
Y -0.7112  0.4112 -0.5702
Z -0.1566  0.6980  0.6987

PART 61
OFFSET  10.4941 -7.4361 -10.4121
X -0.0551 -0.8075  0.5873
Y -0.9977  0.0214 -0.0641
Z  0.0392 -0.5895 -0.8068

PART 62
OFFSET  11.1684 -8.6358 -7.9050
X -0.6617 -0.6410  0.3889
Y  0.6997 -0.3415  0.6275
Z -0.2694  0.6873  0.6745

PART 63
OFFSET  12.9411 -7.0817 -9.0008
X  0.4642 -0.5520  0.6927
Y  0.8585  0.4727 -0.1986
Z -0.2179  0.6869  0.6933

PART 64
OFFSET  12.1509 -6.1419 -10.1802
X  0.9759  0.1089  0.1891
Y  0.0486  0.7362 -0.6750
Z -0.2127  0.6680  0.7131

PART 65
OFFSET  10.7984 -6.2928 -10.4422
X  0.4841  0.7080 -0.5143
Y -0.8472  0.2322 -0.4778
Z -0.2188  0.6670  0.7122

PART 66
OFFSET  10.2734 -7.0606 -9.8845
X  0.0766 -0.6799  0.7293
Y -0.9614 -0.2444 -0.1268
Z  0.2645 -0.6914 -0.6723

PART 67
OFFSET  8.0315 -12.3743 -5.5723
X -0.4316 -0.7529  0.4969
Y -0.8296  0.1148 -0.5465
Z  0.3544 -0.6480 -0.6741

PART 68
OFFSET  12.6695 -6.0076 -7.2839
X -0.4222 -0.8929  0.1564
Y  0.7857 -0.2744  0.5544
Z -0.4521  0.3569  0.8174

PART 69
OFFSET  13.4128 -4.4355 -7.5593
X  0.6029 -0.5041  0.6184
Y  0.6281  0.7779  0.0217
Z -0.4920  0.3753  0.7856

PART 70
OFFSET  12.6499 -3.7999 -8.2634
X  0.8860  0.0075  0.4637
Y  0.1584  0.9349 -0.3177
Z -0.4359  0.3549  0.8271

PART 71
OFFSET  11.6492 -3.8083 -8.7871
X -0.5540 -0.7465  0.3685
Y -0.7314  0.2251 -0.6437
Z  0.3976 -0.6261 -0.6707

PART 72
OFFSET  12.9127 -6.5500 -8.2152
X  0.5814 -0.5090  0.6347
Y  0.7212  0.6835 -0.1126
Z -0.3765  0.5232  0.7645

PART 73
OFFSET  11.7768 -5.5557 -9.4552
X  0.9143  0.3350  0.2276
Y -0.1206  0.7617 -0.6365
Z -0.3866  0.5545  0.7369

PART 74
OFFSET  10.4414 -6.0450 -9.7877
X  0.4138  0.8038 -0.4274
Y -0.8095  0.1100 -0.5767
Z -0.4166  0.5846  0.6962

PART 75
OFFSET  9.9751 -6.9594 -9.3089
X  0.2264 -0.7240  0.6516
Y -0.9144 -0.3884 -0.1139
Z  0.3355 -0.5700 -0.7500

PART 76
OFFSET  0.0000 -0.0000 -0.0000
X  1.0000 -0.0000  0.0000
Y  0.0000  1.0000  0.0000
Z  0.0000 -0.0000  1.0000

PART 77
OFFSET  0.0000 -0.0000 -0.0000
X  1.0000 -0.0000  0.0000
Y  0.0000  1.0000  0.0000
Z  0.0000 -0.0000  1.0000

PART 78
OFFSET  1.5404 -0.0000  4.1357
X  1.0000 -0.0000  0.0000
Y  0.0000  1.0000  0.0000
Z  0.0000 -0.0000  1.0000


FRAME 232
PART 0
OFFSET  0.0000 -0.0000 -0.0000
X  1.0000 -0.0000  0.0000
Y  0.0000  1.0000  0.0000
Z  0.0000 -0.0000  1.0000

PART 1
OFFSET -4.6318 -0.0000 -1.3770
X  1.0000 -0.0000  0.0000
Y  0.0000  1.0000  0.0000
Z  0.0000 -0.0000  1.0000

PART 2
OFFSET -1.2815  5.8385 -7.1997
X  0.6768  0.1361 -0.7235
Y  0.0095 -0.9843 -0.1764
Z -0.7361  0.1125 -0.6675

PART 3
OFFSET  6.9038  7.4850 -15.9490
X  0.7354 -0.5701  0.3662
Y -0.5695 -0.2274  0.7899
Z -0.3671 -0.7895 -0.4920

PART 4
OFFSET  13.1591  2.6358 -12.8347
X  0.7354 -0.5701  0.3662
Y  0.5705  0.8126  0.1193
Z -0.3655  0.1212  0.9229

PART 5
OFFSET  15.2705  3.3425 -12.1625
X  0.7398 -0.5666  0.3628
Y  0.3731  0.7942  0.4795
Z -0.5598 -0.2194  0.7990

PART 6
OFFSET  14.3520  1.7666 -13.8144
X  0.7398 -0.5666  0.3628
Y  0.3731  0.7942  0.4795
Z -0.5598 -0.2194  0.7990

PART 7
OFFSET  13.9061  2.2096 -9.7452
X  0.7398 -0.5666  0.3628
Y  0.3731  0.7942  0.4795
Z -0.5598 -0.2194  0.7990

PART 8
OFFSET  13.3339  0.7855 -11.0903
X  0.7398 -0.5666  0.3628
Y  0.3731  0.7942  0.4795
Z -0.5598 -0.2194  0.7990

PART 9
OFFSET  13.3753  0.7440 -12.2871
X  0.7398 -0.5666  0.3628
Y  0.3731  0.7942  0.4795
Z -0.5598 -0.2194  0.7990

PART 10
OFFSET  15.4137  0.8880 -11.7122
X  0.6873  0.7169  0.1167
Y -0.7234  0.6901  0.0210
Z -0.0655 -0.0989  0.9929

PART 11
OFFSET  14.9979  1.8359 -11.2318
X  0.4070  0.8638  0.2968
Y -0.7858  0.4968 -0.3684
Z -0.4657 -0.0833  0.8810

PART 12
OFFSET  15.7719  3.7449 -10.5789
X  0.7628  0.6345  0.1243
Y -0.6237  0.7728 -0.1175
Z -0.1706  0.0121  0.9853

PART 13
OFFSET  17.0215  4.7245 -10.2609
X  0.5243  0.8466  0.0916
Y -0.8091  0.5288 -0.2564
Z -0.2655  0.0603  0.9622

PART 14
OFFSET  17.5625  5.6518 -10.1221
X  0.3909  0.6952 -0.6033
Y  0.1411 -0.6929 -0.7071
Z -0.9096  0.1912 -0.3689

PART 15
OFFSET  16.7567  0.7358 -11.4352
X  0.8408  0.1426  0.5223
Y -0.5196 -0.0583  0.8524
Z  0.1520 -0.9881  0.0250

PART 16
OFFSET  18.5599  1.1929 -10.1609
X -0.1679  0.1335  0.9767
Y -0.9377 -0.3275 -0.1164
Z  0.3043 -0.9354  0.1802

PART 17
OFFSET  18.3222  1.3819 -8.7780
X -0.8764 -0.1920  0.4417
Y -0.3614 -0.3439 -0.8667
Z  0.3183 -0.9192  0.2319

PART 18
OFFSET  17.5452  1.2117 -8.3865
X -0.9142 -0.3349 -0.2282
Y  0.2709 -0.0863 -0.9587
Z  0.3014 -0.9383  0.1696

PART 19
OFFSET  16.6766  0.8935 -8.6032
X  0.4856  0.4460  0.7518
Y  0.8309  0.0318 -0.5555
Z -0.2717  0.8945 -0.3552

PART 20
OFFSET  16.4362  1.3659 -11.5343
X  0.8758  0.4698  0.1106
Y -0.0477 -0.1437  0.9885
Z  0.4802 -0.8710 -0.1034

PART 21
OFFSET  18.7210  2.3486 -10.7775
X  0.0693  0.1017  0.9924
Y -0.9264 -0.3625  0.1018
Z  0.3701 -0.9264  0.0691

PART 22
OFFSET  18.8389  2.5216 -9.0879
X -0.7553 -0.2493  0.6061
Y -0.5342 -0.3015 -0.7897
Z  0.3796 -0.9203  0.0946

PART 23
OFFSET  17.7921  2.1762 -8.2479
X -0.9230 -0.3841  0.0227
Y  0.0141 -0.0928 -0.9956
Z  0.3845 -0.9186  0.0911

PART 24
OFFSET  16.7910  1.7596 -8.2232
X  0.7671  0.3226  0.5546
Y  0.5240  0.1837 -0.8317
Z -0.3701  0.9286 -0.0281

PART 25
OFFSET  16.3487  4.1408 -10.7869
X  0.7684  0.5136  0.3819
Y  0.2341  0.3298 -0.9146
Z -0.5957  0.7921  0.1332

PART 26
OFFSET  17.5705  4.2388 -11.6106
X  0.9119  0.2610  0.3169
Y -0.2538 -0.2484  0.9348
Z  0.3227 -0.9328 -0.1603

PART 27
OFFSET  19.1759  4.6983 -11.0527
X  0.7149  0.0983  0.6923
Y -0.6155 -0.3812  0.6898
Z  0.3317 -0.9192 -0.2120

PART 28
OFFSET  20.0249  4.8736 -10.1982
X  0.2552  0.0557  0.9653
Y -0.8827 -0.3941  0.2561
Z  0.3947 -0.9174 -0.0515

PART 29
OFFSET  20.3132  4.9365 -9.1079
X  0.8247  0.0796 -0.5599
Y -0.5579 -0.0477 -0.8285
Z -0.0927  0.9957  0.0050

PART 30
OFFSET  18.2703  3.3960 -11.4677
X  0.5984  0.1394  0.7890
Y -0.7231 -0.3302  0.6068
Z  0.3451 -0.9336 -0.0968

PART 31
OFFSET  19.4393  3.6683 -9.9264
X -0.3526 -0.2296  0.9072
Y -0.8832 -0.2386 -0.4037
Z  0.3091 -0.9436 -0.1186

PART 32
OFFSET  18.9242  3.3329 -8.6014
X -0.8802 -0.3136  0.3563
Y -0.3892  0.0472 -0.9199
Z  0.2717 -0.9484 -0.1637

PART 33
OFFSET  17.9296  2.9710 -8.1984
X  0.9061  0.2709  0.3248
Y  0.2882  0.1667 -0.9430
Z -0.3096  0.9481  0.0729

PART 34
OFFSET  17.5671  2.3092 -9.8939
X  0.4322 -0.8997 -0.0611
Y  0.0655  0.0989 -0.9929
Z  0.8994  0.4252  0.1017

PART 35
OFFSET  11.8025 -4.2750 -7.7219
X  0.6178  0.7489 -0.2399
Y -0.7019  0.3877 -0.5975
Z -0.3544  0.5375  0.7652

PART 36
OFFSET  11.8025 -4.2750 -7.7219
X  0.6178  0.7489 -0.2399
Y -0.7019  0.3877 -0.5975
Z -0.3544  0.5375  0.7652

PART 37
OFFSET  10.6637 -2.8818 -5.5072
X  0.6178  0.7489 -0.2399
Y -0.7019  0.3877 -0.5975
Z -0.3544  0.5375  0.7652

PART 38
OFFSET  11.6472 -1.7228 -5.9106
X  0.6178  0.7489 -0.2399
Y -0.7019  0.3877 -0.5975
Z -0.3544  0.5375  0.7652

PART 39
OFFSET  15.3844 -1.2860 -9.9920
X  0.6178  0.7489 -0.2399
Y -0.7019  0.3877 -0.5975
Z -0.3544  0.5375  0.7652

PART 40
OFFSET  13.7949 -3.2920 -9.4249
X  0.6178  0.7489 -0.2399
Y -0.7019  0.3877 -0.5975
Z -0.3544  0.5375  0.7652

PART 41
OFFSET  12.1160 -4.3822 -8.1597
X  0.6178  0.7489 -0.2399
Y -0.7019  0.3877 -0.5975
Z -0.3544  0.5375  0.7652

PART 42
OFFSET  25.9383  10.5489 -12.7261
X -0.6579  0.6593  0.3640
Y -0.4307  0.0670 -0.9000
Z -0.6178 -0.7489  0.2399

PART 43
OFFSET  24.2706  11.4700 -14.1456
X  0.0440  0.2716  0.9614
Y -0.7851  0.6045 -0.1348
Z -0.6178 -0.7489  0.2399

PART 44
OFFSET  15.7430  6.2684 -5.5053
X  0.2433 -0.6579 -0.7128
Y -0.7019  0.3877 -0.5975
Z  0.6694  0.6457 -0.3675

PART 45
OFFSET  8.1941 -3.0466 -2.6809
X -0.6712 -0.0795  0.7370
Y -0.7019  0.3877 -0.5975
Z -0.2383 -0.9183 -0.3160

PART 46
OFFSET -3.5060 -7.9373 -3.1869
X -0.3843  0.1533  0.9104
Y -0.5429 -0.8351 -0.0886
Z  0.7467 -0.5283  0.4042

PART 47
OFFSET  1.1421 -9.7917 -14.1968
X -0.7999 -0.0088 -0.6000
Y  0.5938 -0.1558 -0.7894
Z -0.0865 -0.9878  0.1299

PART 48
OFFSET  7.9458 -9.7165 -9.0932
X -0.7999 -0.0088 -0.6000
Y  0.6000  0.0109 -0.8000
Z  0.0136 -0.9999 -0.0034

PART 49
OFFSET  8.7560 -8.4579 -7.7951
X -0.8032 -0.0052 -0.5957
Y  0.0802  0.9899 -0.1168
Z  0.5903 -0.1416 -0.7947

PART 50
OFFSET  8.4410 -8.9041 -6.7286
X -0.8032 -0.0052 -0.5957
Y  0.0802  0.9899 -0.1168
Z  0.5903 -0.1416 -0.7947

PART 51
OFFSET  8.5341 -10.2452 -6.6670
X -0.8032 -0.0052 -0.5957
Y  0.0802  0.9899 -0.1168
Z  0.5903 -0.1416 -0.7947

PART 52
OFFSET  10.3981 -9.6894 -7.2536
X -0.5877 -0.7882  0.1827
Y  0.3942 -0.4762 -0.7860
Z  0.7066 -0.3899  0.5905

PART 53
OFFSET  9.9919 -8.7153 -6.8198
X  0.4049 -0.8186  0.4073
Y  0.8092  0.1134 -0.5766
Z  0.4258  0.5631  0.7083

PART 54
OFFSET  9.0136 -6.9914 -7.6806
X -0.4064 -0.7679  0.4951
Y  0.8755 -0.4823 -0.0294
Z  0.2614  0.4215  0.8683

PART 55
OFFSET  9.6926 -5.8277 -8.5789
X -0.8064 -0.2598  0.5312
Y  0.4644 -0.8344  0.2969
Z  0.3661  0.4861  0.7935

PART 56
OFFSET  10.5400 -5.5548 -9.1947
X -0.7348 -0.6760 -0.0564
Y  0.0486  0.0305 -0.9984
Z  0.6766 -0.7363  0.0105

PART 57
OFFSET  11.1747 -9.4535 -8.3693
X -0.6623 -0.5265  0.5331
Y  0.7357 -0.3226  0.5955
Z -0.1416  0.7866  0.6010

PART 58
OFFSET  12.5520 -8.1165 -9.5525
X  0.4041 -0.6186  0.6739
Y  0.9020  0.3920 -0.1811
Z -0.1522  0.6810  0.7163

PART 59
OFFSET  11.9799 -7.2407 -10.5065
X  0.9761 -0.0204  0.2163
Y  0.1537  0.7688 -0.6208
Z -0.1536  0.6392  0.7536

PART 60
OFFSET  11.1144 -7.2226 -10.6983
X  0.6861  0.5895 -0.4264
Y -0.7115  0.4213 -0.5623
Z -0.1518  0.6892  0.7085

PART 61
OFFSET  10.4626 -7.7827 -10.2932
X -0.0561 -0.8150  0.5767
Y -0.9978  0.0258 -0.0606
Z  0.0345 -0.5788 -0.8147

PART 62
OFFSET  11.1406 -9.0181 -7.8046
X -0.6627 -0.6438  0.3825
Y  0.7005 -0.3524  0.6206
Z -0.2648  0.6792  0.6845

PART 63
OFFSET  12.9155 -7.4559 -8.8853
X  0.4644 -0.5629  0.6838
Y  0.8596  0.4723 -0.1950
Z -0.2131  0.6783  0.7032

PART 64
OFFSET  12.1249 -6.4976 -10.0494
X  0.9769  0.1028  0.1873
Y  0.0492  0.7450 -0.6653
Z -0.2080  0.6591  0.7227

PART 65
OFFSET  10.7710 -6.6401 -10.3090
X  0.4850  0.7130 -0.5063
Y -0.8479  0.2417 -0.4719
Z -0.2141  0.6582  0.7218

PART 66
OFFSET  10.2450 -7.4135 -9.7599
X  0.0765 -0.6899  0.7199
Y -0.9626 -0.2392 -0.1270
Z  0.2598 -0.6833 -0.6824

PART 67
OFFSET  7.9976 -12.7762 -5.5118
X -0.4327 -0.7579  0.4882
Y -0.8309  0.1251 -0.5422
Z  0.3499 -0.6402 -0.6839

PART 68
OFFSET  12.6532 -6.4039 -7.1533
X -0.4249 -0.8934  0.1458
Y  0.7865 -0.2846  0.5481
Z -0.4482  0.3476  0.8236

PART 69
OFFSET  13.4013 -4.8309 -7.4101
X  0.6031 -0.5145  0.6096
Y  0.6310  0.7752  0.0300
Z -0.4881  0.3665  0.7921

PART 70
OFFSET  12.6385 -4.1833 -8.1031
X  0.8875 -0.0019  0.4609
Y  0.1608  0.9385 -0.3057
Z -0.4319  0.3454  0.8332

PART 71
OFFSET  11.6361 -4.1811 -8.6236
X -0.5555 -0.7494  0.3603
Y -0.7327  0.2363 -0.6383
Z  0.3932 -0.6185 -0.6803

PART 72
OFFSET  12.8914 -6.9346 -8.0926
X  0.5816 -0.5195  0.6260
Y  0.7233  0.6823 -0.1058
Z -0.3722  0.5143  0.7726

PART 73
OFFSET  11.7553 -5.9198 -9.3154
X  0.9162  0.3286  0.2291
Y -0.1199  0.7706 -0.6259
Z -0.3822  0.5460  0.7455

PART 74
OFFSET  10.4170 -6.3998 -9.6501
X  0.4153  0.8080 -0.4180
Y -0.8109  0.1206 -0.5726
Z -0.4122  0.5767  0.7053

PART 75
OFFSET  9.9490 -7.3189 -9.1821
X  0.2258 -0.7335  0.6411
Y -0.9162 -0.3836 -0.1161
Z  0.3311 -0.5612 -0.7586

PART 76
OFFSET  0.0000 -0.0000 -0.0000
X  1.0000 -0.0000  0.0000
Y  0.0000  1.0000  0.0000
Z  0.0000 -0.0000  1.0000

PART 77
OFFSET  0.0000 -0.0000 -0.0000
X  1.0000 -0.0000  0.0000
Y  0.0000  1.0000  0.0000
Z  0.0000 -0.0000  1.0000

PART 78
OFFSET  1.5404 -0.0000  4.1357
X  1.0000 -0.0000  0.0000
Y  0.0000  1.0000  0.0000
Z  0.0000 -0.0000  1.0000


FRAME 233
PART 0
OFFSET  0.0000 -0.0000 -0.0000
X  1.0000 -0.0000  0.0000
Y  0.0000  1.0000  0.0000
Z  0.0000 -0.0000  1.0000

PART 1
OFFSET -4.6318 -0.0000 -1.3770
X  1.0000 -0.0000  0.0000
Y  0.0000  1.0000  0.0000
Z  0.0000 -0.0000  1.0000

PART 2
OFFSET -1.2815  5.8385 -7.1997
X  0.6955  0.1266 -0.7073
Y -0.0125 -0.9821 -0.1880
Z -0.7184  0.1396 -0.6814

PART 3
OFFSET  7.1294  7.3694 -15.7539
X  0.7160 -0.5921  0.3698
Y -0.5876 -0.2251  0.7772
Z -0.3769 -0.7738 -0.5091

PART 4
OFFSET  13.2192  2.3332 -12.6084
X  0.7160 -0.5921  0.3698
Y  0.5925  0.7956  0.1267
Z -0.3692  0.1284  0.9204

PART 5
OFFSET  15.3349  2.9812 -11.8920
X  0.7205 -0.5886  0.3666
Y  0.3833  0.7786  0.4968
Z -0.5779 -0.2175  0.7866

PART 6
OFFSET  14.4078  1.4503 -13.5810
X  0.7205 -0.5886  0.3666
Y  0.3833  0.7786  0.4968
Z -0.5779 -0.2175  0.7866

PART 7
OFFSET  13.9051  1.8467 -9.5136
X  0.7205 -0.5886  0.3666
Y  0.3833  0.7786  0.4968
Z -0.5779 -0.2175  0.7866

PART 8
OFFSET  13.3225  0.4551 -10.8881
X  0.7205 -0.5886  0.3666
Y  0.3833  0.7786  0.4968
Z -0.5779 -0.2175  0.7866

PART 9
OFFSET  13.3828  0.4294 -12.0845
X  0.7205 -0.5886  0.3666
Y  0.3833  0.7786  0.4968
Z -0.5779 -0.2175  0.7866

PART 10
OFFSET  15.4142  0.5180 -11.4746
X  0.6944  0.7088  0.1238
Y -0.7169  0.6963  0.0342
Z -0.0620 -0.1125  0.9917

PART 11
OFFSET  15.0093  1.4626 -10.9787
X  0.4163  0.8557  0.3073
Y -0.7828  0.5093 -0.3576
Z -0.4625 -0.0917  0.8819

PART 12
OFFSET  15.8038  3.3549 -10.3022
X  0.7692  0.6256  0.1299
Y -0.6170  0.7801 -0.1035
Z -0.1661 -0.0005  0.9861

PART 13
OFFSET  17.0638  4.3183 -9.9759
X  0.5325  0.8403  0.1013
Y -0.8053  0.5398 -0.2451
Z -0.2607  0.0489  0.9642

PART 14
OFFSET  17.6140  5.2385 -9.8264
X  0.3946  0.7001 -0.5951
Y  0.1315 -0.6840 -0.7176
Z -0.9094  0.2049 -0.3619

PART 15
OFFSET  16.7569  0.3495 -11.2060
X  0.8444  0.1273  0.5204
Y -0.5163 -0.0658  0.8539
Z  0.1430 -0.9897  0.0102

PART 16
OFFSET  18.5699  0.7716 -9.9336
X -0.1623  0.1210  0.9793
Y -0.9412 -0.3172 -0.1168
Z  0.2965 -0.9406  0.1654

PART 17
OFFSET  18.3402  0.9430 -8.5471
X -0.8761 -0.1903  0.4429
Y -0.3685 -0.3280 -0.8698
Z  0.3108 -0.9253  0.2173

PART 18
OFFSET  17.5634  0.7742 -8.1544
X -0.9183 -0.3232 -0.2287
Y  0.2658 -0.0750 -0.9611
Z  0.2934 -0.9434  0.1548

PART 19
OFFSET  16.6910  0.4672 -8.3717
X  0.4931  0.4307  0.7559
Y  0.8287  0.0321 -0.5588
Z -0.2650  0.9019 -0.3411

PART 20
OFFSET  16.4418  0.9838 -11.2946
X  0.8806  0.4600  0.1133
Y -0.0446 -0.1575  0.9865
Z  0.4717 -0.8738 -0.1181

PART 21
OFFSET  18.7389  1.9345 -10.5343
X  0.0746  0.0867  0.9934
Y -0.9293 -0.3554  0.1009
Z  0.3618 -0.9307  0.0541

PART 22
OFFSET  18.8660  2.0822 -8.8430
X -0.7549 -0.2510  0.6060
Y -0.5405 -0.2852 -0.7915
Z  0.3715 -0.9250  0.0796

PART 23
OFFSET  17.8198  1.7343 -8.0032
X -0.9264 -0.3759  0.0215
Y  0.0088 -0.0786 -0.9969
Z  0.3764 -0.9233  0.0761

PART 24
OFFSET  16.8151  1.3266 -7.9799
X  0.7725  0.3075  0.5556
Y  0.5220  0.1908 -0.8314
Z -0.3616  0.9322 -0.0131

PART 25
OFFSET  16.3833  3.7485 -10.5071
X  0.7748  0.5010  0.3856
Y  0.2330  0.3407 -0.9108
Z -0.5877  0.7955  0.1473

PART 26
OFFSET  17.6023  3.8470 -11.3350
X  0.9156  0.2480  0.3164
Y -0.2519 -0.2595  0.9323
Z  0.3133 -0.9334 -0.1752

PART 27
OFFSET  19.2144  4.2836 -10.7779
X  0.7189  0.0818  0.6903
Y -0.6159 -0.3854  0.6871
Z  0.3222 -0.9191 -0.2267

PART 28
OFFSET  20.0688  4.4389 -9.9250
X  0.2600  0.0394  0.9648
Y -0.8851 -0.3896  0.2545
Z  0.3859 -0.9201 -0.0664

PART 29
OFFSET  20.3625  4.4834 -8.8352
X  0.8229  0.0801 -0.5625
Y -0.5620 -0.0307 -0.8266
Z -0.0835  0.9963  0.0197

PART 30
OFFSET  18.2949  2.9958 -11.2074
X  0.6032  0.1225  0.7881
Y -0.7234 -0.3322  0.6053
Z  0.3360 -0.9352 -0.1118

PART 31
OFFSET  19.4733  3.2352 -9.6678
X -0.3507 -0.2393  0.9054
Y -0.8872 -0.2247 -0.4030
Z  0.2999 -0.9446 -0.1335

PART 32
OFFSET  18.9610  2.8856 -8.3453
X -0.8814 -0.3106  0.3558
Y -0.3929  0.0640 -0.9173
Z  0.2622 -0.9484 -0.1785

PART 33
OFFSET  17.9649  2.5270 -7.9429
X  0.9101  0.2579  0.3245
Y  0.2855  0.1776 -0.9418
Z -0.3005  0.9497  0.0880

PART 34
OFFSET  17.5888  1.8931 -9.6461
X  0.4236 -0.9027 -0.0759
Y  0.0620  0.1125 -0.9917
Z  0.9037  0.4154  0.1036

PART 35
OFFSET  11.7732 -4.6685 -7.5421
X  0.6236  0.7465 -0.2319
Y -0.7010  0.4027 -0.5886
Z -0.3460  0.5296  0.7744

PART 36
OFFSET  11.7732 -4.6685 -7.5421
X  0.6236  0.7465 -0.2319
Y -0.7010  0.4027 -0.5886
Z -0.3460  0.5296  0.7744

PART 37
OFFSET  10.6573 -3.2968 -5.3025
X  0.6236  0.7465 -0.2319
Y -0.7010  0.4027 -0.5886
Z -0.3460  0.5296  0.7744

PART 38
OFFSET  11.6497 -2.1412 -5.6937
X  0.6236  0.7465 -0.2319
Y -0.7010  0.4027 -0.5886
Z -0.3460  0.5296  0.7744

PART 39
OFFSET  15.3725 -1.6802 -9.7856
X  0.6236  0.7465 -0.2319
Y -0.7010  0.4027 -0.5886
Z -0.3460  0.5296  0.7744

PART 40
OFFSET  13.7670 -3.6794 -9.2400
X  0.6236  0.7465 -0.2319
Y -0.7010  0.4027 -0.5886
Z -0.3460  0.5296  0.7744

PART 41
OFFSET  12.0837 -4.7722 -7.9829
X  0.6236  0.7465 -0.2319
Y -0.7010  0.4027 -0.5886
Z -0.3460  0.5296  0.7744

PART 42
OFFSET  26.0231  10.0953 -12.3985
X -0.6502  0.6600  0.3764
Y -0.4341  0.0839 -0.8970
Z -0.6236 -0.7465  0.2319

PART 43
OFFSET  24.3577  11.0520 -13.7969
X  0.0508  0.2573  0.9650
Y -0.7801  0.6136 -0.1225
Z -0.6236 -0.7465  0.2319

PART 44
OFFSET  15.8210  5.8053 -5.1928
X  0.1777 -0.7006 -0.6910
Y -0.7010  0.4027 -0.5886
Z  0.6907  0.5890 -0.4196

PART 45
OFFSET  8.1990 -3.4795 -2.4674
X -0.6370  0.0177  0.7707
Y -0.7010  0.4027 -0.5886
Z -0.3207 -0.9152 -0.2441

PART 46
OFFSET -3.5060 -7.9373 -3.1869
X -0.3812  0.1859  0.9056
Y -0.5602 -0.8257 -0.0663
Z  0.7354 -0.5326  0.4188

PART 47
OFFSET  1.1037 -10.1851 -14.1395
X -0.7966 -0.0094 -0.6045
Y  0.5950 -0.1893 -0.7811
Z -0.1071 -0.9819  0.1564

PART 48
OFFSET  7.8788 -10.1048 -8.9981
X -0.7966 -0.0094 -0.6045
Y  0.6039  0.0324 -0.7964
Z  0.0271 -0.9994 -0.0201

PART 49
OFFSET  8.7070 -8.8273 -7.7302
X -0.7998 -0.0056 -0.6002
Y  0.1008  0.9845 -0.1435
Z  0.5917 -0.1753 -0.7868

PART 50
OFFSET  8.3771 -9.2374 -6.6538
X -0.7998 -0.0056 -0.6002
Y  0.1008  0.9845 -0.1435
Z  0.5917 -0.1753 -0.7868

PART 51
OFFSET  8.4429 -10.5779 -6.5548
X -0.7998 -0.0056 -0.6002
Y  0.1008  0.9845 -0.1435
Z  0.5917 -0.1753 -0.7868

PART 52
OFFSET  10.3209 -10.0759 -7.1450
X -0.5941 -0.7853  0.1741
Y  0.3863 -0.4684 -0.7946
Z  0.7056 -0.4048  0.5816

PART 53
OFFSET  9.9257 -9.1044 -6.6953
X  0.3992 -0.8281  0.3937
Y  0.8076  0.1142 -0.5786
Z  0.4342  0.5489  0.7143

PART 54
OFFSET  8.9595 -7.3594 -7.5269
X -0.4113 -0.7712  0.4859
Y  0.8709 -0.4898 -0.0404
Z  0.2692  0.4065  0.8731

PART 55
OFFSET  9.6453 -6.1892 -8.4115
X -0.8064 -0.2600  0.5312
Y  0.4580 -0.8428  0.2828
Z  0.3742  0.4713  0.7987

PART 56
OFFSET  10.4924 -5.9153 -9.0272
X -0.7412 -0.6683 -0.0627
Y  0.0444  0.0443 -0.9980
Z  0.6698 -0.7426 -0.0032

PART 57
OFFSET  11.0946 -9.8311 -8.2607
X -0.6648 -0.5280  0.5285
Y  0.7354 -0.3379  0.5874
Z -0.1316  0.7792  0.6128

PART 58
OFFSET  12.4789 -8.4899 -9.4310
X  0.4014 -0.6319  0.6631
Y  0.9047  0.3863 -0.1796
Z -0.1426  0.6720  0.7267

PART 59
OFFSET  11.9107 -7.5953 -10.3697
X  0.9768 -0.0325  0.2115
Y  0.1580  0.7762 -0.6104
Z -0.1443  0.6297  0.7634

PART 60
OFFSET  11.0446 -7.5665 -10.5572
X  0.6896  0.5892 -0.4211
Y -0.7101  0.4359 -0.5529
Z -0.1423  0.6803  0.7190

PART 61
OFFSET  10.3895 -8.1263 -10.1572
X -0.0611 -0.8227  0.5652
Y -0.9978  0.0359 -0.0556
Z  0.0255 -0.5674 -0.8231

PART 62
OFFSET  11.0671 -9.4036 -7.6897
X -0.6670 -0.6431  0.3763
Y  0.7000 -0.3677  0.6123
Z -0.2554  0.6717  0.6954

PART 63
OFFSET  12.8515 -7.8424 -8.7561
X  0.4622 -0.5769  0.6735
Y  0.8631  0.4671 -0.1922
Z -0.2037  0.6701  0.7138

PART 64
OFFSET  12.0646 -6.8602 -9.9027
X  0.9786  0.0911  0.1843
Y  0.0531  0.7540 -0.6548
Z -0.1986  0.6506  0.7330

PART 65
OFFSET  10.7083 -6.9866 -10.1581
X  0.4893  0.7158 -0.4983
Y -0.8477  0.2562 -0.4644
Z -0.2048  0.6497  0.7321

PART 66
OFFSET  10.1776 -7.7628 -9.6177
X  0.0733 -0.7008  0.7096
Y -0.9654 -0.2285 -0.1259
Z  0.2504 -0.6758 -0.6933

PART 67
OFFSET  7.8998 -13.1652 -5.4366
X -0.4375 -0.7609  0.4792
Y -0.8321  0.1405 -0.5365
Z  0.3409 -0.6335 -0.6946

PART 68
OFFSET  12.6067 -6.8130 -7.0080
X -0.4325 -0.8915  0.1350
Y  0.7863 -0.2997  0.5404
Z -0.4413  0.3398  0.8305

PART 69
OFFSET  13.3682 -5.2435 -7.2457
X  0.6010 -0.5287  0.5994
Y  0.6382  0.7689  0.0382
Z -0.4811  0.3596  0.7995

PART 70
OFFSET  12.6084 -4.5789 -7.9258
X  0.8895 -0.0167  0.4567
Y  0.1681  0.9412 -0.2929
Z -0.4250  0.3373  0.8400

PART 71
OFFSET  11.6037 -4.5600 -8.4416
X -0.5608 -0.7494  0.3520
Y -0.7333  0.2521 -0.6314
Z  0.3844 -0.6123 -0.6909

PART 72
OFFSET  12.8359 -7.3323 -7.9558
X  0.5796 -0.5338  0.6158
Y  0.7291  0.6771 -0.0993
Z -0.3639  0.5066  0.7816

PART 73
OFFSET  11.7036 -6.2896 -9.1588
X  0.9203  0.3169  0.2296
Y -0.1156  0.7806 -0.6142
Z -0.3738  0.5387  0.7550

PART 74
OFFSET  10.3595 -6.7524 -9.4941
X  0.4209  0.8100 -0.4082
Y -0.8123  0.1363 -0.5670
Z -0.4037  0.5703  0.7154

PART 75
OFFSET  9.8851 -7.6738 -9.0372
X  0.2219 -0.7446  0.6295
Y -0.9202 -0.3734 -0.1174
Z  0.3225 -0.5532 -0.7681

PART 76
OFFSET  0.0000 -0.0000 -0.0000
X  1.0000 -0.0000  0.0000
Y  0.0000  1.0000  0.0000
Z  0.0000 -0.0000  1.0000

PART 77
OFFSET  0.0000 -0.0000 -0.0000
X  1.0000 -0.0000  0.0000
Y  0.0000  1.0000  0.0000
Z  0.0000 -0.0000  1.0000

PART 78
OFFSET  1.5404 -0.0000  4.1357
X  1.0000 -0.0000  0.0000
Y  0.0000  1.0000  0.0000
Z  0.0000 -0.0000  1.0000


FRAME 234
PART 0
OFFSET  0.0000 -0.0000 -0.0000
X  1.0000 -0.0000  0.0000
Y  0.0000  1.0000  0.0000
Z  0.0000 -0.0000  1.0000

PART 1
