// Export filename: `C:\projects\cod\t5\xanim_export\t5_viewmodels\l96a1\l96a1_rechamber.XANIM_EXPORT`
// Source filename: `D:\projects\devanim\t5\animation_assets\viewmodels\l96a1\ViewModel_l96a1_animated.fbx`
// Export time: Sun Aug 29 22:22:23 2010

ANIMATION
VERSION 3

NUMPARTS 79
PART 0 "tag_ads"
PART 1 "tag_torso"
PART 2 "J_Shoulder_LE"
PART 3 "J_Elbow_LE"
PART 4 "J_WristTwist_LE"
PART 5 "J_Sleave_Reshape_Bottom_LE_1"
PART 6 "J_Sleave_Reshape_Bottom_LE_2"
PART 7 "J_Sleave_Reshape_Top_LE_1"
PART 8 "J_Sleave_Reshape_Top_LE_2"
PART 9 "J_Sleave_Reshape_Top_LE_3"
PART 10 "J_Wrist_LE"
PART 11 "J_Thumb_LE_0"
PART 12 "J_Thumb_LE_1"
PART 13 "J_Thumb_LE_2"
PART 14 "J_Thumb_LE_3"
PART 15 "J_PinkyPalm_LE"
PART 16 "J_Pinky_LE_0"
PART 17 "J_Pinky_LE_1"
PART 18 "J_Pinky_LE_2"
PART 19 "J_Pinky_LE_3"
PART 20 "J_RingPalm_LE"
PART 21 "J_Ring_LE_0"
PART 22 "J_Ring_LE_1"
PART 23 "J_Ring_LE_2"
PART 24 "J_Ring_LE_3"
PART 25 "J_Webbing_LE"
PART 26 "J_Index_LE_0"
PART 27 "J_Index_LE_1"
PART 28 "J_Index_LE_2"
PART 29 "J_Index_LE_3"
PART 30 "J_Mid_LE_0"
PART 31 "J_Mid_LE_1"
PART 32 "J_Mid_LE_2"
PART 33 "J_Mid_LE_3"
PART 34 "tag_knife_attach"
PART 35 "tag_weapon"
PART 36 "J_Gun"
PART 37 "tag_bolt"
PART 38 "tag_bolt_handle"
PART 39 "tag_clip"
PART 40 "tag_clip_release"
PART 41 "tag_trigger"
PART 42 "tag_bipod_right"
PART 43 "tag_bipod_left"
PART 44 "tag_backlip"
PART 45 "tag_frontlip"
PART 46 "J_Shoulder_RI"
PART 47 "J_Elbow_RI"
PART 48 "J_WristTwist_RI"
PART 49 "J_Sleave_Reshape_Top_RI_3"
PART 50 "J_Sleave_Reshape_Top_RI_2"
PART 51 "J_Sleave_Reshape_Top_RI_1"
PART 52 "J_Wrist_RI"
PART 53 "J_Thumb_RI_0"
PART 54 "J_Thumb_RI_1"
PART 55 "J_Thumb_RI_2"
PART 56 "J_Thumb_RI_3"
PART 57 "J_PinkyPalm_RI"
PART 58 "J_Pinky_RI_0"
PART 59 "J_Pinky_RI_1"
PART 60 "J_Pinky_RI_2"
PART 61 "J_Pinky_RI_3"
PART 62 "J_RingPalm_RI"
PART 63 "J_Ring_RI_0"
PART 64 "J_Ring_RI_1"
PART 65 "J_Ring_RI_2"
PART 66 "J_Ring_RI_3"
PART 67 "J_Webbing_RI"
PART 68 "J_Index_RI_0"
PART 69 "J_Index_RI_1"
PART 70 "J_Index_RI_2"
PART 71 "J_Index_RI_3"
PART 72 "J_Mid_RI_0"
PART 73 "J_Mid_RI_1"
PART 74 "J_Mid_RI_2"
PART 75 "J_Mid_RI_3"
PART 76 "tag_cambone"
PART 77 "tag_camera"
PART 78 "tag_gasmask"

FRAMERATE 30
NUMFRAMES 36

FRAME 950
PART 0
OFFSET  0.0000 -0.0000 -0.0000
X  1.0000 -0.0000  0.0000
Y  0.0000  1.0000  0.0000
Z  0.0000 -0.0000  1.0000

PART 1
OFFSET -4.6318 -0.0000 -1.3770
X  1.0000 -0.0000  0.0000
Y  0.0000  1.0000  0.0000
Z  0.0000 -0.0000  1.0000

PART 2
OFFSET -1.2815  5.8385 -7.1997
X  0.8967 -0.1569 -0.4139
Y -0.1833 -0.9828 -0.0246
Z -0.4029  0.0979 -0.9100

PART 3
OFFSET  9.5629  3.9414 -12.2057
X  0.7258 -0.5678  0.3884
Y -0.5844 -0.2110  0.7836
Z -0.3630 -0.7956 -0.4850

PART 4
OFFSET  15.7358 -0.8884 -8.9025
X  0.7258 -0.5678  0.3884
Y  0.1861  0.7055  0.6838
Z -0.6623 -0.4240  0.6178

PART 5
OFFSET  17.8393 -0.1820 -8.2057
X  0.7302 -0.5644  0.3850
Y  0.3693  0.8002  0.4726
Z -0.5748 -0.2029  0.7928

PART 6
OFFSET  16.9404 -1.7805 -9.8467
X  0.7302 -0.5644  0.3850
Y  0.3693  0.8002  0.4726
Z -0.5748 -0.2029  0.7928

PART 7
OFFSET  16.4270 -1.2666 -5.7938
X  0.7302 -0.5644  0.3850
Y  0.3693  0.8002  0.4726
Z -0.5748 -0.2029  0.7928

PART 8
OFFSET  15.8699 -2.7100 -7.1246
X  0.7302 -0.5644  0.3850
Y  0.3693  0.8002  0.4726
Z -0.5748 -0.2029  0.7928

PART 9
OFFSET  15.9318 -2.7719 -8.3196
X  0.7302 -0.5644  0.3850
Y  0.3693  0.8002  0.4726
Z -0.5748 -0.2029  0.7928

PART 10
OFFSET  17.9607 -2.6293 -7.7119
X  0.9335 -0.2742  0.2310
Y  0.0648  0.7628  0.6433
Z -0.3527 -0.5856  0.7299

PART 11
OFFSET  18.2984 -2.2569 -6.6874
X  0.8272 -0.1281  0.5471
Y -0.0250  0.9643  0.2636
Z -0.5614 -0.2317  0.7944

PART 12
OFFSET  20.0497 -2.4501 -5.4362
X  0.9166 -0.3638  0.1658
Y  0.2216  0.8076  0.5465
Z -0.3327 -0.4642  0.8209

PART 13
OFFSET  21.4789 -3.1374 -5.1092
X  0.9359 -0.0945  0.3393
Y -0.0423  0.9262  0.3747
Z -0.3497 -0.3651  0.8628

PART 14
OFFSET  22.4743 -3.2406 -4.6965
X  0.9068  0.3556 -0.2265
Y -0.2622  0.0547 -0.9635
Z -0.3302  0.9330  0.1429

PART 15
OFFSET  18.6100 -3.7964 -8.0578
X  0.5009 -0.8469  0.1783
Y -0.5692 -0.1672  0.8051
Z -0.6520 -0.5047 -0.5658

PART 16
OFFSET  19.7606 -5.6463 -7.4761
X -0.2380 -0.4139  0.8787
Y -0.7966  0.6008  0.0672
Z -0.5557 -0.6839 -0.4727

PART 17
OFFSET  19.4237 -6.2324 -6.2321
X -0.7912  0.2769  0.5454
Y -0.2729  0.6382 -0.7199
Z -0.5473 -0.7184 -0.4294

PART 18
OFFSET  18.7222 -5.9869 -5.7485
X -0.7608  0.6482 -0.0306
Y  0.3327  0.3492 -0.8760
Z -0.5572 -0.6767 -0.4813

PART 19
OFFSET  17.9994 -5.3711 -5.7776
X  0.4537 -0.6171  0.6429
Y  0.6704 -0.2390 -0.7025
Z  0.5872  0.7497  0.3052

PART 20
OFFSET  18.9076 -3.2680 -7.6813
X  0.8663 -0.4987  0.0267
Y -0.3742 -0.6128  0.6961
Z -0.3308 -0.6130 -0.7175

PART 21
OFFSET  20.8735 -4.9429 -7.3839
X -0.1191 -0.6021  0.7895
Y -0.8682  0.4489  0.2114
Z -0.4817 -0.6602 -0.5762

PART 22
OFFSET  20.6707 -5.9680 -6.0398
X -0.7987  0.0714  0.5975
Y -0.3664  0.7299 -0.5770
Z -0.4774 -0.6798 -0.5568

PART 23
OFFSET  19.5638 -5.8691 -5.2117
X -0.8633  0.4854  0.1381
Y  0.1780  0.5489 -0.8167
Z -0.4722 -0.6805 -0.5603

PART 24
OFFSET  18.6275 -5.3426 -5.0619
X  0.5824 -0.7447  0.3258
Y  0.6607  0.2003 -0.7234
Z  0.4735  0.6366  0.6087

PART 25
OFFSET  20.7524 -2.5772 -5.5870
X  0.7677 -0.5684  0.2959
Y  0.6109  0.5100 -0.6055
Z  0.1932  0.6457  0.7388

PART 26
OFFSET  21.7782 -2.9047 -6.5977
X  0.6827 -0.7282  0.0595
Y -0.5670 -0.4767  0.6717
Z -0.4608 -0.4924 -0.7384

PART 27
OFFSET  22.9802 -4.1869 -6.4928
X  0.3493 -0.8773  0.3292
Y -0.8312 -0.1279  0.5411
Z -0.4326 -0.4626 -0.7739

PART 28
OFFSET  23.4311 -5.2253 -6.0457
X -0.0322 -0.7343  0.6781
Y -0.9019  0.3138  0.2970
Z -0.4308 -0.6020 -0.6723

PART 29
OFFSET  23.3948 -6.0547 -5.2798
X  0.7034 -0.2135 -0.6779
Y -0.1817  0.8681 -0.4619
Z  0.6872  0.4481  0.5718

PART 30
OFFSET  21.5450 -3.8081 -7.1893
X  0.2848 -0.8374  0.4665
Y -0.8395  0.0170  0.5431
Z -0.4627 -0.5463 -0.6981

PART 31
OFFSET  22.1014 -5.4440 -6.2780
X -0.6074 -0.3835  0.6958
Y -0.6275  0.7687 -0.1241
Z -0.4872 -0.5120 -0.7075

PART 32
OFFSET  21.2143 -6.0041 -5.2617
X -0.8641  0.2833  0.4160
Y  0.0156  0.8412 -0.5406
Z -0.5031 -0.4606 -0.7312

PART 33
OFFSET  20.2321 -5.6870 -4.7953
X  0.6848 -0.7251  0.0730
Y  0.5290  0.4257 -0.7341
Z  0.5012  0.5413  0.6751

PART 34
OFFSET  19.9193 -4.6761 -6.3200
X -0.3921 -0.6157 -0.6835
Y  0.3527  0.5856 -0.7299
Z  0.8496 -0.5272 -0.0125

PART 35
OFFSET  10.9063 -4.4801 -6.1535
X  1.0000 -0.0000  0.0000
Y  0.0000  1.0000  0.0000
Z  0.0000 -0.0000  1.0000

PART 36
OFFSET  10.9063 -4.4801 -6.1535
X  1.0000 -0.0000  0.0000
Y  0.0000  1.0000  0.0000
Z  0.0000 -0.0000  1.0000

PART 37
OFFSET  10.7149 -4.4638 -3.3065
X  1.0000 -0.0000  0.0000
Y  0.0000  1.0000  0.0000
Z  0.0000 -0.0000  1.0000

PART 38
OFFSET  12.2872 -4.4638 -3.3407
X  1.0000 -0.0000  0.0000
Y  0.0000  1.0000  0.0000
Z  0.0000 -0.0000  1.0000

PART 39
OFFSET  15.9020 -4.4794 -7.5536
X  1.0000 -0.0000  0.0000
Y  0.0000  1.0000  0.0000
Z  0.0000 -0.0000  1.0000

PART 40
OFFSET  13.2818 -4.4801 -7.6345
X  1.0000 -0.0000  0.0000
Y  0.0000  1.0000  0.0000
Z  0.0000 -0.0000  1.0000

PART 41
OFFSET  11.1247 -4.4801 -6.6572
X  1.0000 -0.0000  0.0000
Y  0.0000  1.0000  0.0000
Z  0.0000 -0.0000  1.0000

PART 42
OFFSET  31.9407 -5.6656 -7.0257
X -0.0000  0.5000  0.8660
Y  0.0000  0.8660 -0.5000
Z -1.0000  0.0000 -0.0000

PART 43
OFFSET  31.9407 -3.2898 -7.0257
X -0.0000 -0.5000  0.8660
Y  0.0000  0.8660  0.5000
Z -1.0000  0.0000 -0.0000

PART 44
OFFSET  20.7047 -4.4827 -0.1874
X -0.2300 -0.0000 -0.9732
Y -0.0000  1.0000  0.0000
Z  0.9732  0.0000 -0.2300

PART 45
OFFSET  8.3880 -4.4827 -0.3571
X -0.3786 -0.0000  0.9255
Y -0.0000  1.0000 -0.0000
Z -0.9255 -0.0000 -0.3786

PART 46
OFFSET -12.6474 -7.9373 -0.9076
X -0.6048 -0.0292  0.7959
Y -0.2822 -0.9266 -0.2484
Z  0.7447 -0.3748  0.5522

PART 47
OFFSET -5.3335 -7.5844 -10.5328
X -0.9684 -0.1479 -0.2010
Y  0.2086 -0.0381 -0.9773
Z  0.1369 -0.9883  0.0678

PART 48
OFFSET  2.9029 -6.3267 -8.8235
X -0.9684 -0.1479 -0.2010
Y  0.2067 -0.0243 -0.9781
Z  0.1398 -0.9887  0.0541

PART 49
OFFSET  3.9846 -4.9545 -7.8894
X -0.9700 -0.1449 -0.1953
Y -0.1371  0.9891 -0.0531
Z  0.2009 -0.0248 -0.9793

PART 50
OFFSET  4.2394 -5.4605 -6.8335
X -0.9700 -0.1449 -0.1953
Y -0.1371  0.9891 -0.0531
Z  0.2009 -0.0248 -0.9793

PART 51
OFFSET  4.5620 -6.7631 -6.9345
X -0.9700 -0.1449 -0.1953
Y -0.1371  0.9891 -0.0531
Z  0.2009 -0.0248 -0.9793

PART 52
OFFSET  5.8716 -5.8733 -8.2074
X -0.9971 -0.0023 -0.0755
Y  0.0755  0.0083 -0.9971
Z  0.0029 -1.0000 -0.0081

PART 53
OFFSET  6.2461 -5.4697 -7.2079
X -0.4606 -0.8450 -0.2718
Y  0.7231 -0.1796 -0.6670
Z  0.5148 -0.5037  0.6937

PART 54
OFFSET  7.1392 -3.6004 -6.5934
X -0.9449 -0.3083  0.1101
Y  0.1868 -0.7840 -0.5920
Z  0.2688 -0.5389  0.7983

PART 55
OFFSET  8.6457 -3.0891 -6.8960
X -0.8201  0.1479  0.5527
Y -0.4092 -0.8269 -0.3859
Z  0.3999 -0.5426  0.7387

PART 56
OFFSET  9.5212 -3.2102 -7.5209
X -0.9466  0.2874 -0.1460
Y  0.2923  0.5742 -0.7648
Z -0.1359 -0.7666 -0.6275

PART 57
OFFSET  6.7956 -5.6604 -9.2096
X -0.9313 -0.0577  0.3597
Y  0.0701 -0.9973  0.0216
Z  0.3575  0.0453  0.9328

PART 58
OFFSET  8.9316 -5.4019 -9.8846
X -0.3752 -0.9261  0.0400
Y  0.8942 -0.3730 -0.2475
Z  0.2441 -0.0571  0.9681

PART 59
OFFSET  9.4628 -4.0908 -9.9411
X  0.5358 -0.8223 -0.1914
Y  0.8196  0.5611 -0.1163
Z  0.2030 -0.0946  0.9746

PART 60
OFFSET  8.9877 -3.3617 -9.7714
X  0.9676  0.0017 -0.2526
Y  0.0108  0.9988  0.0484
Z  0.2524 -0.0495  0.9664

PART 61
OFFSET  8.0685 -3.3634 -9.5314
X -0.7834 -0.6211  0.0231
Y -0.5826  0.7466  0.3212
Z -0.2168  0.2381 -0.9467

PART 62
OFFSET  6.9652 -5.8051 -8.5314
X -0.9833 -0.0129  0.1816
Y  0.0200 -0.9991  0.0372
Z  0.1809  0.0402  0.9827

PART 63
OFFSET  9.4908 -5.7996 -9.1478
X -0.2986 -0.9527  0.0561
Y  0.9315 -0.3038 -0.2001
Z  0.2077 -0.0075  0.9782

PART 64
OFFSET  9.9992 -4.1776 -9.2433
X  0.6356 -0.7578 -0.1476
Y  0.7478  0.6518 -0.1261
Z  0.1918 -0.0302  0.9810

PART 65
OFFSET  9.1184 -3.1274 -9.0387
X  0.9550  0.2385 -0.1761
Y -0.2297  0.9708  0.0693
Z  0.1875 -0.0258  0.9819

PART 66
OFFSET  8.0826 -3.3861 -8.8477
X -0.6420 -0.7512  0.1530
Y -0.7434  0.6588  0.1155
Z -0.1875 -0.0396 -0.9815

PART 67
OFFSET  1.6593 -6.4257 -7.6829
X -0.9520 -0.2818  0.1195
Y -0.2895  0.9557 -0.0532
Z -0.0993 -0.0852 -0.9914

PART 68
OFFSET  9.7012 -6.2424 -7.1642
X -0.9665 -0.1352 -0.2180
Y  0.1413 -0.9899 -0.0123
Z -0.2141 -0.0427  0.9759

PART 69
OFFSET  11.4029 -6.0043 -6.7804
X -0.1589 -0.9870 -0.0238
Y  0.9631 -0.1603  0.2160
Z -0.2170  0.0115  0.9761

PART 70
OFFSET  11.5829 -4.8037 -6.6922
X  0.4363 -0.8990  0.0371
Y  0.8754  0.4336  0.2135
Z -0.2080 -0.0607  0.9762

PART 71
OFFSET  11.0901 -3.7882 -6.7341
X -0.9908 -0.1158  0.0698
Y -0.1226  0.9872 -0.1017
Z -0.0571 -0.1094 -0.9924

PART 72
OFFSET  9.6762 -6.0543 -8.2525
X -0.1799 -0.9837 -0.0063
Y  0.9832 -0.1800  0.0294
Z -0.0301 -0.0009  0.9995

PART 73
OFFSET  10.0276 -4.1326 -8.2401
X  0.7572 -0.6526  0.0272
Y  0.6532  0.7569 -0.0223
Z -0.0060  0.0346  0.9994

PART 74
OFFSET  8.9216 -3.1794 -8.2799
X  0.9619  0.2714 -0.0328
Y -0.2733  0.9581 -0.0859
Z  0.0081  0.0916  0.9958

PART 75
OFFSET  7.8320 -3.4868 -8.2498
X -0.5635 -0.8259  0.0163
Y -0.8254  0.5638  0.0297
Z -0.0338  0.0033 -0.9994

PART 76
OFFSET  0.0000 -0.0000 -0.0000
X  1.0000 -0.0000  0.0000
Y  0.0000  1.0000  0.0000
Z  0.0000 -0.0000  1.0000

PART 77
OFFSET  0.0000 -0.0000 -0.0000
X  1.0000 -0.0000  0.0000
Y  0.0000  1.0000  0.0000
Z  0.0000 -0.0000  1.0000

PART 78
OFFSET  1.5404 -0.0000  4.1357
X  1.0000 -0.0000  0.0000
Y  0.0000  1.0000  0.0000
Z  0.0000 -0.0000  1.0000


FRAME 951
PART 0
OFFSET  0.0000 -0.0000 -0.0000
X  1.0000 -0.0000  0.0000
Y  0.0000  1.0000  0.0000
Z  0.0000 -0.0000  1.0000

PART 1
OFFSET -4.6318 -0.0000 -1.3770
X  1.0000 -0.0000  0.0000
Y  0.0000  1.0000  0.0000
Z  0.0000 -0.0000  1.0000

PART 2
OFFSET -1.2815  5.8385 -7.1997
X  0.8965 -0.1568 -0.4143
Y -0.1835 -0.9827 -0.0254
Z -0.4031  0.0988 -0.9098

PART 3
OFFSET  9.5612  3.9426 -12.2100
X  0.7258 -0.5683  0.3876
Y -0.5841 -0.2116  0.7836
Z -0.3634 -0.7951 -0.4856

PART 4
OFFSET  15.7344 -0.8914 -8.9137
X  0.7258 -0.5683  0.3876
Y  0.1894  0.7067  0.6817
Z -0.6613 -0.4214  0.6205

PART 5
OFFSET  17.8383 -0.1860 -8.2170
X  0.7303 -0.5649  0.3842
Y  0.3697  0.7997  0.4731
Z -0.5745 -0.2035  0.7928

PART 6
OFFSET  16.9385 -1.7828 -9.8591
X  0.7303 -0.5649  0.3842
Y  0.3697  0.7997  0.4731
Z -0.5745 -0.2035  0.7928

PART 7
OFFSET  16.4267 -1.2725 -5.8056
X  0.7303 -0.5649  0.3842
Y  0.3697  0.7997  0.4731
Z -0.5745 -0.2035  0.7928

PART 8
OFFSET  15.8688 -2.7147 -7.1375
X  0.7303 -0.5649  0.3842
Y  0.3697  0.7997  0.4731
Z -0.5745 -0.2035  0.7928

PART 9
OFFSET  15.9302 -2.7754 -8.3326
X  0.7303 -0.5649  0.3842
Y  0.3697  0.7997  0.4731
Z -0.5745 -0.2035  0.7928

PART 10
OFFSET  17.9594 -2.6337 -7.7255
X  0.9339 -0.2741  0.2297
Y  0.0666  0.7644  0.6413
Z -0.3514 -0.5836  0.7321

PART 11
OFFSET  18.2996 -2.2590 -6.7027
X  0.8283 -0.1272  0.5457
Y -0.0239  0.9650  0.2613
Z -0.5598 -0.2294  0.7962

PART 12
OFFSET  20.0534 -2.4500 -5.4549
X  0.9168 -0.3638  0.1647
Y  0.2233  0.8088  0.5440
Z -0.3311 -0.4620  0.8228

PART 13
OFFSET  21.4831 -3.1373 -5.1293
X  0.9366 -0.0942  0.3375
Y -0.0410  0.9271  0.3725
Z -0.3480 -0.3627  0.8645

PART 14
OFFSET  22.4793 -3.2399 -4.7184
X  0.9065  0.3546 -0.2294
Y -0.2643  0.0525 -0.9630
Z -0.3294  0.9336  0.1413

PART 15
OFFSET  18.6073 -3.8021 -8.0699
X  0.5009 -0.8467  0.1793
Y -0.5675 -0.1648  0.8067
Z -0.6535 -0.5058 -0.5631

PART 16
OFFSET  19.7583 -5.6512 -7.4861
X -0.2363 -0.4116  0.8802
Y -0.7961  0.6013  0.0675
Z -0.5571 -0.6848 -0.4698

PART 17
OFFSET  19.4237 -6.2339 -6.2399
X -0.7898  0.2786  0.5464
Y -0.2741  0.6365 -0.7209
Z -0.5487 -0.7192 -0.4264

PART 18
OFFSET  18.7235 -5.9869 -5.7554
X -0.7606  0.6485 -0.0305
Y  0.3309  0.3468 -0.8776
Z -0.5586 -0.6776 -0.4784

PART 19
OFFSET  18.0009 -5.3707 -5.7844
X  0.4548 -0.6158  0.6435
Y  0.6687 -0.2411 -0.7034
Z  0.5883  0.7501  0.3021

PART 20
OFFSET  18.9060 -3.2729 -7.6954
X  0.8661 -0.4991  0.0260
Y -0.3730 -0.6108  0.6984
Z -0.3327 -0.6146 -0.7152

PART 21
OFFSET  20.8717 -4.9481 -7.3981
X -0.1177 -0.6001  0.7912
Y -0.8675  0.4499  0.2122
Z -0.4833 -0.6614 -0.5735

PART 22
OFFSET  20.6713 -5.9698 -6.0510
X -0.7973  0.0733  0.5991
Y -0.3673  0.7287 -0.5780
Z -0.4789 -0.6809 -0.5541

PART 23
OFFSET  19.5663 -5.8681 -5.2207
X -0.8628  0.4862  0.1388
Y  0.1765  0.5468 -0.8185
Z -0.4738 -0.6817 -0.5576

PART 24
OFFSET  18.6306 -5.3409 -5.0702
X  0.5828 -0.7442  0.3264
Y  0.6593  0.1981 -0.7253
Z  0.4751  0.6379  0.6061

PART 25
OFFSET  20.7558 -2.5779 -5.6068
X  0.7681 -0.5680  0.2957
Y  0.6099  0.5081 -0.6081
Z  0.1952  0.6474  0.7367

PART 26
OFFSET  21.7791 -2.9085 -6.6190
X  0.6825 -0.7284  0.0599
Y -0.5658 -0.4747  0.6742
Z -0.4627 -0.4940 -0.7361

PART 27
OFFSET  22.9808 -4.1910 -6.5135
X  0.3495 -0.8767  0.3306
Y -0.8301 -0.1261  0.5432
Z -0.4346 -0.4643 -0.7717

PART 28
OFFSET  23.4321 -5.2285 -6.0648
X -0.0311 -0.7326  0.6800
Y -0.9010  0.3150  0.2982
Z -0.4326 -0.6034 -0.6699

PART 29
OFFSET  23.3970 -6.0560 -5.2967
X  0.7018 -0.2156 -0.6789
Y -0.1822  0.8670 -0.4637
Z  0.6887  0.4492  0.5692

PART 30
OFFSET  21.5442 -3.8132 -7.2078
X  0.2854 -0.8364  0.4680
Y -0.8383  0.0188  0.5449
Z -0.4646 -0.5478 -0.6957

PART 31
OFFSET  22.1018 -5.4470 -6.2936
X -0.6060 -0.3814  0.6980
Y -0.6274  0.7687 -0.1247
Z -0.4890 -0.5135 -0.7051

PART 32
OFFSET  21.2166 -6.0041 -5.2740
X -0.8630  0.2848  0.4172
Y  0.0148  0.8398 -0.5427
Z -0.5049 -0.4622 -0.7290

PART 33
OFFSET  20.2356 -5.6854 -4.8063
X  0.6846 -0.7252  0.0733
Y  0.5276  0.4236 -0.7363
Z  0.5030  0.5428  0.6726

PART 34
OFFSET  19.9200 -4.6782 -6.3328
X -0.3939 -0.6172 -0.6811
Y  0.3514  0.5836 -0.7321
Z  0.8493 -0.5277 -0.0130

PART 35
OFFSET  10.9074 -4.4770 -6.1471
X  1.0000 -0.0005 -0.0022
Y  0.0005  1.0000 -0.0025
Z  0.0022  0.0025  1.0000

PART 36
OFFSET  10.9074 -4.4770 -6.1471
X  1.0000 -0.0005 -0.0022
Y  0.0005  1.0000 -0.0025
Z  0.0022  0.0025  1.0000

PART 37
OFFSET  10.7223 -4.4534 -3.2997
X  1.0000 -0.0005 -0.0022
Y  0.0005  1.0000 -0.0025
Z  0.0022  0.0025  1.0000

PART 38
OFFSET  12.2945 -4.4544 -3.3374
X  1.0000 -0.0005 -0.0022
Y  0.0005  1.0000 -0.0025
Z  0.0022  0.0025  1.0000

PART 39
OFFSET  15.9001 -4.4824 -7.5581
X  1.0000 -0.0005 -0.0022
Y  0.0005  1.0000 -0.0025
Z  0.0022  0.0025  1.0000

PART 40
OFFSET  13.2798 -4.4820 -7.6332
X  1.0000 -0.0005 -0.0022
Y  0.0005  1.0000 -0.0025
Z  0.0022  0.0025  1.0000

PART 41
OFFSET  11.1248 -4.4784 -6.6512
X  1.0000 -0.0005 -0.0022
Y  0.0005  1.0000 -0.0025
Z  0.0022  0.0025  1.0000

PART 42
OFFSET  31.9393 -5.6757 -7.0623
X  0.0022  0.5022  0.8648
Y -0.0006  0.8648 -0.5022
Z -1.0000  0.0005  0.0022

PART 43
OFFSET  31.9405 -3.2999 -7.0682
X  0.0016 -0.4978  0.8673
Y  0.0015  0.8673  0.4978
Z -1.0000  0.0005  0.0022

PART 44
OFFSET  20.7189 -4.4699 -0.2024
X -0.2314 -0.0023 -0.9729
Y  0.0005  1.0000 -0.0025
Z  0.9729 -0.0011 -0.2314

PART 45
OFFSET  8.4018 -4.4638 -0.3451
X -0.3775  0.0025  0.9260
Y  0.0005  1.0000 -0.0025
Z -0.9260 -0.0005 -0.3775

PART 46
OFFSET -12.6023 -7.9373 -1.0006
X -0.6029 -0.0289  0.7973
Y -0.2825 -0.9268 -0.2473
Z  0.7461 -0.3744  0.5506

PART 47
OFFSET -5.3112 -7.5873 -10.6432
X -0.9655 -0.1488 -0.2136
Y  0.2212 -0.0363 -0.9746
Z  0.1372 -0.9882  0.0679

PART 48
OFFSET  2.9010 -6.3219 -8.8264
X -0.9655 -0.1488 -0.2136
Y  0.2199 -0.0267 -0.9752
Z  0.1394 -0.9885  0.0585

PART 49
OFFSET  3.9689 -4.9499 -7.8763
X -0.9672 -0.1458 -0.2080
Y -0.1377  0.9890 -0.0533
Z  0.2135 -0.0229 -0.9767

PART 50
OFFSET  4.2107 -5.4573 -6.8180
X -0.9672 -0.1458 -0.2080
Y -0.1377  0.9890 -0.0533
Z  0.2135 -0.0229 -0.9767

PART 51
OFFSET  4.5363 -6.7593 -6.9170
X -0.9672 -0.1458 -0.2080
Y -0.1377  0.9890 -0.0533
Z  0.2135 -0.0229 -0.9767

PART 52
OFFSET  5.8610 -5.8658 -8.1716
X -0.9974 -0.0021 -0.0714
Y  0.0714  0.0059 -0.9974
Z  0.0025 -1.0000 -0.0057

PART 53
OFFSET  6.2397 -5.4599 -7.1746
X -0.4619 -0.8455 -0.2679
Y  0.7203 -0.1814 -0.6695
Z  0.5175 -0.5022  0.6928

PART 54
OFFSET  7.1358 -3.5894 -6.5683
X -0.9445 -0.3077  0.1147
Y  0.1841 -0.7855 -0.5909
Z  0.2719 -0.5370  0.7986

PART 55
OFFSET  8.6412 -3.0794 -6.8782
X -0.8178  0.1496  0.5557
Y -0.4110 -0.8276 -0.3822
Z  0.4027 -0.5410  0.7384

PART 56
OFFSET  9.5142 -3.2023 -7.5063
X -0.9471  0.2873 -0.1429
Y  0.2893  0.5722 -0.7674
Z -0.1387 -0.7681 -0.6251

PART 57
OFFSET  6.7810 -5.6557 -9.1780
X -0.9298 -0.0565  0.3636
Y  0.0699 -0.9973  0.0237
Z  0.3613  0.0474  0.9312

PART 58
OFFSET  8.9142 -5.3995 -9.8623
X -0.3753 -0.9259  0.0437
Y  0.8931 -0.3739 -0.2503
Z  0.2481 -0.0549  0.9672

PART 59
OFFSET  9.4457 -4.0887 -9.9242
X  0.5348 -0.8230 -0.1916
Y  0.8193  0.5605 -0.1210
Z  0.2069 -0.0923  0.9740

PART 60
OFFSET  8.9715 -3.3590 -9.7543
X  0.9665  0.0008 -0.2566
Y  0.0114  0.9989  0.0459
Z  0.2563 -0.0473  0.9654

PART 61
OFFSET  8.0532 -3.3598 -9.5106
X -0.7835 -0.6208  0.0278
Y -0.5810  0.7476  0.3217
Z -0.2205  0.2359 -0.9464

PART 62
OFFSET  6.9532 -5.7987 -8.5002
X -0.9826 -0.0121  0.1856
Y  0.0198 -0.9990  0.0396
Z  0.1849  0.0425  0.9818

PART 63
OFFSET  9.4763 -5.7956 -9.1269
X -0.2987 -0.9525  0.0596
Y  0.9306 -0.3046 -0.2031
Z  0.2116 -0.0052  0.9773

PART 64
OFFSET  9.9849 -4.1740 -9.2284
X  0.6347 -0.7583 -0.1484
Y  0.7475  0.6512 -0.1307
Z  0.1958 -0.0279  0.9803

PART 65
OFFSET  9.1052 -3.1229 -9.0227
X  0.9544  0.2378 -0.1806
Y -0.2291  0.9710  0.0679
Z  0.1915 -0.0235  0.9812

PART 66
OFFSET  8.0701 -3.3808 -8.8269
X -0.6417 -0.7507  0.1574
Y -0.7427  0.6594  0.1169
Z -0.1915 -0.0419 -0.9806

PART 67
OFFSET  1.6506 -6.4156 -7.6286
X -0.9516 -0.2812  0.1241
Y -0.2895  0.9556 -0.0543
Z -0.1033 -0.0876 -0.9908

PART 68
OFFSET  9.6946 -6.2336 -7.1430
X -0.9675 -0.1354 -0.2137
Y  0.1409 -0.9900 -0.0105
Z -0.2102 -0.0403  0.9768

PART 69
OFFSET  11.3980 -5.9951 -6.7667
X -0.1593 -0.9870 -0.0207
Y  0.9640 -0.1601  0.2125
Z -0.2130  0.0139  0.9769

PART 70
OFFSET  11.5787 -4.7944 -6.6822
X  0.4361 -0.8991  0.0375
Y  0.8764  0.4339  0.2089
Z -0.2041 -0.0583  0.9772

PART 71
OFFSET  11.0861 -3.7788 -6.7245
X -0.9906 -0.1153  0.0741
Y -0.1227  0.9870 -0.1036
Z -0.0612 -0.1118 -0.9919

PART 72
OFFSET  9.6653 -6.0481 -8.2317
X -0.1802 -0.9836 -0.0032
Y  0.9833 -0.1802  0.0259
Z -0.0260  0.0015  0.9997

PART 73
OFFSET  10.0173 -4.1266 -8.2254
X  0.7571 -0.6528  0.0257
Y  0.6533  0.7566 -0.0268
Z -0.0020  0.0370  0.9993

PART 74
OFFSET  8.9115 -3.1730 -8.2630
X  0.9618  0.2710 -0.0373
Y -0.2733  0.9580 -0.0871
Z  0.0122  0.0940  0.9955

PART 75
OFFSET  7.8219 -3.4800 -8.2278
X -0.5637 -0.8257  0.0206
Y -0.8251  0.5641  0.0317
Z -0.0378  0.0009 -0.9993

PART 76
OFFSET  0.0000 -0.0000 -0.0000
X  1.0000 -0.0000  0.0000
Y  0.0000  1.0000  0.0000
Z  0.0000 -0.0000  1.0000

PART 77
OFFSET -0.0000 -0.0000 -0.0000
X  1.0000 -0.0005 -0.0000
Y  0.0005  1.0000 -0.0009
Z  0.0000  0.0009  1.0000

PART 78
OFFSET  1.5404  0.0031  4.1357
X  1.0000 -0.0005 -0.0000
Y  0.0005  1.0000 -0.0009
Z  0.0000  0.0009  1.0000


FRAME 952
PART 0
OFFSET  0.0000 -0.0000 -0.0000
X  1.0000 -0.0000  0.0000
Y  0.0000  1.0000  0.0000
Z  0.0000 -0.0000  1.0000

PART 1
OFFSET -4.6318 -0.0000 -1.3770
X  1.0000 -0.0000  0.0000
Y  0.0000  1.0000  0.0000
Z  0.0000 -0.0000  1.0000

PART 2
OFFSET -1.2815  5.8385 -7.1997
X  0.8961 -0.1564 -0.4153
Y -0.1842 -0.9825 -0.0275
Z -0.4037  0.1011 -0.9093

PART 3
OFFSET  9.5562  3.9467 -12.2222
X  0.7259 -0.5697  0.3855
Y -0.5835 -0.2132  0.7837
Z -0.3643 -0.7938 -0.4871

PART 4
OFFSET  15.7300 -0.8986 -8.9435
X  0.7259 -0.5697  0.3855
Y  0.1979  0.7097  0.6762
Z -0.6588 -0.4145  0.6278

PART 5
OFFSET  17.8349 -0.1960 -8.2472
X  0.7303 -0.5662  0.3821
Y  0.3705  0.7983  0.4747
Z -0.5739 -0.2051  0.7929

PART 6
OFFSET  16.9327 -1.7884 -9.8922
X  0.7303 -0.5662  0.3821
Y  0.3705  0.7983  0.4747
Z -0.5739 -0.2051  0.7929

PART 7
OFFSET  16.4251 -1.2876 -5.8370
X  0.7303 -0.5662  0.3821
Y  0.3705  0.7983  0.4747
Z -0.5739 -0.2051  0.7929

PART 8
OFFSET  15.8651 -2.7262 -7.1718
X  0.7303 -0.5662  0.3821
Y  0.3705  0.7983  0.4747
Z -0.5739 -0.2051  0.7929

PART 9
OFFSET  15.9253 -2.7842 -8.3671
X  0.7303 -0.5662  0.3821
Y  0.3705  0.7983  0.4747
Z -0.5739 -0.2051  0.7929

PART 10
OFFSET  17.9552 -2.6450 -7.7617
X  0.9348 -0.2739  0.2259
Y  0.0715  0.7685  0.6359
Z -0.3478 -0.5783  0.7380

PART 11
OFFSET  18.3019 -2.2641 -6.7434
X  0.8314 -0.1248  0.5415
Y -0.0210  0.9667  0.2551
Z -0.5553 -0.2234  0.8010

PART 12
OFFSET  20.0629 -2.4494 -5.5047
X  0.9173 -0.3640  0.1616
Y  0.2276  0.8121  0.5373
Z -0.3269 -0.4561  0.8277

PART 13
OFFSET  21.4935 -3.1365 -5.1832
X  0.9385 -0.0933  0.3325
Y -0.0375  0.9296  0.3667
Z -0.3433 -0.3566  0.8689

PART 14
OFFSET  22.4921 -3.2379 -4.7776
X  0.9056  0.3518 -0.2371
Y -0.2699  0.0465 -0.9618
Z -0.3273  0.9349  0.1371

PART 15
OFFSET  18.5994 -3.8166 -8.1022
X  0.5008 -0.8463  0.1819
Y -0.5629 -0.1588  0.8111
Z -0.6576 -0.5086 -0.5559

PART 16
OFFSET  19.7513 -5.6634 -7.5131
X -0.2316 -0.4055  0.8843
Y -0.7949  0.6029  0.0683
Z -0.5608 -0.6871 -0.4620

PART 17
OFFSET  19.4234 -6.2375 -6.2612
X -0.7862  0.2833  0.5492
Y -0.2776  0.6322 -0.7234
Z -0.5522 -0.7212 -0.4184

PART 18
OFFSET  18.7264 -5.9863 -5.7742
X -0.7599  0.6494 -0.0303
Y  0.3262  0.3406 -0.8818
Z -0.5623 -0.6799 -0.4706

PART 19
OFFSET  18.0045 -5.3693 -5.8030
X  0.4577 -0.6122  0.6448
Y  0.6642 -0.2467 -0.7057
Z  0.5911  0.7513  0.2937

PART 20
OFFSET  18.9011 -3.2853 -7.7330
X  0.8656 -0.5002  0.0242
Y -0.3697 -0.6057  0.7046
Z -0.3378 -0.6188 -0.7092

PART 21
OFFSET  20.8662 -4.9613 -7.4364
X -0.1138 -0.5947  0.7958
Y -0.8656  0.4525  0.2144
Z -0.4876 -0.6645 -0.5663

PART 22
OFFSET  20.6725 -5.9738 -6.0814
X -0.7936  0.0784  0.6033
Y -0.3697  0.7254 -0.5806
Z -0.4832 -0.6838 -0.5467

PART 23
OFFSET  19.5725 -5.8652 -5.2453
X -0.8613  0.4883  0.1407
Y  0.1724  0.5412 -0.8231
Z -0.4780 -0.6846 -0.5503

PART 24
OFFSET  18.6385 -5.3357 -5.0927
X  0.5837 -0.7429  0.3278
Y  0.6552  0.1924 -0.7305
Z  0.4796  0.6412  0.5990

PART 25
OFFSET  20.7642 -2.5792 -5.6600
X  0.7690 -0.5672  0.2948
Y  0.6069  0.5033 -0.6151
Z  0.2005  0.6519  0.7313

PART 26
OFFSET  21.7811 -2.9179 -6.6760
X  0.6818 -0.7290  0.0606
Y -0.5624 -0.4695  0.6806
Z -0.4677 -0.4981 -0.7301

PART 27
OFFSET  22.9815 -4.2014 -6.5694
X  0.3503 -0.8750  0.3342
Y -0.8270 -0.1214  0.5490
Z -0.4398 -0.4687 -0.7661

PART 28
OFFSET  23.4341 -5.2366 -6.1165
X -0.0280 -0.7281  0.6849
Y -0.8988  0.3182  0.3015
Z -0.4374 -0.6072 -0.6633

PART 29
OFFSET  23.4024 -6.0590 -5.3428
X  0.6975 -0.2210 -0.6817
Y -0.1838  0.8643 -0.4683
Z  0.6926  0.4519  0.5622

PART 30
OFFSET  21.5414 -3.8261 -7.2576
X  0.2871 -0.8337  0.4718
Y -0.8350  0.0236  0.5497
Z -0.4694 -0.5517 -0.6894

PART 31
OFFSET  22.1022 -5.4547 -6.3360
X -0.6024 -0.3760  0.7041
Y -0.6270  0.7687 -0.1260
Z -0.4939 -0.5174 -0.6988

PART 32
OFFSET  21.2223 -6.0039 -5.3075
X -0.8601  0.2888  0.4205
Y  0.0127  0.8362 -0.5483
Z -0.5099 -0.4662 -0.7229

PART 33
OFFSET  20.2445 -5.6807 -4.8360
X  0.6840 -0.7257  0.0740
Y  0.5238  0.4180 -0.7422
Z  0.5077  0.5464  0.6661

PART 34
OFFSET  19.9212 -4.6831 -6.3672
X -0.3988 -0.6211 -0.6747
Y  0.3478  0.5783 -0.7380
Z  0.8485 -0.5290 -0.0146

PART 35
OFFSET  10.9102 -4.4680 -6.1293
X  1.0000 -0.0019 -0.0081
Y  0.0019  1.0000 -0.0091
Z  0.0081  0.0090  0.9999

PART 36
OFFSET  10.9102 -4.4680 -6.1293
X  1.0000 -0.0019 -0.0081
Y  0.0019  1.0000 -0.0091
Z  0.0081  0.0090  0.9999

PART 37
OFFSET  10.7421 -4.4256 -3.2810
X  1.0000 -0.0019 -0.0081
Y  0.0019  1.0000 -0.0091
Z  0.0081  0.0090  0.9999

PART 38
OFFSET  12.3140 -4.4289 -3.3281
X  1.0000 -0.0019 -0.0081
Y  0.0019  1.0000 -0.0091
Z  0.0081  0.0090  0.9999

PART 39
OFFSET  15.8944 -4.4896 -7.5699
X  1.0000 -0.0019 -0.0081
Y  0.0019  1.0000 -0.0091
Z  0.0081  0.0090  0.9999

PART 40
OFFSET  13.2736 -4.4860 -7.6294
X  1.0000 -0.0019 -0.0081
Y  0.0019  1.0000 -0.0091
Z  0.0081  0.0090  0.9999

PART 41
OFFSET  11.1245 -4.4730 -6.6347
X  1.0000 -0.0019 -0.0081
Y  0.0019  1.0000 -0.0091
Z  0.0081  0.0090  0.9999

PART 42
OFFSET  31.9346 -5.7023 -7.1616
X  0.0080  0.5078  0.8614
Y -0.0025  0.8615 -0.5078
Z -1.0000  0.0019  0.0081

PART 43
OFFSET  31.9390 -3.3265 -7.1831
X  0.0061 -0.4922  0.8705
Y  0.0057  0.8705  0.4921
Z -1.0000  0.0019  0.0081

PART 44
OFFSET  20.7569 -4.4358 -0.2432
X -0.2352 -0.0084 -0.9719
Y  0.0019  1.0000 -0.0091
Z  0.9719 -0.0039 -0.2352

PART 45
OFFSET  8.4392 -4.4133 -0.3128
X -0.3742  0.0091  0.9273
Y  0.0019  1.0000 -0.0091
Z -0.9273 -0.0017 -0.3742

PART 46
OFFSET -12.4814 -7.9373 -1.2500
X -0.5986 -0.0282  0.8006
Y -0.2838 -0.9271 -0.2449
Z  0.7491 -0.3738  0.5469

PART 47
OFFSET -5.2425 -7.5961 -10.9321
X -0.9587 -0.1502 -0.2417
Y  0.2490 -0.0320 -0.9680
Z  0.1376 -0.9881  0.0681

PART 48
OFFSET  2.9114 -6.3187 -8.8767
X -0.9587 -0.1502 -0.2417
Y  0.2486 -0.0292 -0.9682
Z  0.1383 -0.9882  0.0654

PART 49
OFFSET  3.9483 -4.9479 -7.8912
X -0.9605 -0.1473 -0.2361
Y -0.1385  0.9889 -0.0535
Z  0.2413 -0.0187 -0.9703

PART 50
OFFSET  4.1611 -5.4588 -6.8284
X -0.9605 -0.1473 -0.2361
Y -0.1385  0.9889 -0.0535
Z  0.2413 -0.0187 -0.9703

PART 51
OFFSET  4.4925 -6.7596 -6.9229
X -0.9605 -0.1473 -0.2361
Y -0.1385  0.9889 -0.0535
Z  0.2413 -0.0187 -0.9703

PART 52
OFFSET  5.8503 -5.8583 -8.1358
X -0.9977 -0.0020 -0.0674
Y  0.0674  0.0034 -0.9977
Z  0.0022 -1.0000 -0.0033

PART 53
OFFSET  6.2332 -5.4501 -7.1413
X -0.4633 -0.8460 -0.2639
Y  0.7175 -0.1833 -0.6720
Z  0.5201 -0.5007  0.6919

PART 54
OFFSET  7.1324 -3.5784 -6.5432
X -0.9442 -0.3071  0.1193
Y  0.1815 -0.7870 -0.5897
Z  0.2750 -0.5352  0.7987

PART 55
OFFSET  8.6367 -3.0696 -6.8604
X -0.8155  0.1512  0.5586
Y -0.4128 -0.8284 -0.3785
Z  0.4056 -0.5393  0.7380

PART 56
OFFSET  9.5070 -3.1943 -7.4918
X -0.9476  0.2873 -0.1397
Y  0.2864  0.5703 -0.7699
Z -0.1415 -0.7696 -0.6227

PART 57
OFFSET  6.7663 -5.6509 -9.1464
X -0.9284 -0.0553  0.3675
Y  0.0697 -0.9972  0.0258
Z  0.3651  0.0496  0.9297

PART 58
OFFSET  8.8968 -5.3971 -9.8400
X -0.3754 -0.9256  0.0475
Y  0.8919 -0.3748 -0.2530
Z  0.2520 -0.0526  0.9663

PART 59
OFFSET  9.4284 -4.0866 -9.9072
X  0.5337 -0.8236 -0.1918
Y  0.8189  0.5600 -0.1256
Z  0.2109 -0.0900  0.9734

PART 60
OFFSET  8.9551 -3.3563 -9.7372
X  0.9655 -0.0001 -0.2605
Y  0.0118  0.9990  0.0434
Z  0.2602 -0.0450  0.9645

PART 61
OFFSET  8.0379 -3.3562 -9.4897
X -0.7835 -0.6205  0.0325
Y -0.5795  0.7486  0.3223
Z -0.2243  0.2337 -0.9461

PART 62
OFFSET  6.9413 -5.7924 -8.4690
X -0.9818 -0.0114  0.1896
Y  0.0197 -0.9989  0.0419
Z  0.1889  0.0449  0.9810

PART 63
OFFSET  9.4618 -5.7915 -9.1059
X -0.2988 -0.9522  0.0631
Y  0.9297 -0.3054 -0.2062
Z  0.2156 -0.0029  0.9765

PART 64
OFFSET  9.9704 -4.1703 -9.2134
X  0.6339 -0.7589 -0.1491
Y  0.7472  0.6507 -0.1354
Z  0.1998 -0.0256  0.9795

PART 65
OFFSET  9.0919 -3.1185 -9.0067
X  0.9537  0.2370 -0.1850
Y -0.2285  0.9713  0.0665
Z  0.1955 -0.0211  0.9805

PART 66
OFFSET  8.0575 -3.3756 -8.8061
X -0.6412 -0.7501  0.1618
Y -0.7420  0.6599  0.1183
Z -0.1955 -0.0442 -0.9797

PART 67
OFFSET  1.6421 -6.4054 -7.5743
X -0.9512 -0.2806  0.1286
Y -0.2894  0.9556 -0.0554
Z -0.1074 -0.0900 -0.9901

PART 68
OFFSET  9.6880 -6.2248 -7.1219
X -0.9684 -0.1357 -0.2095
Y  0.1406 -0.9900 -0.0086
Z -0.2062 -0.0378  0.9778

PART 69
OFFSET  11.3930 -5.9860 -6.7531
X -0.1597 -0.9870 -0.0177
Y  0.9648 -0.1599  0.2089
Z -0.2091  0.0163  0.9778

PART 70
OFFSET  11.5744 -4.7851 -6.6722
X  0.4360 -0.8991  0.0379
Y  0.8774  0.4341  0.2043
Z -0.2001 -0.0558  0.9782

PART 71
OFFSET  11.0819 -3.7695 -6.7150
X -0.9903 -0.1149  0.0784
Y -0.1228  0.9868 -0.1055
Z -0.0653 -0.1141 -0.9913

PART 72
OFFSET  9.6543 -6.0420 -8.2109
X -0.1805 -0.9836 -0.0001
Y  0.9833 -0.1805  0.0223
Z -0.0219  0.0039  0.9998

PART 73
OFFSET  10.0070 -4.1205 -8.2107
X  0.7570 -0.6530  0.0242
Y  0.6534  0.7564 -0.0312
Z  0.0021  0.0395  0.9992

PART 74
OFFSET  8.9013 -3.1667 -8.2460
X  0.9618  0.2707 -0.0419
Y -0.2734  0.9578 -0.0883
Z  0.0162  0.0964  0.9952

PART 75
OFFSET  7.8117 -3.4733 -8.2057
X -0.5639 -0.8255  0.0249
Y -0.8248  0.5644  0.0337
Z -0.0419 -0.0015 -0.9991

PART 76
OFFSET  0.0000 -0.0000 -0.0000
X  1.0000 -0.0000  0.0000
Y  0.0000  1.0000  0.0000
Z  0.0000 -0.0000  1.0000

PART 77
OFFSET -0.0000 -0.0000 -0.0000
X  1.0000 -0.0019 -0.0000
Y  0.0019  1.0000 -0.0034
Z  0.0000  0.0034  1.0000

PART 78
OFFSET  1.5405  0.0111  4.1357
X  1.0000 -0.0019 -0.0000
Y  0.0019  1.0000 -0.0034
Z  0.0000  0.0034  1.0000


FRAME 953
PART 0
OFFSET  0.0000 -0.0000 -0.0000
X  1.0000 -0.0000  0.0000
Y  0.0000  1.0000  0.0000
Z  0.0000 -0.0000  1.0000

PART 1
OFFSET -4.6318 -0.0000 -1.3770
X  1.0000 -0.0000  0.0000
Y  0.0000  1.0000  0.0000
Z  0.0000 -0.0000  1.0000

PART 2
OFFSET -1.2815  5.8385 -7.1997
X  0.8955 -0.1558 -0.4169
Y -0.1851 -0.9822 -0.0305
Z -0.4047  0.1045 -0.9084

PART 3
OFFSET  9.5486  3.9539 -12.2414
X  0.7258 -0.5716  0.3827
Y -0.5827 -0.2153  0.7837
Z -0.3655 -0.7918 -0.4893

PART 4
OFFSET  15.7223 -0.9076 -8.9865
X  0.7258 -0.5716  0.3827
Y  0.2098  0.7138  0.6681
Z -0.6551 -0.4047  0.6381

PART 5
OFFSET  17.8286 -0.2091 -8.2904
X  0.7303 -0.5681  0.3793
Y  0.3718  0.7964  0.4769
Z -0.5731 -0.2073  0.7929

PART 6
OFFSET  16.9230 -1.7952 -9.9397
X  0.7303 -0.5681  0.3793
Y  0.3718  0.7964  0.4769
Z -0.5731 -0.2073  0.7929

PART 7
OFFSET  16.4209 -1.3075 -5.8822
X  0.7303 -0.5681  0.3793
Y  0.3718  0.7964  0.4769
Z -0.5731 -0.2073  0.7929

PART 8
OFFSET  15.8580 -2.7412 -7.2211
X  0.7303 -0.5681  0.3793
Y  0.3718  0.7964  0.4769
Z -0.5731 -0.2073  0.7929

PART 9
OFFSET  15.9167 -2.7952 -8.4166
X  0.7303 -0.5681  0.3793
Y  0.3718  0.7964  0.4769
Z -0.5731 -0.2073  0.7929

PART 10
OFFSET  17.9475 -2.6598 -7.8133
X  0.9363 -0.2737  0.2202
Y  0.0786  0.7741  0.6282
Z -0.3424 -0.5708  0.7463

PART 11
OFFSET  18.3039 -2.2703 -6.8016
X  0.8358 -0.1215  0.5354
Y -0.0169  0.9690  0.2464
Z -0.5487 -0.2150  0.8079

PART 12
OFFSET  20.0753 -2.4477 -5.5768
X  0.9179 -0.3644  0.1569
Y  0.2339  0.8165  0.5279
Z -0.3204 -0.4479  0.8347

PART 13
OFFSET  21.5074 -3.1348 -5.2615
X  0.9412 -0.0921  0.3251
Y -0.0325  0.9330  0.3585
Z -0.3363 -0.3480  0.8751

PART 14
OFFSET  22.5092 -3.2344 -4.8638
X  0.9041  0.3478 -0.2483
Y -0.2783  0.0383 -0.9597
Z -0.3243  0.9368  0.1314

PART 15
OFFSET  18.5864 -3.8357 -8.1487
X  0.5007 -0.8456  0.1852
Y -0.5560 -0.1502  0.8175
Z -0.6634 -0.5123 -0.5454

PART 16
OFFSET  19.7399 -5.6793 -7.5529
X -0.2246 -0.3969  0.8899
Y -0.7931  0.6051  0.0697
Z -0.5662 -0.6902 -0.4507

PART 17
OFFSET  19.4219 -6.2413 -6.2929
X -0.7808  0.2899  0.5535
Y -0.2827  0.6261 -0.7267
Z -0.5572 -0.7239 -0.4069

PART 18
OFFSET  18.7297 -5.9843 -5.8022
X -0.7588  0.6506 -0.0295
Y  0.3191  0.3319 -0.8877
Z -0.5678 -0.6831 -0.4594

PART 19
OFFSET  18.0088 -5.3662 -5.8302
X  0.4622 -0.6072  0.6463
Y  0.6575 -0.2544 -0.7092
Z  0.5951  0.7527  0.2816

PART 20
OFFSET  18.8924 -3.3017 -7.7870
X  0.8648 -0.5017  0.0211
Y -0.3646 -0.5985  0.7133
Z -0.3452 -0.6246 -0.7005

PART 21
OFFSET  20.8568 -4.9788 -7.4923
X -0.1079 -0.5872  0.8022
Y -0.8628  0.4562  0.2178
Z -0.4938 -0.6687 -0.5559

PART 22
OFFSET  20.6730 -5.9785 -6.1266
X -0.7882  0.0855  0.6095
Y -0.3734  0.7208 -0.5839
Z -0.4893 -0.6878 -0.5362

PART 23
OFFSET  19.5807 -5.8601 -5.2818
X -0.8591  0.4913  0.1438
Y  0.1662  0.5333 -0.8295
Z -0.4842 -0.6887 -0.5398

PART 24
OFFSET  18.6490 -5.3273 -5.1259
X  0.5851 -0.7410  0.3295
Y  0.6491  0.1844 -0.7380
Z  0.4861  0.6457  0.5889

PART 25
OFFSET  20.7749 -2.5804 -5.7371
X  0.7705 -0.5660  0.2932
Y  0.6025  0.4964 -0.6250
Z  0.2081  0.6582  0.7235

PART 26
OFFSET  21.7822 -2.9303 -6.7588
X  0.6810 -0.7298  0.0613
Y -0.5573 -0.4621  0.6898
Z -0.4751 -0.5039 -0.7214

PART 27
OFFSET  22.9811 -4.2152 -6.6509
X  0.3515 -0.8726  0.3392
Y -0.8224 -0.1147  0.5573
Z -0.4474 -0.4748 -0.7579

PART 28
OFFSET  23.4356 -5.2471 -6.1926
X -0.0234 -0.7217  0.6918
Y -0.8955  0.3227  0.3064
Z -0.4444 -0.6123 -0.6539

PART 29
OFFSET  23.4092 -6.0623 -5.4112
X  0.6910 -0.2286 -0.6857
Y -0.1863  0.8603 -0.4745
Z  0.6984  0.4556  0.5519

PART 30
OFFSET  21.5357 -3.8433 -7.3299
X  0.2896 -0.8299  0.4768
Y -0.8301  0.0303  0.5568
Z -0.4765 -0.5571 -0.6801

PART 31
OFFSET  22.1014 -5.4646 -6.3983
X -0.5969 -0.3683  0.7128
Y -0.6267  0.7688 -0.1275
Z -0.5010 -0.5228 -0.6897

PART 32
OFFSET  21.2296 -6.0026 -5.3572
X -0.8559  0.2943  0.4253
Y  0.0095  0.8311 -0.5560
Z -0.5171 -0.4718 -0.7141

PART 33
OFFSET  20.2566 -5.6732 -4.8802
X  0.6832 -0.7264  0.0746
Y  0.5181  0.4102 -0.7506
Z  0.5146  0.5515  0.6566

PART 34
OFFSET  19.9217 -4.6889 -6.4175
X -0.4059 -0.6265 -0.6654
Y  0.3424  0.5708 -0.7463
Z  0.8473 -0.5308 -0.0172

PART 35
OFFSET  10.9136 -4.4537 -6.1026
X  0.9998 -0.0040 -0.0169
Y  0.0037  0.9998 -0.0182
Z  0.0170  0.0182  0.9997

PART 36
OFFSET  10.9136 -4.4537 -6.1026
X  0.9998 -0.0040 -0.0169
Y  0.0037  0.9998 -0.0182
Z  0.0170  0.0182  0.9997

PART 37
OFFSET  10.7706 -4.3849 -3.2535
X  0.9998 -0.0040 -0.0169
Y  0.0037  0.9998 -0.0182
Z  0.0170  0.0182  0.9997

PART 38
OFFSET  12.3421 -4.3919 -3.3142
X  0.9998 -0.0040 -0.0169
Y  0.0037  0.9998 -0.0182
Z  0.0170  0.0182  0.9997

PART 39
OFFSET  15.8849 -4.4984 -7.5866
X  0.9998 -0.0040 -0.0169
Y  0.0037  0.9998 -0.0182
Z  0.0170  0.0182  0.9997

PART 40
OFFSET  13.2637 -4.4902 -7.6231
X  0.9998 -0.0040 -0.0169
Y  0.0037  0.9998 -0.0182
Z  0.0170  0.0182  0.9997

PART 41
OFFSET  11.1235 -4.4638 -6.6098
X  0.9998 -0.0040 -0.0169
Y  0.0037  0.9998 -0.0182
Z  0.0170  0.0182  0.9997

PART 42
OFFSET  31.9257 -5.7393 -7.3079
X  0.0165  0.5156  0.8566
Y -0.0053  0.8568 -0.5156
Z -0.9998  0.0040  0.0169

PART 43
OFFSET  31.9345 -3.3639 -7.3512
X  0.0128 -0.4842  0.8749
Y  0.0117  0.8750  0.4841
Z -0.9998  0.0040  0.0169

PART 44
OFFSET  20.8117 -4.3874 -0.3036
X -0.2410 -0.0168 -0.9704
Y  0.0037  0.9998 -0.0182
Z  0.9705 -0.0080 -0.2409

PART 45
OFFSET  8.4939 -4.3410 -0.2653
X -0.3693  0.0183  0.9291
Y  0.0037  0.9998 -0.0182
Z -0.9293 -0.0033 -0.3693

PART 46
OFFSET -12.3064 -7.9373 -1.6111
X -0.6053 -0.0280  0.7955
Y -0.2856 -0.9252 -0.2499
Z  0.7430 -0.3785  0.5520

PART 47
OFFSET -4.9859 -7.5988 -11.2317
X -0.9548 -0.1458 -0.2592
Y  0.2660 -0.0289 -0.9635
Z  0.1330 -0.9889  0.0664

PART 48
OFFSET  3.1347 -6.3589 -9.0271
X -0.9548 -0.1458 -0.2592
Y  0.2638 -0.0125 -0.9645
Z  0.1374 -0.9892  0.0503

PART 49
OFFSET  4.1589 -4.9959 -8.0178
X -0.9567 -0.1429 -0.2536
Y -0.1341  0.9896 -0.0518
Z  0.2584 -0.0156 -0.9659

PART 50
OFFSET  4.3510 -5.5119 -6.9535
X -0.9567 -0.1429 -0.2536
Y -0.1341  0.9896 -0.0518
Z  0.2584 -0.0156 -0.9659

PART 51
OFFSET  4.6795 -6.8135 -7.0476
X -0.9567 -0.1429 -0.2536
Y -0.1341  0.9896 -0.0518
Z  0.2584 -0.0156 -0.9659

PART 52
OFFSET  6.0617 -5.9120 -8.2325
X -0.9949  0.0027 -0.1012
Y  0.1013  0.0214 -0.9946
Z -0.0005 -0.9998 -0.0216

PART 53
OFFSET  6.4117 -5.5234 -7.2183
X -0.4615 -0.8270 -0.3209
Y  0.7405 -0.1600 -0.6527
Z  0.4885 -0.5389  0.6863

PART 54
OFFSET  7.3066 -3.6928 -6.4987
X -0.9445 -0.3246  0.0500
Y  0.2251 -0.7507 -0.6211
Z  0.2391 -0.5754  0.7821

PART 55
OFFSET  8.8181 -3.1492 -6.7041
X -0.8587  0.0839  0.5056
Y -0.3516 -0.8141 -0.4621
Z  0.3728 -0.5746  0.7286

PART 56
OFFSET  9.7356 -3.1998 -7.2763
X -0.9458  0.2632 -0.1900
Y  0.3179  0.6317 -0.7071
Z -0.0661 -0.7292 -0.6811

PART 57
OFFSET  7.0121 -5.6894 -9.2075
X -0.9405 -0.0588  0.3347
Y  0.0659 -0.9978  0.0098
Z  0.3334  0.0313  0.9423

PART 58
OFFSET  9.1657 -5.4303 -9.8236
X -0.4115 -0.9110  0.0259
Y  0.8847 -0.4061 -0.2286
Z  0.2188 -0.0711  0.9732

PART 59
OFFSET  9.7483 -4.1405 -9.8603
X  0.4841 -0.8561 -0.1808
Y  0.8571  0.5056 -0.0990
Z  0.1761 -0.1070  0.9785

PART 60
OFFSET  9.3190 -3.3814 -9.7000
X  0.9681 -0.0904 -0.2339
Y  0.1031  0.9938  0.0426
Z  0.2286 -0.0653  0.9713

PART 61
OFFSET  8.3993 -3.2955 -9.4778
X -0.8382 -0.5452  0.0117
Y -0.5162  0.8002  0.3054
Z -0.1758  0.2499 -0.9522

PART 62
OFFSET  7.1635 -5.8438 -8.5272
X -0.9877 -0.0114  0.1559
Y  0.0154 -0.9996  0.0242
Z  0.1556  0.0263  0.9875

PART 63
OFFSET  9.7042 -5.8401 -9.0781
X -0.3368 -0.9406  0.0419
Y  0.9238 -0.3387 -0.1787
Z  0.1823 -0.0215  0.9830

PART 64
OFFSET  10.2777 -4.2387 -9.1494
X  0.5871 -0.7984 -0.1339
Y  0.7924  0.6006 -0.1065
Z  0.1655 -0.0436  0.9852

PART 65
OFFSET  9.4640 -3.1322 -8.9638
X  0.9771  0.1467 -0.1542
Y -0.1387  0.9884  0.0617
Z  0.1615 -0.0389  0.9861

PART 66
OFFSET  8.4043 -3.2913 -8.7966
X -0.7134 -0.6867  0.1396
Y -0.6804  0.7265  0.0965
Z -0.1677 -0.0262 -0.9855

PART 67
OFFSET  1.8352 -6.4546 -7.8243
X -0.9558 -0.2796  0.0911
Y -0.2846  0.9575 -0.0476
Z -0.0739 -0.0715 -0.9947

PART 68
OFFSET  9.8616 -6.3104 -7.0959
X -0.9625 -0.1384 -0.2333
Y  0.1462 -0.9891 -0.0163
Z -0.2286 -0.0498  0.9723

PART 69
OFFSET  11.5563 -6.0667 -6.6851
X -0.1903 -0.9809 -0.0409
Y  0.9540 -0.1946  0.2281
Z -0.2317  0.0043  0.9728

PART 70
OFFSET  11.7735 -4.8740 -6.5762
X  0.3928 -0.9192  0.0266
Y  0.8917  0.3878  0.2336
Z -0.2250 -0.0681  0.9720

PART 71
OFFSET  11.3298 -3.8357 -6.6062
X -0.9961 -0.0699  0.0539
Y -0.0744  0.9936 -0.0853
Z -0.0476 -0.0889 -0.9949

PART 72
OFFSET  9.8655 -6.1075 -8.1819
X -0.2239 -0.9742 -0.0269
Y  0.9734 -0.2249  0.0442
Z -0.0491 -0.0162  0.9987

PART 73
OFFSET  10.3029 -4.2043 -8.1294
X  0.7067 -0.7069  0.0295
Y  0.7071  0.7071  0.0038
Z -0.0235  0.0182  0.9996

PART 74
OFFSET  9.2707 -3.1718 -8.1725
X  0.9849  0.1729 -0.0077
Y -0.1730  0.9821 -0.0738
Z -0.0052  0.0740  0.9972

PART 75
OFFSET  8.1551 -3.3675 -8.1708
X -0.6444 -0.7646 -0.0107
Y -0.7646  0.6440  0.0230
Z -0.0107  0.0230 -0.9997

PART 76
OFFSET  0.0000 -0.0000 -0.0000
X  1.0000 -0.0000  0.0000
Y  0.0000  1.0000  0.0000
Z  0.0000 -0.0000  1.0000

PART 77
OFFSET -0.0000 -0.0000 -0.0000
X  1.0000 -0.0039  0.0000
Y  0.0039  1.0000 -0.0068
Z  0.0000  0.0068  1.0000

PART 78
OFFSET  1.5405  0.0221  4.1357
X  1.0000 -0.0039  0.0000
Y  0.0039  1.0000 -0.0068
Z  0.0000  0.0068  1.0000


FRAME 954
PART 0
OFFSET  0.0000 -0.0000 -0.0000
X  1.0000 -0.0000  0.0000
Y  0.0000  1.0000  0.0000
Z  0.0000 -0.0000  1.0000

PART 1
OFFSET -4.6318 -0.0000 -1.3770
X  1.0000 -0.0000  0.0000
Y  0.0000  1.0000  0.0000
Z  0.0000 -0.0000  1.0000

PART 2
OFFSET -1.2815  5.8385 -7.1997
X  0.8947 -0.1549 -0.4190
