// Export filename: `C:\projects\cod\t5\xanim_export\t5_viewmodels\l96a1\l96a1_ads_down.XANIM_EXPORT`
// Source filename: `D:\projects\devanim\t5\animation_assets\viewmodels\l96a1\ViewModel_l96a1_animated.fbx`
// Export time: Sun Aug 29 21:43:52 2010

ANIMATION
VERSION 3

NUMPARTS 2
PART 0 "tag_view"
PART 1 "tag_torso"

FRAMERATE 30
NUMFRAMES 16

FRAME 15
PART 0
OFFSET  0.0000 -0.0000 -0.0000
X  1.0000 -0.0000  0.0000
Y  0.0000  1.0000  0.0000
Z  0.0000 -0.0000  1.0000

PART 1
OFFSET -8.8103  4.4905 -0.6150
X  1.0000 -0.0000  0.0000
Y  0.0000  1.0000  0.0000
Z  0.0000 -0.0000  1.0000


FRAME 16
PART 0
OFFSET  0.0000 -0.0000 -0.0000
X  1.0000 -0.0000  0.0000
Y  0.0000  1.0000  0.0000
Z  0.0000 -0.0000  1.0000

PART 1
OFFSET -8.7837  4.4204 -0.6440
X  1.0000  0.0000  0.0008
Y -0.0000  0.9998  0.0193
Z -0.0008 -0.0193  0.9998


FRAME 17
PART 0
OFFSET  0.0000 -0.0000 -0.0000
X  1.0000 -0.0000  0.0000
Y  0.0000  1.0000  0.0000
Z  0.0000 -0.0000  1.0000

PART 1
OFFSET -8.6537  4.2190 -0.7171
X  1.0000 -0.0000  0.0012
Y -0.0000  0.9992  0.0401
Z -0.0012 -0.0401  0.9992


FRAME 18
PART 0
OFFSET  0.0000 -0.0000 -0.0000
X  1.0000 -0.0000  0.0000
Y  0.0000  1.0000  0.0000
Z  0.0000 -0.0000  1.0000

PART 1
OFFSET -8.4441  3.9215 -0.8197
X  1.0000  0.0000  0.0011
Y -0.0001  0.9981  0.0610
Z -0.0011 -0.0610  0.9981


FRAME 19
PART 0
OFFSET  0.0000 -0.0000 -0.0000
X  1.0000 -0.0000  0.0000
Y  0.0000  1.0000  0.0000
Z  0.0000 -0.0000  1.0000

PART 1
OFFSET -8.1786  3.5628 -0.9370
X  1.0000 -0.0000  0.0008
Y -0.0001  0.9968  0.0802
Z -0.0008 -0.0802  0.9968


FRAME 20
PART 0
OFFSET  0.0000 -0.0000 -0.0000
X  1.0000 -0.0000  0.0000
Y  0.0000  1.0000  0.0000
Z  0.0000 -0.0000  1.0000

PART 1
OFFSET -7.8811  3.1778 -1.0542
X  1.0000 -0.0000  0.0005
Y -0.0000  0.9954  0.0961
Z -0.0005 -0.0961  0.9954


FRAME 21
PART 0
OFFSET  0.0000 -0.0000 -0.0000
X  1.0000 -0.0000  0.0000
Y  0.0000  1.0000  0.0000
Z  0.0000 -0.0000  1.0000

PART 1
OFFSET -7.5752  2.8017 -1.1566
X  1.0000 -0.0000  0.0001
Y -0.0000  0.9942  0.1072
Z -0.0001 -0.1072  0.9942


FRAME 22
PART 0
OFFSET  0.0000 -0.0000 -0.0000
X  1.0000 -0.0000  0.0000
Y  0.0000  1.0000  0.0000
Z  0.0000 -0.0000  1.0000

PART 1
OFFSET -7.2848  2.4694 -1.2294
X  1.0000 -0.0000  0.0000
Y  0.0000  0.9937  0.1120
Z  0.0000 -0.1120  0.9937


FRAME 23
PART 0
OFFSET  0.0000 -0.0000 -0.0000
X  1.0000 -0.0000  0.0000
Y  0.0000  1.0000  0.0000
Z  0.0000 -0.0000  1.0000

PART 1
OFFSET -6.9604  2.1346 -1.2764
X  1.0000 -0.0000  0.0000
Y  0.0000  0.9942  0.1079
Z  0.0000 -0.1079  0.9942


FRAME 24
PART 0
OFFSET  0.0000 -0.0000 -0.0000
X  1.0000 -0.0000  0.0000
Y  0.0000  1.0000  0.0000
Z  0.0000 -0.0000  1.0000

PART 1
OFFSET -6.5612  1.7475 -1.3122
X  1.0000 -0.0000  0.0000
Y  0.0000  0.9954  0.0956
Z  0.0000 -0.0956  0.9954


FRAME 25
PART 0
OFFSET  0.0000 -0.0000 -0.0000
X  1.0000 -0.0000  0.0000
Y  0.0000  1.0000  0.0000
Z  0.0000 -0.0000  1.0000

PART 1
OFFSET -6.1234  1.3380 -1.3383
X  1.0000 -0.0000  0.0000
Y  0.0000  0.9970  0.0778
Z  0.0000 -0.0778  0.9970


FRAME 26
PART 0
OFFSET  0.0000 -0.0000 -0.0000
X  1.0000 -0.0000  0.0000
Y  0.0000  1.0000  0.0000
Z  0.0000 -0.0000  1.0000

PART 1
OFFSET -5.6835  0.9360 -1.3563
X  1.0000 -0.0000  0.0000
Y  0.0000  0.9984  0.0571
Z  0.0000 -0.0571  0.9984


FRAME 27
PART 0
OFFSET  0.0000 -0.0000 -0.0000
X  1.0000 -0.0000  0.0000
Y  0.0000  1.0000  0.0000
Z  0.0000 -0.0000  1.0000

PART 1
OFFSET -5.2781  0.5713 -1.3676
X  1.0000 -0.0000  0.0000
Y  0.0000  0.9993  0.0362
Z  0.0000 -0.0362  0.9993


FRAME 28
PART 0
OFFSET  0.0000 -0.0000 -0.0000
X  1.0000 -0.0000  0.0000
Y  0.0000  1.0000  0.0000
Z  0.0000 -0.0000  1.0000

PART 1
OFFSET -4.9433  0.2738 -1.3738
X  1.0000 -0.0000  0.0000
Y  0.0000  0.9998  0.0179
Z  0.0000 -0.0179  0.9998


FRAME 29
PART 0
OFFSET  0.0000 -0.0000 -0.0000
X  1.0000 -0.0000  0.0000
Y  0.0000  1.0000  0.0000
Z  0.0000 -0.0000  1.0000

PART 1
OFFSET -4.7158  0.0734 -1.3764
X  1.0000 -0.0000  0.0000
Y  0.0000  1.0000  0.0049
Z  0.0000 -0.0049  1.0000


FRAME 30
PART 0
OFFSET  0.0000 -0.0000 -0.0000
X  1.0000 -0.0000  0.0000
Y  0.0000  1.0000  0.0000
Z  0.0000 -0.0000  1.0000

PART 1
OFFSET -4.6318 -0.0000 -1.3770
X  1.0000 -0.0000  0.0000
Y  0.0000  1.0000  0.0000
Z  0.0000 -0.0000  1.0000


NUMKEYS 0
