// Export filename: `C:\projects\cod\t5\xanim_export\t5_viewmodels\l96a1\l96a1_pullout.XANIM_EXPORT`
// Source filename: `D:\projects\devanim\t5\animation_assets\viewmodels\l96a1\ViewModel_l96a1_animated.fbx`
// Export time: Sun Aug 29 21:44:21 2010

ANIMATION
VERSION 3

NUMPARTS 79
PART 0 "tag_ads"
PART 1 "tag_torso"
PART 2 "J_Shoulder_LE"
PART 3 "J_Elbow_LE"
PART 4 "J_WristTwist_LE"
PART 5 "J_Sleave_Reshape_Bottom_LE_1"
PART 6 "J_Sleave_Reshape_Bottom_LE_2"
PART 7 "J_Sleave_Reshape_Top_LE_1"
PART 8 "J_Sleave_Reshape_Top_LE_2"
PART 9 "J_Sleave_Reshape_Top_LE_3"
PART 10 "J_Wrist_LE"
PART 11 "J_Thumb_LE_0"
PART 12 "J_Thumb_LE_1"
PART 13 "J_Thumb_LE_2"
PART 14 "J_Thumb_LE_3"
PART 15 "J_PinkyPalm_LE"
PART 16 "J_Pinky_LE_0"
PART 17 "J_Pinky_LE_1"
PART 18 "J_Pinky_LE_2"
PART 19 "J_Pinky_LE_3"
PART 20 "J_RingPalm_LE"
PART 21 "J_Ring_LE_0"
PART 22 "J_Ring_LE_1"
PART 23 "J_Ring_LE_2"
PART 24 "J_Ring_LE_3"
PART 25 "J_Webbing_LE"
PART 26 "J_Index_LE_0"
PART 27 "J_Index_LE_1"
PART 28 "J_Index_LE_2"
PART 29 "J_Index_LE_3"
PART 30 "J_Mid_LE_0"
PART 31 "J_Mid_LE_1"
PART 32 "J_Mid_LE_2"
PART 33 "J_Mid_LE_3"
PART 34 "tag_knife_attach"
PART 35 "tag_weapon"
PART 36 "J_Gun"
PART 37 "tag_bolt"
PART 38 "tag_bolt_handle"
PART 39 "tag_clip"
PART 40 "tag_clip_release"
PART 41 "tag_trigger"
PART 42 "tag_bipod_right"
PART 43 "tag_bipod_left"
PART 44 "tag_backlip"
PART 45 "tag_frontlip"
PART 46 "J_Shoulder_RI"
PART 47 "J_Elbow_RI"
PART 48 "J_WristTwist_RI"
PART 49 "J_Sleave_Reshape_Top_RI_3"
PART 50 "J_Sleave_Reshape_Top_RI_2"
PART 51 "J_Sleave_Reshape_Top_RI_1"
PART 52 "J_Wrist_RI"
PART 53 "J_Thumb_RI_0"
PART 54 "J_Thumb_RI_1"
PART 55 "J_Thumb_RI_2"
PART 56 "J_Thumb_RI_3"
PART 57 "J_PinkyPalm_RI"
PART 58 "J_Pinky_RI_0"
PART 59 "J_Pinky_RI_1"
PART 60 "J_Pinky_RI_2"
PART 61 "J_Pinky_RI_3"
PART 62 "J_RingPalm_RI"
PART 63 "J_Ring_RI_0"
PART 64 "J_Ring_RI_1"
PART 65 "J_Ring_RI_2"
PART 66 "J_Ring_RI_3"
PART 67 "J_Webbing_RI"
PART 68 "J_Index_RI_0"
PART 69 "J_Index_RI_1"
PART 70 "J_Index_RI_2"
PART 71 "J_Index_RI_3"
PART 72 "J_Mid_RI_0"
PART 73 "J_Mid_RI_1"
PART 74 "J_Mid_RI_2"
PART 75 "J_Mid_RI_3"
PART 76 "tag_cambone"
PART 77 "tag_camera"
PART 78 "tag_gasmask"

FRAMERATE 30
NUMFRAMES 57

FRAME 1600
PART 0
OFFSET  0.0000 -0.0000 -0.0000
X  1.0000 -0.0000  0.0000
Y  0.0000  1.0000  0.0000
Z  0.0000 -0.0000  1.0000

PART 1
OFFSET -4.6318 -0.0000 -1.3770
X  1.0000 -0.0000  0.0000
Y  0.0000  1.0000  0.0000
Z  0.0000 -0.0000  1.0000

PART 2
OFFSET  0.8568  4.1989 -10.4470
X  0.8671 -0.4179 -0.2712
Y -0.3789 -0.1998 -0.9036
Z  0.3234  0.8863 -0.3315

PART 3
OFFSET  11.3433 -0.8547 -13.7267
X -0.8310 -0.5557 -0.0229
Y -0.5324  0.7828  0.3221
Z -0.1611  0.2799 -0.9464

PART 4
OFFSET  4.2750 -5.5815 -13.9214
X -0.8310 -0.5557 -0.0229
Y -0.0018  0.0438 -0.9990
Z  0.5562 -0.8302 -0.0374

PART 5
OFFSET  3.8260 -7.4746 -12.6471
X -0.8274 -0.5612 -0.0222
Y  0.1711 -0.2895  0.9418
Z -0.5349  0.7754  0.3356

PART 6
OFFSET  3.9830 -6.9236 -15.0403
X -0.8274 -0.5612 -0.0222
Y  0.1711 -0.2895  0.9418
Z -0.5349  0.7754  0.3356

PART 7
OFFSET  1.7870 -5.4055 -11.9056
X -0.8274 -0.5612 -0.0222
Y  0.1711 -0.2895  0.9418
Z -0.5349  0.7754  0.3356

PART 8
OFFSET  1.7694 -5.1135 -13.9254
X -0.8274 -0.5612 -0.0222
Y  0.1711 -0.2895  0.9418
Z -0.5349  0.7754  0.3356

PART 9
OFFSET  2.5017 -5.4814 -14.7995
X -0.8274 -0.5612 -0.0222
Y  0.1711 -0.2895  0.9418
Z -0.5349  0.7754  0.3356

PART 10
OFFSET  1.7273 -7.2853 -13.9916
X  0.6061 -0.7036  0.3710
Y -0.2664  0.2599  0.9282
Z -0.7494 -0.6614 -0.0299

PART 11
OFFSET  1.4352 -7.6226 -12.9413
X -0.0459 -0.4613  0.8861
Y -0.3719  0.8311  0.4134
Z -0.9271 -0.3105 -0.2097

PART 12
OFFSET  1.2474 -8.5523 -10.9996
X  0.4232 -0.6806  0.5981
Y -0.4256  0.4334  0.7944
Z -0.7998 -0.5907 -0.1063

PART 13
OFFSET  1.8664 -9.7430 -10.0934
X  0.1812 -0.3959  0.9003
Y -0.4838  0.7611  0.4321
Z -0.8562 -0.5139 -0.0536

PART 14
OFFSET  2.0150 -10.1817 -9.1150
X  0.5841  0.1947  0.7880
Y  0.6905  0.3912 -0.6084
Z -0.4267  0.8995  0.0940

PART 15
OFFSET  2.3740 -8.2926 -14.6775
X  0.2452 -0.9483 -0.2016
Y -0.9398 -0.2835  0.1905
Z -0.2378  0.1427 -0.9608

PART 16
OFFSET  2.8444 -10.4788 -14.9672
X -0.7304 -0.6455  0.2233
Y -0.6447  0.7595  0.0870
Z -0.2258 -0.0804 -0.9709

PART 17
OFFSET  1.8104 -11.3927 -14.6510
X -0.9393  0.2766  0.2032
Y  0.2389  0.9520 -0.1916
Z -0.2465 -0.1314 -0.9602

PART 18
OFFSET  0.9776 -11.1475 -14.4708
X -0.5557  0.8287  0.0669
Y  0.8013  0.5553 -0.2225
Z -0.2215 -0.0701 -0.9726

PART 19
OFFSET  0.4496 -10.3603 -14.4073
X -0.0459 -0.9723  0.2292
Y  0.9346 -0.1229 -0.3339
Z  0.3528  0.1989  0.9143

PART 20
OFFSET  2.4349 -8.1823 -13.9749
X  0.6541 -0.7534  0.0678
Y -0.7493 -0.6576 -0.0782
Z  0.1035  0.0004 -0.9946

PART 21
OFFSET  3.7445 -10.4279 -14.0033
X -0.5952 -0.7977  0.0966
Y -0.7968  0.6015  0.0577
Z -0.1041 -0.0426 -0.9937

PART 22
OFFSET  2.7311 -11.7860 -13.8389
X -0.9898  0.0947  0.1064
Y  0.0866  0.9931 -0.0789
Z -0.1132 -0.0688 -0.9912

PART 23
OFFSET  1.3593 -11.6547 -13.6914
X -0.7479  0.6630  0.0340
Y  0.6551  0.7454 -0.1232
Z -0.1070 -0.0698 -0.9918

PART 24
OFFSET  0.5482 -10.9357 -13.6545
X  0.2333 -0.9724 -0.0063
Y  0.9694  0.2330 -0.0777
Z  0.0770  0.0120  0.9970

PART 25
OFFSET  2.7711 -9.3960 -11.3903
X  0.4134 -0.8962  0.1612
Y  0.8822  0.4380  0.1727
Z -0.2254  0.0709  0.9717

PART 26
OFFSET  4.1666 -9.5850 -11.8349
X  0.4699 -0.8730 -0.1302
Y -0.8825 -0.4616 -0.0898
Z  0.0183  0.1571 -0.9874

PART 27
OFFSET  4.9940 -11.1221 -12.0641
X  0.0326 -0.9824 -0.1840
Y -0.9974 -0.0202 -0.0687
Z  0.0638  0.1858 -0.9805

PART 28
OFFSET  5.0298 -12.3277 -12.2283
X -0.4693 -0.8827 -0.0233
Y -0.8830  0.4691  0.0159
Z -0.0032  0.0280 -0.9996

PART 29
OFFSET  4.4997 -13.3247 -12.2545
X  0.9490 -0.1282 -0.2880
Y  0.1798  0.9705  0.1604
Z  0.2589 -0.2040  0.9441

PART 30
OFFSET  4.2566 -9.9105 -12.8867
X -0.0965 -0.9908 -0.0952
Y -0.9953  0.0950  0.0195
Z -0.0103  0.0966 -0.9953

PART 31
OFFSET  4.0682 -11.8461 -13.0727
X -0.9227 -0.3841 -0.0326
Y -0.3849  0.9129  0.1358
Z -0.0224  0.1378 -0.9902

PART 32
OFFSET  2.7204 -12.4071 -13.1204
X -0.9233  0.3731  0.0914
Y  0.3837  0.9069  0.1739
Z -0.0180  0.1956 -0.9805

PART 33
OFFSET  1.6743 -11.9838 -13.0239
X  0.4640 -0.8779 -0.1185
Y  0.8841  0.4672  0.0009
Z  0.0545 -0.1052  0.9930

PART 34
OFFSET  2.3721 -10.3408 -13.5316
X  0.0338  0.0069 -0.9994
Y  0.7494  0.6614  0.0299
Z  0.6612 -0.7500  0.0172

PART 35
OFFSET -1.8098 -8.7014 -21.5799
X  0.4037 -0.1607  0.9007
Y -0.2954  0.9089  0.2945
Z -0.8659 -0.3849  0.3194

PART 36
OFFSET -1.8098 -8.7014 -21.5799
X  0.4037 -0.1607  0.9007
Y -0.2954  0.9089  0.2945
Z -0.8659 -0.3849  0.3194

PART 37
OFFSET -4.3572 -9.7517 -20.8380
X  0.4037 -0.1607  0.9007
Y -0.2954  0.9089  0.2945
Z -0.8659 -0.3849  0.3194

PART 38
OFFSET -3.6928 -9.9911 -19.4328
X  0.4037 -0.1607  0.9007
Y -0.2954  0.9089  0.2945
Z -0.8659 -0.3849  0.3194

PART 39
OFFSET  1.4190 -8.9646 -17.5274
X  0.4037 -0.1607  0.9007
Y -0.2954  0.9089  0.2945
Z -0.8659 -0.3849  0.3194

PART 40
OFFSET  0.4315 -8.5131 -19.9133
X  0.4037 -0.1607  0.9007
Y -0.2954  0.9089  0.2945
Z -0.8659 -0.3849  0.3194

PART 41
OFFSET -1.2855 -8.5426 -21.5440
X  0.4037 -0.1607  0.9007
Y -0.2954  0.9089  0.2945
Z -0.8659 -0.3849  0.3194

PART 42
OFFSET  7.7869 -12.8232 -3.2625
X -0.8976  0.1211  0.4239
Y  0.1772  0.9795  0.0954
Z -0.4037  0.1607 -0.9007

PART 43
OFFSET  7.0851 -10.6640 -2.5627
X -0.6022 -0.7878  0.1294
Y -0.6887  0.5946  0.4148
Z -0.4037  0.1607 -0.9007

PART 44
OFFSET -3.0197 -12.5748 -10.8497
X  0.7499  0.4116 -0.5180
Y -0.2954  0.9089  0.2945
Z  0.5920 -0.0679  0.8031

PART 45
OFFSET -7.8449 -10.5303 -21.9973
X -0.9543 -0.2954 -0.0454
Y -0.2954  0.9089  0.2945
Z -0.0458  0.2945 -0.9546

PART 46
OFFSET -3.5060 -7.9373 -3.1869
X -0.4107 -0.0882  0.9075
Y  0.2417 -0.9702  0.0151
Z  0.8792  0.2255  0.4198

PART 47
OFFSET  1.4609 -6.8712 -14.1621
X -0.6279 -0.3536  0.6933
Y -0.4188 -0.5974 -0.6839
Z  0.6560 -0.7198  0.2270

PART 48
OFFSET  6.8016 -3.8637 -20.0590
X -0.6279 -0.3536  0.6933
Y -0.0345 -0.8773 -0.4787
Z  0.7775 -0.3245  0.5387

PART 49
OFFSET  7.2634 -2.0894 -20.8102
X -0.6272 -0.3481  0.6968
Y -0.6481  0.7293 -0.2191
Z -0.4319 -0.5890 -0.6830

PART 50
OFFSET  8.3042 -1.8170 -20.2826
X -0.6272 -0.3481  0.6968
Y -0.6481  0.7293 -0.2191
Z -0.4319 -0.5890 -0.6830

PART 51
OFFSET  9.1453 -2.8640 -20.1984
X -0.6272 -0.3481  0.6968
Y -0.6481  0.7293 -0.2191
Z -0.4319 -0.5890 -0.6830

PART 52
OFFSET  8.7266 -2.7796 -22.1845
X -0.8782 -0.1521  0.4534
Y -0.1039 -0.8647 -0.4914
Z  0.4668 -0.4787  0.7436

PART 53
OFFSET  9.0303 -1.6802 -22.2196
X -0.5086 -0.7733  0.3786
Y  0.4233 -0.6074 -0.6722
Z  0.7498 -0.1816  0.6363

PART 54
OFFSET  10.0438  0.0594 -23.0048
X -0.8251 -0.1477  0.5453
Y  0.0572 -0.9821 -0.1795
Z  0.5621 -0.1169  0.8188

PART 55
OFFSET  11.3162  0.2524 -23.9876
X -0.7370  0.0069  0.6758
Y -0.1120 -0.9874 -0.1120
Z  0.6665 -0.1582  0.7285

PART 56
OFFSET  12.0846  0.2689 -24.7498
X -0.9953 -0.0967  0.0078
Y -0.0472  0.4117 -0.9101
Z  0.0848 -0.9062 -0.4143

PART 57
OFFSET  9.2642 -3.4801 -23.2446
X -0.7229  0.2093  0.6585
Y  0.5289 -0.4457  0.7222
Z  0.4446  0.8704  0.2115

PART 58
OFFSET  10.8883 -3.7689 -24.7819
X -0.8320  0.3534  0.4276
Y  0.2534 -0.4436  0.8597
Z  0.4935  0.8236  0.2795

PART 59
OFFSET  12.0662 -4.2693 -25.3873
X -0.6951  0.2299  0.6812
Y  0.4938 -0.5359  0.6848
Z  0.5225  0.8124  0.2590

PART 60
OFFSET  12.6825 -4.4731 -25.9913
X -0.4790  0.1117  0.8707
Y  0.6133 -0.6670  0.4230
Z  0.6280  0.7366  0.2510

PART 61
OFFSET  13.1376 -4.5792 -26.8185
X -0.1094  0.2268 -0.9678
Y  0.8506 -0.4823 -0.2092
Z -0.5142 -0.8461 -0.1401

PART 62
OFFSET  9.5916 -2.9388 -22.9139
X -0.8185  0.0697  0.5702
Y  0.4888 -0.4370  0.7550
Z  0.3018  0.8967  0.3237

PART 63
OFFSET  11.6819 -3.2624 -24.4252
X -0.7834  0.2062  0.5862
Y  0.2793 -0.7258  0.6286
Z  0.5552  0.6562  0.5110

PART 64
OFFSET  13.0158 -3.6136 -25.4233
X -0.5891 -0.0479  0.8067
Y  0.5375 -0.7687  0.3468
Z  0.6034  0.6379  0.4785

PART 65
OFFSET  13.8322 -3.5472 -26.5413
X -0.2309 -0.3383  0.9123
Y  0.7167 -0.6932 -0.0757
Z  0.6580  0.6364  0.4025

PART 66
OFFSET  14.0826 -3.1803 -27.5307
X -0.1879  0.7045 -0.6844
Y  0.6906 -0.4008 -0.6021
Z -0.6984 -0.5857 -0.4112

PART 67
OFFSET  5.4094 -2.9379 -19.4835
X -0.6764 -0.1090  0.7284
Y -0.7055  0.3796 -0.5984
Z -0.2113 -0.9187 -0.3337

PART 68
OFFSET  12.4006 -1.7127 -23.3041
X -0.8191  0.0192  0.5733
Y  0.4998 -0.4663  0.7299
Z  0.2814  0.8844  0.3724

PART 69
OFFSET  13.8428 -1.7465 -24.3134
X -0.6106 -0.1115  0.7841
Y  0.7488 -0.4034  0.5258
Z  0.2577  0.9082  0.3298

PART 70
OFFSET  14.6007 -1.5558 -25.2466
X -0.8391 -0.0243  0.5435
Y  0.4932 -0.4556  0.7410
Z  0.2296  0.8898  0.3943

PART 71
OFFSET  15.5485 -1.5283 -25.8605
X -0.1075  0.6695 -0.7350
Y  0.9095 -0.2323 -0.3446
Z -0.4015 -0.7056 -0.5840

PART 72
OFFSET  12.1104 -2.5811 -23.9222
X -0.8277 -0.0258  0.5606
Y  0.5119 -0.4444  0.7352
Z  0.2302  0.8955  0.3810

PART 73
OFFSET  13.7273 -2.5308 -25.0175
X -0.4710 -0.1394  0.8711
Y  0.8107 -0.4576  0.3651
Z  0.3477  0.8782  0.3285

PART 74
OFFSET  14.4153 -2.3272 -26.2898
X -0.0629 -0.2520  0.9657
Y  0.8880 -0.4557 -0.0610
Z  0.4554  0.8537  0.2525

PART 75
OFFSET  14.4839 -2.0481 -27.3853
X -0.5480  0.4297 -0.7176
Y  0.7521 -0.1224 -0.6476
Z -0.3661 -0.8946 -0.2561

PART 76
OFFSET  0.0000 -0.0000 -0.0000
X  1.0000 -0.0000  0.0000
Y  0.0000  1.0000  0.0000
Z  0.0000 -0.0000  1.0000

PART 77
OFFSET  0.0000 -0.0000 -0.0000
X  1.0000 -0.0000  0.0000
Y  0.0000  1.0000  0.0000
Z  0.0000 -0.0000  1.0000

PART 78
OFFSET  1.5404 -0.0000  4.1357
X  1.0000 -0.0000  0.0000
Y  0.0000  1.0000  0.0000
Z  0.0000 -0.0000  1.0000


FRAME 1601
PART 0
OFFSET  0.0000 -0.0000 -0.0000
X  1.0000 -0.0000  0.0000
Y  0.0000  1.0000  0.0000
Z  0.0000 -0.0000  1.0000

PART 1
OFFSET -4.6318 -0.0000 -1.3770
X  1.0000 -0.0000  0.0000
Y  0.0000  1.0000  0.0000
Z  0.0000 -0.0000  1.0000

PART 2
OFFSET  0.8568  4.1993 -10.4247
X  0.8625 -0.4341 -0.2603
Y -0.3792 -0.2136 -0.9003
Z  0.3352  0.8752 -0.3488

PART 3
OFFSET  11.2873 -1.0502 -13.5729
X -0.8261 -0.5631 -0.0203
Y -0.5416  0.7836  0.3043
Z -0.1554  0.2624 -0.9524

PART 4
OFFSET  4.2606 -5.8396 -13.7458
X -0.8261 -0.5631 -0.0203
Y  0.0480 -0.0344 -0.9983
Z  0.5614 -0.8257  0.0555

PART 5
OFFSET  3.8166 -7.7145 -12.4430
X -0.8225 -0.5685 -0.0195
Y  0.1655 -0.2720  0.9480
Z -0.5442  0.7764  0.3178

PART 6
OFFSET  3.9894 -7.2030 -14.8440
X -0.8225 -0.5685 -0.0195
Y  0.1655 -0.2720  0.9480
Z -0.5442  0.7764  0.3178

PART 7
OFFSET  1.7542 -5.6505 -11.7541
X -0.8225 -0.5685 -0.0195
Y  0.1655 -0.2720  0.9480
Z -0.5442  0.7764  0.3178

PART 8
OFFSET  1.7513 -5.3930 -13.7786
X -0.8225 -0.5685 -0.0195
Y  0.1655 -0.2720  0.9480
Z -0.5442  0.7764  0.3178

PART 9
OFFSET  2.4940 -5.7695 -14.6402
X -0.8225 -0.5685 -0.0195
Y  0.1655 -0.2720  0.9480
Z -0.5442  0.7764  0.3178

PART 10
OFFSET  1.7280 -7.5659 -13.8081
X  0.6182 -0.6977  0.3620
Y -0.2478  0.2641  0.9321
Z -0.7460 -0.6659 -0.0097

PART 11
OFFSET  1.4606 -7.8984 -12.7497
X -0.0240 -0.4560  0.8896
Y -0.3678  0.8315  0.4163
Z -0.9296 -0.3172 -0.1876

PART 12
OFFSET  1.3205 -8.8171 -10.7988
X  0.4401 -0.6744  0.5929
Y -0.4109  0.4358  0.8008
Z -0.7984 -0.5960 -0.0854

PART 13
OFFSET  1.9660 -9.9987 -9.8990
X  0.2030 -0.3892  0.8985
Y -0.4789  0.7609  0.4378
Z -0.8541 -0.5191 -0.0319

PART 14
OFFSET  2.1383 -10.4304 -8.9214
X  0.5998  0.2030  0.7740
Y  0.6748  0.3914 -0.6256
Z -0.4299  0.8976  0.0978

PART 15
OFFSET  2.3656 -8.5737 -14.5018
X  0.2464 -0.9481 -0.2011
Y -0.9338 -0.2878  0.2126
Z -0.2594  0.1354 -0.9562

PART 16
OFFSET  2.8426 -10.7589 -14.7883
X -0.7215 -0.6484  0.2430
Y -0.6471  0.7563  0.0963
Z -0.2463 -0.0878 -0.9652

PART 17
OFFSET  1.8211 -11.6768 -14.4442
X -0.9363  0.2724  0.2219
Y  0.2290  0.9521 -0.2025
Z -0.2664 -0.1387 -0.9538

PART 18
OFFSET  0.9910 -11.4353 -14.2475
X -0.5591  0.8258  0.0739
Y  0.7930  0.5586 -0.2432
Z -0.2421 -0.0774 -0.9672

PART 19
OFFSET  0.4598 -10.6508 -14.1773
X -0.0352 -0.9711  0.2360
Y  0.9278 -0.1195 -0.3533
Z  0.3713  0.2066  0.9052

PART 20
OFFSET  2.4411 -8.4587 -13.8014
X  0.6599 -0.7491  0.0582
Y -0.7469 -0.6624 -0.0580
Z  0.0820 -0.0052 -0.9966

PART 21
OFFSET  3.7630 -10.6968 -13.8445
X -0.5883 -0.8006  0.1143
Y -0.7989  0.5972  0.0713
Z -0.1253 -0.0493 -0.9909

PART 22
OFFSET  2.7615 -12.0597 -13.6499
X -0.9878  0.0897  0.1273
Y  0.0790  0.9931 -0.0867
Z -0.1342 -0.0756 -0.9881

PART 23
OFFSET  1.3925 -11.9355 -13.4735
X -0.7509  0.6588  0.0462
Y  0.6479  0.7484 -0.1419
Z -0.1280 -0.0766 -0.9888

PART 24
OFFSET  0.5781 -11.2210 -13.4234
X  0.2388 -0.9710 -0.0054
Y  0.9661  0.2382 -0.1001
Z  0.0985  0.0186  0.9950

PART 25
OFFSET  2.8403 -9.6545 -11.2173
X  0.4221 -0.8927  0.1577
Y  0.8831  0.4442  0.1508
Z -0.2047  0.0756  0.9759

PART 26
OFFSET  4.2270 -9.8380 -11.6909
X  0.4722 -0.8711 -0.1350
Y -0.8815 -0.4673 -0.0679
Z -0.0040  0.1511 -0.9885

PART 27
OFFSET  5.0583 -11.3717 -11.9287
X  0.0344 -0.9833 -0.1787
Y -0.9985 -0.0264 -0.0470
Z  0.0415  0.1801 -0.9828

PART 28
OFFSET  5.0977 -12.5780 -12.0863
X -0.4645 -0.8856 -0.0077
Y -0.8852  0.4640  0.0322
Z -0.0250  0.0218 -0.9995

PART 29
OFFSET  4.5730 -13.5783 -12.0950
X  0.9433 -0.1245 -0.3077
Y  0.1774  0.9725  0.1506
Z  0.2805 -0.1967  0.9395

PART 30
OFFSET  4.2961 -10.1696 -12.7424
X -0.0926 -0.9919 -0.0871
Y -0.9952  0.0894  0.0405
Z -0.0324  0.0904 -0.9954

PART 31
OFFSET  4.1152 -12.1073 -12.9126
X -0.9209 -0.3897 -0.0103
Y -0.3872  0.9115  0.1385
Z -0.0446  0.1315 -0.9903

PART 32
OFFSET  2.7701 -12.6764 -12.9276
X -0.9233  0.3683  0.1091
Y  0.3820  0.9102  0.1600
Z -0.0404  0.1894 -0.9811

PART 33
OFFSET  1.7238 -12.2586 -12.8110
X  0.4666 -0.8759 -0.1232
Y  0.8812  0.4724 -0.0211
Z  0.0766 -0.0987  0.9922

PART 34
OFFSET  2.4007 -10.6147 -13.3437
X  0.0121  0.0009 -0.9999
Y  0.7460  0.6659  0.0097
Z  0.6659 -0.7460  0.0074

PART 35
OFFSET -1.8933 -9.0892 -21.3399
X  0.4158 -0.1491  0.8971
Y -0.2968  0.9102  0.2888
Z -0.8596 -0.3864  0.3342

PART 36
OFFSET -1.8933 -9.0892 -21.3399
X  0.4158 -0.1491  0.8971
Y -0.2968  0.9102  0.2888
Z -0.8596 -0.3864  0.3342

PART 37
OFFSET -4.4252 -10.1459 -20.5552
X  0.4158 -0.1491  0.8971
Y -0.2968  0.9102  0.2888
Z -0.8596 -0.3864  0.3342

PART 38
OFFSET -3.7419 -10.3670 -19.1561
X  0.4158 -0.1491  0.8971
Y -0.2968  0.9102  0.2888
Z -0.8596 -0.3864  0.3342

PART 39
OFFSET  1.3875 -9.2924 -17.3257
X  0.4158 -0.1491  0.8971
Y -0.2968  0.9102  0.2888
Z -0.8596 -0.3864  0.3342

PART 40
OFFSET  0.3676 -8.8712 -19.7036
X  0.4158 -0.1491  0.8971
Y -0.2968  0.9102  0.2888
Z -0.8596 -0.3864  0.3342

PART 41
OFFSET -1.3694 -8.9272 -21.3122
X  0.4158 -0.1491  0.8971
Y -0.2968  0.9102  0.2888
Z -0.8596 -0.3864  0.3342

PART 42
OFFSET  7.9550 -12.9676 -3.1030
X -0.8929  0.1205  0.4339
Y  0.1728  0.9815  0.0830
Z -0.4158  0.1491 -0.8971

PART 43
OFFSET  7.2499 -10.8051 -2.4168
X -0.5961 -0.7897  0.1450
Y -0.6869  0.5951  0.4173
Z -0.4158  0.1491 -0.8971

PART 44
OFFSET -2.9468 -12.8578 -10.5560
X  0.7359  0.4108 -0.5382
Y -0.2968  0.9102  0.2888
Z  0.6085 -0.0528  0.7918

PART 45
OFFSET -7.9226 -10.9557 -21.6625
X -0.9535 -0.2990 -0.0374
Y -0.2968  0.9102  0.2888
Z -0.0523  0.2865 -0.9566

PART 46
OFFSET -3.5060 -7.9373 -3.1869
X -0.4566 -0.1025  0.8837
Y  0.1667 -0.9856 -0.0281
Z  0.8739  0.1345  0.4671

PART 47
OFFSET  2.0165 -6.6981 -13.8747
X -0.6572 -0.3076  0.6881
Y -0.4705 -0.5458 -0.6934
Z  0.5888 -0.7794  0.2139

PART 48
OFFSET  7.6065 -4.0816 -19.7268
X -0.6572 -0.3076  0.6881
Y  0.0747 -0.9350 -0.3466
Z  0.7500 -0.1764  0.6375

PART 49
OFFSET  8.2256 -2.3433 -20.4485
X -0.6560 -0.3022  0.6916
Y -0.5801  0.7881 -0.2059
Z -0.4828 -0.5363 -0.6923

PART 50
OFFSET  9.2865 -2.1743 -19.9177
X -0.6560 -0.3022  0.6916
Y -0.5801  0.7881 -0.2059
Z -0.4828 -0.5363 -0.6923

PART 51
OFFSET  10.0304 -3.2937 -19.8524
X -0.6560 -0.3022  0.6916
Y -0.5801  0.7881 -0.2059
Z -0.4828 -0.5363 -0.6923

PART 52
OFFSET  9.6213 -3.1384 -21.8362
X -0.8295 -0.1799  0.5287
Y -0.0098 -0.9419 -0.3358
Z  0.5584 -0.2838  0.7796

PART 53
OFFSET  9.7747 -2.0321 -22.0700
X -0.3835 -0.7556  0.5311
Y  0.4709 -0.6547 -0.5913
Z  0.7945  0.0233  0.6069

PART 54
OFFSET  10.5110 -0.3376 -23.1908
X -0.7718 -0.1631  0.6146
Y  0.1863 -0.9821 -0.0266
Z  0.6080  0.0940  0.7884

PART 55
OFFSET  11.7000 -0.1435 -24.2730
X -0.7005  0.0131  0.7136
Y  0.0283 -0.9985  0.0461
Z  0.7131  0.0525  0.6991

PART 56
OFFSET  12.4243 -0.1431 -25.0774
X -0.9693 -0.2298  0.0872
Y -0.1457  0.2514 -0.9569
Z  0.1980 -0.9402 -0.2772

PART 57
OFFSET  10.2000 -3.9374 -22.8007
X -0.7140  0.2293  0.6615
Y  0.6146 -0.2475  0.7490
Z  0.3355  0.9414  0.0358

PART 58
OFFSET  11.7777 -4.2851 -24.3738
X -0.8517  0.3195  0.4154
Y  0.3415 -0.2630  0.9023
Z  0.3976  0.9103  0.1149

PART 59
OFFSET  12.9835 -4.7375 -24.9619
X -0.6902  0.2564  0.6767
Y  0.5843 -0.3542  0.7302
Z  0.4269  0.8993  0.0947

PART 60
OFFSET  13.5954 -4.9648 -25.5619
X -0.4536  0.1971  0.8692
Y  0.7085 -0.5118  0.4858
Z  0.5406  0.8362  0.0925

PART 61
OFFSET  14.0264 -5.1520 -26.3876
X -0.1760  0.0496 -0.9831
Y  0.8951 -0.4076 -0.1809
Z -0.4097 -0.9118  0.0273

PART 62
OFFSET  10.4669 -3.3115 -22.5849
X -0.7947  0.0642  0.6036
Y  0.5751 -0.2384  0.7826
Z  0.1941  0.9690  0.1526

PART 63
OFFSET  12.5133 -3.6272 -24.1569
X -0.7804  0.2124  0.5881
Y  0.3909 -0.5683  0.7240
Z  0.4880  0.7949  0.3605

PART 64
OFFSET  13.8420 -3.9888 -25.1581
X -0.5475  0.0244  0.8365
Y  0.6419 -0.6291  0.4384
Z  0.5369  0.7769  0.3288

PART 65
OFFSET  14.6007 -4.0226 -26.3174
X -0.1610 -0.1929  0.9679
Y  0.7924 -0.6099  0.0103
Z  0.5884  0.7686  0.2510

PART 66
OFFSET  14.7754 -3.8134 -27.3671
X -0.2918  0.5442 -0.7865
Y  0.7155 -0.4216 -0.5571
Z -0.6348 -0.7253 -0.2664

PART 67
OFFSET  6.4764 -3.2428 -18.9340
X -0.6234 -0.0660  0.7791
Y -0.7753  0.1822 -0.6048
Z -0.1020 -0.9810 -0.1648

PART 68
OFFSET  13.0686 -1.8325 -23.3532
X -0.7920  0.0128  0.6104
Y  0.5850 -0.2700  0.7648
Z  0.1746  0.9628  0.2063

PART 69
OFFSET  14.4630 -1.8551 -24.4279
X -0.5676 -0.0512  0.8217
Y  0.8102 -0.2122  0.5464
Z  0.1464  0.9759  0.1619

PART 70
OFFSET  15.1619 -1.7335 -25.4170
X -0.8124 -0.0353  0.5820
Y  0.5700 -0.2582  0.7800
Z  0.1228  0.9654  0.2299

PART 71
OFFSET  16.0795 -1.6936 -26.0744
X -0.2156  0.5162 -0.8289
Y  0.9216 -0.1730 -0.3474
Z -0.3227 -0.8388 -0.4384

PART 72
OFFSET  12.8693 -2.8226 -23.8010
X -0.7979 -0.0278  0.6021
Y  0.5891 -0.2471  0.7693
Z  0.1274  0.9686  0.2136

PART 73
OFFSET  14.4282 -2.7683 -24.9772
X -0.4248 -0.0411  0.9044
Y  0.8717 -0.2882  0.3963
Z  0.2443  0.9567  0.1583

PART 74
OFFSET  15.0486 -2.7083 -26.2981
X -0.0100 -0.0862  0.9962
Y  0.9361 -0.3511 -0.0210
Z  0.3515  0.9324  0.0842

PART 75
OFFSET  15.0581 -2.6174 -27.4271
X -0.6127  0.2307 -0.7559
Y  0.7470 -0.1431 -0.6492
Z -0.2579 -0.9624 -0.0847

PART 76
OFFSET  0.0000 -0.0000 -0.0000
X  1.0000 -0.0000  0.0000
Y  0.0000  1.0000  0.0000
Z  0.0000 -0.0000  1.0000

PART 77
OFFSET -0.0000 -0.0000 -0.0000
X  1.0000 -0.0002 -0.0005
Y  0.0002  1.0000 -0.0011
Z  0.0005  0.0011  1.0000

PART 78
OFFSET  1.5425  0.0042  4.1350
X  1.0000 -0.0002 -0.0005
Y  0.0002  1.0000 -0.0011
Z  0.0005  0.0011  1.0000


FRAME 1602
PART 0
OFFSET  0.0000 -0.0000 -0.0000
X  1.0000 -0.0000  0.0000
Y  0.0000  1.0000  0.0000
Z  0.0000 -0.0000  1.0000

PART 1
OFFSET -4.6318 -0.0000 -1.3770
X  1.0000 -0.0000  0.0000
Y  0.0000  1.0000  0.0000
Z  0.0000 -0.0000  1.0000

PART 2
OFFSET  0.8568  4.2003 -10.3621
X  0.8505 -0.4727 -0.2306
Y -0.3787 -0.2462 -0.8921
Z  0.3649  0.8461 -0.3885

PART 3
OFFSET  11.1428 -1.5166 -13.1508
X -0.8111 -0.5848 -0.0155
Y -0.5680  0.7810  0.2597
Z -0.1398  0.2195 -0.9656

PART 4
OFFSET  4.2444 -6.4902 -13.2824
X -0.8111 -0.5848 -0.0155
Y  0.1749 -0.2172 -0.9603
Z  0.5582 -0.7816  0.2784

PART 5
OFFSET  3.8174 -8.3216 -11.9139
X -0.8073 -0.5900 -0.0144
Y  0.1503 -0.2290  0.9618
Z -0.5707  0.7742  0.2735

PART 6
OFFSET  4.0329 -7.9035 -14.3294
X -0.8073 -0.5900 -0.0144
Y  0.1503 -0.2290  0.9618
Z -0.5707  0.7742  0.2735

PART 7
OFFSET  1.6885 -6.2858 -11.3562
X -0.8073 -0.5900 -0.0144
Y  0.1503 -0.2290  0.9618
Z -0.5707  0.7742  0.2735

PART 8
OFFSET  1.7261 -6.1107 -13.3891
X -0.8073 -0.5900 -0.0144
Y  0.1503 -0.2290  0.9618
Z -0.5707  0.7742  0.2735

PART 9
OFFSET  2.4978 -6.5023 -14.2178
X -0.8073 -0.5900 -0.0144
Y  0.1503 -0.2290  0.9618
Z -0.5707  0.7742  0.2735

PART 10
OFFSET  1.7579 -8.2829 -13.3298
X  0.6409 -0.6791  0.3578
Y -0.2174  0.2864  0.9331
Z -0.7362 -0.6759  0.0359

PART 11
OFFSET  1.5341 -8.5895 -12.2536
X  0.0151 -0.4316  0.9020
Y -0.3643  0.8377  0.4069
Z -0.9312 -0.3347 -0.1446

PART 12
OFFSET  1.4785 -9.4558 -10.2747
X  0.4711 -0.6519  0.5943
Y -0.3877  0.4522  0.8033
Z -0.7923 -0.6088 -0.0397

PART 13
OFFSET  2.1733 -10.6033 -9.3677
X  0.2412 -0.3615  0.9006
Y -0.4735  0.7662  0.4344
Z -0.8471 -0.5312  0.0137

PART 14
OFFSET  2.3873 -11.0055 -8.3857
X  0.6246  0.2323  0.7456
Y  0.6459  0.3830 -0.6604
Z -0.4389  0.8941  0.0892

PART 15
OFFSET  2.3843 -9.3008 -14.0189
X  0.2526 -0.9499 -0.1843
Y -0.9212 -0.2943  0.2545
Z -0.2960  0.1055 -0.9493

PART 16
OFFSET  2.8820 -11.4864 -14.2635
X -0.7028 -0.6510  0.2869
Y -0.6540  0.7499  0.0996
Z -0.2800 -0.1177 -0.9528

PART 17
OFFSET  1.8870 -12.4081 -13.8573
X -0.9314  0.2658  0.2487
Y  0.2077  0.9492 -0.2365
Z -0.2990 -0.1686 -0.9393

PART 18
OFFSET  1.0612 -12.1725 -13.6367
X -0.5678  0.8200  0.0720
Y  0.7755  0.5622 -0.2873
Z -0.2760 -0.1073 -0.9551

PART 19
OFFSET  0.5217 -11.3935 -13.5683
X -0.0126 -0.9646  0.2634
Y  0.9160 -0.1168 -0.3839
Z  0.4011  0.2364  0.8850

PART 20
OFFSET  2.4836 -9.1655 -13.3251
X  0.6723 -0.7383  0.0541
Y -0.7389 -0.6737 -0.0125
Z  0.0457 -0.0316 -0.9985

PART 21
OFFSET  3.8352 -11.3860 -13.3562
X -0.5721 -0.8049  0.1575
Y -0.8043  0.5882  0.0845
Z -0.1606 -0.0784 -0.9839

PART 22
OFFSET  2.8612 -12.7563 -13.0881
X -0.9837  0.0799  0.1611
Y  0.0614  0.9913 -0.1165
Z -0.1690 -0.1047 -0.9800

PART 23
OFFSET  1.4978 -12.6456 -12.8648
X -0.7581  0.6497  0.0559
Y  0.6314  0.7528 -0.1859
Z -0.1629 -0.1056 -0.9810

PART 24
OFFSET  0.6756 -11.9410 -12.8041
X  0.2524 -0.9675  0.0121
Y  0.9582  0.2482 -0.1420
Z  0.1344  0.0474  0.9898

PART 25
OFFSET  2.9939 -10.2840 -10.7260
X  0.4404 -0.8823  0.1661
Y  0.8815  0.4600  0.1061
Z -0.1701  0.0997  0.9804

PART 26
OFFSET  4.3649 -10.4619 -11.2452
X  0.4794 -0.8681 -0.1287
Y -0.8766 -0.4808 -0.0227
Z -0.0422  0.1237 -0.9914

PART 27
OFFSET  5.2091 -11.9903 -11.4718
X  0.0421 -0.9873 -0.1532
Y -0.9991 -0.0411 -0.0094
Z  0.0030  0.1534 -0.9882

PART 28
OFFSET  5.2600 -13.1999 -11.5980
X -0.4516 -0.8916  0.0334
Y -0.8901  0.4528  0.0522
Z -0.0617 -0.0061 -0.9981

PART 29
OFFSET  4.7499 -14.2070 -11.5603
X  0.9332 -0.1203 -0.3387
Y  0.1688  0.9786  0.1176
Z  0.3174 -0.1669  0.9335

PART 30
OFFSET  4.4004 -10.8214 -12.2893
X -0.0814 -0.9951 -0.0567
Y -0.9942  0.0771  0.0747
Z -0.0700  0.0625 -0.9956

PART 31
OFFSET  4.2414 -12.7653 -12.4000
X -0.9149 -0.4021  0.0342
Y -0.3950  0.9097  0.1279
Z -0.0826  0.1035 -0.9912

PART 32
OFFSET  2.9049 -13.3527 -12.3500
X -0.9239  0.3587  0.1330
Y  0.3744  0.9193  0.1211
Z -0.0788  0.1617 -0.9837

PART 33
OFFSET  1.8577 -12.9459 -12.2064
X  0.4743 -0.8726 -0.1165
Y  0.8729  0.4834 -0.0663
Z  0.1141 -0.0702  0.9910

PART 34
OFFSET  2.4910 -11.3084 -12.8080
X -0.0243 -0.0265 -0.9994
Y  0.7362  0.6759 -0.0359
Z  0.6764 -0.7366  0.0031

PART 35
OFFSET -2.0608 -10.0912 -20.7023
X  0.4443 -0.1160  0.8883
Y -0.3011  0.9146  0.2700
Z -0.8437 -0.3875  0.3714

PART 36
OFFSET -2.0608 -10.0912 -20.7023
X  0.4443 -0.1160  0.8883
Y -0.3011  0.9146  0.2700
Z -0.8437 -0.3875  0.3714

PART 37
OFFSET -4.5529 -11.1572 -19.8104
X  0.4443 -0.1160  0.8883
Y -0.3011  0.9146  0.2700
Z -0.8437 -0.3875  0.3714

PART 38
OFFSET -3.8254 -11.3263 -18.4264
X  0.4443 -0.1160  0.8883
Y -0.3011  0.9146  0.2700
Z -0.8437 -0.3875  0.3714

PART 39
OFFSET  1.3400 -10.1274 -16.7843
X  0.4443 -0.1160  0.8883
Y -0.3011  0.9146  0.2700
Z -0.8437 -0.3875  0.3714

PART 40
OFFSET  0.2443 -9.7929 -19.1421
X  0.4443 -0.1160  0.8883
Y -0.3011  0.9146  0.2700
Z -0.8437 -0.3875  0.3714

PART 41
OFFSET -1.5387 -9.9214 -20.6954
X  0.4443 -0.1160  0.8883
Y -0.3011  0.9146  0.2700
Z -0.8437 -0.3875  0.3714

PART 42
OFFSET  8.3780 -13.2769 -2.6608
X -0.8813  0.1217  0.4567
Y  0.1611  0.9858  0.0481
Z -0.4443  0.1160 -0.8883

PART 43
OFFSET  7.6626 -11.1041 -2.0193
X -0.5801 -0.7928  0.1867
Y -0.6827  0.5983  0.4196
Z -0.4443  0.1160 -0.8883

PART 44
OFFSET -2.7403 -13.5416 -9.7827
X  0.6984  0.4043 -0.5905
Y -0.3011  0.9146  0.2700
Z  0.6493 -0.0108  0.7605

PART 45
OFFSET -8.0697 -12.0475 -20.7871
X -0.9514 -0.3073 -0.0201
Y -0.3011  0.9146  0.2700
Z -0.0646  0.2629 -0.9626

PART 46
OFFSET -3.5060 -7.9373 -3.1869
X -0.4938 -0.0639  0.8672
Y  0.1262 -0.9920 -0.0012
Z  0.8604  0.1089  0.4979

PART 47
OFFSET  2.4658 -7.1649 -13.6752
X -0.7208 -0.2956  0.6270
Y -0.4256 -0.5253 -0.7369
Z  0.5471 -0.7980  0.2528

PART 48
OFFSET  8.5964 -4.6509 -19.0077
X -0.7208 -0.2956  0.6270
Y  0.2333 -0.9552 -0.1821
Z  0.6527  0.0151  0.7575

PART 49
OFFSET  9.3215 -2.9239 -19.6538
X -0.7197 -0.2902  0.6307
Y -0.5389  0.8063 -0.2440
Z -0.4376 -0.5155 -0.7367

PART 50
OFFSET  10.3384 -2.7903 -19.0343
X -0.7197 -0.2902  0.6307
Y -0.5389  0.8063 -0.2440
Z -0.4376 -0.5155 -0.7367

PART 51
OFFSET  11.0431 -3.9311 -18.9208
X -0.7197 -0.2902  0.6307
Y -0.5389  0.8063 -0.2440
Z -0.4376 -0.5155 -0.7367

PART 52
OFFSET  10.8062 -3.7447 -20.9298
X -0.7537 -0.2169  0.6204
Y  0.1584 -0.9761 -0.1488
Z  0.6379 -0.0138  0.7700

PART 53
OFFSET  10.7305 -2.6995 -21.3815
X -0.2017 -0.6926  0.6926
Y  0.5629 -0.6607 -0.4967
Z  0.8016  0.2896  0.5231

PART 54
OFFSET  11.0650 -1.1552 -22.8556
X -0.6865 -0.1975  0.6998
Y  0.3903 -0.9121  0.1255
Z  0.6135  0.3593  0.7033

PART 55
OFFSET  12.1279 -0.9309 -24.0565
X -0.6440 -0.0163  0.7648
Y  0.2576 -0.9460  0.1968
Z  0.7203  0.3238  0.6134

PART 56
OFFSET  12.7870 -0.9121 -24.9150
X -0.8850 -0.4150  0.2111
Y -0.2524  0.0465 -0.9665
Z  0.3912 -0.9087 -0.1459

PART 57
OFFSET  11.4847 -4.6036 -21.7697
X -0.7133  0.2299  0.6621
Y  0.6845  0.0251  0.7286
Z  0.1509  0.9729 -0.1752

PART 58
OFFSET  13.0253 -4.9814 -23.3723
X -0.8792  0.2462  0.4079
Y  0.4138 -0.0294  0.9099
Z  0.2360  0.9688 -0.0760

PART 59
OFFSET  14.2701 -5.3298 -23.9497
X -0.7001  0.2606  0.6648
Y  0.6627 -0.1098  0.7408
Z  0.2660  0.9592 -0.0958

PART 60
OFFSET  14.8908 -5.5609 -24.5392
X -0.4501  0.2783  0.8485
Y  0.8039 -0.2875  0.5207
Z  0.3889  0.9164 -0.0943

PART 61
OFFSET  15.3184 -5.8253 -25.3453
X -0.2166 -0.1649 -0.9622
Y  0.9456 -0.2803 -0.1648
Z -0.2426 -0.9456  0.2167

PART 62
OFFSET  11.6342 -3.9091 -21.6998
X -0.7636  0.0395  0.6445
Y  0.6456  0.0335  0.7629
Z  0.0086  0.9987 -0.0510

PART 63
OFFSET  13.6291 -4.1591 -23.3479
X -0.7918  0.1967  0.5783
Y  0.5014 -0.3315  0.7992
Z  0.3489  0.9227  0.1638

PART 64
OFFSET  14.9771 -4.4940 -24.3325
X -0.5227  0.1057  0.8459
Y  0.7531 -0.4077  0.5163
Z  0.3994  0.9070  0.1335

PART 65
OFFSET  15.7015 -4.6404 -25.5049
X -0.1280  0.0022  0.9918
Y  0.8840 -0.4531  0.1151
Z  0.4496  0.8915  0.0561

PART 66
OFFSET  15.8403 -4.6428 -26.5805
X -0.3780  0.3009 -0.8756
Y  0.7775 -0.4103 -0.4766
Z -0.5027 -0.8609 -0.0788

PART 67
OFFSET  7.8773 -3.8293 -17.8091
X -0.5624 -0.0191  0.8266
Y -0.8226 -0.0879 -0.5617
Z  0.0834 -0.9959  0.0337

PART 68
OFFSET  13.8605 -2.1686 -22.9489
X -0.7593 -0.0189  0.6505
Y  0.6506  0.0008  0.7594
Z -0.0149  0.9998  0.0117

PART 69
OFFSET  15.1974 -2.1352 -24.0942
X -0.5417  0.0019  0.8405
Y  0.8393  0.0566  0.5408
Z -0.0465  0.9984 -0.0323

PART 70
OFFSET  15.8531 -2.0770 -25.1180
X -0.7864 -0.0760  0.6131
Y  0.6141  0.0118  0.7891
Z -0.0672  0.9970  0.0374

PART 71
OFFSET  16.7413 -1.9911 -25.8105
X -0.3173  0.2945 -0.9014
Y  0.9356 -0.0580 -0.3483
Z -0.1549 -0.9539 -0.2572

PART 72
OFFSET  13.8376 -3.2482 -23.1823
X -0.7691 -0.0467  0.6374
Y  0.6372  0.0215  0.7704
Z -0.0497  0.9987  0.0132

PART 73
OFFSET  15.3400 -3.1569 -24.4276
X -0.4107  0.0683  0.9092
Y  0.9093 -0.0420  0.4139
Z  0.0665  0.9968 -0.0448

PART 74
OFFSET  15.9399 -3.2566 -25.7556
X -0.0128  0.1149  0.9933
Y  0.9845 -0.1723  0.0326
Z  0.1749  0.9783 -0.1109

PART 75
OFFSET  15.9538 -3.3938 -26.8798
X -0.6302 -0.0406 -0.7754
Y  0.7726 -0.1323 -0.6210
Z -0.0774 -0.9904  0.1147

PART 76
OFFSET  0.0000 -0.0000 -0.0000
X  1.0000 -0.0000  0.0000
Y  0.0000  1.0000  0.0000
Z  0.0000 -0.0000  1.0000

PART 77
OFFSET -0.0000 -0.0000 -0.0000
X  1.0000 -0.0006 -0.0019
Y  0.0006  1.0000 -0.0041
Z  0.0019  0.0041  1.0000

PART 78
OFFSET  1.5485  0.0160  4.1327
X  1.0000 -0.0006 -0.0019
Y  0.0006  1.0000 -0.0041
Z  0.0019  0.0041  1.0000


FRAME 1603
PART 0
OFFSET  0.0000 -0.0000 -0.0000
X  1.0000 -0.0000  0.0000
Y  0.0000  1.0000  0.0000
Z  0.0000 -0.0000  1.0000

PART 1
OFFSET -4.6318 -0.0000 -1.3770
X  1.0000 -0.0000  0.0000
Y  0.0000  1.0000  0.0000
Z  0.0000 -0.0000  1.0000

PART 2
OFFSET  0.8568  4.2019 -10.2652
X  0.8341 -0.5188 -0.1873
Y -0.3755 -0.2852 -0.8819
Z  0.4041  0.8059 -0.4327

PART 3
OFFSET  10.9443 -2.0728 -12.5308
X -0.7862 -0.6179 -0.0104
Y -0.6068  0.7687  0.2024
Z -0.1170  0.1654 -0.9793

PART 4
OFFSET  4.2571 -7.3280 -12.6193
X -0.7862 -0.6179 -0.0104
Y  0.3601 -0.4445 -0.8202
Z  0.5022 -0.6486  0.5720

PART 5
OFFSET  3.8592 -9.1055 -11.1732
X -0.7823 -0.6229 -0.0089
Y  0.1280 -0.1747  0.9763
Z -0.6097  0.7626  0.2164

PART 6
OFFSET  4.1361 -8.7989 -13.5991
X -0.7823 -0.6229 -0.0089
Y  0.1280 -0.1747  0.9763
Z -0.6097  0.7626  0.2164

PART 7
OFFSET  1.6340 -7.1344 -10.7845
X -0.7823 -0.6229 -0.0089
Y  0.1280 -0.1747  0.9763
Z -0.6097  0.7626  0.2164

PART 8
OFFSET  1.7305 -7.0587 -12.8216
X -0.7823 -0.6229 -0.0089
Y  0.1280 -0.1747  0.9763
Z -0.6097  0.7626  0.2164

PART 9
OFFSET  2.5437 -7.4586 -13.6055
X -0.7823 -0.6229 -0.0089
Y  0.1280 -0.1747  0.9763
Z -0.6097  0.7626  0.2164

PART 10
OFFSET  1.8468 -9.2221 -12.6512
X  0.6667 -0.6505  0.3639
Y -0.1867  0.3269  0.9264
Z -0.7216 -0.6856  0.0965

PART 11
OFFSET  1.6703 -9.4808 -11.5538
X  0.0577 -0.3877  0.9200
Y -0.3638  0.8500  0.3811
Z -0.9297 -0.3567 -0.0920

PART 12
OFFSET  1.7068 -10.2525 -9.5357
X  0.5055 -0.6148  0.6053
Y -0.3648  0.4835  0.7957
Z -0.7819 -0.6231  0.0201

PART 13
OFFSET  2.4571 -11.3437 -8.6037
X  0.2823 -0.3141  0.9065
Y -0.4705  0.7781  0.4161
Z -0.8360 -0.5440  0.0719

PART 14
OFFSET  2.7161 -11.6950 -7.6131
X  0.6484  0.2779  0.7087
Y  0.6128  0.3617 -0.7026
Z -0.4516  0.8899  0.0642

PART 15
OFFSET  2.4650 -10.2612 -13.3157
X  0.2628 -0.9532 -0.1492
Y -0.9051 -0.2972  0.3041
Z -0.3342  0.0551 -0.9409

PART 16
OFFSET  2.9932 -12.4474 -13.4766
X -0.6790 -0.6482  0.3446
Y -0.6635  0.7428  0.0898
Z -0.3142 -0.1676 -0.9344

PART 17
OFFSET  2.0319 -13.3651 -12.9887
X -0.9259  0.2618  0.2724
Y  0.1809  0.9401 -0.2888
Z -0.3317 -0.2182 -0.9178

PART 18
OFFSET  1.2109 -13.1330 -12.7473
X -0.5797  0.8129  0.0556
Y  0.7533  0.5607 -0.3436
Z -0.3105 -0.1573 -0.9375

PART 19
OFFSET  0.6602 -12.3607 -12.6944
X  0.0154 -0.9510  0.3087
Y  0.9025 -0.1197 -0.4137
Z  0.4303  0.2850  0.8565

PART 20
OFFSET  2.5883 -10.0913 -12.6335
X  0.6874 -0.7236  0.0623
Y -0.7262 -0.6858  0.0483
Z  0.0078 -0.0784 -0.9969

PART 21
OFFSET  3.9786 -12.2879 -12.6132
X -0.5506 -0.8059  0.2175
Y -0.8112  0.5781  0.0883
Z -0.1969 -0.1279 -0.9721

PART 22
OFFSET  3.0411 -13.6599 -12.2429
X -0.9781  0.0711  0.1957
Y  0.0385  0.9855 -0.1653
Z -0.2046 -0.1541 -0.9666

PART 23
OFFSET  1.6856 -13.5614 -11.9717
X -0.7673  0.6389  0.0551
Y  0.6098  0.7535 -0.2457
Z -0.1985 -0.1550 -0.9678

PART 24
OFFSET  0.8534 -12.8685 -11.9119
X  0.2706 -0.9615  0.0476
Y  0.9473  0.2571 -0.1911
Z  0.1715  0.0968  0.9804

PART 25
OFFSET  3.2188 -11.0758 -10.0068
X  0.4627 -0.8659  0.1900
Y  0.8763  0.4792  0.0497
Z -0.1341  0.1435  0.9805

PART 26
OFFSET  4.5719 -11.2555 -10.5705
X  0.4901 -0.8651 -0.1065
Y -0.8677 -0.4958  0.0344
Z -0.0825  0.0755 -0.9937

PART 27
OFFSET  5.4349 -12.7787 -10.7579
X  0.0544 -0.9926 -0.1081
Y -0.9978 -0.0581  0.0318
Z -0.0378  0.1062 -0.9936

PART 28
OFFSET  5.5033 -13.9919 -10.8290
X -0.4334 -0.8964  0.0930
Y -0.8956  0.4399  0.0658
Z -0.0999 -0.0548 -0.9935

PART 29
OFFSET  5.0137 -15.0044 -10.7240
X  0.9215 -0.1207 -0.3691
Y  0.1550  0.9858  0.0647
Z  0.3561 -0.1168  0.9271

PART 30
OFFSET  4.5739 -11.6637 -11.5970
X -0.0651 -0.9979 -0.0066
Y -0.9919  0.0640  0.1100
Z -0.1093  0.0137 -0.9939

PART 31
OFFSET  4.4467 -13.6131 -11.6099
X -0.9054 -0.4152  0.0890
Y -0.4066  0.9081  0.1004
Z -0.1225  0.0547 -0.9910

PART 32
OFFSET  3.1243 -14.2196 -11.4799
X -0.9246  0.3492  0.1522
Y  0.3617  0.9302  0.0630
Z -0.1196  0.1133 -0.9863

PART 33
OFFSET  2.0760 -13.8239 -11.3146
X  0.4856 -0.8691 -0.0939
Y  0.8606  0.4941 -0.1232
Z  0.1534 -0.0210  0.9879

PART 34
OFFSET  2.6552 -12.2066 -12.0169
X -0.0622 -0.0746 -0.9953
Y  0.7216  0.6856 -0.0965
Z  0.6895 -0.7242  0.0112

PART 35
OFFSET -2.1826 -11.4637 -19.7910
X  0.4761 -0.0641  0.8770
Y -0.3088  0.9216  0.2351
Z -0.8234 -0.3828  0.4190

PART 36
OFFSET -2.1826 -11.4637 -19.7910
X  0.4761 -0.0641  0.8770
Y -0.3088  0.9216  0.2351
Z -0.8234 -0.3828  0.4190

PART 37
OFFSET -4.6229 -12.5262 -18.7622
X  0.4761 -0.0641  0.8770
Y -0.3088  0.9216  0.2351
Z -0.8234 -0.3828  0.4190

PART 38
OFFSET -3.8462 -12.6139 -17.3976
X  0.4761 -0.0641  0.8770
Y -0.3088  0.9216  0.2351
Z -0.8234 -0.3828  0.4190

PART 39
OFFSET  1.3484 -11.2475 -15.9959
X  0.4761 -0.0641  0.8770
Y -0.3088  0.9216  0.2351
Z -0.8234 -0.3828  0.4190

PART 40
OFFSET  0.1678 -11.0492 -18.3280
X  0.4761 -0.0641  0.8770
Y -0.3088  0.9216  0.2351
Z -0.8234 -0.3828  0.4190

PART 41
OFFSET -1.6639 -11.2849 -19.8105
X  0.4761 -0.0641  0.8770
Y -0.3088  0.9216  0.2351
Z -0.8234 -0.3828  0.4190

PART 42
OFFSET  8.9161 -13.5716 -1.9869
X -0.8675  0.1293  0.4804
Y  0.1442  0.9895 -0.0059
Z -0.4761  0.0641 -0.8770

PART 43
OFFSET  8.1824 -11.3820 -1.4284
X -0.5586 -0.7923  0.2453
Y -0.6792  0.6067  0.4131
Z -0.4761  0.0641 -0.8770

PART 44
OFFSET -2.4291 -14.3783 -8.6983
X  0.6446  0.3845 -0.6607
Y -0.3088  0.9216  0.2351
Z  0.6993  0.0525  0.7129

PART 45
OFFSET -8.1534 -13.5234 -19.5718
X -0.9485 -0.3167 -0.0045
Y -0.3088  0.9216  0.2351
Z -0.0703  0.2243 -0.9720

PART 46
OFFSET -3.5060 -7.9373 -3.1869
X -0.5384 -0.0066  0.8426
Y  0.0990 -0.9935  0.0554
Z  0.8368  0.1133  0.5356

PART 47
OFFSET  3.0057 -7.8571 -13.3778
X -0.7900 -0.2897  0.5404
Y -0.3378 -0.5299 -0.7779
Z  0.5117 -0.7971  0.3207

PART 48
OFFSET  9.7248 -5.3930 -17.9738
X -0.7900 -0.2897  0.5404
Y  0.3683 -0.9288  0.0405
Z  0.4902  0.2310  0.8405

PART 49
OFFSET  10.5250 -3.6721 -18.5428
X -0.7894 -0.2843  0.5441
Y -0.5045  0.8054 -0.3111
Z -0.3498 -0.5201 -0.7792

PART 50
OFFSET  11.4628 -3.5358 -17.8095
X -0.7894 -0.2843  0.5441
Y -0.5045  0.8054 -0.3111
Z -0.3498 -0.5201 -0.7792

PART 51
OFFSET  12.1464 -4.6770 -17.6062
X -0.7894 -0.2843  0.5441
Y -0.5045  0.8054 -0.3111
Z -0.3498 -0.5201 -0.7792

PART 52
OFFSET  12.1467 -4.5048 -19.6304
X -0.6613 -0.2562  0.7050
Y  0.3766 -0.9262  0.0167
Z  0.6488  0.2766  0.7090

PART 53
OFFSET  11.8143 -3.6093 -20.2547
X -0.0065 -0.5785  0.8157
Y  0.6846 -0.5971 -0.4180
Z  0.7289  0.5557  0.3999

PART 54
OFFSET  11.7194 -2.3323 -21.9954
X -0.5740 -0.2385  0.7834
Y  0.6188 -0.7529  0.2242
Z  0.5364  0.6134  0.5797

PART 55
OFFSET  12.6228 -2.0610 -23.3116
X -0.5594 -0.0705  0.8259
Y  0.5221 -0.8039  0.2850
Z  0.6438  0.5906  0.4865

PART 56
OFFSET  13.1894 -1.9981 -24.2318
X -0.7189 -0.5971  0.3559
Y -0.3223 -0.1674 -0.9317
Z  0.6159 -0.7845 -0.0721

PART 57
OFFSET  12.9784 -5.3357 -20.3524
X -0.7254  0.1950  0.6601
Y  0.6836  0.3162  0.6578
Z -0.0805  0.9284 -0.3627

PART 58
OFFSET  14.5128 -5.6774 -21.9691
X -0.9041  0.1288  0.4075
Y  0.4263  0.2060  0.8808
Z  0.0295  0.9700 -0.2411

PART 59
OFFSET  15.7928 -5.8597 -22.5460
X -0.7275  0.2214  0.6494
Y  0.6835  0.1503  0.7143
Z  0.0605  0.9635 -0.2607

PART 60
OFFSET  16.4377 -6.0560 -23.1218
X -0.4834  0.3193  0.8151
Y  0.8546 -0.0295  0.5185
Z  0.1896  0.9472 -0.2586

PART 61
OFFSET  16.8970 -6.3594 -23.8962
X -0.1941 -0.3627 -0.9115
Y  0.9802 -0.1080 -0.1658
Z -0.0383 -0.9256  0.3765

PART 62
OFFSET  12.9641 -4.6252 -20.4196
X -0.7299 -0.0088  0.6835
Y  0.6450  0.3221  0.6930
Z -0.2263  0.9467 -0.2294

PART 63
OFFSET  14.9063 -4.7358 -22.1441
X -0.8192  0.1343  0.5575
Y  0.5551 -0.0580  0.8297
Z  0.1438  0.9892 -0.0271

PART 64
OFFSET  16.3011 -4.9645 -23.0933
X -0.5371  0.1550  0.8291
Y  0.8202 -0.1333  0.5563
Z  0.1968  0.9789 -0.0555

PART 65
OFFSET  17.0455 -5.1793 -24.2424
X -0.1739  0.1769  0.9688
Y  0.9527 -0.2190  0.2109
Z  0.2495  0.9596 -0.1304

PART 66
OFFSET  17.2341 -5.3711 -25.2930
X -0.3895  0.0274 -0.9206
Y  0.8685 -0.3218 -0.3770
Z -0.3066 -0.9464  0.1015

PART 67
OFFSET  9.4238 -4.6398 -16.3301
X -0.5146  0.0150  0.8573
Y -0.7977 -0.3751 -0.4723
Z  0.3145 -0.9269  0.2049

PART 68
OFFSET  14.6803 -2.7051 -22.1267
X -0.7206 -0.0837  0.6883
Y  0.6434  0.2893  0.7088
Z -0.2584  0.9536 -0.1546

PART 69
OFFSET  15.9491 -2.5578 -23.3385
X -0.5421  0.0082  0.8403
Y  0.7889  0.3494  0.5055
Z -0.2895  0.9369 -0.1958

PART 70
OFFSET  16.5905 -2.5108 -24.3720
X -0.7556 -0.1639  0.6342
Y  0.5768  0.2925  0.7627
Z -0.3106  0.9421 -0.1265

PART 71
OFFSET  17.4439 -2.3256 -25.0883
X -0.3621  0.0543 -0.9306
Y  0.9279  0.1164 -0.3542
Z  0.0890 -0.9917 -0.0925

PART 72
OFFSET  14.9020 -3.7869 -22.1606
X -0.7455 -0.1022  0.6586
Y  0.6072  0.3033  0.7344
Z -0.2748  0.9474 -0.1641

PART 73
OFFSET  16.3585 -3.5873 -23.4472
X -0.4485  0.1314  0.8841
Y  0.8793  0.2425  0.4100
Z -0.1605  0.9612 -0.2243

PART 74
OFFSET  17.0135 -3.7793 -24.7385
X -0.1004  0.2728  0.9568
Y  0.9936  0.0769  0.0823
Z -0.0511  0.9590 -0.2788

PART 75
OFFSET  17.1282 -4.0950 -25.8202
X -0.5544 -0.3196 -0.7684
Y  0.8189 -0.0449 -0.5722
Z  0.1483 -0.9465  0.2866

PART 76
OFFSET  0.0000 -0.0000 -0.0000
X  1.0000 -0.0000  0.0000
Y  0.0000  1.0000  0.0000
Z  0.0000 -0.0000  1.0000

PART 77
OFFSET -0.0000 -0.0000 -0.0000
X  1.0000 -0.0013 -0.0041
Y  0.0012  1.0000 -0.0088
Z  0.0041  0.0087  1.0000

PART 78
OFFSET  1.5576  0.0343  4.1292
X  1.0000 -0.0013 -0.0041
Y  0.0012  1.0000 -0.0088
Z  0.0041  0.0087  1.0000


FRAME 1604
PART 0
