// Export filename: `C:\projects\cod\t5\xanim_export\t5_viewmodels\l96a1\l96a1_acog_ads_down.XANIM_EXPORT`
// Source filename: `D:\projects\devanim\t5\animation_assets\viewmodels\l96a1\ViewModel_l96a1_animated.fbx`
// Export time: Sun Aug 29 21:44:39 2010

ANIMATION
VERSION 3

NUMPARTS 2
PART 0 "tag_view"
PART 1 "tag_torso"

FRAMERATE 30
NUMFRAMES 16

FRAME 2245
PART 0
OFFSET  0.0000 -0.0000 -0.0000
X  1.0000 -0.0000  0.0000
Y  0.0000  1.0000  0.0000
Z  0.0000 -0.0000  1.0000

PART 1
OFFSET -8.0213  4.4905 -0.8558
X  1.0000 -0.0000  0.0000
Y  0.0000  1.0000  0.0000
Z  0.0000 -0.0000  1.0000


FRAME 2246
PART 0
OFFSET  0.0000 -0.0000 -0.0000
X  1.0000 -0.0000  0.0000
Y  0.0000  1.0000  0.0000
Z  0.0000 -0.0000  1.0000

PART 1
OFFSET -7.9397  4.3598 -0.8820
X  1.0000 -0.0000  0.0007
Y -0.0000  0.9998  0.0205
Z -0.0007 -0.0205  0.9998


FRAME 2247
PART 0
OFFSET  0.0000 -0.0000 -0.0000
X  1.0000 -0.0000  0.0000
Y  0.0000  1.0000  0.0000
Z  0.0000 -0.0000  1.0000

PART 1
OFFSET -7.7275  4.0723 -0.9403
X  1.0000 -0.0000  0.0009
Y -0.0000  0.9990  0.0439
Z -0.0009 -0.0439  0.9990


FRAME 2248
PART 0
OFFSET  0.0000 -0.0000 -0.0000
X  1.0000 -0.0000  0.0000
Y  0.0000  1.0000  0.0000
Z  0.0000 -0.0000  1.0000

PART 1
OFFSET -7.4309  3.6839 -1.0175
X  1.0000 -0.0000  0.0008
Y -0.0001  0.9977  0.0673
Z -0.0008 -0.0673  0.9977


FRAME 2249
PART 0
OFFSET  0.0000 -0.0000 -0.0000
X  1.0000 -0.0000  0.0000
Y  0.0000  1.0000  0.0000
Z  0.0000 -0.0000  1.0000

PART 1
OFFSET -7.0959  3.2501 -1.1002
X  1.0000  0.0000  0.0005
Y -0.0000  0.9961  0.0883
Z -0.0005 -0.0883  0.9961


FRAME 2250
PART 0
OFFSET  0.0000 -0.0000 -0.0000
X  1.0000 -0.0000  0.0000
Y  0.0000  1.0000  0.0000
Z  0.0000 -0.0000  1.0000

PART 1
OFFSET -6.7689  2.8267 -1.1752
X  1.0000 -0.0000  0.0001
Y -0.0000  0.9946  0.1041
Z -0.0001 -0.1041  0.9946


FRAME 2251
PART 0
OFFSET  0.0000 -0.0000 -0.0000
X  1.0000 -0.0000  0.0000
Y  0.0000  1.0000  0.0000
Z  0.0000 -0.0000  1.0000

PART 1
OFFSET -6.4958  2.4694 -1.2294
X  1.0000 -0.0000  0.0000
Y  0.0000  0.9937  0.1120
Z  0.0000 -0.1120  0.9937


FRAME 2252
PART 0
OFFSET  0.0000 -0.0000 -0.0000
X  1.0000 -0.0000  0.0000
Y  0.0000  1.0000  0.0000
Z  0.0000 -0.0000  1.0000

PART 1
OFFSET -6.2496  2.1433 -1.2655
X  1.0000 -0.0000  0.0000
Y  0.0000  0.9939  0.1106
Z  0.0000 -0.1106  0.9939


FRAME 2253
PART 0
OFFSET  0.0000 -0.0000 -0.0000
X  1.0000 -0.0000  0.0000
Y  0.0000  1.0000  0.0000
Z  0.0000 -0.0000  1.0000

PART 1
OFFSET -5.9815  1.7880 -1.2956
X  1.0000 -0.0000  0.0000
Y  0.0000  0.9948  0.1016
Z  0.0000 -0.1016  0.9948


FRAME 2254
PART 0
OFFSET  0.0000 -0.0000 -0.0000
X  1.0000 -0.0000  0.0000
Y  0.0000  1.0000  0.0000
Z  0.0000 -0.0000  1.0000

PART 1
OFFSET -5.7050  1.4217 -1.3201
X  1.0000 -0.0000  0.0000
Y  0.0000  0.9962  0.0871
Z  0.0000 -0.0871  0.9962


FRAME 2255
PART 0
OFFSET  0.0000 -0.0000 -0.0000
X  1.0000 -0.0000  0.0000
Y  0.0000  1.0000  0.0000
Z  0.0000 -0.0000  1.0000

PART 1
OFFSET -5.4337  1.0624 -1.3395
X  1.0000 -0.0000  0.0000
Y  0.0000  0.9976  0.0692
Z  0.0000 -0.0692  0.9976


FRAME 2256
PART 0
OFFSET  0.0000 -0.0000 -0.0000
X  1.0000 -0.0000  0.0000
Y  0.0000  1.0000  0.0000
Z  0.0000 -0.0000  1.0000

PART 1
OFFSET -5.1813  0.7279 -1.3543
X  1.0000 -0.0000  0.0000
Y  0.0000  0.9988  0.0498
Z  0.0000 -0.0498  0.9988


FRAME 2257
PART 0
OFFSET  0.0000 -0.0000 -0.0000
X  1.0000 -0.0000  0.0000
Y  0.0000  1.0000  0.0000
Z  0.0000 -0.0000  1.0000

PART 1
OFFSET -4.9613  0.4365 -1.3649
X  1.0000 -0.0000  0.0000
Y  0.0000  0.9995  0.0312
Z  0.0000 -0.0312  0.9995


FRAME 2258
PART 0
OFFSET  0.0000 -0.0000 -0.0000
X  1.0000 -0.0000  0.0000
Y  0.0000  1.0000  0.0000
Z  0.0000 -0.0000  1.0000

PART 1
OFFSET -4.7873  0.2060 -1.3719
X  1.0000 -0.0000  0.0000
Y  0.0000  0.9999  0.0152
Z  0.0000 -0.0152  0.9999


FRAME 2259
PART 0
OFFSET  0.0000 -0.0000 -0.0000
X  1.0000 -0.0000  0.0000
Y  0.0000  1.0000  0.0000
Z  0.0000 -0.0000  1.0000

PART 1
OFFSET -4.6730  0.0545 -1.3758
X  1.0000 -0.0000  0.0000
Y  0.0000  1.0000  0.0042
Z  0.0000 -0.0042  1.0000


FRAME 2260
PART 0
OFFSET  0.0000 -0.0000 -0.0000
X  1.0000 -0.0000  0.0000
Y  0.0000  1.0000  0.0000
Z  0.0000 -0.0000  1.0000

PART 1
OFFSET -4.6318 -0.0000 -1.3770
X  1.0000 -0.0000  0.0000
Y  0.0000  1.0000  0.0000
Z  0.0000 -0.0000  1.0000


NUMKEYS 0
