// Export filename: `C:\projects\cod\t5\xanim_export\t5_viewmodels\l96a1\l96a1_d2p_out.XANIM_EXPORT`
// Source filename: `D:\projects\devanim\t5\animation_assets\viewmodels\l96a1\ViewModel_l96a1_animated.fbx`
// Export time: Sun Aug 29 22:54:40 2010

ANIMATION
VERSION 3

NUMPARTS 79
PART 0 "tag_ads"
PART 1 "tag_torso"
PART 2 "J_Shoulder_LE"
PART 3 "J_Elbow_LE"
PART 4 "J_WristTwist_LE"
PART 5 "J_Sleave_Reshape_Bottom_LE_1"
PART 6 "J_Sleave_Reshape_Bottom_LE_2"
PART 7 "J_Sleave_Reshape_Top_LE_1"
PART 8 "J_Sleave_Reshape_Top_LE_2"
PART 9 "J_Sleave_Reshape_Top_LE_3"
PART 10 "J_Wrist_LE"
PART 11 "J_Thumb_LE_0"
PART 12 "J_Thumb_LE_1"
PART 13 "J_Thumb_LE_2"
PART 14 "J_Thumb_LE_3"
PART 15 "J_PinkyPalm_LE"
PART 16 "J_Pinky_LE_0"
PART 17 "J_Pinky_LE_1"
PART 18 "J_Pinky_LE_2"
PART 19 "J_Pinky_LE_3"
PART 20 "J_RingPalm_LE"
PART 21 "J_Ring_LE_0"
PART 22 "J_Ring_LE_1"
PART 23 "J_Ring_LE_2"
PART 24 "J_Ring_LE_3"
PART 25 "J_Webbing_LE"
PART 26 "J_Index_LE_0"
PART 27 "J_Index_LE_1"
PART 28 "J_Index_LE_2"
PART 29 "J_Index_LE_3"
PART 30 "J_Mid_LE_0"
PART 31 "J_Mid_LE_1"
PART 32 "J_Mid_LE_2"
PART 33 "J_Mid_LE_3"
PART 34 "tag_knife_attach"
PART 35 "tag_weapon"
PART 36 "J_Gun"
PART 37 "tag_bolt"
PART 38 "tag_bolt_handle"
PART 39 "tag_clip"
PART 40 "tag_clip_release"
PART 41 "tag_trigger"
PART 42 "tag_bipod_right"
PART 43 "tag_bipod_left"
PART 44 "tag_backlip"
PART 45 "tag_frontlip"
PART 46 "J_Shoulder_RI"
PART 47 "J_Elbow_RI"
PART 48 "J_WristTwist_RI"
PART 49 "J_Sleave_Reshape_Top_RI_3"
PART 50 "J_Sleave_Reshape_Top_RI_2"
PART 51 "J_Sleave_Reshape_Top_RI_1"
PART 52 "J_Wrist_RI"
PART 53 "J_Thumb_RI_0"
PART 54 "J_Thumb_RI_1"
PART 55 "J_Thumb_RI_2"
PART 56 "J_Thumb_RI_3"
PART 57 "J_PinkyPalm_RI"
PART 58 "J_Pinky_RI_0"
PART 59 "J_Pinky_RI_1"
PART 60 "J_Pinky_RI_2"
PART 61 "J_Pinky_RI_3"
PART 62 "J_RingPalm_RI"
PART 63 "J_Ring_RI_0"
PART 64 "J_Ring_RI_1"
PART 65 "J_Ring_RI_2"
PART 66 "J_Ring_RI_3"
PART 67 "J_Webbing_RI"
PART 68 "J_Index_RI_0"
PART 69 "J_Index_RI_1"
PART 70 "J_Index_RI_2"
PART 71 "J_Index_RI_3"
PART 72 "J_Mid_RI_0"
PART 73 "J_Mid_RI_1"
PART 74 "J_Mid_RI_2"
PART 75 "J_Mid_RI_3"
PART 76 "tag_cambone"
PART 77 "tag_camera"
PART 78 "tag_gasmask"

FRAMERATE 30
NUMFRAMES 11

FRAME 325
PART 0
OFFSET  0.0000 -0.0000 -0.0000
X  1.0000 -0.0000  0.0000
Y  0.0000  1.0000  0.0000
Z  0.0000 -0.0000  1.0000

PART 1
OFFSET -4.6318 -0.0000 -1.3770
X  1.0000 -0.0000  0.0000
Y  0.0000  1.0000  0.0000
Z  0.0000 -0.0000  1.0000

PART 2
OFFSET  1.6498  7.3932 -7.1997
X  0.6899 -0.3013 -0.6582
Y -0.1848 -0.9525  0.2422
Z -0.6999 -0.0455 -0.7128

PART 3
OFFSET  9.9934  3.7495 -15.1602
X  0.7141 -0.5227  0.4656
Y -0.4733  0.1295  0.8713
Z -0.5158 -0.8426 -0.1549

PART 4
OFFSET  16.0674 -0.6967 -11.2003
X  0.7141 -0.5227  0.4656
Y -0.0100  0.6574  0.7535
Z -0.6999 -0.5428  0.4642

PART 5
OFFSET  18.3163 -0.1326 -11.0178
X  0.7184 -0.5212  0.4608
Y  0.5205  0.8421  0.1411
Z -0.4616  0.1385  0.8762

PART 6
OFFSET  17.0092 -2.0048 -11.9353
X  0.7184 -0.5212  0.4608
Y  0.5205  0.8421  0.1411
Z -0.4616  0.1385  0.8762

PART 7
OFFSET  17.1935 -0.2007 -8.2388
X  0.7184 -0.5212  0.4608
Y  0.5205  0.8421  0.1411
Z -0.4616  0.1385  0.8762

PART 8
OFFSET  16.2868 -1.8829 -8.9548
X  0.7184 -0.5212  0.4608
Y  0.5205  0.8421  0.1411
Z -0.4616  0.1385  0.8762

PART 9
OFFSET  16.1539 -2.3173 -10.0636
X  0.7184 -0.5212  0.4608
Y  0.5205  0.8421  0.1411
Z -0.4616  0.1385  0.8762

PART 10
OFFSET  18.2567 -2.2993 -9.7730
X  0.9500 -0.3103  0.0348
Y  0.1813  0.6390  0.7475
Z -0.2542 -0.7039  0.6633

PART 11
OFFSET  18.7547 -2.1112 -8.7636
X  0.8964 -0.2216  0.3838
Y  0.0407  0.9036  0.4265
Z -0.4413 -0.3667  0.8190

PART 12
OFFSET  20.6686 -2.5195 -7.8473
X  0.9211 -0.3871 -0.0416
Y  0.3229  0.7000  0.6370
Z -0.2175 -0.6002  0.7697

PART 13
OFFSET  22.1120 -3.2534 -7.8662
X  0.9735 -0.1522  0.1707
Y  0.0393  0.8467  0.5307
Z -0.2253 -0.5099  0.8302

PART 14
OFFSET  23.1551 -3.4269 -7.6346
X  0.8714  0.3897 -0.2979
Y -0.4028  0.2219 -0.8880
Z -0.2799  0.8938  0.3503

PART 15
OFFSET  18.8150 -3.3883 -10.4099
X  0.4993 -0.8650 -0.0490
Y -0.4456 -0.3049  0.8417
Z -0.7431 -0.3984 -0.5377

PART 16
OFFSET  19.9904 -5.3113 -10.3386
X -0.1138 -0.5608  0.8201
Y -0.7611  0.5798  0.2908
Z -0.6386 -0.5911 -0.4928

PART 17
OFFSET  19.8293 -6.1052 -9.1775
X -0.6923  0.1775  0.6994
Y -0.3611  0.7539 -0.5488
Z -0.6247 -0.6325 -0.4578

PART 18
OFFSET  19.2154 -5.9478 -8.5574
X -0.7392  0.6436  0.1983
Y  0.2061  0.4965 -0.8432
Z -0.6412 -0.5824 -0.4997

PART 19
OFFSET  18.5132 -5.3363 -8.3689
X  0.5287 -0.7198  0.4499
Y  0.5502 -0.1129 -0.8273
Z  0.6463  0.6850  0.3363

PART 20
OFFSET  19.1800 -2.9336 -9.9981
X  0.8469 -0.4958 -0.1925
Y -0.2813 -0.7247  0.6290
Z -0.4514 -0.4785 -0.7532

PART 21
OFFSET  21.1229 -4.6347 -10.2980
X -0.0148 -0.7305  0.6827
Y -0.8142  0.4052  0.4159
Z -0.5805 -0.5497 -0.6008

PART 22
OFFSET  21.0976 -5.8784 -9.1356
X -0.6973 -0.0338  0.7159
Y -0.4296  0.8194 -0.3797
Z -0.5738 -0.5723 -0.5859

PART 23
OFFSET  20.1311 -5.9253 -8.1434
X -0.8194  0.4539  0.3501
Y  0.0675  0.6829 -0.7274
Z -0.5692 -0.5724 -0.5902

PART 24
OFFSET  19.2425 -5.4331 -7.7637
X  0.6048 -0.7901  0.0997
Y  0.5493  0.3233 -0.7705
Z  0.5766  0.5208  0.6296

PART 25
OFFSET  21.3370 -2.6185 -8.1234
X  0.7881 -0.6112  0.0726
Y  0.5261  0.6077 -0.5949
Z  0.3195  0.5070  0.8005

PART 26
OFFSET  22.1897 -2.7648 -9.3203
X  0.6643 -0.7275 -0.1720
Y -0.4719 -0.5865  0.6583
Z -0.5797 -0.3561 -0.7328

PART 27
OFFSET  23.3592 -4.0456 -9.6230
X  0.3713 -0.9213  0.1157
Y -0.7433 -0.2202  0.6317
Z -0.5565 -0.3206 -0.7665

PART 28
OFFSET  23.8444 -5.1461 -9.4357
X  0.0508 -0.8412  0.5383
Y -0.8381  0.2572  0.4810
Z -0.5431 -0.4756 -0.6920

PART 29
OFFSET  23.9018 -6.0963 -8.8278
X  0.5873 -0.0921 -0.8041
Y -0.2260  0.9353 -0.2722
Z  0.7772  0.3415  0.5285

PART 30
OFFSET  21.8460 -3.5512 -10.0159
X  0.3294 -0.9059  0.2661
Y -0.7473 -0.0779  0.6599
Z -0.5770 -0.4163 -0.7027

PART 31
OFFSET  22.4896 -5.3209 -9.4960
X -0.5056 -0.4989  0.7039
Y -0.6183  0.7785  0.1076
Z -0.6017 -0.3808 -0.7021

PART 32
OFFSET  21.7511 -6.0495 -8.4679
X -0.7837  0.2065  0.5859
Y -0.0436  0.9225 -0.3835
Z -0.6196 -0.3261 -0.7139

PART 33
OFFSET  20.8591 -5.8186 -7.8091
X  0.6684 -0.7267 -0.1586
Y  0.4235  0.5472 -0.7220
Z  0.6114  0.4154  0.6735

PART 34
OFFSET  20.3473 -4.5575 -9.0708
X -0.5069 -0.4872 -0.7112
Y  0.2542  0.7039 -0.6633
Z  0.8237 -0.5170 -0.2330

PART 35
OFFSET  11.4706 -4.3935 -7.4961
X  0.9882  0.0000 -0.1530
Y  0.0267  0.9847  0.1723
Z  0.1507 -0.1743  0.9731

PART 36
OFFSET  11.4706 -4.3935 -7.4961
X  0.9882  0.0000 -0.1530
Y  0.0267  0.9847  0.1723
Z  0.1507 -0.1743  0.9731

PART 37
OFFSET  11.7109 -4.8737 -4.6935
X  0.9882  0.0000 -0.1530
Y  0.0267  0.9847  0.1723
Z  0.1507 -0.1743  0.9731

PART 38
OFFSET  13.2595 -4.8677 -4.9674
X  0.9882  0.0000 -0.1530
Y  0.0267  0.9847  0.1723
Z  0.1507 -0.1743  0.9731

PART 39
OFFSET  16.1967 -4.1486 -9.6227
X  0.9882  0.0000 -0.1530
Y  0.0267  0.9847  0.1723
Z  0.1507 -0.1743  0.9731

PART 40
OFFSET  13.5951 -4.1353 -9.3006
X  0.9882  0.0000 -0.1530
Y  0.0267  0.9847  0.1723
Z  0.1507 -0.1743  0.9731

PART 41
OFFSET  11.6106 -4.3057 -8.0196
X  0.9882  0.0000 -0.1530
Y  0.0267  0.9847  0.1723
Z  0.1507 -0.1743  0.9731

PART 42
OFFSET  32.0944 -5.4088 -11.7672
X  0.1438  0.3414  0.9289
Y -0.0522  0.9399 -0.3374
Z -0.9882 -0.0000  0.1530

PART 43
OFFSET  32.1578 -3.0693 -11.3579
X  0.1171 -0.6433  0.7566
Y  0.0984  0.7656  0.6357
Z -0.9882 -0.0000  0.1530

PART 44
OFFSET  22.0525 -5.4361 -3.1900
X -0.7313  0.1367 -0.6682
Y  0.0267  0.9847  0.1723
Z  0.6815  0.1082 -0.7238

PART 45
OFFSET  9.8552 -5.4065 -1.4707
X -0.6381 -0.1159  0.7612
Y  0.0267  0.9847  0.1723
Z -0.7695  0.1302 -0.6253

PART 46
OFFSET -3.5060 -7.9373 -3.1869
X  0.0127 -0.1764  0.9842
Y -0.3754 -0.9132 -0.1588
Z  0.9268 -0.3675 -0.0778

PART 47
OFFSET -3.6599 -5.8040 -15.0902
X -0.8477 -0.0343 -0.5294
Y  0.5090  0.2286 -0.8299
Z  0.1495 -0.9729 -0.1763

PART 48
OFFSET  3.5500 -5.5124 -10.5874
X -0.8477 -0.0343 -0.5294
Y  0.5234  0.1083 -0.8452
Z  0.0863 -0.9935 -0.0738

PART 49
OFFSET  4.2215 -4.5184 -9.0105
X -0.8511 -0.0330 -0.5240
Y -0.1544  0.9696  0.1897
Z  0.5018  0.2423 -0.8304

PART 50
OFFSET  4.1494 -5.3146 -8.1179
X -0.8511 -0.0330 -0.5240
Y -0.1544  0.9696  0.1897
Z  0.5018  0.2423 -0.8304

PART 51
OFFSET  4.5415 -6.5506 -8.4777
X -0.8511 -0.0330 -0.5240
Y -0.1544  0.9696  0.1897
Z  0.5018  0.2423 -0.8304

PART 52
OFFSET  6.1487 -5.4073 -8.9644
X -0.9968  0.0109  0.0787
Y -0.0754  0.1820 -0.9804
Z -0.0250 -0.9832 -0.1806

PART 53
OFFSET  6.6802 -5.1841 -7.9796
X -0.5186 -0.7847 -0.3396
Y  0.6093 -0.0605 -0.7907
Z  0.5998 -0.6170  0.5095

PART 54
OFFSET  7.7051 -3.4505 -7.1962
X -0.9254 -0.3227  0.1986
Y  0.0745 -0.6688 -0.7397
Z  0.3716 -0.6698  0.6429

PART 55
OFFSET  9.1619 -2.8943 -7.6330
X -0.7233  0.0493  0.6888
Y -0.4846 -0.7469 -0.4553
Z  0.4920 -0.6631  0.5641

PART 56
OFFSET  9.9298 -2.9047 -8.3959
X -0.9498  0.3084  0.0523
Y  0.1889  0.6987 -0.6900
Z -0.2493 -0.6455 -0.7219

PART 57
OFFSET  6.9165 -5.0230 -10.0443
X -0.8677 -0.1195  0.4826
Y  0.0459 -0.9858 -0.1616
Z  0.4950 -0.1180  0.8608

PART 58
OFFSET  8.9325 -4.6508 -10.9834
X -0.3895 -0.9189 -0.0632
Y  0.8364 -0.3241 -0.4419
Z  0.3856 -0.2250  0.8948

PART 59
OFFSET  9.4839 -3.3499 -10.8938
X  0.4787 -0.7764 -0.4099
Y  0.8074  0.5728 -0.1419
Z  0.3449 -0.2630  0.9010

PART 60
OFFSET  9.0595 -2.6615 -10.5304
X  0.9182  0.0457 -0.3936
Y  0.0446  0.9750  0.2175
Z  0.3937 -0.2172  0.8932

PART 61
OFFSET  8.1872 -2.7050 -10.1565
X -0.7872 -0.6157  0.0353
Y -0.5074  0.6792  0.5303
Z -0.3505  0.3995 -0.8471

PART 62
OFFSET  7.1824 -5.2836 -9.4353
X -0.9447 -0.0444  0.3249
Y -0.0013 -0.9903 -0.1390
Z  0.3279 -0.1317  0.9355

PART 63
OFFSET  9.5855 -5.1708 -10.4205
X -0.3121 -0.9479 -0.0638
Y  0.8823 -0.2642 -0.3895
Z  0.3524 -0.1779  0.9188

PART 64
OFFSET  10.1169 -3.5569 -10.3118
X  0.5856 -0.7204 -0.3714
Y  0.7374  0.6638 -0.1249
Z  0.3365 -0.2008  0.9200

PART 65
OFFSET  9.3052 -2.5585 -9.7970
X  0.9236  0.2656 -0.2764
Y -0.1906  0.9438  0.2699
Z  0.3325 -0.1966  0.9224

PART 66
OFFSET  8.3035 -2.8465 -9.4973
X -0.6315 -0.7664  0.1177
Y -0.6996  0.6286  0.3396
Z -0.3342  0.1321 -0.9332

PART 67
OFFSET  2.0502 -6.0427 -7.9046
X -0.9303 -0.2983  0.2134
Y -0.2687  0.9503  0.1572
Z -0.2497  0.0889 -0.9642

PART 68
OFFSET  10.0805 -5.9526 -8.5987
X -0.9916 -0.0952 -0.0875
Y  0.1114 -0.9726 -0.2041
Z -0.0657 -0.2121  0.9750

PART 69
OFFSET  11.8263 -5.7850 -8.4446
X -0.1870 -0.9678 -0.1688
Y  0.9801 -0.1955  0.0352
Z -0.0671 -0.1589  0.9850

PART 70
OFFSET  12.0496 -4.6182 -8.1795
X  0.4127 -0.8917 -0.1856
Y  0.9089  0.3898  0.1485
Z -0.0601 -0.2299  0.9713

PART 71
OFFSET  11.5833 -3.6109 -7.9699
X -0.9717 -0.1262  0.1996
Y -0.1101  0.9898  0.0898
Z -0.2089  0.0653 -0.9758

PART 72
OFFSET  9.8968 -5.5776 -9.6216
X -0.2050 -0.9675 -0.1481
Y  0.9713 -0.1824 -0.1528
Z  0.1208 -0.1752  0.9771

PART 73
OFFSET  10.2972 -3.6875 -9.3322
X  0.7350 -0.6474 -0.2018
Y  0.6623  0.7492  0.0088
Z  0.1455 -0.1401  0.9794

PART 74
OFFSET  9.2237 -2.7419 -9.0375
X  0.9529  0.2730 -0.1323
Y -0.2575  0.9584  0.1233
Z  0.1604 -0.0834  0.9835

PART 75
OFFSET  8.1432 -3.0499 -8.8945
X -0.5765 -0.8161 -0.0402
Y -0.7962  0.5499  0.2523
Z -0.1838  0.1774 -0.9668

PART 76
OFFSET  0.0000 -0.0000 -0.0000
X  1.0000 -0.0000  0.0000
Y  0.0000  1.0000  0.0000
Z  0.0000 -0.0000  1.0000

PART 77
OFFSET -0.0000 -0.0000 -0.0000
X  0.9986 -0.0000 -0.0523
Y  0.0046  0.9962  0.0870
Z  0.0521 -0.0872  0.9948

PART 78
OFFSET  1.7540 -0.3605  4.0337
X  0.9986 -0.0000 -0.0523
Y  0.0046  0.9962  0.0870
Z  0.0521 -0.0872  0.9948


FRAME 326
PART 0
OFFSET  0.0000 -0.0000 -0.0000
X  1.0000 -0.0000  0.0000
Y  0.0000  1.0000  0.0000
Z  0.0000 -0.0000  1.0000

PART 1
OFFSET -4.6318 -0.0000 -1.3770
X  1.0000 -0.0000  0.0000
Y  0.0000  1.0000  0.0000
Z  0.0000 -0.0000  1.0000

PART 2
OFFSET  1.2819  7.1985 -7.1997
X  0.7128 -0.2808 -0.6428
Y -0.2078 -0.9598  0.1889
Z -0.6699 -0.0011 -0.7424

PART 3
OFFSET  9.9018  3.8030 -14.9733
X  0.7104 -0.5590  0.4277
Y -0.4741  0.0691  0.8778
Z -0.5202 -0.8263 -0.2160

PART 4
OFFSET  15.9437 -0.9518 -11.3359
X  0.7104 -0.5590  0.4277
Y  0.0606  0.6539  0.7541
Z -0.7012 -0.5098  0.4984

PART 5
OFFSET  18.1954 -0.4152 -11.1102
X  0.7146 -0.5572  0.4230
Y  0.5250  0.8268  0.2021
Z -0.4623  0.0776  0.8833

PART 6
OFFSET  16.8794 -2.2089 -12.1620
X  0.7146 -0.5572  0.4230
Y  0.5250  0.8268  0.2021
Z -0.4623  0.0776  0.8833

PART 7
OFFSET  17.0674 -0.6769 -8.3448
X  0.7146 -0.5572  0.4230
Y  0.5250  0.8268  0.2021
Z -0.4623  0.0776  0.8833

PART 8
OFFSET  16.1525 -2.2980 -9.1815
X  0.7146 -0.5572  0.4230
Y  0.5250  0.8268  0.2021
Z -0.4623  0.0776  0.8833

PART 9
OFFSET  16.0191 -2.6505 -10.3189
X  0.7146 -0.5572  0.4230
Y  0.5250  0.8268  0.2021
Z -0.4623  0.0776  0.8833

PART 10
OFFSET  18.1214 -2.6656 -10.0249
X  0.9432 -0.3320  0.0152
Y  0.2125  0.6374  0.7406
Z -0.2556 -0.6953  0.6717

PART 11
OFFSET  18.6458 -2.4853 -9.0275
X  0.8994 -0.2408  0.3649
Y  0.0709  0.9040  0.4216
Z -0.4314 -0.3533  0.8301

PART 12
OFFSET  20.5696 -2.9344 -8.1518
X  0.9108 -0.4084 -0.0602
Y  0.3529  0.6947  0.6268
Z -0.2142 -0.5921  0.7769

PART 13
OFFSET  21.9949 -3.7014 -8.1993
X  0.9733 -0.1740  0.1499
Y  0.0705  0.8475  0.5261
Z -0.2186 -0.5015  0.8371

PART 14
OFFSET  23.0386 -3.8982 -7.9900
X  0.8734  0.3683 -0.3187
Y -0.4171  0.2278 -0.8799
Z -0.2515  0.9014  0.3526

PART 15
OFFSET  18.6403 -3.7696 -10.6693
X  0.4780 -0.8765 -0.0564
Y -0.4338 -0.2914  0.8526
Z -0.7637 -0.3831 -0.5196

PART 16
OFFSET  19.7724 -5.7190 -10.6158
X -0.1086 -0.5549  0.8248
Y -0.7409  0.5983  0.3050
Z -0.6628 -0.5780 -0.4761

PART 17
OFFSET  19.6187 -6.5046 -9.4480
X -0.6724  0.1961  0.7137
Y -0.3557  0.7600 -0.5439
Z -0.6491 -0.6196 -0.4413

PART 18
OFFSET  19.0226 -6.3307 -8.8152
X -0.7196  0.6613  0.2118
Y  0.1988  0.4885 -0.8496
Z -0.6653 -0.5693 -0.4830

PART 19
OFFSET  18.3389 -5.7025 -8.6140
X  0.5218 -0.7301  0.4412
Y  0.5291 -0.1287 -0.8388
Z  0.6691  0.6711  0.3191

PART 20
OFFSET  19.0247 -3.3219 -10.2676
X  0.8308 -0.5159 -0.2090
Y -0.2839 -0.7157  0.6381
Z -0.4788 -0.4708 -0.7410

PART 21
OFFSET  20.9208 -5.0686 -10.6029
X -0.0166 -0.7274  0.6860
Y -0.7952  0.4255  0.4320
Z -0.6061 -0.5384 -0.5855

PART 22
OFFSET  20.8926 -6.3070 -9.4350
X -0.6819 -0.0150  0.7313
Y -0.4189  0.8276 -0.3736
Z -0.5996 -0.5611 -0.5707

PART 23
OFFSET  19.9475 -6.3279 -8.4216
X -0.8008  0.4740  0.3661
Y  0.0671  0.6784 -0.7316
Z -0.5951 -0.5613 -0.5751

PART 24
OFFSET  19.0789 -5.8139 -8.0245
X  0.5885 -0.8035  0.0897
Y  0.5395  0.3077 -0.7838
Z  0.6022  0.5097  0.6145

PART 25
OFFSET  21.2292 -3.0497 -8.4421
X  0.7752 -0.6290  0.0578
Y  0.5267  0.5932 -0.6089
Z  0.3487  0.5025  0.7912

PART 26
OFFSET  22.0517 -3.2202 -9.6568
X  0.6434 -0.7432 -0.1835
Y -0.4706 -0.5730  0.6710
Z -0.6038 -0.3454 -0.7184

PART 27
OFFSET  23.1844 -4.5288 -9.9798
X  0.3525 -0.9291  0.1114
Y -0.7340 -0.2007  0.6488
Z -0.5805 -0.3105 -0.7527

PART 28
OFFSET  23.6482 -5.6395 -9.7986
X  0.0433 -0.8402  0.5406
Y -0.8212  0.2783  0.4983
Z -0.5691 -0.4655 -0.6779

PART 29
OFFSET  23.6971 -6.5885 -9.1880
X  0.5671 -0.1086 -0.8164
Y -0.2103  0.9393 -0.2711
Z  0.7963  0.3255  0.5098

PART 30
OFFSET  21.6747 -4.0010 -10.3414
X  0.3143 -0.9123  0.2627
Y -0.7342 -0.0582  0.6765
Z -0.6019 -0.4055 -0.6880

PART 31
OFFSET  22.2887 -5.7831 -9.8283
X -0.5013 -0.4844  0.7170
Y -0.5977  0.7930  0.1179
Z -0.6257 -0.3694 -0.6871

PART 32
OFFSET  21.5565 -6.4907 -8.7811
X -0.7656  0.2267  0.6021
Y -0.0309  0.9218 -0.3863
Z -0.6426 -0.3144 -0.6987

PART 33
OFFSET  20.6849 -6.2368 -8.1039
X  0.6478 -0.7425 -0.1702
Y  0.4200  0.5345 -0.7334
Z  0.6356  0.4036  0.6581

PART 34
OFFSET  20.1745 -4.9689 -9.3593
X -0.5336 -0.4780 -0.6978
Y  0.2556  0.6953 -0.6717
Z  0.8062 -0.5367 -0.2488

PART 35
OFFSET  11.3409 -4.5940 -7.5903
X  0.9843 -0.0234 -0.1747
Y  0.0531  0.9844  0.1675
Z  0.1681 -0.1741  0.9703

PART 36
OFFSET  11.3409 -4.5940 -7.5903
X  0.9843 -0.0234 -0.1747
Y  0.0531  0.9844  0.1675
Z  0.1681 -0.1741  0.9703

PART 37
OFFSET  11.6320 -5.0692 -4.7917
X  0.9843 -0.0234 -0.1747
Y  0.0531  0.9844  0.1675
Z  0.1681 -0.1741  0.9703

PART 38
OFFSET  13.1739 -5.1000 -5.0997
X  0.9843 -0.0234 -0.1747
Y  0.0531  0.9844  0.1675
Z  0.1681 -0.1741  0.9703

PART 39
OFFSET  16.0232 -4.4663 -9.8215
X  0.9843 -0.0234 -0.1747
Y  0.0531  0.9844  0.1675
Z  0.1681 -0.1741  0.9703

PART 40
OFFSET  13.4304 -4.3917 -9.4423
X  0.9843 -0.0234 -0.1747
Y  0.0531  0.9844  0.1675
Z  0.1681 -0.1741  0.9703

PART 41
OFFSET  11.4713 -4.5114 -8.1172
X  0.9843 -0.0234 -0.1747
Y  0.0531  0.9844  0.1675
Z  0.1681 -0.1741  0.9703

PART 42
OFFSET  31.8365 -6.1014 -12.3099
X  0.1721  0.3414  0.9240
Y -0.0380  0.9396 -0.3401
Z -0.9843  0.0234  0.1747

PART 43
OFFSET  31.9627 -3.7625 -11.9120
X  0.1190 -0.6430  0.7565
Y  0.1300  0.7655  0.6302
Z -0.9843  0.0234  0.1747

PART 44
OFFSET  21.9886 -5.8647 -3.5138
X -0.6451  0.1618 -0.7467
Y  0.0531  0.9844  0.1675
Z  0.7622  0.0684 -0.6437

PART 45
OFFSET  9.8361 -5.5470 -1.5266
X -0.4260 -0.1293  0.8954
Y  0.0531  0.9844  0.1675
Z -0.9032  0.1189 -0.4125

PART 46
OFFSET -3.5060 -7.9373 -3.1869
X  0.0260 -0.1708  0.9850
Y -0.3778 -0.9139 -0.1485
Z  0.9255 -0.3682 -0.0883

PART 47
OFFSET -3.8205 -5.8715 -15.0989
X -0.8458 -0.0330 -0.5325
Y  0.5130  0.2243 -0.8286
Z  0.1468 -0.9740 -0.1728

PART 48
OFFSET  3.3731 -5.5911 -10.5695
X -0.8458 -0.0330 -0.5325
Y  0.5283  0.0883 -0.8445
Z  0.0749 -0.9955 -0.0573

PART 49
OFFSET  4.0420 -4.5946 -8.9931
X -0.8492 -0.0316 -0.5271
Y -0.1517  0.9707  0.1862
Z  0.5058  0.2381 -0.8292

PART 50
OFFSET  3.9637 -5.3879 -8.0984
X -0.8492 -0.0316 -0.5271
Y -0.1517  0.9707  0.1862
Z  0.5058  0.2381 -0.8292

PART 51
OFFSET  4.3529 -6.6263 -8.4529
X -0.8492 -0.0316 -0.5271
Y -0.1517  0.9707  0.1862
Z  0.5058  0.2381 -0.8292

PART 52
OFFSET  5.9659 -5.4900 -8.9369
X -0.9943  0.0343  0.1006
Y -0.0928  0.1800 -0.9793
Z -0.0517 -0.9831 -0.1758

PART 53
OFFSET  6.5240 -5.2755 -7.9649
X -0.5439 -0.7737 -0.3248
Y  0.5901 -0.0775 -0.8036
Z  0.5966 -0.6287  0.4988

PART 54
OFFSET  7.6057 -3.5631 -7.2117
X -0.9280 -0.3005  0.2203
Y  0.0427 -0.6731 -0.7384
Z  0.3702 -0.6758  0.6374

PART 55
OFFSET  9.0648 -3.0424 -7.6828
X -0.7066  0.0686  0.7043
Y -0.5116 -0.7372 -0.4414
Z  0.4890 -0.6722  0.5560

PART 56
OFFSET  9.8152 -3.0733 -8.4624
X -0.9411  0.3305  0.0718
Y  0.1897  0.6916 -0.6970
Z -0.2800 -0.6423 -0.7135

PART 57
OFFSET  6.7184 -5.1276 -10.0351
X -0.8593 -0.0976  0.5020
Y  0.0196 -0.9872 -0.1584
Z  0.5111 -0.1262  0.8502

PART 58
OFFSET  8.7211 -4.8056 -11.0198
X -0.4118 -0.9099 -0.0508
Y  0.8188 -0.3450 -0.4589
Z  0.4000 -0.2305  0.8871

PART 59
OFFSET  9.3042 -3.5174 -10.9479
X  0.4516 -0.7888 -0.4171
Y  0.8170  0.5534 -0.1620
Z  0.3586 -0.2676  0.8943

PART 60
OFFSET  8.9038 -2.8181 -10.5781
X  0.9100  0.0231 -0.4139
Y  0.0719  0.9746  0.2123
Z  0.4082 -0.2229  0.8852

PART 61
OFFSET  8.0392 -2.8400 -10.1850
X -0.8002 -0.5972  0.0553
Y -0.4798  0.6927  0.5385
Z -0.3598  0.4044 -0.8408

PART 62
OFFSET  6.9915 -5.3920 -9.4309
X -0.9381 -0.0213  0.3458
Y -0.0271 -0.9905 -0.1347
Z  0.3454 -0.1357  0.9286

PART 63
OFFSET  9.3743 -5.3384 -10.4693
X -0.3352 -0.9407 -0.0529
Y  0.8671 -0.2860 -0.4077
Z  0.3684 -0.1826  0.9116

PART 64
OFFSET  9.9449 -3.7369 -10.3791
X  0.5606 -0.7352 -0.3812
Y  0.7496  0.6461 -0.1439
Z  0.3521 -0.2051  0.9132

PART 65
OFFSET  9.1680 -2.7180 -9.8509
X  0.9232  0.2431 -0.2978
Y -0.1629  0.9490  0.2700
Z  0.3482 -0.2007  0.9157

PART 66
OFFSET  8.1668 -2.9817 -9.5279
X -0.6462 -0.7512  0.1348
Y -0.6773  0.6459  0.3523
Z -0.3517  0.1363 -0.9261

PART 67
OFFSET  1.8784 -6.0266 -7.7845
X -0.9320 -0.2759  0.2351
Y -0.2432  0.9569  0.1591
Z -0.2689  0.0911 -0.9589

PART 68
OFFSET  9.8912 -6.1246 -8.6555
X -0.9952 -0.0726 -0.0653
Y  0.0844 -0.9757 -0.2024
Z -0.0490 -0.2069  0.9771

PART 69
OFFSET  11.6435 -5.9969 -8.5406
X -0.2129 -0.9638 -0.1606
Y  0.9759 -0.2179  0.0145
Z -0.0490 -0.1536  0.9869

PART 70
OFFSET  11.8993 -4.8345 -8.2854
X  0.3879 -0.9017 -0.1908
Y  0.9206  0.3692  0.1268
Z -0.0439 -0.2249  0.9734

PART 71
OFFSET  11.4611 -3.8160 -8.0699
X -0.9697 -0.1030  0.2214
Y -0.0853  0.9925  0.0880
Z -0.2288  0.0665 -0.9712

PART 72
OFFSET  9.6937 -5.7493 -9.6756
X -0.2304 -0.9631 -0.1395
Y  0.9632 -0.2053 -0.1734
Z  0.1383 -0.1743  0.9749

PART 73
OFFSET  10.1438 -3.8680 -9.4032
X  0.7152 -0.6649 -0.2152
Y  0.6794  0.7337 -0.0090
Z  0.1639 -0.1398  0.9765

PART 74
OFFSET  9.0991 -2.8967 -9.0889
X  0.9557  0.2504 -0.1544
Y -0.2325  0.9645  0.1249
Z  0.1802 -0.0834  0.9801

PART 75
OFFSET  8.0152 -3.1791 -8.9209
X -0.5958 -0.8027 -0.0240
Y -0.7775  0.5691  0.2675
Z -0.2010  0.1780 -0.9633

PART 76
OFFSET  0.0000 -0.0000 -0.0000
X  1.0000 -0.0000  0.0000
Y  0.0000  1.0000  0.0000
Z  0.0000 -0.0000  1.0000

PART 77
OFFSET -0.0000 -0.0000 -0.0000
X  0.9996 -0.0000 -0.0292
Y  0.0008  0.9996  0.0287
Z  0.0292 -0.0287  0.9992

PART 78
OFFSET  1.6606 -0.1187  4.0873
X  0.9996 -0.0000 -0.0292
Y  0.0008  0.9996  0.0287
Z  0.0292 -0.0287  0.9992


FRAME 327
PART 0
OFFSET  0.0000 -0.0000 -0.0000
X  1.0000 -0.0000  0.0000
Y  0.0000  1.0000  0.0000
Z  0.0000 -0.0000  1.0000

PART 1
OFFSET -4.6318 -0.0000 -1.3770
X  1.0000 -0.0000  0.0000
Y  0.0000  1.0000  0.0000
Z  0.0000 -0.0000  1.0000

PART 2
OFFSET  0.8930  6.9927 -7.1997
X  0.7479 -0.2655 -0.6084
Y -0.2192 -0.9639  0.1512
Z -0.6266  0.0203 -0.7791

PART 3
OFFSET  9.9381  3.7814 -14.5574
X  0.7045 -0.5734  0.4182
Y -0.4956  0.0243  0.8682
Z -0.5080 -0.8189 -0.2671

PART 4
OFFSET  15.9302 -1.0957 -11.0007
X  0.7045 -0.5734  0.4182
Y  0.0921  0.6581  0.7473
Z -0.7037 -0.4879  0.5165

PART 5
OFFSET  18.1713 -0.5542 -10.6952
X  0.7088 -0.5713  0.4137
Y  0.5131  0.8201  0.2534
Z -0.4840  0.0326  0.8744

PART 6
OFFSET  16.8959 -2.3058 -11.8618
X  0.7088 -0.5713  0.4137
Y  0.5131  0.8201  0.2534
Z -0.4840  0.0326  0.8744

PART 7
OFFSET  16.9793 -0.9539 -7.9735
X  0.7088 -0.5713  0.4137
Y  0.5131  0.8201  0.2534
Z -0.4840  0.0326  0.8744

PART 8
OFFSET  16.0983 -2.5403 -8.9073
X  0.7088 -0.5713  0.4137
Y  0.5131  0.8201  0.2534
Z -0.4840  0.0326  0.8744

PART 9
OFFSET  15.9952 -2.8399 -10.0629
X  0.7088 -0.5713  0.4137
Y  0.5131  0.8201  0.2534
Z -0.4840  0.0326  0.8744

PART 10
OFFSET  18.0899 -2.8536 -9.7187
X  0.9393 -0.3391  0.0526
Y  0.1940  0.6512  0.7337
Z -0.2830 -0.6790  0.6774

PART 11
OFFSET  18.5835 -2.6565 -8.7089
X  0.8851 -0.2401  0.3988
Y  0.0651  0.9121  0.4048
Z -0.4609 -0.3323  0.8229

PART 12
OFFSET  20.4742 -3.1021 -7.7622
X  0.9087 -0.4168 -0.0222
Y  0.3385  0.7049  0.6233
Z -0.2441 -0.5739  0.7817

PART 13
OFFSET  21.8937 -3.8813 -7.7476
X  0.9664 -0.1785  0.1849
Y  0.0608  0.8578  0.5103
Z -0.2497 -0.4820  0.8399

PART 14
OFFSET  22.9284 -4.0818 -7.5005
X  0.8863  0.3546 -0.2978
Y -0.3866  0.2125 -0.8974
Z -0.2549  0.9106  0.3254

PART 15
OFFSET  18.6199 -3.9751 -10.3229
X  0.4721 -0.8813 -0.0226
Y -0.4635 -0.2699  0.8440
Z -0.7499 -0.3880 -0.5359

PART 16
OFFSET  19.7329 -5.9317 -10.1921
X -0.1398 -0.5365  0.8322
Y -0.7452  0.6105  0.2684
Z -0.6520 -0.5826 -0.4852

PART 17
OFFSET  19.5350 -6.6913 -9.0139
X -0.6933  0.2164  0.6873
Y -0.3315  0.7511 -0.5709
Z -0.6398 -0.6237 -0.4491

PART 18
OFFSET  18.9203 -6.4994 -8.4044
X -0.7204  0.6712  0.1746
Y  0.2302  0.4689 -0.8527
Z -0.6542 -0.5741 -0.4923

PART 19
OFFSET  18.2359 -5.8617 -8.2386
X  0.5011 -0.7247  0.4730
Y  0.5547 -0.1505 -0.8183
Z  0.6642  0.6724  0.3266

PART 20
OFFSET  18.9949 -3.5220 -9.9183
X  0.8326 -0.5267 -0.1712
Y -0.3104 -0.6998  0.6434
Z -0.4587 -0.4825 -0.7462

PART 21
OFFSET  20.8858 -5.2903 -10.1557
X -0.0449 -0.7127  0.7001
Y -0.8050  0.4407  0.3971
Z -0.5915 -0.5458 -0.5935

PART 22
OFFSET  20.8094 -6.5036 -8.9638
X -0.7052  0.0058  0.7090
Y -0.3995  0.8229 -0.4041
Z -0.5857 -0.5682 -0.5780

PART 23
OFFSET  19.8320 -6.4956 -7.9812
X -0.8081  0.4879  0.3300
Y  0.0964  0.6623 -0.7430
Z -0.5811 -0.5686 -0.5823

PART 24
OFFSET  18.9556 -5.9665 -7.6233
X  0.5784 -0.8060  0.1254
Y  0.5670  0.2868 -0.7722
Z  0.5864  0.5177  0.6229

PART 25
OFFSET  21.1418 -3.2288 -8.0285
X  0.7676 -0.6337  0.0960
Y  0.5511  0.5760 -0.6037
Z  0.3273  0.5163  0.7914

PART 26
OFFSET  22.0014 -3.4313 -9.2122
X  0.6426 -0.7520 -0.1470
Y -0.4968 -0.5550  0.6672
Z -0.5833 -0.3557 -0.7302

PART 27
OFFSET  23.1327 -4.7553 -9.4710
X  0.3408 -0.9293  0.1421
Y -0.7562 -0.1811  0.6288
Z -0.5586 -0.3217 -0.7645

PART 28
OFFSET  23.5809 -5.8656 -9.2518
X  0.0187 -0.8289  0.5591
Y -0.8344  0.2952  0.4655
Z -0.5509 -0.4751 -0.6861

PART 29
OFFSET  23.6020 -6.8019 -8.6203
X  0.5922 -0.1303 -0.7952
Y -0.1935  0.9350 -0.2973
Z  0.7823  0.3299  0.5285

PART 30
OFFSET  21.6401 -4.2234 -9.8922
X  0.2979 -0.9090  0.2916
Y -0.7560 -0.0381  0.6534
Z -0.5828 -0.4151 -0.6985

PART 31
OFFSET  22.2219 -5.9991 -9.3225
X -0.5282 -0.4652  0.7103
Y -0.5944  0.8000  0.0820
Z -0.6064 -0.3789 -0.6991

PART 32
OFFSET  21.4504 -6.6786 -8.2850
X -0.7826  0.2454  0.5721
Y -0.0105  0.9137 -0.4063
Z -0.6224 -0.3239 -0.7125

PART 33
OFFSET  20.5596 -6.4037 -7.6418
X  0.6466 -0.7510 -0.1337
Y  0.4479  0.5156 -0.7304
Z  0.6175  0.4124  0.6698

PART 34
OFFSET  20.1007 -5.1585 -8.9392
X -0.5149 -0.4884 -0.7046
Y  0.2830  0.6790 -0.6774
Z  0.8092 -0.5482 -0.2114

PART 35
OFFSET  11.2183 -4.6767 -7.4653
X  0.9892 -0.0348 -0.1422
Y  0.0561  0.9873  0.1486
Z  0.1352 -0.1549  0.9786

PART 36
OFFSET  11.2183 -4.6767 -7.4653
X  0.9892 -0.0348 -0.1422
Y  0.0561  0.9873  0.1486
Z  0.1352 -0.1549  0.9786

PART 37
OFFSET  11.4150 -5.0950 -4.6495
X  0.9892 -0.0348 -0.1422
Y  0.0561  0.9873  0.1486
Z  0.1352 -0.1549  0.9786

PART 38
OFFSET  12.9657 -5.1445 -4.9066
X  0.9892 -0.0348 -0.1422
Y  0.0561  0.9873  0.1486
Z  0.1352 -0.1549  0.9786

PART 39
OFFSET  15.9709 -4.6330 -9.5459
X  0.9892 -0.0348 -0.1422
Y  0.0561  0.9873  0.1486
Z  0.1352 -0.1549  0.9786

PART 40
OFFSET  13.3680 -4.5300 -9.2524
X  0.9892 -0.0348 -0.1422
Y  0.0561  0.9873  0.1486
Z  0.1352 -0.1549  0.9786

PART 41
OFFSET  11.3663 -4.6062 -7.9893
X  0.9892 -0.0348 -0.1422
Y  0.0561  0.9873  0.1486
Z  0.1352 -0.1549  0.9786

PART 42
OFFSET  31.8415 -6.4449 -11.4865
X  0.1452  0.3595  0.9218
Y -0.0190  0.9325 -0.3607
Z -0.9892  0.0348  0.1422

PART 43
OFFSET  31.9749 -4.0993 -11.1336
X  0.0891 -0.6278  0.7732
Y  0.1162  0.7776  0.6180
Z -0.9892  0.0348  0.1422

PART 44
OFFSET  21.7179 -5.9451 -3.0207
X -0.4223  0.1583 -0.8925
Y  0.0561  0.9873  0.1486
Z  0.9047  0.0126 -0.4258

PART 45
OFFSET  9.5110 -5.4896 -1.4349
X -0.1130 -0.1416  0.9835
Y  0.0561  0.9873  0.1486
Z -0.9920  0.0720 -0.1036

PART 46
OFFSET -3.5060 -7.9373 -3.1869
X  0.0340 -0.1652  0.9857
Y -0.3808 -0.9140 -0.1401
Z  0.9240 -0.3706 -0.0940

PART 47
OFFSET -3.9175 -5.9390 -15.1075
X -0.8469 -0.0329 -0.5307
Y  0.5121  0.2188 -0.8306
Z  0.1434 -0.9752 -0.1684

PART 48
OFFSET  3.2857 -5.6593 -10.5933
X -0.8469 -0.0329 -0.5307
Y  0.5277  0.0713 -0.8464
Z  0.0657 -0.9969 -0.0430

PART 49
OFFSET  3.9608 -4.6574 -9.0229
X -0.8503 -0.0315 -0.5253
Y -0.1484  0.9721  0.1819
Z  0.5049  0.2326 -0.8313

PART 50
OFFSET  3.8817 -5.4461 -8.1243
X -0.8503 -0.0315 -0.5253
Y -0.1484  0.9721  0.1819
Z  0.5049  0.2326 -0.8313

PART 51
OFFSET  4.2664 -6.6875 -8.4737
X -0.8503 -0.0315 -0.5253
Y -0.1484  0.9721  0.1819
Z  0.5049  0.2326 -0.8313

PART 52
OFFSET  5.8820 -5.5585 -8.9662
X -0.9967  0.0442  0.0676
Y -0.0597  0.1601 -0.9853
Z -0.0544 -0.9861 -0.1569

PART 53
OFFSET  6.4103 -5.3279 -7.9814
X -0.5398 -0.7761 -0.3260
Y  0.6150 -0.0991 -0.7823
Z  0.5748 -0.6228  0.5308

PART 54
OFFSET  7.4818 -3.6086 -7.2293
X -0.9371 -0.2885  0.1964
Y  0.0607 -0.6888 -0.7224
Z  0.3437 -0.6651  0.6630

PART 55
OFFSET  8.9598 -3.1095 -7.6637
X -0.7282  0.0890  0.6795
Y -0.5034 -0.7423 -0.4422
Z  0.4650 -0.6641  0.5854

PART 56
OFFSET  9.7346 -3.1628 -8.4178
X -0.9400  0.3393  0.0344
Y  0.2179  0.6752 -0.7047
Z -0.2624 -0.6549 -0.7087

PART 57
OFFSET  6.6725 -5.2252 -10.0467
X -0.8758 -0.0802  0.4759
Y  0.0163 -0.9904 -0.1370
Z  0.4823 -0.1123  0.8688

PART 58
OFFSET  8.7086 -4.9399 -10.9726
X -0.4177 -0.9074 -0.0451
Y  0.8302 -0.3610 -0.4248
Z  0.3692 -0.2149  0.9041

PART 59
OFFSET  9.3001 -3.6551 -10.9088
X  0.4580 -0.8009 -0.3857
Y  0.8265  0.5434 -0.1470
Z  0.3273 -0.2515  0.9108

PART 60
OFFSET  8.8940 -2.9450 -10.5668
X  0.9231  0.0071 -0.3846
Y  0.0733  0.9782  0.1942
Z  0.3776 -0.2074  0.9024

PART 61
OFFSET  8.0170 -2.9518 -10.2014
X -0.8067 -0.5895  0.0418
Y -0.4909  0.7077  0.5081
Z -0.3291  0.3894 -0.8603

PART 62
OFFSET  6.9238 -5.4790 -9.4287
X -0.9489 -0.0066  0.3156
Y -0.0313 -0.9929 -0.1148
Z  0.3141 -0.1188  0.9419

PART 63
OFFSET  9.3391 -5.4661 -10.3903
X -0.3413 -0.9389 -0.0442
Y  0.8773 -0.3014 -0.3734
Z  0.3373 -0.1662  0.9266

PART 64
OFFSET  9.9202 -3.8676 -10.3151
X  0.5662 -0.7474 -0.3475
Y  0.7593  0.6370 -0.1330
Z  0.3207 -0.1885  0.9282

PART 65
OFFSET  9.1354 -2.8317 -9.8336
X  0.9343  0.2295 -0.2727
Y -0.1633  0.9557  0.2447
Z  0.3168 -0.1841  0.9304

PART 66
OFFSET  8.1221 -3.0806 -9.5377
X -0.6566 -0.7430  0.1294
Y -0.6828  0.6585  0.3166
Z -0.3205  0.1195 -0.9397

PART 67
OFFSET  1.7550 -6.0384 -7.9358
X -0.9414 -0.2636  0.2105
Y -0.2400  0.9619  0.1311
Z -0.2371  0.0729 -0.9688

PART 68
OFFSET  9.7906 -6.2180 -8.5447
X -0.9932 -0.0661 -0.0960
Y  0.0825 -0.9803 -0.1792
Z -0.0822 -0.1859  0.9791

PART 69
OFFSET  11.5393 -6.1016 -8.3758
X -0.2158 -0.9653 -0.1473
Y  0.9730 -0.2253  0.0506
Z -0.0820 -0.1324  0.9878

PART 70
OFFSET  11.7967 -4.9362 -8.1368
X  0.3861 -0.9086 -0.1593
Y  0.9192  0.3645  0.1488
Z -0.0771 -0.2039  0.9759

PART 71
OFFSET  11.3606 -3.9100 -7.9568
X -0.9772 -0.0907  0.1920
Y -0.0796  0.9947  0.0645
Z -0.1969  0.0478 -0.9793

PART 72
OFFSET  9.6293 -5.8627 -9.5783
X -0.2340 -0.9639 -0.1268
Y  0.9665 -0.2165 -0.1378
Z  0.1054 -0.1548  0.9823

PART 73
OFFSET  10.0865 -3.9796 -9.3307
X  0.7161 -0.6749 -0.1780
Y  0.6856  0.7280 -0.0022
Z  0.1311 -0.1205  0.9840

PART 74
OFFSET  9.0406 -2.9938 -9.0707
X  0.9623  0.2396 -0.1285
Y -0.2282  0.9688  0.0972
Z  0.1478 -0.0642  0.9869

PART 75
OFFSET  7.9494 -3.2640 -8.9320
X -0.6016 -0.7983 -0.0266
Y -0.7808  0.5808  0.2302
Z -0.1684  0.1593 -0.9728

PART 76
OFFSET  0.0000 -0.0000 -0.0000
X  1.0000 -0.0000  0.0000
Y  0.0000  1.0000  0.0000
Z  0.0000 -0.0000  1.0000

PART 77
OFFSET  0.0000 -0.0000 -0.0000
X  0.9999 -0.0000  0.0106
Y  0.0006  0.9982 -0.0593
Z -0.0106  0.0593  0.9982

PART 78
OFFSET  1.4966  0.2453  4.1446
X  0.9999 -0.0000  0.0106
Y  0.0006  0.9982 -0.0593
Z -0.0106  0.0593  0.9982


FRAME 328
PART 0
OFFSET  0.0000 -0.0000 -0.0000
X  1.0000 -0.0000  0.0000
Y  0.0000  1.0000  0.0000
Z  0.0000 -0.0000  1.0000

PART 1
OFFSET -4.6318 -0.0000 -1.3770
X  1.0000 -0.0000  0.0000
Y  0.0000  1.0000  0.0000
Z  0.0000 -0.0000  1.0000

PART 2
OFFSET  0.4971  6.7831 -7.1997
X  0.7866 -0.2531 -0.5632
Y -0.2217 -0.9671  0.1250
Z -0.5763  0.0266 -0.8168

PART 3
OFFSET  10.0101  3.7218 -14.0109
X  0.7005 -0.5745  0.4235
Y -0.5240 -0.0112  0.8516
Z -0.4845 -0.8184 -0.3089

PART 4
OFFSET  15.9678 -1.1644 -10.4090
X  0.7005 -0.5745  0.4235
Y  0.1004  0.6668  0.7384
Z -0.7066 -0.4747  0.5248

PART 5
OFFSET  18.1878 -0.5955 -10.0128
X  0.7049 -0.5721  0.4192
Y  0.4900  0.8201  0.2954
Z -0.5128 -0.0028  0.8585

PART 6
OFFSET  16.9823 -2.3307 -11.2744
X  0.7049 -0.5721  0.4192
Y  0.4900  0.8201  0.2954
Z -0.5128 -0.0028  0.8585

PART 7
OFFSET  16.9149 -1.1000 -7.3457
X  0.7049 -0.5721  0.4192
Y  0.4900  0.8201  0.2954
Z -0.5128 -0.0028  0.8585

PART 8
OFFSET  16.0929 -2.6708 -8.3566
X  0.7049 -0.5721  0.4192
Y  0.4900  0.8201  0.2954
Z -0.5128 -0.0028  0.8585

PART 9
OFFSET  16.0329 -2.9357 -9.5236
X  0.7049 -0.5721  0.4192
Y  0.4900  0.8201  0.2954
Z -0.5128 -0.0028  0.8585

PART 10
OFFSET  18.1152 -2.9255 -9.1107
X  0.9342 -0.3364  0.1192
Y  0.1503  0.6737  0.7236
Z -0.3237 -0.6581  0.6798

PART 11
OFFSET  18.5475 -2.6969 -8.0796
X  0.8594 -0.2269  0.4583
Y  0.0415  0.9242  0.3797
Z -0.5097 -0.3073  0.8036

PART 12
OFFSET  20.3777 -3.1114 -7.0082
X  0.9081 -0.4164  0.0451
Y  0.3012  0.7241  0.6204
Z -0.2910 -0.5498  0.7830

PART 13
OFFSET  21.7932 -3.8883 -6.8846
X  0.9535 -0.1718  0.2478
Y  0.0309  0.8732  0.4864
Z -0.3000 -0.4561  0.8378

PART 14
OFFSET  22.8110 -4.0801 -6.5700
X  0.9029  0.3461 -0.2550
Y -0.3320  0.1844 -0.9251
Z -0.2732  0.9199  0.2814

PART 15
OFFSET  18.6794 -4.0645 -9.6473
X  0.4718 -0.8811  0.0328
Y -0.5135 -0.2443  0.8226
Z -0.7168 -0.4050 -0.5677

PART 16
OFFSET  19.7809 -6.0151 -9.3899
X -0.1899 -0.5108  0.8385
Y -0.7594  0.6177  0.2043
Z -0.6223 -0.5979 -0.5052

PART 17
OFFSET  19.5121 -6.7383 -8.2028
X -0.7331  0.2368  0.6376
Y -0.2961  0.7329 -0.6125
Z -0.6123 -0.6378 -0.4672

PART 18
OFFSET  18.8621 -6.5283 -7.6375
X -0.7290  0.6756  0.1104
Y  0.2813  0.4427 -0.8514
Z -0.6241 -0.5896 -0.5127

PART 19
OFFSET  18.1696 -5.8865 -7.5326
X  0.4712 -0.7093  0.5242
Y  0.6026 -0.1751 -0.7786
Z  0.6441  0.6828  0.3449

PART 20
OFFSET  19.0299 -3.5988 -9.2351
X  0.8409 -0.5309 -0.1047
Y -0.3490 -0.6800  0.6448
Z -0.4136 -0.5057 -0.7571

PART 21
OFFSET  20.9300 -5.3717 -9.3043
X -0.0873 -0.6908  0.7177
Y -0.8270  0.4519  0.3344
Z -0.5554 -0.5644 -0.6108

PART 22
OFFSET  20.7814 -6.5478 -8.0823
X -0.7464  0.0269  0.6649
Y -0.3739  0.8096 -0.4524
Z -0.5505 -0.5863 -0.5943

PART 23
OFFSET  19.7469 -6.5106 -7.1608
X -0.8260  0.4970  0.2659
Y  0.1413  0.6392 -0.7559
Z -0.5457 -0.5868 -0.5982

PART 24
OFFSET  18.8511 -5.9715 -6.8724
X  0.5692 -0.8012  0.1845
Y  0.6125  0.2634 -0.7453
Z  0.5485  0.5372  0.6407

PART 25
OFFSET  21.0600 -3.2455 -7.2300
X  0.7599 -0.6297  0.1612
Y  0.5868  0.5577 -0.5871
Z  0.2798  0.5407  0.7933

PART 26
OFFSET  21.9888 -3.4835 -8.3533
X  0.6496 -0.7555 -0.0851
Y -0.5364 -0.5347  0.6530
Z -0.5389 -0.3785 -0.7526

PART 27
OFFSET  23.1324 -4.8137 -8.5031
X  0.3308 -0.9242  0.1908
Y -0.7927 -0.1624  0.5876
Z -0.5121 -0.3456 -0.7863

PART 28
OFFSET  23.5657 -5.9163 -8.2233
X -0.0156 -0.8113  0.5844
Y -0.8605  0.3086  0.4054
Z -0.5093 -0.4966 -0.7029

PART 29
OFFSET  23.5481 -6.8327 -7.5632
X  0.6386 -0.1541 -0.7539
Y -0.1745  0.9252 -0.3369
Z  0.7495  0.3467  0.5640

PART 30
OFFSET  21.6681 -4.2965 -9.0291
X  0.2791 -0.8993  0.3368
Y -0.7938 -0.0187  0.6079
Z -0.5403 -0.4370 -0.7191

PART 31
OFFSET  22.2133 -6.0533 -8.3711
X -0.5702 -0.4437  0.6914
Y -0.5975  0.8016  0.0216
Z -0.5637 -0.4008 -0.7222

PART 32
OFFSET  21.3804 -6.7013 -7.3613
X -0.8152  0.2621  0.5164
Y  0.0146  0.9008 -0.4341
Z -0.5789 -0.3463 -0.7382

PART 33
OFFSET  20.4529 -6.4075 -6.7814
X  0.6528 -0.7542 -0.0715
Y  0.4913  0.4933 -0.7178
Z  0.5766  0.4334  0.6926

PART 34
OFFSET  20.0737 -5.2033 -8.1416
X -0.4722 -0.5103 -0.7188
Y  0.3237  0.6581 -0.6798
Z  0.8199 -0.5537 -0.1456

PART 35
OFFSET  11.1194 -4.6851 -7.2178
X  0.9959 -0.0382 -0.0816
Y  0.0480  0.9915  0.1212
Z  0.0763 -0.1246  0.9893

PART 36
OFFSET  11.1194 -4.6851 -7.2178
X  0.9959 -0.0382 -0.0816
Y  0.0480  0.9915  0.1212
Z  0.0763 -0.1246  0.9893

PART 37
OFFSET  11.1467 -5.0164 -4.3837
X  0.9959 -0.0382 -0.0816
Y  0.0480  0.9915  0.1212
Z  0.0763 -0.1246  0.9893

PART 38
OFFSET  12.7100 -5.0722 -4.5459
X  0.9959 -0.0382 -0.0816
Y  0.0480  0.9915  0.1212
Z  0.0763 -0.1246  0.9893

PART 39
OFFSET  15.9881 -4.7008 -9.0104
X  0.9959 -0.0382 -0.0816
Y  0.0480  0.9915  0.1212
Z  0.0763 -0.1246  0.9893

PART 40
OFFSET  13.3724 -4.5913 -8.8767
X  0.9959 -0.0382 -0.0816
Y  0.0480  0.9915  0.1212
Z  0.0763 -0.1246  0.9893

PART 41
OFFSET  11.2985 -4.6307 -7.7339
X  0.9959 -0.0382 -0.0816
Y  0.0480  0.9915  0.1212
Z  0.0763 -0.1246  0.9893

PART 42
OFFSET  31.9448 -6.5561 -9.9405
X  0.0900  0.3878  0.9173
Y  0.0034  0.9210 -0.3897
Z -0.9959  0.0382  0.0816

PART 43
OFFSET  32.0589 -4.2005 -9.6525
X  0.0420 -0.6037  0.7961
Y  0.0797  0.7963  0.5996
Z -0.9959  0.0382  0.0816

PART 44
OFFSET  21.3328 -5.8059 -2.1155
X -0.2524  0.1294 -0.9589
Y  0.0480  0.9915  0.1212
Z  0.9664 -0.0154 -0.2564

PART 45
OFFSET  9.0532 -5.3138 -1.2784
X  0.0405 -0.1232  0.9916
Y  0.0480  0.9915  0.1212
Z -0.9980  0.0427  0.0461

PART 46
OFFSET -3.5060 -7.9373 -3.1869
X  0.0357 -0.1602  0.9864
Y -0.3841 -0.9134 -0.1345
Z  0.9226 -0.3741 -0.0942

PART 47
OFFSET -3.9379 -5.9994 -15.1167
X -0.8486 -0.0330 -0.5280
Y  0.5102  0.2127 -0.8334
Z  0.1398 -0.9766 -0.1637

PART 48
OFFSET  3.2801 -5.7190 -10.6263
X -0.8486 -0.0330 -0.5280
Y  0.5259  0.0541 -0.8488
Z  0.0565 -0.9980 -0.0286

PART 49
OFFSET  3.9632 -4.7110 -9.0633
X -0.8520 -0.0316 -0.5225
Y -0.1447  0.9735  0.1771
Z  0.5031  0.2265 -0.8340

PART 50
OFFSET  3.8845 -5.4946 -8.1603
X -0.8520 -0.0316 -0.5225
Y -0.1447  0.9735  0.1771
Z  0.5031  0.2265 -0.8340

PART 51
OFFSET  4.2641 -6.7390 -8.5043
X -0.8520 -0.0316 -0.5225
Y -0.1447  0.9735  0.1771
Z  0.5031  0.2265 -0.8340

PART 52
OFFSET  5.8817 -5.6178 -9.0077
X -0.9990  0.0453  0.0064
Y -0.0005  0.1296 -0.9916
Z -0.0457 -0.9905 -0.1295

PART 53
OFFSET  6.3503 -5.3566 -8.0006
X -0.5200 -0.7863 -0.3337
Y  0.6606 -0.1225 -0.7406
Z  0.5415 -0.6056  0.5832

PART 54
OFFSET  7.3763 -3.6139 -7.2390
X -0.9475 -0.2832  0.1487
Y  0.1032 -0.7106 -0.6959
Z  0.3028 -0.6440  0.7025

PART 55
OFFSET  8.8781 -3.1269 -7.5992
X -0.7676  0.1092  0.6316
Y -0.4766 -0.7561 -0.4486
Z  0.4286 -0.6453  0.6323

PART 56
OFFSET  9.6966 -3.2026 -8.3035
X -0.9401  0.3393 -0.0324
Y  0.2603  0.6534 -0.7108
Z -0.2200 -0.6767 -0.7026

PART 57
OFFSET  6.7358 -5.3172 -10.0487
X -0.9028 -0.0664  0.4248
Y  0.0236 -0.9942 -0.1053
Z  0.4293 -0.0850  0.8991

PART 58
OFFSET  8.8240 -5.0585 -10.8594
X -0.4151 -0.9088 -0.0421
Y  0.8538 -0.3731 -0.3630
Z  0.3142 -0.1866  0.9308

PART 59
OFFSET  9.4116 -3.7718 -10.7998
X  0.4796 -0.8120 -0.3328
Y  0.8343  0.5394 -0.1139
Z  0.2720 -0.2230  0.9361

PART 60
OFFSET  8.9864 -3.0519 -10.5047
X  0.9444 -0.0038 -0.3286
Y  0.0624  0.9838  0.1680
Z  0.3227 -0.1792  0.9294

PART 61
OFFSET  8.0892 -3.0483 -10.1925
X -0.8082 -0.5888  0.0115
Y -0.5199  0.7225  0.4558
Z -0.2766  0.3624 -0.8900

PART 62
OFFSET  6.9494 -5.5516 -9.4092
X -0.9661  0.0022  0.2583
Y -0.0252 -0.9960 -0.0859
Z  0.2571 -0.0895  0.9622

PART 63
OFFSET  9.4180 -5.5660 -10.2244
X -0.3389 -0.9402 -0.0356
Y  0.8979 -0.3119 -0.3108
Z  0.2811 -0.1373  0.9498

PART 64
OFFSET  9.9949 -3.9653 -10.1638
X  0.5854 -0.7572 -0.2898
Y  0.7665  0.6334 -0.1068
Z  0.2644 -0.1596  0.9511

PART 65
OFFSET  9.1837 -2.9159 -9.7622
X  0.9492  0.2219 -0.2232
Y -0.1769  0.9626  0.2050
Z  0.2604 -0.1551  0.9530

PART 66
OFFSET  8.1542 -3.1566 -9.5201
X -0.6638 -0.7393  0.1127
Y -0.6999  0.6672  0.2548
Z -0.2635  0.0903 -0.9604

PART 67
OFFSET  1.7000 -6.0698 -8.2121
X -0.9525 -0.2579  0.1618
Y -0.2466  0.9652  0.0869
Z -0.1786  0.0429 -0.9830

PART 68
OFFSET  9.7575 -6.2602 -8.3329
X -0.9857 -0.0700 -0.1532
Y  0.0923 -0.9853 -0.1437
Z -0.1409 -0.1558  0.9777

PART 69
OFFSET  11.4930 -6.1371 -8.0632
X -0.2075 -0.9695 -0.1302
Y  0.9680 -0.2227  0.1157
Z -0.1411 -0.1020  0.9847

PART 70
OFFSET  11.7367 -4.9646 -7.8452
X  0.3942 -0.9127 -0.1079
Y  0.9090  0.3698  0.1923
Z -0.1356 -0.1739  0.9754

PART 71
OFFSET  11.2915 -3.9337 -7.7233
X -0.9870 -0.0857  0.1359
Y -0.0825  0.9962  0.0290
Z -0.1378  0.0174 -0.9903

PART 72
OFFSET  9.6587 -5.9371 -9.3847
X -0.2269 -0.9676 -0.1108
Y  0.9728 -0.2197 -0.0729
Z  0.0462 -0.1244  0.9912

PART 73
OFFSET  10.1019 -4.0469 -9.1682
X  0.7249 -0.6794 -0.1140
Y  0.6851  0.7282  0.0164
Z  0.0719 -0.0900  0.9933

PART 74
OFFSET  9.0431 -3.0545 -9.0017
X  0.9685  0.2364 -0.0780
Y -0.2327  0.9711  0.0535
Z  0.0884 -0.0336  0.9955

PART 75
OFFSET  7.9454 -3.3214 -8.9204
X -0.5996 -0.7994 -0.0380
Y -0.7927  0.5868  0.1651
Z -0.1097  0.1291 -0.9855

PART 76
OFFSET  0.0000 -0.0000 -0.0000
X  1.0000 -0.0000  0.0000
Y  0.0000  1.0000  0.0000
Z  0.0000 -0.0000  1.0000

PART 77
OFFSET  0.0000 -0.0000 -0.0000
X  0.9994  0.0000  0.0349
Y  0.0036  0.9945 -0.1045
Z -0.0347  0.1045  0.9939

PART 78
OFFSET  1.3960  0.4323  4.1643
X  0.9994  0.0000  0.0349
Y  0.0036  0.9945 -0.1045
Z -0.0347  0.1045  0.9939


FRAME 329
PART 0
OFFSET  0.0000 -0.0000 -0.0000
X  1.0000 -0.0000  0.0000
Y  0.0000  1.0000  0.0000
Z  0.0000 -0.0000  1.0000

PART 1
OFFSET -4.6318 -0.0000 -1.3770
X  1.0000 -0.0000  0.0000
Y  0.0000  1.0000  0.0000
Z  0.0000 -0.0000  1.0000

PART 2
