// Export filename: `C:\projects\cod\t5\xanim_export\t5_viewmodels\l96a1\l96a1_putaway.XANIM_EXPORT`
// Source filename: `D:\projects\devanim\t5\animation_assets\viewmodels\l96a1\ViewModel_l96a1_animated.fbx`
// Export time: Sun Aug 29 21:43:54 2010

ANIMATION
VERSION 3

NUMPARTS 79
PART 0 "tag_ads"
PART 1 "tag_torso"
PART 2 "J_Shoulder_LE"
PART 3 "J_Elbow_LE"
PART 4 "J_WristTwist_LE"
PART 5 "J_Sleave_Reshape_Bottom_LE_1"
PART 6 "J_Sleave_Reshape_Bottom_LE_2"
PART 7 "J_Sleave_Reshape_Top_LE_1"
PART 8 "J_Sleave_Reshape_Top_LE_2"
PART 9 "J_Sleave_Reshape_Top_LE_3"
PART 10 "J_Wrist_LE"
PART 11 "J_Thumb_LE_0"
PART 12 "J_Thumb_LE_1"
PART 13 "J_Thumb_LE_2"
PART 14 "J_Thumb_LE_3"
PART 15 "J_PinkyPalm_LE"
PART 16 "J_Pinky_LE_0"
PART 17 "J_Pinky_LE_1"
PART 18 "J_Pinky_LE_2"
PART 19 "J_Pinky_LE_3"
PART 20 "J_RingPalm_LE"
PART 21 "J_Ring_LE_0"
PART 22 "J_Ring_LE_1"
PART 23 "J_Ring_LE_2"
PART 24 "J_Ring_LE_3"
PART 25 "J_Webbing_LE"
PART 26 "J_Index_LE_0"
PART 27 "J_Index_LE_1"
PART 28 "J_Index_LE_2"
PART 29 "J_Index_LE_3"
PART 30 "J_Mid_LE_0"
PART 31 "J_Mid_LE_1"
PART 32 "J_Mid_LE_2"
PART 33 "J_Mid_LE_3"
PART 34 "tag_knife_attach"
PART 35 "tag_weapon"
PART 36 "J_Gun"
PART 37 "tag_bolt"
PART 38 "tag_bolt_handle"
PART 39 "tag_clip"
PART 40 "tag_clip_release"
PART 41 "tag_trigger"
PART 42 "tag_bipod_right"
PART 43 "tag_bipod_left"
PART 44 "tag_backlip"
PART 45 "tag_frontlip"
PART 46 "J_Shoulder_RI"
PART 47 "J_Elbow_RI"
PART 48 "J_WristTwist_RI"
PART 49 "J_Sleave_Reshape_Top_RI_3"
PART 50 "J_Sleave_Reshape_Top_RI_2"
PART 51 "J_Sleave_Reshape_Top_RI_1"
PART 52 "J_Wrist_RI"
PART 53 "J_Thumb_RI_0"
PART 54 "J_Thumb_RI_1"
PART 55 "J_Thumb_RI_2"
PART 56 "J_Thumb_RI_3"
PART 57 "J_PinkyPalm_RI"
PART 58 "J_Pinky_RI_0"
PART 59 "J_Pinky_RI_1"
PART 60 "J_Pinky_RI_2"
PART 61 "J_Pinky_RI_3"
PART 62 "J_RingPalm_RI"
PART 63 "J_Ring_RI_0"
PART 64 "J_Ring_RI_1"
PART 65 "J_Ring_RI_2"
PART 66 "J_Ring_RI_3"
PART 67 "J_Webbing_RI"
PART 68 "J_Index_RI_0"
PART 69 "J_Index_RI_1"
PART 70 "J_Index_RI_2"
PART 71 "J_Index_RI_3"
PART 72 "J_Mid_RI_0"
PART 73 "J_Mid_RI_1"
PART 74 "J_Mid_RI_2"
PART 75 "J_Mid_RI_3"
PART 76 "tag_cambone"
PART 77 "tag_camera"
PART 78 "tag_gasmask"

FRAMERATE 30
NUMFRAMES 44

FRAME 50
PART 0
OFFSET  0.0000 -0.0000 -0.0000
X  1.0000 -0.0000  0.0000
Y  0.0000  1.0000  0.0000
Z  0.0000 -0.0000  1.0000

PART 1
OFFSET -4.6318 -0.0000 -1.3770
X  1.0000 -0.0000  0.0000
Y  0.0000  1.0000  0.0000
Z  0.0000 -0.0000  1.0000

PART 2
OFFSET -1.2815  5.8385 -7.1997
X  0.8967 -0.1569 -0.4139
Y -0.1833 -0.9828 -0.0246
Z -0.4029  0.0979 -0.9100

PART 3
OFFSET  9.5629  3.9414 -12.2057
X  0.7258 -0.5678  0.3884
Y -0.5844 -0.2110  0.7836
Z -0.3630 -0.7956 -0.4850

PART 4
OFFSET  15.7358 -0.8884 -8.9025
X  0.7258 -0.5678  0.3884
Y  0.1861  0.7055  0.6838
Z -0.6623 -0.4240  0.6178

PART 5
OFFSET  17.8393 -0.1820 -8.2057
X  0.7302 -0.5644  0.3850
Y  0.3693  0.8002  0.4726
Z -0.5748 -0.2029  0.7928

PART 6
OFFSET  16.9404 -1.7805 -9.8467
X  0.7302 -0.5644  0.3850
Y  0.3693  0.8002  0.4726
Z -0.5748 -0.2029  0.7928

PART 7
OFFSET  16.4270 -1.2666 -5.7938
X  0.7302 -0.5644  0.3850
Y  0.3693  0.8002  0.4726
Z -0.5748 -0.2029  0.7928

PART 8
OFFSET  15.8699 -2.7100 -7.1246
X  0.7302 -0.5644  0.3850
Y  0.3693  0.8002  0.4726
Z -0.5748 -0.2029  0.7928

PART 9
OFFSET  15.9318 -2.7719 -8.3196
X  0.7302 -0.5644  0.3850
Y  0.3693  0.8002  0.4726
Z -0.5748 -0.2029  0.7928

PART 10
OFFSET  17.9607 -2.6293 -7.7119
X  0.9335 -0.2742  0.2310
Y  0.0648  0.7628  0.6433
Z -0.3527 -0.5856  0.7299

PART 11
OFFSET  18.2984 -2.2569 -6.6874
X  0.8272 -0.1281  0.5471
Y -0.0250  0.9643  0.2636
Z -0.5614 -0.2317  0.7944

PART 12
OFFSET  20.0497 -2.4501 -5.4362
X  0.9166 -0.3638  0.1658
Y  0.2216  0.8076  0.5465
Z -0.3327 -0.4642  0.8209

PART 13
OFFSET  21.4789 -3.1374 -5.1092
X  0.9359 -0.0945  0.3393
Y -0.0423  0.9262  0.3747
Z -0.3497 -0.3651  0.8628

PART 14
OFFSET  22.4743 -3.2406 -4.6965
X  0.9068  0.3556 -0.2265
Y -0.2622  0.0547 -0.9635
Z -0.3302  0.9330  0.1429

PART 15
OFFSET  18.6100 -3.7964 -8.0578
X  0.5009 -0.8469  0.1783
Y -0.5692 -0.1672  0.8051
Z -0.6520 -0.5047 -0.5658

PART 16
OFFSET  19.7606 -5.6463 -7.4761
X -0.2380 -0.4139  0.8787
Y -0.7966  0.6008  0.0672
Z -0.5557 -0.6839 -0.4727

PART 17
OFFSET  19.4237 -6.2324 -6.2321
X -0.7912  0.2769  0.5454
Y -0.2729  0.6382 -0.7199
Z -0.5473 -0.7184 -0.4294

PART 18
OFFSET  18.7222 -5.9869 -5.7485
X -0.7608  0.6482 -0.0306
Y  0.3327  0.3492 -0.8760
Z -0.5572 -0.6767 -0.4813

PART 19
OFFSET  17.9994 -5.3711 -5.7776
X  0.4537 -0.6171  0.6429
Y  0.6704 -0.2390 -0.7025
Z  0.5872  0.7497  0.3052

PART 20
OFFSET  18.9076 -3.2680 -7.6813
X  0.8663 -0.4987  0.0267
Y -0.3742 -0.6128  0.6961
Z -0.3308 -0.6130 -0.7175

PART 21
OFFSET  20.8735 -4.9429 -7.3839
X -0.1191 -0.6021  0.7895
Y -0.8682  0.4489  0.2114
Z -0.4817 -0.6602 -0.5762

PART 22
OFFSET  20.6707 -5.9680 -6.0398
X -0.7987  0.0714  0.5975
Y -0.3664  0.7299 -0.5770
Z -0.4774 -0.6798 -0.5568

PART 23
OFFSET  19.5638 -5.8691 -5.2117
X -0.8633  0.4854  0.1381
Y  0.1780  0.5489 -0.8167
Z -0.4722 -0.6805 -0.5603

PART 24
OFFSET  18.6275 -5.3426 -5.0619
X  0.5824 -0.7447  0.3258
Y  0.6607  0.2003 -0.7234
Z  0.4735  0.6366  0.6087

PART 25
OFFSET  20.7524 -2.5772 -5.5870
X  0.7677 -0.5684  0.2959
Y  0.6109  0.5100 -0.6055
Z  0.1932  0.6457  0.7388

PART 26
OFFSET  21.7782 -2.9047 -6.5977
X  0.6827 -0.7282  0.0595
Y -0.5670 -0.4767  0.6717
Z -0.4608 -0.4924 -0.7384

PART 27
OFFSET  22.9802 -4.1869 -6.4928
X  0.3493 -0.8773  0.3292
Y -0.8312 -0.1279  0.5411
Z -0.4326 -0.4626 -0.7739

PART 28
OFFSET  23.4311 -5.2253 -6.0457
X -0.0322 -0.7343  0.6781
Y -0.9019  0.3138  0.2970
Z -0.4308 -0.6020 -0.6723

PART 29
OFFSET  23.3948 -6.0547 -5.2798
X  0.7034 -0.2135 -0.6779
Y -0.1817  0.8681 -0.4619
Z  0.6872  0.4481  0.5718

PART 30
OFFSET  21.5450 -3.8081 -7.1893
X  0.2848 -0.8374  0.4665
Y -0.8395  0.0170  0.5431
Z -0.4627 -0.5463 -0.6981

PART 31
OFFSET  22.1014 -5.4440 -6.2780
X -0.6074 -0.3835  0.6958
Y -0.6275  0.7687 -0.1241
Z -0.4872 -0.5120 -0.7075

PART 32
OFFSET  21.2143 -6.0041 -5.2617
X -0.8641  0.2833  0.4160
Y  0.0156  0.8412 -0.5406
Z -0.5031 -0.4606 -0.7312

PART 33
OFFSET  20.2321 -5.6870 -4.7953
X  0.6848 -0.7251  0.0730
Y  0.5290  0.4257 -0.7341
Z  0.5012  0.5413  0.6751

PART 34
OFFSET  19.9193 -4.6761 -6.3200
X -0.3921 -0.6157 -0.6835
Y  0.3527  0.5856 -0.7299
Z  0.8496 -0.5272 -0.0125

PART 35
OFFSET  10.9063 -4.4801 -6.1535
X  1.0000 -0.0000  0.0000
Y  0.0000  1.0000  0.0000
Z  0.0000 -0.0000  1.0000

PART 36
OFFSET  10.9063 -4.4801 -6.1535
X  1.0000 -0.0000  0.0000
Y  0.0000  1.0000  0.0000
Z  0.0000 -0.0000  1.0000

PART 37
OFFSET  10.7149 -4.4638 -3.3065
X  1.0000 -0.0000  0.0000
Y  0.0000  1.0000  0.0000
Z  0.0000 -0.0000  1.0000

PART 38
OFFSET  12.2872 -4.4638 -3.3407
X  1.0000 -0.0000  0.0000
Y  0.0000  1.0000  0.0000
Z  0.0000 -0.0000  1.0000

PART 39
OFFSET  15.9020 -4.4794 -7.5536
X  1.0000 -0.0000  0.0000
Y  0.0000  1.0000  0.0000
Z  0.0000 -0.0000  1.0000

PART 40
OFFSET  13.2818 -4.4801 -7.6345
X  1.0000 -0.0000  0.0000
Y  0.0000  1.0000  0.0000
Z  0.0000 -0.0000  1.0000

PART 41
OFFSET  11.1247 -4.4801 -6.6572
X  1.0000 -0.0000  0.0000
Y  0.0000  1.0000  0.0000
Z  0.0000 -0.0000  1.0000

PART 42
OFFSET  31.9407 -5.6656 -7.0257
X -0.0000  0.5000  0.8660
Y  0.0000  0.8660 -0.5000
Z -1.0000  0.0000 -0.0000

PART 43
OFFSET  31.9407 -3.2898 -7.0257
X -0.0000 -0.5000  0.8660
Y  0.0000  0.8660  0.5000
Z -1.0000  0.0000 -0.0000

PART 44
OFFSET  20.7047 -4.4827 -0.1874
X -0.2300 -0.0000 -0.9732
Y -0.0000  1.0000  0.0000
Z  0.9732  0.0000 -0.2300

PART 45
OFFSET  8.3880 -4.4827 -0.3571
X -0.3786 -0.0000  0.9255
Y -0.0000  1.0000 -0.0000
Z -0.9255 -0.0000 -0.3786

PART 46
OFFSET -3.5060 -7.9373 -3.1869
X -0.0236 -0.0660  0.9975
Y -0.3430 -0.9367 -0.0701
Z  0.9390 -0.3439 -0.0006

PART 47
OFFSET -3.2209 -7.1392 -15.2511
X -0.7858 -0.1094 -0.6087
Y  0.5906  0.1593 -0.7911
Z  0.1835 -0.9811 -0.0606

PART 48
OFFSET  3.4626 -6.2087 -10.0736
X -0.7858 -0.1094 -0.6087
Y  0.6142 -0.0221 -0.7889
Z  0.0729 -0.9938  0.0845

PART 49
OFFSET  3.9459 -5.0461 -8.5438
X -0.7898 -0.1077 -0.6038
Y -0.1898  0.9791  0.0737
Z  0.5833  0.1728 -0.7937

PART 50
OFFSET  3.7923 -5.7519 -7.5878
X -0.7898 -0.1077 -0.6038
Y -0.1898  0.9791  0.0737
Z  0.5833  0.1728 -0.7937

PART 51
OFFSET  4.2410 -7.0063 -7.7780
X -0.7898 -0.1077 -0.6038
Y -0.1898  0.9791  0.0737
Z  0.5833  0.1728 -0.7937

PART 52
OFFSET  5.8716 -5.8733 -8.2074
X -0.9971 -0.0023 -0.0755
Y  0.0755  0.0083 -0.9971
Z  0.0029 -1.0000 -0.0081

PART 53
OFFSET  6.2462 -5.4697 -7.2079
X -0.4606 -0.8450 -0.2718
Y  0.7231 -0.1796 -0.6670
Z  0.5148 -0.5037  0.6937

PART 54
OFFSET  7.1392 -3.6004 -6.5934
X -0.9449 -0.3083  0.1101
Y  0.1868 -0.7840 -0.5920
Z  0.2688 -0.5389  0.7983

PART 55
OFFSET  8.6457 -3.0891 -6.8960
X -0.8201  0.1479  0.5527
Y -0.4092 -0.8269 -0.3859
Z  0.3999 -0.5426  0.7387

PART 56
OFFSET  9.5212 -3.2102 -7.5209
X -0.9466  0.2874 -0.1460
Y  0.2923  0.5742 -0.7648
Z -0.1359 -0.7666 -0.6275

PART 57
OFFSET  6.7957 -5.6604 -9.2096
X -0.9313 -0.0577  0.3597
Y  0.0701 -0.9973  0.0216
Z  0.3575  0.0453  0.9328

PART 58
OFFSET  8.9316 -5.4019 -9.8846
X -0.3752 -0.9261  0.0400
Y  0.8942 -0.3730 -0.2475
Z  0.2441 -0.0571  0.9681

PART 59
OFFSET  9.4628 -4.0908 -9.9411
X  0.5358 -0.8223 -0.1914
Y  0.8196  0.5611 -0.1163
Z  0.2030 -0.0946  0.9746

PART 60
OFFSET  8.9877 -3.3617 -9.7714
X  0.9676  0.0017 -0.2526
Y  0.0108  0.9988  0.0484
Z  0.2524 -0.0495  0.9664

PART 61
OFFSET  8.0685 -3.3634 -9.5314
X -0.7834 -0.6211  0.0231
Y -0.5826  0.7466  0.3212
Z -0.2168  0.2381 -0.9467

PART 62
OFFSET  6.9652 -5.8051 -8.5315
X -0.9833 -0.0129  0.1816
Y  0.0200 -0.9991  0.0372
Z  0.1809  0.0402  0.9827

PART 63
OFFSET  9.4908 -5.7996 -9.1478
X -0.2986 -0.9527  0.0561
Y  0.9315 -0.3038 -0.2001
Z  0.2077 -0.0075  0.9782

PART 64
OFFSET  9.9992 -4.1776 -9.2433
X  0.6356 -0.7578 -0.1476
Y  0.7478  0.6518 -0.1261
Z  0.1918 -0.0302  0.9810

PART 65
OFFSET  9.1184 -3.1274 -9.0387
X  0.9550  0.2385 -0.1761
Y -0.2297  0.9708  0.0693
Z  0.1875 -0.0258  0.9819

PART 66
OFFSET  8.0826 -3.3860 -8.8477
X -0.6420 -0.7512  0.1530
Y -0.7434  0.6588  0.1155
Z -0.1875 -0.0396 -0.9815

PART 67
OFFSET  1.6593 -6.4257 -7.6829
X -0.9520 -0.2818  0.1195
Y -0.2895  0.9557 -0.0532
Z -0.0993 -0.0852 -0.9914

PART 68
OFFSET  9.7012 -6.2424 -7.1642
X -0.9665 -0.1352 -0.2180
Y  0.1413 -0.9899 -0.0123
Z -0.2141 -0.0427  0.9759

PART 69
OFFSET  11.4029 -6.0043 -6.7804
X -0.1589 -0.9870 -0.0238
Y  0.9631 -0.1603  0.2160
Z -0.2170  0.0115  0.9761

PART 70
OFFSET  11.5829 -4.8037 -6.6922
X  0.4363 -0.8990  0.0371
Y  0.8754  0.4336  0.2135
Z -0.2080 -0.0607  0.9762

PART 71
OFFSET  11.0902 -3.7882 -6.7341
X -0.9908 -0.1158  0.0698
Y -0.1226  0.9872 -0.1017
Z -0.0571 -0.1094 -0.9924

PART 72
OFFSET  9.6762 -6.0543 -8.2525
X -0.1799 -0.9837 -0.0063
Y  0.9832 -0.1800  0.0294
Z -0.0301 -0.0009  0.9995

PART 73
OFFSET  10.0276 -4.1326 -8.2401
X  0.7572 -0.6526  0.0272
Y  0.6532  0.7569 -0.0223
Z -0.0060  0.0346  0.9994

PART 74
OFFSET  8.9217 -3.1794 -8.2799
X  0.9619  0.2714 -0.0328
Y -0.2733  0.9581 -0.0859
Z  0.0081  0.0916  0.9958

PART 75
OFFSET  7.8320 -3.4868 -8.2499
X -0.5635 -0.8259  0.0163
Y -0.8254  0.5638  0.0297
Z -0.0338  0.0033 -0.9994

PART 76
OFFSET  0.0000 -0.0000 -0.0000
X  1.0000 -0.0000  0.0000
Y  0.0000  1.0000  0.0000
Z  0.0000 -0.0000  1.0000

PART 77
OFFSET  0.0000 -0.0000 -0.0000
X  1.0000 -0.0000  0.0000
Y  0.0000  1.0000  0.0000
Z  0.0000 -0.0000  1.0000

PART 78
OFFSET  1.5404 -0.0000  4.1357
X  1.0000 -0.0000  0.0000
Y  0.0000  1.0000  0.0000
Z  0.0000 -0.0000  1.0000


FRAME 51
PART 0
OFFSET  0.0000 -0.0000 -0.0000
X  1.0000 -0.0000  0.0000
Y  0.0000  1.0000  0.0000
Z  0.0000 -0.0000  1.0000

PART 1
OFFSET -4.6318 -0.0000 -1.3770
X  1.0000 -0.0000  0.0000
Y  0.0000  1.0000  0.0000
Z  0.0000 -0.0000  1.0000

PART 2
OFFSET -1.1768  5.7621 -7.1859
X  0.8950 -0.1459 -0.4215
Y -0.1772 -0.9835 -0.0358
Z -0.4094  0.1067 -0.9061

PART 3
OFFSET  9.6470  3.9972 -12.2840
X  0.7168 -0.5736  0.3964
Y -0.5965 -0.2100  0.7747
Z -0.3611 -0.7918 -0.4926

PART 4
OFFSET  15.7439 -0.8814 -8.9121
X  0.7168 -0.5736  0.3964
Y  0.1883  0.7067  0.6820
Z -0.6714 -0.4143  0.6146

PART 5
OFFSET  17.8418 -0.1902 -8.1838
X  0.7214 -0.5701  0.3932
Y  0.3676  0.7963  0.4803
Z -0.5869 -0.2020  0.7840

PART 6
OFFSET  16.9561 -1.7777 -9.8425
X  0.7214 -0.5701  0.3932
Y  0.3676  0.7963  0.4803
Z -0.5869 -0.2020  0.7840

PART 7
OFFSET  16.3896 -1.2741 -5.7954
X  0.7214 -0.5701  0.3932
Y  0.3676  0.7963  0.4803
Z -0.5869 -0.2020  0.7840

PART 8
OFFSET  15.8422 -2.7097 -7.1386
X  0.7214 -0.5701  0.3932
Y  0.3676  0.7963  0.4803
Z -0.5869 -0.2020  0.7840

PART 9
OFFSET  15.9203 -2.7680 -8.3329
X  0.7214 -0.5701  0.3932
Y  0.3676  0.7963  0.4803
Z -0.5869 -0.2020  0.7840

PART 10
OFFSET  17.9415 -2.6398 -7.6967
X  0.9344 -0.2751  0.2265
Y  0.0688  0.7629  0.6428
Z -0.3496 -0.5850  0.7318

PART 11
OFFSET  18.2847 -2.2676 -6.6740
X  0.8297 -0.1289  0.5431
Y -0.0227  0.9644  0.2635
Z -0.5577 -0.2309  0.7973

PART 12
OFFSET  20.0419 -2.4623 -5.4314
X  0.9171 -0.3647  0.1613
Y  0.2252  0.8075  0.5452
Z -0.3291 -0.4636  0.8226

PART 13
OFFSET  21.4720 -3.1511 -5.1114
X  0.9375 -0.0954  0.3347
Y -0.0395  0.9263  0.3747
Z -0.3457 -0.3645  0.8646

PART 14
OFFSET  22.4694 -3.2552 -4.7036
X  0.9060  0.3546 -0.2311
Y -0.2669  0.0548 -0.9622
Z -0.3285  0.9334  0.1443

PART 15
OFFSET  18.5877 -3.8078 -8.0455
X  0.5009 -0.8474  0.1760
Y -0.5653 -0.1664  0.8079
Z -0.6554 -0.5042 -0.5624

PART 16
OFFSET  19.7393 -5.6587 -7.4691
X -0.2340 -0.4135  0.8799
Y -0.7956  0.6016  0.0711
Z -0.5588 -0.6835 -0.4698

PART 17
OFFSET  19.4080 -6.2441 -6.2233
X -0.7882  0.2778  0.5492
Y -0.2758  0.6383 -0.7187
Z -0.5502 -0.7179 -0.4265

PART 18
OFFSET  18.7092 -5.9978 -5.7363
X -0.7603  0.6490 -0.0269
Y  0.3287  0.3486 -0.8777
Z -0.5603 -0.6762 -0.4784

PART 19
OFFSET  17.9869 -5.3812 -5.7619
X  0.4562 -0.6175  0.6408
Y  0.6666 -0.2399 -0.7058
Z  0.5895  0.7491  0.3021

PART 20
OFFSET  18.8878 -3.2796 -7.6706
X  0.8659 -0.4997  0.0225
Y -0.3714 -0.6122  0.6981
Z -0.3350 -0.6128 -0.7157

PART 21
OFFSET  20.8534 -4.9565 -7.3826
X -0.1158 -0.6018  0.7902
Y -0.8667  0.4499  0.2156
Z -0.4853 -0.6599 -0.5737

PART 22
OFFSET  20.6562 -5.9811 -6.0372
X -0.7956  0.0724  0.6015
Y -0.3685  0.7302 -0.5753
Z -0.4809 -0.6794 -0.5543

PART 23
OFFSET  19.5535 -5.8807 -5.2037
X -0.8621  0.4863  0.1423
Y  0.1745  0.5485 -0.8177
Z -0.4757 -0.6801 -0.5578

PART 24
OFFSET  18.6185 -5.3533 -5.0494
X  0.5833 -0.7453  0.3231
Y  0.6574  0.1994 -0.7267
Z  0.4772  0.6363  0.6062

PART 25
OFFSET  20.7437 -2.5902 -5.5857
X  0.7686 -0.5691  0.2922
Y  0.6085  0.5092 -0.6087
Z  0.1976  0.6456  0.7376

PART 26
OFFSET  21.7641 -2.9191 -6.6014
X  0.6823 -0.7289  0.0563
Y -0.5642 -0.4759  0.6747
Z -0.4650 -0.4921 -0.7360

PART 27
OFFSET  22.9653 -4.2025 -6.5022
X  0.3500 -0.8776  0.3276
Y -0.8286 -0.1269  0.5453
Z -0.4370 -0.4623 -0.7716

PART 28
OFFSET  23.4173 -5.2413 -6.0570
X -0.0296 -0.7341  0.6784
Y -0.9000  0.3148  0.3014
Z -0.4348 -0.6017 -0.6700

PART 29
OFFSET  23.3839 -6.0705 -5.2907
X  0.6998 -0.2144 -0.6814
Y -0.1830  0.8682 -0.4612
Z  0.6905  0.4475  0.5683

PART 30
OFFSET  21.5270 -3.8223 -7.1916
X  0.2863 -0.8376  0.4653
Y -0.8368  0.0180  0.5473
Z -0.4668 -0.5460 -0.6957

PART 31
OFFSET  22.0863 -5.4586 -6.2826
X -0.6043 -0.3826  0.6989
Y -0.6273  0.7693 -0.1212
Z -0.4913 -0.5116 -0.7049

PART 32
OFFSET  21.2036 -6.0175 -5.2619
X -0.8617  0.2843  0.4203
Y  0.0138  0.8410 -0.5408
Z -0.5072 -0.4603 -0.7286

PART 33
OFFSET  20.2241 -5.6993 -4.7907
X  0.6844 -0.7258  0.0698
Y  0.5258  0.4250 -0.7368
Z  0.5051  0.5410  0.6725

PART 34
OFFSET  19.9048 -4.6884 -6.3140
X -0.3962 -0.6155 -0.6814
Y  0.3496  0.5850 -0.7318
Z  0.8490 -0.5281 -0.0166

PART 35
OFFSET  10.8929 -4.4829 -6.1028
X  1.0000 -0.0011 -0.0050
Y  0.0011  1.0000 -0.0002
Z  0.0050  0.0002  1.0000

PART 36
OFFSET  10.8929 -4.4829 -6.1028
X  1.0000 -0.0011 -0.0050
Y  0.0011  1.0000 -0.0002
Z  0.0050  0.0002  1.0000

PART 37
OFFSET  10.7157 -4.4656 -3.2548
X  1.0000 -0.0011 -0.0050
Y  0.0011  1.0000 -0.0002
Z  0.0050  0.0002  1.0000

PART 38
OFFSET  12.2878 -4.4673 -3.2969
X  1.0000 -0.0011 -0.0050
Y  0.0011  1.0000 -0.0002
Z  0.0050  0.0002  1.0000

PART 39
OFFSET  15.8816 -4.4877 -7.5277
X  1.0000 -0.0011 -0.0050
Y  0.0011  1.0000 -0.0002
Z  0.0050  0.0002  1.0000

PART 40
OFFSET  13.2610 -4.4857 -7.5955
X  1.0000 -0.0011 -0.0050
Y  0.0011  1.0000 -0.0002
Z  0.0050  0.0002  1.0000

PART 41
OFFSET  11.1088 -4.4832 -6.6076
X  1.0000 -0.0011 -0.0050
Y  0.0011  1.0000 -0.0002
Z  0.0050  0.0002  1.0000

PART 42
OFFSET  31.9214 -5.6908 -7.0792
X  0.0048  0.5002  0.8659
Y -0.0016  0.8659 -0.5002
Z -1.0000  0.0011  0.0050

PART 43
OFFSET  31.9239 -3.3149 -7.0798
X  0.0038 -0.4998  0.8661
Y  0.0034  0.8661  0.4998
Z -1.0000  0.0011  0.0050

PART 44
OFFSET  20.7209 -4.4944 -0.1854
X -0.2285  0.0000 -0.9735
Y  0.0011  1.0000 -0.0002
Z  0.9735 -0.0011 -0.2285

PART 45
OFFSET  8.4034 -4.4815 -0.2939
X -0.3680  0.0006  0.9298
Y  0.0011  1.0000 -0.0002
Z -0.9298  0.0009 -0.3680

PART 46
OFFSET -3.5363 -7.9324 -3.2827
X -0.0252 -0.0823  0.9963
Y -0.2485 -0.9648 -0.0860
Z  0.9683 -0.2498  0.0038

PART 47
OFFSET -3.2320 -6.9373 -15.3317
X -0.7767 -0.1816 -0.6031
Y  0.5643  0.2247 -0.7944
Z  0.2798 -0.9574 -0.0720

PART 48
OFFSET  3.3742 -5.3926 -10.2021
X -0.7767 -0.1816 -0.6031
Y  0.6180 -0.0348 -0.7854
Z  0.1216 -0.9828  0.1393

PART 49
OFFSET  3.7537 -4.2016 -8.6648
X -0.7808 -0.1803 -0.5982
Y -0.2856  0.9545  0.0851
Z  0.5556  0.2373 -0.7969

PART 50
OFFSET  3.6802 -4.9281 -7.7147
X -0.7808 -0.1803 -0.5982
Y -0.2856  0.9545  0.0851
Z  0.5556  0.2373 -0.7969

PART 51
OFFSET  4.2498 -6.1296 -7.9213
X -0.7808 -0.1803 -0.5982
Y -0.2856  0.9545  0.0851
Z  0.5556  0.2373 -0.7969

PART 52
OFFSET  5.7554 -4.8358 -8.3532
X -0.9983  0.0084 -0.0575
Y  0.0576  0.0070 -0.9983
Z -0.0080 -0.9999 -0.0075

PART 53
OFFSET  6.1522 -4.4358 -7.3608
X -0.5080 -0.7207 -0.4717
Y  0.6872 -0.0090 -0.7264
Z  0.5192 -0.6932  0.4999

PART 54
OFFSET  7.1510 -2.8412 -6.2982
X -0.8691 -0.4625 -0.1757
Y  0.4104 -0.4755 -0.7782
Z  0.2763 -0.7484  0.6030

PART 55
OFFSET  8.5474 -2.0392 -6.1284
X -0.8878 -0.4542  0.0745
Y  0.2062 -0.5373 -0.8178
Z  0.4115 -0.7107  0.5706

PART 56
OFFSET  9.4851 -1.5063 -6.2212
X -0.8772  0.0105 -0.4800
Y  0.1383  0.9629 -0.2317
Z  0.4598 -0.2697 -0.8461

PART 57
OFFSET  6.6634 -4.6333 -9.3719
X -0.9252 -0.0475  0.3765
Y  0.0598 -0.9980  0.0209
Z  0.3747  0.0419  0.9262

PART 58
OFFSET  8.7895 -4.3981 -10.0854
X -0.7314 -0.6712  0.1208
Y  0.5840 -0.7078 -0.3974
Z  0.3523 -0.2201  0.9097

PART 59
OFFSET  9.8250 -3.4478 -10.2565
X -0.2867 -0.9464 -0.1487
Y  0.9096 -0.2203 -0.3522
Z  0.3006 -0.2362  0.9240

PART 60
OFFSET  10.0791 -2.6087 -10.1246
X  0.2501 -0.9050 -0.3442
Y  0.8975  0.3501 -0.2682
Z  0.3632 -0.2419  0.8998

PART 61
OFFSET  9.8415 -1.7489 -9.7976
X -0.8073  0.5074  0.3015
Y  0.5625  0.8161  0.1328
Z -0.1787  0.2768 -0.9442

PART 62
OFFSET  6.8436 -4.7795 -8.6969
X -0.9799 -0.0023  0.1993
Y  0.0100 -0.9992  0.0375
Z  0.1990  0.0387  0.9792

PART 63
OFFSET  9.3576 -4.8014 -9.3586
X -0.7132 -0.6985  0.0594
Y  0.6415 -0.6844 -0.3465
Z  0.2827 -0.2090  0.9362

PART 64
OFFSET  10.5718 -3.6122 -9.4598
X -0.2025 -0.9641 -0.1717
Y  0.9446 -0.1460 -0.2938
Z  0.2582 -0.2217  0.9403

PART 65
OFFSET  10.8524 -2.2760 -9.2218
X  0.4657 -0.8261 -0.3173
Y  0.8462  0.5207 -0.1136
Z  0.2591 -0.2156  0.9415

PART 66
OFFSET  10.3473 -1.3801 -8.8776
X -0.8522  0.3688  0.3712
Y  0.4144  0.9088  0.0485
Z -0.3195  0.1951 -0.9273

PART 67
OFFSET  1.5475 -5.3428 -7.7524
X -0.9527 -0.2715  0.1369
Y -0.2802  0.9587 -0.0486
Z -0.1180 -0.0846 -0.9894

PART 68
OFFSET  9.5989 -5.2455 -7.3788
X -0.9395 -0.2866 -0.1876
Y  0.2575 -0.9521  0.1649
Z -0.2259  0.1066  0.9683

PART 69
OFFSET  11.2531 -4.7408 -7.0485
X -0.5094 -0.8603  0.0179
Y  0.8278 -0.4842  0.2834
Z -0.2351  0.1591  0.9588

PART 70
OFFSET  11.8581 -3.6852 -7.0120
X -0.0858 -0.9939  0.0691
Y  0.9636 -0.0652  0.2594
Z -0.2533  0.0889  0.9633

PART 71
OFFSET  11.9550 -2.5626 -7.0901
X -0.9132  0.4074  0.0143
Y  0.4031  0.9077 -0.1166
Z -0.0605 -0.1007 -0.9931

PART 72
OFFSET  9.5564 -5.0576 -8.4667
X -0.6390 -0.7692 -0.0078
Y  0.7691 -0.6390  0.0092
Z -0.0121 -0.0002  0.9999

PART 73
OFFSET  10.8046 -3.5549 -8.4514
X -0.0414 -0.9989  0.0201
Y  0.9988 -0.0419 -0.0255
Z  0.0263  0.0191  0.9995

PART 74
OFFSET  10.8651 -2.0958 -8.4808
X  0.5291 -0.8486 -0.0054
Y  0.8448  0.5273 -0.0906
Z  0.0797  0.0434  0.9959

PART 75
OFFSET  10.2658 -1.1347 -8.4818
X -0.9504  0.3111 -0.0017
Y  0.3111  0.9504  0.0086
Z  0.0043  0.0076 -1.0000

PART 76
OFFSET  0.0000 -0.0000 -0.0000
X  1.0000 -0.0000  0.0000
Y  0.0000  1.0000  0.0000
Z  0.0000 -0.0000  1.0000

PART 77
OFFSET  0.0000 -0.0000 -0.0000
X  1.0000 -0.0000  0.0000
Y  0.0000  1.0000  0.0000
Z  0.0000 -0.0000  1.0000

PART 78
OFFSET  1.5404 -0.0000  4.1357
X  1.0000 -0.0000  0.0000
Y  0.0000  1.0000  0.0000
Z  0.0000 -0.0000  1.0000


FRAME 52
PART 0
OFFSET  0.0000 -0.0000 -0.0000
X  1.0000 -0.0000  0.0000
Y  0.0000  1.0000  0.0000
Z  0.0000 -0.0000  1.0000

PART 1
OFFSET -4.6318 -0.0000 -1.3770
X  1.0000 -0.0000  0.0000
Y  0.0000  1.0000  0.0000
Z  0.0000 -0.0000  1.0000

PART 2
OFFSET -0.8927  5.5547 -7.1484
X  0.8902 -0.1166 -0.4403
Y -0.1612 -0.9848 -0.0652
Z -0.4260  0.1290 -0.8955

PART 3
OFFSET  9.8737  4.1449 -12.4739
X  0.6933 -0.5885  0.4159
Y -0.6267 -0.2073  0.7512
Z -0.3558 -0.7815 -0.5125

PART 4
OFFSET  15.7707 -0.8603 -8.9361
X  0.6933 -0.5885  0.4159
Y  0.1949  0.7088  0.6780
Z -0.6938 -0.3890  0.6061

PART 5
OFFSET  17.8521 -0.2092 -8.1280
X  0.6980 -0.5851  0.4129
Y  0.3628  0.7860  0.5005
Z -0.6174 -0.1996  0.7610

PART 6
OFFSET  17.0007 -1.7675 -9.8318
X  0.6980 -0.5851  0.4129
Y  0.3628  0.7860  0.5005
Z -0.6174 -0.1996  0.7610

PART 7
OFFSET  16.2997 -1.2910 -5.8025
X  0.6980 -0.5851  0.4129
Y  0.3628  0.7860  0.5005
Z -0.6174 -0.1996  0.7610

PART 8
OFFSET  15.7777 -2.7056 -7.1777
X  0.6980 -0.5851  0.4129
Y  0.3628  0.7860  0.5005
Z -0.6174 -0.1996  0.7610

PART 9
OFFSET  15.8969 -2.7545 -8.3690
X  0.6980 -0.5851  0.4129
Y  0.3628  0.7860  0.5005
Z -0.6174 -0.1996  0.7610

PART 10
OFFSET  17.8962 -2.6643 -7.6609
X  0.9362 -0.2773  0.2158
Y  0.0782  0.7631  0.6416
Z -0.3426 -0.5838  0.7361

PART 11
OFFSET  18.2521 -2.2924 -6.6425
X  0.8357 -0.1307  0.5335
Y -0.0172  0.9646  0.2632
Z -0.5490 -0.2292  0.8038

PART 12
OFFSET  20.0231 -2.4908 -5.4203
X  0.9180 -0.3669  0.1509
Y  0.2335  0.8072  0.5421
Z -0.3207 -0.4624  0.8267

PART 13
OFFSET  21.4552 -3.1830 -5.1165
X  0.9411 -0.0976  0.3238
Y -0.0328  0.9266  0.3747
Z -0.3366 -0.3632  0.8688

PART 14
OFFSET  22.4569 -3.2894 -4.7202
X  0.9041  0.3522 -0.2418
Y -0.2779  0.0550 -0.9590
Z -0.3245  0.9343  0.1476

PART 15
OFFSET  18.5355 -3.8340 -8.0165
X  0.5008 -0.8486  0.1706
Y -0.5563 -0.1646  0.8145
Z -0.6631 -0.5029 -0.5545

PART 16
OFFSET  19.6891 -5.6876 -7.4525
X -0.2248 -0.4124  0.8828
Y -0.7933  0.6036  0.0800
Z -0.5658 -0.6823 -0.4629

PART 17
OFFSET  19.3708 -6.2715 -6.2027
X -0.7810  0.2800  0.5582
Y -0.2826  0.6386 -0.7158
Z -0.5569 -0.7168 -0.4197

PART 18
OFFSET  18.6783 -6.0232 -5.7078
X -0.7590  0.6509 -0.0185
Y  0.3193  0.3474 -0.8817
Z -0.5674 -0.6751 -0.4715

PART 19
OFFSET  17.9573 -5.4048 -5.7253
X  0.4621 -0.6183  0.6358
Y  0.6578 -0.2419 -0.7133
Z  0.5948  0.7478  0.2949

PART 20
OFFSET  18.8412 -3.3064 -7.6455
X  0.8649 -0.5018  0.0127
Y -0.3648 -0.6109  0.7026
Z -0.3448 -0.6124 -0.7114

PART 21
OFFSET  20.8058 -4.9880 -7.3794
X -0.1081 -0.6011  0.7918
Y -0.8630  0.4521  0.2254
Z -0.4935 -0.6590 -0.5676

PART 22
OFFSET  20.6217 -6.0114 -6.0313
X -0.7884  0.0747  0.6106
Y -0.3734  0.7308 -0.5714
Z -0.4889 -0.6785 -0.5483

PART 23
OFFSET  19.5291 -5.9079 -5.1850
X -0.8592  0.4885  0.1520
Y  0.1664  0.5477 -0.8200
Z -0.4838 -0.6792 -0.5519

PART 24
OFFSET  18.5972 -5.3781 -5.0202
X  0.5851 -0.7465  0.3167
Y  0.6494  0.1974 -0.7344
Z  0.4857  0.6354  0.6003

PART 25
OFFSET  20.7228 -2.6206 -5.5826
X  0.7705 -0.5708  0.2836
Y  0.6026  0.5074 -0.6160
Z  0.2077  0.6455  0.7349

PART 26
OFFSET  21.7305 -2.9524 -6.6099
X  0.6811 -0.7306  0.0488
Y -0.5575 -0.4742  0.6814
Z -0.4747 -0.4913 -0.7303

PART 27
OFFSET  22.9297 -4.2387 -6.5240
X  0.3516 -0.8783  0.3240
Y -0.8225 -0.1245  0.5549
Z -0.4470 -0.4616 -0.7662

PART 28
OFFSET  23.3842 -5.2784 -6.0835
X -0.0235 -0.7337  0.6791
Y -0.8957  0.3172  0.3116
Z -0.4440 -0.6009 -0.6646

PART 29
OFFSET  23.3577 -6.1071 -5.3164
X  0.6913 -0.2165 -0.6893
Y -0.1863  0.8684 -0.4595
Z  0.6981  0.4461  0.5600

PART 30
OFFSET  21.4844 -3.8554 -7.1969
X  0.2896 -0.8380  0.4624
Y -0.8303  0.0204  0.5569
Z -0.4762 -0.5452 -0.6899

PART 31
OFFSET  22.0502 -5.4926 -6.2936
X -0.5971 -0.3808  0.7060
Y -0.6268  0.7708 -0.1143
Z -0.5007 -0.5108 -0.6989

PART 32
OFFSET  21.1780 -6.0488 -5.2623
X -0.8561  0.2867  0.4301
Y  0.0095  0.8407 -0.5414
Z -0.5168 -0.4594 -0.7224

PART 33
OFFSET  20.2048 -5.7279 -4.7799
X  0.6834 -0.7274  0.0622
Y  0.5183  0.4233 -0.7431
Z  0.5142  0.5401  0.6663

PART 34
OFFSET  19.8703 -4.7171 -6.3000
X -0.4055 -0.6148 -0.6764
Y  0.3426  0.5838 -0.7361
Z  0.8475 -0.5302 -0.0261

PART 35
OFFSET  10.8620 -4.4892 -5.9844
X  0.9999 -0.0035 -0.0166
Y  0.0035  1.0000 -0.0008
Z  0.0166  0.0007  0.9999

PART 36
OFFSET  10.8620 -4.4892 -5.9844
X  0.9999 -0.0035 -0.0166
Y  0.0035  1.0000 -0.0008
Z  0.0166  0.0007  0.9999

PART 37
OFFSET  10.7180 -4.4701 -3.1345
X  0.9999 -0.0035 -0.0166
Y  0.0035  1.0000 -0.0008
Z  0.0166  0.0007  0.9999

PART 38
OFFSET  12.2894 -4.4756 -3.1948
X  0.9999 -0.0035 -0.0166
Y  0.0035  1.0000 -0.0008
Z  0.0166  0.0007  0.9999

PART 39
OFFSET  15.8338 -4.5070 -7.4671
X  0.9999 -0.0035 -0.0166
Y  0.0035  1.0000 -0.0008
Z  0.0166  0.0007  0.9999

PART 40
OFFSET  13.2127 -4.4986 -7.5045
X  0.9999 -0.0035 -0.0166
Y  0.0035  1.0000 -0.0008
Z  0.0166  0.0007  0.9999

PART 41
OFFSET  11.0721 -4.4903 -6.4916
X  0.9999 -0.0035 -0.0166
Y  0.0035  1.0000 -0.0008
Z  0.0166  0.0007  0.9999

PART 42
OFFSET  31.8748 -5.7494 -7.2041
X  0.0161  0.5006  0.8655
Y -0.0052  0.8657 -0.5006
Z -0.9999  0.0035  0.0166

PART 43
OFFSET  31.8831 -3.3736 -7.2060
X  0.0126 -0.4994  0.8663
Y  0.0113  0.8664  0.4992
Z -0.9999  0.0035  0.0166

PART 44
OFFSET  20.7580 -4.5219 -0.1814
X -0.2234  0.0000 -0.9747
Y  0.0035  1.0000 -0.0008
Z  0.9747 -0.0036 -0.2234

PART 45
OFFSET  8.4402 -4.4786 -0.1469
X -0.3412  0.0019  0.9400
Y  0.0035  1.0000 -0.0008
Z -0.9400  0.0030 -0.3412

PART 46
OFFSET -3.6205 -7.9186 -3.5442
X -0.0106  0.0232  0.9997
Y -0.2721 -0.9621  0.0194
Z  0.9622 -0.2718  0.0165

PART 47
OFFSET -3.4919 -8.1988 -15.6342
X -0.7722 -0.2204 -0.5959
Y  0.5813  0.1334 -0.8027
Z  0.2563 -0.9663  0.0251

PART 48
OFFSET  3.0762 -6.3246 -10.5658
X -0.7722 -0.2204 -0.5959
Y  0.6208 -0.0622 -0.7815
Z  0.1352 -0.9734  0.1848

PART 49
OFFSET  3.4634 -5.0002 -9.1439
X -0.7764 -0.2185 -0.5912
Y -0.2625  0.9649 -0.0119
Z  0.5730  0.1459 -0.8065

PART 50
OFFSET  3.3577 -5.6295 -8.1297
X -0.7764 -0.2185 -0.5912
Y -0.2625  0.9649 -0.0119
Z  0.5730  0.1459 -0.8065

PART 51
OFFSET  3.8995 -6.8587 -8.2102
X -0.7764 -0.2185 -0.5912
Y -0.2625  0.9649 -0.0119
Z  0.5730  0.1459 -0.8065

PART 52
OFFSET  5.4436 -5.6490 -8.7389
X -0.9993  0.0355 -0.0113
Y  0.0112 -0.0009 -0.9999
Z -0.0355 -0.9994  0.0005

PART 53
OFFSET  5.8968 -5.2538 -7.7691
X -0.6104 -0.5327 -0.5862
Y  0.6234  0.1335 -0.7704
Z  0.4887 -0.8357  0.2506

PART 54
OFFSET  7.1246 -4.0710 -6.4411
X -0.7865 -0.4060 -0.4654
Y  0.5645 -0.1668 -0.8084
Z  0.2506 -0.8985  0.3603

PART 55
OFFSET  8.3999 -3.3250 -5.7783
X -0.6085 -0.5312 -0.5895
Y  0.6938  0.0042 -0.7201
Z  0.3851 -0.8472  0.3660

PART 56
OFFSET  9.0285 -2.7118 -5.1454
X -0.5536  0.1529 -0.8186
Y -0.1487  0.9490  0.2779
Z  0.8194  0.2756 -0.5026

PART 57
OFFSET  6.3084 -5.4780 -9.8002
X -0.9076 -0.0197  0.4193
Y  0.0335 -0.9991  0.0257
Z  0.4184  0.0374  0.9075

PART 58
OFFSET  8.4046 -5.3058 -10.6132
X -0.8809 -0.3044  0.3623
Y  0.1080 -0.8747 -0.4724
Z  0.4608 -0.3770  0.8035

PART 59
OFFSET  9.6518 -4.8748 -11.1261
X -0.8593 -0.4611  0.2213
Y  0.3017 -0.8063 -0.5087
Z  0.4130 -0.3704  0.8320

PART 60
OFFSET  10.4137 -4.4660 -11.3223
X -0.7875 -0.6052  0.1168
Y  0.4316 -0.6768 -0.5964
Z  0.4400 -0.4192  0.7942

PART 61
OFFSET  11.1618 -3.8910 -11.4333
X  0.2677  0.9483  0.1702
Y  0.8882 -0.1745 -0.4250
Z -0.3734  0.2649 -0.8890

PART 62
OFFSET  6.5158 -5.6248 -9.1331
X -0.9693  0.0259  0.2445
Y -0.0155 -0.9989  0.0446
Z  0.2453  0.0394  0.9686

PART 63
OFFSET  8.9947 -5.7200 -9.9104
X -0.9250 -0.2834  0.2531
Y  0.1371 -0.8702 -0.4733
Z  0.3543 -0.4031  0.8438

PART 64
OFFSET  10.5696 -5.2375 -10.3413
X -0.8735 -0.4737  0.1124
Y  0.3593 -0.7830 -0.5077
Z  0.3285 -0.4031  0.8542

PART 65
OFFSET  11.7802 -4.5811 -10.4971
X -0.7119 -0.7005 -0.0497
Y  0.6179 -0.5911 -0.5184
Z  0.3338 -0.3998  0.8537

PART 66
OFFSET  12.5523 -3.8214 -10.4431
X  0.2467  0.8919  0.3789
Y  0.8993 -0.0651 -0.4324
Z -0.3611  0.4474 -0.8182

PART 67
OFFSET  1.2560 -6.0362 -7.9400
X -0.9523 -0.2443  0.1829
Y -0.2560  0.9657 -0.0428
Z -0.1662 -0.0876 -0.9822

PART 68
OFFSET  9.3158 -6.1581 -7.9406
X -0.9122 -0.4018 -0.0801
Y  0.3582 -0.8770  0.3201
Z -0.1989  0.2633  0.9440

PART 69
OFFSET  10.9218 -5.4506 -7.7996
X -0.7964 -0.6044  0.0199
Y  0.5657 -0.7330  0.3778
Z -0.2138  0.3122  0.9257

PART 70
OFFSET  11.8771 -4.6969 -7.7675
X -0.5919 -0.8041  0.0560
Y  0.7638 -0.5374  0.3574
Z -0.2573  0.2543  0.9323

PART 71
OFFSET  12.5456 -3.7887 -7.8307
X -0.5692  0.8184 -0.0787
Y  0.8221  0.5650 -0.0707
Z -0.0134 -0.1049 -0.9944

PART 72
OFFSET  9.2277 -5.9759 -9.0267
X -0.9392 -0.3416  0.0346
Y  0.3416 -0.9398 -0.0057
Z  0.0345  0.0065  0.9994

PART 73
OFFSET  11.0626 -5.3087 -9.0943
X -0.8164 -0.5738  0.0654
Y  0.5723 -0.8190 -0.0413
Z  0.0772  0.0037  0.9970

PART 74
OFFSET  12.2550 -4.4706 -9.1898
X -0.6771 -0.7325  0.0703
Y  0.7245 -0.6803 -0.1106
Z  0.1288 -0.0240  0.9914

PART 75
OFFSET  13.0215 -3.6412 -9.2765
X  0.0482  0.9977 -0.0466
Y  0.9972 -0.0508 -0.0556
Z -0.0578 -0.0438 -0.9974

PART 76
OFFSET  0.0000 -0.0000 -0.0000
X  1.0000 -0.0000  0.0000
Y  0.0000  1.0000  0.0000
Z  0.0000 -0.0000  1.0000

PART 77
OFFSET  0.0000 -0.0000 -0.0000
X  1.0000 -0.0000  0.0000
Y  0.0000  1.0000  0.0000
Z  0.0000 -0.0000  1.0000

PART 78
OFFSET  1.5404 -0.0000  4.1357
X  1.0000 -0.0000  0.0000
Y  0.0000  1.0000  0.0000
Z  0.0000 -0.0000  1.0000


FRAME 53
PART 0
OFFSET  0.0000 -0.0000 -0.0000
X  1.0000 -0.0000  0.0000
Y  0.0000  1.0000  0.0000
Z  0.0000 -0.0000  1.0000

PART 1
OFFSET -4.6318 -0.0000 -1.3770
X  1.0000 -0.0000  0.0000
Y  0.0000  1.0000  0.0000
Z  0.0000 -0.0000  1.0000

PART 2
OFFSET -0.4739  5.2490 -7.0933
X  0.8828 -0.0740 -0.4639
Y -0.1383 -0.9847 -0.1063
Z -0.4489  0.1580 -0.8795

PART 3
OFFSET  10.2026  4.3545 -12.7035
X  0.6604 -0.6090  0.4394
Y -0.6655 -0.2036  0.7181
Z -0.3479 -0.7666 -0.5397

PART 4
OFFSET  15.8194 -0.8252 -8.9666
X  0.6604 -0.6090  0.4394
Y  0.2066  0.7098  0.6734
Z -0.7220 -0.3539  0.5946

PART 5
OFFSET  17.8739 -0.2307 -8.0530
X  0.6653 -0.6057  0.4365
Y  0.3555  0.7712  0.5281
Z -0.6565 -0.1962  0.7284

PART 6
OFFSET  17.0706 -1.7471 -9.8168
X  0.6653 -0.6057  0.4365
Y  0.3555  0.7712  0.5281
Z -0.6565 -0.1962  0.7284

PART 7
OFFSET  16.1914 -1.3092 -5.8183
X  0.6653 -0.6057  0.4365
Y  0.3555  0.7712  0.5281
Z -0.6565 -0.1962  0.7284

PART 8
OFFSET  15.7047 -2.6936 -7.2365
X  0.6653 -0.6057  0.4365
Y  0.3555  0.7712  0.5281
Z -0.6565 -0.1962  0.7284

PART 9
OFFSET  15.8786 -2.7292 -8.4215
X  0.6653 -0.6057  0.4365
Y  0.3555  0.7712  0.5281
Z -0.6565 -0.1962  0.7284

PART 10
OFFSET  17.8439 -2.6922 -7.6197
X  0.9382 -0.2798  0.2035
Y  0.0888  0.7632  0.6400
Z -0.3344 -0.5824  0.7409

PART 11
OFFSET  18.2143 -2.3207 -6.6063
X  0.8423 -0.1327  0.5224
Y -0.0110  0.9648  0.2629
Z -0.5389 -0.2272  0.8112

PART 12
OFFSET  20.0009 -2.5234 -5.4076
X  0.9189 -0.3694  0.1389
Y  0.2429  0.8069  0.5385
Z -0.3110 -0.4611  0.8311

PART 13
OFFSET  21.4349 -3.2195 -5.1224
X  0.9450 -0.1000  0.3114
Y -0.0253  0.9269  0.3745
Z -0.3260 -0.3618  0.8734

PART 14
OFFSET  22.4415 -3.3284 -4.7394
X  0.9018  0.3496 -0.2540
Y -0.2905  0.0552 -0.9553
Z -0.3199  0.9353  0.1513

PART 15
OFFSET  18.4751 -3.8639 -7.9831
X  0.5007 -0.8499  0.1645
Y -0.5459 -0.1625  0.8219
Z -0.6718 -0.5013 -0.5453

PART 16
OFFSET  19.6309 -5.7203 -7.4333
X -0.2143 -0.4113  0.8860
Y -0.7904  0.6059  0.0901
Z -0.5738 -0.6810 -0.4549

PART 17
OFFSET  19.3276 -6.3027 -6.1790
X -0.7728  0.2825  0.5683
Y -0.2902  0.6390 -0.7123
Z -0.5644 -0.7154 -0.4118

PART 18
OFFSET  18.6424 -6.0522 -5.6751
X -0.7573  0.6530 -0.0088
Y  0.3086  0.3460 -0.8860
Z -0.5755 -0.6737 -0.4635

PART 19
OFFSET  17.9230 -5.4318 -5.6835
X  0.4688 -0.6192  0.6300
Y  0.6476 -0.2441 -0.7218
Z  0.6008  0.7463  0.2865

PART 20
OFFSET  18.7872 -3.3369 -7.6164
X  0.8636 -0.5042  0.0015
Y -0.3571 -0.6095  0.7078
Z -0.3559 -0.6118 -0.7064

PART 21
OFFSET  20.7505 -5.0239 -7.3754
X -0.0993 -0.6004  0.7935
Y -0.8587  0.4547  0.2366
Z -0.5028 -0.6579 -0.5607

PART 22
OFFSET  20.5814 -6.0460 -6.0244
X -0.7800  0.0772  0.6210
Y -0.3789  0.7315 -0.5668
Z -0.4980 -0.6774 -0.5414

PART 23
OFFSET  19.5004 -5.9390 -5.1638
X -0.8558  0.4910  0.1631
Y  0.1570  0.5468 -0.8224
Z -0.4930 -0.6782 -0.5450

PART 24
OFFSET  18.5723 -5.4065 -4.9869
X  0.5872 -0.7480  0.3094
Y  0.6401  0.1952 -0.7431
Z  0.4954  0.6344  0.5934

PART 25
OFFSET  20.6980 -2.6552 -5.5791
X  0.7726 -0.5728  0.2737
Y  0.5958  0.5054 -0.6242
Z  0.2193  0.6453  0.7317

PART 26
OFFSET  21.6910 -2.9905 -6.6194
X  0.6796 -0.7325  0.0402
Y -0.5497 -0.4723  0.6890
Z -0.4857 -0.4904 -0.7236

PART 27
OFFSET  22.8876 -4.2801 -6.5487
X  0.3534 -0.8791  0.3198
Y -0.8154 -0.1219  0.5658
Z -0.4584 -0.4608 -0.7599

PART 28
OFFSET  23.3451 -5.3208 -6.1137
X -0.0166 -0.7332  0.6798
Y -0.8906  0.3199  0.3233
Z -0.4545 -0.6001 -0.6583

PART 29
OFFSET  23.3264 -6.1490 -5.3459
X  0.6815 -0.2188 -0.6983
Y -0.1899  0.8687 -0.4575
Z  0.7067  0.4444  0.5505

PART 30
OFFSET  21.4346 -3.8931 -7.2026
X  0.2933 -0.8386  0.4590
Y -0.8228  0.0230  0.5679
Z -0.4868 -0.5443 -0.6832

PART 31
OFFSET  22.0077 -5.5313 -6.3059
X -0.5887 -0.3787  0.7141
Y -0.6261  0.7725 -0.1065
Z -0.5113 -0.5098 -0.6919

PART 32
OFFSET  21.1478 -6.0845 -5.2628
X -0.8495  0.2893  0.4412
Y  0.0047  0.8404 -0.5420
Z -0.5276 -0.4583 -0.7152

PART 33
OFFSET  20.1819 -5.7607 -4.7678
X  0.6821 -0.7293  0.0536
Y  0.5095  0.4214 -0.7502
Z  0.5245  0.5390  0.6591

PART 34
OFFSET  19.8302 -4.7497 -6.2839
X -0.4162 -0.6141 -0.6706
Y  0.3344  0.5824 -0.7409
Z  0.8455 -0.5326 -0.0371

PART 35
OFFSET  10.8275 -4.4964 -5.8489
X  0.9995 -0.0063 -0.0298
Y  0.0063  1.0000 -0.0014
Z  0.0298  0.0012  0.9996

PART 36
OFFSET  10.8275 -4.4964 -5.8489
X  0.9995 -0.0063 -0.0298
Y  0.0063  1.0000 -0.0014
Z  0.0298  0.0012  0.9996

PART 37
OFFSET  10.7213 -4.4753 -2.9974
X  0.9995 -0.0063 -0.0298
Y  0.0063  1.0000 -0.0014
Z  0.0298  0.0012  0.9996

PART 38
OFFSET  12.2918 -4.4853 -3.0786
X  0.9995 -0.0063 -0.0298
Y  0.0063  1.0000 -0.0014
Z  0.0298  0.0012  0.9996

PART 39
OFFSET  15.7792 -4.5290 -7.3974
X  0.9995 -0.0063 -0.0298
Y  0.0063  1.0000 -0.0014
Z  0.0298  0.0012  0.9996

PART 40
OFFSET  13.1578 -4.5133 -7.4001
X  0.9995 -0.0063 -0.0298
Y  0.0063  1.0000 -0.0014
Z  0.0298  0.0012  0.9996

PART 41
OFFSET  11.0308 -4.4984 -6.3589
X  0.9995 -0.0063 -0.0298
Y  0.0063  1.0000 -0.0014
Z  0.0298  0.0012  0.9996

PART 42
OFFSET  31.8186 -5.8163 -7.3465
X  0.0290  0.5011  0.8649
Y -0.0095  0.8654 -0.5010
Z -0.9995  0.0063  0.0298

PART 43
OFFSET  31.8336 -3.4405 -7.3499
X  0.0227 -0.4989  0.8664
Y  0.0204  0.8666  0.4985
Z -0.9995  0.0063  0.0298

PART 44
OFFSET  20.7994 -4.5537 -0.1777
X -0.2133 -0.0000 -0.9770
Y  0.0063  1.0000 -0.0014
Z  0.9770 -0.0065 -0.2132

PART 45
OFFSET  8.4833 -4.4758  0.0201
X -0.3062  0.0033  0.9520
Y  0.0063  1.0000 -0.0014
Z -0.9520  0.0056 -0.3062

PART 46
OFFSET -3.7490 -7.8974 -3.9327
X  0.0183  0.1797  0.9835
Y -0.3012 -0.9370  0.1768
Z  0.9534 -0.2995  0.0370

PART 47
OFFSET -3.9702 -10.0711 -15.8276
X -0.7745 -0.2840 -0.5652
Y  0.5905 -0.0042 -0.8070
Z  0.2268 -0.9588  0.1710

PART 48
OFFSET  2.6173 -7.6552 -11.0202
X -0.7745 -0.2840 -0.5652
Y  0.6116 -0.1081 -0.7838
Z  0.1615 -0.9527  0.2574

PART 49
OFFSET  3.0348 -6.1461 -9.8063
X -0.7786 -0.2814 -0.5608
Y -0.2331  0.9596 -0.1578
Z  0.5826  0.0079 -0.8127

PART 50
OFFSET  2.9033 -6.6144 -8.7112
X -0.7786 -0.2814 -0.5608
Y -0.2331  0.9596 -0.1578
Z  0.5826  0.0079 -0.8127

PART 51
OFFSET  3.4082 -7.8570 -8.6025
X -0.7786 -0.2814 -0.5608
Y -0.2331  0.9596 -0.1578
Z  0.5826  0.0079 -0.8127

PART 52
OFFSET  4.9917 -6.7844 -9.2875
X -0.9961  0.0717  0.0515
Y -0.0531 -0.0215 -0.9984
Z -0.0705 -0.9972  0.0252

PART 53
OFFSET  5.5200 -6.3865 -8.3576
X -0.6815 -0.5204 -0.5145
Y  0.5594  0.0829 -0.8248
Z  0.4719 -0.8499  0.2346

PART 54
OFFSET  6.9085 -5.2244 -7.1780
X -0.8530 -0.3767 -0.3612
Y  0.4626 -0.2251 -0.8575
Z  0.2417 -0.8986  0.3662

PART 55
OFFSET  8.2861 -4.5292 -6.6870
X -0.7121 -0.5141 -0.4782
Y  0.5913 -0.0720 -0.8032
Z  0.3785 -0.8547  0.3553

PART 56
OFFSET  9.0287 -3.9329 -6.1725
X -0.6469  0.1547 -0.7467
Y -0.0533  0.9677  0.2466
Z  0.7607  0.1993 -0.6177

PART 57
OFFSET  5.7920 -6.6666 -10.4051
X -0.8789  0.0220  0.4764
Y  0.0000 -0.9989  0.0460
Z  0.4769  0.0405  0.8780

PART 58
OFFSET  7.8363 -6.5876 -11.3534
X -0.8660 -0.2801  0.4142
Y  0.0627 -0.8827 -0.4657
Z  0.4960 -0.3774  0.7820

PART 59
OFFSET  9.0624 -6.1911 -11.9398
X -0.8516 -0.4513  0.2665
Y  0.2685 -0.8123 -0.5177
Z  0.4501 -0.3693  0.8130

PART 60
OFFSET  9.8175 -5.7909 -12.1760
X -0.7803 -0.6071  0.1502
Y  0.4072 -0.6754 -0.6148
Z  0.4747 -0.4186  0.7743

PART 61
OFFSET  10.5588 -5.2141 -12.3187
X  0.2725  0.9489  0.1591
Y  0.8695 -0.1721 -0.4629
Z -0.4119  0.2645 -0.8720

PART 62
OFFSET  6.0365 -6.8074 -9.7494
X -0.9501  0.0662  0.3049
Y -0.0477 -0.9965  0.0680
Z  0.3084  0.0500  0.9499

PART 63
OFFSET  8.4554 -7.0087 -10.6804
X -0.9156 -0.2586  0.3079
Y  0.0917 -0.8799 -0.4662
Z  0.3915 -0.3986  0.8294

PART 64
OFFSET  10.0143 -6.5685 -11.2046
X -0.8712 -0.4641  0.1598
Y  0.3268 -0.7914 -0.5166
Z  0.3662 -0.3979  0.8412

PART 65
OFFSET  11.2217 -5.9252 -11.4260
X -0.7108 -0.7032 -0.0160
Y  0.5973 -0.5914 -0.5418
Z  0.3715 -0.3946  0.8404

PART 66
OFFSET  11.9927 -5.1626 -11.4087
X  0.2595  0.8946  0.3639
Y  0.8802 -0.0640 -0.4703
Z -0.3974  0.4423 -0.8040

PART 67
OFFSET  0.8532 -7.0023 -8.2156
X -0.9465 -0.2056  0.2485
Y -0.2241  0.9734 -0.0482
Z -0.2320 -0.1013 -0.9674

PART 68
OFFSET  8.8869 -7.4182 -8.7256
X -0.9247 -0.3806 -0.0073
Y  0.3588 -0.8779  0.3172
Z -0.1271  0.2907  0.9483

PART 69
OFFSET  10.5150 -6.7481 -8.7128
X -0.7983 -0.5948  0.0951
Y  0.5853 -0.7287  0.3554
Z -0.1421  0.3394  0.9298

PART 70
OFFSET  11.4768 -6.0044 -8.7720
X -0.5814 -0.8037  0.1264
Y  0.7922 -0.5238  0.3132
Z -0.1856  0.2823  0.9412

PART 71
OFFSET  12.1335 -5.0966 -8.9147
X -0.5780  0.8139 -0.0592
Y  0.8110  0.5650 -0.1516
Z -0.0900 -0.1356 -0.9867

PART 72
OFFSET  8.7357 -7.2550 -9.8078
X -0.9417 -0.3208  0.1018
Y  0.3217 -0.9468 -0.0078
Z  0.0989  0.0254  0.9948

PART 73
OFFSET  10.5753 -6.6284 -10.0066
X -0.8133 -0.5675  0.1286
Y  0.5645 -0.8231 -0.0625
Z  0.1413  0.0217  0.9897

PART 74
OFFSET  11.7632 -5.7995 -10.1945
X -0.6638 -0.7374  0.1253
Y  0.7228 -0.6755 -0.1460
Z  0.1923 -0.0064  0.9813

PART 75
OFFSET  12.5141 -4.9648 -10.3434
X  0.0350  0.9972 -0.0655
Y  0.9920 -0.0427 -0.1187
Z -0.1211 -0.0608 -0.9908

PART 76
OFFSET  0.0000 -0.0000 -0.0000
X  1.0000 -0.0000  0.0000
Y  0.0000  1.0000  0.0000
Z  0.0000 -0.0000  1.0000

PART 77
OFFSET  0.0000 -0.0000 -0.0000
X  1.0000 -0.0000  0.0000
Y  0.0000  1.0000  0.0000
Z  0.0000 -0.0000  1.0000

PART 78
OFFSET  1.5404 -0.0000  4.1357
X  1.0000 -0.0000  0.0000
Y  0.0000  1.0000  0.0000
Z  0.0000 -0.0000  1.0000


FRAME 54
PART 0
OFFSET  0.0000 -0.0000 -0.0000
X  1.0000 -0.0000  0.0000
Y  0.0000  1.0000  0.0000
Z  0.0000 -0.0000  1.0000

PART 1
OFFSET -4.6318 -0.0000 -1.3770
X  1.0000 -0.0000  0.0000
Y  0.0000  1.0000  0.0000
Z  0.0000 -0.0000  1.0000

PART 2
OFFSET  0.0346  4.8779 -7.0263
