// Export filename: `C:\projects\cod\t5\xanim_export\t5_viewmodels\l96a1\l96a1_extclip_reload_empty.XANIM_EXPORT`
// Source filename: `D:\projects\devanim\t5\animation_assets\viewmodels\l96a1\ViewModel_l96a1_animated.fbx`
// Export time: Mon Aug 30 02:12:03 2010

ANIMATION
VERSION 3

NUMPARTS 79
PART 0 "tag_ads"
PART 1 "tag_torso"
PART 2 "J_Shoulder_LE"
PART 3 "J_Elbow_LE"
PART 4 "J_WristTwist_LE"
PART 5 "J_Sleave_Reshape_Bottom_LE_1"
PART 6 "J_Sleave_Reshape_Bottom_LE_2"
PART 7 "J_Sleave_Reshape_Top_LE_1"
PART 8 "J_Sleave_Reshape_Top_LE_2"
PART 9 "J_Sleave_Reshape_Top_LE_3"
PART 10 "J_Wrist_LE"
PART 11 "J_Thumb_LE_0"
PART 12 "J_Thumb_LE_1"
PART 13 "J_Thumb_LE_2"
PART 14 "J_Thumb_LE_3"
PART 15 "J_PinkyPalm_LE"
PART 16 "J_Pinky_LE_0"
PART 17 "J_Pinky_LE_1"
PART 18 "J_Pinky_LE_2"
PART 19 "J_Pinky_LE_3"
PART 20 "J_RingPalm_LE"
PART 21 "J_Ring_LE_0"
PART 22 "J_Ring_LE_1"
PART 23 "J_Ring_LE_2"
PART 24 "J_Ring_LE_3"
PART 25 "J_Webbing_LE"
PART 26 "J_Index_LE_0"
PART 27 "J_Index_LE_1"
PART 28 "J_Index_LE_2"
PART 29 "J_Index_LE_3"
PART 30 "J_Mid_LE_0"
PART 31 "J_Mid_LE_1"
PART 32 "J_Mid_LE_2"
PART 33 "J_Mid_LE_3"
PART 34 "tag_knife_attach"
PART 35 "tag_weapon"
PART 36 "J_Gun"
PART 37 "tag_bolt"
PART 38 "tag_bolt_handle"
PART 39 "tag_clip_release"
PART 40 "tag_trigger"
PART 41 "tag_bipod_right"
PART 42 "tag_bipod_left"
PART 43 "tag_ext_clip"
PART 44 "tag_backlip"
PART 45 "tag_frontlip"
PART 46 "J_Shoulder_RI"
PART 47 "J_Elbow_RI"
PART 48 "J_WristTwist_RI"
PART 49 "J_Sleave_Reshape_Top_RI_3"
PART 50 "J_Sleave_Reshape_Top_RI_2"
PART 51 "J_Sleave_Reshape_Top_RI_1"
PART 52 "J_Wrist_RI"
PART 53 "J_Thumb_RI_0"
PART 54 "J_Thumb_RI_1"
PART 55 "J_Thumb_RI_2"
PART 56 "J_Thumb_RI_3"
PART 57 "J_PinkyPalm_RI"
PART 58 "J_Pinky_RI_0"
PART 59 "J_Pinky_RI_1"
PART 60 "J_Pinky_RI_2"
PART 61 "J_Pinky_RI_3"
PART 62 "J_RingPalm_RI"
PART 63 "J_Ring_RI_0"
PART 64 "J_Ring_RI_1"
PART 65 "J_Ring_RI_2"
PART 66 "J_Ring_RI_3"
PART 67 "J_Webbing_RI"
PART 68 "J_Index_RI_0"
PART 69 "J_Index_RI_1"
PART 70 "J_Index_RI_2"
PART 71 "J_Index_RI_3"
PART 72 "J_Mid_RI_0"
PART 73 "J_Mid_RI_1"
PART 74 "J_Mid_RI_2"
PART 75 "J_Mid_RI_3"
PART 76 "tag_cambone"
PART 77 "tag_camera"
PART 78 "tag_gasmask"

FRAMERATE 30
NUMFRAMES 174

FRAME 2000
PART 0
OFFSET  0.0000 -0.0000 -0.0000
X  1.0000 -0.0000  0.0000
Y  0.0000  1.0000  0.0000
Z  0.0000 -0.0000  1.0000

PART 1
OFFSET -4.6318 -0.0000 -1.3770
X  1.0000 -0.0000  0.0000
Y  0.0000  1.0000  0.0000
Z  0.0000 -0.0000  1.0000

PART 2
OFFSET -1.2815  5.8385 -7.1997
X  0.8967 -0.1569 -0.4139
Y -0.1833 -0.9828 -0.0246
Z -0.4029  0.0979 -0.9100

PART 3
OFFSET  9.5629  3.9414 -12.2057
X  0.7258 -0.5678  0.3884
Y -0.5844 -0.2110  0.7836
Z -0.3630 -0.7956 -0.4850

PART 4
OFFSET  15.7358 -0.8884 -8.9025
X  0.7258 -0.5678  0.3884
Y  0.1861  0.7055  0.6838
Z -0.6623 -0.4240  0.6178

PART 5
OFFSET  17.8393 -0.1820 -8.2057
X  0.7302 -0.5644  0.3850
Y  0.3693  0.8002  0.4726
Z -0.5748 -0.2029  0.7928

PART 6
OFFSET  16.9404 -1.7805 -9.8467
X  0.7302 -0.5644  0.3850
Y  0.3693  0.8002  0.4726
Z -0.5748 -0.2029  0.7928

PART 7
OFFSET  16.4270 -1.2666 -5.7938
X  0.7302 -0.5644  0.3850
Y  0.3693  0.8002  0.4726
Z -0.5748 -0.2029  0.7928

PART 8
OFFSET  15.8699 -2.7100 -7.1246
X  0.7302 -0.5644  0.3850
Y  0.3693  0.8002  0.4726
Z -0.5748 -0.2029  0.7928

PART 9
OFFSET  15.9318 -2.7719 -8.3196
X  0.7302 -0.5644  0.3850
Y  0.3693  0.8002  0.4726
Z -0.5748 -0.2029  0.7928

PART 10
OFFSET  17.9607 -2.6293 -7.7119
X  0.9335 -0.2742  0.2310
Y  0.0648  0.7628  0.6433
Z -0.3527 -0.5856  0.7299

PART 11
OFFSET  18.2984 -2.2569 -6.6874
X  0.8272 -0.1281  0.5471
Y -0.0250  0.9643  0.2636
Z -0.5614 -0.2317  0.7944

PART 12
OFFSET  20.0497 -2.4501 -5.4362
X  0.9166 -0.3638  0.1658
Y  0.2216  0.8076  0.5465
Z -0.3327 -0.4642  0.8209

PART 13
OFFSET  21.4789 -3.1374 -5.1092
X  0.9359 -0.0945  0.3393
Y -0.0423  0.9262  0.3747
Z -0.3497 -0.3651  0.8628

PART 14
OFFSET  22.4743 -3.2406 -4.6965
X  0.9068  0.3556 -0.2265
Y -0.2622  0.0547 -0.9635
Z -0.3302  0.9330  0.1429

PART 15
OFFSET  18.6100 -3.7964 -8.0578
X  0.5009 -0.8469  0.1783
Y -0.5692 -0.1672  0.8051
Z -0.6520 -0.5047 -0.5658

PART 16
OFFSET  19.7606 -5.6463 -7.4761
X -0.2380 -0.4139  0.8787
Y -0.7966  0.6008  0.0672
Z -0.5557 -0.6839 -0.4727

PART 17
OFFSET  19.4237 -6.2324 -6.2321
X -0.7912  0.2769  0.5454
Y -0.2729  0.6382 -0.7199
Z -0.5473 -0.7184 -0.4294

PART 18
OFFSET  18.7222 -5.9869 -5.7485
X -0.7608  0.6482 -0.0306
Y  0.3327  0.3492 -0.8760
Z -0.5572 -0.6767 -0.4813

PART 19
OFFSET  17.9994 -5.3711 -5.7776
X  0.4537 -0.6171  0.6429
Y  0.6704 -0.2390 -0.7025
Z  0.5872  0.7497  0.3052

PART 20
OFFSET  18.9076 -3.2680 -7.6813
X  0.8663 -0.4987  0.0267
Y -0.3742 -0.6128  0.6961
Z -0.3308 -0.6130 -0.7175

PART 21
OFFSET  20.8735 -4.9429 -7.3839
X -0.1191 -0.6021  0.7895
Y -0.8682  0.4489  0.2114
Z -0.4817 -0.6602 -0.5762

PART 22
OFFSET  20.6707 -5.9680 -6.0398
X -0.7987  0.0714  0.5975
Y -0.3664  0.7299 -0.5770
Z -0.4774 -0.6798 -0.5568

PART 23
OFFSET  19.5638 -5.8691 -5.2117
X -0.8633  0.4854  0.1381
Y  0.1780  0.5489 -0.8167
Z -0.4722 -0.6805 -0.5603

PART 24
OFFSET  18.6275 -5.3426 -5.0619
X  0.5824 -0.7447  0.3258
Y  0.6607  0.2003 -0.7234
Z  0.4735  0.6366  0.6087

PART 25
OFFSET  20.7524 -2.5772 -5.5870
X  0.7677 -0.5684  0.2959
Y  0.6109  0.5100 -0.6055
Z  0.1932  0.6457  0.7388

PART 26
OFFSET  21.7782 -2.9047 -6.5977
X  0.6827 -0.7282  0.0595
Y -0.5670 -0.4767  0.6717
Z -0.4608 -0.4924 -0.7384

PART 27
OFFSET  22.9802 -4.1869 -6.4928
X  0.3493 -0.8773  0.3292
Y -0.8312 -0.1279  0.5411
Z -0.4326 -0.4626 -0.7739

PART 28
OFFSET  23.4311 -5.2253 -6.0457
X -0.0322 -0.7343  0.6781
Y -0.9019  0.3138  0.2970
Z -0.4308 -0.6020 -0.6723

PART 29
OFFSET  23.3948 -6.0547 -5.2798
X  0.7034 -0.2135 -0.6779
Y -0.1817  0.8681 -0.4619
Z  0.6872  0.4481  0.5718

PART 30
OFFSET  21.5450 -3.8081 -7.1893
X  0.2848 -0.8374  0.4665
Y -0.8395  0.0170  0.5431
Z -0.4627 -0.5463 -0.6981

PART 31
OFFSET  22.1014 -5.4440 -6.2780
X -0.6074 -0.3835  0.6958
Y -0.6275  0.7687 -0.1241
Z -0.4872 -0.5120 -0.7075

PART 32
OFFSET  21.2143 -6.0041 -5.2617
X -0.8641  0.2833  0.4160
Y  0.0156  0.8412 -0.5406
Z -0.5031 -0.4606 -0.7312

PART 33
OFFSET  20.2321 -5.6870 -4.7953
X  0.6848 -0.7251  0.0730
Y  0.5290  0.4257 -0.7341
Z  0.5012  0.5413  0.6751

PART 34
OFFSET  19.9193 -4.6761 -6.3200
X -0.3921 -0.6157 -0.6835
Y  0.3527  0.5856 -0.7299
Z  0.8496 -0.5272 -0.0125

PART 35
OFFSET  10.9063 -4.4801 -6.1535
X  1.0000 -0.0000  0.0000
Y  0.0000  1.0000  0.0000
Z  0.0000 -0.0000  1.0000

PART 36
OFFSET  10.9063 -4.4801 -6.1535
X  1.0000 -0.0000  0.0000
Y  0.0000  1.0000  0.0000
Z  0.0000 -0.0000  1.0000

PART 37
OFFSET  10.7149 -4.4638 -3.3065
X  1.0000 -0.0000  0.0000
Y  0.0000  1.0000  0.0000
Z  0.0000 -0.0000  1.0000

PART 38
OFFSET  12.2872 -4.4638 -3.3407
X  1.0000 -0.0000  0.0000
Y  0.0000  1.0000  0.0000
Z  0.0000 -0.0000  1.0000

PART 39
OFFSET  13.2818 -4.4801 -7.6345
X  1.0000 -0.0000  0.0000
Y  0.0000  1.0000  0.0000
Z  0.0000 -0.0000  1.0000

PART 40
OFFSET  11.1247 -4.4801 -6.6572
X  1.0000 -0.0000  0.0000
Y  0.0000  1.0000  0.0000
Z  0.0000 -0.0000  1.0000

PART 41
OFFSET  31.9407 -5.6656 -7.0257
X -0.0000  0.5000  0.8660
Y  0.0000  0.8660 -0.5000
Z -1.0000  0.0000 -0.0000

PART 42
OFFSET  31.9407 -3.2898 -7.0257
X -0.0000 -0.5000  0.8660
Y  0.0000  0.8660  0.5000
Z -1.0000  0.0000 -0.0000

PART 43
OFFSET  15.9020 -4.4794 -7.5536
X  1.0000 -0.0000  0.0000
Y  0.0000  1.0000  0.0000
Z  0.0000 -0.0000  1.0000

PART 44
OFFSET  20.7047 -4.4827 -0.1874
X -0.2300 -0.0000 -0.9732
Y -0.0000  1.0000  0.0000
Z  0.9732  0.0000 -0.2300

PART 45
OFFSET  8.3880 -4.4827 -0.3571
X -0.3786 -0.0000  0.9255
Y -0.0000  1.0000 -0.0000
Z -0.9255 -0.0000 -0.3786

PART 46
OFFSET -3.5060 -7.9373 -3.1869
X -0.0089 -0.1571  0.9875
Y -0.3910 -0.9084 -0.1480
Z  0.9203 -0.3874 -0.0534

PART 47
OFFSET -3.3987 -6.0376 -15.1302
X -0.8012 -0.0142 -0.5983
Y  0.5835  0.2032 -0.7862
Z  0.1327 -0.9790 -0.1545

PART 48
OFFSET  3.4155 -5.9169 -10.0416
X -0.8012 -0.0142 -0.5983
Y  0.5984 -0.0149 -0.8010
Z  0.0024 -0.9998  0.0205

PART 49
OFFSET  3.9842 -4.9260 -8.4228
X -0.8050 -0.0127 -0.5931
Y -0.1388  0.9760  0.1675
Z  0.5768  0.2172 -0.7875

PART 50
OFFSET  3.8126 -5.7093 -7.5324
X -0.8050 -0.0127 -0.5931
Y -0.1388  0.9760  0.1675
Z  0.5768  0.2172 -0.7875

PART 51
OFFSET  4.1940 -6.9609 -7.8471
X -0.8050 -0.0127 -0.5931
Y -0.1388  0.9760  0.1675
Z  0.5768  0.2172 -0.7875

PART 52
OFFSET  5.8716 -5.8733 -8.2074
X -0.9971 -0.0023 -0.0755
Y  0.0755  0.0083 -0.9971
Z  0.0029 -1.0000 -0.0081

PART 53
OFFSET  6.2462 -5.4697 -7.2079
X -0.4606 -0.8450 -0.2718
Y  0.7231 -0.1796 -0.6670
Z  0.5148 -0.5037  0.6937

PART 54
OFFSET  7.1392 -3.6004 -6.5934
X -0.9449 -0.3083  0.1101
Y  0.1868 -0.7840 -0.5920
Z  0.2688 -0.5389  0.7983

PART 55
OFFSET  8.6457 -3.0891 -6.8960
X -0.8201  0.1479  0.5527
Y -0.4092 -0.8269 -0.3859
Z  0.3999 -0.5426  0.7387

PART 56
OFFSET  9.5212 -3.2102 -7.5209
X -0.9466  0.2874 -0.1460
Y  0.2923  0.5742 -0.7648
Z -0.1359 -0.7666 -0.6275

PART 57
OFFSET  6.7957 -5.6604 -9.2096
X -0.9313 -0.0577  0.3597
Y  0.0701 -0.9973  0.0216
Z  0.3575  0.0453  0.9328

PART 58
OFFSET  8.9316 -5.4019 -9.8846
X -0.3752 -0.9261  0.0400
Y  0.8942 -0.3730 -0.2475
Z  0.2441 -0.0571  0.9681

PART 59
OFFSET  9.4628 -4.0908 -9.9411
X  0.5358 -0.8223 -0.1914
Y  0.8196  0.5611 -0.1163
Z  0.2030 -0.0946  0.9746

PART 60
OFFSET  8.9877 -3.3617 -9.7714
X  0.9676  0.0017 -0.2526
Y  0.0108  0.9988  0.0484
Z  0.2524 -0.0495  0.9664

PART 61
OFFSET  8.0685 -3.3634 -9.5314
X -0.7834 -0.6211  0.0231
Y -0.5826  0.7466  0.3212
Z -0.2168  0.2381 -0.9467

PART 62
OFFSET  6.9652 -5.8051 -8.5315
X -0.9833 -0.0129  0.1816
Y  0.0200 -0.9991  0.0372
Z  0.1809  0.0402  0.9827

PART 63
OFFSET  9.4908 -5.7996 -9.1478
X -0.2986 -0.9527  0.0561
Y  0.9315 -0.3038 -0.2001
Z  0.2077 -0.0075  0.9782

PART 64
OFFSET  9.9992 -4.1776 -9.2433
X  0.6356 -0.7578 -0.1476
Y  0.7478  0.6518 -0.1261
Z  0.1918 -0.0302  0.9810

PART 65
OFFSET  9.1184 -3.1274 -9.0387
X  0.9550  0.2385 -0.1761
Y -0.2297  0.9708  0.0693
Z  0.1875 -0.0258  0.9819

PART 66
OFFSET  8.0826 -3.3860 -8.8477
X -0.6420 -0.7512  0.1530
Y -0.7434  0.6588  0.1155
Z -0.1875 -0.0396 -0.9815

PART 67
OFFSET  1.6593 -6.4257 -7.6829
X -0.9520 -0.2818  0.1195
Y -0.2895  0.9557 -0.0532
Z -0.0993 -0.0852 -0.9914

PART 68
OFFSET  9.7012 -6.2424 -7.1642
X -0.9665 -0.1352 -0.2180
Y  0.1413 -0.9899 -0.0123
Z -0.2141 -0.0427  0.9759

PART 69
OFFSET  11.4029 -6.0043 -6.7804
X -0.1589 -0.9870 -0.0238
Y  0.9631 -0.1603  0.2160
Z -0.2170  0.0115  0.9761

PART 70
OFFSET  11.5829 -4.8037 -6.6922
X  0.4363 -0.8990  0.0371
Y  0.8754  0.4336  0.2135
Z -0.2080 -0.0607  0.9762

PART 71
OFFSET  11.0902 -3.7882 -6.7341
X -0.9908 -0.1158  0.0698
Y -0.1226  0.9872 -0.1017
Z -0.0571 -0.1094 -0.9924

PART 72
OFFSET  9.6762 -6.0543 -8.2525
X -0.1799 -0.9837 -0.0063
Y  0.9832 -0.1800  0.0294
Z -0.0301 -0.0009  0.9995

PART 73
OFFSET  10.0276 -4.1326 -8.2401
X  0.7572 -0.6526  0.0272
Y  0.6532  0.7569 -0.0223
Z -0.0060  0.0346  0.9994

PART 74
OFFSET  8.9217 -3.1794 -8.2799
X  0.9619  0.2714 -0.0328
Y -0.2733  0.9581 -0.0859
Z  0.0081  0.0916  0.9958

PART 75
OFFSET  7.8320 -3.4868 -8.2499
X -0.5635 -0.8259  0.0163
Y -0.8254  0.5638  0.0297
Z -0.0338  0.0033 -0.9994

PART 76
OFFSET  0.0000 -0.0000 -0.0000
X  1.0000 -0.0000  0.0000
Y  0.0000  1.0000  0.0000
Z  0.0000 -0.0000  1.0000

PART 77
OFFSET  0.0000 -0.0000 -0.0000
X  1.0000 -0.0000  0.0000
Y  0.0000  1.0000  0.0000
Z  0.0000 -0.0000  1.0000

PART 78
OFFSET  1.5404 -0.0000  4.1357
X  1.0000 -0.0000  0.0000
Y  0.0000  1.0000  0.0000
Z  0.0000 -0.0000  1.0000


FRAME 2001
PART 0
OFFSET  0.0000 -0.0000 -0.0000
X  1.0000 -0.0000  0.0000
Y  0.0000  1.0000  0.0000
Z  0.0000 -0.0000  1.0000

PART 1
OFFSET -4.6318 -0.0000 -1.3770
X  1.0000 -0.0000  0.0000
Y  0.0000  1.0000  0.0000
Z  0.0000 -0.0000  1.0000

PART 2
OFFSET -1.2815  5.8385 -7.1997
X  0.8969 -0.1573 -0.4133
Y -0.1835 -0.9827 -0.0242
Z -0.4023  0.0976 -0.9103

PART 3
OFFSET  9.5656  3.9360 -12.1980
X  0.7263 -0.5675  0.3878
Y -0.5837 -0.2114  0.7840
Z -0.3629 -0.7958 -0.4848

PART 4
OFFSET  15.7435 -0.8908 -8.8999
X  0.7263 -0.5675  0.3878
Y  0.1894  0.7075  0.6808
Z -0.6607 -0.4211  0.6214

PART 5
OFFSET  17.8471 -0.1833 -8.2045
X  0.7308 -0.5640  0.3844
Y  0.3692  0.8003  0.4724
Z -0.5741 -0.2033  0.7931

PART 6
OFFSET  16.9479 -1.7821 -9.8451
X  0.7308 -0.5640  0.3844
Y  0.3692  0.8003  0.4724
Z -0.5741 -0.2033  0.7931

PART 7
OFFSET  16.4371 -1.2690 -5.7917
X  0.7308 -0.5640  0.3844
Y  0.3692  0.8003  0.4724
Z -0.5741 -0.2033  0.7931

PART 8
OFFSET  15.8799 -2.7126 -7.1223
X  0.7308 -0.5640  0.3844
Y  0.3692  0.8003  0.4724
Z -0.5741 -0.2033  0.7931

PART 9
OFFSET  15.9409 -2.7743 -8.3174
X  0.7308 -0.5640  0.3844
Y  0.3692  0.8003  0.4724
Z -0.5741 -0.2033  0.7931

PART 10
OFFSET  17.9702 -2.6306 -7.7112
X  0.9345 -0.2734  0.2281
Y  0.0674  0.7648  0.6408
Z -0.3496 -0.5834  0.7331

PART 11
OFFSET  18.3121 -2.2551 -6.6892
X  0.8294 -0.1265  0.5441
Y -0.0239  0.9651  0.2608
Z -0.5581 -0.2294  0.7974

PART 12
OFFSET  20.0684 -2.4446 -5.4446
X  0.9174 -0.3630  0.1633
Y  0.2236  0.8093  0.5431
Z -0.3293 -0.4617  0.8236

PART 13
OFFSET  21.4991 -3.1306 -5.1212
X  0.9373 -0.0932  0.3359
Y -0.0411  0.9273  0.3720
Z -0.3461 -0.3625  0.8653

PART 14
OFFSET  22.4962 -3.2323 -4.7120
X  0.9058  0.3551 -0.2313
Y -0.2660  0.0517 -0.9626
Z -0.3299  0.9334  0.1413

PART 15
OFFSET  18.6182 -3.7988 -8.0561
X  0.5017 -0.8463  0.1788
Y -0.5659 -0.1647  0.8079
Z -0.6543 -0.5065 -0.5616

PART 16
OFFSET  19.7714 -5.6468 -7.4734
X -0.2344 -0.4113  0.8809
Y -0.7964  0.6009  0.0687
Z -0.5575 -0.6854 -0.4684

PART 17
OFFSET  19.4396 -6.2291 -6.2263
X -0.7890  0.2784  0.5477
Y -0.2759  0.6360 -0.7207
Z -0.5490 -0.7197 -0.4249

PART 18
OFFSET  18.7400 -5.9822 -5.7407
X -0.7610  0.6480 -0.0295
Y  0.3291  0.3465 -0.8784
Z -0.5591 -0.6782 -0.4770

PART 19
OFFSET  18.0170 -5.3665 -5.7686
X  0.4563 -0.6151  0.6429
Y  0.6675 -0.2411 -0.7045
Z  0.5884  0.7507  0.3006

PART 20
OFFSET  18.9173 -3.2692 -7.6825
X  0.8665 -0.4986  0.0247
Y -0.3713 -0.6107  0.6994
Z -0.3336 -0.6152 -0.7143

PART 21
OFFSET  20.8845 -4.9430 -7.3879
X -0.1158 -0.5997  0.7918
Y -0.8674  0.4495  0.2136
Z -0.4840 -0.6620 -0.5723

PART 22
OFFSET  20.6873 -5.9640 -6.0399
X -0.7962  0.0732  0.6005
Y -0.3688  0.7282 -0.5777
Z -0.4796 -0.6815 -0.5528

PART 23
OFFSET  19.5838 -5.8626 -5.2076
X -0.8628  0.4857  0.1401
Y  0.1746  0.5465 -0.8191
Z -0.4744 -0.6823 -0.5563

PART 24
OFFSET  18.6480 -5.3359 -5.0556
X  0.5838 -0.7437  0.3257
Y  0.6578  0.1981 -0.7267
Z  0.4759  0.6385  0.6048

PART 25
OFFSET  20.7705 -2.5719 -5.5977
X  0.7690 -0.5674  0.2945
Y  0.6084  0.5082 -0.6096
Z  0.1962  0.6479  0.7360

PART 26
OFFSET  21.7922 -2.9024 -6.6116
X  0.6831 -0.7280  0.0590
Y -0.5643 -0.4747  0.6755
Z -0.4637 -0.4947 -0.7350

PART 27
OFFSET  22.9948 -4.1841 -6.5077
X  0.3507 -0.8763  0.3304
Y -0.8290 -0.1263  0.5449
Z -0.4357 -0.4650 -0.7707

PART 28
OFFSET  23.4476 -5.2211 -6.0592
X -0.0293 -0.7322  0.6804
Y -0.9007  0.3146  0.2997
Z -0.4335 -0.6041 -0.6687

PART 29
OFFSET  23.4145 -6.0482 -5.2907
X  0.7007 -0.2155 -0.6801
Y -0.1836  0.8667 -0.4638
Z  0.6894  0.4499  0.5677

PART 30
OFFSET  21.5567 -3.8075 -7.1996
X  0.2868 -0.8359  0.4679
Y -0.8373  0.0186  0.5465
Z -0.4655 -0.5485 -0.6946

PART 31
OFFSET  22.1170 -5.4406 -6.2855
X -0.6045 -0.3814  0.6994
Y -0.6281  0.7682 -0.1239
Z -0.4900 -0.5142 -0.7039

PART 32
OFFSET  21.2341 -5.9976 -5.2639
X -0.8624  0.2845  0.4187
Y  0.0133  0.8395 -0.5432
Z -0.5060 -0.4629 -0.7278

PART 33
OFFSET  20.2537 -5.6793 -4.7945
X  0.6852 -0.7248  0.0724
Y  0.5260  0.4235 -0.7375
Z  0.5039  0.5434  0.6714

PART 34
OFFSET  19.9346 -4.6731 -6.3209
X -0.3948 -0.6179 -0.6800
Y  0.3496  0.5834 -0.7331
Z  0.8496 -0.5272 -0.0143

PART 35
OFFSET  10.9224 -4.4774 -6.1185
X  1.0000  0.0001 -0.0041
Y -0.0001  1.0000 -0.0030
Z  0.0041  0.0030  1.0000

PART 36
OFFSET  10.9224 -4.4774 -6.1185
X  1.0000  0.0001 -0.0041
Y -0.0001  1.0000 -0.0030
Z  0.0041  0.0030  1.0000

PART 37
OFFSET  10.7426 -4.4524 -3.2707
X  1.0000  0.0001 -0.0041
Y -0.0001  1.0000 -0.0030
Z  0.0041  0.0030  1.0000

PART 38
OFFSET  12.3147 -4.4524 -3.3114
X  1.0000  0.0001 -0.0041
Y -0.0001  1.0000 -0.0030
Z  0.0041  0.0030  1.0000

PART 39
OFFSET  13.2919 -4.4817 -7.6091
X  1.0000  0.0001 -0.0041
Y -0.0001  1.0000 -0.0030
Z  0.0041  0.0030  1.0000

PART 40
OFFSET  11.1388 -4.4789 -6.6231
X  1.0000  0.0001 -0.0041
Y -0.0001  1.0000 -0.0030
Z  0.0041  0.0030  1.0000

PART 41
OFFSET  31.9532 -5.6636 -7.0725
X  0.0041  0.5026  0.8645
Y -0.0021  0.8645 -0.5026
Z -1.0000  0.0002  0.0046

PART 42
OFFSET  31.9529 -3.2878 -7.0797
X  0.0042 -0.4974  0.8675
Y  0.0019  0.8675  0.4974
Z -1.0000 -0.0004  0.0046

PART 43
OFFSET  15.9124 -4.4804 -7.5389
X  1.0000  0.0001 -0.0041
Y -0.0001  1.0000 -0.0030
Z  0.0041  0.0030  1.0000

PART 44
OFFSET  20.7450 -4.4609 -0.1922
X -0.2094 -0.0030 -0.9778
Y -0.0001  1.0000 -0.0030
Z  0.9778 -0.0005 -0.2094

PART 45
OFFSET  8.4276 -4.4626 -0.3118
X -0.3393  0.0028  0.9407
Y -0.0001  1.0000 -0.0030
Z -0.9407 -0.0011 -0.3393

PART 46
OFFSET -3.5060 -7.9373 -3.1869
X -0.0359  0.2557  0.9661
Y -0.6567 -0.7348  0.1701
Z  0.7533 -0.6283  0.1943

PART 47
OFFSET -3.0718 -11.0298 -14.8707
X -0.8513  0.0267 -0.5240
Y  0.4925 -0.3037 -0.8156
Z -0.1809 -0.9524  0.2454

PART 48
OFFSET  4.1686 -11.2571 -10.4134
X -0.8513  0.0267 -0.5240
Y  0.5242 -0.0009 -0.8516
Z -0.0232 -0.9996 -0.0133

PART 49
OFFSET  5.2357 -9.9807 -9.3375
X -0.8537  0.0312 -0.5198
Y  0.1763  0.9566 -0.2321
Z  0.4900 -0.2898 -0.8221

PART 50
OFFSET  4.9804 -10.2772 -8.2049
X -0.8537  0.0312 -0.5198
Y  0.1763  0.9566 -0.2321
Z  0.4900 -0.2898 -0.8221

PART 51
OFFSET  4.9317 -11.6069 -8.0036
X -0.8537  0.0312 -0.5198
Y  0.1763  0.9566 -0.2321
Z  0.4900 -0.2898 -0.8221

PART 52
OFFSET  6.7783 -11.3390 -8.8069
X -0.9976  0.0022 -0.0685
Y  0.0686  0.0253 -0.9973
Z -0.0005 -0.9997 -0.0254

PART 53
OFFSET  7.1612 -10.9539 -7.8032
X -0.4754 -0.8167 -0.3271
Y  0.7197 -0.1472 -0.6785
Z  0.5060 -0.5580  0.6577

PART 54
OFFSET  8.0871 -9.1459 -7.0662
X -0.9396 -0.3378  0.0560
Y  0.2234 -0.7287 -0.6474
Z  0.2595 -0.5957  0.7601

PART 55
OFFSET  9.5882 -8.5773 -7.2803
X -0.8587  0.0390  0.5109
Y -0.3297 -0.8053 -0.4928
Z  0.3922 -0.5916  0.7044

PART 56
OFFSET  10.5045 -8.5787 -7.8567
X -0.9538  0.2428 -0.1768
Y  0.2966  0.6679 -0.6826
Z -0.0477 -0.7035 -0.7091

PART 57
OFFSET  7.6961 -11.1118 -9.8117
X -0.9289 -0.0609  0.3652
Y  0.0669 -0.9977  0.0039
Z  0.3641  0.0280  0.9309

PART 58
OFFSET  9.8281 -10.8485 -10.4971
X -0.4324 -0.9007  0.0427
Y  0.8661 -0.4280 -0.2581
Z  0.2507 -0.0746  0.9652

PART 59
OFFSET  10.4402 -9.5733 -10.5574
X  0.4389 -0.8777 -0.1924
Y  0.8743  0.4665 -0.1340
Z  0.2074 -0.1094  0.9721

PART 60
OFFSET  10.0511 -8.7952 -10.3868
X  0.9506 -0.1546 -0.2692
Y  0.1678  0.9855  0.0263
Z  0.2613 -0.0701  0.9627

PART 61
OFFSET  9.1480 -8.6482 -10.1311
X -0.8702 -0.4902  0.0502
Y -0.4520  0.8346  0.3147
Z -0.1962  0.2512 -0.9478

PART 62
OFFSET  7.8698 -11.2687 -9.1373
X -0.9820 -0.0129  0.1882
Y  0.0169 -0.9997  0.0198
Z  0.1879  0.0227  0.9819

PART 63
OFFSET  10.3911 -11.2606 -9.7713
X -0.3583 -0.9320  0.0548
Y  0.9086 -0.3616 -0.2088
Z  0.2144 -0.0251  0.9764

PART 64
OFFSET  11.0011 -9.6739 -9.8645
X  0.5460 -0.8244 -0.1493
Y  0.8143  0.5641 -0.1370
Z  0.1972 -0.0468  0.9792

PART 65
OFFSET  10.2444 -8.5313 -9.6576
X  0.9784  0.0819 -0.1896
Y -0.0724  0.9958  0.0568
Z  0.1934 -0.0418  0.9802

PART 66
OFFSET  9.1832 -8.6202 -9.4520
X -0.7508 -0.6380  0.1711
Y -0.6283  0.7697  0.1130
Z -0.2038 -0.0227 -0.9788

PART 67
OFFSET  2.5680 -11.8869 -8.2623
X -0.9521 -0.2808  0.1214
Y -0.2867  0.9574 -0.0346
Z -0.1065 -0.0678 -0.9920

PART 68
OFFSET  10.6138 -11.7383 -7.7971
X -0.9702 -0.1456 -0.1939
Y  0.1525 -0.9881 -0.0210
Z -0.1885 -0.0499  0.9808

PART 69
OFFSET  12.3219 -11.4819 -7.4557
X -0.2113 -0.9767 -0.0372
Y  0.9584 -0.2145  0.1885
Z -0.1920  0.0042  0.9814

PART 70
OFFSET  12.5671 -10.2942 -7.3509
X  0.3651 -0.9310  0.0047
Y  0.9120  0.3586  0.1989
Z -0.1869 -0.0683  0.9800

PART 71
OFFSET  12.1547 -9.2427 -7.3562
X -0.9947 -0.0399  0.0946
Y -0.0472  0.9960 -0.0760
Z -0.0912 -0.0801 -0.9926

PART 72
OFFSET  10.5819 -11.5313 -8.8818
X -0.2532 -0.9671 -0.0237
Y  0.9674 -0.2534  0.0056
Z -0.0114 -0.0215  0.9997

PART 73
OFFSET  11.0764 -9.6419 -8.8356
X  0.6714 -0.7411 -0.0012
Y  0.7409  0.6713 -0.0195
Z  0.0152  0.0122  0.9998

PART 74
OFFSET  10.0958 -8.5595 -8.8338
X  0.9936  0.1040 -0.0431
Y -0.1066  0.9923 -0.0628
Z  0.0362  0.0670  0.9971

PART 75
OFFSET  8.9701 -8.6770 -8.7921
X -0.6962 -0.7178  0.0094
Y -0.7164  0.6956  0.0540
Z -0.0454  0.0309 -0.9985

PART 76
OFFSET  0.0000 -0.0000 -0.0000
X  1.0000 -0.0000  0.0000
Y  0.0000  1.0000  0.0000
Z  0.0000 -0.0000  1.0000

PART 77
OFFSET -0.0000 -0.0000 -0.0000
X  1.0000 -0.0004 -0.0007
Y  0.0004  1.0000  0.0007
Z  0.0007 -0.0007  1.0000

PART 78
OFFSET  1.5433 -0.0035  4.1347
X  1.0000 -0.0004 -0.0007
Y  0.0004  1.0000  0.0007
Z  0.0007 -0.0007  1.0000


FRAME 2002
PART 0
OFFSET  0.0000 -0.0000 -0.0000
X  1.0000 -0.0000  0.0000
Y  0.0000  1.0000  0.0000
Z  0.0000 -0.0000  1.0000

PART 1
OFFSET -4.6318 -0.0000 -1.3770
X  1.0000 -0.0000  0.0000
Y  0.0000  1.0000  0.0000
Z  0.0000 -0.0000  1.0000

PART 2
OFFSET -1.2815  5.8385 -7.1997
X  0.8974 -0.1584 -0.4117
Y -0.1841 -0.9826 -0.0233
Z -0.4009  0.0967 -0.9110

PART 3
OFFSET  9.5721  3.9229 -12.1787
X  0.7279 -0.5666  0.3863
Y -0.5819 -0.2125  0.7850
Z -0.3627 -0.7961 -0.4844

PART 4
OFFSET  15.7630 -0.8960 -8.8934
X  0.7279 -0.5666  0.3863
Y  0.1973  0.7125  0.6733
Z -0.6567 -0.4139  0.6304

PART 5
OFFSET  17.8669 -0.1857 -8.2017
X  0.7323 -0.5631  0.3829
Y  0.3689  0.8007  0.4719
Z -0.5723 -0.2044  0.7941

PART 6
OFFSET  16.9670 -1.7853 -9.8410
X  0.7323 -0.5631  0.3829
Y  0.3689  0.8007  0.4719
Z -0.5723 -0.2044  0.7941

PART 7
OFFSET  16.4630 -1.2741 -5.7866
X  0.7323 -0.5631  0.3829
Y  0.3689  0.8007  0.4719
Z -0.5723 -0.2044  0.7941

PART 8
OFFSET  15.9053 -2.7181 -7.1166
X  0.7323 -0.5631  0.3829
Y  0.3689  0.8007  0.4719
Z -0.5723 -0.2044  0.7941

PART 9
OFFSET  15.9642 -2.7793 -8.3118
X  0.7323 -0.5631  0.3829
Y  0.3689  0.8007  0.4719
Z -0.5723 -0.2044  0.7941

PART 10
OFFSET  17.9945 -2.6329 -7.7092
X  0.9369 -0.2714  0.2205
Y  0.0737  0.7696  0.6342
Z -0.3418 -0.5779  0.7411

PART 11
OFFSET  18.3466 -2.2496 -6.6937
X  0.8350 -0.1225  0.5364
Y -0.0213  0.9670  0.2540
Z -0.5498 -0.2235  0.8048

PART 12
OFFSET  20.1158 -2.4299 -5.4661
X  0.9193 -0.3611  0.1568
Y  0.2284  0.8137  0.5345
Z -0.3206 -0.4556  0.8305

PART 13
OFFSET  21.5503 -3.1123 -5.1518
X  0.9407 -0.0899  0.3271
Y -0.0381  0.9301  0.3652
Z -0.3371 -0.3560  0.8716

PART 14
OFFSET  22.5515 -3.2101 -4.7520
X  0.9031  0.3540 -0.2431
Y -0.2758  0.0440 -0.9602
Z -0.3292  0.9342  0.1374

PART 15
OFFSET  18.6393 -3.8035 -8.0520
X  0.5039 -0.8448  0.1801
Y -0.5574 -0.1588  0.8149
Z -0.6598 -0.5110 -0.5509

PART 16
OFFSET  19.7992 -5.6467 -7.4672
X -0.2251 -0.4046  0.8863
Y -0.7959  0.6011  0.0723
Z -0.5621 -0.6891 -0.4574

PART 17
OFFSET  19.4805 -6.2196 -6.2124
X -0.7834  0.2823  0.5537
Y -0.2836  0.6304 -0.7226
Z -0.5531 -0.7231 -0.4138

PART 18
OFFSET  18.7859 -5.9692 -5.7214
X -0.7616  0.6476 -0.0265
Y  0.3199  0.3400 -0.8844
Z -0.5637 -0.6820 -0.4660

PART 19
OFFSET  18.0624 -5.3540 -5.7466
X  0.4632 -0.6101  0.6428
Y  0.6603 -0.2462 -0.7095
Z  0.5911  0.7531  0.2888

PART 20
OFFSET  18.9420 -3.2710 -7.6855
X  0.8669 -0.4981  0.0195
Y -0.3638 -0.6055  0.7078
Z -0.3407 -0.6207 -0.7061

PART 21
OFFSET  20.9129 -4.9419 -7.3985
X -0.1074 -0.5937  0.7975
Y -0.8653  0.4508  0.2191
Z -0.4896 -0.6665 -0.5622

PART 22
OFFSET  20.7300 -5.9527 -6.0408
X -0.7900  0.0775  0.6081
Y -0.3750  0.7236 -0.5794
Z -0.4850 -0.6858 -0.5426

PART 23
OFFSET  19.6350 -5.8453 -5.1980
X -0.8615  0.4865  0.1453
Y  0.1659  0.5403 -0.8250
Z -0.4798 -0.6866 -0.5462

PART 24
OFFSET  18.7007 -5.3177 -5.0404
X  0.5875 -0.7410  0.3253
Y  0.6502  0.1928 -0.7349
Z  0.4818  0.6432  0.5950

PART 25
OFFSET  20.8163 -2.5572 -5.6253
X  0.7722 -0.5649  0.2909
Y  0.6019  0.5038 -0.6196
Z  0.2035  0.6536  0.7290

PART 26
OFFSET  21.8276 -2.8951 -6.6471
X  0.6839 -0.7273  0.0575
Y -0.5571 -0.4697  0.6848
Z -0.4711 -0.5004 -0.7264

PART 27
OFFSET  23.0318 -4.1756 -6.5459
X  0.3544 -0.8736  0.3334
Y -0.8232 -0.1224  0.5543
Z -0.4434 -0.4709 -0.7626

PART 28
OFFSET  23.4896 -5.2090 -6.0943
X -0.0220 -0.7270  0.6862
Y -0.8977  0.3166  0.3066
Z -0.4401 -0.6093 -0.6596

PART 29
OFFSET  23.4647 -6.0303 -5.3191
X  0.6937 -0.2205 -0.6857
Y -0.1888  0.8631 -0.4685
Z  0.6951  0.4544  0.5571

PART 30
OFFSET  21.5865 -3.8048 -7.2257
X  0.2920 -0.8323  0.4713
Y -0.8316  0.0225  0.5549
Z -0.4724 -0.5539 -0.6856

PART 31
OFFSET  22.1569 -5.4307 -6.3051
X -0.5971 -0.3763  0.7084
Y -0.6296  0.7671 -0.1233
Z -0.4970 -0.5197 -0.6949

PART 32
OFFSET  21.2847 -5.9802 -5.2703
X -0.8582  0.2874  0.4254
Y  0.0073  0.8354 -0.5496
Z -0.5133 -0.4686 -0.7190

PART 33
OFFSET  20.3091 -5.6586 -4.7932
X  0.6862 -0.7240  0.0709
Y  0.5182  0.4181 -0.7461
Z  0.5106  0.5487  0.6620

PART 34
OFFSET  19.9739 -4.6641 -6.3239
X -0.4016 -0.6231 -0.6712
Y  0.3418  0.5779 -0.7411
Z  0.8497 -0.5270 -0.0191

PART 35
OFFSET  10.9641 -4.4699 -6.0301
X  0.9999  0.0004 -0.0144
Y -0.0005  0.9999 -0.0106
Z  0.0144  0.0106  0.9998

PART 36
OFFSET  10.9641 -4.4699 -6.0301
X  0.9999  0.0004 -0.0144
Y -0.0005  0.9999 -0.0106
Z  0.0144  0.0106  0.9998

PART 37
OFFSET  10.8137 -4.4233 -3.1809
X  0.9999  0.0004 -0.0144
Y -0.0005  0.9999 -0.0106
Z  0.0144  0.0106  0.9998

PART 38
OFFSET  12.3853 -4.4231 -3.2377
X  0.9999  0.0004 -0.0144
Y -0.0005  0.9999 -0.0106
Z  0.0144  0.0106  0.9998

PART 39
OFFSET  13.3182 -4.4847 -7.5449
X  0.9999  0.0004 -0.0144
Y -0.0005  0.9999 -0.0106
Z  0.0144  0.0106  0.9998

PART 40
OFFSET  11.1753 -4.4751 -6.5368
X  0.9999  0.0004 -0.0144
Y -0.0005  0.9999 -0.0106
Z  0.0144  0.0106  0.9998

PART 41
OFFSET  31.9845 -5.6565 -7.1917
X  0.0143  0.5092  0.8605
Y -0.0076  0.8607 -0.5091
Z -0.9999  0.0007  0.0162

PART 42
OFFSET  31.9832 -3.2808 -7.2170
X  0.0149 -0.4908  0.8712
Y  0.0067  0.8713  0.4907
Z -0.9999 -0.0014  0.0163

PART 43
OFFSET  15.9392 -4.4820 -7.5017
X  0.9999  0.0004 -0.0144
Y -0.0005  0.9999 -0.0106
Z  0.0144  0.0106  0.9998

PART 44
OFFSET  20.8472 -4.4053 -0.2056
X -0.1645 -0.0106 -0.9863
Y -0.0005  0.9999 -0.0106
Z  0.9864 -0.0012 -0.1645

PART 45
OFFSET  8.5293 -4.4118 -0.1983
X -0.2477  0.0102  0.9688
Y -0.0005  0.9999 -0.0106
Z -0.9688 -0.0032 -0.2476

PART 46
OFFSET -3.5060 -7.9373 -3.1869
X -0.0626  0.2268  0.9719
Y -0.6399 -0.7564  0.1353
Z  0.7659 -0.6135  0.1925

PART 47
OFFSET -2.7495 -10.6805 -14.9413
X -0.8508  0.0245 -0.5249
Y  0.5005 -0.2666 -0.8237
Z -0.1601 -0.9635  0.2145

PART 48
OFFSET  4.4871 -10.8892 -10.4769
X -0.8508  0.0245 -0.5249
Y  0.5254  0.0227 -0.8506
Z -0.0089 -0.9994 -0.0322

PART 49
OFFSET  5.5239 -9.6243 -9.3584
X -0.8533  0.0288 -0.5206
Y  0.1553  0.9672 -0.2012
Z  0.4977 -0.2526 -0.8298

PART 50
OFFSET  5.2734 -9.9623 -8.2365
X -0.8533  0.0288 -0.5206
Y  0.1553  0.9672 -0.2012
Z  0.4977 -0.2526 -0.8298

PART 51
OFFSET  5.2539 -11.2985 -8.0776
X -0.8533  0.0288 -0.5206
Y  0.1553  0.9672 -0.2012
Z  0.4977 -0.2526 -0.8298

PART 52
OFFSET  7.0954 -10.9644 -8.8677
X -0.9911  0.0107 -0.1325
Y  0.1329  0.0554 -0.9896
Z -0.0033 -0.9984 -0.0563

PART 53
OFFSET  7.4144 -10.6127 -7.8300
X -0.4747 -0.7342 -0.4853
Y  0.7675 -0.0754 -0.6366
Z  0.4309 -0.6747  0.5993

PART 54
OFFSET  8.3382 -8.9832 -6.7525
X -0.9100 -0.3799 -0.1661
Y  0.3755 -0.5856 -0.7183
Z  0.1756 -0.7161  0.6756

PART 55
OFFSET  9.8100 -8.3247 -6.6030
X -0.9473 -0.1893  0.2583
Y -0.0578 -0.6924 -0.7192
Z  0.3150 -0.6963  0.6450

PART 56
OFFSET  10.8210 -8.0764 -6.8996
X -0.9135  0.1649 -0.3718
Y  0.3251  0.8454 -0.4239
Z  0.2444 -0.5081 -0.8259

PART 57
OFFSET  8.0771 -10.7124 -9.8038
X -0.9508 -0.0661  0.3026
Y  0.0621 -0.9978 -0.0228
Z  0.3034 -0.0029  0.9529

PART 58
OFFSET  10.2500 -10.4419 -10.3421
X -0.5685 -0.8225  0.0201
Y  0.8010 -0.5589 -0.2144
Z  0.1876 -0.1058  0.9765

PART 59
OFFSET  11.0549 -9.2775 -10.3705
X  0.1903 -0.9688 -0.1587
Y  0.9718  0.2087 -0.1093
Z  0.1391 -0.1334  0.9813

PART 60
OFFSET  10.8861 -8.4185 -10.2298
X  0.8228 -0.5199 -0.2297
Y  0.5313  0.8471 -0.0141
Z  0.2019 -0.1104  0.9732

PART 61
OFFSET  10.1045 -7.9246 -10.0117
X -0.9920 -0.1181  0.0438
Y -0.1029  0.9601  0.2601
Z -0.0727  0.2536 -0.9646

PART 62
OFFSET  8.2063 -10.8910 -9.1249
X -0.9922 -0.0124  0.1241
Y  0.0112 -0.9999 -0.0101
Z  0.1242 -0.0086  0.9922

PART 63
OFFSET  10.7632 -10.8797 -9.5947
X -0.5024 -0.8642  0.0275
Y  0.8514 -0.5000 -0.1587
Z  0.1509 -0.0563  0.9869

PART 64
OFFSET  11.6185 -9.4084 -9.6414
X  0.3060 -0.9454 -0.1121
Y  0.9431  0.3171 -0.1002
Z  0.1303 -0.0751  0.9886

PART 65
OFFSET  11.1945 -8.0981 -9.4861
X  0.9400 -0.3097 -0.1433
Y  0.3164  0.9483  0.0255
Z  0.1280 -0.0693  0.9894

PART 66
OFFSET  10.1750 -7.7622 -9.3307
X -0.9445 -0.2913  0.1515
Y -0.2853  0.9565  0.0605
Z -0.1625  0.0139 -0.9866

PART 67
OFFSET  2.8563 -11.5017 -8.6125
X -0.9592 -0.2782  0.0511
Y -0.2797  0.9598 -0.0233
Z -0.0425 -0.0367 -0.9984

PART 68
OFFSET  10.8559 -11.4190 -7.6260
X -0.9611 -0.1775 -0.2115
Y  0.1855 -0.9825 -0.0184
Z -0.2045 -0.0569  0.9772

PART 69
OFFSET  12.5482 -11.1065 -7.2537
X -0.3328 -0.9401 -0.0743
Y  0.9194 -0.3410  0.1963
Z -0.2098 -0.0030  0.9777

PART 70
OFFSET  12.9400 -9.9638 -7.1040
X  0.1806 -0.9829 -0.0365
Y  0.9600  0.1681  0.2238
Z -0.2139 -0.0754  0.9739

PART 71
OFFSET  12.7360 -8.8536 -7.0628
X -0.9856  0.1470  0.0838
Y  0.1451  0.9890 -0.0289
Z -0.0871 -0.0163 -0.9961

PART 72
OFFSET  10.8950 -11.1787 -8.7036
X -0.4233 -0.9029 -0.0747
Y  0.9048 -0.4255  0.0165
Z -0.0467 -0.0606  0.9971

PART 73
OFFSET  11.7219 -9.4148 -8.5576
X  0.4190 -0.9077 -0.0234
Y  0.9079  0.4184  0.0267
Z -0.0144 -0.0324  0.9994

PART 74
OFFSET  11.1099 -8.0890 -8.5234
X  0.9491 -0.3144 -0.0166
Y  0.3141  0.9492 -0.0199
Z  0.0221  0.0137  0.9997

PART 75
OFFSET  10.0350 -7.7323 -8.5117
X -0.9298 -0.3660 -0.0384
Y -0.3679  0.9272  0.0700
Z  0.0100  0.0792 -0.9968

PART 76
OFFSET  0.0000 -0.0000 -0.0000
X  1.0000 -0.0000  0.0000
Y  0.0000  1.0000  0.0000
Z  0.0000 -0.0000  1.0000

PART 77
OFFSET -0.0000 -0.0000 -0.0000
X  1.0000 -0.0015 -0.0026
Y  0.0015  1.0000  0.0026
Z  0.0026 -0.0026  1.0000

PART 78
OFFSET  1.5513 -0.0133  4.1317
X  1.0000 -0.0015 -0.0026
Y  0.0015  1.0000  0.0026
Z  0.0026 -0.0026  1.0000


FRAME 2003
PART 0
OFFSET  0.0000 -0.0000 -0.0000
X  1.0000 -0.0000  0.0000
Y  0.0000  1.0000  0.0000
Z  0.0000 -0.0000  1.0000

PART 1
OFFSET -4.6318 -0.0000 -1.3770
X  1.0000 -0.0000  0.0000
Y  0.0000  1.0000  0.0000
Z  0.0000 -0.0000  1.0000

PART 2
OFFSET -1.2815  5.8385 -7.1997
X  0.8981 -0.1597 -0.4096
Y -0.1847 -0.9825 -0.0219
Z -0.3990  0.0953 -0.9120

PART 3
OFFSET  9.5806  3.9066 -12.1539
X  0.7300 -0.5652  0.3843
Y -0.5796 -0.2138  0.7864
Z -0.3623 -0.7968 -0.4837

PART 4
OFFSET  15.7892 -0.9007 -8.8849
X  0.7300 -0.5652  0.3843
Y  0.2074  0.7190  0.6634
Z -0.6513 -0.4045  0.6421

PART 5
OFFSET  17.8933 -0.1863 -8.1982
X  0.7344 -0.5617  0.3810
Y  0.3685  0.8013  0.4712
Z -0.5700 -0.2057  0.7955

PART 6
OFFSET  16.9926 -1.7873 -9.8357
X  0.7344 -0.5617  0.3810
Y  0.3685  0.8013  0.4712
Z -0.5700 -0.2057  0.7955

PART 7
OFFSET  16.4975 -1.2781 -5.7800
X  0.7344 -0.5617  0.3810
Y  0.3685  0.8013  0.4712
Z -0.5700 -0.2057  0.7955

PART 8
OFFSET  15.9395 -2.7229 -7.1089
X  0.7344 -0.5617  0.3810
Y  0.3685  0.8013  0.4712
Z -0.5700 -0.2057  0.7955

PART 9
OFFSET  15.9956 -2.7837 -8.3043
X  0.7344 -0.5617  0.3810
Y  0.3685  0.8013  0.4712
Z -0.5700 -0.2057  0.7955

PART 10
OFFSET  18.0270 -2.6334 -7.7067
X  0.9400 -0.2686  0.2103
Y  0.0818  0.7759  0.6256
Z -0.3312 -0.5709  0.7513

PART 11
OFFSET  18.3928 -2.2399 -6.6999
X  0.8424 -0.1173  0.5259
Y -0.0180  0.9693  0.2451
Z -0.5385 -0.2159  0.8145

PART 12
OFFSET  20.1789 -2.4084 -5.4953
X  0.9218 -0.3583  0.1481
Y  0.2343  0.8193  0.5233
Z -0.3088 -0.4476  0.8392

PART 13
OFFSET  21.6184 -3.0857 -5.1934
X  0.9451 -0.0854  0.3154
Y -0.0345  0.9337  0.3564
Z -0.3249 -0.3477  0.8795

PART 14
OFFSET  22.6250 -3.1781 -4.8060
X  0.8993  0.3527 -0.2587
Y -0.2886  0.0340 -0.9568
Z -0.3287  0.9351  0.1324

PART 15
OFFSET  18.6680 -3.8068 -8.0468
X  0.5070 -0.8427  0.1814
Y -0.5461 -0.1512  0.8240
Z -0.6669 -0.5168 -0.5368

PART 16
OFFSET  19.8372 -5.6434 -7.4600
X -0.2126 -0.3961  0.8933
Y -0.7953  0.6013  0.0773
Z -0.5677 -0.6939 -0.4429

PART 17
OFFSET  19.5362 -6.2042 -6.1954
X -0.7759  0.2872  0.5616
Y -0.2939  0.6231 -0.7248
Z -0.5581 -0.7275 -0.3991

PART 18
OFFSET  18.8482 -5.9496 -5.6974
X -0.7623  0.6468 -0.0224
Y  0.3074  0.3315 -0.8920
Z -0.5695 -0.6869 -0.4516

PART 19
OFFSET  18.1240 -5.3351 -5.7187
X  0.4724 -0.6035  0.6424
Y  0.6507 -0.2527 -0.7160
Z  0.5944  0.7563  0.2733

PART 20
OFFSET  18.9753 -3.2706 -7.6897
X  0.8675 -0.4973  0.0125
Y -0.3536 -0.5988  0.7186
Z -0.3499 -0.6278 -0.6953

PART 21
OFFSET  20.9512 -4.9373 -7.4135
X -0.0960 -0.5860  0.8046
Y -0.8626  0.4524  0.2265
Z -0.4967 -0.6723 -0.5489

PART 22
OFFSET  20.7877 -5.9349 -6.0436
X -0.7817  0.0829  0.6181
Y -0.3835  0.7177 -0.5812
Z -0.4918 -0.6914 -0.5292

PART 23
OFFSET  19.7044 -5.8200 -5.1869
X -0.8598  0.4873  0.1524
Y  0.1542  0.5323 -0.8324
Z -0.4868 -0.6922 -0.5328

PART 24
OFFSET  18.7719 -5.2915 -5.0217
X  0.5924 -0.7374  0.3245
Y  0.6399  0.1860 -0.7456
Z  0.4894  0.6493  0.5821

PART 25
OFFSET  20.8771 -2.5355 -5.6625
X  0.7766 -0.5615  0.2857
Y  0.5930  0.4981 -0.6327
Z  0.2130  0.6608  0.7197

PART 26
OFFSET  21.8746 -2.8827 -6.6948
X  0.6852 -0.7263  0.0552
Y -0.5473 -0.4634  0.6970
Z -0.4806 -0.5078 -0.7150

PART 27
OFFSET  23.0810 -4.1614 -6.5976
X  0.3596 -0.8701  0.3370
Y -0.8155 -0.1175  0.5667
Z -0.4535 -0.4787 -0.7518

PART 28
OFFSET  23.5458 -5.1901 -6.1422
X -0.0121 -0.7203  0.6935
Y -0.8936  0.3190  0.3158
Z -0.4487 -0.6160 -0.6475

PART 29
OFFSET  23.5322 -6.0037 -5.3588
X  0.6844 -0.2267 -0.6929
Y -0.1958  0.8583 -0.4743
Z  0.7023  0.4603  0.5431

PART 30
OFFSET  21.6263 -3.7981 -7.2611
X  0.2990 -0.8274  0.4753
Y -0.8239  0.0274  0.5660
Z -0.4814 -0.5609 -0.6736

PART 31
OFFSET  22.2104 -5.4146 -6.3325
X -0.5870 -0.3697  0.7202
Y -0.6319  0.7654 -0.1221
Z -0.5061 -0.5268 -0.6829

PART 32
OFFSET  21.3530 -5.9546 -5.2806
X -0.8525  0.2910  0.4343
Y -0.0009  0.8300 -0.5578
Z -0.5228 -0.4759 -0.7073

PART 33
OFFSET  20.3838 -5.6289 -4.7933
X  0.6876 -0.7228  0.0685
Y  0.5076  0.4111 -0.7572
Z  0.5192  0.5554  0.6496

PART 34
OFFSET  20.0269 -4.6497 -6.3289
X -0.4102 -0.6299 -0.6595
Y  0.3312  0.5709 -0.7513
Z  0.8497 -0.5266 -0.0256

PART 35
OFFSET  11.0218 -4.4583 -5.9133
X  0.9996  0.0009 -0.0281
Y -0.0015  0.9998 -0.0204
Z  0.0281  0.0204  0.9994

PART 36
OFFSET  11.0218 -4.4583 -5.9133
X  0.9996  0.0009 -0.0281
Y -0.0015  0.9998 -0.0204
Z  0.0281  0.0204  0.9994

PART 37
OFFSET  10.9104 -4.3840 -3.0629
X  0.9996  0.0009 -0.0281
Y -0.0015  0.9998 -0.0204
Z  0.0281  0.0204  0.9994

PART 38
OFFSET  12.4811 -4.3833 -3.1414
X  0.9996  0.0009 -0.0281
Y -0.0015  0.9998 -0.0204
Z  0.0281  0.0204  0.9994

PART 39
OFFSET  13.3549 -4.4865 -7.4601
X  0.9996  0.0009 -0.0281
Y -0.0015  0.9998 -0.0204
Z  0.0281  0.0204  0.9994

PART 40
OFFSET  11.2260 -4.4684 -6.4228
X  0.9996  0.0009 -0.0281
Y -0.0015  0.9998 -0.0204
Z  0.0281  0.0204  0.9994

PART 41
OFFSET  32.0252 -5.6427 -7.3517
X  0.0279  0.5176  0.8552
Y -0.0153  0.8556 -0.5174
Z -0.9995  0.0013  0.0318

PART 42
OFFSET  32.0217 -3.2674 -7.4002
X  0.0294 -0.4822  0.8756
Y  0.0128  0.8761  0.4820
Z -0.9995 -0.0030  0.0319

PART 43
OFFSET  15.9763 -4.4817 -7.4530
X  0.9996  0.0009 -0.0281
Y -0.0015  0.9998 -0.0204
Z  0.0281  0.0204  0.9994

PART 44
OFFSET  20.9839 -4.3304 -0.2260
X -0.1213 -0.0204 -0.9924
Y -0.0015  0.9998 -0.0204
Z  0.9926 -0.0010 -0.1213

PART 45
OFFSET  8.6672 -4.3448 -0.0495
X -0.1461  0.0200  0.9891
Y -0.0015  0.9998 -0.0204
Z -0.9893 -0.0044 -0.1460

PART 46
OFFSET -3.5060 -7.9373 -3.1869
X -0.1220  0.1915  0.9739
Y -0.5809 -0.8094  0.0864
Z  0.8048 -0.5552  0.2100

PART 47
OFFSET -2.0308 -10.2530 -14.9650
X -0.8560 -0.0174 -0.5167
Y  0.5092 -0.2015 -0.8367
Z -0.0895 -0.9793  0.1813

PART 48
OFFSET  5.2496 -10.1047 -10.5701
X -0.8560 -0.0174 -0.5167
Y  0.5135  0.0876 -0.8536
Z  0.0602 -0.9960 -0.0660

PART 49
OFFSET  6.2065 -8.8095 -9.4157
X -0.8588 -0.0135 -0.5122
Y  0.0846  0.9822 -0.1678
Z  0.5054 -0.1875 -0.8423

PART 50
OFFSET  5.9924 -9.2035 -8.3045
X -0.8588 -0.0135 -0.5122
Y  0.0846  0.9822 -0.1678
Z  0.5054 -0.1875 -0.8423

PART 51
OFFSET  6.0689 -10.5424 -8.1933
X -0.8588 -0.0135 -0.5122
Y  0.0846  0.9822 -0.1678
Z  0.5054 -0.1875 -0.8423

PART 52
OFFSET  7.8738 -10.0512 -8.9859
X -0.9575  0.0316 -0.2868
Y  0.2885  0.1269 -0.9490
Z  0.0064 -0.9914 -0.1306

PART 53
OFFSET  8.0234 -9.7808 -7.8875
X -0.3939 -0.5725 -0.7190
Y  0.8672  0.0278 -0.4972
Z  0.3047 -0.8194  0.4855

PART 54
OFFSET  8.7699 -8.5025 -6.3132
X -0.7751 -0.3455 -0.5289
Y  0.6306 -0.3712 -0.6816
Z  0.0392 -0.8619  0.5056

PART 55
OFFSET  10.0545 -7.8703 -5.5566
X -0.8996 -0.3545 -0.2551
Y  0.3986 -0.4275 -0.8114
Z  0.1785 -0.8316  0.5259

PART 56
OFFSET  11.0123 -7.4417 -5.2909
X -0.6966  0.1844 -0.6934
Y  0.2645  0.9643 -0.0094
Z  0.6669 -0.1899 -0.7205

PART 57
OFFSET  8.9916 -9.7418 -9.7330
X -0.9868 -0.0776  0.1421
Y  0.0656 -0.9940 -0.0872
Z  0.1480 -0.0767  0.9860

PART 58
OFFSET  11.2223 -9.4567 -9.8980
X -0.7174 -0.6889 -0.1041
Y  0.6960 -0.7023 -0.1496
Z  0.0300 -0.1798  0.9832

PART 59
OFFSET  12.2380 -8.4815 -9.7506
X -0.1428 -0.9697 -0.1983
Y  0.9895 -0.1446 -0.0056
Z -0.0232 -0.1970  0.9801

PART 60
OFFSET  12.3646 -7.6217 -9.5748
X  0.4783 -0.8564 -0.1943
Y  0.8771  0.4770  0.0567
Z  0.0441 -0.1975  0.9793

PART 61
OFFSET  11.9102 -6.8081 -9.3902
X -0.9228  0.3842 -0.0286
Y  0.3599  0.8863  0.2916
Z  0.1374  0.2588 -0.9561

PART 62
OFFSET  9.0113 -9.9715 -9.0575
X -0.9993 -0.0103 -0.0361
Y  0.0133 -0.9965 -0.0829
Z -0.0351 -0.0834  0.9959

PART 63
OFFSET  11.6104 -9.9543 -9.1135
X -0.6628 -0.7417 -0.1032
Y  0.7488 -0.6579 -0.0808
Z -0.0079 -0.1308  0.9914

PART 64
OFFSET  12.7387 -8.6915 -8.9378
X -0.0325 -0.9888 -0.1460
Y  0.9990 -0.0368  0.0268
Z -0.0319 -0.1450  0.9889

PART 65
OFFSET  12.7837 -7.3212 -8.7355
X  0.6749 -0.7335 -0.0809
Y  0.7372  0.6654  0.1172
Z -0.0321 -0.1387  0.9898

PART 66
OFFSET  12.0518 -6.5257 -8.6477
X -0.9756  0.2140  0.0481
Y  0.2179  0.9709  0.0997
Z -0.0253  0.1078 -0.9939

PART 67
OFFSET  3.6483 -10.5582 -9.4473
X -0.9549 -0.2704 -0.1227
Y -0.2730  0.9620  0.0045
Z  0.1168  0.0377 -0.9924

PART 68
OFFSET  11.3893 -10.6387 -7.2010
X -0.9260 -0.2115 -0.3128
Y  0.2320 -0.9723 -0.0293
Z -0.2979 -0.0997  0.9494

PART 69
OFFSET  13.0196 -10.2663 -6.6503
X -0.4660 -0.8637 -0.1917
Y  0.8302 -0.5018  0.2426
Z -0.3058 -0.0461  0.9510

PART 70
OFFSET  13.5676 -9.2191 -6.3594
X -0.0536 -0.9886 -0.1407
Y  0.9457 -0.0955  0.3108
Z -0.3207 -0.1164  0.9400

PART 71
OFFSET  13.6281 -8.1024 -6.2005
X -0.9264  0.3753  0.0297
Y  0.3763  0.9211  0.1002
Z  0.0103  0.1040 -0.9945

PART 72
OFFSET  11.5990 -10.3198 -8.2377
X -0.6023 -0.7681 -0.2175
Y  0.7806 -0.6236  0.0409
Z -0.1670 -0.1451  0.9752

PART 73
OFFSET  12.7756 -8.8193 -7.8129
X  0.0524 -0.9914 -0.1196
Y  0.9902  0.0360  0.1352
Z -0.1297 -0.1256  0.9836

PART 74
OFFSET  12.6991 -7.3711 -7.6382
X  0.6504 -0.7593 -0.0225
Y  0.7555  0.6435  0.1232
Z -0.0790 -0.0971  0.9921

PART 75
OFFSET  11.9635 -6.5101 -7.6196
X -0.9762  0.1774 -0.1248
Y  0.1532  0.9712  0.1824
Z  0.1536  0.1589 -0.9753

PART 76
OFFSET  0.0000 -0.0000 -0.0000
X  1.0000 -0.0000  0.0000
Y  0.0000  1.0000  0.0000
Z  0.0000 -0.0000  1.0000

PART 77
OFFSET -0.0000 -0.0000 -0.0000
X  1.0000 -0.0032 -0.0056
Y  0.0032  1.0000  0.0056
Z  0.0056 -0.0056  1.0000

PART 78
OFFSET  1.5634 -0.0281  4.1270
X  1.0000 -0.0032 -0.0056
Y  0.0032  1.0000  0.0056
Z  0.0056 -0.0056  1.0000


FRAME 2004
PART 0
OFFSET  0.0000 -0.0000 -0.0000
X  1.0000 -0.0000  0.0000
Y  0.0000  1.0000  0.0000
Z  0.0000 -0.0000  1.0000

PART 1
OFFSET -4.6318 -0.0000 -1.3770
X  1.0000 -0.0000  0.0000
Y  0.0000  1.0000  0.0000
