// Export filename: `C:\projects\cod\t5\xanim_export\t5_viewmodels\l96a1\l96a1_mantle.XANIM_EXPORT`
// Source filename: `D:\projects\devanim\t5\animation_assets\viewmodels/l96a1/ViewModel_l96a1_animated2.fbx`
// Export time: Mon May 03 17:40:55 2010

ANIMATION
VERSION 3

NUMPARTS 77
PART 0 "tag_ads"
PART 1 "tag_torso"
PART 2 "J_Shoulder_LE"
PART 3 "J_Elbow_LE"
PART 4 "J_WristTwist_LE"
PART 5 "J_Sleave_Reshape_Bottom_LE_1"
PART 6 "J_Sleave_Reshape_Bottom_LE_2"
PART 7 "J_Sleave_Reshape_Top_LE_1"
PART 8 "J_Sleave_Reshape_Top_LE_2"
PART 9 "J_Sleave_Reshape_Top_LE_3"
PART 10 "J_Wrist_LE"
PART 11 "J_Thumb_LE_0"
PART 12 "J_Thumb_LE_1"
PART 13 "J_Thumb_LE_2"
PART 14 "J_Thumb_LE_3"
PART 15 "J_PinkyPalm_LE"
PART 16 "J_Pinky_LE_0"
PART 17 "J_Pinky_LE_1"
PART 18 "J_Pinky_LE_2"
PART 19 "J_Pinky_LE_3"
PART 20 "J_RingPalm_LE"
PART 21 "J_Ring_LE_0"
PART 22 "J_Ring_LE_1"
PART 23 "J_Ring_LE_2"
PART 24 "J_Ring_LE_3"
PART 25 "J_Webbing_LE"
PART 26 "J_Index_LE_0"
PART 27 "J_Index_LE_1"
PART 28 "J_Index_LE_2"
PART 29 "J_Index_LE_3"
PART 30 "J_Mid_LE_0"
PART 31 "J_Mid_LE_1"
PART 32 "J_Mid_LE_2"
PART 33 "J_Mid_LE_3"
PART 34 "tag_knife_attach"
PART 35 "tag_weapon"
PART 36 "J_Gun"
PART 37 "tag_bolt"
PART 38 "tag_bolt_handle"
PART 39 "tag_clip"
PART 40 "tag_clip_release"
PART 41 "tag_trigger"
PART 42 "tag_bipod_right"
PART 43 "tag_bipod_left"
PART 44 "J_Shoulder_RI"
PART 45 "J_Elbow_RI"
PART 46 "J_WristTwist_RI"
PART 47 "J_Sleave_Reshape_Top_RI_3"
PART 48 "J_Sleave_Reshape_Top_RI_2"
PART 49 "J_Sleave_Reshape_Top_RI_1"
PART 50 "J_Wrist_RI"
PART 51 "J_Thumb_RI_0"
PART 52 "J_Thumb_RI_1"
PART 53 "J_Thumb_RI_2"
PART 54 "J_Thumb_RI_3"
PART 55 "J_PinkyPalm_RI"
PART 56 "J_Pinky_RI_0"
PART 57 "J_Pinky_RI_1"
PART 58 "J_Pinky_RI_2"
PART 59 "J_Pinky_RI_3"
PART 60 "J_RingPalm_RI"
PART 61 "J_Ring_RI_0"
PART 62 "J_Ring_RI_1"
PART 63 "J_Ring_RI_2"
PART 64 "J_Ring_RI_3"
PART 65 "J_Webbing_RI"
PART 66 "J_Index_RI_0"
PART 67 "J_Index_RI_1"
PART 68 "J_Index_RI_2"
PART 69 "J_Index_RI_3"
PART 70 "J_Mid_RI_0"
PART 71 "J_Mid_RI_1"
PART 72 "J_Mid_RI_2"
PART 73 "J_Mid_RI_3"
PART 74 "tag_cambone"
PART 75 "tag_camera"
PART 76 "tag_gasmask"

FRAMERATE 30
NUMFRAMES 33

FRAME 1800
PART 0
OFFSET -4.6318 -0.0000 -1.3770
X  1.0000 -0.0000  0.0000
Y  0.0000  1.0000  0.0000
Z  0.0000 -0.0000  1.0000

PART 1
OFFSET -4.6318 -0.0000 -1.3770
X  1.0000 -0.0000  0.0000
Y  0.0000  1.0000  0.0000
Z  0.0000 -0.0000  1.0000

PART 2
OFFSET -1.2815  5.8385 -7.1997
X  0.9197 -0.2014 -0.3369
Y -0.2045 -0.9785  0.0265
Z -0.3350  0.0445 -0.9412

PART 3
OFFSET  9.8418  3.4031 -11.2743
X  0.7822 -0.5213  0.3411
Y -0.5176 -0.2391  0.8215
Z -0.3467 -0.8192 -0.4569

PART 4
OFFSET  16.4949 -1.0310 -8.3730
X  0.7822 -0.5213  0.3411
Y  0.1896  0.7208  0.6668
Z -0.5935 -0.4569  0.6626

PART 5
OFFSET  18.5945 -0.1971 -7.8204
X  0.7862 -0.5176  0.3375
Y  0.3519  0.8240  0.4441
Z -0.5079 -0.2304  0.8300

PART 6
OFFSET  17.6849 -1.8577 -9.3922
X  0.7862 -0.5176  0.3375
Y  0.3519  0.8240  0.4441
Z -0.5079 -0.2304  0.8300

PART 7
OFFSET  17.4119 -1.3449 -5.3160
X  0.7862 -0.5176  0.3375
Y  0.3519  0.8240  0.4441
Z -0.5079 -0.2304  0.8300

PART 8
OFFSET  16.8541 -2.8284 -6.6016
X  0.7862 -0.5176  0.3375
Y  0.3519  0.8240  0.4441
Z -0.5079 -0.2304  0.8300

PART 9
OFFSET  16.8401 -2.8954 -7.7979
X  0.7862 -0.5176  0.3375
Y  0.3519  0.8240  0.4441
Z -0.5079 -0.2304  0.8300

PART 10
OFFSET  18.8929 -2.6293 -7.3273
X  0.9463 -0.2742  0.1714
Y  0.1055  0.7628  0.6379
Z -0.3057 -0.5856  0.7508

PART 11
OFFSET  19.2948 -2.2569 -6.3262
X  0.8596 -0.1734  0.4806
Y  0.0323  0.9572  0.2876
Z -0.5099 -0.2317  0.8284

PART 12
OFFSET  21.1247 -2.5485 -5.2143
X  0.9391 -0.3144  0.1387
Y  0.1998  0.8279  0.5242
Z -0.2797 -0.4645  0.8402

PART 13
OFFSET  22.5974 -3.1575 -4.9275
X  0.9509 -0.0413  0.3068
Y -0.0757  0.9298  0.3601
Z -0.3001 -0.3656  0.8810

PART 14
OFFSET  23.6107 -3.2032 -4.5493
X  0.8791  0.3960 -0.2653
Y -0.2985  0.0233 -0.9541
Z -0.3716  0.9180  0.1387

PART 15
OFFSET  19.5189 -3.7964 -7.7135
X  0.5112 -0.8469  0.1462
Y -0.5170 -0.1672  0.8395
Z -0.6866 -0.5047 -0.5233

PART 16
OFFSET  20.7041 -5.6464 -7.2059
X -0.1818 -0.4139  0.8920
Y -0.7907  0.6008  0.1176
Z -0.5845 -0.6839 -0.4365

PART 17
OFFSET  20.4467 -6.2324 -5.9431
X -0.7550  0.2769  0.5944
Y -0.3180  0.6382 -0.7012
Z -0.5734 -0.7184 -0.3938

PART 18
OFFSET  19.7773 -5.9869 -5.4161
X -0.7613  0.6482  0.0177
Y  0.2765  0.3492 -0.8953
Z -0.5865 -0.6767 -0.4450

PART 19
OFFSET  19.0541 -5.3711 -5.3993
X  0.4935 -0.6171  0.6129
Y  0.6245 -0.2390 -0.7436
Z  0.6054  0.7497  0.2674

PART 20
OFFSET  19.8398 -3.2680 -7.3567
X  0.8663 -0.4987 -0.0283
Y -0.3294 -0.6128  0.7184
Z -0.3756 -0.6130 -0.6951

PART 21
OFFSET  21.8206 -4.9429 -7.1844
X -0.0689 -0.6021  0.7954
Y -0.8531  0.4489  0.2660
Z -0.5172 -0.6602 -0.5446

PART 22
OFFSET  21.7034 -5.9680 -5.8302
X -0.7592  0.0714  0.6469
Y -0.4022  0.7299 -0.5526
Z -0.5117 -0.6798 -0.5254

PART 23
OFFSET  20.6512 -5.8691 -4.9336
X -0.8529  0.4854  0.1925
Y  0.1259  0.5489 -0.8263
Z -0.5068 -0.6805 -0.5293

PART 24
OFFSET  19.7262 -5.3427 -4.7248
X  0.6019 -0.7447  0.2883
Y  0.6136  0.2003 -0.7638
Z  0.5111  0.6366  0.5775

PART 25
OFFSET  21.8136 -2.5772 -5.3835
X  0.7849 -0.5684  0.2467
Y  0.5713  0.5100 -0.6430
Z  0.2397  0.6457  0.7250

PART 26
OFFSET  22.7732 -2.9047 -6.4571
X  0.6851 -0.7282  0.0162
Y -0.5233 -0.4767  0.7063
Z -0.5066 -0.4924 -0.7077

PART 27
OFFSET  23.9795 -4.1869 -6.4287
X  0.3694 -0.8773  0.3064
Y -0.7952 -0.1279  0.5927
Z -0.4808 -0.4626 -0.7449

PART 28
OFFSET  24.4579 -5.2253 -6.0110
X  0.0109 -0.7343  0.6788
Y -0.8812  0.3138  0.3535
Z -0.4726 -0.6020 -0.6437

PART 29
OFFSET  24.4701 -6.0547 -5.2443
X  0.6591 -0.2135 -0.7211
Y -0.2106  0.8681 -0.4495
Z  0.7220  0.4481  0.5272

PART 30
OFFSET  22.5031 -3.8081 -7.0328
X  0.3138 -0.8374  0.4475
Y -0.8034  0.0170  0.5952
Z -0.5061 -0.5463 -0.6674

PART 31
OFFSET  23.1162 -5.4440 -6.1585
X -0.5621 -0.3835  0.7328
Y -0.6341  0.7687 -0.0841
Z -0.5310 -0.5120 -0.6752

PART 32
OFFSET  22.2952 -6.0041 -5.0881
X -0.8360  0.2833  0.4699
Y -0.0187  0.8412 -0.5405
Z -0.5484 -0.4606 -0.6979

PART 33
OFFSET  21.3445 -5.6870 -4.5604
X  0.6880 -0.7251  0.0295
Y  0.4814  0.4257 -0.7661
Z  0.5430  0.5413  0.6420

PART 34
OFFSET  20.9357 -4.6761 -6.0622
X -0.4346 -0.6157 -0.6572
Y  0.3057  0.5856 -0.7508
Z  0.8471 -0.5272 -0.0663

PART 35
OFFSET  10.9063 -4.4801 -6.1535
X  1.0000 -0.0000  0.0000
Y  0.0000  1.0000  0.0000
Z  0.0000 -0.0000  1.0000

PART 36
OFFSET  10.9063 -4.4801 -6.1535
X  1.0000 -0.0000  0.0000
Y  0.0000  1.0000  0.0000
Z  0.0000 -0.0000  1.0000

PART 37
OFFSET  10.7149 -4.4638 -3.3065
X  1.0000 -0.0000  0.0000
Y  0.0000  1.0000  0.0000
Z  0.0000 -0.0000  1.0000

PART 38
OFFSET  12.2872 -4.4638 -3.3407
X  1.0000 -0.0000  0.0000
Y  0.0000  1.0000  0.0000
Z  0.0000 -0.0000  1.0000

PART 39
OFFSET  15.9020 -4.4794 -7.5536
X  1.0000 -0.0000  0.0000
Y  0.0000  1.0000  0.0000
Z  0.0000 -0.0000  1.0000

PART 40
OFFSET  13.2818 -4.4801 -7.6345
X  1.0000 -0.0000  0.0000
Y  0.0000  1.0000  0.0000
Z  0.0000 -0.0000  1.0000

PART 41
OFFSET  11.1247 -4.4801 -6.6572
X  1.0000 -0.0000  0.0000
Y  0.0000  1.0000  0.0000
Z  0.0000 -0.0000  1.0000

PART 42
OFFSET  31.9407 -5.6656 -7.0257
X -0.0000  0.5000  0.8660
Y  0.0000  0.8660 -0.5000
Z -1.0000  0.0000 -0.0000

PART 43
OFFSET  31.9407 -3.2898 -7.0257
X -0.0000 -0.5000  0.8660
Y  0.0000  0.8660  0.5000
Z -1.0000  0.0000 -0.0000

PART 44
OFFSET -12.6474 -7.9373 -0.9076
X -0.6048 -0.0292  0.7959
Y -0.2822 -0.9266 -0.2484
Z  0.7447 -0.3748  0.5522

PART 45
OFFSET -5.3335 -7.5844 -10.5328
X -0.9684 -0.1479 -0.2010
Y  0.2086 -0.0381 -0.9773
Z  0.1369 -0.9883  0.0678

PART 46
OFFSET  2.9029 -6.3267 -8.8235
X -0.9684 -0.1479 -0.2010
Y  0.2067 -0.0243 -0.9781
Z  0.1398 -0.9887  0.0541

PART 47
OFFSET  3.9846 -4.9545 -7.8894
X -0.9700 -0.1449 -0.1953
Y -0.1371  0.9891 -0.0531
Z  0.2009 -0.0248 -0.9793

PART 48
OFFSET  4.2394 -5.4605 -6.8335
X -0.9700 -0.1449 -0.1953
Y -0.1371  0.9891 -0.0531
Z  0.2009 -0.0248 -0.9793

PART 49
OFFSET  4.5620 -6.7631 -6.9345
X -0.9700 -0.1449 -0.1953
Y -0.1371  0.9891 -0.0531
Z  0.2009 -0.0248 -0.9793

PART 50
OFFSET  5.8716 -5.8733 -8.2074
X -0.9971 -0.0023 -0.0755
Y  0.0755  0.0083 -0.9971
Z  0.0029 -1.0000 -0.0081

PART 51
OFFSET  6.2461 -5.4697 -7.2079
X -0.4606 -0.8450 -0.2718
Y  0.7231 -0.1796 -0.6670
Z  0.5148 -0.5037  0.6937

PART 52
OFFSET  7.1392 -3.6004 -6.5934
X -0.9449 -0.3083  0.1101
Y  0.1868 -0.7840 -0.5920
Z  0.2688 -0.5389  0.7983

PART 53
OFFSET  8.6457 -3.0891 -6.8960
X -0.8201  0.1479  0.5527
Y -0.4092 -0.8269 -0.3859
Z  0.3999 -0.5426  0.7387

PART 54
OFFSET  9.5212 -3.2102 -7.5209
X -0.9466  0.2874 -0.1460
Y  0.2923  0.5742 -0.7648
Z -0.1359 -0.7666 -0.6275

PART 55
OFFSET  6.7956 -5.6604 -9.2096
X -0.9313 -0.0577  0.3597
Y  0.0701 -0.9973  0.0216
Z  0.3575  0.0453  0.9328

PART 56
OFFSET  8.9316 -5.4019 -9.8846
X -0.3752 -0.9261  0.0400
Y  0.8942 -0.3730 -0.2475
Z  0.2441 -0.0571  0.9681

PART 57
OFFSET  9.4628 -4.0908 -9.9411
X  0.5358 -0.8223 -0.1914
Y  0.8196  0.5611 -0.1163
Z  0.2030 -0.0946  0.9746

PART 58
OFFSET  8.9877 -3.3617 -9.7714
X  0.9676  0.0017 -0.2526
Y  0.0108  0.9988  0.0484
Z  0.2524 -0.0495  0.9664

PART 59
OFFSET  8.0685 -3.3634 -9.5314
X -0.7834 -0.6211  0.0231
Y -0.5826  0.7466  0.3212
Z -0.2168  0.2381 -0.9467

PART 60
OFFSET  6.9652 -5.8051 -8.5314
X -0.9833 -0.0129  0.1816
Y  0.0200 -0.9991  0.0372
Z  0.1809  0.0402  0.9827

PART 61
OFFSET  9.4908 -5.7996 -9.1478
X -0.2986 -0.9527  0.0561
Y  0.9315 -0.3038 -0.2001
Z  0.2077 -0.0075  0.9782

PART 62
OFFSET  9.9992 -4.1776 -9.2433
X  0.6356 -0.7578 -0.1476
Y  0.7478  0.6518 -0.1261
Z  0.1918 -0.0302  0.9810

PART 63
OFFSET  9.1184 -3.1274 -9.0387
X  0.9550  0.2385 -0.1761
Y -0.2297  0.9708  0.0693
Z  0.1875 -0.0258  0.9819

PART 64
OFFSET  8.0826 -3.3861 -8.8477
X -0.6420 -0.7512  0.1530
Y -0.7434  0.6588  0.1155
Z -0.1875 -0.0396 -0.9815

PART 65
OFFSET  1.6593 -6.4257 -7.6829
X -0.9520 -0.2818  0.1195
Y -0.2895  0.9557 -0.0532
Z -0.0993 -0.0852 -0.9914

PART 66
OFFSET  9.7012 -6.2424 -7.1642
X -0.9665 -0.1352 -0.2180
Y  0.1413 -0.9899 -0.0123
Z -0.2141 -0.0427  0.9759

PART 67
OFFSET  11.4029 -6.0043 -6.7804
X -0.1589 -0.9870 -0.0238
Y  0.9631 -0.1603  0.2160
Z -0.2170  0.0115  0.9761

PART 68
OFFSET  11.5829 -4.8037 -6.6922
X  0.4363 -0.8990  0.0371
Y  0.8754  0.4336  0.2135
Z -0.2080 -0.0607  0.9762

PART 69
OFFSET  11.0901 -3.7882 -6.7341
X -0.9908 -0.1158  0.0698
Y -0.1226  0.9872 -0.1017
Z -0.0571 -0.1094 -0.9924

PART 70
OFFSET  9.6762 -6.0543 -8.2525
X -0.1799 -0.9837 -0.0063
Y  0.9832 -0.1800  0.0294
Z -0.0301 -0.0009  0.9995

PART 71
OFFSET  10.0276 -4.1326 -8.2401
X  0.7572 -0.6526  0.0272
Y  0.6532  0.7569 -0.0223
Z -0.0060  0.0346  0.9994

PART 72
OFFSET  8.9216 -3.1794 -8.2799
X  0.9619  0.2714 -0.0328
Y -0.2733  0.9581 -0.0859
Z  0.0081  0.0916  0.9958

PART 73
OFFSET  7.8320 -3.4868 -8.2498
X -0.5635 -0.8259  0.0163
Y -0.8254  0.5638  0.0297
Z -0.0338  0.0033 -0.9994

PART 74
OFFSET  0.0000 -0.0000 -0.0000
X  1.0000 -0.0000  0.0000
Y  0.0000  1.0000  0.0000
Z  0.0000 -0.0000  1.0000

PART 75
OFFSET  0.0000 -0.0000 -0.0000
X  1.0000 -0.0000  0.0000
Y  0.0000  1.0000  0.0000
Z  0.0000 -0.0000  1.0000

PART 76
OFFSET  1.5404 -0.0000  4.1357
X  1.0000 -0.0000  0.0000
Y  0.0000  1.0000  0.0000
Z  0.0000 -0.0000  1.0000


FRAME 1801
PART 0
OFFSET -4.6318 -0.0000 -1.3770
X  1.0000 -0.0000  0.0000
Y  0.0000  1.0000  0.0000
Z  0.0000 -0.0000  1.0000

PART 1
OFFSET -4.6318 -0.0000 -1.3770
X  1.0000 -0.0000  0.0000
Y  0.0000  1.0000  0.0000
Z  0.0000 -0.0000  1.0000

PART 2
OFFSET -1.2815  5.8385 -7.1997
X  0.9202 -0.1946 -0.3396
Y -0.1924 -0.9805  0.0405
Z -0.3409  0.0281 -0.9397

PART 3
OFFSET  9.8474  3.4852 -11.3070
X  0.7848 -0.5098  0.3523
Y -0.5186 -0.2291  0.8238
Z -0.3393 -0.8292 -0.4442

PART 4
OFFSET  16.5227 -0.8510 -8.3102
X  0.7848 -0.5098  0.3523
Y  0.0791  0.6463  0.7590
Z -0.6147 -0.5678  0.5476

PART 5
OFFSET  18.6144  0.0074 -7.7650
X  0.7888 -0.5062  0.3486
Y  0.3444  0.8339  0.4313
Z -0.5090 -0.2201  0.8321

PART 6
OFFSET  17.7220 -1.6860 -9.3115
X  0.7888 -0.5062  0.3486
Y  0.3444  0.8339  0.4313
Z -0.5090 -0.2201  0.8321

PART 7
OFFSET  17.4318 -1.1067 -5.2454
X  0.7888 -0.5062  0.3486
Y  0.3444  0.8339  0.4313
Z -0.5090 -0.2201  0.8321

PART 8
OFFSET  16.8890 -2.6156 -6.5077
X  0.7888 -0.5062  0.3486
Y  0.3444  0.8339  0.4313
Z -0.5090 -0.2201  0.8321

PART 9
OFFSET  16.8794 -2.7028 -7.7026
X  0.7888 -0.5062  0.3486
Y  0.3444  0.8339  0.4313
Z -0.5090 -0.2201  0.8321

PART 10
OFFSET  18.9287 -2.4139 -7.2300
X  0.9341 -0.3002  0.1931
Y  0.0632  0.6716  0.7382
Z -0.3514 -0.6774  0.6463

PART 11
OFFSET  19.2656 -2.1790 -6.1653
X  0.8309 -0.2054  0.5172
Y -0.0266  0.9137  0.4056
Z -0.5559 -0.3507  0.7537

PART 12
OFFSET  21.0250 -2.5506 -4.9669
X  0.9389 -0.3018  0.1654
Y  0.1320  0.7597  0.6367
Z -0.3179 -0.5760  0.7531

PART 13
OFFSET  22.4972 -3.1477 -4.6534
X  0.9320 -0.0743  0.3548
Y -0.1118  0.8721  0.4764
Z -0.3448 -0.4837  0.8044

PART 14
OFFSET  23.4874 -3.2353 -4.2248
X  0.8864  0.4356 -0.1566
Y -0.2428  0.1494 -0.9585
Z -0.3941  0.8877  0.2382

PART 15
OFFSET  19.5804 -3.5239 -7.7264
X  0.5101 -0.8585  0.0531
Y -0.5625 -0.2862  0.7756
Z -0.6507 -0.4255 -0.6289

PART 16
OFFSET  20.7523 -5.4260 -7.4204
X -0.1787 -0.5687  0.8029
Y -0.8093  0.5491  0.2088
Z -0.5596 -0.6124 -0.5584

PART 17
OFFSET  20.4992 -6.2312 -6.2837
X -0.7475  0.1023  0.6563
Y -0.3755  0.7500 -0.5446
Z -0.5479 -0.6535 -0.5222

PART 18
OFFSET  19.8365 -6.1405 -5.7017
X -0.8000  0.5674  0.1951
Y  0.2019  0.5608 -0.8029
Z -0.5650 -0.6030 -0.5632

PART 19
OFFSET  19.0764 -5.6015 -5.5164
X  0.5668 -0.6988  0.4363
Y  0.5959 -0.0179 -0.8029
Z  0.5689  0.7151  0.4063

PART 20
OFFSET  19.8770 -3.0491 -7.2836
X  0.8674 -0.4961 -0.0390
Y -0.3729 -0.6999  0.6092
Z -0.3295 -0.5139 -0.7921

PART 21
OFFSET  21.8616 -4.7278 -7.2405
X -0.0653 -0.7196  0.6913
Y -0.8711  0.3790  0.3122
Z -0.4867 -0.5818 -0.6516

PART 22
OFFSET  21.7504 -5.9529 -6.0635
X -0.7511 -0.0903  0.6540
Y -0.4523  0.7919 -0.4102
Z -0.4808 -0.6039 -0.6357

PART 23
OFFSET  20.7094 -6.0780 -5.1572
X -0.8778  0.3715  0.3025
Y  0.0549  0.7054 -0.7067
Z -0.4759 -0.6037 -0.6396

PART 24
OFFSET  19.7575 -5.6751 -4.8290
X  0.6644 -0.7370  0.1243
Y  0.5685  0.3903 -0.7242
Z  0.4852  0.5518  0.6782

PART 25
OFFSET  21.7203 -2.6362 -5.1160
X  0.7690 -0.6007  0.2187
Y  0.6098  0.5866 -0.5329
Z  0.1919  0.5432  0.8174

PART 26
OFFSET  22.7467 -2.8255 -6.1608
X  0.6953 -0.7183 -0.0236
Y -0.5638 -0.5655  0.6019
Z -0.4457 -0.4053 -0.7982

PART 27
OFFSET  23.9710 -4.0902 -6.2024
X  0.3812 -0.9002  0.2104
Y -0.8242 -0.2279  0.5184
Z -0.4187 -0.3711 -0.8288

PART 28
OFFSET  24.4599 -5.1620 -5.8962
X  0.0207 -0.8244  0.5656
Y -0.9111  0.2174  0.3502
Z -0.4117 -0.5225 -0.7466

PART 29
OFFSET  24.4832 -6.0933 -5.2573
X  0.7000 -0.0749 -0.7103
Y -0.2369  0.9138 -0.3298
Z  0.6737  0.3991  0.6219

PART 30
OFFSET  22.5155 -3.6436 -6.8664
X  0.3218 -0.8807  0.3475
Y -0.8295 -0.0853  0.5520
Z -0.4565 -0.4658 -0.7580

PART 31
OFFSET  23.1442 -5.3642 -6.1876
X -0.5450 -0.5332  0.6470
Y -0.6857  0.7276  0.0220
Z -0.4825 -0.4316 -0.7622

PART 32
OFFSET  22.3481 -6.1430 -5.2425
X -0.8584  0.1147  0.5000
Y -0.1002  0.9184 -0.3827
Z -0.5031 -0.3786 -0.7769

PART 33
OFFSET  21.3724 -6.0164 -4.6814
X  0.7544 -0.6503 -0.0893
Y  0.4370  0.5991 -0.6709
Z  0.4898  0.4671  0.7361

PART 34
OFFSET  20.8917 -4.6221 -6.1193
X -0.3908 -0.5212 -0.7587
Y  0.3514  0.6774 -0.6463
Z  0.8508 -0.5192 -0.0816

PART 35
OFFSET  10.9085 -4.4974 -6.1302
X  1.0000 -0.0054  0.0043
Y  0.0054  0.9999  0.0085
Z -0.0043 -0.0085  1.0000

PART 36
OFFSET  10.9085 -4.4974 -6.1302
X  1.0000 -0.0054  0.0043
Y  0.0054  0.9999  0.0085
Z -0.0043 -0.0085  1.0000

PART 37
OFFSET  10.7050 -4.5043 -3.2840
X  1.0000 -0.0054  0.0043
Y  0.0054  0.9999  0.0085
Z -0.0043 -0.0085  1.0000

PART 38
OFFSET  12.2774 -4.5125 -3.3116
X  1.0000 -0.0054  0.0043
Y  0.0054  0.9999  0.0085
Z -0.0043 -0.0085  1.0000

PART 39
OFFSET  15.9102 -4.5117 -7.5090
X  1.0000 -0.0054  0.0043
Y  0.0054  0.9999  0.0085
Z -0.0043 -0.0085  1.0000

PART 40
OFFSET  13.2904 -4.4976 -7.6010
X  1.0000 -0.0054  0.0043
Y  0.0054  0.9999  0.0085
Z -0.0043 -0.0085  1.0000

PART 41
OFFSET  11.1291 -4.4943 -6.6330
X  1.0000 -0.0054  0.0043
Y  0.0054  0.9999  0.0085
Z -0.0043 -0.0085  1.0000

PART 42
OFFSET  31.9398 -5.7894 -6.9230
X -0.0010  0.4926  0.8703
Y  0.0068  0.8702 -0.4926
Z -1.0000  0.0054 -0.0043

PART 43
OFFSET  31.9526 -3.4137 -6.9027
X -0.0064 -0.5074  0.8617
Y  0.0025  0.8617  0.5074
Z -1.0000  0.0054 -0.0043

PART 44
OFFSET -12.6474 -7.9373 -0.9076
X -0.6048 -0.0292  0.7959
Y -0.2822 -0.9266 -0.2484
Z  0.7447 -0.3748  0.5522

PART 45
OFFSET -5.3335 -7.5844 -10.5328
X -0.9684 -0.1479 -0.2010
Y  0.2086 -0.0381 -0.9773
Z  0.1369 -0.9883  0.0678

PART 46
OFFSET  2.9029 -6.3267 -8.8235
X -0.9684 -0.1479 -0.2010
Y  0.2067 -0.0243 -0.9781
Z  0.1398 -0.9887  0.0541

PART 47
OFFSET  3.9846 -4.9545 -7.8894
X -0.9700 -0.1449 -0.1953
Y -0.1371  0.9891 -0.0531
Z  0.2009 -0.0248 -0.9793

PART 48
OFFSET  4.2394 -5.4605 -6.8335
X -0.9700 -0.1449 -0.1953
Y -0.1371  0.9891 -0.0531
Z  0.2009 -0.0248 -0.9793

PART 49
OFFSET  4.5620 -6.7631 -6.9345
X -0.9700 -0.1449 -0.1953
Y -0.1371  0.9891 -0.0531
Z  0.2009 -0.0248 -0.9793

PART 50
OFFSET  5.8716 -5.8733 -8.2074
X -0.9971 -0.0023 -0.0755
Y  0.0755  0.0083 -0.9971
Z  0.0029 -1.0000 -0.0081

PART 51
OFFSET  6.2461 -5.4697 -7.2079
X -0.4606 -0.8450 -0.2718
Y  0.7231 -0.1796 -0.6670
Z  0.5148 -0.5037  0.6937

PART 52
OFFSET  7.1392 -3.6004 -6.5934
X -0.9449 -0.3083  0.1101
Y  0.1868 -0.7840 -0.5920
Z  0.2688 -0.5389  0.7983

PART 53
OFFSET  8.6457 -3.0891 -6.8960
X -0.8201  0.1479  0.5527
Y -0.4092 -0.8269 -0.3859
Z  0.3999 -0.5426  0.7387

PART 54
OFFSET  9.5212 -3.2102 -7.5209
X -0.9466  0.2874 -0.1460
Y  0.2923  0.5742 -0.7648
Z -0.1359 -0.7666 -0.6275

PART 55
OFFSET  6.7956 -5.6604 -9.2096
X -0.9313 -0.0577  0.3597
Y  0.0701 -0.9973  0.0216
Z  0.3575  0.0453  0.9328

PART 56
OFFSET  8.9316 -5.4019 -9.8846
X -0.3752 -0.9261  0.0400
Y  0.8942 -0.3730 -0.2475
Z  0.2441 -0.0571  0.9681

PART 57
OFFSET  9.4628 -4.0908 -9.9411
X  0.5358 -0.8223 -0.1914
Y  0.8196  0.5611 -0.1163
Z  0.2030 -0.0946  0.9746

PART 58
OFFSET  8.9877 -3.3617 -9.7714
X  0.9676  0.0017 -0.2526
Y  0.0108  0.9988  0.0484
Z  0.2524 -0.0495  0.9664

PART 59
OFFSET  8.0685 -3.3634 -9.5314
X -0.7834 -0.6211  0.0231
Y -0.5826  0.7466  0.3212
Z -0.2168  0.2381 -0.9467

PART 60
OFFSET  6.9652 -5.8051 -8.5314
X -0.9833 -0.0129  0.1816
Y  0.0200 -0.9991  0.0372
Z  0.1809  0.0402  0.9827

PART 61
OFFSET  9.4908 -5.7996 -9.1478
X -0.2986 -0.9527  0.0561
Y  0.9315 -0.3038 -0.2001
Z  0.2077 -0.0075  0.9782

PART 62
OFFSET  9.9992 -4.1776 -9.2433
X  0.6356 -0.7578 -0.1476
Y  0.7478  0.6518 -0.1261
Z  0.1918 -0.0302  0.9810

PART 63
OFFSET  9.1184 -3.1274 -9.0387
X  0.9550  0.2385 -0.1761
Y -0.2297  0.9708  0.0693
Z  0.1875 -0.0258  0.9819

PART 64
OFFSET  8.0826 -3.3861 -8.8477
X -0.6420 -0.7512  0.1530
Y -0.7434  0.6588  0.1155
Z -0.1875 -0.0396 -0.9815

PART 65
OFFSET  1.6593 -6.4257 -7.6829
X -0.9520 -0.2818  0.1195
Y -0.2895  0.9557 -0.0532
Z -0.0993 -0.0852 -0.9914

PART 66
OFFSET  9.7012 -6.2424 -7.1642
X -0.9665 -0.1352 -0.2180
Y  0.1413 -0.9899 -0.0123
Z -0.2141 -0.0427  0.9759

PART 67
OFFSET  11.4029 -6.0043 -6.7804
X -0.1589 -0.9870 -0.0238
Y  0.9631 -0.1603  0.2160
Z -0.2170  0.0115  0.9761

PART 68
OFFSET  11.5829 -4.8037 -6.6922
X  0.4363 -0.8990  0.0371
Y  0.8754  0.4336  0.2135
Z -0.2080 -0.0607  0.9762

PART 69
OFFSET  11.0901 -3.7882 -6.7341
X -0.9908 -0.1158  0.0698
Y -0.1226  0.9872 -0.1017
Z -0.0571 -0.1094 -0.9924

PART 70
OFFSET  9.6762 -6.0543 -8.2525
X -0.1799 -0.9837 -0.0063
Y  0.9832 -0.1800  0.0294
Z -0.0301 -0.0009  0.9995

PART 71
OFFSET  10.0276 -4.1326 -8.2401
X  0.7572 -0.6526  0.0272
Y  0.6532  0.7569 -0.0223
Z -0.0060  0.0346  0.9994

PART 72
OFFSET  8.9216 -3.1794 -8.2799
X  0.9619  0.2714 -0.0328
Y -0.2733  0.9581 -0.0859
Z  0.0081  0.0916  0.9958

PART 73
OFFSET  7.8320 -3.4868 -8.2498
X -0.5635 -0.8259  0.0163
Y -0.8254  0.5638  0.0297
Z -0.0338  0.0033 -0.9994

PART 74
OFFSET  0.0000 -0.0000 -0.0000
X  1.0000 -0.0000  0.0000
Y  0.0000  1.0000  0.0000
Z  0.0000 -0.0000  1.0000

PART 75
OFFSET  0.0000 -0.0000 -0.0000
X  1.0000 -0.0000  0.0000
Y  0.0000  1.0000  0.0000
Z  0.0000 -0.0000  1.0000

PART 76
OFFSET  1.5404 -0.0000  4.1357
X  1.0000 -0.0000  0.0000
Y  0.0000  1.0000  0.0000
Z  0.0000 -0.0000  1.0000


FRAME 1802
PART 0
OFFSET -4.6318 -0.0000 -1.3770
X  1.0000 -0.0000  0.0000
Y  0.0000  1.0000  0.0000
Z  0.0000 -0.0000  1.0000

PART 1
OFFSET -4.6318 -0.0000 -1.3770
X  1.0000 -0.0000  0.0000
Y  0.0000  1.0000  0.0000
Z  0.0000 -0.0000  1.0000

PART 2
OFFSET -1.2815  5.8385 -7.1997
X  0.9203 -0.1763 -0.3494
Y -0.1596 -0.9842  0.0762
Z -0.3573 -0.0143 -0.9339

PART 3
OFFSET  9.8479  3.7062 -11.4247
X  0.7916 -0.4786  0.3799
Y -0.5209 -0.2036  0.8290
Z -0.3194 -0.8541 -0.4105

PART 4
OFFSET  16.5807 -0.3648 -8.1937
X  0.7916 -0.4786  0.3799
Y -0.1888  0.3997  0.8970
Z -0.5812 -0.7818  0.2260

PART 5
OFFSET  18.6508  0.5573 -7.6705
X  0.7956 -0.4751  0.3760
Y  0.3247  0.8583  0.3975
Z -0.5116 -0.1941  0.8370

PART 6
OFFSET  17.8042 -1.2183 -9.1491
X  0.7956 -0.4751  0.3760
Y  0.3247  0.8583  0.3975
Z -0.5116 -0.1941  0.8370

PART 7
OFFSET  17.4691 -0.4705 -5.1140
X  0.7956 -0.4751  0.3760
Y  0.3247  0.8583  0.3975
Z -0.5116 -0.1941  0.8370

PART 8
OFFSET  16.9660 -2.0427 -6.3140
X  0.7956 -0.4751  0.3760
Y  0.3247  0.8583  0.3975
Z -0.5116 -0.1941  0.8370

PART 9
OFFSET  16.9681 -2.1814 -7.5041
X  0.7956 -0.4751  0.3760
Y  0.3247  0.8583  0.3975
Z -0.5116 -0.1941  0.8370

PART 10
OFFSET  19.0074 -1.8321 -7.0291
X  0.8994 -0.3635  0.2427
Y -0.0887  0.3919  0.9157
Z -0.4280 -0.8451  0.3203

PART 11
OFFSET  19.1507 -1.9644 -5.9047
X  0.7313 -0.3026  0.6112
Y -0.2240  0.7399  0.6343
Z -0.6442 -0.6008  0.4734

PART 12
OFFSET  20.6707 -2.5771 -4.4962
X  0.9190 -0.2831  0.2746
Y -0.0891  0.5293  0.8437
Z -0.3842 -0.7998  0.4612

PART 13
OFFSET  22.1165 -3.1551 -4.0516
X  0.8657 -0.1704  0.4707
Y -0.2533  0.6620  0.7054
Z -0.4318 -0.7299  0.5299

PART 14
OFFSET  23.0286 -3.3615 -3.5063
X  0.8642  0.4795  0.1524
Y -0.0961  0.4547 -0.8854
Z -0.4939  0.7505  0.4391

PART 15
OFFSET  19.7770 -2.7302 -7.7395
X  0.5499 -0.8190 -0.1641
Y -0.6559 -0.5451  0.5222
Z -0.5171 -0.1795 -0.8369

PART 16
OFFSET  21.0074 -4.6110 -7.9224
X -0.1238 -0.8725  0.4726
Y -0.8861  0.3116  0.3431
Z -0.4466 -0.3763 -0.8117

PART 17
OFFSET  20.8321 -5.8463 -7.2533
X -0.6947 -0.4055  0.5941
Y -0.5763  0.8081 -0.1222
Z -0.4305 -0.4273 -0.7950

PART 18
OFFSET  20.2162 -6.2058 -6.7265
X -0.8846  0.1240  0.4496
Y -0.0657  0.9212 -0.3835
Z -0.4617 -0.3688 -0.8067

PART 19
OFFSET  19.3758 -6.0880 -6.2994
X  0.7846 -0.6198  0.0135
Y  0.4613  0.5691 -0.6808
Z  0.4143  0.5404  0.7324

PART 20
OFFSET  19.9756 -2.4317 -7.1223
X  0.8806 -0.4714 -0.0483
Y -0.4420 -0.8539  0.2747
Z -0.1708 -0.2206 -0.9603

PART 21
OFFSET  22.0366 -4.0013 -7.3400
X -0.0090 -0.9299  0.3676
Y -0.9313  0.1416  0.3355
Z -0.3641 -0.3393 -0.8674

PART 22
OFFSET  22.0212 -5.5845 -6.7142
X -0.6938 -0.5134  0.5050
Y -0.6259  0.7767 -0.0704
Z -0.3561 -0.3650 -0.8602

PART 23
OFFSET  21.0596 -6.2960 -6.0142
X -0.9163 -0.0557  0.3965
Y -0.1917  0.9305 -0.3122
Z -0.3515 -0.3621 -0.8633

PART 24
OFFSET  20.0658 -6.3564 -5.5842
X  0.8430 -0.5037 -0.1890
Y  0.3834  0.8090 -0.4456
Z  0.3773  0.3032  0.8751

PART 25
OFFSET  21.4098 -2.7834 -4.6553
X  0.7444 -0.6528  0.1403
Y  0.6671  0.7177 -0.1999
Z  0.0298  0.2424  0.9697

PART 26
OFFSET  22.6042 -2.6389 -5.5117
X  0.7376 -0.6689 -0.0924
Y -0.6269 -0.7291  0.2745
Z -0.2510 -0.1445 -0.9571

PART 27
OFFSET  23.9028 -3.8167 -5.6745
X  0.4506 -0.8927 -0.0087
Y -0.8642 -0.4386  0.2464
Z -0.2238 -0.1035 -0.9691

PART 28
OFFSET  24.4641 -4.8956 -5.6262
X  0.0976 -0.9614  0.2574
Y -0.9725 -0.0371  0.2301
Z -0.2116 -0.2728 -0.9385

PART 29
OFFSET  24.5743 -5.9815 -5.3354
X  0.7866  0.2697 -0.5555
Y -0.3547  0.9337 -0.0489
Z  0.5055  0.2355  0.8301

PART 30
OFFSET  22.5277 -3.1769 -6.4736
X  0.3838 -0.9178  0.1017
Y -0.8761 -0.3272  0.3541
Z -0.2917 -0.2250 -0.9297

PART 31
OFFSET  23.2776 -4.9699 -6.2750
X -0.4389 -0.8367  0.3277
Y -0.8390  0.5121  0.1838
Z -0.3216 -0.1943 -0.9267

PART 32
OFFSET  22.6365 -6.1919 -5.7964
X -0.8574 -0.3451  0.3819
Y -0.3743  0.9273 -0.0023
Z -0.3533 -0.1449 -0.9242

PART 33
OFFSET  21.6632 -6.5845 -5.3704
X  0.9191 -0.3184 -0.2323
Y  0.2384  0.9184 -0.3158
Z  0.3139  0.2348  0.9200

PART 34
OFFSET  20.8415 -4.3168 -6.3765
X -0.2365 -0.2373 -0.9422
Y  0.4280  0.8451 -0.3203
Z  0.8723 -0.4790 -0.0983

PART 35
OFFSET  10.9145 -4.5398 -6.0710
X  0.9997 -0.0187  0.0138
Y  0.0183  0.9994  0.0295
Z -0.0143 -0.0292  0.9995

PART 36
OFFSET  10.9145 -4.5398 -6.0710
X  0.9997 -0.0187  0.0138
Y  0.0183  0.9994  0.0295
Z -0.0143 -0.0292  0.9995

PART 37
OFFSET  10.6828 -4.6031 -3.2276
X  0.9997 -0.0187  0.0138
Y  0.0183  0.9994  0.0295
Z -0.0143 -0.0292  0.9995

PART 38
OFFSET  12.2552 -4.6315 -3.2402
X  0.9997 -0.0187  0.0138
Y  0.0183  0.9994  0.0295
Z -0.0143 -0.0292  0.9995

PART 39
OFFSET  15.9290 -4.5916 -7.4016
X  0.9997 -0.0187  0.0138
Y  0.0183  0.9994  0.0295
Z -0.0143 -0.0292  0.9995

PART 40
OFFSET  13.3106 -4.5410 -7.5185
X  0.9997 -0.0187  0.0138
Y  0.0183  0.9994  0.0295
Z -0.0143 -0.0292  0.9995

PART 41
OFFSET  11.1401 -4.5291 -6.5714
X  0.9997 -0.0187  0.0138
Y  0.0183  0.9994  0.0295
Z -0.0143 -0.0292  0.9995

PART 42
OFFSET  31.9340 -6.0930 -6.6883
X -0.0032  0.4744  0.8803
Y  0.0230  0.8801 -0.4742
Z -0.9997  0.0187 -0.0138

PART 43
OFFSET  31.9776 -3.7186 -6.6183
X -0.0215 -0.5250  0.8508
Y  0.0087  0.8509  0.5253
Z -0.9997  0.0187 -0.0138

PART 44
OFFSET -12.6474 -7.9373 -0.9076
X -0.6048 -0.0292  0.7959
Y -0.2822 -0.9266 -0.2484
Z  0.7447 -0.3748  0.5522

PART 45
OFFSET -5.3335 -7.5844 -10.5328
X -0.9684 -0.1479 -0.2010
Y  0.2086 -0.0381 -0.9773
Z  0.1369 -0.9883  0.0678

PART 46
OFFSET  2.9029 -6.3267 -8.8235
X -0.9684 -0.1479 -0.2010
Y  0.2067 -0.0243 -0.9781
Z  0.1398 -0.9887  0.0541

PART 47
OFFSET  3.9846 -4.9545 -7.8894
X -0.9700 -0.1449 -0.1953
Y -0.1371  0.9891 -0.0531
Z  0.2009 -0.0248 -0.9793

PART 48
OFFSET  4.2394 -5.4605 -6.8335
X -0.9700 -0.1449 -0.1953
Y -0.1371  0.9891 -0.0531
Z  0.2009 -0.0248 -0.9793

PART 49
OFFSET  4.5620 -6.7631 -6.9345
X -0.9700 -0.1449 -0.1953
Y -0.1371  0.9891 -0.0531
Z  0.2009 -0.0248 -0.9793

PART 50
OFFSET  5.8716 -5.8733 -8.2074
X -0.9971 -0.0023 -0.0755
Y  0.0755  0.0083 -0.9971
Z  0.0029 -1.0000 -0.0081

PART 51
OFFSET  6.2461 -5.4697 -7.2079
X -0.4606 -0.8450 -0.2718
Y  0.7231 -0.1796 -0.6670
Z  0.5148 -0.5037  0.6937

PART 52
OFFSET  7.1392 -3.6004 -6.5934
X -0.9449 -0.3083  0.1101
Y  0.1868 -0.7840 -0.5920
Z  0.2688 -0.5389  0.7983

PART 53
OFFSET  8.6457 -3.0891 -6.8960
X -0.8201  0.1479  0.5527
Y -0.4092 -0.8269 -0.3859
Z  0.3999 -0.5426  0.7387

PART 54
OFFSET  9.5212 -3.2102 -7.5209
X -0.9466  0.2874 -0.1460
Y  0.2923  0.5742 -0.7648
Z -0.1359 -0.7666 -0.6275

PART 55
OFFSET  6.7956 -5.6604 -9.2096
X -0.9313 -0.0577  0.3597
Y  0.0701 -0.9973  0.0216
Z  0.3575  0.0453  0.9328

PART 56
OFFSET  8.9316 -5.4019 -9.8846
X -0.3752 -0.9261  0.0400
Y  0.8942 -0.3730 -0.2475
Z  0.2441 -0.0571  0.9681

PART 57
OFFSET  9.4628 -4.0908 -9.9411
X  0.5358 -0.8223 -0.1914
Y  0.8196  0.5611 -0.1163
Z  0.2030 -0.0946  0.9746

PART 58
OFFSET  8.9877 -3.3617 -9.7714
X  0.9676  0.0017 -0.2526
Y  0.0108  0.9988  0.0484
Z  0.2524 -0.0495  0.9664

PART 59
OFFSET  8.0685 -3.3634 -9.5314
X -0.7834 -0.6211  0.0231
Y -0.5826  0.7466  0.3212
Z -0.2168  0.2381 -0.9467

PART 60
OFFSET  6.9652 -5.8051 -8.5314
X -0.9833 -0.0129  0.1816
Y  0.0200 -0.9991  0.0372
Z  0.1809  0.0402  0.9827

PART 61
OFFSET  9.4908 -5.7996 -9.1478
X -0.2986 -0.9527  0.0561
Y  0.9315 -0.3038 -0.2001
Z  0.2077 -0.0075  0.9782

PART 62
OFFSET  9.9992 -4.1776 -9.2433
X  0.6356 -0.7578 -0.1476
Y  0.7478  0.6518 -0.1261
Z  0.1918 -0.0302  0.9810

PART 63
OFFSET  9.1184 -3.1274 -9.0387
X  0.9550  0.2385 -0.1761
Y -0.2297  0.9708  0.0693
Z  0.1875 -0.0258  0.9819

PART 64
OFFSET  8.0826 -3.3861 -8.8477
X -0.6420 -0.7512  0.1530
Y -0.7434  0.6588  0.1155
Z -0.1875 -0.0396 -0.9815

PART 65
OFFSET  1.6593 -6.4257 -7.6829
X -0.9520 -0.2818  0.1195
Y -0.2895  0.9557 -0.0532
Z -0.0993 -0.0852 -0.9914

PART 66
OFFSET  9.7012 -6.2424 -7.1642
X -0.9665 -0.1352 -0.2180
Y  0.1413 -0.9899 -0.0123
Z -0.2141 -0.0427  0.9759

PART 67
OFFSET  11.4029 -6.0043 -6.7804
X -0.1589 -0.9870 -0.0238
Y  0.9631 -0.1603  0.2160
Z -0.2170  0.0115  0.9761

PART 68
OFFSET  11.5829 -4.8037 -6.6922
X  0.4363 -0.8990  0.0371
Y  0.8754  0.4336  0.2135
Z -0.2080 -0.0607  0.9762

PART 69
OFFSET  11.0901 -3.7882 -6.7341
X -0.9908 -0.1158  0.0698
Y -0.1226  0.9872 -0.1017
Z -0.0571 -0.1094 -0.9924

PART 70
OFFSET  9.6762 -6.0543 -8.2525
X -0.1799 -0.9837 -0.0063
Y  0.9832 -0.1800  0.0294
Z -0.0301 -0.0009  0.9995

PART 71
OFFSET  10.0276 -4.1326 -8.2401
X  0.7572 -0.6526  0.0272
Y  0.6532  0.7569 -0.0223
Z -0.0060  0.0346  0.9994

PART 72
OFFSET  8.9216 -3.1794 -8.2799
X  0.9619  0.2714 -0.0328
Y -0.2733  0.9581 -0.0859
Z  0.0081  0.0916  0.9958

PART 73
OFFSET  7.8320 -3.4868 -8.2498
X -0.5635 -0.8259  0.0163
Y -0.8254  0.5638  0.0297
Z -0.0338  0.0033 -0.9994

PART 74
OFFSET  0.0000 -0.0000 -0.0000
X  1.0000 -0.0000  0.0000
Y  0.0000  1.0000  0.0000
Z  0.0000 -0.0000  1.0000

PART 75
OFFSET  0.0000 -0.0000 -0.0000
X  1.0000 -0.0000  0.0000
Y  0.0000  1.0000  0.0000
Z  0.0000 -0.0000  1.0000

PART 76
OFFSET  1.5404 -0.0000  4.1357
X  1.0000 -0.0000  0.0000
Y  0.0000  1.0000  0.0000
Z  0.0000 -0.0000  1.0000


FRAME 1803
PART 0
OFFSET -4.6318 -0.0000 -1.3770
X  1.0000 -0.0000  0.0000
Y  0.0000  1.0000  0.0000
Z  0.0000 -0.0000  1.0000

PART 1
OFFSET -4.6318 -0.0000 -1.3770
X  1.0000 -0.0000  0.0000
Y  0.0000  1.0000  0.0000
Z  0.0000 -0.0000  1.0000

PART 2
OFFSET -1.2815  5.8385 -7.1997
X  0.9175 -0.1506 -0.3681
Y -0.1115 -0.9858  0.1253
Z -0.3818 -0.0739 -0.9213

PART 3
OFFSET  9.8146  4.0173 -11.6517
X  0.8013 -0.4319  0.4140
Y -0.5230 -0.1696  0.8353
Z -0.2905 -0.8858 -0.3618

PART 4
OFFSET  16.6298  0.3436 -8.1302
X  0.8013 -0.4319  0.4140
Y -0.4581  0.0023  0.8889
Z -0.3849 -0.9019 -0.1960

PART 5
OFFSET  18.6670  1.3554 -7.6455
X  0.8052 -0.4285  0.4100
Y  0.2958  0.8894  0.3486
Z -0.5140 -0.1594  0.8428

PART 6
OFFSET  17.8869 -0.5284 -9.0234
X  0.8052 -0.4285  0.4100
Y  0.2958  0.8894  0.3486
Z -0.5140 -0.1594  0.8428

PART 7
OFFSET  17.4902  0.4457 -5.0425
X  0.8052 -0.4285  0.4100
Y  0.2958  0.8894  0.3486
Z -0.5140 -0.1594  0.8428

PART 8
OFFSET  17.0447 -1.2086 -6.1514
X  0.8052 -0.4285  0.4100
Y  0.2958  0.8894  0.3486
Z -0.5140 -0.1594  0.8428

PART 9
OFFSET  17.0626 -1.4170 -7.3312
X  0.8052 -0.4285  0.4100
Y  0.2958  0.8894  0.3486
Z -0.5140 -0.1594  0.8428

PART 10
OFFSET  19.0862 -0.9805 -6.8610
X  0.8468 -0.4416  0.2965
Y -0.3458 -0.0335  0.9377
Z -0.4042 -0.8966 -0.1811

PART 11
OFFSET  18.9675 -1.5797 -5.8970
X  0.5362 -0.4807  0.6939
Y -0.5479  0.4272  0.7193
Z -0.6421 -0.7658 -0.0343

PART 12
OFFSET  20.0341 -2.6169 -4.3299
X  0.8203 -0.3265  0.4696
Y -0.4440  0.1540  0.8827
Z -0.3605 -0.9326 -0.0187

PART 13
OFFSET  21.3445 -3.2576 -3.6265
X  0.7371 -0.3292  0.5902
Y -0.5137  0.2945  0.8059
Z -0.4391 -0.8972  0.0480

PART 14
OFFSET  22.1128 -3.6497 -2.9724
X  0.7203  0.3940  0.5709
Y  0.0616  0.7834 -0.6184
Z -0.6909  0.4806  0.5401

PART 15
OFFSET  20.0913 -1.4996 -7.6508
X  0.6849 -0.6420 -0.3445
Y -0.6731 -0.7386  0.0383
Z -0.2790  0.2056 -0.9380

PART 16
OFFSET  21.5883 -3.0626 -8.2835
X  0.1126 -0.9927 -0.0422
Y -0.9695 -0.1190  0.2141
Z -0.2175  0.0168 -0.9759

PART 17
OFFSET  21.7477 -4.4681 -8.3432
X -0.4002 -0.9104  0.1046
Y -0.8970  0.4126  0.1589
Z -0.1878 -0.0303 -0.9817

PART 18
OFFSET  21.3929 -5.2754 -8.2505
X -0.7625 -0.6190  0.1880
Y -0.5993  0.7854  0.1550
Z -0.2436  0.0055 -0.9699

PART 19
OFFSET  20.6684 -5.8634 -8.0718
X  0.9947 -0.0203 -0.1009
Y  0.0075  0.9919 -0.1265
Z  0.1026  0.1251  0.9868

PART 20
OFFSET  20.1042 -1.4938 -6.9371
X  0.9096 -0.4154 -0.0069
Y -0.4059 -0.8850 -0.2281
Z  0.0886  0.2103 -0.9736

PART 21
OFFSET  22.3680 -2.7342 -7.2456
X  0.2026 -0.9768 -0.0698
Y -0.9705 -0.2098  0.1188
Z -0.1306  0.0436 -0.9905

PART 22
OFFSET  22.7129 -4.3971 -7.3643
X -0.4278 -0.9033  0.0322
Y -0.8963  0.4286  0.1139
Z -0.1167  0.0199 -0.9930

PART 23
OFFSET  22.1200 -5.6490 -7.3197
X -0.7560 -0.6509  0.0699
Y -0.6447  0.7588  0.0931
Z -0.1137  0.0253 -0.9932

PART 24
OFFSET  21.3002 -6.3549 -7.2438
X  0.9820  0.1011 -0.1593
Y -0.0894  0.9929  0.0788
Z  0.1662 -0.0631  0.9841

PART 25
OFFSET  20.9310 -2.8756 -4.5552
X  0.7512 -0.6583  0.0473
Y  0.6190  0.7276  0.2959
Z -0.2292 -0.1931  0.9540

PART 26
OFFSET  22.2752 -2.3934 -4.9312
X  0.8107 -0.5770 -0.0988
Y -0.5827 -0.7789 -0.2320
Z  0.0569  0.2457 -0.9677

PART 27
OFFSET  23.7026 -3.4093 -5.1051
X  0.6107 -0.7709 -0.1811
Y -0.7881 -0.5692 -0.2344
Z  0.0776  0.2859 -0.9551

PART 28
OFFSET  24.4403 -4.3638 -5.2672
X  0.3150 -0.9458 -0.0786
Y -0.9420 -0.3015 -0.1475
Z  0.1158  0.1205 -0.9859

PART 29
OFFSET  24.7961 -5.4322 -5.3560
X  0.7804  0.6140 -0.1186
Y -0.5948  0.7873  0.1620
Z  0.1929 -0.0559  0.9796

PART 30
OFFSET  22.4875 -2.4707 -6.0126
X  0.5495 -0.8256 -0.1283
Y -0.8353 -0.5459 -0.0648
Z -0.0166  0.1428 -0.9896

PART 31
OFFSET  23.5610 -4.0835 -6.2632
X -0.1098 -0.9813 -0.1579
Y -0.9926  0.0998  0.0699
Z -0.0528  0.1644 -0.9850

PART 32
OFFSET  23.4007 -5.5169 -6.4938
X -0.5967 -0.7965 -0.0973
Y -0.7960  0.5721  0.1977
Z -0.1018  0.1954 -0.9754

PART 33
OFFSET  22.7247 -6.4181 -6.6110
X  0.9725  0.2328  0.0107
Y -0.2320  0.9625  0.1406
Z  0.0224 -0.1392  0.9900

PART 34
OFFSET  20.9525 -3.5261 -6.8385
X  0.0225  0.1881 -0.9819
Y  0.4042  0.8966  0.1811
Z  0.9144 -0.4009 -0.0558

PART 35
OFFSET  10.9229 -4.5934 -5.9919
X  0.9991 -0.0355  0.0236
Y  0.0341  0.9979  0.0558
Z -0.0256 -0.0549  0.9982

PART 36
OFFSET  10.9229 -4.5934 -5.9919
X  0.9991 -0.0355  0.0236
Y  0.0341  0.9979  0.0558
Z -0.0256 -0.0549  0.9982

PART 37
OFFSET  10.6595 -4.7266 -3.1537
X  0.9991 -0.0355  0.0236
Y  0.0341  0.9979  0.0558
Z -0.0256 -0.0549  0.9982

PART 38
OFFSET  12.2312 -4.7805 -3.1507
X  0.9991 -0.0355  0.0236
Y  0.0341  0.9979  0.0558
Z -0.0256 -0.0549  0.9982

PART 39
OFFSET  15.9499 -4.6930 -7.2713
X  0.9991 -0.0355  0.0236
Y  0.0341  0.9979  0.0558
Z -0.0256 -0.0549  0.9982

PART 40
OFFSET  13.3342 -4.5964 -7.4140
X  0.9991 -0.0355  0.0236
Y  0.0341  0.9979  0.0558
Z -0.0256 -0.0549  0.9982

PART 41
OFFSET  11.1540 -4.5735 -6.4895
X  0.9991 -0.0355  0.0236
Y  0.0341  0.9979  0.0558
Z -0.0256 -0.0549  0.9982

PART 42
OFFSET  31.9201 -6.4747 -6.4315
X -0.0051  0.4514  0.8923
Y  0.0423  0.8916 -0.4508
Z -0.9991  0.0355 -0.0236

PART 43
OFFSET  32.0011 -4.1039 -6.2990
X -0.0392 -0.5465  0.8366
Y  0.0168  0.8367  0.5474
Z -0.9991  0.0355 -0.0236

PART 44
OFFSET -12.6474 -7.9373 -0.9076
X -0.6048 -0.0292  0.7959
Y -0.2822 -0.9266 -0.2484
Z  0.7447 -0.3748  0.5522

PART 45
OFFSET -5.3335 -7.5844 -10.5328
X -0.9684 -0.1479 -0.2010
Y  0.2086 -0.0381 -0.9773
Z  0.1369 -0.9883  0.0678

PART 46
OFFSET  2.9029 -6.3267 -8.8235
X -0.9684 -0.1479 -0.2010
Y  0.2067 -0.0243 -0.9781
Z  0.1398 -0.9887  0.0541

PART 47
OFFSET  3.9846 -4.9545 -7.8894
X -0.9700 -0.1449 -0.1953
Y -0.1371  0.9891 -0.0531
Z  0.2009 -0.0248 -0.9793

PART 48
OFFSET  4.2394 -5.4605 -6.8335
X -0.9700 -0.1449 -0.1953
Y -0.1371  0.9891 -0.0531
Z  0.2009 -0.0248 -0.9793

PART 49
OFFSET  4.5620 -6.7631 -6.9345
X -0.9700 -0.1449 -0.1953
Y -0.1371  0.9891 -0.0531
Z  0.2009 -0.0248 -0.9793

PART 50
OFFSET  5.8716 -5.8733 -8.2074
X -0.9971 -0.0023 -0.0755
Y  0.0755  0.0083 -0.9971
Z  0.0029 -1.0000 -0.0081

PART 51
OFFSET  6.2461 -5.4697 -7.2079
X -0.4606 -0.8450 -0.2718
Y  0.7231 -0.1796 -0.6670
Z  0.5148 -0.5037  0.6937

PART 52
OFFSET  7.1392 -3.6004 -6.5934
X -0.9449 -0.3083  0.1101
Y  0.1868 -0.7840 -0.5920
Z  0.2688 -0.5389  0.7983

PART 53
OFFSET  8.6457 -3.0891 -6.8960
X -0.8201  0.1479  0.5527
Y -0.4092 -0.8269 -0.3859
Z  0.3999 -0.5426  0.7387

PART 54
OFFSET  9.5212 -3.2102 -7.5209
X -0.9466  0.2874 -0.1460
Y  0.2923  0.5742 -0.7648
Z -0.1359 -0.7666 -0.6275

PART 55
OFFSET  6.7956 -5.6604 -9.2096
X -0.9313 -0.0577  0.3597
Y  0.0701 -0.9973  0.0216
Z  0.3575  0.0453  0.9328

PART 56
OFFSET  8.9316 -5.4019 -9.8846
X -0.3752 -0.9261  0.0400
Y  0.8942 -0.3730 -0.2475
Z  0.2441 -0.0571  0.9681

PART 57
OFFSET  9.4628 -4.0908 -9.9411
X  0.5358 -0.8223 -0.1914
Y  0.8196  0.5611 -0.1163
Z  0.2030 -0.0946  0.9746

PART 58
OFFSET  8.9877 -3.3617 -9.7714
X  0.9676  0.0017 -0.2526
Y  0.0108  0.9988  0.0484
Z  0.2524 -0.0495  0.9664

PART 59
OFFSET  8.0685 -3.3634 -9.5314
X -0.7834 -0.6211  0.0231
Y -0.5826  0.7466  0.3212
Z -0.2168  0.2381 -0.9467

PART 60
OFFSET  6.9652 -5.8051 -8.5314
X -0.9833 -0.0129  0.1816
Y  0.0200 -0.9991  0.0372
Z  0.1809  0.0402  0.9827

PART 61
OFFSET  9.4908 -5.7996 -9.1478
X -0.2986 -0.9527  0.0561
Y  0.9315 -0.3038 -0.2001
Z  0.2077 -0.0075  0.9782

PART 62
OFFSET  9.9992 -4.1776 -9.2433
X  0.6356 -0.7578 -0.1476
Y  0.7478  0.6518 -0.1261
Z  0.1918 -0.0302  0.9810

PART 63
OFFSET  9.1184 -3.1274 -9.0387
X  0.9550  0.2385 -0.1761
Y -0.2297  0.9708  0.0693
Z  0.1875 -0.0258  0.9819

PART 64
OFFSET  8.0826 -3.3861 -8.8477
X -0.6420 -0.7512  0.1530
Y -0.7434  0.6588  0.1155
Z -0.1875 -0.0396 -0.9815

PART 65
OFFSET  1.6593 -6.4257 -7.6829
X -0.9520 -0.2818  0.1195
Y -0.2895  0.9557 -0.0532
Z -0.0993 -0.0852 -0.9914

PART 66
OFFSET  9.7012 -6.2424 -7.1642
X -0.9665 -0.1352 -0.2180
Y  0.1413 -0.9899 -0.0123
Z -0.2141 -0.0427  0.9759

PART 67
OFFSET  11.4029 -6.0043 -6.7804
X -0.1589 -0.9870 -0.0238
Y  0.9631 -0.1603  0.2160
Z -0.2170  0.0115  0.9761

PART 68
OFFSET  11.5829 -4.8037 -6.6922
X  0.4363 -0.8990  0.0371
Y  0.8754  0.4336  0.2135
Z -0.2080 -0.0607  0.9762

PART 69
OFFSET  11.0901 -3.7882 -6.7341
X -0.9908 -0.1158  0.0698
Y -0.1226  0.9872 -0.1017
Z -0.0571 -0.1094 -0.9924

PART 70
OFFSET  9.6762 -6.0543 -8.2525
X -0.1799 -0.9837 -0.0063
Y  0.9832 -0.1800  0.0294
Z -0.0301 -0.0009  0.9995

PART 71
OFFSET  10.0276 -4.1326 -8.2401
X  0.7572 -0.6526  0.0272
Y  0.6532  0.7569 -0.0223
Z -0.0060  0.0346  0.9994

PART 72
OFFSET  8.9216 -3.1794 -8.2799
X  0.9619  0.2714 -0.0328
Y -0.2733  0.9581 -0.0859
Z  0.0081  0.0916  0.9958

PART 73
OFFSET  7.8320 -3.4868 -8.2498
X -0.5635 -0.8259  0.0163
Y -0.8254  0.5638  0.0297
Z -0.0338  0.0033 -0.9994

PART 74
OFFSET  0.0000 -0.0000 -0.0000
X  1.0000 -0.0000  0.0000
Y  0.0000  1.0000  0.0000
Z  0.0000 -0.0000  1.0000

PART 75
OFFSET  0.0000 -0.0000 -0.0000
X  1.0000 -0.0000  0.0000
Y  0.0000  1.0000  0.0000
Z  0.0000 -0.0000  1.0000

PART 76
OFFSET  1.5404 -0.0000  4.1357
X  1.0000 -0.0000  0.0000
Y  0.0000  1.0000  0.0000
Z  0.0000 -0.0000  1.0000


FRAME 1804
PART 0
OFFSET -4.6318 -0.0000 -1.3770
X  1.0000 -0.0000  0.0000
Y  0.0000  1.0000  0.0000
Z  0.0000 -0.0000  1.0000

PART 1
OFFSET -4.6318 -0.0000 -1.3770
X  1.0000 -0.0000  0.0000
Y  0.0000  1.0000  0.0000
Z  0.0000 -0.0000  1.0000

PART 2
OFFSET -1.2815  5.8385 -7.1997
X  0.9090 -0.1213 -0.3987
Y -0.0522 -0.9823  0.1798
Z -0.4134 -0.1427 -0.8993

PART 3
OFFSET  9.7122  4.3720 -12.0214
X  0.8132 -0.3740  0.4459
Y -0.5228 -0.1330  0.8420
Z -0.2556 -0.9178 -0.3037

PART 4
OFFSET  16.6289  1.1909 -8.2289
X  0.8132 -0.3740  0.4459
Y -0.5797 -0.4527  0.6775
Z -0.0515 -0.8094 -0.5850

PART 5
OFFSET  18.6245  2.3063 -7.8020
X  0.8170 -0.3707  0.4417
Y  0.2608  0.9207  0.2903
Z -0.5143 -0.1220  0.8489

PART 6
OFFSET  17.9233  0.3083 -9.0557
X  0.8170 -0.3707  0.4417
Y  0.2608  0.9207  0.2903
Z -0.5143 -0.1220  0.8489

PART 7
OFFSET  17.4617  1.5285 -5.1504
X  0.8170 -0.3707  0.4417
Y  0.2608  0.9207  0.2903
Z -0.5143 -0.1220  0.8489

PART 8
OFFSET  17.0847 -0.2108 -6.1493
X  0.8170 -0.3707  0.4417
Y  0.2608  0.9207  0.2903
Z -0.5143 -0.1220  0.8489

PART 9
OFFSET  17.1190 -0.4960 -7.3126
X  0.8170 -0.3707  0.4417
Y  0.2608  0.9207  0.2903
Z -0.5143 -0.1220  0.8489

PART 10
OFFSET  19.1219  0.0443 -6.8620
X  0.7897 -0.5137  0.3355
Y -0.5798 -0.4459  0.6819
Z -0.2006 -0.7330 -0.6500

