// Export filename: 'C:/projects/cod/t5/model_export/viewmodels/cod7/viewmodel_usa_cuban_casual_arms.XMODEL_EXPORT'
// Source filename: 'D:/projects/devart/t5/model_export/viewmodels/cod7/viewmodel_usa_cuban_casual_arms.mb'
// Export time: Mon Aug 09 18:23:54 2010
MODEL
VERSION 6

NUMBONES 72
BONE 0 -1 "tag_view"
BONE 1 0 "tag_ads"
BONE 2 0 "tag_cambone"
BONE 3 2 "tag_camera"
BONE 4 1 "tag_torso"
BONE 5 4 "J_Shoulder_LE"
BONE 6 4 "J_Shoulder_RI"
BONE 7 3 "tag_gasmask"
BONE 8 3 "tag_gasmask2"
BONE 9 4 "tag_weapon"
BONE 10 4 "tag_weapon1"
BONE 11 5 "J_Elbow_LE"
BONE 12 6 "J_Elbow_RI"
BONE 13 11 "J_Sleave_Reshape_Bottom_LE_1"
BONE 14 11 "J_Sleave_Reshape_Bottom_LE_2"
BONE 15 11 "J_Sleave_Reshape_Top_LE_1"
BONE 16 11 "J_Sleave_Reshape_Top_LE_2"
BONE 17 11 "J_Sleave_Reshape_Top_LE_3"
BONE 18 12 "J_Sleave_Reshape_Top_RI_1"
BONE 19 12 "J_Sleave_Reshape_Top_RI_2"
BONE 20 12 "J_Sleave_Reshape_Top_RI_3"
BONE 21 11 "J_Wrist_LE"
BONE 22 12 "J_Wrist_RI"
BONE 23 11 "J_WristTwist_LE"
BONE 24 12 "J_WristTwist_RI"
BONE 25 21 "J_Index_LE_0"
BONE 26 22 "J_Index_RI_0"
BONE 27 21 "J_Mid_LE_0"
BONE 28 22 "J_Mid_RI_0"
BONE 29 21 "J_PinkyPalm_LE"
BONE 30 22 "J_PinkyPalm_RI"
BONE 31 21 "J_RingPalm_LE"
BONE 32 22 "J_RingPalm_RI"
BONE 33 21 "J_Thumb_LE_0"
BONE 34 22 "J_Thumb_RI_0"
BONE 35 21 "J_Webbing_LE"
BONE 36 22 "J_Webbing_RI"
BONE 37 21 "tag_knife_attach"
BONE 38 25 "J_Index_LE_1"
BONE 39 26 "J_Index_RI_1"
BONE 40 27 "J_Mid_LE_1"
BONE 41 28 "J_Mid_RI_1"
BONE 42 29 "J_Pinky_LE_0"
BONE 43 30 "J_Pinky_RI_0"
BONE 44 31 "J_Ring_LE_0"
BONE 45 32 "J_Ring_RI_0"
BONE 46 33 "J_Thumb_LE_1"
BONE 47 34 "J_Thumb_RI_1"
BONE 48 38 "J_Index_LE_2"
BONE 49 39 "J_Index_RI_2"
BONE 50 40 "J_Mid_LE_2"
BONE 51 41 "J_Mid_RI_2"
BONE 52 42 "J_Pinky_LE_1"
BONE 53 43 "J_Pinky_RI_1"
BONE 54 44 "J_Ring_LE_1"
BONE 55 45 "J_Ring_RI_1"
BONE 56 46 "J_Thumb_LE_2"
BONE 57 47 "J_Thumb_RI_2"
BONE 58 48 "J_Index_LE_3"
BONE 59 49 "J_Index_RI_3"
BONE 60 50 "J_Mid_LE_3"
BONE 61 51 "J_Mid_RI_3"
BONE 62 52 "J_Pinky_LE_2"
BONE 63 53 "J_Pinky_RI_2"
BONE 64 54 "J_Ring_LE_2"
BONE 65 55 "J_Ring_RI_2"
BONE 66 56 "J_Thumb_LE_3"
BONE 67 57 "J_Thumb_RI_3"
BONE 68 62 "J_Pinky_LE_3"
BONE 69 63 "J_Pinky_RI_3"
BONE 70 64 "J_Ring_LE_3"
BONE 71 65 "J_Ring_RI_3"

BONE 0
OFFSET 0.000000, 0.000000, 0.000000
SCALE 1.000000, 1.000000, 1.000000
X 1.000000, 0.000000, 0.000000
Y 0.000000, 1.000000, 0.000000
Z 0.000000, 0.000000, 1.000000

BONE 1
OFFSET 0.000000, 0.000000, 0.000000
SCALE 1.000000, 1.000000, 1.000000
X 1.000000, 0.000000, 0.000000
Y 0.000000, 1.000000, 0.000000
Z 0.000000, 0.000000, 1.000000

BONE 2
OFFSET 0.000000, 0.000000, 0.000000
SCALE 1.000000, 1.000000, 1.000000
X 1.000000, 0.000000, 0.000000
Y 0.000000, 1.000000, 0.000000
Z 0.000000, 0.000000, 1.000000

BONE 3
OFFSET 0.000000, 0.000000, 0.000000
SCALE 1.000000, 1.000000, 1.000000
X 1.000000, 0.000000, 0.000000
Y 0.000000, 1.000000, 0.000000
Z 0.000000, 0.000000, 1.000000

BONE 4
OFFSET -4.631834, 0.000000, -1.376955
SCALE 1.000000, 1.000000, 1.000000
X 1.000000, 0.000000, 0.000000
Y 0.000000, 1.000000, 0.000000
Z 0.000000, 0.000000, 1.000000

BONE 5
OFFSET -3.506030, 7.937290, -3.186910
SCALE 1.000000, 1.000000, 1.000000
X 0.472986, 0.011374, -0.880996
Y 0.446745, -0.864941, 0.228681
Z -0.759409, -0.501744, -0.414187

BONE 6
OFFSET -3.506032, -7.937284, -3.186909
SCALE 1.000000, 1.000000, 1.000000
X -0.472986, 0.011374, 0.880996
Y -0.446745, -0.864941, -0.228681
Z 0.759409, -0.501744, 0.414187

BONE 7
OFFSET 1.540442, 0.000000, 4.135746
SCALE 1.000000, 1.000000, 1.000000
X 1.000000, 0.000000, 0.000000
Y 0.000000, 1.000000, 0.000000
Z 0.000000, 0.000000, 1.000000

BONE 8
OFFSET -4.631834, 0.000000, -1.376955
SCALE 1.000000, 1.000000, 1.000000
X 1.000000, 0.000000, 0.000000
Y 0.000000, 1.000000, 0.000000
Z 0.000000, 0.000000, 1.000000

BONE 9
OFFSET 10.527968, 0.000000, -8.129675
SCALE 1.000000, 1.000000, 1.000000
X 1.000000, 0.000000, 0.000000
Y 0.000000, 1.000000, 0.000000
Z 0.000000, 0.000000, 1.000000

BONE 10
OFFSET 10.527968, 0.000000, -8.129675
SCALE 1.000000, 1.000000, 1.000000
X 1.000000, 0.000000, 0.000000
Y 0.000000, 1.000000, 0.000000
Z 0.000000, 0.000000, 1.000000

BONE 11
OFFSET 2.214219, 8.074842, -13.841592
SCALE 1.000000, 1.000000, 1.000000
X 0.999978, -0.002833, 0.005930
Y -0.005970, -0.014367, 0.999879
Z -0.002747, -0.999893, -0.014384

BONE 12
OFFSET 2.214221, -8.074842, -13.841575
SCALE 1.000000, 1.000000, 1.000000
X -0.999978, -0.002833, -0.005930
Y 0.005970, -0.014367, -0.999879
Z 0.002747, -0.999893, 0.014384

BONE 13
OFFSET 12.125037, 8.958635, -14.825972
SCALE 1.000000, 1.000000, 1.000000
X 1.000000, 0.000000, 0.000000
Y 0.000000, 1.000000, 0.000000
Z 0.000000, 0.000000, 1.000000

BONE 14
OFFSET 11.739065, 7.335669, -15.051069
SCALE 1.000000, 1.000000, 1.000000
X 1.000000, 0.000000, 0.000000
Y 0.000000, 1.000000, 0.000000
Z 0.000000, 0.000000, 1.000000

BONE 15
OFFSET 12.634503, 8.810233, -12.285378
SCALE 1.000000, 1.000000, 1.000000
X 1.000000, 0.000000, 0.000000
Y 0.000000, 1.000000, 0.000000
Z 0.000000, 0.000000, 1.000000

BONE 16
OFFSET 12.530005, 7.482795, -12.089205
SCALE 1.000000, 1.000000, 1.000000
X 1.000000, 0.000000, 0.000000
Y 0.000000, 1.000000, 0.000000
Z 0.000000, 0.000000, 1.000000

BONE 17
OFFSET 12.149994, 6.891432, -13.059547
SCALE 1.000000, 1.000000, 1.000000
X 1.000000, 0.000000, 0.000000
Y 0.000000, 1.000000, 0.000000
Z 0.000000, 0.000000, 1.000000

BONE 18
OFFSET 12.634488, -8.810236, -12.285394
SCALE 1.000000, 1.000000, 1.000000
X -1.000000, 0.000000, -0.000000
Y 0.000000, 1.000000, 0.000000
Z 0.000000, 0.000000, -1.000000

BONE 19
OFFSET 12.530000, -7.482795, -12.089212
SCALE 1.000000, 1.000000, 1.000000
X -1.000000, 0.000000, -0.000000
Y 0.000000, 1.000000, 0.000000
Z 0.000000, 0.000000, -1.000000

BONE 20
OFFSET 12.150000, -6.891418, -13.059566
SCALE 1.000000, 1.000000, 1.000000
X -1.000000, 0.000000, -0.000000
Y 0.000000, 1.000000, 0.000000
Z 0.000000, 0.000000, -1.000000

BONE 21
OFFSET 13.785073, 8.042067, -13.772971
SCALE 1.000000, 1.000000, 1.000000
X 0.996700, -0.023076, 0.077825
Y -0.077652, 0.008297, 0.996946
Z -0.023651, -0.999699, 0.006478

BONE 22
OFFSET 13.785079, -8.042048, -13.772953
SCALE 1.000000, 1.000000, 1.000000
X -0.996700, -0.023076, -0.077825
Y 0.077652, 0.008297, -0.996946
Z 0.023651, -0.999699, -0.006478

BONE 23
OFFSET 10.719465, 8.050750, -13.791152
SCALE 1.000000, 1.000000, 1.000000
X 0.999978, -0.002833, 0.005930
Y -0.005970, -0.014367, 0.999879
Z -0.002747, -0.999893, -0.014384

BONE 24
OFFSET 10.719449, -8.050748, -13.791142
SCALE 1.000000, 1.000000, 1.000000
X -0.999978, -0.002833, -0.005930
Y 0.005970, -0.014367, -0.999879
Z 0.002747, -0.999893, 0.014384

BONE 25
OFFSET 17.618980, 8.329933, -12.720215
SCALE 1.000000, 1.000000, 1.000000
X 0.770359, -0.621881, 0.140748
Y -0.611755, -0.783111, -0.111771
Z 0.179730, 0.000000, -0.983716

BONE 26
OFFSET 17.618977, -8.329922, -12.720197
SCALE 1.000000, 1.000000, 1.000000
X -0.770359, -0.621881, -0.140748
Y 0.611755, -0.783111, 0.111771
Z -0.179730, -0.000000, 0.983716

BONE 27
OFFSET 17.592691, 8.144073, -13.808888
SCALE 1.000000, 1.000000, 1.000000
X 0.786575, -0.616967, 0.025504
Y -0.616643, -0.786989, -0.019994
Z 0.032407, 0.000000, -0.999475

BONE 28
OFFSET 17.592678, -8.144055, -13.808898
SCALE 1.000000, 1.000000, 1.000000
X -0.786575, -0.616967, -0.025504
Y 0.616643, -0.786989, 0.019994
Z -0.032407, -0.000000, 0.999475

BONE 29
OFFSET 14.706850, 7.811601, -14.773290
SCALE 1.000000, 1.000000, 1.000000
X 0.860527, -0.066586, -0.505035
Y -0.090728, -0.995602, -0.023327
Z -0.501261, 0.065894, -0.862784

BONE 30
OFFSET 14.706850, -7.811614, -14.773307
SCALE 1.000000, 1.000000, 1.000000
X -0.860527, -0.066586, 0.505035
Y 0.090728, -0.995602, 0.023327
Z 0.501261, 0.065894, 0.862784

BONE 31
OFFSET 14.877762, 7.951642, -14.094536
SCALE 1.000000, 1.000000, 1.000000
X 0.972219, -0.030530, -0.232073
Y -0.040633, -0.998417, -0.038880
Z -0.230519, 0.047230, -0.971921

BONE 32
OFFSET 14.877756, -7.951653, -14.094527
SCALE 1.000000, 1.000000, 1.000000
X -0.972219, -0.030530, 0.232073
Y 0.040633, -0.998417, 0.038880
Z 0.230519, 0.047230, 0.971921

BONE 33
OFFSET 14.148777, 7.629210, -12.773211
SCALE 1.000000, 1.000000, 1.000000
X 0.614049, -0.475564, 0.629907
Y -0.500882, 0.381986, 0.776662
Z -0.609968, -0.792418, -0.003644

BONE 34
OFFSET 14.148780, -7.629212, -12.773229
SCALE 1.000000, 1.000000, 1.000000
X -0.614049, -0.475564, -0.629907
Y 0.500882, 0.381986, -0.776662
Z 0.609968, -0.792418, 0.003644

BONE 35
OFFSET 16.721630, 7.448270, -11.946650
SCALE 1.000000, 1.000000, 1.000000
X 0.946229, -0.301294, -0.117786
Y 0.309193, 0.949386, 0.055376
Z 0.095139, -0.088817, 0.991494

BONE 36
OFFSET 9.583885, -8.680950, -13.257301
SCALE 1.000000, 1.000000, 1.000000
X -0.946229, -0.301294, 0.117786
Y -0.309193, 0.949386, -0.055376
Z -0.095139, -0.088817, -0.991494

BONE 37
OFFSET 16.493113, 6.451591, -14.089364
SCALE 1.000000, 1.000000, 1.000000
X -0.281344, 0.000438, -0.959607
Y 0.023651, 0.999699, -0.006478
Z 0.959316, -0.024519, -0.281269

BONE 38
OFFSET 18.975315, 7.235017, -12.472406
SCALE 1.000000, 1.000000, 1.000000
X 0.426042, -0.903354, 0.049392
Y -0.880239, -0.426513, -0.208005
Z 0.208969, 0.045142, -0.976880

BONE 39
OFFSET 18.975315, -7.235000, -12.472402
SCALE 1.000000, 1.000000, 1.000000
X -0.426042, -0.903354, -0.049392
Y 0.880239, -0.426513, 0.208005
Z -0.208969, 0.045142, 0.976880

BONE 40
OFFSET 19.129311, 6.938792, -13.759066
SCALE 1.000000, 1.000000, 1.000000
X 0.028169, -0.999543, -0.010950
Y -0.999561, -0.028267, 0.008848
Z -0.009153, 0.010696, -0.999901

BONE 41
OFFSET 19.129292, -6.938779, -13.759055
SCALE 1.000000, 1.000000, 1.000000
X -0.028169, -0.999543, 0.010950
Y 0.999561, -0.028267, -0.008848
Z 0.009153, 0.010696, 0.999901

BONE 42
OFFSET 16.702198, 7.530317, -15.785225
SCALE 1.000000, 1.000000, 1.000000
X 0.856282, -0.436541, -0.276069
Y -0.415481, -0.899684, 0.133953
Z -0.306851, 0.000000, -0.951758

BONE 43
OFFSET 16.702206, -7.530315, -15.785236
SCALE 1.000000, 1.000000, 1.000000
X -0.856282, -0.436541, 0.276069
Y 0.415481, -0.899684, -0.133953
Z 0.306851, -0.000000, 0.951758

BONE 44
OFFSET 17.367678, 7.901457, -14.840354
SCALE 1.000000, 1.000000, 1.000000
X 0.831745, -0.508839, -0.221999
Y -0.491628, -0.860862, 0.131219
Z -0.257880, 0.000000, -0.966177

BONE 45
OFFSET 17.367678, -7.901457, -14.840354
SCALE 1.000000, 1.000000, 1.000000
X -0.831745, -0.508839, 0.221999
Y 0.491628, -0.860862, -0.131219
Z 0.257880, -0.000000, 0.966177

BONE 46
OFFSET 15.389911, 6.597012, -11.336607
SCALE 1.000000, 1.000000, 1.000000
X 0.914596, -0.402924, 0.034161
Y -0.078983, -0.095150, 0.992325
Z -0.396581, -0.910274, -0.118848

BONE 47
OFFSET 15.389921, -6.597008, -11.336615
SCALE 1.000000, 1.000000, 1.000000
X -0.914596, -0.402924, -0.034161
Y 0.078983, -0.095150, -0.992325
Z 0.396581, -0.910274, 0.118848

BONE 48
OFFSET 19.480556, 6.134072, -12.353014
SCALE 1.000000, 1.000000, 1.000000
X 0.139847, -0.988437, 0.058612
Y -0.965352, -0.149273, -0.214039
Z 0.220313, -0.026648, -0.975065

BONE 49
OFFSET 19.480551, -6.134055, -12.353031
SCALE 1.000000, 1.000000, 1.000000
X -0.139847, -0.988437, -0.058612
Y 0.965352, -0.149273, 0.214039
Z -0.220313, -0.026648, 0.975065

BONE 50
OFFSET 19.170456, 5.478823, -13.775060
SCALE 1.000000, 1.000000, 1.000000
X -0.530249, -0.847838, 0.002716
Y -0.845552, 0.529049, 0.071753
Z -0.062271, 0.035750, -0.997419

BONE 51
OFFSET 19.170473, -5.478819, -13.775079
SCALE 1.000000, 1.000000, 1.000000
X 0.530249, -0.847838, -0.002716
Y 0.845552, 0.529049, -0.071753
Z 0.062271, 0.035750, 0.997419

BONE 52
OFFSET 17.914511, 6.912269, -16.176081
SCALE 1.000000, 1.000000, 1.000000
X 0.129509, -0.990999, -0.033881
Y -0.958733, -0.133868, 0.250818
Z -0.253096, 0.000000, -0.967441

BONE 53
OFFSET 17.914528, -6.912283, -16.176064
SCALE 1.000000, 1.000000, 1.000000
X -0.129509, -0.990999, 0.033881
Y 0.958733, -0.133868, -0.250818
Z 0.253096, -0.000000, 0.967441

BONE 54
OFFSET 18.783724, 7.035159, -15.218307
SCALE 1.000000, 1.000000, 1.000000
X 0.018696, -0.999823, 0.001993
Y -0.972646, -0.017726, 0.231616
Z -0.231540, -0.006269, -0.972805

BONE 55
OFFSET 18.783741, -7.035158, -15.218307
SCALE 1.000000, 1.000000, 1.000000
X -0.018696, -0.999823, -0.001993
Y 0.972646, -0.017726, -0.231616
Z 0.231540, -0.006269, 0.972805

BONE 56
OFFSET 16.826696, 5.850290, -11.353966
SCALE 1.000000, 1.000000, 1.000000
X 0.780284, -0.439636, -0.444835
Y 0.353937, -0.276002, 0.893617
Z -0.515641, -0.854718, -0.059757

BONE 57
OFFSET 16.826693, -5.850276, -11.353976
SCALE 1.000000, 1.000000, 1.000000
X -0.780284, -0.439636, 0.444835
Y -0.353937, -0.276002, -0.893617
Z 0.515641, -0.854718, 0.059757

BONE 58
OFFSET 19.638519, 5.017599, -12.286811
SCALE 1.000000, 1.000000, 1.000000
X 0.887890, 0.449028, -0.100123
Y -0.450278, 0.892820, 0.011023
Z 0.094341, 0.035295, 0.994914

BONE 59
OFFSET 19.638504, -5.017599, -12.286811
SCALE 1.000000, 1.000000, 1.000000
X -0.887890, 0.449028, 0.100123
Y 0.450278, 0.892820, -0.011023
Z -0.094341, 0.035295, -0.994914

BONE 60
OFFSET 18.570051, 4.518455, -13.779097
SCALE 1.000000, 1.000000, 1.000000
X 0.950632, 0.309916, 0.015845
Y -0.309563, 0.950639, -0.021349
Z -0.021679, 0.015390, 0.999647

BONE 61
OFFSET 18.570040, -4.518465, -13.779095
SCALE 1.000000, 1.000000, 1.000000
X -0.950632, 0.309916, -0.015845
Y 0.309563, 0.950639, 0.021349
Z 0.021679, 0.015390, -0.999647

BONE 62
OFFSET 18.029337, 6.033617, -16.206121
SCALE 1.000000, 1.000000, 1.000000
X -0.508594, -0.843981, 0.170374
Y -0.800272, 0.536372, 0.268083
Z -0.317641, -0.000000, -0.948211

BONE 63
OFFSET 18.029331, -6.033622, -16.206102
SCALE 1.000000, 1.000000, 1.000000
X 0.508594, -0.843981, -0.170374
Y 0.800272, 0.536372, -0.268083
Z 0.317641, -0.000000, 0.948211

BONE 64
OFFSET 18.809635, 5.649475, -15.215545
SCALE 1.000000, 1.000000, 1.000000
X -0.560939, -0.817051, 0.133323
Y -0.794907, 0.576565, 0.188932
Z -0.231237, 0.000000, -0.972898

BONE 65
OFFSET 18.809647, -5.649488, -15.215551
SCALE 1.000000, 1.000000, 1.000000
X 0.560939, -0.817051, -0.133323
Y 0.794907, 0.576565, -0.188932
Z 0.231237, 0.000000, 0.972898

BONE 66
OFFSET 17.652914, 5.331044, -11.822542
SCALE 1.000000, 1.000000, 1.000000
X 0.980154, 0.167623, -0.105833
Y -0.164811, 0.985710, 0.034839
Z 0.110161, -0.016705, 0.993773

BONE 67
OFFSET 17.652914, -5.331063, -11.822559
SCALE 1.000000, 1.000000, 1.000000
X -0.980154, 0.167623, 0.105833
Y 0.164811, 0.985710, -0.034839
Z -0.110161, -0.016705, -0.993773

BONE 68
OFFSET 17.546160, 5.231812, -16.044260
SCALE 1.000000, 1.000000, 1.000000
X 0.937314, 0.308816, -0.161479
Y -0.317012, 0.948035, -0.027072
Z 0.144727, 0.076566, 0.986505

BONE 69
OFFSET 17.546143, -5.231811, -16.044252
SCALE 1.000000, 1.000000, 1.000000
X -0.937314, 0.308816, 0.161479
Y 0.317012, 0.948035, 0.027072
Z -0.144727, 0.076566, -0.986505

BONE 70
OFFSET 18.201283, 4.763361, -15.070953
SCALE 1.000000, 1.000000, 1.000000
X 0.902287, 0.340068, -0.265014
Y -0.319075, 0.940102, 0.120000
Z 0.289948, -0.023715, 0.956748

BONE 71
OFFSET 18.201300, -4.763347, -15.070945
SCALE 1.000000, 1.000000, 1.000000
X -0.902287, 0.340068, 0.265014
Y 0.319075, 0.940102, -0.120000
Z -0.289948, -0.023715, -0.956748

NUMVERTS 4331
VERT 0
OFFSET 12.751650, -7.322775, -12.849696
BONES 2
BONE 24 0.906316
BONE 22 0.093684

VERT 1
OFFSET 12.296650, -7.375638, -12.783567
BONES 2
BONE 24 0.949608
BONE 22 0.050392

VERT 2
OFFSET 12.214117, -7.615461, -12.478343
BONES 2
BONE 24 0.950980
BONE 22 0.049020

VERT 3
OFFSET 12.663758, -7.569471, -12.495364
BONES 2
BONE 24 0.891890
BONE 22 0.108110

VERT 4
OFFSET 12.364261, -7.211523, -13.123509
BONES 2
BONE 24 0.954314
BONE 22 0.045686

VERT 5
OFFSET 12.795555, -7.187867, -13.204274
BONES 2
BONE 24 0.893795
BONE 22 0.106205

VERT 6
OFFSET 12.638205, -7.831728, -12.301251
BONES 2
BONE 24 0.889702
BONE 22 0.110298

VERT 7
OFFSET 12.168490, -7.885224, -12.290202
BONES 2
BONE 24 0.950392
BONE 22 0.049608

VERT 8
OFFSET 12.091452, -8.348773, -12.121920
BONES 1
BONE 24 1.000000

VERT 9
OFFSET 12.611366, -8.240692, -12.121133
BONES 2
BONE 24 0.973924
BONE 22 0.026076

VERT 10
OFFSET 12.834752, -7.105446, -13.614338
BONES 2
BONE 24 0.869238
BONE 22 0.130762

VERT 11
OFFSET 12.404144, -7.101715, -13.530405
BONES 2
BONE 24 0.965882
BONE 22 0.034118

VERT 12
OFFSET 12.013179, -8.884666, -12.317355
BONES 1
BONE 24 1.000000

VERT 13
OFFSET 12.637016, -8.740606, -12.274136
BONES 1
BONE 24 1.000000

VERT 14
OFFSET 12.865022, -7.105875, -14.067122
BONES 2
BONE 24 0.852547
BONE 22 0.147453

VERT 15
OFFSET 12.442947, -7.089427, -13.972763
BONES 2
BONE 24 0.995490
BONE 22 0.004510

VERT 16
OFFSET 11.977131, -9.278101, -12.772586
BONES 1
BONE 24 1.000000

VERT 17
OFFSET 12.624412, -9.158297, -12.682880
BONES 1
BONE 24 1.000000

VERT 18
OFFSET 12.510807, -7.391055, -14.899907
BONES 1
BONE 24 1.000000

VERT 19
OFFSET 12.485972, -7.178187, -14.425793
BONES 1
BONE 24 1.000000

VERT 20
OFFSET 12.924774, -7.170152, -14.495970
BONES 2
BONE 24 0.853317
BONE 22 0.146683

VERT 21
OFFSET 12.973243, -7.397368, -14.957126
BONES 2
BONE 24 0.889781
BONE 22 0.110219

VERT 22
OFFSET 12.037251, -9.470969, -13.406974
BONES 1
BONE 24 1.000000

VERT 23
OFFSET 12.691591, -9.395029, -13.246022
BONES 2
BONE 24 0.990484
BONE 22 0.009516

VERT 24
OFFSET 12.467566, -7.782765, -15.232946
BONES 1
BONE 24 1.000000

VERT 25
OFFSET 12.965479, -7.750065, -15.234302
BONES 2
BONE 24 0.892044
BONE 22 0.107956

VERT 26
OFFSET 12.213680, -9.351525, -14.144111
BONES 1
BONE 24 1.000000

VERT 27
OFFSET 12.772625, -9.353276, -13.844990
BONES 2
BONE 24 0.986491
BONE 22 0.013509

VERT 28
OFFSET 12.540844, -8.603609, -15.230181
BONES 1
BONE 24 1.000000

VERT 29
OFFSET 12.181042, -8.471810, -15.280128
BONES 1
BONE 24 1.000000

VERT 30
OFFSET 12.642082, -8.200115, -15.291059
BONES 2
BONE 24 0.967032
BONE 22 0.032968

VERT 31
OFFSET 12.453890, -9.014907, -14.878456
BONES 1
BONE 24 1.000000

VERT 32
OFFSET 12.518234, -9.223605, -14.400509
BONES 1
BONE 24 1.000000

VERT 33
OFFSET 12.136950, -9.026607, -14.915220
BONES 2
BONE 24 0.986224
BONE 22 0.013776

VERT 34
OFFSET 12.936190, -8.177316, -15.258450
BONES 2
BONE 24 0.963599
BONE 22 0.036401

VERT 35
OFFSET 12.861249, -9.188921, -14.335859
BONES 2
BONE 24 0.995277
BONE 22 0.004723

VERT 36
OFFSET 12.857184, -8.975582, -14.833632
BONES 1
BONE 24 1.000000

VERT 37
OFFSET 12.906786, -8.595967, -15.176579
BONES 2
BONE 24 0.963865
BONE 22 0.036135

VERT 38
OFFSET 9.654240, -7.168676, -12.874470
BONES 1
BONE 24 1.000000

VERT 39
OFFSET 8.623362, -7.107778, -12.782867
BONES 1
BONE 24 1.000000

VERT 40
OFFSET 8.617707, -7.460835, -12.380809
BONES 1
BONE 24 1.000000

VERT 41
OFFSET 9.631597, -7.466308, -12.491904
BONES 1
BONE 24 1.000000

VERT 42
OFFSET 9.615595, -6.921314, -13.322007
BONES 1
BONE 24 1.000000

VERT 43
OFFSET 8.534587, -6.806786, -13.268205
BONES 1
BONE 24 1.000000

VERT 44
OFFSET 9.507334, -6.746118, -13.877663
BONES 1
BONE 24 1.000000

VERT 45
OFFSET 8.388904, -6.603357, -13.890426
BONES 1
BONE 24 1.000000

VERT 46
OFFSET 9.387414, -6.774992, -14.485806
BONES 1
BONE 24 1.000000

VERT 47
OFFSET 8.208595, -6.652718, -14.557787
BONES 1
BONE 24 1.000000

VERT 48
OFFSET 9.298912, -7.095720, -15.106122
BONES 1
BONE 24 1.000000

VERT 49
OFFSET 8.050676, -7.005328, -15.243416
BONES 1
BONE 24 1.000000

VERT 50
OFFSET 9.198717, -7.722160, -15.566201
BONES 1
BONE 24 1.000000

VERT 51
OFFSET 7.912683, -7.638603, -15.705214
BONES 1
BONE 24 1.000000

VERT 52
OFFSET 9.072062, -8.494905, -15.643835
BONES 1
BONE 24 1.000000

VERT 53
OFFSET 7.772552, -8.494027, -15.795475
BONES 1
BONE 24 1.000000

VERT 54
OFFSET 8.990503, -9.153264, -15.332872
BONES 1
BONE 24 1.000000

VERT 55
OFFSET 7.681762, -9.182800, -15.481406
BONES 1
BONE 24 1.000000

VERT 56
OFFSET 8.931307, -9.661532, -14.703268
BONES 1
BONE 24 1.000000

VERT 57
OFFSET 7.588910, -9.764476, -14.858608
BONES 1
BONE 24 1.000000

VERT 58
OFFSET 8.909293, -9.846608, -13.900901
BONES 1
BONE 24 1.000000

VERT 59
OFFSET 7.578049, -9.986241, -14.038303
BONES 1
BONE 24 1.000000

VERT 60
OFFSET 8.955770, -9.783270, -13.125963
BONES 1
BONE 24 1.000000

VERT 61
OFFSET 7.674619, -9.966979, -13.249165
BONES 1
BONE 24 1.000000

VERT 62
OFFSET 9.107486, -9.456357, -12.460164
BONES 1
BONE 24 1.000000

VERT 63
OFFSET 7.921901, -9.684630, -12.515136
BONES 1
BONE 24 1.000000

VERT 64
OFFSET 9.308001, -8.903959, -12.077556
BONES 1
BONE 24 1.000000

VERT 65
OFFSET 8.213843, -9.118989, -12.004231
BONES 1
BONE 24 1.000000

VERT 66
OFFSET 9.468902, -8.329082, -12.018321
BONES 1
BONE 24 1.000000

VERT 67
OFFSET 8.426552, -8.469134, -11.869973
BONES 1
BONE 24 1.000000

VERT 68
OFFSET 9.577181, -7.843706, -12.189136
BONES 1
BONE 24 1.000000

VERT 69
OFFSET 8.565886, -7.903776, -12.051121
BONES 1
BONE 24 1.000000

VERT 70
OFFSET 6.767998, -9.885757, -12.560504
BONES 1
BONE 24 1.000000

VERT 71
OFFSET 6.399549, -10.109779, -13.368324
BONES 1
BONE 24 1.000000

VERT 72
OFFSET 7.382948, -8.591189, -11.746351
BONES 1
BONE 24 1.000000

VERT 73
OFFSET 7.123734, -9.315803, -11.952159
BONES 1
BONE 24 1.000000

VERT 74
OFFSET 6.378596, -9.190016, -15.585170
BONES 1
BONE 24 1.000000

VERT 75
OFFSET 6.437878, -8.467216, -15.901579
BONES 1
BONE 24 1.000000

VERT 76
OFFSET 6.596663, -7.603850, -15.817389
BONES 1
BONE 24 1.000000

VERT 77
OFFSET 6.248095, -9.790097, -14.971108
BONES 1
BONE 24 1.000000

VERT 78
OFFSET 7.611106, -7.038809, -12.693851
BONES 1
BONE 24 1.000000

VERT 79
OFFSET 7.603721, -7.440063, -12.271470
BONES 1
BONE 24 1.000000

VERT 80
OFFSET 7.279934, -6.456435, -13.936615
BONES 1
BONE 24 1.000000

VERT 81
OFFSET 7.498911, -6.674496, -13.241170
BONES 1
BONE 24 1.000000

VERT 82
OFFSET 6.746726, -6.940683, -15.331985
BONES 1
BONE 24 1.000000

VERT 83
OFFSET 7.022931, -6.517252, -14.626430
BONES 1
BONE 24 1.000000

VERT 84
OFFSET 2.324894, -9.831739, -12.466618
BONES 3
BONE 6 0.160808
BONE 12 0.544682
BONE 24 0.294510

VERT 85
OFFSET 1.794604, -9.749459, -12.349632
BONES 2
BONE 6 0.499451
BONE 12 0.500549

VERT 86
OFFSET 1.180089, -9.710731, -13.059759
BONES 2
BONE 6 0.416952
BONE 12 0.583048

VERT 87
OFFSET 1.836552, -9.818817, -13.302787
BONES 3
BONE 6 0.024944
BONE 12 0.687605
BONE 24 0.287451

VERT 88
OFFSET 1.253991, -9.343115, -14.785769
BONES 3
BONE 6 0.152479
BONE 12 0.588698
BONE 24 0.258824

VERT 89
OFFSET 1.671795, -9.488068, -14.861847
BONES 3
BONE 6 0.048994
BONE 12 0.492183
BONE 24 0.458824

VERT 90
OFFSET 1.619460, -9.529442, -14.447571
BONES 3
BONE 6 0.054340
BONE 12 0.564876
BONE 24 0.380784

VERT 91
OFFSET 1.031406, -9.437502, -14.337210
BONES 3
BONE 6 0.225711
BONE 12 0.684878
BONE 24 0.089412

VERT 92
OFFSET 3.023890, -9.079025, -15.536654
BONES 1
BONE 24 1.000000

VERT 93
OFFSET 2.253030, -9.131762, -15.558036
BONES 2
BONE 12 0.305907
BONE 24 0.694093

VERT 94
OFFSET 2.218038, -8.740880, -15.821012
BONES 3
BONE 6 0.062299
BONE 12 0.280839
BONE 24 0.656863

VERT 95
OFFSET 2.245043, -8.240525, -15.823061
BONES 3
BONE 6 0.086166
BONE 12 0.329520
BONE 24 0.584314

VERT 96
OFFSET 1.512946, -8.154905, -15.735656
BONES 3
BONE 6 0.134612
BONE 12 0.561466
BONE 24 0.303922

VERT 97
OFFSET 1.693793, -7.662293, -15.418923
BONES 3
BONE 6 0.152777
BONE 12 0.560165
BONE 24 0.287059

VERT 98
OFFSET 2.163446, -7.712011, -15.501451
BONES 3
BONE 6 0.113037
BONE 12 0.386963
BONE 24 0.500000

VERT 99
OFFSET 2.632520, -6.369781, -13.140433
BONES 2
BONE 6 0.294527
BONE 12 0.705473

VERT 100
OFFSET 2.416388, -6.224566, -13.797751
BONES 2
BONE 6 0.056690
BONE 12 0.943310

VERT 101
OFFSET 1.926769, -6.170483, -13.502596
BONES 2
BONE 6 0.353290
BONE 12 0.646710

VERT 102
OFFSET 2.323829, -6.307312, -12.947305
BONES 2
BONE 6 0.520327
BONE 12 0.479673

VERT 103
OFFSET 2.919132, -6.889295, -12.424590
BONES 2
BONE 6 0.427734
BONE 12 0.572266

VERT 104
OFFSET 3.112773, -7.451457, -11.969472
BONES 2
BONE 6 0.575281
BONE 12 0.424719

VERT 105
OFFSET 3.389594, -7.469229, -12.109458
BONES 3
BONE 6 0.258756
BONE 12 0.544283
BONE 24 0.196961

VERT 106
OFFSET 3.274455, -6.935702, -12.584741
BONES 3
BONE 6 0.074284
BONE 12 0.736577
BONE 24 0.189138

VERT 107
OFFSET 2.905605, -8.844370, -11.448144
BONES 2
BONE 6 0.629953
BONE 12 0.370047

VERT 108
OFFSET 2.437963, -9.437363, -11.738812
BONES 2
BONE 6 0.585023
BONE 12 0.414977

VERT 109
OFFSET 2.858269, -9.424866, -11.818951
BONES 3
BONE 6 0.229300
BONE 12 0.476190
BONE 24 0.294510

VERT 110
OFFSET 3.210990, -8.779365, -11.586165
BONES 3
BONE 6 0.275866
BONE 12 0.533131
BONE 24 0.191003

VERT 111
OFFSET 1.340023, -9.696967, -11.840683
BONES 2
BONE 6 0.834360
BONE 12 0.165640

VERT 112
OFFSET 0.879557, -9.752794, -11.278124
BONES 1
BONE 6 1.000000

VERT 113
OFFSET 0.165794, -9.856181, -11.787775
BONES 1
BONE 6 1.000000

VERT 114
OFFSET 0.636321, -9.795258, -12.377714
BONES 2
BONE 6 0.837483
BONE 12 0.162517

VERT 115
OFFSET 2.036402, -9.471243, -11.375219
BONES 2
BONE 6 0.874378
BONE 12 0.125622

VERT 116
OFFSET 2.566169, -8.967228, -11.144113
BONES 2
BONE 6 0.884303
BONE 12 0.115697

VERT 117
OFFSET 2.153113, -9.116214, -10.572794
BONES 2
BONE 6 0.963226
BONE 12 0.036774

VERT 118
OFFSET 1.583813, -9.561234, -10.855231
BONES 2
BONE 6 0.970301
BONE 12 0.029699

VERT 119
OFFSET 2.835105, -7.614017, -11.379853
BONES 2
BONE 6 0.937325
BONE 12 0.062675

VERT 120
OFFSET 2.607280, -7.065393, -11.882144
BONES 2
BONE 6 0.898363
BONE 12 0.101637

VERT 121
OFFSET 2.261397, -6.882882, -11.029831
BONES 2
BONE 6 0.977856
BONE 12 0.022144

VERT 122
OFFSET 2.625102, -7.507774, -10.609406
BONES 1
BONE 6 1.000000

VERT 123
OFFSET 0.588887, -8.995201, -14.526064
BONES 2
BONE 6 0.319458
BONE 12 0.680542

VERT 124
OFFSET 0.168435, -9.005171, -13.985041
BONES 2
BONE 6 0.566320
BONE 12 0.433680

VERT 125
OFFSET 0.086601, -8.039955, -14.293245
BONES 2
BONE 6 0.586403
BONE 12 0.413597

VERT 126
OFFSET 0.585590, -8.173118, -14.873643
BONES 2
BONE 6 0.357023
BONE 12 0.642977

VERT 127
OFFSET 1.061946, -7.381104, -14.942094
BONES 2
BONE 6 0.214332
BONE 12 0.785668

VERT 128
OFFSET 0.442720, -7.151502, -14.268050
BONES 2
BONE 6 0.507430
BONE 12 0.492570

VERT 129
OFFSET 1.007200, -6.661500, -14.236416
BONES 2
BONE 6 0.530572
BONE 12 0.469428

VERT 130
OFFSET 1.500629, -6.832048, -14.828412
BONES 2
BONE 6 0.057481
BONE 12 0.942519

VERT 131
OFFSET 0.404624, -6.417600, -13.385486
BONES 2
BONE 6 0.832869
BONE 12 0.167131

VERT 132
OFFSET 1.022423, -6.235766, -13.163760
BONES 2
BONE 6 0.791021
BONE 12 0.208979

VERT 133
OFFSET 1.507249, -6.353632, -13.891261
BONES 2
BONE 6 0.433392
BONE 12 0.566608

VERT 134
OFFSET 2.314414, -6.575097, -12.343233
BONES 2
BONE 6 0.830198
BONE 12 0.169802

VERT 135
OFFSET 1.796548, -6.470836, -11.550312
BONES 1
BONE 6 1.000000

VERT 136
OFFSET 1.531733, -9.140716, -15.453268
BONES 3
BONE 6 0.096417
BONE 12 0.522406
BONE 24 0.381176

VERT 137
OFFSET 1.012016, -9.020591, -15.053285
BONES 3
BONE 6 0.243139
BONE 12 0.505880
BONE 24 0.250980

VERT 138
OFFSET 1.468553, -8.685630, -15.725131
BONES 3
BONE 6 0.104108
BONE 12 0.576676
BONE 24 0.319216

VERT 139
OFFSET 1.810183, -7.306437, -15.211610
BONES 3
BONE 6 0.157128
BONE 12 0.575813
BONE 24 0.267059

VERT 140
OFFSET 2.315479, -7.350392, -15.362873
BONES 3
BONE 6 0.117759
BONE 12 0.382241
BONE 24 0.500000

VERT 141
OFFSET 1.270727, -7.736721, -15.321260
BONES 3
BONE 6 0.176532
BONE 12 0.601899
BONE 24 0.221569

VERT 142
OFFSET 2.965617, -7.591555, -15.624770
BONES 1
BONE 24 1.000000

VERT 143
OFFSET 3.039465, -8.285711, -15.821321
BONES 1
BONE 24 1.000000

VERT 144
OFFSET 2.824676, -9.469020, -15.000087
BONES 1
BONE 24 1.000000

VERT 145
OFFSET 2.154506, -9.439877, -14.955369
BONES 2
BONE 12 0.318273
BONE 24 0.681727

VERT 146
OFFSET 6.240058, -10.087274, -14.136971
BONES 1
BONE 24 1.000000

VERT 147
OFFSET 2.138638, -9.462919, -14.612264
BONES 2
BONE 12 0.321152
BONE 24 0.678848

VERT 148
OFFSET 3.669118, -9.953714, -12.520397
BONES 1
BONE 24 1.000000

VERT 149
OFFSET 2.839453, -9.891360, -12.521855
BONES 3
BONE 6 0.054267
BONE 12 0.433184
BONE 24 0.512549

VERT 150
OFFSET 2.373740, -9.949487, -13.472602
BONES 3
BONE 6 0.013570
BONE 12 0.486430
BONE 24 0.500000

VERT 151
OFFSET 3.252434, -10.106071, -13.594871
BONES 1
BONE 24 1.000000

VERT 152
OFFSET 3.578672, -8.741335, -11.610061
BONES 3
BONE 6 0.091515
BONE 12 0.408464
BONE 24 0.500021

VERT 153
OFFSET 3.291287, -9.412760, -11.834246
BONES 3
BONE 6 0.058118
BONE 12 0.396000
BONE 24 0.545882

VERT 154
OFFSET 4.051097, -9.390916, -11.827232
BONES 1
BONE 24 1.000000

VERT 155
OFFSET 4.318585, -8.679510, -11.609362
BONES 1
BONE 24 1.000000

VERT 156
OFFSET 3.621001, -7.009894, -12.624352
BONES 3
BONE 6 0.042796
BONE 12 0.457051
BONE 24 0.500153

VERT 157
OFFSET 3.736061, -7.473018, -12.188582
BONES 3
BONE 6 0.050599
BONE 12 0.449156
BONE 24 0.500244

VERT 158
OFFSET 4.462188, -7.427774, -12.236216
BONES 1
BONE 24 1.000000

VERT 159
OFFSET 4.418585, -7.002127, -12.657291
BONES 1
BONE 24 1.000000

VERT 160
OFFSET 3.190108, -6.314503, -14.057136
BONES 3
BONE 6 0.052735
BONE 12 0.447265
BONE 24 0.500000

VERT 161
OFFSET 3.392106, -6.517424, -13.327617
BONES 3
BONE 6 0.033571
BONE 12 0.466429
BONE 24 0.500000

VERT 162
OFFSET 4.221929, -6.500956, -13.308453
BONES 1
BONE 24 1.000000

VERT 163
OFFSET 3.961632, -6.319301, -14.081388
BONES 1
BONE 24 1.000000

VERT 164
OFFSET 3.279562, -6.900471, -15.315804
BONES 1
BONE 24 1.000000

VERT 165
OFFSET 2.524862, -6.957813, -15.231212
BONES 3
BONE 6 0.091341
BONE 12 0.408659
BONE 24 0.500000

VERT 166
OFFSET 2.898561, -6.484792, -14.714995
BONES 3
BONE 6 0.059121
BONE 12 0.440879
BONE 24 0.500000

VERT 167
OFFSET 3.628443, -6.467209, -14.757504
BONES 1
BONE 24 1.000000

VERT 168
OFFSET 2.174600, -9.719378, -14.059474
BONES 2
BONE 12 0.394643
BONE 24 0.605357

VERT 169
OFFSET 3.022101, -9.805480, -14.225142
BONES 1
BONE 24 1.000000

VERT 170
OFFSET 1.595882, -9.634062, -13.902469
BONES 3
BONE 6 0.064944
BONE 12 0.653879
BONE 24 0.281176

VERT 171
OFFSET 0.051002, -9.535586, -12.872012
BONES 2
BONE 6 0.914506
BONE 12 0.085494

VERT 172
OFFSET 0.804213, -9.586607, -13.662173
BONES 2
BONE 6 0.370000
BONE 12 0.630000

VERT 173
OFFSET -0.417403, -8.903553, -13.314385
BONES 2
BONE 6 0.962911
BONE 12 0.037089

VERT 174
OFFSET -0.393177, -7.867248, -13.640553
BONES 2
BONE 6 0.988026
BONE 12 0.011974

VERT 175
OFFSET -0.077361, -6.924123, -13.630840
BONES 2
BONE 6 0.929403
BONE 12 0.070597

VERT 176
OFFSET 0.929192, -6.108077, -12.126047
BONES 2
BONE 6 0.966244
BONE 12 0.033756

VERT 177
OFFSET 1.384633, -6.189336, -11.906442
BONES 2
BONE 6 0.974912
BONE 12 0.025088

VERT 178
OFFSET 1.934495, -6.271832, -12.692922
BONES 2
BONE 6 0.848150
BONE 12 0.151850

VERT 179
OFFSET 1.446078, -6.180873, -12.940166
BONES 2
BONE 6 0.787505
BONE 12 0.212495

VERT 180
OFFSET -0.451479, -9.511654, -12.280661
BONES 1
BONE 6 1.000000

VERT 181
OFFSET -0.886989, -8.766003, -12.704688
BONES 1
BONE 6 1.000000

VERT 182
OFFSET -0.906200, -7.707485, -12.975592
BONES 1
BONE 6 1.000000

VERT 183
OFFSET -0.588045, -6.781145, -12.934278
BONES 1
BONE 6 1.000000

VERT 184
OFFSET -0.106865, -6.286409, -12.644182
BONES 2
BONE 6 0.965841
BONE 12 0.034159

VERT 185
OFFSET 0.475961, -6.146739, -12.377167
BONES 1
BONE 6 1.000000

VERT 186
OFFSET 7.560547, -7.945778, -11.919659
BONES 1
BONE 24 1.000000

VERT 187
OFFSET 3.715785, -8.059708, -11.817916
BONES 3
BONE 6 0.065412
BONE 12 0.434469
BONE 24 0.500119

VERT 188
OFFSET 4.496203, -7.983691, -11.847166
BONES 1
BONE 24 1.000000

VERT 189
OFFSET 3.125693, -8.166668, -11.605713
BONES 2
BONE 6 0.552134
BONE 12 0.447866

VERT 190
OFFSET 3.408990, -8.095767, -11.748477
BONES 3
BONE 6 0.259806
BONE 12 0.484040
BONE 24 0.256154

VERT 191
OFFSET 2.863424, -8.134282, -11.092640
BONES 2
BONE 6 0.955125
BONE 12 0.044875

VERT 192
OFFSET 2.616227, -8.298529, -10.388832
BONES 2
BONE 6 0.982070
BONE 12 0.017930

VERT 193
OFFSET 2.558743, -6.608995, -12.552839
BONES 2
BONE 6 0.567987
BONE 12 0.432013

VERT 194
OFFSET 1.965175, -6.341053, -14.409237
BONES 2
BONE 6 0.040893
BONE 12 0.959107

VERT 195
OFFSET 11.239902, -9.024574, -12.361616
BONES 1
BONE 24 1.000000

VERT 196
OFFSET 11.154146, -9.408480, -12.893063
BONES 1
BONE 24 1.000000

VERT 197
OFFSET 11.174119, -9.575759, -13.564206
BONES 1
BONE 24 1.000000

VERT 198
OFFSET 11.251377, -9.454802, -14.312982
BONES 1
BONE 24 1.000000

VERT 199
OFFSET 11.275070, -9.053369, -14.980329
BONES 1
BONE 24 1.000000

VERT 200
OFFSET 11.439544, -8.467177, -15.341759
BONES 1
BONE 24 1.000000

VERT 201
OFFSET 11.559470, -7.701397, -15.251617
BONES 1
BONE 24 1.000000

VERT 202
OFFSET 11.632594, -7.332160, -14.894852
BONES 1
BONE 24 1.000000

VERT 203
OFFSET 11.682412, -7.100850, -14.394846
BONES 1
BONE 24 1.000000

VERT 204
OFFSET 11.677920, -7.029524, -13.859519
BONES 1
BONE 24 1.000000

VERT 205
OFFSET 11.661502, -7.077949, -13.437224
BONES 1
BONE 24 1.000000

VERT 206
OFFSET 11.626158, -7.222067, -13.048951
BONES 1
BONE 24 1.000000

VERT 207
OFFSET 11.580960, -7.414457, -12.705798
BONES 1
BONE 24 1.000000

VERT 208
OFFSET 11.515485, -7.673804, -12.416788
BONES 1
BONE 24 1.000000

VERT 209
OFFSET 11.460555, -8.004349, -12.220328
BONES 1
BONE 24 1.000000

VERT 210
OFFSET 11.351958, -8.481571, -12.155578
BONES 1
BONE 24 1.000000

VERT 211
OFFSET 10.207690, -9.228642, -12.422414
BONES 1
BONE 24 1.000000

VERT 212
OFFSET 10.120506, -9.594400, -13.005781
BONES 1
BONE 24 1.000000

VERT 213
OFFSET 10.118344, -9.702196, -13.734541
BONES 1
BONE 24 1.000000

VERT 214
OFFSET 10.155847, -9.535760, -14.492435
BONES 1
BONE 24 1.000000

VERT 215
OFFSET 10.211469, -9.109520, -15.132449
BONES 1
BONE 24 1.000000

VERT 216
OFFSET 10.304330, -8.471504, -15.481499
BONES 1
BONE 24 1.000000

VERT 217
OFFSET 10.391171, -7.706261, -15.385446
BONES 1
BONE 24 1.000000

VERT 218
OFFSET 10.455851, -7.197519, -14.987417
BONES 1
BONE 24 1.000000

VERT 219
OFFSET 10.506261, -6.933075, -14.405285
BONES 1
BONE 24 1.000000

VERT 220
OFFSET 10.589047, -6.896521, -13.875917
BONES 1
BONE 24 1.000000

VERT 221
OFFSET 10.652706, -7.018835, -13.385164
BONES 1
BONE 24 1.000000

VERT 222
OFFSET 10.667563, -7.206636, -12.968924
BONES 1
BONE 24 1.000000

VERT 223
OFFSET 10.624624, -7.450401, -12.608265
BONES 1
BONE 24 1.000000

VERT 224
OFFSET 10.563160, -7.765502, -12.313766
BONES 1
BONE 24 1.000000

VERT 225
OFFSET 10.479777, -8.168153, -12.135412
BONES 1
BONE 24 1.000000

VERT 226
OFFSET 10.362194, -8.683525, -12.125847
BONES 1
BONE 24 1.000000

VERT 227
OFFSET 5.675817, -9.961440, -12.576187
BONES 1
BONE 24 1.000000

VERT 228
OFFSET 5.314306, -10.180589, -13.465461
BONES 1
BONE 24 1.000000

VERT 229
OFFSET 5.067970, -10.092667, -14.219373
BONES 1
BONE 24 1.000000

VERT 230
OFFSET 4.959706, -9.726956, -15.025259
BONES 1
BONE 24 1.000000

VERT 231
OFFSET 5.114233, -9.163409, -15.629160
BONES 1
BONE 24 1.000000

VERT 232
OFFSET 5.183589, -8.403571, -15.951371
BONES 1
BONE 24 1.000000

VERT 233
OFFSET 5.293142, -7.552045, -15.844225
BONES 1
BONE 24 1.000000

VERT 234
OFFSET 5.522107, -6.887633, -15.363456
BONES 1
BONE 24 1.000000

VERT 235
OFFSET 5.861215, -6.467801, -14.678036
BONES 1
BONE 24 1.000000

VERT 236
OFFSET 6.152287, -6.363457, -13.966326
BONES 1
BONE 24 1.000000

VERT 237
OFFSET 6.395422, -6.586902, -13.219072
BONES 1
BONE 24 1.000000

VERT 238
OFFSET 6.543843, -6.999425, -12.644203
BONES 1
BONE 24 1.000000

VERT 239
OFFSET 6.554657, -7.429224, -12.215792
BONES 1
BONE 24 1.000000

VERT 240
OFFSET 6.537828, -7.973914, -11.846783
BONES 1
BONE 24 1.000000

VERT 241
OFFSET 6.331681, -8.663878, -11.669306
BONES 1
BONE 24 1.000000

VERT 242
OFFSET 6.053890, -9.398473, -11.908916
BONES 1
BONE 24 1.000000

VERT 243
OFFSET 4.646035, -9.980659, -12.534822
BONES 1
BONE 24 1.000000

VERT 244
OFFSET 4.228930, -10.187031, -13.553628
BONES 1
BONE 24 1.000000

VERT 245
OFFSET 3.999178, -9.989073, -14.293602
BONES 1
BONE 24 1.000000

VERT 246
OFFSET 3.881827, -9.552329, -15.081870
BONES 1
BONE 24 1.000000

VERT 247
OFFSET 4.006392, -9.102930, -15.612900
BONES 1
BONE 24 1.000000

VERT 248
OFFSET 4.041894, -8.385629, -15.913564
BONES 1
BONE 24 1.000000

VERT 249
OFFSET 4.052707, -7.610272, -15.805180
BONES 1
BONE 24 1.000000

VERT 250
OFFSET 4.298039, -6.862609, -15.398278
BONES 1
BONE 24 1.000000

VERT 251
OFFSET 4.647685, -6.416278, -14.745062
BONES 1
BONE 24 1.000000

VERT 252
OFFSET 4.979714, -6.302494, -14.029779
BONES 1
BONE 24 1.000000

VERT 253
OFFSET 5.252488, -6.538763, -13.244245
BONES 1
BONE 24 1.000000

VERT 254
OFFSET 5.412853, -6.983156, -12.641557
BONES 1
BONE 24 1.000000

VERT 255
OFFSET 5.461125, -7.414117, -12.200542
BONES 1
BONE 24 1.000000

VERT 256
OFFSET 5.437571, -7.975325, -11.834273
BONES 1
BONE 24 1.000000

VERT 257
OFFSET 5.280840, -8.670196, -11.621576
BONES 1
BONE 24 1.000000

VERT 258
OFFSET 5.007129, -9.393832, -11.859869
BONES 1
BONE 24 1.000000

VERT 259
OFFSET 3.035586, -6.464412, -13.276443
BONES 3
BONE 6 0.047267
BONE 12 0.755478
BONE 24 0.197255

VERT 260
OFFSET 2.787219, -6.284824, -13.963680
BONES 3
BONE 6 0.054850
BONE 12 0.718483
BONE 24 0.226667

VERT 261
OFFSET 2.407603, -6.395706, -14.592327
BONES 3
BONE 6 0.049746
BONE 12 0.690254
BONE 24 0.260000

VERT 262
OFFSET 1.963356, -6.909470, -15.112716
BONES 3
BONE 6 0.091057
BONE 12 0.619923
BONE 24 0.289020

VERT 263
OFFSET 0.985705, -8.210856, -15.311186
BONES 3
BONE 6 0.220258
BONE 12 0.608370
BONE 24 0.171373

VERT 264
OFFSET 0.514485, -9.797194, -10.806919
BONES 1
BONE 6 1.000000

VERT 265
OFFSET -0.214414, -9.888107, -11.288514
BONES 1
BONE 6 1.000000

VERT 266
OFFSET -0.844985, -9.428539, -11.776868
BONES 1
BONE 6 1.000000

VERT 267
OFFSET -1.244474, -8.621025, -12.179955
BONES 1
BONE 6 1.000000

VERT 268
OFFSET -1.343095, -7.586391, -12.447159
BONES 1
BONE 6 1.000000

VERT 269
OFFSET -1.038033, -6.662511, -12.385213
BONES 1
BONE 6 1.000000

VERT 270
OFFSET -0.561295, -6.189541, -12.065759
BONES 1
BONE 6 1.000000

VERT 271
OFFSET 0.018225, -6.023220, -11.757088
BONES 1
BONE 6 1.000000

VERT 272
OFFSET 0.489914, -6.001945, -11.489249
BONES 1
BONE 6 1.000000

VERT 273
OFFSET 0.968278, -6.093450, -11.216246
BONES 1
BONE 6 1.000000

VERT 274
OFFSET 1.437978, -6.336874, -10.820552
BONES 1
BONE 6 1.000000

VERT 275
OFFSET 1.920028, -6.704116, -10.357373
BONES 1
BONE 6 1.000000

VERT 276
OFFSET 2.340019, -7.506526, -9.914290
BONES 1
BONE 6 1.000000

VERT 277
OFFSET 2.353500, -8.413465, -9.768783
BONES 1
BONE 6 1.000000

VERT 278
OFFSET 1.847921, -9.182627, -10.055117
BONES 1
BONE 6 1.000000

VERT 279
OFFSET 1.277995, -9.614055, -10.359573
BONES 1
BONE 6 1.000000

VERT 280
OFFSET 13.192588, -9.302169, -13.720172
BONES 2
BONE 24 0.966931
BONE 22 0.033069

VERT 281
OFFSET 13.166151, -9.307115, -13.141470
BONES 2
BONE 24 0.944020
BONE 22 0.055980

VERT 282
OFFSET 13.086688, -9.022238, -12.619995
BONES 2
BONE 24 0.927705
BONE 22 0.072295

VERT 283
OFFSET 13.024299, -8.642008, -12.270828
BONES 2
BONE 24 0.903040
BONE 22 0.096960

VERT 284
OFFSET 12.959545, -8.187871, -12.131164
BONES 2
BONE 24 0.847124
BONE 22 0.152876

VERT 285
OFFSET 12.953363, -7.797108, -12.293925
BONES 2
BONE 24 0.799026
BONE 22 0.200974

VERT 286
OFFSET 12.979061, -7.534626, -12.495111
BONES 2
BONE 24 0.669000
BONE 22 0.331000

VERT 287
OFFSET 13.030718, -7.277659, -12.872870
BONES 2
BONE 24 0.586563
BONE 22 0.413437

VERT 288
OFFSET 13.090683, -7.163963, -13.275149
BONES 2
BONE 24 0.556176
BONE 22 0.443824

VERT 289
OFFSET 13.139957, -7.079834, -13.697144
BONES 2
BONE 24 0.520199
BONE 22 0.479801

VERT 290
OFFSET 13.166888, -7.087219, -14.172892
BONES 2
BONE 24 0.515227
BONE 22 0.484773

VERT 291
OFFSET 13.214890, -7.128451, -14.615266
BONES 2
BONE 24 0.529965
BONE 22 0.470035

VERT 292
OFFSET 13.225226, -7.376779, -15.049336
BONES 2
BONE 24 0.591096
BONE 22 0.408904

VERT 293
OFFSET 13.217292, -7.748196, -15.244547
BONES 2
BONE 24 0.653065
BONE 22 0.346935

VERT 294
OFFSET 13.233487, -8.136147, -15.230173
BONES 2
BONE 24 0.926715
BONE 22 0.073285

VERT 295
OFFSET 13.249569, -8.497365, -15.107507
BONES 2
BONE 24 0.924889
BONE 22 0.075111

VERT 296
OFFSET 13.215713, -8.882416, -14.764670
BONES 2
BONE 24 0.965148
BONE 22 0.034852

VERT 297
OFFSET 13.212076, -9.109335, -14.305449
BONES 2
BONE 24 0.970066
BONE 22 0.029934

