// Export filename: 'C:/projects/cod/t5/model_export/viewmodels/cod7/viewmodel_usa_cuban_casual_player.XMODEL_EXPORT'
// Source filename: 'D:/projects/devart/t5/model_export/viewmodels/cod7/viewmodel_usa_cuban_casual_player.mb'
// Export time: Mon Aug 09 18:25:22 2010
MODEL
VERSION 6

NUMBONES 61
BONE 0 -1 "TAG_ORIGIN"
BONE 1 0 "TAG_SYNC"
BONE 2 0 "tag_torso"
BONE 3 2 "J_Shoulder_LE"
BONE 4 2 "J_Shoulder_RI"
BONE 5 2 "tag_view"
BONE 6 2 "tag_weapon"
BONE 7 2 "tag_weapon1"
BONE 8 3 "J_Elbow_LE"
BONE 9 4 "J_Elbow_RI"
BONE 10 5 "tag_cambone"
BONE 11 5 "tag_player"
BONE 12 8 "J_Sleave_Reshape_Bottom_LE_1"
BONE 13 8 "J_Sleave_Reshape_Bottom_LE_2"
BONE 14 8 "J_Sleave_Reshape_Top_LE_1"
BONE 15 8 "J_Sleave_Reshape_Top_LE_2"
BONE 16 8 "J_Sleave_Reshape_Top_LE_3"
BONE 17 9 "J_Sleave_Reshape_Top_RI_1"
BONE 18 9 "J_Sleave_Reshape_Top_RI_2"
BONE 19 9 "J_Sleave_Reshape_Top_RI_3"
BONE 20 8 "J_Wrist_LE"
BONE 21 9 "J_Wrist_RI"
BONE 22 8 "J_WristTwist_LE"
BONE 23 9 "J_WristTwist_RI"
BONE 24 10 "tag_camera"
BONE 25 20 "J_Index_LE_0"
BONE 26 21 "J_Index_RI_0"
BONE 27 20 "J_Mid_LE_0"
BONE 28 21 "J_Mid_RI_0"
BONE 29 20 "J_PinkyPalm_LE"
BONE 30 21 "J_PinkyPalm_RI"
BONE 31 20 "J_RingPalm_LE"
BONE 32 21 "J_RingPalm_RI"
BONE 33 20 "J_Thumb_LE_0"
BONE 34 21 "J_Thumb_RI_0"
BONE 35 20 "J_Webbing_LE"
BONE 36 21 "J_Webbing_RI"
BONE 37 25 "J_Index_LE_1"
BONE 38 26 "J_Index_RI_1"
BONE 39 27 "J_Mid_LE_1"
BONE 40 28 "J_Mid_RI_1"
BONE 41 29 "J_Pinky_LE_0"
BONE 42 30 "J_Pinky_RI_0"
BONE 43 31 "J_Ring_LE_0"
BONE 44 32 "J_Ring_RI_0"
BONE 45 33 "J_Thumb_LE_1"
BONE 46 34 "J_Thumb_RI_1"
BONE 47 37 "J_Index_LE_2"
BONE 48 38 "J_Index_RI_2"
BONE 49 39 "J_Mid_LE_2"
BONE 50 40 "J_Mid_RI_2"
BONE 51 41 "J_Pinky_LE_1"
BONE 52 42 "J_Pinky_RI_1"
BONE 53 43 "J_Ring_LE_1"
BONE 54 44 "J_Ring_RI_1"
BONE 55 45 "J_Thumb_LE_2"
BONE 56 46 "J_Thumb_RI_2"
BONE 57 51 "J_Pinky_LE_2"
BONE 58 52 "J_Pinky_RI_2"
BONE 59 53 "J_Ring_LE_2"
BONE 60 54 "J_Ring_RI_2"

BONE 0
OFFSET 0.000000, 0.000000, 0.000000
SCALE 1.000000, 1.000000, 1.000000
X 1.000000, 0.000000, 0.000000
Y 0.000000, 1.000000, 0.000000
Z 0.000000, 0.000000, 1.000000

BONE 1
OFFSET 0.000000, 0.000000, 0.000000
SCALE 1.000000, 1.000000, 1.000000
X -1.000000, 0.000000, 0.000000
Y -0.000000, -1.000000, 0.000000
Z 0.000000, 0.000000, 1.000000

BONE 2
OFFSET -4.631834, 0.000000, 58.622833
SCALE 1.000000, 1.000000, 1.000000
X 1.000000, 0.000000, 0.000000
Y 0.000000, 1.000000, 0.000000
Z 0.000000, 0.000000, 1.000000

BONE 3
OFFSET -3.506030, 7.937290, 56.812878
SCALE 1.000000, 1.000000, 1.000000
X 0.472986, 0.011374, -0.880996
Y 0.446745, -0.864941, 0.228681
Z -0.759409, -0.501744, -0.414187

BONE 4
OFFSET -3.506032, -7.937284, 56.812881
SCALE 1.000000, 1.000000, 1.000000
X -0.472986, 0.011374, 0.880996
Y -0.446745, -0.864941, -0.228681
Z 0.759409, -0.501744, 0.414187

BONE 5
OFFSET 0.000000, 0.000000, 59.999790
SCALE 1.000000, 1.000000, 1.000000
X 1.000000, 0.000000, 0.000000
Y 0.000000, 1.000000, 0.000000
Z 0.000000, 0.000000, 1.000000

BONE 6
OFFSET 10.527968, 0.000000, 51.870113
SCALE 1.000000, 1.000000, 1.000000
X 1.000000, 0.000000, 0.000000
Y 0.000000, 1.000000, 0.000000
Z 0.000000, 0.000000, 1.000000

BONE 7
OFFSET 10.527968, 0.000000, 51.870113
SCALE 1.000000, 1.000000, 1.000000
X 1.000000, 0.000000, 0.000000
Y 0.000000, 1.000000, 0.000000
Z 0.000000, 0.000000, 1.000000

BONE 8
OFFSET 2.214219, 8.074842, 46.158195
SCALE 1.000000, 1.000000, 1.000000
X 0.999978, -0.002833, 0.005930
Y -0.005970, -0.014367, 0.999879
Z -0.002747, -0.999893, -0.014384

BONE 9
OFFSET 2.214221, -8.074842, 46.158215
SCALE 1.000000, 1.000000, 1.000000
X -0.999978, -0.002833, -0.005930
Y 0.005970, -0.014367, -0.999879
Z 0.002747, -0.999893, 0.014384

BONE 10
OFFSET 0.000000, 0.000000, 59.999790
SCALE 1.000000, 1.000000, 1.000000
X 1.000000, 0.000000, 0.000000
Y 0.000000, 1.000000, 0.000000
Z 0.000000, 0.000000, 1.000000

BONE 11
OFFSET 0.000000, 0.000000, 0.000000
SCALE 1.000000, 1.000000, 1.000000
X 1.000000, 0.000000, 0.000000
Y 0.000000, 1.000000, 0.000000
Z 0.000000, 0.000000, 1.000000

BONE 12
OFFSET 12.125037, 8.958635, 45.173817
SCALE 1.000000, 1.000000, 1.000000
X 1.000000, 0.000000, 0.000000
Y 0.000000, 1.000000, 0.000000
Z 0.000000, 0.000000, 1.000000

BONE 13
OFFSET 11.739065, 7.335669, 44.948719
SCALE 1.000000, 1.000000, 1.000000
X 1.000000, 0.000000, 0.000000
Y 0.000000, 1.000000, 0.000000
Z 0.000000, 0.000000, 1.000000

BONE 14
OFFSET 12.634503, 8.810233, 47.714413
SCALE 1.000000, 1.000000, 1.000000
X 1.000000, 0.000000, 0.000000
Y 0.000000, 1.000000, 0.000000
Z 0.000000, 0.000000, 1.000000

BONE 15
OFFSET 12.530005, 7.482795, 47.910583
SCALE 1.000000, 1.000000, 1.000000
X 1.000000, 0.000000, 0.000000
Y 0.000000, 1.000000, 0.000000
Z 0.000000, 0.000000, 1.000000

BONE 16
OFFSET 12.149994, 6.891432, 46.940243
SCALE 1.000000, 1.000000, 1.000000
X 1.000000, 0.000000, 0.000000
Y 0.000000, 1.000000, 0.000000
Z 0.000000, 0.000000, 1.000000

BONE 17
OFFSET 12.634488, -8.810236, 47.714397
SCALE 1.000000, 1.000000, 1.000000
X -1.000000, 0.000000, -0.000000
Y 0.000000, 1.000000, 0.000000
Z 0.000000, 0.000000, -1.000000

BONE 18
OFFSET 12.530000, -7.482795, 47.910576
SCALE 1.000000, 1.000000, 1.000000
X -1.000000, 0.000000, -0.000000
Y 0.000000, 1.000000, 0.000000
Z 0.000000, 0.000000, -1.000000

BONE 19
OFFSET 12.150000, -6.891418, 46.940224
SCALE 1.000000, 1.000000, 1.000000
X -1.000000, 0.000000, -0.000000
Y 0.000000, 1.000000, 0.000000
Z 0.000000, 0.000000, -1.000000

BONE 20
OFFSET 13.785073, 8.042067, 46.226818
SCALE 1.000000, 1.000000, 1.000000
X 0.996700, -0.023076, 0.077825
Y -0.077652, 0.008297, 0.996946
Z -0.023651, -0.999699, 0.006478

BONE 21
OFFSET 13.785079, -8.042048, 46.226837
SCALE 1.000000, 1.000000, 1.000000
X -0.996700, -0.023076, -0.077825
Y 0.077652, 0.008297, -0.996946
Z 0.023651, -0.999699, -0.006478

BONE 22
OFFSET 10.719465, 8.050750, 46.208637
SCALE 1.000000, 1.000000, 1.000000
X 0.999978, -0.002833, 0.005930
Y -0.005970, -0.014367, 0.999879
Z -0.002747, -0.999893, -0.014384

BONE 23
OFFSET 10.719449, -8.050748, 46.208649
SCALE 1.000000, 1.000000, 1.000000
X -0.999978, -0.002833, -0.005930
Y 0.005970, -0.014367, -0.999879
Z 0.002747, -0.999893, 0.014384

BONE 24
OFFSET 0.000000, 0.000000, 59.999790
SCALE 1.000000, 1.000000, 1.000000
X 1.000000, 0.000000, 0.000000
Y 0.000000, 1.000000, 0.000000
Z 0.000000, 0.000000, 1.000000

BONE 25
OFFSET 17.618980, 8.329933, 47.279575
SCALE 1.000000, 1.000000, 1.000000
X 0.770359, -0.621881, 0.140748
Y -0.611755, -0.783111, -0.111771
Z 0.179730, 0.000000, -0.983716

BONE 26
OFFSET 17.618977, -8.329922, 47.279591
SCALE 1.000000, 1.000000, 1.000000
X -0.770359, -0.621881, -0.140748
Y 0.611755, -0.783111, 0.111771
Z -0.179730, -0.000000, 0.983716

BONE 27
OFFSET 17.592691, 8.144073, 46.190903
SCALE 1.000000, 1.000000, 1.000000
X 0.786575, -0.616967, 0.025504
Y -0.616643, -0.786989, -0.019994
Z 0.032407, 0.000000, -0.999475

BONE 28
OFFSET 17.592678, -8.144055, 46.190891
SCALE 1.000000, 1.000000, 1.000000
X -0.786575, -0.616967, -0.025504
Y 0.616643, -0.786989, 0.019994
Z -0.032407, -0.000000, 0.999475

BONE 29
OFFSET 14.706850, 7.811601, 45.226501
SCALE 1.000000, 1.000000, 1.000000
X 0.860527, -0.066586, -0.505035
Y -0.090728, -0.995602, -0.023327
Z -0.501261, 0.065894, -0.862784

BONE 30
OFFSET 14.706850, -7.811614, 45.226482
SCALE 1.000000, 1.000000, 1.000000
X -0.860527, -0.066586, 0.505035
Y 0.090728, -0.995602, 0.023327
Z 0.501261, 0.065894, 0.862784

BONE 31
OFFSET 14.877762, 7.951642, 45.905254
SCALE 1.000000, 1.000000, 1.000000
X 0.972219, -0.030530, -0.232073
Y -0.040633, -0.998417, -0.038880
Z -0.230519, 0.047230, -0.971921

BONE 32
OFFSET 14.877756, -7.951653, 45.905262
SCALE 1.000000, 1.000000, 1.000000
X -0.972219, -0.030530, 0.232073
Y 0.040633, -0.998417, 0.038880
Z 0.230519, 0.047230, 0.971921

BONE 33
OFFSET 14.148777, 7.629210, 47.226578
SCALE 1.000000, 1.000000, 1.000000
X 0.614049, -0.475564, 0.629907
Y -0.500882, 0.381986, 0.776662
Z -0.609968, -0.792418, -0.003644

BONE 34
OFFSET 14.148780, -7.629212, 47.226563
SCALE 1.000000, 1.000000, 1.000000
X -0.614049, -0.475564, -0.629907
Y 0.500882, 0.381986, -0.776662
Z 0.609968, -0.792418, 0.003644

BONE 35
OFFSET 16.721630, 7.448270, 48.053139
SCALE 1.000000, 1.000000, 1.000000
X 0.946229, -0.301294, -0.117786
Y 0.309193, 0.949386, 0.055376
Z 0.095139, -0.088817, 0.991494

BONE 36
OFFSET 9.583885, -8.680950, 46.742489
SCALE 1.000000, 1.000000, 1.000000
X -0.946229, -0.301294, 0.117786
Y -0.309193, 0.949386, -0.055376
Z -0.095139, -0.088817, -0.991494

BONE 37
OFFSET 18.975315, 7.235017, 47.527382
SCALE 1.000000, 1.000000, 1.000000
X 0.426042, -0.903354, 0.049392
Y -0.880239, -0.426513, -0.208005
Z 0.208969, 0.045142, -0.976880

BONE 38
OFFSET 18.975315, -7.235000, 47.527390
SCALE 1.000000, 1.000000, 1.000000
X -0.426042, -0.903354, -0.049392
Y 0.880239, -0.426513, 0.208005
Z -0.208969, 0.045142, 0.976880

BONE 39
OFFSET 19.129311, 6.938792, 46.240723
SCALE 1.000000, 1.000000, 1.000000
X 0.028169, -0.999543, -0.010950
Y -0.999561, -0.028267, 0.008848
Z -0.009153, 0.010696, -0.999901

BONE 40
OFFSET 19.129292, -6.938779, 46.240734
SCALE 1.000000, 1.000000, 1.000000
X -0.028169, -0.999543, 0.010950
Y 0.999561, -0.028267, -0.008848
Z 0.009153, 0.010696, 0.999901

BONE 41
OFFSET 16.702198, 7.530317, 44.214565
SCALE 1.000000, 1.000000, 1.000000
X 0.856282, -0.436541, -0.276069
Y -0.415481, -0.899684, 0.133953
Z -0.306851, 0.000000, -0.951758

BONE 42
OFFSET 16.702206, -7.530315, 44.214554
SCALE 1.000000, 1.000000, 1.000000
X -0.856282, -0.436541, 0.276069
Y 0.415481, -0.899684, -0.133953
Z 0.306851, -0.000000, 0.951758

BONE 43
OFFSET 17.367678, 7.901457, 45.159435
SCALE 1.000000, 1.000000, 1.000000
X 0.831745, -0.508839, -0.221999
Y -0.491628, -0.860862, 0.131219
Z -0.257880, 0.000000, -0.966177

BONE 44
OFFSET 17.367678, -7.901457, 45.159435
SCALE 1.000000, 1.000000, 1.000000
X -0.831745, -0.508839, 0.221999
Y 0.491628, -0.860862, -0.131219
Z 0.257880, -0.000000, 0.966177

BONE 45
OFFSET 15.389911, 6.597012, 48.663181
SCALE 1.000000, 1.000000, 1.000000
X 0.914596, -0.402924, 0.034161
Y -0.078983, -0.095150, 0.992325
Z -0.396581, -0.910274, -0.118848

BONE 46
OFFSET 15.389921, -6.597008, 48.663174
SCALE 1.000000, 1.000000, 1.000000
X -0.914596, -0.402924, -0.034161
Y 0.078983, -0.095150, -0.992325
Z 0.396581, -0.910274, 0.118848

BONE 47
OFFSET 19.480556, 6.134072, 47.646774
SCALE 1.000000, 1.000000, 1.000000
X 0.139847, -0.988437, 0.058612
Y -0.965352, -0.149273, -0.214039
Z 0.220313, -0.026648, -0.975065

BONE 48
OFFSET 19.480551, -6.134055, 47.646759
SCALE 1.000000, 1.000000, 1.000000
X -0.139847, -0.988437, -0.058612
Y 0.965352, -0.149273, 0.214039
Z -0.220313, -0.026648, 0.975065

BONE 49
OFFSET 19.170456, 5.478823, 46.224731
SCALE 1.000000, 1.000000, 1.000000
X -0.530249, -0.847838, 0.002716
Y -0.845552, 0.529049, 0.071753
Z -0.062271, 0.035750, -0.997419

BONE 50
OFFSET 19.170473, -5.478819, 46.224712
SCALE 1.000000, 1.000000, 1.000000
X 0.530249, -0.847838, -0.002716
Y 0.845552, 0.529049, -0.071753
Z 0.062271, 0.035750, 0.997419

BONE 51
OFFSET 17.914511, 6.912269, 43.823708
SCALE 1.000000, 1.000000, 1.000000
X 0.129509, -0.990999, -0.033881
Y -0.958733, -0.133868, 0.250818
Z -0.253096, 0.000000, -0.967441

BONE 52
OFFSET 17.914528, -6.912283, 43.823727
SCALE 1.000000, 1.000000, 1.000000
X -0.129509, -0.990999, 0.033881
Y 0.958733, -0.133868, -0.250818
Z 0.253096, -0.000000, 0.967441

BONE 53
OFFSET 18.783724, 7.035159, 44.781483
SCALE 1.000000, 1.000000, 1.000000
X 0.018696, -0.999823, 0.001993
Y -0.972646, -0.017726, 0.231616
Z -0.231540, -0.006269, -0.972805

BONE 54
OFFSET 18.783741, -7.035158, 44.781483
SCALE 1.000000, 1.000000, 1.000000
X -0.018696, -0.999823, -0.001993
Y 0.972646, -0.017726, -0.231616
Z 0.231540, -0.006269, 0.972805

BONE 55
OFFSET 16.826696, 5.850290, 48.645824
SCALE 1.000000, 1.000000, 1.000000
X 0.780284, -0.439636, -0.444835
Y 0.353937, -0.276002, 0.893617
Z -0.515641, -0.854718, -0.059757

BONE 56
OFFSET 16.826693, -5.850276, 48.645813
SCALE 1.000000, 1.000000, 1.000000
X -0.780284, -0.439636, 0.444835
Y -0.353937, -0.276002, -0.893617
Z 0.515641, -0.854718, 0.059757

BONE 57
OFFSET 18.029337, 6.033617, 43.793671
SCALE 1.000000, 1.000000, 1.000000
X -0.508594, -0.843981, 0.170374
Y -0.800272, 0.536372, 0.268083
Z -0.317641, -0.000000, -0.948211

BONE 58
OFFSET 18.029331, -6.033622, 43.793686
SCALE 1.000000, 1.000000, 1.000000
X 0.508594, -0.843981, -0.170374
Y 0.800272, 0.536372, -0.268083
Z 0.317641, -0.000000, 0.948211

BONE 59
OFFSET 18.809635, 5.649475, 44.784245
SCALE 1.000000, 1.000000, 1.000000
X -0.560939, -0.817051, 0.133323
Y -0.794907, 0.576565, 0.188932
Z -0.231237, 0.000000, -0.972898

BONE 60
OFFSET 18.809647, -5.649488, 44.784237
SCALE 1.000000, 1.000000, 1.000000
X 0.560939, -0.817051, -0.133323
Y 0.794907, 0.576565, -0.188932
Z 0.231237, 0.000000, 0.972898

NUMVERTS 4331
VERT 0
OFFSET 12.751650, -7.322775, 47.150093
BONES 2
BONE 23 0.906316
BONE 21 0.093684

VERT 1
OFFSET 12.296650, -7.375638, 47.216225
BONES 2
BONE 23 0.949608
BONE 21 0.050392

VERT 2
OFFSET 12.214117, -7.615461, 47.521446
BONES 2
BONE 23 0.950980
BONE 21 0.049020

VERT 3
OFFSET 12.663758, -7.569471, 47.504425
BONES 2
BONE 23 0.891890
BONE 21 0.108110

VERT 4
OFFSET 12.364261, -7.211523, 46.876278
BONES 2
BONE 23 0.954314
BONE 21 0.045686

VERT 5
OFFSET 12.795555, -7.187867, 46.795517
BONES 2
BONE 23 0.893795
BONE 21 0.106205

VERT 6
OFFSET 12.638205, -7.831728, 47.698540
BONES 2
BONE 23 0.889702
BONE 21 0.110298

VERT 7
OFFSET 12.168490, -7.885224, 47.709587
BONES 2
BONE 23 0.950392
BONE 21 0.049608

VERT 8
OFFSET 12.091452, -8.348773, 47.877869
BONES 1
BONE 23 1.000000

VERT 9
OFFSET 12.611366, -8.240692, 47.878654
BONES 2
BONE 23 0.973924
BONE 21 0.026076

VERT 10
OFFSET 12.834752, -7.105446, 46.385452
BONES 2
BONE 23 0.869238
BONE 21 0.130762

VERT 11
OFFSET 12.404144, -7.101715, 46.469383
BONES 2
BONE 23 0.965882
BONE 21 0.034118

VERT 12
OFFSET 12.013179, -8.884666, 47.682434
BONES 1
BONE 23 1.000000

VERT 13
OFFSET 12.637016, -8.740606, 47.725655
BONES 1
BONE 23 1.000000

VERT 14
OFFSET 12.865022, -7.105875, 45.932667
BONES 2
BONE 23 0.852547
BONE 21 0.147453

VERT 15
OFFSET 12.442947, -7.089427, 46.027027
BONES 2
BONE 23 0.995490
BONE 21 0.004510

VERT 16
OFFSET 11.977131, -9.278101, 47.227203
BONES 1
BONE 23 1.000000

VERT 17
OFFSET 12.624412, -9.158297, 47.316910
BONES 1
BONE 23 1.000000

VERT 18
OFFSET 12.510807, -7.391055, 45.099884
BONES 1
BONE 23 1.000000

VERT 19
OFFSET 12.485972, -7.178187, 45.573997
BONES 1
BONE 23 1.000000

VERT 20
OFFSET 12.924774, -7.170152, 45.503822
BONES 2
BONE 23 0.853317
BONE 21 0.146683

VERT 21
OFFSET 12.973243, -7.397368, 45.042664
BONES 2
BONE 23 0.889781
BONE 21 0.110219

VERT 22
OFFSET 12.037251, -9.470969, 46.592815
BONES 1
BONE 23 1.000000

VERT 23
OFFSET 12.691591, -9.395029, 46.753769
BONES 2
BONE 23 0.990484
BONE 21 0.009516

VERT 24
OFFSET 12.467566, -7.782765, 44.766842
BONES 1
BONE 23 1.000000

VERT 25
OFFSET 12.965479, -7.750065, 44.765488
BONES 2
BONE 23 0.892044
BONE 21 0.107956

VERT 26
OFFSET 12.213680, -9.351525, 45.855679
BONES 1
BONE 23 1.000000

VERT 27
OFFSET 12.772625, -9.353276, 46.154800
BONES 2
BONE 23 0.986491
BONE 21 0.013509

VERT 28
OFFSET 12.540844, -8.603609, 44.769608
BONES 1
BONE 23 1.000000

VERT 29
OFFSET 12.181042, -8.471810, 44.719662
BONES 1
BONE 23 1.000000

VERT 30
OFFSET 12.642082, -8.200115, 44.708729
BONES 2
BONE 23 0.967032
BONE 21 0.032968

VERT 31
OFFSET 12.453890, -9.014907, 45.121334
BONES 1
BONE 23 1.000000

VERT 32
OFFSET 12.518234, -9.223605, 45.599281
BONES 1
BONE 23 1.000000

VERT 33
OFFSET 12.136950, -9.026607, 45.084572
BONES 2
BONE 23 0.986224
BONE 21 0.013776

VERT 34
OFFSET 12.936190, -8.177316, 44.741341
BONES 2
BONE 23 0.963599
BONE 21 0.036401

VERT 35
OFFSET 12.861249, -9.188921, 45.663929
BONES 2
BONE 23 0.995277
BONE 21 0.004723

VERT 36
OFFSET 12.857184, -8.975582, 45.166157
BONES 1
BONE 23 1.000000

VERT 37
OFFSET 12.906786, -8.595967, 44.823208
BONES 2
BONE 23 0.963865
BONE 21 0.036135

VERT 38
OFFSET 9.654240, -7.168676, 47.125320
BONES 1
BONE 23 1.000000

VERT 39
OFFSET 8.623362, -7.107778, 47.216923
BONES 1
BONE 23 1.000000

VERT 40
OFFSET 8.617707, -7.460835, 47.618980
BONES 1
BONE 23 1.000000

VERT 41
OFFSET 9.631597, -7.466308, 47.507885
BONES 1
BONE 23 1.000000

VERT 42
OFFSET 9.615595, -6.921314, 46.677784
BONES 1
BONE 23 1.000000

VERT 43
OFFSET 8.534587, -6.806786, 46.731586
BONES 1
BONE 23 1.000000

VERT 44
OFFSET 9.507334, -6.746118, 46.122128
BONES 1
BONE 23 1.000000

VERT 45
OFFSET 8.388904, -6.603357, 46.109364
BONES 1
BONE 23 1.000000

VERT 46
OFFSET 9.387414, -6.774992, 45.513981
BONES 1
BONE 23 1.000000

VERT 47
OFFSET 8.208595, -6.652718, 45.442001
BONES 1
BONE 23 1.000000

VERT 48
OFFSET 9.298912, -7.095720, 44.893669
BONES 1
BONE 23 1.000000

VERT 49
OFFSET 8.050676, -7.005328, 44.756374
BONES 1
BONE 23 1.000000

VERT 50
OFFSET 9.198717, -7.722160, 44.433586
BONES 1
BONE 23 1.000000

VERT 51
OFFSET 7.912683, -7.638603, 44.294575
BONES 1
BONE 23 1.000000

VERT 52
OFFSET 9.072062, -8.494905, 44.355953
BONES 1
BONE 23 1.000000

VERT 53
OFFSET 7.772552, -8.494027, 44.204315
BONES 1
BONE 23 1.000000

VERT 54
OFFSET 8.990503, -9.153264, 44.666920
BONES 1
BONE 23 1.000000

VERT 55
OFFSET 7.681762, -9.182800, 44.518383
BONES 1
BONE 23 1.000000

VERT 56
OFFSET 8.931307, -9.661532, 45.296520
BONES 1
BONE 23 1.000000

VERT 57
OFFSET 7.588910, -9.764476, 45.141182
BONES 1
BONE 23 1.000000

VERT 58
OFFSET 8.909293, -9.846608, 46.098888
BONES 1
BONE 23 1.000000

VERT 59
OFFSET 7.578049, -9.986241, 45.961487
BONES 1
BONE 23 1.000000

VERT 60
OFFSET 8.955770, -9.783270, 46.873825
BONES 1
BONE 23 1.000000

VERT 61
OFFSET 7.674619, -9.966979, 46.750626
BONES 1
BONE 23 1.000000

VERT 62
OFFSET 9.107486, -9.456357, 47.539627
BONES 1
BONE 23 1.000000

VERT 63
OFFSET 7.921901, -9.684630, 47.484653
BONES 1
BONE 23 1.000000

VERT 64
OFFSET 9.308001, -8.903959, 47.922234
BONES 1
BONE 23 1.000000

VERT 65
OFFSET 8.213843, -9.118989, 47.995556
BONES 1
BONE 23 1.000000

VERT 66
OFFSET 9.468902, -8.329082, 47.981468
BONES 1
BONE 23 1.000000

VERT 67
OFFSET 8.426552, -8.469134, 48.129818
BONES 1
BONE 23 1.000000

VERT 68
OFFSET 9.577181, -7.843706, 47.810654
BONES 1
BONE 23 1.000000

VERT 69
OFFSET 8.565886, -7.903776, 47.948669
BONES 1
BONE 23 1.000000

VERT 70
OFFSET 6.767998, -9.885757, 47.439285
BONES 1
BONE 23 1.000000

VERT 71
OFFSET 6.399549, -10.109779, 46.631466
BONES 1
BONE 23 1.000000

VERT 72
OFFSET 7.382948, -8.591189, 48.253441
BONES 1
BONE 23 1.000000

VERT 73
OFFSET 7.123734, -9.315803, 48.047630
BONES 1
BONE 23 1.000000

VERT 74
OFFSET 6.378596, -9.190016, 44.414619
BONES 1
BONE 23 1.000000

VERT 75
OFFSET 6.437878, -8.467216, 44.098209
BONES 1
BONE 23 1.000000

VERT 76
OFFSET 6.596663, -7.603850, 44.182400
BONES 1
BONE 23 1.000000

VERT 77
OFFSET 6.248095, -9.790097, 45.028679
BONES 1
BONE 23 1.000000

VERT 78
OFFSET 7.611106, -7.038809, 47.305939
BONES 1
BONE 23 1.000000

VERT 79
OFFSET 7.603721, -7.440063, 47.728321
BONES 1
BONE 23 1.000000

VERT 80
OFFSET 7.279934, -6.456435, 46.063175
BONES 1
BONE 23 1.000000

VERT 81
OFFSET 7.498911, -6.674496, 46.758617
BONES 1
BONE 23 1.000000

VERT 82
OFFSET 6.746726, -6.940683, 44.667805
BONES 1
BONE 23 1.000000

VERT 83
OFFSET 7.022931, -6.517252, 45.373360
BONES 1
BONE 23 1.000000

VERT 84
OFFSET 2.324894, -9.831739, 47.533169
BONES 3
BONE 4 0.160808
BONE 9 0.544682
BONE 23 0.294510

VERT 85
OFFSET 1.794604, -9.749459, 47.650154
BONES 2
BONE 4 0.499451
BONE 9 0.500549

VERT 86
OFFSET 1.180089, -9.710731, 46.940029
BONES 2
BONE 4 0.416952
BONE 9 0.583048

VERT 87
OFFSET 1.836552, -9.818817, 46.697002
BONES 3
BONE 4 0.024944
BONE 9 0.687605
BONE 23 0.287451

VERT 88
OFFSET 1.253991, -9.343115, 45.214020
BONES 3
BONE 4 0.152479
BONE 9 0.588698
BONE 23 0.258824

VERT 89
OFFSET 1.671795, -9.488068, 45.137943
BONES 3
BONE 4 0.048994
BONE 9 0.492183
BONE 23 0.458824

VERT 90
OFFSET 1.619460, -9.529442, 45.552219
BONES 3
BONE 4 0.054340
BONE 9 0.564876
BONE 23 0.380784

VERT 91
OFFSET 1.031406, -9.437502, 45.662582
BONES 3
BONE 4 0.225711
BONE 9 0.684878
BONE 23 0.089412

VERT 92
OFFSET 3.023890, -9.079025, 44.463135
BONES 1
BONE 23 1.000000

VERT 93
OFFSET 2.253030, -9.131762, 44.441753
BONES 2
BONE 9 0.305907
BONE 23 0.694093

VERT 94
OFFSET 2.218038, -8.740880, 44.178780
BONES 3
BONE 4 0.062299
BONE 9 0.280839
BONE 23 0.656863

VERT 95
OFFSET 2.245043, -8.240525, 44.176731
BONES 3
BONE 4 0.086166
BONE 9 0.329520
BONE 23 0.584314

VERT 96
OFFSET 1.512946, -8.154905, 44.264133
BONES 3
BONE 4 0.134612
BONE 9 0.561466
BONE 23 0.303922

VERT 97
OFFSET 1.693793, -7.662293, 44.580864
BONES 3
BONE 4 0.152777
BONE 9 0.560165
BONE 23 0.287059

VERT 98
OFFSET 2.163446, -7.712011, 44.498337
BONES 3
BONE 4 0.113037
BONE 9 0.386963
BONE 23 0.500000

VERT 99
OFFSET 2.632520, -6.369781, 46.859356
BONES 2
BONE 4 0.294527
BONE 9 0.705473

VERT 100
OFFSET 2.416388, -6.224566, 46.202038
BONES 2
BONE 4 0.056690
BONE 9 0.943310

VERT 101
OFFSET 1.926769, -6.170483, 46.497196
BONES 2
BONE 4 0.353290
BONE 9 0.646710

VERT 102
OFFSET 2.323829, -6.307312, 47.052486
BONES 2
BONE 4 0.520327
BONE 9 0.479673

VERT 103
OFFSET 2.919132, -6.889295, 47.575199
BONES 2
BONE 4 0.427734
BONE 9 0.572266

VERT 104
OFFSET 3.112773, -7.451457, 48.030319
BONES 2
BONE 4 0.575281
BONE 9 0.424719

VERT 105
OFFSET 3.389594, -7.469229, 47.890331
BONES 3
BONE 4 0.258756
BONE 9 0.544283
BONE 23 0.196961

VERT 106
OFFSET 3.274455, -6.935702, 47.415047
BONES 3
BONE 4 0.074284
BONE 9 0.736577
BONE 23 0.189138

VERT 107
OFFSET 2.905605, -8.844370, 48.551647
BONES 2
BONE 4 0.629953
BONE 9 0.370047

VERT 108
OFFSET 2.437963, -9.437363, 48.260975
BONES 2
BONE 4 0.585023
BONE 9 0.414977

VERT 109
OFFSET 2.858269, -9.424866, 48.180840
BONES 3
BONE 4 0.229300
BONE 9 0.476190
BONE 23 0.294510

VERT 110
OFFSET 3.210990, -8.779365, 48.413624
BONES 3
BONE 4 0.275866
BONE 9 0.533131
BONE 23 0.191003

VERT 111
OFFSET 1.340023, -9.696967, 48.159103
BONES 2
BONE 4 0.834360
BONE 9 0.165640

VERT 112
OFFSET 0.879557, -9.752794, 48.721664
BONES 1
BONE 4 1.000000

VERT 113
OFFSET 0.165794, -9.856181, 48.212017
BONES 1
BONE 4 1.000000

VERT 114
OFFSET 0.636321, -9.795258, 47.622074
BONES 2
BONE 4 0.837483
BONE 9 0.162517

VERT 115
OFFSET 2.036402, -9.471243, 48.624569
BONES 2
BONE 4 0.874378
BONE 9 0.125622

VERT 116
OFFSET 2.566169, -8.967228, 48.855679
BONES 2
BONE 4 0.884303
BONE 9 0.115697

VERT 117
OFFSET 2.153113, -9.116214, 49.426998
BONES 2
BONE 4 0.963226
BONE 9 0.036774

VERT 118
OFFSET 1.583813, -9.561234, 49.144558
BONES 2
BONE 4 0.970301
BONE 9 0.029699

VERT 119
OFFSET 2.835105, -7.614017, 48.619934
BONES 2
BONE 4 0.937325
BONE 9 0.062675

VERT 120
OFFSET 2.607280, -7.065393, 48.117645
BONES 2
BONE 4 0.898363
BONE 9 0.101637

VERT 121
OFFSET 2.261397, -6.882882, 48.969959
BONES 2
BONE 4 0.977856
BONE 9 0.022144

VERT 122
OFFSET 2.625102, -7.507774, 49.390385
BONES 1
BONE 4 1.000000

VERT 123
OFFSET 0.588887, -8.995201, 45.473728
BONES 2
BONE 4 0.319458
BONE 9 0.680542

VERT 124
OFFSET 0.168435, -9.005171, 46.014751
BONES 2
BONE 4 0.566320
BONE 9 0.433680

VERT 125
OFFSET 0.086601, -8.039955, 45.706543
BONES 2
BONE 4 0.586403
BONE 9 0.413597

VERT 126
OFFSET 0.585590, -8.173118, 45.126148
BONES 2
BONE 4 0.357023
BONE 9 0.642977

VERT 127
OFFSET 1.061946, -7.381104, 45.057697
BONES 2
BONE 4 0.214332
BONE 9 0.785668

VERT 128
OFFSET 0.442720, -7.151502, 45.731739
BONES 2
BONE 4 0.507430
BONE 9 0.492570

VERT 129
OFFSET 1.007200, -6.661500, 45.763374
BONES 2
BONE 4 0.530572
BONE 9 0.469428

VERT 130
OFFSET 1.500629, -6.832048, 45.171379
BONES 2
BONE 4 0.057481
BONE 9 0.942519

VERT 131
OFFSET 0.404624, -6.417600, 46.614304
BONES 2
BONE 4 0.832869
BONE 9 0.167131

VERT 132
OFFSET 1.022423, -6.235766, 46.836029
BONES 2
BONE 4 0.791021
BONE 9 0.208979

VERT 133
OFFSET 1.507249, -6.353632, 46.108528
BONES 2
BONE 4 0.433392
BONE 9 0.566608

VERT 134
OFFSET 2.314414, -6.575097, 47.656555
BONES 2
BONE 4 0.830198
BONE 9 0.169802

VERT 135
OFFSET 1.796548, -6.470836, 48.449478
BONES 1
BONE 4 1.000000

VERT 136
OFFSET 1.531733, -9.140716, 44.546520
BONES 3
BONE 4 0.096417
BONE 9 0.522406
BONE 23 0.381176

VERT 137
OFFSET 1.012016, -9.020591, 44.946507
BONES 3
BONE 4 0.243139
BONE 9 0.505880
BONE 23 0.250980

VERT 138
OFFSET 1.468553, -8.685630, 44.274658
BONES 3
BONE 4 0.104108
BONE 9 0.576676
BONE 23 0.319216

VERT 139
OFFSET 1.810183, -7.306437, 44.788181
BONES 3
BONE 4 0.157128
BONE 9 0.575813
BONE 23 0.267059

VERT 140
OFFSET 2.315479, -7.350392, 44.636917
BONES 3
BONE 4 0.117759
BONE 9 0.382241
BONE 23 0.500000

VERT 141
OFFSET 1.270727, -7.736721, 44.678532
BONES 3
BONE 4 0.176532
BONE 9 0.601899
BONE 23 0.221569

VERT 142
OFFSET 2.965617, -7.591555, 44.375019
BONES 1
BONE 23 1.000000

VERT 143
OFFSET 3.039465, -8.285711, 44.178467
BONES 1
BONE 23 1.000000

VERT 144
OFFSET 2.824676, -9.469020, 44.999702
BONES 1
BONE 23 1.000000

VERT 145
OFFSET 2.154506, -9.439877, 45.044418
BONES 2
BONE 9 0.318273
BONE 23 0.681727

VERT 146
OFFSET 6.240058, -10.087274, 45.862820
BONES 1
BONE 23 1.000000

VERT 147
OFFSET 2.138638, -9.462919, 45.387527
BONES 2
BONE 9 0.321152
BONE 23 0.678848

VERT 148
OFFSET 3.669118, -9.953714, 47.479393
BONES 1
BONE 23 1.000000

VERT 149
OFFSET 2.839453, -9.891360, 47.477932
BONES 3
BONE 4 0.054267
BONE 9 0.433184
BONE 23 0.512549

VERT 150
OFFSET 2.373740, -9.949487, 46.527187
BONES 3
BONE 4 0.013570
BONE 9 0.486430
BONE 23 0.500000

VERT 151
OFFSET 3.252434, -10.106071, 46.404919
BONES 1
BONE 23 1.000000

VERT 152
OFFSET 3.578672, -8.741335, 48.389729
BONES 3
BONE 4 0.091515
BONE 9 0.408464
BONE 23 0.500021

VERT 153
OFFSET 3.291287, -9.412760, 48.165546
BONES 3
BONE 4 0.058118
BONE 9 0.396000
BONE 23 0.545882

VERT 154
OFFSET 4.051097, -9.390916, 48.172554
BONES 1
BONE 23 1.000000

VERT 155
OFFSET 4.318585, -8.679510, 48.390427
BONES 1
BONE 23 1.000000

VERT 156
OFFSET 3.621001, -7.009894, 47.375439
BONES 3
BONE 4 0.042796
BONE 9 0.457051
BONE 23 0.500153

VERT 157
OFFSET 3.736061, -7.473018, 47.811207
BONES 3
BONE 4 0.050599
BONE 9 0.449156
BONE 23 0.500244

VERT 158
OFFSET 4.462188, -7.427774, 47.763577
BONES 1
BONE 23 1.000000

VERT 159
OFFSET 4.418585, -7.002127, 47.342499
BONES 1
BONE 23 1.000000

VERT 160
OFFSET 3.190108, -6.314503, 45.942654
BONES 3
BONE 4 0.052735
BONE 9 0.447265
BONE 23 0.500000

VERT 161
OFFSET 3.392106, -6.517424, 46.672173
BONES 3
BONE 4 0.033571
BONE 9 0.466429
BONE 23 0.500000

VERT 162
OFFSET 4.221929, -6.500956, 46.691338
BONES 1
BONE 23 1.000000

VERT 163
OFFSET 3.961632, -6.319301, 45.918400
BONES 1
BONE 23 1.000000

VERT 164
OFFSET 3.279562, -6.900471, 44.683987
BONES 1
BONE 23 1.000000

VERT 165
OFFSET 2.524862, -6.957813, 44.768578
BONES 3
BONE 4 0.091341
BONE 9 0.408659
BONE 23 0.500000

VERT 166
OFFSET 2.898561, -6.484792, 45.284794
BONES 3
BONE 4 0.059121
BONE 9 0.440879
BONE 23 0.500000

VERT 167
OFFSET 3.628443, -6.467209, 45.242287
BONES 1
BONE 23 1.000000

VERT 168
OFFSET 2.174600, -9.719378, 45.940315
BONES 2
BONE 9 0.394643
BONE 23 0.605357

VERT 169
OFFSET 3.022101, -9.805480, 45.774647
BONES 1
BONE 23 1.000000

VERT 170
OFFSET 1.595882, -9.634062, 46.097321
BONES 3
BONE 4 0.064944
BONE 9 0.653879
BONE 23 0.281176

VERT 171
OFFSET 0.051002, -9.535586, 47.127777
BONES 2
BONE 4 0.914506
BONE 9 0.085494

VERT 172
OFFSET 0.804213, -9.586607, 46.337616
BONES 2
BONE 4 0.370000
BONE 9 0.630000

VERT 173
OFFSET -0.417403, -8.903553, 46.685402
BONES 2
BONE 4 0.962911
BONE 9 0.037089

VERT 174
OFFSET -0.393177, -7.867248, 46.359234
BONES 2
BONE 4 0.988026
BONE 9 0.011974

VERT 175
OFFSET -0.077361, -6.924123, 46.368950
BONES 2
BONE 4 0.929403
BONE 9 0.070597

VERT 176
OFFSET 0.929192, -6.108077, 47.873741
BONES 2
BONE 4 0.966244
BONE 9 0.033756

VERT 177
OFFSET 1.384633, -6.189336, 48.093349
BONES 2
BONE 4 0.974912
BONE 9 0.025088

VERT 178
OFFSET 1.934495, -6.271832, 47.306870
BONES 2
BONE 4 0.848150
BONE 9 0.151850

VERT 179
OFFSET 1.446078, -6.180873, 47.059624
BONES 2
BONE 4 0.787505
BONE 9 0.212495

VERT 180
OFFSET -0.451479, -9.511654, 47.719128
BONES 1
BONE 4 1.000000

VERT 181
OFFSET -0.886989, -8.766003, 47.295101
BONES 1
BONE 4 1.000000

VERT 182
OFFSET -0.906200, -7.707485, 47.024197
BONES 1
BONE 4 1.000000

VERT 183
OFFSET -0.588045, -6.781145, 47.065514
BONES 1
BONE 4 1.000000

VERT 184
OFFSET -0.106865, -6.286409, 47.355606
BONES 2
BONE 4 0.965841
BONE 9 0.034159

VERT 185
OFFSET 0.475961, -6.146739, 47.622623
BONES 1
BONE 4 1.000000

VERT 186
OFFSET 7.560547, -7.945778, 48.080132
BONES 1
BONE 23 1.000000

VERT 187
OFFSET 3.715785, -8.059708, 48.181873
BONES 3
BONE 4 0.065412
BONE 9 0.434469
BONE 23 0.500119

VERT 188
OFFSET 4.496203, -7.983691, 48.152622
BONES 1
BONE 23 1.000000

VERT 189
OFFSET 3.125693, -8.166668, 48.394077
BONES 2
BONE 4 0.552134
BONE 9 0.447866

VERT 190
OFFSET 3.408990, -8.095767, 48.251312
BONES 3
BONE 4 0.259806
BONE 9 0.484040
BONE 23 0.256154

VERT 191
OFFSET 2.863424, -8.134282, 48.907150
BONES 2
BONE 4 0.955125
BONE 9 0.044875

VERT 192
OFFSET 2.616227, -8.298529, 49.610958
BONES 2
BONE 4 0.982070
BONE 9 0.017930

VERT 193
OFFSET 2.558743, -6.608995, 47.446949
BONES 2
BONE 4 0.567987
BONE 9 0.432013

VERT 194
OFFSET 1.965175, -6.341053, 45.590553
BONES 2
BONE 4 0.040893
BONE 9 0.959107

VERT 195
OFFSET 11.239902, -9.024574, 47.638172
BONES 1
BONE 23 1.000000

VERT 196
OFFSET 11.154146, -9.408480, 47.106728
BONES 1
BONE 23 1.000000

VERT 197
OFFSET 11.174119, -9.575759, 46.435581
BONES 1
BONE 23 1.000000

VERT 198
OFFSET 11.251377, -9.454802, 45.686810
BONES 1
BONE 23 1.000000

VERT 199
OFFSET 11.275070, -9.053369, 45.019463
BONES 1
BONE 23 1.000000

VERT 200
OFFSET 11.439544, -8.467177, 44.658031
BONES 1
BONE 23 1.000000

VERT 201
OFFSET 11.559470, -7.701397, 44.748173
BONES 1
BONE 23 1.000000

VERT 202
OFFSET 11.632594, -7.332160, 45.104939
BONES 1
BONE 23 1.000000

VERT 203
OFFSET 11.682412, -7.100850, 45.604942
BONES 1
BONE 23 1.000000

VERT 204
OFFSET 11.677920, -7.029524, 46.140270
BONES 1
BONE 23 1.000000

VERT 205
OFFSET 11.661502, -7.077949, 46.562565
BONES 1
BONE 23 1.000000

VERT 206
OFFSET 11.626158, -7.222067, 46.950836
BONES 1
BONE 23 1.000000

VERT 207
OFFSET 11.580960, -7.414457, 47.293991
BONES 1
BONE 23 1.000000

VERT 208
OFFSET 11.515485, -7.673804, 47.583000
BONES 1
BONE 23 1.000000

VERT 209
OFFSET 11.460555, -8.004349, 47.779461
BONES 1
BONE 23 1.000000

VERT 210
OFFSET 11.351958, -8.481571, 47.844212
BONES 1
BONE 23 1.000000

VERT 211
OFFSET 10.207690, -9.228642, 47.577377
BONES 1
BONE 23 1.000000

VERT 212
OFFSET 10.120506, -9.594400, 46.994011
BONES 1
BONE 23 1.000000

VERT 213
OFFSET 10.118344, -9.702196, 46.265247
BONES 1
BONE 23 1.000000

VERT 214
OFFSET 10.155847, -9.535760, 45.507355
BONES 1
BONE 23 1.000000

VERT 215
OFFSET 10.211469, -9.109520, 44.867340
BONES 1
BONE 23 1.000000

VERT 216
OFFSET 10.304330, -8.471504, 44.518291
BONES 1
BONE 23 1.000000

VERT 217
OFFSET 10.391171, -7.706261, 44.614346
BONES 1
BONE 23 1.000000

VERT 218
OFFSET 10.455851, -7.197519, 45.012375
BONES 1
BONE 23 1.000000

VERT 219
OFFSET 10.506261, -6.933075, 45.594505
BONES 1
BONE 23 1.000000

VERT 220
OFFSET 10.589047, -6.896521, 46.123871
BONES 1
BONE 23 1.000000

VERT 221
OFFSET 10.652706, -7.018835, 46.614624
BONES 1
BONE 23 1.000000

VERT 222
OFFSET 10.667563, -7.206636, 47.030865
BONES 1
BONE 23 1.000000

VERT 223
OFFSET 10.624624, -7.450401, 47.391525
BONES 1
BONE 23 1.000000

VERT 224
OFFSET 10.563160, -7.765502, 47.686024
BONES 1
BONE 23 1.000000

VERT 225
OFFSET 10.479777, -8.168153, 47.864376
BONES 1
BONE 23 1.000000

VERT 226
OFFSET 10.362194, -8.683525, 47.873943
BONES 1
BONE 23 1.000000

VERT 227
OFFSET 5.675817, -9.961440, 47.423603
BONES 1
BONE 23 1.000000

VERT 228
OFFSET 5.314306, -10.180589, 46.534328
BONES 1
BONE 23 1.000000

VERT 229
OFFSET 5.067970, -10.092667, 45.780415
BONES 1
BONE 23 1.000000

VERT 230
OFFSET 4.959706, -9.726956, 44.974529
BONES 1
BONE 23 1.000000

VERT 231
OFFSET 5.114233, -9.163409, 44.370628
BONES 1
BONE 23 1.000000

VERT 232
OFFSET 5.183589, -8.403571, 44.048416
BONES 1
BONE 23 1.000000

VERT 233
OFFSET 5.293142, -7.552045, 44.155567
BONES 1
BONE 23 1.000000

VERT 234
OFFSET 5.522107, -6.887633, 44.636333
BONES 1
BONE 23 1.000000

VERT 235
OFFSET 5.861215, -6.467801, 45.321754
BONES 1
BONE 23 1.000000

VERT 236
OFFSET 6.152287, -6.363457, 46.033463
BONES 1
BONE 23 1.000000

VERT 237
OFFSET 6.395422, -6.586902, 46.780716
BONES 1
BONE 23 1.000000

VERT 238
OFFSET 6.543843, -6.999425, 47.355587
BONES 1
BONE 23 1.000000

VERT 239
OFFSET 6.554657, -7.429224, 47.783997
BONES 1
BONE 23 1.000000

VERT 240
OFFSET 6.537828, -7.973914, 48.153008
BONES 1
BONE 23 1.000000

VERT 241
OFFSET 6.331681, -8.663878, 48.330482
BONES 1
BONE 23 1.000000

VERT 242
OFFSET 6.053890, -9.398473, 48.090874
BONES 1
BONE 23 1.000000

VERT 243
OFFSET 4.646035, -9.980659, 47.464970
BONES 1
BONE 23 1.000000

VERT 244
OFFSET 4.228930, -10.187031, 46.446163
BONES 1
BONE 23 1.000000

VERT 245
OFFSET 3.999178, -9.989073, 45.706188
BONES 1
BONE 23 1.000000

VERT 246
OFFSET 3.881827, -9.552329, 44.917919
BONES 1
BONE 23 1.000000

VERT 247
OFFSET 4.006392, -9.102930, 44.386890
BONES 1
BONE 23 1.000000

VERT 248
OFFSET 4.041894, -8.385629, 44.086224
BONES 1
BONE 23 1.000000

VERT 249
OFFSET 4.052707, -7.610272, 44.194611
BONES 1
BONE 23 1.000000

VERT 250
OFFSET 4.298039, -6.862609, 44.601513
BONES 1
BONE 23 1.000000

VERT 251
OFFSET 4.647685, -6.416278, 45.254726
BONES 1
BONE 23 1.000000

VERT 252
OFFSET 4.979714, -6.302494, 45.970009
BONES 1
BONE 23 1.000000

VERT 253
OFFSET 5.252488, -6.538763, 46.755547
BONES 1
BONE 23 1.000000

VERT 254
OFFSET 5.412853, -6.983156, 47.358231
BONES 1
BONE 23 1.000000

VERT 255
OFFSET 5.461125, -7.414117, 47.799248
BONES 1
BONE 23 1.000000

VERT 256
OFFSET 5.437571, -7.975325, 48.165516
BONES 1
BONE 23 1.000000

VERT 257
OFFSET 5.280840, -8.670196, 48.378212
BONES 1
BONE 23 1.000000

VERT 258
OFFSET 5.007129, -9.393832, 48.139919
BONES 1
BONE 23 1.000000

VERT 259
OFFSET 3.035586, -6.464412, 46.723347
BONES 3
BONE 4 0.047267
BONE 9 0.755478
BONE 23 0.197255

VERT 260
OFFSET 2.787219, -6.284824, 46.036110
BONES 3
BONE 4 0.054850
BONE 9 0.718483
BONE 23 0.226667

VERT 261
OFFSET 2.407603, -6.395706, 45.407463
BONES 3
BONE 4 0.049746
BONE 9 0.690254
BONE 23 0.260000

VERT 262
OFFSET 1.963356, -6.909470, 44.887074
BONES 3
BONE 4 0.091057
BONE 9 0.619923
BONE 23 0.289020

VERT 263
OFFSET 0.985705, -8.210856, 44.688606
BONES 3
BONE 4 0.220258
BONE 9 0.608370
BONE 23 0.171373

VERT 264
OFFSET 0.514485, -9.797194, 49.192871
BONES 1
BONE 4 1.000000

VERT 265
OFFSET -0.214414, -9.888107, 48.711277
BONES 1
BONE 4 1.000000

VERT 266
OFFSET -0.844985, -9.428539, 48.222923
BONES 1
BONE 4 1.000000

VERT 267
OFFSET -1.244474, -8.621025, 47.819836
BONES 1
BONE 4 1.000000

VERT 268
OFFSET -1.343095, -7.586391, 47.552631
BONES 1
BONE 4 1.000000

VERT 269
OFFSET -1.038033, -6.662511, 47.614578
BONES 1
BONE 4 1.000000

VERT 270
OFFSET -0.561295, -6.189541, 47.934032
BONES 1
BONE 4 1.000000

VERT 271
OFFSET 0.018225, -6.023220, 48.242702
BONES 1
BONE 4 1.000000

VERT 272
OFFSET 0.489914, -6.001945, 48.510540
BONES 1
BONE 4 1.000000

VERT 273
OFFSET 0.968278, -6.093450, 48.783543
BONES 1
BONE 4 1.000000

VERT 274
OFFSET 1.437978, -6.336874, 49.179237
BONES 1
BONE 4 1.000000

VERT 275
OFFSET 1.920028, -6.704116, 49.642414
BONES 1
BONE 4 1.000000

VERT 276
OFFSET 2.340019, -7.506526, 50.085499
BONES 1
BONE 4 1.000000

VERT 277
OFFSET 2.353500, -8.413465, 50.231007
BONES 1
BONE 4 1.000000

VERT 278
OFFSET 1.847921, -9.182627, 49.944672
BONES 1
BONE 4 1.000000

VERT 279
OFFSET 1.277995, -9.614055, 49.640217
BONES 1
BONE 4 1.000000

VERT 280
OFFSET 13.192588, -9.302169, 46.279617
BONES 2
BONE 23 0.966931
BONE 21 0.033069

VERT 281
OFFSET 13.166151, -9.307115, 46.858322
BONES 2
BONE 23 0.944020
BONE 21 0.055980

VERT 282
OFFSET 13.086688, -9.022238, 47.379795
BONES 2
BONE 23 0.927705
BONE 21 0.072295

VERT 283
OFFSET 13.024299, -8.642008, 47.728962
BONES 2
BONE 23 0.903040
BONE 21 0.096960

VERT 284
OFFSET 12.959545, -8.187871, 47.868626
BONES 2
BONE 23 0.847124
BONE 21 0.152876

VERT 285
OFFSET 12.953363, -7.797108, 47.705864
BONES 2
BONE 23 0.799026
BONE 21 0.200974

VERT 286
OFFSET 12.979061, -7.534626, 47.504677
BONES 2
BONE 23 0.669000
BONE 21 0.331000

VERT 287
OFFSET 13.030718, -7.277659, 47.126919
BONES 2
BONE 23 0.586563
BONE 21 0.413437

VERT 288
OFFSET 13.090683, -7.163963, 46.724640
BONES 2
BONE 23 0.556176
BONE 21 0.443824

VERT 289
OFFSET 13.139957, -7.079834, 46.302647
BONES 2
BONE 23 0.520199
BONE 21 0.479801

VERT 290
OFFSET 13.166888, -7.087219, 45.826897
BONES 2
BONE 23 0.515227
BONE 21 0.484773

VERT 291
OFFSET 13.214890, -7.128451, 45.384521
BONES 2
BONE 23 0.529965
BONE 21 0.470035

VERT 292
OFFSET 13.225226, -7.376779, 44.950451
BONES 2
BONE 23 0.591096
BONE 21 0.408904

VERT 293
OFFSET 13.217292, -7.748196, 44.755241
BONES 2
BONE 23 0.653065
BONE 21 0.346935

VERT 294
OFFSET 13.233487, -8.136147, 44.769619
BONES 2
BONE 23 0.926715
BONE 21 0.073285

VERT 295
OFFSET 13.249569, -8.497365, 44.892284
BONES 2
BONE 23 0.924889
BONE 21 0.075111

VERT 296
OFFSET 13.215713, -8.882416, 45.235119
BONES 2
BONE 23 0.965148
BONE 21 0.034852

VERT 297
OFFSET 13.212076, -9.109335, 45.694340
BONES 2
BONE 23 0.970066
BONE 21 0.029934

VERT 298
OFFSET 17.324474, -6.876192, 44.307495
BONES 3
BONE 30 0.034141
BONE 42 0.940444
BONE 52 0.025415

VERT 299
OFFSET 17.618599, -6.761071, 44.167610
BONES 2
BONE 42 0.801922
BONE 52 0.198078

VERT 300
OFFSET 17.421316, -6.658071, 43.960789
BONES 2
BONE 42 0.796420
BONE 52 0.203580

VERT 301
OFFSET 17.120287, -6.753509, 44.051285
BONES 3
BONE 30 0.052450
BONE 42 0.907310
BONE 52 0.040240

VERT 302
OFFSET 17.390415, -6.707299, 43.687656
BONES 2
BONE 42 0.795340
BONE 52 0.204660

VERT 303
OFFSET 17.100101, -6.840999, 43.800980
BONES 3
BONE 30 0.015889
BONE 42 0.941597
BONE 52 0.042515

VERT 304
OFFSET 17.829166, -6.945150, 44.241661
BONES 2
BONE 42 0.826017
BONE 52 0.173983

VERT 305
OFFSET 17.596905, -7.113104, 44.355247
BONES 2
BONE 42 0.962761
BONE 52 0.037239

VERT 306
OFFSET 17.630510, -7.350031, 44.228214
BONES 2
BONE 42 0.980906
BONE 52 0.019094

VERT 307
OFFSET 17.946671, -7.177204, 44.098507
BONES 2
BONE 42 0.865376
BONE 52 0.134624

VERT 308
OFFSET 17.547010, -6.886662, 43.510784
BONES 2
BONE 42 0.757842
BONE 52 0.242158

VERT 309
OFFSET 17.190344, -7.037879, 43.617409
BONES 2
BONE 42 0.971691
BONE 52 0.028309

VERT 310
OFFSET 17.669428, -6.736417, 44.117626
BONES 2
BONE 42 0.707316
BONE 52 0.292684

VERT 311
OFFSET 17.478022, -6.645650, 43.933411
BONES 2
BONE 42 0.726124
BONE 52 0.273876

VERT 312
OFFSET 17.582645, -7.486056, 43.998360
BONES 2
BONE 42 0.985753
BONE 52 0.014247

VERT 313
OFFSET 17.864782, -7.300935, 43.923573
BONES 2
BONE 42 0.927455
BONE 52 0.072545

VERT 314
OFFSET 17.694967, -6.680744, 44.104336
BONES 2
BONE 42 0.473876
BONE 52 0.526124

VERT 315
OFFSET 17.540052, -6.628248, 43.904953
BONES 2
BONE 42 0.540742
BONE 52 0.459258

VERT 316
OFFSET 17.477915, -7.442453, 43.760895
BONES 2
BONE 42 0.987354
BONE 52 0.012646

VERT 317
OFFSET 17.770790, -7.266884, 43.714119
BONES 2
BONE 42 0.907434
BONE 52 0.092566

VERT 318
OFFSET 17.707914, -6.609817, 44.122520
BONES 3
BONE 42 0.320488
BONE 52 0.666578
BONE 58 0.012934

VERT 319
OFFSET 17.532593, -6.553957, 43.911613
BONES 3
BONE 42 0.324066
BONE 52 0.645890
BONE 58 0.030043

VERT 320
OFFSET 18.054884, -7.060306, 44.095867
BONES 2
BONE 42 0.572343
BONE 52 0.427657

VERT 321
OFFSET 17.887245, -6.860804, 44.214741
BONES 2
BONE 42 0.545273
BONE 52 0.454727

VERT 322
OFFSET 17.370750, -7.307732, 43.609558
BONES 2
BONE 42 0.973785
BONE 52 0.026215

VERT 323
OFFSET 17.274126, -7.149162, 43.606953
BONES 2
BONE 42 0.967811
BONE 52 0.032189

VERT 324
OFFSET 17.718826, -7.112451, 43.513805
BONES 2
BONE 42 0.704822
BONE 52 0.295178

VERT 325
OFFSET 17.463154, -6.681185, 43.665264
BONES 2
BONE 42 0.693287
BONE 52 0.306713

VERT 326
OFFSET 17.609077, -6.808082, 43.496357
BONES 2
BONE 42 0.534287
