// Export filename: 'C:/projects/cod/t5/model_export/viewmodels/cod7/viewmodel_cub_tropas_camo_arms.XMODEL_EXPORT'
// Source filename: 'D:/projects/devart/t5/model_export/viewmodels/cod7/viewmodel_cub_tropas_camo_arms.mb'
// Export time: Fri Sep 03 15:46:53 2010
MODEL
VERSION 6

NUMBONES 72
BONE 0 -1 "tag_view"
BONE 1 0 "tag_ads"
BONE 2 0 "tag_cambone"
BONE 3 2 "tag_camera"
BONE 4 1 "tag_torso"
BONE 5 4 "J_Shoulder_LE"
BONE 6 4 "J_Shoulder_RI"
BONE 7 3 "tag_gasmask"
BONE 8 3 "tag_gasmask2"
BONE 9 4 "tag_weapon"
BONE 10 4 "tag_weapon1"
BONE 11 5 "J_Elbow_LE"
BONE 12 6 "J_Elbow_RI"
BONE 13 11 "J_Sleave_Reshape_Bottom_LE_1"
BONE 14 11 "J_Sleave_Reshape_Bottom_LE_2"
BONE 15 11 "J_Sleave_Reshape_Top_LE_1"
BONE 16 11 "J_Sleave_Reshape_Top_LE_2"
BONE 17 11 "J_Sleave_Reshape_Top_LE_3"
BONE 18 12 "J_Sleave_Reshape_Top_RI_1"
BONE 19 12 "J_Sleave_Reshape_Top_RI_2"
BONE 20 12 "J_Sleave_Reshape_Top_RI_3"
BONE 21 11 "J_Wrist_LE"
BONE 22 12 "J_Wrist_RI"
BONE 23 11 "J_WristTwist_LE"
BONE 24 12 "J_WristTwist_RI"
BONE 25 21 "J_Index_LE_0"
BONE 26 22 "J_Index_RI_0"
BONE 27 21 "J_Mid_LE_0"
BONE 28 22 "J_Mid_RI_0"
BONE 29 21 "J_PinkyPalm_LE"
BONE 30 22 "J_PinkyPalm_RI"
BONE 31 21 "J_RingPalm_LE"
BONE 32 22 "J_RingPalm_RI"
BONE 33 21 "J_Thumb_LE_0"
BONE 34 22 "J_Thumb_RI_0"
BONE 35 21 "J_Webbing_LE"
BONE 36 22 "J_Webbing_RI"
BONE 37 21 "tag_knife_attach"
BONE 38 25 "J_Index_LE_1"
BONE 39 26 "J_Index_RI_1"
BONE 40 27 "J_Mid_LE_1"
BONE 41 28 "J_Mid_RI_1"
BONE 42 29 "J_Pinky_LE_0"
BONE 43 30 "J_Pinky_RI_0"
BONE 44 31 "J_Ring_LE_0"
BONE 45 32 "J_Ring_RI_0"
BONE 46 33 "J_Thumb_LE_1"
BONE 47 34 "J_Thumb_RI_1"
BONE 48 38 "J_Index_LE_2"
BONE 49 39 "J_Index_RI_2"
BONE 50 40 "J_Mid_LE_2"
BONE 51 41 "J_Mid_RI_2"
BONE 52 42 "J_Pinky_LE_1"
BONE 53 43 "J_Pinky_RI_1"
BONE 54 44 "J_Ring_LE_1"
BONE 55 45 "J_Ring_RI_1"
BONE 56 46 "J_Thumb_LE_2"
BONE 57 47 "J_Thumb_RI_2"
BONE 58 48 "J_Index_LE_3"
BONE 59 49 "J_Index_RI_3"
BONE 60 50 "J_Mid_LE_3"
BONE 61 51 "J_Mid_RI_3"
BONE 62 52 "J_Pinky_LE_2"
BONE 63 53 "J_Pinky_RI_2"
BONE 64 54 "J_Ring_LE_2"
BONE 65 55 "J_Ring_RI_2"
BONE 66 56 "J_Thumb_LE_3"
BONE 67 57 "J_Thumb_RI_3"
BONE 68 62 "J_Pinky_LE_3"
BONE 69 63 "J_Pinky_RI_3"
BONE 70 64 "J_Ring_LE_3"
BONE 71 65 "J_Ring_RI_3"

BONE 0
OFFSET 0.000000, 0.000000, 0.000000
SCALE 1.000000, 1.000000, 1.000000
X 1.000000, 0.000000, 0.000000
Y 0.000000, 1.000000, 0.000000
Z 0.000000, 0.000000, 1.000000

BONE 1
OFFSET 0.000000, 0.000000, 0.000000
SCALE 1.000000, 1.000000, 1.000000
X 1.000000, 0.000000, 0.000000
Y 0.000000, 1.000000, 0.000000
Z 0.000000, 0.000000, 1.000000

BONE 2
OFFSET 0.000000, 0.000000, 0.000000
SCALE 1.000000, 1.000000, 1.000000
X 1.000000, 0.000000, 0.000000
Y 0.000000, 1.000000, 0.000000
Z 0.000000, 0.000000, 1.000000

BONE 3
OFFSET 0.000000, 0.000000, 0.000000
SCALE 1.000000, 1.000000, 1.000000
X 1.000000, 0.000000, 0.000000
Y 0.000000, 1.000000, 0.000000
Z 0.000000, 0.000000, 1.000000

BONE 4
OFFSET -4.631834, 0.000000, -1.376955
SCALE 1.000000, 1.000000, 1.000000
X 1.000000, 0.000000, 0.000000
Y 0.000000, 1.000000, 0.000000
Z 0.000000, 0.000000, 1.000000

BONE 5
OFFSET -3.506030, 7.937290, -3.186910
SCALE 1.000000, 1.000000, 1.000000
X 0.472986, 0.011374, -0.880996
Y 0.446745, -0.864941, 0.228681
Z -0.759409, -0.501744, -0.414187

BONE 6
OFFSET -3.506032, -7.937284, -3.186909
SCALE 1.000000, 1.000000, 1.000000
X -0.472986, 0.011374, 0.880996
Y -0.446745, -0.864941, -0.228681
Z 0.759409, -0.501744, 0.414187

BONE 7
OFFSET 1.540442, 0.000000, 4.135746
SCALE 1.000000, 1.000000, 1.000000
X 1.000000, 0.000000, 0.000000
Y 0.000000, 1.000000, 0.000000
Z 0.000000, 0.000000, 1.000000

BONE 8
OFFSET -4.631834, 0.000000, -1.376955
SCALE 1.000000, 1.000000, 1.000000
X 1.000000, 0.000000, 0.000000
Y 0.000000, 1.000000, 0.000000
Z 0.000000, 0.000000, 1.000000

BONE 9
OFFSET 10.527968, 0.000000, -8.129675
SCALE 1.000000, 1.000000, 1.000000
X 1.000000, 0.000000, 0.000000
Y 0.000000, 1.000000, 0.000000
Z 0.000000, 0.000000, 1.000000

BONE 10
OFFSET 10.527968, 0.000000, -8.129675
SCALE 1.000000, 1.000000, 1.000000
X 1.000000, 0.000000, 0.000000
Y 0.000000, 1.000000, 0.000000
Z 0.000000, 0.000000, 1.000000

BONE 11
OFFSET 2.214219, 8.074842, -13.841592
SCALE 1.000000, 1.000000, 1.000000
X 0.999978, -0.002833, 0.005930
Y -0.005970, -0.014367, 0.999879
Z -0.002747, -0.999893, -0.014384

BONE 12
OFFSET 2.214221, -8.074842, -13.841575
SCALE 1.000000, 1.000000, 1.000000
X -0.999978, -0.002833, -0.005930
Y 0.005970, -0.014367, -0.999879
Z 0.002747, -0.999893, 0.014384

BONE 13
OFFSET 12.125037, 8.958635, -14.825972
SCALE 1.000000, 1.000000, 1.000000
X 1.000000, 0.000000, 0.000000
Y 0.000000, 1.000000, 0.000000
Z 0.000000, 0.000000, 1.000000

BONE 14
OFFSET 11.739065, 7.335669, -15.051069
SCALE 1.000000, 1.000000, 1.000000
X 1.000000, 0.000000, 0.000000
Y 0.000000, 1.000000, 0.000000
Z 0.000000, 0.000000, 1.000000

BONE 15
OFFSET 12.634503, 8.810233, -12.285378
SCALE 1.000000, 1.000000, 1.000000
X 1.000000, 0.000000, 0.000000
Y 0.000000, 1.000000, 0.000000
Z 0.000000, 0.000000, 1.000000

BONE 16
OFFSET 12.530005, 7.482795, -12.089205
SCALE 1.000000, 1.000000, 1.000000
X 1.000000, 0.000000, 0.000000
Y 0.000000, 1.000000, 0.000000
Z 0.000000, 0.000000, 1.000000

BONE 17
OFFSET 12.149994, 6.891432, -13.059547
SCALE 1.000000, 1.000000, 1.000000
X 1.000000, 0.000000, 0.000000
Y 0.000000, 1.000000, 0.000000
Z 0.000000, 0.000000, 1.000000

BONE 18
OFFSET 12.634488, -8.810236, -12.285394
SCALE 1.000000, 1.000000, 1.000000
X -1.000000, 0.000000, -0.000000
Y 0.000000, 1.000000, 0.000000
Z 0.000000, 0.000000, -1.000000

BONE 19
OFFSET 12.530000, -7.482795, -12.089212
SCALE 1.000000, 1.000000, 1.000000
X -1.000000, 0.000000, -0.000000
Y 0.000000, 1.000000, 0.000000
Z 0.000000, 0.000000, -1.000000

BONE 20
OFFSET 12.150000, -6.891418, -13.059566
SCALE 1.000000, 1.000000, 1.000000
X -1.000000, 0.000000, -0.000000
Y 0.000000, 1.000000, 0.000000
Z 0.000000, 0.000000, -1.000000

BONE 21
OFFSET 13.785073, 8.042067, -13.772971
SCALE 1.000000, 1.000000, 1.000000
X 0.996700, -0.023076, 0.077825
Y -0.077652, 0.008297, 0.996946
Z -0.023651, -0.999699, 0.006478

BONE 22
OFFSET 13.785079, -8.042048, -13.772953
SCALE 1.000000, 1.000000, 1.000000
X -0.996700, -0.023076, -0.077825
Y 0.077652, 0.008297, -0.996946
Z 0.023651, -0.999699, -0.006478

BONE 23
OFFSET 10.719465, 8.050750, -13.791152
SCALE 1.000000, 1.000000, 1.000000
X 0.999978, -0.002833, 0.005930
Y -0.005970, -0.014367, 0.999879
Z -0.002747, -0.999893, -0.014384

BONE 24
OFFSET 10.719449, -8.050748, -13.791142
SCALE 1.000000, 1.000000, 1.000000
X -0.999978, -0.002833, -0.005930
Y 0.005970, -0.014367, -0.999879
Z 0.002747, -0.999893, 0.014384

BONE 25
OFFSET 17.618980, 8.329933, -12.720215
SCALE 1.000000, 1.000000, 1.000000
X 0.770359, -0.621881, 0.140748
Y -0.611755, -0.783111, -0.111771
Z 0.179730, 0.000000, -0.983716

BONE 26
OFFSET 17.618977, -8.329922, -12.720197
SCALE 1.000000, 1.000000, 1.000000
X -0.770359, -0.621881, -0.140748
Y 0.611755, -0.783111, 0.111771
Z -0.179730, -0.000000, 0.983716

BONE 27
OFFSET 17.592691, 8.144073, -13.808888
SCALE 1.000000, 1.000000, 1.000000
X 0.786575, -0.616967, 0.025504
Y -0.616643, -0.786989, -0.019994
Z 0.032407, 0.000000, -0.999475

BONE 28
OFFSET 17.592678, -8.144055, -13.808898
SCALE 1.000000, 1.000000, 1.000000
X -0.786575, -0.616967, -0.025504
Y 0.616643, -0.786989, 0.019994
Z -0.032407, -0.000000, 0.999475

BONE 29
OFFSET 14.706850, 7.811601, -14.773290
SCALE 1.000000, 1.000000, 1.000000
X 0.860527, -0.066586, -0.505035
Y -0.090728, -0.995602, -0.023327
Z -0.501261, 0.065894, -0.862784

BONE 30
OFFSET 14.706850, -7.811614, -14.773307
SCALE 1.000000, 1.000000, 1.000000
X -0.860527, -0.066586, 0.505035
Y 0.090728, -0.995602, 0.023327
Z 0.501261, 0.065894, 0.862784

BONE 31
OFFSET 14.877762, 7.951642, -14.094536
SCALE 1.000000, 1.000000, 1.000000
X 0.972219, -0.030530, -0.232073
Y -0.040633, -0.998417, -0.038880
Z -0.230519, 0.047230, -0.971921

BONE 32
OFFSET 14.877756, -7.951653, -14.094527
SCALE 1.000000, 1.000000, 1.000000
X -0.972219, -0.030530, 0.232073
Y 0.040633, -0.998417, 0.038880
Z 0.230519, 0.047230, 0.971921

BONE 33
OFFSET 14.148777, 7.629210, -12.773211
SCALE 1.000000, 1.000000, 1.000000
X 0.614049, -0.475564, 0.629907
Y -0.500882, 0.381986, 0.776662
Z -0.609968, -0.792418, -0.003644

BONE 34
OFFSET 14.148780, -7.629212, -12.773229
SCALE 1.000000, 1.000000, 1.000000
X -0.614049, -0.475564, -0.629907
Y 0.500882, 0.381986, -0.776662
Z 0.609968, -0.792418, 0.003644

BONE 35
OFFSET 16.721630, 7.448270, -11.946650
SCALE 1.000000, 1.000000, 1.000000
X 0.946229, -0.301294, -0.117786
Y 0.309193, 0.949386, 0.055376
Z 0.095139, -0.088817, 0.991494

BONE 36
OFFSET 9.583885, -8.680950, -13.257301
SCALE 1.000000, 1.000000, 1.000000
X -0.946229, -0.301294, 0.117786
Y -0.309193, 0.949386, -0.055376
Z -0.095139, -0.088817, -0.991494

BONE 37
OFFSET 16.493113, 6.451591, -14.089364
SCALE 1.000000, 1.000000, 1.000000
X -0.281344, 0.000438, -0.959607
Y 0.023651, 0.999699, -0.006478
Z 0.959316, -0.024519, -0.281269

BONE 38
OFFSET 18.975315, 7.235017, -12.472406
SCALE 1.000000, 1.000000, 1.000000
X 0.426042, -0.903354, 0.049392
Y -0.880239, -0.426513, -0.208005
Z 0.208969, 0.045142, -0.976880

BONE 39
OFFSET 18.975315, -7.235000, -12.472402
SCALE 1.000000, 1.000000, 1.000000
X -0.426042, -0.903354, -0.049392
Y 0.880239, -0.426513, 0.208005
Z -0.208969, 0.045142, 0.976880

BONE 40
OFFSET 19.129311, 6.938792, -13.759066
SCALE 1.000000, 1.000000, 1.000000
X 0.028169, -0.999543, -0.010950
Y -0.999561, -0.028267, 0.008848
Z -0.009153, 0.010696, -0.999901

BONE 41
OFFSET 19.129292, -6.938779, -13.759055
SCALE 1.000000, 1.000000, 1.000000
X -0.028169, -0.999543, 0.010950
Y 0.999561, -0.028267, -0.008848
Z 0.009153, 0.010696, 0.999901

BONE 42
OFFSET 16.702198, 7.530317, -15.785225
SCALE 1.000000, 1.000000, 1.000000
X 0.856282, -0.436541, -0.276069
Y -0.415481, -0.899684, 0.133953
Z -0.306851, 0.000000, -0.951758

BONE 43
OFFSET 16.702206, -7.530315, -15.785236
SCALE 1.000000, 1.000000, 1.000000
X -0.856282, -0.436541, 0.276069
Y 0.415481, -0.899684, -0.133953
Z 0.306851, -0.000000, 0.951758

BONE 44
OFFSET 17.367678, 7.901457, -14.840354
SCALE 1.000000, 1.000000, 1.000000
X 0.831745, -0.508839, -0.221999
Y -0.491628, -0.860862, 0.131219
Z -0.257880, 0.000000, -0.966177

BONE 45
OFFSET 17.367678, -7.901457, -14.840354
SCALE 1.000000, 1.000000, 1.000000
X -0.831745, -0.508839, 0.221999
Y 0.491628, -0.860862, -0.131219
Z 0.257880, -0.000000, 0.966177

BONE 46
OFFSET 15.389911, 6.597012, -11.336607
SCALE 1.000000, 1.000000, 1.000000
X 0.914596, -0.402924, 0.034161
Y -0.078983, -0.095150, 0.992325
Z -0.396581, -0.910274, -0.118848

BONE 47
OFFSET 15.389921, -6.597008, -11.336615
SCALE 1.000000, 1.000000, 1.000000
X -0.914596, -0.402924, -0.034161
Y 0.078983, -0.095150, -0.992325
Z 0.396581, -0.910274, 0.118848

BONE 48
OFFSET 19.480556, 6.134072, -12.353014
SCALE 1.000000, 1.000000, 1.000000
X 0.139847, -0.988437, 0.058612
Y -0.965352, -0.149273, -0.214039
Z 0.220313, -0.026648, -0.975065

BONE 49
OFFSET 19.480551, -6.134055, -12.353031
SCALE 1.000000, 1.000000, 1.000000
X -0.139847, -0.988437, -0.058612
Y 0.965352, -0.149273, 0.214039
Z -0.220313, -0.026648, 0.975065

BONE 50
OFFSET 19.170456, 5.478823, -13.775060
SCALE 1.000000, 1.000000, 1.000000
X -0.530249, -0.847838, 0.002716
Y -0.845552, 0.529049, 0.071753
Z -0.062271, 0.035750, -0.997419

BONE 51
OFFSET 19.170473, -5.478819, -13.775079
SCALE 1.000000, 1.000000, 1.000000
X 0.530249, -0.847838, -0.002716
Y 0.845552, 0.529049, -0.071753
Z 0.062271, 0.035750, 0.997419

BONE 52
OFFSET 17.914511, 6.912269, -16.176081
SCALE 1.000000, 1.000000, 1.000000
X 0.129509, -0.990999, -0.033881
Y -0.958733, -0.133868, 0.250818
Z -0.253096, 0.000000, -0.967441

BONE 53
OFFSET 17.914528, -6.912283, -16.176064
SCALE 1.000000, 1.000000, 1.000000
X -0.129509, -0.990999, 0.033881
Y 0.958733, -0.133868, -0.250818
Z 0.253096, -0.000000, 0.967441

BONE 54
OFFSET 18.783724, 7.035159, -15.218307
SCALE 1.000000, 1.000000, 1.000000
X 0.018696, -0.999823, 0.001993
Y -0.972646, -0.017726, 0.231616
Z -0.231540, -0.006269, -0.972805

BONE 55
OFFSET 18.783741, -7.035158, -15.218307
SCALE 1.000000, 1.000000, 1.000000
X -0.018696, -0.999823, -0.001993
Y 0.972646, -0.017726, -0.231616
Z 0.231540, -0.006269, 0.972805

BONE 56
OFFSET 16.826696, 5.850290, -11.353966
SCALE 1.000000, 1.000000, 1.000000
X 0.780284, -0.439636, -0.444835
Y 0.353937, -0.276002, 0.893617
Z -0.515641, -0.854718, -0.059757

BONE 57
OFFSET 16.826693, -5.850276, -11.353976
SCALE 1.000000, 1.000000, 1.000000
X -0.780284, -0.439636, 0.444835
Y -0.353937, -0.276002, -0.893617
Z 0.515641, -0.854718, 0.059757

BONE 58
OFFSET 19.638519, 5.017599, -12.286811
SCALE 1.000000, 1.000000, 1.000000
X 0.887890, 0.449028, -0.100123
Y -0.450278, 0.892820, 0.011023
Z 0.094341, 0.035295, 0.994914

BONE 59
OFFSET 19.638504, -5.017599, -12.286811
SCALE 1.000000, 1.000000, 1.000000
X -0.887890, 0.449028, 0.100123
Y 0.450278, 0.892820, -0.011023
Z -0.094341, 0.035295, -0.994914

BONE 60
OFFSET 18.570051, 4.518455, -13.779097
SCALE 1.000000, 1.000000, 1.000000
X 0.950632, 0.309916, 0.015845
Y -0.309563, 0.950639, -0.021349
Z -0.021679, 0.015390, 0.999647

BONE 61
OFFSET 18.570040, -4.518465, -13.779095
SCALE 1.000000, 1.000000, 1.000000
X -0.950632, 0.309916, -0.015845
Y 0.309563, 0.950639, 0.021349
Z 0.021679, 0.015390, -0.999647

BONE 62
OFFSET 18.029337, 6.033617, -16.206121
SCALE 1.000000, 1.000000, 1.000000
X -0.508594, -0.843981, 0.170374
Y -0.800272, 0.536372, 0.268083
Z -0.317641, -0.000000, -0.948211

BONE 63
OFFSET 18.029331, -6.033622, -16.206102
SCALE 1.000000, 1.000000, 1.000000
X 0.508594, -0.843981, -0.170374
Y 0.800272, 0.536372, -0.268083
Z 0.317641, -0.000000, 0.948211

BONE 64
OFFSET 18.809635, 5.649475, -15.215545
SCALE 1.000000, 1.000000, 1.000000
X -0.560939, -0.817051, 0.133323
Y -0.794907, 0.576565, 0.188932
Z -0.231237, 0.000000, -0.972898

BONE 65
OFFSET 18.809647, -5.649488, -15.215551
SCALE 1.000000, 1.000000, 1.000000
X 0.560939, -0.817051, -0.133323
Y 0.794907, 0.576565, -0.188932
Z 0.231237, 0.000000, 0.972898

BONE 66
OFFSET 17.652914, 5.331044, -11.822542
SCALE 1.000000, 1.000000, 1.000000
X 0.980154, 0.167623, -0.105833
Y -0.164811, 0.985710, 0.034839
Z 0.110161, -0.016705, 0.993773

BONE 67
OFFSET 17.652914, -5.331063, -11.822559
SCALE 1.000000, 1.000000, 1.000000
X -0.980154, 0.167623, 0.105833
Y 0.164811, 0.985710, -0.034839
Z -0.110161, -0.016705, -0.993773

BONE 68
OFFSET 17.546160, 5.231812, -16.044260
SCALE 1.000000, 1.000000, 1.000000
X 0.937314, 0.308816, -0.161479
Y -0.317012, 0.948035, -0.027072
Z 0.144727, 0.076566, 0.986505

BONE 69
OFFSET 17.546143, -5.231811, -16.044252
SCALE 1.000000, 1.000000, 1.000000
X -0.937314, 0.308816, 0.161479
Y 0.317012, 0.948035, 0.027072
Z -0.144727, 0.076566, -0.986505

BONE 70
OFFSET 18.201283, 4.763361, -15.070953
SCALE 1.000000, 1.000000, 1.000000
X 0.902287, 0.340068, -0.265014
Y -0.319075, 0.940102, 0.120000
Z 0.289948, -0.023715, 0.956748

BONE 71
OFFSET 18.201300, -4.763347, -15.070945
SCALE 1.000000, 1.000000, 1.000000
X -0.902287, 0.340068, 0.265014
Y 0.319075, 0.940102, -0.120000
Z -0.289948, -0.023715, -0.956748

NUMVERTS 4718
VERT 0
OFFSET 12.751650, -7.322775, -12.849696
BONES 2
BONE 24 0.906316
BONE 22 0.093684

VERT 1
OFFSET 12.296650, -7.375638, -12.783567
BONES 2
BONE 24 0.949608
BONE 22 0.050392

VERT 2
OFFSET 12.214117, -7.615461, -12.478343
BONES 2
BONE 24 0.950980
BONE 22 0.049020

VERT 3
OFFSET 12.663758, -7.569471, -12.495364
BONES 2
BONE 24 0.891890
BONE 22 0.108110

VERT 4
OFFSET 12.364261, -7.211523, -13.123509
BONES 2
BONE 24 0.954314
BONE 22 0.045686

VERT 5
OFFSET 12.795555, -7.187867, -13.204274
BONES 2
BONE 24 0.884187
BONE 22 0.115813

VERT 6
OFFSET 12.638205, -7.831728, -12.301251
BONES 2
BONE 24 0.889702
BONE 22 0.110298

VERT 7
OFFSET 12.168490, -7.885224, -12.290202
BONES 2
BONE 24 0.950392
BONE 22 0.049608

VERT 8
OFFSET 12.091452, -8.348773, -12.121920
BONES 1
BONE 24 1.000000

VERT 9
OFFSET 12.611366, -8.240692, -12.121133
BONES 2
BONE 24 0.937453
BONE 22 0.062547

VERT 10
OFFSET 12.834752, -7.105446, -13.614338
BONES 2
BONE 24 0.880611
BONE 22 0.119389

VERT 11
OFFSET 12.404144, -7.101715, -13.530405
BONES 2
BONE 24 0.965882
BONE 22 0.034118

VERT 12
OFFSET 12.013179, -8.884666, -12.317355
BONES 1
BONE 24 1.000000

VERT 13
OFFSET 12.637016, -8.740606, -12.274136
BONES 2
BONE 24 0.941682
BONE 22 0.058318

VERT 14
OFFSET 12.865022, -7.105875, -14.067122
BONES 2
BONE 24 0.862743
BONE 22 0.137257

VERT 15
OFFSET 12.442947, -7.089427, -13.972763
BONES 2
BONE 24 0.993137
BONE 22 0.006863

VERT 16
OFFSET 11.977131, -9.278101, -12.772586
BONES 1
BONE 24 1.000000

VERT 17
OFFSET 12.624412, -9.158297, -12.682880
BONES 2
BONE 24 0.939881
BONE 22 0.060119

VERT 18
OFFSET 12.510807, -7.391055, -14.899907
BONES 2
BONE 24 0.980588
BONE 22 0.019412

VERT 19
OFFSET 12.485972, -7.178187, -14.425793
BONES 2
BONE 24 0.991373
BONE 22 0.008627

VERT 20
OFFSET 12.924774, -7.170152, -14.495970
BONES 2
BONE 24 0.874689
BONE 22 0.125311

VERT 21
OFFSET 12.973243, -7.397368, -14.957126
BONES 2
BONE 24 0.885271
BONE 22 0.114729

VERT 22
OFFSET 12.037251, -9.470969, -13.406974
BONES 1
BONE 24 1.000000

VERT 23
OFFSET 12.691591, -9.395029, -13.246022
BONES 2
BONE 24 0.908523
BONE 22 0.091477

VERT 24
OFFSET 12.467566, -7.782765, -15.232946
BONES 1
BONE 24 1.000000

VERT 25
OFFSET 12.965479, -7.750065, -15.234302
BONES 2
BONE 24 0.861063
BONE 22 0.138937

VERT 26
OFFSET 12.213680, -9.351525, -14.144111
BONES 1
BONE 24 1.000000

VERT 27
OFFSET 12.772625, -9.353276, -13.844990
BONES 2
BONE 24 0.891589
BONE 22 0.108411

VERT 28
OFFSET 12.540844, -8.603609, -15.230181
BONES 2
BONE 24 0.945192
BONE 22 0.054808

VERT 29
OFFSET 12.181042, -8.471810, -15.280128
BONES 1
BONE 24 1.000000

VERT 30
OFFSET 12.642082, -8.200115, -15.291059
BONES 2
BONE 24 0.943895
BONE 22 0.056105

VERT 31
OFFSET 12.453890, -9.014907, -14.878456
BONES 2
BONE 24 0.970272
BONE 22 0.029728

VERT 32
OFFSET 12.518234, -9.223605, -14.400509
BONES 2
BONE 24 0.956667
BONE 22 0.043333

VERT 33
OFFSET 12.136950, -9.026607, -14.915220
BONES 2
BONE 24 0.986224
BONE 22 0.013776

VERT 34
OFFSET 12.936190, -8.177316, -15.258450
BONES 2
BONE 24 0.835168
BONE 22 0.164832

VERT 35
OFFSET 12.861249, -9.188921, -14.335859
BONES 2
BONE 24 0.881551
BONE 22 0.118449

VERT 36
OFFSET 12.857184, -8.975582, -14.833632
BONES 2
BONE 24 0.886206
BONE 22 0.113794

VERT 37
OFFSET 12.906786, -8.595967, -15.176579
BONES 2
BONE 24 0.865041
BONE 22 0.134959

VERT 38
OFFSET 9.654240, -7.168676, -12.874470
BONES 1
BONE 24 1.000000

VERT 39
OFFSET 8.623362, -7.107778, -12.782867
BONES 2
BONE 12 0.200000
BONE 24 0.800000

VERT 40
OFFSET 8.617707, -7.460835, -12.380809
BONES 2
BONE 12 0.200000
BONE 24 0.800000

VERT 41
OFFSET 9.631597, -7.466308, -12.491904
BONES 1
BONE 24 1.000000

VERT 42
OFFSET 9.615595, -6.921314, -13.322007
BONES 1
BONE 24 1.000000

VERT 43
OFFSET 8.534587, -6.806786, -13.268205
BONES 2
BONE 12 0.200000
BONE 24 0.800000

VERT 44
OFFSET 9.507334, -6.746118, -13.877663
BONES 1
BONE 24 1.000000

VERT 45
OFFSET 8.388904, -6.603357, -13.890426
BONES 2
BONE 12 0.200000
BONE 24 0.800000

VERT 46
OFFSET 9.387414, -6.774992, -14.485806
BONES 1
BONE 24 1.000000

VERT 47
OFFSET 8.208595, -6.652718, -14.557787
BONES 2
BONE 12 0.200000
BONE 24 0.800000

VERT 48
OFFSET 9.298912, -7.095720, -15.106122
BONES 1
BONE 24 1.000000

VERT 49
OFFSET 8.050676, -7.005328, -15.243416
BONES 2
BONE 12 0.200000
BONE 24 0.800000

VERT 50
OFFSET 9.198717, -7.722160, -15.566201
BONES 1
BONE 24 1.000000

VERT 51
OFFSET 7.912683, -7.638603, -15.705214
BONES 2
BONE 12 0.200000
BONE 24 0.800000

VERT 52
OFFSET 9.072062, -8.494905, -15.643835
BONES 1
BONE 24 1.000000

VERT 53
OFFSET 7.772552, -8.494027, -15.795475
BONES 2
BONE 12 0.200000
BONE 24 0.800000

VERT 54
OFFSET 8.990503, -9.153264, -15.332872
BONES 1
BONE 24 1.000000

VERT 55
OFFSET 7.681762, -9.182800, -15.481406
BONES 2
BONE 12 0.200000
BONE 24 0.800000

VERT 56
OFFSET 8.931307, -9.661532, -14.703268
BONES 1
BONE 24 1.000000

VERT 57
OFFSET 7.588910, -9.764476, -14.858608
BONES 2
BONE 12 0.200000
BONE 24 0.800000

VERT 58
OFFSET 8.909293, -9.846608, -13.900901
BONES 1
BONE 24 1.000000

VERT 59
OFFSET 7.578049, -9.986241, -14.038303
BONES 2
BONE 12 0.200000
BONE 24 0.800000

VERT 60
OFFSET 8.955770, -9.783270, -13.125963
BONES 1
BONE 24 1.000000

VERT 61
OFFSET 7.674619, -9.966979, -13.249165
BONES 2
BONE 12 0.200000
BONE 24 0.800000

VERT 62
OFFSET 9.107486, -9.456357, -12.460164
BONES 1
BONE 24 1.000000

VERT 63
OFFSET 7.921901, -9.684630, -12.515136
BONES 2
BONE 12 0.200000
BONE 24 0.800000

VERT 64
OFFSET 9.308001, -8.903959, -12.077556
BONES 1
BONE 24 1.000000

VERT 65
OFFSET 8.213843, -9.118989, -12.004231
BONES 2
BONE 12 0.200000
BONE 24 0.800000

VERT 66
OFFSET 9.468902, -8.329082, -12.018321
BONES 1
BONE 24 1.000000

VERT 67
OFFSET 8.426552, -8.469134, -11.869973
BONES 2
BONE 12 0.200000
BONE 24 0.800000

VERT 68
OFFSET 9.577181, -7.843706, -12.189136
BONES 1
BONE 24 1.000000

VERT 69
OFFSET 8.565886, -7.903776, -12.051121
BONES 2
BONE 12 0.200000
BONE 24 0.800000

VERT 70
OFFSET 6.767998, -9.885757, -12.560504
BONES 2
BONE 12 0.400000
BONE 24 0.600000

VERT 71
OFFSET 6.399549, -10.109779, -13.368324
BONES 2
BONE 12 0.400000
BONE 24 0.600000

VERT 72
OFFSET 7.382948, -8.591189, -11.746351
BONES 2
BONE 12 0.400000
BONE 24 0.600000

VERT 73
OFFSET 7.123734, -9.315803, -11.952159
BONES 2
BONE 12 0.400000
BONE 24 0.600000

VERT 74
OFFSET 6.378596, -9.190016, -15.585170
BONES 2
BONE 12 0.400000
BONE 24 0.600000

VERT 75
OFFSET 6.437878, -8.467216, -15.901579
BONES 2
BONE 12 0.400000
BONE 24 0.600000

VERT 76
OFFSET 6.596663, -7.603850, -15.817389
BONES 2
BONE 12 0.400000
BONE 24 0.600000

VERT 77
OFFSET 6.248095, -9.790097, -14.971108
BONES 2
BONE 12 0.400000
BONE 24 0.600000

VERT 78
OFFSET 7.611106, -7.038809, -12.693851
BONES 2
BONE 12 0.400000
BONE 24 0.600000

VERT 79
OFFSET 7.603721, -7.440063, -12.271470
BONES 2
BONE 12 0.400000
BONE 24 0.600000

VERT 80
OFFSET 7.279934, -6.456435, -13.936615
BONES 2
BONE 12 0.400000
BONE 24 0.600000

VERT 81
OFFSET 7.498911, -6.674496, -13.241170
BONES 2
BONE 12 0.400000
BONE 24 0.600000

VERT 82
OFFSET 6.746726, -6.940683, -15.331985
BONES 2
BONE 12 0.400000
BONE 24 0.600000

VERT 83
OFFSET 7.022931, -6.517252, -14.626430
BONES 2
BONE 12 0.400000
BONE 24 0.600000

VERT 84
OFFSET 6.240058, -10.087274, -14.136971
BONES 2
BONE 12 0.400000
BONE 24 0.600000

VERT 85
OFFSET 7.560547, -7.945778, -11.919659
BONES 2
BONE 12 0.400000
BONE 24 0.600000

VERT 86
OFFSET 11.239902, -9.024574, -12.361616
BONES 1
BONE 24 1.000000

VERT 87
OFFSET 11.154146, -9.408480, -12.893063
BONES 1
BONE 24 1.000000

VERT 88
OFFSET 11.174119, -9.575759, -13.564206
BONES 1
BONE 24 1.000000

VERT 89
OFFSET 11.251377, -9.454802, -14.312982
BONES 1
BONE 24 1.000000

VERT 90
OFFSET 11.275070, -9.053369, -14.980329
BONES 1
BONE 24 1.000000

VERT 91
OFFSET 11.439544, -8.467177, -15.341759
BONES 1
BONE 24 1.000000

VERT 92
OFFSET 11.559470, -7.701397, -15.251617
BONES 1
BONE 24 1.000000

VERT 93
OFFSET 11.632594, -7.332160, -14.894852
BONES 1
BONE 24 1.000000

VERT 94
OFFSET 11.682412, -7.100850, -14.394846
BONES 1
BONE 24 1.000000

VERT 95
OFFSET 11.677920, -7.029524, -13.859519
BONES 1
BONE 24 1.000000

VERT 96
OFFSET 11.661502, -7.077949, -13.437224
BONES 1
BONE 24 1.000000

VERT 97
OFFSET 11.626158, -7.222067, -13.048951
BONES 1
BONE 24 1.000000

VERT 98
OFFSET 11.580960, -7.414457, -12.705798
BONES 1
BONE 24 1.000000

VERT 99
OFFSET 11.515485, -7.673804, -12.416788
BONES 1
BONE 24 1.000000

VERT 100
OFFSET 11.460555, -8.004349, -12.220328
BONES 1
BONE 24 1.000000

VERT 101
OFFSET 11.351958, -8.481571, -12.155578
BONES 1
BONE 24 1.000000

VERT 102
OFFSET 10.207690, -9.228642, -12.422414
BONES 1
BONE 24 1.000000

VERT 103
OFFSET 10.120506, -9.594400, -13.005781
BONES 1
BONE 24 1.000000

VERT 104
OFFSET 10.118344, -9.702196, -13.734541
BONES 1
BONE 24 1.000000

VERT 105
OFFSET 10.155847, -9.535760, -14.492435
BONES 1
BONE 24 1.000000

VERT 106
OFFSET 10.211469, -9.109520, -15.132449
BONES 1
BONE 24 1.000000

VERT 107
OFFSET 10.304330, -8.471504, -15.481499
BONES 1
BONE 24 1.000000

VERT 108
OFFSET 10.391171, -7.706261, -15.385446
BONES 1
BONE 24 1.000000

VERT 109
OFFSET 10.455851, -7.197519, -14.987417
BONES 1
BONE 24 1.000000

VERT 110
OFFSET 10.506261, -6.933075, -14.405285
BONES 1
BONE 24 1.000000

VERT 111
OFFSET 10.589047, -6.896521, -13.875917
BONES 1
BONE 24 1.000000

VERT 112
OFFSET 10.652706, -7.018835, -13.385164
BONES 1
BONE 24 1.000000

VERT 113
OFFSET 10.667563, -7.206636, -12.968924
BONES 1
BONE 24 1.000000

VERT 114
OFFSET 10.624624, -7.450401, -12.608265
BONES 1
BONE 24 1.000000

VERT 115
OFFSET 10.563160, -7.765502, -12.313766
BONES 1
BONE 24 1.000000

VERT 116
OFFSET 10.479777, -8.168153, -12.135412
BONES 1
BONE 24 1.000000

VERT 117
OFFSET 10.362194, -8.683525, -12.125847
BONES 1
BONE 24 1.000000

VERT 118
OFFSET 5.675817, -9.961440, -12.576187
BONES 1
BONE 12 1.000000

VERT 119
OFFSET 5.314306, -10.180589, -13.465461
BONES 1
BONE 12 1.000000

VERT 120
OFFSET 5.067970, -10.092667, -14.219373
BONES 1
BONE 12 1.000000

VERT 121
OFFSET 4.959706, -9.726956, -15.025259
BONES 1
BONE 12 1.000000

VERT 122
OFFSET 5.114233, -9.163409, -15.629160
BONES 1
BONE 12 1.000000

VERT 123
OFFSET 5.183589, -8.403571, -15.951371
BONES 1
BONE 12 1.000000

VERT 124
OFFSET 5.293142, -7.552045, -15.844225
BONES 1
BONE 12 1.000000

VERT 125
OFFSET 5.522107, -6.887633, -15.363456
BONES 1
BONE 12 1.000000

VERT 126
OFFSET 5.861215, -6.467801, -14.678036
BONES 1
BONE 12 1.000000

VERT 127
OFFSET 6.152287, -6.363457, -13.966326
BONES 1
BONE 12 1.000000

VERT 128
OFFSET 6.395422, -6.586902, -13.219072
BONES 1
BONE 12 1.000000

VERT 129
OFFSET 6.543843, -6.999425, -12.644203
BONES 1
BONE 12 1.000000

VERT 130
OFFSET 6.554657, -7.429224, -12.215792
BONES 1
BONE 12 1.000000

VERT 131
OFFSET 6.537828, -7.973914, -11.846783
BONES 1
BONE 12 1.000000

VERT 132
OFFSET 6.331681, -8.663878, -11.669306
BONES 1
BONE 12 1.000000

VERT 133
OFFSET 6.053890, -9.398473, -11.908916
BONES 1
BONE 12 1.000000

VERT 134
OFFSET 4.646035, -9.980659, -12.534822
BONES 1
BONE 12 1.000000

VERT 135
OFFSET 4.228930, -10.187031, -13.553628
BONES 1
BONE 12 1.000000

VERT 136
OFFSET 3.999178, -9.989073, -14.293602
BONES 1
BONE 12 1.000000

VERT 137
OFFSET 3.881827, -9.552329, -15.081870
BONES 1
BONE 12 1.000000

VERT 138
OFFSET 4.006392, -9.102930, -15.612900
BONES 1
BONE 12 1.000000

VERT 139
OFFSET 4.041894, -8.385629, -15.913564
BONES 1
BONE 12 1.000000

VERT 140
OFFSET 4.052707, -7.610272, -15.805180
BONES 1
BONE 12 1.000000

VERT 141
OFFSET 4.298039, -6.862609, -15.398278
BONES 1
BONE 12 1.000000

VERT 142
OFFSET 4.647685, -6.416278, -14.745062
BONES 1
BONE 12 1.000000

VERT 143
OFFSET 4.979714, -6.302494, -14.029779
BONES 1
BONE 12 1.000000

VERT 144
OFFSET 5.252488, -6.538763, -13.244245
BONES 1
BONE 12 1.000000

VERT 145
OFFSET 5.412853, -6.983156, -12.641557
BONES 1
BONE 12 1.000000

VERT 146
OFFSET 5.461125, -7.414117, -12.200542
BONES 1
BONE 12 1.000000

VERT 147
OFFSET 5.437571, -7.975325, -11.834273
BONES 1
BONE 12 1.000000

VERT 148
OFFSET 5.280840, -8.670196, -11.621576
BONES 1
BONE 12 1.000000

VERT 149
OFFSET 5.007129, -9.393832, -11.859869
BONES 1
BONE 12 1.000000

VERT 150
OFFSET 13.192588, -9.302169, -13.720172
BONES 2
BONE 24 0.749284
BONE 22 0.250716

VERT 151
OFFSET 13.166151, -9.307115, -13.141470
BONES 2
BONE 24 0.783432
BONE 22 0.216568

VERT 152
OFFSET 13.086688, -9.022238, -12.619995
BONES 2
BONE 24 0.841823
BONE 22 0.158177

VERT 153
OFFSET 13.024299, -8.642008, -12.270828
BONES 2
BONE 24 0.828726
BONE 22 0.171274

VERT 154
OFFSET 12.959545, -8.187871, -12.131164
BONES 2
BONE 24 0.815948
BONE 22 0.184052

VERT 155
OFFSET 12.953363, -7.797108, -12.293925
BONES 2
BONE 24 0.762752
BONE 22 0.237248

VERT 156
OFFSET 12.979061, -7.534626, -12.495111
BONES 2
BONE 24 0.669000
BONE 22 0.331000

VERT 157
OFFSET 13.030718, -7.277659, -12.872870
BONES 2
BONE 24 0.608719
BONE 22 0.391281

VERT 158
OFFSET 13.090683, -7.163963, -13.275149
BONES 2
BONE 24 0.588921
BONE 22 0.411079

VERT 159
OFFSET 13.139957, -7.079834, -13.697144
BONES 2
BONE 24 0.580395
BONE 22 0.419605

VERT 160
OFFSET 13.166888, -7.087219, -14.172892
BONES 2
BONE 24 0.588365
BONE 22 0.411635

VERT 161
OFFSET 13.214890, -7.128451, -14.615266
BONES 2
BONE 24 0.600554
BONE 22 0.399446

VERT 162
OFFSET 13.225226, -7.376779, -15.049336
BONES 2
BONE 24 0.651685
BONE 22 0.348315

VERT 163
OFFSET 13.217292, -7.748196, -15.244547
BONES 2
BONE 24 0.670712
BONE 22 0.329288

VERT 164
OFFSET 13.233487, -8.136147, -15.230173
BONES 2
BONE 24 0.684558
BONE 22 0.315442

VERT 165
OFFSET 13.249569, -8.497365, -15.107507
BONES 2
BONE 24 0.639595
BONE 22 0.360405

VERT 166
OFFSET 13.215713, -8.882416, -14.764670
BONES 2
BONE 24 0.708678
BONE 22 0.291322

VERT 167
OFFSET 13.212076, -9.109335, -14.305449
BONES 2
BONE 24 0.719870
BONE 22 0.280130

VERT 168
OFFSET 17.324474, -6.876192, -15.692295
BONES 3
BONE 30 0.034141
BONE 43 0.940444
BONE 53 0.025415

VERT 169
OFFSET 17.618599, -6.761071, -15.832179
BONES 2
BONE 43 0.801922
BONE 53 0.198078

VERT 170
OFFSET 17.421316, -6.658071, -16.039001
BONES 2
BONE 43 0.796420
BONE 53 0.203580

VERT 171
OFFSET 17.120287, -6.753509, -15.948504
BONES 3
BONE 30 0.052450
BONE 43 0.907310
BONE 53 0.040240

VERT 172
OFFSET 17.390415, -6.707299, -16.312136
BONES 2
BONE 43 0.795340
BONE 53 0.204660

VERT 173
OFFSET 17.100101, -6.840999, -16.198812
BONES 3
BONE 30 0.015889
BONE 43 0.941597
BONE 53 0.042515

VERT 174
OFFSET 17.829166, -6.945150, -15.758130
BONES 2
BONE 43 0.826017
BONE 53 0.173983

VERT 175
OFFSET 17.596905, -7.113104, -15.644542
BONES 2
BONE 43 0.962761
BONE 53 0.037239

VERT 176
OFFSET 17.630510, -7.350031, -15.771573
BONES 2
BONE 43 0.980906
BONE 53 0.019094

VERT 177
OFFSET 17.946671, -7.177204, -15.901281
BONES 2
BONE 43 0.865376
BONE 53 0.134624

VERT 178
OFFSET 17.547010, -6.886662, -16.489008
BONES 2
BONE 43 0.757842
BONE 53 0.242158

VERT 179
OFFSET 17.190344, -7.037879, -16.382383
BONES 2
BONE 43 0.971691
BONE 53 0.028309

VERT 180
OFFSET 17.669428, -6.736417, -15.882165
BONES 2
BONE 43 0.707316
BONE 53 0.292684

VERT 181
OFFSET 17.478022, -6.645650, -16.066378
BONES 2
BONE 43 0.726124
BONE 53 0.273876

VERT 182
OFFSET 17.582645, -7.486056, -16.001429
BONES 2
BONE 43 0.985753
BONE 53 0.014247

VERT 183
OFFSET 17.864782, -7.300935, -16.076220
BONES 2
BONE 43 0.927455
BONE 53 0.072545

VERT 184
OFFSET 17.694967, -6.680744, -15.895456
BONES 2
BONE 43 0.473876
BONE 53 0.526124

VERT 185
OFFSET 17.540052, -6.628248, -16.094839
BONES 2
BONE 43 0.540742
BONE 53 0.459258

VERT 186
OFFSET 17.477915, -7.442453, -16.238894
BONES 2
BONE 43 0.987354
BONE 53 0.012646

VERT 187
OFFSET 17.770790, -7.266884, -16.285667
BONES 2
BONE 43 0.907434
BONE 53 0.092566

VERT 188
OFFSET 17.707914, -6.609817, -15.877269
BONES 3
BONE 43 0.320488
BONE 53 0.666578
BONE 63 0.012934

VERT 189
OFFSET 17.532593, -6.553957, -16.088175
BONES 3
BONE 43 0.324066
BONE 53 0.645890
BONE 63 0.030043

VERT 190
OFFSET 18.054884, -7.060306, -15.903922
BONES 2
BONE 43 0.572343
BONE 53 0.427657

VERT 191
OFFSET 17.887245, -6.860804, -15.785048
BONES 2
BONE 43 0.545273
BONE 53 0.454727

VERT 192
OFFSET 17.370750, -7.307732, -16.390232
BONES 2
BONE 43 0.973785
BONE 53 0.026215

VERT 193
OFFSET 17.274126, -7.149162, -16.392839
BONES 2
BONE 43 0.967811
BONE 53 0.032189

VERT 194
OFFSET 17.718826, -7.112451, -16.485983
BONES 2
BONE 43 0.704822
BONE 53 0.295178

VERT 195
OFFSET 17.463154, -6.681185, -16.334522
BONES 2
BONE 43 0.693287
BONE 53 0.306713

VERT 196
OFFSET 17.609077, -6.808082, -16.503431
BONES 2
BONE 43 0.534287
BONE 53 0.465713

VERT 197
OFFSET 18.107244, -6.930640, -15.944960
BONES 2
BONE 43 0.450107
BONE 53 0.549893

VERT 198
OFFSET 17.932005, -6.763636, -15.809519
BONES 2
BONE 43 0.337781
BONE 53 0.662219

VERT 199
OFFSET 18.085949, -7.092528, -15.987437
BONES 2
BONE 43 0.549806
BONE 53 0.450194

VERT 200
OFFSET 18.028040, -7.167477, -15.997202
BONES 2
BONE 43 0.645048
BONE 53 0.354952

VERT 201
OFFSET 17.973366, -7.232824, -16.104031
BONES 2
BONE 43 0.737074
BONE 53 0.262926

VERT 202
OFFSET 17.531382, -6.660600, -16.343988
BONES 3
BONE 43 0.426651
BONE 53 0.554479
BONE 63 0.018870

VERT 203
OFFSET 17.642607, -6.730274, -16.506294
BONES 2
BONE 43 0.448097
BONE 53 0.551903

VERT 204
OFFSET 17.729713, -6.412076, -15.872584
BONES 3
BONE 43 0.136827
BONE 53 0.760296
BONE 63 0.102877

VERT 205
OFFSET 17.542440, -6.398687, -16.107195
BONES 3
BONE 43 0.166086
BONE 53 0.750197
BONE 63 0.083717

VERT 206
OFFSET 17.957407, -6.708459, -15.822889
BONES 2
BONE 43 0.222228
BONE 53 0.777772

VERT 207
OFFSET 18.159163, -6.814523, -16.007877
BONES 3
BONE 43 0.368112
BONE 53 0.619227
BONE 63 0.012661

VERT 208
OFFSET 18.146978, -6.994578, -16.009136
BONES 2
BONE 43 0.484477
BONE 53 0.515523

VERT 209
OFFSET 17.907215, -7.195920, -16.318455
BONES 2
BONE 43 0.688764
BONE 53 0.311236

VERT 210
OFFSET 17.551079, -6.608440, -16.354134
BONES 3
BONE 43 0.332917
BONE 53 0.642064
BONE 63 0.025020

VERT 211
OFFSET 17.658245, -6.662570, -16.505238
BONES 2
BONE 43 0.382272
BONE 53 0.617728

VERT 212
OFFSET 18.103312, -7.146799, -16.147470
BONES 2
BONE 43 0.515725
BONE 53 0.484275

VERT 213
OFFSET 17.803492, -6.970604, -16.542448
BONES 2
BONE 43 0.513194
BONE 53 0.486806

VERT 214
OFFSET 17.990837, -6.369931, -15.850677
BONES 3
BONE 43 0.022999
BONE 53 0.868799
BONE 63 0.108202

VERT 215
OFFSET 18.174086, -6.319903, -15.989550
BONES 3
BONE 43 0.019060
BONE 53 0.915353
BONE 63 0.065587

VERT 216
OFFSET 18.168375, -7.024492, -16.172237
BONES 2
BONE 43 0.501046
BONE 53 0.498954

VERT 217
OFFSET 18.028450, -7.125183, -16.349684
BONES 2
BONE 43 0.509209
BONE 53 0.490791

VERT 218
OFFSET 17.844139, -7.106437, -16.448370
BONES 2
BONE 43 0.598100
BONE 53 0.401900

VERT 219
OFFSET 17.890072, -7.044501, -16.504364
BONES 2
BONE 43 0.515076
BONE 53 0.484924

VERT 220
OFFSET 17.858858, -6.865376, -16.553677
BONES 2
BONE 43 0.465846
BONE 53 0.534154

VERT 221
OFFSET 17.574463, -6.359431, -16.371656
BONES 3
BONE 43 0.137351
BONE 53 0.744888
BONE 63 0.117761

VERT 222
OFFSET 17.756260, -6.279569, -16.488241
BONES 3
BONE 43 0.012502
BONE 53 0.818319
BONE 63 0.169178

VERT 223
OFFSET 18.200182, -6.876675, -16.177351
BONES 3
BONE 43 0.426539
BONE 53 0.561462
BONE 63 0.011999

VERT 224
OFFSET 18.247572, -6.287039, -16.178490
BONES 3
BONE 43 0.016874
BONE 53 0.921844
BONE 63 0.061282

VERT 225
OFFSET 18.081341, -6.999886, -16.373472
BONES 2
BONE 43 0.499831
BONE 53 0.500169

VERT 226
OFFSET 17.936253, -6.909710, -16.525377
BONES 2
BONE 43 0.475895
BONE 53 0.524105

VERT 227
OFFSET 17.920153, -6.793344, -16.550318
BONES 3
BONE 43 0.411155
BONE 53 0.573887
BONE 63 0.014959

VERT 228
OFFSET 18.109835, -6.856641, -16.392969
BONES 3
BONE 43 0.424785
BONE 53 0.564061
BONE 63 0.011154

VERT 229
OFFSET 18.181952, -6.255117, -16.390240
BONES 2
BONE 53 0.934214
BONE 63 0.065786

VERT 230
OFFSET 18.002848, -6.235519, -16.533976
BONES 2
BONE 53 0.847064
BONE 63 0.152936

VERT 231
OFFSET 17.780598, -6.177991, -15.928882
BONES 2
BONE 53 0.626007
BONE 63 0.373993

VERT 232
OFFSET 17.773108, -6.126950, -15.935874
BONES 2
BONE 53 0.437233
BONE 63 0.562767

VERT 233
OFFSET 17.646072, -6.122511, -16.166677
BONES 2
BONE 53 0.423960
BONE 63 0.576040

VERT 234
OFFSET 17.611898, -6.157817, -16.152159
BONES 2
BONE 53 0.569458
BONE 63 0.430542

VERT 235
OFFSET 17.634270, -5.909817, -15.904234
BONES 2
BONE 53 0.161540
BONE 63 0.838460

VERT 236
OFFSET 17.486485, -5.897927, -16.116978
BONES 2
BONE 53 0.057883
BONE 63 0.942117

VERT 237
OFFSET 18.145163, -6.048594, -15.932579
BONES 2
BONE 53 0.483271
BONE 63 0.516729

VERT 238
OFFSET 17.976149, -6.107873, -15.836891
BONES 2
BONE 53 0.485515
BONE 63 0.514485

VERT 239
OFFSET 17.989763, -6.184537, -15.841510
BONES 2
BONE 53 0.707584
BONE 63 0.292416

VERT 240
OFFSET 18.170389, -6.170845, -15.971704
BONES 2
BONE 53 0.810587
BONE 63 0.189413

VERT 241
OFFSET 18.220758, -5.993502, -16.154652
BONES 2
BONE 53 0.515449
BONE 63 0.484551

VERT 242
OFFSET 18.253500, -6.131418, -16.171114
BONES 2
BONE 53 0.826792
BONE 63 0.173208

VERT 243
OFFSET 18.037226, -5.748641, -15.889215
BONES 2
BONE 53 0.091116
BONE 63 0.908884

VERT 244
OFFSET 17.880577, -5.828481, -15.805250
BONES 2
BONE 53 0.128074
BONE 63 0.871926

VERT 245
OFFSET 18.059412, -5.682937, -16.070883
BONES 2
BONE 53 0.047102
BONE 63 0.952898

VERT 246
OFFSET 18.130358, -5.973110, -16.370333
BONES 2
BONE 53 0.463595
BONE 63 0.536405

VERT 247
OFFSET 18.180836, -6.104591, -16.384998
BONES 2
BONE 53 0.773192
BONE 63 0.226808

VERT 248
OFFSET 17.782936, -6.125941, -16.482138
BONES 2
BONE 53 0.672499
BONE 63 0.327501

VERT 249
OFFSET 17.633270, -6.147115, -16.355711
BONES 2
BONE 53 0.635138
BONE 63 0.364862

VERT 250
OFFSET 17.658983, -6.098796, -16.353636
BONES 2
BONE 53 0.454789
BONE 63 0.545211

VERT 251
OFFSET 17.782755, -6.040201, -16.469580
BONES 2
BONE 53 0.458962
BONE 63 0.541038

VERT 252
OFFSET 17.571495, -5.725383, -15.871364
BONES 2
BONE 53 0.080942
BONE 63 0.919058

VERT 253
OFFSET 17.447977, -5.702701, -16.093653
BONES 2
BONE 53 0.029163
BONE 63 0.970837

VERT 254
OFFSET 17.953611, -5.634703, -16.295465
BONES 2
BONE 53 0.031733
BONE 63 0.968267

VERT 255
OFFSET 17.559038, -5.743088, -16.344877
BONES 2
BONE 53 0.069228
BONE 63 0.930772

VERT 256
OFFSET 17.716328, -5.682951, -16.398176
BONES 2
BONE 53 0.070662
BONE 63 0.929338

VERT 257
OFFSET 17.771759, -5.549995, -15.814165
BONES 1
BONE 63 1.000000

VERT 258
OFFSET 17.846169, -5.456963, -15.875956
BONES 1
BONE 63 1.000000

VERT 259
OFFSET 17.876623, -5.374546, -16.025932
BONES 1
BONE 63 1.000000

VERT 260
OFFSET 18.004389, -6.097522, -16.525326
BONES 2
BONE 53 0.722476
BONE 63 0.277524

VERT 261
OFFSET 17.980852, -5.980028, -16.500845
BONES 2
BONE 53 0.445816
BONE 63 0.554184

VERT 262
OFFSET 17.461515, -5.456079, -16.050985
BONES 1
BONE 63 1.000000

VERT 263
OFFSET 17.560612, -5.487135, -15.870233
BONES 1
BONE 63 1.000000

VERT 264
OFFSET 17.584538, -5.344203, -15.898885
BONES 1
BONE 63 1.000000

VERT 265
OFFSET 17.526026, -5.317408, -16.025408
BONES 1
BONE 63 1.000000

VERT 266
OFFSET 17.806665, -5.346529, -16.195950
BONES 1
BONE 63 1.000000

VERT 267
OFFSET 17.824326, -5.641733, -16.409927
BONES 2
BONE 53 0.041666
BONE 63 0.958334

VERT 268
OFFSET 17.500942, -5.452864, -16.252863
BONES 1
BONE 63 1.000000

VERT 269
OFFSET 17.637877, -5.430153, -16.310165
BONES 1
BONE 63 1.000000

VERT 270
OFFSET 17.528612, -5.315427, -16.161457
BONES 1
BONE 63 1.000000

VERT 271
OFFSET 17.786636, -5.372363, -15.879754
BONES 1
BONE 63 1.000000

VERT 272
OFFSET 17.698235, -5.373908, -15.851990
BONES 1
BONE 63 1.000000

VERT 273
OFFSET 17.761803, -5.306331, -15.923012
BONES 1
BONE 63 1.000000

VERT 274
OFFSET 17.720236, -5.393856, -16.284519
BONES 1
BONE 63 1.000000

VERT 275
OFFSET 17.614735, -5.327697, -16.226068
BONES 1
BONE 63 1.000000

VERT 276
OFFSET 17.616898, -5.258067, -16.116943
BONES 1
BONE 63 1.000000

VERT 277
OFFSET 17.634165, -5.253953, -16.026691
BONES 1
BONE 63 1.000000

VERT 278
OFFSET 17.734293, -5.255720, -16.043118
BONES 1
BONE 63 1.000000

VERT 279
OFFSET 17.692795, -5.269730, -16.140652
BONES 1
BONE 63 1.000000

VERT 280
OFFSET 17.683636, -5.321475, -16.218819
BONES 1
BONE 63 1.000000

VERT 281
OFFSET 17.664120, -5.276213, -15.936130
BONES 1
BONE 63 1.000000

VERT 282
OFFSET 16.404886, -6.760285, -15.423048
BONES 4
BONE 22 0.267353
BONE 30 0.369607
BONE 43 0.178610
BONE 32 0.184430

VERT 283
OFFSET 15.764528, -7.099054, -15.971456
BONES 2
BONE 22 0.407098
BONE 30 0.592902

VERT 284
OFFSET 15.923302, -8.167418, -15.526158
BONES 3
BONE 22 0.801976
BONE 30 0.124495
BONE 32 0.073528

VERT 285
OFFSET 15.837848, -7.994046, -15.707112
BONES 2
BONE 22 0.670607
BONE 30 0.329393

VERT 286
OFFSET 16.211725, -6.811454, -15.846206
BONES 3
BONE 22 0.291880
BONE 30 0.569954
BONE 43 0.138166

VERT 287
OFFSET 15.754407, -7.272029, -16.013550
BONES 2
BONE 22 0.439826
