// Export filename: 'C:/projects/cod/t5/model_export/viewmodels/cod7/viewmodel_usa_cuban_casual_fullbody.XMODEL_EXPORT'
// Source filename: 'D:/projects/devart/t5/model_export/viewmodels/cod7/viewmodel_usa_cuban_casual_fullbody.mb'
// Export time: Tue Aug 10 12:51:17 2010
MODEL
VERSION 6

NUMBONES 70
BONE 0 -1 "TAG_ORIGIN"
BONE 1 0 "J_MainRoot"
BONE 2 0 "TAG_SYNC"
BONE 3 1 "J_Hip_LE"
BONE 4 1 "J_Hip_RI"
BONE 5 1 "J_SpineLower"
BONE 6 1 "tag_view"
BONE 7 1 "tag_weapon"
BONE 8 3 "J_HipTwist_LE"
BONE 9 4 "J_HipTwist_RI"
BONE 10 3 "J_Knee_LE"
BONE 11 4 "J_Knee_RI"
BONE 12 5 "J_SpineUpper"
BONE 13 6 "tag_cambone"
BONE 14 6 "tag_player"
BONE 15 10 "J_Ankle_LE"
BONE 16 11 "J_Ankle_RI"
BONE 17 10 "J_Knee_Bulge_LE"
BONE 18 11 "J_Knee_Bulge_RI"
BONE 19 12 "J_Spine4"
BONE 20 13 "tag_camera"
BONE 21 15 "J_Ball_LE"
BONE 22 16 "J_Ball_RI"
BONE 23 19 "J_Clavicle_LE"
BONE 24 19 "J_Clavicle_RI"
BONE 25 19 "J_ShoulderRaise_LE"
BONE 26 19 "J_ShoulderRaise_RI"
BONE 27 20 "tag_gasmask"
BONE 28 23 "J_Shoulder_LE"
BONE 29 24 "J_Shoulder_RI"
BONE 30 28 "J_Elbow_Bulge_LE"
BONE 31 29 "J_Elbow_Bulge_RI"
BONE 32 28 "J_Elbow_LE"
BONE 33 29 "J_Elbow_RI"
BONE 34 28 "J_ShoulderTwist_LE"
BONE 35 29 "J_ShoulderTwist_RI"
BONE 36 32 "J_Wrist_LE"
BONE 37 33 "J_Wrist_RI"
BONE 38 32 "J_WristTwist_LE"
BONE 39 33 "J_WristTwist_RI"
BONE 40 36 "J_Index_LE_1"
BONE 41 37 "J_Index_RI_1"
BONE 42 36 "J_Mid_LE_1"
BONE 43 37 "J_Mid_RI_1"
BONE 44 36 "J_Pinky_LE_1"
BONE 45 37 "J_Pinky_RI_1"
BONE 46 36 "J_Ring_LE_1"
BONE 47 37 "J_Ring_RI_1"
BONE 48 36 "J_Thumb_LE_1"
BONE 49 37 "J_Thumb_RI_1"
BONE 50 40 "J_Index_LE_2"
BONE 51 41 "J_Index_RI_2"
BONE 52 42 "J_Mid_LE_2"
BONE 53 43 "J_Mid_RI_2"
BONE 54 44 "J_Pinky_LE_2"
BONE 55 45 "J_Pinky_RI_2"
BONE 56 46 "J_Ring_LE_2"
BONE 57 47 "J_Ring_RI_2"
BONE 58 48 "J_Thumb_LE_2"
BONE 59 49 "J_Thumb_RI_2"
BONE 60 50 "J_Index_LE_3"
BONE 61 51 "J_Index_RI_3"
BONE 62 52 "J_Mid_LE_3"
BONE 63 53 "J_Mid_RI_3"
BONE 64 54 "J_Pinky_LE_3"
BONE 65 55 "J_Pinky_RI_3"
BONE 66 56 "J_Ring_LE_3"
BONE 67 57 "J_Ring_RI_3"
BONE 68 58 "J_Thumb_LE_3"
BONE 69 59 "J_Thumb_RI_3"

BONE 0
OFFSET 0.000002, -2.222000, 0.000042
SCALE 1.000000, 1.000000, 1.000000
X -0.000000, -1.000000, -0.000001
Y 1.000000, -0.000000, 0.000000
Z -0.000000, -0.000001, 1.000000

BONE 1
OFFSET 0.000082, 1.218927, 37.228020
SCALE 1.000000, 1.000000, 1.000000
X 0.000005, 0.024825, 0.999692
Y 0.000006, -0.999692, 0.024825
Z 1.000000, 0.000006, -0.000005

BONE 2
OFFSET 0.000002, -2.219720, 0.000042
SCALE 1.000000, 1.000000, 1.000000
X -0.000000, -1.000000, -0.000003
Y 1.000000, -0.000000, 0.000000
Z -0.000000, -0.000003, 1.000000

BONE 3
OFFSET 4.865472, 1.218951, 37.228016
SCALE 1.000000, 1.000000, 1.000000
X -0.008941, 0.033879, -0.999386
Y -0.004877, -0.999415, -0.033837
Z -0.999948, 0.004571, 0.009101

BONE 4
OFFSET -4.865293, 1.218927, 37.227978
SCALE 1.000000, 1.000000, 1.000000
X -0.008909, -0.033842, 0.999388
Y -0.004870, 0.999417, 0.033800
Z -0.999948, -0.004566, -0.009069

BONE 5
OFFSET 0.000089, 1.148792, 42.432632
SCALE 1.000000, 1.000000, 1.000000
X 0.000001, 0.029870, 0.999554
Y -0.000002, -0.999554, 0.029870
Z 1.000000, -0.000002, -0.000001

BONE 6
OFFSET 0.000209, 0.000000, 59.999790
SCALE 1.000000, 1.000000, 1.000000
X -0.000000, -1.000000, -0.000000
Y 1.000000, -0.000000, 0.000000
Z 0.000000, -0.000000, 1.000000

BONE 7
OFFSET 0.000252, -11.431026, 43.923088
SCALE 1.000000, 1.000000, 1.000000
X -0.000000, -1.000000, -0.000000
Y 1.000000, -0.000000, 0.000000
Z 0.000000, -0.000000, 1.000000

BONE 8
OFFSET 4.837310, 1.325658, 34.080341
SCALE 1.000000, 1.000000, 1.000000
X -0.008941, 0.033879, -0.999386
Y -0.004864, -0.999416, -0.033837
Z -0.999948, 0.004558, 0.009101

BONE 9
OFFSET -4.837236, 1.325506, 34.080624
SCALE 1.000000, 1.000000, 1.000000
X -0.008909, -0.033842, 0.999388
Y -0.004874, 0.999417, 0.033800
Z -0.999948, -0.004570, -0.009069

BONE 10
OFFSET 4.708874, 1.812570, 19.727123
SCALE 1.000000, 1.000000, 1.000000
X -0.008203, 0.166937, -0.985933
Y -0.006021, -0.985957, -0.166891
Z -0.999948, 0.004567, 0.009093

BONE 11
OFFSET -4.708568, 1.812141, 19.727461
SCALE 1.000000, 1.000000, 1.000000
X -0.008167, -0.166975, 0.985927
Y -0.006022, 0.985950, 0.166929
Z -0.999949, -0.004574, -0.009057

BONE 12
OFFSET 0.000094, 1.131313, 47.652164
SCALE 1.000000, 1.000000, 1.000000
X 0.000003, -0.020406, 0.999792
Y 0.000005, -0.999792, -0.020406
Z 1.000000, 0.000006, -0.000003

BONE 13
OFFSET 0.000209, 0.000000, 59.999790
SCALE 1.000000, 1.000000, 1.000000
X -0.000000, -1.000000, -0.000000
Y 1.000000, -0.000000, 0.000000
Z 0.000000, -0.000000, 1.000000

BONE 14
OFFSET 0.000209, 0.000000, -0.000000
SCALE 1.000000, 1.000000, 1.000000
X -0.000000, -1.000000, -0.000000
Y 1.000000, -0.000000, 0.000000
Z 0.000000, -0.000000, 1.000000

BONE 15
OFFSET 4.584381, 4.343949, 4.776942
SCALE 1.000000, 1.000000, 1.000000
X -0.000000, -0.008729, -0.999962
Y 0.016577, -0.999824, 0.008728
Z -0.999863, -0.016577, 0.000145

BONE 16
OFFSET -4.584069, 4.344151, 4.777238
SCALE 1.000000, 1.000000, 1.000000
X 0.000009, 0.008730, 0.999962
Y 0.016581, 0.999824, -0.008729
Z -0.999862, 0.016581, -0.000136

BONE 17
OFFSET 4.700433, -0.061928, 19.740456
SCALE 1.000000, 1.000000, 1.000000
X -0.000006, 0.029848, 0.999554
Y -0.000002, -0.999554, 0.029848
Z 1.000000, -0.000002, 0.000006

BONE 18
OFFSET -4.688321, -0.066477, 19.765478
SCALE 1.000000, 1.000000, 1.000000
X -0.000042, -0.029855, -0.999554
Y -0.000010, 0.999554, -0.029855
Z 1.000000, 0.000009, -0.000042

BONE 19
OFFSET 0.000090, 1.067745, 51.758411
SCALE 1.000000, 1.000000, 1.000000
X 0.000002, -0.047080, 0.998891
Y 0.000010, -0.998891, -0.047080
Z 1.000000, 0.000011, -0.000001

BONE 20
OFFSET 0.000209, 0.000000, 59.999790
SCALE 1.000000, 1.000000, 1.000000
X -0.000000, -1.000000, -0.000000
Y 1.000000, -0.000000, 0.000000
Z 0.000000, -0.000000, 1.000000

BONE 21
OFFSET 4.746620, -1.234840, 0.330913
SCALE 1.000000, 1.000000, 1.000000
X 0.016342, -0.983115, 0.182258
Y -0.002855, 0.182235, 0.983251
Z -0.999862, -0.016588, 0.000171

BONE 22
OFFSET -4.746290, -1.234591, 0.331138
SCALE 1.000000, 1.000000, 1.000000
X 0.016296, 0.983125, -0.182210
Y -0.002898, -0.182187, -0.983260
Z -0.999863, 0.016551, -0.000120

BONE 23
OFFSET 1.356609, 1.015539, 56.400341
SCALE 1.000000, 1.000000, 1.000000
X 0.997183, -0.019399, 0.072449
Y 0.018071, 0.999657, 0.018947
Z -0.072792, -0.017584, 0.997192

BONE 24
OFFSET -1.356719, 1.015542, 56.400444
SCALE 1.000000, 1.000000, 1.000000
X 0.997186, 0.019411, -0.072414
Y 0.018084, -0.999657, -0.018932
Z -0.072757, 0.017569, -0.997195

BONE 25
OFFSET 4.025334, 0.920922, 58.859638
SCALE 1.000000, 1.000000, 1.000000
X -0.997186, 0.019392, -0.072414
Y -0.018067, -0.999658, -0.018910
Z -0.072756, -0.017549, 0.997195

BONE 26
OFFSET -4.025115, 0.920835, 58.859825
SCALE 1.000000, 1.000000, 1.000000
X -0.997185, -0.019413, 0.072417
Y -0.018088, 0.999658, 0.018910
Z -0.072759, 0.017547, -0.997195

BONE 27
OFFSET 0.000209, -1.540442, 64.135536
SCALE 1.000000, 1.000000, 1.000000
X -0.000000, -1.000000, -0.000000
Y 1.000000, -0.000000, 0.000000
Z 0.000000, -0.000000, 1.000000

BONE 28
OFFSET 7.725458, 0.891629, 56.863182
SCALE 1.000000, 1.000000, 1.000000
X 0.662981, -0.260696, -0.701779
Y 0.273873, 0.956889, -0.096732
Z 0.696743, -0.128067, 0.705796

BONE 29
OFFSET -7.725506, 0.891564, 56.862965
SCALE 1.000000, 1.000000, 1.000000
X 0.662960, 0.260726, 0.701788
Y 0.273916, -0.956876, 0.096734
Z 0.696745, 0.128101, -0.705788

BONE 30
OFFSET 15.846270, -1.632336, 48.642548
SCALE 1.000000, 1.000000, 1.000000
X 0.294563, -0.846066, -0.444303
Y 0.654051, 0.517466, -0.551767
Z 0.696743, -0.128067, 0.705796

BONE 31
OFFSET -15.846113, -1.632834, 48.642265
SCALE 1.000000, 1.000000, 1.000000
X 0.294518, 0.846079, 0.444308
Y 0.654068, -0.517437, 0.551773
Z 0.696745, 0.128101, -0.705788

BONE 32
OFFSET 15.742274, -1.805675, 48.713013
SCALE 1.000000, 1.000000, 1.000000
X 0.294845, -0.845858, -0.444512
Y 0.653923, 0.517813, -0.551593
Z 0.696743, -0.128042, 0.705801

BONE 33
OFFSET -15.742270, -1.806072, 48.712933
SCALE 1.000000, 1.000000, 1.000000
X 0.294819, 0.845861, 0.444523
Y 0.653933, -0.517800, 0.551592
Z 0.696745, 0.128069, -0.705794

BONE 34
OFFSET 8.032188, 0.771017, 56.538502
SCALE 1.000000, 1.000000, 1.000000
X 0.662981, -0.260696, -0.701779
Y 0.273875, 0.956889, -0.096730
Z 0.696742, -0.128070, 0.705797

BONE 35
OFFSET -8.001591, 0.782987, 56.570709
SCALE 1.000000, 1.000000, 1.000000
X 0.662960, 0.260726, 0.701788
Y 0.273908, -0.956878, 0.096742
Z 0.696748, 0.128089, -0.705787

BONE 36
OFFSET 18.585669, -10.419226, 44.089733
SCALE 1.000000, 1.000000, 1.000000
X 0.299004, -0.782064, -0.546784
Y -0.792522, 0.115636, -0.598779
Z 0.531512, 0.612376, -0.585227

BONE 37
OFFSET -18.585567, -10.419399, 44.089657
SCALE 1.000000, 1.000000, 1.000000
X 0.299011, 0.782058, 0.546788
Y -0.792524, -0.115633, 0.598778
Z 0.531506, -0.612384, 0.585224

BONE 38
OFFSET 17.753496, -7.897926, 45.442410
SCALE 1.000000, 1.000000, 1.000000
X 0.294846, -0.845857, -0.444513
Y 0.653930, 0.517812, -0.551585
Z 0.696736, -0.128048, 0.705806

BONE 39
OFFSET -17.753546, -7.898361, 45.442448
SCALE 1.000000, 1.000000, 1.000000
X 0.294819, 0.845861, 0.444523
Y 0.653933, -0.517800, 0.551592
Z 0.696745, 0.128069, -0.705794

BONE 40
OFFSET 18.943596, -14.118733, 43.296165
SCALE 1.000000, 1.000000, 1.000000
X 0.252533, -0.921880, -0.293878
Y -0.670074, 0.052482, -0.740436
Z 0.698017, 0.383905, -0.604475

BONE 41
OFFSET -18.943485, -14.118932, 43.296089
SCALE 1.000000, 1.000000, 1.000000
X 0.252692, 0.921873, 0.293763
Y -0.670040, -0.052297, 0.740480
Z 0.697992, -0.383946, 0.604477

BONE 42
OFFSET 19.641989, -13.608097, 42.701954
SCALE 1.000000, 1.000000, 1.000000
X 0.066843, -0.793765, -0.604540
Y -0.837155, 0.285040, -0.466823
Z 0.542866, 0.537298, -0.645452

BONE 43
OFFSET -19.641909, -13.608223, 42.701809
SCALE 1.000000, 1.000000, 1.000000
X 0.066887, 0.793771, 0.604528
Y -0.837171, -0.284987, 0.466827
Z 0.542836, -0.537317, 0.645460

BONE 44
OFFSET 20.410118, -12.159682, 41.480377
SCALE 1.000000, 1.000000, 1.000000
X -0.099274, -0.722106, -0.684623
Y -0.848031, 0.421335, -0.321434
Z 0.520565, 0.548671, -0.654195

BONE 45
OFFSET -20.410091, -12.159837, 41.480251
SCALE 1.000000, 1.000000, 1.000000
X -0.099304, 0.722089, 0.684635
Y -0.848020, -0.421369, 0.321418
Z 0.520577, -0.548666, 0.654190

BONE 46
OFFSET 20.114302, -12.876246, 42.061901
SCALE 1.000000, 1.000000, 1.000000
X -0.006006, -0.738898, -0.673791
Y -0.878970, 0.325202, -0.348791
Z 0.476839, 0.590147, -0.651422

BONE 47
OFFSET -20.114208, -12.876396, 42.061890
SCALE 1.000000, 1.000000, 1.000000
X -0.005979, 0.738908, 0.673780
Y -0.878978, -0.325169, 0.348801
Z 0.476825, -0.590152, 0.651428

BONE 48
OFFSET 18.473015, -11.541899, 44.177650
SCALE 1.000000, 1.000000, 1.000000
X -0.766327, -0.594301, -0.244027
Y 0.525231, -0.360813, -0.770679
Z 0.369968, -0.718763, 0.588646

BONE 49
OFFSET -18.472874, -11.542074, 44.177635
SCALE 1.000000, 1.000000, 1.000000
X -0.766329, 0.594294, 0.244036
Y 0.525229, 0.360803, 0.770685
Z 0.369965, 0.718773, -0.588635

BONE 50
OFFSET 19.335176, -15.548034, 42.840546
SCALE 1.000000, 1.000000, 1.000000
X -0.305493, -0.603804, -0.736271
Y -0.647669, 0.698577, -0.304162
Z 0.697997, 0.383940, -0.604476

BONE 51
OFFSET -19.335234, -15.548249, 42.840523
SCALE 1.000000, 1.000000, 1.000000
X -0.305842, 0.603512, 0.736365
Y -0.647460, -0.698892, 0.303884
Z 0.698038, -0.383827, 0.604500

BONE 52
OFFSET 19.766018, -15.080857, 41.580357
SCALE 1.000000, 1.000000, 1.000000
X -0.742584, -0.051931, -0.667737
Y -0.392291, 0.841795, 0.370795
Z 0.542841, 0.537294, -0.645475

BONE 53
OFFSET -19.765930, -15.081016, 41.579948
SCALE 1.000000, 1.000000, 1.000000
X -0.742558, 0.051921, 0.667766
Y -0.392315, -0.841780, -0.370804
Z 0.542860, -0.537318, 0.645439

BONE 54
OFFSET 20.291075, -13.025280, 40.659801
SCALE 1.000000, 1.000000, 1.000000
X -0.734217, -0.103408, -0.670993
Y -0.435791, 0.829631, 0.348997
Z 0.520587, 0.548653, -0.654194

BONE 55
OFFSET -20.291012, -13.025424, 40.659672
SCALE 1.000000, 1.000000, 1.000000
X -0.734208, 0.103424, 0.671001
Y -0.435814, -0.829619, -0.348996
Z 0.520581, -0.548667, 0.654187

BONE 56
OFFSET 20.104219, -14.119193, 40.928596
SCALE 1.000000, 1.000000, 1.000000
X -0.750598, -0.112264, -0.651152
Y -0.457408, 0.799450, 0.389433
Z 0.476844, 0.590150, -0.651416

BONE 57
OFFSET -20.104130, -14.119358, 40.928261
SCALE 1.000000, 1.000000, 1.000000
X -0.750602, 0.112272, 0.651146
Y -0.457410, -0.799450, -0.389431
Z 0.476836, -0.590148, 0.651423

BONE 58
OFFSET 16.629330, -12.971684, 43.590553
SCALE 1.000000, 1.000000, 1.000000
X -0.513767, -0.686190, -0.514963
Y 0.774059, -0.111908, -0.623144
Z 0.369966, -0.718763, 0.588646

BONE 59
OFFSET -16.629194, -12.971821, 43.590179
SCALE 1.000000, 1.000000, 1.000000
X -0.513765, 0.686181, 0.514977
Y 0.774059, 0.111890, 0.623148
Z 0.369972, 0.718774, -0.588629

BONE 60
OFFSET 19.038221, -16.134914, 42.125023
SCALE 1.000000, 1.000000, 1.000000
X -0.554097, -0.245160, -0.795533
Y -0.453622, 0.890222, 0.041612
Z 0.698000, 0.383929, -0.604479

BONE 61
OFFSET -19.037983, -16.134798, 42.125008
SCALE 1.000000, 1.000000, 1.000000
X -0.553871, 0.245483, 0.795591
Y -0.453788, -0.890154, -0.041256
Z 0.698071, -0.383880, 0.604428

BONE 62
OFFSET 18.948034, -15.138112, 40.844826
SCALE 1.000000, 1.000000, 1.000000
X -0.836744, 0.280258, -0.470441
Y -0.071875, 0.795463, 0.601724
Z 0.542857, 0.537302, -0.645456

BONE 63
OFFSET -18.947971, -15.138271, 40.844528
SCALE 1.000000, 1.000000, 1.000000
X -0.836742, -0.280254, 0.470448
Y -0.071886, -0.795461, -0.601726
Z 0.542859, -0.537308, 0.645449

BONE 64
OFFSET 19.784019, -13.096679, 40.196491
SCALE 1.000000, 1.000000, 1.000000
X -0.853803, 0.339164, -0.394953
Y 0.005198, 0.764171, 0.644992
Z 0.520570, 0.548643, -0.654215

BONE 65
OFFSET -19.783998, -13.096812, 40.196270
SCALE 1.000000, 1.000000, 1.000000
X -0.853799, -0.339166, 0.394959
Y 0.005186, -0.764161, -0.645004
Z 0.520576, -0.548656, 0.654199

BONE 66
OFFSET 19.396437, -14.225060, 40.314682
SCALE 1.000000, 1.000000, 1.000000
X -0.861545, 0.166924, -0.479454
Y -0.174209, 0.789854, 0.588033
Z 0.476856, 0.590142, -0.651415

BONE 67
OFFSET -19.396343, -14.225204, 40.314499
SCALE 1.000000, 1.000000, 1.000000
X -0.861557, -0.166916, 0.479436
Y -0.174209, -0.789846, -0.588043
Z 0.476834, -0.590155, 0.651419

BONE 68
OFFSET 16.015608, -13.791351, 42.975456
SCALE 1.000000, 1.000000, 1.000000
X -0.178188, -0.676734, -0.714339
Y 0.911796, 0.159395, -0.378446
Z 0.369969, -0.718766, 0.588641

BONE 69
OFFSET -16.015455, -13.791477, 42.975048
SCALE 1.000000, 1.000000, 1.000000
X -0.178183, 0.676724, 0.714350
Y 0.911791, -0.159415, 0.378450
Z 0.369984, 0.718771, -0.588626

NUMVERTS 5067
VERT 0
OFFSET 5.867678, -6.449704, 1.579642
BONES 2
BONE 15 0.000013
BONE 21 0.999987

VERT 1
OFFSET 4.709231, -6.510514, 1.622065
BONES 2
BONE 15 0.000048
BONE 21 0.999952

VERT 2
OFFSET 3.578465, -5.858811, 1.451703
BONES 2
BONE 15 0.021568
BONE 21 0.978432

VERT 3
OFFSET 2.975017, -4.821593, 1.028901
BONES 3
BONE 10 0.000001
BONE 15 0.087640
BONE 21 0.912359

VERT 4
OFFSET 2.710754, -3.625514, 0.733196
BONES 3
BONE 10 0.000011
BONE 15 0.197663
BONE 21 0.802325

VERT 5
OFFSET 7.493079, -4.127431, 0.913700
BONES 3
BONE 10 0.000003
BONE 15 0.088911
BONE 21 0.911086

VERT 6
OFFSET 7.540582, -2.773228, 0.693130
BONES 3
BONE 10 0.000011
BONE 15 0.251902
BONE 21 0.748087

VERT 7
OFFSET 7.129621, -5.372652, 1.251210
BONES 3
BONE 10 0.000000
BONE 15 0.018141
BONE 21 0.981859

VERT 8
OFFSET 6.457741, -6.161419, 1.490879
BONES 3
BONE 10 0.000000
BONE 15 0.002696
BONE 21 0.997304

VERT 9
OFFSET 3.984104, -6.278821, 1.575381
BONES 2
BONE 15 0.001217
BONE 21 0.998783

VERT 10
OFFSET 2.871332, 1.887751, -0.000000
BONES 3
BONE 10 0.005104
BONE 15 0.994781
BONE 21 0.000114

VERT 11
OFFSET 2.446871, 3.277290, -0.000000
BONES 3
BONE 10 0.004509
BONE 15 0.995467
BONE 21 0.000024

VERT 12
OFFSET 6.094895, 4.682421, -0.000000
BONES 3
BONE 10 0.001884
BONE 15 0.997784
BONE 21 0.000332

VERT 13
OFFSET 5.462547, 5.612163, -0.021296
BONES 3
BONE 10 0.002272
BONE 15 0.997727
BONE 21 0.000000

VERT 14
OFFSET 4.017914, 6.250187, -0.000000
BONES 3
BONE 10 0.003391
BONE 15 0.996609
BONE 21 0.000000

VERT 15
OFFSET 6.322149, 3.614575, 0.008109
BONES 3
BONE 10 0.001455
BONE 15 0.997251
BONE 21 0.001294

VERT 16
OFFSET 6.517289, 2.551964, -0.000000
BONES 3
BONE 10 0.000860
BONE 15 0.996635
BONE 21 0.002505

VERT 17
OFFSET 2.932249, 1.942195, 0.833747
BONES 3
BONE 10 0.030284
BONE 15 0.969040
BONE 21 0.000676

VERT 18
OFFSET 6.541583, 2.559812, 0.864751
BONES 3
BONE 10 0.004252
BONE 15 0.985434
BONE 21 0.010315

VERT 19
OFFSET 6.227840, 3.578281, 1.230869
BONES 3
BONE 10 0.020620
BONE 15 0.978159
BONE 21 0.001221

VERT 20
OFFSET 6.463077, 2.160201, 1.197074
BONES 3
BONE 10 0.028221
BONE 15 0.946833
BONE 21 0.024946

VERT 21
OFFSET 7.450709, -1.433006, 0.620193
BONES 3
BONE 10 0.000118
BONE 15 0.505641
BONE 21 0.494241

VERT 22
OFFSET 7.209731, -0.504469, 0.684865
BONES 3
BONE 10 0.000763
BONE 15 0.679944
BONE 21 0.319294

VERT 23
OFFSET 7.340462, -0.345511, 0.400402
BONES 3
BONE 10 0.000921
BONE 15 0.703090
BONE 21 0.295989

VERT 24
OFFSET 3.061496, -2.322285, 0.656753
BONES 3
BONE 10 0.000230
BONE 15 0.419537
BONE 21 0.580233

VERT 25
OFFSET 3.385067, -6.159206, 0.841696
BONES 2
BONE 15 0.014603
BONE 21 0.985397

VERT 26
OFFSET 2.901248, -5.019161, 0.455317
BONES 3
BONE 10 0.000000
BONE 15 0.061877
BONE 21 0.938123

VERT 27
OFFSET 7.619400, -4.267099, 0.252030
BONES 2
BONE 15 0.062202
BONE 21 0.937798

VERT 28
OFFSET 7.616809, -2.849252, 0.016657
BONES 2
BONE 15 0.233199
BONE 21 0.766801

VERT 29
OFFSET 5.907223, -6.672918, 0.930441
BONES 2
BONE 15 0.000404
BONE 21 0.999596

VERT 30
OFFSET 4.630628, -6.760598, 1.005557
BONES 2
BONE 15 0.000311
BONE 21 0.999689

VERT 31
OFFSET 3.940169, -6.605462, 0.982041
BONES 2
BONE 15 0.000314
BONE 21 0.999686

VERT 32
OFFSET 7.106123, -5.653049, 0.606145
BONES 2
BONE 15 0.006318
BONE 21 0.993682

VERT 33
OFFSET 6.465875, -6.335394, 0.788058
BONES 2
BONE 15 0.000952
BONE 21 0.999048

VERT 34
OFFSET 2.648803, -3.729308, 0.137795
BONES 3
BONE 10 0.000000
BONE 15 0.179909
BONE 21 0.820091

VERT 35
OFFSET 7.554248, -1.458964, 0.008006
BONES 2
BONE 15 0.482528
BONE 21 0.517472

VERT 36
OFFSET 7.282450, -0.345511, -0.002189
BONES 3
BONE 10 0.000152
BONE 15 0.652939
BONE 21 0.346909

VERT 37
OFFSET 2.925361, -2.286422, -0.014505
BONES 3
BONE 10 0.000013
BONE 15 0.397972
BONE 21 0.602015

VERT 38
OFFSET 3.586993, -1.054423, 0.020649
BONES 3
BONE 10 0.000356
BONE 15 0.618798
BONE 21 0.380846

VERT 39
OFFSET 3.568858, -1.015232, 0.387746
BONES 3
BONE 10 0.001024
BONE 15 0.641677
BONE 21 0.357300

VERT 40
OFFSET 3.637270, -1.149441, 0.732273
BONES 3
BONE 10 0.001185
BONE 15 0.648091
BONE 21 0.350724

VERT 41
OFFSET 3.555629, 0.717497, 0.655086
BONES 3
BONE 10 0.012847
BONE 15 0.924730
BONE 21 0.062423

VERT 42
OFFSET 3.697636, 0.579019, 0.906239
BONES 3
BONE 10 0.010556
BONE 15 0.919993
BONE 21 0.069451

VERT 43
OFFSET 5.827497, 4.798814, 1.300921
BONES 3
BONE 10 0.029094
BONE 15 0.970640
BONE 21 0.000267

VERT 44
OFFSET 5.204695, 5.575963, 1.323967
BONES 2
BONE 10 0.041592
BONE 15 0.958408

VERT 45
OFFSET 4.088498, 5.853287, 1.294268
BONES 2
BONE 10 0.069932
BONE 15 0.930068

VERT 46
OFFSET 3.131621, 5.167020, 1.231154
BONES 3
BONE 10 0.088747
BONE 15 0.911249
BONE 21 0.000004

VERT 47
OFFSET 2.595025, 3.274733, 1.129115
BONES 3
BONE 10 0.055142
BONE 15 0.944667
BONE 21 0.000192

VERT 48
OFFSET 6.712121, 1.000917, 0.920435
BONES 3
BONE 10 0.001123
BONE 15 0.904128
BONE 21 0.094749

VERT 49
OFFSET 6.888801, 1.065047, 0.617245
BONES 3
BONE 10 0.001107
BONE 15 0.904311
BONE 21 0.094581

VERT 50
OFFSET 3.077729, 1.993169, 1.040188
BONES 3
BONE 10 0.031704
BONE 15 0.967443
BONE 21 0.000853

VERT 51
OFFSET 3.479709, -1.789947, 3.309154
BONES 3
BONE 10 0.089423
BONE 15 0.688779
BONE 21 0.221799

VERT 52
OFFSET 2.851074, -1.827301, 2.416715
BONES 3
BONE 10 0.013728
BONE 15 0.597667
BONE 21 0.388605

VERT 53
OFFSET 2.956510, -0.955071, 2.510406
BONES 3
BONE 10 0.030385
BONE 15 0.739730
BONE 21 0.229885

VERT 54
OFFSET 2.855987, -0.107274, 2.429084
BONES 3
BONE 10 0.067836
BONE 15 0.843148
BONE 21 0.089016

VERT 55
OFFSET 2.645308, 1.962963, 3.060954
BONES 2
BONE 10 0.251184
BONE 15 0.748816

VERT 56
OFFSET 2.547417, 3.007843, 2.395096
BONES 3
BONE 10 0.205032
BONE 15 0.794966
BONE 21 0.000002

VERT 57
OFFSET 2.446161, 3.808342, 2.647385
BONES 3
BONE 10 0.216662
BONE 15 0.783015
BONE 21 0.000323

VERT 58
OFFSET 2.754712, 2.875857, 3.603871
BONES 3
BONE 10 0.347558
BONE 15 0.652204
BONE 21 0.000238

VERT 59
OFFSET 3.179449, 4.877717, 4.017555
BONES 3
BONE 10 0.401933
BONE 15 0.598065
BONE 21 0.000002

VERT 60
OFFSET 2.792300, 5.122676, 2.961222
BONES 3
BONE 10 0.281955
BONE 15 0.718038
BONE 21 0.000008

VERT 61
OFFSET 3.727322, 5.844288, 4.339259
BONES 2
BONE 10 0.420995
BONE 15 0.579005

VERT 62
OFFSET 3.792632, 6.103146, 3.215237
BONES 2
BONE 10 0.308602
BONE 15 0.691398

VERT 63
OFFSET 5.176050, 5.801695, 4.471333
BONES 2
BONE 10 0.372783
BONE 15 0.627217

VERT 64
OFFSET 5.272660, 5.890861, 3.229092
BONES 2
BONE 10 0.253489
BONE 15 0.746511

VERT 65
OFFSET 6.288616, 3.979831, 2.905699
BONES 3
BONE 10 0.222650
BONE 15 0.777340
BONE 21 0.000011

VERT 66
OFFSET 6.360658, 2.845264, 3.851264
BONES 3
BONE 10 0.340251
BONE 15 0.656203
BONE 21 0.003546

VERT 67
OFFSET 6.434374, 3.075792, 2.350853
BONES 3
BONE 10 0.168753
BONE 15 0.830935
BONE 21 0.000312

VERT 68
OFFSET 6.977752, 1.120150, 2.598929
BONES 3
BONE 10 0.085157
BONE 15 0.880734
BONE 21 0.034109

VERT 69
OFFSET 6.889233, 1.403287, 1.546109
BONES 3
BONE 10 0.018563
BONE 15 0.919224
BONE 21 0.062212

VERT 70
OFFSET 5.502167, -0.711286, 4.201773
BONES 3
BONE 10 0.146572
BONE 15 0.851927
BONE 21 0.001502

VERT 71
OFFSET 6.650091, -1.441014, 3.147978
BONES 3
BONE 10 0.019316
BONE 15 0.663350
BONE 21 0.317334

VERT 72
OFFSET 6.879036, -2.616264, 2.708827
BONES 3
BONE 10 0.000535
BONE 15 0.374028
BONE 21 0.625437

VERT 73
OFFSET 5.888131, -2.672923, 3.161189
BONES 3
BONE 10 0.002120
BONE 15 0.431012
BONE 21 0.566869

VERT 74
OFFSET 3.369967, 0.321155, 4.620922
BONES 2
BONE 10 0.485848
BONE 15 0.514152

VERT 75
OFFSET 2.919903, 0.779327, 4.295493
BONES 3
BONE 10 0.376702
BONE 15 0.623081
BONE 21 0.000216

VERT 76
OFFSET 2.674252, 1.521601, 3.965909
BONES 3
BONE 10 0.308244
BONE 15 0.690963
BONE 21 0.000793

VERT 77
OFFSET 6.335046, 0.909963, 4.595310
BONES 3
BONE 10 0.261996
BONE 15 0.721094
BONE 21 0.016910

VERT 78
OFFSET 6.522019, 1.529733, 4.255241
BONES 3
BONE 10 0.298340
BONE 15 0.683742
BONE 21 0.017918

VERT 79
OFFSET 5.510756, 0.091389, 5.025863
BONES 3
BONE 10 0.287150
BONE 15 0.704505
BONE 21 0.008345

VERT 80
OFFSET 4.213754, -0.120209, 5.048613
BONES 2
BONE 10 0.421055
BONE 15 0.578945

VERT 81
OFFSET 3.350459, -0.658682, 3.644428
BONES 3
BONE 10 0.238283
BONE 15 0.731312
BONE 21 0.030405

VERT 82
OFFSET 4.361820, -0.873847, 4.202910
BONES 3
BONE 10 0.198164
BONE 15 0.675912
BONE 21 0.125923

VERT 83
OFFSET 5.967980, 5.031172, 3.174758
BONES 3
BONE 10 0.247608
BONE 15 0.752383
BONE 21 0.000009

VERT 84
OFFSET 5.685198, 4.845774, 4.305899
BONES 3
BONE 10 0.375937
BONE 15 0.624020
BONE 21 0.000043

VERT 85
OFFSET 4.737295, -2.675890, 3.313091
BONES 3
BONE 10 0.006421
BONE 15 0.467831
BONE 21 0.525748

VERT 86
OFFSET 6.012769, -3.705340, 3.211627
BONES 3
BONE 10 0.000104
BONE 15 0.185037
BONE 21 0.814859

VERT 87
OFFSET 4.783121, -3.624115, 3.110303
BONES 3
BONE 10 0.000101
BONE 15 0.233561
BONE 21 0.766338

VERT 88
OFFSET 5.844743, -4.856821, 3.245895
BONES 3
BONE 10 0.000009
BONE 15 0.032199
BONE 21 0.967793

VERT 89
OFFSET 4.749107, -4.796578, 3.174825
BONES 3
BONE 10 0.000009
BONE 15 0.055392
BONE 21 0.944599

VERT 90
OFFSET 6.863405, -3.773090, 2.676553
BONES 3
BONE 10 0.000086
BONE 15 0.134957
BONE 21 0.864957

VERT 91
OFFSET 3.493391, -2.725123, 3.169139
BONES 3
BONE 10 0.004871
BONE 15 0.443653
BONE 21 0.551476

VERT 92
OFFSET 3.590018, -3.757215, 3.036185
BONES 3
BONE 10 0.000079
BONE 15 0.196240
BONE 21 0.803681

VERT 93
OFFSET 3.784018, -4.838231, 2.920311
BONES 2
BONE 15 0.046005
BONE 21 0.953995

VERT 94
OFFSET 6.680075, -4.884258, 2.869143
BONES 3
BONE 10 0.000010
BONE 15 0.031593
BONE 21 0.968396

VERT 95
OFFSET 2.791220, -2.729207, 2.425476
BONES 3
BONE 10 0.003573
BONE 15 0.427687
BONE 21 0.568740

VERT 96
OFFSET 2.894335, -3.788127, 2.378257
BONES 3
BONE 10 0.000042
BONE 15 0.188619
BONE 21 0.811339

VERT 97
OFFSET 3.192026, -4.807586, 2.410175
BONES 3
BONE 10 0.000001
BONE 15 0.061875
BONE 21 0.938125

VERT 98
OFFSET 2.732779, 0.870509, 2.386824
BONES 3
BONE 10 0.117928
BONE 15 0.845896
BONE 21 0.036176

VERT 99
OFFSET 6.428281, -0.288376, 3.876016
BONES 2
BONE 10 0.251273
BONE 15 0.748727

VERT 100
OFFSET 6.911630, 0.313496, 3.220129
BONES 2
BONE 10 0.199846
BONE 15 0.800154

VERT 101
OFFSET 2.929197, 0.255881, 3.385300
BONES 2
BONE 10 0.243885
BONE 15 0.756115

VERT 102
OFFSET 2.678368, 1.143886, 3.194681
BONES 2
BONE 10 0.238778
BONE 15 0.761222

VERT 103
OFFSET 2.336761, 4.029496, 1.917480
BONES 3
BONE 10 0.134544
BONE 15 0.865361
BONE 21 0.000095

VERT 104
OFFSET 2.776026, 5.271904, 2.108509
BONES 3
BONE 10 0.158427
BONE 15 0.841567
BONE 21 0.000006

VERT 105
OFFSET 3.935131, 6.067511, 2.249778
BONES 2
BONE 10 0.149319
BONE 15 0.850681

VERT 106
OFFSET 5.255656, 5.863837, 2.313357
BONES 3
BONE 10 0.145303
BONE 15 0.854697
BONE 21 0.000000

VERT 107
OFFSET 6.113283, 5.018665, 2.246267
BONES 3
BONE 10 0.137066
BONE 15 0.862866
BONE 21 0.000069

VERT 108
OFFSET 6.353914, 4.188985, 2.146993
BONES 3
BONE 10 0.121297
BONE 15 0.878467
BONE 21 0.000236

VERT 109
OFFSET 4.764654, -5.937131, 2.968532
BONES 2
BONE 15 0.004203
BONE 21 0.995797

VERT 110
OFFSET 5.795297, -5.787728, 2.971351
BONES 3
BONE 10 0.000000
BONE 15 0.002004
BONE 21 0.997996

VERT 111
OFFSET 6.452847, -5.700468, 2.706090
BONES 3
BONE 10 0.000000
BONE 15 0.003355
BONE 21 0.996645

VERT 112
OFFSET 3.978783, -5.809169, 2.602617
BONES 2
BONE 15 0.004657
BONE 21 0.995343

VERT 113
OFFSET 3.505666, -5.536538, 2.256998
BONES 2
BONE 15 0.029435
BONE 21 0.970565

VERT 114
OFFSET 7.289543, -1.055849, 2.066480
BONES 3
BONE 10 0.006096
BONE 15 0.681878
BONE 21 0.312025

VERT 115
OFFSET 7.550705, -2.486876, 1.667463
BONES 3
BONE 10 0.000266
BONE 15 0.351183
BONE 21 0.648551

VERT 116
OFFSET 7.525998, -3.885716, 1.911954
BONES 3
BONE 10 0.000051
BONE 15 0.121746
BONE 21 0.878203

VERT 117
OFFSET 7.174592, -5.113591, 2.082259
BONES 3
BONE 10 0.000005
BONE 15 0.023557
BONE 21 0.976438

VERT 118
OFFSET 6.626538, -6.092501, 1.944887
BONES 3
BONE 10 0.000000
BONE 15 0.002739
BONE 21 0.997261

VERT 119
OFFSET 5.968780, -6.397452, 2.213467
BONES 2
BONE 15 0.000356
BONE 21 0.999644

VERT 120
OFFSET 4.707508, -6.451271, 2.266310
BONES 2
BONE 15 0.000203
BONE 21 0.999797

VERT 121
OFFSET 3.931971, -6.144566, 2.097261
BONES 2
BONE 15 0.001593
BONE 21 0.998407

VERT 122
OFFSET 3.493027, -5.769390, 1.819707
BONES 2
BONE 15 0.024293
BONE 21 0.975707

VERT 123
OFFSET 2.957949, -4.885075, 1.627689
BONES 3
BONE 10 0.000002
BONE 15 0.075237
BONE 21 0.924761

VERT 124
OFFSET 2.550965, -3.740273, 1.368368
BONES 3
BONE 10 0.000003
BONE 15 0.187659
BONE 21 0.812337

VERT 125
OFFSET 2.659693, -2.525120, 1.272383
BONES 3
BONE 10 0.000532
BONE 15 0.400662
BONE 21 0.598806

VERT 126
OFFSET 7.231261, -0.224719, 1.805770
BONES 3
BONE 10 0.012653
BONE 15 0.797496
BONE 21 0.189851

VERT 127
OFFSET 3.009382, -1.640528, 1.363674
BONES 3
BONE 10 0.006339
BONE 15 0.595946
BONE 21 0.397715

VERT 128
OFFSET 3.073251, -0.570539, 1.459367
BONES 3
BONE 10 0.020548
BONE 15 0.776053
BONE 21 0.203399

VERT 129
OFFSET 3.010567, 0.600655, 1.573360
BONES 3
BONE 10 0.059234
BONE 15 0.886958
BONE 21 0.053809

VERT 130
OFFSET 2.913196, -1.171263, 1.548356
BONES 3
BONE 10 0.014105
BONE 15 0.695847
BONE 21 0.290048

VERT 131
OFFSET 6.605663, 2.291206, 1.191121
BONES 3
BONE 10 0.017769
BONE 15 0.960333
BONE 21 0.021898

VERT 132
OFFSET 6.893286, 1.058323, 0.931349
BONES 3
BONE 10 0.005032
BONE 15 0.905866
BONE 21 0.089101

VERT 133
OFFSET 7.387635, -0.429136, 0.716614
BONES 3
BONE 10 0.001529
BONE 15 0.698384
BONE 21 0.300087

VERT 134
OFFSET 7.628853, -1.413909, 0.639216
BONES 3
BONE 10 0.000160
BONE 15 0.504854
BONE 21 0.494986

VERT 135
OFFSET 7.723042, -2.782345, 0.714451
BONES 3
BONE 10 0.000013
BONE 15 0.255367
BONE 21 0.744620

VERT 136
OFFSET 7.655400, -4.163054, 0.930200
BONES 3
BONE 10 0.000003
BONE 15 0.086279
BONE 21 0.913718

VERT 137
OFFSET 7.280817, -5.481512, 1.292477
BONES 3
BONE 10 0.000000
BONE 15 0.015614
BONE 21 0.984386

VERT 138
OFFSET 6.591627, -6.302316, 1.563542
BONES 2
BONE 15 0.002622
BONE 21 0.997378

VERT 139
OFFSET 5.933525, -6.628980, 1.652397
BONES 2
BONE 15 0.000012
BONE 21 0.999988

VERT 140
OFFSET 4.664342, -6.700473, 1.711949
BONES 2
BONE 15 0.000046
BONE 21 0.999954

VERT 141
OFFSET 3.878735, -6.442697, 1.640999
BONES 2
BONE 15 0.001126
BONE 21 0.998874

VERT 142
OFFSET 3.424568, -5.973042, 1.510327
BONES 2
BONE 15 0.019035
BONE 21 0.980965

VERT 143
OFFSET 2.805944, -4.900185, 1.075415
BONES 3
BONE 10 0.000001
BONE 15 0.083629
BONE 21 0.916370

VERT 144
OFFSET 2.531832, -3.636890, 0.775745
BONES 3
BONE 10 0.000023
BONE 15 0.202894
BONE 21 0.797083

VERT 145
OFFSET 2.893504, -2.256485, 0.682589
BONES 3
BONE 10 0.000270
BONE 15 0.425836
BONE 21 0.573894

VERT 146
OFFSET 3.453122, -1.084465, 0.737788
BONES 3
BONE 10 0.001585
BONE 15 0.660983
BONE 21 0.337432

VERT 147
OFFSET 3.493898, 0.588372, 0.927596
BONES 3
BONE 10 0.011990
BONE 15 0.922146
BONE 21 0.065864

VERT 148
OFFSET 2.907209, 1.933893, 1.032140
BONES 3
BONE 10 0.045411
BONE 15 0.953648
BONE 21 0.000941

VERT 149
OFFSET 2.425613, 3.205011, 1.099381
BONES 3
BONE 10 0.046922
BONE 15 0.952892
BONE 21 0.000186

VERT 150
OFFSET 2.987823, 5.294473, 1.200874
BONES 3
BONE 10 0.088403
BONE 15 0.911592
BONE 21 0.000004

VERT 151
OFFSET 4.064055, 6.049761, 1.283771
BONES 2
BONE 10 0.064221
BONE 15 0.935779

VERT 152
OFFSET 5.289519, 5.758440, 1.292888
BONES 3
BONE 10 0.034411
BONE 15 0.965589
BONE 21 0.000000

VERT 153
OFFSET 5.958274, 4.900462, 1.253360
BONES 3
BONE 10 0.023723
BONE 15 0.976005
BONE 21 0.000271

VERT 154
OFFSET 6.389621, 3.611916, 1.173667
BONES 3
BONE 10 0.015635
BONE 15 0.982886
BONE 21 0.001479

VERT 155
OFFSET 2.537344, 4.303633, 1.147351
BONES 3
BONE 10 0.051217
BONE 15 0.948780
BONE 21 0.000003

VERT 156
OFFSET 2.696521, 4.285386, 1.177734
BONES 3
BONE 10 0.060116
BONE 15 0.939879
BONE 21 0.000004

VERT 157
OFFSET 2.544401, 4.273245, -0.000000
BONES 3
BONE 10 0.004553
BONE 15 0.995446
BONE 21 0.000001

VERT 158
OFFSET 2.890791, 5.261911, -0.000000
BONES 2
BONE 10 0.004264
BONE 15 0.995736

VERT 159
OFFSET 2.931284, 3.708071, 3.775848
BONES 3
BONE 10 0.357396
BONE 15 0.642520
BONE 21 0.000084

VERT 160
OFFSET 5.994433, 3.929911, 4.097760
BONES 3
BONE 10 0.370017
BONE 15 0.629548
BONE 21 0.000435

VERT 161
OFFSET 2.654258, 1.880177, 2.370435
BONES 3
BONE 10 0.165816
BONE 15 0.827567
BONE 21 0.006617

VERT 162
OFFSET 2.790705, 1.811298, 1.665313
BONES 3
BONE 10 0.099701
BONE 15 0.896770
BONE 21 0.003529

VERT 163
OFFSET 2.551525, 3.185504, 1.782801
BONES 3
BONE 10 0.126050
BONE 15 0.873492
BONE 21 0.000458

VERT 164
OFFSET 4.541233, -1.782663, 3.679274
BONES 3
BONE 10 0.076551
BONE 15 0.661890
BONE 21 0.261559

VERT 165
OFFSET 5.661116, -1.679561, 3.601665
BONES 3
BONE 10 0.050334
BONE 15 0.688727
BONE 21 0.260939

VERT 166
OFFSET 2.754712, 2.875857, 4.815392
BONES 3
BONE 10 0.401595
BONE 15 0.598172
BONE 21 0.000233

VERT 167
OFFSET 2.931284, 3.708071, 4.987369
BONES 5
BONE 3 0.000000
BONE 10 0.464538
BONE 15 0.535398
BONE 21 0.000063
BONE 17 0.000000

VERT 168
OFFSET 3.727322, 5.844288, 5.550780
BONES 2
BONE 10 0.506412
BONE 15 0.493588

VERT 169
OFFSET 5.176050, 5.801695, 5.682854
BONES 3
BONE 3 0.000000
BONE 10 0.521873
BONE 15 0.478127

VERT 170
OFFSET 3.179449, 4.877717, 5.229076
BONES 4
BONE 3 0.000000
BONE 10 0.469366
BONE 15 0.530633
BONE 17 0.000000

VERT 171
OFFSET 2.919903, 1.327564, 5.341509
BONES 3
BONE 10 0.539168
BONE 15 0.460439
BONE 21 0.000393

VERT 172
OFFSET 3.369967, 0.869391, 5.666938
BONES 2
BONE 10 0.656934
BONE 15 0.343066

VERT 173
OFFSET 2.674252, 2.069838, 5.011925
BONES 3
BONE 10 0.387310
BONE 15 0.611951
BONE 21 0.000740

VERT 174
OFFSET 5.685198, 4.845774, 5.517420
BONES 2
BONE 10 0.380971
BONE 15 0.619029

VERT 175
OFFSET 5.510756, 0.639626, 6.071878
BONES 2
BONE 10 0.782486
BONE 15 0.217514

VERT 176
OFFSET 6.335046, 1.458200, 5.641326
BONES 2
BONE 10 0.714783
BONE 15 0.285217

VERT 177
OFFSET 6.522019, 2.077969, 5.301258
BONES 2
BONE 10 0.692666
BONE 15 0.307334

VERT 178
OFFSET 6.360658, 2.845264, 5.062785
BONES 3
BONE 10 0.365182
BONE 15 0.624967
BONE 21 0.009851

VERT 179
OFFSET 4.213754, 0.428027, 6.094629
BONES 2
BONE 10 0.693052
BONE 15 0.306948

VERT 180
OFFSET 5.994433, 3.929911, 5.309281
BONES 3
BONE 10 0.380256
BONE 15 0.618746
BONE 21 0.000998

VERT 181
OFFSET 4.520404, 2.709719, 5.078218
BONES 2
BONE 10 0.509359
BONE 15 0.490641

VERT 182
OFFSET -5.867678, -6.449704, 1.579642
BONES 2
BONE 16 0.000013
BONE 22 0.999987

VERT 183
OFFSET -4.709231, -6.510514, 1.622065
BONES 2
BONE 16 0.000048
BONE 22 0.999952

VERT 184
OFFSET -3.578465, -5.858811, 1.451703
BONES 2
BONE 16 0.021568
BONE 22 0.978432

VERT 185
OFFSET -2.975017, -4.821593, 1.028901
BONES 3
BONE 11 0.000001
BONE 16 0.087640
BONE 22 0.912359

VERT 186
OFFSET -2.710754, -3.625514, 0.733196
BONES 3
BONE 11 0.000011
BONE 16 0.197663
BONE 22 0.802326

VERT 187
OFFSET -7.493079, -4.127431, 0.913700
BONES 3
BONE 11 0.000003
BONE 16 0.088911
BONE 22 0.911086

VERT 188
OFFSET -7.540582, -2.773228, 0.693130
BONES 3
BONE 11 0.000011
BONE 16 0.251902
BONE 22 0.748087

VERT 189
OFFSET -7.129621, -5.372652, 1.251210
BONES 3
BONE 11 0.000000
BONE 16 0.018141
BONE 22 0.981859

VERT 190
OFFSET -6.457741, -6.161419, 1.490879
BONES 3
BONE 11 0.000000
BONE 16 0.002696
BONE 22 0.997304

VERT 191
OFFSET -3.984104, -6.278821, 1.575381
BONES 2
BONE 16 0.001217
BONE 22 0.998783

VERT 192
OFFSET -2.871332, 1.887751, -0.000000
BONES 3
BONE 11 0.005104
BONE 16 0.994781
BONE 22 0.000114

VERT 193
OFFSET -2.446871, 3.277290, -0.000000
BONES 3
BONE 11 0.004509
BONE 16 0.995467
BONE 22 0.000024

VERT 194
OFFSET -6.094895, 4.682421, -0.000000
BONES 3
BONE 11 0.001884
BONE 16 0.997784
BONE 22 0.000332

VERT 195
OFFSET -5.462547, 5.612163, -0.021296
BONES 3
BONE 11 0.002272
BONE 16 0.997727
BONE 22 0.000000

VERT 196
OFFSET -4.017914, 6.250187, -0.000000
BONES 3
BONE 11 0.003391
BONE 16 0.996609
BONE 22 0.000000

VERT 197
OFFSET -6.322149, 3.614575, 0.008109
BONES 3
BONE 11 0.001455
BONE 16 0.997251
BONE 22 0.001294

VERT 198
OFFSET -6.517289, 2.551964, -0.000000
BONES 3
BONE 11 0.000860
BONE 16 0.996635
BONE 22 0.002505

VERT 199
OFFSET -2.932249, 1.942195, 0.833747
BONES 3
BONE 11 0.030284
BONE 16 0.969040
BONE 22 0.000676

VERT 200
OFFSET -6.541583, 2.559812, 0.864751
BONES 3
BONE 11 0.004252
BONE 16 0.985434
BONE 22 0.010315

VERT 201
OFFSET -6.227840, 3.578281, 1.230869
BONES 3
BONE 11 0.020620
BONE 16 0.978159
BONE 22 0.001221

VERT 202
OFFSET -6.463077, 2.160201, 1.197074
BONES 3
BONE 11 0.028221
BONE 16 0.946833
BONE 22 0.024946

VERT 203
OFFSET -7.450709, -1.433006, 0.620193
BONES 3
BONE 11 0.000118
BONE 16 0.505641
BONE 22 0.494241

VERT 204
OFFSET -7.209731, -0.504469, 0.684865
BONES 3
BONE 11 0.000763
BONE 16 0.679944
BONE 22 0.319294

VERT 205
OFFSET -7.340462, -0.345511, 0.400402
BONES 3
BONE 11 0.000921
BONE 16 0.703090
BONE 22 0.295989

VERT 206
OFFSET -3.061496, -2.322285, 0.656753
BONES 3
BONE 11 0.000230
BONE 16 0.419537
BONE 22 0.580233

VERT 207
OFFSET -3.385067, -6.159206, 0.841696
BONES 2
BONE 16 0.014603
BONE 22 0.985397

VERT 208
OFFSET -2.901248, -5.019161, 0.455317
BONES 3
BONE 11 0.000000
BONE 16 0.061877
BONE 22 0.938123

VERT 209
OFFSET -7.619400, -4.267099, 0.252030
BONES 2
BONE 16 0.062202
BONE 22 0.937798

VERT 210
OFFSET -7.616809, -2.849252, 0.016657
BONES 2
BONE 16 0.233199
BONE 22 0.766801

VERT 211
OFFSET -5.907223, -6.672918, 0.930441
BONES 2
BONE 16 0.000404
BONE 22 0.999596

VERT 212
OFFSET -4.630628, -6.760598, 1.005557
BONES 2
BONE 16 0.000311
BONE 22 0.999689

VERT 213
OFFSET -3.940169, -6.605462, 0.982041
BONES 2
BONE 16 0.000314
BONE 22 0.999686

VERT 214
OFFSET -7.106123, -5.653049, 0.606145
BONES 2
BONE 16 0.006318
BONE 22 0.993682

VERT 215
OFFSET -6.465875, -6.335394, 0.788058
BONES 2
BONE 16 0.000952
BONE 22 0.999048

VERT 216
OFFSET -2.648803, -3.729308, 0.137795
BONES 3
BONE 11 0.000000
BONE 16 0.179909
BONE 22 0.820091

VERT 217
OFFSET -7.554248, -1.458964, 0.008006
BONES 2
BONE 16 0.482528
BONE 22 0.517472

VERT 218
OFFSET -7.282450, -0.345511, -0.002189
BONES 3
BONE 11 0.000152
BONE 16 0.652939
BONE 22 0.346909

VERT 219
OFFSET -2.925361, -2.286422, -0.014505
BONES 3
BONE 11 0.000013
BONE 16 0.397972
BONE 22 0.602015

VERT 220
OFFSET -3.586993, -1.054423, 0.020649
BONES 3
BONE 11 0.000356
BONE 16 0.618798
BONE 22 0.380846

VERT 221
OFFSET -3.568858, -1.015232, 0.387746
BONES 3
BONE 11 0.001024
BONE 16 0.641677
BONE 22 0.357300

VERT 222
OFFSET -3.637270, -1.149441, 0.732273
BONES 3
BONE 11 0.001185
BONE 16 0.648091
BONE 22 0.350724

VERT 223
OFFSET -3.555629, 0.717497, 0.655086
BONES 3
BONE 11 0.012847
BONE 16 0.924730
BONE 22 0.062423

VERT 224
OFFSET -3.697636, 0.579019, 0.906239
BONES 3
BONE 11 0.010556
BONE 16 0.919993
BONE 22 0.069451

VERT 225
OFFSET -5.827497, 4.798814, 1.300921
BONES 3
BONE 11 0.029094
BONE 16 0.970640
BONE 22 0.000267

VERT 226
OFFSET -5.204695, 5.575963, 1.323967
BONES 3
BONE 11 0.034061
BONE 16 0.965939
BONE 22 0.000000

VERT 227
OFFSET -4.088498, 5.853287, 1.294268
BONES 2
BONE 11 0.060444
BONE 16 0.939556

VERT 228
OFFSET -3.131621, 5.167020, 1.231154
BONES 3
BONE 11 0.081915
BONE 16 0.918083
BONE 22 0.000002

VERT 229
OFFSET -2.595025, 3.274733, 1.129115
BONES 3
BONE 11 0.055141
BONE 16 0.944667
BONE 22 0.000192

VERT 230
OFFSET -6.712121, 1.000917, 0.920435
BONES 3
BONE 11 0.001123
BONE 16 0.904128
BONE 22 0.094749

VERT 231
OFFSET -6.888801, 1.065047, 0.617245
BONES 3
BONE 11 0.001107
BONE 16 0.904311
BONE 22 0.094581

VERT 232
OFFSET -3.077729, 1.993169, 1.040188
BONES 3
BONE 11 0.031704
BONE 16 0.967443
BONE 22 0.000853

VERT 233
OFFSET -3.479709, -1.789947, 3.309154
BONES 3
BONE 11 0.087859
BONE 16 0.690343
BONE 22 0.221799

VERT 234
OFFSET -2.851074, -1.827301, 2.416715
BONES 3
BONE 11 0.013728
BONE 16 0.597667
BONE 22 0.388605

VERT 235
OFFSET -2.956510, -0.955071, 2.510406
BONES 3
BONE 11 0.030385
BONE 16 0.739730
BONE 22 0.229885

VERT 236
OFFSET -2.855987, -0.107274, 2.429084
BONES 3
BONE 11 0.067848
BONE 16 0.843136
BONE 22 0.089016

VERT 237
OFFSET -2.645308, 1.962963, 3.060954
BONES 2
BONE 11 0.253210
BONE 16 0.746790

VERT 238
OFFSET -2.547417, 3.007843, 2.395096
BONES 3
BONE 11 0.188749
BONE 16 0.810334
BONE 22 0.000917

VERT 239
OFFSET -2.446161, 3.808342, 2.647385
BONES 3
BONE 11 0.225992
BONE 16 0.773699
BONE 22 0.000310

VERT 240
OFFSET -2.754712, 2.875857, 3.603871
BONES 3
BONE 11 0.347558
BONE 16 0.652204
BONE 22 0.000238

VERT 241
OFFSET -3.179449, 4.877717, 4.017555
BONES 3
BONE 11 0.397337
BONE 16 0.602660
BONE 22 0.000002

VERT 242
OFFSET -2.792300, 5.122676, 2.961222
BONES 3
BONE 11 0.289208
BONE 16 0.710790
BONE 22 0.000002

VERT 243
OFFSET -3.727322, 5.844288, 4.339259
BONES 2
BONE 11 0.455443
BONE 16 0.544557

VERT 244
OFFSET -3.792632, 6.103146, 3.215237
BONES 2
BONE 11 0.325576
BONE 16 0.674424

VERT 245
OFFSET -5.176050, 5.801695, 4.471333
BONES 2
BONE 11 0.375080
BONE 16 0.624920

VERT 246
OFFSET -5.272660, 5.890861, 3.229092
BONES 2
BONE 11 0.234733
BONE 16 0.765267

VERT 247
OFFSET -6.288616, 3.979831, 2.905699
BONES 2
BONE 11 0.239609
BONE 16 0.760391

VERT 248
OFFSET -6.360658, 2.845264, 3.851264
BONES 2
BONE 11 0.301506
BONE 16 0.698494

VERT 249
OFFSET -6.434374, 3.075792, 2.350853
BONES 3
BONE 11 0.141398
BONE 16 0.857666
BONE 22 0.000936

VERT 250
OFFSET -6.977752, 1.120150, 2.598929
BONES 3
BONE 11 0.077656
BONE 16 0.888070
