// Export filename: 'C:/projects/cod/t5/model_export/viewmodels/cod7/viewmodel_cub_tropas_standard_arms.XMODEL_EXPORT'
// Source filename: 'd:/projects/devart/t5/model_export/viewmodels/cod7/viewmodel_cub_tropas_standard_arms.mb'
// Export time: Tue Sep 07 13:09:00 2010
MODEL
VERSION 6

NUMBONES 60
BONE 0 -1 "tag_view"
BONE 1 0 "tag_ads"
BONE 2 0 "tag_cambone"
BONE 3 2 "tag_camera"
BONE 4 1 "tag_torso"
BONE 5 4 "J_Shoulder_LE"
BONE 6 4 "J_Shoulder_RI"
BONE 7 4 "tag_weapon"
BONE 8 4 "tag_weapon1"
BONE 9 5 "J_Elbow_LE"
BONE 10 6 "J_Elbow_RI"
BONE 11 9 "J_Sleave_Reshape_Bottom_LE_1"
BONE 12 9 "J_Sleave_Reshape_Bottom_LE_2"
BONE 13 9 "J_Sleave_Reshape_Top_LE_1"
BONE 14 9 "J_Sleave_Reshape_Top_LE_2"
BONE 15 9 "J_Sleave_Reshape_Top_LE_3"
BONE 16 10 "J_Sleave_Reshape_Top_RI_1"
BONE 17 10 "J_Sleave_Reshape_Top_RI_2"
BONE 18 10 "J_Sleave_Reshape_Top_RI_3"
BONE 19 9 "J_Wrist_LE"
BONE 20 10 "J_Wrist_RI"
BONE 21 9 "J_WristTwist_LE"
BONE 22 10 "J_WristTwist_RI"
BONE 23 19 "J_Index_LE_0"
BONE 24 20 "J_Index_RI_0"
BONE 25 19 "J_Mid_LE_0"
BONE 26 20 "J_Mid_RI_0"
BONE 27 19 "J_PinkyPalm_LE"
BONE 28 20 "J_PinkyPalm_RI"
BONE 29 19 "J_RingPalm_LE"
BONE 30 20 "J_RingPalm_RI"
BONE 31 19 "J_Thumb_LE_0"
BONE 32 20 "J_Thumb_RI_0"
BONE 33 19 "J_Webbing_LE"
BONE 34 20 "J_Webbing_RI"
BONE 35 19 "tag_knife_attach"
BONE 36 23 "J_Index_LE_1"
BONE 37 24 "J_Index_RI_1"
BONE 38 25 "J_Mid_LE_1"
BONE 39 26 "J_Mid_RI_1"
BONE 40 27 "J_Pinky_LE_0"
BONE 41 28 "J_Pinky_RI_0"
BONE 42 29 "J_Ring_LE_0"
BONE 43 30 "J_Ring_RI_0"
BONE 44 31 "J_Thumb_LE_1"
BONE 45 32 "J_Thumb_RI_1"
BONE 46 36 "J_Index_LE_2"
BONE 47 37 "J_Index_RI_2"
BONE 48 38 "J_Mid_LE_2"
BONE 49 39 "J_Mid_RI_2"
BONE 50 40 "J_Pinky_LE_1"
BONE 51 41 "J_Pinky_RI_1"
BONE 52 42 "J_Ring_LE_1"
BONE 53 43 "J_Ring_RI_1"
BONE 54 44 "J_Thumb_LE_2"
BONE 55 45 "J_Thumb_RI_2"
BONE 56 50 "J_Pinky_LE_2"
BONE 57 51 "J_Pinky_RI_2"
BONE 58 52 "J_Ring_LE_2"
BONE 59 53 "J_Ring_RI_2"

BONE 0
OFFSET 0.000000, 0.000000, 0.000000
SCALE 1.000000, 1.000000, 1.000000
X 1.000000, 0.000000, 0.000000
Y 0.000000, 1.000000, 0.000000
Z 0.000000, 0.000000, 1.000000

BONE 1
OFFSET 0.000000, 0.000000, 0.000000
SCALE 1.000000, 1.000000, 1.000000
X 1.000000, 0.000000, 0.000000
Y 0.000000, 1.000000, 0.000000
Z 0.000000, 0.000000, 1.000000

BONE 2
OFFSET 0.000000, 0.000000, 0.000000
SCALE 1.000000, 1.000000, 1.000000
X 1.000000, 0.000000, 0.000000
Y 0.000000, 1.000000, 0.000000
Z 0.000000, 0.000000, 1.000000

BONE 3
OFFSET 0.000000, 0.000000, 0.000000
SCALE 1.000000, 1.000000, 1.000000
X 1.000000, 0.000000, 0.000000
Y 0.000000, 1.000000, 0.000000
Z 0.000000, 0.000000, 1.000000

BONE 4
OFFSET -4.631834, 0.000000, -1.376955
SCALE 1.000000, 1.000000, 1.000000
X 1.000000, 0.000000, 0.000000
Y 0.000000, 1.000000, 0.000000
Z 0.000000, 0.000000, 1.000000

BONE 5
OFFSET -3.506030, 7.937290, -3.186910
SCALE 1.000000, 1.000000, 1.000000
X 0.472986, 0.011374, -0.880996
Y 0.446745, -0.864941, 0.228681
Z -0.759409, -0.501744, -0.414187

BONE 6
OFFSET -3.506032, -7.937284, -3.186909
SCALE 1.000000, 1.000000, 1.000000
X -0.472986, 0.011374, 0.880996
Y -0.446745, -0.864941, -0.228681
Z 0.759409, -0.501744, 0.414187

BONE 7
OFFSET 10.527968, 0.000000, -8.129675
SCALE 1.000000, 1.000000, 1.000000
X 1.000000, 0.000000, 0.000000
Y 0.000000, 1.000000, 0.000000
Z 0.000000, 0.000000, 1.000000

BONE 8
OFFSET 10.527968, 0.000000, -8.129675
SCALE 1.000000, 1.000000, 1.000000
X 1.000000, 0.000000, 0.000000
Y 0.000000, 1.000000, 0.000000
Z 0.000000, 0.000000, 1.000000

BONE 9
OFFSET 2.214219, 8.074842, -13.841592
SCALE 1.000000, 1.000000, 1.000000
X 0.999978, -0.002833, 0.005930
Y -0.005970, -0.014367, 0.999879
Z -0.002747, -0.999893, -0.014384

BONE 10
OFFSET 2.214221, -8.074842, -13.841575
SCALE 1.000000, 1.000000, 1.000000
X -0.999978, -0.002833, -0.005930
Y 0.005970, -0.014367, -0.999879
Z 0.002747, -0.999893, 0.014384

BONE 11
OFFSET 12.125037, 8.958635, -14.825972
SCALE 1.000000, 1.000000, 1.000000
X 1.000000, 0.000000, 0.000000
Y 0.000000, 1.000000, 0.000000
Z 0.000000, 0.000000, 1.000000

BONE 12
OFFSET 11.739065, 7.335669, -15.051069
SCALE 1.000000, 1.000000, 1.000000
X 1.000000, 0.000000, 0.000000
Y 0.000000, 1.000000, 0.000000
Z 0.000000, 0.000000, 1.000000

BONE 13
OFFSET 12.634503, 8.810233, -12.285378
SCALE 1.000000, 1.000000, 1.000000
X 1.000000, 0.000000, 0.000000
Y 0.000000, 1.000000, 0.000000
Z 0.000000, 0.000000, 1.000000

BONE 14
OFFSET 12.530005, 7.482795, -12.089205
SCALE 1.000000, 1.000000, 1.000000
X 1.000000, 0.000000, 0.000000
Y 0.000000, 1.000000, 0.000000
Z 0.000000, 0.000000, 1.000000

BONE 15
OFFSET 12.149994, 6.891432, -13.059547
SCALE 1.000000, 1.000000, 1.000000
X 1.000000, 0.000000, 0.000000
Y 0.000000, 1.000000, 0.000000
Z 0.000000, 0.000000, 1.000000

BONE 16
OFFSET 12.634488, -8.810236, -12.285394
SCALE 1.000000, 1.000000, 1.000000
X -1.000000, 0.000000, -0.000000
Y 0.000000, 1.000000, 0.000000
Z 0.000000, 0.000000, -1.000000

BONE 17
OFFSET 12.530000, -7.482795, -12.089212
SCALE 1.000000, 1.000000, 1.000000
X -1.000000, 0.000000, -0.000000
Y 0.000000, 1.000000, 0.000000
Z 0.000000, 0.000000, -1.000000

BONE 18
OFFSET 12.150000, -6.891418, -13.059566
SCALE 1.000000, 1.000000, 1.000000
X -1.000000, 0.000000, -0.000000
Y 0.000000, 1.000000, 0.000000
Z 0.000000, 0.000000, -1.000000

BONE 19
OFFSET 13.785073, 8.042067, -13.772971
SCALE 1.000000, 1.000000, 1.000000
X 0.996700, -0.023076, 0.077825
Y -0.077652, 0.008297, 0.996946
Z -0.023651, -0.999699, 0.006478

BONE 20
OFFSET 13.785079, -8.042048, -13.772953
SCALE 1.000000, 1.000000, 1.000000
X -0.996700, -0.023076, -0.077825
Y 0.077652, 0.008297, -0.996946
Z 0.023651, -0.999699, -0.006478

BONE 21
OFFSET 10.719465, 8.050750, -13.791152
SCALE 1.000000, 1.000000, 1.000000
X 0.999978, -0.002833, 0.005930
Y -0.005970, -0.014367, 0.999879
Z -0.002747, -0.999893, -0.014384

BONE 22
OFFSET 10.719449, -8.050748, -13.791142
SCALE 1.000000, 1.000000, 1.000000
X -0.999978, -0.002833, -0.005930
Y 0.005970, -0.014367, -0.999879
Z 0.002747, -0.999893, 0.014384

BONE 23
OFFSET 17.618980, 8.329933, -12.720215
SCALE 1.000000, 1.000000, 1.000000
X 0.770359, -0.621881, 0.140748
Y -0.611755, -0.783111, -0.111771
Z 0.179730, 0.000000, -0.983716

BONE 24
OFFSET 17.618977, -8.329922, -12.720197
SCALE 1.000000, 1.000000, 1.000000
X -0.770359, -0.621881, -0.140748
Y 0.611755, -0.783111, 0.111771
Z -0.179730, -0.000000, 0.983716

BONE 25
OFFSET 17.592691, 8.144073, -13.808888
SCALE 1.000000, 1.000000, 1.000000
X 0.786575, -0.616967, 0.025504
Y -0.616643, -0.786989, -0.019994
Z 0.032407, 0.000000, -0.999475

BONE 26
OFFSET 17.592678, -8.144055, -13.808898
SCALE 1.000000, 1.000000, 1.000000
X -0.786575, -0.616967, -0.025504
Y 0.616643, -0.786989, 0.019994
Z -0.032407, -0.000000, 0.999475

BONE 27
OFFSET 14.706850, 7.811601, -14.773290
SCALE 1.000000, 1.000000, 1.000000
X 0.860527, -0.066586, -0.505035
Y -0.090728, -0.995602, -0.023327
Z -0.501261, 0.065894, -0.862784

BONE 28
OFFSET 14.706850, -7.811614, -14.773307
SCALE 1.000000, 1.000000, 1.000000
X -0.860527, -0.066586, 0.505035
Y 0.090728, -0.995602, 0.023327
Z 0.501261, 0.065894, 0.862784

BONE 29
OFFSET 14.877762, 7.951642, -14.094536
SCALE 1.000000, 1.000000, 1.000000
X 0.972219, -0.030530, -0.232073
Y -0.040633, -0.998417, -0.038880
Z -0.230519, 0.047230, -0.971921

BONE 30
OFFSET 14.877756, -7.951653, -14.094527
SCALE 1.000000, 1.000000, 1.000000
X -0.972219, -0.030530, 0.232073
Y 0.040633, -0.998417, 0.038880
Z 0.230519, 0.047230, 0.971921

BONE 31
OFFSET 14.148777, 7.629210, -12.773211
SCALE 1.000000, 1.000000, 1.000000
X 0.614049, -0.475564, 0.629907
Y -0.500882, 0.381986, 0.776662
Z -0.609968, -0.792418, -0.003644

BONE 32
OFFSET 14.148780, -7.629212, -12.773229
SCALE 1.000000, 1.000000, 1.000000
X -0.614049, -0.475564, -0.629907
Y 0.500882, 0.381986, -0.776662
Z 0.609968, -0.792418, 0.003644

BONE 33
OFFSET 16.721630, 7.448270, -11.946650
SCALE 1.000000, 1.000000, 1.000000
X 0.946229, -0.301294, -0.117786
Y 0.309193, 0.949386, 0.055376
Z 0.095139, -0.088817, 0.991494

BONE 34
OFFSET 9.583885, -8.680950, -13.257301
SCALE 1.000000, 1.000000, 1.000000
X -0.946229, -0.301294, 0.117786
Y -0.309193, 0.949386, -0.055376
Z -0.095139, -0.088817, -0.991494

BONE 35
OFFSET 16.493113, 6.451591, -14.089364
SCALE 1.000000, 1.000000, 1.000000
X -0.281344, 0.000438, -0.959607
Y 0.023651, 0.999699, -0.006478
Z 0.959316, -0.024519, -0.281269

BONE 36
OFFSET 18.975315, 7.235017, -12.472406
SCALE 1.000000, 1.000000, 1.000000
X 0.426042, -0.903354, 0.049392
Y -0.880239, -0.426513, -0.208005
Z 0.208969, 0.045142, -0.976880

BONE 37
OFFSET 18.975315, -7.235000, -12.472402
SCALE 1.000000, 1.000000, 1.000000
X -0.426042, -0.903354, -0.049392
Y 0.880239, -0.426513, 0.208005
Z -0.208969, 0.045142, 0.976880

BONE 38
OFFSET 19.129311, 6.938792, -13.759066
SCALE 1.000000, 1.000000, 1.000000
X 0.028169, -0.999543, -0.010950
Y -0.999561, -0.028267, 0.008848
Z -0.009153, 0.010696, -0.999901

BONE 39
OFFSET 19.129292, -6.938779, -13.759055
SCALE 1.000000, 1.000000, 1.000000
X -0.028169, -0.999543, 0.010950
Y 0.999561, -0.028267, -0.008848
Z 0.009153, 0.010696, 0.999901

BONE 40
OFFSET 16.702198, 7.530317, -15.785225
SCALE 1.000000, 1.000000, 1.000000
X 0.856282, -0.436541, -0.276069
Y -0.415481, -0.899684, 0.133953
Z -0.306851, 0.000000, -0.951758

BONE 41
OFFSET 16.702206, -7.530315, -15.785236
SCALE 1.000000, 1.000000, 1.000000
X -0.856282, -0.436541, 0.276069
Y 0.415481, -0.899684, -0.133953
Z 0.306851, -0.000000, 0.951758

BONE 42
OFFSET 17.367678, 7.901457, -14.840354
SCALE 1.000000, 1.000000, 1.000000
X 0.831745, -0.508839, -0.221999
Y -0.491628, -0.860862, 0.131219
Z -0.257880, 0.000000, -0.966177

BONE 43
OFFSET 17.367678, -7.901457, -14.840354
SCALE 1.000000, 1.000000, 1.000000
X -0.831745, -0.508839, 0.221999
Y 0.491628, -0.860862, -0.131219
Z 0.257880, -0.000000, 0.966177

BONE 44
OFFSET 15.389911, 6.597012, -11.336607
SCALE 1.000000, 1.000000, 1.000000
X 0.914596, -0.402924, 0.034161
Y -0.078983, -0.095150, 0.992325
Z -0.396581, -0.910274, -0.118848

BONE 45
OFFSET 15.389921, -6.597008, -11.336615
SCALE 1.000000, 1.000000, 1.000000
X -0.914596, -0.402924, -0.034161
Y 0.078983, -0.095150, -0.992325
Z 0.396581, -0.910274, 0.118848

BONE 46
OFFSET 19.480556, 6.134072, -12.353014
SCALE 1.000000, 1.000000, 1.000000
X 0.139847, -0.988437, 0.058612
Y -0.965352, -0.149273, -0.214039
Z 0.220313, -0.026648, -0.975065

BONE 47
OFFSET 19.480551, -6.134055, -12.353031
SCALE 1.000000, 1.000000, 1.000000
X -0.139847, -0.988437, -0.058612
Y 0.965352, -0.149273, 0.214039
Z -0.220313, -0.026648, 0.975065

BONE 48
OFFSET 19.170456, 5.478823, -13.775060
SCALE 1.000000, 1.000000, 1.000000
X -0.530249, -0.847838, 0.002716
Y -0.845552, 0.529049, 0.071753
Z -0.062271, 0.035750, -0.997419

BONE 49
OFFSET 19.170473, -5.478819, -13.775079
SCALE 1.000000, 1.000000, 1.000000
X 0.530249, -0.847838, -0.002716
Y 0.845552, 0.529049, -0.071753
Z 0.062271, 0.035750, 0.997419

BONE 50
OFFSET 17.914511, 6.912269, -16.176081
SCALE 1.000000, 1.000000, 1.000000
X 0.129509, -0.990999, -0.033881
Y -0.958733, -0.133868, 0.250818
Z -0.253096, 0.000000, -0.967441

BONE 51
OFFSET 17.914528, -6.912283, -16.176064
SCALE 1.000000, 1.000000, 1.000000
X -0.129509, -0.990999, 0.033881
Y 0.958733, -0.133868, -0.250818
Z 0.253096, -0.000000, 0.967441

BONE 52
OFFSET 18.783724, 7.035159, -15.218307
SCALE 1.000000, 1.000000, 1.000000
X 0.018696, -0.999823, 0.001993
Y -0.972646, -0.017726, 0.231616
Z -0.231540, -0.006269, -0.972805

BONE 53
OFFSET 18.783741, -7.035158, -15.218307
SCALE 1.000000, 1.000000, 1.000000
X -0.018696, -0.999823, -0.001993
Y 0.972646, -0.017726, -0.231616
Z 0.231540, -0.006269, 0.972805

BONE 54
OFFSET 16.826696, 5.850290, -11.353966
SCALE 1.000000, 1.000000, 1.000000
X 0.780284, -0.439636, -0.444835
Y 0.353937, -0.276002, 0.893617
Z -0.515641, -0.854718, -0.059757

BONE 55
OFFSET 16.826693, -5.850276, -11.353976
SCALE 1.000000, 1.000000, 1.000000
X -0.780284, -0.439636, 0.444835
Y -0.353937, -0.276002, -0.893617
Z 0.515641, -0.854718, 0.059757

BONE 56
OFFSET 18.029337, 6.033617, -16.206121
SCALE 1.000000, 1.000000, 1.000000
X -0.508594, -0.843981, 0.170374
Y -0.800272, 0.536372, 0.268083
Z -0.317641, -0.000000, -0.948211

BONE 57
OFFSET 18.029331, -6.033622, -16.206102
SCALE 1.000000, 1.000000, 1.000000
X 0.508594, -0.843981, -0.170374
Y 0.800272, 0.536372, -0.268083
Z 0.317641, -0.000000, 0.948211

BONE 58
OFFSET 18.809635, 5.649475, -15.215545
SCALE 1.000000, 1.000000, 1.000000
X -0.560939, -0.817051, 0.133323
Y -0.794907, 0.576565, 0.188932
Z -0.231237, 0.000000, -0.972898

BONE 59
OFFSET 18.809647, -5.649488, -15.215551
SCALE 1.000000, 1.000000, 1.000000
X 0.560939, -0.817051, -0.133323
Y 0.794907, 0.576565, -0.188932
Z 0.231237, 0.000000, 0.972898

NUMVERTS 3182
VERT 0
OFFSET -4.476142, 9.418187, -8.755432
BONES 2
BONE 5 0.998981
BONE 9 0.001019

VERT 1
OFFSET -3.665157, 10.860077, -7.821377
BONES 2
BONE 5 0.998101
BONE 9 0.001899

VERT 2
OFFSET -5.747093, 10.703464, -2.786662
BONES 2
BONE 5 0.999354
BONE 9 0.000646

VERT 3
OFFSET -6.456306, 9.630903, -3.445205
BONES 2
BONE 5 0.999236
BONE 9 0.000764

VERT 4
OFFSET -2.207472, 10.844686, -6.819213
BONES 2
BONE 5 0.996115
BONE 9 0.003885

VERT 5
OFFSET -1.045622, 10.555746, -6.391812
BONES 2
BONE 5 0.998235
BONE 9 0.001765

VERT 6
OFFSET -3.303526, 10.976656, -1.905758
BONES 2
BONE 5 0.999832
BONE 9 0.000168

VERT 7
OFFSET -4.505919, 11.067837, -2.128867
BONES 2
BONE 5 0.999789
BONE 9 0.000211

VERT 8
OFFSET 0.174595, 9.972442, -6.309647
BONES 2
BONE 5 0.999826
BONE 9 0.000174

VERT 9
OFFSET 1.056815, 9.113150, -6.207875
BONES 2
BONE 5 0.999735
BONE 9 0.000265

VERT 10
OFFSET -0.982222, 8.881023, -1.958354
BONES 2
BONE 5 0.999717
BONE 9 0.000283

VERT 11
OFFSET -1.938947, 10.228819, -1.735442
BONES 2
BONE 5 0.999859
BONE 9 0.000141

VERT 12
OFFSET 1.218516, 7.869054, -6.643583
BONES 2
BONE 5 0.999953
BONE 9 0.000047

VERT 13
OFFSET 1.323405, 7.431289, -6.793441
BONES 1
BONE 5 1.000000

VERT 14
OFFSET -0.343236, 7.072749, -2.651206
BONES 2
BONE 5 0.999706
BONE 9 0.000294

VERT 15
OFFSET -0.405722, 7.755273, -2.299811
BONES 2
BONE 5 0.999584
BONE 9 0.000416

VERT 16
OFFSET 1.164910, 5.686812, -7.742362
BONES 1
BONE 5 1.000000

VERT 17
OFFSET 0.666315, 5.291652, -8.286181
BONES 1
BONE 5 1.000000

VERT 18
OFFSET -1.012714, 4.978702, -4.232253
BONES 1
BONE 5 1.000000

VERT 19
OFFSET -0.666680, 5.402782, -3.669190
BONES 1
BONE 5 1.000000

VERT 20
OFFSET 0.031154, 4.876966, -8.679961
BONES 1
BONE 5 1.000000

VERT 21
OFFSET -0.436961, 4.752391, -8.773909
BONES 1
BONE 5 1.000000

VERT 22
OFFSET -2.403973, 4.618679, -4.666421
BONES 2
BONE 5 0.999969
BONE 9 0.000031

VERT 23
OFFSET -1.799719, 4.569406, -4.702253
BONES 2
BONE 5 0.999980
BONE 9 0.000020

VERT 24
OFFSET -2.250831, 5.239327, -8.933623
BONES 2
BONE 5 0.999929
BONE 9 0.000071

VERT 25
OFFSET -3.684508, 5.569488, -9.338231
BONES 2
BONE 5 0.999948
BONE 9 0.000052

VERT 26
OFFSET -5.739494, 5.716735, -4.546623
BONES 2
BONE 5 0.999688
BONE 9 0.000312

VERT 27
OFFSET -4.372262, 5.024016, -4.570008
BONES 2
BONE 5 0.999891
BONE 9 0.000109

VERT 28
OFFSET -4.383661, 6.700987, -9.203309
BONES 2
BONE 5 0.998709
BONE 9 0.001291

VERT 29
OFFSET -4.607599, 8.114961, -9.042086
BONES 2
BONE 5 0.998944
BONE 9 0.001056

VERT 30
OFFSET -6.765242, 8.428427, -3.898629
BONES 2
BONE 5 0.999329
BONE 9 0.000671

VERT 31
OFFSET -6.698627, 6.840672, -4.393275
BONES 2
BONE 5 0.999576
BONE 9 0.000424

VERT 32
OFFSET 3.896391, 9.770617, -11.385332
BONES 2
BONE 5 0.055904
BONE 9 0.944096

VERT 33
OFFSET 4.021564, 9.216597, -11.071151
BONES 2
BONE 5 0.030921
BONE 9 0.969079

VERT 34
OFFSET 3.429574, 9.198208, -10.949475
BONES 2
BONE 5 0.112408
BONE 9 0.887592

VERT 35
OFFSET 3.324691, 9.742347, -11.232728
BONES 2
BONE 5 0.090694
BONE 9 0.909306

VERT 36
OFFSET 4.003747, 7.460947, -10.958924
BONES 2
BONE 5 0.008543
BONE 9 0.991457

VERT 37
OFFSET 4.035742, 7.356857, -10.852318
BONES 2
BONE 5 0.005178
BONE 9 0.994822

VERT 38
OFFSET 3.472493, 7.484730, -10.759101
BONES 2
BONE 5 0.116047
BONE 9 0.883953

VERT 39
OFFSET 3.453085, 7.631052, -10.952314
BONES 2
BONE 5 0.070252
BONE 9 0.929748

VERT 40
OFFSET 3.759715, 6.261630, -11.291460
BONES 2
BONE 5 0.008222
BONE 9 0.991778

VERT 41
OFFSET 3.504336, 5.659286, -11.973161
BONES 2
BONE 5 0.005534
BONE 9 0.994466

VERT 42
OFFSET 3.117980, 5.730077, -11.787383
BONES 2
BONE 5 0.096197
BONE 9 0.903803

VERT 43
OFFSET 3.336822, 6.395241, -11.271895
BONES 2
BONE 5 0.014986
BONE 9 0.985014

VERT 44
OFFSET 3.167655, 5.305270, -12.603387
BONES 2
BONE 5 0.060701
BONE 9 0.939299

VERT 45
OFFSET 2.907549, 5.076460, -13.135640
BONES 2
BONE 5 0.061018
BONE 9 0.938982

VERT 46
OFFSET 2.672758, 5.176910, -13.053610
BONES 2
BONE 5 0.078630
BONE 9 0.921370

VERT 47
OFFSET 2.903866, 5.354525, -12.542811
BONES 2
BONE 5 0.091153
BONE 9 0.908847

VERT 48
OFFSET 1.825059, 6.059061, -15.958609
BONES 2
BONE 5 0.135692
BONE 9 0.864308

VERT 49
OFFSET 1.780783, 6.172480, -15.642010
BONES 2
BONE 5 0.124437
BONE 9 0.875563

VERT 50
OFFSET 1.994500, 5.244902, -14.545235
BONES 2
BONE 5 0.050363
BONE 9 0.949637

VERT 51
OFFSET 1.419087, 7.129086, -16.565264
BONES 2
BONE 5 0.220789
BONE 9 0.779211

VERT 52
OFFSET 1.349562, 8.093977, -16.763651
BONES 2
BONE 5 0.151143
BONE 9 0.848857

VERT 53
OFFSET 1.070026, 8.019635, -16.661003
BONES 2
BONE 5 0.197215
BONE 9 0.802785

VERT 54
OFFSET 1.089283, 7.142315, -16.359608
BONES 2
BONE 5 0.240957
BONE 9 0.759043

VERT 55
OFFSET 1.713865, 9.607931, -16.183617
BONES 2
BONE 5 0.069451
BONE 9 0.930549

VERT 56
OFFSET 2.267980, 11.140256, -14.780837
BONES 2
BONE 5 0.005995
BONE 9 0.994005

VERT 57
OFFSET 1.936480, 11.068587, -14.585443
BONES 2
BONE 5 0.008747
BONE 9 0.991253

VERT 58
OFFSET 1.487689, 9.682308, -16.068802
BONES 2
BONE 5 0.097819
BONE 9 0.902181

VERT 59
OFFSET 2.659267, 11.376587, -13.729312
BONES 2
BONE 5 0.010779
BONE 9 0.989221

VERT 60
OFFSET 2.956530, 11.367516, -13.078407
BONES 2
BONE 5 0.064496
BONE 9 0.935504

VERT 61
OFFSET 2.627379, 11.299560, -12.852802
BONES 2
BONE 5 0.091381
BONE 9 0.908619

VERT 62
OFFSET 2.254275, 11.305747, -13.549028
BONES 2
BONE 5 0.054880
BONE 9 0.945120

VERT 63
OFFSET 3.106728, 6.613502, -11.514702
BONES 2
BONE 5 0.113963
BONE 9 0.886037

VERT 64
OFFSET 2.909654, 5.956767, -11.957460
BONES 2
BONE 5 0.100793
BONE 9 0.899207

VERT 65
OFFSET 2.468091, 5.845588, -11.349985
BONES 2
BONE 5 0.580275
BONE 9 0.419725

VERT 66
OFFSET 2.597951, 6.513893, -11.147939
BONES 2
BONE 5 0.604081
BONE 9 0.395919

VERT 67
OFFSET 3.061585, 7.087738, -10.273685
BONES 2
BONE 5 0.683480
BONE 9 0.316520

VERT 68
OFFSET 3.022962, 8.013526, -10.946084
BONES 2
BONE 5 0.198536
BONE 9 0.801464

VERT 69
OFFSET 3.043124, 7.293227, -10.719276
BONES 2
BONE 5 0.389719
BONE 9 0.610281

VERT 70
OFFSET 3.098873, 9.231891, -11.113776
BONES 2
BONE 5 0.180494
BONE 9 0.819506

VERT 71
OFFSET 3.136910, 8.910730, -10.950047
BONES 2
BONE 5 0.224039
BONE 9 0.775961

VERT 72
OFFSET 3.342915, 8.997303, -10.498568
BONES 2
BONE 5 0.465210
BONE 9 0.534790

VERT 73
OFFSET 3.281893, 9.492883, -10.765632
BONES 2
BONE 5 0.375909
BONE 9 0.624092

VERT 74
OFFSET 1.568245, 9.518577, -15.861176
BONES 2
BONE 5 0.092372
BONE 9 0.907628

VERT 75
OFFSET 1.283417, 11.074336, -14.104068
BONES 2
BONE 5 0.015910
BONE 9 0.984090

VERT 76
OFFSET 0.810731, 9.735949, -15.600796
BONES 2
BONE 5 0.184112
BONE 9 0.815888

VERT 77
OFFSET 1.252225, 7.149175, -16.039354
BONES 2
BONE 5 0.233445
BONE 9 0.766555

VERT 78
OFFSET 1.431089, 7.942776, -16.431141
BONES 2
BONE 5 0.153097
BONE 9 0.846903

VERT 79
OFFSET 0.321856, 7.996903, -16.306583
BONES 2
BONE 5 0.302720
BONE 9 0.697280

VERT 80
OFFSET 0.214249, 7.061852, -15.938089
BONES 2
BONE 5 0.330621
BONE 9 0.669379

VERT 81
OFFSET 2.123630, 5.626786, -14.452736
BONES 2
BONE 5 0.053143
BONE 9 0.946857

VERT 82
OFFSET 1.689442, 6.149634, -15.172009
BONES 2
BONE 5 0.105096
BONE 9 0.894904

VERT 83
OFFSET 0.681454, 5.931416, -14.973271
BONES 2
BONE 5 0.281234
BONE 9 0.718766

VERT 84
OFFSET 1.242283, 5.432753, -13.787520
BONES 2
BONE 5 0.171900
BONE 9 0.828100

VERT 85
OFFSET 2.734008, 5.506813, -12.618073
BONES 2
BONE 5 0.091153
BONE 9 0.908847

VERT 86
OFFSET 2.613267, 5.485108, -13.171985
BONES 2
BONE 5 0.078950
BONE 9 0.921050

VERT 87
OFFSET 2.026959, 5.043474, -12.378249
BONES 2
BONE 5 0.457394
BONE 9 0.542606

VERT 88
OFFSET 2.271039, 5.335277, -11.896894
BONES 2
BONE 5 0.485491
BONE 9 0.514509

VERT 89
OFFSET 1.420630, 9.521808, -7.368108
BONES 2
BONE 5 0.999925
BONE 9 0.000075

VERT 90
OFFSET 0.779319, 10.189843, -7.337639
BONES 2
BONE 5 0.999939
BONE 9 0.000061

VERT 91
OFFSET 1.615425, 9.889294, -8.673911
BONES 2
BONE 5 0.999986
BONE 9 0.000014

VERT 92
OFFSET -0.845870, 11.091404, -10.563229
BONES 2
BONE 5 0.980652
BONE 9 0.019348

VERT 93
OFFSET -0.159029, 10.699697, -9.887885
BONES 2
BONE 5 0.975313
BONE 9 0.024687

VERT 94
OFFSET -0.929856, 10.983300, -8.141336
BONES 2
BONE 5 0.991843
BONE 9 0.008157

VERT 95
OFFSET -1.441343, 11.155671, -8.530551
BONES 2
BONE 5 0.987253
BONE 9 0.012747

VERT 96
OFFSET -2.131130, 6.828032, -13.265553
BONES 2
BONE 5 0.968935
BONE 9 0.031065

VERT 97
OFFSET -2.371437, 8.338622, -13.161733
BONES 2
BONE 5 0.956028
BONE 9 0.043972

VERT 98
OFFSET -3.740110, 8.059290, -11.025473
BONES 2
BONE 5 0.999930
BONE 9 0.000070

VERT 99
OFFSET -3.473862, 6.681776, -11.112875
BONES 2
BONE 5 0.999713
BONE 9 0.000287

VERT 100
OFFSET -0.282520, 5.125156, -12.246261
BONES 2
BONE 5 0.761291
BONE 9 0.238709

VERT 101
OFFSET -1.286898, 5.769372, -12.888347
BONES 2
BONE 5 0.846790
BONE 9 0.153210

VERT 102
OFFSET -2.804008, 5.666693, -11.079765
BONES 2
BONE 5 0.999836
BONE 9 0.000164

VERT 103
OFFSET -1.412366, 5.259722, -10.528071
BONES 1
BONE 5 1.000000

VERT 104
OFFSET 1.389626, 5.210197, -10.774554
BONES 1
BONE 5 1.000000

VERT 105
OFFSET 0.988600, 4.926221, -11.196099
BONES 2
BONE 5 0.903385
BONE 9 0.096615

VERT 106
OFFSET 0.267824, 4.850150, -9.943822
BONES 1
BONE 5 1.000000

VERT 107
OFFSET 0.714882, 5.031970, -9.707598
BONES 1
BONE 5 1.000000

VERT 108
OFFSET 1.675854, 6.347878, -9.010722
BONES 1
BONE 5 1.000000

VERT 109
OFFSET 1.149740, 5.530746, -9.187992
BONES 1
BONE 5 1.000000

VERT 110
OFFSET 1.561386, 6.045196, -8.579392
BONES 1
BONE 5 1.000000

VERT 111
OFFSET -2.598527, 10.437757, -9.703779
BONES 2
BONE 5 0.991887
BONE 9 0.008113

VERT 112
OFFSET -3.371748, 9.435627, -10.575354
BONES 1
BONE 5 1.000000

VERT 113
OFFSET -0.310810, 10.774688, -7.670276
BONES 2
BONE 5 0.997684
BONE 9 0.002316

VERT 114
OFFSET 1.457071, 8.325352, -7.687051
BONES 2
BONE 5 0.999965
BONE 9 0.000035

VERT 115
OFFSET -0.350036, 5.763449, -3.346999
BONES 2
BONE 5 0.999981
BONE 9 0.000019

VERT 116
OFFSET 1.295003, 6.261906, -7.382037
BONES 1
BONE 5 1.000000

VERT 117
OFFSET 1.756246, 6.686155, -8.130213
BONES 1
BONE 5 1.000000

VERT 118
OFFSET 1.664837, 7.930047, -7.682272
BONES 2
BONE 5 0.999993
BONE 9 0.000007

VERT 119
OFFSET 3.461318, 8.607866, -10.796199
BONES 2
BONE 5 0.009056
BONE 9 0.990943

VERT 120
OFFSET 4.063484, 8.608378, -10.900657
BONES 2
BONE 5 0.009592
BONE 9 0.990408

VERT 121
OFFSET 3.996142, 8.041550, -10.900341
BONES 2
BONE 5 0.006565
BONE 9 0.993435

VERT 122
OFFSET 3.473197, 8.066595, -10.717440
BONES 2
BONE 5 0.042681
BONE 9 0.957319

VERT 123
OFFSET 4.479290, 8.560967, -11.057812
BONES 2
BONE 5 0.010019
BONE 9 0.989981

VERT 124
OFFSET 4.402667, 7.923295, -10.984236
BONES 2
BONE 5 0.006535
BONE 9 0.993465

VERT 125
OFFSET 4.470748, 9.145061, -11.274516
BONES 2
BONE 5 0.007453
BONE 9 0.992547

VERT 126
OFFSET 4.423708, 9.769993, -11.608506
BONES 2
BONE 5 0.019370
BONE 9 0.980630

VERT 127
OFFSET 3.446980, 6.894245, -10.961252
BONES 2
BONE 5 0.066032
BONE 9 0.933968

VERT 128
OFFSET 3.948356, 6.937961, -11.153502
BONES 2
BONE 5 0.006714
BONE 9 0.993286

VERT 129
OFFSET 4.334481, 6.974078, -11.306231
BONES 2
BONE 5 0.007330
BONE 9 0.992670

VERT 130
OFFSET 4.260168, 6.447577, -11.653019
BONES 2
BONE 5 0.008062
BONE 9 0.991938

VERT 131
OFFSET 4.338600, 7.370446, -10.998294
BONES 2
BONE 5 0.005997
BONE 9 0.994003

VERT 132
OFFSET 4.325758, 7.469778, -11.077109
BONES 2
BONE 5 0.005393
BONE 9 0.994607

VERT 133
OFFSET 4.019150, 5.783128, -12.263846
BONES 2
BONE 5 0.005000
BONE 9 0.995000

VERT 134
OFFSET 2.253550, 5.176268, -14.645919
BONES 2
BONE 5 0.055668
BONE 9 0.944332

VERT 135
OFFSET 3.601146, 5.367795, -15.008712
BONES 2
BONE 5 0.077560
BONE 9 0.922440

VERT 136
OFFSET 2.842949, 5.322253, -14.835131
BONES 2
BONE 5 0.071602
BONE 9 0.928398

VERT 137
OFFSET 3.465523, 5.052034, -13.405198
BONES 2
BONE 5 0.015056
BONE 9 0.984944

VERT 138
OFFSET 3.868287, 5.129253, -13.635570
BONES 2
BONE 5 0.023834
BONE 9 0.976166

VERT 139
OFFSET 2.409491, 6.115849, -15.934456
BONES 2
BONE 5 0.105266
BONE 9 0.894734

VERT 140
OFFSET 2.714778, 9.753322, -16.169523
BONES 2
BONE 5 0.004247
BONE 9 0.995753

VERT 141
OFFSET 2.242216, 8.158010, -16.869291
BONES 2
BONE 5 0.026614
BONE 9 0.973386

VERT 142
OFFSET 3.112373, 8.201239, -16.871967
BONES 2
BONE 5 0.021440
BONE 9 0.978560

VERT 143
OFFSET 3.559275, 9.677507, -16.336596
BONES 2
BONE 5 0.014341
BONE 9 0.985659

VERT 144
OFFSET 2.122853, 7.065570, -16.661827
BONES 2
BONE 5 0.176986
BONE 9 0.823014

VERT 145
OFFSET 3.290236, 11.162789, -14.142081
BONES 2
BONE 5 0.000234
BONE 9 0.999766

VERT 146
OFFSET 3.019488, 10.909242, -15.075419
BONES 2
BONE 5 0.003462
BONE 9 0.996538

VERT 147
OFFSET 3.840910, 10.549801, -15.292431
BONES 2
BONE 5 0.015661
BONE 9 0.984339

VERT 148
OFFSET 3.887437, 10.878812, -14.313904
BONES 2
BONE 5 0.001399
BONE 9 0.998601

VERT 149
OFFSET 3.710626, 10.344011, -11.758615
BONES 2
BONE 5 0.065334
BONE 9 0.934666

VERT 150
OFFSET 3.227901, 10.293284, -11.608260
BONES 2
BONE 5 0.052446
BONE 9 0.947554

VERT 151
OFFSET 4.290831, 10.283114, -12.023269
BONES 2
BONE 5 0.051183
BONE 9 0.948817

VERT 152
OFFSET 4.132997, 11.009575, -13.309874
BONES 2
BONE 5 0.000234
BONE 9 0.999766

VERT 153
OFFSET 3.640943, 11.221439, -13.288169
BONES 2
BONE 5 0.000234
BONE 9 0.999766

VERT 154
OFFSET 4.094510, 11.010586, -13.511274
BONES 2
BONE 5 0.000234
BONE 9 0.999766

VERT 155
OFFSET 3.189458, 7.016898, -11.114539
BONES 2
BONE 5 0.098858
BONE 9 0.901142

VERT 156
OFFSET 3.297251, 8.579843, -10.400046
BONES 2
BONE 5 0.452989
BONE 9 0.547011

VERT 157
OFFSET 3.095038, 8.558205, -10.921432
BONES 2
BONE 5 0.171670
BONE 9 0.828330

VERT 158
OFFSET 3.233160, 8.060040, -10.283895
BONES 2
BONE 5 0.588498
BONE 9 0.411502

VERT 159
OFFSET 3.077483, 10.433690, -11.391458
BONES 2
BONE 5 0.295055
BONE 9 0.704945

VERT 160
OFFSET 2.960874, 10.103305, -11.640274
BONES 2
BONE 5 0.043549
BONE 9 0.956451

VERT 161
OFFSET 3.040697, 9.719122, -11.367348
BONES 2
BONE 5 0.091693
BONE 9 0.908307

VERT 162
OFFSET 3.143598, 10.077685, -11.151308
BONES 2
BONE 5 0.279525
BONE 9 0.720475

VERT 163
OFFSET 2.582968, 11.003977, -12.601448
BONES 2
BONE 5 0.113461
BONE 9 0.886539

VERT 164
OFFSET 2.218677, 11.078218, -13.123602
BONES 2
BONE 5 0.085114
BONE 9 0.914886

VERT 165
OFFSET 1.723811, 11.329201, -13.291610
BONES 2
BONE 5 0.077535
BONE 9 0.922465

VERT 166
OFFSET 1.778297, 10.820242, -14.246392
BONES 2
BONE 5 0.016444
BONE 9 0.983556

VERT 167
OFFSET 2.024088, 6.677751, -9.488721
BONES 2
BONE 5 0.991663
BONE 9 0.008337

VERT 168
OFFSET 1.835434, 5.870170, -9.691887
BONES 1
BONE 5 1.000000

VERT 169
OFFSET 2.296317, 7.473280, -9.420682
BONES 2
BONE 5 0.981745
BONE 9 0.018255

VERT 170
OFFSET 2.070041, 7.173962, -8.879455
BONES 2
BONE 5 0.991134
BONE 9 0.008866

VERT 171
OFFSET 2.560189, 8.282591, -8.520297
BONES 2
BONE 5 0.999540
BONE 9 0.000460

VERT 172
OFFSET 1.921068, 8.268581, -8.193324
BONES 2
BONE 5 0.999860
BONE 9 0.000140

VERT 173
OFFSET 2.143241, 8.638451, -8.718461
BONES 2
BONE 5 0.999664
BONE 9 0.000336

VERT 174
OFFSET 2.981292, 8.699775, -9.434391
BONES 2
BONE 5 0.936835
BONE 9 0.063165

VERT 175
OFFSET 2.592713, 8.105433, -9.443624
BONES 2
BONE 5 0.945954
BONE 9 0.054046

VERT 176
OFFSET 2.516193, 7.892645, -8.692961
BONES 2
BONE 5 0.999933
BONE 9 0.000067

VERT 177
OFFSET 0.852443, 10.027512, -9.098511
BONES 2
BONE 5 0.998106
BONE 9 0.001894

VERT 178
OFFSET 2.735894, 9.779328, -10.648433
BONES 2
BONE 5 0.658085
BONE 9 0.341915

VERT 179
OFFSET 2.426785, 10.111051, -11.142129
BONES 2
BONE 5 0.526925
BONE 9 0.473075

VERT 180
OFFSET 2.893209, 10.440482, -11.227386
BONES 2
BONE 5 0.400424
BONE 9 0.599576

VERT 181
OFFSET 2.980218, 10.099667, -10.954318
BONES 2
BONE 5 0.480491
BONE 9 0.519509

VERT 182
OFFSET 0.576497, 10.982694, -10.812385
BONES 2
BONE 5 0.916990
BONE 9 0.083010

VERT 183
OFFSET -1.593091, 10.345712, -10.699094
BONES 2
BONE 5 0.890492
BONE 9 0.109508

VERT 184
OFFSET -1.028504, 10.819388, -11.613583
BONES 2
BONE 5 0.742827
BONE 9 0.257173

VERT 185
OFFSET 0.674802, 11.160428, -11.836670
BONES 2
BONE 5 0.723385
BONE 9 0.276615

VERT 186
OFFSET 0.979175, 11.106362, -11.164612
BONES 2
BONE 5 0.798684
BONE 9 0.201316

VERT 187
OFFSET 0.289174, 11.084225, -11.536180
BONES 2
BONE 5 0.859465
BONE 9 0.140535

VERT 188
OFFSET -0.627811, 9.641332, -14.163683
BONES 2
BONE 5 0.564677
BONE 9 0.435323

VERT 189
OFFSET 0.092990, 10.742728, -13.237441
BONES 2
BONE 5 0.444536
BONE 9 0.555464

VERT 190
OFFSET -1.744827, 9.502873, -12.313622
BONES 2
BONE 5 0.882608
BONE 9 0.117392

VERT 191
OFFSET -1.208499, 8.186575, -14.934286
BONES 2
BONE 5 0.735664
BONE 9 0.264336

VERT 192
OFFSET -0.858122, 6.880590, -14.789637
BONES 2
BONE 5 0.609005
BONE 9 0.390995

VERT 193
OFFSET -0.155617, 6.014762, -13.876044
BONES 2
BONE 5 0.730277
BONE 9 0.269723

VERT 194
OFFSET 0.474260, 5.297088, -13.050709
BONES 2
BONE 5 0.719361
BONE 9 0.280639

VERT 195
OFFSET 1.518380, 5.004492, -11.813077
BONES 2
BONE 5 0.976344
BONE 9 0.023656

VERT 196
OFFSET 1.793877, 5.307427, -11.320522
BONES 1
BONE 5 1.000000

VERT 197
OFFSET 1.653950, 5.738001, -10.045148
BONES 1
BONE 5 1.000000

VERT 198
OFFSET 2.132576, 6.011374, -10.526732
BONES 1
BONE 5 1.000000

VERT 199
OFFSET 3.722752, 5.716957, -14.912342
BONES 2
BONE 5 0.077560
BONE 9 0.922440

VERT 200
OFFSET 4.015963, 5.705315, -13.836080
BONES 2
BONE 5 0.034048
BONE 9 0.965952

VERT 201
OFFSET 3.580858, 6.218131, -15.685251
BONES 2
BONE 5 0.099985
BONE 9 0.900015

VERT 202
OFFSET 3.381674, 6.023503, -15.946854
BONES 2
BONE 5 0.097362
BONE 9 0.902638

VERT 203
OFFSET 3.628142, 6.982362, -16.294193
BONES 2
BONE 5 0.105879
BONE 9 0.894121

VERT 204
OFFSET 2.987476, 7.051591, -16.699644
BONES 2
BONE 5 0.084739
BONE 9 0.915261

VERT 205
OFFSET 3.624375, 8.191891, -16.468861
BONES 2
BONE 5 0.029992
BONE 9 0.970008

VERT 206
OFFSET 3.682673, 9.348123, -16.037344
BONES 2
BONE 5 0.015720
BONE 9 0.984280

VERT 207
OFFSET 4.011614, 10.128857, -15.194798
BONES 2
BONE 5 0.019140
BONE 9 0.980860

VERT 208
OFFSET 4.219488, 10.428180, -14.172562
BONES 2
BONE 5 0.002563
BONE 9 0.997437

VERT 209
OFFSET 4.174390, 10.800177, -13.528310
BONES 2
BONE 5 0.000234
BONE 9 0.999766

VERT 210
OFFSET 4.243869, 10.766385, -13.282196
BONES 2
BONE 5 0.000234
BONE 9 0.999766

VERT 211
OFFSET 4.469590, 10.162967, -12.246544
BONES 2
BONE 5 0.048020
BONE 9 0.951980

VERT 212
OFFSET 4.351442, 9.962716, -12.587468
BONES 2
BONE 5 0.034519
BONE 9 0.965481

VERT 213
OFFSET 4.472755, 9.622781, -12.251707
BONES 2
BONE 5 0.036534
BONE 9 0.963466

VERT 214
OFFSET 4.604646, 9.807317, -11.922055
BONES 2
BONE 5 0.022572
BONE 9 0.977428

VERT 215
OFFSET 4.535736, 9.029407, -11.856022
BONES 2
BONE 5 0.012148
BONE 9 0.987852

VERT 216
OFFSET 4.710111, 9.116076, -11.557562
BONES 2
BONE 5 0.022922
BONE 9 0.977078

VERT 217
OFFSET 4.676276, 8.564379, -11.388394
BONES 2
BONE 5 0.012129
BONE 9 0.987871

VERT 218
OFFSET 4.689913, 8.549037, -11.776263
BONES 2
BONE 5 0.012256
BONE 9 0.987744

VERT 219
OFFSET 4.647991, 8.148854, -11.717850
BONES 2
BONE 5 0.007953
BONE 9 0.992047

VERT 220
OFFSET 4.601176, 8.030094, -11.279236
BONES 2
BONE 5 0.007276
BONE 9 0.992724

VERT 221
OFFSET 4.474632, 6.524262, -11.830423
BONES 2
BONE 5 0.008201
BONE 9 0.991799

VERT 222
OFFSET 4.606100, 6.639988, -12.024700
BONES 2
BONE 5 0.008274
BONE 9 0.991726

VERT 223
OFFSET 4.521528, 6.131846, -12.666739
BONES 2
BONE 5 0.006594
BONE 9 0.993406

VERT 224
OFFSET 4.264449, 5.873425, -12.421900
BONES 2
BONE 5 0.006022
BONE 9 0.993978

VERT 225
OFFSET 4.428929, 5.707808, -13.304209
BONES 2
BONE 5 0.014346
BONE 9 0.985654

VERT 226
OFFSET 4.119223, 5.418702, -13.077829
BONES 2
BONE 5 0.004683
BONE 9 0.995317

VERT 227
OFFSET 4.327435, 5.559455, -13.609577
BONES 2
BONE 5 0.029287
BONE 9 0.970713

VERT 228
OFFSET 1.293558, 10.091292, -9.493052
BONES 1
BONE 5 1.000000

VERT 229
OFFSET 2.566502, 9.990740, -9.810027
BONES 2
BONE 5 0.879189
BONE 9 0.120811

VERT 230
OFFSET 3.023120, 9.396795, -9.972830
BONES 2
BONE 5 0.738966
BONE 9 0.261034

VERT 231
OFFSET 3.017964, 9.129940, -9.495790
BONES 2
BONE 5 0.887953
BONE 9 0.112047

VERT 232
OFFSET 3.222442, 8.071743, -10.034097
BONES 2
BONE 5 0.661959
BONE 9 0.338041

VERT 233
OFFSET 3.344574, 8.621041, -10.087063
BONES 2
BONE 5 0.604570
BONE 9 0.395430

VERT 234
OFFSET 3.159067, 9.444806, -10.295304
BONES 2
BONE 5 0.623230
BONE 9 0.376770

VERT 235
OFFSET 3.268134, 9.505259, -10.590443
BONES 2
BONE 5 0.496428
BONE 9 0.503572

VERT 236
OFFSET 3.336063, 9.151019, -10.222394
BONES 2
BONE 5 0.578226
BONE 9 0.421774

VERT 237
OFFSET 3.222422, 9.176017, -10.008043
BONES 2
BONE 5 0.690391
BONE 9 0.309609

VERT 238
OFFSET 2.983804, 10.760161, -11.723296
BONES 2
BONE 5 0.217396
BONE 9 0.782604

VERT 239
OFFSET 2.761118, 10.857044, -11.585611
BONES 2
BONE 5 0.336334
BONE 9 0.663666

VERT 240
OFFSET 2.600779, 11.190261, -11.926989
BONES 2
BONE 5 0.175516
BONE 9 0.824484

VERT 241
OFFSET 2.770101, 11.213149, -12.007979
BONES 2
BONE 5 0.162972
BONE 9 0.837028

VERT 242
OFFSET 1.981547, 11.376394, -12.548820
BONES 2
BONE 5 0.133653
BONE 9 0.866347

VERT 243
OFFSET 2.123756, 11.271560, -12.704314
BONES 2
BONE 5 0.118365
BONE 9 0.881635

VERT 244
OFFSET 2.665103, 11.302540, -12.168749
BONES 2
BONE 5 0.153346
BONE 9 0.846654

VERT 245
OFFSET 2.530203, 11.327895, -12.077676
BONES 2
BONE 5 0.164493
BONE 9 0.835507

VERT 246
OFFSET 2.849639, 11.155094, -12.170075
BONES 2
BONE 5 0.144812
BONE 9 0.855188

VERT 247
OFFSET 2.761045, 11.235076, -12.298095
BONES 2
BONE 5 0.138346
BONE 9 0.861654

VERT 248
OFFSET 2.714947, 10.877980, -12.389849
BONES 2
BONE 5 0.126357
BONE 9 0.873643

VERT 249
OFFSET 1.844622, 10.709995, -12.031135
BONES 2
BONE 5 0.194473
BONE 9 0.805527

VERT 250
OFFSET 2.369773, 11.345908, -12.212478
BONES 2
BONE 5 0.155408
BONE 9 0.844592

VERT 251
OFFSET 2.866091, 10.474119, -11.979860
BONES 2
BONE 5 0.061326
BONE 9 0.938674

VERT 252
OFFSET 2.929039, 10.959944, -12.360239
BONES 2
BONE 5 0.126501
BONE 9 0.873499

VERT 253
OFFSET 2.792631, 11.115499, -12.593287
BONES 2
BONE 5 0.109001
BONE 9 0.890999

VERT 254
OFFSET 3.079812, 11.164767, -12.933584
BONES 2
BONE 5 0.072958
BONE 9 0.927042

VERT 255
OFFSET 3.271494, 10.967140, -12.593765
BONES 2
BONE 5 0.025127
BONE 9 0.974873

VERT 256
OFFSET 3.899499, 10.856266, -12.847890
BONES 2
BONE 5 0.015640
BONE 9 0.984360

VERT 257
OFFSET 4.059958, 10.730090, -12.551635
BONES 2
BONE 5 0.034851
BONE 9 0.965149

VERT 258
OFFSET 3.442788, 10.777048, -12.253307
BONES 2
BONE 5 0.045303
BONE 9 0.954697

VERT 259
OFFSET 4.240929, 10.732910, -12.910219
BONES 2
BONE 5 0.013051
BONE 9 0.986949

VERT 260
OFFSET 4.345011, 10.528040, -12.922705
BONES 2
BONE 5 0.015585
BONE 9 0.984415

VERT 261
OFFSET 4.396294, 10.473819, -12.749382
BONES 2
BONE 5 0.025262
BONE 9 0.974738

VERT 262
OFFSET 4.334621, 10.551765, -12.629183
BONES 2
BONE 5 0.030111
BONE 9 0.969889

VERT 263
OFFSET 2.217474, 10.438073, -10.151670
BONES 2
BONE 5 0.746748
BONE 9 0.253252

VERT 264
OFFSET 1.517441, 10.987206, -12.404582
BONES 2
BONE 5 0.195356
BONE 9 0.804644

VERT 265
OFFSET 1.441673, 11.108129, -11.405375
BONES 2
BONE 5 0.481000
BONE 9 0.519000

VERT 266
OFFSET 1.276702, 11.291138, -12.234118
BONES 2
BONE 5 0.350509
BONE 9 0.649491

VERT 267
OFFSET -0.885433, 10.487706, -12.654961
BONES 2
BONE 5 0.659101
BONE 9 0.340899

VERT 268
OFFSET 3.717809, 9.997907, -14.531640
BONES 2
BONE 5 0.012429
BONE 9 0.987571

VERT 269
OFFSET 3.293985, 8.612674, -15.832207
BONES 2
BONE 5 0.011907
BONE 9 0.988093

VERT 270
OFFSET 3.492778, 6.528942, -15.588591
BONES 2
BONE 5 0.114533
BONE 9 0.885467

VERT 271
OFFSET 3.691705, 5.949317, -14.847188
BONES 2
BONE 5 0.077560
BONE 9 0.922440

VERT 272
OFFSET 4.026440, 6.001756, -13.993569
BONES 2
BONE 5 0.037844
BONE 9 0.962156

VERT 273
OFFSET 4.554746, 6.043075, -13.454041
BONES 2
BONE 5 0.019840
BONE 9 0.980160

VERT 274
OFFSET 4.261477, 6.512884, -13.227793
BONES 2
BONE 5 0.004683
BONE 9 0.995317

VERT 275
OFFSET 4.369127, 5.895977, -13.794311
BONES 2
BONE 5 0.035476
BONE 9 0.964524

VERT 276
OFFSET 4.623267, 6.375272, -12.849779
BONES 2
BONE 5 0.006668
BONE 9 0.993332

VERT 277
OFFSET 4.672401, 6.781030, -12.247507
BONES 2
BONE 5 0.008095
BONE 9 0.991905

VERT 278
OFFSET 4.249330, 7.011113, -12.583311
BONES 2
BONE 5 0.006756
BONE 9 0.993244

VERT 279
OFFSET 4.527338, 7.513085, -11.774606
BONES 2
BONE 5 0.004984
BONE 9 0.995016

VERT 280
OFFSET 4.389246, 7.651321, -11.717092
BONES 2
BONE 5 0.004905
BONE 9 0.995095

VERT 281
OFFSET 4.282051, 7.677388, -12.039738
BONES 2
BONE 5 0.008171
BONE 9 0.991829

VERT 282
OFFSET 4.335417, 8.736239, -12.081754
BONES 2
BONE 5 0.007454
BONE 9 0.992546

VERT 283
OFFSET 4.020171, 9.897866, -13.052554
BONES 2
BONE 5 0.012767
BONE 9 0.987233

VERT 284
OFFSET 4.185592, 10.346228, -13.031395
BONES 2
BONE 5 0.011219
BONE 9 0.988781

VERT 285
OFFSET 4.137418, 10.432150, -13.194550
BONES 2
BONE 5 0.000234
BONE 9 0.999766

VERT 286
OFFSET 4.108169, 10.260485, -13.195613
BONES 2
BONE 5 0.002328
BONE 9 0.997672

VERT 287
OFFSET 4.207320, 10.308069, -13.614837
BONES 2
BONE 5 0.000234
BONE 9 0.999766

VERT 288
OFFSET 4.090430, 10.590969, -13.486447
BONES 2
BONE 5 0.000234
BONE 9 0.999766

VERT 289
OFFSET 4.477171, 7.539572, -11.269413
BONES 2
BONE 5 0.004885
BONE 9 0.995115

VERT 290
OFFSET 4.580659, 7.033305, -11.585803
BONES 2
BONE 5 0.008010
BONE 9 0.991990

VERT 291
OFFSET 4.580783, 7.174310, -11.988161
BONES 2
BONE 5 0.008168
BONE 9 0.991832

VERT 292
OFFSET 3.181756, 7.505696, -10.868013
BONES 2
BONE 5 0.065808
BONE 9 0.934192

VERT 293
OFFSET 2.221826, 6.147447, -9.903866
BONES 2
BONE 5 0.994189
BONE 9 0.005811

VERT 294
OFFSET 2.588746, 6.418489, -10.090125
BONES 2
BONE 5 0.981977
BONE 9 0.018023

VERT 295
OFFSET 2.378220, 6.201850, -10.726116
BONES 2
BONE 5 0.847061
BONE 9 0.152939

VERT 296
OFFSET 2.953242, 6.706238, -10.375504
BONES 2
BONE 5 0.739234
BONE 9 0.260766

VERT 297
OFFSET 2.869235, 6.944744, -9.988650
BONES 2
BONE 5 0.862032
BONE 9 0.137968

VERT 298
OFFSET 2.578540, 9.101724, -9.061417
BONES 1
BONE 5 1.000000

VERT 299
OFFSET 1.985838, 7.441351, -7.601990
BONES 1
BONE 5 1.000000

VERT 300
OFFSET 0.968374, 11.311413, -13.115867
BONES 2
BONE 5 0.225979
BONE 9 0.774022

VERT 301
OFFSET 0.193963, 10.894409, -12.368189
BONES 2
BONE 5 0.450143
BONE 9 0.549857

VERT 302
OFFSET 1.929426, 9.013763, -8.696622
BONES 2
BONE 5 0.999900
BONE 9 0.000100

VERT 303
OFFSET 2.199492, 9.497665, -9.253017
BONES 1
BONE 5 1.000000

VERT 304
OFFSET 2.380694, 9.911881, -9.387911
BONES 2
BONE 5 0.950708
BONE 9 0.049292

VERT 305
OFFSET 2.228361, 9.033937, -9.039892
BONES 2
BONE 5 0.999925
BONE 9 0.000075

VERT 306
OFFSET 2.045154, 9.853753, -9.366237
BONES 1
BONE 5 1.000000

VERT 307
OFFSET 1.477354, 11.393263, -12.917445
BONES 2
BONE 5 0.177179
BONE 9 0.822821

VERT 308
OFFSET 2.178286, 10.416033, -11.607096
BONES 2
BONE 5 0.385042
BONE 9 0.614959

VERT 309
OFFSET 1.770323, 10.778779, -10.657514
BONES 2
BONE 5 0.660881
BONE 9 0.339119

VERT 310
OFFSET 1.637566, 10.237735, -9.660704
BONES 1
BONE 5 1.000000

VERT 311
OFFSET 1.916327, 10.402499, -9.720657
BONES 2
BONE 5 0.918585
BONE 9 0.081415

VERT 312
OFFSET 1.444882, 10.756989, -10.220374
BONES 2
BONE 5 0.854736
BONE 9 0.145264

VERT 313
OFFSET 1.140832, 10.699283, -10.019494
BONES 2
BONE 5 0.979625
BONE 9 0.020375

VERT 314
OFFSET 2.430526, 11.226228, -12.366164
BONES 2
BONE 5 0.139539
BONE 9 0.860461

VERT 315
