// Export filename: 'C:/projects/cod/t5/model_export/cuban/characters/cod7/tropas/mp/_c_cub_tropas_mp_body_armor_LOD3.XMODEL_EXPORT'
// Source filename: 'd:/projects/devart/t5/model_export/cuban/characters/cod7/tropas/mp/_c_cub_tropas_mp_armor.ma'
// Export time: Sat Sep 11 15:55:49 2010
MODEL
VERSION 6

NUMBONES 78
BONE 0 -1 "TAG_ORIGIN"
BONE 1 0 "J_MainRoot"
BONE 2 0 "TAG_SYNC"
BONE 3 1 "J_Hip_LE"
BONE 4 1 "J_Hip_RI"
BONE 5 1 "J_SpineLower"
BONE 6 1 "TAG_STOWED_DEPLOY"
BONE 7 3 "J_HipTwist_LE"
BONE 8 4 "J_HipTwist_RI"
BONE 9 3 "J_Knee_LE"
BONE 10 4 "J_Knee_RI"
BONE 11 5 "J_SpineUpper"
BONE 12 9 "J_Ankle_LE"
BONE 13 10 "J_Ankle_RI"
BONE 14 9 "J_Knee_Bulge_LE"
BONE 15 10 "J_Knee_Bulge_RI"
BONE 16 11 "J_Spine4"
BONE 17 11 "TAG_STOWED_BACKPACK"
BONE 18 12 "J_Ball_LE"
BONE 19 13 "J_Ball_RI"
BONE 20 16 "J_Clavicle_LE"
BONE 21 16 "J_Clavicle_RI"
BONE 22 16 "J_Neck"
BONE 23 16 "J_ShoulderRaise_LE"
BONE 24 16 "J_ShoulderRaise_RI"
BONE 25 16 "TAG_INHAND"
BONE 26 16 "TAG_STOWED_BACK"
BONE 27 16 "TAG_STOWED_LETHAL"
BONE 28 16 "TAG_STOWED_TACTICAL"
BONE 29 16 "TAG_WEAPON_CHEST"
BONE 30 22 "J_Head"
BONE 31 20 "J_Shoulder_LE"
BONE 32 21 "J_Shoulder_RI"
BONE 33 31 "J_Elbow_Bulge_LE"
BONE 34 32 "J_Elbow_Bulge_RI"
BONE 35 31 "J_Elbow_LE"
BONE 36 32 "J_Elbow_RI"
BONE 37 30 "J_Head_END"
BONE 38 30 "J_Jaw"
BONE 39 31 "J_ShoulderTwist_LE"
BONE 40 32 "J_ShoulderTwist_RI"
BONE 41 37 "J_Helmet"
BONE 42 35 "J_Wrist_LE"
BONE 43 36 "J_Wrist_RI"
BONE 44 35 "J_WristTwist_LE"
BONE 45 36 "J_WristTwist_RI"
BONE 46 42 "J_Index_LE_1"
BONE 47 43 "J_Index_RI_1"
BONE 48 42 "J_Mid_LE_1"
BONE 49 43 "J_Mid_RI_1"
BONE 50 42 "J_Pinky_LE_1"
BONE 51 43 "J_Pinky_RI_1"
BONE 52 42 "J_Ring_LE_1"
BONE 53 43 "J_Ring_RI_1"
BONE 54 42 "J_Thumb_LE_1"
BONE 55 43 "J_Thumb_RI_1"
BONE 56 42 "TAG_WEAPON_LEFT"
BONE 57 43 "TAG_WEAPON_RIGHT"
BONE 58 46 "J_Index_LE_2"
BONE 59 47 "J_Index_RI_2"
BONE 60 48 "J_Mid_LE_2"
BONE 61 49 "J_Mid_RI_2"
BONE 62 50 "J_Pinky_LE_2"
BONE 63 51 "J_Pinky_RI_2"
BONE 64 52 "J_Ring_LE_2"
BONE 65 53 "J_Ring_RI_2"
BONE 66 54 "J_Thumb_LE_2"
BONE 67 55 "J_Thumb_RI_2"
BONE 68 58 "J_Index_LE_3"
BONE 69 59 "J_Index_RI_3"
BONE 70 60 "J_Mid_LE_3"
BONE 71 61 "J_Mid_RI_3"
BONE 72 62 "J_Pinky_LE_3"
BONE 73 63 "J_Pinky_RI_3"
BONE 74 64 "J_Ring_LE_3"
BONE 75 65 "J_Ring_RI_3"
BONE 76 66 "J_Thumb_LE_3"
BONE 77 67 "J_Thumb_RI_3"

BONE 0
OFFSET 0.000002, -2.222000, 0.000042
SCALE 1.000000, 1.000000, 1.000000
X -0.000000, -1.000000, -0.000001
Y 1.000000, -0.000000, 0.000000
Z -0.000000, -0.000001, 1.000000

BONE 1
OFFSET 0.000082, 1.218927, 37.228020
SCALE 1.000000, 1.000000, 1.000000
X 0.000005, 0.024825, 0.999692
Y 0.000006, -0.999692, 0.024825
Z 1.000000, 0.000006, -0.000005

BONE 2
OFFSET 0.000002, -2.219720, 0.000042
SCALE 1.000000, 1.000000, 1.000000
X -0.000000, -1.000000, -0.000003
Y 1.000000, -0.000000, 0.000000
Z -0.000000, -0.000003, 1.000000

BONE 3
OFFSET 4.865472, 1.218951, 37.228016
SCALE 1.000000, 1.000000, 1.000000
X -0.008941, 0.033879, -0.999386
Y -0.004877, -0.999415, -0.033837
Z -0.999948, 0.004571, 0.009101

BONE 4
OFFSET -4.865293, 1.218927, 37.227978
SCALE 1.000000, 1.000000, 1.000000
X -0.008909, -0.033842, 0.999388
Y -0.004870, 0.999417, 0.033800
Z -0.999948, -0.004566, -0.009069

BONE 5
OFFSET 0.000089, 1.148792, 42.432632
SCALE 1.000000, 1.000000, 1.000000
X 0.000001, 0.029870, 0.999554
Y -0.000002, -0.999554, 0.029870
Z 1.000000, -0.000002, -0.000001

BONE 6
OFFSET 6.551747, 3.742264, 38.743519
SCALE 1.000000, 1.000000, 1.000000
X 0.794491, 0.591485, 0.137587
Y -0.604194, 0.792703, 0.081070
Z -0.061114, -0.147538, 0.987166

BONE 7
OFFSET 4.837310, 1.325658, 34.080341
SCALE 1.000000, 1.000000, 1.000000
X -0.008941, 0.033879, -0.999386
Y -0.004864, -0.999416, -0.033837
Z -0.999948, 0.004558, 0.009101

BONE 8
OFFSET -4.837236, 1.325506, 34.080624
SCALE 1.000000, 1.000000, 1.000000
X -0.008909, -0.033842, 0.999388
Y -0.004874, 0.999417, 0.033800
Z -0.999948, -0.004570, -0.009069

BONE 9
OFFSET 4.708874, 1.812570, 19.727123
SCALE 1.000000, 1.000000, 1.000000
X -0.008203, 0.166937, -0.985933
Y -0.006021, -0.985957, -0.166891
Z -0.999948, 0.004567, 0.009093

BONE 10
OFFSET -4.708568, 1.812141, 19.727461
SCALE 1.000000, 1.000000, 1.000000
X -0.008167, -0.166975, 0.985927
Y -0.006022, 0.985950, 0.166929
Z -0.999949, -0.004574, -0.009057

BONE 11
OFFSET 0.000094, 1.131313, 47.652164
SCALE 1.000000, 1.000000, 1.000000
X 0.000003, -0.020406, 0.999792
Y 0.000005, -0.999792, -0.020406
Z 1.000000, 0.000006, -0.000003

BONE 12
OFFSET 4.584381, 4.343949, 4.776942
SCALE 1.000000, 1.000000, 1.000000
X -0.000000, -0.008729, -0.999962
Y 0.016577, -0.999824, 0.008728
Z -0.999863, -0.016577, 0.000145

BONE 13
OFFSET -4.584069, 4.344151, 4.777238
SCALE 1.000000, 1.000000, 1.000000
X 0.000009, 0.008730, 0.999962
Y 0.016581, 0.999824, -0.008729
Z -0.999862, 0.016581, -0.000136

BONE 14
OFFSET 4.700433, -0.061928, 19.740456
SCALE 1.000000, 1.000000, 1.000000
X -0.000006, 0.029848, 0.999554
Y -0.000002, -0.999554, 0.029848
Z 1.000000, -0.000002, 0.000006

BONE 15
OFFSET -4.688321, -0.066477, 19.765478
SCALE 1.000000, 1.000000, 1.000000
X -0.000042, -0.029855, -0.999554
Y -0.000010, 0.999554, -0.029855
Z 1.000000, 0.000009, -0.000042

BONE 16
OFFSET 0.000090, 1.067745, 51.758411
SCALE 1.000000, 1.000000, 1.000000
X 0.000002, -0.047080, 0.998891
Y 0.000010, -0.998891, -0.047080
Z 1.000000, 0.000011, -0.000001

BONE 17
OFFSET 0.002056, 7.939955, 50.851307
SCALE 1.000000, 1.000000, 1.000000
X -0.002312, 0.998623, 0.052401
Y -0.999994, -0.002453, 0.002620
Z 0.002745, -0.052394, 0.998623

BONE 18
OFFSET 4.746620, -1.234840, 0.330913
SCALE 1.000000, 1.000000, 1.000000
X 0.016342, -0.983115, 0.182258
Y -0.002855, 0.182235, 0.983251
Z -0.999862, -0.016588, 0.000171

BONE 19
OFFSET -4.746290, -1.234591, 0.331138
SCALE 1.000000, 1.000000, 1.000000
X 0.016296, 0.983125, -0.182210
Y -0.002898, -0.182187, -0.983260
Z -0.999863, 0.016551, -0.000120

BONE 20
OFFSET 1.356609, 1.015539, 56.400341
SCALE 1.000000, 1.000000, 1.000000
X 0.997183, -0.019399, 0.072449
Y 0.018071, 0.999657, 0.018947
Z -0.072792, -0.017584, 0.997192

BONE 21
OFFSET -1.356719, 1.015542, 56.400444
SCALE 1.000000, 1.000000, 1.000000
X 0.997186, 0.019411, -0.072414
Y 0.018084, -0.999657, -0.018932
Z -0.072757, 0.017569, -0.997195

BONE 22
OFFSET 0.000058, 0.503915, 60.542107
SCALE 1.000000, 1.000000, 1.000000
X 0.000005, -0.309757, 0.950816
Y 0.000009, -0.950816, -0.309757
Z 1.000000, 0.000010, -0.000002

BONE 23
OFFSET 4.025334, 0.920922, 58.859638
SCALE 1.000000, 1.000000, 1.000000
X -0.997186, 0.019392, -0.072414
Y -0.018067, -0.999658, -0.018910
Z -0.072756, -0.017549, 0.997195

BONE 24
OFFSET -4.025115, 0.920835, 58.859825
SCALE 1.000000, 1.000000, 1.000000
X -0.997185, -0.019413, 0.072417
Y -0.018088, 0.999658, 0.018910
Z -0.072759, 0.017547, -0.997195

BONE 25
OFFSET -28.519920, -12.713210, 38.935009
SCALE 1.000000, 1.000000, 1.000000
X 1.000000, 0.000011, -0.000001
Y 0.000007, -0.764281, -0.644884
Z -0.000008, 0.644884, -0.764281

BONE 26
OFFSET -3.446791, 8.288239, 51.019424
SCALE 1.000000, 1.000000, 1.000000
X -0.083352, 0.038091, -0.995792
Y 0.176876, -0.982837, -0.052401
Z -0.980697, -0.180500, 0.075184

BONE 27
OFFSET 5.324184, -4.817457, 56.563660
SCALE 1.000000, 1.000000, 1.000000
X 0.425518, -0.775120, 0.467037
Y 0.904858, 0.371803, -0.207351
Z -0.012924, 0.510834, 0.859582

BONE 28
OFFSET -5.921757, -4.462816, 56.530518
SCALE 1.000000, 1.000000, 1.000000
X -0.289342, -0.948959, 0.125531
Y 0.919742, -0.311950, -0.238249
Z 0.265248, 0.046520, 0.963057

BONE 29
OFFSET -28.519920, -12.713210, 38.935009
SCALE 1.000000, 1.000000, 1.000000
X 0.000011, -1.000000, 0.000001
Y 1.000000, 0.000011, -0.000001
Z 0.000001, 0.000001, 1.000000

BONE 30
OFFSET 0.000057, -0.306903, 63.520969
SCALE 1.000000, 1.000000, 1.000000
X -0.000007, -0.216434, 0.976297
Y 0.000005, -0.976297, -0.216434
Z 1.000000, 0.000004, 0.000008

BONE 31
OFFSET 7.725458, 0.891629, 56.863182
SCALE 1.000000, 1.000000, 1.000000
X 0.662981, -0.260696, -0.701779
Y 0.273873, 0.956889, -0.096732
Z 0.696743, -0.128067, 0.705796

BONE 32
OFFSET -7.725506, 0.891564, 56.862965
SCALE 1.000000, 1.000000, 1.000000
X 0.662960, 0.260726, 0.701788
Y 0.273916, -0.956876, 0.096734
Z 0.696745, 0.128101, -0.705788

BONE 33
OFFSET 15.846270, -1.632336, 48.642548
SCALE 1.000000, 1.000000, 1.000000
X 0.294563, -0.846066, -0.444303
Y 0.654051, 0.517466, -0.551767
Z 0.696743, -0.128067, 0.705796

BONE 34
OFFSET -15.846113, -1.632834, 48.642265
SCALE 1.000000, 1.000000, 1.000000
X 0.294518, 0.846079, 0.444308
Y 0.654068, -0.517437, 0.551773
Z 0.696745, 0.128101, -0.705788

BONE 35
OFFSET 15.742274, -1.805675, 48.713013
SCALE 1.000000, 1.000000, 1.000000
X 0.294845, -0.845858, -0.444512
Y 0.653923, 0.517813, -0.551593
Z 0.696743, -0.128042, 0.705801

BONE 36
OFFSET -15.742270, -1.806072, 48.712933
SCALE 1.000000, 1.000000, 1.000000
X 0.294819, 0.845861, 0.444523
Y 0.653933, -0.517800, 0.551592
Z 0.696745, 0.128069, -0.705794

BONE 37
OFFSET -0.000527, -1.399727, 69.807846
SCALE 1.000000, 1.000000, 1.000000
X -0.000007, -0.216434, 0.976297
Y 0.000005, -0.976297, -0.216434
Z 1.000000, 0.000004, 0.000008

BONE 38
OFFSET 0.000054, -1.472068, 63.720364
SCALE 1.000000, 1.000000, 1.000000
X 1.000000, 0.000000, 0.000000
Y 0.000000, -0.000000, 1.000000
Z 0.000000, -1.000000, -0.000000

BONE 39
OFFSET 8.032188, 0.771017, 56.538502
SCALE 1.000000, 1.000000, 1.000000
X 0.662981, -0.260696, -0.701779
Y 0.273875, 0.956889, -0.096730
Z 0.696742, -0.128070, 0.705797

BONE 40
OFFSET -8.001591, 0.782987, 56.570709
SCALE 1.000000, 1.000000, 1.000000
X 0.662960, 0.260726, 0.701788
Y 0.273908, -0.956878, 0.096742
Z 0.696748, 0.128089, -0.705787

BONE 41
OFFSET -0.000540, -0.362329, 71.243195
SCALE 1.000000, 1.000000, 1.000000
X 0.000005, -0.999048, 0.043625
Y 1.000000, 0.000005, 0.000005
Z -0.000005, 0.043625, 0.999048

BONE 42
OFFSET 18.585669, -10.419226, 44.089733
SCALE 1.000000, 1.000000, 1.000000
X 0.299004, -0.782064, -0.546784
Y -0.792522, 0.115636, -0.598779
Z 0.531512, 0.612376, -0.585227

BONE 43
OFFSET -18.585567, -10.419399, 44.089657
SCALE 1.000000, 1.000000, 1.000000
X 0.299011, 0.782058, 0.546788
Y -0.792524, -0.115633, 0.598778
Z 0.531506, -0.612384, 0.585224

BONE 44
OFFSET 17.753496, -7.897926, 45.442410
SCALE 1.000000, 1.000000, 1.000000
X 0.294846, -0.845857, -0.444513
Y 0.653930, 0.517812, -0.551585
Z 0.696736, -0.128048, 0.705806

BONE 45
OFFSET -17.753546, -7.898361, 45.442448
SCALE 1.000000, 1.000000, 1.000000
X 0.294819, 0.845861, 0.444523
Y 0.653933, -0.517800, 0.551592
Z 0.696745, 0.128069, -0.705794

BONE 46
OFFSET 18.943596, -14.118733, 43.296165
SCALE 1.000000, 1.000000, 1.000000
X 0.252533, -0.921880, -0.293878
Y -0.670074, 0.052482, -0.740436
Z 0.698017, 0.383905, -0.604475

BONE 47
OFFSET -18.943485, -14.118932, 43.296089
SCALE 1.000000, 1.000000, 1.000000
X 0.252692, 0.921873, 0.293763
Y -0.670040, -0.052297, 0.740480
Z 0.697992, -0.383946, 0.604477

BONE 48
OFFSET 19.641989, -13.608097, 42.701954
SCALE 1.000000, 1.000000, 1.000000
X 0.066843, -0.793765, -0.604540
Y -0.837155, 0.285040, -0.466823
Z 0.542866, 0.537298, -0.645452

BONE 49
OFFSET -19.641909, -13.608223, 42.701809
SCALE 1.000000, 1.000000, 1.000000
X 0.066887, 0.793771, 0.604528
Y -0.837171, -0.284987, 0.466827
Z 0.542836, -0.537317, 0.645460

BONE 50
OFFSET 20.410118, -12.159682, 41.480377
SCALE 1.000000, 1.000000, 1.000000
X -0.099274, -0.722106, -0.684623
Y -0.848031, 0.421335, -0.321434
Z 0.520565, 0.548671, -0.654195

BONE 51
OFFSET -20.410091, -12.159837, 41.480251
SCALE 1.000000, 1.000000, 1.000000
X -0.099304, 0.722089, 0.684635
Y -0.848020, -0.421369, 0.321418
Z 0.520577, -0.548666, 0.654190

BONE 52
OFFSET 20.114302, -12.876246, 42.061901
SCALE 1.000000, 1.000000, 1.000000
X -0.006006, -0.738898, -0.673791
Y -0.878970, 0.325202, -0.348791
Z 0.476839, 0.590147, -0.651422

BONE 53
OFFSET -20.114208, -12.876396, 42.061890
SCALE 1.000000, 1.000000, 1.000000
X -0.005979, 0.738908, 0.673780
Y -0.878978, -0.325169, 0.348801
Z 0.476825, -0.590152, 0.651428

BONE 54
OFFSET 18.473015, -11.541899, 44.177650
SCALE 1.000000, 1.000000, 1.000000
X -0.766327, -0.594301, -0.244027
Y 0.525231, -0.360813, -0.770679
Z 0.369968, -0.718763, 0.588646

BONE 55
OFFSET -18.472874, -11.542074, 44.177635
SCALE 1.000000, 1.000000, 1.000000
X -0.766329, 0.594294, 0.244036
Y 0.525229, 0.360803, 0.770685
Z 0.369965, 0.718773, -0.588635

BONE 56
OFFSET -28.519896, -12.719981, 38.932270
SCALE 1.000000, 1.000000, 1.000000
X 0.000190, -1.000000, -0.000189
Y 1.000000, 0.000190, 0.000053
Z -0.000053, -0.000189, 1.000000

BONE 57
OFFSET -28.520119, -12.709172, 38.935143
SCALE 1.000000, 1.000000, 1.000000
X -0.000199, -1.000000, -0.000195
Y 0.998877, -0.000190, -0.047381
Z 0.047381, -0.000205, 0.998877

BONE 58
OFFSET 19.335176, -15.548034, 42.840546
SCALE 1.000000, 1.000000, 1.000000
X -0.305493, -0.603804, -0.736271
Y -0.647669, 0.698577, -0.304162
Z 0.697997, 0.383940, -0.604476

BONE 59
OFFSET -19.335234, -15.548249, 42.840523
SCALE 1.000000, 1.000000, 1.000000
X -0.305842, 0.603512, 0.736365
Y -0.647460, -0.698892, 0.303884
Z 0.698038, -0.383827, 0.604500

BONE 60
OFFSET 19.766018, -15.080857, 41.580357
SCALE 1.000000, 1.000000, 1.000000
X -0.742584, -0.051931, -0.667737
Y -0.392291, 0.841795, 0.370795
Z 0.542841, 0.537294, -0.645475

BONE 61
OFFSET -19.765930, -15.081016, 41.579948
SCALE 1.000000, 1.000000, 1.000000
X -0.742558, 0.051921, 0.667766
Y -0.392315, -0.841780, -0.370804
Z 0.542860, -0.537318, 0.645439

BONE 62
OFFSET 20.291075, -13.025280, 40.659801
SCALE 1.000000, 1.000000, 1.000000
X -0.734217, -0.103408, -0.670993
Y -0.435791, 0.829631, 0.348997
Z 0.520587, 0.548653, -0.654194

BONE 63
OFFSET -20.291012, -13.025424, 40.659672
SCALE 1.000000, 1.000000, 1.000000
X -0.734208, 0.103424, 0.671001
Y -0.435814, -0.829619, -0.348996
Z 0.520581, -0.548667, 0.654187

BONE 64
OFFSET 20.104219, -14.119193, 40.928596
SCALE 1.000000, 1.000000, 1.000000
X -0.750598, -0.112264, -0.651152
Y -0.457408, 0.799450, 0.389433
Z 0.476844, 0.590150, -0.651416

BONE 65
OFFSET -20.104130, -14.119358, 40.928261
SCALE 1.000000, 1.000000, 1.000000
X -0.750602, 0.112272, 0.651146
Y -0.457410, -0.799450, -0.389431
Z 0.476836, -0.590148, 0.651423

BONE 66
OFFSET 16.629330, -12.971684, 43.590553
SCALE 1.000000, 1.000000, 1.000000
X -0.513767, -0.686190, -0.514963
Y 0.774059, -0.111908, -0.623144
Z 0.369966, -0.718763, 0.588646

BONE 67
OFFSET -16.629194, -12.971821, 43.590179
SCALE 1.000000, 1.000000, 1.000000
X -0.513765, 0.686181, 0.514977
Y 0.774059, 0.111890, 0.623148
Z 0.369972, 0.718774, -0.588629

BONE 68
OFFSET 19.038221, -16.134914, 42.125023
SCALE 1.000000, 1.000000, 1.000000
X -0.554097, -0.245160, -0.795533
Y -0.453622, 0.890222, 0.041612
Z 0.698000, 0.383929, -0.604479

BONE 69
OFFSET -19.037983, -16.134798, 42.125008
SCALE 1.000000, 1.000000, 1.000000
X -0.553871, 0.245483, 0.795591
Y -0.453788, -0.890154, -0.041256
Z 0.698071, -0.383880, 0.604428

BONE 70
OFFSET 18.948034, -15.138112, 40.844826
SCALE 1.000000, 1.000000, 1.000000
X -0.836744, 0.280258, -0.470441
Y -0.071875, 0.795463, 0.601724
Z 0.542857, 0.537302, -0.645456

BONE 71
OFFSET -18.947971, -15.138271, 40.844528
SCALE 1.000000, 1.000000, 1.000000
X -0.836742, -0.280254, 0.470448
Y -0.071886, -0.795461, -0.601726
Z 0.542859, -0.537308, 0.645449

BONE 72
OFFSET 19.784019, -13.096679, 40.196491
SCALE 1.000000, 1.000000, 1.000000
X -0.853803, 0.339164, -0.394953
Y 0.005198, 0.764171, 0.644992
Z 0.520570, 0.548643, -0.654215

BONE 73
OFFSET -19.783998, -13.096812, 40.196270
SCALE 1.000000, 1.000000, 1.000000
X -0.853799, -0.339166, 0.394959
Y 0.005186, -0.764161, -0.645004
Z 0.520576, -0.548656, 0.654199

BONE 74
OFFSET 19.396437, -14.225060, 40.314682
SCALE 1.000000, 1.000000, 1.000000
X -0.861545, 0.166924, -0.479454
Y -0.174209, 0.789854, 0.588033
Z 0.476856, 0.590142, -0.651415

BONE 75
OFFSET -19.396343, -14.225204, 40.314499
SCALE 1.000000, 1.000000, 1.000000
X -0.861557, -0.166916, 0.479436
Y -0.174209, -0.789846, -0.588043
Z 0.476834, -0.590155, 0.651419

BONE 76
OFFSET 16.015608, -13.791351, 42.975456
SCALE 1.000000, 1.000000, 1.000000
X -0.178188, -0.676734, -0.714339
Y 0.911796, 0.159395, -0.378446
Z 0.369969, -0.718766, 0.588641

BONE 77
OFFSET -16.015455, -13.791477, 42.975048
SCALE 1.000000, 1.000000, 1.000000
X -0.178183, 0.676724, 0.714350
Y 0.911791, -0.159415, 0.378450
Z 0.369984, 0.718771, -0.588626

NUMVERTS 763
VERT 0
OFFSET 8.240109, -7.102748, 54.057346
BONES 1
BONE 16 1.000000

VERT 1
OFFSET 7.597103, -5.072711, 56.658630
BONES 1
BONE 16 1.000000

VERT 2
OFFSET 7.484661, -5.921455, 56.237843
BONES 1
BONE 16 1.000000

VERT 3
OFFSET 7.955845, -7.314814, 54.242725
BONES 1
BONE 16 1.000000

VERT 4
OFFSET 7.663939, -5.295700, 55.743973
BONES 1
BONE 16 1.000000

VERT 5
OFFSET 6.588861, -5.147647, 55.654720
BONES 1
BONE 16 1.000000

VERT 6
OFFSET 6.339599, -4.790195, 56.544838
BONES 1
BONE 16 1.000000

VERT 7
OFFSET 6.440454, -5.665651, 56.063553
BONES 1
BONE 16 1.000000

VERT 8
OFFSET 5.906991, -7.947407, 53.415379
BONES 1
BONE 16 1.000000

VERT 9
OFFSET 6.151308, -7.060701, 52.716339
BONES 1
BONE 16 1.000000

VERT 10
OFFSET 7.116098, -7.733204, 53.153835
BONES 1
BONE 16 1.000000

VERT 11
OFFSET 6.959353, -5.495910, 53.742142
BONES 1
BONE 16 1.000000

VERT 12
OFFSET 7.967721, -6.781379, 54.645756
BONES 1
BONE 16 1.000000

VERT 13
OFFSET 6.400959, -7.522512, 55.339821
BONES 1
BONE 16 1.000000

VERT 14
OFFSET 5.406702, -6.240025, 54.437359
BONES 1
BONE 16 1.000000

VERT 15
OFFSET 6.369346, -4.958922, 55.496666
BONES 1
BONE 16 1.000000

VERT 16
OFFSET 7.316537, -5.608989, 55.918392
BONES 1
BONE 16 1.000000

VERT 17
OFFSET 6.134774, -5.810256, 56.167820
BONES 1
BONE 16 1.000000

VERT 18
OFFSET 4.483005, -8.257213, 56.125515
BONES 1
BONE 16 1.000000

VERT 19
OFFSET 5.638282, -5.517467, 57.694054
BONES 1
BONE 16 1.000000

VERT 20
OFFSET 4.899535, -6.001601, 57.333580
BONES 1
BONE 16 1.000000

VERT 21
OFFSET 4.157474, -8.025036, 56.109241
BONES 1
BONE 16 1.000000

VERT 22
OFFSET 5.633422, -6.179851, 57.021729
BONES 1
BONE 16 1.000000

VERT 23
OFFSET 5.435211, -5.399364, 56.288773
BONES 1
BONE 16 1.000000

VERT 24
OFFSET 5.509326, -4.568551, 56.823990
BONES 1
BONE 16 1.000000

VERT 25
OFFSET 4.827693, -5.251806, 56.546921
BONES 1
BONE 16 1.000000

VERT 26
OFFSET 3.063209, -7.264848, 54.236496
BONES 1
BONE 16 1.000000

VERT 27
OFFSET 4.099802, -7.509962, 53.789291
BONES 1
BONE 16 1.000000

VERT 28
OFFSET 3.708911, -8.207928, 54.756008
BONES 1
BONE 16 1.000000

VERT 29
OFFSET 5.609777, -6.906271, 55.017834
BONES 1
BONE 16 1.000000

VERT 30
OFFSET 4.575335, -7.598083, 56.409622
BONES 1
BONE 16 1.000000

VERT 31
OFFSET 3.240604, -6.346057, 56.039928
BONES 1
BONE 16 1.000000

VERT 32
OFFSET 4.276692, -5.664894, 54.657787
BONES 1
BONE 16 1.000000

VERT 33
OFFSET 5.568624, -5.260908, 56.020782
BONES 1
BONE 16 1.000000

VERT 34
OFFSET 5.195789, -5.946802, 56.963203
BONES 1
BONE 16 1.000000

VERT 35
OFFSET 4.573381, -5.025571, 56.450142
BONES 1
BONE 16 1.000000

VERT 36
OFFSET -3.591149, -0.468684, 15.893981
BONES 4
BONE 4 0.019696
BONE 10 0.847486
BONE 15 0.132761
BONE 8 0.000056

VERT 37
OFFSET -5.135866, -0.636236, 15.514863
BONES 4
BONE 4 0.013613
BONE 10 0.880101
BONE 15 0.106278
BONE 8 0.000008

VERT 38
OFFSET -6.544041, -0.610271, 16.184576
BONES 4
BONE 4 0.023198
BONE 10 0.868288
BONE 15 0.108488
BONE 8 0.000027

VERT 39
OFFSET -2.916856, -0.893844, 17.076862
BONES 4
BONE 4 0.060037
BONE 10 0.633521
BONE 15 0.305905
BONE 8 0.000537

VERT 40
OFFSET -5.080535, -1.905250, 16.621586
BONES 4
BONE 4 0.032895
BONE 10 0.556221
BONE 15 0.410755
BONE 8 0.000129

VERT 41
OFFSET -7.064962, -0.994475, 17.488443
BONES 4
BONE 4 0.071867
BONE 10 0.601813
BONE 15 0.325802
BONE 8 0.000518

VERT 42
OFFSET -2.486834, -2.693091, 20.431419
BONES 3
BONE 4 0.060964
BONE 10 0.000000
BONE 15 0.939036

VERT 43
OFFSET -4.553810, -2.948373, 20.927298
BONES 4
BONE 4 0.139280
BONE 10 0.004060
BONE 15 0.853250
BONE 8 0.003410

VERT 44
OFFSET -6.754905, -2.468263, 20.833586
BONES 4
BONE 4 0.123821
BONE 10 0.002471
BONE 15 0.871448
BONE 8 0.002261

VERT 45
OFFSET -3.318080, 0.313744, 15.455855
BONES 4
BONE 4 0.011345
BONE 10 0.882687
BONE 15 0.105953
BONE 8 0.000015

VERT 46
OFFSET -5.251167, -0.107907, 14.898441
BONES 4
BONE 4 0.008867
BONE 10 0.887142
BONE 15 0.103987
BONE 8 0.000004

VERT 47
OFFSET -7.139772, 0.291104, 15.849670
BONES 4
BONE 4 0.017568
BONE 10 0.871390
BONE 15 0.110991
BONE 8 0.000051

VERT 48
OFFSET -2.072392, -2.078620, 21.263895
BONES 4
BONE 4 0.060964
BONE 10 0.000000
BONE 15 0.939036
BONE 8 0.000000

VERT 49
OFFSET -4.532793, -2.520081, 21.939001
BONES 4
BONE 4 0.139280
BONE 10 0.004060
BONE 15 0.853249
BONE 8 0.003410

VERT 50
OFFSET -7.171207, -1.839174, 21.935242
BONES 4
BONE 4 0.123822
BONE 10 0.002471
BONE 15 0.871446
BONE 8 0.002261

VERT 51
OFFSET -2.380721, -0.010796, 17.208754
BONES 4
BONE 4 0.052912
BONE 10 0.725169
BONE 15 0.220971
BONE 8 0.000948

VERT 52
OFFSET -7.659053, 0.245106, 17.885643
BONES 4
BONE 4 0.088807
BONE 10 0.718518
BONE 15 0.191813
BONE 8 0.000861

VERT 53
OFFSET -1.854536, -0.946976, 19.504395
BONES 4
BONE 4 0.085764
BONE 10 0.125443
BONE 15 0.786433
BONE 8 0.002360

VERT 54
OFFSET -2.427386, -1.816590, 18.948353
BONES 4
BONE 4 0.005574
BONE 10 0.107988
BONE 15 0.886427
BONE 8 0.000011

VERT 55
OFFSET -4.834220, -2.975085, 18.889465
BONES 3
BONE 4 0.012151
BONE 10 0.102640
BONE 15 0.885209

VERT 56
OFFSET -7.217177, -1.747360, 19.484125
BONES 4
BONE 4 0.060279
BONE 10 0.122563
BONE 15 0.816246
BONE 8 0.000912

VERT 57
OFFSET -7.802989, -0.536507, 20.245464
BONES 4
BONE 4 0.131677
BONE 10 0.144028
BONE 15 0.721942
BONE 8 0.002354

VERT 58
OFFSET 3.591149, -0.468684, 15.893981
BONES 4
BONE 3 0.035488
BONE 9 0.741146
BONE 14 0.222999
BONE 7 0.000367

VERT 59
OFFSET 5.135866, -0.636236, 15.514863
BONES 4
BONE 3 0.020691
BONE 9 0.782014
BONE 14 0.197161
BONE 7 0.000134

VERT 60
OFFSET 6.544041, -0.610271, 16.184576
BONES 4
BONE 3 0.049707
BONE 9 0.742215
BONE 14 0.207846
BONE 7 0.000232

VERT 61
OFFSET 2.916856, -0.893844, 17.076862
BONES 4
BONE 3 0.060037
BONE 9 0.633519
BONE 14 0.305907
BONE 7 0.000537

VERT 62
OFFSET 5.080535, -1.905250, 16.621586
BONES 4
BONE 3 0.032895
BONE 9 0.556219
BONE 14 0.410757
BONE 7 0.000129

VERT 63
OFFSET 7.064962, -0.994475, 17.488443
BONES 4
BONE 3 0.071867
BONE 9 0.601811
BONE 14 0.325804
BONE 7 0.000518

VERT 64
OFFSET 2.486834, -2.693091, 20.431419
BONES 2
BONE 3 0.099825
BONE 14 0.900175

VERT 65
OFFSET 4.553810, -2.948373, 20.927298
BONES 5
BONE 1 0.000003
BONE 3 0.192120
BONE 9 0.009394
BONE 14 0.792190
BONE 7 0.006293

VERT 66
OFFSET 6.754905, -2.468263, 20.833586
BONES 5
BONE 1 0.000000
BONE 3 0.157654
BONE 9 0.004314
BONE 14 0.835799
BONE 7 0.002232

VERT 67
OFFSET 3.318080, 0.313744, 15.455855
BONES 4
BONE 3 0.025523
BONE 9 0.777435
BONE 14 0.196678
BONE 7 0.000364

VERT 68
OFFSET 5.251167, -0.107907, 14.898441
BONES 4
BONE 3 0.013255
BONE 9 0.814750
BONE 14 0.171889
BONE 7 0.000106

VERT 69
OFFSET 7.139772, 0.291104, 15.849670
BONES 4
BONE 3 0.033480
BONE 9 0.787784
BONE 14 0.178535
BONE 7 0.000201

VERT 70
OFFSET 2.072392, -2.078620, 21.263895
BONES 2
BONE 3 0.099825
BONE 14 0.900175

VERT 71
OFFSET 4.532793, -2.520081, 21.939001
BONES 5
BONE 1 0.000003
BONE 3 0.192120
BONE 9 0.009394
BONE 14 0.792190
BONE 7 0.006293

VERT 72
OFFSET 7.171207, -1.839174, 21.935242
BONES 5
BONE 1 0.000000
BONE 3 0.157654
BONE 9 0.004314
BONE 14 0.835799
BONE 7 0.002232

VERT 73
OFFSET 2.380721, -0.010796, 17.208754
BONES 4
BONE 3 0.084063
BONE 9 0.637849
BONE 14 0.276759
BONE 7 0.001329

VERT 74
OFFSET 7.659053, 0.245106, 17.885643
BONES 4
BONE 3 0.133172
BONE 9 0.611589
BONE 14 0.251290
BONE 7 0.003949

VERT 75
OFFSET 1.854536, -0.946976, 19.504395
BONES 4
BONE 3 0.062035
BONE 9 0.127868
BONE 14 0.807548
BONE 7 0.002549

VERT 76
OFFSET 2.427386, -1.816590, 18.948353
BONES 4
BONE 3 0.009375
BONE 9 0.121948
BONE 14 0.868648
BONE 7 0.000029

VERT 77
OFFSET 4.834220, -2.975085, 18.889465
BONES 4
BONE 3 0.015395
BONE 9 0.072577
BONE 14 0.912024
BONE 7 0.000004

VERT 78
OFFSET 7.217177, -1.747360, 19.484125
BONES 4
BONE 3 0.067954
BONE 9 0.109233
BONE 14 0.820539
BONE 7 0.002274

VERT 79
OFFSET 7.802989, -0.536507, 20.245464
BONES 4
BONE 3 0.145377
BONE 9 0.117254
BONE 14 0.730987
BONE 7 0.006382

VERT 80
OFFSET 12.475221, 2.462481, 48.648857
BONES 10
BONE 1 0.000000
BONE 5 0.000086
BONE 11 0.000172
BONE 16 0.001132
BONE 20 0.000231
BONE 31 0.733479
BONE 35 0.017138
BONE 39 0.244405
BONE 33 0.003357
BONE 23 0.000000

VERT 81
OFFSET 11.462301, 0.596270, 48.173157
BONES 10
BONE 1 0.000000
BONE 5 0.000086
BONE 11 0.000206
BONE 16 0.001880
BONE 20 0.000121
BONE 31 0.739046
BONE 35 0.038083
BONE 39 0.220118
BONE 33 0.000460
BONE 23 0.000000

VERT 82
OFFSET 9.300067, 1.110796, 49.879162
BONES 10
BONE 1 0.000003
BONE 5 0.009555
BONE 11 0.015129
BONE 16 0.066127
BONE 20 0.001587
BONE 31 0.369966
BONE 35 0.000707
BONE 39 0.536922
BONE 33 0.000003
BONE 23 0.000001

VERT 83
OFFSET 10.430474, 2.978379, 50.611698
BONES 10
BONE 1 0.000012
BONE 5 0.002683
BONE 11 0.006713
BONE 16 0.044857
BONE 20 0.012862
BONE 31 0.438831
BONE 35 0.001286
BONE 39 0.492529
BONE 33 0.000217
BONE 23 0.000008

VERT 84
OFFSET 11.237178, -1.916607, 48.505196
BONES 8
BONE 5 0.000001
BONE 11 0.000004
BONE 16 0.000789
BONE 20 0.000041
BONE 31 0.730355
BONE 35 0.097590
BONE 39 0.170801
BONE 33 0.000419

VERT 85
OFFSET 9.249761, -1.396892, 50.231411
BONES 10
BONE 1 0.000001
BONE 5 0.004646
BONE 11 0.010332
BONE 16 0.081513
BONE 20 0.001235
BONE 31 0.390992
BONE 35 0.004279
BONE 39 0.506973
BONE 33 0.000029
BONE 23 0.000001

VERT 86
OFFSET 11.819489, -3.491798, 49.696590
BONES 6
BONE 16 0.001243
BONE 20 0.000428
BONE 31 0.658517
BONE 35 0.156453
BONE 39 0.182263
BONE 33 0.001097

VERT 87
OFFSET 9.852409, -2.921360, 51.302784
BONES 10
BONE 1 0.000001
BONE 5 0.000967
BONE 11 0.005226
BONE 16 0.051831
BONE 20 0.006389
BONE 31 0.412085
BONE 35 0.009634
BONE 39 0.513751
BONE 33 0.000115
BONE 23 0.000001

VERT 88
OFFSET 13.064990, -3.721267, 51.380390
BONES 6
BONE 16 0.000293
BONE 20 0.000485
BONE 31 0.711936
BONE 35 0.115653
BONE 39 0.169535
BONE 33 0.002097

VERT 89
OFFSET 14.395066, -3.064419, 52.342934
BONES 6
BONE 16 0.000045
BONE 20 0.000262
BONE 31 0.707472
BONE 35 0.105998
BONE 39 0.177055
BONE 33 0.009168

VERT 90
OFFSET 15.351267, -0.339334, 52.555367
BONES 6
BONE 16 0.000003
BONE 20 0.001064
BONE 31 0.706914
BONE 35 0.045948
BONE 39 0.217968
BONE 33 0.028103

VERT 91
OFFSET 15.000024, 2.048167, 51.843964
BONES 6
BONE 16 0.000001
BONE 20 0.002795
BONE 31 0.707240
BONE 35 0.011635
BONE 39 0.247299
BONE 33 0.031030

VERT 92
OFFSET 14.066480, 2.865117, 50.923866
BONES 6
BONE 16 0.000001
BONE 20 0.002701
BONE 31 0.707025
BONE 35 0.004587
BONE 39 0.265554
BONE 33 0.020132

VERT 93
OFFSET 10.227659, -3.113517, 54.816864
BONES 10
BONE 1 0.000000
BONE 5 0.000484
BONE 11 0.003659
BONE 16 0.036271
BONE 20 0.073786
BONE 31 0.202796
BONE 35 0.000766
BONE 39 0.678138
BONE 33 0.000001
BONE 23 0.004100

VERT 94
OFFSET 11.320021, 3.335788, 54.153996
BONES 10
BONE 1 0.000001
BONE 5 0.000228
BONE 11 0.001928
BONE 16 0.019024
BONE 20 0.089238
BONE 31 0.277655
BONE 35 0.000112
BONE 39 0.610054
BONE 33 0.001215
BONE 23 0.000544

VERT 95
OFFSET 9.746349, -1.304904, 57.935303
BONES 9
BONE 5 0.001290
BONE 11 0.048033
BONE 16 0.094871
BONE 20 0.201792
BONE 31 0.024096
BONE 35 0.000000
BONE 39 0.598223
BONE 33 0.000000
BONE 23 0.031695

VERT 96
OFFSET 9.900720, -2.457076, 56.327862
BONES 10
BONE 1 0.000000
BONE 5 0.000940
BONE 11 0.006582
BONE 16 0.052088
BONE 20 0.139545
BONE 31 0.100334
BONE 35 0.000312
BONE 39 0.688714
BONE 33 0.000076
BONE 23 0.011408

VERT 97
OFFSET 10.145969, 0.627252, 58.309349
BONES 10
BONE 1 0.000001
BONE 5 0.000090
BONE 11 0.001011
BONE 16 0.018834
BONE 20 0.305983
BONE 31 0.011844
BONE 35 0.000005
BONE 39 0.635987
BONE 33 0.000010
BONE 23 0.026236

VERT 98
OFFSET 10.137109, 2.429883, 57.407722
BONES 10
BONE 1 0.000001
BONE 5 0.000103
BONE 11 0.001034
BONE 16 0.014106
BONE 20 0.251309
BONE 31 0.027603
BONE 35 0.000001
BONE 39 0.696905
BONE 33 0.000080
BONE 23 0.008858

VERT 99
OFFSET 10.641022, 3.089172, 55.504108
BONES 10
BONE 1 0.000000
BONE 5 0.000091
BONE 11 0.002516
BONE 16 0.024205
BONE 20 0.150455
BONE 31 0.141241
BONE 35 0.000020
BONE 39 0.679257
BONE 33 0.000579
BONE 23 0.001636

VERT 100
OFFSET 8.644553, 0.833242, 59.585896
BONES 8
BONE 1 0.000001
BONE 5 0.000204
BONE 11 0.001997
BONE 16 0.047709
BONE 20 0.448883
BONE 31 0.001862
BONE 39 0.403111
BONE 23 0.096234

VERT 101
OFFSET 8.435672, -0.884498, 59.107033
BONES 7
BONE 5 0.000615
BONE 11 0.005841
BONE 16 0.077398
BONE 20 0.394565
BONE 31 0.001449
BONE 39 0.414410
BONE 23 0.105722

VERT 102
OFFSET 8.854231, 2.551645, 58.920551
BONES 8
BONE 1 0.000006
BONE 5 0.000628
BONE 11 0.004008
BONE 16 0.041496
BONE 20 0.429742
BONE 31 0.002767
BONE 39 0.457799
BONE 23 0.063554

VERT 103
OFFSET 6.993195, 0.985073, 59.901634
BONES 10
BONE 1 0.000000
BONE 5 0.000203
BONE 11 0.002532
BONE 16 0.133590
BONE 20 0.479952
BONE 31 0.000096
BONE 39 0.171341
BONE 21 0.000000
BONE 23 0.212279
BONE 24 0.000006

VERT 104
OFFSET 6.860647, -0.764598, 59.554070
BONES 9
BONE 5 0.001055
BONE 11 0.008526
BONE 16 0.199707
BONE 20 0.411041
BONE 31 0.000101
BONE 39 0.164425
BONE 21 0.000000
BONE 23 0.215142
BONE 24 0.000004

VERT 105
OFFSET 7.041236, 2.691900, 59.286552
BONES 8
BONE 1 0.000001
BONE 5 0.000421
BONE 11 0.004473
BONE 16 0.106225
BONE 20 0.519106
BONE 31 0.000122
BONE 39 0.183041
BONE 23 0.186612

VERT 106
OFFSET 11.368731, -2.521885, 56.343071
BONES 10
BONE 1 0.000000
BONE 5 0.000131
BONE 11 0.001246
BONE 16 0.016770
BONE 20 0.094421
BONE 31 0.206288
BONE 35 0.001426
BONE 39 0.675195
BONE 33 0.000398
BONE 23 0.004125

VERT 107
OFFSET 12.252434, 0.177531, 56.963642
BONES 9
BONE 5 0.000002
BONE 11 0.000067
BONE 16 0.003198
BONE 20 0.118159
BONE 31 0.205505
BONE 35 0.000459
BONE 39 0.669590
BONE 33 0.000993
BONE 23 0.002027

VERT 108
OFFSET 12.018154, 2.813208, 55.839600
BONES 9
BONE 5 0.000004
BONE 11 0.000084
BONE 16 0.002968
BONE 20 0.128840
BONE 31 0.205600
BONE 35 0.000004
BONE 39 0.660138
BONE 33 0.001350
BONE 23 0.001013

VERT 109
OFFSET 10.816103, 3.563020, 51.794559
BONES 10
BONE 1 0.000006
BONE 5 0.000995
BONE 11 0.004931
BONE 16 0.042869
BONE 20 0.028614
BONE 31 0.388780
BONE 35 0.000616
BONE 39 0.532768
BONE 33 0.000410
BONE 23 0.000012

VERT 110
OFFSET 9.780458, -2.922656, 52.011223
BONES 10
BONE 1 0.000001
BONE 5 0.001502
BONE 11 0.008005
BONE 16 0.080131
BONE 20 0.012866
BONE 31 0.307541
BONE 35 0.001711
BONE 39 0.588206
BONE 33 0.000039
BONE 23 0.000000

VERT 111
OFFSET -12.860597, 2.709531, 48.886250
BONES 8
BONE 5 0.000090
BONE 11 0.000193
BONE 16 0.002295
BONE 21 0.001141
BONE 32 0.678251
BONE 36 0.001755
BONE 40 0.310708
BONE 34 0.005567

VERT 112
OFFSET -10.805040, 3.299112, 50.922047
BONES 10
BONE 1 0.000007
BONE 5 0.001344
BONE 11 0.005150
BONE 16 0.034524
BONE 21 0.023901
BONE 32 0.438992
BONE 36 0.000671
BONE 40 0.494843
BONE 34 0.000561
BONE 24 0.000008

VERT 113
OFFSET -13.064990, -3.721267, 51.380390
BONES 6
BONE 16 0.000095
BONE 21 0.000340
BONE 32 0.603646
BONE 36 0.122518
BONE 40 0.271244
BONE 34 0.002158

VERT 114
OFFSET -14.395066, -3.064419, 52.342934
BONES 6
BONE 16 0.000051
BONE 21 0.000516
BONE 32 0.622333
BONE 36 0.100975
BONE 40 0.268214
BONE 34 0.007911

VERT 115
OFFSET -15.351267, -0.339334, 52.555367
BONES 8
BONE 5 0.000000
BONE 11 0.000000
BONE 16 0.000011
BONE 21 0.000261
BONE 32 0.630135
BONE 36 0.050975
BONE 40 0.293018
BONE 34 0.025599

VERT 116
OFFSET -15.000024, 2.048167, 51.843964
BONES 8
BONE 5 0.000004
BONE 11 0.000008
BONE 16 0.000246
BONE 21 0.000553
BONE 32 0.650174
BONE 36 0.012586
BONE 40 0.317571
BONE 34 0.018859

VERT 117
OFFSET -14.066480, 2.865117, 50.923866
BONES 10
BONE 1 0.000000
BONE 5 0.000036
BONE 11 0.000087
BONE 16 0.001831
BONE 21 0.004983
BONE 32 0.626227
BONE 36 0.002051
BONE 40 0.355785
BONE 34 0.009000
BONE 24 0.000000

VERT 118
OFFSET -10.227659, -3.113517, 54.816864
BONES 10
BONE 1 0.000000
BONE 5 0.000792
BONE 11 0.004298
BONE 16 0.036974
BONE 21 0.063824
BONE 32 0.185317
BONE 36 0.000003
BONE 40 0.701743
BONE 34 0.000132
BONE 24 0.006918

VERT 119
OFFSET -11.320021, 3.335788, 54.153996
BONES 10
BONE 1 0.000001
BONE 5 0.000186
BONE 11 0.002254
BONE 16 0.022443
BONE 21 0.095303
BONE 32 0.251557
BONE 36 0.000140
BONE 40 0.625773
BONE 34 0.000086
BONE 24 0.002257

VERT 120
OFFSET -9.746349, -1.304904, 57.935303
BONES 8
BONE 5 0.001336
BONE 11 0.048149
BONE 16 0.096020
BONE 21 0.197717
BONE 32 0.025285
BONE 40 0.599389
BONE 34 0.000000
BONE 24 0.032103

VERT 121
OFFSET -9.900720, -2.457076, 56.327862
BONES 10
BONE 1 0.000002
BONE 5 0.002246
BONE 11 0.009542
BONE 16 0.059695
BONE 21 0.119526
BONE 32 0.105403
BONE 36 0.000025
BONE 40 0.686755
BONE 34 0.000049
BONE 24 0.016757

VERT 122
OFFSET -10.145969, 0.627252, 58.309349
BONES 9
BONE 1 0.000000
BONE 5 0.000236
BONE 11 0.001495
BONE 16 0.025376
BONE 21 0.292617
BONE 32 0.027485
BONE 40 0.622163
BONE 34 0.000000
BONE 24 0.030628

VERT 123
OFFSET -10.137109, 2.429883, 57.407722
BONES 10
BONE 1 0.000000
BONE 5 0.000070
BONE 11 0.001183
BONE 16 0.018638
BONE 21 0.278686
BONE 32 0.041052
BONE 36 0.000000
BONE 40 0.644042
BONE 34 0.000002
BONE 24 0.016326

VERT 124
OFFSET -10.641022, 3.089172, 55.504108
BONES 10
BONE 1 0.000000
BONE 5 0.000048
BONE 11 0.002966
BONE 16 0.029728
BONE 21 0.169170
BONE 32 0.129219
BONE 36 0.000036
BONE 40 0.661994
BONE 34 0.000024
BONE 24 0.006816

VERT 125
OFFSET -8.644553, 0.833242, 59.585896
BONES 9
BONE 1 0.000000
BONE 5 0.000355
BONE 11 0.003134
BONE 16 0.058739
BONE 21 0.420844
BONE 32 0.003079
BONE 40 0.430267
BONE 23 0.000000
BONE 24 0.083583

VERT 126
OFFSET -8.435672, -0.884498, 59.107033
BONES 8
BONE 5 0.001774
BONE 11 0.008116
BONE 16 0.111865
BONE 21 0.338356
BONE 32 0.002571
BONE 40 0.442714
BONE 23 0.000000
BONE 24 0.094602

VERT 127
OFFSET -8.854231, 2.551645, 58.920551
BONES 10
BONE 1 0.000000
BONE 5 0.000274
BONE 11 0.004683
BONE 16 0.038541
BONE 21 0.445870
BONE 32 0.003461
BONE 40 0.450987
BONE 34 0.000000
BONE 23 0.000000
BONE 24 0.056185

VERT 128
OFFSET -6.993195, 0.985073, 59.901634
BONES 10
BONE 1 0.000000
BONE 5 0.000167
BONE 11 0.004511
BONE 16 0.167204
BONE 20 0.000001
BONE 21 0.438768
BONE 32 0.000254
BONE 40 0.196270
BONE 23 0.000048
BONE 24 0.192777

VERT 129
OFFSET -6.860647, -0.764598, 59.554070
BONES 9
BONE 5 0.000970
BONE 11 0.007363
BONE 16 0.260684
BONE 20 0.000001
BONE 21 0.357407
BONE 32 0.000248
BONE 40 0.185283
BONE 23 0.000019
BONE 24 0.188026

VERT 130
OFFSET -7.041236, 2.691900, 59.286552
BONES 10
BONE 1 0.000000
BONE 5 0.000222
BONE 11 0.009674
BONE 16 0.124331
BONE 20 0.000001
BONE 21 0.485827
BONE 32 0.000328
BONE 40 0.210758
BONE 23 0.000045
BONE 24 0.168813

VERT 131
OFFSET -9.755114, 2.165892, 50.125343
BONES 10
BONE 1 0.000008
BONE 5 0.006603
BONE 11 0.013174
BONE 16 0.050760
BONE 21 0.006712
BONE 32 0.441224
BONE 36 0.000230
BONE 40 0.480239
BONE 34 0.001045
BONE 24 0.000004

VERT 132
OFFSET -11.860093, 1.688531, 48.316570
BONES 10
BONE 1 0.000000
BONE 5 0.000174
BONE 11 0.000403
BONE 16 0.002908
BONE 21 0.000390
BONE 32 0.692650
BONE 36 0.007354
BONE 40 0.294176
BONE 34 0.001945
BONE 24 0.000000

VERT 133
OFFSET -9.117301, -0.188545, 49.883968
BONES 10
BONE 1 0.000001
BONE 5 0.008804
BONE 11 0.015928
BONE 16 0.063342
BONE 21 0.000291
BONE 32 0.412541
BONE 36 0.001569
BONE 40 0.496713
BONE 34 0.000810
BONE 24 0.000001

VERT 134
OFFSET -11.221754, -0.659109, 48.187786
BONES 10
BONE 1 0.000000
BONE 5 0.000088
BONE 11 0.000230
BONE 16 0.001326
BONE 21 0.000165
BONE 32 0.697555
BONE 36 0.045551
BONE 40 0.253618
BONE 34 0.001467
BONE 24 0.000000

VERT 135
OFFSET -9.631572, -2.395300, 50.903328
BONES 10
BONE 1 0.000001
BONE 5 0.000571
BONE 11 0.005309
BONE 16 0.059308
BONE 21 0.004274
BONE 32 0.414748
BONE 36 0.004101
BONE 40 0.510302
BONE 34 0.001368
BONE 24 0.000019

VERT 136
OFFSET -11.572295, -2.987942, 49.228024
BONES 8
BONE 5 0.000011
BONE 11 0.000041
BONE 16 0.000216
BONE 21 0.000016
BONE 32 0.644237
BONE 36 0.081524
BONE 40 0.273352
BONE 34 0.000603

VERT 137
OFFSET -11.368731, -2.521885, 56.343071
BONES 10
BONE 1 0.000000
BONE 5 0.000359
BONE 11 0.001861
BONE 16 0.019959
BONE 21 0.087666
BONE 32 0.179246
BONE 36 0.000430
BONE 40 0.702669
BONE 34 0.000065
BONE 24 0.007745

VERT 138
OFFSET -12.252434, 0.177531, 56.963642
BONES 9
BONE 5 0.000025
BONE 11 0.000164
BONE 16 0.006001
BONE 21 0.119832
BONE 32 0.175528
BONE 36 0.000039
BONE 40 0.692915
BONE 34 0.000007
BONE 24 0.005489

VERT 139
OFFSET -12.018154, 2.813208, 55.839600
BONES 9
BONE 5 0.000000
BONE 11 0.000095
BONE 16 0.005243
BONE 21 0.130898
BONE 32 0.185640
BONE 36 0.000002
BONE 40 0.674071
BONE 34 0.000012
BONE 24 0.004039

VERT 140
OFFSET -10.816103, 3.563020, 51.794559
BONES 10
BONE 1 0.000006
BONE 5 0.000942
BONE 11 0.006246
BONE 16 0.043206
BONE 21 0.034843
BONE 32 0.378664
BONE 36 0.000334
BONE 40 0.535467
BONE 34 0.000282
BONE 24 0.000009

VERT 141
OFFSET -9.780458, -2.922656, 52.011223
BONES 10
BONE 1 0.000001
BONE 5 0.000223
BONE 11 0.005262
BONE 16 0.060408
BONE 21 0.012583
BONE 32 0.333997
BONE 36 0.000849
BONE 40 0.585443
BONE 34 0.001094
BONE 24 0.000141

VERT 142
OFFSET -7.842154, -2.430727, 26.374342
BONES 4
BONE 1 0.006346
BONE 7 0.000434
BONE 4 0.554033
BONE 8 0.439187

VERT 143
OFFSET -7.076308, -3.014909, 36.886635
BONES 5
BONE 1 0.480332
BONE 3 0.000000
BONE 7 0.010582
BONE 4 0.003389
BONE 8 0.505696

VERT 144
OFFSET -7.752065, -2.875446, 32.689293
BONES 4
BONE 1 0.092030
BONE 7 0.007341
BONE 4 0.049907
BONE 8 0.850722

VERT 145
OFFSET -1.173894, -3.516373, 33.185944
BONES 5
BONE 1 0.206486
BONE 3 0.001632
BONE 7 0.215004
BONE 4 0.004868
BONE 8 0.572010

VERT 146
OFFSET -1.040142, -3.345656, 31.967112
BONES 5
BONE 1 0.174366
BONE 3 0.002448
BONE 7 0.185556
BONE 4 0.014843
BONE 8 0.622787

VERT 147
OFFSET -3.692931, -4.754237, 32.441738
BONES 5
BONE 1 0.155698
BONE 3 0.000298
BONE 7 0.049021
BONE 4 0.050520
BONE 8 0.744463

VERT 148
OFFSET -3.689936, -4.417109, 26.085510
BONES 5
BONE 1 0.019767
BONE 3 0.000093
BONE 7 0.005834
BONE 4 0.570445
BONE 8 0.403861

VERT 149
OFFSET -8.634941, 1.135730, 27.196070
BONES 4
BONE 1 0.005235
BONE 7 0.000009
BONE 4 0.492868
BONE 8 0.501887

VERT 150
OFFSET -8.735175, 0.706131, 32.955544
BONES 4
BONE 1 0.041600
BONE 7 0.000779
BONE 4 0.019815
BONE 8 0.937806

VERT 151
OFFSET -8.377554, 0.411950, 36.262775
BONES 4
BONE 1 0.280502
BONE 7 0.006324
BONE 4 0.002441
BONE 8 0.710733

VERT 152
OFFSET -1.822200, -2.868860, 22.784067
BONES 5
BONE 1 0.000307
BONE 3 0.000001
BONE 7 0.000052
BONE 4 0.882576
BONE 8 0.117064

VERT 153
OFFSET -3.801169, -3.431297, 22.313255
BONES 5
BONE 1 0.000109
BONE 3 0.000000
BONE 7 0.000004
BONE 4 0.897546
BONE 8 0.102341

VERT 154
OFFSET -7.178159, -1.783329, 22.382330
BONES 4
BONE 1 0.000046
BONE 7 0.000002
BONE 4 0.901593
BONE 8 0.098360

VERT 155
OFFSET -8.374794, 1.310186, 23.390009
BONES 4
BONE 1 0.000183
BONE 7 0.000000
BONE 4 0.870015
BONE 8 0.129802

VERT 156
OFFSET -3.505341, -4.585744, 34.326958
BONES 5
BONE 1 0.231246
BONE 3 0.000092
BONE 7 0.075355
BONE 4 0.004140
BONE 8 0.689167

VERT 157
OFFSET -1.273837, -3.048032, 26.220566
BONES 5
BONE 1 0.028532
BONE 3 0.000419
BONE 7 0.015251
BONE 4 0.528381
BONE 8 0.427417

VERT 158
OFFSET -7.831078, 3.113864, 28.061617
BONES 5
BONE 1 0.008095
BONE 3 0.000000
BONE 7 0.000047
BONE 4 0.418847
BONE 8 0.573011

VERT 159
OFFSET -7.973408, 2.835129, 32.826283
BONES 4
BONE 1 0.044027
BONE 7 0.000370
BONE 4 0.030597
BONE 8 0.925006

VERT 160
OFFSET -7.743932, 2.787287, 24.732367
BONES 4
BONE 1 0.000990
BONE 7 0.000001
BONE 4 0.775053
BONE 8 0.223957

VERT 161
OFFSET -7.900130, 2.354202, 35.023525
BONES 4
BONE 1 0.202261
BONE 7 0.002794
BONE 4 0.005568
BONE 8 0.789377

VERT 162
OFFSET 7.842154, -2.430727, 26.374342
BONES 5
BONE 1 0.002350
BONE 3 0.533492
BONE 7 0.464033
BONE 4 0.000000
BONE 8 0.000125

VERT 163
OFFSET 7.076308, -3.014909, 36.886635
BONES 5
BONE 1 0.489544
BONE 3 0.004756
BONE 7 0.500632
BONE 4 0.000000
BONE 8 0.005067

