// Export filename: 'C:/projects/cod/t5/model_export/cuban/characters/cod7/tropas/mp/_c_cub_tropas_mp_body_standard_LOD3.XMODEL_EXPORT'
// Source filename: 'd:/projects/devart/t5/model_export/cuban/characters/cod7/tropas/mp/_c_cub_tropas_mp_standard.ma'
// Export time: Sat Sep 11 15:57:59 2010
MODEL
VERSION 6

NUMBONES 77
BONE 0 -1 "TAG_ORIGIN"
BONE 1 0 "J_MainRoot"
BONE 2 0 "TAG_SYNC"
BONE 3 1 "J_Hip_LE"
BONE 4 1 "J_Hip_RI"
BONE 5 1 "J_SpineLower"
BONE 6 3 "J_HipTwist_LE"
BONE 7 4 "J_HipTwist_RI"
BONE 8 3 "J_Knee_LE"
BONE 9 4 "J_Knee_RI"
BONE 10 5 "J_SpineUpper"
BONE 11 5 "TAG_STOWED_DEPLOY"
BONE 12 5 "TAG_STOWED_LETHAL"
BONE 13 5 "TAG_STOWED_TACTICAL"
BONE 14 8 "J_Ankle_LE"
BONE 15 9 "J_Ankle_RI"
BONE 16 8 "J_Knee_Bulge_LE"
BONE 17 9 "J_Knee_Bulge_RI"
BONE 18 10 "J_Spine4"
BONE 19 10 "TAG_STOWED_BACKPACK"
BONE 20 14 "J_Ball_LE"
BONE 21 15 "J_Ball_RI"
BONE 22 18 "J_Clavicle_LE"
BONE 23 18 "J_Clavicle_RI"
BONE 24 18 "J_Neck"
BONE 25 18 "J_ShoulderRaise_LE"
BONE 26 18 "J_ShoulderRaise_RI"
BONE 27 18 "TAG_INHAND"
BONE 28 18 "TAG_STOWED_BACK"
BONE 29 18 "TAG_WEAPON_CHEST"
BONE 30 24 "J_Head"
BONE 31 22 "J_Shoulder_LE"
BONE 32 23 "J_Shoulder_RI"
BONE 33 31 "J_Elbow_Bulge_LE"
BONE 34 32 "J_Elbow_Bulge_RI"
BONE 35 31 "J_Elbow_LE"
BONE 36 32 "J_Elbow_RI"
BONE 37 30 "J_Head_END"
BONE 38 31 "J_ShoulderTwist_LE"
BONE 39 32 "J_ShoulderTwist_RI"
BONE 40 37 "J_Helmet"
BONE 41 35 "J_Wrist_LE"
BONE 42 36 "J_Wrist_RI"
BONE 43 35 "J_WristTwist_LE"
BONE 44 36 "J_WristTwist_RI"
BONE 45 41 "J_Index_LE_1"
BONE 46 42 "J_Index_RI_1"
BONE 47 41 "J_Mid_LE_1"
BONE 48 42 "J_Mid_RI_1"
BONE 49 41 "J_Pinky_LE_1"
BONE 50 42 "J_Pinky_RI_1"
BONE 51 41 "J_Ring_LE_1"
BONE 52 42 "J_Ring_RI_1"
BONE 53 41 "J_Thumb_LE_1"
BONE 54 42 "J_Thumb_RI_1"
BONE 55 41 "TAG_WEAPON_LEFT"
BONE 56 42 "TAG_WEAPON_RIGHT"
BONE 57 45 "J_Index_LE_2"
BONE 58 46 "J_Index_RI_2"
BONE 59 47 "J_Mid_LE_2"
BONE 60 48 "J_Mid_RI_2"
BONE 61 49 "J_Pinky_LE_2"
BONE 62 50 "J_Pinky_RI_2"
BONE 63 51 "J_Ring_LE_2"
BONE 64 52 "J_Ring_RI_2"
BONE 65 53 "J_Thumb_LE_2"
BONE 66 54 "J_Thumb_RI_2"
BONE 67 57 "J_Index_LE_3"
BONE 68 58 "J_Index_RI_3"
BONE 69 59 "J_Mid_LE_3"
BONE 70 60 "J_Mid_RI_3"
BONE 71 61 "J_Pinky_LE_3"
BONE 72 62 "J_Pinky_RI_3"
BONE 73 63 "J_Ring_LE_3"
BONE 74 64 "J_Ring_RI_3"
BONE 75 65 "J_Thumb_LE_3"
BONE 76 66 "J_Thumb_RI_3"

BONE 0
OFFSET 0.000002, -2.222000, 0.000042
SCALE 1.000000, 1.000000, 1.000000
X -0.000000, -1.000000, -0.000001
Y 1.000000, -0.000000, 0.000000
Z -0.000000, -0.000001, 1.000000

BONE 1
OFFSET 0.000082, 1.218927, 37.228020
SCALE 1.000000, 1.000000, 1.000000
X 0.000005, 0.024825, 0.999692
Y 0.000006, -0.999692, 0.024825
Z 1.000000, 0.000006, -0.000005

BONE 2
OFFSET 0.000002, -2.219720, 0.000042
SCALE 1.000000, 1.000000, 1.000000
X -0.000000, -1.000000, -0.000003
Y 1.000000, -0.000000, 0.000000
Z -0.000000, -0.000003, 1.000000

BONE 3
OFFSET 4.865472, 1.218951, 37.228016
SCALE 1.000000, 1.000000, 1.000000
X -0.008941, 0.033879, -0.999386
Y -0.004877, -0.999415, -0.033837
Z -0.999948, 0.004571, 0.009101

BONE 4
OFFSET -4.865293, 1.218927, 37.227978
SCALE 1.000000, 1.000000, 1.000000
X -0.008909, -0.033842, 0.999388
Y -0.004870, 0.999417, 0.033800
Z -0.999948, -0.004566, -0.009069

BONE 5
OFFSET 0.000089, 1.148792, 42.432632
SCALE 1.000000, 1.000000, 1.000000
X 0.000001, 0.029870, 0.999554
Y -0.000002, -0.999554, 0.029870
Z 1.000000, -0.000002, -0.000001

BONE 6
OFFSET 4.837310, 1.325658, 34.080341
SCALE 1.000000, 1.000000, 1.000000
X -0.008941, 0.033879, -0.999386
Y -0.004864, -0.999416, -0.033837
Z -0.999948, 0.004558, 0.009101

BONE 7
OFFSET -4.837236, 1.325506, 34.080624
SCALE 1.000000, 1.000000, 1.000000
X -0.008909, -0.033842, 0.999388
Y -0.004874, 0.999417, 0.033800
Z -0.999948, -0.004570, -0.009069

BONE 8
OFFSET 4.708874, 1.812570, 19.727123
SCALE 1.000000, 1.000000, 1.000000
X -0.008203, 0.166937, -0.985933
Y -0.006021, -0.985957, -0.166891
Z -0.999948, 0.004567, 0.009093

BONE 9
OFFSET -4.708568, 1.812141, 19.727461
SCALE 1.000000, 1.000000, 1.000000
X -0.008167, -0.166975, 0.985927
Y -0.006022, 0.985950, 0.166929
Z -0.999949, -0.004574, -0.009057

BONE 10
OFFSET 0.000094, 1.131313, 47.652164
SCALE 1.000000, 1.000000, 1.000000
X 0.000003, -0.020406, 0.999792
Y 0.000005, -0.999792, -0.020406
Z 1.000000, 0.000006, -0.000003

BONE 11
OFFSET 2.139196, 5.207671, 41.041016
SCALE 1.000000, 1.000000, 1.000000
X 0.230530, 0.963082, 0.139031
Y -0.970569, 0.237808, -0.038000
Z -0.069659, -0.126179, 0.989559

BONE 12
OFFSET 2.391771, -5.582344, 42.004383
SCALE 1.000000, 1.000000, 1.000000
X 0.506552, -0.824031, -0.253728
Y 0.849568, 0.426816, 0.309940
Z -0.147105, -0.372559, 0.916275

BONE 13
OFFSET -2.719887, -5.064116, 41.606457
SCALE 1.000000, 1.000000, 1.000000
X -0.320003, -0.925791, -0.201269
Y 0.772357, -0.131887, -0.621345
Z 0.548691, -0.354284, 0.757246

BONE 14
OFFSET 4.584381, 4.343949, 4.776942
SCALE 1.000000, 1.000000, 1.000000
X -0.000000, -0.008729, -0.999962
Y 0.016577, -0.999824, 0.008728
Z -0.999863, -0.016577, 0.000145

BONE 15
OFFSET -4.584069, 4.344151, 4.777238
SCALE 1.000000, 1.000000, 1.000000
X 0.000009, 0.008730, 0.999962
Y 0.016581, 0.999824, -0.008729
Z -0.999862, 0.016581, -0.000136

BONE 16
OFFSET 4.700433, -0.061928, 19.740456
SCALE 1.000000, 1.000000, 1.000000
X -0.000006, 0.029848, 0.999554
Y -0.000002, -0.999554, 0.029848
Z 1.000000, -0.000002, 0.000006

BONE 17
OFFSET -4.688321, -0.066477, 19.765478
SCALE 1.000000, 1.000000, 1.000000
X -0.000042, -0.029855, -0.999554
Y -0.000010, 0.999554, -0.029855
Z 1.000000, 0.000009, -0.000042

BONE 18
OFFSET 0.000090, 1.067745, 51.758411
SCALE 1.000000, 1.000000, 1.000000
X 0.000002, -0.047080, 0.998891
Y 0.000010, -0.998891, -0.047080
Z 1.000000, 0.000011, -0.000001

BONE 19
OFFSET 0.002056, 7.939955, 50.851307
SCALE 1.000000, 1.000000, 1.000000
X -0.002312, 0.998623, 0.052401
Y -0.999994, -0.002453, 0.002620
Z 0.002745, -0.052394, 0.998623

BONE 20
OFFSET 4.746620, -1.234840, 0.330913
SCALE 1.000000, 1.000000, 1.000000
X 0.016342, -0.983115, 0.182258
Y -0.002855, 0.182235, 0.983251
Z -0.999862, -0.016588, 0.000171

BONE 21
OFFSET -4.746290, -1.234591, 0.331138
SCALE 1.000000, 1.000000, 1.000000
X 0.016296, 0.983125, -0.182210
Y -0.002898, -0.182187, -0.983260
Z -0.999863, 0.016551, -0.000120

BONE 22
OFFSET 1.356609, 1.015539, 56.400341
SCALE 1.000000, 1.000000, 1.000000
X 0.997183, -0.019399, 0.072449
Y 0.018071, 0.999657, 0.018947
Z -0.072792, -0.017584, 0.997192

BONE 23
OFFSET -1.356719, 1.015542, 56.400444
SCALE 1.000000, 1.000000, 1.000000
X 0.997186, 0.019411, -0.072414
Y 0.018084, -0.999657, -0.018932
Z -0.072757, 0.017569, -0.997195

BONE 24
OFFSET 0.000058, 0.503915, 60.542107
SCALE 1.000000, 1.000000, 1.000000
X 0.000005, -0.309757, 0.950816
Y 0.000009, -0.950816, -0.309757
Z 1.000000, 0.000010, -0.000002

BONE 25
OFFSET 4.025334, 0.920922, 58.859638
SCALE 1.000000, 1.000000, 1.000000
X -0.997186, 0.019392, -0.072414
Y -0.018067, -0.999658, -0.018910
Z -0.072756, -0.017549, 0.997195

BONE 26
OFFSET -4.025115, 0.920835, 58.859825
SCALE 1.000000, 1.000000, 1.000000
X -0.997185, -0.019413, 0.072417
Y -0.018088, 0.999658, 0.018910
Z -0.072759, 0.017547, -0.997195

BONE 27
OFFSET -28.519920, -12.713210, 38.935009
SCALE 1.000000, 1.000000, 1.000000
X 1.000000, 0.000011, -0.000001
Y 0.000007, -0.764281, -0.644884
Z -0.000008, 0.644884, -0.764281

BONE 28
OFFSET -3.222345, 7.041074, 50.952930
SCALE 1.000000, 1.000000, 1.000000
X -0.083352, 0.038091, -0.995792
Y 0.176876, -0.982837, -0.052401
Z -0.980697, -0.180500, 0.075184

BONE 29
OFFSET -28.519920, -12.713210, 38.935009
SCALE 1.000000, 1.000000, 1.000000
X 0.000011, -1.000000, 0.000001
Y 1.000000, 0.000011, -0.000001
Z 0.000001, 0.000001, 1.000000

BONE 30
OFFSET 0.000057, -0.306903, 63.520969
SCALE 1.000000, 1.000000, 1.000000
X -0.000007, -0.216434, 0.976297
Y 0.000005, -0.976297, -0.216434
Z 1.000000, 0.000004, 0.000008

BONE 31
OFFSET 7.725458, 0.891629, 56.863182
SCALE 1.000000, 1.000000, 1.000000
X 0.662981, -0.260696, -0.701779
Y 0.273873, 0.956889, -0.096732
Z 0.696743, -0.128067, 0.705796

BONE 32
OFFSET -7.725506, 0.891564, 56.862965
SCALE 1.000000, 1.000000, 1.000000
X 0.662960, 0.260726, 0.701788
Y 0.273916, -0.956876, 0.096734
Z 0.696745, 0.128101, -0.705788

BONE 33
OFFSET 15.846270, -1.632336, 48.642548
SCALE 1.000000, 1.000000, 1.000000
X 0.294563, -0.846066, -0.444303
Y 0.654051, 0.517466, -0.551767
Z 0.696743, -0.128067, 0.705796

BONE 34
OFFSET -15.846113, -1.632834, 48.642265
SCALE 1.000000, 1.000000, 1.000000
X 0.294518, 0.846079, 0.444308
Y 0.654068, -0.517437, 0.551773
Z 0.696745, 0.128101, -0.705788

BONE 35
OFFSET 15.742274, -1.805675, 48.713013
SCALE 1.000000, 1.000000, 1.000000
X 0.294845, -0.845858, -0.444512
Y 0.653923, 0.517813, -0.551593
Z 0.696743, -0.128042, 0.705801

BONE 36
OFFSET -15.742270, -1.806072, 48.712933
SCALE 1.000000, 1.000000, 1.000000
X 0.294819, 0.845861, 0.444523
Y 0.653933, -0.517800, 0.551592
Z 0.696745, 0.128069, -0.705794

BONE 37
OFFSET -0.000527, -1.399727, 69.807846
SCALE 1.000000, 1.000000, 1.000000
X -0.000007, -0.216434, 0.976297
Y 0.000005, -0.976297, -0.216434
Z 1.000000, 0.000004, 0.000008

BONE 38
OFFSET 8.032188, 0.771017, 56.538502
SCALE 1.000000, 1.000000, 1.000000
X 0.662981, -0.260696, -0.701779
Y 0.273875, 0.956889, -0.096730
Z 0.696742, -0.128070, 0.705797

BONE 39
OFFSET -8.001591, 0.782987, 56.570709
SCALE 1.000000, 1.000000, 1.000000
X 0.662960, 0.260726, 0.701788
Y 0.273908, -0.956878, 0.096742
Z 0.696748, 0.128089, -0.705787

BONE 40
OFFSET -0.000540, -0.362329, 71.243195
SCALE 1.000000, 1.000000, 1.000000
X 0.000005, -0.999048, 0.043625
Y 1.000000, 0.000005, 0.000005
Z -0.000005, 0.043625, 0.999048

BONE 41
OFFSET 18.585669, -10.419226, 44.089733
SCALE 1.000000, 1.000000, 1.000000
X 0.299004, -0.782064, -0.546784
Y -0.792522, 0.115636, -0.598779
Z 0.531512, 0.612376, -0.585227

BONE 42
OFFSET -18.585567, -10.419399, 44.089657
SCALE 1.000000, 1.000000, 1.000000
X 0.299011, 0.782058, 0.546788
Y -0.792524, -0.115633, 0.598778
Z 0.531506, -0.612384, 0.585224

BONE 43
OFFSET 17.753496, -7.897926, 45.442410
SCALE 1.000000, 1.000000, 1.000000
X 0.294846, -0.845857, -0.444513
Y 0.653930, 0.517812, -0.551585
Z 0.696736, -0.128048, 0.705806

BONE 44
OFFSET -17.753546, -7.898361, 45.442448
SCALE 1.000000, 1.000000, 1.000000
X 0.294819, 0.845861, 0.444523
Y 0.653933, -0.517800, 0.551592
Z 0.696745, 0.128069, -0.705794

BONE 45
OFFSET 18.943596, -14.118733, 43.296165
SCALE 1.000000, 1.000000, 1.000000
X 0.252533, -0.921880, -0.293878
Y -0.670074, 0.052482, -0.740436
Z 0.698017, 0.383905, -0.604475

BONE 46
OFFSET -18.943485, -14.118932, 43.296089
SCALE 1.000000, 1.000000, 1.000000
X 0.252692, 0.921873, 0.293763
Y -0.670040, -0.052297, 0.740480
Z 0.697992, -0.383946, 0.604477

BONE 47
OFFSET 19.641989, -13.608097, 42.701954
SCALE 1.000000, 1.000000, 1.000000
X 0.066843, -0.793765, -0.604540
Y -0.837155, 0.285040, -0.466823
Z 0.542866, 0.537298, -0.645452

BONE 48
OFFSET -19.641909, -13.608223, 42.701809
SCALE 1.000000, 1.000000, 1.000000
X 0.066887, 0.793771, 0.604528
Y -0.837171, -0.284987, 0.466827
Z 0.542836, -0.537317, 0.645460

BONE 49
OFFSET 20.410118, -12.159682, 41.480377
SCALE 1.000000, 1.000000, 1.000000
X -0.099274, -0.722106, -0.684623
Y -0.848031, 0.421335, -0.321434
Z 0.520565, 0.548671, -0.654195

BONE 50
OFFSET -20.410091, -12.159837, 41.480251
SCALE 1.000000, 1.000000, 1.000000
X -0.099304, 0.722089, 0.684635
Y -0.848020, -0.421369, 0.321418
Z 0.520577, -0.548666, 0.654190

BONE 51
OFFSET 20.114302, -12.876246, 42.061901
SCALE 1.000000, 1.000000, 1.000000
X -0.006006, -0.738898, -0.673791
Y -0.878970, 0.325202, -0.348791
Z 0.476839, 0.590147, -0.651422

BONE 52
OFFSET -20.114208, -12.876396, 42.061890
SCALE 1.000000, 1.000000, 1.000000
X -0.005979, 0.738908, 0.673780
Y -0.878978, -0.325169, 0.348801
Z 0.476825, -0.590152, 0.651428

BONE 53
OFFSET 18.473015, -11.541899, 44.177650
SCALE 1.000000, 1.000000, 1.000000
X -0.766327, -0.594301, -0.244027
Y 0.525231, -0.360813, -0.770679
Z 0.369968, -0.718763, 0.588646

BONE 54
OFFSET -18.472874, -11.542074, 44.177635
SCALE 1.000000, 1.000000, 1.000000
X -0.766329, 0.594294, 0.244036
Y 0.525229, 0.360803, 0.770685
Z 0.369965, 0.718773, -0.588635

BONE 55
OFFSET -28.519896, -12.719981, 38.932270
SCALE 1.000000, 1.000000, 1.000000
X 0.000190, -1.000000, -0.000189
Y 1.000000, 0.000190, 0.000053
Z -0.000053, -0.000189, 1.000000

BONE 56
OFFSET -28.520119, -12.709172, 38.935143
SCALE 1.000000, 1.000000, 1.000000
X -0.000199, -1.000000, -0.000195
Y 0.998877, -0.000190, -0.047381
Z 0.047381, -0.000205, 0.998877

BONE 57
OFFSET 19.335176, -15.548034, 42.840546
SCALE 1.000000, 1.000000, 1.000000
X -0.305493, -0.603804, -0.736271
Y -0.647669, 0.698577, -0.304162
Z 0.697997, 0.383940, -0.604476

BONE 58
OFFSET -19.335234, -15.548249, 42.840523
SCALE 1.000000, 1.000000, 1.000000
X -0.305842, 0.603512, 0.736365
Y -0.647460, -0.698892, 0.303884
Z 0.698038, -0.383827, 0.604500

BONE 59
OFFSET 19.766018, -15.080857, 41.580357
SCALE 1.000000, 1.000000, 1.000000
X -0.742584, -0.051931, -0.667737
Y -0.392291, 0.841795, 0.370795
Z 0.542841, 0.537294, -0.645475

BONE 60
OFFSET -19.765930, -15.081016, 41.579948
SCALE 1.000000, 1.000000, 1.000000
X -0.742558, 0.051921, 0.667766
Y -0.392315, -0.841780, -0.370804
Z 0.542860, -0.537318, 0.645439

BONE 61
OFFSET 20.291075, -13.025280, 40.659801
SCALE 1.000000, 1.000000, 1.000000
X -0.734217, -0.103408, -0.670993
Y -0.435791, 0.829631, 0.348997
Z 0.520587, 0.548653, -0.654194

BONE 62
OFFSET -20.291012, -13.025424, 40.659672
SCALE 1.000000, 1.000000, 1.000000
X -0.734208, 0.103424, 0.671001
Y -0.435814, -0.829619, -0.348996
Z 0.520581, -0.548667, 0.654187

BONE 63
OFFSET 20.104219, -14.119193, 40.928596
SCALE 1.000000, 1.000000, 1.000000
X -0.750598, -0.112264, -0.651152
Y -0.457408, 0.799450, 0.389433
Z 0.476844, 0.590150, -0.651416

BONE 64
OFFSET -20.104130, -14.119358, 40.928261
SCALE 1.000000, 1.000000, 1.000000
X -0.750602, 0.112272, 0.651146
Y -0.457410, -0.799450, -0.389431
Z 0.476836, -0.590148, 0.651423

BONE 65
OFFSET 16.629330, -12.971684, 43.590553
SCALE 1.000000, 1.000000, 1.000000
X -0.513767, -0.686190, -0.514963
Y 0.774059, -0.111908, -0.623144
Z 0.369966, -0.718763, 0.588646

BONE 66
OFFSET -16.629194, -12.971821, 43.590179
SCALE 1.000000, 1.000000, 1.000000
X -0.513765, 0.686181, 0.514977
Y 0.774059, 0.111890, 0.623148
Z 0.369972, 0.718774, -0.588629

BONE 67
OFFSET 19.038221, -16.134914, 42.125023
SCALE 1.000000, 1.000000, 1.000000
X -0.554097, -0.245160, -0.795533
Y -0.453622, 0.890222, 0.041612
Z 0.698000, 0.383929, -0.604479

BONE 68
OFFSET -19.037983, -16.134798, 42.125008
SCALE 1.000000, 1.000000, 1.000000
X -0.553871, 0.245483, 0.795591
Y -0.453788, -0.890154, -0.041256
Z 0.698071, -0.383880, 0.604428

BONE 69
OFFSET 18.948034, -15.138112, 40.844826
SCALE 1.000000, 1.000000, 1.000000
X -0.836744, 0.280258, -0.470441
Y -0.071875, 0.795463, 0.601724
Z 0.542857, 0.537302, -0.645456

BONE 70
OFFSET -18.947971, -15.138271, 40.844528
SCALE 1.000000, 1.000000, 1.000000
X -0.836742, -0.280254, 0.470448
Y -0.071886, -0.795461, -0.601726
Z 0.542859, -0.537308, 0.645449

BONE 71
OFFSET 19.784019, -13.096679, 40.196491
SCALE 1.000000, 1.000000, 1.000000
X -0.853803, 0.339164, -0.394953
Y 0.005198, 0.764171, 0.644992
Z 0.520570, 0.548643, -0.654215

BONE 72
OFFSET -19.783998, -13.096812, 40.196270
SCALE 1.000000, 1.000000, 1.000000
X -0.853799, -0.339166, 0.394959
Y 0.005186, -0.764161, -0.645004
Z 0.520576, -0.548656, 0.654199

BONE 73
OFFSET 19.396437, -14.225060, 40.314682
SCALE 1.000000, 1.000000, 1.000000
X -0.861545, 0.166924, -0.479454
Y -0.174209, 0.789854, 0.588033
Z 0.476856, 0.590142, -0.651415

BONE 74
OFFSET -19.396343, -14.225204, 40.314499
SCALE 1.000000, 1.000000, 1.000000
X -0.861557, -0.166916, 0.479436
Y -0.174209, -0.789846, -0.588043
Z 0.476834, -0.590155, 0.651419

BONE 75
OFFSET 16.015608, -13.791351, 42.975456
SCALE 1.000000, 1.000000, 1.000000
X -0.178188, -0.676734, -0.714339
Y 0.911796, 0.159395, -0.378446
Z 0.369969, -0.718766, 0.588641

BONE 76
OFFSET -16.015455, -13.791477, 42.975048
SCALE 1.000000, 1.000000, 1.000000
X -0.178183, 0.676724, 0.714350
Y 0.911791, -0.159415, 0.378450
Z 0.369984, 0.718771, -0.588626

NUMVERTS 672
VERT 0
OFFSET 4.396742, -4.655043, 30.861784
BONES 7
BONE 5 0.000364
BONE 10 0.000002
BONE 1 0.092382
BONE 3 0.157524
BONE 6 0.719913
BONE 7 0.029779
BONE 4 0.000037

VERT 1
OFFSET 6.257324, -3.456066, 37.064854
BONES 7
BONE 5 0.048689
BONE 10 0.000450
BONE 1 0.471684
BONE 3 0.008645
BONE 6 0.443124
BONE 7 0.027400
BONE 4 0.000009

VERT 2
OFFSET -0.160205, -0.381856, 30.493965
BONES 6
BONE 5 0.000086
BONE 1 0.308282
BONE 3 0.012973
BONE 6 0.389307
BONE 7 0.287509
BONE 4 0.001843

VERT 3
OFFSET -0.073379, -3.990271, 31.676014
BONES 7
BONE 5 0.000803
BONE 10 0.000007
BONE 1 0.302579
BONE 3 0.006324
BONE 6 0.438334
BONE 7 0.250896
BONE 4 0.001057

VERT 4
OFFSET 5.522110, -1.776554, 13.058862
BONES 9
BONE 5 0.000000
BONE 10 0.000000
BONE 1 0.000003
BONE 3 0.011754
BONE 6 0.000005
BONE 8 0.973393
BONE 14 0.000008
BONE 16 0.014837
BONE 9 0.000001

VERT 5
OFFSET 8.405936, 3.862802, 12.992336
BONES 9
BONE 5 0.000000
BONE 10 0.000000
BONE 1 0.000320
BONE 3 0.009696
BONE 6 0.000032
BONE 8 0.975816
BONE 14 0.000018
BONE 16 0.014076
BONE 9 0.000042

VERT 6
OFFSET 5.382238, 6.103794, 13.131207
BONES 7
BONE 1 0.000653
BONE 3 0.008677
BONE 6 0.000017
BONE 8 0.983028
BONE 14 0.000009
BONE 16 0.007568
BONE 9 0.000049

VERT 7
OFFSET 2.059292, 4.927258, 12.575259
BONES 8
BONE 1 0.000650
BONE 3 0.011237
BONE 6 0.000021
BONE 8 0.978364
BONE 14 0.000002
BONE 16 0.009709
BONE 9 0.000017
BONE 17 0.000000

VERT 8
OFFSET 5.153275, 5.384245, 37.292282
BONES 8
BONE 5 0.033707
BONE 10 0.001539
BONE 18 0.000005
BONE 1 0.570905
BONE 3 0.003408
BONE 6 0.348609
BONE 7 0.041822
BONE 4 0.000004

VERT 9
OFFSET 8.640125, 1.118967, 30.909786
BONES 7
BONE 5 0.000591
BONE 10 0.000000
BONE 1 0.059772
BONE 3 0.198586
BONE 6 0.738033
BONE 7 0.003009
BONE 4 0.000009

VERT 10
OFFSET 4.928321, 5.677292, 31.302643
BONES 6
BONE 5 0.000147
BONE 1 0.154303
BONE 3 0.135416
BONE 6 0.686814
BONE 7 0.023171
BONE 4 0.000149

VERT 11
OFFSET 3.542401, 4.571769, 20.727785
BONES 9
BONE 1 0.000377
BONE 3 0.734649
BONE 6 0.039587
BONE 7 0.000232
BONE 4 0.000007
BONE 8 0.194295
BONE 16 0.030811
BONE 9 0.000001
BONE 17 0.000040

VERT 12
OFFSET 1.297801, 0.309807, 19.857643
BONES 8
BONE 1 0.000113
BONE 3 0.579443
BONE 6 0.021364
BONE 7 0.000079
BONE 4 0.000002
BONE 8 0.218869
BONE 16 0.180033
BONE 17 0.000098

VERT 13
OFFSET 1.519733, 1.303269, 12.574518
BONES 8
BONE 1 0.000203
BONE 3 0.013246
BONE 6 0.000035
BONE 8 0.967587
BONE 14 0.000000
BONE 16 0.018926
BONE 9 0.000001
BONE 17 0.000000

VERT 14
OFFSET -0.128881, 5.219285, 31.383965
BONES 6
BONE 5 0.000139
BONE 1 0.386098
BONE 3 0.008639
BONE 6 0.345669
BONE 7 0.257042
BONE 4 0.002414

VERT 15
OFFSET 0.001311, -5.873310, 36.919098
BONES 8
BONE 5 0.053000
BONE 10 0.000993
BONE 18 0.000004
BONE 1 0.648226
BONE 3 0.000530
BONE 6 0.156539
BONE 7 0.140446
BONE 4 0.000261

VERT 16
OFFSET -4.951394, -4.507730, 30.853657
BONES 7
BONE 5 0.000179
BONE 10 0.000001
BONE 1 0.094463
BONE 3 0.000056
BONE 6 0.036519
BONE 7 0.687104
BONE 4 0.181678

VERT 17
OFFSET -8.651627, 0.094977, 31.664251
BONES 7
BONE 5 0.000435
BONE 10 0.000000
BONE 1 0.066990
BONE 3 0.000037
BONE 6 0.004942
BONE 7 0.726831
BONE 4 0.200765

VERT 18
OFFSET -4.106016, -4.034810, 21.454565
BONES 10
BONE 5 0.000000
BONE 10 0.000000
BONE 1 0.000807
BONE 3 0.000000
BONE 6 0.000291
BONE 7 0.031860
BONE 4 0.661149
BONE 16 0.000016
BONE 9 0.132473
BONE 17 0.173403

VERT 19
OFFSET -7.873365, 0.256663, 21.068922
BONES 11
BONE 5 0.000000
BONE 10 0.000000
BONE 1 0.000128
BONE 3 0.000000
BONE 6 0.000032
BONE 7 0.029472
BONE 4 0.649214
BONE 8 0.000000
BONE 16 0.000000
BONE 9 0.152727
BONE 17 0.168426

VERT 20
OFFSET -5.159071, 3.768591, 21.945623
BONES 9
BONE 1 0.001012
BONE 3 0.000024
BONE 6 0.000932
BONE 7 0.109440
BONE 4 0.792506
BONE 8 0.000000
BONE 16 0.000021
BONE 9 0.076187
BONE 17 0.019877

VERT 21
OFFSET -5.750376, 5.588142, 37.218765
BONES 8
BONE 5 0.032073
BONE 10 0.003084
BONE 18 0.000082
BONE 1 0.628606
BONE 3 0.000151
BONE 6 0.019301
BONE 7 0.311571
BONE 4 0.005132

VERT 22
OFFSET -5.124737, 4.231798, 31.211231
BONES 7
BONE 5 0.002012
BONE 10 0.000004
BONE 1 0.170480
BONE 3 0.000061
BONE 6 0.034799
BONE 7 0.645481
BONE 4 0.147162

VERT 23
OFFSET -1.021726, 0.297905, 21.338280
BONES 8
BONE 1 0.000959
BONE 3 0.000017
BONE 6 0.001083
BONE 7 0.075529
BONE 4 0.745051
BONE 16 0.000112
BONE 9 0.106204
BONE 17 0.071045

VERT 24
OFFSET -6.956599, -3.466735, 37.127525
BONES 8
BONE 5 0.020975
BONE 10 0.000478
BONE 18 0.000004
BONE 1 0.591271
BONE 3 0.000153
BONE 6 0.015458
BONE 7 0.359891
BONE 4 0.011770

VERT 25
OFFSET -1.511325, 2.724840, 12.578602
BONES 7
BONE 1 0.000255
BONE 7 0.000033
BONE 4 0.007934
BONE 8 0.000002
BONE 9 0.982095
BONE 15 0.000071
BONE 17 0.009610

VERT 26
OFFSET -5.531063, 5.355567, 13.454042
BONES 8
BONE 1 0.000644
BONE 7 0.000062
BONE 4 0.008591
BONE 8 0.000034
BONE 16 0.000000
BONE 9 0.983053
BONE 15 0.000025
BONE 17 0.007591

VERT 27
OFFSET -4.597186, -1.973519, 12.213212
BONES 7
BONE 1 0.000009
BONE 7 0.000012
BONE 4 0.007553
BONE 16 0.000000
BONE 9 0.976810
BONE 15 0.000031
BONE 17 0.015585

VERT 28
OFFSET -8.410777, 1.295520, 12.483130
BONES 9
BONE 5 0.000000
BONE 10 0.000000
BONE 1 0.000021
BONE 7 0.000042
BONE 4 0.005226
BONE 8 0.000006
BONE 9 0.983868
BONE 15 0.000103
BONE 17 0.010734

VERT 29
OFFSET -4.362674, -2.852256, 18.807474
BONES 7
BONE 1 0.000000
BONE 6 0.000000
BONE 7 0.000064
BONE 4 0.194582
BONE 16 0.000000
BONE 9 0.156138
BONE 17 0.649215

VERT 30
OFFSET 4.656593, -3.650820, 18.750071
BONES 7
BONE 1 0.000000
BONE 3 0.151004
BONE 6 0.000036
BONE 7 0.000000
BONE 8 0.180136
BONE 16 0.668824
BONE 17 0.000000

VERT 31
OFFSET 4.622909, -3.999856, 21.295198
BONES 10
BONE 5 0.000000
BONE 10 0.000000
BONE 1 0.000279
BONE 3 0.637258
BONE 6 0.013013
BONE 7 0.000072
BONE 4 0.000000
BONE 8 0.145671
BONE 16 0.203702
BONE 17 0.000004

VERT 32
OFFSET 7.930912, 0.752988, 20.138844
BONES 10
BONE 5 0.000000
BONE 10 0.000000
BONE 1 0.000008
BONE 3 0.565779
BONE 6 0.010377
BONE 7 0.000002
BONE 8 0.235875
BONE 16 0.187952
BONE 9 0.000006
BONE 17 0.000000

VERT 33
OFFSET -0.087990, 6.214231, 37.499519
BONES 8
BONE 5 0.040494
BONE 10 0.002499
BONE 18 0.000002
BONE 1 0.689317
BONE 3 0.000700
BONE 6 0.119820
BONE 7 0.146925
BONE 4 0.000245

VERT 34
OFFSET 6.897518, 2.499511, 37.447002
BONES 8
BONE 5 0.054497
BONE 10 0.001311
BONE 18 0.000002
BONE 1 0.542831
BONE 3 0.003604
BONE 6 0.369503
BONE 7 0.028250
BONE 4 0.000002

VERT 35
OFFSET -8.266982, 0.174220, 37.428963
BONES 8
BONE 5 0.032766
BONE 10 0.001247
BONE 18 0.000007
BONE 1 0.592105
BONE 3 0.000094
BONE 6 0.008378
BONE 7 0.357361
BONE 4 0.008042

VERT 36
OFFSET 4.726467, 1.995713, 12.497925
BONES 7
BONE 1 0.000056
BONE 3 0.003908
BONE 6 0.000001
BONE 8 0.988995
BONE 14 0.000004
BONE 16 0.007036
BONE 9 0.000000

VERT 37
OFFSET -4.878160, 1.694398, 12.265129
BONES 6
BONE 1 0.000030
BONE 7 0.000007
BONE 4 0.003217
BONE 9 0.986299
BONE 15 0.000045
BONE 17 0.010403

VERT 38
OFFSET 5.411373, 4.377396, 42.680264
BONES 8
BONE 5 0.396164
BONE 10 0.095568
BONE 18 0.000648
BONE 1 0.497824
BONE 3 0.000212
BONE 6 0.008854
BONE 7 0.000730
BONE 4 0.000000

VERT 39
OFFSET -0.041170, 5.978031, 42.756546
BONES 8
BONE 5 0.416155
BONE 10 0.122727
BONE 18 0.000365
BONE 1 0.459363
BONE 3 0.000031
BONE 6 0.000713
BONE 7 0.000602
BONE 4 0.000043

VERT 40
OFFSET -0.612042, -5.177040, 41.860992
BONES 9
BONE 5 0.315162
BONE 10 0.062235
BONE 18 0.000692
BONE 22 0.000000
BONE 1 0.621892
BONE 3 0.000016
BONE 23 0.000001
BONE 39 0.000001
BONE 4 0.000002

VERT 41
OFFSET 5.373069, -3.958541, 42.045784
BONES 9
BONE 5 0.407351
BONE 10 0.056087
BONE 18 0.000616
BONE 22 0.000000
BONE 38 0.000002
BONE 1 0.533594
BONE 3 0.000163
BONE 6 0.002185
BONE 4 0.000002

VERT 42
OFFSET 7.479388, 0.364540, 42.373398
BONES 8
BONE 5 0.433649
BONE 10 0.067536
BONE 18 0.001221
BONE 22 0.000000
BONE 38 0.000075
BONE 1 0.497363
BONE 3 0.000156
BONE 6 0.000000

VERT 43
OFFSET 5.519893, 4.215754, 44.823395
BONES 7
BONE 5 0.539281
BONE 10 0.189143
BONE 18 0.026748
BONE 1 0.244663
BONE 3 0.000004
BONE 6 0.000149
BONE 7 0.000012

VERT 44
OFFSET -0.067209, 6.302414, 44.898300
BONES 4
BONE 5 0.423597
BONE 10 0.242269
BONE 18 0.020626
BONE 1 0.313508

VERT 45
OFFSET -0.533570, -5.592832, 44.100712
BONES 4
BONE 5 0.506846
BONE 10 0.140543
BONE 18 0.007425
BONE 1 0.345186

VERT 46
OFFSET 5.605422, -4.318809, 44.377213
BONES 4
BONE 5 0.650610
BONE 10 0.136291
BONE 18 0.005429
BONE 1 0.207670

VERT 47
OFFSET 7.392727, 0.282143, 44.518867
BONES 4
BONE 5 0.623971
BONE 10 0.166405
BONE 18 0.023321
BONE 1 0.186303

VERT 48
OFFSET -0.034511, 3.517449, 61.281231
BONES 9
BONE 5 0.000591
BONE 10 0.010204
BONE 18 0.879231
BONE 22 0.018824
BONE 38 0.001057
BONE 25 0.037266
BONE 26 0.033484
BONE 23 0.018352
BONE 39 0.000991

VERT 49
OFFSET -3.081812, 5.969192, 57.425613
BONES 11
BONE 5 0.047430
BONE 10 0.123719
BONE 18 0.533610
BONE 22 0.005375
BONE 38 0.000090
BONE 25 0.007607
BONE 1 0.000085
BONE 26 0.084698
BONE 23 0.143587
BONE 39 0.053789
BONE 32 0.000011

VERT 50
OFFSET 7.077931, -0.759380, 59.706535
BONES 9
BONE 5 0.000955
BONE 10 0.028557
BONE 18 0.333812
BONE 22 0.300067
BONE 31 0.000197
BONE 38 0.203974
BONE 25 0.132430
BONE 26 0.000007
BONE 23 0.000000

VERT 51
OFFSET 4.931464, -3.961193, 58.651981
BONES 10
BONE 5 0.004479
BONE 10 0.047148
BONE 18 0.440195
BONE 22 0.246738
BONE 31 0.000001
BONE 38 0.096963
BONE 25 0.163893
BONE 1 0.000003
BONE 26 0.000187
BONE 23 0.000392

VERT 52
OFFSET 5.023860, 4.723177, 58.373142
BONES 11
BONE 5 0.020747
BONE 10 0.064245
BONE 18 0.405197
BONE 22 0.223377
BONE 31 0.000071
BONE 38 0.170564
BONE 25 0.108109
BONE 1 0.000114
BONE 26 0.004546
BONE 23 0.003029
BONE 39 0.000001

VERT 53
OFFSET 4.764475, -0.829985, 60.361206
BONES 11
BONE 5 0.000268
BONE 10 0.015496
BONE 18 0.600981
BONE 22 0.180538
BONE 31 0.000001
BONE 38 0.052821
BONE 25 0.148847
BONE 1 0.000000
BONE 26 0.000903
BONE 23 0.000145
BONE 39 0.000000

VERT 54
OFFSET 5.557389, -4.687827, 55.307968
BONES 9
BONE 5 0.084135
BONE 10 0.129963
BONE 18 0.559163
BONE 22 0.113001
BONE 31 0.000004
BONE 38 0.060614
BONE 25 0.053003
BONE 1 0.000116
BONE 26 0.000000

VERT 55
OFFSET 6.687078, -4.381387, 55.311703
BONES 8
BONE 5 0.061582
BONE 10 0.159974
BONE 18 0.534712
BONE 22 0.116006
BONE 31 0.000021
BONE 38 0.087580
BONE 25 0.040039
BONE 1 0.000085

VERT 56
OFFSET 3.081812, 5.969192, 57.425613
BONES 11
BONE 5 0.041705
BONE 10 0.111976
BONE 18 0.511040
BONE 22 0.157209
BONE 31 0.000012
BONE 38 0.065021
BONE 25 0.089294
BONE 1 0.000178
BONE 26 0.012282
BONE 23 0.011279
BONE 39 0.000003

VERT 57
OFFSET 5.748419, 4.831743, 46.463902
BONES 4
BONE 5 0.435700
BONE 10 0.278800
BONE 18 0.130273
BONE 1 0.155226

VERT 58
OFFSET 4.883658, 5.281463, 46.268757
BONES 4
BONE 5 0.441932
BONE 10 0.276945
BONE 18 0.100365
BONE 1 0.180759

VERT 59
OFFSET 4.212140, 6.139594, 50.424393
BONES 6
BONE 5 0.255035
BONE 10 0.419159
BONE 18 0.308502
BONE 1 0.017295
BONE 6 0.000008
BONE 7 0.000001

VERT 60
OFFSET 5.223670, 5.625224, 50.336929
BONES 6
BONE 5 0.235376
BONE 10 0.400721
BONE 18 0.349121
BONE 1 0.014773
BONE 6 0.000009
BONE 7 0.000000

VERT 61
OFFSET 5.581646, -4.425103, 46.109226
BONES 4
BONE 5 0.607238
BONE 10 0.176913
BONE 18 0.024447
BONE 1 0.191402

VERT 62
OFFSET 6.333961, -3.699557, 46.118469
BONES 4
BONE 5 0.585276
BONE 10 0.155399
BONE 18 0.032985
BONE 1 0.226340

VERT 63
OFFSET 5.672779, -4.875551, 51.920551
BONES 11
BONE 5 0.248617
BONE 10 0.255976
BONE 18 0.398933
BONE 22 0.043299
BONE 31 0.000070
BONE 38 0.032659
BONE 25 0.005619
BONE 1 0.014823
BONE 6 0.000001
BONE 26 0.000002
BONE 23 0.000002

VERT 64
OFFSET 6.483007, -4.346949, 51.938190
BONES 9
BONE 5 0.248330
BONE 10 0.260873
BONE 18 0.388330
BONE 22 0.043448
BONE 31 0.000137
BONE 38 0.040024
BONE 25 0.005173
BONE 1 0.013685
BONE 6 0.000001

VERT 65
OFFSET 7.921815, -3.611799, 53.784538
BONES 8
BONE 5 0.044700
BONE 10 0.147386
BONE 18 0.338697
BONE 22 0.059330
BONE 31 0.009315
BONE 38 0.390118
BONE 25 0.010371
BONE 1 0.000083

VERT 66
OFFSET 8.060631, 1.002080, 50.980782
BONES 4
BONE 5 0.081384
BONE 10 0.340494
BONE 18 0.577026
BONE 1 0.001097

VERT 67
OFFSET 8.425444, 4.603257, 54.879173
BONES 8
BONE 5 0.025741
BONE 10 0.069737
BONE 18 0.112176
BONE 22 0.108880
BONE 31 0.008260
BONE 38 0.659361
BONE 25 0.015698
BONE 1 0.000147

VERT 68
OFFSET 8.946019, -0.292707, 59.075447
BONES 8
BONE 5 0.000608
BONE 10 0.007769
BONE 18 0.083661
BONE 22 0.186949
BONE 31 0.005047
BONE 38 0.673735
BONE 25 0.042231
BONE 26 0.000000

VERT 69
OFFSET 13.915487, 2.225596, 51.405743
BONES 10
BONE 5 0.000477
BONE 10 0.005850
BONE 18 0.005308
BONE 22 0.017151
BONE 31 0.658563
BONE 38 0.299114
BONE 25 0.000482
BONE 1 0.000002
BONE 35 0.005334
BONE 33 0.007720

VERT 70
OFFSET 12.401002, -1.441804, 47.137005
BONES 8
BONE 5 0.000006
BONE 10 0.001651
BONE 18 0.000796
BONE 22 0.000339
BONE 31 0.786500
BONE 38 0.044249
BONE 35 0.142585
BONE 33 0.023873

VERT 71
OFFSET 12.787584, -3.632506, 49.421513
BONES 9
BONE 5 0.000009
BONE 10 0.001073
BONE 18 0.000747
BONE 22 0.000639
BONE 31 0.911744
BONE 38 0.034731
BONE 25 0.000000
BONE 35 0.046756
BONE 33 0.004301

VERT 72
OFFSET 15.472588, -2.314613, 51.166439
BONES 9
BONE 5 0.000000
BONE 10 0.000137
BONE 18 0.000023
BONE 22 0.000094
BONE 31 0.972747
BONE 38 0.004910
BONE 25 0.000001
BONE 35 0.017946
BONE 33 0.004141

VERT 73
OFFSET 16.242659, 0.968803, 49.260536
BONES 9
BONE 5 0.000004
BONE 10 0.000474
BONE 18 0.000163
BONE 22 0.000565
BONE 31 0.822535
BONE 38 0.018862
BONE 25 0.000006
BONE 35 0.108788
BONE 33 0.048603

VERT 74
OFFSET 18.421375, -6.153579, 49.069633
BONES 5
BONE 10 0.000002
BONE 31 0.002748
BONE 38 0.000104
BONE 35 0.996296
BONE 33 0.000850

VERT 75
OFFSET 19.389622, -3.945056, 46.168362
BONES 1
BONE 35 1.000000

VERT 76
OFFSET 15.099596, -5.001798, 44.855762
BONES 1
BONE 35 1.000000

VERT 77
OFFSET 15.159457, -7.325658, 48.120220
BONES 5
BONE 10 0.000002
BONE 31 0.011404
BONE 38 0.000186
BONE 35 0.986824
BONE 33 0.001585

VERT 78
OFFSET -0.552975, -6.302180, 52.274982
BONES 11
BONE 5 0.281880
BONE 10 0.286596
BONE 18 0.359878
BONE 22 0.014935
BONE 31 0.000000
BONE 38 0.001226
BONE 25 0.009197
BONE 1 0.019234
BONE 26 0.006845
BONE 23 0.018755
BONE 39 0.001454

VERT 79
OFFSET 1.777395, -7.233999, 52.235149
BONES 12
BONE 5 0.288387
BONE 10 0.281179
BONE 18 0.358353
BONE 22 0.027077
BONE 31 0.000000
BONE 38 0.002897
BONE 25 0.014866
BONE 1 0.018783
BONE 6 0.000000
BONE 26 0.001839
BONE 23 0.006454
BONE 39 0.000165

VERT 80
OFFSET 1.581778, -6.206243, 53.692379
BONES 11
BONE 5 0.197996
BONE 10 0.233997
BONE 18 0.489784
BONE 22 0.033878
BONE 31 0.000000
BONE 38 0.004141
BONE 25 0.022899
BONE 1 0.006588
BONE 26 0.002637
BONE 23 0.007812
BONE 39 0.000268

VERT 81
OFFSET 3.343746, -1.208418, 61.056072
BONES 10
BONE 5 0.001795
BONE 10 0.011591
BONE 18 0.916464
BONE 22 0.031411
BONE 31 0.000000
BONE 38 0.007945
BONE 25 0.030271
BONE 1 0.000079
BONE 26 0.000264
BONE 23 0.000180

VERT 82
OFFSET 0.017972, -4.670496, 56.951309
BONES 10
BONE 5 0.050088
BONE 10 0.130373
BONE 18 0.671116
BONE 22 0.046023
BONE 38 0.006580
BONE 25 0.051327
BONE 1 0.000325
BONE 26 0.015510
BONE 23 0.026421
BONE 39 0.002237

VERT 83
OFFSET -0.035252, 2.745500, 62.654480
BONES 4
BONE 5 0.000426
BONE 10 0.001952
BONE 18 0.997418
BONE 1 0.000204

VERT 84
OFFSET -0.438959, -6.044127, 45.590832
BONES 4
BONE 5 0.515000
BONE 10 0.165805
BONE 18 0.019989
BONE 1 0.299205

VERT 85
OFFSET 7.968113, 0.924640, 46.572136
BONES 4
BONE 5 0.474524
BONE 10 0.285981
BONE 18 0.159379
BONE 1 0.080116

VERT 86
OFFSET -0.053211, 6.439840, 46.580437
BONES 4
BONE 5 0.444642
BONE 10 0.346573
BONE 18 0.055223
BONE 1 0.153562

VERT 87
OFFSET 6.184092, 6.021537, 35.463581
BONES 10
BONE 5 0.016034
BONE 10 0.001214
BONE 18 0.000010
BONE 22 0.000000
BONE 38 0.000003
BONE 1 0.420642
BONE 3 0.022533
BONE 6 0.511167
BONE 7 0.028373
BONE 4 0.000023

VERT 88
OFFSET -0.110096, 7.279439, 35.452915
BONES 9
BONE 5 0.016263
BONE 10 0.000902
BONE 18 0.000002
BONE 38 0.000000
BONE 1 0.551368
BONE 3 0.002658
BONE 6 0.193501
BONE 7 0.232180
BONE 4 0.003126

VERT 89
OFFSET -0.473539, -6.336006, 34.325436
BONES 8
BONE 5 0.007128
BONE 10 0.000099
BONE 18 0.000000
BONE 1 0.406413
BONE 3 0.000541
BONE 6 0.235975
BONE 7 0.348640
BONE 4 0.001203

VERT 90
OFFSET 2.842827, -6.118592, 34.340298
BONES 7
BONE 5 0.010114
BONE 10 0.000111
BONE 1 0.359862
BONE 3 0.011287
BONE 6 0.530392
BONE 7 0.088173
BONE 4 0.000061

VERT 91
OFFSET 7.234646, -3.368413, 34.659851
BONES 7
BONE 5 0.010333
BONE 10 0.000076
BONE 1 0.182814
BONE 3 0.036297
BONE 6 0.751887
BONE 7 0.018555
BONE 4 0.000038

VERT 92
OFFSET 8.991610, 1.034825, 35.014046
BONES 8
BONE 5 0.010288
BONE 10 0.000117
BONE 18 0.000000
BONE 1 0.203591
BONE 3 0.033234
BONE 6 0.735556
BONE 7 0.017188
BONE 4 0.000026

VERT 93
OFFSET 7.239449, -4.468191, 38.996277
BONES 9
BONE 5 0.117590
BONE 10 0.003782
BONE 18 0.000036
BONE 38 0.000001
BONE 1 0.718630
BONE 3 0.001765
BONE 6 0.154304
BONE 7 0.003877
BONE 4 0.000014

VERT 94
OFFSET 3.859751, -6.615244, 38.577553
BONES 10
BONE 5 0.109928
BONE 10 0.003664
BONE 18 0.000025
BONE 22 0.000000
BONE 38 0.000000
BONE 1 0.714193
BONE 3 0.001448
BONE 6 0.155563
BONE 7 0.015129
BONE 4 0.000049

VERT 95
OFFSET -4.212140, 6.139594, 50.424393
BONES 4
BONE 5 0.246082
BONE 10 0.398504
BONE 18 0.331210
BONE 1 0.024204

VERT 96
OFFSET 5.924335, -3.032428, 40.965786
BONES 8
BONE 5 0.263106
BONE 10 0.011867
BONE 18 0.000125
BONE 1 0.721082
BONE 3 0.000340
BONE 6 0.003455
BONE 7 0.000023
BONE 4 0.000001

VERT 97
OFFSET 0.035821, 0.446875, 34.974461
BONES 6
BONE 5 0.000029
BONE 1 0.378309
BONE 3 0.004309
BONE 6 0.257199
BONE 7 0.357540
BONE 4 0.002613

VERT 98
OFFSET 2.374596, -5.284547, 40.513645
BONES 8
BONE 5 0.210306
BONE 10 0.014629
BONE 18 0.000137
BONE 1 0.736371
BONE 3 0.000311
BONE 6 0.031526
BONE 7 0.006708
BONE 4 0.000013

VERT 99
OFFSET -5.535910, 4.467095, 42.522381
BONES 6
BONE 5 0.346353
BONE 10 0.096372
BONE 18 0.003565
BONE 1 0.553386
BONE 3 0.000002
BONE 4 0.000322

VERT 100
OFFSET -5.373069, -3.958541, 42.069332
BONES 9
BONE 5 0.336501
BONE 10 0.069412
BONE 18 0.002319
BONE 1 0.589967
BONE 3 0.000001
BONE 7 0.001714
BONE 23 0.000000
BONE 39 0.000003
BONE 4 0.000082

VERT 101
OFFSET -7.479388, 0.364540, 42.373398
BONES 6
BONE 5 0.355859
BONE 10 0.074786
BONE 18 0.004394
BONE 1 0.564714
BONE 3 0.000002
BONE 4 0.000245

VERT 102
OFFSET -5.622151, 4.615609, 44.808449
BONES 6
BONE 5 0.513321
BONE 10 0.212234
BONE 18 0.030831
BONE 1 0.243608
BONE 3 0.000000
BONE 4 0.000006

VERT 103
OFFSET -5.425987, -4.144718, 44.396919
BONES 4
BONE 5 0.566339
BONE 10 0.159536
BONE 18 0.012108
BONE 1 0.262017

VERT 104
OFFSET -7.572314, 0.099355, 44.602024
BONES 4
BONE 5 0.565811
BONE 10 0.169132
BONE 18 0.028435
BONE 1 0.236622

VERT 105
OFFSET -6.935605, -0.377667, 59.896935
BONES 10
BONE 5 0.000419
BONE 10 0.013684
BONE 18 0.427300
BONE 22 0.000004
BONE 25 0.000013
BONE 1 0.000000
BONE 26 0.103196
BONE 23 0.220463
BONE 39 0.234463
BONE 32 0.000457

VERT 106
OFFSET -4.732405, -4.030174, 58.669125
BONES 11
BONE 5 0.007810
BONE 10 0.051568
BONE 18 0.623876
BONE 22 0.000440
BONE 38 0.000039
BONE 25 0.000611
BONE 1 0.000129
BONE 26 0.096746
BONE 23 0.145653
BONE 39 0.073128
BONE 32 0.000001

VERT 107
OFFSET -4.863636, -0.607796, 60.415062
BONES 10
BONE 5 0.000190
BONE 10 0.013930
BONE 18 0.621103
BONE 22 0.000003
BONE 25 0.000410
BONE 1 0.000002
BONE 26 0.129579
BONE 23 0.161674
BONE 39 0.073109
BONE 32 0.000000

VERT 108
OFFSET -5.012691, 4.778513, 58.373142
BONES 11
BONE 5 0.024842
BONE 10 0.078380
BONE 18 0.410122
BONE 22 0.001418
BONE 38 0.000012
BONE 25 0.002413
BONE 1 0.000074
BONE 26 0.105527
BONE 23 0.217384
BONE 39 0.159743
BONE 32 0.000085

VERT 109
OFFSET -5.557389, -4.687827, 55.307968
BONES 8
BONE 5 0.072113
BONE 10 0.178847
BONE 18 0.489959
BONE 1 0.001440
BONE 26 0.035850
BONE 23 0.109941
BONE 39 0.111844
BONE 32 0.000007

VERT 110
OFFSET -6.687078, -4.381387, 55.311703
BONES 8
BONE 5 0.064962
BONE 10 0.172195
BONE 18 0.502139
BONE 1 0.000578
BONE 26 0.021337
BONE 23 0.080764
BONE 39 0.157596
BONE 32 0.000428

VERT 111
OFFSET -5.748419, 4.831743, 46.463902
BONES 4
BONE 5 0.449555
BONE 10 0.290466
BONE 18 0.119604
BONE 1 0.140375

VERT 112
OFFSET -4.883658, 5.281463, 46.268757
BONES 4
BONE 5 0.451612
BONE 10 0.281810
BONE 18 0.090437
BONE 1 0.176141

VERT 113
OFFSET -5.223670, 5.625224, 50.336929
BONES 4
BONE 5 0.235624
BONE 10 0.391842
BONE 18 0.348502
BONE 1 0.024033

VERT 114
OFFSET -5.633559, -4.359157, 46.048012
BONES 4
BONE 5 0.569334
BONE 10 0.207720
BONE 18 0.035904
BONE 1 0.187042

VERT 115
OFFSET -6.333961, -3.699557, 46.118469
BONES 4
BONE 5 0.566280
BONE 10 0.201067
BONE 18 0.038390
BONE 1 0.194262

VERT 116
OFFSET -5.824198, -4.796605, 52.216118
BONES 10
BONE 5 0.226628
BONE 10 0.267021
BONE 18 0.338438
BONE 22 0.000001
BONE 25 0.000000
BONE 1 0.016446
BONE 26 0.008894
BONE 23 0.071070
BONE 39 0.071499
BONE 32 0.000001

VERT 117
OFFSET -6.623295, -4.270725, 51.985626
BONES 8
BONE 5 0.211133
BONE 10 0.244267
BONE 18 0.382986
BONE 1 0.015458
BONE 26 0.005532
BONE 23 0.061423
BONE 39 0.079162
BONE 32 0.000038

VERT 118
OFFSET -7.921815, -3.611799, 53.784538
BONES 8
BONE 5 0.059256
BONE 10 0.110430
BONE 18 0.389664
BONE 1 0.000296
BONE 26 0.007503
BONE 23 0.050361
BONE 39 0.371641
BONE 32 0.010849

VERT 119
OFFSET -8.037017, 0.106338, 51.080345
BONES 4
BONE 5 0.168130
BONE 10 0.212621
BONE 18 0.615159
BONE 1 0.004090

VERT 120
OFFSET -8.442716, 4.392175, 55.049747
BONES 10
BONE 5 0.021239
BONE 10 0.055942
BONE 18 0.183635
BONE 22 0.000009
BONE 25 0.000008
BONE 1 0.000161
BONE 26 0.022059
BONE 23 0.111706
BONE 39 0.588716
BONE 32 0.016525

VERT 121
OFFSET -8.795506, -0.096319, 58.460289
BONES 10
BONE 5 0.000896
BONE 10 0.006686
BONE 18 0.106978
BONE 22 0.000000
BONE 25 0.000000
BONE 1 0.000001
BONE 26 0.035442
BONE 23 0.165689
BONE 39 0.676395
BONE 32 0.007912

VERT 122
OFFSET -14.725575, 1.543723, 49.790768
BONES 9
BONE 5 0.000021
BONE 10 0.001617
BONE 18 0.000857
BONE 26 0.000036
BONE 23 0.002777
BONE 39 0.071685
BONE 32 0.862083
BONE 36 0.043012
BONE 34 0.017912

VERT 123
OFFSET -12.401002, -1.441804, 47.137005
BONES 8
BONE 5 0.000001
BONE 10 0.000531
BONE 18 0.000322
BONE 23 0.000219
BONE 39 0.016780
BONE 32 0.909871
BONE 36 0.061038
BONE 34 0.011238

VERT 124
OFFSET -13.261051, -3.636067, 50.114250
BONES 9
BONE 5 0.000003
BONE 10 0.001270
BONE 18 0.000877
BONE 26 0.000006
BONE 23 0.001315
BONE 39 0.054574
BONE 32 0.845710
BONE 36 0.088993
BONE 34 0.007251

VERT 125
OFFSET -15.472588, -2.314613, 51.166439
BONES 8
BONE 10 0.000518
BONE 18 0.000038
BONE 26 0.000002
BONE 23 0.000166
BONE 39 0.016563
BONE 32 0.868319
BONE 36 0.095872
BONE 34 0.018522

VERT 126
OFFSET -15.963946, 0.576000, 48.597229
BONES 8
BONE 10 0.000321
BONE 18 0.000018
BONE 26 0.000000
BONE 23 0.000064
BONE 39 0.009236
BONE 32 0.683234
BONE 36 0.174760
BONE 34 0.132367

VERT 127
OFFSET -19.030619, -6.393899, 48.160763
BONES 5
BONE 10 0.000001
BONE 39 0.000038
BONE 32 0.001120
BONE 36 0.998249
BONE 34 0.000592

VERT 128
OFFSET -18.599569, -4.555269, 44.872166
BONES 5
BONE 10 0.000000
BONE 39 0.000003
BONE 32 0.000759
BONE 36 0.998234
BONE 34 0.001004

VERT 129
OFFSET -15.494539, -5.664895, 44.535259
BONES 5
BONE 10 0.000001
BONE 39 0.000037
BONE 32 0.004226
BONE 36 0.993918
BONE 34 0.001819

VERT 130
OFFSET -15.671536, -7.232944, 47.791107
BONES 5
BONE 10 0.000000
BONE 39 0.000004
BONE 32 0.000124
BONE 36 0.999843
BONE 34 0.000030

VERT 131
OFFSET -2.034245, -6.784281, 52.090591
BONES 10
BONE 5 0.284050
BONE 10 0.295896
BONE 18 0.343229
BONE 22 0.004380
BONE 38 0.000132
BONE 25 0.003318
BONE 1 0.020795
BONE 26 0.011722
BONE 23 0.032194
BONE 39 0.004283

VERT 132
OFFSET -1.675775, -5.951993, 53.678768
BONES 10
BONE 5 0.189507
BONE 10 0.258332
BONE 18 0.459095
BONE 22 0.006107
BONE 38 0.000228
BONE 25 0.005594
BONE 1 0.006898
BONE 26 0.021948
BONE 23 0.046336
