// Export filename: 'C:/projects/cod/t5/model_export/cuban/characters/cod7/tropas/mp/_c_cub_tropas_mp_body_utility_LOD2.XMODEL_EXPORT'
// Source filename: 'd:/projects/devart/t5/model_export/cuban/characters/cod7/tropas/mp/_c_cub_tropas_mp_utility.ma'
// Export time: Sat Sep 11 15:59:57 2010
MODEL
VERSION 6

NUMBONES 77
BONE 0 -1 "TAG_ORIGIN"
BONE 1 0 "J_MainRoot"
BONE 2 0 "TAG_SYNC"
BONE 3 1 "J_Hip_LE"
BONE 4 1 "J_Hip_RI"
BONE 5 1 "J_SpineLower"
BONE 6 3 "J_HipTwist_LE"
BONE 7 4 "J_HipTwist_RI"
BONE 8 3 "J_Knee_LE"
BONE 9 4 "J_Knee_RI"
BONE 10 5 "J_SpineUpper"
BONE 11 5 "TAG_STOWED_DEPLOY"
BONE 12 5 "TAG_STOWED_TACTICAL"
BONE 13 8 "J_Ankle_LE"
BONE 14 9 "J_Ankle_RI"
BONE 15 8 "J_Knee_Bulge_LE"
BONE 16 9 "J_Knee_Bulge_RI"
BONE 17 10 "J_Spine4"
BONE 18 10 "TAG_STOWED_BACKPACK"
BONE 19 13 "J_Ball_LE"
BONE 20 14 "J_Ball_RI"
BONE 21 17 "J_Clavicle_LE"
BONE 22 17 "J_Clavicle_RI"
BONE 23 17 "J_Neck"
BONE 24 17 "J_ShoulderRaise_LE"
BONE 25 17 "J_ShoulderRaise_RI"
BONE 26 17 "TAG_INHAND"
BONE 27 17 "TAG_STOWED_BACK"
BONE 28 17 "TAG_STOWED_LETHAL"
BONE 29 17 "TAG_WEAPON_CHEST"
BONE 30 23 "J_Head"
BONE 31 21 "J_Shoulder_LE"
BONE 32 22 "J_Shoulder_RI"
BONE 33 31 "J_Elbow_Bulge_LE"
BONE 34 32 "J_Elbow_Bulge_RI"
BONE 35 31 "J_Elbow_LE"
BONE 36 32 "J_Elbow_RI"
BONE 37 30 "J_Head_END"
BONE 38 31 "J_ShoulderTwist_LE"
BONE 39 32 "J_ShoulderTwist_RI"
BONE 40 37 "J_Helmet"
BONE 41 35 "J_Wrist_LE"
BONE 42 36 "J_Wrist_RI"
BONE 43 35 "J_WristTwist_LE"
BONE 44 36 "J_WristTwist_RI"
BONE 45 41 "J_Index_LE_1"
BONE 46 42 "J_Index_RI_1"
BONE 47 41 "J_Mid_LE_1"
BONE 48 42 "J_Mid_RI_1"
BONE 49 41 "J_Pinky_LE_1"
BONE 50 42 "J_Pinky_RI_1"
BONE 51 41 "J_Ring_LE_1"
BONE 52 42 "J_Ring_RI_1"
BONE 53 41 "J_Thumb_LE_1"
BONE 54 42 "J_Thumb_RI_1"
BONE 55 41 "TAG_WEAPON_LEFT"
BONE 56 42 "TAG_WEAPON_RIGHT"
BONE 57 45 "J_Index_LE_2"
BONE 58 46 "J_Index_RI_2"
BONE 59 47 "J_Mid_LE_2"
BONE 60 48 "J_Mid_RI_2"
BONE 61 49 "J_Pinky_LE_2"
BONE 62 50 "J_Pinky_RI_2"
BONE 63 51 "J_Ring_LE_2"
BONE 64 52 "J_Ring_RI_2"
BONE 65 53 "J_Thumb_LE_2"
BONE 66 54 "J_Thumb_RI_2"
BONE 67 57 "J_Index_LE_3"
BONE 68 58 "J_Index_RI_3"
BONE 69 59 "J_Mid_LE_3"
BONE 70 60 "J_Mid_RI_3"
BONE 71 61 "J_Pinky_LE_3"
BONE 72 62 "J_Pinky_RI_3"
BONE 73 63 "J_Ring_LE_3"
BONE 74 64 "J_Ring_RI_3"
BONE 75 65 "J_Thumb_LE_3"
BONE 76 66 "J_Thumb_RI_3"

BONE 0
OFFSET 0.000002, -2.222000, 0.000042
SCALE 1.000000, 1.000000, 1.000000
X -0.000000, -1.000000, -0.000001
Y 1.000000, -0.000000, 0.000000
Z -0.000000, -0.000001, 1.000000

BONE 1
OFFSET 0.000082, 1.218927, 37.228020
SCALE 1.000000, 1.000000, 1.000000
X 0.000005, 0.024825, 0.999692
Y 0.000006, -0.999692, 0.024825
Z 1.000000, 0.000006, -0.000005

BONE 2
OFFSET 0.000002, -2.219720, 0.000042
SCALE 1.000000, 1.000000, 1.000000
X -0.000000, -1.000000, -0.000003
Y 1.000000, -0.000000, 0.000000
Z -0.000000, -0.000003, 1.000000

BONE 3
OFFSET 4.865472, 1.218951, 37.228016
SCALE 1.000000, 1.000000, 1.000000
X -0.008941, 0.033879, -0.999386
Y -0.004877, -0.999415, -0.033837
Z -0.999948, 0.004571, 0.009101

BONE 4
OFFSET -4.865293, 1.218927, 37.227978
SCALE 1.000000, 1.000000, 1.000000
X -0.008909, -0.033842, 0.999388
Y -0.004870, 0.999417, 0.033800
Z -0.999948, -0.004566, -0.009069

BONE 5
OFFSET 0.000089, 1.148792, 42.432632
SCALE 1.000000, 1.000000, 1.000000
X 0.000001, 0.029870, 0.999554
Y -0.000002, -0.999554, 0.029870
Z 1.000000, -0.000002, -0.000001

BONE 6
OFFSET 4.837310, 1.325658, 34.080341
SCALE 1.000000, 1.000000, 1.000000
X -0.008941, 0.033879, -0.999386
Y -0.004864, -0.999416, -0.033837
Z -0.999948, 0.004558, 0.009101

BONE 7
OFFSET -4.837236, 1.325506, 34.080624
SCALE 1.000000, 1.000000, 1.000000
X -0.008909, -0.033842, 0.999388
Y -0.004874, 0.999417, 0.033800
Z -0.999948, -0.004570, -0.009069

BONE 8
OFFSET 4.708874, 1.812570, 19.727123
SCALE 1.000000, 1.000000, 1.000000
X -0.008203, 0.166937, -0.985933
Y -0.006021, -0.985957, -0.166891
Z -0.999948, 0.004567, 0.009093

BONE 9
OFFSET -4.708568, 1.812141, 19.727461
SCALE 1.000000, 1.000000, 1.000000
X -0.008167, -0.166975, 0.985927
Y -0.006022, 0.985950, 0.166929
Z -0.999949, -0.004574, -0.009057

BONE 10
OFFSET 0.000094, 1.131313, 47.652164
SCALE 1.000000, 1.000000, 1.000000
X 0.000003, -0.020406, 0.999792
Y 0.000005, -0.999792, -0.020406
Z 1.000000, 0.000006, -0.000003

BONE 11
OFFSET 5.004360, 4.722222, 38.974617
SCALE 1.000000, 1.000000, 1.000000
X 0.727759, 0.683250, 0.059458
Y -0.683301, 0.729785, -0.022666
Z -0.058878, -0.024132, 0.997973

BONE 12
OFFSET -2.109973, -5.727131, 41.589756
SCALE 1.000000, 1.000000, 1.000000
X -0.250519, -0.965775, -0.067221
Y 0.878804, -0.197731, -0.434288
Z 0.406133, -0.167872, 0.898262

BONE 13
OFFSET 4.584381, 4.343949, 4.776942
SCALE 1.000000, 1.000000, 1.000000
X -0.000000, -0.008729, -0.999962
Y 0.016577, -0.999824, 0.008728
Z -0.999863, -0.016577, 0.000145

BONE 14
OFFSET -4.584069, 4.344151, 4.777238
SCALE 1.000000, 1.000000, 1.000000
X 0.000009, 0.008730, 0.999962
Y 0.016581, 0.999824, -0.008729
Z -0.999862, 0.016581, -0.000136

BONE 15
OFFSET 4.700433, -0.061928, 19.740456
SCALE 1.000000, 1.000000, 1.000000
X -0.000006, 0.029848, 0.999554
Y -0.000002, -0.999554, 0.029848
Z 1.000000, -0.000002, 0.000006

BONE 16
OFFSET -4.688321, -0.066477, 19.765478
SCALE 1.000000, 1.000000, 1.000000
X -0.000042, -0.029855, -0.999554
Y -0.000010, 0.999554, -0.029855
Z 1.000000, 0.000009, -0.000042

BONE 17
OFFSET 0.000090, 1.067745, 51.758411
SCALE 1.000000, 1.000000, 1.000000
X 0.000002, -0.047080, 0.998891
Y 0.000010, -0.998891, -0.047080
Z 1.000000, 0.000011, -0.000001

BONE 18
OFFSET 0.002056, 7.939955, 50.851307
SCALE 1.000000, 1.000000, 1.000000
X -0.002312, 0.998623, 0.052401
Y -0.999994, -0.002453, 0.002620
Z 0.002745, -0.052394, 0.998623

BONE 19
OFFSET 4.746620, -1.234840, 0.330913
SCALE 1.000000, 1.000000, 1.000000
X 0.016342, -0.983115, 0.182258
Y -0.002855, 0.182235, 0.983251
Z -0.999862, -0.016588, 0.000171

BONE 20
OFFSET -4.746290, -1.234591, 0.331138
SCALE 1.000000, 1.000000, 1.000000
X 0.016296, 0.983125, -0.182210
Y -0.002898, -0.182187, -0.983260
Z -0.999863, 0.016551, -0.000120

BONE 21
OFFSET 1.356609, 1.015539, 56.400341
SCALE 1.000000, 1.000000, 1.000000
X 0.997183, -0.019399, 0.072449
Y 0.018071, 0.999657, 0.018947
Z -0.072792, -0.017584, 0.997192

BONE 22
OFFSET -1.356719, 1.015542, 56.400444
SCALE 1.000000, 1.000000, 1.000000
X 0.997186, 0.019411, -0.072414
Y 0.018084, -0.999657, -0.018932
Z -0.072757, 0.017569, -0.997195

BONE 23
OFFSET 0.000058, 0.503915, 60.542107
SCALE 1.000000, 1.000000, 1.000000
X 0.000005, -0.309757, 0.950816
Y 0.000009, -0.950816, -0.309757
Z 1.000000, 0.000010, -0.000002

BONE 24
OFFSET 4.025334, 0.920922, 58.859638
SCALE 1.000000, 1.000000, 1.000000
X -0.997186, 0.019392, -0.072414
Y -0.018067, -0.999658, -0.018910
Z -0.072756, -0.017549, 0.997195

BONE 25
OFFSET -4.025115, 0.920835, 58.859825
SCALE 1.000000, 1.000000, 1.000000
X -0.997185, -0.019413, 0.072417
Y -0.018088, 0.999658, 0.018910
Z -0.072759, 0.017547, -0.997195

BONE 26
OFFSET -28.519920, -12.713210, 38.935009
SCALE 1.000000, 1.000000, 1.000000
X 1.000000, 0.000011, -0.000001
Y 0.000007, -0.764281, -0.644884
Z -0.000008, 0.644884, -0.764281

BONE 27
OFFSET -8.127171, 6.163945, 49.508396
SCALE 1.000000, 1.000000, 1.000000
X -0.241840, 0.071854, -0.967652
Y 0.956691, 0.184189, -0.225423
Z 0.162034, -0.980261, -0.113286

BONE 28
OFFSET 4.963632, -4.733718, 50.188965
SCALE 1.000000, 1.000000, 1.000000
X 0.549449, -0.819199, -0.164375
Y 0.831898, 0.554687, 0.016344
Z 0.077787, -0.145723, 0.986263

BONE 29
OFFSET -28.519920, -12.713210, 38.935009
SCALE 1.000000, 1.000000, 1.000000
X 0.000011, -1.000000, 0.000001
Y 1.000000, 0.000011, -0.000001
Z 0.000001, 0.000001, 1.000000

BONE 30
OFFSET 0.000057, -0.306903, 63.520969
SCALE 1.000000, 1.000000, 1.000000
X -0.000007, -0.216434, 0.976297
Y 0.000005, -0.976297, -0.216434
Z 1.000000, 0.000004, 0.000008

BONE 31
OFFSET 7.725458, 0.891629, 56.863182
SCALE 1.000000, 1.000000, 1.000000
X 0.662981, -0.260696, -0.701779
Y 0.273873, 0.956889, -0.096732
Z 0.696743, -0.128067, 0.705796

BONE 32
OFFSET -7.725506, 0.891564, 56.862965
SCALE 1.000000, 1.000000, 1.000000
X 0.662960, 0.260726, 0.701788
Y 0.273916, -0.956876, 0.096734
Z 0.696745, 0.128101, -0.705788

BONE 33
OFFSET 15.846270, -1.632336, 48.642548
SCALE 1.000000, 1.000000, 1.000000
X 0.294563, -0.846066, -0.444303
Y 0.654051, 0.517466, -0.551767
Z 0.696743, -0.128067, 0.705796

BONE 34
OFFSET -15.846113, -1.632834, 48.642265
SCALE 1.000000, 1.000000, 1.000000
X 0.294518, 0.846079, 0.444308
Y 0.654068, -0.517437, 0.551773
Z 0.696745, 0.128101, -0.705788

BONE 35
OFFSET 15.742274, -1.805675, 48.713013
SCALE 1.000000, 1.000000, 1.000000
X 0.294845, -0.845858, -0.444512
Y 0.653923, 0.517813, -0.551593
Z 0.696743, -0.128042, 0.705801

BONE 36
OFFSET -15.742270, -1.806072, 48.712933
SCALE 1.000000, 1.000000, 1.000000
X 0.294819, 0.845861, 0.444523
Y 0.653933, -0.517800, 0.551592
Z 0.696745, 0.128069, -0.705794

BONE 37
OFFSET -0.000527, -1.399727, 69.807846
SCALE 1.000000, 1.000000, 1.000000
X -0.000007, -0.216434, 0.976297
Y 0.000005, -0.976297, -0.216434
Z 1.000000, 0.000004, 0.000008

BONE 38
OFFSET 8.032188, 0.771017, 56.538502
SCALE 1.000000, 1.000000, 1.000000
X 0.662981, -0.260696, -0.701779
Y 0.273875, 0.956889, -0.096730
Z 0.696742, -0.128070, 0.705797

BONE 39
OFFSET -8.001591, 0.782987, 56.570709
SCALE 1.000000, 1.000000, 1.000000
X 0.662960, 0.260726, 0.701788
Y 0.273908, -0.956878, 0.096742
Z 0.696748, 0.128089, -0.705787

BONE 40
OFFSET -0.000540, -0.362329, 71.243195
SCALE 1.000000, 1.000000, 1.000000
X 0.000005, -0.999048, 0.043625
Y 1.000000, 0.000005, 0.000005
Z -0.000005, 0.043625, 0.999048

BONE 41
OFFSET 18.585669, -10.419226, 44.089733
SCALE 1.000000, 1.000000, 1.000000
X 0.299004, -0.782064, -0.546784
Y -0.792522, 0.115636, -0.598779
Z 0.531512, 0.612376, -0.585227

BONE 42
OFFSET -18.585567, -10.419399, 44.089657
SCALE 1.000000, 1.000000, 1.000000
X 0.299011, 0.782058, 0.546788
Y -0.792524, -0.115633, 0.598778
Z 0.531506, -0.612384, 0.585224

BONE 43
OFFSET 17.753496, -7.897926, 45.442410
SCALE 1.000000, 1.000000, 1.000000
X 0.294846, -0.845857, -0.444513
Y 0.653930, 0.517812, -0.551585
Z 0.696736, -0.128048, 0.705806

BONE 44
OFFSET -17.753546, -7.898361, 45.442448
SCALE 1.000000, 1.000000, 1.000000
X 0.294819, 0.845861, 0.444523
Y 0.653933, -0.517800, 0.551592
Z 0.696745, 0.128069, -0.705794

BONE 45
OFFSET 18.943596, -14.118733, 43.296165
SCALE 1.000000, 1.000000, 1.000000
X 0.252533, -0.921880, -0.293878
Y -0.670074, 0.052482, -0.740436
Z 0.698017, 0.383905, -0.604475

BONE 46
OFFSET -18.943485, -14.118932, 43.296089
SCALE 1.000000, 1.000000, 1.000000
X 0.252692, 0.921873, 0.293763
Y -0.670040, -0.052297, 0.740480
Z 0.697992, -0.383946, 0.604477

BONE 47
OFFSET 19.641989, -13.608097, 42.701954
SCALE 1.000000, 1.000000, 1.000000
X 0.066843, -0.793765, -0.604540
Y -0.837155, 0.285040, -0.466823
Z 0.542866, 0.537298, -0.645452

BONE 48
OFFSET -19.641909, -13.608223, 42.701809
SCALE 1.000000, 1.000000, 1.000000
X 0.066887, 0.793771, 0.604528
Y -0.837171, -0.284987, 0.466827
Z 0.542836, -0.537317, 0.645460

BONE 49
OFFSET 20.410118, -12.159682, 41.480377
SCALE 1.000000, 1.000000, 1.000000
X -0.099274, -0.722106, -0.684623
Y -0.848031, 0.421335, -0.321434
Z 0.520565, 0.548671, -0.654195

BONE 50
OFFSET -20.410091, -12.159837, 41.480251
SCALE 1.000000, 1.000000, 1.000000
X -0.099304, 0.722089, 0.684635
Y -0.848020, -0.421369, 0.321418
Z 0.520577, -0.548666, 0.654190

BONE 51
OFFSET 20.114302, -12.876246, 42.061901
SCALE 1.000000, 1.000000, 1.000000
X -0.006006, -0.738898, -0.673791
Y -0.878970, 0.325202, -0.348791
Z 0.476839, 0.590147, -0.651422

BONE 52
OFFSET -20.114208, -12.876396, 42.061890
SCALE 1.000000, 1.000000, 1.000000
X -0.005979, 0.738908, 0.673780
Y -0.878978, -0.325169, 0.348801
Z 0.476825, -0.590152, 0.651428

BONE 53
OFFSET 18.473015, -11.541899, 44.177650
SCALE 1.000000, 1.000000, 1.000000
X -0.766327, -0.594301, -0.244027
Y 0.525231, -0.360813, -0.770679
Z 0.369968, -0.718763, 0.588646

BONE 54
OFFSET -18.472874, -11.542074, 44.177635
SCALE 1.000000, 1.000000, 1.000000
X -0.766329, 0.594294, 0.244036
Y 0.525229, 0.360803, 0.770685
Z 0.369965, 0.718773, -0.588635

BONE 55
OFFSET -28.519896, -12.719981, 38.932270
SCALE 1.000000, 1.000000, 1.000000
X 0.000190, -1.000000, -0.000189
Y 1.000000, 0.000190, 0.000053
Z -0.000053, -0.000189, 1.000000

BONE 56
OFFSET -28.520119, -12.709172, 38.935143
SCALE 1.000000, 1.000000, 1.000000
X -0.000199, -1.000000, -0.000195
Y 0.998877, -0.000190, -0.047381
Z 0.047381, -0.000205, 0.998877

BONE 57
OFFSET 19.335176, -15.548034, 42.840546
SCALE 1.000000, 1.000000, 1.000000
X -0.305493, -0.603804, -0.736271
Y -0.647669, 0.698577, -0.304162
Z 0.697997, 0.383940, -0.604476

BONE 58
OFFSET -19.335234, -15.548249, 42.840523
SCALE 1.000000, 1.000000, 1.000000
X -0.305842, 0.603512, 0.736365
Y -0.647460, -0.698892, 0.303884
Z 0.698038, -0.383827, 0.604500

BONE 59
OFFSET 19.766018, -15.080857, 41.580357
SCALE 1.000000, 1.000000, 1.000000
X -0.742584, -0.051931, -0.667737
Y -0.392291, 0.841795, 0.370795
Z 0.542841, 0.537294, -0.645475

BONE 60
OFFSET -19.765930, -15.081016, 41.579948
SCALE 1.000000, 1.000000, 1.000000
X -0.742558, 0.051921, 0.667766
Y -0.392315, -0.841780, -0.370804
Z 0.542860, -0.537318, 0.645439

BONE 61
OFFSET 20.291075, -13.025280, 40.659801
SCALE 1.000000, 1.000000, 1.000000
X -0.734217, -0.103408, -0.670993
Y -0.435791, 0.829631, 0.348997
Z 0.520587, 0.548653, -0.654194

BONE 62
OFFSET -20.291012, -13.025424, 40.659672
SCALE 1.000000, 1.000000, 1.000000
X -0.734208, 0.103424, 0.671001
Y -0.435814, -0.829619, -0.348996
Z 0.520581, -0.548667, 0.654187

BONE 63
OFFSET 20.104219, -14.119193, 40.928596
SCALE 1.000000, 1.000000, 1.000000
X -0.750598, -0.112264, -0.651152
Y -0.457408, 0.799450, 0.389433
Z 0.476844, 0.590150, -0.651416

BONE 64
OFFSET -20.104130, -14.119358, 40.928261
SCALE 1.000000, 1.000000, 1.000000
X -0.750602, 0.112272, 0.651146
Y -0.457410, -0.799450, -0.389431
Z 0.476836, -0.590148, 0.651423

BONE 65
OFFSET 16.629330, -12.971684, 43.590553
SCALE 1.000000, 1.000000, 1.000000
X -0.513767, -0.686190, -0.514963
Y 0.774059, -0.111908, -0.623144
Z 0.369966, -0.718763, 0.588646

BONE 66
OFFSET -16.629194, -12.971821, 43.590179
SCALE 1.000000, 1.000000, 1.000000
X -0.513765, 0.686181, 0.514977
Y 0.774059, 0.111890, 0.623148
Z 0.369972, 0.718774, -0.588629

BONE 67
OFFSET 19.038221, -16.134914, 42.125023
SCALE 1.000000, 1.000000, 1.000000
X -0.554097, -0.245160, -0.795533
Y -0.453622, 0.890222, 0.041612
Z 0.698000, 0.383929, -0.604479

BONE 68
OFFSET -19.037983, -16.134798, 42.125008
SCALE 1.000000, 1.000000, 1.000000
X -0.553871, 0.245483, 0.795591
Y -0.453788, -0.890154, -0.041256
Z 0.698071, -0.383880, 0.604428

BONE 69
OFFSET 18.948034, -15.138112, 40.844826
SCALE 1.000000, 1.000000, 1.000000
X -0.836744, 0.280258, -0.470441
Y -0.071875, 0.795463, 0.601724
Z 0.542857, 0.537302, -0.645456

BONE 70
OFFSET -18.947971, -15.138271, 40.844528
SCALE 1.000000, 1.000000, 1.000000
X -0.836742, -0.280254, 0.470448
Y -0.071886, -0.795461, -0.601726
Z 0.542859, -0.537308, 0.645449

BONE 71
OFFSET 19.784019, -13.096679, 40.196491
SCALE 1.000000, 1.000000, 1.000000
X -0.853803, 0.339164, -0.394953
Y 0.005198, 0.764171, 0.644992
Z 0.520570, 0.548643, -0.654215

BONE 72
OFFSET -19.783998, -13.096812, 40.196270
SCALE 1.000000, 1.000000, 1.000000
X -0.853799, -0.339166, 0.394959
Y 0.005186, -0.764161, -0.645004
Z 0.520576, -0.548656, 0.654199

BONE 73
OFFSET 19.396437, -14.225060, 40.314682
SCALE 1.000000, 1.000000, 1.000000
X -0.861545, 0.166924, -0.479454
Y -0.174209, 0.789854, 0.588033
Z 0.476856, 0.590142, -0.651415

BONE 74
OFFSET -19.396343, -14.225204, 40.314499
SCALE 1.000000, 1.000000, 1.000000
X -0.861557, -0.166916, 0.479436
Y -0.174209, -0.789846, -0.588043
Z 0.476834, -0.590155, 0.651419

BONE 75
OFFSET 16.015608, -13.791351, 42.975456
SCALE 1.000000, 1.000000, 1.000000
X -0.178188, -0.676734, -0.714339
Y 0.911796, 0.159395, -0.378446
Z 0.369969, -0.718766, 0.588641

BONE 76
OFFSET -16.015455, -13.791477, 42.975048
SCALE 1.000000, 1.000000, 1.000000
X -0.178183, 0.676724, 0.714350
Y 0.911791, -0.159415, 0.378450
Z 0.369984, 0.718771, -0.588626

NUMVERTS 1531
VERT 0
OFFSET 3.055691, -3.743226, 66.933701
BONES 1
BONE 30 1.000000

VERT 1
OFFSET 1.693584, -5.087408, 67.405998
BONES 1
BONE 30 1.000000

VERT 2
OFFSET -0.000102, -5.643030, 67.548218
BONES 1
BONE 30 1.000000

VERT 3
OFFSET -1.693787, -5.087406, 67.406013
BONES 1
BONE 30 1.000000

VERT 4
OFFSET -3.055892, -3.743226, 66.933701
BONES 1
BONE 30 1.000000

VERT 5
OFFSET -3.055892, -6.318532, 66.857689
BONES 1
BONE 30 1.000000

VERT 6
OFFSET -1.693786, -7.838579, 67.278168
BONES 1
BONE 30 1.000000

VERT 7
OFFSET -0.000102, -8.399036, 67.485512
BONES 1
BONE 30 1.000000

VERT 8
OFFSET 1.693583, -7.838579, 67.278160
BONES 1
BONE 30 1.000000

VERT 9
OFFSET 3.055690, -6.318533, 66.857681
BONES 1
BONE 30 1.000000

VERT 10
OFFSET 2.920341, -2.997371, 70.567177
BONES 1
BONE 30 1.000000

VERT 11
OFFSET 1.618842, -4.300378, 70.781067
BONES 1
BONE 30 1.000000

VERT 12
OFFSET -0.000102, -4.835433, 70.868835
BONES 1
BONE 30 1.000000

VERT 13
OFFSET -1.619035, -4.300377, 70.781067
BONES 1
BONE 30 1.000000

VERT 14
OFFSET -2.920535, -2.997371, 70.567177
BONES 1
BONE 30 1.000000

VERT 15
OFFSET -3.641315, -1.066422, 70.249954
BONES 1
BONE 30 1.000000

VERT 16
OFFSET -3.420753, 1.754587, 69.808128
BONES 1
BONE 30 1.000000

VERT 17
OFFSET -1.742981, 3.678778, 69.491394
BONES 1
BONE 30 1.000000

VERT 18
OFFSET -0.000102, 4.079567, 69.403305
BONES 1
BONE 30 1.000000

VERT 19
OFFSET 1.815639, 3.777833, 69.491394
BONES 1
BONE 30 1.000000

VERT 20
OFFSET 3.478406, 1.853642, 69.808128
BONES 1
BONE 30 1.000000

VERT 21
OFFSET 3.626122, -1.066422, 70.249962
BONES 1
BONE 30 1.000000

VERT 22
OFFSET 3.055691, -3.727770, 67.140366
BONES 1
BONE 30 1.000000

VERT 23
OFFSET 1.693584, -5.071075, 67.624397
BONES 1
BONE 30 1.000000

VERT 24
OFFSET -0.000102, -5.626697, 67.766602
BONES 1
BONE 30 1.000000

VERT 25
OFFSET -1.693786, -5.071074, 67.624397
BONES 1
BONE 30 1.000000

VERT 26
OFFSET -3.055892, -3.727770, 67.140366
BONES 1
BONE 30 1.000000

VERT 27
OFFSET -3.804882, -1.703408, 66.861992
BONES 1
BONE 30 1.000000

VERT 28
OFFSET -3.568056, 1.242146, 66.399529
BONES 1
BONE 30 1.000000

VERT 29
OFFSET -1.817648, 3.255954, 66.083611
BONES 1
BONE 30 1.000000

VERT 30
OFFSET -0.000102, 3.682060, 66.004807
BONES 1
BONE 30 1.000000

VERT 31
OFFSET 1.890296, 3.355008, 66.083611
BONES 1
BONE 30 1.000000

VERT 32
OFFSET 3.625703, 1.341201, 66.399529
BONES 1
BONE 30 1.000000

VERT 33
OFFSET 3.789678, -1.703408, 66.861992
BONES 1
BONE 30 1.000000

VERT 34
OFFSET -0.000102, -0.304789, 70.686180
BONES 1
BONE 30 1.000000

VERT 35
OFFSET 3.055691, -6.314019, 67.063660
BONES 1
BONE 30 1.000000

VERT 36
OFFSET 1.693584, -7.834067, 67.484146
BONES 1
BONE 30 1.000000

VERT 37
OFFSET -0.000102, -8.394525, 67.691483
BONES 1
BONE 30 1.000000

VERT 38
OFFSET -1.693786, -7.834067, 67.484146
BONES 1
BONE 30 1.000000

VERT 39
OFFSET -3.055892, -6.314019, 67.063660
BONES 1
BONE 30 1.000000

VERT 40
OFFSET -3.684831, -1.718157, 66.664772
BONES 1
BONE 30 1.000000

VERT 41
OFFSET -3.324144, 1.093143, 66.202309
BONES 1
BONE 30 1.000000

VERT 42
OFFSET -1.693786, 3.106951, 65.886406
BONES 1
BONE 30 1.000000

VERT 43
OFFSET -0.000102, 3.667312, 65.807594
BONES 1
BONE 30 1.000000

VERT 44
OFFSET 1.693583, 3.106949, 65.886391
BONES 1
BONE 30 1.000000

VERT 45
OFFSET 3.323943, 1.093143, 66.202309
BONES 1
BONE 30 1.000000

VERT 46
OFFSET 3.684632, -1.718157, 66.664772
BONES 1
BONE 30 1.000000

VERT 47
OFFSET -0.000101, -0.913410, 67.673401
BONES 1
BONE 30 1.000000

VERT 48
OFFSET 10.480329, -1.746633, 35.046425
BONES 1
BONE 1 1.000000

VERT 49
OFFSET 7.848996, -1.767795, 34.798008
BONES 1
BONE 1 1.000000

VERT 50
OFFSET 9.964780, -1.772272, 44.797874
BONES 1
BONE 1 1.000000

VERT 51
OFFSET 7.112379, -2.190603, 44.332638
BONES 1
BONE 1 1.000000

VERT 52
OFFSET 10.397339, 2.601267, 35.423233
BONES 1
BONE 1 1.000000

VERT 53
OFFSET 9.765217, 2.557427, 45.022758
BONES 1
BONE 1 1.000000

VERT 54
OFFSET 7.836283, 2.566790, 34.929638
BONES 1
BONE 1 1.000000

VERT 55
OFFSET 7.142196, 2.645414, 44.488155
BONES 1
BONE 1 1.000000

VERT 56
OFFSET 10.521379, 0.155921, 35.229431
BONES 1
BONE 1 1.000000

VERT 57
OFFSET 8.868434, -1.872948, 44.607777
BONES 1
BONE 1 1.000000

VERT 58
OFFSET 8.663015, 2.523870, 44.923138
BONES 1
BONE 1 1.000000

VERT 59
OFFSET 9.457187, 2.760911, 34.983749
BONES 1
BONE 1 1.000000

VERT 60
OFFSET 9.635849, -1.606180, 34.808075
BONES 1
BONE 1 1.000000

VERT 61
OFFSET 9.646745, 0.307092, 34.472828
BONES 1
BONE 1 1.000000

VERT 62
OFFSET 9.999842, -1.788133, 42.501373
BONES 1
BONE 1 1.000000

VERT 63
OFFSET 8.934278, -2.024684, 42.550735
BONES 1
BONE 1 1.000000

VERT 64
OFFSET 10.189775, 0.096480, 41.776394
BONES 1
BONE 1 1.000000

VERT 65
OFFSET 7.306958, 0.046432, 38.166683
BONES 1
BONE 1 1.000000

VERT 66
OFFSET 9.151031, -2.218242, 38.600807
BONES 1
BONE 1 1.000000

VERT 67
OFFSET 10.027052, -1.543840, 38.681126
BONES 1
BONE 1 1.000000

VERT 68
OFFSET 9.991956, 2.492962, 38.619911
BONES 1
BONE 1 1.000000

VERT 69
OFFSET 7.469392, 2.529845, 38.130615
BONES 1
BONE 1 1.000000

VERT 70
OFFSET 10.401655, 0.224119, 38.542160
BONES 1
BONE 1 1.000000

VERT 71
OFFSET 7.892242, 0.148381, 34.874348
BONES 1
BONE 1 1.000000

VERT 72
OFFSET 9.620946, 2.565407, 42.725918
BONES 1
BONE 1 1.000000

VERT 73
OFFSET 8.529982, 2.702527, 42.556454
BONES 1
BONE 1 1.000000

VERT 74
OFFSET 7.164276, 2.462763, 42.396664
BONES 1
BONE 1 1.000000

VERT 75
OFFSET 8.965984, 2.855693, 38.378952
BONES 1
BONE 1 1.000000

VERT 76
OFFSET 7.562420, -1.846726, 38.149426
BONES 1
BONE 1 1.000000

VERT 77
OFFSET 7.290036, -2.039915, 42.365063
BONES 1
BONE 1 1.000000

VERT 78
OFFSET 8.748165, 0.012275, 44.987572
BONES 1
BONE 1 1.000000

VERT 79
OFFSET 7.180815, -0.024772, 44.394981
BONES 1
BONE 1 1.000000

VERT 80
OFFSET 7.135493, -0.107477, 42.409210
BONES 1
BONE 1 1.000000

VERT 81
OFFSET 9.843335, 0.098780, 44.860054
BONES 1
BONE 1 1.000000

VERT 82
OFFSET 5.651734, -4.598330, 58.591961
BONES 2
BONE 17 0.900000
BONE 21 0.100000

VERT 83
OFFSET 6.164660, -6.094635, 57.880581
BONES 2
BONE 17 0.900000
BONE 21 0.100000

VERT 84
OFFSET 7.067312, -6.978754, 56.712822
BONES 2
BONE 17 0.900000
BONE 21 0.100000

VERT 85
OFFSET 6.901127, -7.000802, 56.551319
BONES 2
BONE 17 0.900000
BONE 21 0.100000

VERT 86
OFFSET 5.434811, -5.543032, 57.918331
BONES 2
BONE 17 0.900000
BONE 21 0.100000

VERT 87
OFFSET 4.744804, -4.133834, 57.734035
BONES 2
BONE 17 0.900000
BONE 21 0.100000

VERT 88
OFFSET 5.231158, -4.740684, 57.210560
BONES 2
BONE 17 0.900000
BONE 21 0.100000

VERT 89
OFFSET 5.016227, -4.965624, 58.434952
BONES 2
BONE 17 0.900000
BONE 21 0.100000

VERT 90
OFFSET 5.803812, -4.409712, 57.352043
BONES 2
BONE 17 0.900000
BONE 21 0.100000

VERT 91
OFFSET 6.126588, -5.143217, 58.089241
BONES 2
BONE 17 0.900000
BONE 21 0.100000

VERT 92
OFFSET 7.184558, -6.836995, 56.621342
BONES 2
BONE 17 0.900000
BONE 21 0.100000

VERT 93
OFFSET 5.333435, -3.811891, 57.858410
BONES 2
BONE 17 0.900000
BONE 21 0.100000

VERT 94
OFFSET 7.123128, -6.620842, 55.493595
BONES 2
BONE 17 0.900000
BONE 21 0.100000

VERT 95
OFFSET 7.418709, -5.987741, 55.269592
BONES 2
BONE 17 0.900000
BONE 21 0.100000

VERT 96
OFFSET 6.840717, -5.866388, 54.834171
BONES 2
BONE 17 0.900000
BONE 21 0.100000

VERT 97
OFFSET 6.545136, -6.499489, 55.058182
BONES 2
BONE 17 0.900000
BONE 21 0.100000

VERT 98
OFFSET 5.719555, -5.178580, 57.802135
BONES 2
BONE 17 0.900000
BONE 21 0.100000

VERT 99
OFFSET 6.035758, -4.501308, 57.562508
BONES 2
BONE 17 0.900000
BONE 21 0.100000

VERT 100
OFFSET 5.417438, -4.371487, 57.096706
BONES 2
BONE 17 0.900000
BONE 21 0.100000

VERT 101
OFFSET 5.101236, -5.048759, 57.336342
BONES 2
BONE 17 0.900000
BONE 21 0.100000

VERT 102
OFFSET 5.125785, -6.163332, 56.050610
BONES 2
BONE 17 0.900000
BONE 21 0.100000

VERT 103
OFFSET 5.895569, -4.514546, 55.467224
BONES 2
BONE 17 0.900000
BONE 21 0.100000

VERT 104
OFFSET 7.400835, -4.830588, 56.601185
BONES 2
BONE 17 0.900000
BONE 21 0.100000

VERT 105
OFFSET 6.631054, -6.479377, 57.184566
BONES 2
BONE 17 0.900000
BONE 21 0.100000

VERT 106
OFFSET 4.915503, -5.640695, 56.738625
BONES 2
BONE 17 0.900000
BONE 21 0.100000

VERT 107
OFFSET 5.558614, -4.263231, 56.251236
BONES 2
BONE 17 0.900000
BONE 21 0.100000

VERT 108
OFFSET 6.816176, -4.527265, 57.198605
BONES 2
BONE 17 0.900000
BONE 21 0.100000

VERT 109
OFFSET 6.173066, -5.904728, 57.685989
BONES 2
BONE 17 0.900000
BONE 21 0.100000

VERT 110
OFFSET 6.330324, -5.084121, 55.049538
BONES 2
BONE 17 0.900000
BONE 21 0.100000

VERT 111
OFFSET 7.540073, -5.338117, 55.960876
BONES 2
BONE 17 0.900000
BONE 21 0.100000

VERT 112
OFFSET 6.921412, -6.663211, 56.429729
BONES 2
BONE 17 0.900000
BONE 21 0.100000

VERT 113
OFFSET 5.711662, -6.409215, 55.518391
BONES 2
BONE 17 0.900000
BONE 21 0.100000

VERT 114
OFFSET -3.047346, -5.885294, 43.257977
BONES 2
BONE 1 0.900000
BONE 5 0.100000

VERT 115
OFFSET -3.187611, -5.098513, 43.057419
BONES 2
BONE 1 0.900000
BONE 5 0.100000

VERT 116
OFFSET -2.615426, -5.036873, 42.836411
BONES 2
BONE 1 0.900000
BONE 5 0.100000

VERT 117
OFFSET -3.211512, -6.202219, 42.777332
BONES 2
BONE 1 0.900000
BONE 5 0.100000

VERT 118
OFFSET -3.087347, -6.829329, 42.660332
BONES 2
BONE 1 0.900000
BONE 5 0.100000

VERT 119
OFFSET -4.022346, -7.931808, 39.906353
BONES 2
BONE 1 0.900000
BONE 5 0.100000

VERT 120
OFFSET -2.432958, -5.819097, 43.020672
BONES 2
BONE 1 0.900000
BONE 5 0.100000

VERT 121
OFFSET -3.411825, -5.318053, 42.404831
BONES 2
BONE 1 0.900000
BONE 5 0.100000

VERT 122
OFFSET -3.218157, -6.363289, 42.667885
BONES 2
BONE 1 0.900000
BONE 5 0.100000

VERT 123
OFFSET -2.617906, -6.298635, 42.436020
BONES 2
BONE 1 0.900000
BONE 5 0.100000

VERT 124
OFFSET -2.846952, -5.257202, 42.186653
BONES 2
BONE 1 0.900000
BONE 5 0.100000

VERT 125
OFFSET -3.839314, -4.849079, 42.266777
BONES 2
BONE 1 0.900000
BONE 5 0.100000

VERT 126
OFFSET -4.135075, -5.555149, 42.594707
BONES 2
BONE 1 0.900000
BONE 5 0.100000

VERT 127
OFFSET -3.826593, -6.317196, 42.727627
BONES 2
BONE 1 0.900000
BONE 5 0.100000

VERT 128
OFFSET -3.094579, -6.688833, 42.587654
BONES 2
BONE 1 0.900000
BONE 5 0.100000

VERT 129
OFFSET -2.367832, -6.452350, 42.256809
BONES 2
BONE 1 0.900000
BONE 5 0.100000

VERT 130
OFFSET -2.072073, -5.746280, 41.928875
BONES 2
BONE 1 0.900000
BONE 5 0.100000

VERT 131
OFFSET -2.380553, -4.984229, 41.795963
BONES 2
BONE 1 0.900000
BONE 5 0.100000

VERT 132
OFFSET -2.907385, -4.631601, 41.869713
BONES 2
BONE 1 0.900000
BONE 5 0.100000

VERT 133
OFFSET -3.317745, -4.593585, 42.002148
BONES 2
BONE 1 0.900000
BONE 5 0.100000

VERT 134
OFFSET -4.765299, -5.893339, 37.891609
BONES 2
BONE 1 0.900000
BONE 5 0.100000

VERT 135
OFFSET -4.354260, -5.931422, 37.758942
BONES 2
BONE 1 0.900000
BONE 5 0.100000

VERT 136
OFFSET -3.826539, -6.284629, 37.685089
BONES 2
BONE 1 0.900000
BONE 5 0.100000

VERT 137
OFFSET -3.517538, -7.047945, 37.818245
BONES 2
BONE 1 0.900000
BONE 5 0.100000

VERT 138
OFFSET -3.813784, -7.755187, 38.146744
BONES 2
BONE 1 0.900000
BONE 5 0.100000

VERT 139
OFFSET -4.541739, -7.992061, 38.478153
BONES 2
BONE 1 0.900000
BONE 5 0.100000

VERT 140
OFFSET -5.274978, -7.619809, 38.618343
BONES 2
BONE 1 0.900000
BONE 5 0.100000

VERT 141
OFFSET -5.583980, -6.856495, 38.485188
BONES 2
BONE 1 0.900000
BONE 5 0.100000

VERT 142
OFFSET -5.287733, -6.149253, 38.156689
BONES 2
BONE 1 0.900000
BONE 5 0.100000

VERT 143
OFFSET -3.579112, -7.884057, 39.735161
BONES 2
BONE 1 0.900000
BONE 5 0.100000

VERT 144
OFFSET -2.626940, -6.779726, 42.482498
BONES 2
BONE 1 0.900000
BONE 5 0.100000

VERT 145
OFFSET -2.574178, -6.133555, 42.531155
BONES 2
BONE 1 0.900000
BONE 5 0.100000

VERT 146
OFFSET 5.692283, -5.053168, 43.038887
BONES 2
BONE 1 0.900000
BONE 5 0.100000

VERT 147
OFFSET 5.224992, -4.443355, 42.741081
BONES 2
BONE 1 0.900000
BONE 5 0.100000

VERT 148
OFFSET 5.631605, -4.019613, 42.928562
BONES 2
BONE 1 0.900000
BONE 5 0.100000

VERT 149
OFFSET 6.049946, -5.213198, 42.586250
BONES 2
BONE 1 0.900000
BONE 5 0.100000

VERT 150
OFFSET 6.575554, -5.594124, 42.617954
BONES 2
BONE 1 0.900000
BONE 5 0.100000

VERT 151
OFFSET 8.181494, -5.953978, 39.978725
BONES 2
BONE 1 0.900000
BONE 5 0.100000

VERT 152
OFFSET 6.128880, -4.598164, 43.240192
BONES 2
BONE 1 0.900000
BONE 5 0.100000

VERT 153
OFFSET 5.577904, -4.497609, 42.111126
BONES 2
BONE 1 0.900000
BONE 5 0.100000

VERT 154
OFFSET 6.204702, -5.302733, 42.508770
BONES 2
BONE 1 0.900000
BONE 5 0.100000

VERT 155
OFFSET 6.631267, -4.858209, 42.705444
BONES 2
BONE 1 0.900000
BONE 5 0.100000

VERT 156
OFFSET 5.979319, -4.079286, 42.296211
BONES 2
BONE 1 0.900000
BONE 5 0.100000

VERT 157
OFFSET 5.111633, -4.306056, 41.701683
BONES 2
BONE 1 0.900000
BONE 5 0.100000

VERT 158
OFFSET 5.210793, -5.124966, 41.816147
BONES 2
BONE 1 0.900000
BONE 5 0.100000

VERT 159
OFFSET 5.794896, -5.604118, 42.166550
BONES 2
BONE 1 0.900000
BONE 5 0.100000

VERT 160
OFFSET 6.521786, -5.462837, 42.547626
BONES 2
BONE 1 0.900000
BONE 5 0.100000

VERT 161
OFFSET 6.965655, -4.783877, 42.736153
BONES 2
BONE 1 0.900000
BONE 5 0.100000

VERT 162
OFFSET 6.866494, -3.964968, 42.621689
BONES 2
BONE 1 0.900000
BONE 5 0.100000

VERT 163
OFFSET 6.282387, -3.485813, 42.271294
BONES 2
BONE 1 0.900000
BONE 5 0.100000

VERT 164
OFFSET 5.720163, -3.511727, 41.970341
BONES 2
BONE 1 0.900000
BONE 5 0.100000

VERT 165
OFFSET 5.390831, -3.742466, 41.810101
BONES 2
BONE 1 0.900000
BONE 5 0.100000

VERT 166
OFFSET 7.541502, -4.037982, 37.814026
BONES 2
BONE 1 0.900000
BONE 5 0.100000

VERT 167
OFFSET 7.871392, -3.806858, 37.974525
BONES 2
BONE 1 0.900000
BONE 5 0.100000

VERT 168
OFFSET 8.434541, -3.780899, 38.276001
BONES 2
BONE 1 0.900000
BONE 5 0.100000

VERT 169
OFFSET 9.019609, -4.260850, 38.627003
BONES 2
BONE 1 0.900000
BONE 5 0.100000

VERT 170
OFFSET 9.118924, -5.081125, 38.741676
BONES 2
BONE 1 0.900000
BONE 5 0.100000

VERT 171
OFFSET 8.674313, -5.761217, 38.552841
BONES 2
BONE 1 0.900000
BONE 5 0.100000

VERT 172
OFFSET 7.946213, -5.902734, 38.171124
BONES 2
BONE 1 0.900000
BONE 5 0.100000

VERT 173
OFFSET 7.361152, -5.422782, 37.820114
BONES 2
BONE 1 0.900000
BONE 5 0.100000

VERT 174
OFFSET 7.261834, -4.602509, 37.705441
BONES 2
BONE 1 0.900000
BONE 5 0.100000

VERT 175
OFFSET 8.496465, -5.625734, 40.123955
BONES 2
BONE 1 0.900000
BONE 5 0.100000

VERT 176
OFFSET 6.902731, -5.253156, 42.768810
BONES 2
BONE 1 0.900000
BONE 5 0.100000

VERT 177
OFFSET 6.502853, -4.741202, 42.795074
BONES 2
BONE 1 0.900000
BONE 5 0.100000

VERT 178
OFFSET -1.161643, -6.781436, 42.994091
BONES 2
BONE 1 0.900000
BONE 5 0.100000

VERT 179
OFFSET -0.811616, -7.889735, 41.706757
BONES 2
BONE 1 0.900000
BONE 5 0.100000

VERT 180
OFFSET -0.180504, -8.236341, 40.144173
BONES 2
BONE 1 0.900000
BONE 5 0.100000

VERT 181
OFFSET -0.377567, -8.213619, 40.022369
BONES 2
BONE 1 0.900000
BONE 5 0.100000

VERT 182
OFFSET -1.517099, -7.445366, 42.085175
BONES 2
BONE 1 0.900000
BONE 5 0.100000

VERT 183
OFFSET -2.233042, -6.119558, 42.560120
BONES 2
BONE 1 0.900000
BONE 5 0.100000

VERT 184
OFFSET -1.869971, -6.465066, 41.767883
BONES 2
BONE 1 0.900000
BONE 5 0.100000

VERT 185
OFFSET -1.815422, -7.119616, 42.847012
BONES 2
BONE 1 0.900000
BONE 5 0.100000

VERT 186
OFFSET -1.280852, -6.160331, 41.900421
BONES 2
BONE 1 0.900000
BONE 5 0.100000

VERT 187
OFFSET -0.805433, -7.077244, 42.245277
BONES 2
BONE 1 0.900000
BONE 5 0.100000

VERT 188
OFFSET -0.085989, -8.062797, 40.087959
BONES 2
BONE 1 0.900000
BONE 5 0.100000

VERT 189
OFFSET -1.631995, -5.816020, 42.670620
BONES 2
BONE 1 0.900000
BONE 5 0.100000

VERT 190
OFFSET -0.389538, -7.471973, 39.149303
BONES 2
BONE 1 0.900000
BONE 5 0.100000

VERT 191
OFFSET -0.150309, -6.779320, 39.112343
BONES 2
BONE 1 0.900000
BONE 5 0.100000

VERT 192
OFFSET -0.808807, -6.559479, 38.874767
BONES 2
BONE 1 0.900000
BONE 5 0.100000

VERT 193
OFFSET -1.048037, -7.252132, 38.911728
BONES 2
BONE 1 0.900000
BONE 5 0.100000

VERT 194
OFFSET -1.264741, -7.042062, 42.052525
BONES 2
BONE 1 0.900000
BONE 5 0.100000

VERT 195
OFFSET -1.008821, -6.301084, 42.012989
BONES 2
BONE 1 0.900000
BONE 5 0.100000

VERT 196
OFFSET -1.713263, -6.065905, 41.758835
BONES 2
BONE 1 0.900000
BONE 5 0.100000

VERT 197
OFFSET -1.969182, -6.806882, 41.798378
BONES 2
BONE 1 0.900000
BONE 5 0.100000

VERT 198
OFFSET -2.220557, -7.396639, 40.221989
BONES 2
BONE 1 0.900000
BONE 5 0.100000

VERT 199
OFFSET -1.597530, -5.592762, 40.125725
BONES 2
BONE 1 0.900000
BONE 5 0.100000

VERT 200
OFFSET 0.117398, -6.165295, 40.744450
BONES 2
BONE 1 0.900000
BONE 5 0.100000

VERT 201
OFFSET -0.505625, -7.969173, 40.840706
BONES 2
BONE 1 0.900000
BONE 5 0.100000

VERT 202
OFFSET -2.278421, -7.165479, 41.078701
BONES 2
BONE 1 0.900000
BONE 5 0.100000

VERT 203
OFFSET -1.757917, -5.658445, 40.998283
BONES 2
BONE 1 0.900000
BONE 5 0.100000

VERT 204
OFFSET -0.325196, -6.136762, 41.515186
BONES 2
BONE 1 0.900000
BONE 5 0.100000

VERT 205
OFFSET -0.845698, -7.643796, 41.595608
BONES 2
BONE 1 0.900000
BONE 5 0.100000

VERT 206
OFFSET -1.262097, -5.944474, 39.453659
BONES 2
BONE 1 0.900000
BONE 5 0.100000

VERT 207
OFFSET 0.116153, -6.404606, 39.950920
BONES 2
BONE 1 0.900000
BONE 5 0.100000

VERT 208
OFFSET -0.384560, -7.854344, 40.028278
BONES 2
BONE 1 0.900000
BONE 5 0.100000

VERT 209
OFFSET -1.762811, -7.394212, 39.531025
BONES 2
BONE 1 0.900000
BONE 5 0.100000

VERT 210
OFFSET -9.003560, -0.698945, 50.257648
BONES 3
BONE 5 0.190056
BONE 10 0.264644
BONE 17 0.545301

VERT 211
OFFSET -8.980977, -1.480686, 50.371006
BONES 3
BONE 5 0.156499
BONE 10 0.230071
BONE 17 0.613430

VERT 212
OFFSET -9.030578, -1.744227, 52.308746
BONES 3
BONE 5 0.088458
BONE 10 0.184367
BONE 17 0.727176

VERT 213
OFFSET -9.149427, -1.082346, 52.305218
BONES 3
BONE 5 0.092791
BONE 10 0.186498
BONE 17 0.720711

VERT 214
OFFSET -8.381433, -0.173022, 50.378674
BONES 3
BONE 5 0.219371
BONE 10 0.315562
BONE 17 0.465067

VERT 215
OFFSET -8.032887, -0.840654, 52.496853
BONES 3
BONE 5 0.171488
BONE 10 0.230868
BONE 17 0.597644

VERT 216
OFFSET -8.656051, -2.032104, 50.195400
BONES 3
BONE 5 0.248598
BONE 10 0.273435
BONE 17 0.477967

VERT 217
OFFSET -8.718513, -2.377184, 52.530376
BONES 3
BONE 5 0.103128
BONE 10 0.193795
BONE 17 0.703077

VERT 218
OFFSET -7.815250, -2.041414, 50.121513
BONES 3
BONE 5 0.324104
BONE 10 0.303038
BONE 17 0.372859

VERT 219
OFFSET -8.594093, -1.502908, 52.087437
BONES 3
BONE 5 0.114435
BONE 10 0.199054
BONE 17 0.686511

VERT 220
OFFSET -7.909856, -1.737826, 52.691246
BONES 3
BONE 5 0.167650
BONE 10 0.233686
BONE 17 0.598664

VERT 221
OFFSET 8.396358, -4.639979, 54.601913
BONES 5
BONE 5 0.131140
BONE 10 0.245261
BONE 17 0.622750
BONE 1 0.000850
BONE 6 0.000000

VERT 222
OFFSET 6.875540, -4.074929, 53.712727
BONES 5
BONE 5 0.186963
BONE 10 0.272726
BONE 17 0.539224
BONE 1 0.001086
BONE 6 0.000000

VERT 223
OFFSET 6.236155, -5.028366, 53.990379
BONES 5
BONE 5 0.202836
BONE 10 0.259163
BONE 17 0.537449
BONE 1 0.000551
BONE 6 0.000000

VERT 224
OFFSET 8.860445, -3.660351, 54.721550
BONES 4
BONE 5 0.101794
BONE 10 0.232723
BONE 17 0.665089
BONE 1 0.000394

VERT 225
OFFSET 9.388124, -4.785957, 53.378712
BONES 4
BONE 5 0.104364
BONE 10 0.215759
BONE 17 0.679637
BONE 1 0.000240

VERT 226
OFFSET 9.203902, -5.389878, 52.314297
BONES 4
BONE 5 0.108696
BONE 10 0.212470
BONE 17 0.678740
BONE 1 0.000094

VERT 227
OFFSET 7.595821, -2.936169, 53.749794
BONES 5
BONE 5 0.118561
BONE 10 0.281252
BONE 17 0.599479
BONE 1 0.000708
BONE 6 0.000000

VERT 228
OFFSET 7.209247, -5.710097, 54.417667
BONES 5
BONE 5 0.192857
BONE 10 0.257645
BONE 17 0.548637
BONE 1 0.000861
BONE 6 0.000000

VERT 229
OFFSET 9.002302, -5.541740, 53.214668
BONES 5
BONE 5 0.130881
BONE 10 0.258217
BONE 17 0.610095
BONE 1 0.000808
BONE 6 0.000000

VERT 230
OFFSET 8.414191, -6.138649, 53.206810
BONES 5
BONE 5 0.212799
BONE 10 0.269504
BONE 17 0.516436
BONE 1 0.001262
BONE 6 0.000000

VERT 231
OFFSET 9.862576, -3.946136, 53.759777
BONES 4
BONE 5 0.098044
BONE 10 0.198755
BONE 17 0.703112
BONE 1 0.000089

VERT 232
OFFSET 9.624799, -4.632550, 52.471516
BONES 4
BONE 5 0.106059
BONE 10 0.207161
BONE 17 0.686770
BONE 1 0.000010

VERT 233
OFFSET 9.547521, -4.932745, 51.458878
BONES 3
BONE 5 0.092588
BONE 10 0.214815
BONE 17 0.692596

VERT 234
OFFSET 9.700144, -4.648769, 51.517830
BONES 3
BONE 5 0.110095
BONE 10 0.211783
BONE 17 0.678122

VERT 235
OFFSET 5.856557, -5.528850, 45.707569
BONES 5
BONE 5 0.745759
BONE 10 0.224639
BONE 17 0.029600
BONE 3 0.000000
BONE 6 0.000002

VERT 236
OFFSET 5.660571, -5.123807, 44.251400
BONES 6
BONE 5 0.812914
BONE 10 0.175516
BONE 17 0.010922
BONE 3 0.000048
BONE 6 0.000599
BONE 4 0.000001

VERT 237
OFFSET 7.550309, -4.658384, 43.180092
BONES 6
BONE 5 0.843182
BONE 10 0.145238
BONE 17 0.009659
BONE 3 0.000223
BONE 6 0.001698
BONE 4 0.000001

VERT 238
OFFSET 7.878334, -5.409256, 45.345665
BONES 5
BONE 5 0.746338
BONE 10 0.218550
BONE 17 0.035110
BONE 3 0.000000
BONE 6 0.000002

VERT 239
OFFSET 7.762516, -5.666097, 47.448513
BONES 4
BONE 5 0.612569
BONE 10 0.287686
BONE 17 0.099742
BONE 6 0.000002

VERT 240
OFFSET 8.766040, -2.344521, 45.012745
BONES 6
BONE 5 0.710773
BONE 10 0.237693
BONE 17 0.051485
BONE 3 0.000010
BONE 6 0.000038
BONE 4 0.000000

VERT 241
OFFSET 8.012149, -2.833349, 43.380600
BONES 6
BONE 5 0.806086
BONE 10 0.173583
BONE 17 0.019645
BONE 3 0.000141
BONE 6 0.000545
BONE 4 0.000000

VERT 242
OFFSET 7.531049, -1.848223, 45.421577
BONES 5
BONE 5 0.711050
BONE 10 0.225691
BONE 17 0.063220
BONE 3 0.000010
BONE 6 0.000029

VERT 243
OFFSET 7.762057, -1.625183, 46.953419
BONES 5
BONE 5 0.576805
BONE 10 0.271249
BONE 17 0.151944
BONE 3 0.000000
BONE 6 0.000001

VERT 244
OFFSET 5.884215, -5.581757, 47.786900
BONES 6
BONE 5 0.597328
BONE 10 0.280533
BONE 17 0.122134
BONE 1 0.000003
BONE 3 0.000000
BONE 6 0.000001

VERT 245
OFFSET 8.755615, -2.275116, 47.481583
BONES 4
BONE 5 0.543923
BONE 10 0.277362
BONE 17 0.178715
BONE 6 0.000000

VERT 246
OFFSET 7.635843, -1.711466, 47.992161
BONES 4
BONE 5 0.484772
BONE 10 0.281414
BONE 17 0.233815
BONE 6 0.000000

VERT 247
OFFSET 6.147719, -4.867449, 52.191078
BONES 5
BONE 5 0.251171
BONE 10 0.276911
BONE 17 0.471906
BONE 1 0.000011
BONE 6 0.000000

VERT 248
OFFSET 7.941106, -5.620553, 51.788216
BONES 5
BONE 5 0.267351
BONE 10 0.285099
BONE 17 0.447544
BONE 1 0.000006
BONE 6 0.000001

VERT 249
OFFSET 7.888703, -5.804357, 53.388737
BONES 5
BONE 5 0.199539
BONE 10 0.264915
BONE 17 0.533655
BONE 1 0.001892
BONE 6 0.000000

VERT 250
OFFSET 7.468698, -5.202180, 49.822098
BONES 4
BONE 5 0.424305
BONE 10 0.293918
BONE 17 0.281775
BONE 6 0.000002

VERT 251
OFFSET 6.259212, -4.842713, 50.261635
BONES 4
BONE 5 0.400138
BONE 10 0.294016
BONE 17 0.305844
BONE 6 0.000001

VERT 252
OFFSET 9.473751, -4.121294, 51.244389
BONES 4
BONE 5 0.148940
BONE 10 0.217948
BONE 17 0.633112
BONE 6 0.000000

VERT 253
OFFSET 9.519542, -4.279232, 53.256016
BONES 4
BONE 5 0.102406
BONE 10 0.201793
BONE 17 0.695714
BONE 1 0.000086

VERT 254
OFFSET 8.681758, -3.791244, 49.259850
BONES 4
BONE 5 0.331105
BONE 10 0.261447
BONE 17 0.407447
BONE 6 0.000001

VERT 255
OFFSET 9.139656, -3.091880, 51.572552
BONES 5
BONE 5 0.172727
BONE 10 0.222770
BONE 17 0.604503
BONE 1 0.000000
BONE 6 0.000000

VERT 256
OFFSET 8.380722, -3.099074, 49.410877
BONES 4
BONE 5 0.327406
BONE 10 0.265889
BONE 17 0.406705
BONE 6 0.000000

VERT 257
OFFSET 9.419147, -3.202878, 53.198826
BONES 4
BONE 5 0.105845
BONE 10 0.202491
BONE 17 0.691572
BONE 1 0.000091

VERT 258
OFFSET 7.879827, -2.547126, 51.608234
BONES 4
BONE 5 0.193188
BONE 10 0.289941
BONE 17 0.516871
BONE 6 0.000000

VERT 259
OFFSET 7.712581, -2.345902, 49.895149
BONES 4
BONE 5 0.317492
BONE 10 0.284433
BONE 17 0.398075
BONE 6 0.000000

VERT 260
OFFSET -1.753816, -5.741411, 54.138515
BONES 4
BONE 5 0.210616
BONE 10 0.284365
BONE 17 0.504675
BONE 1 0.000343

VERT 261
OFFSET 1.451281, -9.083435, 51.157043
BONES 4
BONE 5 0.323202
BONE 10 0.305303
BONE 17 0.371496
BONE 6 0.000000

VERT 262
