// Export filename: 'C:/projects/cod/t5/model_export/cuban/characters/cod7/tropas/mp/_c_cub_tropas_mp_body_flak_LOD3.XMODEL_EXPORT'
// Source filename: 'd:/projects/devart/t5/model_export/cuban/characters/cod7/tropas/mp/_c_cub_tropas_mp_flak.ma'
// Export time: Sat Sep 11 15:57:06 2010
MODEL
VERSION 6

NUMBONES 78
BONE 0 -1 "TAG_ORIGIN"
BONE 1 0 "J_MainRoot"
BONE 2 0 "TAG_SYNC"
BONE 3 1 "J_Hip_LE"
BONE 4 1 "J_Hip_RI"
BONE 5 1 "J_SpineLower"
BONE 6 1 "TAG_STOWED_DEPLOY"
BONE 7 3 "J_HipTwist_LE"
BONE 8 4 "J_HipTwist_RI"
BONE 9 3 "J_Knee_LE"
BONE 10 4 "J_Knee_RI"
BONE 11 5 "J_SpineUpper"
BONE 12 5 "TAG_STOWED_TACTICAL"
BONE 13 9 "J_Ankle_LE"
BONE 14 10 "J_Ankle_RI"
BONE 15 9 "J_Knee_Bulge_LE"
BONE 16 10 "J_Knee_Bulge_RI"
BONE 17 11 "J_Spine4"
BONE 18 11 "TAG_STOWED_BACKPACK"
BONE 19 11 "TAG_STOWED_LETHAL"
BONE 20 13 "J_Ball_LE"
BONE 21 14 "J_Ball_RI"
BONE 22 17 "J_Clavicle_LE"
BONE 23 17 "J_Clavicle_RI"
BONE 24 17 "J_Neck"
BONE 25 17 "J_ShoulderRaise_LE"
BONE 26 17 "J_ShoulderRaise_RI"
BONE 27 17 "TAG_INHAND"
BONE 28 17 "TAG_STOWED_BACK"
BONE 29 17 "TAG_WEAPON_CHEST"
BONE 30 24 "J_Head"
BONE 31 22 "J_Shoulder_LE"
BONE 32 23 "J_Shoulder_RI"
BONE 33 31 "J_Elbow_Bulge_LE"
BONE 34 32 "J_Elbow_Bulge_RI"
BONE 35 31 "J_Elbow_LE"
BONE 36 32 "J_Elbow_RI"
BONE 37 30 "J_Head_END"
BONE 38 30 "J_Jaw"
BONE 39 31 "J_ShoulderTwist_LE"
BONE 40 32 "J_ShoulderTwist_RI"
BONE 41 37 "J_Helmet"
BONE 42 35 "J_Wrist_LE"
BONE 43 36 "J_Wrist_RI"
BONE 44 35 "J_WristTwist_LE"
BONE 45 36 "J_WristTwist_RI"
BONE 46 42 "J_Index_LE_1"
BONE 47 43 "J_Index_RI_1"
BONE 48 42 "J_Mid_LE_1"
BONE 49 43 "J_Mid_RI_1"
BONE 50 42 "J_Pinky_LE_1"
BONE 51 43 "J_Pinky_RI_1"
BONE 52 42 "J_Ring_LE_1"
BONE 53 43 "J_Ring_RI_1"
BONE 54 42 "J_Thumb_LE_1"
BONE 55 43 "J_Thumb_RI_1"
BONE 56 42 "TAG_WEAPON_LEFT"
BONE 57 43 "TAG_WEAPON_RIGHT"
BONE 58 46 "J_Index_LE_2"
BONE 59 47 "J_Index_RI_2"
BONE 60 48 "J_Mid_LE_2"
BONE 61 49 "J_Mid_RI_2"
BONE 62 50 "J_Pinky_LE_2"
BONE 63 51 "J_Pinky_RI_2"
BONE 64 52 "J_Ring_LE_2"
BONE 65 53 "J_Ring_RI_2"
BONE 66 54 "J_Thumb_LE_2"
BONE 67 55 "J_Thumb_RI_2"
BONE 68 58 "J_Index_LE_3"
BONE 69 59 "J_Index_RI_3"
BONE 70 60 "J_Mid_LE_3"
BONE 71 61 "J_Mid_RI_3"
BONE 72 62 "J_Pinky_LE_3"
BONE 73 63 "J_Pinky_RI_3"
BONE 74 64 "J_Ring_LE_3"
BONE 75 65 "J_Ring_RI_3"
BONE 76 66 "J_Thumb_LE_3"
BONE 77 67 "J_Thumb_RI_3"

BONE 0
OFFSET 0.000002, -2.222000, 0.000042
SCALE 1.000000, 1.000000, 1.000000
X -0.000000, -1.000000, -0.000001
Y 1.000000, -0.000000, 0.000000
Z -0.000000, -0.000001, 1.000000

BONE 1
OFFSET 0.000082, 1.218927, 37.228020
SCALE 1.000000, 1.000000, 1.000000
X 0.000005, 0.024825, 0.999692
Y 0.000006, -0.999692, 0.024825
Z 1.000000, 0.000006, -0.000005

BONE 2
OFFSET 0.000002, -2.219720, 0.000042
SCALE 1.000000, 1.000000, 1.000000
X -0.000000, -1.000000, -0.000003
Y 1.000000, -0.000000, 0.000000
Z -0.000000, -0.000003, 1.000000

BONE 3
OFFSET 4.865472, 1.218951, 37.228016
SCALE 1.000000, 1.000000, 1.000000
X -0.008941, 0.033879, -0.999386
Y -0.004877, -0.999415, -0.033837
Z -0.999948, 0.004571, 0.009101

BONE 4
OFFSET -4.865293, 1.218927, 37.227978
SCALE 1.000000, 1.000000, 1.000000
X -0.008909, -0.033842, 0.999388
Y -0.004870, 0.999417, 0.033800
Z -0.999948, -0.004566, -0.009069

BONE 5
OFFSET 0.000089, 1.148792, 42.432632
SCALE 1.000000, 1.000000, 1.000000
X 0.000001, 0.029870, 0.999554
Y -0.000002, -0.999554, 0.029870
Z 1.000000, -0.000002, -0.000001

BONE 6
OFFSET 2.231514, 5.592212, 37.733658
SCALE 1.000000, 1.000000, 1.000000
X 0.156049, 0.987713, 0.008538
Y -0.984449, 0.156227, -0.080337
Z -0.080684, 0.004131, 0.996731

BONE 7
OFFSET 4.837310, 1.325658, 34.080341
SCALE 1.000000, 1.000000, 1.000000
X -0.008941, 0.033879, -0.999386
Y -0.004864, -0.999416, -0.033837
Z -0.999948, 0.004558, 0.009101

BONE 8
OFFSET -4.837236, 1.325506, 34.080624
SCALE 1.000000, 1.000000, 1.000000
X -0.008909, -0.033842, 0.999388
Y -0.004874, 0.999417, 0.033800
Z -0.999948, -0.004570, -0.009069

BONE 9
OFFSET 4.708874, 1.812570, 19.727123
SCALE 1.000000, 1.000000, 1.000000
X -0.008203, 0.166937, -0.985933
Y -0.006021, -0.985957, -0.166891
Z -0.999948, 0.004567, 0.009093

BONE 10
OFFSET -4.708568, 1.812141, 19.727461
SCALE 1.000000, 1.000000, 1.000000
X -0.008167, -0.166975, 0.985927
Y -0.006022, 0.985950, 0.166929
Z -0.999949, -0.004574, -0.009057

BONE 11
OFFSET 0.000094, 1.131313, 47.652164
SCALE 1.000000, 1.000000, 1.000000
X 0.000003, -0.020406, 0.999792
Y 0.000005, -0.999792, -0.020406
Z 1.000000, 0.000006, -0.000003

BONE 12
OFFSET -4.220604, -4.661407, 38.400734
SCALE 1.000000, 1.000000, 1.000000
X -0.504760, -0.862921, -0.024197
Y 0.701845, -0.393898, -0.593513
Z 0.502623, -0.316564, 0.804461

BONE 13
OFFSET 4.584381, 4.343949, 4.776942
SCALE 1.000000, 1.000000, 1.000000
X -0.000000, -0.008729, -0.999962
Y 0.016577, -0.999824, 0.008728
Z -0.999863, -0.016577, 0.000145

BONE 14
OFFSET -4.584069, 4.344151, 4.777238
SCALE 1.000000, 1.000000, 1.000000
X 0.000009, 0.008730, 0.999962
Y 0.016581, 0.999824, -0.008729
Z -0.999862, 0.016581, -0.000136

BONE 15
OFFSET 4.700433, -0.061928, 19.740456
SCALE 1.000000, 1.000000, 1.000000
X -0.000006, 0.029848, 0.999554
Y -0.000002, -0.999554, 0.029848
Z 1.000000, -0.000002, 0.000006

BONE 16
OFFSET -4.688321, -0.066477, 19.765478
SCALE 1.000000, 1.000000, 1.000000
X -0.000042, -0.029855, -0.999554
Y -0.000010, 0.999554, -0.029855
Z 1.000000, 0.000009, -0.000042

BONE 17
OFFSET 0.000090, 1.067745, 51.758411
SCALE 1.000000, 1.000000, 1.000000
X 0.000002, -0.047080, 0.998891
Y 0.000010, -0.998891, -0.047080
Z 1.000000, 0.000011, -0.000001

BONE 18
OFFSET 0.002056, 7.939955, 50.851307
SCALE 1.000000, 1.000000, 1.000000
X -0.002312, 0.998623, 0.052401
Y -0.999994, -0.002453, 0.002620
Z 0.002745, -0.052394, 0.998623

BONE 19
OFFSET 5.514523, -5.920499, 50.897633
SCALE 1.000000, 1.000000, 1.000000
X 0.665766, -0.744829, 0.044553
Y 0.746074, 0.665413, -0.024493
Z -0.011403, 0.049546, 0.998707

BONE 20
OFFSET 4.746620, -1.234840, 0.330913
SCALE 1.000000, 1.000000, 1.000000
X 0.016342, -0.983115, 0.182258
Y -0.002855, 0.182235, 0.983251
Z -0.999862, -0.016588, 0.000171

BONE 21
OFFSET -4.746290, -1.234591, 0.331138
SCALE 1.000000, 1.000000, 1.000000
X 0.016296, 0.983125, -0.182210
Y -0.002898, -0.182187, -0.983260
Z -0.999863, 0.016551, -0.000120

BONE 22
OFFSET 1.356609, 1.015539, 56.400341
SCALE 1.000000, 1.000000, 1.000000
X 0.997183, -0.019399, 0.072449
Y 0.018071, 0.999657, 0.018947
Z -0.072792, -0.017584, 0.997192

BONE 23
OFFSET -1.356719, 1.015542, 56.400444
SCALE 1.000000, 1.000000, 1.000000
X 0.997186, 0.019411, -0.072414
Y 0.018084, -0.999657, -0.018932
Z -0.072757, 0.017569, -0.997195

BONE 24
OFFSET 0.000058, 0.503915, 60.542107
SCALE 1.000000, 1.000000, 1.000000
X 0.000005, -0.309757, 0.950816
Y 0.000009, -0.950816, -0.309757
Z 1.000000, 0.000010, -0.000002

BONE 25
OFFSET 4.025334, 0.920922, 58.859638
SCALE 1.000000, 1.000000, 1.000000
X -0.997186, 0.019392, -0.072414
Y -0.018067, -0.999658, -0.018910
Z -0.072756, -0.017549, 0.997195

BONE 26
OFFSET -4.025115, 0.920835, 58.859825
SCALE 1.000000, 1.000000, 1.000000
X -0.997185, -0.019413, 0.072417
Y -0.018088, 0.999658, 0.018910
Z -0.072759, 0.017547, -0.997195

BONE 27
OFFSET -28.519920, -12.713210, 38.935009
SCALE 1.000000, 1.000000, 1.000000
X 1.000000, 0.000011, -0.000001
Y 0.000007, -0.764281, -0.644884
Z -0.000008, 0.644884, -0.764281

BONE 28
OFFSET -3.220328, 7.139530, 49.756954
SCALE 1.000000, 1.000000, 1.000000
X -0.083352, 0.038091, -0.995792
Y 0.176876, -0.982837, -0.052401
Z -0.980697, -0.180500, 0.075184

BONE 29
OFFSET -28.519920, -12.713210, 38.935009
SCALE 1.000000, 1.000000, 1.000000
X 0.000011, -1.000000, 0.000001
Y 1.000000, 0.000011, -0.000001
Z 0.000001, 0.000001, 1.000000

BONE 30
OFFSET 0.000057, -0.306903, 63.520969
SCALE 1.000000, 1.000000, 1.000000
X -0.000007, -0.216434, 0.976297
Y 0.000005, -0.976297, -0.216434
Z 1.000000, 0.000004, 0.000008

BONE 31
OFFSET 7.725458, 0.891629, 56.863182
SCALE 1.000000, 1.000000, 1.000000
X 0.662981, -0.260696, -0.701779
Y 0.273873, 0.956889, -0.096732
Z 0.696743, -0.128067, 0.705796

BONE 32
OFFSET -7.725506, 0.891564, 56.862965
SCALE 1.000000, 1.000000, 1.000000
X 0.662960, 0.260726, 0.701788
Y 0.273916, -0.956876, 0.096734
Z 0.696745, 0.128101, -0.705788

BONE 33
OFFSET 15.846270, -1.632336, 48.642548
SCALE 1.000000, 1.000000, 1.000000
X 0.294563, -0.846066, -0.444303
Y 0.654051, 0.517466, -0.551767
Z 0.696743, -0.128067, 0.705796

BONE 34
OFFSET -15.846113, -1.632834, 48.642265
SCALE 1.000000, 1.000000, 1.000000
X 0.294518, 0.846079, 0.444308
Y 0.654068, -0.517437, 0.551773
Z 0.696745, 0.128101, -0.705788

BONE 35
OFFSET 15.742274, -1.805675, 48.713013
SCALE 1.000000, 1.000000, 1.000000
X 0.294845, -0.845858, -0.444512
Y 0.653923, 0.517813, -0.551593
Z 0.696743, -0.128042, 0.705801

BONE 36
OFFSET -15.742270, -1.806072, 48.712933
SCALE 1.000000, 1.000000, 1.000000
X 0.294819, 0.845861, 0.444523
Y 0.653933, -0.517800, 0.551592
Z 0.696745, 0.128069, -0.705794

BONE 37
OFFSET -0.000527, -1.399727, 69.807846
SCALE 1.000000, 1.000000, 1.000000
X -0.000007, -0.216434, 0.976297
Y 0.000005, -0.976297, -0.216434
Z 1.000000, 0.000004, 0.000008

BONE 38
OFFSET 0.000054, -1.379337, 63.662735
SCALE 1.000000, 1.000000, 1.000000
X 1.000000, 0.000000, 0.000000
Y 0.000000, -0.000000, 1.000000
Z 0.000000, -1.000000, -0.000000

BONE 39
OFFSET 8.032188, 0.771017, 56.538502
SCALE 1.000000, 1.000000, 1.000000
X 0.662981, -0.260696, -0.701779
Y 0.273875, 0.956889, -0.096730
Z 0.696742, -0.128070, 0.705797

BONE 40
OFFSET -8.001591, 0.782987, 56.570709
SCALE 1.000000, 1.000000, 1.000000
X 0.662960, 0.260726, 0.701788
Y 0.273908, -0.956878, 0.096742
Z 0.696748, 0.128089, -0.705787

BONE 41
OFFSET -0.000540, -0.362329, 71.243195
SCALE 1.000000, 1.000000, 1.000000
X 0.000005, -0.999048, 0.043625
Y 1.000000, 0.000005, 0.000005
Z -0.000005, 0.043625, 0.999048

BONE 42
OFFSET 18.585669, -10.419226, 44.089733
SCALE 1.000000, 1.000000, 1.000000
X 0.299004, -0.782064, -0.546784
Y -0.792522, 0.115636, -0.598779
Z 0.531512, 0.612376, -0.585227

BONE 43
OFFSET -18.585567, -10.419399, 44.089657
SCALE 1.000000, 1.000000, 1.000000
X 0.299011, 0.782058, 0.546788
Y -0.792524, -0.115633, 0.598778
Z 0.531506, -0.612384, 0.585224

BONE 44
OFFSET 17.753496, -7.897926, 45.442410
SCALE 1.000000, 1.000000, 1.000000
X 0.294846, -0.845857, -0.444513
Y 0.653930, 0.517812, -0.551585
Z 0.696736, -0.128048, 0.705806

BONE 45
OFFSET -17.753546, -7.898361, 45.442448
SCALE 1.000000, 1.000000, 1.000000
X 0.294819, 0.845861, 0.444523
Y 0.653933, -0.517800, 0.551592
Z 0.696745, 0.128069, -0.705794

BONE 46
OFFSET 18.943596, -14.118733, 43.296165
SCALE 1.000000, 1.000000, 1.000000
X 0.252533, -0.921880, -0.293878
Y -0.670074, 0.052482, -0.740436
Z 0.698017, 0.383905, -0.604475

BONE 47
OFFSET -18.943485, -14.118932, 43.296089
SCALE 1.000000, 1.000000, 1.000000
X 0.252692, 0.921873, 0.293763
Y -0.670040, -0.052297, 0.740480
Z 0.697992, -0.383946, 0.604477

BONE 48
OFFSET 19.641989, -13.608097, 42.701954
SCALE 1.000000, 1.000000, 1.000000
X 0.066843, -0.793765, -0.604540
Y -0.837155, 0.285040, -0.466823
Z 0.542866, 0.537298, -0.645452

BONE 49
OFFSET -19.641909, -13.608223, 42.701809
SCALE 1.000000, 1.000000, 1.000000
X 0.066887, 0.793771, 0.604528
Y -0.837171, -0.284987, 0.466827
Z 0.542836, -0.537317, 0.645460

BONE 50
OFFSET 20.410118, -12.159682, 41.480377
SCALE 1.000000, 1.000000, 1.000000
X -0.099274, -0.722106, -0.684623
Y -0.848031, 0.421335, -0.321434
Z 0.520565, 0.548671, -0.654195

BONE 51
OFFSET -20.410091, -12.159837, 41.480251
SCALE 1.000000, 1.000000, 1.000000
X -0.099304, 0.722089, 0.684635
Y -0.848020, -0.421369, 0.321418
Z 0.520577, -0.548666, 0.654190

BONE 52
OFFSET 20.114302, -12.876246, 42.061901
SCALE 1.000000, 1.000000, 1.000000
X -0.006006, -0.738898, -0.673791
Y -0.878970, 0.325202, -0.348791
Z 0.476839, 0.590147, -0.651422

BONE 53
OFFSET -20.114208, -12.876396, 42.061890
SCALE 1.000000, 1.000000, 1.000000
X -0.005979, 0.738908, 0.673780
Y -0.878978, -0.325169, 0.348801
Z 0.476825, -0.590152, 0.651428

BONE 54
OFFSET 18.473015, -11.541899, 44.177650
SCALE 1.000000, 1.000000, 1.000000
X -0.766327, -0.594301, -0.244027
Y 0.525231, -0.360813, -0.770679
Z 0.369968, -0.718763, 0.588646

BONE 55
OFFSET -18.472874, -11.542074, 44.177635
SCALE 1.000000, 1.000000, 1.000000
X -0.766329, 0.594294, 0.244036
Y 0.525229, 0.360803, 0.770685
Z 0.369965, 0.718773, -0.588635

BONE 56
OFFSET -28.519896, -12.719981, 38.932270
SCALE 1.000000, 1.000000, 1.000000
X 0.000190, -1.000000, -0.000189
Y 1.000000, 0.000190, 0.000053
Z -0.000053, -0.000189, 1.000000

BONE 57
OFFSET -28.520119, -12.709172, 38.935143
SCALE 1.000000, 1.000000, 1.000000
X -0.000199, -1.000000, -0.000195
Y 0.998877, -0.000190, -0.047381
Z 0.047381, -0.000205, 0.998877

BONE 58
OFFSET 19.335176, -15.548034, 42.840546
SCALE 1.000000, 1.000000, 1.000000
X -0.305493, -0.603804, -0.736271
Y -0.647669, 0.698577, -0.304162
Z 0.697997, 0.383940, -0.604476

BONE 59
OFFSET -19.335234, -15.548249, 42.840523
SCALE 1.000000, 1.000000, 1.000000
X -0.305842, 0.603512, 0.736365
Y -0.647460, -0.698892, 0.303884
Z 0.698038, -0.383827, 0.604500

BONE 60
OFFSET 19.766018, -15.080857, 41.580357
SCALE 1.000000, 1.000000, 1.000000
X -0.742584, -0.051931, -0.667737
Y -0.392291, 0.841795, 0.370795
Z 0.542841, 0.537294, -0.645475

BONE 61
OFFSET -19.765930, -15.081016, 41.579948
SCALE 1.000000, 1.000000, 1.000000
X -0.742558, 0.051921, 0.667766
Y -0.392315, -0.841780, -0.370804
Z 0.542860, -0.537318, 0.645439

BONE 62
OFFSET 20.291075, -13.025280, 40.659801
SCALE 1.000000, 1.000000, 1.000000
X -0.734217, -0.103408, -0.670993
Y -0.435791, 0.829631, 0.348997
Z 0.520587, 0.548653, -0.654194

BONE 63
OFFSET -20.291012, -13.025424, 40.659672
SCALE 1.000000, 1.000000, 1.000000
X -0.734208, 0.103424, 0.671001
Y -0.435814, -0.829619, -0.348996
Z 0.520581, -0.548667, 0.654187

BONE 64
OFFSET 20.104219, -14.119193, 40.928596
SCALE 1.000000, 1.000000, 1.000000
X -0.750598, -0.112264, -0.651152
Y -0.457408, 0.799450, 0.389433
Z 0.476844, 0.590150, -0.651416

BONE 65
OFFSET -20.104130, -14.119358, 40.928261
SCALE 1.000000, 1.000000, 1.000000
X -0.750602, 0.112272, 0.651146
Y -0.457410, -0.799450, -0.389431
Z 0.476836, -0.590148, 0.651423

BONE 66
OFFSET 16.629330, -12.971684, 43.590553
SCALE 1.000000, 1.000000, 1.000000
X -0.513767, -0.686190, -0.514963
Y 0.774059, -0.111908, -0.623144
Z 0.369966, -0.718763, 0.588646

BONE 67
OFFSET -16.629194, -12.971821, 43.590179
SCALE 1.000000, 1.000000, 1.000000
X -0.513765, 0.686181, 0.514977
Y 0.774059, 0.111890, 0.623148
Z 0.369972, 0.718774, -0.588629

BONE 68
OFFSET 19.038221, -16.134914, 42.125023
SCALE 1.000000, 1.000000, 1.000000
X -0.554097, -0.245160, -0.795533
Y -0.453622, 0.890222, 0.041612
Z 0.698000, 0.383929, -0.604479

BONE 69
OFFSET -19.037983, -16.134798, 42.125008
SCALE 1.000000, 1.000000, 1.000000
X -0.553871, 0.245483, 0.795591
Y -0.453788, -0.890154, -0.041256
Z 0.698071, -0.383880, 0.604428

BONE 70
OFFSET 18.948034, -15.138112, 40.844826
SCALE 1.000000, 1.000000, 1.000000
X -0.836744, 0.280258, -0.470441
Y -0.071875, 0.795463, 0.601724
Z 0.542857, 0.537302, -0.645456

BONE 71
OFFSET -18.947971, -15.138271, 40.844528
SCALE 1.000000, 1.000000, 1.000000
X -0.836742, -0.280254, 0.470448
Y -0.071886, -0.795461, -0.601726
Z 0.542859, -0.537308, 0.645449

BONE 72
OFFSET 19.784019, -13.096679, 40.196491
SCALE 1.000000, 1.000000, 1.000000
X -0.853803, 0.339164, -0.394953
Y 0.005198, 0.764171, 0.644992
Z 0.520570, 0.548643, -0.654215

BONE 73
OFFSET -19.783998, -13.096812, 40.196270
SCALE 1.000000, 1.000000, 1.000000
X -0.853799, -0.339166, 0.394959
Y 0.005186, -0.764161, -0.645004
Z 0.520576, -0.548656, 0.654199

BONE 74
OFFSET 19.396437, -14.225060, 40.314682
SCALE 1.000000, 1.000000, 1.000000
X -0.861545, 0.166924, -0.479454
Y -0.174209, 0.789854, 0.588033
Z 0.476856, 0.590142, -0.651415

BONE 75
OFFSET -19.396343, -14.225204, 40.314499
SCALE 1.000000, 1.000000, 1.000000
X -0.861557, -0.166916, 0.479436
Y -0.174209, -0.789846, -0.588043
Z 0.476834, -0.590155, 0.651419

BONE 76
OFFSET 16.015608, -13.791351, 42.975456
SCALE 1.000000, 1.000000, 1.000000
X -0.178188, -0.676734, -0.714339
Y 0.911796, 0.159395, -0.378446
Z 0.369969, -0.718766, 0.588641

BONE 77
OFFSET -16.015455, -13.791477, 42.975048
SCALE 1.000000, 1.000000, 1.000000
X -0.178183, 0.676724, 0.714350
Y 0.911791, -0.159415, 0.378450
Z 0.369984, 0.718771, -0.588626

NUMVERTS 937
VERT 0
OFFSET 3.848724, -5.534468, 53.543499
BONES 7
BONE 1 0.000392
BONE 5 0.172448
BONE 11 0.276945
BONE 17 0.433397
BONE 22 0.061141
BONE 39 0.046936
BONE 25 0.008741

VERT 1
OFFSET 8.499772, -3.867661, 52.375336
BONES 7
BONE 1 0.000072
BONE 5 0.079602
BONE 11 0.190621
BONE 17 0.417913
BONE 22 0.069703
BONE 39 0.241891
BONE 25 0.000198

VERT 2
OFFSET 3.144034, -3.310779, 58.878502
BONES 8
BONE 5 0.000347
BONE 11 0.008726
BONE 17 0.834169
BONE 22 0.078361
BONE 39 0.000004
BONE 23 0.000038
BONE 25 0.078304
BONE 26 0.000051

VERT 3
OFFSET -0.321671, 3.429353, 61.677925
BONES 7
BONE 5 0.000124
BONE 11 0.001065
BONE 17 0.920493
BONE 22 0.006698
BONE 23 0.010319
BONE 25 0.030805
BONE 26 0.030498

VERT 4
OFFSET 4.099674, 1.250017, 61.283485
BONES 4
BONE 17 0.523290
BONE 22 0.232538
BONE 39 0.000001
BONE 25 0.244172

VERT 5
OFFSET 0.251741, -5.012245, 56.947201
BONES 7
BONE 5 0.031827
BONE 11 0.109680
BONE 17 0.806956
BONE 22 0.022079
BONE 23 0.001569
BONE 25 0.025877
BONE 26 0.002012

VERT 6
OFFSET 7.268616, -3.373788, 41.043308
BONES 3
BONE 1 0.804464
BONE 5 0.195145
BONE 11 0.000391

VERT 7
OFFSET 8.867739, -4.083760, 55.888062
BONES 6
BONE 5 0.002791
BONE 11 0.011086
BONE 17 0.079429
BONE 22 0.289178
BONE 39 0.612784
BONE 25 0.004732

VERT 8
OFFSET 8.443846, 0.211309, 40.974220
BONES 5
BONE 1 0.774744
BONE 5 0.203562
BONE 11 0.009397
BONE 7 0.012274
BONE 8 0.000024

VERT 9
OFFSET 3.522861, -4.383413, 56.817398
BONES 8
BONE 5 0.029416
BONE 11 0.099673
BONE 17 0.592442
BONE 22 0.119801
BONE 39 0.102014
BONE 23 0.000013
BONE 25 0.056623
BONE 26 0.000018

VERT 10
OFFSET -3.046664, -3.227659, 59.021309
BONES 8
BONE 5 0.003400
BONE 11 0.018137
BONE 17 0.859782
BONE 22 0.000127
BONE 23 0.046894
BONE 40 0.001720
BONE 25 0.000120
BONE 26 0.069819

VERT 11
OFFSET -4.218060, 1.004814, 61.196636
BONES 8
BONE 5 0.000006
BONE 11 0.000214
BONE 17 0.490482
BONE 22 0.000007
BONE 23 0.228988
BONE 40 0.010356
BONE 25 0.000093
BONE 26 0.269854

VERT 12
OFFSET -9.328632, 4.929913, 55.435371
BONES 7
BONE 1 0.000010
BONE 5 0.015851
BONE 11 0.070637
BONE 17 0.144101
BONE 23 0.325846
BONE 40 0.428035
BONE 26 0.015520

VERT 13
OFFSET -5.952650, 4.772196, 39.779724
BONES 6
BONE 1 0.926170
BONE 5 0.049741
BONE 11 0.002925
BONE 17 0.000038
BONE 7 0.000003
BONE 8 0.021123

VERT 14
OFFSET -8.581341, 0.958825, 40.236820
BONES 5
BONE 1 0.834348
BONE 5 0.157072
BONE 11 0.004850
BONE 17 0.000036
BONE 8 0.003694

VERT 15
OFFSET -8.809638, -3.734990, 55.826321
BONES 6
BONE 5 0.006889
BONE 11 0.019440
BONE 17 0.175306
BONE 23 0.249515
BONE 40 0.540371
BONE 26 0.008478

VERT 16
OFFSET -5.638916, -3.954550, 56.978954
BONES 9
BONE 1 0.000001
BONE 5 0.017242
BONE 11 0.057944
BONE 17 0.402918
BONE 22 0.000059
BONE 23 0.174346
BONE 40 0.275599
BONE 25 0.000056
BONE 26 0.071836

VERT 17
OFFSET -7.475561, 0.316641, 60.523361
BONES 7
BONE 5 0.000002
BONE 11 0.000550
BONE 17 0.153532
BONE 23 0.430019
BONE 40 0.206175
BONE 25 0.000000
BONE 26 0.209720

VERT 18
OFFSET -9.989673, -0.085656, 59.598938
BONES 5
BONE 11 0.000088
BONE 17 0.081854
BONE 23 0.430854
BONE 40 0.460360
BONE 26 0.026844

VERT 19
OFFSET -5.176483, 5.265741, 47.709648
BONES 9
BONE 1 0.066799
BONE 5 0.470450
BONE 11 0.355479
BONE 17 0.107076
BONE 22 0.000000
BONE 23 0.000034
BONE 40 0.000156
BONE 25 0.000000
BONE 26 0.000006

VERT 20
OFFSET -8.318933, 1.416079, 47.460392
BONES 6
BONE 1 0.074388
BONE 5 0.491158
BONE 11 0.276865
BONE 17 0.156879
BONE 23 0.000008
BONE 40 0.000703

VERT 21
OFFSET -4.032613, -6.165350, 47.424000
BONES 7
BONE 1 0.139285
BONE 5 0.533376
BONE 11 0.260064
BONE 17 0.065977
BONE 23 0.001298
BONE 40 0.000000
BONE 8 0.000000

VERT 22
OFFSET 3.173355, -4.254864, 59.741810
BONES 4
BONE 5 0.000264
BONE 11 0.002608
BONE 17 0.997123
BONE 39 0.000005

VERT 23
OFFSET 2.910124, 2.412434, 63.387833
BONES 1
BONE 17 1.000000

VERT 24
OFFSET -3.003261, 2.209714, 63.284279
BONES 1
BONE 17 1.000000

VERT 25
OFFSET -3.232247, -4.019112, 60.244144
BONES 3
BONE 5 0.001045
BONE 11 0.006733
BONE 17 0.992222

VERT 26
OFFSET -4.177596, -6.024812, 53.649147
BONES 9
BONE 1 0.000615
BONE 5 0.154229
BONE 11 0.266671
BONE 17 0.443995
BONE 22 0.000023
BONE 23 0.065638
BONE 40 0.061032
BONE 25 0.000022
BONE 26 0.007774

VERT 27
OFFSET -4.237047, -0.473508, 62.902622
BONES 4
BONE 5 0.000002
BONE 11 0.000295
BONE 17 0.999411
BONE 40 0.000293

VERT 28
OFFSET 10.068434, 0.013717, 59.500801
BONES 5
BONE 11 0.000059
BONE 17 0.007415
BONE 22 0.560291
BONE 39 0.388268
BONE 25 0.043967

VERT 29
OFFSET 7.376186, 0.345896, 60.471489
BONES 5
BONE 11 0.000075
BONE 17 0.102261
BONE 22 0.546399
BONE 39 0.186489
BONE 25 0.164776

VERT 30
OFFSET 9.464496, 4.975180, 54.961750
BONES 6
BONE 5 0.008622
BONE 11 0.058446
BONE 17 0.119264
BONE 22 0.299208
BONE 39 0.505716
BONE 25 0.008743

VERT 31
OFFSET -0.588400, 6.828644, 56.530052
BONES 10
BONE 1 0.000000
BONE 5 0.072789
BONE 11 0.210330
BONE 17 0.586896
BONE 22 0.026468
BONE 39 0.000208
BONE 23 0.049227
BONE 40 0.001648
BONE 25 0.019452
BONE 26 0.032981

VERT 32
OFFSET -0.758740, 6.520978, 39.036560
BONES 4
BONE 1 0.973832
BONE 5 0.020994
BONE 11 0.005159
BONE 17 0.000015

VERT 33
OFFSET -0.264875, 3.342143, 63.017662
BONES 1
BONE 17 1.000000

VERT 34
OFFSET 4.308628, -0.607884, 62.743073
BONES 2
BONE 17 0.999999
BONE 39 0.000001

VERT 35
OFFSET -0.090648, 0.050100, 59.557335
BONES 5
BONE 11 0.000253
BONE 17 0.994296
BONE 22 0.001806
BONE 25 0.003374
BONE 26 0.000271

VERT 36
OFFSET 3.866484, -6.679074, 40.226189
BONES 5
BONE 1 0.806826
BONE 5 0.185632
BONE 11 0.003286
BONE 7 0.004252
BONE 8 0.000004

VERT 37
OFFSET 5.480008, 5.578569, 39.100151
BONES 4
BONE 1 0.955085
BONE 5 0.040732
BONE 11 0.004183
BONE 17 0.000000

VERT 38
OFFSET 5.403296, 5.466514, 47.685123
BONES 5
BONE 1 0.049117
BONE 5 0.488818
BONE 11 0.366339
BONE 17 0.095725
BONE 39 0.000000

VERT 39
OFFSET 5.950926, 6.349591, 56.029675
BONES 8
BONE 5 0.048398
BONE 11 0.160965
BONE 17 0.303614
BONE 22 0.292888
BONE 39 0.141209
BONE 23 0.000000
BONE 25 0.052922
BONE 26 0.000004

VERT 40
OFFSET 4.193944, -6.251626, 47.526142
BONES 6
BONE 1 0.117736
BONE 5 0.537532
BONE 11 0.268228
BONE 17 0.074207
BONE 22 0.002297
BONE 39 0.000000

VERT 41
OFFSET -5.876144, 6.356085, 55.988846
BONES 10
BONE 1 0.000064
BONE 5 0.048880
BONE 11 0.165650
BONE 17 0.320971
BONE 22 0.000007
BONE 39 0.000000
BONE 23 0.293652
BONE 40 0.120148
BONE 25 0.000058
BONE 26 0.050569

VERT 42
OFFSET -8.287044, -3.132699, 52.281033
BONES 7
BONE 1 0.000167
BONE 5 0.057415
BONE 11 0.099238
BONE 17 0.375391
BONE 23 0.071598
BONE 40 0.395708
BONE 26 0.000482

VERT 43
OFFSET -8.390461, 0.676769, 51.107033
BONES 7
BONE 1 0.003455
BONE 5 0.108318
BONE 11 0.229703
BONE 17 0.469528
BONE 23 0.015404
BONE 40 0.173585
BONE 26 0.000007

VERT 44
OFFSET 8.774966, -0.125253, 50.354034
BONES 8
BONE 1 0.000885
BONE 5 0.149569
BONE 11 0.214349
BONE 17 0.518472
BONE 22 0.002360
BONE 39 0.112920
BONE 40 0.001443
BONE 25 0.000001

VERT 45
OFFSET -4.055655, -6.192770, 40.092716
BONES 3
BONE 1 0.818149
BONE 5 0.177911
BONE 11 0.003940

VERT 46
OFFSET 6.195420, 0.089706, 55.320992
BONES 6
BONE 5 0.000043
BONE 11 0.023502
BONE 17 0.435976
BONE 22 0.095324
BONE 39 0.436776
BONE 25 0.008378

VERT 47
OFFSET -4.510296, 0.097474, 55.721649
BONES 6
BONE 5 0.000955
BONE 11 0.021322
BONE 17 0.403471
BONE 23 0.040045
BONE 40 0.531657
BONE 26 0.002549

VERT 48
OFFSET -0.659457, 6.723442, 47.682034
BONES 6
BONE 1 0.074901
BONE 5 0.444494
BONE 11 0.395358
BONE 17 0.085235
BONE 25 0.000000
BONE 26 0.000012

VERT 49
OFFSET 8.473142, 0.394143, 47.442822
BONES 7
BONE 1 0.063243
BONE 5 0.494140
BONE 11 0.249082
BONE 17 0.178846
BONE 22 0.000037
BONE 39 0.014568
BONE 40 0.000084

VERT 50
OFFSET 8.124032, -3.592753, 47.319138
BONES 5
BONE 1 0.087118
BONE 5 0.531853
BONE 11 0.240257
BONE 17 0.140350
BONE 39 0.000422

VERT 51
OFFSET -7.132116, -2.447826, 47.430088
BONES 7
BONE 1 0.092216
BONE 5 0.512025
BONE 11 0.241012
BONE 17 0.147175
BONE 23 0.000224
BONE 40 0.007349
BONE 8 0.000000

VERT 52
OFFSET -7.195970, -3.185259, 39.703312
BONES 5
BONE 1 0.788983
BONE 5 0.205888
BONE 11 0.004910
BONE 7 0.000000
BONE 8 0.000218

VERT 53
OFFSET 3.748947, -1.481974, 65.890625
BONES 1
BONE 30 1.000000

VERT 54
OFFSET 3.613576, -0.679191, 65.855949
BONES 1
BONE 30 1.000000

VERT 55
OFFSET 0.000000, -3.527450, 60.837219
BONES 1
BONE 30 1.000000

VERT 56
OFFSET 0.000000, -4.311633, 60.992786
BONES 1
BONE 30 1.000000

VERT 57
OFFSET 2.758975, -2.753776, 62.836018
BONES 1
BONE 30 1.000000

VERT 58
OFFSET 1.553269, -3.836030, 61.548550
BONES 1
BONE 30 1.000000

VERT 59
OFFSET 2.654827, -2.094899, 62.607834
BONES 1
BONE 30 1.000000

VERT 60
OFFSET 1.389596, -3.080591, 61.342766
BONES 1
BONE 30 1.000000

VERT 61
OFFSET 3.550435, -1.934294, 64.768799
BONES 1
BONE 30 1.000000

VERT 62
OFFSET 3.426201, -1.182846, 64.665100
BONES 1
BONE 30 1.000000

VERT 63
OFFSET -2.758974, -2.753775, 62.836018
BONES 1
BONE 30 1.000000

VERT 64
OFFSET -1.553270, -3.836030, 61.548553
BONES 1
BONE 30 1.000000

VERT 65
OFFSET -2.654826, -2.094898, 62.607834
BONES 1
BONE 30 1.000000

VERT 66
OFFSET -1.389597, -3.080591, 61.342766
BONES 1
BONE 30 1.000000

VERT 67
OFFSET -3.550436, -1.934294, 64.768799
BONES 1
BONE 30 1.000000

VERT 68
OFFSET -3.426202, -1.182846, 64.665100
BONES 1
BONE 30 1.000000

VERT 69
OFFSET -3.748948, -1.481972, 65.890625
BONES 1
BONE 30 1.000000

VERT 70
OFFSET -3.613577, -0.679192, 65.855949
BONES 1
BONE 30 1.000000

VERT 71
OFFSET 0.000000, 2.876674, 69.347679
BONES 1
BONE 30 1.000000

VERT 72
OFFSET 0.000000, 0.216655, 71.166733
BONES 1
BONE 30 1.000000

VERT 73
OFFSET 2.764679, 0.084995, 70.288147
BONES 1
BONE 30 1.000000

VERT 74
OFFSET 2.218311, 2.522066, 68.888054
BONES 1
BONE 30 1.000000

VERT 75
OFFSET 4.210107, -0.652277, 66.203339
BONES 1
BONE 30 1.000000

VERT 76
OFFSET 0.000000, -6.097125, 67.535698
BONES 1
BONE 30 1.000000

VERT 77
OFFSET 0.000000, -3.638767, 71.202255
BONES 1
BONE 30 1.000000

VERT 78
OFFSET 2.770903, -4.897274, 67.332878
BONES 1
BONE 30 1.000000

VERT 79
OFFSET 1.679369, -3.515582, 70.858185
BONES 1
BONE 30 1.000000

VERT 80
OFFSET 2.974831, -5.095718, 66.759254
BONES 1
BONE 30 1.000000

VERT 81
OFFSET 0.000000, -6.819988, 66.944786
BONES 1
BONE 30 1.000000

VERT 82
OFFSET 2.930539, 2.626007, 65.602448
BONES 1
BONE 30 1.000000

VERT 83
OFFSET 4.110597, -2.122366, 65.462059
BONES 1
BONE 30 1.000000

VERT 84
OFFSET 0.000000, 3.413001, 65.477592
BONES 1
BONE 30 1.000000

VERT 85
OFFSET 3.937341, 0.299199, 65.151505
BONES 1
BONE 30 1.000000

VERT 86
OFFSET 2.955528, 2.440262, 65.120071
BONES 1
BONE 30 1.000000

VERT 87
OFFSET 0.000000, 3.211315, 65.002213
BONES 1
BONE 30 1.000000

VERT 88
OFFSET -2.930539, 2.626007, 65.602448
BONES 1
BONE 30 1.000000

VERT 89
OFFSET -2.218311, 2.522066, 68.888054
BONES 1
BONE 30 1.000000

VERT 90
OFFSET -2.764679, 0.084995, 70.288147
BONES 1
BONE 30 1.000000

VERT 91
OFFSET -2.770903, -4.897274, 67.332878
BONES 1
BONE 30 1.000000

VERT 92
OFFSET -1.679369, -3.515582, 70.858185
BONES 1
BONE 30 1.000000

VERT 93
OFFSET -2.974831, -5.095718, 66.759254
BONES 1
BONE 30 1.000000

VERT 94
OFFSET -4.071888, -0.469975, 65.043465
BONES 1
BONE 30 1.000000

VERT 95
OFFSET -2.955528, 2.440262, 65.120071
BONES 1
BONE 30 1.000000

VERT 96
OFFSET -4.186960, -0.549523, 66.168549
BONES 1
BONE 30 1.000000

VERT 97
OFFSET -4.013638, -2.979978, 65.985115
BONES 1
BONE 30 1.000000

VERT 98
OFFSET -4.852455, -4.785912, 40.177132
BONES 2
BONE 1 0.900000
BONE 5 0.100000

VERT 99
OFFSET -3.872062, -4.952410, 39.975842
BONES 2
BONE 1 0.900000
BONE 5 0.100000

VERT 100
OFFSET -3.968147, -5.703142, 40.034168
BONES 2
BONE 1 0.900000
BONE 5 0.100000

VERT 101
OFFSET -5.580807, -4.793384, 39.450012
BONES 2
BONE 1 0.900000
BONE 5 0.100000

VERT 102
OFFSET -7.040712, -4.967891, 35.704689
BONES 2
BONE 1 0.900000
BONE 5 0.100000

VERT 103
OFFSET -4.955614, -5.592017, 40.239773
BONES 2
BONE 1 0.900000
BONE 5 0.100000

VERT 104
OFFSET -4.074070, -4.998792, 39.108624
BONES 2
BONE 1 0.900000
BONE 5 0.100000

VERT 105
OFFSET -5.378700, -4.787299, 39.376060
BONES 2
BONE 1 0.900000
BONE 5 0.100000

VERT 106
OFFSET -5.479508, -5.574860, 39.437244
BONES 2
BONE 1 0.900000
BONE 5 0.100000

VERT 107
OFFSET -4.168929, -5.739927, 39.166214
BONES 2
BONE 1 0.900000
BONE 5 0.100000

VERT 108
OFFSET -3.388873, -4.737240, 38.789932
BONES 2
BONE 1 0.900000
BONE 5 0.100000

VERT 109
OFFSET -4.143696, -4.054728, 38.916462
BONES 2
BONE 1 0.900000
BONE 5 0.100000

VERT 110
OFFSET -5.144455, -4.112129, 39.132725
BONES 2
BONE 1 0.900000
BONE 5 0.100000

VERT 111
OFFSET -5.771565, -5.387124, 39.330692
BONES 2
BONE 1 0.900000
BONE 5 0.100000

VERT 112
OFFSET -4.983384, -6.580942, 39.222824
BONES 2
BONE 1 0.900000
BONE 5 0.100000

VERT 113
OFFSET -3.982619, -6.523540, 39.006577
BONES 2
BONE 1 0.900000
BONE 5 0.100000

VERT 114
OFFSET -3.322150, -5.759855, 38.827267
BONES 2
BONE 1 0.900000
BONE 5 0.100000

VERT 115
OFFSET -4.484990, -6.036711, 33.356514
BONES 2
BONE 1 0.900000
BONE 5 0.100000

VERT 116
OFFSET -5.146556, -6.801673, 33.536137
BONES 2
BONE 1 0.900000
BONE 5 0.100000

VERT 117
OFFSET -6.148980, -6.859168, 33.752785
BONES 2
BONE 1 0.900000
BONE 5 0.100000

VERT 118
OFFSET -6.938473, -5.663356, 33.860855
BONES 2
BONE 1 0.900000
BONE 5 0.100000

VERT 119
OFFSET -6.310319, -4.386237, 33.662552
BONES 2
BONE 1 0.900000
BONE 5 0.100000

VERT 120
OFFSET -5.307895, -4.328741, 33.445904
BONES 2
BONE 1 0.900000
BONE 5 0.100000

VERT 121
OFFSET -4.551818, -5.012391, 33.319141
BONES 2
BONE 1 0.900000
BONE 5 0.100000

VERT 122
OFFSET -7.115140, -5.549429, 35.749889
BONES 2
BONE 1 0.900000
BONE 5 0.100000

VERT 123
OFFSET -5.672972, -5.513529, 39.505962
BONES 2
BONE 1 0.900000
BONE 5 0.100000

VERT 124
OFFSET -2.732814, -6.163561, 40.091190
BONES 2
BONE 1 0.900000
BONE 5 0.100000

VERT 125
OFFSET -2.951144, -5.183570, 39.945034
BONES 2
BONE 1 0.900000
BONE 5 0.100000

VERT 126
OFFSET -2.214108, -5.004592, 39.913757
BONES 2
BONE 1 0.900000
BONE 5 0.100000

VERT 127
OFFSET -2.561519, -6.818983, 39.316376
BONES 2
BONE 1 0.900000
BONE 5 0.100000

VERT 128
OFFSET -2.363795, -8.008960, 35.477879
BONES 2
BONE 1 0.900000
BONE 5 0.100000

VERT 129
OFFSET -1.941420, -5.971370, 40.057613
BONES 2
BONE 1 0.900000
BONE 5 0.100000

VERT 130
OFFSET -2.947939, -5.330108, 39.065525
BONES 2
BONE 1 0.900000
BONE 5 0.100000

VERT 131
OFFSET -2.648128, -6.630567, 39.258484
BONES 2
BONE 1 0.900000
BONE 5 0.100000

VERT 132
OFFSET -1.874935, -6.442815, 39.225670
BONES 2
BONE 1 0.900000
BONE 5 0.100000

VERT 133
OFFSET -2.220323, -5.153420, 39.034649
BONES 2
BONE 1 0.900000
BONE 5 0.100000

VERT 134
OFFSET -3.473508, -4.776086, 38.828243
BONES 2
BONE 1 0.900000
BONE 5 0.100000

VERT 135
OFFSET -3.822651, -5.729333, 38.973171
BONES 2
BONE 1 0.900000
BONE 5 0.100000

VERT 136
OFFSET -3.387751, -6.648146, 39.108200
BONES 2
BONE 1 0.900000
BONE 5 0.100000

VERT 137
OFFSET -1.959237, -6.779657, 39.119240
BONES 2
BONE 1 0.900000
BONE 5 0.100000

VERT 138
OFFSET -1.145766, -5.611769, 38.939339
BONES 2
BONE 1 0.900000
BONE 5 0.100000

VERT 139
OFFSET -1.580664, -4.692953, 38.804317
BONES 2
BONE 1 0.900000
BONE 5 0.100000

VERT 140
OFFSET -2.544847, -4.346801, 38.758305
BONES 2
BONE 1 0.900000
BONE 5 0.100000

VERT 141
OFFSET -2.578661, -5.172906, 33.219860
BONES 2
BONE 1 0.900000
BONE 5 0.100000

VERT 142
OFFSET -1.612868, -5.519631, 33.265965
BONES 2
BONE 1 0.900000
BONE 5 0.100000

VERT 143
OFFSET -1.177243, -6.439973, 33.401241
BONES 2
BONE 1 0.900000
BONE 5 0.100000

VERT 144
OFFSET -1.992072, -7.609807, 33.581474
BONES 2
BONE 1 0.900000
BONE 5 0.100000

VERT 145
OFFSET -3.422968, -7.478076, 33.570412
BONES 2
BONE 1 0.900000
BONE 5 0.100000

VERT 146
OFFSET -3.858593, -6.557736, 33.435135
BONES 2
BONE 1 0.900000
BONE 5 0.100000

VERT 147
OFFSET -3.508869, -5.602902, 33.289932
BONES 2
BONE 1 0.900000
BONE 5 0.100000

VERT 148
OFFSET -1.792865, -7.870317, 35.453659
BONES 2
BONE 1 0.900000
BONE 5 0.100000

VERT 149
OFFSET -1.854515, -6.647292, 39.286373
BONES 2
BONE 1 0.900000
BONE 5 0.100000

VERT 150
OFFSET 5.339569, -5.183096, 59.532242
BONES 2
BONE 17 0.600000
BONE 22 0.400000

VERT 151
OFFSET 5.448067, -5.181418, 59.524883
BONES 2
BONE 17 0.600000
BONE 22 0.400000

VERT 152
OFFSET 5.455745, -5.023459, 59.674240
BONES 2
BONE 17 0.600000
BONE 22 0.400000

VERT 153
OFFSET 5.155483, -5.107020, 59.619652
BONES 2
BONE 17 0.600000
BONE 22 0.400000

VERT 154
OFFSET 5.163162, -4.949073, 59.769005
BONES 2
BONE 17 0.600000
BONE 22 0.400000

VERT 155
OFFSET 5.354925, -4.867184, 59.830948
BONES 2
BONE 17 0.600000
BONE 22 0.400000

VERT 156
OFFSET 5.463423, -4.865504, 59.823597
BONES 2
BONE 17 0.600000
BONE 22 0.400000

VERT 157
OFFSET 5.110084, -4.785607, 59.928596
BONES 2
BONE 17 0.600000
BONE 22 0.400000

VERT 158
OFFSET 5.467576, -4.780073, 59.904381
BONES 2
BONE 17 0.600000
BONE 22 0.400000

VERT 159
OFFSET 5.471420, -4.700980, 59.979164
BONES 2
BONE 17 0.600000
BONE 22 0.400000

VERT 160
OFFSET 5.005270, -4.708187, 60.010750
BONES 2
BONE 17 0.600000
BONE 22 0.400000

VERT 161
OFFSET 5.117773, -4.627412, 60.078175
BONES 2
BONE 17 0.600000
BONE 22 0.400000

VERT 162
OFFSET 5.475265, -4.621889, 60.053944
BONES 2
BONE 17 0.600000
BONE 22 0.400000

VERT 163
OFFSET 5.374868, -4.456887, 60.218895
BONES 2
BONE 17 0.600000
BONE 22 0.400000

VERT 164
OFFSET 5.483366, -4.455219, 60.211533
BONES 2
BONE 17 0.600000
BONE 22 0.400000

VERT 165
OFFSET 5.491045, -4.297263, 60.360886
BONES 2
BONE 17 0.600000
BONE 22 0.400000

VERT 166
OFFSET 5.190784, -4.380815, 60.306309
BONES 2
BONE 17 0.600000
BONE 22 0.400000

VERT 167
OFFSET 5.198462, -4.222868, 60.455650
BONES 2
BONE 17 0.600000
BONE 22 0.400000

VERT 168
OFFSET 5.390225, -4.140976, 60.517601
BONES 2
BONE 17 0.600000
BONE 22 0.400000

VERT 169
OFFSET 5.498723, -4.139304, 60.510246
BONES 2
BONE 17 0.600000
BONE 22 0.400000

VERT 170
OFFSET 5.405239, -3.832099, 60.809658
BONES 2
BONE 17 0.600000
BONE 22 0.400000

VERT 171
OFFSET 5.513737, -3.830425, 60.802299
BONES 2
BONE 17 0.600000
BONE 22 0.400000

VERT 172
OFFSET 5.521414, -3.672470, 60.951656
BONES 2
BONE 17 0.600000
BONE 22 0.400000

VERT 173
OFFSET 5.221155, -3.756033, 60.897068
BONES 2
BONE 17 0.600000
BONE 22 0.400000

VERT 174
OFFSET 5.228832, -3.598079, 61.046417
BONES 2
BONE 17 0.600000
BONE 22 0.400000

VERT 175
OFFSET 5.420595, -3.516195, 61.108360
BONES 2
BONE 17 0.600000
BONE 22 0.400000

VERT 176
OFFSET 5.529093, -3.514515, 61.101006
BONES 2
BONE 17 0.600000
BONE 22 0.400000

VERT 177
OFFSET 5.089921, -3.286251, 61.353970
BONES 2
BONE 17 0.600000
BONE 22 0.400000

VERT 178
OFFSET 5.082805, -3.432666, 61.215523
BONES 2
BONE 17 0.600000
BONE 22 0.400000

VERT 179
OFFSET 5.533411, -3.425696, 61.184982
BONES 2
BONE 17 0.600000
BONE 22 0.400000

VERT 180
OFFSET 5.540528, -3.279276, 61.323437
BONES 2
BONE 17 0.600000
BONE 22 0.400000

VERT 181
OFFSET 6.077595, -5.230509, 59.426365
BONES 2
BONE 17 0.600000
BONE 22 0.400000

VERT 182
OFFSET 5.332297, -5.099354, 59.444061
BONES 2
BONE 17 0.600000
BONE 22 0.400000

VERT 183
OFFSET 5.440796, -5.097686, 59.436695
BONES 2
BONE 17 0.600000
BONE 22 0.400000

VERT 184
OFFSET 5.148212, -5.023279, 59.531471
BONES 2
BONE 17 0.600000
BONE 22 0.400000

VERT 185
OFFSET 5.155890, -4.865331, 59.680824
BONES 2
BONE 17 0.600000
BONE 22 0.400000

VERT 186
OFFSET 5.347652, -4.783447, 59.742764
BONES 2
BONE 17 0.600000
BONE 22 0.400000

VERT 187
OFFSET 5.456151, -4.781771, 59.735405
BONES 2
BONE 17 0.600000
BONE 22 0.400000

VERT 188
OFFSET 5.460304, -4.696341, 59.816185
BONES 2
BONE 17 0.600000
BONE 22 0.400000

VERT 189
OFFSET 4.961796, -4.207539, 59.483509
BONES 2
BONE 17 0.600000
BONE 22 0.400000

VERT 190
OFFSET 5.066609, -4.284959, 59.401348
BONES 2
BONE 17 0.600000
BONE 22 0.400000

VERT 191
OFFSET 5.074300, -4.126772, 59.550919
BONES 2
BONE 17 0.600000
BONE 22 0.400000

VERT 192
OFFSET 5.467994, -4.538149, 59.965763
BONES 2
BONE 17 0.600000
BONE 22 0.400000

VERT 193
OFFSET 5.431793, -4.121240, 59.526699
BONES 2
BONE 17 0.600000
BONE 22 0.400000

VERT 194
OFFSET 5.367596, -4.373154, 60.130703
BONES 2
BONE 17 0.600000
BONE 22 0.400000

VERT 195
OFFSET 5.476095, -4.371478, 60.123352
BONES 2
BONE 17 0.600000
BONE 22 0.400000

VERT 196
OFFSET 5.183514, -4.297081, 60.218124
BONES 2
BONE 17 0.600000
BONE 22 0.400000

VERT 197
OFFSET 5.191192, -4.139125, 60.367477
BONES 2
BONE 17 0.600000
BONE 22 0.400000

VERT 198
OFFSET 5.382953, -4.057249, 60.429409
BONES 2
BONE 17 0.600000
BONE 22 0.400000

VERT 199
OFFSET 5.491450, -4.055567, 60.422062
BONES 2
BONE 17 0.600000
BONE 22 0.400000

VERT 200
OFFSET 5.397969, -3.748362, 60.721470
BONES 2
BONE 17 0.600000
BONE 22 0.400000

VERT 201
OFFSET 5.506466, -3.746684, 60.714127
BONES 2
BONE 17 0.600000
BONE 22 0.400000

VERT 202
OFFSET 5.213884, -3.672294, 60.808876
BONES 2
BONE 17 0.600000
BONE 22 0.400000

VERT 203
OFFSET 5.221561, -3.514341, 60.958233
BONES 2
BONE 17 0.600000
BONE 22 0.400000

VERT 204
OFFSET 5.413324, -3.432455, 61.020180
BONES 2
BONE 17 0.600000
BONE 22 0.400000

VERT 205
OFFSET 5.521821, -3.430778, 61.012829
BONES 2
BONE 17 0.600000
BONE 22 0.400000

VERT 206
OFFSET 5.526139, -3.341957, 61.096809
BONES 2
BONE 17 0.600000
BONE 22 0.400000

VERT 207
OFFSET 6.165801, -3.415912, 61.142136
BONES 2
BONE 17 0.600000
BONE 22 0.400000

VERT 208
OFFSET 6.078935, -3.284211, 61.274357
BONES 2
BONE 17 0.600000
BONE 22 0.400000

VERT 209
OFFSET 5.424101, -4.279433, 59.377117
BONES 2
BONE 17 0.600000
BONE 22 0.400000

VERT 210
OFFSET 5.445205, -5.240279, 59.469231
BONES 2
BONE 17 0.600000
BONE 22 0.400000

VERT 211
OFFSET 5.559357, -3.823475, 60.692356
BONES 2
BONE 17 0.600000
BONE 22 0.400000

VERT 212
OFFSET 5.388841, -3.859035, 60.672649
BONES 2
BONE 17 0.600000
BONE 22 0.400000

VERT 213
OFFSET 5.349721, -3.408527, 60.198196
BONES 2
BONE 17 0.600000
BONE 22 0.400000

VERT 214
OFFSET 5.520237, -3.372970, 60.217899
BONES 2
BONE 17 0.600000
BONE 22 0.400000

VERT 215
OFFSET 5.063128, -3.290099, 60.334278
BONES 2
BONE 17 0.600000
BONE 22 0.400000

VERT 216
OFFSET 5.102249, -3.740609, 60.808739
BONES 2
BONE 17 0.600000
BONE 22 0.400000

VERT 217
OFFSET 5.075082, -3.044183, 60.566803
BONES 2
BONE 17 0.600000
BONE 22 0.400000

VERT 218
OFFSET 5.114202, -3.494702, 61.041252
BONES 2
BONE 17 0.600000
BONE 22 0.400000

VERT 219
OFFSET 5.373625, -2.916700, 60.663239
BONES 2
BONE 17 0.600000
BONE 22 0.400000

VERT 220
OFFSET 5.412746, -3.367218, 61.137688
BONES 2
BONE 17 0.600000
BONE 22 0.400000

VERT 221
OFFSET 5.580058, -3.397553, 61.095085
BONES 2
BONE 17 0.600000
BONE 22 0.400000

VERT 222
OFFSET 5.540937, -2.947030, 60.620647
BONES 2
BONE 17 0.600000
BONE 22 0.400000

VERT 223
OFFSET 5.400794, -3.613132, 60.905163
BONES 2
BONE 17 0.600000
BONE 22 0.400000

VERT 224
OFFSET 5.532371, -4.452919, 60.105106
BONES 2
BONE 17 0.600000
BONE 22 0.400000

VERT 225
OFFSET 5.358765, -4.489126, 60.085041
BONES 2
BONE 17 0.600000
BONE 22 0.400000

VERT 226
OFFSET 5.318936, -4.030440, 59.602001
BONES 2
BONE 17 0.600000
BONE 22 0.400000

VERT 227
OFFSET 5.492541, -3.994246, 59.622047
BONES 2
BONE 17 0.600000
BONE 22 0.400000

VERT 228
OFFSET 5.027152, -3.909868, 59.740547
BONES 2
BONE 17 0.600000
BONE 22 0.400000

VERT 229
OFFSET 5.066981, -4.368551, 60.223595
BONES 2
BONE 17 0.600000
BONE 22 0.400000

VERT 230
OFFSET 5.039323, -3.659501, 59.977272
BONES 2
BONE 17 0.600000
BONE 22 0.400000

VERT 231
OFFSET 5.079152, -4.118174, 60.460323
BONES 2
BONE 17 0.600000
BONE 22 0.400000

VERT 232
OFFSET 5.343277, -3.529711, 60.075455
BONES 2
BONE 17 0.600000
BONE 22 0.400000

VERT 233
OFFSET 5.383105, -3.988382, 60.558506
BONES 2
BONE 17 0.600000
BONE 22 0.400000

VERT 234
OFFSET 5.553449, -4.019273, 60.515133
BONES 2
BONE 17 0.600000
