// Export filename: 'C:/projects/cod/t5/model_export/cuban/characters/cod7/tropas/mp/_c_cub_tropas_mp_body_standard_LOD1.XMODEL_EXPORT'
// Source filename: 'd:/projects/devart/t5/model_export/cuban/characters/cod7/tropas/mp/_c_cub_tropas_mp_standard.ma'
// Export time: Sat Sep 11 15:57:55 2010
MODEL
VERSION 6

NUMBONES 77
BONE 0 -1 "TAG_ORIGIN"
BONE 1 0 "J_MainRoot"
BONE 2 0 "TAG_SYNC"
BONE 3 1 "J_Hip_LE"
BONE 4 1 "J_Hip_RI"
BONE 5 1 "J_SpineLower"
BONE 6 3 "J_HipTwist_LE"
BONE 7 4 "J_HipTwist_RI"
BONE 8 3 "J_Knee_LE"
BONE 9 4 "J_Knee_RI"
BONE 10 5 "J_SpineUpper"
BONE 11 5 "TAG_STOWED_DEPLOY"
BONE 12 5 "TAG_STOWED_LETHAL"
BONE 13 5 "TAG_STOWED_TACTICAL"
BONE 14 8 "J_Ankle_LE"
BONE 15 9 "J_Ankle_RI"
BONE 16 8 "J_Knee_Bulge_LE"
BONE 17 9 "J_Knee_Bulge_RI"
BONE 18 10 "J_Spine4"
BONE 19 10 "TAG_STOWED_BACKPACK"
BONE 20 14 "J_Ball_LE"
BONE 21 15 "J_Ball_RI"
BONE 22 18 "J_Clavicle_LE"
BONE 23 18 "J_Clavicle_RI"
BONE 24 18 "J_Neck"
BONE 25 18 "J_ShoulderRaise_LE"
BONE 26 18 "J_ShoulderRaise_RI"
BONE 27 18 "TAG_INHAND"
BONE 28 18 "TAG_STOWED_BACK"
BONE 29 18 "TAG_WEAPON_CHEST"
BONE 30 24 "J_Head"
BONE 31 22 "J_Shoulder_LE"
BONE 32 23 "J_Shoulder_RI"
BONE 33 31 "J_Elbow_Bulge_LE"
BONE 34 32 "J_Elbow_Bulge_RI"
BONE 35 31 "J_Elbow_LE"
BONE 36 32 "J_Elbow_RI"
BONE 37 30 "J_Head_END"
BONE 38 31 "J_ShoulderTwist_LE"
BONE 39 32 "J_ShoulderTwist_RI"
BONE 40 37 "J_Helmet"
BONE 41 35 "J_Wrist_LE"
BONE 42 36 "J_Wrist_RI"
BONE 43 35 "J_WristTwist_LE"
BONE 44 36 "J_WristTwist_RI"
BONE 45 41 "J_Index_LE_1"
BONE 46 42 "J_Index_RI_1"
BONE 47 41 "J_Mid_LE_1"
BONE 48 42 "J_Mid_RI_1"
BONE 49 41 "J_Pinky_LE_1"
BONE 50 42 "J_Pinky_RI_1"
BONE 51 41 "J_Ring_LE_1"
BONE 52 42 "J_Ring_RI_1"
BONE 53 41 "J_Thumb_LE_1"
BONE 54 42 "J_Thumb_RI_1"
BONE 55 41 "TAG_WEAPON_LEFT"
BONE 56 42 "TAG_WEAPON_RIGHT"
BONE 57 45 "J_Index_LE_2"
BONE 58 46 "J_Index_RI_2"
BONE 59 47 "J_Mid_LE_2"
BONE 60 48 "J_Mid_RI_2"
BONE 61 49 "J_Pinky_LE_2"
BONE 62 50 "J_Pinky_RI_2"
BONE 63 51 "J_Ring_LE_2"
BONE 64 52 "J_Ring_RI_2"
BONE 65 53 "J_Thumb_LE_2"
BONE 66 54 "J_Thumb_RI_2"
BONE 67 57 "J_Index_LE_3"
BONE 68 58 "J_Index_RI_3"
BONE 69 59 "J_Mid_LE_3"
BONE 70 60 "J_Mid_RI_3"
BONE 71 61 "J_Pinky_LE_3"
BONE 72 62 "J_Pinky_RI_3"
BONE 73 63 "J_Ring_LE_3"
BONE 74 64 "J_Ring_RI_3"
BONE 75 65 "J_Thumb_LE_3"
BONE 76 66 "J_Thumb_RI_3"

BONE 0
OFFSET 0.000002, -2.222000, 0.000042
SCALE 1.000000, 1.000000, 1.000000
X -0.000000, -1.000000, -0.000001
Y 1.000000, -0.000000, 0.000000
Z -0.000000, -0.000001, 1.000000

BONE 1
OFFSET 0.000082, 1.218927, 37.228020
SCALE 1.000000, 1.000000, 1.000000
X 0.000005, 0.024825, 0.999692
Y 0.000006, -0.999692, 0.024825
Z 1.000000, 0.000006, -0.000005

BONE 2
OFFSET 0.000002, -2.219720, 0.000042
SCALE 1.000000, 1.000000, 1.000000
X -0.000000, -1.000000, -0.000003
Y 1.000000, -0.000000, 0.000000
Z -0.000000, -0.000003, 1.000000

BONE 3
OFFSET 4.865472, 1.218951, 37.228016
SCALE 1.000000, 1.000000, 1.000000
X -0.008941, 0.033879, -0.999386
Y -0.004877, -0.999415, -0.033837
Z -0.999948, 0.004571, 0.009101

BONE 4
OFFSET -4.865293, 1.218927, 37.227978
SCALE 1.000000, 1.000000, 1.000000
X -0.008909, -0.033842, 0.999388
Y -0.004870, 0.999417, 0.033800
Z -0.999948, -0.004566, -0.009069

BONE 5
OFFSET 0.000089, 1.148792, 42.432632
SCALE 1.000000, 1.000000, 1.000000
X 0.000001, 0.029870, 0.999554
Y -0.000002, -0.999554, 0.029870
Z 1.000000, -0.000002, -0.000001

BONE 6
OFFSET 4.837310, 1.325658, 34.080341
SCALE 1.000000, 1.000000, 1.000000
X -0.008941, 0.033879, -0.999386
Y -0.004864, -0.999416, -0.033837
Z -0.999948, 0.004558, 0.009101

BONE 7
OFFSET -4.837236, 1.325506, 34.080624
SCALE 1.000000, 1.000000, 1.000000
X -0.008909, -0.033842, 0.999388
Y -0.004874, 0.999417, 0.033800
Z -0.999948, -0.004570, -0.009069

BONE 8
OFFSET 4.708874, 1.812570, 19.727123
SCALE 1.000000, 1.000000, 1.000000
X -0.008203, 0.166937, -0.985933
Y -0.006021, -0.985957, -0.166891
Z -0.999948, 0.004567, 0.009093

BONE 9
OFFSET -4.708568, 1.812141, 19.727461
SCALE 1.000000, 1.000000, 1.000000
X -0.008167, -0.166975, 0.985927
Y -0.006022, 0.985950, 0.166929
Z -0.999949, -0.004574, -0.009057

BONE 10
OFFSET 0.000094, 1.131313, 47.652164
SCALE 1.000000, 1.000000, 1.000000
X 0.000003, -0.020406, 0.999792
Y 0.000005, -0.999792, -0.020406
Z 1.000000, 0.000006, -0.000003

BONE 11
OFFSET 2.139196, 5.207671, 41.041016
SCALE 1.000000, 1.000000, 1.000000
X 0.230530, 0.963082, 0.139031
Y -0.970569, 0.237808, -0.038000
Z -0.069659, -0.126179, 0.989559

BONE 12
OFFSET 2.391771, -5.582344, 42.004383
SCALE 1.000000, 1.000000, 1.000000
X 0.506552, -0.824031, -0.253728
Y 0.849568, 0.426816, 0.309940
Z -0.147105, -0.372559, 0.916275

BONE 13
OFFSET -2.719887, -5.064116, 41.606457
SCALE 1.000000, 1.000000, 1.000000
X -0.320003, -0.925791, -0.201269
Y 0.772357, -0.131887, -0.621345
Z 0.548691, -0.354284, 0.757246

BONE 14
OFFSET 4.584381, 4.343949, 4.776942
SCALE 1.000000, 1.000000, 1.000000
X -0.000000, -0.008729, -0.999962
Y 0.016577, -0.999824, 0.008728
Z -0.999863, -0.016577, 0.000145

BONE 15
OFFSET -4.584069, 4.344151, 4.777238
SCALE 1.000000, 1.000000, 1.000000
X 0.000009, 0.008730, 0.999962
Y 0.016581, 0.999824, -0.008729
Z -0.999862, 0.016581, -0.000136

BONE 16
OFFSET 4.700433, -0.061928, 19.740456
SCALE 1.000000, 1.000000, 1.000000
X -0.000006, 0.029848, 0.999554
Y -0.000002, -0.999554, 0.029848
Z 1.000000, -0.000002, 0.000006

BONE 17
OFFSET -4.688321, -0.066477, 19.765478
SCALE 1.000000, 1.000000, 1.000000
X -0.000042, -0.029855, -0.999554
Y -0.000010, 0.999554, -0.029855
Z 1.000000, 0.000009, -0.000042

BONE 18
OFFSET 0.000090, 1.067745, 51.758411
SCALE 1.000000, 1.000000, 1.000000
X 0.000002, -0.047080, 0.998891
Y 0.000010, -0.998891, -0.047080
Z 1.000000, 0.000011, -0.000001

BONE 19
OFFSET 0.002056, 7.939955, 50.851307
SCALE 1.000000, 1.000000, 1.000000
X -0.002312, 0.998623, 0.052401
Y -0.999994, -0.002453, 0.002620
Z 0.002745, -0.052394, 0.998623

BONE 20
OFFSET 4.746620, -1.234840, 0.330913
SCALE 1.000000, 1.000000, 1.000000
X 0.016342, -0.983115, 0.182258
Y -0.002855, 0.182235, 0.983251
Z -0.999862, -0.016588, 0.000171

BONE 21
OFFSET -4.746290, -1.234591, 0.331138
SCALE 1.000000, 1.000000, 1.000000
X 0.016296, 0.983125, -0.182210
Y -0.002898, -0.182187, -0.983260
Z -0.999863, 0.016551, -0.000120

BONE 22
OFFSET 1.356609, 1.015539, 56.400341
SCALE 1.000000, 1.000000, 1.000000
X 0.997183, -0.019399, 0.072449
Y 0.018071, 0.999657, 0.018947
Z -0.072792, -0.017584, 0.997192

BONE 23
OFFSET -1.356719, 1.015542, 56.400444
SCALE 1.000000, 1.000000, 1.000000
X 0.997186, 0.019411, -0.072414
Y 0.018084, -0.999657, -0.018932
Z -0.072757, 0.017569, -0.997195

BONE 24
OFFSET 0.000058, 0.503915, 60.542107
SCALE 1.000000, 1.000000, 1.000000
X 0.000005, -0.309757, 0.950816
Y 0.000009, -0.950816, -0.309757
Z 1.000000, 0.000010, -0.000002

BONE 25
OFFSET 4.025334, 0.920922, 58.859638
SCALE 1.000000, 1.000000, 1.000000
X -0.997186, 0.019392, -0.072414
Y -0.018067, -0.999658, -0.018910
Z -0.072756, -0.017549, 0.997195

BONE 26
OFFSET -4.025115, 0.920835, 58.859825
SCALE 1.000000, 1.000000, 1.000000
X -0.997185, -0.019413, 0.072417
Y -0.018088, 0.999658, 0.018910
Z -0.072759, 0.017547, -0.997195

BONE 27
OFFSET -28.519920, -12.713210, 38.935009
SCALE 1.000000, 1.000000, 1.000000
X 1.000000, 0.000011, -0.000001
Y 0.000007, -0.764281, -0.644884
Z -0.000008, 0.644884, -0.764281

BONE 28
OFFSET -3.222345, 7.041074, 50.952930
SCALE 1.000000, 1.000000, 1.000000
X -0.083352, 0.038091, -0.995792
Y 0.176876, -0.982837, -0.052401
Z -0.980697, -0.180500, 0.075184

BONE 29
OFFSET -28.519920, -12.713210, 38.935009
SCALE 1.000000, 1.000000, 1.000000
X 0.000011, -1.000000, 0.000001
Y 1.000000, 0.000011, -0.000001
Z 0.000001, 0.000001, 1.000000

BONE 30
OFFSET 0.000057, -0.306903, 63.520969
SCALE 1.000000, 1.000000, 1.000000
X -0.000007, -0.216434, 0.976297
Y 0.000005, -0.976297, -0.216434
Z 1.000000, 0.000004, 0.000008

BONE 31
OFFSET 7.725458, 0.891629, 56.863182
SCALE 1.000000, 1.000000, 1.000000
X 0.662981, -0.260696, -0.701779
Y 0.273873, 0.956889, -0.096732
Z 0.696743, -0.128067, 0.705796

BONE 32
OFFSET -7.725506, 0.891564, 56.862965
SCALE 1.000000, 1.000000, 1.000000
X 0.662960, 0.260726, 0.701788
Y 0.273916, -0.956876, 0.096734
Z 0.696745, 0.128101, -0.705788

BONE 33
OFFSET 15.846270, -1.632336, 48.642548
SCALE 1.000000, 1.000000, 1.000000
X 0.294563, -0.846066, -0.444303
Y 0.654051, 0.517466, -0.551767
Z 0.696743, -0.128067, 0.705796

BONE 34
OFFSET -15.846113, -1.632834, 48.642265
SCALE 1.000000, 1.000000, 1.000000
X 0.294518, 0.846079, 0.444308
Y 0.654068, -0.517437, 0.551773
Z 0.696745, 0.128101, -0.705788

BONE 35
OFFSET 15.742274, -1.805675, 48.713013
SCALE 1.000000, 1.000000, 1.000000
X 0.294845, -0.845858, -0.444512
Y 0.653923, 0.517813, -0.551593
Z 0.696743, -0.128042, 0.705801

BONE 36
OFFSET -15.742270, -1.806072, 48.712933
SCALE 1.000000, 1.000000, 1.000000
X 0.294819, 0.845861, 0.444523
Y 0.653933, -0.517800, 0.551592
Z 0.696745, 0.128069, -0.705794

BONE 37
OFFSET -0.000527, -1.399727, 69.807846
SCALE 1.000000, 1.000000, 1.000000
X -0.000007, -0.216434, 0.976297
Y 0.000005, -0.976297, -0.216434
Z 1.000000, 0.000004, 0.000008

BONE 38
OFFSET 8.032188, 0.771017, 56.538502
SCALE 1.000000, 1.000000, 1.000000
X 0.662981, -0.260696, -0.701779
Y 0.273875, 0.956889, -0.096730
Z 0.696742, -0.128070, 0.705797

BONE 39
OFFSET -8.001591, 0.782987, 56.570709
SCALE 1.000000, 1.000000, 1.000000
X 0.662960, 0.260726, 0.701788
Y 0.273908, -0.956878, 0.096742
Z 0.696748, 0.128089, -0.705787

BONE 40
OFFSET -0.000540, -0.362329, 71.243195
SCALE 1.000000, 1.000000, 1.000000
X 0.000005, -0.999048, 0.043625
Y 1.000000, 0.000005, 0.000005
Z -0.000005, 0.043625, 0.999048

BONE 41
OFFSET 18.585669, -10.419226, 44.089733
SCALE 1.000000, 1.000000, 1.000000
X 0.299004, -0.782064, -0.546784
Y -0.792522, 0.115636, -0.598779
Z 0.531512, 0.612376, -0.585227

BONE 42
OFFSET -18.585567, -10.419399, 44.089657
SCALE 1.000000, 1.000000, 1.000000
X 0.299011, 0.782058, 0.546788
Y -0.792524, -0.115633, 0.598778
Z 0.531506, -0.612384, 0.585224

BONE 43
OFFSET 17.753496, -7.897926, 45.442410
SCALE 1.000000, 1.000000, 1.000000
X 0.294846, -0.845857, -0.444513
Y 0.653930, 0.517812, -0.551585
Z 0.696736, -0.128048, 0.705806

BONE 44
OFFSET -17.753546, -7.898361, 45.442448
SCALE 1.000000, 1.000000, 1.000000
X 0.294819, 0.845861, 0.444523
Y 0.653933, -0.517800, 0.551592
Z 0.696745, 0.128069, -0.705794

BONE 45
OFFSET 18.943596, -14.118733, 43.296165
SCALE 1.000000, 1.000000, 1.000000
X 0.252533, -0.921880, -0.293878
Y -0.670074, 0.052482, -0.740436
Z 0.698017, 0.383905, -0.604475

BONE 46
OFFSET -18.943485, -14.118932, 43.296089
SCALE 1.000000, 1.000000, 1.000000
X 0.252692, 0.921873, 0.293763
Y -0.670040, -0.052297, 0.740480
Z 0.697992, -0.383946, 0.604477

BONE 47
OFFSET 19.641989, -13.608097, 42.701954
SCALE 1.000000, 1.000000, 1.000000
X 0.066843, -0.793765, -0.604540
Y -0.837155, 0.285040, -0.466823
Z 0.542866, 0.537298, -0.645452

BONE 48
OFFSET -19.641909, -13.608223, 42.701809
SCALE 1.000000, 1.000000, 1.000000
X 0.066887, 0.793771, 0.604528
Y -0.837171, -0.284987, 0.466827
Z 0.542836, -0.537317, 0.645460

BONE 49
OFFSET 20.410118, -12.159682, 41.480377
SCALE 1.000000, 1.000000, 1.000000
X -0.099274, -0.722106, -0.684623
Y -0.848031, 0.421335, -0.321434
Z 0.520565, 0.548671, -0.654195

BONE 50
OFFSET -20.410091, -12.159837, 41.480251
SCALE 1.000000, 1.000000, 1.000000
X -0.099304, 0.722089, 0.684635
Y -0.848020, -0.421369, 0.321418
Z 0.520577, -0.548666, 0.654190

BONE 51
OFFSET 20.114302, -12.876246, 42.061901
SCALE 1.000000, 1.000000, 1.000000
X -0.006006, -0.738898, -0.673791
Y -0.878970, 0.325202, -0.348791
Z 0.476839, 0.590147, -0.651422

BONE 52
OFFSET -20.114208, -12.876396, 42.061890
SCALE 1.000000, 1.000000, 1.000000
X -0.005979, 0.738908, 0.673780
Y -0.878978, -0.325169, 0.348801
Z 0.476825, -0.590152, 0.651428

BONE 53
OFFSET 18.473015, -11.541899, 44.177650
SCALE 1.000000, 1.000000, 1.000000
X -0.766327, -0.594301, -0.244027
Y 0.525231, -0.360813, -0.770679
Z 0.369968, -0.718763, 0.588646

BONE 54
OFFSET -18.472874, -11.542074, 44.177635
SCALE 1.000000, 1.000000, 1.000000
X -0.766329, 0.594294, 0.244036
Y 0.525229, 0.360803, 0.770685
Z 0.369965, 0.718773, -0.588635

BONE 55
OFFSET -28.519896, -12.719981, 38.932270
SCALE 1.000000, 1.000000, 1.000000
X 0.000190, -1.000000, -0.000189
Y 1.000000, 0.000190, 0.000053
Z -0.000053, -0.000189, 1.000000

BONE 56
OFFSET -28.520119, -12.709172, 38.935143
SCALE 1.000000, 1.000000, 1.000000
X -0.000199, -1.000000, -0.000195
Y 0.998877, -0.000190, -0.047381
Z 0.047381, -0.000205, 0.998877

BONE 57
OFFSET 19.335176, -15.548034, 42.840546
SCALE 1.000000, 1.000000, 1.000000
X -0.305493, -0.603804, -0.736271
Y -0.647669, 0.698577, -0.304162
Z 0.697997, 0.383940, -0.604476

BONE 58
OFFSET -19.335234, -15.548249, 42.840523
SCALE 1.000000, 1.000000, 1.000000
X -0.305842, 0.603512, 0.736365
Y -0.647460, -0.698892, 0.303884
Z 0.698038, -0.383827, 0.604500

BONE 59
OFFSET 19.766018, -15.080857, 41.580357
SCALE 1.000000, 1.000000, 1.000000
X -0.742584, -0.051931, -0.667737
Y -0.392291, 0.841795, 0.370795
Z 0.542841, 0.537294, -0.645475

BONE 60
OFFSET -19.765930, -15.081016, 41.579948
SCALE 1.000000, 1.000000, 1.000000
X -0.742558, 0.051921, 0.667766
Y -0.392315, -0.841780, -0.370804
Z 0.542860, -0.537318, 0.645439

BONE 61
OFFSET 20.291075, -13.025280, 40.659801
SCALE 1.000000, 1.000000, 1.000000
X -0.734217, -0.103408, -0.670993
Y -0.435791, 0.829631, 0.348997
Z 0.520587, 0.548653, -0.654194

BONE 62
OFFSET -20.291012, -13.025424, 40.659672
SCALE 1.000000, 1.000000, 1.000000
X -0.734208, 0.103424, 0.671001
Y -0.435814, -0.829619, -0.348996
Z 0.520581, -0.548667, 0.654187

BONE 63
OFFSET 20.104219, -14.119193, 40.928596
SCALE 1.000000, 1.000000, 1.000000
X -0.750598, -0.112264, -0.651152
Y -0.457408, 0.799450, 0.389433
Z 0.476844, 0.590150, -0.651416

BONE 64
OFFSET -20.104130, -14.119358, 40.928261
SCALE 1.000000, 1.000000, 1.000000
X -0.750602, 0.112272, 0.651146
Y -0.457410, -0.799450, -0.389431
Z 0.476836, -0.590148, 0.651423

BONE 65
OFFSET 16.629330, -12.971684, 43.590553
SCALE 1.000000, 1.000000, 1.000000
X -0.513767, -0.686190, -0.514963
Y 0.774059, -0.111908, -0.623144
Z 0.369966, -0.718763, 0.588646

BONE 66
OFFSET -16.629194, -12.971821, 43.590179
SCALE 1.000000, 1.000000, 1.000000
X -0.513765, 0.686181, 0.514977
Y 0.774059, 0.111890, 0.623148
Z 0.369972, 0.718774, -0.588629

BONE 67
OFFSET 19.038221, -16.134914, 42.125023
SCALE 1.000000, 1.000000, 1.000000
X -0.554097, -0.245160, -0.795533
Y -0.453622, 0.890222, 0.041612
Z 0.698000, 0.383929, -0.604479

BONE 68
OFFSET -19.037983, -16.134798, 42.125008
SCALE 1.000000, 1.000000, 1.000000
X -0.553871, 0.245483, 0.795591
Y -0.453788, -0.890154, -0.041256
Z 0.698071, -0.383880, 0.604428

BONE 69
OFFSET 18.948034, -15.138112, 40.844826
SCALE 1.000000, 1.000000, 1.000000
X -0.836744, 0.280258, -0.470441
Y -0.071875, 0.795463, 0.601724
Z 0.542857, 0.537302, -0.645456

BONE 70
OFFSET -18.947971, -15.138271, 40.844528
SCALE 1.000000, 1.000000, 1.000000
X -0.836742, -0.280254, 0.470448
Y -0.071886, -0.795461, -0.601726
Z 0.542859, -0.537308, 0.645449

BONE 71
OFFSET 19.784019, -13.096679, 40.196491
SCALE 1.000000, 1.000000, 1.000000
X -0.853803, 0.339164, -0.394953
Y 0.005198, 0.764171, 0.644992
Z 0.520570, 0.548643, -0.654215

BONE 72
OFFSET -19.783998, -13.096812, 40.196270
SCALE 1.000000, 1.000000, 1.000000
X -0.853799, -0.339166, 0.394959
Y 0.005186, -0.764161, -0.645004
Z 0.520576, -0.548656, 0.654199

BONE 73
OFFSET 19.396437, -14.225060, 40.314682
SCALE 1.000000, 1.000000, 1.000000
X -0.861545, 0.166924, -0.479454
Y -0.174209, 0.789854, 0.588033
Z 0.476856, 0.590142, -0.651415

BONE 74
OFFSET -19.396343, -14.225204, 40.314499
SCALE 1.000000, 1.000000, 1.000000
X -0.861557, -0.166916, 0.479436
Y -0.174209, -0.789846, -0.588043
Z 0.476834, -0.590155, 0.651419

BONE 75
OFFSET 16.015608, -13.791351, 42.975456
SCALE 1.000000, 1.000000, 1.000000
X -0.178188, -0.676734, -0.714339
Y 0.911796, 0.159395, -0.378446
Z 0.369969, -0.718766, 0.588641

BONE 76
OFFSET -16.015455, -13.791477, 42.975048
SCALE 1.000000, 1.000000, 1.000000
X -0.178183, 0.676724, 0.714350
Y 0.911791, -0.159415, 0.378450
Z 0.369984, 0.718771, -0.588626

NUMVERTS 2865
VERT 0
OFFSET 17.579746, -9.338154, 43.955936
BONES 2
BONE 41 0.091335
BONE 43 0.908665

VERT 1
OFFSET 19.520987, -8.880493, 44.350357
BONES 2
BONE 41 0.135040
BONE 43 0.864960

VERT 2
OFFSET 18.809565, -8.779722, 43.743099
BONES 2
BONE 41 0.098204
BONE 43 0.901796

VERT 3
OFFSET 19.832336, -9.149428, 44.764404
BONES 2
BONE 41 0.172940
BONE 43 0.827060

VERT 4
OFFSET 17.483421, -10.649791, 46.149364
BONES 2
BONE 41 0.089812
BONE 43 0.910188

VERT 5
OFFSET 17.148918, -13.437738, 43.323994
BONES 5
BONE 41 0.335264
BONE 53 0.371866
BONE 65 0.239022
BONE 75 0.035797
BONE 45 0.018051

VERT 6
OFFSET 17.011774, -13.605193, 43.735561
BONES 4
BONE 41 0.128062
BONE 53 0.380285
BONE 65 0.352329
BONE 75 0.139324

VERT 7
OFFSET 16.660273, -14.038774, 43.150803
BONES 4
BONE 41 0.004934
BONE 53 0.038386
BONE 65 0.512213
BONE 75 0.444467

VERT 8
OFFSET 17.520329, -13.492307, 43.973576
BONES 5
BONE 41 0.573333
BONE 53 0.234132
BONE 65 0.130752
BONE 75 0.007457
BONE 45 0.054326

VERT 9
OFFSET 18.043840, -14.129725, 43.841339
BONES 4
BONE 41 0.960879
BONE 45 0.033728
BONE 57 0.000000
BONE 47 0.005392

VERT 10
OFFSET 18.251253, -13.456794, 43.063068
BONES 3
BONE 41 0.892886
BONE 45 0.090817
BONE 47 0.016298

VERT 11
OFFSET 17.912443, -12.861190, 43.106960
BONES 5
BONE 41 0.792200
BONE 53 0.186322
BONE 65 0.013659
BONE 45 0.007818
BONE 47 0.000001

VERT 12
OFFSET 16.857733, -11.802554, 43.033978
BONES 5
BONE 41 0.178139
BONE 53 0.676624
BONE 65 0.111341
BONE 75 0.002392
BONE 43 0.031504

VERT 13
OFFSET 18.443415, -14.425782, 42.922710
BONES 4
BONE 41 0.463600
BONE 45 0.481873
BONE 57 0.005797
BONE 47 0.048730

VERT 14
OFFSET 18.791048, -14.129176, 42.546474
BONES 6
BONE 41 0.742711
BONE 45 0.089204
BONE 57 0.001046
BONE 47 0.165494
BONE 59 0.001544
BONE 51 0.000001

VERT 15
OFFSET 19.008282, -13.888280, 42.163784
BONES 5
BONE 41 0.438791
BONE 45 0.005251
BONE 47 0.507192
BONE 59 0.026946
BONE 51 0.021821

VERT 16
OFFSET 19.284454, -13.623039, 41.854301
BONES 6
BONE 41 0.668579
BONE 47 0.190189
BONE 59 0.001339
BONE 51 0.134131
BONE 63 0.005761
BONE 49 0.000001

VERT 17
OFFSET 19.446810, -13.210334, 41.479683
BONES 6
BONE 41 0.123046
BONE 47 0.041572
BONE 51 0.695814
BONE 63 0.089972
BONE 49 0.049594
BONE 61 0.000003

VERT 18
OFFSET 18.854582, -12.655501, 42.284462
BONES 8
BONE 41 0.925199
BONE 53 0.000000
BONE 47 0.033799
BONE 59 0.000000
BONE 51 0.040999
BONE 63 0.000001
BONE 49 0.000002
BONE 61 0.000000

VERT 19
OFFSET 19.680918, -12.878679, 41.322731
BONES 6
BONE 41 0.585411
BONE 47 0.011410
BONE 51 0.226356
BONE 63 0.001302
BONE 49 0.159666
BONE 61 0.015855

VERT 20
OFFSET 20.423538, -11.971526, 41.184258
BONES 4
BONE 41 0.544981
BONE 51 0.000000
BONE 49 0.374763
BONE 61 0.080256

VERT 21
OFFSET 19.860771, -12.382080, 41.069817
BONES 4
BONE 41 0.088209
BONE 51 0.014778
BONE 49 0.778332
BONE 61 0.118680

VERT 22
OFFSET 18.368912, -11.477778, 42.534073
BONES 7
BONE 41 0.992397
BONE 53 0.000000
BONE 47 0.000000
BONE 51 0.001440
BONE 49 0.000001
BONE 61 0.000000
BONE 43 0.006162

VERT 23
OFFSET 19.155138, -9.348056, 43.244602
BONES 3
BONE 41 0.484991
BONE 49 0.000000
BONE 43 0.515009

VERT 24
OFFSET 17.987005, -10.523985, 42.994316
BONES 4
BONE 41 0.716257
BONE 51 0.000000
BONE 49 0.000000
BONE 43 0.283743

VERT 25
OFFSET 19.699472, -10.666095, 41.944942
BONES 5
BONE 41 0.949311
BONE 51 0.000000
BONE 49 0.034474
BONE 61 0.000000
BONE 43 0.016215

VERT 26
OFFSET 20.174423, -13.473294, 40.863552
BONES 6
BONE 41 0.019392
BONE 47 0.001374
BONE 51 0.601014
BONE 63 0.290497
BONE 49 0.078565
BONE 61 0.009158

VERT 27
OFFSET 19.933695, -12.783330, 40.604794
BONES 5
BONE 41 0.017766
BONE 51 0.000000
BONE 49 0.328791
BONE 61 0.515312
BONE 71 0.138130

VERT 28
OFFSET 20.272591, -13.107334, 41.382362
BONES 6
BONE 41 0.054956
BONE 47 0.004865
BONE 51 0.420833
BONE 63 0.117552
BONE 49 0.347837
BONE 61 0.053957

VERT 29
OFFSET 19.642611, -13.988001, 40.968460
BONES 7
BONE 41 0.007574
BONE 47 0.003087
BONE 59 0.000000
BONE 51 0.453488
BONE 63 0.358229
BONE 73 0.177622
BONE 49 0.000001

VERT 30
OFFSET 19.821470, -14.613955, 41.298344
BONES 5
BONE 41 0.008891
BONE 47 0.555044
BONE 59 0.416483
BONE 51 0.019582
BONE 63 0.000000

VERT 31
OFFSET 20.002539, -13.977362, 42.001125
BONES 5
BONE 41 0.060417
BONE 47 0.361042
BONE 59 0.138742
BONE 51 0.394386
BONE 63 0.045412

VERT 32
OFFSET 19.341177, -15.473274, 41.943657
BONES 6
BONE 41 0.000000
BONE 45 0.000002
BONE 57 0.000000
BONE 47 0.441879
BONE 59 0.552805
BONE 69 0.005314

VERT 33
OFFSET 19.361895, -14.885251, 41.498127
BONES 7
BONE 41 0.000002
BONE 45 0.000000
BONE 57 0.000000
BONE 47 0.513130
BONE 59 0.393189
BONE 69 0.093678
BONE 51 0.000001

VERT 34
OFFSET 19.383896, -14.637673, 42.768940
BONES 6
BONE 41 0.035799
BONE 45 0.340778
BONE 57 0.141887
BONE 67 0.003757
BONE 47 0.455475
BONE 59 0.022304

VERT 35
OFFSET 18.394272, -14.818214, 43.622837
BONES 4
BONE 41 0.315177
BONE 45 0.592673
BONE 57 0.089883
BONE 67 0.002267

VERT 36
OFFSET 18.849510, -15.504238, 42.503754
BONES 5
BONE 41 0.000159
BONE 45 0.247230
BONE 57 0.656959
BONE 67 0.095651
BONE 47 0.000002

VERT 37
OFFSET 18.729584, -15.888786, 43.068901
BONES 4
BONE 41 0.012308
BONE 45 0.429690
BONE 57 0.482384
BONE 67 0.075617

VERT 38
OFFSET 17.152054, -10.969331, 43.367130
BONES 4
BONE 41 0.633554
BONE 53 0.135407
BONE 65 0.014324
BONE 43 0.216716

VERT 39
OFFSET 17.710703, -12.119707, 45.397961
BONES 5
BONE 41 0.755481
BONE 53 0.109597
BONE 65 0.008217
BONE 45 0.000000
BONE 43 0.126705

VERT 40
OFFSET 16.270273, -12.188541, 44.589825
BONES 5
BONE 41 0.265630
BONE 53 0.408924
BONE 65 0.288362
BONE 75 0.004229
BONE 43 0.032855

VERT 41
OFFSET 16.601511, -11.548203, 45.001049
BONES 4
BONE 41 0.685969
BONE 53 0.069861
BONE 65 0.040867
BONE 43 0.203304

VERT 42
OFFSET 16.546301, -11.084444, 44.098515
BONES 4
BONE 41 0.620150
BONE 53 0.124889
BONE 65 0.043056
BONE 43 0.211905

VERT 43
OFFSET 17.153906, -12.886411, 44.743076
BONES 6
BONE 41 0.468107
BONE 53 0.389194
BONE 65 0.131714
BONE 75 0.004863
BONE 45 0.000001
BONE 43 0.006120

VERT 44
OFFSET 18.621012, -14.132767, 44.451530
BONES 6
BONE 41 0.802980
BONE 53 0.000000
BONE 65 0.000000
BONE 45 0.197017
BONE 57 0.000000
BONE 47 0.000002

VERT 45
OFFSET 16.233744, -11.673676, 43.754360
BONES 5
BONE 41 0.267473
BONE 53 0.446226
BONE 65 0.233596
BONE 75 0.006204
BONE 43 0.046501

VERT 46
OFFSET 18.964411, -14.860553, 44.077267
BONES 5
BONE 41 0.306922
BONE 45 0.638026
BONE 57 0.054930
BONE 67 0.000121
BONE 47 0.000001

VERT 47
OFFSET 19.550833, -14.435136, 44.257435
BONES 4
BONE 41 0.390490
BONE 45 0.567453
BONE 57 0.005513
BONE 47 0.036545

VERT 48
OFFSET 19.482418, -13.957105, 44.597801
BONES 3
BONE 41 0.597676
BONE 45 0.350328
BONE 47 0.051996

VERT 49
OFFSET 19.791462, -14.440238, 43.415749
BONES 4
BONE 41 0.228615
BONE 45 0.488240
BONE 57 0.065672
BONE 47 0.217474

VERT 50
OFFSET 20.050785, -13.874571, 44.030003
BONES 4
BONE 41 0.572917
BONE 45 0.290946
BONE 47 0.136137
BONE 43 0.000000

VERT 51
OFFSET 20.470985, -13.922598, 43.457729
BONES 6
BONE 41 0.399057
BONE 45 0.028666
BONE 47 0.553193
BONE 59 0.000000
BONE 51 0.019084
BONE 43 0.000000

VERT 52
OFFSET 20.413826, -13.442128, 43.806042
BONES 5
BONE 41 0.632475
BONE 45 0.004912
BONE 47 0.348332
BONE 51 0.006679
BONE 43 0.007602

VERT 53
OFFSET 20.509493, -13.687578, 42.686298
BONES 4
BONE 41 0.238747
BONE 47 0.543278
BONE 59 0.009918
BONE 51 0.208057

VERT 54
OFFSET 20.641949, -13.105935, 43.320637
BONES 6
BONE 41 0.604088
BONE 45 0.000392
BONE 47 0.255173
BONE 51 0.133069
BONE 49 0.000000
BONE 43 0.007278

VERT 55
OFFSET 20.870459, -13.038384, 42.750839
BONES 5
BONE 41 0.434841
BONE 47 0.068119
BONE 51 0.480164
BONE 63 0.000000
BONE 49 0.016875

VERT 56
OFFSET 20.780849, -12.658732, 43.163223
BONES 5
BONE 41 0.647735
BONE 47 0.075094
BONE 51 0.261903
BONE 49 0.005759
BONE 43 0.009509

VERT 57
OFFSET 20.669474, -12.875706, 41.943787
BONES 6
BONE 41 0.247593
BONE 47 0.000000
BONE 51 0.601799
BONE 63 0.041768
BONE 49 0.107073
BONE 61 0.001767

VERT 58
OFFSET 20.896978, -12.282444, 42.658733
BONES 5
BONE 41 0.627807
BONE 47 0.016266
BONE 51 0.283808
BONE 49 0.070458
BONE 43 0.001661

VERT 59
OFFSET 20.964222, -12.402476, 41.732624
BONES 4
BONE 41 0.330442
BONE 51 0.122288
BONE 49 0.470254
BONE 61 0.077016

VERT 60
OFFSET 20.883162, -11.593616, 42.483311
BONES 3
BONE 41 0.794743
BONE 51 0.020134
BONE 49 0.185122

VERT 61
OFFSET 20.866598, -12.046270, 41.493412
BONES 5
BONE 41 0.487208
BONE 51 0.015612
BONE 49 0.429300
BONE 61 0.067880
BONE 71 0.000000

VERT 62
OFFSET 20.611681, -11.093475, 42.231384
BONES 4
BONE 41 0.885045
BONE 51 0.000089
BONE 49 0.099413
BONE 43 0.015454

VERT 63
OFFSET 20.365747, -10.266596, 43.717884
BONES 4
BONE 41 0.814764
BONE 51 0.001744
BONE 49 0.014263
BONE 43 0.169230

VERT 64
OFFSET 19.616259, -11.522397, 45.092018
BONES 4
BONE 41 0.789152
BONE 47 0.011918
BONE 51 0.000001
BONE 43 0.198929

VERT 65
OFFSET 20.059412, -10.981907, 44.565277
BONES 5
BONE 41 0.783440
BONE 47 0.005922
BONE 51 0.006125
BONE 49 0.000000
BONE 43 0.204513

VERT 66
OFFSET 15.700468, -13.757042, 43.331352
BONES 4
BONE 41 0.000001
BONE 53 0.039529
BONE 65 0.433909
BONE 75 0.526561

VERT 67
OFFSET 15.600955, -13.338402, 42.854866
BONES 4
BONE 41 0.000000
BONE 53 0.025237
BONE 65 0.492592
BONE 75 0.482171

VERT 68
OFFSET 20.736084, -13.247759, 40.664558
BONES 4
BONE 41 0.000002
BONE 51 0.000000
BONE 49 0.483056
BONE 61 0.516942

VERT 69
OFFSET 20.757469, -13.307708, 42.363483
BONES 5
BONE 41 0.280132
BONE 47 0.036511
BONE 51 0.623421
BONE 63 0.043928
BONE 49 0.016007

VERT 70
OFFSET 20.653992, -13.407982, 42.767815
BONES 6
BONE 41 0.367225
BONE 47 0.226648
BONE 51 0.406126
BONE 63 0.000000
BONE 49 0.000000
BONE 43 0.000000

VERT 71
OFFSET 20.294168, -14.765595, 41.304146
BONES 5
BONE 41 0.010386
BONE 47 0.574405
BONE 59 0.376346
BONE 51 0.037058
BONE 63 0.001805

VERT 72
OFFSET 20.597898, -14.570266, 41.037006
BONES 5
BONE 41 0.000001
BONE 47 0.000000
BONE 51 0.576977
BONE 63 0.423021
BONE 49 0.000000

VERT 73
OFFSET 20.833065, -12.885771, 42.279922
BONES 5
BONE 41 0.308608
BONE 47 0.003936
BONE 51 0.612481
BONE 63 0.004454
BONE 49 0.070520

VERT 74
OFFSET 20.045177, -14.457724, 43.207844
BONES 5
BONE 41 0.209978
BONE 45 0.170104
BONE 47 0.572780
BONE 59 0.037846
BONE 51 0.009292

VERT 75
OFFSET 19.853197, -15.675333, 42.026031
BONES 5
BONE 41 0.003759
BONE 45 0.002835
BONE 47 0.714649
BONE 59 0.278575
BONE 51 0.000182

VERT 76
OFFSET 20.396420, -14.229346, 43.040825
BONES 5
BONE 41 0.253484
BONE 45 0.020781
BONE 47 0.680266
BONE 59 0.023689
BONE 51 0.021781

VERT 77
OFFSET 20.317781, -15.489912, 41.769470
BONES 4
BONE 41 0.013047
BONE 47 0.800743
BONE 59 0.185029
BONE 51 0.001181

VERT 78
OFFSET 19.578545, -14.705337, 43.944431
BONES 4
BONE 41 0.283960
BONE 45 0.645703
BONE 57 0.052952
BONE 47 0.017386

VERT 79
OFFSET 19.732916, -15.903972, 43.177124
BONES 4
BONE 41 0.000000
BONE 45 0.682843
BONE 57 0.317155
BONE 47 0.000002

VERT 80
OFFSET 19.863138, -15.645103, 42.759884
BONES 5
BONE 41 0.000000
BONE 45 0.509068
BONE 57 0.454375
BONE 67 0.013507
BONE 47 0.023049

VERT 81
OFFSET 19.351620, -9.847751, 42.688320
BONES 3
BONE 41 0.696494
BONE 49 0.002036
BONE 43 0.301470

VERT 82
OFFSET 20.170246, -9.987406, 43.246819
BONES 4
BONE 41 0.795425
BONE 51 0.000153
BONE 49 0.007174
BONE 43 0.197248

VERT 83
OFFSET 19.886797, -10.415529, 45.053402
BONES 5
BONE 41 0.549314
BONE 47 0.000000
BONE 51 0.000000
BONE 49 0.000000
BONE 43 0.450686

VERT 84
OFFSET 19.363167, -10.878453, 45.643326
BONES 4
BONE 41 0.507670
BONE 47 0.000000
BONE 51 0.000000
BONE 43 0.492330

VERT 85
OFFSET 16.731136, -10.640097, 44.540173
BONES 4
BONE 41 0.513057
BONE 53 0.024122
BONE 65 0.005872
BONE 43 0.456949

VERT 86
OFFSET 20.131826, -9.791408, 44.129646
BONES 4
BONE 41 0.603695
BONE 51 0.000000
BONE 49 0.000000
BONE 43 0.396305

VERT 87
OFFSET 19.958601, -9.520396, 43.747417
BONES 4
BONE 41 0.573229
BONE 51 0.000000
BONE 49 0.000000
BONE 43 0.426771

VERT 88
OFFSET 16.816952, -11.068308, 45.356236
BONES 4
BONE 41 0.507864
BONE 53 0.007457
BONE 65 0.003873
BONE 43 0.480807

VERT 89
OFFSET 17.740274, -9.897023, 43.491573
BONES 2
BONE 41 0.436699
BONE 43 0.563301

VERT 90
OFFSET 16.917444, -10.514576, 45.658321
BONES 2
BONE 41 0.078880
BONE 43 0.921120

VERT 91
OFFSET 20.575474, -13.431131, 40.830929
BONES 2
BONE 49 0.470153
BONE 61 0.529847

VERT 92
OFFSET 19.623674, -9.751361, 45.415047
BONES 2
BONE 41 0.215381
BONE 43 0.784619

VERT 93
OFFSET 20.115086, -10.081275, 44.538212
BONES 4
BONE 41 0.588534
BONE 51 0.000000
BONE 49 0.000000
BONE 43 0.411466

VERT 94
OFFSET 20.200624, -10.569921, 44.191174
BONES 4
BONE 41 0.797178
BONE 51 0.003880
BONE 49 0.001908
BONE 43 0.197035

VERT 95
OFFSET 19.897133, -9.492244, 44.873688
BONES 2
BONE 41 0.240068
BONE 43 0.759932

VERT 96
OFFSET 19.236759, -12.624662, 45.025558
BONES 4
BONE 41 0.792338
BONE 45 0.099984
BONE 47 0.032495
BONE 43 0.075183

VERT 97
OFFSET 20.075737, -12.581036, 44.390976
BONES 5
BONE 41 0.752962
BONE 45 0.000196
BONE 47 0.160799
BONE 51 0.000004
BONE 43 0.086038

VERT 98
OFFSET 20.422237, -12.076938, 43.853977
BONES 5
BONE 41 0.736387
BONE 47 0.078456
BONE 51 0.096268
BONE 49 0.000001
BONE 43 0.088888

VERT 99
OFFSET 20.449091, -11.254025, 43.636677
BONES 4
BONE 41 0.779769
BONE 51 0.070211
BONE 49 0.034519
BONE 43 0.115501

VERT 100
OFFSET 18.748569, -11.135313, 45.902294
BONES 6
BONE 41 0.510078
BONE 53 0.000000
BONE 45 0.000000
BONE 47 0.000000
BONE 51 0.000000
BONE 43 0.489922

VERT 101
OFFSET 18.638323, -10.413706, 46.101883
BONES 2
BONE 41 0.179108
BONE 43 0.820892

VERT 102
OFFSET 16.817133, -10.166933, 44.993893
BONES 2
BONE 41 0.076969
BONE 43 0.923031

VERT 103
OFFSET 17.618084, -11.294533, 45.862003
BONES 3
BONE 41 0.489164
BONE 53 0.010276
BONE 43 0.500561

VERT 104
OFFSET 19.102901, -11.953467, 45.402588
BONES 5
BONE 41 0.847131
BONE 45 0.010271
BONE 47 0.007841
BONE 51 0.000000
BONE 43 0.134757

VERT 105
OFFSET 19.232096, -16.059320, 43.354881
BONES 5
BONE 41 0.000106
BONE 45 0.581943
BONE 57 0.416580
BONE 67 0.001371
BONE 47 0.000000

VERT 106
OFFSET 19.610182, -15.454086, 42.437088
BONES 4
BONE 45 0.421328
BONE 57 0.481404
BONE 67 0.065513
BONE 47 0.031755

VERT 107
OFFSET 20.001482, -14.812681, 41.213276
BONES 4
BONE 47 0.491882
BONE 59 0.481177
BONE 69 0.011328
BONE 51 0.015613

VERT 108
OFFSET 20.379622, -15.099578, 41.439056
BONES 4
BONE 41 0.004447
BONE 47 0.637572
BONE 59 0.346273
BONE 51 0.011708

VERT 109
OFFSET 20.268597, -13.808396, 40.669052
BONES 6
BONE 41 0.000000
BONE 51 0.506202
BONE 63 0.393485
BONE 73 0.085037
BONE 49 0.015276
BONE 61 0.000000

VERT 110
OFFSET 20.601360, -14.175031, 40.740318
BONES 5
BONE 41 0.000000
BONE 47 0.000000
BONE 51 0.551194
BONE 63 0.445663
BONE 49 0.003142

VERT 111
OFFSET 20.382763, -12.568633, 40.328991
BONES 4
BONE 41 0.040643
BONE 49 0.476735
BONE 61 0.400083
BONE 71 0.082539

VERT 112
OFFSET 20.734184, -12.898726, 40.455566
BONES 5
BONE 41 0.005575
BONE 51 0.000001
BONE 49 0.497782
BONE 61 0.477194
BONE 71 0.019449

VERT 113
OFFSET 16.237965, -14.037156, 43.378845
BONES 4
BONE 41 0.015032
BONE 53 0.051692
BONE 65 0.447935
BONE 75 0.485341

VERT 114
OFFSET 16.795855, -13.903625, 42.842052
BONES 4
BONE 41 0.000000
BONE 53 0.014182
BONE 65 0.514458
BONE 75 0.471360

VERT 115
OFFSET 16.398783, -13.363086, 42.365856
BONES 4
BONE 41 0.000001
BONE 53 0.034844
BONE 65 0.558446
BONE 75 0.406709

VERT 116
OFFSET 19.666824, -12.878930, 40.271469
BONES 4
BONE 41 0.000000
BONE 49 0.025074
BONE 61 0.367047
BONE 71 0.607878

VERT 117
OFFSET 19.857084, -12.602446, 40.012779
BONES 4
BONE 41 0.003214
BONE 49 0.073138
BONE 61 0.386766
BONE 71 0.536883

VERT 118
OFFSET 19.103573, -12.560603, 39.794586
BONES 3
BONE 49 0.000002
BONE 61 0.072772
BONE 71 0.927226

VERT 119
OFFSET 19.015577, -12.749755, 40.026905
BONES 3
BONE 49 0.000001
BONE 61 0.071725
BONE 71 0.928273

VERT 120
OFFSET 18.885250, -12.809414, 39.801723
BONES 2
BONE 61 0.016858
BONE 71 0.983142

VERT 121
OFFSET 19.708727, -13.395371, 40.306278
BONES 5
BONE 41 0.000000
BONE 51 0.000000
BONE 49 0.026241
BONE 61 0.497250
BONE 71 0.476509

VERT 122
OFFSET 19.703375, -12.829506, 40.392262
BONES 5
BONE 41 0.003692
BONE 51 0.000000
BONE 49 0.091875
BONE 61 0.538124
BONE 71 0.366309

VERT 123
OFFSET 18.939854, -13.039259, 40.022766
BONES 3
BONE 49 0.000000
BONE 61 0.057895
BONE 71 0.942105

VERT 124
OFFSET 19.170336, -14.110505, 40.484882
BONES 5
BONE 41 0.000000
BONE 47 0.000000
BONE 51 0.011628
BONE 63 0.353359
BONE 73 0.635013

VERT 125
OFFSET 19.529593, -13.966059, 40.078274
BONES 4
BONE 51 0.000013
BONE 63 0.427853
BONE 73 0.572134
BONE 49 0.000000

VERT 126
OFFSET 18.406775, -13.724512, 39.669441
BONES 2
BONE 63 0.028047
BONE 73 0.971953

VERT 127
OFFSET 18.228710, -13.893872, 39.968098
BONES 2
BONE 63 0.034120
BONE 73 0.965880

VERT 128
OFFSET 19.152655, -14.687229, 40.502953
BONES 4
BONE 47 0.000000
BONE 51 0.000011
BONE 63 0.488774
BONE 73 0.511215

VERT 129
OFFSET 19.300684, -14.062848, 40.623795
BONES 6
BONE 41 0.000788
BONE 47 0.000388
BONE 51 0.104151
BONE 63 0.430505
BONE 73 0.464168
BONE 49 0.000000

VERT 130
OFFSET 18.153152, -14.255158, 40.027260
BONES 2
BONE 63 0.013990
BONE 73 0.986010

VERT 131
OFFSET 18.077250, -14.026357, 39.658787
BONES 2
BONE 63 0.000002
BONE 73 0.999998

VERT 132
OFFSET 19.064060, -14.973335, 40.804142
BONES 5
BONE 41 0.000000
BONE 47 0.047433
BONE 59 0.470193
BONE 69 0.482149
BONE 51 0.000226

VERT 133
OFFSET 17.977627, -14.577312, 40.328503
BONES 2
BONE 59 0.021639
BONE 69 0.978361

VERT 134
OFFSET 18.699869, -15.516582, 41.190796
BONES 6
BONE 41 0.000000
BONE 45 0.000000
BONE 57 0.000000
BONE 47 0.053469
BONE 59 0.479797
BONE 69 0.466734

VERT 135
OFFSET 18.966316, -14.902837, 41.165184
BONES 6
BONE 41 0.000000
BONE 45 0.000000
BONE 47 0.166826
BONE 59 0.461962
BONE 69 0.371211
BONE 51 0.000001

VERT 136
OFFSET 17.695944, -15.013702, 40.593304
BONES 3
BONE 47 0.000000
BONE 59 0.056792
BONE 69 0.943208

VERT 137
OFFSET 17.704447, -14.764903, 40.160347
BONES 2
BONE 59 0.000002
BONE 69 0.999998

VERT 138
OFFSET 17.904926, -16.386999, 41.321564
BONES 3
BONE 45 0.000000
BONE 57 0.009753
BONE 67 0.990247

VERT 139
OFFSET 18.459225, -16.415966, 42.225975
BONES 3
BONE 45 0.011389
BONE 57 0.348774
BONE 67 0.639836

VERT 140
OFFSET 18.666222, -15.972425, 41.955742
BONES 3
BONE 45 0.000682
BONE 57 0.269335
BONE 67 0.729983

VERT 141
OFFSET 18.113230, -16.052404, 41.189880
BONES 2
BONE 57 0.010218
BONE 67 0.989782

VERT 142
OFFSET 19.174809, -15.967641, 41.718369
BONES 4
BONE 45 0.009924
BONE 57 0.353372
BONE 67 0.636704
BONE 47 0.000000

VERT 143
OFFSET 18.684275, -15.827395, 42.081490
BONES 4
BONE 45 0.010827
BONE 57 0.701605
BONE 67 0.287566
BONE 47 0.000001

VERT 144
OFFSET 18.424276, -16.056189, 40.897305
BONES 2
BONE 57 0.005244
BONE 67 0.994756

VERT 145
OFFSET 18.058901, -16.336338, 40.865730
BONES 2
BONE 57 0.000001
BONE 67 0.999999

VERT 146
OFFSET 15.911841, -14.757400, 41.841160
BONES 2
BONE 65 0.013244
BONE 75 0.986756

VERT 147
OFFSET 15.604422, -14.496596, 41.788654
BONES 2
BONE 65 0.031660
BONE 75 0.968340

VERT 148
OFFSET 16.091574, -14.991588, 42.191959
BONES 2
BONE 65 0.027875
BONE 75 0.972125

VERT 149
OFFSET 15.927623, -14.960927, 42.418747
BONES 2
BONE 65 0.035020
BONE 75 0.964980

VERT 150
OFFSET 15.444192, -14.380192, 41.969707
BONES 2
BONE 65 0.047782
BONE 75 0.952218

VERT 151
OFFSET 19.186493, -12.626992, 39.614197
BONES 3
BONE 49 0.000001
BONE 61 0.053769
BONE 71 0.946230

VERT 152
OFFSET 19.413931, -13.099484, 39.696651
BONES 3
BONE 49 0.000001
BONE 61 0.161510
BONE 71 0.838489

VERT 153
OFFSET 19.927305, -13.305758, 39.774288
BONES 3
BONE 49 0.000005
BONE 61 0.425742
BONE 71 0.574253

VERT 154
OFFSET 19.726774, -13.488631, 40.043381
BONES 3
BONE 49 0.000004
BONE 61 0.445867
BONE 71 0.554128

VERT 155
OFFSET 19.009518, -13.164531, 39.871788
BONES 2
BONE 61 0.035513
BONE 71 0.964487

VERT 156
OFFSET 20.627451, -12.974956, 40.331989
BONES 5
BONE 41 0.000956
BONE 51 0.000000
BONE 49 0.334556
BONE 61 0.601869
BONE 71 0.062619

VERT 157
OFFSET 20.128542, -12.943987, 39.847351
BONES 4
BONE 41 0.000000
BONE 49 0.055705
BONE 61 0.509126
BONE 71 0.435170

VERT 158
OFFSET 20.594736, -13.313600, 40.398838
BONES 5
BONE 41 0.000000
BONE 51 0.000000
BONE 49 0.225735
BONE 61 0.724511
BONE 71 0.049754

VERT 159
OFFSET 20.460588, -13.501706, 40.565392
BONES 3
BONE 49 0.205447
BONE 61 0.754218
BONE 71 0.040335

VERT 160
OFFSET 19.926483, -13.536751, 40.150799
BONES 3
BONE 49 0.021591
BONE 61 0.547382
BONE 71 0.431027

VERT 161
OFFSET 20.102953, -13.339041, 39.927643
BONES 3
BONE 49 0.021212
BONE 61 0.540049
BONE 71 0.438740

VERT 162
OFFSET 19.947138, -12.901057, 39.741425
BONES 3
BONE 49 0.021184
BONE 61 0.426827
BONE 71 0.551989

VERT 163
OFFSET 18.484753, -13.855378, 39.491848
BONES 2
BONE 63 0.012823
BONE 73 0.987177

VERT 164
OFFSET 18.655710, -14.369517, 39.681034
BONES 2
BONE 63 0.068867
BONE 73 0.931133

VERT 165
OFFSET 19.354765, -14.651707, 39.905602
BONES 3
BONE 51 0.000001
BONE 63 0.240353
BONE 73 0.759647

VERT 166
OFFSET 19.207083, -14.822748, 40.231873
BONES 3
BONE 51 0.000002
BONE 63 0.341370
BONE 73 0.658629

VERT 167
OFFSET 18.208570, -14.404294, 39.909851
BONES 2
BONE 63 0.013832
BONE 73 0.986168

VERT 168
OFFSET 20.524870, -14.220922, 40.657539
BONES 4
BONE 51 0.477693
BONE 63 0.502967
BONE 73 0.019340
BONE 49 0.000000

VERT 169
OFFSET 19.732176, -14.260241, 39.984631
BONES 3
BONE 51 0.003955
BONE 63 0.526424
BONE 73 0.469621

VERT 170
OFFSET 20.475582, -14.647654, 40.816803
BONES 3
BONE 51 0.441422
BONE 63 0.551726
BONE 73 0.006853

VERT 171
OFFSET 20.196453, -14.828690, 41.087063
BONES 3
BONE 51 0.393238
BONE 63 0.592649
BONE 73 0.014112

VERT 172
OFFSET 19.408783, -14.872151, 40.373356
BONES 3
BONE 51 0.000012
BONE 63 0.603978
BONE 73 0.396010

VERT 173
OFFSET 19.634830, -14.686381, 40.077026
BONES 3
BONE 51 0.000013
BONE 63 0.536382
BONE 73 0.463605

VERT 174
OFFSET 19.501232, -14.220912, 39.830608
BONES 3
BONE 51 0.000002
BONE 63 0.309739
BONE 73 0.690259

VERT 175
OFFSET 19.741726, -15.819362, 41.705780
BONES 6
BONE 41 0.000000
BONE 45 0.000000
BONE 47 0.397211
BONE 59 0.592412
BONE 69 0.010377
BONE 51 0.000000

VERT 176
OFFSET 20.206993, -15.237975, 41.188183
BONES 5
BONE 41 0.000000
BONE 47 0.445470
BONE 59 0.536673
BONE 69 0.016127
BONE 51 0.001730

VERT 177
OFFSET 19.377550, -15.278657, 40.470081
BONES 4
BONE 47 0.047816
BONE 59 0.417048
BONE 69 0.535137
BONE 51 0.000000

VERT 178
OFFSET 18.934568, -15.786174, 40.976608
BONES 3
BONE 47 0.039593
BONE 59 0.558427
BONE 69 0.401980

VERT 179
OFFSET 19.187105, -15.238927, 40.344997
BONES 3
BONE 47 0.000007
BONE 59 0.331301
BONE 69 0.668692

VERT 180
OFFSET 18.717318, -15.735919, 40.859859
BONES 3
BONE 47 0.000005
BONE 59 0.472673
BONE 69 0.527322

VERT 181
OFFSET 18.340202, -15.245974, 40.218681
BONES 2
BONE 59 0.116808
BONE 69 0.883192

VERT 182
OFFSET 18.957653, -15.585029, 40.405277
BONES 3
BONE 47 0.000004
BONE 59 0.363243
BONE 69 0.636753

VERT 183
OFFSET 17.791296, -15.163630, 40.421890
BONES 3
BONE 47 0.000000
BONE 59 0.055602
BONE 69 0.944398

VERT 184
OFFSET 19.245741, -15.628465, 40.619347
BONES 3
BONE 47 0.038847
BONE 59 0.533592
BONE 69 0.427561

VERT 185
OFFSET 20.079144, -15.666373, 41.403900
BONES 5
BONE 41 0.000000
BONE 47 0.431243
BONE 59 0.552680
BONE 69 0.016077
BONE 51 0.000000

VERT 186
OFFSET 18.138489, -14.714191, 39.977551
BONES 2
BONE 59 0.028722
BONE 69 0.971278

VERT 187
OFFSET 19.214211, -16.208626, 43.129005
BONES 4
BONE 41 0.000000
BONE 45 0.247620
BONE 57 0.710992
BONE 67 0.041388

VERT 188
OFFSET 19.637177, -16.136782, 42.929230
BONES 5
BONE 41 0.000000
BONE 45 0.277869
BONE 57 0.671793
BONE 67 0.050337
BONE 47 0.000001

VERT 189
OFFSET 18.578688, -16.208397, 40.861374
BONES 2
BONE 57 0.009975
BONE 67 0.990026

VERT 190
OFFSET 19.390020, -16.275227, 41.813015
BONES 4
