// Export filename: 'C:/projects/cod/t5/model_export/cuban/characters/cod7/tropas/mp/_c_cub_tropas_mp_body_armor_LOD1.XMODEL_EXPORT'
// Source filename: 'd:/projects/devart/t5/model_export/cuban/characters/cod7/tropas/mp/_c_cub_tropas_mp_armor.ma'
// Export time: Sat Sep 11 15:55:45 2010
MODEL
VERSION 6

NUMBONES 78
BONE 0 -1 "TAG_ORIGIN"
BONE 1 0 "J_MainRoot"
BONE 2 0 "TAG_SYNC"
BONE 3 1 "J_Hip_LE"
BONE 4 1 "J_Hip_RI"
BONE 5 1 "J_SpineLower"
BONE 6 1 "TAG_STOWED_DEPLOY"
BONE 7 3 "J_HipTwist_LE"
BONE 8 4 "J_HipTwist_RI"
BONE 9 3 "J_Knee_LE"
BONE 10 4 "J_Knee_RI"
BONE 11 5 "J_SpineUpper"
BONE 12 9 "J_Ankle_LE"
BONE 13 10 "J_Ankle_RI"
BONE 14 9 "J_Knee_Bulge_LE"
BONE 15 10 "J_Knee_Bulge_RI"
BONE 16 11 "J_Spine4"
BONE 17 11 "TAG_STOWED_BACKPACK"
BONE 18 12 "J_Ball_LE"
BONE 19 13 "J_Ball_RI"
BONE 20 16 "J_Clavicle_LE"
BONE 21 16 "J_Clavicle_RI"
BONE 22 16 "J_Neck"
BONE 23 16 "J_ShoulderRaise_LE"
BONE 24 16 "J_ShoulderRaise_RI"
BONE 25 16 "TAG_INHAND"
BONE 26 16 "TAG_STOWED_BACK"
BONE 27 16 "TAG_STOWED_LETHAL"
BONE 28 16 "TAG_STOWED_TACTICAL"
BONE 29 16 "TAG_WEAPON_CHEST"
BONE 30 22 "J_Head"
BONE 31 20 "J_Shoulder_LE"
BONE 32 21 "J_Shoulder_RI"
BONE 33 31 "J_Elbow_Bulge_LE"
BONE 34 32 "J_Elbow_Bulge_RI"
BONE 35 31 "J_Elbow_LE"
BONE 36 32 "J_Elbow_RI"
BONE 37 30 "J_Head_END"
BONE 38 30 "J_Jaw"
BONE 39 31 "J_ShoulderTwist_LE"
BONE 40 32 "J_ShoulderTwist_RI"
BONE 41 37 "J_Helmet"
BONE 42 35 "J_Wrist_LE"
BONE 43 36 "J_Wrist_RI"
BONE 44 35 "J_WristTwist_LE"
BONE 45 36 "J_WristTwist_RI"
BONE 46 42 "J_Index_LE_1"
BONE 47 43 "J_Index_RI_1"
BONE 48 42 "J_Mid_LE_1"
BONE 49 43 "J_Mid_RI_1"
BONE 50 42 "J_Pinky_LE_1"
BONE 51 43 "J_Pinky_RI_1"
BONE 52 42 "J_Ring_LE_1"
BONE 53 43 "J_Ring_RI_1"
BONE 54 42 "J_Thumb_LE_1"
BONE 55 43 "J_Thumb_RI_1"
BONE 56 42 "TAG_WEAPON_LEFT"
BONE 57 43 "TAG_WEAPON_RIGHT"
BONE 58 46 "J_Index_LE_2"
BONE 59 47 "J_Index_RI_2"
BONE 60 48 "J_Mid_LE_2"
BONE 61 49 "J_Mid_RI_2"
BONE 62 50 "J_Pinky_LE_2"
BONE 63 51 "J_Pinky_RI_2"
BONE 64 52 "J_Ring_LE_2"
BONE 65 53 "J_Ring_RI_2"
BONE 66 54 "J_Thumb_LE_2"
BONE 67 55 "J_Thumb_RI_2"
BONE 68 58 "J_Index_LE_3"
BONE 69 59 "J_Index_RI_3"
BONE 70 60 "J_Mid_LE_3"
BONE 71 61 "J_Mid_RI_3"
BONE 72 62 "J_Pinky_LE_3"
BONE 73 63 "J_Pinky_RI_3"
BONE 74 64 "J_Ring_LE_3"
BONE 75 65 "J_Ring_RI_3"
BONE 76 66 "J_Thumb_LE_3"
BONE 77 67 "J_Thumb_RI_3"

BONE 0
OFFSET 0.000002, -2.222000, 0.000042
SCALE 1.000000, 1.000000, 1.000000
X -0.000000, -1.000000, -0.000001
Y 1.000000, -0.000000, 0.000000
Z -0.000000, -0.000001, 1.000000

BONE 1
OFFSET 0.000082, 1.218927, 37.228020
SCALE 1.000000, 1.000000, 1.000000
X 0.000005, 0.024825, 0.999692
Y 0.000006, -0.999692, 0.024825
Z 1.000000, 0.000006, -0.000005

BONE 2
OFFSET 0.000002, -2.219720, 0.000042
SCALE 1.000000, 1.000000, 1.000000
X -0.000000, -1.000000, -0.000003
Y 1.000000, -0.000000, 0.000000
Z -0.000000, -0.000003, 1.000000

BONE 3
OFFSET 4.865472, 1.218951, 37.228016
SCALE 1.000000, 1.000000, 1.000000
X -0.008941, 0.033879, -0.999386
Y -0.004877, -0.999415, -0.033837
Z -0.999948, 0.004571, 0.009101

BONE 4
OFFSET -4.865293, 1.218927, 37.227978
SCALE 1.000000, 1.000000, 1.000000
X -0.008909, -0.033842, 0.999388
Y -0.004870, 0.999417, 0.033800
Z -0.999948, -0.004566, -0.009069

BONE 5
OFFSET 0.000089, 1.148792, 42.432632
SCALE 1.000000, 1.000000, 1.000000
X 0.000001, 0.029870, 0.999554
Y -0.000002, -0.999554, 0.029870
Z 1.000000, -0.000002, -0.000001

BONE 6
OFFSET 6.551747, 3.742264, 38.743519
SCALE 1.000000, 1.000000, 1.000000
X 0.794491, 0.591485, 0.137587
Y -0.604194, 0.792703, 0.081070
Z -0.061114, -0.147538, 0.987166

BONE 7
OFFSET 4.837310, 1.325658, 34.080341
SCALE 1.000000, 1.000000, 1.000000
X -0.008941, 0.033879, -0.999386
Y -0.004864, -0.999416, -0.033837
Z -0.999948, 0.004558, 0.009101

BONE 8
OFFSET -4.837236, 1.325506, 34.080624
SCALE 1.000000, 1.000000, 1.000000
X -0.008909, -0.033842, 0.999388
Y -0.004874, 0.999417, 0.033800
Z -0.999948, -0.004570, -0.009069

BONE 9
OFFSET 4.708874, 1.812570, 19.727123
SCALE 1.000000, 1.000000, 1.000000
X -0.008203, 0.166937, -0.985933
Y -0.006021, -0.985957, -0.166891
Z -0.999948, 0.004567, 0.009093

BONE 10
OFFSET -4.708568, 1.812141, 19.727461
SCALE 1.000000, 1.000000, 1.000000
X -0.008167, -0.166975, 0.985927
Y -0.006022, 0.985950, 0.166929
Z -0.999949, -0.004574, -0.009057

BONE 11
OFFSET 0.000094, 1.131313, 47.652164
SCALE 1.000000, 1.000000, 1.000000
X 0.000003, -0.020406, 0.999792
Y 0.000005, -0.999792, -0.020406
Z 1.000000, 0.000006, -0.000003

BONE 12
OFFSET 4.584381, 4.343949, 4.776942
SCALE 1.000000, 1.000000, 1.000000
X -0.000000, -0.008729, -0.999962
Y 0.016577, -0.999824, 0.008728
Z -0.999863, -0.016577, 0.000145

BONE 13
OFFSET -4.584069, 4.344151, 4.777238
SCALE 1.000000, 1.000000, 1.000000
X 0.000009, 0.008730, 0.999962
Y 0.016581, 0.999824, -0.008729
Z -0.999862, 0.016581, -0.000136

BONE 14
OFFSET 4.700433, -0.061928, 19.740456
SCALE 1.000000, 1.000000, 1.000000
X -0.000006, 0.029848, 0.999554
Y -0.000002, -0.999554, 0.029848
Z 1.000000, -0.000002, 0.000006

BONE 15
OFFSET -4.688321, -0.066477, 19.765478
SCALE 1.000000, 1.000000, 1.000000
X -0.000042, -0.029855, -0.999554
Y -0.000010, 0.999554, -0.029855
Z 1.000000, 0.000009, -0.000042

BONE 16
OFFSET 0.000090, 1.067745, 51.758411
SCALE 1.000000, 1.000000, 1.000000
X 0.000002, -0.047080, 0.998891
Y 0.000010, -0.998891, -0.047080
Z 1.000000, 0.000011, -0.000001

BONE 17
OFFSET 0.002056, 7.939955, 50.851307
SCALE 1.000000, 1.000000, 1.000000
X -0.002312, 0.998623, 0.052401
Y -0.999994, -0.002453, 0.002620
Z 0.002745, -0.052394, 0.998623

BONE 18
OFFSET 4.746620, -1.234840, 0.330913
SCALE 1.000000, 1.000000, 1.000000
X 0.016342, -0.983115, 0.182258
Y -0.002855, 0.182235, 0.983251
Z -0.999862, -0.016588, 0.000171

BONE 19
OFFSET -4.746290, -1.234591, 0.331138
SCALE 1.000000, 1.000000, 1.000000
X 0.016296, 0.983125, -0.182210
Y -0.002898, -0.182187, -0.983260
Z -0.999863, 0.016551, -0.000120

BONE 20
OFFSET 1.356609, 1.015539, 56.400341
SCALE 1.000000, 1.000000, 1.000000
X 0.997183, -0.019399, 0.072449
Y 0.018071, 0.999657, 0.018947
Z -0.072792, -0.017584, 0.997192

BONE 21
OFFSET -1.356719, 1.015542, 56.400444
SCALE 1.000000, 1.000000, 1.000000
X 0.997186, 0.019411, -0.072414
Y 0.018084, -0.999657, -0.018932
Z -0.072757, 0.017569, -0.997195

BONE 22
OFFSET 0.000058, 0.503915, 60.542107
SCALE 1.000000, 1.000000, 1.000000
X 0.000005, -0.309757, 0.950816
Y 0.000009, -0.950816, -0.309757
Z 1.000000, 0.000010, -0.000002

BONE 23
OFFSET 4.025334, 0.920922, 58.859638
SCALE 1.000000, 1.000000, 1.000000
X -0.997186, 0.019392, -0.072414
Y -0.018067, -0.999658, -0.018910
Z -0.072756, -0.017549, 0.997195

BONE 24
OFFSET -4.025115, 0.920835, 58.859825
SCALE 1.000000, 1.000000, 1.000000
X -0.997185, -0.019413, 0.072417
Y -0.018088, 0.999658, 0.018910
Z -0.072759, 0.017547, -0.997195

BONE 25
OFFSET -28.519920, -12.713210, 38.935009
SCALE 1.000000, 1.000000, 1.000000
X 1.000000, 0.000011, -0.000001
Y 0.000007, -0.764281, -0.644884
Z -0.000008, 0.644884, -0.764281

BONE 26
OFFSET -3.446791, 8.288239, 51.019424
SCALE 1.000000, 1.000000, 1.000000
X -0.083352, 0.038091, -0.995792
Y 0.176876, -0.982837, -0.052401
Z -0.980697, -0.180500, 0.075184

BONE 27
OFFSET 5.324184, -4.817457, 56.563660
SCALE 1.000000, 1.000000, 1.000000
X 0.425518, -0.775120, 0.467037
Y 0.904858, 0.371803, -0.207351
Z -0.012924, 0.510834, 0.859582

BONE 28
OFFSET -5.921757, -4.462816, 56.530518
SCALE 1.000000, 1.000000, 1.000000
X -0.289342, -0.948959, 0.125531
Y 0.919742, -0.311950, -0.238249
Z 0.265248, 0.046520, 0.963057

BONE 29
OFFSET -28.519920, -12.713210, 38.935009
SCALE 1.000000, 1.000000, 1.000000
X 0.000011, -1.000000, 0.000001
Y 1.000000, 0.000011, -0.000001
Z 0.000001, 0.000001, 1.000000

BONE 30
OFFSET 0.000057, -0.306903, 63.520969
SCALE 1.000000, 1.000000, 1.000000
X -0.000007, -0.216434, 0.976297
Y 0.000005, -0.976297, -0.216434
Z 1.000000, 0.000004, 0.000008

BONE 31
OFFSET 7.725458, 0.891629, 56.863182
SCALE 1.000000, 1.000000, 1.000000
X 0.662981, -0.260696, -0.701779
Y 0.273873, 0.956889, -0.096732
Z 0.696743, -0.128067, 0.705796

BONE 32
OFFSET -7.725506, 0.891564, 56.862965
SCALE 1.000000, 1.000000, 1.000000
X 0.662960, 0.260726, 0.701788
Y 0.273916, -0.956876, 0.096734
Z 0.696745, 0.128101, -0.705788

BONE 33
OFFSET 15.846270, -1.632336, 48.642548
SCALE 1.000000, 1.000000, 1.000000
X 0.294563, -0.846066, -0.444303
Y 0.654051, 0.517466, -0.551767
Z 0.696743, -0.128067, 0.705796

BONE 34
OFFSET -15.846113, -1.632834, 48.642265
SCALE 1.000000, 1.000000, 1.000000
X 0.294518, 0.846079, 0.444308
Y 0.654068, -0.517437, 0.551773
Z 0.696745, 0.128101, -0.705788

BONE 35
OFFSET 15.742274, -1.805675, 48.713013
SCALE 1.000000, 1.000000, 1.000000
X 0.294845, -0.845858, -0.444512
Y 0.653923, 0.517813, -0.551593
Z 0.696743, -0.128042, 0.705801

BONE 36
OFFSET -15.742270, -1.806072, 48.712933
SCALE 1.000000, 1.000000, 1.000000
X 0.294819, 0.845861, 0.444523
Y 0.653933, -0.517800, 0.551592
Z 0.696745, 0.128069, -0.705794

BONE 37
OFFSET -0.000527, -1.399727, 69.807846
SCALE 1.000000, 1.000000, 1.000000
X -0.000007, -0.216434, 0.976297
Y 0.000005, -0.976297, -0.216434
Z 1.000000, 0.000004, 0.000008

BONE 38
OFFSET 0.000054, -1.472068, 63.720364
SCALE 1.000000, 1.000000, 1.000000
X 1.000000, 0.000000, 0.000000
Y 0.000000, -0.000000, 1.000000
Z 0.000000, -1.000000, -0.000000

BONE 39
OFFSET 8.032188, 0.771017, 56.538502
SCALE 1.000000, 1.000000, 1.000000
X 0.662981, -0.260696, -0.701779
Y 0.273875, 0.956889, -0.096730
Z 0.696742, -0.128070, 0.705797

BONE 40
OFFSET -8.001591, 0.782987, 56.570709
SCALE 1.000000, 1.000000, 1.000000
X 0.662960, 0.260726, 0.701788
Y 0.273908, -0.956878, 0.096742
Z 0.696748, 0.128089, -0.705787

BONE 41
OFFSET -0.000540, -0.362329, 71.243195
SCALE 1.000000, 1.000000, 1.000000
X 0.000005, -0.999048, 0.043625
Y 1.000000, 0.000005, 0.000005
Z -0.000005, 0.043625, 0.999048

BONE 42
OFFSET 18.585669, -10.419226, 44.089733
SCALE 1.000000, 1.000000, 1.000000
X 0.299004, -0.782064, -0.546784
Y -0.792522, 0.115636, -0.598779
Z 0.531512, 0.612376, -0.585227

BONE 43
OFFSET -18.585567, -10.419399, 44.089657
SCALE 1.000000, 1.000000, 1.000000
X 0.299011, 0.782058, 0.546788
Y -0.792524, -0.115633, 0.598778
Z 0.531506, -0.612384, 0.585224

BONE 44
OFFSET 17.753496, -7.897926, 45.442410
SCALE 1.000000, 1.000000, 1.000000
X 0.294846, -0.845857, -0.444513
Y 0.653930, 0.517812, -0.551585
Z 0.696736, -0.128048, 0.705806

BONE 45
OFFSET -17.753546, -7.898361, 45.442448
SCALE 1.000000, 1.000000, 1.000000
X 0.294819, 0.845861, 0.444523
Y 0.653933, -0.517800, 0.551592
Z 0.696745, 0.128069, -0.705794

BONE 46
OFFSET 18.943596, -14.118733, 43.296165
SCALE 1.000000, 1.000000, 1.000000
X 0.252533, -0.921880, -0.293878
Y -0.670074, 0.052482, -0.740436
Z 0.698017, 0.383905, -0.604475

BONE 47
OFFSET -18.943485, -14.118932, 43.296089
SCALE 1.000000, 1.000000, 1.000000
X 0.252692, 0.921873, 0.293763
Y -0.670040, -0.052297, 0.740480
Z 0.697992, -0.383946, 0.604477

BONE 48
OFFSET 19.641989, -13.608097, 42.701954
SCALE 1.000000, 1.000000, 1.000000
X 0.066843, -0.793765, -0.604540
Y -0.837155, 0.285040, -0.466823
Z 0.542866, 0.537298, -0.645452

BONE 49
OFFSET -19.641909, -13.608223, 42.701809
SCALE 1.000000, 1.000000, 1.000000
X 0.066887, 0.793771, 0.604528
Y -0.837171, -0.284987, 0.466827
Z 0.542836, -0.537317, 0.645460

BONE 50
OFFSET 20.410118, -12.159682, 41.480377
SCALE 1.000000, 1.000000, 1.000000
X -0.099274, -0.722106, -0.684623
Y -0.848031, 0.421335, -0.321434
Z 0.520565, 0.548671, -0.654195

BONE 51
OFFSET -20.410091, -12.159837, 41.480251
SCALE 1.000000, 1.000000, 1.000000
X -0.099304, 0.722089, 0.684635
Y -0.848020, -0.421369, 0.321418
Z 0.520577, -0.548666, 0.654190

BONE 52
OFFSET 20.114302, -12.876246, 42.061901
SCALE 1.000000, 1.000000, 1.000000
X -0.006006, -0.738898, -0.673791
Y -0.878970, 0.325202, -0.348791
Z 0.476839, 0.590147, -0.651422

BONE 53
OFFSET -20.114208, -12.876396, 42.061890
SCALE 1.000000, 1.000000, 1.000000
X -0.005979, 0.738908, 0.673780
Y -0.878978, -0.325169, 0.348801
Z 0.476825, -0.590152, 0.651428

BONE 54
OFFSET 18.473015, -11.541899, 44.177650
SCALE 1.000000, 1.000000, 1.000000
X -0.766327, -0.594301, -0.244027
Y 0.525231, -0.360813, -0.770679
Z 0.369968, -0.718763, 0.588646

BONE 55
OFFSET -18.472874, -11.542074, 44.177635
SCALE 1.000000, 1.000000, 1.000000
X -0.766329, 0.594294, 0.244036
Y 0.525229, 0.360803, 0.770685
Z 0.369965, 0.718773, -0.588635

BONE 56
OFFSET -28.519896, -12.719981, 38.932270
SCALE 1.000000, 1.000000, 1.000000
X 0.000190, -1.000000, -0.000189
Y 1.000000, 0.000190, 0.000053
Z -0.000053, -0.000189, 1.000000

BONE 57
OFFSET -28.520119, -12.709172, 38.935143
SCALE 1.000000, 1.000000, 1.000000
X -0.000199, -1.000000, -0.000195
Y 0.998877, -0.000190, -0.047381
Z 0.047381, -0.000205, 0.998877

BONE 58
OFFSET 19.335176, -15.548034, 42.840546
SCALE 1.000000, 1.000000, 1.000000
X -0.305493, -0.603804, -0.736271
Y -0.647669, 0.698577, -0.304162
Z 0.697997, 0.383940, -0.604476

BONE 59
OFFSET -19.335234, -15.548249, 42.840523
SCALE 1.000000, 1.000000, 1.000000
X -0.305842, 0.603512, 0.736365
Y -0.647460, -0.698892, 0.303884
Z 0.698038, -0.383827, 0.604500

BONE 60
OFFSET 19.766018, -15.080857, 41.580357
SCALE 1.000000, 1.000000, 1.000000
X -0.742584, -0.051931, -0.667737
Y -0.392291, 0.841795, 0.370795
Z 0.542841, 0.537294, -0.645475

BONE 61
OFFSET -19.765930, -15.081016, 41.579948
SCALE 1.000000, 1.000000, 1.000000
X -0.742558, 0.051921, 0.667766
Y -0.392315, -0.841780, -0.370804
Z 0.542860, -0.537318, 0.645439

BONE 62
OFFSET 20.291075, -13.025280, 40.659801
SCALE 1.000000, 1.000000, 1.000000
X -0.734217, -0.103408, -0.670993
Y -0.435791, 0.829631, 0.348997
Z 0.520587, 0.548653, -0.654194

BONE 63
OFFSET -20.291012, -13.025424, 40.659672
SCALE 1.000000, 1.000000, 1.000000
X -0.734208, 0.103424, 0.671001
Y -0.435814, -0.829619, -0.348996
Z 0.520581, -0.548667, 0.654187

BONE 64
OFFSET 20.104219, -14.119193, 40.928596
SCALE 1.000000, 1.000000, 1.000000
X -0.750598, -0.112264, -0.651152
Y -0.457408, 0.799450, 0.389433
Z 0.476844, 0.590150, -0.651416

BONE 65
OFFSET -20.104130, -14.119358, 40.928261
SCALE 1.000000, 1.000000, 1.000000
X -0.750602, 0.112272, 0.651146
Y -0.457410, -0.799450, -0.389431
Z 0.476836, -0.590148, 0.651423

BONE 66
OFFSET 16.629330, -12.971684, 43.590553
SCALE 1.000000, 1.000000, 1.000000
X -0.513767, -0.686190, -0.514963
Y 0.774059, -0.111908, -0.623144
Z 0.369966, -0.718763, 0.588646

BONE 67
OFFSET -16.629194, -12.971821, 43.590179
SCALE 1.000000, 1.000000, 1.000000
X -0.513765, 0.686181, 0.514977
Y 0.774059, 0.111890, 0.623148
Z 0.369972, 0.718774, -0.588629

BONE 68
OFFSET 19.038221, -16.134914, 42.125023
SCALE 1.000000, 1.000000, 1.000000
X -0.554097, -0.245160, -0.795533
Y -0.453622, 0.890222, 0.041612
Z 0.698000, 0.383929, -0.604479

BONE 69
OFFSET -19.037983, -16.134798, 42.125008
SCALE 1.000000, 1.000000, 1.000000
X -0.553871, 0.245483, 0.795591
Y -0.453788, -0.890154, -0.041256
Z 0.698071, -0.383880, 0.604428

BONE 70
OFFSET 18.948034, -15.138112, 40.844826
SCALE 1.000000, 1.000000, 1.000000
X -0.836744, 0.280258, -0.470441
Y -0.071875, 0.795463, 0.601724
Z 0.542857, 0.537302, -0.645456

BONE 71
OFFSET -18.947971, -15.138271, 40.844528
SCALE 1.000000, 1.000000, 1.000000
X -0.836742, -0.280254, 0.470448
Y -0.071886, -0.795461, -0.601726
Z 0.542859, -0.537308, 0.645449

BONE 72
OFFSET 19.784019, -13.096679, 40.196491
SCALE 1.000000, 1.000000, 1.000000
X -0.853803, 0.339164, -0.394953
Y 0.005198, 0.764171, 0.644992
Z 0.520570, 0.548643, -0.654215

BONE 73
OFFSET -19.783998, -13.096812, 40.196270
SCALE 1.000000, 1.000000, 1.000000
X -0.853799, -0.339166, 0.394959
Y 0.005186, -0.764161, -0.645004
Z 0.520576, -0.548656, 0.654199

BONE 74
OFFSET 19.396437, -14.225060, 40.314682
SCALE 1.000000, 1.000000, 1.000000
X -0.861545, 0.166924, -0.479454
Y -0.174209, 0.789854, 0.588033
Z 0.476856, 0.590142, -0.651415

BONE 75
OFFSET -19.396343, -14.225204, 40.314499
SCALE 1.000000, 1.000000, 1.000000
X -0.861557, -0.166916, 0.479436
Y -0.174209, -0.789846, -0.588043
Z 0.476834, -0.590155, 0.651419

BONE 76
OFFSET 16.015608, -13.791351, 42.975456
SCALE 1.000000, 1.000000, 1.000000
X -0.178188, -0.676734, -0.714339
Y 0.911796, 0.159395, -0.378446
Z 0.369969, -0.718766, 0.588641

BONE 77
OFFSET -16.015455, -13.791477, 42.975048
SCALE 1.000000, 1.000000, 1.000000
X -0.178183, 0.676724, 0.714350
Y 0.911791, -0.159415, 0.378450
Z 0.369984, 0.718771, -0.588626

NUMVERTS 3482
VERT 0
OFFSET 6.523960, -5.141147, 56.763012
BONES 1
BONE 16 1.000000

VERT 1
OFFSET 6.259725, -4.793325, 56.542343
BONES 1
BONE 16 1.000000

VERT 2
OFFSET 6.440454, -5.665651, 56.063553
BONES 1
BONE 16 1.000000

VERT 3
OFFSET 7.289968, -5.353883, 56.827282
BONES 1
BONE 16 1.000000

VERT 4
OFFSET 7.443099, -5.032785, 56.670757
BONES 1
BONE 16 1.000000

VERT 5
OFFSET 6.586669, -4.826018, 56.620968
BONES 1
BONE 16 1.000000

VERT 6
OFFSET 7.484662, -5.921455, 56.237843
BONES 1
BONE 16 1.000000

VERT 7
OFFSET 7.807835, -5.637619, 56.041187
BONES 1
BONE 16 1.000000

VERT 8
OFFSET 7.892108, -6.530850, 55.414562
BONES 1
BONE 16 1.000000

VERT 9
OFFSET 8.149443, -6.338754, 55.267147
BONES 1
BONE 16 1.000000

VERT 10
OFFSET 8.126532, -7.167519, 54.184795
BONES 1
BONE 16 1.000000

VERT 11
OFFSET 7.955845, -7.314814, 54.242725
BONES 1
BONE 16 1.000000

VERT 12
OFFSET 7.454662, -4.779027, 56.373577
BONES 1
BONE 16 1.000000

VERT 13
OFFSET 7.663938, -5.295700, 55.743973
BONES 1
BONE 16 1.000000

VERT 14
OFFSET 6.672017, -4.633756, 56.331459
BONES 1
BONE 16 1.000000

VERT 15
OFFSET 8.019047, -6.087776, 55.064873
BONES 1
BONE 16 1.000000

VERT 16
OFFSET 6.588861, -5.147647, 55.654720
BONES 1
BONE 16 1.000000

VERT 17
OFFSET 8.029297, -7.058435, 54.040382
BONES 1
BONE 16 1.000000

VERT 18
OFFSET 7.089173, -5.243225, 55.663280
BONES 1
BONE 16 1.000000

VERT 19
OFFSET 6.926986, -5.809330, 56.110069
BONES 1
BONE 16 1.000000

VERT 20
OFFSET 5.989393, -7.495039, 53.062157
BONES 1
BONE 16 1.000000

VERT 21
OFFSET 6.674905, -7.170766, 52.758476
BONES 1
BONE 16 1.000000

VERT 22
OFFSET 7.116098, -7.733204, 53.153835
BONES 1
BONE 16 1.000000

VERT 23
OFFSET 6.430587, -8.057474, 53.457516
BONES 1
BONE 16 1.000000

VERT 24
OFFSET 6.234775, -5.380324, 55.830364
BONES 1
BONE 16 1.000000

VERT 25
OFFSET 6.658370, -5.920325, 56.209953
BONES 1
BONE 16 1.000000

VERT 26
OFFSET 6.892942, -5.068988, 55.538803
BONES 1
BONE 16 1.000000

VERT 27
OFFSET 7.316537, -5.608989, 55.918392
BONES 1
BONE 16 1.000000

VERT 28
OFFSET 6.098216, -6.459354, 53.315422
BONES 1
BONE 16 1.000000

VERT 29
OFFSET 6.804814, -6.385050, 53.201565
BONES 1
BONE 16 1.000000

VERT 30
OFFSET 7.394940, -6.733459, 53.420944
BONES 1
BONE 16 1.000000

VERT 31
OFFSET 7.522910, -7.300482, 53.845058
BONES 1
BONE 16 1.000000

VERT 32
OFFSET 7.113757, -7.753969, 54.225464
BONES 1
BONE 16 1.000000

VERT 33
OFFSET 6.407159, -7.828272, 54.339329
BONES 1
BONE 16 1.000000

VERT 34
OFFSET 5.817033, -7.479865, 54.119946
BONES 1
BONE 16 1.000000

VERT 35
OFFSET 5.689065, -6.912840, 53.695835
BONES 1
BONE 16 1.000000

VERT 36
OFFSET 6.021892, -5.649238, 53.972313
BONES 1
BONE 16 1.000000

VERT 37
OFFSET 6.941249, -5.552563, 53.824165
BONES 1
BONE 16 1.000000

VERT 38
OFFSET 7.709065, -6.005877, 54.109600
BONES 1
BONE 16 1.000000

VERT 39
OFFSET 7.875566, -6.743635, 54.661423
BONES 1
BONE 16 1.000000

VERT 40
OFFSET 7.343215, -7.333667, 55.156372
BONES 1
BONE 16 1.000000

VERT 41
OFFSET 6.423860, -7.430342, 55.304520
BONES 1
BONE 16 1.000000

VERT 42
OFFSET 5.656043, -6.977029, 55.019077
BONES 1
BONE 16 1.000000

VERT 43
OFFSET 5.502613, -6.242034, 54.468327
BONES 1
BONE 16 1.000000

VERT 44
OFFSET 6.946822, -5.212919, 54.501266
BONES 1
BONE 16 1.000000

VERT 45
OFFSET 7.626868, -5.614414, 54.754074
BONES 1
BONE 16 1.000000

VERT 46
OFFSET 7.774336, -6.267838, 55.242813
BONES 1
BONE 16 1.000000

VERT 47
OFFSET 7.302840, -6.790422, 55.681183
BONES 1
BONE 16 1.000000

VERT 48
OFFSET 6.488575, -6.876048, 55.812389
BONES 1
BONE 16 1.000000

VERT 49
OFFSET 5.808530, -6.474553, 55.559582
BONES 1
BONE 16 1.000000

VERT 50
OFFSET 5.661063, -5.821127, 55.070850
BONES 1
BONE 16 1.000000

VERT 51
OFFSET 6.132557, -5.298542, 54.632477
BONES 1
BONE 16 1.000000

VERT 52
OFFSET 6.880403, -5.358879, 54.938351
BONES 1
BONE 16 1.000000

VERT 53
OFFSET 7.315298, -5.615638, 55.100021
BONES 1
BONE 16 1.000000

VERT 54
OFFSET 7.409605, -6.033510, 55.412567
BONES 1
BONE 16 1.000000

VERT 55
OFFSET 7.108079, -6.367708, 55.692917
BONES 1
BONE 16 1.000000

VERT 56
OFFSET 6.587348, -6.422463, 55.776829
BONES 1
BONE 16 1.000000

VERT 57
OFFSET 6.152455, -6.165704, 55.615158
BONES 1
BONE 16 1.000000

VERT 58
OFFSET 6.058146, -5.747835, 55.302605
BONES 1
BONE 16 1.000000

VERT 59
OFFSET 6.359673, -5.413637, 55.022255
BONES 1
BONE 16 1.000000

VERT 60
OFFSET 5.202679, -4.708294, 57.125980
BONES 1
BONE 16 1.000000

VERT 61
OFFSET 5.480730, -4.513520, 56.773491
BONES 1
BONE 16 1.000000

VERT 62
OFFSET 4.827693, -5.251806, 56.546921
BONES 1
BONE 16 1.000000

VERT 63
OFFSET 5.244664, -5.304653, 57.653946
BONES 1
BONE 16 1.000000

VERT 64
OFFSET 5.622302, -5.384145, 57.607864
BONES 1
BONE 16 1.000000

VERT 65
OFFSET 5.542313, -4.716391, 57.036537
BONES 1
BONE 16 1.000000

VERT 66
OFFSET 4.899535, -6.001601, 57.333580
BONES 1
BONE 16 1.000000

VERT 67
OFFSET 5.306361, -6.241195, 57.361176
BONES 1
BONE 16 1.000000

VERT 68
OFFSET 4.631355, -7.003377, 56.959839
BONES 1
BONE 16 1.000000

VERT 69
OFFSET 4.922162, -7.201704, 56.990711
BONES 1
BONE 16 1.000000

VERT 70
OFFSET 4.360920, -8.125972, 56.160290
BONES 1
BONE 16 1.000000

VERT 71
OFFSET 4.157474, -8.025037, 56.109241
BONES 1
BONE 16 1.000000

VERT 72
OFFSET 5.918858, -5.468406, 57.367458
BONES 1
BONE 16 1.000000

VERT 73
OFFSET 5.633422, -6.179851, 57.021729
BONES 1
BONE 16 1.000000

VERT 74
OFFSET 5.804729, -4.872779, 56.850143
BONES 1
BONE 16 1.000000

VERT 75
OFFSET 5.150995, -7.129590, 56.739033
BONES 1
BONE 16 1.000000

VERT 76
OFFSET 5.435211, -5.399364, 56.288773
BONES 1
BONE 16 1.000000

VERT 77
OFFSET 4.458156, -8.098066, 55.981476
BONES 1
BONE 16 1.000000

VERT 78
OFFSET 5.509264, -5.791784, 56.605068
BONES 1
BONE 16 1.000000

VERT 79
OFFSET 4.845332, -5.630529, 56.887188
BONES 1
BONE 16 1.000000

VERT 80
OFFSET 3.577527, -7.357434, 53.985302
BONES 1
BONE 16 1.000000

VERT 81
OFFSET 4.161518, -7.905235, 54.147057
BONES 1
BONE 16 1.000000

VERT 82
OFFSET 3.708911, -8.207928, 54.756008
BONES 1
BONE 16 1.000000

VERT 83
OFFSET 3.124923, -7.660125, 54.594254
BONES 1
BONE 16 1.000000

VERT 84
OFFSET 5.069645, -5.130231, 56.223244
BONES 1
BONE 16 1.000000

VERT 85
OFFSET 4.635094, -5.420850, 56.807899
BONES 1
BONE 16 1.000000

VERT 86
OFFSET 5.630339, -5.656183, 56.378548
BONES 1
BONE 16 1.000000

VERT 87
OFFSET 5.195789, -5.946802, 56.963203
BONES 1
BONE 16 1.000000

VERT 88
OFFSET 4.520686, -6.896846, 54.201954
BONES 1
BONE 16 1.000000

VERT 89
OFFSET 4.843375, -7.444687, 54.538864
BONES 1
BONE 16 1.000000

VERT 90
OFFSET 4.671897, -7.875680, 55.088955
BONES 1
BONE 16 1.000000

VERT 91
OFFSET 4.106708, -7.937353, 55.530006
BONES 1
BONE 16 1.000000

VERT 92
OFFSET 3.478883, -7.593580, 55.603642
BONES 1
BONE 16 1.000000

VERT 93
OFFSET 3.156195, -7.045740, 55.266735
BONES 1
BONE 16 1.000000

VERT 94
OFFSET 3.327672, -6.614748, 54.716637
BONES 1
BONE 16 1.000000

VERT 95
OFFSET 3.892863, -6.553072, 54.275589
BONES 1
BONE 16 1.000000

VERT 96
OFFSET 5.115556, -6.154375, 54.636101
BONES 1
BONE 16 1.000000

VERT 97
OFFSET 5.535406, -6.867173, 55.074455
BONES 1
BONE 16 1.000000

VERT 98
OFFSET 5.312298, -7.427939, 55.790188
BONES 1
BONE 16 1.000000

VERT 99
OFFSET 4.576926, -7.508183, 56.364033
BONES 1
BONE 16 1.000000

VERT 100
OFFSET 3.760060, -7.060897, 56.459843
BONES 1
BONE 16 1.000000

VERT 101
OFFSET 3.340211, -6.348099, 56.021492
BONES 1
BONE 16 1.000000

VERT 102
OFFSET 3.563319, -5.787335, 55.305752
BONES 1
BONE 16 1.000000

VERT 103
OFFSET 4.300215, -5.716957, 54.740845
BONES 1
BONE 16 1.000000

VERT 104
OFFSET 5.718384, -6.350410, 55.597260
BONES 1
BONE 16 1.000000

VERT 105
OFFSET 5.520778, -6.847075, 56.231174
BONES 1
BONE 16 1.000000

VERT 106
OFFSET 4.869469, -6.918144, 56.739429
BONES 1
BONE 16 1.000000

VERT 107
OFFSET 4.145980, -6.521989, 56.824284
BONES 1
BONE 16 1.000000

VERT 108
OFFSET 3.774124, -5.890672, 56.436039
BONES 1
BONE 16 1.000000

VERT 109
OFFSET 3.971727, -5.394010, 55.802120
BONES 1
BONE 16 1.000000

VERT 110
OFFSET 4.623039, -5.322936, 55.293873
BONES 1
BONE 16 1.000000

VERT 111
OFFSET 5.346527, -5.719090, 55.209015
BONES 1
BONE 16 1.000000

VERT 112
OFFSET 5.476032, -6.104683, 55.909740
BONES 1
BONE 16 1.000000

VERT 113
OFFSET 5.349664, -6.422303, 56.315140
BONES 1
BONE 16 1.000000

VERT 114
OFFSET 4.933144, -6.467756, 56.640163
BONES 1
BONE 16 1.000000

VERT 115
OFFSET 4.470467, -6.214411, 56.694427
BONES 1
BONE 16 1.000000

VERT 116
OFFSET 4.232662, -5.810675, 56.446148
BONES 1
BONE 16 1.000000

VERT 117
OFFSET 4.359032, -5.493055, 56.040749
BONES 1
BONE 16 1.000000

VERT 118
OFFSET 4.775550, -5.447606, 55.715721
BONES 1
BONE 16 1.000000

VERT 119
OFFSET 5.238226, -5.700950, 55.661449
BONES 1
BONE 16 1.000000

VERT 120
OFFSET -3.591149, -0.468684, 15.893981
BONES 4
BONE 4 0.019696
BONE 10 0.847486
BONE 15 0.132761
BONE 8 0.000056

VERT 121
OFFSET -4.317160, -0.649747, 15.425296
BONES 4
BONE 4 0.012813
BONE 10 0.880393
BONE 15 0.106787
BONE 8 0.000007

VERT 122
OFFSET -5.954572, -0.622724, 15.604429
BONES 4
BONE 4 0.014412
BONE 10 0.879809
BONE 15 0.105769
BONE 8 0.000010

VERT 123
OFFSET -6.544041, -0.610271, 16.184576
BONES 4
BONE 4 0.023198
BONE 10 0.868288
BONE 15 0.108488
BONE 8 0.000027

VERT 124
OFFSET -2.916856, -0.893844, 17.076862
BONES 4
BONE 4 0.060037
BONE 10 0.633521
BONE 15 0.305905
BONE 8 0.000537

VERT 125
OFFSET -4.106900, -1.928447, 16.514467
BONES 4
BONE 4 0.031521
BONE 10 0.558596
BONE 15 0.409784
BONE 8 0.000100

VERT 126
OFFSET -6.054170, -1.882053, 16.728701
BONES 4
BONE 4 0.034270
BONE 10 0.553891
BONE 15 0.411682
BONE 8 0.000158

VERT 127
OFFSET -7.064962, -0.994475, 17.488443
BONES 4
BONE 4 0.071867
BONE 10 0.601813
BONE 15 0.325802
BONE 8 0.000518

VERT 128
OFFSET -2.486834, -2.693091, 20.431419
BONES 3
BONE 4 0.060964
BONE 10 0.000000
BONE 15 0.939036

VERT 129
OFFSET -3.543428, -2.982653, 20.827587
BONES 4
BONE 4 0.113879
BONE 10 0.001554
BONE 15 0.883274
BONE 8 0.001292

VERT 130
OFFSET -5.564191, -2.914093, 21.027008
BONES 4
BONE 4 0.164680
BONE 10 0.006566
BONE 15 0.823226
BONE 8 0.005528

VERT 131
OFFSET -6.754905, -2.468263, 20.833586
BONES 4
BONE 4 0.123821
BONE 10 0.002471
BONE 15 0.871448
BONE 8 0.002261

VERT 132
OFFSET -3.344734, -0.110988, 15.496850
BONES 4
BONE 4 0.012980
BONE 10 0.875943
BONE 15 0.111054
BONE 8 0.000023

VERT 133
OFFSET -4.262071, -0.585780, 14.928412
BONES 4
BONE 4 0.009025
BONE 10 0.887609
BONE 15 0.103363
BONE 8 0.000003

VERT 134
OFFSET -6.162560, -0.512261, 15.111201
BONES 4
BONE 4 0.009979
BONE 10 0.885187
BONE 15 0.104828
BONE 8 0.000006

VERT 135
OFFSET -6.958340, -0.244581, 15.843153
BONES 4
BONE 4 0.016329
BONE 10 0.875887
BONE 15 0.107765
BONE 8 0.000019

VERT 136
OFFSET -2.165459, -2.674565, 20.916399
BONES 3
BONE 4 0.060964
BONE 10 0.000000
BONE 15 0.939036

VERT 137
OFFSET -3.350055, -3.009102, 21.453785
BONES 4
BONE 4 0.113879
BONE 10 0.001554
BONE 15 0.883274
BONE 8 0.001292

VERT 138
OFFSET -5.688600, -2.933060, 21.699507
BONES 4
BONE 4 0.164680
BONE 10 0.006566
BONE 15 0.823226
BONE 8 0.005528

VERT 139
OFFSET -7.063662, -2.408863, 21.474426
BONES 4
BONE 4 0.123821
BONE 10 0.002471
BONE 15 0.871448
BONE 8 0.002261

VERT 140
OFFSET -7.624556, -0.594197, 17.566715
BONES 4
BONE 4 0.039044
BONE 10 0.649153
BONE 15 0.311570
BONE 8 0.000233

VERT 141
OFFSET -3.318080, 0.313744, 15.455855
BONES 4
BONE 4 0.011345
BONE 10 0.882687
BONE 15 0.105953
BONE 8 0.000015

VERT 142
OFFSET -4.324092, -0.141396, 14.822930
BONES 4
BONE 4 0.008545
BONE 10 0.888132
BONE 15 0.103320
BONE 8 0.000003

VERT 143
OFFSET -6.178242, -0.074418, 14.973953
BONES 4
BONE 4 0.009189
BONE 10 0.886153
BONE 15 0.104653
BONE 8 0.000005

VERT 144
OFFSET -7.139772, 0.291104, 15.849670
BONES 4
BONE 4 0.017568
BONE 10 0.871390
BONE 15 0.110991
BONE 8 0.000051

VERT 145
OFFSET -2.072392, -2.078620, 21.263895
BONES 4
BONE 4 0.060964
BONE 10 0.000000
BONE 15 0.939036
BONE 8 0.000000

VERT 146
OFFSET -3.387938, -2.559926, 21.804926
BONES 4
BONE 4 0.113880
BONE 10 0.001554
BONE 15 0.883274
BONE 8 0.001292

VERT 147
OFFSET -5.677649, -2.480235, 22.073076
BONES 4
BONE 4 0.164681
BONE 10 0.006566
BONE 15 0.823225
BONE 8 0.005528

VERT 148
OFFSET -7.171207, -1.839174, 21.935242
BONES 4
BONE 4 0.123822
BONE 10 0.002471
BONE 15 0.871446
BONE 8 0.002261

VERT 149
OFFSET -2.380721, -0.010796, 17.208754
BONES 4
BONE 4 0.052912
BONE 10 0.725169
BONE 15 0.220971
BONE 8 0.000948

VERT 150
OFFSET -7.659053, 0.245106, 17.885643
BONES 4
BONE 4 0.088807
BONE 10 0.718518
BONE 15 0.191813
BONE 8 0.000861

VERT 151
OFFSET -1.854536, -0.946976, 19.504395
BONES 4
BONE 4 0.085764
BONE 10 0.125443
BONE 15 0.786433
BONE 8 0.002360

VERT 152
OFFSET -1.954003, -1.596096, 19.192945
BONES 4
BONE 4 0.024380
BONE 10 0.099311
BONE 15 0.876175
BONE 8 0.000133

VERT 153
OFFSET -2.427386, -1.816590, 18.948353
BONES 4
BONE 4 0.005574
BONE 10 0.107988
BONE 15 0.886427
BONE 8 0.000011

VERT 154
OFFSET -3.803680, -2.995452, 18.752253
BONES 3
BONE 4 0.010275
BONE 10 0.115619
BONE 15 0.874107

VERT 155
OFFSET -5.864760, -2.954718, 19.026678
BONES 3
BONE 4 0.014027
BONE 10 0.089656
BONE 15 0.896317

VERT 156
OFFSET -7.217177, -1.747360, 19.484125
BONES 4
BONE 4 0.060279
BONE 10 0.122563
BONE 15 0.816246
BONE 8 0.000912

VERT 157
OFFSET -7.730954, -1.396241, 19.831873
BONES 4
BONE 4 0.079308
BONE 10 0.117480
BONE 15 0.801996
BONE 8 0.001216

VERT 158
OFFSET -7.802989, -0.536507, 20.245464
BONES 4
BONE 4 0.131677
BONE 10 0.144028
BONE 15 0.721942
BONE 8 0.002354

VERT 159
OFFSET -2.923438, 4.653557, 18.697327
BONES 4
BONE 4 0.184404
BONE 10 0.794436
BONE 15 0.017529
BONE 8 0.003631

VERT 160
OFFSET -2.836956, 3.829795, 20.867887
BONES 7
BONE 1 0.000006
BONE 3 0.000000
BONE 7 0.000006
BONE 4 0.856447
BONE 10 0.124385
BONE 15 0.010959
BONE 8 0.008197

VERT 161
OFFSET -7.953633, 1.433273, 18.281498
BONES 4
BONE 4 0.132478
BONE 10 0.768505
BONE 15 0.097611
BONE 8 0.001407

VERT 162
OFFSET -8.033234, 0.926830, 20.515528
BONES 4
BONE 4 0.531232
BONE 10 0.290564
BONE 15 0.168381
BONE 8 0.009824

VERT 163
OFFSET -7.417581, 2.752380, 20.756372
BONES 5
BONE 1 0.000000
BONE 4 0.720990
BONE 10 0.220974
BONE 15 0.051346
BONE 8 0.006691

VERT 164
OFFSET -7.542771, 3.390449, 18.684717
BONES 4
BONE 4 0.164598
BONE 10 0.787823
BONE 15 0.045365
BONE 8 0.002214

VERT 165
OFFSET -5.418057, 4.232778, 21.021091
BONES 6
BONE 1 0.000003
BONE 7 0.000001
BONE 4 0.835187
BONE 10 0.146237
BONE 15 0.009612
BONE 8 0.008961

VERT 166
OFFSET -5.444510, 4.812912, 18.819548
BONES 4
BONE 4 0.180966
BONE 10 0.804447
BONE 15 0.010937
BONE 8 0.003649

VERT 167
OFFSET -1.286816, 1.441706, 20.174477
BONES 4
BONE 4 0.454139
BONE 10 0.292706
BONE 15 0.233410
BONE 8 0.019745

VERT 168
OFFSET -1.767312, 1.939822, 17.818518
BONES 4
BONE 4 0.145541
BONE 10 0.782808
BONE 15 0.067709
BONE 8 0.003942

VERT 169
OFFSET -1.663188, 2.638609, 20.522011
BONES 7
BONE 1 0.000030
BONE 3 0.000000
BONE 7 0.000024
BONE 4 0.665509
BONE 10 0.244019
BONE 15 0.068547
BONE 8 0.021871

VERT 170
OFFSET -1.958018, 3.369841, 18.297180
BONES 4
BONE 4 0.185340
BONE 10 0.772376
BONE 15 0.038251
BONE 8 0.004032

VERT 171
OFFSET -2.809304, -1.598704, 20.722057
BONES 3
BONE 4 0.124860
BONE 10 0.000000
BONE 15 0.875140

VERT 172
OFFSET -3.627471, -1.992775, 21.145655
BONES 4
BONE 4 0.173115
BONE 10 0.006935
BONE 15 0.814177
BONE 8 0.005774

VERT 173
OFFSET -5.552516, -1.853395, 21.449574
BONES 4
BONE 4 0.246756
BONE 10 0.016369
BONE 15 0.722716
BONE 8 0.014160

VERT 174
OFFSET -6.612890, -1.303270, 21.443184
BONES 4
BONE 4 0.275056
BONE 10 0.026221
BONE 15 0.684851
BONE 8 0.013873

VERT 175
OFFSET -2.325260, -0.999422, 19.993015
BONES 4
BONE 4 0.070831
BONE 10 0.030288
BONE 15 0.897716
BONE 8 0.001165

VERT 176
OFFSET -7.313131, -0.647654, 20.660526
BONES 4
BONE 4 0.252564
BONE 10 0.066533
BONE 15 0.675272
BONE 8 0.005632

VERT 177
OFFSET -2.571309, -0.397277, 17.801960
BONES 4
BONE 4 0.030702
BONE 10 0.551473
BONE 15 0.417604
BONE 8 0.000222

VERT 178
OFFSET -2.328813, -0.880000, 19.069794
BONES 4
BONE 4 0.011293
BONE 10 0.136723
BONE 15 0.851676
BONE 8 0.000308

VERT 179
OFFSET -7.299479, -0.005281, 18.472643
BONES 4
BONE 4 0.068006
BONE 10 0.572354
BONE 15 0.359003
BONE 8 0.000637

VERT 180
OFFSET -7.380300, -0.446021, 19.835245
BONES 4
BONE 4 0.133963
BONE 10 0.156058
BONE 15 0.707605
BONE 8 0.002374

VERT 181
OFFSET -2.176162, 1.650237, 18.447514
BONES 4
BONE 4 0.191089
BONE 10 0.679517
BONE 15 0.123836
BONE 8 0.005558

VERT 182
OFFSET -7.465342, 1.213935, 18.765581
BONES 4
BONE 4 0.161471
BONE 10 0.709755
BONE 15 0.126990
BONE 8 0.001783

VERT 183
OFFSET -1.783261, 1.413121, 19.716354
BONES 4
BONE 4 0.337767
BONE 10 0.377971
BONE 15 0.273841
BONE 8 0.010422

VERT 184
OFFSET -1.553849, 1.205447, 20.712828
BONES 4
BONE 4 0.531257
BONE 10 0.155550
BONE 15 0.286579
BONE 8 0.026614

VERT 185
OFFSET -7.575486, 0.898215, 20.116556
BONES 4
BONE 4 0.389051
BONE 10 0.394751
BONE 15 0.208151
BONE 8 0.008047

VERT 186
OFFSET -7.759359, 0.519994, 20.895664
BONES 4
BONE 4 0.618662
BONE 10 0.155524
BONE 15 0.214403
BONE 8 0.011412

VERT 187
OFFSET -5.324488, 4.199082, 19.197182
BONES 4
BONE 4 0.259418
BONE 10 0.719571
BONE 15 0.014822
BONE 8 0.006189

VERT 188
OFFSET -5.335015, 3.898060, 20.475470
BONES 4
BONE 4 0.740379
BONE 10 0.233854
BONE 15 0.015274
BONE 8 0.010492

VERT 189
OFFSET -5.359895, 3.542236, 21.389654
BONES 6
BONE 1 0.000003
BONE 7 0.000002
BONE 4 0.945086
BONE 10 0.042480
BONE 15 0.005301
BONE 8 0.007128

VERT 190
OFFSET -3.118689, 3.545359, 20.369894
BONES 4
BONE 4 0.776071
BONE 10 0.194980
BONE 15 0.017401
BONE 8 0.011548

VERT 191
OFFSET -2.992636, 3.236953, 21.242760
BONES 6
BONE 1 0.000001
BONE 7 0.000001
BONE 4 0.975689
BONE 10 0.017543
BONE 15 0.002558
BONE 8 0.004208

VERT 192
OFFSET -3.085018, 4.106807, 19.132257
BONES 4
BONE 4 0.266892
BONE 10 0.704244
BONE 15 0.022438
BONE 8 0.006425

VERT 193
OFFSET -7.145556, 2.927752, 19.076336
BONES 4
BONE 4 0.217669
BONE 10 0.717615
BONE 15 0.061656
BONE 8 0.003060

VERT 194
OFFSET -7.058558, 2.537484, 20.282812
BONES 4
BONE 4 0.664350
BONE 10 0.266063
BONE 15 0.063491
BONE 8 0.006096

VERT 195
OFFSET -7.145122, 2.206201, 21.140833
BONES 5
BONE 1 0.000000
BONE 4 0.855866
BONE 10 0.090314
BONE 15 0.045429
BONE 8 0.008391

VERT 196
OFFSET -1.900508, 2.214099, 21.012829
BONES 4
BONE 4 0.745579
BONE 10 0.144020
BONE 15 0.081510
BONE 8 0.028891

VERT 197
OFFSET -2.123833, 2.433845, 20.080095
BONES 4
BONE 4 0.633885
BONE 10 0.301387
BONE 15 0.053681
BONE 8 0.011047

VERT 198
OFFSET -2.321946, 2.989713, 18.831511
BONES 4
BONE 4 0.268678
BONE 10 0.670574
BONE 15 0.054170
BONE 8 0.006578

VERT 199
OFFSET -2.465937, -0.591022, 17.008047
BONES 4
BONE 4 0.049769
BONE 10 0.681348
BONE 15 0.268386
BONE 8 0.000497

VERT 200
OFFSET -3.731903, 0.161820, 16.116472
BONES 4
BONE 4 0.020962
BONE 10 0.948991
BONE 15 0.029989
BONE 8 0.000058

VERT 201
OFFSET -4.493236, -0.113318, 15.668911
BONES 4
BONE 4 0.014349
BONE 10 0.978076
BONE 15 0.007564
BONE 8 0.000010

VERT 202
OFFSET -5.842050, -0.035100, 15.754258
BONES 4
BONE 4 0.015286
BONE 10 0.978928
BONE 15 0.005776
BONE 8 0.000010

VERT 203
OFFSET -6.550658, 0.202128, 16.366072
BONES 4
BONE 4 0.026161
BONE 10 0.964951
BONE 15 0.008856
BONE 8 0.000032

VERT 204
OFFSET -2.950686, 0.102937, 16.889387
BONES 4
BONE 4 0.043708
BONE 10 0.832835
BONE 15 0.122937
BONE 8 0.000520

VERT 205
OFFSET -7.196436, 0.251420, 17.324932
BONES 4
BONE 4 0.076477
BONE 10 0.871672
BONE 15 0.051228
BONE 8 0.000623

VERT 206
OFFSET -2.150964, 2.142205, 17.265203
BONES 4
BONE 4 0.090220
BONE 10 0.873808
BONE 15 0.033855
BONE 8 0.002117

VERT 207
OFFSET -7.618806, 1.582622, 17.737579
BONES 4
BONE 4 0.093014
BONE 10 0.840881
BONE 15 0.065199
BONE 8 0.000906

VERT 208
OFFSET -5.396583, 4.659877, 18.174723
BONES 4
BONE 4 0.098843
BONE 10 0.892535
BONE 15 0.007651
BONE 8 0.000971

VERT 209
OFFSET -3.133123, 4.569881, 18.073868
BONES 4
BONE 4 0.109566
BONE 10 0.877356
BONE 15 0.012044
BONE 8 0.001034

VERT 210
OFFSET -7.329000, 3.383798, 18.082157
BONES 4
BONE 4 0.094672
BONE 10 0.876680
BONE 15 0.027575
BONE 8 0.001073

VERT 211
OFFSET -2.313651, 3.435673, 17.705725
BONES 4
BONE 4 0.105131
BONE 10 0.870245
BONE 15 0.023055
BONE 8 0.001569

VERT 212
OFFSET 3.591149, -0.468684, 15.893981
BONES 4
BONE 3 0.035488
BONE 9 0.741146
BONE 14 0.222999
BONE 7 0.000367

VERT 213
OFFSET 4.317160, -0.649747, 15.425296
BONES 4
BONE 3 0.017829
BONE 9 0.780351
BONE 14 0.201663
BONE 7 0.000158

VERT 214
OFFSET 5.954572, -0.622724, 15.604429
BONES 4
BONE 3 0.023552
BONE 9 0.783678
BONE 14 0.192659
BONE 7 0.000111

VERT 215
OFFSET 6.544041, -0.610271, 16.184576
BONES 4
BONE 3 0.049707
BONE 9 0.742215
BONE 14 0.207846
BONE 7 0.000232

VERT 216
OFFSET 2.916856, -0.893844, 17.076862
BONES 4
BONE 3 0.060037
BONE 9 0.633519
BONE 14 0.305907
BONE 7 0.000537

VERT 217
OFFSET 4.106900, -1.928447, 16.514467
BONES 4
BONE 3 0.031521
BONE 9 0.558594
BONE 14 0.409785
BONE 7 0.000100

VERT 218
OFFSET 6.054170, -1.882053, 16.728701
BONES 4
BONE 3 0.034270
BONE 9 0.553889
BONE 14 0.411683
BONE 7 0.000158

VERT 219
OFFSET 7.064962, -0.994475, 17.488443
BONES 4
BONE 3 0.071867
BONE 9 0.601811
BONE 14 0.325804
BONE 7 0.000518

VERT 220
OFFSET 2.486834, -2.693091, 20.431419
BONES 2
BONE 3 0.099825
BONE 14 0.900175

VERT 221
OFFSET 3.543428, -2.982653, 20.827587
BONES 5
BONE 1 0.000003
BONE 3 0.177379
BONE 9 0.006893
BONE 14 0.810934
BONE 7 0.004792

VERT 222
OFFSET 5.564191, -2.914093, 21.027008
BONES 5
BONE 1 0.000003
BONE 3 0.206861
BONE 9 0.011895
BONE 14 0.773446
BONE 7 0.007794

VERT 223
OFFSET 6.754905, -2.468263, 20.833586
BONES 5
BONE 1 0.000000
BONE 3 0.157654
BONE 9 0.004314
BONE 14 0.835799
BONE 7 0.002232

VERT 224
OFFSET 3.344734, -0.110988, 15.496850
BONES 4
BONE 3 0.027022
BONE 9 0.769562
BONE 14 0.203056
BONE 7 0.000360

VERT 225
OFFSET 4.262071, -0.585780, 14.928412
BONES 4
BONE 3 0.012294
BONE 9 0.805111
BONE 14 0.182448
BONE 7 0.000146

VERT 226
OFFSET 6.162560, -0.512261, 15.111201
BONES 4
BONE 3 0.015413
BONE 9 0.813296
BONE 14 0.171220
BONE 7 0.000071

VERT 227
OFFSET 6.958340, -0.244581, 15.843153
BONES 4
BONE 3 0.034874
BONE 9 0.779795
BONE 14 0.185183
BONE 7 0.000148

VERT 228
OFFSET 2.165459, -2.674565, 20.916399
BONES 2
BONE 3 0.099825
BONE 14 0.900175

VERT 229
OFFSET 3.350055, -3.009102, 21.453785
BONES 5
BONE 1 0.000003
BONE 3 0.177379
BONE 9 0.006893
BONE 14 0.810934
BONE 7 0.004792

VERT 230
OFFSET 5.688600, -2.933060, 21.699507
BONES 5
BONE 1 0.000003
BONE 3 0.206861
BONE 9 0.011895
BONE 14 0.773446
BONE 7 0.007794

VERT 231
OFFSET 7.063662, -2.408863, 21.474426
BONES 5
BONE 1 0.000000
BONE 3 0.157654
BONE 9 0.004314
BONE 14 0.835799
BONE 7 0.002232

VERT 232
OFFSET 2.465937, -0.591022, 17.008047
BONES 4
BONE 3 0.062456
BONE 9 0.634291
BONE 14 0.302588
BONE 7 0.000664

VERT 233
OFFSET 7.624556, -0.594197, 17.566715
BONES 4
BONE 3 0.080225
BONE 9 0.605720
BONE 14 0.313084
BONE 7 0.000971

VERT 234
OFFSET 3.318080, 0.313744, 15.455855
BONES 4
BONE 3 0.025523
BONE 9 0.777435
BONE 14 0.196678
BONE 7 0.000364

VERT 235
OFFSET 4.324092, -0.141396, 14.822930
BONES 4
BONE 3 0.012133
BONE 9 0.809710
BONE 14 0.178010
BONE 7 0.000148

VERT 236
OFFSET 6.178242, -0.074418, 14.973953
BONES 4
BONE 3 0.014378
BONE 9 0.819789
BONE 14 0.165769
BONE 7 0.000064

VERT 237
OFFSET 7.139772, 0.291104, 15.849670
BONES 4
BONE 3 0.033480
BONE 9 0.787784
BONE 14 0.178535
BONE 7 0.000201

VERT 238
OFFSET 2.072392, -2.078620, 21.263895
BONES 2
BONE 3 0.099825
BONE 14 0.900175

VERT 239
OFFSET 3.387938, -2.559926, 21.804926
BONES 5
BONE 1 0.000003
BONE 3 0.177379
BONE 9 0.006893
BONE 14 0.810934
BONE 7 0.004792

VERT 240
OFFSET 5.677649, -2.480235, 22.073076
BONES 5
BONE 1 0.000003
BONE 3 0.206861
BONE 9 0.011895
BONE 14 0.773446
