// Export filename: 'C:/projects/cod/t5/model_export/cuban/characters/cod7/tropas/mp/_c_cub_tropas_mp_body_armor_LOD0.XMODEL_EXPORT'
// Source filename: 'D:/projects/devart/t5/model_export/cuban/characters/cod7/tropas/mp/_c_cub_tropas_mp_armor.ma'
// Export time: Mon Sep 13 12:57:59 2010
MODEL
VERSION 6

NUMBONES 78
BONE 0 -1 "TAG_ORIGIN"
BONE 1 0 "J_MainRoot"
BONE 2 0 "TAG_SYNC"
BONE 3 1 "J_Hip_LE"
BONE 4 1 "J_Hip_RI"
BONE 5 1 "J_SpineLower"
BONE 6 1 "TAG_STOWED_DEPLOY"
BONE 7 3 "J_HipTwist_LE"
BONE 8 4 "J_HipTwist_RI"
BONE 9 3 "J_Knee_LE"
BONE 10 4 "J_Knee_RI"
BONE 11 5 "J_SpineUpper"
BONE 12 9 "J_Ankle_LE"
BONE 13 10 "J_Ankle_RI"
BONE 14 9 "J_Knee_Bulge_LE"
BONE 15 10 "J_Knee_Bulge_RI"
BONE 16 11 "J_Spine4"
BONE 17 11 "TAG_STOWED_BACKPACK"
BONE 18 12 "J_Ball_LE"
BONE 19 13 "J_Ball_RI"
BONE 20 16 "J_Clavicle_LE"
BONE 21 16 "J_Clavicle_RI"
BONE 22 16 "J_Neck"
BONE 23 16 "J_ShoulderRaise_LE"
BONE 24 16 "J_ShoulderRaise_RI"
BONE 25 16 "TAG_INHAND"
BONE 26 16 "TAG_STOWED_BACK"
BONE 27 16 "TAG_STOWED_LETHAL"
BONE 28 16 "TAG_STOWED_TACTICAL"
BONE 29 16 "TAG_WEAPON_CHEST"
BONE 30 22 "J_Head"
BONE 31 20 "J_Shoulder_LE"
BONE 32 21 "J_Shoulder_RI"
BONE 33 31 "J_Elbow_Bulge_LE"
BONE 34 32 "J_Elbow_Bulge_RI"
BONE 35 31 "J_Elbow_LE"
BONE 36 32 "J_Elbow_RI"
BONE 37 30 "J_Head_END"
BONE 38 30 "J_Jaw"
BONE 39 31 "J_ShoulderTwist_LE"
BONE 40 32 "J_ShoulderTwist_RI"
BONE 41 37 "J_Helmet"
BONE 42 35 "J_Wrist_LE"
BONE 43 36 "J_Wrist_RI"
BONE 44 35 "J_WristTwist_LE"
BONE 45 36 "J_WristTwist_RI"
BONE 46 42 "J_Index_LE_1"
BONE 47 43 "J_Index_RI_1"
BONE 48 42 "J_Mid_LE_1"
BONE 49 43 "J_Mid_RI_1"
BONE 50 42 "J_Pinky_LE_1"
BONE 51 43 "J_Pinky_RI_1"
BONE 52 42 "J_Ring_LE_1"
BONE 53 43 "J_Ring_RI_1"
BONE 54 42 "J_Thumb_LE_1"
BONE 55 43 "J_Thumb_RI_1"
BONE 56 42 "TAG_WEAPON_LEFT"
BONE 57 43 "TAG_WEAPON_RIGHT"
BONE 58 46 "J_Index_LE_2"
BONE 59 47 "J_Index_RI_2"
BONE 60 48 "J_Mid_LE_2"
BONE 61 49 "J_Mid_RI_2"
BONE 62 50 "J_Pinky_LE_2"
BONE 63 51 "J_Pinky_RI_2"
BONE 64 52 "J_Ring_LE_2"
BONE 65 53 "J_Ring_RI_2"
BONE 66 54 "J_Thumb_LE_2"
BONE 67 55 "J_Thumb_RI_2"
BONE 68 58 "J_Index_LE_3"
BONE 69 59 "J_Index_RI_3"
BONE 70 60 "J_Mid_LE_3"
BONE 71 61 "J_Mid_RI_3"
BONE 72 62 "J_Pinky_LE_3"
BONE 73 63 "J_Pinky_RI_3"
BONE 74 64 "J_Ring_LE_3"
BONE 75 65 "J_Ring_RI_3"
BONE 76 66 "J_Thumb_LE_3"
BONE 77 67 "J_Thumb_RI_3"

BONE 0
OFFSET 0.000002, -2.222000, 0.000042
SCALE 1.000000, 1.000000, 1.000000
X -0.000000, -1.000000, -0.000001
Y 1.000000, -0.000000, 0.000000
Z -0.000000, -0.000001, 1.000000

BONE 1
OFFSET 0.000082, 1.218927, 37.228020
SCALE 1.000000, 1.000000, 1.000000
X 0.000005, 0.024825, 0.999692
Y 0.000006, -0.999692, 0.024825
Z 1.000000, 0.000006, -0.000005

BONE 2
OFFSET 0.000002, -2.219720, 0.000042
SCALE 1.000000, 1.000000, 1.000000
X -0.000000, -1.000000, -0.000003
Y 1.000000, -0.000000, 0.000000
Z -0.000000, -0.000003, 1.000000

BONE 3
OFFSET 4.865472, 1.218951, 37.228016
SCALE 1.000000, 1.000000, 1.000000
X -0.008941, 0.033879, -0.999386
Y -0.004877, -0.999415, -0.033837
Z -0.999948, 0.004571, 0.009101

BONE 4
OFFSET -4.865293, 1.218927, 37.227978
SCALE 1.000000, 1.000000, 1.000000
X -0.008909, -0.033842, 0.999388
Y -0.004870, 0.999417, 0.033800
Z -0.999948, -0.004566, -0.009069

BONE 5
OFFSET 0.000089, 1.148792, 42.432632
SCALE 1.000000, 1.000000, 1.000000
X 0.000001, 0.029870, 0.999554
Y -0.000002, -0.999554, 0.029870
Z 1.000000, -0.000002, -0.000001

BONE 6
OFFSET 6.551747, 3.742264, 38.743519
SCALE 1.000000, 1.000000, 1.000000
X 0.794491, 0.591485, 0.137587
Y -0.604194, 0.792703, 0.081070
Z -0.061114, -0.147538, 0.987166

BONE 7
OFFSET 4.837310, 1.325658, 34.080341
SCALE 1.000000, 1.000000, 1.000000
X -0.008941, 0.033879, -0.999386
Y -0.004864, -0.999416, -0.033837
Z -0.999948, 0.004558, 0.009101

BONE 8
OFFSET -4.837236, 1.325506, 34.080624
SCALE 1.000000, 1.000000, 1.000000
X -0.008909, -0.033842, 0.999388
Y -0.004874, 0.999417, 0.033800
Z -0.999948, -0.004570, -0.009069

BONE 9
OFFSET 4.708874, 1.812570, 19.727123
SCALE 1.000000, 1.000000, 1.000000
X -0.008203, 0.166937, -0.985933
Y -0.006021, -0.985957, -0.166891
Z -0.999948, 0.004567, 0.009093

BONE 10
OFFSET -4.708568, 1.812141, 19.727461
SCALE 1.000000, 1.000000, 1.000000
X -0.008167, -0.166975, 0.985927
Y -0.006022, 0.985950, 0.166929
Z -0.999949, -0.004574, -0.009057

BONE 11
OFFSET 0.000094, 1.131313, 47.652164
SCALE 1.000000, 1.000000, 1.000000
X 0.000003, -0.020406, 0.999792
Y 0.000005, -0.999792, -0.020406
Z 1.000000, 0.000006, -0.000003

BONE 12
OFFSET 4.584381, 4.343949, 4.776942
SCALE 1.000000, 1.000000, 1.000000
X -0.000000, -0.008729, -0.999962
Y 0.016577, -0.999824, 0.008728
Z -0.999863, -0.016577, 0.000145

BONE 13
OFFSET -4.584069, 4.344151, 4.777238
SCALE 1.000000, 1.000000, 1.000000
X 0.000009, 0.008730, 0.999962
Y 0.016581, 0.999824, -0.008729
Z -0.999862, 0.016581, -0.000136

BONE 14
OFFSET 4.700433, -0.061928, 19.740456
SCALE 1.000000, 1.000000, 1.000000
X -0.000006, 0.029848, 0.999554
Y -0.000002, -0.999554, 0.029848
Z 1.000000, -0.000002, 0.000006

BONE 15
OFFSET -4.688321, -0.066477, 19.765478
SCALE 1.000000, 1.000000, 1.000000
X -0.000042, -0.029855, -0.999554
Y -0.000010, 0.999554, -0.029855
Z 1.000000, 0.000009, -0.000042

BONE 16
OFFSET 0.000090, 1.067745, 51.758411
SCALE 1.000000, 1.000000, 1.000000
X 0.000002, -0.047080, 0.998891
Y 0.000010, -0.998891, -0.047080
Z 1.000000, 0.000011, -0.000001

BONE 17
OFFSET 0.002056, 7.939955, 50.851307
SCALE 1.000000, 1.000000, 1.000000
X -0.002312, 0.998623, 0.052401
Y -0.999994, -0.002453, 0.002620
Z 0.002745, -0.052394, 0.998623

BONE 18
OFFSET 4.746620, -1.234840, 0.330913
SCALE 1.000000, 1.000000, 1.000000
X 0.016342, -0.983115, 0.182258
Y -0.002855, 0.182235, 0.983251
Z -0.999862, -0.016588, 0.000171

BONE 19
OFFSET -4.746290, -1.234591, 0.331138
SCALE 1.000000, 1.000000, 1.000000
X 0.016296, 0.983125, -0.182210
Y -0.002898, -0.182187, -0.983260
Z -0.999863, 0.016551, -0.000120

BONE 20
OFFSET 1.356609, 1.015539, 56.400341
SCALE 1.000000, 1.000000, 1.000000
X 0.997183, -0.019399, 0.072449
Y 0.018071, 0.999657, 0.018947
Z -0.072792, -0.017584, 0.997192

BONE 21
OFFSET -1.356719, 1.015542, 56.400444
SCALE 1.000000, 1.000000, 1.000000
X 0.997186, 0.019411, -0.072414
Y 0.018084, -0.999657, -0.018932
Z -0.072757, 0.017569, -0.997195

BONE 22
OFFSET 0.000058, 0.503915, 60.542107
SCALE 1.000000, 1.000000, 1.000000
X 0.000005, -0.309757, 0.950816
Y 0.000009, -0.950816, -0.309757
Z 1.000000, 0.000010, -0.000002

BONE 23
OFFSET 4.025334, 0.920922, 58.859638
SCALE 1.000000, 1.000000, 1.000000
X -0.997186, 0.019392, -0.072414
Y -0.018067, -0.999658, -0.018910
Z -0.072756, -0.017549, 0.997195

BONE 24
OFFSET -4.025115, 0.920835, 58.859825
SCALE 1.000000, 1.000000, 1.000000
X -0.997185, -0.019413, 0.072417
Y -0.018088, 0.999658, 0.018910
Z -0.072759, 0.017547, -0.997195

BONE 25
OFFSET -28.519920, -12.713210, 38.935009
SCALE 1.000000, 1.000000, 1.000000
X 1.000000, 0.000011, -0.000001
Y 0.000007, -0.764281, -0.644884
Z -0.000008, 0.644884, -0.764281

BONE 26
OFFSET -3.446791, 8.288239, 51.019424
SCALE 1.000000, 1.000000, 1.000000
X -0.083352, 0.038091, -0.995792
Y 0.176876, -0.982837, -0.052401
Z -0.980697, -0.180500, 0.075184

BONE 27
OFFSET 5.324184, -4.817457, 56.563660
SCALE 1.000000, 1.000000, 1.000000
X 0.425518, -0.775120, 0.467037
Y 0.904858, 0.371803, -0.207351
Z -0.012924, 0.510834, 0.859582

BONE 28
OFFSET -5.921757, -4.462816, 56.530518
SCALE 1.000000, 1.000000, 1.000000
X -0.289342, -0.948959, 0.125531
Y 0.919742, -0.311950, -0.238249
Z 0.265248, 0.046520, 0.963057

BONE 29
OFFSET -28.519920, -12.713210, 38.935009
SCALE 1.000000, 1.000000, 1.000000
X 0.000011, -1.000000, 0.000001
Y 1.000000, 0.000011, -0.000001
Z 0.000001, 0.000001, 1.000000

BONE 30
OFFSET 0.000057, -0.306903, 63.520969
SCALE 1.000000, 1.000000, 1.000000
X -0.000007, -0.216434, 0.976297
Y 0.000005, -0.976297, -0.216434
Z 1.000000, 0.000004, 0.000008

BONE 31
OFFSET 7.725458, 0.891629, 56.863182
SCALE 1.000000, 1.000000, 1.000000
X 0.662981, -0.260696, -0.701779
Y 0.273873, 0.956889, -0.096732
Z 0.696743, -0.128067, 0.705796

BONE 32
OFFSET -7.725506, 0.891564, 56.862965
SCALE 1.000000, 1.000000, 1.000000
X 0.662960, 0.260726, 0.701788
Y 0.273916, -0.956876, 0.096734
Z 0.696745, 0.128101, -0.705788

BONE 33
OFFSET 15.846270, -1.632336, 48.642548
SCALE 1.000000, 1.000000, 1.000000
X 0.294563, -0.846066, -0.444303
Y 0.654051, 0.517466, -0.551767
Z 0.696743, -0.128067, 0.705796

BONE 34
OFFSET -15.846113, -1.632834, 48.642265
SCALE 1.000000, 1.000000, 1.000000
X 0.294518, 0.846079, 0.444308
Y 0.654068, -0.517437, 0.551773
Z 0.696745, 0.128101, -0.705788

BONE 35
OFFSET 15.742274, -1.805675, 48.713013
SCALE 1.000000, 1.000000, 1.000000
X 0.294845, -0.845858, -0.444512
Y 0.653923, 0.517813, -0.551593
Z 0.696743, -0.128042, 0.705801

BONE 36
OFFSET -15.742270, -1.806072, 48.712933
SCALE 1.000000, 1.000000, 1.000000
X 0.294819, 0.845861, 0.444523
Y 0.653933, -0.517800, 0.551592
Z 0.696745, 0.128069, -0.705794

BONE 37
OFFSET -0.000527, -1.399727, 69.807846
SCALE 1.000000, 1.000000, 1.000000
X -0.000007, -0.216434, 0.976297
Y 0.000005, -0.976297, -0.216434
Z 1.000000, 0.000004, 0.000008

BONE 38
OFFSET 0.000054, -1.472068, 63.720364
SCALE 1.000000, 1.000000, 1.000000
X 1.000000, 0.000000, 0.000000
Y 0.000000, -0.000000, 1.000000
Z 0.000000, -1.000000, -0.000000

BONE 39
OFFSET 8.032188, 0.771017, 56.538502
SCALE 1.000000, 1.000000, 1.000000
X 0.662981, -0.260696, -0.701779
Y 0.273875, 0.956889, -0.096730
Z 0.696742, -0.128070, 0.705797

BONE 40
OFFSET -8.001591, 0.782987, 56.570709
SCALE 1.000000, 1.000000, 1.000000
X 0.662960, 0.260726, 0.701788
Y 0.273908, -0.956878, 0.096742
Z 0.696748, 0.128089, -0.705787

BONE 41
OFFSET -0.000540, -0.362329, 71.243195
SCALE 1.000000, 1.000000, 1.000000
X 0.000005, -0.999048, 0.043625
Y 1.000000, 0.000005, 0.000005
Z -0.000005, 0.043625, 0.999048

BONE 42
OFFSET 18.585669, -10.419226, 44.089733
SCALE 1.000000, 1.000000, 1.000000
X 0.299004, -0.782064, -0.546784
Y -0.792522, 0.115636, -0.598779
Z 0.531512, 0.612376, -0.585227

BONE 43
OFFSET -18.585567, -10.419399, 44.089657
SCALE 1.000000, 1.000000, 1.000000
X 0.299011, 0.782058, 0.546788
Y -0.792524, -0.115633, 0.598778
Z 0.531506, -0.612384, 0.585224

BONE 44
OFFSET 17.753496, -7.897926, 45.442410
SCALE 1.000000, 1.000000, 1.000000
X 0.294846, -0.845857, -0.444513
Y 0.653930, 0.517812, -0.551585
Z 0.696736, -0.128048, 0.705806

BONE 45
OFFSET -17.753546, -7.898361, 45.442448
SCALE 1.000000, 1.000000, 1.000000
X 0.294819, 0.845861, 0.444523
Y 0.653933, -0.517800, 0.551592
Z 0.696745, 0.128069, -0.705794

BONE 46
OFFSET 18.943596, -14.118733, 43.296165
SCALE 1.000000, 1.000000, 1.000000
X 0.252533, -0.921880, -0.293878
Y -0.670074, 0.052482, -0.740436
Z 0.698017, 0.383905, -0.604475

BONE 47
OFFSET -18.943485, -14.118932, 43.296089
SCALE 1.000000, 1.000000, 1.000000
X 0.252692, 0.921873, 0.293763
Y -0.670040, -0.052297, 0.740480
Z 0.697992, -0.383946, 0.604477

BONE 48
OFFSET 19.641989, -13.608097, 42.701954
SCALE 1.000000, 1.000000, 1.000000
X 0.066843, -0.793765, -0.604540
Y -0.837155, 0.285040, -0.466823
Z 0.542866, 0.537298, -0.645452

BONE 49
OFFSET -19.641909, -13.608223, 42.701809
SCALE 1.000000, 1.000000, 1.000000
X 0.066887, 0.793771, 0.604528
Y -0.837171, -0.284987, 0.466827
Z 0.542836, -0.537317, 0.645460

BONE 50
OFFSET 20.410118, -12.159682, 41.480377
SCALE 1.000000, 1.000000, 1.000000
X -0.099274, -0.722106, -0.684623
Y -0.848031, 0.421335, -0.321434
Z 0.520565, 0.548671, -0.654195

BONE 51
OFFSET -20.410091, -12.159837, 41.480251
SCALE 1.000000, 1.000000, 1.000000
X -0.099304, 0.722089, 0.684635
Y -0.848020, -0.421369, 0.321418
Z 0.520577, -0.548666, 0.654190

BONE 52
OFFSET 20.114302, -12.876246, 42.061901
SCALE 1.000000, 1.000000, 1.000000
X -0.006006, -0.738898, -0.673791
Y -0.878970, 0.325202, -0.348791
Z 0.476839, 0.590147, -0.651422

BONE 53
OFFSET -20.114208, -12.876396, 42.061890
SCALE 1.000000, 1.000000, 1.000000
X -0.005979, 0.738908, 0.673780
Y -0.878978, -0.325169, 0.348801
Z 0.476825, -0.590152, 0.651428

BONE 54
OFFSET 18.473015, -11.541899, 44.177650
SCALE 1.000000, 1.000000, 1.000000
X -0.766327, -0.594301, -0.244027
Y 0.525231, -0.360813, -0.770679
Z 0.369968, -0.718763, 0.588646

BONE 55
OFFSET -18.472874, -11.542074, 44.177635
SCALE 1.000000, 1.000000, 1.000000
X -0.766329, 0.594294, 0.244036
Y 0.525229, 0.360803, 0.770685
Z 0.369965, 0.718773, -0.588635

BONE 56
OFFSET -28.519896, -12.719981, 38.932270
SCALE 1.000000, 1.000000, 1.000000
X 0.000190, -1.000000, -0.000189
Y 1.000000, 0.000190, 0.000053
Z -0.000053, -0.000189, 1.000000

BONE 57
OFFSET -28.520119, -12.709172, 38.935143
SCALE 1.000000, 1.000000, 1.000000
X -0.000199, -1.000000, -0.000195
Y 0.998877, -0.000190, -0.047381
Z 0.047381, -0.000205, 0.998877

BONE 58
OFFSET 19.335176, -15.548034, 42.840546
SCALE 1.000000, 1.000000, 1.000000
X -0.305493, -0.603804, -0.736271
Y -0.647669, 0.698577, -0.304162
Z 0.697997, 0.383940, -0.604476

BONE 59
OFFSET -19.335234, -15.548249, 42.840523
SCALE 1.000000, 1.000000, 1.000000
X -0.305842, 0.603512, 0.736365
Y -0.647460, -0.698892, 0.303884
Z 0.698038, -0.383827, 0.604500

BONE 60
OFFSET 19.766018, -15.080857, 41.580357
SCALE 1.000000, 1.000000, 1.000000
X -0.742584, -0.051931, -0.667737
Y -0.392291, 0.841795, 0.370795
Z 0.542841, 0.537294, -0.645475

BONE 61
OFFSET -19.765930, -15.081016, 41.579948
SCALE 1.000000, 1.000000, 1.000000
X -0.742558, 0.051921, 0.667766
Y -0.392315, -0.841780, -0.370804
Z 0.542860, -0.537318, 0.645439

BONE 62
OFFSET 20.291075, -13.025280, 40.659801
SCALE 1.000000, 1.000000, 1.000000
X -0.734217, -0.103408, -0.670993
Y -0.435791, 0.829631, 0.348997
Z 0.520587, 0.548653, -0.654194

BONE 63
OFFSET -20.291012, -13.025424, 40.659672
SCALE 1.000000, 1.000000, 1.000000
X -0.734208, 0.103424, 0.671001
Y -0.435814, -0.829619, -0.348996
Z 0.520581, -0.548667, 0.654187

BONE 64
OFFSET 20.104219, -14.119193, 40.928596
SCALE 1.000000, 1.000000, 1.000000
X -0.750598, -0.112264, -0.651152
Y -0.457408, 0.799450, 0.389433
Z 0.476844, 0.590150, -0.651416

BONE 65
OFFSET -20.104130, -14.119358, 40.928261
SCALE 1.000000, 1.000000, 1.000000
X -0.750602, 0.112272, 0.651146
Y -0.457410, -0.799450, -0.389431
Z 0.476836, -0.590148, 0.651423

BONE 66
OFFSET 16.629330, -12.971684, 43.590553
SCALE 1.000000, 1.000000, 1.000000
X -0.513767, -0.686190, -0.514963
Y 0.774059, -0.111908, -0.623144
Z 0.369966, -0.718763, 0.588646

BONE 67
OFFSET -16.629194, -12.971821, 43.590179
SCALE 1.000000, 1.000000, 1.000000
X -0.513765, 0.686181, 0.514977
Y 0.774059, 0.111890, 0.623148
Z 0.369972, 0.718774, -0.588629

BONE 68
OFFSET 19.038221, -16.134914, 42.125023
SCALE 1.000000, 1.000000, 1.000000
X -0.554097, -0.245160, -0.795533
Y -0.453622, 0.890222, 0.041612
Z 0.698000, 0.383929, -0.604479

BONE 69
OFFSET -19.037983, -16.134798, 42.125008
SCALE 1.000000, 1.000000, 1.000000
X -0.553871, 0.245483, 0.795591
Y -0.453788, -0.890154, -0.041256
Z 0.698071, -0.383880, 0.604428

BONE 70
OFFSET 18.948034, -15.138112, 40.844826
SCALE 1.000000, 1.000000, 1.000000
X -0.836744, 0.280258, -0.470441
Y -0.071875, 0.795463, 0.601724
Z 0.542857, 0.537302, -0.645456

BONE 71
OFFSET -18.947971, -15.138271, 40.844528
SCALE 1.000000, 1.000000, 1.000000
X -0.836742, -0.280254, 0.470448
Y -0.071886, -0.795461, -0.601726
Z 0.542859, -0.537308, 0.645449

BONE 72
OFFSET 19.784019, -13.096679, 40.196491
SCALE 1.000000, 1.000000, 1.000000
X -0.853803, 0.339164, -0.394953
Y 0.005198, 0.764171, 0.644992
Z 0.520570, 0.548643, -0.654215

BONE 73
OFFSET -19.783998, -13.096812, 40.196270
SCALE 1.000000, 1.000000, 1.000000
X -0.853799, -0.339166, 0.394959
Y 0.005186, -0.764161, -0.645004
Z 0.520576, -0.548656, 0.654199

BONE 74
OFFSET 19.396437, -14.225060, 40.314682
SCALE 1.000000, 1.000000, 1.000000
X -0.861545, 0.166924, -0.479454
Y -0.174209, 0.789854, 0.588033
Z 0.476856, 0.590142, -0.651415

BONE 75
OFFSET -19.396343, -14.225204, 40.314499
SCALE 1.000000, 1.000000, 1.000000
X -0.861557, -0.166916, 0.479436
Y -0.174209, -0.789846, -0.588043
Z 0.476834, -0.590155, 0.651419

BONE 76
OFFSET 16.015608, -13.791351, 42.975456
SCALE 1.000000, 1.000000, 1.000000
X -0.178188, -0.676734, -0.714339
Y 0.911796, 0.159395, -0.378446
Z 0.369969, -0.718766, 0.588641

BONE 77
OFFSET -16.015455, -13.791477, 42.975048
SCALE 1.000000, 1.000000, 1.000000
X -0.178183, 0.676724, 0.714350
Y 0.911791, -0.159415, 0.378450
Z 0.369984, 0.718771, -0.588626

NUMVERTS 5336
VERT 0
OFFSET 7.348397, -5.346631, 56.893871
BONES 1
BONE 16 1.000000

VERT 1
OFFSET 7.443099, -5.032785, 56.670757
BONES 1
BONE 16 1.000000

VERT 2
OFFSET 6.586669, -4.826018, 56.620968
BONES 1
BONE 16 1.000000

VERT 3
OFFSET 6.538731, -5.098352, 56.782990
BONES 1
BONE 16 1.000000

VERT 4
OFFSET 6.508594, -5.287244, 56.572319
BONES 1
BONE 16 1.000000

VERT 5
OFFSET 6.384447, -4.958825, 56.379284
BONES 1
BONE 16 1.000000

VERT 6
OFFSET 6.400877, -5.331468, 55.913094
BONES 1
BONE 16 1.000000

VERT 7
OFFSET 6.445349, -5.619108, 56.124302
BONES 1
BONE 16 1.000000

VERT 8
OFFSET 6.290449, -5.022698, 56.692997
BONES 1
BONE 16 1.000000

VERT 9
OFFSET 7.217566, -5.391120, 56.754898
BONES 1
BONE 16 1.000000

VERT 10
OFFSET 7.561440, -5.937597, 56.244015
BONES 1
BONE 16 1.000000

VERT 11
OFFSET 7.707886, -5.920230, 56.250534
BONES 1
BONE 16 1.000000

VERT 12
OFFSET 7.968887, -6.546990, 55.420746
BONES 1
BONE 16 1.000000

VERT 13
OFFSET 8.068207, -6.524405, 55.427628
BONES 1
BONE 16 1.000000

VERT 14
OFFSET 7.807836, -5.637620, 56.041187
BONES 1
BONE 16 1.000000

VERT 15
OFFSET 8.149443, -6.338754, 55.267147
BONES 1
BONE 16 1.000000

VERT 16
OFFSET 8.081090, -7.312170, 54.306458
BONES 1
BONE 16 1.000000

VERT 17
OFFSET 8.126532, -7.167519, 54.184795
BONES 1
BONE 16 1.000000

VERT 18
OFFSET 6.265894, -5.082371, 56.599632
BONES 1
BONE 16 1.000000

VERT 19
OFFSET 8.032623, -7.330953, 54.248905
BONES 1
BONE 16 1.000000

VERT 20
OFFSET 6.483900, -5.451686, 55.762012
BONES 1
BONE 16 1.000000

VERT 21
OFFSET 7.159757, -5.514027, 55.958984
BONES 1
BONE 16 1.000000

VERT 22
OFFSET 6.931883, -5.762783, 56.170822
BONES 1
BONE 16 1.000000

VERT 23
OFFSET 6.897615, -5.800558, 55.971378
BONES 1
BONE 16 1.000000

VERT 24
OFFSET 8.158828, -7.040829, 54.092304
BONES 1
BONE 16 1.000000

VERT 25
OFFSET 8.179818, -6.134831, 55.120159
BONES 1
BONE 16 1.000000

VERT 26
OFFSET 7.522404, -4.739268, 56.414524
BONES 1
BONE 16 1.000000

VERT 27
OFFSET 7.869411, -5.356435, 55.805561
BONES 1
BONE 16 1.000000

VERT 28
OFFSET 7.382260, -4.816261, 56.301208
BONES 1
BONE 16 1.000000

VERT 29
OFFSET 7.740716, -5.311839, 55.750149
BONES 1
BONE 16 1.000000

VERT 30
OFFSET 6.658212, -4.765005, 56.160152
BONES 1
BONE 16 1.000000

VERT 31
OFFSET 6.677845, -4.612783, 56.399757
BONES 1
BONE 16 1.000000

VERT 32
OFFSET 8.095824, -6.103915, 55.071053
BONES 1
BONE 16 1.000000

VERT 33
OFFSET 6.404174, -4.625747, 56.379711
BONES 1
BONE 16 1.000000

VERT 34
OFFSET 6.377274, -4.693605, 56.292809
BONES 1
BONE 16 1.000000

VERT 35
OFFSET 6.593755, -5.101100, 55.715481
BONES 1
BONE 16 1.000000

VERT 36
OFFSET 7.022894, -5.363277, 55.626263
BONES 1
BONE 16 1.000000

VERT 37
OFFSET 7.094069, -5.196680, 55.724033
BONES 1
BONE 16 1.000000

VERT 38
OFFSET 8.106074, -7.074575, 54.046558
BONES 1
BONE 16 1.000000

VERT 39
OFFSET 7.031513, -7.715324, 53.146950
BONES 1
BONE 16 1.000000

VERT 40
OFFSET 6.964696, -7.419253, 52.925507
BONES 1
BONE 16 1.000000

VERT 41
OFFSET 7.177472, -6.950106, 53.355419
BONES 1
BONE 16 1.000000

VERT 42
OFFSET 7.272208, -7.369887, 53.669395
BONES 1
BONE 16 1.000000

VERT 43
OFFSET 6.656563, -7.237334, 52.810959
BONES 1
BONE 16 1.000000

VERT 44
OFFSET 6.740590, -6.692174, 53.193008
BONES 1
BONE 16 1.000000

VERT 45
OFFSET 6.287615, -7.276131, 52.870407
BONES 1
BONE 16 1.000000

VERT 46
OFFSET 6.217481, -6.747181, 53.277306
BONES 1
BONE 16 1.000000

VERT 47
OFFSET 6.073977, -7.512918, 53.069035
BONES 1
BONE 16 1.000000

VERT 48
OFFSET 5.914577, -7.082906, 53.558926
BONES 1
BONE 16 1.000000

VERT 49
OFFSET 6.140795, -7.808989, 53.290485
BONES 1
BONE 16 1.000000

VERT 50
OFFSET 6.009315, -7.502684, 53.872910
BONES 1
BONE 16 1.000000

VERT 51
OFFSET 6.448928, -7.990908, 53.405033
BONES 1
BONE 16 1.000000

VERT 52
OFFSET 6.446198, -7.760617, 54.035320
BONES 1
BONE 16 1.000000

VERT 53
OFFSET 6.817876, -7.952110, 53.345585
BONES 1
BONE 16 1.000000

VERT 54
OFFSET 6.969306, -7.705610, 53.951023
BONES 1
BONE 16 1.000000

VERT 55
OFFSET 6.566753, -7.480931, 53.281834
BONES 1
BONE 16 1.000000

VERT 56
OFFSET 7.240418, -5.592898, 55.912197
BONES 1
BONE 16 1.000000

VERT 57
OFFSET 7.175554, -5.305490, 55.697227
BONES 1
BONE 16 1.000000

VERT 58
OFFSET 6.876436, -5.128894, 55.586025
BONES 1
BONE 16 1.000000

VERT 59
OFFSET 6.518281, -5.166554, 55.643745
BONES 1
BONE 16 1.000000

VERT 60
OFFSET 6.310893, -5.396415, 55.836559
BONES 1
BONE 16 1.000000

VERT 61
OFFSET 6.375758, -5.683824, 56.051529
BONES 1
BONE 16 1.000000

VERT 62
OFFSET 6.674875, -5.860422, 56.162724
BONES 1
BONE 16 1.000000

VERT 63
OFFSET 7.033031, -5.822759, 56.105011
BONES 1
BONE 16 1.000000

VERT 64
OFFSET 6.100949, -6.433373, 53.349335
BONES 1
BONE 16 1.000000

VERT 65
OFFSET 6.807547, -6.359070, 53.235477
BONES 1
BONE 16 1.000000

VERT 66
OFFSET 7.397673, -6.707478, 53.454853
BONES 1
BONE 16 1.000000

VERT 67
OFFSET 7.525641, -7.274503, 53.878963
BONES 1
BONE 16 1.000000

VERT 68
OFFSET 7.116490, -7.727989, 54.259377
BONES 1
BONE 16 1.000000

VERT 69
OFFSET 6.409892, -7.802292, 54.373234
BONES 1
BONE 16 1.000000

VERT 70
OFFSET 5.819765, -7.453885, 54.153858
BONES 1
BONE 16 1.000000

VERT 71
OFFSET 5.691796, -6.886860, 53.729740
BONES 1
BONE 16 1.000000

VERT 72
OFFSET 6.150408, -6.308218, 53.594624
BONES 1
BONE 16 1.000000

VERT 73
OFFSET 6.812468, -6.238599, 53.487938
BONES 1
BONE 16 1.000000

VERT 74
OFFSET 7.365399, -6.565047, 53.693493
BONES 1
BONE 16 1.000000

VERT 75
OFFSET 7.485301, -7.096333, 54.090870
BONES 1
BONE 16 1.000000

VERT 76
OFFSET 7.101938, -7.521236, 54.447300
BONES 1
BONE 16 1.000000

VERT 77
OFFSET 6.439878, -7.590853, 54.553993
BONES 1
BONE 16 1.000000

VERT 78
OFFSET 5.886947, -7.264407, 54.348438
BONES 1
BONE 16 1.000000

VERT 79
OFFSET 5.767043, -6.733123, 53.951054
BONES 1
BONE 16 1.000000

VERT 80
OFFSET 6.034302, -5.952446, 53.676556
BONES 1
BONE 16 1.000000

VERT 81
OFFSET 6.899301, -5.861485, 53.537174
BONES 1
BONE 16 1.000000

VERT 82
OFFSET 7.621718, -6.287998, 53.805733
BONES 1
BONE 16 1.000000

VERT 83
OFFSET 7.778375, -6.982133, 54.324924
BONES 1
BONE 16 1.000000

VERT 84
OFFSET 7.277501, -7.537281, 54.790604
BONES 1
BONE 16 1.000000

VERT 85
OFFSET 6.412502, -7.628240, 54.929996
BONES 1
BONE 16 1.000000

VERT 86
OFFSET 5.690084, -7.201728, 54.661434
BONES 1
BONE 16 1.000000

VERT 87
OFFSET 5.533427, -6.507590, 54.142250
BONES 1
BONE 16 1.000000

VERT 88
OFFSET 6.887609, -5.798810, 53.843670
BONES 1
BONE 16 1.000000

VERT 89
OFFSET 7.522259, -6.173501, 54.079605
BONES 1
BONE 16 1.000000

VERT 90
OFFSET 7.659880, -6.783305, 54.535717
BONES 1
BONE 16 1.000000

VERT 91
OFFSET 7.219860, -7.271005, 54.944820
BONES 1
BONE 16 1.000000

VERT 92
OFFSET 6.459954, -7.350912, 55.067276
BONES 1
BONE 16 1.000000

VERT 93
OFFSET 5.825306, -6.976219, 54.831348
BONES 1
BONE 16 1.000000

VERT 94
OFFSET 5.687682, -6.366417, 54.375237
BONES 1
BONE 16 1.000000

VERT 95
OFFSET 6.127703, -5.878718, 53.966125
BONES 1
BONE 16 1.000000

VERT 96
OFFSET 6.950782, -5.461923, 53.942467
BONES 1
BONE 16 1.000000

VERT 97
OFFSET 7.718600, -5.915235, 54.227909
BONES 1
BONE 16 1.000000

VERT 98
OFFSET 7.885099, -6.652994, 54.779724
BONES 1
BONE 16 1.000000

VERT 99
OFFSET 7.352748, -7.243028, 55.274673
BONES 1
BONE 16 1.000000

VERT 100
OFFSET 6.433392, -7.339704, 55.422825
BONES 1
BONE 16 1.000000

VERT 101
OFFSET 5.665576, -6.886388, 55.137386
BONES 1
BONE 16 1.000000

VERT 102
OFFSET 5.512147, -6.151392, 54.586636
BONES 1
BONE 16 1.000000

VERT 103
OFFSET 6.031425, -5.558595, 54.090622
BONES 1
BONE 16 1.000000

VERT 104
OFFSET 6.905399, -5.480875, 54.314232
BONES 1
BONE 16 1.000000

VERT 105
OFFSET 7.521889, -5.844847, 54.543407
BONES 1
BONE 16 1.000000

VERT 106
OFFSET 7.655575, -6.437200, 54.986469
BONES 1
BONE 16 1.000000

VERT 107
OFFSET 7.228146, -6.910945, 55.383873
BONES 1
BONE 16 1.000000

VERT 108
OFFSET 6.489984, -6.988568, 55.502819
BONES 1
BONE 16 1.000000

VERT 109
OFFSET 5.873494, -6.624597, 55.273643
BONES 1
BONE 16 1.000000

VERT 110
OFFSET 5.739808, -6.032243, 54.830578
BONES 1
BONE 16 1.000000

VERT 111
OFFSET 6.167239, -5.558497, 54.433178
BONES 1
BONE 16 1.000000

VERT 112
OFFSET 6.946822, -5.212919, 54.501266
BONES 1
BONE 16 1.000000

VERT 113
OFFSET 7.626868, -5.614414, 54.754074
BONES 1
BONE 16 1.000000

VERT 114
OFFSET 7.774336, -6.267838, 55.242813
BONES 1
BONE 16 1.000000

VERT 115
OFFSET 7.302840, -6.790422, 55.681183
BONES 1
BONE 16 1.000000

VERT 116
OFFSET 6.488575, -6.876048, 55.812389
BONES 1
BONE 16 1.000000

VERT 117
OFFSET 5.808529, -6.474552, 55.559582
BONES 1
BONE 16 1.000000

VERT 118
OFFSET 5.661063, -5.821126, 55.070850
BONES 1
BONE 16 1.000000

VERT 119
OFFSET 6.132557, -5.298542, 54.632477
BONES 1
BONE 16 1.000000

VERT 120
OFFSET 6.880403, -5.358879, 54.938351
BONES 1
BONE 16 1.000000

VERT 121
OFFSET 7.315298, -5.615638, 55.100021
BONES 1
BONE 16 1.000000

VERT 122
OFFSET 7.409605, -6.033510, 55.412567
BONES 1
BONE 16 1.000000

VERT 123
OFFSET 7.108079, -6.367708, 55.692917
BONES 1
BONE 16 1.000000

VERT 124
OFFSET 6.587348, -6.422463, 55.776829
BONES 1
BONE 16 1.000000

VERT 125
OFFSET 6.152455, -6.165704, 55.615158
BONES 1
BONE 16 1.000000

VERT 126
OFFSET 6.058146, -5.747835, 55.302605
BONES 1
BONE 16 1.000000

VERT 127
OFFSET 6.359673, -5.413637, 55.022255
BONES 1
BONE 16 1.000000

VERT 128
OFFSET 5.257471, -5.305524, 57.741901
BONES 1
BONE 16 1.000000

VERT 129
OFFSET 5.622302, -5.384145, 57.607864
BONES 1
BONE 16 1.000000

VERT 130
OFFSET 5.542313, -4.716391, 57.036537
BONES 1
BONE 16 1.000000

VERT 131
OFFSET 5.243156, -4.691172, 57.148720
BONES 1
BONE 16 1.000000

VERT 132
OFFSET 5.100006, -4.862987, 56.972775
BONES 1
BONE 16 1.000000

VERT 133
OFFSET 5.400645, -4.760688, 56.728466
BONES 1
BONE 16 1.000000

VERT 134
OFFSET 5.153044, -5.183717, 56.387569
BONES 1
BONE 16 1.000000

VERT 135
OFFSET 4.860403, -5.202524, 56.595730
BONES 1
BONE 16 1.000000

VERT 136
OFFSET 5.249298, -4.535386, 56.922535
BONES 1
BONE 16 1.000000

VERT 137
OFFSET 5.200698, -5.308412, 57.554344
BONES 1
BONE 16 1.000000

VERT 138
OFFSET 4.908582, -6.059566, 57.386036
BONES 1
BONE 16 1.000000

VERT 139
OFFSET 4.971375, -6.154924, 57.479599
BONES 1
BONE 16 1.000000

VERT 140
OFFSET 4.640405, -7.061339, 57.012302
BONES 1
BONE 16 1.000000

VERT 141
OFFSET 4.692495, -7.120490, 57.077183
BONES 1
BONE 16 1.000000

VERT 142
OFFSET 5.306360, -6.241195, 57.361176
BONES 1
BONE 16 1.000000

VERT 143
OFFSET 4.922162, -7.201704, 56.990711
BONES 1
BONE 16 1.000000

VERT 144
OFFSET 4.188492, -8.077538, 56.235878
BONES 1
BONE 16 1.000000

VERT 145
OFFSET 4.360920, -8.125972, 56.160290
BONES 1
BONE 16 1.000000

VERT 146
OFFSET 5.204402, -4.594338, 56.836567
BONES 1
BONE 16 1.000000

VERT 147
OFFSET 4.166523, -8.082997, 56.161705
BONES 1
BONE 16 1.000000

VERT 148
OFFSET 5.098785, -5.376688, 56.324421
BONES 1
BONE 16 1.000000

VERT 149
OFFSET 5.224181, -5.774136, 56.895187
BONES 1
BONE 16 1.000000

VERT 150
OFFSET 4.878045, -5.581244, 56.935997
BONES 1
BONE 16 1.000000

VERT 151
OFFSET 4.870998, -5.686313, 56.759102
BONES 1
BONE 16 1.000000

VERT 152
OFFSET 4.506722, -8.154832, 56.100651
BONES 1
BONE 16 1.000000

VERT 153
OFFSET 5.149390, -7.231464, 56.883034
BONES 1
BONE 16 1.000000

VERT 154
OFFSET 5.969789, -5.478531, 57.439217
BONES 1
BONE 16 1.000000

VERT 155
OFFSET 5.632597, -6.315526, 57.198627
BONES 1
BONE 16 1.000000

VERT 156
OFFSET 5.874895, -5.472162, 57.267864
BONES 1
BONE 16 1.000000

VERT 157
OFFSET 5.642473, -6.237812, 57.074192
BONES 1
BONE 16 1.000000

VERT 158
OFFSET 5.712491, -5.011750, 56.712509
BONES 1
BONE 16 1.000000

VERT 159
OFFSET 5.812634, -4.829492, 56.906727
BONES 1
BONE 16 1.000000

VERT 160
OFFSET 5.160044, -7.187551, 56.791496
BONES 1
BONE 16 1.000000

VERT 161
OFFSET 5.714844, -4.648459, 56.724712
BONES 1
BONE 16 1.000000

VERT 162
OFFSET 5.660347, -4.705076, 56.642830
BONES 1
BONE 16 1.000000

VERT 163
OFFSET 5.467923, -5.350078, 56.337582
BONES 1
BONE 16 1.000000

VERT 164
OFFSET 5.383842, -5.810874, 56.541183
BONES 1
BONE 16 1.000000

VERT 165
OFFSET 5.541973, -5.742502, 56.653877
BONES 1
BONE 16 1.000000

VERT 166
OFFSET 4.467205, -8.156030, 56.033932
BONES 1
BONE 16 1.000000

VERT 167
OFFSET 3.699049, -8.144080, 54.698147
BONES 1
BONE 16 1.000000

VERT 168
OFFSET 3.994162, -8.111876, 54.467857
BONES 1
BONE 16 1.000000

VERT 169
OFFSET 4.413218, -7.838738, 54.915062
BONES 1
BONE 16 1.000000

VERT 170
OFFSET 3.994795, -7.884399, 55.241573
BONES 1
BONE 16 1.000000

VERT 171
OFFSET 4.083698, -7.886836, 54.180626
BONES 1
BONE 16 1.000000

VERT 172
OFFSET 4.540164, -7.519668, 54.507805
BONES 1
BONE 16 1.000000

VERT 173
OFFSET 3.915206, -7.600782, 54.004711
BONES 1
BONE 16 1.000000

VERT 174
OFFSET 4.301273, -7.114088, 54.258392
BONES 1
BONE 16 1.000000

VERT 175
OFFSET 3.587389, -7.421283, 54.043159
BONES 1
BONE 16 1.000000

VERT 176
OFFSET 3.836482, -6.859587, 54.312904
BONES 1
BONE 16 1.000000

VERT 177
OFFSET 3.292277, -7.453485, 54.273445
BONES 1
BONE 16 1.000000

VERT 178
OFFSET 3.418061, -6.905242, 54.639423
BONES 1
BONE 16 1.000000

VERT 179
OFFSET 3.202742, -7.678526, 54.560677
BONES 1
BONE 16 1.000000

VERT 180
OFFSET 3.291114, -7.224317, 55.046669
BONES 1
BONE 16 1.000000

VERT 181
OFFSET 3.371233, -7.964580, 54.736599
BONES 1
BONE 16 1.000000

VERT 182
OFFSET 3.530006, -7.629896, 55.296085
BONES 1
BONE 16 1.000000

VERT 183
OFFSET 3.736821, -7.641655, 54.510319
BONES 1
BONE 16 1.000000

VERT 184
OFFSET 5.186914, -5.889342, 56.911137
BONES 1
BONE 16 1.000000

VERT 185
OFFSET 5.473392, -5.858080, 56.687584
BONES 1
BONE 16 1.000000

VERT 186
OFFSET 5.560308, -5.639627, 56.408752
BONES 1
BONE 16 1.000000

VERT 187
OFFSET 5.396747, -5.361938, 56.237984
BONES 1
BONE 16 1.000000

VERT 188
OFFSET 5.078519, -5.187691, 56.275303
BONES 1
BONE 16 1.000000

VERT 189
OFFSET 4.792041, -5.218953, 56.498863
BONES 1
BONE 16 1.000000

VERT 190
OFFSET 4.705125, -5.437410, 56.777691
BONES 1
BONE 16 1.000000

VERT 191
OFFSET 4.868686, -5.715096, 56.948456
BONES 1
BONE 16 1.000000

VERT 192
OFFSET 4.538945, -6.869337, 54.229195
BONES 1
BONE 16 1.000000

VERT 193
OFFSET 4.861633, -7.417179, 54.566109
BONES 1
BONE 16 1.000000

VERT 194
OFFSET 4.690157, -7.848170, 55.116207
BONES 1
BONE 16 1.000000

VERT 195
OFFSET 4.124966, -7.909845, 55.557251
BONES 1
BONE 16 1.000000

VERT 196
OFFSET 3.497142, -7.566071, 55.630890
BONES 1
BONE 16 1.000000

VERT 197
OFFSET 3.174454, -7.018230, 55.293976
BONES 1
BONE 16 1.000000

VERT 198
OFFSET 3.345930, -6.587238, 54.743881
BONES 1
BONE 16 1.000000

VERT 199
OFFSET 3.911120, -6.525565, 54.302834
BONES 1
BONE 16 1.000000

VERT 200
OFFSET 4.622741, -6.715576, 54.447403
BONES 1
BONE 16 1.000000

VERT 201
OFFSET 4.925089, -7.228888, 54.763073
BONES 1
BONE 16 1.000000

VERT 202
OFFSET 4.764421, -7.632714, 55.278496
BONES 1
BONE 16 1.000000

VERT 203
OFFSET 4.234853, -7.690502, 55.691746
BONES 1
BONE 16 1.000000

VERT 204
OFFSET 3.646601, -7.368397, 55.760738
BONES 1
BONE 16 1.000000

VERT 205
OFFSET 3.344254, -6.855083, 55.445068
BONES 1
BONE 16 1.000000

VERT 206
OFFSET 3.504920, -6.451258, 54.929642
BONES 1
BONE 16 1.000000

VERT 207
OFFSET 4.034487, -6.393472, 54.516392
BONES 1
BONE 16 1.000000

VERT 208
OFFSET 4.897393, -6.449494, 54.424274
BONES 1
BONE 16 1.000000

VERT 209
OFFSET 5.292420, -7.120146, 54.836712
BONES 1
BONE 16 1.000000

VERT 210
OFFSET 5.082502, -7.647756, 55.510128
BONES 1
BONE 16 1.000000

VERT 211
OFFSET 4.390611, -7.723257, 56.050045
BONES 1
BONE 16 1.000000

VERT 212
OFFSET 3.622044, -7.302419, 56.140186
BONES 1
BONE 16 1.000000

VERT 213
OFFSET 3.227019, -6.631764, 55.727753
BONES 1
BONE 16 1.000000

VERT 214
OFFSET 3.436934, -6.104156, 55.054337
BONES 1
BONE 16 1.000000

VERT 215
OFFSET 4.128827, -6.028654, 54.514420
BONES 1
BONE 16 1.000000

VERT 216
OFFSET 5.286424, -6.910475, 55.069115
BONES 1
BONE 16 1.000000

VERT 217
OFFSET 5.102012, -7.373982, 55.660709
BONES 1
BONE 16 1.000000

VERT 218
OFFSET 4.494180, -7.440310, 56.135029
BONES 1
BONE 16 1.000000

VERT 219
OFFSET 3.818990, -7.070601, 56.214218
BONES 1
BONE 16 1.000000

VERT 220
OFFSET 3.471959, -6.481428, 55.851894
BONES 1
BONE 16 1.000000

VERT 221
OFFSET 3.656371, -6.017920, 55.260300
BONES 1
BONE 16 1.000000

VERT 222
OFFSET 4.264201, -5.951594, 54.785980
BONES 1
BONE 16 1.000000

VERT 223
OFFSET 4.939392, -6.321302, 54.706783
BONES 1
BONE 16 1.000000

VERT 224
OFFSET 5.599104, -6.771201, 55.169502
BONES 1
BONE 16 1.000000

VERT 225
OFFSET 5.375998, -7.331964, 55.885242
BONES 1
BONE 16 1.000000

VERT 226
OFFSET 4.640625, -7.412210, 56.459080
BONES 1
BONE 16 1.000000

VERT 227
OFFSET 3.823759, -6.964925, 56.554893
BONES 1
BONE 16 1.000000

VERT 228
OFFSET 3.403909, -6.252127, 56.116535
BONES 1
BONE 16 1.000000

VERT 229
OFFSET 3.627018, -5.691361, 55.400799
BONES 1
BONE 16 1.000000

VERT 230
OFFSET 4.363915, -5.620982, 54.835899
BONES 1
BONE 16 1.000000

VERT 231
OFFSET 5.179256, -6.058399, 54.731152
BONES 1
BONE 16 1.000000

VERT 232
OFFSET 5.493833, -6.530358, 55.436958
BONES 1
BONE 16 1.000000

VERT 233
OFFSET 5.314697, -6.980604, 56.011631
BONES 1
BONE 16 1.000000

VERT 234
OFFSET 4.724259, -7.045031, 56.472382
BONES 1
BONE 16 1.000000

VERT 235
OFFSET 4.068388, -6.685902, 56.549305
BONES 1
BONE 16 1.000000

VERT 236
OFFSET 3.731285, -6.113588, 56.197346
BONES 1
BONE 16 1.000000

VERT 237
OFFSET 3.910421, -5.663343, 55.622677
BONES 1
BONE 16 1.000000

VERT 238
OFFSET 4.500859, -5.598915, 55.161930
BONES 1
BONE 16 1.000000

VERT 239
OFFSET 5.156729, -5.958043, 55.085003
BONES 1
BONE 16 1.000000

VERT 240
OFFSET 5.718382, -6.350410, 55.597260
BONES 1
BONE 16 1.000000

VERT 241
OFFSET 5.520778, -6.847075, 56.231174
BONES 1
BONE 16 1.000000

VERT 242
OFFSET 4.869469, -6.918144, 56.739429
BONES 1
BONE 16 1.000000

VERT 243
OFFSET 4.145980, -6.521989, 56.824284
BONES 1
BONE 16 1.000000

VERT 244
OFFSET 3.774124, -5.890672, 56.436039
BONES 1
BONE 16 1.000000

VERT 245
OFFSET 3.971728, -5.394010, 55.802120
BONES 1
BONE 16 1.000000

VERT 246
OFFSET 4.623038, -5.322936, 55.293869
BONES 1
BONE 16 1.000000

VERT 247
OFFSET 5.346527, -5.719090, 55.209015
BONES 1
BONE 16 1.000000

VERT 248
OFFSET 5.476032, -6.104683, 55.909740
BONES 1
BONE 16 1.000000

VERT 249
OFFSET 5.349664, -6.422303, 56.315140
BONES 1
BONE 16 1.000000

VERT 250
OFFSET 4.933144, -6.467756, 56.640163
BONES 1
BONE 16 1.000000

VERT 251
OFFSET 4.470467, -6.214411, 56.694427
BONES 1
BONE 16 1.000000

VERT 252
OFFSET 4.232662, -5.810675, 56.446148
BONES 1
BONE 16 1.000000

VERT 253
OFFSET 4.359032, -5.493055, 56.040749
BONES 1
BONE 16 1.000000

VERT 254
OFFSET 4.775550, -5.447606, 55.715721
BONES 1
BONE 16 1.000000

VERT 255
OFFSET 5.238226, -5.700950, 55.661449
BONES 1
BONE 16 1.000000

VERT 256
OFFSET -3.591149, -0.468684, 15.893981
BONES 4
BONE 4 0.019696
BONE 10 0.847486
BONE 15 0.132761
BONE 8 0.000056

VERT 257
OFFSET -4.317160, -0.649747, 15.425296
BONES 4
BONE 4 0.012813
BONE 10 0.880393
BONE 15 0.106787
BONE 8 0.000007

VERT 258
OFFSET -5.954572, -0.622724, 15.604429
BONES 4
BONE 4 0.014412
BONE 10 0.879809
BONE 15 0.105769
BONE 8 0.000010

VERT 259
OFFSET -6.544041, -0.610271, 16.184576
BONES 4
BONE 4 0.023198
BONE 10 0.868288
BONE 15 0.108488
BONE 8 0.000027

VERT 260
OFFSET -3.093717, -0.707324, 16.658697
BONES 4
BONE 4 0.074654
BONE 10 0.752797
BONE 15 0.171854
BONE 8 0.000695

VERT 261
OFFSET -4.159870, -1.450140, 16.096682
BONES 4
BONE 4 0.037142
BONE 10 0.734031
BONE 15 0.228691
BONE 8 0.000136

VERT 262
OFFSET -6.056461, -1.402721, 16.282808
BONES 4
BONE 4 0.044820
BONE 10 0.736236
BONE 15 0.218756
BONE 8 0.000188

VERT 263
OFFSET -6.970843, -0.828667, 17.048002
BONES 4
BONE 4 0.092107
BONE 10 0.713929
BONE 15 0.193455
BONE 8 0.000509

VERT 264
OFFSET -2.417543, -2.048772, 19.384024
BONES 3
BONE 4 0.007013
BONE 10 0.033136
BONE 15 0.959850

VERT 265
OFFSET -3.695221, -3.078290, 19.351545
BONES 3
BONE 4 0.017201
BONE 10 0.029151
BONE 15 0.953648

VERT 266
OFFSET -5.800752, -3.030769, 19.618792
BONES 3
BONE 4 0.026278
BONE 10 0.029153
BONE 15 0.944570

VERT 267
OFFSET -7.148558, -1.937923, 20.025702
BONES 4
BONE 4 0.091664
BONE 10 0.041191
BONE 15 0.865723
BONE 8 0.001421

VERT 268
OFFSET -2.486834, -2.693091, 20.431419
BONES 3
BONE 4 0.060964
BONE 10 0.000000
BONE 15 0.939036

VERT 269
OFFSET -3.543428, -2.982653, 20.827587
BONES 4
BONE 4 0.113879
BONE 10 0.001554
BONE 15 0.883274
BONE 8 0.001292

VERT 270
OFFSET -5.564191, -2.914093, 21.027008
BONES 4
BONE 4 0.164680
BONE 10 0.006566
BONE 15 0.823226
BONE 8 0.005528

VERT 271
OFFSET -6.754905, -2.468263, 20.833586
BONES 4
BONE 4 0.123821
BONE 10 0.002471
BONE 15 0.871448
BONE 8 0.002261

VERT 272
OFFSET -3.424222, -0.275877, 15.616783
BONES 4
BONE 4 0.014721
BONE 10 0.868982
BONE 15 0.116265
BONE 8 0.000032

VERT 273
OFFSET -4.261236, -0.698755, 15.094398
BONES 4
BONE 4 0.009659
BONE 10 0.886820
BONE 15 0.103517
BONE 8 0.000004

VERT 274
OFFSET -6.105946, -0.625560, 15.279145
BONES 4
BONE 4 0.010847
BONE 10 0.884094
BONE 15 0.105053
BONE 8 0.000006

VERT 275
OFFSET -6.799516, -0.446281, 15.925319
BONES 4
BONE 4 0.018330
BONE 10 0.873710
BONE 15 0.107940
BONE 8 0.000020

VERT 276
OFFSET -2.287681, -2.811522, 20.690084
BONES 3
BONE 4 0.060964
BONE 10 0.000000
BONE 15 0.939036

VERT 277
OFFSET -3.376529, -3.077504, 21.208183
BONES 4
BONE 4 0.113879
BONE 10 0.001554
BONE 15 0.883274
BONE 8 0.001292

VERT 278
OFFSET -5.677292, -3.003363, 21.438984
BONES 4
BONE 4 0.164680
BONE 10 0.006566
BONE 15 0.823226
BONE 8 0.005528

VERT 279
OFFSET -6.954478, -2.543542, 21.186285
BONES 4
BONE 4 0.123821
BONE 10 0.002471
BONE 15 0.871448
BONE 8 0.002261

VERT 280
OFFSET -2.796097, -0.588204, 16.507090
BONES 4
BONE 4 0.074654
BONE 10 0.752797
BONE 15 0.171854
BONE 8 0.000695

VERT 281
OFFSET -7.390017, -0.713844, 16.992613
BONES 4
BONE 4 0.036652
BONE 10 0.809593
BONE 15 0.153684
BONE 8 0.000071

VERT 282
OFFSET -2.054286, -2.037968, 19.530481
BONES 3
BONE 4 0.020321
BONE 10 0.025270
BONE 15 0.954409

VERT 283
OFFSET -7.497924, -1.889607, 20.251719
BONES 4
BONE 4 0.091664
BONE 10 0.041191
BONE 15 0.865723
BONE 8 0.001421

VERT 284
OFFSET -3.318080, 0.313744, 15.455855
BONES 4
BONE 4 0.011345
BONE 10 0.882687
BONE 15 0.105953
BONE 8 0.000015

VERT 285
OFFSET -4.324092, -0.141396, 14.822930
BONES 4
BONE 4 0.008545
BONE 10 0.888132
BONE 15 0.103320
BONE 8 0.000003

VERT 286
OFFSET -6.178242, -0.074418, 14.973953
BONES 4
BONE 4 0.009189
BONE 10 0.886153
BONE 15 0.104653
BONE 8 0.000005

VERT 287
OFFSET -7.139772, 0.291103, 15.849670
BONES 4
BONE 4 0.017568
BONE 10 0.871390
BONE 15 0.110991
BONE 8 0.000051

VERT 288
OFFSET -2.072392, -2.078621, 21.263895
BONES 4
BONE 4 0.060964
BONE 10 0.000000
BONE 15 0.939036
BONE 8 0.000000

VERT 289
OFFSET -3.387938, -2.559926, 21.804926
BONES 4
BONE 4 0.113880
BONE 10 0.001554
BONE 15 0.883274
BONE 8 0.001292

VERT 290
OFFSET -5.677648, -2.480235, 22.073076
BONES 4
BONE 4 0.164681
BONE 10 0.006566
BONE 15 0.823225
BONE 8 0.005528

VERT 291
OFFSET -7.171207, -1.839174, 21.935242
BONES 4
BONE 4 0.123822
BONE 10 0.002471
BONE 15 0.871446
BONE 8 0.002261

VERT 292
OFFSET -2.598604, 0.182034, 16.639885
BONES 4
BONE 4 0.043708
BONE 10 0.832835
BONE 15 0.122937
BONE 8 0.000520

VERT 293
OFFSET -7.629768, 0.331474, 17.283838
BONES 4
BONE 4 0.082980
BONE 10 0.855794
BONE 15 0.060478
BONE 8 0.000748

VERT 294
OFFSET -1.831946, -1.211018, 20.054224
BONES 4
BONE 4 0.116845
BONE 10 0.041783
BONE 15 0.838605
BONE 8 0.002767

VERT 295
OFFSET -7.785324, -0.826369, 20.781218
BONES 4
BONE 4 0.091665
BONE 10 0.041191
BONE 15 0.865722
BONE 8 0.001421

VERT 296
OFFSET -1.877126, -0.682934, 18.954567
BONES 4
BONE 4 0.054683
BONE 10 0.209104
BONE 15 0.734260
BONE 8 0.001953

VERT 297
OFFSET -7.820653, -0.246646, 19.709709
BONES 4
BONE 4 0.171688
