// Export filename: 'C:/projects/cod/t5/model_export/cuban/characters/cod7/tropas/mp/_c_cub_tropas_mp_body_standard_LOD2.XMODEL_EXPORT'
// Source filename: 'd:/projects/devart/t5/model_export/cuban/characters/cod7/tropas/mp/_c_cub_tropas_mp_standard.ma'
// Export time: Sat Sep 11 15:57:57 2010
MODEL
VERSION 6

NUMBONES 77
BONE 0 -1 "TAG_ORIGIN"
BONE 1 0 "J_MainRoot"
BONE 2 0 "TAG_SYNC"
BONE 3 1 "J_Hip_LE"
BONE 4 1 "J_Hip_RI"
BONE 5 1 "J_SpineLower"
BONE 6 3 "J_HipTwist_LE"
BONE 7 4 "J_HipTwist_RI"
BONE 8 3 "J_Knee_LE"
BONE 9 4 "J_Knee_RI"
BONE 10 5 "J_SpineUpper"
BONE 11 5 "TAG_STOWED_DEPLOY"
BONE 12 5 "TAG_STOWED_LETHAL"
BONE 13 5 "TAG_STOWED_TACTICAL"
BONE 14 8 "J_Ankle_LE"
BONE 15 9 "J_Ankle_RI"
BONE 16 8 "J_Knee_Bulge_LE"
BONE 17 9 "J_Knee_Bulge_RI"
BONE 18 10 "J_Spine4"
BONE 19 10 "TAG_STOWED_BACKPACK"
BONE 20 14 "J_Ball_LE"
BONE 21 15 "J_Ball_RI"
BONE 22 18 "J_Clavicle_LE"
BONE 23 18 "J_Clavicle_RI"
BONE 24 18 "J_Neck"
BONE 25 18 "J_ShoulderRaise_LE"
BONE 26 18 "J_ShoulderRaise_RI"
BONE 27 18 "TAG_INHAND"
BONE 28 18 "TAG_STOWED_BACK"
BONE 29 18 "TAG_WEAPON_CHEST"
BONE 30 24 "J_Head"
BONE 31 22 "J_Shoulder_LE"
BONE 32 23 "J_Shoulder_RI"
BONE 33 31 "J_Elbow_Bulge_LE"
BONE 34 32 "J_Elbow_Bulge_RI"
BONE 35 31 "J_Elbow_LE"
BONE 36 32 "J_Elbow_RI"
BONE 37 30 "J_Head_END"
BONE 38 31 "J_ShoulderTwist_LE"
BONE 39 32 "J_ShoulderTwist_RI"
BONE 40 37 "J_Helmet"
BONE 41 35 "J_Wrist_LE"
BONE 42 36 "J_Wrist_RI"
BONE 43 35 "J_WristTwist_LE"
BONE 44 36 "J_WristTwist_RI"
BONE 45 41 "J_Index_LE_1"
BONE 46 42 "J_Index_RI_1"
BONE 47 41 "J_Mid_LE_1"
BONE 48 42 "J_Mid_RI_1"
BONE 49 41 "J_Pinky_LE_1"
BONE 50 42 "J_Pinky_RI_1"
BONE 51 41 "J_Ring_LE_1"
BONE 52 42 "J_Ring_RI_1"
BONE 53 41 "J_Thumb_LE_1"
BONE 54 42 "J_Thumb_RI_1"
BONE 55 41 "TAG_WEAPON_LEFT"
BONE 56 42 "TAG_WEAPON_RIGHT"
BONE 57 45 "J_Index_LE_2"
BONE 58 46 "J_Index_RI_2"
BONE 59 47 "J_Mid_LE_2"
BONE 60 48 "J_Mid_RI_2"
BONE 61 49 "J_Pinky_LE_2"
BONE 62 50 "J_Pinky_RI_2"
BONE 63 51 "J_Ring_LE_2"
BONE 64 52 "J_Ring_RI_2"
BONE 65 53 "J_Thumb_LE_2"
BONE 66 54 "J_Thumb_RI_2"
BONE 67 57 "J_Index_LE_3"
BONE 68 58 "J_Index_RI_3"
BONE 69 59 "J_Mid_LE_3"
BONE 70 60 "J_Mid_RI_3"
BONE 71 61 "J_Pinky_LE_3"
BONE 72 62 "J_Pinky_RI_3"
BONE 73 63 "J_Ring_LE_3"
BONE 74 64 "J_Ring_RI_3"
BONE 75 65 "J_Thumb_LE_3"
BONE 76 66 "J_Thumb_RI_3"

BONE 0
OFFSET 0.000002, -2.222000, 0.000042
SCALE 1.000000, 1.000000, 1.000000
X -0.000000, -1.000000, -0.000001
Y 1.000000, -0.000000, 0.000000
Z -0.000000, -0.000001, 1.000000

BONE 1
OFFSET 0.000082, 1.218927, 37.228020
SCALE 1.000000, 1.000000, 1.000000
X 0.000005, 0.024825, 0.999692
Y 0.000006, -0.999692, 0.024825
Z 1.000000, 0.000006, -0.000005

BONE 2
OFFSET 0.000002, -2.219720, 0.000042
SCALE 1.000000, 1.000000, 1.000000
X -0.000000, -1.000000, -0.000003
Y 1.000000, -0.000000, 0.000000
Z -0.000000, -0.000003, 1.000000

BONE 3
OFFSET 4.865472, 1.218951, 37.228016
SCALE 1.000000, 1.000000, 1.000000
X -0.008941, 0.033879, -0.999386
Y -0.004877, -0.999415, -0.033837
Z -0.999948, 0.004571, 0.009101

BONE 4
OFFSET -4.865293, 1.218927, 37.227978
SCALE 1.000000, 1.000000, 1.000000
X -0.008909, -0.033842, 0.999388
Y -0.004870, 0.999417, 0.033800
Z -0.999948, -0.004566, -0.009069

BONE 5
OFFSET 0.000089, 1.148792, 42.432632
SCALE 1.000000, 1.000000, 1.000000
X 0.000001, 0.029870, 0.999554
Y -0.000002, -0.999554, 0.029870
Z 1.000000, -0.000002, -0.000001

BONE 6
OFFSET 4.837310, 1.325658, 34.080341
SCALE 1.000000, 1.000000, 1.000000
X -0.008941, 0.033879, -0.999386
Y -0.004864, -0.999416, -0.033837
Z -0.999948, 0.004558, 0.009101

BONE 7
OFFSET -4.837236, 1.325506, 34.080624
SCALE 1.000000, 1.000000, 1.000000
X -0.008909, -0.033842, 0.999388
Y -0.004874, 0.999417, 0.033800
Z -0.999948, -0.004570, -0.009069

BONE 8
OFFSET 4.708874, 1.812570, 19.727123
SCALE 1.000000, 1.000000, 1.000000
X -0.008203, 0.166937, -0.985933
Y -0.006021, -0.985957, -0.166891
Z -0.999948, 0.004567, 0.009093

BONE 9
OFFSET -4.708568, 1.812141, 19.727461
SCALE 1.000000, 1.000000, 1.000000
X -0.008167, -0.166975, 0.985927
Y -0.006022, 0.985950, 0.166929
Z -0.999949, -0.004574, -0.009057

BONE 10
OFFSET 0.000094, 1.131313, 47.652164
SCALE 1.000000, 1.000000, 1.000000
X 0.000003, -0.020406, 0.999792
Y 0.000005, -0.999792, -0.020406
Z 1.000000, 0.000006, -0.000003

BONE 11
OFFSET 2.139196, 5.207671, 41.041016
SCALE 1.000000, 1.000000, 1.000000
X 0.230530, 0.963082, 0.139031
Y -0.970569, 0.237808, -0.038000
Z -0.069659, -0.126179, 0.989559

BONE 12
OFFSET 2.391771, -5.582344, 42.004383
SCALE 1.000000, 1.000000, 1.000000
X 0.506552, -0.824031, -0.253728
Y 0.849568, 0.426816, 0.309940
Z -0.147105, -0.372559, 0.916275

BONE 13
OFFSET -2.719887, -5.064116, 41.606457
SCALE 1.000000, 1.000000, 1.000000
X -0.320003, -0.925791, -0.201269
Y 0.772357, -0.131887, -0.621345
Z 0.548691, -0.354284, 0.757246

BONE 14
OFFSET 4.584381, 4.343949, 4.776942
SCALE 1.000000, 1.000000, 1.000000
X -0.000000, -0.008729, -0.999962
Y 0.016577, -0.999824, 0.008728
Z -0.999863, -0.016577, 0.000145

BONE 15
OFFSET -4.584069, 4.344151, 4.777238
SCALE 1.000000, 1.000000, 1.000000
X 0.000009, 0.008730, 0.999962
Y 0.016581, 0.999824, -0.008729
Z -0.999862, 0.016581, -0.000136

BONE 16
OFFSET 4.700433, -0.061928, 19.740456
SCALE 1.000000, 1.000000, 1.000000
X -0.000006, 0.029848, 0.999554
Y -0.000002, -0.999554, 0.029848
Z 1.000000, -0.000002, 0.000006

BONE 17
OFFSET -4.688321, -0.066477, 19.765478
SCALE 1.000000, 1.000000, 1.000000
X -0.000042, -0.029855, -0.999554
Y -0.000010, 0.999554, -0.029855
Z 1.000000, 0.000009, -0.000042

BONE 18
OFFSET 0.000090, 1.067745, 51.758411
SCALE 1.000000, 1.000000, 1.000000
X 0.000002, -0.047080, 0.998891
Y 0.000010, -0.998891, -0.047080
Z 1.000000, 0.000011, -0.000001

BONE 19
OFFSET 0.002056, 7.939955, 50.851307
SCALE 1.000000, 1.000000, 1.000000
X -0.002312, 0.998623, 0.052401
Y -0.999994, -0.002453, 0.002620
Z 0.002745, -0.052394, 0.998623

BONE 20
OFFSET 4.746620, -1.234840, 0.330913
SCALE 1.000000, 1.000000, 1.000000
X 0.016342, -0.983115, 0.182258
Y -0.002855, 0.182235, 0.983251
Z -0.999862, -0.016588, 0.000171

BONE 21
OFFSET -4.746290, -1.234591, 0.331138
SCALE 1.000000, 1.000000, 1.000000
X 0.016296, 0.983125, -0.182210
Y -0.002898, -0.182187, -0.983260
Z -0.999863, 0.016551, -0.000120

BONE 22
OFFSET 1.356609, 1.015539, 56.400341
SCALE 1.000000, 1.000000, 1.000000
X 0.997183, -0.019399, 0.072449
Y 0.018071, 0.999657, 0.018947
Z -0.072792, -0.017584, 0.997192

BONE 23
OFFSET -1.356719, 1.015542, 56.400444
SCALE 1.000000, 1.000000, 1.000000
X 0.997186, 0.019411, -0.072414
Y 0.018084, -0.999657, -0.018932
Z -0.072757, 0.017569, -0.997195

BONE 24
OFFSET 0.000058, 0.503915, 60.542107
SCALE 1.000000, 1.000000, 1.000000
X 0.000005, -0.309757, 0.950816
Y 0.000009, -0.950816, -0.309757
Z 1.000000, 0.000010, -0.000002

BONE 25
OFFSET 4.025334, 0.920922, 58.859638
SCALE 1.000000, 1.000000, 1.000000
X -0.997186, 0.019392, -0.072414
Y -0.018067, -0.999658, -0.018910
Z -0.072756, -0.017549, 0.997195

BONE 26
OFFSET -4.025115, 0.920835, 58.859825
SCALE 1.000000, 1.000000, 1.000000
X -0.997185, -0.019413, 0.072417
Y -0.018088, 0.999658, 0.018910
Z -0.072759, 0.017547, -0.997195

BONE 27
OFFSET -28.519920, -12.713210, 38.935009
SCALE 1.000000, 1.000000, 1.000000
X 1.000000, 0.000011, -0.000001
Y 0.000007, -0.764281, -0.644884
Z -0.000008, 0.644884, -0.764281

BONE 28
OFFSET -3.222345, 7.041074, 50.952930
SCALE 1.000000, 1.000000, 1.000000
X -0.083352, 0.038091, -0.995792
Y 0.176876, -0.982837, -0.052401
Z -0.980697, -0.180500, 0.075184

BONE 29
OFFSET -28.519920, -12.713210, 38.935009
SCALE 1.000000, 1.000000, 1.000000
X 0.000011, -1.000000, 0.000001
Y 1.000000, 0.000011, -0.000001
Z 0.000001, 0.000001, 1.000000

BONE 30
OFFSET 0.000057, -0.306903, 63.520969
SCALE 1.000000, 1.000000, 1.000000
X -0.000007, -0.216434, 0.976297
Y 0.000005, -0.976297, -0.216434
Z 1.000000, 0.000004, 0.000008

BONE 31
OFFSET 7.725458, 0.891629, 56.863182
SCALE 1.000000, 1.000000, 1.000000
X 0.662981, -0.260696, -0.701779
Y 0.273873, 0.956889, -0.096732
Z 0.696743, -0.128067, 0.705796

BONE 32
OFFSET -7.725506, 0.891564, 56.862965
SCALE 1.000000, 1.000000, 1.000000
X 0.662960, 0.260726, 0.701788
Y 0.273916, -0.956876, 0.096734
Z 0.696745, 0.128101, -0.705788

BONE 33
OFFSET 15.846270, -1.632336, 48.642548
SCALE 1.000000, 1.000000, 1.000000
X 0.294563, -0.846066, -0.444303
Y 0.654051, 0.517466, -0.551767
Z 0.696743, -0.128067, 0.705796

BONE 34
OFFSET -15.846113, -1.632834, 48.642265
SCALE 1.000000, 1.000000, 1.000000
X 0.294518, 0.846079, 0.444308
Y 0.654068, -0.517437, 0.551773
Z 0.696745, 0.128101, -0.705788

BONE 35
OFFSET 15.742274, -1.805675, 48.713013
SCALE 1.000000, 1.000000, 1.000000
X 0.294845, -0.845858, -0.444512
Y 0.653923, 0.517813, -0.551593
Z 0.696743, -0.128042, 0.705801

BONE 36
OFFSET -15.742270, -1.806072, 48.712933
SCALE 1.000000, 1.000000, 1.000000
X 0.294819, 0.845861, 0.444523
Y 0.653933, -0.517800, 0.551592
Z 0.696745, 0.128069, -0.705794

BONE 37
OFFSET -0.000527, -1.399727, 69.807846
SCALE 1.000000, 1.000000, 1.000000
X -0.000007, -0.216434, 0.976297
Y 0.000005, -0.976297, -0.216434
Z 1.000000, 0.000004, 0.000008

BONE 38
OFFSET 8.032188, 0.771017, 56.538502
SCALE 1.000000, 1.000000, 1.000000
X 0.662981, -0.260696, -0.701779
Y 0.273875, 0.956889, -0.096730
Z 0.696742, -0.128070, 0.705797

BONE 39
OFFSET -8.001591, 0.782987, 56.570709
SCALE 1.000000, 1.000000, 1.000000
X 0.662960, 0.260726, 0.701788
Y 0.273908, -0.956878, 0.096742
Z 0.696748, 0.128089, -0.705787

BONE 40
OFFSET -0.000540, -0.362329, 71.243195
SCALE 1.000000, 1.000000, 1.000000
X 0.000005, -0.999048, 0.043625
Y 1.000000, 0.000005, 0.000005
Z -0.000005, 0.043625, 0.999048

BONE 41
OFFSET 18.585669, -10.419226, 44.089733
SCALE 1.000000, 1.000000, 1.000000
X 0.299004, -0.782064, -0.546784
Y -0.792522, 0.115636, -0.598779
Z 0.531512, 0.612376, -0.585227

BONE 42
OFFSET -18.585567, -10.419399, 44.089657
SCALE 1.000000, 1.000000, 1.000000
X 0.299011, 0.782058, 0.546788
Y -0.792524, -0.115633, 0.598778
Z 0.531506, -0.612384, 0.585224

BONE 43
OFFSET 17.753496, -7.897926, 45.442410
SCALE 1.000000, 1.000000, 1.000000
X 0.294846, -0.845857, -0.444513
Y 0.653930, 0.517812, -0.551585
Z 0.696736, -0.128048, 0.705806

BONE 44
OFFSET -17.753546, -7.898361, 45.442448
SCALE 1.000000, 1.000000, 1.000000
X 0.294819, 0.845861, 0.444523
Y 0.653933, -0.517800, 0.551592
Z 0.696745, 0.128069, -0.705794

BONE 45
OFFSET 18.943596, -14.118733, 43.296165
SCALE 1.000000, 1.000000, 1.000000
X 0.252533, -0.921880, -0.293878
Y -0.670074, 0.052482, -0.740436
Z 0.698017, 0.383905, -0.604475

BONE 46
OFFSET -18.943485, -14.118932, 43.296089
SCALE 1.000000, 1.000000, 1.000000
X 0.252692, 0.921873, 0.293763
Y -0.670040, -0.052297, 0.740480
Z 0.697992, -0.383946, 0.604477

BONE 47
OFFSET 19.641989, -13.608097, 42.701954
SCALE 1.000000, 1.000000, 1.000000
X 0.066843, -0.793765, -0.604540
Y -0.837155, 0.285040, -0.466823
Z 0.542866, 0.537298, -0.645452

BONE 48
OFFSET -19.641909, -13.608223, 42.701809
SCALE 1.000000, 1.000000, 1.000000
X 0.066887, 0.793771, 0.604528
Y -0.837171, -0.284987, 0.466827
Z 0.542836, -0.537317, 0.645460

BONE 49
OFFSET 20.410118, -12.159682, 41.480377
SCALE 1.000000, 1.000000, 1.000000
X -0.099274, -0.722106, -0.684623
Y -0.848031, 0.421335, -0.321434
Z 0.520565, 0.548671, -0.654195

BONE 50
OFFSET -20.410091, -12.159837, 41.480251
SCALE 1.000000, 1.000000, 1.000000
X -0.099304, 0.722089, 0.684635
Y -0.848020, -0.421369, 0.321418
Z 0.520577, -0.548666, 0.654190

BONE 51
OFFSET 20.114302, -12.876246, 42.061901
SCALE 1.000000, 1.000000, 1.000000
X -0.006006, -0.738898, -0.673791
Y -0.878970, 0.325202, -0.348791
Z 0.476839, 0.590147, -0.651422

BONE 52
OFFSET -20.114208, -12.876396, 42.061890
SCALE 1.000000, 1.000000, 1.000000
X -0.005979, 0.738908, 0.673780
Y -0.878978, -0.325169, 0.348801
Z 0.476825, -0.590152, 0.651428

BONE 53
OFFSET 18.473015, -11.541899, 44.177650
SCALE 1.000000, 1.000000, 1.000000
X -0.766327, -0.594301, -0.244027
Y 0.525231, -0.360813, -0.770679
Z 0.369968, -0.718763, 0.588646

BONE 54
OFFSET -18.472874, -11.542074, 44.177635
SCALE 1.000000, 1.000000, 1.000000
X -0.766329, 0.594294, 0.244036
Y 0.525229, 0.360803, 0.770685
Z 0.369965, 0.718773, -0.588635

BONE 55
OFFSET -28.519896, -12.719981, 38.932270
SCALE 1.000000, 1.000000, 1.000000
X 0.000190, -1.000000, -0.000189
Y 1.000000, 0.000190, 0.000053
Z -0.000053, -0.000189, 1.000000

BONE 56
OFFSET -28.520119, -12.709172, 38.935143
SCALE 1.000000, 1.000000, 1.000000
X -0.000199, -1.000000, -0.000195
Y 0.998877, -0.000190, -0.047381
Z 0.047381, -0.000205, 0.998877

BONE 57
OFFSET 19.335176, -15.548034, 42.840546
SCALE 1.000000, 1.000000, 1.000000
X -0.305493, -0.603804, -0.736271
Y -0.647669, 0.698577, -0.304162
Z 0.697997, 0.383940, -0.604476

BONE 58
OFFSET -19.335234, -15.548249, 42.840523
SCALE 1.000000, 1.000000, 1.000000
X -0.305842, 0.603512, 0.736365
Y -0.647460, -0.698892, 0.303884
Z 0.698038, -0.383827, 0.604500

BONE 59
OFFSET 19.766018, -15.080857, 41.580357
SCALE 1.000000, 1.000000, 1.000000
X -0.742584, -0.051931, -0.667737
Y -0.392291, 0.841795, 0.370795
Z 0.542841, 0.537294, -0.645475

BONE 60
OFFSET -19.765930, -15.081016, 41.579948
SCALE 1.000000, 1.000000, 1.000000
X -0.742558, 0.051921, 0.667766
Y -0.392315, -0.841780, -0.370804
Z 0.542860, -0.537318, 0.645439

BONE 61
OFFSET 20.291075, -13.025280, 40.659801
SCALE 1.000000, 1.000000, 1.000000
X -0.734217, -0.103408, -0.670993
Y -0.435791, 0.829631, 0.348997
Z 0.520587, 0.548653, -0.654194

BONE 62
OFFSET -20.291012, -13.025424, 40.659672
SCALE 1.000000, 1.000000, 1.000000
X -0.734208, 0.103424, 0.671001
Y -0.435814, -0.829619, -0.348996
Z 0.520581, -0.548667, 0.654187

BONE 63
OFFSET 20.104219, -14.119193, 40.928596
SCALE 1.000000, 1.000000, 1.000000
X -0.750598, -0.112264, -0.651152
Y -0.457408, 0.799450, 0.389433
Z 0.476844, 0.590150, -0.651416

BONE 64
OFFSET -20.104130, -14.119358, 40.928261
SCALE 1.000000, 1.000000, 1.000000
X -0.750602, 0.112272, 0.651146
Y -0.457410, -0.799450, -0.389431
Z 0.476836, -0.590148, 0.651423

BONE 65
OFFSET 16.629330, -12.971684, 43.590553
SCALE 1.000000, 1.000000, 1.000000
X -0.513767, -0.686190, -0.514963
Y 0.774059, -0.111908, -0.623144
Z 0.369966, -0.718763, 0.588646

BONE 66
OFFSET -16.629194, -12.971821, 43.590179
SCALE 1.000000, 1.000000, 1.000000
X -0.513765, 0.686181, 0.514977
Y 0.774059, 0.111890, 0.623148
Z 0.369972, 0.718774, -0.588629

BONE 67
OFFSET 19.038221, -16.134914, 42.125023
SCALE 1.000000, 1.000000, 1.000000
X -0.554097, -0.245160, -0.795533
Y -0.453622, 0.890222, 0.041612
Z 0.698000, 0.383929, -0.604479

BONE 68
OFFSET -19.037983, -16.134798, 42.125008
SCALE 1.000000, 1.000000, 1.000000
X -0.553871, 0.245483, 0.795591
Y -0.453788, -0.890154, -0.041256
Z 0.698071, -0.383880, 0.604428

BONE 69
OFFSET 18.948034, -15.138112, 40.844826
SCALE 1.000000, 1.000000, 1.000000
X -0.836744, 0.280258, -0.470441
Y -0.071875, 0.795463, 0.601724
Z 0.542857, 0.537302, -0.645456

BONE 70
OFFSET -18.947971, -15.138271, 40.844528
SCALE 1.000000, 1.000000, 1.000000
X -0.836742, -0.280254, 0.470448
Y -0.071886, -0.795461, -0.601726
Z 0.542859, -0.537308, 0.645449

BONE 71
OFFSET 19.784019, -13.096679, 40.196491
SCALE 1.000000, 1.000000, 1.000000
X -0.853803, 0.339164, -0.394953
Y 0.005198, 0.764171, 0.644992
Z 0.520570, 0.548643, -0.654215

BONE 72
OFFSET -19.783998, -13.096812, 40.196270
SCALE 1.000000, 1.000000, 1.000000
X -0.853799, -0.339166, 0.394959
Y 0.005186, -0.764161, -0.645004
Z 0.520576, -0.548656, 0.654199

BONE 73
OFFSET 19.396437, -14.225060, 40.314682
SCALE 1.000000, 1.000000, 1.000000
X -0.861545, 0.166924, -0.479454
Y -0.174209, 0.789854, 0.588033
Z 0.476856, 0.590142, -0.651415

BONE 74
OFFSET -19.396343, -14.225204, 40.314499
SCALE 1.000000, 1.000000, 1.000000
X -0.861557, -0.166916, 0.479436
Y -0.174209, -0.789846, -0.588043
Z 0.476834, -0.590155, 0.651419

BONE 75
OFFSET 16.015608, -13.791351, 42.975456
SCALE 1.000000, 1.000000, 1.000000
X -0.178188, -0.676734, -0.714339
Y 0.911796, 0.159395, -0.378446
Z 0.369969, -0.718766, 0.588641

BONE 76
OFFSET -16.015455, -13.791477, 42.975048
SCALE 1.000000, 1.000000, 1.000000
X -0.178183, 0.676724, 0.714350
Y 0.911791, -0.159415, 0.378450
Z 0.369984, 0.718771, -0.588626

NUMVERTS 1230
VERT 0
OFFSET 2.358530, -4.704567, 30.527317
BONES 7
BONE 5 0.000093
BONE 10 0.000000
BONE 1 0.126521
BONE 3 0.116800
BONE 6 0.692065
BONE 7 0.064441
BONE 4 0.000080

VERT 1
OFFSET 7.090455, -3.189694, 32.036427
BONES 7
BONE 5 0.000774
BONE 10 0.000004
BONE 1 0.062553
BONE 3 0.137389
BONE 6 0.790569
BONE 7 0.008681
BONE 4 0.000031

VERT 2
OFFSET 6.257324, -3.456066, 37.064854
BONES 7
BONE 5 0.048689
BONE 10 0.000450
BONE 1 0.471684
BONE 3 0.008645
BONE 6 0.443124
BONE 7 0.027400
BONE 4 0.000009

VERT 3
OFFSET -0.160205, -0.381856, 30.493965
BONES 6
BONE 5 0.000086
BONE 1 0.308282
BONE 3 0.012973
BONE 6 0.389307
BONE 7 0.287509
BONE 4 0.001843

VERT 4
OFFSET -0.073379, -3.990271, 31.676014
BONES 7
BONE 5 0.000803
BONE 10 0.000007
BONE 1 0.302579
BONE 3 0.006324
BONE 6 0.438334
BONE 7 0.250896
BONE 4 0.001057

VERT 5
OFFSET 4.139988, -0.963644, 13.068729
BONES 6
BONE 1 0.000003
BONE 3 0.003104
BONE 6 0.000000
BONE 8 0.981597
BONE 14 0.000003
BONE 16 0.015293

VERT 6
OFFSET 1.858441, -3.024687, 23.369968
BONES 5
BONE 3 0.749012
BONE 6 0.163361
BONE 7 0.001938
BONE 4 0.000003
BONE 8 0.085686

VERT 7
OFFSET 6.443444, -3.030811, 24.537001
BONES 5
BONE 3 0.701175
BONE 6 0.207443
BONE 7 0.000206
BONE 4 0.000000
BONE 8 0.091176

VERT 8
OFFSET 7.731982, 0.241700, 12.789954
BONES 9
BONE 5 0.000000
BONE 10 0.000000
BONE 1 0.000051
BONE 3 0.006917
BONE 6 0.000012
BONE 8 0.977162
BONE 14 0.000036
BONE 16 0.015817
BONE 9 0.000005

VERT 9
OFFSET 8.405936, 3.862802, 12.992336
BONES 9
BONE 5 0.000000
BONE 10 0.000000
BONE 1 0.000320
BONE 3 0.009696
BONE 6 0.000032
BONE 8 0.975816
BONE 14 0.000018
BONE 16 0.014076
BONE 9 0.000042

VERT 10
OFFSET 5.382238, 6.103794, 13.131207
BONES 7
BONE 1 0.000653
BONE 3 0.008677
BONE 6 0.000017
BONE 8 0.983028
BONE 14 0.000009
BONE 16 0.007568
BONE 9 0.000049

VERT 11
OFFSET 2.059292, 4.927258, 12.575259
BONES 8
BONE 1 0.000650
BONE 3 0.011237
BONE 6 0.000021
BONE 8 0.978364
BONE 14 0.000002
BONE 16 0.009709
BONE 9 0.000017
BONE 17 0.000000

VERT 12
OFFSET 5.153275, 5.384245, 37.292282
BONES 8
BONE 5 0.033707
BONE 10 0.001539
BONE 18 0.000005
BONE 1 0.570905
BONE 3 0.003408
BONE 6 0.348609
BONE 7 0.041822
BONE 4 0.000004

VERT 13
OFFSET 7.013530, 3.581772, 31.712063
BONES 8
BONE 5 0.001563
BONE 10 0.000005
BONE 18 0.000000
BONE 1 0.117647
BONE 3 0.148640
BONE 6 0.723942
BONE 7 0.008173
BONE 4 0.000031

VERT 14
OFFSET 3.303657, 5.567924, 31.780849
BONES 6
BONE 5 0.000376
BONE 1 0.248269
BONE 3 0.060039
BONE 6 0.619985
BONE 7 0.070791
BONE 4 0.000541

VERT 15
OFFSET 6.765911, 3.409170, 24.331099
BONES 5
BONE 1 0.000489
BONE 3 0.759269
BONE 6 0.239515
BONE 7 0.000721
BONE 4 0.000007

VERT 16
OFFSET 2.097229, 3.996227, 24.032850
BONES 5
BONE 1 0.004538
BONE 3 0.699903
BONE 6 0.289374
BONE 7 0.006007
BONE 4 0.000177

VERT 17
OFFSET 2.214169, 4.016228, 28.777946
BONES 6
BONE 5 0.000000
BONE 1 0.118605
BONE 3 0.158255
BONE 6 0.640263
BONE 7 0.082210
BONE 4 0.000666

VERT 18
OFFSET 1.297801, 0.309807, 19.857643
BONES 8
BONE 1 0.000113
BONE 3 0.579443
BONE 6 0.021364
BONE 7 0.000079
BONE 4 0.000002
BONE 8 0.218869
BONE 16 0.180033
BONE 17 0.000098

VERT 19
OFFSET 1.519733, 1.303269, 12.574518
BONES 8
BONE 1 0.000203
BONE 3 0.013246
BONE 6 0.000035
BONE 8 0.967587
BONE 14 0.000000
BONE 16 0.018926
BONE 9 0.000001
BONE 17 0.000000

VERT 20
OFFSET 0.844748, 0.215741, 23.506447
BONES 5
BONE 3 0.787912
BONE 6 0.161427
BONE 7 0.002813
BONE 4 0.000004
BONE 8 0.047843

VERT 21
OFFSET -0.128881, 5.219285, 31.383965
BONES 6
BONE 5 0.000139
BONE 1 0.386098
BONE 3 0.008639
BONE 6 0.345669
BONE 7 0.257042
BONE 4 0.002414

VERT 22
OFFSET 0.001311, -5.873310, 36.919098
BONES 8
BONE 5 0.053000
BONE 10 0.000993
BONE 18 0.000004
BONE 1 0.648226
BONE 3 0.000530
BONE 6 0.156539
BONE 7 0.140446
BONE 4 0.000261

VERT 23
OFFSET -3.095665, -4.641512, 30.688717
BONES 7
BONE 5 0.000182
BONE 10 0.000000
BONE 1 0.123582
BONE 3 0.000065
BONE 6 0.060964
BONE 7 0.664418
BONE 4 0.150789

VERT 24
OFFSET -7.550539, -3.004915, 31.874142
BONES 7
BONE 5 0.000223
BONE 10 0.000002
BONE 1 0.067371
BONE 3 0.000063
BONE 6 0.011879
BONE 7 0.724777
BONE 4 0.195686

VERT 25
OFFSET -2.642298, -3.320176, 23.733042
BONES 7
BONE 5 0.000000
BONE 1 0.000688
BONE 3 0.000005
BONE 6 0.002344
BONE 7 0.128287
BONE 4 0.775207
BONE 9 0.093469

VERT 26
OFFSET -6.712403, -3.184100, 24.170334
BONES 5
BONE 3 0.000000
BONE 6 0.000560
BONE 7 0.168625
BONE 4 0.746109
BONE 9 0.084706

VERT 27
OFFSET -7.660316, 0.451339, 19.327206
BONES 11
BONE 5 0.000000
BONE 10 0.000000
BONE 1 0.000013
BONE 3 0.000000
BONE 6 0.000004
BONE 7 0.005673
BONE 4 0.313225
BONE 8 0.000019
BONE 16 0.000000
BONE 9 0.484857
BONE 17 0.196206

VERT 28
OFFSET -6.418116, 3.557450, 20.794123
BONES 11
BONE 5 0.000000
BONE 10 0.000000
BONE 1 0.000326
BONE 3 0.000004
BONE 6 0.000160
BONE 7 0.041164
BONE 4 0.745925
BONE 8 0.000003
BONE 16 0.000008
BONE 9 0.176815
BONE 17 0.035595

VERT 29
OFFSET -5.750376, 5.588142, 37.218765
BONES 8
BONE 5 0.032073
BONE 10 0.003084
BONE 18 0.000082
BONE 1 0.628606
BONE 3 0.000151
BONE 6 0.019301
BONE 7 0.311571
BONE 4 0.005132

VERT 30
OFFSET -7.519132, 4.283799, 31.592930
BONES 7
BONE 5 0.002286
BONE 10 0.000016
BONE 1 0.117369
BONE 3 0.000030
BONE 6 0.007516
BONE 7 0.698755
BONE 4 0.174028

VERT 31
OFFSET -3.854241, 5.671737, 31.936514
BONES 7
BONE 5 0.001555
BONE 10 0.000000
BONE 1 0.254607
BONE 3 0.000120
BONE 6 0.073267
BONE 7 0.595143
BONE 4 0.075308

VERT 32
OFFSET -6.892502, 4.207208, 24.035322
BONES 4
BONE 3 0.000019
BONE 6 0.001201
BONE 7 0.214307
BONE 4 0.784473

VERT 33
OFFSET -3.123201, 3.763336, 20.510910
BONES 9
BONE 1 0.000485
BONE 3 0.000009
BONE 6 0.000297
BONE 7 0.041590
BONE 4 0.698089
BONE 8 0.000003
BONE 16 0.000047
BONE 9 0.210955
BONE 17 0.048524

VERT 34
OFFSET -1.342595, 0.306827, 20.343645
BONES 9
BONE 1 0.000552
BONE 3 0.000008
BONE 6 0.000338
BONE 7 0.039024
BONE 4 0.662634
BONE 8 0.000000
BONE 16 0.000107
BONE 9 0.198966
BONE 17 0.098371

VERT 35
OFFSET -2.688668, 4.022984, 23.574503
BONES 4
BONE 3 0.000095
BONE 6 0.004842
BONE 7 0.259454
BONE 4 0.735610

VERT 36
OFFSET -0.704491, 0.133681, 23.274044
BONES 5
BONE 3 0.000024
BONE 6 0.003246
BONE 7 0.146948
BONE 4 0.810567
BONE 9 0.039216

VERT 37
OFFSET -2.210387, 3.945191, 29.084522
BONES 7
BONE 5 0.000292
BONE 10 0.000000
BONE 1 0.128620
BONE 3 0.000253
BONE 6 0.082538
BONE 7 0.642458
BONE 4 0.145838

VERT 38
OFFSET -6.956599, -3.466735, 37.127525
BONES 8
BONE 5 0.020975
BONE 10 0.000478
BONE 18 0.000004
BONE 1 0.591271
BONE 3 0.000153
BONE 6 0.015458
BONE 7 0.359891
BONE 4 0.011770

VERT 39
OFFSET -1.511325, 2.724840, 12.578602
BONES 7
BONE 1 0.000255
BONE 7 0.000033
BONE 4 0.007934
BONE 8 0.000002
BONE 9 0.982095
BONE 15 0.000071
BONE 17 0.009610

VERT 40
OFFSET -3.996065, 6.067982, 13.154422
BONES 8
BONE 1 0.000710
BONE 7 0.000061
BONE 4 0.009062
BONE 8 0.000039
BONE 16 0.000000
BONE 9 0.983632
BONE 15 0.000022
BONE 17 0.006475

VERT 41
OFFSET -2.730558, -0.687151, 13.131115
BONES 8
BONE 1 0.000041
BONE 7 0.000032
BONE 4 0.011962
BONE 8 0.000000
BONE 16 0.000000
BONE 9 0.972457
BONE 15 0.000034
BONE 17 0.015474

VERT 42
OFFSET -5.650938, -1.483245, 12.613936
BONES 6
BONE 1 0.000001
BONE 7 0.000006
BONE 4 0.005977
BONE 9 0.978413
BONE 15 0.000033
BONE 17 0.015570

VERT 43
OFFSET -8.410777, 1.295520, 12.483130
BONES 9
BONE 5 0.000000
BONE 10 0.000000
BONE 1 0.000021
BONE 7 0.000042
BONE 4 0.005226
BONE 8 0.000006
BONE 9 0.983868
BONE 15 0.000103
BONE 17 0.010734

VERT 44
OFFSET -7.680445, 4.810013, 13.472039
BONES 9
BONE 5 0.000000
BONE 10 0.000000
BONE 1 0.000270
BONE 7 0.000084
BONE 4 0.007829
BONE 8 0.000049
BONE 9 0.980710
BONE 15 0.000047
BONE 17 0.011011

VERT 45
OFFSET -2.671221, -2.333671, 18.438360
BONES 9
BONE 5 0.000000
BONE 10 0.000000
BONE 1 0.000001
BONE 6 0.000000
BONE 7 0.000504
BONE 4 0.231590
BONE 16 0.000002
BONE 9 0.300830
BONE 17 0.467072

VERT 46
OFFSET -2.414562, -3.516226, 21.085451
BONES 8
BONE 1 0.000778
BONE 3 0.000001
BONE 6 0.000325
BONE 7 0.028806
BONE 4 0.603718
BONE 16 0.000029
BONE 9 0.131665
BONE 17 0.234678

VERT 47
OFFSET -6.269494, -2.819250, 18.547415
BONES 7
BONE 5 0.000000
BONE 10 0.000000
BONE 1 0.000000
BONE 7 0.000132
BONE 4 0.197029
BONE 9 0.248355
BONE 17 0.554483

VERT 48
OFFSET -5.952420, -3.427660, 20.988708
BONES 10
BONE 5 0.000000
BONE 10 0.000000
BONE 1 0.000073
BONE 3 0.000000
BONE 6 0.000020
BONE 7 0.004126
BONE 4 0.497086
BONE 16 0.000002
BONE 9 0.138802
BONE 17 0.359891

VERT 49
OFFSET 2.588843, -3.174311, 18.137434
BONES 9
BONE 5 0.000000
BONE 10 0.000000
BONE 1 0.000000
BONE 3 0.170965
BONE 6 0.000534
BONE 7 0.000000
BONE 8 0.411014
BONE 16 0.417484
BONE 17 0.000003

VERT 50
OFFSET 6.247219, -3.607084, 18.293297
BONES 8
BONE 5 0.000000
BONE 10 0.000000
BONE 1 0.000000
BONE 3 0.179559
BONE 6 0.000165
BONE 8 0.399103
BONE 16 0.421173
BONE 17 0.000000

VERT 51
OFFSET 2.551105, 3.750932, 20.674242
BONES 9
BONE 1 0.000555
BONE 3 0.728653
BONE 6 0.047639
BONE 7 0.000350
BONE 4 0.000012
BONE 8 0.180320
BONE 16 0.042405
BONE 9 0.000001
BONE 17 0.000065

VERT 52
OFFSET 8.650789, 0.160790, 24.452452
BONES 7
BONE 5 0.000000
BONE 1 0.001421
BONE 3 0.718366
BONE 6 0.231312
BONE 7 0.000091
BONE 4 0.000000
BONE 8 0.048809

VERT 53
OFFSET 6.171937, -3.529761, 20.933020
BONES 9
BONE 5 0.000000
BONE 10 0.000000
BONE 1 0.000078
BONE 3 0.504026
BONE 6 0.005747
BONE 7 0.000013
BONE 8 0.135466
BONE 16 0.354668
BONE 17 0.000001

VERT 54
OFFSET 7.275860, 0.725402, 19.824713
BONES 10
BONE 5 0.000000
BONE 10 0.000000
BONE 1 0.000007
BONE 3 0.471677
BONE 6 0.007945
BONE 7 0.000001
BONE 8 0.334463
BONE 16 0.185864
BONE 9 0.000043
BONE 17 0.000000

VERT 55
OFFSET 6.348853, 3.800158, 20.787085
BONES 11
BONE 5 0.000000
BONE 10 0.000000
BONE 1 0.000234
BONE 3 0.742342
BONE 6 0.034312
BONE 7 0.000109
BONE 4 0.000002
BONE 8 0.191382
BONE 16 0.031613
BONE 9 0.000002
BONE 17 0.000004

VERT 56
OFFSET 2.343898, -3.534001, 20.743580
BONES 8
BONE 1 0.000314
BONE 3 0.553594
BONE 6 0.013100
BONE 7 0.000131
BONE 4 0.000000
BONE 8 0.133941
BONE 16 0.298896
BONE 17 0.000023

VERT 57
OFFSET -8.604370, 0.806142, 23.903963
BONES 8
BONE 5 0.000000
BONE 10 0.000000
BONE 1 0.001145
BONE 3 0.000002
BONE 6 0.000319
BONE 7 0.223054
BONE 4 0.759637
BONE 9 0.015842

VERT 58
OFFSET -0.087990, 6.214231, 37.499519
BONES 8
BONE 5 0.040494
BONE 10 0.002499
BONE 18 0.000002
BONE 1 0.689317
BONE 3 0.000700
BONE 6 0.119820
BONE 7 0.146925
BONE 4 0.000245

VERT 59
OFFSET 6.897518, 2.499511, 37.447002
BONES 8
BONE 5 0.054497
BONE 10 0.001311
BONE 18 0.000002
BONE 1 0.542831
BONE 3 0.003604
BONE 6 0.369503
BONE 7 0.028250
BONE 4 0.000002

VERT 60
OFFSET -7.792333, 2.467297, 37.543255
BONES 8
BONE 5 0.042152
BONE 10 0.002306
BONE 18 0.000019
BONE 1 0.648839
BONE 3 0.000054
BONE 6 0.005550
BONE 7 0.294916
BONE 4 0.006164

VERT 61
OFFSET 4.726467, 1.995713, 12.497925
BONES 7
BONE 1 0.000056
BONE 3 0.003908
BONE 6 0.000001
BONE 8 0.988995
BONE 14 0.000004
BONE 16 0.007036
BONE 9 0.000000

VERT 62
OFFSET -4.878160, 1.694398, 12.265129
BONES 6
BONE 1 0.000030
BONE 7 0.000007
BONE 4 0.003217
BONE 9 0.986299
BONE 15 0.000045
BONE 17 0.010403

VERT 63
OFFSET 9.633151, 1.094015, 30.002901
BONES 7
BONE 5 0.000762
BONE 10 0.000000
BONE 1 0.057236
BONE 3 0.235406
BONE 6 0.703150
BONE 7 0.003438
BONE 4 0.000008

VERT 64
OFFSET -9.483986, -0.049906, 29.888577
BONES 7
BONE 5 0.000173
BONE 10 0.000000
BONE 1 0.046936
BONE 3 0.000021
BONE 6 0.003163
BONE 7 0.654700
BONE 4 0.295007

VERT 65
OFFSET 6.212558, 3.751959, 42.663891
BONES 8
BONE 5 0.400913
BONE 10 0.086217
BONE 18 0.000720
BONE 1 0.506416
BONE 3 0.000191
BONE 6 0.005120
BONE 7 0.000422
BONE 4 0.000000

VERT 66
OFFSET 4.610188, 5.002832, 42.696632
BONES 8
BONE 5 0.399106
BONE 10 0.100915
BONE 18 0.000589
BONE 1 0.489884
BONE 3 0.000199
BONE 6 0.008596
BONE 7 0.000709
BONE 4 0.000001

VERT 67
OFFSET -0.041170, 5.978031, 42.756546
BONES 8
BONE 5 0.416155
BONE 10 0.122727
BONE 18 0.000365
BONE 1 0.459363
BONE 3 0.000031
BONE 6 0.000713
BONE 7 0.000602
BONE 4 0.000043

VERT 68
OFFSET 0.646646, -5.614889, 41.894604
BONES 10
BONE 5 0.326595
BONE 10 0.062051
BONE 18 0.000466
BONE 22 0.000000
BONE 1 0.610860
BONE 3 0.000027
BONE 6 0.000000
BONE 23 0.000000
BONE 39 0.000000
BONE 4 0.000000

VERT 69
OFFSET 5.373069, -3.958541, 42.045784
BONES 9
BONE 5 0.407351
BONE 10 0.056087
BONE 18 0.000616
BONE 22 0.000000
BONE 38 0.000002
BONE 1 0.533594
BONE 3 0.000163
BONE 6 0.002185
BONE 4 0.000002

VERT 70
OFFSET 6.235741, -3.331842, 42.133400
BONES 7
BONE 5 0.427961
BONE 10 0.057562
BONE 18 0.000690
BONE 1 0.512472
BONE 3 0.000181
BONE 6 0.001134
BONE 4 0.000001

VERT 71
OFFSET 7.479388, 0.364540, 42.373398
BONES 8
BONE 5 0.433649
BONE 10 0.067536
BONE 18 0.001221
BONE 22 0.000000
BONE 38 0.000075
BONE 1 0.497363
BONE 3 0.000156
BONE 6 0.000000

VERT 72
OFFSET 6.327358, 3.547555, 44.822487
BONES 4
BONE 5 0.571009
BONE 10 0.188629
BONE 18 0.033776
BONE 1 0.206586

VERT 73
OFFSET 4.712427, 4.883953, 44.824306
BONES 4
BONE 5 0.526154
BONE 10 0.195481
BONE 18 0.020913
BONE 1 0.257452

VERT 74
OFFSET -0.067209, 6.302414, 44.898300
BONES 4
BONE 5 0.423597
BONE 10 0.242269
BONE 18 0.020626
BONE 1 0.313508

VERT 75
OFFSET 0.748875, -5.797281, 44.107418
BONES 4
BONE 5 0.516898
BONE 10 0.135473
BONE 18 0.004883
BONE 1 0.342746

VERT 76
OFFSET 5.605422, -4.318809, 44.377213
BONES 4
BONE 5 0.650610
BONE 10 0.136291
BONE 18 0.005429
BONE 1 0.207670

VERT 77
OFFSET 6.352844, -3.662986, 44.399845
BONES 4
BONE 5 0.646481
BONE 10 0.131838
BONE 18 0.010208
BONE 1 0.211474

VERT 78
OFFSET 7.392727, 0.282143, 44.518867
BONES 4
BONE 5 0.623971
BONE 10 0.166405
BONE 18 0.023321
BONE 1 0.186303

VERT 79
OFFSET 5.467365, 4.245673, 44.863346
BONES 4
BONE 5 0.540153
BONE 10 0.190962
BONE 18 0.026831
BONE 1 0.242054

VERT 80
OFFSET 5.758051, 4.833934, 45.736576
BONES 4
BONE 5 0.443117
BONE 10 0.263921
BONE 18 0.109729
BONE 1 0.183232

VERT 81
OFFSET 4.991168, 5.370286, 45.723202
BONES 4
BONE 5 0.444044
BONE 10 0.270078
BONE 18 0.092421
BONE 1 0.193458

VERT 82
OFFSET 5.484612, 4.355145, 42.685383
BONES 8
BONE 5 0.394724
BONE 10 0.094498
BONE 18 0.000651
BONE 1 0.500448
BONE 3 0.000212
BONE 6 0.008745
BONE 7 0.000721
BONE 4 0.000000

VERT 83
OFFSET 5.754467, -4.628476, 45.336754
BONES 4
BONE 5 0.625423
BONE 10 0.155780
BONE 18 0.013791
BONE 1 0.205006

VERT 84
OFFSET 6.501888, -3.972652, 45.359386
BONES 4
BONE 5 0.607688
BONE 10 0.144493
BONE 18 0.022905
BONE 1 0.224914

VERT 85
OFFSET 0.000000, 4.208618, 60.454475
BONES 9
BONE 5 0.001695
BONE 10 0.017073
BONE 18 0.801174
BONE 22 0.035216
BONE 38 0.004231
BONE 25 0.053399
BONE 26 0.051166
BONE 23 0.033060
BONE 39 0.002986

VERT 86
OFFSET -0.009446, 5.976515, 57.525612
BONES 9
BONE 5 0.048377
BONE 10 0.136551
BONE 18 0.664683
BONE 22 0.037703
BONE 38 0.001612
BONE 25 0.038739
BONE 26 0.036214
BONE 23 0.035853
BONE 39 0.000269

VERT 87
OFFSET 7.280757, -3.055917, 58.200962
BONES 9
BONE 5 0.005787
BONE 10 0.044778
BONE 18 0.358176
BONE 22 0.232955
BONE 31 0.000768
BONE 38 0.258454
BONE 25 0.099077
BONE 26 0.000005
BONE 23 0.000001

VERT 88
OFFSET 4.156388, -3.646176, 58.168175
BONES 10
BONE 5 0.014699
BONE 10 0.054017
BONE 18 0.510656
BONE 22 0.202235
BONE 31 0.000000
BONE 38 0.061810
BONE 25 0.155979
BONE 1 0.000062
BONE 26 0.000248
BONE 23 0.000294

VERT 89
OFFSET 7.077931, -0.759380, 59.706535
BONES 9
BONE 5 0.000955
BONE 10 0.028557
BONE 18 0.333812
BONE 22 0.300067
BONE 31 0.000197
BONE 38 0.203974
BONE 25 0.132430
BONE 26 0.000007
BONE 23 0.000000

VERT 90
OFFSET 6.716637, 1.295564, 60.132965
BONES 9
BONE 5 0.000257
BONE 10 0.010070
BONE 18 0.291865
BONE 22 0.278265
BONE 31 0.000335
BONE 38 0.263788
BONE 25 0.155367
BONE 26 0.000053
BONE 23 0.000000

VERT 91
OFFSET 4.015853, 1.702341, 61.024639
BONES 9
BONE 5 0.000161
BONE 10 0.005745
BONE 18 0.802995
BONE 22 0.077104
BONE 38 0.012837
BONE 25 0.098391
BONE 26 0.002377
BONE 23 0.000391
BONE 39 0.000000

VERT 92
OFFSET 1.345950, 4.233827, 60.442146
BONES 9
BONE 5 0.002128
BONE 10 0.018348
BONE 18 0.788740
BONE 22 0.058628
BONE 38 0.007807
BONE 25 0.079169
BONE 26 0.028571
BONE 23 0.015590
BONE 39 0.001021

VERT 93
OFFSET 5.561500, 3.821784, 59.461662
BONES 9
BONE 5 0.003830
BONE 10 0.028856
BONE 18 0.375670
BONE 22 0.252259
BONE 31 0.000089
BONE 38 0.207765
BONE 25 0.127948
BONE 26 0.002483
BONE 23 0.001101

VERT 94
OFFSET 5.557389, -4.687827, 55.307968
BONES 9
BONE 5 0.084135
BONE 10 0.129963
BONE 18 0.559163
BONE 22 0.113001
BONE 31 0.000004
BONE 38 0.060614
BONE 25 0.053003
BONE 1 0.000116
BONE 26 0.000000

VERT 95
OFFSET 6.687078, -4.381387, 55.311703
BONES 8
BONE 5 0.061582
BONE 10 0.159974
BONE 18 0.534712
BONE 22 0.116006
BONE 31 0.000021
BONE 38 0.087580
BONE 25 0.040039
BONE 1 0.000085

VERT 96
OFFSET 4.486219, 5.624570, 57.284618
BONES 11
BONE 5 0.037664
BONE 10 0.099633
BONE 18 0.434724
BONE 22 0.194496
BONE 31 0.000054
BONE 38 0.133362
BONE 25 0.088271
BONE 1 0.000228
BONE 26 0.006608
BONE 23 0.004957
BONE 39 0.000002

VERT 97
OFFSET 3.081812, 5.969192, 57.425613
BONES 11
BONE 5 0.041705
BONE 10 0.111976
BONE 18 0.511040
BONE 22 0.157209
BONE 31 0.000012
BONE 38 0.065021
BONE 25 0.089294
BONE 1 0.000178
BONE 26 0.012282
BONE 23 0.011279
BONE 39 0.000003

VERT 98
OFFSET 5.748419, 4.831743, 46.463902
BONES 4
BONE 5 0.435700
BONE 10 0.278800
BONE 18 0.130273
BONE 1 0.155226

VERT 99
OFFSET 4.883658, 5.281463, 46.268757
BONES 4
BONE 5 0.441932
BONE 10 0.276945
BONE 18 0.100365
BONE 1 0.180759

VERT 100
OFFSET 4.212140, 6.139594, 50.424393
BONES 6
BONE 5 0.255035
BONE 10 0.419159
BONE 18 0.308502
BONE 1 0.017295
BONE 6 0.000008
BONE 7 0.000001

VERT 101
OFFSET 5.223670, 5.625224, 50.336929
BONES 6
BONE 5 0.235376
BONE 10 0.400721
BONE 18 0.349121
BONE 1 0.014773
BONE 6 0.000009
BONE 7 0.000000

VERT 102
OFFSET 4.764475, -0.829985, 60.361206
BONES 11
BONE 5 0.000268
BONE 10 0.015496
BONE 18 0.600981
BONE 22 0.180538
BONE 31 0.000001
BONE 38 0.052821
BONE 25 0.148847
BONE 1 0.000000
BONE 26 0.000903
BONE 23 0.000145
BONE 39 0.000000

VERT 103
OFFSET 6.517689, -4.140452, 57.404121
BONES 9
BONE 5 0.013319
BONE 10 0.078688
BONE 18 0.465301
BONE 22 0.213955
BONE 31 0.000002
BONE 38 0.125043
BONE 25 0.103679
BONE 26 0.000012
BONE 23 0.000002

VERT 104
OFFSET 3.224526, 4.046973, 60.407246
BONES 9
BONE 5 0.002578
BONE 10 0.020993
BONE 18 0.679361
BONE 22 0.131086
BONE 38 0.027756
BONE 25 0.125048
BONE 26 0.009584
BONE 23 0.003561
BONE 39 0.000033

VERT 105
OFFSET 5.380024, -4.299746, 57.426743
BONES 10
BONE 5 0.009300
BONE 10 0.068845
BONE 18 0.526692
BONE 22 0.194295
BONE 31 0.000001
BONE 38 0.085679
BONE 25 0.115156
BONE 1 0.000000
BONE 26 0.000026
BONE 23 0.000005

VERT 106
OFFSET 4.580479, 5.785942, 54.864311
BONES 13
BONE 5 0.110248
BONE 10 0.190968
BONE 18 0.361871
BONE 22 0.143450
BONE 31 0.000080
BONE 38 0.139003
BONE 25 0.047255
BONE 1 0.001845
BONE 6 0.000000
BONE 7 0.000000
BONE 26 0.002880
BONE 23 0.002390
BONE 39 0.000010

VERT 107
OFFSET 3.391220, 6.343002, 55.128082
BONES 13
BONE 5 0.120913
BONE 10 0.207723
BONE 18 0.412519
BONE 22 0.126543
BONE 31 0.000010
BONE 38 0.066890
BONE 25 0.051453
BONE 1 0.001984
BONE 6 0.000000
BONE 7 0.000000
BONE 26 0.005869
BONE 23 0.006047
BONE 39 0.000049

VERT 108
OFFSET 5.581646, -4.425103, 46.109226
BONES 4
BONE 5 0.607238
BONE 10 0.176913
BONE 18 0.024447
BONE 1 0.191402

VERT 109
OFFSET 6.333961, -3.699557, 46.118469
BONES 4
BONE 5 0.585276
BONE 10 0.155399
BONE 18 0.032985
BONE 1 0.226340

VERT 110
OFFSET 5.672779, -4.875551, 51.920551
BONES 11
BONE 5 0.248617
BONE 10 0.255976
BONE 18 0.398933
BONE 22 0.043299
BONE 31 0.000070
BONE 38 0.032659
BONE 25 0.005619
BONE 1 0.014823
BONE 6 0.000001
BONE 26 0.000002
BONE 23 0.000002

VERT 111
OFFSET 6.483007, -4.346949, 51.938190
BONES 9
BONE 5 0.248330
BONE 10 0.260873
BONE 18 0.388330
BONE 22 0.043448
BONE 31 0.000137
BONE 38 0.040024
BONE 25 0.005173
BONE 1 0.013685
BONE 6 0.000001

VERT 112
OFFSET 7.921815, -3.611799, 53.784538
BONES 8
BONE 5 0.044700
BONE 10 0.147386
BONE 18 0.338697
BONE 22 0.059330
BONE 31 0.009315
BONE 38 0.390118
BONE 25 0.010371
BONE 1 0.000083

VERT 113
OFFSET 8.060631, 1.002079, 50.980782
BONES 4
BONE 5 0.081384
BONE 10 0.340494
BONE 18 0.577026
BONE 1 0.001097

VERT 114
OFFSET 8.425444, 4.603257, 54.879173
BONES 8
BONE 5 0.025741
BONE 10 0.069737
BONE 18 0.112176
BONE 22 0.108880
BONE 31 0.008260
BONE 38 0.659361
BONE 25 0.015698
BONE 1 0.000147

VERT 115
OFFSET 8.687643, 3.926216, 57.452183
BONES 9
BONE 5 0.004948
BONE 10 0.025218
BONE 18 0.086273
BONE 22 0.175427
BONE 31 0.005683
BONE 38 0.671162
BONE 25 0.031282
BONE 1 0.000006
BONE 26 0.000002

VERT 116
OFFSET 8.847423, 2.006965, 58.858532
BONES 9
BONE 5 0.001356
BONE 10 0.010599
BONE 18 0.081468
BONE 22 0.195884
BONE 31 0.005443
BONE 38 0.659918
BONE 25 0.045322
BONE 1 0.000001
BONE 26 0.000007

VERT 117
OFFSET 8.946019, -0.292707, 59.075447
BONES 8
BONE 5 0.000608
BONE 10 0.007769
BONE 18 0.083661
BONE 22 0.186949
BONE 31 0.005047
BONE 38 0.673735
BONE 25 0.042231
BONE 26 0.000000

VERT 118
OFFSET 8.802677, -2.199602, 58.062046
BONES 9
BONE 5 0.005183
BONE 10 0.024091
BONE 18 0.122372
BONE 22 0.151787
BONE 31 0.006629
BONE 38 0.656946
BONE 25 0.032992
BONE 26 0.000000
BONE 23 0.000000

VERT 119
OFFSET 13.872021, 1.887055, 53.165501
BONES 10
BONE 5 0.000230
BONE 10 0.006543
BONE 18 0.004240
BONE 22 0.029246
BONE 31 0.537790
BONE 38 0.406446
BONE 25 0.000943
BONE 1 0.000000
BONE 35 0.005829
BONE 33 0.008733

VERT 120
OFFSET 12.415668, 3.098087, 50.103310
BONES 10
BONE 5 0.002917
BONE 10 0.010817
BONE 18 0.015060
BONE 22 0.014962
BONE 31 0.536485
BONE 38 0.405371
BONE 25 0.000386
BONE 1 0.000021
BONE 35 0.005511
BONE 33 0.008468

VERT 121
OFFSET 10.219691, 0.200259, 48.778797
BONES 10
BONE 5 0.004626
BONE 10 0.013316
BONE 18 0.026972
BONE 22 0.005467
BONE 31 0.466496
BONE 38 0.467744
BONE 25 0.000011
BONE 1 0.000055
BONE 35 0.011095
BONE 33 0.004217

VERT 122
OFFSET 10.820786, -3.558368, 51.192726
BONES 10
BONE 5 0.001531
BONE 10 0.010179
BONE 18 0.029974
BONE 22 0.013018
BONE 31 0.443767
BONE 38 0.475412
BONE 25 0.000187
BONE 1 0.000001
BONE 35 0.023188
BONE 33 0.002743

VERT 123
OFFSET 12.830345, -2.320437, 53.880234
BONES 9
BONE 5 0.000428
BONE 10 0.006978
BONE 18 0.012778
BONE 22 0.030036
BONE 31 0.457227
BONE 38 0.459286
BONE 25 0.001082
BONE 35 0.026005
BONE 33 0.006180

VERT 124
OFFSET 17.004576, 0.242464, 49.860077
BONES 9
BONE 5 0.000000
BONE 10 0.000333
BONE 18 0.000006
BONE 22 0.000068
BONE 31 0.735259
BONE 38 0.010893
BONE 25 0.000001
BONE 35 0.184120
BONE 33 0.069319

VERT 125
OFFSET 14.923318, 0.909536, 47.334385
BONES 10
BONE 5 0.000005
BONE 10 0.000669
BONE 18 0.000312
BONE 22 0.000257
BONE 31 0.800577
BONE 38 0.019977
BONE 25 0.000000
BONE 1 0.000000
BONE 35 0.110838
BONE 33 0.067365

VERT 126
OFFSET 12.401002, -1.441803, 47.137005
BONES 8
BONE 5 0.000006
BONE 10 0.001651
BONE 18 0.000796
BONE 22 0.000339
BONE 31 0.786500
BONE 38 0.044249
BONE 35 0.142585
BONE 33 0.023873

VERT 127
OFFSET 12.787584, -3.632506, 49.421513
BONES 9
BONE 5 0.000009
BONE 10 0.001073
BONE 18 0.000747
BONE 22 0.000639
BONE 31 0.911744
BONE 38 0.034731
BONE 25 0.000000
BONE 35 0.046756
BONE 33 0.004301

VERT 128
OFFSET 15.472588, -2.314613, 51.166439
BONES 9
BONE 5 0.000000
BONE 10 0.000137
BONE 18 0.000023
BONE 22 0.000094
BONE 31 0.972747
BONE 38 0.004910
BONE 25 0.000001
BONE 35 0.017946
BONE 33 0.004141

VERT 129
OFFSET 18.421375, -6.153579, 49.069633
BONES 5
BONE 10 0.000002
BONE 31 0.002748
BONE 38 0.000104
BONE 35 0.996296
BONE 33 0.000850

VERT 130
OFFSET 19.389622, -3.945056, 46.168362
BONES 1
BONE 35 1.000000

VERT 131
OFFSET 17.378119, -3.716423, 44.389679
BONES 6
BONE 10 0.000001
BONE 18 0.000000
BONE 31 0.006482
BONE 38 0.000046
BONE 35 0.987315
BONE 33 0.006156

VERT 132
OFFSET 15.099596, -5.001798, 44.855762
BONES 1
BONE 35 1.000000

VERT 133
OFFSET 15.159457, -7.325658, 48.120220
BONES 5
BONE 10 0.000002
BONE 31 0.011404
