// Export filename: 'C:/projects/cod/t5/model_export/cuban/characters/cod7/tropas/mp/_c_cub_tropas_mp_body_flak_LOD1.XMODEL_EXPORT'
// Source filename: 'd:/projects/devart/t5/model_export/cuban/characters/cod7/tropas/mp/_c_cub_tropas_mp_flak.ma'
// Export time: Sat Sep 11 15:57:01 2010
MODEL
VERSION 6

NUMBONES 78
BONE 0 -1 "TAG_ORIGIN"
BONE 1 0 "J_MainRoot"
BONE 2 0 "TAG_SYNC"
BONE 3 1 "J_Hip_LE"
BONE 4 1 "J_Hip_RI"
BONE 5 1 "J_SpineLower"
BONE 6 1 "TAG_STOWED_DEPLOY"
BONE 7 3 "J_HipTwist_LE"
BONE 8 4 "J_HipTwist_RI"
BONE 9 3 "J_Knee_LE"
BONE 10 4 "J_Knee_RI"
BONE 11 5 "J_SpineUpper"
BONE 12 5 "TAG_STOWED_TACTICAL"
BONE 13 9 "J_Ankle_LE"
BONE 14 10 "J_Ankle_RI"
BONE 15 9 "J_Knee_Bulge_LE"
BONE 16 10 "J_Knee_Bulge_RI"
BONE 17 11 "J_Spine4"
BONE 18 11 "TAG_STOWED_BACKPACK"
BONE 19 11 "TAG_STOWED_LETHAL"
BONE 20 13 "J_Ball_LE"
BONE 21 14 "J_Ball_RI"
BONE 22 17 "J_Clavicle_LE"
BONE 23 17 "J_Clavicle_RI"
BONE 24 17 "J_Neck"
BONE 25 17 "J_ShoulderRaise_LE"
BONE 26 17 "J_ShoulderRaise_RI"
BONE 27 17 "TAG_INHAND"
BONE 28 17 "TAG_STOWED_BACK"
BONE 29 17 "TAG_WEAPON_CHEST"
BONE 30 24 "J_Head"
BONE 31 22 "J_Shoulder_LE"
BONE 32 23 "J_Shoulder_RI"
BONE 33 31 "J_Elbow_Bulge_LE"
BONE 34 32 "J_Elbow_Bulge_RI"
BONE 35 31 "J_Elbow_LE"
BONE 36 32 "J_Elbow_RI"
BONE 37 30 "J_Head_END"
BONE 38 30 "J_Jaw"
BONE 39 31 "J_ShoulderTwist_LE"
BONE 40 32 "J_ShoulderTwist_RI"
BONE 41 37 "J_Helmet"
BONE 42 35 "J_Wrist_LE"
BONE 43 36 "J_Wrist_RI"
BONE 44 35 "J_WristTwist_LE"
BONE 45 36 "J_WristTwist_RI"
BONE 46 42 "J_Index_LE_1"
BONE 47 43 "J_Index_RI_1"
BONE 48 42 "J_Mid_LE_1"
BONE 49 43 "J_Mid_RI_1"
BONE 50 42 "J_Pinky_LE_1"
BONE 51 43 "J_Pinky_RI_1"
BONE 52 42 "J_Ring_LE_1"
BONE 53 43 "J_Ring_RI_1"
BONE 54 42 "J_Thumb_LE_1"
BONE 55 43 "J_Thumb_RI_1"
BONE 56 42 "TAG_WEAPON_LEFT"
BONE 57 43 "TAG_WEAPON_RIGHT"
BONE 58 46 "J_Index_LE_2"
BONE 59 47 "J_Index_RI_2"
BONE 60 48 "J_Mid_LE_2"
BONE 61 49 "J_Mid_RI_2"
BONE 62 50 "J_Pinky_LE_2"
BONE 63 51 "J_Pinky_RI_2"
BONE 64 52 "J_Ring_LE_2"
BONE 65 53 "J_Ring_RI_2"
BONE 66 54 "J_Thumb_LE_2"
BONE 67 55 "J_Thumb_RI_2"
BONE 68 58 "J_Index_LE_3"
BONE 69 59 "J_Index_RI_3"
BONE 70 60 "J_Mid_LE_3"
BONE 71 61 "J_Mid_RI_3"
BONE 72 62 "J_Pinky_LE_3"
BONE 73 63 "J_Pinky_RI_3"
BONE 74 64 "J_Ring_LE_3"
BONE 75 65 "J_Ring_RI_3"
BONE 76 66 "J_Thumb_LE_3"
BONE 77 67 "J_Thumb_RI_3"

BONE 0
OFFSET 0.000002, -2.222000, 0.000042
SCALE 1.000000, 1.000000, 1.000000
X -0.000000, -1.000000, -0.000001
Y 1.000000, -0.000000, 0.000000
Z -0.000000, -0.000001, 1.000000

BONE 1
OFFSET 0.000082, 1.218927, 37.228020
SCALE 1.000000, 1.000000, 1.000000
X 0.000005, 0.024825, 0.999692
Y 0.000006, -0.999692, 0.024825
Z 1.000000, 0.000006, -0.000005

BONE 2
OFFSET 0.000002, -2.219720, 0.000042
SCALE 1.000000, 1.000000, 1.000000
X -0.000000, -1.000000, -0.000003
Y 1.000000, -0.000000, 0.000000
Z -0.000000, -0.000003, 1.000000

BONE 3
OFFSET 4.865472, 1.218951, 37.228016
SCALE 1.000000, 1.000000, 1.000000
X -0.008941, 0.033879, -0.999386
Y -0.004877, -0.999415, -0.033837
Z -0.999948, 0.004571, 0.009101

BONE 4
OFFSET -4.865293, 1.218927, 37.227978
SCALE 1.000000, 1.000000, 1.000000
X -0.008909, -0.033842, 0.999388
Y -0.004870, 0.999417, 0.033800
Z -0.999948, -0.004566, -0.009069

BONE 5
OFFSET 0.000089, 1.148792, 42.432632
SCALE 1.000000, 1.000000, 1.000000
X 0.000001, 0.029870, 0.999554
Y -0.000002, -0.999554, 0.029870
Z 1.000000, -0.000002, -0.000001

BONE 6
OFFSET 2.231514, 5.592212, 37.733658
SCALE 1.000000, 1.000000, 1.000000
X 0.156049, 0.987713, 0.008538
Y -0.984449, 0.156227, -0.080337
Z -0.080684, 0.004131, 0.996731

BONE 7
OFFSET 4.837310, 1.325658, 34.080341
SCALE 1.000000, 1.000000, 1.000000
X -0.008941, 0.033879, -0.999386
Y -0.004864, -0.999416, -0.033837
Z -0.999948, 0.004558, 0.009101

BONE 8
OFFSET -4.837236, 1.325506, 34.080624
SCALE 1.000000, 1.000000, 1.000000
X -0.008909, -0.033842, 0.999388
Y -0.004874, 0.999417, 0.033800
Z -0.999948, -0.004570, -0.009069

BONE 9
OFFSET 4.708874, 1.812570, 19.727123
SCALE 1.000000, 1.000000, 1.000000
X -0.008203, 0.166937, -0.985933
Y -0.006021, -0.985957, -0.166891
Z -0.999948, 0.004567, 0.009093

BONE 10
OFFSET -4.708568, 1.812141, 19.727461
SCALE 1.000000, 1.000000, 1.000000
X -0.008167, -0.166975, 0.985927
Y -0.006022, 0.985950, 0.166929
Z -0.999949, -0.004574, -0.009057

BONE 11
OFFSET 0.000094, 1.131313, 47.652164
SCALE 1.000000, 1.000000, 1.000000
X 0.000003, -0.020406, 0.999792
Y 0.000005, -0.999792, -0.020406
Z 1.000000, 0.000006, -0.000003

BONE 12
OFFSET -4.220604, -4.661407, 38.400734
SCALE 1.000000, 1.000000, 1.000000
X -0.504760, -0.862921, -0.024197
Y 0.701845, -0.393898, -0.593513
Z 0.502623, -0.316564, 0.804461

BONE 13
OFFSET 4.584381, 4.343949, 4.776942
SCALE 1.000000, 1.000000, 1.000000
X -0.000000, -0.008729, -0.999962
Y 0.016577, -0.999824, 0.008728
Z -0.999863, -0.016577, 0.000145

BONE 14
OFFSET -4.584069, 4.344151, 4.777238
SCALE 1.000000, 1.000000, 1.000000
X 0.000009, 0.008730, 0.999962
Y 0.016581, 0.999824, -0.008729
Z -0.999862, 0.016581, -0.000136

BONE 15
OFFSET 4.700433, -0.061928, 19.740456
SCALE 1.000000, 1.000000, 1.000000
X -0.000006, 0.029848, 0.999554
Y -0.000002, -0.999554, 0.029848
Z 1.000000, -0.000002, 0.000006

BONE 16
OFFSET -4.688321, -0.066477, 19.765478
SCALE 1.000000, 1.000000, 1.000000
X -0.000042, -0.029855, -0.999554
Y -0.000010, 0.999554, -0.029855
Z 1.000000, 0.000009, -0.000042

BONE 17
OFFSET 0.000090, 1.067745, 51.758411
SCALE 1.000000, 1.000000, 1.000000
X 0.000002, -0.047080, 0.998891
Y 0.000010, -0.998891, -0.047080
Z 1.000000, 0.000011, -0.000001

BONE 18
OFFSET 0.002056, 7.939955, 50.851307
SCALE 1.000000, 1.000000, 1.000000
X -0.002312, 0.998623, 0.052401
Y -0.999994, -0.002453, 0.002620
Z 0.002745, -0.052394, 0.998623

BONE 19
OFFSET 5.514523, -5.920499, 50.897633
SCALE 1.000000, 1.000000, 1.000000
X 0.665766, -0.744829, 0.044553
Y 0.746074, 0.665413, -0.024493
Z -0.011403, 0.049546, 0.998707

BONE 20
OFFSET 4.746620, -1.234840, 0.330913
SCALE 1.000000, 1.000000, 1.000000
X 0.016342, -0.983115, 0.182258
Y -0.002855, 0.182235, 0.983251
Z -0.999862, -0.016588, 0.000171

BONE 21
OFFSET -4.746290, -1.234591, 0.331138
SCALE 1.000000, 1.000000, 1.000000
X 0.016296, 0.983125, -0.182210
Y -0.002898, -0.182187, -0.983260
Z -0.999863, 0.016551, -0.000120

BONE 22
OFFSET 1.356609, 1.015539, 56.400341
SCALE 1.000000, 1.000000, 1.000000
X 0.997183, -0.019399, 0.072449
Y 0.018071, 0.999657, 0.018947
Z -0.072792, -0.017584, 0.997192

BONE 23
OFFSET -1.356719, 1.015542, 56.400444
SCALE 1.000000, 1.000000, 1.000000
X 0.997186, 0.019411, -0.072414
Y 0.018084, -0.999657, -0.018932
Z -0.072757, 0.017569, -0.997195

BONE 24
OFFSET 0.000058, 0.503915, 60.542107
SCALE 1.000000, 1.000000, 1.000000
X 0.000005, -0.309757, 0.950816
Y 0.000009, -0.950816, -0.309757
Z 1.000000, 0.000010, -0.000002

BONE 25
OFFSET 4.025334, 0.920922, 58.859638
SCALE 1.000000, 1.000000, 1.000000
X -0.997186, 0.019392, -0.072414
Y -0.018067, -0.999658, -0.018910
Z -0.072756, -0.017549, 0.997195

BONE 26
OFFSET -4.025115, 0.920835, 58.859825
SCALE 1.000000, 1.000000, 1.000000
X -0.997185, -0.019413, 0.072417
Y -0.018088, 0.999658, 0.018910
Z -0.072759, 0.017547, -0.997195

BONE 27
OFFSET -28.519920, -12.713210, 38.935009
SCALE 1.000000, 1.000000, 1.000000
X 1.000000, 0.000011, -0.000001
Y 0.000007, -0.764281, -0.644884
Z -0.000008, 0.644884, -0.764281

BONE 28
OFFSET -3.220328, 7.139530, 49.756954
SCALE 1.000000, 1.000000, 1.000000
X -0.083352, 0.038091, -0.995792
Y 0.176876, -0.982837, -0.052401
Z -0.980697, -0.180500, 0.075184

BONE 29
OFFSET -28.519920, -12.713210, 38.935009
SCALE 1.000000, 1.000000, 1.000000
X 0.000011, -1.000000, 0.000001
Y 1.000000, 0.000011, -0.000001
Z 0.000001, 0.000001, 1.000000

BONE 30
OFFSET 0.000057, -0.306903, 63.520969
SCALE 1.000000, 1.000000, 1.000000
X -0.000007, -0.216434, 0.976297
Y 0.000005, -0.976297, -0.216434
Z 1.000000, 0.000004, 0.000008

BONE 31
OFFSET 7.725458, 0.891629, 56.863182
SCALE 1.000000, 1.000000, 1.000000
X 0.662981, -0.260696, -0.701779
Y 0.273873, 0.956889, -0.096732
Z 0.696743, -0.128067, 0.705796

BONE 32
OFFSET -7.725506, 0.891564, 56.862965
SCALE 1.000000, 1.000000, 1.000000
X 0.662960, 0.260726, 0.701788
Y 0.273916, -0.956876, 0.096734
Z 0.696745, 0.128101, -0.705788

BONE 33
OFFSET 15.846270, -1.632336, 48.642548
SCALE 1.000000, 1.000000, 1.000000
X 0.294563, -0.846066, -0.444303
Y 0.654051, 0.517466, -0.551767
Z 0.696743, -0.128067, 0.705796

BONE 34
OFFSET -15.846113, -1.632834, 48.642265
SCALE 1.000000, 1.000000, 1.000000
X 0.294518, 0.846079, 0.444308
Y 0.654068, -0.517437, 0.551773
Z 0.696745, 0.128101, -0.705788

BONE 35
OFFSET 15.742274, -1.805675, 48.713013
SCALE 1.000000, 1.000000, 1.000000
X 0.294845, -0.845858, -0.444512
Y 0.653923, 0.517813, -0.551593
Z 0.696743, -0.128042, 0.705801

BONE 36
OFFSET -15.742270, -1.806072, 48.712933
SCALE 1.000000, 1.000000, 1.000000
X 0.294819, 0.845861, 0.444523
Y 0.653933, -0.517800, 0.551592
Z 0.696745, 0.128069, -0.705794

BONE 37
OFFSET -0.000527, -1.399727, 69.807846
SCALE 1.000000, 1.000000, 1.000000
X -0.000007, -0.216434, 0.976297
Y 0.000005, -0.976297, -0.216434
Z 1.000000, 0.000004, 0.000008

BONE 38
OFFSET 0.000054, -1.379337, 63.662735
SCALE 1.000000, 1.000000, 1.000000
X 1.000000, 0.000000, 0.000000
Y 0.000000, -0.000000, 1.000000
Z 0.000000, -1.000000, -0.000000

BONE 39
OFFSET 8.032188, 0.771017, 56.538502
SCALE 1.000000, 1.000000, 1.000000
X 0.662981, -0.260696, -0.701779
Y 0.273875, 0.956889, -0.096730
Z 0.696742, -0.128070, 0.705797

BONE 40
OFFSET -8.001591, 0.782987, 56.570709
SCALE 1.000000, 1.000000, 1.000000
X 0.662960, 0.260726, 0.701788
Y 0.273908, -0.956878, 0.096742
Z 0.696748, 0.128089, -0.705787

BONE 41
OFFSET -0.000540, -0.362329, 71.243195
SCALE 1.000000, 1.000000, 1.000000
X 0.000005, -0.999048, 0.043625
Y 1.000000, 0.000005, 0.000005
Z -0.000005, 0.043625, 0.999048

BONE 42
OFFSET 18.585669, -10.419226, 44.089733
SCALE 1.000000, 1.000000, 1.000000
X 0.299004, -0.782064, -0.546784
Y -0.792522, 0.115636, -0.598779
Z 0.531512, 0.612376, -0.585227

BONE 43
OFFSET -18.585567, -10.419399, 44.089657
SCALE 1.000000, 1.000000, 1.000000
X 0.299011, 0.782058, 0.546788
Y -0.792524, -0.115633, 0.598778
Z 0.531506, -0.612384, 0.585224

BONE 44
OFFSET 17.753496, -7.897926, 45.442410
SCALE 1.000000, 1.000000, 1.000000
X 0.294846, -0.845857, -0.444513
Y 0.653930, 0.517812, -0.551585
Z 0.696736, -0.128048, 0.705806

BONE 45
OFFSET -17.753546, -7.898361, 45.442448
SCALE 1.000000, 1.000000, 1.000000
X 0.294819, 0.845861, 0.444523
Y 0.653933, -0.517800, 0.551592
Z 0.696745, 0.128069, -0.705794

BONE 46
OFFSET 18.943596, -14.118733, 43.296165
SCALE 1.000000, 1.000000, 1.000000
X 0.252533, -0.921880, -0.293878
Y -0.670074, 0.052482, -0.740436
Z 0.698017, 0.383905, -0.604475

BONE 47
OFFSET -18.943485, -14.118932, 43.296089
SCALE 1.000000, 1.000000, 1.000000
X 0.252692, 0.921873, 0.293763
Y -0.670040, -0.052297, 0.740480
Z 0.697992, -0.383946, 0.604477

BONE 48
OFFSET 19.641989, -13.608097, 42.701954
SCALE 1.000000, 1.000000, 1.000000
X 0.066843, -0.793765, -0.604540
Y -0.837155, 0.285040, -0.466823
Z 0.542866, 0.537298, -0.645452

BONE 49
OFFSET -19.641909, -13.608223, 42.701809
SCALE 1.000000, 1.000000, 1.000000
X 0.066887, 0.793771, 0.604528
Y -0.837171, -0.284987, 0.466827
Z 0.542836, -0.537317, 0.645460

BONE 50
OFFSET 20.410118, -12.159682, 41.480377
SCALE 1.000000, 1.000000, 1.000000
X -0.099274, -0.722106, -0.684623
Y -0.848031, 0.421335, -0.321434
Z 0.520565, 0.548671, -0.654195

BONE 51
OFFSET -20.410091, -12.159837, 41.480251
SCALE 1.000000, 1.000000, 1.000000
X -0.099304, 0.722089, 0.684635
Y -0.848020, -0.421369, 0.321418
Z 0.520577, -0.548666, 0.654190

BONE 52
OFFSET 20.114302, -12.876246, 42.061901
SCALE 1.000000, 1.000000, 1.000000
X -0.006006, -0.738898, -0.673791
Y -0.878970, 0.325202, -0.348791
Z 0.476839, 0.590147, -0.651422

BONE 53
OFFSET -20.114208, -12.876396, 42.061890
SCALE 1.000000, 1.000000, 1.000000
X -0.005979, 0.738908, 0.673780
Y -0.878978, -0.325169, 0.348801
Z 0.476825, -0.590152, 0.651428

BONE 54
OFFSET 18.473015, -11.541899, 44.177650
SCALE 1.000000, 1.000000, 1.000000
X -0.766327, -0.594301, -0.244027
Y 0.525231, -0.360813, -0.770679
Z 0.369968, -0.718763, 0.588646

BONE 55
OFFSET -18.472874, -11.542074, 44.177635
SCALE 1.000000, 1.000000, 1.000000
X -0.766329, 0.594294, 0.244036
Y 0.525229, 0.360803, 0.770685
Z 0.369965, 0.718773, -0.588635

BONE 56
OFFSET -28.519896, -12.719981, 38.932270
SCALE 1.000000, 1.000000, 1.000000
X 0.000190, -1.000000, -0.000189
Y 1.000000, 0.000190, 0.000053
Z -0.000053, -0.000189, 1.000000

BONE 57
OFFSET -28.520119, -12.709172, 38.935143
SCALE 1.000000, 1.000000, 1.000000
X -0.000199, -1.000000, -0.000195
Y 0.998877, -0.000190, -0.047381
Z 0.047381, -0.000205, 0.998877

BONE 58
OFFSET 19.335176, -15.548034, 42.840546
SCALE 1.000000, 1.000000, 1.000000
X -0.305493, -0.603804, -0.736271
Y -0.647669, 0.698577, -0.304162
Z 0.697997, 0.383940, -0.604476

BONE 59
OFFSET -19.335234, -15.548249, 42.840523
SCALE 1.000000, 1.000000, 1.000000
X -0.305842, 0.603512, 0.736365
Y -0.647460, -0.698892, 0.303884
Z 0.698038, -0.383827, 0.604500

BONE 60
OFFSET 19.766018, -15.080857, 41.580357
SCALE 1.000000, 1.000000, 1.000000
X -0.742584, -0.051931, -0.667737
Y -0.392291, 0.841795, 0.370795
Z 0.542841, 0.537294, -0.645475

BONE 61
OFFSET -19.765930, -15.081016, 41.579948
SCALE 1.000000, 1.000000, 1.000000
X -0.742558, 0.051921, 0.667766
Y -0.392315, -0.841780, -0.370804
Z 0.542860, -0.537318, 0.645439

BONE 62
OFFSET 20.291075, -13.025280, 40.659801
SCALE 1.000000, 1.000000, 1.000000
X -0.734217, -0.103408, -0.670993
Y -0.435791, 0.829631, 0.348997
Z 0.520587, 0.548653, -0.654194

BONE 63
OFFSET -20.291012, -13.025424, 40.659672
SCALE 1.000000, 1.000000, 1.000000
X -0.734208, 0.103424, 0.671001
Y -0.435814, -0.829619, -0.348996
Z 0.520581, -0.548667, 0.654187

BONE 64
OFFSET 20.104219, -14.119193, 40.928596
SCALE 1.000000, 1.000000, 1.000000
X -0.750598, -0.112264, -0.651152
Y -0.457408, 0.799450, 0.389433
Z 0.476844, 0.590150, -0.651416

BONE 65
OFFSET -20.104130, -14.119358, 40.928261
SCALE 1.000000, 1.000000, 1.000000
X -0.750602, 0.112272, 0.651146
Y -0.457410, -0.799450, -0.389431
Z 0.476836, -0.590148, 0.651423

BONE 66
OFFSET 16.629330, -12.971684, 43.590553
SCALE 1.000000, 1.000000, 1.000000
X -0.513767, -0.686190, -0.514963
Y 0.774059, -0.111908, -0.623144
Z 0.369966, -0.718763, 0.588646

BONE 67
OFFSET -16.629194, -12.971821, 43.590179
SCALE 1.000000, 1.000000, 1.000000
X -0.513765, 0.686181, 0.514977
Y 0.774059, 0.111890, 0.623148
Z 0.369972, 0.718774, -0.588629

BONE 68
OFFSET 19.038221, -16.134914, 42.125023
SCALE 1.000000, 1.000000, 1.000000
X -0.554097, -0.245160, -0.795533
Y -0.453622, 0.890222, 0.041612
Z 0.698000, 0.383929, -0.604479

BONE 69
OFFSET -19.037983, -16.134798, 42.125008
SCALE 1.000000, 1.000000, 1.000000
X -0.553871, 0.245483, 0.795591
Y -0.453788, -0.890154, -0.041256
Z 0.698071, -0.383880, 0.604428

BONE 70
OFFSET 18.948034, -15.138112, 40.844826
SCALE 1.000000, 1.000000, 1.000000
X -0.836744, 0.280258, -0.470441
Y -0.071875, 0.795463, 0.601724
Z 0.542857, 0.537302, -0.645456

BONE 71
OFFSET -18.947971, -15.138271, 40.844528
SCALE 1.000000, 1.000000, 1.000000
X -0.836742, -0.280254, 0.470448
Y -0.071886, -0.795461, -0.601726
Z 0.542859, -0.537308, 0.645449

BONE 72
OFFSET 19.784019, -13.096679, 40.196491
SCALE 1.000000, 1.000000, 1.000000
X -0.853803, 0.339164, -0.394953
Y 0.005198, 0.764171, 0.644992
Z 0.520570, 0.548643, -0.654215

BONE 73
OFFSET -19.783998, -13.096812, 40.196270
SCALE 1.000000, 1.000000, 1.000000
X -0.853799, -0.339166, 0.394959
Y 0.005186, -0.764161, -0.645004
Z 0.520576, -0.548656, 0.654199

BONE 74
OFFSET 19.396437, -14.225060, 40.314682
SCALE 1.000000, 1.000000, 1.000000
X -0.861545, 0.166924, -0.479454
Y -0.174209, 0.789854, 0.588033
Z 0.476856, 0.590142, -0.651415

BONE 75
OFFSET -19.396343, -14.225204, 40.314499
SCALE 1.000000, 1.000000, 1.000000
X -0.861557, -0.166916, 0.479436
Y -0.174209, -0.789846, -0.588043
Z 0.476834, -0.590155, 0.651419

BONE 76
OFFSET 16.015608, -13.791351, 42.975456
SCALE 1.000000, 1.000000, 1.000000
X -0.178188, -0.676734, -0.714339
Y 0.911796, 0.159395, -0.378446
Z 0.369969, -0.718766, 0.588641

BONE 77
OFFSET -16.015455, -13.791477, 42.975048
SCALE 1.000000, 1.000000, 1.000000
X -0.178183, 0.676724, 0.714350
Y 0.911791, -0.159415, 0.378450
Z 0.369984, 0.718771, -0.588626

NUMVERTS 2813
VERT 0
OFFSET 5.903442, -5.693846, 53.470486
BONES 7
BONE 1 0.000246
BONE 5 0.133466
BONE 11 0.241963
BONE 17 0.402889
BONE 22 0.079274
BONE 39 0.139610
BONE 25 0.002551

VERT 1
OFFSET 3.555603, -5.056878, 54.376514
BONES 6
BONE 5 0.117827
BONE 11 0.250076
BONE 17 0.502769
BONE 22 0.072484
BONE 39 0.042738
BONE 25 0.014106

VERT 2
OFFSET 3.512101, -6.405965, 52.243740
BONES 7
BONE 1 0.000080
BONE 5 0.228508
BONE 11 0.342385
BONE 17 0.387463
BONE 22 0.026148
BONE 39 0.014350
BONE 25 0.001067

VERT 3
OFFSET 4.044793, -6.816080, 51.418545
BONES 6
BONE 1 0.002959
BONE 5 0.338506
BONE 11 0.357829
BONE 17 0.281465
BONE 22 0.013779
BONE 39 0.005462

VERT 4
OFFSET 5.538747, -6.558344, 50.555386
BONES 7
BONE 1 0.008885
BONE 5 0.367468
BONE 11 0.333158
BONE 17 0.258503
BONE 22 0.013822
BONE 39 0.018162
BONE 25 0.000002

VERT 5
OFFSET 8.626212, -3.816341, 52.094582
BONES 6
BONE 5 0.070570
BONE 11 0.231438
BONE 17 0.506332
BONE 22 0.034330
BONE 39 0.157248
BONE 25 0.000081

VERT 6
OFFSET 8.188967, -4.561500, 52.375519
BONES 7
BONE 1 0.000279
BONE 5 0.127995
BONE 11 0.204450
BONE 17 0.515920
BONE 22 0.029480
BONE 39 0.121634
BONE 25 0.000243

VERT 7
OFFSET 8.542618, -4.200571, 50.013062
BONES 7
BONE 1 0.006117
BONE 5 0.327016
BONE 11 0.261924
BONE 17 0.402519
BONE 22 0.000467
BONE 39 0.001957
BONE 25 0.000000

VERT 8
OFFSET 8.141154, -4.906181, 49.656807
BONES 7
BONE 1 0.011621
BONE 5 0.390023
BONE 11 0.292495
BONE 17 0.304742
BONE 22 0.000235
BONE 39 0.000884
BONE 25 0.000000

VERT 9
OFFSET 5.707102, -5.046397, 53.347488
BONES 7
BONE 1 0.000259
BONE 5 0.133642
BONE 11 0.241855
BONE 17 0.404450
BONE 22 0.078710
BONE 39 0.138458
BONE 25 0.002625

VERT 10
OFFSET 3.929832, -4.230483, 54.067844
BONES 8
BONE 5 0.091473
BONE 11 0.205804
BONE 17 0.441188
BONE 22 0.110725
BONE 39 0.137664
BONE 23 0.000000
BONE 25 0.013145
BONE 26 0.000001

VERT 11
OFFSET 3.361877, -5.857760, 51.991405
BONES 7
BONE 1 0.000805
BONE 5 0.278526
BONE 11 0.351323
BONE 17 0.338714
BONE 22 0.019935
BONE 39 0.010282
BONE 25 0.000413

VERT 12
OFFSET 5.363660, -5.857435, 51.436169
BONES 7
BONE 1 0.004413
BONE 5 0.292707
BONE 11 0.321429
BONE 17 0.320803
BONE 22 0.023141
BONE 39 0.037494
BONE 25 0.000013

VERT 13
OFFSET 3.817409, -6.260201, 51.235332
BONES 6
BONE 1 0.004612
BONE 5 0.345041
BONE 11 0.355755
BONE 17 0.275329
BONE 22 0.013724
BONE 39 0.005538

VERT 14
OFFSET 5.200833, -6.046326, 50.425797
BONES 7
BONE 1 0.010953
BONE 5 0.387085
BONE 11 0.335849
BONE 17 0.240683
BONE 22 0.012034
BONE 39 0.013394
BONE 25 0.000001

VERT 15
OFFSET 8.314152, -3.449702, 52.103729
BONES 7
BONE 1 0.000491
BONE 5 0.113326
BONE 11 0.218676
BONE 17 0.505517
BONE 22 0.030284
BONE 39 0.131542
BONE 25 0.000165

VERT 16
OFFSET 7.834625, -4.085017, 52.384445
BONES 7
BONE 1 0.000291
BONE 5 0.128450
BONE 11 0.204982
BONE 17 0.513976
BONE 22 0.029958
BONE 39 0.122092
BONE 25 0.000250

VERT 17
OFFSET 7.690505, -4.361737, 50.366936
BONES 7
BONE 1 0.007122
BONE 5 0.318251
BONE 11 0.274958
BONE 17 0.385826
BONE 22 0.003483
BONE 39 0.010359
BONE 25 0.000001

VERT 18
OFFSET 8.217535, -3.865027, 49.902592
BONES 6
BONE 1 0.006791
BONE 5 0.340891
BONE 11 0.264336
BONE 17 0.387307
BONE 22 0.000065
BONE 39 0.000609

VERT 19
OFFSET 7.829903, -4.519550, 49.540504
BONES 6
BONE 1 0.011824
BONE 5 0.392637
BONE 11 0.293438
BONE 17 0.301361
BONE 22 0.000136
BONE 39 0.000604

VERT 20
OFFSET 8.034455, -4.789422, 50.372562
BONES 7
BONE 1 0.006356
BONE 5 0.301572
BONE 11 0.273284
BONE 17 0.400899
BONE 22 0.004514
BONE 39 0.013373
BONE 25 0.000002

VERT 21
OFFSET 5.714061, -6.485344, 51.457462
BONES 7
BONE 1 0.004260
BONE 5 0.290340
BONE 11 0.321471
BONE 17 0.323226
BONE 22 0.023161
BONE 39 0.037530
BONE 25 0.000012

VERT 22
OFFSET 2.629435, -3.996932, 58.193092
BONES 8
BONE 5 0.002467
BONE 11 0.026392
BONE 17 0.788232
BONE 22 0.089748
BONE 39 0.000015
BONE 23 0.000186
BONE 25 0.092712
BONE 26 0.000248

VERT 23
OFFSET -0.321671, 3.429353, 61.677925
BONES 7
BONE 5 0.000124
BONE 11 0.001065
BONE 17 0.920493
BONE 22 0.006698
BONE 23 0.010319
BONE 25 0.030805
BONE 26 0.030498

VERT 24
OFFSET 3.211379, 2.535606, 61.686298
BONES 8
BONE 5 0.000098
BONE 11 0.000405
BONE 17 0.592002
BONE 22 0.197661
BONE 39 0.005303
BONE 23 0.000001
BONE 25 0.203860
BONE 26 0.000670

VERT 25
OFFSET 4.268891, 0.925504, 61.514668
BONES 4
BONE 17 0.498790
BONE 22 0.243472
BONE 39 0.000001
BONE 25 0.257737

VERT 26
OFFSET -1.568067, -6.575653, 39.913864
BONES 3
BONE 1 0.908446
BONE 5 0.091554
BONE 11 0.000000

VERT 27
OFFSET -0.556954, -5.142345, 55.654789
BONES 8
BONE 1 0.000022
BONE 5 0.088380
BONE 11 0.195189
BONE 17 0.681196
BONE 22 0.010153
BONE 23 0.009797
BONE 25 0.012128
BONE 26 0.003135

VERT 28
OFFSET 7.268616, -3.373788, 41.043308
BONES 3
BONE 1 0.804464
BONE 5 0.195145
BONE 11 0.000391

VERT 29
OFFSET 8.744170, -3.114774, 52.066048
BONES 6
BONE 5 0.089756
BONE 11 0.261869
BONE 17 0.440148
BONE 22 0.027114
BONE 39 0.181036
BONE 25 0.000078

VERT 30
OFFSET 5.562707, 5.787663, 52.347969
BONES 7
BONE 1 0.001321
BONE 5 0.197907
BONE 11 0.329337
BONE 17 0.354376
BONE 22 0.067769
BONE 39 0.044301
BONE 25 0.004989

VERT 31
OFFSET 8.957206, 3.600867, 52.353523
BONES 6
BONE 5 0.055269
BONE 11 0.118284
BONE 17 0.272668
BONE 22 0.113452
BONE 39 0.439549
BONE 25 0.000777

VERT 32
OFFSET 10.039197, -0.214346, 59.363934
BONES 5
BONE 11 0.000096
BONE 17 0.009135
BONE 22 0.547603
BONE 39 0.398617
BONE 25 0.044549

VERT 33
OFFSET 9.551890, 4.821130, 55.940464
BONES 6
BONE 5 0.000276
BONE 11 0.039099
BONE 17 0.083892
BONE 22 0.344625
BONE 39 0.519657
BONE 25 0.012452

VERT 34
OFFSET 8.609303, -4.484097, 54.601112
BONES 6
BONE 5 0.008629
BONE 11 0.027461
BONE 17 0.122800
BONE 22 0.270132
BONE 39 0.569379
BONE 25 0.001600

VERT 35
OFFSET 4.874474, 5.791148, 57.928631
BONES 8
BONE 5 0.010447
BONE 11 0.083390
BONE 17 0.333271
BONE 22 0.371645
BONE 39 0.098648
BONE 23 0.000000
BONE 25 0.102588
BONE 26 0.000011

VERT 36
OFFSET 8.634541, 0.470519, 43.150280
BONES 4
BONE 1 0.569551
BONE 5 0.368979
BONE 11 0.054931
BONE 17 0.006538

VERT 37
OFFSET 2.991404, -4.452716, 56.921417
BONES 8
BONE 5 0.033723
BONE 11 0.108175
BONE 17 0.640210
BONE 22 0.099043
BONE 39 0.061113
BONE 23 0.000018
BONE 25 0.057693
BONE 26 0.000025

VERT 38
OFFSET 6.641260, 0.318892, 60.738560
BONES 5
BONE 11 0.000074
BONE 17 0.161871
BONE 22 0.524985
BONE 39 0.100077
BONE 25 0.212994

VERT 39
OFFSET 3.658633, -2.624626, 59.563908
BONES 8
BONE 5 0.000003
BONE 11 0.002855
BONE 17 0.797215
BONE 22 0.094191
BONE 39 0.001846
BONE 23 0.000000
BONE 25 0.103889
BONE 26 0.000000

VERT 40
OFFSET 6.518477, 2.443277, 60.645618
BONES 8
BONE 5 0.000106
BONE 11 0.001301
BONE 17 0.187313
BONE 22 0.538776
BONE 39 0.058814
BONE 23 0.000001
BONE 25 0.213608
BONE 26 0.000081

VERT 41
OFFSET 10.321906, 2.239979, 58.847317
BONES 5
BONE 11 0.000434
BONE 17 0.006200
BONE 22 0.536813
BONE 39 0.409943
BONE 25 0.046610

VERT 42
OFFSET 8.091434, -3.012082, 46.411690
BONES 4
BONE 1 0.125808
BONE 5 0.589044
BONE 11 0.213110
BONE 17 0.072038

VERT 43
OFFSET 2.833611, -6.552783, 45.920113
BONES 4
BONE 1 0.300255
BONE 5 0.527216
BONE 11 0.156733
BONE 17 0.015797

VERT 44
OFFSET -2.417555, -4.027207, 58.361767
BONES 7
BONE 5 0.004509
BONE 11 0.023217
BONE 17 0.906281
BONE 22 0.000303
BONE 23 0.027488
BONE 25 0.000287
BONE 26 0.037915

VERT 45
OFFSET -4.647467, 0.791407, 61.582939
BONES 8
BONE 5 0.000002
BONE 11 0.000339
BONE 17 0.700156
BONE 22 0.000003
BONE 23 0.132703
BONE 40 0.006059
BONE 25 0.000034
BONE 26 0.160704

VERT 46
OFFSET -7.290667, -2.592389, 41.279800
BONES 3
BONE 1 0.771080
BONE 5 0.225089
BONE 11 0.003832

VERT 47
OFFSET -7.641825, -3.431276, 51.299900
BONES 7
BONE 1 0.002786
BONE 5 0.143634
BONE 11 0.163271
BONE 17 0.475337
BONE 23 0.007983
BONE 40 0.206900
BONE 26 0.000090

VERT 48
OFFSET -5.606250, 6.066050, 52.376064
BONES 9
BONE 1 0.002392
BONE 5 0.207496
BONE 11 0.325389
BONE 17 0.330856
BONE 22 0.000001
BONE 23 0.090592
BONE 40 0.038268
BONE 25 0.000000
BONE 26 0.005006

VERT 49
OFFSET -8.904200, 3.855826, 52.435165
BONES 7
BONE 1 0.000160
BONE 5 0.057794
BONE 11 0.168789
BONE 17 0.303042
BONE 23 0.161427
BONE 40 0.308497
BONE 26 0.000291

VERT 50
OFFSET -9.538485, 4.359333, 55.760098
BONES 6
BONE 5 0.006061
BONE 11 0.038982
BONE 17 0.092565
BONE 23 0.335200
BONE 40 0.515329
BONE 26 0.011864

VERT 51
OFFSET -8.411561, -4.157775, 54.193398
BONES 6
BONE 5 0.023485
BONE 11 0.056173
BONE 17 0.224131
BONE 23 0.189793
BONE 40 0.504219
BONE 26 0.002200

VERT 52
OFFSET -4.744929, 5.684052, 57.967083
BONES 9
BONE 5 0.005073
BONE 11 0.063809
BONE 17 0.345868
BONE 22 0.000021
BONE 39 0.000000
BONE 23 0.375800
BONE 40 0.104036
BONE 25 0.000173
BONE 26 0.105219

VERT 53
OFFSET -8.169914, -0.519185, 43.016106
BONES 4
BONE 1 0.647585
BONE 5 0.319063
BONE 11 0.033243
BONE 17 0.000108

VERT 54
OFFSET -3.547505, -5.934983, 39.972431
BONES 3
BONE 1 0.827348
BONE 5 0.169032
BONE 11 0.003621

VERT 55
OFFSET -3.520167, -5.068504, 56.199123
BONES 9
BONE 1 0.000003
BONE 5 0.060792
BONE 11 0.155428
BONE 17 0.592492
BONE 22 0.000212
BONE 23 0.089071
BONE 40 0.062352
BONE 25 0.000201
BONE 26 0.039449

VERT 56
OFFSET -6.795755, 0.855414, 60.626244
BONES 8
BONE 5 0.000002
BONE 11 0.000426
BONE 17 0.200345
BONE 22 0.000000
BONE 23 0.415582
BONE 40 0.109010
BONE 25 0.000002
BONE 26 0.274633

VERT 57
OFFSET -5.193738, 4.805797, 39.324818
BONES 6
BONE 1 0.930307
BONE 5 0.053400
BONE 11 0.004685
BONE 17 0.000021
BONE 7 0.000002
BONE 8 0.011585

VERT 58
OFFSET -7.582181, 1.444857, 40.155586
BONES 6
BONE 1 0.848548
BONE 5 0.129471
BONE 11 0.004048
BONE 17 0.000029
BONE 7 0.000001
BONE 8 0.017903

VERT 59
OFFSET -9.207716, -3.312205, 57.459240
BONES 6
BONE 5 0.000260
BONE 11 0.003196
BONE 17 0.144326
BONE 23 0.324334
BONE 40 0.502726
BONE 26 0.025158

VERT 60
OFFSET -5.477034, -2.781824, 58.439754
BONES 8
BONE 5 0.003714
BONE 11 0.022293
BONE 17 0.342232
BONE 22 0.000043
BONE 23 0.252162
BONE 40 0.190320
BONE 25 0.000041
BONE 26 0.189195

VERT 61
OFFSET -3.675772, -2.428110, 59.680847
BONES 8
BONE 5 0.001952
BONE 11 0.011919
BONE 17 0.799673
BONE 22 0.000042
BONE 23 0.069719
BONE 40 0.003247
BONE 25 0.000040
BONE 26 0.113408

VERT 62
OFFSET -3.438271, 2.595933, 61.528446
BONES 8
BONE 5 0.000147
BONE 11 0.000718
BONE 17 0.639498
BONE 22 0.000286
BONE 23 0.155857
BONE 40 0.003982
BONE 25 0.003896
BONE 26 0.195616

VERT 63
OFFSET -6.499908, 2.911474, 60.184311
BONES 8
BONE 5 0.000345
BONE 11 0.005008
BONE 17 0.190502
BONE 22 0.000002
BONE 23 0.478476
BONE 40 0.082196
BONE 25 0.000173
BONE 26 0.243297

VERT 64
OFFSET -10.173347, 2.766870, 58.626408
BONES 6
BONE 5 0.000047
BONE 11 0.000789
BONE 17 0.088981
BONE 23 0.462928
BONE 40 0.435952
BONE 26 0.011303

VERT 65
OFFSET -5.116000, 5.128898, 46.260048
BONES 6
BONE 1 0.152307
BONE 5 0.482202
BONE 11 0.311519
BONE 17 0.053972
BONE 25 0.000000
BONE 26 0.000000

VERT 66
OFFSET -7.908125, 1.931147, 46.357529
BONES 6
BONE 1 0.139785
BONE 5 0.515255
BONE 11 0.256928
BONE 17 0.088014
BONE 23 0.000000
BONE 40 0.000018

VERT 67
OFFSET -7.683983, -2.481011, 46.633205
BONES 6
BONE 1 0.134731
BONE 5 0.566477
BONE 11 0.217815
BONE 17 0.080977
BONE 40 0.000000
BONE 8 0.000000

VERT 68
OFFSET -3.005539, -6.419797, 45.865604
BONES 4
BONE 1 0.328196
BONE 5 0.497091
BONE 11 0.163161
BONE 17 0.011552

VERT 69
OFFSET 0.778641, -5.910530, 56.933594
BONES 7
BONE 5 0.057563
BONE 11 0.151548
BONE 17 0.726777
BONE 22 0.033088
BONE 23 0.000815
BONE 25 0.029116
BONE 26 0.001093

VERT 70
OFFSET -0.458360, -6.322196, 54.940754
BONES 8
BONE 1 0.000020
BONE 5 0.130390
BONE 11 0.260023
BONE 17 0.597062
BONE 22 0.004190
BONE 23 0.004442
BONE 25 0.002486
BONE 26 0.001387

VERT 71
OFFSET -1.382440, -7.082214, 45.956787
BONES 4
BONE 1 0.301630
BONE 5 0.512450
BONE 11 0.172425
BONE 17 0.013496

VERT 72
OFFSET -3.511511, -6.330963, 41.704075
BONES 4
BONE 1 0.774775
BONE 5 0.217559
BONE 11 0.007664
BONE 17 0.000003

VERT 73
OFFSET 2.381269, -6.980392, 42.193535
BONES 3
BONE 1 0.690138
BONE 5 0.290108
BONE 11 0.019754

VERT 74
OFFSET 3.885454, -3.941421, 60.706337
BONES 1
BONE 17 1.000000

VERT 75
OFFSET 2.623937, -5.294868, 58.999344
BONES 4
BONE 5 0.001722
BONE 11 0.016311
BONE 17 0.981944
BONE 39 0.000023

VERT 76
OFFSET 2.821383, 2.414371, 63.969444
BONES 1
BONE 17 1.000000

VERT 77
OFFSET -2.779638, 2.149474, 63.889812
BONES 1
BONE 17 1.000000

VERT 78
OFFSET -3.868491, 0.365009, 63.789055
BONES 1
BONE 17 1.000000

VERT 79
OFFSET -2.752830, -5.261804, 59.448757
BONES 3
BONE 5 0.000966
BONE 11 0.006917
BONE 17 0.992117

VERT 80
OFFSET -0.134123, -4.546473, 56.967381
BONES 7
BONE 5 0.026188
BONE 11 0.097305
BONE 17 0.844928
BONE 22 0.012572
BONE 23 0.001994
BONE 25 0.014718
BONE 26 0.002295

VERT 81
OFFSET 1.837746, -4.427140, 57.770161
BONES 8
BONE 5 0.012571
BONE 11 0.056382
BONE 17 0.825148
BONE 22 0.049656
BONE 39 0.000001
BONE 23 0.000397
BONE 25 0.055312
BONE 26 0.000533

VERT 82
OFFSET 1.855222, -4.693962, 56.413799
BONES 9
BONE 1 0.000001
BONE 5 0.052593
BONE 11 0.143768
BONE 17 0.713817
BONE 22 0.046459
BONE 39 0.000823
BONE 23 0.000503
BONE 25 0.041360
BONE 26 0.000676

VERT 83
OFFSET 0.185929, -5.594619, 57.182301
BONES 7
BONE 5 0.038941
BONE 11 0.122236
BONE 17 0.782794
BONE 22 0.024829
BONE 23 0.001365
BONE 25 0.028010
BONE 26 0.001825

VERT 84
OFFSET 1.214831, -4.821499, 57.783134
BONES 7
BONE 5 0.011056
BONE 11 0.045329
BONE 17 0.895332
BONE 22 0.021533
BONE 23 0.000442
BONE 25 0.025717
BONE 26 0.000593

VERT 85
OFFSET -1.036027, -5.992350, 55.123985
BONES 8
BONE 1 0.000025
BONE 5 0.121299
BONE 11 0.247446
BONE 17 0.609645
BONE 22 0.001514
BONE 23 0.013330
BONE 25 0.001250
BONE 26 0.005491

VERT 86
OFFSET -1.239669, -6.781722, 53.342529
BONES 8
BONE 1 0.000524
BONE 5 0.203141
BONE 11 0.318526
BONE 17 0.456655
BONE 22 0.000030
BONE 23 0.018062
BONE 25 0.000025
BONE 26 0.003038

VERT 87
OFFSET -1.682427, -6.344010, 53.310894
BONES 9
BONE 1 0.000469
BONE 5 0.200947
BONE 11 0.316391
BONE 17 0.453953
BONE 22 0.000022
BONE 23 0.023639
BONE 40 0.000716
BONE 25 0.000020
BONE 26 0.003843

VERT 88
OFFSET 4.737540, 0.920593, 62.124249
BONES 1
BONE 17 1.000000

VERT 89
OFFSET -3.408975, 2.505035, 62.910187
BONES 6
BONE 5 0.000053
BONE 11 0.000267
BONE 17 0.998743
BONE 23 0.000000
BONE 40 0.000937
BONE 26 0.000000

VERT 90
OFFSET 9.126175, -3.683424, 57.175007
BONES 6
BONE 5 0.000009
BONE 11 0.002135
BONE 17 0.046168
BONE 22 0.324232
BONE 39 0.605408
BONE 25 0.022049

VERT 91
OFFSET 4.842072, -3.148549, 58.378132
BONES 6
BONE 5 0.002433
BONE 11 0.019472
BONE 17 0.384579
BONE 22 0.241344
BONE 39 0.174054
BONE 25 0.178119

VERT 92
OFFSET -3.733132, -3.497601, 61.715664
BONES 1
BONE 17 1.000000

VERT 93
OFFSET -4.149496, -1.357575, 63.050678
BONES 1
BONE 17 1.000000

VERT 94
OFFSET -4.393251, -0.779249, 60.837574
BONES 8
BONE 5 0.000043
BONE 11 0.002071
BONE 17 0.700371
BONE 22 0.000001
BONE 23 0.115761
BONE 40 0.008782
BONE 25 0.000001
BONE 26 0.172970

VERT 95
OFFSET -6.517849, -1.035670, 60.073215
BONES 6
BONE 5 0.000000
BONE 11 0.001870
BONE 17 0.200084
BONE 23 0.352021
BONE 40 0.184046
BONE 26 0.261979

VERT 96
OFFSET -9.786581, -1.801369, 59.216160
BONES 5
BONE 11 0.000131
BONE 17 0.111538
BONE 23 0.414451
BONE 40 0.433308
BONE 26 0.040573

VERT 97
OFFSET 9.715839, -2.128220, 59.032619
BONES 5
BONE 11 0.000400
BONE 17 0.022874
BONE 22 0.443569
BONE 39 0.483849
BONE 25 0.049309

VERT 98
OFFSET 6.154787, -1.293326, 59.914608
BONES 6
BONE 5 0.000021
BONE 11 0.000689
BONE 17 0.165005
BONE 22 0.423183
BONE 39 0.148784
BONE 25 0.262318

VERT 99
OFFSET 4.459213, -0.916551, 60.966484
BONES 4
BONE 17 0.714303
BONE 22 0.134080
BONE 39 0.000027
BONE 25 0.151590

VERT 100
OFFSET 4.457706, -1.741787, 62.429295
BONES 2
BONE 17 0.999998
BONE 39 0.000002

VERT 101
OFFSET 4.169041, 0.391104, 63.589993
BONES 1
BONE 17 1.000000

VERT 102
OFFSET -10.212182, 0.493244, 59.402683
BONES 5
BONE 11 0.000178
BONE 17 0.074456
BONE 23 0.415837
BONE 40 0.486880
BONE 26 0.022649

VERT 103
OFFSET -9.875387, 3.872122, 57.686062
BONES 6
BONE 5 0.001369
BONE 11 0.010798
BONE 17 0.091589
BONE 23 0.435072
BONE 40 0.451418
BONE 26 0.009754

VERT 104
OFFSET 4.646810, 4.128766, 60.006725
BONES 9
BONE 5 0.001045
BONE 11 0.011152
BONE 17 0.298550
BONE 22 0.413506
BONE 39 0.063629
BONE 23 0.000021
BONE 40 0.000000
BONE 25 0.211249
BONE 26 0.000848

VERT 105
OFFSET 10.119490, 3.809170, 57.735149
BONES 5
BONE 11 0.007853
BONE 17 0.037199
BONE 22 0.442377
BONE 39 0.481808
BONE 25 0.030763

VERT 106
OFFSET -0.622644, 6.347044, 57.954132
BONES 9
BONE 5 0.024786
BONE 11 0.123738
BONE 17 0.674767
BONE 22 0.030135
BONE 39 0.000220
BONE 23 0.063567
BONE 40 0.001321
BONE 25 0.029659
BONE 26 0.051808

VERT 107
OFFSET -0.639275, 6.453906, 52.573799
BONES 10
BONE 1 0.002394
BONE 5 0.235131
BONE 11 0.382135
BONE 17 0.346693
BONE 22 0.009437
BONE 39 0.000000
BONE 23 0.017699
BONE 40 0.000942
BONE 25 0.002041
BONE 26 0.003530

VERT 108
OFFSET -0.685207, 6.796330, 46.170177
BONES 6
BONE 1 0.164092
BONE 5 0.465295
BONE 11 0.340556
BONE 17 0.030054
BONE 25 0.000000
BONE 26 0.000002

VERT 109
OFFSET -0.758740, 6.520978, 39.036560
BONES 4
BONE 1 0.973832
BONE 5 0.020994
BONE 11 0.005159
BONE 17 0.000015

VERT 110
OFFSET -0.265272, 3.354621, 63.352390
BONES 1
BONE 17 1.000000

VERT 111
OFFSET -2.774556, -4.603246, 58.849426
BONES 5
BONE 5 0.005091
BONE 11 0.024918
BONE 17 0.969991
BONE 23 0.000000
BONE 26 0.000000

VERT 112
OFFSET -4.263400, -2.953363, 60.691677
BONES 4
BONE 5 0.001031
BONE 11 0.008314
BONE 17 0.988217
BONE 40 0.002438

VERT 113
OFFSET -4.819299, -1.393872, 62.072929
BONES 4
BONE 5 0.000009
BONE 11 0.001753
BONE 17 0.996479
BONE 40 0.001758

VERT 114
OFFSET -4.617696, 0.543744, 63.132854
BONES 3
BONE 11 0.000005
BONE 17 0.999995
BONE 40 0.000001

VERT 115
OFFSET -0.292683, 3.670915, 62.810055
BONES 1
BONE 17 1.000000

VERT 116
OFFSET 3.230868, 2.739943, 62.976128
BONES 1
BONE 17 1.000000

VERT 117
OFFSET 4.676403, 0.635068, 63.108608
BONES 1
BONE 17 1.000000

VERT 118
OFFSET 4.843479, -1.554248, 61.988514
BONES 1
BONE 17 1.000000

VERT 119
OFFSET 4.151209, -3.537973, 60.185223
BONES 1
BONE 17 1.000000

VERT 120
OFFSET 2.705024, -4.598209, 58.613537
BONES 4
BONE 5 0.001795
BONE 11 0.018168
BONE 17 0.980002
BONE 39 0.000036

VERT 121
OFFSET -1.906824, -5.260957, 58.329384
BONES 7
BONE 5 0.002242
BONE 11 0.017147
BONE 17 0.980610
BONE 22 0.000000
BONE 23 0.000000
BONE 25 0.000000
BONE 26 0.000000

VERT 122
OFFSET 3.429039, 0.042952, 63.230667
BONES 1
BONE 17 1.000000

VERT 123
OFFSET 2.357378, 1.755479, 63.629642
BONES 1
BONE 17 1.000000

VERT 124
OFFSET -0.208861, 2.672118, 63.098152
BONES 1
BONE 17 1.000000

VERT 125
OFFSET -2.415455, 1.679313, 63.426922
BONES 1
BONE 17 1.000000

VERT 126
OFFSET -3.441500, 0.250385, 63.278332
BONES 1
BONE 17 1.000000

VERT 127
OFFSET -3.562899, -1.345629, 62.691341
BONES 1
BONE 17 1.000000

VERT 128
OFFSET -3.101734, -3.270098, 61.726704
BONES 2
BONE 11 0.000000
BONE 17 1.000000

VERT 129
OFFSET -2.194369, -5.010174, 59.979832
BONES 3
BONE 5 0.000000
BONE 11 0.001337
BONE 17 0.998663

VERT 130
OFFSET -1.324925, -5.156550, 58.849316
BONES 7
BONE 5 0.001772
BONE 11 0.013864
BONE 17 0.984363
BONE 22 0.000000
BONE 23 0.000000
BONE 25 0.000000
BONE 26 0.000000

VERT 131
OFFSET 0.804450, -4.797740, 58.351479
BONES 7
BONE 5 0.004505
BONE 11 0.020813
BONE 17 0.957694
BONE 22 0.007427
BONE 23 0.000239
BONE 25 0.009011
BONE 26 0.000311

VERT 132
OFFSET 2.034973, -5.025548, 59.542458
BONES 3
BONE 5 0.000642
BONE 11 0.007648
BONE 17 0.991710

VERT 133
OFFSET 3.130013, -3.504711, 61.088844
BONES 1
BONE 17 1.000000

VERT 134
OFFSET 3.373471, -1.716982, 62.500359
BONES 1
BONE 17 1.000000

VERT 135
OFFSET 0.023730, 1.838734, 62.717979
BONES 1
BONE 17 1.000000

VERT 136
OFFSET -1.479359, 1.266899, 62.767193
BONES 1
BONE 17 1.000000

VERT 137
OFFSET -2.416434, 0.019730, 62.039268
BONES 1
BONE 17 1.000000

VERT 138
OFFSET -2.146147, -2.079038, 60.620693
BONES 1
BONE 17 1.000000

VERT 139
OFFSET -0.154291, -2.444787, 57.210972
BONES 7
BONE 5 0.003829
BONE 11 0.023435
BONE 17 0.957075
BONE 22 0.008099
BONE 23 0.000653
BONE 25 0.006162
BONE 26 0.000748

VERT 140
OFFSET 1.547923, -1.201319, 59.717464
BONES 1
BONE 17 1.000000

VERT 141
OFFSET 1.659820, -6.887338, 45.836292
BONES 4
BONE 1 0.288182
BONE 5 0.543578
BONE 11 0.162108
BONE 17 0.006132

VERT 142
OFFSET 2.209203, -6.537406, 40.086815
BONES 5
BONE 1 0.839953
BONE 5 0.154593
BONE 11 0.003136
BONE 7 0.002061
BONE 8 0.000258

VERT 143
OFFSET 2.250154, -2.370821, 61.079372
BONES 1
BONE 17 1.000000

VERT 144
OFFSET 1.604408, -3.400313, 60.032581
BONES 1
BONE 17 1.000000

VERT 145
OFFSET 0.579135, -3.825890, 58.476761
BONES 7
BONE 5 0.001748
BONE 11 0.011727
BONE 17 0.981518
BONE 22 0.002281
BONE 23 0.000319
BONE 25 0.002074
BONE 26 0.000332

VERT 146
OFFSET -1.768805, -4.290463, 60.237141
BONES 3
BONE 5 0.000000
BONE 11 0.001105
BONE 17 0.998895

VERT 147
OFFSET -1.072026, -4.357442, 59.288540
BONES 5
BONE 5 0.000721
BONE 11 0.006333
BONE 17 0.992946
BONE 22 0.000000
BONE 25 0.000000

VERT 148
OFFSET -0.108889, -3.921048, 57.154961
BONES 7
BONE 5 0.011653
BONE 11 0.064431
BONE 17 0.895977
BONE 22 0.010664
BONE 23 0.001926
BONE 25 0.013305
BONE 26 0.002044

VERT 149
OFFSET 4.519703, 5.436088, 39.302795
BONES 4
BONE 1 0.961115
BONE 5 0.034689
BONE 11 0.004195
BONE 17 0.000000

VERT 150
OFFSET 5.370099, 5.422085, 46.209652
BONES 4
BONE 1 0.086944
BONE 5 0.544721
BONE 11 0.348456
BONE 17 0.019879

VERT 151
OFFSET 7.350503, 5.514956, 57.082771
BONES 8
BONE 5 0.011126
BONE 11 0.079979
BONE 17 0.173118
BONE 22 0.407621
BONE 39 0.266896
BONE 23 0.000000
BONE 25 0.061254
BONE 26 0.000007

VERT 152
OFFSET 7.912469, 4.354703, 58.911121
BONES 5
BONE 11 0.010763
BONE 17 0.084439
BONE 22 0.502549
BONE 39 0.316097
BONE 25 0.086153

VERT 153
OFFSET 8.358038, 2.501380, 59.955040
BONES 5
BONE 11 0.001242
BONE 17 0.032032
BONE 22 0.560735
BONE 39 0.302028
BONE 25 0.103963

VERT 154
OFFSET 8.378258, 0.098615, 60.178383
BONES 5
BONE 11 0.000069
BONE 17 0.018822
BONE 22 0.571241
BONE 39 0.307798
BONE 25 0.102070

VERT 155
OFFSET 8.027539, -1.722944, 59.493214
BONES 5
BONE 11 0.000237
BONE 17 0.148542
BONE 22 0.462160
BONE 39 0.246936
BONE 25 0.142124

VERT 156
OFFSET 6.966200, -3.675361, 57.897305
BONES 6
BONE 5 0.001687
BONE 11 0.013597
BONE 17 0.259173
BONE 22 0.312975
BONE 39 0.349176
BONE 25 0.063393

VERT 157
OFFSET 5.792969, -5.230252, 45.830040
BONES 4
BONE 1 0.180770
BONE 5 0.589100
BONE 11 0.200537
BONE 17 0.029593

VERT 158
OFFSET -7.113871, 5.509439, 57.109509
BONES 9
BONE 1 0.000009
BONE 5 0.013278
BONE 11 0.077497
BONE 17 0.193255
BONE 22 0.000000
BONE 23 0.419436
BONE 40 0.235129
BONE 25 0.000021
BONE 26 0.061375

VERT 159
OFFSET -7.660218, 4.265152, 58.683064
BONES 9
BONE 1 0.000001
BONE 5 0.002887
BONE 11 0.022249
BONE 17 0.119971
BONE 22 0.000001
BONE 23 0.507498
BONE 40 0.239776
BONE 25 0.000100
BONE 26 0.107517

VERT 160
OFFSET -8.467728, 2.890469, 59.654854
BONES 6
BONE 5 0.000299
BONE 11 0.004752
BONE 17 0.065657
BONE 23 0.547338
BONE 40 0.267332
BONE 26 0.114622

VERT 161
OFFSET -8.597201, 0.689963, 60.170956
BONES 6
BONE 5 0.000009
BONE 11 0.000780
BONE 17 0.077162
BONE 23 0.492184
BONE 40 0.317133
BONE 26 0.112732

VERT 162
OFFSET -8.204098, -1.371427, 59.767693
BONES 6
BONE 5 0.000000
BONE 11 0.000524
BONE 17 0.118654
BONE 23 0.393230
BONE 40 0.323355
BONE 26 0.164237

VERT 163
OFFSET -7.495503, -3.200286, 58.019066
BONES 8
BONE 5 0.001745
BONE 11 0.013682
BONE 17 0.225986
BONE 22 0.000002
BONE 23 0.258715
BONE 40 0.414198
BONE 25 0.000002
BONE 26 0.085670

VERT 164
OFFSET -6.062962, -4.767586, 55.257889
BONES 9
BONE 1 0.000002
BONE 5 0.040363
BONE 11 0.110832
BONE 17 0.439316
BONE 22 0.000018
BONE 23 0.124587
