// Export filename: 'C:/projects/cod/t5/model_export/cuban/characters/cod7/tropas/mp/_c_cub_tropas_mp_body_utility_LOD3.XMODEL_EXPORT'
// Source filename: 'd:/projects/devart/t5/model_export/cuban/characters/cod7/tropas/mp/_c_cub_tropas_mp_utility.ma'
// Export time: Sat Sep 11 15:59:59 2010
MODEL
VERSION 6

NUMBONES 77
BONE 0 -1 "TAG_ORIGIN"
BONE 1 0 "J_MainRoot"
BONE 2 0 "TAG_SYNC"
BONE 3 1 "J_Hip_LE"
BONE 4 1 "J_Hip_RI"
BONE 5 1 "J_SpineLower"
BONE 6 3 "J_HipTwist_LE"
BONE 7 4 "J_HipTwist_RI"
BONE 8 3 "J_Knee_LE"
BONE 9 4 "J_Knee_RI"
BONE 10 5 "J_SpineUpper"
BONE 11 5 "TAG_STOWED_DEPLOY"
BONE 12 5 "TAG_STOWED_TACTICAL"
BONE 13 8 "J_Ankle_LE"
BONE 14 9 "J_Ankle_RI"
BONE 15 8 "J_Knee_Bulge_LE"
BONE 16 9 "J_Knee_Bulge_RI"
BONE 17 10 "J_Spine4"
BONE 18 10 "TAG_STOWED_BACKPACK"
BONE 19 13 "J_Ball_LE"
BONE 20 14 "J_Ball_RI"
BONE 21 17 "J_Clavicle_LE"
BONE 22 17 "J_Clavicle_RI"
BONE 23 17 "J_Neck"
BONE 24 17 "J_ShoulderRaise_LE"
BONE 25 17 "J_ShoulderRaise_RI"
BONE 26 17 "TAG_INHAND"
BONE 27 17 "TAG_STOWED_BACK"
BONE 28 17 "TAG_STOWED_LETHAL"
BONE 29 17 "TAG_WEAPON_CHEST"
BONE 30 23 "J_Head"
BONE 31 21 "J_Shoulder_LE"
BONE 32 22 "J_Shoulder_RI"
BONE 33 31 "J_Elbow_Bulge_LE"
BONE 34 32 "J_Elbow_Bulge_RI"
BONE 35 31 "J_Elbow_LE"
BONE 36 32 "J_Elbow_RI"
BONE 37 30 "J_Head_END"
BONE 38 31 "J_ShoulderTwist_LE"
BONE 39 32 "J_ShoulderTwist_RI"
BONE 40 37 "J_Helmet"
BONE 41 35 "J_Wrist_LE"
BONE 42 36 "J_Wrist_RI"
BONE 43 35 "J_WristTwist_LE"
BONE 44 36 "J_WristTwist_RI"
BONE 45 41 "J_Index_LE_1"
BONE 46 42 "J_Index_RI_1"
BONE 47 41 "J_Mid_LE_1"
BONE 48 42 "J_Mid_RI_1"
BONE 49 41 "J_Pinky_LE_1"
BONE 50 42 "J_Pinky_RI_1"
BONE 51 41 "J_Ring_LE_1"
BONE 52 42 "J_Ring_RI_1"
BONE 53 41 "J_Thumb_LE_1"
BONE 54 42 "J_Thumb_RI_1"
BONE 55 41 "TAG_WEAPON_LEFT"
BONE 56 42 "TAG_WEAPON_RIGHT"
BONE 57 45 "J_Index_LE_2"
BONE 58 46 "J_Index_RI_2"
BONE 59 47 "J_Mid_LE_2"
BONE 60 48 "J_Mid_RI_2"
BONE 61 49 "J_Pinky_LE_2"
BONE 62 50 "J_Pinky_RI_2"
BONE 63 51 "J_Ring_LE_2"
BONE 64 52 "J_Ring_RI_2"
BONE 65 53 "J_Thumb_LE_2"
BONE 66 54 "J_Thumb_RI_2"
BONE 67 57 "J_Index_LE_3"
BONE 68 58 "J_Index_RI_3"
BONE 69 59 "J_Mid_LE_3"
BONE 70 60 "J_Mid_RI_3"
BONE 71 61 "J_Pinky_LE_3"
BONE 72 62 "J_Pinky_RI_3"
BONE 73 63 "J_Ring_LE_3"
BONE 74 64 "J_Ring_RI_3"
BONE 75 65 "J_Thumb_LE_3"
BONE 76 66 "J_Thumb_RI_3"

BONE 0
OFFSET 0.000002, -2.222000, 0.000042
SCALE 1.000000, 1.000000, 1.000000
X -0.000000, -1.000000, -0.000001
Y 1.000000, -0.000000, 0.000000
Z -0.000000, -0.000001, 1.000000

BONE 1
OFFSET 0.000082, 1.218927, 37.228020
SCALE 1.000000, 1.000000, 1.000000
X 0.000005, 0.024825, 0.999692
Y 0.000006, -0.999692, 0.024825
Z 1.000000, 0.000006, -0.000005

BONE 2
OFFSET 0.000002, -2.219720, 0.000042
SCALE 1.000000, 1.000000, 1.000000
X -0.000000, -1.000000, -0.000003
Y 1.000000, -0.000000, 0.000000
Z -0.000000, -0.000003, 1.000000

BONE 3
OFFSET 4.865472, 1.218951, 37.228016
SCALE 1.000000, 1.000000, 1.000000
X -0.008941, 0.033879, -0.999386
Y -0.004877, -0.999415, -0.033837
Z -0.999948, 0.004571, 0.009101

BONE 4
OFFSET -4.865293, 1.218927, 37.227978
SCALE 1.000000, 1.000000, 1.000000
X -0.008909, -0.033842, 0.999388
Y -0.004870, 0.999417, 0.033800
Z -0.999948, -0.004566, -0.009069

BONE 5
OFFSET 0.000089, 1.148792, 42.432632
SCALE 1.000000, 1.000000, 1.000000
X 0.000001, 0.029870, 0.999554
Y -0.000002, -0.999554, 0.029870
Z 1.000000, -0.000002, -0.000001

BONE 6
OFFSET 4.837310, 1.325658, 34.080341
SCALE 1.000000, 1.000000, 1.000000
X -0.008941, 0.033879, -0.999386
Y -0.004864, -0.999416, -0.033837
Z -0.999948, 0.004558, 0.009101

BONE 7
OFFSET -4.837236, 1.325506, 34.080624
SCALE 1.000000, 1.000000, 1.000000
X -0.008909, -0.033842, 0.999388
Y -0.004874, 0.999417, 0.033800
Z -0.999948, -0.004570, -0.009069

BONE 8
OFFSET 4.708874, 1.812570, 19.727123
SCALE 1.000000, 1.000000, 1.000000
X -0.008203, 0.166937, -0.985933
Y -0.006021, -0.985957, -0.166891
Z -0.999948, 0.004567, 0.009093

BONE 9
OFFSET -4.708568, 1.812141, 19.727461
SCALE 1.000000, 1.000000, 1.000000
X -0.008167, -0.166975, 0.985927
Y -0.006022, 0.985950, 0.166929
Z -0.999949, -0.004574, -0.009057

BONE 10
OFFSET 0.000094, 1.131313, 47.652164
SCALE 1.000000, 1.000000, 1.000000
X 0.000003, -0.020406, 0.999792
Y 0.000005, -0.999792, -0.020406
Z 1.000000, 0.000006, -0.000003

BONE 11
OFFSET 5.004360, 4.722222, 38.974617
SCALE 1.000000, 1.000000, 1.000000
X 0.727759, 0.683250, 0.059458
Y -0.683301, 0.729785, -0.022666
Z -0.058878, -0.024132, 0.997973

BONE 12
OFFSET -2.109973, -5.727131, 41.589756
SCALE 1.000000, 1.000000, 1.000000
X -0.250519, -0.965775, -0.067221
Y 0.878804, -0.197731, -0.434288
Z 0.406133, -0.167872, 0.898262

BONE 13
OFFSET 4.584381, 4.343949, 4.776942
SCALE 1.000000, 1.000000, 1.000000
X -0.000000, -0.008729, -0.999962
Y 0.016577, -0.999824, 0.008728
Z -0.999863, -0.016577, 0.000145

BONE 14
OFFSET -4.584069, 4.344151, 4.777238
SCALE 1.000000, 1.000000, 1.000000
X 0.000009, 0.008730, 0.999962
Y 0.016581, 0.999824, -0.008729
Z -0.999862, 0.016581, -0.000136

BONE 15
OFFSET 4.700433, -0.061928, 19.740456
SCALE 1.000000, 1.000000, 1.000000
X -0.000006, 0.029848, 0.999554
Y -0.000002, -0.999554, 0.029848
Z 1.000000, -0.000002, 0.000006

BONE 16
OFFSET -4.688321, -0.066477, 19.765478
SCALE 1.000000, 1.000000, 1.000000
X -0.000042, -0.029855, -0.999554
Y -0.000010, 0.999554, -0.029855
Z 1.000000, 0.000009, -0.000042

BONE 17
OFFSET 0.000090, 1.067745, 51.758411
SCALE 1.000000, 1.000000, 1.000000
X 0.000002, -0.047080, 0.998891
Y 0.000010, -0.998891, -0.047080
Z 1.000000, 0.000011, -0.000001

BONE 18
OFFSET 0.002056, 7.939955, 50.851307
SCALE 1.000000, 1.000000, 1.000000
X -0.002312, 0.998623, 0.052401
Y -0.999994, -0.002453, 0.002620
Z 0.002745, -0.052394, 0.998623

BONE 19
OFFSET 4.746620, -1.234840, 0.330913
SCALE 1.000000, 1.000000, 1.000000
X 0.016342, -0.983115, 0.182258
Y -0.002855, 0.182235, 0.983251
Z -0.999862, -0.016588, 0.000171

BONE 20
OFFSET -4.746290, -1.234591, 0.331138
SCALE 1.000000, 1.000000, 1.000000
X 0.016296, 0.983125, -0.182210
Y -0.002898, -0.182187, -0.983260
Z -0.999863, 0.016551, -0.000120

BONE 21
OFFSET 1.356609, 1.015539, 56.400341
SCALE 1.000000, 1.000000, 1.000000
X 0.997183, -0.019399, 0.072449
Y 0.018071, 0.999657, 0.018947
Z -0.072792, -0.017584, 0.997192

BONE 22
OFFSET -1.356719, 1.015542, 56.400444
SCALE 1.000000, 1.000000, 1.000000
X 0.997186, 0.019411, -0.072414
Y 0.018084, -0.999657, -0.018932
Z -0.072757, 0.017569, -0.997195

BONE 23
OFFSET 0.000058, 0.503915, 60.542107
SCALE 1.000000, 1.000000, 1.000000
X 0.000005, -0.309757, 0.950816
Y 0.000009, -0.950816, -0.309757
Z 1.000000, 0.000010, -0.000002

BONE 24
OFFSET 4.025334, 0.920922, 58.859638
SCALE 1.000000, 1.000000, 1.000000
X -0.997186, 0.019392, -0.072414
Y -0.018067, -0.999658, -0.018910
Z -0.072756, -0.017549, 0.997195

BONE 25
OFFSET -4.025115, 0.920835, 58.859825
SCALE 1.000000, 1.000000, 1.000000
X -0.997185, -0.019413, 0.072417
Y -0.018088, 0.999658, 0.018910
Z -0.072759, 0.017547, -0.997195

BONE 26
OFFSET -28.519920, -12.713210, 38.935009
SCALE 1.000000, 1.000000, 1.000000
X 1.000000, 0.000011, -0.000001
Y 0.000007, -0.764281, -0.644884
Z -0.000008, 0.644884, -0.764281

BONE 27
OFFSET -8.127171, 6.163945, 49.508396
SCALE 1.000000, 1.000000, 1.000000
X -0.241840, 0.071854, -0.967652
Y 0.956691, 0.184189, -0.225423
Z 0.162034, -0.980261, -0.113286

BONE 28
OFFSET 4.963632, -4.733718, 50.188965
SCALE 1.000000, 1.000000, 1.000000
X 0.549449, -0.819199, -0.164375
Y 0.831898, 0.554687, 0.016344
Z 0.077787, -0.145723, 0.986263

BONE 29
OFFSET -28.519920, -12.713210, 38.935009
SCALE 1.000000, 1.000000, 1.000000
X 0.000011, -1.000000, 0.000001
Y 1.000000, 0.000011, -0.000001
Z 0.000001, 0.000001, 1.000000

BONE 30
OFFSET 0.000057, -0.306903, 63.520969
SCALE 1.000000, 1.000000, 1.000000
X -0.000007, -0.216434, 0.976297
Y 0.000005, -0.976297, -0.216434
Z 1.000000, 0.000004, 0.000008

BONE 31
OFFSET 7.725458, 0.891629, 56.863182
SCALE 1.000000, 1.000000, 1.000000
X 0.662981, -0.260696, -0.701779
Y 0.273873, 0.956889, -0.096732
Z 0.696743, -0.128067, 0.705796

BONE 32
OFFSET -7.725506, 0.891564, 56.862965
SCALE 1.000000, 1.000000, 1.000000
X 0.662960, 0.260726, 0.701788
Y 0.273916, -0.956876, 0.096734
Z 0.696745, 0.128101, -0.705788

BONE 33
OFFSET 15.846270, -1.632336, 48.642548
SCALE 1.000000, 1.000000, 1.000000
X 0.294563, -0.846066, -0.444303
Y 0.654051, 0.517466, -0.551767
Z 0.696743, -0.128067, 0.705796

BONE 34
OFFSET -15.846113, -1.632834, 48.642265
SCALE 1.000000, 1.000000, 1.000000
X 0.294518, 0.846079, 0.444308
Y 0.654068, -0.517437, 0.551773
Z 0.696745, 0.128101, -0.705788

BONE 35
OFFSET 15.742274, -1.805675, 48.713013
SCALE 1.000000, 1.000000, 1.000000
X 0.294845, -0.845858, -0.444512
Y 0.653923, 0.517813, -0.551593
Z 0.696743, -0.128042, 0.705801

BONE 36
OFFSET -15.742270, -1.806072, 48.712933
SCALE 1.000000, 1.000000, 1.000000
X 0.294819, 0.845861, 0.444523
Y 0.653933, -0.517800, 0.551592
Z 0.696745, 0.128069, -0.705794

BONE 37
OFFSET -0.000527, -1.399727, 69.807846
SCALE 1.000000, 1.000000, 1.000000
X -0.000007, -0.216434, 0.976297
Y 0.000005, -0.976297, -0.216434
Z 1.000000, 0.000004, 0.000008

BONE 38
OFFSET 8.032188, 0.771017, 56.538502
SCALE 1.000000, 1.000000, 1.000000
X 0.662981, -0.260696, -0.701779
Y 0.273875, 0.956889, -0.096730
Z 0.696742, -0.128070, 0.705797

BONE 39
OFFSET -8.001591, 0.782987, 56.570709
SCALE 1.000000, 1.000000, 1.000000
X 0.662960, 0.260726, 0.701788
Y 0.273908, -0.956878, 0.096742
Z 0.696748, 0.128089, -0.705787

BONE 40
OFFSET -0.000540, -0.362329, 71.243195
SCALE 1.000000, 1.000000, 1.000000
X 0.000005, -0.999048, 0.043625
Y 1.000000, 0.000005, 0.000005
Z -0.000005, 0.043625, 0.999048

BONE 41
OFFSET 18.585669, -10.419226, 44.089733
SCALE 1.000000, 1.000000, 1.000000
X 0.299004, -0.782064, -0.546784
Y -0.792522, 0.115636, -0.598779
Z 0.531512, 0.612376, -0.585227

BONE 42
OFFSET -18.585567, -10.419399, 44.089657
SCALE 1.000000, 1.000000, 1.000000
X 0.299011, 0.782058, 0.546788
Y -0.792524, -0.115633, 0.598778
Z 0.531506, -0.612384, 0.585224

BONE 43
OFFSET 17.753496, -7.897926, 45.442410
SCALE 1.000000, 1.000000, 1.000000
X 0.294846, -0.845857, -0.444513
Y 0.653930, 0.517812, -0.551585
Z 0.696736, -0.128048, 0.705806

BONE 44
OFFSET -17.753546, -7.898361, 45.442448
SCALE 1.000000, 1.000000, 1.000000
X 0.294819, 0.845861, 0.444523
Y 0.653933, -0.517800, 0.551592
Z 0.696745, 0.128069, -0.705794

BONE 45
OFFSET 18.943596, -14.118733, 43.296165
SCALE 1.000000, 1.000000, 1.000000
X 0.252533, -0.921880, -0.293878
Y -0.670074, 0.052482, -0.740436
Z 0.698017, 0.383905, -0.604475

BONE 46
OFFSET -18.943485, -14.118932, 43.296089
SCALE 1.000000, 1.000000, 1.000000
X 0.252692, 0.921873, 0.293763
Y -0.670040, -0.052297, 0.740480
Z 0.697992, -0.383946, 0.604477

BONE 47
OFFSET 19.641989, -13.608097, 42.701954
SCALE 1.000000, 1.000000, 1.000000
X 0.066843, -0.793765, -0.604540
Y -0.837155, 0.285040, -0.466823
Z 0.542866, 0.537298, -0.645452

BONE 48
OFFSET -19.641909, -13.608223, 42.701809
SCALE 1.000000, 1.000000, 1.000000
X 0.066887, 0.793771, 0.604528
Y -0.837171, -0.284987, 0.466827
Z 0.542836, -0.537317, 0.645460

BONE 49
OFFSET 20.410118, -12.159682, 41.480377
SCALE 1.000000, 1.000000, 1.000000
X -0.099274, -0.722106, -0.684623
Y -0.848031, 0.421335, -0.321434
Z 0.520565, 0.548671, -0.654195

BONE 50
OFFSET -20.410091, -12.159837, 41.480251
SCALE 1.000000, 1.000000, 1.000000
X -0.099304, 0.722089, 0.684635
Y -0.848020, -0.421369, 0.321418
Z 0.520577, -0.548666, 0.654190

BONE 51
OFFSET 20.114302, -12.876246, 42.061901
SCALE 1.000000, 1.000000, 1.000000
X -0.006006, -0.738898, -0.673791
Y -0.878970, 0.325202, -0.348791
Z 0.476839, 0.590147, -0.651422

BONE 52
OFFSET -20.114208, -12.876396, 42.061890
SCALE 1.000000, 1.000000, 1.000000
X -0.005979, 0.738908, 0.673780
Y -0.878978, -0.325169, 0.348801
Z 0.476825, -0.590152, 0.651428

BONE 53
OFFSET 18.473015, -11.541899, 44.177650
SCALE 1.000000, 1.000000, 1.000000
X -0.766327, -0.594301, -0.244027
Y 0.525231, -0.360813, -0.770679
Z 0.369968, -0.718763, 0.588646

BONE 54
OFFSET -18.472874, -11.542074, 44.177635
SCALE 1.000000, 1.000000, 1.000000
X -0.766329, 0.594294, 0.244036
Y 0.525229, 0.360803, 0.770685
Z 0.369965, 0.718773, -0.588635

BONE 55
OFFSET -28.519896, -12.719981, 38.932270
SCALE 1.000000, 1.000000, 1.000000
X 0.000190, -1.000000, -0.000189
Y 1.000000, 0.000190, 0.000053
Z -0.000053, -0.000189, 1.000000

BONE 56
OFFSET -28.520119, -12.709172, 38.935143
SCALE 1.000000, 1.000000, 1.000000
X -0.000199, -1.000000, -0.000195
Y 0.998877, -0.000190, -0.047381
Z 0.047381, -0.000205, 0.998877

BONE 57
OFFSET 19.335176, -15.548034, 42.840546
SCALE 1.000000, 1.000000, 1.000000
X -0.305493, -0.603804, -0.736271
Y -0.647669, 0.698577, -0.304162
Z 0.697997, 0.383940, -0.604476

BONE 58
OFFSET -19.335234, -15.548249, 42.840523
SCALE 1.000000, 1.000000, 1.000000
X -0.305842, 0.603512, 0.736365
Y -0.647460, -0.698892, 0.303884
Z 0.698038, -0.383827, 0.604500

BONE 59
OFFSET 19.766018, -15.080857, 41.580357
SCALE 1.000000, 1.000000, 1.000000
X -0.742584, -0.051931, -0.667737
Y -0.392291, 0.841795, 0.370795
Z 0.542841, 0.537294, -0.645475

BONE 60
OFFSET -19.765930, -15.081016, 41.579948
SCALE 1.000000, 1.000000, 1.000000
X -0.742558, 0.051921, 0.667766
Y -0.392315, -0.841780, -0.370804
Z 0.542860, -0.537318, 0.645439

BONE 61
OFFSET 20.291075, -13.025280, 40.659801
SCALE 1.000000, 1.000000, 1.000000
X -0.734217, -0.103408, -0.670993
Y -0.435791, 0.829631, 0.348997
Z 0.520587, 0.548653, -0.654194

BONE 62
OFFSET -20.291012, -13.025424, 40.659672
SCALE 1.000000, 1.000000, 1.000000
X -0.734208, 0.103424, 0.671001
Y -0.435814, -0.829619, -0.348996
Z 0.520581, -0.548667, 0.654187

BONE 63
OFFSET 20.104219, -14.119193, 40.928596
SCALE 1.000000, 1.000000, 1.000000
X -0.750598, -0.112264, -0.651152
Y -0.457408, 0.799450, 0.389433
Z 0.476844, 0.590150, -0.651416

BONE 64
OFFSET -20.104130, -14.119358, 40.928261
SCALE 1.000000, 1.000000, 1.000000
X -0.750602, 0.112272, 0.651146
Y -0.457410, -0.799450, -0.389431
Z 0.476836, -0.590148, 0.651423

BONE 65
OFFSET 16.629330, -12.971684, 43.590553
SCALE 1.000000, 1.000000, 1.000000
X -0.513767, -0.686190, -0.514963
Y 0.774059, -0.111908, -0.623144
Z 0.369966, -0.718763, 0.588646

BONE 66
OFFSET -16.629194, -12.971821, 43.590179
SCALE 1.000000, 1.000000, 1.000000
X -0.513765, 0.686181, 0.514977
Y 0.774059, 0.111890, 0.623148
Z 0.369972, 0.718774, -0.588629

BONE 67
OFFSET 19.038221, -16.134914, 42.125023
SCALE 1.000000, 1.000000, 1.000000
X -0.554097, -0.245160, -0.795533
Y -0.453622, 0.890222, 0.041612
Z 0.698000, 0.383929, -0.604479

BONE 68
OFFSET -19.037983, -16.134798, 42.125008
SCALE 1.000000, 1.000000, 1.000000
X -0.553871, 0.245483, 0.795591
Y -0.453788, -0.890154, -0.041256
Z 0.698071, -0.383880, 0.604428

BONE 69
OFFSET 18.948034, -15.138112, 40.844826
SCALE 1.000000, 1.000000, 1.000000
X -0.836744, 0.280258, -0.470441
Y -0.071875, 0.795463, 0.601724
Z 0.542857, 0.537302, -0.645456

BONE 70
OFFSET -18.947971, -15.138271, 40.844528
SCALE 1.000000, 1.000000, 1.000000
X -0.836742, -0.280254, 0.470448
Y -0.071886, -0.795461, -0.601726
Z 0.542859, -0.537308, 0.645449

BONE 71
OFFSET 19.784019, -13.096679, 40.196491
SCALE 1.000000, 1.000000, 1.000000
X -0.853803, 0.339164, -0.394953
Y 0.005198, 0.764171, 0.644992
Z 0.520570, 0.548643, -0.654215

BONE 72
OFFSET -19.783998, -13.096812, 40.196270
SCALE 1.000000, 1.000000, 1.000000
X -0.853799, -0.339166, 0.394959
Y 0.005186, -0.764161, -0.645004
Z 0.520576, -0.548656, 0.654199

BONE 73
OFFSET 19.396437, -14.225060, 40.314682
SCALE 1.000000, 1.000000, 1.000000
X -0.861545, 0.166924, -0.479454
Y -0.174209, 0.789854, 0.588033
Z 0.476856, 0.590142, -0.651415

BONE 74
OFFSET -19.396343, -14.225204, 40.314499
SCALE 1.000000, 1.000000, 1.000000
X -0.861557, -0.166916, 0.479436
Y -0.174209, -0.789846, -0.588043
Z 0.476834, -0.590155, 0.651419

BONE 75
OFFSET 16.015608, -13.791351, 42.975456
SCALE 1.000000, 1.000000, 1.000000
X -0.178188, -0.676734, -0.714339
Y 0.911796, 0.159395, -0.378446
Z 0.369969, -0.718766, 0.588641

BONE 76
OFFSET -16.015455, -13.791477, 42.975048
SCALE 1.000000, 1.000000, 1.000000
X -0.178183, 0.676724, 0.714350
Y 0.911791, -0.159415, 0.378450
Z 0.369984, 0.718771, -0.588626

NUMVERTS 827
VERT 0
OFFSET -0.000102, -5.654846, 67.552261
BONES 1
BONE 30 1.000000

VERT 1
OFFSET 2.920342, -3.466481, 70.555351
BONES 1
BONE 30 1.000000

VERT 2
OFFSET -0.000102, -5.304543, 70.857010
BONES 1
BONE 30 1.000000

VERT 3
OFFSET -2.920535, -3.466481, 70.555351
BONES 1
BONE 30 1.000000

VERT 4
OFFSET -3.896204, -1.078239, 70.253998
BONES 1
BONE 30 1.000000

VERT 5
OFFSET -2.880702, 2.764847, 69.660561
BONES 1
BONE 30 1.000000

VERT 6
OFFSET -0.000246, 4.261985, 69.414093
BONES 1
BONE 30 1.000000

VERT 7
OFFSET 2.880508, 2.764846, 69.660561
BONES 1
BONE 30 1.000000

VERT 8
OFFSET 3.896015, -1.078238, 70.253998
BONES 1
BONE 30 1.000000

VERT 9
OFFSET 3.055691, -4.204608, 67.025200
BONES 1
BONE 30 1.000000

VERT 10
OFFSET -0.000102, -6.095807, 67.754768
BONES 1
BONE 30 1.000000

VERT 11
OFFSET -3.055892, -4.204608, 67.025200
BONES 1
BONE 30 1.000000

VERT 12
OFFSET -4.265091, -1.722600, 66.767441
BONES 1
BONE 30 1.000000

VERT 13
OFFSET -3.197007, 2.289840, 66.153748
BONES 1
BONE 30 1.000000

VERT 14
OFFSET -0.000246, 3.857104, 65.916992
BONES 1
BONE 30 1.000000

VERT 15
OFFSET 3.196805, 2.289839, 66.153748
BONES 1
BONE 30 1.000000

VERT 16
OFFSET 4.264892, -1.722600, 66.767441
BONES 1
BONE 30 1.000000

VERT 17
OFFSET -0.000102, -0.329757, 71.020714
BONES 1
BONE 30 1.000000

VERT 18
OFFSET 3.055691, -6.785385, 66.948830
BONES 1
BONE 30 1.000000

VERT 19
OFFSET -0.000102, -8.865891, 67.576668
BONES 1
BONE 30 1.000000

VERT 20
OFFSET -3.055892, -6.785386, 66.948853
BONES 1
BONE 30 1.000000

VERT 21
OFFSET 10.480330, -1.746633, 35.046425
BONES 1
BONE 1 1.000000

VERT 22
OFFSET 7.848996, -1.767795, 34.798008
BONES 1
BONE 1 1.000000

VERT 23
OFFSET 9.976460, -1.786225, 44.796658
BONES 1
BONE 1 1.000000

VERT 24
OFFSET 7.259889, -2.366796, 44.317196
BONES 1
BONE 1 1.000000

VERT 25
OFFSET 10.397341, 2.601267, 35.423233
BONES 1
BONE 1 1.000000

VERT 26
OFFSET 9.765217, 2.557427, 45.022758
BONES 1
BONE 1 1.000000

VERT 27
OFFSET 7.836283, 2.566790, 34.929638
BONES 1
BONE 1 1.000000

VERT 28
OFFSET 7.142196, 2.645414, 44.488155
BONES 1
BONE 1 1.000000

VERT 29
OFFSET 5.386405, -4.901274, 58.622524
BONES 2
BONE 17 0.900000
BONE 21 0.100000

VERT 30
OFFSET 7.243539, -6.993381, 56.758305
BONES 2
BONE 17 0.900000
BONE 21 0.100000

VERT 31
OFFSET 6.901127, -7.000802, 56.551319
BONES 2
BONE 17 0.900000
BONE 21 0.100000

VERT 32
OFFSET 5.434811, -5.543032, 57.918331
BONES 2
BONE 17 0.900000
BONE 21 0.100000

VERT 33
OFFSET 5.051021, -3.953806, 57.807724
BONES 2
BONE 17 0.900000
BONE 21 0.100000

VERT 34
OFFSET 5.231158, -4.740684, 57.210560
BONES 2
BONE 17 0.900000
BONE 21 0.100000

VERT 35
OFFSET 5.803812, -4.409712, 57.352043
BONES 2
BONE 17 0.900000
BONE 21 0.100000

VERT 36
OFFSET 6.126588, -5.143217, 58.089241
BONES 2
BONE 17 0.900000
BONE 21 0.100000

VERT 37
OFFSET 7.123128, -6.620842, 55.493595
BONES 2
BONE 17 0.900000
BONE 21 0.100000

VERT 38
OFFSET 7.418710, -5.987741, 55.269592
BONES 2
BONE 17 0.900000
BONE 21 0.100000

VERT 39
OFFSET 6.840717, -5.866388, 54.834171
BONES 2
BONE 17 0.900000
BONE 21 0.100000

VERT 40
OFFSET 6.545136, -6.499489, 55.058182
BONES 2
BONE 17 0.900000
BONE 21 0.100000

VERT 41
OFFSET 5.719555, -5.178580, 57.802135
BONES 2
BONE 17 0.900000
BONE 21 0.100000

VERT 42
OFFSET 6.035758, -4.501308, 57.562508
BONES 2
BONE 17 0.900000
BONE 21 0.100000

VERT 43
OFFSET 5.417438, -4.371487, 57.096706
BONES 2
BONE 17 0.900000
BONE 21 0.100000

VERT 44
OFFSET 5.101236, -5.048759, 57.336342
BONES 2
BONE 17 0.900000
BONE 21 0.100000

VERT 45
OFFSET 5.125785, -6.163332, 56.050610
BONES 2
BONE 17 0.900000
BONE 21 0.100000

VERT 46
OFFSET 5.895569, -4.514546, 55.467224
BONES 2
BONE 17 0.900000
BONE 21 0.100000

VERT 47
OFFSET 7.400835, -4.830588, 56.601185
BONES 2
BONE 17 0.900000
BONE 21 0.100000

VERT 48
OFFSET 6.631054, -6.479377, 57.184566
BONES 2
BONE 17 0.900000
BONE 21 0.100000

VERT 49
OFFSET -3.047346, -5.885294, 43.257977
BONES 2
BONE 1 0.900000
BONE 5 0.100000

VERT 50
OFFSET -3.187611, -5.098513, 43.057419
BONES 2
BONE 1 0.900000
BONE 5 0.100000

VERT 51
OFFSET -2.615426, -5.036873, 42.836411
BONES 2
BONE 1 0.900000
BONE 5 0.100000

VERT 52
OFFSET -3.149429, -6.515773, 42.718838
BONES 2
BONE 1 0.900000
BONE 5 0.100000

VERT 53
OFFSET -4.022346, -7.931808, 39.906353
BONES 2
BONE 1 0.900000
BONE 5 0.100000

VERT 54
OFFSET -2.432958, -5.819097, 43.020672
BONES 2
BONE 1 0.900000
BONE 5 0.100000

VERT 55
OFFSET -3.411825, -5.318053, 42.404831
BONES 2
BONE 1 0.900000
BONE 5 0.100000

VERT 56
OFFSET -3.218157, -6.363289, 42.667885
BONES 2
BONE 1 0.900000
BONE 5 0.100000

VERT 57
OFFSET -2.617906, -6.298635, 42.436020
BONES 2
BONE 1 0.900000
BONE 5 0.100000

VERT 58
OFFSET -2.846952, -5.257202, 42.186653
BONES 2
BONE 1 0.900000
BONE 5 0.100000

VERT 59
OFFSET -3.839314, -4.849079, 42.266777
BONES 2
BONE 1 0.900000
BONE 5 0.100000

VERT 60
OFFSET -4.135075, -5.555149, 42.594707
BONES 2
BONE 1 0.900000
BONE 5 0.100000

VERT 61
OFFSET -3.826593, -6.317196, 42.727627
BONES 2
BONE 1 0.900000
BONE 5 0.100000

VERT 62
OFFSET -2.731206, -6.570591, 42.422230
BONES 2
BONE 1 0.900000
BONE 5 0.100000

VERT 63
OFFSET -2.072073, -5.746280, 41.928875
BONES 2
BONE 1 0.900000
BONE 5 0.100000

VERT 64
OFFSET -2.380553, -4.984229, 41.795963
BONES 2
BONE 1 0.900000
BONE 5 0.100000

VERT 65
OFFSET -3.112566, -4.612594, 41.935928
BONES 2
BONE 1 0.900000
BONE 5 0.100000

VERT 66
OFFSET -4.559780, -5.912380, 37.825275
BONES 2
BONE 1 0.900000
BONE 5 0.100000

VERT 67
OFFSET -3.826539, -6.284629, 37.685089
BONES 2
BONE 1 0.900000
BONE 5 0.100000

VERT 68
OFFSET -3.517538, -7.047945, 37.818245
BONES 2
BONE 1 0.900000
BONE 5 0.100000

VERT 69
OFFSET -4.177763, -7.873625, 38.312443
BONES 2
BONE 1 0.900000
BONE 5 0.100000

VERT 70
OFFSET -5.274978, -7.619809, 38.618343
BONES 2
BONE 1 0.900000
BONE 5 0.100000

VERT 71
OFFSET -5.583980, -6.856495, 38.485188
BONES 2
BONE 1 0.900000
BONE 5 0.100000

VERT 72
OFFSET -5.287733, -6.149253, 38.156689
BONES 2
BONE 1 0.900000
BONE 5 0.100000

VERT 73
OFFSET -3.579112, -7.884057, 39.735161
BONES 2
BONE 1 0.900000
BONE 5 0.100000

VERT 74
OFFSET -2.600559, -6.456640, 42.506824
BONES 2
BONE 1 0.900000
BONE 5 0.100000

VERT 75
OFFSET 5.692283, -5.053168, 43.038887
BONES 2
BONE 1 0.900000
BONE 5 0.100000

VERT 76
OFFSET 5.224992, -4.443355, 42.741081
BONES 2
BONE 1 0.900000
BONE 5 0.100000

VERT 77
OFFSET 5.631605, -4.019613, 42.928562
BONES 2
BONE 1 0.900000
BONE 5 0.100000

VERT 78
OFFSET 6.312750, -5.403661, 42.602100
BONES 2
BONE 1 0.900000
BONE 5 0.100000

VERT 79
OFFSET 8.181494, -5.953978, 39.978725
BONES 2
BONE 1 0.900000
BONE 5 0.100000

VERT 80
OFFSET 6.128880, -4.598164, 43.240192
BONES 2
BONE 1 0.900000
BONE 5 0.100000

VERT 81
OFFSET 5.577904, -4.497609, 42.111126
BONES 2
BONE 1 0.900000
BONE 5 0.100000

VERT 82
OFFSET 6.204702, -5.302733, 42.508770
BONES 2
BONE 1 0.900000
BONE 5 0.100000

VERT 83
OFFSET 6.631267, -4.858209, 42.705444
BONES 2
BONE 1 0.900000
BONE 5 0.100000

VERT 84
OFFSET 5.979319, -4.079286, 42.296211
BONES 2
BONE 1 0.900000
BONE 5 0.100000

VERT 85
OFFSET 5.111633, -4.306056, 41.701683
BONES 2
BONE 1 0.900000
BONE 5 0.100000

VERT 86
OFFSET 5.210793, -5.124966, 41.816147
BONES 2
BONE 1 0.900000
BONE 5 0.100000

VERT 87
OFFSET 5.794896, -5.604118, 42.166550
BONES 2
BONE 1 0.900000
BONE 5 0.100000

VERT 88
OFFSET 6.743720, -5.123357, 42.641888
BONES 2
BONE 1 0.900000
BONE 5 0.100000

VERT 89
OFFSET 6.866494, -3.964968, 42.621689
BONES 2
BONE 1 0.900000
BONE 5 0.100000

VERT 90
OFFSET 6.282387, -3.485813, 42.271294
BONES 2
BONE 1 0.900000
BONE 5 0.100000

VERT 91
OFFSET 5.555498, -3.627095, 41.890217
BONES 2
BONE 1 0.900000
BONE 5 0.100000

VERT 92
OFFSET 7.706450, -3.922419, 37.894272
BONES 2
BONE 1 0.900000
BONE 5 0.100000

VERT 93
OFFSET 8.434541, -3.780899, 38.276001
BONES 2
BONE 1 0.900000
BONE 5 0.100000

VERT 94
OFFSET 9.019609, -4.260850, 38.627003
BONES 2
BONE 1 0.900000
BONE 5 0.100000

VERT 95
OFFSET 8.896623, -5.421171, 38.647255
BONES 2
BONE 1 0.900000
BONE 5 0.100000

VERT 96
OFFSET 7.946213, -5.902734, 38.171124
BONES 2
BONE 1 0.900000
BONE 5 0.100000

VERT 97
OFFSET 7.361152, -5.422782, 37.820114
BONES 2
BONE 1 0.900000
BONE 5 0.100000

VERT 98
OFFSET 7.261834, -4.602509, 37.705441
BONES 2
BONE 1 0.900000
BONE 5 0.100000

VERT 99
OFFSET 8.496465, -5.625734, 40.123955
BONES 2
BONE 1 0.900000
BONE 5 0.100000

VERT 100
OFFSET 6.702792, -4.997180, 42.781940
BONES 2
BONE 1 0.900000
BONE 5 0.100000

VERT 101
OFFSET -1.413615, -7.095878, 42.966782
BONES 2
BONE 1 0.900000
BONE 5 0.100000

VERT 102
OFFSET 0.001411, -8.252002, 40.145031
BONES 2
BONE 1 0.900000
BONE 5 0.100000

VERT 103
OFFSET -0.377567, -8.213619, 40.022369
BONES 2
BONE 1 0.900000
BONE 5 0.100000

VERT 104
OFFSET -1.517099, -7.445366, 42.085175
BONES 2
BONE 1 0.900000
BONE 5 0.100000

VERT 105
OFFSET -1.918449, -5.953076, 42.630295
BONES 2
BONE 1 0.900000
BONE 5 0.100000

VERT 106
OFFSET -1.869971, -6.465066, 41.767883
BONES 2
BONE 1 0.900000
BONE 5 0.100000

VERT 107
OFFSET -1.280852, -6.160331, 41.900421
BONES 2
BONE 1 0.900000
BONE 5 0.100000

VERT 108
OFFSET -0.805433, -7.077244, 42.245277
BONES 2
BONE 1 0.900000
BONE 5 0.100000

VERT 109
OFFSET -0.389538, -7.471973, 39.149303
BONES 2
BONE 1 0.900000
BONE 5 0.100000

VERT 110
OFFSET -0.150308, -6.779321, 39.112343
BONES 2
BONE 1 0.900000
BONE 5 0.100000

VERT 111
OFFSET -0.808807, -6.559479, 38.874767
BONES 2
BONE 1 0.900000
BONE 5 0.100000

VERT 112
OFFSET -1.048037, -7.252132, 38.911728
BONES 2
BONE 1 0.900000
BONE 5 0.100000

VERT 113
OFFSET -1.264741, -7.042062, 42.052525
BONES 2
BONE 1 0.900000
BONE 5 0.100000

VERT 114
OFFSET -1.008821, -6.301084, 42.012989
BONES 2
BONE 1 0.900000
BONE 5 0.100000

VERT 115
OFFSET -1.713263, -6.065905, 41.758835
BONES 2
BONE 1 0.900000
BONE 5 0.100000

VERT 116
OFFSET -1.969182, -6.806882, 41.798378
BONES 2
BONE 1 0.900000
BONE 5 0.100000

VERT 117
OFFSET -2.220557, -7.396639, 40.221989
BONES 2
BONE 1 0.900000
BONE 5 0.100000

VERT 118
OFFSET -1.597530, -5.592762, 40.125725
BONES 2
BONE 1 0.900000
BONE 5 0.100000

VERT 119
OFFSET 0.117398, -6.165295, 40.744450
BONES 2
BONE 1 0.900000
BONE 5 0.100000

VERT 120
OFFSET -0.505625, -7.969173, 40.840706
BONES 2
BONE 1 0.900000
BONE 5 0.100000

VERT 121
OFFSET -8.371503, -0.484429, 50.417095
BONES 3
BONE 5 0.214356
BONE 10 0.303430
BONE 17 0.482214

VERT 122
OFFSET -8.513099, -0.735683, 52.471676
BONES 3
BONE 5 0.135721
BONE 10 0.212108
BONE 17 0.652171

VERT 123
OFFSET -7.880731, -2.137321, 50.213909
BONES 3
BONE 5 0.316323
BONE 10 0.304003
BONE 17 0.379674

VERT 124
OFFSET 8.396358, -4.663681, 54.601902
BONES 5
BONE 5 0.131659
BONE 10 0.246531
BONE 17 0.620946
BONE 1 0.000865
BONE 6 0.000000

VERT 125
OFFSET 6.879459, -4.036672, 53.670155
BONES 5
BONE 5 0.186992
BONE 10 0.273241
BONE 17 0.538677
BONE 1 0.001090
BONE 6 0.000000

VERT 126
OFFSET 5.759996, -5.186754, 54.015400
BONES 7
BONE 5 0.192112
BONE 10 0.245312
BONE 17 0.561690
BONE 1 0.000885
BONE 6 0.000000
BONE 25 0.000000
BONE 22 0.000000

VERT 127
OFFSET 8.860445, -3.683988, 54.721550
BONES 4
BONE 5 0.101765
BONE 10 0.232462
BONE 17 0.665381
BONE 1 0.000392

VERT 128
OFFSET 9.388124, -4.809871, 53.378712
BONES 4
BONE 5 0.104345
BONE 10 0.215632
BONE 17 0.679785
BONE 1 0.000238

VERT 129
OFFSET 9.203772, -5.391880, 52.314289
BONES 4
BONE 5 0.108702
BONE 10 0.212463
BONE 17 0.678741
BONE 1 0.000094

VERT 130
OFFSET 7.880697, -2.674206, 53.560024
BONES 5
BONE 5 0.124621
BONE 10 0.282344
BONE 17 0.592396
BONE 1 0.000639
BONE 6 0.000000

VERT 131
OFFSET 7.209233, -5.724780, 54.417667
BONES 5
BONE 5 0.192875
BONE 10 0.257679
BONE 17 0.548584
BONE 1 0.000862
BONE 6 0.000000

VERT 132
OFFSET 9.002295, -5.564841, 53.214661
BONES 5
BONE 5 0.132108
BONE 10 0.258255
BONE 17 0.608826
BONE 1 0.000811
BONE 6 0.000000

VERT 133
OFFSET 8.414158, -6.159010, 53.206802
BONES 5
BONE 5 0.213279
BONE 10 0.269573
BONE 17 0.515889
BONE 1 0.001260
BONE 6 0.000000

VERT 134
OFFSET 9.862576, -3.968035, 53.759777
BONES 4
BONE 5 0.098140
BONE 10 0.199011
BONE 17 0.702758
BONE 1 0.000091

VERT 135
OFFSET 9.625225, -4.627557, 52.471516
BONES 4
BONE 5 0.106058
BONE 10 0.207154
BONE 17 0.686778
BONE 1 0.000010

VERT 136
OFFSET 9.547481, -4.933352, 51.458889
BONES 3
BONE 5 0.092567
BONE 10 0.214819
BONE 17 0.692614

VERT 137
OFFSET 9.700721, -4.639953, 51.517822
BONES 3
BONE 5 0.110196
BONE 10 0.211770
BONE 17 0.678034

VERT 138
OFFSET 7.550309, -4.690277, 43.180092
BONES 6
BONE 5 0.842823
BONE 10 0.145567
BONE 17 0.009697
BONE 3 0.000221
BONE 6 0.001691
BONE 4 0.000001

VERT 139
OFFSET 7.762516, -5.675404, 47.448513
BONES 4
BONE 5 0.612501
BONE 10 0.287710
BONE 17 0.099787
BONE 6 0.000002

VERT 140
OFFSET 8.012149, -2.972926, 43.380600
BONES 6
BONE 5 0.810858
BONE 10 0.169908
BONE 17 0.018434
BONE 3 0.000153
BONE 6 0.000647
BONE 4 0.000000

VERT 141
OFFSET 5.693387, -5.718020, 47.825378
BONES 6
BONE 5 0.599948
BONE 10 0.275799
BONE 17 0.124246
BONE 1 0.000006
BONE 3 0.000000
BONE 6 0.000001

VERT 142
OFFSET 8.756172, -2.424695, 47.481583
BONES 4
BONE 5 0.541533
BONE 10 0.277542
BONE 17 0.180925
BONE 6 0.000000

VERT 143
OFFSET 7.888675, -5.823900, 53.388737
BONES 5
BONE 5 0.200134
BONE 10 0.264996
BONE 17 0.532965
BONE 1 0.001905
BONE 6 0.000000

VERT 144
OFFSET 7.468698, -5.208869, 49.822098
BONES 4
BONE 5 0.424103
BONE 10 0.293930
BONE 17 0.281966
BONE 6 0.000002

VERT 145
OFFSET 6.259212, -4.846404, 50.261635
BONES 4
BONE 5 0.399967
BONE 10 0.294018
BONE 17 0.306014
BONE 6 0.000001

VERT 146
OFFSET 8.531427, -3.477562, 49.341236
BONES 4
BONE 5 0.329640
BONE 10 0.262868
BONE 17 0.407491
BONE 6 0.000000

VERT 147
OFFSET 9.469344, -3.763475, 53.233204
BONES 4
BONE 5 0.103247
BONE 10 0.201537
BONE 17 0.695134
BONE 1 0.000082

VERT 148
OFFSET 7.749871, -1.990922, 49.827259
BONES 4
BONE 5 0.323792
BONE 10 0.285104
BONE 17 0.391103
BONE 6 0.000000

VERT 149
OFFSET -1.923232, -5.702949, 54.132526
BONES 4
BONE 5 0.210790
BONE 10 0.285493
BONE 17 0.503628
BONE 1 0.000090

VERT 150
OFFSET 1.451281, -9.083435, 51.157043
BONES 4
BONE 5 0.323202
BONE 10 0.305303
BONE 17 0.371496
BONE 6 0.000000

VERT 151
OFFSET -0.180869, -7.465863, 54.065643
BONES 4
BONE 5 0.239481
BONE 10 0.280171
BONE 17 0.475117
BONE 1 0.005230

VERT 152
OFFSET 0.426533, -8.975764, 51.011143
BONES 4
BONE 5 0.343393
BONE 10 0.311726
BONE 17 0.344880
BONE 6 0.000000

VERT 153
OFFSET -0.056729, -5.877416, 53.951496
BONES 4
BONE 5 0.218529
BONE 10 0.269631
BONE 17 0.507231
BONE 1 0.004609

VERT 154
OFFSET 0.422190, -8.970001, 49.980427
BONES 4
BONE 5 0.427452
BONE 10 0.315009
BONE 17 0.257539
BONE 6 0.000000

VERT 155
OFFSET -1.896891, -7.264455, 53.933468
BONES 4
BONE 5 0.218654
BONE 10 0.288035
BONE 17 0.493081
BONE 1 0.000230

VERT 156
OFFSET -0.588585, -8.842265, 51.028675
BONES 3
BONE 5 0.368656
BONE 10 0.319090
BONE 17 0.312255

VERT 157
OFFSET -1.828007, -8.575759, 51.234924
BONES 4
BONE 5 0.386266
BONE 10 0.326908
BONE 17 0.286823
BONE 1 0.000004

VERT 158
OFFSET 1.565893, -7.529255, 54.006237
BONES 4
BONE 5 0.237909
BONE 10 0.263997
BONE 17 0.494203
BONE 1 0.003891

VERT 159
OFFSET -0.484106, -8.777772, 50.025143
BONES 3
BONE 5 0.435895
BONE 10 0.319524
BONE 17 0.244581

VERT 160
OFFSET -0.282017, -8.756109, 49.199608
BONES 4
BONE 5 0.497084
BONE 10 0.320360
BONE 17 0.182556
BONE 6 0.000000

VERT 161
OFFSET 0.171980, -8.880941, 49.180374
BONES 4
BONE 5 0.499448
BONE 10 0.319117
BONE 17 0.181436
BONE 6 0.000000

VERT 162
OFFSET 2.159083, -7.378461, 55.403492
BONES 4
BONE 5 0.209582
BONE 10 0.248040
BONE 17 0.537427
BONE 1 0.004952

VERT 163
OFFSET 2.145488, -6.049289, 55.163509
BONES 7
BONE 5 0.186314
BONE 10 0.230290
BONE 17 0.579426
BONE 1 0.003918
BONE 25 0.000011
BONE 22 0.000040
BONE 39 0.000000

VERT 164
OFFSET 1.848459, -5.850323, 53.881302
BONES 5
BONE 5 0.209863
BONE 10 0.246748
BONE 17 0.540494
BONE 1 0.002895
BONE 6 0.000000

VERT 165
OFFSET 4.873781, -8.357247, 54.179981
BONES 5
BONE 5 0.239702
BONE 10 0.256788
BONE 17 0.492421
BONE 1 0.011088
BONE 6 0.000000

VERT 166
OFFSET 3.949816, -7.010279, 55.808510
BONES 7
BONE 5 0.192978
BONE 10 0.229436
BONE 17 0.575155
BONE 1 0.002270
BONE 25 0.000033
BONE 22 0.000126
BONE 39 0.000002

VERT 167
OFFSET 3.868518, -5.849763, 55.192730
BONES 11
BONE 5 0.138276
BONE 10 0.171049
BONE 17 0.584136
BONE 21 0.051881
BONE 31 0.000002
BONE 38 0.019711
BONE 24 0.032729
BONE 1 0.001409
BONE 25 0.000170
BONE 22 0.000627
BONE 39 0.000009

VERT 168
OFFSET 5.071445, -8.627640, 53.230816
BONES 5
BONE 5 0.291237
BONE 10 0.287518
BONE 17 0.408564
BONE 1 0.012680
BONE 6 0.000000

VERT 169
OFFSET 2.510455, -8.653056, 54.115192
BONES 5
BONE 5 0.276897
BONE 10 0.284892
BONE 17 0.435801
BONE 1 0.002410
BONE 6 0.000000

VERT 170
OFFSET 3.862096, -8.400824, 54.002628
BONES 5
BONE 5 0.271261
BONE 10 0.277104
BONE 17 0.438129
BONE 1 0.013506
BONE 6 0.000000

VERT 171
OFFSET 3.675557, -5.472429, 54.066383
BONES 8
BONE 5 0.190019
BONE 10 0.227255
BONE 17 0.580025
BONE 1 0.002439
BONE 6 0.000000
BONE 25 0.000054
BONE 22 0.000205
BONE 39 0.000003

VERT 172
OFFSET 5.815461, -8.250195, 54.586105
BONES 4
BONE 5 0.129624
BONE 10 0.188912
BONE 17 0.681185
BONE 1 0.000280

VERT 173
OFFSET 5.647280, -6.879728, 55.842453
BONES 6
BONE 5 0.127618
BONE 10 0.183412
BONE 17 0.688784
BONE 1 0.000185
BONE 25 0.000000
BONE 22 0.000000

VERT 174
OFFSET 5.464144, -5.762914, 54.966358
BONES 6
BONE 5 0.155584
BONE 10 0.208805
BONE 17 0.635276
BONE 1 0.000334
BONE 25 0.000000
BONE 22 0.000001

VERT 175
OFFSET 4.120843, -8.621722, 53.110252
BONES 5
BONE 5 0.296255
BONE 10 0.291320
BONE 17 0.399126
BONE 1 0.013298
BONE 6 0.000000

VERT 176
OFFSET 4.520369, -8.914680, 52.521606
BONES 5
BONE 5 0.298660
BONE 10 0.293671
BONE 17 0.405828
BONE 1 0.001841
BONE 6 0.000000

VERT 177
OFFSET 4.843727, -8.838569, 52.558964
BONES 5
BONE 5 0.296571
BONE 10 0.292069
BONE 17 0.409338
BONE 1 0.002022
BONE 6 0.000000

VERT 178
OFFSET 5.415201, -7.537429, 44.640842
BONES 6
BONE 5 0.768833
BONE 10 0.209982
BONE 17 0.021023
BONE 3 0.000008
BONE 6 0.000154
BONE 4 0.000000

VERT 179
OFFSET 5.558451, -7.775666, 47.837994
BONES 5
BONE 5 0.583451
BONE 10 0.285488
BONE 17 0.131060
BONE 1 0.000000
BONE 6 0.000000

VERT 180
OFFSET 5.555788, -5.281012, 51.523289
BONES 5
BONE 5 0.311161
BONE 10 0.286380
BONE 17 0.401600
BONE 1 0.000858
BONE 6 0.000001

VERT 181
OFFSET 5.806670, -7.222687, 51.262268
BONES 5
BONE 5 0.391203
BONE 10 0.299563
BONE 17 0.302287
BONE 1 0.006946
BONE 6 0.000000

VERT 182
OFFSET 1.831438, -8.660644, 47.782101
BONES 4
BONE 5 0.587887
BONE 10 0.294212
BONE 17 0.117901
BONE 6 0.000000

VERT 183
OFFSET 1.750250, -8.206612, 44.409046
BONES 6
BONE 5 0.766682
BONE 10 0.213559
BONE 17 0.019650
BONE 3 0.000014
BONE 6 0.000096
BONE 4 0.000000

VERT 184
OFFSET 2.039250, -8.528478, 51.026035
BONES 4
BONE 5 0.365288
BONE 10 0.310767
BONE 17 0.323945
BONE 6 0.000000

VERT 185
OFFSET -2.337832, -7.976503, 44.612907
BONES 6
BONE 5 0.730072
BONE 10 0.237549
BONE 17 0.032367
BONE 3 0.000001
BONE 7 0.000010
BONE 4 0.000001

VERT 186
OFFSET -2.297591, -8.019340, 47.797623
BONES 4
BONE 5 0.574833
BONE 10 0.297444
BONE 17 0.127722
BONE 7 0.000000

VERT 187
OFFSET -2.148255, -7.900640, 51.235771
BONES 3
BONE 5 0.377908
BONE 10 0.323265
BONE 17 0.298827

VERT 188
OFFSET 1.923637, -7.209604, 51.243656
BONES 5
BONE 5 0.379371
BONE 10 0.311641
BONE 17 0.308827
BONE 1 0.000161
BONE 6 0.000000

VERT 189
OFFSET -1.920776, -6.174441, 51.349323
BONES 3
BONE 5 0.361840
BONE 10 0.320899
BONE 17 0.317261

VERT 190
OFFSET -2.006891, -6.393278, 44.066002
BONES 7
BONE 5 0.758129
BONE 10 0.221775
BONE 17 0.020053
BONE 3 0.000002
BONE 6 0.000000
BONE 7 0.000037
BONE 4 0.000004

VERT 191
OFFSET -6.085543, -6.442739, 44.619534
BONES 6
BONE 5 0.746147
BONE 10 0.228033
BONE 17 0.025435
BONE 3 0.000000
BONE 7 0.000367
BONE 4 0.000018

VERT 192
OFFSET -5.887485, -6.895972, 47.858025
BONES 4
BONE 5 0.570733
BONE 10 0.293552
BONE 17 0.135714
BONE 7 0.000000

VERT 193
OFFSET -5.623363, -6.385085, 51.372871
BONES 3
BONE 5 0.329779
BONE 10 0.325296
BONE 17 0.344925

VERT 194
OFFSET -5.483523, -4.941868, 48.073715
BONES 3
BONE 5 0.550089
BONE 10 0.297471
BONE 17 0.152440

VERT 195
OFFSET -5.120996, -4.266053, 51.839195
BONES 3
BONE 5 0.308105
BONE 10 0.319217
BONE 17 0.372678

VERT 196
OFFSET -5.387454, -4.945169, 44.205311
BONES 6
BONE 5 0.757813
BONE 10 0.219741
BONE 17 0.021748
BONE 3 0.000001
BONE 7 0.000666
BONE 4 0.000032

VERT 197
OFFSET -3.518934, -5.229333, 54.086369
BONES 7
BONE 5 0.186675
BONE 10 0.273133
BONE 17 0.535619
BONE 21 0.000876
BONE 38 0.000052
BONE 24 0.000879
BONE 1 0.002766

VERT 198
OFFSET -5.083412, -4.533658, 54.118546
BONES 3
BONE 5 0.171367
BONE 10 0.285983
BONE 17 0.542649

VERT 199
OFFSET -3.893574, -6.913628, 53.933800
BONES 7
BONE 5 0.224286
BONE 10 0.296498
BONE 17 0.479105
BONE 21 0.000022
BONE 38 0.000001
BONE 24 0.000022
BONE 1 0.000067

VERT 200
OFFSET -3.771396, -7.606843, 50.999817
BONES 3
BONE 5 0.385969
BONE 10 0.325038
BONE 17 0.288993

VERT 201
OFFSET -3.436420, -5.169931, 54.396748
BONES 7
BONE 5 0.185295
BONE 10 0.271999
BONE 17 0.537743
BONE 21 0.000962
BONE 38 0.000057
BONE 24 0.000964
BONE 1 0.002980

VERT 202
OFFSET -3.853247, -7.521926, 50.079666
BONES 3
BONE 5 0.441436
BONE 10 0.321573
BONE 17 0.236991

VERT 203
OFFSET -5.525187, -6.171196, 53.689087
BONES 3
BONE 5 0.189559
BONE 10 0.296666
BONE 17 0.513775

VERT 204
OFFSET -5.856908, -7.228039, 51.350426
BONES 3
BONE 5 0.344924
BONE 10 0.327661
BONE 17 0.327415

VERT 205
OFFSET -4.618308, -7.114987, 51.102051
BONES 3
BONE 5 0.372089
BONE 10 0.321371
BONE 17 0.306540

VERT 206
OFFSET -2.879856, -8.345005, 51.090134
BONES 3
BONE 5 0.388305
BONE 10 0.329579
BONE 17 0.282116

VERT 207
OFFSET -2.407977, -7.225397, 53.721859
BONES 6
BONE 5 0.232476
BONE 10 0.293861
BONE 17 0.473662
BONE 21 0.000001
BONE 38 0.000000
BONE 24 0.000001

VERT 208
OFFSET -4.752284, -7.171196, 50.159969
BONES 3
BONE 5 0.427307
BONE 10 0.321757
BONE 17 0.250936

VERT 209
OFFSET -4.582156, -7.281701, 49.278397
BONES 3
BONE 5 0.483432
BONE 10 0.324382
BONE 17 0.192186

VERT 210
OFFSET -4.203164, -7.441944, 49.233398
BONES 3
BONE 5 0.486727
BONE 10 0.323935
BONE 17 0.189338

VERT 211
OFFSET -6.784737, 5.335852, 50.551895
BONES 4
BONE 5 0.210012
BONE 10 0.402525
BONE 17 0.370596
BONE 1 0.016867

VERT 212
OFFSET -5.740716, 5.385049, 48.756828
BONES 4
BONE 5 0.371073
BONE 10 0.331016
BONE 17 0.245687
BONE 1 0.052223

VERT 213
OFFSET -6.386136, 5.600062, 50.256218
BONES 9
BONE 5 0.223796
BONE 10 0.403827
BONE 17 0.351269
BONE 21 0.000000
BONE 1 0.020990
BONE 25 0.000001
BONE 22 0.000055
BONE 39 0.000062
BONE 32 0.000000

VERT 214
OFFSET -8.338899, 0.982126, 46.600342
BONES 3
BONE 5 0.542015
BONE 10 0.288528
BONE 17 0.169458

VERT 215
OFFSET 7.979636, 4.359314, 50.685024
BONES 6
BONE 5 0.261318
BONE 10 0.310452
BONE 17 0.421399
BONE 1 0.006828
BONE 6 0.000002
BONE 7 0.000000

VERT 216
OFFSET 8.722651, 2.310667, 49.918098
BONES 5
BONE 5 0.270068
BONE 10 0.288545
BONE 17 0.440855
BONE 1 0.000532
BONE 6 0.000000

VERT 217
OFFSET 7.310691, 4.554204, 49.375195
BONES 6
BONE 5 0.317897
BONE 10 0.318166
BONE 17 0.339556
BONE 1 0.024379
BONE 6 0.000003
BONE 7 0.000000

VERT 218
OFFSET 8.388488, 2.519023, 48.121662
BONES 5
BONE 5 0.404677
BONE 10 0.302946
BONE 17 0.281530
BONE 1 0.010847
BONE 6 0.000000

VERT 219
OFFSET 7.743106, 2.395247, 46.707653
BONES 5
BONE 5 0.505598
BONE 10 0.301195
BONE 17 0.183600
BONE 1 0.009607
BONE 6 0.000000

VERT 220
OFFSET -6.695913, 2.152265, 60.364521
BONES 11
BONE 5 0.000401
BONE 10 0.007548
BONE 17 0.239931
BONE 21 0.000038
BONE 24 0.000396
BONE 1 0.000001
BONE 25 0.201687
BONE 22 0.398951
BONE 39 0.150395
BONE 32 0.000652
BONE 34 0.000000

VERT 221
OFFSET -6.643174, 4.289944, 58.419453
BONES 12
BONE 5 0.006465
BONE 10 0.041726
BONE 17 0.246147
BONE 21 0.000147
BONE 24 0.000826
BONE 1 0.000028
BONE 25 0.118111
BONE 22 0.336039
BONE 39 0.245083
BONE 32 0.005426
