// Export filename: 'C:/projects/cod/t5/model_export/cuban/characters/cod7/tropas/mp/_c_cub_tropas_mp_body_flak_LOD2.XMODEL_EXPORT'
// Source filename: 'd:/projects/devart/t5/model_export/cuban/characters/cod7/tropas/mp/_c_cub_tropas_mp_flak.ma'
// Export time: Sat Sep 11 15:57:04 2010
MODEL
VERSION 6

NUMBONES 78
BONE 0 -1 "TAG_ORIGIN"
BONE 1 0 "J_MainRoot"
BONE 2 0 "TAG_SYNC"
BONE 3 1 "J_Hip_LE"
BONE 4 1 "J_Hip_RI"
BONE 5 1 "J_SpineLower"
BONE 6 1 "TAG_STOWED_DEPLOY"
BONE 7 3 "J_HipTwist_LE"
BONE 8 4 "J_HipTwist_RI"
BONE 9 3 "J_Knee_LE"
BONE 10 4 "J_Knee_RI"
BONE 11 5 "J_SpineUpper"
BONE 12 5 "TAG_STOWED_TACTICAL"
BONE 13 9 "J_Ankle_LE"
BONE 14 10 "J_Ankle_RI"
BONE 15 9 "J_Knee_Bulge_LE"
BONE 16 10 "J_Knee_Bulge_RI"
BONE 17 11 "J_Spine4"
BONE 18 11 "TAG_STOWED_BACKPACK"
BONE 19 11 "TAG_STOWED_LETHAL"
BONE 20 13 "J_Ball_LE"
BONE 21 14 "J_Ball_RI"
BONE 22 17 "J_Clavicle_LE"
BONE 23 17 "J_Clavicle_RI"
BONE 24 17 "J_Neck"
BONE 25 17 "J_ShoulderRaise_LE"
BONE 26 17 "J_ShoulderRaise_RI"
BONE 27 17 "TAG_INHAND"
BONE 28 17 "TAG_STOWED_BACK"
BONE 29 17 "TAG_WEAPON_CHEST"
BONE 30 24 "J_Head"
BONE 31 22 "J_Shoulder_LE"
BONE 32 23 "J_Shoulder_RI"
BONE 33 31 "J_Elbow_Bulge_LE"
BONE 34 32 "J_Elbow_Bulge_RI"
BONE 35 31 "J_Elbow_LE"
BONE 36 32 "J_Elbow_RI"
BONE 37 30 "J_Head_END"
BONE 38 30 "J_Jaw"
BONE 39 31 "J_ShoulderTwist_LE"
BONE 40 32 "J_ShoulderTwist_RI"
BONE 41 37 "J_Helmet"
BONE 42 35 "J_Wrist_LE"
BONE 43 36 "J_Wrist_RI"
BONE 44 35 "J_WristTwist_LE"
BONE 45 36 "J_WristTwist_RI"
BONE 46 42 "J_Index_LE_1"
BONE 47 43 "J_Index_RI_1"
BONE 48 42 "J_Mid_LE_1"
BONE 49 43 "J_Mid_RI_1"
BONE 50 42 "J_Pinky_LE_1"
BONE 51 43 "J_Pinky_RI_1"
BONE 52 42 "J_Ring_LE_1"
BONE 53 43 "J_Ring_RI_1"
BONE 54 42 "J_Thumb_LE_1"
BONE 55 43 "J_Thumb_RI_1"
BONE 56 42 "TAG_WEAPON_LEFT"
BONE 57 43 "TAG_WEAPON_RIGHT"
BONE 58 46 "J_Index_LE_2"
BONE 59 47 "J_Index_RI_2"
BONE 60 48 "J_Mid_LE_2"
BONE 61 49 "J_Mid_RI_2"
BONE 62 50 "J_Pinky_LE_2"
BONE 63 51 "J_Pinky_RI_2"
BONE 64 52 "J_Ring_LE_2"
BONE 65 53 "J_Ring_RI_2"
BONE 66 54 "J_Thumb_LE_2"
BONE 67 55 "J_Thumb_RI_2"
BONE 68 58 "J_Index_LE_3"
BONE 69 59 "J_Index_RI_3"
BONE 70 60 "J_Mid_LE_3"
BONE 71 61 "J_Mid_RI_3"
BONE 72 62 "J_Pinky_LE_3"
BONE 73 63 "J_Pinky_RI_3"
BONE 74 64 "J_Ring_LE_3"
BONE 75 65 "J_Ring_RI_3"
BONE 76 66 "J_Thumb_LE_3"
BONE 77 67 "J_Thumb_RI_3"

BONE 0
OFFSET 0.000002, -2.222000, 0.000042
SCALE 1.000000, 1.000000, 1.000000
X -0.000000, -1.000000, -0.000001
Y 1.000000, -0.000000, 0.000000
Z -0.000000, -0.000001, 1.000000

BONE 1
OFFSET 0.000082, 1.218927, 37.228020
SCALE 1.000000, 1.000000, 1.000000
X 0.000005, 0.024825, 0.999692
Y 0.000006, -0.999692, 0.024825
Z 1.000000, 0.000006, -0.000005

BONE 2
OFFSET 0.000002, -2.219720, 0.000042
SCALE 1.000000, 1.000000, 1.000000
X -0.000000, -1.000000, -0.000003
Y 1.000000, -0.000000, 0.000000
Z -0.000000, -0.000003, 1.000000

BONE 3
OFFSET 4.865472, 1.218951, 37.228016
SCALE 1.000000, 1.000000, 1.000000
X -0.008941, 0.033879, -0.999386
Y -0.004877, -0.999415, -0.033837
Z -0.999948, 0.004571, 0.009101

BONE 4
OFFSET -4.865293, 1.218927, 37.227978
SCALE 1.000000, 1.000000, 1.000000
X -0.008909, -0.033842, 0.999388
Y -0.004870, 0.999417, 0.033800
Z -0.999948, -0.004566, -0.009069

BONE 5
OFFSET 0.000089, 1.148792, 42.432632
SCALE 1.000000, 1.000000, 1.000000
X 0.000001, 0.029870, 0.999554
Y -0.000002, -0.999554, 0.029870
Z 1.000000, -0.000002, -0.000001

BONE 6
OFFSET 2.231514, 5.592212, 37.733658
SCALE 1.000000, 1.000000, 1.000000
X 0.156049, 0.987713, 0.008538
Y -0.984449, 0.156227, -0.080337
Z -0.080684, 0.004131, 0.996731

BONE 7
OFFSET 4.837310, 1.325658, 34.080341
SCALE 1.000000, 1.000000, 1.000000
X -0.008941, 0.033879, -0.999386
Y -0.004864, -0.999416, -0.033837
Z -0.999948, 0.004558, 0.009101

BONE 8
OFFSET -4.837236, 1.325506, 34.080624
SCALE 1.000000, 1.000000, 1.000000
X -0.008909, -0.033842, 0.999388
Y -0.004874, 0.999417, 0.033800
Z -0.999948, -0.004570, -0.009069

BONE 9
OFFSET 4.708874, 1.812570, 19.727123
SCALE 1.000000, 1.000000, 1.000000
X -0.008203, 0.166937, -0.985933
Y -0.006021, -0.985957, -0.166891
Z -0.999948, 0.004567, 0.009093

BONE 10
OFFSET -4.708568, 1.812141, 19.727461
SCALE 1.000000, 1.000000, 1.000000
X -0.008167, -0.166975, 0.985927
Y -0.006022, 0.985950, 0.166929
Z -0.999949, -0.004574, -0.009057

BONE 11
OFFSET 0.000094, 1.131313, 47.652164
SCALE 1.000000, 1.000000, 1.000000
X 0.000003, -0.020406, 0.999792
Y 0.000005, -0.999792, -0.020406
Z 1.000000, 0.000006, -0.000003

BONE 12
OFFSET -4.220604, -4.661407, 38.400734
SCALE 1.000000, 1.000000, 1.000000
X -0.504760, -0.862921, -0.024197
Y 0.701845, -0.393898, -0.593513
Z 0.502623, -0.316564, 0.804461

BONE 13
OFFSET 4.584381, 4.343949, 4.776942
SCALE 1.000000, 1.000000, 1.000000
X -0.000000, -0.008729, -0.999962
Y 0.016577, -0.999824, 0.008728
Z -0.999863, -0.016577, 0.000145

BONE 14
OFFSET -4.584069, 4.344151, 4.777238
SCALE 1.000000, 1.000000, 1.000000
X 0.000009, 0.008730, 0.999962
Y 0.016581, 0.999824, -0.008729
Z -0.999862, 0.016581, -0.000136

BONE 15
OFFSET 4.700433, -0.061928, 19.740456
SCALE 1.000000, 1.000000, 1.000000
X -0.000006, 0.029848, 0.999554
Y -0.000002, -0.999554, 0.029848
Z 1.000000, -0.000002, 0.000006

BONE 16
OFFSET -4.688321, -0.066477, 19.765478
SCALE 1.000000, 1.000000, 1.000000
X -0.000042, -0.029855, -0.999554
Y -0.000010, 0.999554, -0.029855
Z 1.000000, 0.000009, -0.000042

BONE 17
OFFSET 0.000090, 1.067745, 51.758411
SCALE 1.000000, 1.000000, 1.000000
X 0.000002, -0.047080, 0.998891
Y 0.000010, -0.998891, -0.047080
Z 1.000000, 0.000011, -0.000001

BONE 18
OFFSET 0.002056, 7.939955, 50.851307
SCALE 1.000000, 1.000000, 1.000000
X -0.002312, 0.998623, 0.052401
Y -0.999994, -0.002453, 0.002620
Z 0.002745, -0.052394, 0.998623

BONE 19
OFFSET 5.514523, -5.920499, 50.897633
SCALE 1.000000, 1.000000, 1.000000
X 0.665766, -0.744829, 0.044553
Y 0.746074, 0.665413, -0.024493
Z -0.011403, 0.049546, 0.998707

BONE 20
OFFSET 4.746620, -1.234840, 0.330913
SCALE 1.000000, 1.000000, 1.000000
X 0.016342, -0.983115, 0.182258
Y -0.002855, 0.182235, 0.983251
Z -0.999862, -0.016588, 0.000171

BONE 21
OFFSET -4.746290, -1.234591, 0.331138
SCALE 1.000000, 1.000000, 1.000000
X 0.016296, 0.983125, -0.182210
Y -0.002898, -0.182187, -0.983260
Z -0.999863, 0.016551, -0.000120

BONE 22
OFFSET 1.356609, 1.015539, 56.400341
SCALE 1.000000, 1.000000, 1.000000
X 0.997183, -0.019399, 0.072449
Y 0.018071, 0.999657, 0.018947
Z -0.072792, -0.017584, 0.997192

BONE 23
OFFSET -1.356719, 1.015542, 56.400444
SCALE 1.000000, 1.000000, 1.000000
X 0.997186, 0.019411, -0.072414
Y 0.018084, -0.999657, -0.018932
Z -0.072757, 0.017569, -0.997195

BONE 24
OFFSET 0.000058, 0.503915, 60.542107
SCALE 1.000000, 1.000000, 1.000000
X 0.000005, -0.309757, 0.950816
Y 0.000009, -0.950816, -0.309757
Z 1.000000, 0.000010, -0.000002

BONE 25
OFFSET 4.025334, 0.920922, 58.859638
SCALE 1.000000, 1.000000, 1.000000
X -0.997186, 0.019392, -0.072414
Y -0.018067, -0.999658, -0.018910
Z -0.072756, -0.017549, 0.997195

BONE 26
OFFSET -4.025115, 0.920835, 58.859825
SCALE 1.000000, 1.000000, 1.000000
X -0.997185, -0.019413, 0.072417
Y -0.018088, 0.999658, 0.018910
Z -0.072759, 0.017547, -0.997195

BONE 27
OFFSET -28.519920, -12.713210, 38.935009
SCALE 1.000000, 1.000000, 1.000000
X 1.000000, 0.000011, -0.000001
Y 0.000007, -0.764281, -0.644884
Z -0.000008, 0.644884, -0.764281

BONE 28
OFFSET -3.220328, 7.139530, 49.756954
SCALE 1.000000, 1.000000, 1.000000
X -0.083352, 0.038091, -0.995792
Y 0.176876, -0.982837, -0.052401
Z -0.980697, -0.180500, 0.075184

BONE 29
OFFSET -28.519920, -12.713210, 38.935009
SCALE 1.000000, 1.000000, 1.000000
X 0.000011, -1.000000, 0.000001
Y 1.000000, 0.000011, -0.000001
Z 0.000001, 0.000001, 1.000000

BONE 30
OFFSET 0.000057, -0.306903, 63.520969
SCALE 1.000000, 1.000000, 1.000000
X -0.000007, -0.216434, 0.976297
Y 0.000005, -0.976297, -0.216434
Z 1.000000, 0.000004, 0.000008

BONE 31
OFFSET 7.725458, 0.891629, 56.863182
SCALE 1.000000, 1.000000, 1.000000
X 0.662981, -0.260696, -0.701779
Y 0.273873, 0.956889, -0.096732
Z 0.696743, -0.128067, 0.705796

BONE 32
OFFSET -7.725506, 0.891564, 56.862965
SCALE 1.000000, 1.000000, 1.000000
X 0.662960, 0.260726, 0.701788
Y 0.273916, -0.956876, 0.096734
Z 0.696745, 0.128101, -0.705788

BONE 33
OFFSET 15.846270, -1.632336, 48.642548
SCALE 1.000000, 1.000000, 1.000000
X 0.294563, -0.846066, -0.444303
Y 0.654051, 0.517466, -0.551767
Z 0.696743, -0.128067, 0.705796

BONE 34
OFFSET -15.846113, -1.632834, 48.642265
SCALE 1.000000, 1.000000, 1.000000
X 0.294518, 0.846079, 0.444308
Y 0.654068, -0.517437, 0.551773
Z 0.696745, 0.128101, -0.705788

BONE 35
OFFSET 15.742274, -1.805675, 48.713013
SCALE 1.000000, 1.000000, 1.000000
X 0.294845, -0.845858, -0.444512
Y 0.653923, 0.517813, -0.551593
Z 0.696743, -0.128042, 0.705801

BONE 36
OFFSET -15.742270, -1.806072, 48.712933
SCALE 1.000000, 1.000000, 1.000000
X 0.294819, 0.845861, 0.444523
Y 0.653933, -0.517800, 0.551592
Z 0.696745, 0.128069, -0.705794

BONE 37
OFFSET -0.000527, -1.399727, 69.807846
SCALE 1.000000, 1.000000, 1.000000
X -0.000007, -0.216434, 0.976297
Y 0.000005, -0.976297, -0.216434
Z 1.000000, 0.000004, 0.000008

BONE 38
OFFSET 0.000054, -1.379337, 63.662735
SCALE 1.000000, 1.000000, 1.000000
X 1.000000, 0.000000, 0.000000
Y 0.000000, -0.000000, 1.000000
Z 0.000000, -1.000000, -0.000000

BONE 39
OFFSET 8.032188, 0.771017, 56.538502
SCALE 1.000000, 1.000000, 1.000000
X 0.662981, -0.260696, -0.701779
Y 0.273875, 0.956889, -0.096730
Z 0.696742, -0.128070, 0.705797

BONE 40
OFFSET -8.001591, 0.782987, 56.570709
SCALE 1.000000, 1.000000, 1.000000
X 0.662960, 0.260726, 0.701788
Y 0.273908, -0.956878, 0.096742
Z 0.696748, 0.128089, -0.705787

BONE 41
OFFSET -0.000540, -0.362329, 71.243195
SCALE 1.000000, 1.000000, 1.000000
X 0.000005, -0.999048, 0.043625
Y 1.000000, 0.000005, 0.000005
Z -0.000005, 0.043625, 0.999048

BONE 42
OFFSET 18.585669, -10.419226, 44.089733
SCALE 1.000000, 1.000000, 1.000000
X 0.299004, -0.782064, -0.546784
Y -0.792522, 0.115636, -0.598779
Z 0.531512, 0.612376, -0.585227

BONE 43
OFFSET -18.585567, -10.419399, 44.089657
SCALE 1.000000, 1.000000, 1.000000
X 0.299011, 0.782058, 0.546788
Y -0.792524, -0.115633, 0.598778
Z 0.531506, -0.612384, 0.585224

BONE 44
OFFSET 17.753496, -7.897926, 45.442410
SCALE 1.000000, 1.000000, 1.000000
X 0.294846, -0.845857, -0.444513
Y 0.653930, 0.517812, -0.551585
Z 0.696736, -0.128048, 0.705806

BONE 45
OFFSET -17.753546, -7.898361, 45.442448
SCALE 1.000000, 1.000000, 1.000000
X 0.294819, 0.845861, 0.444523
Y 0.653933, -0.517800, 0.551592
Z 0.696745, 0.128069, -0.705794

BONE 46
OFFSET 18.943596, -14.118733, 43.296165
SCALE 1.000000, 1.000000, 1.000000
X 0.252533, -0.921880, -0.293878
Y -0.670074, 0.052482, -0.740436
Z 0.698017, 0.383905, -0.604475

BONE 47
OFFSET -18.943485, -14.118932, 43.296089
SCALE 1.000000, 1.000000, 1.000000
X 0.252692, 0.921873, 0.293763
Y -0.670040, -0.052297, 0.740480
Z 0.697992, -0.383946, 0.604477

BONE 48
OFFSET 19.641989, -13.608097, 42.701954
SCALE 1.000000, 1.000000, 1.000000
X 0.066843, -0.793765, -0.604540
Y -0.837155, 0.285040, -0.466823
Z 0.542866, 0.537298, -0.645452

BONE 49
OFFSET -19.641909, -13.608223, 42.701809
SCALE 1.000000, 1.000000, 1.000000
X 0.066887, 0.793771, 0.604528
Y -0.837171, -0.284987, 0.466827
Z 0.542836, -0.537317, 0.645460

BONE 50
OFFSET 20.410118, -12.159682, 41.480377
SCALE 1.000000, 1.000000, 1.000000
X -0.099274, -0.722106, -0.684623
Y -0.848031, 0.421335, -0.321434
Z 0.520565, 0.548671, -0.654195

BONE 51
OFFSET -20.410091, -12.159837, 41.480251
SCALE 1.000000, 1.000000, 1.000000
X -0.099304, 0.722089, 0.684635
Y -0.848020, -0.421369, 0.321418
Z 0.520577, -0.548666, 0.654190

BONE 52
OFFSET 20.114302, -12.876246, 42.061901
SCALE 1.000000, 1.000000, 1.000000
X -0.006006, -0.738898, -0.673791
Y -0.878970, 0.325202, -0.348791
Z 0.476839, 0.590147, -0.651422

BONE 53
OFFSET -20.114208, -12.876396, 42.061890
SCALE 1.000000, 1.000000, 1.000000
X -0.005979, 0.738908, 0.673780
Y -0.878978, -0.325169, 0.348801
Z 0.476825, -0.590152, 0.651428

BONE 54
OFFSET 18.473015, -11.541899, 44.177650
SCALE 1.000000, 1.000000, 1.000000
X -0.766327, -0.594301, -0.244027
Y 0.525231, -0.360813, -0.770679
Z 0.369968, -0.718763, 0.588646

BONE 55
OFFSET -18.472874, -11.542074, 44.177635
SCALE 1.000000, 1.000000, 1.000000
X -0.766329, 0.594294, 0.244036
Y 0.525229, 0.360803, 0.770685
Z 0.369965, 0.718773, -0.588635

BONE 56
OFFSET -28.519896, -12.719981, 38.932270
SCALE 1.000000, 1.000000, 1.000000
X 0.000190, -1.000000, -0.000189
Y 1.000000, 0.000190, 0.000053
Z -0.000053, -0.000189, 1.000000

BONE 57
OFFSET -28.520119, -12.709172, 38.935143
SCALE 1.000000, 1.000000, 1.000000
X -0.000199, -1.000000, -0.000195
Y 0.998877, -0.000190, -0.047381
Z 0.047381, -0.000205, 0.998877

BONE 58
OFFSET 19.335176, -15.548034, 42.840546
SCALE 1.000000, 1.000000, 1.000000
X -0.305493, -0.603804, -0.736271
Y -0.647669, 0.698577, -0.304162
Z 0.697997, 0.383940, -0.604476

BONE 59
OFFSET -19.335234, -15.548249, 42.840523
SCALE 1.000000, 1.000000, 1.000000
X -0.305842, 0.603512, 0.736365
Y -0.647460, -0.698892, 0.303884
Z 0.698038, -0.383827, 0.604500

BONE 60
OFFSET 19.766018, -15.080857, 41.580357
SCALE 1.000000, 1.000000, 1.000000
X -0.742584, -0.051931, -0.667737
Y -0.392291, 0.841795, 0.370795
Z 0.542841, 0.537294, -0.645475

BONE 61
OFFSET -19.765930, -15.081016, 41.579948
SCALE 1.000000, 1.000000, 1.000000
X -0.742558, 0.051921, 0.667766
Y -0.392315, -0.841780, -0.370804
Z 0.542860, -0.537318, 0.645439

BONE 62
OFFSET 20.291075, -13.025280, 40.659801
SCALE 1.000000, 1.000000, 1.000000
X -0.734217, -0.103408, -0.670993
Y -0.435791, 0.829631, 0.348997
Z 0.520587, 0.548653, -0.654194

BONE 63
OFFSET -20.291012, -13.025424, 40.659672
SCALE 1.000000, 1.000000, 1.000000
X -0.734208, 0.103424, 0.671001
Y -0.435814, -0.829619, -0.348996
Z 0.520581, -0.548667, 0.654187

BONE 64
OFFSET 20.104219, -14.119193, 40.928596
SCALE 1.000000, 1.000000, 1.000000
X -0.750598, -0.112264, -0.651152
Y -0.457408, 0.799450, 0.389433
Z 0.476844, 0.590150, -0.651416

BONE 65
OFFSET -20.104130, -14.119358, 40.928261
SCALE 1.000000, 1.000000, 1.000000
X -0.750602, 0.112272, 0.651146
Y -0.457410, -0.799450, -0.389431
Z 0.476836, -0.590148, 0.651423

BONE 66
OFFSET 16.629330, -12.971684, 43.590553
SCALE 1.000000, 1.000000, 1.000000
X -0.513767, -0.686190, -0.514963
Y 0.774059, -0.111908, -0.623144
Z 0.369966, -0.718763, 0.588646

BONE 67
OFFSET -16.629194, -12.971821, 43.590179
SCALE 1.000000, 1.000000, 1.000000
X -0.513765, 0.686181, 0.514977
Y 0.774059, 0.111890, 0.623148
Z 0.369972, 0.718774, -0.588629

BONE 68
OFFSET 19.038221, -16.134914, 42.125023
SCALE 1.000000, 1.000000, 1.000000
X -0.554097, -0.245160, -0.795533
Y -0.453622, 0.890222, 0.041612
Z 0.698000, 0.383929, -0.604479

BONE 69
OFFSET -19.037983, -16.134798, 42.125008
SCALE 1.000000, 1.000000, 1.000000
X -0.553871, 0.245483, 0.795591
Y -0.453788, -0.890154, -0.041256
Z 0.698071, -0.383880, 0.604428

BONE 70
OFFSET 18.948034, -15.138112, 40.844826
SCALE 1.000000, 1.000000, 1.000000
X -0.836744, 0.280258, -0.470441
Y -0.071875, 0.795463, 0.601724
Z 0.542857, 0.537302, -0.645456

BONE 71
OFFSET -18.947971, -15.138271, 40.844528
SCALE 1.000000, 1.000000, 1.000000
X -0.836742, -0.280254, 0.470448
Y -0.071886, -0.795461, -0.601726
Z 0.542859, -0.537308, 0.645449

BONE 72
OFFSET 19.784019, -13.096679, 40.196491
SCALE 1.000000, 1.000000, 1.000000
X -0.853803, 0.339164, -0.394953
Y 0.005198, 0.764171, 0.644992
Z 0.520570, 0.548643, -0.654215

BONE 73
OFFSET -19.783998, -13.096812, 40.196270
SCALE 1.000000, 1.000000, 1.000000
X -0.853799, -0.339166, 0.394959
Y 0.005186, -0.764161, -0.645004
Z 0.520576, -0.548656, 0.654199

BONE 74
OFFSET 19.396437, -14.225060, 40.314682
SCALE 1.000000, 1.000000, 1.000000
X -0.861545, 0.166924, -0.479454
Y -0.174209, 0.789854, 0.588033
Z 0.476856, 0.590142, -0.651415

BONE 75
OFFSET -19.396343, -14.225204, 40.314499
SCALE 1.000000, 1.000000, 1.000000
X -0.861557, -0.166916, 0.479436
Y -0.174209, -0.789846, -0.588043
Z 0.476834, -0.590155, 0.651419

BONE 76
OFFSET 16.015608, -13.791351, 42.975456
SCALE 1.000000, 1.000000, 1.000000
X -0.178188, -0.676734, -0.714339
Y 0.911796, 0.159395, -0.378446
Z 0.369969, -0.718766, 0.588641

BONE 77
OFFSET -16.015455, -13.791477, 42.975048
SCALE 1.000000, 1.000000, 1.000000
X -0.178183, 0.676724, 0.714350
Y 0.911791, -0.159415, 0.378450
Z 0.369984, 0.718771, -0.588626

NUMVERTS 1308
VERT 0
OFFSET 5.903442, -5.693846, 53.470486
BONES 7
BONE 1 0.000246
BONE 5 0.133466
BONE 11 0.241963
BONE 17 0.402889
BONE 22 0.079274
BONE 39 0.139610
BONE 25 0.002551

VERT 1
OFFSET 3.742717, -4.643680, 54.222179
BONES 8
BONE 5 0.104650
BONE 11 0.227940
BONE 17 0.471978
BONE 22 0.091605
BONE 39 0.090201
BONE 23 0.000000
BONE 25 0.013626
BONE 26 0.000000

VERT 2
OFFSET 3.931775, -6.809334, 51.490314
BONES 7
BONE 1 0.002648
BONE 5 0.326641
BONE 11 0.356164
BONE 17 0.292898
BONE 22 0.015113
BONE 39 0.006420
BONE 25 0.000115

VERT 3
OFFSET 8.188967, -4.561500, 52.375519
BONES 7
BONE 1 0.000279
BONE 5 0.127995
BONE 11 0.204450
BONE 17 0.515920
BONE 22 0.029480
BONE 39 0.121634
BONE 25 0.000243

VERT 4
OFFSET 8.406334, -5.185202, 49.874432
BONES 7
BONE 1 0.010691
BONE 5 0.374402
BONE 11 0.289102
BONE 17 0.321724
BONE 22 0.000990
BONE 39 0.003089
BONE 25 0.000000

VERT 5
OFFSET 5.689689, -6.691792, 50.698380
BONES 7
BONE 1 0.008259
BONE 5 0.355461
BONE 11 0.330461
BONE 17 0.268881
BONE 22 0.015176
BONE 39 0.021759
BONE 25 0.000003

VERT 6
OFFSET 8.470182, -3.633021, 52.099152
BONES 7
BONE 1 0.000245
BONE 5 0.091948
BONE 11 0.225057
BONE 17 0.505924
BONE 22 0.032307
BONE 39 0.144395
BONE 25 0.000123

VERT 7
OFFSET 3.144034, -3.310779, 58.878502
BONES 8
BONE 5 0.000347
BONE 11 0.008726
BONE 17 0.834169
BONE 22 0.078361
BONE 39 0.000004
BONE 23 0.000038
BONE 25 0.078304
BONE 26 0.000051

VERT 8
OFFSET -0.321671, 3.429353, 61.677925
BONES 7
BONE 5 0.000124
BONE 11 0.001065
BONE 17 0.920493
BONE 22 0.006698
BONE 23 0.010319
BONE 25 0.030805
BONE 26 0.030498

VERT 9
OFFSET 3.740135, 1.730555, 61.600483
BONES 8
BONE 5 0.000016
BONE 11 0.000088
BONE 17 0.518351
BONE 22 0.239538
BONE 39 0.004419
BONE 23 0.000000
BONE 25 0.237478
BONE 26 0.000111

VERT 10
OFFSET -2.557786, -6.255318, 39.943150
BONES 3
BONE 1 0.867897
BONE 5 0.130293
BONE 11 0.001810

VERT 11
OFFSET -0.556954, -5.142345, 55.654789
BONES 8
BONE 1 0.000022
BONE 5 0.088380
BONE 11 0.195189
BONE 17 0.681196
BONE 22 0.010153
BONE 23 0.009797
BONE 25 0.012128
BONE 26 0.003135

VERT 12
OFFSET 7.268616, -3.373788, 41.043308
BONES 3
BONE 1 0.804464
BONE 5 0.195145
BONE 11 0.000391

VERT 13
OFFSET 8.744170, -3.114774, 52.066048
BONES 6
BONE 5 0.089756
BONE 11 0.261869
BONE 17 0.440148
BONE 22 0.027114
BONE 39 0.181036
BONE 25 0.000078

VERT 14
OFFSET 9.093301, 4.052387, 53.085686
BONES 6
BONE 5 0.033359
BONE 11 0.091889
BONE 17 0.205738
BONE 22 0.183350
BONE 39 0.483870
BONE 25 0.001795

VERT 15
OFFSET 10.180552, 1.012817, 59.105629
BONES 5
BONE 11 0.000154
BONE 17 0.005247
BONE 22 0.563606
BONE 39 0.386548
BONE 25 0.044445

VERT 16
OFFSET 8.867739, -4.083760, 55.888062
BONES 6
BONE 5 0.002791
BONE 11 0.011086
BONE 17 0.079429
BONE 22 0.289178
BONE 39 0.612784
BONE 25 0.004732

VERT 17
OFFSET 4.760642, 4.959957, 58.967674
BONES 9
BONE 5 0.005746
BONE 11 0.047271
BONE 17 0.315911
BONE 22 0.392575
BONE 39 0.081138
BONE 23 0.000010
BONE 40 0.000000
BONE 25 0.156919
BONE 26 0.000430

VERT 18
OFFSET 8.100842, -0.495778, 42.335228
BONES 4
BONE 1 0.700947
BONE 5 0.283488
BONE 11 0.015558
BONE 17 0.000006

VERT 19
OFFSET 3.916738, -3.800633, 57.649773
BONES 8
BONE 5 0.008048
BONE 11 0.040701
BONE 17 0.562350
BONE 22 0.157136
BONE 39 0.140146
BONE 23 0.000006
BONE 25 0.091606
BONE 26 0.000007

VERT 20
OFFSET 6.579869, 1.381084, 60.692085
BONES 8
BONE 5 0.000034
BONE 11 0.000504
BONE 17 0.179743
BONE 22 0.532424
BONE 39 0.078557
BONE 23 0.000000
BONE 25 0.208711
BONE 26 0.000027

VERT 21
OFFSET -3.046664, -3.227659, 59.021309
BONES 8
BONE 5 0.003400
BONE 11 0.018137
BONE 17 0.859782
BONE 22 0.000127
BONE 23 0.046894
BONE 40 0.001720
BONE 25 0.000120
BONE 26 0.069819

VERT 22
OFFSET -4.042869, 1.693670, 61.555698
BONES 8
BONE 5 0.000040
BONE 11 0.000188
BONE 17 0.620629
BONE 22 0.000050
BONE 23 0.171755
BONE 40 0.006333
BONE 25 0.000640
BONE 26 0.200365

VERT 23
OFFSET -7.507608, -3.252929, 51.246956
BONES 7
BONE 1 0.003086
BONE 5 0.150940
BONE 11 0.166881
BONE 17 0.474039
BONE 23 0.006126
BONE 40 0.198861
BONE 26 0.000068

VERT 24
OFFSET -5.704842, 6.203041, 53.574448
BONES 10
BONE 1 0.001242
BONE 5 0.141531
BONE 11 0.277844
BONE 17 0.342021
BONE 22 0.000002
BONE 39 0.000000
BONE 23 0.157401
BONE 40 0.063825
BONE 25 0.000015
BONE 26 0.016118

VERT 25
OFFSET -9.054905, 3.937863, 53.272614
BONES 7
BONE 1 0.000052
BONE 5 0.040309
BONE 11 0.130241
BONE 17 0.247384
BONE 23 0.214077
BONE 40 0.365759
BONE 26 0.002178

VERT 26
OFFSET -9.706936, 4.115727, 56.723083
BONES 6
BONE 5 0.003715
BONE 11 0.024890
BONE 17 0.092077
BONE 23 0.385136
BONE 40 0.483374
BONE 26 0.010809

VERT 27
OFFSET -4.707849, 4.965315, 58.910202
BONES 9
BONE 5 0.003416
BONE 11 0.039674
BONE 17 0.362655
BONE 22 0.000283
BONE 39 0.000000
BONE 23 0.360021
BONE 40 0.074818
BONE 25 0.001743
BONE 26 0.157390

VERT 28
OFFSET -5.193738, 4.805797, 39.324818
BONES 6
BONE 1 0.930307
BONE 5 0.053400
BONE 11 0.004685
BONE 17 0.000021
BONE 7 0.000002
BONE 8 0.011585

VERT 29
OFFSET -8.346969, 1.444857, 40.155586
BONES 6
BONE 1 0.841771
BONE 5 0.139720
BONE 11 0.003920
BONE 17 0.000031
BONE 7 0.000001
BONE 8 0.014557

VERT 30
OFFSET -8.809638, -3.734990, 55.826321
BONES 6
BONE 5 0.006889
BONE 11 0.019440
BONE 17 0.175306
BONE 23 0.249515
BONE 40 0.540371
BONE 26 0.008478

VERT 31
OFFSET -4.498600, -3.925164, 57.319435
BONES 9
BONE 1 0.000001
BONE 5 0.021450
BONE 11 0.068907
BONE 17 0.488645
BONE 22 0.000118
BONE 23 0.170934
BONE 40 0.147484
BONE 25 0.000112
BONE 26 0.102350

VERT 32
OFFSET -6.647832, 1.883444, 60.405281
BONES 8
BONE 5 0.000106
BONE 11 0.001641
BONE 17 0.205076
BONE 22 0.000001
BONE 23 0.445271
BONE 40 0.080709
BONE 25 0.000065
BONE 26 0.267131

VERT 33
OFFSET -10.192763, 1.630057, 59.014545
BONES 6
BONE 5 0.000008
BONE 11 0.000396
BONE 17 0.073038
BONE 23 0.424236
BONE 40 0.485228
BONE 26 0.017093

VERT 34
OFFSET -5.176483, 5.265741, 47.709648
BONES 9
BONE 1 0.066799
BONE 5 0.470450
BONE 11 0.355479
BONE 17 0.107076
BONE 22 0.000000
BONE 23 0.000034
BONE 40 0.000156
BONE 25 0.000000
BONE 26 0.000006

VERT 35
OFFSET -8.000199, 2.157030, 47.845623
BONES 7
BONE 1 0.059449
BONE 5 0.468334
BONE 11 0.292068
BONE 17 0.173606
BONE 23 0.000072
BONE 40 0.006470
BONE 26 0.000000

VERT 36
OFFSET 0.778641, -5.910530, 56.933594
BONES 7
BONE 5 0.057563
BONE 11 0.151548
BONE 17 0.726777
BONE 22 0.033088
BONE 23 0.000815
BONE 25 0.029116
BONE 26 0.001093

VERT 37
OFFSET -2.289189, -6.910022, 47.598331
BONES 5
BONE 1 0.153123
BONE 5 0.539767
BONE 11 0.254828
BONE 17 0.051578
BONE 23 0.000704

VERT 38
OFFSET 3.254696, -4.618144, 59.852840
BONES 4
BONE 5 0.000281
BONE 11 0.002725
BONE 17 0.996990
BONE 39 0.000003

VERT 39
OFFSET 2.821383, 2.414371, 63.969444
BONES 1
BONE 17 1.000000

VERT 40
OFFSET -2.779638, 2.149474, 63.889812
BONES 1
BONE 17 1.000000

VERT 41
OFFSET -3.868491, 0.365009, 63.789055
BONES 1
BONE 17 1.000000

VERT 42
OFFSET -3.242981, -4.379702, 60.582211
BONES 3
BONE 5 0.000432
BONE 11 0.002939
BONE 17 0.996630

VERT 43
OFFSET -0.134123, -4.546473, 56.967381
BONES 7
BONE 5 0.026188
BONE 11 0.097305
BONE 17 0.844928
BONE 22 0.012572
BONE 23 0.001994
BONE 25 0.014718
BONE 26 0.002295

VERT 44
OFFSET 1.526289, -4.624320, 57.776649
BONES 7
BONE 5 0.011167
BONE 11 0.046915
BONE 17 0.877487
BONE 22 0.029438
BONE 23 0.000376
BONE 25 0.034112
BONE 26 0.000505

VERT 45
OFFSET 1.855222, -4.693962, 56.413799
BONES 9
BONE 1 0.000001
BONE 5 0.052593
BONE 11 0.143768
BONE 17 0.713817
BONE 22 0.046459
BONE 39 0.000823
BONE 23 0.000503
BONE 25 0.041360
BONE 26 0.000676

VERT 46
OFFSET 0.185929, -5.594619, 57.182301
BONES 7
BONE 5 0.038941
BONE 11 0.122236
BONE 17 0.782794
BONE 22 0.024829
BONE 23 0.001365
BONE 25 0.028010
BONE 26 0.001825

VERT 47
OFFSET -1.239669, -6.781722, 53.342529
BONES 8
BONE 1 0.000524
BONE 5 0.203141
BONE 11 0.318526
BONE 17 0.456655
BONE 22 0.000030
BONE 23 0.018062
BONE 25 0.000025
BONE 26 0.003038

VERT 48
OFFSET -1.682427, -6.344010, 53.310894
BONES 9
BONE 1 0.000469
BONE 5 0.200947
BONE 11 0.316391
BONE 17 0.453953
BONE 22 0.000022
BONE 23 0.023639
BONE 40 0.000716
BONE 25 0.000020
BONE 26 0.003843

VERT 49
OFFSET -3.408975, 2.505035, 62.910187
BONES 6
BONE 5 0.000053
BONE 11 0.000267
BONE 17 0.998743
BONE 23 0.000000
BONE 40 0.000937
BONE 26 0.000000

VERT 50
OFFSET -4.149496, -1.357575, 63.050678
BONES 1
BONE 17 1.000000

VERT 51
OFFSET -4.393251, -0.779249, 60.837574
BONES 8
BONE 5 0.000043
BONE 11 0.002071
BONE 17 0.700371
BONE 22 0.000001
BONE 23 0.115761
BONE 40 0.008782
BONE 25 0.000001
BONE 26 0.172970

VERT 52
OFFSET -6.517849, -1.035670, 60.073215
BONES 6
BONE 5 0.000000
BONE 11 0.001870
BONE 17 0.200084
BONE 23 0.352021
BONE 40 0.184046
BONE 26 0.261979

VERT 53
OFFSET -9.786581, -1.801369, 59.216160
BONES 5
BONE 11 0.000131
BONE 17 0.111538
BONE 23 0.414451
BONE 40 0.433308
BONE 26 0.040573

VERT 54
OFFSET 9.715839, -2.128220, 59.032619
BONES 5
BONE 11 0.000400
BONE 17 0.022874
BONE 22 0.443569
BONE 39 0.483849
BONE 25 0.049309

VERT 55
OFFSET 6.154787, -1.293326, 59.914608
BONES 6
BONE 5 0.000021
BONE 11 0.000689
BONE 17 0.165005
BONE 22 0.423183
BONE 39 0.148784
BONE 25 0.262318

VERT 56
OFFSET 4.459213, -0.916551, 60.966484
BONES 4
BONE 17 0.714303
BONE 22 0.134080
BONE 39 0.000027
BONE 25 0.151590

VERT 57
OFFSET 4.457706, -1.741787, 62.429295
BONES 2
BONE 17 0.999998
BONE 39 0.000002

VERT 58
OFFSET 4.169041, 0.391104, 63.589993
BONES 1
BONE 17 1.000000

VERT 59
OFFSET 9.835690, 4.315150, 56.837807
BONES 6
BONE 5 0.000138
BONE 11 0.023476
BONE 17 0.060546
BONE 22 0.393501
BONE 39 0.500733
BONE 25 0.021607

VERT 60
OFFSET -0.546038, 5.490567, 59.186958
BONES 9
BONE 5 0.013649
BONE 11 0.069755
BONE 17 0.739302
BONE 22 0.024152
BONE 39 0.000123
BONE 23 0.048435
BONE 40 0.000731
BONE 25 0.043145
BONE 26 0.060707

VERT 61
OFFSET -0.758740, 6.520978, 39.036560
BONES 4
BONE 1 0.973832
BONE 5 0.020994
BONE 11 0.005159
BONE 17 0.000015

VERT 62
OFFSET -0.265272, 3.354621, 63.352390
BONES 1
BONE 17 1.000000

VERT 63
OFFSET -3.518978, -3.778304, 59.770550
BONES 3
BONE 5 0.002336
BONE 11 0.013573
BONE 17 0.984091

VERT 64
OFFSET -4.819299, -1.393872, 62.072929
BONES 4
BONE 5 0.000009
BONE 11 0.001753
BONE 17 0.996479
BONE 40 0.001758

VERT 65
OFFSET -4.617696, 0.543744, 63.132854
BONES 3
BONE 11 0.000005
BONE 17 0.999995
BONE 40 0.000001

VERT 66
OFFSET -0.292683, 3.670915, 62.810055
BONES 1
BONE 17 1.000000

VERT 67
OFFSET 3.230868, 2.739943, 62.976128
BONES 1
BONE 17 1.000000

VERT 68
OFFSET 4.676403, 0.635068, 63.108608
BONES 1
BONE 17 1.000000

VERT 69
OFFSET 4.843479, -1.554248, 61.988514
BONES 1
BONE 17 1.000000

VERT 70
OFFSET 3.428117, -4.068091, 59.399380
BONES 8
BONE 5 0.000240
BONE 11 0.002579
BONE 17 0.990438
BONE 22 0.003513
BONE 39 0.000005
BONE 23 0.000005
BONE 25 0.003214
BONE 26 0.000007

VERT 71
OFFSET -1.906824, -5.260957, 58.329384
BONES 7
BONE 5 0.002242
BONE 11 0.017147
BONE 17 0.980610
BONE 22 0.000000
BONE 23 0.000000
BONE 25 0.000000
BONE 26 0.000000

VERT 72
OFFSET 3.651335, 0.006948, 63.230667
BONES 1
BONE 17 1.000000

VERT 73
OFFSET 2.576775, 1.941152, 63.749687
BONES 1
BONE 17 1.000000

VERT 74
OFFSET -0.208861, 2.672118, 63.098152
BONES 1
BONE 17 1.000000

VERT 75
OFFSET -2.415455, 1.679313, 63.426922
BONES 1
BONE 17 1.000000

VERT 76
OFFSET -3.441500, 0.250385, 63.278332
BONES 1
BONE 17 1.000000

VERT 77
OFFSET -3.562899, -1.345629, 62.691341
BONES 1
BONE 17 1.000000

VERT 78
OFFSET -2.648051, -4.140136, 60.853264
BONES 2
BONE 11 0.000307
BONE 17 0.999693

VERT 79
OFFSET -1.324925, -5.156550, 58.849316
BONES 7
BONE 5 0.001772
BONE 11 0.013864
BONE 17 0.984363
BONE 22 0.000000
BONE 23 0.000000
BONE 25 0.000000
BONE 26 0.000000

VERT 80
OFFSET 0.804450, -4.797740, 58.351479
BONES 7
BONE 5 0.004505
BONE 11 0.020813
BONE 17 0.957694
BONE 22 0.007427
BONE 23 0.000239
BONE 25 0.009011
BONE 26 0.000311

VERT 81
OFFSET 2.582493, -4.265130, 60.315651
BONES 3
BONE 5 0.000171
BONE 11 0.002043
BONE 17 0.997785

VERT 82
OFFSET 3.637179, -1.867912, 62.441631
BONES 2
BONE 17 1.000000
BONE 39 0.000000

VERT 83
OFFSET -0.034601, 1.637859, 56.240303
BONES 6
BONE 11 0.000076
BONE 17 0.998854
BONE 22 0.000000
BONE 23 0.000189
BONE 25 0.000204
BONE 26 0.000678

VERT 84
OFFSET 2.398235, -6.793634, 47.777191
BONES 5
BONE 1 0.120522
BONE 5 0.535645
BONE 11 0.273507
BONE 17 0.069029
BONE 22 0.001297

VERT 85
OFFSET 2.209203, -6.537406, 40.086815
BONES 5
BONE 1 0.839953
BONE 5 0.154593
BONE 11 0.003136
BONE 7 0.002061
BONE 8 0.000258

VERT 86
OFFSET 4.519703, 5.436088, 39.302795
BONES 4
BONE 1 0.961115
BONE 5 0.034689
BONE 11 0.004195
BONE 17 0.000000

VERT 87
OFFSET 5.403296, 5.466514, 47.685123
BONES 5
BONE 1 0.049117
BONE 5 0.488818
BONE 11 0.366339
BONE 17 0.095725
BONE 39 0.000000

VERT 88
OFFSET 7.631486, 4.934829, 57.996944
BONES 8
BONE 5 0.005563
BONE 11 0.045371
BONE 17 0.128779
BONE 22 0.455085
BONE 39 0.291496
BONE 23 0.000000
BONE 25 0.073703
BONE 26 0.000003

VERT 89
OFFSET 8.368148, 1.299998, 60.066711
BONES 7
BONE 5 0.000000
BONE 11 0.000461
BONE 17 0.023893
BONE 22 0.574316
BONE 39 0.301147
BONE 25 0.100181
BONE 26 0.000000

VERT 90
OFFSET 8.027539, -1.722944, 59.493214
BONES 5
BONE 11 0.000237
BONE 17 0.148542
BONE 22 0.462160
BONE 39 0.246936
BONE 25 0.142124

VERT 91
OFFSET 6.464261, -4.345096, 56.792217
BONES 6
BONE 5 0.007320
BONE 11 0.038321
BONE 17 0.333413
BONE 22 0.235657
BONE 39 0.354098
BONE 25 0.031190

VERT 92
OFFSET 5.989653, -5.709618, 47.275093
BONES 5
BONE 1 0.104227
BONE 5 0.545758
BONE 11 0.270116
BONE 17 0.077327
BONE 22 0.002573

VERT 93
OFFSET -7.387044, 4.887295, 57.896286
BONES 9
BONE 1 0.000005
BONE 5 0.008082
BONE 11 0.049873
BONE 17 0.156613
BONE 22 0.000001
BONE 23 0.463467
BONE 40 0.237452
BONE 25 0.000060
BONE 26 0.084446

VERT 94
OFFSET -8.532464, 1.790216, 59.912903
BONES 8
BONE 5 0.000089
BONE 11 0.002093
BONE 17 0.073334
BONE 22 0.000000
BONE 23 0.521329
BONE 40 0.281463
BONE 25 0.000001
BONE 26 0.121690

VERT 95
OFFSET -8.204098, -1.371427, 59.767693
BONES 6
BONE 5 0.000000
BONE 11 0.000524
BONE 17 0.118654
BONE 23 0.393230
BONE 40 0.323355
BONE 26 0.164237

VERT 96
OFFSET -6.779232, -3.983936, 56.638474
BONES 9
BONE 1 0.000000
BONE 5 0.012751
BONE 11 0.045166
BONE 17 0.334722
BONE 22 0.000008
BONE 23 0.170761
BONE 40 0.392762
BONE 25 0.000008
BONE 26 0.043823

VERT 97
OFFSET -5.776037, -5.420679, 47.249660
BONES 7
BONE 1 0.117160
BONE 5 0.525356
BONE 11 0.268423
BONE 17 0.087462
BONE 23 0.001599
BONE 40 0.000000
BONE 8 0.000000

VERT 98
OFFSET -8.150621, -2.637250, 51.712883
BONES 7
BONE 1 0.000000
BONE 5 0.067166
BONE 11 0.114721
BONE 17 0.464412
BONE 23 0.014978
BONE 40 0.338526
BONE 26 0.000198

VERT 99
OFFSET 1.821713, -5.934224, 53.552452
BONES 7
BONE 1 0.000084
BONE 5 0.186890
BONE 11 0.316619
BONE 17 0.466397
BONE 22 0.025668
BONE 39 0.000480
BONE 25 0.003861

VERT 100
OFFSET 8.595768, -4.161349, 52.960632
BONES 6
BONE 5 0.022549
BONE 11 0.058846
BONE 17 0.238626
BONE 22 0.187042
BONE 39 0.492560
BONE 25 0.000378

VERT 101
OFFSET -5.311626, -5.399977, 53.523121
BONES 9
BONE 1 0.000945
BONE 5 0.133396
BONE 11 0.236234
BONE 17 0.416766
BONE 22 0.000004
BONE 23 0.082687
BONE 40 0.125276
BONE 25 0.000004
BONE 26 0.004687

VERT 102
OFFSET -8.423466, -3.628147, 52.849174
BONES 6
BONE 5 0.038265
BONE 11 0.077598
BONE 17 0.283514
BONE 23 0.129437
BONE 40 0.470403
BONE 26 0.000782

VERT 103
OFFSET -8.172194, -0.463320, 50.873177
BONES 7
BONE 1 0.004469
BONE 5 0.127406
BONE 11 0.209360
BONE 17 0.494660
BONE 23 0.004290
BONE 40 0.159812
BONE 26 0.000003

VERT 104
OFFSET -8.608728, 1.816858, 51.340889
BONES 6
BONE 1 0.000369
BONE 5 0.071611
BONE 11 0.225072
BONE 17 0.455810
BONE 23 0.036134
BONE 40 0.211003

VERT 105
OFFSET -0.630761, 6.583898, 53.873154
BONES 10
BONE 1 0.001152
BONE 5 0.175663
BONE 11 0.335594
BONE 17 0.425788
BONE 22 0.015851
BONE 39 0.000094
BONE 23 0.028315
BONE 40 0.001500
BONE 25 0.005916
BONE 26 0.010126

VERT 106
OFFSET 5.705789, 5.901438, 53.577038
BONES 7
BONE 1 0.000658
BONE 5 0.136396
BONE 11 0.272891
BONE 17 0.342620
BONE 22 0.146548
BONE 39 0.083623
BONE 25 0.017265

VERT 107
OFFSET 7.414455, 2.955491, 39.943703
BONES 5
BONE 1 0.881382
BONE 5 0.101209
BONE 11 0.003752
BONE 7 0.013653
BONE 8 0.000003

VERT 108
OFFSET 8.782663, -0.685305, 50.222252
BONES 8
BONE 1 0.000686
BONE 5 0.157799
BONE 11 0.217398
BONE 17 0.523674
BONE 22 0.001603
BONE 39 0.097891
BONE 40 0.000948
BONE 25 0.000002

VERT 109
OFFSET -6.350456, -4.532458, 40.242283
BONES 4
BONE 1 0.811302
BONE 5 0.183932
BONE 11 0.004766
BONE 8 0.000000

VERT 110
OFFSET 5.523764, -5.222977, 40.365559
BONES 5
BONE 1 0.776193
BONE 5 0.181325
BONE 11 0.003048
BONE 7 0.039396
BONE 8 0.000037

VERT 111
OFFSET 8.767269, 2.221344, 50.485817
BONES 8
BONE 1 0.002128
BONE 5 0.172705
BONE 11 0.199903
BONE 17 0.407836
BONE 22 0.010260
BONE 39 0.203165
BONE 40 0.004000
BONE 25 0.000004

VERT 112
OFFSET -8.301322, -1.322042, 47.724205
BONES 6
BONE 1 0.075315
BONE 5 0.489945
BONE 11 0.255801
BONE 17 0.170178
BONE 23 0.000202
BONE 40 0.008559

VERT 113
OFFSET 6.195420, 0.089706, 55.320992
BONES 6
BONE 5 0.000043
BONE 11 0.023502
BONE 17 0.435976
BONE 22 0.095324
BONE 39 0.436776
BONE 25 0.008378

VERT 114
OFFSET -4.510296, 0.097474, 55.721649
BONES 6
BONE 5 0.000955
BONE 11 0.021322
BONE 17 0.403471
BONE 23 0.040045
BONE 40 0.531657
BONE 26 0.002549

VERT 115
OFFSET -0.659457, 6.723442, 47.682034
BONES 6
BONE 1 0.074901
BONE 5 0.444494
BONE 11 0.395358
BONE 17 0.085235
BONE 25 0.000000
BONE 26 0.000012

VERT 116
OFFSET 8.195088, 2.692265, 47.960213
BONES 7
BONE 1 0.047259
BONE 5 0.487281
BONE 11 0.283860
BONE 17 0.166406
BONE 22 0.000075
BONE 39 0.015062
BONE 40 0.000057

VERT 117
OFFSET 8.861534, -0.993364, 47.663574
BONES 7
BONE 1 0.056246
BONE 5 0.458216
BONE 11 0.249705
BONE 17 0.221933
BONE 22 0.000018
BONE 39 0.013819
BONE 40 0.000063

VERT 118
OFFSET 8.124032, -3.592753, 47.319138
BONES 5
BONE 1 0.087118
BONE 5 0.531853
BONE 11 0.240257
BONE 17 0.140350
BONE 39 0.000422

VERT 119
OFFSET -7.110872, -4.317180, 52.124180
BONES 7
BONE 1 0.002122
BONE 5 0.142773
BONE 11 0.178699
BONE 17 0.431144
BONE 23 0.026791
BONE 40 0.218214
BONE 26 0.000256

VERT 120
OFFSET -3.720510, -6.799767, 51.520790
BONES 7
BONE 1 0.002421
BONE 5 0.316858
BONE 11 0.353997
BONE 17 0.304726
BONE 23 0.012281
BONE 40 0.009343
BONE 26 0.000374

VERT 121
OFFSET -2.914146, -5.474885, 54.576653
BONES 9
BONE 1 0.000103
BONE 5 0.121845
BONE 11 0.249221
BONE 17 0.534145
BONE 22 0.000094
BONE 23 0.057054
BONE 40 0.021435
BONE 25 0.000089
BONE 26 0.016014

VERT 122
OFFSET -5.409200, -6.462670, 50.757149
BONES 7
BONE 1 0.010200
BONE 5 0.347114
BONE 11 0.326283
BONE 17 0.279179
BONE 23 0.014036
BONE 40 0.023042
BONE 26 0.000146

VERT 123
OFFSET -7.427382, -4.899484, 49.625229
BONES 7
BONE 1 0.016590
BONE 5 0.433718
BONE 11 0.314040
BONE 17 0.217047
BONE 23 0.003022
BONE 40 0.015579
BONE 26 0.000004

VERT 124
OFFSET 3.748947, -1.481974, 65.890625
BONES 1
BONE 30 1.000000

VERT 125
OFFSET 3.613576, -0.679191, 65.855949
BONES 1
BONE 30 1.000000

VERT 126
OFFSET 3.980546, -1.048295, 65.680428
BONES 1
BONE 30 1.000000

VERT 127
OFFSET 0.000000, -3.527450, 60.837219
BONES 1
BONE 30 1.000000

VERT 128
OFFSET 0.000000, -4.311633, 60.992786
BONES 1
BONE 30 1.000000

VERT 129
OFFSET 0.000000, -3.944779, 60.689449
BONES 1
BONE 30 1.000000

VERT 130
OFFSET 2.758975, -2.753776, 62.836018
BONES 1
BONE 30 1.000000

VERT 131
OFFSET 1.553269, -3.836030, 61.548550
BONES 1
BONE 30 1.000000

VERT 132
OFFSET 1.515260, -3.494704, 61.222706
BONES 1
BONE 30 1.000000

VERT 133
OFFSET 2.654827, -2.094899, 62.607834
BONES 1
BONE 30 1.000000

VERT 134
OFFSET 1.389596, -3.080591, 61.342766
BONES 1
BONE 30 1.000000

VERT 135
OFFSET 2.800993, -2.530335, 62.527893
BONES 1
BONE 30 1.000000

VERT 136
OFFSET 3.714406, -1.575612, 64.523682
BONES 1
BONE 30 1.000000

VERT 137
OFFSET 3.550435, -1.934294, 64.768799
BONES 1
BONE 30 1.000000

VERT 138
OFFSET 3.426201, -1.182846, 64.665100
BONES 1
BONE 30 1.000000

VERT 139
OFFSET -1.515260, -3.494705, 61.222706
BONES 1
BONE 30 1.000000

VERT 140
OFFSET -2.758974, -2.753775, 62.836018
BONES 1
BONE 30 1.000000

VERT 141
OFFSET -1.553270, -3.836030, 61.548553
BONES 1
BONE 30 1.000000

VERT 142
OFFSET -2.654826, -2.094898, 62.607834
BONES 1
BONE 30 1.000000

VERT 143
OFFSET -1.389597, -3.080591, 61.342766
BONES 1
BONE 30 1.000000

VERT 144
OFFSET -2.800994, -2.530335, 62.527893
BONES 1
BONE 30 1.000000

VERT 145
OFFSET -3.714406, -1.575612, 64.523682
BONES 1
BONE 30 1.000000

VERT 146
OFFSET -3.550436, -1.934294, 64.768799
BONES 1
BONE 30 1.000000

VERT 147
OFFSET -3.426202, -1.182846, 64.665100
BONES 1
BONE 30 1.000000

VERT 148
OFFSET -3.980547, -1.048295, 65.680435
BONES 1
BONE 30 1.000000

VERT 149
OFFSET -3.748948, -1.481972, 65.890625
BONES 1
BONE 30 1.000000

VERT 150
OFFSET -3.613577, -0.679192, 65.855949
BONES 1
BONE 30 1.000000

VERT 151
OFFSET 1.996999, 2.679551, 67.640732
BONES 1
BONE 30 1.000000

VERT 152
OFFSET 0.000000, 3.262264, 67.500946
BONES 1
BONE 30 1.000000

VERT 153
OFFSET 0.000000, 2.876674, 69.347679
BONES 1
BONE 30 1.000000

VERT 154
OFFSET 0.000000, 1.578642, 70.715187
BONES 1
BONE 30 1.000000

VERT 155
OFFSET 2.140079, -1.172735, 71.055328
BONES 1
BONE 30 1.000000

VERT 156
OFFSET 0.000000, -1.145332, 71.618279
BONES 1
BONE 30 1.000000

VERT 157
OFFSET 1.959388, 1.342726, 70.286530
BONES 1
BONE 30 1.000000

VERT 158
OFFSET 3.483122, 0.832199, 68.211662
BONES 1
BONE 30 1.000000

VERT 159
OFFSET 1.644656, 2.522066, 69.270828
BONES 1
BONE 30 1.000000

VERT 160
OFFSET 4.098948, -2.895470, 66.584068
BONES 1
BONE 30 1.000000

VERT 161
OFFSET 3.674254, -1.951704, 68.770851
BONES 1
BONE 30 1.000000

VERT 162
OFFSET 0.000000, -6.097125, 67.535698
BONES 1
BONE 30 1.000000

VERT 163
OFFSET 0.000000, -3.638767, 71.202255
BONES 1
BONE 30 1.000000

VERT 164
OFFSET 2.770903, -4.897274, 67.332878
BONES 1
BONE 30 1.000000

VERT 165
OFFSET 1.679369, -3.515582, 70.858185
BONES 1
BONE 30 1.000000

VERT 166
OFFSET 2.477229, -4.297230, 69.194153
BONES 1
BONE 30 1.000000

VERT 167
OFFSET 0.000000, -5.321258, 69.447380
BONES 1
BONE 30 1.000000

VERT 168
OFFSET 2.974831, -5.095718, 66.759254
BONES 1
BONE 30 1.000000

VERT 169
OFFSET 0.000000, -6.819988, 66.944786
BONES 1
BONE 30 1.000000

VERT 170
OFFSET 3.994181, 0.394636, 65.862526
BONES 1
BONE 30 1.000000

VERT 171
OFFSET 2.293185, 2.626007, 65.602448
BONES 1
BONE 30 1.000000

VERT 172
OFFSET 4.013638, -2.979978, 65.985115
BONES 1
BONE 30 1.000000

VERT 173
OFFSET 0.000000, 3.413001, 65.477592
BONES 1
BONE 30 1.000000

VERT 174
OFFSET 3.937341, 0.299199, 65.151505
BONES 1
BONE 30 1.000000

VERT 175
OFFSET 2.312739, 2.440262, 65.120071
BONES 1
BONE 30 1.000000

VERT 176
OFFSET 0.000000, 3.211315, 65.002213
BONES 1
BONE 30 1.000000

VERT 177
OFFSET 0.000000, -5.092466, 68.135292
BONES 1
BONE 30 1.000000

VERT 178
OFFSET 2.433379, -4.277858, 67.861221
BONES 1
BONE 30 1.000000

VERT 179
OFFSET 2.086850, 2.122812, 66.529785
BONES 1
BONE 30 1.000000

VERT 180
OFFSET 0.000000, 2.772227, 66.434944
BONES 1
BONE 30 1.000000

VERT 181
OFFSET 3.370077, -2.309934, 67.221306
BONES 1
BONE 30 1.000000

VERT 182
OFFSET 3.309443, 0.217181, 66.763947
BONES 1
BONE 30 1.000000

VERT 183
OFFSET 0.000000, -0.516696, 70.311417
BONES 1
BONE 30 1.000000

VERT 184
OFFSET -3.994181, 0.394636, 65.862526
BONES 1
BONE 30 1.000000

VERT 185
OFFSET -2.293185, 2.626007, 65.602448
BONES 1
BONE 30 1.000000

VERT 186
OFFSET -3.483122, 0.832199, 68.211662
BONES 1
BONE 30 1.000000

VERT 187
OFFSET -1.996999, 2.679551, 67.640732
BONES 1
BONE 30 1.000000

VERT 188
OFFSET -1.959388, 1.342726, 70.286530
BONES 1
BONE 30 1.000000

VERT 189
OFFSET -1.644656, 2.522066, 69.270828
BONES 1
BONE 30 1.000000

VERT 190
