// Export filename: 'C:/projects/cod/t5/model_export/cuban/characters/cod7/tropas/mp/_c_cub_tropas_mp_body_utility_LOD1.XMODEL_EXPORT'
// Source filename: 'd:/projects/devart/t5/model_export/cuban/characters/cod7/tropas/mp/_c_cub_tropas_mp_utility.ma'
// Export time: Sat Sep 11 15:59:55 2010
MODEL
VERSION 6

NUMBONES 77
BONE 0 -1 "TAG_ORIGIN"
BONE 1 0 "J_MainRoot"
BONE 2 0 "TAG_SYNC"
BONE 3 1 "J_Hip_LE"
BONE 4 1 "J_Hip_RI"
BONE 5 1 "J_SpineLower"
BONE 6 3 "J_HipTwist_LE"
BONE 7 4 "J_HipTwist_RI"
BONE 8 3 "J_Knee_LE"
BONE 9 4 "J_Knee_RI"
BONE 10 5 "J_SpineUpper"
BONE 11 5 "TAG_STOWED_DEPLOY"
BONE 12 5 "TAG_STOWED_TACTICAL"
BONE 13 8 "J_Ankle_LE"
BONE 14 9 "J_Ankle_RI"
BONE 15 8 "J_Knee_Bulge_LE"
BONE 16 9 "J_Knee_Bulge_RI"
BONE 17 10 "J_Spine4"
BONE 18 10 "TAG_STOWED_BACKPACK"
BONE 19 13 "J_Ball_LE"
BONE 20 14 "J_Ball_RI"
BONE 21 17 "J_Clavicle_LE"
BONE 22 17 "J_Clavicle_RI"
BONE 23 17 "J_Neck"
BONE 24 17 "J_ShoulderRaise_LE"
BONE 25 17 "J_ShoulderRaise_RI"
BONE 26 17 "TAG_INHAND"
BONE 27 17 "TAG_STOWED_BACK"
BONE 28 17 "TAG_STOWED_LETHAL"
BONE 29 17 "TAG_WEAPON_CHEST"
BONE 30 23 "J_Head"
BONE 31 21 "J_Shoulder_LE"
BONE 32 22 "J_Shoulder_RI"
BONE 33 31 "J_Elbow_Bulge_LE"
BONE 34 32 "J_Elbow_Bulge_RI"
BONE 35 31 "J_Elbow_LE"
BONE 36 32 "J_Elbow_RI"
BONE 37 30 "J_Head_END"
BONE 38 31 "J_ShoulderTwist_LE"
BONE 39 32 "J_ShoulderTwist_RI"
BONE 40 37 "J_Helmet"
BONE 41 35 "J_Wrist_LE"
BONE 42 36 "J_Wrist_RI"
BONE 43 35 "J_WristTwist_LE"
BONE 44 36 "J_WristTwist_RI"
BONE 45 41 "J_Index_LE_1"
BONE 46 42 "J_Index_RI_1"
BONE 47 41 "J_Mid_LE_1"
BONE 48 42 "J_Mid_RI_1"
BONE 49 41 "J_Pinky_LE_1"
BONE 50 42 "J_Pinky_RI_1"
BONE 51 41 "J_Ring_LE_1"
BONE 52 42 "J_Ring_RI_1"
BONE 53 41 "J_Thumb_LE_1"
BONE 54 42 "J_Thumb_RI_1"
BONE 55 41 "TAG_WEAPON_LEFT"
BONE 56 42 "TAG_WEAPON_RIGHT"
BONE 57 45 "J_Index_LE_2"
BONE 58 46 "J_Index_RI_2"
BONE 59 47 "J_Mid_LE_2"
BONE 60 48 "J_Mid_RI_2"
BONE 61 49 "J_Pinky_LE_2"
BONE 62 50 "J_Pinky_RI_2"
BONE 63 51 "J_Ring_LE_2"
BONE 64 52 "J_Ring_RI_2"
BONE 65 53 "J_Thumb_LE_2"
BONE 66 54 "J_Thumb_RI_2"
BONE 67 57 "J_Index_LE_3"
BONE 68 58 "J_Index_RI_3"
BONE 69 59 "J_Mid_LE_3"
BONE 70 60 "J_Mid_RI_3"
BONE 71 61 "J_Pinky_LE_3"
BONE 72 62 "J_Pinky_RI_3"
BONE 73 63 "J_Ring_LE_3"
BONE 74 64 "J_Ring_RI_3"
BONE 75 65 "J_Thumb_LE_3"
BONE 76 66 "J_Thumb_RI_3"

BONE 0
OFFSET 0.000002, -2.222000, 0.000042
SCALE 1.000000, 1.000000, 1.000000
X -0.000000, -1.000000, -0.000001
Y 1.000000, -0.000000, 0.000000
Z -0.000000, -0.000001, 1.000000

BONE 1
OFFSET 0.000082, 1.218927, 37.228020
SCALE 1.000000, 1.000000, 1.000000
X 0.000005, 0.024825, 0.999692
Y 0.000006, -0.999692, 0.024825
Z 1.000000, 0.000006, -0.000005

BONE 2
OFFSET 0.000002, -2.219720, 0.000042
SCALE 1.000000, 1.000000, 1.000000
X -0.000000, -1.000000, -0.000003
Y 1.000000, -0.000000, 0.000000
Z -0.000000, -0.000003, 1.000000

BONE 3
OFFSET 4.865472, 1.218951, 37.228016
SCALE 1.000000, 1.000000, 1.000000
X -0.008941, 0.033879, -0.999386
Y -0.004877, -0.999415, -0.033837
Z -0.999948, 0.004571, 0.009101

BONE 4
OFFSET -4.865293, 1.218927, 37.227978
SCALE 1.000000, 1.000000, 1.000000
X -0.008909, -0.033842, 0.999388
Y -0.004870, 0.999417, 0.033800
Z -0.999948, -0.004566, -0.009069

BONE 5
OFFSET 0.000089, 1.148792, 42.432632
SCALE 1.000000, 1.000000, 1.000000
X 0.000001, 0.029870, 0.999554
Y -0.000002, -0.999554, 0.029870
Z 1.000000, -0.000002, -0.000001

BONE 6
OFFSET 4.837310, 1.325658, 34.080341
SCALE 1.000000, 1.000000, 1.000000
X -0.008941, 0.033879, -0.999386
Y -0.004864, -0.999416, -0.033837
Z -0.999948, 0.004558, 0.009101

BONE 7
OFFSET -4.837236, 1.325506, 34.080624
SCALE 1.000000, 1.000000, 1.000000
X -0.008909, -0.033842, 0.999388
Y -0.004874, 0.999417, 0.033800
Z -0.999948, -0.004570, -0.009069

BONE 8
OFFSET 4.708874, 1.812570, 19.727123
SCALE 1.000000, 1.000000, 1.000000
X -0.008203, 0.166937, -0.985933
Y -0.006021, -0.985957, -0.166891
Z -0.999948, 0.004567, 0.009093

BONE 9
OFFSET -4.708568, 1.812141, 19.727461
SCALE 1.000000, 1.000000, 1.000000
X -0.008167, -0.166975, 0.985927
Y -0.006022, 0.985950, 0.166929
Z -0.999949, -0.004574, -0.009057

BONE 10
OFFSET 0.000094, 1.131313, 47.652164
SCALE 1.000000, 1.000000, 1.000000
X 0.000003, -0.020406, 0.999792
Y 0.000005, -0.999792, -0.020406
Z 1.000000, 0.000006, -0.000003

BONE 11
OFFSET 5.004360, 4.722222, 38.974617
SCALE 1.000000, 1.000000, 1.000000
X 0.727759, 0.683250, 0.059458
Y -0.683301, 0.729785, -0.022666
Z -0.058878, -0.024132, 0.997973

BONE 12
OFFSET -2.109973, -5.727131, 41.589756
SCALE 1.000000, 1.000000, 1.000000
X -0.250519, -0.965775, -0.067221
Y 0.878804, -0.197731, -0.434288
Z 0.406133, -0.167872, 0.898262

BONE 13
OFFSET 4.584381, 4.343949, 4.776942
SCALE 1.000000, 1.000000, 1.000000
X -0.000000, -0.008729, -0.999962
Y 0.016577, -0.999824, 0.008728
Z -0.999863, -0.016577, 0.000145

BONE 14
OFFSET -4.584069, 4.344151, 4.777238
SCALE 1.000000, 1.000000, 1.000000
X 0.000009, 0.008730, 0.999962
Y 0.016581, 0.999824, -0.008729
Z -0.999862, 0.016581, -0.000136

BONE 15
OFFSET 4.700433, -0.061928, 19.740456
SCALE 1.000000, 1.000000, 1.000000
X -0.000006, 0.029848, 0.999554
Y -0.000002, -0.999554, 0.029848
Z 1.000000, -0.000002, 0.000006

BONE 16
OFFSET -4.688321, -0.066477, 19.765478
SCALE 1.000000, 1.000000, 1.000000
X -0.000042, -0.029855, -0.999554
Y -0.000010, 0.999554, -0.029855
Z 1.000000, 0.000009, -0.000042

BONE 17
OFFSET 0.000090, 1.067745, 51.758411
SCALE 1.000000, 1.000000, 1.000000
X 0.000002, -0.047080, 0.998891
Y 0.000010, -0.998891, -0.047080
Z 1.000000, 0.000011, -0.000001

BONE 18
OFFSET 0.002056, 7.939955, 50.851307
SCALE 1.000000, 1.000000, 1.000000
X -0.002312, 0.998623, 0.052401
Y -0.999994, -0.002453, 0.002620
Z 0.002745, -0.052394, 0.998623

BONE 19
OFFSET 4.746620, -1.234840, 0.330913
SCALE 1.000000, 1.000000, 1.000000
X 0.016342, -0.983115, 0.182258
Y -0.002855, 0.182235, 0.983251
Z -0.999862, -0.016588, 0.000171

BONE 20
OFFSET -4.746290, -1.234591, 0.331138
SCALE 1.000000, 1.000000, 1.000000
X 0.016296, 0.983125, -0.182210
Y -0.002898, -0.182187, -0.983260
Z -0.999863, 0.016551, -0.000120

BONE 21
OFFSET 1.356609, 1.015539, 56.400341
SCALE 1.000000, 1.000000, 1.000000
X 0.997183, -0.019399, 0.072449
Y 0.018071, 0.999657, 0.018947
Z -0.072792, -0.017584, 0.997192

BONE 22
OFFSET -1.356719, 1.015542, 56.400444
SCALE 1.000000, 1.000000, 1.000000
X 0.997186, 0.019411, -0.072414
Y 0.018084, -0.999657, -0.018932
Z -0.072757, 0.017569, -0.997195

BONE 23
OFFSET 0.000058, 0.503915, 60.542107
SCALE 1.000000, 1.000000, 1.000000
X 0.000005, -0.309757, 0.950816
Y 0.000009, -0.950816, -0.309757
Z 1.000000, 0.000010, -0.000002

BONE 24
OFFSET 4.025334, 0.920922, 58.859638
SCALE 1.000000, 1.000000, 1.000000
X -0.997186, 0.019392, -0.072414
Y -0.018067, -0.999658, -0.018910
Z -0.072756, -0.017549, 0.997195

BONE 25
OFFSET -4.025115, 0.920835, 58.859825
SCALE 1.000000, 1.000000, 1.000000
X -0.997185, -0.019413, 0.072417
Y -0.018088, 0.999658, 0.018910
Z -0.072759, 0.017547, -0.997195

BONE 26
OFFSET -28.519920, -12.713210, 38.935009
SCALE 1.000000, 1.000000, 1.000000
X 1.000000, 0.000011, -0.000001
Y 0.000007, -0.764281, -0.644884
Z -0.000008, 0.644884, -0.764281

BONE 27
OFFSET -8.127171, 6.163945, 49.508396
SCALE 1.000000, 1.000000, 1.000000
X -0.241840, 0.071854, -0.967652
Y 0.956691, 0.184189, -0.225423
Z 0.162034, -0.980261, -0.113286

BONE 28
OFFSET 4.963632, -4.733718, 50.188965
SCALE 1.000000, 1.000000, 1.000000
X 0.549449, -0.819199, -0.164375
Y 0.831898, 0.554687, 0.016344
Z 0.077787, -0.145723, 0.986263

BONE 29
OFFSET -28.519920, -12.713210, 38.935009
SCALE 1.000000, 1.000000, 1.000000
X 0.000011, -1.000000, 0.000001
Y 1.000000, 0.000011, -0.000001
Z 0.000001, 0.000001, 1.000000

BONE 30
OFFSET 0.000057, -0.306903, 63.520969
SCALE 1.000000, 1.000000, 1.000000
X -0.000007, -0.216434, 0.976297
Y 0.000005, -0.976297, -0.216434
Z 1.000000, 0.000004, 0.000008

BONE 31
OFFSET 7.725458, 0.891629, 56.863182
SCALE 1.000000, 1.000000, 1.000000
X 0.662981, -0.260696, -0.701779
Y 0.273873, 0.956889, -0.096732
Z 0.696743, -0.128067, 0.705796

BONE 32
OFFSET -7.725506, 0.891564, 56.862965
SCALE 1.000000, 1.000000, 1.000000
X 0.662960, 0.260726, 0.701788
Y 0.273916, -0.956876, 0.096734
Z 0.696745, 0.128101, -0.705788

BONE 33
OFFSET 15.846270, -1.632336, 48.642548
SCALE 1.000000, 1.000000, 1.000000
X 0.294563, -0.846066, -0.444303
Y 0.654051, 0.517466, -0.551767
Z 0.696743, -0.128067, 0.705796

BONE 34
OFFSET -15.846113, -1.632834, 48.642265
SCALE 1.000000, 1.000000, 1.000000
X 0.294518, 0.846079, 0.444308
Y 0.654068, -0.517437, 0.551773
Z 0.696745, 0.128101, -0.705788

BONE 35
OFFSET 15.742274, -1.805675, 48.713013
SCALE 1.000000, 1.000000, 1.000000
X 0.294845, -0.845858, -0.444512
Y 0.653923, 0.517813, -0.551593
Z 0.696743, -0.128042, 0.705801

BONE 36
OFFSET -15.742270, -1.806072, 48.712933
SCALE 1.000000, 1.000000, 1.000000
X 0.294819, 0.845861, 0.444523
Y 0.653933, -0.517800, 0.551592
Z 0.696745, 0.128069, -0.705794

BONE 37
OFFSET -0.000527, -1.399727, 69.807846
SCALE 1.000000, 1.000000, 1.000000
X -0.000007, -0.216434, 0.976297
Y 0.000005, -0.976297, -0.216434
Z 1.000000, 0.000004, 0.000008

BONE 38
OFFSET 8.032188, 0.771017, 56.538502
SCALE 1.000000, 1.000000, 1.000000
X 0.662981, -0.260696, -0.701779
Y 0.273875, 0.956889, -0.096730
Z 0.696742, -0.128070, 0.705797

BONE 39
OFFSET -8.001591, 0.782987, 56.570709
SCALE 1.000000, 1.000000, 1.000000
X 0.662960, 0.260726, 0.701788
Y 0.273908, -0.956878, 0.096742
Z 0.696748, 0.128089, -0.705787

BONE 40
OFFSET -0.000540, -0.362329, 71.243195
SCALE 1.000000, 1.000000, 1.000000
X 0.000005, -0.999048, 0.043625
Y 1.000000, 0.000005, 0.000005
Z -0.000005, 0.043625, 0.999048

BONE 41
OFFSET 18.585669, -10.419226, 44.089733
SCALE 1.000000, 1.000000, 1.000000
X 0.299004, -0.782064, -0.546784
Y -0.792522, 0.115636, -0.598779
Z 0.531512, 0.612376, -0.585227

BONE 42
OFFSET -18.585567, -10.419399, 44.089657
SCALE 1.000000, 1.000000, 1.000000
X 0.299011, 0.782058, 0.546788
Y -0.792524, -0.115633, 0.598778
Z 0.531506, -0.612384, 0.585224

BONE 43
OFFSET 17.753496, -7.897926, 45.442410
SCALE 1.000000, 1.000000, 1.000000
X 0.294846, -0.845857, -0.444513
Y 0.653930, 0.517812, -0.551585
Z 0.696736, -0.128048, 0.705806

BONE 44
OFFSET -17.753546, -7.898361, 45.442448
SCALE 1.000000, 1.000000, 1.000000
X 0.294819, 0.845861, 0.444523
Y 0.653933, -0.517800, 0.551592
Z 0.696745, 0.128069, -0.705794

BONE 45
OFFSET 18.943596, -14.118733, 43.296165
SCALE 1.000000, 1.000000, 1.000000
X 0.252533, -0.921880, -0.293878
Y -0.670074, 0.052482, -0.740436
Z 0.698017, 0.383905, -0.604475

BONE 46
OFFSET -18.943485, -14.118932, 43.296089
SCALE 1.000000, 1.000000, 1.000000
X 0.252692, 0.921873, 0.293763
Y -0.670040, -0.052297, 0.740480
Z 0.697992, -0.383946, 0.604477

BONE 47
OFFSET 19.641989, -13.608097, 42.701954
SCALE 1.000000, 1.000000, 1.000000
X 0.066843, -0.793765, -0.604540
Y -0.837155, 0.285040, -0.466823
Z 0.542866, 0.537298, -0.645452

BONE 48
OFFSET -19.641909, -13.608223, 42.701809
SCALE 1.000000, 1.000000, 1.000000
X 0.066887, 0.793771, 0.604528
Y -0.837171, -0.284987, 0.466827
Z 0.542836, -0.537317, 0.645460

BONE 49
OFFSET 20.410118, -12.159682, 41.480377
SCALE 1.000000, 1.000000, 1.000000
X -0.099274, -0.722106, -0.684623
Y -0.848031, 0.421335, -0.321434
Z 0.520565, 0.548671, -0.654195

BONE 50
OFFSET -20.410091, -12.159837, 41.480251
SCALE 1.000000, 1.000000, 1.000000
X -0.099304, 0.722089, 0.684635
Y -0.848020, -0.421369, 0.321418
Z 0.520577, -0.548666, 0.654190

BONE 51
OFFSET 20.114302, -12.876246, 42.061901
SCALE 1.000000, 1.000000, 1.000000
X -0.006006, -0.738898, -0.673791
Y -0.878970, 0.325202, -0.348791
Z 0.476839, 0.590147, -0.651422

BONE 52
OFFSET -20.114208, -12.876396, 42.061890
SCALE 1.000000, 1.000000, 1.000000
X -0.005979, 0.738908, 0.673780
Y -0.878978, -0.325169, 0.348801
Z 0.476825, -0.590152, 0.651428

BONE 53
OFFSET 18.473015, -11.541899, 44.177650
SCALE 1.000000, 1.000000, 1.000000
X -0.766327, -0.594301, -0.244027
Y 0.525231, -0.360813, -0.770679
Z 0.369968, -0.718763, 0.588646

BONE 54
OFFSET -18.472874, -11.542074, 44.177635
SCALE 1.000000, 1.000000, 1.000000
X -0.766329, 0.594294, 0.244036
Y 0.525229, 0.360803, 0.770685
Z 0.369965, 0.718773, -0.588635

BONE 55
OFFSET -28.519896, -12.719981, 38.932270
SCALE 1.000000, 1.000000, 1.000000
X 0.000190, -1.000000, -0.000189
Y 1.000000, 0.000190, 0.000053
Z -0.000053, -0.000189, 1.000000

BONE 56
OFFSET -28.520119, -12.709172, 38.935143
SCALE 1.000000, 1.000000, 1.000000
X -0.000199, -1.000000, -0.000195
Y 0.998877, -0.000190, -0.047381
Z 0.047381, -0.000205, 0.998877

BONE 57
OFFSET 19.335176, -15.548034, 42.840546
SCALE 1.000000, 1.000000, 1.000000
X -0.305493, -0.603804, -0.736271
Y -0.647669, 0.698577, -0.304162
Z 0.697997, 0.383940, -0.604476

BONE 58
OFFSET -19.335234, -15.548249, 42.840523
SCALE 1.000000, 1.000000, 1.000000
X -0.305842, 0.603512, 0.736365
Y -0.647460, -0.698892, 0.303884
Z 0.698038, -0.383827, 0.604500

BONE 59
OFFSET 19.766018, -15.080857, 41.580357
SCALE 1.000000, 1.000000, 1.000000
X -0.742584, -0.051931, -0.667737
Y -0.392291, 0.841795, 0.370795
Z 0.542841, 0.537294, -0.645475

BONE 60
OFFSET -19.765930, -15.081016, 41.579948
SCALE 1.000000, 1.000000, 1.000000
X -0.742558, 0.051921, 0.667766
Y -0.392315, -0.841780, -0.370804
Z 0.542860, -0.537318, 0.645439

BONE 61
OFFSET 20.291075, -13.025280, 40.659801
SCALE 1.000000, 1.000000, 1.000000
X -0.734217, -0.103408, -0.670993
Y -0.435791, 0.829631, 0.348997
Z 0.520587, 0.548653, -0.654194

BONE 62
OFFSET -20.291012, -13.025424, 40.659672
SCALE 1.000000, 1.000000, 1.000000
X -0.734208, 0.103424, 0.671001
Y -0.435814, -0.829619, -0.348996
Z 0.520581, -0.548667, 0.654187

BONE 63
OFFSET 20.104219, -14.119193, 40.928596
SCALE 1.000000, 1.000000, 1.000000
X -0.750598, -0.112264, -0.651152
Y -0.457408, 0.799450, 0.389433
Z 0.476844, 0.590150, -0.651416

BONE 64
OFFSET -20.104130, -14.119358, 40.928261
SCALE 1.000000, 1.000000, 1.000000
X -0.750602, 0.112272, 0.651146
Y -0.457410, -0.799450, -0.389431
Z 0.476836, -0.590148, 0.651423

BONE 65
OFFSET 16.629330, -12.971684, 43.590553
SCALE 1.000000, 1.000000, 1.000000
X -0.513767, -0.686190, -0.514963
Y 0.774059, -0.111908, -0.623144
Z 0.369966, -0.718763, 0.588646

BONE 66
OFFSET -16.629194, -12.971821, 43.590179
SCALE 1.000000, 1.000000, 1.000000
X -0.513765, 0.686181, 0.514977
Y 0.774059, 0.111890, 0.623148
Z 0.369972, 0.718774, -0.588629

BONE 67
OFFSET 19.038221, -16.134914, 42.125023
SCALE 1.000000, 1.000000, 1.000000
X -0.554097, -0.245160, -0.795533
Y -0.453622, 0.890222, 0.041612
Z 0.698000, 0.383929, -0.604479

BONE 68
OFFSET -19.037983, -16.134798, 42.125008
SCALE 1.000000, 1.000000, 1.000000
X -0.553871, 0.245483, 0.795591
Y -0.453788, -0.890154, -0.041256
Z 0.698071, -0.383880, 0.604428

BONE 69
OFFSET 18.948034, -15.138112, 40.844826
SCALE 1.000000, 1.000000, 1.000000
X -0.836744, 0.280258, -0.470441
Y -0.071875, 0.795463, 0.601724
Z 0.542857, 0.537302, -0.645456

BONE 70
OFFSET -18.947971, -15.138271, 40.844528
SCALE 1.000000, 1.000000, 1.000000
X -0.836742, -0.280254, 0.470448
Y -0.071886, -0.795461, -0.601726
Z 0.542859, -0.537308, 0.645449

BONE 71
OFFSET 19.784019, -13.096679, 40.196491
SCALE 1.000000, 1.000000, 1.000000
X -0.853803, 0.339164, -0.394953
Y 0.005198, 0.764171, 0.644992
Z 0.520570, 0.548643, -0.654215

BONE 72
OFFSET -19.783998, -13.096812, 40.196270
SCALE 1.000000, 1.000000, 1.000000
X -0.853799, -0.339166, 0.394959
Y 0.005186, -0.764161, -0.645004
Z 0.520576, -0.548656, 0.654199

BONE 73
OFFSET 19.396437, -14.225060, 40.314682
SCALE 1.000000, 1.000000, 1.000000
X -0.861545, 0.166924, -0.479454
Y -0.174209, 0.789854, 0.588033
Z 0.476856, 0.590142, -0.651415

BONE 74
OFFSET -19.396343, -14.225204, 40.314499
SCALE 1.000000, 1.000000, 1.000000
X -0.861557, -0.166916, 0.479436
Y -0.174209, -0.789846, -0.588043
Z 0.476834, -0.590155, 0.651419

BONE 75
OFFSET 16.015608, -13.791351, 42.975456
SCALE 1.000000, 1.000000, 1.000000
X -0.178188, -0.676734, -0.714339
Y 0.911796, 0.159395, -0.378446
Z 0.369969, -0.718766, 0.588641

BONE 76
OFFSET -16.015455, -13.791477, 42.975048
SCALE 1.000000, 1.000000, 1.000000
X -0.178183, 0.676724, 0.714350
Y 0.911791, -0.159415, 0.378450
Z 0.369984, 0.718771, -0.588626

NUMVERTS 3094
VERT 0
OFFSET 3.055691, -3.743343, 66.936638
BONES 1
BONE 30 1.000000

VERT 1
OFFSET 2.220061, -4.758795, 67.322014
BONES 1
BONE 30 1.000000

VERT 2
OFFSET 2.220061, -6.101151, 67.245651
BONES 1
BONE 30 1.000000

VERT 3
OFFSET 3.055690, -4.991856, 66.920227
BONES 1
BONE 30 1.000000

VERT 4
OFFSET 1.167106, -5.416256, 67.495872
BONES 1
BONE 30 1.000000

VERT 5
OFFSET 1.167106, -6.766502, 67.411118
BONES 1
BONE 30 1.000000

VERT 6
OFFSET -0.000102, -5.643147, 67.551140
BONES 1
BONE 30 1.000000

VERT 7
OFFSET -0.000102, -6.995303, 67.489143
BONES 1
BONE 30 1.000000

VERT 8
OFFSET -1.167310, -5.416253, 67.495880
BONES 1
BONE 30 1.000000

VERT 9
OFFSET -1.167310, -6.766500, 67.411118
BONES 1
BONE 30 1.000000

VERT 10
OFFSET -2.220263, -4.758793, 67.322014
BONES 1
BONE 30 1.000000

VERT 11
OFFSET -2.220263, -6.101150, 67.245651
BONES 1
BONE 30 1.000000

VERT 12
OFFSET -3.055892, -3.743343, 66.936638
BONES 1
BONE 30 1.000000

VERT 13
OFFSET -3.055892, -4.991857, 66.920227
BONES 1
BONE 30 1.000000

VERT 14
OFFSET -3.055892, -6.318650, 66.860634
BONES 1
BONE 30 1.000000

VERT 15
OFFSET -2.220263, -7.506278, 67.186760
BONES 1
BONE 30 1.000000

VERT 16
OFFSET -1.167310, -8.171116, 67.375450
BONES 1
BONE 30 1.000000

VERT 17
OFFSET -0.000102, -8.399153, 67.488449
BONES 1
BONE 30 1.000000

VERT 18
OFFSET 1.167106, -8.171116, 67.375450
BONES 1
BONE 30 1.000000

VERT 19
OFFSET 2.220061, -7.506275, 67.186752
BONES 1
BONE 30 1.000000

VERT 20
OFFSET 3.055690, -6.318650, 66.860626
BONES 1
BONE 30 1.000000

VERT 21
OFFSET 3.432788, -1.755056, 70.366043
BONES 1
BONE 30 1.000000

VERT 22
OFFSET 2.920341, -2.997488, 70.570122
BONES 1
BONE 30 1.000000

VERT 23
OFFSET 2.121995, -3.983770, 70.732018
BONES 1
BONE 30 1.000000

VERT 24
OFFSET 1.115687, -4.617218, 70.835976
BONES 1
BONE 30 1.000000

VERT 25
OFFSET -0.000102, -4.835551, 70.871788
BONES 1
BONE 30 1.000000

VERT 26
OFFSET -1.115881, -4.617218, 70.835976
BONES 1
BONE 30 1.000000

VERT 27
OFFSET -2.122188, -3.983769, 70.732018
BONES 1
BONE 30 1.000000

VERT 28
OFFSET -2.920535, -2.997488, 70.570122
BONES 1
BONE 30 1.000000

VERT 29
OFFSET -3.432976, -1.755056, 70.366043
BONES 1
BONE 30 1.000000

VERT 30
OFFSET -3.609553, -0.378023, 70.139748
BONES 1
BONE 30 1.000000

VERT 31
OFFSET -3.433041, 0.999009, 69.913300
BONES 1
BONE 30 1.000000

VERT 32
OFFSET -2.920639, 2.241423, 69.708855
BONES 1
BONE 30 1.000000

VERT 33
OFFSET -2.122293, 3.227687, 69.546494
BONES 1
BONE 30 1.000000

VERT 34
OFFSET -1.115945, 3.861126, 69.442184
BONES 1
BONE 30 1.000000

VERT 35
OFFSET -0.000102, 4.079450, 69.406250
BONES 1
BONE 30 1.000000

VERT 36
OFFSET 1.115751, 3.861125, 69.442184
BONES 1
BONE 30 1.000000

VERT 37
OFFSET 2.122099, 3.227685, 69.546494
BONES 1
BONE 30 1.000000

VERT 38
OFFSET 2.920444, 2.241422, 69.708855
BONES 1
BONE 30 1.000000

VERT 39
OFFSET 3.432849, 0.999009, 69.913300
BONES 1
BONE 30 1.000000

VERT 40
OFFSET 3.609361, -0.378022, 70.139748
BONES 1
BONE 30 1.000000

VERT 41
OFFSET 3.592199, -2.425220, 66.966873
BONES 1
BONE 30 1.000000

VERT 42
OFFSET 3.055691, -3.727887, 67.143311
BONES 1
BONE 30 1.000000

VERT 43
OFFSET 2.220061, -4.742463, 67.540405
BONES 1
BONE 30 1.000000

VERT 44
OFFSET 1.167106, -5.399923, 67.714264
BONES 1
BONE 30 1.000000

VERT 45
OFFSET -0.000102, -5.626814, 67.769547
BONES 1
BONE 30 1.000000

VERT 46
OFFSET -1.167310, -5.399923, 67.714264
BONES 1
BONE 30 1.000000

VERT 47
OFFSET -2.220263, -4.742461, 67.540405
BONES 1
BONE 30 1.000000

VERT 48
OFFSET -3.055892, -3.727887, 67.143311
BONES 1
BONE 30 1.000000

VERT 49
OFFSET -3.592397, -2.425220, 66.966873
BONES 1
BONE 30 1.000000

VERT 50
OFFSET -3.777265, -0.981830, 66.762993
BONES 1
BONE 30 1.000000

VERT 51
OFFSET -3.592397, 0.458981, 66.524635
BONES 1
BONE 30 1.000000

VERT 52
OFFSET -3.055891, 1.756568, 66.280296
BONES 1
BONE 30 1.000000

VERT 53
OFFSET -2.220263, 2.789440, 66.127838
BONES 1
BONE 30 1.000000

VERT 54
OFFSET -1.167310, 3.453726, 66.045250
BONES 1
BONE 30 1.000000

VERT 55
OFFSET -0.000102, 3.681944, 66.007744
BONES 1
BONE 30 1.000000

VERT 56
OFFSET 1.167106, 3.453726, 66.045250
BONES 1
BONE 30 1.000000

VERT 57
OFFSET 2.220059, 2.789436, 66.127838
BONES 1
BONE 30 1.000000

VERT 58
OFFSET 3.055689, 1.756568, 66.280296
BONES 1
BONE 30 1.000000

VERT 59
OFFSET 3.592196, 0.458981, 66.524635
BONES 1
BONE 30 1.000000

VERT 60
OFFSET 3.777065, -0.981830, 66.762993
BONES 1
BONE 30 1.000000

VERT 61
OFFSET 3.630419, 0.763242, 68.144135
BONES 1
BONE 30 1.000000

VERT 62
OFFSET 3.107100, 2.085432, 67.927597
BONES 1
BONE 30 1.000000

VERT 63
OFFSET 2.261872, 3.136550, 67.755272
BONES 1
BONE 30 1.000000

VERT 64
OFFSET 1.151799, 3.698165, 67.660782
BONES 1
BONE 30 1.000000

VERT 65
OFFSET -0.000102, 3.952979, 67.619431
BONES 1
BONE 30 1.000000

VERT 66
OFFSET -1.152036, 3.698246, 67.660759
BONES 1
BONE 30 1.000000

VERT 67
OFFSET -2.263343, 3.138206, 67.754990
BONES 1
BONE 30 1.000000

VERT 68
OFFSET -3.107488, 2.085553, 67.927597
BONES 1
BONE 30 1.000000

VERT 69
OFFSET -3.630806, 0.763299, 68.144127
BONES 1
BONE 30 1.000000

VERT 70
OFFSET -3.729509, -0.687026, 68.382050
BONES 1
BONE 30 1.000000

VERT 71
OFFSET -3.632240, -2.136785, 68.620758
BONES 1
BONE 30 1.000000

VERT 72
OFFSET -3.115238, -3.462982, 68.838120
BONES 1
BONE 30 1.000000

VERT 73
OFFSET -2.242313, -4.482153, 69.006165
BONES 1
BONE 30 1.000000

VERT 74
OFFSET -1.173967, -5.135611, 69.113937
BONES 1
BONE 30 1.000000

VERT 75
OFFSET -0.000099, -5.363639, 69.151711
BONES 1
BONE 30 1.000000

VERT 76
OFFSET 1.173268, -5.134135, 69.113670
BONES 1
BONE 30 1.000000

VERT 77
OFFSET 2.241586, -4.481477, 69.006050
BONES 1
BONE 30 1.000000

VERT 78
OFFSET 3.114498, -3.462633, 68.838043
BONES 1
BONE 30 1.000000

VERT 79
OFFSET 3.632077, -2.136796, 68.620766
BONES 1
BONE 30 1.000000

VERT 80
OFFSET 3.729330, -0.687025, 68.382050
BONES 1
BONE 30 1.000000

VERT 81
OFFSET 2.194029, -1.192579, 70.718124
BONES 1
BONE 30 1.000000

VERT 82
OFFSET 1.862200, -1.991767, 70.801186
BONES 1
BONE 30 1.000000

VERT 83
OFFSET 1.354243, -2.622169, 70.904846
BONES 1
BONE 30 1.000000

VERT 84
OFFSET 0.712460, -3.027924, 70.971573
BONES 1
BONE 30 1.000000

VERT 85
OFFSET -0.000102, -3.167948, 70.994598
BONES 1
BONE 30 1.000000

VERT 86
OFFSET -0.712661, -3.027921, 70.971573
BONES 1
BONE 30 1.000000

VERT 87
OFFSET -1.354440, -2.622160, 70.904839
BONES 1
BONE 30 1.000000

VERT 88
OFFSET -1.862394, -1.991760, 70.801186
BONES 1
BONE 30 1.000000

VERT 89
OFFSET -2.194130, -1.192460, 70.718597
BONES 1
BONE 30 1.000000

VERT 90
OFFSET -2.307802, -0.312054, 70.583534
BONES 1
BONE 30 1.000000

VERT 91
OFFSET -2.191171, 0.560387, 70.410645
BONES 1
BONE 30 1.000000

VERT 92
OFFSET -1.862893, 1.346746, 70.252411
BONES 1
BONE 30 1.000000

VERT 93
OFFSET -1.354917, 1.977518, 70.148758
BONES 1
BONE 30 1.000000

VERT 94
OFFSET -0.712945, 2.383560, 70.082062
BONES 1
BONE 30 1.000000

VERT 95
OFFSET -0.000102, 2.523684, 70.059029
BONES 1
BONE 30 1.000000

VERT 96
OFFSET 0.712744, 2.383563, 70.082062
BONES 1
BONE 30 1.000000

VERT 97
OFFSET 1.354720, 1.977523, 70.148758
BONES 1
BONE 30 1.000000

VERT 98
OFFSET 1.862700, 1.346752, 70.252411
BONES 1
BONE 30 1.000000

VERT 99
OFFSET 2.191232, 0.560520, 70.410942
BONES 1
BONE 30 1.000000

VERT 100
OFFSET 2.307609, -0.312121, 70.583191
BONES 1
BONE 30 1.000000

VERT 101
OFFSET -0.000102, -0.304906, 70.689110
BONES 1
BONE 30 1.000000

VERT 102
OFFSET 3.055691, -6.314135, 67.066597
BONES 1
BONE 30 1.000000

VERT 103
OFFSET 2.220061, -7.501764, 67.392746
BONES 1
BONE 30 1.000000

VERT 104
OFFSET 1.167106, -8.166604, 67.581421
BONES 1
BONE 30 1.000000

VERT 105
OFFSET -0.000102, -8.394642, 67.694420
BONES 1
BONE 30 1.000000

VERT 106
OFFSET -1.167310, -8.166604, 67.581421
BONES 1
BONE 30 1.000000

VERT 107
OFFSET -2.220263, -7.501764, 67.392746
BONES 1
BONE 30 1.000000

VERT 108
OFFSET -3.055892, -6.314135, 67.066597
BONES 1
BONE 30 1.000000

VERT 109
OFFSET -3.055892, -4.987343, 67.126198
BONES 1
BONE 30 1.000000

VERT 110
OFFSET -2.220263, -6.096354, 67.464531
BONES 1
BONE 30 1.000000

VERT 111
OFFSET -1.167310, -6.761706, 67.629997
BONES 1
BONE 30 1.000000

VERT 112
OFFSET -0.000102, -6.990509, 67.708023
BONES 1
BONE 30 1.000000

VERT 113
OFFSET 1.167106, -6.761706, 67.629997
BONES 1
BONE 30 1.000000

VERT 114
OFFSET 2.220061, -6.096355, 67.464531
BONES 1
BONE 30 1.000000

VERT 115
OFFSET 3.055691, -4.987343, 67.126198
BONES 1
BONE 30 1.000000

VERT 116
OFFSET 3.592199, -2.439970, 66.769661
BONES 1
BONE 30 1.000000

VERT 117
OFFSET -3.592397, -2.439970, 66.769661
BONES 1
BONE 30 1.000000

VERT 118
OFFSET -3.777265, -0.996578, 66.565773
BONES 1
BONE 30 1.000000

VERT 119
OFFSET -3.592397, 0.444233, 66.327408
BONES 1
BONE 30 1.000000

VERT 120
OFFSET -3.055891, 1.741820, 66.083092
BONES 1
BONE 30 1.000000

VERT 121
OFFSET -2.220263, 2.774692, 65.930626
BONES 1
BONE 30 1.000000

VERT 122
OFFSET -1.167310, 3.438977, 65.848045
BONES 1
BONE 30 1.000000

VERT 123
OFFSET -0.000102, 3.667195, 65.810532
BONES 1
BONE 30 1.000000

VERT 124
OFFSET 1.167106, 3.438977, 65.848045
BONES 1
BONE 30 1.000000

VERT 125
OFFSET 2.220059, 2.774688, 65.930618
BONES 1
BONE 30 1.000000

VERT 126
OFFSET 3.055689, 1.741820, 66.083092
BONES 1
BONE 30 1.000000

VERT 127
OFFSET 3.592196, 0.444233, 66.327408
BONES 1
BONE 30 1.000000

VERT 128
OFFSET 3.777065, -0.996578, 66.565773
BONES 1
BONE 30 1.000000

VERT 129
OFFSET -0.000101, -0.913527, 67.676353
BONES 1
BONE 30 1.000000

VERT 130
OFFSET 10.348227, -1.653369, 34.967983
BONES 1
BONE 1 1.000000

VERT 131
OFFSET 7.848996, -1.767795, 34.798008
BONES 1
BONE 1 1.000000

VERT 132
OFFSET 9.777270, -1.789645, 44.752567
BONES 1
BONE 1 1.000000

VERT 133
OFFSET 7.578157, -2.049504, 44.420216
BONES 1
BONE 1 1.000000

VERT 134
OFFSET 10.251824, 2.672246, 35.227287
BONES 1
BONE 1 1.000000

VERT 135
OFFSET 9.824587, 2.458981, 39.901199
BONES 1
BONE 1 1.000000

VERT 136
OFFSET 9.567780, 2.515662, 45.002888
BONES 1
BONE 1 1.000000

VERT 137
OFFSET 7.836283, 2.566790, 34.929638
BONES 1
BONE 1 1.000000

VERT 138
OFFSET 7.524516, 2.628515, 44.674713
BONES 1
BONE 1 1.000000

VERT 139
OFFSET 10.521379, 0.155921, 35.229431
BONES 1
BONE 1 1.000000

VERT 140
OFFSET 8.706985, 0.016800, 45.227989
BONES 1
BONE 1 1.000000

VERT 141
OFFSET 8.739899, 2.778597, 34.933380
BONES 1
BONE 1 1.000000

VERT 142
OFFSET 8.798207, 0.274061, 34.451408
BONES 1
BONE 1 1.000000

VERT 143
OFFSET 8.803054, -1.652254, 34.716297
BONES 1
BONE 1 1.000000

VERT 144
OFFSET 8.757032, 2.941773, 39.737858
BONES 1
BONE 1 1.000000

VERT 145
OFFSET 10.435301, 0.340122, 34.491798
BONES 1
BONE 1 1.000000

VERT 146
OFFSET 9.946354, -1.590823, 40.015762
BONES 1
BONE 1 1.000000

VERT 147
OFFSET 8.375100, 2.852945, 41.835819
BONES 1
BONE 1 1.000000

VERT 148
OFFSET 8.354011, -2.229440, 40.131458
BONES 1
BONE 1 1.000000

VERT 149
OFFSET 9.436530, -2.669990, 40.271969
BONES 1
BONE 1 1.000000

VERT 150
OFFSET 9.843335, 0.098780, 44.860054
BONES 1
BONE 1 1.000000

VERT 151
OFFSET 5.324707, -4.780276, 58.538795
BONES 2
BONE 17 0.900000
BONE 21 0.100000

VERT 152
OFFSET 5.825366, -5.499198, 58.181431
BONES 2
BONE 17 0.900000
BONE 21 0.100000

VERT 153
OFFSET 6.409930, -6.287210, 57.686710
BONES 2
BONE 17 0.900000
BONE 21 0.100000

VERT 154
OFFSET 6.901127, -7.000802, 56.551319
BONES 2
BONE 17 0.900000
BONE 21 0.100000

VERT 155
OFFSET 5.348062, -5.135407, 57.510647
BONES 2
BONE 17 0.900000
BONE 21 0.100000

VERT 156
OFFSET 5.077076, -4.122584, 58.005104
BONES 2
BONE 17 0.900000
BONE 21 0.100000

VERT 157
OFFSET 5.231158, -4.740684, 57.210560
BONES 2
BONE 17 0.900000
BONE 21 0.100000

VERT 158
OFFSET 5.042629, -3.954200, 57.756523
BONES 2
BONE 17 0.900000
BONE 21 0.100000

VERT 159
OFFSET 5.027261, -4.952719, 58.357571
BONES 2
BONE 17 0.900000
BONE 21 0.100000

VERT 160
OFFSET 5.434812, -5.543032, 57.918331
BONES 2
BONE 17 0.900000
BONE 21 0.100000

VERT 161
OFFSET 6.117359, -6.294492, 57.488712
BONES 2
BONE 17 0.900000
BONE 21 0.100000

VERT 162
OFFSET 4.831326, -4.342108, 57.883308
BONES 2
BONE 17 0.900000
BONE 21 0.100000

VERT 163
OFFSET 5.803812, -4.409712, 57.352043
BONES 2
BONE 17 0.900000
BONE 21 0.100000

VERT 164
OFFSET 5.973893, -4.773706, 57.665260
BONES 2
BONE 17 0.900000
BONE 21 0.100000

VERT 165
OFFSET 5.662768, -4.585424, 58.514580
BONES 2
BONE 17 0.900000
BONE 21 0.100000

VERT 166
OFFSET 6.607180, -6.011396, 57.609726
BONES 2
BONE 17 0.900000
BONE 21 0.100000

VERT 167
OFFSET 5.419957, -4.020164, 58.007687
BONES 2
BONE 17 0.900000
BONE 21 0.100000

VERT 168
OFFSET 7.184557, -6.836994, 56.621342
BONES 2
BONE 17 0.900000
BONE 21 0.100000

VERT 169
OFFSET 6.126588, -5.143217, 58.089241
BONES 2
BONE 17 0.900000
BONE 21 0.100000

VERT 170
OFFSET 7.067312, -6.978754, 56.712822
BONES 2
BONE 17 0.900000
BONE 21 0.100000

VERT 171
OFFSET 7.111526, -6.589862, 55.466522
BONES 2
BONE 17 0.900000
BONE 21 0.100000

VERT 172
OFFSET 7.358914, -6.321286, 55.446930
BONES 2
BONE 17 0.900000
BONE 21 0.100000

VERT 173
OFFSET 7.385468, -6.007211, 55.261543
BONES 2
BONE 17 0.900000
BONE 21 0.100000

VERT 174
OFFSET 7.175627, -5.831617, 55.018948
BONES 2
BONE 17 0.900000
BONE 21 0.100000

VERT 175
OFFSET 6.852319, -5.897365, 54.861259
BONES 2
BONE 17 0.900000
BONE 21 0.100000

VERT 176
OFFSET 6.604931, -6.165944, 54.880836
BONES 2
BONE 17 0.900000
BONE 21 0.100000

VERT 177
OFFSET 6.578379, -6.480020, 55.066231
BONES 2
BONE 17 0.900000
BONE 21 0.100000

VERT 178
OFFSET 6.788218, -6.655613, 55.308826
BONES 2
BONE 17 0.900000
BONE 21 0.100000

VERT 179
OFFSET 5.707139, -5.145437, 57.773174
BONES 2
BONE 17 0.900000
BONE 21 0.100000

VERT 180
OFFSET 5.971788, -4.858123, 57.752220
BONES 2
BONE 17 0.900000
BONE 21 0.100000

VERT 181
OFFSET 6.000193, -4.522134, 57.553894
BONES 2
BONE 17 0.900000
BONE 21 0.100000

VERT 182
OFFSET 5.775715, -4.334291, 57.294373
BONES 2
BONE 17 0.900000
BONE 21 0.100000

VERT 183
OFFSET 5.429849, -4.404626, 57.125679
BONES 2
BONE 17 0.900000
BONE 21 0.100000

VERT 184
OFFSET 5.165205, -4.691943, 57.146629
BONES 2
BONE 17 0.900000
BONE 21 0.100000

VERT 185
OFFSET 5.136797, -5.027930, 57.344952
BONES 2
BONE 17 0.900000
BONE 21 0.100000

VERT 186
OFFSET 5.361279, -5.215776, 57.604477
BONES 2
BONE 17 0.900000
BONE 21 0.100000

VERT 187
OFFSET 5.212363, -6.112630, 56.071568
BONES 2
BONE 17 0.900000
BONE 21 0.100000

VERT 188
OFFSET 5.281511, -5.294681, 55.588753
BONES 2
BONE 17 0.900000
BONE 21 0.100000

VERT 189
OFFSET 5.925784, -4.595223, 55.537750
BONES 2
BONE 17 0.900000
BONE 21 0.100000

VERT 190
OFFSET 6.767777, -4.423991, 55.948433
BONES 2
BONE 17 0.900000
BONE 21 0.100000

VERT 191
OFFSET 7.314260, -4.881290, 56.580227
BONES 2
BONE 17 0.900000
BONE 21 0.100000

VERT 192
OFFSET 7.245109, -5.699239, 57.063042
BONES 2
BONE 17 0.900000
BONE 21 0.100000

VERT 193
OFFSET 6.600836, -6.398696, 57.114044
BONES 2
BONE 17 0.900000
BONE 21 0.100000

VERT 194
OFFSET 5.758843, -6.569929, 56.703362
BONES 2
BONE 17 0.900000
BONE 21 0.100000

VERT 195
OFFSET 4.987833, -5.598334, 56.756134
BONES 2
BONE 17 0.900000
BONE 21 0.100000

VERT 196
OFFSET 5.045604, -4.914988, 56.352776
BONES 2
BONE 17 0.900000
BONE 21 0.100000

VERT 197
OFFSET 5.583856, -4.330632, 56.310165
BONES 2
BONE 17 0.900000
BONE 21 0.100000

VERT 198
OFFSET 6.287292, -4.187578, 56.653259
BONES 2
BONE 17 0.900000
BONE 21 0.100000

VERT 199
OFFSET 6.743847, -4.569625, 57.181091
BONES 2
BONE 17 0.900000
BONE 21 0.100000

VERT 200
OFFSET 6.686076, -5.252972, 57.584454
BONES 2
BONE 17 0.900000
BONE 21 0.100000

VERT 201
OFFSET 6.147820, -5.837326, 57.627071
BONES 2
BONE 17 0.900000
BONE 21 0.100000

VERT 202
OFFSET 5.444389, -5.980382, 57.283962
BONES 2
BONE 17 0.900000
BONE 21 0.100000

VERT 203
OFFSET 6.354605, -5.148960, 55.106216
BONES 2
BONE 17 0.900000
BONE 21 0.100000

VERT 204
OFFSET 7.031297, -5.011344, 55.436275
BONES 2
BONE 17 0.900000
BONE 21 0.100000

VERT 205
OFFSET 7.470495, -5.378866, 55.944031
BONES 2
BONE 17 0.900000
BONE 21 0.100000

VERT 206
OFFSET 7.414921, -6.036234, 56.332062
BONES 2
BONE 17 0.900000
BONE 21 0.100000

VERT 207
OFFSET 6.897128, -6.598371, 56.373055
BONES 2
BONE 17 0.900000
BONE 21 0.100000

VERT 208
OFFSET 6.220437, -6.735986, 56.042995
BONES 2
BONE 17 0.900000
BONE 21 0.100000

VERT 209
OFFSET 5.781240, -6.368464, 55.535233
BONES 2
BONE 17 0.900000
BONE 21 0.100000

VERT 210
OFFSET 5.836816, -5.711097, 55.147209
BONES 2
BONE 17 0.900000
BONE 21 0.100000

VERT 211
OFFSET -2.434664, -5.824181, 43.010189
BONES 2
BONE 1 0.900000
BONE 5 0.100000

VERT 212
OFFSET -3.065321, -5.875320, 43.244183
BONES 2
BONE 1 0.900000
BONE 5 0.100000

VERT 213
OFFSET -3.182857, -5.079200, 43.075115
BONES 2
BONE 1 0.900000
BONE 5 0.100000

VERT 214
OFFSET -2.610674, -5.017558, 42.854103
BONES 2
BONE 1 0.900000
BONE 5 0.100000

VERT 215
OFFSET -3.291208, -6.037046, 42.690525
BONES 2
BONE 1 0.900000
BONE 5 0.100000

VERT 216
OFFSET -3.131813, -6.367391, 42.864143
BONES 2
BONE 1 0.900000
BONE 5 0.100000

VERT 217
OFFSET -2.610570, -5.963708, 42.427624
BONES 2
BONE 1 0.900000
BONE 5 0.100000

VERT 218
OFFSET -3.124777, -6.777940, 42.628674
BONES 2
BONE 1 0.900000
BONE 5 0.100000

VERT 219
OFFSET -3.049919, -6.880720, 42.691994
BONES 2
BONE 1 0.900000
BONE 5 0.100000

VERT 220
OFFSET -2.634537, -6.725119, 42.439320
BONES 2
BONE 1 0.900000
BONE 5 0.100000

VERT 221
OFFSET -4.041151, -7.881573, 39.896767
BONES 2
BONE 1 0.900000
BONE 5 0.100000

VERT 222
OFFSET -4.003541, -7.982041, 39.915947
BONES 2
BONE 1 0.900000
BONE 5 0.100000

VERT 223
OFFSET -3.585263, -7.832467, 39.720684
BONES 2
BONE 1 0.900000
BONE 5 0.100000

VERT 224
OFFSET -3.423392, -5.350204, 42.419086
BONES 2
BONE 1 0.900000
BONE 5 0.100000

VERT 225
OFFSET -2.823135, -5.285542, 42.187237
BONES 2
BONE 1 0.900000
BONE 5 0.100000

VERT 226
OFFSET -4.059996, -5.165151, 42.444664
BONES 2
BONE 1 0.900000
BONE 5 0.100000

VERT 227
OFFSET -3.771557, -6.266465, 42.692162
BONES 2
BONE 1 0.900000
BONE 5 0.100000

VERT 228
OFFSET -2.700527, -6.646384, 42.435448
BONES 2
BONE 1 0.900000
BONE 5 0.100000

VERT 229
OFFSET -2.147151, -6.136277, 42.078915
BONES 2
BONE 1 0.900000
BONE 5 0.100000

VERT 230
OFFSET -2.154034, -5.341735, 41.829514
BONES 2
BONE 1 0.900000
BONE 5 0.100000

VERT 231
OFFSET -2.717144, -4.728189, 41.833328
BONES 2
BONE 1 0.900000
BONE 5 0.100000

VERT 232
OFFSET -3.506620, -4.655045, 42.088139
BONES 2
BONE 1 0.900000
BONE 5 0.100000

VERT 233
OFFSET -4.954489, -5.954901, 37.977737
BONES 2
BONE 1 0.900000
BONE 5 0.100000

VERT 234
OFFSET -4.163695, -6.028164, 37.722515
BONES 2
BONE 1 0.900000
BONE 5 0.100000

VERT 235
OFFSET -3.599638, -6.642727, 37.718704
BONES 2
BONE 1 0.900000
BONE 5 0.100000

VERT 236
OFFSET -3.592734, -7.438587, 37.968552
BONES 2
BONE 1 0.900000
BONE 5 0.100000

VERT 237
OFFSET -4.147029, -7.949539, 38.325691
BONES 2
BONE 1 0.900000
BONE 5 0.100000

VERT 238
OFFSET -5.219849, -7.568992, 38.582829
BONES 2
BONE 1 0.900000
BONE 5 0.100000

VERT 239
OFFSET -5.508780, -6.465850, 38.334877
BONES 2
BONE 1 0.900000
BONE 5 0.100000

VERT 240
OFFSET -3.572966, -7.935653, 39.749630
BONES 2
BONE 1 0.900000
BONE 5 0.100000

VERT 241
OFFSET -2.619345, -6.834333, 42.525673
BONES 2
BONE 1 0.900000
BONE 5 0.100000

VERT 242
OFFSET -2.537786, -6.303402, 42.634689
BONES 2
BONE 1 0.900000
BONE 5 0.100000

VERT 243
OFFSET 6.127581, -4.572912, 43.229549
BONES 2
BONE 1 0.900000
BONE 5 0.100000

VERT 244
OFFSET 5.674469, -5.045116, 43.020626
BONES 2
BONE 1 0.900000
BONE 5 0.100000

VERT 245
OFFSET 5.236307, -4.414736, 42.727627
BONES 2
BONE 1 0.900000
BONE 5 0.100000

VERT 246
OFFSET 5.612571, -4.022614, 42.901119
BONES 2
BONE 1 0.900000
BONE 5 0.100000

VERT 247
OFFSET 5.946568, -5.095326, 42.457451
BONES 2
BONE 1 0.900000
BONE 5 0.100000

VERT 248
OFFSET 6.153327, -5.331068, 42.715046
BONES 2
BONE 1 0.900000
BONE 5 0.100000

VERT 249
OFFSET 6.430243, -4.591255, 42.680466
BONES 2
BONE 1 0.900000
BONE 5 0.100000

VERT 250
OFFSET 6.538586, -5.562352, 42.566299
BONES 2
BONE 1 0.900000
BONE 5 0.100000

VERT 251
OFFSET 6.612521, -5.625896, 42.669605
BONES 2
BONE 1 0.900000
BONE 5 0.100000

VERT 252
OFFSET 6.886960, -5.199290, 42.726933
BONES 2
BONE 1 0.900000
BONE 5 0.100000

VERT 253
OFFSET 8.144305, -5.921302, 39.955956
BONES 2
BONE 1 0.900000
BONE 5 0.100000

VERT 254
OFFSET 8.218682, -5.986652, 40.001488
BONES 2
BONE 1 0.900000
BONE 5 0.100000

VERT 255
OFFSET 8.468273, -5.583692, 40.105335
BONES 2
BONE 1 0.900000
BONE 5 0.100000

VERT 256
OFFSET 5.577906, -4.497610, 42.111122
BONES 2
BONE 1 0.900000
BONE 5 0.100000

VERT 257
OFFSET 5.979322, -4.079287, 42.296207
BONES 2
BONE 1 0.900000
BONE 5 0.100000

VERT 258
OFFSET 5.161212, -4.715510, 41.758919
BONES 2
BONE 1 0.900000
BONE 5 0.100000

VERT 259
OFFSET 5.794897, -5.604118, 42.166546
BONES 2
BONE 1 0.900000
BONE 5 0.100000

VERT 260
OFFSET 6.521787, -5.462837, 42.547623
BONES 2
BONE 1 0.900000
BONE 5 0.100000

VERT 261
OFFSET 6.965657, -4.783878, 42.736149
BONES 2
BONE 1 0.900000
BONE 5 0.100000

VERT 262
OFFSET 6.866496, -3.964968, 42.621689
BONES 2
BONE 1 0.900000
BONE 5 0.100000

VERT 263
OFFSET 5.918943, -3.556454, 42.080753
BONES 2
BONE 1 0.900000
BONE 5 0.100000

VERT 264
OFFSET 8.070494, -3.851659, 38.085140
BONES 2
BONE 1 0.900000
BONE 5 0.100000

VERT 265
OFFSET 9.019608, -4.260850, 38.627010
BONES 2
BONE 1 0.900000
BONE 5 0.100000

VERT 266
OFFSET 9.118926, -5.081126, 38.741676
BONES 2
BONE 1 0.900000
BONE 5 0.100000

VERT 267
OFFSET 8.674311, -5.761215, 38.552849
BONES 2
BONE 1 0.900000
BONE 5 0.100000

VERT 268
OFFSET 7.946216, -5.902734, 38.171124
BONES 2
BONE 1 0.900000
BONE 5 0.100000

VERT 269
OFFSET 7.311491, -5.012646, 37.762783
BONES 2
BONE 1 0.900000
BONE 5 0.100000

VERT 270
OFFSET 8.524662, -5.667777, 40.142570
BONES 2
BONE 1 0.900000
BONE 5 0.100000

VERT 271
OFFSET 6.918503, -5.307024, 42.810680
BONES 2
BONE 1 0.900000
BONE 5 0.100000

VERT 272
OFFSET 6.575466, -4.891151, 42.909679
BONES 2
BONE 1 0.900000
BONE 5 0.100000

VERT 273
OFFSET -1.492126, -6.958519, 42.946129
BONES 2
BONE 1 0.900000
BONE 5 0.100000

VERT 274
OFFSET -1.079073, -7.465555, 42.262375
BONES 2
BONE 1 0.900000
BONE 5 0.100000

VERT 275
OFFSET -0.613591, -7.982522, 41.411793
BONES 2
BONE 1 0.900000
BONE 5 0.100000

VERT 276
OFFSET -0.377566, -8.213619, 40.022369
BONES 2
BONE 1 0.900000
BONE 5 0.100000

VERT 277
OFFSET -1.690427, -6.929216, 41.876743
BONES 2
BONE 1 0.900000
BONE 5 0.100000

VERT 278
OFFSET -1.960382, -6.102334, 42.629814
BONES 2
BONE 1 0.900000
BONE 5 0.100000

VERT 279
OFFSET -1.869971, -6.465066, 41.767883
BONES 2
BONE 1 0.900000
BONE 5 0.100000

VERT 280
OFFSET -1.821357, -7.079673, 42.778847
BONES 2
BONE 1 0.900000
BONE 5 0.100000

VERT 281
OFFSET -1.517099, -7.445366, 42.085175
BONES 2
BONE 1 0.900000
BONE 5 0.100000

VERT 282
OFFSET -0.941964, -7.943221, 41.287365
BONES 2
BONE 1 0.900000
BONE 5 0.100000

VERT 283
OFFSET -1.280852, -6.160331, 41.900421
BONES 2
BONE 1 0.900000
BONE 5 0.100000

VERT 284
OFFSET -1.046602, -6.596185, 42.021587
BONES 2
BONE 1 0.900000
BONE 5 0.100000

VERT 285
OFFSET -1.167578, -6.741493, 42.925934
BONES 2
BONE 1 0.900000
BONE 5 0.100000

VERT 286
OFFSET -0.438060, -7.682567, 41.400734
BONES 2
BONE 1 0.900000
BONE 5 0.100000

VERT 287
OFFSET -1.514959, -6.055806, 42.714817
BONES 2
BONE 1 0.900000
BONE 5 0.100000

VERT 288
OFFSET -0.133246, -8.149569, 40.116066
BONES 2
BONE 1 0.900000
BONE 5 0.100000

VERT 289
OFFSET -0.805433, -7.077244, 42.245277
BONES 2
BONE 1 0.900000
BONE 5 0.100000

VERT 290
OFFSET -0.406762, -7.434504, 39.138035
BONES 2
BONE 1 0.900000
BONE 5 0.100000

VERT 291
OFFSET -0.169881, -7.157401, 39.166653
BONES 2
BONE 1 0.900000
BONE 5 0.100000

VERT 292
OFFSET -0.184471, -6.797307, 39.104710
BONES 2
BONE 1 0.900000
BONE 5 0.100000

VERT 293
OFFSET -0.441992, -6.565159, 38.988472
BONES 2
BONE 1 0.900000
BONE 5 0.100000

VERT 294
OFFSET -0.910025, -6.735500, 38.871731
BONES 2
BONE 1 0.900000
BONE 5 0.100000

VERT 295
