// Export filename: 'C:/projects/cod/t5/model_export/cuban/characters/cod7/tropas/mp/c_cub_tropas_mp_body_camo_LOD3.XMODEL_EXPORT'
// Source filename: 'D:/projects/devart/t5/model_export/cuban/characters/cod7/tropas/mp/_c_cub_tropas_mp_camo.ma'
// Export time: Tue Sep 07 17:32:11 2010
MODEL
VERSION 6

NUMBONES 73
BONE 0 -1 "TAG_ORIGIN"
BONE 1 0 "J_MainRoot"
BONE 2 0 "TAG_SYNC"
BONE 3 1 "J_Hip_LE"
BONE 4 1 "J_Hip_RI"
BONE 5 1 "J_SpineLower"
BONE 6 3 "J_HipTwist_LE"
BONE 7 4 "J_HipTwist_RI"
BONE 8 3 "J_Knee_LE"
BONE 9 4 "J_Knee_RI"
BONE 10 5 "J_SpineUpper"
BONE 11 8 "J_Ankle_LE"
BONE 12 9 "J_Ankle_RI"
BONE 13 8 "J_Knee_Bulge_LE"
BONE 14 9 "J_Knee_Bulge_RI"
BONE 15 10 "J_Spine4"
BONE 16 11 "J_Ball_LE"
BONE 17 12 "J_Ball_RI"
BONE 18 15 "J_Clavicle_LE"
BONE 19 15 "J_Clavicle_RI"
BONE 20 15 "J_Neck"
BONE 21 15 "J_ShoulderRaise_LE"
BONE 22 15 "J_ShoulderRaise_RI"
BONE 23 15 "TAG_INHAND"
BONE 24 15 "TAG_STOWED_BACK"
BONE 25 15 "TAG_WEAPON_CHEST"
BONE 26 20 "J_Head"
BONE 27 18 "J_Shoulder_LE"
BONE 28 19 "J_Shoulder_RI"
BONE 29 27 "J_Elbow_Bulge_LE"
BONE 30 28 "J_Elbow_Bulge_RI"
BONE 31 27 "J_Elbow_LE"
BONE 32 28 "J_Elbow_RI"
BONE 33 26 "J_Head_END"
BONE 34 27 "J_ShoulderTwist_LE"
BONE 35 28 "J_ShoulderTwist_RI"
BONE 36 33 "J_Helmet"
BONE 37 31 "J_Wrist_LE"
BONE 38 32 "J_Wrist_RI"
BONE 39 31 "J_WristTwist_LE"
BONE 40 32 "J_WristTwist_RI"
BONE 41 37 "J_Index_LE_1"
BONE 42 38 "J_Index_RI_1"
BONE 43 37 "J_Mid_LE_1"
BONE 44 38 "J_Mid_RI_1"
BONE 45 37 "J_Pinky_LE_1"
BONE 46 38 "J_Pinky_RI_1"
BONE 47 37 "J_Ring_LE_1"
BONE 48 38 "J_Ring_RI_1"
BONE 49 37 "J_Thumb_LE_1"
BONE 50 38 "J_Thumb_RI_1"
BONE 51 37 "TAG_WEAPON_LEFT"
BONE 52 38 "TAG_WEAPON_RIGHT"
BONE 53 41 "J_Index_LE_2"
BONE 54 42 "J_Index_RI_2"
BONE 55 43 "J_Mid_LE_2"
BONE 56 44 "J_Mid_RI_2"
BONE 57 45 "J_Pinky_LE_2"
BONE 58 46 "J_Pinky_RI_2"
BONE 59 47 "J_Ring_LE_2"
BONE 60 48 "J_Ring_RI_2"
BONE 61 49 "J_Thumb_LE_2"
BONE 62 50 "J_Thumb_RI_2"
BONE 63 53 "J_Index_LE_3"
BONE 64 54 "J_Index_RI_3"
BONE 65 55 "J_Mid_LE_3"
BONE 66 56 "J_Mid_RI_3"
BONE 67 57 "J_Pinky_LE_3"
BONE 68 58 "J_Pinky_RI_3"
BONE 69 59 "J_Ring_LE_3"
BONE 70 60 "J_Ring_RI_3"
BONE 71 61 "J_Thumb_LE_3"
BONE 72 62 "J_Thumb_RI_3"

BONE 0
OFFSET 0.000002, -2.222000, 0.000042
SCALE 1.000000, 1.000000, 1.000000
X -0.000000, -1.000000, -0.000001
Y 1.000000, -0.000000, 0.000000
Z -0.000000, -0.000001, 1.000000

BONE 1
OFFSET 0.000082, 1.218927, 37.228020
SCALE 1.000000, 1.000000, 1.000000
X 0.000005, 0.024825, 0.999692
Y 0.000006, -0.999692, 0.024825
Z 1.000000, 0.000006, -0.000005

BONE 2
OFFSET 0.000002, -2.219720, 0.000042
SCALE 1.000000, 1.000000, 1.000000
X -0.000000, -1.000000, -0.000003
Y 1.000000, -0.000000, 0.000000
Z -0.000000, -0.000003, 1.000000

BONE 3
OFFSET 4.865472, 1.218951, 37.228016
SCALE 1.000000, 1.000000, 1.000000
X -0.008941, 0.033879, -0.999386
Y -0.004877, -0.999415, -0.033837
Z -0.999948, 0.004571, 0.009101

BONE 4
OFFSET -4.865293, 1.218927, 37.227978
SCALE 1.000000, 1.000000, 1.000000
X -0.008909, -0.033842, 0.999388
Y -0.004870, 0.999417, 0.033800
Z -0.999948, -0.004566, -0.009069

BONE 5
OFFSET 0.000089, 1.148792, 42.432632
SCALE 1.000000, 1.000000, 1.000000
X 0.000001, 0.029870, 0.999554
Y -0.000002, -0.999554, 0.029870
Z 1.000000, -0.000002, -0.000001

BONE 6
OFFSET 4.837310, 1.325658, 34.080341
SCALE 1.000000, 1.000000, 1.000000
X -0.008941, 0.033879, -0.999386
Y -0.004864, -0.999416, -0.033837
Z -0.999948, 0.004558, 0.009101

BONE 7
OFFSET -4.837236, 1.325506, 34.080624
SCALE 1.000000, 1.000000, 1.000000
X -0.008909, -0.033842, 0.999388
Y -0.004874, 0.999417, 0.033800
Z -0.999948, -0.004570, -0.009069

BONE 8
OFFSET 4.708874, 1.812570, 19.727123
SCALE 1.000000, 1.000000, 1.000000
X -0.008203, 0.166937, -0.985933
Y -0.006021, -0.985957, -0.166891
Z -0.999948, 0.004567, 0.009093

BONE 9
OFFSET -4.708568, 1.812141, 19.727461
SCALE 1.000000, 1.000000, 1.000000
X -0.008167, -0.166975, 0.985927
Y -0.006022, 0.985950, 0.166929
Z -0.999949, -0.004574, -0.009057

BONE 10
OFFSET 0.000094, 1.131313, 47.652164
SCALE 1.000000, 1.000000, 1.000000
X 0.000003, -0.020406, 0.999792
Y 0.000005, -0.999792, -0.020406
Z 1.000000, 0.000006, -0.000003

BONE 11
OFFSET 4.584381, 4.343949, 4.776942
SCALE 1.000000, 1.000000, 1.000000
X -0.000000, -0.008729, -0.999962
Y 0.016577, -0.999824, 0.008728
Z -0.999863, -0.016577, 0.000145

BONE 12
OFFSET -4.584069, 4.344151, 4.777238
SCALE 1.000000, 1.000000, 1.000000
X 0.000009, 0.008730, 0.999962
Y 0.016581, 0.999824, -0.008729
Z -0.999862, 0.016581, -0.000136

BONE 13
OFFSET 4.700433, -0.061928, 19.740456
SCALE 1.000000, 1.000000, 1.000000
X -0.000006, 0.029848, 0.999554
Y -0.000002, -0.999554, 0.029848
Z 1.000000, -0.000002, 0.000006

BONE 14
OFFSET -4.688321, -0.066477, 19.765478
SCALE 1.000000, 1.000000, 1.000000
X -0.000042, -0.029855, -0.999554
Y -0.000010, 0.999554, -0.029855
Z 1.000000, 0.000009, -0.000042

BONE 15
OFFSET 0.000090, 1.067745, 51.758411
SCALE 1.000000, 1.000000, 1.000000
X 0.000002, -0.047080, 0.998891
Y 0.000010, -0.998891, -0.047080
Z 1.000000, 0.000011, -0.000001

BONE 16
OFFSET 4.746620, -1.234840, 0.330913
SCALE 1.000000, 1.000000, 1.000000
X 0.016342, -0.983115, 0.182258
Y -0.002855, 0.182235, 0.983251
Z -0.999862, -0.016588, 0.000171

BONE 17
OFFSET -4.746290, -1.234591, 0.331138
SCALE 1.000000, 1.000000, 1.000000
X 0.016296, 0.983125, -0.182210
Y -0.002898, -0.182187, -0.983260
Z -0.999863, 0.016551, -0.000120

BONE 18
OFFSET 1.356609, 1.015539, 56.400341
SCALE 1.000000, 1.000000, 1.000000
X 0.997183, -0.019399, 0.072449
Y 0.018071, 0.999657, 0.018947
Z -0.072792, -0.017584, 0.997192

BONE 19
OFFSET -1.356719, 1.015542, 56.400444
SCALE 1.000000, 1.000000, 1.000000
X 0.997186, 0.019411, -0.072414
Y 0.018084, -0.999657, -0.018932
Z -0.072757, 0.017569, -0.997195

BONE 20
OFFSET 0.000058, 0.503915, 60.542107
SCALE 1.000000, 1.000000, 1.000000
X 0.000005, -0.309757, 0.950816
Y 0.000009, -0.950816, -0.309757
Z 1.000000, 0.000010, -0.000002

BONE 21
OFFSET 4.025334, 0.920922, 58.859638
SCALE 1.000000, 1.000000, 1.000000
X -0.997186, 0.019392, -0.072414
Y -0.018067, -0.999658, -0.018910
Z -0.072756, -0.017549, 0.997195

BONE 22
OFFSET -4.025115, 0.920835, 58.859825
SCALE 1.000000, 1.000000, 1.000000
X -0.997185, -0.019413, 0.072417
Y -0.018088, 0.999658, 0.018910
Z -0.072759, 0.017547, -0.997195

BONE 23
OFFSET -28.519920, -12.713210, 38.935009
SCALE 1.000000, 1.000000, 1.000000
X 1.000000, 0.000011, -0.000001
Y 0.000007, -0.764281, -0.644884
Z -0.000008, 0.644884, -0.764281

BONE 24
OFFSET -3.446791, 8.288239, 51.019424
SCALE 1.000000, 1.000000, 1.000000
X -0.083352, 0.038091, -0.995792
Y 0.176876, -0.982837, -0.052401
Z -0.980697, -0.180500, 0.075184

BONE 25
OFFSET -28.519920, -12.713210, 38.935009
SCALE 1.000000, 1.000000, 1.000000
X 0.000011, -1.000000, 0.000001
Y 1.000000, 0.000011, -0.000001
Z 0.000001, 0.000001, 1.000000

BONE 26
OFFSET 0.000057, -0.306903, 63.520969
SCALE 1.000000, 1.000000, 1.000000
X -0.000007, -0.216434, 0.976297
Y 0.000005, -0.976297, -0.216434
Z 1.000000, 0.000004, 0.000008

BONE 27
OFFSET 7.725458, 0.891629, 56.863182
SCALE 1.000000, 1.000000, 1.000000
X 0.662981, -0.260696, -0.701779
Y 0.273873, 0.956889, -0.096732
Z 0.696743, -0.128067, 0.705796

BONE 28
OFFSET -7.725506, 0.891564, 56.862965
SCALE 1.000000, 1.000000, 1.000000
X 0.662960, 0.260726, 0.701788
Y 0.273916, -0.956876, 0.096734
Z 0.696745, 0.128101, -0.705788

BONE 29
OFFSET 15.846270, -1.632336, 48.642548
SCALE 1.000000, 1.000000, 1.000000
X 0.294563, -0.846066, -0.444303
Y 0.654051, 0.517466, -0.551767
Z 0.696743, -0.128067, 0.705796

BONE 30
OFFSET -15.846113, -1.632834, 48.642265
SCALE 1.000000, 1.000000, 1.000000
X 0.294518, 0.846079, 0.444308
Y 0.654068, -0.517437, 0.551773
Z 0.696745, 0.128101, -0.705788

BONE 31
OFFSET 15.742274, -1.805675, 48.713013
SCALE 1.000000, 1.000000, 1.000000
X 0.294845, -0.845858, -0.444512
Y 0.653923, 0.517813, -0.551593
Z 0.696743, -0.128042, 0.705801

BONE 32
OFFSET -15.742270, -1.806072, 48.712933
SCALE 1.000000, 1.000000, 1.000000
X 0.294819, 0.845861, 0.444523
Y 0.653933, -0.517800, 0.551592
Z 0.696745, 0.128069, -0.705794

BONE 33
OFFSET -0.000527, -1.399727, 69.807846
SCALE 1.000000, 1.000000, 1.000000
X -0.000007, -0.216434, 0.976297
Y 0.000005, -0.976297, -0.216434
Z 1.000000, 0.000004, 0.000008

BONE 34
OFFSET 8.032188, 0.771017, 56.538502
SCALE 1.000000, 1.000000, 1.000000
X 0.662981, -0.260696, -0.701779
Y 0.273875, 0.956889, -0.096730
Z 0.696742, -0.128070, 0.705797

BONE 35
OFFSET -8.001591, 0.782987, 56.570709
SCALE 1.000000, 1.000000, 1.000000
X 0.662960, 0.260726, 0.701788
Y 0.273908, -0.956878, 0.096742
Z 0.696748, 0.128089, -0.705787

BONE 36
OFFSET -0.000540, -0.362329, 71.243195
SCALE 1.000000, 1.000000, 1.000000
X 0.000005, -0.999048, 0.043625
Y 1.000000, 0.000005, 0.000005
Z -0.000005, 0.043625, 0.999048

BONE 37
OFFSET 18.585669, -10.419226, 44.089733
SCALE 1.000000, 1.000000, 1.000000
X 0.299004, -0.782064, -0.546784
Y -0.792522, 0.115636, -0.598779
Z 0.531512, 0.612376, -0.585227

BONE 38
OFFSET -18.585567, -10.419399, 44.089657
SCALE 1.000000, 1.000000, 1.000000
X 0.299011, 0.782058, 0.546788
Y -0.792524, -0.115633, 0.598778
Z 0.531506, -0.612384, 0.585224

BONE 39
OFFSET 17.753496, -7.897926, 45.442410
SCALE 1.000000, 1.000000, 1.000000
X 0.294846, -0.845857, -0.444513
Y 0.653930, 0.517812, -0.551585
Z 0.696736, -0.128048, 0.705806

BONE 40
OFFSET -17.753546, -7.898361, 45.442448
SCALE 1.000000, 1.000000, 1.000000
X 0.294819, 0.845861, 0.444523
Y 0.653933, -0.517800, 0.551592
Z 0.696745, 0.128069, -0.705794

BONE 41
OFFSET 18.943596, -14.118733, 43.296165
SCALE 1.000000, 1.000000, 1.000000
X 0.252533, -0.921880, -0.293878
Y -0.670074, 0.052482, -0.740436
Z 0.698017, 0.383905, -0.604475

BONE 42
OFFSET -18.943485, -14.118932, 43.296089
SCALE 1.000000, 1.000000, 1.000000
X 0.252692, 0.921873, 0.293763
Y -0.670040, -0.052297, 0.740480
Z 0.697992, -0.383946, 0.604477

BONE 43
OFFSET 19.641989, -13.608097, 42.701954
SCALE 1.000000, 1.000000, 1.000000
X 0.066843, -0.793765, -0.604540
Y -0.837155, 0.285040, -0.466823
Z 0.542866, 0.537298, -0.645452

BONE 44
OFFSET -19.641909, -13.608223, 42.701809
SCALE 1.000000, 1.000000, 1.000000
X 0.066887, 0.793771, 0.604528
Y -0.837171, -0.284987, 0.466827
Z 0.542836, -0.537317, 0.645460

BONE 45
OFFSET 20.410118, -12.159682, 41.480377
SCALE 1.000000, 1.000000, 1.000000
X -0.099274, -0.722106, -0.684623
Y -0.848031, 0.421335, -0.321434
Z 0.520565, 0.548671, -0.654195

BONE 46
OFFSET -20.410091, -12.159837, 41.480251
SCALE 1.000000, 1.000000, 1.000000
X -0.099304, 0.722089, 0.684635
Y -0.848020, -0.421369, 0.321418
Z 0.520577, -0.548666, 0.654190

BONE 47
OFFSET 20.114302, -12.876246, 42.061901
SCALE 1.000000, 1.000000, 1.000000
X -0.006006, -0.738898, -0.673791
Y -0.878970, 0.325202, -0.348791
Z 0.476839, 0.590147, -0.651422

BONE 48
OFFSET -20.114208, -12.876396, 42.061890
SCALE 1.000000, 1.000000, 1.000000
X -0.005979, 0.738908, 0.673780
Y -0.878978, -0.325169, 0.348801
Z 0.476825, -0.590152, 0.651428

BONE 49
OFFSET 18.473015, -11.541899, 44.177650
SCALE 1.000000, 1.000000, 1.000000
X -0.766327, -0.594301, -0.244027
Y 0.525231, -0.360813, -0.770679
Z 0.369968, -0.718763, 0.588646

BONE 50
OFFSET -18.472874, -11.542074, 44.177635
SCALE 1.000000, 1.000000, 1.000000
X -0.766329, 0.594294, 0.244036
Y 0.525229, 0.360803, 0.770685
Z 0.369965, 0.718773, -0.588635

BONE 51
OFFSET -28.519896, -12.719981, 38.932270
SCALE 1.000000, 1.000000, 1.000000
X 0.000190, -1.000000, -0.000189
Y 1.000000, 0.000190, 0.000053
Z -0.000053, -0.000189, 1.000000

BONE 52
OFFSET -28.520119, -12.709172, 38.935143
SCALE 1.000000, 1.000000, 1.000000
X -0.000199, -1.000000, -0.000195
Y 0.998877, -0.000190, -0.047381
Z 0.047381, -0.000205, 0.998877

BONE 53
OFFSET 19.335176, -15.548034, 42.840546
SCALE 1.000000, 1.000000, 1.000000
X -0.305493, -0.603804, -0.736271
Y -0.647669, 0.698577, -0.304162
Z 0.697997, 0.383940, -0.604476

BONE 54
OFFSET -19.335234, -15.548249, 42.840523
SCALE 1.000000, 1.000000, 1.000000
X -0.305842, 0.603512, 0.736365
Y -0.647460, -0.698892, 0.303884
Z 0.698038, -0.383827, 0.604500

BONE 55
OFFSET 19.766018, -15.080857, 41.580357
SCALE 1.000000, 1.000000, 1.000000
X -0.742584, -0.051931, -0.667737
Y -0.392291, 0.841795, 0.370795
Z 0.542841, 0.537294, -0.645475

BONE 56
OFFSET -19.765930, -15.081016, 41.579948
SCALE 1.000000, 1.000000, 1.000000
X -0.742558, 0.051921, 0.667766
Y -0.392315, -0.841780, -0.370804
Z 0.542860, -0.537318, 0.645439

BONE 57
OFFSET 20.291075, -13.025280, 40.659801
SCALE 1.000000, 1.000000, 1.000000
X -0.734217, -0.103408, -0.670993
Y -0.435791, 0.829631, 0.348997
Z 0.520587, 0.548653, -0.654194

BONE 58
OFFSET -20.291012, -13.025424, 40.659672
SCALE 1.000000, 1.000000, 1.000000
X -0.734208, 0.103424, 0.671001
Y -0.435814, -0.829619, -0.348996
Z 0.520581, -0.548667, 0.654187

BONE 59
OFFSET 20.104219, -14.119193, 40.928596
SCALE 1.000000, 1.000000, 1.000000
X -0.750598, -0.112264, -0.651152
Y -0.457408, 0.799450, 0.389433
Z 0.476844, 0.590150, -0.651416

BONE 60
OFFSET -20.104130, -14.119358, 40.928261
SCALE 1.000000, 1.000000, 1.000000
X -0.750602, 0.112272, 0.651146
Y -0.457410, -0.799450, -0.389431
Z 0.476836, -0.590148, 0.651423

BONE 61
OFFSET 16.629330, -12.971684, 43.590553
SCALE 1.000000, 1.000000, 1.000000
X -0.513767, -0.686190, -0.514963
Y 0.774059, -0.111908, -0.623144
Z 0.369966, -0.718763, 0.588646

BONE 62
OFFSET -16.629194, -12.971821, 43.590179
SCALE 1.000000, 1.000000, 1.000000
X -0.513765, 0.686181, 0.514977
Y 0.774059, 0.111890, 0.623148
Z 0.369972, 0.718774, -0.588629

BONE 63
OFFSET 19.038221, -16.134914, 42.125023
SCALE 1.000000, 1.000000, 1.000000
X -0.554097, -0.245160, -0.795533
Y -0.453622, 0.890222, 0.041612
Z 0.698000, 0.383929, -0.604479

BONE 64
OFFSET -19.037983, -16.134798, 42.125008
SCALE 1.000000, 1.000000, 1.000000
X -0.553871, 0.245483, 0.795591
Y -0.453788, -0.890154, -0.041256
Z 0.698071, -0.383880, 0.604428

BONE 65
OFFSET 18.948034, -15.138112, 40.844826
SCALE 1.000000, 1.000000, 1.000000
X -0.836744, 0.280258, -0.470441
Y -0.071875, 0.795463, 0.601724
Z 0.542857, 0.537302, -0.645456

BONE 66
OFFSET -18.947971, -15.138271, 40.844528
SCALE 1.000000, 1.000000, 1.000000
X -0.836742, -0.280254, 0.470448
Y -0.071886, -0.795461, -0.601726
Z 0.542859, -0.537308, 0.645449

BONE 67
OFFSET 19.784019, -13.096679, 40.196491
SCALE 1.000000, 1.000000, 1.000000
X -0.853803, 0.339164, -0.394953
Y 0.005198, 0.764171, 0.644992
Z 0.520570, 0.548643, -0.654215

BONE 68
OFFSET -19.783998, -13.096812, 40.196270
SCALE 1.000000, 1.000000, 1.000000
X -0.853799, -0.339166, 0.394959
Y 0.005186, -0.764161, -0.645004
Z 0.520576, -0.548656, 0.654199

BONE 69
OFFSET 19.396437, -14.225060, 40.314682
SCALE 1.000000, 1.000000, 1.000000
X -0.861545, 0.166924, -0.479454
Y -0.174209, 0.789854, 0.588033
Z 0.476856, 0.590142, -0.651415

BONE 70
OFFSET -19.396343, -14.225204, 40.314499
SCALE 1.000000, 1.000000, 1.000000
X -0.861557, -0.166916, 0.479436
Y -0.174209, -0.789846, -0.588043
Z 0.476834, -0.590155, 0.651419

BONE 71
OFFSET 16.015608, -13.791351, 42.975456
SCALE 1.000000, 1.000000, 1.000000
X -0.178188, -0.676734, -0.714339
Y 0.911796, 0.159395, -0.378446
Z 0.369969, -0.718766, 0.588641

BONE 72
OFFSET -16.015455, -13.791477, 42.975048
SCALE 1.000000, 1.000000, 1.000000
X -0.178183, 0.676724, 0.714350
Y 0.911791, -0.159415, 0.378450
Z 0.369984, 0.718771, -0.588626

NUMVERTS 828
VERT 0
OFFSET 17.331715, -10.785103, 46.343517
BONES 3
BONE 31 0.040547
BONE 37 0.133996
BONE 39 0.825457

VERT 1
OFFSET 19.590445, -10.131374, 45.911789
BONES 3
BONE 31 0.045262
BONE 37 0.166613
BONE 39 0.788126

VERT 2
OFFSET 17.602976, -13.164706, 43.069763
BONES 11
BONE 37 0.583331
BONE 49 0.276958
BONE 61 0.104218
BONE 71 0.009357
BONE 41 0.025069
BONE 53 0.000059
BONE 43 0.000859
BONE 47 0.000014
BONE 59 0.000008
BONE 45 0.000010
BONE 39 0.000116

VERT 3
OFFSET 18.411648, -14.185641, 42.628925
BONES 9
BONE 37 0.315101
BONE 49 0.000367
BONE 61 0.000052
BONE 41 0.375014
BONE 53 0.015028
BONE 43 0.285928
BONE 47 0.002050
BONE 59 0.006460
BONE 45 0.000000

VERT 4
OFFSET 19.160799, -13.148253, 41.756306
BONES 11
BONE 37 0.247677
BONE 49 0.000036
BONE 61 0.000004
BONE 41 0.000093
BONE 43 0.311870
BONE 47 0.344392
BONE 59 0.015392
BONE 45 0.075937
BONE 57 0.004572
BONE 67 0.000004
BONE 39 0.000025

VERT 5
OFFSET 20.049175, -11.733529, 41.149021
BONES 7
BONE 37 0.452387
BONE 43 0.000000
BONE 47 0.025160
BONE 45 0.480442
BONE 57 0.040977
BONE 67 0.000345
BONE 39 0.000691

VERT 6
OFFSET 19.381981, -9.924459, 42.245346
BONES 3
BONE 37 0.757619
BONE 45 0.010425
BONE 39 0.231956

VERT 7
OFFSET 17.968676, -10.741580, 42.679611
BONES 7
BONE 31 0.000429
BONE 37 0.807821
BONE 49 0.000000
BONE 43 0.000211
BONE 47 0.000465
BONE 45 0.000353
BONE 39 0.190722

VERT 8
OFFSET 17.342476, -13.743222, 44.363697
BONES 8
BONE 37 0.422605
BONE 49 0.341561
BONE 61 0.125510
BONE 71 0.017756
BONE 41 0.092099
BONE 53 0.000002
BONE 43 0.000137
BONE 39 0.000330

VERT 9
OFFSET 19.539593, -14.331450, 44.329609
BONES 7
BONE 37 0.447359
BONE 49 0.000067
BONE 41 0.509619
BONE 53 0.003101
BONE 63 0.000000
BONE 43 0.039851
BONE 39 0.000003

VERT 10
OFFSET 20.782610, -11.518141, 41.805359
BONES 6
BONE 37 0.640427
BONE 47 0.000519
BONE 45 0.357673
BONE 57 0.000325
BONE 67 0.000008
BONE 39 0.001048

VERT 11
OFFSET 20.236053, -10.052667, 43.637802
BONES 4
BONE 37 0.787929
BONE 47 0.000305
BONE 45 0.001196
BONE 39 0.210569

VERT 12
OFFSET 19.894186, -11.240741, 44.931061
BONES 7
BONE 37 0.790109
BONE 49 0.000088
BONE 41 0.000287
BONE 43 0.000604
BONE 47 0.000107
BONE 45 0.000008
BONE 39 0.208796

VERT 13
OFFSET 18.110723, -14.841006, 43.950195
BONES 7
BONE 37 0.346024
BONE 49 0.000981
BONE 61 0.000134
BONE 41 0.610411
BONE 53 0.036993
BONE 63 0.004466
BONE 43 0.000991

VERT 14
OFFSET 18.322411, -12.111519, 45.522259
BONES 6
BONE 37 0.844764
BONE 49 0.045718
BONE 61 0.000389
BONE 41 0.004154
BONE 43 0.000391
BONE 39 0.104584

VERT 15
OFFSET 16.695852, -11.628110, 45.244221
BONES 5
BONE 31 0.000003
BONE 37 0.721210
BONE 49 0.048259
BONE 61 0.011251
BONE 39 0.219277

VERT 16
OFFSET 16.359221, -10.842788, 44.121666
BONES 5
BONE 31 0.000153
BONE 37 0.688641
BONE 49 0.063313
BONE 61 0.013727
BONE 39 0.234167

VERT 17
OFFSET 17.014421, -10.748144, 43.294052
BONES 8
BONE 31 0.000145
BONE 37 0.750708
BONE 49 0.013993
BONE 61 0.001478
BONE 43 0.000000
BONE 47 0.000000
BONE 45 0.000000
BONE 39 0.233675

VERT 18
OFFSET 18.821825, -8.960386, 43.351933
BONES 3
BONE 31 0.000654
BONE 37 0.284872
BONE 39 0.714474

VERT 19
OFFSET 17.570919, -9.510042, 43.693111
BONES 4
BONE 31 0.013749
BONE 37 0.178521
BONE 49 0.000009
BONE 39 0.807721

VERT 20
OFFSET 16.237503, -10.491105, 45.296982
BONES 3
BONE 31 0.032843
BONE 37 0.188207
BONE 39 0.778950

VERT 21
OFFSET 19.007786, -6.986843, 47.263149
BONES 2
BONE 31 0.000567
BONE 39 0.999433

VERT 22
OFFSET 19.169748, -6.248427, 45.173977
BONES 1
BONE 39 1.000000

VERT 23
OFFSET 17.906219, -6.095838, 44.173943
BONES 1
BONE 39 1.000000

VERT 24
OFFSET 16.376139, -6.671558, 44.696079
BONES 1
BONE 39 1.000000

VERT 25
OFFSET 15.368919, -7.687620, 46.535301
BONES 1
BONE 39 1.000000

VERT 26
OFFSET 16.657698, -7.681251, 48.018620
BONES 1
BONE 39 1.000000

VERT 27
OFFSET 15.929440, -6.370506, 44.969002
BONES 1
BONE 39 1.000000

VERT 28
OFFSET 14.959443, -7.120224, 46.941315
BONES 1
BONE 39 1.000000

VERT 29
OFFSET 16.349987, -6.681666, 48.547211
BONES 2
BONE 31 0.097781
BONE 39 0.902219

VERT 30
OFFSET 18.429047, -5.966561, 48.280289
BONES 1
BONE 39 1.000000

VERT 31
OFFSET 20.294628, -13.800615, 43.351051
BONES 5
BONE 37 0.392890
BONE 41 0.043151
BONE 43 0.563927
BONE 59 0.000000
BONE 39 0.000031

VERT 32
OFFSET 20.910473, -12.242435, 42.233173
BONES 7
BONE 37 0.542431
BONE 43 0.005495
BONE 47 0.258244
BONE 59 0.000214
BONE 45 0.193591
BONE 57 0.000002
BONE 39 0.000023

VERT 33
OFFSET 18.933111, -12.468645, 45.335766
BONES 6
BONE 37 0.822987
BONE 49 0.004625
BONE 41 0.088176
BONE 43 0.013486
BONE 47 0.000000
BONE 39 0.070726

VERT 34
OFFSET 19.986881, -9.285357, 44.138649
BONES 3
BONE 31 0.011067
BONE 37 0.322662
BONE 39 0.666271

VERT 35
OFFSET -17.331715, -10.785103, 46.343517
BONES 3
BONE 32 0.040547
BONE 38 0.133996
BONE 40 0.825457

VERT 36
OFFSET -19.590445, -10.131374, 45.911789
BONES 3
BONE 32 0.041188
BONE 38 0.166075
BONE 40 0.792736

VERT 37
OFFSET -17.602976, -13.164706, 43.069763
BONES 11
BONE 38 0.583331
BONE 50 0.276958
BONE 62 0.104218
BONE 72 0.009358
BONE 42 0.025069
BONE 54 0.000059
BONE 44 0.000859
BONE 48 0.000014
BONE 60 0.000008
BONE 46 0.000010
BONE 40 0.000116

VERT 38
OFFSET -18.411648, -14.185641, 42.628925
BONES 9
BONE 38 0.315099
BONE 50 0.000367
BONE 62 0.000052
BONE 42 0.375012
BONE 54 0.015028
BONE 44 0.285931
BONE 48 0.002050
BONE 60 0.006460
BONE 46 0.000000

VERT 39
OFFSET -19.160799, -13.148253, 41.756306
BONES 11
BONE 38 0.247675
BONE 50 0.000036
BONE 62 0.000004
BONE 42 0.000093
BONE 44 0.311870
BONE 48 0.344393
BONE 60 0.015392
BONE 46 0.075938
BONE 58 0.004572
BONE 68 0.000004
BONE 40 0.000025

VERT 40
OFFSET -20.049175, -11.733529, 41.149021
BONES 7
BONE 38 0.452387
BONE 44 0.000000
BONE 48 0.025160
BONE 46 0.480442
BONE 58 0.040976
BONE 68 0.000345
BONE 40 0.000691

VERT 41
OFFSET -19.381981, -9.924459, 42.245346
BONES 3
BONE 38 0.757618
BONE 46 0.010424
BONE 40 0.231957

VERT 42
OFFSET -17.968676, -10.741580, 42.679611
BONES 7
BONE 32 0.000429
BONE 38 0.807820
BONE 50 0.000000
BONE 44 0.000211
BONE 48 0.000465
BONE 46 0.000353
BONE 40 0.190722

VERT 43
OFFSET -17.342476, -13.743222, 44.363697
BONES 8
BONE 38 0.386066
BONE 50 0.371198
BONE 62 0.129685
BONE 72 0.017756
BONE 42 0.094820
BONE 54 0.000002
BONE 44 0.000137
BONE 40 0.000336

VERT 44
OFFSET -19.539593, -14.331450, 44.329609
BONES 7
BONE 38 0.481649
BONE 50 0.000071
BONE 42 0.477688
BONE 54 0.003042
BONE 64 0.000000
BONE 44 0.037547
BONE 40 0.000003

VERT 45
OFFSET -20.782610, -11.518141, 41.805359
BONES 6
BONE 38 0.641487
BONE 48 0.000458
BONE 46 0.356674
BONE 58 0.000325
BONE 68 0.000008
BONE 40 0.001048

VERT 46
OFFSET -20.236053, -10.052667, 43.637802
BONES 4
BONE 38 0.787200
BONE 48 0.000368
BONE 46 0.001472
BONE 40 0.210961

VERT 47
OFFSET -19.894186, -11.240741, 44.931061
BONES 7
BONE 38 0.787019
BONE 50 0.000088
BONE 42 0.000954
BONE 44 0.002164
BONE 48 0.000108
BONE 46 0.000008
BONE 40 0.209658

VERT 48
OFFSET -18.110723, -14.841006, 43.950195
BONES 7
BONE 38 0.346057
BONE 50 0.000981
BONE 62 0.000134
BONE 42 0.610380
BONE 54 0.036993
BONE 64 0.004467
BONE 44 0.000989

VERT 49
OFFSET -18.322411, -12.111519, 45.522259
BONES 6
BONE 38 0.844765
BONE 50 0.045718
BONE 62 0.000389
BONE 42 0.004154
BONE 44 0.000391
BONE 40 0.104583

VERT 50
OFFSET -16.695852, -11.628110, 45.244221
BONES 5
BONE 32 0.000002
BONE 38 0.725207
BONE 50 0.046241
BONE 62 0.010350
BONE 40 0.218200

VERT 51
OFFSET -16.359221, -10.842788, 44.121666
BONES 5
BONE 32 0.000146
BONE 38 0.690370
BONE 50 0.062487
BONE 62 0.013341
BONE 40 0.233655

VERT 52
OFFSET -17.014421, -10.748144, 43.294052
BONES 8
BONE 32 0.000145
BONE 38 0.750707
BONE 50 0.013993
BONE 62 0.001478
BONE 44 0.000000
BONE 48 0.000000
BONE 46 0.000000
BONE 40 0.233676

VERT 53
OFFSET -18.821825, -8.960386, 43.351933
BONES 3
BONE 32 0.000654
BONE 38 0.284872
BONE 40 0.714474

VERT 54
OFFSET -17.570919, -9.510042, 43.693111
BONES 4
BONE 32 0.013749
BONE 38 0.178521
BONE 50 0.000009
BONE 40 0.807721

VERT 55
OFFSET -16.237503, -10.491105, 45.296982
BONES 3
BONE 32 0.032843
BONE 38 0.188207
BONE 40 0.778951

VERT 56
OFFSET -19.007786, -6.986843, 47.263149
BONES 1
BONE 40 1.000000

VERT 57
OFFSET -19.169748, -6.248427, 45.173977
BONES 1
BONE 40 1.000000

VERT 58
OFFSET -17.906219, -6.095838, 44.173943
BONES 2
BONE 32 0.000418
BONE 40 0.999582

VERT 59
OFFSET -16.376139, -6.671558, 44.696079
BONES 1
BONE 40 1.000000

VERT 60
OFFSET -15.368919, -7.687620, 46.535301
BONES 1
BONE 40 1.000000

VERT 61
OFFSET -16.657698, -7.681251, 48.018620
BONES 1
BONE 40 1.000000

VERT 62
OFFSET -15.929440, -6.370506, 44.969002
BONES 1
BONE 40 1.000000

VERT 63
OFFSET -14.959443, -7.120224, 46.941315
BONES 1
BONE 40 1.000000

VERT 64
OFFSET -16.349987, -6.681666, 48.547211
BONES 2
BONE 32 0.088276
BONE 40 0.911724

VERT 65
OFFSET -18.429047, -5.966561, 48.280289
BONES 2
BONE 32 0.007856
BONE 40 0.992144

VERT 66
OFFSET -20.294628, -13.800615, 43.351051
BONES 5
BONE 38 0.392890
BONE 42 0.043151
BONE 44 0.563927
BONE 60 0.000000
BONE 40 0.000031

VERT 67
OFFSET -20.910473, -12.242435, 42.233173
BONES 7
BONE 38 0.578813
BONE 44 0.005217
BONE 48 0.244589
BONE 60 0.000214
BONE 46 0.171142
BONE 58 0.000002
BONE 40 0.000023

VERT 68
OFFSET -18.933111, -12.468645, 45.335766
BONES 6
BONE 38 0.817542
BONE 50 0.004680
BONE 42 0.092312
BONE 44 0.014142
BONE 48 0.000000
BONE 40 0.071323

VERT 69
OFFSET -19.986881, -9.285357, 44.138649
BONES 3
BONE 32 0.011067
BONE 38 0.322662
BONE 40 0.666271

VERT 70
OFFSET 16.053318, -2.766346, 50.505733
BONES 2
BONE 31 0.400000
BONE 39 0.600000

VERT 71
OFFSET 13.893334, -2.754621, 47.885109
BONES 2
BONE 31 0.453121
BONE 39 0.546879

VERT 72
OFFSET 15.967722, -1.678902, 46.241909
BONES 4
BONE 27 0.000000
BONE 31 0.613109
BONE 29 0.000001
BONE 39 0.386890

VERT 73
OFFSET 14.359581, -3.435874, 49.702251
BONES 2
BONE 31 0.400000
BONE 39 0.600000

VERT 74
OFFSET 19.447655, -8.996365, 44.709866
BONES 3
BONE 31 0.037650
BONE 37 0.124285
BONE 39 0.838066

VERT 75
OFFSET 16.853361, -10.205226, 45.713978
BONES 3
BONE 31 0.047729
BONE 37 0.047695
BONE 39 0.904576

VERT 76
OFFSET 17.081821, -9.527421, 44.585365
BONES 3
BONE 31 0.047195
BONE 37 0.042130
BONE 39 0.910675

VERT 77
OFFSET 18.551519, -8.710944, 43.831219
BONES 3
BONE 31 0.023732
BONE 37 0.076025
BONE 39 0.900243

VERT 78
OFFSET 17.254982, -13.079288, 43.355007
BONES 5
BONE 37 0.358996
BONE 49 0.360295
BONE 61 0.228601
BONE 71 0.025094
BONE 41 0.027013

VERT 79
OFFSET 16.603668, -13.736250, 42.445457
BONES 3
BONE 49 0.006625
BONE 61 0.403442
BONE 71 0.589933

VERT 80
OFFSET 16.220093, -12.328098, 43.235348
BONES 5
BONE 37 0.029184
BONE 49 0.487876
BONE 61 0.414069
BONE 71 0.065250
BONE 39 0.003620

VERT 81
OFFSET 20.299034, -11.593158, 41.407822
BONES 6
BONE 37 0.553534
BONE 47 0.000001
BONE 45 0.441455
BONE 57 0.003743
BONE 67 0.001202
BONE 39 0.000067

VERT 82
OFFSET 18.257597, -10.794310, 42.862370
BONES 6
BONE 37 0.814521
BONE 49 0.000000
BONE 61 0.000000
BONE 47 0.000587
BONE 45 0.000462
BONE 39 0.184430

VERT 83
OFFSET 15.751395, -13.394105, 42.602802
BONES 3
BONE 49 0.024701
BONE 61 0.415789
BONE 71 0.559510

VERT 84
OFFSET 20.310759, -12.478183, 40.448689
BONES 4
BONE 37 0.048802
BONE 45 0.440415
BONE 57 0.389186
BONE 67 0.121597

VERT 85
OFFSET 19.386658, -12.454728, 39.991299
BONES 3
BONE 45 0.037371
BONE 57 0.217338
BONE 67 0.745292

VERT 86
OFFSET 18.857973, -12.465465, 39.806763
BONES 2
BONE 57 0.023839
BONE 67 0.976161

VERT 87
OFFSET 18.135777, -13.983713, 40.143867
BONES 2
BONE 59 0.024041
BONE 69 0.975959

VERT 88
OFFSET 19.926992, -14.172284, 41.288353
BONES 6
BONE 37 0.012979
BONE 43 0.049433
BONE 47 0.542148
BONE 59 0.355250
BONE 69 0.039925
BONE 45 0.000265

VERT 89
OFFSET 19.559593, -12.925150, 42.075962
BONES 8
BONE 37 0.357925
BONE 41 0.000000
BONE 43 0.172694
BONE 47 0.416870
BONE 59 0.013671
BONE 45 0.038337
BONE 57 0.000203
BONE 39 0.000300

VERT 90
OFFSET 18.336859, -14.338350, 43.776367
BONES 7
BONE 37 0.439609
BONE 49 0.006246
BONE 61 0.000866
BONE 41 0.549231
BONE 53 0.003507
BONE 63 0.000000
BONE 43 0.000540

VERT 91
OFFSET 17.946381, -16.338614, 41.257130
BONES 2
BONE 53 0.006250
BONE 63 0.993750

VERT 92
OFFSET 18.798515, -15.703634, 43.063919
BONES 4
BONE 37 0.028399
BONE 41 0.440046
BONE 53 0.454410
BONE 63 0.077146

VERT 93
OFFSET 15.879845, -14.847078, 41.789211
BONES 2
BONE 61 0.000676
BONE 71 0.999324

VERT 94
OFFSET 15.508126, -14.551677, 41.817207
BONES 2
BONE 61 0.003826
BONE 71 0.996174

VERT 95
OFFSET 15.979198, -15.065177, 42.233444
BONES 2
BONE 61 0.003885
BONE 71 0.996115

VERT 96
OFFSET 17.420271, -12.384201, 44.958660
BONES 6
BONE 37 0.511773
BONE 49 0.338635
BONE 61 0.070960
BONE 71 0.000000
BONE 41 0.000295
BONE 39 0.078337

VERT 97
OFFSET 16.427998, -11.822970, 44.776554
BONES 5
BONE 37 0.514178
BONE 49 0.220705
BONE 61 0.144551
BONE 71 0.000000
BONE 39 0.120566

VERT 98
OFFSET 18.841520, -14.330830, 44.207912
BONES 6
BONE 37 0.458865
BONE 49 0.000236
BONE 41 0.533635
BONE 53 0.000354
BONE 43 0.006909
BONE 39 0.000001

VERT 99
OFFSET 16.908457, -13.230295, 43.977264
BONES 6
BONE 37 0.144509
BONE 49 0.463209
BONE 61 0.303526
BONE 71 0.086549
BONE 41 0.000142
BONE 39 0.002065

VERT 100
OFFSET 16.031094, -12.776743, 44.129360
BONES 4
BONE 37 0.029723
BONE 49 0.415956
BONE 61 0.460185
BONE 71 0.094136

VERT 101
OFFSET 20.680494, -11.714635, 41.784504
BONES 4
BONE 37 0.556682
BONE 47 0.000001
BONE 45 0.443317
BONE 57 0.000001

VERT 102
OFFSET 19.845821, -10.615531, 44.089516
BONES 5
BONE 37 0.793206
BONE 43 0.000489
BONE 47 0.000607
BONE 45 0.000908
BONE 39 0.204789

VERT 103
OFFSET 19.060024, -11.644358, 45.085743
BONES 5
BONE 37 0.843791
BONE 49 0.002488
BONE 41 0.000001
BONE 43 0.000000
BONE 39 0.153720

VERT 104
OFFSET 15.649748, -13.902975, 43.179314
BONES 3
BONE 49 0.016933
BONE 61 0.332786
BONE 71 0.650281

VERT 105
OFFSET 16.364071, -14.139001, 43.103596
BONES 4
BONE 37 0.005443
BONE 49 0.025276
BONE 61 0.378400
BONE 71 0.590881

VERT 106
OFFSET 18.943890, -12.522002, 39.645897
BONES 2
BONE 57 0.027473
BONE 67 0.972527

VERT 107
OFFSET 20.563847, -12.798736, 40.440098
BONES 4
BONE 37 0.002850
BONE 45 0.498690
BONE 57 0.455981
BONE 67 0.042479

VERT 108
OFFSET 20.329247, -13.109623, 42.619671
BONES 6
BONE 37 0.375655
BONE 41 0.000000
BONE 43 0.132333
BONE 47 0.486667
BONE 59 0.000001
BONE 45 0.005345

VERT 109
OFFSET 18.968750, -14.418272, 40.255009
BONES 3
BONE 47 0.000360
BONE 59 0.336033
BONE 69 0.663607

VERT 110
OFFSET 20.213636, -14.414071, 41.215446
BONES 5
BONE 37 0.013026
BONE 43 0.018896
BONE 47 0.499950
BONE 59 0.455399
BONE 69 0.012730

VERT 111
OFFSET 18.189981, -14.129250, 39.907410
BONES 2
BONE 59 0.007858
BONE 69 0.992142

VERT 112
OFFSET 19.220970, -15.983894, 43.129494
BONES 4
BONE 37 0.004071
BONE 41 0.406030
BONE 53 0.553074
BONE 63 0.036824

VERT 113
OFFSET 18.521832, -16.567780, 41.859406
BONES 3
BONE 41 0.000829
BONE 53 0.186926
BONE 63 0.812245

VERT 114
OFFSET 18.047190, -16.550468, 41.254288
BONES 2
BONE 53 0.008511
BONE 63 0.991489

VERT 115
OFFSET 19.429436, -9.769706, 42.801193
BONES 3
BONE 37 0.657317
BONE 45 0.001272
BONE 39 0.341411

VERT 116
OFFSET 19.747494, -10.052125, 43.269524
BONES 3
BONE 37 0.772254
BONE 45 0.003188
BONE 39 0.224558

VERT 117
OFFSET 15.425546, -14.917191, 42.119923
BONES 1
BONE 71 1.000000

VERT 118
OFFSET 15.689899, -14.430249, 42.509476
BONES 2
BONE 61 0.015890
BONE 71 0.984110

VERT 119
OFFSET 15.587900, -15.016748, 41.920746
BONES 1
BONE 71 1.000000

VERT 120
OFFSET 19.514832, -12.676744, 39.770416
BONES 3
BONE 45 0.010252
BONE 57 0.250364
BONE 67 0.739384

VERT 121
OFFSET 18.892277, -14.197456, 40.446777
BONES 3
BONE 47 0.000501
BONE 59 0.333018
BONE 69 0.666482

VERT 122
OFFSET 18.316509, -16.324259, 41.953949
BONES 3
BONE 41 0.009625
BONE 53 0.232157
BONE 63 0.758218

VERT 123
OFFSET 16.275997, -14.719378, 42.507023
BONES 2
BONE 61 0.110604
BONE 71 0.889396

VERT 124
OFFSET 16.381111, -14.335690, 41.910503
BONES 2
BONE 61 0.041460
BONE 71 0.958540

VERT 125
OFFSET 15.653676, -14.068781, 41.993580
BONES 2
BONE 61 0.100203
BONE 71 0.899797

VERT 126
OFFSET 16.748564, -11.301057, 43.601688
BONES 6
BONE 31 0.000073
BONE 37 0.461826
BONE 49 0.322424
BONE 61 0.072818
BONE 71 0.000000
BONE 39 0.142859

VERT 127
OFFSET 17.576561, -1.785240, 47.562523
BONES 2
BONE 31 0.399999
BONE 39 0.600001

VERT 128
OFFSET 18.664307, -4.750196, 46.340263
BONES 2
BONE 31 0.199940
BONE 39 0.800060

VERT 129
OFFSET 17.123884, -4.594159, 45.170513
BONES 4
BONE 27 0.000000
BONE 31 0.200026
BONE 29 0.000001
BONE 39 0.799973

VERT 130
OFFSET 15.239331, -5.571958, 46.521469
BONES 2
BONE 31 0.207274
BONE 39 0.792726

VERT 131
OFFSET 15.530404, -6.225410, 47.940357
BONES 2
BONE 31 0.203667
BONE 39 0.796333

VERT 132
OFFSET 17.040718, -5.998049, 48.632851
BONES 2
BONE 31 0.197935
BONE 39 0.802065

VERT 133
OFFSET 18.070133, -10.217132, 46.238956
BONES 3
BONE 31 0.049911
BONE 37 0.058130
BONE 39 0.891958

VERT 134
OFFSET -16.053318, -2.766346, 50.505733
BONES 1
BONE 32 1.000000

VERT 135
OFFSET -13.893334, -2.754621, 47.885109
BONES 2
BONE 32 0.399999
BONE 40 0.600001

VERT 136
OFFSET -15.967722, -1.678902, 46.241909
BONES 2
BONE 32 1.000000
BONE 40 0.000000

VERT 137
OFFSET -14.359581, -3.435874, 49.702251
BONES 2
BONE 32 0.151743
BONE 40 0.848257

VERT 138
OFFSET -19.447655, -8.996365, 44.709866
BONES 3
BONE 32 0.037649
BONE 38 0.124285
BONE 40 0.838066

VERT 139
OFFSET -16.853361, -10.205226, 45.713978
BONES 3
BONE 32 0.047729
BONE 38 0.047695
BONE 40 0.904576

VERT 140
OFFSET -17.081821, -9.527421, 44.585365
BONES 3
BONE 32 0.047195
BONE 38 0.042130
BONE 40 0.910675

VERT 141
OFFSET -18.551519, -8.710944, 43.831219
BONES 3
BONE 32 0.023732
BONE 38 0.076025
BONE 40 0.900243

VERT 142
OFFSET -17.254982, -13.079288, 43.355007
BONES 5
BONE 38 0.358996
BONE 50 0.360295
BONE 62 0.228601
BONE 72 0.025094
BONE 42 0.027013

VERT 143
OFFSET -16.603668, -13.736250, 42.445457
BONES 3
BONE 50 0.006625
BONE 62 0.403442
BONE 72 0.589933

VERT 144
OFFSET -16.220093, -12.328098, 43.235348
BONES 5
BONE 38 0.029184
BONE 50 0.487876
BONE 62 0.414069
BONE 72 0.065250
BONE 40 0.003620

VERT 145
OFFSET -20.299034, -11.593158, 41.407822
BONES 6
BONE 38 0.553534
BONE 48 0.000001
BONE 46 0.441455
BONE 58 0.003743
BONE 68 0.001202
BONE 40 0.000067

VERT 146
OFFSET -18.257597, -10.794310, 42.862370
BONES 6
BONE 38 0.814521
BONE 50 0.000000
BONE 62 0.000000
BONE 48 0.000587
BONE 46 0.000462
BONE 40 0.184430

VERT 147
OFFSET -15.751395, -13.394105, 42.602802
BONES 3
BONE 50 0.024701
BONE 62 0.415789
BONE 72 0.559510

VERT 148
OFFSET -20.310759, -12.478183, 40.448689
BONES 4
BONE 38 0.048802
BONE 46 0.440415
BONE 58 0.389186
BONE 68 0.121597

VERT 149
OFFSET -19.386658, -12.454728, 39.991299
BONES 3
BONE 46 0.037371
BONE 58 0.217338
BONE 68 0.745292

VERT 150
OFFSET -18.857973, -12.465465, 39.806763
BONES 2
BONE 58 0.023839
BONE 68 0.976161

VERT 151
OFFSET -18.135777, -13.983713, 40.143867
BONES 2
BONE 60 0.024041
BONE 70 0.975959

VERT 152
OFFSET -19.926992, -14.172284, 41.288353
BONES 6
BONE 38 0.012979
BONE 44 0.049433
BONE 48 0.542148
BONE 60 0.355250
BONE 70 0.039925
BONE 46 0.000265

VERT 153
OFFSET -19.559593, -12.925150, 42.075962
BONES 8
BONE 38 0.357925
BONE 42 0.000000
BONE 44 0.172694
BONE 48 0.416870
BONE 60 0.013671
BONE 46 0.038337
BONE 58 0.000203
BONE 40 0.000300

VERT 154
OFFSET -18.336859, -14.338350, 43.776367
BONES 7
BONE 38 0.439609
BONE 50 0.006246
BONE 62 0.000866
BONE 42 0.549231
BONE 54 0.003507
BONE 64 0.000000
BONE 44 0.000540

VERT 155
OFFSET -17.946381, -16.338614, 41.257130
BONES 2
BONE 54 0.006250
BONE 64 0.993750

VERT 156
OFFSET -18.798515, -15.703634, 43.063919
BONES 4
BONE 38 0.028399
BONE 42 0.440046
BONE 54 0.454410
BONE 64 0.077146

VERT 157
OFFSET -15.879845, -14.847078, 41.789211
BONES 2
BONE 62 0.000676
BONE 72 0.999324

VERT 158
OFFSET -15.508126, -14.551677, 41.817207
BONES 2
BONE 62 0.003826
BONE 72 0.996174

VERT 159
OFFSET -15.979198, -15.065177, 42.233444
BONES 2
BONE 62 0.003885
BONE 72 0.996115

VERT 160
OFFSET -17.420271, -12.384201, 44.958660
BONES 6
BONE 38 0.511773
BONE 50 0.338635
BONE 62 0.070960
BONE 72 0.000000
BONE 42 0.000295
BONE 40 0.078337

VERT 161
OFFSET -16.427998, -11.822970, 44.776554
BONES 5
BONE 38 0.514178
BONE 50 0.220705
BONE 62 0.144551
BONE 72 0.000000
BONE 40 0.120566

VERT 162
OFFSET -18.841520, -14.330830, 44.207912
BONES 6
BONE 38 0.459081
BONE 50 0.000236
BONE 42 0.533434
BONE 54 0.000354
BONE 44 0.006895
BONE 40 0.000001

VERT 163
OFFSET -16.908457, -13.230295, 43.977264
BONES 6
BONE 38 0.144509
BONE 50 0.463209
BONE 62 0.303526
BONE 72 0.086549
BONE 42 0.000142
BONE 40 0.002065

VERT 164
OFFSET -16.031094, -12.776743, 44.129360
BONES 4
BONE 38 0.029723
BONE 50 0.415956
BONE 62 0.460185
BONE 72 0.094136

VERT 165
OFFSET -20.680494, -11.714635, 41.784504
BONES 4
BONE 38 0.556682
BONE 48 0.000001
BONE 46 0.443317
BONE 58 0.000001

VERT 166
OFFSET -19.845821, -10.615531, 44.089516
BONES 5
BONE 38 0.793206
BONE 44 0.000489
BONE 48 0.000607
BONE 46 0.000908
BONE 40 0.204789

VERT 167
OFFSET -19.060024, -11.644358, 45.085743
BONES 5
BONE 38 0.843791
BONE 50 0.002488
BONE 42 0.000001
BONE 44 0.000000
BONE 40 0.153720

VERT 168
OFFSET -15.649748, -13.902975, 43.179314
BONES 3
BONE 50 0.016933
BONE 62 0.332786
BONE 72 0.650281

VERT 169
OFFSET -16.364071, -14.139001, 43.103596
BONES 4
BONE 38 0.005443
BONE 50 0.025276
BONE 62 0.378400
BONE 72 0.590881

VERT 170
OFFSET -18.943890, -12.522002, 39.645897
BONES 2
BONE 58 0.027473
BONE 68 0.972527

VERT 171
OFFSET -20.563847, -12.798736, 40.440098
BONES 4
BONE 38 0.002850
BONE 46 0.498690
BONE 58 0.455981
BONE 68 0.042479

VERT 172
OFFSET -20.329247, -13.109623, 42.619671
BONES 6
BONE 38 0.375655
BONE 42 0.000000
BONE 44 0.132333
BONE 48 0.486667
BONE 60 0.000001
BONE 46 0.005345

VERT 173
OFFSET -18.968750, -14.418272, 40.255009
BONES 3
BONE 48 0.000360
BONE 60 0.336032
BONE 70 0.663608

VERT 174
OFFSET -20.213636, -14.414071, 41.215446
BONES 5
BONE 38 0.013026
BONE 44 0.018896
BONE 48 0.499950
BONE 60 0.455399
BONE 70 0.012730

VERT 175
OFFSET -18.189981, -14.129250, 39.907410
BONES 2
BONE 60 0.007858
BONE 70 0.992142

VERT 176
OFFSET -19.220970, -15.983894, 43.129494
BONES 4
BONE 38 0.004071
BONE 42 0.406030
BONE 54 0.553074
BONE 64 0.036824

VERT 177
OFFSET -18.521832, -16.567780, 41.859406
BONES 3
BONE 42 0.000829
BONE 54 0.186928
BONE 64 0.812244

VERT 178
OFFSET -18.047190, -16.550468, 41.254288
BONES 2
BONE 54 0.008511
BONE 64 0.991489

VERT 179
OFFSET -19.429436, -9.769706, 42.801193
BONES 3
BONE 38 0.657317
BONE 46 0.001272
BONE 40 0.341411

VERT 180
OFFSET -19.747494, -10.052125, 43.269524
BONES 3
BONE 38 0.772254
BONE 46 0.003188
BONE 40 0.224558

VERT 181
OFFSET -15.425546, -14.917191, 42.119923
BONES 1
BONE 72 1.000000

VERT 182
OFFSET -15.689899, -14.430249, 42.509476
BONES 2
BONE 62 0.015890
BONE 72 0.984110

VERT 183
OFFSET -15.587900, -15.016748, 41.920746
BONES 1
BONE 72 1.000000

VERT 184
OFFSET -19.514832, -12.676744, 39.770416
BONES 3
BONE 46 0.010252
BONE 58 0.250363
BONE 68 0.739384

VERT 185
OFFSET -18.892277, -14.197456, 40.446777
BONES 3
BONE 48 0.000501
BONE 60 0.333018
BONE 70 0.666481

VERT 186
OFFSET -18.316509, -16.324259, 41.953949
BONES 3
BONE 42 0.009625
BONE 54 0.232157
BONE 64 0.758218

VERT 187
OFFSET -16.275997, -14.719378, 42.507023
BONES 2
BONE 62 0.110604
BONE 72 0.889396

VERT 188
OFFSET -16.381111, -14.335690, 41.910503
BONES 2
BONE 62 0.041460
BONE 72 0.958540

VERT 189
OFFSET -15.653676, -14.068781, 41.993580
BONES 2
BONE 62 0.100203
BONE 72 0.899797

VERT 190
OFFSET -16.748564, -11.301057, 43.601688
BONES 6
BONE 32 0.000073
BONE 38 0.461826
BONE 50 0.322424
BONE 62 0.072818
BONE 72 0.000000
BONE 40 0.142859

VERT 191
OFFSET -17.576561, -1.785240, 47.562523
BONES 1
BONE 32 1.000000

VERT 192
OFFSET -18.664307, -4.750196, 46.340263
BONES 2
BONE 32 0.199940
BONE 40 0.800060

VERT 193
OFFSET -17.123884, -4.594159, 45.170513
BONES 2
BONE 32 0.195122
BONE 40 0.804878

VERT 194
OFFSET -15.239331, -5.571958, 46.521469
BONES 1
BONE 40 1.000000

VERT 195
OFFSET -15.530404, -6.225410, 47.940357
BONES 2
BONE 32 0.052952
BONE 40 0.947048

VERT 196
OFFSET -17.040718, -5.998049, 48.632851
BONES 2
BONE 32 0.153224
BONE 40 0.846776

VERT 197
OFFSET -18.070133, -10.217132, 46.238956
BONES 3
BONE 32 0.049911
BONE 38 0.058130
BONE 40 0.891958

VERT 198
OFFSET -6.840298, -4.380864, 2.008508
BONES 3
BONE 9 0.000319
BONE 12 0.039884
BONE 17 0.959797

VERT 199
OFFSET -5.957824, -6.588946, 1.326635
BONES 3
BONE 9 0.000059
BONE 12 0.003440
BONE 17 0.996501

VERT 200
OFFSET -7.199953, -4.709792, 0.845404
BONES 3
BONE 9 0.000692
BONE 12 0.056963
BONE 17 0.942345

VERT 201
OFFSET -4.473660, -6.888103, 1.343399
