// Export filename: 'C:/projects/cod/t5/model_export/cuban/characters/cod7/tropas/mp/c_cub_tropas_mp_body_camo_LOD1.XMODEL_EXPORT'
// Source filename: 'D:/projects/devart/t5/model_export/cuban/characters/cod7/tropas/mp/_c_cub_tropas_mp_camo.ma'
// Export time: Tue Sep 07 17:32:05 2010
MODEL
VERSION 6

NUMBONES 73
BONE 0 -1 "TAG_ORIGIN"
BONE 1 0 "J_MainRoot"
BONE 2 0 "TAG_SYNC"
BONE 3 1 "J_Hip_LE"
BONE 4 1 "J_Hip_RI"
BONE 5 1 "J_SpineLower"
BONE 6 3 "J_HipTwist_LE"
BONE 7 4 "J_HipTwist_RI"
BONE 8 3 "J_Knee_LE"
BONE 9 4 "J_Knee_RI"
BONE 10 5 "J_SpineUpper"
BONE 11 8 "J_Ankle_LE"
BONE 12 9 "J_Ankle_RI"
BONE 13 8 "J_Knee_Bulge_LE"
BONE 14 9 "J_Knee_Bulge_RI"
BONE 15 10 "J_Spine4"
BONE 16 11 "J_Ball_LE"
BONE 17 12 "J_Ball_RI"
BONE 18 15 "J_Clavicle_LE"
BONE 19 15 "J_Clavicle_RI"
BONE 20 15 "J_Neck"
BONE 21 15 "J_ShoulderRaise_LE"
BONE 22 15 "J_ShoulderRaise_RI"
BONE 23 15 "TAG_INHAND"
BONE 24 15 "TAG_STOWED_BACK"
BONE 25 15 "TAG_WEAPON_CHEST"
BONE 26 20 "J_Head"
BONE 27 18 "J_Shoulder_LE"
BONE 28 19 "J_Shoulder_RI"
BONE 29 27 "J_Elbow_Bulge_LE"
BONE 30 28 "J_Elbow_Bulge_RI"
BONE 31 27 "J_Elbow_LE"
BONE 32 28 "J_Elbow_RI"
BONE 33 26 "J_Head_END"
BONE 34 27 "J_ShoulderTwist_LE"
BONE 35 28 "J_ShoulderTwist_RI"
BONE 36 33 "J_Helmet"
BONE 37 31 "J_Wrist_LE"
BONE 38 32 "J_Wrist_RI"
BONE 39 31 "J_WristTwist_LE"
BONE 40 32 "J_WristTwist_RI"
BONE 41 37 "J_Index_LE_1"
BONE 42 38 "J_Index_RI_1"
BONE 43 37 "J_Mid_LE_1"
BONE 44 38 "J_Mid_RI_1"
BONE 45 37 "J_Pinky_LE_1"
BONE 46 38 "J_Pinky_RI_1"
BONE 47 37 "J_Ring_LE_1"
BONE 48 38 "J_Ring_RI_1"
BONE 49 37 "J_Thumb_LE_1"
BONE 50 38 "J_Thumb_RI_1"
BONE 51 37 "TAG_WEAPON_LEFT"
BONE 52 38 "TAG_WEAPON_RIGHT"
BONE 53 41 "J_Index_LE_2"
BONE 54 42 "J_Index_RI_2"
BONE 55 43 "J_Mid_LE_2"
BONE 56 44 "J_Mid_RI_2"
BONE 57 45 "J_Pinky_LE_2"
BONE 58 46 "J_Pinky_RI_2"
BONE 59 47 "J_Ring_LE_2"
BONE 60 48 "J_Ring_RI_2"
BONE 61 49 "J_Thumb_LE_2"
BONE 62 50 "J_Thumb_RI_2"
BONE 63 53 "J_Index_LE_3"
BONE 64 54 "J_Index_RI_3"
BONE 65 55 "J_Mid_LE_3"
BONE 66 56 "J_Mid_RI_3"
BONE 67 57 "J_Pinky_LE_3"
BONE 68 58 "J_Pinky_RI_3"
BONE 69 59 "J_Ring_LE_3"
BONE 70 60 "J_Ring_RI_3"
BONE 71 61 "J_Thumb_LE_3"
BONE 72 62 "J_Thumb_RI_3"

BONE 0
OFFSET 0.000002, -2.222000, 0.000042
SCALE 1.000000, 1.000000, 1.000000
X -0.000000, -1.000000, -0.000001
Y 1.000000, -0.000000, 0.000000
Z -0.000000, -0.000001, 1.000000

BONE 1
OFFSET 0.000082, 1.218927, 37.228020
SCALE 1.000000, 1.000000, 1.000000
X 0.000005, 0.024825, 0.999692
Y 0.000006, -0.999692, 0.024825
Z 1.000000, 0.000006, -0.000005

BONE 2
OFFSET 0.000002, -2.219720, 0.000042
SCALE 1.000000, 1.000000, 1.000000
X -0.000000, -1.000000, -0.000003
Y 1.000000, -0.000000, 0.000000
Z -0.000000, -0.000003, 1.000000

BONE 3
OFFSET 4.865472, 1.218951, 37.228016
SCALE 1.000000, 1.000000, 1.000000
X -0.008941, 0.033879, -0.999386
Y -0.004877, -0.999415, -0.033837
Z -0.999948, 0.004571, 0.009101

BONE 4
OFFSET -4.865293, 1.218927, 37.227978
SCALE 1.000000, 1.000000, 1.000000
X -0.008909, -0.033842, 0.999388
Y -0.004870, 0.999417, 0.033800
Z -0.999948, -0.004566, -0.009069

BONE 5
OFFSET 0.000089, 1.148792, 42.432632
SCALE 1.000000, 1.000000, 1.000000
X 0.000001, 0.029870, 0.999554
Y -0.000002, -0.999554, 0.029870
Z 1.000000, -0.000002, -0.000001

BONE 6
OFFSET 4.837310, 1.325658, 34.080341
SCALE 1.000000, 1.000000, 1.000000
X -0.008941, 0.033879, -0.999386
Y -0.004864, -0.999416, -0.033837
Z -0.999948, 0.004558, 0.009101

BONE 7
OFFSET -4.837236, 1.325506, 34.080624
SCALE 1.000000, 1.000000, 1.000000
X -0.008909, -0.033842, 0.999388
Y -0.004874, 0.999417, 0.033800
Z -0.999948, -0.004570, -0.009069

BONE 8
OFFSET 4.708874, 1.812570, 19.727123
SCALE 1.000000, 1.000000, 1.000000
X -0.008203, 0.166937, -0.985933
Y -0.006021, -0.985957, -0.166891
Z -0.999948, 0.004567, 0.009093

BONE 9
OFFSET -4.708568, 1.812141, 19.727461
SCALE 1.000000, 1.000000, 1.000000
X -0.008167, -0.166975, 0.985927
Y -0.006022, 0.985950, 0.166929
Z -0.999949, -0.004574, -0.009057

BONE 10
OFFSET 0.000094, 1.131313, 47.652164
SCALE 1.000000, 1.000000, 1.000000
X 0.000003, -0.020406, 0.999792
Y 0.000005, -0.999792, -0.020406
Z 1.000000, 0.000006, -0.000003

BONE 11
OFFSET 4.584381, 4.343949, 4.776942
SCALE 1.000000, 1.000000, 1.000000
X -0.000000, -0.008729, -0.999962
Y 0.016577, -0.999824, 0.008728
Z -0.999863, -0.016577, 0.000145

BONE 12
OFFSET -4.584069, 4.344151, 4.777238
SCALE 1.000000, 1.000000, 1.000000
X 0.000009, 0.008730, 0.999962
Y 0.016581, 0.999824, -0.008729
Z -0.999862, 0.016581, -0.000136

BONE 13
OFFSET 4.700433, -0.061928, 19.740456
SCALE 1.000000, 1.000000, 1.000000
X -0.000006, 0.029848, 0.999554
Y -0.000002, -0.999554, 0.029848
Z 1.000000, -0.000002, 0.000006

BONE 14
OFFSET -4.688321, -0.066477, 19.765478
SCALE 1.000000, 1.000000, 1.000000
X -0.000042, -0.029855, -0.999554
Y -0.000010, 0.999554, -0.029855
Z 1.000000, 0.000009, -0.000042

BONE 15
OFFSET 0.000090, 1.067745, 51.758411
SCALE 1.000000, 1.000000, 1.000000
X 0.000002, -0.047080, 0.998891
Y 0.000010, -0.998891, -0.047080
Z 1.000000, 0.000011, -0.000001

BONE 16
OFFSET 4.746620, -1.234840, 0.330913
SCALE 1.000000, 1.000000, 1.000000
X 0.016342, -0.983115, 0.182258
Y -0.002855, 0.182235, 0.983251
Z -0.999862, -0.016588, 0.000171

BONE 17
OFFSET -4.746290, -1.234591, 0.331138
SCALE 1.000000, 1.000000, 1.000000
X 0.016296, 0.983125, -0.182210
Y -0.002898, -0.182187, -0.983260
Z -0.999863, 0.016551, -0.000120

BONE 18
OFFSET 1.356609, 1.015539, 56.400341
SCALE 1.000000, 1.000000, 1.000000
X 0.997183, -0.019399, 0.072449
Y 0.018071, 0.999657, 0.018947
Z -0.072792, -0.017584, 0.997192

BONE 19
OFFSET -1.356719, 1.015542, 56.400444
SCALE 1.000000, 1.000000, 1.000000
X 0.997186, 0.019411, -0.072414
Y 0.018084, -0.999657, -0.018932
Z -0.072757, 0.017569, -0.997195

BONE 20
OFFSET 0.000058, 0.503915, 60.542107
SCALE 1.000000, 1.000000, 1.000000
X 0.000005, -0.309757, 0.950816
Y 0.000009, -0.950816, -0.309757
Z 1.000000, 0.000010, -0.000002

BONE 21
OFFSET 4.025334, 0.920922, 58.859638
SCALE 1.000000, 1.000000, 1.000000
X -0.997186, 0.019392, -0.072414
Y -0.018067, -0.999658, -0.018910
Z -0.072756, -0.017549, 0.997195

BONE 22
OFFSET -4.025115, 0.920835, 58.859825
SCALE 1.000000, 1.000000, 1.000000
X -0.997185, -0.019413, 0.072417
Y -0.018088, 0.999658, 0.018910
Z -0.072759, 0.017547, -0.997195

BONE 23
OFFSET -28.519920, -12.713210, 38.935009
SCALE 1.000000, 1.000000, 1.000000
X 1.000000, 0.000011, -0.000001
Y 0.000007, -0.764281, -0.644884
Z -0.000008, 0.644884, -0.764281

BONE 24
OFFSET -3.446791, 8.288239, 51.019424
SCALE 1.000000, 1.000000, 1.000000
X -0.083352, 0.038091, -0.995792
Y 0.176876, -0.982837, -0.052401
Z -0.980697, -0.180500, 0.075184

BONE 25
OFFSET -28.519920, -12.713210, 38.935009
SCALE 1.000000, 1.000000, 1.000000
X 0.000011, -1.000000, 0.000001
Y 1.000000, 0.000011, -0.000001
Z 0.000001, 0.000001, 1.000000

BONE 26
OFFSET 0.000057, -0.306903, 63.520969
SCALE 1.000000, 1.000000, 1.000000
X -0.000007, -0.216434, 0.976297
Y 0.000005, -0.976297, -0.216434
Z 1.000000, 0.000004, 0.000008

BONE 27
OFFSET 7.725458, 0.891629, 56.863182
SCALE 1.000000, 1.000000, 1.000000
X 0.662981, -0.260696, -0.701779
Y 0.273873, 0.956889, -0.096732
Z 0.696743, -0.128067, 0.705796

BONE 28
OFFSET -7.725506, 0.891564, 56.862965
SCALE 1.000000, 1.000000, 1.000000
X 0.662960, 0.260726, 0.701788
Y 0.273916, -0.956876, 0.096734
Z 0.696745, 0.128101, -0.705788

BONE 29
OFFSET 15.846270, -1.632336, 48.642548
SCALE 1.000000, 1.000000, 1.000000
X 0.294563, -0.846066, -0.444303
Y 0.654051, 0.517466, -0.551767
Z 0.696743, -0.128067, 0.705796

BONE 30
OFFSET -15.846113, -1.632834, 48.642265
SCALE 1.000000, 1.000000, 1.000000
X 0.294518, 0.846079, 0.444308
Y 0.654068, -0.517437, 0.551773
Z 0.696745, 0.128101, -0.705788

BONE 31
OFFSET 15.742274, -1.805675, 48.713013
SCALE 1.000000, 1.000000, 1.000000
X 0.294845, -0.845858, -0.444512
Y 0.653923, 0.517813, -0.551593
Z 0.696743, -0.128042, 0.705801

BONE 32
OFFSET -15.742270, -1.806072, 48.712933
SCALE 1.000000, 1.000000, 1.000000
X 0.294819, 0.845861, 0.444523
Y 0.653933, -0.517800, 0.551592
Z 0.696745, 0.128069, -0.705794

BONE 33
OFFSET -0.000527, -1.399727, 69.807846
SCALE 1.000000, 1.000000, 1.000000
X -0.000007, -0.216434, 0.976297
Y 0.000005, -0.976297, -0.216434
Z 1.000000, 0.000004, 0.000008

BONE 34
OFFSET 8.032188, 0.771017, 56.538502
SCALE 1.000000, 1.000000, 1.000000
X 0.662981, -0.260696, -0.701779
Y 0.273875, 0.956889, -0.096730
Z 0.696742, -0.128070, 0.705797

BONE 35
OFFSET -8.001591, 0.782987, 56.570709
SCALE 1.000000, 1.000000, 1.000000
X 0.662960, 0.260726, 0.701788
Y 0.273908, -0.956878, 0.096742
Z 0.696748, 0.128089, -0.705787

BONE 36
OFFSET -0.000540, -0.362329, 71.243195
SCALE 1.000000, 1.000000, 1.000000
X 0.000005, -0.999048, 0.043625
Y 1.000000, 0.000005, 0.000005
Z -0.000005, 0.043625, 0.999048

BONE 37
OFFSET 18.585669, -10.419226, 44.089733
SCALE 1.000000, 1.000000, 1.000000
X 0.299004, -0.782064, -0.546784
Y -0.792522, 0.115636, -0.598779
Z 0.531512, 0.612376, -0.585227

BONE 38
OFFSET -18.585567, -10.419399, 44.089657
SCALE 1.000000, 1.000000, 1.000000
X 0.299011, 0.782058, 0.546788
Y -0.792524, -0.115633, 0.598778
Z 0.531506, -0.612384, 0.585224

BONE 39
OFFSET 17.753496, -7.897926, 45.442410
SCALE 1.000000, 1.000000, 1.000000
X 0.294846, -0.845857, -0.444513
Y 0.653930, 0.517812, -0.551585
Z 0.696736, -0.128048, 0.705806

BONE 40
OFFSET -17.753546, -7.898361, 45.442448
SCALE 1.000000, 1.000000, 1.000000
X 0.294819, 0.845861, 0.444523
Y 0.653933, -0.517800, 0.551592
Z 0.696745, 0.128069, -0.705794

BONE 41
OFFSET 18.943596, -14.118733, 43.296165
SCALE 1.000000, 1.000000, 1.000000
X 0.252533, -0.921880, -0.293878
Y -0.670074, 0.052482, -0.740436
Z 0.698017, 0.383905, -0.604475

BONE 42
OFFSET -18.943485, -14.118932, 43.296089
SCALE 1.000000, 1.000000, 1.000000
X 0.252692, 0.921873, 0.293763
Y -0.670040, -0.052297, 0.740480
Z 0.697992, -0.383946, 0.604477

BONE 43
OFFSET 19.641989, -13.608097, 42.701954
SCALE 1.000000, 1.000000, 1.000000
X 0.066843, -0.793765, -0.604540
Y -0.837155, 0.285040, -0.466823
Z 0.542866, 0.537298, -0.645452

BONE 44
OFFSET -19.641909, -13.608223, 42.701809
SCALE 1.000000, 1.000000, 1.000000
X 0.066887, 0.793771, 0.604528
Y -0.837171, -0.284987, 0.466827
Z 0.542836, -0.537317, 0.645460

BONE 45
OFFSET 20.410118, -12.159682, 41.480377
SCALE 1.000000, 1.000000, 1.000000
X -0.099274, -0.722106, -0.684623
Y -0.848031, 0.421335, -0.321434
Z 0.520565, 0.548671, -0.654195

BONE 46
OFFSET -20.410091, -12.159837, 41.480251
SCALE 1.000000, 1.000000, 1.000000
X -0.099304, 0.722089, 0.684635
Y -0.848020, -0.421369, 0.321418
Z 0.520577, -0.548666, 0.654190

BONE 47
OFFSET 20.114302, -12.876246, 42.061901
SCALE 1.000000, 1.000000, 1.000000
X -0.006006, -0.738898, -0.673791
Y -0.878970, 0.325202, -0.348791
Z 0.476839, 0.590147, -0.651422

BONE 48
OFFSET -20.114208, -12.876396, 42.061890
SCALE 1.000000, 1.000000, 1.000000
X -0.005979, 0.738908, 0.673780
Y -0.878978, -0.325169, 0.348801
Z 0.476825, -0.590152, 0.651428

BONE 49
OFFSET 18.473015, -11.541899, 44.177650
SCALE 1.000000, 1.000000, 1.000000
X -0.766327, -0.594301, -0.244027
Y 0.525231, -0.360813, -0.770679
Z 0.369968, -0.718763, 0.588646

BONE 50
OFFSET -18.472874, -11.542074, 44.177635
SCALE 1.000000, 1.000000, 1.000000
X -0.766329, 0.594294, 0.244036
Y 0.525229, 0.360803, 0.770685
Z 0.369965, 0.718773, -0.588635

BONE 51
OFFSET -28.519896, -12.719981, 38.932270
SCALE 1.000000, 1.000000, 1.000000
X 0.000190, -1.000000, -0.000189
Y 1.000000, 0.000190, 0.000053
Z -0.000053, -0.000189, 1.000000

BONE 52
OFFSET -28.520119, -12.709172, 38.935143
SCALE 1.000000, 1.000000, 1.000000
X -0.000199, -1.000000, -0.000195
Y 0.998877, -0.000190, -0.047381
Z 0.047381, -0.000205, 0.998877

BONE 53
OFFSET 19.335176, -15.548034, 42.840546
SCALE 1.000000, 1.000000, 1.000000
X -0.305493, -0.603804, -0.736271
Y -0.647669, 0.698577, -0.304162
Z 0.697997, 0.383940, -0.604476

BONE 54
OFFSET -19.335234, -15.548249, 42.840523
SCALE 1.000000, 1.000000, 1.000000
X -0.305842, 0.603512, 0.736365
Y -0.647460, -0.698892, 0.303884
Z 0.698038, -0.383827, 0.604500

BONE 55
OFFSET 19.766018, -15.080857, 41.580357
SCALE 1.000000, 1.000000, 1.000000
X -0.742584, -0.051931, -0.667737
Y -0.392291, 0.841795, 0.370795
Z 0.542841, 0.537294, -0.645475

BONE 56
OFFSET -19.765930, -15.081016, 41.579948
SCALE 1.000000, 1.000000, 1.000000
X -0.742558, 0.051921, 0.667766
Y -0.392315, -0.841780, -0.370804
Z 0.542860, -0.537318, 0.645439

BONE 57
OFFSET 20.291075, -13.025280, 40.659801
SCALE 1.000000, 1.000000, 1.000000
X -0.734217, -0.103408, -0.670993
Y -0.435791, 0.829631, 0.348997
Z 0.520587, 0.548653, -0.654194

BONE 58
OFFSET -20.291012, -13.025424, 40.659672
SCALE 1.000000, 1.000000, 1.000000
X -0.734208, 0.103424, 0.671001
Y -0.435814, -0.829619, -0.348996
Z 0.520581, -0.548667, 0.654187

BONE 59
OFFSET 20.104219, -14.119193, 40.928596
SCALE 1.000000, 1.000000, 1.000000
X -0.750598, -0.112264, -0.651152
Y -0.457408, 0.799450, 0.389433
Z 0.476844, 0.590150, -0.651416

BONE 60
OFFSET -20.104130, -14.119358, 40.928261
SCALE 1.000000, 1.000000, 1.000000
X -0.750602, 0.112272, 0.651146
Y -0.457410, -0.799450, -0.389431
Z 0.476836, -0.590148, 0.651423

BONE 61
OFFSET 16.629330, -12.971684, 43.590553
SCALE 1.000000, 1.000000, 1.000000
X -0.513767, -0.686190, -0.514963
Y 0.774059, -0.111908, -0.623144
Z 0.369966, -0.718763, 0.588646

BONE 62
OFFSET -16.629194, -12.971821, 43.590179
SCALE 1.000000, 1.000000, 1.000000
X -0.513765, 0.686181, 0.514977
Y 0.774059, 0.111890, 0.623148
Z 0.369972, 0.718774, -0.588629

BONE 63
OFFSET 19.038221, -16.134914, 42.125023
SCALE 1.000000, 1.000000, 1.000000
X -0.554097, -0.245160, -0.795533
Y -0.453622, 0.890222, 0.041612
Z 0.698000, 0.383929, -0.604479

BONE 64
OFFSET -19.037983, -16.134798, 42.125008
SCALE 1.000000, 1.000000, 1.000000
X -0.553871, 0.245483, 0.795591
Y -0.453788, -0.890154, -0.041256
Z 0.698071, -0.383880, 0.604428

BONE 65
OFFSET 18.948034, -15.138112, 40.844826
SCALE 1.000000, 1.000000, 1.000000
X -0.836744, 0.280258, -0.470441
Y -0.071875, 0.795463, 0.601724
Z 0.542857, 0.537302, -0.645456

BONE 66
OFFSET -18.947971, -15.138271, 40.844528
SCALE 1.000000, 1.000000, 1.000000
X -0.836742, -0.280254, 0.470448
Y -0.071886, -0.795461, -0.601726
Z 0.542859, -0.537308, 0.645449

BONE 67
OFFSET 19.784019, -13.096679, 40.196491
SCALE 1.000000, 1.000000, 1.000000
X -0.853803, 0.339164, -0.394953
Y 0.005198, 0.764171, 0.644992
Z 0.520570, 0.548643, -0.654215

BONE 68
OFFSET -19.783998, -13.096812, 40.196270
SCALE 1.000000, 1.000000, 1.000000
X -0.853799, -0.339166, 0.394959
Y 0.005186, -0.764161, -0.645004
Z 0.520576, -0.548656, 0.654199

BONE 69
OFFSET 19.396437, -14.225060, 40.314682
SCALE 1.000000, 1.000000, 1.000000
X -0.861545, 0.166924, -0.479454
Y -0.174209, 0.789854, 0.588033
Z 0.476856, 0.590142, -0.651415

BONE 70
OFFSET -19.396343, -14.225204, 40.314499
SCALE 1.000000, 1.000000, 1.000000
X -0.861557, -0.166916, 0.479436
Y -0.174209, -0.789846, -0.588043
Z 0.476834, -0.590155, 0.651419

BONE 71
OFFSET 16.015608, -13.791351, 42.975456
SCALE 1.000000, 1.000000, 1.000000
X -0.178188, -0.676734, -0.714339
Y 0.911796, 0.159395, -0.378446
Z 0.369969, -0.718766, 0.588641

BONE 72
OFFSET -16.015455, -13.791477, 42.975048
SCALE 1.000000, 1.000000, 1.000000
X -0.178183, 0.676724, 0.714350
Y 0.911791, -0.159415, 0.378450
Z 0.369984, 0.718771, -0.588626

NUMVERTS 2726
VERT 0
OFFSET -16.722513, -2.242936, 50.263039
BONES 1
BONE 32 1.000000

VERT 1
OFFSET -13.893334, -2.754621, 47.885109
BONES 2
BONE 32 0.399999
BONE 40 0.600001

VERT 2
OFFSET -15.128038, -1.682448, 46.232224
BONES 2
BONE 32 0.399999
BONE 40 0.600001

VERT 3
OFFSET -16.807407, -1.675356, 46.251598
BONES 2
BONE 32 1.000000
BONE 40 0.000000

VERT 4
OFFSET -15.384121, -3.289756, 50.748425
BONES 2
BONE 32 0.399999
BONE 40 0.600001

VERT 5
OFFSET -14.359581, -3.435874, 49.702251
BONES 2
BONE 32 0.151743
BONE 40 0.848257

VERT 6
OFFSET -19.258823, -8.156115, 44.713081
BONES 3
BONE 32 0.018462
BONE 38 0.030592
BONE 40 0.950946

VERT 7
OFFSET -18.896360, -8.000617, 44.250290
BONES 3
BONE 32 0.014291
BONE 38 0.018305
BONE 40 0.967405

VERT 8
OFFSET -19.426405, -8.559501, 45.542931
BONES 3
BONE 32 0.036025
BONE 38 0.042655
BONE 40 0.921320

VERT 9
OFFSET -17.484438, -9.759712, 46.698151
BONES 3
BONE 32 0.028323
BONE 38 0.016717
BONE 40 0.954960

VERT 10
OFFSET -16.766523, -9.624225, 46.083626
BONES 3
BONE 32 0.027202
BONE 38 0.011187
BONE 40 0.961610

VERT 11
OFFSET -16.860415, -8.968005, 44.958706
BONES 3
BONE 32 0.026551
BONE 38 0.009186
BONE 40 0.964263

VERT 12
OFFSET -17.847982, -8.194139, 44.053604
BONES 3
BONE 32 0.019454
BONE 38 0.011121
BONE 40 0.969425

VERT 13
OFFSET -16.912176, -12.874695, 43.129925
BONES 5
BONE 38 0.097725
BONE 50 0.509245
BONE 62 0.341989
BONE 72 0.050189
BONE 42 0.000852

VERT 14
OFFSET -16.895613, -13.334052, 43.685329
BONES 4
BONE 38 0.136475
BONE 50 0.419811
BONE 62 0.323633
BONE 72 0.120081

VERT 15
OFFSET -16.559067, -14.123822, 42.987957
BONES 4
BONE 38 0.009254
BONE 50 0.026780
BONE 62 0.374492
BONE 72 0.589473

VERT 16
OFFSET -16.603668, -13.736250, 42.445457
BONES 3
BONE 50 0.006625
BONE 62 0.403442
BONE 72 0.589933

VERT 17
OFFSET -17.561174, -13.350281, 43.974689
BONES 5
BONE 38 0.470533
BONE 50 0.334800
BONE 62 0.132954
BONE 72 0.002191
BONE 42 0.059523

VERT 18
OFFSET -17.597784, -13.283881, 43.580090
BONES 5
BONE 38 0.620265
BONE 50 0.211346
BONE 62 0.115214
BONE 72 0.000001
BONE 42 0.053174

VERT 19
OFFSET -18.430567, -13.250283, 43.332592
BONES 8
BONE 38 0.930843
BONE 50 0.002978
BONE 62 0.000293
BONE 42 0.065758
BONE 54 0.000000
BONE 44 0.000129
BONE 48 0.000000
BONE 46 0.000000

VERT 20
OFFSET -17.891041, -12.646292, 43.254761
BONES 7
BONE 38 0.773234
BONE 50 0.206342
BONE 62 0.020274
BONE 72 0.000000
BONE 42 0.000000
BONE 48 0.000086
BONE 46 0.000063

VERT 21
OFFSET -17.298670, -12.144279, 43.045399
BONES 5
BONE 38 0.195171
BONE 50 0.728014
BONE 62 0.065399
BONE 72 0.000000
BONE 40 0.011415

VERT 22
OFFSET -16.220093, -12.328098, 43.235348
BONES 5
BONE 38 0.029184
BONE 50 0.487876
BONE 62 0.414069
BONE 72 0.065250
BONE 40 0.003620

VERT 23
OFFSET -16.548168, -11.643353, 43.456959
BONES 5
BONE 38 0.215402
BONE 50 0.594952
BONE 62 0.145595
BONE 72 0.001660
BONE 40 0.042390

VERT 24
OFFSET -18.506304, -14.184851, 43.068775
BONES 6
BONE 38 0.393961
BONE 50 0.002706
BONE 62 0.000386
BONE 42 0.463575
BONE 54 0.013916
BONE 44 0.125457

VERT 25
OFFSET -18.891956, -13.839534, 42.777554
BONES 6
BONE 38 0.334619
BONE 50 0.000000
BONE 42 0.157327
BONE 54 0.000000
BONE 44 0.495950
BONE 56 0.012104

VERT 26
OFFSET -18.847307, -12.740328, 42.926670
BONES 8
BONE 38 0.937842
BONE 50 0.000334
BONE 62 0.000033
BONE 42 0.001817
BONE 44 0.059851
BONE 56 0.000000
BONE 48 0.000070
BONE 46 0.000052

VERT 27
OFFSET -19.105446, -13.585120, 42.398495
BONES 5
BONE 38 0.337510
BONE 42 0.013067
BONE 44 0.604882
BONE 56 0.011119
BONE 48 0.033421

VERT 28
OFFSET -19.382589, -13.228782, 42.137157
BONES 7
BONE 38 0.315068
BONE 42 0.000000
BONE 44 0.316904
BONE 56 0.000000
BONE 48 0.351284
BONE 60 0.016385
BONE 46 0.000358

VERT 29
OFFSET -19.507719, -12.881824, 41.754692
BONES 6
BONE 38 0.221064
BONE 44 0.036705
BONE 48 0.643496
BONE 60 0.015255
BONE 46 0.082909
BONE 58 0.000571

VERT 30
OFFSET -19.693933, -12.549794, 41.576691
BONES 6
BONE 38 0.213009
BONE 44 0.000001
BONE 48 0.310887
BONE 60 0.000000
BONE 46 0.436781
BONE 58 0.039322

VERT 31
OFFSET -19.410025, -11.802290, 41.841782
BONES 7
BONE 38 0.812381
BONE 44 0.000001
BONE 48 0.045986
BONE 60 0.000000
BONE 46 0.139612
BONE 58 0.000000
BONE 40 0.002021

VERT 32
OFFSET -20.242943, -11.425919, 41.484402
BONES 5
BONE 38 0.661802
BONE 48 0.000001
BONE 46 0.338064
BONE 58 0.000000
BONE 40 0.000133

VERT 33
OFFSET -19.858887, -12.197319, 41.267658
BONES 5
BONE 38 0.319723
BONE 48 0.075828
BONE 46 0.569727
BONE 58 0.034721
BONE 68 0.000000

VERT 34
OFFSET -18.350569, -9.398826, 43.471840
BONES 3
BONE 32 0.000000
BONE 38 0.305469
BONE 40 0.694531

VERT 35
OFFSET -18.880283, -10.704317, 42.208366
BONES 4
BONE 38 0.914215
BONE 48 0.000400
BONE 46 0.001954
BONE 40 0.083431

VERT 36
OFFSET -18.296669, -11.531558, 43.114258
BONES 6
BONE 38 0.990597
BONE 50 0.000002
BONE 62 0.000000
BONE 48 0.001488
BONE 46 0.001097
BONE 40 0.006817

VERT 37
OFFSET -17.821190, -10.610703, 43.338425
BONES 2
BONE 38 0.639677
BONE 40 0.360323

VERT 38
OFFSET -19.855278, -10.550511, 42.056576
BONES 4
BONE 38 0.878303
BONE 48 0.000006
BONE 46 0.039582
BONE 40 0.082110

VERT 39
OFFSET -15.751395, -13.394105, 42.602802
BONES 3
BONE 50 0.024701
BONE 62 0.415789
BONE 72 0.559510

VERT 40
OFFSET -20.355127, -11.760396, 41.331242
BONES 5
BONE 38 0.445266
BONE 48 0.000000
BONE 46 0.544844
BONE 58 0.007486
BONE 68 0.002403

VERT 41
OFFSET -20.310759, -12.478183, 40.448689
BONES 4
BONE 38 0.048802
BONE 46 0.440415
BONE 58 0.389186
BONE 68 0.121597

VERT 42
OFFSET -19.900459, -12.564348, 40.846992
BONES 5
BONE 38 0.084958
BONE 48 0.013858
BONE 46 0.680573
BONE 58 0.201581
BONE 68 0.019029

VERT 43
OFFSET -19.664183, -12.492888, 40.064358
BONES 3
BONE 46 0.074741
BONE 58 0.352971
BONE 68 0.572288

VERT 44
OFFSET -18.857973, -12.465465, 39.806763
BONES 2
BONE 58 0.023839
BONE 68 0.976161

VERT 45
OFFSET -18.771465, -12.640075, 40.030773
BONES 2
BONE 58 0.033365
BONE 68 0.966635

VERT 46
OFFSET -18.642244, -12.696661, 39.813496
BONES 2
BONE 58 0.006887
BONE 68 0.993113

VERT 47
OFFSET -19.530579, -13.244788, 40.354881
BONES 3
BONE 46 0.050104
BONE 58 0.412874
BONE 68 0.537023

VERT 48
OFFSET -20.106262, -13.262376, 40.859753
BONES 5
BONE 38 0.006106
BONE 48 0.024786
BONE 46 0.374052
BONE 58 0.473034
BONE 68 0.122022

VERT 49
OFFSET -19.504513, -12.718493, 40.376949
BONES 3
BONE 46 0.063363
BONE 58 0.406658
BONE 68 0.529979

VERT 50
OFFSET -18.701035, -12.903540, 40.033821
BONES 2
BONE 58 0.029107
BONE 68 0.970893

VERT 51
OFFSET -20.229618, -12.771492, 41.589310
BONES 7
BONE 38 0.094582
BONE 44 0.000000
BONE 48 0.256421
BONE 60 0.000000
BONE 46 0.500932
BONE 58 0.134753
BONE 68 0.013311

VERT 52
OFFSET -20.295090, -13.659211, 40.792240
BONES 6
BONE 38 0.017126
BONE 48 0.440649
BONE 60 0.360881
BONE 70 0.066470
BONE 46 0.098759
BONE 58 0.016115

VERT 53
OFFSET -19.712202, -13.644242, 41.235519
BONES 7
BONE 38 0.034010
BONE 44 0.012940
BONE 56 0.000063
BONE 48 0.731624
BONE 60 0.206824
BONE 70 0.008506
BONE 46 0.006033

VERT 54
OFFSET -19.445286, -13.795303, 40.105400
BONES 3
BONE 48 0.009778
BONE 60 0.439929
BONE 70 0.550294

VERT 55
OFFSET -18.269796, -13.561434, 39.652302
BONES 2
BONE 60 0.011617
BONE 70 0.988383

VERT 56
OFFSET -18.098669, -13.719832, 39.940754
BONES 2
BONE 60 0.031587
BONE 70 0.968413

VERT 57
OFFSET -19.093559, -14.495667, 40.508137
BONES 3
BONE 48 0.001088
BONE 60 0.451879
BONE 70 0.547033

VERT 58
OFFSET -19.874229, -14.359840, 41.350735
BONES 6
BONE 38 0.011164
BONE 44 0.068390
BONE 56 0.001049
BONE 48 0.471591
BONE 60 0.397149
BONE 70 0.050657

VERT 59
OFFSET -19.153839, -13.883100, 40.579868
BONES 3
BONE 48 0.037235
BONE 60 0.411431
BONE 70 0.551334

VERT 60
OFFSET -18.025730, -14.061363, 40.003819
BONES 2
BONE 60 0.003045
BONE 70 0.996955

VERT 61
OFFSET -19.969215, -13.593516, 42.177605
BONES 5
BONE 38 0.104534
BONE 44 0.273374
BONE 56 0.003590
BONE 48 0.556218
BONE 60 0.062283

VERT 62
OFFSET -17.947807, -13.853384, 39.636940
BONES 1
BONE 70 1.000000

VERT 63
OFFSET -19.887148, -14.650274, 41.270321
BONES 6
BONE 38 0.008613
BONE 44 0.386430
BONE 56 0.391633
BONE 66 0.091590
BONE 48 0.106888
BONE 60 0.014846

VERT 64
OFFSET -19.364719, -14.552038, 41.711067
BONES 7
BONE 38 0.024137
BONE 42 0.000000
BONE 44 0.679168
BONE 56 0.274438
BONE 66 0.012673
BONE 48 0.008372
BONE 60 0.001213

VERT 65
OFFSET -19.349621, -13.961604, 42.256985
BONES 7
BONE 38 0.115708
BONE 42 0.000001
BONE 44 0.768134
BONE 56 0.082190
BONE 66 0.000000
BONE 48 0.030906
BONE 60 0.003061

VERT 66
OFFSET -19.140282, -14.852367, 40.531181
BONES 3
BONE 44 0.056198
BONE 56 0.419856
BONE 66 0.523946

VERT 67
OFFSET -17.859102, -14.375028, 40.054707
BONES 2
BONE 56 0.005432
BONE 66 0.994568

VERT 68
OFFSET -17.633648, -14.486081, 40.369282
BONES 2
BONE 56 0.000000
BONE 66 1.000000

VERT 69
OFFSET -18.543264, -15.315681, 41.148056
BONES 3
BONE 44 0.044715
BONE 56 0.421316
BONE 66 0.533969

VERT 70
OFFSET -19.299040, -15.236432, 41.919647
BONES 5
BONE 38 0.004930
BONE 42 0.005066
BONE 44 0.486392
BONE 56 0.422896
BONE 66 0.080716

VERT 71
OFFSET -18.736601, -14.742984, 41.054970
BONES 3
BONE 44 0.047183
BONE 56 0.347973
BONE 66 0.604844

VERT 72
OFFSET -17.476301, -14.848464, 40.470074
BONES 2
BONE 56 0.008638
BONE 66 0.991362

VERT 73
OFFSET -19.373899, -14.309787, 42.876675
BONES 6
BONE 38 0.072041
BONE 42 0.084155
BONE 54 0.000002
BONE 64 0.000000
BONE 44 0.775262
BONE 56 0.068540

VERT 74
OFFSET -17.477993, -14.616382, 40.042091
BONES 1
BONE 66 1.000000

VERT 75
OFFSET -19.552841, -15.288547, 42.462154
BONES 6
BONE 38 0.006223
BONE 42 0.420740
BONE 54 0.430954
BONE 64 0.062210
BONE 44 0.071881
BONE 56 0.007991

VERT 76
OFFSET -18.883909, -15.191365, 42.652596
BONES 6
BONE 38 0.023556
BONE 42 0.619007
BONE 54 0.280398
BONE 64 0.055106
BONE 44 0.020901
BONE 56 0.001032

VERT 77
OFFSET -18.685362, -14.500420, 43.018173
BONES 6
BONE 38 0.154887
BONE 42 0.727119
BONE 54 0.058269
BONE 64 0.000000
BONE 44 0.059726
BONE 56 0.000000

VERT 78
OFFSET -18.336859, -14.338350, 43.776367
BONES 7
BONE 38 0.439609
BONE 50 0.006246
BONE 62 0.000866
BONE 42 0.549231
BONE 54 0.003507
BONE 64 0.000000
BONE 44 0.000540

VERT 79
OFFSET -17.946381, -16.338614, 41.257130
BONES 2
BONE 54 0.006250
BONE 64 0.993750

VERT 80
OFFSET -18.493364, -16.312416, 42.189499
BONES 3
BONE 42 0.019250
BONE 54 0.346407
BONE 64 0.634343

VERT 81
OFFSET -18.146660, -16.011875, 41.131111
BONES 2
BONE 54 0.000000
BONE 64 1.000000

VERT 82
OFFSET -19.178253, -15.860195, 41.707371
BONES 3
BONE 42 0.032125
BONE 54 0.369570
BONE 64 0.598305

VERT 83
OFFSET -18.700037, -15.804620, 41.998264
BONES 3
BONE 42 0.021091
BONE 54 0.378717
BONE 64 0.600192

VERT 84
OFFSET -18.798515, -15.703634, 43.063919
BONES 4
BONE 38 0.028399
BONE 42 0.440046
BONE 54 0.454410
BONE 64 0.077146

VERT 85
OFFSET -18.446285, -16.010841, 40.850544
BONES 2
BONE 54 0.022009
BONE 64 0.977992

VERT 86
OFFSET -18.096153, -16.293001, 40.813263
BONES 1
BONE 64 1.000000

VERT 87
OFFSET -19.691591, -13.103456, 41.640018
BONES 7
BONE 38 0.126952
BONE 44 0.054001
BONE 48 0.728427
BONE 60 0.044240
BONE 70 0.000016
BONE 46 0.044926
BONE 58 0.001439

VERT 88
OFFSET -15.879845, -14.847078, 41.789211
BONES 2
BONE 62 0.000676
BONE 72 0.999324

VERT 89
OFFSET -15.508126, -14.551677, 41.817207
BONES 2
BONE 62 0.003826
BONE 72 0.996174

VERT 90
OFFSET -16.057060, -15.073614, 42.130089
BONES 2
BONE 62 0.002731
BONE 72 0.997269

VERT 91
OFFSET -15.901331, -15.056739, 42.336803
BONES 2
BONE 62 0.005040
BONE 72 0.994960

VERT 92
OFFSET -17.989212, -12.076496, 45.280216
BONES 5
BONE 38 0.818549
BONE 50 0.086668
BONE 62 0.000000
BONE 42 0.000000
BONE 40 0.094783

VERT 93
OFFSET -16.276342, -12.156940, 44.562992
BONES 5
BONE 38 0.248521
BONE 50 0.436829
BONE 62 0.287411
BONE 72 0.000001
BONE 40 0.027238

VERT 94
OFFSET -16.579655, -11.489004, 44.990112
BONES 4
BONE 38 0.779833
BONE 50 0.004583
BONE 62 0.001691
BONE 40 0.213893

VERT 95
OFFSET -16.899504, -12.614366, 44.701370
BONES 5
BONE 38 0.257232
BONE 50 0.537911
BONE 62 0.181517
BONE 72 0.000000
BONE 40 0.023340

VERT 96
OFFSET -17.365267, -12.840170, 44.606899
BONES 6
BONE 38 0.262055
BONE 50 0.620273
BONE 62 0.110184
BONE 72 0.000000
BONE 42 0.000958
BONE 40 0.006529

VERT 97
OFFSET -17.751785, -13.124006, 44.585541
BONES 6
BONE 38 0.339674
BONE 50 0.514131
BONE 62 0.070821
BONE 42 0.068447
BONE 44 0.000106
BONE 40 0.006821

VERT 98
OFFSET -18.841520, -14.330830, 44.207912
BONES 6
BONE 38 0.459081
BONE 50 0.000236
BONE 42 0.533434
BONE 54 0.000354
BONE 44 0.006895
BONE 40 0.000001

VERT 99
OFFSET -16.588520, -13.118423, 44.124527
BONES 4
BONE 38 0.051604
BONE 50 0.462103
BONE 62 0.418771
BONE 72 0.067523

VERT 100
OFFSET -16.031094, -12.776743, 44.129360
BONES 4
BONE 38 0.029723
BONE 50 0.415956
BONE 62 0.460185
BONE 72 0.094136

VERT 101
OFFSET -19.433119, -14.174339, 44.165157
BONES 6
BONE 38 0.435152
BONE 50 0.000082
BONE 42 0.521789
BONE 54 0.001560
BONE 44 0.041401
BONE 40 0.000016

VERT 102
OFFSET -20.315229, -13.662981, 43.343040
BONES 6
BONE 38 0.430763
BONE 42 0.013680
BONE 44 0.537971
BONE 56 0.000000
BONE 48 0.017541
BONE 40 0.000045

VERT 103
OFFSET -20.789396, -11.993032, 42.032459
BONES 4
BONE 38 0.555893
BONE 48 0.055797
BONE 46 0.387805
BONE 58 0.000505

VERT 104
OFFSET -20.591528, -11.478868, 42.539207
BONES 4
BONE 38 0.813978
BONE 48 0.027550
BONE 46 0.157354
BONE 40 0.001118

VERT 105
OFFSET -20.680494, -11.714635, 41.784504
BONES 4
BONE 38 0.556682
BONE 48 0.000001
BONE 46 0.443317
BONE 58 0.000001

VERT 106
OFFSET -20.342394, -11.005672, 42.332691
BONES 4
BONE 38 0.841413
BONE 48 0.000000
BONE 46 0.114841
BONE 40 0.043746

VERT 107
OFFSET -19.845821, -10.615531, 44.089516
BONES 5
BONE 38 0.793206
BONE 44 0.000489
BONE 48 0.000607
BONE 46 0.000908
BONE 40 0.204789

VERT 108
OFFSET -19.060024, -11.644358, 45.085743
BONES 5
BONE 38 0.843791
BONE 50 0.002488
BONE 42 0.000001
BONE 44 0.000000
BONE 40 0.153720

VERT 109
OFFSET -15.649748, -13.902975, 43.179314
BONES 3
BONE 50 0.016933
BONE 62 0.332786
BONE 72 0.650281

VERT 110
OFFSET -16.169075, -14.154179, 43.219234
BONES 4
BONE 38 0.001661
BONE 50 0.023752
BONE 62 0.382140
BONE 72 0.592447

VERT 111
OFFSET -18.943890, -12.522002, 39.645897
BONES 2
BONE 58 0.027473
BONE 68 0.972527

VERT 112
OFFSET -20.391397, -13.288726, 40.668556
BONES 5
BONE 38 0.000000
BONE 48 0.000000
BONE 46 0.410924
BONE 58 0.533401
BONE 68 0.055674

VERT 113
OFFSET -19.189127, -12.957453, 39.746021
BONES 2
BONE 58 0.034490
BONE 68 0.965510

VERT 114
OFFSET -19.834190, -13.216496, 39.911419
BONES 3
BONE 46 0.017128
BONE 58 0.428984
BONE 68 0.553888

VERT 115
OFFSET -18.767147, -13.013778, 39.895012
BONES 2
BONE 58 0.021048
BONE 68 0.978952

VERT 116
OFFSET -20.563847, -12.798736, 40.440098
BONES 4
BONE 38 0.002850
BONE 46 0.498690
BONE 58 0.455981
BONE 68 0.042479

VERT 117
OFFSET -19.853390, -12.823887, 39.858963
BONES 3
BONE 46 0.040249
BONE 58 0.415672
BONE 68 0.544079

VERT 118
OFFSET -20.537548, -13.118813, 40.512314
BONES 3
BONE 46 0.420996
BONE 58 0.518199
BONE 68 0.060805

VERT 119
OFFSET -19.642033, -13.376636, 40.151169
BONES 3
BONE 46 0.022693
BONE 58 0.412457
BONE 68 0.564850

VERT 120
OFFSET -18.340015, -13.684258, 39.487331
BONES 2
BONE 60 0.000000
BONE 70 1.000000

VERT 121
OFFSET -20.641388, -12.768335, 42.669125
BONES 5
BONE 38 0.464409
BONE 44 0.027812
BONE 48 0.479140
BONE 46 0.024276
BONE 40 0.004363

VERT 122
OFFSET -20.250183, -14.560099, 41.184986
BONES 5
BONE 38 0.008850
BONE 44 0.003683
BONE 48 0.501970
BONE 60 0.480066
BONE 70 0.005431

VERT 123
OFFSET -18.517647, -14.163046, 39.696060
BONES 2
BONE 60 0.029697
BONE 70 0.970303

VERT 124
OFFSET -19.463217, -14.540545, 39.973473
BONES 3
BONE 48 0.015569
BONE 60 0.457757
BONE 70 0.526675

VERT 125
OFFSET -18.076088, -14.197963, 39.897079
BONES 2
BONE 60 0.000687
BONE 70 0.999313

VERT 126
OFFSET -20.549213, -13.995097, 40.754932
BONES 6
BONE 38 0.012521
BONE 44 0.000006
BONE 48 0.518586
BONE 60 0.455909
BONE 70 0.009667
BONE 46 0.003312

VERT 127
OFFSET -19.552856, -14.090248, 39.919472
BONES 3
BONE 48 0.025136
BONE 60 0.445383
BONE 70 0.529481

VERT 128
OFFSET -20.596027, -12.581783, 42.232803
BONES 8
BONE 38 0.405386
BONE 44 0.008278
BONE 48 0.476566
BONE 60 0.000000
BONE 46 0.108171
BONE 58 0.001222
BONE 68 0.000000
BONE 40 0.000376

VERT 129
OFFSET -20.531857, -14.394334, 40.927330
BONES 6
BONE 38 0.001893
BONE 44 0.000029
BONE 48 0.520651
BONE 60 0.477307
BONE 70 0.000035
BONE 46 0.000085

VERT 130
OFFSET -19.266148, -14.674975, 40.304108
BONES 3
BONE 48 0.027575
BONE 60 0.459459
BONE 70 0.512966

VERT 131
OFFSET -19.674467, -15.588974, 41.772034
BONES 5
BONE 38 0.004075
BONE 42 0.005074
BONE 44 0.475748
BONE 56 0.493221
BONE 66 0.021881

VERT 132
OFFSET -19.117365, -15.166009, 40.344925
BONES 3
BONE 44 0.023722
BONE 56 0.425699
BONE 66 0.550579

VERT 133
OFFSET -20.381081, -13.444159, 42.744678
BONES 7
BONE 38 0.327323
BONE 42 0.000341
BONE 44 0.388305
BONE 56 0.000001
BONE 48 0.283555
BONE 46 0.000464
BONE 40 0.000012

VERT 134
OFFSET -20.137119, -15.046946, 41.280174
BONES 5
BONE 38 0.004583
BONE 44 0.482221
BONE 56 0.483618
BONE 66 0.025533
BONE 48 0.004044

VERT 135
OFFSET -18.658249, -15.607883, 40.867451
BONES 3
BONE 44 0.029762
BONE 56 0.434461
BONE 66 0.535778

VERT 136
OFFSET -18.121933, -15.053025, 40.142643
BONES 2
BONE 56 0.062465
BONE 66 0.937535

VERT 137
OFFSET -18.909986, -15.510731, 40.444275
BONES 3
BONE 44 0.020789
BONE 56 0.416812
BONE 66 0.562399

VERT 138
OFFSET -17.565950, -14.982656, 40.308094
BONES 2
BONE 56 0.008968
BONE 66 0.991032

VERT 139
OFFSET -20.032883, -15.476111, 41.468353
BONES 3
BONE 44 0.492118
BONE 56 0.483191
BONE 66 0.024692

VERT 140
OFFSET -17.900732, -14.555050, 39.880409
BONES 2
BONE 56 0.002435
BONE 66 0.997565

VERT 141
OFFSET -19.220970, -15.983894, 43.129494
BONES 4
BONE 38 0.004071
BONE 42 0.406030
BONE 54 0.553074
BONE 64 0.036824

VERT 142
OFFSET -19.641186, -15.877199, 42.924648
BONES 4
BONE 38 0.000036
BONE 42 0.424637
BONE 54 0.535979
BONE 64 0.039348

VERT 143
OFFSET -18.591379, -16.150343, 40.818878
BONES 2
BONE 54 0.023717
BONE 64 0.976283

VERT 144
OFFSET -19.147364, -16.530699, 41.889881
BONES 3
BONE 42 0.008466
BONE 54 0.339332
BONE 64 0.652202

VERT 145
OFFSET -19.328184, -16.187128, 41.679317
BONES 3
BONE 42 0.008654
BONE 54 0.381880
BONE 64 0.609466

VERT 146
OFFSET -18.667992, -16.522703, 41.299892
BONES 2
BONE 54 0.033129
BONE 64 0.966871

VERT 147
OFFSET -19.708244, -14.118539, 43.473557
BONES 6
BONE 38 0.299463
BONE 50 0.000005
BONE 42 0.397975
BONE 54 0.001306
BONE 44 0.301132
BONE 40 0.000119

VERT 148
OFFSET -18.754343, -16.563803, 42.163822
BONES 3
BONE 42 0.010991
BONE 54 0.310862
BONE 64 0.678147

VERT 149
OFFSET -19.766109, -15.548895, 42.639393
BONES 5
BONE 38 0.004140
BONE 42 0.453662
BONE 54 0.508419
BONE 64 0.030146
BONE 44 0.003633

VERT 150
OFFSET -18.047190, -16.550468, 41.254288
BONES 2
BONE 54 0.008511
BONE 64 0.991489

VERT 151
OFFSET -19.429436, -9.769706, 42.801193
BONES 3
BONE 38 0.657317
BONE 46 0.001272
BONE 40 0.341411

VERT 152
OFFSET -19.747494, -10.052125, 43.269524
BONES 3
BONE 38 0.772254
BONE 46 0.003188
BONE 40 0.224558

VERT 153
OFFSET -18.381475, -16.363297, 40.714539
BONES 2
BONE 54 0.000000
BONE 64 1.000000

VERT 154
OFFSET -18.129524, -16.586042, 40.916393
BONES 1
BONE 64 1.000000

VERT 155
OFFSET -17.620171, -14.723642, 39.835888
BONES 1
BONE 66 1.000000

VERT 156
OFFSET -17.444366, -14.934702, 40.066658
BONES 1
BONE 66 1.000000

VERT 157
OFFSET -15.595020, -15.074641, 42.228493
BONES 1
BONE 72 1.000000

VERT 158
OFFSET -15.342559, -14.811049, 42.047771
BONES 1
BONE 72 1.000000

VERT 159
OFFSET -17.974052, -14.145977, 39.578796
BONES 1
BONE 70 1.000000

VERT 160
OFFSET -18.135527, -13.879028, 39.374889
BONES 1
BONE 70 1.000000

VERT 161
OFFSET -18.697693, -12.934790, 39.669109
BONES 2
BONE 58 0.003433
BONE 68 0.996567

VERT 162
OFFSET -18.775831, -12.734120, 39.565498
BONES 2
BONE 58 0.000000
BONE 68 1.000000

VERT 163
OFFSET -15.689899, -14.430249, 42.509476
BONES 2
BONE 62 0.015890
BONE 72 0.984110

VERT 164
OFFSET -15.587900, -15.016748, 41.920746
BONES 1
BONE 72 1.000000

VERT 165
OFFSET -17.233847, -11.863855, 45.256828
BONES 4
BONE 38 0.714520
BONE 50 0.065364
BONE 62 0.000001
BONE 40 0.220115

VERT 166
OFFSET -19.653296, -9.849049, 44.668461
BONES 3
BONE 32 0.015485
BONE 38 0.313686
BONE 40 0.670830

VERT 167
OFFSET -17.652771, -11.034342, 45.929081
BONES 4
BONE 32 0.019605
BONE 38 0.291554
BONE 50 0.000000
BONE 40 0.688841

VERT 168
OFFSET -19.452091, -9.420794, 43.914986
BONES 3
BONE 32 0.000403
BONE 38 0.388426
BONE 40 0.611171

VERT 169
OFFSET -16.940199, -10.786228, 45.344326
BONES 4
BONE 32 0.011265
BONE 38 0.355269
BONE 50 0.000160
BONE 40 0.633305

VERT 170
OFFSET -18.523884, -9.983434, 42.737801
BONES 3
BONE 38 0.635253
BONE 46 0.000055
BONE 40 0.364692

VERT 171
OFFSET -17.733744, -11.192998, 43.245152
BONES 6
BONE 38 0.852658
BONE 50 0.000005
BONE 62 0.000000
BONE 48 0.000051
BONE 46 0.000038
BONE 40 0.147248

VERT 172
OFFSET -18.975517, -12.628796, 40.219521
BONES 2
BONE 58 0.098408
BONE 68 0.901592

VERT 173
OFFSET -19.109131, -12.416567, 39.918236
BONES 2
BONE 58 0.081703
BONE 68 0.918297

VERT 174
OFFSET -19.176273, -12.529597, 39.681866
BONES 3
BONE 46 0.000047
BONE 58 0.069801
BONE 68 0.930152

VERT 175
OFFSET -19.019766, -13.104769, 39.964622
BONES 2
BONE 58 0.045543
BONE 68 0.954457

VERT 176
OFFSET -18.923046, -13.000718, 40.185108
BONES 2
BONE 58 0.059859
BONE 68 0.940141

VERT 177
OFFSET -18.420012, -13.667306, 40.241676
BONES 2
BONE 60 0.083228
BONE 70 0.916772

VERT 178
OFFSET -18.637217, -13.540817, 39.788784
BONES 3
BONE 48 0.000000
BONE 60 0.031654
BONE 70 0.968346

VERT 179
OFFSET -18.656507, -13.770809, 39.568840
BONES 2
BONE 60 0.008716
BONE 70 0.991284

VERT 180
OFFSET -18.341396, -14.297057, 40.036304
BONES 2
BONE 60 0.021355
BONE 70 0.978645

VERT 181
OFFSET -18.305201, -14.157902, 40.207218
BONES 2
BONE 60 0.028523
BONE 70 0.971477

VERT 182
OFFSET -18.292904, -14.697308, 40.014118
BONES 2
BONE 56 0.053084
BONE 66 0.946916

VERT 183
OFFSET -18.308403, -14.450817, 40.182850
BONES 2
BONE 56 0.053924
BONE 66 0.946076

VERT 184
OFFSET -18.051094, -14.475354, 40.684895
BONES 2
BONE 56 0.015688
BONE 66 0.984312

VERT 185
OFFSET -17.809097, -15.005367, 40.728619
BONES 2
BONE 56 0.076861
BONE 66 0.923139

VERT 186
OFFSET -17.875683, -15.189033, 40.515808
BONES 2
BONE 56 0.081587
BONE 66 0.918413

VERT 187
OFFSET -18.289320, -16.571754, 41.554993
BONES 2
BONE 54 0.070676
BONE 64 0.929324

VERT 188
OFFSET -18.139656, -16.336100, 41.718407
BONES 2
BONE 54 0.117910
BONE 64 0.882090

VERT 189
OFFSET -18.403084, -15.835133, 41.574345
BONES 2
BONE 54 0.134028
BONE 64 0.865972

VERT 190
OFFSET -18.826111, -15.858069, 41.266674
BONES 2
BONE 54 0.153457
BONE 64 0.846543

VERT 191
OFFSET -18.877768, -16.188040, 41.109905
BONES 2
BONE 54 0.101743
BONE 64 0.898257

VERT 192
OFFSET -16.136150, -14.765828, 42.598454
BONES 2
BONE 62 0.106859
BONE 72 0.893141

VERT 193
OFFSET -16.415846, -14.672930, 42.415592
BONES 2
BONE 62 0.114349
BONE 72 0.885651

VERT 194
OFFSET -16.381111, -14.335690, 41.910503
BONES 2
BONE 62 0.041460
BONE 72 0.958540

VERT 195
OFFSET -15.653676, -14.068781, 41.993580
BONES 2
BONE 62 0.100203
BONE 72 0.899797

VERT 196
OFFSET -16.948957, -10.958761, 43.746422
BONES 4
BONE 32 0.000152
BONE 38 0.732101
BONE 50 0.015336
BONE 40 0.252411

VERT 197
OFFSET -17.528349, -1.653693, 46.968170
BONES 2
BONE 32 1.000000
BONE 40 0.000000

VERT 198
OFFSET -17.624773, -1.916787, 48.156872
BONES 1
BONE 32 1.000000

VERT 199
OFFSET -18.430622, -9.365264, 46.578915
BONES 3
BONE 32 0.036316
BONE 38 0.021172
BONE 40 0.942512

VERT 200
OFFSET -19.016870, -6.154637, 46.446449
BONES 2
BONE 32 0.000000
BONE 40 1.000000

VERT 201
OFFSET -18.840775, -5.836085, 45.361637
BONES 1
BONE 40 1.000000

VERT 202
OFFSET -18.289640, -5.707558, 44.846291
BONES 1
BONE 40 1.000000

VERT 203
OFFSET -16.876131, -5.896361, 44.786690
BONES 2
BONE 32 0.000000
BONE 40 1.000000

VERT 204
OFFSET -15.842010, -6.672344, 46.000416
BONES 1
BONE 40 1.000000

VERT 205
OFFSET -16.047819, -7.301985, 47.298458
BONES 1
BONE 40 1.000000

VERT 206
OFFSET -16.727999, -7.390294, 47.940777
BONES 1
BONE 40 1.000000

VERT 207
OFFSET -18.003193, -6.903076, 47.872372
BONES 2
BONE 32 0.000000
BONE 40 1.000000

VERT 208
OFFSET -18.485779, -3.643277, 47.403877
BONES 2
BONE 32 0.700026
BONE 40 0.299974

VERT 209
OFFSET -18.313807, -3.366782, 46.149097
BONES 2
BONE 32 0.700000
BONE 40 0.300000

VERT 210
OFFSET -17.544071, -3.302157, 45.518787
BONES 2
BONE 32 0.399999
BONE 40 0.600001

VERT 211
OFFSET -15.785698, -3.470559, 45.530281
BONES 2
BONE 32 0.399999
BONE 40 0.600001

VERT 212
