// Export filename: 'C:/projects/cod/t5/model_export/cuban/characters/cod7/tropas/mp/c_cub_tropas_mp_body_camo_LOD2.XMODEL_EXPORT'
// Source filename: 'D:/projects/devart/t5/model_export/cuban/characters/cod7/tropas/mp/_c_cub_tropas_mp_camo.ma'
// Export time: Tue Sep 07 17:32:08 2010
MODEL
VERSION 6

NUMBONES 73
BONE 0 -1 "TAG_ORIGIN"
BONE 1 0 "J_MainRoot"
BONE 2 0 "TAG_SYNC"
BONE 3 1 "J_Hip_LE"
BONE 4 1 "J_Hip_RI"
BONE 5 1 "J_SpineLower"
BONE 6 3 "J_HipTwist_LE"
BONE 7 4 "J_HipTwist_RI"
BONE 8 3 "J_Knee_LE"
BONE 9 4 "J_Knee_RI"
BONE 10 5 "J_SpineUpper"
BONE 11 8 "J_Ankle_LE"
BONE 12 9 "J_Ankle_RI"
BONE 13 8 "J_Knee_Bulge_LE"
BONE 14 9 "J_Knee_Bulge_RI"
BONE 15 10 "J_Spine4"
BONE 16 11 "J_Ball_LE"
BONE 17 12 "J_Ball_RI"
BONE 18 15 "J_Clavicle_LE"
BONE 19 15 "J_Clavicle_RI"
BONE 20 15 "J_Neck"
BONE 21 15 "J_ShoulderRaise_LE"
BONE 22 15 "J_ShoulderRaise_RI"
BONE 23 15 "TAG_INHAND"
BONE 24 15 "TAG_STOWED_BACK"
BONE 25 15 "TAG_WEAPON_CHEST"
BONE 26 20 "J_Head"
BONE 27 18 "J_Shoulder_LE"
BONE 28 19 "J_Shoulder_RI"
BONE 29 27 "J_Elbow_Bulge_LE"
BONE 30 28 "J_Elbow_Bulge_RI"
BONE 31 27 "J_Elbow_LE"
BONE 32 28 "J_Elbow_RI"
BONE 33 26 "J_Head_END"
BONE 34 27 "J_ShoulderTwist_LE"
BONE 35 28 "J_ShoulderTwist_RI"
BONE 36 33 "J_Helmet"
BONE 37 31 "J_Wrist_LE"
BONE 38 32 "J_Wrist_RI"
BONE 39 31 "J_WristTwist_LE"
BONE 40 32 "J_WristTwist_RI"
BONE 41 37 "J_Index_LE_1"
BONE 42 38 "J_Index_RI_1"
BONE 43 37 "J_Mid_LE_1"
BONE 44 38 "J_Mid_RI_1"
BONE 45 37 "J_Pinky_LE_1"
BONE 46 38 "J_Pinky_RI_1"
BONE 47 37 "J_Ring_LE_1"
BONE 48 38 "J_Ring_RI_1"
BONE 49 37 "J_Thumb_LE_1"
BONE 50 38 "J_Thumb_RI_1"
BONE 51 37 "TAG_WEAPON_LEFT"
BONE 52 38 "TAG_WEAPON_RIGHT"
BONE 53 41 "J_Index_LE_2"
BONE 54 42 "J_Index_RI_2"
BONE 55 43 "J_Mid_LE_2"
BONE 56 44 "J_Mid_RI_2"
BONE 57 45 "J_Pinky_LE_2"
BONE 58 46 "J_Pinky_RI_2"
BONE 59 47 "J_Ring_LE_2"
BONE 60 48 "J_Ring_RI_2"
BONE 61 49 "J_Thumb_LE_2"
BONE 62 50 "J_Thumb_RI_2"
BONE 63 53 "J_Index_LE_3"
BONE 64 54 "J_Index_RI_3"
BONE 65 55 "J_Mid_LE_3"
BONE 66 56 "J_Mid_RI_3"
BONE 67 57 "J_Pinky_LE_3"
BONE 68 58 "J_Pinky_RI_3"
BONE 69 59 "J_Ring_LE_3"
BONE 70 60 "J_Ring_RI_3"
BONE 71 61 "J_Thumb_LE_3"
BONE 72 62 "J_Thumb_RI_3"

BONE 0
OFFSET 0.000002, -2.222000, 0.000042
SCALE 1.000000, 1.000000, 1.000000
X -0.000000, -1.000000, -0.000001
Y 1.000000, -0.000000, 0.000000
Z -0.000000, -0.000001, 1.000000

BONE 1
OFFSET 0.000082, 1.218927, 37.228020
SCALE 1.000000, 1.000000, 1.000000
X 0.000005, 0.024825, 0.999692
Y 0.000006, -0.999692, 0.024825
Z 1.000000, 0.000006, -0.000005

BONE 2
OFFSET 0.000002, -2.219720, 0.000042
SCALE 1.000000, 1.000000, 1.000000
X -0.000000, -1.000000, -0.000003
Y 1.000000, -0.000000, 0.000000
Z -0.000000, -0.000003, 1.000000

BONE 3
OFFSET 4.865472, 1.218951, 37.228016
SCALE 1.000000, 1.000000, 1.000000
X -0.008941, 0.033879, -0.999386
Y -0.004877, -0.999415, -0.033837
Z -0.999948, 0.004571, 0.009101

BONE 4
OFFSET -4.865293, 1.218927, 37.227978
SCALE 1.000000, 1.000000, 1.000000
X -0.008909, -0.033842, 0.999388
Y -0.004870, 0.999417, 0.033800
Z -0.999948, -0.004566, -0.009069

BONE 5
OFFSET 0.000089, 1.148792, 42.432632
SCALE 1.000000, 1.000000, 1.000000
X 0.000001, 0.029870, 0.999554
Y -0.000002, -0.999554, 0.029870
Z 1.000000, -0.000002, -0.000001

BONE 6
OFFSET 4.837310, 1.325658, 34.080341
SCALE 1.000000, 1.000000, 1.000000
X -0.008941, 0.033879, -0.999386
Y -0.004864, -0.999416, -0.033837
Z -0.999948, 0.004558, 0.009101

BONE 7
OFFSET -4.837236, 1.325506, 34.080624
SCALE 1.000000, 1.000000, 1.000000
X -0.008909, -0.033842, 0.999388
Y -0.004874, 0.999417, 0.033800
Z -0.999948, -0.004570, -0.009069

BONE 8
OFFSET 4.708874, 1.812570, 19.727123
SCALE 1.000000, 1.000000, 1.000000
X -0.008203, 0.166937, -0.985933
Y -0.006021, -0.985957, -0.166891
Z -0.999948, 0.004567, 0.009093

BONE 9
OFFSET -4.708568, 1.812141, 19.727461
SCALE 1.000000, 1.000000, 1.000000
X -0.008167, -0.166975, 0.985927
Y -0.006022, 0.985950, 0.166929
Z -0.999949, -0.004574, -0.009057

BONE 10
OFFSET 0.000094, 1.131313, 47.652164
SCALE 1.000000, 1.000000, 1.000000
X 0.000003, -0.020406, 0.999792
Y 0.000005, -0.999792, -0.020406
Z 1.000000, 0.000006, -0.000003

BONE 11
OFFSET 4.584381, 4.343949, 4.776942
SCALE 1.000000, 1.000000, 1.000000
X -0.000000, -0.008729, -0.999962
Y 0.016577, -0.999824, 0.008728
Z -0.999863, -0.016577, 0.000145

BONE 12
OFFSET -4.584069, 4.344151, 4.777238
SCALE 1.000000, 1.000000, 1.000000
X 0.000009, 0.008730, 0.999962
Y 0.016581, 0.999824, -0.008729
Z -0.999862, 0.016581, -0.000136

BONE 13
OFFSET 4.700433, -0.061928, 19.740456
SCALE 1.000000, 1.000000, 1.000000
X -0.000006, 0.029848, 0.999554
Y -0.000002, -0.999554, 0.029848
Z 1.000000, -0.000002, 0.000006

BONE 14
OFFSET -4.688321, -0.066477, 19.765478
SCALE 1.000000, 1.000000, 1.000000
X -0.000042, -0.029855, -0.999554
Y -0.000010, 0.999554, -0.029855
Z 1.000000, 0.000009, -0.000042

BONE 15
OFFSET 0.000090, 1.067745, 51.758411
SCALE 1.000000, 1.000000, 1.000000
X 0.000002, -0.047080, 0.998891
Y 0.000010, -0.998891, -0.047080
Z 1.000000, 0.000011, -0.000001

BONE 16
OFFSET 4.746620, -1.234840, 0.330913
SCALE 1.000000, 1.000000, 1.000000
X 0.016342, -0.983115, 0.182258
Y -0.002855, 0.182235, 0.983251
Z -0.999862, -0.016588, 0.000171

BONE 17
OFFSET -4.746290, -1.234591, 0.331138
SCALE 1.000000, 1.000000, 1.000000
X 0.016296, 0.983125, -0.182210
Y -0.002898, -0.182187, -0.983260
Z -0.999863, 0.016551, -0.000120

BONE 18
OFFSET 1.356609, 1.015539, 56.400341
SCALE 1.000000, 1.000000, 1.000000
X 0.997183, -0.019399, 0.072449
Y 0.018071, 0.999657, 0.018947
Z -0.072792, -0.017584, 0.997192

BONE 19
OFFSET -1.356719, 1.015542, 56.400444
SCALE 1.000000, 1.000000, 1.000000
X 0.997186, 0.019411, -0.072414
Y 0.018084, -0.999657, -0.018932
Z -0.072757, 0.017569, -0.997195

BONE 20
OFFSET 0.000058, 0.503915, 60.542107
SCALE 1.000000, 1.000000, 1.000000
X 0.000005, -0.309757, 0.950816
Y 0.000009, -0.950816, -0.309757
Z 1.000000, 0.000010, -0.000002

BONE 21
OFFSET 4.025334, 0.920922, 58.859638
SCALE 1.000000, 1.000000, 1.000000
X -0.997186, 0.019392, -0.072414
Y -0.018067, -0.999658, -0.018910
Z -0.072756, -0.017549, 0.997195

BONE 22
OFFSET -4.025115, 0.920835, 58.859825
SCALE 1.000000, 1.000000, 1.000000
X -0.997185, -0.019413, 0.072417
Y -0.018088, 0.999658, 0.018910
Z -0.072759, 0.017547, -0.997195

BONE 23
OFFSET -28.519920, -12.713210, 38.935009
SCALE 1.000000, 1.000000, 1.000000
X 1.000000, 0.000011, -0.000001
Y 0.000007, -0.764281, -0.644884
Z -0.000008, 0.644884, -0.764281

BONE 24
OFFSET -3.446791, 8.288239, 51.019424
SCALE 1.000000, 1.000000, 1.000000
X -0.083352, 0.038091, -0.995792
Y 0.176876, -0.982837, -0.052401
Z -0.980697, -0.180500, 0.075184

BONE 25
OFFSET -28.519920, -12.713210, 38.935009
SCALE 1.000000, 1.000000, 1.000000
X 0.000011, -1.000000, 0.000001
Y 1.000000, 0.000011, -0.000001
Z 0.000001, 0.000001, 1.000000

BONE 26
OFFSET 0.000057, -0.306903, 63.520969
SCALE 1.000000, 1.000000, 1.000000
X -0.000007, -0.216434, 0.976297
Y 0.000005, -0.976297, -0.216434
Z 1.000000, 0.000004, 0.000008

BONE 27
OFFSET 7.725458, 0.891629, 56.863182
SCALE 1.000000, 1.000000, 1.000000
X 0.662981, -0.260696, -0.701779
Y 0.273873, 0.956889, -0.096732
Z 0.696743, -0.128067, 0.705796

BONE 28
OFFSET -7.725506, 0.891564, 56.862965
SCALE 1.000000, 1.000000, 1.000000
X 0.662960, 0.260726, 0.701788
Y 0.273916, -0.956876, 0.096734
Z 0.696745, 0.128101, -0.705788

BONE 29
OFFSET 15.846270, -1.632336, 48.642548
SCALE 1.000000, 1.000000, 1.000000
X 0.294563, -0.846066, -0.444303
Y 0.654051, 0.517466, -0.551767
Z 0.696743, -0.128067, 0.705796

BONE 30
OFFSET -15.846113, -1.632834, 48.642265
SCALE 1.000000, 1.000000, 1.000000
X 0.294518, 0.846079, 0.444308
Y 0.654068, -0.517437, 0.551773
Z 0.696745, 0.128101, -0.705788

BONE 31
OFFSET 15.742274, -1.805675, 48.713013
SCALE 1.000000, 1.000000, 1.000000
X 0.294845, -0.845858, -0.444512
Y 0.653923, 0.517813, -0.551593
Z 0.696743, -0.128042, 0.705801

BONE 32
OFFSET -15.742270, -1.806072, 48.712933
SCALE 1.000000, 1.000000, 1.000000
X 0.294819, 0.845861, 0.444523
Y 0.653933, -0.517800, 0.551592
Z 0.696745, 0.128069, -0.705794

BONE 33
OFFSET -0.000527, -1.399727, 69.807846
SCALE 1.000000, 1.000000, 1.000000
X -0.000007, -0.216434, 0.976297
Y 0.000005, -0.976297, -0.216434
Z 1.000000, 0.000004, 0.000008

BONE 34
OFFSET 8.032188, 0.771017, 56.538502
SCALE 1.000000, 1.000000, 1.000000
X 0.662981, -0.260696, -0.701779
Y 0.273875, 0.956889, -0.096730
Z 0.696742, -0.128070, 0.705797

BONE 35
OFFSET -8.001591, 0.782987, 56.570709
SCALE 1.000000, 1.000000, 1.000000
X 0.662960, 0.260726, 0.701788
Y 0.273908, -0.956878, 0.096742
Z 0.696748, 0.128089, -0.705787

BONE 36
OFFSET -0.000540, -0.362329, 71.243195
SCALE 1.000000, 1.000000, 1.000000
X 0.000005, -0.999048, 0.043625
Y 1.000000, 0.000005, 0.000005
Z -0.000005, 0.043625, 0.999048

BONE 37
OFFSET 18.585669, -10.419226, 44.089733
SCALE 1.000000, 1.000000, 1.000000
X 0.299004, -0.782064, -0.546784
Y -0.792522, 0.115636, -0.598779
Z 0.531512, 0.612376, -0.585227

BONE 38
OFFSET -18.585567, -10.419399, 44.089657
SCALE 1.000000, 1.000000, 1.000000
X 0.299011, 0.782058, 0.546788
Y -0.792524, -0.115633, 0.598778
Z 0.531506, -0.612384, 0.585224

BONE 39
OFFSET 17.753496, -7.897926, 45.442410
SCALE 1.000000, 1.000000, 1.000000
X 0.294846, -0.845857, -0.444513
Y 0.653930, 0.517812, -0.551585
Z 0.696736, -0.128048, 0.705806

BONE 40
OFFSET -17.753546, -7.898361, 45.442448
SCALE 1.000000, 1.000000, 1.000000
X 0.294819, 0.845861, 0.444523
Y 0.653933, -0.517800, 0.551592
Z 0.696745, 0.128069, -0.705794

BONE 41
OFFSET 18.943596, -14.118733, 43.296165
SCALE 1.000000, 1.000000, 1.000000
X 0.252533, -0.921880, -0.293878
Y -0.670074, 0.052482, -0.740436
Z 0.698017, 0.383905, -0.604475

BONE 42
OFFSET -18.943485, -14.118932, 43.296089
SCALE 1.000000, 1.000000, 1.000000
X 0.252692, 0.921873, 0.293763
Y -0.670040, -0.052297, 0.740480
Z 0.697992, -0.383946, 0.604477

BONE 43
OFFSET 19.641989, -13.608097, 42.701954
SCALE 1.000000, 1.000000, 1.000000
X 0.066843, -0.793765, -0.604540
Y -0.837155, 0.285040, -0.466823
Z 0.542866, 0.537298, -0.645452

BONE 44
OFFSET -19.641909, -13.608223, 42.701809
SCALE 1.000000, 1.000000, 1.000000
X 0.066887, 0.793771, 0.604528
Y -0.837171, -0.284987, 0.466827
Z 0.542836, -0.537317, 0.645460

BONE 45
OFFSET 20.410118, -12.159682, 41.480377
SCALE 1.000000, 1.000000, 1.000000
X -0.099274, -0.722106, -0.684623
Y -0.848031, 0.421335, -0.321434
Z 0.520565, 0.548671, -0.654195

BONE 46
OFFSET -20.410091, -12.159837, 41.480251
SCALE 1.000000, 1.000000, 1.000000
X -0.099304, 0.722089, 0.684635
Y -0.848020, -0.421369, 0.321418
Z 0.520577, -0.548666, 0.654190

BONE 47
OFFSET 20.114302, -12.876246, 42.061901
SCALE 1.000000, 1.000000, 1.000000
X -0.006006, -0.738898, -0.673791
Y -0.878970, 0.325202, -0.348791
Z 0.476839, 0.590147, -0.651422

BONE 48
OFFSET -20.114208, -12.876396, 42.061890
SCALE 1.000000, 1.000000, 1.000000
X -0.005979, 0.738908, 0.673780
Y -0.878978, -0.325169, 0.348801
Z 0.476825, -0.590152, 0.651428

BONE 49
OFFSET 18.473015, -11.541899, 44.177650
SCALE 1.000000, 1.000000, 1.000000
X -0.766327, -0.594301, -0.244027
Y 0.525231, -0.360813, -0.770679
Z 0.369968, -0.718763, 0.588646

BONE 50
OFFSET -18.472874, -11.542074, 44.177635
SCALE 1.000000, 1.000000, 1.000000
X -0.766329, 0.594294, 0.244036
Y 0.525229, 0.360803, 0.770685
Z 0.369965, 0.718773, -0.588635

BONE 51
OFFSET -28.519896, -12.719981, 38.932270
SCALE 1.000000, 1.000000, 1.000000
X 0.000190, -1.000000, -0.000189
Y 1.000000, 0.000190, 0.000053
Z -0.000053, -0.000189, 1.000000

BONE 52
OFFSET -28.520119, -12.709172, 38.935143
SCALE 1.000000, 1.000000, 1.000000
X -0.000199, -1.000000, -0.000195
Y 0.998877, -0.000190, -0.047381
Z 0.047381, -0.000205, 0.998877

BONE 53
OFFSET 19.335176, -15.548034, 42.840546
SCALE 1.000000, 1.000000, 1.000000
X -0.305493, -0.603804, -0.736271
Y -0.647669, 0.698577, -0.304162
Z 0.697997, 0.383940, -0.604476

BONE 54
OFFSET -19.335234, -15.548249, 42.840523
SCALE 1.000000, 1.000000, 1.000000
X -0.305842, 0.603512, 0.736365
Y -0.647460, -0.698892, 0.303884
Z 0.698038, -0.383827, 0.604500

BONE 55
OFFSET 19.766018, -15.080857, 41.580357
SCALE 1.000000, 1.000000, 1.000000
X -0.742584, -0.051931, -0.667737
Y -0.392291, 0.841795, 0.370795
Z 0.542841, 0.537294, -0.645475

BONE 56
OFFSET -19.765930, -15.081016, 41.579948
SCALE 1.000000, 1.000000, 1.000000
X -0.742558, 0.051921, 0.667766
Y -0.392315, -0.841780, -0.370804
Z 0.542860, -0.537318, 0.645439

BONE 57
OFFSET 20.291075, -13.025280, 40.659801
SCALE 1.000000, 1.000000, 1.000000
X -0.734217, -0.103408, -0.670993
Y -0.435791, 0.829631, 0.348997
Z 0.520587, 0.548653, -0.654194

BONE 58
OFFSET -20.291012, -13.025424, 40.659672
SCALE 1.000000, 1.000000, 1.000000
X -0.734208, 0.103424, 0.671001
Y -0.435814, -0.829619, -0.348996
Z 0.520581, -0.548667, 0.654187

BONE 59
OFFSET 20.104219, -14.119193, 40.928596
SCALE 1.000000, 1.000000, 1.000000
X -0.750598, -0.112264, -0.651152
Y -0.457408, 0.799450, 0.389433
Z 0.476844, 0.590150, -0.651416

BONE 60
OFFSET -20.104130, -14.119358, 40.928261
SCALE 1.000000, 1.000000, 1.000000
X -0.750602, 0.112272, 0.651146
Y -0.457410, -0.799450, -0.389431
Z 0.476836, -0.590148, 0.651423

BONE 61
OFFSET 16.629330, -12.971684, 43.590553
SCALE 1.000000, 1.000000, 1.000000
X -0.513767, -0.686190, -0.514963
Y 0.774059, -0.111908, -0.623144
Z 0.369966, -0.718763, 0.588646

BONE 62
OFFSET -16.629194, -12.971821, 43.590179
SCALE 1.000000, 1.000000, 1.000000
X -0.513765, 0.686181, 0.514977
Y 0.774059, 0.111890, 0.623148
Z 0.369972, 0.718774, -0.588629

BONE 63
OFFSET 19.038221, -16.134914, 42.125023
SCALE 1.000000, 1.000000, 1.000000
X -0.554097, -0.245160, -0.795533
Y -0.453622, 0.890222, 0.041612
Z 0.698000, 0.383929, -0.604479

BONE 64
OFFSET -19.037983, -16.134798, 42.125008
SCALE 1.000000, 1.000000, 1.000000
X -0.553871, 0.245483, 0.795591
Y -0.453788, -0.890154, -0.041256
Z 0.698071, -0.383880, 0.604428

BONE 65
OFFSET 18.948034, -15.138112, 40.844826
SCALE 1.000000, 1.000000, 1.000000
X -0.836744, 0.280258, -0.470441
Y -0.071875, 0.795463, 0.601724
Z 0.542857, 0.537302, -0.645456

BONE 66
OFFSET -18.947971, -15.138271, 40.844528
SCALE 1.000000, 1.000000, 1.000000
X -0.836742, -0.280254, 0.470448
Y -0.071886, -0.795461, -0.601726
Z 0.542859, -0.537308, 0.645449

BONE 67
OFFSET 19.784019, -13.096679, 40.196491
SCALE 1.000000, 1.000000, 1.000000
X -0.853803, 0.339164, -0.394953
Y 0.005198, 0.764171, 0.644992
Z 0.520570, 0.548643, -0.654215

BONE 68
OFFSET -19.783998, -13.096812, 40.196270
SCALE 1.000000, 1.000000, 1.000000
X -0.853799, -0.339166, 0.394959
Y 0.005186, -0.764161, -0.645004
Z 0.520576, -0.548656, 0.654199

BONE 69
OFFSET 19.396437, -14.225060, 40.314682
SCALE 1.000000, 1.000000, 1.000000
X -0.861545, 0.166924, -0.479454
Y -0.174209, 0.789854, 0.588033
Z 0.476856, 0.590142, -0.651415

BONE 70
OFFSET -19.396343, -14.225204, 40.314499
SCALE 1.000000, 1.000000, 1.000000
X -0.861557, -0.166916, 0.479436
Y -0.174209, -0.789846, -0.588043
Z 0.476834, -0.590155, 0.651419

BONE 71
OFFSET 16.015608, -13.791351, 42.975456
SCALE 1.000000, 1.000000, 1.000000
X -0.178188, -0.676734, -0.714339
Y 0.911796, 0.159395, -0.378446
Z 0.369969, -0.718766, 0.588641

BONE 72
OFFSET -16.015455, -13.791477, 42.975048
SCALE 1.000000, 1.000000, 1.000000
X -0.178183, 0.676724, 0.714350
Y 0.911791, -0.159415, 0.378450
Z 0.369984, 0.718771, -0.588626

NUMVERTS 1555
VERT 0
OFFSET 16.722513, -2.242936, 50.263039
BONES 2
BONE 31 0.400000
BONE 39 0.600000

VERT 1
OFFSET 13.893334, -2.754621, 47.885109
BONES 2
BONE 31 0.453121
BONE 39 0.546879

VERT 2
OFFSET 15.128038, -1.682448, 46.232224
BONES 3
BONE 31 0.984426
BONE 29 0.000000
BONE 39 0.015574

VERT 3
OFFSET 16.807407, -1.675356, 46.251598
BONES 4
BONE 27 0.000000
BONE 31 0.438952
BONE 29 0.000001
BONE 39 0.561047

VERT 4
OFFSET 15.384121, -3.289756, 50.748425
BONES 2
BONE 31 0.400000
BONE 39 0.600000

VERT 5
OFFSET 14.359581, -3.435874, 49.702251
BONES 2
BONE 31 0.400000
BONE 39 0.600000

VERT 6
OFFSET 19.355459, -8.788454, 44.314034
BONES 3
BONE 31 0.023827
BONE 37 0.123893
BONE 39 0.852280

VERT 7
OFFSET 19.003763, -8.625406, 43.899712
BONES 3
BONE 31 0.020147
BONE 37 0.097586
BONE 39 0.882267

VERT 8
OFFSET 19.539850, -9.204274, 45.105694
BONES 3
BONE 31 0.055268
BONE 37 0.120614
BONE 39 0.824118

VERT 9
OFFSET 17.568605, -10.397027, 46.313614
BONES 3
BONE 31 0.047331
BONE 37 0.060471
BONE 39 0.892198

VERT 10
OFFSET 16.853361, -10.205226, 45.713978
BONES 3
BONE 31 0.047729
BONE 37 0.047695
BONE 39 0.904576

VERT 11
OFFSET 17.081821, -9.527421, 44.585365
BONES 3
BONE 31 0.047195
BONE 37 0.042130
BONE 39 0.910675

VERT 12
OFFSET 18.099276, -8.796482, 43.762722
BONES 3
BONE 31 0.030097
BONE 37 0.057151
BONE 39 0.912752

VERT 13
OFFSET 17.254982, -13.079288, 43.355007
BONES 5
BONE 37 0.358996
BONE 49 0.360295
BONE 61 0.228601
BONE 71 0.025094
BONE 41 0.027013

VERT 14
OFFSET 16.559067, -14.123822, 42.987957
BONES 4
BONE 37 0.009254
BONE 49 0.026780
BONE 61 0.374492
BONE 71 0.589473

VERT 15
OFFSET 16.603668, -13.736250, 42.445457
BONES 3
BONE 49 0.006625
BONE 61 0.403442
BONE 71 0.589933

VERT 16
OFFSET 17.228394, -13.342167, 43.830009
BONES 5
BONE 37 0.303504
BONE 49 0.377305
BONE 61 0.228293
BONE 71 0.061136
BONE 41 0.029762

VERT 17
OFFSET 18.430567, -13.250283, 43.332592
BONES 8
BONE 37 0.930843
BONE 49 0.002978
BONE 61 0.000293
BONE 41 0.065758
BONE 53 0.000000
BONE 43 0.000129
BONE 47 0.000000
BONE 45 0.000000

VERT 18
OFFSET 17.594856, -12.395285, 43.150078
BONES 8
BONE 37 0.484202
BONE 49 0.467179
BONE 61 0.042837
BONE 71 0.000000
BONE 41 0.000000
BONE 47 0.000043
BONE 45 0.000032
BONE 39 0.005707

VERT 19
OFFSET 16.220093, -12.328098, 43.235348
BONES 5
BONE 37 0.029184
BONE 49 0.487876
BONE 61 0.414069
BONE 71 0.065250
BONE 39 0.003620

VERT 20
OFFSET 16.548168, -11.643353, 43.456959
BONES 5
BONE 37 0.215403
BONE 49 0.594951
BONE 61 0.145596
BONE 71 0.001660
BONE 39 0.042390

VERT 21
OFFSET 18.891956, -13.839534, 42.777554
BONES 6
BONE 37 0.334619
BONE 49 0.000000
BONE 41 0.157327
BONE 53 0.000000
BONE 43 0.495950
BONE 55 0.012104

VERT 22
OFFSET 18.847307, -12.740328, 42.926670
BONES 8
BONE 37 0.937842
BONE 49 0.000334
BONE 61 0.000033
BONE 41 0.001817
BONE 43 0.059851
BONE 55 0.000000
BONE 47 0.000070
BONE 45 0.000052

VERT 23
OFFSET 19.382589, -13.228782, 42.137157
BONES 7
BONE 37 0.315068
BONE 41 0.000000
BONE 43 0.316904
BONE 55 0.000000
BONE 47 0.351284
BONE 59 0.016385
BONE 45 0.000358

VERT 24
OFFSET 19.693933, -12.549794, 41.576691
BONES 6
BONE 37 0.213009
BONE 43 0.000001
BONE 47 0.310887
BONE 59 0.000000
BONE 45 0.436781
BONE 57 0.039322

VERT 25
OFFSET 19.410025, -11.802290, 41.841782
BONES 7
BONE 37 0.812381
BONE 43 0.000001
BONE 47 0.045986
BONE 59 0.000000
BONE 45 0.139612
BONE 57 0.000000
BONE 39 0.002021

VERT 26
OFFSET 20.242943, -11.425919, 41.484402
BONES 5
BONE 37 0.661802
BONE 47 0.000001
BONE 45 0.338064
BONE 57 0.000000
BONE 39 0.000133

VERT 27
OFFSET 19.858887, -12.197319, 41.267658
BONES 5
BONE 37 0.319723
BONE 47 0.075828
BONE 45 0.569727
BONE 57 0.034721
BONE 67 0.000000

VERT 28
OFFSET 18.880283, -10.704317, 42.208366
BONES 4
BONE 37 0.914215
BONE 47 0.000400
BONE 45 0.001954
BONE 39 0.083431

VERT 29
OFFSET 17.821190, -10.610703, 43.338425
BONES 2
BONE 37 0.639677
BONE 39 0.360323

VERT 30
OFFSET 19.855278, -10.550511, 42.056576
BONES 4
BONE 37 0.878303
BONE 47 0.000006
BONE 45 0.039582
BONE 39 0.082110

VERT 31
OFFSET 15.751395, -13.394105, 42.602802
BONES 3
BONE 49 0.024701
BONE 61 0.415789
BONE 71 0.559510

VERT 32
OFFSET 20.355127, -11.760396, 41.331242
BONES 5
BONE 37 0.445266
BONE 47 0.000000
BONE 45 0.544844
BONE 57 0.007486
BONE 67 0.002403

VERT 33
OFFSET 20.310759, -12.478183, 40.448689
BONES 4
BONE 37 0.048802
BONE 45 0.440415
BONE 57 0.389186
BONE 67 0.121597

VERT 34
OFFSET 19.664183, -12.492888, 40.064358
BONES 3
BONE 45 0.074741
BONE 57 0.352971
BONE 67 0.572288

VERT 35
OFFSET 18.857973, -12.465465, 39.806763
BONES 2
BONE 57 0.023839
BONE 67 0.976161

VERT 36
OFFSET 19.530579, -13.244788, 40.354881
BONES 3
BONE 45 0.050104
BONE 57 0.412874
BONE 67 0.537023

VERT 37
OFFSET 20.106262, -13.262376, 40.859753
BONES 5
BONE 37 0.006106
BONE 47 0.024786
BONE 45 0.374052
BONE 57 0.473034
BONE 67 0.122022

VERT 38
OFFSET 18.701035, -12.903540, 40.033821
BONES 2
BONE 57 0.029107
BONE 67 0.970893

VERT 39
OFFSET 20.229618, -12.771492, 41.589310
BONES 7
BONE 37 0.094582
BONE 43 0.000000
BONE 47 0.256421
BONE 59 0.000000
BONE 45 0.500932
BONE 57 0.134753
BONE 67 0.013311

VERT 40
OFFSET 20.295090, -13.659211, 40.792240
BONES 6
BONE 37 0.017126
BONE 47 0.440649
BONE 59 0.360881
BONE 69 0.066470
BONE 45 0.098759
BONE 57 0.016115

VERT 41
OFFSET 19.445286, -13.795303, 40.105400
BONES 3
BONE 47 0.009778
BONE 59 0.439929
BONE 69 0.550294

VERT 42
OFFSET 18.269796, -13.561434, 39.652302
BONES 2
BONE 59 0.011617
BONE 69 0.988383

VERT 43
OFFSET 19.093559, -14.495667, 40.508137
BONES 3
BONE 47 0.001088
BONE 59 0.451879
BONE 69 0.547033

VERT 44
OFFSET 19.874229, -14.359840, 41.350735
BONES 6
BONE 37 0.011164
BONE 43 0.068390
BONE 55 0.001049
BONE 47 0.471591
BONE 59 0.397149
BONE 69 0.050657

VERT 45
OFFSET 18.025730, -14.061363, 40.003819
BONES 2
BONE 59 0.003045
BONE 69 0.996955

VERT 46
OFFSET 19.969215, -13.593516, 42.177605
BONES 5
BONE 37 0.104534
BONE 43 0.273374
BONE 55 0.003590
BONE 47 0.556218
BONE 59 0.062283

VERT 47
OFFSET 19.887148, -14.650274, 41.270321
BONES 6
BONE 37 0.008613
BONE 43 0.386430
BONE 55 0.391633
BONE 65 0.091590
BONE 47 0.106888
BONE 59 0.014846

VERT 48
OFFSET 19.140282, -14.852367, 40.531181
BONES 3
BONE 43 0.056198
BONE 55 0.419856
BONE 65 0.523946

VERT 49
OFFSET 17.667702, -14.611746, 40.262386
BONES 2
BONE 55 0.000961
BONE 65 0.999039

VERT 50
OFFSET 18.543264, -15.315681, 41.148056
BONES 3
BONE 43 0.044715
BONE 55 0.421316
BONE 65 0.533969

VERT 51
OFFSET 19.299040, -15.236432, 41.919647
BONES 5
BONE 37 0.004930
BONE 41 0.005066
BONE 43 0.486392
BONE 55 0.422896
BONE 65 0.080716

VERT 52
OFFSET 19.373899, -14.309787, 42.876675
BONES 6
BONE 37 0.072041
BONE 41 0.084155
BONE 53 0.000002
BONE 63 0.000000
BONE 43 0.775262
BONE 55 0.068540

VERT 53
OFFSET 19.552841, -15.288547, 42.462154
BONES 6
BONE 37 0.006223
BONE 41 0.420740
BONE 53 0.430954
BONE 63 0.062210
BONE 43 0.071881
BONE 55 0.007991

VERT 54
OFFSET 18.336859, -14.338350, 43.776367
BONES 7
BONE 37 0.439609
BONE 49 0.006246
BONE 61 0.000866
BONE 41 0.549231
BONE 53 0.003507
BONE 63 0.000000
BONE 43 0.000540

VERT 55
OFFSET 17.946381, -16.338614, 41.257130
BONES 2
BONE 53 0.006250
BONE 63 0.993750

VERT 56
OFFSET 18.493364, -16.312416, 42.189499
BONES 3
BONE 41 0.019250
BONE 53 0.346407
BONE 63 0.634343

VERT 57
OFFSET 19.178253, -15.860195, 41.707371
BONES 3
BONE 41 0.032125
BONE 53 0.369570
BONE 63 0.598305

VERT 58
OFFSET 18.798515, -15.703634, 43.063919
BONES 4
BONE 37 0.028399
BONE 41 0.440046
BONE 53 0.454410
BONE 63 0.077146

VERT 59
OFFSET 18.446285, -16.010841, 40.850544
BONES 2
BONE 53 0.022009
BONE 63 0.977992

VERT 60
OFFSET 15.879845, -14.847078, 41.789211
BONES 2
BONE 61 0.000676
BONE 71 0.999324

VERT 61
OFFSET 15.508126, -14.551677, 41.817207
BONES 2
BONE 61 0.003826
BONE 71 0.996174

VERT 62
OFFSET 16.057060, -15.073614, 42.130089
BONES 2
BONE 61 0.002731
BONE 71 0.997269

VERT 63
OFFSET 15.901331, -15.056739, 42.336803
BONES 2
BONE 61 0.005040
BONE 71 0.994960

VERT 64
OFFSET 17.989212, -12.076496, 45.280216
BONES 5
BONE 37 0.818549
BONE 49 0.086668
BONE 61 0.000000
BONE 41 0.000000
BONE 39 0.094783

VERT 65
OFFSET 16.276342, -12.156940, 44.562992
BONES 5
BONE 37 0.248521
BONE 49 0.436829
BONE 61 0.287411
BONE 71 0.000001
BONE 39 0.027238

VERT 66
OFFSET 16.579655, -11.489004, 44.990112
BONES 4
BONE 37 0.779833
BONE 49 0.004583
BONE 61 0.001691
BONE 39 0.213893

VERT 67
OFFSET 16.899504, -12.614366, 44.701370
BONES 5
BONE 37 0.257232
BONE 49 0.537911
BONE 61 0.181517
BONE 71 0.000000
BONE 39 0.023340

VERT 68
OFFSET 17.558525, -12.982088, 44.596218
BONES 7
BONE 37 0.300865
BONE 49 0.567201
BONE 61 0.090503
BONE 71 0.000000
BONE 41 0.034702
BONE 43 0.000053
BONE 39 0.006675

VERT 69
OFFSET 18.841520, -14.330830, 44.207912
BONES 6
BONE 37 0.458865
BONE 49 0.000236
BONE 41 0.533635
BONE 53 0.000354
BONE 43 0.006909
BONE 39 0.000001

VERT 70
OFFSET 16.588520, -13.118423, 44.124527
BONES 4
BONE 37 0.051604
BONE 49 0.462103
BONE 61 0.418771
BONE 71 0.067523

VERT 71
OFFSET 16.031094, -12.776743, 44.129360
BONES 4
BONE 37 0.029723
BONE 49 0.415956
BONE 61 0.460185
BONE 71 0.094136

VERT 72
OFFSET 20.680494, -11.714635, 41.784504
BONES 4
BONE 37 0.556682
BONE 47 0.000001
BONE 45 0.443317
BONE 57 0.000001

VERT 73
OFFSET 20.342394, -11.005672, 42.332691
BONES 4
BONE 37 0.841413
BONE 47 0.000000
BONE 45 0.114841
BONE 39 0.043746

VERT 74
OFFSET 19.845821, -10.615531, 44.089516
BONES 5
BONE 37 0.793206
BONE 43 0.000489
BONE 47 0.000607
BONE 45 0.000908
BONE 39 0.204789

VERT 75
OFFSET 19.060024, -11.644358, 45.085743
BONES 5
BONE 37 0.843791
BONE 49 0.002488
BONE 41 0.000001
BONE 43 0.000000
BONE 39 0.153720

VERT 76
OFFSET 15.649748, -13.902975, 43.179314
BONES 3
BONE 49 0.016933
BONE 61 0.332786
BONE 71 0.650281

VERT 77
OFFSET 16.169075, -14.154179, 43.219234
BONES 4
BONE 37 0.001661
BONE 49 0.023752
BONE 61 0.382140
BONE 71 0.592447

VERT 78
OFFSET 18.943890, -12.522002, 39.645897
BONES 2
BONE 57 0.027473
BONE 67 0.972527

VERT 79
OFFSET 20.391397, -13.288726, 40.668556
BONES 5
BONE 37 0.000000
BONE 47 0.000000
BONE 45 0.410924
BONE 57 0.533401
BONE 67 0.055674

VERT 80
OFFSET 18.767147, -13.013778, 39.895012
BONES 2
BONE 57 0.021048
BONE 67 0.978952

VERT 81
OFFSET 20.563847, -12.798736, 40.440098
BONES 4
BONE 37 0.002850
BONE 45 0.498690
BONE 57 0.455981
BONE 67 0.042479

VERT 82
OFFSET 19.853390, -12.823887, 39.858963
BONES 3
BONE 45 0.040249
BONE 57 0.415672
BONE 67 0.544079

VERT 83
OFFSET 19.642033, -13.376636, 40.151169
BONES 3
BONE 45 0.022693
BONE 57 0.412457
BONE 67 0.564850

VERT 84
OFFSET 18.340015, -13.684258, 39.487331
BONES 2
BONE 59 0.000000
BONE 69 1.000000

VERT 85
OFFSET 20.250183, -14.560099, 41.184986
BONES 5
BONE 37 0.008850
BONE 43 0.003683
BONE 47 0.501970
BONE 59 0.480066
BONE 69 0.005431

VERT 86
OFFSET 18.076088, -14.197963, 39.897079
BONES 2
BONE 59 0.000687
BONE 69 0.999313

VERT 87
OFFSET 20.549213, -13.995097, 40.754932
BONES 6
BONE 37 0.012521
BONE 43 0.000006
BONE 47 0.518586
BONE 59 0.455909
BONE 69 0.009667
BONE 45 0.003312

VERT 88
OFFSET 19.552856, -14.090248, 39.919472
BONES 3
BONE 47 0.025136
BONE 59 0.445383
BONE 69 0.529481

VERT 89
OFFSET 20.596027, -12.581783, 42.232803
BONES 8
BONE 37 0.405386
BONE 43 0.008278
BONE 47 0.476566
BONE 59 0.000000
BONE 45 0.108171
BONE 57 0.001222
BONE 67 0.000000
BONE 39 0.000376

VERT 90
OFFSET 19.266148, -14.674975, 40.304108
BONES 3
BONE 47 0.027575
BONE 59 0.459459
BONE 69 0.512966

VERT 91
OFFSET 19.674467, -15.588974, 41.772034
BONES 5
BONE 37 0.004075
BONE 41 0.005074
BONE 43 0.475748
BONE 55 0.493221
BONE 65 0.021881

VERT 92
OFFSET 19.117365, -15.166009, 40.344925
BONES 3
BONE 43 0.023722
BONE 55 0.425699
BONE 65 0.550579

VERT 93
OFFSET 20.381081, -13.444159, 42.744678
BONES 7
BONE 37 0.327323
BONE 41 0.000341
BONE 43 0.388304
BONE 55 0.000001
BONE 47 0.283556
BONE 45 0.000464
BONE 39 0.000012

VERT 94
OFFSET 20.137119, -15.046946, 41.280174
BONES 5
BONE 37 0.004583
BONE 43 0.482221
BONE 55 0.483618
BONE 65 0.025533
BONE 47 0.004044

VERT 95
OFFSET 18.658249, -15.607883, 40.867451
BONES 3
BONE 43 0.029762
BONE 55 0.434461
BONE 65 0.535778

VERT 96
OFFSET 17.565950, -14.982656, 40.308094
BONES 2
BONE 55 0.008968
BONE 65 0.991032

VERT 97
OFFSET 17.900732, -14.555050, 39.880409
BONES 2
BONE 55 0.002435
BONE 65 0.997565

VERT 98
OFFSET 19.220970, -15.983894, 43.129494
BONES 4
BONE 37 0.004071
BONE 41 0.406030
BONE 53 0.553074
BONE 63 0.036824

VERT 99
OFFSET 18.591379, -16.150343, 40.818878
BONES 2
BONE 53 0.023717
BONE 63 0.976283

VERT 100
OFFSET 19.328184, -16.187128, 41.679317
BONES 3
BONE 41 0.008654
BONE 53 0.381880
BONE 63 0.609466

VERT 101
OFFSET 19.708244, -14.118539, 43.473557
BONES 6
BONE 37 0.299464
BONE 49 0.000005
BONE 41 0.397975
BONE 53 0.001306
BONE 43 0.301131
BONE 39 0.000119

VERT 102
OFFSET 18.754343, -16.563803, 42.163822
BONES 3
BONE 41 0.010991
BONE 53 0.310862
BONE 63 0.678147

VERT 103
OFFSET 19.766109, -15.548895, 42.639393
BONES 5
BONE 37 0.004140
BONE 41 0.453662
BONE 53 0.508419
BONE 63 0.030146
BONE 43 0.003633

VERT 104
OFFSET 18.047190, -16.550468, 41.254288
BONES 2
BONE 53 0.008511
BONE 63 0.991489

VERT 105
OFFSET 19.429436, -9.769706, 42.801193
BONES 3
BONE 37 0.657317
BONE 45 0.001272
BONE 39 0.341411

VERT 106
OFFSET 19.747494, -10.052125, 43.269524
BONES 3
BONE 37 0.772254
BONE 45 0.003188
BONE 39 0.224558

VERT 107
OFFSET 15.425546, -14.917191, 42.119923
BONES 1
BONE 71 1.000000

VERT 108
OFFSET 15.689899, -14.430249, 42.509476
BONES 2
BONE 61 0.015890
BONE 71 0.984110

VERT 109
OFFSET 15.587900, -15.016748, 41.920746
BONES 1
BONE 71 1.000000

VERT 110
OFFSET 17.233847, -11.863855, 45.256828
BONES 4
BONE 37 0.714520
BONE 49 0.065364
BONE 61 0.000001
BONE 39 0.220115

VERT 111
OFFSET 18.523884, -9.983434, 42.737801
BONES 3
BONE 37 0.635253
BONE 45 0.000055
BONE 39 0.364692

VERT 112
OFFSET 18.015207, -11.362278, 43.179707
BONES 6
BONE 37 0.921627
BONE 49 0.000003
BONE 61 0.000000
BONE 47 0.000770
BONE 45 0.000567
BONE 39 0.077032

VERT 113
OFFSET 19.109131, -12.416567, 39.918236
BONES 2
BONE 57 0.081703
BONE 67 0.918297

VERT 114
OFFSET 19.176273, -12.529597, 39.681866
BONES 3
BONE 45 0.000047
BONE 57 0.069801
BONE 67 0.930152

VERT 115
OFFSET 19.019766, -13.104769, 39.964622
BONES 2
BONE 57 0.045543
BONE 67 0.954457

VERT 116
OFFSET 18.923046, -13.000718, 40.185108
BONES 2
BONE 57 0.059859
BONE 67 0.940141

VERT 117
OFFSET 18.637217, -13.540817, 39.788784
BONES 3
BONE 47 0.000000
BONE 59 0.031654
BONE 69 0.968346

VERT 118
OFFSET 18.656507, -13.770809, 39.568840
BONES 2
BONE 59 0.008716
BONE 69 0.991284

VERT 119
OFFSET 18.341396, -14.297057, 40.036304
BONES 2
BONE 59 0.021355
BONE 69 0.978645

VERT 120
OFFSET 18.305201, -14.157902, 40.207218
BONES 2
BONE 59 0.028523
BONE 69 0.971477

VERT 121
OFFSET 18.292904, -14.697308, 40.014118
BONES 2
BONE 55 0.053084
BONE 65 0.946916

VERT 122
OFFSET 18.308403, -14.450817, 40.182850
BONES 2
BONE 55 0.053924
BONE 65 0.946076

VERT 123
OFFSET 17.809097, -15.005367, 40.728619
BONES 2
BONE 55 0.076861
BONE 65 0.923139

VERT 124
OFFSET 17.875683, -15.189033, 40.515808
BONES 2
BONE 55 0.081587
BONE 65 0.918413

VERT 125
OFFSET 18.289320, -16.571754, 41.554993
BONES 2
BONE 53 0.070676
BONE 63 0.929324

VERT 126
OFFSET 18.139656, -16.336100, 41.718407
BONES 2
BONE 53 0.117910
BONE 63 0.882090

VERT 127
OFFSET 18.826111, -15.858069, 41.266674
BONES 2
BONE 53 0.153457
BONE 63 0.846543

VERT 128
OFFSET 18.877768, -16.188040, 41.109905
BONES 2
BONE 53 0.101743
BONE 63 0.898257

VERT 129
OFFSET 16.136150, -14.765828, 42.598454
BONES 2
BONE 61 0.106859
BONE 71 0.893141

VERT 130
OFFSET 16.415846, -14.672930, 42.415592
BONES 2
BONE 61 0.114349
BONE 71 0.885651

VERT 131
OFFSET 16.381111, -14.335690, 41.910503
BONES 2
BONE 61 0.041460
BONE 71 0.958540

VERT 132
OFFSET 15.653676, -14.068781, 41.993580
BONES 2
BONE 61 0.100203
BONE 71 0.899797

VERT 133
OFFSET 16.948957, -10.958761, 43.746422
BONES 4
BONE 31 0.000152
BONE 37 0.732101
BONE 49 0.015336
BONE 39 0.252411

VERT 134
OFFSET 17.528349, -1.653693, 46.968170
BONES 2
BONE 31 0.400000
BONE 39 0.600000

VERT 135
OFFSET 17.624773, -1.916787, 48.156872
BONES 2
BONE 31 0.399999
BONE 39 0.600001

VERT 136
OFFSET 18.751324, -4.898957, 46.925163
BONES 2
BONE 31 0.197401
BONE 39 0.802599

VERT 137
OFFSET 18.577290, -4.601433, 45.755363
BONES 2
BONE 31 0.198929
BONE 39 0.801071

VERT 138
OFFSET 17.916855, -4.504858, 45.182537
BONES 2
BONE 31 0.200845
BONE 39 0.799155

VERT 139
OFFSET 16.330914, -4.683460, 45.158485
BONES 4
BONE 27 0.000000
BONE 31 0.317104
BONE 29 0.000000
BONE 39 0.682896

VERT 140
OFFSET 15.239331, -5.571958, 46.521469
BONES 2
BONE 31 0.207274
BONE 39 0.792726

VERT 141
OFFSET 15.530404, -6.225410, 47.940357
BONES 2
BONE 31 0.203667
BONE 39 0.796333

VERT 142
OFFSET 16.345081, -6.341662, 48.730667
BONES 2
BONE 31 0.205324
BONE 39 0.794676

VERT 143
OFFSET 17.736353, -5.654435, 48.535038
BONES 2
BONE 31 0.210352
BONE 39 0.789648

VERT 144
OFFSET 18.571665, -10.037233, 46.164291
BONES 3
BONE 31 0.061226
BONE 37 0.069275
BONE 39 0.869499

VERT 145
OFFSET 20.631634, -12.294013, 42.027649
BONES 6
BONE 37 0.432531
BONE 43 0.000221
BONE 47 0.281902
BONE 45 0.277493
BONE 57 0.007853
BONE 67 0.000000

VERT 146
OFFSET 17.318129, -9.705161, 43.897854
BONES 4
BONE 31 0.023868
BONE 37 0.192940
BONE 49 0.000037
BONE 39 0.783155

VERT 147
OFFSET 18.471849, -9.014474, 43.289814
BONES 3
BONE 31 0.000760
BONE 37 0.253247
BONE 39 0.745993

VERT 148
OFFSET 16.708689, -10.857619, 45.870506
BONES 4
BONE 31 0.018876
BONE 37 0.303370
BONE 49 0.000736
BONE 39 0.677018

VERT 149
OFFSET 18.058987, -11.022712, 46.394623
BONES 4
BONE 31 0.025895
BONE 37 0.206480
BONE 49 0.000290
BONE 39 0.767335

VERT 150
OFFSET 19.398458, -10.536922, 45.932522
BONES 3
BONE 31 0.026776
BONE 37 0.234236
BONE 39 0.738988

VERT 151
OFFSET 18.095404, -13.596951, 43.078548
BONES 12
BONE 37 0.712172
BONE 49 0.016609
BONE 61 0.003187
BONE 71 0.000112
BONE 41 0.215666
BONE 53 0.003363
BONE 43 0.048425
BONE 55 0.000449
BONE 47 0.000017
BONE 59 0.000001
BONE 45 0.000000
BONE 39 0.000001

VERT 152
OFFSET 17.602976, -13.164706, 43.069763
BONES 11
BONE 37 0.583331
BONE 49 0.276958
BONE 61 0.104218
BONE 71 0.009357
BONE 41 0.025069
BONE 53 0.000059
BONE 43 0.000859
BONE 55 0.000008
BONE 47 0.000014
BONE 45 0.000010
BONE 39 0.000116

VERT 153
OFFSET 18.411648, -14.185641, 42.628925
BONES 10
BONE 37 0.315101
BONE 49 0.000367
BONE 61 0.000052
BONE 41 0.375014
BONE 53 0.015028
BONE 43 0.285928
BONE 55 0.006367
BONE 47 0.002050
BONE 59 0.000093
BONE 45 0.000000

VERT 154
OFFSET 18.672493, -12.822047, 42.705063
BONES 13
BONE 37 0.929100
BONE 49 0.003949
BONE 61 0.000389
BONE 71 0.000000
BONE 41 0.011653
BONE 53 0.000020
BONE 43 0.052569
BONE 55 0.000094
BONE 47 0.001713
BONE 59 0.000044
BONE 45 0.000357
BONE 57 0.000001
BONE 39 0.000111

VERT 155
OFFSET 18.954037, -13.498659, 42.021442
BONES 12
BONE 37 0.276789
BONE 49 0.000067
BONE 61 0.000007
BONE 41 0.005342
BONE 53 0.000064
BONE 43 0.571296
BONE 55 0.010588
BONE 47 0.128351
BONE 59 0.004558
BONE 45 0.002789
BONE 57 0.000148
BONE 39 0.000001

VERT 156
OFFSET 18.995037, -12.157884, 42.060364
BONES 11
BONE 37 0.856942
BONE 49 0.000044
BONE 61 0.000004
BONE 41 0.000114
BONE 43 0.005241
BONE 55 0.000001
BONE 47 0.078527
BONE 59 0.000139
BONE 45 0.055710
BONE 57 0.000112
BONE 39 0.003165

VERT 157
OFFSET 19.367561, -12.797850, 41.491177
BONES 12
BONE 37 0.218280
BONE 49 0.000001
BONE 61 0.000000
BONE 41 0.000003
BONE 43 0.038673
BONE 55 0.000186
BONE 47 0.566123
BONE 59 0.015377
BONE 45 0.152121
BONE 57 0.009178
BONE 67 0.000008
BONE 39 0.000050

VERT 158
OFFSET 19.470196, -11.446702, 41.154858
BONES 7
BONE 37 0.753007
BONE 43 0.000019
BONE 47 0.012942
BONE 59 0.000001
BONE 45 0.231252
BONE 57 0.001796
BONE 39 0.000983

VERT 159
OFFSET 20.402393, -11.295744, 41.285538
BONES 6
BONE 37 0.652240
BONE 47 0.000638
BONE 45 0.343078
BONE 57 0.002245
BONE 67 0.000397
BONE 39 0.001400

VERT 160
OFFSET 19.695957, -12.171315, 41.012501
BONES 8
BONE 37 0.254433
BONE 43 0.000615
BONE 47 0.059762
BONE 59 0.000339
BONE 45 0.605756
BONE 57 0.078733
BONE 67 0.000361
BONE 39 0.000001

VERT 161
OFFSET 18.940008, -9.959238, 42.190491
BONES 5
BONE 31 0.000000
BONE 37 0.749734
BONE 47 0.000002
BONE 45 0.001671
BONE 39 0.248594

VERT 162
OFFSET 19.823954, -9.889682, 42.300201
BONES 3
BONE 37 0.765166
BONE 45 0.019809
BONE 39 0.215025

VERT 163
OFFSET 18.162128, -10.463906, 42.415890
BONES 6
BONE 31 0.000011
BONE 37 0.796313
BONE 43 0.000004
BONE 47 0.000183
BONE 45 0.000157
BONE 39 0.203332

VERT 164
OFFSET 17.775223, -11.019254, 42.943333
BONES 7
BONE 31 0.000378
BONE 37 0.834124
BONE 49 0.000000
BONE 43 0.000200
BONE 47 0.000362
BONE 45 0.000267
BONE 39 0.164669

VERT 165
OFFSET 17.888151, -13.089480, 44.979218
BONES 6
BONE 37 0.550865
BONE 49 0.289568
BONE 61 0.036429
BONE 41 0.100463
BONE 43 0.000601
BONE 39 0.022074

VERT 166
OFFSET 17.351202, -13.674921, 43.862705
BONES 8
BONE 37 0.442023
BONE 49 0.273367
BONE 61 0.190130
BONE 71 0.034733
BONE 41 0.059736
BONE 53 0.000001
BONE 43 0.000009
BONE 39 0.000001

VERT 167
OFFSET 17.732950, -14.226772, 43.668644
BONES 7
BONE 37 0.509838
BONE 49 0.054114
BONE 61 0.010273
BONE 71 0.000614
BONE 41 0.424773
BONE 53 0.000091
BONE 43 0.000298

VERT 168
OFFSET 18.744379, -14.473155, 44.312675
BONES 6
BONE 37 0.447961
BONE 49 0.000364
BONE 41 0.546446
BONE 53 0.001922
BONE 63 0.000006
BONE 43 0.003301

VERT 169
OFFSET 19.539593, -14.331450, 44.329609
BONES 7
BONE 37 0.447359
BONE 49 0.000067
BONE 41 0.509619
BONE 53 0.003101
BONE 63 0.000000
BONE 43 0.039851
BONE 39 0.000003

VERT 170
OFFSET 19.303381, -13.559331, 44.807774
BONES 6
BONE 37 0.760350
BONE 49 0.001403
BONE 61 0.000001
BONE 41 0.203056
BONE 43 0.027834
BONE 39 0.007357

VERT 171
OFFSET 19.879982, -13.197771, 44.333149
BONES 6
BONE 37 0.785426
BONE 49 0.000120
BONE 41 0.121402
BONE 43 0.081092
BONE 47 0.000000
BONE 39 0.011959

VERT 172
OFFSET 20.627901, -13.484388, 43.080986
BONES 6
BONE 37 0.429979
BONE 41 0.004597
BONE 43 0.313912
BONE 47 0.249721
BONE 45 0.001451
BONE 39 0.000340

VERT 173
OFFSET 20.416943, -12.557549, 43.793289
BONES 6
BONE 37 0.847220
BONE 41 0.000981
BONE 43 0.086777
BONE 47 0.047810
BONE 45 0.000077
BONE 39 0.017136

VERT 174
OFFSET 20.671442, -11.330506, 42.879517
BONES 5
BONE 37 0.869562
BONE 43 0.000025
BONE 47 0.045804
BONE 45 0.062942
BONE 39 0.021666

VERT 175
OFFSET 20.782610, -11.518141, 41.805359
BONES 6
BONE 37 0.640427
BONE 47 0.000519
BONE 45 0.357673
BONE 57 0.000325
BONE 67 0.000008
BONE 39 0.001048

VERT 176
OFFSET 20.379139, -10.581570, 42.343632
BONES 4
BONE 37 0.835590
BONE 47 0.000073
BONE 45 0.084002
BONE 39 0.080334

VERT 177
OFFSET 20.236053, -10.052667, 43.637802
BONES 4
BONE 37 0.787929
BONE 47 0.000305
BONE 45 0.001196
BONE 39 0.210569

VERT 178
OFFSET 19.606066, -11.582162, 45.256599
BONES 7
BONE 37 0.794794
BONE 49 0.000177
BONE 41 0.000771
BONE 43 0.000778
BONE 47 0.000005
BONE 45 0.000000
BONE 39 0.203475

VERT 179
OFFSET 20.182310, -10.899320, 44.605522
BONES 6
BONE 37 0.785077
BONE 41 0.000006
BONE 43 0.000310
BONE 47 0.000320
BONE 45 0.000048
BONE 39 0.214240

VERT 180
OFFSET 18.031469, -14.486816, 43.702240
BONES 7
BONE 37 0.431986
BONE 49 0.003330
BONE 61 0.000473
BONE 41 0.557365
BONE 53 0.006164
BONE 63 0.000545
BONE 43 0.000136

VERT 181
OFFSET 18.727144, -12.043612, 45.546417
BONES 7
BONE 37 0.874795
BONE 49 0.005963
BONE 61 0.000001
BONE 41 0.007023
BONE 43 0.000917
BONE 47 0.000000
BONE 39 0.111301

VERT 182
OFFSET 17.917677, -12.179422, 45.498100
BONES 6
BONE 37 0.807896
BONE 49 0.088331
BONE 61 0.000810
BONE 41 0.002644
BONE 43 0.000040
BONE 39 0.100280

VERT 183
OFFSET 16.695852, -11.628110, 45.244221
BONES 5
BONE 31 0.000003
BONE 37 0.721210
BONE 49 0.048259
BONE 61 0.011251
BONE 39 0.219277

VERT 184
OFFSET 16.359221, -10.842788, 44.121666
BONES 5
BONE 31 0.000153
BONE 37 0.688641
BONE 49 0.063313
BONE 61 0.013727
BONE 39 0.234167

VERT 185
OFFSET 17.014421, -10.748144, 43.294052
BONES 8
BONE 31 0.000145
BONE 37 0.750708
BONE 49 0.013993
BONE 61 0.001478
BONE 43 0.000000
BONE 47 0.000000
BONE 45 0.000000
BONE 39 0.233675

VERT 186
OFFSET 19.879663, -9.825486, 45.329353
BONES 3
BONE 31 0.038578
BONE 37 0.197243
BONE 39 0.764179

VERT 187
OFFSET 19.171803, -8.906299, 43.414047
BONES 3
BONE 31 0.000574
BONE 37 0.313945
BONE 39 0.685480

VERT 188
OFFSET 17.823708, -9.314922, 43.488373
BONES 3
BONE 31 0.003444
BONE 37 0.167031
BONE 39 0.829524

VERT 189
OFFSET 16.404268, -10.197255, 44.740627
BONES 3
BONE 31 0.042259
BONE 37 0.180647
BONE 39 0.777094

VERT 190
OFFSET 18.769209, -7.295834, 47.423893
BONES 1
BONE 39 1.000000

VERT 191
OFFSET 19.343599, -6.777513, 46.540699
BONES 1
BONE 39 1.000000

