// Export filename: `C:\projects\cod\t5\xanim_export\t5_viewmodels\python\python_dw_full_pullout.XANIM_EXPORT`
// Source filename: `D:\projects\devanim\t5\animation_assets\viewmodels/python/ViewModel_python_DW_animated.fbx`
// Export time: Thu Aug 05 23:16:22 2010

ANIMATION
VERSION 3

NUMPARTS 94
PART 0 "tag_ads"
PART 1 "tag_torso"
PART 2 "J_Shoulder_LE"
PART 3 "J_Elbow_LE"
PART 4 "J_WristTwist_LE"
PART 5 "J_Sleave_Reshape_Bottom_LE_1"
PART 6 "J_Sleave_Reshape_Bottom_LE_2"
PART 7 "J_Sleave_Reshape_Top_LE_1"
PART 8 "J_Sleave_Reshape_Top_LE_2"
PART 9 "J_Sleave_Reshape_Top_LE_3"
PART 10 "J_Wrist_LE"
PART 11 "J_Thumb_LE_0"
PART 12 "J_Thumb_LE_1"
PART 13 "J_Thumb_LE_2"
PART 14 "J_Thumb_LE_3"
PART 15 "J_PinkyPalm_LE"
PART 16 "J_Pinky_LE_0"
PART 17 "J_Pinky_LE_1"
PART 18 "J_Pinky_LE_2"
PART 19 "J_Pinky_LE_3"
PART 20 "J_RingPalm_LE"
PART 21 "J_Ring_LE_0"
PART 22 "J_Ring_LE_1"
PART 23 "J_Ring_LE_2"
PART 24 "J_Ring_LE_3"
PART 25 "J_Webbing_LE"
PART 26 "J_Index_LE_0"
PART 27 "J_Index_LE_1"
PART 28 "J_Index_LE_2"
PART 29 "J_Index_LE_3"
PART 30 "J_Mid_LE_0"
PART 31 "J_Mid_LE_1"
PART 32 "J_Mid_LE_2"
PART 33 "J_Mid_LE_3"
PART 34 "tag_knife_attach"
PART 35 "tag_weapon"
PART 36 "J_Gun"
PART 37 "TAG_CLIP"
PART 38 "J_Bolt"
PART 39 "tag_speedloader"
PART 40 "tag_spent0"
PART 41 "tag_spent1"
PART 42 "tag_spent2"
PART 43 "tag_spent3"
PART 44 "tag_spent4"
PART 45 "tag_spent5"
PART 46 "tag_bullets"
PART 47 "J_Press_Rear"
PART 48 "tag_weapon1"
PART 49 "J_Gun1"
PART 50 "TAG_CLIP1"
PART 51 "J_Bolt1"
PART 52 "tag_speedloader1"
PART 53 "tag_spent01"
PART 54 "tag_spent11"
PART 55 "tag_spent21"
PART 56 "tag_spent31"
PART 57 "tag_spent41"
PART 58 "tag_spent51"
PART 59 "tag_bullets1"
PART 60 "J_Press_Rear1"
PART 61 "J_Shoulder_RI"
PART 62 "J_Elbow_RI"
PART 63 "J_WristTwist_RI"
PART 64 "J_Sleave_Reshape_Top_RI_3"
PART 65 "J_Sleave_Reshape_Top_RI_2"
PART 66 "J_Sleave_Reshape_Top_RI_1"
PART 67 "J_Wrist_RI"
PART 68 "J_Thumb_RI_0"
PART 69 "J_Thumb_RI_1"
PART 70 "J_Thumb_RI_2"
PART 71 "J_Thumb_RI_3"
PART 72 "J_PinkyPalm_RI"
PART 73 "J_Pinky_RI_0"
PART 74 "J_Pinky_RI_1"
PART 75 "J_Pinky_RI_2"
PART 76 "J_Pinky_RI_3"
PART 77 "J_RingPalm_RI"
PART 78 "J_Ring_RI_0"
PART 79 "J_Ring_RI_1"
PART 80 "J_Ring_RI_2"
PART 81 "J_Ring_RI_3"
PART 82 "J_Webbing_RI"
PART 83 "J_Index_RI_0"
PART 84 "J_Index_RI_1"
PART 85 "J_Index_RI_2"
PART 86 "J_Index_RI_3"
PART 87 "J_Mid_RI_0"
PART 88 "J_Mid_RI_1"
PART 89 "J_Mid_RI_2"
PART 90 "J_Mid_RI_3"
PART 91 "tag_cambone"
PART 92 "tag_camera"
PART 93 "tag_gasmask"

FRAMERATE 30
NUMFRAMES 30

FRAME 340
PART 0
OFFSET  0.0000 -0.0000 -0.0000
X  1.0000 -0.0000  0.0000
Y  0.0000  1.0000  0.0000
Z  0.0000 -0.0000  1.0000

PART 1
OFFSET -4.6318 -0.0000 -1.3770
X  1.0000 -0.0000  0.0000
Y  0.0000  1.0000  0.0000
Z  0.0000 -0.0000  1.0000

PART 2
OFFSET -9.2817  11.3680 -3.1869
X  0.7991  0.4511 -0.3975
Y  0.3555  0.1787  0.9174
Z  0.4849 -0.8744 -0.0176

PART 3
OFFSET  0.3820  16.8233 -7.9946
X  0.7984  0.4517 -0.3981
Y -0.2362  0.8432  0.4829
Z  0.5538 -0.2915  0.7800

PART 4
OFFSET  7.1731  20.6651 -11.3806
X  0.7984  0.4517 -0.3981
Y  0.4888 -0.1002  0.8666
Z  0.3516 -0.8865 -0.3008

PART 5
OFFSET  8.0412  20.6669 -13.1461
X  0.7983  0.4474 -0.4031
Y -0.5526  0.2781 -0.7857
Z -0.2394  0.8500  0.4693

PART 6
OFFSET  8.6838  19.8516 -11.8210
X  0.7983  0.4474 -0.4031
Y -0.5526  0.2781 -0.7857
Z -0.2394  0.8500  0.4693

PART 7
OFFSET  7.9216  23.0131 -12.0427
X  0.7983  0.4474 -0.4031
Y -0.5526  0.2781 -0.7857
Z -0.2394  0.8500  0.4693

PART 8
OFFSET  8.5248  22.7639 -10.8656
X  0.7983  0.4474 -0.4031
Y -0.5526  0.2781 -0.7857
Z -0.2394  0.8500  0.4693

PART 9
OFFSET  8.7805  21.6046 -10.7031
X  0.7983  0.4474 -0.4031
Y -0.5526  0.2781 -0.7857
Z -0.2394  0.8500  0.4693

PART 10
OFFSET  9.6208  22.0498 -12.6010
X  0.0588  0.0097 -0.9982
Y  0.9829 -0.1756  0.0562
Z -0.1747 -0.9844 -0.0198

PART 11
OFFSET  10.5240  21.4805 -13.0040
X  0.4713 -0.6654 -0.5789
Y  0.8631  0.2129  0.4580
Z -0.1815 -0.7155  0.6746

PART 12
OFFSET  11.6171  20.0261 -14.1699
X -0.4119 -0.2317 -0.8813
Y  0.8169 -0.5223 -0.2445
Z -0.4037 -0.8207  0.4044

PART 13
OFFSET  10.8582  19.5913 -15.5327
X -0.7466 -0.2291 -0.6246
Y  0.6258 -0.5604 -0.5425
Z -0.2258 -0.7959  0.5617

PART 14
OFFSET  10.0511  19.2976 -16.1917
X -0.2771  0.2267 -0.9337
Y  0.4154  0.9045  0.0963
Z  0.8664 -0.3611 -0.3448

PART 15
OFFSET  8.5828  22.0471 -13.5099
X -0.4193 -0.1433 -0.8965
Y -0.1283 -0.9682  0.2147
Z -0.8988  0.2050  0.3876

PART 16
OFFSET  7.7560  21.5766 -15.5543
X -0.1636 -0.9852 -0.0507
Y  0.6012 -0.1403  0.7867
Z -0.7822  0.0982  0.6152

PART 17
OFFSET  7.5244  20.1817 -15.6261
X  0.4163 -0.6623  0.6229
Y  0.4247  0.7474  0.5109
Z -0.8039  0.0519  0.5925

PART 18
OFFSET  7.8935  19.5944 -15.0738
X  0.6269  0.2119  0.7498
Y -0.0507  0.9713 -0.2322
Z -0.7775  0.1076  0.6196

PART 19
OFFSET  8.4891  19.7958 -14.3615
X -0.3352 -0.7874 -0.5173
Y -0.5399  0.6105 -0.5795
Z  0.7721  0.0850 -0.6298

PART 20
OFFSET  9.2734  22.0700 -13.6894
X -0.2469  0.0572 -0.9673
Y -0.2189 -0.9758 -0.0018
Z -0.9440  0.2113  0.2535

PART 21
OFFSET  8.5199  21.8568 -16.1683
X -0.2781 -0.9593 -0.0479
Y  0.6007 -0.2127  0.7706
Z -0.7495  0.1855  0.6355

PART 22
OFFSET  8.0464  20.2235 -16.2499
X  0.4856 -0.4986  0.7180
Y  0.4279  0.8518  0.3021
Z -0.7623  0.1606  0.6270

PART 23
OFFSET  8.7193  19.5325 -15.2548
X  0.6337  0.3656  0.6818
Y -0.1155  0.9161 -0.3839
Z -0.7649  0.1645  0.6228

PART 24
OFFSET  9.4066  19.9290 -14.5154
X -0.4908 -0.8148 -0.3087
Y -0.4249  0.5331 -0.7316
Z  0.7607 -0.2280 -0.6078

PART 25
OFFSET  11.2690  21.2732 -15.5997
X -0.1833 -0.2307 -0.9556
Y  0.2225  0.9371 -0.2689
Z  0.9575 -0.2620 -0.1205

PART 26
OFFSET  10.6562  22.3210 -16.4409
X -0.4213 -0.5212 -0.7422
Y  0.1214 -0.8434  0.5234
Z -0.8988  0.1304  0.4186

PART 27
OFFSET  9.9144  21.4032 -17.7476
X -0.4535 -0.6343 -0.6261
Y  0.1379 -0.7440  0.6538
Z -0.8805  0.2101  0.4249

PART 28
OFFSET  9.4166  20.6194 -18.5346
X -0.2857 -0.8412 -0.4591
Y  0.2489 -0.5277  0.8121
Z -0.9254  0.1178  0.3601

PART 29
OFFSET  9.0939  19.6692 -19.0531
X -0.3920  0.7834 -0.4824
Y  0.4681  0.6212  0.6284
Z  0.7920  0.0205 -0.6102

PART 30
OFFSET  9.5523  22.3338 -16.3990
X -0.3438 -0.9129 -0.2199
Y  0.4442 -0.3644  0.8184
Z -0.8273  0.1837  0.5309

PART 31
OFFSET  8.8806  20.5504 -16.8286
X  0.2842 -0.6801  0.6758
Y  0.5259  0.7000  0.4832
Z -0.8017  0.2181  0.5566

PART 32
OFFSET  9.2957  19.5570 -15.8414
X  0.6170  0.2416  0.7490
Y  0.0652  0.9327 -0.3546
Z -0.7843  0.2676  0.5597

PART 33
OFFSET  9.9888  19.8320 -14.9889
X -0.4646 -0.7981 -0.3836
Y -0.4048  0.5767 -0.7097
Z  0.7876 -0.1744 -0.5910

PART 34
OFFSET  8.9843  20.6705 -15.3679
X -0.9397  0.1607  0.3019
Y  0.1747  0.9844  0.0198
Z -0.2941  0.0714 -0.9531

PART 35
OFFSET  11.3572 -23.7187 -28.2800
X  0.1914 -0.3151 -0.9296
Y  0.2082  0.9385 -0.2753
Z  0.9592 -0.1409  0.2453

PART 36
OFFSET  11.3572 -23.7187 -28.2800
X  0.1914 -0.3151 -0.9296
Y  0.2082  0.9385 -0.2753
Z  0.9592 -0.1409  0.2453

PART 37
OFFSET  12.3457 -24.6571 -31.2791
X  0.1914 -0.3151 -0.9296
Y  0.2082  0.9385 -0.2753
Z  0.9592 -0.1409  0.2453

PART 38
OFFSET  13.2101 -24.4061 -29.2216
X  0.1914 -0.3151 -0.9296
Y  0.2082  0.9385 -0.2753
Z  0.9592 -0.1409  0.2453

PART 39
OFFSET -320.3348 -5.1251  0.0032
X  0.9998  0.0018 -0.0204
Y -0.0001  0.9965  0.0833
Z  0.0204 -0.0833  0.9963

PART 40
OFFSET  12.5691 -24.3061 -29.3077
X  0.1718 -0.3122 -0.9344
Y  0.2082  0.9385 -0.2753
Z  0.9629 -0.1473  0.2262

PART 41
OFFSET  12.9917 -23.8197 -29.3938
X  0.1718 -0.3122 -0.9344
Y  0.2082  0.9385 -0.2753
Z  0.9629 -0.1473  0.2262

PART 42
OFFSET  13.6045 -23.9078 -29.2547
X  0.1718 -0.3122 -0.9344
Y  0.2082  0.9385 -0.2753
Z  0.9629 -0.1473  0.2262

PART 43
OFFSET  13.8036 -24.4756 -29.0297
X  0.1718 -0.3122 -0.9344
Y  0.2082  0.9385 -0.2753
Z  0.9629 -0.1473  0.2262

PART 44
OFFSET  13.3781 -24.9531 -28.9474
X  0.1718 -0.3122 -0.9344
Y  0.2082  0.9385 -0.2753
Z  0.9629 -0.1473  0.2262

PART 45
OFFSET  12.7818 -24.8449 -29.0902
X  0.1718 -0.3122 -0.9344
Y  0.2082  0.9385 -0.2753
Z  0.9629 -0.1473  0.2262

PART 46
OFFSET -48.5672  81.0834  281.9793
X  0.1718 -0.3122 -0.9344
Y  0.2082  0.9385 -0.2753
Z  0.9629 -0.1473  0.2262

PART 47
OFFSET  12.5249 -23.6792 -27.9291
X  0.2365 -0.3214 -0.9169
Y  0.2082  0.9385 -0.2753
Z  0.9491 -0.1258  0.2889

PART 48
OFFSET  13.5925  22.2827 -19.1726
X -0.1393 -0.2311 -0.9629
Y -0.1776  0.9625 -0.2053
Z  0.9742  0.1424 -0.1751

PART 49
OFFSET  13.5925  22.2827 -19.1726
X -0.1393 -0.2311 -0.9629
Y -0.1776  0.9625 -0.2053
Z  0.9742  0.1424 -0.1751

PART 50
OFFSET  13.4458  21.7207 -22.4153
X -0.1393 -0.2311 -0.9629
Y -0.1776  0.9625 -0.2053
Z  0.9742  0.1424 -0.1751

PART 51
OFFSET  14.9917  22.1825 -20.8532
X -0.1393 -0.2311 -0.9629
Y -0.1776  0.9625 -0.2053
Z  0.9742  0.1424 -0.1751

PART 52
OFFSET -320.3348  5.9563  0.1364
X  0.9998 -0.0013 -0.0204
Y -0.0001  0.9975 -0.0704
Z  0.0204  0.0704  0.9973

PART 53
OFFSET  14.3714  22.0904 -20.6705
X -0.1592 -0.2339 -0.9591
Y -0.1776  0.9625 -0.2053
Z  0.9711  0.1377 -0.1947

PART 54
OFFSET  14.5762  22.6705 -20.8477
X -0.1592 -0.2339 -0.9591
Y -0.1776  0.9625 -0.2053
Z  0.9711  0.1377 -0.1947

PART 55
OFFSET  15.1840  22.7807 -20.9788
X -0.1592 -0.2339 -0.9591
Y -0.1776  0.9625 -0.2053
Z  0.9711  0.1377 -0.1947

PART 56
OFFSET  15.6211  22.2716 -20.9280
X -0.1592 -0.2339 -0.9591
Y -0.1776  0.9625 -0.2053
Z  0.9711  0.1377 -0.1947

PART 57
OFFSET  15.3978  21.7204 -20.7552
X -0.1592 -0.2339 -0.9591
Y -0.1776  0.9625 -0.2053
Z  0.9711  0.1377 -0.1947

PART 58
OFFSET  14.7712  21.6183 -20.6236
X -0.1592 -0.2339 -0.9591
Y -0.1776  0.9625 -0.2053
Z  0.9711  0.1377 -0.1947

PART 59
OFFSET  63.6298  100.2068  300.6075
X -0.1592 -0.2339 -0.9591
Y -0.1776  0.9625 -0.2053
Z  0.9711  0.1377 -0.1947

PART 60
OFFSET  14.7454  22.6570 -19.3097
X -0.0931 -0.2241 -0.9701
Y -0.1776  0.9625 -0.2053
Z  0.9797  0.1532 -0.1294

PART 61
OFFSET -9.2817 -11.3680 -3.1869
X -0.6181  0.3797  0.6883
Y -0.3082  0.6884 -0.6565
Z -0.7232 -0.6180 -0.3085

PART 62
OFFSET -1.8066 -15.9600 -11.5115
X -0.6174  0.3798  0.6889
Y  0.4653  0.8824 -0.0695
Z -0.6343  0.2776 -0.7215

PART 63
OFFSET  3.4443 -19.1903 -17.3711
X -0.6174  0.3798  0.6889
Y -0.7781 -0.4235 -0.4639
Z  0.1156 -0.8225  0.5570

PART 64
OFFSET  4.6784 -20.8477 -17.7060
X -0.6184  0.3737  0.6913
Y  0.6293 -0.2913  0.7205
Z  0.4707  0.8806 -0.0551

PART 65
OFFSET  4.1847 -21.7494 -18.2097
X -0.6184  0.3737  0.6913
Y  0.6293 -0.2913  0.7205
Z  0.4707  0.8806 -0.0551

PART 66
OFFSET  3.6098 -21.0354 -19.2611
X -0.6184  0.3737  0.6913
Y  0.6293 -0.2913  0.7205
Z  0.4707  0.8806 -0.0551

PART 67
OFFSET  5.3369 -20.3546 -19.4832
X -0.3634  0.5311  0.7654
Y -0.9296 -0.2608 -0.2604
Z  0.0613 -0.8062  0.5885

PART 68
OFFSET  6.3723 -20.0108 -19.8178
X -0.6416 -0.2826  0.7130
Y -0.6564 -0.2787 -0.7011
Z  0.3968 -0.9179 -0.0067

PART 69
OFFSET  7.8003 -19.3221 -21.2862
X  0.0621  0.3073  0.9496
Y -0.8819 -0.4286  0.1964
Z  0.4673 -0.8496  0.2444

PART 70
OFFSET  7.5951 -19.7486 -22.8348
X  0.4758  0.3275  0.8163
Y -0.7838 -0.2632  0.5625
Z  0.3991 -0.9074  0.1315

PART 71
OFFSET  7.0757 -20.0568 -23.7331
X -0.0666  0.7704  0.6340
Y -0.3434  0.5789 -0.7396
Z -0.9368 -0.2670  0.2260

PART 72
OFFSET  4.6366 -20.9204 -20.5286
X  0.1050  0.3884  0.9155
Y  0.0915 -0.9204  0.3801
Z  0.9903  0.0438 -0.1322

PART 73
OFFSET  4.5338 -21.6739 -22.6514
X -0.0390 -0.8421  0.5379
Y -0.3416 -0.4947 -0.7991
Z  0.9390 -0.2149 -0.2684

PART 74
OFFSET  4.5890 -20.4817 -23.4130
X -0.2972 -0.9224 -0.2466
Y -0.1439  0.2985 -0.9435
Z  0.9439 -0.2449 -0.2214

PART 75
OFFSET  4.8524 -19.6639 -23.1944
X -0.3368 -0.2891 -0.8961
Y  0.1122  0.9326 -0.3430
Z  0.9349 -0.2161 -0.2816

PART 76
OFFSET  5.1724 -19.3892 -22.3431
X  0.0519 -0.3331  0.9415
Y  0.4196  0.8628  0.2821
Z -0.9062  0.3804  0.1846

PART 77
OFFSET  5.3430 -20.9765 -20.4417
X -0.0847  0.4445  0.8918
Y  0.1174 -0.8843  0.4520
Z  0.9895  0.1430  0.0227

PART 78
OFFSET  5.4184 -22.1709 -22.7496
X  0.0716 -0.8208  0.5668
Y -0.3655 -0.5503 -0.7507
Z  0.9280 -0.1534 -0.3394

PART 79
OFFSET  5.2966 -20.7736 -23.7145
X -0.3030 -0.8487 -0.4335
Y -0.1958  0.5006 -0.8432
Z  0.9327 -0.1706 -0.3179

PART 80
OFFSET  5.7165 -19.5973 -23.1137
X -0.3369 -0.1279 -0.9328
Y  0.1141  0.9779 -0.1752
Z  0.9346 -0.1655 -0.3148

PART 81
OFFSET  6.0819 -19.4587 -22.1020
X  0.2568 -0.4620  0.8489
Y  0.2463  0.8806  0.4048
Z -0.9346  0.1051  0.3399

PART 82
OFFSET  4.6433 -18.3557 -15.7620
X -0.1451  0.3260  0.9342
Y -0.2006  0.9149 -0.3504
Z -0.9689 -0.2382 -0.0674

PART 83
OFFSET  7.4770 -22.5270 -22.0504
X  0.1385 -0.0976  0.9855
Y -0.0464 -0.9947 -0.0920
Z  0.9893 -0.0330 -0.1423

PART 84
OFFSET  7.2331 -22.3551 -23.7856
X  0.1424 -0.2511  0.9574
Y -0.0152 -0.9677 -0.2515
Z  0.9897  0.0212 -0.1416

PART 85
OFFSET  7.1201 -22.0485 -24.9582
X  0.0598 -0.5185  0.8530
Y -0.0549 -0.8550 -0.5158
Z  0.9967 -0.0160 -0.0796

PART 86
OFFSET  7.0526 -21.4629 -25.9217
X  0.3104  0.9361  0.1656
Y -0.2062  0.2363 -0.9495
Z -0.9280  0.2606  0.2664

PART 87
OFFSET  6.4187 -22.6087 -22.3569
X  0.1440 -0.7205  0.6784
Y -0.1782 -0.6932 -0.6984
Z  0.9734 -0.0203 -0.2282

PART 88
OFFSET  6.1374 -21.2012 -23.6821
X -0.0803 -0.9578 -0.2761
Y -0.2543  0.2875 -0.9234
Z  0.9638 -0.0039 -0.2667

PART 89
OFFSET  6.2546 -19.8023 -23.2788
X -0.2891 -0.2493 -0.9243
Y -0.1104  0.9677 -0.2265
Z  0.9509  0.0366 -0.3073

PART 90
OFFSET  6.5753 -19.5196 -22.2300
X  0.2314 -0.4293  0.8730
Y  0.1722  0.9013  0.3976
Z -0.9575  0.0583  0.2825

PART 91
OFFSET  0.0000 -0.0000 -0.0000
X  1.0000 -0.0000  0.0000
Y  0.0000  1.0000  0.0000
Z  0.0000 -0.0000  1.0000

PART 92
OFFSET  0.0000 -0.0000 -0.0000
X  1.0000 -0.0000  0.0000
Y  0.0000  1.0000  0.0000
Z  0.0000 -0.0000  1.0000

PART 93
OFFSET  1.5404 -0.0000  4.1357
X  1.0000 -0.0000  0.0000
Y  0.0000  1.0000  0.0000
Z  0.0000 -0.0000  1.0000


FRAME 341
PART 0
OFFSET  0.0000 -0.0000 -0.0000
X  1.0000 -0.0000  0.0000
Y  0.0000  1.0000  0.0000
Z  0.0000 -0.0000  1.0000

PART 1
OFFSET -4.6318 -0.0000 -1.3770
X  1.0000 -0.0000  0.0000
Y  0.0000  1.0000  0.0000
Z  0.0000 -0.0000  1.0000

PART 2
OFFSET -9.2817  11.3680 -3.1869
X  0.7991  0.4511 -0.3975
Y  0.3555  0.1787  0.9174
Z  0.4849 -0.8744 -0.0176

PART 3
OFFSET  0.3820  16.8233 -7.9946
X  0.7984  0.4517 -0.3981
Y -0.2362  0.8432  0.4829
Z  0.5538 -0.2915  0.7800

PART 4
OFFSET  7.1731  20.6651 -11.3806
X  0.7984  0.4517 -0.3981
Y  0.4888 -0.1002  0.8666
Z  0.3516 -0.8865 -0.3008

PART 5
OFFSET  8.0412  20.6669 -13.1461
X  0.7983  0.4474 -0.4031
Y -0.5526  0.2781 -0.7857
Z -0.2394  0.8500  0.4693

PART 6
OFFSET  8.6838  19.8516 -11.8210
X  0.7983  0.4474 -0.4031
Y -0.5526  0.2781 -0.7857
Z -0.2394  0.8500  0.4693

PART 7
OFFSET  7.9216  23.0131 -12.0427
X  0.7983  0.4474 -0.4031
Y -0.5526  0.2781 -0.7857
Z -0.2394  0.8500  0.4693

PART 8
OFFSET  8.5248  22.7639 -10.8656
X  0.7983  0.4474 -0.4031
Y -0.5526  0.2781 -0.7857
Z -0.2394  0.8500  0.4693

PART 9
OFFSET  8.7805  21.6046 -10.7031
X  0.7983  0.4474 -0.4031
Y -0.5526  0.2781 -0.7857
Z -0.2394  0.8500  0.4693

PART 10
OFFSET  9.6208  22.0498 -12.6010
X  0.0588  0.0097 -0.9982
Y  0.9829 -0.1756  0.0562
Z -0.1747 -0.9844 -0.0198

PART 11
OFFSET  10.5240  21.4805 -13.0040
X  0.4713 -0.6654 -0.5789
Y  0.8631  0.2129  0.4580
Z -0.1815 -0.7155  0.6746

PART 12
OFFSET  11.6171  20.0261 -14.1699
X -0.4119 -0.2317 -0.8813
Y  0.8169 -0.5223 -0.2445
Z -0.4037 -0.8207  0.4044

PART 13
OFFSET  10.8582  19.5913 -15.5327
X -0.7466 -0.2291 -0.6246
Y  0.6258 -0.5604 -0.5425
Z -0.2258 -0.7959  0.5617

PART 14
OFFSET  10.0511  19.2976 -16.1917
X -0.2771  0.2267 -0.9337
Y  0.4154  0.9045  0.0963
Z  0.8664 -0.3611 -0.3448

PART 15
OFFSET  8.5828  22.0471 -13.5099
X -0.4193 -0.1433 -0.8965
Y -0.1283 -0.9682  0.2147
Z -0.8988  0.2050  0.3876

PART 16
OFFSET  7.7560  21.5766 -15.5543
X -0.1636 -0.9852 -0.0507
Y  0.6012 -0.1403  0.7867
Z -0.7822  0.0982  0.6152

PART 17
OFFSET  7.5244  20.1817 -15.6261
X  0.4163 -0.6623  0.6229
Y  0.4247  0.7474  0.5109
Z -0.8039  0.0519  0.5925

PART 18
OFFSET  7.8935  19.5944 -15.0738
X  0.6269  0.2119  0.7498
Y -0.0507  0.9713 -0.2322
Z -0.7775  0.1076  0.6196

PART 19
OFFSET  8.4891  19.7958 -14.3615
X -0.3352 -0.7874 -0.5173
Y -0.5399  0.6105 -0.5795
Z  0.7721  0.0850 -0.6298

PART 20
OFFSET  9.2734  22.0700 -13.6894
X -0.2469  0.0572 -0.9673
Y -0.2189 -0.9758 -0.0018
Z -0.9440  0.2113  0.2535

PART 21
OFFSET  8.5199  21.8568 -16.1683
X -0.2781 -0.9593 -0.0479
Y  0.6007 -0.2127  0.7706
Z -0.7495  0.1855  0.6355

PART 22
OFFSET  8.0464  20.2235 -16.2499
X  0.4856 -0.4986  0.7180
Y  0.4279  0.8518  0.3021
Z -0.7623  0.1606  0.6270

PART 23
OFFSET  8.7193  19.5325 -15.2548
X  0.6337  0.3656  0.6818
Y -0.1155  0.9161 -0.3839
Z -0.7649  0.1645  0.6228

PART 24
OFFSET  9.4066  19.9290 -14.5154
X -0.4908 -0.8148 -0.3087
Y -0.4249  0.5331 -0.7316
Z  0.7607 -0.2280 -0.6078

PART 25
OFFSET  11.2690  21.2732 -15.5997
X -0.1833 -0.2307 -0.9556
Y  0.2225  0.9371 -0.2689
Z  0.9575 -0.2620 -0.1205

PART 26
OFFSET  10.6562  22.3210 -16.4409
X -0.4213 -0.5212 -0.7422
Y  0.1214 -0.8434  0.5234
Z -0.8988  0.1304  0.4186

PART 27
OFFSET  9.9144  21.4032 -17.7476
X -0.4535 -0.6343 -0.6261
Y  0.1379 -0.7440  0.6538
Z -0.8805  0.2101  0.4249

PART 28
OFFSET  9.4166  20.6194 -18.5346
X -0.2857 -0.8412 -0.4591
Y  0.2489 -0.5277  0.8121
Z -0.9254  0.1178  0.3601

PART 29
OFFSET  9.0939  19.6692 -19.0531
X -0.3920  0.7834 -0.4824
Y  0.4681  0.6212  0.6284
Z  0.7920  0.0205 -0.6102

PART 30
OFFSET  9.5523  22.3338 -16.3990
X -0.3438 -0.9129 -0.2199
Y  0.4442 -0.3644  0.8184
Z -0.8273  0.1837  0.5309

PART 31
OFFSET  8.8806  20.5504 -16.8286
X  0.2842 -0.6801  0.6758
Y  0.5259  0.7000  0.4832
Z -0.8017  0.2181  0.5566

PART 32
OFFSET  9.2957  19.5570 -15.8414
X  0.6170  0.2416  0.7490
Y  0.0652  0.9327 -0.3546
Z -0.7843  0.2676  0.5597

PART 33
OFFSET  9.9888  19.8320 -14.9889
X -0.4646 -0.7981 -0.3836
Y -0.4048  0.5767 -0.7097
Z  0.7876 -0.1744 -0.5910

PART 34
OFFSET  8.9843  20.6705 -15.3679
X -0.9397  0.1607  0.3019
Y  0.1747  0.9844  0.0198
Z -0.2941  0.0714 -0.9531

PART 35
OFFSET  11.6650 -23.6368 -27.6916
X  0.1906 -0.3216 -0.9275
Y  0.2147  0.9356 -0.2802
Z  0.9579 -0.1457  0.2474

PART 36
OFFSET  11.6650 -23.6368 -27.6916
X  0.1906 -0.3216 -0.9275
Y  0.2147  0.9356 -0.2802
Z  0.9579 -0.1457  0.2474

PART 37
OFFSET  12.6516 -24.5984 -30.6840
X  0.1906 -0.3216 -0.9275
Y  0.2147  0.9356 -0.2802
Z  0.9579 -0.1457  0.2474

PART 38
OFFSET  13.5147 -24.3414 -28.6268
X  0.1906 -0.3216 -0.9275
Y  0.2147  0.9356 -0.2802
Z  0.9579 -0.1457  0.2474

PART 39
OFFSET -320.3348 -5.1251  0.0032
X  0.9998  0.0018 -0.0204
Y -0.0001  0.9965  0.0833
Z  0.0204 -0.0833  0.9963

PART 40
OFFSET  12.8745 -24.2378 -28.7144
X  0.1710 -0.3185 -0.9324
Y  0.2147  0.9356 -0.2802
Z  0.9616 -0.1522  0.2284

PART 41
OFFSET  13.3004 -23.7546 -28.8025
X  0.1710 -0.3185 -0.9324
Y  0.2147  0.9356 -0.2802
Z  0.9616 -0.1522  0.2284

PART 42
OFFSET  13.9124 -23.8458 -28.6621
X  0.1710 -0.3185 -0.9324
Y  0.2147  0.9356 -0.2802
Z  0.9616 -0.1522  0.2284

PART 43
OFFSET  14.1075 -24.4137 -28.4336
X  0.1710 -0.3185 -0.9324
Y  0.2147  0.9356 -0.2802
Z  0.9616 -0.1522  0.2284

PART 44
OFFSET  13.6788 -24.8879 -28.3493
X  0.1710 -0.3185 -0.9324
Y  0.2147  0.9356 -0.2802
Z  0.9616 -0.1522  0.2284

PART 45
OFFSET  13.0834 -24.7767 -28.4935
X  0.1710 -0.3185 -0.9324
Y  0.2147  0.9356 -0.2802
Z  0.9616 -0.1522  0.2284

PART 46
OFFSET -48.0069  83.2900  281.8906
X  0.1710 -0.3185 -0.9324
Y  0.2147  0.9356 -0.2802
Z  0.9616 -0.1522  0.2284

PART 47
OFFSET  12.8324 -23.6029 -27.3393
X  0.2357 -0.3281 -0.9148
Y  0.2147  0.9356 -0.2802
Z  0.9478 -0.1303  0.2909

PART 48
OFFSET  13.5925  22.2827 -19.1726
X -0.1393 -0.2311 -0.9629
Y -0.1776  0.9625 -0.2053
Z  0.9742  0.1424 -0.1751

PART 49
OFFSET  13.5925  22.2827 -19.1726
X -0.1393 -0.2311 -0.9629
Y -0.1776  0.9625 -0.2053
Z  0.9742  0.1424 -0.1751

PART 50
OFFSET  13.4458  21.7207 -22.4153
X -0.1393 -0.2311 -0.9629
Y -0.1776  0.9625 -0.2053
Z  0.9742  0.1424 -0.1751

PART 51
OFFSET  14.9917  22.1825 -20.8532
X -0.1393 -0.2311 -0.9629
Y -0.1776  0.9625 -0.2053
Z  0.9742  0.1424 -0.1751

PART 52
OFFSET -320.3348  5.9563  0.1364
X  0.9998 -0.0013 -0.0204
Y -0.0001  0.9975 -0.0704
Z  0.0204  0.0704  0.9973

PART 53
OFFSET  14.3714  22.0904 -20.6705
X -0.1592 -0.2339 -0.9591
Y -0.1776  0.9625 -0.2053
Z  0.9711  0.1377 -0.1947

PART 54
OFFSET  14.5762  22.6705 -20.8477
X -0.1592 -0.2339 -0.9591
Y -0.1776  0.9625 -0.2053
Z  0.9711  0.1377 -0.1947

PART 55
OFFSET  15.1840  22.7807 -20.9788
X -0.1592 -0.2339 -0.9591
Y -0.1776  0.9625 -0.2053
Z  0.9711  0.1377 -0.1947

PART 56
OFFSET  15.6211  22.2716 -20.9280
X -0.1592 -0.2339 -0.9591
Y -0.1776  0.9625 -0.2053
Z  0.9711  0.1377 -0.1947

PART 57
OFFSET  15.3978  21.7204 -20.7552
X -0.1592 -0.2339 -0.9591
Y -0.1776  0.9625 -0.2053
Z  0.9711  0.1377 -0.1947

PART 58
OFFSET  14.7712  21.6183 -20.6236
X -0.1592 -0.2339 -0.9591
Y -0.1776  0.9625 -0.2053
Z  0.9711  0.1377 -0.1947

PART 59
OFFSET  63.6298  100.2068  300.6075
X -0.1592 -0.2339 -0.9591
Y -0.1776  0.9625 -0.2053
Z  0.9711  0.1377 -0.1947

PART 60
OFFSET  14.7454  22.6570 -19.3097
X -0.0931 -0.2241 -0.9701
Y -0.1776  0.9625 -0.2053
Z  0.9797  0.1532 -0.1294

PART 61
OFFSET -9.2817 -11.3680 -3.1869
X -0.6337  0.3788  0.6745
Y -0.3235  0.6623 -0.6758
Z -0.7027 -0.6464 -0.2972

PART 62
OFFSET -1.6178 -15.9486 -11.3444
X -0.6330  0.3789  0.6751
Y  0.4399  0.8936 -0.0891
Z -0.6370  0.2406 -0.7323

PART 63
OFFSET  3.7659 -19.1711 -17.0866
X -0.6330  0.3789  0.6751
Y -0.7663 -0.4307 -0.4768
Z  0.1101 -0.8191  0.5629

PART 64
OFFSET  5.0501 -20.7996 -17.3713
X -0.6338  0.3729  0.6777
Y  0.6324 -0.2545  0.7316
Z  0.4453  0.8923 -0.0745

PART 65
OFFSET  4.5864 -21.7279 -17.8550
X -0.6338  0.3729  0.6777
Y  0.6324 -0.2545  0.7316
Z  0.4453  0.8923 -0.0745

PART 66
OFFSET  3.9984 -21.0578 -18.9279
X -0.6338  0.3729  0.6777
Y  0.6324 -0.2545  0.7316
Z  0.4453  0.8923 -0.0745

PART 67
OFFSET  5.7065 -20.3326 -19.1563
X -0.3610  0.5377  0.7619
Y -0.9309 -0.2563 -0.2603
Z  0.0553 -0.8032  0.5931

PART 68
OFFSET  6.7445 -19.9974 -19.4914
X -0.6444 -0.2745  0.7137
Y -0.6572 -0.2784 -0.7004
Z  0.3909 -0.9204 -0.0010

PART 69
OFFSET  8.1790 -19.3261 -20.9616
X  0.0628  0.3122  0.9479
Y -0.8849 -0.4218  0.1975
Z  0.4615 -0.8512  0.2498

PART 70
OFFSET  7.9732 -19.7600 -22.5081
X  0.4768  0.3291  0.8151
Y -0.7862 -0.2550  0.5629
Z  0.3931 -0.9092  0.1371

PART 71
OFFSET  7.4529 -20.0699 -23.4054
X -0.0625  0.7744  0.6296
Y -0.3386  0.5770 -0.7433
Z -0.9388 -0.2597  0.2261

PART 72
OFFSET  5.0040 -20.8997 -20.1996
X  0.1062  0.3929  0.9134
Y  0.0850 -0.9189  0.3853
Z  0.9907  0.0367 -0.1310

PART 73
OFFSET  4.8992 -21.6645 -22.3182
X -0.0452 -0.8388  0.5426
Y -0.3437 -0.4969 -0.7968
Z  0.9380 -0.2225 -0.2659

PART 74
OFFSET  4.9631 -20.4770 -23.0864
X -0.3028 -0.9219 -0.2418
Y -0.1406  0.2941 -0.9454
Z  0.9426 -0.2522 -0.2187

PART 75
OFFSET  5.2316 -19.6596 -22.8720
X -0.3374 -0.2919 -0.8950
Y  0.1187  0.9299 -0.3481
Z  0.9338 -0.2237 -0.2791

PART 76
OFFSET  5.5521 -19.3823 -22.0218
X  0.0485 -0.3281  0.9434
Y  0.4247  0.8616  0.2779
Z -0.9040  0.3872  0.1811

PART 77
OFFSET  5.7098 -20.9599 -20.1113
X -0.0831  0.4501  0.8891
Y  0.1111 -0.8825  0.4571
Z  0.9903  0.1367  0.0233

PART 78
OFFSET  5.7808 -22.1677 -22.4123
X  0.0655 -0.8180  0.5715
Y -0.3680 -0.5521 -0.7481
Z  0.9275 -0.1613 -0.3372

PART 79
OFFSET  5.6693 -20.7750 -23.3853
X -0.3079 -0.8491 -0.4291
Y -0.1914  0.4971 -0.8463
Z  0.9320 -0.1784 -0.3156

PART 80
OFFSET  6.0960 -19.5982 -22.7905
X -0.3364 -0.1309 -0.9326
Y  0.1206  0.9761 -0.1806
Z  0.9340 -0.1732 -0.3126

PART 81
OFFSET  6.4608 -19.4562 -21.7791
X  0.2527 -0.4589  0.8518
Y  0.2514  0.8813  0.4002
Z -0.9343  0.1130  0.3380

PART 82
OFFSET  5.0206 -18.3084 -15.4474
X -0.1443  0.3322  0.9321
Y -0.1942  0.9142 -0.3558
Z -0.9703 -0.2323 -0.0674

PART 83
OFFSET  7.8360 -22.5331 -21.7083
X  0.1365 -0.0930  0.9863
Y -0.0527 -0.9949 -0.0865
Z  0.9892 -0.0401 -0.1407

PART 84
OFFSET  7.5956 -22.3694 -23.4448
X  0.1395 -0.2466  0.9590
Y -0.0211 -0.9690 -0.2461
Z  0.9900  0.0141 -0.1403

PART 85
OFFSET  7.4862 -22.0687 -24.6192
X  0.0553 -0.5140  0.8560
Y -0.0597 -0.8575 -0.5111
Z  0.9967 -0.0228 -0.0781

PART 86
OFFSET  7.4238 -21.4881 -25.5861
X  0.3162  0.9350  0.1607
Y -0.2034  0.2323 -0.9511
Z -0.9266  0.2681  0.2636

PART 87
OFFSET  6.7776 -22.6097 -22.0158
X  0.1384 -0.7176  0.6826
Y -0.1817 -0.6959 -0.6947
Z  0.9736 -0.0279 -0.2267

PART 88
OFFSET  6.5072 -21.2079 -23.3493
X -0.0861 -0.9588 -0.2709
Y -0.2512  0.2840 -0.9253
Z  0.9641 -0.0116 -0.2653

PART 89
OFFSET  6.6329 -19.8075 -22.9537
X -0.2894 -0.2526 -0.9233
Y -0.1039  0.9671 -0.2320
Z  0.9516  0.0287 -0.3061

PART 90
OFFSET  6.9539 -19.5210 -21.9060
X  0.2274 -0.4259  0.8757
Y  0.1775  0.9024  0.3927
Z -0.9575  0.0661  0.2808

PART 91
OFFSET  0.0000 -0.0000 -0.0000
X  1.0000 -0.0000  0.0000
Y  0.0000  1.0000  0.0000
Z  0.0000 -0.0000  1.0000

PART 92
OFFSET  0.0000 -0.0000 -0.0000
X  1.0000 -0.0000  0.0000
Y  0.0000  1.0000  0.0000
Z  0.0000 -0.0000  1.0000

PART 93
OFFSET  1.5404 -0.0000  4.1357
X  1.0000 -0.0000  0.0000
Y  0.0000  1.0000  0.0000
Z  0.0000 -0.0000  1.0000


FRAME 342
PART 0
OFFSET  0.0000 -0.0000 -0.0000
X  1.0000 -0.0000  0.0000
Y  0.0000  1.0000  0.0000
Z  0.0000 -0.0000  1.0000

PART 1
OFFSET -4.6318 -0.0000 -1.3770
X  1.0000 -0.0000  0.0000
Y  0.0000  1.0000  0.0000
Z  0.0000 -0.0000  1.0000

PART 2
OFFSET -9.2817  11.3680 -3.1869
X  0.7991  0.4511 -0.3975
Y  0.3555  0.1787  0.9174
Z  0.4849 -0.8744 -0.0176

PART 3
OFFSET  0.3820  16.8233 -7.9946
X  0.7984  0.4517 -0.3981
Y -0.2362  0.8432  0.4829
Z  0.5538 -0.2915  0.7800

PART 4
OFFSET  7.1731  20.6651 -11.3806
X  0.7984  0.4517 -0.3981
Y  0.4888 -0.1002  0.8666
Z  0.3516 -0.8865 -0.3008

PART 5
OFFSET  8.0412  20.6669 -13.1461
X  0.7983  0.4474 -0.4031
Y -0.5526  0.2781 -0.7857
Z -0.2394  0.8500  0.4693

PART 6
OFFSET  8.6838  19.8516 -11.8210
X  0.7983  0.4474 -0.4031
Y -0.5526  0.2781 -0.7857
Z -0.2394  0.8500  0.4693

PART 7
OFFSET  7.9216  23.0131 -12.0427
X  0.7983  0.4474 -0.4031
Y -0.5526  0.2781 -0.7857
Z -0.2394  0.8500  0.4693

PART 8
OFFSET  8.5248  22.7639 -10.8656
X  0.7983  0.4474 -0.4031
Y -0.5526  0.2781 -0.7857
Z -0.2394  0.8500  0.4693

PART 9
OFFSET  8.7805  21.6046 -10.7031
X  0.7983  0.4474 -0.4031
Y -0.5526  0.2781 -0.7857
Z -0.2394  0.8500  0.4693

PART 10
OFFSET  9.6208  22.0498 -12.6010
X  0.0588  0.0097 -0.9982
Y  0.9829 -0.1756  0.0562
Z -0.1747 -0.9844 -0.0198

PART 11
OFFSET  10.5240  21.4805 -13.0040
X  0.4713 -0.6654 -0.5789
Y  0.8631  0.2129  0.4580
Z -0.1815 -0.7155  0.6746

PART 12
OFFSET  11.6171  20.0261 -14.1699
X -0.4119 -0.2317 -0.8813
Y  0.8169 -0.5223 -0.2445
Z -0.4037 -0.8207  0.4044

PART 13
OFFSET  10.8582  19.5913 -15.5327
X -0.7466 -0.2291 -0.6246
Y  0.6258 -0.5604 -0.5425
Z -0.2258 -0.7959  0.5617

PART 14
OFFSET  10.0511  19.2976 -16.1917
X -0.2771  0.2267 -0.9337
Y  0.4154  0.9045  0.0963
Z  0.8664 -0.3611 -0.3448

PART 15
OFFSET  8.5828  22.0471 -13.5099
X -0.4193 -0.1433 -0.8965
Y -0.1283 -0.9682  0.2147
Z -0.8988  0.2050  0.3876

PART 16
OFFSET  7.7560  21.5766 -15.5543
X -0.1636 -0.9852 -0.0507
Y  0.6012 -0.1403  0.7867
Z -0.7822  0.0982  0.6152

PART 17
OFFSET  7.5244  20.1817 -15.6261
X  0.4163 -0.6623  0.6229
Y  0.4247  0.7474  0.5109
Z -0.8039  0.0519  0.5925

PART 18
OFFSET  7.8935  19.5944 -15.0738
X  0.6269  0.2119  0.7498
Y -0.0507  0.9713 -0.2322
Z -0.7775  0.1076  0.6196

PART 19
OFFSET  8.4891  19.7958 -14.3615
X -0.3352 -0.7874 -0.5173
Y -0.5399  0.6105 -0.5795
Z  0.7721  0.0850 -0.6298

PART 20
OFFSET  9.2734  22.0700 -13.6894
X -0.2469  0.0572 -0.9673
Y -0.2189 -0.9758 -0.0018
Z -0.9440  0.2113  0.2535

PART 21
OFFSET  8.5199  21.8568 -16.1683
X -0.2781 -0.9593 -0.0479
Y  0.6007 -0.2127  0.7706
Z -0.7495  0.1855  0.6355

PART 22
OFFSET  8.0464  20.2235 -16.2499
X  0.4856 -0.4986  0.7180
Y  0.4279  0.8518  0.3021
Z -0.7623  0.1606  0.6270

PART 23
OFFSET  8.7193  19.5325 -15.2548
X  0.6337  0.3656  0.6818
Y -0.1155  0.9161 -0.3839
Z -0.7649  0.1645  0.6228

PART 24
OFFSET  9.4066  19.9290 -14.5154
X -0.4908 -0.8148 -0.3087
Y -0.4249  0.5331 -0.7316
Z  0.7607 -0.2280 -0.6078

PART 25
OFFSET  11.2690  21.2732 -15.5997
X -0.1833 -0.2307 -0.9556
Y  0.2225  0.9371 -0.2689
Z  0.9575 -0.2620 -0.1205

PART 26
OFFSET  10.6562  22.3210 -16.4409
X -0.4213 -0.5212 -0.7422
Y  0.1214 -0.8434  0.5234
Z -0.8988  0.1304  0.4186

PART 27
OFFSET  9.9144  21.4032 -17.7476
X -0.4535 -0.6343 -0.6261
Y  0.1379 -0.7440  0.6538
Z -0.8805  0.2101  0.4249

PART 28
OFFSET  9.4166  20.6194 -18.5346
X -0.2857 -0.8412 -0.4591
Y  0.2489 -0.5277  0.8121
Z -0.9254  0.1178  0.3601

PART 29
OFFSET  9.0939  19.6692 -19.0531
X -0.3920  0.7834 -0.4824
Y  0.4681  0.6212  0.6284
Z  0.7920  0.0205 -0.6102

PART 30
OFFSET  9.5523  22.3338 -16.3990
X -0.3438 -0.9129 -0.2199
Y  0.4442 -0.3644  0.8184
Z -0.8273  0.1837  0.5309

PART 31
OFFSET  8.8806  20.5504 -16.8286
X  0.2842 -0.6801  0.6758
Y  0.5259  0.7000  0.4832
Z -0.8017  0.2181  0.5566

PART 32
OFFSET  9.2957  19.5570 -15.8414
X  0.6170  0.2416  0.7490
Y  0.0652  0.9327 -0.3546
Z -0.7843  0.2676  0.5597

PART 33
OFFSET  9.9888  19.8320 -14.9889
X -0.4646 -0.7981 -0.3836
Y -0.4048  0.5767 -0.7097
Z  0.7876 -0.1744 -0.5910

PART 34
OFFSET  8.9843  20.6705 -15.3679
X -0.9397  0.1607  0.3019
Y  0.1747  0.9844  0.0198
Z -0.2941  0.0714 -0.9531

PART 35
OFFSET  12.4674 -23.3884 -26.1311
X  0.1896 -0.3398 -0.9212
Y  0.2313  0.9273 -0.2944
Z  0.9542 -0.1573  0.2544

PART 36
OFFSET  12.4674 -23.3884 -26.1311
X  0.1896 -0.3398 -0.9212
Y  0.2313  0.9273 -0.2944
Z  0.9542 -0.1573  0.2544

PART 37
OFFSET  13.4519 -24.4148 -29.1026
X  0.1896 -0.3398 -0.9212
Y  0.2313  0.9273 -0.2944
Z  0.9542 -0.1573  0.2544

PART 38
OFFSET  14.3096 -24.1384 -27.0457
X  0.1896 -0.3398 -0.9212
Y  0.2313  0.9273 -0.2944
Z  0.9542 -0.1573  0.2544

PART 39
OFFSET -320.3348 -5.1251  0.0032
X  0.9998  0.0018 -0.0204
Y -0.0001  0.9965  0.0833
Z  0.0204 -0.0833  0.9963

PART 40
OFFSET  13.6716 -24.0258 -27.1380
X  0.1701 -0.3365 -0.9262
Y  0.2313  0.9273 -0.2944
Z  0.9579 -0.1642  0.2355

PART 41
OFFSET  14.1058 -23.5511 -27.2319
X  0.1701 -0.3365 -0.9262
Y  0.2313  0.9273 -0.2944
Z  0.9579 -0.1642  0.2355

PART 42
OFFSET  14.7156 -23.6500 -27.0870
X  0.1701 -0.3365 -0.9262
Y  0.2313  0.9273 -0.2944
Z  0.9579 -0.1642  0.2355

PART 43
OFFSET  14.9003 -24.2172 -26.8485
X  0.1701 -0.3365 -0.9262
Y  0.2313  0.9273 -0.2944
Z  0.9579 -0.1642  0.2355

PART 44
OFFSET  14.4634 -24.6829 -26.7585
X  0.1701 -0.3365 -0.9262
Y  0.2313  0.9273 -0.2944
Z  0.9579 -0.1642  0.2355

PART 45
OFFSET  13.8706 -24.5643 -26.9074
X  0.1701 -0.3365 -0.9262
Y  0.2313  0.9273 -0.2944
Z  0.9579 -0.1642  0.2355

PART 46
OFFSET -46.8689  89.5476  281.3748
X  0.1701 -0.3365 -0.9262
Y  0.2313  0.9273 -0.2944
Z  0.9579 -0.1642  0.2355

PART 47
OFFSET  13.6336 -23.3679 -25.7737
X  0.2345 -0.3468 -0.9082
Y  0.2313  0.9273 -0.2944
Z  0.9442 -0.1411  0.2976

PART 48
OFFSET  13.5925  22.2827 -19.1726
X -0.1393 -0.2311 -0.9629
Y -0.1776  0.9625 -0.2053
Z  0.9742  0.1424 -0.1751

PART 49
OFFSET  13.5925  22.2827 -19.1726
X -0.1393 -0.2311 -0.9629
Y -0.1776  0.9625 -0.2053
Z  0.9742  0.1424 -0.1751

PART 50
OFFSET  13.4458  21.7207 -22.4153
X -0.1393 -0.2311 -0.9629
Y -0.1776  0.9625 -0.2053
Z  0.9742  0.1424 -0.1751

PART 51
OFFSET  14.9917  22.1825 -20.8532
X -0.1393 -0.2311 -0.9629
Y -0.1776  0.9625 -0.2053
Z  0.9742  0.1424 -0.1751

PART 52
OFFSET -320.3348  5.9563  0.1364
X  0.9998 -0.0013 -0.0204
Y -0.0001  0.9975 -0.0704
Z  0.0204  0.0704  0.9973

PART 53
OFFSET  14.3714  22.0904 -20.6705
X -0.1592 -0.2339 -0.9591
Y -0.1776  0.9625 -0.2053
Z  0.9711  0.1377 -0.1947

PART 54
OFFSET  14.5762  22.6705 -20.8477
X -0.1592 -0.2339 -0.9591
Y -0.1776  0.9625 -0.2053
Z  0.9711  0.1377 -0.1947

PART 55
OFFSET  15.1840  22.7807 -20.9788
X -0.1592 -0.2339 -0.9591
Y -0.1776  0.9625 -0.2053
Z  0.9711  0.1377 -0.1947

PART 56
OFFSET  15.6211  22.2716 -20.9280
X -0.1592 -0.2339 -0.9591
Y -0.1776  0.9625 -0.2053
Z  0.9711  0.1377 -0.1947

PART 57
OFFSET  15.3978  21.7204 -20.7552
X -0.1592 -0.2339 -0.9591
Y -0.1776  0.9625 -0.2053
Z  0.9711  0.1377 -0.1947

PART 58
OFFSET  14.7712  21.6183 -20.6236
X -0.1592 -0.2339 -0.9591
Y -0.1776  0.9625 -0.2053
Z  0.9711  0.1377 -0.1947

PART 59
OFFSET  63.6298  100.2068  300.6075
X -0.1592 -0.2339 -0.9591
Y -0.1776  0.9625 -0.2053
Z  0.9711  0.1377 -0.1947

PART 60
OFFSET  14.7454  22.6570 -19.3097
X -0.0931 -0.2241 -0.9701
Y -0.1776  0.9625 -0.2053
Z  0.9797  0.1532 -0.1294

PART 61
OFFSET -9.2817 -11.3680 -3.1869
X -0.6748  0.3744  0.6360
Y -0.3614  0.5837 -0.7271
Z -0.6434 -0.7205 -0.2586

PART 62
OFFSET -1.1207 -15.8957 -10.8785
X -0.6741  0.3746  0.6366
Y  0.3696  0.9173 -0.1484
Z -0.6395  0.1352 -0.7568

PART 63
OFFSET  4.6128 -19.0818 -16.2930
X -0.6741  0.3746  0.6366
Y -0.7323 -0.4517 -0.5096
Z  0.0967 -0.8097  0.5788

PART 64
OFFSET  6.0270 -20.6183 -16.4394
X -0.6745  0.3687  0.6395
Y  0.6361 -0.1494  0.7570
Z  0.3747  0.9174 -0.1337

PART 65
OFFSET  5.6477 -21.6133 -16.8599
X -0.6745  0.3687  0.6395
Y  0.6361 -0.1494  0.7570
Z  0.3747  0.9174 -0.1337

PART 66
OFFSET  5.0298 -21.0718 -17.9872
X -0.6745  0.3687  0.6395
Y  0.6361 -0.1494  0.7570
Z  0.3747  0.9174 -0.1337

PART 67
OFFSET  6.6794 -20.2302 -18.2446
X -0.3557  0.5560  0.7513
Y -0.9338 -0.2452 -0.2606
Z  0.0393 -0.7942  0.6064

PART 68
OFFSET  7.7243 -19.9176 -18.5801
X -0.6521 -0.2522  0.7149
Y -0.6584 -0.2790 -0.6990
Z  0.3757 -0.9266  0.0159

PART 69
OFFSET  9.1764 -19.2941 -20.0539
X  0.0635  0.3266  0.9430
Y -0.8926 -0.4040  0.2000
Z  0.4463 -0.8545  0.2659

PART 70
OFFSET  8.9707 -19.7497 -21.5942
X  0.4784  0.3345  0.8120
Y -0.7929 -0.2329  0.5631
Z  0.3774 -0.9132  0.1538

PART 71
OFFSET  8.4496 -20.0657 -22.4888
X -0.0527  0.7855  0.6166
Y -0.3256  0.5702 -0.7542
Z -0.9440 -0.2405  0.2257

PART 72
OFFSET  5.9725 -20.8028 -19.2820
X  0.1085  0.4060  0.9074
Y  0.0681 -0.9137  0.4006
Z  0.9918  0.0183 -0.1268

PART 73
OFFSET  5.8649 -21.6002 -21.3884
X -0.0615 -0.8289  0.5559
Y -0.3482 -0.5042 -0.7903
Z  0.9354 -0.2421 -0.2576

PART 74
OFFSET  5.9520 -20.4266 -22.1755
X -0.3168 -0.9206 -0.2282
Y -0.1314  0.2809 -0.9507
Z  0.9394 -0.2712 -0.2100

PART 75
OFFSET  6.2328 -19.6104 -21.9731
X -0.3380 -0.3009 -0.8917
Y  0.1356  0.9220 -0.3626
Z  0.9313 -0.2435 -0.2708

PART 76
OFFSET  6.5539 -19.3245 -21.1259
X  0.0387 -0.3134  0.9488
Y  0.4376  0.8590  0.2659
Z -0.8983  0.4049  0.1704

PART 77
OFFSET  6.6768 -20.8730 -19.1893
X -0.0798  0.4658  0.8813
Y  0.0944 -0.8766  0.4719
Z  0.9923  0.1209  0.0259

PART 78
OFFSET  6.7386 -22.1193 -21.4700
X  0.0494 -0.8095  0.5850
Y -0.3736 -0.5582 -0.7409
Z  0.9263 -0.1820 -0.3300

PART 79
OFFSET  6.6545 -20.7411 -22.4660
X -0.3198 -0.8509 -0.4168
Y -0.1793  0.4863 -0.8552
Z  0.9304 -0.1988 -0.3081

PART 80
OFFSET  7.0977 -19.5618 -21.8883
X -0.3342 -0.1406 -0.9320
Y  0.1375  0.9710 -0.1958
Z  0.9324 -0.1936 -0.3052

PART 81
OFFSET  7.4602 -19.4093 -20.8776
X  0.2411 -0.4489  0.8604
Y  0.2640  0.8835  0.3870
Z -0.9339  0.1338  0.3316

PART 82
OFFSET  6.0098 -18.1347 -14.5725
X -0.1431  0.3497  0.9259
Y -0.1775  0.9113 -0.3716
Z -0.9737 -0.2175 -0.0684

PART 83
OFFSET  8.7842 -22.5068 -20.7501
X  0.1304 -0.0791  0.9883
Y -0.0686 -0.9951 -0.0706
Z  0.9891 -0.0586 -0.1352

PART 84
OFFSET  8.5546 -22.3675 -22.4901
X  0.1309 -0.2332  0.9636
Y -0.0359 -0.9724 -0.2304
Z  0.9907 -0.0044 -0.1357

PART 85
OFFSET  8.4556 -22.0843 -23.6698
X  0.0428 -0.5008  0.8645
Y -0.0714 -0.8646 -0.4973
Z  0.9965 -0.0404 -0.0728

PART 86
OFFSET  8.4072 -21.5186 -24.6462
X  0.3308  0.9322  0.1471
Y -0.1951  0.2200 -0.9558
Z -0.9233  0.2875  0.2547

PART 87
OFFSET  7.7262 -22.5711 -21.0615
X  0.1234 -0.7085  0.6948
Y -0.1899 -0.7041 -0.6842
Z  0.9740 -0.0475 -0.2215

PART 88
OFFSET  7.4850 -21.1870 -22.4189
X -0.1006 -0.9615 -0.2556
Y -0.2422  0.2729 -0.9311
Z  0.9650 -0.0317 -0.2604

PART 89
OFFSET  7.6319 -19.7826 -22.0455
X -0.2893 -0.2629 -0.9204
Y -0.0869  0.9648 -0.2482
Z  0.9533  0.0081 -0.3019

PART 90
OFFSET  7.9528 -19.4842 -21.0010
X  0.2163 -0.4152  0.8836
Y  0.1905  0.9056  0.3789
Z -0.9576  0.0863  0.2750

PART 91
OFFSET  0.0000 -0.0000 -0.0000
X  1.0000 -0.0000  0.0000
Y  0.0000  1.0000  0.0000
Z  0.0000 -0.0000  1.0000

PART 92
OFFSET  0.0000 -0.0000 -0.0000
X  1.0000 -0.0000  0.0000
Y  0.0000  1.0000  0.0000
Z  0.0000 -0.0000  1.0000

PART 93
OFFSET  1.5404 -0.0000  4.1357
X  1.0000 -0.0000  0.0000
Y  0.0000  1.0000  0.0000
Z  0.0000 -0.0000  1.0000


FRAME 343
PART 0
OFFSET  0.0000 -0.0000 -0.0000
X  1.0000 -0.0000  0.0000
Y  0.0000  1.0000  0.0000
Z  0.0000 -0.0000  1.0000

PART 1
OFFSET -4.6318 -0.0000 -1.3770
X  1.0000 -0.0000  0.0000
Y  0.0000  1.0000  0.0000
Z  0.0000 -0.0000  1.0000

PART 2
OFFSET -9.2817  11.3680 -3.1869
X  0.8043  0.4520 -0.3857
Y  0.3530  0.1588  0.9221
Z  0.4780 -0.8778 -0.0318

PART 3
OFFSET  0.4456  16.8342 -7.8518
X  0.8037  0.4526 -0.3863
Y -0.2316  0.8359  0.4975
Z  0.5481 -0.3104  0.7767

PART 4
OFFSET  7.2815  20.6838 -11.1373
X  0.8037  0.4526 -0.3863
Y  0.4875 -0.1286  0.8636
Z  0.3412 -0.8824 -0.3240

PART 5
OFFSET  8.1572  20.7115 -12.8988
X  0.8036  0.4485 -0.3914
Y -0.5470  0.2971 -0.7827
Z -0.2347  0.8430  0.4840

PART 6
OFFSET  8.7877  19.8665 -11.5865
X  0.8036  0.4485 -0.3914
Y -0.5470  0.2971 -0.7827
Z -0.2347  0.8430  0.4840

PART 7
OFFSET  8.0515  23.0376 -11.7524
X  0.8036  0.4485 -0.3914
Y -0.5470  0.2971 -0.7827
Z -0.2347  0.8430  0.4840

PART 8
OFFSET  8.6476  22.7617 -10.5776
X  0.8036  0.4485 -0.3914
Y -0.5470  0.2971 -0.7827
Z -0.2347  0.8430  0.4840

PART 9
OFFSET  8.8934  21.5976 -10.4357
X  0.8036  0.4485 -0.3914
Y -0.5470  0.2971 -0.7827
Z -0.2347  0.8430  0.4840

PART 10
OFFSET  9.7454  22.0713 -12.3215
X  0.0782  0.0273 -0.9966
Y  0.9782 -0.1949  0.0715
Z -0.1923 -0.9804 -0.0419

PART 11
OFFSET  10.6456  21.4929 -12.7180
X  0.4701 -0.6631 -0.5824
Y  0.8578  0.1881  0.4783
Z -0.2076 -0.7245  0.6573

PART 12
OFFSET  11.7342  20.0404 -13.8906
X -0.3990 -0.2074 -0.8932
Y  0.8118 -0.5328 -0.2389
Z -0.4263 -0.8204  0.3810

PART 13
OFFSET  10.9939  19.6455 -15.2756
X -0.7385 -0.2033 -0.6429
Y  0.6258 -0.5617 -0.5411
Z -0.2511 -0.8019  0.5421

PART 14
OFFSET  10.1945  19.3793 -15.9552
X -0.2549  0.2493 -0.9343
Y  0.4299  0.8947  0.1214
Z  0.8662 -0.3707 -0.3352

PART 15
OFFSET  8.7253  22.1050 -13.2498
X -0.4044 -0.1186 -0.9069
Y -0.1501 -0.9695  0.1937
Z -0.9022  0.2145  0.3743

PART 16
OFFSET  7.9296  21.6883 -15.3181
X -0.1806 -0.9809 -0.0726
Y  0.5832 -0.1662  0.7952
Z -0.7920  0.1013  0.6020

PART 17
OFFSET  7.6740  20.2996 -15.4208
X  0.3920 -0.6815  0.6179
Y  0.4284  0.7297  0.5330
Z -0.8141  0.0558  0.5780

PART 18
OFFSET  8.0216  19.6954 -14.8730
X  0.6160  0.1861  0.7654
Y -0.0284  0.9763 -0.2146
Z -0.7872  0.1104  0.6067

PART 19
OFFSET  8.6068  19.8722 -14.1458
X -0.3395 -0.7712 -0.5385
Y -0.5173  0.6312 -0.5779
Z  0.7856  0.0824 -0.6133

PART 20
OFFSET  9.4195  22.1183 -13.4156
X -0.2271  0.0799 -0.9706
Y -0.2366 -0.9713 -0.0246
Z -0.9447  0.2241  0.2395

PART 21
OFFSET  8.7102  21.9657 -15.9120
X -0.2947 -0.9529 -0.0715
Y  0.5817 -0.2382  0.7777
Z -0.7581  0.1876  0.6246

PART 22
OFFSET  8.2085  20.3434 -16.0338
X  0.4624 -0.5210  0.7175
Y  0.4375  0.8379  0.3264
Z -0.7712  0.1630  0.6154

PART 23
OFFSET  8.8494  19.6214 -15.0394
X  0.6270  0.3409  0.7005
Y -0.0913  0.9252 -0.3685
Z -0.7737  0.1670  0.6112

PART 24
OFFSET  9.5294  19.9911 -14.2797
X -0.4996 -0.7995 -0.3334
Y -0.4008  0.5545 -0.7293
Z  0.7680 -0.2307 -0.5975

PART 25
OFFSET  11.4367  21.3204 -15.3026
X -0.1690 -0.2093 -0.9631
Y  0.2448  0.9377 -0.2467
Z  0.9547 -0.2775 -0.1073

PART 26
OFFSET  10.8595  22.3950 -16.1352
X -0.4164 -0.4993 -0.7598
Y  0.0958 -0.8552  0.5094
Z -0.9041  0.1393  0.4039

PART 27
OFFSET  10.1264  21.5159 -17.4730
X -0.4528 -0.6139 -0.6466
Y  0.1116 -0.7585  0.6420
Z -0.8846  0.2185  0.4120

PART 28
OFFSET  9.6297  20.7563 -18.2841
X -0.2921 -0.8270 -0.4804
Y  0.2235 -0.5474  0.8065
Z -0.9299  0.1282  0.3447

PART 29
OFFSET  9.2997  19.8222 -18.8267
X -0.3682  0.7994 -0.4747
Y  0.4672  0.6005  0.6489
