// Export filename: `C:\projects\cod\t5\xanim_export\t5_viewmodels\python\python_sw_sprint_out.XANIM_EXPORT`
// Source filename: `D:\projects\devanim\t5\animation_assets\viewmodels\python\ViewModel_python_animated.fbx`
// Export time: Fri Aug 06 01:38:46 2010

ANIMATION
VERSION 3

NUMPARTS 81
PART 0 "tag_ads"
PART 1 "tag_torso"
PART 2 "J_Shoulder_LE"
PART 3 "J_Elbow_LE"
PART 4 "J_WristTwist_LE"
PART 5 "J_Sleave_Reshape_Bottom_LE_1"
PART 6 "J_Sleave_Reshape_Bottom_LE_2"
PART 7 "J_Sleave_Reshape_Top_LE_1"
PART 8 "J_Sleave_Reshape_Top_LE_2"
PART 9 "J_Sleave_Reshape_Top_LE_3"
PART 10 "J_Wrist_LE"
PART 11 "J_Thumb_LE_0"
PART 12 "J_Thumb_LE_1"
PART 13 "J_Thumb_LE_2"
PART 14 "J_Thumb_LE_3"
PART 15 "J_PinkyPalm_LE"
PART 16 "J_Pinky_LE_0"
PART 17 "J_Pinky_LE_1"
PART 18 "J_Pinky_LE_2"
PART 19 "J_Pinky_LE_3"
PART 20 "J_RingPalm_LE"
PART 21 "J_Ring_LE_0"
PART 22 "J_Ring_LE_1"
PART 23 "J_Ring_LE_2"
PART 24 "J_Ring_LE_3"
PART 25 "J_Webbing_LE"
PART 26 "J_Index_LE_0"
PART 27 "J_Index_LE_1"
PART 28 "J_Index_LE_2"
PART 29 "J_Index_LE_3"
PART 30 "J_Mid_LE_0"
PART 31 "J_Mid_LE_1"
PART 32 "J_Mid_LE_2"
PART 33 "J_Mid_LE_3"
PART 34 "tag_knife_attach"
PART 35 "tag_weapon"
PART 36 "J_Gun"
PART 37 "TAG_CLIP"
PART 38 "J_Bolt"
PART 39 "tag_speedloader"
PART 40 "tag_spent0"
PART 41 "tag_spent1"
PART 42 "tag_spent2"
PART 43 "tag_spent3"
PART 44 "tag_spent4"
PART 45 "tag_spent5"
PART 46 "tag_bullets"
PART 47 "J_Press_Rear"
PART 48 "J_Shoulder_RI"
PART 49 "J_Elbow_RI"
PART 50 "J_WristTwist_RI"
PART 51 "J_Sleave_Reshape_Top_RI_3"
PART 52 "J_Sleave_Reshape_Top_RI_2"
PART 53 "J_Sleave_Reshape_Top_RI_1"
PART 54 "J_Wrist_RI"
PART 55 "J_Thumb_RI_0"
PART 56 "J_Thumb_RI_1"
PART 57 "J_Thumb_RI_2"
PART 58 "J_Thumb_RI_3"
PART 59 "J_PinkyPalm_RI"
PART 60 "J_Pinky_RI_0"
PART 61 "J_Pinky_RI_1"
PART 62 "J_Pinky_RI_2"
PART 63 "J_Pinky_RI_3"
PART 64 "J_RingPalm_RI"
PART 65 "J_Ring_RI_0"
PART 66 "J_Ring_RI_1"
PART 67 "J_Ring_RI_2"
PART 68 "J_Ring_RI_3"
PART 69 "J_Webbing_RI"
PART 70 "J_Index_RI_0"
PART 71 "J_Index_RI_1"
PART 72 "J_Index_RI_2"
PART 73 "J_Index_RI_3"
PART 74 "J_Mid_RI_0"
PART 75 "J_Mid_RI_1"
PART 76 "J_Mid_RI_2"
PART 77 "J_Mid_RI_3"
PART 78 "tag_cambone"
PART 79 "tag_camera"
PART 80 "tag_gasmask"

FRAMERATE 30
NUMFRAMES 11

FRAME 350
PART 0
OFFSET -4.6318 -0.0000 -1.3770
X  1.0000 -0.0000  0.0000
Y  0.0000  1.0000  0.0000
Z  0.0000 -0.0000  1.0000

PART 1
OFFSET -4.6318 -0.0000 -1.3770
X  1.0000 -0.0000  0.0000
Y  0.0000  1.0000  0.0000
Z  0.0000 -0.0000  1.0000

PART 2
OFFSET -6.7281  3.8438 -4.9859
X  0.5663  0.2212 -0.7940
Y  0.5288 -0.8364  0.1441
Z -0.6322 -0.5015 -0.5906

PART 3
OFFSET  0.1207  6.5188 -14.5880
X  0.9290  0.0601  0.3651
Y -0.3455 -0.2129  0.9140
Z  0.1327 -0.9752 -0.1770

PART 4
OFFSET  8.0223  7.0300 -11.4823
X  0.9290  0.0601  0.3651
Y -0.3285 -0.3205  0.8885
Z  0.1704 -0.9453 -0.2780

PART 5
OFFSET  9.5659  8.2133 -11.7788
X  0.9307  0.0640  0.3602
Y -0.1303  0.9780  0.1629
Z -0.3418 -0.1985  0.9186

PART 6
OFFSET  9.4951  6.6460 -12.3889
X  0.9307  0.0640  0.3602
Y -0.1303  0.9780  0.1629
Z -0.3418 -0.1985  0.9186

PART 7
OFFSET  9.1910  7.5965 -9.2857
X  0.9307  0.0640  0.3602
Y -0.1303  0.9780  0.1629
Z -0.3418 -0.1985  0.9186

PART 8
OFFSET  9.1997  6.2526 -9.3594
X  0.9307  0.0640  0.3602
Y -0.1303  0.9780  0.1629
Z -0.3418 -0.1985  0.9186

PART 9
OFFSET  9.2547  5.8425 -10.4839
X  0.9307  0.0640  0.3602
Y -0.1303  0.9780  0.1629
Z -0.3418 -0.1985  0.9186

PART 10
OFFSET  10.8704  7.2142 -10.3629
X  0.7227  0.5392 -0.4323
Y  0.3506  0.2529  0.9017
Z  0.5956 -0.8033 -0.0062

PART 11
OFFSET  11.7784  7.3710 -9.6897
X  0.9059  0.4022  0.1325
Y -0.2450  0.2426  0.9387
Z  0.3454 -0.8828  0.3184

PART 12
OFFSET  13.7281  8.2140 -9.2923
X  0.6960  0.3674 -0.6170
Y  0.5477  0.2841  0.7870
Z  0.4644 -0.8856 -0.0035

PART 13
OFFSET  14.8709  8.6910 -10.3357
X  0.3508 -0.0647 -0.9342
Y  0.8707  0.3898  0.2999
Z  0.3448 -0.9186  0.1931

PART 14
OFFSET  15.2808  8.5856 -11.3320
X  0.2169  0.6226 -0.7518
Y -0.7250  0.6185  0.3031
Z  0.6537  0.4793  0.5856

PART 15
OFFSET  11.2269  7.2373 -11.6955
X  0.6441  0.2470 -0.7240
Y  0.4990 -0.8530  0.1530
Z -0.5798 -0.4598 -0.6727

PART 16
OFFSET  12.8198  7.7546 -13.2054
X  0.8707 -0.4888  0.0542
Y -0.3197 -0.4788  0.8176
Z -0.3737 -0.7292 -0.5732

PART 17
OFFSET  14.0525  7.0625 -13.1286
X -0.0344 -0.6250  0.7798
Y -0.9296  0.3064  0.2046
Z -0.3669 -0.7179 -0.5916

PART 18
OFFSET  14.0220  6.5084 -12.4372
X -0.8582  0.1075  0.5019
Y -0.2836  0.7156 -0.6383
Z -0.4278 -0.6902 -0.5836

PART 19
OFFSET  13.2067  6.6105 -11.9604
X  0.8963 -0.4316  0.1013
Y  0.2841  0.3838 -0.8786
Z  0.3404  0.8163  0.4667

PART 20
OFFSET  11.5357  7.6362 -11.1904
X  0.5837  0.4306 -0.6884
Y  0.5647 -0.8245 -0.0370
Z -0.5835 -0.3671 -0.7244

PART 21
OFFSET  13.2160  8.5281 -12.9624
X  0.8581 -0.5113  0.0475
Y -0.3763 -0.5630  0.7358
Z -0.3495 -0.6493 -0.6755

PART 22
OFFSET  14.6769  7.6575 -12.8814
X -0.2085 -0.6629  0.7190
Y -0.9078  0.4048  0.1100
Z -0.3639 -0.6298 -0.6862

PART 23
OFFSET  14.3879  6.7387 -11.8849
X -0.8977  0.0370  0.4389
Y -0.2489  0.7795 -0.5748
Z -0.3635 -0.6253 -0.6906

PART 24
OFFSET  13.4142  6.7789 -11.4088
X  0.8598 -0.5064 -0.0653
Y  0.3265  0.6436 -0.6923
Z  0.3926  0.5739  0.7187

PART 25
OFFSET  13.9743  8.8475 -10.2671
X  0.7778  0.2351 -0.5829
Y -0.3457  0.9345 -0.0844
Z  0.5249  0.2671  0.8082

PART 26
OFFSET  13.7297  9.8046 -11.3649
X  0.7388 -0.6678 -0.0905
Y -0.4629 -0.6005  0.6520
Z -0.4898 -0.4398 -0.7528

PART 27
OFFSET  15.0305  8.6289 -11.5243
X -0.1778 -0.8577  0.4825
Y -0.8704  0.3659  0.3296
Z -0.4592 -0.3613 -0.8115

PART 28
OFFSET  14.8422  7.6081 -10.8885
X -0.6907 -0.3125  0.6522
Y -0.5275  0.8346 -0.1587
Z -0.4947 -0.4537 -0.7413

PART 29
OFFSET  14.0621  7.2552 -10.1518
X  0.5619 -0.7793 -0.2775
Y  0.5610  0.6055 -0.5645
Z  0.6080  0.1615  0.7774

PART 30
OFFSET  13.3791  9.3286 -12.2982
X  0.7832 -0.6189  0.0590
Y -0.5180 -0.5971  0.6125
Z -0.3439 -0.5103 -0.7882

PART 31
OFFSET  14.9092  8.1195 -12.1829
X -0.1609 -0.7950  0.5849
Y -0.9067  0.3531  0.2305
Z -0.3898 -0.4933 -0.7777

PART 32
OFFSET  14.6742  6.9583 -11.3286
X -0.8490 -0.0971  0.5193
Y -0.3125  0.8849 -0.3453
Z -0.4260 -0.4555 -0.7817

PART 33
OFFSET  13.7098  6.8445 -10.7457
X  0.8778 -0.4616 -0.1277
Y  0.2748  0.7037 -0.6552
Z  0.3923  0.5400  0.7446

PART 34
OFFSET  13.5485  7.3157 -12.0304
X -0.5844 -0.4279 -0.6894
Y -0.5956  0.8033  0.0062
Z  0.5511  0.4143 -0.7243

PART 35
OFFSET  10.8706 -12.8478 -11.4850
X  0.6907 -0.6511 -0.3146
Y  0.3423  0.6776 -0.6509
Z  0.6370  0.3419  0.6909

PART 36
OFFSET  10.8706 -12.8478 -11.4850
X  0.6907 -0.6511 -0.3146
Y  0.3423  0.6776 -0.6509
Z  0.6370  0.3419  0.6909

PART 37
OFFSET  13.4023 -14.7587 -12.3744
X  0.6907 -0.6511 -0.3146
Y  0.3423  0.6776 -0.6509
Z  0.6370  0.3419  0.6909

PART 38
OFFSET  12.9164 -13.2279 -10.8048
X  0.6907 -0.6511 -0.3146
Y  0.3423  0.6776 -0.6509
Z  0.6370  0.3419  0.6909

PART 39
OFFSET -108.0710  49.2984 -2.8398
X  0.6775 -0.6580 -0.3286
Y  0.3423  0.6776 -0.6509
Z  0.6510  0.3285  0.6843

PART 40
OFFSET  12.5001 -13.4246 -11.2280
X  0.6775 -0.6580 -0.3286
Y  0.3423  0.6776 -0.6509
Z  0.6510  0.3285  0.6843

PART 41
OFFSET  12.8830 -12.9621 -11.3688
X  0.6775 -0.6580 -0.3286
Y  0.3423  0.6776 -0.6509
Z  0.6510  0.3285  0.6843

PART 42
OFFSET  13.2997 -12.7514 -10.9400
X  0.6775 -0.6580 -0.3286
Y  0.3423  0.6776 -0.6509
Z  0.6510  0.3285  0.6843

PART 43
OFFSET  13.3177 -13.0176 -10.3748
X  0.6775 -0.6580 -0.3286
Y  0.3423  0.6776 -0.6509
Z  0.6510  0.3285  0.6843

PART 44
OFFSET  12.9325 -13.4824 -10.2346
X  0.6775 -0.6580 -0.3286
Y  0.3423  0.6776 -0.6509
Z  0.6510  0.3285  0.6843

PART 45
OFFSET  12.5262 -13.6837 -10.6607
X  0.6775 -0.6580 -0.3286
Y  0.3423  0.6776 -0.6509
Z  0.6510  0.3285  0.6843

PART 46
OFFSET -106.8157  48.0794 -3.4486
X  0.6775 -0.6580 -0.3286
Y  0.3423  0.6776 -0.6509
Z  0.6510  0.3285  0.6843

PART 47
OFFSET  11.6186 -12.2380 -10.7389
X  0.6907 -0.6511 -0.3146
Y  0.3423  0.6776 -0.6509
Z  0.6370  0.3419  0.6909

PART 48
OFFSET -7.8386 -1.3192 -1.5206
X -0.3690  0.2769  0.8872
Y -0.8582 -0.4679 -0.2110
Z  0.3567 -0.8393  0.4103

PART 49
OFFSET -3.3755 -4.6680 -12.2504
X -0.8193  0.5430 -0.1843
Y  0.1380 -0.1253 -0.9825
Z -0.5565 -0.8304  0.0277

PART 50
OFFSET  3.5927 -9.2862 -10.6825
X -0.8193  0.5430 -0.1843
Y -0.3735 -0.7492 -0.5469
Z -0.4351 -0.3792  0.8166

PART 51
OFFSET  5.3059 -9.0239 -9.7224
X -0.8185  0.5460 -0.1786
Y  0.5568  0.8305 -0.0130
Z  0.1412 -0.1101 -0.9838

PART 52
OFFSET  5.1506 -9.6158 -8.6922
X -0.8185  0.5460 -0.1786
Y  0.5568  0.8305 -0.0130
Z  0.1412 -0.1101 -0.9838

PART 53
OFFSET  4.5248 -10.7968 -8.8491
X -0.8185  0.5460 -0.1786
Y  0.5568  0.8305 -0.0130
Z  0.1412 -0.1101 -0.9838

PART 54
OFFSET  6.1044 -10.9508 -10.1173
X -0.8091  0.5867  0.0331
Y -0.5021 -0.6610 -0.5577
Z -0.3053 -0.4679  0.8294

PART 55
OFFSET  7.0782 -10.3847 -9.9346
X -0.9435 -0.2772  0.1817
Y  0.0569 -0.6755 -0.7351
Z  0.3266 -0.6832  0.6531

PART 56
OFFSET  9.0903 -9.6810 -10.2898
X -0.5834  0.6166  0.5287
Y -0.7890 -0.5848 -0.1885
Z  0.1929 -0.5271  0.8276

PART 57
OFFSET  9.9634 -10.6523 -11.2471
X -0.2902  0.6806  0.6727
Y -0.9321 -0.3603 -0.0376
Z  0.2168 -0.6380  0.7389

PART 58
OFFSET  10.2831 -11.3529 -12.0078
X -0.5456  0.8379  0.0142
Y  0.2818  0.1994 -0.9385
Z -0.7892 -0.5080 -0.3450

PART 59
OFFSET  6.3131 -12.0604 -10.9101
X -0.5543  0.6903  0.4650
Y -0.1376 -0.6270  0.7667
Z  0.8209  0.3610  0.4426

PART 60
OFFSET  7.6949 -13.4820 -11.9845
X -0.5191 -0.3766  0.7673
Y  0.3251 -0.9172 -0.2303
Z  0.7905  0.1299  0.5985

PART 61
OFFSET  8.4298 -12.9488 -13.0709
X -0.0220 -0.9735  0.2278
Y  0.6551 -0.1862 -0.7323
Z  0.7552  0.1331  0.6418

PART 62
OFFSET  8.4493 -12.0857 -13.2728
X  0.4794 -0.7289 -0.4888
Y  0.3665  0.6723 -0.6431
Z  0.7974  0.1292  0.5894

PART 63
OFFSET  7.9939 -11.3933 -12.8085
X -0.7120  0.1167  0.6924
Y  0.0690  0.9929 -0.0965
Z -0.6987 -0.0210 -0.7151

PART 64
OFFSET  6.7821 -11.8155 -10.4309
X -0.6822  0.6597  0.3154
Y -0.1683 -0.5614  0.8102
Z  0.7116  0.4996  0.4940

PART 65
OFFSET  8.4432 -13.6142 -11.3051
X -0.4547 -0.3044  0.8370
Y  0.2973 -0.9377 -0.1795
Z  0.8395  0.1672  0.5169

PART 66
OFFSET  9.2174 -13.0959 -12.7300
X  0.1422 -0.9860  0.0876
Y  0.5475  0.0046 -0.8368
Z  0.8247  0.1669  0.5405

PART 67
OFFSET  9.0203 -11.7295 -12.8514
X  0.5226 -0.6020 -0.6037
Y  0.2208  0.7795 -0.5862
Z  0.8235  0.1731  0.5403

PART 68
OFFSET  8.4535 -11.0765 -12.1966
X -0.5138  0.0565  0.8561
Y -0.1542  0.9755 -0.1569
Z -0.8439 -0.2127 -0.4925

PART 69
OFFSET  2.9978 -8.2008 -9.0634
X -0.7491  0.5498  0.3696
Y  0.0372  0.5919 -0.8051
Z -0.6614 -0.5894 -0.4638

PART 70
OFFSET  9.5224 -12.9122 -9.5175
X -0.5283  0.4245  0.7353
Y  0.0249 -0.8579  0.5132
Z  0.8487  0.2894  0.4426

PART 71
OFFSET  10.4525 -13.6596 -10.8122
X -0.5114  0.3172  0.7987
Y  0.1359 -0.8878  0.4396
Z  0.8485  0.3333  0.4109

PART 72
OFFSET  11.1257 -14.0250 -11.7581
X -0.4462 -0.1624  0.8801
Y  0.3733 -0.9275  0.0181
Z  0.8134  0.3366  0.4745

PART 73
OFFSET  11.6296 -13.8415 -12.7522
X  0.0371  0.9849 -0.1694
Y  0.4244 -0.1689 -0.8896
Z -0.9047 -0.0389 -0.4242

PART 74
OFFSET  8.9461 -13.4828 -10.2677
X -0.4962 -0.1736  0.8507
Y  0.3940 -0.9181  0.0424
Z  0.7737  0.3562  0.5240

PART 75
OFFSET  9.9156 -13.1436 -11.9295
X  0.1784 -0.9168  0.3573
Y  0.5739 -0.1980 -0.7946
Z  0.7993  0.3468  0.4908

PART 76
OFFSET  9.6550 -11.8046 -12.4515
X  0.5582 -0.6543 -0.5101
Y  0.1033  0.6649 -0.7397
Z  0.8232  0.3602  0.4388

PART 77
OFFSET  9.0170 -11.0656 -11.8773
X -0.5467  0.0540  0.8356
Y -0.2181  0.9543 -0.2044
Z -0.8084 -0.2940 -0.5099

PART 78
OFFSET  0.0000 -0.0000 -0.0000
X  1.0000 -0.0000  0.0000
Y  0.0000  1.0000  0.0000
Z  0.0000 -0.0000  1.0000

PART 79
OFFSET  0.0000 -0.0000 -0.0000
X  1.0000 -0.0000  0.0000
Y  0.0000  1.0000  0.0000
Z  0.0000 -0.0000  1.0000

PART 80
OFFSET  1.5404 -0.0000  4.1357
X  1.0000 -0.0000  0.0000
Y  0.0000  1.0000  0.0000
Z  0.0000 -0.0000  1.0000


FRAME 351
PART 0
OFFSET -4.6318 -0.0000 -1.3770
X  1.0000 -0.0000  0.0000
Y  0.0000  1.0000  0.0000
Z  0.0000 -0.0000  1.0000

PART 1
OFFSET -4.6318 -0.0000 -1.3770
X  1.0000 -0.0000  0.0000
Y  0.0000  1.0000  0.0000
Z  0.0000 -0.0000  1.0000

PART 2
OFFSET -6.7281  3.8438 -4.9859
X  0.5738  0.2168 -0.7898
Y  0.5116 -0.8479  0.1389
Z -0.6396 -0.4838 -0.5974

PART 3
OFFSET  0.2110  6.4656 -14.5377
X  0.9231  0.0353  0.3831
Y -0.3674 -0.2145  0.9050
Z  0.1141 -0.9761 -0.1850

PART 4
OFFSET  8.0619  6.7660 -11.2797
X  0.9231  0.0353  0.3831
Y -0.3533 -0.3164  0.8804
Z  0.1523 -0.9480 -0.2796

PART 5
OFFSET  9.6369  7.9171 -11.5345
X  0.9249  0.0393  0.3782
Y -0.1114  0.9790  0.1709
Z -0.3635 -0.2002  0.9098

PART 6
OFFSET  9.5426  6.3582 -12.1626
X  0.9249  0.0393  0.3782
Y -0.1114  0.9790  0.1709
Z -0.3635 -0.2002  0.9098

PART 7
OFFSET  9.2012  7.2832 -9.0557
X  0.9249  0.0393  0.3782
Y -0.1114  0.9790  0.1709
Z -0.3635 -0.2002  0.9098

PART 8
OFFSET  9.1811  5.9403 -9.1436
X  0.9249  0.0393  0.3782
Y -0.1114  0.9790  0.1709
Z -0.3635 -0.2002  0.9098

PART 9
OFFSET  9.2483  5.5407 -10.2712
X  0.9249  0.0393  0.3782
Y -0.1114  0.9790  0.1709
Z -0.3635 -0.2002  0.9098

PART 10
OFFSET  10.8917  6.8742 -10.1053
X  0.7378  0.5220 -0.4279
Y  0.3471  0.2502  0.9038
Z  0.5789 -0.8154  0.0034

PART 11
OFFSET  11.7962  7.0157 -9.4242
X  0.8935  0.4286  0.1340
Y -0.2663  0.2654  0.9266
Z  0.3616 -0.8636  0.3513

PART 12
OFFSET  13.7178  7.9191 -9.0229
X  0.7047  0.3714 -0.6045
Y  0.5152  0.3179  0.7960
Z  0.4878 -0.8724  0.0327

PART 13
OFFSET  14.8794  8.4020 -10.0426
X  0.4194 -0.0583 -0.9059
Y  0.8320  0.4237  0.3580
Z  0.3630 -0.9039  0.2263

PART 14
OFFSET  15.3638  8.3048 -11.0058
X  0.2479  0.6249 -0.7403
Y -0.7669  0.5935  0.2441
Z  0.5919  0.5072  0.6264

PART 15
OFFSET  11.2614  6.8832 -11.4345
X  0.6560  0.2300 -0.7189
Y  0.4798 -0.8623  0.1619
Z -0.5827 -0.4511 -0.6760

PART 16
OFFSET  12.8790  7.3599 -12.9314
X  0.8713 -0.4901  0.0263
Y -0.3008 -0.4908  0.8177
Z -0.3878 -0.7204 -0.5751

PART 17
OFFSET  14.1126  6.6660 -12.8941
X  0.0242 -0.6474  0.7618
Y -0.9268  0.2711  0.2598
Z -0.3747 -0.7124 -0.5935

PART 18
OFFSET  14.1340  6.0920 -12.2186
X -0.8191  0.0350  0.5725
Y -0.3728  0.7260 -0.5778
Z -0.4359 -0.6868 -0.5817

PART 19
OFFSET  13.3558  6.1253 -11.6747
X  0.9236 -0.3832  0.0090
Y  0.1906  0.4388 -0.8782
Z  0.3326  0.8128  0.4783

PART 20
OFFSET  11.5735  7.2782 -10.9284
X  0.5991  0.4150 -0.6848
Y  0.5479 -0.8361 -0.0275
Z -0.5839 -0.3587 -0.7283

PART 21
OFFSET  13.2887  8.1262 -12.6883
X  0.8609 -0.5083  0.0226
Y -0.3588 -0.5750  0.7353
Z -0.3608 -0.6411 -0.6774

PART 22
OFFSET  14.7544  7.2609 -12.6499
X -0.1508 -0.6890  0.7089
Y -0.9170  0.3654  0.1600
Z -0.3693 -0.6259 -0.6869

PART 23
OFFSET  14.5454  6.3060 -11.6674
X -0.8644 -0.0438  0.5010
Y -0.3415  0.7824 -0.5208
Z -0.3692 -0.6212 -0.6912

PART 24
OFFSET  13.6080  6.2585 -11.1241
X  0.8851 -0.4416 -0.1470
Y  0.2318  0.6921 -0.6836
Z  0.4036  0.5710  0.7149

PART 25
OFFSET  14.0276  8.4437 -9.9874
X  0.7881  0.2160 -0.5764
Y -0.3255  0.9410 -0.0923
Z  0.5225  0.2604  0.8119

PART 26
OFFSET  13.8134  9.4000 -11.0922
X  0.7458 -0.6574 -0.1081
Y -0.4497 -0.6164  0.6464
Z -0.4915 -0.4334 -0.7553

PART 27
OFFSET  15.1264  8.2426 -11.2825
X -0.1256 -0.8817  0.4549
Y -0.8767  0.3132  0.3650
Z -0.4643 -0.3529 -0.8123

PART 28
OFFSET  15.0019  7.1922 -10.6801
X -0.6327 -0.4020  0.6619
Y -0.5967  0.7979 -0.0858
Z -0.4936 -0.4493 -0.7446

PART 29
OFFSET  14.2873  6.7382 -9.9325
X  0.6058 -0.7158 -0.3475
Y  0.4853  0.6785 -0.5515
Z  0.6305  0.1654  0.7584

PART 30
OFFSET  13.4620  8.9266 -12.0265
X  0.7900 -0.6119  0.0385
Y -0.5031 -0.6110  0.6112
Z -0.3505 -0.5022 -0.7905

PART 31
OFFSET  15.0052  7.7312 -11.9513
X -0.1052 -0.8187  0.5644
Y -0.9120  0.3057  0.2734
Z -0.3964 -0.4860 -0.7789

PART 32
OFFSET  14.8515  6.5353 -11.1268
X -0.8082 -0.1879  0.5581
Y -0.3976  0.8732 -0.2818
Z -0.4344 -0.4497 -0.7804

PART 33
OFFSET  13.9333  6.3187 -10.5001
X  0.9015 -0.3849 -0.1980
Y  0.1830  0.7535 -0.6315
Z  0.3923  0.5331  0.7496

PART 34
OFFSET  13.5872  6.9120 -11.7472
X -0.5865 -0.4193 -0.6930
Y -0.5789  0.8154 -0.0034
Z  0.5665  0.3991 -0.7210

PART 35
OFFSET  11.0391 -12.4952 -11.1297
X  0.7167 -0.6274 -0.3045
Y  0.3418  0.6966 -0.6309
Z  0.6079  0.3481  0.7137

PART 36
OFFSET  11.0391 -12.4952 -11.1297
X  0.7167 -0.6274 -0.3045
Y  0.3418  0.6966 -0.6309
Z  0.6079  0.3481  0.7137

PART 37
OFFSET  13.6458 -14.3235 -11.9752
X  0.7167 -0.6274 -0.3045
Y  0.3418  0.6966 -0.6309
Z  0.6079  0.3481  0.7137

PART 38
OFFSET  13.0747 -12.8309 -10.3975
X  0.7167 -0.6274 -0.3045
Y  0.3418  0.6966 -0.6309
Z  0.6079  0.3481  0.7137

PART 39
OFFSET -109.7449  46.3001 -4.9397
X  0.7041 -0.6344 -0.3190
Y  0.3418  0.6966 -0.6309
Z  0.6224  0.3352  0.7073

PART 40
OFFSET  12.6759 -13.0321 -10.8352
X  0.7041 -0.6344 -0.3190
Y  0.3418  0.6966 -0.6309
Z  0.6224  0.3352  0.7073

PART 41
OFFSET  13.0499 -12.5573 -10.9582
X  0.7041 -0.6344 -0.3190
Y  0.3418  0.6966 -0.6309
Z  0.6224  0.3352  0.7073

PART 42
OFFSET  13.4486 -12.3422 -10.5147
X  0.7041 -0.6344 -0.3190
Y  0.3418  0.6966 -0.6309
Z  0.6224  0.3352  0.7073

PART 43
OFFSET  13.4580 -12.6166 -9.9532
X  0.7041 -0.6344 -0.3190
Y  0.3418  0.6966 -0.6309
Z  0.6224  0.3352  0.7073

PART 44
OFFSET  13.0819 -13.0937 -9.8309
X  0.7041 -0.6344 -0.3190
Y  0.3418  0.6966 -0.6309
Z  0.6224  0.3352  0.7073

PART 45
OFFSET  12.6932 -13.2992 -10.2712
X  0.7041 -0.6344 -0.3190
Y  0.3418  0.6966 -0.6309
Z  0.6224  0.3352  0.7073

PART 46
OFFSET -108.4404  45.1247 -5.5307
X  0.7041 -0.6344 -0.3190
Y  0.3418  0.6966 -0.6309
Z  0.6224  0.3352  0.7073

PART 47
OFFSET  11.7492 -11.8772 -10.3537
X  0.7167 -0.6274 -0.3045
Y  0.3418  0.6966 -0.6309
Z  0.6079  0.3481  0.7137

PART 48
OFFSET -7.8386 -1.3192 -1.5206
X -0.3656  0.2834  0.8866
Y -0.8499 -0.4900 -0.1939
Z  0.3795 -0.8244  0.4200

PART 49
OFFSET -3.4172 -4.7460 -12.2430
X -0.8300  0.5187 -0.2051
Y  0.1481 -0.1495 -0.9776
Z -0.5378 -0.8418  0.0473

PART 50
OFFSET  3.6422 -9.1578 -10.4985
X -0.8300  0.5187 -0.2051
Y -0.3306 -0.7536 -0.5681
Z -0.4493 -0.4037  0.7970

PART 51
OFFSET  5.3419 -8.8296 -9.5347
X -0.8294  0.5219 -0.1994
Y  0.5379  0.8424 -0.0327
Z  0.1509 -0.1343 -0.9794

PART 52
OFFSET  5.1924 -9.3959 -8.4893
X -0.8294  0.5219 -0.1994
Y  0.5379  0.8424 -0.0327
Z  0.1509 -0.1343 -0.9794

PART 53
OFFSET  4.5947 -10.5948 -8.6170
X -0.8294  0.5219 -0.1994
Y  0.5379  0.8424 -0.0327
Z  0.1509 -0.1343 -0.9794

PART 54
OFFSET  6.1867 -10.7480 -9.8697
X -0.8254  0.5642  0.0188
Y -0.4682 -0.6654 -0.5814
Z -0.3155 -0.4887  0.8134

PART 55
OFFSET  7.1393 -10.1590 -9.6511
X -0.9403 -0.3052  0.1508
Y  0.0958 -0.6622 -0.7431
Z  0.3267 -0.6843  0.6519

PART 56
OFFSET  9.1406 -9.3962 -9.9386
X -0.6145  0.5924  0.5210
Y -0.7672 -0.6027 -0.2194
Z  0.1840 -0.5345  0.8249

PART 57
OFFSET  10.0662 -10.3287 -10.8851
X -0.3273  0.6620  0.6743
Y -0.9205 -0.3845 -0.0693
Z  0.2134 -0.6434  0.7352

PART 58
OFFSET  10.4260 -11.0086 -11.6467
X -0.5684  0.8227  0.0112
Y  0.3024  0.2215 -0.9271
Z -0.7652 -0.5236 -0.3747

PART 59
OFFSET  6.4476 -11.8392 -10.6726
X -0.5856  0.6679  0.4593
Y -0.1419 -0.6424  0.7532
Z  0.7981  0.3759  0.4709

PART 60
OFFSET  7.8970 -13.2063 -11.7284
X -0.5298 -0.4023  0.7466
Y  0.3562 -0.9045 -0.2345
Z  0.7697  0.1417  0.6225

PART 61
OFFSET  8.6472 -12.6369 -12.7854
X -0.0019 -0.9771  0.2126
Y  0.6801 -0.1572 -0.7161
Z  0.7331  0.1433  0.6648

PART 62
OFFSET  8.6489 -11.7705 -12.9739
X  0.5125 -0.7081 -0.4858
Y  0.3659  0.6919 -0.6225
Z  0.7768  0.1413  0.6137

PART 63
OFFSET  8.1620 -11.0978 -12.5124
X -0.7340  0.0868  0.6736
Y  0.0446  0.9958 -0.0798
Z -0.6777 -0.0285 -0.7348

PART 64
OFFSET  6.8962 -11.5893 -10.1767
X -0.7084  0.6362  0.3057
Y -0.1755 -0.5783  0.7967
Z  0.6836  0.5108  0.5213

PART 65
OFFSET  8.6294 -13.3290 -11.0300
X -0.4695 -0.3295  0.8192
Y  0.3276 -0.9265 -0.1849
Z  0.8199  0.1816  0.5429

PART 66
OFFSET  9.4287 -12.7681 -12.4246
X  0.1664 -0.9830  0.0769
Y  0.5703  0.0323 -0.8208
Z  0.8044  0.1805  0.5660

PART 67
OFFSET  9.1980 -11.4057 -12.5312
X  0.5555 -0.5783 -0.5975
Y  0.2158  0.7942 -0.5681
Z  0.8031  0.1866  0.5659

PART 68
OFFSET  8.5956 -10.7784 -11.8832
X -0.5388  0.0293  0.8419
Y -0.1763  0.9733 -0.1468
Z -0.8238 -0.2275 -0.5193

PART 69
OFFSET  2.9782 -8.0990 -8.8636
X -0.7738  0.5237  0.3564
Y  0.0435  0.6052 -0.7949
Z -0.6319 -0.5996 -0.4911

PART 70
OFFSET  9.6387 -12.6263 -9.2023
X -0.5600  0.3987  0.7263
Y  0.0339 -0.8648  0.5009
Z  0.8278  0.3051  0.4707

PART 71
OFFSET  10.6246 -13.3283 -10.4811
X -0.5419  0.2909  0.7885
Y  0.1477 -0.8906  0.4301
Z  0.8273  0.3495  0.4397

PART 72
OFFSET  11.3337 -13.6607 -11.4129
X -0.4660 -0.1880  0.8646
Y  0.3977 -0.9174  0.0149
Z  0.7904  0.3508  0.5022

PART 73
OFFSET  11.8600 -13.4483 -12.3895
X  0.0150  0.9880 -0.1536
Y  0.4535 -0.1436 -0.8796
Z -0.8911 -0.0565 -0.4502

PART 74
OFFSET  9.0994 -13.2004 -9.9770
X -0.5149 -0.2001  0.8336
Y  0.4175 -0.9078  0.0400
Z  0.7487  0.3686  0.5509

PART 75
OFFSET  10.1053 -12.8095 -11.6054
X  0.1932 -0.9171  0.3486
Y  0.6010 -0.1702 -0.7809
Z  0.7755  0.3604  0.5183

PART 76
OFFSET  9.8230 -11.4700 -12.1147
X  0.5899 -0.6311 -0.5037
Y  0.1058  0.6789 -0.7266
Z  0.8005  0.3753  0.4672

PART 77
OFFSET  9.1494 -10.7574 -11.5479
X -0.5711  0.0263  0.8205
Y -0.2382  0.9512 -0.1963
Z -0.7856 -0.3075 -0.5369

PART 78
OFFSET  0.0000 -0.0000 -0.0000
X  1.0000 -0.0000  0.0000
Y  0.0000  1.0000  0.0000
Z  0.0000 -0.0000  1.0000

PART 79
OFFSET  0.0000 -0.0000 -0.0000
X  1.0000 -0.0000  0.0000
Y  0.0000  1.0000  0.0000
Z  0.0000 -0.0000  1.0000

PART 80
OFFSET  1.5404 -0.0000  4.1357
X  1.0000 -0.0000  0.0000
Y  0.0000  1.0000  0.0000
Z  0.0000 -0.0000  1.0000


FRAME 352
PART 0
OFFSET -4.6318 -0.0000 -1.3770
X  1.0000 -0.0000  0.0000
Y  0.0000  1.0000  0.0000
Z  0.0000 -0.0000  1.0000

PART 1
OFFSET -4.6318 -0.0000 -1.3770
X  1.0000 -0.0000  0.0000
Y  0.0000  1.0000  0.0000
Z  0.0000 -0.0000  1.0000

PART 2
OFFSET -6.7281  3.8438 -4.9859
X  0.5954  0.2162 -0.7738
Y  0.4607 -0.8809  0.1084
Z -0.6582 -0.4210 -0.6241

PART 3
OFFSET  0.4732  6.4584 -14.3436
X  0.9047 -0.0415  0.4241
Y -0.4217 -0.2293  0.8773
Z  0.0609 -0.9725 -0.2249

PART 4
OFFSET  8.1679  6.1058 -10.7367
X  0.9047 -0.0415  0.4241
Y -0.4160 -0.3011  0.8581
Z  0.0921 -0.9527 -0.2896

PART 5
OFFSET  9.8224  7.1621 -10.8691
X  0.9070 -0.0374  0.4194
Y -0.0573  0.9758  0.2111
Z -0.4172 -0.2155  0.8829

PART 6
OFFSET  9.6593  5.6414 -11.5723
X  0.9070 -0.0374  0.4194
Y -0.0573  0.9758  0.2111
Z -0.4172 -0.2155  0.8829

PART 7
OFFSET  9.2331  6.4507 -8.4437
X  0.9070 -0.0374  0.4194
Y -0.0573  0.9758  0.2111
Z -0.4172 -0.2155  0.8829

PART 8
OFFSET  9.1326  5.1171 -8.5945
X  0.9070 -0.0374  0.4194
Y -0.0573  0.9758  0.2111
Z -0.4172 -0.2155  0.8829

PART 9
OFFSET  9.2267  4.7633 -9.7354
X  0.9070 -0.0374  0.4194
Y -0.0573  0.9758  0.2111
Z -0.4172 -0.2155  0.8829

PART 10
OFFSET  10.9413  5.9787 -9.4366
X  0.7767  0.4749 -0.4138
Y  0.3365  0.2425  0.9099
Z  0.5325 -0.8460  0.0285

PART 11
OFFSET  11.8341  6.0790 -8.7329
X  0.8942  0.4238  0.1445
Y -0.2912  0.3054  0.9066
Z  0.3401 -0.8527  0.3965

PART 12
OFFSET  13.7535  6.9764 -8.3086
X  0.7346  0.3453 -0.5840
Y  0.4820  0.3403  0.8074
Z  0.4775 -0.8746  0.0835

PART 13
OFFSET  14.9641  7.4157 -9.2902
X  0.4951 -0.0728 -0.8658
Y  0.7979  0.4325  0.4199
Z  0.3439 -0.8987  0.2722

PART 14
OFFSET  15.5288  7.3031 -10.2069
X  0.3090  0.6126 -0.7275
Y -0.7859  0.5952  0.1675
Z  0.5356  0.5199  0.6654

PART 15
OFFSET  11.3459  5.9499 -10.7553
X  0.6865  0.1841 -0.7035
Y  0.4268 -0.8853  0.1848
Z -0.5887 -0.4271 -0.6863

PART 16
OFFSET  13.0264  6.3172 -12.2132
X  0.8533 -0.5210  0.0178
Y -0.3141 -0.4866  0.8152
Z -0.4161 -0.7012 -0.5789

PART 17
OFFSET  14.2346  5.5795 -12.1881
X  0.0446 -0.6644  0.7461
Y -0.9170  0.2691  0.2944
Z -0.3963 -0.6973 -0.5973

PART 18
OFFSET  14.2741  4.9904 -11.5266
X -0.7838 -0.0057  0.6210
Y -0.4204  0.7408 -0.5239
Z -0.4570 -0.6717 -0.5830

PART 19
OFFSET  13.5294  4.9850 -10.9367
X  0.9295 -0.3635 -0.0617
Y  0.1293  0.4780 -0.8688
Z  0.3454  0.7996  0.4913

PART 20
OFFSET  11.6660  6.3337 -10.2455
X  0.6390  0.3724 -0.6730
Y  0.5012 -0.8653 -0.0030
Z -0.5835 -0.3354 -0.7396

PART 21
OFFSET  13.4715  7.0629 -11.9680
X  0.8448 -0.5348  0.0168
Y -0.3748 -0.5690  0.7319
Z -0.3818 -0.6247 -0.6812

PART 22
OFFSET  14.9098  6.1524 -11.9394
X -0.1311 -0.7035  0.6985
Y -0.9140  0.3586  0.1896
Z -0.3839 -0.6135 -0.6901

PART 23
OFFSET  14.7280  5.1774 -10.9713
X -0.8359 -0.0904  0.5415
Y -0.3924  0.7882 -0.4742
Z -0.3839 -0.6088 -0.6943

PART 24
OFFSET  13.8215  5.0794 -10.3841
X  0.8901 -0.4061 -0.2069
Y  0.1745  0.7229 -0.6685
Z  0.4211  0.5589  0.7143

PART 25
OFFSET  14.1553  7.3743 -9.2520
X  0.8138  0.1647 -0.5574
Y -0.2703  0.9563 -0.1120
Z  0.5145  0.2417  0.8227

PART 26
OFFSET  14.0236  8.3265 -10.3731
X  0.7312 -0.6737 -0.1072
Y -0.4697 -0.6112  0.6371
Z -0.4947 -0.4155 -0.7633

PART 27
OFFSET  15.3110  7.1405 -10.5619
X -0.1132 -0.8955  0.4305
Y -0.8770  0.2937  0.3802
Z -0.4669 -0.3345 -0.8186

PART 28
OFFSET  15.2018  6.0722 -9.9888
X -0.5974 -0.4602  0.6568
Y -0.6311  0.7750 -0.0310
Z -0.4948 -0.4330 -0.7534

PART 29
OFFSET  14.5271  5.5524 -9.2469
X  0.6250 -0.6716 -0.3978
Y  0.4418  0.7245 -0.5290
Z  0.6435  0.1549  0.7496

PART 30
OFFSET  13.6713  7.8611 -11.3110
X  0.7741 -0.6320  0.0368
Y -0.5207 -0.6025  0.6049
Z -0.3601 -0.4874 -0.7955

PART 31
OFFSET  15.1835  6.6264 -11.2392
X -0.0896 -0.8328  0.5462
Y -0.9096  0.2918  0.2958
Z -0.4057 -0.4703 -0.7837

PART 32
OFFSET  15.0526  5.4099 -10.4414
X -0.7794 -0.2445  0.5769
Y -0.4422  0.8669 -0.2300
Z -0.4440 -0.4343 -0.7838

PART 33
OFFSET  14.1671  5.1294 -9.7934
X  0.9084 -0.3385 -0.2454
Y  0.1297  0.7862 -0.6043
Z  0.3975  0.5171  0.7581

PART 34
OFFSET  13.6772  5.8465 -11.0053
X -0.5903 -0.3953 -0.7037
Y -0.5325  0.8460 -0.0285
Z  0.6066  0.3579 -0.7099

PART 35
OFFSET  11.4949 -11.5726 -10.1972
X  0.7805 -0.5602 -0.2775
Y  0.3329  0.7481 -0.5740
Z  0.5291  0.3556  0.7704

PART 36
OFFSET  11.4949 -11.5726 -10.1972
X  0.7805 -0.5602 -0.2775
Y  0.3329  0.7481 -0.5740
Z  0.5291  0.3556  0.7704

PART 37
OFFSET  14.2819 -13.1705 -10.9261
X  0.7805 -0.5602 -0.2775
Y  0.3329  0.7481 -0.5740
Z  0.5291  0.3556  0.7704

PART 38
OFFSET  13.4933 -11.7986 -9.3327
X  0.7805 -0.5602 -0.2775
Y  0.3329  0.7481 -0.5740
Z  0.5291  0.3556  0.7704

PART 39
OFFSET -113.4273  38.2109 -10.3906
X  0.7695 -0.5673 -0.2931
Y  0.3329  0.7481 -0.5740
Z  0.5449  0.3441  0.7646

PART 40
OFFSET  13.1421 -12.0063 -9.8066
X  0.7695 -0.5673 -0.2931
Y  0.3329  0.7481 -0.5740
Z  0.5449  0.3441  0.7646

PART 41
OFFSET  13.4878 -11.5010 -9.8816
X  0.7695 -0.5673 -0.2931
Y  0.3329  0.7481 -0.5740
Z  0.5449  0.3441  0.7646

PART 42
OFFSET  13.8375 -11.2798 -9.4013
X  0.7695 -0.5673 -0.2931
Y  0.3329  0.7481 -0.5740
Z  0.5449  0.3441  0.7646

PART 43
OFFSET  13.8277 -11.5793 -8.8528
X  0.7695 -0.5673 -0.2931
Y  0.3329  0.7481 -0.5740
Z  0.5449  0.3441  0.7646

PART 44
OFFSET  13.4801 -12.0869 -8.7787
X  0.7695 -0.5673 -0.2931
Y  0.3329  0.7481 -0.5740
Z  0.5449  0.3441  0.7646

PART 45
OFFSET  13.1395 -12.2980 -9.2547
X  0.7695 -0.5673 -0.2931
Y  0.3329  0.7481 -0.5740
Z  0.5449  0.3441  0.7646

PART 46
OFFSET -112.0016  37.1598 -10.9337
X  0.7695 -0.5673 -0.2931
Y  0.3329  0.7481 -0.5740
Z  0.5449  0.3441  0.7646

PART 47
OFFSET  12.1014 -10.9438 -9.3458
X  0.7805 -0.5602 -0.2775
Y  0.3329  0.7481 -0.5740
Z  0.5291  0.3556  0.7704

PART 48
OFFSET -7.8386 -1.3192 -1.5206
X -0.3645  0.3029  0.8806
Y -0.8248 -0.5440 -0.1543
Z  0.4323 -0.7825  0.4481

PART 49
OFFSET -3.4305 -4.9825 -12.1700
X -0.8539  0.4538 -0.2547
Y  0.1773 -0.2063 -0.9623
Z -0.4892 -0.8669  0.0957

PART 50
OFFSET  3.8327 -8.8422 -10.0041
X -0.8539  0.4538 -0.2547
Y -0.2158 -0.7541 -0.6203
Z -0.4735 -0.4748  0.7419

PART 51
OFFSET  5.4897 -8.3499 -9.0358
X -0.8536  0.4574 -0.2492
Y  0.4890  0.8685 -0.0811
Z  0.1793 -0.1911 -0.9651

PART 52
OFFSET  5.3508 -8.8520 -7.9567
X -0.8536  0.4574 -0.2492
Y  0.4890  0.8685 -0.0811
Z  0.1793 -0.1911 -0.9651

PART 53
OFFSET  4.8261 -10.0899 -8.0121
X -0.8536  0.4574 -0.2492
Y  0.4890  0.8685 -0.0811
Z  0.1793 -0.1911 -0.9651

PART 54
OFFSET  6.4506 -10.2334 -9.2234
X -0.8640  0.5032 -0.0178
Y -0.3760 -0.6683 -0.6419
Z -0.3349 -0.5479  0.7666

PART 55
OFFSET  7.3396 -9.5898 -8.9107
X -0.9235 -0.3775  0.0684
Y  0.1961 -0.6177 -0.7615
Z  0.3297 -0.6899  0.6445

PART 56
OFFSET  9.2945 -8.6752 -9.0181
X -0.6914  0.5222  0.4992
Y -0.7034 -0.6441 -0.3005
Z  0.1646 -0.5589  0.8127

PART 57
OFFSET  10.3503 -9.4941 -9.9330
X -0.4216  0.6045  0.6759
Y -0.8826 -0.4446 -0.1529
Z  0.2081 -0.6610  0.7209

PART 58
OFFSET  10.8117 -10.1099 -10.6943
X -0.6268  0.7792  0.0043
Y  0.3495  0.2861 -0.8922
Z -0.6964 -0.5577 -0.4517

PART 59
OFFSET  6.8468 -11.2640 -10.0506
X -0.6640  0.6024  0.4431
Y -0.1466 -0.6859  0.7128
Z  0.7333  0.4083  0.5437

PART 60
OFFSET  8.4634 -12.4739 -11.0543
X -0.5498 -0.4737  0.6880
Y  0.4374 -0.8650 -0.2459
Z  0.7116  0.1657  0.6827

PART 61
OFFSET  9.2418 -11.8033 -12.0284
X  0.0552 -0.9838  0.1703
Y  0.7383 -0.0746 -0.6703
Z  0.6722  0.1627  0.7223

PART 62
OFFSET  9.1929 -10.9310 -12.1794
X  0.5960 -0.6463 -0.4765
Y  0.3567  0.7447 -0.5640
Z  0.7194  0.1663  0.6744

PART 63
OFFSET  8.6266 -10.3170 -11.7267
X -0.7838  0.0028  0.6210
Y -0.0234  0.9991 -0.0340
Z -0.6206 -0.0412 -0.7831

PART 64
OFFSET  7.2400 -11.0071 -9.5130
X -0.7730  0.5694  0.2797
Y -0.1878 -0.6265  0.7565
Z  0.6060  0.5322  0.5912

PART 65
OFFSET  9.1520 -12.5778 -10.3100
X -0.5002 -0.4004  0.7678
Y  0.4071 -0.8913 -0.1995
Z  0.7642  0.2128  0.6088

PART 66
OFFSET  10.0036 -11.8962 -11.6172
X  0.2326 -0.9714  0.0472
Y  0.6225  0.1114 -0.7747
Z  0.7473  0.2095  0.6306

PART 67
OFFSET  9.6813 -10.5499 -11.6825
X  0.6370 -0.5087 -0.5792
Y  0.1960  0.8335 -0.5165
Z  0.7455  0.2156  0.6307

PART 68
OFFSET  8.9904 -9.9982 -11.0544
X -0.5972 -0.0488  0.8006
Y -0.2368  0.9644 -0.1179
Z -0.7663 -0.2600 -0.5875

PART 69
OFFSET  2.9931 -7.8677 -8.3438
X -0.8333  0.4503  0.3206
Y  0.0544  0.6439 -0.7632
Z -0.5501 -0.6185 -0.5611

PART 70
OFFSET  9.9764 -11.8936 -8.3850
X -0.6373  0.3233  0.6995
Y  0.0623 -0.8832  0.4649
Z  0.7681  0.3399  0.5427

PART 71
OFFSET  11.0984 -12.4627 -9.6167
X -0.6158  0.2141  0.7582
Y  0.1824 -0.8975  0.4016
Z  0.7665  0.3856  0.5136

PART 72
OFFSET  11.8936 -12.6996 -10.5073
X -0.5103 -0.2613  0.8193
Y  0.4622 -0.8868  0.0051
Z  0.7252  0.3813  0.5733

PART 73
OFFSET  12.4700 -12.4045 -11.4327
X -0.0471  0.9928 -0.1101
Y  0.5234 -0.0693 -0.8493
Z -0.8508 -0.0976 -0.5163

PART 74
OFFSET  9.5364 -12.4666 -9.2208
X -0.5559 -0.2753  0.7843
Y  0.4794 -0.8770  0.0319
Z  0.6791  0.3938  0.6195

PART 75
OFFSET  10.6224 -11.9289 -10.7531
X  0.2354 -0.9168  0.3226
Y  0.6652 -0.0901 -0.7412
Z  0.7086  0.3891  0.5886

PART 76
OFFSET  10.2786 -10.5898 -11.2244
X  0.6686 -0.5633 -0.4855
Y  0.1062  0.7185 -0.6874
Z  0.7360  0.4081  0.5402

PART 77
OFFSET  9.5162 -9.9542 -10.6788
X -0.6275 -0.0530  0.7768
Y -0.2933  0.9403 -0.1727
Z -0.7212 -0.3362 -0.6056

PART 78
OFFSET  0.0000 -0.0000 -0.0000
X  1.0000 -0.0000  0.0000
Y  0.0000  1.0000  0.0000
Z  0.0000 -0.0000  1.0000

PART 79
OFFSET  0.0000 -0.0000 -0.0000
X  1.0000 -0.0000  0.0000
Y  0.0000  1.0000  0.0000
Z  0.0000 -0.0000  1.0000

PART 80
OFFSET  1.5404 -0.0000  4.1357
X  1.0000 -0.0000  0.0000
Y  0.0000  1.0000  0.0000
Z  0.0000 -0.0000  1.0000


FRAME 353
PART 0
OFFSET -4.6318 -0.0000 -1.3770
X  1.0000 -0.0000  0.0000
Y  0.0000  1.0000  0.0000
Z  0.0000 -0.0000  1.0000

PART 1
OFFSET -4.6318 -0.0000 -1.3770
X  1.0000 -0.0000  0.0000
Y  0.0000  1.0000  0.0000
Z  0.0000 -0.0000  1.0000

PART 2
OFFSET -6.7281  3.8438 -4.9859
X  0.6341  0.2094 -0.7443
Y  0.3873 -0.9192  0.0713
Z -0.6693 -0.3335 -0.6640

PART 3
OFFSET  0.9408  6.3764 -13.9879
X  0.8692 -0.1436  0.4732
Y -0.4944 -0.2371  0.8363
Z -0.0079 -0.9608 -0.2771

PART 4
OFFSET  8.3335  5.1548 -9.9632
X  0.8692 -0.1436  0.4732
Y -0.4945 -0.2665  0.8273
Z  0.0073 -0.9531 -0.3026

PART 5
OFFSET  10.0769  6.0661 -9.9369
X  0.8721 -0.1396  0.4689
Y  0.0126  0.9645  0.2637
Z -0.4891 -0.2241  0.8429

PART 6
OFFSET  9.8300  4.6050 -10.7356
X  0.8721 -0.1396  0.4689
Y  0.0126  0.9645  0.2637
Z -0.4891 -0.2241  0.8429

PART 7
OFFSET  9.2767  5.2826 -7.5956
X  0.8721 -0.1396  0.4689
Y  0.0126  0.9645  0.2637
Z -0.4891 -0.2241  0.8429

PART 8
OFFSET  9.0729  3.9729 -7.8293
X  0.8721 -0.1396  0.4689
Y  0.0126  0.9645  0.2637
Z -0.4891 -0.2241  0.8429

PART 9
OFFSET  9.2087  3.6730 -8.9813
X  0.8721 -0.1396  0.4689
Y  0.0126  0.9645  0.2637
Z -0.4891 -0.2241  0.8429

PART 10
OFFSET  10.9981  4.7144 -8.5125
X  0.8283  0.4045 -0.3876
Y  0.3181  0.2300  0.9197
Z  0.4612 -0.8852  0.0618

PART 11
OFFSET  11.8670  4.7549 -7.7739
X  0.9041  0.3948  0.1636
Y -0.3150  0.3567  0.8795
Z  0.2889 -0.8467  0.4469

PART 12
OFFSET  13.8026  5.5954 -7.3082
X  0.7775  0.2963 -0.5546
Y  0.4497  0.3544  0.8198
Z  0.4395 -0.8869  0.1423

PART 13
OFFSET  15.0802  5.9533 -8.2366
X  0.5715 -0.1058 -0.8138
Y  0.7657  0.4253  0.4825
Z  0.2951 -0.8988  0.3241

PART 14
OFFSET  15.7248  5.8050 -9.0935
X  0.3901  0.5869 -0.7094
Y -0.7833  0.6166  0.0794
Z  0.4840  0.5247  0.7003

PART 15
OFFSET  11.4516  4.6315 -9.8129
X  0.7267  0.1170 -0.6769
Y  0.3464 -0.9133  0.2141
Z -0.5932 -0.3901 -0.7042

PART 16
OFFSET  13.2133  4.8392 -11.2049
X  0.8197 -0.5723  0.0240
Y -0.3526 -0.4713  0.8084
Z -0.4514 -0.6711 -0.5881

PART 17
OFFSET  14.3739  4.0290 -11.1710
X  0.0330 -0.6808  0.7317
Y -0.9045  0.2910  0.3116
Z -0.4251 -0.6722 -0.6062

PART 18
OFFSET  14.4032  3.4253 -10.5222
X -0.7590 -0.0253  0.6506
Y -0.4347  0.7637 -0.4773
Z -0.4848 -0.6451 -0.5906

PART 19
OFFSET  13.6821  3.4013 -9.9041
X  0.9235 -0.3668 -0.1126
Y  0.0990  0.5113 -0.8537
Z  0.3707  0.7772  0.5085

PART 20
OFFSET  11.7808  4.9970 -9.2955
X  0.6934  0.3090 -0.6510
Y  0.4297 -0.9025  0.0293
Z -0.5784 -0.3001 -0.7585

PART 21
OFFSET  13.7067  5.5510 -10.9515
X  0.8130 -0.5817  0.0257
Y -0.4166 -0.5503  0.7236
Z -0.4067 -0.5990 -0.6897

PART 22
OFFSET  15.0909  4.5607 -10.9077
X -0.1430 -0.7125  0.6869
Y -0.9042  0.3763  0.2021
Z -0.4025 -0.5922 -0.6980

PART 23
OFFSET  14.8927  3.5732 -9.9557
X -0.8183 -0.1130  0.5636
Y -0.4104  0.8014 -0.4352
Z -0.4024 -0.5874 -0.7021

PART 24
OFFSET  14.0052  3.4506 -9.3444
X  0.8851 -0.3941 -0.2477
Y  0.1504  0.7458 -0.6489
Z  0.4405  0.5371  0.7194

PART 25
OFFSET  14.3039  5.8520 -8.2140
X  0.8461  0.0900 -0.5254
Y -0.1878  0.9728 -0.1358
Z  0.4989  0.2136  0.8399

PART 26
OFFSET  14.2943  6.7929 -9.3523
X  0.6998 -0.7082 -0.0931
Y -0.5146 -0.5902  0.6220
Z -0.4955 -0.3873 -0.7775

PART 27
OFFSET  15.5264  5.5460 -9.5162
X -0.1321 -0.9035  0.4076
Y -0.8758  0.2990  0.3789
Z -0.4642 -0.3069 -0.8308

PART 28
OFFSET  15.3939  4.4662 -8.9702
X -0.5858 -0.4973  0.6400
Y -0.6423  0.7665  0.0077
Z -0.4943 -0.4065 -0.7684

PART 29
OFFSET  14.7323  3.9045 -8.2474
X  0.6314 -0.6444 -0.4314
Y  0.4275  0.7534 -0.4996
Z  0.6469  0.1310  0.7512

PART 30
OFFSET  13.9436  6.3415 -10.2976
X  0.7400 -0.6709  0.0488
Y -0.5626 -0.5775  0.5916
Z -0.3687 -0.4652 -0.8048

PART 31
OFFSET  15.3892  5.0310 -10.2023
X -0.1061 -0.8422  0.5287
Y -0.9043  0.3029  0.3010
Z -0.4136 -0.4462 -0.7936

PART 32
OFFSET  15.2342  3.8009 -9.4301
X -0.7667 -0.2769  0.5792
Y -0.4567  0.8693 -0.1890
Z -0.4511 -0.4094 -0.7930

PART 33
OFFSET  14.3630  3.4837 -8.7796
X  0.9085 -0.3167 -0.2727
Y  0.1100  0.8106 -0.5751
Z  0.4032  0.4925  0.7713

PART 34
OFFSET  13.7752  4.3382 -9.9649
X -0.5915 -0.3586 -0.7221
Y -0.4612  0.8852 -0.0618
Z  0.6614  0.2965 -0.6890

PART 35
OFFSET  12.1738 -10.2837 -8.8870
X  0.8582 -0.4546 -0.2384
Y  0.3007  0.8216 -0.4844
Z  0.4160  0.3440  0.8417

PART 36
OFFSET  12.1738 -10.2837 -8.8870
X  0.8582 -0.4546 -0.2384
Y  0.3007  0.8216 -0.4844
Z  0.4160  0.3440  0.8417

PART 37
OFFSET  15.1713 -11.5291 -9.4499
X  0.8582 -0.4546 -0.2384
Y  0.3007  0.8216 -0.4844
Z  0.4160  0.3440  0.8417

PART 38
OFFSET  14.0989 -10.3761 -7.8487
X  0.8582 -0.4546 -0.2384
Y  0.3007  0.8216 -0.4844
Z  0.4160  0.3440  0.8417

PART 39
OFFSET -116.8602  26.5183 -17.8200
X  0.8495 -0.4615 -0.2555
Y  0.3007  0.8216 -0.4844
Z  0.4335  0.3347  0.8367

PART 40
OFFSET  13.8163 -10.5793 -8.3682
X  0.8495 -0.4615 -0.2555
Y  0.3007  0.8216 -0.4844
Z  0.4335  0.3347  0.8367

PART 41
OFFSET  14.1108 -10.0375 -8.3732
X  0.8495 -0.4615 -0.2555
Y  0.3007  0.8216 -0.4844
Z  0.4335  0.3347  0.8367

PART 42
OFFSET  14.3899 -9.8214 -7.8466
X  0.8495 -0.4615 -0.2555
Y  0.3007  0.8216 -0.4844
Z  0.4335  0.3347  0.8367

PART 43
OFFSET  14.3630 -10.1635 -7.3241
X  0.8495 -0.4615 -0.2555
Y  0.3007  0.8216 -0.4844
Z  0.4335  0.3347  0.8367

PART 44
OFFSET  14.0670 -10.7079 -7.3205
X  0.8495 -0.4615 -0.2555
Y  0.3007  0.8216 -0.4844
Z  0.4335  0.3347  0.8367

PART 45
OFFSET  13.7954 -10.9133 -7.8413
X  0.8495 -0.4615 -0.2555
Y  0.3007  0.8216 -0.4844
Z  0.4335  0.3347  0.8367

PART 46
OFFSET -115.2863  25.6632 -18.2934
X  0.8495 -0.4615 -0.2555
Y  0.3007  0.8216 -0.4844
Z  0.4335  0.3347  0.8367

PART 47
OFFSET  12.6297 -9.6675 -7.9380
X  0.8582 -0.4546 -0.2384
Y  0.3007  0.8216 -0.4844
Z  0.4160  0.3440  0.8417

PART 48
OFFSET -7.8386 -1.3192 -1.5206
X -0.3828  0.3328  0.8618
Y -0.7833 -0.6115 -0.1118
Z  0.4897 -0.7179  0.4948

PART 49
OFFSET -3.2088 -5.3445 -11.9429
X -0.8777  0.3628 -0.3130
Y  0.2226 -0.2698 -0.9368
Z -0.4243 -0.8920  0.1560

PART 50
OFFSET  4.2566 -8.4299 -9.2803
X -0.8777  0.3628 -0.3130
Y -0.0557 -0.7261 -0.6853
Z -0.4759 -0.5841  0.6575

PART 51
OFFSET  5.8400 -7.7311 -8.3158
X -0.8779  0.3668 -0.3079
Y  0.4235  0.8947 -0.1417
Z  0.2235 -0.2548 -0.9408

PART 52
OFFSET  5.7061 -8.1525 -7.2022
X -0.8779  0.3668 -0.3079
Y  0.4235  0.8947 -0.1417
Z  0.2235 -0.2548 -0.9408

PART 53
OFFSET  5.2795 -9.4283 -7.1664
X -0.8779  0.3668 -0.3079
Y  0.4235  0.8947 -0.1417
Z  0.2235 -0.2548 -0.9408

PART 54
OFFSET  6.9475 -9.5420 -8.3206
X -0.9081  0.4134 -0.0669
Y -0.2423 -0.6490 -0.7212
Z -0.3415 -0.6387  0.6895

PART 55
OFFSET  7.7300 -8.8395 -7.8777
X -0.8798 -0.4729 -0.0493
Y  0.3295 -0.5316 -0.7803
Z  0.3428 -0.7027  0.6235

PART 56
OFFSET  9.5765 -7.7269 -7.7281
X -0.7859  0.4081  0.4646
Y -0.5999 -0.6855 -0.4126
Z  0.1500 -0.6030  0.7835

PART 57
OFFSET  10.7926 -8.3591 -8.5904
X -0.5436  0.5026  0.6722
Y -0.8121 -0.5175 -0.2697
Z  0.2124 -0.6925  0.6895

PART 58
OFFSET  11.3845 -8.8622 -9.3443
X -0.7050  0.7092 -0.0022
Y  0.3956  0.3906 -0.8312
Z -0.5886 -0.5869 -0.5560

PART 59
OFFSET  7.5254 -10.4577 -9.1755
X -0.7623  0.4949  0.4172
Y -0.1354 -0.7522  0.6448
Z  0.6329  0.4351  0.6404

PART 60
OFFSET  9.3470 -11.4140 -10.0986
X -0.5553 -0.5804  0.5957
Y  0.5485 -0.7939 -0.2622
Z  0.6251  0.1812  0.7592

PART 61
OFFSET  10.1331 -10.5923 -10.9420
X  0.1454 -0.9838  0.1051
Y  0.7995  0.0542 -0.5983
Z  0.5828  0.1710  0.7944

PART 62
OFFSET  10.0042 -9.7201 -11.0351
X  0.7028 -0.5426 -0.4601
Y  0.3236  0.8198 -0.4725
Z  0.6335  0.1831  0.7517

PART 63
OFFSET  9.3365 -9.2046 -10.5980
X -0.8323 -0.1261  0.5398
Y -0.1279  0.9912  0.0344
Z -0.5394 -0.0404 -0.8411

PART 64
OFFSET  7.8385 -10.2065 -8.5852
X -0.8520  0.4644  0.2419
Y -0.1866 -0.7010  0.6883
Z  0.4892  0.5413  0.6838

PART 65
OFFSET  9.9729 -11.5075 -9.2995
X -0.5212 -0.5091  0.6849
Y  0.5172 -0.8268 -0.2210
Z  0.6788  0.2391  0.6943

PART 66
OFFSET  10.8603 -10.6408 -10.4656
X  0.3308 -0.9437  0.0011
Y  0.6741  0.2355 -0.7001
Z  0.6604  0.2324  0.7141

PART 67
OFFSET  10.4018 -9.3329 -10.4672
X  0.7378 -0.3937 -0.5483
Y  0.1507  0.8878 -0.4348
Z  0.6580  0.2382  0.7144

PART 68
OFFSET  9.6017 -8.9059 -9.8725
X -0.6582 -0.1729  0.7327
Y -0.3278  0.9420 -0.0722
Z -0.6777 -0.2878 -0.6767

PART 69
OFFSET  3.1898 -7.6151 -7.6197
X -0.9025  0.3369  0.2682
Y  0.0532  0.7053 -0.7069
Z -0.4273 -0.6237 -0.6545

PART 70
OFFSET  10.5417 -10.9006 -7.2596
X -0.7289  0.2002  0.6547
Y  0.1151 -0.9069  0.4054
Z  0.6749  0.3708  0.6380

PART 71
OFFSET  11.8250 -11.2531 -8.4123
X -0.7011  0.0894  0.7074
Y  0.2412 -0.9039  0.3533
Z  0.6710  0.4183  0.6122

PART 72
OFFSET  12.7181 -11.3363 -9.2351
X -0.5509 -0.3763  0.7449
Y  0.5528 -0.8332 -0.0121
