// Export filename: `C:\projects\cod\t5\xanim_export\t5_viewmodels\python\python_sw_d2p_out.XANIM_EXPORT`
// Source filename: `D:\projects\devanim\t5\animation_assets\viewmodels\python\ViewModel_python_animated.fbx`
// Export time: Fri Aug 06 01:54:47 2010

ANIMATION
VERSION 3

NUMPARTS 81
PART 0 "tag_ads"
PART 1 "tag_torso"
PART 2 "J_Shoulder_LE"
PART 3 "J_Elbow_LE"
PART 4 "J_WristTwist_LE"
PART 5 "J_Sleave_Reshape_Bottom_LE_1"
PART 6 "J_Sleave_Reshape_Bottom_LE_2"
PART 7 "J_Sleave_Reshape_Top_LE_1"
PART 8 "J_Sleave_Reshape_Top_LE_2"
PART 9 "J_Sleave_Reshape_Top_LE_3"
PART 10 "J_Wrist_LE"
PART 11 "J_Thumb_LE_0"
PART 12 "J_Thumb_LE_1"
PART 13 "J_Thumb_LE_2"
PART 14 "J_Thumb_LE_3"
PART 15 "J_PinkyPalm_LE"
PART 16 "J_Pinky_LE_0"
PART 17 "J_Pinky_LE_1"
PART 18 "J_Pinky_LE_2"
PART 19 "J_Pinky_LE_3"
PART 20 "J_RingPalm_LE"
PART 21 "J_Ring_LE_0"
PART 22 "J_Ring_LE_1"
PART 23 "J_Ring_LE_2"
PART 24 "J_Ring_LE_3"
PART 25 "J_Webbing_LE"
PART 26 "J_Index_LE_0"
PART 27 "J_Index_LE_1"
PART 28 "J_Index_LE_2"
PART 29 "J_Index_LE_3"
PART 30 "J_Mid_LE_0"
PART 31 "J_Mid_LE_1"
PART 32 "J_Mid_LE_2"
PART 33 "J_Mid_LE_3"
PART 34 "tag_knife_attach"
PART 35 "tag_weapon"
PART 36 "J_Gun"
PART 37 "TAG_CLIP"
PART 38 "J_Bolt"
PART 39 "tag_speedloader"
PART 40 "tag_spent0"
PART 41 "tag_spent1"
PART 42 "tag_spent2"
PART 43 "tag_spent3"
PART 44 "tag_spent4"
PART 45 "tag_spent5"
PART 46 "tag_bullets"
PART 47 "J_Press_Rear"
PART 48 "J_Shoulder_RI"
PART 49 "J_Elbow_RI"
PART 50 "J_WristTwist_RI"
PART 51 "J_Sleave_Reshape_Top_RI_3"
PART 52 "J_Sleave_Reshape_Top_RI_2"
PART 53 "J_Sleave_Reshape_Top_RI_1"
PART 54 "J_Wrist_RI"
PART 55 "J_Thumb_RI_0"
PART 56 "J_Thumb_RI_1"
PART 57 "J_Thumb_RI_2"
PART 58 "J_Thumb_RI_3"
PART 59 "J_PinkyPalm_RI"
PART 60 "J_Pinky_RI_0"
PART 61 "J_Pinky_RI_1"
PART 62 "J_Pinky_RI_2"
PART 63 "J_Pinky_RI_3"
PART 64 "J_RingPalm_RI"
PART 65 "J_Ring_RI_0"
PART 66 "J_Ring_RI_1"
PART 67 "J_Ring_RI_2"
PART 68 "J_Ring_RI_3"
PART 69 "J_Webbing_RI"
PART 70 "J_Index_RI_0"
PART 71 "J_Index_RI_1"
PART 72 "J_Index_RI_2"
PART 73 "J_Index_RI_3"
PART 74 "J_Mid_RI_0"
PART 75 "J_Mid_RI_1"
PART 76 "J_Mid_RI_2"
PART 77 "J_Mid_RI_3"
PART 78 "tag_cambone"
PART 79 "tag_camera"
PART 80 "tag_gasmask"

FRAMERATE 30
NUMFRAMES 11

FRAME 520
PART 0
OFFSET -4.6318 -0.0000 -1.3770
X  1.0000 -0.0000  0.0000
Y  0.0000  1.0000  0.0000
Z  0.0000 -0.0000  1.0000

PART 1
OFFSET -4.6318 -0.0000 -1.3770
X  1.0000 -0.0000  0.0000
Y  0.0000  1.0000  0.0000
Z  0.0000 -0.0000  1.0000

PART 2
OFFSET -5.8537  16.2589 -4.2648
X  0.9781 -0.1759 -0.1115
Y -0.2082 -0.8372 -0.5057
Z -0.0044  0.5178 -0.8555

PART 3
OFFSET  5.9752  14.1319 -5.6129
X  0.5192 -0.7967  0.3094
Y -0.8352 -0.3962  0.3814
Z -0.1813 -0.4564 -0.8711

PART 4
OFFSET  10.3910  7.3556 -2.9815
X  0.5192 -0.7967  0.3094
Y -0.5395 -0.0248  0.8416
Z -0.6628 -0.6039 -0.4427

PART 5
OFFSET  12.1609  7.0704 -2.1710
X  0.5247 -0.7931  0.3095
Y  0.1918  0.4643  0.8647
Z -0.8294 -0.3943  0.3957

PART 6
OFFSET  11.8338  6.7117 -3.7828
X  0.5247 -0.7931  0.3095
Y  0.1918  0.4643  0.8647
Z -0.8294 -0.3943  0.3957

PART 7
OFFSET  10.2924  5.5957 -1.1363
X  0.5247 -0.7931  0.3095
Y  0.1918  0.4643  0.8647
Z -0.8294 -0.3943  0.3957

PART 8
OFFSET  9.8203  4.9849 -2.2388
X  0.5247 -0.7931  0.3095
Y  0.1918  0.4643  0.8647
Z -0.8294 -0.3943  0.3957

PART 9
OFFSET  10.3123  5.3943 -3.2517
X  0.5247 -0.7931  0.3095
Y  0.1918  0.4643  0.8647
Z -0.8294 -0.3943  0.3957

PART 10
OFFSET  11.9826  4.9131 -2.0330
X  0.4489 -0.8822  0.1423
Y -0.4854 -0.1071  0.8677
Z -0.7502 -0.4586 -0.4763

PART 11
OFFSET  11.4080  4.2247 -1.3272
X -0.2336 -0.9327  0.2747
Y -0.2632  0.3326  0.9056
Z -0.9361  0.1392 -0.3232

PART 12
OFFSET  10.8257  2.2529 -0.6620
X  0.3134 -0.8694 -0.3821
Y -0.5048 -0.4933  0.7084
Z -0.8044 -0.0292 -0.5934

PART 13
OFFSET  11.2717  0.8756 -1.3876
X  0.4323 -0.0716 -0.8989
Y -0.1398 -0.9901  0.0116
Z -0.8908  0.1206 -0.4381

PART 14
OFFSET  11.6961  0.7868 -2.3794
X  0.8626 -0.3344 -0.3797
Y  0.4688  0.2460  0.8483
Z -0.1902 -0.9098  0.3690

PART 15
OFFSET  12.7306  4.1886 -2.9380
X  0.4492 -0.8385 -0.3084
Y -0.8583 -0.3092 -0.4095
Z  0.2480  0.4487 -0.8586

PART 16
OFFSET  13.5986  2.2014 -3.5561
X -0.7137 -0.6729 -0.1946
Y -0.7001  0.6937  0.1693
Z  0.0211  0.2571 -0.9662

PART 17
OFFSET  12.5882  1.2487 -3.8317
X -0.7352  0.6636  0.1380
Y  0.6778  0.7192  0.1528
Z  0.0022  0.2059 -0.9786

PART 18
OFFSET  11.9363  1.8371 -3.7093
X  0.6078  0.7605  0.2285
Y  0.7923 -0.6003 -0.1092
Z  0.0541  0.2474 -0.9674

PART 19
OFFSET  12.5137  2.5597 -3.4923
X -0.9700 -0.2406  0.0337
Y  0.2138 -0.9114 -0.3517
Z  0.1154 -0.3340  0.9355

PART 20
OFFSET  12.6115  3.9874 -2.2635
X  0.5718 -0.8094 -0.1339
Y -0.7372 -0.4353 -0.5167
Z  0.3600  0.3942 -0.8456

PART 21
OFFSET  13.8749  1.7645 -2.7334
X -0.8329 -0.5108 -0.2130
Y -0.5516  0.7975  0.2442
Z  0.0451  0.3209 -0.9460

PART 22
OFFSET  12.4569  0.8948 -3.0960
X -0.4750  0.8431  0.2520
Y  0.8796  0.4463  0.1647
Z  0.0263  0.2999 -0.9536

PART 23
OFFSET  11.7986  2.0633 -2.7467
X  0.7586  0.6155  0.2140
Y  0.6509 -0.7309 -0.2052
Z  0.0301  0.2950 -0.9550

PART 24
OFFSET  12.6213  2.7308 -2.5145
X -0.9918 -0.0722 -0.1051
Y  0.0966 -0.9635 -0.2496
Z -0.0832 -0.2577  0.9626

PART 25
OFFSET  12.1935  1.7779 -0.4720
X  0.3076 -0.9368 -0.1664
Y  0.8287  0.1779  0.5306
Z -0.4675 -0.3011  0.8311

PART 26
OFFSET  13.6444  1.5654 -0.6471
X -0.8269 -0.4115 -0.3833
Y -0.4537  0.8909  0.0223
Z  0.3323  0.1924 -0.9233

PART 27
OFFSET  12.1886  0.8409 -1.3221
X -0.5092  0.8525 -0.1182
Y  0.7692  0.5124  0.3818
Z  0.3860  0.1035 -0.9167

PART 28
OFFSET  11.5461  1.8710 -1.4101
X  0.4054  0.8454  0.3478
Y  0.8494 -0.4890  0.1986
Z  0.3380  0.2149 -0.9163

PART 29
OFFSET  12.0040  2.8259 -1.0172
X -0.8036  0.2267 -0.5502
Y -0.1742 -0.9737 -0.1467
Z -0.5690 -0.0220  0.8220

PART 30
OFFSET  13.9886  1.6933 -1.6891
X -0.8534 -0.4054 -0.3277
Y -0.4559  0.8853  0.0921
Z  0.2527  0.2280 -0.9403

PART 31
OFFSET  12.3214  0.9014 -2.3292
X -0.5553  0.8291  0.0651
Y  0.7817  0.4937  0.3811
Z  0.2838  0.2625 -0.9222

PART 32
OFFSET  11.5103  2.1124 -2.2341
X  0.6100  0.6723  0.4195
Y  0.7188 -0.6922  0.0642
Z  0.3336  0.2624 -0.9055

PART 33
OFFSET  12.2030  2.8762 -1.7654
X -0.9481 -0.0901 -0.3048
Y  0.1819 -0.9402 -0.2878
Z -0.2607 -0.3284  0.9079

PART 34
OFFSET  12.3180  1.8802 -2.8407
X  0.2944  0.4133 -0.8617
Y  0.7502  0.4586  0.4763
Z  0.5920 -0.7867 -0.1751

PART 35
OFFSET  17.4515 -0.8977 -0.1752
X  0.9673 -0.0294  0.2519
Y  0.1062  0.9490 -0.2969
Z -0.2303  0.3139  0.9211

PART 36
OFFSET  17.4515 -0.8977 -0.1752
X  0.9673 -0.0294  0.2519
Y  0.1062  0.9490 -0.2969
Z -0.2303  0.3139  0.9211

PART 37
OFFSET  20.5538 -0.7427  0.9220
X  0.9673 -0.0294  0.2519
Y  0.1062  0.9490 -0.2969
Z -0.2303  0.3139  0.9211

PART 38
OFFSET  18.4723 -0.4245  1.7026
X  0.9673 -0.0294  0.2519
Y  0.1062  0.9490 -0.2969
Z -0.2303  0.3139  0.9211

PART 39
OFFSET -93.0583 -16.4686 -75.2027
X  0.9718 -0.0358  0.2330
Y  0.1062  0.9490 -0.2969
Z -0.2105  0.3133  0.9260

PART 40
OFFSET  18.5908 -0.6201  1.1206
X  0.9718 -0.0358  0.2330
Y  0.1062  0.9490 -0.2969
Z -0.2105  0.3133  0.9260

PART 41
OFFSET  18.5848 -0.0159  1.2441
X  0.9718 -0.0358  0.2330
Y  0.1062  0.9490 -0.2969
Z -0.2105  0.3133  0.9260

PART 42
OFFSET  18.4548  0.1886  1.8299
X  0.9718 -0.0358  0.2330
Y  0.1062  0.9490 -0.2969
Z -0.2105  0.3133  0.9260

PART 43
OFFSET  18.3333 -0.2286  2.2792
X  0.9718 -0.0358  0.2330
Y  0.1062  0.9490 -0.2969
Z -0.2105  0.3133  0.9260

PART 44
OFFSET  18.3397 -0.8354  2.1539
X  0.9718 -0.0358  0.2330
Y  0.1062  0.9490 -0.2969
Z -0.2105  0.3133  0.9260

PART 45
OFFSET  18.4682 -1.0285  1.5765
X  0.9718 -0.0358  0.2330
Y  0.1062  0.9490 -0.2969
Z -0.2105  0.3133  0.9260

PART 46
OFFSET -91.2578 -16.5349 -74.7710
X  0.9718 -0.0358  0.2330
Y  0.1062  0.9490 -0.2969
Z -0.2105  0.3133  0.9260

PART 47
OFFSET  17.0831 -0.3432  0.8470
X  0.9673 -0.0294  0.2519
Y  0.1062  0.9490 -0.2969
Z -0.2303  0.3139  0.9211

PART 48
OFFSET -7.0556 -6.5979 -0.8298
X -0.8912  0.1581  0.4251
Y -0.0332 -0.9575  0.2865
Z  0.4523  0.2412  0.8586

PART 49
OFFSET  3.7229 -8.5104 -5.9708
X -0.7894 -0.5300 -0.3098
Y  0.5797 -0.4775 -0.6603
Z  0.2020 -0.7008  0.6841

PART 50
OFFSET  10.4370 -4.0028 -3.3354
X -0.7894 -0.5300 -0.3098
Y  0.6047 -0.5843 -0.5412
Z  0.1057 -0.6146  0.7817

PART 51
OFFSET  10.9123 -2.0853 -3.1847
X -0.7934 -0.5252 -0.3078
Y -0.2080  0.7091 -0.6737
Z  0.5721 -0.4705 -0.6719

PART 52
OFFSET  10.7818 -1.8487 -2.0173
X -0.7934 -0.5252 -0.3078
Y -0.2080  0.7091 -0.6737
Z  0.5721 -0.4705 -0.6719

PART 53
OFFSET  11.2529 -2.8272 -1.2227
X -0.7934 -0.5252 -0.3078
Y -0.2080  0.7091 -0.6737
Z  0.5721 -0.4705 -0.6719

PART 54
OFFSET  12.8570 -2.3781 -2.3856
X -0.8425  0.0303 -0.5379
Y  0.4377 -0.5436 -0.7162
Z -0.3141 -0.8388  0.4447

PART 55
OFFSET  12.9425 -1.5228 -1.6351
X -0.4465 -0.7605 -0.4715
Y  0.8533 -0.2033 -0.4802
Z  0.2693 -0.6167  0.7397

PART 56
OFFSET  13.8058  0.1729 -0.6108
X -0.9995 -0.0269 -0.0188
Y  0.0327 -0.7742 -0.6320
Z  0.0024 -0.6323  0.7747

PART 57
OFFSET  15.4210  0.2409 -0.7050
X -0.9534  0.1138  0.2793
Y -0.2704 -0.7328 -0.6244
Z  0.1336 -0.6709  0.7294

PART 58
OFFSET  16.4505  0.1609 -1.0298
X -0.8454  0.3640 -0.3910
Y  0.5300  0.6632 -0.5285
Z  0.0669 -0.6540 -0.7535

PART 59
OFFSET  14.1021 -2.8163 -2.7871
X -0.9963  0.0695 -0.0510
Y -0.0858 -0.8522  0.5161
Z -0.0076  0.5186  0.8550

PART 60
OFFSET  16.3500 -2.7923 -2.6113
X -0.4583 -0.8521  0.2526
Y  0.8879 -0.4516  0.0875
Z  0.0395  0.2644  0.9636

PART 61
OFFSET  16.9989 -1.5859 -2.9689
X  0.4862 -0.8494  0.2053
Y  0.8738  0.4740 -0.1084
Z -0.0053  0.2321  0.9727

PART 62
OFFSET  16.5679 -0.8328 -3.1509
X  0.9917 -0.1276 -0.0142
Y  0.1188  0.9541 -0.2748
Z  0.0486  0.2709  0.9614

PART 63
OFFSET  15.6257 -0.7115 -3.1374
X -0.8402 -0.5405  0.0444
Y -0.5423  0.8367 -0.0768
Z  0.0044 -0.0886 -0.9961

PART 64
OFFSET  13.9526 -2.5788 -2.1308
X -0.9684  0.0399 -0.2461
Y -0.1679 -0.8342  0.5253
Z -0.1843  0.5500  0.8146

PART 65
OFFSET  16.4897 -2.7826 -1.6016
X -0.5055 -0.7914  0.3437
Y  0.8585 -0.5013  0.1084
Z  0.0865  0.3498  0.9328

PART 66
OFFSET  17.3504 -1.4352 -2.1866
X  0.6604 -0.7213  0.2089
Y  0.7480  0.6075 -0.2673
Z  0.0659  0.3328  0.9407

PART 67
OFFSET  16.4351 -0.4356 -2.4762
X  0.9962  0.0368 -0.0783
Y -0.0610  0.9408 -0.3335
Z  0.0614  0.3371  0.9395

PART 68
OFFSET  15.3546 -0.4755 -2.3913
X -0.7784 -0.5510  0.3009
Y -0.6235  0.7343 -0.2684
Z -0.0731 -0.3966 -0.9151

PART 69
OFFSET  8.8123 -2.2420 -3.7804
X -0.9647 -0.0996 -0.2440
Y  0.0726  0.7895 -0.6094
Z  0.2533 -0.6056 -0.7544

PART 70
OFFSET  15.6928 -2.3979  0.4159
X -0.9565 -0.2278  0.1823
Y  0.2868 -0.8486  0.4446
Z  0.0534  0.4776  0.8770

PART 71
OFFSET  17.3768 -1.9968  0.0949
X -0.9125 -0.3267  0.2463
Y  0.4070 -0.7868  0.4641
Z  0.0422  0.5237  0.8509

PART 72
OFFSET  18.4887 -1.5679 -0.1529
X -0.6141 -0.6947  0.3745
Y  0.7891 -0.5325  0.3062
Z -0.0133  0.4836  0.8752

PART 73
OFFSET  19.1823 -0.7832 -0.5759
X -0.5162  0.8429 -0.1521
Y  0.8180  0.4324 -0.3794
Z -0.2540 -0.3203 -0.9127

PART 74
OFFSET  16.1342 -2.8339 -0.4982
X -0.6192 -0.7170  0.3200
Y  0.7817 -0.5244  0.3376
Z -0.0743  0.4592  0.8852

PART 75
OFFSET  17.3439 -1.4331 -1.1234
X  0.4929 -0.7554  0.4318
Y  0.8693  0.4483 -0.2081
Z -0.0364  0.4779  0.8776

PART 76
OFFSET  16.6240 -0.3298 -1.7541
X  0.9996 -0.0221  0.0180
Y  0.0282  0.8535 -0.5204
Z -0.0039  0.5207  0.8537

PART 77
OFFSET  15.4919 -0.3079 -1.7808
X -0.7843 -0.5615  0.2640
Y -0.6204  0.7043 -0.3451
Z  0.0078 -0.4344 -0.9007

PART 78
OFFSET  0.0000 -0.0000 -0.0000
X  1.0000 -0.0000  0.0000
Y  0.0000  1.0000  0.0000
Z  0.0000 -0.0000  1.0000

PART 79
OFFSET  0.0000 -0.0000 -0.0000
X  0.9962 -0.0000  0.0872
Y  0.0076  0.9962 -0.0868
Z -0.0868  0.0872  0.9924

PART 80
OFFSET  1.1755  0.3605  4.2386
X  0.9962 -0.0000  0.0872
Y  0.0076  0.9962 -0.0868
Z -0.0868  0.0872  0.9924


FRAME 521
PART 0
OFFSET -4.6318 -0.0000 -1.3770
X  1.0000 -0.0000  0.0000
Y  0.0000  1.0000  0.0000
Z  0.0000 -0.0000  1.0000

PART 1
OFFSET -4.6318 -0.0000 -1.3770
X  1.0000 -0.0000  0.0000
Y  0.0000  1.0000  0.0000
Z  0.0000 -0.0000  1.0000

PART 2
OFFSET -5.8781  15.9112 -4.2850
X  0.9767 -0.1485 -0.1548
Y -0.2070 -0.8415 -0.4990
Z -0.0562  0.5194 -0.8527

PART 3
OFFSET  5.9343  14.1156 -6.1571
X  0.5311 -0.7942  0.2951
Y -0.8217 -0.3979  0.4081
Z -0.2067 -0.4593 -0.8639

PART 4
OFFSET  10.4519  7.3605 -3.6467
X  0.5311 -0.7942  0.2951
Y -0.4321  0.0457  0.9007
Z -0.7288 -0.6059 -0.3189

PART 5
OFFSET  12.2470  7.0831 -2.8907
X  0.5366 -0.7906  0.2951
Y  0.2170  0.4672  0.8571
Z -0.8155 -0.3959  0.4222

PART 6
OFFSET  11.8713  6.7192 -4.4907
X  0.5366 -0.7906  0.2951
Y  0.2170  0.4672  0.8571
Z -0.8155 -0.3959  0.4222

PART 7
OFFSET  10.4164  5.6052 -1.7949
X  0.5366 -0.7906  0.2951
Y  0.2170  0.4672  0.8571
Z -0.8155 -0.3959  0.4222

PART 8
OFFSET  9.9123  4.9900 -2.8807
X  0.5366 -0.7906  0.2951
Y  0.2170  0.4672  0.8571
Z -0.8155 -0.3959  0.4222

PART 9
OFFSET  10.3714  5.3983 -3.9094
X  0.5366 -0.7906  0.2951
Y  0.2170  0.4672  0.8571
Z -0.8155 -0.3959  0.4222

PART 10
OFFSET  12.0802  4.9257 -2.7419
X  0.6269 -0.7725  0.1009
Y -0.2866 -0.1082  0.9519
Z -0.7245 -0.6257 -0.2893

PART 11
OFFSET  11.7881  4.2168 -1.8966
X  0.0224 -0.9104  0.4131
Y -0.1449  0.4059  0.9024
Z -0.9892 -0.0801 -0.1228

PART 12
OFFSET  11.7670  2.2883 -0.9219
X  0.3990 -0.8586 -0.3220
Y -0.2528 -0.4406  0.8614
Z -0.8814 -0.2622 -0.3928

PART 13
OFFSET  12.3275  0.8992 -1.5371
X  0.2641 -0.2541 -0.9304
Y  0.0369 -0.9613  0.2730
Z -0.9638 -0.1064 -0.2445

PART 14
OFFSET  12.5695  0.6032 -2.5499
X  0.8216 -0.3173 -0.4736
Y  0.5686  0.5152  0.6413
Z  0.0405 -0.7962  0.6037

PART 15
OFFSET  12.7712  4.2614 -3.7342
X  0.5333 -0.7684 -0.3537
Y -0.8458 -0.4896 -0.2119
Z -0.0104  0.4122 -0.9110

PART 16
OFFSET  13.8673  2.4149 -4.4223
X -0.5160 -0.8556 -0.0416
Y -0.8297  0.4871  0.2726
Z -0.2129  0.1752 -0.9612

PART 17
OFFSET  13.1368  1.2035 -4.4812
X -0.9015  0.3552  0.2472
Y  0.3737  0.9271  0.0305
Z -0.2183  0.1199 -0.9685

PART 18
OFFSET  12.3375  1.5185 -4.2620
X  0.2101  0.9678  0.1384
Y  0.9601 -0.1775 -0.2163
Z -0.1847  0.1783 -0.9665

PART 19
OFFSET  12.5371  2.4379 -4.1306
X -0.7367 -0.6546  0.1697
Y  0.5662 -0.7343 -0.3744
Z  0.3697 -0.1797  0.9116

PART 20
OFFSET  12.8197  4.1069 -3.0390
X  0.6803 -0.7057 -0.1980
Y -0.7239 -0.6044 -0.3328
Z  0.1152  0.3697 -0.9220

PART 21
OFFSET  14.3732  2.1054 -3.6214
X -0.6678 -0.7429 -0.0466
Y -0.7189  0.6274  0.2992
Z -0.1931  0.2333 -0.9531

PART 22
OFFSET  13.2363  0.8406 -3.7006
X -0.7280  0.6208  0.2910
Y  0.6541  0.7561  0.0231
Z -0.2056  0.2072 -0.9565

PART 23
OFFSET  12.2274  1.7010 -3.2974
X  0.3967  0.9112  0.1110
Y  0.8958 -0.3578 -0.2635
Z -0.2005  0.2039 -0.9582

PART 24
OFFSET  12.6576  2.6893 -3.1770
X -0.8466 -0.5321  0.0125
Y  0.5144 -0.8239 -0.2381
Z  0.1370 -0.1951  0.9712

PART 25
OFFSET  13.1693  2.0370 -1.0743
X  0.4438 -0.8799 -0.1696
Y  0.8636  0.3695  0.3431
Z -0.2393 -0.2987  0.9239

PART 26
OFFSET  14.5760  2.0663 -1.5231
X -0.7258 -0.6609 -0.1909
Y -0.6787  0.7333  0.0416
Z  0.1125  0.1598 -0.9807

PART 27
OFFSET  13.2981  0.9027 -1.8593
X -0.8030  0.5871 -0.1020
Y  0.5639  0.8040  0.1884
Z  0.1926  0.0938 -0.9768

PART 28
OFFSET  12.3102  1.6108 -1.9239
X  0.0011  0.9835  0.1807
Y  0.9943 -0.0204  0.1048
Z  0.1068  0.1795 -0.9779

PART 29
OFFSET  12.3114  2.7217 -1.7198
X -0.8679 -0.2513 -0.4285
Y  0.2820 -0.9594 -0.0086
Z -0.4089 -0.1283  0.9035

PART 30
OFFSET  14.6901  2.1539 -2.6184
X -0.7433 -0.6544 -0.1387
Y -0.6684  0.7346  0.1163
Z  0.0258  0.1791 -0.9835

PART 31
OFFSET  13.2380  0.8755 -2.8894
X -0.8130  0.5750  0.0919
Y  0.5804  0.7872  0.2087
Z  0.0477  0.2230 -0.9737

PART 32
OFFSET  12.0506  1.7154 -2.7552
X  0.2657  0.9283  0.2600
Y  0.9593 -0.2813  0.0241
Z  0.0955  0.2430 -0.9653

PART 33
OFFSET  12.3515  2.7687 -2.4676
X -0.8226 -0.5477 -0.1531
Y  0.5687 -0.7925 -0.2205
Z -0.0005 -0.2684  0.9633

PART 34
OFFSET  12.8303  1.9360 -3.4220
X  0.0454  0.3755 -0.9257
Y  0.7245  0.6257  0.2893
Z  0.6878 -0.6838 -0.2437

PART 35
OFFSET  15.8234 -0.9207 -3.1837
X  0.9950 -0.0384  0.0919
Y  0.0656  0.9470 -0.3144
Z -0.0750  0.3189  0.9448

PART 36
OFFSET  15.8234 -0.9207 -3.1837
X  0.9950 -0.0384  0.0919
Y  0.0656  0.9470 -0.3144
Z -0.0750  0.3189  0.9448

PART 37
OFFSET  19.0639 -0.7936 -2.6045
X  0.9950 -0.0384  0.0919
Y  0.0656  0.9470 -0.3144
Z -0.0750  0.3189  0.9448

PART 38
OFFSET  17.1396 -0.4523 -1.4983
X  0.9950 -0.0384  0.0919
Y  0.0656  0.9470 -0.3144
Z -0.0750  0.3189  0.9448

PART 39
OFFSET -105.5280 -15.5989 -59.2405
X  0.9963 -0.0449  0.0726
Y  0.0656  0.9470 -0.3144
Z -0.0547  0.3180  0.9465

PART 40
OFFSET  17.1603 -0.6508 -2.0909
X  0.9963 -0.0449  0.0726
Y  0.0656  0.9470 -0.3144
Z -0.0547  0.3180  0.9465

PART 41
OFFSET  17.1801 -0.0462 -1.9708
X  0.9963 -0.0449  0.0726
Y  0.0656  0.9470 -0.3144
Z -0.0547  0.3180  0.9465

PART 42
OFFSET  17.1486  0.1613 -1.3726
X  0.9963 -0.0449  0.0726
Y  0.0656  0.9470 -0.3144
Z -0.0547  0.3180  0.9465

PART 43
OFFSET  17.0977 -0.2534 -0.9077
X  0.9963 -0.0449  0.0726
Y  0.0656  0.9470 -0.3144
Z -0.0547  0.3180  0.9465

PART 44
OFFSET  17.0780 -0.8606 -1.0296
X  0.9963 -0.0449  0.0726
Y  0.0656  0.9470 -0.3144
Z -0.0547  0.3180  0.9465

PART 45
OFFSET  17.1093 -1.0566 -1.6193
X  0.9963 -0.0449  0.0726
Y  0.0656  0.9470 -0.3144
Z -0.0547  0.3180  0.9465

PART 46
OFFSET -103.6821 -15.6821 -59.1059
X  0.9963 -0.0449  0.0726
Y  0.0656  0.9470 -0.3144
Z -0.0547  0.3180  0.9465

PART 47
OFFSET  15.6309 -0.3596 -2.1178
X  0.9950 -0.0384  0.0919
Y  0.0656  0.9470 -0.3144
Z -0.0750  0.3189  0.9448

PART 48
OFFSET -7.0775 -6.4501 -0.8491
X -0.7896  0.2705  0.5507
Y -0.0225 -0.9097  0.4146
Z  0.6132  0.3150  0.7244

PART 49
OFFSET  2.4721 -9.7217 -7.5098
X -0.7299 -0.6361 -0.2503
Y  0.6175 -0.4565 -0.6406
Z  0.2932 -0.6221  0.7260

PART 50
OFFSET  8.6801 -4.3114 -5.3810
X -0.7299 -0.6361 -0.2503
Y  0.6606 -0.5624 -0.4973
Z  0.1755 -0.5283  0.8307

PART 51
OFFSET  8.9375 -2.3469 -5.3783
X -0.7344 -0.6316 -0.2485
Y -0.3000  0.6304 -0.7160
Z  0.6089 -0.4512 -0.6524

PART 52
OFFSET  8.8032 -2.0419 -4.2273
X -0.7344 -0.6316 -0.2485
Y -0.3000  0.6304 -0.7160
Z  0.6089 -0.4512 -0.6524

PART 53
OFFSET  9.3974 -2.9011 -3.3790
X -0.7344 -0.6316 -0.2485
Y -0.3000  0.6304 -0.7160
Z  0.6089 -0.4512 -0.6524

PART 54
OFFSET  10.9177 -2.3613 -4.6137
X -0.9182  0.0372 -0.3944
Y  0.3107 -0.5500 -0.7752
Z -0.2457 -0.8343  0.4934

PART 55
OFFSET  11.1318 -1.5048 -3.8908
X -0.5242 -0.7573 -0.3895
Y  0.7622 -0.2132 -0.6112
Z  0.3798 -0.6173  0.6890

PART 56
OFFSET  12.1656  0.1851 -3.0276
X -0.9895 -0.0169  0.1436
Y -0.0775 -0.7763 -0.6255
Z  0.1220 -0.6301  0.7669

PART 57
OFFSET  13.7447  0.2367 -3.3826
X -0.8944  0.1242  0.4296
Y -0.3750 -0.7318 -0.5691
Z  0.2437 -0.6701  0.7011

PART 58
OFFSET  14.7072  0.1455 -3.8696
X -0.8941  0.3713 -0.2505
Y  0.4435  0.6563 -0.6104
Z -0.0622 -0.6568 -0.7515

PART 59
OFFSET  12.0770 -2.8131 -5.2098
X -0.9907  0.0793  0.1108
Y -0.0091 -0.8498  0.5270
Z  0.1359  0.5211  0.8426

PART 60
OFFSET  14.3239 -2.8111 -5.4006
X -0.4194 -0.8468  0.3273
Y  0.8860 -0.4603 -0.0555
Z  0.1976  0.2668  0.9433

PART 61
OFFSET  14.9176 -1.6123 -5.8640
X  0.5050 -0.8536  0.1276
Y  0.8492  0.4649 -0.2507
Z  0.1547  0.2350  0.9596

PART 62
OFFSET  14.4698 -0.8555 -5.9772
X  0.9751 -0.1376 -0.1742
Y  0.0817  0.9521 -0.2947
Z  0.2064  0.2731  0.9396

PART 63
OFFSET  13.5435 -0.7248 -5.8117
X -0.8269 -0.5319  0.1824
Y -0.5397  0.8418  0.0083
Z -0.1579 -0.0915 -0.9832

PART 64
OFFSET  12.0382 -2.5723 -4.5389
X -0.9951  0.0489 -0.0860
Y -0.0884 -0.8310  0.5493
Z -0.0446  0.5542  0.8312

PART 65
OFFSET  14.6255 -2.7999 -4.4269
X -0.4506 -0.7853  0.4246
Y  0.8599 -0.5095 -0.0300
Z  0.2399  0.3516  0.9049

PART 66
OFFSET  15.3926 -1.4629 -5.1498
X  0.6787 -0.7272  0.1024
Y  0.7005  0.5992 -0.3877
Z  0.2206  0.3349  0.9161

PART 67
OFFSET  14.4519 -0.4550 -5.2917
X  0.9707  0.0266 -0.2389
Y -0.1054  0.9404 -0.3234
Z  0.2160  0.3391  0.9156

PART 68
OFFSET  13.3992 -0.4839 -5.0326
X -0.7245 -0.5423  0.4255
Y -0.6519  0.7397 -0.1671
Z -0.2242 -0.3984 -0.8894

PART 69
OFFSET  6.7018 -2.1887 -5.3352
X -0.9923 -0.0906 -0.0840
Y -0.0197  0.7870 -0.6166
Z  0.1220 -0.6103 -0.7828

PART 70
OFFSET  14.1697 -2.4015 -2.3088
X -0.9164 -0.2177  0.3359
Y  0.3471 -0.8501  0.3960
Z  0.1993  0.4795  0.8546

PART 71
OFFSET  15.7832 -2.0182 -2.9002
X -0.8635 -0.3168  0.3924
Y  0.4694 -0.7895  0.3955
Z  0.1845  0.5257  0.8304

PART 72
OFFSET  16.8442 -1.6012 -3.3268
X -0.5518 -0.6874  0.4722
Y  0.8232 -0.5395  0.1766
Z  0.1333  0.4862  0.8636

PART 73
OFFSET  17.4674 -0.8247 -3.8602
X -0.5260  0.8476 -0.0702
Y  0.7497  0.4231 -0.5088
Z -0.4015 -0.3203 -0.8580

PART 74
OFFSET  14.4530 -2.8445 -3.2804
X -0.5659 -0.7099  0.4193
Y  0.8211 -0.5312  0.2088
Z  0.0745  0.4625  0.8835

PART 75
OFFSET  15.5585 -1.4577 -4.0995
X  0.5492 -0.7590  0.3496
Y  0.8283  0.4390 -0.3482
Z  0.1109  0.4808  0.8698

PART 76
OFFSET  14.7563 -0.3490 -4.6102
X  0.9890 -0.0321 -0.1441
Y -0.0485  0.8516 -0.5219
Z  0.1395  0.5232  0.8407

PART 77
OFFSET  13.6351 -0.3159 -4.4532
X -0.7363 -0.5528  0.3901
Y -0.6614  0.7095 -0.2431
Z -0.1424 -0.4370 -0.8881

PART 78
OFFSET  0.0000 -0.0000 -0.0000
X  1.0000 -0.0000  0.0000
Y  0.0000  1.0000  0.0000
Z  0.0000 -0.0000  1.0000

PART 79
OFFSET  0.0000 -0.0000 -0.0000
X  0.9987 -0.0000  0.0512
Y  0.0017  0.9995 -0.0323
Z -0.0511  0.0323  0.9982

PART 80
OFFSET  1.3269  0.1336  4.2070
X  0.9987 -0.0000  0.0512
Y  0.0017  0.9995 -0.0323
Z -0.0511  0.0323  0.9982


FRAME 522
PART 0
OFFSET -4.6318 -0.0000 -1.3770
X  1.0000 -0.0000  0.0000
Y  0.0000  1.0000  0.0000
Z  0.0000 -0.0000  1.0000

PART 1
OFFSET -4.6318 -0.0000 -1.3770
X  1.0000 -0.0000  0.0000
Y  0.0000  1.0000  0.0000
Z  0.0000 -0.0000  1.0000

PART 2
OFFSET -5.9446  14.9677 -4.3398
X  0.9625 -0.0926 -0.2552
Y -0.2054 -0.8631 -0.4613
Z -0.1775  0.4964 -0.8497

PART 3
OFFSET  5.6952  13.8474 -7.4257
X  0.5627 -0.7785  0.2781
Y -0.7823 -0.3928  0.4835
Z -0.2671 -0.4896 -0.8300

PART 4
OFFSET  10.4813  7.2260 -5.0607
X  0.5627 -0.7785  0.2781
Y -0.3769  0.0578  0.9245
Z -0.7358 -0.6250 -0.2609

PART 5
OFFSET  12.3331  6.9925 -4.4385
X  0.5681 -0.7748  0.2774
Y  0.2768  0.4974  0.8222
Z -0.7750 -0.3903  0.4970

PART 6
OFFSET  11.8391  6.5722 -5.9919
X  0.5681 -0.7748  0.2774
Y  0.2768  0.4974  0.8222
Z -0.7750 -0.3903  0.4970

PART 7
OFFSET  10.6124  5.5323 -3.1566
X  0.5681 -0.7748  0.2774
Y  0.2768  0.4974  0.8222
Z -0.7750 -0.3903  0.4970

PART 8
OFFSET  10.0336  4.8765 -4.1795
X  0.5681 -0.7748  0.2774
Y  0.2768  0.4974  0.8222
Z -0.7750 -0.3903  0.4970

PART 9
OFFSET  10.4061  5.2555 -5.2534
X  0.5681 -0.7748  0.2774
Y  0.2768  0.4974  0.8222
Z -0.7750 -0.3903  0.4970

PART 10
OFFSET  12.2064  4.8394 -4.2083
X  0.8003 -0.5982 -0.0411
Y -0.0636 -0.1529  0.9862
Z -0.5962 -0.7866 -0.1604

PART 11
OFFSET  12.2602  4.0998 -3.3409
X  0.3735 -0.7996  0.4702
Y -0.0903  0.4732  0.8763
Z -0.9232 -0.3697  0.1045

PART 12
OFFSET  13.0057  2.4009 -2.2329
X  0.5789 -0.7750 -0.2534
Y  0.0201 -0.2971  0.9546
Z -0.8151 -0.5578 -0.1564

PART 13
OFFSET  13.8479  1.1051 -2.7165
X  0.2728 -0.5723 -0.7734
Y  0.3004 -0.7130  0.6336
Z -0.9140 -0.4051 -0.0226

PART 14
OFFSET  14.1061  0.4555 -3.5431
X  0.8503 -0.3092 -0.4258
Y  0.4469  0.8516  0.2741
Z  0.2778 -0.4234  0.8623

PART 15
OFFSET  12.8312  4.3380 -5.3315
X  0.6104 -0.6181 -0.4953
Y -0.7335 -0.6771 -0.0590
Z -0.2989  0.3993 -0.8667

PART 16
OFFSET  14.1562  2.8080 -6.3254
X -0.0806 -0.9922 -0.0947
Y -0.8911  0.0291  0.4528
Z -0.4465  0.1209 -0.8866

PART 17
OFFSET  14.0421  1.4032 -6.4595
X -0.8529 -0.3608  0.3773
Y -0.2987  0.9300  0.2142
Z -0.4281  0.0700 -0.9010

PART 18
OFFSET  13.2859  1.0832 -6.1250
X -0.6091  0.6819  0.4051
Y  0.6603  0.7189 -0.2173
Z -0.4394  0.1351 -0.8881

PART 19
OFFSET  12.7073  1.7310 -5.7401
X  0.1149 -0.9924 -0.0450
Y  0.8349  0.1210 -0.5370
Z  0.5383  0.0241  0.8424

PART 20
OFFSET  13.0482  4.2147 -4.6627
X  0.7775 -0.5270 -0.3430
Y -0.6091 -0.7667 -0.2027
Z -0.1562  0.3665 -0.9172

PART 21
OFFSET  14.8916  2.6297 -5.5836
X -0.2300 -0.9710 -0.0648
Y -0.8764  0.1777  0.4476
Z -0.4231  0.1598 -0.8919

PART 22
OFFSET  14.5001  0.9765 -5.6940
X -0.9066 -0.0796  0.4144
Y -0.0171  0.9882  0.1524
Z -0.4216  0.1311 -0.8972

PART 23
OFFSET  13.2436  0.8663 -5.1196
X -0.5009  0.7923  0.3482
Y  0.7590  0.5955 -0.2632
Z -0.4160  0.1325 -0.8997

PART 24
OFFSET  12.7003  1.7256 -4.7420
X -0.0436 -0.9828 -0.1792
Y  0.9261  0.0276 -0.3763
Z  0.3748 -0.1824  0.9090

PART 25
OFFSET  14.2529  2.3310 -2.8552
X  0.5995 -0.7520 -0.2740
Y  0.8001  0.5723  0.1799
Z  0.0215 -0.3271  0.9447

PART 26
OFFSET  15.4984  2.6856 -3.5652
X -0.3507 -0.9300 -0.1096
Y -0.9288  0.3305  0.1680
Z -0.1200  0.1608 -0.9797

PART 27
OFFSET  14.8808  1.0481 -3.7582
X -0.9941 -0.1086  0.0019
Y -0.1070  0.9823  0.1537
Z -0.0185  0.1526 -0.9881

PART 28
OFFSET  13.6735  0.9068 -3.6959
X -0.8087  0.5516  0.2046
Y  0.5716  0.8190  0.0513
Z -0.1393  0.1584 -0.9775

PART 29
OFFSET  12.7601  1.5298 -3.4649
X -0.2919 -0.8743 -0.3878
Y  0.9536 -0.2974 -0.0472
Z -0.0741 -0.3836  0.9205

PART 30
OFFSET  15.3751  2.7742 -4.6594
X -0.3646 -0.9282 -0.0743
Y -0.9077  0.3365  0.2507
Z -0.2077  0.1588 -0.9652

PART 31
OFFSET  14.6629  0.9609 -4.8046
X -0.9751 -0.1174  0.1880
Y -0.0731  0.9711  0.2273
Z -0.2093  0.2079 -0.9555

PART 32
OFFSET  13.2386  0.7894 -4.5299
X -0.6056  0.7307  0.3151
Y  0.7736  0.6334  0.0181
Z -0.1864  0.2547 -0.9489

PART 33
OFFSET  12.5508  1.6183 -4.1798
X -0.0178 -0.9811 -0.1925
Y  0.9652  0.0333 -0.2592
Z  0.2607 -0.1904  0.9464

PART 34
OFFSET  13.5018  2.1013 -5.0957
X -0.2248  0.3554 -0.9073
Y  0.5962  0.7866  0.1604
Z  0.7707 -0.5049 -0.3887

PART 35
OFFSET  14.2882 -1.0034 -5.8525
X  0.9966 -0.0367 -0.0741
Y  0.0128  0.9539 -0.2998
Z  0.0817  0.2978  0.9511

PART 36
OFFSET  14.2882 -1.0034 -5.8525
X  0.9966 -0.0367 -0.0741
Y  0.0128  0.9539 -0.2998
Z  0.0817  0.2978  0.9511

PART 37
OFFSET  17.5799 -0.8770 -5.8123
X  0.9966 -0.0367 -0.0741
Y  0.0128  0.9539 -0.2998
Z  0.0817  0.2978  0.9511

PART 38
OFFSET  15.8641 -0.5672 -4.3969
X  0.9966 -0.0367 -0.0741
Y  0.0128  0.9539 -0.2998
Z  0.0817  0.2978  0.9511

PART 39
OFFSET -114.6418 -14.8962 -41.4616
X  0.9947 -0.0428 -0.0936
Y  0.0128  0.9539 -0.2998
Z  0.1021  0.2970  0.9494

PART 40
OFFSET  15.7869 -0.7525 -4.9891
X  0.9947 -0.0428 -0.0936
Y  0.0128  0.9539 -0.2998
Z  0.1021  0.2970  0.9494

PART 41
OFFSET  15.8262 -0.1506 -4.8605
X  0.9947 -0.0428 -0.0936
Y  0.0128  0.9539 -0.2998
Z  0.1021  0.2970  0.9494

PART 42
OFFSET  15.8938  0.0435 -4.2608
X  0.9947 -0.0428 -0.0936
Y  0.0128  0.9539 -0.2998
Z  0.1021  0.2970  0.9494

PART 43
OFFSET  15.9201 -0.3814 -3.8032
X  0.9947 -0.0428 -0.0936
Y  0.0128  0.9539 -0.2998
Z  0.1021  0.2970  0.9494

PART 44
OFFSET  15.8807 -0.9859 -3.9337
X  0.9947 -0.0428 -0.0936
Y  0.0128  0.9539 -0.2998
Z  0.1021  0.2970  0.9494

PART 45
OFFSET  15.8144 -1.1688 -4.5247
X  0.9947 -0.0428 -0.0936
Y  0.0128  0.9539 -0.2998
Z  0.1021  0.2970  0.9494

PART 46
OFFSET -112.7990 -14.9755 -41.6349
X  0.9947 -0.0428 -0.0936
Y  0.0128  0.9539 -0.2998
Z  0.1021  0.2970  0.9494

PART 47
OFFSET  14.2740 -0.4665 -4.7572
X  0.9966 -0.0367 -0.0741
Y  0.0128  0.9539 -0.2998
Z  0.0817  0.2978  0.9511

PART 48
OFFSET -7.1370 -6.0490 -0.9016
X -0.6911  0.3747  0.6181
Y  0.0094 -0.8504  0.5260
Z  0.7227  0.3694  0.5841

PART 49
OFFSET  1.2205 -10.5802 -8.3770
X -0.6908 -0.7043 -0.1634
Y  0.6173 -0.4568 -0.6406
Z  0.3765 -0.5434  0.7503

PART 50
OFFSET  7.0962 -4.5896 -6.9872
X -0.6908 -0.7043 -0.1634
Y  0.6611 -0.5238 -0.5372
Z  0.2927 -0.4791  0.8275

PART 51
OFFSET  7.2022 -2.6169 -7.1374
X -0.6955 -0.7001 -0.1616
Y -0.3834  0.5519 -0.7406
Z  0.6077 -0.4531 -0.6522

PART 52
OFFSET  7.1036 -2.2376 -6.0050
X -0.6955 -0.7001 -0.1616
Y -0.3834  0.5519 -0.7406
Z  0.6077 -0.4531 -0.6522

PART 53
OFFSET  7.8042 -2.9857 -5.1330
X -0.6955 -0.7001 -0.1616
Y -0.3834  0.5519 -0.7406
Z  0.6077 -0.4531 -0.6522

PART 54
OFFSET  9.2140 -2.4304 -6.4863
X -0.9706  0.0424 -0.2368
Y  0.1787 -0.5317 -0.8279
Z -0.1610 -0.8459  0.5085

PART 55
OFFSET  9.5442 -1.5891 -5.7896
X -0.5812 -0.7505 -0.3146
Y  0.6511 -0.1969 -0.7330
Z  0.4882 -0.6308  0.6031

PART 56
OFFSET  10.7062  0.0853 -5.0712
X -0.9523 -0.0237  0.3042
Y -0.1795 -0.7627 -0.6213
Z  0.2468 -0.6463  0.7221

PART 57
OFFSET  12.2052  0.1504 -5.6803
X -0.8114  0.1114  0.5738
Y -0.4636 -0.7205 -0.5157
Z  0.3560 -0.6844  0.6363

PART 58
OFFSET  13.0742  0.0735 -6.3211
X -0.9232  0.3734 -0.0914
Y  0.3369  0.6712 -0.6603
Z -0.1852 -0.6404 -0.7454

PART 59
OFFSET  10.2592 -2.8646 -7.2751
X -0.9589  0.0732  0.2742
Y  0.0779 -0.8612  0.5023
Z  0.2729  0.5030  0.8201

PART 60
OFFSET  12.4439 -2.8502 -7.8335
X -0.3596 -0.8553  0.3730
Y  0.8648 -0.4557 -0.2109
Z  0.3504  0.2467  0.9035

PART 61
OFFSET  12.9531 -1.6393 -8.3616
X  0.5191 -0.8544  0.0236
Y  0.7962  0.4734 -0.3767
Z  0.3107  0.2144  0.9260

PART 62
OFFSET  12.4928 -0.8818 -8.3825
X  0.9330 -0.1301 -0.3355
Y  0.0320  0.9586 -0.2829
Z  0.3584  0.2532  0.8986

PART 63
OFFSET  11.6064 -0.7582 -8.0638
X -0.7855 -0.5389  0.3042
Y -0.5310  0.8394  0.1159
Z -0.3178 -0.0705 -0.9455

PART 64
OFFSET  10.3314 -2.6387 -6.6018
X -0.9957  0.0471  0.0802
Y  0.0034 -0.8431  0.5377
Z  0.0930  0.5356  0.8393

PART 65
OFFSET  12.9018 -2.8592 -6.9228
X -0.3744 -0.7961  0.4754
Y  0.8432 -0.5056 -0.1826
Z  0.3857  0.3325  0.8606

PART 66
OFFSET  13.5393 -1.5038 -7.7322
X  0.6863 -0.7268 -0.0271
Y  0.6270  0.6101 -0.4844
Z  0.3686  0.3155  0.8744

PART 67
OFFSET  12.5881 -0.4966 -7.6947
X  0.9180  0.0354 -0.3949
Y -0.1573  0.9468 -0.2806
Z  0.3640  0.3198  0.8748

PART 68
OFFSET  11.5924 -0.5350 -7.2664
X -0.6444 -0.5542  0.5269
Y -0.6705  0.7408 -0.0409
Z -0.3676 -0.3797 -0.8489

PART 69
OFFSET  4.9368 -2.2575 -6.4993
X -0.9926 -0.0925  0.0787
Y -0.1211  0.8003 -0.5873
Z -0.0087 -0.5925 -0.8055

PART 70
OFFSET  12.8014 -2.5091 -4.7502
X -0.8485 -0.2284  0.4774
Y  0.4076 -0.8573  0.3144
Z  0.3374  0.4614  0.8205

PART 71
OFFSET  14.2953 -2.1070 -5.5907
X -0.7870 -0.3285  0.5222
Y  0.5281 -0.7962  0.2951
Z  0.3188  0.5080  0.8002

PART 72
OFFSET  15.2715 -1.6767 -6.1769
X -0.4664 -0.6997  0.5412
Y  0.8411 -0.5402  0.0265
Z  0.2738  0.4676  0.8405

PART 73
OFFSET  15.7983 -0.8864 -6.7882
X -0.5304  0.8469  0.0363
Y  0.6556  0.4370 -0.6158
Z -0.5374 -0.3029 -0.7870

PART 74
OFFSET  12.9207 -2.9296 -5.7648
X -0.4890 -0.7210  0.4909
Y  0.8443 -0.5326  0.0588
Z  0.2191  0.4433  0.8692

PART 75
OFFSET  13.8760 -1.5211 -6.7238
X  0.5994 -0.7645  0.2373
Y  0.7596  0.4496 -0.4701
Z  0.2527  0.4620  0.8501

PART 76
OFFSET  13.0006 -0.4045 -7.0705
X  0.9518 -0.0252 -0.3058
Y -0.1338  0.8627 -0.4877
Z  0.2761  0.5051  0.8177

PART 77
OFFSET  11.9206 -0.3789 -6.7302
X -0.6620 -0.5640  0.4937
Y -0.6925  0.7122 -0.1149
Z -0.2868 -0.4180 -0.8620

PART 78
OFFSET  0.0000 -0.0000 -0.0000
X  1.0000 -0.0000  0.0000
Y  0.0000  1.0000  0.0000
Z  0.0000 -0.0000  1.0000

PART 79
OFFSET -0.0000 -0.0000 -0.0000
X  1.0000 -0.0000 -0.0016
Y  0.0001  0.9989  0.0459
Z  0.0015 -0.0459  0.9989

PART 80
OFFSET  1.5468 -0.1897  4.1290
X  1.0000 -0.0000 -0.0016
Y  0.0001  0.9989  0.0459
Z  0.0015 -0.0459  0.9989


FRAME 523
PART 0
OFFSET -4.6318 -0.0000 -1.3770
X  1.0000 -0.0000  0.0000
Y  0.0000  1.0000  0.0000
Z  0.0000 -0.0000  1.0000

PART 1
OFFSET -4.6318 -0.0000 -1.3770
X  1.0000 -0.0000  0.0000
Y  0.0000  1.0000  0.0000
Z  0.0000 -0.0000  1.0000

PART 2
OFFSET -6.0425  13.5772 -4.4205
X  0.9299 -0.0412 -0.3656
Y -0.1865 -0.9093 -0.3719
Z -0.3171  0.4140 -0.8533

PART 3
OFFSET  5.2032  13.0786 -8.8418
X  0.6043 -0.7379  0.3006
Y -0.7287 -0.3594  0.5829
Z -0.3221 -0.5713 -0.7549

PART 4
OFFSET  10.3433  6.8027 -6.2854
X  0.6043 -0.7379  0.3006
Y -0.3901  0.0549  0.9192
Z -0.6947 -0.6727 -0.2546

PART 5
OFFSET  12.2459  6.6639 -5.8043
X  0.6096 -0.7341  0.2991
Y  0.3308  0.5785  0.7456
Z -0.7204 -0.3555  0.5955

PART 6
OFFSET  11.6359  6.0884 -7.2638
X  0.6096 -0.7341  0.2991
Y  0.3308  0.5785  0.7456
Z -0.7204 -0.3555  0.5955

PART 7
OFFSET  10.6771  5.3009 -4.2496
X  0.6096 -0.7341  0.2991
Y  0.3308  0.5785  0.7456
Z -0.7204 -0.3555  0.5955

PART 8
OFFSET  10.0329  4.5399 -5.1537
X  0.6096 -0.7341  0.2991
Y  0.3308  0.5785  0.7456
Z -0.7204 -0.3555  0.5955

PART 9
OFFSET  10.3047  4.8218 -6.2862
X  0.6096 -0.7341  0.2991
Y  0.3308  0.5785  0.7456
Z -0.7204 -0.3555  0.5955

PART 10
OFFSET  12.1960  4.5407 -5.3640
X  0.8812 -0.4375 -0.1790
Y  0.1135 -0.1716  0.9786
Z -0.4589 -0.8827 -0.1016

PART 11
OFFSET  12.5135  3.8158 -4.5418
X  0.6424 -0.5982  0.4791
Y -0.1261  0.5341  0.8360
Z -0.7560 -0.5974  0.2677

PART 12
OFFSET  13.8450  2.5450 -3.4097
X  0.7712 -0.6159 -0.1608
Y  0.1417 -0.0802  0.9867
Z -0.6206 -0.7837  0.0255

PART 13
OFFSET  15.0121  1.4677 -3.7253
X  0.5551 -0.7314 -0.3962
Y  0.3561 -0.2215  0.9078
Z -0.7517 -0.6450  0.1375

PART 14
OFFSET  15.5841  0.6435 -4.1320
X  0.9660 -0.1712 -0.1937
Y  0.1438  0.9786 -0.1474
Z  0.2148  0.1145  0.9699

PART 15
OFFSET  12.7274  4.1758 -6.5838
X  0.6098 -0.4785 -0.6318
Y -0.6031 -0.7974  0.0218
Z -0.5142  0.3678 -0.7748

PART 16
OFFSET  14.0984  2.9494 -7.8879
X  0.3254 -0.8864 -0.3293
Y -0.7206 -0.4579  0.5206
Z -0.6123  0.0679 -0.7877

PART 17
OFFSET  14.5591  1.6945 -8.3541
X -0.3127 -0.9322  0.1821
Y -0.7543  0.3603  0.5489
Z -0.5773  0.0343 -0.8158

PART 18
OFFSET  14.2818  0.8679 -8.1926
X -0.7353 -0.3886  0.5553
Y -0.2657  0.9190  0.2913
Z -0.6235  0.0667 -0.7790

PART 19
OFFSET  13.5833  0.4987 -7.6651
X  0.8193 -0.2893 -0.4950
Y  0.1938  0.9523 -0.2358
Z  0.5396  0.0973  0.8363

PART 20
OFFSET  13.0607  4.0888 -5.9586
X  0.8010 -0.3690 -0.4715
Y -0.4814 -0.8651 -0.1408
Z -0.3559  0.3397 -0.8706

PART 21
OFFSET  15.0052  2.8855 -7.1954
X  0.2453 -0.9307 -0.2714
Y -0.7816 -0.3555  0.5126
Z -0.5735  0.0864 -0.8146

PART 22
OFFSET  15.4228  1.3011 -7.6575
X -0.5101 -0.8124  0.2824
Y -0.6534  0.5796  0.4870
Z -0.5593  0.0639 -0.8265

PART 23
OFFSET  14.7158  0.1751 -7.2660
X -0.8099 -0.2670  0.5223
Y -0.1847  0.9612  0.2050
Z -0.5567  0.0695 -0.8278

PART 24
OFFSET  13.8374 -0.1145 -6.6996
X  0.7417 -0.3269 -0.5857
Y  0.3369  0.9366 -0.0960
Z  0.5800 -0.1261  0.8048

PART 25
OFFSET  14.8468  2.4463 -4.4163
X  0.6796 -0.6239 -0.3859
Y  0.6992  0.7100  0.0834
Z  0.2220 -0.3265  0.9188

PART 26
OFFSET  15.8858  3.0344 -5.2855
X  0.1235 -0.9744 -0.1876
Y -0.9483 -0.1716  0.2670
Z -0.2924  0.1449 -0.9453

PART 27
OFFSET  16.1034  1.3187 -5.6158
X -0.5997 -0.7995 -0.0333
Y -0.7717  0.5668  0.2883
Z -0.2117  0.1986 -0.9569

PART 28
OFFSET  15.3872  0.3347 -5.5982
X -0.8209 -0.5374  0.1933
Y -0.4875  0.8357  0.2527
Z -0.2974  0.1132 -0.9480

PART 29
OFFSET  14.4599 -0.2723 -5.3798
X  0.6237 -0.5477 -0.5577
Y  0.6696  0.7425  0.0197
Z  0.4033 -0.3857  0.8298

PART 30
OFFSET  15.5864  3.1089 -6.3462
X  0.1054 -0.9784 -0.1778
Y -0.9210 -0.1634  0.3536
Z -0.3750  0.1265 -0.9183

PART 31
OFFSET  15.7923  1.1975 -6.6936
X -0.5772 -0.8096  0.1068
Y -0.7121  0.5630  0.4195
Z -0.3998  0.1661 -0.9014

PART 32
OFFSET  14.9492  0.0150 -6.5376
X -0.8871 -0.3085  0.3432
Y -0.1997  0.9271  0.3172
Z -0.4161  0.2129 -0.8841

PART 33
OFFSET  13.9416 -0.3336 -6.1553
X  0.8344 -0.3692 -0.4093
Y  0.3860  0.9214 -0.0441
Z  0.3934 -0.1212  0.9113

PART 34
OFFSET  13.8247  2.1018 -6.5313
X -0.4190  0.3158 -0.8513
Y  0.4589  0.8827  0.1016
Z  0.7835 -0.3481 -0.5148

PART 35
OFFSET  13.6651 -1.1414 -5.8635
X  0.9908 -0.0104 -0.1349
Y -0.0175  0.9787 -0.2045
Z  0.1342  0.2050  0.9695

PART 36
OFFSET  13.6651 -1.1414 -5.8635
X  0.9908 -0.0104 -0.1349
Y -0.0175  0.9787 -0.2045
Z  0.1342  0.2050  0.9695

PART 37
OFFSET  16.9514 -0.9573 -6.0016
X  0.9908 -0.0104 -0.1349
Y -0.0175  0.9787 -0.2045
Z  0.1342  0.2050  0.9695

PART 38
OFFSET  15.3189 -0.8198 -4.4657
X  0.9908 -0.0104 -0.1349
Y -0.0175  0.9787 -0.2045
Z  0.1342  0.2050  0.9695

PART 39
OFFSET -116.9594 -13.9269 -35.1507
X  0.9879 -0.0146 -0.1547
Y -0.0175  0.9787 -0.2045
Z  0.1544  0.2047  0.9666

PART 40
OFFSET  15.2090 -0.9478 -5.0678
X  0.9879 -0.0146 -0.1547
Y -0.0175  0.9787 -0.2045
Z  0.1544  0.2047  0.9666

PART 41
OFFSET  15.2480 -0.3607 -4.8830
X  0.9879 -0.0146 -0.1547
Y -0.0175  0.9787 -0.2045
Z  0.1544  0.2047  0.9666

PART 42
OFFSET  15.3485 -0.2248 -4.2720
X  0.9879 -0.0146 -0.1547
Y -0.0175  0.9787 -0.2045
Z  0.1544  0.2047  0.9666

PART 43
OFFSET  15.4076 -0.6918 -3.8608
X  0.9879 -0.0146 -0.1547
Y -0.0175  0.9787 -0.2045
Z  0.1544  0.2047  0.9666

PART 44
OFFSET  15.3684 -1.2813 -4.0478
X  0.9879 -0.0146 -0.1547
Y -0.0175  0.9787 -0.2045
Z  0.1544  0.2047  0.9666

PART 45
OFFSET  15.2695 -1.4068 -4.6491
X  0.9879 -0.0146 -0.1547
Y -0.0175  0.9787 -0.2045
Z  0.1544  0.2047  0.9666

PART 46
OFFSET -115.1292 -13.9539 -35.4373
X  0.9879 -0.0146 -0.1547
Y -0.0175  0.9787 -0.2045
Z  0.1544  0.2047  0.9666

PART 47
OFFSET  13.7090 -0.7145 -4.7217
X  0.9908 -0.0104 -0.1349
Y -0.0175  0.9787 -0.2045
Z  0.1342  0.2050  0.9695

PART 48
OFFSET -7.2247 -5.4577 -0.9790
X -0.6269  0.3968  0.6705
Y -0.0539 -0.8806  0.4708
Z  0.7772  0.2590  0.5734

PART 49
OFFSET  0.3567 -10.2569 -9.0877
X -0.7108 -0.6621 -0.2374
Y  0.6102 -0.4126 -0.6763
Z  0.3498 -0.6256  0.6973

PART 50
OFFSET  6.4023 -4.6253 -7.0683
X -0.7108 -0.6621 -0.2374
Y  0.6326 -0.4542 -0.6273
Z  0.3075 -0.5961  0.7417

PART 51
OFFSET  6.5728 -2.6518 -7.0249
X -0.7154 -0.6579 -0.2353
Y -0.3565  0.6333 -0.6869
Z  0.6009 -0.4075 -0.6876

PART 52
OFFSET  6.4725 -2.3811 -5.8620
X -0.7154 -0.6579 -0.2353
Y -0.3565  0.6333 -0.6869
Z  0.6009 -0.4075 -0.6876

PART 53
OFFSET  7.1382 -3.2328 -5.0605
X -0.7154 -0.6579 -0.2353
Y -0.3565  0.6333 -0.6869
Z  0.6009 -0.4075 -0.6876

PART 54
OFFSET  8.5814 -2.5955 -6.3404
X -0.9835  0.0470 -0.1749
Y  0.1362 -0.4448 -0.8852
Z -0.1194 -0.8944  0.4311

PART 55
OFFSET  8.9414 -1.8201 -5.5845
X -0.5889 -0.7271 -0.3529
Y  0.6089 -0.1120 -0.7853
Z  0.5314 -0.6774  0.5087

PART 56
OFFSET  10.1219 -0.2023 -4.7728
X -0.9321 -0.0713  0.3550
Y -0.2061 -0.7016 -0.6821
Z  0.2977 -0.7089  0.6393

PART 57
OFFSET  11.5810 -0.0496 -5.4582
X -0.7772  0.0395  0.6280
Y -0.4839 -0.6754 -0.5565
Z  0.4021 -0.7364  0.5440

PART 58
OFFSET  12.4114 -0.0471 -6.1527
X -0.9318  0.3630 -0.0006
Y  0.2882  0.7387 -0.6093
Z -0.2208 -0.5679 -0.7929

PART 59
OFFSET  9.5835 -2.9308 -7.2273
X -0.9418  0.0279  0.3351
Y  0.1190 -0.9045  0.4096
Z  0.3145  0.4256  0.8485

PART 60
OFFSET  11.7308 -2.8206 -7.9070
X -0.3256 -0.8943  0.3071
Y  0.8566 -0.4164 -0.3045
Z  0.4002  0.1639  0.9017

PART 61
OFFSET  12.1917 -1.5545 -8.3417
X  0.5308 -0.8426 -0.0908
Y  0.7661  0.5229 -0.3737
Z  0.3623  0.1288  0.9231

PART 62
OFFSET  11.7211 -0.8074 -8.2612
X  0.9131 -0.0791 -0.4001
Y  0.0025  0.9821 -0.1884
Z  0.4078  0.1710  0.8969

PART 63
OFFSET  10.8536 -0.7323 -7.8811
X -0.7589 -0.5808  0.2945
Y -0.5341  0.8139  0.2286
Z -0.3725  0.0162 -0.9279

PART 64
OFFSET  9.6927 -2.7704 -6.5404
X -0.9897  0.0202  0.1419
Y  0.0464 -0.8914  0.4508
Z  0.1356  0.4528  0.8813

PART 65
OFFSET  12.2421 -2.9098 -7.0297
X -0.3350 -0.8457  0.4155
Y  0.8375 -0.4693 -0.2800
Z  0.4318  0.2541  0.8654

PART 66
OFFSET  12.8124 -1.4701 -7.7370
X  0.6930 -0.7076 -0.1382
Y  0.5890  0.6662 -0.4574
Z  0.4157  0.2355  0.8785

PART 67
OFFSET  11.8520 -0.4894 -7.5454
X  0.8924  0.0912 -0.4419
Y -0.1861  0.9666 -0.1764
Z  0.4111  0.2396  0.8795

PART 68
OFFSET  10.8842 -0.5883 -7.0661
X -0.6046 -0.6151  0.5061
Y -0.6814  0.7284  0.0712
Z -0.4124 -0.3018 -0.8595

PART 69
OFFSET  4.3091 -2.5031 -6.0888
X -0.9849 -0.1185  0.1265
Y -0.1663  0.8514 -0.4975
Z -0.0487 -0.5110 -0.8582

PART 70
OFFSET  12.2664 -2.7755 -4.8309
X -0.8156 -0.2899  0.5008
Y  0.4368 -0.8760  0.2042
Z  0.3795  0.3853  0.8411

PART 71
OFFSET  13.7023 -2.2650 -5.7127
X -0.7502 -0.3928  0.5319
Y  0.5552 -0.8111  0.1841
Z  0.3591  0.4334  0.8266

PART 72
OFFSET  14.6361 -1.7612 -6.3091
X -0.4242 -0.7579  0.4957
Y  0.8482 -0.5242 -0.0756
Z  0.3171  0.3884  0.8652

PART 73
OFFSET  15.1153 -0.9052 -6.8690
X -0.5384  0.8292  0.1502
Y  0.6120  0.5073 -0.6067
Z -0.5792 -0.2347 -0.7806

PART 74
OFFSET  12.3307 -3.0926 -5.8872
X -0.4495 -0.7746  0.4449
