// Export filename: `C:\projects\cod\t5\xanim_export\t5_viewmodels\python\python_sw_pullout.XANIM_EXPORT`
// Source filename: `D:\projects\devanim\t5\animation_assets\viewmodels\python\ViewModel_python_animated.fbx`
// Export time: Fri Aug 06 01:02:27 2010

ANIMATION
VERSION 3

NUMPARTS 81
PART 0 "tag_ads"
PART 1 "tag_torso"
PART 2 "J_Shoulder_LE"
PART 3 "J_Elbow_LE"
PART 4 "J_WristTwist_LE"
PART 5 "J_Sleave_Reshape_Bottom_LE_1"
PART 6 "J_Sleave_Reshape_Bottom_LE_2"
PART 7 "J_Sleave_Reshape_Top_LE_1"
PART 8 "J_Sleave_Reshape_Top_LE_2"
PART 9 "J_Sleave_Reshape_Top_LE_3"
PART 10 "J_Wrist_LE"
PART 11 "J_Thumb_LE_0"
PART 12 "J_Thumb_LE_1"
PART 13 "J_Thumb_LE_2"
PART 14 "J_Thumb_LE_3"
PART 15 "J_PinkyPalm_LE"
PART 16 "J_Pinky_LE_0"
PART 17 "J_Pinky_LE_1"
PART 18 "J_Pinky_LE_2"
PART 19 "J_Pinky_LE_3"
PART 20 "J_RingPalm_LE"
PART 21 "J_Ring_LE_0"
PART 22 "J_Ring_LE_1"
PART 23 "J_Ring_LE_2"
PART 24 "J_Ring_LE_3"
PART 25 "J_Webbing_LE"
PART 26 "J_Index_LE_0"
PART 27 "J_Index_LE_1"
PART 28 "J_Index_LE_2"
PART 29 "J_Index_LE_3"
PART 30 "J_Mid_LE_0"
PART 31 "J_Mid_LE_1"
PART 32 "J_Mid_LE_2"
PART 33 "J_Mid_LE_3"
PART 34 "tag_knife_attach"
PART 35 "tag_weapon"
PART 36 "J_Gun"
PART 37 "TAG_CLIP"
PART 38 "J_Bolt"
PART 39 "tag_speedloader"
PART 40 "tag_spent0"
PART 41 "tag_spent1"
PART 42 "tag_spent2"
PART 43 "tag_spent3"
PART 44 "tag_spent4"
PART 45 "tag_spent5"
PART 46 "tag_bullets"
PART 47 "J_Press_Rear"
PART 48 "J_Shoulder_RI"
PART 49 "J_Elbow_RI"
PART 50 "J_WristTwist_RI"
PART 51 "J_Sleave_Reshape_Top_RI_3"
PART 52 "J_Sleave_Reshape_Top_RI_2"
PART 53 "J_Sleave_Reshape_Top_RI_1"
PART 54 "J_Wrist_RI"
PART 55 "J_Thumb_RI_0"
PART 56 "J_Thumb_RI_1"
PART 57 "J_Thumb_RI_2"
PART 58 "J_Thumb_RI_3"
PART 59 "J_PinkyPalm_RI"
PART 60 "J_Pinky_RI_0"
PART 61 "J_Pinky_RI_1"
PART 62 "J_Pinky_RI_2"
PART 63 "J_Pinky_RI_3"
PART 64 "J_RingPalm_RI"
PART 65 "J_Ring_RI_0"
PART 66 "J_Ring_RI_1"
PART 67 "J_Ring_RI_2"
PART 68 "J_Ring_RI_3"
PART 69 "J_Webbing_RI"
PART 70 "J_Index_RI_0"
PART 71 "J_Index_RI_1"
PART 72 "J_Index_RI_2"
PART 73 "J_Index_RI_3"
PART 74 "J_Mid_RI_0"
PART 75 "J_Mid_RI_1"
PART 76 "J_Mid_RI_2"
PART 77 "J_Mid_RI_3"
PART 78 "tag_cambone"
PART 79 "tag_camera"
PART 80 "tag_gasmask"

FRAMERATE 30
NUMFRAMES 31

FRAME 140
PART 0
OFFSET -4.6318 -0.0000 -1.3770
X  1.0000 -0.0000  0.0000
Y  0.0000  1.0000  0.0000
Z  0.0000 -0.0000  1.0000

PART 1
OFFSET -4.6318 -0.0000 -1.3770
X  1.0000 -0.0000  0.0000
Y  0.0000  1.0000  0.0000
Z  0.0000 -0.0000  1.0000

PART 2
OFFSET -6.7281  3.8438 -4.9859
X  0.6831  0.0715 -0.7268
Y  0.7301 -0.0433  0.6820
Z  0.0173 -0.9965 -0.0818

PART 3
OFFSET  1.5334  4.7083 -13.7758
X  0.5812  0.8041  0.1251
Y -0.5064  0.2371  0.8290
Z  0.6369 -0.5452  0.5450

PART 4
OFFSET  6.4772  11.5471 -12.7120
X  0.5812  0.8041  0.1251
Y  0.6429 -0.5480  0.5352
Z  0.4989 -0.2307 -0.8354

PART 5
OFFSET  7.2528  12.9087 -13.9017
X  0.5825  0.8041  0.1186
Y -0.6312  0.5395 -0.5572
Z -0.5121  0.2497  0.8218

PART 6
OFFSET  8.1677  11.6666 -13.2281
X  0.5825  0.8041  0.1186
Y -0.6312  0.5395 -0.5572
Z -0.5121  0.2497  0.8218

PART 7
OFFSET  6.3422  13.8728 -11.6706
X  0.5825  0.8041  0.1186
Y -0.6312  0.5395 -0.5572
Z -0.5121  0.2497  0.8218

PART 8
OFFSET  7.0188  13.1216 -10.7820
X  0.5825  0.8041  0.1186
Y -0.6312  0.5395 -0.5572
Z -0.5121  0.2497  0.8218

PART 9
OFFSET  7.6677  12.2547 -11.2951
X  0.5825  0.8041  0.1186
Y -0.6312  0.5395 -0.5572
Z -0.5121  0.2497  0.8218

PART 10
OFFSET  8.2591  14.0121 -12.3286
X  0.9786  0.1205  0.1671
Y  0.0030 -0.8193  0.5734
Z  0.2060 -0.5606 -0.8021

PART 11
OFFSET  8.7868  13.0455 -12.0294
X  0.7306 -0.6824  0.0230
Y -0.6096 -0.6367  0.4722
Z -0.3076 -0.3591 -0.8812

PART 12
OFFSET  10.2855  11.4894 -11.9816
X  0.9833 -0.1818  0.0099
Y -0.1800 -0.9625  0.2030
Z -0.0274 -0.2014 -0.9791

PART 13
OFFSET  11.8805  11.2309 -12.0874
X  0.9672 -0.0623 -0.2463
Y -0.0010 -0.9704  0.2415
Z -0.2540 -0.2333 -0.9386

PART 14
OFFSET  12.9148  11.1363 -12.3926
X  0.8769 -0.0961  0.4709
Y -0.3652  0.5036  0.7829
Z -0.3124 -0.8586  0.4066

PART 15
OFFSET  9.1256  14.8780 -12.9633
X  0.9301  0.3021 -0.2089
Y  0.0405 -0.6497 -0.7591
Z -0.3650  0.6976 -0.6165

PART 16
OFFSET  11.2735  15.3755 -13.4359
X  0.8761 -0.1532 -0.4572
Y -0.3353 -0.8750 -0.3493
Z -0.3465  0.4593 -0.8179

PART 17
OFFSET  12.5139  15.1586 -14.0832
X  0.5293 -0.6437 -0.5527
Y -0.7960 -0.6022 -0.0609
Z -0.2936  0.4722 -0.8312

PART 18
OFFSET  12.9832  14.5879 -14.5732
X  0.0174 -0.8814 -0.4721
Y -0.9363 -0.1800  0.3017
Z -0.3509  0.4367 -0.8283

PART 19
OFFSET  12.9997  13.7505 -15.0217
X  0.6252  0.7240  0.2915
Y -0.7623  0.4865  0.4268
Z  0.1672 -0.4891  0.8561

PART 20
OFFSET  9.3140  14.4383 -12.4335
X  0.9316  0.3629 -0.0219
Y  0.1856 -0.5265 -0.8297
Z -0.3127  0.7688 -0.5578

PART 21
OFFSET  11.7810  15.2109 -12.7082
X  0.8913 -0.1874 -0.4129
Y -0.3765 -0.8133 -0.4436
Z -0.2527  0.5508 -0.7955

PART 22
OFFSET  13.2984  14.8918 -13.4111
X  0.4040 -0.6964 -0.5932
Y -0.8868 -0.4573 -0.0671
Z -0.2245  0.5531 -0.8023

PART 23
OFFSET  13.8583  13.9266 -14.2332
X -0.0144 -0.8220 -0.5693
Y -0.9736 -0.1182  0.1953
Z -0.2279  0.5571 -0.7986

PART 24
OFFSET  13.8427  13.0351 -14.8506
X  0.5567  0.7684  0.3156
Y -0.7787  0.3504  0.5204
Z  0.2893 -0.5355  0.7935

PART 25
OFFSET  11.3908  12.7823 -11.3330
X  0.9774  0.1160 -0.1767
Y  0.0875  0.5390  0.8378
Z  0.1924 -0.8343  0.5167

PART 26
OFFSET  11.9978  14.0721 -10.9470
X  0.8572 -0.1874 -0.4797
Y -0.4675 -0.6740 -0.5720
Z -0.2161  0.7146 -0.6653

PART 27
OFFSET  13.5070  13.7422 -11.7917
X  0.4867 -0.4413 -0.7539
Y -0.8456 -0.4545 -0.2799
Z -0.2191  0.7738 -0.5944

PART 28
OFFSET  14.1120  13.1587 -12.6721
X  0.3806 -0.5935 -0.7092
Y -0.9077 -0.3862 -0.1640
Z -0.1765  0.7061 -0.6857

PART 29
OFFSET  14.5419  12.4883 -13.4731
X  0.6459  0.7404  0.1860
Y -0.6075  0.3508  0.7127
Z  0.4624 -0.5733  0.6764

PART 30
OFFSET  11.9271  14.8475 -11.7308
X  0.8545 -0.2821 -0.4361
Y -0.4990 -0.6789 -0.5386
Z -0.1441  0.6778 -0.7210

PART 31
OFFSET  13.5965  14.2963 -12.5826
X  0.4830 -0.5684 -0.6661
Y -0.8543 -0.4729 -0.2159
Z -0.1923  0.6732 -0.7140

PART 32
OFFSET  14.3020  13.4661 -13.5555
X  0.1145 -0.7021 -0.7028
Y -0.9631 -0.2519  0.0947
Z -0.2435  0.6660 -0.7050

PART 33
OFFSET  14.4306  12.6758 -14.3566
X  0.5429  0.6567  0.5235
Y -0.8266  0.3081  0.4709
Z  0.1479 -0.6884  0.7101

PART 34
OFFSET  11.2244  13.9260 -13.4069
X -0.3503  0.7231 -0.5954
Y -0.2060  0.5606  0.8021
Z  0.9137  0.4036 -0.0474

PART 35
OFFSET  9.1196 -13.9041 -15.5655
X  0.5245 -0.4455 -0.7256
Y  0.1620  0.8889 -0.4286
Z  0.8359  0.1072  0.5383

PART 36
OFFSET  9.1196 -13.9041 -15.5655
X  0.5245 -0.4455 -0.7256
Y  0.1620  0.8889 -0.4286
Z  0.8359  0.1072  0.5383

PART 37
OFFSET  11.1487 -15.1911 -17.8192
X  0.5245 -0.4455 -0.7256
Y  0.1620  0.8889 -0.4286
Z  0.8359  0.1072  0.5383

PART 38
OFFSET  11.2517 -14.3724 -15.7306
X  0.5245 -0.4455 -0.7256
Y  0.1620  0.8889 -0.4286
Z  0.8359  0.1072  0.5383

PART 39
OFFSET -87.1855  10.3061  57.8493
X  0.5258 -0.3364 -0.7813
Y  0.1247  0.9391 -0.3203
Z  0.8414  0.0710  0.5357

PART 40
OFFSET  10.7156 -14.4279 -16.0477
X  0.5073 -0.4476 -0.7365
Y  0.1620  0.8889 -0.4286
Z  0.8464  0.0981  0.5234

PART 41
OFFSET  11.0612 -13.9221 -16.1189
X  0.5073 -0.4476 -0.7365
Y  0.1620  0.8889 -0.4286
Z  0.8464  0.0981  0.5234

PART 42
OFFSET  11.6003 -13.8556 -15.7919
X  0.5073 -0.4476 -0.7365
Y  0.1620  0.8889 -0.4286
Z  0.8464  0.0981  0.5234

PART 43
OFFSET  11.7764 -14.3077 -15.3979
X  0.5073 -0.4476 -0.7365
Y  0.1620  0.8889 -0.4286
Z  0.8464  0.0981  0.5234

PART 44
OFFSET  11.4284 -14.8155 -15.3274
X  0.5073 -0.4476 -0.7365
Y  0.1620  0.8889 -0.4286
Z  0.8464  0.0981  0.5234

PART 45
OFFSET  10.9006 -14.8736 -15.6518
X  0.5073 -0.4476 -0.7365
Y  0.1620  0.8889 -0.4286
Z  0.8464  0.0981  0.5234

PART 46
OFFSET -86.2247  9.6906  56.4217
X  0.5258 -0.3364 -0.7813
Y  0.1247  0.9391 -0.3203
Z  0.8414  0.0710  0.5357

PART 47
OFFSET  10.0925 -13.5609 -14.9144
X  0.5245 -0.4455 -0.7256
Y  0.1620  0.8889 -0.4286
Z  0.8359  0.1072  0.5383

PART 48
OFFSET -7.8386 -1.3192 -1.5206
X -0.4465  0.2371  0.8628
Y -0.8934 -0.1710 -0.4154
Z  0.0491 -0.9563  0.2881

PART 49
OFFSET -2.4382 -4.1861 -11.9551
X -0.6526  0.7573  0.0225
Y  0.1452  0.1541 -0.9773
Z -0.7436 -0.6346 -0.2105

PART 50
OFFSET  3.1128 -10.6275 -12.1461
X -0.6526  0.7573  0.0225
Y -0.5914 -0.4906 -0.6400
Z -0.4737 -0.4310  0.7681

PART 51
OFFSET  4.7953 -11.1042 -11.2146
X -0.6514  0.7581  0.0289
Y  0.7433  0.6302  0.2245
Z  0.1520  0.1677 -0.9741

PART 52
OFFSET  4.4556 -11.9278 -10.4133
X -0.6514  0.7581  0.0289
Y  0.7433  0.6302  0.2245
Z  0.1520  0.1677 -0.9741

PART 53
OFFSET  3.5669 -12.8105 -10.9051
X -0.6514  0.7581  0.0289
Y  0.7433  0.6302  0.2245
Z  0.1520  0.1677 -0.9741

PART 54
OFFSET  5.1136 -12.9493 -12.2149
X -0.7269  0.4805  0.4907
Y -0.6841 -0.4434 -0.5792
Z -0.0607 -0.7566  0.6510

PART 55
OFFSET  6.1256 -12.4269 -12.1441
X -0.8556 -0.3850  0.3460
Y -0.2082 -0.3560 -0.9110
Z  0.4739 -0.8515  0.2245

PART 56
OFFSET  7.9664 -11.5132 -12.8123
X -0.3586  0.3423  0.8685
Y -0.8391 -0.5258 -0.1392
Z  0.4089 -0.7787  0.4758

PART 57
OFFSET  8.4494 -12.0100 -14.2759
X -0.0324  0.3683  0.9291
Y -0.9167 -0.3815  0.1193
Z  0.3984 -0.8478  0.3499

PART 58
OFFSET  8.4818 -12.3630 -15.2987
X -0.4687  0.7379  0.4857
Y -0.0096  0.5455 -0.8380
Z -0.8833 -0.3974 -0.2486

PART 59
OFFSET  5.0084 -13.6778 -13.3819
X -0.3465  0.4359  0.8306
Y  0.0707 -0.8708  0.4865
Z  0.9354  0.2273  0.2709

PART 60
OFFSET  5.9145 -14.5172 -15.2684
X -0.2779 -0.6631  0.6950
Y  0.1885 -0.7471 -0.6374
Z  0.9419 -0.0461  0.3327

PART 61
OFFSET  6.3081 -13.5784 -16.2524
X -0.0037 -0.9888 -0.1494
Y  0.3875  0.1363 -0.9117
Z  0.9219 -0.0612  0.3827

PART 62
OFFSET  6.3113 -12.7018 -16.1199
X  0.2660 -0.4679 -0.8428
Y  0.1871  0.8827 -0.4310
Z  0.9456 -0.0431  0.3223

PART 63
OFFSET  6.0586 -12.2572 -15.3192
X -0.4576 -0.1900  0.8686
Y  0.0896  0.9621  0.2577
Z -0.8846  0.1958 -0.4233

PART 64
OFFSET  5.6145 -13.5944 -13.0140
X -0.5156  0.4536  0.7269
Y  0.0585 -0.8277  0.5581
Z  0.8548  0.3303  0.4002

PART 65
OFFSET  6.8270 -14.8391 -14.9476
X -0.2011 -0.5723  0.7950
Y  0.1656 -0.8198 -0.5482
Z  0.9655  0.0214  0.2597

PART 66
OFFSET  7.1694 -13.8648 -16.3012
X  0.0952 -0.9564 -0.2760
Y  0.2692  0.2916 -0.9179
Z  0.9584  0.0131  0.2852

PART 67
OFFSET  7.0375 -12.5393 -15.9187
X  0.2749 -0.3582 -0.8923
Y  0.0860  0.9335 -0.3482
Z  0.9576  0.0189  0.2874

PART 68
OFFSET  6.7394 -12.1508 -14.9510
X -0.2273 -0.2388  0.9441
Y -0.1283  0.9684  0.2141
Z -0.9654 -0.0724 -0.2507

PART 69
OFFSET  2.6342 -10.9801 -9.3341
X -0.5685  0.3275  0.7547
Y -0.1799  0.8457 -0.5024
Z -0.8028 -0.4214 -0.4219

PART 70
OFFSET  8.4393 -14.7683 -13.4481
X -0.2532  0.0922  0.9630
Y  0.1348 -0.9824  0.1295
Z  0.9580  0.1626  0.2363

PART 71
OFFSET  8.8850 -14.9306 -15.1437
X -0.2235 -0.0295  0.9743
Y  0.2161 -0.9762  0.0200
Z  0.9505  0.2150  0.2246

PART 72
OFFSET  9.2145 -14.8816 -16.3144
X -0.1625 -0.5005  0.8504
Y  0.3100 -0.8441 -0.4376
Z  0.9367  0.1925  0.2923

PART 73
OFFSET  9.3980 -14.3163 -17.2749
X  0.0365  0.9790  0.2004
Y  0.1209  0.1947 -0.9734
Z -0.9920  0.0598 -0.1113

PART 74
OFFSET  7.6305 -15.0624 -14.1409
X -0.2197 -0.5034  0.8356
Y  0.3377 -0.8429 -0.4190
Z  0.9153  0.1902  0.3552

PART 75
OFFSET  8.0597 -14.0789 -15.7734
X  0.2296 -0.9703 -0.0759
Y  0.2906  0.1428 -0.9461
Z  0.9289  0.1952  0.3147

PART 76
OFFSET  7.7243 -12.6617 -15.6625
X  0.3384 -0.3858 -0.8583
Y -0.0930  0.8939 -0.4384
Z  0.9364  0.2282  0.2666

PART 77
OFFSET  7.3344 -12.2258 -14.6926
X -0.2599 -0.2898  0.9211
Y -0.2184  0.9468  0.2362
Z -0.9406 -0.1397 -0.3094

PART 78
OFFSET  0.0000 -0.0000 -0.0000
X  1.0000 -0.0000  0.0000
Y  0.0000  1.0000  0.0000
Z  0.0000 -0.0000  1.0000

PART 79
OFFSET  0.0000 -0.0000 -0.0000
X  1.0000 -0.0000  0.0000
Y  0.0000  1.0000  0.0000
Z  0.0000 -0.0000  1.0000

PART 80
OFFSET  1.5404 -0.0000  4.1357
X  1.0000 -0.0000  0.0000
Y  0.0000  1.0000  0.0000
Z  0.0000 -0.0000  1.0000


FRAME 141
PART 0
OFFSET -4.6318 -0.0000 -1.3770
X  1.0000 -0.0000  0.0000
Y  0.0000  1.0000  0.0000
Z  0.0000 -0.0000  1.0000

PART 1
OFFSET -4.6318 -0.0000 -1.3770
X  1.0000 -0.0000  0.0000
Y  0.0000  1.0000  0.0000
Z  0.0000 -0.0000  1.0000

PART 2
OFFSET -6.7281  3.8438 -4.9859
X  0.6812  0.0589 -0.7297
Y  0.7316 -0.0930  0.6754
Z -0.0281 -0.9939 -0.1064

PART 3
OFFSET  1.5103  4.5556 -13.8111
X  0.5872  0.7867  0.1905
Y -0.5263  0.1921  0.8283
Z  0.6150 -0.5866  0.5268

PART 4
OFFSET  6.5045  11.2470 -12.1904
X  0.5872  0.7867  0.1905
Y  0.5619 -0.5656  0.6037
Z  0.5827 -0.2474 -0.7741

PART 5
OFFSET  7.3289  12.6690 -13.2715
X  0.5886  0.7872  0.1842
Y -0.6091  0.5816 -0.5392
Z -0.5316  0.2052  0.8218

PART 6
OFFSET  8.2099  11.3751 -12.6524
X  0.5886  0.7872  0.1842
Y -0.6091  0.5816 -0.5392
Z -0.5316  0.2052  0.8218

PART 7
OFFSET  6.3687  13.5052 -11.0098
X  0.5886  0.7872  0.1842
Y -0.6091  0.5816 -0.5392
Z -0.5316  0.2052  0.8218

PART 8
OFFSET  7.0114  12.6911 -10.1521
X  0.5886  0.7872  0.1842
Y -0.6091  0.5816 -0.5392
Z -0.5316  0.2052  0.8218

PART 9
OFFSET  7.6637  11.8489 -10.7006
X  0.5886  0.7872  0.1842
Y -0.6091  0.5816 -0.5392
Z -0.5316  0.2052  0.8218

PART 10
OFFSET  8.3045  13.6588 -11.6062
X  0.9727  0.1500  0.1769
Y  0.0094 -0.7875  0.6162
Z  0.2317 -0.5977 -0.7675

PART 11
OFFSET  8.8463  12.7208 -11.2471
X  0.7445 -0.6639  0.0704
Y -0.6038 -0.6245  0.4954
Z -0.2849 -0.4113 -0.8658

PART 12
OFFSET  10.3767  11.2029 -11.0939
X  0.9872 -0.1557  0.0338
Y -0.1592 -0.9550  0.2501
Z -0.0067 -0.2523 -0.9676

PART 13
OFFSET  11.9792  10.9803 -11.1626
X  0.9722 -0.0436 -0.2302
Y  0.0256 -0.9569  0.2893
Z -0.2329 -0.2871 -0.9291

PART 14
OFFSET  13.0203  10.9037 -11.4492
X  0.8725 -0.0450  0.4865
Y -0.3921  0.5297  0.7521
Z -0.2915 -0.8470  0.4445

PART 15
OFFSET  9.1644  14.5082 -12.2715
X  0.9277  0.3099 -0.2084
Y  0.0676 -0.6880 -0.7226
Z -0.3673  0.6562 -0.6591

PART 16
OFFSET  11.3105  15.0246 -12.7322
X  0.8851 -0.1640 -0.4355
Y -0.3171 -0.8975 -0.3065
Z -0.3406  0.4094 -0.8464

PART 17
OFFSET  12.5636  14.7924 -13.3489
X  0.5443 -0.6663 -0.5097
Y -0.7880 -0.6145 -0.0382
Z -0.2877  0.4224 -0.8595

PART 18
OFFSET  13.0462  14.2016 -13.8007
X  0.0308 -0.9062 -0.4217
Y -0.9382 -0.1717  0.3004
Z -0.3446  0.3864 -0.8555

PART 19
OFFSET  13.0754  13.3407 -14.2014
X  0.6153  0.7450  0.2577
Y -0.7717  0.5024  0.3901
Z  0.1611 -0.4389  0.8840

PART 20
OFFSET  9.3523  14.1013 -11.7159
X  0.9242  0.3810 -0.0256
Y  0.2111 -0.5656 -0.7972
Z -0.3182  0.7314 -0.6031

PART 21
OFFSET  11.8077  14.9103 -11.9895
X  0.8993 -0.1956 -0.3912
Y -0.3590 -0.8410 -0.4048
Z -0.2499  0.5045 -0.8265

PART 22
OFFSET  13.3387  14.5774 -12.6556
X  0.4166 -0.7232 -0.5508
Y -0.8817 -0.4691 -0.0508
Z -0.2217  0.5068 -0.8331

PART 23
OFFSET  13.9160  13.5750 -13.4190
X -0.0042 -0.8520 -0.5235
Y -0.9743 -0.1144  0.1939
Z -0.2251  0.5109 -0.8296

PART 24
OFFSET  13.9115  12.6510 -13.9868
X  0.5489  0.7885  0.2774
Y -0.7853  0.3728  0.4944
Z  0.2864 -0.4892  0.8238

PART 25
OFFSET  11.4423  12.5504 -10.4940
X  0.9779  0.1272 -0.1662
Y  0.0615  0.5843  0.8092
Z  0.2001 -0.8015  0.5635

PART 26
OFFSET  12.0158  13.8715 -10.1671
X  0.8655 -0.1999 -0.4594
Y -0.4501 -0.7129 -0.5378
Z -0.2200  0.6722 -0.7069

PART 27
OFFSET  13.5396  13.5196 -10.9759
X  0.4979 -0.4775 -0.7239
Y -0.8377 -0.4809 -0.2590
Z -0.2245  0.7354 -0.6394

PART 28
OFFSET  14.1586  12.8945 -11.8171
X  0.3907 -0.6294 -0.6717
Y -0.9027 -0.4050 -0.1456
Z -0.1804  0.6632 -0.7264

PART 29
OFFSET  14.5999  12.1835 -12.5758
X  0.6369  0.7570  0.1458
Y -0.6150  0.3849  0.6882
Z  0.4649 -0.5280  0.7107

PART 30
OFFSET  11.9434  14.6026 -10.9921
X  0.8636 -0.2912 -0.4115
Y -0.4827 -0.7131 -0.5085
Z -0.1453  0.6378 -0.7564

PART 31
OFFSET  13.6306  14.0337 -11.7960
X  0.4954 -0.5965 -0.6314
Y -0.8468 -0.4936 -0.1981
Z -0.1935  0.6328 -0.7497

PART 32
OFFSET  14.3542  13.1624 -12.7183
X  0.1247 -0.7374 -0.6638
Y -0.9615 -0.2549  0.1025
Z -0.2448  0.6255 -0.7408

PART 33
OFFSET  14.4944  12.3318 -13.4755
X  0.5341  0.6883  0.4909
Y -0.8321  0.3255  0.4491
Z  0.1493 -0.6484  0.7465

PART 34
OFFSET  11.2898  13.5790 -12.6283
X -0.3542  0.6829 -0.6389
Y -0.2317  0.5977  0.7675
Z  0.9060  0.4199 -0.0535

PART 35
OFFSET  9.7374 -13.3337 -14.7599
X  0.5576 -0.4476 -0.6991
Y  0.1740  0.8865 -0.4288
Z  0.8117  0.1174  0.5722

PART 36
OFFSET  9.7374 -13.3337 -14.7599
X  0.5576 -0.4476 -0.6991
Y  0.1740  0.8865 -0.4288
Z  0.8117  0.1174  0.5722

PART 37
OFFSET  11.8684 -14.6244 -16.9152
X  0.5576 -0.4476 -0.6991
Y  0.1740  0.8865 -0.4288
Z  0.8117  0.1174  0.5722

PART 38
OFFSET  11.8777 -13.7882 -14.8310
X  0.5576 -0.4476 -0.6991
Y  0.1740  0.8865 -0.4288
Z  0.8117  0.1174  0.5722

PART 39
OFFSET -89.3099  9.8594  54.6281
X  0.5612 -0.3342 -0.7572
Y  0.1301  0.9391 -0.3181
Z  0.8174  0.0800  0.5705

PART 40
OFFSET  11.3558 -13.8501 -15.1700
X  0.5409 -0.4499 -0.7106
Y  0.1740  0.8865 -0.4288
Z  0.8229  0.1083  0.5578

PART 41
OFFSET  11.7007 -13.3424 -15.2307
X  0.5409 -0.4499 -0.7106
Y  0.1740  0.8865 -0.4288
Z  0.8229  0.1083  0.5578

PART 42
OFFSET  12.2250 -13.2695 -14.8818
X  0.5409 -0.4499 -0.7106
Y  0.1740  0.8865 -0.4288
Z  0.8229  0.1083  0.5578

PART 43
OFFSET  12.3874 -13.7171 -14.4770
X  0.5409 -0.4499 -0.7106
Y  0.1740  0.8865 -0.4288
Z  0.8229  0.1083  0.5578

PART 44
OFFSET  12.0401 -14.2268 -14.4170
X  0.5409 -0.4499 -0.7106
Y  0.1740  0.8865 -0.4288
Z  0.8229  0.1083  0.5578

PART 45
OFFSET  11.5269 -14.2913 -14.7629
X  0.5409 -0.4499 -0.7106
Y  0.1740  0.8865 -0.4288
Z  0.8229  0.1083  0.5578

PART 46
OFFSET -88.2845  9.2480  53.2449
X  0.5612 -0.3342 -0.7572
Y  0.1301  0.9391 -0.3181
Z  0.8174  0.0800  0.5705

PART 47
OFFSET  10.6795 -12.9784 -14.0712
X  0.5576 -0.4476 -0.6991
Y  0.1740  0.8865 -0.4288
Z  0.8117  0.1174  0.5722

PART 48
OFFSET -7.8386 -1.3192 -1.5206
X -0.4216  0.2514  0.8712
Y -0.8921 -0.2871 -0.3489
Z  0.1624 -0.9243  0.3453

PART 49
OFFSET -2.7400 -4.3596 -12.0573
X -0.7196  0.6932 -0.0404
Y  0.1151  0.0616 -0.9914
Z -0.6847 -0.7181 -0.1241

PART 50
OFFSET  3.3808 -10.2552 -11.7133
X -0.7196  0.6932 -0.0404
Y -0.4780 -0.5369 -0.6952
Z -0.5036 -0.4809  0.7177

PART 51
OFFSET  5.1145 -10.4756 -10.7799
X -0.7184  0.6948 -0.0342
Y  0.6851  0.7152  0.1385
Z  0.1206  0.0761 -0.9898

PART 52
OFFSET  4.8652 -11.2365 -9.8884
X -0.7184  0.6948 -0.0342
Y  0.6851  0.7152  0.1385
Z  0.1206  0.0761 -0.9898

PART 53
OFFSET  4.0547 -12.2435 -10.2625
X -0.7184  0.6948 -0.0342
Y  0.6851  0.7152  0.1385
Z  0.1206  0.0761 -0.9898

PART 54
OFFSET  5.5870 -12.3803 -11.5893
X -0.7502  0.4793  0.4556
Y -0.6560 -0.4529 -0.6038
Z -0.0831 -0.7518  0.6541

PART 55
OFFSET  6.5916 -11.8502 -11.4801
X -0.8669 -0.3882  0.3128
Y -0.1672 -0.3648 -0.9160
Z  0.4697 -0.8463  0.2513

PART 56
OFFSET  8.4528 -10.9289 -12.0777
X -0.3973  0.3468  0.8497
Y -0.8290 -0.5328 -0.1701
Z  0.3937 -0.7719  0.4991

PART 57
OFFSET  9.0006 -11.4340 -13.5154
X -0.0741  0.3755  0.9239
Y -0.9183 -0.3870  0.0837
Z  0.3889 -0.8422  0.3735

PART 58
OFFSET  9.0785 -11.7950 -14.5330
X -0.4937  0.7384  0.4593
Y  0.0221  0.5387 -0.8422
Z -0.8693 -0.4057 -0.2823

PART 59
OFFSET  5.5362 -13.1188 -12.7535
X -0.3842  0.4401  0.8116
Y  0.0560 -0.8664  0.4963
Z  0.9216  0.2361  0.3082

PART 60
OFFSET  6.5267 -13.9670 -14.5931
X -0.3026 -0.6594  0.6882
Y  0.2203 -0.7509 -0.6226
Z  0.9273 -0.0368  0.3725

PART 61
OFFSET  6.9552 -13.0334 -15.5674
X  0.0093 -0.9899 -0.1412
Y  0.4247  0.1317 -0.8957
Z  0.9053 -0.0516  0.4217

PART 62
OFFSET  6.9469 -12.1557 -15.4422
X  0.3045 -0.4728 -0.8269
Y  0.1992  0.8805 -0.4301
Z  0.9315 -0.0338  0.3623

PART 63
OFFSET  6.6576 -11.7065 -14.6566
X -0.4926 -0.1863  0.8501
Y  0.0722  0.9647  0.2532
Z -0.8672  0.1861 -0.4618

PART 64
OFFSET  6.1255 -13.0283 -12.3611
X -0.5489  0.4558  0.7007
Y  0.0405 -0.8228  0.5669
Z  0.8349  0.3395  0.4332

PART 65
OFFSET  7.4270 -14.2799 -14.2315
X -0.2310 -0.5661  0.7913
Y  0.1938 -0.8238 -0.5327
Z  0.9535  0.0303  0.3000

PART 66
OFFSET  7.8202 -13.3161 -15.5787
X  0.1128 -0.9583 -0.2624
Y  0.3059  0.2847 -0.9085
Z  0.9453  0.0222  0.3253

PART 67
OFFSET  7.6639 -11.9879 -15.2151
X  0.3146 -0.3648 -0.8763
Y  0.0948  0.9307 -0.3533
Z  0.9445  0.0281  0.3274

PART 68
OFFSET  7.3227 -11.5923 -14.2646
X -0.2655 -0.2314  0.9359
Y -0.1433  0.9695  0.1991
Z -0.9534 -0.0813 -0.2905

PART 69
OFFSET  2.9750 -10.4056 -8.8321
X -0.6021  0.3295  0.7273
Y -0.1642  0.8403 -0.5166
Z -0.7814 -0.4305 -0.4518

PART 70
OFFSET  8.9740 -14.1856 -12.6659
X -0.4269  0.1726  0.8877
Y  0.1409 -0.9569  0.2538
Z  0.8932  0.2335  0.3842

PART 71
OFFSET  9.7257 -14.4895 -14.2288
X -0.4099  0.1131  0.9051
Y  0.2156 -0.9521  0.2167
Z  0.8863  0.2840  0.3659

PART 72
OFFSET  10.2778 -14.6098 -15.3069
X -0.3918 -0.1921  0.8998
Y  0.3276 -0.9430 -0.0587
Z  0.8597  0.2718  0.4324

PART 73
OFFSET  10.7204 -14.3927 -16.3231
X  0.0736  0.9902 -0.1183
Y  0.3532 -0.1368 -0.9255
Z -0.9326  0.0263 -0.3598

PART 74
OFFSET  8.1972 -14.4909 -13.3897
X -0.2514 -0.4982  0.8298
Y  0.3608 -0.8438 -0.3973
Z  0.8981  0.1995  0.3919

PART 75
OFFSET  8.6883 -13.5176 -15.0108
X  0.2392 -0.9692 -0.0581
Y  0.3293  0.1372 -0.9342
Z  0.9134  0.2043  0.3520

PART 76
OFFSET  8.3390 -12.1019 -14.9260
X  0.3769 -0.3902 -0.8400
Y -0.0804  0.8897 -0.4494
Z  0.9228  0.2369  0.3040

PART 77
OFFSET  7.9056 -11.6610 -13.9770
X -0.2966 -0.2842  0.9117
Y -0.2345  0.9471  0.2189
Z -0.9258 -0.1489 -0.3476

PART 78
OFFSET  0.0000 -0.0000 -0.0000
X  1.0000 -0.0000  0.0000
Y  0.0000  1.0000  0.0000
Z  0.0000 -0.0000  1.0000

PART 79
OFFSET  0.0000 -0.0000 -0.0000
X  1.0000 -0.0000  0.0000
Y  0.0000  1.0000  0.0000
Z  0.0000 -0.0000  1.0000

PART 80
OFFSET  1.5404 -0.0000  4.1357
X  1.0000 -0.0000  0.0000
Y  0.0000  1.0000  0.0000
Z  0.0000 -0.0000  1.0000


FRAME 142
PART 0
OFFSET -4.6318 -0.0000 -1.3770
X  1.0000 -0.0000  0.0000
Y  0.0000  1.0000  0.0000
Z  0.0000 -0.0000  1.0000

PART 1
OFFSET -4.6318 -0.0000 -1.3770
X  1.0000 -0.0000  0.0000
Y  0.0000  1.0000  0.0000
Z  0.0000 -0.0000  1.0000

PART 2
OFFSET -6.7281  3.8438 -4.9859
X  0.6847  0.0554 -0.7267
Y  0.7242 -0.1636  0.6699
Z -0.0818 -0.9850 -0.1522

PART 3
OFFSET  1.5530  4.5139 -13.7743
X  0.6095  0.7502  0.2565
Y -0.5390  0.1549  0.8279
Z  0.5813 -0.6429  0.4988

PART 4
OFFSET  6.7369  10.8944 -11.5927
X  0.6095  0.7502  0.2565
Y  0.4784 -0.6060  0.6356
Z  0.6322 -0.2647 -0.7282

PART 5
OFFSET  7.6362  12.3552 -12.5561
X  0.6111  0.7510  0.2502
Y -0.5753  0.6384 -0.5113
Z -0.5437  0.1686  0.8222

PART 6
OFFSET  8.4563  10.9912 -12.0078
X  0.6111  0.7510  0.2502
Y -0.5753  0.6384 -0.5113
Z -0.5437  0.1686  0.8222

PART 7
OFFSET  6.6515  13.0712 -10.2640
X  0.6111  0.7510  0.2502
Y -0.5753  0.6384 -0.5113
Z -0.5437  0.1686  0.8222

PART 8
OFFSET  7.2446  12.1783 -9.4501
X  0.6111  0.7510  0.2502
Y -0.5753  0.6384 -0.5113
Z -0.5437  0.1686  0.8222

PART 9
OFFSET  7.8802  11.3518 -10.0405
X  0.6111  0.7510  0.2502
Y -0.5753  0.6384 -0.5113
Z -0.5437  0.1686  0.8222

PART 10
OFFSET  8.6053  13.1941 -10.8064
X  0.9704  0.1602  0.1805
Y  0.0119 -0.7788  0.6272
Z  0.2411 -0.6065 -0.7577

PART 11
OFFSET  9.1524  12.2656 -10.4310
X  0.7503 -0.6560  0.0820
Y -0.6001 -0.6237  0.5009
Z -0.2774 -0.4250 -0.8616

PART 12
OFFSET  10.6961  10.7642 -10.2521
X  0.9894 -0.1402  0.0379
Y -0.1453 -0.9543  0.2612
Z -0.0005 -0.2639 -0.9646

PART 13
OFFSET  12.3020  10.5651 -10.3146
X  0.9729 -0.0208 -0.2305
Y  0.0499 -0.9536  0.2969
Z -0.2259 -0.3003 -0.9267

PART 14
OFFSET  13.3445  10.5127 -10.6012
X  0.8736 -0.0190  0.4863
Y -0.4051  0.5255  0.7482
Z -0.2697 -0.8506  0.4514

PART 15
OFFSET  9.4625  14.0410 -11.4783
X  0.9269  0.3137 -0.2061
Y  0.0776 -0.6974 -0.7124
Z -0.3672  0.6444 -0.6708

PART 16
OFFSET  11.6080  14.5665 -11.9310
X  0.8857 -0.1722 -0.4312
Y -0.3182 -0.9013 -0.2938
Z -0.3381  0.3974 -0.8531

PART 17
OFFSET  12.8620  14.3227 -12.5415
X  0.5394 -0.6785 -0.4987
Y -0.7923 -0.6095 -0.0278
Z -0.2851  0.4101 -0.8663

PART 18
OFFSET  13.3402  13.7211 -12.9836
X  0.0187 -0.9142 -0.4049
Y -0.9394 -0.1547  0.3058
Z -0.3422  0.3746 -0.8617

PART 19
OFFSET  13.3580  12.8526 -13.3683
X  0.6249  0.7422  0.2423
Y -0.7645  0.5188  0.3826
Z  0.1582 -0.4243  0.8916

PART 20
OFFSET  9.6502  13.6434 -10.9160
X  0.9213  0.3880 -0.0254
Y  0.2204 -0.5749 -0.7880
Z -0.3204  0.7204 -0.6151

PART 21
OFFSET  12.1009  14.4677 -11.1858
X  0.8983 -0.2031 -0.3897
Y -0.3618 -0.8452 -0.3934
Z -0.2495  0.4943 -0.8327

PART 22
OFFSET  13.6302  14.1219 -11.8493
X  0.4055 -0.7360 -0.5422
Y -0.8869 -0.4603 -0.0384
Z -0.2213  0.4965 -0.8394

PART 23
OFFSET  14.1921  13.1020 -12.6007
X -0.0222 -0.8603 -0.5093
Y -0.9742 -0.0958  0.2044
Z -0.2246  0.5007 -0.8360

PART 24
OFFSET  14.1680  12.1689 -13.1530
X  0.5636  0.7842  0.2594
Y -0.7748  0.3931  0.4951
Z  0.2863 -0.4800  0.8292

PART 25
OFFSET  11.7450  12.1264 -9.6603
X  0.9778  0.1327 -0.1621
Y  0.0520  0.5959  0.8013
Z  0.2030 -0.7920  0.5758

PART 26
OFFSET  12.3061  13.4565 -9.3484
X  0.8635 -0.2089 -0.4591
Y -0.4524 -0.7233 -0.5217
Z -0.2231  0.6582 -0.7190

PART 27
OFFSET  13.8263  13.0887 -10.1568
X  0.4874 -0.4958 -0.7187
Y -0.8431 -0.4812 -0.2398
Z -0.2270  0.7229 -0.6526

PART 28
OFFSET  14.4327  12.4420 -10.9909
X  0.3754 -0.6480 -0.6627
Y -0.9084 -0.3993 -0.1241
Z -0.1842  0.6486 -0.7385

PART 29
OFFSET  14.8567  11.7100 -11.7395
X  0.6460  0.7538  0.1200
Y -0.6017  0.4061  0.6878
Z  0.4697 -0.5166  0.7159

PART 30
OFFSET  12.2329  14.1755 -10.1840
X  0.8614 -0.2979 -0.4114
Y -0.4863 -0.7174 -0.4989
Z -0.1465  0.6298 -0.7628

PART 31
OFFSET  13.9157  13.5936 -10.9877
X  0.4856 -0.6081 -0.6280
Y -0.8522 -0.4894 -0.1852
Z -0.1947  0.6251 -0.7558

PART 32
OFFSET  14.6250  12.7054 -11.9050
X  0.1068 -0.7482 -0.6549
Y -0.9634 -0.2408  0.1180
Z -0.2460  0.6183 -0.7465

PART 33
OFFSET  14.7449  11.8626 -12.6521
X  0.5491  0.6880  0.4745
Y -0.8221  0.3426  0.4547
Z  0.1503 -0.6398  0.7537

PART 34
OFFSET  11.5973  13.1240 -11.8096
X -0.3558  0.6711 -0.6504
Y -0.2411  0.6065  0.7577
Z  0.9030  0.4263 -0.0540

PART 35
OFFSET  10.8408 -12.7128 -13.5099
X  0.5997 -0.4616 -0.6537
Y  0.1962  0.8768 -0.4391
Z  0.7758  0.1350  0.6163

PART 36
OFFSET  10.8408 -12.7128 -13.5099
X  0.5997 -0.4616 -0.6537
Y  0.1962  0.8768 -0.4391
Z  0.7758  0.1350  0.6163

PART 37
OFFSET  13.1004 -14.0447 -15.5031
X  0.5997 -0.4616 -0.6537
Y  0.1962  0.8768 -0.4391
Z  0.7758  0.1350  0.6163

PART 38
OFFSET  12.9830 -13.1587 -13.4429
X  0.5997 -0.4616 -0.6537
Y  0.1962  0.8768 -0.4391
Z  0.7758  0.1350  0.6163

PART 39
OFFSET -91.8108  10.7455  49.6518
X  0.6070 -0.3449 -0.7159
Y  0.1435  0.9337 -0.3281
Z  0.7816  0.0964  0.6162

PART 40
OFFSET  12.4825 -13.2312 -13.8106
X  0.5837 -0.4642 -0.6662
Y  0.1962  0.8768 -0.4391
Z  0.7879  0.1255  0.6029

PART 41
OFFSET  12.8287 -12.7235 -13.8631
X  0.5837 -0.4642 -0.6662
Y  0.1962  0.8768 -0.4391
Z  0.7879  0.1255  0.6029

PART 42
OFFSET  13.3310 -12.6397 -13.4856
X  0.5837 -0.4642 -0.6662
Y  0.1962  0.8768 -0.4391
Z  0.7879  0.1255  0.6029

PART 43
OFFSET  13.4706 -13.0767 -13.0611
X  0.5837 -0.4642 -0.6662
Y  0.1962  0.8768 -0.4391
Z  0.7879  0.1255  0.6029

PART 44
OFFSET  13.1220 -13.5865 -13.0095
X  0.5837 -0.4642 -0.6662
Y  0.1962  0.8768 -0.4391
Z  0.7879  0.1255  0.6029

PART 45
OFFSET  12.6305 -13.6617 -13.3835
X  0.5837 -0.4642 -0.6662
Y  0.1962  0.8768 -0.4391
Z  0.7879  0.1255  0.6029

PART 46
OFFSET -90.7020  10.1147  48.3442
X  0.6070 -0.3449 -0.7159
Y  0.1435  0.9337 -0.3281
Z  0.7816  0.0964  0.6162

PART 47
OFFSET  11.7392 -12.3366 -12.7754
X  0.5997 -0.4616 -0.6537
Y  0.1962  0.8768 -0.4391
Z  0.7758  0.1350  0.6163

PART 48
OFFSET -7.8386 -1.3192 -1.5206
X -0.4189  0.2969  0.8581
Y -0.8594 -0.4348 -0.2691
Z  0.2932 -0.8502  0.4373

PART 49
OFFSET -2.7726 -4.9102 -11.8985
X -0.8019  0.5871 -0.1109
Y  0.0946 -0.0585 -0.9938
Z -0.5899 -0.8074 -0.0086

PART 50
OFFSET  4.0479 -9.9036 -10.9553
X -0.8019  0.5871 -0.1109
Y -0.3346 -0.5951 -0.7307
Z -0.4950 -0.5488  0.6737

PART 51
OFFSET  5.8065 -9.7803 -10.0510
X -0.8008  0.5896 -0.1049
Y  0.5908  0.8065  0.0232
Z  0.0983 -0.0434 -0.9942

PART 52
OFFSET  5.6659 -10.4393 -9.0601
X -0.8008  0.5896 -0.1049
Y  0.5908  0.8065  0.0232
Z  0.0983 -0.0434 -0.9942

PART 53
OFFSET  4.9848 -11.5799 -9.2748
X -0.8008  0.5896 -0.1049
Y  0.5908  0.8065  0.0232
Z  0.0983 -0.0434 -0.9942

PART 54
OFFSET  6.5063 -11.7034 -10.6153
X -0.7775  0.4865  0.3985
Y -0.6175 -0.4704 -0.6305
Z -0.1193 -0.7363  0.6661

PART 55
OFFSET  7.5008 -11.1660 -10.4596
X -0.8826 -0.3847  0.2701
Y -0.1112 -0.3875 -0.9152
Z  0.4567 -0.8378  0.2992

PART 56
OFFSET  9.3912 -10.2505 -10.9678
X -0.4482  0.3652  0.8159
Y -0.8156 -0.5407 -0.2060
Z  0.3659 -0.7578  0.5402

PART 57
OFFSET  10.0251 -10.7874 -12.3578
X -0.1301  0.3972  0.9085
Y -0.9203 -0.3892  0.0384
Z  0.3688 -0.8311  0.4162

PART 58
OFFSET  10.1645 -11.1723 -13.3599
X -0.5226  0.7469  0.4112
Y  0.0704  0.5184 -0.8522
Z -0.8497 -0.4165 -0.3235

PART 59
OFFSET  6.5271 -12.4699 -11.7622
X -0.4332  0.4576  0.7765
Y  0.0293 -0.8539  0.5196
Z  0.9008  0.2478  0.3565

PART 60
OFFSET  7.6281 -13.3573 -13.5186
X -0.3408 -0.6442  0.6848
Y  0.2594 -0.7645 -0.5901
Z  0.9037 -0.0234  0.4276

PART 61
OFFSET  8.1106 -12.4453 -14.4881
X  0.0210 -0.9930 -0.1164
Y  0.4768  0.1122 -0.8718
Z  0.8788 -0.0372  0.4758

PART 62
OFFSET  8.0919 -11.5649 -14.3850
X  0.3546 -0.4911 -0.7957
Y  0.2215  0.8709 -0.4387
Z  0.9084 -0.0207  0.4176

PART 63
OFFSET  7.7550 -11.0983 -13.6290
X -0.5417 -0.1681  0.8236
Y  0.0538  0.9708  0.2336
Z -0.8389  0.1708 -0.5168

PART 64
OFFSET  7.0918 -12.3671 -11.3378
X -0.5911  0.4699  0.6556
Y  0.0094 -0.8087  0.5881
Z  0.8066  0.3538  0.4736

PART 65
OFFSET  8.5063 -13.6570 -13.0967
X -0.2760 -0.5468  0.7904
Y  0.2275 -0.8362 -0.4991
Z  0.9338  0.0421  0.3552

PART 66
OFFSET  8.9762 -12.7260 -14.4425
X  0.1309 -0.9642 -0.2307
Y  0.3586  0.2630 -0.8957
Z  0.9243  0.0345  0.3802

PART 67
OFFSET  8.7948 -11.3898 -14.1228
X  0.3672 -0.3855 -0.8465
Y  0.1130  0.9218 -0.3707
Z  0.9233  0.0404  0.3821

PART 68
OFFSET  8.3966 -10.9717 -13.2047
X -0.3200 -0.2088  0.9241
Y -0.1576  0.9736  0.1654
Z -0.9342 -0.0927 -0.3444

PART 69
OFFSET  3.7285 -9.6755 -8.0665
X -0.6453  0.3440  0.6821
Y -0.1360  0.8269 -0.5457
Z -0.7517 -0.4449 -0.4868

PART 70
OFFSET  9.9572 -13.5179 -11.4449
X -0.6028  0.2557  0.7558
Y  0.0946 -0.9177  0.3858
Z  0.7923  0.3041  0.5290

PART 71
OFFSET  11.0185 -13.9680 -12.7757
X -0.5989  0.2551  0.7591
Y  0.1387 -0.9006  0.4120
Z  0.7888  0.3520  0.5040

PART 72
OFFSET  11.7945 -14.2567 -13.6680
X -0.6357  0.1328  0.7604
Y  0.1917 -0.9271  0.3221
Z  0.7477  0.3506  0.5639

PART 73
OFFSET  12.5125 -14.4067 -14.5269
X  0.2442  0.8923 -0.3797
Y  0.5580 -0.4496 -0.6975
Z -0.7931 -0.0415 -0.6076

PART 74
OFFSET  9.2258 -13.8442 -12.2059
X -0.2986 -0.4794  0.8253
Y  0.3865 -0.8514 -0.3547
Z  0.8726  0.2131  0.4395

PART 75
OFFSET  9.8092 -12.9077 -13.8181
X  0.2454 -0.9692 -0.0203
Y  0.3838  0.1163 -0.9161
Z  0.8902  0.2170  0.4005

PART 76
OFFSET  9.4507 -11.4921 -13.7885
X  0.4275 -0.4085 -0.8065
Y -0.0565  0.8783 -0.4748
Z  0.9023  0.2485  0.3523

PART 77
OFFSET  8.9602 -11.0306 -12.8779
X -0.3493 -0.2636  0.8991
Y -0.2502  0.9510  0.1816
Z -0.9030 -0.1616 -0.3982

PART 78
OFFSET  0.0000 -0.0000 -0.0000
X  1.0000 -0.0000  0.0000
Y  0.0000  1.0000  0.0000
Z  0.0000 -0.0000  1.0000

PART 79
OFFSET  0.0000 -0.0000 -0.0000
X  1.0000 -0.0000  0.0000
Y  0.0000  1.0000  0.0000
Z  0.0000 -0.0000  1.0000

PART 80
OFFSET  1.5404 -0.0000  4.1357
X  1.0000 -0.0000  0.0000
Y  0.0000  1.0000  0.0000
Z  0.0000 -0.0000  1.0000


FRAME 143
PART 0
OFFSET -4.6318 -0.0000 -1.3770
X  1.0000 -0.0000  0.0000
Y  0.0000  1.0000  0.0000
Z  0.0000 -0.0000  1.0000

PART 1
OFFSET -4.6318 -0.0000 -1.3770
X  1.0000 -0.0000  0.0000
Y  0.0000  1.0000  0.0000
Z  0.0000 -0.0000  1.0000

PART 2
OFFSET -6.7281  3.8438 -4.9859
X  0.6943  0.0592 -0.7172
Y  0.7063 -0.2468  0.6634
Z -0.1378 -0.9673 -0.2132

PART 3
OFFSET  1.6691  4.5593 -13.6598
X  0.6411  0.6978  0.3195
Y -0.5479  0.1245  0.8273
Z  0.5375 -0.7054  0.4621

PART 4
OFFSET  7.1218  10.4943 -10.9422
X  0.6411  0.6978  0.3195
Y  0.3990 -0.6587  0.6379
Z  0.6556 -0.2815 -0.7007

PART 5
OFFSET  8.1139  11.9701 -11.7840
X  0.6429  0.6990  0.3133
Y -0.5313  0.7016 -0.4749
Z -0.5517  0.1388  0.8224

PART 6
OFFSET  8.8524  10.5304 -11.3193
X  0.6429  0.6990  0.3133
Y -0.5313  0.7016 -0.4749
Z -0.5517  0.1388  0.8224

PART 7
OFFSET  7.1186  12.5747 -9.4645
X  0.6429  0.6990  0.3133
Y -0.5313  0.7016 -0.4749
Z -0.5517  0.1388  0.8224

PART 8
OFFSET  7.6486  11.5976 -8.7055
X  0.6429  0.6990  0.3133
Y -0.5313  0.7016 -0.4749
Z -0.5517  0.1388  0.8224

PART 9
OFFSET  8.2538  10.7824 -9.3418
X  0.6429  0.6990  0.3133
Y -0.5313  0.7016 -0.4749
Z -0.5517  0.1388  0.8224

PART 10
OFFSET  9.0872  12.6335 -9.9626
X  0.9711  0.1567  0.1798
Y  0.0128 -0.7871  0.6167
Z  0.2381 -0.5966 -0.7664

PART 11
OFFSET  9.6342  11.6994 -9.6013
X  0.7499 -0.6577  0.0707
Y -0.5990 -0.6299  0.4943
Z -0.2806 -0.4131 -0.8664

PART 12
OFFSET  11.1771  10.1943 -9.4476
X  0.9896 -0.1405  0.0324
Y -0.1441 -0.9578  0.2486
Z -0.0039 -0.2507 -0.9681

PART 13
OFFSET  12.7827  9.9965 -9.5186
X  0.9719 -0.0152 -0.2348
Y  0.0533 -0.9577  0.2828
Z -0.2292 -0.2874 -0.9300

PART 14
OFFSET  13.8242  9.9506 -9.8103
X  0.8757 -0.0240  0.4823
Y -0.4031  0.5137  0.7574
Z -0.2659 -0.8576  0.4401

PART 15
OFFSET  9.9434  13.4882 -10.6257
X  0.9268  0.3151 -0.2044
Y  0.0748 -0.6880 -0.7219
Z -0.3681  0.6537 -0.6612

PART 16
OFFSET  12.0885  14.0167 -11.0771
X  0.8836 -0.1693 -0.4367
Y -0.3222 -0.8964 -0.3044
Z -0.3399  0.4096 -0.8466

PART 17
OFFSET  13.3395  13.7770 -11.6953
X  0.5344 -0.6743 -0.5096
Y -0.7950 -0.6058 -0.0322
Z -0.2870  0.4223 -0.8598

PART 18
OFFSET  13.8133  13.1792 -12.1471
X  0.0121 -0.9092 -0.4162
Y -0.9388 -0.1536  0.3083
Z -0.3442  0.3871 -0.8554

PART 19
OFFSET  13.8248  12.3154 -12.5426
X  0.6299  0.7358  0.2486
Y -0.7600  0.5180  0.3925
Z  0.1600 -0.4361  0.8855

PART 20
OFFSET  10.1323  13.0829 -10.0693
X  0.9217  0.3872 -0.0229
Y  0.2174 -0.5646 -0.7962
Z -0.3212  0.7289 -0.6046

PART 21
OFFSET  12.5833  13.9077 -10.3351
X  0.8959 -0.2008 -0.3963
Y -0.3663 -0.8386 -0.4031
Z -0.2514  0.5063 -0.8249

PART 22
OFFSET  14.1085  13.5659 -11.0098
X  0.3989 -0.7308 -0.5539
Y -0.8894 -0.4554 -0.0397
Z -0.2232  0.5085 -0.8316

PART 23
OFFSET  14.6614  12.5530 -11.7774
X -0.0303 -0.8536 -0.5201
Y -0.9735 -0.0927  0.2089
Z -0.2265  0.5126 -0.8282

PART 24
OFFSET  14.6285  11.6273 -12.3414
X  0.5698  0.7775  0.2660
Y -0.7696  0.3913  0.5046
Z  0.2882 -0.4923  0.8213

PART 25
OFFSET  12.2289  11.5469 -8.8399
X  0.9775  0.1337 -0.1632
Y  0.0550  0.5852  0.8090
Z  0.2037 -0.7998  0.5646

PART 26
OFFSET  12.7925  12.8720 -8.5121
X  0.8606 -0.2057 -0.4659
Y -0.4570 -0.7156 -0.5282
Z -0.2248  0.6675 -0.7099

PART 27
OFFSET  14.3076  12.5099 -9.3324
X  0.4810 -0.4893 -0.7275
Y -0.8465 -0.4750 -0.2402
Z -0.2280  0.7314 -0.6427

PART 28
OFFSET  14.9062  11.8706 -10.1778
X  0.3677 -0.6420 -0.6727
Y -0.9111 -0.3935 -0.1225
Z -0.1861  0.6580 -0.7297

PART 29
OFFSET  15.3216  11.1454 -10.9377
X  0.6504  0.7493  0.1243
Y -0.5950  0.4009  0.6966
Z  0.4721 -0.5270  0.7066

PART 30
OFFSET  12.7177  13.6021 -9.3377
X  0.8584 -0.2949 -0.4197
Y -0.4911 -0.7088 -0.5064
Z -0.1481  0.6408 -0.7533

PART 31
OFFSET  14.3947  13.0259 -10.1576
X  0.4794 -0.6015 -0.6390
Y -0.8554 -0.4831 -0.1869
Z -0.1963  0.6362 -0.7461

PART 32
OFFSET  15.0949  12.1473 -11.0910
X  0.0984 -0.7399 -0.6654
Y -0.9639 -0.2372  0.1212
Z -0.2475  0.6295 -0.7366

PART 33
OFFSET  15.2053  11.3139 -11.8499
X  0.5560  0.6786  0.4799
Y -0.8172  0.3409  0.4647
Z  0.1517 -0.6506  0.7441

PART 34
OFFSET  12.0761  12.5732 -10.9754
X -0.3568  0.6802 -0.6404
Y -0.2381  0.5966  0.7664
Z  0.9033  0.4259 -0.0509

PART 35
OFFSET  12.2086 -12.0500 -11.9862
X  0.6471 -0.4801 -0.5923
Y  0.2250  0.8625 -0.4532
Z  0.7285  0.1600  0.6661

PART 36
OFFSET  12.2086 -12.0500 -11.9862
X  0.6471 -0.4801 -0.5923
Y  0.2250  0.8625 -0.4532
Z  0.7285  0.1600  0.6661

PART 37
OFFSET  14.6114 -13.4360 -13.7634
X  0.6471 -0.4801 -0.5923
Y  0.2250  0.8625 -0.4532
Z  0.7285  0.1600  0.6661

PART 38
OFFSET  14.3416 -12.4816 -11.7485
X  0.6471 -0.4801 -0.5923
Y  0.2250  0.8625 -0.4532
Z  0.7285  0.1600  0.6661

PART 39
OFFSET -94.4405  12.0506  43.1320
X  0.6593 -0.3609 -0.6596
Y  0.1619  0.9248 -0.3443
Z  0.7342  0.1202  0.6682

PART 40
OFFSET  13.8694 -12.5692 -12.1491
X  0.6320 -0.4832 -0.6058
Y  0.2250  0.8625 -0.4532
Z  0.7415  0.1501  0.6539

PART 41
OFFSET  14.2170 -12.0617 -12.1935
X  0.6320 -0.4832 -0.6058
Y  0.2250  0.8625 -0.4532
Z  0.7415  0.1501  0.6539

PART 42
OFFSET  14.6902 -11.9624 -11.7835
X  0.6320 -0.4832 -0.6058
Y  0.2250  0.8625 -0.4532
Z  0.7415  0.1501  0.6539

PART 43
OFFSET  14.7998 -12.3842 -11.3354
X  0.6320 -0.4832 -0.6058
Y  0.2250  0.8625 -0.4532
Z  0.7415  0.1501  0.6539

PART 44
OFFSET  14.4500 -12.8938 -11.2919
X  0.6320 -0.4832 -0.6058
Y  0.2250  0.8625 -0.4532
Z  0.7415  0.1501  0.6539

PART 45
OFFSET  13.9872 -12.9842 -11.6979
X  0.6320 -0.4832 -0.6058
Y  0.2250  0.8625 -0.4532
Z  0.7415  0.1501  0.6539

PART 46
OFFSET -93.2363  11.3908  41.9276
X  0.6593 -0.3609 -0.6596
Y  0.1619  0.9248 -0.3443
Z  0.7342  0.1202  0.6682

PART 47
OFFSET  13.0500 -11.6443 -11.2016
X  0.6471 -0.4801 -0.5923
Y  0.2250  0.8625 -0.4532
Z  0.7285  0.1600  0.6661

PART 48
OFFSET -7.8386 -1.3192 -1.5206
X -0.4548  0.3469  0.8202
Y -0.8010 -0.5620 -0.2064
Z  0.3894 -0.7508  0.5335

PART 49
OFFSET -2.3383 -5.5149 -11.4405
X -0.8651  0.4712 -0.1720
Y  0.1045 -0.1660 -0.9806
Z -0.4906 -0.8663  0.0944

PART 50
OFFSET  5.0197 -9.5226 -9.9776
X -0.8651  0.4712 -0.1720
Y -0.2071 -0.6478 -0.7331
Z -0.4569 -0.5986  0.6580

PART 51
OFFSET  6.7481 -9.0859 -9.1131
X -0.8644  0.4746 -0.1664
Y  0.4915  0.8672 -0.0798
Z  0.1064 -0.1507 -0.9828

PART 52
OFFSET  6.6826 -9.6329 -8.0490
X -0.8644  0.4746 -0.1664
Y  0.4915  0.8672 -0.0798
Z  0.1064 -0.1507 -0.9828

PART 53
OFFSET  6.1414 -10.8630 -8.1183
X -0.8644  0.4746 -0.1664
Y  0.4915  0.8672 -0.0798
Z  0.1064 -0.1507 -0.9828

PART 54
OFFSET  7.6718 -10.9671 -9.4503
X -0.8059  0.4954  0.3242
Y -0.5685 -0.4947 -0.6573
Z -0.1653 -0.7140  0.6803

PART 55
OFFSET  8.6508 -10.4194 -9.2411
X -0.8988 -0.3802  0.2182
Y -0.0431 -0.4187 -0.9071
Z  0.4363 -0.8247  0.3599

PART 56
OFFSET  10.5704 -9.5113 -9.6415
X -0.5075  0.3900  0.7683
Y -0.7968 -0.5518 -0.2462
Z  0.3279 -0.7372  0.5908

PART 57
OFFSET  11.3054 -10.0913 -10.9627
X -0.1971  0.4269  0.8826
Y -0.9195 -0.3927 -0.0154
Z  0.3400 -0.8146  0.4700

PART 58
OFFSET  11.5186 -10.5090 -11.9383
X -0.5534  0.7575  0.3464
Y  0.1307  0.4897 -0.8620
Z -0.8226 -0.4318 -0.3700

PART 59
OFFSET  7.7785 -11.7718 -10.5659
X -0.4900  0.4812  0.7269
Y -0.0061 -0.8357  0.5491
Z  0.8717  0.2646  0.4124

PART 60
OFFSET  9.0070 -12.7119 -12.2065
X -0.3878 -0.6225  0.6798
Y  0.3040 -0.7826 -0.5433
Z  0.8702 -0.0040  0.4927

PART 61
OFFSET  9.5561 -11.8305 -13.1688
X  0.0324 -0.9962 -0.0806
Y  0.5387  0.0854 -0.8382
Z  0.8419 -0.0163  0.5394

PART 62
OFFSET  9.5274 -10.9472 -13.0973
X  0.4131 -0.5157 -0.7506
Y  0.2502  0.8568 -0.4509
Z  0.8756 -0.0016  0.4830

PART 63
OFFSET  9.1349 -10.4573 -12.3842
X -0.5997 -0.1432  0.7873
Y  0.0337  0.9785  0.2037
Z -0.7995  0.1487 -0.5819

PART 64
OFFSET  8.3105 -11.6517 -10.1053
X -0.6386  0.4885  0.5946
Y -0.0310 -0.7884  0.6144
Z  0.7689  0.3740  0.5186

PART 65
OFFSET  9.8531 -12.9925 -11.7119
X -0.3315 -0.5202  0.7870
Y  0.2653 -0.8520 -0.4514
Z  0.9054  0.0591  0.4205

PART 66
OFFSET  10.4175 -12.1067 -13.0519
X  0.1497 -0.9710 -0.1864
Y  0.4223  0.2333 -0.8759
Z  0.8940  0.0524  0.4450

PART 67
OFFSET  10.2100 -10.7610 -12.7935
X  0.4288 -0.4130 -0.8035
Y  0.1375  0.9089 -0.3938
Z  0.8929  0.0584  0.4465

PART 68
OFFSET  9.7450 -10.3131 -11.9221
X -0.3860 -0.1779  0.9052
Y -0.1716  0.9779  0.1191
Z -0.9064 -0.1094 -0.4080

PART 69
OFFSET  4.7098 -8.8697 -7.1807
X -0.6943  0.3633  0.6213
Y -0.0984  0.8073 -0.5819
Z -0.7129 -0.4652 -0.5247

PART 70
OFFSET  11.1795 -12.7897 -9.9647
X -0.6570  0.2777  0.7009
Y  0.0690 -0.9036  0.4227
Z  0.7507  0.3261  0.5745

PART 71
OFFSET  12.3362 -13.2787 -11.1988
