// Export filename: `C:\projects\cod\t5\xanim_export\t5_viewmodels\python\python_dw_full_putaway.XANIM_EXPORT`
// Source filename: `D:\projects\devanim\t5\animation_assets\viewmodels/python/ViewModel_python_DW_animated.fbx`
// Export time: Thu Aug 05 23:16:20 2010

ANIMATION
VERSION 3

NUMPARTS 94
PART 0 "tag_ads"
PART 1 "tag_torso"
PART 2 "J_Shoulder_LE"
PART 3 "J_Elbow_LE"
PART 4 "J_WristTwist_LE"
PART 5 "J_Sleave_Reshape_Bottom_LE_1"
PART 6 "J_Sleave_Reshape_Bottom_LE_2"
PART 7 "J_Sleave_Reshape_Top_LE_1"
PART 8 "J_Sleave_Reshape_Top_LE_2"
PART 9 "J_Sleave_Reshape_Top_LE_3"
PART 10 "J_Wrist_LE"
PART 11 "J_Thumb_LE_0"
PART 12 "J_Thumb_LE_1"
PART 13 "J_Thumb_LE_2"
PART 14 "J_Thumb_LE_3"
PART 15 "J_PinkyPalm_LE"
PART 16 "J_Pinky_LE_0"
PART 17 "J_Pinky_LE_1"
PART 18 "J_Pinky_LE_2"
PART 19 "J_Pinky_LE_3"
PART 20 "J_RingPalm_LE"
PART 21 "J_Ring_LE_0"
PART 22 "J_Ring_LE_1"
PART 23 "J_Ring_LE_2"
PART 24 "J_Ring_LE_3"
PART 25 "J_Webbing_LE"
PART 26 "J_Index_LE_0"
PART 27 "J_Index_LE_1"
PART 28 "J_Index_LE_2"
PART 29 "J_Index_LE_3"
PART 30 "J_Mid_LE_0"
PART 31 "J_Mid_LE_1"
PART 32 "J_Mid_LE_2"
PART 33 "J_Mid_LE_3"
PART 34 "tag_knife_attach"
PART 35 "tag_weapon"
PART 36 "J_Gun"
PART 37 "TAG_CLIP"
PART 38 "J_Bolt"
PART 39 "tag_speedloader"
PART 40 "tag_spent0"
PART 41 "tag_spent1"
PART 42 "tag_spent2"
PART 43 "tag_spent3"
PART 44 "tag_spent4"
PART 45 "tag_spent5"
PART 46 "tag_bullets"
PART 47 "J_Press_Rear"
PART 48 "tag_weapon1"
PART 49 "J_Gun1"
PART 50 "TAG_CLIP1"
PART 51 "J_Bolt1"
PART 52 "tag_speedloader1"
PART 53 "tag_spent01"
PART 54 "tag_spent11"
PART 55 "tag_spent21"
PART 56 "tag_spent31"
PART 57 "tag_spent41"
PART 58 "tag_spent51"
PART 59 "tag_bullets1"
PART 60 "J_Press_Rear1"
PART 61 "J_Shoulder_RI"
PART 62 "J_Elbow_RI"
PART 63 "J_WristTwist_RI"
PART 64 "J_Sleave_Reshape_Top_RI_3"
PART 65 "J_Sleave_Reshape_Top_RI_2"
PART 66 "J_Sleave_Reshape_Top_RI_1"
PART 67 "J_Wrist_RI"
PART 68 "J_Thumb_RI_0"
PART 69 "J_Thumb_RI_1"
PART 70 "J_Thumb_RI_2"
PART 71 "J_Thumb_RI_3"
PART 72 "J_PinkyPalm_RI"
PART 73 "J_Pinky_RI_0"
PART 74 "J_Pinky_RI_1"
PART 75 "J_Pinky_RI_2"
PART 76 "J_Pinky_RI_3"
PART 77 "J_RingPalm_RI"
PART 78 "J_Ring_RI_0"
PART 79 "J_Ring_RI_1"
PART 80 "J_Ring_RI_2"
PART 81 "J_Ring_RI_3"
PART 82 "J_Webbing_RI"
PART 83 "J_Index_RI_0"
PART 84 "J_Index_RI_1"
PART 85 "J_Index_RI_2"
PART 86 "J_Index_RI_3"
PART 87 "J_Mid_RI_0"
PART 88 "J_Mid_RI_1"
PART 89 "J_Mid_RI_2"
PART 90 "J_Mid_RI_3"
PART 91 "tag_cambone"
PART 92 "tag_camera"
PART 93 "tag_gasmask"

FRAMERATE 30
NUMFRAMES 26

FRAME 300
PART 0
OFFSET  0.0000 -0.0000 -0.0000
X  1.0000 -0.0000  0.0000
Y  0.0000  1.0000  0.0000
Z  0.0000 -0.0000  1.0000

PART 1
OFFSET -4.6318 -0.0000 -1.3770
X  1.0000 -0.0000  0.0000
Y  0.0000  1.0000  0.0000
Z  0.0000 -0.0000  1.0000

PART 2
OFFSET -9.2817  11.3680 -3.1869
X  0.7800 -0.1290 -0.6124
Y  0.0336 -0.9685  0.2469
Z -0.6249 -0.2132 -0.7510

PART 3
OFFSET  0.1513  9.8076 -10.5927
X  0.8010 -0.3359  0.4955
Y -0.5239  0.0070  0.8517
Z -0.2896 -0.9419 -0.1704

PART 4
OFFSET  6.9644  6.9504 -6.3783
X  0.8010 -0.3359  0.4955
Y -0.5979 -0.4066  0.6908
Z -0.0306 -0.8496 -0.5265

PART 5
OFFSET  8.8963  7.3185 -6.4328
X  0.8049 -0.3334  0.4909
Y  0.2948  0.9426  0.1567
Z -0.5150  0.0185  0.8570

PART 6
OFFSET  8.2230  5.9131 -7.0696
X  0.8049 -0.3334  0.4909
Y  0.2948  0.9426  0.1567
Z -0.5150  0.0185  0.8570

PART 7
OFFSET  7.9543  7.0558 -4.0287
X  0.8049 -0.3334  0.4909
Y  0.2948  0.9426  0.1567
Z -0.5150  0.0185  0.8570

PART 8
OFFSET  7.3778  5.8431 -4.1199
X  0.8049 -0.3334  0.4909
Y  0.2948  0.9426  0.1567
Z -0.5150  0.0185  0.8570

PART 9
OFFSET  7.3973  5.3943 -5.2308
X  0.8049 -0.3334  0.4909
Y  0.2948  0.9426  0.1567
Z -0.5150  0.0185  0.8570

PART 10
OFFSET  9.4200  5.9206 -4.8592
X  0.9508  0.2198  0.2185
Y -0.1504 -0.2892  0.9454
Z  0.2710 -0.9317 -0.2419

PART 11
OFFSET  9.8138  5.3578 -3.9479
X  0.6456 -0.5710  0.5072
Y -0.6104  0.0133  0.7920
Z -0.4589 -0.8209 -0.3399

PART 12
OFFSET  11.1205  4.0814 -2.7933
X  0.9595  0.0114 -0.2815
Y  0.2424 -0.5423  0.8045
Z -0.1435 -0.8401 -0.5231

PART 13
OFFSET  12.6389  4.0380 -3.3543
X  0.7584 -0.0055 -0.6518
Y  0.5648 -0.4938  0.6612
Z -0.3255 -0.8696 -0.3714

PART 14
OFFSET  13.4537  3.9838 -4.0649
X  0.8853  0.4528 -0.1064
Y -0.3597  0.8115  0.4606
Z  0.2949 -0.3695  0.8812

PART 15
OFFSET  10.4404  6.2280 -5.7355
X  0.9547  0.1012 -0.2797
Y  0.0349 -0.9719 -0.2326
Z -0.2954  0.2123 -0.9315

PART 16
OFFSET  12.6328  6.3054 -6.2567
X  0.2993 -0.9270 -0.2261
Y -0.8088 -0.3722  0.4553
Z -0.5062  0.0466 -0.8612

PART 17
OFFSET  13.0566  4.9930 -6.5769
X -0.5047 -0.8230  0.2608
Y -0.7238  0.5680  0.3917
Z -0.4705  0.0089 -0.8823

PART 18
OFFSET  12.6092  4.2633 -6.3456
X -0.8582 -0.0253  0.5126
Y  0.0061  0.9982  0.0595
Z -0.5132  0.0542 -0.8565

PART 19
OFFSET  11.7938  4.2392 -5.8586
X  0.7268 -0.6151 -0.3056
Y  0.4920  0.7767 -0.3932
Z  0.4792  0.1354  0.8672

PART 20
OFFSET  10.5117  6.2142 -5.0253
X  0.9526  0.2924 -0.0838
Y  0.2578 -0.9224 -0.2876
Z -0.1614  0.2524 -0.9541

PART 21
OFFSET  13.0529  6.6276 -5.3857
X  0.3067 -0.8900 -0.3374
Y -0.7766 -0.4389  0.4520
Z -0.5504  0.1234 -0.8257

PART 22
OFFSET  13.5750  5.1124 -5.9601
X -0.6438 -0.6924  0.3259
Y -0.5474  0.7143  0.4361
Z -0.5347  0.1023 -0.8388

PART 23
OFFSET  12.6828  4.1528 -5.5084
X -0.8292  0.1378  0.5417
Y  0.1740  0.9846  0.0158
Z -0.5312  0.1074 -0.8404

PART 24
OFFSET  11.7834  4.3022 -4.9210
X  0.5539 -0.6701 -0.4942
Y  0.6404  0.7222 -0.2614
Z  0.5320 -0.1717  0.8291

PART 25
OFFSET  12.2574  5.6395 -2.8142
X  0.9990  0.0037 -0.0445
Y  0.0113  0.9433  0.3317
Z  0.0432 -0.3319  0.9423

PART 26
OFFSET  12.9105  6.9051 -3.2048
X  0.8938 -0.2987 -0.3345
Y -0.3259 -0.9450 -0.0271
Z -0.3080  0.1332 -0.9420

PART 27
OFFSET  14.4842  6.3792 -3.7938
X  0.8127 -0.4301 -0.3932
Y -0.4768 -0.8787 -0.0243
Z -0.3350  0.2072 -0.9191

PART 28
OFFSET  15.4925  5.8437 -4.2159
X  0.6763 -0.6853 -0.2702
Y -0.6947 -0.7153  0.0757
Z -0.2451  0.1365 -0.9598

PART 29
OFFSET  16.2564  5.0697 -4.5211
X  0.3380  0.9072 -0.2503
Y -0.8139  0.4153  0.4063
Z  0.4725  0.0664  0.8788

PART 30
OFFSET  13.0209  7.0284 -4.2971
X  0.4707 -0.8005 -0.3710
Y -0.7657 -0.5795  0.2791
Z -0.4384  0.1527 -0.8857

PART 31
OFFSET  13.9404  5.4645 -5.0219
X -0.5331 -0.8373  0.1209
Y -0.7003  0.5170  0.4922
Z -0.4747  0.1778 -0.8620

PART 32
OFFSET  13.1617  4.2414 -4.8454
X -0.8630  0.0048  0.5052
Y  0.1168  0.9748  0.1903
Z -0.4916  0.2232 -0.8417

PART 33
OFFSET  12.1807  4.2477 -4.2792
X  0.6186 -0.6405 -0.4551
Y  0.6064  0.7575 -0.2419
Z  0.4997 -0.1264  0.8569

PART 34
OFFSET  12.4917  5.2526 -5.1449
X -0.1970  0.1923 -0.9613
Y -0.2710  0.9317  0.2419
Z  0.9422  0.3082 -0.1314

PART 35
OFFSET  14.4142 -5.2386 -3.9150
X  1.0000  0.0001 -0.0000
Y -0.0001  0.9965  0.0833
Z  0.0000 -0.0833  0.9965

PART 36
OFFSET  14.4142 -5.2386 -3.9150
X  1.0000  0.0001 -0.0000
Y -0.0001  0.9965  0.0833
Z  0.0000 -0.0833  0.9965

PART 37
OFFSET  17.6869 -5.1167 -3.5589
X  1.0000  0.0001 -0.0000
Y -0.0001  0.9965  0.0833
Z  0.0000 -0.0833  0.9965

PART 38
OFFSET  15.8608 -5.3753 -2.2776
X  1.0000  0.0001 -0.0000
Y -0.0001  0.9965  0.0833
Z  0.0000 -0.0833  0.9965

PART 39
OFFSET -320.3348 -5.1251  0.0032
X  0.9998  0.0018 -0.0204
Y -0.0001  0.9965  0.0833
Z  0.0204 -0.0833  0.9963

PART 40
OFFSET  15.7866 -5.3371 -2.9267
X  0.9998  0.0018 -0.0204
Y -0.0001  0.9965  0.0833
Z  0.0204 -0.0833  0.9963

PART 41
OFFSET  15.7941 -4.7972 -2.5647
X  0.9998  0.0018 -0.0204
Y -0.0001  0.9965  0.0833
Z  0.0204 -0.0833  0.9963

PART 42
OFFSET  15.8099 -4.8434 -1.9320
X  0.9998  0.0018 -0.0204
Y -0.0001  0.9965  0.0833
Z  0.0204 -0.0833  0.9963

PART 43
OFFSET  15.8179 -5.4220 -1.6532
X  0.9998  0.0018 -0.0204
Y -0.0001  0.9965  0.0833
Z  0.0204 -0.0833  0.9963

PART 44
OFFSET  15.8105 -5.9527 -2.0193
X  0.9998  0.0018 -0.0204
Y -0.0001  0.9965  0.0833
Z  0.0204 -0.0833  0.9963

PART 45
OFFSET  15.7949 -5.8843 -2.6380
X  0.9998  0.0018 -0.0204
Y -0.0001  0.9965  0.0833
Z  0.0204 -0.0833  0.9963

PART 46
OFFSET -318.4825 -5.1218 -0.0346
X  0.9998  0.0018 -0.0204
Y -0.0001  0.9965  0.0833
Z  0.0204 -0.0833  0.9963

PART 47
OFFSET  14.2991 -5.1556 -2.7034
X  0.9989 -0.0038  0.0471
Y -0.0001  0.9965  0.0833
Z -0.0472 -0.0832  0.9954

PART 48
OFFSET  14.4142  5.2441 -3.7130
X  1.0000  0.0001 -0.0000
Y -0.0001  0.9975 -0.0704
Z -0.0000  0.0704  0.9975

PART 49
OFFSET  14.4142  5.2441 -3.7130
X  1.0000  0.0001 -0.0000
Y -0.0001  0.9975 -0.0704
Z -0.0000  0.0704  0.9975

PART 50
OFFSET  17.6869  5.4191 -3.3797
X  1.0000  0.0001 -0.0000
Y -0.0001  0.9975 -0.0704
Z -0.0000  0.0704  0.9975

PART 51
OFFSET  15.8608  5.3599 -2.0740
X  1.0000  0.0001 -0.0000
Y -0.0001  0.9975 -0.0704
Z -0.0000  0.0704  0.9975

PART 52
OFFSET -320.3348  5.9563  0.1364
X  0.9998 -0.0013 -0.0204
Y -0.0001  0.9975 -0.0704
Z  0.0204  0.0704  0.9973

PART 53
OFFSET  15.7925  5.2983 -2.7207
X  0.9998 -0.0013 -0.0204
Y -0.0001  0.9975 -0.0704
Z  0.0204  0.0704  0.9973

PART 54
OFFSET  15.8005  5.8773 -2.4476
X  0.9998 -0.0013 -0.0204
Y -0.0001  0.9975 -0.0704
Z  0.0204  0.0704  0.9973

PART 55
OFFSET  15.8166  5.9467 -1.8201
X  0.9998 -0.0013 -0.0204
Y -0.0001  0.9975 -0.0704
Z  0.0204  0.0704  0.9973

PART 56
OFFSET  15.8245  5.3943 -1.4359
X  0.9998 -0.0013 -0.0204
Y -0.0001  0.9975 -0.0704
Z  0.0204  0.0704  0.9973

PART 57
OFFSET  15.8166  4.8463 -1.7243
X  0.9998 -0.0013 -0.0204
Y -0.0001  0.9975 -0.0704
Z  0.0204  0.0704  0.9973

PART 58
OFFSET  15.8007  4.7868 -2.3698
X  0.9998 -0.0013 -0.0204
Y -0.0001  0.9975 -0.0704
Z  0.0204  0.0704  0.9973

PART 59
OFFSET -318.4825  5.9539  0.0986
X  0.9998 -0.0013 -0.0204
Y -0.0001  0.9975 -0.0704
Z  0.0204  0.0704  0.9973

PART 60
OFFSET  14.2991  5.5118 -2.5284
X  0.9989  0.0034  0.0471
Y -0.0001  0.9975 -0.0704
Z -0.0472  0.0703  0.9964

PART 61
OFFSET -9.2817 -11.3680 -3.1869
X -0.7728 -0.1294  0.6213
Y -0.0349 -0.9688 -0.2452
Z  0.6337 -0.2112  0.7442

PART 62
OFFSET  0.0641 -9.8025 -10.7013
X -0.8088 -0.3379 -0.4814
Y  0.5099  0.0049 -0.8602
Z  0.2930 -0.9412  0.1683

PART 63
OFFSET  6.9431 -6.9287 -6.6071
X -0.8088 -0.3379 -0.4814
Y  0.5870 -0.4122 -0.6968
Z  0.0370 -0.8461  0.5317

PART 64
OFFSET  7.5205 -5.4423 -5.2508
X -0.8126 -0.3353 -0.4767
Y -0.2980  0.9420 -0.1546
Z  0.5009  0.0164 -0.8654

PART 65
OFFSET  7.4514 -5.7184 -4.1419
X -0.8126 -0.3353 -0.4767
Y -0.2980  0.9420 -0.1546
Z  0.5009  0.0164 -0.8654

PART 66
OFFSET  8.1403 -6.9268 -4.2469
X -0.8126 -0.3353 -0.4767
Y -0.2980  0.9420 -0.1546
Z  0.5009  0.0164 -0.8654

PART 67
OFFSET  9.4226 -5.8928 -5.1314
X -0.9484  0.2309 -0.2172
Y  0.1464 -0.2889 -0.9461
Z -0.2812 -0.9291  0.2402

PART 68
OFFSET  9.8234 -5.3364 -4.2193
X -0.6965 -0.5598 -0.4489
Y  0.6139 -0.1410 -0.7767
Z  0.3715 -0.8166  0.4418

PART 69
OFFSET  11.2445 -4.0690 -3.1976
X -0.9676  0.0189  0.2516
Y -0.2162 -0.5763 -0.7881
Z  0.1301 -0.8170  0.5618

PART 70
OFFSET  12.7792 -4.0425 -3.7137
X -0.7709  0.1302  0.6235
Y -0.5899 -0.5152 -0.6218
Z  0.2402 -0.8471  0.4740

PART 71
OFFSET  13.6119 -4.1358 -4.3991
X -0.8449  0.5341  0.0276
Y  0.4392  0.7225 -0.5340
Z -0.3052 -0.4390 -0.8451

PART 72
OFFSET  10.4386 -6.2097 -6.0092
X -0.9533  0.1113  0.2808
Y -0.0456 -0.9720  0.2305
Z  0.2986  0.2069  0.9317

PART 73
OFFSET  12.6296 -6.3105 -6.5326
X -0.2420 -0.9610  0.1336
Y  0.8333 -0.2764 -0.4787
Z  0.4970 -0.0045  0.8678

PART 74
OFFSET  12.9724 -4.9499 -6.7217
X  0.4631 -0.8388 -0.2864
Y  0.7554  0.5425 -0.3675
Z  0.4637 -0.0462  0.8848

PART 75
OFFSET  12.5618 -4.2062 -6.4678
X  0.8596 -0.0525 -0.5082
Y  0.0463  0.9986 -0.0248
Z  0.5088 -0.0023  0.8609

PART 76
OFFSET  11.7451 -4.1564 -5.9850
X -0.7602 -0.5864  0.2798
Y -0.4539  0.7874  0.4171
Z -0.4649  0.1901 -0.8647

PART 77
OFFSET  10.5107 -6.1983 -5.2991
X -0.9852  0.1472  0.0874
Y -0.1189 -0.9557  0.2694
Z  0.1232  0.2550  0.9591

PART 78
OFFSET  13.0468 -6.6393 -5.6625
X -0.2544 -0.9352  0.2462
Y  0.8013 -0.3464 -0.4878
Z  0.5415  0.0732  0.8375

PART 79
OFFSET  13.4800 -5.0471 -6.0817
X  0.6125 -0.7146 -0.3381
Y  0.5885  0.6977 -0.4085
Z  0.5278  0.0512  0.8478

PART 80
OFFSET  12.6312 -4.0568 -5.6131
X  0.8429  0.1110 -0.5265
Y -0.1235  0.9923  0.0114
Z  0.5237  0.0554  0.8501

PART 81
OFFSET  11.7170 -4.1771 -5.0421
X -0.5943 -0.6550  0.4667
Y -0.6067  0.7460  0.2745
Z -0.5280 -0.1200 -0.8407

PART 82
OFFSET  5.2008 -5.1856 -5.1066
X -0.9989  0.0148  0.0454
Y -0.0010  0.9441 -0.3297
Z -0.0477 -0.3294 -0.9430

PART 83
OFFSET  12.9032 -6.9199 -3.4822
X -0.8588 -0.3654  0.3591
Y  0.3902 -0.9207 -0.0036
Z  0.3320  0.1370  0.9333

PART 84
OFFSET  14.4153 -6.2766 -4.1145
X -0.7835 -0.5019  0.3663
Y  0.5359 -0.8442 -0.0103
Z  0.3144  0.1882  0.9305

PART 85
OFFSET  15.3869 -5.6550 -4.5033
X -0.6180 -0.7349  0.2794
Y  0.7384 -0.6645 -0.1144
Z  0.2697  0.1356  0.9533

PART 86
OFFSET  16.0850 -4.8250 -4.8188
X -0.3895  0.8772  0.2805
Y  0.7687  0.4774 -0.4257
Z -0.5074  0.0498 -0.8603

PART 87
OFFSET  13.0113 -7.0420 -4.5748
X -0.3759 -0.8639  0.3352
Y  0.8336 -0.4733 -0.2850
Z  0.4048  0.1723  0.8980

PART 88
OFFSET  13.7456 -5.3543 -5.2297
X  0.5432 -0.8358 -0.0797
Y  0.7190  0.5121 -0.4699
Z  0.4336  0.1979  0.8791

PART 89
OFFSET  12.9522 -4.1335 -5.1133
X  0.8824 -0.0004 -0.4705
Y -0.1157  0.9691 -0.2178
Z  0.4561  0.2466  0.8551

PART 90
OFFSET  11.9496 -4.1341 -4.5866
X -0.6319 -0.6344  0.4453
Y -0.6207  0.7582  0.1996
Z -0.4642 -0.1503 -0.8729

PART 91
OFFSET  0.0000 -0.0000 -0.0000
X  1.0000 -0.0000  0.0000
Y  0.0000  1.0000  0.0000
Z  0.0000 -0.0000  1.0000

PART 92
OFFSET  0.0000 -0.0000 -0.0000
X  1.0000 -0.0000  0.0000
Y  0.0000  1.0000  0.0000
Z  0.0000 -0.0000  1.0000

PART 93
OFFSET  1.5404 -0.0000  4.1357
X  1.0000 -0.0000  0.0000
Y  0.0000  1.0000  0.0000
Z  0.0000 -0.0000  1.0000


FRAME 301
PART 0
OFFSET  0.0000 -0.0000 -0.0000
X  1.0000 -0.0000  0.0000
Y  0.0000  1.0000  0.0000
Z  0.0000 -0.0000  1.0000

PART 1
OFFSET -4.6318 -0.0000 -1.3770
X  1.0000 -0.0000  0.0000
Y  0.0000  1.0000  0.0000
Z  0.0000 -0.0000  1.0000

PART 2
OFFSET -9.2817  11.3680 -3.1869
X  0.7795 -0.1287 -0.6130
Y  0.0311 -0.9695  0.2431
Z -0.6256 -0.2085 -0.7518

PART 3
OFFSET  0.1458  9.8113 -10.6006
X  0.7983 -0.3400  0.4971
Y -0.5266  0.0063  0.8501
Z -0.2922 -0.9404 -0.1741

PART 4
OFFSET  6.9359  6.9194 -6.3729
X  0.7983 -0.3400  0.4971
Y -0.6012 -0.4028  0.6901
Z -0.0344 -0.8498 -0.5260

PART 5
OFFSET  8.8692  7.2811 -6.4203
X  0.8023 -0.3375  0.4924
Y  0.2974  0.9412  0.1604
Z -0.5176  0.0178  0.8554

PART 6
OFFSET  8.1933  5.8799 -7.0633
X  0.8023 -0.3375  0.4924
Y  0.2974  0.9412  0.1604
Z -0.5176  0.0178  0.8554

PART 7
OFFSET  7.9187  7.0147 -4.0199
X  0.8023 -0.3375  0.4924
Y  0.2974  0.9412  0.1604
Z -0.5176  0.0178  0.8554

PART 8
OFFSET  7.3385  5.8041 -4.1165
X  0.8023 -0.3375  0.4924
Y  0.2974  0.9412  0.1604
Z -0.5176  0.0178  0.8554

PART 9
OFFSET  7.3600  5.3585 -5.2285
X  0.8023 -0.3375  0.4924
Y  0.2974  0.9412  0.1604
Z -0.5176  0.0178  0.8554

PART 10
OFFSET  9.3833  5.8770 -4.8491
X  0.9518  0.2215  0.2122
Y -0.1455 -0.2829  0.9481
Z  0.2700 -0.9332 -0.2370

PART 11
OFFSET  9.7819  5.3205 -3.9360
X  0.6483 -0.5673  0.5077
Y -0.6064  0.0185  0.7950
Z -0.4604 -0.8233 -0.3320

PART 12
OFFSET  11.0948  4.0522 -2.7795
X  0.9580  0.0097 -0.2865
Y  0.2467 -0.5368  0.8069
Z -0.1459 -0.8437 -0.5166

PART 13
OFFSET  12.6104  4.0055 -3.3480
X  0.7550 -0.0097 -0.6556
Y  0.5683 -0.4891  0.6617
Z -0.3271 -0.8722 -0.3638

PART 14
OFFSET  13.4216  3.9468 -4.0624
X  0.8846  0.4523 -0.1139
Y -0.3576  0.8145  0.4569
Z  0.2995 -0.3634  0.8822

PART 15
OFFSET  10.3990  6.1787 -5.7326
X  0.9533  0.0996 -0.2853
Y  0.0340 -0.9735 -0.2262
Z -0.3002  0.2059 -0.9314

PART 16
OFFSET  12.5888  6.2532 -6.2656
X  0.2985 -0.9284 -0.2213
Y -0.8064 -0.3694  0.4619
Z -0.5106  0.0406 -0.8589

PART 17
OFFSET  13.0113  4.9388 -6.5790
X -0.5031 -0.8214  0.2689
Y -0.7220  0.5704  0.3916
Z -0.4750  0.0028 -0.8800

PART 18
OFFSET  12.5653  4.2105 -6.3405
X -0.8556 -0.0221  0.5172
Y  0.0061  0.9986  0.0527
Z -0.5176  0.0483 -0.8543

PART 19
OFFSET  11.7525  4.1896 -5.8492
X  0.7254 -0.6170 -0.3051
Y  0.4898  0.7742 -0.4010
Z  0.4836  0.1414  0.8638

PART 20
OFFSET  10.4740  6.1698 -5.0228
X  0.9521  0.2921 -0.0907
Y  0.2566 -0.9242 -0.2827
Z -0.1664  0.2459 -0.9549

PART 21
OFFSET  13.0132  6.5815 -5.3989
X  0.3052 -0.8922 -0.3329
Y -0.7741 -0.4360  0.4590
Z -0.5546  0.1176 -0.8237

PART 22
OFFSET  13.5328  5.0625 -5.9657
X -0.6419 -0.6903  0.3338
Y -0.5454  0.7170  0.4340
Z -0.5390  0.0965 -0.8368

PART 23
OFFSET  12.6432  4.1057 -5.5030
X -0.8265  0.1412  0.5450
Y  0.1737  0.9848  0.0083
Z -0.5355  0.1015 -0.8384

PART 24
OFFSET  11.7469  4.2589 -4.9120
X  0.5516 -0.6732 -0.4925
Y  0.6389  0.7206 -0.2695
Z  0.5363 -0.1660  0.8275

PART 25
OFFSET  12.2311  5.6105 -2.8168
X  0.9988  0.0037 -0.0497
Y  0.0127  0.9455  0.3253
Z  0.0481 -0.3255  0.9443

PART 26
OFFSET  12.8819  6.8737 -3.2193
X  0.8922 -0.3007 -0.3371
Y -0.3258 -0.9453 -0.0190
Z -0.3129  0.1267 -0.9413

PART 27
OFFSET  14.4527  6.3442 -3.8127
X  0.8108 -0.4325 -0.3944
Y -0.4766 -0.8790 -0.0159
Z -0.3398  0.2009 -0.9188

PART 28
OFFSET  15.4590  5.8062 -4.2364
X  0.6751 -0.6869 -0.2690
Y -0.6940 -0.7150  0.0841
Z -0.2501  0.1299 -0.9595

PART 29
OFFSET  16.2216  5.0303 -4.5402
X  0.3364  0.9056 -0.2582
Y -0.8120  0.4178  0.4076
Z  0.4770  0.0725  0.8759

PART 30
OFFSET  12.9867  6.9895 -4.3129
X  0.4690 -0.8029 -0.3680
Y -0.7641 -0.5778  0.2869
Z -0.4430  0.1466 -0.8845

PART 31
OFFSET  13.9029  5.4211 -5.0318
X -0.5322 -0.8367  0.1293
Y -0.6980  0.5201  0.4923
Z -0.4791  0.1718 -0.8608

PART 32
OFFSET  13.1255  4.1990 -4.8430
X -0.8604  0.0079  0.5096
Y  0.1174  0.9761  0.1831
Z -0.4960  0.2173 -0.8407

PART 33
OFFSET  12.1474  4.2089 -4.2719
X  0.6164 -0.6434 -0.4539
Y  0.6049  0.7560 -0.2501
Z  0.5041 -0.1204  0.8552

PART 34
OFFSET  12.4537  5.2079 -5.1460
X -0.2020  0.1858 -0.9616
Y -0.2700  0.9332  0.2370
Z  0.9414  0.3075 -0.1383

PART 35
OFFSET  14.4682 -5.2163 -3.8479
X  0.9999 -0.0052  0.0154
Y  0.0039  0.9966  0.0826
Z -0.0158 -0.0825  0.9965

PART 36
OFFSET  14.4682 -5.2163 -3.8479
X  0.9999 -0.0052  0.0154
Y  0.0039  0.9966  0.0826
Z -0.0158 -0.0825  0.9965

PART 37
OFFSET  17.7356 -5.1114 -3.4415
X  0.9999 -0.0052  0.0154
Y  0.0039  0.9966  0.0826
Z -0.0158 -0.0825  0.9965

PART 38
OFFSET  15.8886 -5.3594 -2.1883
X  0.9999 -0.0052  0.0154
Y  0.0039  0.9966  0.0826
Z -0.0158 -0.0825  0.9965

PART 39
OFFSET -320.3348 -5.1251  0.0032
X  0.9998  0.0018 -0.0204
Y -0.0001  0.9965  0.0833
Z  0.0204 -0.0833  0.9963

PART 40
OFFSET  15.8247 -5.3213 -2.8385
X  1.0000 -0.0035 -0.0050
Y  0.0039  0.9966  0.0826
Z  0.0047 -0.0826  0.9966

PART 41
OFFSET  15.8295 -4.7811 -2.4769
X  1.0000 -0.0035 -0.0050
Y  0.0039  0.9966  0.0826
Z  0.0047 -0.0826  0.9966

PART 42
OFFSET  15.8353 -4.8269 -1.8440
X  1.0000 -0.0035 -0.0050
Y  0.0039  0.9966  0.0826
Z  0.0047 -0.0826  0.9966

PART 43
OFFSET  15.8359 -5.4054 -1.5646
X  1.0000 -0.0035 -0.0050
Y  0.0039  0.9966  0.0826
Z  0.0047 -0.0826  0.9966

PART 44
OFFSET  15.8313 -5.9363 -1.9305
X  1.0000 -0.0035 -0.0050
Y  0.0039  0.9966  0.0826
Z  0.0047 -0.0826  0.9966

PART 45
OFFSET  15.8257 -5.8683 -2.5494
X  1.0000 -0.0035 -0.0050
Y  0.0039  0.9966  0.0826
Z  0.0047 -0.0826  0.9966

PART 46
OFFSET -318.4435 -3.3436 -5.0978
X  1.0000 -0.0035 -0.0050
Y  0.0039  0.9966  0.0826
Z  0.0047 -0.0826  0.9966

PART 47
OFFSET  14.3349 -5.1318 -2.6383
X  0.9980 -0.0091  0.0624
Y  0.0039  0.9966  0.0826
Z -0.0630 -0.0822  0.9946

PART 48
OFFSET  14.3835  5.2097 -3.7239
X  1.0000  0.0004 -0.0051
Y -0.0008  0.9970 -0.0771
Z  0.0051  0.0772  0.9970

PART 49
OFFSET  14.3835  5.2097 -3.7239
X  1.0000  0.0004 -0.0051
Y -0.0008  0.9970 -0.0771
Z  0.0051  0.0772  0.9970

PART 50
OFFSET  17.6578  5.3878 -3.4085
X  1.0000  0.0004 -0.0051
Y -0.0008  0.9970 -0.0771
Z  0.0051  0.0772  0.9970

PART 51
OFFSET  15.8384  5.3370 -2.0931
X  1.0000  0.0004 -0.0051
Y -0.0008  0.9970 -0.0771
Z  0.0051  0.0772  0.9970

PART 52
OFFSET -320.3348  5.9563  0.1364
X  0.9998 -0.0013 -0.0204
Y -0.0001  0.9975 -0.0704
Z  0.0204  0.0704  0.9973

PART 53
OFFSET  15.7668  5.2710 -2.7390
X  0.9997 -0.0012 -0.0255
Y -0.0008  0.9970 -0.0771
Z  0.0255  0.0771  0.9967

PART 54
OFFSET  15.7760  5.8518 -2.4699
X  0.9997 -0.0012 -0.0255
Y -0.0008  0.9970 -0.0771
Z  0.0255  0.0771  0.9967

PART 55
OFFSET  15.7953  5.9255 -1.8430
X  0.9997 -0.0012 -0.0255
Y -0.0008  0.9970 -0.0771
Z  0.0255  0.0771  0.9967

PART 56
OFFSET  15.8054  5.3756 -1.4551
X  0.9997 -0.0012 -0.0255
Y -0.0008  0.9970 -0.0771
Z  0.0255  0.0771  0.9967

PART 57
OFFSET  15.7962  4.8257 -1.7397
X  0.9997 -0.0012 -0.0255
Y -0.0008  0.9970 -0.0771
Z  0.0255  0.0771  0.9967

PART 58
OFFSET  15.7770  4.7618 -2.3847
X  0.9997 -0.0012 -0.0255
Y -0.0008  0.9970 -0.0771
Z  0.0255  0.0771  0.9967

PART 59
OFFSET -318.4896  5.8533  1.7868
X  0.9997 -0.0012 -0.0255
Y -0.0008  0.9970 -0.0771
Z  0.0255  0.0771  0.9967

PART 60
OFFSET  14.2743  5.4853 -2.5406
X  0.9991  0.0040  0.0420
Y -0.0008  0.9970 -0.0771
Z -0.0422  0.0770  0.9961

PART 61
OFFSET -9.2817 -11.3680 -3.1869
X -0.7762 -0.1314  0.6167
Y -0.0310 -0.9689 -0.2454
Z  0.6297 -0.2096  0.7480

PART 62
OFFSET  0.1054 -9.7792 -10.6448
X -0.8113 -0.3400 -0.4757
Y  0.5052  0.0020 -0.8630
Z  0.2944 -0.9404  0.1701

PART 63
OFFSET  7.0055 -6.8875 -6.5989
X -0.8113 -0.3400 -0.4757
Y  0.5833 -0.4156 -0.6979
Z  0.0396 -0.8436  0.5355

PART 64
OFFSET  7.5896 -5.3960 -5.2512
X -0.8151 -0.3374 -0.4710
Y -0.2993  0.9413 -0.1564
Z  0.4961  0.0135 -0.8682

PART 65
OFFSET  7.5268 -5.6680 -4.1409
X -0.8151 -0.3374 -0.4710
Y -0.2993  0.9413 -0.1564
Z  0.4961  0.0135 -0.8682

PART 66
OFFSET  8.2156 -6.8765 -4.2454
X -0.8151 -0.3374 -0.4710
Y -0.2993  0.9413 -0.1564
Z  0.4961  0.0135 -0.8682

PART 67
OFFSET  9.4925 -5.8452 -5.1406
X -0.9437  0.2357 -0.2320
Y  0.1594 -0.2904 -0.9436
Z -0.2898 -0.9274  0.2365

PART 68
OFFSET  9.8822 -5.2902 -4.2228
X -0.6925 -0.5564 -0.4592
Y  0.6250 -0.1448 -0.7671
Z  0.3603 -0.8182  0.4480

PART 69
OFFSET  11.2941 -4.0295 -3.1803
X -0.9713  0.0242  0.2367
Y -0.2071 -0.5758 -0.7909
Z  0.1171 -0.8172  0.5643

PART 70
OFFSET  12.8366 -4.0114 -3.6727
X -0.7797  0.1348  0.6114
Y -0.5830 -0.5125 -0.6305
Z  0.2284 -0.8480  0.4782

PART 71
OFFSET  13.6793 -4.1097 -4.3451
X -0.8424  0.5386  0.0142
Y  0.4512  0.7197 -0.5276
Z -0.2944 -0.4381 -0.8494

PART 72
OFFSET  10.5203 -6.1681 -6.0025
X -0.9569  0.1166  0.2660
Y -0.0543 -0.9716  0.2304
Z  0.2853  0.2060  0.9360

PART 73
OFFSET  12.7185 -6.2808 -6.4920
X -0.2491 -0.9596  0.1305
Y  0.8391 -0.2812 -0.4656
Z  0.4835 -0.0065  0.8753

PART 74
OFFSET  13.0713 -4.9222 -6.6768
X  0.4630 -0.8414 -0.2787
Y  0.7638  0.5383 -0.3562
Z  0.4497 -0.0479  0.8919

PART 75
OFFSET  12.6608 -4.1762 -6.4297
X  0.8671 -0.0574 -0.4949
Y  0.0520  0.9983 -0.0247
Z  0.4955 -0.0043  0.8686

PART 76
OFFSET  11.8370 -4.1216 -5.9595
X -0.7675 -0.5822  0.2684
Y -0.4561  0.7901  0.4096
Z -0.4505  0.1919 -0.8719

PART 77
OFFSET  10.5815 -6.1565 -5.2914
X -0.9857  0.1525  0.0721
Y -0.1281 -0.9548  0.2682
Z  0.1097  0.2551  0.9607

PART 78
OFFSET  13.1206 -6.6112 -5.6153
X -0.2631 -0.9337  0.2429
Y  0.8069 -0.3510 -0.4751
Z  0.5289  0.0710  0.8457

PART 79
OFFSET  13.5685 -5.0215 -6.0289
X  0.6138 -0.7180 -0.3281
Y  0.5984  0.6943 -0.3998
Z  0.5149  0.0491  0.8558

PART 80
OFFSET  12.7178 -4.0264 -5.5742
X  0.8515  0.1061 -0.5135
Y -0.1184  0.9929  0.0088
Z  0.5108  0.0533  0.8580

PART 81
OFFSET  11.7943 -4.1415 -5.0172
X -0.6049 -0.6515  0.4579
Y -0.6069  0.7494  0.2646
Z -0.5156 -0.1178 -0.8487

PART 82
OFFSET  5.2746 -5.1157 -5.1814
X -0.9993  0.0201  0.0300
Y  0.0090  0.9438 -0.3303
Z -0.0349 -0.3298 -0.9434

PART 83
OFFSET  12.9419 -6.8893 -3.4373
X -0.8661 -0.3606  0.3461
Y  0.3853 -0.9228  0.0030
Z  0.3183  0.1360  0.9382

PART 84
OFFSET  14.4669 -6.2545 -4.0467
X -0.7917 -0.4975  0.3545
Y  0.5316 -0.8470 -0.0015
Z  0.3010  0.1873  0.9351

PART 85
OFFSET  15.4476 -5.6383 -4.4208
X -0.6261 -0.7314  0.2703
Y  0.7366 -0.6685 -0.1026
Z  0.2557  0.1349  0.9573

PART 86
OFFSET  16.1549 -4.8122 -4.7261
X -0.3892  0.8795  0.2739
Y  0.7776  0.4731 -0.4141
Z -0.4938  0.0518 -0.8680

PART 87
OFFSET  13.0661 -7.0128 -4.5281
X -0.3856 -0.8617  0.3300
Y  0.8353 -0.4779 -0.2718
Z  0.3919  0.1709  0.9040

PART 88
OFFSET  13.8194 -5.3295 -5.1727
X  0.5399 -0.8387 -0.0708
Y  0.7288  0.5079 -0.4591
Z  0.4210  0.1963  0.8855

PART 89
OFFSET  13.0307 -4.1044 -5.0694
X  0.8895 -0.0054 -0.4569
Y -0.1072  0.9695 -0.2202
Z  0.4442  0.2449  0.8618

PART 90
OFFSET  12.0201 -4.0994 -4.5581
X -0.6420 -0.6307  0.4359
Y -0.6197  0.7617  0.1894
Z -0.4515 -0.1485 -0.8798

PART 91
OFFSET  0.0000 -0.0000 -0.0000
X  1.0000 -0.0000  0.0000
Y  0.0000  1.0000  0.0000
Z  0.0000 -0.0000  1.0000

PART 92
OFFSET  0.0000 -0.0000 -0.0000
X  1.0000 -0.0000  0.0000
Y  0.0000  1.0000  0.0000
Z  0.0000 -0.0000  1.0000

PART 93
OFFSET  1.5404 -0.0000  4.1357
X  1.0000 -0.0000  0.0000
Y  0.0000  1.0000  0.0000
Z  0.0000 -0.0000  1.0000


FRAME 302
PART 0
OFFSET  0.0000 -0.0000 -0.0000
X  1.0000 -0.0000  0.0000
Y  0.0000  1.0000  0.0000
Z  0.0000 -0.0000  1.0000

PART 1
OFFSET -4.6318 -0.0000 -1.3770
X  1.0000 -0.0000  0.0000
Y  0.0000  1.0000  0.0000
Z  0.0000 -0.0000  1.0000

PART 2
OFFSET -9.2817  11.3680 -3.1869
X  0.7791 -0.1284 -0.6136
Y  0.0285 -0.9705  0.2393
Z -0.6263 -0.2039 -0.7525

PART 3
OFFSET  0.1405  9.8149 -10.6079
X  0.7956 -0.3441  0.4986
Y -0.5293  0.0056  0.8484
Z -0.2947 -0.9389 -0.1777

PART 4
OFFSET  6.9076  6.8883 -6.3673
X  0.7956 -0.3441  0.4986
Y -0.6046 -0.3991  0.6893
Z -0.0382 -0.8499 -0.5256

PART 5
OFFSET  8.8423  7.2437 -6.4075
X  0.7996 -0.3415  0.4940
Y  0.3000  0.9397  0.1641
Z -0.5203  0.0170  0.8538

PART 6
OFFSET  8.1638  5.8466 -7.0567
X  0.7996 -0.3415  0.4940
Y  0.3000  0.9397  0.1641
Z -0.5203  0.0170  0.8538

PART 7
OFFSET  7.8833  6.9735 -4.0110
X  0.7996 -0.3415  0.4940
Y  0.3000  0.9397  0.1641
Z -0.5203  0.0170  0.8538

PART 8
OFFSET  7.2994  5.7651 -4.1129
X  0.7996 -0.3415  0.4940
Y  0.3000  0.9397  0.1641
Z -0.5203  0.0170  0.8538

PART 9
OFFSET  7.3230  5.3227 -5.2261
X  0.7996 -0.3415  0.4940
Y  0.3000  0.9397  0.1641
Z -0.5203  0.0170  0.8538

PART 10
OFFSET  9.3467  5.8334 -4.8388
X  0.9528  0.2233  0.2058
Y -0.1405 -0.2765  0.9507
Z  0.2691 -0.9347 -0.2321

PART 11
OFFSET  9.7502  5.2832 -3.9241
X  0.6511 -0.5637  0.5082
Y -0.6023  0.0237  0.7979
Z -0.4618 -0.8257 -0.3241

PART 12
OFFSET  11.0695  4.0232 -2.7657
X  0.9566  0.0081 -0.2914
Y  0.2510 -0.5312  0.8092
Z -0.1483 -0.8472 -0.5102

PART 13
OFFSET  12.5822  3.9731 -3.3416
X  0.7516 -0.0139 -0.6594
Y  0.5718 -0.4845  0.6620
Z -0.3287 -0.8747 -0.3562

PART 14
OFFSET  13.3897  3.9098 -4.0597
X  0.8838  0.4518 -0.1215
Y -0.3555  0.8174  0.4532
Z  0.3041 -0.3574  0.8831

PART 15
OFFSET  10.3579  6.1294 -5.7295
X  0.9518  0.0980 -0.2908
Y  0.0332 -0.9750 -0.2198
Z -0.3051  0.1995 -0.9312

PART 16
OFFSET  12.5448  6.2009 -6.2742
X  0.2976 -0.9298 -0.2166
Y -0.8039 -0.3665  0.4685
Z -0.5150  0.0347 -0.8565

PART 17
OFFSET  12.9662  4.8846 -6.5809
X -0.5014 -0.8197  0.2770
Y -0.7202  0.5728  0.3914
Z -0.4795 -0.0033 -0.8775

PART 18
OFFSET  12.5217  4.1578 -6.3352
X -0.8529 -0.0188  0.5217
Y  0.0060  0.9989  0.0459
Z -0.5220  0.0423 -0.8519

PART 19
OFFSET  11.7114  4.1399 -5.8396
X  0.7241 -0.6188 -0.3047
Y  0.4875  0.7716 -0.4087
Z  0.4880  0.1474  0.8603

PART 20
OFFSET  10.4365  6.1253 -5.0201
X  0.9515  0.2918 -0.0975
Y  0.2555 -0.9261 -0.2777
Z -0.1714  0.2394 -0.9557

PART 21
OFFSET  12.9735  6.5352 -5.4120
X  0.3038 -0.8943 -0.3284
Y -0.7716 -0.4332  0.4659
Z -0.5589  0.1119 -0.8217

PART 22
OFFSET  13.4908  5.0126 -5.9711
X -0.6399 -0.6882  0.3418
Y -0.5434  0.7198  0.4320
Z -0.5433  0.0907 -0.8346

PART 23
OFFSET  12.6039  4.0587 -5.4974
X -0.8237  0.1447  0.5482
Y  0.1734  0.9848  0.0007
Z -0.5398  0.0957 -0.8363

PART 24
OFFSET  11.7105  4.2156 -4.9028
X  0.5493 -0.6764 -0.4907
Y  0.6372  0.7189 -0.2777
Z  0.5406 -0.1602  0.8259

PART 25
OFFSET  12.2050  5.5816 -2.8194
X  0.9985  0.0036 -0.0548
Y  0.0141  0.9477  0.3188
Z  0.0531 -0.3191  0.9462

PART 26
OFFSET  12.8533  6.8421 -3.2337
X  0.8905 -0.3027 -0.3396
Y -0.3256 -0.9455 -0.0109
Z -0.3177  0.1203 -0.9405

PART 27
OFFSET  14.4213  6.3092 -3.8316
X  0.8089 -0.4349 -0.3956
Y -0.4764 -0.8792 -0.0075
Z -0.3446  0.1945 -0.9184

PART 28
OFFSET  15.4256  5.7686 -4.2567
X  0.6740 -0.6885 -0.2678
Y -0.6934 -0.7146  0.0924
Z -0.2550  0.1234 -0.9590

PART 29
OFFSET  16.1868  4.9909 -4.5592
X  0.3348  0.9040 -0.2660
Y -0.8100  0.4203  0.4089
Z  0.4815  0.0786  0.8729

PART 30
OFFSET  12.9525  6.9506 -4.3286
X  0.4674 -0.8052 -0.3650
Y -0.7624 -0.5761  0.2947
Z -0.4476  0.1405 -0.8831

PART 31
OFFSET  13.8655  5.3776 -5.0416
X -0.5313 -0.8359  0.1377
Y -0.6956  0.5232  0.4923
Z -0.4836  0.1658 -0.8594

PART 32
OFFSET  13.0895  4.1566 -4.8405
X -0.8578  0.0111  0.5139
Y  0.1180  0.9773  0.1759
Z -0.5003  0.2115 -0.8396

PART 33
OFFSET  12.1144  4.1700 -4.2645
X  0.6143 -0.6463 -0.4527
Y  0.6034  0.7545 -0.2583
Z  0.5085 -0.1145  0.8534

PART 34
OFFSET  12.4158  5.1633 -5.1469
X -0.2070  0.1792 -0.9618
Y -0.2691  0.9347  0.2321
Z  0.9406  0.3069 -0.1452

PART 35
OFFSET  14.6170 -5.1714 -3.6741
X  0.9983 -0.0197  0.0553
Y  0.0152  0.9967  0.0798
Z -0.0567 -0.0789  0.9953

PART 36
OFFSET  14.6170 -5.1714 -3.6741
X  0.9983 -0.0197  0.0553
Y  0.0152  0.9967  0.0798
Z -0.0567 -0.0789  0.9953

PART 37
OFFSET  17.8668 -5.1128 -3.1378
X  0.9983 -0.0197  0.0553
Y  0.0152  0.9967  0.0798
Z -0.0567 -0.0789  0.9953

PART 38
OFFSET  15.9679 -5.3295 -1.9587
X  0.9983 -0.0197  0.0553
Y  0.0152  0.9967  0.0798
Z -0.0567 -0.0789  0.9953

PART 39
OFFSET -320.3348 -5.1251  0.0032
X  0.9998  0.0018 -0.0204
Y -0.0001  0.9965  0.0833
Z  0.0204 -0.0833  0.9963

PART 40
OFFSET  15.9304 -5.2927 -2.6110
X  0.9992 -0.0181  0.0350
Y  0.0152  0.9967  0.0798
Z -0.0363 -0.0793  0.9962

PART 41
OFFSET  15.9288 -4.7514 -2.2510
X  0.9992 -0.0181  0.0350
Y  0.0152  0.9967  0.0798
Z -0.0363 -0.0793  0.9962

PART 42
OFFSET  15.9086 -4.7951 -1.6183
X  0.9992 -0.0181  0.0350
Y  0.0152  0.9967  0.0798
Z -0.0363 -0.0793  0.9962

PART 43
OFFSET  15.8896 -5.3725 -1.3374
X  0.9992 -0.0181  0.0350
Y  0.0152  0.9967  0.0798
Z -0.0363 -0.0793  0.9962

PART 44
OFFSET  15.8918 -5.9046 -1.7017
X  0.9992 -0.0181  0.0350
Y  0.0152  0.9967  0.0798
Z -0.0363 -0.0793  0.9962

PART 45
OFFSET  15.9119 -5.8386 -2.3205
X  0.9992 -0.0181  0.0350
Y  0.0152  0.9967  0.0798
Z -0.0363 -0.0793  0.9962

PART 46
OFFSET -317.9167  1.5485 -18.2157
X  0.9992 -0.0181  0.0350
Y  0.0152  0.9967  0.0798
Z -0.0363 -0.0793  0.9962

PART 47
OFFSET  14.4368 -5.0808 -2.4710
X  0.9945 -0.0234  0.1023
Y  0.0152  0.9967  0.0798
Z -0.1038 -0.0778  0.9915

PART 48
OFFSET  14.3529  5.1752 -3.7347
X  0.9999  0.0007 -0.0102
Y -0.0015  0.9965 -0.0839
Z  0.0101  0.0839  0.9964

PART 49
OFFSET  14.3529  5.1752 -3.7347
X  0.9999  0.0007 -0.0102
Y -0.0015  0.9965 -0.0839
Z  0.0101  0.0839  0.9964

PART 50
OFFSET  17.6287  5.3565 -3.4373
X  0.9999  0.0007 -0.0102
Y -0.0015  0.9965 -0.0839
Z  0.0101  0.0839  0.9964

PART 51
OFFSET  15.8160  5.3140 -2.1123
X  0.9999  0.0007 -0.0102
Y -0.0015  0.9965 -0.0839
Z  0.0101  0.0839  0.9964

PART 52
OFFSET -320.3348  5.9563  0.1364
X  0.9998 -0.0013 -0.0204
Y -0.0001  0.9975 -0.0704
Z  0.0204  0.0704  0.9973

PART 53
OFFSET  15.7412  5.2436 -2.7574
X  0.9995 -0.0011 -0.0306
Y -0.0015  0.9965 -0.0839
Z  0.0306  0.0839  0.9960

PART 54
OFFSET  15.7516  5.8263 -2.4922
X  0.9995 -0.0011 -0.0306
Y -0.0015  0.9965 -0.0839
Z  0.0306  0.0839  0.9960

PART 55
OFFSET  15.7741  5.9042 -1.8660
X  0.9995 -0.0011 -0.0306
Y -0.0015  0.9965 -0.0839
Z  0.0306  0.0839  0.9960

PART 56
OFFSET  15.7863  5.3570 -1.4744
X  0.9995 -0.0011 -0.0306
Y -0.0015  0.9965 -0.0839
Z  0.0306  0.0839  0.9960

PART 57
OFFSET  15.7758  4.8051 -1.7552
X  0.9995 -0.0011 -0.0306
Y -0.0015  0.9965 -0.0839
Z  0.0306  0.0839  0.9960

PART 58
OFFSET  15.7534  4.7369 -2.3997
X  0.9995 -0.0011 -0.0306
Y -0.0015  0.9965 -0.0839
Z  0.0306  0.0839  0.9960

PART 59
OFFSET -318.4878  5.7527  3.4748
X  0.9995 -0.0011 -0.0306
Y -0.0015  0.9965 -0.0839
Z  0.0306  0.0839  0.9960

PART 60
OFFSET  14.2497  5.4589 -2.5528
X  0.9993  0.0046  0.0368
Y -0.0015  0.9965 -0.0839
Z -0.0371  0.0838  0.9958

PART 61
OFFSET -9.2817 -11.3680 -3.1869
X -0.7855 -0.1368  0.6036
Y -0.0212 -0.9687 -0.2471
Z  0.6185 -0.2069  0.7580

PART 62
OFFSET  0.2176 -9.7136 -10.4868
X -0.8185 -0.3441 -0.4601
Y  0.4918 -0.0055 -0.8707
Z  0.2970 -0.9389  0.1738

PART 63
OFFSET  7.1789 -6.7870 -6.5732
X -0.8185 -0.3441 -0.4601
Y  0.5727 -0.4247 -0.7012
Z  0.0459 -0.8374  0.5447

PART 64
OFFSET  7.7836 -5.2839 -5.2476
X -0.8222 -0.3415 -0.4554
Y -0.3018  0.9399 -0.1599
Z  0.4826  0.0059 -0.8758

PART 65
OFFSET  7.7380 -5.5462 -4.1342
X -0.8222 -0.3415 -0.4554
Y -0.3018  0.9399 -0.1599
Z  0.4826  0.0059 -0.8758

PART 66
OFFSET  8.4252 -6.7556 -4.2387
X -0.8222 -0.3415 -0.4554
Y -0.3018  0.9399 -0.1599
Z  0.4826  0.0059 -0.8758

PART 67
OFFSET  9.6880 -5.7321 -5.1625
X -0.9302  0.2486 -0.2701
Y  0.1926 -0.2959 -0.9356
Z -0.3126 -0.9223  0.2273

PART 68
OFFSET  10.0489 -5.1798 -4.2315
X -0.6817 -0.5479 -0.4849
Y  0.6529 -0.1565 -0.7411
Z  0.3301 -0.8218  0.4644

PART 69
OFFSET  11.4365 -3.9362 -3.1370
X -0.9795  0.0392  0.1976
Y -0.1838 -0.5754 -0.7969
Z  0.0825 -0.8169  0.5708

PART 70
OFFSET  12.9975 -3.9423 -3.5676
X -0.8014  0.1482  0.5794
Y -0.5648 -0.5061 -0.6518
Z  0.1967 -0.8496  0.4894

PART 71
OFFSET  13.8648 -4.0551 -4.2054
X -0.8343  0.5509 -0.0209
Y  0.4824  0.7112 -0.5113
Z -0.2668 -0.4367 -0.8592

PART 72
OFFSET  10.7445 -6.0730 -5.9817
X -0.9649  0.1314  0.2272
Y -0.0777 -0.9699  0.2308
Z  0.2507  0.2051  0.9461

PART 73
OFFSET  12.9586 -6.2194 -6.3828
X -0.2682 -0.9554  0.1232
Y  0.8528 -0.2950 -0.4309
Z  0.4481 -0.0105  0.8939

PART 74
OFFSET  13.3384 -4.8667 -6.5572
X  0.4613 -0.8490 -0.2576
Y  0.7852  0.5258 -0.3270
Z  0.4131 -0.0514  0.9093

PART 75
OFFSET  12.9294 -4.1140 -6.3289
X  0.8852 -0.0717 -0.4597
Y  0.0676  0.9974 -0.0255
Z  0.4603 -0.0085  0.8877

PART 76
OFFSET  12.0884 -4.0458 -5.8921
X -0.7860 -0.5700  0.2392
Y -0.4604  0.7981  0.3888
Z -0.4125  0.1954 -0.8897

PART 77
OFFSET  10.7775 -6.0598 -5.2688
X -0.9854  0.1671  0.0323
Y -0.1527 -0.9519  0.2656
Z  0.0751  0.2568  0.9636

PART 78
OFFSET  13.3205 -6.5525 -5.4898
X -0.2863 -0.9289  0.2349
Y  0.8199 -0.3644 -0.4415
Z  0.4957  0.0662  0.8660

PART 79
OFFSET  13.8079 -4.9711 -5.8897
X  0.6158 -0.7280 -0.3013
Y  0.6240  0.6841 -0.3776
Z  0.4810  0.0445  0.8756

PART 80
OFFSET  12.9544 -3.9621 -5.4722
X  0.8728  0.0919 -0.4794
Y -0.1041  0.9946  0.0012
Z  0.4769  0.0488  0.8776

PART 81
OFFSET  12.0079 -4.0618 -4.9522
X -0.6321 -0.6410  0.4353
Y -0.6059  0.7591  0.2381
Z -0.4830 -0.1132 -0.8683

PART 82
OFFSET  5.4863 -4.9414 -5.3737
X -0.9993  0.0347 -0.0100
Y  0.0361  0.9424 -0.3324
Z -0.0021 -0.3325 -0.9431

PART 83
OFFSET  13.0511 -6.8206 -3.3199
X -0.8845 -0.3467  0.3123
Y  0.3713 -0.9283  0.0210
Z  0.2826  0.1345  0.9498

PART 84
OFFSET  14.6083 -6.2101 -3.8698
X -0.8125 -0.4847  0.3240
Y  0.5187 -0.8547  0.0222
Z  0.2662  0.1861  0.9458

PART 85
OFFSET  15.6122 -5.6096 -4.2062
X -0.6471 -0.7212  0.2472
Y  0.7302 -0.6795 -0.0712
Z  0.2193  0.1344  0.9663

PART 86
OFFSET  16.3430 -4.7949 -4.4854
X -0.3868  0.8860  0.2556
Y  0.8004  0.4603 -0.3841
Z -0.4580  0.0560 -0.8872

PART 87
OFFSET  13.2169 -6.9496 -4.4045
X -0.4110 -0.8548  0.3168
Y  0.8384 -0.4909 -0.2368
Z  0.3580  0.1682  0.9184

PART 88
OFFSET  14.0199 -5.2797 -5.0233
X  0.5299 -0.8467 -0.0468
Y  0.7539  0.4957 -0.4311
Z  0.3882  0.1932  0.9011

PART 89
OFFSET  13.2458 -4.0429 -4.9551
X  0.9068 -0.0200 -0.4210
Y -0.0841  0.9702 -0.2271
Z  0.4130  0.2414  0.8782

PART 90
OFFSET  12.2158 -4.0214 -4.4846
X -0.6681 -0.6198  0.4117
Y -0.6155  0.7713  0.1624
Z -0.4182 -0.1449 -0.8967

PART 91
OFFSET  0.0000 -0.0000 -0.0000
X  1.0000 -0.0000  0.0000
Y  0.0000  1.0000  0.0000
Z  0.0000 -0.0000  1.0000

PART 92
OFFSET  0.0000 -0.0000 -0.0000
X  1.0000 -0.0000  0.0000
Y  0.0000  1.0000  0.0000
Z  0.0000 -0.0000  1.0000

PART 93
OFFSET  1.5404 -0.0000  4.1357
X  1.0000 -0.0000  0.0000
Y  0.0000  1.0000  0.0000
Z  0.0000 -0.0000  1.0000


FRAME 303
PART 0
OFFSET  0.0000 -0.0000 -0.0000
X  1.0000 -0.0000  0.0000
Y  0.0000  1.0000  0.0000
Z  0.0000 -0.0000  1.0000

PART 1
OFFSET -4.6318 -0.0000 -1.3770
X  1.0000 -0.0000  0.0000
Y  0.0000  1.0000  0.0000
Z  0.0000 -0.0000  1.0000

PART 2
OFFSET -9.2817  11.3680 -3.1869
X  0.7800 -0.1290 -0.6124
Y  0.0336 -0.9685  0.2469
Z -0.6249 -0.2132 -0.7510

PART 3
OFFSET  0.1513  9.8076 -10.5927
X  0.8010 -0.3359  0.4955
Y -0.5239  0.0070  0.8517
Z -0.2896 -0.9419 -0.1704

PART 4
OFFSET  6.9644  6.9504 -6.3783
X  0.8010 -0.3359  0.4955
Y -0.5979 -0.4066  0.6908
Z -0.0306 -0.8496 -0.5265

PART 5
OFFSET  8.8963  7.3185 -6.4328
X  0.8049 -0.3334  0.4909
Y  0.2948  0.9426  0.1567
Z -0.5150  0.0185  0.8570

PART 6
OFFSET  8.2230  5.9131 -7.0696
X  0.8049 -0.3334  0.4909
Y  0.2948  0.9426  0.1567
Z -0.5150  0.0185  0.8570

PART 7
OFFSET  7.9543  7.0558 -4.0287
X  0.8049 -0.3334  0.4909
Y  0.2948  0.9426  0.1567
Z -0.5150  0.0185  0.8570

PART 8
OFFSET  7.3778  5.8431 -4.1199
X  0.8049 -0.3334  0.4909
Y  0.2948  0.9426  0.1567
Z -0.5150  0.0185  0.8570

PART 9
OFFSET  7.3973  5.3943 -5.2308
X  0.8049 -0.3334  0.4909
Y  0.2948  0.9426  0.1567
Z -0.5150  0.0185  0.8570

PART 10
OFFSET  9.4200  5.9206 -4.8592
X  0.9508  0.2198  0.2185
Y -0.1504 -0.2892  0.9454
Z  0.2710 -0.9317 -0.2419

PART 11
OFFSET  9.8138  5.3578 -3.9479
X  0.6456 -0.5710  0.5072
Y -0.6104  0.0133  0.7920
Z -0.4589 -0.8209 -0.3399

PART 12
OFFSET  11.1205  4.0814 -2.7933
X  0.9595  0.0114 -0.2815
Y  0.2424 -0.5423  0.8045
Z -0.1435 -0.8401 -0.5231

PART 13
OFFSET  12.6389  4.0380 -3.3543
X  0.7584 -0.0055 -0.6518
Y  0.5648 -0.4938  0.6612
Z -0.3255 -0.8696 -0.3714

PART 14
OFFSET  13.4537  3.9838 -4.0649
X  0.8853  0.4528 -0.1064
Y -0.3597  0.8115  0.4606
Z  0.2949 -0.3695  0.8812

PART 15
OFFSET  10.4404  6.2280 -5.7355
X  0.9547  0.1012 -0.2797
Y  0.0349 -0.9719 -0.2326
Z -0.2954  0.2123 -0.9315

PART 16
OFFSET  12.6328  6.3054 -6.2567
X  0.2993 -0.9270 -0.2261
Y -0.8088 -0.3722  0.4553
Z -0.5062  0.0466 -0.8612

PART 17
OFFSET  13.0566  4.9930 -6.5769
X -0.5047 -0.8230  0.2608
Y -0.7238  0.5680  0.3917
Z -0.4705  0.0089 -0.8823

PART 18
OFFSET  12.6092  4.2633 -6.3456
X -0.8582 -0.0253  0.5126
Y  0.0061  0.9982  0.0595
Z -0.5132  0.0542 -0.8565

PART 19
OFFSET  11.7938  4.2392 -5.8586
X  0.7268 -0.6151 -0.3056
Y  0.4920  0.7767 -0.3932
Z  0.4792  0.1354  0.8672

PART 20
OFFSET  10.5117  6.2142 -5.0253
X  0.9526  0.2924 -0.0838
Y  0.2578 -0.9224 -0.2876
Z -0.1614  0.2524 -0.9541

PART 21
OFFSET  13.0529  6.6276 -5.3857
X  0.3067 -0.8900 -0.3374
Y -0.7766 -0.4389  0.4520
Z -0.5504  0.1234 -0.8257

PART 22
OFFSET  13.5750  5.1124 -5.9601
X -0.6438 -0.6924  0.3259
Y -0.5474  0.7143  0.4361
Z -0.5347  0.1023 -0.8388

PART 23
OFFSET  12.6828  4.1528 -5.5084
X -0.8292  0.1378  0.5417
Y  0.1740  0.9846  0.0158
Z -0.5312  0.1074 -0.8404

PART 24
OFFSET  11.7834  4.3022 -4.9210
X  0.5539 -0.6701 -0.4942
Y  0.6404  0.7222 -0.2614
Z  0.5320 -0.1717  0.8291

PART 25
OFFSET  12.2574  5.6395 -2.8142
X  0.9990  0.0037 -0.0445
Y  0.0113  0.9433  0.3317
Z  0.0432 -0.3319  0.9423

PART 26
OFFSET  12.9105  6.9051 -3.2048
X  0.8938 -0.2987 -0.3345
Y -0.3259 -0.9450 -0.0271
Z -0.3080  0.1332 -0.9420

PART 27
OFFSET  14.4842  6.3792 -3.7938
X  0.8127 -0.4301 -0.3932
Y -0.4768 -0.8787 -0.0243
Z -0.3350  0.2072 -0.9191

PART 28
OFFSET  15.4925  5.8437 -4.2159
X  0.6763 -0.6853 -0.2702
Y -0.6947 -0.7153  0.0757
Z -0.2451  0.1365 -0.9598

PART 29
OFFSET  16.2564  5.0697 -4.5211
X  0.3380  0.9072 -0.2503
Y -0.8139  0.4153  0.4063
Z  0.4725  0.0664  0.8788

PART 30
OFFSET  13.0209  7.0284 -4.2971
X  0.4707 -0.8005 -0.3710
Y -0.7657 -0.5795  0.2791
Z -0.4384  0.1527 -0.8857

PART 31
OFFSET  13.9404  5.4645 -5.0219
X -0.5331 -0.8373  0.1209
Y -0.7003  0.5170  0.4922
Z -0.4747  0.1778 -0.8620

PART 32
OFFSET  13.1617  4.2414 -4.8454
X -0.8630  0.0048  0.5052
Y  0.1168  0.9748  0.1903
Z -0.4916  0.2232 -0.8417

PART 33
OFFSET  12.1807  4.2477 -4.2792
