// Export filename: `C:\projects\cod\t5\xanim_export\t5_viewmodels\python\python_sw_reload.XANIM_EXPORT`
// Source filename: `D:\projects\devanim\t5\animation_assets\viewmodels/python/ViewModel_python_animated.fbx`
// Export time: Wed Aug 18 12:21:19 2010

ANIMATION
VERSION 3

NUMPARTS 81
PART 0 "tag_ads"
PART 1 "tag_torso"
PART 2 "J_Shoulder_LE"
PART 3 "J_Elbow_LE"
PART 4 "J_WristTwist_LE"
PART 5 "J_Sleave_Reshape_Bottom_LE_1"
PART 6 "J_Sleave_Reshape_Bottom_LE_2"
PART 7 "J_Sleave_Reshape_Top_LE_1"
PART 8 "J_Sleave_Reshape_Top_LE_2"
PART 9 "J_Sleave_Reshape_Top_LE_3"
PART 10 "J_Wrist_LE"
PART 11 "J_Thumb_LE_0"
PART 12 "J_Thumb_LE_1"
PART 13 "J_Thumb_LE_2"
PART 14 "J_Thumb_LE_3"
PART 15 "J_PinkyPalm_LE"
PART 16 "J_Pinky_LE_0"
PART 17 "J_Pinky_LE_1"
PART 18 "J_Pinky_LE_2"
PART 19 "J_Pinky_LE_3"
PART 20 "J_RingPalm_LE"
PART 21 "J_Ring_LE_0"
PART 22 "J_Ring_LE_1"
PART 23 "J_Ring_LE_2"
PART 24 "J_Ring_LE_3"
PART 25 "J_Webbing_LE"
PART 26 "J_Index_LE_0"
PART 27 "J_Index_LE_1"
PART 28 "J_Index_LE_2"
PART 29 "J_Index_LE_3"
PART 30 "J_Mid_LE_0"
PART 31 "J_Mid_LE_1"
PART 32 "J_Mid_LE_2"
PART 33 "J_Mid_LE_3"
PART 34 "tag_knife_attach"
PART 35 "tag_weapon"
PART 36 "J_Gun"
PART 37 "TAG_CLIP"
PART 38 "J_Bolt"
PART 39 "tag_speedloader"
PART 40 "tag_spent0"
PART 41 "tag_spent1"
PART 42 "tag_spent2"
PART 43 "tag_spent3"
PART 44 "tag_spent4"
PART 45 "tag_spent5"
PART 46 "tag_bullets"
PART 47 "J_Press_Rear"
PART 48 "J_Shoulder_RI"
PART 49 "J_Elbow_RI"
PART 50 "J_WristTwist_RI"
PART 51 "J_Sleave_Reshape_Top_RI_3"
PART 52 "J_Sleave_Reshape_Top_RI_2"
PART 53 "J_Sleave_Reshape_Top_RI_1"
PART 54 "J_Wrist_RI"
PART 55 "J_Thumb_RI_0"
PART 56 "J_Thumb_RI_1"
PART 57 "J_Thumb_RI_2"
PART 58 "J_Thumb_RI_3"
PART 59 "J_PinkyPalm_RI"
PART 60 "J_Pinky_RI_0"
PART 61 "J_Pinky_RI_1"
PART 62 "J_Pinky_RI_2"
PART 63 "J_Pinky_RI_3"
PART 64 "J_RingPalm_RI"
PART 65 "J_Ring_RI_0"
PART 66 "J_Ring_RI_1"
PART 67 "J_Ring_RI_2"
PART 68 "J_Ring_RI_3"
PART 69 "J_Webbing_RI"
PART 70 "J_Index_RI_0"
PART 71 "J_Index_RI_1"
PART 72 "J_Index_RI_2"
PART 73 "J_Index_RI_3"
PART 74 "J_Mid_RI_0"
PART 75 "J_Mid_RI_1"
PART 76 "J_Mid_RI_2"
PART 77 "J_Mid_RI_3"
PART 78 "tag_cambone"
PART 79 "tag_camera"
PART 80 "tag_gasmask"

FRAMERATE 30
NUMFRAMES 94

FRAME 200
PART 0
OFFSET -4.6318 -0.0000 -1.3770
X  1.0000 -0.0000  0.0000
Y  0.0000  1.0000  0.0000
Z  0.0000 -0.0000  1.0000

PART 1
OFFSET -4.6318 -0.0000 -1.3770
X  1.0000 -0.0000  0.0000
Y  0.0000  1.0000  0.0000
Z  0.0000 -0.0000  1.0000

PART 2
OFFSET -6.7281  3.8438 -4.9859
X  0.6959 -0.0331 -0.7174
Y  0.0926 -0.9865  0.1353
Z -0.7122 -0.1606 -0.6834

PART 3
OFFSET  1.6876  3.4431 -13.6621
X  0.7035 -0.3661  0.6092
Y -0.6518  0.0095  0.7583
Z -0.2834 -0.9305 -0.2319

PART 4
OFFSET  7.6708  0.3296 -8.4804
X  0.7035 -0.3661  0.6092
Y -0.5597  0.2429  0.7923
Z -0.4380 -0.8983 -0.0340

PART 5
OFFSET  9.5960  0.6427 -8.2224
X  0.7081 -0.3636  0.6053
Y  0.2907  0.9313  0.2193
Z -0.6435  0.0207  0.7652

PART 6
OFFSET  8.9957 -0.7332 -8.9841
X  0.7081 -0.3636  0.6053
Y  0.2907  0.9313  0.2193
Z -0.6435  0.0207  0.7652

PART 7
OFFSET  8.2788  0.3719 -6.0025
X  0.7081 -0.3636  0.6053
Y  0.2907  0.9313  0.2193
Z -0.6435  0.0207  0.7652

PART 8
OFFSET  7.6926 -0.8224 -6.2067
X  0.7081 -0.3636  0.6053
Y  0.2907  0.9313  0.2193
Z -0.6435  0.0207  0.7652

PART 9
OFFSET  7.8760 -1.2551 -7.3089
X  0.7081 -0.3636  0.6053
Y  0.2907  0.9313  0.2193
Z -0.6435  0.0207  0.7652

PART 10
OFFSET  9.8274 -0.7927 -6.6128
X  0.9838 -0.1193 -0.1335
Y  0.1630  0.2886  0.9435
Z -0.0741 -0.9500  0.3033

PART 11
OFFSET  10.3969 -0.9579 -5.6378
X  0.9448  0.1218  0.3041
Y -0.2933  0.7283  0.6193
Z -0.1461 -0.6744  0.7238

PART 12
OFFSET  12.3983 -0.6599 -4.8793
X  0.9358 -0.1508 -0.3185
Y  0.3509  0.4817  0.8030
Z  0.0323 -0.8633  0.5037

PART 13
OFFSET  13.8917 -1.0288 -5.3850
X  0.7754 -0.4785 -0.4120
Y  0.6150  0.4242  0.6647
Z -0.1433 -0.7688  0.6232

PART 14
OFFSET  14.7342 -1.5742 -5.7908
X  0.7912  0.2280 -0.5675
Y -0.5229  0.7334 -0.4344
Z  0.3171  0.6404  0.6995

PART 15
OFFSET  10.4705 -1.3946 -7.6746
X  0.8235 -0.3942 -0.4080
Y -0.2196 -0.8846  0.4114
Z -0.5231 -0.2492 -0.8150

PART 16
OFFSET  12.3700 -2.3525 -8.4222
X  0.4898 -0.8428  0.2231
Y -0.6547 -0.1866  0.7325
Z -0.5757 -0.5049 -0.6431

PART 17
OFFSET  13.0634 -3.5457 -8.1063
X -0.2502 -0.6317  0.7337
Y -0.8075  0.5543  0.2018
Z -0.5342 -0.5420 -0.6488

PART 18
OFFSET  12.8416 -4.1058 -7.4558
X -0.7677  0.0843  0.6352
Y -0.2624  0.8630 -0.4316
Z -0.5846 -0.4981 -0.6405

PART 19
OFFSET  12.1122 -4.0257 -6.8523
X  0.8365 -0.5342 -0.1223
Y  0.2221  0.5344 -0.8156
Z  0.5010  0.6550  0.5656

PART 20
OFFSET  10.8055 -1.0964 -7.1193
X  0.8858 -0.2079 -0.4149
Y -0.1013 -0.9591  0.2643
Z -0.4529 -0.1921 -0.8706

PART 21
OFFSET  13.0776 -1.8966 -8.0970
X  0.4931 -0.8371  0.2369
Y -0.7274 -0.2473  0.6401
Z -0.4772 -0.4879 -0.7309

PART 22
OFFSET  13.9171 -3.3218 -7.6938
X -0.4123 -0.6059  0.6804
Y -0.7883  0.6117  0.0670
Z -0.4568 -0.5087 -0.7298

PART 23
OFFSET  13.3456 -4.1615 -6.7508
X -0.8503  0.0009  0.5264
Y -0.2648  0.8635 -0.4292
Z -0.4549 -0.5043 -0.7340

PART 24
OFFSET  12.4235 -4.1606 -6.1799
X  0.8255 -0.5188 -0.2222
Y  0.2901  0.7278 -0.6214
Z  0.4841  0.4485  0.7514

PART 25
OFFSET  13.0794 -1.2115 -5.3635
X  0.8736 -0.4322 -0.2237
Y  0.3630  0.8849 -0.2919
Z  0.3241  0.1738  0.9299

PART 26
OFFSET  13.8115 -0.6869 -6.5340
X  0.3874 -0.9115  0.1380
Y -0.8191 -0.2716  0.5053
Z -0.4231 -0.3088 -0.8518

PART 27
OFFSET  14.4936 -2.2917 -6.2910
X -0.4147 -0.8207  0.3930
Y -0.8358  0.5143  0.1921
Z -0.3598 -0.2488 -0.8992

PART 28
OFFSET  14.0113 -3.2743 -5.7585
X -0.7146 -0.4476  0.5375
Y -0.5566  0.8293 -0.0495
Z -0.4236 -0.3346 -0.8418

PART 29
OFFSET  13.2041 -3.7799 -5.1514
X  0.6160 -0.6970 -0.3671
Y  0.5654  0.7156 -0.4101
Z  0.5485  0.0451  0.8349

PART 30
OFFSET  13.5165 -1.1576 -7.4889
X  0.4031 -0.8747  0.2692
Y -0.8467 -0.2448  0.4724
Z -0.3473 -0.4184 -0.8393

PART 31
OFFSET  14.3038 -2.8663 -6.9629
X -0.3921 -0.7558  0.5245
Y -0.8362  0.5304  0.1392
Z -0.3834 -0.3840 -0.8400

PART 32
OFFSET  13.7312 -3.9703 -6.1969
X -0.8487 -0.1975  0.4906
Y -0.3336  0.9197 -0.2070
Z -0.4103 -0.3393 -0.8465

PART 33
OFFSET  12.7672 -4.1970 -5.6471
X  0.8901 -0.4143 -0.1899
Y  0.2596  0.8033 -0.5360
Z  0.3746  0.4278  0.8226

PART 34
OFFSET  12.2941 -2.7193 -7.0208
X -0.5017 -0.2274 -0.8346
Y  0.0741  0.9500 -0.3033
Z  0.8619 -0.2140 -0.4598

PART 35
OFFSET  13.9348 -2.2528 -4.0742
X  1.0000  0.0021 -0.0022
Y -0.0021  1.0000  0.0022
Z  0.0022 -0.0022  1.0000

PART 36
OFFSET  13.9348 -2.2528 -4.0742
X  1.0000  0.0021 -0.0022
Y -0.0021  1.0000  0.0022
Z  0.0022 -0.0022  1.0000

PART 37
OFFSET  17.2079 -2.0959 -3.7363
X  1.0000  0.0021 -0.0022
Y -0.0021  1.0000  0.0022
Z  0.0022 -0.0022  1.0000

PART 38
OFFSET  15.3850 -2.2533 -2.4343
X  1.0000  0.0021 -0.0022
Y -0.0021  1.0000  0.0022
Z  0.0022 -0.0022  1.0000

PART 39
OFFSET -80.6985 -67.1996 -23.6814
X  0.9403  0.3400 -0.0118
Y -0.3374  0.9366  0.0948
Z  0.0433 -0.0852  0.9954

PART 40
OFFSET  15.3573 -2.2523 -3.0590
X  0.9997  0.0021 -0.0226
Y -0.0021  1.0000  0.0022
Z  0.0226 -0.0021  0.9997

PART 41
OFFSET  15.3644 -1.7168 -2.7531
X  0.9997  0.0021 -0.0226
Y -0.0021  1.0000  0.0022
Z  0.0226 -0.0021  0.9997

PART 42
OFFSET  15.3816 -1.7118 -2.1194
X  0.9997  0.0021 -0.0226
Y -0.0021  1.0000  0.0022
Z  0.0226 -0.0021  0.9997

PART 43
OFFSET  15.3913 -2.2547 -1.8097
X  0.9997  0.0021 -0.0226
Y -0.0021  1.0000  0.0022
Z  0.0226 -0.0021  0.9997

PART 44
OFFSET  15.3843 -2.7920 -2.1182
X  0.9997  0.0021 -0.0226
Y -0.0021  1.0000  0.0022
Z  0.0226 -0.0021  0.9997

PART 45
OFFSET  15.3674 -2.7889 -2.7402
X  0.9997  0.0021 -0.0226
Y -0.0021  1.0000  0.0022
Z  0.0226 -0.0021  0.9997

PART 46
OFFSET -78.9563 -66.5696 -23.7032
X  0.9403  0.3400 -0.0118
Y -0.3374  0.9366  0.0948
Z  0.0433 -0.0852  0.9954

PART 47
OFFSET  13.8219 -2.0720 -2.8731
X  1.0000  0.0021 -0.0022
Y -0.0021  1.0000  0.0022
Z  0.0022 -0.0022  1.0000

PART 48
OFFSET -7.8386 -1.3192 -1.5206
X -0.5509  0.3857  0.7401
Y -0.4308 -0.8909  0.1436
Z  0.7148 -0.2397  0.6570

PART 49
OFFSET -1.1759 -5.9843 -10.4709
X -0.8774 -0.2150 -0.4289
Y  0.4797 -0.4050 -0.7784
Z -0.0063 -0.8887  0.4585

PART 50
OFFSET  6.2868 -4.1556 -6.8232
X -0.8774 -0.2150 -0.4289
Y  0.4777 -0.3086 -0.8226
Z  0.0445 -0.9266  0.3734

PART 51
OFFSET  7.2012 -2.5296 -6.1556
X -0.8802 -0.2101 -0.4255
Y  0.0019  0.8950 -0.4460
Z  0.4745 -0.3934 -0.7874

PART 52
OFFSET  7.0741 -2.5974 -4.9660
X -0.8802 -0.2101 -0.4255
Y  0.0019  0.8950 -0.4460
Z  0.4745 -0.3934 -0.7874

PART 53
OFFSET  7.2565 -3.8405 -4.4839
X -0.8802 -0.2101 -0.4255
Y  0.0019  0.8950 -0.4460
Z  0.4745 -0.3934 -0.7874

PART 54
OFFSET  8.9767 -3.4965 -5.5084
X -0.9522  0.0976 -0.2896
Y  0.2575 -0.2542 -0.9322
Z -0.1646 -0.9622  0.2169

PART 55
OFFSET  9.2241 -2.9000 -4.5675
X -0.5282 -0.6290 -0.5704
Y  0.7088  0.0433 -0.7041
Z  0.4676 -0.7762  0.4230

PART 56
OFFSET  10.2672 -1.5038 -3.2899
X -0.9700 -0.1285  0.2063
Y -0.1055 -0.5421 -0.8337
Z  0.2190 -0.8305  0.5122

PART 57
OFFSET  11.8023 -1.2357 -3.7302
X -0.8539 -0.0790  0.5143
Y -0.3979 -0.5379 -0.7432
Z  0.3354 -0.8393  0.4279

PART 58
OFFSET  12.7172 -1.1027 -4.2933
X -0.9278  0.3699 -0.0484
Y  0.3574  0.8441 -0.3997
Z -0.1070 -0.3881 -0.9154

PART 59
OFFSET  10.0914 -3.6568 -6.3054
X -0.9781 -0.0272  0.2064
Y  0.0746 -0.9714  0.2254
Z  0.1943  0.2359  0.9522

PART 60
OFFSET  12.3082 -3.4422 -6.6580
X -0.3526 -0.9332  0.0695
Y  0.8944 -0.3579 -0.2684
Z  0.2753 -0.0325  0.9608

PART 61
OFFSET  12.8073 -2.1210 -6.7564
X  0.5483 -0.8139 -0.1925
Y  0.8025  0.5767 -0.1528
Z  0.2354 -0.0707  0.9693

PART 62
OFFSET  12.3212 -1.3994 -6.5858
X  0.9589 -0.0090 -0.2837
Y  0.0156  0.9997  0.0211
Z  0.2834 -0.0247  0.9587

PART 63
OFFSET  11.4103 -1.3909 -6.3162
X -0.7842 -0.6171  0.0651
Y -0.5694  0.7573  0.3197
Z -0.2466  0.2136 -0.9453

PART 64
OFFSET  10.1067 -3.6437 -5.5918
X -0.9999  0.0060  0.0112
Y -0.0029 -0.9660  0.2586
Z  0.0124  0.2585  0.9659

PART 65
OFFSET  12.6999 -3.7191 -5.7586
X -0.3768 -0.9079  0.1834
Y  0.8727 -0.4144 -0.2581
Z  0.3103  0.0628  0.9486

PART 66
OFFSET  13.3415 -2.1733 -6.0708
X  0.7136 -0.6745 -0.1891
Y  0.6363  0.7371 -0.2276
Z  0.2929  0.0421  0.9552

PART 67
OFFSET  12.3525 -1.2385 -5.8088
X  0.9419  0.1666 -0.2918
Y -0.1727  0.9850  0.0047
Z  0.2881  0.0460  0.9565

PART 68
OFFSET  11.3309 -1.4192 -5.4923
X -0.6588 -0.6968  0.2834
Y -0.6936  0.7086  0.1299
Z -0.2914 -0.1110 -0.9501

PART 69
OFFSET  4.7079 -3.3909 -5.8092
X -0.9915 -0.1265 -0.0319
Y -0.1092  0.9384 -0.3279
Z  0.0714 -0.3217 -0.9442

PART 70
OFFSET  12.4314 -4.0428 -3.5962
X -0.8711 -0.3744  0.3178
Y  0.4165 -0.9061  0.0742
Z  0.2602  0.1970  0.9452

PART 71
OFFSET  13.9651 -3.3837 -4.1558
X -0.8092 -0.4824  0.3352
Y  0.5356 -0.8403  0.0837
Z  0.2413  0.2473  0.9384

PART 72
OFFSET  14.9635 -2.7822 -4.5063
X -0.4769 -0.8372  0.2676
Y  0.8570 -0.5105 -0.0699
Z  0.1951  0.1960  0.9610

PART 73
OFFSET  15.5022 -1.8365 -4.8085
X -0.5635  0.7885  0.2463
Y  0.6808  0.6121 -0.4022
Z -0.4680 -0.0590 -0.8818

PART 74
OFFSET  12.6387 -4.1356 -4.6773
X -0.4951 -0.8427  0.2115
Y  0.8576 -0.5130 -0.0366
Z  0.1394  0.1633  0.9767

PART 75
OFFSET  13.6058 -2.4893 -5.0906
X  0.6095 -0.7915  0.0440
Y  0.7735  0.5817 -0.2516
Z  0.1736  0.1874  0.9668

PART 76
OFFSET  12.7156 -1.3331 -5.1549
X  0.9714  0.0823 -0.2226
Y -0.1314  0.9676 -0.2156
Z  0.1976  0.2386  0.9508

PART 77
OFFSET  11.6138 -1.4274 -4.9097
X -0.6736 -0.6964  0.2475
Y -0.7091  0.7034  0.0492
Z -0.2084 -0.1424 -0.9676

PART 78
OFFSET  0.0000 -0.0000 -0.0000
X  1.0000 -0.0000  0.0000
Y  0.0000  1.0000  0.0000
Z  0.0000 -0.0000  1.0000

PART 79
OFFSET  0.0000 -0.0000 -0.0000
X  1.0000 -0.0000  0.0000
Y  0.0000  1.0000  0.0000
Z  0.0000 -0.0000  1.0000

PART 80
OFFSET  1.5404 -0.0000  4.1357
X  1.0000 -0.0000  0.0000
Y  0.0000  1.0000  0.0000
Z  0.0000 -0.0000  1.0000


FRAME 201
PART 0
OFFSET -4.6318 -0.0000 -1.3770
X  1.0000 -0.0000  0.0000
Y  0.0000  1.0000  0.0000
Z  0.0000 -0.0000  1.0000

PART 1
OFFSET -4.6318 -0.0000 -1.3770
X  1.0000 -0.0000  0.0000
Y  0.0000  1.0000  0.0000
Z  0.0000 -0.0000  1.0000

PART 2
OFFSET -6.7281  3.8438 -4.9859
X  0.7035 -0.0348 -0.7098
Y  0.1026 -0.9834  0.1499
Z -0.7032 -0.1783 -0.6882

PART 3
OFFSET  1.7801  3.4231 -13.5705
X  0.7058 -0.3494  0.6162
Y -0.6548  0.0099  0.7557
Z -0.2702 -0.9369 -0.2218

PART 4
OFFSET  7.7835  0.4509 -8.3295
X  0.7058 -0.3494  0.6162
Y -0.5985  0.1710  0.7826
Z -0.3789 -0.9212 -0.0884

PART 5
OFFSET  9.7033  0.7926 -8.0679
X  0.7105 -0.3469  0.6123
Y  0.2775  0.9377  0.2092
Z -0.6467  0.0213  0.7625

PART 6
OFFSET  9.1242 -0.6001 -8.8155
X  0.7105 -0.3469  0.6123
Y  0.2775  0.9377  0.2092
Z -0.6467  0.0213  0.7625

PART 7
OFFSET  8.3811  0.5308 -5.8500
X  0.7105 -0.3469  0.6123
Y  0.2775  0.9377  0.2092
Z -0.6467  0.0213  0.7625

PART 8
OFFSET  7.8115 -0.6735 -6.0421
X  0.7105 -0.3469  0.6123
Y  0.2775  0.9377  0.2092
Z -0.6467  0.0213  0.7625

PART 9
OFFSET  8.0049 -1.1168 -7.1383
X  0.7105 -0.3469  0.6123
Y  0.2775  0.9377  0.2092
Z -0.6467  0.0213  0.7625

PART 10
OFFSET  9.9473 -0.6203 -6.4404
X  0.9910 -0.0885 -0.1000
Y  0.1172  0.2187  0.9687
Z -0.0639 -0.9718  0.2271

PART 11
OFFSET  10.4800 -0.8481 -5.4573
X  0.9095  0.0565  0.4118
Y -0.3539  0.6251  0.6957
Z -0.2181 -0.7785  0.5885

PART 12
OFFSET  12.3952 -0.7072 -4.4664
X  0.9707 -0.1013 -0.2180
Y  0.2399  0.3488  0.9060
Z -0.0157 -0.9317  0.3629

PART 13
OFFSET  13.9462 -0.9959 -4.8318
X  0.8577 -0.3909 -0.3339
Y  0.4709  0.3364  0.8156
Z -0.2065 -0.8567  0.4726

PART 14
OFFSET  14.8722 -1.4521 -5.1574
X  0.8628  0.3311 -0.3820
Y -0.4793  0.7759 -0.4102
Z  0.1606  0.5371  0.8281

PART 15
OFFSET  10.6475 -1.1258 -7.5164
X  0.8443 -0.3476 -0.4077
Y -0.2169 -0.9176  0.3330
Z -0.4899 -0.1928 -0.8502

PART 16
OFFSET  12.5894 -1.9913 -8.2678
X  0.5505 -0.8241  0.1330
Y -0.6330 -0.3082  0.7102
Z -0.5443 -0.4752 -0.6914

PART 17
OFFSET  13.3688 -3.1581 -8.0795
X -0.1375 -0.7525  0.6440
Y -0.8549  0.4186  0.3065
Z -0.5002 -0.5084 -0.7009

PART 18
OFFSET  13.2469 -3.8253 -7.5085
X -0.7098 -0.1603  0.6859
Y -0.4339  0.8666 -0.2464
Z -0.5549 -0.4725 -0.6847

PART 19
OFFSET  12.5725 -3.9777 -6.8569
X  0.8955 -0.3531 -0.2709
Y  0.0591  0.6977 -0.7140
Z  0.4411  0.6234  0.6457

PART 20
OFFSET  10.9523 -0.8643 -6.9263
X  0.9067 -0.1573 -0.3913
Y -0.0893 -0.9784  0.1864
Z -0.4121 -0.1341 -0.9012

PART 21
OFFSET  13.2790 -1.5415 -7.8677
X  0.5704 -0.8062  0.1569
Y -0.6946 -0.3716  0.6160
Z -0.4383 -0.4604 -0.7720

PART 22
OFFSET  14.2501 -2.9141 -7.6005
X -0.2675 -0.7479  0.6075
Y -0.8692  0.4595  0.1830
Z -0.4160 -0.4791 -0.7729

PART 23
OFFSET  13.8794 -3.9507 -6.7585
X -0.7725 -0.2674  0.5760
Y -0.4807  0.8390 -0.2552
Z -0.4151 -0.4740 -0.7766

PART 24
OFFSET  13.0417 -4.2407 -6.1338
X  0.8870 -0.2835 -0.3644
Y  0.0672  0.8602 -0.5056
Z  0.4568  0.4240  0.7820

PART 25
OFFSET  13.1543 -1.0669 -5.0887
X  0.8920 -0.3958 -0.2182
Y  0.3536  0.9119 -0.2083
Z  0.2815  0.1087  0.9534

PART 26
OFFSET  13.9211 -0.4392 -6.1837
X  0.5001 -0.8653  0.0340
Y -0.7869 -0.4377  0.4349
Z -0.3615 -0.2442 -0.8998

PART 27
OFFSET  14.8017 -1.9627 -6.1239
X -0.2320 -0.9408  0.2472
Y -0.9221  0.2936  0.2519
Z -0.3096 -0.1695 -0.9356

PART 28
OFFSET  14.5385 -3.0961 -5.7665
X -0.5525 -0.7100  0.4367
Y -0.7548  0.6484  0.0994
Z -0.3537 -0.2747 -0.8941

PART 29
OFFSET  13.9144 -3.8980 -5.2732
X  0.7617 -0.4315 -0.4834
Y  0.3436  0.9015 -0.2633
Z  0.5493  0.0345  0.8349

PART 30
OFFSET  13.6768 -0.8413 -7.1832
X  0.5023 -0.8419  0.1973
Y -0.8084 -0.3763  0.4526
Z -0.3068 -0.3868 -0.8696

PART 31
OFFSET  14.6581 -2.4860 -6.7979
X -0.2278 -0.8648  0.4474
Y -0.9099  0.3526  0.2185
Z -0.3467 -0.3573 -0.8673

PART 32
OFFSET  14.3254 -3.7492 -6.1444
X -0.7358 -0.4641  0.4932
Y -0.5596  0.8268 -0.0569
Z -0.3813 -0.3179 -0.8681

PART 33
OFFSET  13.4898 -4.2776 -5.5919
X  0.9460 -0.1519 -0.2863
Y  0.0168  0.9052 -0.4247
Z  0.3237  0.3970  0.8589

PART 34
OFFSET  12.4737 -2.4591 -6.8874
X -0.4615 -0.1730 -0.8701
Y  0.0639  0.9718 -0.2271
Z  0.8848 -0.1604 -0.4374

PART 35
OFFSET  13.9562 -2.6666 -4.0701
X  0.9980  0.0429  0.0472
Y -0.0419  0.9989 -0.0202
Z -0.0480  0.0182  0.9987

PART 36
OFFSET  13.9562 -2.6666 -4.0701
X  0.9980  0.0429  0.0472
Y -0.0419  0.9989 -0.0202
Z -0.0480  0.0182  0.9987

PART 37
OFFSET  17.1994 -2.3695 -3.5743
X  0.9980  0.0429  0.0472
Y -0.0419  0.9989 -0.0202
Z -0.0480  0.0182  0.9987

PART 38
OFFSET  15.3210 -2.5748 -2.3608
X  0.9980  0.0429  0.0472
Y -0.0419  0.9989 -0.0202
Z -0.0480  0.0182  0.9987

PART 39
OFFSET -76.8166 -71.7354 -26.8571
X  0.9258  0.3771  0.0271
Y -0.3781  0.9240  0.0574
Z -0.0034 -0.0634  0.9980

PART 40
OFFSET  15.3248 -2.5876 -2.9861
X  0.9987  0.0425  0.0268
Y -0.0419  0.9989 -0.0202
Z -0.0276  0.0190  0.9994

PART 41
OFFSET  15.2952 -2.0462 -2.6922
X  0.9987  0.0425  0.0268
Y -0.0419  0.9989 -0.0202
Z -0.0276  0.0190  0.9994

PART 42
OFFSET  15.2802 -2.0277 -2.0586
X  0.9987  0.0425  0.0268
Y -0.0419  0.9989 -0.0202
Z -0.0276  0.0190  0.9994

PART 43
OFFSET  15.2960 -2.5633 -1.7368
X  0.9987  0.0425  0.0268
Y -0.0419  0.9989 -0.0202
Z -0.0276  0.0190  0.9994

PART 44
OFFSET  15.3258 -3.1066 -2.0333
X  0.9987  0.0425  0.0268
Y -0.0419  0.9989 -0.0202
Z -0.0276  0.0190  0.9994

PART 45
OFFSET  15.3401 -3.1167 -2.6553
X  0.9987  0.0425  0.0268
Y -0.0419  0.9989 -0.0202
Z -0.0276  0.0190  0.9994

PART 46
OFFSET -75.1690 -71.1024 -26.8504
X  0.9259  0.3769  0.0274
Y -0.3778  0.9242  0.0562
Z -0.0041 -0.0624  0.9980

PART 47
OFFSET  13.7760 -2.4663 -2.8803
X  0.9980  0.0429  0.0472
Y -0.0419  0.9989 -0.0202
Z -0.0480  0.0182  0.9987

PART 48
OFFSET -7.8386 -1.3192 -1.5206
X -0.5485  0.4004  0.7341
Y -0.4573 -0.8786  0.1375
Z  0.7000 -0.2603  0.6650

PART 49
OFFSET -1.2053 -6.1616 -10.3983
X -0.8925 -0.1768 -0.4149
Y  0.4495 -0.4233 -0.7866
Z -0.0366 -0.8886  0.4573

PART 50
OFFSET  6.3858 -4.6579 -6.8690
X -0.8925 -0.1768 -0.4149
Y  0.4506 -0.3094 -0.8374
Z  0.0196 -0.9343  0.3558

PART 51
OFFSET  7.3788 -3.0735 -6.2140
X -0.8951 -0.1718 -0.4115
Y  0.0327  0.8950 -0.4448
Z  0.4447 -0.4116 -0.7955

PART 52
OFFSET  7.2681 -3.1383 -5.0226
X -0.8951 -0.1718 -0.4115
Y  0.0327  0.8950 -0.4448
Z  0.4447 -0.4116 -0.7955

PART 53
OFFSET  7.4054 -4.3889 -4.5452
X -0.8951 -0.1718 -0.4115
Y  0.0327  0.8950 -0.4448
Z  0.4447 -0.4116 -0.7955

PART 54
OFFSET  9.1219 -4.1160 -5.5969
X -0.9456  0.0680 -0.3183
Y  0.2901 -0.2668 -0.9190
Z -0.1474 -0.9614  0.2325

PART 55
OFFSET  9.3278 -3.4944 -4.6623
X -0.4942 -0.6454 -0.5824
Y  0.7658 -0.0062 -0.6430
Z  0.4114 -0.7638  0.4973

PART 56
OFFSET  10.2950 -2.0585 -3.3690
X -0.9875 -0.1430  0.0660
Y  0.0278 -0.5709 -0.8205
Z  0.1550 -0.8085  0.5678

PART 57
OFFSET  11.8735 -1.7712 -3.5881
X -0.9398 -0.1315  0.3153
Y -0.1917 -0.5608 -0.8055
Z  0.2827 -0.8174  0.5018

PART 58
OFFSET  12.8801 -1.5821 -3.9383
X -0.9149  0.3124 -0.2556
Y  0.3853  0.8647 -0.3222
Z  0.1203 -0.3933 -0.9115

PART 59
OFFSET  10.2625 -4.2649 -6.3587
X -0.9827 -0.0473  0.1793
Y  0.0916 -0.9644  0.2479
Z  0.1612  0.2601  0.9520

PART 60
OFFSET  12.4827 -4.0025 -6.6534
X -0.3404 -0.9362  0.0873
Y  0.9046 -0.3514 -0.2413
Z  0.2566 -0.0032  0.9665

PART 61
OFFSET  12.9646 -2.6770 -6.7770
X  0.5928 -0.7881 -0.1657
Y  0.7755  0.6141 -0.1463
Z  0.2171 -0.0417  0.9753

PART 62
OFFSET  12.4390 -1.9783 -6.6301
X  0.9645  0.0251 -0.2630
Y -0.0259  0.9997  0.0004
Z  0.2629  0.0064  0.9648

PART 63
OFFSET  11.5227 -2.0022 -6.3802
X -0.7594 -0.6477  0.0614
Y -0.6070  0.7393  0.2915
Z -0.2342  0.1841 -0.9546

PART 64
OFFSET  10.2571 -4.2368 -5.6454
X -0.9997 -0.0186 -0.0171
Y  0.0131 -0.9603  0.2788
Z -0.0216  0.2785  0.9602

PART 65
OFFSET  12.8551 -4.2511 -5.7376
X -0.3854 -0.8997  0.2049
Y  0.8763 -0.4264 -0.2242
Z  0.2891  0.0932  0.9527

PART 66
OFFSET  13.5112 -2.7193 -6.0865
X  0.7422 -0.6506 -0.1606
Y  0.6127  0.7559 -0.2307
Z  0.2715  0.0728  0.9597

PART 67
OFFSET  12.4825 -1.8175 -5.8639
X  0.9503  0.1456 -0.2752
Y -0.1609  0.9864 -0.0339
Z  0.2665  0.0765  0.9608

PART 68
OFFSET  11.4519 -1.9754 -5.5654
X -0.6735 -0.6790  0.2921
Y -0.6878  0.7205  0.0887
Z -0.2707 -0.1412 -0.9523

PART 69
OFFSET  4.8622 -4.1227 -6.0196
X -0.9868 -0.1518 -0.0570
Y -0.1225  0.9284 -0.3507
Z  0.1062 -0.3391 -0.9348

PART 70
OFFSET  12.5328 -4.5370 -3.5772
X -0.8787 -0.3838  0.2839
Y  0.4279 -0.8968  0.1121
Z  0.2116  0.2200  0.9523

PART 71
OFFSET  14.0798 -3.8612 -4.0771
X -0.8219 -0.4810  0.3050
Y  0.5362 -0.8341  0.1293
Z  0.1922  0.2698  0.9435

PART 72
OFFSET  15.0907 -3.2601 -4.3905
X -0.5099 -0.8192  0.2624
Y  0.8479 -0.5301 -0.0075
Z  0.1453  0.2187  0.9649

PART 73
OFFSET  15.6667 -2.3347 -4.6869
X -0.5586  0.8067  0.1928
Y  0.7159  0.5863 -0.3792
Z -0.4189 -0.0738 -0.9050

PART 74
OFFSET  12.7731 -4.6467 -4.6499
X -0.4981 -0.8375  0.2249
Y  0.8597 -0.5109  0.0015
Z  0.1136  0.1941  0.9744

PART 75
OFFSET  13.7461 -3.0106 -5.0892
X  0.6298 -0.7728  0.0781
Y  0.7626  0.5960 -0.2516
Z  0.1479  0.2180  0.9647

PART 76
OFFSET  12.8263 -1.8818 -5.2033
X  0.9770  0.0783 -0.1984
Y -0.1277  0.9598 -0.2499
Z  0.1709  0.2694  0.9477

PART 77
OFFSET  11.7185 -1.9717 -4.9855
X -0.6785 -0.6903  0.2512
Y -0.7118  0.7023  0.0073
Z -0.1815 -0.1738 -0.9679

PART 78
OFFSET  0.0000 -0.0000 -0.0000
X  1.0000 -0.0000  0.0000
Y  0.0000  1.0000  0.0000
Z  0.0000 -0.0000  1.0000

PART 79
OFFSET -0.0000 -0.0000 -0.0000
X  1.0000 -0.0014 -0.0007
Y  0.0014  1.0000 -0.0019
Z  0.0007  0.0019  1.0000

PART 80
OFFSET  1.5433  0.0057  4.1347
X  1.0000 -0.0014 -0.0007
Y  0.0014  1.0000 -0.0019
Z  0.0007  0.0019  1.0000


FRAME 202
PART 0
OFFSET -4.6318 -0.0000 -1.3770
X  1.0000 -0.0000  0.0000
Y  0.0000  1.0000  0.0000
Z  0.0000 -0.0000  1.0000

PART 1
OFFSET -4.6318 -0.0000 -1.3770
X  1.0000 -0.0000  0.0000
Y  0.0000  1.0000  0.0000
Z  0.0000 -0.0000  1.0000

PART 2
OFFSET -6.7281  3.8438 -4.9859
X  0.7181 -0.0346 -0.6951
Y  0.1301 -0.9745  0.1828
Z -0.6837 -0.2217 -0.6953

PART 3
OFFSET  1.9568  3.4259 -13.3918
X  0.7135 -0.3078  0.6294
Y -0.6595  0.0082  0.7517
Z -0.2366 -0.9514 -0.1971

PART 4
OFFSET  8.0254  0.8075 -8.0385
X  0.7135 -0.3078  0.6294
Y -0.6607  0.0035  0.7507
Z -0.2333 -0.9514 -0.2009

PART 5
OFFSET  9.9307  1.2220 -7.7764
X  0.7181 -0.3053  0.6254
Y  0.2440  0.9521  0.1845
Z -0.6518  0.0201  0.7581

PART 6
OFFSET  9.4043 -0.2099 -8.4879
X  0.7181 -0.3053  0.6254
Y  0.2440  0.9521  0.1845
Z -0.6518  0.0201  0.7581

PART 7
OFFSET  8.6044  0.9762 -5.5590
X  0.7181 -0.3053  0.6254
Y  0.2440  0.9521  0.1845
Z -0.6518  0.0201  0.7581

PART 8
OFFSET  8.0776 -0.2517 -5.7206
X  0.7181 -0.3053  0.6254
Y  0.2440  0.9521  0.1845
Z -0.6518  0.0201  0.7581

PART 9
OFFSET  8.2929 -0.7182 -6.8031
X  0.7181 -0.3053  0.6254
Y  0.2440  0.9521  0.1845
Z -0.6518  0.0201  0.7581

PART 10
OFFSET  10.2128 -0.1362 -6.1089
X  0.9995 -0.0184 -0.0240
Y  0.0249  0.0486  0.9985
Z -0.0172 -0.9986  0.0490

PART 11
OFFSET  10.6793 -0.5077 -5.1360
X  0.8116 -0.1627  0.5610
Y -0.4844  0.3493  0.8021
Z -0.3265 -0.9228  0.2047

PART 12
OFFSET  12.3643 -0.8753 -3.8339
X  0.9968 -0.0790  0.0113
Y -0.0122 -0.0109  0.9999
Z -0.0789 -0.9968 -0.0118

PART 13
OFFSET  13.9654 -1.1138 -3.8767
X  0.9502 -0.2988 -0.0882
Y  0.1038  0.0366  0.9939
Z -0.2937 -0.9536  0.0658

PART 14
OFFSET  14.9813 -1.4799 -3.9522
X  0.9115  0.3996  0.0974
Y -0.3567  0.8859 -0.2965
Z -0.2048  0.2355  0.9501

PART 15
OFFSET  11.0285 -0.4057 -7.1885
X  0.8866 -0.2297 -0.4015
Y -0.1851 -0.9716  0.1472
Z -0.4239 -0.0562 -0.9040

PART 16
OFFSET  13.0596 -1.0327 -7.9409
X  0.6991 -0.7124 -0.0611
Y -0.5340 -0.5771  0.6179
Z -0.4755 -0.3993 -0.7839

PART 17
OFFSET  14.0494 -2.0413 -8.0274
X  0.1840 -0.9072  0.3784
Y -0.8856  0.0140  0.4643
Z -0.4265 -0.4205 -0.8008

PART 18
OFFSET  14.2125 -2.8456 -7.6920
X -0.3985 -0.6816  0.6138
Y -0.7777  0.6058  0.1679
Z -0.4863 -0.4104 -0.7714

PART 19
OFFSET  13.8339 -3.4931 -7.1089
X  0.8633  0.2003 -0.4633
Y -0.3921  0.8441 -0.3657
Z  0.3178  0.4974  0.8072

PART 20
OFFSET  11.2672 -0.2380 -6.5370
X  0.9435 -0.0385 -0.3292
Y -0.0388 -0.9992  0.0057
Z -0.3292  0.0074 -0.9442

PART 21
OFFSET  13.6978 -0.6180 -7.3776
X  0.7474 -0.6644 -0.0072
Y -0.5619 -0.6377  0.5269
Z -0.3546 -0.3897 -0.8499

PART 22
OFFSET  14.9702 -1.7491 -7.3898
X  0.1498 -0.9157  0.3729
Y -0.9325 -0.0055  0.3611
Z -0.3286 -0.4018 -0.8547

PART 23
OFFSET  15.1778 -3.0181 -6.8729
X -0.3555 -0.7886  0.5017
Y -0.8743  0.4704  0.1197
Z -0.3304 -0.3961 -0.8567

PART 24
OFFSET  14.7922 -3.8734 -6.3288
X  0.7745  0.3579 -0.5216
Y -0.4975  0.8539 -0.1527
Z  0.3907  0.3778  0.8394

PART 25
OFFSET  13.3243 -0.6511 -4.5712
X  0.9309 -0.3044 -0.2021
Y  0.3079  0.9513 -0.0148
Z  0.1967 -0.0484  0.9793

PART 26
OFFSET  14.1327  0.1998 -5.4676
X  0.7556 -0.6428 -0.1258
Y -0.6149 -0.7623  0.2018
Z -0.2256 -0.0751 -0.9713

PART 27
OFFSET  15.4630 -0.9320 -5.6891
X  0.2827 -0.9561 -0.0772
Y -0.9359 -0.2926  0.1960
Z -0.2100  0.0169 -0.9776

PART 28
OFFSET  15.8195 -2.0953 -5.7236
X  0.0499 -0.9942  0.0954
Y -0.9798 -0.0302  0.1977
Z -0.1937 -0.1034 -0.9756

PART 29
OFFSET  15.8759 -3.2183 -5.6158
X  0.8138  0.3219 -0.4839
Y -0.3143  0.9441  0.0994
Z  0.4889  0.0712  0.8694

PART 30
OFFSET  13.9960 -0.0301 -6.5394
X  0.7243 -0.6870  0.0588
Y -0.6540 -0.6576  0.3739
Z -0.2182 -0.3093 -0.9256

PART 31
OFFSET  15.4110 -1.3721 -6.4246
X  0.2175 -0.9460  0.2405
Y -0.9395 -0.1361  0.3142
Z -0.2645 -0.2943 -0.9184

PART 32
OFFSET  15.7286 -2.7539 -6.0734
X -0.2367 -0.9045  0.3548
Y -0.9200  0.3261  0.2176
Z -0.3125 -0.2749 -0.9093

PART 33
OFFSET  15.4590 -3.7805 -5.6782
X  0.7890  0.5029 -0.3529
Y -0.5735  0.8089 -0.1295
Z  0.2203  0.3045  0.9267

PART 34
OFFSET  12.8831 -1.7342 -6.6374
X -0.3782 -0.0389 -0.9249
Y  0.0172  0.9986 -0.0490
Z  0.9256 -0.0345 -0.3770

PART 35
OFFSET  14.0835 -3.6762 -4.0423
X  0.9760  0.1386  0.1683
Y -0.1286  0.9893 -0.0688
Z -0.1760  0.0455  0.9833

PART 36
OFFSET  14.0835 -3.6762 -4.0423
X  0.9760  0.1386  0.1683
Y -0.1286  0.9893 -0.0688
Z -0.1760  0.0455  0.9833

PART 37
OFFSET  17.1975 -3.0579 -3.1628
X  0.9760  0.1386  0.1683
Y -0.1286  0.9893 -0.0688
Z -0.1760  0.0455  0.9833

PART 38
OFFSET  15.2061 -3.4009 -2.1831
X  0.9760  0.1386  0.1683
Y -0.1286  0.9893 -0.0688
Z -0.1760  0.0455  0.9833

PART 39
OFFSET -66.2254 -81.4884 -34.7327
X  0.8781  0.4618  0.1250
Y -0.4620  0.8864 -0.0294
Z -0.1244 -0.0319  0.9917

PART 40
OFFSET  15.2905 -3.4333 -2.8019
X  0.9793  0.1376  0.1482
Y -0.1286  0.9893 -0.0688
Z -0.1560  0.0484  0.9866

PART 41
OFFSET  15.1753 -2.8880 -2.5378
X  0.9793  0.1376  0.1482
Y -0.1286  0.9893 -0.0688
Z -0.1560  0.0484  0.9866

PART 42
OFFSET  15.0783 -2.8507 -1.9124
X  0.9793  0.1376  0.1482
Y -0.1286  0.9893 -0.0688
Z -0.1560  0.0484  0.9866

PART 43
OFFSET  15.1010 -3.3718 -1.5681
X  0.9793  0.1376  0.1482
Y -0.1286  0.9893 -0.0688
Z -0.1560  0.0484  0.9866

PART 44
OFFSET  15.2170 -3.9191 -1.8346
X  0.9793  0.1376  0.1482
Y -0.1286  0.9893 -0.0688
Z -0.1560  0.0484  0.9866

PART 45
OFFSET  15.3111 -3.9478 -2.4490
X  0.9793  0.1376  0.1482
Y -0.1286  0.9893 -0.0688
Z -0.1560  0.0484  0.9866

PART 46
OFFSET -64.8136 -80.9168 -34.6902
X  0.8784  0.4609  0.1260
Y -0.4605  0.8870 -0.0340
Z -0.1274 -0.0282  0.9914

PART 47
OFFSET  13.7362 -3.4558 -2.8938
X  0.9760  0.1386  0.1683
Y -0.1286  0.9893 -0.0688
Z -0.1760  0.0455  0.9833

PART 48
OFFSET -7.8386 -1.3192 -1.5206
X -0.5553  0.4353  0.7086
Y -0.5079 -0.8522  0.1255
Z  0.6586 -0.2902  0.6943

PART 49
OFFSET -1.1231 -6.5841 -10.0906
X -0.9238 -0.0890 -0.3724
Y  0.3693 -0.4644 -0.8049
Z -0.1013 -0.8811  0.4619

PART 50
OFFSET  6.7341 -5.8268 -6.9232
X -0.9238 -0.0890 -0.3724
Y  0.3809 -0.3130 -0.8700
Z -0.0391 -0.9456  0.3230

PART 51
OFFSET  7.9055 -4.3466 -6.3211
X -0.9257 -0.0838 -0.3689
Y  0.0986  0.8879 -0.4493
Z  0.3652 -0.4522 -0.8137

PART 52
OFFSET  7.8446 -4.4012 -5.1257
X -0.9257 -0.0838 -0.3689
Y  0.0986  0.8879 -0.4493
Z  0.3652 -0.4522 -0.8137

PART 53
OFFSET  7.8820 -5.6596 -4.6503
X -0.9257 -0.0838 -0.3689
Y  0.0986  0.8879 -0.4493
Z  0.3652 -0.4522 -0.8137

PART 54
OFFSET  9.5662 -5.5538 -5.7815
X -0.9223  0.0074 -0.3864
Y  0.3684 -0.2850 -0.8849
Z -0.1167 -0.9585  0.2601

PART 55
OFFSET  9.6734 -4.8885 -4.8606
X -0.3935 -0.6916 -0.6057
Y  0.8842 -0.1043 -0.4553
Z  0.2517 -0.7147  0.6525

PART 56
OFFSET  10.4202 -3.3459 -3.5444
X -0.9417 -0.2138 -0.2596
Y  0.3360 -0.6345 -0.6961
Z -0.0159 -0.7428  0.6694

PART 57
OFFSET  11.9624 -2.9554 -3.2418
X -0.9395 -0.3016 -0.1626
Y  0.3182 -0.5922 -0.7403
Z  0.1270 -0.7473  0.6523

PART 58
OFFSET  12.9671 -2.5850 -3.0833
X -0.7095  0.1353 -0.6916
Y  0.3508  0.9190 -0.1801
Z  0.6112 -0.3703 -0.6995

PART 59
OFFSET  10.7647 -5.6715 -6.4546
X -0.9896 -0.0913  0.1116
Y  0.1205 -0.9487  0.2924
Z  0.0792  0.3028  0.9498

PART 60
OFFSET  12.9848 -5.3060 -6.6029
X -0.3198 -0.9402  0.1169
Y  0.9252 -0.3365 -0.1755
Z  0.2043  0.0521  0.9775

PART 61
OFFSET  13.4376 -3.9748 -6.7684
X  0.6744 -0.7310 -0.1036
Y  0.7196  0.6822 -0.1296
Z  0.1654  0.0129  0.9861

PART 62
OFFSET  12.8396 -3.3267 -6.6766
X  0.9732  0.0888 -0.2122
Y -0.1005  0.9939 -0.0448
Z  0.2069  0.0649  0.9762

PART 63
OFFSET  11.9151 -3.4111 -6.4750
X -0.7112 -0.7013  0.0492
Y -0.6760  0.7014  0.2261
Z -0.1931  0.1275 -0.9729

PART 64
OFFSET  10.7064 -5.6176 -5.7452
X -0.9937 -0.0707 -0.0865
Y  0.0398 -0.9474  0.3175
Z -0.1044  0.3120  0.9443

PART 65
OFFSET  13.3019 -5.5012 -5.6540
X -0.4113 -0.8800  0.2376
Y  0.8814 -0.4504 -0.1423
Z  0.2322  0.1509  0.9609

PART 66
OFFSET  14.0022 -4.0030 -6.0584
X  0.7943 -0.6002 -0.0941
Y  0.5686  0.7890 -0.2326
Z  0.2138  0.1312  0.9680

PART 67
OFFSET  12.9013 -3.1712 -5.9280
X  0.9703  0.0956 -0.2222
Y -0.1226  0.9863 -0.1107
Z  0.2086  0.1346  0.9687

PART 68
OFFSET  11.8490 -3.2749 -5.6870
X -0.7147 -0.6351  0.2929
Y -0.6654  0.7465 -0.0048
Z -0.2156 -0.1983 -0.9561

PART 69
OFFSET  5.3535 -5.7957 -6.5020
X -0.9715 -0.2044 -0.1201
Y -0.1421  0.9074 -0.3955
Z  0.1898 -0.3672 -0.9106

PART 70
OFFSET  12.8387 -5.7239 -3.5118
X -0.8942 -0.4057  0.1894
Y  0.4390 -0.8775  0.1929
Z  0.0879  0.2557  0.9628

PART 71
OFFSET  14.4130 -5.0096 -3.8453
X -0.8527 -0.4766  0.2139
Y  0.5179 -0.8247  0.2272
Z  0.0682  0.3045  0.9501

PART 72
OFFSET  15.4538 -4.4118 -4.0477
X -0.5999 -0.7709  0.2141
Y  0.7998 -0.5843  0.1375
Z  0.0191  0.2537  0.9671

PART 73
OFFSET  16.1314 -3.5411 -4.2895
X -0.5214  0.8498  0.0782
Y  0.8035  0.5197 -0.2905
Z -0.2875 -0.0886 -0.9537

PART 74
OFFSET  13.1610 -5.8603 -4.5597
X -0.5105 -0.8255  0.2406
Y  0.8586 -0.5047  0.0901
Z  0.0470  0.2526  0.9664

PART 75
OFFSET  14.1583 -4.2476 -5.0297
X  0.6597 -0.7353  0.1556
Y  0.7471  0.6190 -0.2424
Z  0.0819  0.2761  0.9576

PART 76
OFFSET  13.1947 -3.1737 -5.2570
X  0.9894  0.0628 -0.1308
Y -0.1019  0.9427 -0.3177
Z  0.1034  0.3276  0.9391

PART 77
OFFSET  12.0733 -3.2465 -5.1156
X -0.7002 -0.6712  0.2432
Y -0.7051  0.7035 -0.0884
Z -0.1117 -0.2334 -0.9659

PART 78
OFFSET  0.0000 -0.0000 -0.0000
X  1.0000 -0.0000  0.0000
Y  0.0000  1.0000  0.0000
Z  0.0000 -0.0000  1.0000

PART 79
OFFSET -0.0000 -0.0000 -0.0000
X  1.0000 -0.0051 -0.0026
Y  0.0051  1.0000 -0.0070
Z  0.0026  0.0070  1.0000

PART 80
OFFSET  1.5513  0.0212  4.1316
X  1.0000 -0.0051 -0.0026
Y  0.0051  1.0000 -0.0070
Z  0.0026  0.0070  1.0000


FRAME 203
PART 0
OFFSET -4.6318 -0.0000 -1.3770
X  1.0000 -0.0000  0.0000
Y  0.0000  1.0000  0.0000
Z  0.0000 -0.0000  1.0000

PART 1
OFFSET -4.6318 -0.0000 -1.3770
X  1.0000 -0.0000  0.0000
Y  0.0000  1.0000  0.0000
Z  0.0000 -0.0000  1.0000

PART 2
OFFSET -6.7281  3.8438 -4.9859
X  0.7272 -0.0262 -0.6860
Y  0.1722 -0.9604  0.2192
Z -0.6645 -0.2775 -0.6938

PART 3
OFFSET  2.0660  3.5275 -13.2820
X  0.7274 -0.2521  0.6383
Y -0.6593  0.0015  0.7519
Z -0.1906 -0.9677 -0.1651

PART 4
OFFSET  8.2525  1.3831 -7.8533
X  0.7274 -0.2521  0.6383
Y -0.6838 -0.1873  0.7052
Z -0.0583 -0.9494 -0.3086

PART 5
OFFSET  10.1357  1.8971 -7.6078
X  0.7318 -0.2495  0.6342
Y  0.1979  0.9683  0.1525
Z -0.6521  0.0140  0.7580

PART 6
OFFSET  9.6788  0.4188 -8.2707
X  0.7318 -0.2495  0.6342
Y  0.1979  0.9683  0.1525
Z -0.6521  0.0140  0.7580

PART 7
OFFSET  8.8223  1.6618 -5.3816
X  0.7318 -0.2495  0.6342
Y  0.1979  0.9683  0.1525
Z -0.6521  0.0140  0.7580

PART 8
OFFSET  8.3552  0.4052 -5.5016
X  0.7318 -0.2495  0.6342
Y  0.1979  0.9683  0.1525
Z -0.6521  0.0140  0.7580

PART 9
OFFSET  8.5928 -0.0861 -6.5683
X  0.7318 -0.2495  0.6342
Y  0.1979  0.9683  0.1525
Z -0.6521  0.0140  0.7580

PART 10
OFFSET  10.4824  0.6102 -5.8966
X  0.9968  0.0571  0.0552
Y -0.0460 -0.1507  0.9875
Z  0.0647 -0.9869 -0.1476

PART 11
OFFSET  10.9129  0.0852 -4.9794
X  0.7217 -0.4552  0.5215
Y -0.5824  0.0078  0.8129
Z -0.3741 -0.8904 -0.2595

PART 12
OFFSET  12.3914 -0.9458 -3.7874
X  0.9677 -0.1896  0.1663
Y -0.2326 -0.4156  0.8793
Z -0.0976 -0.8896 -0.4462

PART 13
OFFSET  13.9565 -1.3268 -3.6213
X  0.9068 -0.4015  0.1282
Y -0.2706 -0.3214  0.9075
Z -0.3232 -0.8576 -0.4001

PART 14
OFFSET  14.9177 -1.8057 -3.4856
X  0.8213  0.1883  0.5386
Y -0.1972  0.9795 -0.0417
Z -0.5354 -0.0720  0.8415

PART 15
OFFSET  11.3883  0.6203 -6.9371
X  0.9187 -0.0821 -0.3864
Y -0.1147 -0.9915 -0.0621
Z -0.3780  0.1013 -0.9202

PART 16
OFFSET  13.4934  0.2996 -7.6789
X  0.8473 -0.4738 -0.2401
Y -0.3326 -0.8257  0.4556
Z -0.4141 -0.3062 -0.8572

PART 17
OFFSET  14.6929 -0.3712 -8.0189
X  0.5843 -0.8103  0.0442
Y -0.7260 -0.4976  0.4747
Z -0.3627 -0.3094 -0.8790

PART 18
OFFSET  15.2110 -1.0897 -7.9797
X  0.1930 -0.9411  0.2775
Y -0.8889 -0.0479  0.4557
Z -0.4156 -0.3346 -0.8458

PART 19
OFFSET  15.3944 -1.9838 -7.7160
X  0.4705  0.7983 -0.3760
Y -0.8477  0.5272  0.0585
Z  0.2450  0.2912  0.9248

PART 20
OFFSET  11.5679  0.6705 -6.2481
X  0.9632  0.0946 -0.2517
Y  0.0462 -0.9803 -0.1919
Z -0.2649  0.1732 -0.9486

PART 21
OFFSET  14.0692  0.6392 -6.9558
X  0.9073 -0.3937 -0.1479
Y -0.3140 -0.8681  0.3844
Z -0.2797 -0.3023 -0.9112

PART 22
OFFSET  15.6139 -0.0310 -7.2076
X  0.6479 -0.7581  0.0737
Y -0.7188 -0.5766  0.3883
Z -0.2519 -0.3046 -0.9186

PART 23
OFFSET  16.5118 -1.0818 -7.1055
X  0.3685 -0.9091  0.1943
Y -0.8935 -0.2886  0.3440
Z -0.2566 -0.3003 -0.9187

PART 24
OFFSET  16.9115 -2.0677 -6.8948
X  0.1959  0.8950 -0.4008
Y -0.9314  0.2977  0.2096
Z  0.3069  0.3323  0.8918

PART 25
OFFSET  13.5169  0.0178 -4.2376
X  0.9648 -0.1916 -0.1801
Y  0.2260  0.9543  0.1957
Z  0.1344 -0.2295  0.9640

PART 26
OFFSET  14.3079  1.0856 -4.8819
X  0.9588 -0.2512 -0.1326
Y -0.2660 -0.9578 -0.1092
Z -0.0996  0.1399 -0.9851

PART 27
OFFSET  15.9960  0.6433 -5.1154
X  0.8163 -0.5297 -0.2302
Y -0.5627 -0.8193 -0.1100
Z -0.1304  0.2193 -0.9669

PART 28
OFFSET  16.9964 -0.0139 -5.3365
X  0.7797 -0.6146 -0.1197
Y -0.6247 -0.7767 -0.0808
Z -0.0433  0.1378 -0.9895

PART 29
OFFSET  17.8770 -0.7082 -5.4718
X  0.2979  0.9400 -0.1664
Y -0.9177  0.3300  0.2213
Z  0.2629  0.0868  0.9609

PART 30
OFFSET  14.2631  1.0660 -5.9856
X  0.9194 -0.3913 -0.0396
Y -0.3699 -0.8944  0.2514
Z -0.1337 -0.2165 -0.9671

PART 31
OFFSET  16.0593  0.3016 -6.0629
X  0.7094 -0.7043  0.0285
Y -0.6812 -0.6746  0.2843
Z -0.1810 -0.2211 -0.9583

PART 32
OFFSET  17.0954 -0.7271 -6.0213
X  0.5139 -0.8537  0.0848
Y -0.8263 -0.4660  0.3163
Z -0.2305 -0.2326 -0.9449

PART 33
OFFSET  17.6763 -1.6953 -5.9321
X  0.1485  0.9671 -0.2066
Y -0.9777  0.1750  0.1165
Z  0.1488  0.1847  0.9715

PART 34
OFFSET  13.3084 -0.6579 -6.5040
X -0.3109  0.1206 -0.9427
Y -0.0647  0.9869  0.1476
Z  0.9482  0.1068 -0.2991

PART 35
OFFSET  14.3787 -4.9116 -3.9604
X  0.9162  0.2437  0.3182
Y -0.2181  0.9692 -0.1142
Z -0.3362  0.0352  0.9411

PART 36
OFFSET  14.3787 -4.9116 -3.9604
X  0.9162  0.2437  0.3182
Y -0.2181  0.9692 -0.1142
Z -0.3362  0.0352  0.9411

PART 37
OFFSET  17.2282 -3.9559 -2.6117
X  0.9162  0.2437  0.3182
Y -0.2181  0.9692 -0.1142
Z -0.3362  0.0352  0.9411

PART 38
OFFSET  15.1515 -4.5013 -1.9537
X  0.9162  0.2437  0.3182
Y -0.2181  0.9692 -0.1142
Z -0.3362  0.0352  0.9411

PART 39
OFFSET -51.0322 -90.7261 -44.8152
X  0.7953  0.5514  0.2519
Y -0.5385  0.8334 -0.1242
Z -0.2785 -0.0369  0.9597

PART 40
OFFSET  15.3376 -4.5300 -2.5501
X  0.9229  0.2429  0.2989
Y -0.2181  0.9692 -0.1142
Z -0.3174  0.0402  0.9474

PART 41
OFFSET  15.1251 -3.9978 -2.3221
X  0.9229  0.2429  0.2989
Y -0.2181  0.9692 -0.1142
Z -0.3174  0.0402  0.9474

PART 42
OFFSET  14.9251 -3.9655 -1.7213
X  0.9229  0.2429  0.2989
Y -0.2181  0.9692 -0.1142
Z -0.3174  0.0402  0.9474

PART 43
OFFSET  14.9461 -4.4781 -1.3643
X  0.9229  0.2429  0.2989
Y -0.2181  0.9692 -0.1142
Z -0.3174  0.0402  0.9474

PART 44
OFFSET  15.1599 -5.0122 -1.5946
X  0.9229  0.2429  0.2989
Y -0.2181  0.9692 -0.1142
Z -0.3174  0.0402  0.9474

PART 45
OFFSET  15.3544 -5.0361 -2.1851
X  0.9229  0.2429  0.2989
Y -0.2181  0.9692 -0.1142
Z -0.3174  0.0402  0.9474

PART 46
OFFSET -49.8886 -90.3753 -44.8147
X  0.7958  0.5496  0.2544
Y -0.5339  0.8349 -0.1335
Z -0.2858 -0.0296  0.9578

PART 47
OFFSET  13.8295 -4.7194 -2.8882
X  0.9162  0.2437  0.3182
Y -0.2181  0.9692 -0.1142
Z -0.3362  0.0352  0.9411

PART 48
OFFSET -7.8386 -1.3192 -1.5206
X -0.5842  0.4780  0.6559
Y -0.5436 -0.8306  0.1210
Z  0.6026 -0.2859  0.7451

PART 49
OFFSET -0.7729 -7.0999 -9.4529
X -0.9530  0.0075 -0.3028
Y  0.2568 -0.5098 -0.8211
Z -0.1605 -0.8603  0.4839

PART 50
OFFSET  7.3330 -7.1639 -6.8776
X -0.9530  0.0075 -0.3028
Y  0.2858 -0.3090 -0.9071
Z -0.1004 -0.9510  0.2923

PART 51
OFFSET  8.6974 -5.8129 -6.3889
X -0.9541  0.0129 -0.2992
Y  0.1595  0.8675 -0.4712
Z  0.2535 -0.4973 -0.8297

PART 52
OFFSET  8.7197 -5.8484 -5.1913
X -0.9541  0.0129 -0.2992
Y  0.1595  0.8675 -0.4712
Z  0.2535 -0.4973 -0.8297

PART 53
OFFSET  8.6573 -7.0986 -4.6972
X -0.9541  0.0129 -0.2992
Y  0.1595  0.8675 -0.4712
Z  0.2535 -0.4973 -0.8297

PART 54
OFFSET  10.2547 -7.1869 -5.9493
X -0.8837 -0.0425 -0.4662
Y  0.4580 -0.2839 -0.8424
Z -0.0966 -0.9579  0.2703

PART 55
OFFSET  10.2499 -6.5005 -5.0377
X -0.2529 -0.7529 -0.6076
Y  0.9672 -0.1803 -0.1792
Z  0.0254 -0.6330  0.7738

PART 56
OFFSET  10.6977 -4.8226 -3.7517
X -0.7536 -0.3431 -0.5607
Y  0.6127 -0.6755 -0.4102
Z -0.2380 -0.6527  0.7193

PART 57
OFFSET  11.9775 -4.2359 -2.9516
X -0.6391 -0.5428 -0.5448
Y  0.7626 -0.5391 -0.3575
Z -0.0997 -0.6440  0.7585

PART 58
OFFSET  12.6602 -3.6103 -2.3911
X -0.2506 -0.0982 -0.9631
Y  0.2166  0.9639 -0.1546
Z  0.9436 -0.2473 -0.2203

PART 59
OFFSET  11.5125 -7.2614 -6.5115
X -0.9905 -0.1350  0.0261
Y  0.1361 -0.9365  0.3232
Z -0.0192  0.3237  0.9460

PART 60
OFFSET  13.7185 -6.7962 -6.4719
X -0.3070 -0.9436  0.1240
Y  0.9423 -0.3197 -0.0993
Z  0.1333  0.0863  0.9873

PART 61
OFFSET  14.1532 -5.4603 -6.6474
X  0.7273 -0.6853 -0.0372
Y  0.6798  0.7268 -0.0987
Z  0.0947  0.0465  0.9944

PART 62
OFFSET  13.5083 -4.8527 -6.6144
X  0.9813  0.1260 -0.1455
Y -0.1389  0.9869 -0.0824
Z  0.1333  0.1010  0.9859

PART 63
OFFSET  12.5761 -4.9724 -6.4761
X -0.6826 -0.7305  0.0204
Y -0.7195  0.6767  0.1561
Z -0.1278  0.0918 -0.9875

PART 64
OFFSET  11.3889 -7.1972 -5.8114
X -0.9780 -0.1183 -0.1720
Y  0.0535 -0.9385  0.3410
Z -0.2018  0.3243  0.9242

PART 65
OFFSET  13.9582 -6.9590 -5.4946
X -0.4457 -0.8622  0.2406
Y  0.8811 -0.4701 -0.0523
Z  0.1582  0.1886  0.9692

PART 66
OFFSET  14.7171 -5.4910 -5.9041
X  0.8281 -0.5602 -0.0205
Y  0.5431  0.8108 -0.2183
Z  0.1389  0.1696  0.9757

PART 67
OFFSET  13.5694 -4.7146 -5.8757
X  0.9891  0.0383 -0.1421
Y -0.0619  0.9842 -0.1657
Z  0.1335  0.1727  0.9759

PART 68
OFFSET  12.4967 -4.7561 -5.7216
X -0.7684 -0.5851  0.2591
Y -0.6233  0.7760 -0.0961
Z -0.1448 -0.2353 -0.9611

PART 69
OFFSET  6.1378 -7.6371 -7.0322
X -0.9469 -0.2514 -0.2005
Y -0.1466  0.8924 -0.4268
Z  0.2863 -0.3748 -0.8818

PART 70
OFFSET  13.3167 -7.1633 -3.3971
X -0.9030 -0.4266  0.0505
Y  0.4241 -0.8665  0.2635
Z -0.0686  0.2593  0.9633

PART 71
OFFSET  14.9066 -6.4122 -3.4860
X -0.8832 -0.4639  0.0693
Y  0.4609 -0.8307  0.3122
Z -0.0873  0.3077  0.9475

PART 72
OFFSET  15.9749 -5.8295 -3.5126
X -0.7142 -0.6949  0.0832
Y  0.6859 -0.6713  0.2808
Z -0.1393  0.2577  0.9561

PART 73
OFFSET  16.7817 -5.0446 -3.6066
X -0.4259  0.9047 -0.0117
Y  0.8986  0.4214 -0.1225
Z -0.1059 -0.0627 -0.9924

PART 74
OFFSET  13.7366 -7.3040 -4.4091
X -0.5285 -0.8173  0.2296
Y  0.8482 -0.4971  0.1831
