// Export filename: `C:\projects\cod\t5\xanim_export\t5_viewmodels\python\python_dw_right_idle_loop.XANIM_EXPORT`
// Source filename: `D:\projects\devanim\t5\animation_assets\viewmodels/python/ViewModel_python_DW_animated.fbx`
// Export time: Tue Sep 14 14:44:40 2010

ANIMATION
VERSION 3

NUMPARTS 48
PART 0 "tag_ads"
PART 1 "tag_torso"
PART 2 "tag_weapon"
PART 3 "J_Gun"
PART 4 "TAG_CLIP"
PART 5 "J_Bolt"
PART 6 "tag_speedloader"
PART 7 "tag_spent0"
PART 8 "tag_spent1"
PART 9 "tag_spent2"
PART 10 "tag_spent3"
PART 11 "tag_spent4"
PART 12 "tag_spent5"
PART 13 "tag_bullets"
PART 14 "J_Press_Rear"
PART 15 "J_Shoulder_RI"
PART 16 "J_Elbow_RI"
PART 17 "J_WristTwist_RI"
PART 18 "J_Sleave_Reshape_Top_RI_3"
PART 19 "J_Sleave_Reshape_Top_RI_2"
PART 20 "J_Sleave_Reshape_Top_RI_1"
PART 21 "J_Wrist_RI"
PART 22 "J_Thumb_RI_0"
PART 23 "J_Thumb_RI_1"
PART 24 "J_Thumb_RI_2"
PART 25 "J_Thumb_RI_3"
PART 26 "J_PinkyPalm_RI"
PART 27 "J_Pinky_RI_0"
PART 28 "J_Pinky_RI_1"
PART 29 "J_Pinky_RI_2"
PART 30 "J_Pinky_RI_3"
PART 31 "J_RingPalm_RI"
PART 32 "J_Ring_RI_0"
PART 33 "J_Ring_RI_1"
PART 34 "J_Ring_RI_2"
PART 35 "J_Ring_RI_3"
PART 36 "J_Webbing_RI"
PART 37 "J_Index_RI_0"
PART 38 "J_Index_RI_1"
PART 39 "J_Index_RI_2"
PART 40 "J_Index_RI_3"
PART 41 "J_Mid_RI_0"
PART 42 "J_Mid_RI_1"
PART 43 "J_Mid_RI_2"
PART 44 "J_Mid_RI_3"
PART 45 "tag_cambone"
PART 46 "tag_camera"
PART 47 "tag_gasmask"

FRAMERATE 30
NUMFRAMES 281

FRAME 700
PART 0
OFFSET  0.0000 -0.0000 -0.0000
X  1.0000 -0.0000  0.0000
Y  0.0000  1.0000  0.0000
Z  0.0000 -0.0000  1.0000

PART 1
OFFSET -4.6318 -0.0000 -1.3770
X  1.0000 -0.0000  0.0000
Y  0.0000  1.0000  0.0000
Z  0.0000 -0.0000  1.0000

PART 2
OFFSET  14.4142 -5.2386 -3.9150
X  1.0000  0.0001 -0.0000
Y -0.0001  0.9965  0.0833
Z  0.0000 -0.0833  0.9965

PART 3
OFFSET  14.4142 -5.2386 -3.9150
X  1.0000  0.0001 -0.0000
Y -0.0001  0.9965  0.0833
Z  0.0000 -0.0833  0.9965

PART 4
OFFSET  17.6869 -5.1167 -3.5589
X  1.0000  0.0001 -0.0000
Y -0.0001  0.9965  0.0833
Z  0.0000 -0.0833  0.9965

PART 5
OFFSET  15.8608 -5.3753 -2.2776
X  1.0000  0.0001 -0.0000
Y -0.0001  0.9965  0.0833
Z  0.0000 -0.0833  0.9965

PART 6
OFFSET -320.3348 -5.1251  0.0032
X  0.9998  0.0018 -0.0204
Y -0.0001  0.9965  0.0833
Z  0.0204 -0.0833  0.9963

PART 7
OFFSET  15.7866 -5.3371 -2.9267
X  0.9998  0.0018 -0.0204
Y -0.0001  0.9965  0.0833
Z  0.0204 -0.0833  0.9963

PART 8
OFFSET  15.7941 -4.7972 -2.5647
X  0.9998  0.0018 -0.0204
Y -0.0001  0.9965  0.0833
Z  0.0204 -0.0833  0.9963

PART 9
OFFSET  15.8099 -4.8434 -1.9320
X  0.9998  0.0018 -0.0204
Y -0.0001  0.9965  0.0833
Z  0.0204 -0.0833  0.9963

PART 10
OFFSET  15.8179 -5.4220 -1.6532
X  0.9998  0.0018 -0.0204
Y -0.0001  0.9965  0.0833
Z  0.0204 -0.0833  0.9963

PART 11
OFFSET  15.8105 -5.9527 -2.0193
X  0.9998  0.0018 -0.0204
Y -0.0001  0.9965  0.0833
Z  0.0204 -0.0833  0.9963

PART 12
OFFSET  15.7949 -5.8843 -2.6380
X  0.9998  0.0018 -0.0204
Y -0.0001  0.9965  0.0833
Z  0.0204 -0.0833  0.9963

PART 13
OFFSET -318.4825 -5.1218 -0.0346
X  0.9998  0.0018 -0.0204
Y -0.0001  0.9965  0.0833
Z  0.0204 -0.0833  0.9963

PART 14
OFFSET  14.2991 -5.1556 -2.7034
X  0.9989 -0.0038  0.0471
Y -0.0001  0.9965  0.0833
Z -0.0472 -0.0832  0.9954

PART 15
OFFSET -9.2817 -11.3680 -3.1869
X -0.7728 -0.1294  0.6213
Y -0.0349 -0.9688 -0.2452
Z  0.6337 -0.2112  0.7442

PART 16
OFFSET  0.0641 -9.8025 -10.7013
X -0.8088 -0.3379 -0.4814
Y  0.5099  0.0049 -0.8602
Z  0.2930 -0.9412  0.1683

PART 17
OFFSET  6.9431 -6.9287 -6.6071
X -0.8088 -0.3379 -0.4814
Y  0.5870 -0.4122 -0.6968
Z  0.0370 -0.8461  0.5317

PART 18
OFFSET  7.5205 -5.4423 -5.2508
X -0.8126 -0.3353 -0.4767
Y -0.2980  0.9420 -0.1546
Z  0.5009  0.0164 -0.8654

PART 19
OFFSET  7.4514 -5.7184 -4.1419
X -0.8126 -0.3353 -0.4767
Y -0.2980  0.9420 -0.1546
Z  0.5009  0.0164 -0.8654

PART 20
OFFSET  8.1403 -6.9268 -4.2469
X -0.8126 -0.3353 -0.4767
Y -0.2980  0.9420 -0.1546
Z  0.5009  0.0164 -0.8654

PART 21
OFFSET  9.4226 -5.8928 -5.1314
X -0.9484  0.2309 -0.2172
Y  0.1464 -0.2889 -0.9461
Z -0.2812 -0.9291  0.2402

PART 22
OFFSET  9.8234 -5.3364 -4.2193
X -0.6965 -0.5598 -0.4489
Y  0.6139 -0.1410 -0.7767
Z  0.3715 -0.8166  0.4418

PART 23
OFFSET  11.2445 -4.0690 -3.1976
X -0.9676  0.0189  0.2516
Y -0.2162 -0.5763 -0.7881
Z  0.1301 -0.8170  0.5618

PART 24
OFFSET  12.7792 -4.0425 -3.7137
X -0.7709  0.1302  0.6235
Y -0.5899 -0.5152 -0.6218
Z  0.2402 -0.8471  0.4740

PART 25
OFFSET  13.6119 -4.1358 -4.3991
X -0.8449  0.5341  0.0276
Y  0.4392  0.7225 -0.5340
Z -0.3052 -0.4390 -0.8451

PART 26
OFFSET  10.4386 -6.2097 -6.0092
X -0.9533  0.1113  0.2808
Y -0.0456 -0.9720  0.2305
Z  0.2986  0.2069  0.9317

PART 27
OFFSET  12.6296 -6.3105 -6.5326
X -0.2420 -0.9610  0.1336
Y  0.8333 -0.2764 -0.4787
Z  0.4970 -0.0045  0.8678

PART 28
OFFSET  12.9724 -4.9499 -6.7217
X  0.4631 -0.8388 -0.2864
Y  0.7554  0.5425 -0.3675
Z  0.4637 -0.0462  0.8848

PART 29
OFFSET  12.5618 -4.2062 -6.4678
X  0.8596 -0.0525 -0.5082
Y  0.0463  0.9986 -0.0248
Z  0.5088 -0.0023  0.8609

PART 30
OFFSET  11.7451 -4.1564 -5.9850
X -0.7602 -0.5864  0.2798
Y -0.4539  0.7874  0.4171
Z -0.4649  0.1901 -0.8647

PART 31
OFFSET  10.5107 -6.1983 -5.2991
X -0.9852  0.1472  0.0874
Y -0.1189 -0.9557  0.2694
Z  0.1232  0.2550  0.9591

PART 32
OFFSET  13.0468 -6.6393 -5.6625
X -0.2544 -0.9352  0.2462
Y  0.8013 -0.3464 -0.4878
Z  0.5415  0.0732  0.8375

PART 33
OFFSET  13.4800 -5.0471 -6.0817
X  0.6125 -0.7146 -0.3381
Y  0.5885  0.6977 -0.4085
Z  0.5278  0.0512  0.8478

PART 34
OFFSET  12.6312 -4.0568 -5.6131
X  0.8429  0.1110 -0.5265
Y -0.1235  0.9923  0.0114
Z  0.5237  0.0554  0.8501

PART 35
OFFSET  11.7170 -4.1771 -5.0421
X -0.5943 -0.6550  0.4667
Y -0.6067  0.7460  0.2745
Z -0.5280 -0.1200 -0.8407

PART 36
OFFSET  5.2008 -5.1856 -5.1066
X -0.9989  0.0148  0.0454
Y -0.0010  0.9441 -0.3297
Z -0.0477 -0.3294 -0.9430

PART 37
OFFSET  12.9032 -6.9199 -3.4822
X -0.8588 -0.3654  0.3591
Y  0.3902 -0.9207 -0.0036
Z  0.3320  0.1370  0.9333

PART 38
OFFSET  14.4153 -6.2766 -4.1145
X -0.7835 -0.5019  0.3663
Y  0.5359 -0.8442 -0.0103
Z  0.3144  0.1882  0.9305

PART 39
OFFSET  15.3869 -5.6550 -4.5033
X -0.6180 -0.7349  0.2794
Y  0.7384 -0.6645 -0.1144
Z  0.2697  0.1356  0.9533

PART 40
OFFSET  16.0850 -4.8250 -4.8188
X -0.3895  0.8772  0.2805
Y  0.7687  0.4774 -0.4257
Z -0.5074  0.0498 -0.8603

PART 41
OFFSET  13.0113 -7.0420 -4.5748
X -0.3759 -0.8639  0.3352
Y  0.8336 -0.4733 -0.2850
Z  0.4048  0.1723  0.8980

PART 42
OFFSET  13.7456 -5.3543 -5.2297
X  0.5432 -0.8358 -0.0797
Y  0.7190  0.5121 -0.4699
Z  0.4336  0.1979  0.8791

PART 43
OFFSET  12.9522 -4.1335 -5.1133
X  0.8824 -0.0004 -0.4705
Y -0.1157  0.9691 -0.2178
Z  0.4561  0.2466  0.8551

PART 44
OFFSET  11.9496 -4.1341 -4.5866
X -0.6319 -0.6344  0.4453
Y -0.6207  0.7582  0.1996
Z -0.4642 -0.1503 -0.8729

PART 45
OFFSET  0.0000 -0.0000 -0.0000
X  1.0000 -0.0000  0.0000
Y  0.0000  1.0000  0.0000
Z  0.0000 -0.0000  1.0000

PART 46
OFFSET  0.0000 -0.0000 -0.0000
X  1.0000 -0.0000  0.0000
Y  0.0000  1.0000  0.0000
Z  0.0000 -0.0000  1.0000

PART 47
OFFSET  1.5404 -0.0000  4.1357
X  1.0000 -0.0000  0.0000
Y  0.0000  1.0000  0.0000
Z  0.0000 -0.0000  1.0000


FRAME 701
PART 0
OFFSET  0.0000 -0.0000 -0.0000
X  1.0000 -0.0000  0.0000
Y  0.0000  1.0000  0.0000
Z  0.0000 -0.0000  1.0000

PART 1
OFFSET -4.6318 -0.0000 -1.3770
X  1.0000 -0.0000  0.0000
Y  0.0000  1.0000  0.0000
Z  0.0000 -0.0000  1.0000

PART 2
OFFSET  14.4142 -5.2386 -3.9150
X  1.0000  0.0001 -0.0000
Y -0.0001  0.9965  0.0833
Z  0.0000 -0.0833  0.9965

PART 3
OFFSET  14.4142 -5.2386 -3.9150
X  1.0000  0.0001 -0.0000
Y -0.0001  0.9965  0.0833
Z  0.0000 -0.0833  0.9965

PART 4
OFFSET  17.6869 -5.1167 -3.5589
X  1.0000  0.0001 -0.0000
Y -0.0001  0.9965  0.0833
Z  0.0000 -0.0833  0.9965

PART 5
OFFSET  15.8608 -5.3753 -2.2776
X  1.0000  0.0001 -0.0000
Y -0.0001  0.9965  0.0833
Z  0.0000 -0.0833  0.9965

PART 6
OFFSET -320.3348 -5.1251  0.0032
X  0.9998  0.0018 -0.0204
Y -0.0001  0.9965  0.0833
Z  0.0204 -0.0833  0.9963

PART 7
OFFSET  15.7866 -5.3371 -2.9267
X  0.9998  0.0018 -0.0204
Y -0.0001  0.9965  0.0833
Z  0.0204 -0.0833  0.9963

PART 8
OFFSET  15.7941 -4.7972 -2.5647
X  0.9998  0.0018 -0.0204
Y -0.0001  0.9965  0.0833
Z  0.0204 -0.0833  0.9963

PART 9
OFFSET  15.8099 -4.8434 -1.9320
X  0.9998  0.0018 -0.0204
Y -0.0001  0.9965  0.0833
Z  0.0204 -0.0833  0.9963

PART 10
OFFSET  15.8179 -5.4220 -1.6532
X  0.9998  0.0018 -0.0204
Y -0.0001  0.9965  0.0833
Z  0.0204 -0.0833  0.9963

PART 11
OFFSET  15.8105 -5.9527 -2.0193
X  0.9998  0.0018 -0.0204
Y -0.0001  0.9965  0.0833
Z  0.0204 -0.0833  0.9963

PART 12
OFFSET  15.7949 -5.8843 -2.6380
X  0.9998  0.0018 -0.0204
Y -0.0001  0.9965  0.0833
Z  0.0204 -0.0833  0.9963

PART 13
OFFSET -318.4825 -5.1218 -0.0346
X  0.9998  0.0018 -0.0204
Y -0.0001  0.9965  0.0833
Z  0.0204 -0.0833  0.9963

PART 14
OFFSET  14.2991 -5.1556 -2.7034
X  0.9989 -0.0038  0.0471
Y -0.0001  0.9965  0.0833
Z -0.0472 -0.0832  0.9954

PART 15
OFFSET -9.2817 -11.3680 -3.1869
X -0.7728 -0.1294  0.6213
Y -0.0349 -0.9688 -0.2452
Z  0.6337 -0.2112  0.7442

PART 16
OFFSET  0.0641 -9.8025 -10.7013
X -0.8088 -0.3379 -0.4814
Y  0.5099  0.0049 -0.8602
Z  0.2930 -0.9412  0.1683

PART 17
OFFSET  6.9431 -6.9287 -6.6071
X -0.8088 -0.3379 -0.4814
Y  0.5870 -0.4122 -0.6968
Z  0.0370 -0.8461  0.5317

PART 18
OFFSET  7.5205 -5.4423 -5.2508
X -0.8126 -0.3353 -0.4767
Y -0.2980  0.9420 -0.1546
Z  0.5009  0.0164 -0.8654

PART 19
OFFSET  7.4514 -5.7184 -4.1419
X -0.8126 -0.3353 -0.4767
Y -0.2980  0.9420 -0.1546
Z  0.5009  0.0164 -0.8654

PART 20
OFFSET  8.1403 -6.9268 -4.2469
X -0.8126 -0.3353 -0.4767
Y -0.2980  0.9420 -0.1546
Z  0.5009  0.0164 -0.8654

PART 21
OFFSET  9.4226 -5.8928 -5.1314
X -0.9484  0.2309 -0.2172
Y  0.1464 -0.2889 -0.9461
Z -0.2812 -0.9291  0.2402

PART 22
OFFSET  9.8234 -5.3364 -4.2193
X -0.6965 -0.5598 -0.4489
Y  0.6139 -0.1410 -0.7767
Z  0.3715 -0.8166  0.4418

PART 23
OFFSET  11.2445 -4.0690 -3.1976
X -0.9676  0.0189  0.2516
Y -0.2162 -0.5763 -0.7881
Z  0.1301 -0.8170  0.5618

PART 24
OFFSET  12.7792 -4.0425 -3.7137
X -0.7709  0.1302  0.6235
Y -0.5899 -0.5152 -0.6218
Z  0.2402 -0.8471  0.4740

PART 25
OFFSET  13.6119 -4.1358 -4.3991
X -0.8449  0.5341  0.0276
Y  0.4392  0.7225 -0.5340
Z -0.3052 -0.4390 -0.8451

PART 26
OFFSET  10.4386 -6.2097 -6.0092
X -0.9533  0.1113  0.2808
Y -0.0456 -0.9720  0.2305
Z  0.2986  0.2069  0.9317

PART 27
OFFSET  12.6296 -6.3105 -6.5326
X -0.2420 -0.9610  0.1336
Y  0.8333 -0.2764 -0.4787
Z  0.4970 -0.0045  0.8678

PART 28
OFFSET  12.9724 -4.9499 -6.7217
X  0.4631 -0.8388 -0.2864
Y  0.7554  0.5425 -0.3675
Z  0.4637 -0.0462  0.8848

PART 29
OFFSET  12.5618 -4.2062 -6.4678
X  0.8596 -0.0525 -0.5082
Y  0.0463  0.9986 -0.0248
Z  0.5088 -0.0023  0.8609

PART 30
OFFSET  11.7451 -4.1564 -5.9850
X -0.7602 -0.5864  0.2798
Y -0.4539  0.7874  0.4171
Z -0.4649  0.1901 -0.8647

PART 31
OFFSET  10.5107 -6.1983 -5.2991
X -0.9852  0.1472  0.0874
Y -0.1189 -0.9557  0.2694
Z  0.1232  0.2550  0.9591

PART 32
OFFSET  13.0468 -6.6393 -5.6625
X -0.2544 -0.9352  0.2462
Y  0.8013 -0.3464 -0.4878
Z  0.5415  0.0732  0.8375

PART 33
OFFSET  13.4800 -5.0471 -6.0817
X  0.6125 -0.7146 -0.3381
Y  0.5885  0.6977 -0.4085
Z  0.5278  0.0512  0.8478

PART 34
OFFSET  12.6312 -4.0568 -5.6131
X  0.8429  0.1110 -0.5265
Y -0.1235  0.9923  0.0114
Z  0.5237  0.0554  0.8501

PART 35
OFFSET  11.7170 -4.1771 -5.0421
X -0.5943 -0.6550  0.4667
Y -0.6067  0.7460  0.2745
Z -0.5280 -0.1200 -0.8407

PART 36
OFFSET  5.2008 -5.1856 -5.1066
X -0.9989  0.0148  0.0454
Y -0.0010  0.9441 -0.3297
Z -0.0477 -0.3294 -0.9430

PART 37
OFFSET  12.9032 -6.9199 -3.4822
X -0.8588 -0.3654  0.3591
Y  0.3902 -0.9207 -0.0036
Z  0.3320  0.1370  0.9333

PART 38
OFFSET  14.4153 -6.2766 -4.1145
X -0.7835 -0.5019  0.3663
Y  0.5359 -0.8442 -0.0103
Z  0.3144  0.1882  0.9305

PART 39
OFFSET  15.3869 -5.6550 -4.5033
X -0.6180 -0.7349  0.2794
Y  0.7384 -0.6645 -0.1144
Z  0.2697  0.1356  0.9533

PART 40
OFFSET  16.0850 -4.8250 -4.8188
X -0.3895  0.8772  0.2805
Y  0.7687  0.4774 -0.4257
Z -0.5074  0.0498 -0.8603

PART 41
OFFSET  13.0113 -7.0420 -4.5748
X -0.3759 -0.8639  0.3352
Y  0.8336 -0.4733 -0.2850
Z  0.4048  0.1723  0.8980

PART 42
OFFSET  13.7456 -5.3543 -5.2297
X  0.5432 -0.8358 -0.0797
Y  0.7190  0.5121 -0.4699
Z  0.4336  0.1979  0.8791

PART 43
OFFSET  12.9522 -4.1335 -5.1133
X  0.8824 -0.0004 -0.4705
Y -0.1157  0.9691 -0.2178
Z  0.4561  0.2466  0.8551

PART 44
OFFSET  11.9496 -4.1341 -4.5866
X -0.6319 -0.6344  0.4453
Y -0.6207  0.7582  0.1996
Z -0.4642 -0.1503 -0.8729

PART 45
OFFSET  0.0000 -0.0000 -0.0000
X  1.0000 -0.0000  0.0000
Y  0.0000  1.0000  0.0000
Z  0.0000 -0.0000  1.0000

PART 46
OFFSET  0.0000 -0.0000 -0.0000
X  1.0000 -0.0000  0.0000
Y  0.0000  1.0000  0.0000
Z  0.0000 -0.0000  1.0000

PART 47
OFFSET  1.5404 -0.0000  4.1357
X  1.0000 -0.0000  0.0000
Y  0.0000  1.0000  0.0000
Z  0.0000 -0.0000  1.0000


FRAME 702
PART 0
OFFSET  0.0000 -0.0000 -0.0000
X  1.0000 -0.0000  0.0000
Y  0.0000  1.0000  0.0000
Z  0.0000 -0.0000  1.0000

PART 1
OFFSET -4.6318 -0.0000 -1.3770
X  1.0000 -0.0000  0.0000
Y  0.0000  1.0000  0.0000
Z  0.0000 -0.0000  1.0000

PART 2
OFFSET  14.4142 -5.2386 -3.9150
X  1.0000  0.0001 -0.0000
Y -0.0001  0.9965  0.0833
Z  0.0000 -0.0833  0.9965

PART 3
OFFSET  14.4142 -5.2386 -3.9150
X  1.0000  0.0001 -0.0000
Y -0.0001  0.9965  0.0833
Z  0.0000 -0.0833  0.9965

PART 4
OFFSET  17.6869 -5.1167 -3.5589
X  1.0000  0.0001 -0.0000
Y -0.0001  0.9965  0.0833
Z  0.0000 -0.0833  0.9965

PART 5
OFFSET  15.8608 -5.3753 -2.2776
X  1.0000  0.0001 -0.0000
Y -0.0001  0.9965  0.0833
Z  0.0000 -0.0833  0.9965

PART 6
OFFSET -320.3348 -5.1251  0.0032
X  0.9998  0.0018 -0.0204
Y -0.0001  0.9965  0.0833
Z  0.0204 -0.0833  0.9963

PART 7
OFFSET  15.7866 -5.3371 -2.9267
X  0.9998  0.0018 -0.0204
Y -0.0001  0.9965  0.0833
Z  0.0204 -0.0833  0.9963

PART 8
OFFSET  15.7941 -4.7972 -2.5647
X  0.9998  0.0018 -0.0204
Y -0.0001  0.9965  0.0833
Z  0.0204 -0.0833  0.9963

PART 9
OFFSET  15.8099 -4.8434 -1.9320
X  0.9998  0.0018 -0.0204
Y -0.0001  0.9965  0.0833
Z  0.0204 -0.0833  0.9963

PART 10
OFFSET  15.8179 -5.4220 -1.6532
X  0.9998  0.0018 -0.0204
Y -0.0001  0.9965  0.0833
Z  0.0204 -0.0833  0.9963

PART 11
OFFSET  15.8105 -5.9527 -2.0193
X  0.9998  0.0018 -0.0204
Y -0.0001  0.9965  0.0833
Z  0.0204 -0.0833  0.9963

PART 12
OFFSET  15.7949 -5.8843 -2.6380
X  0.9998  0.0018 -0.0204
Y -0.0001  0.9965  0.0833
Z  0.0204 -0.0833  0.9963

PART 13
OFFSET -318.4825 -5.1218 -0.0346
X  0.9998  0.0018 -0.0204
Y -0.0001  0.9965  0.0833
Z  0.0204 -0.0833  0.9963

PART 14
OFFSET  14.2991 -5.1556 -2.7034
X  0.9989 -0.0038  0.0471
Y -0.0001  0.9965  0.0833
Z -0.0472 -0.0832  0.9954

PART 15
OFFSET -9.2817 -11.3680 -3.1869
X -0.7728 -0.1294  0.6213
Y -0.0349 -0.9688 -0.2452
Z  0.6337 -0.2112  0.7442

PART 16
OFFSET  0.0641 -9.8025 -10.7013
X -0.8088 -0.3379 -0.4814
Y  0.5099  0.0049 -0.8602
Z  0.2930 -0.9412  0.1683

PART 17
OFFSET  6.9431 -6.9287 -6.6071
X -0.8088 -0.3379 -0.4814
Y  0.5870 -0.4122 -0.6968
Z  0.0370 -0.8461  0.5317

PART 18
OFFSET  7.5205 -5.4423 -5.2508
X -0.8126 -0.3353 -0.4767
Y -0.2980  0.9420 -0.1546
Z  0.5009  0.0164 -0.8654

PART 19
OFFSET  7.4514 -5.7184 -4.1419
X -0.8126 -0.3353 -0.4767
Y -0.2980  0.9420 -0.1546
Z  0.5009  0.0164 -0.8654

PART 20
OFFSET  8.1403 -6.9268 -4.2469
X -0.8126 -0.3353 -0.4767
Y -0.2980  0.9420 -0.1546
Z  0.5009  0.0164 -0.8654

PART 21
OFFSET  9.4226 -5.8928 -5.1314
X -0.9484  0.2309 -0.2172
Y  0.1464 -0.2889 -0.9461
Z -0.2812 -0.9291  0.2402

PART 22
OFFSET  9.8234 -5.3364 -4.2193
X -0.6965 -0.5598 -0.4489
Y  0.6139 -0.1410 -0.7767
Z  0.3715 -0.8166  0.4418

PART 23
OFFSET  11.2445 -4.0690 -3.1976
X -0.9676  0.0189  0.2516
Y -0.2162 -0.5763 -0.7881
Z  0.1301 -0.8170  0.5618

PART 24
OFFSET  12.7792 -4.0425 -3.7137
X -0.7709  0.1302  0.6235
Y -0.5899 -0.5152 -0.6218
Z  0.2402 -0.8471  0.4740

PART 25
OFFSET  13.6119 -4.1358 -4.3991
X -0.8449  0.5341  0.0276
Y  0.4392  0.7225 -0.5340
Z -0.3052 -0.4390 -0.8451

PART 26
OFFSET  10.4386 -6.2097 -6.0092
X -0.9533  0.1113  0.2808
Y -0.0456 -0.9720  0.2305
Z  0.2986  0.2069  0.9317

PART 27
OFFSET  12.6296 -6.3105 -6.5326
X -0.2420 -0.9610  0.1336
Y  0.8333 -0.2764 -0.4787
Z  0.4970 -0.0045  0.8678

PART 28
OFFSET  12.9724 -4.9499 -6.7217
X  0.4631 -0.8388 -0.2864
Y  0.7554  0.5425 -0.3675
Z  0.4637 -0.0462  0.8848

PART 29
OFFSET  12.5618 -4.2062 -6.4678
X  0.8596 -0.0525 -0.5082
Y  0.0463  0.9986 -0.0248
Z  0.5088 -0.0023  0.8609

PART 30
OFFSET  11.7451 -4.1564 -5.9850
X -0.7602 -0.5864  0.2798
Y -0.4539  0.7874  0.4171
Z -0.4649  0.1901 -0.8647

PART 31
OFFSET  10.5107 -6.1983 -5.2991
X -0.9852  0.1472  0.0874
Y -0.1189 -0.9557  0.2694
Z  0.1232  0.2550  0.9591

PART 32
OFFSET  13.0468 -6.6393 -5.6625
X -0.2544 -0.9352  0.2462
Y  0.8013 -0.3464 -0.4878
Z  0.5415  0.0732  0.8375

PART 33
OFFSET  13.4800 -5.0471 -6.0817
X  0.6125 -0.7146 -0.3381
Y  0.5885  0.6977 -0.4085
Z  0.5278  0.0512  0.8478

PART 34
OFFSET  12.6312 -4.0568 -5.6131
X  0.8429  0.1110 -0.5265
Y -0.1235  0.9923  0.0114
Z  0.5237  0.0554  0.8501

PART 35
OFFSET  11.7170 -4.1771 -5.0421
X -0.5943 -0.6550  0.4667
Y -0.6067  0.7460  0.2745
Z -0.5280 -0.1200 -0.8407

PART 36
OFFSET  5.2008 -5.1856 -5.1066
X -0.9989  0.0148  0.0454
Y -0.0010  0.9441 -0.3297
Z -0.0477 -0.3294 -0.9430

PART 37
OFFSET  12.9032 -6.9199 -3.4822
X -0.8588 -0.3654  0.3591
Y  0.3902 -0.9207 -0.0036
Z  0.3320  0.1370  0.9333

PART 38
OFFSET  14.4153 -6.2766 -4.1145
X -0.7835 -0.5019  0.3663
Y  0.5359 -0.8442 -0.0103
Z  0.3144  0.1882  0.9305

PART 39
OFFSET  15.3869 -5.6550 -4.5033
X -0.6180 -0.7349  0.2794
Y  0.7384 -0.6645 -0.1144
Z  0.2697  0.1356  0.9533

PART 40
OFFSET  16.0850 -4.8250 -4.8188
X -0.3895  0.8772  0.2805
Y  0.7687  0.4774 -0.4257
Z -0.5074  0.0498 -0.8603

PART 41
OFFSET  13.0113 -7.0420 -4.5748
X -0.3759 -0.8639  0.3352
Y  0.8336 -0.4733 -0.2850
Z  0.4048  0.1723  0.8980

PART 42
OFFSET  13.7456 -5.3543 -5.2297
X  0.5432 -0.8358 -0.0797
Y  0.7190  0.5121 -0.4699
Z  0.4336  0.1979  0.8791

PART 43
OFFSET  12.9522 -4.1335 -5.1133
X  0.8824 -0.0004 -0.4705
Y -0.1157  0.9691 -0.2178
Z  0.4561  0.2466  0.8551

PART 44
OFFSET  11.9496 -4.1341 -4.5866
X -0.6319 -0.6344  0.4453
Y -0.6207  0.7582  0.1996
Z -0.4642 -0.1503 -0.8729

PART 45
OFFSET  0.0000 -0.0000 -0.0000
X  1.0000 -0.0000  0.0000
Y  0.0000  1.0000  0.0000
Z  0.0000 -0.0000  1.0000

PART 46
OFFSET  0.0000 -0.0000 -0.0000
X  1.0000 -0.0000  0.0000
Y  0.0000  1.0000  0.0000
Z  0.0000 -0.0000  1.0000

PART 47
OFFSET  1.5404 -0.0000  4.1357
X  1.0000 -0.0000  0.0000
Y  0.0000  1.0000  0.0000
Z  0.0000 -0.0000  1.0000


FRAME 703
PART 0
OFFSET  0.0000 -0.0000 -0.0000
X  1.0000 -0.0000  0.0000
Y  0.0000  1.0000  0.0000
Z  0.0000 -0.0000  1.0000

PART 1
OFFSET -4.6318 -0.0000 -1.3770
X  1.0000 -0.0000  0.0000
Y  0.0000  1.0000  0.0000
Z  0.0000 -0.0000  1.0000

PART 2
OFFSET  14.4142 -5.2386 -3.9150
X  1.0000  0.0001 -0.0000
Y -0.0001  0.9965  0.0833
Z  0.0000 -0.0833  0.9965

PART 3
OFFSET  14.4142 -5.2386 -3.9150
X  1.0000  0.0001 -0.0000
Y -0.0001  0.9965  0.0833
Z  0.0000 -0.0833  0.9965

PART 4
OFFSET  17.6869 -5.1167 -3.5589
X  1.0000  0.0001 -0.0000
Y -0.0001  0.9965  0.0833
Z  0.0000 -0.0833  0.9965

PART 5
OFFSET  15.8608 -5.3753 -2.2776
X  1.0000  0.0001 -0.0000
Y -0.0001  0.9965  0.0833
Z  0.0000 -0.0833  0.9965

PART 6
OFFSET -320.3348 -5.1251  0.0032
X  0.9998  0.0018 -0.0204
Y -0.0001  0.9965  0.0833
Z  0.0204 -0.0833  0.9963

PART 7
OFFSET  15.7866 -5.3371 -2.9267
X  0.9998  0.0018 -0.0204
Y -0.0001  0.9965  0.0833
Z  0.0204 -0.0833  0.9963

PART 8
OFFSET  15.7941 -4.7972 -2.5647
X  0.9998  0.0018 -0.0204
Y -0.0001  0.9965  0.0833
Z  0.0204 -0.0833  0.9963

PART 9
OFFSET  15.8099 -4.8434 -1.9320
X  0.9998  0.0018 -0.0204
Y -0.0001  0.9965  0.0833
Z  0.0204 -0.0833  0.9963

PART 10
OFFSET  15.8179 -5.4220 -1.6532
X  0.9998  0.0018 -0.0204
Y -0.0001  0.9965  0.0833
Z  0.0204 -0.0833  0.9963

PART 11
OFFSET  15.8105 -5.9527 -2.0193
X  0.9998  0.0018 -0.0204
Y -0.0001  0.9965  0.0833
Z  0.0204 -0.0833  0.9963

PART 12
OFFSET  15.7949 -5.8843 -2.6380
X  0.9998  0.0018 -0.0204
Y -0.0001  0.9965  0.0833
Z  0.0204 -0.0833  0.9963

PART 13
OFFSET -318.4825 -5.1218 -0.0346
X  0.9998  0.0018 -0.0204
Y -0.0001  0.9965  0.0833
Z  0.0204 -0.0833  0.9963

PART 14
OFFSET  14.2991 -5.1556 -2.7034
X  0.9989 -0.0038  0.0471
Y -0.0001  0.9965  0.0833
Z -0.0472 -0.0832  0.9954

PART 15
OFFSET -9.2817 -11.3680 -3.1869
X -0.7728 -0.1294  0.6213
Y -0.0349 -0.9688 -0.2452
Z  0.6337 -0.2112  0.7442

PART 16
OFFSET  0.0641 -9.8025 -10.7013
X -0.8088 -0.3379 -0.4814
Y  0.5099  0.0049 -0.8602
Z  0.2930 -0.9412  0.1683

PART 17
OFFSET  6.9431 -6.9287 -6.6071
X -0.8088 -0.3379 -0.4814
Y  0.5870 -0.4122 -0.6968
Z  0.0370 -0.8461  0.5317

PART 18
OFFSET  7.5205 -5.4423 -5.2508
X -0.8126 -0.3353 -0.4767
Y -0.2980  0.9420 -0.1546
Z  0.5009  0.0164 -0.8654

PART 19
OFFSET  7.4514 -5.7184 -4.1419
X -0.8126 -0.3353 -0.4767
Y -0.2980  0.9420 -0.1546
Z  0.5009  0.0164 -0.8654

PART 20
OFFSET  8.1403 -6.9268 -4.2469
X -0.8126 -0.3353 -0.4767
Y -0.2980  0.9420 -0.1546
Z  0.5009  0.0164 -0.8654

PART 21
OFFSET  9.4226 -5.8928 -5.1314
X -0.9484  0.2309 -0.2172
Y  0.1464 -0.2889 -0.9461
Z -0.2812 -0.9291  0.2402

PART 22
OFFSET  9.8234 -5.3364 -4.2193
X -0.6965 -0.5598 -0.4489
Y  0.6139 -0.1410 -0.7767
Z  0.3715 -0.8166  0.4418

PART 23
OFFSET  11.2445 -4.0690 -3.1976
X -0.9676  0.0189  0.2516
Y -0.2162 -0.5763 -0.7881
Z  0.1301 -0.8170  0.5618

PART 24
OFFSET  12.7792 -4.0425 -3.7137
X -0.7709  0.1302  0.6235
Y -0.5899 -0.5152 -0.6218
Z  0.2402 -0.8471  0.4740

PART 25
OFFSET  13.6119 -4.1358 -4.3991
X -0.8449  0.5341  0.0276
Y  0.4392  0.7225 -0.5340
Z -0.3052 -0.4390 -0.8451

PART 26
OFFSET  10.4386 -6.2097 -6.0092
X -0.9533  0.1113  0.2808
Y -0.0456 -0.9720  0.2305
Z  0.2986  0.2069  0.9317

PART 27
OFFSET  12.6296 -6.3105 -6.5326
X -0.2420 -0.9610  0.1336
Y  0.8333 -0.2764 -0.4787
Z  0.4970 -0.0045  0.8678

PART 28
OFFSET  12.9724 -4.9499 -6.7217
X  0.4631 -0.8388 -0.2864
Y  0.7554  0.5425 -0.3675
Z  0.4637 -0.0462  0.8848

PART 29
OFFSET  12.5618 -4.2062 -6.4678
X  0.8596 -0.0525 -0.5082
Y  0.0463  0.9986 -0.0248
Z  0.5088 -0.0023  0.8609

PART 30
OFFSET  11.7451 -4.1564 -5.9850
X -0.7602 -0.5864  0.2798
Y -0.4539  0.7874  0.4171
Z -0.4649  0.1901 -0.8647

PART 31
OFFSET  10.5107 -6.1983 -5.2991
X -0.9852  0.1472  0.0874
Y -0.1189 -0.9557  0.2694
Z  0.1232  0.2550  0.9591

PART 32
OFFSET  13.0468 -6.6393 -5.6625
X -0.2544 -0.9352  0.2462
Y  0.8013 -0.3464 -0.4878
Z  0.5415  0.0732  0.8375

PART 33
OFFSET  13.4800 -5.0471 -6.0817
X  0.6125 -0.7146 -0.3381
Y  0.5885  0.6977 -0.4085
Z  0.5278  0.0512  0.8478

PART 34
OFFSET  12.6312 -4.0568 -5.6131
X  0.8429  0.1110 -0.5265
Y -0.1235  0.9923  0.0114
Z  0.5237  0.0554  0.8501

PART 35
OFFSET  11.7170 -4.1771 -5.0421
X -0.5943 -0.6550  0.4667
Y -0.6067  0.7460  0.2745
Z -0.5280 -0.1200 -0.8407

PART 36
OFFSET  5.2008 -5.1856 -5.1066
X -0.9989  0.0148  0.0454
Y -0.0010  0.9441 -0.3297
Z -0.0477 -0.3294 -0.9430

PART 37
OFFSET  12.9032 -6.9199 -3.4822
X -0.8588 -0.3654  0.3591
Y  0.3902 -0.9207 -0.0036
Z  0.3320  0.1370  0.9333

PART 38
OFFSET  14.4153 -6.2766 -4.1145
X -0.7835 -0.5019  0.3663
Y  0.5359 -0.8442 -0.0103
Z  0.3144  0.1882  0.9305

PART 39
OFFSET  15.3869 -5.6550 -4.5033
X -0.6180 -0.7349  0.2794
Y  0.7384 -0.6645 -0.1144
Z  0.2697  0.1356  0.9533

PART 40
OFFSET  16.0850 -4.8250 -4.8188
X -0.3895  0.8772  0.2805
Y  0.7687  0.4774 -0.4257
Z -0.5074  0.0498 -0.8603

PART 41
OFFSET  13.0113 -7.0420 -4.5748
X -0.3759 -0.8639  0.3352
Y  0.8336 -0.4733 -0.2850
Z  0.4048  0.1723  0.8980

PART 42
OFFSET  13.7456 -5.3543 -5.2297
X  0.5432 -0.8358 -0.0797
Y  0.7190  0.5121 -0.4699
Z  0.4336  0.1979  0.8791

PART 43
OFFSET  12.9522 -4.1335 -5.1133
X  0.8824 -0.0004 -0.4705
Y -0.1157  0.9691 -0.2178
Z  0.4561  0.2466  0.8551

PART 44
OFFSET  11.9496 -4.1341 -4.5866
X -0.6319 -0.6344  0.4453
Y -0.6207  0.7582  0.1996
Z -0.4642 -0.1503 -0.8729

PART 45
OFFSET  0.0000 -0.0000 -0.0000
X  1.0000 -0.0000  0.0000
Y  0.0000  1.0000  0.0000
Z  0.0000 -0.0000  1.0000

PART 46
OFFSET  0.0000 -0.0000 -0.0000
X  1.0000 -0.0000  0.0000
Y  0.0000  1.0000  0.0000
Z  0.0000 -0.0000  1.0000

PART 47
OFFSET  1.5404 -0.0000  4.1357
X  1.0000 -0.0000  0.0000
Y  0.0000  1.0000  0.0000
Z  0.0000 -0.0000  1.0000


FRAME 704
PART 0
OFFSET  0.0000 -0.0000 -0.0000
X  1.0000 -0.0000  0.0000
Y  0.0000  1.0000  0.0000
Z  0.0000 -0.0000  1.0000

PART 1
OFFSET -4.6318 -0.0000 -1.3770
X  1.0000 -0.0000  0.0000
Y  0.0000  1.0000  0.0000
Z  0.0000 -0.0000  1.0000

PART 2
OFFSET  14.4142 -5.2386 -3.9150
X  1.0000  0.0001 -0.0000
Y -0.0001  0.9965  0.0833
Z  0.0000 -0.0833  0.9965

PART 3
OFFSET  14.4142 -5.2386 -3.9150
X  1.0000  0.0001 -0.0000
Y -0.0001  0.9965  0.0833
Z  0.0000 -0.0833  0.9965

PART 4
OFFSET  17.6869 -5.1167 -3.5589
X  1.0000  0.0001 -0.0000
Y -0.0001  0.9965  0.0833
Z  0.0000 -0.0833  0.9965

PART 5
OFFSET  15.8608 -5.3753 -2.2776
X  1.0000  0.0001 -0.0000
Y -0.0001  0.9965  0.0833
Z  0.0000 -0.0833  0.9965

PART 6
OFFSET -320.3348 -5.1251  0.0032
X  0.9998  0.0018 -0.0204
Y -0.0001  0.9965  0.0833
Z  0.0204 -0.0833  0.9963

PART 7
OFFSET  15.7866 -5.3371 -2.9267
X  0.9998  0.0018 -0.0204
Y -0.0001  0.9965  0.0833
Z  0.0204 -0.0833  0.9963

PART 8
OFFSET  15.7941 -4.7972 -2.5647
X  0.9998  0.0018 -0.0204
Y -0.0001  0.9965  0.0833
Z  0.0204 -0.0833  0.9963

PART 9
OFFSET  15.8099 -4.8434 -1.9320
X  0.9998  0.0018 -0.0204
Y -0.0001  0.9965  0.0833
Z  0.0204 -0.0833  0.9963

PART 10
OFFSET  15.8179 -5.4220 -1.6532
X  0.9998  0.0018 -0.0204
Y -0.0001  0.9965  0.0833
Z  0.0204 -0.0833  0.9963

PART 11
OFFSET  15.8105 -5.9527 -2.0193
X  0.9998  0.0018 -0.0204
Y -0.0001  0.9965  0.0833
Z  0.0204 -0.0833  0.9963

PART 12
OFFSET  15.7949 -5.8843 -2.6380
X  0.9998  0.0018 -0.0204
Y -0.0001  0.9965  0.0833
Z  0.0204 -0.0833  0.9963

PART 13
OFFSET -318.4825 -5.1218 -0.0346
X  0.9998  0.0018 -0.0204
Y -0.0001  0.9965  0.0833
Z  0.0204 -0.0833  0.9963

PART 14
OFFSET  14.2991 -5.1556 -2.7034
X  0.9989 -0.0038  0.0471
Y -0.0001  0.9965  0.0833
Z -0.0472 -0.0832  0.9954

PART 15
OFFSET -9.2817 -11.3680 -3.1869
X -0.7728 -0.1294  0.6213
Y -0.0349 -0.9688 -0.2452
Z  0.6337 -0.2112  0.7442

PART 16
OFFSET  0.0641 -9.8025 -10.7013
X -0.8088 -0.3379 -0.4814
Y  0.5099  0.0049 -0.8602
Z  0.2930 -0.9412  0.1683

PART 17
OFFSET  6.9431 -6.9287 -6.6071
X -0.8088 -0.3379 -0.4814
Y  0.5870 -0.4122 -0.6968
Z  0.0370 -0.8461  0.5317

PART 18
OFFSET  7.5205 -5.4423 -5.2508
X -0.8126 -0.3353 -0.4767
Y -0.2980  0.9420 -0.1546
Z  0.5009  0.0164 -0.8654

PART 19
OFFSET  7.4514 -5.7184 -4.1419
X -0.8126 -0.3353 -0.4767
Y -0.2980  0.9420 -0.1546
Z  0.5009  0.0164 -0.8654

PART 20
OFFSET  8.1403 -6.9268 -4.2469
X -0.8126 -0.3353 -0.4767
Y -0.2980  0.9420 -0.1546
Z  0.5009  0.0164 -0.8654

PART 21
OFFSET  9.4226 -5.8928 -5.1314
X -0.9484  0.2309 -0.2172
Y  0.1464 -0.2889 -0.9461
Z -0.2812 -0.9291  0.2402

PART 22
OFFSET  9.8234 -5.3364 -4.2193
X -0.6965 -0.5598 -0.4489
Y  0.6139 -0.1410 -0.7767
Z  0.3715 -0.8166  0.4418

PART 23
OFFSET  11.2445 -4.0690 -3.1976
X -0.9676  0.0189  0.2516
Y -0.2162 -0.5763 -0.7881
Z  0.1301 -0.8170  0.5618

PART 24
OFFSET  12.7792 -4.0425 -3.7137
X -0.7709  0.1302  0.6235
Y -0.5899 -0.5152 -0.6218
Z  0.2402 -0.8471  0.4740

PART 25
OFFSET  13.6119 -4.1358 -4.3991
X -0.8449  0.5341  0.0276
Y  0.4392  0.7225 -0.5340
Z -0.3052 -0.4390 -0.8451

PART 26
OFFSET  10.4386 -6.2097 -6.0092
X -0.9533  0.1113  0.2808
Y -0.0456 -0.9720  0.2305
Z  0.2986  0.2069  0.9317

PART 27
OFFSET  12.6296 -6.3105 -6.5326
X -0.2420 -0.9610  0.1336
Y  0.8333 -0.2764 -0.4787
Z  0.4970 -0.0045  0.8678

PART 28
OFFSET  12.9724 -4.9499 -6.7217
X  0.4631 -0.8388 -0.2864
Y  0.7554  0.5425 -0.3675
Z  0.4637 -0.0462  0.8848

PART 29
OFFSET  12.5618 -4.2062 -6.4678
X  0.8596 -0.0525 -0.5082
Y  0.0463  0.9986 -0.0248
Z  0.5088 -0.0023  0.8609

PART 30
OFFSET  11.7451 -4.1564 -5.9850
X -0.7602 -0.5864  0.2798
Y -0.4539  0.7874  0.4171
Z -0.4649  0.1901 -0.8647

PART 31
OFFSET  10.5107 -6.1983 -5.2991
X -0.9852  0.1472  0.0874
Y -0.1189 -0.9557  0.2694
Z  0.1232  0.2550  0.9591

PART 32
OFFSET  13.0468 -6.6393 -5.6625
X -0.2544 -0.9352  0.2462
Y  0.8013 -0.3464 -0.4878
Z  0.5415  0.0732  0.8375

PART 33
OFFSET  13.4800 -5.0471 -6.0817
X  0.6125 -0.7146 -0.3381
Y  0.5885  0.6977 -0.4085
Z  0.5278  0.0512  0.8478

PART 34
OFFSET  12.6312 -4.0568 -5.6131
X  0.8429  0.1110 -0.5265
Y -0.1235  0.9923  0.0114
Z  0.5237  0.0554  0.8501

PART 35
OFFSET  11.7170 -4.1771 -5.0421
X -0.5943 -0.6550  0.4667
Y -0.6067  0.7460  0.2745
Z -0.5280 -0.1200 -0.8407

PART 36
OFFSET  5.2008 -5.1856 -5.1066
X -0.9989  0.0148  0.0454
Y -0.0010  0.9441 -0.3297
Z -0.0477 -0.3294 -0.9430

PART 37
OFFSET  12.9032 -6.9199 -3.4822
X -0.8588 -0.3654  0.3591
Y  0.3902 -0.9207 -0.0036
Z  0.3320  0.1370  0.9333

PART 38
OFFSET  14.4153 -6.2766 -4.1145
X -0.7835 -0.5019  0.3663
Y  0.5359 -0.8442 -0.0103
Z  0.3144  0.1882  0.9305

PART 39
OFFSET  15.3869 -5.6550 -4.5033
X -0.6180 -0.7349  0.2794
Y  0.7384 -0.6645 -0.1144
Z  0.2697  0.1356  0.9533

PART 40
OFFSET  16.0850 -4.8250 -4.8188
X -0.3895  0.8772  0.2805
Y  0.7687  0.4774 -0.4257
Z -0.5074  0.0498 -0.8603

PART 41
OFFSET  13.0113 -7.0420 -4.5748
X -0.3759 -0.8639  0.3352
Y  0.8336 -0.4733 -0.2850
Z  0.4048  0.1723  0.8980

PART 42
OFFSET  13.7456 -5.3543 -5.2297
X  0.5432 -0.8358 -0.0797
Y  0.7190  0.5121 -0.4699
Z  0.4336  0.1979  0.8791

PART 43
OFFSET  12.9522 -4.1335 -5.1133
X  0.8824 -0.0004 -0.4705
Y -0.1157  0.9691 -0.2178
Z  0.4561  0.2466  0.8551

PART 44
OFFSET  11.9496 -4.1341 -4.5866
X -0.6319 -0.6344  0.4453
Y -0.6207  0.7582  0.1996
Z -0.4642 -0.1503 -0.8729

PART 45
OFFSET  0.0000 -0.0000 -0.0000
X  1.0000 -0.0000  0.0000
Y  0.0000  1.0000  0.0000
Z  0.0000 -0.0000  1.0000

PART 46
OFFSET  0.0000 -0.0000 -0.0000
X  1.0000 -0.0000  0.0000
Y  0.0000  1.0000  0.0000
Z  0.0000 -0.0000  1.0000

PART 47
OFFSET  1.5404 -0.0000  4.1357
X  1.0000 -0.0000  0.0000
Y  0.0000  1.0000  0.0000
Z  0.0000 -0.0000  1.0000


FRAME 705
PART 0
OFFSET  0.0000 -0.0000 -0.0000
X  1.0000 -0.0000  0.0000
Y  0.0000  1.0000  0.0000
Z  0.0000 -0.0000  1.0000

PART 1
OFFSET -4.6318 -0.0000 -1.3770
X  1.0000 -0.0000  0.0000
Y  0.0000  1.0000  0.0000
Z  0.0000 -0.0000  1.0000

PART 2
OFFSET  14.4142 -5.2386 -3.9150
X  1.0000  0.0001 -0.0000
Y -0.0001  0.9965  0.0833
Z  0.0000 -0.0833  0.9965

PART 3
OFFSET  14.4142 -5.2386 -3.9150
X  1.0000  0.0001 -0.0000
Y -0.0001  0.9965  0.0833
Z  0.0000 -0.0833  0.9965

PART 4
OFFSET  17.6869 -5.1167 -3.5589
X  1.0000  0.0001 -0.0000
Y -0.0001  0.9965  0.0833
Z  0.0000 -0.0833  0.9965

PART 5
OFFSET  15.8608 -5.3753 -2.2776
X  1.0000  0.0001 -0.0000
Y -0.0001  0.9965  0.0833
Z  0.0000 -0.0833  0.9965

PART 6
OFFSET -320.3348 -5.1251  0.0032
X  0.9998  0.0018 -0.0204
Y -0.0001  0.9965  0.0833
Z  0.0204 -0.0833  0.9963

PART 7
OFFSET  15.7866 -5.3371 -2.9267
X  0.9998  0.0018 -0.0204
Y -0.0001  0.9965  0.0833
Z  0.0204 -0.0833  0.9963

PART 8
OFFSET  15.7941 -4.7972 -2.5647
X  0.9998  0.0018 -0.0204
Y -0.0001  0.9965  0.0833
Z  0.0204 -0.0833  0.9963

PART 9
OFFSET  15.8099 -4.8434 -1.9320
X  0.9998  0.0018 -0.0204
Y -0.0001  0.9965  0.0833
Z  0.0204 -0.0833  0.9963

PART 10
OFFSET  15.8179 -5.4220 -1.6532
X  0.9998  0.0018 -0.0204
Y -0.0001  0.9965  0.0833
Z  0.0204 -0.0833  0.9963

PART 11
OFFSET  15.8105 -5.9527 -2.0193
X  0.9998  0.0018 -0.0204
Y -0.0001  0.9965  0.0833
Z  0.0204 -0.0833  0.9963

PART 12
OFFSET  15.7949 -5.8843 -2.6380
X  0.9998  0.0018 -0.0204
Y -0.0001  0.9965  0.0833
Z  0.0204 -0.0833  0.9963

PART 13
OFFSET -318.4825 -5.1218 -0.0346
X  0.9998  0.0018 -0.0204
Y -0.0001  0.9965  0.0833
Z  0.0204 -0.0833  0.9963

PART 14
OFFSET  14.2991 -5.1556 -2.7034
X  0.9989 -0.0038  0.0471
Y -0.0001  0.9965  0.0833
Z -0.0472 -0.0832  0.9954

PART 15
OFFSET -9.2817 -11.3680 -3.1869
X -0.7728 -0.1294  0.6213
Y -0.0349 -0.9688 -0.2452
Z  0.6337 -0.2112  0.7442

PART 16
OFFSET  0.0641 -9.8025 -10.7013
X -0.8088 -0.3379 -0.4814
Y  0.5099  0.0049 -0.8602
Z  0.2930 -0.9412  0.1683

PART 17
OFFSET  6.9431 -6.9287 -6.6071
X -0.8088 -0.3379 -0.4814
Y  0.5870 -0.4122 -0.6968
Z  0.0370 -0.8461  0.5317

PART 18
OFFSET  7.5205 -5.4423 -5.2508
X -0.8126 -0.3353 -0.4767
Y -0.2980  0.9420 -0.1546
Z  0.5009  0.0164 -0.8654

PART 19
OFFSET  7.4514 -5.7184 -4.1419
X -0.8126 -0.3353 -0.4767
Y -0.2980  0.9420 -0.1546
Z  0.5009  0.0164 -0.8654

PART 20
OFFSET  8.1403 -6.9268 -4.2469
X -0.8126 -0.3353 -0.4767
Y -0.2980  0.9420 -0.1546
Z  0.5009  0.0164 -0.8654

PART 21
OFFSET  9.4226 -5.8928 -5.1314
X -0.9484  0.2309 -0.2172
Y  0.1464 -0.2889 -0.9461
Z -0.2812 -0.9291  0.2402

PART 22
OFFSET  9.8234 -5.3364 -4.2193
X -0.6965 -0.5598 -0.4489
Y  0.6139 -0.1410 -0.7767
Z  0.3715 -0.8166  0.4418

PART 23
OFFSET  11.2445 -4.0690 -3.1976
X -0.9676  0.0189  0.2516
Y -0.2162 -0.5763 -0.7881
Z  0.1301 -0.8170  0.5618

PART 24
OFFSET  12.7792 -4.0425 -3.7137
X -0.7709  0.1302  0.6235
Y -0.5899 -0.5152 -0.6218
Z  0.2402 -0.8471  0.4740

PART 25
OFFSET  13.6119 -4.1358 -4.3991
X -0.8449  0.5341  0.0276
Y  0.4392  0.7225 -0.5340
Z -0.3052 -0.4390 -0.8451

PART 26
OFFSET  10.4386 -6.2097 -6.0092
X -0.9533  0.1113  0.2808
Y -0.0456 -0.9720  0.2305
Z  0.2986  0.2069  0.9317

PART 27
OFFSET  12.6296 -6.3105 -6.5326
X -0.2420 -0.9610  0.1336
Y  0.8333 -0.2764 -0.4787
Z  0.4970 -0.0045  0.8678

PART 28
OFFSET  12.9724 -4.9499 -6.7217
X  0.4631 -0.8388 -0.2864
Y  0.7554  0.5425 -0.3675
Z  0.4637 -0.0462  0.8848

PART 29
OFFSET  12.5618 -4.2062 -6.4678
X  0.8596 -0.0525 -0.5082
Y  0.0463  0.9986 -0.0248
Z  0.5088 -0.0023  0.8609

PART 30
OFFSET  11.7451 -4.1564 -5.9850
X -0.7602 -0.5864  0.2798
Y -0.4539  0.7874  0.4171
Z -0.4649  0.1901 -0.8647

PART 31
OFFSET  10.5107 -6.1983 -5.2991
X -0.9852  0.1472  0.0874
Y -0.1189 -0.9557  0.2694
Z  0.1232  0.2550  0.9591

PART 32
OFFSET  13.0468 -6.6393 -5.6625
X -0.2544 -0.9352  0.2462
Y  0.8013 -0.3464 -0.4878
Z  0.5415  0.0732  0.8375

PART 33
OFFSET  13.4800 -5.0471 -6.0817
X  0.6125 -0.7146 -0.3381
Y  0.5885  0.6977 -0.4085
Z  0.5278  0.0512  0.8478

PART 34
OFFSET  12.6312 -4.0568 -5.6131
X  0.8429  0.1110 -0.5265
Y -0.1235  0.9923  0.0114
Z  0.5237  0.0554  0.8501

PART 35
OFFSET  11.7170 -4.1771 -5.0421
X -0.5943 -0.6550  0.4667
Y -0.6067  0.7460  0.2745
Z -0.5280 -0.1200 -0.8407

PART 36
OFFSET  5.2008 -5.1856 -5.1066
X -0.9989  0.0148  0.0454
Y -0.0010  0.9441 -0.3297
Z -0.0477 -0.3294 -0.9430

PART 37
OFFSET  12.9032 -6.9199 -3.4822
X -0.8588 -0.3654  0.3591
Y  0.3902 -0.9207 -0.0036
Z  0.3320  0.1370  0.9333

PART 38
OFFSET  14.4153 -6.2766 -4.1145
X -0.7835 -0.5019  0.3663
Y  0.5359 -0.8442 -0.0103
Z  0.3144  0.1882  0.9305

PART 39
OFFSET  15.3869 -5.6550 -4.5033
X -0.6180 -0.7349  0.2794
Y  0.7384 -0.6645 -0.1144
Z  0.2697  0.1356  0.9533

PART 40
OFFSET  16.0850 -4.8250 -4.8188
X -0.3895  0.8772  0.2805
Y  0.7687  0.4774 -0.4257
Z -0.5074  0.0498 -0.8603

PART 41
OFFSET  13.0113 -7.0420 -4.5748
X -0.3759 -0.8639  0.3352
Y  0.8336 -0.4733 -0.2850
Z  0.4048  0.1723  0.8980

PART 42
OFFSET  13.7456 -5.3543 -5.2297
X  0.5432 -0.8358 -0.0797
Y  0.7190  0.5121 -0.4699
Z  0.4336  0.1979  0.8791

PART 43
OFFSET  12.9522 -4.1335 -5.1133
X  0.8824 -0.0004 -0.4705
Y -0.1157  0.9691 -0.2178
Z  0.4561  0.2466  0.8551

PART 44
OFFSET  11.9496 -4.1341 -4.5866
X -0.6319 -0.6344  0.4453
Y -0.6207  0.7582  0.1996
Z -0.4642 -0.1503 -0.8729

PART 45
OFFSET  0.0000 -0.0000 -0.0000
X  1.0000 -0.0000  0.0000
Y  0.0000  1.0000  0.0000
Z  0.0000 -0.0000  1.0000

PART 46
OFFSET  0.0000 -0.0000 -0.0000
X  1.0000 -0.0000  0.0000
Y  0.0000  1.0000  0.0000
Z  0.0000 -0.0000  1.0000

PART 47
OFFSET  1.5404 -0.0000  4.1357
X  1.0000 -0.0000  0.0000
Y  0.0000  1.0000  0.0000
Z  0.0000 -0.0000  1.0000


FRAME 706
PART 0
OFFSET  0.0000 -0.0000 -0.0000
X  1.0000 -0.0000  0.0000
Y  0.0000  1.0000  0.0000
Z  0.0000 -0.0000  1.0000

PART 1
OFFSET -4.6318 -0.0000 -1.3770
X  1.0000 -0.0000  0.0000
Y  0.0000  1.0000  0.0000
Z  0.0000 -0.0000  1.0000

PART 2
OFFSET  14.4142 -5.2386 -3.9150
X  1.0000  0.0001 -0.0000
Y -0.0001  0.9965  0.0833
Z  0.0000 -0.0833  0.9965

PART 3
OFFSET  14.4142 -5.2386 -3.9150
X  1.0000  0.0001 -0.0000
Y -0.0001  0.9965  0.0833
Z  0.0000 -0.0833  0.9965

PART 4
OFFSET  17.6869 -5.1167 -3.5589
X  1.0000  0.0001 -0.0000
Y -0.0001  0.9965  0.0833
Z  0.0000 -0.0833  0.9965

PART 5
OFFSET  15.8608 -5.3753 -2.2776
X  1.0000  0.0001 -0.0000
Y -0.0001  0.9965  0.0833
Z  0.0000 -0.0833  0.9965

PART 6
OFFSET -320.3348 -5.1251  0.0032
X  0.9998  0.0018 -0.0204
Y -0.0001  0.9965  0.0833
Z  0.0204 -0.0833  0.9963

PART 7
OFFSET  15.7866 -5.3371 -2.9267
X  0.9998  0.0018 -0.0204
Y -0.0001  0.9965  0.0833
Z  0.0204 -0.0833  0.9963

PART 8
OFFSET  15.7941 -4.7972 -2.5647
X  0.9998  0.0018 -0.0204
Y -0.0001  0.9965  0.0833
Z  0.0204 -0.0833  0.9963

PART 9
OFFSET  15.8099 -4.8434 -1.9320
X  0.9998  0.0018 -0.0204
Y -0.0001  0.9965  0.0833
Z  0.0204 -0.0833  0.9963

PART 10
OFFSET  15.8179 -5.4220 -1.6532
X  0.9998  0.0018 -0.0204
Y -0.0001  0.9965  0.0833
Z  0.0204 -0.0833  0.9963

PART 11
OFFSET  15.8105 -5.9527 -2.0193
X  0.9998  0.0018 -0.0204
Y -0.0001  0.9965  0.0833
Z  0.0204 -0.0833  0.9963

PART 12
OFFSET  15.7949 -5.8843 -2.6380
X  0.9998  0.0018 -0.0204
Y -0.0001  0.9965  0.0833
Z  0.0204 -0.0833  0.9963

PART 13
OFFSET -318.4825 -5.1218 -0.0346
X  0.9998  0.0018 -0.0204
Y -0.0001  0.9965  0.0833
Z  0.0204 -0.0833  0.9963

PART 14
OFFSET  14.2991 -5.1556 -2.7034
X  0.9989 -0.0038  0.0471
Y -0.0001  0.9965  0.0833
Z -0.0472 -0.0832  0.9954

PART 15
OFFSET -9.2817 -11.3680 -3.1869
X -0.7728 -0.1294  0.6213
Y -0.0349 -0.9688 -0.2452
Z  0.6337 -0.2112  0.7442

PART 16
OFFSET  0.0641 -9.8025 -10.7013
X -0.8088 -0.3379 -0.4814
Y  0.5099  0.0049 -0.8602
Z  0.2930 -0.9412  0.1683

PART 17
OFFSET  6.9431 -6.9287 -6.6071
X -0.8088 -0.3379 -0.4814
Y  0.5870 -0.4122 -0.6968
Z  0.0370 -0.8461  0.5317

PART 18
OFFSET  7.5205 -5.4423 -5.2508
X -0.8126 -0.3353 -0.4767
Y -0.2980  0.9420 -0.1546
Z  0.5009  0.0164 -0.8654

PART 19
OFFSET  7.4514 -5.7184 -4.1419
X -0.8126 -0.3353 -0.4767
Y -0.2980  0.9420 -0.1546
Z  0.5009  0.0164 -0.8654

PART 20
OFFSET  8.1403 -6.9268 -4.2469
X -0.8126 -0.3353 -0.4767
Y -0.2980  0.9420 -0.1546
Z  0.5009  0.0164 -0.8654

PART 21
OFFSET  9.4226 -5.8928 -5.1314
X -0.9484  0.2309 -0.2172
Y  0.1464 -0.2889 -0.9461
Z -0.2812 -0.9291  0.2402

PART 22
OFFSET  9.8234 -5.3364 -4.2193
X -0.6965 -0.5598 -0.4489
Y  0.6139 -0.1410 -0.7767
Z  0.3715 -0.8166  0.4418

PART 23
OFFSET  11.2445 -4.0690 -3.1976
X -0.9676  0.0189  0.2516
Y -0.2162 -0.5763 -0.7881
Z  0.1301 -0.8170  0.5618

PART 24
OFFSET  12.7792 -4.0425 -3.7137
X -0.7709  0.1302  0.6235
Y -0.5899 -0.5152 -0.6218
Z  0.2402 -0.8471  0.4740

PART 25
OFFSET  13.6119 -4.1358 -4.3991
X -0.8449  0.5341  0.0276
Y  0.4392  0.7225 -0.5340
Z -0.3052 -0.4390 -0.8451

PART 26
OFFSET  10.4386 -6.2097 -6.0092
X -0.9533  0.1113  0.2808
Y -0.0456 -0.9720  0.2305
Z  0.2986  0.2069  0.9317

PART 27
OFFSET  12.6296 -6.3105 -6.5326
X -0.2420 -0.9610  0.1336
Y  0.8333 -0.2764 -0.4787
Z  0.4970 -0.0045  0.8678

PART 28
OFFSET  12.9724 -4.9499 -6.7217
X  0.4631 -0.8388 -0.2864
Y  0.7554  0.5425 -0.3675
Z  0.4637 -0.0462  0.8848

PART 29
OFFSET  12.5618 -4.2062 -6.4678
X  0.8596 -0.0525 -0.5082
Y  0.0463  0.9986 -0.0248
Z  0.5088 -0.0023  0.8609

PART 30
OFFSET  11.7451 -4.1564 -5.9850
X -0.7602 -0.5864  0.2798
Y -0.4539  0.7874  0.4171
Z -0.4649  0.1901 -0.8647

PART 31
OFFSET  10.5107 -6.1983 -5.2991
X -0.9852  0.1472  0.0874
Y -0.1189 -0.9557  0.2694
Z  0.1232  0.2550  0.9591

PART 32
OFFSET  13.0468 -6.6393 -5.6625
X -0.2544 -0.9352  0.2462
Y  0.8013 -0.3464 -0.4878
Z  0.5415  0.0732  0.8375

PART 33
OFFSET  13.4800 -5.0471 -6.0817
X  0.6125 -0.7146 -0.3381
Y  0.5885  0.6977 -0.4085
Z  0.5278  0.0512  0.8478

PART 34
OFFSET  12.6312 -4.0568 -5.6131
X  0.8429  0.1110 -0.5265
Y -0.1235  0.9923  0.0114
Z  0.5237  0.0554  0.8501

PART 35
OFFSET  11.7170 -4.1771 -5.0421
X -0.5943 -0.6550  0.4667
Y -0.6067  0.7460  0.2745
Z -0.5280 -0.1200 -0.8407

PART 36
OFFSET  5.2008 -5.1856 -5.1066
X -0.9989  0.0148  0.0454
