// Export filename: `C:\projects\cod\t5\xanim_export\t5_viewmodels\python\python_dw_right_fire.XANIM_EXPORT`
// Source filename: `D:\projects\devanim\t5\animation_assets\viewmodels/python/ViewModel_python_DW_animated.fbx`
// Export time: Thu Aug 05 23:16:14 2010

ANIMATION
VERSION 3

NUMPARTS 48
PART 0 "tag_ads"
PART 1 "tag_torso"
PART 2 "tag_weapon"
PART 3 "J_Gun"
PART 4 "TAG_CLIP"
PART 5 "J_Bolt"
PART 6 "tag_speedloader"
PART 7 "tag_spent0"
PART 8 "tag_spent1"
PART 9 "tag_spent2"
PART 10 "tag_spent3"
PART 11 "tag_spent4"
PART 12 "tag_spent5"
PART 13 "tag_bullets"
PART 14 "J_Press_Rear"
PART 15 "J_Shoulder_RI"
PART 16 "J_Elbow_RI"
PART 17 "J_WristTwist_RI"
PART 18 "J_Sleave_Reshape_Top_RI_3"
PART 19 "J_Sleave_Reshape_Top_RI_2"
PART 20 "J_Sleave_Reshape_Top_RI_1"
PART 21 "J_Wrist_RI"
PART 22 "J_Thumb_RI_0"
PART 23 "J_Thumb_RI_1"
PART 24 "J_Thumb_RI_2"
PART 25 "J_Thumb_RI_3"
PART 26 "J_PinkyPalm_RI"
PART 27 "J_Pinky_RI_0"
PART 28 "J_Pinky_RI_1"
PART 29 "J_Pinky_RI_2"
PART 30 "J_Pinky_RI_3"
PART 31 "J_RingPalm_RI"
PART 32 "J_Ring_RI_0"
PART 33 "J_Ring_RI_1"
PART 34 "J_Ring_RI_2"
PART 35 "J_Ring_RI_3"
PART 36 "J_Webbing_RI"
PART 37 "J_Index_RI_0"
PART 38 "J_Index_RI_1"
PART 39 "J_Index_RI_2"
PART 40 "J_Index_RI_3"
PART 41 "J_Mid_RI_0"
PART 42 "J_Mid_RI_1"
PART 43 "J_Mid_RI_2"
PART 44 "J_Mid_RI_3"
PART 45 "tag_cambone"
PART 46 "tag_camera"
PART 47 "tag_gasmask"

FRAMERATE 30
NUMFRAMES 13

FRAME 20
PART 0
OFFSET  0.0000 -0.0000 -0.0000
X  1.0000 -0.0000  0.0000
Y  0.0000  1.0000  0.0000
Z  0.0000 -0.0000  1.0000

PART 1
OFFSET -4.6318 -0.0000 -1.3770
X  1.0000 -0.0000  0.0000
Y  0.0000  1.0000  0.0000
Z  0.0000 -0.0000  1.0000

PART 2
OFFSET  14.4142 -5.2386 -3.9150
X  1.0000  0.0001 -0.0000
Y -0.0001  0.9965  0.0833
Z  0.0000 -0.0833  0.9965

PART 3
OFFSET  14.4142 -5.2386 -3.9150
X  1.0000  0.0001 -0.0000
Y -0.0001  0.9965  0.0833
Z  0.0000 -0.0833  0.9965

PART 4
OFFSET  17.6869 -5.1167 -3.5589
X  1.0000  0.0001 -0.0000
Y -0.0001  0.9965  0.0833
Z  0.0000 -0.0833  0.9965

PART 5
OFFSET  15.8608 -5.3753 -2.2776
X  1.0000  0.0001 -0.0000
Y -0.0001  0.5019 -0.8649
Z -0.0001  0.8649  0.5019

PART 6
OFFSET -320.3348 -5.1251  0.0032
X  0.9998  0.0018 -0.0204
Y -0.0001  0.9965  0.0833
Z  0.0204 -0.0833  0.9963

PART 7
OFFSET  15.7867 -5.9456 -2.5900
X  0.9998 -0.0176 -0.0103
Y -0.0001  0.5019 -0.8649
Z  0.0204  0.8647  0.5018

PART 8
OFFSET  15.7942 -5.3873 -2.9230
X  0.9998 -0.0176 -0.0103
Y -0.0001  0.5019 -0.8649
Z  0.0204  0.8647  0.5018

PART 9
OFFSET  15.8099 -4.8353 -2.6104
X  0.9998 -0.0176 -0.0103
Y -0.0001  0.5019 -0.8649
Z  0.0204  0.8647  0.5018

PART 10
OFFSET  15.8178 -4.8310 -1.9681
X  0.9998 -0.0176 -0.0103
Y -0.0001  0.5019 -0.8649
Z  0.0204  0.8647  0.5018

PART 11
OFFSET  15.8104 -5.3891 -1.6452
X  0.9998 -0.0176 -0.0103
Y -0.0001  0.5019 -0.8649
Z  0.0204  0.8647  0.5018

PART 12
OFFSET  15.7949 -5.9190 -1.9720
X  0.9998 -0.0176 -0.0103
Y -0.0001  0.5019 -0.8649
Z  0.0204  0.8647  0.5018

PART 13
OFFSET -318.4825 -5.1218 -0.0346
X  0.9998  0.0018 -0.0204
Y -0.0001  0.9965  0.0833
Z  0.0204 -0.0833  0.9963

PART 14
OFFSET  14.2991 -5.1556 -2.7034
X  0.9989 -0.0038  0.0471
Y -0.0001  0.9965  0.0833
Z -0.0472 -0.0832  0.9954

PART 15
OFFSET -9.2817 -11.3680 -3.1869
X -0.7728 -0.1294  0.6213
Y -0.0349 -0.9688 -0.2452
Z  0.6337 -0.2112  0.7442

PART 16
OFFSET  0.0641 -9.8025 -10.7013
X -0.8088 -0.3379 -0.4814
Y  0.5099  0.0049 -0.8602
Z  0.2930 -0.9412  0.1683

PART 17
OFFSET  6.9431 -6.9287 -6.6071
X -0.8088 -0.3379 -0.4814
Y  0.5870 -0.4122 -0.6968
Z  0.0370 -0.8461  0.5317

PART 18
OFFSET  7.5205 -5.4423 -5.2508
X -0.8126 -0.3353 -0.4767
Y -0.2980  0.9420 -0.1546
Z  0.5009  0.0164 -0.8654

PART 19
OFFSET  7.4514 -5.7184 -4.1419
X -0.8126 -0.3353 -0.4767
Y -0.2980  0.9420 -0.1546
Z  0.5009  0.0164 -0.8654

PART 20
OFFSET  8.1403 -6.9268 -4.2469
X -0.8126 -0.3353 -0.4767
Y -0.2980  0.9420 -0.1546
Z  0.5009  0.0164 -0.8654

PART 21
OFFSET  9.4226 -5.8928 -5.1314
X -0.9484  0.2309 -0.2172
Y  0.1464 -0.2889 -0.9461
Z -0.2812 -0.9291  0.2402

PART 22
OFFSET  9.8234 -5.3364 -4.2193
X -0.6965 -0.5598 -0.4489
Y  0.6139 -0.1410 -0.7767
Z  0.3715 -0.8166  0.4418

PART 23
OFFSET  11.2445 -4.0690 -3.1976
X -0.9676  0.0189  0.2516
Y -0.2162 -0.5763 -0.7881
Z  0.1301 -0.8170  0.5618

PART 24
OFFSET  12.7792 -4.0425 -3.7137
X -0.7709  0.1302  0.6235
Y -0.5899 -0.5152 -0.6218
Z  0.2402 -0.8471  0.4740

PART 25
OFFSET  13.6119 -4.1358 -4.3991
X -0.8449  0.5341  0.0276
Y  0.4392  0.7225 -0.5340
Z -0.3052 -0.4390 -0.8451

PART 26
OFFSET  10.4386 -6.2097 -6.0092
X -0.9533  0.1113  0.2808
Y -0.0456 -0.9720  0.2305
Z  0.2986  0.2069  0.9317

PART 27
OFFSET  12.6296 -6.3105 -6.5326
X -0.2420 -0.9610  0.1336
Y  0.8333 -0.2764 -0.4787
Z  0.4970 -0.0045  0.8678

PART 28
OFFSET  12.9724 -4.9499 -6.7217
X  0.4631 -0.8388 -0.2864
Y  0.7554  0.5425 -0.3675
Z  0.4637 -0.0462  0.8848

PART 29
OFFSET  12.5618 -4.2062 -6.4678
X  0.8596 -0.0525 -0.5082
Y  0.0463  0.9986 -0.0248
Z  0.5088 -0.0023  0.8609

PART 30
OFFSET  11.7451 -4.1564 -5.9850
X -0.7602 -0.5864  0.2798
Y -0.4539  0.7874  0.4171
Z -0.4649  0.1901 -0.8647

PART 31
OFFSET  10.5107 -6.1983 -5.2991
X -0.9852  0.1472  0.0874
Y -0.1189 -0.9557  0.2694
Z  0.1232  0.2550  0.9591

PART 32
OFFSET  13.0468 -6.6393 -5.6625
X -0.2544 -0.9352  0.2462
Y  0.8013 -0.3464 -0.4878
Z  0.5415  0.0732  0.8375

PART 33
OFFSET  13.4800 -5.0471 -6.0817
X  0.6125 -0.7146 -0.3381
Y  0.5885  0.6977 -0.4085
Z  0.5278  0.0512  0.8478

PART 34
OFFSET  12.6312 -4.0568 -5.6131
X  0.8429  0.1110 -0.5265
Y -0.1235  0.9923  0.0114
Z  0.5237  0.0554  0.8501

PART 35
OFFSET  11.7170 -4.1771 -5.0421
X -0.5943 -0.6550  0.4667
Y -0.6067  0.7460  0.2745
Z -0.5280 -0.1200 -0.8407

PART 36
OFFSET  5.2008 -5.1856 -5.1066
X -0.9989  0.0148  0.0454
Y -0.0010  0.9441 -0.3297
Z -0.0477 -0.3294 -0.9430

PART 37
OFFSET  12.9032 -6.9199 -3.4822
X -0.8588 -0.3654  0.3591
Y  0.3902 -0.9207 -0.0036
Z  0.3320  0.1370  0.9333

PART 38
OFFSET  14.4153 -6.2766 -4.1145
X -0.7835 -0.5019  0.3663
Y  0.5359 -0.8442 -0.0103
Z  0.3144  0.1882  0.9305

PART 39
OFFSET  15.3869 -5.6550 -4.5033
X -0.6180 -0.7349  0.2794
Y  0.7384 -0.6645 -0.1144
Z  0.2697  0.1356  0.9533

PART 40
OFFSET  16.0850 -4.8250 -4.8188
X -0.3895  0.8772  0.2805
Y  0.7687  0.4774 -0.4257
Z -0.5074  0.0498 -0.8603

PART 41
OFFSET  13.0113 -7.0420 -4.5748
X -0.3759 -0.8639  0.3352
Y  0.8336 -0.4733 -0.2850
Z  0.4048  0.1723  0.8980

PART 42
OFFSET  13.7456 -5.3543 -5.2297
X  0.5432 -0.8358 -0.0797
Y  0.7190  0.5121 -0.4699
Z  0.4336  0.1979  0.8791

PART 43
OFFSET  12.9522 -4.1335 -5.1133
X  0.8824 -0.0004 -0.4705
Y -0.1157  0.9691 -0.2178
Z  0.4561  0.2466  0.8551

PART 44
OFFSET  11.9496 -4.1341 -4.5866
X -0.6319 -0.6344  0.4453
Y -0.6207  0.7582  0.1996
Z -0.4642 -0.1503 -0.8729

PART 45
OFFSET  0.0000 -0.0000 -0.0000
X  1.0000 -0.0000  0.0000
Y  0.0000  1.0000  0.0000
Z  0.0000 -0.0000  1.0000

PART 46
OFFSET  0.0000 -0.0000 -0.0000
X  1.0000 -0.0000  0.0000
Y  0.0000  1.0000  0.0000
Z  0.0000 -0.0000  1.0000

PART 47
OFFSET  1.5404 -0.0000  4.1357
X  1.0000 -0.0000  0.0000
Y  0.0000  1.0000  0.0000
Z  0.0000 -0.0000  1.0000


FRAME 21
PART 0
OFFSET  0.0000 -0.0000 -0.0000
X  1.0000 -0.0000  0.0000
Y  0.0000  1.0000  0.0000
Z  0.0000 -0.0000  1.0000

PART 1
OFFSET -4.6318 -0.0000 -1.3770
X  1.0000 -0.0000  0.0000
Y  0.0000  1.0000  0.0000
Z  0.0000 -0.0000  1.0000

PART 2
OFFSET  14.4142 -5.2386 -3.9150
X  1.0000  0.0001 -0.0000
Y -0.0001  0.9965  0.0833
Z  0.0000 -0.0833  0.9965

PART 3
OFFSET  14.4142 -5.2386 -3.9150
X  1.0000  0.0001 -0.0000
Y -0.0001  0.9965  0.0833
Z  0.0000 -0.0833  0.9965

PART 4
OFFSET  17.6869 -5.1167 -3.5589
X  1.0000  0.0001 -0.0000
Y -0.0001  0.9965  0.0833
Z  0.0000 -0.0833  0.9965

PART 5
OFFSET  15.8608 -5.3753 -2.2776
X  1.0000  0.0001 -0.0000
Y -0.0001  0.8866 -0.4625
Z -0.0000  0.4625  0.8866

PART 6
OFFSET -320.3348 -5.1251  0.0032
X  0.9998  0.0018 -0.0204
Y -0.0001  0.9965  0.0833
Z  0.0204 -0.0833  0.9963

PART 7
OFFSET  15.7867 -5.6901 -2.8465
X  0.9998 -0.0094 -0.0181
Y -0.0001  0.8866 -0.4625
Z  0.0204  0.4624  0.8864

PART 8
OFFSET  15.7942 -5.0403 -2.8294
X  0.9998 -0.0094 -0.0181
Y -0.0001  0.8866 -0.4625
Z  0.0204  0.4624  0.8864

PART 9
OFFSET  15.8099 -4.7410 -2.2700
X  0.9998 -0.0094 -0.0181
Y -0.0001  0.8866 -0.4625
Z  0.0204  0.4624  0.8864

PART 10
OFFSET  15.8179 -5.0809 -1.7250
X  0.9998 -0.0094 -0.0181
Y -0.0001  0.8866 -0.4625
Z  0.0204  0.4624  0.8864

PART 11
OFFSET  15.8105 -5.7251 -1.7506
X  0.9998 -0.0094 -0.0181
Y -0.0001  0.8866 -0.4625
Z  0.0204  0.4624  0.8864

PART 12
OFFSET  15.7950 -5.9981 -2.3100
X  0.9998 -0.0094 -0.0181
Y -0.0001  0.8866 -0.4625
Z  0.0204  0.4624  0.8864

PART 13
OFFSET -318.4825 -5.1218 -0.0346
X  0.9998  0.0018 -0.0204
Y -0.0001  0.9965  0.0833
Z  0.0204 -0.0833  0.9963

PART 14
OFFSET  14.2991 -5.1556 -2.7034
X  0.7806 -0.0520  0.6229
Y -0.0001  0.9965  0.0833
Z -0.6251 -0.0651  0.7778

PART 15
OFFSET -9.2817 -11.3680 -3.1869
X -0.7728 -0.1294  0.6213
Y -0.0349 -0.9688 -0.2452
Z  0.6337 -0.2112  0.7442

PART 16
OFFSET  0.0641 -9.8025 -10.7013
X -0.8088 -0.3379 -0.4814
Y  0.5099  0.0049 -0.8602
Z  0.2930 -0.9412  0.1683

PART 17
OFFSET  6.9431 -6.9287 -6.6071
X -0.8088 -0.3379 -0.4814
Y  0.5870 -0.4122 -0.6968
Z  0.0370 -0.8461  0.5317

PART 18
OFFSET  7.5205 -5.4423 -5.2508
X -0.8126 -0.3353 -0.4767
Y -0.2980  0.9420 -0.1546
Z  0.5009  0.0164 -0.8654

PART 19
OFFSET  7.4514 -5.7184 -4.1419
X -0.8126 -0.3353 -0.4767
Y -0.2980  0.9420 -0.1546
Z  0.5009  0.0164 -0.8654

PART 20
OFFSET  8.1403 -6.9268 -4.2469
X -0.8126 -0.3353 -0.4767
Y -0.2980  0.9420 -0.1546
Z  0.5009  0.0164 -0.8654

PART 21
OFFSET  9.4226 -5.8928 -5.1314
X -0.9484  0.2309 -0.2172
Y  0.1464 -0.2889 -0.9461
Z -0.2812 -0.9291  0.2402

PART 22
OFFSET  9.8234 -5.3364 -4.2193
X -0.6965 -0.5598 -0.4489
Y  0.6139 -0.1410 -0.7767
Z  0.3715 -0.8166  0.4418

PART 23
OFFSET  11.2445 -4.0690 -3.1976
X -0.9676  0.0189  0.2516
Y -0.2162 -0.5763 -0.7881
Z  0.1301 -0.8170  0.5618

PART 24
OFFSET  12.7792 -4.0425 -3.7137
X -0.7709  0.1302  0.6235
Y -0.5899 -0.5152 -0.6218
Z  0.2402 -0.8471  0.4740

PART 25
OFFSET  13.6119 -4.1358 -4.3991
X -0.8449  0.5341  0.0276
Y  0.4392  0.7225 -0.5340
Z -0.3052 -0.4390 -0.8451

PART 26
OFFSET  10.4386 -6.2097 -6.0092
X -0.9533  0.1113  0.2808
Y -0.0456 -0.9720  0.2305
Z  0.2986  0.2069  0.9317

PART 27
OFFSET  12.6296 -6.3105 -6.5326
X -0.2420 -0.9610  0.1336
Y  0.8333 -0.2764 -0.4787
Z  0.4970 -0.0045  0.8678

PART 28
OFFSET  12.9724 -4.9499 -6.7217
X  0.4631 -0.8388 -0.2864
Y  0.7554  0.5425 -0.3675
Z  0.4637 -0.0462  0.8848

PART 29
OFFSET  12.5618 -4.2062 -6.4678
X  0.8596 -0.0525 -0.5082
Y  0.0463  0.9986 -0.0248
Z  0.5088 -0.0023  0.8609

PART 30
OFFSET  11.7451 -4.1564 -5.9850
X -0.7602 -0.5864  0.2798
Y -0.4539  0.7874  0.4171
Z -0.4649  0.1901 -0.8647

PART 31
OFFSET  10.5107 -6.1983 -5.2991
X -0.9852  0.1472  0.0874
Y -0.1189 -0.9557  0.2694
Z  0.1232  0.2550  0.9591

PART 32
OFFSET  13.0468 -6.6393 -5.6625
X -0.2544 -0.9352  0.2462
Y  0.8013 -0.3464 -0.4878
Z  0.5415  0.0732  0.8375

PART 33
OFFSET  13.4800 -5.0471 -6.0817
X  0.6125 -0.7146 -0.3381
Y  0.5885  0.6977 -0.4085
Z  0.5278  0.0512  0.8478

PART 34
OFFSET  12.6312 -4.0568 -5.6131
X  0.8429  0.1110 -0.5265
Y -0.1235  0.9923  0.0114
Z  0.5237  0.0554  0.8501

PART 35
OFFSET  11.7170 -4.1771 -5.0421
X -0.5943 -0.6550  0.4667
Y -0.6067  0.7460  0.2745
Z -0.5280 -0.1200 -0.8407

PART 36
OFFSET  5.2008 -5.1856 -5.1066
X -0.9989  0.0148  0.0454
Y -0.0010  0.9441 -0.3297
Z -0.0477 -0.3294 -0.9430

PART 37
OFFSET  12.9032 -6.9199 -3.4822
X -0.8588 -0.3654  0.3591
Y  0.3902 -0.9207 -0.0036
Z  0.3320  0.1370  0.9333

PART 38
OFFSET  14.4153 -6.2766 -4.1145
X -0.7613 -0.5356  0.3655
Y  0.5672 -0.8232 -0.0251
Z  0.3144  0.1882  0.9305

PART 39
OFFSET  15.3598 -5.6140 -4.5024
X -0.5565 -0.7861  0.2690
Y  0.7851 -0.6035 -0.1394
Z  0.2719  0.1336  0.9530

PART 40
OFFSET  15.9884 -4.7261 -4.8062
X -0.4511  0.8383  0.3063
Y  0.7242  0.5444 -0.4233
Z -0.5216  0.0309 -0.8526

PART 41
OFFSET  13.0113 -7.0420 -4.5748
X -0.3759 -0.8639  0.3352
Y  0.8336 -0.4733 -0.2850
Z  0.4048  0.1723  0.8980

PART 42
OFFSET  13.7456 -5.3543 -5.2297
X  0.5432 -0.8358 -0.0797
Y  0.7190  0.5121 -0.4699
Z  0.4336  0.1979  0.8791

PART 43
OFFSET  12.9522 -4.1335 -5.1133
X  0.8824 -0.0004 -0.4705
Y -0.1157  0.9691 -0.2178
Z  0.4561  0.2466  0.8551

PART 44
OFFSET  11.9496 -4.1341 -4.5866
X -0.6319 -0.6344  0.4453
Y -0.6207  0.7582  0.1996
Z -0.4642 -0.1503 -0.8729

PART 45
OFFSET  0.0000 -0.0000 -0.0000
X  1.0000 -0.0000  0.0000
Y  0.0000  1.0000  0.0000
Z  0.0000 -0.0000  1.0000

PART 46
OFFSET  0.0000 -0.0000 -0.0000
X  1.0000 -0.0000  0.0000
Y  0.0000  1.0000  0.0000
Z  0.0000 -0.0000  1.0000

PART 47
OFFSET  1.5404 -0.0000  4.1357
X  1.0000 -0.0000  0.0000
Y  0.0000  1.0000  0.0000
Z  0.0000 -0.0000  1.0000


FRAME 22
PART 0
OFFSET  0.0000 -0.0000 -0.0000
X  1.0000 -0.0000  0.0000
Y  0.0000  1.0000  0.0000
Z  0.0000 -0.0000  1.0000

PART 1
OFFSET -4.6318 -0.0000 -1.3770
X  1.0000 -0.0000  0.0000
Y  0.0000  1.0000  0.0000
Z  0.0000 -0.0000  1.0000

PART 2
OFFSET  14.4142 -5.2386 -3.9150
X  1.0000  0.0001 -0.0000
Y -0.0001  0.9965  0.0833
Z  0.0000 -0.0833  0.9965

PART 3
OFFSET  14.4142 -5.2386 -3.9150
X  1.0000  0.0001 -0.0000
Y -0.0001  0.9965  0.0833
Z  0.0000 -0.0833  0.9965

PART 4
OFFSET  17.6869 -5.1167 -3.5589
X  1.0000  0.0001 -0.0000
Y -0.0001  0.9965  0.0833
Z  0.0000 -0.0833  0.9965

PART 5
OFFSET  15.8608 -5.3753 -2.2776
X  1.0000  0.0001 -0.0000
Y -0.0001  0.9965  0.0833
Z  0.0000 -0.0833  0.9965

PART 6
OFFSET -320.3348 -5.1251  0.0032
X  0.9998  0.0018 -0.0204
Y -0.0001  0.9965  0.0833
Z  0.0204 -0.0833  0.9963

PART 7
OFFSET  15.7866 -5.3371 -2.9267
X  0.9998  0.0018 -0.0204
Y -0.0001  0.9965  0.0833
Z  0.0204 -0.0833  0.9963

PART 8
OFFSET  15.7941 -4.7972 -2.5647
X  0.9998  0.0018 -0.0204
Y -0.0001  0.9965  0.0833
Z  0.0204 -0.0833  0.9963

PART 9
OFFSET  15.8099 -4.8434 -1.9320
X  0.9998  0.0018 -0.0204
Y -0.0001  0.9965  0.0833
Z  0.0204 -0.0833  0.9963

PART 10
OFFSET  15.8179 -5.4220 -1.6532
X  0.9998  0.0018 -0.0204
Y -0.0001  0.9965  0.0833
Z  0.0204 -0.0833  0.9963

PART 11
OFFSET  15.8105 -5.9527 -2.0193
X  0.9998  0.0018 -0.0204
Y -0.0001  0.9965  0.0833
Z  0.0204 -0.0833  0.9963

PART 12
OFFSET  15.7949 -5.8843 -2.6380
X  0.9998  0.0018 -0.0204
Y -0.0001  0.9965  0.0833
Z  0.0204 -0.0833  0.9963

PART 13
OFFSET -318.4825 -5.1218 -0.0346
X  0.9998  0.0018 -0.0204
Y -0.0001  0.9965  0.0833
Z  0.0204 -0.0833  0.9963

PART 14
OFFSET  14.2991 -5.1556 -2.7034
X  0.9989 -0.0038  0.0471
Y -0.0001  0.9965  0.0833
Z -0.0472 -0.0832  0.9954

PART 15
OFFSET -9.2817 -11.3680 -3.1869
X -0.7728 -0.1294  0.6213
Y -0.0349 -0.9688 -0.2452
Z  0.6337 -0.2112  0.7442

PART 16
OFFSET  0.0641 -9.8025 -10.7013
X -0.8088 -0.3379 -0.4814
Y  0.5099  0.0049 -0.8602
Z  0.2930 -0.9412  0.1683

PART 17
OFFSET  6.9431 -6.9287 -6.6071
X -0.8088 -0.3379 -0.4814
Y  0.5870 -0.4122 -0.6968
Z  0.0370 -0.8461  0.5317

PART 18
OFFSET  7.5205 -5.4423 -5.2508
X -0.8126 -0.3353 -0.4767
Y -0.2980  0.9420 -0.1546
Z  0.5009  0.0164 -0.8654

PART 19
OFFSET  7.4514 -5.7184 -4.1419
X -0.8126 -0.3353 -0.4767
Y -0.2980  0.9420 -0.1546
Z  0.5009  0.0164 -0.8654

PART 20
OFFSET  8.1403 -6.9268 -4.2469
X -0.8126 -0.3353 -0.4767
Y -0.2980  0.9420 -0.1546
Z  0.5009  0.0164 -0.8654

PART 21
OFFSET  9.4226 -5.8928 -5.1314
X -0.9484  0.2309 -0.2172
Y  0.1464 -0.2889 -0.9461
Z -0.2812 -0.9291  0.2402

PART 22
OFFSET  9.8234 -5.3364 -4.2193
X -0.6965 -0.5598 -0.4489
Y  0.6139 -0.1410 -0.7767
Z  0.3715 -0.8166  0.4418

PART 23
OFFSET  11.2445 -4.0690 -3.1976
X -0.9676  0.0189  0.2516
Y -0.2162 -0.5763 -0.7881
Z  0.1301 -0.8170  0.5618

PART 24
OFFSET  12.7792 -4.0425 -3.7137
X -0.7709  0.1302  0.6235
Y -0.5899 -0.5152 -0.6218
Z  0.2402 -0.8471  0.4740

PART 25
OFFSET  13.6119 -4.1358 -4.3991
X -0.8449  0.5341  0.0276
Y  0.4392  0.7225 -0.5340
Z -0.3052 -0.4390 -0.8451

PART 26
OFFSET  10.4386 -6.2097 -6.0092
X -0.9533  0.1113  0.2808
Y -0.0456 -0.9720  0.2305
Z  0.2986  0.2069  0.9317

PART 27
OFFSET  12.6296 -6.3105 -6.5326
X -0.2420 -0.9610  0.1336
Y  0.8333 -0.2764 -0.4787
Z  0.4970 -0.0045  0.8678

PART 28
OFFSET  12.9724 -4.9499 -6.7217
X  0.4631 -0.8388 -0.2864
Y  0.7554  0.5425 -0.3675
Z  0.4637 -0.0462  0.8848

PART 29
OFFSET  12.5618 -4.2062 -6.4678
X  0.8596 -0.0525 -0.5082
Y  0.0463  0.9986 -0.0248
Z  0.5088 -0.0023  0.8609

PART 30
OFFSET  11.7451 -4.1564 -5.9850
X -0.7602 -0.5864  0.2798
Y -0.4539  0.7874  0.4171
Z -0.4649  0.1901 -0.8647

PART 31
OFFSET  10.5107 -6.1983 -5.2991
X -0.9852  0.1472  0.0874
Y -0.1189 -0.9557  0.2694
Z  0.1232  0.2550  0.9591

PART 32
OFFSET  13.0468 -6.6393 -5.6625
X -0.2544 -0.9352  0.2462
Y  0.8013 -0.3464 -0.4878
Z  0.5415  0.0732  0.8375

PART 33
OFFSET  13.4800 -5.0471 -6.0817
X  0.6125 -0.7146 -0.3381
Y  0.5885  0.6977 -0.4085
Z  0.5278  0.0512  0.8478

PART 34
OFFSET  12.6312 -4.0568 -5.6131
X  0.8429  0.1110 -0.5265
Y -0.1235  0.9923  0.0114
Z  0.5237  0.0554  0.8501

PART 35
OFFSET  11.7170 -4.1771 -5.0421
X -0.5943 -0.6550  0.4667
Y -0.6067  0.7460  0.2745
Z -0.5280 -0.1200 -0.8407

PART 36
OFFSET  5.2008 -5.1856 -5.1066
X -0.9989  0.0148  0.0454
Y -0.0010  0.9441 -0.3297
Z -0.0477 -0.3294 -0.9430

PART 37
OFFSET  12.9032 -6.9199 -3.4822
X -0.8588 -0.3654  0.3591
Y  0.3902 -0.9207 -0.0036
Z  0.3320  0.1370  0.9333

PART 38
OFFSET  14.4153 -6.2766 -4.1145
X -0.7377 -0.5684  0.3642
Y  0.5975 -0.8009 -0.0399
Z  0.3144  0.1882  0.9305

PART 39
OFFSET  15.3312 -5.5741 -4.5008
X -0.4915 -0.8322  0.2566
Y  0.8266 -0.5385 -0.1634
Z  0.2742  0.1318  0.9526

PART 40
OFFSET  15.8863 -4.6341 -4.7906
X -0.5091  0.7941  0.3319
Y  0.6749  0.6076 -0.4187
Z -0.5342  0.0108 -0.8453

PART 41
OFFSET  13.0113 -7.0420 -4.5748
X -0.3759 -0.8639  0.3352
Y  0.8336 -0.4733 -0.2850
Z  0.4048  0.1723  0.8980

PART 42
OFFSET  13.7456 -5.3543 -5.2297
X  0.5432 -0.8358 -0.0797
Y  0.7190  0.5121 -0.4699
Z  0.4336  0.1979  0.8791

PART 43
OFFSET  12.9522 -4.1335 -5.1133
X  0.8824 -0.0004 -0.4705
Y -0.1157  0.9691 -0.2178
Z  0.4561  0.2466  0.8551

PART 44
OFFSET  11.9496 -4.1341 -4.5866
X -0.6319 -0.6344  0.4453
Y -0.6207  0.7582  0.1996
Z -0.4642 -0.1503 -0.8729

PART 45
OFFSET  0.0000 -0.0000 -0.0000
X  1.0000 -0.0000  0.0000
Y  0.0000  1.0000  0.0000
Z  0.0000 -0.0000  1.0000

PART 46
OFFSET  0.0000 -0.0000 -0.0000
X  1.0000 -0.0000  0.0000
Y  0.0000  1.0000  0.0000
Z  0.0000 -0.0000  1.0000

PART 47
OFFSET  1.5404 -0.0000  4.1357
X  1.0000 -0.0000  0.0000
Y  0.0000  1.0000  0.0000
Z  0.0000 -0.0000  1.0000


FRAME 23
PART 0
OFFSET  0.0000 -0.0000 -0.0000
X  1.0000 -0.0000  0.0000
Y  0.0000  1.0000  0.0000
Z  0.0000 -0.0000  1.0000

PART 1
OFFSET -4.6318 -0.0000 -1.3770
X  1.0000 -0.0000  0.0000
Y  0.0000  1.0000  0.0000
Z  0.0000 -0.0000  1.0000

PART 2
OFFSET  12.5384 -5.6041 -2.7069
X  0.9469 -0.0576  0.3163
Y -0.0140  0.9755  0.2195
Z -0.3212 -0.2123  0.9229

PART 3
OFFSET  12.5384 -5.6041 -2.7069
X  0.9469 -0.0576  0.3163
Y -0.0140  0.9755  0.2195
Z -0.3212 -0.2123  0.9229

PART 4
OFFSET  15.5245 -5.7187 -1.3204
X  0.9469 -0.0576  0.3163
Y -0.0140  0.9755  0.2195
Z -0.3212 -0.2123  0.9229

PART 5
OFFSET  13.3804 -6.0362 -0.7329
X  0.9469 -0.0576  0.3163
Y -0.0140  0.9755  0.2195
Z -0.3212 -0.2123  0.9229

PART 6
OFFSET -320.3348 -5.1251  0.0032
X  0.9998  0.0018 -0.0204
Y -0.0001  0.9965  0.0833
Z  0.0204 -0.0833  0.9963

PART 7
OFFSET  13.5192 -5.9096 -1.3598
X  0.9533 -0.0533  0.2974
Y -0.0140  0.9755  0.2195
Z -0.3018 -0.2134  0.9292

PART 8
OFFSET  13.4170 -5.4227 -0.9413
X  0.9533 -0.0533  0.2974
Y -0.0140  0.9755  0.2195
Z -0.3018 -0.2134  0.9292

PART 9
OFFSET  13.2281 -5.5518 -0.3494
X  0.9533 -0.0533  0.2974
Y -0.0140  0.9755  0.2195
Z -0.3018 -0.2134  0.9292

PART 10
OFFSET  13.1386 -6.1613 -0.1674
X  0.9533 -0.0533  0.2974
Y -0.0140  0.9755  0.2195
Z -0.3018 -0.2134  0.9292

PART 11
OFFSET  13.2423 -6.6385 -0.5885
X  0.9533 -0.0533  0.2974
Y -0.0140  0.9755  0.2195
Z -0.3018 -0.2134  0.9292

PART 12
OFFSET  13.4273 -6.4892 -1.1640
X  0.9533 -0.0533  0.2974
Y -0.0140  0.9755  0.2195
Z -0.3018 -0.2134  0.9292

PART 13
OFFSET -303.9287  13.2140 -104.3419
X  0.9533 -0.0533  0.2974
Y -0.0140  0.9755  0.2195
Z -0.3018 -0.2134  0.9292

PART 14
OFFSET  12.0412 -5.6732 -1.5951
X  0.9307 -0.0676  0.3595
Y -0.0140  0.9755  0.2195
Z -0.3656 -0.2093  0.9069

PART 15
OFFSET -9.2817 -11.3680 -3.1869
X -0.7155 -0.0940  0.6922
Y -0.0393 -0.9839 -0.1742
Z  0.6975 -0.1518  0.7003

PART 16
OFFSET -0.6281 -10.2312 -11.5586
X -0.7624 -0.3825 -0.5219
Y  0.5614  0.0100 -0.8275
Z  0.3217 -0.9239  0.2071

PART 17
OFFSET  5.8567 -6.9778 -7.1195
X -0.7624 -0.3825 -0.5219
Y  0.6385 -0.3141 -0.7026
Z  0.1048 -0.8689  0.4838

PART 18
OFFSET  6.2856 -5.4408 -5.7645
X -0.7667 -0.3800 -0.5175
Y -0.3276  0.9247 -0.1937
Z  0.5522  0.0210 -0.8334

PART 19
OFFSET  6.1600 -5.6974 -4.6559
X -0.7667 -0.3800 -0.5175
Y -0.3276  0.9247 -0.1937
Z  0.5522  0.0210 -0.8334

PART 20
OFFSET  6.9047 -6.8764 -4.6915
X -0.7667 -0.3800 -0.5175
Y -0.3276  0.9247 -0.1937
Z  0.5522  0.0210 -0.8334

PART 21
OFFSET  8.1941 -5.8052 -5.5195
X -0.8253  0.3116 -0.4710
Y  0.4388 -0.1711 -0.8821
Z -0.3554 -0.9347  0.0045

PART 22
OFFSET  8.2878 -5.3964 -4.4582
X -0.5226 -0.4554 -0.7208
Y  0.8290 -0.0738 -0.5544
Z  0.1993 -0.8872  0.4160

PART 23
OFFSET  9.3217 -4.3570 -2.8706
X -0.9969  0.0418 -0.0673
Y  0.0410 -0.4553 -0.8894
Z -0.0678 -0.8893  0.4522

PART 24
OFFSET  10.9410 -4.3521 -2.8655
X -0.9286  0.0922  0.3594
Y -0.3655 -0.3949 -0.8429
Z  0.0642 -0.9141  0.4004

PART 25
OFFSET  11.9484 -4.4032 -3.2582
X -0.8021  0.5738 -0.1655
Y  0.5968  0.7593 -0.2594
Z -0.0232 -0.3069 -0.9515

PART 26
OFFSET  9.4341 -6.0631 -6.0665
X -0.9914  0.1286 -0.0224
Y -0.1298 -0.9895  0.0638
Z -0.0139  0.0662  0.9977

PART 27
OFFSET  11.6756 -6.2211 -5.8787
X -0.2845 -0.9547 -0.0876
Y  0.9393 -0.2593 -0.2246
Z  0.1917 -0.1462  0.9705

PART 28
OFFSET  12.0785 -4.8696 -5.7547
X  0.5197 -0.8196 -0.2412
Y  0.8403  0.5413 -0.0288
Z  0.1542 -0.1877  0.9700

PART 29
OFFSET  11.6177 -4.1429 -5.5408
X  0.9766 -0.0354 -0.2123
Y  0.0647  0.9890  0.1331
Z  0.2052 -0.1438  0.9681

PART 30
OFFSET  10.6900 -4.1093 -5.3392
X -0.8173 -0.5730 -0.0612
Y -0.5536  0.7512  0.3594
Z -0.1600  0.3276 -0.9312

PART 31
OFFSET  9.2744 -6.1485 -5.3760
X -0.9591  0.1912 -0.2087
Y -0.2115 -0.9742  0.0795
Z -0.1882  0.1204  0.9747

PART 32
OFFSET  11.7869 -6.6840 -4.9772
X -0.3321 -0.9431  0.0178
Y  0.9110 -0.3256 -0.2532
Z  0.2446 -0.0679  0.9672

PART 33
OFFSET  12.3523 -5.0784 -5.0075
X  0.6793 -0.6986 -0.2248
Y  0.6975  0.7098 -0.0980
Z  0.2280 -0.0902  0.9695

PART 34
OFFSET  11.4108 -4.1102 -4.6960
X  0.9687  0.1298 -0.2115
Y -0.1078  0.9878  0.1124
Z  0.2235 -0.0861  0.9709

PART 35
OFFSET  10.3602 -4.2510 -4.4666
X -0.7211 -0.6748  0.1568
Y -0.6530  0.7377  0.1715
Z -0.2314  0.0212 -0.9726

PART 36
OFFSET  4.1976 -4.8648 -6.7312
X -0.9602  0.0663 -0.2713
Y  0.1171  0.9775 -0.1756
Z  0.2535 -0.2004 -0.9463

PART 37
OFFSET  10.9469 -7.2375 -3.0174
X -0.9333 -0.3589  0.0134
Y  0.3588 -0.9334 -0.0106
Z  0.0163 -0.0051  0.9999

PART 38
OFFSET  12.5901 -6.6056 -3.0410
X -0.6350 -0.7716  0.0370
Y  0.7725 -0.6343  0.0289
Z  0.0012  0.0469  0.9989

PART 39
OFFSET  13.3621 -5.6647 -3.0253
X -0.0366 -0.9991 -0.0209
Y  0.9990 -0.0372  0.0267
Z -0.0274 -0.0199  0.9994

PART 40
OFFSET  13.4035 -4.5362 -3.0017
X -0.8976  0.3532  0.2638
Y  0.3370  0.9355 -0.1059
Z -0.2842 -0.0062 -0.9587

PART 41
OFFSET  11.3987 -7.2222 -4.0254
X -0.4748 -0.8771  0.0730
Y  0.8747 -0.4794 -0.0708
Z  0.0971  0.0302  0.9948

PART 42
OFFSET  12.3262 -5.5088 -4.1679
X  0.5292 -0.8482 -0.0216
Y  0.8384  0.5266 -0.1407
Z  0.1307  0.0564  0.9898

PART 43
OFFSET  11.5533 -4.2698 -4.1365
X  0.9867  0.0100 -0.1623
Y -0.0270  0.9943 -0.1034
Z  0.1604  0.1064  0.9813

PART 44
OFFSET  10.4346 -4.2812 -3.9596
X -0.7496 -0.6495  0.1278
Y -0.6420  0.7603  0.0985
Z -0.1611 -0.0082 -0.9869

PART 45
OFFSET  0.0000 -0.0000 -0.0000
X  1.0000 -0.0000  0.0000
Y  0.0000  1.0000  0.0000
Z  0.0000 -0.0000  1.0000

PART 46
OFFSET  0.0000 -0.0000 -0.0000
X  1.0000 -0.0000  0.0000
Y  0.0000  1.0000  0.0000
Z  0.0000 -0.0000  1.0000

PART 47
OFFSET  1.5404 -0.0000  4.1357
X  1.0000 -0.0000  0.0000
Y  0.0000  1.0000  0.0000
Z  0.0000 -0.0000  1.0000


FRAME 24
PART 0
OFFSET  0.0000 -0.0000 -0.0000
X  1.0000 -0.0000  0.0000
Y  0.0000  1.0000  0.0000
Z  0.0000 -0.0000  1.0000

PART 1
OFFSET -4.6318 -0.0000 -1.3770
X  1.0000 -0.0000  0.0000
Y  0.0000  1.0000  0.0000
Z  0.0000 -0.0000  1.0000

PART 2
OFFSET  11.9667 -5.6949 -2.2753
X  0.9625 -0.0778  0.2601
Y  0.0183  0.9744  0.2239
Z -0.2708 -0.2107  0.9393

PART 3
OFFSET  11.9667 -5.6949 -2.2753
X  0.9625 -0.0778  0.2601
Y  0.0183  0.9744  0.2239
Z -0.2708 -0.2107  0.9393

PART 4
OFFSET  15.0259 -5.8753 -1.0665
X  0.9625 -0.0778  0.2601
Y  0.0183  0.9744  0.2239
Z -0.2708 -0.2107  0.9393

PART 5
OFFSET  12.9140 -6.1537 -0.3557
X  0.9625 -0.0778  0.2601
Y  0.0183  0.9744  0.2239
Z -0.2708 -0.2107  0.9393

PART 6
OFFSET -320.3348 -5.1251  0.0032
X  0.9998  0.0018 -0.0204
Y -0.0001  0.9965  0.0833
Z  0.0204 -0.0833  0.9963

PART 7
OFFSET  13.0184 -6.0266 -0.9891
X  0.9678 -0.0735  0.2408
Y  0.0183  0.9744  0.2239
Z -0.2511 -0.2123  0.9444

PART 8
OFFSET  12.9505 -5.5400 -0.5634
X  0.9678 -0.0735  0.2408
Y  0.0183  0.9744  0.2239
Z -0.2511 -0.2123  0.9444

PART 9
OFFSET  12.7940 -5.6684  0.0380
X  0.9678 -0.0735  0.2408
Y  0.0183  0.9744  0.2239
Z -0.2511 -0.2123  0.9444

PART 10
OFFSET  12.7032 -6.2770  0.2225
X  0.9678 -0.0735  0.2408
Y  0.0183  0.9744  0.2239
Z -0.2511 -0.2123  0.9444

PART 11
OFFSET  12.7727 -6.7539 -0.2059
X  0.9678 -0.0735  0.2408
Y  0.0183  0.9744  0.2239
Z -0.2511 -0.2123  0.9444

PART 12
OFFSET  12.9265 -6.6053 -0.7907
X  0.9678 -0.0735  0.2408
Y  0.0183  0.9744  0.2239
Z -0.2511 -0.2123  0.9444

PART 13
OFFSET -309.4654  19.8506 -85.1250
X  0.9678 -0.0735  0.2408
Y  0.0183  0.9744  0.2239
Z -0.2511 -0.2123  0.9444

PART 14
OFFSET  11.5342 -5.7600 -1.1365
X  0.9486 -0.0877  0.3041
Y  0.0183  0.9744  0.2239
Z -0.3160 -0.2068  0.9259

PART 15
OFFSET -9.2817 -11.3680 -3.1869
X -0.7080 -0.0883  0.7007
Y -0.0374 -0.9861 -0.1622
Z  0.7052 -0.1410  0.6948

PART 16
OFFSET -0.7195 -10.2995 -11.6609
X -0.7071 -0.3892 -0.5904
Y  0.6268  0.0414 -0.7780
Z  0.3273 -0.9202  0.2147

PART 17
OFFSET  5.2946 -6.9893 -6.6393
X -0.7071 -0.3892 -0.5904
Y  0.7068 -0.3652 -0.6058
Z  0.0202 -0.8457  0.5333

PART 18
OFFSET  5.5715 -5.4724 -5.2236
X -0.7117 -0.3869 -0.5863
Y -0.3342  0.9206 -0.2018
Z  0.6179  0.0524 -0.7845

PART 19
OFFSET  5.3622 -5.7559 -4.1344
X -0.7117 -0.3869 -0.5863
Y -0.3342  0.9206 -0.2018
Z  0.6179  0.0524 -0.7845

PART 20
OFFSET  6.1373 -6.9157 -4.1317
X -0.7117 -0.3869 -0.5863
Y -0.3342  0.9206 -0.2018
Z  0.6179  0.0524 -0.7845

PART 21
OFFSET  7.4623 -5.7962 -4.8293
X -0.8451  0.3301 -0.4205
Y  0.3830 -0.1751 -0.9070
Z -0.3731 -0.9276  0.0215

PART 22
OFFSET  7.6260 -5.3949 -3.7737
X -0.5728 -0.4413 -0.6908
Y  0.7935 -0.0871 -0.6023
Z  0.2056 -0.8931  0.4001

PART 23
OFFSET  8.7713 -4.3842 -2.2452
X -0.9981  0.0617 -0.0087
Y -0.0201 -0.4514 -0.8921
Z -0.0589 -0.8902  0.4518

PART 24
OFFSET  10.3879 -4.4110 -2.3350
X -0.9040  0.1085  0.4136
Y -0.4219 -0.3832 -0.8217
Z  0.0694 -0.9173  0.3922

PART 25
OFFSET  11.3695 -4.4799 -2.7862
X -0.7988  0.5903 -0.1160
Y  0.5956  0.7488 -0.2909
Z -0.0849 -0.3014 -0.9497

PART 26
OFFSET  8.6628 -6.0756 -5.4491
X -0.9883  0.1481  0.0363
Y -0.1455 -0.9871  0.0673
Z  0.0458  0.0612  0.9971

PART 27
OFFSET  10.9079 -6.2784 -5.3936
X -0.3081 -0.9484 -0.0747
Y  0.9192 -0.2765 -0.2803
Z  0.2452 -0.1550  0.9570

PART 28
OFFSET  11.3441 -4.9357 -5.2879
X  0.4883 -0.8284 -0.2745
Y  0.8478  0.5248 -0.0758
Z  0.2069 -0.1957  0.9586

PART 29
OFFSET  10.9112 -4.2012 -5.0445
X  0.9616 -0.0534 -0.2692
Y  0.0921  0.9868  0.1331
Z  0.2586 -0.1528  0.9538

PART 30
OFFSET  9.9976 -4.1505 -4.7887
X -0.8307 -0.5566 -0.0156
Y -0.5166  0.7600  0.3943
Z -0.2076  0.3356 -0.9189

PART 31
OFFSET  8.5421 -6.1613 -4.7508
X -0.9657  0.2110 -0.1514
Y -0.2258 -0.9702  0.0878
Z -0.1284  0.1189  0.9846

PART 32
OFFSET  11.0625 -6.7481 -4.5020
X -0.3492 -0.9365  0.0334
Y  0.8880 -0.3420 -0.3074
Z  0.2993 -0.0777  0.9510

PART 33
OFFSET  11.6569 -5.1537 -4.5589
X  0.6510 -0.7106 -0.2670
Y  0.7046  0.6965 -0.1358
Z  0.2825 -0.0997  0.9541

PART 34
OFFSET  10.7547 -4.1689 -4.1888
X  0.9571  0.1119 -0.2673
Y -0.0814  0.9891  0.1225
Z  0.2781 -0.0955  0.9558

PART 35
OFFSET  9.7167 -4.2903 -3.8989
X -0.7240 -0.6614  0.1961
Y -0.6271  0.7494  0.2124
Z -0.2874  0.0308 -0.9573

PART 36
OFFSET  3.4213 -4.7714 -5.8011
X -0.9729  0.0865 -0.2143
Y  0.1261  0.9759 -0.1782
Z  0.1937 -0.2004 -0.9604

PART 37
OFFSET  10.3277 -7.2952 -2.4986
X -0.9379 -0.3406  0.0666
Y  0.3389 -0.9402 -0.0354
Z  0.0747 -0.0106  0.9972

PART 38
OFFSET  11.9789 -6.6955 -2.6158
X -0.7724 -0.6309  0.0733
Y  0.6323 -0.7747 -0.0060
Z  0.0605  0.0417  0.9973

PART 39
OFFSET  12.9215 -5.9259 -2.6443
X -0.4044 -0.9145 -0.0088
Y  0.9144 -0.4041 -0.0250
Z  0.0193 -0.0181  0.9996

PART 40
OFFSET  13.3783 -4.8929 -2.6344
X -0.6883  0.6574  0.3066
Y  0.6529  0.7457 -0.1329
Z -0.3160  0.1087 -0.9425

PART 41
OFFSET  10.7199 -7.2835 -3.5313
X -0.4870 -0.8680  0.0971
Y  0.8594 -0.4961 -0.1239
Z  0.1557  0.0231  0.9875

PART 42
OFFSET  11.6714 -5.5879 -3.7210
X  0.5100 -0.8583 -0.0560
Y  0.8390  0.5108 -0.1874
Z  0.1895  0.0487  0.9807

PART 43
OFFSET  10.9264 -4.3342 -3.6393
X  0.9755 -0.0085 -0.2198
Y -0.0133  0.9951 -0.0976
Z  0.2196  0.0981  0.9707

PART 44
OFFSET  9.8200 -4.3245 -3.3973
X -0.7536 -0.6353  0.1688
Y -0.6199  0.7722  0.1390
Z -0.2187  0.0000 -0.9758

PART 45
OFFSET  0.0000 -0.0000 -0.0000
X  1.0000 -0.0000  0.0000
Y  0.0000  1.0000  0.0000
Z  0.0000 -0.0000  1.0000

PART 46
OFFSET  0.0000 -0.0000 -0.0000
X  1.0000 -0.0000  0.0000
Y  0.0000  1.0000  0.0000
Z  0.0000 -0.0000  1.0000

PART 47
OFFSET  1.5404 -0.0000  4.1357
X  1.0000 -0.0000  0.0000
Y  0.0000  1.0000  0.0000
Z  0.0000 -0.0000  1.0000


FRAME 25
PART 0
OFFSET  0.0000 -0.0000 -0.0000
X  1.0000 -0.0000  0.0000
Y  0.0000  1.0000  0.0000
Z  0.0000 -0.0000  1.0000

PART 1
OFFSET -4.6318 -0.0000 -1.3770
X  1.0000 -0.0000  0.0000
Y  0.0000  1.0000  0.0000
Z  0.0000 -0.0000  1.0000

PART 2
OFFSET  11.9137 -5.6711 -2.1704
X  0.9874 -0.0820  0.1354
Y  0.0558  0.9807  0.1873
Z -0.1481 -0.1774  0.9729

PART 3
OFFSET  11.9137 -5.6711 -2.1704
X  0.9874 -0.0820  0.1354
Y  0.0558  0.9807  0.1873
Z -0.1481 -0.1774  0.9729

PART 4
OFFSET  15.1025 -5.8528 -1.3636
X  0.9874 -0.0820  0.1354
Y  0.0558  0.9807  0.1873
Z -0.1481 -0.1774  0.9729

PART 5
OFFSET  13.0986 -6.0812 -0.3759
X  0.9874 -0.0820  0.1354
Y  0.0558  0.9807  0.1873
Z -0.1481 -0.1774  0.9729

PART 6
OFFSET -320.3348 -5.1251  0.0032
X  0.9998  0.0018 -0.0204
Y -0.0001  0.9965  0.0833
Z  0.0204 -0.0833  0.9963

PART 7
OFFSET  13.1208 -5.9755 -1.0214
X  0.9902 -0.0784  0.1155
Y  0.0558  0.9807  0.1873
Z -0.1279 -0.1790  0.9755

PART 8
OFFSET  13.1132 -5.4749 -0.6067
X  0.9902 -0.0784  0.1155
Y  0.0558  0.9807  0.1873
Z -0.1279 -0.1790  0.9755

PART 9
OFFSET  13.0351 -5.5821  0.0138
X  0.9902 -0.0784  0.1155
Y  0.0558  0.9807  0.1873
Z -0.1279 -0.1790  0.9755

PART 10
OFFSET  12.9638 -6.1834  0.2285
X  0.9902 -0.0784  0.1155
Y  0.0558  0.9807  0.1873
Z -0.1279 -0.1790  0.9755

PART 11
OFFSET  12.9728 -6.6745 -0.1893
X  0.9902 -0.0784  0.1155
Y  0.0558  0.9807  0.1873
Z -0.1279 -0.1790  0.9755

PART 12
OFFSET  13.0505 -6.5465 -0.7937
X  0.9902 -0.0784  0.1155
Y  0.0558  0.9807  0.1873
Z -0.1279 -0.1790  0.9755

PART 13
OFFSET -317.3305  21.4062 -43.4056
X  0.9902 -0.0784  0.1155
Y  0.0558  0.9807  0.1873
Z -0.1279 -0.1790  0.9755

PART 14
OFFSET  11.6324 -5.6945 -0.9836
X  0.9793 -0.0903  0.1812
Y  0.0558  0.9807  0.1873
Z -0.1946 -0.1733  0.9654

PART 15
OFFSET -9.2817 -11.3680 -3.1869
X -0.7183 -0.0950  0.6892
Y -0.0337 -0.9847 -0.1709
Z  0.6949 -0.1460  0.7041

PART 16
OFFSET -0.5947 -10.2186 -11.5222
X -0.6662 -0.3823 -0.6403
Y  0.6711  0.0671 -0.7384
Z  0.3252 -0.9216  0.2119

PART 17
OFFSET  5.0720 -6.9668 -6.0765
X -0.6662 -0.3823 -0.6403
Y  0.7425 -0.4205 -0.5215
Z -0.0699 -0.8228  0.5640

PART 18
OFFSET  5.2465 -5.4818 -4.6114
X -0.6711 -0.3802 -0.6364
Y -0.3330  0.9216 -0.1994
Z  0.6624  0.0781 -0.7451

PART 19
OFFSET  4.9768 -5.7939 -3.5435
X -0.6711 -0.3802 -0.6364
Y -0.3330  0.9216 -0.1994
Z  0.6624  0.0781 -0.7451

PART 20
OFFSET  5.7644 -6.9450 -3.5223
X -0.6711 -0.3802 -0.6364
Y -0.3330  0.9216 -0.1994
Z  0.6624  0.0781 -0.7451

PART 21
OFFSET  7.1145 -5.7947 -4.1136
X -0.8897  0.3276 -0.3180
Y  0.2601 -0.2086 -0.9428
Z -0.3752 -0.9215  0.1004

PART 22
OFFSET  7.4177 -5.3623 -3.1020
X -0.6616 -0.4555 -0.5957
Y  0.7076 -0.1164 -0.6970
Z  0.2481 -0.8826  0.3993

PART 23
OFFSET  8.7610 -4.3188 -1.7693
X -0.9901  0.0743  0.1189
Y -0.1400 -0.4791 -0.8665
Z -0.0074 -0.8746  0.4848

PART 24
OFFSET  10.3519 -4.3694 -2.0672
X -0.8415  0.1332  0.5236
Y -0.5286 -0.4035 -0.7468
Z  0.1118 -0.9052  0.4100

PART 25
OFFSET  11.2657 -4.4652 -2.6394
X -0.8019  0.5967 -0.0308
Y  0.5592  0.7314 -0.3903
Z -0.2104 -0.3302 -0.9202

PART 26
OFFSET  8.2217 -6.1091 -4.8743
X -0.9738  0.1620  0.1593
Y -0.1441 -0.9825  0.1182
Z  0.1757  0.0922  0.9801

PART 27
OFFSET  10.4530 -6.3392 -5.1040
X -0.3235 -0.9462 -0.0027
Y  0.8725 -0.2971 -0.3879
Z  0.3663 -0.1278  0.9217

PART 28
OFFSET  10.9110 -4.9995 -5.1002
X  0.4411 -0.8429 -0.3080
Y  0.8353  0.5112 -0.2025
Z  0.3282 -0.1680  0.9296

PART 29
OFFSET  10.5199 -4.2522 -4.8270
X  0.9179 -0.0743 -0.3898
Y  0.1172  0.9893  0.0874
Z  0.3792 -0.1259  0.9167

PART 30
OFFSET  9.6478 -4.1815 -4.4567
X -0.8305 -0.5460  0.1108
Y -0.4543  0.7788  0.4327
Z -0.3225  0.3090 -0.8947

PART 31
OFFSET  8.1921 -6.1711 -4.1638
X -0.9753  0.2186 -0.0317
Y -0.2209 -0.9639  0.1483
Z  0.0018  0.1517  0.9884

PART 32
OFFSET  10.7182 -6.7823 -4.2250
X -0.3500 -0.9303  0.1094
Y  0.8374 -0.3631 -0.4086
Z  0.4198 -0.0514  0.9061

PART 33
OFFSET  11.3141 -5.1984 -4.4112
X  0.6045 -0.7270 -0.3256
Y  0.6870  0.6827 -0.2490
Z  0.4034 -0.0731  0.9121

PART 34
OFFSET  10.4763 -4.1908 -3.9599
X  0.9151  0.0909 -0.3928
Y -0.0561  0.9935  0.0993
Z  0.3993 -0.0688  0.9142

PART 35
OFFSET  9.4839 -4.2894 -3.5338
X -0.6981 -0.6454  0.3101
Y -0.5875  0.7638  0.2671
Z -0.4093  0.0043 -0.9124

PART 36
OFFSET  2.9905 -4.7488 -4.5861
X -0.9917  0.0923 -0.0890
Y  0.1103  0.9680 -0.2252
Z  0.0653 -0.2332 -0.9702

PART 37
OFFSET  10.2456 -7.2562 -2.1261
X -0.9242 -0.3261  0.1989
Y  0.3232 -0.9451 -0.0480
Z  0.2037  0.0199  0.9788

PART 38
OFFSET  11.8727 -6.6820 -2.4764
X -0.8602 -0.4684  0.2017
Y  0.4732 -0.8805 -0.0268
Z  0.1902  0.0724  0.9791

PART 39
OFFSET  12.9299 -6.1082 -2.6622
X -0.7001 -0.7049  0.1139
Y  0.7003 -0.7090 -0.0830
Z  0.1393  0.0217  0.9900

PART 40
OFFSET  13.7208 -5.3120 -2.7909
X -0.3651  0.8756  0.3163
Y  0.8523  0.4510 -0.2649
Z -0.3746  0.1729 -0.9109

PART 41
OFFSET  10.5002 -7.2823 -3.2008
X -0.4778 -0.8581  0.1881
Y  0.8316 -0.5108 -0.2179
Z  0.2830  0.0523  0.9577

PART 42
OFFSET  11.4337 -5.6060 -3.5683
X  0.4909 -0.8662 -0.0933
Y  0.8119  0.4937 -0.3115
Z  0.3159  0.0772  0.9457

PART 43
OFFSET  10.7167 -4.3408 -3.4321
X  0.9385 -0.0281 -0.3441
Y -0.0172  0.9916 -0.1279
Z  0.3448  0.1259  0.9302

PART 44
OFFSET  9.6513 -4.3092 -3.0490
X -0.7307 -0.6198  0.2861
Y -0.5898  0.7842  0.1926
Z -0.3438 -0.0280 -0.9386

PART 45
OFFSET  0.0000 -0.0000 -0.0000
X  1.0000 -0.0000  0.0000
Y  0.0000  1.0000  0.0000
Z  0.0000 -0.0000  1.0000

PART 46
OFFSET  0.0000 -0.0000 -0.0000
X  1.0000 -0.0000  0.0000
Y  0.0000  1.0000  0.0000
Z  0.0000 -0.0000  1.0000

PART 47
OFFSET  1.5404 -0.0000  4.1357
X  1.0000 -0.0000  0.0000
Y  0.0000  1.0000  0.0000
Z  0.0000 -0.0000  1.0000


FRAME 26
PART 0
OFFSET  0.0000 -0.0000 -0.0000
X  1.0000 -0.0000  0.0000
Y  0.0000  1.0000  0.0000
Z  0.0000 -0.0000  1.0000

PART 1
OFFSET -4.6318 -0.0000 -1.3770
X  1.0000 -0.0000  0.0000
Y  0.0000  1.0000  0.0000
Z  0.0000 -0.0000  1.0000

PART 2
OFFSET  11.9917 -5.6232 -2.2172
X  0.9814 -0.0746  0.1767
Y  0.0465  0.9863  0.1584
Z -0.1861 -0.1473  0.9714

PART 3
OFFSET  11.9917 -5.6232 -2.2172
X  0.9814 -0.0746  0.1767
Y  0.0465  0.9863  0.1584
Z -0.1861 -0.1473  0.9714

PART 4
OFFSET  15.1465 -5.7695 -1.2801
X  0.9814 -0.0746  0.1767
Y  0.0465  0.9863  0.1584
Z -0.1861 -0.1473  0.9714

PART 5
OFFSET  13.1056 -5.9731 -0.3654
X  0.9814 -0.0746  0.1767
Y  0.0465  0.9863  0.1584
Z -0.1861 -0.1473  0.9714

PART 6
OFFSET -320.3348 -5.1251  0.0032
X  0.9998  0.0018 -0.0204
Y -0.0001  0.9965  0.0833
Z  0.0204 -0.0833  0.9963

PART 7
OFFSET  13.1531 -5.8877 -1.0125
X  0.9850 -0.0716  0.1568
Y  0.0465  0.9863  0.1584
Z -0.1660 -0.1488  0.9748

PART 8
OFFSET  13.1281 -5.3743 -0.6144
X  0.9850 -0.0716  0.1568
Y  0.0465  0.9863  0.1584
Z -0.1660 -0.1488  0.9748

PART 9
OFFSET  13.0259 -5.4623  0.0056
X  0.9850 -0.0716  0.1568
Y  0.0465  0.9863  0.1584
Z -0.1660 -0.1488  0.9748

PART 10
OFFSET  12.9472 -6.0567  0.2361
X  0.9850 -0.0716  0.1568
Y  0.0465  0.9863  0.1584
Z -0.1660 -0.1488  0.9748

PART 11
OFFSET  12.9736 -6.5607 -0.1653
X  0.9850 -0.0716  0.1568
Y  0.0465  0.9863  0.1584
Z -0.1660 -0.1488  0.9748

PART 12
OFFSET  13.0749 -6.4514 -0.7699
X  0.9850 -0.0716  0.1568
Y  0.0465  0.9863  0.1584
Z -0.1660 -0.1488  0.9748

PART 13
OFFSET -315.4188  19.1192 -57.2212
X  0.9850 -0.0716  0.1568
Y  0.0465  0.9863  0.1584
Z -0.1660 -0.1488  0.9748

PART 14
OFFSET  11.6638 -5.6103 -1.0423
X  0.9715 -0.0815  0.2224
Y  0.0465  0.9863  0.1584
Z -0.2322 -0.1436  0.9620

PART 15
OFFSET -9.2817 -11.3680 -3.1869
X -0.7157 -0.0938  0.6921
Y -0.0370 -0.9845 -0.1716
Z  0.6974 -0.1484  0.7011

PART 16
OFFSET -0.6258 -10.2342 -11.5566
X -0.6826 -0.3813 -0.6234
Y  0.6551  0.0586 -0.7532
Z  0.3237 -0.9226  0.2098

PART 17
OFFSET  5.1803 -6.9914 -6.2543
X -0.6826 -0.3813 -0.6234
Y  0.7281 -0.4271 -0.5361
Z -0.0618 -0.8199  0.5691

PART 18
OFFSET  5.3968 -5.4998 -4.8016
X -0.6874 -0.3791 -0.6195
Y -0.3311  0.9228 -0.1972
Z  0.6464  0.0696 -0.7599

PART 19
OFFSET  5.1485 -5.8044 -3.7263
X -0.6874 -0.3791 -0.6195
Y -0.3311  0.9228 -0.1972
Z  0.6464  0.0696 -0.7599

PART 20
OFFSET  5.9288 -6.9606 -3.7160
X -0.6874 -0.3791 -0.6195
Y -0.3311  0.9228 -0.1972
Z  0.6464  0.0696 -0.7599

PART 21
OFFSET  7.2731 -5.8226 -4.3431
X -0.8771  0.3147 -0.3629
Y  0.2975 -0.2373 -0.9248
Z -0.3771 -0.9191  0.1145

PART 22
OFFSET  7.5354 -5.3578 -3.3345
X -0.6367 -0.4760 -0.6067
Y  0.7348 -0.1360 -0.6645
Z  0.2338 -0.8689  0.4363

PART 23
OFFSET  8.8230 -4.2688 -1.9833
X -0.9942  0.0749  0.0774
Y -0.1048 -0.5065 -0.8559
Z -0.0249 -0.8590  0.5114

PART 24
OFFSET  10.4245 -4.3237 -2.2166
X -0.8618  0.1469  0.4856
Y -0.4979 -0.4284 -0.7540
Z  0.0972 -0.8916  0.4423

PART 25
OFFSET  11.3604 -4.4346 -2.7491
X -0.8012  0.5929 -0.0811
Y  0.5728  0.7206 -0.3907
Z -0.1733 -0.3595 -0.9169

PART 26
OFFSET  8.4101 -6.1572 -5.0493
X -0.9797  0.1639  0.1156
Y -0.1468 -0.9787  0.1433
Z  0.1367  0.1234  0.9829

PART 27
OFFSET  10.6492 -6.3874 -5.1836
X -0.3213 -0.9469  0.0144
Y  0.8877 -0.3064 -0.3437
Z  0.3299 -0.0977  0.9390

PART 28
OFFSET  11.1041 -5.0469 -5.2039
X  0.4545 -0.8508 -0.2638
Y  0.8417  0.5072 -0.1854
Z  0.2915 -0.1377  0.9466

PART 29
OFFSET  10.7011 -4.2926 -4.9700
X  0.9327 -0.0836 -0.3508
Y  0.1118  0.9919  0.0608
Z  0.3429 -0.0959  0.9345

PART 30
OFFSET  9.8150 -4.2131 -4.6367
X -0.8332 -0.5448  0.0951
Y -0.4724  0.7905  0.3897
Z -0.2875  0.2798 -0.9160

PART 31
OFFSET  8.3526 -6.1971 -4.3389
X -0.9737  0.2145 -0.0770
Y -0.2248 -0.9595  0.1698
Z -0.0375  0.1826  0.9825

PART 32
OFFSET  10.8803 -6.8020 -4.2813
X -0.3523 -0.9275  0.1247
Y  0.8535 -0.3731 -0.3637
Z  0.3839 -0.0217  0.9231

PART 33
OFFSET  11.4801 -5.2229 -4.4936
X  0.6182 -0.7350 -0.2785
Y  0.6950  0.6767 -0.2431
Z  0.3672 -0.0432  0.9291

PART 34
OFFSET  10.6233 -4.2042 -4.1076
X  0.9297  0.0814 -0.3591
Y -0.0619  0.9959  0.0657
Z  0.3630 -0.0389  0.9310

PART 35
OFFSET  9.6150 -4.2925 -3.7181
X -0.7085 -0.6375  0.3025
Y -0.5991  0.7700  0.2196
Z -0.3729 -0.0256 -0.9275

PART 36
OFFSET  3.1691 -4.8050 -5.0103
X -0.9876  0.0864 -0.1308
Y  0.1173  0.9608 -0.2510
