// Export filename: `C:\projects\cod\t5\xanim_export\t5_viewmodels\python\python_sw_idle.XANIM_EXPORT`
// Source filename: `D:\projects\devanim\t5\animation_assets\viewmodels\python\ViewModel_python_animated.fbx`
// Export time: Fri Aug 06 01:02:21 2010

ANIMATION
VERSION 3

NUMPARTS 81
PART 0 "tag_ads"
PART 1 "tag_torso"
PART 2 "J_Shoulder_LE"
PART 3 "J_Elbow_LE"
PART 4 "J_WristTwist_LE"
PART 5 "J_Sleave_Reshape_Bottom_LE_1"
PART 6 "J_Sleave_Reshape_Bottom_LE_2"
PART 7 "J_Sleave_Reshape_Top_LE_1"
PART 8 "J_Sleave_Reshape_Top_LE_2"
PART 9 "J_Sleave_Reshape_Top_LE_3"
PART 10 "J_Wrist_LE"
PART 11 "J_Thumb_LE_0"
PART 12 "J_Thumb_LE_1"
PART 13 "J_Thumb_LE_2"
PART 14 "J_Thumb_LE_3"
PART 15 "J_PinkyPalm_LE"
PART 16 "J_Pinky_LE_0"
PART 17 "J_Pinky_LE_1"
PART 18 "J_Pinky_LE_2"
PART 19 "J_Pinky_LE_3"
PART 20 "J_RingPalm_LE"
PART 21 "J_Ring_LE_0"
PART 22 "J_Ring_LE_1"
PART 23 "J_Ring_LE_2"
PART 24 "J_Ring_LE_3"
PART 25 "J_Webbing_LE"
PART 26 "J_Index_LE_0"
PART 27 "J_Index_LE_1"
PART 28 "J_Index_LE_2"
PART 29 "J_Index_LE_3"
PART 30 "J_Mid_LE_0"
PART 31 "J_Mid_LE_1"
PART 32 "J_Mid_LE_2"
PART 33 "J_Mid_LE_3"
PART 34 "tag_knife_attach"
PART 35 "tag_weapon"
PART 36 "J_Gun"
PART 37 "TAG_CLIP"
PART 38 "J_Bolt"
PART 39 "tag_speedloader"
PART 40 "tag_spent0"
PART 41 "tag_spent1"
PART 42 "tag_spent2"
PART 43 "tag_spent3"
PART 44 "tag_spent4"
PART 45 "tag_spent5"
PART 46 "tag_bullets"
PART 47 "J_Press_Rear"
PART 48 "J_Shoulder_RI"
PART 49 "J_Elbow_RI"
PART 50 "J_WristTwist_RI"
PART 51 "J_Sleave_Reshape_Top_RI_3"
PART 52 "J_Sleave_Reshape_Top_RI_2"
PART 53 "J_Sleave_Reshape_Top_RI_1"
PART 54 "J_Wrist_RI"
PART 55 "J_Thumb_RI_0"
PART 56 "J_Thumb_RI_1"
PART 57 "J_Thumb_RI_2"
PART 58 "J_Thumb_RI_3"
PART 59 "J_PinkyPalm_RI"
PART 60 "J_Pinky_RI_0"
PART 61 "J_Pinky_RI_1"
PART 62 "J_Pinky_RI_2"
PART 63 "J_Pinky_RI_3"
PART 64 "J_RingPalm_RI"
PART 65 "J_Ring_RI_0"
PART 66 "J_Ring_RI_1"
PART 67 "J_Ring_RI_2"
PART 68 "J_Ring_RI_3"
PART 69 "J_Webbing_RI"
PART 70 "J_Index_RI_0"
PART 71 "J_Index_RI_1"
PART 72 "J_Index_RI_2"
PART 73 "J_Index_RI_3"
PART 74 "J_Mid_RI_0"
PART 75 "J_Mid_RI_1"
PART 76 "J_Mid_RI_2"
PART 77 "J_Mid_RI_3"
PART 78 "tag_cambone"
PART 79 "tag_camera"
PART 80 "tag_gasmask"

FRAMERATE 30
NUMFRAMES 3

FRAME 0
PART 0
OFFSET -4.6318 -0.0000 -1.3770
X  1.0000 -0.0000  0.0000
Y  0.0000  1.0000  0.0000
Z  0.0000 -0.0000  1.0000

PART 1
OFFSET -4.6318 -0.0000 -1.3770
X  1.0000 -0.0000  0.0000
Y  0.0000  1.0000  0.0000
Z  0.0000 -0.0000  1.0000

PART 2
OFFSET -6.7281  3.8438 -4.9859
X  0.6959 -0.0331 -0.7174
Y  0.0926 -0.9865  0.1353
Z -0.7122 -0.1606 -0.6834

PART 3
OFFSET  1.6876  3.4431 -13.6621
X  0.7035 -0.3661  0.6092
Y -0.6518  0.0095  0.7583
Z -0.2834 -0.9305 -0.2319

PART 4
OFFSET  7.6708  0.3295 -8.4804
X  0.7035 -0.3661  0.6092
Y -0.5597  0.2429  0.7923
Z -0.4380 -0.8983 -0.0341

PART 5
OFFSET  9.5960  0.6427 -8.2224
X  0.7081 -0.3636  0.6053
Y  0.2907  0.9313  0.2193
Z -0.6435  0.0207  0.7652

PART 6
OFFSET  8.9957 -0.7332 -8.9841
X  0.7081 -0.3636  0.6053
Y  0.2907  0.9313  0.2193
Z -0.6435  0.0207  0.7652

PART 7
OFFSET  8.2788  0.3719 -6.0025
X  0.7081 -0.3636  0.6053
Y  0.2907  0.9313  0.2193
Z -0.6435  0.0207  0.7652

PART 8
OFFSET  7.6926 -0.8224 -6.2067
X  0.7081 -0.3636  0.6053
Y  0.2907  0.9313  0.2193
Z -0.6435  0.0207  0.7652

PART 9
OFFSET  7.8760 -1.2551 -7.3089
X  0.7081 -0.3636  0.6053
Y  0.2907  0.9313  0.2193
Z -0.6435  0.0207  0.7652

PART 10
OFFSET  9.8274 -0.7927 -6.6128
X  0.9838 -0.1193 -0.1335
Y  0.1630  0.2886  0.9435
Z -0.0741 -0.9500  0.3033

PART 11
OFFSET  10.3969 -0.9579 -5.6378
X  0.9448  0.1218  0.3041
Y -0.2933  0.7283  0.6193
Z -0.1461 -0.6744  0.7238

PART 12
OFFSET  12.3983 -0.6599 -4.8793
X  0.9358 -0.1508 -0.3185
Y  0.3509  0.4817  0.8030
Z  0.0323 -0.8633  0.5037

PART 13
OFFSET  13.8917 -1.0288 -5.3850
X  0.7754 -0.4785 -0.4120
Y  0.6150  0.4242  0.6647
Z -0.1433 -0.7688  0.6232

PART 14
OFFSET  14.7342 -1.5742 -5.7908
X  0.7912  0.2280 -0.5675
Y -0.5229  0.7334 -0.4344
Z  0.3171  0.6404  0.6995

PART 15
OFFSET  10.4705 -1.3946 -7.6746
X  0.8235 -0.3942 -0.4080
Y -0.2196 -0.8846  0.4114
Z -0.5231 -0.2492 -0.8150

PART 16
OFFSET  12.3700 -2.3525 -8.4222
X  0.4898 -0.8428  0.2231
Y -0.6547 -0.1866  0.7325
Z -0.5757 -0.5049 -0.6431

PART 17
OFFSET  13.0634 -3.5457 -8.1063
X -0.2502 -0.6317  0.7337
Y -0.8075  0.5543  0.2018
Z -0.5342 -0.5420 -0.6488

PART 18
OFFSET  12.8416 -4.1058 -7.4558
X -0.7677  0.0843  0.6352
Y -0.2624  0.8630 -0.4316
Z -0.5846 -0.4981 -0.6405

PART 19
OFFSET  12.1122 -4.0257 -6.8523
X  0.8365 -0.5342 -0.1223
Y  0.2221  0.5344 -0.8156
Z  0.5010  0.6550  0.5656

PART 20
OFFSET  10.8055 -1.0964 -7.1193
X  0.8858 -0.2079 -0.4149
Y -0.1013 -0.9591  0.2643
Z -0.4529 -0.1921 -0.8706

PART 21
OFFSET  13.0776 -1.8966 -8.0970
X  0.4931 -0.8371  0.2369
Y -0.7274 -0.2473  0.6401
Z -0.4772 -0.4879 -0.7309

PART 22
OFFSET  13.9171 -3.3218 -7.6938
X -0.4123 -0.6059  0.6804
Y -0.7883  0.6117  0.0670
Z -0.4568 -0.5087 -0.7298

PART 23
OFFSET  13.3456 -4.1615 -6.7508
X -0.8503  0.0009  0.5264
Y -0.2648  0.8635 -0.4292
Z -0.4549 -0.5043 -0.7340

PART 24
OFFSET  12.4235 -4.1606 -6.1799
X  0.8255 -0.5188 -0.2222
Y  0.2901  0.7278 -0.6214
Z  0.4841  0.4485  0.7514

PART 25
OFFSET  13.0794 -1.2115 -5.3635
X  0.8736 -0.4322 -0.2237
Y  0.3630  0.8849 -0.2919
Z  0.3241  0.1738  0.9299

PART 26
OFFSET  13.8115 -0.6869 -6.5340
X  0.3874 -0.9115  0.1380
Y -0.8191 -0.2716  0.5053
Z -0.4231 -0.3088 -0.8518

PART 27
OFFSET  14.4936 -2.2917 -6.2910
X -0.4147 -0.8207  0.3930
Y -0.8358  0.5143  0.1921
Z -0.3598 -0.2488 -0.8992

PART 28
OFFSET  14.0113 -3.2743 -5.7585
X -0.7146 -0.4476  0.5375
Y -0.5566  0.8293 -0.0495
Z -0.4236 -0.3346 -0.8418

PART 29
OFFSET  13.2041 -3.7799 -5.1514
X  0.6160 -0.6970 -0.3671
Y  0.5654  0.7156 -0.4101
Z  0.5485  0.0451  0.8349

PART 30
OFFSET  13.5165 -1.1576 -7.4889
X  0.4031 -0.8747  0.2692
Y -0.8467 -0.2448  0.4724
Z -0.3473 -0.4184 -0.8393

PART 31
OFFSET  14.3038 -2.8663 -6.9629
X -0.3921 -0.7558  0.5245
Y -0.8362  0.5304  0.1392
Z -0.3834 -0.3840 -0.8400

PART 32
OFFSET  13.7312 -3.9703 -6.1969
X -0.8487 -0.1975  0.4906
Y -0.3336  0.9197 -0.2070
Z -0.4103 -0.3393 -0.8465

PART 33
OFFSET  12.7672 -4.1970 -5.6471
X  0.8901 -0.4143 -0.1899
Y  0.2596  0.8033 -0.5360
Z  0.3746  0.4278  0.8226

PART 34
OFFSET  12.2941 -2.7193 -7.0208
X -0.5017 -0.2274 -0.8346
Y  0.0741  0.9500 -0.3033
Z  0.8619 -0.2140 -0.4598

PART 35
OFFSET  13.9348 -2.2528 -4.0742
X  1.0000  0.0021 -0.0022
Y -0.0021  1.0000  0.0022
Z  0.0022 -0.0022  1.0000

PART 36
OFFSET  13.9348 -2.2528 -4.0742
X  1.0000  0.0021 -0.0022
Y -0.0021  1.0000  0.0022
Z  0.0022 -0.0022  1.0000

PART 37
OFFSET  17.2079 -2.0959 -3.7363
X  1.0000  0.0021 -0.0022
Y -0.0021  1.0000  0.0022
Z  0.0022 -0.0022  1.0000

PART 38
OFFSET  15.3850 -2.2533 -2.4343
X  1.0000  0.0021 -0.0022
Y -0.0021  1.0000  0.0022
Z  0.0022 -0.0022  1.0000

PART 39
OFFSET -111.5013 -6.6448 -52.3493
X  0.9997  0.0021 -0.0226
Y -0.0021  1.0000  0.0022
Z  0.0226 -0.0021  0.9997

PART 40
OFFSET  15.3573 -2.2523 -3.0590
X  0.9997  0.0021 -0.0226
Y -0.0021  1.0000  0.0022
Z  0.0226 -0.0021  0.9997

PART 41
OFFSET  15.3644 -1.7168 -2.7531
X  0.9997  0.0021 -0.0226
Y -0.0021  1.0000  0.0022
Z  0.0226 -0.0021  0.9997

PART 42
OFFSET  15.3816 -1.7118 -2.1194
X  0.9997  0.0021 -0.0226
Y -0.0021  1.0000  0.0022
Z  0.0226 -0.0021  0.9997

PART 43
OFFSET  15.3913 -2.2547 -1.8097
X  0.9997  0.0021 -0.0226
Y -0.0021  1.0000  0.0022
Z  0.0226 -0.0021  0.9997

PART 44
OFFSET  15.3843 -2.7920 -2.1182
X  0.9997  0.0021 -0.0226
Y -0.0021  1.0000  0.0022
Z  0.0226 -0.0021  0.9997

PART 45
OFFSET  15.3674 -2.7889 -2.7402
X  0.9997  0.0021 -0.0226
Y -0.0021  1.0000  0.0022
Z  0.0226 -0.0021  0.9997

PART 46
OFFSET -109.6491 -6.6408 -52.3912
X  0.9997  0.0021 -0.0226
Y -0.0021  1.0000  0.0022
Z  0.0226 -0.0021  0.9997

PART 47
OFFSET  13.8219 -2.0720 -2.8731
X  1.0000  0.0021 -0.0022
Y -0.0021  1.0000  0.0022
Z  0.0022 -0.0022  1.0000

PART 48
OFFSET -7.8386 -1.3192 -1.5206
X -0.5509  0.3857  0.7401
Y -0.4308 -0.8909  0.1436
Z  0.7148 -0.2397  0.6570

PART 49
OFFSET -1.1759 -5.9843 -10.4709
X -0.8774 -0.2150 -0.4289
Y  0.4797 -0.4050 -0.7784
Z -0.0063 -0.8887  0.4585

PART 50
OFFSET  6.2868 -4.1556 -6.8232
X -0.8774 -0.2150 -0.4289
Y  0.4777 -0.3086 -0.8226
Z  0.0445 -0.9266  0.3734

PART 51
OFFSET  7.2012 -2.5296 -6.1556
X -0.8802 -0.2101 -0.4255
Y  0.0019  0.8950 -0.4460
Z  0.4745 -0.3934 -0.7874

PART 52
OFFSET  7.0741 -2.5974 -4.9660
X -0.8802 -0.2101 -0.4255
Y  0.0019  0.8950 -0.4460
Z  0.4745 -0.3934 -0.7874

PART 53
OFFSET  7.2565 -3.8405 -4.4839
X -0.8802 -0.2101 -0.4255
Y  0.0019  0.8950 -0.4460
Z  0.4745 -0.3934 -0.7874

PART 54
OFFSET  8.9767 -3.4965 -5.5084
X -0.9522  0.0976 -0.2896
Y  0.2575 -0.2542 -0.9322
Z -0.1646 -0.9622  0.2169

PART 55
OFFSET  9.2241 -2.9000 -4.5675
X -0.5282 -0.6290 -0.5704
Y  0.7088  0.0433 -0.7041
Z  0.4676 -0.7762  0.4230

PART 56
OFFSET  10.2672 -1.5038 -3.2899
X -0.9700 -0.1285  0.2063
Y -0.1055 -0.5421 -0.8337
Z  0.2190 -0.8305  0.5122

PART 57
OFFSET  11.8023 -1.2357 -3.7302
X -0.8539 -0.0790  0.5143
Y -0.3979 -0.5379 -0.7432
Z  0.3354 -0.8393  0.4279

PART 58
OFFSET  12.7172 -1.1027 -4.2933
X -0.9278  0.3699 -0.0484
Y  0.3574  0.8441 -0.3997
Z -0.1070 -0.3881 -0.9154

PART 59
OFFSET  10.0914 -3.6568 -6.3054
X -0.9781 -0.0272  0.2064
Y  0.0746 -0.9714  0.2254
Z  0.1943  0.2359  0.9522

PART 60
OFFSET  12.3082 -3.4422 -6.6580
X -0.3526 -0.9332  0.0695
Y  0.8944 -0.3579 -0.2684
Z  0.2753 -0.0325  0.9608

PART 61
OFFSET  12.8073 -2.1210 -6.7564
X  0.5483 -0.8139 -0.1925
Y  0.8025  0.5767 -0.1528
Z  0.2354 -0.0707  0.9693

PART 62
OFFSET  12.3212 -1.3994 -6.5858
X  0.9589 -0.0090 -0.2837
Y  0.0156  0.9997  0.0211
Z  0.2834 -0.0247  0.9587

PART 63
OFFSET  11.4103 -1.3909 -6.3162
X -0.7842 -0.6171  0.0651
Y -0.5694  0.7573  0.3197
Z -0.2466  0.2136 -0.9453

PART 64
OFFSET  10.1067 -3.6437 -5.5918
X -0.9999  0.0060  0.0112
Y -0.0029 -0.9660  0.2586
Z  0.0124  0.2585  0.9659

PART 65
OFFSET  12.6999 -3.7191 -5.7586
X -0.3768 -0.9079  0.1834
Y  0.8727 -0.4144 -0.2581
Z  0.3103  0.0628  0.9486

PART 66
OFFSET  13.3415 -2.1733 -6.0708
X  0.7136 -0.6745 -0.1891
Y  0.6363  0.7371 -0.2276
Z  0.2929  0.0421  0.9552

PART 67
OFFSET  12.3525 -1.2385 -5.8088
X  0.9419  0.1666 -0.2918
Y -0.1727  0.9850  0.0047
Z  0.2881  0.0460  0.9565

PART 68
OFFSET  11.3309 -1.4192 -5.4923
X -0.6588 -0.6968  0.2834
Y -0.6936  0.7086  0.1299
Z -0.2914 -0.1110 -0.9501

PART 69
OFFSET  4.7079 -3.3909 -5.8092
X -0.9915 -0.1265 -0.0319
Y -0.1092  0.9384 -0.3279
Z  0.0714 -0.3217 -0.9442

PART 70
OFFSET  12.4314 -4.0428 -3.5962
X -0.8711 -0.3744  0.3178
Y  0.4165 -0.9061  0.0742
Z  0.2602  0.1970  0.9452

PART 71
OFFSET  13.9651 -3.3837 -4.1558
X -0.8092 -0.4824  0.3352
Y  0.5356 -0.8403  0.0837
Z  0.2413  0.2473  0.9384

PART 72
OFFSET  14.9635 -2.7822 -4.5063
X -0.4769 -0.8372  0.2676
Y  0.8570 -0.5105 -0.0699
Z  0.1951  0.1960  0.9610

PART 73
OFFSET  15.5022 -1.8365 -4.8085
X -0.5635  0.7885  0.2463
Y  0.6808  0.6121 -0.4022
Z -0.4680 -0.0590 -0.8818

PART 74
OFFSET  12.6387 -4.1356 -4.6773
X -0.4951 -0.8427  0.2115
Y  0.8576 -0.5130 -0.0366
Z  0.1394  0.1633  0.9767

PART 75
OFFSET  13.6058 -2.4893 -5.0906
X  0.6095 -0.7915  0.0440
Y  0.7735  0.5817 -0.2516
Z  0.1736  0.1874  0.9668

PART 76
OFFSET  12.7156 -1.3331 -5.1549
X  0.9714  0.0823 -0.2226
Y -0.1314  0.9676 -0.2156
Z  0.1976  0.2386  0.9508

PART 77
OFFSET  11.6138 -1.4274 -4.9097
X -0.6736 -0.6964  0.2475
Y -0.7091  0.7034  0.0492
Z -0.2084 -0.1424 -0.9676

PART 78
OFFSET  0.0000 -0.0000 -0.0000
X  1.0000 -0.0000  0.0000
Y  0.0000  1.0000  0.0000
Z  0.0000 -0.0000  1.0000

PART 79
OFFSET  0.0000 -0.0000 -0.0000
X  1.0000 -0.0000  0.0000
Y  0.0000  1.0000  0.0000
Z  0.0000 -0.0000  1.0000

PART 80
OFFSET  1.5404 -0.0000  4.1357
X  1.0000 -0.0000  0.0000
Y  0.0000  1.0000  0.0000
Z  0.0000 -0.0000  1.0000


FRAME 1
PART 0
OFFSET -4.6318 -0.0000 -1.3770
X  1.0000 -0.0000  0.0000
Y  0.0000  1.0000  0.0000
Z  0.0000 -0.0000  1.0000

PART 1
OFFSET -4.6318 -0.0000 -1.3770
X  1.0000 -0.0000  0.0000
Y  0.0000  1.0000  0.0000
Z  0.0000 -0.0000  1.0000

PART 2
OFFSET -6.7281  3.8438 -4.9859
X  0.6959 -0.0331 -0.7174
Y  0.0926 -0.9865  0.1353
Z -0.7122 -0.1606 -0.6834

PART 3
OFFSET  1.6876  3.4431 -13.6621
X  0.7035 -0.3661  0.6092
Y -0.6518  0.0095  0.7583
Z -0.2834 -0.9305 -0.2319

PART 4
OFFSET  7.6708  0.3295 -8.4804
X  0.7035 -0.3661  0.6092
Y -0.5597  0.2429  0.7923
Z -0.4380 -0.8983 -0.0341

PART 5
OFFSET  9.5960  0.6427 -8.2224
X  0.7081 -0.3636  0.6053
Y  0.2907  0.9313  0.2193
Z -0.6435  0.0207  0.7652

PART 6
OFFSET  8.9957 -0.7332 -8.9841
X  0.7081 -0.3636  0.6053
Y  0.2907  0.9313  0.2193
Z -0.6435  0.0207  0.7652

PART 7
OFFSET  8.2788  0.3719 -6.0025
X  0.7081 -0.3636  0.6053
Y  0.2907  0.9313  0.2193
Z -0.6435  0.0207  0.7652

PART 8
OFFSET  7.6926 -0.8224 -6.2067
X  0.7081 -0.3636  0.6053
Y  0.2907  0.9313  0.2193
Z -0.6435  0.0207  0.7652

PART 9
OFFSET  7.8760 -1.2551 -7.3089
X  0.7081 -0.3636  0.6053
Y  0.2907  0.9313  0.2193
Z -0.6435  0.0207  0.7652

PART 10
OFFSET  9.8274 -0.7927 -6.6128
X  0.9838 -0.1193 -0.1335
Y  0.1630  0.2886  0.9435
Z -0.0741 -0.9500  0.3033

PART 11
OFFSET  10.3969 -0.9579 -5.6378
X  0.9448  0.1218  0.3041
Y -0.2933  0.7283  0.6193
Z -0.1461 -0.6744  0.7238

PART 12
OFFSET  12.3983 -0.6599 -4.8793
X  0.9358 -0.1508 -0.3185
Y  0.3509  0.4817  0.8030
Z  0.0323 -0.8633  0.5037

PART 13
OFFSET  13.8917 -1.0288 -5.3850
X  0.7754 -0.4785 -0.4120
Y  0.6150  0.4242  0.6647
Z -0.1433 -0.7688  0.6232

PART 14
OFFSET  14.7342 -1.5742 -5.7908
X  0.7912  0.2280 -0.5675
Y -0.5229  0.7334 -0.4344
Z  0.3171  0.6404  0.6995

PART 15
OFFSET  10.4705 -1.3946 -7.6746
X  0.8235 -0.3942 -0.4080
Y -0.2196 -0.8846  0.4114
Z -0.5231 -0.2492 -0.8150

PART 16
OFFSET  12.3700 -2.3525 -8.4222
X  0.4898 -0.8428  0.2231
Y -0.6547 -0.1866  0.7325
Z -0.5757 -0.5049 -0.6431

PART 17
OFFSET  13.0634 -3.5457 -8.1063
X -0.2502 -0.6317  0.7337
Y -0.8075  0.5543  0.2018
Z -0.5342 -0.5420 -0.6488

PART 18
OFFSET  12.8416 -4.1058 -7.4558
X -0.7677  0.0843  0.6352
Y -0.2624  0.8630 -0.4316
Z -0.5846 -0.4981 -0.6405

PART 19
OFFSET  12.1122 -4.0257 -6.8523
X  0.8365 -0.5342 -0.1223
Y  0.2221  0.5344 -0.8156
Z  0.5010  0.6550  0.5656

PART 20
OFFSET  10.8055 -1.0964 -7.1193
X  0.8858 -0.2079 -0.4149
Y -0.1013 -0.9591  0.2643
Z -0.4529 -0.1921 -0.8706

PART 21
OFFSET  13.0776 -1.8966 -8.0970
X  0.4931 -0.8371  0.2369
Y -0.7274 -0.2473  0.6401
Z -0.4772 -0.4879 -0.7309

PART 22
OFFSET  13.9171 -3.3218 -7.6938
X -0.4123 -0.6059  0.6804
Y -0.7883  0.6117  0.0670
Z -0.4568 -0.5087 -0.7298

PART 23
OFFSET  13.3456 -4.1615 -6.7508
X -0.8503  0.0009  0.5264
Y -0.2648  0.8635 -0.4292
Z -0.4549 -0.5043 -0.7340

PART 24
OFFSET  12.4235 -4.1606 -6.1799
X  0.8255 -0.5188 -0.2222
Y  0.2901  0.7278 -0.6214
Z  0.4841  0.4485  0.7514

PART 25
OFFSET  13.0794 -1.2115 -5.3635
X  0.8736 -0.4322 -0.2237
Y  0.3630  0.8849 -0.2919
Z  0.3241  0.1738  0.9299

PART 26
OFFSET  13.8115 -0.6869 -6.5340
X  0.3874 -0.9115  0.1380
Y -0.8191 -0.2716  0.5053
Z -0.4231 -0.3088 -0.8518

PART 27
OFFSET  14.4936 -2.2917 -6.2910
X -0.4147 -0.8207  0.3930
Y -0.8358  0.5143  0.1921
Z -0.3598 -0.2488 -0.8992

PART 28
OFFSET  14.0113 -3.2743 -5.7585
X -0.7146 -0.4476  0.5375
Y -0.5566  0.8293 -0.0495
Z -0.4236 -0.3346 -0.8418

PART 29
OFFSET  13.2041 -3.7799 -5.1514
X  0.6160 -0.6970 -0.3671
Y  0.5654  0.7156 -0.4101
Z  0.5485  0.0451  0.8349

PART 30
OFFSET  13.5165 -1.1576 -7.4889
X  0.4031 -0.8747  0.2692
Y -0.8467 -0.2448  0.4724
Z -0.3473 -0.4184 -0.8393

PART 31
OFFSET  14.3038 -2.8663 -6.9629
X -0.3921 -0.7558  0.5245
Y -0.8362  0.5304  0.1392
Z -0.3834 -0.3840 -0.8400

PART 32
OFFSET  13.7312 -3.9703 -6.1969
X -0.8487 -0.1975  0.4906
Y -0.3336  0.9197 -0.2070
Z -0.4103 -0.3393 -0.8465

PART 33
OFFSET  12.7672 -4.1970 -5.6471
X  0.8901 -0.4143 -0.1899
Y  0.2596  0.8033 -0.5360
Z  0.3746  0.4278  0.8226

PART 34
OFFSET  12.2941 -2.7193 -7.0208
X -0.5017 -0.2274 -0.8346
Y  0.0741  0.9500 -0.3033
Z  0.8619 -0.2140 -0.4598

PART 35
OFFSET  13.9348 -2.2528 -4.0742
X  1.0000  0.0021 -0.0022
Y -0.0021  1.0000  0.0022
Z  0.0022 -0.0022  1.0000

PART 36
OFFSET  13.9348 -2.2528 -4.0742
X  1.0000  0.0021 -0.0022
Y -0.0021  1.0000  0.0022
Z  0.0022 -0.0022  1.0000

PART 37
OFFSET  17.2079 -2.0959 -3.7363
X  1.0000  0.0021 -0.0022
Y -0.0021  1.0000  0.0022
Z  0.0022 -0.0022  1.0000

PART 38
OFFSET  15.3850 -2.2533 -2.4343
X  1.0000  0.0021 -0.0022
Y -0.0021  1.0000  0.0022
Z  0.0022 -0.0022  1.0000

PART 39
OFFSET -111.5013 -6.6448 -52.3493
X  0.9997  0.0021 -0.0226
Y -0.0021  1.0000  0.0022
Z  0.0226 -0.0021  0.9997

PART 40
OFFSET  15.3573 -2.2523 -3.0590
X  0.9997  0.0021 -0.0226
Y -0.0021  1.0000  0.0022
Z  0.0226 -0.0021  0.9997

PART 41
OFFSET  15.3644 -1.7168 -2.7531
X  0.9997  0.0021 -0.0226
Y -0.0021  1.0000  0.0022
Z  0.0226 -0.0021  0.9997

PART 42
OFFSET  15.3816 -1.7118 -2.1194
X  0.9997  0.0021 -0.0226
Y -0.0021  1.0000  0.0022
Z  0.0226 -0.0021  0.9997

PART 43
OFFSET  15.3913 -2.2547 -1.8097
X  0.9997  0.0021 -0.0226
Y -0.0021  1.0000  0.0022
Z  0.0226 -0.0021  0.9997

PART 44
OFFSET  15.3843 -2.7920 -2.1182
X  0.9997  0.0021 -0.0226
Y -0.0021  1.0000  0.0022
Z  0.0226 -0.0021  0.9997

PART 45
OFFSET  15.3674 -2.7889 -2.7402
X  0.9997  0.0021 -0.0226
Y -0.0021  1.0000  0.0022
Z  0.0226 -0.0021  0.9997

PART 46
OFFSET -109.6491 -6.6408 -52.3912
X  0.9997  0.0021 -0.0226
Y -0.0021  1.0000  0.0022
Z  0.0226 -0.0021  0.9997

PART 47
OFFSET  13.8219 -2.0720 -2.8731
X  1.0000  0.0021 -0.0022
Y -0.0021  1.0000  0.0022
Z  0.0022 -0.0022  1.0000

PART 48
OFFSET -7.8386 -1.3192 -1.5206
X -0.5509  0.3857  0.7401
Y -0.4308 -0.8909  0.1436
Z  0.7148 -0.2397  0.6570

PART 49
OFFSET -1.1759 -5.9843 -10.4709
X -0.8774 -0.2150 -0.4289
Y  0.4797 -0.4050 -0.7784
Z -0.0063 -0.8887  0.4585

PART 50
OFFSET  6.2868 -4.1556 -6.8232
X -0.8774 -0.2150 -0.4289
Y  0.4777 -0.3086 -0.8226
Z  0.0445 -0.9266  0.3734

PART 51
OFFSET  7.2012 -2.5296 -6.1556
X -0.8802 -0.2101 -0.4255
Y  0.0019  0.8950 -0.4460
Z  0.4745 -0.3934 -0.7874

PART 52
OFFSET  7.0741 -2.5974 -4.9660
X -0.8802 -0.2101 -0.4255
Y  0.0019  0.8950 -0.4460
Z  0.4745 -0.3934 -0.7874

PART 53
OFFSET  7.2565 -3.8405 -4.4839
X -0.8802 -0.2101 -0.4255
Y  0.0019  0.8950 -0.4460
Z  0.4745 -0.3934 -0.7874

PART 54
OFFSET  8.9767 -3.4965 -5.5084
X -0.9522  0.0976 -0.2896
Y  0.2575 -0.2542 -0.9322
Z -0.1646 -0.9622  0.2169

PART 55
OFFSET  9.2241 -2.9000 -4.5675
X -0.5282 -0.6290 -0.5704
Y  0.7088  0.0433 -0.7041
Z  0.4676 -0.7762  0.4230

PART 56
OFFSET  10.2672 -1.5038 -3.2899
X -0.9700 -0.1285  0.2063
Y -0.1055 -0.5421 -0.8337
Z  0.2190 -0.8305  0.5122

PART 57
OFFSET  11.8023 -1.2357 -3.7302
X -0.8539 -0.0790  0.5143
Y -0.3979 -0.5379 -0.7432
Z  0.3354 -0.8393  0.4279

PART 58
OFFSET  12.7172 -1.1027 -4.2933
X -0.9278  0.3699 -0.0484
Y  0.3574  0.8441 -0.3997
Z -0.1070 -0.3881 -0.9154

PART 59
OFFSET  10.0914 -3.6568 -6.3054
X -0.9781 -0.0272  0.2064
Y  0.0746 -0.9714  0.2254
Z  0.1943  0.2359  0.9522

PART 60
OFFSET  12.3082 -3.4422 -6.6580
X -0.3526 -0.9332  0.0695
Y  0.8944 -0.3579 -0.2684
Z  0.2753 -0.0325  0.9608

PART 61
OFFSET  12.8073 -2.1210 -6.7564
X  0.5483 -0.8139 -0.1925
Y  0.8025  0.5767 -0.1528
Z  0.2354 -0.0707  0.9693

PART 62
OFFSET  12.3212 -1.3994 -6.5858
X  0.9589 -0.0090 -0.2837
Y  0.0156  0.9997  0.0211
Z  0.2834 -0.0247  0.9587

PART 63
OFFSET  11.4103 -1.3909 -6.3162
X -0.7842 -0.6171  0.0651
Y -0.5694  0.7573  0.3197
Z -0.2466  0.2136 -0.9453

PART 64
OFFSET  10.1067 -3.6437 -5.5918
X -0.9999  0.0060  0.0112
Y -0.0029 -0.9660  0.2586
Z  0.0124  0.2585  0.9659

PART 65
OFFSET  12.6999 -3.7191 -5.7586
X -0.3768 -0.9079  0.1834
Y  0.8727 -0.4144 -0.2581
Z  0.3103  0.0628  0.9486

PART 66
OFFSET  13.3415 -2.1733 -6.0708
X  0.7136 -0.6745 -0.1891
Y  0.6363  0.7371 -0.2276
Z  0.2929  0.0421  0.9552

PART 67
OFFSET  12.3525 -1.2385 -5.8088
X  0.9419  0.1666 -0.2918
Y -0.1727  0.9850  0.0047
Z  0.2881  0.0460  0.9565

PART 68
OFFSET  11.3309 -1.4192 -5.4923
X -0.6588 -0.6968  0.2834
Y -0.6936  0.7086  0.1299
Z -0.2914 -0.1110 -0.9501

PART 69
OFFSET  4.7079 -3.3909 -5.8092
X -0.9915 -0.1265 -0.0319
Y -0.1092  0.9384 -0.3279
Z  0.0714 -0.3217 -0.9442

PART 70
OFFSET  12.4314 -4.0428 -3.5962
X -0.8711 -0.3744  0.3178
Y  0.4165 -0.9061  0.0742
Z  0.2602  0.1970  0.9452

PART 71
OFFSET  13.9651 -3.3837 -4.1558
X -0.8092 -0.4824  0.3352
Y  0.5356 -0.8403  0.0837
Z  0.2413  0.2473  0.9384

PART 72
OFFSET  14.9635 -2.7822 -4.5063
X -0.4769 -0.8372  0.2676
Y  0.8570 -0.5105 -0.0699
Z  0.1951  0.1960  0.9610

PART 73
OFFSET  15.5022 -1.8365 -4.8085
X -0.5635  0.7885  0.2463
Y  0.6808  0.6121 -0.4022
Z -0.4680 -0.0590 -0.8818

PART 74
OFFSET  12.6387 -4.1356 -4.6773
X -0.4951 -0.8427  0.2115
Y  0.8576 -0.5130 -0.0366
Z  0.1394  0.1633  0.9767

PART 75
OFFSET  13.6058 -2.4893 -5.0906
X  0.6095 -0.7915  0.0440
Y  0.7735  0.5817 -0.2516
Z  0.1736  0.1874  0.9668

PART 76
OFFSET  12.7156 -1.3331 -5.1549
X  0.9714  0.0823 -0.2226
Y -0.1314  0.9676 -0.2156
Z  0.1976  0.2386  0.9508

PART 77
OFFSET  11.6138 -1.4274 -4.9097
X -0.6736 -0.6964  0.2475
Y -0.7091  0.7034  0.0492
Z -0.2084 -0.1424 -0.9676

PART 78
OFFSET  0.0000 -0.0000 -0.0000
X  1.0000 -0.0000  0.0000
Y  0.0000  1.0000  0.0000
Z  0.0000 -0.0000  1.0000

PART 79
OFFSET  0.0000 -0.0000 -0.0000
X  1.0000 -0.0000  0.0000
Y  0.0000  1.0000  0.0000
Z  0.0000 -0.0000  1.0000

PART 80
OFFSET  1.5404 -0.0000  4.1357
X  1.0000 -0.0000  0.0000
Y  0.0000  1.0000  0.0000
Z  0.0000 -0.0000  1.0000


FRAME 2
PART 0
OFFSET -4.6318 -0.0000 -1.3770
X  1.0000 -0.0000  0.0000
Y  0.0000  1.0000  0.0000
Z  0.0000 -0.0000  1.0000

PART 1
OFFSET -4.6318 -0.0000 -1.3770
X  1.0000 -0.0000  0.0000
Y  0.0000  1.0000  0.0000
Z  0.0000 -0.0000  1.0000

PART 2
OFFSET -6.7281  3.8438 -4.9859
X  0.6959 -0.0331 -0.7174
Y  0.0926 -0.9865  0.1353
Z -0.7122 -0.1606 -0.6834

PART 3
OFFSET  1.6876  3.4431 -13.6621
X  0.7035 -0.3661  0.6092
Y -0.6518  0.0095  0.7583
Z -0.2834 -0.9305 -0.2319

PART 4
OFFSET  7.6708  0.3295 -8.4804
X  0.7035 -0.3661  0.6092
Y -0.5597  0.2429  0.7923
Z -0.4380 -0.8983 -0.0341

PART 5
OFFSET  9.5960  0.6427 -8.2224
X  0.7081 -0.3636  0.6053
Y  0.2907  0.9313  0.2193
Z -0.6435  0.0207  0.7652

PART 6
OFFSET  8.9957 -0.7332 -8.9841
X  0.7081 -0.3636  0.6053
Y  0.2907  0.9313  0.2193
Z -0.6435  0.0207  0.7652

PART 7
OFFSET  8.2788  0.3719 -6.0025
X  0.7081 -0.3636  0.6053
Y  0.2907  0.9313  0.2193
Z -0.6435  0.0207  0.7652

PART 8
OFFSET  7.6926 -0.8224 -6.2067
X  0.7081 -0.3636  0.6053
Y  0.2907  0.9313  0.2193
Z -0.6435  0.0207  0.7652

PART 9
OFFSET  7.8760 -1.2551 -7.3089
X  0.7081 -0.3636  0.6053
Y  0.2907  0.9313  0.2193
Z -0.6435  0.0207  0.7652

PART 10
OFFSET  9.8274 -0.7927 -6.6128
X  0.9838 -0.1193 -0.1335
Y  0.1630  0.2886  0.9435
Z -0.0741 -0.9500  0.3033

PART 11
OFFSET  10.3969 -0.9579 -5.6378
X  0.9448  0.1218  0.3041
Y -0.2933  0.7283  0.6193
Z -0.1461 -0.6744  0.7238

PART 12
OFFSET  12.3983 -0.6599 -4.8793
X  0.9358 -0.1508 -0.3185
Y  0.3509  0.4817  0.8030
Z  0.0323 -0.8633  0.5037

PART 13
OFFSET  13.8917 -1.0288 -5.3850
X  0.7754 -0.4785 -0.4120
Y  0.6150  0.4242  0.6647
Z -0.1433 -0.7688  0.6232

PART 14
OFFSET  14.7342 -1.5742 -5.7908
X  0.7912  0.2280 -0.5675
Y -0.5229  0.7334 -0.4344
Z  0.3171  0.6404  0.6995

PART 15
OFFSET  10.4705 -1.3946 -7.6746
X  0.8235 -0.3942 -0.4080
Y -0.2196 -0.8846  0.4114
Z -0.5231 -0.2492 -0.8150

PART 16
OFFSET  12.3700 -2.3525 -8.4222
X  0.4898 -0.8428  0.2231
Y -0.6547 -0.1866  0.7325
Z -0.5757 -0.5049 -0.6431

PART 17
OFFSET  13.0634 -3.5457 -8.1063
X -0.2502 -0.6317  0.7337
Y -0.8075  0.5543  0.2018
Z -0.5342 -0.5420 -0.6488

PART 18
OFFSET  12.8416 -4.1058 -7.4558
X -0.7677  0.0843  0.6352
Y -0.2624  0.8630 -0.4316
Z -0.5846 -0.4981 -0.6405

PART 19
OFFSET  12.1122 -4.0257 -6.8523
X  0.8365 -0.5342 -0.1223
Y  0.2221  0.5344 -0.8156
Z  0.5010  0.6550  0.5656

PART 20
OFFSET  10.8055 -1.0964 -7.1193
X  0.8858 -0.2079 -0.4149
Y -0.1013 -0.9591  0.2643
Z -0.4529 -0.1921 -0.8706

PART 21
OFFSET  13.0776 -1.8966 -8.0970
X  0.4931 -0.8371  0.2369
Y -0.7274 -0.2473  0.6401
Z -0.4772 -0.4879 -0.7309

PART 22
OFFSET  13.9171 -3.3218 -7.6938
X -0.4123 -0.6059  0.6804
Y -0.7883  0.6117  0.0670
Z -0.4568 -0.5087 -0.7298

PART 23
OFFSET  13.3456 -4.1615 -6.7508
X -0.8503  0.0009  0.5264
Y -0.2648  0.8635 -0.4292
Z -0.4549 -0.5043 -0.7340

PART 24
OFFSET  12.4235 -4.1606 -6.1799
X  0.8255 -0.5188 -0.2222
Y  0.2901  0.7278 -0.6214
Z  0.4841  0.4485  0.7514

PART 25
OFFSET  13.0794 -1.2115 -5.3635
X  0.8736 -0.4322 -0.2237
Y  0.3630  0.8849 -0.2919
Z  0.3241  0.1738  0.9299

PART 26
OFFSET  13.8115 -0.6869 -6.5340
X  0.3874 -0.9115  0.1380
Y -0.8191 -0.2716  0.5053
Z -0.4231 -0.3088 -0.8518

PART 27
OFFSET  14.4936 -2.2917 -6.2910
X -0.4147 -0.8207  0.3930
Y -0.8358  0.5143  0.1921
Z -0.3598 -0.2488 -0.8992

PART 28
OFFSET  14.0113 -3.2743 -5.7585
X -0.7146 -0.4476  0.5375
Y -0.5566  0.8293 -0.0495
Z -0.4236 -0.3346 -0.8418

PART 29
OFFSET  13.2041 -3.7799 -5.1514
X  0.6160 -0.6970 -0.3671
Y  0.5654  0.7156 -0.4101
Z  0.5485  0.0451  0.8349

PART 30
OFFSET  13.5165 -1.1576 -7.4889
X  0.4031 -0.8747  0.2692
Y -0.8467 -0.2448  0.4724
Z -0.3473 -0.4184 -0.8393

PART 31
OFFSET  14.3038 -2.8663 -6.9629
X -0.3921 -0.7558  0.5245
Y -0.8362  0.5304  0.1392
Z -0.3834 -0.3840 -0.8400

PART 32
OFFSET  13.7312 -3.9703 -6.1969
X -0.8487 -0.1975  0.4906
Y -0.3336  0.9197 -0.2070
Z -0.4103 -0.3393 -0.8465

PART 33
OFFSET  12.7672 -4.1970 -5.6471
X  0.8901 -0.4143 -0.1899
Y  0.2596  0.8033 -0.5360
Z  0.3746  0.4278  0.8226

PART 34
OFFSET  12.2941 -2.7193 -7.0208
X -0.5017 -0.2274 -0.8346
Y  0.0741  0.9500 -0.3033
Z  0.8619 -0.2140 -0.4598

PART 35
OFFSET  13.9348 -2.2528 -4.0742
X  1.0000  0.0021 -0.0022
Y -0.0021  1.0000  0.0022
Z  0.0022 -0.0022  1.0000

PART 36
OFFSET  13.9348 -2.2528 -4.0742
X  1.0000  0.0021 -0.0022
Y -0.0021  1.0000  0.0022
Z  0.0022 -0.0022  1.0000

PART 37
OFFSET  17.2079 -2.0959 -3.7363
X  1.0000  0.0021 -0.0022
Y -0.0021  1.0000  0.0022
Z  0.0022 -0.0022  1.0000

PART 38
OFFSET  15.3850 -2.2533 -2.4343
X  1.0000  0.0021 -0.0022
Y -0.0021  1.0000  0.0022
Z  0.0022 -0.0022  1.0000

PART 39
OFFSET -111.5013 -6.6448 -52.3493
X  0.9997  0.0021 -0.0226
Y -0.0021  1.0000  0.0022
Z  0.0226 -0.0021  0.9997

PART 40
OFFSET  15.3573 -2.2523 -3.0590
X  0.9997  0.0021 -0.0226
Y -0.0021  1.0000  0.0022
Z  0.0226 -0.0021  0.9997

PART 41
OFFSET  15.3644 -1.7168 -2.7531
X  0.9997  0.0021 -0.0226
Y -0.0021  1.0000  0.0022
Z  0.0226 -0.0021  0.9997

PART 42
OFFSET  15.3816 -1.7118 -2.1194
X  0.9997  0.0021 -0.0226
Y -0.0021  1.0000  0.0022
Z  0.0226 -0.0021  0.9997

PART 43
OFFSET  15.3913 -2.2547 -1.8097
X  0.9997  0.0021 -0.0226
Y -0.0021  1.0000  0.0022
Z  0.0226 -0.0021  0.9997

PART 44
OFFSET  15.3843 -2.7920 -2.1182
X  0.9997  0.0021 -0.0226
Y -0.0021  1.0000  0.0022
Z  0.0226 -0.0021  0.9997

PART 45
OFFSET  15.3674 -2.7889 -2.7402
X  0.9997  0.0021 -0.0226
Y -0.0021  1.0000  0.0022
Z  0.0226 -0.0021  0.9997

PART 46
OFFSET -109.6491 -6.6408 -52.3912
X  0.9997  0.0021 -0.0226
Y -0.0021  1.0000  0.0022
Z  0.0226 -0.0021  0.9997

PART 47
OFFSET  13.8219 -2.0720 -2.8731
X  1.0000  0.0021 -0.0022
Y -0.0021  1.0000  0.0022
Z  0.0022 -0.0022  1.0000

PART 48
OFFSET -7.8386 -1.3192 -1.5206
X -0.5509  0.3857  0.7401
Y -0.4308 -0.8909  0.1436
Z  0.7148 -0.2397  0.6570

PART 49
OFFSET -1.1759 -5.9843 -10.4709
X -0.8774 -0.2150 -0.4289
Y  0.4797 -0.4050 -0.7784
Z -0.0063 -0.8887  0.4585

PART 50
OFFSET  6.2868 -4.1556 -6.8232
X -0.8774 -0.2150 -0.4289
Y  0.4777 -0.3086 -0.8226
Z  0.0445 -0.9266  0.3734

PART 51
OFFSET  7.2012 -2.5296 -6.1556
X -0.8802 -0.2101 -0.4255
Y  0.0019  0.8950 -0.4460
Z  0.4745 -0.3934 -0.7874

PART 52
OFFSET  7.0741 -2.5974 -4.9660
X -0.8802 -0.2101 -0.4255
Y  0.0019  0.8950 -0.4460
Z  0.4745 -0.3934 -0.7874

PART 53
OFFSET  7.2565 -3.8405 -4.4839
X -0.8802 -0.2101 -0.4255
Y  0.0019  0.8950 -0.4460
Z  0.4745 -0.3934 -0.7874

PART 54
OFFSET  8.9767 -3.4965 -5.5084
X -0.9522  0.0976 -0.2896
Y  0.2575 -0.2542 -0.9322
Z -0.1646 -0.9622  0.2169

PART 55
OFFSET  9.2241 -2.9000 -4.5675
X -0.5282 -0.6290 -0.5704
Y  0.7088  0.0433 -0.7041
Z  0.4676 -0.7762  0.4230

PART 56
OFFSET  10.2672 -1.5038 -3.2899
X -0.9700 -0.1285  0.2063
Y -0.1055 -0.5421 -0.8337
Z  0.2190 -0.8305  0.5122

PART 57
OFFSET  11.8023 -1.2357 -3.7302
X -0.8539 -0.0790  0.5143
Y -0.3979 -0.5379 -0.7432
Z  0.3354 -0.8393  0.4279

PART 58
OFFSET  12.7172 -1.1027 -4.2933
X -0.9278  0.3699 -0.0484
Y  0.3574  0.8441 -0.3997
Z -0.1070 -0.3881 -0.9154

PART 59
OFFSET  10.0914 -3.6568 -6.3054
X -0.9781 -0.0272  0.2064
Y  0.0746 -0.9714  0.2254
Z  0.1943  0.2359  0.9522

PART 60
OFFSET  12.3082 -3.4422 -6.6580
X -0.3526 -0.9332  0.0695
Y  0.8944 -0.3579 -0.2684
Z  0.2753 -0.0325  0.9608

PART 61
OFFSET  12.8073 -2.1210 -6.7564
X  0.5483 -0.8139 -0.1925
Y  0.8025  0.5767 -0.1528
Z  0.2354 -0.0707  0.9693

PART 62
OFFSET  12.3212 -1.3994 -6.5858
X  0.9589 -0.0090 -0.2837
Y  0.0156  0.9997  0.0211
Z  0.2834 -0.0247  0.9587

PART 63
OFFSET  11.4103 -1.3909 -6.3162
X -0.7842 -0.6171  0.0651
Y -0.5694  0.7573  0.3197
Z -0.2466  0.2136 -0.9453

PART 64
OFFSET  10.1067 -3.6437 -5.5918
X -0.9999  0.0060  0.0112
Y -0.0029 -0.9660  0.2586
Z  0.0124  0.2585  0.9659

PART 65
OFFSET  12.6999 -3.7191 -5.7586
X -0.3768 -0.9079  0.1834
Y  0.8727 -0.4144 -0.2581
Z  0.3103  0.0628  0.9486

PART 66
OFFSET  13.3415 -2.1733 -6.0708
X  0.7136 -0.6745 -0.1891
Y  0.6363  0.7371 -0.2276
Z  0.2929  0.0421  0.9552

PART 67
OFFSET  12.3525 -1.2385 -5.8088
X  0.9419  0.1666 -0.2918
Y -0.1727  0.9850  0.0047
Z  0.2881  0.0460  0.9565

PART 68
OFFSET  11.3309 -1.4192 -5.4923
X -0.6588 -0.6968  0.2834
Y -0.6936  0.7086  0.1299
Z -0.2914 -0.1110 -0.9501

PART 69
OFFSET  4.7079 -3.3909 -5.8092
X -0.9915 -0.1265 -0.0319
Y -0.1092  0.9384 -0.3279
Z  0.0714 -0.3217 -0.9442

PART 70
OFFSET  12.4314 -4.0428 -3.5962
X -0.8711 -0.3744  0.3178
Y  0.4165 -0.9061  0.0742
Z  0.2602  0.1970  0.9452

PART 71
OFFSET  13.9651 -3.3837 -4.1558
X -0.8092 -0.4824  0.3352
Y  0.5356 -0.8403  0.0837
Z  0.2413  0.2473  0.9384

PART 72
OFFSET  14.9635 -2.7822 -4.5063
X -0.4769 -0.8372  0.2676
Y  0.8570 -0.5105 -0.0699
Z  0.1951  0.1960  0.9610

PART 73
OFFSET  15.5022 -1.8365 -4.8085
X -0.5635  0.7885  0.2463
Y  0.6808  0.6121 -0.4022
Z -0.4680 -0.0590 -0.8818

PART 74
OFFSET  12.6387 -4.1356 -4.6773
X -0.4951 -0.8427  0.2115
Y  0.8576 -0.5130 -0.0366
Z  0.1394  0.1633  0.9767

PART 75
OFFSET  13.6058 -2.4893 -5.0906
X  0.6095 -0.7915  0.0440
Y  0.7735  0.5817 -0.2516
Z  0.1736  0.1874  0.9668

PART 76
OFFSET  12.7156 -1.3331 -5.1549
X  0.9714  0.0823 -0.2226
Y -0.1314  0.9676 -0.2156
Z  0.1976  0.2386  0.9508

PART 77
OFFSET  11.6138 -1.4274 -4.9097
X -0.6736 -0.6964  0.2475
Y -0.7091  0.7034  0.0492
Z -0.2084 -0.1424 -0.9676

PART 78
OFFSET  0.0000 -0.0000 -0.0000
X  1.0000 -0.0000  0.0000
Y  0.0000  1.0000  0.0000
Z  0.0000 -0.0000  1.0000

PART 79
OFFSET  0.0000 -0.0000 -0.0000
X  1.0000 -0.0000  0.0000
Y  0.0000  1.0000  0.0000
Z  0.0000 -0.0000  1.0000

PART 80
OFFSET  1.5404 -0.0000  4.1357
X  1.0000 -0.0000  0.0000
Y  0.0000  1.0000  0.0000
Z  0.0000 -0.0000  1.0000


NUMKEYS 0
