// Export filename: `C:\projects\cod\t5\xanim_export\t5_viewmodels\python\python_dw_left_fire.XANIM_EXPORT`
// Source filename: `D:\projects\devanim\t5\animation_assets\viewmodels/python/ViewModel_python_DW_animated.fbx`
// Export time: Thu Aug 05 23:16:29 2010

ANIMATION
VERSION 3

NUMPARTS 51
PART 0 "tag_ads"
PART 1 "tag_torso"
PART 2 "J_Shoulder_LE"
PART 3 "J_Elbow_LE"
PART 4 "J_WristTwist_LE"
PART 5 "J_Sleave_Reshape_Bottom_LE_1"
PART 6 "J_Sleave_Reshape_Bottom_LE_2"
PART 7 "J_Sleave_Reshape_Top_LE_1"
PART 8 "J_Sleave_Reshape_Top_LE_2"
PART 9 "J_Sleave_Reshape_Top_LE_3"
PART 10 "J_Wrist_LE"
PART 11 "J_Thumb_LE_0"
PART 12 "J_Thumb_LE_1"
PART 13 "J_Thumb_LE_2"
PART 14 "J_Thumb_LE_3"
PART 15 "J_PinkyPalm_LE"
PART 16 "J_Pinky_LE_0"
PART 17 "J_Pinky_LE_1"
PART 18 "J_Pinky_LE_2"
PART 19 "J_Pinky_LE_3"
PART 20 "J_RingPalm_LE"
PART 21 "J_Ring_LE_0"
PART 22 "J_Ring_LE_1"
PART 23 "J_Ring_LE_2"
PART 24 "J_Ring_LE_3"
PART 25 "J_Webbing_LE"
PART 26 "J_Index_LE_0"
PART 27 "J_Index_LE_1"
PART 28 "J_Index_LE_2"
PART 29 "J_Index_LE_3"
PART 30 "J_Mid_LE_0"
PART 31 "J_Mid_LE_1"
PART 32 "J_Mid_LE_2"
PART 33 "J_Mid_LE_3"
PART 34 "tag_knife_attach"
PART 35 "tag_weapon1"
PART 36 "J_Gun1"
PART 37 "TAG_CLIP1"
PART 38 "J_Bolt1"
PART 39 "tag_speedloader1"
PART 40 "tag_spent01"
PART 41 "tag_spent11"
PART 42 "tag_spent21"
PART 43 "tag_spent31"
PART 44 "tag_spent41"
PART 45 "tag_spent51"
PART 46 "tag_bullets1"
PART 47 "J_Press_Rear1"
PART 48 "tag_cambone"
PART 49 "tag_camera"
PART 50 "tag_gasmask"

FRAMERATE 30
NUMFRAMES 13

FRAME 20
PART 0
OFFSET  0.0000 -0.0000 -0.0000
X  1.0000 -0.0000  0.0000
Y  0.0000  1.0000  0.0000
Z  0.0000 -0.0000  1.0000

PART 1
OFFSET -4.6318 -0.0000 -1.3770
X  1.0000 -0.0000  0.0000
Y  0.0000  1.0000  0.0000
Z  0.0000 -0.0000  1.0000

PART 2
OFFSET -9.2817  11.3680 -3.1869
X  0.7800 -0.1290 -0.6124
Y  0.0336 -0.9685  0.2469
Z -0.6249 -0.2132 -0.7510

PART 3
OFFSET  0.1513  9.8076 -10.5927
X  0.8010 -0.3359  0.4955
Y -0.5239  0.0070  0.8517
Z -0.2896 -0.9419 -0.1704

PART 4
OFFSET  6.9644  6.9504 -6.3783
X  0.8010 -0.3359  0.4955
Y -0.5979 -0.4066  0.6908
Z -0.0306 -0.8496 -0.5265

PART 5
OFFSET  8.8963  7.3185 -6.4328
X  0.8049 -0.3334  0.4909
Y  0.2948  0.9426  0.1567
Z -0.5150  0.0185  0.8570

PART 6
OFFSET  8.2230  5.9131 -7.0696
X  0.8049 -0.3334  0.4909
Y  0.2948  0.9426  0.1567
Z -0.5150  0.0185  0.8570

PART 7
OFFSET  7.9543  7.0558 -4.0287
X  0.8049 -0.3334  0.4909
Y  0.2948  0.9426  0.1567
Z -0.5150  0.0185  0.8570

PART 8
OFFSET  7.3778  5.8431 -4.1199
X  0.8049 -0.3334  0.4909
Y  0.2948  0.9426  0.1567
Z -0.5150  0.0185  0.8570

PART 9
OFFSET  7.3973  5.3943 -5.2308
X  0.8049 -0.3334  0.4909
Y  0.2948  0.9426  0.1567
Z -0.5150  0.0185  0.8570

PART 10
OFFSET  9.4200  5.9206 -4.8592
X  0.9508  0.2198  0.2185
Y -0.1504 -0.2892  0.9454
Z  0.2710 -0.9317 -0.2419

PART 11
OFFSET  9.8138  5.3578 -3.9479
X  0.6456 -0.5710  0.5072
Y -0.6104  0.0133  0.7920
Z -0.4589 -0.8209 -0.3399

PART 12
OFFSET  11.1205  4.0814 -2.7933
X  0.9595  0.0114 -0.2815
Y  0.2424 -0.5423  0.8045
Z -0.1435 -0.8401 -0.5231

PART 13
OFFSET  12.6389  4.0380 -3.3543
X  0.7584 -0.0055 -0.6518
Y  0.5648 -0.4938  0.6612
Z -0.3255 -0.8696 -0.3714

PART 14
OFFSET  13.4537  3.9838 -4.0649
X  0.8853  0.4528 -0.1064
Y -0.3597  0.8115  0.4606
Z  0.2949 -0.3695  0.8812

PART 15
OFFSET  10.4404  6.2280 -5.7355
X  0.9547  0.1012 -0.2797
Y  0.0349 -0.9719 -0.2326
Z -0.2954  0.2123 -0.9315

PART 16
OFFSET  12.6328  6.3054 -6.2567
X  0.2993 -0.9270 -0.2261
Y -0.8088 -0.3722  0.4553
Z -0.5062  0.0466 -0.8612

PART 17
OFFSET  13.0566  4.9930 -6.5769
X -0.5047 -0.8230  0.2608
Y -0.7238  0.5680  0.3917
Z -0.4705  0.0089 -0.8823

PART 18
OFFSET  12.6092  4.2633 -6.3456
X -0.8582 -0.0253  0.5126
Y  0.0061  0.9982  0.0595
Z -0.5132  0.0542 -0.8565

PART 19
OFFSET  11.7938  4.2392 -5.8586
X  0.7268 -0.6151 -0.3056
Y  0.4920  0.7767 -0.3932
Z  0.4792  0.1354  0.8672

PART 20
OFFSET  10.5117  6.2142 -5.0253
X  0.9526  0.2924 -0.0838
Y  0.2578 -0.9224 -0.2876
Z -0.1614  0.2524 -0.9541

PART 21
OFFSET  13.0529  6.6276 -5.3857
X  0.3067 -0.8900 -0.3374
Y -0.7766 -0.4389  0.4520
Z -0.5504  0.1234 -0.8257

PART 22
OFFSET  13.5750  5.1124 -5.9601
X -0.6438 -0.6924  0.3259
Y -0.5474  0.7143  0.4361
Z -0.5347  0.1023 -0.8388

PART 23
OFFSET  12.6828  4.1528 -5.5084
X -0.8292  0.1378  0.5417
Y  0.1740  0.9846  0.0158
Z -0.5312  0.1074 -0.8404

PART 24
OFFSET  11.7834  4.3022 -4.9210
X  0.5539 -0.6701 -0.4942
Y  0.6404  0.7222 -0.2614
Z  0.5320 -0.1717  0.8291

PART 25
OFFSET  12.2574  5.6395 -2.8142
X  0.9990  0.0037 -0.0445
Y  0.0113  0.9433  0.3317
Z  0.0432 -0.3319  0.9423

PART 26
OFFSET  12.9105  6.9051 -3.2048
X  0.8938 -0.2987 -0.3345
Y -0.3259 -0.9450 -0.0271
Z -0.3080  0.1332 -0.9420

PART 27
OFFSET  14.4842  6.3792 -3.7938
X  0.8127 -0.4301 -0.3932
Y -0.4768 -0.8787 -0.0243
Z -0.3350  0.2072 -0.9191

PART 28
OFFSET  15.4925  5.8437 -4.2159
X  0.6763 -0.6853 -0.2702
Y -0.6947 -0.7153  0.0757
Z -0.2451  0.1365 -0.9598

PART 29
OFFSET  16.2564  5.0697 -4.5211
X  0.3380  0.9072 -0.2503
Y -0.8139  0.4153  0.4063
Z  0.4725  0.0664  0.8788

PART 30
OFFSET  13.0209  7.0284 -4.2971
X  0.4707 -0.8005 -0.3710
Y -0.7657 -0.5795  0.2791
Z -0.4384  0.1527 -0.8857

PART 31
OFFSET  13.9404  5.4645 -5.0219
X -0.5331 -0.8373  0.1209
Y -0.7003  0.5170  0.4922
Z -0.4747  0.1778 -0.8620

PART 32
OFFSET  13.1617  4.2414 -4.8454
X -0.8630  0.0048  0.5052
Y  0.1168  0.9748  0.1903
Z -0.4916  0.2232 -0.8417

PART 33
OFFSET  12.1807  4.2477 -4.2792
X  0.6186 -0.6405 -0.4551
Y  0.6064  0.7575 -0.2419
Z  0.4997 -0.1264  0.8569

PART 34
OFFSET  12.4917  5.2526 -5.1449
X -0.1970  0.1923 -0.9613
Y -0.2710  0.9317  0.2419
Z  0.9422  0.3082 -0.1314

PART 35
OFFSET  14.4142  5.2441 -3.7130
X  1.0000  0.0001 -0.0000
Y -0.0001  0.9975 -0.0704
Z -0.0000  0.0704  0.9975

PART 36
OFFSET  14.4142  5.2441 -3.7130
X  1.0000  0.0001 -0.0000
Y -0.0001  0.9975 -0.0704
Z -0.0000  0.0704  0.9975

PART 37
OFFSET  17.6869  5.4191 -3.3797
X  1.0000  0.0001 -0.0000
Y -0.0001  0.9975 -0.0704
Z -0.0000  0.0704  0.9975

PART 38
OFFSET  15.8608  5.3599 -2.0740
X  1.0000  0.0001  0.0000
Y -0.0000  0.4611 -0.8874
Z -0.0001  0.8874  0.4611

PART 39
OFFSET -320.3348  5.9563  0.1364
X  0.9998 -0.0013 -0.0204
Y -0.0001  0.9975 -0.0704
Z  0.0204  0.0704  0.9973

PART 40
OFFSET  15.7926  4.7763 -2.3593
X  0.9998 -0.0180 -0.0094
Y -0.0000  0.4611 -0.8874
Z  0.0203  0.8872  0.4610

PART 41
OFFSET  15.8006  5.3117 -2.7103
X  0.9998 -0.0180 -0.0094
Y -0.0000  0.4611 -0.8874
Z  0.0203  0.8872  0.4610

PART 42
OFFSET  15.8166  5.8829 -2.4417
X  0.9998 -0.0180 -0.0094
Y -0.0000  0.4611 -0.8874
Z  0.0203  0.8872  0.4610

PART 43
OFFSET  15.8245  5.9220 -1.7699
X  0.9998 -0.0180 -0.0094
Y -0.0000  0.4611 -0.8874
Z  0.0203  0.8872  0.4610

PART 44
OFFSET  15.8166  5.3898 -1.4533
X  0.9998 -0.0180 -0.0094
Y -0.0000  0.4611 -0.8874
Z  0.0203  0.8872  0.4610

PART 45
OFFSET  15.8007  4.8083 -1.7398
X  0.9998 -0.0180 -0.0094
Y -0.0000  0.4611 -0.8874
Z  0.0203  0.8872  0.4610

PART 46
OFFSET -318.4825  5.9539  0.0986
X  0.9998 -0.0013 -0.0204
Y -0.0001  0.9975 -0.0704
Z  0.0204  0.0704  0.9973

PART 47
OFFSET  14.2991  5.5118 -2.5284
X  0.9989  0.0034  0.0471
Y -0.0001  0.9975 -0.0704
Z -0.0472  0.0703  0.9964

PART 48
OFFSET  0.0000 -0.0000 -0.0000
X  1.0000 -0.0000  0.0000
Y  0.0000  1.0000  0.0000
Z  0.0000 -0.0000  1.0000

PART 49
OFFSET  0.0000 -0.0000 -0.0000
X  1.0000 -0.0000  0.0000
Y  0.0000  1.0000  0.0000
Z  0.0000 -0.0000  1.0000

PART 50
OFFSET  1.5404 -0.0000  4.1357
X  1.0000 -0.0000  0.0000
Y  0.0000  1.0000  0.0000
Z  0.0000 -0.0000  1.0000


FRAME 21
PART 0
OFFSET  0.0000 -0.0000 -0.0000
X  1.0000 -0.0000  0.0000
Y  0.0000  1.0000  0.0000
Z  0.0000 -0.0000  1.0000

PART 1
OFFSET -4.6318 -0.0000 -1.3770
X  1.0000 -0.0000  0.0000
Y  0.0000  1.0000  0.0000
Z  0.0000 -0.0000  1.0000

PART 2
OFFSET -9.2817  11.3680 -3.1869
X  0.7800 -0.1290 -0.6124
Y  0.0336 -0.9685  0.2469
Z -0.6249 -0.2132 -0.7510

PART 3
OFFSET  0.1513  9.8076 -10.5927
X  0.8010 -0.3359  0.4955
Y -0.5239  0.0070  0.8517
Z -0.2896 -0.9419 -0.1704

PART 4
OFFSET  6.9644  6.9504 -6.3783
X  0.8010 -0.3359  0.4955
Y -0.5979 -0.4066  0.6908
Z -0.0306 -0.8496 -0.5265

PART 5
OFFSET  8.8963  7.3185 -6.4328
X  0.8049 -0.3334  0.4909
Y  0.2948  0.9426  0.1567
Z -0.5150  0.0185  0.8570

PART 6
OFFSET  8.2230  5.9131 -7.0696
X  0.8049 -0.3334  0.4909
Y  0.2948  0.9426  0.1567
Z -0.5150  0.0185  0.8570

PART 7
OFFSET  7.9543  7.0558 -4.0287
X  0.8049 -0.3334  0.4909
Y  0.2948  0.9426  0.1567
Z -0.5150  0.0185  0.8570

PART 8
OFFSET  7.3778  5.8431 -4.1199
X  0.8049 -0.3334  0.4909
Y  0.2948  0.9426  0.1567
Z -0.5150  0.0185  0.8570

PART 9
OFFSET  7.3973  5.3943 -5.2308
X  0.8049 -0.3334  0.4909
Y  0.2948  0.9426  0.1567
Z -0.5150  0.0185  0.8570

PART 10
OFFSET  9.4200  5.9206 -4.8592
X  0.9508  0.2198  0.2185
Y -0.1504 -0.2892  0.9454
Z  0.2710 -0.9317 -0.2419

PART 11
OFFSET  9.8138  5.3578 -3.9479
X  0.6456 -0.5710  0.5072
Y -0.6104  0.0133  0.7920
Z -0.4589 -0.8209 -0.3399

PART 12
OFFSET  11.1205  4.0814 -2.7933
X  0.9595  0.0114 -0.2815
Y  0.2424 -0.5423  0.8045
Z -0.1435 -0.8401 -0.5231

PART 13
OFFSET  12.6389  4.0380 -3.3543
X  0.7584 -0.0055 -0.6518
Y  0.5648 -0.4938  0.6612
Z -0.3255 -0.8696 -0.3714

PART 14
OFFSET  13.4537  3.9838 -4.0649
X  0.8853  0.4528 -0.1064
Y -0.3597  0.8115  0.4606
Z  0.2949 -0.3695  0.8812

PART 15
OFFSET  10.4404  6.2280 -5.7355
X  0.9547  0.1012 -0.2797
Y  0.0349 -0.9719 -0.2326
Z -0.2954  0.2123 -0.9315

PART 16
OFFSET  12.6328  6.3054 -6.2567
X  0.2993 -0.9270 -0.2261
Y -0.8088 -0.3722  0.4553
Z -0.5062  0.0466 -0.8612

PART 17
OFFSET  13.0566  4.9930 -6.5769
X -0.5047 -0.8230  0.2608
Y -0.7238  0.5680  0.3917
Z -0.4705  0.0089 -0.8823

PART 18
OFFSET  12.6092  4.2633 -6.3456
X -0.8582 -0.0253  0.5126
Y  0.0061  0.9982  0.0595
Z -0.5132  0.0542 -0.8565

PART 19
OFFSET  11.7938  4.2392 -5.8586
X  0.7268 -0.6151 -0.3056
Y  0.4920  0.7767 -0.3932
Z  0.4792  0.1354  0.8672

PART 20
OFFSET  10.5117  6.2142 -5.0253
X  0.9526  0.2924 -0.0838
Y  0.2578 -0.9224 -0.2876
Z -0.1614  0.2524 -0.9541

PART 21
OFFSET  13.0529  6.6276 -5.3857
X  0.3067 -0.8900 -0.3374
Y -0.7766 -0.4389  0.4520
Z -0.5504  0.1234 -0.8257

PART 22
OFFSET  13.5750  5.1124 -5.9601
X -0.6438 -0.6924  0.3259
Y -0.5474  0.7143  0.4361
Z -0.5347  0.1023 -0.8388

PART 23
OFFSET  12.6828  4.1528 -5.5084
X -0.8292  0.1378  0.5417
Y  0.1740  0.9846  0.0158
Z -0.5312  0.1074 -0.8404

PART 24
OFFSET  11.7834  4.3022 -4.9210
X  0.5539 -0.6701 -0.4942
Y  0.6404  0.7222 -0.2614
Z  0.5320 -0.1717  0.8291

PART 25
OFFSET  12.2574  5.6395 -2.8142
X  0.9990  0.0037 -0.0445
Y  0.0113  0.9433  0.3317
Z  0.0432 -0.3319  0.9423

PART 26
OFFSET  12.9105  6.9051 -3.2048
X  0.8938 -0.2987 -0.3345
Y -0.3259 -0.9450 -0.0271
Z -0.3080  0.1332 -0.9420

PART 27
OFFSET  14.4842  6.3792 -3.7938
X  0.7550 -0.5121 -0.4095
Y -0.5541 -0.8322  0.0191
Z -0.3506  0.2125 -0.9121

PART 28
OFFSET  15.4234  5.7437 -4.2362
X  0.5185 -0.8090 -0.2768
Y -0.8061 -0.5705  0.1575
Z -0.2853  0.1415 -0.9479

PART 29
OFFSET  16.0090  4.8299 -4.5489
X  0.4786  0.8181 -0.3187
Y -0.6927  0.5749  0.4354
Z  0.5395  0.0124  0.8419

PART 30
OFFSET  13.0209  7.0284 -4.2971
X  0.4707 -0.8005 -0.3710
Y -0.7657 -0.5795  0.2791
Z -0.4384  0.1527 -0.8857

PART 31
OFFSET  13.9404  5.4645 -5.0219
X -0.5331 -0.8373  0.1209
Y -0.7003  0.5170  0.4922
Z -0.4747  0.1778 -0.8620

PART 32
OFFSET  13.1617  4.2414 -4.8454
X -0.8630  0.0048  0.5052
Y  0.1168  0.9748  0.1903
Z -0.4916  0.2232 -0.8417

PART 33
OFFSET  12.1807  4.2477 -4.2792
X  0.6186 -0.6405 -0.4551
Y  0.6064  0.7575 -0.2419
Z  0.4997 -0.1264  0.8569

PART 34
OFFSET  12.4917  5.2526 -5.1449
X -0.1970  0.1923 -0.9613
Y -0.2710  0.9317  0.2419
Z  0.9422  0.3082 -0.1314

PART 35
OFFSET  14.4142  5.2441 -3.7130
X  1.0000  0.0001 -0.0000
Y -0.0001  0.9975 -0.0704
Z -0.0000  0.0704  0.9975

PART 36
OFFSET  14.4142  5.2441 -3.7130
X  1.0000  0.0001 -0.0000
Y -0.0001  0.9975 -0.0704
Z -0.0000  0.0704  0.9975

PART 37
OFFSET  17.6869  5.4191 -3.3797
X  1.0000  0.0001 -0.0000
Y -0.0001  0.9975 -0.0704
Z -0.0000  0.0704  0.9975

PART 38
OFFSET  15.8608  5.3599 -2.0740
X  1.0000  0.0001 -0.0000
Y -0.0001  0.8359 -0.5489
Z -0.0001  0.5489  0.8359

PART 39
OFFSET -320.3348  5.9563  0.1364
X  0.9998 -0.0013 -0.0204
Y -0.0001  0.9975 -0.0704
Z  0.0204  0.0704  0.9973

PART 40
OFFSET  15.7926  4.9902 -2.6081
X  0.9998 -0.0111 -0.0171
Y -0.0001  0.8359 -0.5489
Z  0.0204  0.5488  0.8357

PART 41
OFFSET  15.8005  5.6288 -2.6527
X  0.9998 -0.0111 -0.0171
Y -0.0001  0.8359 -0.5489
Z  0.0204  0.5488  0.8357

PART 42
OFFSET  15.8166  5.9959 -2.1392
X  0.9998 -0.0111 -0.0171
Y -0.0001  0.8359 -0.5489
Z  0.0204  0.5488  0.8357

PART 43
OFFSET  15.8245  5.7017 -1.5340
X  0.9998 -0.0111 -0.0171
Y -0.0001  0.8359 -0.5489
Z  0.0204  0.5488  0.8357

PART 44
OFFSET  15.8166  5.0827 -1.5179
X  0.9998 -0.0111 -0.0171
Y -0.0001  0.8359 -0.5489
Z  0.0204  0.5488  0.8357

PART 45
OFFSET  15.8007  4.7153 -2.0519
X  0.9998 -0.0111 -0.0171
Y -0.0001  0.8359 -0.5489
Z  0.0204  0.5488  0.8357

PART 46
OFFSET -318.4825  5.9539  0.0986
X  0.9998 -0.0013 -0.0204
Y -0.0001  0.9975 -0.0704
Z  0.0204  0.0704  0.9973

PART 47
OFFSET  14.2991  5.5118 -2.5284
X  0.7805  0.0441  0.6235
Y -0.0001  0.9975 -0.0704
Z -0.6251  0.0549  0.7786

PART 48
OFFSET  0.0000 -0.0000 -0.0000
X  1.0000 -0.0000  0.0000
Y  0.0000  1.0000  0.0000
Z  0.0000 -0.0000  1.0000

PART 49
OFFSET  0.0000 -0.0000 -0.0000
X  1.0000 -0.0000  0.0000
Y  0.0000  1.0000  0.0000
Z  0.0000 -0.0000  1.0000

PART 50
OFFSET  1.5404 -0.0000  4.1357
X  1.0000 -0.0000  0.0000
Y  0.0000  1.0000  0.0000
Z  0.0000 -0.0000  1.0000


FRAME 22
PART 0
OFFSET  0.0000 -0.0000 -0.0000
X  1.0000 -0.0000  0.0000
Y  0.0000  1.0000  0.0000
Z  0.0000 -0.0000  1.0000

PART 1
OFFSET -4.6318 -0.0000 -1.3770
X  1.0000 -0.0000  0.0000
Y  0.0000  1.0000  0.0000
Z  0.0000 -0.0000  1.0000

PART 2
OFFSET -9.2817  11.3680 -3.1869
X  0.7800 -0.1290 -0.6124
Y  0.0336 -0.9685  0.2469
Z -0.6249 -0.2132 -0.7510

PART 3
OFFSET  0.1513  9.8076 -10.5927
X  0.8010 -0.3359  0.4955
Y -0.5239  0.0070  0.8517
Z -0.2896 -0.9419 -0.1704

PART 4
OFFSET  6.9644  6.9504 -6.3783
X  0.8010 -0.3359  0.4955
Y -0.5979 -0.4066  0.6908
Z -0.0306 -0.8496 -0.5265

PART 5
OFFSET  8.8963  7.3185 -6.4328
X  0.8049 -0.3334  0.4909
Y  0.2948  0.9426  0.1567
Z -0.5150  0.0185  0.8570

PART 6
OFFSET  8.2230  5.9131 -7.0696
X  0.8049 -0.3334  0.4909
Y  0.2948  0.9426  0.1567
Z -0.5150  0.0185  0.8570

PART 7
OFFSET  7.9543  7.0558 -4.0287
X  0.8049 -0.3334  0.4909
Y  0.2948  0.9426  0.1567
Z -0.5150  0.0185  0.8570

PART 8
OFFSET  7.3778  5.8431 -4.1199
X  0.8049 -0.3334  0.4909
Y  0.2948  0.9426  0.1567
Z -0.5150  0.0185  0.8570

PART 9
OFFSET  7.3973  5.3943 -5.2308
X  0.8049 -0.3334  0.4909
Y  0.2948  0.9426  0.1567
Z -0.5150  0.0185  0.8570

PART 10
OFFSET  9.4200  5.9206 -4.8592
X  0.9508  0.2198  0.2185
Y -0.1504 -0.2892  0.9454
Z  0.2710 -0.9317 -0.2419

PART 11
OFFSET  9.8138  5.3578 -3.9479
X  0.6456 -0.5710  0.5072
Y -0.6104  0.0133  0.7920
Z -0.4589 -0.8209 -0.3399

PART 12
OFFSET  11.1205  4.0814 -2.7933
X  0.9595  0.0114 -0.2815
Y  0.2424 -0.5423  0.8045
Z -0.1435 -0.8401 -0.5231

PART 13
OFFSET  12.6389  4.0380 -3.3543
X  0.7584 -0.0055 -0.6518
Y  0.5648 -0.4938  0.6612
Z -0.3255 -0.8696 -0.3714

PART 14
OFFSET  13.4537  3.9838 -4.0649
X  0.8853  0.4528 -0.1064
Y -0.3597  0.8115  0.4606
Z  0.2949 -0.3695  0.8812

PART 15
OFFSET  10.4404  6.2280 -5.7355
X  0.9547  0.1012 -0.2797
Y  0.0349 -0.9719 -0.2326
Z -0.2954  0.2123 -0.9315

PART 16
OFFSET  12.6328  6.3054 -6.2567
X  0.2993 -0.9270 -0.2261
Y -0.8088 -0.3722  0.4553
Z -0.5062  0.0466 -0.8612

PART 17
OFFSET  13.0566  4.9930 -6.5769
X -0.5047 -0.8230  0.2608
Y -0.7238  0.5680  0.3917
Z -0.4705  0.0089 -0.8823

PART 18
OFFSET  12.6092  4.2633 -6.3456
X -0.8582 -0.0253  0.5126
Y  0.0061  0.9982  0.0595
Z -0.5132  0.0542 -0.8565

PART 19
OFFSET  11.7938  4.2392 -5.8586
X  0.7268 -0.6151 -0.3056
Y  0.4920  0.7767 -0.3932
Z  0.4792  0.1354  0.8672

PART 20
OFFSET  10.5117  6.2142 -5.0253
X  0.9526  0.2924 -0.0838
Y  0.2578 -0.9224 -0.2876
Z -0.1614  0.2524 -0.9541

PART 21
OFFSET  13.0529  6.6276 -5.3857
X  0.3067 -0.8900 -0.3374
Y -0.7766 -0.4389  0.4520
Z -0.5504  0.1234 -0.8257

PART 22
OFFSET  13.5750  5.1124 -5.9601
X -0.6438 -0.6924  0.3259
Y -0.5474  0.7143  0.4361
Z -0.5347  0.1023 -0.8388

PART 23
OFFSET  12.6828  4.1528 -5.5084
X -0.8292  0.1378  0.5417
Y  0.1740  0.9846  0.0158
Z -0.5312  0.1074 -0.8404

PART 24
OFFSET  11.7834  4.3022 -4.9210
X  0.5539 -0.6701 -0.4942
Y  0.6404  0.7222 -0.2614
Z  0.5320 -0.1717  0.8291

PART 25
OFFSET  12.2574  5.6395 -2.8142
X  0.9990  0.0037 -0.0445
Y  0.0113  0.9433  0.3317
Z  0.0432 -0.3319  0.9423

PART 26
OFFSET  12.9105  6.9051 -3.2048
X  0.8938 -0.2987 -0.3345
Y -0.3259 -0.9450 -0.0271
Z -0.3080  0.1332 -0.9420

PART 27
OFFSET  14.4842  6.3792 -3.7938
X  0.6899 -0.5894 -0.4203
Y -0.6248 -0.7780  0.0654
Z -0.3656  0.2175 -0.9050

PART 28
OFFSET  15.3451  5.6495 -4.2498
X  0.3416 -0.9023 -0.2632
Y -0.8824 -0.4043  0.2407
Z -0.3236  0.1500 -0.9342

PART 29
OFFSET  15.7309  4.6304 -4.5471
X  0.5944  0.7009 -0.3944
Y -0.5433  0.7115  0.4456
Z  0.5929 -0.0506  0.8037

PART 30
OFFSET  13.0209  7.0284 -4.2971
X  0.4707 -0.8005 -0.3710
Y -0.7657 -0.5795  0.2791
Z -0.4384  0.1527 -0.8857

PART 31
OFFSET  13.9404  5.4645 -5.0219
X -0.5331 -0.8373  0.1209
Y -0.7003  0.5170  0.4922
Z -0.4747  0.1778 -0.8620

PART 32
OFFSET  13.1617  4.2414 -4.8454
X -0.8630  0.0048  0.5052
Y  0.1168  0.9748  0.1903
Z -0.4916  0.2232 -0.8417

PART 33
OFFSET  12.1807  4.2477 -4.2792
X  0.6186 -0.6405 -0.4551
Y  0.6064  0.7575 -0.2419
Z  0.4997 -0.1264  0.8569

PART 34
OFFSET  12.4917  5.2526 -5.1449
X -0.1970  0.1923 -0.9613
Y -0.2710  0.9317  0.2419
Z  0.9422  0.3082 -0.1314

PART 35
OFFSET  14.4142  5.2441 -3.7130
X  1.0000  0.0001 -0.0000
Y -0.0001  0.9975 -0.0704
Z -0.0000  0.0704  0.9975

PART 36
OFFSET  14.4142  5.2441 -3.7130
X  1.0000  0.0001 -0.0000
Y -0.0001  0.9975 -0.0704
Z -0.0000  0.0704  0.9975

PART 37
OFFSET  17.6869  5.4191 -3.3797
X  1.0000  0.0001 -0.0000
Y -0.0001  0.9975 -0.0704
Z -0.0000  0.0704  0.9975

PART 38
OFFSET  15.8608  5.3599 -2.0740
X  1.0000  0.0001 -0.0000
Y -0.0001  0.9975 -0.0704
Z -0.0000  0.0704  0.9975

PART 39
OFFSET -320.3348  5.9563  0.1364
X  0.9998 -0.0013 -0.0204
Y -0.0001  0.9975 -0.0704
Z  0.0204  0.0704  0.9973

PART 40
OFFSET  15.7925  5.2983 -2.7207
X  0.9998 -0.0013 -0.0204
Y -0.0001  0.9975 -0.0704
Z  0.0204  0.0704  0.9973

PART 41
OFFSET  15.8005  5.8773 -2.4476
X  0.9998 -0.0013 -0.0204
Y -0.0001  0.9975 -0.0704
Z  0.0204  0.0704  0.9973

PART 42
OFFSET  15.8166  5.9467 -1.8201
X  0.9998 -0.0013 -0.0204
Y -0.0001  0.9975 -0.0704
Z  0.0204  0.0704  0.9973

PART 43
OFFSET  15.8245  5.3943 -1.4359
X  0.9998 -0.0013 -0.0204
Y -0.0001  0.9975 -0.0704
Z  0.0204  0.0704  0.9973

PART 44
OFFSET  15.8166  4.8463 -1.7243
X  0.9998 -0.0013 -0.0204
Y -0.0001  0.9975 -0.0704
Z  0.0204  0.0704  0.9973

PART 45
OFFSET  15.8007  4.7868 -2.3698
X  0.9998 -0.0013 -0.0204
Y -0.0001  0.9975 -0.0704
Z  0.0204  0.0704  0.9973

PART 46
OFFSET -318.4825  5.9539  0.0986
X  0.9998 -0.0013 -0.0204
Y -0.0001  0.9975 -0.0704
Z  0.0204  0.0704  0.9973

PART 47
OFFSET  14.2991  5.5118 -2.5284
X  0.9989  0.0034  0.0471
Y -0.0001  0.9975 -0.0704
Z -0.0472  0.0703  0.9964

PART 48
OFFSET  0.0000 -0.0000 -0.0000
X  1.0000 -0.0000  0.0000
Y  0.0000  1.0000  0.0000
Z  0.0000 -0.0000  1.0000

PART 49
OFFSET  0.0000 -0.0000 -0.0000
X  1.0000 -0.0000  0.0000
Y  0.0000  1.0000  0.0000
Z  0.0000 -0.0000  1.0000

PART 50
OFFSET  1.5404 -0.0000  4.1357
X  1.0000 -0.0000  0.0000
Y  0.0000  1.0000  0.0000
Z  0.0000 -0.0000  1.0000


FRAME 23
PART 0
OFFSET  0.0000 -0.0000 -0.0000
X  1.0000 -0.0000  0.0000
Y  0.0000  1.0000  0.0000
Z  0.0000 -0.0000  1.0000

PART 1
OFFSET -4.6318 -0.0000 -1.3770
X  1.0000 -0.0000  0.0000
Y  0.0000  1.0000  0.0000
Z  0.0000 -0.0000  1.0000

PART 2
OFFSET -9.2817  11.3680 -3.1869
X  0.7350 -0.1007 -0.6705
Y  0.0377 -0.9813  0.1888
Z -0.6770 -0.1640 -0.7175

PART 3
OFFSET -0.3924  10.1497 -11.2961
X  0.7399 -0.3721  0.5604
Y -0.5957  0.0248  0.8029
Z -0.3127 -0.9279 -0.2033

PART 4
OFFSET  5.9007  6.9846 -6.5294
X  0.7399 -0.3721  0.5604
Y -0.6690 -0.3195  0.6711
Z -0.0707 -0.8715 -0.4853

PART 5
OFFSET  7.8436  7.2707 -6.4122
X  0.7443 -0.3697  0.5562
Y  0.3191  0.9284  0.1902
Z -0.5867  0.0359  0.8090

PART 6
OFFSET  7.1706  5.8985 -7.1176
X  0.7443 -0.3697  0.5562
Y  0.3191  0.9284  0.1902
Z -0.5867  0.0359  0.8090

PART 7
OFFSET  6.6849  7.0358 -4.1017
X  0.7443 -0.3697  0.5562
Y  0.3191  0.9284  0.1902
Z -0.5867  0.0359  0.8090

PART 8
OFFSET  6.0685  5.8490 -4.2536
X  0.7443 -0.3697  0.5562
Y  0.3191  0.9284  0.1902
Z -0.5867  0.0359  0.8090

PART 9
OFFSET  6.1662  5.4056 -5.3624
X  0.7443 -0.3697  0.5562
Y  0.3191  0.9284  0.1902
Z -0.5867  0.0359  0.8090

PART 10
OFFSET  8.1689  5.8438 -4.8114
X  0.8273  0.3007  0.4746
Y -0.4424 -0.1719  0.8802
Z  0.3462 -0.9381 -0.0092

PART 11
OFFSET  8.2563  5.4279 -3.7523
X  0.4557 -0.4620  0.7609
Y -0.8326  0.0811  0.5479
Z -0.3149 -0.8831 -0.3477

PART 12
OFFSET  9.1389  4.3898 -2.0751
X  0.9988  0.0298  0.0379
Y -0.0220 -0.4182  0.9081
Z  0.0429 -0.9079 -0.4170

PART 13
OFFSET  10.7575  4.3612 -2.1148
X  0.9276 -0.0466 -0.3708
Y  0.3287 -0.3702  0.8688
Z -0.1778 -0.9278 -0.3281

PART 14
OFFSET  11.7581  4.2620 -2.5160
X  0.8666  0.4852  0.1161
Y -0.4989  0.8425  0.2033
Z  0.0008 -0.2341  0.9722

PART 15
OFFSET  9.4127  6.0927 -5.3541
X  0.9926  0.1187  0.0253
Y  0.1202 -0.9903 -0.0694
Z  0.0168  0.0720 -0.9973

PART 16
OFFSET  11.6552  6.2275 -5.1605
X  0.3679 -0.9298  0.0139
Y -0.9074 -0.3557  0.2239
Z -0.2032 -0.0950 -0.9745

PART 17
OFFSET  12.1761  4.9112 -5.1408
X -0.5511 -0.8097  0.2016
Y -0.8185  0.5716  0.0580
Z -0.1622 -0.1330 -0.9777

PART 18
OFFSET  11.6875  4.1933 -4.9620
X -0.9770 -0.0077  0.2130
Y -0.0261  0.9962 -0.0837
Z -0.2115 -0.0873 -0.9735

PART 19
OFFSET  10.7592  4.1860 -4.7597
X  0.7942 -0.6068  0.0304
Y  0.5823  0.7459 -0.3232
Z  0.1735  0.2744  0.9458

PART 20
OFFSET  9.2523  6.1756 -4.6635
X  0.9252  0.3333  0.1813
Y  0.3483 -0.9356 -0.0576
Z  0.1504  0.1164 -0.9817

PART 21
OFFSET  11.7690  6.6840 -4.2563
X  0.4101 -0.9072 -0.0933
Y -0.8749 -0.4203  0.2406
Z -0.2575 -0.0170 -0.9661

PART 22
OFFSET  12.4673  5.1394 -4.4152
X -0.7054 -0.6799  0.2001
Y -0.6676  0.7323  0.1347
Z -0.2381 -0.0386 -0.9705

PART 23
OFFSET  11.4896  4.1971 -4.1378
X -0.9610  0.1592  0.2263
Y  0.1471  0.9867 -0.0696
Z -0.2343 -0.0336 -0.9716

PART 24
OFFSET  10.4474  4.3697 -3.8924
X  0.6918 -0.6957 -0.1934
Y  0.6812  0.7176 -0.1449
Z  0.2396 -0.0315  0.9704

PART 25
OFFSET  10.2023  5.9948 -1.9558
X  0.9602  0.0553  0.2737
Y -0.1079  0.9775  0.1811
Z -0.2576 -0.2034  0.9446

PART 26
OFFSET  10.9301  7.2343 -2.2949
X  0.9230 -0.3846  0.0118
Y -0.3847 -0.9230  0.0042
Z  0.0092 -0.0084 -0.9999

PART 27
OFFSET  12.5552  6.5571 -2.2742
X  0.5133 -0.8550 -0.0737
Y -0.8582 -0.5114 -0.0443
Z  0.0002  0.0860 -0.9963

PART 28
OFFSET  13.1792  5.5124 -2.3033
X -0.1135 -0.9933  0.0220
Y -0.9926  0.1124 -0.0469
Z  0.0441 -0.0271 -0.9987

PART 29
OFFSET  13.0511  4.3905 -2.2785
X  0.9454  0.2143 -0.2457
Y -0.1955  0.9757  0.0988
Z  0.2609 -0.0454  0.9643

PART 30
OFFSET  11.3839  7.2205 -3.3020
X  0.5751 -0.8136 -0.0857
Y -0.8073 -0.5813  0.1017
Z -0.1326  0.0107 -0.9911

PART 31
OFFSET  12.5074  5.6311 -3.4695
X -0.5330 -0.8438  0.0634
Y -0.8279  0.5355  0.1670
Z -0.1748  0.0365 -0.9839

PART 32
OFFSET  11.7289  4.3986 -3.3769
X -0.9795  0.0208  0.2003
Y  0.0370  0.9963  0.0773
Z -0.1979  0.0831 -0.9767

PART 33
OFFSET  10.6181  4.4221 -3.1570
X  0.7401 -0.6576 -0.1405
Y  0.6422  0.7532 -0.1424
Z  0.1995  0.0151  0.9798

PART 34
OFFSET  11.1779  5.3220 -4.0131
X  0.1198  0.0540 -0.9913
Y -0.3462  0.9381  0.0092
Z  0.9305  0.3421  0.1311

PART 35
OFFSET  12.5384  5.6105 -2.0606
X  0.9469  0.0576  0.3163
Y  0.0098  0.9782 -0.2074
Z -0.3214  0.1995  0.9257

PART 36
OFFSET  12.5384  5.6105 -2.0606
X  0.9469  0.0576  0.3163
Y  0.0098  0.9782 -0.2074
Z -0.3214  0.1995  0.9257

PART 37
OFFSET  15.5280  6.0153 -0.7375
X  0.9469  0.0576  0.3163
Y  0.0098  0.9782 -0.2074
Z -0.3214  0.1995  0.9257

PART 38
OFFSET  13.3802  6.0216 -0.0820
X  0.9469  0.0576  0.3163
Y  0.0098  0.9782 -0.2074
Z -0.3214  0.1995  0.9257

PART 39
OFFSET -320.3348  5.9563  0.1364
X  0.9998 -0.0013 -0.0204
Y -0.0001  0.9975 -0.0704
Z  0.0204  0.0704  0.9973

PART 40
OFFSET  13.5241  5.8725 -0.7015
X  0.9533  0.0535  0.2973
Y  0.0098  0.9782 -0.2074
Z -0.3019  0.2006  0.9320

PART 41
OFFSET  13.4365  6.4817 -0.5248
X  0.9533  0.0535  0.2973
Y  0.0098  0.9782 -0.2074
Z -0.3019  0.2006  0.9320

PART 42
OFFSET  13.2493  6.6329  0.0590
X  0.9533  0.0535  0.2973
Y  0.0098  0.9782 -0.2074
Z -0.3019  0.2006  0.9320

PART 43
OFFSET  13.1404  6.1366  0.5002
X  0.9533  0.0535  0.2973
Y  0.0098  0.9782 -0.2074
Z -0.3019  0.2006  0.9320

PART 44
OFFSET  13.2326  5.5562  0.3048
X  0.9533  0.0535  0.2973
Y  0.0098  0.9782 -0.2074
Z -0.3019  0.2006  0.9320

PART 45
OFFSET  13.4257  5.4123 -0.2972
X  0.9533  0.0535  0.2973
Y  0.0098  0.9782 -0.2074
Z -0.3019  0.2006  0.9320

PART 46
OFFSET -303.9181 -12.3331 -103.8867
X  0.9533  0.0535  0.2973
Y  0.0098  0.9782 -0.2074
Z -0.3019  0.2006  0.9320

PART 47
OFFSET  12.0454  6.0230 -1.0238
X  0.9307  0.0670  0.3597
Y  0.0098  0.9782 -0.2074
Z -0.3657  0.1965  0.9097

PART 48
OFFSET  0.0000 -0.0000 -0.0000
X  1.0000 -0.0000  0.0000
Y  0.0000  1.0000  0.0000
Z  0.0000 -0.0000  1.0000

PART 49
OFFSET  0.0000 -0.0000 -0.0000
X  1.0000 -0.0000  0.0000
Y  0.0000  1.0000  0.0000
Z  0.0000 -0.0000  1.0000

PART 50
OFFSET  1.5404 -0.0000  4.1357
X  1.0000 -0.0000  0.0000
Y  0.0000  1.0000  0.0000
Z  0.0000 -0.0000  1.0000


FRAME 24
PART 0
OFFSET  0.0000 -0.0000 -0.0000
X  1.0000 -0.0000  0.0000
Y  0.0000  1.0000  0.0000
Z  0.0000 -0.0000  1.0000

PART 1
OFFSET -4.6318 -0.0000 -1.3770
X  1.0000 -0.0000  0.0000
Y  0.0000  1.0000  0.0000
Z  0.0000 -0.0000  1.0000

PART 2
OFFSET -9.2817  11.3680 -3.1869
X  0.7317 -0.0979 -0.6745
Y  0.0348 -0.9830  0.1804
Z -0.6807 -0.1555 -0.7159

PART 3
OFFSET -0.4324  10.1838 -11.3447
X  0.6803 -0.3758  0.6292
Y -0.6608  0.0568  0.7484
Z -0.3171 -0.9249 -0.2097

PART 4
OFFSET  5.3542  6.9871 -5.9932
X  0.6803 -0.3758  0.6292
Y -0.7327 -0.3665  0.5734
Z  0.0151 -0.8511 -0.5247

PART 5
OFFSET  7.2867  7.2315 -5.7168
X  0.6851 -0.3736  0.6253
Y  0.3246  0.9251  0.1971
Z -0.6521  0.0679  0.7551

PART 6
OFFSET  6.6423  5.8591 -6.4480
X  0.6851 -0.3736  0.6253
Y  0.3246  0.9251  0.1971
Z -0.6521  0.0679  0.7551

PART 7
OFFSET  5.9310  7.0764 -3.5091
X  0.6851 -0.3736  0.6253
Y  0.3246  0.9251  0.1971
Z -0.6521  0.0679  0.7551

PART 8
OFFSET  5.3006  5.9008 -3.6879
X  0.6851 -0.3736  0.6253
Y  0.3246  0.9251  0.1971
Z -0.6521  0.0679  0.7551

PART 9
OFFSET  5.4810  5.4298 -4.7748
X  0.6851 -0.3736  0.6253
Y  0.3246  0.9251  0.1971
Z -0.6521  0.0679  0.7551

PART 10
OFFSET  7.4400  5.8349 -4.0643
X  0.8475  0.3192  0.4241
Y -0.3867 -0.1761  0.9052
Z  0.3637 -0.9312 -0.0258

PART 11
OFFSET  7.5973  5.4262 -3.0106
X  0.5085 -0.4491  0.7347
Y -0.8006  0.0676  0.5954
Z -0.3171 -0.8909 -0.3252

PART 12
OFFSET  8.5970  4.4142 -1.3839
X  0.9986  0.0496 -0.0208
Y  0.0395 -0.4139  0.9095
Z  0.0365 -0.9090 -0.4152

PART 13
OFFSET  10.2108  4.4171 -1.5182
X  0.9050 -0.0303 -0.4243
Y  0.3862 -0.3593  0.8496
Z -0.1782 -0.9327 -0.3134

PART 14
OFFSET  11.1879  4.3355 -1.9769
X  0.8621  0.5027  0.0632
Y -0.5028  0.8335  0.2289
Z  0.0623 -0.2291  0.9714

PART 15
OFFSET  8.6446  6.1054 -4.6800
X  0.9898  0.1383 -0.0334
Y  0.1356 -0.9881 -0.0725
Z -0.0430  0.0672 -0.9968

PART 16
OFFSET  10.8915  6.2851 -4.6186
X  0.3865 -0.9223 -0.0040
Y -0.8855 -0.3723  0.2781
Z -0.2580 -0.1040 -0.9605

PART 17
OFFSET  11.4387  4.9794 -4.6242
X -0.5222 -0.8193  0.2367
Y -0.8249  0.5557  0.1036
Z -0.2164 -0.1412 -0.9660

PART 18
OFFSET  10.9757  4.2529 -4.4143
X -0.9626 -0.0258  0.2699
Y -0.0507  0.9950 -0.0859
Z -0.2663 -0.0964 -0.9591

PART 19
OFFSET  10.0613  4.2285 -4.1580
X  0.8066 -0.5910 -0.0138
Y  0.5475  0.7556 -0.3597
Z  0.2230  0.2826  0.9330

PART 20
OFFSET  8.5233  6.1886 -3.9815
X  0.9275  0.3523  0.1254
Y  0.3629 -0.9289 -0.0742
Z  0.0904  0.1143 -0.9893

PART 21
OFFSET  11.0489  6.7484 -3.7244
X  0.4219 -0.8995 -0.1136
Y -0.8508 -0.4361  0.2930
Z -0.3131 -0.0270 -0.9493

PART 22
OFFSET  11.7672  5.2170 -3.9178
X -0.6789 -0.6926  0.2438
Y -0.6730  0.7197  0.1707
Z -0.2937 -0.0482 -0.9547

PART 23
OFFSET  10.8264  4.2571 -3.5799
X -0.9491  0.1415  0.2815
Y  0.1231  0.9890 -0.0820
Z -0.2900 -0.0432 -0.9560

PART 24
OFFSET  9.7971  4.4105 -3.2746
X  0.6930 -0.6830 -0.2308
Y  0.6571  0.7301 -0.1874
Z  0.2965 -0.0218  0.9548

PART 25
OFFSET  9.6334  6.0403 -1.3334
X  0.9733  0.0755  0.2168
Y -0.1165  0.9761  0.1833
Z -0.1978 -0.2036  0.9589

PART 26
OFFSET  10.3154  7.2921 -1.7195
X  0.9471 -0.3181 -0.0423
Y -0.3171 -0.9480  0.0283
Z -0.0491 -0.0134 -0.9987

PART 27
OFFSET  11.9829  6.7321 -1.7939
X  0.7469 -0.6569 -0.1030
Y -0.6608 -0.7505 -0.0056
Z -0.0736  0.0722 -0.9947

PART 28
OFFSET  12.8954  5.9291 -1.8587
X  0.3698 -0.9289  0.0214
Y -0.9291 -0.3698  0.0055
Z  0.0028 -0.0220 -0.9998

PART 29
OFFSET  13.3132  4.8799 -1.8345
X  0.7191  0.6300 -0.2931
Y -0.6276  0.7700  0.1151
Z  0.2982  0.1012  0.9491

PART 30
OFFSET  10.7097  7.2820 -2.7514
X  0.5851 -0.8026 -0.1161
Y -0.7882 -0.5965  0.1511
Z -0.1905  0.0031 -0.9817

PART 31
OFFSET  11.8528  5.7141 -2.9781
X -0.5115 -0.8537  0.0978
Y -0.8272  0.5200  0.2130
Z -0.2328  0.0280 -0.9721

PART 32
OFFSET  11.1058  4.4672 -2.8352
X -0.9664  0.0026  0.2572
Y  0.0216  0.9972  0.0711
Z -0.2563  0.0742 -0.9637

PART 33
OFFSET  10.0095  4.4700 -2.5507
X  0.7435 -0.6437 -0.1810
Y  0.6177  0.7649 -0.1827
Z  0.2561  0.0241  0.9664

PART 34
OFFSET  10.5002  5.3763 -3.4416
X  0.0605  0.0512 -0.9968
Y -0.3637  0.9312  0.0258
Z  0.9296  0.3610  0.0750

PART 35
OFFSET  11.9666  5.7014 -1.5734
X  0.9625  0.0778  0.2601
Y -0.0218  0.9771 -0.2115
Z -0.2706  0.1979  0.9421

PART 36
OFFSET  11.9666  5.7014 -1.5734
X  0.9625  0.0778  0.2601
Y -0.0218  0.9771 -0.2115
Z -0.2706  0.1979  0.9421

PART 37
OFFSET  15.0199  6.1714 -0.4292
X  0.9625  0.0778  0.2601
Y -0.0218  0.9771 -0.2115
Z -0.2706  0.1979  0.9421

PART 38
OFFSET  12.9143  6.1390  0.3509
X  0.9625  0.0778  0.2601
Y -0.0218  0.9771 -0.2115
Z -0.2706  0.1979  0.9421

PART 39
OFFSET -320.3348  5.9563  0.1364
X  0.9998 -0.0013 -0.0204
Y -0.0001  0.9975 -0.0704
Z  0.0204  0.0704  0.9973

PART 40
OFFSET  13.0246  5.9896 -0.2753
X  0.9678  0.0737  0.2408
Y -0.0218  0.9771 -0.2115
Z -0.2508  0.1994  0.9473

PART 41
OFFSET  12.9355  6.5978 -0.0962
X  0.9678  0.0737  0.2408
Y -0.0218  0.9771 -0.2115
Z -0.2508  0.1994  0.9473

PART 42
OFFSET  12.7798  6.7483  0.4969
X  0.9678  0.0737  0.2408
Y -0.0218  0.9771 -0.2115
Z -0.2508  0.1994  0.9473

PART 43
OFFSET  12.7067  6.2522  0.9457
X  0.9678  0.0737  0.2408
Y -0.0218  0.9771 -0.2115
Z -0.2508  0.1994  0.9473

PART 44
OFFSET  12.7988  5.6727  0.7476
X  0.9678  0.0737  0.2408
Y -0.0218  0.9771 -0.2115
Z -0.2508  0.1994  0.9473

PART 45
OFFSET  12.9592  5.5296  0.1358
X  0.9678  0.0737  0.2408
Y -0.0218  0.9771 -0.2115
Z -0.2508  0.1994  0.9473

PART 46
OFFSET -309.4841 -18.9630 -84.6179
X  0.9678  0.0737  0.2408
Y -0.0218  0.9771 -0.2115
Z -0.2508  0.1994  0.9473

PART 47
OFFSET  11.5270  6.1094 -0.5111
X  0.9486  0.0870  0.3043
Y -0.0218  0.9771 -0.2115
Z -0.3157  0.1940  0.9288

PART 48
OFFSET  0.0000 -0.0000 -0.0000
X  1.0000 -0.0000  0.0000
Y  0.0000  1.0000  0.0000
Z  0.0000 -0.0000  1.0000

PART 49
OFFSET  0.0000 -0.0000 -0.0000
X  1.0000 -0.0000  0.0000
Y  0.0000  1.0000  0.0000
Z  0.0000 -0.0000  1.0000

PART 50
OFFSET  1.5404 -0.0000  4.1357
X  1.0000 -0.0000  0.0000
Y  0.0000  1.0000  0.0000
Z  0.0000 -0.0000  1.0000


FRAME 25
PART 0
OFFSET  0.0000 -0.0000 -0.0000
X  1.0000 -0.0000  0.0000
Y  0.0000  1.0000  0.0000
Z  0.0000 -0.0000  1.0000

PART 1
OFFSET -4.6318 -0.0000 -1.3770
X  1.0000 -0.0000  0.0000
Y  0.0000  1.0000  0.0000
Z  0.0000 -0.0000  1.0000

PART 2
OFFSET -9.2817  11.3680 -3.1869
X  0.7420 -0.1045 -0.6622
Y  0.0299 -0.9816  0.1884
Z -0.6697 -0.1596 -0.7253

PART 3
OFFSET -0.3075  10.1045 -11.1951
X  0.6402 -0.3693  0.6736
Y -0.7004  0.0797  0.7093
Z -0.3157 -0.9259 -0.2077

PART 4
OFFSET  5.1375  6.9632 -5.4657
X  0.6402 -0.3693  0.6736
Y -0.7621 -0.4157  0.4964
Z  0.0967 -0.8312 -0.5476

PART 5
OFFSET  7.0545  7.1934 -5.0877
X  0.6452 -0.3673  0.6699
Y  0.3239  0.9257  0.1955
Z -0.6920  0.0908  0.7162

PART 6
OFFSET  6.4356  5.8124 -5.8248
X  0.6452 -0.3673  0.6699
Y  0.3239  0.9257  0.1955
Z -0.6920  0.0908  0.7162

PART 7
OFFSET  5.5772  7.0996 -2.9558
X  0.6452 -0.3673  0.6699
Y  0.3239  0.9257  0.1955
Z -0.6920  0.0908  0.7162

PART 8
OFFSET  4.9441  5.9270 -3.1448
X  0.6452 -0.3673  0.6699
Y  0.3239  0.9257  0.1955
Z -0.6920  0.0908  0.7162

PART 9
OFFSET  5.1788  5.4311 -4.2100
X  0.6452 -0.3673  0.6699
Y  0.3239  0.9257  0.1955
Z -0.6920  0.0908  0.7162

PART 10
OFFSET  7.1001  5.8309 -3.4006
X  0.8926  0.3166  0.3209
Y -0.2640 -0.2097  0.9414
Z  0.3654 -0.9251 -0.1036

PART 11
OFFSET  7.3969  5.3911 -2.3903
X  0.6037 -0.4655  0.6472
Y -0.7169  0.0383  0.6962
Z -0.3489 -0.8842 -0.3106

PART 12
OFFSET  8.6086  4.3412 -0.9414
X  0.9869  0.0632 -0.1486
Y  0.1611 -0.4419  0.8825
Z -0.0099 -0.8948 -0.4463

PART 13
OFFSET  10.1910  4.3693 -1.2839
X  0.8424 -0.0051 -0.5389
Y  0.4966 -0.3810  0.7799
Z -0.2093 -0.9246 -0.3184

PART 14
OFFSET  11.1008  4.3150 -1.8680
X  0.8586  0.5116 -0.0326
Y -0.4761  0.8193  0.3196
Z  0.1902 -0.2589  0.9470

PART 15
OFFSET  8.2120  6.1364 -4.1581
X  0.9758  0.1521 -0.1569
Y  0.1337 -0.9835 -0.1221
Z -0.1729  0.0982 -0.9800

PART 16
OFFSET  10.4461  6.3433 -4.3829
X  0.3908 -0.9166 -0.0846
Y -0.8385 -0.3924  0.3782
Z -0.3798 -0.0768 -0.9219

PART 17
OFFSET  10.9994  5.0456 -4.5027
X -0.4797 -0.8331  0.2752
Y -0.8093  0.5413  0.2281
Z -0.3390 -0.1133 -0.9339

PART 18
OFFSET  10.5740  4.3069 -4.2587
X -0.9190 -0.0468  0.3915
Y -0.0702  0.9965 -0.0457
Z -0.3880 -0.0694 -0.9190

PART 19
OFFSET  9.7010  4.2625 -3.8867
X  0.8031 -0.5797 -0.1379
Y  0.4894  0.7736 -0.4025
Z  0.3400  0.2558  0.9050

PART 20
OFFSET  8.1819  6.1959 -3.4474
X  0.9328  0.3602  0.0156
Y  0.3583 -0.9213 -0.1513
Z -0.0401  0.1468 -0.9884

PART 21
OFFSET  10.7145  6.7800 -3.5018
X  0.4114 -0.8899 -0.1971
Y -0.8016 -0.4562  0.3864
Z -0.4338 -0.0010 -0.9010

PART 22
OFFSET  11.4149  5.2650 -3.8374
X -0.6353 -0.7088  0.3068
Y -0.6513  0.7051  0.2803
Z -0.4150 -0.0217 -0.9096

PART 23
OFFSET  10.5345  4.2827 -3.4123
X -0.9056  0.1201  0.4068
Y  0.1027  0.9926 -0.0645
Z -0.4116 -0.0166 -0.9112

PART 24
OFFSET  9.5524  4.4130 -2.9710
X  0.6630 -0.6663 -0.3413
Y  0.6207  0.7442 -0.2468
Z  0.4184 -0.0482  0.9070

PART 25
OFFSET  9.6284  5.9782 -0.9721
X  0.9925  0.0812  0.0910
Y -0.1003  0.9682  0.2290
Z -0.0695 -0.2365  0.9692

PART 26
OFFSET  10.2433  7.2503 -1.4018
X  0.9506 -0.2549 -0.1771
Y -0.2538 -0.9668  0.0287
Z -0.1785  0.0177 -0.9838

PART 27
OFFSET  11.9171  6.8016 -1.7135
X  0.8878 -0.3974 -0.2320
Y -0.4077 -0.9131  0.0040
Z -0.2135  0.0910 -0.9727

PART 28
OFFSET  13.0093  6.3129 -1.9365
X  0.7529 -0.6501 -0.1024
Y -0.6482 -0.7594  0.0558
Z -0.1141  0.0244 -0.9932

PART 29
OFFSET  13.8598  5.5786 -2.0522
X  0.3080  0.9041 -0.2964
Y -0.8899  0.3839  0.2463
Z  0.3364  0.1879  0.9228

PART 30
OFFSET  10.5001  7.2781 -2.4759
X  0.5721 -0.7908 -0.2175
Y -0.7566 -0.6112  0.2323
Z -0.3166  0.0317 -0.9480

PART 31
OFFSET  11.6177  5.7332 -2.9008
X -0.4869 -0.8630  0.1351
Y -0.7969  0.5022  0.3357
Z -0.3575  0.0558 -0.9322

PART 32
OFFSET  10.9066  4.4727 -2.7035
X -0.9246 -0.0181  0.3804
Y  0.0219  0.9947  0.1006
Z -0.3802  0.1014 -0.9193

PART 33
OFFSET  9.8566  4.4523 -2.2793
X  0.7193 -0.6279 -0.2972
Y  0.5819  0.7783 -0.2359
Z  0.3794 -0.0032  0.9252

PART 34
OFFSET  10.2193  5.3926 -3.1958
X -0.0701  0.0836 -0.9940
Y -0.3654  0.9251  0.1036
Z  0.9282  0.3705 -0.0343

PART 35
OFFSET  11.9134  5.6774 -1.5239
X  0.9874  0.0820  0.1354
Y -0.0577  0.9830 -0.1744
Z -0.1474  0.1644  0.9753

PART 36
OFFSET  11.9134  5.6774 -1.5239
X  0.9874  0.0820  0.1354
Y -0.0577  0.9830 -0.1744
Z -0.1474  0.1644  0.9753

PART 37
OFFSET  15.0853  6.1506 -0.7708
X  0.9874  0.0820  0.1354
Y -0.0577  0.9830 -0.1744
Z -0.1474  0.1644  0.9753

PART 38
OFFSET  13.0996  6.0661  0.2745
X  0.9874  0.0820  0.1354
Y -0.0577  0.9830 -0.1744
Z -0.1474  0.1644  0.9753

PART 39
OFFSET -320.3348  5.9563  0.1364
X  0.9998 -0.0013 -0.0204
Y -0.0001  0.9975 -0.0704
Z  0.0204  0.0704  0.9973

PART 40
OFFSET  13.1288  5.9381 -0.3653
X  0.9902  0.0786  0.1154
Y -0.0577  0.9830 -0.1744
Z -0.1272  0.1660  0.9779

PART 41
OFFSET  13.0584  6.5391 -0.1562
X  0.9902  0.0786  0.1154
Y -0.0577  0.9830 -0.1744
Z -0.1272  0.1660  0.9779

PART 42
OFFSET  12.9798  6.6687  0.4569
X  0.9902  0.0786  0.1154
Y -0.0577  0.9830 -0.1744
Z -0.1272  0.1660  0.9779

PART 43
OFFSET  12.9702  6.1577  0.8946
X  0.9902  0.0786  0.1154
Y -0.0577  0.9830 -0.1744
Z -0.1272  0.1660  0.9779

PART 44
OFFSET  13.0408  5.5861  0.6671
X  0.9902  0.0786  0.1154
Y -0.0577  0.9830 -0.1744
Z -0.1272  0.1660  0.9779

PART 45
OFFSET  13.1215  5.4645  0.0353
X  0.9902  0.0786  0.1154
Y -0.0577  0.9830 -0.1744
Z -0.1272  0.1660  0.9779

PART 46
OFFSET -317.3815 -20.5215 -42.9209
X  0.9902  0.0786  0.1154
Y -0.0577  0.9830 -0.1744
Z -0.1272  0.1660  0.9779

PART 47
OFFSET  11.6122  6.0458 -0.4007
X  0.9793  0.0897  0.1813
Y -0.0577  0.9830 -0.1744
Z -0.1939  0.1603  0.9678

PART 48
OFFSET  0.0000 -0.0000 -0.0000
X  1.0000 -0.0000  0.0000
Y  0.0000  1.0000  0.0000
Z  0.0000 -0.0000  1.0000

PART 49
OFFSET  0.0000 -0.0000 -0.0000
X  1.0000 -0.0000  0.0000
Y  0.0000  1.0000  0.0000
Z  0.0000 -0.0000  1.0000

PART 50
OFFSET  1.5404 -0.0000  4.1357
X  1.0000 -0.0000  0.0000
Y  0.0000  1.0000  0.0000
Z  0.0000 -0.0000  1.0000


FRAME 26
PART 0
OFFSET  0.0000 -0.0000 -0.0000
X  1.0000 -0.0000  0.0000
Y  0.0000  1.0000  0.0000
Z  0.0000 -0.0000  1.0000

PART 1
OFFSET -4.6318 -0.0000 -1.3770
X  1.0000 -0.0000  0.0000
Y  0.0000  1.0000  0.0000
Z  0.0000 -0.0000  1.0000

PART 2
OFFSET -9.2817  11.3680 -3.1869
X  0.7393 -0.1031 -0.6654
Y  0.0332 -0.9814  0.1889
Z -0.6725 -0.1618 -0.7222

PART 3
OFFSET -0.3401  10.1216 -11.2341
X  0.6565 -0.3686  0.6582
Y -0.6858  0.0718  0.7243
Z -0.3142 -0.9268 -0.2056

PART 4
OFFSET  5.2437  6.9867 -5.6362
X  0.6565 -0.3686  0.6582
Y -0.7489 -0.4227  0.5103
Z  0.0901 -0.8279 -0.5535

PART 5
OFFSET  7.1667  7.2272 -5.2974
X  0.6614 -0.3664  0.6544
Y  0.3222  0.9267  0.1933
Z -0.6773  0.0830  0.7310

PART 6
OFFSET  6.5410  5.8459 -6.0282
X  0.6614 -0.3664  0.6544
Y  0.3222  0.9267  0.1933
Z -0.6773  0.0830  0.7310

PART 7
OFFSET  5.7352  7.1138 -3.1354
X  0.6614 -0.3664  0.6544
Y  0.3222  0.9267  0.1933
Z -0.6773  0.0830  0.7310

PART 8
OFFSET  5.1056  5.9382 -3.3170
X  0.6614 -0.3664  0.6544
Y  0.3222  0.9267  0.1933
Z -0.6773  0.0830  0.7310

PART 9
OFFSET  5.3209  5.4489 -4.3893
X  0.6614 -0.3664  0.6544
Y  0.3222  0.9267  0.1933
Z -0.6773  0.0830  0.7310

PART 10
OFFSET  7.2563  5.8568 -3.6185
X  0.8799  0.3036  0.3656
Y -0.3014 -0.2382  0.9233
Z  0.3674 -0.9225 -0.1181

PART 11
OFFSET  7.5121  5.3847 -2.6115
X  0.5768 -0.4874  0.6555
Y -0.7437  0.0187  0.6682
Z -0.3380 -0.8730 -0.3517

PART 12
OFFSET  8.6636  4.2861 -1.1498
X  0.9921  0.0647 -0.1075
Y  0.1253 -0.4698  0.8738
Z  0.0060 -0.8804 -0.4742

PART 13
OFFSET  10.2584  4.3200 -1.4286
X  0.8630  0.0091 -0.5052
Y  0.4647 -0.4068  0.7865
Z -0.1983 -0.9135 -0.3553

PART 14
OFFSET  11.1905  4.2812 -1.9778
X  0.8602  0.5097  0.0174
Y -0.4868  0.8103  0.3262
Z  0.1522 -0.2890  0.9451

PART 15
OFFSET  8.3978  6.1824 -4.3216
X  0.9815  0.1539 -0.1135
Y  0.1365 -0.9796 -0.1476
Z -0.1339  0.1294 -0.9825

PART 16
OFFSET  10.6394  6.3893 -4.4516
X  0.3921 -0.9147 -0.0979
Y -0.8535 -0.4014  0.3323
Z -0.3433 -0.0467 -0.9381

PART 17
OFFSET  11.1945  5.0942 -4.5902
X -0.4918 -0.8398  0.2298
Y -0.8166  0.5365  0.2129
Z -0.3021 -0.0829 -0.9497

