// Export filename: `C:\projects\cod\t5\xanim_export\t5_viewmodels\python\python_sw_putaway.XANIM_EXPORT`
// Source filename: `D:\projects\devanim\t5\animation_assets\viewmodels\python\ViewModel_python_animated.fbx`
// Export time: Fri Aug 06 01:02:25 2010

ANIMATION
VERSION 3

NUMPARTS 81
PART 0 "tag_ads"
PART 1 "tag_torso"
PART 2 "J_Shoulder_LE"
PART 3 "J_Elbow_LE"
PART 4 "J_WristTwist_LE"
PART 5 "J_Sleave_Reshape_Bottom_LE_1"
PART 6 "J_Sleave_Reshape_Bottom_LE_2"
PART 7 "J_Sleave_Reshape_Top_LE_1"
PART 8 "J_Sleave_Reshape_Top_LE_2"
PART 9 "J_Sleave_Reshape_Top_LE_3"
PART 10 "J_Wrist_LE"
PART 11 "J_Thumb_LE_0"
PART 12 "J_Thumb_LE_1"
PART 13 "J_Thumb_LE_2"
PART 14 "J_Thumb_LE_3"
PART 15 "J_PinkyPalm_LE"
PART 16 "J_Pinky_LE_0"
PART 17 "J_Pinky_LE_1"
PART 18 "J_Pinky_LE_2"
PART 19 "J_Pinky_LE_3"
PART 20 "J_RingPalm_LE"
PART 21 "J_Ring_LE_0"
PART 22 "J_Ring_LE_1"
PART 23 "J_Ring_LE_2"
PART 24 "J_Ring_LE_3"
PART 25 "J_Webbing_LE"
PART 26 "J_Index_LE_0"
PART 27 "J_Index_LE_1"
PART 28 "J_Index_LE_2"
PART 29 "J_Index_LE_3"
PART 30 "J_Mid_LE_0"
PART 31 "J_Mid_LE_1"
PART 32 "J_Mid_LE_2"
PART 33 "J_Mid_LE_3"
PART 34 "tag_knife_attach"
PART 35 "tag_weapon"
PART 36 "J_Gun"
PART 37 "TAG_CLIP"
PART 38 "J_Bolt"
PART 39 "tag_speedloader"
PART 40 "tag_spent0"
PART 41 "tag_spent1"
PART 42 "tag_spent2"
PART 43 "tag_spent3"
PART 44 "tag_spent4"
PART 45 "tag_spent5"
PART 46 "tag_bullets"
PART 47 "J_Press_Rear"
PART 48 "J_Shoulder_RI"
PART 49 "J_Elbow_RI"
PART 50 "J_WristTwist_RI"
PART 51 "J_Sleave_Reshape_Top_RI_3"
PART 52 "J_Sleave_Reshape_Top_RI_2"
PART 53 "J_Sleave_Reshape_Top_RI_1"
PART 54 "J_Wrist_RI"
PART 55 "J_Thumb_RI_0"
PART 56 "J_Thumb_RI_1"
PART 57 "J_Thumb_RI_2"
PART 58 "J_Thumb_RI_3"
PART 59 "J_PinkyPalm_RI"
PART 60 "J_Pinky_RI_0"
PART 61 "J_Pinky_RI_1"
PART 62 "J_Pinky_RI_2"
PART 63 "J_Pinky_RI_3"
PART 64 "J_RingPalm_RI"
PART 65 "J_Ring_RI_0"
PART 66 "J_Ring_RI_1"
PART 67 "J_Ring_RI_2"
PART 68 "J_Ring_RI_3"
PART 69 "J_Webbing_RI"
PART 70 "J_Index_RI_0"
PART 71 "J_Index_RI_1"
PART 72 "J_Index_RI_2"
PART 73 "J_Index_RI_3"
PART 74 "J_Mid_RI_0"
PART 75 "J_Mid_RI_1"
PART 76 "J_Mid_RI_2"
PART 77 "J_Mid_RI_3"
PART 78 "tag_cambone"
PART 79 "tag_camera"
PART 80 "tag_gasmask"

FRAMERATE 30
NUMFRAMES 31

FRAME 100
PART 0
OFFSET -4.6318 -0.0000 -1.3770
X  1.0000 -0.0000  0.0000
Y  0.0000  1.0000  0.0000
Z  0.0000 -0.0000  1.0000

PART 1
OFFSET -4.6318 -0.0000 -1.3770
X  1.0000 -0.0000  0.0000
Y  0.0000  1.0000  0.0000
Z  0.0000 -0.0000  1.0000

PART 2
OFFSET -6.7281  3.8438 -4.9859
X  0.6959 -0.0331 -0.7174
Y  0.0926 -0.9865  0.1353
Z -0.7122 -0.1606 -0.6834

PART 3
OFFSET  1.6876  3.4431 -13.6621
X  0.7035 -0.3661  0.6092
Y -0.6518  0.0095  0.7583
Z -0.2834 -0.9305 -0.2319

PART 4
OFFSET  7.6708  0.3296 -8.4804
X  0.7035 -0.3661  0.6092
Y -0.5597  0.2429  0.7923
Z -0.4380 -0.8983 -0.0340

PART 5
OFFSET  9.5960  0.6427 -8.2224
X  0.7081 -0.3636  0.6053
Y  0.2907  0.9313  0.2193
Z -0.6435  0.0207  0.7652

PART 6
OFFSET  8.9957 -0.7332 -8.9841
X  0.7081 -0.3636  0.6053
Y  0.2907  0.9313  0.2193
Z -0.6435  0.0207  0.7652

PART 7
OFFSET  8.2788  0.3719 -6.0025
X  0.7081 -0.3636  0.6053
Y  0.2907  0.9313  0.2193
Z -0.6435  0.0207  0.7652

PART 8
OFFSET  7.6926 -0.8224 -6.2067
X  0.7081 -0.3636  0.6053
Y  0.2907  0.9313  0.2193
Z -0.6435  0.0207  0.7652

PART 9
OFFSET  7.8760 -1.2551 -7.3089
X  0.7081 -0.3636  0.6053
Y  0.2907  0.9313  0.2193
Z -0.6435  0.0207  0.7652

PART 10
OFFSET  9.8274 -0.7927 -6.6128
X  0.9838 -0.1193 -0.1335
Y  0.1630  0.2886  0.9435
Z -0.0741 -0.9500  0.3033

PART 11
OFFSET  10.3969 -0.9579 -5.6378
X  0.9448  0.1218  0.3041
Y -0.2933  0.7283  0.6193
Z -0.1461 -0.6744  0.7238

PART 12
OFFSET  12.3983 -0.6599 -4.8793
X  0.9358 -0.1508 -0.3185
Y  0.3509  0.4817  0.8030
Z  0.0323 -0.8633  0.5037

PART 13
OFFSET  13.8917 -1.0288 -5.3850
X  0.7754 -0.4785 -0.4120
Y  0.6150  0.4242  0.6647
Z -0.1433 -0.7688  0.6232

PART 14
OFFSET  14.7342 -1.5742 -5.7908
X  0.7912  0.2280 -0.5675
Y -0.5229  0.7334 -0.4344
Z  0.3171  0.6404  0.6995

PART 15
OFFSET  10.4705 -1.3946 -7.6746
X  0.8235 -0.3942 -0.4080
Y -0.2196 -0.8846  0.4114
Z -0.5231 -0.2492 -0.8150

PART 16
OFFSET  12.3700 -2.3525 -8.4222
X  0.4898 -0.8428  0.2231
Y -0.6547 -0.1866  0.7325
Z -0.5757 -0.5049 -0.6431

PART 17
OFFSET  13.0634 -3.5457 -8.1063
X -0.2502 -0.6317  0.7337
Y -0.8075  0.5543  0.2018
Z -0.5342 -0.5420 -0.6488

PART 18
OFFSET  12.8416 -4.1058 -7.4558
X -0.7677  0.0843  0.6352
Y -0.2624  0.8630 -0.4316
Z -0.5846 -0.4981 -0.6405

PART 19
OFFSET  12.1122 -4.0257 -6.8523
X  0.8365 -0.5342 -0.1223
Y  0.2221  0.5344 -0.8156
Z  0.5010  0.6550  0.5656

PART 20
OFFSET  10.8055 -1.0964 -7.1193
X  0.8858 -0.2079 -0.4149
Y -0.1013 -0.9591  0.2643
Z -0.4529 -0.1921 -0.8706

PART 21
OFFSET  13.0776 -1.8966 -8.0970
X  0.4931 -0.8371  0.2369
Y -0.7274 -0.2473  0.6401
Z -0.4772 -0.4879 -0.7309

PART 22
OFFSET  13.9171 -3.3218 -7.6938
X -0.4123 -0.6059  0.6804
Y -0.7883  0.6117  0.0670
Z -0.4568 -0.5087 -0.7298

PART 23
OFFSET  13.3456 -4.1615 -6.7508
X -0.8503  0.0009  0.5264
Y -0.2648  0.8635 -0.4292
Z -0.4549 -0.5043 -0.7340

PART 24
OFFSET  12.4235 -4.1606 -6.1799
X  0.8255 -0.5188 -0.2222
Y  0.2901  0.7278 -0.6214
Z  0.4841  0.4485  0.7514

PART 25
OFFSET  13.0794 -1.2115 -5.3635
X  0.8736 -0.4322 -0.2237
Y  0.3630  0.8849 -0.2919
Z  0.3241  0.1738  0.9299

PART 26
OFFSET  13.8115 -0.6869 -6.5340
X  0.3874 -0.9115  0.1380
Y -0.8191 -0.2716  0.5053
Z -0.4231 -0.3088 -0.8518

PART 27
OFFSET  14.4936 -2.2917 -6.2910
X -0.4147 -0.8207  0.3930
Y -0.8358  0.5143  0.1921
Z -0.3598 -0.2488 -0.8992

PART 28
OFFSET  14.0113 -3.2743 -5.7585
X -0.7146 -0.4476  0.5375
Y -0.5566  0.8293 -0.0495
Z -0.4236 -0.3346 -0.8418

PART 29
OFFSET  13.2041 -3.7799 -5.1514
X  0.6160 -0.6970 -0.3671
Y  0.5654  0.7156 -0.4101
Z  0.5485  0.0451  0.8349

PART 30
OFFSET  13.5165 -1.1576 -7.4889
X  0.4031 -0.8747  0.2692
Y -0.8467 -0.2448  0.4724
Z -0.3473 -0.4184 -0.8393

PART 31
OFFSET  14.3038 -2.8663 -6.9629
X -0.3921 -0.7558  0.5245
Y -0.8362  0.5304  0.1392
Z -0.3834 -0.3840 -0.8400

PART 32
OFFSET  13.7312 -3.9703 -6.1969
X -0.8487 -0.1975  0.4906
Y -0.3336  0.9197 -0.2070
Z -0.4103 -0.3393 -0.8465

PART 33
OFFSET  12.7672 -4.1970 -5.6471
X  0.8901 -0.4143 -0.1899
Y  0.2596  0.8033 -0.5360
Z  0.3746  0.4278  0.8226

PART 34
OFFSET  12.2941 -2.7193 -7.0208
X -0.5017 -0.2274 -0.8346
Y  0.0741  0.9500 -0.3033
Z  0.8619 -0.2140 -0.4598

PART 35
OFFSET  13.9348 -2.2528 -4.0742
X  1.0000  0.0021 -0.0022
Y -0.0021  1.0000  0.0022
Z  0.0022 -0.0022  1.0000

PART 36
OFFSET  13.9348 -2.2528 -4.0742
X  1.0000  0.0021 -0.0022
Y -0.0021  1.0000  0.0022
Z  0.0022 -0.0022  1.0000

PART 37
OFFSET  17.2079 -2.0959 -3.7363
X  1.0000  0.0021 -0.0022
Y -0.0021  1.0000  0.0022
Z  0.0022 -0.0022  1.0000

PART 38
OFFSET  15.3850 -2.2533 -2.4343
X  1.0000  0.0021 -0.0022
Y -0.0021  1.0000  0.0022
Z  0.0022 -0.0022  1.0000

PART 39
OFFSET -111.5013 -6.6448 -52.3493
X  0.9997  0.0021 -0.0226
Y -0.0021  1.0000  0.0022
Z  0.0226 -0.0021  0.9997

PART 40
OFFSET  15.3573 -2.2523 -3.0590
X  0.9997  0.0021 -0.0226
Y -0.0021  1.0000  0.0022
Z  0.0226 -0.0021  0.9997

PART 41
OFFSET  15.3644 -1.7168 -2.7531
X  0.9997  0.0021 -0.0226
Y -0.0021  1.0000  0.0022
Z  0.0226 -0.0021  0.9997

PART 42
OFFSET  15.3816 -1.7118 -2.1194
X  0.9997  0.0021 -0.0226
Y -0.0021  1.0000  0.0022
Z  0.0226 -0.0021  0.9997

PART 43
OFFSET  15.3913 -2.2547 -1.8097
X  0.9997  0.0021 -0.0226
Y -0.0021  1.0000  0.0022
Z  0.0226 -0.0021  0.9997

PART 44
OFFSET  15.3843 -2.7920 -2.1182
X  0.9997  0.0021 -0.0226
Y -0.0021  1.0000  0.0022
Z  0.0226 -0.0021  0.9997

PART 45
OFFSET  15.3674 -2.7889 -2.7402
X  0.9997  0.0021 -0.0226
Y -0.0021  1.0000  0.0022
Z  0.0226 -0.0021  0.9997

PART 46
OFFSET -109.6491 -6.6408 -52.3912
X  0.9997  0.0021 -0.0226
Y -0.0021  1.0000  0.0022
Z  0.0226 -0.0021  0.9997

PART 47
OFFSET  13.8219 -2.0720 -2.8731
X  1.0000  0.0021 -0.0022
Y -0.0021  1.0000  0.0022
Z  0.0022 -0.0022  1.0000

PART 48
OFFSET -7.8386 -1.3192 -1.5206
X -0.5509  0.3857  0.7401
Y -0.4308 -0.8909  0.1436
Z  0.7148 -0.2397  0.6570

PART 49
OFFSET -1.1759 -5.9843 -10.4709
X -0.8774 -0.2150 -0.4289
Y  0.4797 -0.4050 -0.7784
Z -0.0063 -0.8887  0.4585

PART 50
OFFSET  6.2868 -4.1556 -6.8232
X -0.8774 -0.2150 -0.4289
Y  0.4777 -0.3086 -0.8226
Z  0.0445 -0.9266  0.3734

PART 51
OFFSET  7.2012 -2.5296 -6.1556
X -0.8802 -0.2101 -0.4255
Y  0.0019  0.8950 -0.4460
Z  0.4745 -0.3934 -0.7874

PART 52
OFFSET  7.0741 -2.5974 -4.9660
X -0.8802 -0.2101 -0.4255
Y  0.0019  0.8950 -0.4460
Z  0.4745 -0.3934 -0.7874

PART 53
OFFSET  7.2565 -3.8405 -4.4839
X -0.8802 -0.2101 -0.4255
Y  0.0019  0.8950 -0.4460
Z  0.4745 -0.3934 -0.7874

PART 54
OFFSET  8.9767 -3.4965 -5.5084
X -0.9522  0.0976 -0.2896
Y  0.2575 -0.2542 -0.9322
Z -0.1646 -0.9622  0.2169

PART 55
OFFSET  9.2241 -2.9000 -4.5675
X -0.5282 -0.6290 -0.5704
Y  0.7088  0.0433 -0.7041
Z  0.4676 -0.7762  0.4230

PART 56
OFFSET  10.2672 -1.5038 -3.2899
X -0.9700 -0.1285  0.2063
Y -0.1055 -0.5421 -0.8337
Z  0.2190 -0.8305  0.5122

PART 57
OFFSET  11.8023 -1.2357 -3.7302
X -0.8539 -0.0790  0.5143
Y -0.3979 -0.5379 -0.7432
Z  0.3354 -0.8393  0.4279

PART 58
OFFSET  12.7172 -1.1027 -4.2933
X -0.9278  0.3699 -0.0484
Y  0.3574  0.8441 -0.3997
Z -0.1070 -0.3881 -0.9154

PART 59
OFFSET  10.0914 -3.6568 -6.3054
X -0.9781 -0.0272  0.2064
Y  0.0746 -0.9714  0.2254
Z  0.1943  0.2359  0.9522

PART 60
OFFSET  12.3082 -3.4422 -6.6580
X -0.3526 -0.9332  0.0695
Y  0.8944 -0.3579 -0.2684
Z  0.2753 -0.0325  0.9608

PART 61
OFFSET  12.8073 -2.1210 -6.7564
X  0.5483 -0.8139 -0.1925
Y  0.8025  0.5767 -0.1528
Z  0.2354 -0.0707  0.9693

PART 62
OFFSET  12.3212 -1.3994 -6.5858
X  0.9589 -0.0090 -0.2837
Y  0.0156  0.9997  0.0211
Z  0.2834 -0.0247  0.9587

PART 63
OFFSET  11.4103 -1.3909 -6.3162
X -0.7842 -0.6171  0.0651
Y -0.5694  0.7573  0.3197
Z -0.2466  0.2136 -0.9453

PART 64
OFFSET  10.1067 -3.6437 -5.5918
X -0.9999  0.0060  0.0112
Y -0.0029 -0.9660  0.2586
Z  0.0124  0.2585  0.9659

PART 65
OFFSET  12.6999 -3.7191 -5.7586
X -0.3768 -0.9079  0.1834
Y  0.8727 -0.4144 -0.2581
Z  0.3103  0.0628  0.9486

PART 66
OFFSET  13.3415 -2.1733 -6.0708
X  0.7136 -0.6745 -0.1891
Y  0.6363  0.7371 -0.2276
Z  0.2929  0.0421  0.9552

PART 67
OFFSET  12.3525 -1.2385 -5.8088
X  0.9419  0.1666 -0.2918
Y -0.1727  0.9850  0.0047
Z  0.2881  0.0460  0.9565

PART 68
OFFSET  11.3309 -1.4192 -5.4923
X -0.6588 -0.6968  0.2834
Y -0.6936  0.7086  0.1299
Z -0.2914 -0.1110 -0.9501

PART 69
OFFSET  4.7079 -3.3909 -5.8092
X -0.9915 -0.1265 -0.0319
Y -0.1092  0.9384 -0.3279
Z  0.0714 -0.3217 -0.9442

PART 70
OFFSET  12.4314 -4.0428 -3.5962
X -0.8711 -0.3744  0.3178
Y  0.4165 -0.9061  0.0742
Z  0.2602  0.1970  0.9452

PART 71
OFFSET  13.9651 -3.3837 -4.1558
X -0.8092 -0.4824  0.3352
Y  0.5356 -0.8403  0.0837
Z  0.2413  0.2473  0.9384

PART 72
OFFSET  14.9635 -2.7822 -4.5063
X -0.4769 -0.8372  0.2676
Y  0.8570 -0.5105 -0.0699
Z  0.1951  0.1960  0.9610

PART 73
OFFSET  15.5022 -1.8365 -4.8085
X -0.5635  0.7885  0.2463
Y  0.6808  0.6121 -0.4022
Z -0.4680 -0.0590 -0.8818

PART 74
OFFSET  12.6387 -4.1356 -4.6773
X -0.4951 -0.8427  0.2115
Y  0.8576 -0.5130 -0.0366
Z  0.1394  0.1633  0.9767

PART 75
OFFSET  13.6058 -2.4893 -5.0906
X  0.6095 -0.7915  0.0440
Y  0.7735  0.5817 -0.2516
Z  0.1736  0.1874  0.9668

PART 76
OFFSET  12.7156 -1.3331 -5.1549
X  0.9714  0.0823 -0.2226
Y -0.1314  0.9676 -0.2156
Z  0.1976  0.2386  0.9508

PART 77
OFFSET  11.6138 -1.4274 -4.9097
X -0.6736 -0.6964  0.2475
Y -0.7091  0.7034  0.0492
Z -0.2084 -0.1424 -0.9676

PART 78
OFFSET  0.0000 -0.0000 -0.0000
X  1.0000 -0.0000  0.0000
Y  0.0000  1.0000  0.0000
Z  0.0000 -0.0000  1.0000

PART 79
OFFSET  0.0000 -0.0000 -0.0000
X  1.0000 -0.0000  0.0000
Y  0.0000  1.0000  0.0000
Z  0.0000 -0.0000  1.0000

PART 80
OFFSET  1.5404 -0.0000  4.1357
X  1.0000 -0.0000  0.0000
Y  0.0000  1.0000  0.0000
Z  0.0000 -0.0000  1.0000


FRAME 101
PART 0
OFFSET -4.6318 -0.0000 -1.3770
X  1.0000 -0.0000  0.0000
Y  0.0000  1.0000  0.0000
Z  0.0000 -0.0000  1.0000

PART 1
OFFSET -4.6318 -0.0000 -1.3770
X  1.0000 -0.0000  0.0000
Y  0.0000  1.0000  0.0000
Z  0.0000 -0.0000  1.0000

PART 2
OFFSET -6.7281  3.8438 -4.9859
X  0.7047 -0.0380 -0.7085
Y  0.0883 -0.9861  0.1407
Z -0.7040 -0.1617 -0.6915

PART 3
OFFSET  1.7940  3.3847 -13.5548
X  0.7092 -0.3655  0.6029
Y -0.6457  0.0064  0.7635
Z -0.2829 -0.9308 -0.2315

PART 4
OFFSET  7.8263  0.2764 -8.4272
X  0.7092 -0.3655  0.6029
Y -0.5497  0.2486  0.7975
Z -0.4413 -0.8970 -0.0246

PART 5
OFFSET  9.7526  0.5939 -8.1840
X  0.7138 -0.3629  0.5989
Y  0.2901  0.9317  0.2188
Z -0.6374  0.0176  0.7703

PART 6
OFFSET  9.1497 -0.7820 -8.9436
X  0.7138 -0.3629  0.5989
Y  0.2901  0.9317  0.2188
Z -0.6374  0.0176  0.7703

PART 7
OFFSET  8.4539  0.3154 -5.9541
X  0.7138 -0.3629  0.5989
Y  0.2901  0.9317  0.2188
Z -0.6374  0.0176  0.7703

PART 8
OFFSET  7.8692 -0.8799 -6.1560
X  0.7138 -0.3629  0.5989
Y  0.2901  0.9317  0.2188
Z -0.6374  0.0176  0.7703

PART 9
OFFSET  8.0448 -1.3100 -7.2605
X  0.7138 -0.3629  0.5989
Y  0.2901  0.9317  0.2188
Z -0.6374  0.0176  0.7703

PART 10
OFFSET  10.0006 -0.8440 -6.5791
X  0.9838 -0.1191 -0.1342
Y  0.1641  0.2947  0.9414
Z -0.0726 -0.9481  0.3094

PART 11
OFFSET  10.5716 -1.0026 -5.6039
X  0.9370  0.1161  0.3296
Y -0.3085  0.7180  0.6240
Z -0.1642 -0.6863  0.7085

PART 12
OFFSET  12.5536 -0.7185 -4.7910
X  0.9478 -0.1390 -0.2871
Y  0.3183  0.4714  0.8225
Z  0.0210 -0.8709  0.4910

PART 13
OFFSET  14.0670 -1.0686 -5.2486
X  0.8011 -0.4607 -0.3821
Y  0.5769  0.4241  0.6981
Z -0.1595 -0.7797  0.6055

PART 14
OFFSET  14.9358 -1.5953 -5.6222
X  0.8127  0.2481 -0.5272
Y -0.5140  0.7313 -0.4482
Z  0.2743  0.6353  0.7219

PART 15
OFFSET  10.6426 -1.4520 -7.6381
X  0.8233 -0.3959 -0.4068
Y -0.2181 -0.8822  0.4173
Z -0.5241 -0.2548 -0.8127

PART 16
OFFSET  12.5420 -2.4126 -8.3825
X  0.5199 -0.8318  0.1944
Y -0.6306 -0.2203  0.7442
Z -0.5762 -0.5095 -0.6391

PART 17
OFFSET  13.2781 -3.5903 -8.1073
X -0.1761 -0.6760  0.7156
Y -0.8271  0.4958  0.2647
Z -0.5337 -0.5452 -0.6464

PART 18
OFFSET  13.1219 -4.1896 -7.4729
X -0.7228 -0.0278  0.6905
Y -0.3662  0.8628 -0.3485
Z -0.5861 -0.5048 -0.6338

PART 19
OFFSET  12.4353 -4.2161 -6.8169
X  0.8675 -0.4474 -0.2177
Y  0.1146  0.6055 -0.7876
Z  0.4841  0.6582  0.5765

PART 20
OFFSET  10.9782 -1.1499 -7.0852
X  0.8854 -0.2096 -0.4150
Y -0.0999 -0.9575  0.2705
Z -0.4540 -0.1980 -0.8687

PART 21
OFFSET  13.2496 -1.9540 -8.0612
X  0.5265 -0.8233  0.2122
Y -0.7032 -0.2814  0.6529
Z -0.4778 -0.4930 -0.7271

PART 22
OFFSET  14.1460 -3.3556 -7.7000
X -0.3386 -0.6552  0.6753
Y -0.8227  0.5545  0.1255
Z -0.4566 -0.5131 -0.7268

PART 23
OFFSET  13.6767 -4.2637 -6.7641
X -0.8062 -0.1131  0.5808
Y -0.3779  0.8537 -0.3584
Z -0.4552 -0.5084 -0.7309

PART 24
OFFSET  12.8023 -4.3864 -6.1343
X  0.8540 -0.4200 -0.3070
Y  0.1723  0.7852 -0.5947
Z  0.4909  0.4550  0.7430

PART 25
OFFSET  13.2548 -1.2516 -5.3321
X  0.8737 -0.4327 -0.2223
Y  0.3617  0.8834 -0.2980
Z  0.3253  0.1800  0.9283

PART 26
OFFSET  13.9846 -0.7337 -6.5069
X  0.4265 -0.8961  0.1232
Y -0.8004 -0.3104  0.5129
Z -0.4214 -0.3173 -0.8496

PART 27
OFFSET  14.7355 -2.3113 -6.2901
X -0.3364 -0.8618  0.3797
Y -0.8689  0.4396  0.2278
Z -0.3632 -0.2533 -0.8966

PART 28
OFFSET  14.3486 -3.3436 -5.7740
X -0.6326 -0.5529  0.5423
Y -0.6518  0.7583  0.0128
Z -0.4183 -0.3454 -0.8401

PART 29
OFFSET  13.6340 -3.9681 -5.1614
X  0.6767 -0.6017 -0.4244
Y  0.4587  0.7953 -0.3962
Z  0.5759  0.0734  0.8142

PART 30
OFFSET  13.6886 -1.2107 -7.4584
X  0.4420 -0.8607  0.2524
Y -0.8267 -0.2817  0.4871
Z -0.3481 -0.4240 -0.8361

PART 31
OFFSET  14.5522 -2.8922 -6.9653
X -0.3127 -0.7966  0.5174
Y -0.8680  0.4608  0.1848
Z -0.3857 -0.3913 -0.8356

PART 32
OFFSET  14.0954 -4.0557 -6.2096
X -0.7922 -0.3145  0.5231
Y -0.4465  0.8829 -0.1454
Z -0.4161 -0.3487 -0.8398

PART 33
OFFSET  13.1956 -4.4150 -5.6230
X  0.9192 -0.3005 -0.2546
Y  0.1367  0.8497 -0.5093
Z  0.3693  0.4334  0.8221

PART 34
OFFSET  12.4686 -2.7707 -6.9787
X -0.5027 -0.2331 -0.8324
Y  0.0726  0.9481 -0.3094
Z  0.8614 -0.2160 -0.4597

PART 35
OFFSET  14.0278 -2.2642 -4.0545
X  1.0000  0.0034 -0.0034
Y -0.0034  1.0000  0.0015
Z  0.0034 -0.0015  1.0000

PART 36
OFFSET  14.0278 -2.2642 -4.0545
X  1.0000  0.0034 -0.0034
Y -0.0034  1.0000  0.0015
Z  0.0034 -0.0015  1.0000

PART 37
OFFSET  17.3012 -2.1029 -3.7206
X  1.0000  0.0034 -0.0034
Y -0.0034  1.0000  0.0015
Z  0.0034 -0.0015  1.0000

PART 38
OFFSET  15.4800 -2.2618 -2.4163
X  1.0000  0.0034 -0.0034
Y -0.0034  1.0000  0.0015
Z  0.0034 -0.0015  1.0000

PART 39
OFFSET -111.4510 -6.8651 -52.1679
X  0.9997  0.0035 -0.0238
Y -0.0035  1.0000  0.0015
Z  0.0238 -0.0015  0.9997

PART 40
OFFSET  15.4516 -2.2612 -3.0410
X  0.9997  0.0034 -0.0238
Y -0.0034  1.0000  0.0015
Z  0.0238 -0.0014  0.9997

PART 41
OFFSET  15.4584 -1.7255 -2.7355
X  0.9997  0.0034 -0.0238
Y -0.0034  1.0000  0.0015
Z  0.0238 -0.0014  0.9997

PART 42
OFFSET  15.4763 -1.7201 -2.1018
X  0.9997  0.0034 -0.0238
Y -0.0034  1.0000  0.0015
Z  0.0238 -0.0014  0.9997

PART 43
OFFSET  15.4871 -2.2627 -1.7917
X  0.9997  0.0034 -0.0238
Y -0.0034  1.0000  0.0015
Z  0.0238 -0.0014  0.9997

PART 44
OFFSET  15.4804 -2.8003 -2.0999
X  0.9997  0.0034 -0.0238
Y -0.0034  1.0000  0.0015
Z  0.0238 -0.0014  0.9997

PART 45
OFFSET  15.4627 -2.7976 -2.7218
X  0.9997  0.0034 -0.0238
Y -0.0034  1.0000  0.0015
Z  0.0238 -0.0014  0.9997

PART 46
OFFSET -109.5989 -6.8586 -52.2121
X  0.9997  0.0035 -0.0238
Y -0.0035  1.0000  0.0015
Z  0.0238 -0.0015  0.9997

PART 47
OFFSET  13.9162 -2.0827 -2.8533
X  1.0000  0.0034 -0.0034
Y -0.0034  1.0000  0.0015
Z  0.0034 -0.0015  1.0000

PART 48
OFFSET -7.8386 -1.3192 -1.5206
X -0.5571  0.3839  0.7364
Y -0.4305 -0.8918  0.1393
Z  0.7102 -0.2394  0.6621

PART 49
OFFSET -1.1016 -5.9625 -10.4264
X -0.8790 -0.2115 -0.4273
Y  0.4767 -0.4056 -0.7799
Z -0.0083 -0.8893  0.4573

PART 50
OFFSET  6.3748 -4.1635 -6.7920
X -0.8790 -0.2115 -0.4273
Y  0.4749 -0.3081 -0.8243
Z  0.0427 -0.9275  0.3713

PART 51
OFFSET  7.2960 -2.5415 -6.1242
X -0.8818 -0.2066 -0.4239
Y  0.0040  0.8956 -0.4449
Z  0.4716 -0.3940 -0.7889

PART 52
OFFSET  7.1711 -2.6104 -4.9344
X -0.8818 -0.2066 -0.4239
Y  0.0040  0.8956 -0.4449
Z  0.4716 -0.3940 -0.7889

PART 53
OFFSET  7.3504 -3.8547 -4.4543
X -0.8818 -0.2066 -0.4239
Y  0.0040  0.8956 -0.4449
Z  0.4716 -0.3940 -0.7889

PART 54
OFFSET  9.0696 -3.5151 -5.4819
X -0.9526  0.0962 -0.2885
Y  0.2567 -0.2545 -0.9324
Z -0.1632 -0.9623  0.2177

PART 55
OFFSET  9.3174 -2.9177 -4.5418
X -0.5281 -0.6300 -0.5693
Y  0.7079  0.0437 -0.7050
Z  0.4690 -0.7753  0.4229

PART 56
OFFSET  10.3603 -1.5194 -3.2663
X -0.9696 -0.1296  0.2076
Y -0.1058 -0.5427 -0.8332
Z  0.2206 -0.8298  0.5125

PART 57
OFFSET  11.8945 -1.2496 -3.7086
X -0.8532 -0.0798  0.5154
Y -0.3981 -0.5389 -0.7424
Z  0.3370 -0.8386  0.4281

PART 58
OFFSET  12.8085 -1.1158 -4.2729
X -0.9283  0.3687 -0.0475
Y  0.3558  0.8443 -0.4006
Z -0.1076 -0.3888 -0.9150

PART 59
OFFSET  10.1836 -3.6745 -6.2802
X -0.9778 -0.0283  0.2076
Y  0.0761 -0.9712  0.2259
Z  0.1952  0.2367  0.9518

PART 60
OFFSET  12.3997 -3.4574 -6.6356
X -0.3513 -0.9336  0.0705
Y  0.8945 -0.3569 -0.2692
Z  0.2765 -0.0315  0.9605

PART 61
OFFSET  12.8970 -2.1356 -6.7354
X  0.5491 -0.8133 -0.1926
Y  0.8016  0.5777 -0.1542
Z  0.2366 -0.0697  0.9691

PART 62
OFFSET  12.4102 -1.4145 -6.5647
X  0.9585 -0.0080 -0.2849
Y  0.0144  0.9997  0.0205
Z  0.2846 -0.0237  0.9584

PART 63
OFFSET  11.4995 -1.4070 -6.2941
X -0.7833 -0.6181  0.0664
Y -0.5700  0.7568  0.3198
Z -0.2480  0.2127 -0.9451

PART 64
OFFSET  10.1997 -3.6610 -5.5666
X -0.9999  0.0048  0.0124
Y -0.0014 -0.9658  0.2592
Z  0.0132  0.2591  0.9658

PART 65
OFFSET  12.7928 -3.7331 -5.7365
X -0.3755 -0.9083  0.1845
Y  0.8729 -0.4135 -0.2589
Z  0.3114  0.0638  0.9481

PART 66
OFFSET  13.4322 -2.1868 -6.0505
X  0.7142 -0.6738 -0.1895
Y  0.6352  0.7377 -0.2289
Z  0.2940  0.0431  0.9548

PART 67
OFFSET  12.4423 -1.2530 -5.7879
X  0.9413  0.1675 -0.2930
Y -0.1739  0.9847  0.0042
Z  0.2892  0.0470  0.9561

PART 68
OFFSET  11.4214 -1.4347 -5.4701
X -0.6577 -0.6975  0.2847
Y -0.6943  0.7078  0.1303
Z -0.2924 -0.1120 -0.9497

PART 69
OFFSET  4.8003 -3.4151 -5.7777
X -0.9913 -0.1278 -0.0306
Y -0.1108  0.9380 -0.3284
Z  0.0707 -0.3222 -0.9440

PART 70
OFFSET  12.5273 -4.0558 -3.5735
X -0.8753 -0.3641  0.3182
Y  0.4070 -0.9101  0.0782
Z  0.2611  0.1980  0.9448

PART 71
OFFSET  14.0684 -3.4147 -4.1337
X -0.8057 -0.4868  0.3375
Y  0.5404 -0.8374  0.0820
Z  0.2427  0.2484  0.9377

PART 72
OFFSET  15.0626 -2.8077 -4.4871
X -0.4716 -0.8398  0.2688
Y  0.8595 -0.5059 -0.0725
Z  0.1969  0.1968  0.9605

PART 73
OFFSET  15.5953 -1.8591 -4.7907
X -0.5670  0.7855  0.2481
Y  0.6763  0.6159 -0.4041
Z -0.4702 -0.0613 -0.8804

PART 74
OFFSET  12.7334 -4.1490 -4.6549
X -0.4937 -0.8432  0.2127
Y  0.8582 -0.5119 -0.0373
Z  0.1404  0.1641  0.9764

PART 75
OFFSET  13.6980 -2.5017 -5.0703
X  0.6106 -0.7907  0.0438
Y  0.7725  0.5825 -0.2529
Z  0.1745  0.1883  0.9665

PART 76
OFFSET  12.8062 -1.3468 -5.1343
X  0.9711  0.0834 -0.2238
Y -0.1329  0.9673 -0.2160
Z  0.1984  0.2395  0.9504

PART 77
OFFSET  11.7048 -1.4423 -4.8878
X -0.6724 -0.6971  0.2488
Y -0.7099  0.7025  0.0496
Z -0.2094 -0.1433 -0.9673

PART 78
OFFSET  0.0000 -0.0000 -0.0000
X  1.0000 -0.0000  0.0000
Y  0.0000  1.0000  0.0000
Z  0.0000 -0.0000  1.0000

PART 79
OFFSET  0.0000 -0.0000 -0.0000
X  1.0000 -0.0000  0.0000
Y  0.0000  1.0000  0.0000
Z  0.0000 -0.0000  1.0000

PART 80
OFFSET  1.5404 -0.0000  4.1357
X  1.0000 -0.0000  0.0000
Y  0.0000  1.0000  0.0000
Z  0.0000 -0.0000  1.0000


FRAME 102
PART 0
OFFSET -4.6318 -0.0000 -1.3770
X  1.0000 -0.0000  0.0000
Y  0.0000  1.0000  0.0000
Z  0.0000 -0.0000  1.0000

PART 1
OFFSET -4.6318 -0.0000 -1.3770
X  1.0000 -0.0000  0.0000
Y  0.0000  1.0000  0.0000
Z  0.0000 -0.0000  1.0000

PART 2
OFFSET -6.7281  3.8438 -4.9859
X  0.7269 -0.0502 -0.6849
Y  0.0777 -0.9849  0.1547
Z -0.6824 -0.1657 -0.7120

PART 3
OFFSET  2.0627  3.2362 -13.2693
X  0.7252 -0.3630  0.5851
Y -0.6286 -0.0023  0.7777
Z -0.2810 -0.9318 -0.2298

PART 4
OFFSET  8.2307  0.1487 -8.2928
X  0.7252 -0.3630  0.5851
Y -0.5227  0.2629  0.8110
Z -0.4482 -0.8939  0.0009

PART 5
OFFSET  10.1595  0.4796 -8.0907
X  0.7297 -0.3604  0.5811
Y  0.2879  0.9327  0.2170
Z -0.6202  0.0090  0.7844

PART 6
OFFSET  9.5502 -0.8971 -8.8438
X  0.7297 -0.3604  0.5811
Y  0.2879  0.9327  0.2170
Z -0.6202  0.0090  0.7844

PART 7
OFFSET  8.9129  0.1804 -5.8341
X  0.7297 -0.3604  0.5811
Y  0.2879  0.9327  0.2170
Z -0.6202  0.0090  0.7844

PART 8
OFFSET  8.3328 -1.0184 -6.0290
X  0.7297 -0.3604  0.5811
Y  0.2879  0.9327  0.2170
Z -0.6202  0.0090  0.7844

PART 9
OFFSET  8.4870 -1.4417 -7.1392
X  0.7297 -0.3604  0.5811
Y  0.2879  0.9327  0.2170
Z -0.6202  0.0090  0.7844

PART 10
OFFSET  10.4539 -0.9642 -6.4991
X  0.9836 -0.1188 -0.1359
Y  0.1667  0.3088  0.9364
Z -0.0693 -0.9437  0.3236

PART 11
OFFSET  11.0287 -1.1070 -5.5237
X  0.9160  0.0992  0.3887
Y -0.3435  0.6945  0.6322
Z -0.2073 -0.7126  0.6702

PART 12
OFFSET  12.9596 -0.8633 -4.5844
X  0.9709 -0.1161 -0.2094
Y  0.2393  0.4453  0.8628
Z -0.0069 -0.8878  0.4601

PART 13
OFFSET  14.5119 -1.1767 -4.9225
X  0.8539 -0.4228 -0.3034
Y  0.4812  0.4197  0.7696
Z -0.1980 -0.8032  0.5619

PART 14
OFFSET  15.4345 -1.6635 -5.2118
X  0.8567  0.2903 -0.4263
Y -0.4867  0.7286 -0.4819
Z  0.1707  0.6203  0.7655

PART 15
OFFSET  11.0937 -1.5861 -7.5513
X  0.8228 -0.3999 -0.4038
Y -0.2145 -0.8765  0.4310
Z -0.5263 -0.2680 -0.8070

PART 16
OFFSET  12.9928 -2.5531 -8.2882
X  0.5869 -0.8002  0.1231
Y -0.5678 -0.2984  0.7672
Z -0.5772 -0.5202 -0.6295

PART 17
OFFSET  13.8237 -3.6861 -8.1139
X  0.0053 -0.7597  0.6503
Y -0.8462  0.3431  0.4077
Z -0.5329 -0.5524 -0.6410

PART 18
OFFSET  13.8284 -4.3596 -7.5373
X -0.5622 -0.2860  0.7760
Y -0.5814  0.8040 -0.1249
Z -0.5882 -0.5214 -0.6182

PART 19
OFFSET  13.2943 -4.6313 -6.8001
X  0.8800 -0.2106 -0.4257
Y -0.1515  0.7251 -0.6718
Z  0.4501  0.6557  0.6062

PART 20
OFFSET  11.4305 -1.2752 -7.0041
X  0.8844 -0.2136 -0.4150
Y -0.0966 -0.9537  0.2849
Z -0.4566 -0.2118 -0.8641

PART 21
OFFSET  13.7004 -2.0881 -7.9762
X  0.6013 -0.7848  0.1504
Y -0.6394 -0.3597  0.6795
Z -0.4792 -0.5047 -0.7181

PART 22
OFFSET  14.7241 -3.4242 -7.7202
X -0.1528 -0.7510  0.6424
Y -0.8765  0.4032  0.2629
Z -0.4564 -0.5229 -0.7199

PART 23
OFFSET  14.5123 -4.4650 -6.8299
X -0.6428 -0.3706  0.6705
Y -0.6154  0.7711 -0.1637
Z -0.4563 -0.5178 -0.7237

PART 24
OFFSET  13.8152 -4.8670 -6.1028
X  0.8557 -0.1623 -0.4914
Y -0.1156  0.8656 -0.4872
Z  0.5044  0.4737  0.7220

PART 25
OFFSET  13.7135 -1.3458 -5.2578
X  0.8739 -0.4339 -0.2190
Y  0.3585  0.8797 -0.3122
Z  0.3281  0.1944  0.9244

PART 26
OFFSET  14.4379 -0.8434 -6.4426
X  0.5159 -0.8524  0.0857
Y -0.7483 -0.3996  0.5295
Z -0.4171 -0.3373 -0.8440

PART 27
OFFSET  15.3461 -2.3441 -6.2917
X -0.1400 -0.9314  0.3361
Y -0.9176  0.2496  0.3093
Z -0.3719 -0.2651 -0.8896

PART 28
OFFSET  15.1985 -3.4603 -5.8290
X -0.3902 -0.7576  0.5232
Y -0.8271  0.5381  0.1624
Z -0.4045 -0.3693 -0.8366

PART 29
OFFSET  14.7577 -4.3160 -5.2381
X  0.7599 -0.3430 -0.5522
Y  0.1755  0.9261 -0.3339
Z  0.6259  0.1568  0.7640

PART 30
OFFSET  14.1397 -1.3350 -7.3859
X  0.5308 -0.8213  0.2090
Y -0.7718 -0.3667  0.5195
Z -0.3500 -0.4370 -0.8285

PART 31
OFFSET  15.1767 -2.9395 -6.9777
X -0.1146 -0.8676  0.4839
Y -0.9135  0.2835  0.2919
Z -0.3904 -0.4086 -0.8250

PART 32
OFFSET  15.0093 -4.2067 -6.2708
X -0.5998 -0.5646  0.5670
Y -0.6759  0.7367  0.0185
Z -0.4282 -0.3721 -0.8235

PART 33
OFFSET  14.3274 -4.8493 -5.6345
X  0.9190 -0.0139 -0.3940
Y -0.1627  0.8969 -0.4112
Z  0.3590  0.4420  0.8220

PART 34
OFFSET  12.9252 -2.8907 -6.8791
X -0.5051 -0.2465 -0.8271
Y  0.0693  0.9437 -0.3236
Z  0.8603 -0.2207 -0.4596

PART 35
OFFSET  14.2696 -2.3055 -4.0079
X  1.0000  0.0063 -0.0062
Y -0.0064  1.0000 -0.0020
Z  0.0062  0.0021  1.0000

PART 36
OFFSET  14.2696 -2.3055 -4.0079
X  1.0000  0.0063 -0.0062
Y -0.0064  1.0000 -0.0020
Z  0.0062  0.0021  1.0000

PART 37
OFFSET  17.5433 -2.1333 -3.6837
X  1.0000  0.0063 -0.0062
Y -0.0064  1.0000 -0.0020
Z  0.0062  0.0021  1.0000

PART 38
OFFSET  15.7262 -2.2929 -2.3738
X  1.0000  0.0063 -0.0062
Y -0.0064  1.0000 -0.0020
Z  0.0062  0.0021  1.0000

PART 39
OFFSET -111.3004 -7.5041 -51.7295
X  0.9996  0.0067 -0.0266
Y -0.0068  1.0000 -0.0019
Z  0.0266  0.0021  0.9996

PART 40
OFFSET  15.6961 -2.2947 -2.9985
X  0.9996  0.0063 -0.0266
Y -0.0064  1.0000 -0.0020
Z  0.0266  0.0022  0.9996

PART 41
OFFSET  15.7022 -1.7579 -2.6948
X  0.9996  0.0063 -0.0266
Y -0.0064  1.0000 -0.0020
Z  0.0266  0.0022  0.9996

PART 42
OFFSET  15.7218 -1.7502 -2.0612
X  0.9996  0.0063 -0.0266
Y -0.0064  1.0000 -0.0020
Z  0.0266  0.0022  0.9996

PART 43
OFFSET  15.7351 -2.2916 -1.7493
X  0.9996  0.0063 -0.0266
Y -0.0064  1.0000 -0.0020
Z  0.0266  0.0022  0.9996

PART 44
OFFSET  15.7291 -2.8303 -2.0555
X  0.9996  0.0063 -0.0266
Y -0.0064  1.0000 -0.0020
Z  0.0266  0.0022  0.9996

PART 45
OFFSET  15.7097 -2.8299 -2.6774
X  0.9996  0.0063 -0.0266
Y -0.0064  1.0000 -0.0020
Z  0.0266  0.0022  0.9996

PART 46
OFFSET -109.4486 -7.4917 -51.7788
X  0.9996  0.0067 -0.0266
Y -0.0068  1.0000 -0.0019
Z  0.0266  0.0021  0.9996

PART 47
OFFSET  14.1607 -2.1201 -2.8071
X  1.0000  0.0063 -0.0062
Y -0.0064  1.0000 -0.0020
Z  0.0062  0.0021  1.0000

PART 48
OFFSET -7.8386 -1.3192 -1.5206
X -0.5727  0.3794  0.7267
Y -0.4299 -0.8938  0.1278
Z  0.6980 -0.2392  0.6750

PART 49
OFFSET -0.9125 -5.9074 -10.3092
X -0.8836 -0.2015 -0.4228
Y  0.4681 -0.4071 -0.7843
Z -0.0141 -0.8909  0.4540

PART 50
OFFSET  6.6025 -4.1939 -6.7133
X -0.8836 -0.2015 -0.4228
Y  0.4669 -0.3086 -0.8287
Z  0.0365 -0.9296  0.3668

PART 51
OFFSET  7.5431 -2.5832 -6.0449
X -0.8863 -0.1966 -0.4193
Y  0.0099  0.8972 -0.4415
Z  0.4630 -0.3954 -0.7933

PART 52
OFFSET  7.4248 -2.6556 -4.8547
X -0.8863 -0.1966 -0.4193
Y  0.0099  0.8972 -0.4415
Z  0.4630 -0.3954 -0.7933

PART 53
OFFSET  7.5950 -3.9034 -4.3804
X -0.8863 -0.1966 -0.4193
Y  0.0099  0.8972 -0.4415
Z  0.4630 -0.3954 -0.7933

PART 54
OFFSET  9.3112 -3.5762 -5.4171
X -0.9537  0.0924 -0.2862
Y  0.2549 -0.2570 -0.9322
Z -0.1597 -0.9620  0.2216

PART 55
OFFSET  9.5598 -2.9748 -4.4798
X -0.5278 -0.6336 -0.5656
Y  0.7058  0.0433 -0.7071
Z  0.4725 -0.7724  0.4243

PART 56
OFFSET  10.6020 -1.5688 -3.2122
X -0.9686 -0.1318  0.2107
Y -0.1065 -0.5460 -0.8310
Z  0.2245 -0.8274  0.5148

PART 57
OFFSET  12.1342 -1.2960 -3.6597
X -0.8515 -0.0805  0.5181
Y -0.3985 -0.5427 -0.7393
Z  0.3407 -0.8360  0.4301

PART 58
OFFSET  13.0463 -1.1615 -4.2270
X -0.9296  0.3658 -0.0462
Y  0.3522  0.8439 -0.4046
Z -0.1090 -0.3924 -0.9133

PART 59
OFFSET  10.4234 -3.7352 -6.2179
X -0.9771 -0.0305  0.2104
Y  0.0796 -0.9701  0.2292
Z  0.1971  0.2407  0.9504

PART 60
OFFSET  12.6378 -3.5126 -6.5803
X -0.3483 -0.9344  0.0748
Y  0.8948 -0.3552 -0.2705
Z  0.2793 -0.0273  0.9598

PART 61
OFFSET  13.1310 -2.1898 -6.6862
X  0.5510 -0.8123 -0.1912
Y  0.7994  0.5795 -0.1584
Z  0.2395 -0.0656  0.9687

PART 62
OFFSET  12.6424 -1.4695 -6.5166
X  0.9578 -0.0061 -0.2875
Y  0.0114  0.9998  0.0169
Z  0.2873 -0.0195  0.9576

PART 63
OFFSET  11.7325 -1.4637 -6.2435
X -0.7813 -0.6201  0.0708
Y -0.5714  0.7563  0.3188
Z -0.2512  0.2086 -0.9452

PART 64
OFFSET  10.4414 -3.7190 -5.5045
X -0.9999  0.0018  0.0151
Y  0.0022 -0.9649  0.2626
Z  0.0151  0.2626  0.9648

PART 65
OFFSET  13.0343 -3.7841 -5.6813
X -0.3725 -0.9086  0.1888
Y  0.8734 -0.4120 -0.2598
Z  0.3138  0.0681  0.9470

PART 66
OFFSET  13.6685 -2.2371 -6.0026
X  0.7156 -0.6724 -0.1891
Y  0.6324  0.7386 -0.2333
Z  0.2965  0.0474  0.9538

PART 67
OFFSET  12.6767 -1.3051 -5.7406
X  0.9400  0.1691 -0.2962
Y -0.1767  0.9843  0.0011
Z  0.2917  0.0513  0.9551

PART 68
OFFSET  11.6572 -1.4885 -5.4194
X -0.6549 -0.6983  0.2890
Y -0.6959  0.7064  0.1297
Z -0.2947 -0.1162 -0.9485

PART 69
OFFSET  5.0408 -3.4900 -5.7013
X -0.9910 -0.1309 -0.0274
Y -0.1145  0.9365 -0.3314
Z  0.0690 -0.3253 -0.9431

PART 70
OFFSET  12.7757 -4.0998 -3.5165
X -0.8861 -0.3361  0.3191
Y  0.3816 -0.9199  0.0906
Z  0.2631  0.2021  0.9434

PART 71
OFFSET  14.3358 -3.5081 -4.0784
X -0.7964 -0.4974  0.3440
Y  0.5524 -0.8298  0.0790
Z  0.2462  0.2530  0.9356

PART 72
OFFSET  15.3189 -2.8880 -4.4397
X -0.4581 -0.8459  0.2733
Y  0.8659 -0.4941 -0.0782
Z  0.2012  0.2008  0.9588

PART 73
OFFSET  15.8363 -1.9325 -4.7484
X -0.5759  0.7779  0.2513
Y  0.6648  0.6246 -0.4098
Z -0.4758 -0.0689 -0.8769

PART 74
OFFSET  12.9792 -4.1963 -4.5980
X -0.4906 -0.8439  0.2170
Y  0.8596 -0.5095 -0.0379
Z  0.1426  0.1680  0.9754

PART 75
OFFSET  13.9376 -2.5476 -5.0220
X  0.6131 -0.7888  0.0449
Y  0.7700  0.5839 -0.2571
Z  0.1766  0.1922  0.9653

PART 76
OFFSET  13.0422 -1.3955 -5.0876
X  0.9702  0.0855 -0.2268
Y -0.1364  0.9661 -0.2191
Z  0.2004  0.2435  0.9490

PART 77
OFFSET  11.9418 -1.4935 -4.8376
X -0.6696 -0.6982  0.2531
Y -0.7119  0.7006  0.0491
Z -0.2116 -0.1473 -0.9662

PART 78
OFFSET  0.0000 -0.0000 -0.0000
X  1.0000 -0.0000  0.0000
Y  0.0000  1.0000  0.0000
Z  0.0000 -0.0000  1.0000

PART 79
OFFSET  0.0000 -0.0000 -0.0000
X  1.0000 -0.0000  0.0000
Y  0.0000  1.0000  0.0000
Z  0.0000 -0.0000  1.0000

PART 80
OFFSET  1.5404 -0.0000  4.1357
X  1.0000 -0.0000  0.0000
Y  0.0000  1.0000  0.0000
Z  0.0000 -0.0000  1.0000


FRAME 103
PART 0
OFFSET -4.6318 -0.0000 -1.3770
X  1.0000 -0.0000  0.0000
Y  0.0000  1.0000  0.0000
Z  0.0000 -0.0000  1.0000

PART 1
OFFSET -4.6318 -0.0000 -1.3770
X  1.0000 -0.0000  0.0000
Y  0.0000  1.0000  0.0000
Z  0.0000 -0.0000  1.0000

PART 2
OFFSET -6.7281  3.8438 -4.9859
X  0.7564 -0.0667 -0.6507
Y  0.0634 -0.9826  0.1744
Z -0.6510 -0.1732 -0.7391

PART 3
OFFSET  2.4200  3.0377 -12.8551
X  0.7491 -0.3578  0.5575
Y -0.6016 -0.0152  0.7986
Z -0.2773 -0.9337 -0.2267

PART 4
OFFSET  8.7917 -0.0055 -8.1135
X  0.7491 -0.3578  0.5575
Y -0.4830  0.2810  0.8293
Z -0.4534 -0.8905  0.0377

PART 5
OFFSET  10.7221  0.3481 -7.9750
X  0.7535 -0.3551  0.5533
Y  0.2837  0.9348  0.2136
Z -0.5931 -0.0039  0.8051

PART 6
OFFSET  10.1042 -1.0311 -8.7165
X  0.7535 -0.3551  0.5533
Y  0.2837  0.9348  0.2136
Z -0.5931 -0.0039  0.8051

PART 7
OFFSET  9.5570  0.0184 -5.6793
X  0.7535 -0.3551  0.5533
Y  0.2837  0.9348  0.2136
Z -0.5931 -0.0039  0.8051

PART 8
OFFSET  8.9852 -1.1861 -5.8628
X  0.7535 -0.3551  0.5533
Y  0.2837  0.9348  0.2136
Z -0.5931 -0.0039  0.8051

PART 9
OFFSET  9.1066 -1.6002 -6.9806
X  0.7535 -0.3551  0.5533
Y  0.2837  0.9348  0.2136
Z -0.5931 -0.0039  0.8051

PART 10
OFFSET  11.0882 -1.1024 -6.4045
X  0.9834 -0.1184 -0.1378
Y  0.1695  0.3250  0.9304
Z -0.0653 -0.9383  0.3396

PART 11
OFFSET  11.6674 -1.2273 -5.4292
X  0.8869  0.0731  0.4561
Y -0.3828  0.6690  0.6372
Z -0.2585 -0.7397  0.6213

PART 12
OFFSET  13.5288 -1.0440 -4.3469
X  0.9887 -0.0983 -0.1129
Y  0.1437  0.4127  0.8994
Z -0.0418 -0.9055  0.4222

PART 13
OFFSET  15.1117 -1.3286 -4.5355
X  0.9006 -0.3868 -0.1983
Y  0.3601  0.4083  0.8388
Z -0.2434 -0.8268  0.5070

PART 14
OFFSET  16.0806 -1.7778 -4.7125
X  0.8954  0.3298 -0.2992
Y -0.4429  0.7292 -0.5216
Z  0.0462  0.5996  0.7990

PART 15
OFFSET  11.7256 -1.7402 -7.4487
X  0.8223 -0.4044 -0.4003
Y -0.2104 -0.8697  0.4465
Z -0.5287 -0.2829 -0.8002

PART 16
OFFSET  13.6244 -2.7143 -8.1769
X  0.6569 -0.7532  0.0340
Y -0.4839 -0.3865  0.7852
Z -0.5782 -0.5322 -0.6183

PART 17
OFFSET  14.5545 -3.7806 -8.1287
X  0.2207 -0.8158  0.5345
Y -0.8172  0.1445  0.5579
Z -0.5324 -0.5599 -0.6348

PART 18
OFFSET  14.7501 -4.5040 -7.6548
X -0.2932 -0.5498  0.7822
Y -0.7541  0.6359  0.1643
Z -0.5877 -0.5416 -0.6010

PART 19
OFFSET  14.4716 -5.0263 -6.9117
X  0.7826  0.0996 -0.6145
Y -0.4549  0.7654 -0.4552
Z  0.4250  0.6358  0.6443

PART 20
OFFSET  12.0637 -1.4192 -6.9081
X  0.8834 -0.2181 -0.4149
Y -0.0928 -0.9490  0.3012
Z -0.4594 -0.2276 -0.8586

PART 21
OFFSET  14.3320 -2.2422 -7.8757
X  0.6804 -0.7293  0.0718
Y -0.5532 -0.4469  0.7030
Z -0.4806 -0.5180 -0.7076

PART 22
OFFSET  15.4904 -3.4838 -7.7535
X  0.0775 -0.8209  0.5658
Y -0.8863  0.2031  0.4161
Z -0.4565 -0.5337 -0.7119

PART 23
OFFSET  15.5978 -4.6216 -6.9694
X -0.3618 -0.6240  0.6927
Y -0.8121  0.5758  0.0945
Z -0.4578 -0.5284 -0.7150

PART 24
OFFSET  15.2055 -5.2983 -6.2182
X  0.7378  0.1564 -0.6567
Y -0.4376  0.8515 -0.2889
Z  0.5140  0.5005  0.6966

PART 25
OFFSET  14.3538 -1.4543 -5.1701
X  0.8743 -0.4351 -0.2152
Y  0.3548  0.8754 -0.3284
Z  0.3313  0.2108  0.9197

PART 26
OFFSET  15.0721 -0.9699 -6.3661
X  0.6141 -0.7883  0.0372
Y -0.6733 -0.4987  0.5458
Z -0.4117 -0.3603 -0.8371

PART 27
OFFSET  16.1533 -2.3578 -6.3005
X  0.1016 -0.9594  0.2630
Y -0.9181  0.0114  0.3962
Z -0.3832 -0.2817 -0.8797

PART 28
OFFSET  16.3001 -3.5071 -5.9274
X -0.0454 -0.8949  0.4439
Y -0.9210  0.2096  0.3283
Z -0.3868 -0.3939 -0.8338

PART 29
OFFSET  16.2488 -4.5179 -5.4260
X  0.7374 -0.0087 -0.6754
Y -0.1808  0.9609 -0.2097
Z  0.6508  0.2767  0.7070

PART 30
OFFSET  14.7716 -1.4781 -7.2998
X  0.6279 -0.7635  0.1511
Y -0.6941 -0.4614  0.5525
Z -0.3521 -0.4518 -0.8197

PART 31
OFFSET  15.9982 -2.9696 -7.0046
X  0.1273 -0.9014  0.4140
Y -0.9098  0.0601  0.4106
Z -0.3950 -0.4289 -0.8124

PART 32
OFFSET  16.1841 -4.2861 -6.3999
X -0.2899 -0.7834  0.5498
Y -0.8505  0.4743  0.2275
Z -0.4390 -0.4016 -0.8037

PART 33
OFFSET  15.8533 -5.1766 -5.7831
X  0.7935  0.3234 -0.5155
Y -0.4957  0.8349 -0.2392
Z  0.3530  0.4453  0.8228

PART 34
OFFSET  13.5634 -3.0283 -6.7620
X -0.5077 -0.2618 -0.8208
Y  0.0653  0.9383 -0.3396
Z  0.8591 -0.2261 -0.4593

PART 35
OFFSET  14.6038 -2.3874 -3.9534
X  0.9999  0.0097 -0.0094
Y -0.0098  0.9999 -0.0108
Z  0.0093  0.0109  0.9999

PART 36
OFFSET  14.6038 -2.3874 -3.9534
X  0.9999  0.0097 -0.0094
Y -0.0098  0.9999 -0.0108
Z  0.0093  0.0109  0.9999

PART 37
OFFSET  17.8780 -2.2011 -3.6410
X  0.9999  0.0097 -0.0094
Y -0.0098  0.9999 -0.0108
Z  0.0093  0.0109  0.9999

PART 38
OFFSET  16.0655 -2.3554 -2.3240
X  0.9999  0.0097 -0.0094
Y -0.0098  0.9999 -0.0108
Z  0.0093  0.0109  0.9999

PART 39
OFFSET -111.0493 -8.5278 -51.1896
X  0.9995  0.0104 -0.0298
Y -0.0107  0.9999 -0.0106
Z  0.0297  0.0109  0.9995

PART 40
OFFSET  16.0334 -2.3628 -2.9485
X  0.9995  0.0095 -0.0298
Y -0.0098  0.9999 -0.0108
Z  0.0297  0.0111  0.9995

PART 41
OFFSET  16.0386 -1.8234 -2.6496
X  0.9995  0.0095 -0.0298
Y -0.0098  0.9999 -0.0108
Z  0.0297  0.0111  0.9995

PART 42
OFFSET  16.0602 -1.8100 -2.0162
X  0.9995  0.0095 -0.0298
Y -0.0098  0.9999 -0.0108
Z  0.0297  0.0111  0.9995

PART 43
OFFSET  16.0763 -2.3486 -1.6995
X  0.9995  0.0095 -0.0298
Y -0.0098  0.9999 -0.0108
Z  0.0297  0.0111  0.9995

PART 44
OFFSET  16.0713 -2.8900 -2.0010
X  0.9995  0.0095 -0.0298
Y -0.0098  0.9999 -0.0108
Z  0.0297  0.0111  0.9995

PART 45
OFFSET  16.0499 -2.8951 -2.6228
X  0.9995  0.0095 -0.0298
Y -0.0098  0.9999 -0.0108
Z  0.0297  0.0111  0.9995

PART 46
OFFSET -109.1978 -8.5085 -51.2448
X  0.9995  0.0104 -0.0298
Y -0.0107  0.9999 -0.0106
Z  0.0297  0.0109  0.9995

PART 47
OFFSET  14.4981 -2.1918 -2.7539
X  0.9999  0.0097 -0.0094
Y -0.0098  0.9999 -0.0108
Z  0.0093  0.0109  0.9999

PART 48
OFFSET -7.8386 -1.3192 -1.5206
X -0.5937  0.3734  0.7128
Y -0.4299 -0.8960  0.1113
Z  0.6803 -0.2404  0.6924

PART 49
OFFSET -0.6590 -5.8351 -10.1416
X -0.8905 -0.1856 -0.4153
Y  0.4543 -0.4092 -0.7913
Z -0.0231 -0.8934  0.4487

PART 50
OFFSET  6.9154 -4.2566 -6.6090
X -0.8905 -0.1856 -0.4153
Y  0.4542 -0.3128 -0.8342
Z  0.0249 -0.9315  0.3629

PART 51
OFFSET  7.8866 -2.6644 -5.9402
X -0.8932 -0.1807 -0.4118
Y  0.0191  0.8997 -0.4361
Z  0.4493 -0.3974 -0.8001

PART 52
OFFSET  7.7787 -2.7424 -4.7493
X -0.8932 -0.1807 -0.4118
Y  0.0191  0.8997 -0.4361
Z  0.4493 -0.3974 -0.8001

PART 53
OFFSET  7.9347 -3.9955 -4.2842
X -0.8932 -0.1807 -0.4118
Y  0.0191  0.8997 -0.4361
Z  0.4493 -0.3974 -0.8001

PART 54
OFFSET  9.6455 -3.6877 -5.3357
X -0.9549  0.0866 -0.2840
Y  0.2529 -0.2644 -0.9307
Z -0.1556 -0.9605  0.2305

PART 55
OFFSET  9.8949 -3.0771 -4.4045
X -0.5274 -0.6404 -0.5584
Y  0.7034  0.0395 -0.7097
Z  0.4765 -0.7670  0.4296

PART 56
OFFSET  10.9362 -1.6564 -3.1527
X -0.9675 -0.1332  0.2149
Y -0.1072 -0.5537 -0.8258
Z  0.2290 -0.8220  0.5214

PART 57
OFFSET  12.4661 -1.3823 -3.6073
X -0.8496 -0.0788  0.5214
Y -0.3989 -0.5506 -0.7333
Z  0.3449 -0.8310  0.4364

PART 58
OFFSET  13.3759 -1.2497 -4.1787
X -0.9310  0.3621 -0.0465
Y  0.3480  0.8415 -0.4131
Z -0.1105 -0.4008 -0.9095

PART 59
OFFSET  10.7557 -3.8499 -6.1385
X -0.9764 -0.0320  0.2137
Y  0.0837 -0.9678  0.2375
Z  0.1992  0.2497  0.9476

PART 60
OFFSET  12.9683 -3.6229 -6.5098
X -0.3448 -0.9349  0.0842
Y  0.8952 -0.3545 -0.2701
Z  0.2824 -0.0178  0.9591

PART 61
OFFSET  13.4565 -2.2993 -6.6289
X  0.5532 -0.8121 -0.1858
Y  0.7969  0.5808 -0.1661
Z  0.2428 -0.0562  0.9685

PART 62
OFFSET  12.9660 -1.5793 -6.4642
X  0.9569 -0.0053 -0.2904
Y  0.0080  0.9999  0.0080
Z  0.2904 -0.0100  0.9569

PART 63
OFFSET  12.0569 -1.5742 -6.1883
X -0.7789 -0.6222  0.0787
Y -0.5730  0.7571  0.3139
Z -0.2549  0.1994 -0.9462

PART 64
OFFSET  10.7760 -3.8273 -5.4253
X -0.9998 -0.0015  0.0183
Y  0.0064 -0.9625  0.2711
Z  0.0172  0.2712  0.9624

PART 65
OFFSET  13.3685 -3.8850 -5.6097
X -0.3690 -0.9081  0.1980
Y  0.8739 -0.4115 -0.2588
Z  0.3165  0.0775  0.9454

PART 66
OFFSET  13.9967 -2.3390 -5.9468
X  0.7171 -0.6719 -0.1853
Y  0.6294  0.7385 -0.2419
Z  0.2993  0.0568  0.9525

PART 67
OFFSET  13.0029 -1.4078 -5.6901
X  0.9386  0.1694 -0.3006
Y -0.1798  0.9837 -0.0071
Z  0.2945  0.0607  0.9537

PART 68
OFFSET  11.9849 -1.5915 -5.3640
X -0.6518 -0.6977  0.2973
Y -0.6977  0.7053  0.1255
Z -0.2972 -0.1256 -0.9465

PART 69
OFFSET  5.3740 -3.6187 -5.6072
X -0.9906 -0.1345 -0.0231
Y -0.1188  0.9331 -0.3393
Z  0.0672 -0.3334 -0.9404

PART 70
OFFSET  13.1178 -4.1825 -3.4414
X -0.9006 -0.2941  0.3201
Y  0.3443 -0.9321  0.1123
Z  0.2653  0.2113  0.9407

PART 71
OFFSET  14.7034 -3.6647 -4.0049
X -0.7836 -0.5102  0.3544
Y  0.5685 -0.8190  0.0780
Z  0.2505  0.2626  0.9318

PART 72
OFFSET  15.6712 -3.0285 -4.3793
X -0.4396 -0.8527  0.2823
Y  0.8741 -0.4784 -0.0841
Z  0.2067  0.2098  0.9557

PART 73
OFFSET  16.1677 -2.0653 -4.6980
X -0.5878  0.7685  0.2528
Y  0.6491  0.6345 -0.4196
Z -0.4829 -0.0826 -0.8718

PART 74
OFFSET  13.3182 -4.2878 -4.5227
X -0.4870 -0.8436  0.2260
Y  0.8613 -0.5069 -0.0361
