// Export filename: `C:\projects\cod\t5\xanim_export\t5_viewmodels\python\python_flashlight_pullout.XANIM_EXPORT`
// Source filename: `D:\projects\devanim\t5\animation_assets\viewmodels/python/flashlight/ViewModel_python_flashlight_animated.fbx`
// Export time: Sat Apr 17 20:11:03 2010

ANIMATION
VERSION 3

NUMPARTS 82
PART 0 "tag_ads"
PART 1 "tag_torso"
PART 2 "J_Shoulder_LE"
PART 3 "J_Elbow_LE"
PART 4 "J_WristTwist_LE"
PART 5 "J_Sleave_Reshape_Bottom_LE_1"
PART 6 "J_Sleave_Reshape_Bottom_LE_2"
PART 7 "J_Sleave_Reshape_Top_LE_1"
PART 8 "J_Sleave_Reshape_Top_LE_2"
PART 9 "J_Sleave_Reshape_Top_LE_3"
PART 10 "J_Wrist_LE"
PART 11 "J_Thumb_LE_0"
PART 12 "J_Thumb_LE_1"
PART 13 "J_Thumb_LE_2"
PART 14 "J_Thumb_LE_3"
PART 15 "J_PinkyPalm_LE"
PART 16 "J_Pinky_LE_0"
PART 17 "J_Pinky_LE_1"
PART 18 "J_Pinky_LE_2"
PART 19 "J_Pinky_LE_3"
PART 20 "J_RingPalm_LE"
PART 21 "J_Ring_LE_0"
PART 22 "J_Ring_LE_1"
PART 23 "J_Ring_LE_2"
PART 24 "J_Ring_LE_3"
PART 25 "J_Webbing_LE"
PART 26 "J_Index_LE_0"
PART 27 "J_Index_LE_1"
PART 28 "J_Index_LE_2"
PART 29 "J_Index_LE_3"
PART 30 "J_Mid_LE_0"
PART 31 "J_Mid_LE_1"
PART 32 "J_Mid_LE_2"
PART 33 "J_Mid_LE_3"
PART 34 "tag_knife_attach"
PART 35 "tag_weapon"
PART 36 "J_Gun"
PART 37 "TAG_CLIP"
PART 38 "J_Bolt"
PART 39 "tag_speedloader"
PART 40 "tag_spent0"
PART 41 "tag_spent1"
PART 42 "tag_spent2"
PART 43 "tag_spent3"
PART 44 "tag_spent4"
PART 45 "tag_spent5"
PART 46 "tag_bullets"
PART 47 "J_Press_Rear"
PART 48 "J_Flashlight"
PART 49 "J_Shoulder_RI"
PART 50 "J_Elbow_RI"
PART 51 "J_WristTwist_RI"
PART 52 "J_Sleave_Reshape_Top_RI_3"
PART 53 "J_Sleave_Reshape_Top_RI_2"
PART 54 "J_Sleave_Reshape_Top_RI_1"
PART 55 "J_Wrist_RI"
PART 56 "J_Thumb_RI_0"
PART 57 "J_Thumb_RI_1"
PART 58 "J_Thumb_RI_2"
PART 59 "J_Thumb_RI_3"
PART 60 "J_PinkyPalm_RI"
PART 61 "J_Pinky_RI_0"
PART 62 "J_Pinky_RI_1"
PART 63 "J_Pinky_RI_2"
PART 64 "J_Pinky_RI_3"
PART 65 "J_RingPalm_RI"
PART 66 "J_Ring_RI_0"
PART 67 "J_Ring_RI_1"
PART 68 "J_Ring_RI_2"
PART 69 "J_Ring_RI_3"
PART 70 "J_Webbing_RI"
PART 71 "J_Index_RI_0"
PART 72 "J_Index_RI_1"
PART 73 "J_Index_RI_2"
PART 74 "J_Index_RI_3"
PART 75 "J_Mid_RI_0"
PART 76 "J_Mid_RI_1"
PART 77 "J_Mid_RI_2"
PART 78 "J_Mid_RI_3"
PART 79 "tag_cambone"
PART 80 "tag_camera"
PART 81 "tag_gasmask"

FRAMERATE 30
NUMFRAMES 31

FRAME 100
PART 0
OFFSET -4.6318 -0.0000 -1.3770
X  1.0000 -0.0000  0.0000
Y  0.0000  1.0000  0.0000
Z  0.0000 -0.0000  1.0000

PART 1
OFFSET -1.9111 -0.4487 -1.8207
X  1.0000 -0.0000  0.0000
Y  0.0000  1.0000  0.0000
Z  0.0000 -0.0000  1.0000

PART 2
OFFSET -1.7776  7.8010 -3.1869
X  0.6526  0.0333 -0.7570
Y -0.3427 -0.8780 -0.3341
Z -0.6758  0.4774 -0.5616

PART 3
OFFSET  6.1150  8.2042 -12.3416
X  0.6821 -0.7221 -0.1156
Y -0.3551 -0.4652  0.8109
Z -0.6393 -0.5120 -0.5737

PART 4
OFFSET  11.9163  2.0625 -13.3245
X  0.6821 -0.7221 -0.1156
Y  0.2430  0.0747  0.9671
Z -0.6897 -0.6877  0.2264

PART 5
OFFSET  13.9619  2.1124 -13.6475
X  0.6859 -0.7179 -0.1188
Y  0.6423  0.5206  0.5624
Z -0.3419 -0.4621  0.8183

PART 6
OFFSET  12.5871  1.5403 -14.8788
X  0.6859 -0.7179 -0.1188
Y  0.6423  0.5206  0.5624
Z -0.3419 -0.4621  0.8183

PART 7
OFFSET  13.3039  0.4693 -11.8049
X  0.6859 -0.7179 -0.1188
Y  0.6423  0.5206  0.5624
Z -0.3419 -0.4621  0.8183

PART 8
OFFSET  12.3613 -0.1797 -12.4476
X  0.6859 -0.7179 -0.1188
Y  0.6423  0.5206  0.5624
Z -0.3419 -0.4621  0.8183

PART 9
OFFSET  11.9027  0.0938 -13.5477
X  0.6859 -0.7179 -0.1188
Y  0.6423  0.5206  0.5624
Z -0.3419 -0.4621  0.8183

PART 10
OFFSET  14.0073 -0.1513 -13.6788
X  0.6106 -0.4836  0.6271
Y -0.2608  0.6249  0.7358
Z -0.7477 -0.6129  0.2555

PART 11
OFFSET  13.7233 -0.0173 -12.5817
X -0.1371 -0.2589  0.9561
Y -0.2133  0.9503  0.2267
Z -0.9673 -0.1728 -0.1855

PART 12
OFFSET  13.3524 -0.4908 -10.5061
X  0.2684 -0.7501  0.6044
Y -0.3576  0.5051  0.7855
Z -0.8945 -0.4270 -0.1326

PART 13
OFFSET  13.7069 -1.7796 -9.5920
X  0.3063 -0.9501 -0.0585
Y -0.1349 -0.1041  0.9854
Z -0.9423 -0.2939 -0.1601

PART 14
OFFSET  13.9927 -2.8223 -9.6459
X  0.8036 -0.5340  0.2627
Y  0.5793  0.8031 -0.1395
Z -0.1365  0.2643  0.9547

PART 15
OFFSET  14.6521 -1.3535 -13.8844
X  0.6353 -0.7397  0.2221
Y -0.7719 -0.5996  0.2112
Z -0.0231 -0.3056 -0.9519

PART 16
OFFSET  15.9882 -3.0444 -13.2209
X -0.3615 -0.6168  0.6992
Y -0.9258  0.3262 -0.1910
Z -0.1102 -0.7164 -0.6890

PART 17
OFFSET  15.4763 -3.9177 -12.2310
X -0.9310 -0.1539  0.3309
Y -0.3493  0.6383 -0.6860
Z -0.1056 -0.7543 -0.6480

PART 18
OFFSET  14.6509 -4.0541 -11.9376
X -0.9329  0.3201 -0.1648
Y  0.3394  0.6288 -0.6996
Z -0.1203 -0.7086 -0.6953

PART 19
OFFSET  13.7646 -3.7500 -12.0942
X  0.5179 -0.5371  0.6658
Y  0.8414  0.1792 -0.5099
Z  0.1546  0.8243  0.5447

PART 20
OFFSET  14.7175 -0.9590 -13.2931
X  0.6567 -0.6558  0.3724
Y -0.7479 -0.6297  0.2101
Z  0.0967 -0.4164 -0.9040

PART 21
OFFSET  16.4552 -2.6527 -12.3602
X -0.4310 -0.7017  0.5673
Y -0.8907  0.4317 -0.1427
Z -0.1448 -0.5668 -0.8110

PART 22
OFFSET  15.7214 -3.8474 -11.3944
X -0.9881  0.0572  0.1426
Y -0.0385  0.8062 -0.5904
Z -0.1487 -0.5889 -0.7944

PART 23
OFFSET  14.3520 -3.7681 -11.1967
X -0.7421  0.5952 -0.3083
Y  0.6550  0.5460 -0.5223
Z -0.1425 -0.5895 -0.7951

PART 24
OFFSET  13.5472 -3.1226 -11.5311
X  0.2268 -0.8286  0.5119
Y  0.9674  0.1310 -0.2166
Z  0.1124  0.5443  0.8313

PART 25
OFFSET  15.0748 -0.9782 -10.4403
X  0.4171 -0.7463  0.5188
Y  0.8821  0.4698 -0.0333
Z -0.2189  0.4715  0.8543

PART 26
OFFSET  16.4678 -1.3365 -10.7752
X -0.4225 -0.7715  0.4756
Y -0.9001  0.2959 -0.3197
Z  0.1059 -0.5632 -0.8195

PART 27
OFFSET  15.7239 -2.6949 -9.9378
X -0.9839 -0.1521 -0.0936
Y -0.0637  0.7884 -0.6118
Z  0.1668 -0.5960 -0.7854

PART 28
OFFSET  14.5176 -2.8436 -10.0039
X -0.8840  0.3198 -0.3411
Y  0.4575  0.7421 -0.4899
Z  0.0964 -0.5891 -0.8023

PART 29
OFFSET  13.5191 -2.4824 -10.3891
X -0.0981 -0.9397  0.3276
Y  0.9591 -0.0014  0.2830
Z -0.2655  0.3420  0.9014

PART 30
OFFSET  16.5515 -2.0728 -11.5945
X -0.4985 -0.6790  0.5389
Y -0.8669  0.3917 -0.3083
Z -0.0018 -0.6209 -0.7839

PART 31
OFFSET  15.5777 -3.3993 -10.5416
X -0.9983  0.0440 -0.0374
Y  0.0576  0.8085 -0.5856
Z  0.0045 -0.5868 -0.8097

PART 32
OFFSET  14.1195 -3.3351 -10.5963
X -0.6207  0.6456 -0.4448
Y  0.7833  0.5353 -0.3161
Z  0.0341 -0.5446 -0.8380

PART 33
OFFSET  13.4162 -2.6081 -11.1058
X -0.0265 -0.8022  0.5965
Y  0.9988 -0.0465 -0.0182
Z  0.0423  0.5953  0.8024

PART 34
OFFSET  14.6638 -2.7331 -11.9857
X  0.0269 -0.4125 -0.9106
Y  0.7477  0.6129 -0.2555
Z  0.6634 -0.6740  0.3249

PART 35
OFFSET  3.5726 -8.4755  6.0147
X  0.5073 -0.2164  0.8342
Y -0.1235  0.9397  0.3188
Z -0.8529 -0.2647  0.4500

PART 36
OFFSET  3.5726 -8.4755  6.0147
X  0.5073 -0.2164  0.8342
Y -0.1235  0.9397  0.3188
Z -0.8529 -0.2647  0.4500

PART 37
OFFSET  4.9203 -9.1333  8.9479
X  0.5073 -0.2164  0.8342
Y -0.1235  0.9397  0.3188
Z -0.8529 -0.2647  0.4500

PART 38
OFFSET  2.9052 -9.2235  7.9608
X  0.5073 -0.2164  0.8342
Y -0.1235  0.9397  0.3188
Z -0.8529 -0.2647  0.4500

PART 39
OFFSET -25.7517  2.3585 -31.3700
X  0.5417 -0.2054  0.8151
Y -0.1235  0.9397  0.3188
Z -0.8314 -0.2733  0.4837

PART 40
OFFSET  3.4248 -9.0527  7.6576
X  0.5246 -0.2109  0.8248
Y -0.1235  0.9397  0.3188
Z -0.8423 -0.2691  0.4670

PART 41
OFFSET  3.1025 -8.6312  7.9720
X  0.5246 -0.2109  0.8248
Y -0.1235  0.9397  0.3188
Z -0.8423 -0.2691  0.4670

PART 42
OFFSET  2.5692 -8.7965  8.2724
X  0.5246 -0.2109  0.8248
Y -0.1235  0.9397  0.3188
Z -0.8423 -0.2691  0.4670

PART 43
OFFSET  2.3750 -9.3900  8.2461
X  0.5246 -0.2109  0.8248
Y -0.1235  0.9397  0.3188
Z -0.8423 -0.2691  0.4670

PART 44
OFFSET  2.6998 -9.8126  7.9300
X  0.5246 -0.2109  0.8248
Y -0.1235  0.9397  0.3188
Z -0.8423 -0.2691  0.4670

PART 45
OFFSET  3.2222 -9.6428  7.6377
X  0.5246 -0.2109  0.8248
Y -0.1235  0.9397  0.3188
Z -0.8423 -0.2691  0.4670

PART 46
OFFSET -24.4058  1.8378 -29.3615
X  0.5417 -0.2054  0.8151
Y -0.1235  0.9397  0.3188
Z -0.8314 -0.2733  0.4837

PART 47
OFFSET  2.4677 -8.5959  6.5175
X  0.5073 -0.2164  0.8342
Y -0.1235  0.9397  0.3188
Z -0.8529 -0.2647  0.4500

PART 48
OFFSET  11.2690 -4.2464 -13.6221
X  0.1204 -0.5995 -0.7913
Y -0.0460  0.7929 -0.6077
Z  0.9917  0.1096  0.0679

PART 49
OFFSET -9.0954 -2.7609 -2.3892
X -0.3672  0.8386  0.4023
Y -0.8158 -0.4982  0.2938
Z  0.4468 -0.2203  0.8671

PART 50
OFFSET -4.6540 -12.9033 -7.2540
X -0.6021 -0.3766 -0.7040
Y  0.6424 -0.7521 -0.1471
Z -0.4741 -0.5409  0.6948

PART 51
OFFSET  0.4669 -9.7002 -1.2658
X -0.6021 -0.3766 -0.7040
Y  0.6886  0.2014 -0.6966
Z  0.4041 -0.9042  0.1381

PART 52
OFFSET  1.8597 -7.9461 -1.3529
X -0.6045 -0.3705 -0.7052
Y  0.4664  0.5531 -0.6903
Z  0.6458 -0.7462 -0.1615

PART 53
OFFSET  0.5750 -7.4263 -0.1116
X -0.6045 -0.3705 -0.7052
Y  0.4664  0.5531 -0.6903
Z  0.6458 -0.7462 -0.1615

PART 54
OFFSET  0.0574 -8.7239  1.0389
X -0.6045 -0.3705 -0.7052
Y  0.4664  0.5531 -0.6903
Z  0.6458 -0.7462 -0.1615

PART 55
OFFSET  2.3127 -8.5457  0.8925
X -0.3433  0.2417 -0.9076
Y  0.9383  0.1302 -0.3203
Z  0.0407 -0.9616 -0.2715

PART 56
OFFSET  1.5449 -8.3853  1.7213
X -0.0457 -0.5817 -0.8121
Y  0.9002 -0.3764  0.2190
Z -0.4330 -0.7210  0.5409

PART 57
OFFSET  1.5778 -7.0522  3.4218
X -0.4591 -0.0582 -0.8865
Y  0.6163 -0.7396 -0.2707
Z -0.6398 -0.6706  0.3754

PART 58
OFFSET  2.4274 -6.9273  4.7947
X -0.8219  0.3048 -0.4812
Y  0.1950 -0.6432 -0.7405
Z -0.5352 -0.7025  0.4692

PART 59
OFFSET  3.3374 -7.2138  5.3061
X -0.2228  0.5437 -0.8092
Y  0.8228  0.5501  0.1430
Z  0.5229 -0.6339 -0.5699

PART 60
OFFSET  3.5997 -8.4165  1.3725
X -0.8154  0.0825 -0.5730
Y  0.0415 -0.9789 -0.2000
Z -0.5774 -0.1869  0.7948

PART 61
OFFSET  5.3426 -8.5091  2.8002
X  0.1120 -0.7321 -0.6719
Y  0.6657 -0.4467  0.5977
Z -0.7377 -0.5143  0.4373

PART 62
OFFSET  5.1840 -7.4726  3.7515
X  0.5755 -0.8173 -0.0283
Y  0.3325  0.2022  0.9212
Z -0.7472 -0.5395  0.3881

PART 63
OFFSET  4.6738 -6.7479  3.7766
X  0.6431 -0.2908  0.7084
Y -0.2359  0.8049  0.5446
Z -0.7285 -0.5173  0.4490

PART 64
OFFSET  4.0628 -6.4717  3.1035
X -0.2384 -0.2080 -0.9486
Y -0.6840  0.7294  0.0120
Z  0.6894  0.6517 -0.3162

PART 65
OFFSET  3.0573 -8.6905  1.7470
X -0.6146  0.1843 -0.7670
Y  0.0065 -0.9711 -0.2386
Z -0.7888 -0.1516  0.5957

PART 66
OFFSET  4.7698 -9.1676  3.6439
X -0.0125 -0.8838 -0.4677
Y  0.6945 -0.3441  0.6318
Z -0.7193 -0.3170  0.6181

PART 67
OFFSET  4.7910 -7.6630  4.4402
X  0.5900 -0.7539  0.2890
Y  0.3550  0.5637  0.7458
Z -0.7252 -0.3374  0.6002

PART 68
OFFSET  3.9734 -6.6181  4.0396
X  0.6360 -0.0067  0.7716
Y -0.2529  0.9429  0.2166
Z -0.7290 -0.3329  0.5981

PART 69
OFFSET  3.2835 -6.6108  3.2028
X -0.4125 -0.5495 -0.7265
Y -0.5401  0.7898 -0.2907
Z  0.7335  0.2725 -0.6226

PART 70
OFFSET  0.1122 -8.1650 -2.7595
X -0.4932 -0.0651 -0.8675
Y -0.1020  0.9946 -0.0166
Z  0.8639  0.0803 -0.4972

PART 71
OFFSET  2.9578 -9.9432  4.5696
X -0.4201 -0.1131 -0.9004
Y  0.2939 -0.9557 -0.0171
Z -0.8586 -0.2718  0.4347

PART 72
OFFSET  3.6975 -9.7440  6.1549
X -0.4140 -0.1523 -0.8974
Y  0.2637 -0.9637  0.0419
Z -0.8713 -0.2193  0.4391

PART 73
OFFSET  4.1478 -9.5722  7.2726
X -0.3567 -0.1210 -0.9263
Y  0.2760 -0.9610  0.0192
Z -0.8925 -0.2488  0.3762

PART 74
OFFSET  4.5507 -9.4355  8.3189
X -0.3841  0.8369  0.3900
Y  0.5389 -0.1398  0.8307
Z  0.7497  0.5292 -0.3974

PART 75
OFFSET  3.9319 -9.6037  4.1740
X -0.0080 -0.9283 -0.3717
Y  0.5757 -0.3082  0.7573
Z -0.8176 -0.2079  0.5369

PART 76
OFFSET  3.9476 -7.7902  4.9002
X  0.4914 -0.7306  0.4741
Y  0.3284  0.6596  0.6761
Z -0.8066 -0.1766  0.5641

PART 77
OFFSET  3.2298 -6.7231  4.2078
X  0.5981 -0.1264  0.7914
Y -0.0227  0.9844  0.1744
Z -0.8011 -0.1222  0.5859

PART 78
OFFSET  2.5581 -6.5783  3.3074
X -0.3929 -0.5240 -0.7557
Y -0.4609  0.8233 -0.3312
Z  0.7957  0.2182 -0.5650

PART 79
OFFSET  0.0000 -0.0000 -0.0000
X  1.0000 -0.0000  0.0000
Y  0.0000  1.0000  0.0000
Z  0.0000 -0.0000  1.0000

PART 80
OFFSET  0.0000 -0.0000 -0.0000
X  1.0000 -0.0000  0.0000
Y  0.0000  1.0000  0.0000
Z  0.0000 -0.0000  1.0000

PART 81
OFFSET  1.5404 -0.0000  4.1357
X  1.0000 -0.0000  0.0000
Y  0.0000  1.0000  0.0000
Z  0.0000 -0.0000  1.0000


FRAME 101
PART 0
OFFSET -4.6318 -0.0000 -1.3770
X  1.0000 -0.0000  0.0000
Y  0.0000  1.0000  0.0000
Z  0.0000 -0.0000  1.0000

PART 1
OFFSET -1.9111 -0.4487 -1.8207
X  1.0000 -0.0000  0.0000
Y  0.0000  1.0000  0.0000
Z  0.0000 -0.0000  1.0000

PART 2
OFFSET -1.7776  7.8010 -3.1869
X  0.6543  0.0347 -0.7555
Y -0.3444 -0.8757 -0.3384
Z -0.6733  0.4816 -0.5610

PART 3
OFFSET  6.1350  8.2201 -12.3236
X  0.6803 -0.7235 -0.1171
Y -0.3580 -0.4675  0.8082
Z -0.6395 -0.5079 -0.5771

PART 4
OFFSET  11.9216  2.0667 -13.3197
X  0.6803 -0.7235 -0.1171
Y  0.2442  0.0731  0.9670
Z -0.6910 -0.6865  0.2264

PART 5
OFFSET  13.9679  2.1124 -13.6383
X  0.6842 -0.7193 -0.1203
Y  0.6426  0.5166  0.5659
Z -0.3449 -0.4645  0.8157

PART 6
OFFSET  12.5941  1.5490 -14.8748
X  0.6842 -0.7193 -0.1203
Y  0.6426  0.5166  0.5659
Z -0.3449 -0.4645  0.8157

PART 7
OFFSET  13.3017  0.4635 -11.8039
X  0.6842 -0.7193 -0.1203
Y  0.6426  0.5166  0.5659
Z -0.3449 -0.4645  0.8157

PART 8
OFFSET  12.3587 -0.1803 -12.4511
X  0.6842 -0.7193 -0.1203
Y  0.6426  0.5166  0.5659
Z -0.3449 -0.4645  0.8157

PART 9
OFFSET  11.9031  0.0990 -13.5511
X  0.6842 -0.7193 -0.1203
Y  0.6426  0.5166  0.5659
Z -0.3449 -0.4645  0.8157

PART 10
OFFSET  14.0073 -0.1513 -13.6788
X  0.6106 -0.4836  0.6271
Y -0.2608  0.6249  0.7358
Z -0.7477 -0.6129  0.2555

PART 11
OFFSET  13.7233 -0.0174 -12.5817
X -0.1149 -0.1289  0.9850
Y -0.1995  0.9743  0.1042
Z -0.9731 -0.1845 -0.1377

PART 12
OFFSET  13.4012 -0.2085 -10.4534
X  0.2607 -0.6279  0.7333
Y -0.3422  0.6502  0.6783
Z -0.9027 -0.4278 -0.0454

PART 13
OFFSET  13.7414 -1.3088 -9.3151
X  0.2563 -0.9108  0.3237
Y -0.1860  0.2821  0.9412
Z -0.9485 -0.3014 -0.0971

PART 14
OFFSET  13.9720 -2.3027 -8.9535
X  0.7601 -0.4206  0.4953
Y  0.6282  0.6705 -0.3948
Z -0.1660  0.6112  0.7738

PART 15
OFFSET  14.6521 -1.3535 -13.8844
X  0.6353 -0.7397  0.2221
Y -0.7719 -0.5996  0.2112
Z -0.0231 -0.3056 -0.9519

PART 16
OFFSET  15.9882 -3.0444 -13.2209
X -0.3643 -0.6159  0.6986
Y -0.9245  0.3297 -0.1914
Z -0.1124 -0.7155 -0.6895

PART 17
OFFSET  15.4724 -3.9164 -12.2319
X -0.9340 -0.1465  0.3258
Y -0.3405  0.6409 -0.6880
Z -0.1080 -0.7535 -0.6485

PART 18
OFFSET  14.6443 -4.0463 -11.9430
X -0.9284  0.3294 -0.1721
Y  0.3510  0.6250 -0.6972
Z -0.1221 -0.7077 -0.6959

PART 19
OFFSET  13.7623 -3.7333 -12.1065
X  0.5074 -0.5419  0.6700
Y  0.8470  0.1705 -0.5035
Z  0.1587  0.8229  0.5455

PART 20
OFFSET  14.7175 -0.9590 -13.2931
X  0.6567 -0.6558  0.3724
Y -0.7479 -0.6297  0.2101
Z  0.0967 -0.4164 -0.9040

PART 21
OFFSET  16.4552 -2.6527 -12.3602
X -0.4335 -0.7005  0.5669
Y -0.8895  0.4336 -0.1443
Z -0.1448 -0.5668 -0.8110

PART 22
OFFSET  15.7172 -3.8453 -11.3950
X -0.9885  0.0660  0.1362
Y -0.0278  0.8056 -0.5919
Z -0.1488 -0.5888 -0.7944

PART 23
OFFSET  14.3472 -3.7538 -11.2062
X -0.7330  0.6027 -0.3154
Y  0.6651  0.5378 -0.5181
Z -0.1426 -0.5896 -0.7950

PART 24
OFFSET  13.5523 -3.1002 -11.5483
X  0.2136 -0.8300  0.5153
Y  0.9705  0.1200 -0.2091
Z  0.1117  0.5448  0.8311

PART 25
OFFSET  15.0748 -0.9782 -10.4403
X  0.4171 -0.7463  0.5188
Y  0.8821  0.4698 -0.0333
Z -0.2189  0.4715  0.8543

PART 26
OFFSET  16.4678 -1.3365 -10.7752
X -0.4225 -0.7715  0.4756
Y -0.9001  0.2959 -0.3197
Z  0.1059 -0.5632 -0.8195

PART 27
OFFSET  15.7239 -2.6949 -9.9378
X -0.9845 -0.1449 -0.0992
Y -0.0546  0.7895 -0.6113
Z  0.1669 -0.5964 -0.7852

PART 28
OFFSET  14.5170 -2.8348 -10.0107
X -0.8755  0.3332 -0.3500
Y  0.4735  0.7363 -0.4834
Z  0.0966 -0.5889 -0.8024

PART 29
OFFSET  13.5281 -2.4585 -10.4060
X -0.1152 -0.9388  0.3246
Y  0.9559 -0.0159  0.2934
Z -0.2703  0.3441  0.8992

PART 30
OFFSET  16.5515 -2.0728 -11.5945
X -0.5001 -0.6783  0.5384
Y -0.8660  0.3930 -0.3093
Z -0.0018 -0.6209 -0.7839

PART 31
OFFSET  15.5745 -3.3979 -10.5428
X -0.9978  0.0512 -0.0429
Y  0.0666  0.8081 -0.5853
Z  0.0047 -0.5868 -0.8097

PART 32
OFFSET  14.1171 -3.3230 -10.6054
X -0.6121  0.6511 -0.4487
Y  0.7900  0.5284 -0.3109
Z  0.0346 -0.5448 -0.8378

PART 33
OFFSET  13.4235 -2.5898 -11.1193
X -0.0374 -0.8019  0.5962
Y  0.9984 -0.0553 -0.0117
Z  0.0424  0.5948  0.8027

PART 34
OFFSET  14.6638 -2.7331 -11.9857
X  0.0269 -0.4125 -0.9106
Y  0.7477  0.6129 -0.2555
Z  0.6634 -0.6740  0.3249

PART 35
OFFSET  3.5726 -8.4755  6.0147
X  0.5073 -0.2164  0.8342
Y -0.1235  0.9397  0.3188
Z -0.8529 -0.2647  0.4500

PART 36
OFFSET  3.5726 -8.4755  6.0147
X  0.5073 -0.2164  0.8342
Y -0.1235  0.9397  0.3188
Z -0.8529 -0.2647  0.4500

PART 37
OFFSET  4.9203 -9.1333  8.9479
X  0.5073 -0.2164  0.8342
Y -0.1235  0.9397  0.3188
Z -0.8529 -0.2647  0.4500

PART 38
OFFSET  2.9052 -9.2235  7.9608
X  0.5073 -0.2164  0.8342
Y -0.1235  0.9397  0.3188
Z -0.8529 -0.2647  0.4500

PART 39
OFFSET -25.7517  2.3585 -31.3700
X  0.5417 -0.2054  0.8151
Y -0.1235  0.9397  0.3188
Z -0.8314 -0.2733  0.4837

PART 40
OFFSET  3.4248 -9.0527  7.6576
X  0.5246 -0.2109  0.8248
Y -0.1235  0.9397  0.3188
Z -0.8423 -0.2691  0.4670

PART 41
OFFSET  3.1025 -8.6312  7.9720
X  0.5246 -0.2109  0.8248
Y -0.1235  0.9397  0.3188
Z -0.8423 -0.2691  0.4670

PART 42
OFFSET  2.5692 -8.7965  8.2724
X  0.5246 -0.2109  0.8248
Y -0.1235  0.9397  0.3188
Z -0.8423 -0.2691  0.4670

PART 43
OFFSET  2.3750 -9.3900  8.2461
X  0.5246 -0.2109  0.8248
Y -0.1235  0.9397  0.3188
Z -0.8423 -0.2691  0.4670

PART 44
OFFSET  2.6998 -9.8126  7.9300
X  0.5246 -0.2109  0.8248
Y -0.1235  0.9397  0.3188
Z -0.8423 -0.2691  0.4670

PART 45
OFFSET  3.2222 -9.6428  7.6377
X  0.5246 -0.2109  0.8248
Y -0.1235  0.9397  0.3188
Z -0.8423 -0.2691  0.4670

PART 46
OFFSET -24.4058  1.8378 -29.3615
X  0.5417 -0.2054  0.8151
Y -0.1235  0.9397  0.3188
Z -0.8314 -0.2733  0.4837

PART 47
OFFSET  2.4677 -8.5959  6.5175
X  0.5073 -0.2164  0.8342
Y -0.1235  0.9397  0.3188
Z -0.8529 -0.2647  0.4500

PART 48
OFFSET  11.2690 -4.2464 -13.6221
X  0.1204 -0.5995 -0.7913
Y -0.0460  0.7929 -0.6077
Z  0.9917  0.1096  0.0679

PART 49
OFFSET -9.0954 -2.7609 -2.3892
X -0.3672  0.8386  0.4023
Y -0.8158 -0.4982  0.2938
Z  0.4468 -0.2203  0.8671

PART 50
OFFSET -4.6540 -12.9033 -7.2540
X -0.6021 -0.3766 -0.7040
Y  0.6424 -0.7521 -0.1471
Z -0.4741 -0.5409  0.6948

PART 51
OFFSET  0.4669 -9.7002 -1.2658
X -0.6021 -0.3766 -0.7040
Y  0.6886  0.2014 -0.6966
Z  0.4041 -0.9042  0.1381

PART 52
OFFSET  1.8597 -7.9461 -1.3529
X -0.6045 -0.3705 -0.7052
Y  0.4664  0.5531 -0.6903
Z  0.6458 -0.7462 -0.1615

PART 53
OFFSET  0.5750 -7.4263 -0.1116
X -0.6045 -0.3705 -0.7052
Y  0.4664  0.5531 -0.6903
Z  0.6458 -0.7462 -0.1615

PART 54
OFFSET  0.0574 -8.7239  1.0389
X -0.6045 -0.3705 -0.7052
Y  0.4664  0.5531 -0.6903
Z  0.6458 -0.7462 -0.1615

PART 55
OFFSET  2.3127 -8.5457  0.8925
X -0.3433  0.2417 -0.9076
Y  0.9383  0.1302 -0.3203
Z  0.0407 -0.9616 -0.2715

PART 56
OFFSET  1.5449 -8.3853  1.7213
X -0.0457 -0.5817 -0.8121
Y  0.9002 -0.3764  0.2190
Z -0.4330 -0.7210  0.5409

PART 57
OFFSET  1.5778 -7.0522  3.4218
X -0.4591 -0.0582 -0.8865
Y  0.6163 -0.7396 -0.2707
Z -0.6398 -0.6706  0.3754

PART 58
OFFSET  2.4274 -6.9273  4.7947
X -0.8219  0.3048 -0.4812
Y  0.1950 -0.6432 -0.7405
Z -0.5352 -0.7025  0.4692

PART 59
OFFSET  3.3374 -7.2138  5.3061
X -0.2228  0.5437 -0.8092
Y  0.8228  0.5501  0.1430
Z  0.5229 -0.6339 -0.5699

PART 60
OFFSET  3.5997 -8.4165  1.3725
X -0.8154  0.0825 -0.5730
Y  0.0415 -0.9789 -0.2000
Z -0.5774 -0.1869  0.7948

PART 61
OFFSET  5.3426 -8.5091  2.8002
X  0.1120 -0.7321 -0.6719
Y  0.6657 -0.4467  0.5977
Z -0.7377 -0.5143  0.4373

PART 62
OFFSET  5.1840 -7.4726  3.7515
X  0.5755 -0.8173 -0.0283
Y  0.3325  0.2022  0.9212
Z -0.7472 -0.5395  0.3881

PART 63
OFFSET  4.6738 -6.7479  3.7766
X  0.6431 -0.2908  0.7084
Y -0.2359  0.8049  0.5446
Z -0.7285 -0.5173  0.4490

PART 64
OFFSET  4.0628 -6.4717  3.1035
X -0.2384 -0.2080 -0.9486
Y -0.6840  0.7294  0.0120
Z  0.6894  0.6517 -0.3162

PART 65
OFFSET  3.0573 -8.6905  1.7470
X -0.6146  0.1843 -0.7670
Y  0.0065 -0.9711 -0.2386
Z -0.7888 -0.1516  0.5957

PART 66
OFFSET  4.7698 -9.1676  3.6439
X -0.0125 -0.8838 -0.4677
Y  0.6945 -0.3441  0.6318
Z -0.7193 -0.3170  0.6181

PART 67
OFFSET  4.7910 -7.6630  4.4402
X  0.5900 -0.7539  0.2890
Y  0.3550  0.5637  0.7458
Z -0.7252 -0.3374  0.6002

PART 68
OFFSET  3.9734 -6.6181  4.0396
X  0.6360 -0.0067  0.7716
Y -0.2529  0.9429  0.2166
Z -0.7290 -0.3329  0.5981

PART 69
OFFSET  3.2835 -6.6108  3.2028
X -0.4125 -0.5495 -0.7265
Y -0.5401  0.7898 -0.2907
Z  0.7335  0.2725 -0.6226

PART 70
OFFSET  0.1122 -8.1650 -2.7595
X -0.4932 -0.0651 -0.8675
Y -0.1020  0.9946 -0.0166
Z  0.8639  0.0803 -0.4972

PART 71
OFFSET  2.9578 -9.9432  4.5696
X -0.4201 -0.1131 -0.9004
Y  0.2939 -0.9557 -0.0171
Z -0.8586 -0.2718  0.4347

PART 72
OFFSET  3.6975 -9.7440  6.1549
X -0.4140 -0.1523 -0.8974
Y  0.2637 -0.9637  0.0419
Z -0.8713 -0.2193  0.4391

PART 73
OFFSET  4.1478 -9.5722  7.2726
X -0.3567 -0.1210 -0.9263
Y  0.2760 -0.9610  0.0192
Z -0.8925 -0.2488  0.3762

PART 74
OFFSET  4.5507 -9.4355  8.3189
X -0.3841  0.8369  0.3900
Y  0.5389 -0.1398  0.8307
Z  0.7497  0.5292 -0.3974

PART 75
OFFSET  3.9319 -9.6037  4.1740
X -0.0080 -0.9283 -0.3717
Y  0.5757 -0.3082  0.7573
Z -0.8176 -0.2079  0.5369

PART 76
OFFSET  3.9476 -7.7902  4.9002
X  0.4914 -0.7306  0.4741
Y  0.3284  0.6596  0.6761
Z -0.8066 -0.1766  0.5641

PART 77
OFFSET  3.2298 -6.7231  4.2078
X  0.5981 -0.1264  0.7914
Y -0.0227  0.9844  0.1744
Z -0.8011 -0.1222  0.5859

PART 78
OFFSET  2.5581 -6.5783  3.3074
X -0.3929 -0.5240 -0.7557
Y -0.4609  0.8233 -0.3312
Z  0.7957  0.2182 -0.5650

PART 79
OFFSET  0.0000 -0.0000 -0.0000
X  1.0000 -0.0000  0.0000
Y  0.0000  1.0000  0.0000
Z  0.0000 -0.0000  1.0000

PART 80
OFFSET  0.0000 -0.0000 -0.0000
X  1.0000 -0.0000  0.0000
Y  0.0000  1.0000  0.0000
Z  0.0000 -0.0000  1.0000

PART 81
OFFSET  1.5404 -0.0000  4.1357
X  1.0000 -0.0000  0.0000
Y  0.0000  1.0000  0.0000
Z  0.0000 -0.0000  1.0000


FRAME 102
PART 0
OFFSET -4.6318 -0.0000 -1.3770
X  1.0000 -0.0000  0.0000
Y  0.0000  1.0000  0.0000
Z  0.0000 -0.0000  1.0000

PART 1
OFFSET -1.9111 -0.4487 -1.8207
X  1.0000 -0.0000  0.0000
Y  0.0000  1.0000  0.0000
Z  0.0000 -0.0000  1.0000

PART 2
OFFSET -1.7776  7.8010 -3.1869
X  0.6588  0.0382 -0.7513
Y -0.3490 -0.8692 -0.3503
Z -0.6665  0.4930 -0.5593

PART 3
OFFSET  6.1903  8.2636 -12.2733
X  0.6756 -0.7272 -0.1215
Y -0.3662 -0.4739  0.8008
Z -0.6399 -0.4965 -0.5864

PART 4
OFFSET  11.9362  2.0782 -13.3064
X  0.6756 -0.7272 -0.1215
Y  0.2475  0.0685  0.9665
Z -0.6945 -0.6830  0.2263

PART 5
OFFSET  13.9847  2.1120 -13.6128
X  0.6795 -0.7230 -0.1246
Y  0.6432  0.5053  0.5753
Z -0.3530 -0.4711  0.8084

PART 6
OFFSET  12.6138  1.5731 -14.8634
X  0.6795 -0.7230 -0.1246
Y  0.6432  0.5053  0.5753
Z -0.3530 -0.4711  0.8084

PART 7
OFFSET  13.2955  0.4476 -11.8010
X  0.6795 -0.7230 -0.1246
Y  0.6432  0.5053  0.5753
Z -0.3530 -0.4711  0.8084

PART 8
OFFSET  12.3515 -0.1817 -12.4609
X  0.6795 -0.7230 -0.1246
Y  0.6432  0.5053  0.5753
Z -0.3530 -0.4711  0.8084

PART 9
OFFSET  11.9044  0.1135 -13.5601
X  0.6795 -0.7230 -0.1246
Y  0.6432  0.5053  0.5753
Z -0.3530 -0.4711  0.8084

PART 10
OFFSET  14.0073 -0.1513 -13.6788
X  0.6106 -0.4836  0.6271
Y -0.2608  0.6249  0.7358
Z -0.7477 -0.6129  0.2555

PART 11
OFFSET  13.7233 -0.0173 -12.5817
X -0.0710  0.1078  0.9916
Y -0.1935  0.9738 -0.1197
Z -0.9785 -0.2004 -0.0483

PART 12
OFFSET  13.4963  0.3013 -10.4564
X  0.2641 -0.3490  0.8991
Y -0.3282  0.8441  0.4240
Z -0.9069 -0.4071  0.1083

PART 13
OFFSET  13.8406 -0.3581 -9.0181
X  0.1674 -0.4730  0.8650
Y -0.2554  0.8267  0.5014
Z -0.9523 -0.3048  0.0176

PART 14
OFFSET  13.9737 -0.8695 -8.0733
X  0.6826  0.0170  0.7306
Y  0.7031  0.2573 -0.6629
Z -0.1992  0.9662  0.1636

PART 15
OFFSET  14.6521 -1.3535 -13.8844
X  0.6353 -0.7397  0.2221
Y -0.7719 -0.5996  0.2112
Z -0.0231 -0.3056 -0.9519

PART 16
OFFSET  15.9882 -3.0444 -13.2209
X -0.3716 -0.6133  0.6969
Y -0.9208  0.3392 -0.1925
Z -0.1183 -0.7133 -0.6908

PART 17
OFFSET  15.4621 -3.9128 -12.2342
X -0.9416 -0.1265  0.3119
Y -0.3166  0.6477 -0.6930
Z -0.1144 -0.7513 -0.6499

PART 18
OFFSET  14.6272 -4.0249 -11.9576
X -0.9155  0.3538 -0.1915
Y  0.3818  0.6143 -0.6905
Z -0.1267 -0.7053 -0.6975

PART 19
OFFSET  13.7574 -3.6887 -12.1395
X  0.4789 -0.5543  0.6808
Y  0.8614  0.1469 -0.4863
Z  0.1695  0.8193  0.5478

PART 20
OFFSET  14.7175 -0.9590 -13.2931
X  0.6567 -0.6558  0.3724
Y -0.7479 -0.6297  0.2101
Z  0.0967 -0.4164 -0.9040

PART 21
OFFSET  16.4552 -2.6527 -12.3602
X -0.4401 -0.6972  0.5658
Y -0.8862  0.4389 -0.1485
Z -0.1448 -0.5668 -0.8110

PART 22
OFFSET  15.7058 -3.8397 -11.3969
X -0.9888  0.0897  0.1191
Y  0.0011  0.8033 -0.5956
Z -0.1491 -0.5888 -0.7944

PART 23
OFFSET  14.3354 -3.7155 -11.2318
X -0.7081  0.6220 -0.3342
Y  0.6915  0.5151 -0.5064
Z -0.1429 -0.5897 -0.7949

PART 24
OFFSET  13.5674 -3.0409 -11.5942
X  0.1781 -0.8329  0.5240
Y  0.9779  0.0904 -0.1888
Z  0.1099  0.5460  0.8306

PART 25
OFFSET  15.0748 -0.9782 -10.4403
X  0.4171 -0.7463  0.5188
Y  0.8821  0.4698 -0.0333
Z -0.2189  0.4715  0.8543

PART 26
OFFSET  16.4678 -1.3365 -10.7752
X -0.4225 -0.7715  0.4756
Y -0.9001  0.2959 -0.3197
Z  0.1059 -0.5632 -0.8195

PART 27
OFFSET  15.7239 -2.6949 -9.9378
X -0.9855 -0.1256 -0.1140
Y -0.0304  0.7921 -0.6097
Z  0.1669 -0.5974 -0.7844

PART 28
OFFSET  14.5157 -2.8113 -10.0288
X -0.8513  0.3687 -0.3733
Y  0.5156  0.7196 -0.4652
Z  0.0971 -0.5885 -0.8027

PART 29
OFFSET  13.5541 -2.3949 -10.4504
X -0.1610 -0.9351  0.3157
Y  0.9455 -0.0544  0.3209
Z -0.2829  0.3502  0.8929

PART 30
OFFSET  16.5515 -2.0728 -11.5945
X -0.5045 -0.6763  0.5368
Y -0.8634  0.3964 -0.3120
Z -0.0018 -0.6209 -0.7839

PART 31
OFFSET  15.5659 -3.3939 -10.5459
X -0.9958  0.0707 -0.0574
Y  0.0909  0.8066 -0.5841
Z  0.0050 -0.5869 -0.8097

PART 32
OFFSET  14.1113 -3.2907 -10.6297
X -0.5886  0.6655 -0.4590
Y  0.8076  0.5095 -0.2970
Z  0.0362 -0.5455 -0.8374

PART 33
OFFSET  13.4444 -2.5412 -11.1552
X -0.0668 -0.8009  0.5951
Y  0.9969 -0.0790  0.0056
Z  0.0426  0.5936  0.8036

PART 34
OFFSET  14.6638 -2.7331 -11.9857
X  0.0269 -0.4125 -0.9106
Y  0.7477  0.6129 -0.2555
Z  0.6634 -0.6740  0.3249

PART 35
OFFSET  3.5726 -8.4755  6.0147
X  0.5073 -0.2164  0.8342
Y -0.1235  0.9397  0.3188
Z -0.8529 -0.2647  0.4500

PART 36
OFFSET  3.5726 -8.4755  6.0147
X  0.5073 -0.2164  0.8342
Y -0.1235  0.9397  0.3188
Z -0.8529 -0.2647  0.4500

PART 37
OFFSET  4.9203 -9.1333  8.9479
X  0.5073 -0.2164  0.8342
Y -0.1235  0.9397  0.3188
Z -0.8529 -0.2647  0.4500

PART 38
OFFSET  2.9052 -9.2235  7.9608
X  0.5073 -0.2164  0.8342
Y -0.1235  0.9397  0.3188
Z -0.8529 -0.2647  0.4500

PART 39
OFFSET -25.7517  2.3585 -31.3700
X  0.5417 -0.2054  0.8151
Y -0.1235  0.9397  0.3188
Z -0.8314 -0.2733  0.4837

PART 40
OFFSET  3.4248 -9.0527  7.6576
X  0.5246 -0.2109  0.8248
Y -0.1235  0.9397  0.3188
Z -0.8423 -0.2691  0.4670

PART 41
OFFSET  3.1025 -8.6312  7.9720
X  0.5246 -0.2109  0.8248
Y -0.1235  0.9397  0.3188
Z -0.8423 -0.2691  0.4670

PART 42
OFFSET  2.5692 -8.7965  8.2724
X  0.5246 -0.2109  0.8248
Y -0.1235  0.9397  0.3188
Z -0.8423 -0.2691  0.4670

PART 43
OFFSET  2.3750 -9.3900  8.2461
X  0.5246 -0.2109  0.8248
Y -0.1235  0.9397  0.3188
Z -0.8423 -0.2691  0.4670

PART 44
OFFSET  2.6998 -9.8126  7.9300
X  0.5246 -0.2109  0.8248
Y -0.1235  0.9397  0.3188
Z -0.8423 -0.2691  0.4670

PART 45
OFFSET  3.2222 -9.6428  7.6377
X  0.5246 -0.2109  0.8248
Y -0.1235  0.9397  0.3188
Z -0.8423 -0.2691  0.4670

PART 46
OFFSET -24.4058  1.8378 -29.3615
X  0.5417 -0.2054  0.8151
Y -0.1235  0.9397  0.3188
Z -0.8314 -0.2733  0.4837

PART 47
OFFSET  2.4677 -8.5959  6.5175
X  0.5073 -0.2164  0.8342
Y -0.1235  0.9397  0.3188
Z -0.8529 -0.2647  0.4500

PART 48
OFFSET  11.2690 -4.2464 -13.6221
X  0.1204 -0.5995 -0.7913
Y -0.0460  0.7929 -0.6077
Z  0.9917  0.1096  0.0679

PART 49
OFFSET -9.0954 -2.7609 -2.3892
X -0.3672  0.8386  0.4023
Y -0.8158 -0.4982  0.2938
Z  0.4468 -0.2203  0.8671

PART 50
OFFSET -4.6540 -12.9033 -7.2540
X -0.6021 -0.3766 -0.7040
Y  0.6424 -0.7521 -0.1471
Z -0.4741 -0.5409  0.6948

PART 51
OFFSET  0.4669 -9.7002 -1.2658
X -0.6021 -0.3766 -0.7040
Y  0.6886  0.2014 -0.6966
Z  0.4041 -0.9042  0.1381

PART 52
OFFSET  1.8597 -7.9461 -1.3529
X -0.6045 -0.3705 -0.7052
Y  0.4664  0.5531 -0.6903
Z  0.6458 -0.7462 -0.1615

PART 53
OFFSET  0.5750 -7.4263 -0.1116
X -0.6045 -0.3705 -0.7052
Y  0.4664  0.5531 -0.6903
Z  0.6458 -0.7462 -0.1615

PART 54
OFFSET  0.0574 -8.7239  1.0389
X -0.6045 -0.3705 -0.7052
Y  0.4664  0.5531 -0.6903
Z  0.6458 -0.7462 -0.1615

PART 55
OFFSET  2.3127 -8.5457  0.8925
X -0.3433  0.2417 -0.9076
Y  0.9383  0.1302 -0.3203
Z  0.0407 -0.9616 -0.2715

PART 56
OFFSET  1.5449 -8.3853  1.7213
X -0.0457 -0.5817 -0.8121
Y  0.9002 -0.3764  0.2190
Z -0.4330 -0.7210  0.5409

PART 57
OFFSET  1.5778 -7.0522  3.4218
X -0.4591 -0.0582 -0.8865
Y  0.6163 -0.7396 -0.2707
Z -0.6398 -0.6706  0.3754

PART 58
OFFSET  2.4274 -6.9273  4.7947
X -0.8219  0.3048 -0.4812
Y  0.1950 -0.6432 -0.7405
Z -0.5352 -0.7025  0.4692

PART 59
OFFSET  3.3374 -7.2138  5.3061
X -0.2228  0.5437 -0.8092
Y  0.8228  0.5501  0.1430
Z  0.5229 -0.6339 -0.5699

PART 60
OFFSET  3.5997 -8.4165  1.3725
X -0.8154  0.0825 -0.5730
Y  0.0415 -0.9789 -0.2000
Z -0.5774 -0.1869  0.7948

PART 61
OFFSET  5.3426 -8.5091  2.8002
X  0.1120 -0.7321 -0.6719
Y  0.6657 -0.4467  0.5977
Z -0.7377 -0.5143  0.4373

PART 62
OFFSET  5.1840 -7.4726  3.7515
X  0.5755 -0.8173 -0.0283
Y  0.3325  0.2022  0.9212
Z -0.7472 -0.5395  0.3881

PART 63
OFFSET  4.6738 -6.7479  3.7766
X  0.6431 -0.2908  0.7084
Y -0.2359  0.8049  0.5446
Z -0.7285 -0.5173  0.4490

PART 64
OFFSET  4.0628 -6.4717  3.1035
X -0.2384 -0.2080 -0.9486
Y -0.6840  0.7294  0.0120
Z  0.6894  0.6517 -0.3162

PART 65
OFFSET  3.0573 -8.6905  1.7470
X -0.6146  0.1843 -0.7670
Y  0.0065 -0.9711 -0.2386
Z -0.7888 -0.1516  0.5957

PART 66
OFFSET  4.7698 -9.1676  3.6439
X -0.0125 -0.8838 -0.4677
Y  0.6945 -0.3441  0.6318
Z -0.7193 -0.3170  0.6181

PART 67
OFFSET  4.7910 -7.6630  4.4402
X  0.5900 -0.7539  0.2890
Y  0.3550  0.5637  0.7458
Z -0.7252 -0.3374  0.6002

PART 68
OFFSET  3.9734 -6.6181  4.0396
X  0.6360 -0.0067  0.7716
Y -0.2529  0.9429  0.2166
Z -0.7290 -0.3329  0.5981

PART 69
OFFSET  3.2835 -6.6108  3.2028
X -0.4125 -0.5495 -0.7265
Y -0.5401  0.7898 -0.2907
Z  0.7335  0.2725 -0.6226

PART 70
OFFSET  0.1122 -8.1650 -2.7595
X -0.4932 -0.0651 -0.8675
Y -0.1020  0.9946 -0.0166
Z  0.8639  0.0803 -0.4972

PART 71
OFFSET  2.9578 -9.9432  4.5696
X -0.4201 -0.1131 -0.9004
Y  0.2939 -0.9557 -0.0171
Z -0.8586 -0.2718  0.4347

PART 72
OFFSET  3.6975 -9.7440  6.1549
X -0.4140 -0.1523 -0.8974
Y  0.2637 -0.9637  0.0419
Z -0.8713 -0.2193  0.4391

PART 73
OFFSET  4.1478 -9.5722  7.2726
X -0.3567 -0.1210 -0.9263
Y  0.2760 -0.9610  0.0192
Z -0.8925 -0.2488  0.3762

PART 74
OFFSET  4.5507 -9.4355  8.3189
X -0.3841  0.8369  0.3900
Y  0.5389 -0.1398  0.8307
Z  0.7497  0.5292 -0.3974

PART 75
OFFSET  3.9319 -9.6037  4.1740
X -0.0080 -0.9283 -0.3717
Y  0.5757 -0.3082  0.7573
Z -0.8176 -0.2079  0.5369

PART 76
OFFSET  3.9476 -7.7902  4.9002
X  0.4914 -0.7306  0.4741
Y  0.3284  0.6596  0.6761
Z -0.8066 -0.1766  0.5641

PART 77
OFFSET  3.2298 -6.7231  4.2078
X  0.5981 -0.1264  0.7914
Y -0.0227  0.9844  0.1744
Z -0.8011 -0.1222  0.5859

PART 78
OFFSET  2.5581 -6.5783  3.3074
X -0.3929 -0.5240 -0.7557
Y -0.4609  0.8233 -0.3312
Z  0.7957  0.2182 -0.5650

PART 79
OFFSET  0.0000 -0.0000 -0.0000
X  1.0000 -0.0000  0.0000
Y  0.0000  1.0000  0.0000
Z  0.0000 -0.0000  1.0000

PART 80
OFFSET  0.0000 -0.0000 -0.0000
X  1.0000 -0.0000  0.0000
Y  0.0000  1.0000  0.0000
Z  0.0000 -0.0000  1.0000

PART 81
OFFSET  1.5404 -0.0000  4.1357
X  1.0000 -0.0000  0.0000
Y  0.0000  1.0000  0.0000
Z  0.0000 -0.0000  1.0000


FRAME 103
PART 0
OFFSET -4.6318 -0.0000 -1.3770
X  1.0000 -0.0000  0.0000
Y  0.0000  1.0000  0.0000
Z  0.0000 -0.0000  1.0000

PART 1
OFFSET -1.9111 -0.4487 -1.8207
X  1.0000 -0.0000  0.0000
Y  0.0000  1.0000  0.0000
Z  0.0000 -0.0000  1.0000

PART 2
OFFSET -1.7776  7.8010 -3.1869
X  0.6658  0.0436 -0.7448
Y -0.3558 -0.8589 -0.3683
Z -0.6558  0.5102 -0.5564

PART 3
OFFSET  6.2749  8.3280 -12.1948
X  0.6682 -0.7328 -0.1282
Y -0.3786 -0.4834  0.7893
Z -0.6404 -0.4789 -0.6005

PART 4
OFFSET  11.9586  2.0953 -13.2856
X  0.6682 -0.7328 -0.1282
Y  0.2526  0.0614  0.9656
Z -0.6997 -0.6777  0.2261

PART 5
OFFSET  14.0100  2.1106 -13.5737
X  0.6722 -0.7286 -0.1313
Y  0.6438  0.4878  0.5895
Z -0.3655 -0.4808  0.7970

PART 6
OFFSET  12.6441  1.6093 -14.8453
X  0.6722 -0.7286 -0.1313
Y  0.6438  0.4878  0.5895
Z -0.3655 -0.4808  0.7970

PART 7
OFFSET  13.2859  0.4233 -11.7971
X  0.6722 -0.7286 -0.1313
Y  0.6438  0.4878  0.5895
Z -0.3655 -0.4808  0.7970

PART 8
OFFSET  12.3405 -0.1835 -12.4759
X  0.6722 -0.7286 -0.1313
Y  0.6438  0.4878  0.5895
Z -0.3655 -0.4808  0.7970

PART 9
OFFSET  11.9066  0.1357 -13.5737
X  0.6722 -0.7286 -0.1313
Y  0.6438  0.4878  0.5895
Z -0.3655 -0.4808  0.7970

PART 10
OFFSET  14.0073 -0.1513 -13.6788
X  0.6106 -0.4836  0.6271
Y -0.2608  0.6249  0.7358
Z -0.7477 -0.6129  0.2555

PART 11
OFFSET  13.7233 -0.0174 -12.5817
X -0.0480  0.2315  0.9716
Y -0.2006  0.9507 -0.2364
Z -0.9785 -0.2063  0.0008

PART 12
OFFSET  13.5452  0.5656 -10.5085
X  0.2711 -0.1792  0.9457
Y -0.3312  0.9051  0.2665
Z -0.9038 -0.3855  0.1861

PART 13
OFFSET  13.9015  0.1792 -8.9768
X  0.1168 -0.1108  0.9870
Y -0.2889  0.9470  0.1405
Z -0.9502 -0.3015  0.0786

PART 14
OFFSET  13.9794  0.0617 -7.9035
X  0.6371  0.3070  0.7070
Y  0.7408  0.0096 -0.6717
Z -0.2130  0.9516 -0.2213

PART 15
OFFSET  14.6521 -1.3535 -13.8844
X  0.6353 -0.7397  0.2221
Y -0.7719 -0.5996  0.2112
Z -0.0231 -0.3056 -0.9519

PART 16
OFFSET  15.9882 -3.0444 -13.2209
X -0.3822 -0.6095  0.6945
Y -0.9153  0.3528 -0.1941
Z -0.1267 -0.7099 -0.6928

PART 17
OFFSET  15.4470 -3.9074 -12.2376
X -0.9516 -0.0972  0.2917
Y -0.2816  0.6564 -0.6999
Z -0.1234 -0.7481 -0.6520

PART 18
OFFSET  14.6033 -3.9936 -11.9790
X -0.8950  0.3886 -0.2191
Y  0.4257  0.5971 -0.6799
Z -0.1334 -0.7018 -0.6998

PART 19
OFFSET  13.7531 -3.6244 -12.1871
X  0.4366 -0.5706  0.6956
Y  0.8804  0.1120 -0.4607
Z  0.1849  0.8136  0.5513

PART 20
OFFSET  14.7175 -0.9590 -13.2931
X  0.6567 -0.6558  0.3724
Y -0.7479 -0.6297  0.2101
Z  0.0967 -0.4164 -0.9040

PART 21
OFFSET  16.4552 -2.6527 -12.3602
X -0.4498 -0.6924  0.5642
Y -0.8813  0.4464 -0.1547
Z -0.1448 -0.5668 -0.8110

PART 22
OFFSET  15.6895 -3.8315 -11.3997
X -0.9878  0.1237  0.0941
Y  0.0429  0.7988 -0.6000
Z -0.1494 -0.5887 -0.7944

PART 23
OFFSET  14.3204 -3.6600 -11.2693
X -0.6704  0.6486 -0.3605
Y  0.7281  0.4811 -0.4883
Z -0.1432 -0.5898 -0.7947

PART 24
OFFSET  13.5934 -2.9566 -11.6603
X  0.1263 -0.8352  0.5352
Y  0.9862  0.0473 -0.1588
Z  0.1073  0.5479  0.8297

PART 25
OFFSET  15.0748 -0.9782 -10.4403
X  0.4171 -0.7463  0.5188
Y  0.8821  0.4698 -0.0333
Z -0.2189  0.4715  0.8543

PART 26
OFFSET  16.4678 -1.3365 -10.7752
X -0.4225 -0.7715  0.4756
Y -0.9001  0.2959 -0.3197
Z  0.1059 -0.5632 -0.8195

PART 27
OFFSET  15.7239 -2.6949 -9.9378
X -0.9860 -0.0976 -0.1355
Y  0.0047  0.7950 -0.6066
Z  0.1669 -0.5988 -0.7833

PART 28
OFFSET  14.5151 -2.7772 -10.0550
X -0.8128  0.4185 -0.4053
Y  0.5743  0.6923 -0.4369
Z  0.0978 -0.5879 -0.8030

PART 29
OFFSET  13.5971 -2.3045 -10.5128
X -0.2264 -0.9265  0.3005
Y  0.9266 -0.1097  0.3597
Z -0.3003  0.3598  0.8834

PART 30
OFFSET  16.5515 -2.0728 -11.5945
X -0.5108 -0.6733  0.5345
Y -0.8597  0.4014 -0.3160
Z -0.0018 -0.6209 -0.7839

PART 31
OFFSET  15.5535 -3.3882 -10.5504
X -0.9920  0.0987 -0.0783
Y  0.1259  0.8036 -0.5817
Z  0.0055 -0.5869 -0.8096

PART 32
OFFSET  14.1045 -3.2440 -10.6648
X -0.5537  0.6853 -0.4730
Y  0.8318  0.4814 -0.2762
Z  0.0385 -0.5464 -0.8366

PART 33
OFFSET  13.4771 -2.4720 -11.2063
X -0.1092 -0.7981  0.5926
Y  0.9931 -0.1132  0.0305
Z  0.0428  0.5918  0.8049

PART 34
OFFSET  14.6638 -2.7331 -11.9858
X  0.0269 -0.4125 -0.9106
Y  0.7477  0.6129 -0.2555
Z  0.6634 -0.6740  0.3249

PART 35
OFFSET  3.5726 -8.4755  6.0147
X  0.5073 -0.2164  0.8342
Y -0.1235  0.9397  0.3188
Z -0.8529 -0.2647  0.4500

PART 36
OFFSET  3.5726 -8.4755  6.0147
X  0.5073 -0.2164  0.8342
Y -0.1235  0.9397  0.3188
Z -0.8529 -0.2647  0.4500

PART 37
OFFSET  4.9203 -9.1333  8.9479
X  0.5073 -0.2164  0.8342
Y -0.1235  0.9397  0.3188
Z -0.8529 -0.2647  0.4500

PART 38
OFFSET  2.9052 -9.2235  7.9608
X  0.5073 -0.2164  0.8342
Y -0.1235  0.9397  0.3188
Z -0.8529 -0.2647  0.4500

PART 39
OFFSET -25.7517  2.3585 -31.3700
X  0.5417 -0.2054  0.8151
Y -0.1235  0.9397  0.3188
Z -0.8314 -0.2733  0.4837

PART 40
OFFSET  3.4248 -9.0527  7.6576
X  0.5246 -0.2109  0.8248
Y -0.1235  0.9397  0.3188
Z -0.8423 -0.2691  0.4670

PART 41
OFFSET  3.1025 -8.6312  7.9720
X  0.5246 -0.2109  0.8248
Y -0.1235  0.9397  0.3188
Z -0.8423 -0.2691  0.4670

PART 42
OFFSET  2.5692 -8.7965  8.2724
X  0.5246 -0.2109  0.8248
Y -0.1235  0.9397  0.3188
Z -0.8423 -0.2691  0.4670

PART 43
OFFSET  2.3750 -9.3900  8.2461
X  0.5246 -0.2109  0.8248
Y -0.1235  0.9397  0.3188
Z -0.8423 -0.2691  0.4670

PART 44
OFFSET  2.6998 -9.8126  7.9300
X  0.5246 -0.2109  0.8248
Y -0.1235  0.9397  0.3188
Z -0.8423 -0.2691  0.4670

PART 45
OFFSET  3.2222 -9.6428  7.6377
X  0.5246 -0.2109  0.8248
Y -0.1235  0.9397  0.3188
Z -0.8423 -0.2691  0.4670

PART 46
OFFSET -24.4058  1.8378 -29.3615
X  0.5417 -0.2054  0.8151
Y -0.1235  0.9397  0.3188
Z -0.8314 -0.2733  0.4837

PART 47
OFFSET  2.4677 -8.5959  6.5175
X  0.5073 -0.2164  0.8342
Y -0.1235  0.9397  0.3188
Z -0.8529 -0.2647  0.4500

PART 48
OFFSET  11.2690 -4.2464 -13.6221
X  0.1204 -0.5995 -0.7913
Y -0.0460  0.7929 -0.6077
Z  0.9917  0.1096  0.0679

PART 49
OFFSET -9.0954 -2.7609 -2.3892
X -0.3672  0.8386  0.4023
Y -0.8158 -0.4982  0.2938
Z  0.4468 -0.2203  0.8671

PART 50
OFFSET -4.6540 -12.9033 -7.2540
X -0.6021 -0.3766 -0.7040
Y  0.6424 -0.7521 -0.1471
Z -0.4741 -0.5409  0.6948

PART 51
OFFSET  0.4669 -9.7002 -1.2658
X -0.6021 -0.3766 -0.7040
Y  0.6886  0.2014 -0.6966
Z  0.4041 -0.9042  0.1381

PART 52
OFFSET  1.8597 -7.9461 -1.3529
X -0.6045 -0.3705 -0.7052
Y  0.4664  0.5531 -0.6903
Z  0.6458 -0.7462 -0.1615

PART 53
OFFSET  0.5750 -7.4263 -0.1116
X -0.6045 -0.3705 -0.7052
Y  0.4664  0.5531 -0.6903
Z  0.6458 -0.7462 -0.1615

PART 54
OFFSET  0.0574 -8.7239  1.0389
X -0.6045 -0.3705 -0.7052
Y  0.4664  0.5531 -0.6903
Z  0.6458 -0.7462 -0.1615

PART 55
OFFSET  2.3127 -8.5457  0.8925
X -0.3433  0.2417 -0.9076
Y  0.9383  0.1302 -0.3203
Z  0.0407 -0.9616 -0.2715

PART 56
OFFSET  1.5449 -8.3853  1.7213
X -0.0457 -0.5817 -0.8121
Y  0.9002 -0.3764  0.2190
Z -0.4330 -0.7210  0.5409

PART 57
OFFSET  1.5778 -7.0522  3.4218
X -0.4591 -0.0582 -0.8865
Y  0.6163 -0.7396 -0.2707
Z -0.6398 -0.6706  0.3754

PART 58
OFFSET  2.4274 -6.9273  4.7947
X -0.8219  0.3048 -0.4812
Y  0.1950 -0.6432 -0.7405
Z -0.5352 -0.7025  0.4692

PART 59
OFFSET  3.3374 -7.2138  5.3061
X -0.2228  0.5437 -0.8092
Y  0.8228  0.5501  0.1430
Z  0.5229 -0.6339 -0.5699

PART 60
OFFSET  3.5997 -8.4165  1.3725
X -0.8154  0.0825 -0.5730
Y  0.0415 -0.9789 -0.2000
Z -0.5774 -0.1869  0.7948

PART 61
OFFSET  5.3426 -8.5091  2.8002
X  0.1120 -0.7321 -0.6719
Y  0.6657 -0.4467  0.5977
Z -0.7377 -0.5143  0.4373

PART 62
OFFSET  5.1840 -7.4726  3.7515
X  0.5755 -0.8173 -0.0283
Y  0.3325  0.2022  0.9212
Z -0.7472 -0.5395  0.3881

PART 63
OFFSET  4.6738 -6.7479  3.7766
X  0.6431 -0.2908  0.7084
Y -0.2359  0.8049  0.5446
Z -0.7285 -0.5173  0.4490

PART 64
OFFSET  4.0628 -6.4717  3.1035
X -0.2384 -0.2080 -0.9486
Y -0.6840  0.7294  0.0120
Z  0.6894  0.6517 -0.3162

PART 65
OFFSET  3.0573 -8.6905  1.7470
X -0.6146  0.1843 -0.7670
Y  0.0065 -0.9711 -0.2386
Z -0.7888 -0.1516  0.5957

PART 66
OFFSET  4.7698 -9.1676  3.6439
X -0.0125 -0.8838 -0.4677
Y  0.6945 -0.3441  0.6318
Z -0.7193 -0.3170  0.6181

PART 67
OFFSET  4.7910 -7.6630  4.4402
X  0.5900 -0.7539  0.2890
Y  0.3550  0.5637  0.7458
Z -0.7252 -0.3374  0.6002

PART 68
OFFSET  3.9734 -6.6181  4.0396
X  0.6360 -0.0067  0.7716
Y -0.2529  0.9429  0.2166
Z -0.7290 -0.3329  0.5981

PART 69
OFFSET  3.2835 -6.6108  3.2028
X -0.4125 -0.5495 -0.7265
Y -0.5401  0.7898 -0.2907
Z  0.7335  0.2725 -0.6226

PART 70
OFFSET  0.1122 -8.1650 -2.7595
X -0.4932 -0.0651 -0.8675
Y -0.1020  0.9946 -0.0166
Z  0.8639  0.0803 -0.4972

PART 71
OFFSET  2.9578 -9.9432  4.5696
