// Export filename: `C:\projects\cod\t5\xanim_export\t5_viewmodels\python\python_sw_fire.XANIM_EXPORT`
// Source filename: `D:\projects\devanim\t5\animation_assets\viewmodels\python\ViewModel_python_animated.fbx`
// Export time: Tue Aug 31 23:59:22 2010

ANIMATION
VERSION 3

NUMPARTS 81
PART 0 "tag_ads"
PART 1 "tag_torso"
PART 2 "J_Shoulder_LE"
PART 3 "J_Elbow_LE"
PART 4 "J_WristTwist_LE"
PART 5 "J_Sleave_Reshape_Bottom_LE_1"
PART 6 "J_Sleave_Reshape_Bottom_LE_2"
PART 7 "J_Sleave_Reshape_Top_LE_1"
PART 8 "J_Sleave_Reshape_Top_LE_2"
PART 9 "J_Sleave_Reshape_Top_LE_3"
PART 10 "J_Wrist_LE"
PART 11 "J_Thumb_LE_0"
PART 12 "J_Thumb_LE_1"
PART 13 "J_Thumb_LE_2"
PART 14 "J_Thumb_LE_3"
PART 15 "J_PinkyPalm_LE"
PART 16 "J_Pinky_LE_0"
PART 17 "J_Pinky_LE_1"
PART 18 "J_Pinky_LE_2"
PART 19 "J_Pinky_LE_3"
PART 20 "J_RingPalm_LE"
PART 21 "J_Ring_LE_0"
PART 22 "J_Ring_LE_1"
PART 23 "J_Ring_LE_2"
PART 24 "J_Ring_LE_3"
PART 25 "J_Webbing_LE"
PART 26 "J_Index_LE_0"
PART 27 "J_Index_LE_1"
PART 28 "J_Index_LE_2"
PART 29 "J_Index_LE_3"
PART 30 "J_Mid_LE_0"
PART 31 "J_Mid_LE_1"
PART 32 "J_Mid_LE_2"
PART 33 "J_Mid_LE_3"
PART 34 "tag_knife_attach"
PART 35 "tag_weapon"
PART 36 "J_Gun"
PART 37 "TAG_CLIP"
PART 38 "J_Bolt"
PART 39 "tag_speedloader"
PART 40 "tag_spent0"
PART 41 "tag_spent1"
PART 42 "tag_spent2"
PART 43 "tag_spent3"
PART 44 "tag_spent4"
PART 45 "tag_spent5"
PART 46 "tag_bullets"
PART 47 "J_Press_Rear"
PART 48 "J_Shoulder_RI"
PART 49 "J_Elbow_RI"
PART 50 "J_WristTwist_RI"
PART 51 "J_Sleave_Reshape_Top_RI_3"
PART 52 "J_Sleave_Reshape_Top_RI_2"
PART 53 "J_Sleave_Reshape_Top_RI_1"
PART 54 "J_Wrist_RI"
PART 55 "J_Thumb_RI_0"
PART 56 "J_Thumb_RI_1"
PART 57 "J_Thumb_RI_2"
PART 58 "J_Thumb_RI_3"
PART 59 "J_PinkyPalm_RI"
PART 60 "J_Pinky_RI_0"
PART 61 "J_Pinky_RI_1"
PART 62 "J_Pinky_RI_2"
PART 63 "J_Pinky_RI_3"
PART 64 "J_RingPalm_RI"
PART 65 "J_Ring_RI_0"
PART 66 "J_Ring_RI_1"
PART 67 "J_Ring_RI_2"
PART 68 "J_Ring_RI_3"
PART 69 "J_Webbing_RI"
PART 70 "J_Index_RI_0"
PART 71 "J_Index_RI_1"
PART 72 "J_Index_RI_2"
PART 73 "J_Index_RI_3"
PART 74 "J_Mid_RI_0"
PART 75 "J_Mid_RI_1"
PART 76 "J_Mid_RI_2"
PART 77 "J_Mid_RI_3"
PART 78 "tag_cambone"
PART 79 "tag_camera"
PART 80 "tag_gasmask"

FRAMERATE 30
NUMFRAMES 13

FRAME 70
PART 0
OFFSET -4.6318 -0.0000 -1.3770
X  1.0000 -0.0000  0.0000
Y  0.0000  1.0000  0.0000
Z  0.0000 -0.0000  1.0000

PART 1
OFFSET -4.6318 -0.0000 -1.3770
X  1.0000 -0.0000  0.0000
Y  0.0000  1.0000  0.0000
Z  0.0000 -0.0000  1.0000

PART 2
OFFSET -6.7281  3.8438 -4.9859
X  0.6959 -0.0331 -0.7174
Y  0.0926 -0.9865  0.1353
Z -0.7122 -0.1606 -0.6834

PART 3
OFFSET  1.6876  3.4431 -13.6621
X  0.7035 -0.3661  0.6092
Y -0.6518  0.0095  0.7583
Z -0.2834 -0.9305 -0.2319

PART 4
OFFSET  7.6708  0.3295 -8.4804
X  0.7035 -0.3661  0.6092
Y -0.5597  0.2429  0.7923
Z -0.4380 -0.8983 -0.0341

PART 5
OFFSET  9.5960  0.6427 -8.2224
X  0.7081 -0.3636  0.6053
Y  0.2907  0.9313  0.2193
Z -0.6435  0.0207  0.7652

PART 6
OFFSET  8.9957 -0.7332 -8.9841
X  0.7081 -0.3636  0.6053
Y  0.2907  0.9313  0.2193
Z -0.6435  0.0207  0.7652

PART 7
OFFSET  8.2788  0.3719 -6.0025
X  0.7081 -0.3636  0.6053
Y  0.2907  0.9313  0.2193
Z -0.6435  0.0207  0.7652

PART 8
OFFSET  7.6926 -0.8224 -6.2067
X  0.7081 -0.3636  0.6053
Y  0.2907  0.9313  0.2193
Z -0.6435  0.0207  0.7652

PART 9
OFFSET  7.8760 -1.2551 -7.3089
X  0.7081 -0.3636  0.6053
Y  0.2907  0.9313  0.2193
Z -0.6435  0.0207  0.7652

PART 10
OFFSET  9.8274 -0.7927 -6.6128
X  0.9838 -0.1193 -0.1335
Y  0.1630  0.2886  0.9435
Z -0.0741 -0.9500  0.3033

PART 11
OFFSET  10.3969 -0.9579 -5.6378
X  0.9448  0.1218  0.3041
Y -0.2933  0.7283  0.6193
Z -0.1461 -0.6744  0.7238

PART 12
OFFSET  12.3983 -0.6599 -4.8793
X  0.9358 -0.1508 -0.3185
Y  0.3509  0.4817  0.8030
Z  0.0323 -0.8633  0.5037

PART 13
OFFSET  13.8917 -1.0288 -5.3850
X  0.7754 -0.4785 -0.4120
Y  0.6150  0.4242  0.6647
Z -0.1433 -0.7688  0.6232

PART 14
OFFSET  14.7342 -1.5742 -5.7908
X  0.7912  0.2280 -0.5675
Y -0.5229  0.7334 -0.4344
Z  0.3171  0.6404  0.6995

PART 15
OFFSET  10.4705 -1.3946 -7.6746
X  0.8235 -0.3942 -0.4080
Y -0.2196 -0.8846  0.4114
Z -0.5231 -0.2492 -0.8150

PART 16
OFFSET  12.3700 -2.3525 -8.4222
X  0.4898 -0.8428  0.2231
Y -0.6547 -0.1866  0.7325
Z -0.5757 -0.5049 -0.6431

PART 17
OFFSET  13.0634 -3.5457 -8.1063
X -0.2502 -0.6317  0.7337
Y -0.8075  0.5543  0.2018
Z -0.5342 -0.5420 -0.6488

PART 18
OFFSET  12.8416 -4.1058 -7.4558
X -0.7677  0.0843  0.6352
Y -0.2624  0.8630 -0.4316
Z -0.5846 -0.4981 -0.6405

PART 19
OFFSET  12.1122 -4.0257 -6.8523
X  0.8365 -0.5342 -0.1223
Y  0.2221  0.5344 -0.8156
Z  0.5010  0.6550  0.5656

PART 20
OFFSET  10.8055 -1.0964 -7.1193
X  0.8858 -0.2079 -0.4149
Y -0.1013 -0.9591  0.2643
Z -0.4529 -0.1921 -0.8706

PART 21
OFFSET  13.0776 -1.8966 -8.0970
X  0.4931 -0.8371  0.2369
Y -0.7274 -0.2473  0.6401
Z -0.4772 -0.4879 -0.7309

PART 22
OFFSET  13.9171 -3.3218 -7.6938
X -0.4123 -0.6059  0.6804
Y -0.7883  0.6117  0.0670
Z -0.4568 -0.5087 -0.7298

PART 23
OFFSET  13.3456 -4.1615 -6.7508
X -0.8503  0.0009  0.5264
Y -0.2648  0.8635 -0.4292
Z -0.4549 -0.5043 -0.7340

PART 24
OFFSET  12.4235 -4.1606 -6.1799
X  0.8255 -0.5188 -0.2222
Y  0.2901  0.7278 -0.6214
Z  0.4841  0.4485  0.7514

PART 25
OFFSET  13.0794 -1.2115 -5.3635
X  0.8736 -0.4322 -0.2237
Y  0.3630  0.8849 -0.2919
Z  0.3241  0.1738  0.9299

PART 26
OFFSET  13.8115 -0.6869 -6.5340
X  0.3874 -0.9115  0.1380
Y -0.8191 -0.2716  0.5053
Z -0.4231 -0.3088 -0.8518

PART 27
OFFSET  14.4936 -2.2917 -6.2910
X -0.4147 -0.8207  0.3930
Y -0.8358  0.5143  0.1921
Z -0.3598 -0.2488 -0.8992

PART 28
OFFSET  14.0113 -3.2743 -5.7585
X -0.7146 -0.4476  0.5375
Y -0.5566  0.8293 -0.0495
Z -0.4236 -0.3346 -0.8418

PART 29
OFFSET  13.2041 -3.7799 -5.1514
X  0.6160 -0.6970 -0.3671
Y  0.5654  0.7156 -0.4101
Z  0.5485  0.0451  0.8349

PART 30
OFFSET  13.5165 -1.1576 -7.4889
X  0.4031 -0.8747  0.2692
Y -0.8467 -0.2448  0.4724
Z -0.3473 -0.4184 -0.8393

PART 31
OFFSET  14.3038 -2.8663 -6.9629
X -0.3921 -0.7558  0.5245
Y -0.8362  0.5304  0.1392
Z -0.3834 -0.3840 -0.8400

PART 32
OFFSET  13.7312 -3.9703 -6.1969
X -0.8487 -0.1975  0.4906
Y -0.3336  0.9197 -0.2070
Z -0.4103 -0.3393 -0.8465

PART 33
OFFSET  12.7672 -4.1970 -5.6471
X  0.8901 -0.4143 -0.1899
Y  0.2596  0.8033 -0.5360
Z  0.3746  0.4278  0.8226

PART 34
OFFSET  12.2941 -2.7193 -7.0208
X -0.5017 -0.2274 -0.8346
Y  0.0741  0.9500 -0.3033
Z  0.8619 -0.2140 -0.4598

PART 35
OFFSET  13.9348 -2.2528 -4.0742
X  1.0000  0.0021 -0.0022
Y -0.0021  1.0000  0.0022
Z  0.0022 -0.0022  1.0000

PART 36
OFFSET  13.9348 -2.2528 -4.0742
X  1.0000  0.0021 -0.0022
Y -0.0021  1.0000  0.0022
Z  0.0022 -0.0022  1.0000

PART 37
OFFSET  17.2079 -2.0959 -3.7363
X  1.0000  0.0021 -0.0022
Y -0.0021  1.0000  0.0022
Z  0.0022 -0.0022  1.0000

PART 38
OFFSET  15.3850 -2.2533 -2.4343
X  1.0000  0.0021 -0.0022
Y -0.0030  0.5336 -0.8457
Z -0.0006  0.8457  0.5336

PART 39
OFFSET -111.3567 -47.2203 -25.3566
X  0.9998 -0.0152 -0.0131
Y -0.0030  0.5336 -0.8457
Z  0.0198  0.8456  0.5335

PART 40
OFFSET  15.3591 -2.7819 -2.7674
X  0.9998 -0.0152 -0.0131
Y -0.0030  0.5336 -0.8457
Z  0.0198  0.8456  0.5335

PART 41
OFFSET  15.3648 -2.2380 -3.0581
X  0.9998 -0.0152 -0.0131
Y -0.0030  0.5336 -0.8457
Z  0.0198  0.8456  0.5335

PART 42
OFFSET  15.3802 -1.6987 -2.7253
X  0.9998 -0.0152 -0.0131
Y -0.0030  0.5336 -0.8457
Z  0.0198  0.8456  0.5335

PART 43
OFFSET  15.3896 -1.7251 -2.1009
X  0.9998 -0.0152 -0.0131
Y -0.0030  0.5336 -0.8457
Z  0.0198  0.8456  0.5335

PART 44
OFFSET  15.3839 -2.2722 -1.8099
X  0.9998 -0.0152 -0.0131
Y -0.0030  0.5336 -0.8457
Z  0.0198  0.8456  0.5335

PART 45
OFFSET  15.3687 -2.7972 -2.1434
X  0.9998 -0.0152 -0.0131
Y -0.0030  0.5336 -0.8457
Z  0.0198  0.8456  0.5335

PART 46
OFFSET -109.5044 -47.2484 -25.3808
X  0.9998 -0.0152 -0.0131
Y -0.0030  0.5336 -0.8457
Z  0.0198  0.8456  0.5335

PART 47
OFFSET  13.8219 -2.0720 -2.8731
X  1.0000  0.0021 -0.0022
Y -0.0021  1.0000  0.0022
Z  0.0022 -0.0022  1.0000

PART 48
OFFSET -7.8386 -1.3192 -1.5206
X -0.5509  0.3857  0.7401
Y -0.4308 -0.8909  0.1436
Z  0.7148 -0.2397  0.6570

PART 49
OFFSET -1.1759 -5.9843 -10.4709
X -0.8774 -0.2150 -0.4289
Y  0.4797 -0.4050 -0.7784
Z -0.0063 -0.8887  0.4585

PART 50
OFFSET  6.2868 -4.1556 -6.8232
X -0.8774 -0.2150 -0.4289
Y  0.4777 -0.3086 -0.8226
Z  0.0445 -0.9266  0.3734

PART 51
OFFSET  7.2012 -2.5296 -6.1556
X -0.8802 -0.2101 -0.4255
Y  0.0019  0.8950 -0.4460
Z  0.4745 -0.3934 -0.7874

PART 52
OFFSET  7.0741 -2.5974 -4.9660
X -0.8802 -0.2101 -0.4255
Y  0.0019  0.8950 -0.4460
Z  0.4745 -0.3934 -0.7874

PART 53
OFFSET  7.2565 -3.8405 -4.4839
X -0.8802 -0.2101 -0.4255
Y  0.0019  0.8950 -0.4460
Z  0.4745 -0.3934 -0.7874

PART 54
OFFSET  8.9767 -3.4965 -5.5084
X -0.9522  0.0976 -0.2896
Y  0.2575 -0.2542 -0.9322
Z -0.1646 -0.9622  0.2169

PART 55
OFFSET  9.2241 -2.9000 -4.5675
X -0.5282 -0.6290 -0.5704
Y  0.7088  0.0433 -0.7041
Z  0.4676 -0.7762  0.4230

PART 56
OFFSET  10.2672 -1.5038 -3.2899
X -0.9700 -0.1285  0.2063
Y -0.1055 -0.5421 -0.8337
Z  0.2190 -0.8305  0.5122

PART 57
OFFSET  11.8023 -1.2357 -3.7302
X -0.8539 -0.0790  0.5143
Y -0.3979 -0.5379 -0.7432
Z  0.3354 -0.8393  0.4279

PART 58
OFFSET  12.7172 -1.1027 -4.2933
X -0.9278  0.3699 -0.0484
Y  0.3574  0.8441 -0.3997
Z -0.1070 -0.3881 -0.9154

PART 59
OFFSET  10.0914 -3.6568 -6.3054
X -0.9781 -0.0272  0.2064
Y  0.0746 -0.9714  0.2254
Z  0.1943  0.2359  0.9522

PART 60
OFFSET  12.3082 -3.4422 -6.6580
X -0.3526 -0.9332  0.0695
Y  0.8944 -0.3579 -0.2684
Z  0.2753 -0.0325  0.9608

PART 61
OFFSET  12.8073 -2.1210 -6.7564
X  0.5483 -0.8139 -0.1925
Y  0.8025  0.5767 -0.1528
Z  0.2354 -0.0707  0.9693

PART 62
OFFSET  12.3212 -1.3994 -6.5858
X  0.9589 -0.0090 -0.2837
Y  0.0156  0.9997  0.0211
Z  0.2834 -0.0247  0.9587

PART 63
OFFSET  11.4103 -1.3909 -6.3162
X -0.7842 -0.6171  0.0651
Y -0.5694  0.7573  0.3197
Z -0.2466  0.2136 -0.9453

PART 64
OFFSET  10.1067 -3.6437 -5.5918
X -0.9999  0.0060  0.0112
Y -0.0029 -0.9660  0.2586
Z  0.0124  0.2585  0.9659

PART 65
OFFSET  12.6999 -3.7191 -5.7586
X -0.3768 -0.9079  0.1834
Y  0.8727 -0.4144 -0.2581
Z  0.3103  0.0628  0.9486

PART 66
OFFSET  13.3415 -2.1733 -6.0708
X  0.7136 -0.6745 -0.1891
Y  0.6363  0.7371 -0.2276
Z  0.2929  0.0421  0.9552

PART 67
OFFSET  12.3525 -1.2385 -5.8088
X  0.9419  0.1666 -0.2918
Y -0.1727  0.9850  0.0047
Z  0.2881  0.0460  0.9565

PART 68
OFFSET  11.3309 -1.4192 -5.4923
X -0.6588 -0.6968  0.2834
Y -0.6936  0.7086  0.1299
Z -0.2914 -0.1110 -0.9501

PART 69
OFFSET  4.7079 -3.3909 -5.8092
X -0.9915 -0.1265 -0.0319
Y -0.1092  0.9384 -0.3279
Z  0.0714 -0.3217 -0.9442

PART 70
OFFSET  12.4314 -4.0428 -3.5962
X -0.8711 -0.3744  0.3178
Y  0.4165 -0.9061  0.0742
Z  0.2602  0.1970  0.9452

PART 71
OFFSET  13.9651 -3.3837 -4.1558
X -0.8092 -0.4824  0.3352
Y  0.5356 -0.8403  0.0837
Z  0.2413  0.2473  0.9384

PART 72
OFFSET  14.9635 -2.7822 -4.5063
X -0.4769 -0.8372  0.2676
Y  0.8570 -0.5105 -0.0699
Z  0.1951  0.1960  0.9610

PART 73
OFFSET  15.5022 -1.8365 -4.8085
X -0.5635  0.7885  0.2463
Y  0.6808  0.6121 -0.4022
Z -0.4680 -0.0590 -0.8818

PART 74
OFFSET  12.6387 -4.1356 -4.6773
X -0.4951 -0.8427  0.2115
Y  0.8576 -0.5130 -0.0366
Z  0.1394  0.1633  0.9767

PART 75
OFFSET  13.6058 -2.4893 -5.0906
X  0.6095 -0.7915  0.0440
Y  0.7735  0.5817 -0.2516
Z  0.1736  0.1874  0.9668

PART 76
OFFSET  12.7156 -1.3331 -5.1549
X  0.9714  0.0823 -0.2226
Y -0.1314  0.9676 -0.2156
Z  0.1976  0.2386  0.9508

PART 77
OFFSET  11.6138 -1.4274 -4.9097
X -0.6736 -0.6964  0.2475
Y -0.7091  0.7034  0.0492
Z -0.2084 -0.1424 -0.9676

PART 78
OFFSET  0.0000 -0.0000 -0.0000
X  1.0000 -0.0000  0.0000
Y  0.0000  1.0000  0.0000
Z  0.0000 -0.0000  1.0000

PART 79
OFFSET  0.0000 -0.0000 -0.0000
X  1.0000 -0.0000  0.0000
Y  0.0000  1.0000  0.0000
Z  0.0000 -0.0000  1.0000

PART 80
OFFSET  1.5404 -0.0000  4.1357
X  1.0000 -0.0000  0.0000
Y  0.0000  1.0000  0.0000
Z  0.0000 -0.0000  1.0000


FRAME 71
PART 0
OFFSET -4.6318 -0.0000 -1.3770
X  1.0000 -0.0000  0.0000
Y  0.0000  1.0000  0.0000
Z  0.0000 -0.0000  1.0000

PART 1
OFFSET -4.6318 -0.0000 -1.3770
X  1.0000 -0.0000  0.0000
Y  0.0000  1.0000  0.0000
Z  0.0000 -0.0000  1.0000

PART 2
OFFSET -6.7281  3.8438 -4.9859
X  0.6959 -0.0331 -0.7174
Y  0.0926 -0.9865  0.1353
Z -0.7122 -0.1606 -0.6834

PART 3
OFFSET  1.6876  3.4431 -13.6621
X  0.7035 -0.3661  0.6092
Y -0.6518  0.0095  0.7583
Z -0.2834 -0.9305 -0.2319

PART 4
OFFSET  7.6708  0.3295 -8.4804
X  0.7035 -0.3661  0.6092
Y -0.5597  0.2429  0.7923
Z -0.4380 -0.8983 -0.0341

PART 5
OFFSET  9.5960  0.6427 -8.2224
X  0.7081 -0.3636  0.6053
Y  0.2907  0.9313  0.2193
Z -0.6435  0.0207  0.7652

PART 6
OFFSET  8.9957 -0.7332 -8.9841
X  0.7081 -0.3636  0.6053
Y  0.2907  0.9313  0.2193
Z -0.6435  0.0207  0.7652

PART 7
OFFSET  8.2788  0.3719 -6.0025
X  0.7081 -0.3636  0.6053
Y  0.2907  0.9313  0.2193
Z -0.6435  0.0207  0.7652

PART 8
OFFSET  7.6926 -0.8224 -6.2067
X  0.7081 -0.3636  0.6053
Y  0.2907  0.9313  0.2193
Z -0.6435  0.0207  0.7652

PART 9
OFFSET  7.8760 -1.2551 -7.3089
X  0.7081 -0.3636  0.6053
Y  0.2907  0.9313  0.2193
Z -0.6435  0.0207  0.7652

PART 10
OFFSET  9.8274 -0.7927 -6.6128
X  0.9838 -0.1193 -0.1335
Y  0.1630  0.2886  0.9435
Z -0.0741 -0.9500  0.3033

PART 11
OFFSET  10.3969 -0.9579 -5.6378
X  0.9448  0.1218  0.3041
Y -0.2933  0.7283  0.6193
Z -0.1461 -0.6744  0.7238

PART 12
OFFSET  12.3983 -0.6599 -4.8793
X  0.9358 -0.1511 -0.3184
Y  0.3510  0.4820  0.8028
Z  0.0322 -0.8630  0.5041

PART 13
OFFSET  13.8917 -1.0292 -5.3848
X  0.7755 -0.4781 -0.4124
Y  0.6151  0.4247  0.6643
Z -0.1424 -0.7688  0.6234

PART 14
OFFSET  14.7343 -1.5742 -5.7909
X  0.7907  0.2285 -0.5680
Y -0.5237  0.7330 -0.4342
Z  0.3171  0.6408  0.6992

PART 15
OFFSET  10.4705 -1.3946 -7.6746
X  0.8235 -0.3942 -0.4080
Y -0.2196 -0.8846  0.4114
Z -0.5231 -0.2492 -0.8150

PART 16
OFFSET  12.3700 -2.3525 -8.4222
X  0.4898 -0.8428  0.2231
Y -0.6547 -0.1866  0.7325
Z -0.5757 -0.5049 -0.6431

PART 17
OFFSET  13.0634 -3.5457 -8.1063
X -0.2502 -0.6317  0.7337
Y -0.8075  0.5543  0.2018
Z -0.5342 -0.5420 -0.6488

PART 18
OFFSET  12.8416 -4.1058 -7.4558
X -0.7677  0.0843  0.6352
Y -0.2624  0.8630 -0.4316
Z -0.5846 -0.4981 -0.6405

PART 19
OFFSET  12.1122 -4.0257 -6.8523
X  0.8365 -0.5342 -0.1223
Y  0.2221  0.5344 -0.8156
Z  0.5010  0.6550  0.5656

PART 20
OFFSET  10.8055 -1.0964 -7.1193
X  0.8858 -0.2079 -0.4149
Y -0.1013 -0.9591  0.2643
Z -0.4529 -0.1921 -0.8706

PART 21
OFFSET  13.0776 -1.8966 -8.0970
X  0.4931 -0.8371  0.2369
Y -0.7274 -0.2473  0.6401
Z -0.4772 -0.4879 -0.7309

PART 22
OFFSET  13.9171 -3.3218 -7.6938
X -0.4123 -0.6059  0.6804
Y -0.7883  0.6117  0.0670
Z -0.4568 -0.5087 -0.7298

PART 23
OFFSET  13.3456 -4.1615 -6.7508
X -0.8503  0.0009  0.5264
Y -0.2648  0.8635 -0.4292
Z -0.4549 -0.5043 -0.7340

PART 24
OFFSET  12.4235 -4.1606 -6.1799
X  0.8255 -0.5188 -0.2222
Y  0.2901  0.7278 -0.6214
Z  0.4841  0.4485  0.7514

PART 25
OFFSET  13.0794 -1.2115 -5.3635
X  0.8736 -0.4322 -0.2237
Y  0.3630  0.8849 -0.2919
Z  0.3241  0.1738  0.9299

PART 26
OFFSET  13.8115 -0.6869 -6.5340
X  0.3874 -0.9115  0.1380
Y -0.8191 -0.2716  0.5053
Z -0.4231 -0.3088 -0.8518

PART 27
OFFSET  14.4936 -2.2917 -6.2910
X -0.4147 -0.8207  0.3930
Y -0.8358  0.5143  0.1921
Z -0.3598 -0.2488 -0.8992

PART 28
OFFSET  14.0113 -3.2743 -5.7585
X -0.7146 -0.4476  0.5375
Y -0.5566  0.8293 -0.0495
Z -0.4236 -0.3346 -0.8418

PART 29
OFFSET  13.2041 -3.7799 -5.1514
X  0.6160 -0.6970 -0.3671
Y  0.5654  0.7156 -0.4101
Z  0.5485  0.0451  0.8349

PART 30
OFFSET  13.5165 -1.1576 -7.4889
X  0.4031 -0.8747  0.2692
Y -0.8467 -0.2448  0.4724
Z -0.3473 -0.4184 -0.8393

PART 31
OFFSET  14.3038 -2.8663 -6.9629
X -0.3921 -0.7558  0.5245
Y -0.8362  0.5304  0.1392
Z -0.3834 -0.3840 -0.8400

PART 32
OFFSET  13.7312 -3.9703 -6.1969
X -0.8487 -0.1975  0.4906
Y -0.3336  0.9197 -0.2070
Z -0.4103 -0.3393 -0.8465

PART 33
OFFSET  12.7672 -4.1970 -5.6471
X  0.8901 -0.4143 -0.1899
Y  0.2596  0.8033 -0.5360
Z  0.3746  0.4278  0.8226

PART 34
OFFSET  12.2941 -2.7193 -7.0208
X -0.5017 -0.2274 -0.8346
Y  0.0741  0.9500 -0.3033
Z  0.8619 -0.2140 -0.4598

PART 35
OFFSET  13.9348 -2.2528 -4.0742
X  1.0000  0.0021 -0.0022
Y -0.0021  1.0000  0.0022
Z  0.0022 -0.0022  1.0000

PART 36
OFFSET  13.9348 -2.2528 -4.0742
X  1.0000  0.0021 -0.0022
Y -0.0021  1.0000  0.0022
Z  0.0022 -0.0022  1.0000

PART 37
OFFSET  17.2079 -2.0959 -3.7363
X  1.0000  0.0021 -0.0022
Y -0.0021  1.0000  0.0022
Z  0.0022 -0.0022  1.0000

PART 38
OFFSET  15.3850 -2.2533 -2.4343
X  1.0000  0.0021 -0.0022
Y -0.0029  0.8762 -0.4819
Z  0.0009  0.4819  0.8762

PART 39
OFFSET -111.4332 -30.4149 -44.0875
X  0.9998 -0.0077 -0.0201
Y -0.0029  0.8762 -0.4819
Z  0.0214  0.4819  0.8760

PART 40
OFFSET  15.3581 -2.5547 -2.9815
X  0.9998 -0.0077 -0.0201
Y -0.0029  0.8762 -0.4819
Z  0.0214  0.4819  0.8760

PART 41
OFFSET  15.3644 -1.9381 -2.9729
X  0.9998 -0.0077 -0.0201
Y -0.0029  0.8762 -0.4819
Z  0.0214  0.4819  0.8760

PART 42
OFFSET  15.3807 -1.6271 -2.4207
X  0.9998 -0.0077 -0.0201
Y -0.0029  0.8762 -0.4819
Z  0.0214  0.4819  0.8760

PART 43
OFFSET  15.3905 -1.9523 -1.8870
X  0.9998 -0.0077 -0.0201
Y -0.0029  0.8762 -0.4819
Z  0.0214  0.4819  0.8760

PART 44
OFFSET  15.3843 -2.5719 -1.8970
X  0.9998 -0.0077 -0.0201
Y -0.0029  0.8762 -0.4819
Z  0.0214  0.4819  0.8760

PART 45
OFFSET  15.3682 -2.8700 -2.4429
X  0.9998 -0.0077 -0.0201
Y -0.0029  0.8762 -0.4819
Z  0.0214  0.4819  0.8760

PART 46
OFFSET -109.5809 -30.4292 -44.1248
X  0.9998 -0.0077 -0.0201
Y -0.0029  0.8762 -0.4819
Z  0.0214  0.4819  0.8760

PART 47
OFFSET  13.8219 -2.0720 -2.8731
X  0.7866  0.0003  0.6175
Y -0.0021  1.0000  0.0022
Z -0.6175 -0.0030  0.7866

PART 48
OFFSET -7.8386 -1.3192 -1.5206
X -0.5509  0.3857  0.7401
Y -0.4308 -0.8909  0.1436
Z  0.7148 -0.2397  0.6570

PART 49
OFFSET -1.1759 -5.9843 -10.4709
X -0.8774 -0.2150 -0.4289
Y  0.4797 -0.4050 -0.7784
Z -0.0063 -0.8887  0.4585

PART 50
OFFSET  6.2868 -4.1556 -6.8232
X -0.8774 -0.2150 -0.4289
Y  0.4777 -0.3086 -0.8226
Z  0.0445 -0.9266  0.3734

PART 51
OFFSET  7.2012 -2.5296 -6.1556
X -0.8802 -0.2101 -0.4255
Y  0.0019  0.8950 -0.4460
Z  0.4745 -0.3934 -0.7874

PART 52
OFFSET  7.0741 -2.5974 -4.9660
X -0.8802 -0.2101 -0.4255
Y  0.0019  0.8950 -0.4460
Z  0.4745 -0.3934 -0.7874

PART 53
OFFSET  7.2565 -3.8405 -4.4839
X -0.8802 -0.2101 -0.4255
Y  0.0019  0.8950 -0.4460
Z  0.4745 -0.3934 -0.7874

PART 54
OFFSET  8.9767 -3.4965 -5.5084
X -0.9522  0.0976 -0.2896
Y  0.2575 -0.2542 -0.9322
Z -0.1646 -0.9622  0.2169

PART 55
OFFSET  9.2241 -2.9000 -4.5675
X -0.5282 -0.6290 -0.5704
Y  0.7088  0.0433 -0.7041
Z  0.4676 -0.7762  0.4230

PART 56
OFFSET  10.2672 -1.5038 -3.2899
X -0.9702 -0.1298  0.2044
Y -0.1033 -0.5418 -0.8342
Z  0.2190 -0.8305  0.5122

PART 57
OFFSET  11.8029 -1.2337 -3.7271
X -0.8498 -0.0735  0.5220
Y -0.4065 -0.5390 -0.7377
Z  0.3356 -0.8391  0.4282

PART 58
OFFSET  12.7134 -1.1066 -4.2985
X -0.9266  0.3736 -0.0417
Y  0.3574  0.8411 -0.4059
Z -0.1165 -0.3910 -0.9130

PART 59
OFFSET  10.0914 -3.6568 -6.3054
X -0.9781 -0.0272  0.2064
Y  0.0746 -0.9714  0.2254
Z  0.1943  0.2359  0.9522

PART 60
OFFSET  12.3082 -3.4422 -6.6580
X -0.3526 -0.9332  0.0695
Y  0.8944 -0.3579 -0.2684
Z  0.2753 -0.0325  0.9608

PART 61
OFFSET  12.8073 -2.1210 -6.7564
X  0.5483 -0.8139 -0.1925
Y  0.8025  0.5767 -0.1528
Z  0.2354 -0.0707  0.9693

PART 62
OFFSET  12.3212 -1.3994 -6.5858
X  0.9589 -0.0090 -0.2837
Y  0.0156  0.9997  0.0211
Z  0.2834 -0.0247  0.9587

PART 63
OFFSET  11.4103 -1.3909 -6.3162
X -0.7842 -0.6171  0.0651
Y -0.5694  0.7573  0.3197
Z -0.2466  0.2136 -0.9453

PART 64
OFFSET  10.1067 -3.6437 -5.5918
X -0.9999  0.0060  0.0112
Y -0.0029 -0.9660  0.2586
Z  0.0124  0.2585  0.9659

PART 65
OFFSET  12.6999 -3.7191 -5.7586
X -0.3768 -0.9079  0.1834
Y  0.8727 -0.4144 -0.2581
Z  0.3103  0.0628  0.9486

PART 66
OFFSET  13.3415 -2.1733 -6.0708
X  0.7136 -0.6745 -0.1891
Y  0.6363  0.7371 -0.2276
Z  0.2929  0.0421  0.9552

PART 67
OFFSET  12.3525 -1.2385 -5.8088
X  0.9419  0.1666 -0.2918
Y -0.1727  0.9850  0.0047
Z  0.2881  0.0460  0.9565

PART 68
OFFSET  11.3309 -1.4192 -5.4923
X -0.6588 -0.6968  0.2834
Y -0.6936  0.7086  0.1299
Z -0.2914 -0.1110 -0.9501

PART 69
OFFSET  4.7079 -3.3909 -5.8092
X -0.9915 -0.1265 -0.0319
Y -0.1092  0.9384 -0.3279
Z  0.0714 -0.3217 -0.9442

PART 70
OFFSET  12.4314 -4.0428 -3.5962
X -0.8711 -0.3744  0.3178
Y  0.4165 -0.9061  0.0742
Z  0.2602  0.1970  0.9452

PART 71
OFFSET  13.9651 -3.3837 -4.1558
X -0.8092 -0.4824  0.3352
Y  0.5356 -0.8403  0.0837
Z  0.2413  0.2473  0.9384

PART 72
OFFSET  14.9635 -2.7822 -4.5063
X -0.4769 -0.8372  0.2676
Y  0.8570 -0.5105 -0.0699
Z  0.1951  0.1960  0.9610

PART 73
OFFSET  15.5022 -1.8365 -4.8085
X -0.5635  0.7885  0.2463
Y  0.6808  0.6121 -0.4022
Z -0.4680 -0.0590 -0.8818

PART 74
OFFSET  12.6387 -4.1356 -4.6773
X -0.4951 -0.8427  0.2115
Y  0.8576 -0.5130 -0.0366
Z  0.1394  0.1633  0.9767

PART 75
OFFSET  13.6058 -2.4893 -5.0906
X  0.6095 -0.7915  0.0440
Y  0.7735  0.5817 -0.2516
Z  0.1736  0.1874  0.9668

PART 76
OFFSET  12.7156 -1.3331 -5.1549
X  0.9714  0.0823 -0.2226
Y -0.1314  0.9676 -0.2156
Z  0.1976  0.2386  0.9508

PART 77
OFFSET  11.6138 -1.4274 -4.9097
X -0.6736 -0.6964  0.2475
Y -0.7091  0.7034  0.0492
Z -0.2084 -0.1424 -0.9676

PART 78
OFFSET  0.0000 -0.0000 -0.0000
X  1.0000 -0.0000  0.0000
Y  0.0000  1.0000  0.0000
Z  0.0000 -0.0000  1.0000

PART 79
OFFSET  0.0000 -0.0000 -0.0000
X  1.0000 -0.0000  0.0000
Y  0.0000  1.0000  0.0000
Z  0.0000 -0.0000  1.0000

PART 80
OFFSET  1.5404 -0.0000  4.1357
X  1.0000 -0.0000  0.0000
Y  0.0000  1.0000  0.0000
Z  0.0000 -0.0000  1.0000


FRAME 72
PART 0
OFFSET -4.6318 -0.0000 -1.3770
X  1.0000 -0.0000  0.0000
Y  0.0000  1.0000  0.0000
Z  0.0000 -0.0000  1.0000

PART 1
OFFSET -4.6318 -0.0000 -1.3770
X  1.0000 -0.0000  0.0000
Y  0.0000  1.0000  0.0000
Z  0.0000 -0.0000  1.0000

PART 2
OFFSET -6.7281  3.8438 -4.9859
X  0.6959 -0.0331 -0.7174
Y  0.0926 -0.9865  0.1353
Z -0.7122 -0.1606 -0.6834

PART 3
OFFSET  1.6876  3.4431 -13.6621
X  0.7035 -0.3661  0.6092
Y -0.6518  0.0095  0.7583
Z -0.2834 -0.9305 -0.2319

PART 4
OFFSET  7.6708  0.3295 -8.4804
X  0.7035 -0.3661  0.6092
Y -0.5597  0.2429  0.7923
Z -0.4380 -0.8983 -0.0341

PART 5
OFFSET  9.5960  0.6427 -8.2224
X  0.7081 -0.3636  0.6053
Y  0.2907  0.9313  0.2193
Z -0.6435  0.0207  0.7652

PART 6
OFFSET  8.9957 -0.7332 -8.9841
X  0.7081 -0.3636  0.6053
Y  0.2907  0.9313  0.2193
Z -0.6435  0.0207  0.7652

PART 7
OFFSET  8.2788  0.3719 -6.0025
X  0.7081 -0.3636  0.6053
Y  0.2907  0.9313  0.2193
Z -0.6435  0.0207  0.7652

PART 8
OFFSET  7.6926 -0.8224 -6.2067
X  0.7081 -0.3636  0.6053
Y  0.2907  0.9313  0.2193
Z -0.6435  0.0207  0.7652

PART 9
OFFSET  7.8760 -1.2551 -7.3089
X  0.7081 -0.3636  0.6053
Y  0.2907  0.9313  0.2193
Z -0.6435  0.0207  0.7652

PART 10
OFFSET  9.8274 -0.7927 -6.6128
X  0.9838 -0.1193 -0.1335
Y  0.1630  0.2886  0.9435
Z -0.0741 -0.9500  0.3033

PART 11
OFFSET  10.3969 -0.9579 -5.6378
X  0.9448  0.1218  0.3041
Y -0.2933  0.7283  0.6193
Z -0.1461 -0.6744  0.7238

PART 12
OFFSET  12.3983 -0.6599 -4.8793
X  0.9358 -0.1513 -0.3183
Y  0.3510  0.4822  0.8027
Z  0.0321 -0.8629  0.5044

PART 13
OFFSET  13.8917 -1.0295 -5.3846
X  0.7756 -0.4778 -0.4126
Y  0.6151  0.4250  0.6640
Z -0.1419 -0.7688  0.6235

PART 14
OFFSET  14.7344 -1.5742 -5.7910
X  0.7904  0.2288 -0.5683
Y -0.5242  0.7327 -0.4341
Z  0.3171  0.6410  0.6990

PART 15
OFFSET  10.4705 -1.3946 -7.6746
X  0.8235 -0.3942 -0.4080
Y -0.2196 -0.8846  0.4114
Z -0.5231 -0.2492 -0.8150

PART 16
OFFSET  12.3700 -2.3525 -8.4222
X  0.4898 -0.8428  0.2231
Y -0.6547 -0.1866  0.7325
Z -0.5757 -0.5049 -0.6431

PART 17
OFFSET  13.0634 -3.5457 -8.1063
X -0.2502 -0.6317  0.7337
Y -0.8075  0.5543  0.2018
Z -0.5342 -0.5420 -0.6488

PART 18
OFFSET  12.8416 -4.1058 -7.4558
X -0.7677  0.0843  0.6352
Y -0.2624  0.8630 -0.4316
Z -0.5846 -0.4981 -0.6405

PART 19
OFFSET  12.1122 -4.0257 -6.8523
X  0.8365 -0.5342 -0.1223
Y  0.2221  0.5344 -0.8156
Z  0.5010  0.6550  0.5656

PART 20
OFFSET  10.8055 -1.0964 -7.1193
X  0.8858 -0.2079 -0.4149
Y -0.1013 -0.9591  0.2643
Z -0.4529 -0.1921 -0.8706

PART 21
OFFSET  13.0776 -1.8966 -8.0970
X  0.4931 -0.8371  0.2369
Y -0.7274 -0.2473  0.6401
Z -0.4772 -0.4879 -0.7309

PART 22
OFFSET  13.9171 -3.3218 -7.6938
X -0.4123 -0.6059  0.6804
Y -0.7883  0.6117  0.0670
Z -0.4568 -0.5087 -0.7298

PART 23
OFFSET  13.3456 -4.1615 -6.7508
X -0.8503  0.0009  0.5264
Y -0.2648  0.8635 -0.4292
Z -0.4549 -0.5043 -0.7340

PART 24
OFFSET  12.4235 -4.1606 -6.1799
X  0.8255 -0.5188 -0.2222
Y  0.2901  0.7278 -0.6214
Z  0.4841  0.4485  0.7514

PART 25
OFFSET  13.0794 -1.2115 -5.3635
X  0.8736 -0.4322 -0.2237
Y  0.3630  0.8849 -0.2919
Z  0.3241  0.1738  0.9299

PART 26
OFFSET  13.8115 -0.6869 -6.5340
X  0.3874 -0.9115  0.1380
Y -0.8191 -0.2716  0.5053
Z -0.4231 -0.3088 -0.8518

PART 27
OFFSET  14.4936 -2.2917 -6.2910
X -0.4147 -0.8207  0.3930
Y -0.8358  0.5143  0.1921
Z -0.3598 -0.2488 -0.8992

PART 28
OFFSET  14.0113 -3.2743 -5.7585
X -0.7146 -0.4476  0.5375
Y -0.5566  0.8293 -0.0495
Z -0.4236 -0.3346 -0.8418

PART 29
OFFSET  13.2041 -3.7799 -5.1514
X  0.6160 -0.6970 -0.3671
Y  0.5654  0.7156 -0.4101
Z  0.5485  0.0451  0.8349

PART 30
OFFSET  13.5165 -1.1576 -7.4889
X  0.4031 -0.8747  0.2692
Y -0.8467 -0.2448  0.4724
Z -0.3473 -0.4184 -0.8393

PART 31
OFFSET  14.3038 -2.8663 -6.9629
X -0.3921 -0.7558  0.5245
Y -0.8362  0.5304  0.1392
Z -0.3834 -0.3840 -0.8400

PART 32
OFFSET  13.7312 -3.9703 -6.1969
X -0.8487 -0.1975  0.4906
Y -0.3336  0.9197 -0.2070
Z -0.4103 -0.3393 -0.8465

PART 33
OFFSET  12.7672 -4.1970 -5.6471
X  0.8901 -0.4143 -0.1899
Y  0.2596  0.8033 -0.5360
Z  0.3746  0.4278  0.8226

PART 34
OFFSET  12.2941 -2.7193 -7.0208
X -0.5017 -0.2274 -0.8346
Y  0.0741  0.9500 -0.3033
Z  0.8619 -0.2140 -0.4598

PART 35
OFFSET  13.9348 -2.2528 -4.0742
X  1.0000  0.0021 -0.0022
Y -0.0021  1.0000  0.0022
Z  0.0022 -0.0022  1.0000

PART 36
OFFSET  13.9348 -2.2528 -4.0742
X  1.0000  0.0021 -0.0022
Y -0.0021  1.0000  0.0022
Z  0.0022 -0.0022  1.0000

PART 37
OFFSET  17.2079 -2.0959 -3.7363
X  1.0000  0.0021 -0.0022
Y -0.0021  1.0000  0.0022
Z  0.0022 -0.0022  1.0000

PART 38
OFFSET  15.3850 -2.2533 -2.4343
X  1.0000  0.0021 -0.0022
Y -0.0021  1.0000  0.0022
Z  0.0022 -0.0022  1.0000

PART 39
OFFSET -111.5013 -6.6448 -52.3493
X  0.9997  0.0021 -0.0226
Y -0.0021  1.0000  0.0022
Z  0.0226 -0.0021  0.9997

PART 40
OFFSET  15.3573 -2.2523 -3.0590
X  0.9997  0.0021 -0.0226
Y -0.0021  1.0000  0.0022
Z  0.0226 -0.0021  0.9997

PART 41
OFFSET  15.3644 -1.7168 -2.7531
X  0.9997  0.0021 -0.0226
Y -0.0021  1.0000  0.0022
Z  0.0226 -0.0021  0.9997

PART 42
OFFSET  15.3816 -1.7118 -2.1194
X  0.9997  0.0021 -0.0226
Y -0.0021  1.0000  0.0022
Z  0.0226 -0.0021  0.9997

PART 43
OFFSET  15.3913 -2.2547 -1.8097
X  0.9997  0.0021 -0.0226
Y -0.0021  1.0000  0.0022
Z  0.0226 -0.0021  0.9997

PART 44
OFFSET  15.3843 -2.7920 -2.1182
X  0.9997  0.0021 -0.0226
Y -0.0021  1.0000  0.0022
Z  0.0226 -0.0021  0.9997

PART 45
OFFSET  15.3674 -2.7889 -2.7402
X  0.9997  0.0021 -0.0226
Y -0.0021  1.0000  0.0022
Z  0.0226 -0.0021  0.9997

PART 46
OFFSET -109.6491 -6.6408 -52.3912
X  0.9997  0.0021 -0.0226
Y -0.0021  1.0000  0.0022
Z  0.0226 -0.0021  0.9997

PART 47
OFFSET  13.8219 -2.0720 -2.8731
X  1.0000  0.0021 -0.0022
Y -0.0021  1.0000  0.0022
Z  0.0022 -0.0022  1.0000

PART 48
OFFSET -7.8386 -1.3192 -1.5206
X -0.5509  0.3857  0.7401
Y -0.4308 -0.8909  0.1436
Z  0.7148 -0.2397  0.6570

PART 49
OFFSET -1.1759 -5.9843 -10.4709
X -0.8774 -0.2150 -0.4289
Y  0.4797 -0.4050 -0.7784
Z -0.0063 -0.8887  0.4585

PART 50
OFFSET  6.2868 -4.1556 -6.8232
X -0.8774 -0.2150 -0.4289
Y  0.4777 -0.3086 -0.8226
Z  0.0445 -0.9266  0.3734

PART 51
OFFSET  7.2012 -2.5296 -6.1556
X -0.8802 -0.2101 -0.4255
Y  0.0019  0.8950 -0.4460
Z  0.4745 -0.3934 -0.7874

PART 52
OFFSET  7.0741 -2.5974 -4.9660
X -0.8802 -0.2101 -0.4255
Y  0.0019  0.8950 -0.4460
Z  0.4745 -0.3934 -0.7874

PART 53
OFFSET  7.2565 -3.8405 -4.4839
X -0.8802 -0.2101 -0.4255
Y  0.0019  0.8950 -0.4460
Z  0.4745 -0.3934 -0.7874

PART 54
OFFSET  8.9767 -3.4965 -5.5084
X -0.9522  0.0976 -0.2896
Y  0.2575 -0.2542 -0.9322
Z -0.1646 -0.9622  0.2169

PART 55
OFFSET  9.2241 -2.9000 -4.5675
X -0.5282 -0.6290 -0.5704
Y  0.7088  0.0433 -0.7041
Z  0.4676 -0.7762  0.4230

PART 56
OFFSET  10.2672 -1.5038 -3.2899
X -0.9704 -0.1306  0.2031
Y -0.1018 -0.5416 -0.8345
Z  0.2190 -0.8305  0.5122

PART 57
OFFSET  11.8032 -1.2323 -3.7250
X -0.8470 -0.0699  0.5269
Y -0.4121 -0.5397 -0.7341
Z  0.3357 -0.8390  0.4283

PART 58
OFFSET  12.7108 -1.1091 -4.3019
X -0.9258  0.3761 -0.0374
Y  0.3575  0.8392 -0.4099
Z -0.1227 -0.3929 -0.9114

PART 59
OFFSET  10.0914 -3.6568 -6.3054
X -0.9781 -0.0272  0.2064
Y  0.0746 -0.9714  0.2254
Z  0.1943  0.2359  0.9522

PART 60
OFFSET  12.3082 -3.4422 -6.6580
X -0.3526 -0.9332  0.0695
Y  0.8944 -0.3579 -0.2684
Z  0.2753 -0.0325  0.9608

PART 61
OFFSET  12.8073 -2.1210 -6.7564
X  0.5483 -0.8139 -0.1925
Y  0.8025  0.5767 -0.1528
Z  0.2354 -0.0707  0.9693

PART 62
OFFSET  12.3212 -1.3994 -6.5858
X  0.9589 -0.0090 -0.2837
Y  0.0156  0.9997  0.0211
Z  0.2834 -0.0247  0.9587

PART 63
OFFSET  11.4103 -1.3909 -6.3162
X -0.7842 -0.6171  0.0651
Y -0.5694  0.7573  0.3197
Z -0.2466  0.2136 -0.9453

PART 64
OFFSET  10.1067 -3.6437 -5.5918
X -0.9999  0.0060  0.0112
Y -0.0029 -0.9660  0.2586
Z  0.0124  0.2585  0.9659

PART 65
OFFSET  12.6999 -3.7191 -5.7586
X -0.3768 -0.9079  0.1834
Y  0.8727 -0.4144 -0.2581
Z  0.3103  0.0628  0.9486

PART 66
OFFSET  13.3415 -2.1733 -6.0708
X  0.7136 -0.6745 -0.1891
Y  0.6363  0.7371 -0.2276
Z  0.2929  0.0421  0.9552

PART 67
OFFSET  12.3525 -1.2385 -5.8088
X  0.9419  0.1666 -0.2918
Y -0.1727  0.9850  0.0047
Z  0.2881  0.0460  0.9565

PART 68
OFFSET  11.3309 -1.4192 -5.4923
X -0.6588 -0.6968  0.2834
Y -0.6936  0.7086  0.1299
Z -0.2914 -0.1110 -0.9501

PART 69
OFFSET  4.7079 -3.3909 -5.8092
X -0.9915 -0.1265 -0.0319
Y -0.1092  0.9384 -0.3279
Z  0.0714 -0.3217 -0.9442

PART 70
OFFSET  12.4314 -4.0428 -3.5962
X -0.8711 -0.3744  0.3178
Y  0.4165 -0.9061  0.0742
Z  0.2602  0.1970  0.9452

PART 71
OFFSET  13.9651 -3.3837 -4.1558
X -0.8092 -0.4824  0.3352
Y  0.5356 -0.8403  0.0837
Z  0.2413  0.2473  0.9384

PART 72
OFFSET  14.9635 -2.7822 -4.5063
X -0.4769 -0.8372  0.2676
Y  0.8570 -0.5105 -0.0699
Z  0.1951  0.1960  0.9610

PART 73
OFFSET  15.5022 -1.8365 -4.8085
X -0.5635  0.7885  0.2463
Y  0.6808  0.6121 -0.4022
Z -0.4680 -0.0590 -0.8818

PART 74
OFFSET  12.6387 -4.1356 -4.6773
X -0.4951 -0.8427  0.2115
Y  0.8576 -0.5130 -0.0366
Z  0.1394  0.1633  0.9767

PART 75
OFFSET  13.6058 -2.4893 -5.0906
X  0.6095 -0.7915  0.0440
Y  0.7735  0.5817 -0.2516
Z  0.1736  0.1874  0.9668

PART 76
OFFSET  12.7156 -1.3331 -5.1549
X  0.9714  0.0823 -0.2226
Y -0.1314  0.9676 -0.2156
Z  0.1976  0.2386  0.9508

PART 77
OFFSET  11.6138 -1.4274 -4.9097
X -0.6736 -0.6964  0.2475
Y -0.7091  0.7034  0.0492
Z -0.2084 -0.1424 -0.9676

PART 78
OFFSET  0.0000 -0.0000 -0.0000
X  1.0000 -0.0000  0.0000
Y  0.0000  1.0000  0.0000
Z  0.0000 -0.0000  1.0000

PART 79
OFFSET  0.0000 -0.0000 -0.0000
X  1.0000 -0.0000  0.0000
Y  0.0000  1.0000  0.0000
Z  0.0000 -0.0000  1.0000

PART 80
OFFSET  1.5404 -0.0000  4.1357
X  1.0000 -0.0000  0.0000
Y  0.0000  1.0000  0.0000
Z  0.0000 -0.0000  1.0000


FRAME 73
PART 0
OFFSET -4.6318 -0.0000 -1.3770
X  1.0000 -0.0000  0.0000
Y  0.0000  1.0000  0.0000
Z  0.0000 -0.0000  1.0000

PART 1
OFFSET -4.6318 -0.0000 -1.3770
X  1.0000 -0.0000  0.0000
Y  0.0000  1.0000  0.0000
Z  0.0000 -0.0000  1.0000

PART 2
OFFSET -6.7281  3.8438 -4.9859
X  0.6698 -0.0190 -0.7423
Y  0.1061 -0.9870  0.1210
Z -0.7349 -0.1598 -0.6591

PART 3
OFFSET  1.3729  3.6139 -13.9627
X  0.6611 -0.3647  0.6557
Y -0.6947  0.0325  0.7185
Z -0.2834 -0.9306 -0.2319

PART 4
OFFSET  6.9960  0.5120 -8.3858
X  0.6611 -0.3647  0.6557
Y -0.6435  0.1738  0.7455
Z -0.3858 -0.9148 -0.1197

PART 5
OFFSET  8.9073  0.8028 -8.0208
X  0.6660 -0.3623  0.6520
Y  0.2914  0.9310  0.2197
Z -0.6866  0.0437  0.7257

PART 6
OFFSET  8.3318 -0.5782 -8.7924
X  0.6660 -0.3623  0.6520
Y  0.2914  0.9310  0.2197
Z -0.6866  0.0437  0.7257

PART 7
OFFSET  7.4589  0.5911 -5.8776
X  0.6660 -0.3623  0.6520
Y  0.2914  0.9310  0.2197
Z -0.6866  0.0437  0.7257

PART 8
OFFSET  6.8677 -0.5983 -6.0950
X  0.6660 -0.3623  0.6520
Y  0.2914  0.9310  0.2197
Z -0.6866  0.0437  0.7257

PART 9
OFFSET  7.1085 -1.0536 -7.1768
X  0.6660 -0.3623  0.6520
Y  0.2914  0.9310  0.2197
Z -0.6866  0.0437  0.7257

PART 10
OFFSET  9.0228 -0.6060 -6.3757
X  0.9722 -0.1600  0.1710
Y -0.1463  0.1552  0.9770
Z -0.1829 -0.9748  0.1274

PART 11
OFFSET  9.2438 -0.9285 -5.3036
X  0.7975  0.0250  0.6028
Y -0.4664  0.6593  0.5897
Z -0.3827 -0.7514  0.5375

PART 12
OFFSET  10.8969 -0.8505 -3.9140
X  0.9860 -0.1652 -0.0220
Y  0.0801  0.3538  0.9319
Z -0.1462 -0.9206  0.3620

PART 13
OFFSET  12.4675 -1.2415 -3.9646
X  0.8599 -0.4665 -0.2074
Y  0.3740  0.2991  0.8779
Z -0.3475 -0.8324  0.4317

PART 14
OFFSET  13.3878 -1.7790 -4.1542
X  0.9350  0.2520 -0.2495
Y -0.3445  0.8122 -0.4709
Z  0.0840  0.5262  0.8462

PART 15
OFFSET  9.9652 -1.1046 -7.2513
X  0.9049 -0.3874 -0.1760
Y -0.3545 -0.9152  0.1916
Z -0.2353 -0.1110 -0.9656

PART 16
OFFSET  11.9892 -2.0711 -7.4826
X  0.3782 -0.8923  0.2466
Y -0.8592 -0.2392  0.4524
Z -0.3447 -0.3830 -0.8570

PART 17
OFFSET  12.5247 -3.3343 -7.1334
X -0.4838 -0.7042  0.5197
Y -0.8207  0.5713  0.0102
Z -0.3041 -0.4215 -0.8543

PART 18
OFFSET  12.0958 -3.9587 -6.6726
X -0.9305  0.0482  0.3632
Y -0.0953  0.9253 -0.3669
Z -0.3538 -0.3761 -0.8564

PART 19
OFFSET  11.2118 -3.9130 -6.3276
X  0.8227 -0.5633  0.0764
Y  0.4821  0.6201 -0.6190
Z  0.3013  0.5460  0.7817

PART 20
OFFSET  10.1073 -0.9005 -6.5822
X  0.9690 -0.2058 -0.1365
Y -0.1962 -0.9772  0.0809
Z -0.1500 -0.0516 -0.9873

PART 21
OFFSET  12.5607 -1.7038 -6.8886
X  0.3770 -0.8886  0.2613
Y -0.8990 -0.2831  0.3340
Z -0.2228 -0.3609 -0.9056

PART 22
OFFSET  13.2025 -3.2166 -6.4436
X -0.6195 -0.6621  0.4217
Y -0.7580  0.6442 -0.1020
Z -0.2041 -0.3828 -0.9010

PART 23
OFFSET  12.3439 -4.1343 -5.8592
X -0.9747 -0.0155  0.2232
Y -0.0984  0.9256 -0.3654
Z -0.2009 -0.3781 -0.9037

PART 24
OFFSET  11.2869 -4.1511 -5.6171
X  0.8449 -0.5346 -0.0186
Y  0.4867  0.7826 -0.3881
Z  0.2220  0.3189  0.9214

PART 25
OFFSET  11.6893 -1.3754 -4.2288
X  0.8922 -0.4516  0.0074
Y  0.4516  0.8916 -0.0340
Z  0.0087  0.0336  0.9994

PART 26
OFFSET  12.7685 -0.7502 -5.0197
X  0.3078 -0.9433  0.1246
Y -0.9426 -0.2844  0.1751
Z -0.1297 -0.1713 -0.9766

PART 27
OFFSET  13.3104 -2.4109 -4.8003
X -0.5322 -0.8379  0.1213
Y -0.8449  0.5347 -0.0135
Z -0.0536 -0.1097 -0.9925

PART 28
OFFSET  12.6667 -3.4229 -4.5925
X -0.8569 -0.4690  0.2138
Y -0.4978  0.8607 -0.1070
Z -0.1339 -0.1981 -0.9710

PART 29
OFFSET  11.6988 -3.9527 -4.3510
X  0.6907 -0.6800 -0.2462
Y  0.6787  0.7270 -0.1042
Z  0.2498 -0.0951  0.9636

PART 30
OFFSET  12.7908 -1.0763 -6.0749
X  0.2807 -0.9245  0.2578
Y -0.9577 -0.2520  0.1392
Z -0.0638 -0.2859 -0.9561

PART 31
OFFSET  13.3392 -2.8824 -5.5714
X -0.5523 -0.7918  0.2609
Y -0.8280  0.5574 -0.0609
Z -0.0972 -0.2497 -0.9634

PART 32
OFFSET  12.5326 -4.0390 -5.1903
X -0.9647 -0.2074  0.1623
Y -0.2345  0.9570 -0.1710
Z -0.1198 -0.2030 -0.9718

PART 33
OFFSET  11.4393 -4.2759 -5.0133
X  0.8971 -0.4392  0.0469
Y  0.4314  0.8483 -0.3071
Z  0.0951  0.2958  0.9505

PART 34
OFFSET  11.4587 -2.6090 -6.2442
X -0.2084 -0.0882 -0.9741
Y  0.1829  0.9748 -0.1274
Z  0.9608 -0.2047 -0.1870

PART 35
OFFSET  12.0656 -2.6225 -2.8941
X  0.9469 -0.0576  0.3163
Y  0.0128  0.9898  0.1418
Z -0.3212 -0.1302  0.9380

PART 36
OFFSET  12.0656 -2.6225 -2.8941
X  0.9469 -0.0576  0.3163
Y  0.0128  0.9898  0.1418
Z -0.3212 -0.1302  0.9380

PART 37
OFFSET  15.0557 -2.7067 -1.5141
X  0.9469 -0.0576  0.3163
Y  0.0128  0.9898  0.1418
Z -0.3212 -0.1302  0.9380

PART 38
OFFSET  12.9075 -2.9198 -0.8953
X  0.9469 -0.0576  0.3163
Y  0.0128  0.9898  0.1418
Z -0.3212 -0.1302  0.9380

PART 39
OFFSET -91.0789  6.7277 -88.6716
X  0.9533 -0.0549  0.2971
Y  0.0128  0.9898  0.1418
Z -0.3018 -0.1314  0.9443

PART 40
OFFSET  13.0834 -2.8372 -1.4897
X  0.9533 -0.0549  0.2971
Y  0.0128  0.9898  0.1418
Z -0.3018 -0.1314  0.9443

PART 41
OFFSET  12.9995 -2.3467 -1.1254
X  0.9533 -0.0549  0.2971
Y  0.0128  0.9898  0.1418
Z -0.3018 -0.1314  0.9443

PART 42
OFFSET  12.8109 -2.4239 -0.5251
X  0.9533 -0.0549  0.2971
Y  0.0128  0.9898  0.1418
Z -0.3018 -0.1314  0.9443

PART 43
OFFSET  12.7116 -3.0015 -0.3079
X  0.9533 -0.0549  0.2971
Y  0.0128  0.9898  0.1418
Z -0.3018 -0.1314  0.9443

PART 44
OFFSET  12.7964 -3.4935 -0.6748
X  0.9533 -0.0549  0.2971
Y  0.0128  0.9898  0.1418
Z -0.3018 -0.1314  0.9443

PART 45
OFFSET  12.9815 -3.4098 -1.2629
X  0.9533 -0.0549  0.2971
Y  0.0128  0.9898  0.1418
Z -0.3018 -0.1314  0.9443

PART 46
OFFSET -89.3127  6.6260 -88.1212
X  0.9533 -0.0549  0.2971
Y  0.0128  0.9898  0.1418
Z -0.3018 -0.1314  0.9443

PART 47
OFFSET  11.5733 -2.5905 -1.7784
X  0.9469 -0.0576  0.3163
Y  0.0128  0.9898  0.1418
Z -0.3212 -0.1302  0.9380

PART 48
OFFSET -7.8386 -1.3192 -1.5206
X -0.4663  0.4106  0.7835
Y -0.4340 -0.8780  0.2018
Z  0.7708 -0.2459  0.5877

PART 49
OFFSET -2.1987 -6.2851 -10.9965
X -0.8657 -0.2517 -0.4326
Y  0.5001 -0.4012 -0.7674
Z  0.0196 -0.8807  0.4732

PART 50
OFFSET  5.1647 -4.1445 -7.3168
X -0.8657 -0.2517 -0.4326
Y  0.4817 -0.1846 -0.8567
Z  0.1357 -0.9500  0.2810

PART 51
OFFSET  6.0175 -2.4777 -6.6688
X -0.8688 -0.2469 -0.4293
Y -0.0243  0.8871 -0.4609
Z  0.4947 -0.3900 -0.7767

PART 52
OFFSET  5.8820 -2.5302 -5.4794
X -0.8688 -0.2469 -0.4293
Y -0.0243  0.8871 -0.4609
Z  0.4947 -0.3900 -0.7767

PART 53
OFFSET  6.1020 -3.7583 -4.9750
X -0.8688 -0.2469 -0.4293
Y -0.0243  0.8871 -0.4609
Z  0.4947 -0.3900 -0.7767

PART 54
OFFSET  7.8188 -3.3729 -5.9905
X -0.8057  0.1908 -0.5607
Y  0.5411 -0.1478 -0.8279
Z -0.2408 -0.9704  0.0158

PART 55
OFFSET  7.7580 -2.9177 -4.9459
X -0.3252 -0.5180 -0.7912
Y  0.8989  0.0904 -0.4287
Z  0.2936 -0.8506  0.4363

PART 56
OFFSET  8.3536 -1.7615 -3.2201
X -0.9857 -0.0974 -0.1373
Y  0.1659 -0.4232 -0.8907
Z  0.0287 -0.9008  0.4333

PART 57
OFFSET  9.9516 -1.5286 -3.1002
X -0.9723 -0.0844  0.2181
Y -0.1645 -0.4160 -0.8943
Z  0.1662 -0.9054  0.3906

PART 58
OFFSET  10.9982 -1.3889 -3.3387
X -0.8584  0.4336 -0.2742
Y  0.4844  0.8610 -0.1550
Z  0.1689 -0.2659 -0.9491

PART 59
OFFSET  9.1287 -3.4965 -6.4057
X -0.9926  0.0053 -0.1214
Y -0.0174 -0.9950  0.0986
Z -0.1203  0.1000  0.9877

PART 60
OFFSET  11.3435 -3.3719 -6.0011
X -0.3705 -0.9116 -0.1780
Y  0.9274 -0.3736 -0.0174
Z -0.0506 -0.1716  0.9839

PART 61
OFFSET  11.8681 -2.0813 -5.7491
X  0.5683 -0.8139 -0.1204
Y  0.8177  0.5424  0.1930
Z -0.0918 -0.2081  0.9738

PART 62
OFFSET  11.3642 -1.3596 -5.6423
X  0.9988 -0.0301  0.0377
Y  0.0235  0.9860  0.1652
Z -0.0422 -0.1641  0.9855

PART 63
OFFSET  10.4152 -1.3310 -5.6782
X -0.7726 -0.5722 -0.2751
Y -0.6304  0.7430  0.2250
Z  0.0756  0.3472 -0.9347

PART 64
OFFSET  8.9126 -3.5758 -5.7300
X -0.9496  0.0645 -0.3067
Y -0.1014 -0.9892  0.1058
Z -0.2966  0.1316  0.9459

PART 65
OFFSET  11.4191 -3.7846 -5.0721
X -0.4299 -0.8997 -0.0754
Y  0.9028 -0.4295 -0.0226
Z -0.0121 -0.0778  0.9969

PART 66
OFFSET  12.1510 -2.2528 -4.9437
X  0.7259 -0.6863 -0.0450
Y  0.6871  0.7207  0.0925
Z -0.0310 -0.0981  0.9947

PART 67
OFFSET  11.1450 -1.3016 -4.8813
X  0.9881  0.1457  0.0494
Y -0.1497  0.9848  0.0878
Z -0.0359 -0.0941  0.9949

PART 68
OFFSET  10.0734 -1.4597 -4.9349
X -0.7258 -0.6866 -0.0417
Y -0.6872  0.7264  0.0007
Z  0.0298  0.0292 -0.9991

PART 69
OFFSET  3.8787 -2.9740 -7.6155
X -0.9297 -0.0617 -0.3630
Y  0.0173  0.9775 -0.2104
Z  0.3678 -0.2019 -0.9077

PART 70
OFFSET  10.4608 -4.3656 -3.1755
X -0.9328 -0.3590 -0.0317
Y  0.3560 -0.9315  0.0748
Z -0.0563  0.0585  0.9967

PART 71
OFFSET  12.1031 -3.7335 -3.1198
X -0.8815 -0.4720 -0.0108
Y  0.4667 -0.8747  0.1309
Z -0.0712  0.1103  0.9913

PART 72
OFFSET  13.1705 -3.1530 -3.0464
X -0.5507 -0.8345 -0.0184
Y  0.8256 -0.5479  0.1354
Z -0.1230  0.0594  0.9906

PART 73
OFFSET  13.7926 -2.2105 -3.0256
X -0.6006  0.7829  0.1624
Y  0.7837  0.6167 -0.0746
Z -0.1586  0.0825 -0.9839

PART 74
OFFSET  11.0051 -4.3315 -4.1363
X -0.5499 -0.8316 -0.0775
Y  0.8153 -0.5546  0.1664
Z -0.1813  0.0283  0.9830

