// Export filename: `C:\projects\cod\t5\xanim_export\t5_viewmodels\python\python_flashlight_fire.XANIM_EXPORT`
// Source filename: `D:\projects\devanim\t5\animation_assets\viewmodels/python/flashlight/ViewModel_python_flashlight_animated.fbx`
// Export time: Sat Apr 17 20:11:01 2010

ANIMATION
VERSION 3

NUMPARTS 82
PART 0 "tag_ads"
PART 1 "tag_torso"
PART 2 "J_Shoulder_LE"
PART 3 "J_Elbow_LE"
PART 4 "J_WristTwist_LE"
PART 5 "J_Sleave_Reshape_Bottom_LE_1"
PART 6 "J_Sleave_Reshape_Bottom_LE_2"
PART 7 "J_Sleave_Reshape_Top_LE_1"
PART 8 "J_Sleave_Reshape_Top_LE_2"
PART 9 "J_Sleave_Reshape_Top_LE_3"
PART 10 "J_Wrist_LE"
PART 11 "J_Thumb_LE_0"
PART 12 "J_Thumb_LE_1"
PART 13 "J_Thumb_LE_2"
PART 14 "J_Thumb_LE_3"
PART 15 "J_PinkyPalm_LE"
PART 16 "J_Pinky_LE_0"
PART 17 "J_Pinky_LE_1"
PART 18 "J_Pinky_LE_2"
PART 19 "J_Pinky_LE_3"
PART 20 "J_RingPalm_LE"
PART 21 "J_Ring_LE_0"
PART 22 "J_Ring_LE_1"
PART 23 "J_Ring_LE_2"
PART 24 "J_Ring_LE_3"
PART 25 "J_Webbing_LE"
PART 26 "J_Index_LE_0"
PART 27 "J_Index_LE_1"
PART 28 "J_Index_LE_2"
PART 29 "J_Index_LE_3"
PART 30 "J_Mid_LE_0"
PART 31 "J_Mid_LE_1"
PART 32 "J_Mid_LE_2"
PART 33 "J_Mid_LE_3"
PART 34 "tag_knife_attach"
PART 35 "tag_weapon"
PART 36 "J_Gun"
PART 37 "TAG_CLIP"
PART 38 "J_Bolt"
PART 39 "tag_speedloader"
PART 40 "tag_spent0"
PART 41 "tag_spent1"
PART 42 "tag_spent2"
PART 43 "tag_spent3"
PART 44 "tag_spent4"
PART 45 "tag_spent5"
PART 46 "tag_bullets"
PART 47 "J_Press_Rear"
PART 48 "J_Flashlight"
PART 49 "J_Shoulder_RI"
PART 50 "J_Elbow_RI"
PART 51 "J_WristTwist_RI"
PART 52 "J_Sleave_Reshape_Top_RI_3"
PART 53 "J_Sleave_Reshape_Top_RI_2"
PART 54 "J_Sleave_Reshape_Top_RI_1"
PART 55 "J_Wrist_RI"
PART 56 "J_Thumb_RI_0"
PART 57 "J_Thumb_RI_1"
PART 58 "J_Thumb_RI_2"
PART 59 "J_Thumb_RI_3"
PART 60 "J_PinkyPalm_RI"
PART 61 "J_Pinky_RI_0"
PART 62 "J_Pinky_RI_1"
PART 63 "J_Pinky_RI_2"
PART 64 "J_Pinky_RI_3"
PART 65 "J_RingPalm_RI"
PART 66 "J_Ring_RI_0"
PART 67 "J_Ring_RI_1"
PART 68 "J_Ring_RI_2"
PART 69 "J_Ring_RI_3"
PART 70 "J_Webbing_RI"
PART 71 "J_Index_RI_0"
PART 72 "J_Index_RI_1"
PART 73 "J_Index_RI_2"
PART 74 "J_Index_RI_3"
PART 75 "J_Mid_RI_0"
PART 76 "J_Mid_RI_1"
PART 77 "J_Mid_RI_2"
PART 78 "J_Mid_RI_3"
PART 79 "tag_cambone"
PART 80 "tag_camera"
PART 81 "tag_gasmask"

FRAMERATE 30
NUMFRAMES 18

FRAME 20
PART 0
OFFSET -4.6318 -0.0000 -1.3770
X  1.0000 -0.0000  0.0000
Y  0.0000  1.0000  0.0000
Z  0.0000 -0.0000  1.0000

PART 1
OFFSET -1.9111 -0.4487 -1.8207
X  1.0000 -0.0000  0.0000
Y  0.0000  1.0000  0.0000
Z  0.0000 -0.0000  1.0000

PART 2
OFFSET -1.7776  7.8010 -3.1869
X  0.9139 -0.1836 -0.3621
Y -0.3734 -0.7304 -0.5719
Z -0.1595  0.6578 -0.7361

PART 3
OFFSET  9.2746  5.5803 -7.5665
X  0.2678 -0.9436  0.1946
Y -0.8753 -0.1539  0.4583
Z -0.4025 -0.2931 -0.8672

PART 4
OFFSET  11.5527 -2.4455 -5.9113
X  0.2678 -0.9436  0.1946
Y -0.9274 -0.3072 -0.2134
Z  0.2611 -0.1233 -0.9574

PART 5
OFFSET  13.2742 -3.2710 -5.1076
X  0.2741 -0.9419  0.1943
Y  0.4142  0.2979  0.8600
Z -0.8679 -0.1553  0.4718

PART 6
OFFSET  12.6294 -3.4232 -6.9228
X  0.2741 -0.9419  0.1943
Y  0.4142  0.2979  0.8600
Z -0.8679 -0.1553  0.4718

PART 7
OFFSET  11.1509 -4.2099 -4.0410
X  0.2741 -0.9419  0.1943
Y  0.4142  0.2979  0.8600
Z -0.8679 -0.1553  0.4718

PART 8
OFFSET  10.4983 -4.5154 -5.1381
X  0.2741 -0.9419  0.1943
Y  0.4142  0.2979  0.8600
Z -0.8679 -0.1553  0.4718

PART 9
OFFSET  10.8297 -4.2518 -6.2852
X  0.2741 -0.9419  0.1943
Y  0.4142  0.2979  0.8600
Z -0.8679 -0.1553  0.4718

PART 10
OFFSET  12.3738 -5.3383 -5.3148
X -0.3075 -0.7926  0.5266
Y -0.8988  0.0603 -0.4341
Z  0.3123 -0.6068 -0.7310

PART 11
OFFSET  11.4962 -5.8857 -5.7969
X -0.5584 -0.7800 -0.2826
Y -0.6366  0.6213 -0.4568
Z  0.5319 -0.0752 -0.8435

PART 12
OFFSET  10.2573 -7.5110 -6.4992
X -0.0083 -0.9280  0.3724
Y -0.7799 -0.2271 -0.5832
Z  0.6258 -0.2953 -0.7219

PART 13
OFFSET  10.3605 -9.0287 -5.9441
X  0.3923 -0.7932  0.4657
Y -0.7208 -0.5797 -0.3801
Z  0.5715 -0.1865 -0.7991

PART 14
OFFSET  10.7987 -9.9049 -5.4835
X -0.2260 -0.5852  0.7788
Y -0.4449  0.7732  0.4519
Z -0.8666 -0.2444 -0.4351

PART 15
OFFSET  13.1391 -6.1962 -4.5521
X  0.1564 -0.7506  0.6420
Y  0.3431 -0.5682 -0.7479
Z  0.9262  0.3372  0.1687

PART 16
OFFSET  13.3976 -8.0015 -3.2260
X -0.0899 -0.8575 -0.5066
Y  0.0641  0.5026 -0.8621
Z  0.9939 -0.1100  0.0097

PART 17
OFFSET  13.2703 -9.2155 -3.9432
X  0.0044 -0.0055 -1.0000
Y  0.1653  0.9862 -0.0046
Z  0.9862 -0.1653  0.0053

PART 18
OFFSET  13.2742 -9.2203 -4.8298
X  0.0797  0.7006 -0.7091
Y  0.0605  0.7067  0.7049
Z  0.9950 -0.0991  0.0140

PART 19
OFFSET  13.3500 -8.5547 -5.5035
X -0.2428 -0.9651  0.0978
Y  0.1201  0.0702  0.9903
Z -0.9626  0.2522  0.0989

PART 20
OFFSET  12.4305 -6.2457 -4.6227
X -0.0147 -0.7764  0.6300
Y  0.3577 -0.5925 -0.7218
Z  0.9337  0.2147  0.2864

PART 21
OFFSET  12.4070 -8.2354 -2.9497
X  0.0664 -0.8400 -0.5386
Y  0.0107  0.5403 -0.8414
Z  0.9977  0.0501  0.0448

PART 22
OFFSET  12.5200 -9.6654 -3.8666
X  0.0279  0.3161 -0.9483
Y -0.0339  0.9484  0.3152
Z  0.9990  0.0233  0.0372

PART 23
OFFSET  12.5587 -9.2272 -5.1809
X -0.0023  0.9189 -0.3945
Y -0.0477  0.3939  0.9179
Z  0.9989  0.0209  0.0430

PART 24
OFFSET  12.5562 -8.2306 -5.6087
X  0.0783 -0.9769 -0.1990
Y -0.0807 -0.2052  0.9754
Z -0.9937 -0.0603 -0.0949

PART 25
OFFSET  10.1660 -8.0110 -4.7726
X -0.0287 -0.9261  0.3761
Y -0.4230  0.3522  0.8349
Z -0.9057 -0.1352 -0.4019

PART 26
OFFSET  10.3816 -8.1556 -3.3187
X  0.1770 -0.8813 -0.4382
Y  0.2369  0.4703 -0.8501
Z  0.9553  0.0466  0.2920

PART 27
OFFSET  10.6932 -9.7072 -4.0902
X  0.3401  0.2444 -0.9081
Y -0.0702  0.9695  0.2347
Z  0.9378 -0.0161  0.3469

PART 28
OFFSET  11.0497 -9.4091 -5.2152
X  0.1241  0.8706 -0.4761
Y -0.2600  0.4916  0.8311
Z  0.9576  0.0207  0.2874

PART 29
OFFSET  11.1899 -8.4258 -5.7530
X  0.4637 -0.7214 -0.5144
Y -0.3231 -0.6783  0.6599
Z -0.8250 -0.1398 -0.5476

PART 30
OFFSET  11.4455 -8.2453 -3.0351
X  0.0951 -0.8119 -0.5759
Y  0.1590  0.5835 -0.7964
Z  0.9827 -0.0158  0.1846

PART 31
OFFSET  11.6313 -9.8315 -4.1602
X  0.1742  0.3601 -0.9165
Y -0.0942  0.9326  0.3485
Z  0.9802  0.0257  0.1964

PART 32
OFFSET  11.8857 -9.3055 -5.4989
X  0.0107  0.9530 -0.3027
Y -0.2471  0.2959  0.9227
Z  0.9689  0.0649  0.2386

PART 33
OFFSET  11.9048 -8.2259 -5.8407
X  0.0877 -0.9239 -0.3725
Y -0.1232 -0.3811  0.9163
Z -0.9885 -0.0344 -0.1472

PART 34
OFFSET  12.5003 -8.4443 -4.7671
X  0.9495  0.2250  0.2188
Y -0.3123  0.6068  0.7310
Z  0.0317 -0.7623  0.6464

PART 35
OFFSET  16.8463 -3.0985 -2.7029
X  1.0000 -0.0000  0.0000
Y  0.0000  1.0000  0.0000
Z  0.0000 -0.0000  1.0000

PART 36
OFFSET  16.8463 -3.0985 -2.7029
X  1.0000 -0.0000  0.0000
Y  0.0000  1.0000  0.0000
Z  0.0000 -0.0000  1.0000

PART 37
OFFSET  20.1191 -2.9478 -2.3581
X  1.0000 -0.0000  0.0000
Y  0.0000  1.0000  0.0000
Z  0.0000 -0.0000  1.0000

PART 38
OFFSET  18.2929 -3.0986 -1.0598
X  1.0000  0.0000 -0.0000
Y -0.0000  1.0000  0.0000
Z  0.0000  0.0000  1.0000

PART 39
OFFSET -31.5592 -1.2165  2.6144
X  0.9992 -0.0000 -0.0408
Y  0.0000  1.0000  0.0000
Z  0.0408 -0.0000  0.9992

PART 40
OFFSET  18.2666 -3.0989 -1.6846
X  0.9998 -0.0000 -0.0204
Y -0.0000  1.0000 -0.0000
Z  0.0204  0.0000  0.9998

PART 41
OFFSET  18.2742 -2.5628 -1.3798
X  0.9998 -0.0000 -0.0204
Y -0.0000  1.0000 -0.0000
Z  0.0204  0.0000  0.9998

PART 42
OFFSET  18.2900 -2.5564 -0.7461
X  0.9998 -0.0000 -0.0204
Y -0.0000  1.0000 -0.0000
Z  0.0204  0.0000  0.9998

PART 43
OFFSET  18.2979 -3.0986 -0.4352
X  0.9998 -0.0000 -0.0204
Y -0.0000  1.0000 -0.0000
Z  0.0204  0.0000  0.9998

PART 44
OFFSET  18.2904 -3.6366 -0.7426
X  0.9998 -0.0000 -0.0204
Y -0.0000  1.0000 -0.0000
Z  0.0204  0.0000  0.9998

PART 45
OFFSET  18.2749 -3.6348 -1.3646
X  0.9998 -0.0000 -0.0204
Y -0.0000  1.0000 -0.0000
Z  0.0204  0.0000  0.9998

PART 46
OFFSET -29.0883 -1.2316  2.5083
X  0.9992 -0.0000 -0.0408
Y  0.0000  1.0000  0.0000
Z  0.0408 -0.0000  0.9992

PART 47
OFFSET  16.7312 -2.9149 -1.5024
X  1.0000 -0.0000  0.0000
Y  0.0000  1.0000  0.0000
Z  0.0000 -0.0000  1.0000

PART 48
OFFSET  15.3167 -8.4936 -7.6927
X  0.9526 -0.0000  0.3041
Y  0.0000  1.0000  0.0000
Z -0.3041  0.0000  0.9526

PART 49
OFFSET -9.0954 -2.7609 -2.3892
X -0.8442  0.4240  0.3279
Y -0.2704 -0.8651  0.4225
Z  0.4628  0.2681  0.8450

PART 50
OFFSET  1.1145 -7.8887 -6.3545
X -0.9364 -0.2806 -0.2108
Y  0.3510 -0.7430 -0.5699
Z  0.0033 -0.6076  0.7942

PART 51
OFFSET  9.0789 -5.5022 -4.5612
X -0.9364 -0.2806 -0.2108
Y  0.2536 -0.1256 -0.9591
Z  0.2426 -0.9516  0.1888

PART 52
OFFSET  10.2754 -3.7784 -5.3495
X -0.9385 -0.2744 -0.2098
Y -0.0056  0.6194 -0.7851
Z  0.3454 -0.7356 -0.5828

PART 53
OFFSET  10.0656 -3.3792 -3.5445
X -0.9385 -0.2744 -0.2098
Y -0.0056  0.6194 -0.7851
Z  0.3454 -0.7356 -0.5828

PART 54
OFFSET  10.2468 -4.7900 -2.4254
X -0.9385 -0.2744 -0.2098
Y -0.0056  0.6194 -0.7851
Z  0.3454 -0.7356 -0.5828

PART 55
OFFSET  11.9495 -4.6420 -3.9149
X -0.9835 -0.0198 -0.1796
Y  0.1807 -0.0956 -0.9789
Z  0.0022 -0.9952  0.0976

PART 56
OFFSET  12.2167 -4.1322 -2.9295
X -0.5747 -0.8000 -0.1725
Y  0.7208 -0.3950 -0.5696
Z  0.3875 -0.4517  0.8036

PART 57
OFFSET  13.3634 -2.3414 -2.5452
X -0.9598 -0.2806  0.0081
Y  0.2469 -0.8574 -0.4516
Z  0.1337 -0.4315  0.8922

PART 58
OFFSET  14.9126 -1.8912 -2.6851
X -0.8843  0.2345  0.4038
Y -0.3796 -0.8646 -0.3293
Z  0.2719 -0.4445  0.8535

PART 59
OFFSET  15.8628 -2.1097 -3.1552
X -0.9056  0.2804 -0.3181
Y  0.4177  0.4609 -0.7830
Z -0.0730 -0.8420 -0.5346

PART 60
OFFSET  12.9749 -4.5265 -4.8308
X -0.9095 -0.0045  0.4157
Y  0.0660 -0.9888  0.1337
Z  0.4105  0.1491  0.8996

PART 61
OFFSET  15.0700 -4.3734 -5.6502
X -0.3453 -0.9160 -0.2041
Y  0.9330 -0.3114 -0.1805
Z  0.1018 -0.2528  0.9622

PART 62
OFFSET  15.5589 -3.0765 -5.3612
X  0.4452 -0.8482 -0.2872
Y  0.8933  0.4427  0.0774
Z  0.0614 -0.2910  0.9547

PART 63
OFFSET  15.1641 -2.3246 -5.1066
X  0.9801 -0.1268 -0.1527
Y  0.1604  0.9591  0.2332
Z  0.1169 -0.2531  0.9604

PART 64
OFFSET  14.2330 -2.2041 -4.9615
X -0.8673 -0.4685 -0.1685
Y -0.4948  0.7737  0.3957
Z -0.0550  0.4265 -0.9028

PART 65
OFFSET  13.0714 -4.5976 -4.1271
X -0.9915  0.0045  0.1302
Y  0.0144 -0.9895  0.1441
Z  0.1295  0.1448  0.9809

PART 66
OFFSET  15.6257 -4.6526 -4.6076
X -0.2052 -0.9781  0.0341
Y  0.9538 -0.2077 -0.2169
Z  0.2193 -0.0120  0.9756

PART 67
OFFSET  15.9751 -2.9873 -4.6657
X  0.7035 -0.6892 -0.1735
Y  0.6803  0.7237 -0.1163
Z  0.2057 -0.0362  0.9779

PART 68
OFFSET  15.0001 -2.0322 -4.4252
X  0.9678  0.1612 -0.1934
Y -0.1516  0.9864  0.0635
Z  0.2010 -0.0322  0.9791

PART 69
OFFSET  13.9505 -2.2070 -4.2154
X -0.6964 -0.6971  0.1704
Y -0.6874  0.7162  0.1208
Z -0.2062 -0.0330 -0.9780

PART 70
OFFSET  7.7045 -5.1770 -3.7825
X -0.9597 -0.2769  0.0474
Y -0.2808  0.9420 -0.1838
Z  0.0062 -0.1897 -0.9818

PART 71
OFFSET  15.6464 -4.8626 -2.4404
X -0.9136 -0.2652  0.3082
Y  0.2806 -0.9598  0.0057
Z  0.2943  0.0917  0.9513

PART 72
OFFSET  17.2549 -4.3956 -2.9831
X -0.6060 -0.7393  0.2936
Y  0.7435 -0.6576 -0.1216
Z  0.2829  0.1446  0.9482

PART 73
OFFSET  18.0088 -3.4880 -3.2824
X -0.1857 -0.9740  0.1293
Y  0.9489 -0.2120 -0.2336
Z  0.2549  0.0794  0.9637

PART 74
OFFSET  18.2186 -2.3878 -3.4285
X -0.7245  0.5308  0.4398
Y  0.4252  0.8463 -0.3209
Z -0.5426 -0.0455 -0.8388

PART 75
OFFSET  15.7372 -4.7899 -3.5390
X -0.1133 -0.9899  0.0853
Y  0.9905 -0.1193 -0.0686
Z  0.0780  0.0767  0.9940

PART 76
OFFSET  15.9585 -2.8561 -3.7056
X  0.8028 -0.5961 -0.0124
Y  0.5878  0.7949 -0.1504
Z  0.0995  0.1135  0.9885

PART 77
OFFSET  14.7859 -1.9854 -3.6876
X  0.9909  0.0597 -0.1204
Y -0.0790  0.9835 -0.1628
Z  0.1087  0.1708  0.9793

PART 78
OFFSET  13.6627 -2.0536 -3.5582
X -0.7163 -0.6849  0.1337
Y -0.6883  0.7250  0.0261
Z -0.1148 -0.0733 -0.9907

PART 79
OFFSET  0.0000 -0.0000 -0.0000
X  1.0000 -0.0000  0.0000
Y  0.0000  1.0000  0.0000
Z  0.0000 -0.0000  1.0000

PART 80
OFFSET  0.0000 -0.0000 -0.0000
X  1.0000 -0.0000  0.0000
Y  0.0000  1.0000  0.0000
Z  0.0000 -0.0000  1.0000

PART 81
OFFSET  1.5404 -0.0000  4.1357
X  1.0000 -0.0000  0.0000
Y  0.0000  1.0000  0.0000
Z  0.0000 -0.0000  1.0000


FRAME 21
PART 0
OFFSET -4.6318 -0.0000 -1.3770
X  1.0000 -0.0000  0.0000
Y  0.0000  1.0000  0.0000
Z  0.0000 -0.0000  1.0000

PART 1
OFFSET -1.9111 -0.4487 -1.8207
X  1.0000 -0.0000  0.0000
Y  0.0000  1.0000  0.0000
Z  0.0000 -0.0000  1.0000

PART 2
OFFSET -1.7776  7.8010 -3.1869
X  0.9101 -0.1684 -0.3785
Y -0.3768 -0.7163 -0.5873
Z -0.1722  0.6771 -0.7154

PART 3
OFFSET  9.2295  5.7638 -7.7648
X  0.2040 -0.9579  0.2019
Y -0.8881 -0.0943  0.4499
Z -0.4120 -0.2711 -0.8699

PART 4
OFFSET  10.9644 -2.3838 -6.0473
X  0.2040 -0.9579  0.2019
Y -0.9541 -0.2407 -0.1780
Z  0.2191 -0.1564 -0.9631

PART 5
OFFSET  12.6205 -3.3149 -5.2218
X  0.2104 -0.9566  0.2016
Y  0.4240  0.2751  0.8629
Z -0.8809 -0.0960  0.4635

PART 6
OFFSET  11.9855 -3.4349 -7.0428
X  0.2104 -0.9566  0.2016
Y  0.4240  0.2751  0.8629
Z -0.8809 -0.0960  0.4635

PART 7
OFFSET  10.4300 -4.1080 -4.1728
X  0.2104 -0.9566  0.2016
Y  0.4240  0.2751  0.8629
Z -0.8809 -0.0960  0.4635

PART 8
OFFSET  9.7700 -4.3765 -5.2750
X  0.2104 -0.9566  0.2016
Y  0.4240  0.2751  0.8629
Z -0.8809 -0.0960  0.4635

PART 9
OFFSET  10.1293 -4.1414 -6.4200
X  0.2104 -0.9566  0.2016
Y  0.4240  0.2751  0.8629
Z -0.8809 -0.0960  0.4635

PART 10
OFFSET  11.5897 -5.3204 -5.4283
X -0.2446 -0.8347  0.4935
Y -0.9400  0.0793 -0.3318
Z  0.2378 -0.5450 -0.8040

PART 11
OFFSET  10.6702 -5.8431 -5.8566
X -0.5795 -0.7648 -0.2816
Y -0.6857  0.6443 -0.3388
Z  0.4405 -0.0032 -0.8977

PART 12
OFFSET  9.3758 -7.4293 -6.5481
X  0.0376 -0.9535  0.2990
Y -0.8354 -0.1942 -0.5142
Z  0.5484 -0.2304 -0.8039

PART 13
OFFSET  9.5477 -8.9829 -6.1248
X  0.4449 -0.8201  0.3599
Y -0.7527 -0.5601 -0.3460
Z  0.4854 -0.1170 -0.8664

PART 14
OFFSET  10.0382 -9.8846 -5.7812
X -0.1385 -0.6457  0.7509
Y -0.4003  0.7300  0.5539
Z -0.9058 -0.2239 -0.3596

PART 15
OFFSET  12.4373 -6.2218 -4.8179
X  0.2285 -0.7945  0.5627
Y  0.2664 -0.5049 -0.8211
Z  0.9364  0.3375  0.0963

PART 16
OFFSET  12.8469 -8.1180 -3.6684
X -0.1367 -0.8180 -0.5587
Y -0.0307  0.5672 -0.8230
Z  0.9901 -0.0954 -0.1027

PART 17
OFFSET  12.6534 -9.2761 -4.4594
X -0.1009  0.0702 -0.9924
Y  0.1569  0.9862  0.0538
Z  0.9824 -0.1503 -0.1105

PART 18
OFFSET  12.5639 -9.2139 -5.3393
X -0.0005  0.7533 -0.6577
Y  0.1294  0.6522  0.7469
Z  0.9916 -0.0848 -0.0978

PART 19
OFFSET  12.5635 -8.4983 -5.9642
X -0.2243 -0.9733  0.0484
Y  0.2233 -0.0030  0.9747
Z -0.9486  0.2294  0.2180

PART 20
OFFSET  11.7256 -6.2766 -4.8176
X  0.0573 -0.8219  0.5667
Y  0.2838 -0.5308 -0.7986
Z  0.9572  0.2066  0.2028

PART 21
OFFSET  11.8927 -8.3871 -3.3088
X  0.0152 -0.7958 -0.6054
Y -0.0819  0.6024 -0.7939
Z  0.9965  0.0617 -0.0560

PART 22
OFFSET  11.9186 -9.7419 -4.3395
X -0.0744  0.3873 -0.9190
Y -0.0072  0.9213  0.3888
Z  0.9972  0.0356 -0.0658

PART 23
OFFSET  11.8154 -9.2052 -5.6132
X -0.0504  0.9459 -0.3204
Y  0.0465  0.3227  0.9454
Z  0.9976  0.0327 -0.0602

PART 24
OFFSET  11.7608 -8.1793 -5.9606
X  0.0638 -0.9577 -0.2805
Y  0.0240 -0.2795  0.9598
Z -0.9977 -0.0680  0.0052

PART 25
OFFSET  9.4705 -8.0596 -4.8648
X  0.0177 -0.9522  0.3049
Y -0.3352  0.2817  0.8991
Z -0.9420 -0.1182 -0.3142

PART 26
OFFSET  9.8391 -8.3103 -3.4569
X  0.1361 -0.8429 -0.5206
Y  0.1427  0.5367 -0.8316
Z  0.9804  0.0389  0.1933

PART 27
OFFSET  10.0787 -9.7944 -4.3735
X  0.2408  0.3174 -0.9172
Y -0.0520  0.9479  0.3144
Z  0.9692 -0.0280  0.2447

PART 28
OFFSET  10.3125 -9.4068 -5.5034
X  0.0670  0.9058 -0.4183
Y -0.1745  0.4234  0.8890
Z  0.9824  0.0134  0.1864

PART 29
OFFSET  10.3882 -8.3836 -5.9759
X  0.4120 -0.6733 -0.6139
Y -0.2469 -0.7310  0.6361
Z -0.8771 -0.1105 -0.4674

PART 30
OFFSET  10.9276 -8.4051 -3.2938
X  0.0396 -0.7646 -0.6433
Y  0.0700  0.6444 -0.7615
Z  0.9968 -0.0149  0.0791

PART 31
OFFSET  11.0051 -9.8988 -4.5505
X  0.0740  0.4309 -0.8994
Y -0.0636  0.9020  0.4269
Z  0.9952  0.0256  0.0942

PART 32
OFFSET  11.1132 -9.2694 -5.8641
X -0.0281  0.9732 -0.2282
Y -0.1505  0.2215  0.9635
Z  0.9882  0.0614  0.1403

PART 33
OFFSET  11.0885 -8.1669 -6.1222
X  0.0545 -0.8917 -0.4494
Y -0.0232 -0.4511  0.8922
Z -0.9982 -0.0382 -0.0453

PART 34
OFFSET  11.7954 -8.4567 -5.1367
X  0.9656  0.2222  0.1350
Y -0.2378  0.5450  0.8040
Z  0.1051 -0.8084  0.5791

PART 35
OFFSET  16.4385 -3.0985 -2.7029
X  1.0000 -0.0000  0.0000
Y  0.0000  1.0000  0.0000
Z  0.0000 -0.0000  1.0000

PART 36
OFFSET  16.4385 -3.0985 -2.7029
X  1.0000 -0.0000  0.0000
Y  0.0000  1.0000  0.0000
Z  0.0000 -0.0000  1.0000

PART 37
OFFSET  19.7112 -2.9478 -2.3581
X  1.0000 -0.0000  0.0000
Y  0.0000  1.0000  0.0000
Z  0.0000 -0.0000  1.0000

PART 38
OFFSET  17.8851 -3.0986 -1.0598
X  1.0000  0.0000 -0.0000
Y -0.0000  0.8647 -0.5023
Z -0.0000  0.5023  0.8647

PART 39
OFFSET -31.9670  0.3743  1.1721
X  0.9992 -0.0205 -0.0353
Y  0.0000  0.8647 -0.5023
Z  0.0408  0.5018  0.8640

PART 40
OFFSET  17.8588 -3.4127 -1.5999
X  0.9998 -0.0103 -0.0177
Y  0.0000  0.8647 -0.5023
Z  0.0204  0.5022  0.8645

PART 41
OFFSET  17.8664 -2.7960 -1.6056
X  0.9998 -0.0103 -0.0177
Y  0.0000  0.8647 -0.5023
Z  0.0204  0.5022  0.8645

PART 42
OFFSET  17.8821 -2.4722 -1.0608
X  0.9998 -0.0103 -0.0177
Y  0.0000  0.8647 -0.5023
Z  0.0204  0.5022  0.8645

PART 43
OFFSET  17.8901 -2.7849 -0.5196
X  0.9998 -0.0103 -0.0177
Y  0.0000  0.8647 -0.5023
Z  0.0204  0.5022  0.8645

PART 44
OFFSET  17.8826 -3.4045 -0.5152
X  0.9998 -0.0103 -0.0177
Y  0.0000  0.8647 -0.5023
Z  0.0204  0.5022  0.8645

PART 45
OFFSET  17.8671 -3.7153 -1.0540
X  0.9998 -0.0103 -0.0177
Y  0.0000  0.8647 -0.5023
Z  0.0204  0.5022  0.8645

PART 46
OFFSET -29.4962  0.3079  1.0879
X  0.9992 -0.0205 -0.0353
Y  0.0000  0.8647 -0.5023
Z  0.0408  0.5018  0.8640

PART 47
OFFSET  16.3234 -2.9149 -1.5024
X  0.8883 -0.0000  0.4593
Y -0.0000  1.0000  0.0000
Z -0.4593 -0.0000  0.8883

PART 48
OFFSET  14.2880 -8.2423 -8.3358
X  0.9794 -0.0085  0.2020
Y -0.0071  0.9970  0.0767
Z -0.2020 -0.0766  0.9764

PART 49
OFFSET -9.0954 -2.7609 -2.3892
X -0.8231  0.4493  0.3472
Y -0.2866 -0.8566  0.4291
Z  0.4903  0.2537  0.8338

PART 50
OFFSET  0.8592 -8.1952 -6.5885
X -0.9232 -0.3071 -0.2311
Y  0.3843 -0.7325 -0.5620
Z  0.0033 -0.6076  0.7942

PART 51
OFFSET  8.7115 -5.5834 -4.6233
X -0.9232 -0.3071 -0.2311
Y  0.2800 -0.1258 -0.9517
Z  0.2632 -0.9433  0.2021

PART 52
OFFSET  9.8752 -3.8259 -5.3857
X -0.9255 -0.3009 -0.2301
Y -0.0062  0.6193 -0.7851
Z  0.3788 -0.7252 -0.5750

PART 53
OFFSET  9.6151 -3.4336 -3.5857
X -0.9255 -0.3009 -0.2301
Y -0.0062  0.6193 -0.7851
Z  0.3788 -0.7252 -0.5750

PART 54
OFFSET  9.8120 -4.8391 -2.4627
X -0.9255 -0.3009 -0.2301
Y -0.0062  0.6193 -0.7851
Z  0.3788 -0.7252 -0.5750

PART 55
OFFSET  11.5418 -4.6420 -3.9149
X -0.9835 -0.0198 -0.1796
Y  0.1807 -0.0956 -0.9789
Z  0.0022 -0.9952  0.0976

PART 56
OFFSET  11.8089 -4.1322 -2.9296
X -0.5747 -0.8000 -0.1725
Y  0.7208 -0.3950 -0.5696
Z  0.3875 -0.4517  0.8036

PART 57
OFFSET  12.9556 -2.3414 -2.5452
X -0.9598 -0.2806  0.0081
Y  0.2469 -0.8574 -0.4516
Z  0.1337 -0.4315  0.8922

PART 58
OFFSET  14.5048 -1.8912 -2.6851
X -0.8843  0.2345  0.4038
Y -0.3796 -0.8646 -0.3293
Z  0.2719 -0.4445  0.8535

PART 59
OFFSET  15.4551 -2.1097 -3.1552
X -0.9056  0.2804 -0.3181
Y  0.4177  0.4609 -0.7830
Z -0.0730 -0.8420 -0.5346

PART 60
OFFSET  12.5671 -4.5265 -4.8308
X -0.9095 -0.0045  0.4157
Y  0.0660 -0.9888  0.1337
Z  0.4105  0.1491  0.8996

PART 61
OFFSET  14.6623 -4.3734 -5.6502
X -0.3453 -0.9160 -0.2041
Y  0.9330 -0.3114 -0.1805
Z  0.1018 -0.2528  0.9622

PART 62
OFFSET  15.1511 -3.0766 -5.3612
X  0.4452 -0.8482 -0.2872
Y  0.8933  0.4427  0.0774
Z  0.0614 -0.2910  0.9547

PART 63
OFFSET  14.7564 -2.3246 -5.1066
X  0.9801 -0.1268 -0.1527
Y  0.1604  0.9591  0.2332
Z  0.1169 -0.2531  0.9604

PART 64
OFFSET  13.8252 -2.2041 -4.9615
X -0.8673 -0.4685 -0.1685
Y -0.4948  0.7737  0.3957
Z -0.0550  0.4265 -0.9028

PART 65
OFFSET  12.6636 -4.5976 -4.1271
X -0.9915  0.0045  0.1302
Y  0.0144 -0.9895  0.1441
Z  0.1295  0.1448  0.9809

PART 66
OFFSET  15.2179 -4.6526 -4.6076
X -0.2052 -0.9781  0.0341
Y  0.9538 -0.2077 -0.2169
Z  0.2193 -0.0120  0.9756

PART 67
OFFSET  15.5674 -2.9873 -4.6657
X  0.7035 -0.6892 -0.1735
Y  0.6803  0.7237 -0.1163
Z  0.2057 -0.0362  0.9779

PART 68
OFFSET  14.5924 -2.0322 -4.4252
X  0.9678  0.1612 -0.1934
Y -0.1516  0.9864  0.0635
Z  0.2010 -0.0322  0.9791

PART 69
OFFSET  13.5428 -2.2070 -4.2154
X -0.6964 -0.6971  0.1704
Y -0.6874  0.7162  0.1208
Z -0.2062 -0.0330 -0.9780

PART 70
OFFSET  7.2967 -5.1770 -3.7825
X -0.9597 -0.2769  0.0474
Y -0.2808  0.9420 -0.1838
Z  0.0062 -0.1897 -0.9818

PART 71
OFFSET  15.2387 -4.8626 -2.4404
X -0.9136 -0.2652  0.3082
Y  0.2806 -0.9598  0.0057
Z  0.2943  0.0917  0.9513

PART 72
OFFSET  16.8472 -4.3956 -2.9831
X -0.6060 -0.7393  0.2936
Y  0.7435 -0.6576 -0.1216
Z  0.2829  0.1446  0.9482

PART 73
OFFSET  17.6010 -3.4880 -3.2824
X -0.1857 -0.9740  0.1293
Y  0.9489 -0.2120 -0.2336
Z  0.2549  0.0794  0.9637

PART 74
OFFSET  17.8109 -2.3878 -3.4285
X -0.7245  0.5308  0.4398
Y  0.4252  0.8463 -0.3209
Z -0.5426 -0.0455 -0.8388

PART 75
OFFSET  15.3294 -4.7899 -3.5390
X -0.1133 -0.9899  0.0853
Y  0.9905 -0.1193 -0.0686
Z  0.0780  0.0767  0.9940

PART 76
OFFSET  15.5507 -2.8561 -3.7056
X  0.8028 -0.5961 -0.0124
Y  0.5878  0.7949 -0.1504
Z  0.0995  0.1135  0.9885

PART 77
OFFSET  14.3781 -1.9854 -3.6876
X  0.9909  0.0597 -0.1204
Y -0.0790  0.9835 -0.1628
Z  0.1087  0.1708  0.9793

PART 78
OFFSET  13.2550 -2.0536 -3.5582
X -0.7163 -0.6849  0.1337
Y -0.6883  0.7250  0.0261
Z -0.1148 -0.0733 -0.9907

PART 79
OFFSET  0.0000 -0.0000 -0.0000
X  1.0000 -0.0000  0.0000
Y  0.0000  1.0000  0.0000
Z  0.0000 -0.0000  1.0000

PART 80
OFFSET  0.0000 -0.0000 -0.0000
X  1.0000 -0.0000  0.0000
Y  0.0000  1.0000  0.0000
Z  0.0000 -0.0000  1.0000

PART 81
OFFSET  1.5404 -0.0000  4.1357
X  1.0000 -0.0000  0.0000
Y  0.0000  1.0000  0.0000
Z  0.0000 -0.0000  1.0000


FRAME 22
PART 0
OFFSET -4.6318 -0.0000 -1.3770
X  1.0000 -0.0000  0.0000
Y  0.0000  1.0000  0.0000
Z  0.0000 -0.0000  1.0000

PART 1
OFFSET -1.9111 -0.4487 -1.8207
X  1.0000 -0.0000  0.0000
Y  0.0000  1.0000  0.0000
Z  0.0000 -0.0000  1.0000

PART 2
OFFSET -1.7776  7.8010 -3.1869
X  0.9088 -0.1675 -0.3822
Y -0.3798 -0.7114 -0.5913
Z -0.1729  0.6825 -0.7102

PART 3
OFFSET  9.2129  5.7747 -7.8093
X  0.2062 -0.9593  0.1928
Y -0.8862 -0.0995  0.4525
Z -0.4149 -0.2642 -0.8707

PART 4
OFFSET  10.9665 -2.3848 -6.1690
X  0.2062 -0.9593  0.1928
Y -0.9503 -0.2433 -0.1944
Z  0.2334 -0.1432 -0.9618

PART 5
OFFSET  12.6271 -3.3206 -5.3579
X  0.2126 -0.9580  0.1925
Y  0.4269  0.2683  0.8636
Z -0.8790 -0.1014  0.4660

PART 6
OFFSET  11.9853 -3.4258 -7.1774
X  0.2126 -0.9580  0.1925
Y  0.4269  0.2683  0.8636
Z -0.8790 -0.1014  0.4660

PART 7
OFFSET  10.4418 -4.1261 -4.3074
X  0.2126 -0.9580  0.1925
Y  0.4269  0.2683  0.8636
Z -0.8790 -0.1014  0.4660

PART 8
OFFSET  9.7780 -4.3860 -5.4095
X  0.2126 -0.9580  0.1925
Y  0.4269  0.2683  0.8636
Z -0.8790 -0.1014  0.4660

PART 9
OFFSET  10.1326 -4.1404 -6.5537
X  0.2126 -0.9580  0.1925
Y  0.4269  0.2683  0.8636
Z -0.8790 -0.1014  0.4660

PART 10
OFFSET  11.5985 -5.3258 -5.5778
X -0.2048 -0.8207  0.5334
Y -0.9453  0.0246 -0.3252
Z  0.2537 -0.5709 -0.7808

PART 11
OFFSET  10.6983 -5.9056 -5.9723
X -0.5490 -0.8005 -0.2405
Y -0.7152  0.5988 -0.3605
Z  0.4325 -0.0259 -0.9012

PART 12
OFFSET  9.4662 -7.5747 -6.5773
X  0.0805 -0.9364  0.3416
Y -0.8308 -0.2523 -0.4960
Z  0.5507 -0.2439 -0.7983

PART 13
OFFSET  9.7074 -9.0986 -6.0857
X  0.4822 -0.7834  0.3921
Y -0.7312 -0.6064 -0.3123
Z  0.4824 -0.1361 -0.8653

PART 14
OFFSET  10.2385 -9.9623 -5.7066
X -0.1046 -0.6158  0.7809
Y -0.4261  0.7373  0.5243
Z -0.8986 -0.2779 -0.3395

PART 15
OFFSET  12.4887 -6.1620 -4.9361
X  0.2667 -0.7576  0.5957
Y  0.2804 -0.5304 -0.8000
Z  0.9221  0.3805  0.0710

PART 16
OFFSET  12.9881 -7.9846 -3.7060
X -0.1068 -0.8478 -0.5195
Y -0.0618  0.5271 -0.8475
Z  0.9924 -0.0584 -0.1087

PART 17
OFFSET  12.8369 -9.1849 -4.4415
X -0.1123  0.0203 -0.9935
Y  0.1155  0.9933  0.0072
Z  0.9869 -0.1139 -0.1139

PART 18
OFFSET  12.7373 -9.1669 -5.3223
X -0.0380  0.7216 -0.6912
Y  0.1081  0.6906  0.7151
Z  0.9934 -0.0476 -0.1042

PART 19
OFFSET  12.7012 -8.4813 -5.9790
X -0.1825 -0.9786  0.0949
Y  0.2316  0.0510  0.9715
Z -0.9555  0.1992  0.2173

PART 20
OFFSET  11.7800 -6.2464 -4.9258
X  0.0969 -0.7920  0.6028
Y  0.2991 -0.5545 -0.7766
Z  0.9493  0.2556  0.1832

PART 21
OFFSET  12.0492 -8.2766 -3.3245
X  0.0437 -0.8214 -0.5687
Y -0.1142  0.5615 -0.8196
Z  0.9925  0.1007 -0.0692

PART 22
OFFSET  12.1236 -9.6750 -4.2928
X -0.0987  0.3413 -0.9348
Y -0.0428  0.9370  0.3466
Z  0.9942  0.0742 -0.0778

PART 23
OFFSET  11.9868 -9.2020 -5.5883
X -0.0931  0.9273 -0.3625
Y  0.0409  0.3673  0.9292
Z  0.9948  0.0717 -0.0721

PART 24
OFFSET  11.8859 -8.1963 -5.9815
X  0.1019 -0.9661 -0.2373
Y  0.0441 -0.2339  0.9712
Z -0.9938 -0.1094  0.0188

PART 25
OFFSET  9.6021 -8.1226 -4.8682
X  0.0607 -0.9357  0.3477
Y -0.3390  0.3083  0.8888
Z -0.9388 -0.1718 -0.2985

PART 26
OFFSET  9.9931 -8.2928 -3.4543
X  0.1671 -0.8594 -0.4831
Y  0.1127  0.5035 -0.8566
Z  0.9795  0.0887  0.1810

PART 27
OFFSET  10.2873 -9.8060 -4.3050
X  0.2192  0.2849 -0.9332
Y -0.0893  0.9583  0.2715
Z  0.9716  0.0238  0.2355

PART 28
OFFSET  10.4948 -9.4612 -5.4537
X  0.0250  0.8877 -0.4597
Y -0.1846  0.4560  0.8706
Z  0.9825  0.0631  0.1753

PART 29
OFFSET  10.5231 -8.4585 -5.9730
X  0.4348 -0.6829 -0.5870
Y -0.2103 -0.7108  0.6712
Z -0.8756 -0.1685 -0.4527

PART 30
OFFSET  11.0860 -8.3344 -3.2985
X  0.0664 -0.7909 -0.6083
Y  0.0361  0.6111 -0.7907
Z  0.9971  0.0305  0.0692

PART 31
OFFSET  11.2157 -9.8795 -4.4868
X  0.0480  0.3919 -0.9187
Y -0.0981  0.9172  0.3862
Z  0.9940  0.0716  0.0824

PART 32
OFFSET  11.2858 -9.3071 -5.8287
X -0.0712  0.9597 -0.2719
Y -0.1515  0.2590  0.9539
Z  0.9859  0.1091  0.1270

PART 33
OFFSET  11.2123 -8.2195 -6.1364
X  0.0883 -0.9083 -0.4089
Y  0.0036 -0.4103  0.9120
Z -0.9961 -0.0820 -0.0330

PART 34
OFFSET  11.9393 -8.4340 -5.1463
X  0.9565  0.2684  0.1145
Y -0.2537  0.5709  0.7808
Z  0.1442 -0.7759  0.6141

PART 35
OFFSET  16.5959 -3.2156 -1.3393
X  0.9724 -0.0606  0.2254
Y  0.0376  0.9938  0.1049
Z -0.2303 -0.0936  0.9686

PART 36
OFFSET  16.5959 -3.2156 -1.3393
X  0.9724 -0.0606  0.2254
Y  0.0376  0.9938  0.1049
Z -0.2303 -0.0936  0.9686

PART 37
OFFSET  19.7045 -3.2963 -0.2519
X  0.9724 -0.0606  0.2254
Y  0.0376  0.9938  0.1049
Z -0.2303 -0.0936  0.9686

PART 38
OFFSET  17.6241 -3.4570  0.5783
X  0.9724 -0.0606  0.2254
Y  0.2187  0.5737 -0.7894
Z -0.0815  0.8169  0.5711

PART 39
OFFSET -30.7394  3.6427 -10.0444
X  0.9749 -0.0939  0.2019
Y  0.2187  0.5737 -0.7894
Z -0.0417  0.8137  0.5798

PART 40
OFFSET  17.6494 -3.9659  0.2158
X  0.9739 -0.0772  0.2137
Y  0.2187  0.5737 -0.7894
Z -0.0616  0.8154  0.5755

PART 41
OFFSET  17.7492 -3.4099 -0.0317
X  0.9739 -0.0772  0.2137
Y  0.2187  0.5737 -0.7894
Z -0.0616  0.8154  0.5755

PART 42
OFFSET  17.7142 -2.8895  0.3288
X  0.9739 -0.0772  0.2137
Y  0.2187  0.5737 -0.7894
Z -0.0616  0.8154  0.5755

PART 43
OFFSET  17.5780 -2.9471  0.9361
X  0.9739 -0.0772  0.2137
Y  0.2187  0.5737 -0.7894
Z -0.0616  0.8154  0.5755

PART 44
OFFSET  17.4782 -3.5064  1.1836
X  0.9739 -0.0772  0.2137
Y  0.2187  0.5737 -0.7894
Z -0.0616  0.8154  0.5755

PART 45
OFFSET  17.5142 -4.0125  0.8234
X  0.9739 -0.0772  0.2137
Y  0.2187  0.5737 -0.7894
Z -0.0616  0.8154  0.5755

PART 46
OFFSET -28.3314  3.3978 -9.5362
X  0.9749 -0.0939  0.2019
Y  0.2187  0.5737 -0.7894
Z -0.0417  0.8137  0.5798

PART 47
OFFSET  16.2143 -3.1385 -0.1832
X  0.9724 -0.0606  0.2254
Y  0.0376  0.9938  0.1049
Z -0.2303 -0.0936  0.9686

PART 48
OFFSET  14.3929 -8.2622 -8.3778
X  0.9805  0.0418  0.1918
Y -0.0487  0.9983  0.0314
Z -0.1902 -0.0401  0.9809

PART 49
OFFSET -9.0954 -2.7609 -2.3892
X -0.8559  0.4071  0.3188
Y -0.2576 -0.8703  0.4197
Z  0.4483  0.2771  0.8499

PART 50
OFFSET  1.2562 -7.6842 -6.2447
X -0.9333 -0.2891 -0.2131
Y  0.3591 -0.7398 -0.5690
Z  0.0068 -0.6076  0.7942

PART 51
OFFSET  9.1943 -5.2257 -4.4321
X -0.9333 -0.2891 -0.2131
Y  0.2333 -0.0369 -0.9717
Z  0.2730 -0.9566  0.1019

PART 52
OFFSET  10.3770 -3.4911 -5.2175
X -0.9354 -0.2829 -0.2121
Y -0.0093  0.6193 -0.7851
Z  0.3534 -0.7324 -0.5819

PART 53
OFFSET  10.1593 -3.0939 -3.4130
X -0.9354 -0.2829 -0.2121
Y -0.0093  0.6193 -0.7851
Z  0.3534 -0.7324 -0.5819

PART 54
OFFSET  10.3505 -4.5030 -2.2935
X -0.9354 -0.2829 -0.2121
Y -0.0093  0.6193 -0.7851
Z  0.3534 -0.7324 -0.5819

PART 55
OFFSET  12.0554 -4.3395 -3.7788
X -0.9157  0.0567 -0.3977
Y  0.3976 -0.0144 -0.9174
Z -0.0577 -0.9983 -0.0094

PART 56
OFFSET  12.1074 -3.9413 -2.7107
X -0.5492 -0.7440 -0.3805
Y  0.8172 -0.3829 -0.4307
Z  0.1747 -0.5475  0.8183

PART 57
OFFSET  13.2012 -2.2670 -1.8921
X -0.9457 -0.2215 -0.2379
Y  0.3119 -0.8247 -0.4718
Z -0.0917 -0.5204  0.8490

PART 58
OFFSET  14.7567 -1.9003 -1.6312
X -0.9441  0.2488  0.2164
Y -0.3258 -0.8054 -0.4952
Z  0.0511 -0.5380  0.8414

PART 59
OFFSET  15.7809 -2.1310 -1.8953
X -0.7968  0.3633 -0.4828
Y  0.6038  0.5060 -0.6159
Z  0.0205 -0.7823 -0.6226

PART 60
OFFSET  13.2677 -4.2011 -4.4227
X -0.9803  0.0117  0.1972
Y -0.0038 -0.9992  0.0407
Z  0.1975  0.0391  0.9795

PART 61
OFFSET  15.4995 -4.0992 -4.7282
X -0.3231 -0.8703 -0.3717
Y  0.9371 -0.3491  0.0027
Z -0.1321 -0.3474  0.9284

PART 62
OFFSET  15.9570 -2.8671 -4.2020
X  0.4672 -0.8430 -0.2668
Y  0.8675  0.3786  0.3228
Z -0.1711 -0.3822  0.9081

PART 63
OFFSET  15.5428 -2.1197 -3.9654
X  0.9834 -0.1711  0.0597
Y  0.1383  0.9216  0.3627
Z -0.1170 -0.3484  0.9300

PART 64
OFFSET  14.6085 -1.9571 -4.0221
X -0.8221 -0.3973 -0.4078
Y -0.5432  0.7618  0.3529
Z  0.1705  0.5117 -0.8421

PART 65
OFFSET  13.1969 -4.3434 -3.7268
X -0.9939  0.0523 -0.0968
Y -0.0563 -0.9976  0.0391
Z -0.0945  0.0443  0.9945

PART 66
OFFSET  15.7893 -4.5078 -3.6224
X -0.2442 -0.9628 -0.1159
Y  0.9697 -0.2439 -0.0169
Z -0.0119 -0.1165  0.9931

PART 67
OFFSET  16.2050 -2.8687 -3.4252
X  0.6982 -0.7113 -0.0818
Y  0.7155  0.6889  0.1166
Z -0.0265 -0.1399  0.9898

PART 68
OFFSET  15.2374 -1.8830 -3.3117
X  0.9917  0.1197  0.0477
Y -0.1250  0.9835  0.1309
Z -0.0312 -0.1357  0.9903

PART 69
OFFSET  14.1619 -2.0127 -3.3634
X -0.7426 -0.6665 -0.0651
Y -0.6693  0.7421  0.0372
Z  0.0235  0.0712 -0.9972

PART 70
OFFSET  7.8770 -4.6265 -4.6634
X -0.9546 -0.2215 -0.1994
Y -0.1954  0.9703 -0.1424
Z  0.2250 -0.0970 -0.9695

PART 71
OFFSET  15.3024 -4.9206 -1.5405
X -0.9693 -0.2371  0.0648
Y  0.2355 -0.9714 -0.0319
Z  0.0705 -0.0157  0.9974

PART 72
OFFSET  17.0090 -4.5031 -1.6547
X -0.6846 -0.7255  0.0702
Y  0.7262 -0.6872 -0.0192
Z  0.0622  0.0379  0.9973

PART 73
OFFSET  17.8451 -3.6188 -1.6795
X -0.2470 -0.9688 -0.0188
Y  0.9686 -0.2463 -0.0346
Z  0.0289 -0.0267  0.9992

PART 74
OFFSET  18.1241 -2.5245 -1.6582
X -0.7858  0.5302  0.3184
Y  0.5192  0.8453 -0.1262
Z -0.3361  0.0661 -0.9395

PART 75
OFFSET  15.6464 -4.7510 -2.5766
X -0.1670 -0.9848 -0.0468
Y  0.9745 -0.1721  0.1443
Z -0.1502 -0.0215  0.9884

PART 76
OFFSET  15.9726 -2.8271 -2.4852
X  0.7611 -0.6398  0.1064
Y  0.6361  0.7684  0.0702
Z -0.1267  0.0143  0.9918

PART 77
OFFSET  14.8609 -1.8925 -2.6406
X  0.9935  0.0106  0.1129
Y -0.0024  0.9974 -0.0723
Z -0.1134  0.0715  0.9910

PART 78
OFFSET  13.7364 -1.9043 -2.7756
X -0.7531 -0.6497 -0.1038
Y -0.6480  0.7597 -0.0538
Z  0.1138  0.0268 -0.9931

PART 79
OFFSET  0.0000 -0.0000 -0.0000
X  1.0000 -0.0000  0.0000
Y  0.0000  1.0000  0.0000
Z  0.0000 -0.0000  1.0000

PART 80
OFFSET  0.0000 -0.0000 -0.0000
X  1.0000 -0.0000  0.0000
Y  0.0000  1.0000  0.0000
Z  0.0000 -0.0000  1.0000

PART 81
OFFSET  1.5404 -0.0000  4.1357
X  1.0000 -0.0000  0.0000
Y  0.0000  1.0000  0.0000
Z  0.0000 -0.0000  1.0000


FRAME 23
PART 0
OFFSET -4.6318 -0.0000 -1.3770
X  1.0000 -0.0000  0.0000
Y  0.0000  1.0000  0.0000
Z  0.0000 -0.0000  1.0000

PART 1
OFFSET -1.9111 -0.4487 -1.8207
X  1.0000 -0.0000  0.0000
Y  0.0000  1.0000  0.0000
Z  0.0000 -0.0000  1.0000

PART 2
OFFSET -1.7776  7.8010 -3.1869
X  0.9088 -0.1672 -0.3823
Y -0.3797 -0.7115 -0.5913
Z -0.1731  0.6825 -0.7101

PART 3
OFFSET  9.2133  5.7784 -7.8101
X  0.2063 -0.9593  0.1929
Y -0.8862 -0.0996  0.4525
Z -0.4149 -0.2643 -0.8707

PART 4
OFFSET  10.9677 -2.3809 -6.1696
X  0.2063 -0.9593  0.1929
Y -0.9518 -0.2424 -0.1877
Z  0.2268 -0.1449 -0.9631

PART 5
OFFSET  12.6284 -3.3164 -5.3585
X  0.2127 -0.9580  0.1926
Y  0.4269  0.2684  0.8636
Z -0.8790 -0.1015  0.4660

PART 6
OFFSET  11.9866 -3.4218 -7.1780
X  0.2127 -0.9580  0.1926
Y  0.4269  0.2684  0.8636
Z -0.8790 -0.1015  0.4660

PART 7
OFFSET  10.4432 -4.1221 -4.3080
X  0.2127 -0.9580  0.1926
Y  0.4269  0.2684  0.8636
Z -0.8790 -0.1015  0.4660

PART 8
OFFSET  9.7794 -4.3822 -5.4101
X  0.2127 -0.9580  0.1926
Y  0.4269  0.2684  0.8636
Z -0.8790 -0.1015  0.4660

PART 9
OFFSET  10.1340 -4.1366 -6.5543
X  0.2127 -0.9580  0.1926
Y  0.4269  0.2684  0.8636
Z -0.8790 -0.1015  0.4660

PART 10
OFFSET  11.6000 -5.3218 -5.5784
X -0.2204 -0.8260  0.5188
Y -0.9435  0.0457 -0.3281
Z  0.2473 -0.5619 -0.7894

PART 11
OFFSET  10.6919 -5.8799 -5.9858
X -0.5612 -0.7871 -0.2559
Y -0.7038  0.6165 -0.3530
Z  0.4356 -0.0180 -0.9000

PART 12
OFFSET  9.4348 -7.5180 -6.6232
X  0.0637 -0.9432  0.3261
Y -0.8329 -0.2302 -0.5032
Z  0.5497 -0.2396 -0.8003

PART 13
OFFSET  9.6489 -9.0537 -6.1564
X  0.4677 -0.7977  0.3807
Y -0.7399 -0.5889 -0.3251
Z  0.4835 -0.1296 -0.8657

PART 14
OFFSET  10.1642 -9.9323 -5.7899
X -0.1178 -0.6270  0.7701
Y -0.4159  0.7353  0.5351
Z -0.9017 -0.2573 -0.3474

PART 15
OFFSET  12.4737 -6.1832 -4.9475
X  0.2519 -0.7718  0.5839
Y  0.2748 -0.5215 -0.8078
Z  0.9279  0.3639  0.0807

PART 16
OFFSET  12.9382 -8.0342 -3.7464
X -0.1187 -0.8371 -0.5340
Y -0.0497  0.5422 -0.8388
Z  0.9917 -0.0730 -0.1060

PART 17
OFFSET  12.7701 -9.2193 -4.5024
X -0.1081  0.0388 -0.9934
Y  0.1318  0.9910  0.0243
Z  0.9854 -0.1283 -0.1122

PART 18
OFFSET  12.6742 -9.1850 -5.3832
X -0.0234  0.7336 -0.6792
Y  0.1167  0.6767  0.7269
Z  0.9929 -0.0623 -0.1014

PART 19
OFFSET  12.6520 -8.4880 -6.0284
X -0.1990 -0.9769  0.0778
Y  0.2286  0.0309  0.9730
Z -0.9530  0.2114  0.2172

PART 20
OFFSET  11.7637 -6.2560 -4.9412
X  0.0815 -0.8034  0.5898
Y  0.2930 -0.5463 -0.7847
Z  0.9526  0.2367  0.1909

PART 21
OFFSET  11.9931 -8.3170 -3.3733
X  0.0323 -0.8123 -0.5823
Y -0.1017  0.5769 -0.8105
Z  0.9943  0.0854 -0.0639

PART 22
OFFSET  12.0482 -9.7000 -4.3646
X -0.0894  0.3584 -0.9293
Y -0.0287  0.9317  0.3621
Z  0.9956  0.0590 -0.0730

PART 23
OFFSET  11.9243 -9.2032 -5.6525
X -0.0764  0.9347 -0.3472
Y  0.0433  0.3510  0.9354
Z  0.9961  0.0564 -0.0673

PART 24
OFFSET  11.8415 -8.1895 -6.0291
X  0.0868 -0.9635 -0.2531
Y  0.0364 -0.2509  0.9673
Z -0.9956 -0.0932  0.0133

PART 25
OFFSET  9.5549 -8.0966 -4.9231
X  0.0438 -0.9422  0.3321
Y -0.3374  0.2990  0.8926
Z -0.9403 -0.1512 -0.3048

PART 26
OFFSET  9.9375 -8.2969 -3.5108
X  0.1548 -0.8539 -0.4969
Y  0.1243  0.5158 -0.8476
Z  0.9801  0.0694  0.1860

PART 27
OFFSET  10.2100 -9.8003 -4.3857
X  0.2275  0.2967 -0.9275
Y -0.0745  0.9550  0.2872
Z  0.9709  0.0038  0.2394

PART 28
OFFSET  10.4277 -9.4398 -5.5277
X  0.0415  0.8947 -0.4446
Y -0.1804  0.4444  0.8775
Z  0.9827  0.0438  0.1799

PART 29
OFFSET  10.4746 -8.4291 -6.0299
X  0.4258 -0.6801 -0.5968
Y -0.2246 -0.7183  0.6584
Z -0.8765 -0.1463 -0.4586

PART 30
OFFSET  11.0289 -8.3592 -3.3517
X  0.0557 -0.7817 -0.6212
Y  0.0493  0.6236 -0.7802
Z  0.9972  0.0128  0.0733

PART 31
OFFSET  11.1378 -9.8862 -4.5653
X  0.0581  0.4064 -0.9119
Y -0.0844  0.9121  0.4011
Z  0.9947  0.0537  0.0873

PART 32
OFFSET  11.2226 -9.2926 -5.8972
X -0.0543  0.9652 -0.2560
Y -0.1509  0.2455  0.9576
Z  0.9871  0.0906  0.1323

PART 33
OFFSET  11.1683 -8.1990 -6.1869
X  0.0749 -0.9026 -0.4238
Y -0.0068 -0.4255  0.9050
Z -0.9972 -0.0649 -0.0380

PART 34
OFFSET  11.8877 -8.4420 -5.1978
X  0.9603  0.2506  0.1225
Y -0.2473  0.5619  0.7894
Z  0.1290 -0.7884  0.6015

PART 35
OFFSET  16.5932 -3.1399 -1.5253
X  0.9774 -0.0407  0.2075
Y  0.0144  0.9919  0.1265
Z -0.2110 -0.1207  0.9700

PART 36
OFFSET  16.5932 -3.1399 -1.5253
X  0.9774 -0.0407  0.2075
Y  0.0144  0.9919  0.1265
Z -0.2110 -0.1207  0.9700

PART 37
OFFSET  19.7214 -3.1651 -0.4926
X  0.9774 -0.0407  0.2075
Y  0.0144  0.9919  0.1265
Z -0.2110 -0.1207  0.9700

PART 38
OFFSET  17.6605 -3.3970  0.3688
X  0.9774 -0.0407  0.2075
Y  0.0144  0.9919  0.1265
Z -0.2110 -0.1207  0.9700

PART 39
OFFSET -31.8124  0.0529 -6.1733
X  0.9852 -0.0357  0.1677
Y  0.0144  0.9919  0.1265
Z -0.1709 -0.1222  0.9777

PART 40
OFFSET  17.7666 -3.3209 -0.2428
X  0.9815 -0.0382  0.1876
Y  0.0144  0.9919  0.1265
Z -0.1909 -0.1215  0.9741

PART 41
OFFSET  17.7175 -2.8262  0.1222
X  0.9815 -0.0382  0.1876
Y  0.0144  0.9919  0.1265
Z -0.1909 -0.1215  0.9741

PART 42
OFFSET  17.5993 -2.8970  0.7410
X  0.9815 -0.0382  0.1876
Y  0.0144  0.9919  0.1265
Z -0.1909 -0.1215  0.9741

PART 43
OFFSET  17.5336 -3.4726  0.9757
X  0.9815 -0.0382  0.1876
Y  0.0144  0.9919  0.1265
Z -0.1909 -0.1215  0.9741

PART 44
OFFSET  17.5834 -3.9689  0.6079
X  0.9815 -0.0382  0.1876
Y  0.0144  0.9919  0.1265
Z -0.1909 -0.1215  0.9741

PART 45
OFFSET  17.6995 -3.8913  0.0015
X  0.9815 -0.0382  0.1876
Y  0.0144  0.9919  0.1265
Z -0.1909 -0.1215  0.9741

PART 46
OFFSET -29.3753 -0.0497 -5.7654
X  0.9852 -0.0357  0.1677
Y  0.0144  0.9919  0.1265
Z -0.1709 -0.1222  0.9777

PART 47
OFFSET  16.2301 -3.0980 -0.3614
X  0.9774 -0.0407  0.2075
Y  0.0144  0.9919  0.1265
Z -0.2110 -0.1207  0.9700

PART 48
OFFSET  14.3565 -8.2569 -8.4171
X  0.9803  0.0223  0.1960
Y -0.0323  0.9983  0.0480
Z -0.1946 -0.0533  0.9794

PART 49
OFFSET -9.0954 -2.7609 -2.3892
X -0.8538  0.4070  0.3245
Y -0.2547 -0.8703  0.4215
Z  0.4540  0.2772  0.8468

PART 50
OFFSET  1.2309 -7.6831 -6.3136
X -0.9342 -0.2902 -0.2075
Y  0.3565 -0.7394 -0.5711
Z  0.0122 -0.6075  0.7942

PART 51
OFFSET  9.1766 -5.2151 -4.5485
X -0.9342 -0.2902 -0.2075
Y  0.2194 -0.0085 -0.9756
Z  0.2813 -0.9569  0.0716

PART 52
OFFSET  10.3527 -3.4793 -5.3410
X -0.9363 -0.2840 -0.2065
Y -0.0146  0.6192 -0.7851
Z  0.3508 -0.7321 -0.5839

PART 53
OFFSET  10.1452 -3.0820 -3.5353
X -0.9363 -0.2840 -0.2065
Y -0.0146  0.6192 -0.7851
Z  0.3508 -0.7321 -0.5839

PART 54
OFFSET  10.3447 -4.4908 -2.4168
X -0.9363 -0.2840 -0.2065
Y -0.0146  0.6192 -0.7851
Z  0.3508 -0.7321 -0.5839

PART 55
OFFSET  12.0406 -4.3255 -3.9122
X -0.9237  0.0420 -0.3808
Y  0.3818  0.0159 -0.9241
Z -0.0328 -0.9990 -0.0308

PART 56
OFFSET  12.1012 -3.9496 -2.8365
X -0.5369 -0.7493 -0.3878
Y  0.8190 -0.3524 -0.4529
Z  0.2027 -0.5607  0.8028

PART 57
OFFSET  13.1667 -2.2664 -1.9992
X -0.9438 -0.2403 -0.2268
Y  0.3242 -0.8059 -0.4953
Z -0.0638 -0.5411  0.8386

PART 58
OFFSET  14.7168 -1.8659 -1.7565
X -0.9461  0.2198  0.2379
Y -0.3140 -0.8024 -0.5076
Z  0.0793 -0.5549  0.8281

PART 59
OFFSET  15.7416 -2.0646 -2.0429
X -0.8140  0.3533 -0.4610
Y  0.5801  0.5347 -0.6145
Z  0.0293 -0.7676 -0.6402

PART 60
OFFSET  13.2376 -4.1421 -4.5733
X -0.9767 -0.0176  0.2140
Y  0.0221 -0.9996  0.0183
Z  0.2136  0.0226  0.9767

PART 61
OFFSET  15.4605 -3.9766 -4.9141
X -0.3076 -0.8699 -0.3855
Y  0.9455 -0.3250 -0.0209
Z -0.1071 -0.3710  0.9225

PART 62
OFFSET  15.8960 -2.7450 -4.3682
X  0.4835 -0.8247 -0.2935
Y  0.8632  0.3934  0.3165
Z -0.1456 -0.4063  0.9021

PART 63
OFFSET  15.4673 -2.0138 -4.1080
X  0.9883 -0.1472  0.0392
Y  0.1214  0.9166  0.3808
Z -0.0920 -0.3716  0.9238

PART 64
OFFSET  14.5283 -1.8740 -4.1453
X -0.8188 -0.4091 -0.4027
Y -0.5560  0.7398  0.3790
Z  0.1428  0.5342 -0.8332

PART 65
OFFSET  13.1825 -4.3015 -3.8797
X -0.9965  0.0291 -0.0788
Y -0.0305 -0.9994  0.0176
Z -0.0783  0.0200  0.9967

PART 66
OFFSET  15.7796 -4.4019 -3.8228
X -0.2219 -0.9659 -0.1332
Y  0.9750 -0.2186 -0.0388
Z  0.0083 -0.1385  0.9903

PART 67
OFFSET  16.1574 -2.7574 -3.5959
X  0.7143 -0.6912 -0.1095
Y  0.6998  0.7042  0.1199
Z -0.0057 -0.1623  0.9867

PART 68
OFFSET  15.1674 -1.7994 -3.4441
X  0.9890  0.1439  0.0336
Y -0.1474  0.9769  0.1549
Z -0.0105 -0.1582  0.9874

PART 69
OFFSET  14.0948 -1.9554 -3.4805
X -0.7267 -0.6837 -0.0674
Y -0.6870  0.7237  0.0651
Z  0.0043  0.0937 -0.9956

PART 70
OFFSET  7.8559 -4.6996 -4.7323
X -0.9520 -0.2413 -0.1882
Y -0.2222  0.9679 -0.1174
Z  0.2104 -0.0699 -0.9751

PART 71
OFFSET  15.3397 -4.8725 -1.7427
