// Export filename: `C:\projects\cod\t5\xanim_export\t5_viewmodels\python\python_flashlight_putaway.XANIM_EXPORT`
// Source filename: `D:\projects\devanim\t5\animation_assets\viewmodels/python/flashlight/ViewModel_python_flashlight_animated.fbx`
// Export time: Sat Apr 17 20:11:02 2010

ANIMATION
VERSION 3

NUMPARTS 82
PART 0 "tag_ads"
PART 1 "tag_torso"
PART 2 "J_Shoulder_LE"
PART 3 "J_Elbow_LE"
PART 4 "J_WristTwist_LE"
PART 5 "J_Sleave_Reshape_Bottom_LE_1"
PART 6 "J_Sleave_Reshape_Bottom_LE_2"
PART 7 "J_Sleave_Reshape_Top_LE_1"
PART 8 "J_Sleave_Reshape_Top_LE_2"
PART 9 "J_Sleave_Reshape_Top_LE_3"
PART 10 "J_Wrist_LE"
PART 11 "J_Thumb_LE_0"
PART 12 "J_Thumb_LE_1"
PART 13 "J_Thumb_LE_2"
PART 14 "J_Thumb_LE_3"
PART 15 "J_PinkyPalm_LE"
PART 16 "J_Pinky_LE_0"
PART 17 "J_Pinky_LE_1"
PART 18 "J_Pinky_LE_2"
PART 19 "J_Pinky_LE_3"
PART 20 "J_RingPalm_LE"
PART 21 "J_Ring_LE_0"
PART 22 "J_Ring_LE_1"
PART 23 "J_Ring_LE_2"
PART 24 "J_Ring_LE_3"
PART 25 "J_Webbing_LE"
PART 26 "J_Index_LE_0"
PART 27 "J_Index_LE_1"
PART 28 "J_Index_LE_2"
PART 29 "J_Index_LE_3"
PART 30 "J_Mid_LE_0"
PART 31 "J_Mid_LE_1"
PART 32 "J_Mid_LE_2"
PART 33 "J_Mid_LE_3"
PART 34 "tag_knife_attach"
PART 35 "tag_weapon"
PART 36 "J_Gun"
PART 37 "TAG_CLIP"
PART 38 "J_Bolt"
PART 39 "tag_speedloader"
PART 40 "tag_spent0"
PART 41 "tag_spent1"
PART 42 "tag_spent2"
PART 43 "tag_spent3"
PART 44 "tag_spent4"
PART 45 "tag_spent5"
PART 46 "tag_bullets"
PART 47 "J_Press_Rear"
PART 48 "J_Flashlight"
PART 49 "J_Shoulder_RI"
PART 50 "J_Elbow_RI"
PART 51 "J_WristTwist_RI"
PART 52 "J_Sleave_Reshape_Top_RI_3"
PART 53 "J_Sleave_Reshape_Top_RI_2"
PART 54 "J_Sleave_Reshape_Top_RI_1"
PART 55 "J_Wrist_RI"
PART 56 "J_Thumb_RI_0"
PART 57 "J_Thumb_RI_1"
PART 58 "J_Thumb_RI_2"
PART 59 "J_Thumb_RI_3"
PART 60 "J_PinkyPalm_RI"
PART 61 "J_Pinky_RI_0"
PART 62 "J_Pinky_RI_1"
PART 63 "J_Pinky_RI_2"
PART 64 "J_Pinky_RI_3"
PART 65 "J_RingPalm_RI"
PART 66 "J_Ring_RI_0"
PART 67 "J_Ring_RI_1"
PART 68 "J_Ring_RI_2"
PART 69 "J_Ring_RI_3"
PART 70 "J_Webbing_RI"
PART 71 "J_Index_RI_0"
PART 72 "J_Index_RI_1"
PART 73 "J_Index_RI_2"
PART 74 "J_Index_RI_3"
PART 75 "J_Mid_RI_0"
PART 76 "J_Mid_RI_1"
PART 77 "J_Mid_RI_2"
PART 78 "J_Mid_RI_3"
PART 79 "tag_cambone"
PART 80 "tag_camera"
PART 81 "tag_gasmask"

FRAMERATE 30
NUMFRAMES 31

FRAME 50
PART 0
OFFSET -4.6318 -0.0000 -1.3770
X  1.0000 -0.0000  0.0000
Y  0.0000  1.0000  0.0000
Z  0.0000 -0.0000  1.0000

PART 1
OFFSET -1.9111 -0.4487 -1.8207
X  1.0000 -0.0000  0.0000
Y  0.0000  1.0000  0.0000
Z  0.0000 -0.0000  1.0000

PART 2
OFFSET -1.7776  7.8010 -3.1869
X  0.9139 -0.1836 -0.3621
Y -0.3734 -0.7304 -0.5719
Z -0.1595  0.6578 -0.7361

PART 3
OFFSET  9.2746  5.5803 -7.5665
X  0.2678 -0.9436  0.1946
Y -0.8753 -0.1539  0.4583
Z -0.4025 -0.2931 -0.8672

PART 4
OFFSET  11.5527 -2.4455 -5.9113
X  0.2678 -0.9436  0.1946
Y -0.9274 -0.3072 -0.2134
Z  0.2611 -0.1233 -0.9574

PART 5
OFFSET  13.2742 -3.2710 -5.1076
X  0.2741 -0.9419  0.1943
Y  0.4142  0.2979  0.8600
Z -0.8679 -0.1553  0.4718

PART 6
OFFSET  12.6294 -3.4232 -6.9228
X  0.2741 -0.9419  0.1943
Y  0.4142  0.2979  0.8600
Z -0.8679 -0.1553  0.4718

PART 7
OFFSET  11.1509 -4.2099 -4.0410
X  0.2741 -0.9419  0.1943
Y  0.4142  0.2979  0.8600
Z -0.8679 -0.1553  0.4718

PART 8
OFFSET  10.4983 -4.5154 -5.1381
X  0.2741 -0.9419  0.1943
Y  0.4142  0.2979  0.8600
Z -0.8679 -0.1553  0.4718

PART 9
OFFSET  10.8297 -4.2518 -6.2852
X  0.2741 -0.9419  0.1943
Y  0.4142  0.2979  0.8600
Z -0.8679 -0.1553  0.4718

PART 10
OFFSET  12.3738 -5.3383 -5.3148
X -0.3075 -0.7926  0.5266
Y -0.8988  0.0603 -0.4341
Z  0.3123 -0.6068 -0.7310

PART 11
OFFSET  11.4962 -5.8857 -5.7969
X -0.5584 -0.7800 -0.2826
Y -0.6366  0.6213 -0.4568
Z  0.5319 -0.0752 -0.8435

PART 12
OFFSET  10.2573 -7.5110 -6.4992
X -0.0083 -0.9280  0.3724
Y -0.7799 -0.2271 -0.5832
Z  0.6258 -0.2953 -0.7219

PART 13
OFFSET  10.3605 -9.0287 -5.9441
X  0.3923 -0.7932  0.4657
Y -0.7208 -0.5797 -0.3801
Z  0.5715 -0.1865 -0.7991

PART 14
OFFSET  10.7987 -9.9049 -5.4835
X -0.2260 -0.5852  0.7788
Y -0.4449  0.7732  0.4519
Z -0.8666 -0.2444 -0.4351

PART 15
OFFSET  13.1391 -6.1962 -4.5521
X  0.1564 -0.7506  0.6420
Y  0.3431 -0.5682 -0.7479
Z  0.9262  0.3372  0.1687

PART 16
OFFSET  13.3976 -8.0015 -3.2260
X -0.0899 -0.8575 -0.5066
Y  0.0641  0.5026 -0.8621
Z  0.9939 -0.1100  0.0097

PART 17
OFFSET  13.2703 -9.2155 -3.9432
X  0.0044 -0.0055 -1.0000
Y  0.1653  0.9862 -0.0046
Z  0.9862 -0.1653  0.0053

PART 18
OFFSET  13.2742 -9.2203 -4.8298
X  0.0797  0.7006 -0.7091
Y  0.0605  0.7067  0.7049
Z  0.9950 -0.0991  0.0140

PART 19
OFFSET  13.3500 -8.5547 -5.5035
X -0.2428 -0.9651  0.0978
Y  0.1201  0.0702  0.9903
Z -0.9626  0.2522  0.0989

PART 20
OFFSET  12.4305 -6.2457 -4.6227
X -0.0147 -0.7764  0.6300
Y  0.3577 -0.5925 -0.7218
Z  0.9337  0.2147  0.2864

PART 21
OFFSET  12.4070 -8.2354 -2.9497
X  0.0664 -0.8400 -0.5386
Y  0.0107  0.5403 -0.8414
Z  0.9977  0.0501  0.0448

PART 22
OFFSET  12.5200 -9.6654 -3.8666
X  0.0279  0.3161 -0.9483
Y -0.0339  0.9484  0.3152
Z  0.9990  0.0233  0.0372

PART 23
OFFSET  12.5587 -9.2272 -5.1809
X -0.0023  0.9189 -0.3945
Y -0.0477  0.3939  0.9179
Z  0.9989  0.0209  0.0430

PART 24
OFFSET  12.5562 -8.2306 -5.6087
X  0.0783 -0.9769 -0.1990
Y -0.0807 -0.2052  0.9754
Z -0.9937 -0.0603 -0.0949

PART 25
OFFSET  10.1660 -8.0110 -4.7726
X -0.0287 -0.9261  0.3761
Y -0.4230  0.3522  0.8349
Z -0.9057 -0.1352 -0.4019

PART 26
OFFSET  10.3816 -8.1556 -3.3187
X  0.1770 -0.8813 -0.4382
Y  0.2369  0.4703 -0.8501
Z  0.9553  0.0466  0.2920

PART 27
OFFSET  10.6932 -9.7072 -4.0902
X  0.3401  0.2444 -0.9081
Y -0.0702  0.9695  0.2347
Z  0.9378 -0.0161  0.3469

PART 28
OFFSET  11.0497 -9.4091 -5.2152
X  0.1241  0.8706 -0.4761
Y -0.2600  0.4916  0.8311
Z  0.9576  0.0207  0.2874

PART 29
OFFSET  11.1899 -8.4258 -5.7530
X  0.4637 -0.7214 -0.5144
Y -0.3231 -0.6783  0.6599
Z -0.8250 -0.1398 -0.5476

PART 30
OFFSET  11.4455 -8.2453 -3.0351
X  0.0951 -0.8119 -0.5759
Y  0.1590  0.5835 -0.7964
Z  0.9827 -0.0158  0.1846

PART 31
OFFSET  11.6313 -9.8315 -4.1602
X  0.1742  0.3601 -0.9165
Y -0.0942  0.9326  0.3485
Z  0.9802  0.0257  0.1964

PART 32
OFFSET  11.8857 -9.3055 -5.4989
X  0.0107  0.9530 -0.3027
Y -0.2471  0.2959  0.9227
Z  0.9689  0.0649  0.2386

PART 33
OFFSET  11.9048 -8.2259 -5.8407
X  0.0877 -0.9239 -0.3725
Y -0.1232 -0.3811  0.9163
Z -0.9885 -0.0344 -0.1472

PART 34
OFFSET  12.5003 -8.4443 -4.7671
X  0.9495  0.2250  0.2188
Y -0.3123  0.6068  0.7310
Z  0.0317 -0.7623  0.6464

PART 35
OFFSET  16.8463 -3.0985 -2.7029
X  1.0000 -0.0000  0.0000
Y  0.0000  1.0000  0.0000
Z  0.0000 -0.0000  1.0000

PART 36
OFFSET  16.8463 -3.0985 -2.7029
X  1.0000 -0.0000  0.0000
Y  0.0000  1.0000  0.0000
Z  0.0000 -0.0000  1.0000

PART 37
OFFSET  20.1191 -2.9478 -2.3581
X  1.0000 -0.0000  0.0000
Y  0.0000  1.0000  0.0000
Z  0.0000 -0.0000  1.0000

PART 38
OFFSET  18.2929 -3.0986 -1.0598
X  1.0000  0.0000 -0.0000
Y -0.0000  1.0000  0.0000
Z  0.0000  0.0000  1.0000

PART 39
OFFSET -31.5592 -1.2165  2.6144
X  0.9992 -0.0000 -0.0408
Y  0.0000  1.0000  0.0000
Z  0.0408 -0.0000  0.9992

PART 40
OFFSET  18.2666 -3.0989 -1.6846
X  0.9998 -0.0000 -0.0204
Y -0.0000  1.0000 -0.0000
Z  0.0204  0.0000  0.9998

PART 41
OFFSET  18.2742 -2.5628 -1.3798
X  0.9998 -0.0000 -0.0204
Y -0.0000  1.0000 -0.0000
Z  0.0204  0.0000  0.9998

PART 42
OFFSET  18.2900 -2.5564 -0.7461
X  0.9998 -0.0000 -0.0204
Y -0.0000  1.0000 -0.0000
Z  0.0204  0.0000  0.9998

PART 43
OFFSET  18.2979 -3.0986 -0.4352
X  0.9998 -0.0000 -0.0204
Y -0.0000  1.0000 -0.0000
Z  0.0204  0.0000  0.9998

PART 44
OFFSET  18.2904 -3.6366 -0.7426
X  0.9998 -0.0000 -0.0204
Y -0.0000  1.0000 -0.0000
Z  0.0204  0.0000  0.9998

PART 45
OFFSET  18.2749 -3.6348 -1.3646
X  0.9998 -0.0000 -0.0204
Y -0.0000  1.0000 -0.0000
Z  0.0204  0.0000  0.9998

PART 46
OFFSET -29.0883 -1.2316  2.5083
X  0.9992 -0.0000 -0.0408
Y  0.0000  1.0000  0.0000
Z  0.0408 -0.0000  0.9992

PART 47
OFFSET  16.7312 -2.9149 -1.5024
X  1.0000 -0.0000  0.0000
Y  0.0000  1.0000  0.0000
Z  0.0000 -0.0000  1.0000

PART 48
OFFSET  15.3167 -8.4936 -7.6927
X  0.9526 -0.0000  0.3041
Y  0.0000  1.0000  0.0000
Z -0.3041  0.0000  0.9526

PART 49
OFFSET -9.0954 -2.7609 -2.3892
X -0.8442  0.4240  0.3279
Y -0.2704 -0.8651  0.4225
Z  0.4628  0.2681  0.8450

PART 50
OFFSET  1.1145 -7.8887 -6.3545
X -0.9364 -0.2806 -0.2108
Y  0.3510 -0.7430 -0.5699
Z  0.0033 -0.6076  0.7942

PART 51
OFFSET  9.0789 -5.5022 -4.5612
X -0.9364 -0.2806 -0.2108
Y  0.2536 -0.1256 -0.9591
Z  0.2426 -0.9516  0.1888

PART 52
OFFSET  10.2754 -3.7784 -5.3495
X -0.9385 -0.2744 -0.2098
Y -0.0056  0.6194 -0.7851
Z  0.3454 -0.7356 -0.5828

PART 53
OFFSET  10.0656 -3.3792 -3.5445
X -0.9385 -0.2744 -0.2098
Y -0.0056  0.6194 -0.7851
Z  0.3454 -0.7356 -0.5828

PART 54
OFFSET  10.2468 -4.7900 -2.4254
X -0.9385 -0.2744 -0.2098
Y -0.0056  0.6194 -0.7851
Z  0.3454 -0.7356 -0.5828

PART 55
OFFSET  11.9495 -4.6420 -3.9149
X -0.9835 -0.0198 -0.1796
Y  0.1807 -0.0956 -0.9789
Z  0.0022 -0.9952  0.0976

PART 56
OFFSET  12.2167 -4.1322 -2.9295
X -0.5747 -0.8000 -0.1725
Y  0.7208 -0.3950 -0.5696
Z  0.3875 -0.4517  0.8036

PART 57
OFFSET  13.3634 -2.3414 -2.5452
X -0.9598 -0.2806  0.0081
Y  0.2469 -0.8574 -0.4516
Z  0.1337 -0.4315  0.8922

PART 58
OFFSET  14.9126 -1.8912 -2.6851
X -0.8843  0.2345  0.4038
Y -0.3796 -0.8646 -0.3293
Z  0.2719 -0.4445  0.8535

PART 59
OFFSET  15.8628 -2.1097 -3.1552
X -0.9056  0.2804 -0.3181
Y  0.4177  0.4609 -0.7830
Z -0.0730 -0.8420 -0.5346

PART 60
OFFSET  12.9749 -4.5265 -4.8308
X -0.9095 -0.0045  0.4157
Y  0.0660 -0.9888  0.1337
Z  0.4105  0.1491  0.8996

PART 61
OFFSET  15.0700 -4.3734 -5.6502
X -0.3453 -0.9160 -0.2041
Y  0.9330 -0.3114 -0.1805
Z  0.1018 -0.2528  0.9622

PART 62
OFFSET  15.5589 -3.0765 -5.3612
X  0.4452 -0.8482 -0.2872
Y  0.8933  0.4427  0.0774
Z  0.0614 -0.2910  0.9547

PART 63
OFFSET  15.1641 -2.3246 -5.1066
X  0.9801 -0.1268 -0.1527
Y  0.1604  0.9591  0.2332
Z  0.1169 -0.2531  0.9604

PART 64
OFFSET  14.2330 -2.2041 -4.9615
X -0.8673 -0.4685 -0.1685
Y -0.4948  0.7737  0.3957
Z -0.0550  0.4265 -0.9028

PART 65
OFFSET  13.0714 -4.5976 -4.1271
X -0.9915  0.0045  0.1302
Y  0.0144 -0.9895  0.1441
Z  0.1295  0.1448  0.9809

PART 66
OFFSET  15.6257 -4.6526 -4.6076
X -0.2052 -0.9781  0.0341
Y  0.9538 -0.2077 -0.2169
Z  0.2193 -0.0120  0.9756

PART 67
OFFSET  15.9751 -2.9873 -4.6657
X  0.7035 -0.6892 -0.1735
Y  0.6803  0.7237 -0.1163
Z  0.2057 -0.0362  0.9779

PART 68
OFFSET  15.0001 -2.0322 -4.4252
X  0.9678  0.1612 -0.1934
Y -0.1516  0.9864  0.0635
Z  0.2010 -0.0322  0.9791

PART 69
OFFSET  13.9505 -2.2070 -4.2154
X -0.6964 -0.6971  0.1704
Y -0.6874  0.7162  0.1208
Z -0.2062 -0.0330 -0.9780

PART 70
OFFSET  7.7045 -5.1770 -3.7825
X -0.9597 -0.2769  0.0474
Y -0.2808  0.9420 -0.1838
Z  0.0062 -0.1897 -0.9818

PART 71
OFFSET  15.6464 -4.8626 -2.4404
X -0.9136 -0.2652  0.3082
Y  0.2806 -0.9598  0.0057
Z  0.2943  0.0917  0.9513

PART 72
OFFSET  17.2549 -4.3956 -2.9831
X -0.6060 -0.7393  0.2936
Y  0.7435 -0.6576 -0.1216
Z  0.2829  0.1446  0.9482

PART 73
OFFSET  18.0088 -3.4880 -3.2824
X -0.1857 -0.9740  0.1293
Y  0.9489 -0.2120 -0.2336
Z  0.2549  0.0794  0.9637

PART 74
OFFSET  18.2186 -2.3878 -3.4285
X -0.7245  0.5308  0.4398
Y  0.4252  0.8463 -0.3209
Z -0.5426 -0.0455 -0.8388

PART 75
OFFSET  15.7372 -4.7899 -3.5390
X -0.1133 -0.9899  0.0853
Y  0.9905 -0.1193 -0.0686
Z  0.0780  0.0767  0.9940

PART 76
OFFSET  15.9585 -2.8561 -3.7056
X  0.8028 -0.5961 -0.0124
Y  0.5878  0.7949 -0.1504
Z  0.0995  0.1135  0.9885

PART 77
OFFSET  14.7859 -1.9854 -3.6876
X  0.9909  0.0597 -0.1204
Y -0.0790  0.9835 -0.1628
Z  0.1087  0.1708  0.9793

PART 78
OFFSET  13.6627 -2.0536 -3.5582
X -0.7163 -0.6849  0.1337
Y -0.6883  0.7250  0.0261
Z -0.1148 -0.0733 -0.9907

PART 79
OFFSET  0.0000 -0.0000 -0.0000
X  1.0000 -0.0000  0.0000
Y  0.0000  1.0000  0.0000
Z  0.0000 -0.0000  1.0000

PART 80
OFFSET  0.0000 -0.0000 -0.0000
X  1.0000 -0.0000  0.0000
Y  0.0000  1.0000  0.0000
Z  0.0000 -0.0000  1.0000

PART 81
OFFSET  1.5404 -0.0000  4.1357
X  1.0000 -0.0000  0.0000
Y  0.0000  1.0000  0.0000
Z  0.0000 -0.0000  1.0000


FRAME 51
PART 0
OFFSET -4.6318 -0.0000 -1.3770
X  1.0000 -0.0000  0.0000
Y  0.0000  1.0000  0.0000
Z  0.0000 -0.0000  1.0000

PART 1
OFFSET -1.9111 -0.4487 -1.8207
X  1.0000 -0.0000  0.0000
Y  0.0000  1.0000  0.0000
Z  0.0000 -0.0000  1.0000

PART 2
OFFSET -1.7776  7.8010 -3.1869
X  0.9153 -0.1571 -0.3708
Y -0.3594 -0.7340 -0.5762
Z -0.1816  0.6607 -0.7283

PART 3
OFFSET  9.2922  5.9007 -7.6714
X  0.2594 -0.9446  0.2009
Y -0.8782 -0.1442  0.4560
Z -0.4018 -0.2947 -0.8670

PART 4
OFFSET  11.4989 -2.1338 -5.9630
X  0.2594 -0.9446  0.2009
Y -0.9238 -0.3034 -0.2337
Z  0.2817 -0.1249 -0.9513

PART 5
OFFSET  13.2108 -2.9688 -5.1485
X  0.2658 -0.9429  0.2005
Y  0.4136  0.2994  0.8598
Z -0.8708 -0.1456  0.4695

PART 6
OFFSET  12.5713 -3.1260 -6.9650
X  0.2658 -0.9429  0.2005
Y  0.4136  0.2994  0.8598
Z -0.8708 -0.1456  0.4695

PART 7
OFFSET  11.0761 -3.8843 -4.0842
X  0.2658 -0.9429  0.2005
Y  0.4136  0.2994  0.8598
Z -0.8708 -0.1456  0.4695

PART 8
OFFSET  10.4250 -4.1907 -5.1819
X  0.2658 -0.9429  0.2005
Y  0.4136  0.2994  0.8598
Z -0.8708 -0.1456  0.4695

PART 9
OFFSET  10.7626 -3.9364 -6.3293
X  0.2658 -0.9429  0.2005
Y  0.4136  0.2994  0.8598
Z -0.8708 -0.1456  0.4695

PART 10
OFFSET  12.2943 -5.0298 -5.3472
X -0.2351 -0.8167  0.5269
Y -0.9162  0.0053 -0.4007
Z  0.3245 -0.5770 -0.7496

PART 11
OFFSET  11.4376 -5.6290 -5.8046
X -0.5159 -0.8122 -0.2724
Y -0.6926  0.5826 -0.4254
Z  0.5042 -0.0308 -0.8630

PART 12
OFFSET  10.2833 -7.3253 -6.4829
X  0.0664 -0.9305  0.3602
Y -0.7843 -0.2718 -0.5577
Z  0.6168 -0.2455 -0.7478

PART 13
OFFSET  10.5064 -8.8387 -5.9519
X  0.4607 -0.7703  0.4408
Y -0.6945 -0.6222 -0.3613
Z  0.5526 -0.1397 -0.8216

PART 14
OFFSET  11.0181 -9.6887 -5.5190
X -0.1580 -0.6071  0.7787
Y -0.4780  0.7371  0.4777
Z -0.8640 -0.2968 -0.4067

PART 15
OFFSET  13.1420 -5.8432 -4.6238
X  0.2289 -0.7454  0.6261
Y  0.3520 -0.5363 -0.7671
Z  0.9076  0.3960  0.1396

PART 16
OFFSET  13.5672 -7.6413 -3.3314
X -0.0519 -0.8562 -0.5141
Y -0.0008  0.5148 -0.8573
Z  0.9987 -0.0441 -0.0274

PART 17
OFFSET  13.4938 -8.8535 -4.0592
X -0.0319  0.0051 -0.9995
Y  0.0998  0.9950  0.0019
Z  0.9945 -0.0997 -0.0323

PART 18
OFFSET  13.4655 -8.8489 -4.9454
X  0.0074  0.7115 -0.7027
Y  0.0397  0.7019  0.7112
Z  0.9992 -0.0331 -0.0231

PART 19
OFFSET  13.4725 -8.1730 -5.6130
X -0.1751 -0.9800  0.0943
Y  0.1515  0.0679  0.9861
Z -0.9728  0.1869  0.1366

PART 20
OFFSET  12.4361 -5.9387 -4.6695
X  0.0596 -0.7824  0.6200
Y  0.3691 -0.5598 -0.7419
Z  0.9275  0.2730  0.2554

PART 21
OFFSET  12.6050 -7.9433 -3.0228
X  0.1017 -0.8280 -0.5514
Y -0.0558  0.5487 -0.8342
Z  0.9932  0.1156  0.0096

PART 22
OFFSET  12.7781 -9.3529 -3.9616
X -0.0278  0.3270 -0.9446
Y -0.0846  0.9408  0.3282
Z  0.9960  0.0890  0.0015

PART 23
OFFSET  12.7396 -8.8997 -5.2707
X -0.0772  0.9207 -0.3826
Y -0.0398  0.3805  0.9239
Z  0.9962  0.0866  0.0073

PART 24
OFFSET  12.6559 -7.9012 -5.6856
X  0.1350 -0.9675 -0.2140
Y -0.0311 -0.2200  0.9750
Z -0.9904 -0.1250 -0.0598

PART 25
OFFSET  10.2887 -7.8485 -4.7608
X  0.0462 -0.9299  0.3648
Y -0.4143  0.3145  0.8541
Z -0.9090 -0.1906 -0.3708

PART 26
OFFSET  10.5665 -7.9939 -3.3177
X  0.2183 -0.8629 -0.4557
Y  0.1741  0.4939 -0.8519
Z  0.9602  0.1067  0.2581

PART 27
OFFSET  10.9510 -9.5132 -4.1200
X  0.2897  0.2757 -0.9165
Y -0.1251  0.9603  0.2494
Z  0.9489  0.0424  0.3127

PART 28
OFFSET  11.2456 -9.1806 -5.2532
X  0.0491  0.8816 -0.4694
Y -0.2611  0.4650  0.8459
Z  0.9641  0.0810  0.2530

PART 29
OFFSET  11.3011 -8.1848 -5.7834
X  0.4908 -0.6840 -0.5397
Y -0.2534 -0.7047  0.6627
Z -0.8336 -0.1885 -0.5193

PART 30
OFFSET  11.6438 -8.0160 -3.0737
X  0.1271 -0.7977 -0.5895
Y  0.0909  0.6011 -0.7940
Z  0.9877  0.0473  0.1489

PART 31
OFFSET  11.8920 -9.5744 -4.2252
X  0.1163  0.3803 -0.9175
Y -0.1425  0.9206  0.3635
Z  0.9829  0.0884  0.1613

PART 32
OFFSET  12.0620 -9.0190 -5.5654
X -0.0631  0.9547 -0.2908
Y -0.2319  0.2694  0.9347
Z  0.9707  0.1264  0.2044

PART 33
OFFSET  11.9975 -7.9370 -5.8940
X  0.1345 -0.9122 -0.3871
Y -0.0641 -0.3978  0.9152
Z -0.9888 -0.0983 -0.1120

PART 34
OFFSET  12.6450 -8.1262 -4.8450
X  0.9400  0.2851  0.1874
Y -0.3245  0.5770  0.7496
Z  0.1056 -0.7654  0.6348

PART 35
OFFSET  16.8258 -3.1202 -2.5291
X  0.9998  0.0143 -0.0153
Y -0.0141  0.9998  0.0113
Z  0.0155 -0.0111  0.9998

PART 36
OFFSET  16.8258 -3.1202 -2.5291
X  0.9998  0.0143 -0.0153
Y -0.0141  0.9998  0.0113
Z  0.0155 -0.0111  0.9998

PART 37
OFFSET  20.1011 -2.9265 -2.2329
X  0.9998  0.0143 -0.0153
Y -0.0141  0.9998  0.0113
Z  0.0155 -0.0111  0.9998

PART 38
OFFSET  18.2976 -3.1178 -0.9085
X  0.9998  0.0143 -0.0153
Y -0.0141  0.9998  0.0113
Z  0.0155 -0.0111  0.9998

PART 39
OFFSET -31.5132 -1.9904  3.5508
X  0.9983  0.0148 -0.0561
Y -0.0141  0.9998  0.0113
Z  0.0563 -0.0105  0.9984

PART 40
OFFSET  18.2617 -3.1115 -1.5328
X  0.9993  0.0145 -0.0358
Y -0.0141  0.9998  0.0113
Z  0.0359 -0.0108  0.9993

PART 41
OFFSET  18.2664 -2.5788 -1.2221
X  0.9993  0.0145 -0.0358
Y -0.0141  0.9998  0.0113
Z  0.0359 -0.0108  0.9993

PART 42
OFFSET  18.2918 -2.5792 -0.5887
X  0.9993  0.0145 -0.0358
Y -0.0141  0.9998  0.0113
Z  0.0359 -0.0108  0.9993

PART 43
OFFSET  18.3123 -3.1246 -0.2841
X  0.9993  0.0145 -0.0358
Y -0.0141  0.9998  0.0113
Z  0.0359 -0.0108  0.9993

PART 44
OFFSET  18.3076 -3.6593 -0.5974
X  0.9993  0.0145 -0.0358
Y -0.0141  0.9998  0.0113
Z  0.0359 -0.0108  0.9993

PART 45
OFFSET  18.2824 -3.6508 -1.2190
X  0.9993  0.0145 -0.0358
Y -0.0141  0.9998  0.0113
Z  0.0359 -0.0108  0.9993

PART 46
OFFSET -29.0443 -1.9689  3.4066
X  0.9983  0.0148 -0.0561
Y -0.0141  0.9998  0.0113
Z  0.0563 -0.0105  0.9984

PART 47
OFFSET  16.7268 -2.9516 -1.3250
X  0.9998  0.0143 -0.0153
Y -0.0141  0.9998  0.0113
Z  0.0155 -0.0111  0.9998

PART 48
OFFSET  15.3491 -7.9579 -7.8703
X  0.9611  0.0599  0.2696
Y -0.0658  0.9977  0.0130
Z -0.2682 -0.0303  0.9629

PART 49
OFFSET -9.0954 -2.7609 -2.3892
X -0.8449  0.4287  0.3199
Y -0.2793 -0.8636  0.4198
Z  0.4562  0.2653  0.8494

PART 50
OFFSET  1.1230 -7.9455 -6.2575
X -0.9342 -0.2787 -0.2225
Y  0.3566 -0.7436 -0.5656
Z -0.0078 -0.6077  0.7941

PART 51
OFFSET  9.0691 -5.5747 -4.3653
X -0.9342 -0.2787 -0.2225
Y  0.2611 -0.1097 -0.9590
Z  0.2429 -0.9541  0.1753

PART 52
OFFSET  10.2786 -3.8531 -5.1383
X -0.9363 -0.2725 -0.2215
Y  0.0054  0.6195 -0.7850
Z  0.3511 -0.7362 -0.5786

PART 53
OFFSET  10.0473 -3.4537 -3.3360
X -0.9363 -0.2725 -0.2215
Y  0.0054  0.6195 -0.7850
Z  0.3511 -0.7362 -0.5786

PART 54
OFFSET  10.2119 -4.8651 -2.2151
X -0.9363 -0.2725 -0.2215
Y  0.0054  0.6195 -0.7850
Z  0.3511 -0.7362 -0.5786

PART 55
OFFSET  11.9332 -4.7201 -3.6833
X -0.9858 -0.0319 -0.1648
Y  0.1669 -0.0821 -0.9826
Z  0.0178 -0.9961  0.0863

PART 56
OFFSET  12.2083 -4.2175 -2.6964
X -0.5660 -0.8061 -0.1727
Y  0.7174 -0.3783 -0.5850
Z  0.4063 -0.4550  0.7924

PART 57
OFFSET  13.3354 -2.4148 -2.3095
X -0.9555 -0.2944  0.0196
Y  0.2520 -0.8487 -0.4650
Z  0.1536 -0.4394  0.8851

PART 58
OFFSET  14.8757 -1.9409 -2.4680
X -0.8812  0.2173  0.4199
Y -0.3724 -0.8662 -0.3332
Z  0.2913 -0.4500  0.8442

PART 59
OFFSET  15.8216 -2.1406 -2.9551
X -0.9143  0.2710 -0.3009
Y  0.3990  0.4755 -0.7840
Z -0.0693 -0.8369 -0.5429

PART 60
OFFSET  12.9425 -4.5798 -4.6134
X -0.9028 -0.0221  0.4295
Y  0.0820 -0.9892  0.1215
Z  0.4222  0.1450  0.8948

PART 61
OFFSET  15.0223 -4.3877 -5.4631
X -0.3354 -0.9186 -0.2092
Y  0.9344 -0.2960 -0.1983
Z  0.1203 -0.2619  0.9576

PART 62
OFFSET  15.4972 -3.0872 -5.1670
X  0.4526 -0.8385 -0.3035
Y  0.8881  0.4545  0.0687
Z  0.0803 -0.3007  0.9503

PART 63
OFFSET  15.0959 -2.3438 -4.8979
X  0.9793 -0.1111 -0.1691
Y  0.1504  0.9587  0.2416
Z  0.1353 -0.2620  0.9555

PART 64
OFFSET  14.1655 -2.2383 -4.7372
X -0.8630 -0.4790 -0.1605
Y -0.4995  0.7621  0.4119
Z -0.0750  0.4357 -0.8970

PART 65
OFFSET  13.0509 -4.6573 -3.9121
X -0.9893 -0.0111  0.1455
Y  0.0307 -0.9907  0.1327
Z  0.1426  0.1358  0.9804

PART 66
OFFSET  15.5980 -4.6704 -4.4324
X -0.1908 -0.9813  0.0262
Y  0.9532 -0.1916 -0.2339
Z  0.2345 -0.0197  0.9719

PART 67
OFFSET  15.9229 -2.9998 -4.4770
X  0.7104 -0.6771 -0.1921
Y  0.6681  0.7346 -0.1186
Z  0.2214 -0.0441  0.9742

PART 68
OFFSET  14.9383 -2.0614 -4.2108
X  0.9623  0.1772 -0.2064
Y -0.1645  0.9834  0.0770
Z  0.2166 -0.0401  0.9754

PART 69
OFFSET  13.8947 -2.2535 -3.9869
X -0.6838 -0.7089  0.1731
Y -0.6955  0.7049  0.1394
Z -0.2208 -0.0251 -0.9750

PART 70
OFFSET  7.6987 -5.3173 -3.4919
X -0.9549 -0.2911  0.0590
Y -0.2969  0.9399 -0.1688
Z -0.0063 -0.1787 -0.9839

PART 71
OFFSET  15.6553 -4.9041 -2.2682
X -0.9103 -0.2893  0.2960
Y  0.2996 -0.9540 -0.0112
Z  0.2856  0.0784  0.9551

PART 72
OFFSET  17.2580 -4.3946 -2.7893
X -0.6227 -0.7310  0.2791
Y  0.7332 -0.6697 -0.1181
Z  0.2732  0.1311  0.9530

PART 73
OFFSET  18.0316 -3.4980 -3.0707
X -0.2413 -0.9621  0.1267
Y  0.9393 -0.2644 -0.2186
Z  0.2439  0.0663  0.9675

PART 74
OFFSET  18.3042 -2.4113 -3.2138
X -0.7008  0.5705  0.4283
Y  0.4763  0.8211 -0.3145
Z -0.5311 -0.0164 -0.8472

PART 75
OFFSET  15.7280 -4.8179 -3.3672
X -0.0979 -0.9923  0.0758
Y  0.9909 -0.1043 -0.0851
Z  0.0923  0.0668  0.9935

PART 76
OFFSET  15.9193 -2.8794 -3.5153
X  0.8109 -0.5843 -0.0314
Y  0.5741  0.8048 -0.1504
Z  0.1132  0.1039  0.9881

PART 77
OFFSET  14.7349 -2.0259 -3.4695
X  0.9880  0.0752 -0.1349
Y -0.0954  0.9840 -0.1504
Z  0.1215  0.1615  0.9794

PART 78
OFFSET  13.6150 -2.1115 -3.3237
X -0.7044 -0.6965  0.1369
Y -0.6980  0.7147  0.0448
Z -0.1291 -0.0640 -0.9896

PART 79
OFFSET  0.0000 -0.0000 -0.0000
X  1.0000 -0.0000  0.0000
Y  0.0000  1.0000  0.0000
Z  0.0000 -0.0000  1.0000

PART 80
OFFSET  0.0000 -0.0000 -0.0000
X  1.0000 -0.0000  0.0000
Y  0.0000  1.0000  0.0000
Z  0.0000 -0.0000  1.0000

PART 81
OFFSET  1.5404 -0.0000  4.1357
X  1.0000 -0.0000  0.0000
Y  0.0000  1.0000  0.0000
Z  0.0000 -0.0000  1.0000


FRAME 52
PART 0
OFFSET -4.6318 -0.0000 -1.3770
X  1.0000 -0.0000  0.0000
Y  0.0000  1.0000  0.0000
Z  0.0000 -0.0000  1.0000

PART 1
OFFSET -1.9111 -0.4487 -1.8207
X  1.0000 -0.0000  0.0000
Y  0.0000  1.0000  0.0000
Z  0.0000 -0.0000  1.0000

PART 2
OFFSET -1.7776  7.8010 -3.1869
X  0.9155 -0.0908 -0.3918
Y -0.3251 -0.7407 -0.5879
Z -0.2369  0.6657 -0.7077

PART 3
OFFSET  9.2950  6.7031 -7.9257
X  0.2424 -0.9464  0.2134
Y -0.8837 -0.1246  0.4512
Z -0.4004 -0.2980 -0.8665

PART 4
OFFSET  11.3568 -1.3465 -6.1106
X  0.2424 -0.9464  0.2134
Y -0.9210 -0.2936 -0.2561
Z  0.3051 -0.1344 -0.9428

PART 5
OFFSET  13.0488 -2.2001 -5.2742
X  0.2488 -0.9448  0.2131
Y  0.4123  0.3024  0.8594
Z -0.8764 -0.1259  0.4647

PART 6
OFFSET  12.4198 -2.3675 -7.0935
X  0.2488 -0.9448  0.2131
Y  0.4123  0.3024  0.8594
Z -0.8764 -0.1259  0.4647

PART 7
OFFSET  10.8918 -3.0683 -4.2154
X  0.2488 -0.9448  0.2131
Y  0.4123  0.3024  0.8594
Z -0.8764 -0.1259  0.4647

PART 8
OFFSET  10.2435 -3.3765 -5.3143
X  0.2488 -0.9448  0.2131
Y  0.4123  0.3024  0.8594
Z -0.8764 -0.1259  0.4647

PART 9
OFFSET  10.5935 -3.1408 -6.4620
X  0.2488 -0.9448  0.2131
Y  0.4123  0.3024  0.8594
Z -0.8764 -0.1259  0.4647

PART 10
OFFSET  12.0999 -4.2479 -5.4564
X -0.0757 -0.8693  0.4885
Y -0.9402 -0.1009 -0.3253
Z  0.3321 -0.4839 -0.8097

PART 11
OFFSET  11.2949 -4.9350 -5.8831
X -0.4237 -0.8602 -0.2839
Y -0.7997  0.5024 -0.3288
Z  0.4255  0.0877 -0.9007

PART 12
OFFSET  10.3245 -6.7362 -6.5787
X  0.2224 -0.9307  0.2906
Y -0.7868 -0.3473 -0.5102
Z  0.5757 -0.1152 -0.8095

PART 13
OFFSET  10.7950 -8.2308 -6.1698
X  0.5978 -0.7210  0.3503
Y -0.6332 -0.6927 -0.3452
Z  0.4916 -0.0155 -0.8707

PART 14
OFFSET  11.4532 -9.0230 -5.8367
X -0.0050 -0.6651  0.7468
Y -0.5291  0.6354  0.5624
Z -0.8485 -0.3923 -0.3551

PART 15
OFFSET  13.1097 -4.9733 -4.8584
X  0.3814 -0.7393  0.5550
Y  0.3523 -0.4389 -0.8266
Z  0.8547  0.5107  0.0931

PART 16
OFFSET  13.8853 -6.7626 -3.7263
X  0.0190 -0.8257 -0.5639
Y -0.1452  0.5557 -0.8186
Z  0.9892  0.0974 -0.1094

PART 17
OFFSET  13.9122 -7.9315 -4.5246
X -0.1198  0.0546 -0.9913
Y -0.0353  0.9976  0.0592
Z  0.9922  0.0421 -0.1176

PART 18
OFFSET  13.8060 -7.8831 -5.4035
X -0.1501  0.7422 -0.6531
Y  0.0069  0.6614  0.7500
Z  0.9886  0.1081 -0.1044

PART 19
OFFSET  13.6633 -7.1780 -6.0240
X -0.0325 -0.9985  0.0438
Y  0.2268  0.0354  0.9733
Z -0.9734  0.0416  0.2253

PART 20
OFFSET  12.4219 -5.1640 -4.8541
X  0.2187 -0.7992  0.5599
Y  0.3745 -0.4611 -0.8045
Z  0.9011  0.3856  0.1985

PART 21
OFFSET  13.0034 -7.2125 -3.3629
X  0.1635 -0.7743 -0.6114
Y -0.2023  0.5802 -0.7889
Z  0.9656  0.2527 -0.0618

PART 22
OFFSET  13.2817 -8.5307 -4.4038
X -0.1543  0.3703 -0.9160
Y -0.1816  0.9007  0.3947
Z  0.9712  0.2272 -0.0717

PART 23
OFFSET  13.0679 -8.0176 -5.6733
X -0.2338  0.9200 -0.3145
Y -0.0097  0.3212  0.9470
Z  0.9722  0.2245 -0.0662

PART 24
OFFSET  12.8143 -7.0198 -6.0143
X  0.2450 -0.9262 -0.2865
Y  0.0843 -0.2741  0.9580
Z -0.9659 -0.2588  0.0109

PART 25
OFFSET  10.5517 -7.3473 -4.9011
X  0.2029 -0.9329  0.2974
Y -0.3762  0.2061  0.9033
Z -0.9040 -0.2952 -0.3092

PART 26
OFFSET  10.9724 -7.5314 -3.4975
X  0.2917 -0.7976 -0.5280
Y  0.0304  0.5594 -0.8283
Z  0.9560  0.2256  0.1874

PART 27
OFFSET  11.4860 -8.9357 -4.4271
X  0.1685  0.3626 -0.9166
Y -0.2308  0.9185  0.3209
Z  0.9583  0.1575  0.2384

PART 28
OFFSET  11.6326 -8.5045 -5.5559
X -0.1111  0.9035 -0.4138
Y -0.2461  0.3784  0.8923
Z  0.9629  0.2010  0.1804

PART 29
OFFSET  11.5071 -7.4839 -6.0233
X  0.5292 -0.5792 -0.6201
Y -0.0974 -0.7674  0.6337
Z -0.8429 -0.2749 -0.4625

PART 30
OFFSET  12.0600 -7.4161 -3.3419
X  0.1811 -0.7387 -0.6493
Y -0.0610  0.6505 -0.7571
Z  0.9816  0.1767  0.0727

PART 31
OFFSET  12.4138 -8.8591 -4.6104
X -0.0168  0.4418 -0.8970
Y -0.2327  0.8707  0.4332
Z  0.9724  0.2160  0.0881

PART 32
OFFSET  12.3892 -8.2138 -5.9205
X -0.2163  0.9508 -0.2219
Y -0.1833  0.1837  0.9658
Z  0.9590  0.2496  0.1345

PART 33
OFFSET  12.1511 -7.1353 -6.1715
X  0.2216 -0.8623 -0.4553
Y  0.0705 -0.4515  0.8895
Z -0.9726 -0.2292 -0.0393

PART 34
OFFSET  12.9074 -7.2878 -5.1907
X  0.9058  0.4030  0.1306
Y -0.3321  0.4839  0.8097
Z  0.2631 -0.7768  0.5722

PART 35
OFFSET  16.7683 -3.1838 -2.1031
X  0.9973  0.0510 -0.0532
Y -0.0489  0.9980  0.0400
Z  0.0551 -0.0373  0.9978

PART 36
OFFSET  16.7683 -3.1838 -2.1031
X  0.9973  0.0510 -0.0532
Y -0.0489  0.9980  0.0400
Z  0.0551 -0.0373  0.9978

PART 37
OFFSET  20.0438 -2.8792 -1.9271
X  0.9973  0.0510 -0.0532
Y -0.0489  0.9980  0.0400
Z  0.0551 -0.0373  0.9978

PART 38
OFFSET  18.3016 -3.1713 -0.5406
X  0.9973  0.0510 -0.0532
Y -0.0489  0.9980  0.0400
Z  0.0551 -0.0373  0.9978

PART 39
OFFSET -31.3044 -3.9743  5.8524
X  0.9942  0.0525 -0.0939
Y -0.0489  0.9980  0.0400
Z  0.0958 -0.0352  0.9948

PART 40
OFFSET  18.2410 -3.1496 -1.1626
X  0.9959  0.0518 -0.0736
Y -0.0489  0.9980  0.0400
Z  0.0755 -0.0362  0.9965

PART 41
OFFSET  18.2391 -2.6256 -0.8375
X  0.9959  0.0518 -0.0736
Y -0.0489  0.9980  0.0400
Z  0.0755 -0.0362  0.9965

PART 42
OFFSET  18.2894 -2.6421 -0.2057
X  0.9959  0.0518 -0.0736
Y -0.0489  0.9980  0.0400
Z  0.0755 -0.0362  0.9965

PART 43
OFFSET  18.3410 -3.1943  0.0824
X  0.9959  0.0518 -0.0736
Y -0.0489  0.9980  0.0400
Z  0.0755 -0.0362  0.9965

PART 44
OFFSET  18.3430 -3.7202 -0.2454
X  0.9959  0.0518 -0.0736
Y -0.0489  0.9980  0.0400
Z  0.0755 -0.0362  0.9965

PART 45
OFFSET  18.2931 -3.6960 -0.8652
X  0.9959  0.0518 -0.0736
Y -0.0489  0.9980  0.0400
Z  0.0755 -0.0362  0.9965

PART 46
OFFSET -28.8454 -3.8593  5.6145
X  0.9942  0.0525 -0.0939
Y -0.0489  0.9980  0.0400
Z  0.0958 -0.0352  0.9948

PART 47
OFFSET  16.7107 -3.0512 -0.8918
X  0.9973  0.0510 -0.0532
Y -0.0489  0.9980  0.0400
Z  0.0551 -0.0373  0.9978

PART 48
OFFSET  15.2876 -6.5771 -8.4035
X  0.9642  0.1788  0.1957
Y -0.1982  0.9765  0.0845
Z -0.1760 -0.1203  0.9770

PART 49
OFFSET -9.0954 -2.7609 -2.3892
X -0.8466  0.4400  0.2993
Y -0.3011 -0.8598  0.4124
Z  0.4388  0.2590  0.8604

PART 50
OFFSET  1.1437 -8.0825 -6.0090
X -0.9290 -0.2725 -0.2502
Y  0.3683 -0.7459 -0.5549
Z -0.0354 -0.6077  0.7934

PART 51
OFFSET  9.0455 -5.7644 -3.8808
X -0.9290 -0.2725 -0.2502
Y  0.2783 -0.0690 -0.9580
Z  0.2438 -0.9597  0.1399

PART 52
OFFSET  10.2889 -4.0509 -4.6171
X -0.9311 -0.2663 -0.2493
Y  0.0328  0.6195 -0.7843
Z  0.3633 -0.7384 -0.5681

PART 53
OFFSET  10.0067 -3.6501 -2.8223
X -0.9311 -0.2663 -0.2493
Y  0.0328  0.6195 -0.7843
Z  0.3633 -0.7384 -0.5681

PART 54
OFFSET  10.1285 -5.0626 -1.6973
X -0.9311 -0.2663 -0.2493
Y  0.0328  0.6195 -0.7843
Z  0.3633 -0.7384 -0.5681

PART 55
OFFSET  11.8937 -4.9289 -3.1137
X -0.9898 -0.0633 -0.1277
Y  0.1309 -0.0497 -0.9901
Z  0.0563 -0.9968  0.0575

PART 56
OFFSET  12.1894 -4.4432 -2.1243
X -0.5435 -0.8213 -0.1735
Y  0.7068 -0.3362 -0.6225
Z  0.4529 -0.4610  0.7632

PART 57
OFFSET  13.2666 -2.6118 -1.7302
X -0.9430 -0.3294  0.0479
Y  0.2633 -0.8262 -0.4981
Z  0.2036 -0.4571  0.8658

PART 58
OFFSET  14.7818 -2.0782 -1.9342
X -0.8711  0.1738  0.4593
Y -0.3544 -0.8699 -0.3429
Z  0.3399 -0.4615  0.8194

PART 59
OFFSET  15.7143 -2.2303 -2.4625
X -0.9344  0.2455 -0.2580
Y  0.3509  0.5105 -0.7850
Z -0.0610 -0.8241 -0.5632

PART 60
OFFSET  12.8601 -4.7272 -4.0775
X -0.8839 -0.0664  0.4630
Y  0.1216 -0.9885  0.0904
Z  0.4517  0.1362  0.8817

PART 61
OFFSET  14.8968 -4.4370 -5.0004
X -0.3108 -0.9242 -0.2219
Y  0.9357 -0.2565 -0.2422
Z  0.1669 -0.2829  0.9445

PART 62
OFFSET  15.3368 -3.1285 -4.6862
X  0.4696 -0.8130 -0.3441
Y  0.8735  0.4845  0.0475
Z  0.1281 -0.3229  0.9377

PART 63
OFFSET  14.9204 -2.4076 -4.3811
X  0.9752 -0.0708 -0.2096
Y  0.1259  0.9567  0.2625
Z  0.1819 -0.2824  0.9419

PART 64
OFFSET  13.9939 -2.3403 -4.1820
X -0.8513 -0.5055 -0.1407
Y -0.5095  0.7321  0.4521
Z -0.1255  0.4565 -0.8808

PART 65
OFFSET  12.9986 -4.8194 -3.3833
X -0.9818 -0.0510  0.1829
Y  0.0708 -0.9921  0.1035
Z  0.1762  0.1145  0.9777

PART 66
OFFSET  15.5222 -4.7261 -4.0009
X -0.1549 -0.9879  0.0058
Y  0.9494 -0.1505 -0.2755
Z  0.2730 -0.0371  0.9613

PART 67
OFFSET  15.7859 -3.0441 -4.0108
X  0.7258 -0.6454 -0.2381
Y  0.6366  0.7613 -0.1233
Z  0.2609 -0.0621  0.9634

PART 68
OFFSET  14.7801 -2.1496 -3.6808
X  0.9466  0.2175 -0.2380
Y -0.1960  0.9743  0.1109
Z  0.2560 -0.0583  0.9649

PART 69
OFFSET  13.7535 -2.3855 -3.4226
X -0.6510 -0.7376  0.1791
Y -0.7139  0.6752  0.1857
Z -0.2579 -0.0070 -0.9661

PART 70
OFFSET  7.6937 -5.6845 -2.7772
X -0.9410 -0.3271  0.0873
Y -0.3363  0.9326 -0.1307
Z -0.0387 -0.1524 -0.9876

PART 71
OFFSET  15.6726 -5.0154 -1.8479
X -0.9003 -0.3465  0.2634
Y  0.3449 -0.9371 -0.0538
Z  0.2655  0.0424  0.9632

PART 72
OFFSET  17.2577 -4.4053 -2.3117
X -0.6644 -0.7071  0.2422
Y  0.7041 -0.7008 -0.1144
Z  0.2506  0.0945  0.9635

PART 73
OFFSET  18.0806 -3.5400 -2.5477
X -0.3790 -0.9184  0.1136
Y  0.8994 -0.3944 -0.1884
Z  0.2178  0.0308  0.9755

PART 74
OFFSET  18.5086 -2.5026 -2.6760
X -0.6273  0.6637  0.4075
Y  0.5979  0.7457 -0.2942
Z -0.4991  0.0591 -0.8646

PART 75
OFFSET  15.6990 -4.8972 -2.9460
X -0.0598 -0.9969  0.0516
Y  0.9899 -0.0659 -0.1259
Z  0.1289  0.0435  0.9907

PART 76
OFFSET  15.8159 -2.9498 -3.0467
X  0.8291 -0.5534 -0.0789
Y  0.5390  0.8289 -0.1496
Z  0.1482  0.0815  0.9856

PART 77
OFFSET  14.6048 -2.1414 -2.9315
X  0.9787  0.1146 -0.1705
Y -0.1359  0.9836 -0.1189
Z  0.1541  0.1395  0.9782

PART 78
OFFSET  13.4952 -2.2715 -2.7454
X -0.6735 -0.7250  0.1441
Y -0.7204  0.6874  0.0916
Z -0.1655 -0.0421 -0.9853

PART 79
OFFSET  0.0000 -0.0000 -0.0000
X  1.0000 -0.0000  0.0000
Y  0.0000  1.0000  0.0000
Z  0.0000 -0.0000  1.0000

PART 80
OFFSET  0.0000 -0.0000 -0.0000
X  1.0000 -0.0000  0.0000
Y  0.0000  1.0000  0.0000
Z  0.0000 -0.0000  1.0000

PART 81
OFFSET  1.5404 -0.0000  4.1357
X  1.0000 -0.0000  0.0000
Y  0.0000  1.0000  0.0000
Z  0.0000 -0.0000  1.0000


FRAME 53
PART 0
OFFSET -4.6318 -0.0000 -1.3770
X  1.0000 -0.0000  0.0000
Y  0.0000  1.0000  0.0000
Z  0.0000 -0.0000  1.0000

PART 1
OFFSET -1.9111 -0.4487 -1.8207
X  1.0000 -0.0000  0.0000
Y  0.0000  1.0000  0.0000
Z  0.0000 -0.0000  1.0000

PART 2
OFFSET -1.7776  7.8010 -3.1869
X  0.9086 -0.0036 -0.4177
Y -0.2814 -0.7444 -0.6055
Z -0.3088  0.6677 -0.6774

PART 3
OFFSET  9.2105  7.7573 -8.2389
X  0.2287 -0.9477  0.2228
Y -0.8878 -0.1091  0.4472
Z -0.3995 -0.3001 -0.8662

PART 4
OFFSET  11.1556 -0.3029 -6.3435
X  0.2287 -0.9477  0.2228
Y -0.9311 -0.2797 -0.2341
Z  0.2842 -0.1540 -0.9463

PART 5
OFFSET  12.8315 -1.1714 -5.4902
X  0.2351 -0.9462  0.2226
Y  0.4114  0.3043  0.8591
Z -0.8806 -0.1104  0.4608

PART 6
OFFSET  12.2105 -1.3462 -7.3116
X  0.2351 -0.9462  0.2226
Y  0.4114  0.3043  0.8591
Z -0.8806 -0.1104  0.4608

PART 7
OFFSET  10.6573 -2.0021 -4.4363
X  0.2351 -0.9462  0.2226
Y  0.4114  0.3043  0.8591
Z -0.8806 -0.1104  0.4608

PART 8
OFFSET  10.0112 -2.3111 -5.5362
X  0.2351 -0.9462  0.2226
Y  0.4114  0.3043  0.8591
Z -0.8806 -0.1104  0.4608

PART 9
OFFSET  10.3706 -2.0899 -6.6839
X  0.2351 -0.9462  0.2226
Y  0.4114  0.3043  0.8591
Z -0.8806 -0.1104  0.4608

PART 10
OFFSET  11.8567 -3.2081 -5.6603
X  0.0691 -0.9216  0.3820
Y -0.9538 -0.1732 -0.2454
Z  0.2923 -0.3475 -0.8910

PART 11
OFFSET  11.0873 -3.9324 -6.0911
X -0.3588 -0.8665 -0.3470
Y -0.8790  0.4387 -0.1865
Z  0.3139  0.2381 -0.9191

PART 12
OFFSET  10.2427 -5.7453 -6.9097
X  0.3487 -0.9252  0.1500
Y -0.7967 -0.3769 -0.4724
Z  0.4936  0.0452 -0.8685

PART 13
OFFSET  10.9084 -7.2113 -6.7366
X  0.7053 -0.6801  0.2001
Y -0.5897 -0.7195 -0.3668
Z  0.3934  0.1407 -0.9085

PART 14
OFFSET  11.6791 -7.9525 -6.5681
X  0.1464 -0.7407  0.6557
Y -0.5296  0.5012  0.6843
Z -0.8355 -0.4475 -0.3189

PART 15
OFFSET  12.9955 -3.8727 -5.2544
X  0.5144 -0.7472  0.4208
Y  0.3057 -0.2987 -0.9041
Z  0.8012  0.5937  0.0747

PART 16
OFFSET  14.0721 -5.6746 -4.4306
X  0.0452 -0.7493 -0.6606
Y -0.2896  0.6231 -0.7266
Z  0.9561  0.2241 -0.1888

PART 17
OFFSET  14.1361 -6.7355 -5.3659
X -0.2301  0.1498 -0.9616
Y -0.1337  0.9738  0.1837
Z  0.9639  0.1708 -0.2040

PART 18
OFFSET  13.9321 -6.6027 -6.2185
X -0.2964  0.7871 -0.5409
Y  0.0171  0.5707  0.8210
Z  0.9549  0.2341 -0.1826

PART 19
OFFSET  13.6505 -5.8549 -6.7324
X  0.0778 -0.9941 -0.0752
Y  0.3243 -0.0461  0.9448
Z -0.9427 -0.0979  0.3188

PART 20
OFFSET  12.3360 -4.1420 -5.2090
X  0.3604 -0.8259  0.4336
Y  0.3324 -0.3206 -0.8870
Z  0.8716  0.4638  0.1590

PART 21
OFFSET  13.2866 -6.2629 -4.0443
X  0.1776 -0.6763 -0.7149
Y -0.3457  0.6372 -0.6888
Z  0.9214  0.3694 -0.1206

PART 22
OFFSET  13.5890 -7.4144 -5.2613
X -0.2894  0.4488 -0.8455
Y -0.2324  0.8239  0.5169
Z  0.9286  0.3461 -0.1341

PART 23
OFFSET  13.1879 -6.7923 -6.4331
X -0.3619  0.9153 -0.1770
Y  0.0574  0.2114  0.9757
Z  0.9305  0.3429 -0.1291

PART 24
OFFSET  12.7954 -5.7997 -6.6250
X  0.3095 -0.8538 -0.4187
Y  0.2144 -0.3664  0.9054
Z -0.9264 -0.3700  0.0697

PART 25
OFFSET  10.7117 -6.5102 -5.3498
X  0.3307 -0.9302  0.1592
Y -0.2966  0.0576  0.9532
Z -0.8959 -0.3625 -0.2569

PART 26
OFFSET  11.2977 -6.8005 -4.0256
X  0.3156 -0.6934 -0.6477
Y -0.1177  0.6487 -0.7518
Z  0.9416  0.3136  0.1231

PART 27
OFFSET  11.8534 -8.0213 -5.1661
X  0.0304  0.4794 -0.8771
Y -0.2904  0.8439  0.4511
Z  0.9564  0.2410  0.1649

PART 28
OFFSET  11.8323 -7.4532 -6.2424
X -0.2487  0.9243 -0.2894
Y -0.1881  0.2470  0.9506
Z  0.9501  0.2909  0.1124

PART 29
OFFSET  11.5514 -6.4092 -6.5692
X  0.5180 -0.4421 -0.7323
Y  0.0517 -0.8384  0.5426
Z -0.8538 -0.3189 -0.4114

PART 30
OFFSET  12.3776 -6.5767 -3.9600
X  0.1871 -0.6348 -0.7497
Y -0.2100  0.7197 -0.6618
Z  0.9596  0.2813  0.0013

PART 31
OFFSET  12.7431 -7.8168 -5.4245
X -0.1591  0.5337 -0.8306
Y -0.2754  0.7839  0.5564
Z  0.9481  0.3173  0.0223

PART 32
OFFSET  12.5108 -7.0373 -6.6377
X -0.3376  0.9376 -0.0829
Y -0.0974  0.0528  0.9938
Z  0.9362  0.3436  0.0735

PART 33
OFFSET  12.1351 -5.9730 -6.7318
X  0.2612 -0.7747 -0.5759
Y  0.2122 -0.5359  0.8172
Z -0.9417 -0.3357  0.0244

PART 34
OFFSET  13.0033 -6.1428 -5.8501
X  0.8672  0.4892  0.0937
Y -0.2923  0.3475  0.8910
Z  0.4033 -0.8000  0.4443

PART 35
OFFSET  16.6796 -3.2859 -1.5679
X  0.9898  0.1005 -0.1013
Y -0.0928  0.9926  0.0781
Z  0.1084 -0.0679  0.9918

PART 36
OFFSET  16.6796 -3.2859 -1.5679
X  0.9898  0.1005 -0.1013
Y -0.0928  0.9926  0.0781
Z  0.1084 -0.0679  0.9918

PART 37
OFFSET  19.9422 -2.8307 -1.5456
X  0.9898  0.1005 -0.1013
Y -0.0928  0.9926  0.0781
Z  0.1084 -0.0679  0.9918

PART 38
OFFSET  18.2895 -3.2520 -0.0848
X  0.9898  0.1005 -0.1013
Y -0.0928  0.9926  0.0781
Z  0.1084 -0.0679  0.9918

PART 39
OFFSET -30.8289 -6.6454  8.7551
X  0.9845  0.1032 -0.1417
Y -0.0928  0.9926  0.0781
Z  0.1487 -0.0637  0.9868

PART 40
OFFSET  18.1958 -3.2126 -0.7018
X  0.9873  0.1019 -0.1215
Y -0.0928  0.9926  0.0781
Z  0.1286 -0.0658  0.9895

PART 41
OFFSET  18.1865 -2.7003 -0.3584
X  0.9873  0.1019 -0.1215
Y -0.0928  0.9926  0.0781
Z  0.1286 -0.0658  0.9895

PART 42
OFFSET  18.2702 -2.7355  0.2690
X  0.9873  0.1019 -0.1215
Y -0.0928  0.9926  0.0781
Z  0.1286 -0.0658  0.9895

PART 43
OFFSET  18.3621 -3.2940  0.5342
X  0.9873  0.1019 -0.1215
Y -0.0928  0.9926  0.0781
Z  0.1286 -0.0658  0.9895

PART 44
OFFSET  18.3713 -3.8079  0.1881
X  0.9873  0.1019 -0.1215
Y -0.0928  0.9926  0.0781
Z  0.1286 -0.0658  0.9895

PART 45
OFFSET  18.2884 -3.7654 -0.4271
X  0.9873  0.1019 -0.1215
Y -0.0928  0.9926  0.0781
Z  0.1286 -0.0658  0.9895

PART 46
OFFSET -28.3934 -6.4048  8.3984
X  0.9845  0.1032 -0.1417
Y -0.0928  0.9926  0.0781
Z  0.1487 -0.0637  0.9868

PART 47
OFFSET  16.6787 -3.1967 -0.3512
X  0.9898  0.1005 -0.1013
Y -0.0928  0.9926  0.0781
Z  0.1084 -0.0679  0.9918

PART 48
OFFSET  14.9368 -4.8011 -9.1599
X  0.9555  0.2674  0.1248
Y -0.2896  0.9308  0.2230
Z -0.0565 -0.2492  0.9668

PART 49
OFFSET -9.0954 -2.7609 -2.3892
X -0.8486  0.4539  0.2716
Y -0.3285 -0.8547  0.4019
Z  0.4146  0.2518  0.8745

PART 50
OFFSET  1.1679 -8.2503 -5.6744
X -0.9227 -0.2612 -0.2835
Y  0.3788 -0.7506 -0.5415
Z -0.0713 -0.6070  0.7915

PART 51
OFFSET  9.0161 -6.0288 -3.2635
X -0.9227 -0.2612 -0.2835
Y  0.2973 -0.0140 -0.9547
Z  0.2454 -0.9652  0.0906

PART 52
OFFSET  10.3060 -4.3308 -3.9544
X -0.9247 -0.2549 -0.2826
Y  0.0686  0.6188 -0.7825
Z  0.3744 -0.7430 -0.5548

PART 53
OFFSET  9.9646 -3.9261 -2.1709
X -0.9247 -0.2549 -0.2826
Y  0.0686  0.6188 -0.7825
Z  0.3744 -0.7430 -0.5548

PART 54
OFFSET  10.0285 -5.3396 -1.0425
X -0.9247 -0.2549 -0.2826
Y  0.0686  0.6188 -0.7825
Z  0.3744 -0.7430 -0.5548

PART 55
OFFSET  11.8449 -5.2281 -2.3945
X -0.9911 -0.1064 -0.0801
Y  0.0817 -0.0103 -0.9966
Z  0.1052 -0.9943  0.0189

PART 56
OFFSET  12.1688 -4.7621 -1.4045
X -0.5133 -0.8401 -0.1753
Y  0.6883 -0.2810 -0.6687
Z  0.5126 -0.4639  0.7225

PART 57
OFFSET  13.1791 -2.8952 -0.9997
X -0.9230 -0.3756  0.0833
Y  0.2750 -0.7956 -0.5399
Z  0.2690 -0.4754  0.8376

PART 58
OFFSET  14.6555 -2.2831 -1.2601
X -0.8532  0.1164  0.5083
Y -0.3311 -0.8740 -0.3556
Z  0.4029 -0.4718  0.7843

PART 59
OFFSET  15.5654 -2.3726 -1.8397
X -0.9569  0.2089 -0.2018
Y  0.2858  0.5527 -0.7829
Z -0.0520 -0.8068 -0.5885

PART 60
OFFSET  12.7498 -4.9482 -3.3977
X -0.8547 -0.1241  0.5041
Y  0.1716 -0.9840  0.0488
Z  0.4899  0.1282  0.8623

PART 61
OFFSET  14.7204 -4.5300 -4.4107
X -0.2788 -0.9301 -0.2390
Y  0.9328 -0.2031 -0.2979
Z  0.2285 -0.3060  0.9242

PART 62
OFFSET  15.1152 -3.2132 -4.0723
X  0.4882 -0.7776 -0.3961
Y  0.8515  0.5240  0.0209
Z  0.1913 -0.3475  0.9180

PART 63
OFFSET  14.6823 -2.5237 -3.7211
X  0.9653 -0.0170 -0.2606
Y  0.0950  0.9523  0.2899
Z  0.2433 -0.3046  0.9209

PART 64
OFFSET  13.7652 -2.5076 -3.4735
X -0.8331 -0.5408 -0.1158
Y -0.5187  0.6914  0.5029
Z -0.1919  0.4791 -0.8565

PART 65
OFFSET  12.9282 -5.0568 -2.7151
X -0.9676 -0.1040  0.2299
Y  0.1218 -0.9905  0.0643
Z  0.2211  0.0902  0.9711

PART 66
OFFSET  15.4094 -4.8220 -3.4547
X -0.1086 -0.9938 -0.0217
Y  0.9398 -0.0956 -0.3280
Z  0.3239 -0.0561  0.9444

PART 67
OFFSET  15.5943 -3.1299 -3.4177
X  0.7415 -0.6016 -0.2971
Y  0.5935  0.7946 -0.1278
Z  0.3130 -0.0816  0.9462

PART 68
OFFSET  14.5667 -2.2962 -3.0059
X  0.9219  0.2704 -0.2773
Y -0.2347  0.9596  0.1554
Z  0.3081 -0.0781  0.9481

PART 69
OFFSET  13.5668 -2.5895 -2.7052
X -0.6061 -0.7735  0.1851
Y -0.7337  0.6336  0.2453
Z -0.3070  0.0129 -0.9516

PART 70
OFFSET  7.7073 -6.1949 -1.8750
X -0.9191 -0.3745  0.1226
Y -0.3853  0.9193 -0.0803
Z -0.0827 -0.1210 -0.9892

PART 71
OFFSET  15.6843 -5.1754 -1.3237
