// Export filename: `C:\projects\cod\t5\xanim_export\t5_viewmodels\python\python_flashlight_idle.XANIM_EXPORT`
// Source filename: `D:\projects\devanim\t5\animation_assets\viewmodels/python/flashlight/ViewModel_python_flashlight_animated.fbx`
// Export time: Sat Apr 17 20:10:59 2010

ANIMATION
VERSION 3

NUMPARTS 82
PART 0 "tag_ads"
PART 1 "tag_torso"
PART 2 "J_Shoulder_LE"
PART 3 "J_Elbow_LE"
PART 4 "J_WristTwist_LE"
PART 5 "J_Sleave_Reshape_Bottom_LE_1"
PART 6 "J_Sleave_Reshape_Bottom_LE_2"
PART 7 "J_Sleave_Reshape_Top_LE_1"
PART 8 "J_Sleave_Reshape_Top_LE_2"
PART 9 "J_Sleave_Reshape_Top_LE_3"
PART 10 "J_Wrist_LE"
PART 11 "J_Thumb_LE_0"
PART 12 "J_Thumb_LE_1"
PART 13 "J_Thumb_LE_2"
PART 14 "J_Thumb_LE_3"
PART 15 "J_PinkyPalm_LE"
PART 16 "J_Pinky_LE_0"
PART 17 "J_Pinky_LE_1"
PART 18 "J_Pinky_LE_2"
PART 19 "J_Pinky_LE_3"
PART 20 "J_RingPalm_LE"
PART 21 "J_Ring_LE_0"
PART 22 "J_Ring_LE_1"
PART 23 "J_Ring_LE_2"
PART 24 "J_Ring_LE_3"
PART 25 "J_Webbing_LE"
PART 26 "J_Index_LE_0"
PART 27 "J_Index_LE_1"
PART 28 "J_Index_LE_2"
PART 29 "J_Index_LE_3"
PART 30 "J_Mid_LE_0"
PART 31 "J_Mid_LE_1"
PART 32 "J_Mid_LE_2"
PART 33 "J_Mid_LE_3"
PART 34 "tag_knife_attach"
PART 35 "tag_weapon"
PART 36 "J_Gun"
PART 37 "TAG_CLIP"
PART 38 "J_Bolt"
PART 39 "tag_speedloader"
PART 40 "tag_spent0"
PART 41 "tag_spent1"
PART 42 "tag_spent2"
PART 43 "tag_spent3"
PART 44 "tag_spent4"
PART 45 "tag_spent5"
PART 46 "tag_bullets"
PART 47 "J_Press_Rear"
PART 48 "J_Flashlight"
PART 49 "J_Shoulder_RI"
PART 50 "J_Elbow_RI"
PART 51 "J_WristTwist_RI"
PART 52 "J_Sleave_Reshape_Top_RI_3"
PART 53 "J_Sleave_Reshape_Top_RI_2"
PART 54 "J_Sleave_Reshape_Top_RI_1"
PART 55 "J_Wrist_RI"
PART 56 "J_Thumb_RI_0"
PART 57 "J_Thumb_RI_1"
PART 58 "J_Thumb_RI_2"
PART 59 "J_Thumb_RI_3"
PART 60 "J_PinkyPalm_RI"
PART 61 "J_Pinky_RI_0"
PART 62 "J_Pinky_RI_1"
PART 63 "J_Pinky_RI_2"
PART 64 "J_Pinky_RI_3"
PART 65 "J_RingPalm_RI"
PART 66 "J_Ring_RI_0"
PART 67 "J_Ring_RI_1"
PART 68 "J_Ring_RI_2"
PART 69 "J_Ring_RI_3"
PART 70 "J_Webbing_RI"
PART 71 "J_Index_RI_0"
PART 72 "J_Index_RI_1"
PART 73 "J_Index_RI_2"
PART 74 "J_Index_RI_3"
PART 75 "J_Mid_RI_0"
PART 76 "J_Mid_RI_1"
PART 77 "J_Mid_RI_2"
PART 78 "J_Mid_RI_3"
PART 79 "tag_cambone"
PART 80 "tag_camera"
PART 81 "tag_gasmask"

FRAMERATE 30
NUMFRAMES 3

FRAME 0
PART 0
OFFSET -4.6318 -0.0000 -1.3770
X  1.0000 -0.0000  0.0000
Y  0.0000  1.0000  0.0000
Z  0.0000 -0.0000  1.0000

PART 1
OFFSET -1.9111 -0.4487 -1.8207
X  1.0000 -0.0000  0.0000
Y  0.0000  1.0000  0.0000
Z  0.0000 -0.0000  1.0000

PART 2
OFFSET -1.7776  7.8010 -3.1869
X  0.9139 -0.1836 -0.3621
Y -0.3734 -0.7304 -0.5719
Z -0.1595  0.6578 -0.7361

PART 3
OFFSET  9.2746  5.5803 -7.5665
X  0.2678 -0.9436  0.1946
Y -0.8753 -0.1539  0.4583
Z -0.4025 -0.2931 -0.8672

PART 4
OFFSET  11.5527 -2.4455 -5.9113
X  0.2678 -0.9436  0.1946
Y -0.9274 -0.3072 -0.2134
Z  0.2611 -0.1233 -0.9574

PART 5
OFFSET  13.2742 -3.2710 -5.1076
X  0.2741 -0.9419  0.1943
Y  0.4142  0.2979  0.8600
Z -0.8679 -0.1553  0.4718

PART 6
OFFSET  12.6294 -3.4232 -6.9228
X  0.2741 -0.9419  0.1943
Y  0.4142  0.2979  0.8600
Z -0.8679 -0.1553  0.4718

PART 7
OFFSET  11.1509 -4.2099 -4.0410
X  0.2741 -0.9419  0.1943
Y  0.4142  0.2979  0.8600
Z -0.8679 -0.1553  0.4718

PART 8
OFFSET  10.4983 -4.5154 -5.1381
X  0.2741 -0.9419  0.1943
Y  0.4142  0.2979  0.8600
Z -0.8679 -0.1553  0.4718

PART 9
OFFSET  10.8297 -4.2518 -6.2852
X  0.2741 -0.9419  0.1943
Y  0.4142  0.2979  0.8600
Z -0.8679 -0.1553  0.4718

PART 10
OFFSET  12.3738 -5.3383 -5.3148
X -0.3075 -0.7926  0.5266
Y -0.8988  0.0603 -0.4341
Z  0.3123 -0.6068 -0.7310

PART 11
OFFSET  11.4962 -5.8857 -5.7969
X -0.5584 -0.7800 -0.2826
Y -0.6366  0.6213 -0.4568
Z  0.5319 -0.0752 -0.8435

PART 12
OFFSET  10.2573 -7.5110 -6.4992
X -0.0083 -0.9280  0.3724
Y -0.7799 -0.2271 -0.5832
Z  0.6258 -0.2953 -0.7219

PART 13
OFFSET  10.3605 -9.0287 -5.9441
X  0.3923 -0.7932  0.4657
Y -0.7208 -0.5797 -0.3801
Z  0.5715 -0.1865 -0.7991

PART 14
OFFSET  10.7987 -9.9049 -5.4835
X -0.2260 -0.5852  0.7788
Y -0.4449  0.7732  0.4519
Z -0.8666 -0.2444 -0.4351

PART 15
OFFSET  13.1391 -6.1962 -4.5521
X  0.1564 -0.7506  0.6420
Y  0.3431 -0.5682 -0.7479
Z  0.9262  0.3372  0.1687

PART 16
OFFSET  13.3976 -8.0015 -3.2260
X -0.0899 -0.8575 -0.5066
Y  0.0641  0.5026 -0.8621
Z  0.9939 -0.1100  0.0097

PART 17
OFFSET  13.2703 -9.2155 -3.9432
X  0.0044 -0.0055 -1.0000
Y  0.1653  0.9862 -0.0046
Z  0.9862 -0.1653  0.0053

PART 18
OFFSET  13.2742 -9.2203 -4.8298
X  0.0797  0.7006 -0.7091
Y  0.0605  0.7067  0.7049
Z  0.9950 -0.0991  0.0140

PART 19
OFFSET  13.3500 -8.5547 -5.5035
X -0.2428 -0.9651  0.0978
Y  0.1201  0.0702  0.9903
Z -0.9626  0.2522  0.0989

PART 20
OFFSET  12.4305 -6.2457 -4.6227
X -0.0147 -0.7764  0.6300
Y  0.3577 -0.5925 -0.7218
Z  0.9337  0.2147  0.2864

PART 21
OFFSET  12.4070 -8.2354 -2.9497
X  0.0664 -0.8400 -0.5386
Y  0.0107  0.5403 -0.8414
Z  0.9977  0.0501  0.0448

PART 22
OFFSET  12.5200 -9.6654 -3.8666
X  0.0279  0.3161 -0.9483
Y -0.0339  0.9484  0.3152
Z  0.9990  0.0233  0.0372

PART 23
OFFSET  12.5587 -9.2272 -5.1809
X -0.0023  0.9189 -0.3945
Y -0.0477  0.3939  0.9179
Z  0.9989  0.0209  0.0430

PART 24
OFFSET  12.5562 -8.2306 -5.6087
X  0.0783 -0.9769 -0.1990
Y -0.0807 -0.2052  0.9754
Z -0.9937 -0.0603 -0.0949

PART 25
OFFSET  10.1660 -8.0110 -4.7726
X -0.0287 -0.9261  0.3761
Y -0.4230  0.3522  0.8349
Z -0.9057 -0.1352 -0.4019

PART 26
OFFSET  10.3816 -8.1556 -3.3187
X  0.1770 -0.8813 -0.4382
Y  0.2369  0.4703 -0.8501
Z  0.9553  0.0466  0.2920

PART 27
OFFSET  10.6932 -9.7072 -4.0902
X  0.3401  0.2444 -0.9081
Y -0.0702  0.9695  0.2347
Z  0.9378 -0.0161  0.3469

PART 28
OFFSET  11.0497 -9.4091 -5.2152
X  0.1241  0.8706 -0.4761
Y -0.2600  0.4916  0.8311
Z  0.9576  0.0207  0.2874

PART 29
OFFSET  11.1899 -8.4258 -5.7530
X  0.4637 -0.7214 -0.5144
Y -0.3231 -0.6783  0.6599
Z -0.8250 -0.1398 -0.5476

PART 30
OFFSET  11.4455 -8.2453 -3.0351
X  0.0951 -0.8119 -0.5759
Y  0.1590  0.5835 -0.7964
Z  0.9827 -0.0158  0.1846

PART 31
OFFSET  11.6313 -9.8315 -4.1602
X  0.1742  0.3601 -0.9165
Y -0.0942  0.9326  0.3485
Z  0.9802  0.0257  0.1964

PART 32
OFFSET  11.8857 -9.3055 -5.4989
X  0.0107  0.9530 -0.3027
Y -0.2471  0.2959  0.9227
Z  0.9689  0.0649  0.2386

PART 33
OFFSET  11.9048 -8.2259 -5.8407
X  0.0877 -0.9239 -0.3725
Y -0.1232 -0.3811  0.9163
Z -0.9885 -0.0344 -0.1472

PART 34
OFFSET  12.5003 -8.4443 -4.7671
X  0.9495  0.2250  0.2188
Y -0.3123  0.6068  0.7310
Z  0.0317 -0.7623  0.6464

PART 35
OFFSET  16.8463 -3.0985 -2.7029
X  1.0000 -0.0000  0.0000
Y  0.0000  1.0000  0.0000
Z  0.0000 -0.0000  1.0000

PART 36
OFFSET  16.8463 -3.0985 -2.7029
X  1.0000 -0.0000  0.0000
Y  0.0000  1.0000  0.0000
Z  0.0000 -0.0000  1.0000

PART 37
OFFSET  20.1191 -2.9478 -2.3581
X  1.0000 -0.0000  0.0000
Y  0.0000  1.0000  0.0000
Z  0.0000 -0.0000  1.0000

PART 38
OFFSET  18.2929 -3.0986 -1.0598
X  1.0000  0.0000 -0.0000
Y -0.0000  1.0000  0.0000
Z  0.0000  0.0000  1.0000

PART 39
OFFSET -31.5592 -1.2165  2.6144
X  0.9992 -0.0000 -0.0408
Y  0.0000  1.0000  0.0000
Z  0.0408 -0.0000  0.9992

PART 40
OFFSET  18.2666 -3.0989 -1.6846
X  0.9998 -0.0000 -0.0204
Y -0.0000  1.0000 -0.0000
Z  0.0204  0.0000  0.9998

PART 41
OFFSET  18.2742 -2.5628 -1.3798
X  0.9998 -0.0000 -0.0204
Y -0.0000  1.0000 -0.0000
Z  0.0204  0.0000  0.9998

PART 42
OFFSET  18.2900 -2.5564 -0.7461
X  0.9998 -0.0000 -0.0204
Y -0.0000  1.0000 -0.0000
Z  0.0204  0.0000  0.9998

PART 43
OFFSET  18.2979 -3.0986 -0.4352
X  0.9998 -0.0000 -0.0204
Y -0.0000  1.0000 -0.0000
Z  0.0204  0.0000  0.9998

PART 44
OFFSET  18.2904 -3.6366 -0.7426
X  0.9998 -0.0000 -0.0204
Y -0.0000  1.0000 -0.0000
Z  0.0204  0.0000  0.9998

PART 45
OFFSET  18.2749 -3.6348 -1.3646
X  0.9998 -0.0000 -0.0204
Y -0.0000  1.0000 -0.0000
Z  0.0204  0.0000  0.9998

PART 46
OFFSET -29.0883 -1.2316  2.5083
X  0.9992 -0.0000 -0.0408
Y  0.0000  1.0000  0.0000
Z  0.0408 -0.0000  0.9992

PART 47
OFFSET  16.7312 -2.9149 -1.5024
X  1.0000 -0.0000  0.0000
Y  0.0000  1.0000  0.0000
Z  0.0000 -0.0000  1.0000

PART 48
OFFSET  15.3167 -8.4936 -7.6927
X  0.9526 -0.0000  0.3041
Y  0.0000  1.0000  0.0000
Z -0.3041  0.0000  0.9526

PART 49
OFFSET -9.0954 -2.7609 -2.3892
X -0.8442  0.4240  0.3279
Y -0.2704 -0.8651  0.4225
Z  0.4628  0.2681  0.8450

PART 50
OFFSET  1.1145 -7.8887 -6.3545
X -0.9364 -0.2806 -0.2108
Y  0.3510 -0.7430 -0.5699
Z  0.0033 -0.6076  0.7942

PART 51
OFFSET  9.0789 -5.5022 -4.5612
X -0.9364 -0.2806 -0.2108
Y  0.2536 -0.1256 -0.9591
Z  0.2426 -0.9516  0.1888

PART 52
OFFSET  10.2754 -3.7784 -5.3495
X -0.9385 -0.2744 -0.2098
Y -0.0056  0.6194 -0.7851
Z  0.3454 -0.7356 -0.5828

PART 53
OFFSET  10.0656 -3.3792 -3.5445
X -0.9385 -0.2744 -0.2098
Y -0.0056  0.6194 -0.7851
Z  0.3454 -0.7356 -0.5828

PART 54
OFFSET  10.2468 -4.7900 -2.4254
X -0.9385 -0.2744 -0.2098
Y -0.0056  0.6194 -0.7851
Z  0.3454 -0.7356 -0.5828

PART 55
OFFSET  11.9495 -4.6420 -3.9149
X -0.9835 -0.0198 -0.1796
Y  0.1807 -0.0956 -0.9789
Z  0.0022 -0.9952  0.0976

PART 56
OFFSET  12.2167 -4.1322 -2.9295
X -0.5747 -0.8000 -0.1725
Y  0.7208 -0.3950 -0.5696
Z  0.3875 -0.4517  0.8036

PART 57
OFFSET  13.3634 -2.3414 -2.5452
X -0.9598 -0.2806  0.0081
Y  0.2469 -0.8574 -0.4516
Z  0.1337 -0.4315  0.8922

PART 58
OFFSET  14.9126 -1.8912 -2.6851
X -0.8843  0.2345  0.4038
Y -0.3796 -0.8646 -0.3293
Z  0.2719 -0.4445  0.8535

PART 59
OFFSET  15.8628 -2.1097 -3.1552
X -0.9056  0.2804 -0.3181
Y  0.4177  0.4609 -0.7830
Z -0.0730 -0.8420 -0.5346

PART 60
OFFSET  12.9749 -4.5265 -4.8308
X -0.9095 -0.0045  0.4157
Y  0.0660 -0.9888  0.1337
Z  0.4105  0.1491  0.8996

PART 61
OFFSET  15.0700 -4.3734 -5.6502
X -0.3453 -0.9160 -0.2041
Y  0.9330 -0.3114 -0.1805
Z  0.1018 -0.2528  0.9622

PART 62
OFFSET  15.5589 -3.0765 -5.3612
X  0.4452 -0.8482 -0.2872
Y  0.8933  0.4427  0.0774
Z  0.0614 -0.2910  0.9547

PART 63
OFFSET  15.1641 -2.3246 -5.1066
X  0.9801 -0.1268 -0.1527
Y  0.1604  0.9591  0.2332
Z  0.1169 -0.2531  0.9604

PART 64
OFFSET  14.2330 -2.2041 -4.9615
X -0.8673 -0.4685 -0.1685
Y -0.4948  0.7737  0.3957
Z -0.0550  0.4265 -0.9028

PART 65
OFFSET  13.0714 -4.5976 -4.1271
X -0.9915  0.0045  0.1302
Y  0.0144 -0.9895  0.1441
Z  0.1295  0.1448  0.9809

PART 66
OFFSET  15.6257 -4.6526 -4.6076
X -0.2052 -0.9781  0.0341
Y  0.9538 -0.2077 -0.2169
Z  0.2193 -0.0120  0.9756

PART 67
OFFSET  15.9751 -2.9873 -4.6657
X  0.7035 -0.6892 -0.1735
Y  0.6803  0.7237 -0.1163
Z  0.2057 -0.0362  0.9779

PART 68
OFFSET  15.0001 -2.0322 -4.4252
X  0.9678  0.1612 -0.1934
Y -0.1516  0.9864  0.0635
Z  0.2010 -0.0322  0.9791

PART 69
OFFSET  13.9505 -2.2070 -4.2154
X -0.6964 -0.6971  0.1704
Y -0.6874  0.7162  0.1208
Z -0.2062 -0.0330 -0.9780

PART 70
OFFSET  7.7045 -5.1770 -3.7825
X -0.9597 -0.2769  0.0474
Y -0.2808  0.9420 -0.1838
Z  0.0062 -0.1897 -0.9818

PART 71
OFFSET  15.6464 -4.8626 -2.4404
X -0.9136 -0.2652  0.3082
Y  0.2806 -0.9598  0.0057
Z  0.2943  0.0917  0.9513

PART 72
OFFSET  17.2549 -4.3956 -2.9831
X -0.6060 -0.7393  0.2936
Y  0.7435 -0.6576 -0.1216
Z  0.2829  0.1446  0.9482

PART 73
OFFSET  18.0088 -3.4880 -3.2824
X -0.1857 -0.9740  0.1293
Y  0.9489 -0.2120 -0.2336
Z  0.2549  0.0794  0.9637

PART 74
OFFSET  18.2186 -2.3878 -3.4285
X -0.7245  0.5308  0.4398
Y  0.4252  0.8463 -0.3209
Z -0.5426 -0.0455 -0.8388

PART 75
OFFSET  15.7372 -4.7899 -3.5390
X -0.1133 -0.9899  0.0853
Y  0.9905 -0.1193 -0.0686
Z  0.0780  0.0767  0.9940

PART 76
OFFSET  15.9585 -2.8561 -3.7056
X  0.8028 -0.5961 -0.0124
Y  0.5878  0.7949 -0.1504
Z  0.0995  0.1135  0.9885

PART 77
OFFSET  14.7859 -1.9854 -3.6876
X  0.9909  0.0597 -0.1204
Y -0.0790  0.9835 -0.1628
Z  0.1087  0.1708  0.9793

PART 78
OFFSET  13.6627 -2.0536 -3.5582
X -0.7163 -0.6849  0.1337
Y -0.6883  0.7250  0.0261
Z -0.1148 -0.0733 -0.9907

PART 79
OFFSET  0.0000 -0.0000 -0.0000
X  1.0000 -0.0000  0.0000
Y  0.0000  1.0000  0.0000
Z  0.0000 -0.0000  1.0000

PART 80
OFFSET  0.0000 -0.0000 -0.0000
X  1.0000 -0.0000  0.0000
Y  0.0000  1.0000  0.0000
Z  0.0000 -0.0000  1.0000

PART 81
OFFSET  1.5404 -0.0000  4.1357
X  1.0000 -0.0000  0.0000
Y  0.0000  1.0000  0.0000
Z  0.0000 -0.0000  1.0000


FRAME 1
PART 0
OFFSET -4.6318 -0.0000 -1.3770
X  1.0000 -0.0000  0.0000
Y  0.0000  1.0000  0.0000
Z  0.0000 -0.0000  1.0000

PART 1
OFFSET -1.9111 -0.4487 -1.8207
X  1.0000 -0.0000  0.0000
Y  0.0000  1.0000  0.0000
Z  0.0000 -0.0000  1.0000

PART 2
OFFSET -1.7776  7.8010 -3.1869
X  0.9139 -0.1836 -0.3621
Y -0.3734 -0.7304 -0.5719
Z -0.1595  0.6578 -0.7361

PART 3
OFFSET  9.2746  5.5803 -7.5665
X  0.2678 -0.9436  0.1946
Y -0.8753 -0.1539  0.4583
Z -0.4025 -0.2931 -0.8672

PART 4
OFFSET  11.5527 -2.4455 -5.9113
X  0.2678 -0.9436  0.1946
Y -0.9274 -0.3072 -0.2134
Z  0.2611 -0.1233 -0.9574

PART 5
OFFSET  13.2742 -3.2710 -5.1076
X  0.2741 -0.9419  0.1943
Y  0.4142  0.2979  0.8600
Z -0.8679 -0.1553  0.4718

PART 6
OFFSET  12.6294 -3.4232 -6.9228
X  0.2741 -0.9419  0.1943
Y  0.4142  0.2979  0.8600
Z -0.8679 -0.1553  0.4718

PART 7
OFFSET  11.1509 -4.2099 -4.0410
X  0.2741 -0.9419  0.1943
Y  0.4142  0.2979  0.8600
Z -0.8679 -0.1553  0.4718

PART 8
OFFSET  10.4983 -4.5154 -5.1381
X  0.2741 -0.9419  0.1943
Y  0.4142  0.2979  0.8600
Z -0.8679 -0.1553  0.4718

PART 9
OFFSET  10.8297 -4.2518 -6.2852
X  0.2741 -0.9419  0.1943
Y  0.4142  0.2979  0.8600
Z -0.8679 -0.1553  0.4718

PART 10
OFFSET  12.3738 -5.3383 -5.3148
X -0.3075 -0.7926  0.5266
Y -0.8988  0.0603 -0.4341
Z  0.3123 -0.6068 -0.7310

PART 11
OFFSET  11.4962 -5.8857 -5.7969
X -0.5584 -0.7800 -0.2826
Y -0.6366  0.6213 -0.4568
Z  0.5319 -0.0752 -0.8435

PART 12
OFFSET  10.2573 -7.5110 -6.4992
X -0.0083 -0.9280  0.3724
Y -0.7799 -0.2271 -0.5832
Z  0.6258 -0.2953 -0.7219

PART 13
OFFSET  10.3605 -9.0287 -5.9441
X  0.3923 -0.7932  0.4657
Y -0.7208 -0.5797 -0.3801
Z  0.5715 -0.1865 -0.7991

PART 14
OFFSET  10.7987 -9.9049 -5.4835
X -0.2260 -0.5852  0.7788
Y -0.4449  0.7732  0.4519
Z -0.8666 -0.2444 -0.4351

PART 15
OFFSET  13.1391 -6.1962 -4.5521
X  0.1564 -0.7506  0.6420
Y  0.3431 -0.5682 -0.7479
Z  0.9262  0.3372  0.1687

PART 16
OFFSET  13.3976 -8.0015 -3.2260
X -0.0899 -0.8575 -0.5066
Y  0.0641  0.5026 -0.8621
Z  0.9939 -0.1100  0.0097

PART 17
OFFSET  13.2703 -9.2155 -3.9432
X  0.0044 -0.0055 -1.0000
Y  0.1653  0.9862 -0.0046
Z  0.9862 -0.1653  0.0053

PART 18
OFFSET  13.2742 -9.2203 -4.8298
X  0.0797  0.7006 -0.7091
Y  0.0605  0.7067  0.7049
Z  0.9950 -0.0991  0.0140

PART 19
OFFSET  13.3500 -8.5547 -5.5035
X -0.2428 -0.9651  0.0978
Y  0.1201  0.0702  0.9903
Z -0.9626  0.2522  0.0989

PART 20
OFFSET  12.4305 -6.2457 -4.6227
X -0.0147 -0.7764  0.6300
Y  0.3577 -0.5925 -0.7218
Z  0.9337  0.2147  0.2864

PART 21
OFFSET  12.4070 -8.2354 -2.9497
X  0.0664 -0.8400 -0.5386
Y  0.0107  0.5403 -0.8414
Z  0.9977  0.0501  0.0448

PART 22
OFFSET  12.5200 -9.6654 -3.8666
X  0.0279  0.3161 -0.9483
Y -0.0339  0.9484  0.3152
Z  0.9990  0.0233  0.0372

PART 23
OFFSET  12.5587 -9.2272 -5.1809
X -0.0023  0.9189 -0.3945
Y -0.0477  0.3939  0.9179
Z  0.9989  0.0209  0.0430

PART 24
OFFSET  12.5562 -8.2306 -5.6087
X  0.0783 -0.9769 -0.1990
Y -0.0807 -0.2052  0.9754
Z -0.9937 -0.0603 -0.0949

PART 25
OFFSET  10.1660 -8.0110 -4.7726
X -0.0287 -0.9261  0.3761
Y -0.4230  0.3522  0.8349
Z -0.9057 -0.1352 -0.4019

PART 26
OFFSET  10.3816 -8.1556 -3.3187
X  0.1770 -0.8813 -0.4382
Y  0.2369  0.4703 -0.8501
Z  0.9553  0.0466  0.2920

PART 27
OFFSET  10.6932 -9.7072 -4.0902
X  0.3401  0.2444 -0.9081
Y -0.0702  0.9695  0.2347
Z  0.9378 -0.0161  0.3469

PART 28
OFFSET  11.0497 -9.4091 -5.2152
X  0.1241  0.8706 -0.4761
Y -0.2600  0.4916  0.8311
Z  0.9576  0.0207  0.2874

PART 29
OFFSET  11.1899 -8.4258 -5.7530
X  0.4637 -0.7214 -0.5144
Y -0.3231 -0.6783  0.6599
Z -0.8250 -0.1398 -0.5476

PART 30
OFFSET  11.4455 -8.2453 -3.0351
X  0.0951 -0.8119 -0.5759
Y  0.1590  0.5835 -0.7964
Z  0.9827 -0.0158  0.1846

PART 31
OFFSET  11.6313 -9.8315 -4.1602
X  0.1742  0.3601 -0.9165
Y -0.0942  0.9326  0.3485
Z  0.9802  0.0257  0.1964

PART 32
OFFSET  11.8857 -9.3055 -5.4989
X  0.0107  0.9530 -0.3027
Y -0.2471  0.2959  0.9227
Z  0.9689  0.0649  0.2386

PART 33
OFFSET  11.9048 -8.2259 -5.8407
X  0.0877 -0.9239 -0.3725
Y -0.1232 -0.3811  0.9163
Z -0.9885 -0.0344 -0.1472

PART 34
OFFSET  12.5003 -8.4443 -4.7671
X  0.9495  0.2250  0.2188
Y -0.3123  0.6068  0.7310
Z  0.0317 -0.7623  0.6464

PART 35
OFFSET  16.8463 -3.0985 -2.7029
X  1.0000 -0.0000  0.0000
Y  0.0000  1.0000  0.0000
Z  0.0000 -0.0000  1.0000

PART 36
OFFSET  16.8463 -3.0985 -2.7029
X  1.0000 -0.0000  0.0000
Y  0.0000  1.0000  0.0000
Z  0.0000 -0.0000  1.0000

PART 37
OFFSET  20.1191 -2.9478 -2.3581
X  1.0000 -0.0000  0.0000
Y  0.0000  1.0000  0.0000
Z  0.0000 -0.0000  1.0000

PART 38
OFFSET  18.2929 -3.0986 -1.0598
X  1.0000  0.0000 -0.0000
Y -0.0000  1.0000  0.0000
Z  0.0000  0.0000  1.0000

PART 39
OFFSET -31.5592 -1.2165  2.6144
X  0.9992 -0.0000 -0.0408
Y  0.0000  1.0000  0.0000
Z  0.0408 -0.0000  0.9992

PART 40
OFFSET  18.2666 -3.0989 -1.6846
X  0.9998 -0.0000 -0.0204
Y -0.0000  1.0000 -0.0000
Z  0.0204  0.0000  0.9998

PART 41
OFFSET  18.2742 -2.5628 -1.3798
X  0.9998 -0.0000 -0.0204
Y -0.0000  1.0000 -0.0000
Z  0.0204  0.0000  0.9998

PART 42
OFFSET  18.2900 -2.5564 -0.7461
X  0.9998 -0.0000 -0.0204
Y -0.0000  1.0000 -0.0000
Z  0.0204  0.0000  0.9998

PART 43
OFFSET  18.2979 -3.0986 -0.4352
X  0.9998 -0.0000 -0.0204
Y -0.0000  1.0000 -0.0000
Z  0.0204  0.0000  0.9998

PART 44
OFFSET  18.2904 -3.6366 -0.7426
X  0.9998 -0.0000 -0.0204
Y -0.0000  1.0000 -0.0000
Z  0.0204  0.0000  0.9998

PART 45
OFFSET  18.2749 -3.6348 -1.3646
X  0.9998 -0.0000 -0.0204
Y -0.0000  1.0000 -0.0000
Z  0.0204  0.0000  0.9998

PART 46
OFFSET -29.0883 -1.2316  2.5083
X  0.9992 -0.0000 -0.0408
Y  0.0000  1.0000  0.0000
Z  0.0408 -0.0000  0.9992

PART 47
OFFSET  16.7312 -2.9149 -1.5024
X  1.0000 -0.0000  0.0000
Y  0.0000  1.0000  0.0000
Z  0.0000 -0.0000  1.0000

PART 48
OFFSET  15.3167 -8.4936 -7.6927
X  0.9526 -0.0000  0.3041
Y  0.0000  1.0000  0.0000
Z -0.3041  0.0000  0.9526

PART 49
OFFSET -9.0954 -2.7609 -2.3892
X -0.8442  0.4240  0.3279
Y -0.2704 -0.8651  0.4225
Z  0.4628  0.2681  0.8450

PART 50
OFFSET  1.1145 -7.8887 -6.3545
X -0.9364 -0.2806 -0.2108
Y  0.3510 -0.7430 -0.5699
Z  0.0033 -0.6076  0.7942

PART 51
OFFSET  9.0789 -5.5022 -4.5612
X -0.9364 -0.2806 -0.2108
Y  0.2536 -0.1256 -0.9591
Z  0.2426 -0.9516  0.1888

PART 52
OFFSET  10.2754 -3.7784 -5.3495
X -0.9385 -0.2744 -0.2098
Y -0.0056  0.6194 -0.7851
Z  0.3454 -0.7356 -0.5828

PART 53
OFFSET  10.0656 -3.3792 -3.5445
X -0.9385 -0.2744 -0.2098
Y -0.0056  0.6194 -0.7851
Z  0.3454 -0.7356 -0.5828

PART 54
OFFSET  10.2468 -4.7900 -2.4254
X -0.9385 -0.2744 -0.2098
Y -0.0056  0.6194 -0.7851
Z  0.3454 -0.7356 -0.5828

PART 55
OFFSET  11.9495 -4.6420 -3.9149
X -0.9835 -0.0198 -0.1796
Y  0.1807 -0.0956 -0.9789
Z  0.0022 -0.9952  0.0976

PART 56
OFFSET  12.2167 -4.1322 -2.9295
X -0.5747 -0.8000 -0.1725
Y  0.7208 -0.3950 -0.5696
Z  0.3875 -0.4517  0.8036

PART 57
OFFSET  13.3634 -2.3414 -2.5452
X -0.9598 -0.2806  0.0081
Y  0.2469 -0.8574 -0.4516
Z  0.1337 -0.4315  0.8922

PART 58
OFFSET  14.9126 -1.8912 -2.6851
X -0.8843  0.2345  0.4038
Y -0.3796 -0.8646 -0.3293
Z  0.2719 -0.4445  0.8535

PART 59
OFFSET  15.8628 -2.1097 -3.1552
X -0.9056  0.2804 -0.3181
Y  0.4177  0.4609 -0.7830
Z -0.0730 -0.8420 -0.5346

PART 60
OFFSET  12.9749 -4.5265 -4.8308
X -0.9095 -0.0045  0.4157
Y  0.0660 -0.9888  0.1337
Z  0.4105  0.1491  0.8996

PART 61
OFFSET  15.0700 -4.3734 -5.6502
X -0.3453 -0.9160 -0.2041
Y  0.9330 -0.3114 -0.1805
Z  0.1018 -0.2528  0.9622

PART 62
OFFSET  15.5589 -3.0765 -5.3612
X  0.4452 -0.8482 -0.2872
Y  0.8933  0.4427  0.0774
Z  0.0614 -0.2910  0.9547

PART 63
OFFSET  15.1641 -2.3246 -5.1066
X  0.9801 -0.1268 -0.1527
Y  0.1604  0.9591  0.2332
Z  0.1169 -0.2531  0.9604

PART 64
OFFSET  14.2330 -2.2041 -4.9615
X -0.8673 -0.4685 -0.1685
Y -0.4948  0.7737  0.3957
Z -0.0550  0.4265 -0.9028

PART 65
OFFSET  13.0714 -4.5976 -4.1271
X -0.9915  0.0045  0.1302
Y  0.0144 -0.9895  0.1441
Z  0.1295  0.1448  0.9809

PART 66
OFFSET  15.6257 -4.6526 -4.6076
X -0.2052 -0.9781  0.0341
Y  0.9538 -0.2077 -0.2169
Z  0.2193 -0.0120  0.9756

PART 67
OFFSET  15.9751 -2.9873 -4.6657
X  0.7035 -0.6892 -0.1735
Y  0.6803  0.7237 -0.1163
Z  0.2057 -0.0362  0.9779

PART 68
OFFSET  15.0001 -2.0322 -4.4252
X  0.9678  0.1612 -0.1934
Y -0.1516  0.9864  0.0635
Z  0.2010 -0.0322  0.9791

PART 69
OFFSET  13.9505 -2.2070 -4.2154
X -0.6964 -0.6971  0.1704
Y -0.6874  0.7162  0.1208
Z -0.2062 -0.0330 -0.9780

PART 70
OFFSET  7.7045 -5.1770 -3.7825
X -0.9597 -0.2769  0.0474
Y -0.2808  0.9420 -0.1838
Z  0.0062 -0.1897 -0.9818

PART 71
OFFSET  15.6464 -4.8626 -2.4404
X -0.9136 -0.2652  0.3082
Y  0.2806 -0.9598  0.0057
Z  0.2943  0.0917  0.9513

PART 72
OFFSET  17.2549 -4.3956 -2.9831
X -0.6060 -0.7393  0.2936
Y  0.7435 -0.6576 -0.1216
Z  0.2829  0.1446  0.9482

PART 73
OFFSET  18.0088 -3.4880 -3.2824
X -0.1857 -0.9740  0.1293
Y  0.9489 -0.2120 -0.2336
Z  0.2549  0.0794  0.9637

PART 74
OFFSET  18.2186 -2.3878 -3.4285
X -0.7245  0.5308  0.4398
Y  0.4252  0.8463 -0.3209
Z -0.5426 -0.0455 -0.8388

PART 75
OFFSET  15.7372 -4.7899 -3.5390
X -0.1133 -0.9899  0.0853
Y  0.9905 -0.1193 -0.0686
Z  0.0780  0.0767  0.9940

PART 76
OFFSET  15.9585 -2.8561 -3.7056
X  0.8028 -0.5961 -0.0124
Y  0.5878  0.7949 -0.1504
Z  0.0995  0.1135  0.9885

PART 77
OFFSET  14.7859 -1.9854 -3.6876
X  0.9909  0.0597 -0.1204
Y -0.0790  0.9835 -0.1628
Z  0.1087  0.1708  0.9793

PART 78
OFFSET  13.6627 -2.0536 -3.5582
X -0.7163 -0.6849  0.1337
Y -0.6883  0.7250  0.0261
Z -0.1148 -0.0733 -0.9907

PART 79
OFFSET  0.0000 -0.0000 -0.0000
X  1.0000 -0.0000  0.0000
Y  0.0000  1.0000  0.0000
Z  0.0000 -0.0000  1.0000

PART 80
OFFSET  0.0000 -0.0000 -0.0000
X  1.0000 -0.0000  0.0000
Y  0.0000  1.0000  0.0000
Z  0.0000 -0.0000  1.0000

PART 81
OFFSET  1.5404 -0.0000  4.1357
X  1.0000 -0.0000  0.0000
Y  0.0000  1.0000  0.0000
Z  0.0000 -0.0000  1.0000


FRAME 2
PART 0
OFFSET -4.6318 -0.0000 -1.3770
X  1.0000 -0.0000  0.0000
Y  0.0000  1.0000  0.0000
Z  0.0000 -0.0000  1.0000

PART 1
OFFSET -1.9111 -0.4487 -1.8207
X  1.0000 -0.0000  0.0000
Y  0.0000  1.0000  0.0000
Z  0.0000 -0.0000  1.0000

PART 2
OFFSET -1.7776  7.8010 -3.1869
X  0.9139 -0.1836 -0.3621
Y -0.3734 -0.7304 -0.5719
Z -0.1595  0.6578 -0.7361

PART 3
OFFSET  9.2746  5.5803 -7.5665
X  0.2678 -0.9436  0.1946
Y -0.8753 -0.1539  0.4583
Z -0.4025 -0.2931 -0.8672

PART 4
OFFSET  11.5527 -2.4455 -5.9113
X  0.2678 -0.9436  0.1946
Y -0.9274 -0.3072 -0.2134
Z  0.2611 -0.1233 -0.9574

PART 5
OFFSET  13.2742 -3.2710 -5.1076
X  0.2741 -0.9419  0.1943
Y  0.4142  0.2979  0.8600
Z -0.8679 -0.1553  0.4718

PART 6
OFFSET  12.6294 -3.4232 -6.9228
X  0.2741 -0.9419  0.1943
Y  0.4142  0.2979  0.8600
Z -0.8679 -0.1553  0.4718

PART 7
OFFSET  11.1509 -4.2099 -4.0410
X  0.2741 -0.9419  0.1943
Y  0.4142  0.2979  0.8600
Z -0.8679 -0.1553  0.4718

PART 8
OFFSET  10.4983 -4.5154 -5.1381
X  0.2741 -0.9419  0.1943
Y  0.4142  0.2979  0.8600
Z -0.8679 -0.1553  0.4718

PART 9
OFFSET  10.8297 -4.2518 -6.2852
X  0.2741 -0.9419  0.1943
Y  0.4142  0.2979  0.8600
Z -0.8679 -0.1553  0.4718

PART 10
OFFSET  12.3738 -5.3383 -5.3148
X -0.3075 -0.7926  0.5266
Y -0.8988  0.0603 -0.4341
Z  0.3123 -0.6068 -0.7310

PART 11
OFFSET  11.4962 -5.8857 -5.7969
X -0.5584 -0.7800 -0.2826
Y -0.6366  0.6213 -0.4568
Z  0.5319 -0.0752 -0.8435

PART 12
OFFSET  10.2573 -7.5110 -6.4992
X -0.0083 -0.9280  0.3724
Y -0.7799 -0.2271 -0.5832
Z  0.6258 -0.2953 -0.7219

PART 13
OFFSET  10.3605 -9.0287 -5.9441
X  0.3923 -0.7932  0.4657
Y -0.7208 -0.5797 -0.3801
Z  0.5715 -0.1865 -0.7991

PART 14
OFFSET  10.7987 -9.9049 -5.4835
X -0.2260 -0.5852  0.7788
Y -0.4449  0.7732  0.4519
Z -0.8666 -0.2444 -0.4351

PART 15
OFFSET  13.1391 -6.1962 -4.5521
X  0.1564 -0.7506  0.6420
Y  0.3431 -0.5682 -0.7479
Z  0.9262  0.3372  0.1687

PART 16
OFFSET  13.3976 -8.0015 -3.2260
X -0.0899 -0.8575 -0.5066
Y  0.0641  0.5026 -0.8621
Z  0.9939 -0.1100  0.0097

PART 17
OFFSET  13.2703 -9.2155 -3.9432
X  0.0044 -0.0055 -1.0000
Y  0.1653  0.9862 -0.0046
Z  0.9862 -0.1653  0.0053

PART 18
OFFSET  13.2742 -9.2203 -4.8298
X  0.0797  0.7006 -0.7091
Y  0.0605  0.7067  0.7049
Z  0.9950 -0.0991  0.0140

PART 19
OFFSET  13.3500 -8.5547 -5.5035
X -0.2428 -0.9651  0.0978
Y  0.1201  0.0702  0.9903
Z -0.9626  0.2522  0.0989

PART 20
OFFSET  12.4305 -6.2457 -4.6227
X -0.0147 -0.7764  0.6300
Y  0.3577 -0.5925 -0.7218
Z  0.9337  0.2147  0.2864

PART 21
OFFSET  12.4070 -8.2354 -2.9497
X  0.0664 -0.8400 -0.5386
Y  0.0107  0.5403 -0.8414
Z  0.9977  0.0501  0.0448

PART 22
OFFSET  12.5200 -9.6654 -3.8666
X  0.0279  0.3161 -0.9483
Y -0.0339  0.9484  0.3152
Z  0.9990  0.0233  0.0372

PART 23
OFFSET  12.5587 -9.2272 -5.1809
X -0.0023  0.9189 -0.3945
Y -0.0477  0.3939  0.9179
Z  0.9989  0.0209  0.0430

PART 24
OFFSET  12.5562 -8.2306 -5.6087
X  0.0783 -0.9769 -0.1990
Y -0.0807 -0.2052  0.9754
Z -0.9937 -0.0603 -0.0949

PART 25
OFFSET  10.1660 -8.0110 -4.7726
X -0.0287 -0.9261  0.3761
Y -0.4230  0.3522  0.8349
Z -0.9057 -0.1352 -0.4019

PART 26
OFFSET  10.3816 -8.1556 -3.3187
X  0.1770 -0.8813 -0.4382
Y  0.2369  0.4703 -0.8501
Z  0.9553  0.0466  0.2920

PART 27
OFFSET  10.6932 -9.7072 -4.0902
X  0.3401  0.2444 -0.9081
Y -0.0702  0.9695  0.2347
Z  0.9378 -0.0161  0.3469

PART 28
OFFSET  11.0497 -9.4091 -5.2152
X  0.1241  0.8706 -0.4761
Y -0.2600  0.4916  0.8311
Z  0.9576  0.0207  0.2874

PART 29
OFFSET  11.1899 -8.4258 -5.7530
X  0.4637 -0.7214 -0.5144
Y -0.3231 -0.6783  0.6599
Z -0.8250 -0.1398 -0.5476

PART 30
OFFSET  11.4455 -8.2453 -3.0351
X  0.0951 -0.8119 -0.5759
Y  0.1590  0.5835 -0.7964
Z  0.9827 -0.0158  0.1846

PART 31
OFFSET  11.6313 -9.8315 -4.1602
X  0.1742  0.3601 -0.9165
Y -0.0942  0.9326  0.3485
Z  0.9802  0.0257  0.1964

PART 32
OFFSET  11.8857 -9.3055 -5.4989
X  0.0107  0.9530 -0.3027
Y -0.2471  0.2959  0.9227
Z  0.9689  0.0649  0.2386

PART 33
OFFSET  11.9048 -8.2259 -5.8407
X  0.0877 -0.9239 -0.3725
Y -0.1232 -0.3811  0.9163
Z -0.9885 -0.0344 -0.1472

PART 34
OFFSET  12.5003 -8.4443 -4.7671
X  0.9495  0.2250  0.2188
Y -0.3123  0.6068  0.7310
Z  0.0317 -0.7623  0.6464

PART 35
OFFSET  16.8463 -3.0985 -2.7029
X  1.0000 -0.0000  0.0000
Y  0.0000  1.0000  0.0000
Z  0.0000 -0.0000  1.0000

PART 36
OFFSET  16.8463 -3.0985 -2.7029
X  1.0000 -0.0000  0.0000
Y  0.0000  1.0000  0.0000
Z  0.0000 -0.0000  1.0000

PART 37
OFFSET  20.1191 -2.9478 -2.3581
X  1.0000 -0.0000  0.0000
Y  0.0000  1.0000  0.0000
Z  0.0000 -0.0000  1.0000

PART 38
OFFSET  18.2929 -3.0986 -1.0598
X  1.0000  0.0000 -0.0000
Y -0.0000  1.0000  0.0000
Z  0.0000  0.0000  1.0000

PART 39
OFFSET -31.5592 -1.2165  2.6144
X  0.9992 -0.0000 -0.0408
Y  0.0000  1.0000  0.0000
Z  0.0408 -0.0000  0.9992

PART 40
OFFSET  18.2666 -3.0989 -1.6846
X  0.9998 -0.0000 -0.0204
Y -0.0000  1.0000 -0.0000
Z  0.0204  0.0000  0.9998

PART 41
OFFSET  18.2742 -2.5628 -1.3798
X  0.9998 -0.0000 -0.0204
Y -0.0000  1.0000 -0.0000
Z  0.0204  0.0000  0.9998

PART 42
OFFSET  18.2900 -2.5564 -0.7461
X  0.9998 -0.0000 -0.0204
Y -0.0000  1.0000 -0.0000
Z  0.0204  0.0000  0.9998

PART 43
OFFSET  18.2979 -3.0986 -0.4352
X  0.9998 -0.0000 -0.0204
Y -0.0000  1.0000 -0.0000
Z  0.0204  0.0000  0.9998

PART 44
OFFSET  18.2904 -3.6366 -0.7426
X  0.9998 -0.0000 -0.0204
Y -0.0000  1.0000 -0.0000
Z  0.0204  0.0000  0.9998

PART 45
OFFSET  18.2749 -3.6348 -1.3646
X  0.9998 -0.0000 -0.0204
Y -0.0000  1.0000 -0.0000
Z  0.0204  0.0000  0.9998

PART 46
OFFSET -29.0883 -1.2316  2.5083
X  0.9992 -0.0000 -0.0408
Y  0.0000  1.0000  0.0000
Z  0.0408 -0.0000  0.9992

PART 47
OFFSET  16.7312 -2.9149 -1.5024
X  1.0000 -0.0000  0.0000
Y  0.0000  1.0000  0.0000
Z  0.0000 -0.0000  1.0000

PART 48
OFFSET  15.3167 -8.4936 -7.6927
X  0.9526 -0.0000  0.3041
Y  0.0000  1.0000  0.0000
Z -0.3041  0.0000  0.9526

PART 49
OFFSET -9.0954 -2.7609 -2.3892
X -0.8442  0.4240  0.3279
Y -0.2704 -0.8651  0.4225
Z  0.4628  0.2681  0.8450

PART 50
OFFSET  1.1145 -7.8887 -6.3545
X -0.9364 -0.2806 -0.2108
Y  0.3510 -0.7430 -0.5699
Z  0.0033 -0.6076  0.7942

PART 51
OFFSET  9.0789 -5.5022 -4.5612
X -0.9364 -0.2806 -0.2108
Y  0.2536 -0.1256 -0.9591
Z  0.2426 -0.9516  0.1888

PART 52
OFFSET  10.2754 -3.7784 -5.3495
X -0.9385 -0.2744 -0.2098
Y -0.0056  0.6194 -0.7851
Z  0.3454 -0.7356 -0.5828

PART 53
OFFSET  10.0656 -3.3792 -3.5445
X -0.9385 -0.2744 -0.2098
Y -0.0056  0.6194 -0.7851
Z  0.3454 -0.7356 -0.5828

PART 54
OFFSET  10.2468 -4.7900 -2.4254
X -0.9385 -0.2744 -0.2098
Y -0.0056  0.6194 -0.7851
Z  0.3454 -0.7356 -0.5828

PART 55
OFFSET  11.9495 -4.6420 -3.9149
X -0.9835 -0.0198 -0.1796
Y  0.1807 -0.0956 -0.9789
Z  0.0022 -0.9952  0.0976

PART 56
OFFSET  12.2167 -4.1322 -2.9295
X -0.5747 -0.8000 -0.1725
Y  0.7208 -0.3950 -0.5696
Z  0.3875 -0.4517  0.8036

PART 57
OFFSET  13.3634 -2.3414 -2.5452
X -0.9598 -0.2806  0.0081
Y  0.2469 -0.8574 -0.4516
Z  0.1337 -0.4315  0.8922

PART 58
OFFSET  14.9126 -1.8912 -2.6851
X -0.8843  0.2345  0.4038
Y -0.3796 -0.8646 -0.3293
Z  0.2719 -0.4445  0.8535

PART 59
OFFSET  15.8628 -2.1097 -3.1552
X -0.9056  0.2804 -0.3181
Y  0.4177  0.4609 -0.7830
Z -0.0730 -0.8420 -0.5346

PART 60
OFFSET  12.9749 -4.5265 -4.8308
X -0.9095 -0.0045  0.4157
Y  0.0660 -0.9888  0.1337
Z  0.4105  0.1491  0.8996

PART 61
OFFSET  15.0700 -4.3734 -5.6502
X -0.3453 -0.9160 -0.2041
Y  0.9330 -0.3114 -0.1805
Z  0.1018 -0.2528  0.9622

PART 62
OFFSET  15.5589 -3.0765 -5.3612
X  0.4452 -0.8482 -0.2872
Y  0.8933  0.4427  0.0774
Z  0.0614 -0.2910  0.9547

PART 63
OFFSET  15.1641 -2.3246 -5.1066
X  0.9801 -0.1268 -0.1527
Y  0.1604  0.9591  0.2332
Z  0.1169 -0.2531  0.9604

PART 64
OFFSET  14.2330 -2.2041 -4.9615
X -0.8673 -0.4685 -0.1685
Y -0.4948  0.7737  0.3957
Z -0.0550  0.4265 -0.9028

PART 65
OFFSET  13.0714 -4.5976 -4.1271
X -0.9915  0.0045  0.1302
Y  0.0144 -0.9895  0.1441
Z  0.1295  0.1448  0.9809

PART 66
OFFSET  15.6257 -4.6526 -4.6076
X -0.2052 -0.9781  0.0341
Y  0.9538 -0.2077 -0.2169
Z  0.2193 -0.0120  0.9756

PART 67
OFFSET  15.9751 -2.9873 -4.6657
X  0.7035 -0.6892 -0.1735
Y  0.6803  0.7237 -0.1163
Z  0.2057 -0.0362  0.9779

PART 68
OFFSET  15.0001 -2.0322 -4.4252
X  0.9678  0.1612 -0.1934
Y -0.1516  0.9864  0.0635
Z  0.2010 -0.0322  0.9791

PART 69
OFFSET  13.9505 -2.2070 -4.2154
X -0.6964 -0.6971  0.1704
Y -0.6874  0.7162  0.1208
Z -0.2062 -0.0330 -0.9780

PART 70
OFFSET  7.7045 -5.1770 -3.7825
X -0.9597 -0.2769  0.0474
Y -0.2808  0.9420 -0.1838
Z  0.0062 -0.1897 -0.9818

PART 71
OFFSET  15.6464 -4.8626 -2.4404
X -0.9136 -0.2652  0.3082
Y  0.2806 -0.9598  0.0057
Z  0.2943  0.0917  0.9513

PART 72
OFFSET  17.2549 -4.3956 -2.9831
X -0.6060 -0.7393  0.2936
Y  0.7435 -0.6576 -0.1216
Z  0.2829  0.1446  0.9482

PART 73
OFFSET  18.0088 -3.4880 -3.2824
X -0.1857 -0.9740  0.1293
Y  0.9489 -0.2120 -0.2336
Z  0.2549  0.0794  0.9637

PART 74
OFFSET  18.2186 -2.3878 -3.4285
X -0.7245  0.5308  0.4398
Y  0.4252  0.8463 -0.3209
Z -0.5426 -0.0455 -0.8388

PART 75
OFFSET  15.7372 -4.7899 -3.5390
X -0.1133 -0.9899  0.0853
Y  0.9905 -0.1193 -0.0686
Z  0.0780  0.0767  0.9940

PART 76
OFFSET  15.9585 -2.8561 -3.7056
X  0.8028 -0.5961 -0.0124
Y  0.5878  0.7949 -0.1504
Z  0.0995  0.1135  0.9885

PART 77
OFFSET  14.7859 -1.9854 -3.6876
X  0.9909  0.0597 -0.1204
Y -0.0790  0.9835 -0.1628
Z  0.1087  0.1708  0.9793

PART 78
OFFSET  13.6627 -2.0536 -3.5582
X -0.7163 -0.6849  0.1337
Y -0.6883  0.7250  0.0261
Z -0.1148 -0.0733 -0.9907

PART 79
OFFSET  0.0000 -0.0000 -0.0000
X  1.0000 -0.0000  0.0000
Y  0.0000  1.0000  0.0000
Z  0.0000 -0.0000  1.0000

PART 80
OFFSET  0.0000 -0.0000 -0.0000
X  1.0000 -0.0000  0.0000
Y  0.0000  1.0000  0.0000
Z  0.0000 -0.0000  1.0000

PART 81
OFFSET  1.5404 -0.0000  4.1357
X  1.0000 -0.0000  0.0000
Y  0.0000  1.0000  0.0000
Z  0.0000 -0.0000  1.0000


NUMKEYS 0
