// Export filename: `C:\projects\cod\t5\xanim_export\t5_viewmodels\python\python_manual_reload_loop.XANIM_EXPORT`
// Source filename: `D:\projects\devanim\t5\animation_assets\viewmodels/python/ViewModel_python_animated.fbx`
// Export time: Sat Aug 07 17:24:38 2010

ANIMATION
VERSION 3

NUMPARTS 81
PART 0 "tag_ads"
PART 1 "tag_torso"
PART 2 "J_Shoulder_LE"
PART 3 "J_Elbow_LE"
PART 4 "J_WristTwist_LE"
PART 5 "J_Sleave_Reshape_Bottom_LE_1"
PART 6 "J_Sleave_Reshape_Bottom_LE_2"
PART 7 "J_Sleave_Reshape_Top_LE_1"
PART 8 "J_Sleave_Reshape_Top_LE_2"
PART 9 "J_Sleave_Reshape_Top_LE_3"
PART 10 "J_Wrist_LE"
PART 11 "J_Thumb_LE_0"
PART 12 "J_Thumb_LE_1"
PART 13 "J_Thumb_LE_2"
PART 14 "J_Thumb_LE_3"
PART 15 "J_PinkyPalm_LE"
PART 16 "J_Pinky_LE_0"
PART 17 "J_Pinky_LE_1"
PART 18 "J_Pinky_LE_2"
PART 19 "J_Pinky_LE_3"
PART 20 "J_RingPalm_LE"
PART 21 "J_Ring_LE_0"
PART 22 "J_Ring_LE_1"
PART 23 "J_Ring_LE_2"
PART 24 "J_Ring_LE_3"
PART 25 "J_Webbing_LE"
PART 26 "J_Index_LE_0"
PART 27 "J_Index_LE_1"
PART 28 "J_Index_LE_2"
PART 29 "J_Index_LE_3"
PART 30 "J_Mid_LE_0"
PART 31 "J_Mid_LE_1"
PART 32 "J_Mid_LE_2"
PART 33 "J_Mid_LE_3"
PART 34 "tag_knife_attach"
PART 35 "tag_weapon"
PART 36 "J_Gun"
PART 37 "TAG_CLIP"
PART 38 "J_Bolt"
PART 39 "tag_speedloader"
PART 40 "tag_spent0"
PART 41 "tag_spent1"
PART 42 "tag_spent2"
PART 43 "tag_spent3"
PART 44 "tag_spent4"
PART 45 "tag_spent5"
PART 46 "tag_bullets"
PART 47 "J_Press_Rear"
PART 48 "J_Shoulder_RI"
PART 49 "J_Elbow_RI"
PART 50 "J_WristTwist_RI"
PART 51 "J_Sleave_Reshape_Top_RI_3"
PART 52 "J_Sleave_Reshape_Top_RI_2"
PART 53 "J_Sleave_Reshape_Top_RI_1"
PART 54 "J_Wrist_RI"
PART 55 "J_Thumb_RI_0"
PART 56 "J_Thumb_RI_1"
PART 57 "J_Thumb_RI_2"
PART 58 "J_Thumb_RI_3"
PART 59 "J_PinkyPalm_RI"
PART 60 "J_Pinky_RI_0"
PART 61 "J_Pinky_RI_1"
PART 62 "J_Pinky_RI_2"
PART 63 "J_Pinky_RI_3"
PART 64 "J_RingPalm_RI"
PART 65 "J_Ring_RI_0"
PART 66 "J_Ring_RI_1"
PART 67 "J_Ring_RI_2"
PART 68 "J_Ring_RI_3"
PART 69 "J_Webbing_RI"
PART 70 "J_Index_RI_0"
PART 71 "J_Index_RI_1"
PART 72 "J_Index_RI_2"
PART 73 "J_Index_RI_3"
PART 74 "J_Mid_RI_0"
PART 75 "J_Mid_RI_1"
PART 76 "J_Mid_RI_2"
PART 77 "J_Mid_RI_3"
PART 78 "tag_cambone"
PART 79 "tag_camera"
PART 80 "tag_gasmask"

FRAMERATE 30
NUMFRAMES 32

FRAME 705
PART 0
OFFSET -4.6318 -0.0000 -1.3770
X  1.0000 -0.0000  0.0000
Y  0.0000  1.0000  0.0000
Z  0.0000 -0.0000  1.0000

PART 1
OFFSET -4.6318 -0.0000 -1.3770
X  1.0000 -0.0000  0.0000
Y  0.0000  1.0000  0.0000
Z  0.0000 -0.0000  1.0000

PART 2
OFFSET -6.7281  3.8438 -4.9859
X  0.7485  0.5689 -0.3407
Y  0.2600 -0.7244 -0.6385
Z -0.6100  0.3893 -0.6902

PART 3
OFFSET  2.3242  10.7244 -9.1059
X  0.6992 -0.6704  0.2484
Y -0.7096 -0.6083  0.3555
Z -0.0872 -0.4248 -0.9011

PART 4
OFFSET  8.2710  5.0221 -6.9936
X  0.6992 -0.6704  0.2484
Y -0.7114 -0.6868  0.1488
Z  0.0708 -0.2807 -0.9572

PART 5
OFFSET  10.0753  5.1090 -6.2141
X  0.7036 -0.6656  0.2487
Y  0.0955  0.4354  0.8952
Z -0.7041 -0.6061  0.3699

PART 6
OFFSET  9.8073  4.7958 -7.8462
X  0.7036 -0.6656  0.2487
Y  0.0955  0.4354  0.8952
Z -0.7041 -0.6061  0.3699

PART 7
OFFSET  8.6307  3.1654 -5.2805
X  0.7036 -0.6656  0.2487
Y  0.0955  0.4354  0.8952
Z -0.7041 -0.6061  0.3699

PART 8
OFFSET  8.2924  2.5381 -6.4222
X  0.7036 -0.6656  0.2487
Y  0.0955  0.4354  0.8952
Z -0.7041 -0.6061  0.3699

PART 9
OFFSET  8.6518  3.1217 -7.4050
X  0.7036 -0.6656  0.2487
Y  0.0955  0.4354  0.8952
Z -0.7041 -0.6061  0.3699

PART 10
OFFSET  10.4144  2.9668 -6.2322
X  0.6703 -0.6569  0.3452
Y -0.7326 -0.6598  0.1669
Z  0.1181 -0.3648 -0.9236

PART 11
OFFSET  10.0574  1.8847 -6.2950
X  0.2201 -0.9750 -0.0307
Y -0.8281 -0.2034  0.5224
Z -0.5156 -0.0896 -0.8521

PART 12
OFFSET  10.4211 -0.2445 -6.3566
X  0.6211 -0.7812  0.0634
Y -0.7616 -0.5824  0.2843
Z -0.1852 -0.2249 -0.9566

PART 13
OFFSET  11.4484 -1.4961 -6.3782
X  0.2385 -0.9711  0.0031
Y -0.8966 -0.2189  0.3850
Z -0.3732 -0.0946 -0.9229

PART 14
OFFSET  11.6740 -2.5543 -6.4106
X  0.2310 -0.7012  0.6744
Y  0.4141  0.6981  0.5840
Z -0.8804  0.1444  0.4517

PART 15
OFFSET  11.7900  3.0436 -6.3055
X  0.9339 -0.3358  0.1228
Y  0.0078 -0.3241 -0.9460
Z  0.3575  0.8844 -0.3001

PART 16
OFFSET  13.8372  2.1205 -6.1019
X  0.2142 -0.8373 -0.5031
Y -0.8890  0.0463 -0.4555
Z  0.4047  0.5448 -0.7344

PART 17
OFFSET  14.1404  0.9352 -6.8142
X -0.8966  0.1733 -0.4074
Y -0.0745  0.8481  0.5246
Z  0.4365  0.5007 -0.7475

PART 18
OFFSET  13.3454  1.0888 -7.1754
X -0.3102  0.8320  0.4600
Y  0.8435  0.0176  0.5369
Z  0.4386  0.5545 -0.7072

PART 19
OFFSET  13.0508  1.8792 -6.7385
X -0.3557 -0.7276 -0.5866
Y  0.8918 -0.4520  0.0200
Z -0.2797 -0.5160  0.8096

PART 20
OFFSET  11.4340  2.5116 -5.9897
X  0.8636 -0.4247  0.2717
Y  0.1364 -0.3220 -0.9369
Z  0.4854  0.8461 -0.2201

PART 21
OFFSET  13.6692  1.3385 -5.3682
X  0.2915 -0.8263 -0.4820
Y -0.7901  0.0761 -0.6082
Z  0.5392  0.5581 -0.6307

PART 22
OFFSET  14.1654 -0.0682 -6.1889
X -0.8329  0.3618 -0.4188
Y  0.0075  0.7641  0.6451
Z  0.5534  0.5342 -0.6391

PART 23
OFFSET  13.0111  0.4332 -6.7693
X -0.0811  0.7980  0.5971
Y  0.8254 -0.2820  0.4891
Z  0.5587  0.5326 -0.6358

PART 24
OFFSET  12.9231  1.2986 -6.1217
X -0.3775 -0.4666 -0.7999
Y  0.6980 -0.7110  0.0853
Z -0.6085 -0.5261  0.5941

PART 25
OFFSET  11.3807 -0.3015 -5.3980
X  0.8052 -0.5919  0.0357
Y  0.0532  0.1321  0.9898
Z -0.5906 -0.7951  0.1379

PART 26
OFFSET  12.4297  0.0450 -4.4179
X  0.5449 -0.8268 -0.1394
Y -0.2499 -0.0014 -0.9683
Z  0.8004  0.5624 -0.2074

PART 27
OFFSET  13.3891 -1.4108 -4.6634
X -0.2518  0.1904 -0.9489
Y -0.5078  0.8087  0.2970
Z  0.8239  0.5566 -0.1069

PART 28
OFFSET  13.0329 -1.2131 -5.8104
X -0.6039  0.6070 -0.5166
Y -0.1760  0.5306  0.8292
Z  0.7774  0.5916 -0.2136

PART 29
OFFSET  12.3509 -0.5275 -6.3939
X  0.5741 -0.5102 -0.6404
Y  0.4139 -0.4940  0.7646
Z -0.7064 -0.7041 -0.0724

PART 30
OFFSET  13.1743  0.7654 -4.8015
X  0.4752 -0.8095 -0.3449
Y -0.4696  0.0982 -0.8774
Z  0.7441  0.5789 -0.3334

PART 31
OFFSET  14.1026 -0.8160 -5.4752
X -0.6303  0.3628 -0.6864
Y -0.3037  0.6985  0.6480
Z  0.7145  0.6168 -0.3301

PART 32
OFFSET  13.1820 -0.2860 -6.4778
X -0.6481  0.7584  0.0694
Y  0.2581  0.1330  0.9569
Z  0.7165  0.6380 -0.2820

PART 33
OFFSET  12.4529  0.5774 -6.4020
X  0.2863 -0.7073 -0.6463
Y  0.6664 -0.3377  0.6647
Z -0.6885 -0.6210  0.3747

PART 34
OFFSET  12.8065  0.9854 -6.7936
X  0.4469  0.8501 -0.2786
Y -0.1181  0.3648  0.9236
Z  0.8868 -0.3798  0.2634

PART 35
OFFSET  12.6537 -3.8335 -7.3268
X  0.8304 -0.0375 -0.5559
Y  0.0152  0.9989 -0.0447
Z  0.5569  0.0287  0.8301

PART 36
OFFSET  12.6537 -3.8335 -7.3268
X  0.8304 -0.0375 -0.5559
Y  0.0152  0.9989 -0.0447
Z  0.5569  0.0287  0.8301

PART 37
OFFSET  15.5658 -3.7958 -8.8665
X  0.8304 -0.0375 -0.5559
Y -0.5546 -0.1512 -0.8183
Z -0.0533  0.9878 -0.1463

PART 38
OFFSET  14.0637 -2.4220 -7.9181
X  0.8304 -0.0375 -0.5559
Y -0.5546 -0.1512 -0.8183
Z -0.0533  0.9878 -0.1463

PART 39
OFFSET -86.1985 -46.5976  73.3649
X  0.8313 -0.0577 -0.5528
Y -0.5546 -0.1512 -0.8183
Z -0.0363  0.9868 -0.1577

PART 40
OFFSET -35.6597 -11.2143 -109.8840
X  0.8313 -0.0577 -0.5528
Y -0.5546 -0.1512 -0.8183
Z -0.0363  0.9868 -0.1577

PART 41
OFFSET -35.9669 -10.9945 -110.3715
X  0.8313 -0.0577 -0.5528
Y -0.5546 -0.1512 -0.8183
Z -0.0363  0.9868 -0.1577

PART 42
OFFSET -35.9912 -10.3701 -110.4781
X  0.8313 -0.0577 -0.5528
Y -0.5546 -0.1512 -0.8183
Z -0.0363  0.9868 -0.1577

PART 43
OFFSET -35.7005 -9.9813 -110.0844
X  0.8313 -0.0577 -0.5528
Y -0.5546 -0.1512 -0.8183
Z -0.0363  0.9868 -0.1577

PART 44
OFFSET -76.5277 -48.8821 -55.8501
X  0.8313 -0.0577 -0.5528
Y -0.5546 -0.1512 -0.8183
Z -0.0363  0.9868 -0.1577

PART 45
OFFSET -35.3727 -10.8175 -109.4969
X  0.8313 -0.0577 -0.5528
Y -0.5546 -0.1512 -0.8183
Z -0.0363  0.9868 -0.1577

PART 46
OFFSET -84.6582 -46.7045  72.3408
X  0.8313 -0.0577 -0.5528
Y -0.5546 -0.1512 -0.8183
Z -0.0363  0.9868 -0.1577

PART 47
OFFSET  13.2295 -3.6113 -6.2745
X  0.8304 -0.0375 -0.5559
Y  0.0152  0.9989 -0.0447
Z  0.5569  0.0287  0.8301

PART 48
OFFSET -7.8386 -6.7724 -1.5206
X -0.4907 -0.0561  0.8695
Y -0.3378 -0.9077 -0.2491
Z  0.8032 -0.4159  0.4264

PART 49
OFFSET -1.9046 -6.0943 -12.0368
X -0.8313 -0.1012 -0.5465
Y  0.5429  0.0624 -0.8375
Z  0.1188 -0.9929  0.0030

PART 50
OFFSET  5.1662 -5.2339 -7.3886
X -0.8313 -0.1012 -0.5465
Y  0.5494 -0.2983 -0.7805
Z -0.0841 -0.9491  0.3036

PART 51
OFFSET  5.8242 -3.9980 -5.9868
X -0.8349 -0.0988 -0.5415
Y -0.1243  0.9922  0.0106
Z  0.5362  0.0761 -0.8406

PART 52
OFFSET  5.6946 -4.6212 -4.9716
X -0.8349 -0.0988 -0.5415
Y -0.1243  0.9922  0.0106
Z  0.5362  0.0761 -0.8406

PART 53
OFFSET  6.0519 -5.9129 -5.0938
X -0.8349 -0.0988 -0.5415
Y -0.1243  0.9922  0.0106
Z  0.5362  0.0761 -0.8406

PART 54
OFFSET  7.7148 -4.9238 -5.7132
X -0.9511  0.1262  0.2820
Y -0.3074 -0.2929 -0.9054
Z -0.0317 -0.9478  0.3173

PART 55
OFFSET  8.4522 -4.3088 -5.0966
X -0.7658 -0.6249 -0.1515
Y  0.1993 -0.0066 -0.9799
Z  0.6114 -0.7807  0.1296

PART 56
OFFSET  10.0509 -2.9162 -4.6791
X -0.6942 -0.0836  0.7150
Y -0.5591 -0.5630 -0.6087
Z  0.4534 -0.8222  0.3440

PART 57
OFFSET  11.0874 -2.7227 -5.9081
X -0.4259 -0.0293  0.9043
Y -0.7519 -0.5445 -0.3717
Z  0.5033 -0.8383  0.2099

PART 58
OFFSET  11.5377 -2.6435 -6.8893
X -0.7926  0.4047  0.4561
Y  0.0887  0.8166 -0.5704
Z -0.6033 -0.4117 -0.6831

PART 59
OFFSET  8.1968 -5.1527 -6.9855
X -0.6993  0.0179  0.7146
Y  0.1718 -0.9662  0.1923
Z  0.6939  0.2573  0.6725

PART 60
OFFSET  9.8480 -5.0369 -8.5168
X -0.2693 -0.9159  0.2975
Y  0.5891 -0.4011 -0.7014
Z  0.7618 -0.0136  0.6476

PART 61
OFFSET  10.2293 -3.7401 -8.9380
X  0.3363 -0.8405 -0.4249
Y  0.5916  0.5396 -0.5990
Z  0.7327 -0.0499  0.6787

PART 62
OFFSET  9.9311 -2.9950 -8.5613
X  0.6398 -0.0557 -0.7665
Y  0.0405  0.9984 -0.0387
Z  0.7675 -0.0062  0.6410

PART 63
OFFSET  9.3233 -2.9421 -7.8331
X -0.6257 -0.5833  0.5179
Y -0.2842  0.7888  0.5450
Z -0.7264  0.1939 -0.6593

PART 64
OFFSET  8.6058 -5.1181 -6.4015
X -0.8253  0.0459  0.5629
Y  0.1259 -0.9567  0.2626
Z  0.5506  0.2875  0.7837

PART 65
OFFSET  10.6687 -5.3011 -7.9730
X -0.2259 -0.8862  0.4044
Y  0.5760 -0.4563 -0.6782
Z  0.7856  0.0797  0.6135

PART 66
OFFSET  11.0533 -3.7923 -8.6616
X  0.4779 -0.7077 -0.5204
Y  0.4144  0.7039 -0.5768
Z  0.7745  0.0600  0.6297

PART 67
OFFSET  10.3910 -2.8115 -7.9404
X  0.6239  0.1201 -0.7722
Y -0.1255  0.9907  0.0526
Z  0.7713  0.0641  0.6332

PART 68
OFFSET  9.7143 -2.9417 -7.1029
X -0.4015 -0.6612  0.6337
Y -0.4935  0.7391  0.4584
Z -0.7715 -0.1287 -0.6231

PART 69
OFFSET  3.9994 -4.6588 -3.6036
X -0.8442 -0.0881  0.5287
Y -0.2581  0.9314 -0.2568
Z -0.4698 -0.3532 -0.8090

PART 70
OFFSET  11.6407 -5.5470 -6.0114
X -0.5539 -0.3296  0.7645
Y  0.3733 -0.9192 -0.1258
Z  0.7442  0.2157  0.6322

PART 71
OFFSET  12.6159 -4.9667 -7.3575
X -0.4945 -0.4395  0.7499
Y  0.4787 -0.8578 -0.1871
Z  0.7255  0.2665  0.6345

PART 72
OFFSET  13.2611 -4.4162 -8.2306
X -0.2613 -0.8090  0.5265
Y  0.6659 -0.5459 -0.5085
Z  0.6988  0.2177  0.6813

PART 73
OFFSET  13.5562 -3.5024 -8.8253
X -0.3195  0.8174  0.4793
Y  0.3525  0.5720 -0.7406
Z -0.8796 -0.0677 -0.4709

PART 74
OFFSET  11.2114 -5.6812 -7.0205
X -0.3075 -0.8155  0.4902
Y  0.6848 -0.5474 -0.4811
Z  0.6607  0.1877  0.7268

PART 75
OFFSET  11.8123 -4.0880 -7.9782
X  0.5189 -0.8133 -0.2633
Y  0.5128  0.5426 -0.6654
Z  0.6840  0.2102  0.6985

PART 76
OFFSET  11.0544 -2.9001 -7.5936
X  0.6856  0.0369 -0.7270
Y -0.2137  0.9649 -0.1525
Z  0.6959  0.2599  0.6695

PART 77
OFFSET  10.2728 -2.9431 -6.7750
X -0.4337 -0.6612  0.6121
Y -0.5513  0.7321  0.4002
Z -0.7127 -0.1638 -0.6821

PART 78
OFFSET  0.0000 -0.0000 -0.0000
X  1.0000 -0.0000  0.0000
Y  0.0000  1.0000  0.0000
Z  0.0000 -0.0000  1.0000

PART 79
OFFSET -0.0000 -0.0000 -0.0000
X  0.9963  0.0008 -0.0855
Y -0.0021  0.9999 -0.0148
Z  0.0855  0.0150  0.9962

PART 80
OFFSET  1.8882  0.0632  3.9885
X  0.9963  0.0008 -0.0855
Y -0.0021  0.9999 -0.0148
Z  0.0855  0.0150  0.9962


FRAME 706
PART 0
OFFSET -4.6318 -0.0000 -1.3770
X  1.0000 -0.0000  0.0000
Y  0.0000  1.0000  0.0000
Z  0.0000 -0.0000  1.0000

PART 1
OFFSET -4.6318 -0.0000 -1.3770
X  1.0000 -0.0000  0.0000
Y  0.0000  1.0000  0.0000
Z  0.0000 -0.0000  1.0000

PART 2
OFFSET -6.7281  3.8438 -4.9859
X  0.7186  0.5993 -0.3527
Y  0.2759 -0.7113 -0.6465
Z -0.6383  0.3673 -0.6765

PART 3
OFFSET  1.9628  11.0921 -9.2512
X  0.7052 -0.6655  0.2448
Y -0.7036 -0.6138  0.3581
Z -0.0880 -0.4247 -0.9011

PART 4
OFFSET  7.9604  5.4320 -7.1694
X  0.7052 -0.6655  0.2448
Y -0.7079 -0.6408  0.2971
Z -0.0409 -0.3828 -0.9229

PART 5
OFFSET  9.7674  5.5316 -6.3977
X  0.7096 -0.6606  0.2451
Y  0.0961  0.4353  0.8951
Z -0.6980 -0.6116  0.3724

PART 6
OFFSET  9.4946  5.2177 -8.0288
X  0.7096 -0.6606  0.2451
Y  0.0961  0.4353  0.8951
Z -0.6980 -0.6116  0.3724

PART 7
OFFSET  8.3412  3.5766 -5.4595
X  0.7096 -0.6606  0.2451
Y  0.0961  0.4353  0.8951
Z -0.6980 -0.6116  0.3724

PART 8
OFFSET  8.0025  2.9477 -6.6002
X  0.7096 -0.6606  0.2451
Y  0.0961  0.4353  0.8951
Z -0.6980 -0.6116  0.3724

PART 9
OFFSET  8.3534  3.5348 -7.5841
X  0.7096 -0.6606  0.2451
Y  0.0961  0.4353  0.8951
Z -0.6980 -0.6116  0.3724

PART 10
OFFSET  10.1222  3.3919 -6.4191
X  0.6587 -0.6796  0.3228
Y -0.7522 -0.5861  0.3009
Z -0.0153 -0.4411 -0.8973

PART 11
OFFSET  9.6863  2.3394 -6.3519
X  0.1357 -0.9907  0.0121
Y -0.7930 -0.1013  0.6007
Z -0.5939 -0.0911 -0.7994

PART 12
OFFSET  9.8669  0.1864 -6.3103
X  0.5527 -0.8309  0.0635
Y -0.7825 -0.4913  0.3824
Z -0.2866 -0.2611 -0.9218

PART 13
OFFSET  10.7738 -1.1549 -6.3339
X  0.1337 -0.9894  0.0562
Y -0.8784 -0.0921  0.4689
Z -0.4588 -0.1120 -0.8815

PART 14
OFFSET  10.8825 -2.2316 -6.3055
X  0.2124 -0.6774  0.7043
Y  0.5342  0.6840  0.4968
Z -0.8183  0.2707  0.5071

PART 15
OFFSET  11.4820  3.3552 -6.6495
X  0.9164 -0.3976  0.0467
Y -0.1244 -0.3936 -0.9108
Z  0.3805  0.8288 -0.4102

PART 16
OFFSET  13.4702  2.2929 -6.5965
X  0.1445 -0.8884 -0.4357
Y -0.9235  0.0371 -0.3819
Z  0.3554  0.4576 -0.8150

PART 17
OFFSET  13.6749  1.0351 -7.2134
X -0.9168  0.0662 -0.3937
Y -0.1072  0.9091  0.4025
Z  0.3846  0.4113 -0.8264

PART 18
OFFSET  12.8620  1.0938 -7.5625
X -0.4255  0.8540  0.2995
Y  0.8190  0.2227  0.5288
Z  0.3849  0.4703 -0.7942

PART 19
OFFSET  12.4577  1.9050 -7.2780
X -0.2443 -0.8610 -0.4461
Y  0.9408 -0.3220  0.1061
Z -0.2350 -0.3938  0.8887

PART 20
OFFSET  11.1291  2.8778 -6.2532
X  0.8578 -0.4694  0.2094
Y  0.0042 -0.4009 -0.9161
Z  0.5140  0.7867 -0.3419

PART 21
OFFSET  13.3346  1.5833 -5.7861
X  0.2194 -0.8824 -0.4163
Y -0.8372  0.0487 -0.5446
Z  0.5009  0.4680 -0.7281

PART 22
OFFSET  13.7082  0.0811 -6.4948
X -0.8580  0.2563 -0.4451
Y -0.0086  0.8592  0.5115
Z  0.5135  0.4427 -0.7350

PART 23
OFFSET  12.5191  0.4363 -7.1116
X -0.1823  0.8935  0.4103
Y  0.8351 -0.0796  0.5442
Z  0.5190  0.4419 -0.7317

PART 24
OFFSET  12.3214  1.4054 -6.6667
X -0.3022 -0.6649 -0.6831
Y  0.7656 -0.5962  0.2417
Z -0.5679 -0.4499  0.6892

PART 25
OFFSET  10.9502  0.1297 -5.4271
X  0.7610 -0.6487 -0.0040
Y  0.1766  0.2013  0.9635
Z -0.6242 -0.7339  0.2678

PART 26
OFFSET  12.1272  0.4655 -4.6008
X  0.4807 -0.8725 -0.0877
Y -0.3395 -0.0930 -0.9360
Z  0.8085  0.4797 -0.3409

PART 27
OFFSET  12.9735 -1.0707 -4.7551
X -0.2745 -0.0029 -0.9616
Y -0.4708  0.8724  0.1318
Z  0.8385  0.4888 -0.2408

PART 28
OFFSET  12.5889 -1.1039 -5.9095
X -0.5946  0.4877 -0.6392
Y -0.1498  0.7139  0.6840
Z  0.7899  0.5025 -0.3514

PART 29
OFFSET  11.9172 -0.5530 -6.6315
X  0.5510 -0.6619 -0.5082
Y  0.4113 -0.3145  0.8555
Z -0.7261 -0.6805  0.0989

PART 30
OFFSET  12.8703  1.0947 -5.1226
X  0.3999 -0.8699 -0.2886
Y -0.5425  0.0291 -0.8395
Z  0.7387  0.4923 -0.4603

PART 31
OFFSET  13.6515 -0.6047 -5.6865
X -0.6441  0.2311 -0.7292
Y -0.2821  0.8144  0.5072
Z  0.7110  0.5324 -0.4594

PART 32
OFFSET  12.7107 -0.2672 -6.7516
X -0.6547  0.7472 -0.1139
Y  0.2471  0.3539  0.9020
Z  0.7143  0.5624 -0.4164

PART 33
OFFSET  11.9741  0.5829 -6.8841
X  0.2986 -0.8350 -0.4622
Y  0.6621 -0.1676  0.7304
Z -0.6874 -0.5241  0.5028

PART 34
OFFSET  12.2901  1.1930 -7.0735
X  0.4693  0.7893 -0.3960
Y  0.0153  0.4411  0.8973
Z  0.8829 -0.4272  0.1949

PART 35
OFFSET  12.6555 -3.8346 -7.3237
X  0.8302 -0.0371 -0.5562
Y  0.0155  0.9989 -0.0435
Z  0.5572  0.0275  0.8299

PART 36
OFFSET  12.6555 -3.8346 -7.3237
X  0.8302 -0.0371 -0.5562
Y  0.0155  0.9989 -0.0435
Z  0.5572  0.0275  0.8299

PART 37
OFFSET  15.5671 -3.7959 -8.8643
X  0.8302 -0.0371 -0.5562
Y -0.5549 -0.1500 -0.8183
Z -0.0531  0.9880 -0.1451

PART 38
OFFSET  14.0657 -2.4228 -7.9137
X  0.8302 -0.0371 -0.5562
Y -0.5549 -0.1500 -0.8183
Z -0.0531  0.9880 -0.1451

PART 39
OFFSET -86.1811 -46.6679  73.3505
X  0.8311 -0.0573 -0.5531
Y -0.5549 -0.1500 -0.8183
Z -0.0361  0.9870 -0.1565

PART 40
OFFSET -35.6949 -11.0793 -109.8731
X  0.8311 -0.0573 -0.5531
Y -0.5549 -0.1500 -0.8183
Z -0.0361  0.9870 -0.1565

PART 41
OFFSET -36.0023 -10.8589 -110.3603
X  0.8311 -0.0573 -0.5531
Y -0.5549 -0.1500 -0.8183
Z -0.0361  0.9870 -0.1565

PART 42
OFFSET -36.0263 -10.2343 -110.4662
X  0.8311 -0.0573 -0.5531
Y -0.5549 -0.1500 -0.8183
Z -0.0361  0.9870 -0.1565

PART 43
OFFSET -35.7354 -9.8461 -110.0721
X  0.8311 -0.0573 -0.5531
Y -0.5549 -0.1500 -0.8183
Z -0.0361  0.9870 -0.1565

PART 44
OFFSET -74.6765 -47.4564 -55.0366
X  0.8201 -0.0349 -0.5712
Y -0.5703 -0.1329 -0.8106
Z -0.0477  0.9905 -0.1289

PART 45
OFFSET -35.4077 -10.6830 -109.4856
X  0.8311 -0.0573 -0.5531
Y -0.5549 -0.1500 -0.8183
Z -0.0361  0.9870 -0.1565

PART 46
OFFSET -84.6412 -46.7740  72.3258
X  0.8311 -0.0573 -0.5531
Y -0.5549 -0.1500 -0.8183
Z -0.0361  0.9870 -0.1565

PART 47
OFFSET  13.2317 -3.6139 -6.2714
X  0.8302 -0.0371 -0.5562
Y  0.0155  0.9989 -0.0435
Z  0.5572  0.0275  0.8299

PART 48
OFFSET -7.8386 -6.7724 -1.5206
X -0.4909 -0.0561  0.8694
Y -0.3378 -0.9076 -0.2493
Z  0.8030 -0.4161  0.4266

PART 49
OFFSET -1.9017 -6.0937 -12.0351
X -0.8313 -0.1010 -0.5467
Y  0.5431  0.0625 -0.8374
Z  0.1187 -0.9929  0.0029

PART 50
OFFSET  5.1684 -5.2350 -7.3856
X -0.8313 -0.1010 -0.5467
Y  0.5495 -0.2975 -0.7807
Z -0.0838 -0.9494  0.3028

PART 51
OFFSET  5.8264 -3.9994 -5.9835
X -0.8348 -0.0986 -0.5417
Y -0.1241  0.9922  0.0107
Z  0.5364  0.0761 -0.8405

PART 52
OFFSET  5.6966 -4.6227 -4.9684
X -0.8348 -0.0986 -0.5417
Y -0.1241  0.9922  0.0107
Z  0.5364  0.0761 -0.8405

PART 53
OFFSET  6.0537 -5.9144 -5.0907
X -0.8348 -0.0986 -0.5417
Y -0.1241  0.9922  0.0107
Z  0.5364  0.0761 -0.8405

PART 54
OFFSET  7.7168 -4.9255 -5.7097
X -0.9509  0.1262  0.2825
Y -0.3078 -0.2917 -0.9056
Z -0.0318 -0.9482  0.3162

PART 55
OFFSET  8.4546 -4.3115 -5.0927
X -0.7661 -0.6245 -0.1520
Y  0.1989 -0.0055 -0.9800
Z  0.6112 -0.7810  0.1284

PART 56
OFFSET  10.0538 -2.9198 -4.6740
X -0.6939 -0.0843  0.7151
Y -0.5595 -0.5621 -0.6092
Z  0.4533 -0.8228  0.3429

PART 57
OFFSET  11.0900 -2.7251 -5.9031
X -0.4256 -0.0302  0.9044
Y -0.7522 -0.5438 -0.3721
Z  0.5031 -0.8386  0.2087

PART 58
OFFSET  11.5399 -2.6448 -6.8844
X -0.7923  0.4043  0.4569
Y  0.0887  0.8172 -0.5694
Z -0.6036 -0.4107 -0.6834

PART 59
OFFSET  8.1983 -5.1530 -6.9824
X -0.6990  0.0172  0.7149
Y  0.1716 -0.9664  0.1911
Z  0.6942  0.2563  0.6726

PART 60
OFFSET  9.8490 -5.0358 -8.5142
X -0.2695 -0.9162  0.2965
Y  0.5888 -0.4004 -0.7021
Z  0.7620 -0.0146  0.6474

PART 61
OFFSET  10.2305 -3.7387 -8.9340
X  0.3359 -0.8401 -0.4260
Y  0.5916  0.5401 -0.5986
Z  0.7329 -0.0509  0.6784

PART 62
OFFSET  9.9327 -2.9939 -8.5563
X  0.6395 -0.0549 -0.7668
Y  0.0407  0.9985 -0.0375
Z  0.7677 -0.0072  0.6408

PART 63
OFFSET  9.3251 -2.9417 -7.8278
X -0.6257 -0.5837  0.5174
Y -0.2838  0.7882  0.5461
Z -0.7266  0.1949 -0.6588

PART 64
OFFSET  8.6076 -5.1193 -6.3985
X -0.8251  0.0455  0.5632
Y  0.1257 -0.9570  0.2614
Z  0.5509  0.2864  0.7839

PART 65
OFFSET  10.6698 -5.3009 -7.9710
X -0.2260 -0.8866  0.4035
Y  0.5756 -0.4557 -0.6790
Z  0.7859  0.0788  0.6134

PART 66
OFFSET  11.0546 -3.7914 -8.6579
X  0.4775 -0.7072 -0.5214
Y  0.4144  0.7045 -0.5761
Z  0.7748  0.0590  0.6295

PART 67
OFFSET  10.3928 -2.8113 -7.9353
X  0.6237  0.1208 -0.7723
Y -0.1253  0.9907  0.0539
Z  0.7715  0.0631  0.6330

PART 68
OFFSET  9.7164 -2.9423 -7.0978
X -0.4015 -0.6618  0.6331
Y -0.4931  0.7387  0.4595
Z -0.7718 -0.1277 -0.6230

PART 69
OFFSET  4.0023 -4.6620 -3.5986
X -0.8441 -0.0885  0.5289
Y -0.2579  0.9317 -0.2556
Z -0.4702 -0.3521 -0.8093

PART 70
OFFSET  11.6424 -5.5494 -6.0100
X -0.5537 -0.3304  0.7643
Y  0.3730 -0.9191 -0.1271
Z  0.7445  0.2147  0.6322

PART 71
OFFSET  12.6173 -4.9678 -7.3558
X -0.4943 -0.4402  0.7495
Y  0.4784 -0.8577 -0.1883
Z  0.7258  0.2655  0.6346

PART 72
OFFSET  13.2624 -4.4164 -8.2284
X -0.2613 -0.8096  0.5256
Y  0.6655 -0.5455 -0.5094
Z  0.6991  0.2167  0.6814

PART 73
OFFSET  13.5576 -3.5020 -8.8221
X -0.3191  0.8170  0.4804
Y  0.3524  0.5728 -0.7401
Z -0.8798 -0.0669 -0.4707

PART 74
OFFSET  11.2128 -5.6823 -7.0191
X -0.3076 -0.8160  0.4893
Y  0.6845 -0.5470 -0.4820
Z  0.6610  0.1867  0.7268

PART 75
OFFSET  11.8137 -4.0882 -7.9751
X  0.5185 -0.8131 -0.2645
Y  0.5127  0.5432 -0.6649
Z  0.6843  0.2092  0.6986

PART 76
OFFSET  11.0564 -2.9005 -7.5888
X  0.6854  0.0376 -0.7272
Y -0.2135  0.9652 -0.1513
Z  0.6962  0.2589  0.6695

PART 77
OFFSET  10.2750 -2.9443 -6.7700
X -0.4337 -0.6619  0.6114
Y -0.5509  0.7317  0.4013
Z -0.7130 -0.1628 -0.6820

PART 78
OFFSET  0.0000 -0.0000 -0.0000
X  1.0000 -0.0000  0.0000
Y  0.0000  1.0000  0.0000
Z  0.0000 -0.0000  1.0000

PART 79
OFFSET -0.0000 -0.0000 -0.0000
X  0.9963  0.0008 -0.0855
Y -0.0021  0.9999 -0.0148
Z  0.0855  0.0149  0.9962

PART 80
OFFSET  1.8882  0.0629  3.9885
X  0.9963  0.0008 -0.0855
Y -0.0021  0.9999 -0.0148
Z  0.0855  0.0149  0.9962


FRAME 707
PART 0
OFFSET -4.6318 -0.0000 -1.3770
X  1.0000 -0.0000  0.0000
Y  0.0000  1.0000  0.0000
Z  0.0000 -0.0000  1.0000

PART 1
OFFSET -4.6318 -0.0000 -1.3770
X  1.0000 -0.0000  0.0000
Y  0.0000  1.0000  0.0000
Z  0.0000 -0.0000  1.0000

PART 2
OFFSET -6.7281  3.8438 -4.9859
X  0.6737  0.6403 -0.3691
Y  0.2962 -0.6915 -0.6588
Z -0.6770  0.3345 -0.6555

PART 3
OFFSET  1.4194  11.5869 -9.4496
X  0.7148 -0.6575  0.2381
Y -0.6935 -0.6225  0.3627
Z -0.0903 -0.4244 -0.9010

PART 4
OFFSET  7.4992  5.9944 -7.4242
X  0.7148 -0.6575  0.2381
Y -0.6705 -0.5478  0.5003
Z -0.1985 -0.5173 -0.8324

PART 5
OFFSET  9.3110  6.1140 -6.6667
X  0.7192 -0.6526  0.2384
Y  0.0982  0.4352  0.8950
Z -0.6878 -0.6202  0.3770

PART 6
OFFSET  9.0289  5.7993 -8.2962
X  0.7192 -0.6526  0.2384
Y  0.0982  0.4352  0.8950
Z -0.6878 -0.6202  0.3770

PART 7
OFFSET  7.9153  4.1412 -5.7202
X  0.7192 -0.6526  0.2384
Y  0.0982  0.4352  0.8950
Z -0.6878 -0.6202  0.3770

PART 8
OFFSET  7.5749  3.5100 -6.8591
X  0.7192 -0.6526  0.2384
Y  0.0982  0.4352  0.8950
Z -0.6878 -0.6202  0.3770

PART 9
OFFSET  7.9110  4.1025 -7.8449
X  0.7192 -0.6526  0.2384
Y  0.0982  0.4352  0.8950
Z -0.6878 -0.6202  0.3770

PART 10
OFFSET  9.6906  3.9787 -6.6942
X  0.6394 -0.7119  0.2904
Y -0.7382 -0.4627  0.4909
Z -0.2152 -0.5283 -0.8214

PART 11
OFFSET  9.1775  2.9950 -6.4271
X  0.0078 -0.9971  0.0759
Y -0.7351  0.0457  0.6764
Z -0.6779 -0.0610 -0.7326

PART 12
OFFSET  9.0832  0.8445 -6.2366
X  0.4333 -0.8973  0.0848
Y -0.8026 -0.3413  0.4892
Z -0.4100 -0.2801 -0.8680

PART 13
OFFSET  9.7847 -0.6150 -6.2260
X -0.0397 -0.9876  0.1518
Y -0.8312  0.1170  0.5435
Z -0.5546 -0.1046 -0.8255

PART 14
OFFSET  9.7022 -1.6858 -6.0904
X  0.1556 -0.6377  0.7544
Y  0.6929  0.6148  0.3768
Z -0.7040  0.4641  0.5376

PART 15
OFFSET  10.9785  3.7649 -7.1402
X  0.8691 -0.4914 -0.0570
Y -0.3200 -0.4705 -0.8223
Z  0.3772  0.7329 -0.5662

PART 16
OFFSET  12.8371  2.4965 -7.2867
X  0.1072 -0.9428 -0.3156
Y -0.9616 -0.0177 -0.2738
Z  0.2525  0.3329 -0.9085

PART 17
OFFSET  12.9889  1.1616 -7.7335
X -0.8982 -0.2581 -0.3557
Y -0.3380  0.9230  0.1838
Z  0.2809  0.2853 -0.9163

PART 18
OFFSET  12.1925  0.9328 -8.0489
X -0.7885  0.6150  0.0052
Y  0.5546  0.7074  0.4383
Z  0.2659  0.3485 -0.8988

PART 19
OFFSET  11.4434  1.5170 -8.0440
X  0.2165 -0.9648 -0.1491
Y  0.9597  0.1823  0.2140
Z -0.1793 -0.1894  0.9654

PART 20
OFFSET  10.6587  3.3746 -6.6353
X  0.8339 -0.5386  0.1206
Y -0.1956 -0.4928 -0.8479
Z  0.5161  0.6835 -0.5162

PART 21
OFFSET  12.7820  1.8958 -6.3842
X  0.1754 -0.9413 -0.2886
Y -0.8954 -0.0306 -0.4442
Z  0.4093  0.3363 -0.8482

PART 22
OFFSET  13.0806  0.2933 -6.8755
X -0.8811 -0.0822 -0.4658
Y -0.2144  0.9472  0.2385
Z  0.4216  0.3100 -0.8521

PART 23
OFFSET  11.8595  0.1794 -7.5211
X -0.5747  0.8183  0.0110
Y  0.6981  0.4832  0.5284
Z  0.4270  0.3114 -0.8490

PART 24
OFFSET  11.2362  1.0668 -7.5091
X  0.0931 -0.9311 -0.3526
Y  0.8823 -0.0870  0.4625
Z -0.4613 -0.3542  0.8135

PART 25
OFFSET  10.3743  0.7662 -5.4598
X  0.6845 -0.7272 -0.0501
Y  0.3626  0.2801  0.8888
Z -0.6324 -0.6266  0.4555

PART 26
OFFSET  11.7053  1.0520 -4.8872
X  0.4249 -0.9045  0.0371
Y -0.4642 -0.2529 -0.8489
Z  0.7772  0.3435 -0.5273

PART 27
OFFSET  12.4534 -0.5405 -4.8219
X -0.2594 -0.4306 -0.8645
Y -0.5192  0.8169 -0.2511
Z  0.8143  0.3837 -0.4355

PART 28
OFFSET  12.0885 -1.0873 -5.8464
X -0.5941  0.0633 -0.8019
Y -0.2432  0.9361  0.2540
Z  0.7668  0.3459 -0.5407

PART 29
OFFSET  11.4175 -1.0158 -6.7522
X  0.6286 -0.7684 -0.1203
Y  0.3860  0.1739  0.9060
Z -0.6752 -0.6159  0.4059

PART 30
OFFSET  12.3993  1.5351 -5.5981
X  0.3350 -0.9291 -0.1568
Y -0.6437 -0.1042 -0.7581
Z  0.6880  0.3549 -0.6330

PART 31
OFFSET  13.0537 -0.2800 -5.9043
X -0.6430 -0.1408 -0.7528
Y -0.3878  0.9075  0.1614
Z  0.6604  0.3957 -0.6382

PART 32
OFFSET  12.1145 -0.4857 -7.0039
X -0.7484  0.4650 -0.4730
Y  0.0755  0.7682  0.6358
Z  0.6590  0.4401 -0.6100

PART 33
OFFSET  11.2715  0.0436 -7.5444
X  0.4835 -0.8753 -0.0044
Y  0.5871  0.3206  0.7433
Z -0.6493 -0.3620  0.6689

PART 34
OFFSET  11.4940  1.4928 -7.4232
X  0.4630  0.6854 -0.5621
Y  0.2152  0.5283  0.8214
Z  0.8599 -0.5012  0.0971

PART 35
OFFSET  12.6604 -3.8377 -7.3151
X  0.8297 -0.0359 -0.5571
Y  0.0162  0.9991 -0.0403
Z  0.5580  0.0244  0.8295

PART 36
OFFSET  12.6604 -3.8377 -7.3151
X  0.8297 -0.0359 -0.5571
Y  0.0162  0.9991 -0.0403
Z  0.5580  0.0244  0.8295

PART 37
OFFSET  15.5705 -3.7962 -8.8584
X  0.8297 -0.0359 -0.5571
Y -0.5558 -0.1469 -0.8182
Z -0.0525  0.9885 -0.1419

PART 38
OFFSET  14.0711 -2.4251 -7.9019
X  0.8297 -0.0359 -0.5571
Y -0.5558 -0.1469 -0.8182
Z -0.0525  0.9885 -0.1419

PART 39
OFFSET -86.1322 -46.8604  73.3122
X  0.8306 -0.0561 -0.5541
Y -0.5558 -0.1469 -0.8182
Z -0.0355  0.9876 -0.1532

PART 40
OFFSET -35.7925 -10.7102 -109.8418
X  0.8306 -0.0561 -0.5541
Y -0.5558 -0.1469 -0.8182
Z -0.0355  0.9876 -0.1532

PART 41
OFFSET -36.1002 -10.4880 -110.3279
X  0.8306 -0.0561 -0.5541
Y -0.5558 -0.1469 -0.8182
Z -0.0355  0.9876 -0.1532

PART 42
OFFSET -36.1239 -9.8630 -110.4317
X  0.8306 -0.0561 -0.5541
Y -0.5558 -0.1469 -0.8182
Z -0.0355  0.9876 -0.1532

PART 43
OFFSET -35.8323 -9.4763 -110.0367
X  0.8306 -0.0561 -0.5541
Y -0.5558 -0.1469 -0.8182
Z -0.0355  0.9876 -0.1532

PART 44
OFFSET -69.6021 -43.5626 -52.7891
X  0.7852  0.0282 -0.6186
Y -0.6149 -0.0824 -0.7843
Z -0.0731  0.9962 -0.0474

PART 45
OFFSET -35.5046 -10.3154 -109.4533
X  0.8306 -0.0561 -0.5541
Y -0.5558 -0.1469 -0.8182
Z -0.0355  0.9876 -0.1532

PART 46
OFFSET -84.5934 -46.9643  72.2857
X  0.8306 -0.0561 -0.5541
Y -0.5558 -0.1469 -0.8182
Z -0.0355  0.9876 -0.1532

PART 47
OFFSET  13.2378 -3.6209 -6.2626
X  0.8297 -0.0359 -0.5571
Y  0.0162  0.9991 -0.0403
Z  0.5580  0.0244  0.8295

PART 48
OFFSET -7.8386 -6.7724 -1.5206
X -0.4916 -0.0563  0.8690
Y -0.3380 -0.9073 -0.2500
Z  0.8026 -0.4166  0.4270

PART 49
OFFSET -1.8936 -6.0920 -12.0304
X -0.8310 -0.1004 -0.5471
Y  0.5435  0.0625 -0.8371
Z  0.1183 -0.9930  0.0026

PART 50
OFFSET  5.1747 -5.2380 -7.3772
X -0.8310 -0.1004 -0.5471
Y  0.5500 -0.2952 -0.7813
Z -0.0831 -0.9501  0.3005

PART 51
OFFSET  5.8325 -4.0032 -5.9744
X -0.8346 -0.0980 -0.5421
Y -0.1237  0.9923  0.0110
Z  0.5368  0.0762 -0.8403

PART 52
OFFSET  5.7020 -4.6268 -4.9596
X -0.8346 -0.0980 -0.5421
Y -0.1237  0.9923  0.0110
Z  0.5368  0.0762 -0.8403

PART 53
OFFSET  6.0585 -5.9186 -5.0822
X -0.8346 -0.0980 -0.5421
Y -0.1237  0.9923  0.0110
Z  0.5368  0.0762 -0.8403

PART 54
OFFSET  7.7224 -4.9302 -5.7000
X -0.9506  0.1259  0.2838
Y -0.3088 -0.2885 -0.9063
Z -0.0323 -0.9492  0.3131

PART 55
OFFSET  8.4612 -4.3187 -5.0817
X -0.7667 -0.6235 -0.1533
Y  0.1980 -0.0024 -0.9802
Z  0.6107 -0.7819  0.1253

PART 56
OFFSET  10.0619 -2.9296 -4.6600
X -0.6933 -0.0861  0.7155
Y -0.5605 -0.5597 -0.6105
Z  0.4530 -0.8242  0.3398

PART 57
OFFSET  11.0970 -2.7317 -5.8895
X -0.4247 -0.0329  0.9047
Y -0.7529 -0.5421 -0.3732
Z  0.5027 -0.8397  0.2055

PART 58
OFFSET  11.5461 -2.6486 -6.8709
X -0.7916  0.4034  0.4589
Y  0.0888  0.8190 -0.5669
Z -0.6046 -0.4080 -0.6841

PART 59
OFFSET  8.2025 -5.1539 -6.9740
X -0.6983  0.0154  0.7156
Y  0.1711 -0.9672  0.1878
Z  0.6950  0.2536  0.6728

PART 60
OFFSET  9.8518 -5.0330 -8.5068
X -0.2699 -0.9170  0.2938
Y  0.5878 -0.3986 -0.7040
Z  0.7626 -0.0173  0.6466

PART 61
OFFSET  10.2340 -3.7347 -8.9228
X  0.3349 -0.8389 -0.4291
Y  0.5914  0.5416 -0.5974
Z  0.7335 -0.0537  0.6775

PART 62
OFFSET  9.9371 -2.9909 -8.5423
X  0.6387 -0.0529 -0.7676
Y  0.0414  0.9986 -0.0343
Z  0.7683 -0.0099  0.6400

PART 63
OFFSET  9.3302 -2.9407 -7.8131
X -0.6257 -0.5850  0.5161
Y -0.2827  0.7866  0.5489
Z -0.7271  0.1976 -0.6575

PART 64
OFFSET  8.6124 -5.1224 -6.3903
X -0.8245  0.0442  0.5642
Y  0.1252 -0.9580  0.2581
Z  0.5519  0.2835  0.7843

PART 65
OFFSET  10.6730 -5.3005 -7.9653
X -0.2263 -0.8878  0.4008
Y  0.5746 -0.4539 -0.6810
Z  0.7865  0.0762  0.6129

PART 66
OFFSET  11.0583 -3.7890 -8.6476
X  0.4765 -0.7059 -0.5241
Y  0.4144  0.7061 -0.5742
Z  0.7754  0.0564  0.6290

PART 67
OFFSET  10.3979 -2.8107 -7.9212
X  0.6231  0.1229 -0.7724
Y -0.1245  0.9906  0.0572
Z  0.7722  0.0605  0.6325

PART 68
OFFSET  9.7221 -2.9440 -7.0835
X -0.4014 -0.6636  0.6313
Y -0.4921  0.7376  0.4624
Z -0.7724 -0.1251 -0.6226

PART 69
OFFSET  4.0100 -4.6708 -3.5845
X -0.8436 -0.0896  0.5294
Y -0.2574  0.9328 -0.2523
Z -0.4712 -0.3491 -0.8100

PART 70
OFFSET  11.6472 -5.5561 -6.0061
X -0.5533 -0.3325  0.7638
Y  0.3721 -0.9190 -0.1304
Z  0.7452  0.2121  0.6322

PART 71
OFFSET  12.6213 -4.9708 -7.3509
X -0.4940 -0.4423  0.7486
Y  0.4776 -0.8575 -0.1915
Z  0.7266  0.2629  0.6348

PART 72
OFFSET  13.2660 -4.4171 -8.2223
X -0.2614 -0.8111  0.5232
Y  0.6646 -0.5443 -0.5118
Z  0.6999  0.2140  0.6814

PART 73
OFFSET  13.5613 -3.5009 -8.8133
X -0.3180  0.8156  0.4834
Y  0.3521  0.5750 -0.7385
Z -0.8803 -0.0646 -0.4701

PART 74
OFFSET  11.2166 -5.6854 -7.0152
X -0.3078 -0.8174  0.4870
Y  0.6836 -0.5460 -0.4844
Z  0.6618  0.1838  0.7268

PART 75
OFFSET  11.8178 -4.0886 -7.9665
X  0.5177 -0.8126 -0.2676
Y  0.5125  0.5450 -0.6636
Z  0.6851  0.2064  0.6986

PART 76
OFFSET  11.0617 -2.9016 -7.5756
X  0.6847  0.0395 -0.7277
Y -0.2129  0.9658 -0.1479
Z  0.6970  0.2562  0.6697

PART 77
OFFSET  10.2811 -2.9475 -6.7563
X -0.4336 -0.6635  0.6097
Y -0.5500  0.7308  0.4042
Z -0.7138 -0.1601 -0.6819

PART 78
OFFSET  0.0000 -0.0000 -0.0000
X  1.0000 -0.0000  0.0000
Y  0.0000  1.0000  0.0000
Z  0.0000 -0.0000  1.0000

PART 79
OFFSET -0.0000 -0.0000 -0.0000
X  0.9963  0.0008 -0.0855
Y -0.0021  0.9999 -0.0146
Z  0.0855  0.0147  0.9962

PART 80
OFFSET  1.8882  0.0622  3.9885
X  0.9963  0.0008 -0.0855
Y -0.0021  0.9999 -0.0146
Z  0.0855  0.0147  0.9962


FRAME 708
PART 0
OFFSET -4.6318 -0.0000 -1.3770
X  1.0000 -0.0000  0.0000
Y  0.0000  1.0000  0.0000
Z  0.0000 -0.0000  1.0000

PART 1
OFFSET -4.6318 -0.0000 -1.3770
X  1.0000 -0.0000  0.0000
Y  0.0000  1.0000  0.0000
Z  0.0000 -0.0000  1.0000

PART 2
OFFSET -6.7281  3.8438 -4.9859
X  0.6189  0.6846 -0.3852
Y  0.3190 -0.6672 -0.6732
Z -0.7178  0.2937 -0.6312

PART 3
OFFSET  0.7564  12.1228 -9.6445
X  0.7309 -0.6430  0.2286
Y -0.6763 -0.6376  0.3689
Z -0.0915 -0.4243 -0.9009

PART 4
OFFSET  6.9732  6.6535 -7.7000
X  0.7309 -0.6430  0.2286
Y -0.5853 -0.4183  0.6946
Z -0.3510 -0.6415 -0.6821

PART 5
OFFSET  8.7905  6.8091 -6.9624
X  0.7352 -0.6380  0.2289
Y  0.0991  0.4352  0.8949
Z -0.6706 -0.6352  0.3832

PART 6
OFFSET  8.4968  6.4921 -8.5893
X  0.7352 -0.6380  0.2289
Y  0.0991  0.4352  0.8949
Z -0.6706 -0.6352  0.3832

PART 7
OFFSET  7.4467  4.8056 -6.0051
X  0.7352 -0.6380  0.2289
Y  0.0991  0.4352  0.8949
Z -0.6706 -0.6352  0.3832

PART 8
OFFSET  7.1068  4.1700 -7.1417
X  0.7352 -0.6380  0.2289
Y  0.0991  0.4352  0.8949
Z -0.6706 -0.6352  0.3832

PART 9
OFFSET  7.4195  4.7715 -8.1297
X  0.7352 -0.6380  0.2289
Y  0.0991  0.4352  0.8949
Z -0.6706 -0.6352  0.3832

PART 10
OFFSET  9.2140  4.6822 -6.9992
X  0.6150 -0.7460  0.2555
Y -0.6631 -0.3139  0.6795
Z -0.4267 -0.5873 -0.6877

PART 11
OFFSET  8.6755  3.8025 -6.5108
X -0.1277 -0.9792  0.1579
Y -0.6532  0.2029  0.7295
Z -0.7463 -0.0100 -0.6655

PART 12
OFFSET  8.2932  1.7093 -6.1342
X  0.2950 -0.9463  0.1325
Y -0.7964 -0.1670  0.5812
Z -0.5279 -0.2770 -0.8029

PART 13
OFFSET  8.7578  0.1606 -6.0450
X -0.2129 -0.9382  0.2728
Y -0.7393  0.3373  0.5829
Z -0.6389 -0.0776 -0.7654

PART 14
OFFSET  8.4857 -0.8518 -5.7751
X  0.1009 -0.5732  0.8132
Y  0.8295  0.4998  0.2494
Z -0.5494  0.6493  0.5259

PART 15
OFFSET  10.3582  4.2683 -7.6495
X  0.7888 -0.5949 -0.1549
Y -0.5236 -0.5181 -0.6763
Z  0.3220  0.6146 -0.7201

PART 16
OFFSET  12.0193  2.7787 -7.9757
X  0.1172 -0.9743 -0.1922
Y -0.9878 -0.0944 -0.1239
Z  0.1026  0.2044 -0.9735

PART 17
OFFSET  12.1852  1.3992 -8.2478
X -0.7309 -0.6515 -0.2035
Y -0.6696  0.7422  0.0288
Z  0.1323  0.1573 -0.9786

PART 18
OFFSET  11.5372  0.8216 -8.4283
X -0.9928 -0.0527 -0.1075
Y -0.0741  0.9758  0.2058
Z  0.0940  0.2123 -0.9727

PART 19
OFFSET  10.5940  0.7716 -8.5304
X  0.7923 -0.6030  0.0937
Y  0.5949  0.7974  0.1016
Z -0.1360 -0.0248  0.9904

PART 20
OFFSET  10.1124  3.9776 -7.0457
X  0.7863 -0.6171  0.0303
Y -0.4097 -0.5576 -0.7220
Z  0.4624  0.5553 -0.6913

PART 21
OFFSET  12.0931  2.2942 -7.0087
X  0.1815 -0.9716 -0.1519
Y -0.9470 -0.1310 -0.2934
Z  0.2652  0.1971 -0.9438

PART 22
OFFSET  12.4021  0.6401 -7.2673
X -0.7847 -0.5268 -0.3267
Y -0.5538  0.8326 -0.0126
Z  0.2786  0.1711 -0.9450

PART 23
OFFSET  11.3146 -0.0901 -7.7201
X -0.9422  0.2346 -0.2393
Y  0.1793  0.9562  0.2314
Z  0.2831  0.1752 -0.9430

PART 24
OFFSET  10.2928  0.1644 -7.9796
X  0.6834 -0.7298  0.0175
Y  0.6746  0.6405  0.3671
Z -0.2791 -0.2391  0.9300

PART 25
OFFSET  9.8282  1.5693 -5.5011
X  0.5882 -0.8045 -0.0822
Y  0.5607  0.3325  0.7583
Z -0.5827 -0.4922  0.6467

PART 26
OFFSET  11.2688  1.7569 -5.2354
X  0.4223 -0.8888  0.1780
Y -0.5962 -0.4202 -0.6841
Z  0.6828  0.1828 -0.7074

PART 27
OFFSET  12.0123  0.1920 -4.9221
X -0.1580 -0.8434 -0.5135
Y -0.6715  0.4731 -0.5703
Z  0.7240  0.2547 -0.6411

PART 28
OFFSET  11.7762 -0.8488 -5.5074
X -0.5423 -0.5363 -0.6467
Y -0.4848  0.8284 -0.2804
Z  0.6861  0.1615 -0.7093

PART 29
OFFSET  11.1636 -1.4545 -6.2379
X  0.8072 -0.5279  0.2641
Y  0.2757  0.7328  0.6221
Z -0.5219 -0.4293  0.7371

PART 30
OFFSET  11.8460  2.0717 -6.1232
X  0.3211 -0.9470 -0.0031
Y -0.7522 -0.2531 -0.6083
Z  0.5753  0.1977 -0.7937

PART 31
OFFSET  12.4734  0.2216 -6.1292
X -0.5663 -0.6043 -0.5605
Y -0.6184  0.7611 -0.1958
Z  0.5449  0.2358 -0.8047

PART 32
OFFSET  11.6463 -0.6611 -6.9478
X -0.7957 -0.1551 -0.5855
Y -0.2911  0.9456  0.1452
Z  0.5311  0.2860 -0.7976

PART 33
OFFSET  10.7490 -0.8354 -7.6167
X  0.7621 -0.5033  0.4072
Y  0.3282  0.8425  0.4272
Z -0.5580 -0.1920  0.8073

PART 34
OFFSET  10.5884  1.9338 -7.7206
X  0.4015  0.5583 -0.7260
Y  0.4267  0.5873  0.6877
Z  0.8104 -0.5859 -0.0024

PART 35
OFFSET  12.6677 -3.8425 -7.3022
X  0.8288 -0.0341 -0.5585
Y  0.0173  0.9992 -0.0354
Z  0.5592  0.0197  0.8288

PART 36
OFFSET  12.6677 -3.8425 -7.3022
X  0.8288 -0.0341 -0.5585
Y  0.0173  0.9992 -0.0354
Z  0.5592  0.0197  0.8288

PART 37
OFFSET  15.5756 -3.7966 -8.8495
X  0.8288 -0.0341 -0.5585
Y -0.5571 -0.1423 -0.8181
Z -0.0516  0.9892 -0.1370

PART 38
OFFSET  14.0791 -2.4286 -7.8841
X  0.8288 -0.0341 -0.5585
Y -0.5571 -0.1423 -0.8181
Z -0.0516  0.9892 -0.1370

PART 39
OFFSET -86.0570 -47.1471  73.2573
X  0.8297 -0.0543 -0.5555
Y -0.5571 -0.1423 -0.8181
Z -0.0346  0.9883 -0.1484

PART 40
OFFSET -35.9407 -10.1607 -109.7909
X  0.8297 -0.0543 -0.5555
Y -0.5571 -0.1423 -0.8181
Z -0.0346  0.9883 -0.1484

PART 41
OFFSET -36.2488 -9.9358 -110.2755
X  0.8297 -0.0543 -0.5555
Y -0.5571 -0.1423 -0.8181
Z -0.0346  0.9883 -0.1484

PART 42
OFFSET -36.2719 -9.3103 -110.3763
X  0.8297 -0.0543 -0.5555
Y -0.5571 -0.1423 -0.8181
Z -0.0346  0.9883 -0.1484

PART 43
OFFSET -35.9794 -8.9258 -109.9797
X  0.8297 -0.0543 -0.5555
Y -0.5571 -0.1423 -0.8181
Z -0.0346  0.9883 -0.1484

PART 44
OFFSET -62.0048 -37.7881 -49.3988
X  0.7236  0.1232 -0.6791
Y -0.6836 -0.0073 -0.7298
Z -0.0948  0.9924  0.0789

PART 45
OFFSET -35.6518 -9.7681 -109.4009
X  0.8297 -0.0543 -0.5555
Y -0.5571 -0.1423 -0.8181
Z -0.0346  0.9883 -0.1484

PART 46
OFFSET -84.5198 -47.2477  72.2281
X  0.8297 -0.0543 -0.5555
Y -0.5571 -0.1423 -0.8181
Z -0.0346  0.9883 -0.1484

PART 47
OFFSET  13.2468 -3.6314 -6.2495
X  0.8288 -0.0341 -0.5585
Y  0.0173  0.9992 -0.0354
Z  0.5592  0.0197  0.8288

PART 48
OFFSET -7.8386 -6.7724 -1.5206
X -0.4926 -0.0565  0.8684
Y -0.3383 -0.9070 -0.2509
Z  0.8018 -0.4174  0.4276

PART 49
OFFSET -1.8814 -6.0894 -12.0233
X -0.8307 -0.0996 -0.5477
Y  0.5442  0.0627 -0.8366
Z  0.1176 -0.9931  0.0021

PART 50
OFFSET  5.1841 -5.2425 -7.3645
X -0.8307 -0.0996 -0.5477
Y  0.5507 -0.2918 -0.7821
Z -0.0820 -0.9513  0.2972

PART 51
OFFSET  5.8417 -4.0089 -5.9605
X -0.8343 -0.0972 -0.5427
Y -0.1231  0.9923  0.0114
Z  0.5375  0.0763 -0.8398

PART 52
OFFSET  5.7100 -4.6330 -4.9462
X -0.8343 -0.0972 -0.5427
Y -0.1231  0.9923  0.0114
Z  0.5375  0.0763 -0.8398

PART 53
OFFSET  6.0658 -5.9250 -5.0692
X -0.8343 -0.0972 -0.5427
Y -0.1231  0.9923  0.0114
Z  0.5375  0.0763 -0.8398

PART 54
OFFSET  7.7308 -4.9373 -5.6853
X -0.9500  0.1256  0.2858
Y -0.3105 -0.2837 -0.9073
Z -0.0329 -0.9506  0.3085

PART 55
OFFSET  8.4712 -4.3297 -5.0651
X -0.7676 -0.6218 -0.1553
Y  0.1966  0.0022 -0.9805
Z  0.6100 -0.7831  0.1206

PART 56
OFFSET  10.0741 -2.9444 -4.6389
X -0.6924 -0.0888  0.7160
Y -0.5620 -0.5560 -0.6124
Z  0.4525 -0.8264  0.3351

PART 57
OFFSET  11.1076 -2.7417 -5.8689
X -0.4235 -0.0368  0.9052
Y -0.7541 -0.5394 -0.3747
Z  0.5020 -0.8413  0.2007

PART 58
OFFSET  11.5554 -2.6542 -6.8506
X -0.7905  0.4021  0.4621
Y  0.0889  0.8217 -0.5630
Z -0.6060 -0.4040 -0.6852

PART 59
OFFSET  8.2088 -5.1553 -6.9610
X -0.6973  0.0127  0.7167
Y  0.1703 -0.9683  0.1828
Z  0.6963  0.2495  0.6730

PART 60
OFFSET  9.8561 -5.0287 -8.4957
X -0.2705 -0.9181  0.2897
Y  0.5864 -0.3958 -0.7068
Z  0.7636 -0.0213  0.6454

PART 61
OFFSET  10.2391 -3.7289 -8.9058
X  0.3333 -0.8372 -0.4336
Y  0.5912  0.5439 -0.5956
Z  0.7345 -0.0578  0.6762

PART 62
OFFSET  9.9435 -2.9867 -8.5213
X  0.6376 -0.0499 -0.7688
Y  0.0425  0.9987 -0.0295
Z  0.7692 -0.0139  0.6388

PART 63
OFFSET  9.3378 -2.9393 -7.7910
X -0.6256 -0.5868  0.5141
Y -0.2810  0.7843  0.5532
Z -0.7278  0.2016 -0.6555

PART 64
OFFSET  8.6195 -5.1271 -6.3778
X -0.8236  0.0424  0.5656
Y  0.1245 -0.9594  0.2533
Z  0.5533  0.2790  0.7849

PART 65
OFFSET  10.6777 -5.2998 -7.9567
X -0.2267 -0.8895  0.3968
Y  0.5731 -0.4512 -0.6840
Z  0.7875  0.0723  0.6121

PART 66
OFFSET  11.0637 -3.7854 -8.6322
X  0.4749 -0.7038 -0.5282
Y  0.4144  0.7084 -0.5714
Z  0.7764  0.0525  0.6281

PART 67
OFFSET  10.4055 -2.8100 -7.9001
X  0.6221  0.1260 -0.7727
Y -0.1233  0.9904  0.0622
Z  0.7732  0.0565  0.6317

PART 68
OFFSET  9.7308 -2.9466 -7.0620
X -0.4013 -0.6662  0.6286
Y -0.4906  0.7359  0.4667
Z -0.7735 -0.1212 -0.6221

PART 69
OFFSET  4.0218 -4.6841 -3.5632
X -0.8430 -0.0913  0.5302
Y -0.2567  0.9343 -0.2474
Z -0.4728 -0.3447 -0.8110

PART 70
OFFSET  11.6545 -5.5661 -6.0001
X -0.5525 -0.3356  0.7630
Y  0.3709 -0.9187 -0.1354
Z  0.7464  0.2082  0.6321

PART 71
OFFSET  12.6273 -4.9753 -7.3434
X -0.4934 -0.4454  0.7471
Y  0.4763 -0.8571 -0.1964
Z  0.7278  0.2590  0.6350

PART 72
OFFSET  13.2713 -4.4181 -8.2131
X -0.2616 -0.8134  0.5196
Y  0.6633 -0.5426 -0.5154
Z  0.7012  0.2098  0.6814

PART 73
OFFSET  13.5668 -3.4994 -8.8000
X -0.3164  0.8136  0.4878
Y  0.3517  0.5782 -0.7362
Z -0.8810 -0.0614 -0.4691

PART 74
OFFSET  11.2222 -5.6900 -7.0092
X -0.3080 -0.8194  0.4834
