// Export filename: `C:\projects\cod\t5\xanim_export\t5_viewmodels\python\python_dw_full_sprint_in.XANIM_EXPORT`
// Source filename: `D:\projects\devanim\t5\animation_assets\viewmodels/python/ViewModel_python_DW_animated.fbx`
// Export time: Thu Aug 05 23:16:22 2010

ANIMATION
VERSION 3

NUMPARTS 94
PART 0 "tag_ads"
PART 1 "tag_torso"
PART 2 "J_Shoulder_LE"
PART 3 "J_Elbow_LE"
PART 4 "J_WristTwist_LE"
PART 5 "J_Sleave_Reshape_Bottom_LE_1"
PART 6 "J_Sleave_Reshape_Bottom_LE_2"
PART 7 "J_Sleave_Reshape_Top_LE_1"
PART 8 "J_Sleave_Reshape_Top_LE_2"
PART 9 "J_Sleave_Reshape_Top_LE_3"
PART 10 "J_Wrist_LE"
PART 11 "J_Thumb_LE_0"
PART 12 "J_Thumb_LE_1"
PART 13 "J_Thumb_LE_2"
PART 14 "J_Thumb_LE_3"
PART 15 "J_PinkyPalm_LE"
PART 16 "J_Pinky_LE_0"
PART 17 "J_Pinky_LE_1"
PART 18 "J_Pinky_LE_2"
PART 19 "J_Pinky_LE_3"
PART 20 "J_RingPalm_LE"
PART 21 "J_Ring_LE_0"
PART 22 "J_Ring_LE_1"
PART 23 "J_Ring_LE_2"
PART 24 "J_Ring_LE_3"
PART 25 "J_Webbing_LE"
PART 26 "J_Index_LE_0"
PART 27 "J_Index_LE_1"
PART 28 "J_Index_LE_2"
PART 29 "J_Index_LE_3"
PART 30 "J_Mid_LE_0"
PART 31 "J_Mid_LE_1"
PART 32 "J_Mid_LE_2"
PART 33 "J_Mid_LE_3"
PART 34 "tag_knife_attach"
PART 35 "tag_weapon"
PART 36 "J_Gun"
PART 37 "TAG_CLIP"
PART 38 "J_Bolt"
PART 39 "tag_speedloader"
PART 40 "tag_spent0"
PART 41 "tag_spent1"
PART 42 "tag_spent2"
PART 43 "tag_spent3"
PART 44 "tag_spent4"
PART 45 "tag_spent5"
PART 46 "tag_bullets"
PART 47 "J_Press_Rear"
PART 48 "tag_weapon1"
PART 49 "J_Gun1"
PART 50 "TAG_CLIP1"
PART 51 "J_Bolt1"
PART 52 "tag_speedloader1"
PART 53 "tag_spent01"
PART 54 "tag_spent11"
PART 55 "tag_spent21"
PART 56 "tag_spent31"
PART 57 "tag_spent41"
PART 58 "tag_spent51"
PART 59 "tag_bullets1"
PART 60 "J_Press_Rear1"
PART 61 "J_Shoulder_RI"
PART 62 "J_Elbow_RI"
PART 63 "J_WristTwist_RI"
PART 64 "J_Sleave_Reshape_Top_RI_3"
PART 65 "J_Sleave_Reshape_Top_RI_2"
PART 66 "J_Sleave_Reshape_Top_RI_1"
PART 67 "J_Wrist_RI"
PART 68 "J_Thumb_RI_0"
PART 69 "J_Thumb_RI_1"
PART 70 "J_Thumb_RI_2"
PART 71 "J_Thumb_RI_3"
PART 72 "J_PinkyPalm_RI"
PART 73 "J_Pinky_RI_0"
PART 74 "J_Pinky_RI_1"
PART 75 "J_Pinky_RI_2"
PART 76 "J_Pinky_RI_3"
PART 77 "J_RingPalm_RI"
PART 78 "J_Ring_RI_0"
PART 79 "J_Ring_RI_1"
PART 80 "J_Ring_RI_2"
PART 81 "J_Ring_RI_3"
PART 82 "J_Webbing_RI"
PART 83 "J_Index_RI_0"
PART 84 "J_Index_RI_1"
PART 85 "J_Index_RI_2"
PART 86 "J_Index_RI_3"
PART 87 "J_Mid_RI_0"
PART 88 "J_Mid_RI_1"
PART 89 "J_Mid_RI_2"
PART 90 "J_Mid_RI_3"
PART 91 "tag_cambone"
PART 92 "tag_camera"
PART 93 "tag_gasmask"

FRAMERATE 30
NUMFRAMES 11

FRAME 400
PART 0
OFFSET  0.0000 -0.0000 -0.0000
X  1.0000 -0.0000  0.0000
Y  0.0000  1.0000  0.0000
Z  0.0000 -0.0000  1.0000

PART 1
OFFSET -4.6318 -0.0000 -1.3770
X  1.0000 -0.0000  0.0000
Y  0.0000  1.0000  0.0000
Z  0.0000 -0.0000  1.0000

PART 2
OFFSET -9.2817  11.3680 -3.1869
X  0.7800 -0.1290 -0.6124
Y  0.0336 -0.9685  0.2469
Z -0.6249 -0.2132 -0.7510

PART 3
OFFSET  0.1513  9.8076 -10.5927
X  0.8010 -0.3359  0.4955
Y -0.5239  0.0070  0.8517
Z -0.2896 -0.9419 -0.1704

PART 4
OFFSET  6.9644  6.9504 -6.3783
X  0.8010 -0.3359  0.4955
Y -0.5979 -0.4066  0.6908
Z -0.0306 -0.8496 -0.5265

PART 5
OFFSET  8.8963  7.3185 -6.4328
X  0.8049 -0.3334  0.4909
Y  0.2948  0.9426  0.1567
Z -0.5150  0.0185  0.8570

PART 6
OFFSET  8.2230  5.9131 -7.0696
X  0.8049 -0.3334  0.4909
Y  0.2948  0.9426  0.1567
Z -0.5150  0.0185  0.8570

PART 7
OFFSET  7.9543  7.0558 -4.0287
X  0.8049 -0.3334  0.4909
Y  0.2948  0.9426  0.1567
Z -0.5150  0.0185  0.8570

PART 8
OFFSET  7.3778  5.8431 -4.1199
X  0.8049 -0.3334  0.4909
Y  0.2948  0.9426  0.1567
Z -0.5150  0.0185  0.8570

PART 9
OFFSET  7.3973  5.3943 -5.2308
X  0.8049 -0.3334  0.4909
Y  0.2948  0.9426  0.1567
Z -0.5150  0.0185  0.8570

PART 10
OFFSET  9.4200  5.9206 -4.8592
X  0.9508  0.2198  0.2185
Y -0.1504 -0.2892  0.9454
Z  0.2710 -0.9317 -0.2419

PART 11
OFFSET  9.8138  5.3578 -3.9479
X  0.6456 -0.5710  0.5072
Y -0.6104  0.0133  0.7920
Z -0.4589 -0.8209 -0.3399

PART 12
OFFSET  11.1205  4.0814 -2.7933
X  0.9595  0.0114 -0.2815
Y  0.2424 -0.5423  0.8045
Z -0.1435 -0.8401 -0.5231

PART 13
OFFSET  12.6389  4.0380 -3.3543
X  0.7584 -0.0055 -0.6518
Y  0.5648 -0.4938  0.6612
Z -0.3255 -0.8696 -0.3714

PART 14
OFFSET  13.4537  3.9838 -4.0649
X  0.8853  0.4528 -0.1064
Y -0.3597  0.8115  0.4606
Z  0.2949 -0.3695  0.8812

PART 15
OFFSET  10.4404  6.2280 -5.7355
X  0.9547  0.1012 -0.2797
Y  0.0349 -0.9719 -0.2326
Z -0.2954  0.2123 -0.9315

PART 16
OFFSET  12.6328  6.3054 -6.2567
X  0.2993 -0.9270 -0.2261
Y -0.8088 -0.3722  0.4553
Z -0.5062  0.0466 -0.8612

PART 17
OFFSET  13.0566  4.9930 -6.5769
X -0.5047 -0.8230  0.2608
Y -0.7238  0.5680  0.3917
Z -0.4705  0.0089 -0.8823

PART 18
OFFSET  12.6092  4.2633 -6.3456
X -0.8582 -0.0253  0.5126
Y  0.0061  0.9982  0.0595
Z -0.5132  0.0542 -0.8565

PART 19
OFFSET  11.7938  4.2392 -5.8586
X  0.7268 -0.6151 -0.3056
Y  0.4920  0.7767 -0.3932
Z  0.4792  0.1354  0.8672

PART 20
OFFSET  10.5117  6.2142 -5.0253
X  0.9526  0.2924 -0.0838
Y  0.2578 -0.9224 -0.2876
Z -0.1614  0.2524 -0.9541

PART 21
OFFSET  13.0529  6.6276 -5.3857
X  0.3067 -0.8900 -0.3374
Y -0.7766 -0.4389  0.4520
Z -0.5504  0.1234 -0.8257

PART 22
OFFSET  13.5750  5.1124 -5.9601
X -0.6438 -0.6924  0.3259
Y -0.5474  0.7143  0.4361
Z -0.5347  0.1023 -0.8388

PART 23
OFFSET  12.6828  4.1528 -5.5084
X -0.8292  0.1378  0.5417
Y  0.1740  0.9846  0.0158
Z -0.5312  0.1074 -0.8404

PART 24
OFFSET  11.7834  4.3022 -4.9210
X  0.5539 -0.6701 -0.4942
Y  0.6404  0.7222 -0.2614
Z  0.5320 -0.1717  0.8291

PART 25
OFFSET  12.2574  5.6395 -2.8142
X  0.9990  0.0037 -0.0445
Y  0.0113  0.9433  0.3317
Z  0.0432 -0.3319  0.9423

PART 26
OFFSET  12.9105  6.9051 -3.2048
X  0.8938 -0.2987 -0.3345
Y -0.3259 -0.9450 -0.0271
Z -0.3080  0.1332 -0.9420

PART 27
OFFSET  14.4842  6.3792 -3.7938
X  0.8127 -0.4301 -0.3932
Y -0.4768 -0.8787 -0.0243
Z -0.3350  0.2072 -0.9191

PART 28
OFFSET  15.4925  5.8437 -4.2159
X  0.6763 -0.6853 -0.2702
Y -0.6947 -0.7153  0.0757
Z -0.2451  0.1365 -0.9598

PART 29
OFFSET  16.2564  5.0697 -4.5211
X  0.3380  0.9072 -0.2503
Y -0.8139  0.4153  0.4063
Z  0.4725  0.0664  0.8788

PART 30
OFFSET  13.0209  7.0284 -4.2971
X  0.4707 -0.8005 -0.3710
Y -0.7657 -0.5795  0.2791
Z -0.4384  0.1527 -0.8857

PART 31
OFFSET  13.9404  5.4645 -5.0219
X -0.5331 -0.8373  0.1209
Y -0.7003  0.5170  0.4922
Z -0.4747  0.1778 -0.8620

PART 32
OFFSET  13.1617  4.2414 -4.8454
X -0.8630  0.0048  0.5052
Y  0.1168  0.9748  0.1903
Z -0.4916  0.2232 -0.8417

PART 33
OFFSET  12.1807  4.2477 -4.2792
X  0.6186 -0.6405 -0.4551
Y  0.6064  0.7575 -0.2419
Z  0.4997 -0.1264  0.8569

PART 34
OFFSET  12.4917  5.2526 -5.1449
X -0.1970  0.1923 -0.9613
Y -0.2710  0.9317  0.2419
Z  0.9422  0.3082 -0.1314

PART 35
OFFSET  14.4142 -5.2386 -3.9150
X  1.0000  0.0001 -0.0000
Y -0.0001  0.9965  0.0833
Z  0.0000 -0.0833  0.9965

PART 36
OFFSET  14.4142 -5.2386 -3.9150
X  1.0000  0.0001 -0.0000
Y -0.0001  0.9965  0.0833
Z  0.0000 -0.0833  0.9965

PART 37
OFFSET  17.6869 -5.1167 -3.5589
X  1.0000  0.0001 -0.0000
Y -0.0001  0.9965  0.0833
Z  0.0000 -0.0833  0.9965

PART 38
OFFSET  15.8608 -5.3753 -2.2776
X  1.0000  0.0001 -0.0000
Y -0.0001  0.9965  0.0833
Z  0.0000 -0.0833  0.9965

PART 39
OFFSET -320.3348 -5.1251  0.0032
X  0.9998  0.0018 -0.0204
Y -0.0001  0.9965  0.0833
Z  0.0204 -0.0833  0.9963

PART 40
OFFSET  15.7866 -5.3371 -2.9267
X  0.9998  0.0018 -0.0204
Y -0.0001  0.9965  0.0833
Z  0.0204 -0.0833  0.9963

PART 41
OFFSET  15.7941 -4.7972 -2.5647
X  0.9998  0.0018 -0.0204
Y -0.0001  0.9965  0.0833
Z  0.0204 -0.0833  0.9963

PART 42
OFFSET  15.8099 -4.8434 -1.9320
X  0.9998  0.0018 -0.0204
Y -0.0001  0.9965  0.0833
Z  0.0204 -0.0833  0.9963

PART 43
OFFSET  15.8179 -5.4220 -1.6532
X  0.9998  0.0018 -0.0204
Y -0.0001  0.9965  0.0833
Z  0.0204 -0.0833  0.9963

PART 44
OFFSET  15.8105 -5.9527 -2.0193
X  0.9998  0.0018 -0.0204
Y -0.0001  0.9965  0.0833
Z  0.0204 -0.0833  0.9963

PART 45
OFFSET  15.7949 -5.8843 -2.6380
X  0.9998  0.0018 -0.0204
Y -0.0001  0.9965  0.0833
Z  0.0204 -0.0833  0.9963

PART 46
OFFSET -318.4825 -5.1218 -0.0346
X  0.9998  0.0018 -0.0204
Y -0.0001  0.9965  0.0833
Z  0.0204 -0.0833  0.9963

PART 47
OFFSET  14.2991 -5.1556 -2.7034
X  0.9989 -0.0038  0.0471
Y -0.0001  0.9965  0.0833
Z -0.0472 -0.0832  0.9954

PART 48
OFFSET  14.4142  5.2441 -3.7130
X  1.0000  0.0001 -0.0000
Y -0.0001  0.9975 -0.0704
Z -0.0000  0.0704  0.9975

PART 49
OFFSET  14.4142  5.2441 -3.7130
X  1.0000  0.0001 -0.0000
Y -0.0001  0.9975 -0.0704
Z -0.0000  0.0704  0.9975

PART 50
OFFSET  17.6869  5.4191 -3.3797
X  1.0000  0.0001 -0.0000
Y -0.0001  0.9975 -0.0704
Z -0.0000  0.0704  0.9975

PART 51
OFFSET  15.8608  5.3599 -2.0740
X  1.0000  0.0001 -0.0000
Y -0.0001  0.9975 -0.0704
Z -0.0000  0.0704  0.9975

PART 52
OFFSET -320.3348  5.9563  0.1364
X  0.9998 -0.0013 -0.0204
Y -0.0001  0.9975 -0.0704
Z  0.0204  0.0704  0.9973

PART 53
OFFSET  15.7925  5.2983 -2.7207
X  0.9998 -0.0013 -0.0204
Y -0.0001  0.9975 -0.0704
Z  0.0204  0.0704  0.9973

PART 54
OFFSET  15.8005  5.8773 -2.4476
X  0.9998 -0.0013 -0.0204
Y -0.0001  0.9975 -0.0704
Z  0.0204  0.0704  0.9973

PART 55
OFFSET  15.8166  5.9467 -1.8201
X  0.9998 -0.0013 -0.0204
Y -0.0001  0.9975 -0.0704
Z  0.0204  0.0704  0.9973

PART 56
OFFSET  15.8245  5.3943 -1.4359
X  0.9998 -0.0013 -0.0204
Y -0.0001  0.9975 -0.0704
Z  0.0204  0.0704  0.9973

PART 57
OFFSET  15.8166  4.8463 -1.7243
X  0.9998 -0.0013 -0.0204
Y -0.0001  0.9975 -0.0704
Z  0.0204  0.0704  0.9973

PART 58
OFFSET  15.8007  4.7868 -2.3698
X  0.9998 -0.0013 -0.0204
Y -0.0001  0.9975 -0.0704
Z  0.0204  0.0704  0.9973

PART 59
OFFSET -318.4825  5.9539  0.0986
X  0.9998 -0.0013 -0.0204
Y -0.0001  0.9975 -0.0704
Z  0.0204  0.0704  0.9973

PART 60
OFFSET  14.2991  5.5118 -2.5284
X  0.9989  0.0034  0.0471
Y -0.0001  0.9975 -0.0704
Z -0.0472  0.0703  0.9964

PART 61
OFFSET -9.2817 -11.3680 -3.1869
X -0.7728 -0.1294  0.6213
Y -0.0349 -0.9688 -0.2452
Z  0.6337 -0.2112  0.7442

PART 62
OFFSET  0.0641 -9.8025 -10.7013
X -0.8088 -0.3379 -0.4814
Y  0.5099  0.0049 -0.8602
Z  0.2930 -0.9412  0.1683

PART 63
OFFSET  6.9431 -6.9287 -6.6071
X -0.8088 -0.3379 -0.4814
Y  0.5870 -0.4122 -0.6968
Z  0.0370 -0.8461  0.5317

PART 64
OFFSET  7.5205 -5.4423 -5.2508
X -0.8126 -0.3353 -0.4767
Y -0.2980  0.9420 -0.1546
Z  0.5009  0.0164 -0.8654

PART 65
OFFSET  7.4514 -5.7184 -4.1419
X -0.8126 -0.3353 -0.4767
Y -0.2980  0.9420 -0.1546
Z  0.5009  0.0164 -0.8654

PART 66
OFFSET  8.1403 -6.9268 -4.2469
X -0.8126 -0.3353 -0.4767
Y -0.2980  0.9420 -0.1546
Z  0.5009  0.0164 -0.8654

PART 67
OFFSET  9.4226 -5.8928 -5.1314
X -0.9484  0.2309 -0.2172
Y  0.1464 -0.2889 -0.9461
Z -0.2812 -0.9291  0.2402

PART 68
OFFSET  9.8234 -5.3364 -4.2193
X -0.6965 -0.5598 -0.4489
Y  0.6139 -0.1410 -0.7767
Z  0.3715 -0.8166  0.4418

PART 69
OFFSET  11.2445 -4.0690 -3.1976
X -0.9676  0.0189  0.2516
Y -0.2162 -0.5763 -0.7881
Z  0.1301 -0.8170  0.5618

PART 70
OFFSET  12.7792 -4.0425 -3.7137
X -0.7709  0.1302  0.6235
Y -0.5899 -0.5152 -0.6218
Z  0.2402 -0.8471  0.4740

PART 71
OFFSET  13.6119 -4.1358 -4.3991
X -0.8449  0.5341  0.0276
Y  0.4392  0.7225 -0.5340
Z -0.3052 -0.4390 -0.8451

PART 72
OFFSET  10.4386 -6.2097 -6.0092
X -0.9533  0.1113  0.2808
Y -0.0456 -0.9720  0.2305
Z  0.2986  0.2069  0.9317

PART 73
OFFSET  12.6296 -6.3105 -6.5326
X -0.2420 -0.9610  0.1336
Y  0.8333 -0.2764 -0.4787
Z  0.4970 -0.0045  0.8678

PART 74
OFFSET  12.9724 -4.9499 -6.7217
X  0.4631 -0.8388 -0.2864
Y  0.7554  0.5425 -0.3675
Z  0.4637 -0.0462  0.8848

PART 75
OFFSET  12.5618 -4.2062 -6.4678
X  0.8596 -0.0525 -0.5082
Y  0.0463  0.9986 -0.0248
Z  0.5088 -0.0023  0.8609

PART 76
OFFSET  11.7451 -4.1564 -5.9850
X -0.7602 -0.5864  0.2798
Y -0.4539  0.7874  0.4171
Z -0.4649  0.1901 -0.8647

PART 77
OFFSET  10.5107 -6.1983 -5.2991
X -0.9852  0.1472  0.0874
Y -0.1189 -0.9557  0.2694
Z  0.1232  0.2550  0.9591

PART 78
OFFSET  13.0468 -6.6393 -5.6625
X -0.2544 -0.9352  0.2462
Y  0.8013 -0.3464 -0.4878
Z  0.5415  0.0732  0.8375

PART 79
OFFSET  13.4800 -5.0471 -6.0817
X  0.6125 -0.7146 -0.3381
Y  0.5885  0.6977 -0.4085
Z  0.5278  0.0512  0.8478

PART 80
OFFSET  12.6312 -4.0568 -5.6131
X  0.8429  0.1110 -0.5265
Y -0.1235  0.9923  0.0114
Z  0.5237  0.0554  0.8501

PART 81
OFFSET  11.7170 -4.1771 -5.0421
X -0.5943 -0.6550  0.4667
Y -0.6067  0.7460  0.2745
Z -0.5280 -0.1200 -0.8407

PART 82
OFFSET  5.2008 -5.1856 -5.1066
X -0.9989  0.0148  0.0454
Y -0.0010  0.9441 -0.3297
Z -0.0477 -0.3294 -0.9430

PART 83
OFFSET  12.9032 -6.9199 -3.4822
X -0.8588 -0.3654  0.3591
Y  0.3902 -0.9207 -0.0036
Z  0.3320  0.1370  0.9333

PART 84
OFFSET  14.4153 -6.2766 -4.1145
X -0.7835 -0.5019  0.3663
Y  0.5359 -0.8442 -0.0103
Z  0.3144  0.1882  0.9305

PART 85
OFFSET  15.3869 -5.6550 -4.5033
X -0.6180 -0.7349  0.2794
Y  0.7384 -0.6645 -0.1144
Z  0.2697  0.1356  0.9533

PART 86
OFFSET  16.0850 -4.8250 -4.8188
X -0.3895  0.8772  0.2805
Y  0.7687  0.4774 -0.4257
Z -0.5074  0.0498 -0.8603

PART 87
OFFSET  13.0113 -7.0420 -4.5748
X -0.3759 -0.8639  0.3352
Y  0.8336 -0.4733 -0.2850
Z  0.4048  0.1723  0.8980

PART 88
OFFSET  13.7456 -5.3543 -5.2297
X  0.5432 -0.8358 -0.0797
Y  0.7190  0.5121 -0.4699
Z  0.4336  0.1979  0.8791

PART 89
OFFSET  12.9522 -4.1335 -5.1133
X  0.8824 -0.0004 -0.4705
Y -0.1157  0.9691 -0.2178
Z  0.4561  0.2466  0.8551

PART 90
OFFSET  11.9496 -4.1341 -4.5866
X -0.6319 -0.6344  0.4453
Y -0.6207  0.7582  0.1996
Z -0.4642 -0.1503 -0.8729

PART 91
OFFSET  0.0000 -0.0000 -0.0000
X  1.0000 -0.0000  0.0000
Y  0.0000  1.0000  0.0000
Z  0.0000 -0.0000  1.0000

PART 92
OFFSET  0.0000 -0.0000 -0.0000
X  1.0000 -0.0000  0.0000
Y  0.0000  1.0000  0.0000
Z  0.0000 -0.0000  1.0000

PART 93
OFFSET  1.5404 -0.0000  4.1357
X  1.0000 -0.0000  0.0000
Y  0.0000  1.0000  0.0000
Z  0.0000 -0.0000  1.0000


FRAME 401
PART 0
OFFSET  0.0000 -0.0000 -0.0000
X  1.0000 -0.0000  0.0000
Y  0.0000  1.0000  0.0000
Z  0.0000 -0.0000  1.0000

PART 1
OFFSET -4.6318 -0.0000 -1.3770
X  1.0000 -0.0000  0.0000
Y  0.0000  1.0000  0.0000
Z  0.0000 -0.0000  1.0000

PART 2
OFFSET -9.2154  11.3680 -3.2827
X  0.7354 -0.1106 -0.6685
Y  0.0970 -0.9593  0.2653
Z -0.6706 -0.2600 -0.6948

PART 3
OFFSET -0.3210  10.0309 -11.3675
X  0.8116 -0.2859  0.5094
Y -0.5239  0.0295  0.8512
Z -0.2584 -0.9578 -0.1259

PART 4
OFFSET  6.5822  7.5990 -7.0344
X  0.8116 -0.2859  0.5094
Y -0.5841 -0.4112  0.6998
Z  0.0094 -0.8655 -0.5008

PART 5
OFFSET  8.5009  8.0274 -7.1090
X  0.8154 -0.2835  0.5047
Y  0.2636  0.9581  0.1122
Z -0.5153  0.0416  0.8560

PART 6
OFFSET  7.8744  6.5725 -7.6785
X  0.8154 -0.2835  0.5047
Y  0.2636  0.9581  0.1122
Z -0.5153  0.0416  0.8560

PART 7
OFFSET  7.5680  7.8463 -4.6938
X  0.8154 -0.2835  0.5047
Y  0.2636  0.9581  0.1122
Z -0.5153  0.0416  0.8560

PART 8
OFFSET  7.0317  6.6123 -4.7276
X  0.8154 -0.2835  0.5047
Y  0.2636  0.9581  0.1122
Z -0.5153  0.0416  0.8560

PART 9
OFFSET  7.0660  6.1131 -5.8163
X  0.8154 -0.2835  0.5047
Y  0.2636  0.9581  0.1122
Z -0.5153  0.0416  0.8560

PART 10
OFFSET  9.0703  6.7224 -5.4726
X  0.9492  0.2040  0.2395
Y -0.1695 -0.3098  0.9356
Z  0.2650 -0.9287 -0.2595

PART 11
OFFSET  9.4426  6.1339 -4.5686
X  0.6307 -0.5899  0.5041
Y -0.6235  0.0014  0.7818
Z -0.4619 -0.8075 -0.3670

PART 12
OFFSET  10.7158  4.8161 -3.4231
X  0.9642  0.0073 -0.2651
Y  0.2229 -0.5638  0.7952
Z -0.1436 -0.8259 -0.5453

PART 13
OFFSET  12.2429  4.7691 -3.9596
X  0.7692  0.0015 -0.6390
Y  0.5482 -0.5155  0.6586
Z -0.3285 -0.8569 -0.3973

PART 14
OFFSET  13.0690  4.7227 -4.6577
X  0.8917  0.4453 -0.0808
Y -0.3587  0.8043  0.4737
Z  0.2759 -0.3935  0.8769

PART 15
OFFSET  10.1086  7.0391 -6.3242
X  0.9604  0.0972 -0.2613
Y  0.0284 -0.9665 -0.2551
Z -0.2773  0.2375 -0.9310

PART 16
OFFSET  12.3102  7.1043 -6.8069
X  0.2932 -0.9246 -0.2431
Y -0.8204 -0.3739  0.4327
Z -0.4910  0.0726 -0.8681

PART 17
OFFSET  12.7253  5.7952 -7.1511
X -0.5178 -0.8233  0.2327
Y -0.7242  0.5666  0.3930
Z -0.4554  0.0350 -0.8896

PART 18
OFFSET  12.2662  5.0653 -6.9448
X -0.8670 -0.0279  0.4975
Y  0.0158  0.9964  0.0834
Z -0.4981  0.0801 -0.8634

PART 19
OFFSET  11.4425  5.0388 -6.4721
X  0.7252 -0.6158 -0.3080
Y  0.5069  0.7803 -0.3663
Z  0.4659  0.1096  0.8780

PART 20
OFFSET  10.1677  7.0077 -5.6135
X  0.9570  0.2837 -0.0610
Y  0.2527 -0.9181 -0.3052
Z -0.1426  0.2766 -0.9503

PART 21
OFFSET  12.7189  7.4012 -5.9216
X  0.3028 -0.8852 -0.3533
Y -0.7888 -0.4408  0.4285
Z -0.5350  0.1489 -0.8316

PART 22
OFFSET  13.2344  5.8943 -6.5231
X -0.6566 -0.6927  0.2985
Y -0.5470  0.7098  0.4438
Z -0.5193  0.1281 -0.8449

PART 23
OFFSET  12.3244  4.9343 -6.1093
X -0.8367  0.1342  0.5309
Y  0.1842  0.9820  0.0422
Z -0.5157  0.1331 -0.8464

PART 24
OFFSET  11.4169  5.0798 -5.5336
X  0.5550 -0.6643 -0.5007
Y  0.6525  0.7210 -0.2334
Z  0.5160 -0.1972  0.8336

PART 25
OFFSET  11.8695  6.3615 -3.3880
X  0.9996 -0.0064 -0.0278
Y  0.0158  0.9350  0.3543
Z  0.0237 -0.3546  0.9347

PART 26
OFFSET  12.5427  7.6287 -3.7374
X  0.8961 -0.3006 -0.3266
Y -0.3356 -0.9404 -0.0550
Z -0.2906  0.1589 -0.9436

PART 27
OFFSET  14.1204  7.0994 -4.3124
X  0.8145 -0.4297 -0.3897
Y -0.4857 -0.8725 -0.0531
Z -0.3172  0.2326 -0.9194

PART 28
OFFSET  15.1299  6.5629 -4.7304
X  0.6734 -0.6862 -0.2751
Y -0.7035 -0.7092  0.0470
Z -0.2274  0.1619 -0.9603

PART 29
OFFSET  15.8905  5.7878 -5.0411
X  0.3519  0.9091 -0.2230
Y -0.8162  0.4146  0.4024
Z  0.4583  0.0404  0.8879

PART 30
OFFSET  12.6729  7.7765 -4.8244
X  0.4683 -0.7967 -0.3821
Y -0.7765 -0.5774  0.2524
Z -0.4217  0.1785 -0.8890

PART 31
OFFSET  13.5876  6.2201 -5.5709
X -0.5440 -0.8340  0.0920
Y -0.7030  0.5129  0.4927
Z -0.4581  0.2033 -0.8653

PART 32
OFFSET  12.7930  5.0019 -5.4365
X -0.8713  0.0024  0.4908
Y  0.1240  0.9686  0.2153
Z -0.4749  0.2485 -0.8443

PART 33
OFFSET  11.8027  5.0057 -4.8868
X  0.6193 -0.6364 -0.4599
Y  0.6185  0.7562 -0.2136
Z  0.4837 -0.1521  0.8619

PART 34
OFFSET  12.1391  6.0272 -5.7230
X -0.1787  0.2172 -0.9596
Y -0.2650  0.9287  0.2595
Z  0.9475  0.3007 -0.1083

PART 35
OFFSET  14.1494 -5.6003 -4.2879
X  1.0000  0.0011 -0.0017
Y -0.0010  0.9979  0.0651
Z  0.0018 -0.0651  0.9979

PART 36
OFFSET  14.1494 -5.6003 -4.2879
X  1.0000  0.0011 -0.0017
Y -0.0010  0.9979  0.0651
Z  0.0018 -0.0651  0.9979

PART 37
OFFSET  17.4226 -5.4687 -3.9396
X  1.0000  0.0011 -0.0017
Y -0.0010  0.9979  0.0651
Z  0.0018 -0.0651  0.9979

PART 38
OFFSET  15.5989 -5.7056 -2.6507
X  1.0000  0.0011 -0.0017
Y -0.0010  0.9979  0.0651
Z  0.0018 -0.0651  0.9979

PART 39
OFFSET -320.3348 -5.1251  0.0032
X  0.9998  0.0018 -0.0204
Y -0.0001  0.9965  0.0833
Z  0.0204 -0.0833  0.9963

PART 40
OFFSET  15.5236 -5.6794 -3.3003
X  0.9998  0.0024 -0.0221
Y -0.0010  0.9979  0.0651
Z  0.0222 -0.0651  0.9976

PART 41
OFFSET  15.5312 -5.1329 -2.9483
X  0.9998  0.0024 -0.0221
Y -0.0010  0.9979  0.0651
Z  0.0222 -0.0651  0.9976

PART 42
OFFSET  15.5480 -5.1675 -2.3149
X  0.9998  0.0024 -0.0221
Y -0.0010  0.9979  0.0651
Z  0.0222 -0.0651  0.9976

PART 43
OFFSET  15.5571 -5.7410 -2.0255
X  0.9998  0.0024 -0.0221
Y -0.0010  0.9979  0.0651
Z  0.0222 -0.0651  0.9976

PART 44
OFFSET  15.5496 -6.2783 -2.3819
X  0.9998  0.0024 -0.0221
Y -0.0010  0.9979  0.0651
Z  0.0222 -0.0651  0.9976

PART 45
OFFSET  15.5329 -6.2212 -3.0017
X  0.9998  0.0024 -0.0221
Y -0.0010  0.9979  0.0651
Z  0.0222 -0.0651  0.9976

PART 46
OFFSET -318.7402 -5.7415  0.1559
X  0.9998  0.0024 -0.0221
Y -0.0010  0.9979  0.0651
Z  0.0222 -0.0651  0.9976

PART 47
OFFSET  14.0362 -5.4953 -3.0778
X  0.9990 -0.0020  0.0454
Y -0.0010  0.9979  0.0651
Z -0.0455 -0.0651  0.9968

PART 48
OFFSET  14.0368  5.9635 -4.2599
X  0.9998 -0.0110  0.0167
Y  0.0118  0.9988 -0.0466
Z -0.0161  0.0468  0.9988

PART 49
OFFSET  14.0368  5.9635 -4.2599
X  0.9998 -0.0110  0.0167
Y  0.0118  0.9988 -0.0466
Z -0.0161  0.0468  0.9988

PART 50
OFFSET  17.3051  6.0942 -3.8680
X  0.9998 -0.0110  0.0167
Y  0.0118  0.9988 -0.0466
Z -0.0161  0.0468  0.9988

PART 51
OFFSET  15.4566  6.0245 -2.5947
X  0.9998 -0.0110  0.0167
Y  0.0118  0.9988 -0.0466
Z -0.0161  0.0468  0.9988

PART 52
OFFSET -320.3348  5.9563  0.1364
X  0.9998 -0.0013 -0.0204
Y -0.0001  0.9975 -0.0704
Z  0.0204  0.0704  0.9973

PART 53
OFFSET  15.3987  5.9789 -3.2437
X  0.9999 -0.0120 -0.0038
Y  0.0118  0.9988 -0.0466
Z  0.0043  0.0466  0.9989

PART 54
OFFSET  15.4083  6.5512 -2.9568
X  0.9999 -0.0120 -0.0038
Y  0.0118  0.9988 -0.0466
Z  0.0043  0.0466  0.9989

PART 55
OFFSET  15.4145  6.6056 -2.3277
X  0.9999 -0.0120 -0.0038
Y  0.0118  0.9988 -0.0466
Z  0.0043  0.0466  0.9989

PART 56
OFFSET  15.4100  6.0442 -1.9566
X  0.9999 -0.0120 -0.0038
Y  0.0118  0.9988 -0.0466
Z  0.0043  0.0466  0.9989

PART 57
OFFSET  15.4011  5.5033 -2.2581
X  0.9999 -0.0120 -0.0038
Y  0.0118  0.9988 -0.0466
Z  0.0043  0.0466  0.9989

PART 58
OFFSET  15.3955  5.4592 -2.9050
X  0.9999 -0.0120 -0.0038
Y  0.0118  0.9988 -0.0466
Z  0.0043  0.0466  0.9989

PART 59
OFFSET -318.8500  10.2845 -5.9767
X  0.9999 -0.0120 -0.0038
Y  0.0118  0.9988 -0.0466
Z  0.0043  0.0466  0.9989

PART 60
OFFSET  13.9046  6.2044 -3.0713
X  0.9979 -0.0088  0.0638
Y  0.0118  0.9988 -0.0466
Z -0.0633  0.0473  0.9969

PART 61
OFFSET -9.2154 -11.3680 -3.2827
X -0.7475 -0.1103  0.6550
Y -0.0648 -0.9693 -0.2371
Z  0.6611 -0.2197  0.7174

PART 62
OFFSET -0.1751 -10.0343 -11.2046
X -0.8064 -0.3243 -0.4944
Y  0.5201  0.0086 -0.8540
Z  0.2813 -0.9459  0.1617

PART 63
OFFSET  6.6841 -7.2758 -6.9994
X -0.8064 -0.3243 -0.4944
Y  0.5911 -0.4228 -0.6868
Z  0.0137 -0.8462  0.5327

PART 64
OFFSET  7.2606 -5.8100 -5.6206
X -0.8103 -0.3218 -0.4898
Y -0.2864  0.9466 -0.1480
Z  0.5112  0.0203 -0.8592

PART 65
OFFSET  7.1756 -6.0969 -4.5156
X -0.8103 -0.3218 -0.4898
Y -0.2864  0.9466 -0.1480
Z  0.5112  0.0203 -0.8592

PART 66
OFFSET  7.8531 -7.3113 -4.6254
X -0.8103 -0.3218 -0.4898
Y -0.2864  0.9466 -0.1480
Z  0.5112  0.0203 -0.8592

PART 67
OFFSET  9.1564 -6.2815 -5.4836
X -0.9490  0.2259 -0.2198
Y  0.1451 -0.3059 -0.9409
Z -0.2798 -0.9248  0.2576

PART 68
OFFSET  9.5582 -5.7082 -4.5825
X -0.6967 -0.5685 -0.4374
Y  0.6127 -0.1545 -0.7751
Z  0.3731 -0.8080  0.4560

PART 69
OFFSET  10.9797 -4.4209 -3.5866
X -0.9672  0.0226  0.2529
Y -0.2170 -0.5908 -0.7771
Z  0.1319 -0.8065  0.5764

PART 70
OFFSET  12.5135 -4.4023 -4.1057
X -0.7700  0.1408  0.6223
Y -0.5904 -0.5270 -0.6113
Z  0.2419 -0.8381  0.4889

PART 71
OFFSET  13.3451 -4.5073 -4.7906
X -0.8454  0.5337  0.0193
Y  0.4376  0.7130 -0.5478
Z -0.3062 -0.4547 -0.8364

PART 72
OFFSET  10.1713 -6.6134 -6.3572
X -0.9529  0.1155  0.2803
Y -0.0442 -0.9677  0.2482
Z  0.2999  0.2242  0.9273

PART 73
OFFSET  12.3615 -6.7216 -6.8825
X -0.2408 -0.9587  0.1515
Y  0.8328 -0.2843 -0.4750
Z  0.4984  0.0118  0.8669

PART 74
OFFSET  12.7025 -5.3643 -7.0970
X  0.4634 -0.8434 -0.2718
Y  0.7542  0.5365 -0.3787
Z  0.4652 -0.0295  0.8847

PART 75
OFFSET  12.2916 -4.6165 -6.8560
X  0.8588 -0.0609 -0.5086
Y  0.0453  0.9980 -0.0431
Z  0.5103  0.0139  0.8599

PART 76
OFFSET  11.4757 -4.5587 -6.3727
X -0.7591 -0.5820  0.2917
Y -0.4540  0.7944  0.4035
Z -0.4665  0.1738 -0.8672

PART 77
OFFSET  10.2446 -6.5889 -5.6476
X -0.9852  0.1478  0.0864
Y -0.1175 -0.9507  0.2870
Z  0.1245  0.2726  0.9540

PART 78
OFFSET  12.7805 -7.0340 -6.0072
X -0.2530 -0.9308  0.2637
Y  0.8008 -0.3545 -0.4827
Z  0.5428  0.0890  0.8351

PART 79
OFFSET  13.2113 -5.4493 -6.4561
X  0.6126 -0.7200 -0.3260
Y  0.5871  0.6907 -0.4222
Z  0.5291  0.0672  0.8459

PART 80
OFFSET  12.3623 -4.4514 -6.0043
X  0.8419  0.1022 -0.5299
Y -0.1245  0.9922 -0.0065
Z  0.5251  0.0715  0.8481

PART 81
OFFSET  11.4492 -4.5622 -5.4296
X -0.5928 -0.6470  0.4796
Y -0.6070  0.7503  0.2619
Z -0.5293 -0.1358 -0.8375

PART 82
OFFSET  4.9339 -5.5781 -5.4646
X -0.9988  0.0146  0.0468
Y -0.0026  0.9379 -0.3469
Z -0.0490 -0.3466 -0.9367

PART 83
OFFSET  12.6409 -7.2749 -3.8219
X -0.8578 -0.3596  0.3672
Y  0.3911 -0.9203  0.0125
Z  0.3334  0.1544  0.9301

PART 84
OFFSET  14.1512 -6.6418 -4.4684
X -0.7824 -0.4959  0.3767
Y  0.5368 -0.8437  0.0042
Z  0.3157  0.2055  0.9263

PART 85
OFFSET  15.1215 -6.0264 -4.8701
X -0.6168 -0.7302  0.2938
Y  0.7389 -0.6658 -0.1036
Z  0.2712  0.1532  0.9502

PART 86
OFFSET  15.8182 -5.2016 -5.2019
X -0.3900  0.8818  0.2651
Y  0.7675  0.4704 -0.4356
Z -0.5089  0.0336 -0.8602

PART 87
OFFSET  12.7472 -7.4168 -4.9123
X -0.3744 -0.8580  0.3516
Y  0.8336 -0.4776 -0.2777
Z  0.4062  0.1891  0.8940

PART 88
OFFSET  13.4787 -5.7406 -5.5991
X  0.5439 -0.8366 -0.0654
Y  0.7177  0.5041 -0.4804
Z  0.4349  0.2144  0.8746

PART 89
OFFSET  12.6843 -4.5187 -5.5037
X  0.8816 -0.0082 -0.4719
Y -0.1170  0.9649 -0.2353
Z  0.4573  0.2627  0.8497

PART 90
OFFSET  11.6825 -4.5106 -4.9753
X -0.6305 -0.6268  0.4578
Y -0.6211  0.7611  0.1867
Z -0.4655 -0.1666 -0.8692

PART 91
OFFSET  0.0000 -0.0000 -0.0000
X  1.0000 -0.0000  0.0000
Y  0.0000  1.0000  0.0000
Z  0.0000 -0.0000  1.0000

PART 92
OFFSET  0.0000 -0.0000 -0.0000
X  1.0000 -0.0000  0.0000
Y  0.0000  1.0000  0.0000
Z  0.0000 -0.0000  1.0000

PART 93
OFFSET  1.5404 -0.0000  4.1357
X  1.0000 -0.0000  0.0000
Y  0.0000  1.0000  0.0000
Z  0.0000 -0.0000  1.0000


FRAME 402
PART 0
OFFSET  0.0000 -0.0000 -0.0000
X  1.0000 -0.0000  0.0000
Y  0.0000  1.0000  0.0000
Z  0.0000 -0.0000  1.0000

PART 1
OFFSET -4.6318 -0.0000 -1.3770
X  1.0000 -0.0000  0.0000
Y  0.0000  1.0000  0.0000
Z  0.0000 -0.0000  1.0000

PART 2
OFFSET -9.0353  11.3680 -3.5426
X  0.6052 -0.1203 -0.7869
Y  0.2846 -0.8905  0.3550
Z -0.7435 -0.4388 -0.5047

PART 3
OFFSET -1.7161  9.9127 -13.0596
X  0.8529 -0.0905  0.5142
Y -0.5046  0.1101  0.8563
Z -0.1341 -0.9898  0.0482

PART 4
OFFSET  5.5380  9.1427 -8.6860
X  0.8529 -0.0905  0.5142
Y -0.5004 -0.4230  0.7555
Z  0.1491 -0.9016 -0.4060

PART 5
OFFSET  7.3825  9.7876 -8.9154
X  0.8562 -0.0885  0.5089
Y  0.1389  0.9884 -0.0620
Z -0.4975  0.1238  0.8586

PART 6
OFFSET  6.9385  8.1898 -9.2045
X  0.8562 -0.0885  0.5089
Y  0.1389  0.9884 -0.0620
Z -0.4975  0.1238  0.8586

PART 7
OFFSET  6.5341  9.9103 -6.4656
X  0.8562 -0.0885  0.5089
Y  0.1389  0.9884 -0.0620
Z -0.4975  0.1238  0.8586

PART 8
OFFSET  6.1625  8.6318 -6.2682
X  0.8562 -0.0885  0.5089
Y  0.1389  0.9884 -0.0620
Z -0.4975  0.1238  0.8586

PART 9
OFFSET  6.2378  7.9609 -7.2580
X  0.8562 -0.0885  0.5089
Y  0.1389  0.9884 -0.0620
Z -0.4975  0.1238  0.8586

PART 10
OFFSET  8.1526  8.8652 -7.1097
X  0.9419  0.1614  0.2947
Y -0.2213 -0.3621  0.9055
Z  0.2529 -0.9180 -0.3054

PART 11
OFFSET  8.4666  8.2114 -6.2287
X  0.5909 -0.6379  0.4939
Y -0.6594 -0.0291  0.7512
Z -0.4648 -0.7696 -0.4378

PART 12
OFFSET  9.6500  6.7891 -5.1122
X  0.9755 -0.0040 -0.2201
Y  0.1706 -0.6181  0.7673
Z -0.1391 -0.7861 -0.6023

PART 13
OFFSET  11.1990  6.7316 -5.5807
X  0.7982  0.0190 -0.6021
Y  0.5031 -0.5708  0.6489
Z -0.3314 -0.8209 -0.4652

PART 14
OFFSET  12.0555  6.7048 -6.2421
X  0.9058  0.4236 -0.0120
Y -0.3597  0.7834  0.5068
Z  0.2241 -0.4548  0.8620

PART 15
OFFSET  9.2377  9.2040 -7.8916
X  0.9738  0.0856 -0.2108
Y  0.0154 -0.9493 -0.3141
Z -0.2270  0.3026 -0.9257

PART 16
OFFSET  11.4605  9.2358 -8.2688
X  0.2803 -0.9159 -0.2875
Y -0.8492 -0.3762  0.3706
Z -0.4476  0.1402 -0.8832

PART 17
OFFSET  11.8574  7.9391 -8.6758
X -0.5492 -0.8209  0.1565
Y -0.7271  0.5617  0.3948
Z -0.4120  0.1031 -0.9053

PART 18
OFFSET  11.3704  7.2113 -8.5371
X -0.8899 -0.0337  0.4549
Y  0.0376  0.9885  0.1468
Z -0.4546  0.1477 -0.8783

PART 19
OFFSET  10.5250  7.1793 -8.1049
X  0.7228 -0.6161 -0.3131
Y  0.5436  0.7866 -0.2930
Z  0.4267  0.0416  0.9034

PART 20
OFFSET  9.2625  9.1270 -7.1823
X  0.9658  0.2593  0.0005
Y  0.2430 -0.9044 -0.3508
Z -0.0905  0.3389 -0.9365

PART 21
OFFSET  11.8346  9.4654 -7.3489
X  0.2961 -0.8699 -0.3944
Y -0.8192 -0.4436  0.3635
Z -0.4912  0.2154 -0.8440

PART 22
OFFSET  12.3387  7.9844 -8.0204
X -0.6876 -0.6907  0.2241
Y -0.5488  0.6964  0.4625
Z -0.4755  0.1950 -0.8578

PART 23
OFFSET  11.3858  7.0272 -7.7098
X -0.8571  0.1250  0.4998
Y  0.2073  0.9718  0.1124
Z -0.4717  0.2000 -0.8588

PART 24
OFFSET  10.4563  7.1627 -7.1677
X  0.5606 -0.6477 -0.5160
Y  0.6811  0.7150 -0.1575
Z  0.4710 -0.2631  0.8420

PART 25
OFFSET  10.8403  8.2957 -4.9272
X  0.9993 -0.0334  0.0172
Y  0.0233  0.9104  0.4130
Z -0.0295 -0.4123  0.9106

PART 26
OFFSET  11.5618  9.5622 -5.1649
X  0.9024 -0.3055 -0.3040
Y -0.3568 -0.9252 -0.1294
Z -0.2417  0.2252 -0.9439

PART 27
OFFSET  13.1506  9.0244 -5.7001
X  0.8206 -0.4280 -0.3787
Y -0.5050 -0.8532 -0.1301
Z -0.2675  0.2980 -0.9163

PART 28
OFFSET  14.1644  8.4860 -6.1049
X  0.6676 -0.6869 -0.2871
Y -0.7230 -0.6902 -0.0298
Z -0.1777  0.2275 -0.9574

PART 29
OFFSET  14.9185  7.7101 -6.4291
X  0.3853  0.9107 -0.1489
Y -0.8232  0.4122  0.3904
Z  0.4169 -0.0278  0.9085

PART 30
OFFSET  11.7467  9.7732 -6.2334
X  0.4650 -0.7846 -0.4100
Y -0.8021 -0.5694  0.1799
Z -0.3747  0.2452 -0.8941

PART 31
OFFSET  12.6551  8.2404 -7.0345
X -0.5691 -0.8221  0.0144
Y -0.7119  0.5014  0.4917
Z -0.4115  0.2696 -0.8706

PART 32
OFFSET  11.8238  7.0395 -7.0134
X -0.8931 -0.0030  0.4499
Y  0.1387  0.9495  0.2815
Z -0.4280  0.3138 -0.8475

PART 33
OFFSET  10.8092  7.0377 -6.5101
X  0.6236 -0.6242 -0.4706
Y  0.6472  0.7499 -0.1372
Z  0.4385 -0.2190  0.8716

PART 34
OFFSET  11.2108  8.0990 -7.2640
X -0.1276  0.2812 -0.9511
Y -0.2529  0.9180  0.3054
Z  0.9590  0.2795 -0.0460

PART 35
OFFSET  13.4308 -6.5820 -5.2992
X  1.0000  0.0038 -0.0063
Y -0.0037  0.9999  0.0156
Z  0.0064 -0.0156  0.9999

PART 36
OFFSET  13.4308 -6.5820 -5.2992
X  1.0000  0.0038 -0.0063
Y -0.0037  0.9999  0.0156
Z  0.0064 -0.0156  0.9999

PART 37
OFFSET  16.7051 -6.4243 -4.9728
X  1.0000  0.0038 -0.0063
Y -0.0037  0.9999  0.0156
Z  0.0064 -0.0156  0.9999

PART 38
OFFSET  14.8878 -6.6021 -3.6655
X  1.0000  0.0038 -0.0063
Y -0.0037  0.9999  0.0156
Z  0.0064 -0.0156  0.9999

PART 39
OFFSET -320.3348 -5.1251  0.0032
X  0.9998  0.0018 -0.0204
Y -0.0001  0.9965  0.0833
Z  0.0204 -0.0833  0.9963

PART 40
OFFSET  14.8096 -6.6083 -4.3152
X  0.9996  0.0041 -0.0268
Y -0.0037  0.9999  0.0156
Z  0.0268 -0.0155  0.9995

PART 41
OFFSET  14.8171 -6.0450 -3.9907
X  0.9996  0.0041 -0.0268
Y -0.0037  0.9999  0.0156
Z  0.0268 -0.0155  0.9995

PART 42
OFFSET  14.8369 -6.0482 -3.3564
X  0.9996  0.0041 -0.0268
Y -0.0037  0.9999  0.0156
Z  0.0268 -0.0155  0.9995

PART 43
OFFSET  14.8489 -6.6066 -3.0390
X  0.9996  0.0041 -0.0268
Y -0.0037  0.9999  0.0156
Z  0.0268 -0.0155  0.9995

PART 44
OFFSET  14.8414 -7.1609 -3.3684
X  0.9996  0.0041 -0.0268
Y -0.0037  0.9999  0.0156
Z  0.0268 -0.0155  0.9995

PART 45
OFFSET  14.8219 -7.1346 -3.9902
X  0.9996  0.0041 -0.0268
Y -0.0037  0.9999  0.0156
Z  0.0268 -0.0155  0.9995

PART 46
OFFSET -319.4340 -7.4242  0.6673
X  0.9996  0.0041 -0.0268
Y -0.0037  0.9999  0.0156
Z  0.0268 -0.0155  0.9995

PART 47
OFFSET  13.3227 -6.4175 -4.0953
X  0.9992  0.0030  0.0409
Y -0.0037  0.9999  0.0156
Z -0.0408 -0.0157  0.9990

PART 48
OFFSET  13.0353  7.8904 -5.7232
X  0.9973 -0.0407  0.0613
Y  0.0398  0.9991  0.0172
Z -0.0619 -0.0147  0.9980

PART 49
OFFSET  13.0353  7.8904 -5.7232
X  0.9973 -0.0407  0.0613
Y  0.0398  0.9991  0.0172
Z -0.0619 -0.0147  0.9980

PART 50
OFFSET  16.2839  7.9026 -5.1761
X  0.9973 -0.0407  0.0613
Y  0.0398  0.9991  0.0172
Z -0.0619 -0.0147  0.9980

PART 51
OFFSET  14.3763  7.8073 -3.9948
X  0.9973 -0.0407  0.0613
Y  0.0398  0.9991  0.0172
Z -0.0619 -0.0147  0.9980

PART 52
OFFSET -320.3348  5.9563  0.1364
X  0.9998 -0.0013 -0.0204
Y -0.0001  0.9975 -0.0704
Z  0.0204  0.0704  0.9973

PART 53
OFFSET  14.3478  7.8037 -4.6474
X  0.9983 -0.0404  0.0408
Y  0.0398  0.9991  0.0172
Z -0.0415 -0.0155  0.9990

PART 54
OFFSET  14.3586  8.3566 -4.3248
X  0.9983 -0.0404  0.0408
Y  0.0398  0.9991  0.0172
Z -0.0415 -0.0155  0.9990

PART 55
OFFSET  14.3367  8.3717 -3.6939
X  0.9983 -0.0404  0.0408
Y  0.0398  0.9991  0.0172
Z -0.0415 -0.0155  0.9990

PART 56
OFFSET  14.3002  7.7888 -3.3596
X  0.9983 -0.0404  0.0408
Y  0.0398  0.9991  0.0172
Z -0.0415 -0.0155  0.9990

PART 57
OFFSET  14.2915  7.2681 -3.6947
X  0.9983 -0.0404  0.0408
Y  0.0398  0.9991  0.0172
Z -0.0415 -0.0155  0.9990

PART 58
OFFSET  14.3152  7.2643 -4.3427
X  0.9983 -0.0404  0.0408
Y  0.0398  0.9991  0.0172
Z -0.0415 -0.0155  0.9990

PART 59
OFFSET -319.1791  21.8673 -22.2603
X  0.9983 -0.0404  0.0408
Y  0.0398  0.9991  0.0172
Z -0.0415 -0.0155  0.9990

PART 60
OFFSET  12.8535  8.0609 -4.5291
X  0.9933 -0.0414  0.1083
Y  0.0398  0.9991  0.0172
Z -0.1089 -0.0127  0.9940

PART 61
OFFSET -9.0353 -11.3680 -3.5426
X -0.6741 -0.0598  0.7362
Y -0.1439 -0.9670 -0.2103
Z  0.7245 -0.2477  0.6432

PART 62
OFFSET -0.8833 -10.6447 -12.4467
X -0.8053 -0.2860 -0.5194
Y  0.5397  0.0092 -0.8418
Z  0.2455 -0.9582  0.1469

PART 63
OFFSET  5.9659 -8.2122 -8.0291
X -0.8053 -0.2860 -0.5194
Y  0.5914 -0.4503 -0.6690
Z -0.0425 -0.8459  0.5317

PART 64
OFFSET  6.5594 -6.7968 -6.6056
X -0.8091 -0.2834 -0.5147
Y -0.2510  0.9588 -0.1334
Z  0.5313  0.0213 -0.8469

PART 65
OFFSET  6.4393 -7.1043 -5.5094
X -0.8091 -0.2834 -0.5147
Y -0.2510  0.9588 -0.1334
Z  0.5313  0.0213 -0.8469

PART 66
OFFSET  7.0780 -8.3384 -5.6310
X -0.8091 -0.2834 -0.5147
Y -0.2510  0.9588 -0.1334
Z  0.5313  0.0213 -0.8469

PART 67
OFFSET  8.4346 -7.3355 -6.4369
X -0.9507  0.2122 -0.2264
Y  0.1418 -0.3518 -0.9253
Z -0.2759 -0.9117  0.3043

PART 68
OFFSET  8.8387 -6.7171 -5.5671
X -0.6969 -0.5914 -0.4056
Y  0.6097 -0.1910 -0.7692
Z  0.3775 -0.7834  0.4938

PART 69
OFFSET  10.2608 -5.3781 -4.6427
X -0.9662  0.0324  0.2559
Y -0.2186 -0.6292 -0.7458
Z  0.1368 -0.7766  0.6150

PART 70
OFFSET  11.7921 -5.3810 -5.1691
X -0.7677  0.1694  0.6181
Y -0.5915 -0.5583 -0.5817
Z  0.2465 -0.8122  0.5287

PART 71
OFFSET  12.6210 -5.5175 -5.8518
X -0.8469  0.5317 -0.0033
Y  0.4330  0.6862 -0.5845
Z -0.3085 -0.4964 -0.8114

PART 72
OFFSET  9.4466 -7.7074 -7.2976
X -0.9520  0.1266  0.2786
Y -0.0403 -0.9543  0.2961
Z  0.3034  0.2707  0.9136

PART 73
OFFSET  11.6348 -7.8354 -7.8268
X -0.2373 -0.9506  0.1999
Y  0.8315 -0.3052 -0.4641
Z  0.5022  0.0561  0.8629

PART 74
OFFSET  11.9708 -6.4895 -8.1099
X  0.4647 -0.8546 -0.2318
Y  0.7509  0.5191 -0.4082
Z  0.4692  0.0156  0.8830

PART 75
OFFSET  11.5587 -5.7319 -7.9043
X  0.8567 -0.0837 -0.5089
Y  0.0421  0.9948 -0.0926
Z  0.5140  0.0579  0.8558

PART 76
OFFSET  10.7448 -5.6524 -7.4208
X -0.7561 -0.5689  0.3236
Y -0.4546  0.8122  0.3657
Z -0.4709  0.1294 -0.8727

PART 77
OFFSET  9.5230 -7.6476 -6.5904
X -0.9853  0.1492  0.0835
Y -0.1134 -0.9356  0.3342
Z  0.1279  0.3199  0.9388

PART 78
OFFSET  12.0586 -8.1030 -6.9391
X -0.2491 -0.9173  0.3106
Y  0.7998 -0.3757 -0.4682
Z  0.5462  0.1318  0.8272

PART 79
OFFSET  12.4827 -6.5412 -7.4679
X  0.6133 -0.7336 -0.2928
Y  0.5832  0.6706 -0.4585
Z  0.5327  0.1105  0.8391

PART 80
OFFSET  11.6327 -5.5245 -7.0622
X  0.8392  0.0781 -0.5381
Y -0.1275  0.9903 -0.0551
Z  0.5286  0.1148  0.8411

PART 81
OFFSET  10.7225 -5.6093 -6.4786
X -0.5888 -0.6241  0.5137
Y -0.6081  0.7607  0.2272
Z -0.5326 -0.1786 -0.8273

PART 82
OFFSET  4.2102 -6.6437 -6.4334
X -0.9986  0.0141  0.0506
Y -0.0069  0.9196 -0.3929
Z -0.0521 -0.3927 -0.9182

PART 83
OFFSET  11.9294 -8.2357 -4.7439
X -0.8551 -0.3433  0.3885
Y  0.3939 -0.9174  0.0563
Z  0.3371  0.2012  0.9197

PART 84
OFFSET  13.4349 -7.6312 -5.4279
X -0.7793 -0.4788  0.4044
Y  0.5393 -0.8410  0.0435
Z  0.3192  0.2520  0.9136

PART 85
OFFSET  14.4016 -7.0338 -5.8640
X -0.6133 -0.7165  0.3324
Y  0.7404 -0.6681 -0.0738
Z  0.2750  0.2009  0.9402

PART 86
OFFSET  15.0944 -6.2245 -6.2395
X -0.3914  0.8928  0.2229
Y  0.7641  0.4503 -0.4619
Z -0.5128 -0.0105 -0.8585

PART 87
OFFSET  12.0313 -8.4311 -5.8265
X -0.3703 -0.8406  0.3953
Y  0.8337 -0.4884 -0.2575
Z  0.4096  0.2343  0.8817

PART 88
OFFSET  12.7548 -6.7890 -6.5988
X  0.5461 -0.8373 -0.0263
Y  0.7140  0.4817 -0.5081
Z  0.4381  0.2586  0.8609

PART 89
OFFSET  11.9571 -5.5660 -6.5603
X  0.8795 -0.0291 -0.4750
Y -0.1210  0.9517 -0.2822
Z  0.4602  0.3057  0.8335

PART 90
OFFSET  10.9576 -5.5346 -6.0284
X -0.6266 -0.6051  0.4912
Y -0.6226  0.7677  0.1516
Z -0.4689 -0.2108 -0.8577

PART 91
OFFSET  0.0000 -0.0000 -0.0000
X  1.0000 -0.0000  0.0000
Y  0.0000  1.0000  0.0000
Z  0.0000 -0.0000  1.0000

PART 92
OFFSET  0.0000 -0.0000 -0.0000
X  1.0000 -0.0000  0.0000
Y  0.0000  1.0000  0.0000
Z  0.0000 -0.0000  1.0000

PART 93
OFFSET  1.5404 -0.0000  4.1357
X  1.0000 -0.0000  0.0000
Y  0.0000  1.0000  0.0000
Z  0.0000 -0.0000  1.0000


FRAME 403
PART 0
OFFSET  0.0000 -0.0000 -0.0000
X  1.0000 -0.0000  0.0000
Y  0.0000  1.0000  0.0000
Z  0.0000 -0.0000  1.0000

PART 1
OFFSET -4.6318 -0.0000 -1.3770
X  1.0000 -0.0000  0.0000
Y  0.0000  1.0000  0.0000
Z  0.0000 -0.0000  1.0000

PART 2
OFFSET -8.7700  11.3680 -3.9256
X  0.4893 -0.3379 -0.8040
Y  0.6063 -0.5310  0.5921
Z -0.6270 -0.7771 -0.0549

PART 3
OFFSET -2.8529  7.2814 -13.6493
X  0.8404  0.4033  0.3619
Y -0.5029  0.3315  0.7983
Z  0.2020 -0.8529  0.4814

PART 4
OFFSET  4.2953  10.7118 -10.5708
X  0.8404  0.4033  0.3619
Y -0.1836 -0.4166  0.8904
Z  0.5099 -0.8147 -0.2761

PART 5
OFFSET  5.8192  11.6900 -11.3400
X  0.8429  0.4037  0.3559
Y -0.1971  0.8469 -0.4938
Z -0.5007  0.3461  0.7934

PART 6
OFFSET  5.9266  10.0817 -10.8545
X  0.8429  0.4037  0.3559
Y -0.1971  0.8469 -0.4938
Z -0.5007  0.3461  0.7934

PART 7
OFFSET  5.0058  12.6492 -9.0696
X  0.8429  0.4037  0.3559
Y -0.1971  0.8469 -0.4938
Z -0.5007  0.3461  0.7934

PART 8
OFFSET  5.0811  11.5506 -8.2957
X  0.8429  0.4037  0.3559
Y -0.1971  0.8469 -0.4938
Z -0.5007  0.3461  0.7934

PART 9
OFFSET  5.3633  10.5606 -8.9088
X  0.8429  0.4037  0.3559
Y -0.1971  0.8469 -0.4938
Z -0.5007  0.3461  0.7934

PART 10
OFFSET  6.8718  11.9482 -9.4612
X  0.9229  0.1000  0.3717
Y -0.2967 -0.4305  0.8524
Z  0.2452 -0.8970 -0.3677

PART 11
OFFSET  7.1014  11.2094 -8.6223
X  0.5338 -0.6999  0.4747
Y -0.7121 -0.0692  0.6987
Z -0.4562 -0.7109 -0.5353

PART 12
OFFSET  8.1567  9.6527 -7.5581
X  0.9881 -0.0215 -0.1522
Y  0.0959 -0.6881  0.7193
Z -0.1202 -0.7253 -0.6778

PART 13
OFFSET  9.7327  9.5779 -7.9226
X  0.8394  0.0410 -0.5420
Y  0.4373 -0.6432  0.6286
Z -0.3228 -0.7646 -0.5578

PART 14
OFFSET  10.6331  9.5763 -8.5236
X  0.9171  0.3889  0.0878
Y -0.3704  0.7496  0.5486
Z  0.1475 -0.5356  0.8315

PART 15
OFFSET  8.0201  12.3125 -10.1337
X  0.9886  0.0669 -0.1351
Y  0.0081 -0.9185 -0.3954
Z -0.1506  0.3897 -0.9085

PART 16
OFFSET  10.2642  12.2934 -10.3534
X  0.2713 -0.8974 -0.3478
Y -0.8849 -0.3748  0.2766
Z -0.3786  0.2327 -0.8958

PART 17
OFFSET  10.6483  11.0228 -10.8458
X -0.5845 -0.8102  0.0449
Y -0.7355  0.5523  0.3924
Z -0.3427  0.1963 -0.9187

PART 18
OFFSET  10.1301  10.3045 -10.8060
X -0.9208 -0.0395  0.3881
Y  0.0579  0.9700  0.2362
Z -0.3858  0.2400 -0.8908

PART 19
OFFSET  9.2554  10.2670 -10.4373
X  0.7237 -0.6134 -0.3163
Y  0.5875  0.7880 -0.1840
Z  0.3621 -0.0527  0.9306

PART 20
OFFSET  7.9917  12.1736 -9.4341
X  0.9709  0.2219  0.0897
Y  0.2391 -0.8791 -0.4123
Z -0.0126  0.4217 -0.9066

PART 21
OFFSET  10.5785  12.4286 -9.3932
X  0.2962 -0.8431 -0.4489
Y -0.8566 -0.4424  0.2657
Z -0.4226  0.3058 -0.8532

PART 22
OFFSET  11.0828  10.9932 -10.1575
X -0.7231 -0.6812  0.1142
Y -0.5584  0.6739  0.4838
Z -0.4065  0.2861 -0.8677

PART 23
OFFSET  10.0806  10.0491 -9.9992
X -0.8863  0.1134  0.4490
Y  0.2291  0.9500  0.2123
Z -0.4025  0.2910 -0.8679

PART 24
OFFSET  9.1194  10.1721 -9.5122
X  0.5755 -0.6212 -0.5319
Y  0.7127  0.6999 -0.0464
Z  0.4011 -0.3524  0.8456

PART 25
OFFSET  9.3774  11.0920 -7.1588
X  0.9940 -0.0721  0.0827
Y  0.0221  0.8698  0.4928
Z -0.1074 -0.4880  0.8662

PART 26
OFFSET  10.1532  12.3464 -7.2332
X  0.9118 -0.3116 -0.2673
Y -0.3754 -0.8965 -0.2352
Z -0.1664  0.3149 -0.9344

PART 27
OFFSET  11.7586  11.7977 -7.7039
X  0.8318 -0.4241 -0.3581
Y -0.5209 -0.8193 -0.2397
Z -0.1918  0.3859 -0.9024

PART 28
OFFSET  12.7815  11.2587 -8.0844
X  0.6646 -0.6841 -0.3005
Y -0.7402 -0.6575 -0.1405
Z -0.1015  0.3159 -0.9434

PART 29
OFFSET  13.5322  10.4860 -8.4239
X  0.4233  0.9051 -0.0407
Y -0.8357  0.4075  0.3681
Z  0.3497 -0.1218  0.9289

PART 30
OFFSET  10.4207  12.6418 -8.2635
X  0.4683 -0.7631 -0.4453
Y -0.8304 -0.5524  0.0733
Z -0.3019  0.3354 -0.8924

PART 31
OFFSET  11.3356  11.1510 -9.1334
X -0.5942 -0.7984 -0.0977
Y -0.7292  0.4834  0.4844
Z -0.3395  0.3591 -0.8694

PART 32
OFFSET  10.4678  9.9848 -9.2762
X -0.9226 -0.0084  0.3856
Y  0.1478  0.9157  0.3736
Z -0.3563  0.4017 -0.8436

PART 33
