// Export filename: `C:\projects\cod\t5\xanim_export\t5_viewmodels\python\python_sw_sprint_in.XANIM_EXPORT`
// Source filename: `D:\projects\devanim\t5\animation_assets\viewmodels\python\ViewModel_python_animated.fbx`
// Export time: Fri Aug 06 01:38:44 2010

ANIMATION
VERSION 3

NUMPARTS 81
PART 0 "tag_ads"
PART 1 "tag_torso"
PART 2 "J_Shoulder_LE"
PART 3 "J_Elbow_LE"
PART 4 "J_WristTwist_LE"
PART 5 "J_Sleave_Reshape_Bottom_LE_1"
PART 6 "J_Sleave_Reshape_Bottom_LE_2"
PART 7 "J_Sleave_Reshape_Top_LE_1"
PART 8 "J_Sleave_Reshape_Top_LE_2"
PART 9 "J_Sleave_Reshape_Top_LE_3"
PART 10 "J_Wrist_LE"
PART 11 "J_Thumb_LE_0"
PART 12 "J_Thumb_LE_1"
PART 13 "J_Thumb_LE_2"
PART 14 "J_Thumb_LE_3"
PART 15 "J_PinkyPalm_LE"
PART 16 "J_Pinky_LE_0"
PART 17 "J_Pinky_LE_1"
PART 18 "J_Pinky_LE_2"
PART 19 "J_Pinky_LE_3"
PART 20 "J_RingPalm_LE"
PART 21 "J_Ring_LE_0"
PART 22 "J_Ring_LE_1"
PART 23 "J_Ring_LE_2"
PART 24 "J_Ring_LE_3"
PART 25 "J_Webbing_LE"
PART 26 "J_Index_LE_0"
PART 27 "J_Index_LE_1"
PART 28 "J_Index_LE_2"
PART 29 "J_Index_LE_3"
PART 30 "J_Mid_LE_0"
PART 31 "J_Mid_LE_1"
PART 32 "J_Mid_LE_2"
PART 33 "J_Mid_LE_3"
PART 34 "tag_knife_attach"
PART 35 "tag_weapon"
PART 36 "J_Gun"
PART 37 "TAG_CLIP"
PART 38 "J_Bolt"
PART 39 "tag_speedloader"
PART 40 "tag_spent0"
PART 41 "tag_spent1"
PART 42 "tag_spent2"
PART 43 "tag_spent3"
PART 44 "tag_spent4"
PART 45 "tag_spent5"
PART 46 "tag_bullets"
PART 47 "J_Press_Rear"
PART 48 "J_Shoulder_RI"
PART 49 "J_Elbow_RI"
PART 50 "J_WristTwist_RI"
PART 51 "J_Sleave_Reshape_Top_RI_3"
PART 52 "J_Sleave_Reshape_Top_RI_2"
PART 53 "J_Sleave_Reshape_Top_RI_1"
PART 54 "J_Wrist_RI"
PART 55 "J_Thumb_RI_0"
PART 56 "J_Thumb_RI_1"
PART 57 "J_Thumb_RI_2"
PART 58 "J_Thumb_RI_3"
PART 59 "J_PinkyPalm_RI"
PART 60 "J_Pinky_RI_0"
PART 61 "J_Pinky_RI_1"
PART 62 "J_Pinky_RI_2"
PART 63 "J_Pinky_RI_3"
PART 64 "J_RingPalm_RI"
PART 65 "J_Ring_RI_0"
PART 66 "J_Ring_RI_1"
PART 67 "J_Ring_RI_2"
PART 68 "J_Ring_RI_3"
PART 69 "J_Webbing_RI"
PART 70 "J_Index_RI_0"
PART 71 "J_Index_RI_1"
PART 72 "J_Index_RI_2"
PART 73 "J_Index_RI_3"
PART 74 "J_Mid_RI_0"
PART 75 "J_Mid_RI_1"
PART 76 "J_Mid_RI_2"
PART 77 "J_Mid_RI_3"
PART 78 "tag_cambone"
PART 79 "tag_camera"
PART 80 "tag_gasmask"

FRAMERATE 30
NUMFRAMES 11

FRAME 300
PART 0
OFFSET -4.6318 -0.0000 -1.3770
X  1.0000 -0.0000  0.0000
Y  0.0000  1.0000  0.0000
Z  0.0000 -0.0000  1.0000

PART 1
OFFSET -4.6318 -0.0000 -1.3770
X  1.0000 -0.0000  0.0000
Y  0.0000  1.0000  0.0000
Z  0.0000 -0.0000  1.0000

PART 2
OFFSET -6.7281  3.8438 -4.9859
X  0.8065  0.2908 -0.5148
Y  0.0606 -0.9067 -0.4173
Z -0.5881  0.3054 -0.7489

PART 3
OFFSET  3.0256  7.3607 -11.2115
X  0.5878 -0.7046  0.3974
Y -0.7701 -0.3370  0.5416
Z -0.2477 -0.6244 -0.7408

PART 4
OFFSET  8.0253  1.3675 -7.8312
X  0.5878 -0.7046  0.3974
Y -0.2881  0.2768  0.9167
Z -0.7560 -0.6534 -0.0403

PART 5
OFFSET  9.8819  1.2991 -7.1837
X  0.5931 -0.7009  0.3962
Y  0.2570  0.6312  0.7318
Z -0.7630 -0.3322  0.5545

PART 6
OFFSET  9.4076  0.6200 -8.6491
X  0.5931 -0.7009  0.3962
Y  0.2570  0.6312  0.7318
Z -0.7630 -0.3322  0.5545

PART 7
OFFSET  8.2074  0.0045 -5.6816
X  0.5931 -0.7009  0.3962
Y  0.2570  0.6312  0.7318
Z -0.7630 -0.3322  0.5545

PART 8
OFFSET  7.6546 -0.8253 -6.5857
X  0.5931 -0.7009  0.3962
Y  0.2570  0.6312  0.7318
Z -0.7630 -0.3322  0.5545

PART 9
OFFSET  8.0176 -0.6099 -7.7070
X  0.5931 -0.7009  0.3962
Y  0.2570  0.6312  0.7318
Z -0.7630 -0.3322  0.5545

PART 10
OFFSET  9.8274 -0.7927 -6.6128
X  0.9838 -0.1193 -0.1335
Y  0.1630  0.2886  0.9435
Z -0.0741 -0.9500  0.3033

PART 11
OFFSET  10.3969 -0.9579 -5.6378
X  0.9448  0.1218  0.3041
Y -0.2933  0.7283  0.6193
Z -0.1461 -0.6744  0.7238

PART 12
OFFSET  12.3983 -0.6599 -4.8793
X  0.9358 -0.1508 -0.3185
Y  0.3509  0.4817  0.8030
Z  0.0323 -0.8633  0.5037

PART 13
OFFSET  13.8917 -1.0288 -5.3851
X  0.7754 -0.4785 -0.4120
Y  0.6150  0.4242  0.6647
Z -0.1433 -0.7688  0.6232

PART 14
OFFSET  14.7342 -1.5742 -5.7908
X  0.7912  0.2280 -0.5675
Y -0.5229  0.7334 -0.4344
Z  0.3171  0.6404  0.6995

PART 15
OFFSET  10.4705 -1.3946 -7.6746
X  0.8235 -0.3942 -0.4080
Y -0.2196 -0.8846  0.4114
Z -0.5231 -0.2492 -0.8150

PART 16
OFFSET  12.3700 -2.3525 -8.4222
X  0.4898 -0.8428  0.2231
Y -0.6547 -0.1866  0.7325
Z -0.5757 -0.5049 -0.6431

PART 17
OFFSET  13.0634 -3.5457 -8.1063
X -0.2502 -0.6317  0.7337
Y -0.8075  0.5543  0.2018
Z -0.5342 -0.5420 -0.6488

PART 18
OFFSET  12.8416 -4.1058 -7.4558
X -0.7677  0.0843  0.6352
Y -0.2624  0.8630 -0.4316
Z -0.5846 -0.4981 -0.6405

PART 19
OFFSET  12.1122 -4.0257 -6.8523
X  0.8365 -0.5342 -0.1223
Y  0.2221  0.5344 -0.8156
Z  0.5010  0.6550  0.5656

PART 20
OFFSET  10.8055 -1.0964 -7.1193
X  0.8858 -0.2079 -0.4149
Y -0.1013 -0.9591  0.2643
Z -0.4529 -0.1921 -0.8706

PART 21
OFFSET  13.0776 -1.8966 -8.0970
X  0.4931 -0.8371  0.2369
Y -0.7274 -0.2473  0.6401
Z -0.4772 -0.4879 -0.7309

PART 22
OFFSET  13.9171 -3.3218 -7.6938
X -0.4123 -0.6059  0.6804
Y -0.7883  0.6117  0.0670
Z -0.4568 -0.5087 -0.7298

PART 23
OFFSET  13.3456 -4.1615 -6.7508
X -0.8503  0.0009  0.5264
Y -0.2648  0.8635 -0.4292
Z -0.4549 -0.5043 -0.7340

PART 24
OFFSET  12.4235 -4.1606 -6.1799
X  0.8255 -0.5188 -0.2222
Y  0.2901  0.7278 -0.6214
Z  0.4841  0.4485  0.7514

PART 25
OFFSET  13.0794 -1.2115 -5.3636
X  0.8736 -0.4322 -0.2237
Y  0.3630  0.8849 -0.2919
Z  0.3241  0.1738  0.9299

PART 26
OFFSET  13.8115 -0.6869 -6.5340
X  0.3874 -0.9115  0.1380
Y -0.8191 -0.2716  0.5053
Z -0.4231 -0.3088 -0.8518

PART 27
OFFSET  14.4936 -2.2917 -6.2910
X -0.4147 -0.8207  0.3930
Y -0.8358  0.5143  0.1921
Z -0.3598 -0.2488 -0.8992

PART 28
OFFSET  14.0113 -3.2743 -5.7585
X -0.7146 -0.4476  0.5375
Y -0.5566  0.8293 -0.0495
Z -0.4236 -0.3346 -0.8418

PART 29
OFFSET  13.2041 -3.7799 -5.1514
X  0.6160 -0.6970 -0.3671
Y  0.5654  0.7156 -0.4101
Z  0.5485  0.0451  0.8349

PART 30
OFFSET  13.5165 -1.1576 -7.4889
X  0.4031 -0.8747  0.2692
Y -0.8467 -0.2448  0.4724
Z -0.3473 -0.4184 -0.8393

PART 31
OFFSET  14.3038 -2.8663 -6.9629
X -0.3921 -0.7558  0.5245
Y -0.8362  0.5304  0.1392
Z -0.3834 -0.3840 -0.8400

PART 32
OFFSET  13.7312 -3.9703 -6.1969
X -0.8487 -0.1975  0.4906
Y -0.3336  0.9197 -0.2070
Z -0.4103 -0.3393 -0.8465

PART 33
OFFSET  12.7672 -4.1970 -5.6471
X  0.8901 -0.4143 -0.1899
Y  0.2596  0.8033 -0.5360
Z  0.3746  0.4278  0.8226

PART 34
OFFSET  12.2941 -2.7193 -7.0208
X -0.5017 -0.2274 -0.8346
Y  0.0741  0.9500 -0.3033
Z  0.8619 -0.2140 -0.4598

PART 35
OFFSET  13.9348 -2.2528 -4.0742
X  1.0000  0.0021 -0.0022
Y -0.0021  1.0000  0.0022
Z  0.0022 -0.0022  1.0000

PART 36
OFFSET  13.9348 -2.2528 -4.0742
X  1.0000  0.0021 -0.0022
Y -0.0021  1.0000  0.0022
Z  0.0022 -0.0022  1.0000

PART 37
OFFSET  17.2079 -2.0959 -3.7363
X  1.0000  0.0021 -0.0022
Y -0.0021  1.0000  0.0022
Z  0.0022 -0.0022  1.0000

PART 38
OFFSET  15.3850 -2.2533 -2.4343
X  1.0000  0.0021 -0.0022
Y -0.0021  1.0000  0.0022
Z  0.0022 -0.0022  1.0000

PART 39
OFFSET -80.6985 -67.1996 -23.6814
X  0.9403  0.3400 -0.0118
Y -0.3374  0.9366  0.0948
Z  0.0433 -0.0852  0.9954

PART 40
OFFSET  15.3573 -2.2523 -3.0590
X  0.9997  0.0021 -0.0226
Y -0.0021  1.0000  0.0022
Z  0.0226 -0.0021  0.9997

PART 41
OFFSET  15.3644 -1.7168 -2.7531
X  0.9997  0.0021 -0.0226
Y -0.0021  1.0000  0.0022
Z  0.0226 -0.0021  0.9997

PART 42
OFFSET  15.3816 -1.7118 -2.1194
X  0.9997  0.0021 -0.0226
Y -0.0021  1.0000  0.0022
Z  0.0226 -0.0021  0.9997

PART 43
OFFSET  15.3913 -2.2547 -1.8097
X  0.9997  0.0021 -0.0226
Y -0.0021  1.0000  0.0022
Z  0.0226 -0.0021  0.9997

PART 44
OFFSET  15.3843 -2.7920 -2.1182
X  0.9997  0.0021 -0.0226
Y -0.0021  1.0000  0.0022
Z  0.0226 -0.0021  0.9997

PART 45
OFFSET  15.3674 -2.7889 -2.7402
X  0.9997  0.0021 -0.0226
Y -0.0021  1.0000  0.0022
Z  0.0226 -0.0021  0.9997

PART 46
OFFSET -129.0176  45.1776  1.0187
X  0.9997  0.0027 -0.0222
Y  0.0008  0.9880  0.1541
Z  0.0224 -0.1541  0.9878

PART 47
OFFSET  13.8219 -2.0720 -2.8731
X  1.0000  0.0021 -0.0022
Y -0.0021  1.0000  0.0022
Z  0.0022 -0.0022  1.0000

PART 48
OFFSET -7.8386 -1.3192 -1.5206
X -0.5509  0.3857  0.7401
Y -0.4308 -0.8909  0.1436
Z  0.7148 -0.2397  0.6570

PART 49
OFFSET -1.1759 -5.9843 -10.4709
X -0.8774 -0.2150 -0.4289
Y  0.4797 -0.4050 -0.7784
Z -0.0063 -0.8887  0.4585

PART 50
OFFSET  6.2868 -4.1556 -6.8232
X -0.8774 -0.2150 -0.4289
Y  0.4777 -0.3086 -0.8226
Z  0.0445 -0.9266  0.3734

PART 51
OFFSET  7.2012 -2.5296 -6.1556
X -0.8802 -0.2101 -0.4255
Y  0.0019  0.8950 -0.4460
Z  0.4745 -0.3934 -0.7874

PART 52
OFFSET  7.0741 -2.5974 -4.9660
X -0.8802 -0.2101 -0.4255
Y  0.0019  0.8950 -0.4460
Z  0.4745 -0.3934 -0.7874

PART 53
OFFSET  7.2565 -3.8405 -4.4839
X -0.8802 -0.2101 -0.4255
Y  0.0019  0.8950 -0.4460
Z  0.4745 -0.3934 -0.7874

PART 54
OFFSET  8.9767 -3.4965 -5.5084
X -0.9522  0.0976 -0.2896
Y  0.2575 -0.2542 -0.9322
Z -0.1646 -0.9622  0.2169

PART 55
OFFSET  9.2241 -2.9000 -4.5675
X -0.5282 -0.6290 -0.5704
Y  0.7088  0.0433 -0.7041
Z  0.4676 -0.7762  0.4230

PART 56
OFFSET  10.2672 -1.5038 -3.2899
X -0.9700 -0.1285  0.2063
Y -0.1055 -0.5421 -0.8337
Z  0.2190 -0.8305  0.5122

PART 57
OFFSET  11.8023 -1.2357 -3.7302
X -0.8539 -0.0790  0.5143
Y -0.3979 -0.5379 -0.7432
Z  0.3354 -0.8393  0.4279

PART 58
OFFSET  12.7172 -1.1027 -4.2933
X -0.9278  0.3699 -0.0484
Y  0.3574  0.8441 -0.3997
Z -0.1070 -0.3881 -0.9154

PART 59
OFFSET  10.0914 -3.6568 -6.3054
X -0.9781 -0.0272  0.2064
Y  0.0746 -0.9714  0.2254
Z  0.1943  0.2359  0.9522

PART 60
OFFSET  12.3082 -3.4422 -6.6580
X -0.3526 -0.9332  0.0695
Y  0.8944 -0.3579 -0.2684
Z  0.2753 -0.0325  0.9608

PART 61
OFFSET  12.8073 -2.1210 -6.7564
X  0.5483 -0.8139 -0.1925
Y  0.8025  0.5767 -0.1528
Z  0.2354 -0.0707  0.9693

PART 62
OFFSET  12.3212 -1.3994 -6.5858
X  0.9589 -0.0090 -0.2837
Y  0.0156  0.9997  0.0211
Z  0.2834 -0.0247  0.9587

PART 63
OFFSET  11.4103 -1.3909 -6.3162
X -0.7842 -0.6171  0.0651
Y -0.5694  0.7573  0.3197
Z -0.2466  0.2136 -0.9453

PART 64
OFFSET  10.1067 -3.6437 -5.5918
X -0.9999  0.0060  0.0112
Y -0.0029 -0.9660  0.2586
Z  0.0124  0.2585  0.9659

PART 65
OFFSET  12.6999 -3.7191 -5.7586
X -0.3768 -0.9079  0.1834
Y  0.8727 -0.4144 -0.2581
Z  0.3103  0.0628  0.9486

PART 66
OFFSET  13.3415 -2.1733 -6.0708
X  0.7136 -0.6745 -0.1891
Y  0.6363  0.7371 -0.2276
Z  0.2929  0.0421  0.9552

PART 67
OFFSET  12.3525 -1.2385 -5.8088
X  0.9419  0.1666 -0.2918
Y -0.1727  0.9850  0.0047
Z  0.2881  0.0460  0.9565

PART 68
OFFSET  11.3309 -1.4192 -5.4923
X -0.6588 -0.6968  0.2834
Y -0.6936  0.7086  0.1299
Z -0.2914 -0.1110 -0.9501

PART 69
OFFSET  4.7079 -3.3909 -5.8092
X -0.9915 -0.1265 -0.0319
Y -0.1092  0.9384 -0.3279
Z  0.0714 -0.3217 -0.9442

PART 70
OFFSET  12.4314 -4.0428 -3.5962
X -0.8711 -0.3744  0.3178
Y  0.4165 -0.9061  0.0742
Z  0.2602  0.1970  0.9452

PART 71
OFFSET  13.9651 -3.3837 -4.1558
X -0.8092 -0.4824  0.3352
Y  0.5356 -0.8403  0.0837
Z  0.2413  0.2473  0.9384

PART 72
OFFSET  14.9635 -2.7822 -4.5063
X -0.4769 -0.8372  0.2676
Y  0.8570 -0.5105 -0.0699
Z  0.1951  0.1960  0.9610

PART 73
OFFSET  15.5022 -1.8365 -4.8085
X -0.5635  0.7885  0.2463
Y  0.6808  0.6121 -0.4022
Z -0.4680 -0.0590 -0.8818

PART 74
OFFSET  12.6387 -4.1356 -4.6773
X -0.4951 -0.8427  0.2115
Y  0.8576 -0.5130 -0.0366
Z  0.1394  0.1633  0.9767

PART 75
OFFSET  13.6058 -2.4893 -5.0906
X  0.6095 -0.7915  0.0440
Y  0.7735  0.5817 -0.2516
Z  0.1736  0.1874  0.9668

PART 76
OFFSET  12.7156 -1.3331 -5.1549
X  0.9714  0.0823 -0.2226
Y -0.1314  0.9676 -0.2156
Z  0.1976  0.2386  0.9508

PART 77
OFFSET  11.6138 -1.4274 -4.9097
X -0.6736 -0.6964  0.2475
Y -0.7091  0.7034  0.0492
Z -0.2084 -0.1424 -0.9676

PART 78
OFFSET  0.0000 -0.0000 -0.0000
X  1.0000 -0.0000  0.0000
Y  0.0000  1.0000  0.0000
Z  0.0000 -0.0000  1.0000

PART 79
OFFSET  0.0000 -0.0000 -0.0000
X  1.0000 -0.0000  0.0000
Y  0.0000  1.0000  0.0000
Z  0.0000 -0.0000  1.0000

PART 80
OFFSET  1.5404 -0.0000  4.1357
X  1.0000 -0.0000  0.0000
Y  0.0000  1.0000  0.0000
Z  0.0000 -0.0000  1.0000


FRAME 301
PART 0
OFFSET -4.6318 -0.0000 -1.3770
X  1.0000 -0.0000  0.0000
Y  0.0000  1.0000  0.0000
Z  0.0000 -0.0000  1.0000

PART 1
OFFSET -4.6318 -0.0000 -1.3770
X  1.0000 -0.0000  0.0000
Y  0.0000  1.0000  0.0000
Z  0.0000 -0.0000  1.0000

PART 2
OFFSET -6.7281  3.8438 -4.9859
X  0.8319  0.2531 -0.4939
Y  0.0350 -0.9121 -0.4084
Z -0.5539  0.3225 -0.7676

PART 3
OFFSET  3.3325  6.9043 -10.9592
X  0.5855 -0.7089  0.3933
Y -0.7704 -0.3356  0.5420
Z -0.2522 -0.6203 -0.7427

PART 4
OFFSET  8.3125  0.8750 -7.6143
X  0.5855 -0.7089  0.3933
Y -0.2871  0.2724  0.9184
Z -0.7581 -0.6506 -0.0440

PART 5
OFFSET  10.1702  0.7955 -6.9715
X  0.5908 -0.7052  0.3921
Y  0.2616  0.6271  0.7337
Z -0.7632 -0.3309  0.5550

PART 6
OFFSET  9.6894  0.1244 -8.4385
X  0.5908 -0.7052  0.3921
Y  0.2616  0.6271  0.7337
Z -0.7632 -0.3309  0.5550

PART 7
OFFSET  8.4933 -0.4974 -5.4706
X  0.5908 -0.7052  0.3921
Y  0.2616  0.6271  0.7337
Z -0.7632 -0.3309  0.5550

PART 8
OFFSET  7.9346 -1.3211 -6.3767
X  0.5908 -0.7052  0.3921
Y  0.2616  0.6271  0.7337
Z -0.7632 -0.3309  0.5550

PART 9
OFFSET  8.2960 -1.1029 -7.4980
X  0.5908 -0.7052  0.3921
Y  0.2616  0.6271  0.7337
Z -0.7632 -0.3309  0.5550

PART 10
OFFSET  10.1075 -1.2983 -6.4087
X  0.9844 -0.1024 -0.1431
Y  0.1673  0.2923  0.9416
Z -0.0546 -0.9508  0.3049

PART 11
OFFSET  10.6893 -1.4527 -5.4392
X  0.9455  0.1384  0.2947
Y -0.2997  0.7238  0.6216
Z -0.1272 -0.6760  0.7258

PART 12
OFFSET  12.6927 -1.1194 -4.7009
X  0.9351 -0.1349 -0.3276
Y  0.3505  0.4885  0.7991
Z  0.0522 -0.8621  0.5041

PART 13
OFFSET  14.1872 -1.4629 -5.2211
X  0.7794 -0.4655 -0.4193
Y  0.6141  0.4354  0.6582
Z -0.1238 -0.7705  0.6252

PART 14
OFFSET  15.0349 -1.9941 -5.6347
X  0.7815  0.2411 -0.5755
Y -0.5398  0.7238 -0.4298
Z  0.3129  0.6465  0.6958

PART 15
OFFSET  10.7503 -1.8901 -7.4764
X  0.8261 -0.3803 -0.4158
Y -0.2002 -0.8878  0.4143
Z -0.5267 -0.2590 -0.8096

PART 16
OFFSET  12.6586 -2.8158 -8.2419
X  0.5065 -0.8340  0.2190
Y -0.6441 -0.1971  0.7391
Z -0.5733 -0.5154 -0.6370

PART 17
OFFSET  13.3757 -3.9966 -7.9318
X -0.2320 -0.6351  0.7367
Y -0.8149  0.5405  0.2093
Z -0.5311 -0.5518 -0.6430

PART 18
OFFSET  13.1700 -4.5597 -7.2786
X -0.7627  0.0716  0.6427
Y -0.2815  0.8579 -0.4297
Z -0.5822 -0.5087 -0.6342

PART 19
OFFSET  12.4454 -4.4916 -6.6680
X  0.8443 -0.5198 -0.1301
Y  0.2047  0.5373 -0.8182
Z  0.4952  0.6642  0.5601

PART 20
OFFSET  11.0856 -1.5856 -6.9247
X  0.8851 -0.1930 -0.4235
Y -0.0821 -0.9604  0.2661
Z -0.4581 -0.2008 -0.8659

PART 21
OFFSET  13.3614 -2.3474 -7.9241
X  0.5098 -0.8282  0.2327
Y -0.7167 -0.2592  0.6475
Z -0.4759 -0.4968 -0.7257

PART 22
OFFSET  14.2294 -3.7575 -7.5280
X -0.3950 -0.6122  0.6850
Y -0.7980  0.5980  0.0743
Z -0.4551 -0.5173 -0.7248

PART 23
OFFSET  13.6819 -4.6060 -6.5787
X -0.8449 -0.0133  0.5347
Y -0.2839  0.8584 -0.4273
Z -0.4533 -0.5129 -0.7290

PART 24
OFFSET  12.7655 -4.6204 -5.9987
X  0.8321 -0.5047 -0.2299
Y  0.2714  0.7321 -0.6248
Z  0.4836  0.4576  0.7461

PART 25
OFFSET  13.3784 -1.6595 -5.1914
X  0.8787 -0.4173 -0.2320
Y  0.3448  0.8907 -0.2963
Z  0.3302  0.1803  0.9265

PART 26
OFFSET  14.0897 -1.1236 -6.3694
X  0.4045 -0.9045  0.1350
Y -0.8092 -0.2852  0.5136
Z -0.4261 -0.3169 -0.8474

PART 27
OFFSET  14.8018 -2.7162 -6.1318
X -0.3966 -0.8273  0.3978
Y -0.8426  0.5000  0.1999
Z -0.3643 -0.2559 -0.8954

PART 28
OFFSET  14.3418 -3.7064 -5.5938
X -0.7015 -0.4593  0.5450
Y -0.5713  0.8195 -0.0447
Z -0.4261 -0.3427 -0.8373

PART 29
OFFSET  13.5495 -4.2252 -4.9782
X  0.6243 -0.6867 -0.3726
Y  0.5489  0.7249 -0.4163
Z  0.5559  0.0554  0.8294

PART 30
OFFSET  13.7935 -1.6003 -7.3209
X  0.4207 -0.8673  0.2660
Y -0.8376 -0.2589  0.4810
Z -0.3483 -0.4252 -0.8354

PART 31
OFFSET  14.6154 -3.2946 -6.8014
X -0.3738 -0.7619  0.5290
Y -0.8439  0.5160  0.1470
Z -0.3850 -0.3914 -0.8358

PART 32
OFFSET  14.0695 -4.4075 -6.0287
X -0.8403 -0.2116  0.4991
Y -0.3515  0.9136 -0.2045
Z -0.4127 -0.3473 -0.8421

PART 33
OFFSET  13.1151 -4.6503 -5.4693
X  0.8952 -0.3991 -0.1983
Y  0.2404  0.8071 -0.5392
Z  0.3752  0.4350  0.8185

PART 34
OFFSET  12.6030 -3.1825 -6.8395
X -0.5059 -0.2369 -0.8294
Y  0.0546  0.9508 -0.3049
Z  0.8608 -0.1996 -0.4681

PART 35
OFFSET  14.2643 -2.6846 -3.9097
X  0.9997  0.0194 -0.0121
Y -0.0194  0.9998  0.0013
Z  0.0121 -0.0011  0.9999

PART 36
OFFSET  14.2643 -2.6846 -3.9097
X  0.9997  0.0194 -0.0121
Y -0.0194  0.9998  0.0013
Z  0.0121 -0.0011  0.9999

PART 37
OFFSET  17.5375 -2.4708 -3.6043
X  0.9997  0.0194 -0.0121
Y -0.0194  0.9998  0.0013
Z  0.0121 -0.0011  0.9999

PART 38
OFFSET  15.7304 -2.6584 -2.2841
X  0.9997  0.0194 -0.0121
Y -0.0194  0.9998  0.0013
Z  0.0121 -0.0011  0.9999

PART 39
OFFSET -111.5478 -9.2923 -50.9375
X  0.9993  0.0194 -0.0325
Y -0.0194  0.9998  0.0013
Z  0.0325 -0.0007  0.9995

PART 40
OFFSET  15.6966 -2.6585 -2.9086
X  0.9993  0.0194 -0.0325
Y -0.0194  0.9998  0.0013
Z  0.0325 -0.0007  0.9995

PART 41
OFFSET  15.6975 -2.1227 -2.6032
X  0.9993  0.0194 -0.0325
Y -0.0194  0.9998  0.0013
Z  0.0325 -0.0007  0.9995

PART 42
OFFSET  15.7208 -2.1167 -1.9697
X  0.9993  0.0194 -0.0325
Y -0.0194  0.9998  0.0013
Z  0.0325 -0.0007  0.9995

PART 43
OFFSET  15.7430 -2.6590 -1.6597
X  0.9993  0.0194 -0.0325
Y -0.0194  0.9998  0.0013
Z  0.0325 -0.0007  0.9995

PART 44
OFFSET  15.7422 -3.1967 -1.9676
X  0.9993  0.0194 -0.0325
Y -0.0194  0.9998  0.0013
Z  0.0325 -0.0007  0.9995

PART 45
OFFSET  15.7191 -3.1945 -2.5894
X  0.9993  0.0194 -0.0325
Y -0.0194  0.9998  0.0013
Z  0.0325 -0.0007  0.9995

PART 46
OFFSET -109.6965 -9.2564 -50.9978
X  0.9993  0.0194 -0.0325
Y -0.0194  0.9998  0.0013
Z  0.0325 -0.0007  0.9995

PART 47
OFFSET  14.1602 -2.5045 -2.7076
X  0.9997  0.0194 -0.0121
Y -0.0194  0.9998  0.0013
Z  0.0121 -0.0011  0.9999

PART 48
OFFSET -7.8386 -1.3192 -1.5206
X -0.5710  0.3811  0.7272
Y -0.4570 -0.8833  0.1040
Z  0.6820 -0.2729  0.6785

PART 49
OFFSET -0.9333 -5.9276 -10.3150
X -0.8856 -0.1653 -0.4340
Y  0.4621 -0.4054 -0.7888
Z -0.0455 -0.8991  0.4354

PART 50
OFFSET  6.5994 -4.5219 -6.6240
X -0.8856 -0.1653 -0.4340
Y  0.4643 -0.2969 -0.8345
Z  0.0091 -0.9405  0.3396

PART 51
OFFSET  7.5835 -2.9552 -5.9150
X -0.8883 -0.1604 -0.4304
Y  0.0414  0.9053 -0.4228
Z  0.4575 -0.3934 -0.7975

PART 52
OFFSET  7.4527 -3.0481 -4.7276
X -0.8883 -0.1604 -0.4304
Y  0.0414  0.9053 -0.4228
Z  0.4575 -0.3934 -0.7975

PART 53
OFFSET  7.5802 -4.3100 -4.2777
X -0.8883 -0.1604 -0.4304
Y  0.0414  0.9053 -0.4228
Z  0.4575 -0.3934 -0.7975

PART 54
OFFSET  9.3146 -4.0152 -5.2936
X -0.9565  0.0809 -0.2803
Y  0.2526 -0.2507 -0.9345
Z -0.1458 -0.9647  0.2193

PART 55
OFFSET  9.5609 -3.4136 -4.3558
X -0.5229 -0.6386 -0.5646
Y  0.7009  0.0548 -0.7111
Z  0.4851 -0.7676  0.4190

PART 56
OFFSET  10.5923 -1.9983 -3.0898
X -0.9656 -0.1450  0.2160
Y -0.1044 -0.5447 -0.8321
Z  0.2383 -0.8260  0.5108

PART 57
OFFSET  12.1182 -1.7042 -3.5454
X -0.8473 -0.0932  0.5228
Y -0.3958 -0.5455 -0.7387
Z  0.3541 -0.8329  0.4253

PART 58
OFFSET  13.0250 -1.5560 -4.1177
X -0.9345  0.3538 -0.0395
Y  0.3388  0.8498 -0.4039
Z -0.1093 -0.3908 -0.9139

PART 59
OFFSET  10.4239 -4.1571 -6.1015
X -0.9754 -0.0439  0.2161
Y  0.0936 -0.9697  0.2255
Z  0.1996  0.2402  0.9500

PART 60
OFFSET  12.6331 -3.9046 -6.4762
X -0.3357 -0.9391  0.0738
Y  0.8977 -0.3427 -0.2769
Z  0.2853 -0.0267  0.9581

PART 61
OFFSET  13.1084 -2.5751 -6.5807
X  0.5603 -0.8045 -0.1972
Y  0.7909  0.5904 -0.1613
Z  0.2461 -0.0656  0.9670

PART 62
OFFSET  12.6116 -1.8618 -6.4059
X  0.9560  0.0073 -0.2932
Y -0.0015  0.9998  0.0201
Z  0.2933 -0.0188  0.9558

PART 63
OFFSET  11.7033 -1.8688 -6.1274
X -0.7727 -0.6305  0.0734
Y -0.5793  0.7477  0.3246
Z -0.2595  0.2083 -0.9430

PART 64
OFFSET  10.4460 -4.1430 -5.3881
X -0.9997 -0.0112  0.0211
Y  0.0163 -0.9656  0.2594
Z  0.0174  0.2597  0.9655

PART 65
OFFSET  13.0385 -4.1737 -5.5805
X -0.3593 -0.9141  0.1879
Y  0.8772 -0.3995 -0.2664
Z  0.3186  0.0691  0.9454

PART 66
OFFSET  13.6501 -2.6174 -5.9004
X  0.7233 -0.6623 -0.1956
Y  0.6212  0.7477 -0.2346
Z  0.3016  0.0482  0.9522

PART 67
OFFSET  12.6477 -1.6996 -5.6294
X  0.9359  0.1825 -0.3012
Y -0.1897  0.9818  0.0055
Z  0.2967  0.0520  0.9535

PART 68
OFFSET  11.6326 -1.8975 -5.3027
X -0.6439 -0.7078  0.2905
Y -0.7044  0.6966  0.1362
Z -0.2988 -0.1170 -0.9471

PART 69
OFFSET  5.0418 -3.9837 -5.5523
X -0.9894 -0.1437 -0.0220
Y -0.1286  0.9360 -0.3276
Z  0.0676 -0.3213 -0.9445

PART 70
OFFSET  12.7969 -4.4998 -3.4152
X -0.8613 -0.3890  0.3267
Y  0.4328 -0.8987  0.0709
Z  0.2661  0.2024  0.9425

PART 71
OFFSET  14.3134 -3.8149 -3.9905
X -0.7974 -0.4960  0.3437
Y  0.5509 -0.8308  0.0791
Z  0.2463  0.2524  0.9358

PART 72
OFFSET  15.2978 -3.1966 -4.3515
X -0.4597 -0.8451  0.2730
Y  0.8650 -0.4957 -0.0779
Z  0.2012  0.2003  0.9588

PART 73
OFFSET  15.8170 -2.2421 -4.6598
X -0.5746  0.7789  0.2512
Y  0.6661  0.6234 -0.4095
Z -0.4756 -0.0680 -0.8771

PART 74
OFFSET  12.9951 -4.5901 -4.4983
X -0.4783 -0.8509  0.2172
Y  0.8659 -0.4982 -0.0447
Z  0.1462  0.1667  0.9751

PART 75
OFFSET  13.9295 -2.9278 -4.9225
X  0.6235 -0.7808  0.0387
Y  0.7608  0.5947 -0.2598
Z  0.1799  0.1914  0.9649

PART 76
OFFSET  13.0188 -1.7872 -4.9790
X  0.9676  0.0989 -0.2322
Y -0.1502  0.9650 -0.2151
Z  0.2028  0.2430  0.9486

PART 77
OFFSET  11.9214 -1.9003 -4.7229
X -0.6590 -0.7077  0.2548
Y -0.7206  0.6911  0.0557
Z -0.2155 -0.1469 -0.9654

PART 78
OFFSET  0.0000 -0.0000 -0.0000
X  1.0000 -0.0000  0.0000
Y  0.0000  1.0000  0.0000
Z  0.0000 -0.0000  1.0000

PART 79
OFFSET  0.0000 -0.0000 -0.0000
X  1.0000 -0.0000  0.0000
Y  0.0000  1.0000  0.0000
Z  0.0000 -0.0000  1.0000

PART 80
OFFSET  1.5404 -0.0000  4.1357
X  1.0000 -0.0000  0.0000
Y  0.0000  1.0000  0.0000
Z  0.0000 -0.0000  1.0000


FRAME 302
PART 0
OFFSET -4.6318 -0.0000 -1.3770
X  1.0000 -0.0000  0.0000
Y  0.0000  1.0000  0.0000
Z  0.0000 -0.0000  1.0000

PART 1
OFFSET -4.6318 -0.0000 -1.3770
X  1.0000 -0.0000  0.0000
Y  0.0000  1.0000  0.0000
Z  0.0000 -0.0000  1.0000

PART 2
OFFSET -6.7281  3.8438 -4.9859
X  0.8750  0.1724 -0.4524
Y -0.0250 -0.9172 -0.3977
Z -0.4835  0.3593 -0.7982

PART 3
OFFSET  3.8538  5.9285 -10.4576
X  0.5829 -0.7210  0.3747
Y -0.7671 -0.3362  0.5464
Z -0.2680 -0.6059 -0.7490

PART 4
OFFSET  8.8112 -0.2040 -7.2704
X  0.5829 -0.7210  0.3747
Y -0.2474  0.2818  0.9270
Z -0.7740 -0.6330 -0.0142

PART 5
OFFSET  10.6758 -0.3128 -6.6522
X  0.5882 -0.7173  0.3735
Y  0.2773  0.6127  0.7401
Z -0.7597 -0.3317  0.5593

PART 6
OFFSET  10.1698 -0.9557 -8.1234
X  0.5882 -0.7173  0.3735
Y  0.2773  0.6127  0.7401
Z -0.7597 -0.3317  0.5593

PART 7
OFFSET  9.0042 -1.6119 -5.1509
X  0.5882 -0.7173  0.3735
Y  0.2773  0.6127  0.7401
Z -0.7597 -0.3317  0.5593

PART 8
OFFSET  8.4256 -2.4153 -6.0626
X  0.5882 -0.7173  0.3735
Y  0.2773  0.6127  0.7401
Z -0.7597 -0.3317  0.5593

PART 9
OFFSET  8.7753 -2.1832 -7.1848
X  0.5882 -0.7173  0.3735
Y  0.2773  0.6127  0.7401
Z -0.7597 -0.3317  0.5593

PART 10
OFFSET  10.5980 -2.4144 -6.1216
X  0.9829 -0.0824 -0.1649
Y  0.1825  0.3089  0.9334
Z -0.0260 -0.9475  0.3187

PART 11
OFFSET  11.2056 -2.5424 -5.1641
X  0.9487  0.1635  0.2704
Y -0.3014  0.7254  0.6188
Z -0.0950 -0.6686  0.7375

PART 12
OFFSET  13.2176 -2.1543 -4.4778
X  0.9300 -0.1186 -0.3478
Y  0.3578  0.5072  0.7840
Z  0.0834 -0.8536  0.5142

PART 13
OFFSET  14.7070 -2.4716 -5.0284
X  0.7798 -0.4537 -0.4313
Y  0.6193  0.4581  0.6377
Z -0.0918 -0.7644  0.6382

PART 14
OFFSET  15.5566 -2.9894 -5.4548
X  0.7622  0.2505 -0.5969
Y -0.5659  0.7056 -0.4265
Z  0.3143  0.6629  0.6795

PART 15
OFFSET  11.2291 -3.0065 -7.1961
X  0.8246 -0.3675 -0.4301
Y -0.1704 -0.8863  0.4307
Z -0.5394 -0.2819 -0.7934

PART 16
OFFSET  13.1395 -3.8999 -7.9941
X  0.5302 -0.8194  0.2180
Y -0.6221 -0.2012  0.7567
Z -0.5761 -0.5368 -0.6164

PART 17
OFFSET  13.8901 -5.0599 -7.6854
X -0.2004 -0.6299  0.7504
Y -0.8218  0.5250  0.2213
Z -0.5333 -0.5724 -0.6229

PART 18
OFFSET  13.7125 -5.6184 -7.0201
X -0.7490  0.0635  0.6595
Y -0.3108  0.8454 -0.4344
Z -0.5851 -0.5303 -0.6135

PART 19
OFFSET  13.0009 -5.5581 -6.3935
X  0.8526 -0.5026 -0.1431
Y  0.1734  0.5304 -0.8298
Z  0.4929  0.6827  0.5394

PART 20
OFFSET  11.5702 -2.6870 -6.6566
X  0.8791 -0.1790 -0.4417
Y -0.0541 -0.9583  0.2807
Z -0.4735 -0.2229 -0.8521

PART 21
OFFSET  13.8387 -3.4116 -7.6992
X  0.5337 -0.8134  0.2316
Y -0.6953 -0.2662  0.6676
Z -0.4813 -0.5173 -0.7076

PART 22
OFFSET  14.7473 -4.7963 -7.3049
X -0.3650 -0.6113  0.7022
Y -0.8094  0.5810  0.0851
Z -0.4600 -0.5373 -0.7069

PART 23
OFFSET  14.2414 -5.6436 -6.3318
X -0.8317 -0.0247  0.5547
Y -0.3132  0.8458 -0.4319
Z -0.4584 -0.5329 -0.7112

PART 24
OFFSET  13.3394 -5.6704 -5.7302
X  0.8378 -0.4891 -0.2427
Y  0.2401  0.7292 -0.6407
Z  0.4904  0.4785  0.7284

PART 25
OFFSET  13.9037 -2.6858 -4.9770
X  0.8822 -0.4008 -0.2471
Y  0.3176  0.8940 -0.3161
Z  0.3476  0.2004  0.9160

PART 26
OFFSET  14.5751 -2.1504 -6.1785
X  0.4279 -0.8933  0.1374
Y -0.7904 -0.2961  0.5363
Z -0.4384 -0.3380 -0.8328

PART 27
OFFSET  15.3284 -3.7233 -5.9366
X -0.3684 -0.8304  0.4180
Y -0.8488  0.4838  0.2131
Z -0.3792 -0.2764 -0.8831

PART 28
OFFSET  14.9036 -4.7160 -5.3748
X -0.6780 -0.4673  0.5674
Y -0.5906  0.8059 -0.0421
Z -0.4376 -0.3637 -0.8224

PART 29
OFFSET  14.1378 -5.2438 -4.7339
X  0.6308 -0.6776 -0.3780
Y  0.5225  0.7311 -0.4387
Z  0.5737  0.0792  0.8152

PART 30
OFFSET  14.2676 -2.6467 -7.1164
X  0.4463 -0.8540  0.2675
Y -0.8202 -0.2708  0.5040
Z -0.3580 -0.4443 -0.8212

PART 31
OFFSET  15.1396 -4.3150 -6.5939
X -0.3440 -0.7627  0.5477
Y -0.8517  0.4991  0.1600
Z -0.3954 -0.4114 -0.8212

PART 32
OFFSET  14.6371 -5.4290 -5.7938
X -0.8235 -0.2234  0.5216
Y -0.3767  0.9026 -0.2082
Z -0.4243 -0.3680 -0.8274

PART 33
OFFSET  13.7018 -5.6852 -5.2088
X  0.8992 -0.3817 -0.2140
Y  0.2094  0.8048 -0.5554
Z  0.3842  0.4546  0.8036

PART 34
OFFSET  13.1248 -4.2483 -6.5860
X -0.5196 -0.2595 -0.8140
Y  0.0260  0.9475 -0.3187
Z  0.8540 -0.1867 -0.4856

PART 35
OFFSET  14.8422 -3.6730 -3.7030
X  0.9985  0.0415 -0.0359
Y -0.0419  0.9991 -0.0115
Z  0.0354  0.0130  0.9993

PART 36
OFFSET  14.8422 -3.6730 -3.7030
X  0.9985  0.0415 -0.0359
Y -0.0419  0.9991 -0.0115
Z  0.0354  0.0130  0.9993

PART 37
OFFSET  18.1159 -3.3821 -3.4778
X  0.9985  0.0415 -0.0359
Y -0.0419  0.9991 -0.0115
Z  0.0354  0.0130  0.9993

PART 38
OFFSET  16.3448 -3.5916 -2.1131
X  0.9985  0.0415 -0.0359
Y -0.0419  0.9991 -0.0115
Z  0.0354  0.0130  0.9993

PART 39
OFFSET -111.8490 -13.7353 -47.6583
X  0.9976  0.0412 -0.0563
Y -0.0419  0.9991 -0.0115
Z  0.0558  0.0139  0.9983

PART 40
OFFSET  16.2965 -3.6011 -2.7365
X  0.9976  0.0412 -0.0563
Y -0.0419  0.9991 -0.0115
Z  0.0558  0.0139  0.9983

PART 41
OFFSET  16.2923 -3.0612 -2.4384
X  0.9976  0.0412 -0.0563
Y -0.0419  0.9991 -0.0115
Z  0.0558  0.0139  0.9983

PART 42
OFFSET  16.3302 -3.0460 -1.8057
X  0.9976  0.0412 -0.0563
Y -0.0419  0.9991 -0.0115
Z  0.0558  0.0139  0.9983

PART 43
OFFSET  16.3719 -3.5833 -1.4891
X  0.9976  0.0412 -0.0563
Y -0.0419  0.9991 -0.0115
Z  0.0558  0.0139  0.9983

PART 44
OFFSET  16.3761 -4.1251 -1.7898
X  0.9976  0.0412 -0.0563
Y -0.0419  0.9991 -0.0115
Z  0.0558  0.0139  0.9983

PART 45
OFFSET  16.3385 -4.1320 -2.4108
X  0.9976  0.0412 -0.0563
Y -0.0419  0.9991 -0.0115
Z  0.0558  0.0139  0.9983

PART 46
OFFSET -110.0008 -13.6589 -47.7627
X  0.9976  0.0412 -0.0563
Y -0.0419  0.9991 -0.0115
Z  0.0558  0.0139  0.9983

PART 47
OFFSET  14.7621 -3.4787 -2.5014
X  0.9985  0.0415 -0.0359
Y -0.0419  0.9991 -0.0115
Z  0.0354  0.0130  0.9993

PART 48
OFFSET -7.8386 -1.3192 -1.5206
X -0.6067  0.3775  0.6996
Y -0.5050 -0.8627  0.0276
Z  0.6139 -0.3365  0.7140

PART 49
OFFSET -0.5011 -5.8849 -9.9809
X -0.8983 -0.0650 -0.4346
Y  0.4223 -0.4011 -0.8129
Z -0.1215 -0.9137  0.3877

PART 50
OFFSET  7.1391 -5.3320 -6.2845
X -0.8983 -0.0650 -0.4346
Y  0.4337 -0.2900 -0.8531
Z -0.0706 -0.9548  0.2887

PART 51
OFFSET  8.2577 -3.8960 -5.5021
X -0.9004 -0.0601 -0.4308
Y  0.1179  0.9196 -0.3748
Z  0.4187 -0.3883 -0.8209

PART 52
OFFSET  8.1239 -4.0403 -4.3202
X -0.9004 -0.0601 -0.4308
Y  0.1179  0.9196 -0.3748
Z  0.4187 -0.3883 -0.8209

PART 53
OFFSET  8.1435 -5.3306 -3.9386
X -0.9004 -0.0601 -0.4308
Y  0.1179  0.9196 -0.3748
Z  0.4187 -0.3883 -0.8209

PART 54
OFFSET  9.8930 -5.1327 -4.9521
X -0.9644  0.0556 -0.2587
Y  0.2364 -0.2579 -0.9368
Z -0.1188 -0.9646  0.2355

PART 55
OFFSET  10.1474 -4.5129 -4.0284
X -0.5213 -0.6579 -0.5436
Y  0.6828  0.0606 -0.7281
Z  0.5119 -0.7507  0.4176

PART 56
OFFSET  11.1757 -3.0575 -2.8060
X -0.9567 -0.1635  0.2407
Y -0.1114 -0.5583 -0.8221
Z  0.2688 -0.8134  0.5159

PART 57
OFFSET  12.6835 -2.7358 -3.3013
X -0.8326 -0.1049  0.5439
Y -0.4005 -0.5644 -0.7219
Z  0.3826 -0.8188  0.4279

PART 58
OFFSET  13.5732 -2.5753 -3.8968
X -0.9429  0.3323 -0.0221
Y  0.3100  0.8514 -0.4230
Z -0.1217 -0.4058 -0.9058

PART 59
OFFSET  10.9862 -5.2610 -5.7839
X -0.9689 -0.0626  0.2396
Y  0.1207 -0.9642  0.2361
Z  0.2162  0.2577  0.9417

PART 60
OFFSET  13.1797 -4.9645 -6.2140
X -0.3125 -0.9452  0.0942
Y  0.8986 -0.3263 -0.2934
Z  0.3081 -0.0071  0.9513

PART 61
OFFSET  13.6222 -3.6263 -6.3473
X  0.5736 -0.7944 -0.1996
Y  0.7733  0.6056 -0.1877
Z  0.2700 -0.0467  0.9617

PART 62
OFFSET  13.1136 -2.9219 -6.1703
X  0.9485  0.0246 -0.3157
Y -0.0236  0.9997  0.0068
Z  0.3158  0.0010  0.9488

PART 63
OFFSET  12.2124 -2.9453 -5.8704
X -0.7563 -0.6465  0.1000
Y -0.5883  0.7390  0.3282
Z -0.2861  0.1894 -0.9393

PART 64
OFFSET  11.0245 -5.2366 -5.0715
X -0.9984 -0.0332  0.0448
Y  0.0442 -0.9614  0.2718
Z  0.0340  0.2733  0.9613

PART 65
OFFSET  13.6118 -5.2121 -5.3246
X -0.3340 -0.9192  0.2085
Y  0.8796 -0.3835 -0.2817
Z  0.3388  0.0893  0.9366

PART 66
OFFSET  14.1805 -3.6471 -5.6795
X  0.7333 -0.6486 -0.2038
Y  0.5985  0.7581 -0.2591
Z  0.3225  0.0680  0.9441

PART 67
OFFSET  13.1641 -2.7482 -5.3971
X  0.9243  0.1992 -0.3256
Y -0.2117  0.9773 -0.0031
Z  0.3176  0.0717  0.9455

PART 68
OFFSET  12.1617 -2.9642 -5.0439
X -0.6207 -0.7179  0.3150
Y -0.7166  0.6826  0.1435
Z -0.3180 -0.1367 -0.9382

PART 69
OFFSET  5.6157 -5.2001 -5.1103
X -0.9861 -0.1660  0.0033
Y -0.1574  0.9283 -0.3369
Z  0.0529 -0.3328 -0.9415

PART 70
OFFSET  13.4282 -5.5135 -3.1501
X -0.8445 -0.4036  0.3521
Y  0.4545 -0.8878  0.0726
Z  0.2833  0.2213  0.9331

PART 71
OFFSET  14.9150 -4.8030 -3.7700
X -0.7778 -0.5089  0.3689
Y  0.5712 -0.8172  0.0772
Z  0.2622  0.2708  0.9262

PART 72
OFFSET  15.8764 -4.1679 -4.1623
X -0.4340 -0.8513  0.2950
Y  0.8739 -0.4773 -0.0917
Z  0.2189  0.2180  0.9511

PART 73
OFFSET  16.3666 -3.2064 -4.4955
X -0.5861  0.7693  0.2543
Y  0.6421  0.6324 -0.4333
Z -0.4942 -0.0907 -0.8646

PART 74
OFFSET  13.6031 -5.6143 -4.2362
X -0.4537 -0.8583  0.2397
Y  0.8757 -0.4793 -0.0585
Z  0.1651  0.1834  0.9691

PART 75
OFFSET  14.4895 -3.9376 -4.7044
X  0.6418 -0.7661  0.0343
Y  0.7409  0.6079 -0.2855
Z  0.1979  0.2087  0.9578

PART 76
OFFSET  13.5522 -2.8185 -4.7546
X  0.9595  0.1172 -0.2563
Y -0.1770  0.9583 -0.2243
Z  0.2193  0.2605  0.9402

PART 77
OFFSET  12.4638 -2.9525 -4.4711
X -0.6367 -0.7186  0.2797
Y -0.7346  0.6755  0.0634
Z -0.2345 -0.1650 -0.9580

PART 78
OFFSET  0.0000 -0.0000 -0.0000
X  1.0000 -0.0000  0.0000
Y  0.0000  1.0000  0.0000
Z  0.0000 -0.0000  1.0000

PART 79
OFFSET  0.0000 -0.0000 -0.0000
X  1.0000 -0.0000  0.0000
Y  0.0000  1.0000  0.0000
Z  0.0000 -0.0000  1.0000

PART 80
OFFSET  1.5404 -0.0000  4.1357
X  1.0000 -0.0000  0.0000
Y  0.0000  1.0000  0.0000
Z  0.0000 -0.0000  1.0000


FRAME 303
PART 0
OFFSET -4.6318 -0.0000 -1.3770
X  1.0000 -0.0000  0.0000
Y  0.0000  1.0000  0.0000
Z  0.0000 -0.0000  1.0000

PART 1
OFFSET -4.6318 -0.0000 -1.3770
X  1.0000 -0.0000  0.0000
Y  0.0000  1.0000  0.0000
Z  0.0000 -0.0000  1.0000

PART 2
OFFSET -6.7281  3.8438 -4.9859
X  0.8970  0.1032 -0.4297
Y -0.0899 -0.9095 -0.4060
Z -0.4327  0.4028 -0.8066

PART 3
OFFSET  4.1207  5.0918 -10.1828
X  0.5731 -0.7452  0.3411
Y -0.7635 -0.3342  0.5527
Z -0.2979 -0.5771 -0.7604

PART 4
OFFSET  8.9949 -1.2461 -7.2818
X  0.5731 -0.7452  0.3411
Y -0.1229  0.3333  0.9348
Z -0.8102 -0.5776  0.0994

PART 5
OFFSET  10.8688 -1.4165 -6.7071
X  0.5784 -0.7416  0.3399
Y  0.3072  0.5840  0.7514
Z -0.7557 -0.3302  0.5656

PART 6
OFFSET  10.3171 -2.0037 -8.1851
X  0.5784 -0.7416  0.3399
Y  0.3072  0.5840  0.7514
Z -0.7557 -0.3302  0.5656

PART 7
OFFSET  9.1980 -2.7200 -5.2086
X  0.5784 -0.7416  0.3399
Y  0.3072  0.5840  0.7514
Z -0.7557 -0.3302  0.5656

PART 8
OFFSET  8.5815 -3.4825 -6.1306
X  0.5784 -0.7416  0.3399
Y  0.3072  0.5840  0.7514
Z -0.7557 -0.3302  0.5656

PART 9
OFFSET  8.9133 -3.2256 -7.2529
X  0.5784 -0.7416  0.3399
Y  0.3072  0.5840  0.7514
Z -0.7557 -0.3302  0.5656

PART 10
OFFSET  10.7517 -3.5305 -6.2361
X  0.9765 -0.1048 -0.1881
Y  0.2131  0.3440  0.9145
Z -0.0311 -0.9331  0.3583

PART 11
OFFSET  11.3838 -3.6288 -5.2912
X  0.9583  0.1593  0.2374
Y -0.2732  0.7549  0.5962
Z -0.0842 -0.6362  0.7669

PART 12
OFFSET  13.4197 -3.2451 -4.6767
X  0.9181 -0.1475 -0.3679
Y  0.3871  0.5332  0.7523
Z  0.0852 -0.8330  0.5466

PART 13
OFFSET  14.8883 -3.6083 -5.2543
X  0.7606 -0.4834 -0.4333
Y  0.6436  0.4739  0.6010
Z -0.0852 -0.7360  0.6716

PART 14
OFFSET  15.7179 -4.1567 -5.6819
X  0.7488  0.2136 -0.6274
Y -0.5671  0.6964 -0.4398
Z  0.3430  0.6851  0.6426

PART 15
OFFSET  11.3436 -4.1761 -7.3021
X  0.8067 -0.3980 -0.4369
Y -0.1714 -0.8650  0.4715
Z -0.5656 -0.3055 -0.7660

PART 16
OFFSET  13.2175 -5.1319 -8.1143
X  0.5239 -0.8181  0.2372
Y -0.6036 -0.1600  0.7811
Z -0.6010 -0.5524 -0.5776

PART 17
OFFSET  13.9592 -6.2901 -7.7784
X -0.1886 -0.5953  0.7810
Y -0.8075  0.5467  0.2217
Z -0.5589 -0.5888 -0.5838

PART 18
OFFSET  13.7920 -6.8180 -7.0859
X -0.7292  0.1024  0.6766
Y -0.3103  0.8317 -0.4603
Z -0.6099 -0.5456 -0.5748

PART 19
OFFSET  13.0992 -6.7207 -6.4432
X  0.8407 -0.5216 -0.1454
Y  0.1580  0.4931 -0.8555
Z  0.5179  0.6963  0.4969

PART 20
OFFSET  11.7043 -3.8403 -6.7858
X  0.8637 -0.2110 -0.4577
Y -0.0604 -0.9450  0.3216
Z -0.5004 -0.2501 -0.8289

PART 21
OFFSET  13.9318 -4.6431 -7.8591
X  0.5279 -0.8116  0.2504
Y -0.6803 -0.2274  0.6968
Z -0.5085 -0.5381 -0.6721

PART 22
OFFSET  14.8305 -6.0248 -7.4328
X -0.3542 -0.5761  0.7366
Y -0.7980  0.5969  0.0831
Z -0.4875 -0.5584 -0.6712

PART 23
OFFSET  14.3395 -6.8233 -6.4119
X -0.8161  0.0113  0.5777
Y -0.3126  0.8323 -0.4578
Z -0.4860 -0.5542 -0.6757

PART 24
OFFSET  13.4544 -6.8111 -5.7853
X  0.8233 -0.5119 -0.2451
Y  0.2329  0.6984 -0.6767
Z  0.5176  0.5001  0.6942

PART 25
OFFSET  14.0837 -3.8074 -5.1721
X  0.8690 -0.4246 -0.2543
Y  0.3218  0.8751 -0.3615
Z  0.3760  0.2323  0.8970

PART 26
OFFSET  14.7291 -3.3325 -6.4127
X  0.4183 -0.8937  0.1625
Y -0.7794 -0.2612  0.5695
Z -0.4665 -0.3649 -0.8058

PART 27
OFFSET  15.4655 -4.9060 -6.1265
X -0.3688 -0.8066  0.4620
Y -0.8353  0.5056  0.2160
Z -0.4078 -0.3063 -0.8602

PART 28
OFFSET  15.0419 -5.8679 -5.5126
X -0.6687 -0.4327  0.6046
Y -0.5796  0.8128 -0.0593
Z -0.4658 -0.3901 -0.7943

PART 29
OFFSET  14.2866 -6.3567 -4.8297
X  0.6099 -0.7025 -0.3667
Y  0.5208  0.7041 -0.4827
Z  0.5974  0.1034  0.7953

PART 30
OFFSET  14.3882 -3.8619 -7.3204
X  0.4410 -0.8493  0.2903
Y -0.8096 -0.2368  0.5370
Z -0.3873 -0.4719 -0.7920

PART 31
OFFSET  15.2496 -5.5211 -6.7533
X -0.3398 -0.7340  0.5880
Y -0.8394  0.5187  0.1624
Z -0.4243 -0.4384 -0.7923

PART 32
OFFSET  14.7533 -6.5931 -5.8944
X -0.8118 -0.1886  0.5527
Y -0.3690  0.8992 -0.2351
Z -0.4526 -0.3948 -0.7995

PART 33
OFFSET  13.8310 -6.8102 -5.2739
X  0.8871 -0.4044 -0.2225
Y  0.2057  0.7779 -0.5938
Z  0.4133  0.4810  0.7732

PART 34
OFFSET  13.2370 -5.4219 -6.6931
X -0.5460 -0.2844 -0.7881
Y  0.0311  0.9331 -0.3583
Z  0.8372 -0.2201 -0.5006

PART 35
OFFSET  15.0428 -4.7564 -3.8845
X  0.9976  0.0241 -0.0649
Y -0.0274  0.9983 -0.0517
Z  0.0635  0.0534  0.9965

PART 36
OFFSET  15.0428 -4.7564 -3.8845
X  0.9976  0.0241 -0.0649
Y -0.0274  0.9983 -0.0517
Z  0.0635  0.0534  0.9965

PART 37
OFFSET  18.3254 -4.5088 -3.7611
X  0.9976  0.0241 -0.0649
Y -0.0274  0.9983 -0.0517
Z  0.0635  0.0534  0.9965

PART 38
OFFSET  16.5903 -4.6339 -2.3409
X  0.9976  0.0241 -0.0649
Y -0.0274  0.9983 -0.0517
Z  0.0635  0.0534  0.9965

PART 39
OFFSET -112.9637 -14.5905 -43.9048
X  0.9961  0.0230 -0.0853
Y -0.0274  0.9983 -0.0517
Z  0.0839  0.0539  0.9950

PART 40
OFFSET  16.5244 -4.6682 -2.9619
X  0.9961  0.0230 -0.0853
Y -0.0274  0.9983 -0.0517
Z  0.0839  0.0539  0.9950

PART 41
OFFSET  16.5366 -4.1165 -2.6864
X  0.9961  0.0230 -0.0853
Y -0.0274  0.9983 -0.0517
Z  0.0839  0.0539  0.9950

PART 42
OFFSET  16.5924 -4.0760 -2.0562
X  0.9961  0.0230 -0.0853
Y -0.0274  0.9983 -0.0517
Z  0.0839  0.0539  0.9950

PART 43
OFFSET  16.6350 -4.6004 -1.7188
X  0.9961  0.0230 -0.0853
Y -0.0274  0.9983 -0.0517
Z  0.0839  0.0539  0.9950

PART 44
OFFSET  16.6227 -5.1541 -1.9968
X  0.9961  0.0230 -0.0853
Y -0.0274  0.9983 -0.0517
Z  0.0839  0.0539  0.9950

PART 45
OFFSET  16.5677 -5.1859 -2.6158
X  0.9961  0.0230 -0.0853
Y -0.0274  0.9983 -0.0517
Z  0.0839  0.0539  0.9950

PART 46
OFFSET -111.1182 -14.5480 -44.0627
X  0.9961  0.0230 -0.0853
Y -0.0274  0.9983 -0.0517
Z  0.0839  0.0539  0.9950

PART 47
OFFSET  14.9992 -4.5118 -2.6902
X  0.9976  0.0241 -0.0649
Y -0.0274  0.9983 -0.0517
Z  0.0635  0.0534  0.9965

PART 48
OFFSET -7.8386 -1.3192 -1.5206
X -0.6134  0.3823  0.6911
Y -0.5502 -0.8346 -0.0267
Z  0.5665 -0.3967  0.7223

PART 49
OFFSET -0.4202 -5.9425 -9.8785
X -0.9039  0.0211 -0.4271
Y  0.3857 -0.3909 -0.8357
Z -0.1846 -0.9202  0.3452

PART 50
OFFSET  7.2682 -6.1222 -6.2456
X -0.9039  0.0211 -0.4271
Y  0.3977 -0.3256 -0.8578
Z -0.1572 -0.9453  0.2859

PART 51
OFFSET  8.4942 -4.8102 -5.4085
X -0.9057  0.0260 -0.4231
Y  0.1816  0.9257 -0.3319
Z  0.3830 -0.3775 -0.8431

PART 52
OFFSET  8.3594 -5.0014 -4.2333
X -0.9057  0.0260 -0.4231
Y  0.1816  0.9257 -0.3319
Z  0.3830 -0.3775 -0.8431

PART 53
OFFSET  8.2880 -6.3067 -3.9137
X -0.9057  0.0260 -0.4231
Y  0.1816  0.9257 -0.3319
Z  0.3830 -0.3775 -0.8431

PART 54
OFFSET  10.0394 -6.1870 -4.9362
X -0.9703  0.0604 -0.2343
Y  0.2063 -0.2998 -0.9314
Z -0.1265 -0.9521  0.2784

PART 55
OFFSET  10.3288 -5.5340 -4.0463
X -0.5460 -0.6712 -0.5014
Y  0.6630  0.0198 -0.7484
Z  0.5122 -0.7410  0.4342

PART 56
OFFSET  11.4123 -4.0463 -2.9138
X -0.9519 -0.1382  0.2733
Y -0.1426 -0.5897 -0.7949
Z  0.2711 -0.7957  0.5416

PART 57
OFFSET  12.9102 -3.7692 -3.4631
X -0.8185 -0.0692  0.5703
Y -0.4288 -0.5870 -0.6867
Z  0.3823 -0.8066  0.4508

PART 58
OFFSET  13.7852 -3.6475 -4.0888
X -0.9381  0.3461 -0.0101
Y  0.3106  0.8283 -0.4663
Z -0.1530 -0.4406 -0.8846

PART 59
OFFSET  11.1069 -6.3667 -5.7916
X -0.9626 -0.0373  0.2684
Y  0.1130 -0.9555  0.2724
Z  0.2463  0.2926  0.9240

PART 60
OFFSET  13.2917 -6.1231 -6.2934
X -0.3237 -0.9355  0.1418
Y  0.8851 -0.3524 -0.3041
Z  0.3345  0.0270  0.9420

PART 61
OFFSET  13.7501 -4.7987 -6.4941
X  0.5560 -0.8110 -0.1822
Y  0.7767  0.5850 -0.2337
Z  0.2961 -0.0115  0.9551

PART 62
OFFSET  13.2571 -4.0796 -6.3326
X  0.9396 -0.0035 -0.3423
Y -0.0086  0.9994 -0.0339
Z  0.3422  0.0348  0.9390

PART 63
OFFSET  12.3644 -4.0763 -6.0074
X -0.7627 -0.6297  0.1473
Y -0.5679  0.7612  0.3133
Z -0.3094  0.1553 -0.9382

PART 64
OFFSET  11.1656 -6.3137 -5.0821
X -0.9972 -0.0154  0.0734
Y  0.0375 -0.9500  0.3100
Z  0.0649  0.3119  0.9479

PART 65
OFFSET  13.7448 -6.3409 -5.4066
X -0.3416 -0.9045  0.2554
Y  0.8656 -0.4087 -0.2895
Z  0.3662  0.1222  0.9225

PART 66
OFFSET  14.3264 -4.8010 -5.8414
X  0.7177 -0.6680 -0.1967
Y  0.6022  0.7372 -0.3065
Z  0.3498  0.1015  0.9313

PART 67
OFFSET  13.3318 -3.8752 -5.5689
X  0.9177  0.1709 -0.3587
Y -0.1972  0.9796 -0.0378
Z  0.3450  0.1054  0.9327

PART 68
OFFSET  12.3365 -4.0605 -5.1798
X -0.6223 -0.6944  0.3614
Y -0.7021  0.6992  0.1346
Z -0.3461 -0.1699 -0.9227

PART 69
OFFSET  5.7589 -6.1926 -4.9744
X -0.9880 -0.1500  0.0371
Y -0.1530  0.9161 -0.3707
Z  0.0216 -0.3719 -0.9280

PART 70
OFFSET  13.6176 -6.5499 -3.2173
X -0.8402 -0.3753  0.3915
Y  0.4432 -0.8912  0.0968
Z  0.3125  0.2549  0.9151

PART 71
OFFSET  15.0969 -5.8892 -3.9066
X -0.7746 -0.4808  0.4108
Y  0.5610 -0.8223  0.0953
Z  0.2920  0.3043  0.9067

PART 72
OFFSET  16.0563 -5.2861 -4.3509
X -0.4381 -0.8314  0.3418
Y  0.8639 -0.4946 -0.0957
Z  0.2486  0.2533  0.9349

PART 73
OFFSET  16.5512 -4.3470 -4.7369
X -0.5673  0.7884  0.2381
Y  0.6390  0.6038 -0.4766
Z -0.5195 -0.1182 -0.8463

PART 74
OFFSET  13.7606 -6.6980 -4.3027
X -0.4595 -0.8404  0.2873
Y  0.8665 -0.4952 -0.0625
