// Export filename: `C:\projects\cod\t5\xanim_export\t5_viewmodels\python\python_dw_full_d2p_in.XANIM_EXPORT`
// Source filename: `D:\projects\devanim\t5\animation_assets\viewmodels/python/ViewModel_python_DW_animated.fbx`
// Export time: Sun Aug 29 17:32:18 2010

ANIMATION
VERSION 3

NUMPARTS 94
PART 0 "tag_ads"
PART 1 "tag_torso"
PART 2 "J_Shoulder_LE"
PART 3 "J_Elbow_LE"
PART 4 "J_WristTwist_LE"
PART 5 "J_Sleave_Reshape_Bottom_LE_1"
PART 6 "J_Sleave_Reshape_Bottom_LE_2"
PART 7 "J_Sleave_Reshape_Top_LE_1"
PART 8 "J_Sleave_Reshape_Top_LE_2"
PART 9 "J_Sleave_Reshape_Top_LE_3"
PART 10 "J_Wrist_LE"
PART 11 "J_Thumb_LE_0"
PART 12 "J_Thumb_LE_1"
PART 13 "J_Thumb_LE_2"
PART 14 "J_Thumb_LE_3"
PART 15 "J_PinkyPalm_LE"
PART 16 "J_Pinky_LE_0"
PART 17 "J_Pinky_LE_1"
PART 18 "J_Pinky_LE_2"
PART 19 "J_Pinky_LE_3"
PART 20 "J_RingPalm_LE"
PART 21 "J_Ring_LE_0"
PART 22 "J_Ring_LE_1"
PART 23 "J_Ring_LE_2"
PART 24 "J_Ring_LE_3"
PART 25 "J_Webbing_LE"
PART 26 "J_Index_LE_0"
PART 27 "J_Index_LE_1"
PART 28 "J_Index_LE_2"
PART 29 "J_Index_LE_3"
PART 30 "J_Mid_LE_0"
PART 31 "J_Mid_LE_1"
PART 32 "J_Mid_LE_2"
PART 33 "J_Mid_LE_3"
PART 34 "tag_knife_attach"
PART 35 "tag_weapon"
PART 36 "J_Gun"
PART 37 "TAG_CLIP"
PART 38 "J_Bolt"
PART 39 "tag_speedloader"
PART 40 "tag_spent0"
PART 41 "tag_spent1"
PART 42 "tag_spent2"
PART 43 "tag_spent3"
PART 44 "tag_spent4"
PART 45 "tag_spent5"
PART 46 "tag_bullets"
PART 47 "J_Press_Rear"
PART 48 "tag_weapon1"
PART 49 "J_Gun1"
PART 50 "TAG_CLIP1"
PART 51 "J_Bolt1"
PART 52 "tag_speedloader1"
PART 53 "tag_spent01"
PART 54 "tag_spent11"
PART 55 "tag_spent21"
PART 56 "tag_spent31"
PART 57 "tag_spent41"
PART 58 "tag_spent51"
PART 59 "tag_bullets1"
PART 60 "J_Press_Rear1"
PART 61 "J_Shoulder_RI"
PART 62 "J_Elbow_RI"
PART 63 "J_WristTwist_RI"
PART 64 "J_Sleave_Reshape_Top_RI_3"
PART 65 "J_Sleave_Reshape_Top_RI_2"
PART 66 "J_Sleave_Reshape_Top_RI_1"
PART 67 "J_Wrist_RI"
PART 68 "J_Thumb_RI_0"
PART 69 "J_Thumb_RI_1"
PART 70 "J_Thumb_RI_2"
PART 71 "J_Thumb_RI_3"
PART 72 "J_PinkyPalm_RI"
PART 73 "J_Pinky_RI_0"
PART 74 "J_Pinky_RI_1"
PART 75 "J_Pinky_RI_2"
PART 76 "J_Pinky_RI_3"
PART 77 "J_RingPalm_RI"
PART 78 "J_Ring_RI_0"
PART 79 "J_Ring_RI_1"
PART 80 "J_Ring_RI_2"
PART 81 "J_Ring_RI_3"
PART 82 "J_Webbing_RI"
PART 83 "J_Index_RI_0"
PART 84 "J_Index_RI_1"
PART 85 "J_Index_RI_2"
PART 86 "J_Index_RI_3"
PART 87 "J_Mid_RI_0"
PART 88 "J_Mid_RI_1"
PART 89 "J_Mid_RI_2"
PART 90 "J_Mid_RI_3"
PART 91 "tag_cambone"
PART 92 "tag_camera"
PART 93 "tag_gasmask"

FRAMERATE 30
NUMFRAMES 6

FRAME 500
PART 0
OFFSET  0.0000 -0.0000 -0.0000
X  1.0000 -0.0000  0.0000
Y  0.0000  1.0000  0.0000
Z  0.0000 -0.0000  1.0000

PART 1
OFFSET -4.6318 -0.0000 -1.3770
X  1.0000 -0.0000  0.0000
Y  0.0000  1.0000  0.0000
Z  0.0000 -0.0000  1.0000

PART 2
OFFSET -9.2817  11.3680 -3.1869
X  0.3741  0.3084 -0.8746
Y  0.0452 -0.9480 -0.3150
Z -0.9263  0.0783 -0.3686

PART 3
OFFSET -4.7577  15.0982 -13.7643
X  0.8928 -0.2998 -0.3360
Y  0.1231 -0.5553  0.8225
Z -0.4332 -0.7757 -0.4589

PART 4
OFFSET  2.8363  12.5480 -16.6226
X  0.8928 -0.2998 -0.3360
Y -0.1767 -0.9195  0.3510
Z -0.4143 -0.2540 -0.8740

PART 5
OFFSET  4.3419  13.4113 -17.5491
X  0.8933 -0.2944 -0.3397
Y  0.4289  0.7845  0.4480
Z  0.1346 -0.5459  0.8270

PART 6
OFFSET  3.2708  12.3746 -18.3312
X  0.8933 -0.2944 -0.3397
Y  0.4289  0.7845  0.4480
Z  0.1346 -0.5459  0.8270

PART 7
OFFSET  5.0753  11.7581 -15.6876
X  0.8933 -0.2944 -0.3397
Y  0.4289  0.7845  0.4480
Z  0.1346 -0.5459  0.8270

PART 8
OFFSET  4.4391  10.6404 -16.0845
X  0.8933 -0.2944 -0.3397
Y  0.4289  0.7845  0.4480
Z  0.1346 -0.5459  0.8270

PART 9
OFFSET  3.7154  10.8181 -17.0228
X  0.8933 -0.2944 -0.3397
Y  0.4289  0.7845  0.4480
Z  0.1346 -0.5459  0.8270

PART 10
OFFSET  5.5734  11.6288 -17.6528
X  0.8981 -0.1282 -0.4207
Y  0.0010 -0.9560  0.2933
Z -0.4398 -0.2639 -0.8585

PART 11
OFFSET  5.7978  10.5402 -17.9114
X  0.2817 -0.7544 -0.5929
Y -0.1999 -0.6505  0.7327
Z -0.9385 -0.0879 -0.3340

PART 12
OFFSET  6.3335  8.8425 -19.1364
X  0.6262  0.2024 -0.7529
Y  0.0932 -0.9782 -0.1854
Z -0.7740  0.0459 -0.6315

PART 13
OFFSET  7.2522  9.2327 -20.4115
X  0.3558  0.5254 -0.7729
Y  0.3159 -0.8459 -0.4297
Z -0.8795 -0.0913 -0.4670

PART 14
OFFSET  7.6021  9.7823 -21.2760
X  0.8927  0.2722 -0.3591
Y  0.3681  0.0191  0.9296
Z  0.2599 -0.9621 -0.0832

PART 15
OFFSET  6.2435  12.4906 -18.4964
X  0.6778  0.2455 -0.6930
Y -0.6348 -0.2802 -0.7201
Z -0.3709  0.9280 -0.0341

PART 16
OFFSET  7.7426  12.8726 -20.1369
X -0.4113 -0.2767 -0.8685
Y -0.6818 -0.5390  0.4946
Z -0.6050  0.7956  0.0330

PART 17
OFFSET  7.1602  12.4809 -21.3665
X -0.7910 -0.6080 -0.0683
Y -0.0681 -0.0234  0.9974
Z -0.6081  0.7936 -0.0229

PART 18
OFFSET  6.4589  11.9418 -21.4270
X -0.4901 -0.4149  0.7666
Y  0.6283  0.4414  0.6406
Z -0.6041  0.7957  0.0444

PART 19
OFFSET  5.9933  11.5476 -20.6987
X  0.0678 -0.0748 -0.9949
Y  0.7134  0.7007 -0.0041
Z  0.6975 -0.7095  0.1009

PART 20
OFFSET  6.5030  11.8639 -18.2741
X  0.8517  0.1700 -0.4956
Y -0.4577 -0.2190 -0.8617
Z -0.2551  0.9608 -0.1087

PART 21
OFFSET  8.5111  12.2551 -19.8782
X -0.4173 -0.1622 -0.8942
Y -0.6995 -0.5707  0.4300
Z -0.5801  0.8049  0.1247

PART 22
OFFSET  7.8007  11.9788 -21.4005
X -0.7941 -0.5931  0.1328
Y  0.1637  0.0016  0.9865
Z -0.5853  0.8051  0.0958

PART 23
OFFSET  6.7001  11.1569 -21.2165
X -0.3610 -0.3609  0.8599
Y  0.7301  0.4642  0.5014
Z -0.5801  0.8088  0.0959

PART 24
OFFSET  6.3086  10.7654 -20.2839
X -0.1498  0.0703 -0.9862
Y  0.8293  0.5520 -0.0866
Z  0.5383 -0.8309 -0.1410

PART 25
OFFSET  8.1078  9.5743 -18.9441
X  0.7225 -0.0091 -0.6913
Y  0.6815  0.1777  0.7099
Z  0.1164 -0.9840  0.1346

PART 26
OFFSET  9.2371  10.5064 -18.7518
X  0.3737  0.0984 -0.9223
Y -0.8211 -0.4274 -0.3783
Z -0.4314  0.8987 -0.0789

PART 27
OFFSET  9.8950  10.6796 -20.3757
X  0.2166  0.0884 -0.9723
Y -0.8908 -0.3895 -0.2338
Z -0.3994  0.9168 -0.0056

PART 28
OFFSET  10.1826  10.7314 -21.5573
X -0.0011 -0.1377 -0.9905
Y -0.9214 -0.3848  0.0546
Z -0.3886  0.9127 -0.1264

PART 29
OFFSET  10.1813  10.5759 -22.6761
X  0.7228  0.6489  0.2376
Y -0.2225 -0.1070  0.9690
Z  0.6542 -0.7533  0.0670

PART 30
OFFSET  9.0613  11.5098 -19.1792
X -0.2527 -0.0969 -0.9627
Y -0.8294 -0.4907  0.2671
Z -0.4982  0.8659  0.0436

PART 31
OFFSET  8.5676  11.3205 -21.0598
X -0.8631 -0.4923 -0.1129
Y -0.0513 -0.1370  0.9892
Z -0.5025  0.8596  0.0930

PART 32
OFFSET  7.3070  10.6014 -21.2247
X -0.4776 -0.3934  0.7856
Y  0.7351  0.3108  0.6025
Z -0.4812  0.8652  0.1407

PART 33
OFFSET  6.7621  10.1618 -20.3344
X -0.0725  0.0478 -0.9962
Y  0.8317  0.5542 -0.0339
Z  0.5505 -0.8310 -0.0800

PART 34
OFFSET  7.3376  11.3944 -20.2597
X -0.3198  0.9392 -0.1248
Y  0.4398  0.2639  0.8585
Z  0.8392  0.2197 -0.4975

PART 35
OFFSET  6.1802 -6.2473 -20.2429
X  0.2530  0.0112 -0.9674
Y -0.3749  0.9229 -0.0874
Z  0.8919  0.3848  0.2377

PART 36
OFFSET  6.1802 -6.2473 -20.2429
X  0.2530  0.0112 -0.9674
Y -0.3749  0.9229 -0.0874
Z  0.8919  0.3848  0.2377

PART 37
OFFSET  7.2593 -5.9390 -23.3401
X  0.2530  0.0112 -0.9674
Y -0.3749  0.9229 -0.0874
Z  0.8919  0.3848  0.2377

PART 38
OFFSET  8.0117 -5.5989 -21.2516
X  0.2530  0.0112 -0.9674
Y -0.3749  0.9229 -0.0874
Z  0.8919  0.3848  0.2377

PART 39
OFFSET -320.3348 -5.1251  0.0032
X  0.9998  0.0018 -0.0204
Y -0.0001  0.9965  0.0833
Z  0.0204 -0.0833  0.9963

PART 40
OFFSET  7.4192 -5.8646 -21.3330
X  0.2348  0.0033 -0.9720
Y -0.3749  0.9229 -0.0874
Z  0.8969  0.3849  0.2179

PART 41
OFFSET  7.4897 -5.2186 -21.3150
X  0.2348  0.0033 -0.9720
Y -0.3749  0.9229 -0.0874
Z  0.8969  0.3849  0.2179

PART 42
OFFSET  8.0569 -4.9682 -21.1800
X  0.2348  0.0033 -0.9720
Y -0.3749  0.9229 -0.0874
Z  0.8969  0.3849  0.2179

PART 43
OFFSET  8.5572 -5.3534 -21.0618
X  0.2348  0.0033 -0.9720
Y -0.3749  0.9229 -0.0874
Z  0.8969  0.3849  0.2179

PART 44
OFFSET  8.4790 -5.9932 -21.0819
X  0.2348  0.0033 -0.9720
Y -0.3749  0.9229 -0.0874
Z  0.8969  0.3849  0.2179

PART 45
OFFSET  7.9138 -6.2174 -21.2163
X  0.2348  0.0033 -0.9720
Y -0.3749  0.9229 -0.0874
Z  0.8969  0.3849  0.2179

PART 46
OFFSET -74.7983 -8.0416  302.6728
X  0.2348  0.0033 -0.9720
Y -0.3749  0.9229 -0.0874
Z  0.8969  0.3849  0.2179

PART 47
OFFSET  7.1529 -5.6172 -19.8622
X  0.2949  0.0293 -0.9551
Y -0.3749  0.9229 -0.0874
Z  0.8789  0.3838  0.2831

PART 48
OFFSET  9.1793  10.0520 -21.0031
X  0.7346 -0.0495 -0.6767
Y  0.5839  0.5541  0.5933
Z  0.3455 -0.8310  0.4359

PART 49
OFFSET  9.1793  10.0520 -21.0031
X  0.7346 -0.0495 -0.6767
Y  0.5839  0.5541  0.5933
Z  0.3455 -0.8310  0.4359

PART 50
OFFSET  11.7906  9.6870 -22.9780
X  0.7346 -0.0495 -0.6767
Y  0.5839  0.5541  0.5933
Z  0.3455 -0.8310  0.4359

PART 51
OFFSET  10.8097  8.6150 -21.2657
X  0.7346 -0.0495 -0.6767
Y  0.5839  0.5541  0.5933
Z  0.3455 -0.8310  0.4359

PART 52
OFFSET -320.3348  5.9563  0.1364
X  0.9998 -0.0013 -0.0204
Y -0.0001  0.9975 -0.0704
Z  0.0204  0.0704  0.9973

PART 53
OFFSET  10.5259  9.1492 -21.5121
X  0.7274 -0.0325 -0.6855
Y  0.5839  0.5541  0.5933
Z  0.3605 -0.8318  0.4220

PART 54
OFFSET  10.9660  9.1979 -21.0497
X  0.7274 -0.0325 -0.6855
Y  0.5839  0.5541  0.5933
Z  0.3605 -0.8318  0.4220

PART 55
OFFSET  11.2105  8.6868 -20.7708
X  0.7274 -0.0325 -0.6855
Y  0.5839  0.5541  0.5933
Z  0.3605 -0.8318  0.4220

PART 56
OFFSET  10.9977  8.0799 -20.9690
X  0.7274 -0.0325 -0.6855
Y  0.5839  0.5541  0.5933
Z  0.3605 -0.8318  0.4220

PART 57
OFFSET  10.5717  8.0598 -21.4181
X  0.7274 -0.0325 -0.6855
Y  0.5839  0.5541  0.5933
Z  0.3605 -0.8318  0.4220

PART 58
OFFSET  10.3280  8.5914 -21.6982
X  0.7274 -0.0325 -0.6855
Y  0.5839  0.5541  0.5933
Z  0.3605 -0.8318  0.4220

PART 59
OFFSET -233.7590  23.5976  206.2252
X  0.7274 -0.0325 -0.6855
Y  0.5839  0.5541  0.5933
Z  0.3605 -0.8318  0.4220

PART 60
OFFSET  9.6168  9.1619 -20.2929
X  0.7501 -0.0887 -0.6553
Y  0.5839  0.5541  0.5933
Z  0.3105 -0.8277  0.4674

PART 61
OFFSET -9.2817 -11.3680 -3.1869
X -0.9264  0.2472  0.2840
Y  0.3432  0.2442  0.9070
Z  0.1549  0.9377 -0.3110

PART 62
OFFSET  1.9223 -14.3578 -6.6211
X -0.1940 -0.5976  0.7780
Y  0.9068 -0.4117 -0.0901
Z  0.3742  0.6880  0.6218

PART 63
OFFSET  3.5721 -9.2752 -13.2383
X -0.1940 -0.5976  0.7780
Y -0.3995 -0.6762 -0.6190
Z  0.8960 -0.4309 -0.1076

PART 64
OFFSET  2.7276 -8.6387 -15.0449
X -0.2004 -0.5970  0.7768
Y -0.3866 -0.6804 -0.6226
Z  0.9002 -0.4251 -0.0945

PART 65
OFFSET  2.0635 -7.7078 -14.9899
X -0.2004 -0.5970  0.7768
Y -0.3866 -0.6804 -0.6226
Z  0.9002 -0.4251 -0.0945

PART 66
OFFSET  2.9721 -6.9192 -14.2839
X -0.2004 -0.5970  0.7768
Y -0.3866 -0.6804 -0.6226
Z  0.9002 -0.4251 -0.0945

PART 67
OFFSET  4.1667 -7.4432 -15.6234
X -0.5297  0.0945  0.8429
Y -0.6449 -0.6903 -0.3279
Z  0.5509 -0.7173  0.4266

PART 68
OFFSET  4.8012 -6.5250 -15.8612
X -0.3106 -0.7112  0.6306
Y -0.4476 -0.4759 -0.7571
Z  0.8386 -0.5174 -0.1705

PART 69
OFFSET  5.4694 -4.9139 -17.1370
X -0.0376  0.1219  0.9918
Y -0.4724 -0.8768  0.0899
Z  0.8806 -0.4652  0.0906

PART 70
OFFSET  5.4033 -5.1110 -18.7430
X  0.2812  0.3941  0.8750
Y -0.4518 -0.7500  0.4830
Z  0.8466 -0.5312 -0.0329

PART 71
OFFSET  5.0681 -5.5001 -19.6959
X -0.4294  0.4775  0.7666
Y -0.6703  0.4004 -0.6248
Z -0.6053 -0.7821  0.1482

PART 72
OFFSET  3.8130 -8.1173 -16.7740
X -0.0503  0.2175  0.9748
Y  0.6214 -0.7573  0.2011
Z  0.7819  0.6158 -0.0970

PART 73
OFFSET  3.9638 -8.4235 -19.0029
X  0.4837 -0.7943  0.3677
Y -0.0758 -0.4565 -0.8865
Z  0.8720  0.4009 -0.2810

PART 74
OFFSET  3.2791 -7.2990 -19.5234
X  0.2472 -0.8713 -0.4240
Y -0.3670  0.3208 -0.8732
Z  0.8968  0.3715 -0.2404

PART 75
OFFSET  3.0599 -6.5265 -19.1475
X -0.1947 -0.2710 -0.9427
Y -0.4567  0.8756 -0.1574
Z  0.8680  0.3999 -0.2943

PART 76
OFFSET  3.2449 -6.2690 -18.2520
X  0.3101 -0.4002  0.8624
Y -0.1098  0.8859  0.4506
Z -0.9443 -0.2344  0.2308

PART 77
OFFSET  4.4351 -7.7795 -16.6818
X -0.2403  0.1600  0.9574
Y  0.6289 -0.7257  0.2791
Z  0.7394  0.6692  0.0738

PART 78
OFFSET  4.9629 -8.3102 -19.1715
X  0.5656 -0.7197  0.4027
Y -0.0603 -0.5232 -0.8501
Z  0.8225  0.4565 -0.3393

PART 79
OFFSET  3.9999 -7.0850 -19.8572
X  0.1851 -0.7831 -0.5936
Y -0.5138  0.4378 -0.7378
Z  0.8377  0.4416 -0.3213

PART 80
OFFSET  3.7434 -5.9996 -19.0344
X -0.2878 -0.1345 -0.9482
Y -0.4659  0.8847  0.0159
Z  0.8367  0.4463 -0.3173

PART 81
OFFSET  4.0556 -5.8537 -18.0061
X  0.5431 -0.3732  0.7522
Y -0.2522  0.7819  0.5701
Z -0.8009 -0.4993  0.3305

PART 82
OFFSET  2.8027 -6.8507 -11.6093
X -0.2205  0.0229  0.9751
Y -0.7058  0.6863 -0.1757
Z -0.6732 -0.7270 -0.1351

PART 83
OFFSET  6.9219 -7.5573 -18.5019
X  0.2543 -0.1685  0.9523
Y  0.5080 -0.8147 -0.2798
Z  0.8230  0.5549 -0.1215

PART 84
OFFSET  6.4742 -7.2606 -20.1786
X  0.3405 -0.2856  0.8958
Y  0.5049 -0.7482 -0.4305
Z  0.7932  0.5988 -0.1106

PART 85
OFFSET  6.1084 -6.8770 -21.2744
X  0.4122 -0.5306  0.7406
Y  0.3864 -0.6344 -0.6695
Z  0.8251  0.5622 -0.0565

PART 86
OFFSET  5.6428 -6.2777 -22.1109
X -0.2509  0.9035  0.3474
Y -0.3843  0.2364 -0.8924
Z -0.8885 -0.3574  0.2879

PART 87
OFFSET  6.0669 -8.1674 -18.8443
X  0.5792 -0.6167  0.5330
Y  0.1785 -0.5421 -0.8212
Z  0.7954  0.5708 -0.2039

PART 88
OFFSET  4.9354 -6.9626 -19.8856
X  0.4434 -0.7726 -0.4543
Y -0.4503  0.2462 -0.8582
Z  0.7750  0.5852 -0.2388

PART 89
OFFSET  4.2877 -5.8341 -19.2220
X -0.1800 -0.2072 -0.9616
Y -0.6501  0.7587 -0.0418
Z  0.7382  0.6176 -0.2713

PART 90
OFFSET  4.4859 -5.6032 -18.1310
X  0.5060 -0.3652  0.7814
Y -0.3255  0.7581  0.5651
Z -0.7987 -0.5403  0.2647

PART 91
OFFSET  0.0000 -0.0000 -0.0000
X  1.0000 -0.0000  0.0000
Y  0.0000  1.0000  0.0000
Z  0.0000 -0.0000  1.0000

PART 92
OFFSET  0.0000 -0.0000 -0.0000
X  1.0000 -0.0000  0.0000
Y  0.0000  1.0000  0.0000
Z  0.0000 -0.0000  1.0000

PART 93
OFFSET  1.5404 -0.0000  4.1357
X  1.0000 -0.0000  0.0000
Y  0.0000  1.0000  0.0000
Z  0.0000 -0.0000  1.0000


FRAME 501
PART 0
OFFSET  0.0000 -0.0000 -0.0000
X  1.0000 -0.0000  0.0000
Y  0.0000  1.0000  0.0000
Z  0.0000 -0.0000  1.0000

PART 1
OFFSET -4.6318 -0.0000 -1.3770
X  1.0000 -0.0000  0.0000
Y  0.0000  1.0000  0.0000
Z  0.0000 -0.0000  1.0000

PART 2
OFFSET -8.9567  11.3680 -3.2093
X  0.3388  0.3220 -0.8840
Y  0.0895 -0.9464 -0.3104
Z -0.9366  0.0261 -0.3495

PART 3
OFFSET -4.8590  15.2625 -13.9006
X  0.9157 -0.3319 -0.2266
Y  0.0337 -0.4984  0.8663
Z -0.4004 -0.8009 -0.4452

PART 4
OFFSET  2.9294  12.4397 -15.8281
X  0.9157 -0.3319 -0.2266
Y -0.2309 -0.8960  0.3792
Z -0.3289 -0.2949 -0.8971

PART 5
OFFSET  4.5319  13.2208 -16.6603
X  0.9166 -0.3267 -0.2306
Y  0.3973  0.8089  0.4334
Z  0.0449 -0.4888  0.8712

PART 6
OFFSET  3.5232  12.1441 -17.4707
X  0.9166 -0.3267 -0.2306
Y  0.3973  0.8089  0.4334
Z  0.0449 -0.4888  0.8712

PART 7
OFFSET  5.0541  11.6924 -14.6286
X  0.9166 -0.3267 -0.2306
Y  0.3973  0.8089  0.4334
Z  0.0449 -0.4888  0.8712

PART 8
OFFSET  4.4397  10.5569 -15.0089
X  0.9166 -0.3267 -0.2306
Y  0.3973  0.8089  0.4334
Z  0.0449 -0.4888  0.8712

PART 9
OFFSET  3.8128  10.6770 -16.0229
X  0.9166 -0.3267 -0.2306
Y  0.3973  0.8089  0.4334
Z  0.0449 -0.4888  0.8712

PART 10
OFFSET  5.7366  11.4223 -16.5228
X  0.9009 -0.1282 -0.4147
Y  0.0002 -0.9553  0.2958
Z -0.4340 -0.2666 -0.8606

PART 11
OFFSET  5.9639  10.3334 -16.7773
X  0.2863 -0.7555 -0.5892
Y -0.2038 -0.6489  0.7331
Z -0.9362 -0.0899 -0.3398

PART 12
OFFSET  6.5094  8.6332 -17.9945
X  0.6308  0.2012 -0.7494
Y  0.0955 -0.9786 -0.1823
Z -0.7701  0.0434 -0.6365

PART 13
OFFSET  7.4357  9.0212 -19.2648
X  0.3601  0.5239 -0.7719
Y  0.3197 -0.8466 -0.4255
Z -0.8764 -0.0935 -0.4724

PART 14
OFFSET  7.7905  9.5691 -20.1284
X  0.8947  0.2723 -0.3541
Y  0.3621  0.0219  0.9319
Z  0.2615 -0.9620 -0.0791

PART 15
OFFSET  6.4110  12.2828 -17.3644
X  0.6819  0.2445 -0.6893
Y -0.6299 -0.2827 -0.7234
Z -0.3718  0.9275 -0.0388

PART 16
OFFSET  7.9201  12.6625 -18.9963
X -0.4055 -0.2794 -0.8704
Y -0.6843 -0.5385  0.4917
Z -0.6061  0.7949  0.0272

PART 17
OFFSET  7.3460  12.2669 -20.2285
X -0.7898 -0.6092 -0.0717
Y -0.0744 -0.0210  0.9970
Z -0.6088  0.7928 -0.0287

PART 18
OFFSET  6.6458  11.7268 -20.2922
X -0.4945 -0.4135  0.7645
Y  0.6237  0.4437  0.6435
Z -0.6053  0.7950  0.0385

PART 19
OFFSET  6.1760  11.3339 -19.5659
X  0.0742 -0.0772 -0.9942
Y  0.7126  0.7016 -0.0013
Z  0.6976 -0.7084  0.1071

PART 20
OFFSET  6.6699  11.6570 -17.1388
X  0.8547  0.1698 -0.4906
Y -0.4520 -0.2217 -0.8640
Z -0.2555  0.9602 -0.1127

PART 21
OFFSET  8.6877  12.0465 -18.7311
X -0.4114 -0.1650 -0.8964
Y -0.7016 -0.5705  0.4270
Z -0.5818  0.8046  0.1189

PART 22
OFFSET  7.9873  11.7656 -20.2572
X -0.7942 -0.5937  0.1292
Y  0.1575  0.0043  0.9875
Z -0.5868  0.8047  0.0901

PART 23
OFFSET  6.8865  10.9427 -20.0781
X -0.3661 -0.3592  0.8585
Y  0.7264  0.4664  0.5049
Z -0.5817  0.8084  0.0902

PART 24
OFFSET  6.4895  10.5532 -19.1471
X -0.1436  0.0676 -0.9873
Y  0.8292  0.5528 -0.0827
Z  0.5402 -0.8306 -0.1355

PART 25
OFFSET  8.2816  9.3676 -17.7928
X  0.7269 -0.0100 -0.6867
Y  0.6767  0.1803  0.7138
Z  0.1167 -0.9836  0.1378

PART 26
OFFSET  9.4085  10.3015 -17.5957
X  0.3794  0.0965 -0.9202
Y -0.8182 -0.4293 -0.3824
Z -0.4320  0.8980 -0.0839

PART 27
OFFSET  10.0766  10.4715 -19.2158
X  0.2226  0.0862 -0.9711
Y -0.8889 -0.3912 -0.2385
Z -0.4004  0.9163 -0.0105

PART 28
OFFSET  10.3716  10.5206 -20.3957
X  0.0053 -0.1402 -0.9901
Y -0.9213 -0.3857  0.0497
Z -0.3889  0.9119 -0.1312

PART 29
OFFSET  10.3776  10.3622 -21.5141
X  0.7206  0.6503  0.2406
Y -0.2285 -0.1048  0.9679
Z  0.6547 -0.7524  0.0731

PART 30
OFFSET  9.2343  11.3037 -18.0267
X -0.2465 -0.0997 -0.9640
Y -0.8305 -0.4910  0.2631
Z -0.4995  0.8655  0.0383

PART 31
OFFSET  8.7528  11.1090 -19.9100
X -0.8617 -0.4936 -0.1171
Y -0.0574 -0.1346  0.9892
Z -0.5041  0.8592  0.0877

PART 32
OFFSET  7.4941  10.3880 -20.0811
X -0.4821 -0.3920  0.7835
Y  0.7309  0.3132  0.6064
Z -0.4831  0.8650  0.1355

PART 33
OFFSET  6.9441  9.9500 -19.1932
X -0.0662  0.0452 -0.9968
Y  0.8312  0.5551 -0.0301
Z  0.5520 -0.8305 -0.0744

PART 34
OFFSET  7.5176  11.1834 -19.1179
X -0.3201  0.9385 -0.1292
Y  0.4340  0.2666  0.8606
Z  0.8421  0.2194 -0.4927

PART 35
OFFSET  7.2228 -6.3802 -19.2036
X  0.3177  0.0084 -0.9481
Y -0.3902  0.9125 -0.1227
Z  0.8642  0.4089  0.2932

PART 36
OFFSET  7.2228 -6.3802 -19.2036
X  0.3177  0.0084 -0.9481
Y -0.3902  0.9125 -0.1227
Z  0.8642  0.4089  0.2932

PART 37
OFFSET  8.5018 -6.0742 -22.2240
X  0.3177  0.0084 -0.9481
Y -0.3902  0.9125 -0.1227
Z  0.8642  0.4089  0.2932

PART 38
OFFSET  9.1024 -5.6962 -20.0934
X  0.3177  0.0084 -0.9481
Y -0.3902  0.9125 -0.1227
Z  0.8642  0.4089  0.2932

PART 39
OFFSET -320.3348 -5.1251  0.0032
X  0.9998  0.0018 -0.0204
Y -0.0001  0.9965  0.0833
Z  0.0204 -0.0833  0.9963

PART 40
OFFSET  8.5233 -5.9772 -20.2117
X  0.3000  0.0000 -0.9539
Y -0.3902  0.9125 -0.1227
Z  0.8705  0.4090  0.2738

PART 41
OFFSET  8.5769 -5.3295 -20.1961
X  0.3000  0.0000 -0.9539
Y -0.3902  0.9125 -0.1227
Z  0.8705  0.4090  0.2738

PART 42
OFFSET  9.1275 -5.0639 -20.0258
X  0.3000  0.0000 -0.9539
Y -0.3902  0.9125 -0.1227
Z  0.8705  0.4090  0.2738

PART 43
OFFSET  9.6277 -5.4355 -19.8698
X  0.3000  0.0000 -0.9539
Y -0.3902  0.9125 -0.1227
Z  0.8705  0.4090  0.2738

PART 44
OFFSET  9.5665 -6.0771 -19.8882
X  0.3000  0.0000 -0.9539
Y -0.3902  0.9125 -0.1227
Z  0.8705  0.4090  0.2738

PART 45
OFFSET  9.0173 -6.3165 -20.0579
X  0.3000  0.0000 -0.9539
Y -0.3902  0.9125 -0.1227
Z  0.8705  0.4090  0.2738

PART 46
OFFSET -95.3983 -7.1571  297.5038
X  0.3000  0.0000 -0.9539
Y -0.3902  0.9125 -0.1227
Z  0.8705  0.4090  0.2738

PART 47
OFFSET  8.1520 -5.7227 -18.7650
X  0.3582  0.0277 -0.9332
Y -0.3902  0.9125 -0.1227
Z  0.8482  0.4081  0.3376

PART 48
OFFSET  9.3656  9.8414 -19.8462
X  0.7389 -0.0504 -0.6719
Y  0.5795  0.5563  0.5956
Z  0.3438 -0.8295  0.4402

PART 49
OFFSET  9.3656  9.8414 -19.8462
X  0.7389 -0.0504 -0.6719
Y  0.5795  0.5563  0.5956
Z  0.3438 -0.8295  0.4402

PART 50
OFFSET  11.9898  9.4745 -21.8035
X  0.7389 -0.0504 -0.6719
Y  0.5795  0.5563  0.5956
Z  0.3438 -0.8295  0.4402

PART 51
OFFSET  10.9993  8.4057 -20.0948
X  0.7389 -0.0504 -0.6719
Y  0.5795  0.5563  0.5956
Z  0.3438 -0.8295  0.4402

PART 52
OFFSET -320.3348  5.9563  0.1364
X  0.9998 -0.0013 -0.0204
Y -0.0001  0.9975 -0.0704
Z  0.0204  0.0704  0.9973

PART 53
OFFSET  10.7164  8.9389 -20.3443
X  0.7318 -0.0334 -0.6807
Y  0.5795  0.5563  0.5956
Z  0.3588 -0.8303  0.4264

PART 54
OFFSET  11.1536  8.9893 -19.8793
X  0.7318 -0.0334 -0.6807
Y  0.5795  0.5563  0.5956
Z  0.3588 -0.8303  0.4264

PART 55
OFFSET  11.3968  8.4792 -19.5975
X  0.7318 -0.0334 -0.6807
Y  0.5795  0.5563  0.5956
Z  0.3588 -0.8303  0.4264

PART 56
OFFSET  11.1860  7.8716 -19.7955
X  0.7318 -0.0334 -0.6807
Y  0.5795  0.5563  0.5956
Z  0.3588 -0.8303  0.4264

PART 57
OFFSET  10.7630  7.8498 -20.2472
X  0.7318 -0.0334 -0.6807
Y  0.5795  0.5563  0.5956
Z  0.3588 -0.8303  0.4264

PART 58
OFFSET  10.5204  8.3804 -20.5302
X  0.7318 -0.0334 -0.6807
Y  0.5795  0.5563  0.5956
Z  0.3588 -0.8303  0.4264

PART 59
OFFSET -235.0285  23.6723  205.7984
X  0.7318 -0.0334 -0.6807
Y  0.5795  0.5563  0.5956
Z  0.3588 -0.8303  0.4264

PART 60
OFFSET  9.7996  8.9536 -19.1310
X  0.7544 -0.0895 -0.6503
Y  0.5795  0.5563  0.5956
Z  0.3085 -0.8262  0.4715

PART 61
OFFSET -8.9567 -11.3680 -3.2093
X -0.8381  0.3899  0.3814
Y  0.3751 -0.0956  0.9220
Z  0.3960  0.9159 -0.0662

PART 62
OFFSET  1.1796 -16.0837 -7.8222
X -0.3241 -0.7347  0.5959
Y  0.7872 -0.5588 -0.2608
Z  0.5246  0.3846  0.7595

PART 63
OFFSET  3.9364 -9.8347 -12.8908
X -0.3241 -0.7347  0.5959
Y -0.0557 -0.6140 -0.7873
Z  0.9444 -0.2884  0.1581

PART 64
OFFSET  3.2559 -8.5447 -14.3925
X -0.3303 -0.7324  0.5954
Y -0.5349 -0.3745 -0.7574
Z  0.7777 -0.5686 -0.2681

PART 65
OFFSET  2.8245 -7.5447 -14.0398
X -0.3303 -0.7324  0.5954
Y -0.5349 -0.3745 -0.7574
Z  0.7777 -0.5686 -0.2681

PART 66
OFFSET  3.8926 -7.2077 -13.2082
X -0.3303 -0.7324  0.5954
Y -0.5349 -0.3745 -0.7574
Z  0.7777 -0.5686 -0.2681

PART 67
OFFSET  4.9301 -7.5823 -14.7178
X -0.5878  0.0892  0.8041
Y -0.6044 -0.7091 -0.3631
Z  0.5378 -0.6994  0.4707

PART 68
OFFSET  5.5570 -6.6509 -14.9224
X -0.3354 -0.7128  0.6160
Y -0.3836 -0.4939 -0.7803
Z  0.8604 -0.4981 -0.1078

PART 69
OFFSET  6.2712 -5.0358 -16.1677
X -0.1077  0.1302  0.9856
Y -0.4562 -0.8873  0.0674
Z  0.8833 -0.4424  0.1550

PART 70
OFFSET  6.3189 -5.2494 -17.7722
X  0.2117  0.4091  0.8876
Y -0.4654 -0.7564  0.4596
Z  0.8594 -0.5103  0.0302

PART 71
OFFSET  6.0586 -5.6556 -18.7413
X -0.4917  0.4739  0.7305
Y -0.6358  0.3778 -0.6731
Z -0.5950 -0.7954  0.1155

PART 72
OFFSET  4.6716 -8.2757 -15.8822
X -0.1215  0.2253  0.9667
Y  0.6244 -0.7397  0.2509
Z  0.7716  0.6340 -0.0508

PART 73
OFFSET  4.9805 -8.5989 -18.0923
X  0.4766 -0.7786  0.4082
Y -0.0045 -0.4665 -0.8845
Z  0.8791  0.4197 -0.2258

PART 74
OFFSET  4.3057 -7.4966 -18.6703
X  0.2963 -0.8688 -0.3967
Y -0.3145  0.3034 -0.8995
Z  0.9018  0.3913 -0.1834

PART 75
OFFSET  4.0430 -6.7262 -18.3186
X -0.1238 -0.2846 -0.9506
Y -0.4659  0.8625 -0.1975
Z  0.8761  0.4185 -0.2394

PART 76
OFFSET  4.1607 -6.4559 -17.4154
X  0.2605 -0.3843  0.8857
Y -0.1614  0.8871  0.4324
Z -0.9519 -0.2555  0.1691

PART 77
OFFSET  5.2776 -7.9217 -15.7520
X -0.3085  0.1630  0.9372
Y  0.6258 -0.7072  0.3290
Z  0.7164  0.6879  0.1162

PART 78
OFFSET  5.9856 -8.4625 -18.1943
X  0.5541 -0.7016  0.4479
Y  0.0101 -0.5324 -0.8464
Z  0.8324  0.4735 -0.2880

PART 79
OFFSET  5.0422 -7.2679 -18.9569
X  0.2437 -0.7838 -0.5711
Y -0.4730  0.4181 -0.7756
Z  0.8467  0.4591 -0.2689

PART 80
OFFSET  4.7045 -6.1816 -18.1653
X -0.2196 -0.1505 -0.9639
Y -0.4870  0.8730 -0.0253
Z  0.8453  0.4639 -0.2650

PART 81
OFFSET  4.9426 -6.0184 -17.1199
X  0.4997 -0.3526  0.7912
Y -0.3090  0.7807  0.5431
Z -0.8092 -0.5159  0.2812

PART 82
OFFSET  3.2832 -6.9862 -10.8118
X -0.2866  0.0266  0.9577
Y -0.7086  0.6669 -0.2306
Z -0.6448 -0.7446 -0.1723

PART 83
OFFSET  7.8761 -7.6551 -17.4022
X  0.1931 -0.1533  0.9691
Y  0.5452 -0.8044 -0.2358
Z  0.8158  0.5739 -0.0717

PART 84
OFFSET  7.5361 -7.3852 -19.1085
X  0.2858 -0.2687  0.9198
Y  0.5507 -0.7395 -0.3871
Z  0.7842  0.6172 -0.0633

PART 85
OFFSET  7.2363 -7.0210 -20.2306
X  0.3737 -0.5133  0.7726
Y  0.4460 -0.6309 -0.6349
Z  0.8133  0.5818 -0.0069

PART 86
OFFSET  6.8142 -6.4413 -21.1033
X -0.2955  0.9003  0.3197
Y -0.3285  0.2184 -0.9189
Z -0.8971 -0.3766  0.2312

PART 87
OFFSET  7.0612 -8.2894 -17.7948
X  0.5564 -0.5972  0.5777
Y  0.2468 -0.5451 -0.8012
Z  0.7934  0.5884 -0.1559

PART 88
OFFSET  5.9742 -7.1227 -18.9234
X  0.4917 -0.7656 -0.4148
Y -0.3969  0.2270 -0.8894
Z  0.7751  0.6019 -0.1923

PART 89
OFFSET  5.2560 -6.0044 -18.3176
X -0.1093 -0.2206 -0.9692
Y -0.6638  0.7420 -0.0940
Z  0.7399  0.6331 -0.2275

PART 90
OFFSET  5.3742 -5.7585 -17.2183
X  0.4605 -0.3452  0.8178
Y -0.3812  0.7550  0.5335
Z -0.8016 -0.5574  0.2161

PART 91
OFFSET  0.0000 -0.0000 -0.0000
X  1.0000 -0.0000  0.0000
Y  0.0000  1.0000  0.0000
Z  0.0000 -0.0000  1.0000

PART 92
OFFSET -0.0000 -0.0000 -0.0000
X  1.0000  0.0000 -0.0052
Y  0.0000  1.0000  0.0087
Z  0.0052 -0.0087  0.9999

PART 93
OFFSET  1.5618 -0.0360  4.1276
X  1.0000  0.0000 -0.0052
Y  0.0000  1.0000  0.0087
Z  0.0052 -0.0087  0.9999


FRAME 502
PART 0
OFFSET  0.0000 -0.0000 -0.0000
X  1.0000 -0.0000  0.0000
Y  0.0000  1.0000  0.0000
Z  0.0000 -0.0000  1.0000

PART 1
OFFSET -4.6318 -0.0000 -1.3770
X  1.0000 -0.0000  0.0000
Y  0.0000  1.0000  0.0000
Z  0.0000 -0.0000  1.0000

PART 2
OFFSET -8.1817  11.3680 -3.2626
X  0.2906  0.2975 -0.9094
Y  0.1967 -0.9487 -0.2475
Z -0.9364 -0.1070 -0.3342

PART 3
OFFSET -4.6669  14.9659 -14.2609
X  0.9353 -0.3509  0.0454
Y -0.1740 -0.3445  0.9225
Z -0.3081 -0.8707 -0.3833

PART 4
OFFSET  3.2883  11.9813 -13.8747
X  0.9353 -0.3509  0.0454
Y -0.3355 -0.8388  0.4287
Z -0.1123 -0.4162 -0.9023

PART 5
OFFSET  5.0549  12.6359 -14.4419
X  0.9372 -0.3464  0.0409
Y  0.3079  0.8766  0.3699
Z -0.1640 -0.3340  0.9282

PART 6
OFFSET  4.2304  11.4221 -15.2669
X  0.9372 -0.3464  0.0409
Y  0.3079  0.8766  0.3699
Z -0.1640 -0.3340  0.9282

PART 7
OFFSET  5.0699  11.4807 -12.1178
X  0.9372 -0.3464  0.0409
Y  0.3079  0.8766  0.3699
Z -0.1640 -0.3340  0.9282

PART 8
OFFSET  4.5311  10.2877 -12.4310
X  0.9372 -0.3464  0.0409
Y  0.3079  0.8766  0.3699
Z -0.1640 -0.3340  0.9282

PART 9
OFFSET  4.1520  10.2251 -13.5659
X  0.9372 -0.3464  0.0409
Y  0.3079  0.8766  0.3699
Z -0.1640 -0.3340  0.9282

PART 10
OFFSET  6.1557  10.9056 -13.7356
X  0.9086 -0.1283 -0.3974
Y -0.0030 -0.9536  0.3010
Z -0.4176 -0.2723 -0.8669

PART 11
OFFSET  6.3901  9.8158 -13.9798
X  0.2988 -0.7581 -0.5797
Y -0.2157 -0.6453  0.7328
Z -0.9296 -0.0939 -0.3563

PART 12
OFFSET  6.9616  8.1103 -15.1773
X  0.6439  0.1986 -0.7389
Y  0.1011 -0.9793 -0.1751
Z -0.7584  0.0381 -0.6507

PART 13
OFFSET  7.9102  8.4935 -16.4326
X  0.3730  0.5205 -0.7681
Y  0.3293 -0.8482 -0.4149
Z -0.8674 -0.0982 -0.4878

PART 14
OFFSET  8.2794  9.0374 -17.2926
X  0.9004  0.2725 -0.3392
Y  0.3450  0.0279  0.9382
Z  0.2651 -0.9617 -0.0689

PART 15
OFFSET  6.8434  11.7631 -14.5694
X  0.6939  0.2423 -0.6781
Y -0.6159 -0.2882 -0.7332
Z -0.3731  0.9264 -0.0507

PART 16
OFFSET  8.3812  12.1373 -16.1755
X -0.3888 -0.2851 -0.8761
Y -0.6919 -0.5375  0.4820
Z -0.6083  0.7936  0.0117

PART 17
OFFSET  7.8307  11.7336 -17.4158
X -0.7870 -0.6114 -0.0828
Y -0.0926 -0.0157  0.9956
Z -0.6100  0.7912 -0.0443

PART 18
OFFSET  7.1330  11.1915 -17.4892
X -0.5075 -0.4105  0.7576
Y  0.6108  0.4488  0.6523
Z -0.6077  0.7938  0.0230

PART 19
OFFSET  6.6509  10.8015 -16.7695
X  0.0926 -0.0825 -0.9923
Y  0.7109  0.7032  0.0078
Z  0.6972 -0.7061  0.1238

PART 20
OFFSET  7.0995  11.1391 -14.3357
X  0.8631  0.1691 -0.4759
Y -0.4356 -0.2275 -0.8709
Z -0.2556  0.9590 -0.1227

PART 21
OFFSET  9.1453  11.5246 -15.8929
X -0.3946 -0.1709 -0.9028
Y -0.7080 -0.5698  0.4173
Z -0.5857  0.8038  0.1038

PART 22
OFFSET  8.4735  11.2336 -17.4300
X -0.7951 -0.5949  0.1180
Y  0.1393  0.0101  0.9902
Z -0.5902  0.8038  0.0748

PART 23
OFFSET  7.3716  10.4092 -17.2665
X -0.3809 -0.3553  0.8536
Y  0.7159  0.4709  0.5155
Z -0.5851  0.8075  0.0750

PART 24
OFFSET  6.9584  10.0238 -16.3407
X -0.1257  0.0619 -0.9901
Y  0.8293  0.5543 -0.0706
Z  0.5444 -0.8300 -0.1210

PART 25
OFFSET  8.7281  8.8500 -14.9473
X  0.7394 -0.0120 -0.6732
Y  0.6631  0.1858  0.7251
Z  0.1164 -0.9825  0.1454

PART 26
OFFSET  9.8491  9.7877 -14.7349
X  0.3960  0.0923 -0.9136
Y -0.8101 -0.4334 -0.3949
Z -0.4324  0.8965 -0.0968

PART 27
OFFSET  10.5464  9.9502 -16.3434
X  0.2402  0.0814 -0.9673
Y -0.8835 -0.3946 -0.2526
Z -0.4023  0.9152 -0.0229

PART 28
OFFSET  10.8628  9.9936 -17.5179
X  0.0238 -0.1457 -0.9891
Y -0.9212 -0.3876  0.0350
Z -0.3885  0.9102 -0.1434

PART 29
OFFSET  10.8896  9.8291 -18.6351
X  0.7145  0.6534  0.2501
Y -0.2460 -0.1000  0.9641
Z  0.6549 -0.7504  0.0892

PART 30
OFFSET  9.6806  10.7870 -15.1745
X -0.2286 -0.1055 -0.9678
Y -0.8341 -0.4915  0.2506
Z -0.5021  0.8645  0.0243

PART 31
OFFSET  9.2341  10.5808 -17.0652
X -0.8583 -0.4963 -0.1302
Y -0.0752 -0.1293  0.9888
Z -0.5076  0.8585  0.0737

PART 32
OFFSET  7.9803  9.8559 -17.2553
X -0.4955 -0.3888  0.7767
Y  0.7189  0.3183  0.6179
Z -0.4875  0.8646  0.1218

PART 33
OFFSET  7.4152  9.4215 -16.3751
X -0.0481  0.0396 -0.9981
Y  0.8304  0.5569 -0.0179
Z  0.5551 -0.8296 -0.0596

PART 34
OFFSET  7.9844  10.6567 -16.2962
X -0.3199  0.9370 -0.1403
Y  0.4176  0.2723  0.8669
Z  0.8505  0.2187 -0.4784

PART 35
OFFSET  9.8152 -6.6503 -16.6739
X  0.4718 -0.0078 -0.8817
Y -0.4102  0.8832 -0.2273
Z  0.7805  0.4689  0.4135

PART 36
OFFSET  9.8152 -6.6503 -16.6739
X  0.4718 -0.0078 -0.8817
Y -0.4102  0.8832 -0.2273
Z  0.7805  0.4689  0.4135

PART 37
OFFSET  11.5665 -6.3810 -19.4511
X  0.4718 -0.0078 -0.8817
Y -0.4102  0.8832 -0.2273
Z  0.7805  0.4689  0.4135

PART 38
OFFSET  11.7801 -5.8911 -17.2699
X  0.4718 -0.0078 -0.8817
Y -0.4102  0.8832 -0.2273
Z  0.7805  0.4689  0.4135

PART 39
OFFSET -320.3348 -5.1251  0.0032
X  0.9998  0.0018 -0.0204
Y -0.0001  0.9965  0.0833
Z  0.0204 -0.0833  0.9963

PART 40
OFFSET  11.2443 -6.2095 -17.4697
X  0.4557 -0.0174 -0.8899
Y -0.4102  0.8832 -0.2273
Z  0.7900  0.4686  0.3954

PART 41
OFFSET  11.2613 -5.5596 -17.4750
X  0.4557 -0.0174 -0.8899
Y -0.4102  0.8832 -0.2273
Z  0.7900  0.4686  0.3954

PART 42
OFFSET  11.7611 -5.2564 -17.2281
X  0.4557 -0.0174 -0.8899
Y -0.4102  0.8832 -0.2273
Z  0.7900  0.4686  0.3954

PART 43
OFFSET  12.2463 -5.5924 -16.9744
X  0.4557 -0.0174 -0.8899
Y -0.4102  0.8832 -0.2273
Z  0.7900  0.4686  0.3954

PART 44
OFFSET  12.2219 -6.2367 -16.9733
X  0.4557 -0.0174 -0.8899
Y -0.4102  0.8832 -0.2273
Z  0.7900  0.4686  0.3954

PART 45
OFFSET  11.7221 -6.5137 -17.2207
X  0.4557 -0.0174 -0.8899
Y -0.4102  0.8832 -0.2273
Z  0.7900  0.4686  0.3954

PART 46
OFFSET -144.4240 -1.8271  278.3214
X  0.4557 -0.0174 -0.8899
Y -0.4102  0.8832 -0.2273
Z  0.7900  0.4686  0.3954

PART 47
OFFSET  10.6225 -5.9243 -16.1178
X  0.5081  0.0143 -0.8612
Y -0.4102  0.8832 -0.2273
Z  0.7573  0.4687  0.4547

PART 48
OFFSET  9.8485  9.3151 -16.9831
X  0.7512 -0.0523 -0.6580
Y  0.5672  0.5609  0.6030
Z  0.3375 -0.8262  0.4511

PART 49
OFFSET  9.8485  9.3151 -16.9831
X  0.7512 -0.0523 -0.6580
Y  0.5672  0.5609  0.6030
Z  0.3375 -0.8262  0.4511

PART 50
OFFSET  12.5089  8.9436 -18.8900
X  0.7512 -0.0523 -0.6580
Y  0.5672  0.5609  0.6030
Z  0.3375 -0.8262  0.4511

PART 51
OFFSET  11.4898  7.8818 -17.1938
X  0.7512 -0.0523 -0.6580
Y  0.5672  0.5609  0.6030
Z  0.3375 -0.8262  0.4511

PART 52
OFFSET -320.3348  5.9563  0.1364
X  0.9998 -0.0013 -0.0204
Y -0.0001  0.9975 -0.0704
Z  0.0204  0.0704  0.9973

PART 53
OFFSET  11.2103  8.4130 -17.4514
X  0.7442 -0.0354 -0.6670
Y  0.5672  0.5609  0.6030
Z  0.3528 -0.8271  0.4375

PART 54
OFFSET  11.6387  8.4670 -16.9788
X  0.7442 -0.0354 -0.6670
Y  0.5672  0.5609  0.6030
Z  0.3528 -0.8271  0.4375

PART 55
OFFSET  11.8779  7.9591 -16.6897
X  0.7442 -0.0354 -0.6670
Y  0.5672  0.5609  0.6030
Z  0.3528 -0.8271  0.4375

PART 56
OFFSET  11.6721  7.3499 -16.8882
X  0.7442 -0.0354 -0.6670
Y  0.5672  0.5609  0.6030
Z  0.3528 -0.8271  0.4375

PART 57
OFFSET  11.2575  7.3246 -17.3475
X  0.7442 -0.0354 -0.6670
Y  0.5672  0.5609  0.6030
Z  0.3528 -0.8271  0.4375

PART 58
OFFSET  11.0189  7.8531 -17.6378
X  0.7442 -0.0354 -0.6670
Y  0.5672  0.5609  0.6030
Z  0.3528 -0.8271  0.4375

PART 59
OFFSET -238.6660  23.8073  204.0729
X  0.7442 -0.0354 -0.6670
Y  0.5672  0.5609  0.6030
Z  0.3528 -0.8271  0.4375

PART 60
OFFSET  10.2713  8.4322 -16.2552
X  0.7663 -0.0913 -0.6359
Y  0.5672  0.5609  0.6030
Z  0.3017 -0.8228  0.4816

PART 61
OFFSET -8.1817 -11.3680 -3.2626
X -0.4481  0.2289  0.8642
Y -0.0003 -0.9667  0.2559
Z  0.8940  0.1144  0.4332

PART 62
OFFSET -2.7627 -14.1361 -13.7140
X -0.8321 -0.5459 -0.0980
Y  0.3165 -0.3223 -0.8922
Z  0.4555 -0.7733  0.4410

PART 63
OFFSET  4.3145 -9.4927 -12.8807
X -0.8321 -0.5459 -0.0980
Y  0.3907 -0.4515 -0.8022
Z  0.3937 -0.7058  0.5890

PART 64
OFFSET  4.9343 -7.5539 -12.3917
X -0.8352 -0.5419 -0.0939
Y -0.4576  0.7794 -0.4278
Z  0.3050 -0.3144 -0.8990

PART 65
OFFSET  5.1350 -7.3543 -11.2824
X -0.8352 -0.5419 -0.0939
Y -0.4576  0.7794 -0.4278
Z  0.3050 -0.3144 -0.8990

PART 66
OFFSET  5.9566 -8.4630 -11.0787
X -0.8352 -0.5419 -0.0939
Y -0.4576  0.7794 -0.4278
Z  0.3050 -0.3144 -0.8990

PART 67
OFFSET  6.8654 -7.8190 -12.5804
X -0.7184  0.0842  0.6905
Y -0.4977 -0.7558 -0.4256
Z  0.4861 -0.6494  0.5849

PART 68
OFFSET  7.4692 -6.8609 -12.7205
X -0.3973 -0.7081  0.5837
Y -0.2212 -0.5435 -0.8098
Z  0.8906 -0.4508  0.0593

PART 69
OFFSET  8.2991 -5.2535 -13.9026
X -0.2784  0.1597  0.9471
Y -0.4150 -0.9093  0.0313
Z  0.8662 -0.3844  0.3194

PART 70
OFFSET  8.6268 -5.5225 -15.4655
X  0.0382  0.4528  0.8908
Y -0.4967 -0.7649  0.4101
Z  0.8671 -0.4581  0.1957

PART 71
OFFSET  8.5542 -5.9782 -16.4447
X -0.6312  0.4709  0.6164
Y -0.5321  0.3154 -0.7858
Z -0.5644 -0.8239  0.0515

PART 72
OFFSET  6.8422 -8.5683 -13.7386
X -0.2937  0.2530  0.9218
Y  0.6103 -0.6926  0.3846
Z  0.7357  0.6755  0.0490

PART 73
OFFSET  7.5345 -8.9535 -15.8497
X  0.4404 -0.7342  0.5168
Y  0.1682 -0.4980 -0.8507
Z  0.8819  0.4616 -0.0958

PART 74
OFFSET  6.9110 -7.9141 -16.5814
X  0.4029 -0.8640 -0.3019
Y -0.1739  0.2516 -0.9521
Z  0.8986  0.4361 -0.0489

PART 75
OFFSET  6.5538 -7.1480 -16.3137
X  0.0525 -0.3258 -0.9440
Y -0.4696  0.8262 -0.3113
Z  0.8813  0.4597 -0.1096

PART 76
OFFSET  6.5039 -6.8385 -15.4169
X  0.1272 -0.3359  0.9333
Y -0.2770  0.8915  0.3586
Z -0.9524 -0.3041  0.0203

PART 77
OFFSET  7.3988 -8.1752 -13.5260
X -0.4696  0.1789  0.8646
Y  0.5969 -0.6572  0.4602
Z  0.6505  0.7322  0.2018

PART 78
OFFSET  8.5341 -8.7627 -15.7897
X  0.5061 -0.6514  0.5652
Y  0.1795 -0.5615 -0.8078
Z  0.8436  0.5103 -0.1672

PART 79
OFFSET  7.6725 -7.6536 -16.7520
X  0.3761 -0.7887 -0.4864
Y -0.3566  0.3613 -0.8616
Z  0.8552  0.4974 -0.1454

PART 80
OFFSET  7.1513 -6.5606 -16.0780
X -0.0464 -0.1981 -0.9791
Y -0.5199  0.8417 -0.1457
Z  0.8530  0.5023 -0.1420

PART 81
OFFSET  7.2016 -6.3458 -15.0161
X  0.3769 -0.2938  0.8784
Y -0.4355  0.7807  0.4481
Z -0.8175 -0.5514  0.1663

PART 82
OFFSET  4.5569 -7.1775 -9.0331
X -0.4445  0.0448  0.8946
Y -0.6929  0.6158 -0.3751
Z -0.5677 -0.7867 -0.2426

PART 83
OFFSET  10.2206 -7.8184 -14.7327
X  0.0349 -0.1063  0.9937
Y  0.6176 -0.7795 -0.1051
Z  0.7857  0.6174  0.0384

PART 84
OFFSET  10.1591 -7.6313 -16.4823
X  0.1404 -0.2179  0.9658
Y  0.6451 -0.7199 -0.2562
Z  0.7511  0.6590  0.0395

PART 85
OFFSET  10.0340 -7.3263 -17.6541
X  0.2643 -0.4621  0.8465
Y  0.5781 -0.6267 -0.5226
Z  0.7720  0.6275  0.1016

PART 86
OFFSET  9.7355 -6.8044 -18.6102
X -0.3908  0.8926  0.2247
Y -0.1800  0.1653 -0.9697
Z -0.9027 -0.4194  0.0961

PART 87
OFFSET  9.5169 -8.5129 -15.2257
X  0.4812 -0.5424  0.6887
Y  0.4056 -0.5588 -0.7234
Z  0.7772  0.6274 -0.0489

PART 88
OFFSET  8.5769 -7.4534 -16.5711
X  0.5930 -0.7504 -0.2921
Y -0.2528  0.1709 -0.9523
Z  0.7645  0.6385 -0.0884

PART 89
OFFSET  7.7108 -6.3573 -16.1445
X  0.0666 -0.2618 -0.9628
Y -0.6756  0.6982 -0.2366
Z  0.7342  0.6663 -0.1304

PART 90
OFFSET  7.6297 -6.0650 -15.0533
X  0.3335 -0.2878  0.8977
Y -0.5037  0.7506  0.4277
Z -0.7969 -0.5948  0.1054

PART 91
OFFSET  0.0000 -0.0000 -0.0000
X  1.0000 -0.0000  0.0000
Y  0.0000  1.0000  0.0000
Z  0.0000 -0.0000  1.0000

PART 92
OFFSET -0.0000 -0.0000 -0.0000
X  0.9998 -0.0000 -0.0176
Y  0.0005  0.9996  0.0296
Z  0.0176 -0.0296  0.9994

PART 93
OFFSET  1.6129 -0.1224  4.1062
X  0.9998 -0.0000 -0.0176
Y  0.0005  0.9996  0.0296
Z  0.0176 -0.0296  0.9994


FRAME 503
PART 0
OFFSET  0.0000 -0.0000 -0.0000
X  1.0000 -0.0000  0.0000
Y  0.0000  1.0000  0.0000
Z  0.0000 -0.0000  1.0000

PART 1
OFFSET -4.6318 -0.0000 -1.3770
X  1.0000 -0.0000  0.0000
Y  0.0000  1.0000  0.0000
Z  0.0000 -0.0000  1.0000

PART 2
OFFSET -7.2568  11.3680 -3.3262
X  0.3143  0.1777 -0.9325
Y  0.3022 -0.9499 -0.0792
Z -0.8999 -0.2569 -0.3523

PART 3
OFFSET -3.4551  13.5173 -14.6040
X  0.8799 -0.2839  0.3810
Y -0.4316 -0.1423  0.8908
Z -0.1987 -0.9482 -0.2477

PART 4
OFFSET  4.0290  11.1026 -11.3638
X  0.8799 -0.2839  0.3810
Y -0.4483 -0.7617  0.4678
Z  0.1574 -0.5824 -0.7975

PART 5
OFFSET  5.8921  11.7066 -11.5504
X  0.8830 -0.2804  0.3763
Y  0.2024  0.9510  0.2338
Z -0.4234 -0.1303  0.8965

PART 6
OFFSET  5.3181  10.3008 -12.2769
X  0.8830 -0.2804  0.3763
Y  0.2024  0.9510  0.2338
Z -0.4234 -0.1303  0.8965

PART 7
OFFSET  5.2362  11.0916 -9.1157
X  0.8830 -0.2804  0.3763
Y  0.2024  0.9510  0.2338
Z -0.4234 -0.1303  0.8965

PART 8
OFFSET  4.7922  9.8330 -9.2895
X  0.8830 -0.2804  0.3763
Y  0.2024  0.9510  0.2338
Z -0.4234 -0.1303  0.8965

PART 9
OFFSET  4.7478  9.5036 -10.4407
X  0.8830 -0.2804  0.3763
Y  0.2024  0.9510  0.2338
Z -0.4234 -0.1303  0.8965

PART 10
OFFSET  6.7266  10.2322 -10.1959
X  0.9200 -0.1288 -0.3701
Y -0.0102 -0.9520  0.3059
Z -0.3918 -0.2776 -0.8772

PART 11
OFFSET  6.9697  9.1416 -10.4274
X  0.3167 -0.7606 -0.5667
Y -0.2359 -0.6418  0.7297
Z -0.9187 -0.0975 -0.3827

PART 12
OFFSET  7.5786  7.4307 -11.5987
X  0.6648  0.1958 -0.7209
Y  0.1077 -0.9801 -0.1669
Z -0.7392  0.0333 -0.6727

PART 13
OFFSET  8.5626  7.8090 -12.8279
X  0.3944  0.5171 -0.7597
Y  0.3426 -0.8498 -0.4006
Z -0.8527 -0.1023 -0.5123

PART 14
OFFSET  8.9559  8.3490 -13.6796
X  0.9094  0.2723 -0.3143
Y  0.3175  0.0334  0.9477
Z  0.2685 -0.9616 -0.0560

PART 15
OFFSET  7.4369  11.0865 -11.0140
X  0.7129  0.2400 -0.6589
Y -0.5938 -0.2932 -0.7493
Z -0.3730  0.9255 -0.0665

PART 16
OFFSET  9.0202  11.4549 -12.5766
X -0.3627 -0.2905 -0.8855
Y -0.7048 -0.5361  0.4646
Z -0.6096  0.7926 -0.0103

PART 17
OFFSET  8.5067  11.0437 -13.8303
X -0.7832 -0.6132 -0.1024
Y -0.1215 -0.0106  0.9925
Z -0.6097  0.7898 -0.0662

PART 18
OFFSET  7.8122  10.5000 -13.9211
X -0.5287 -0.4074  0.7447
Y  0.5909  0.4533  0.6674
Z -0.6094  0.7928  0.0011

PART 19
OFFSET  7.3100  10.1130 -13.2136
X  0.1215 -0.0876 -0.9887
Y  0.7093  0.7045  0.0248
Z  0.6944 -0.7043  0.1478

PART 20
OFFSET  7.6871  10.4643 -10.7696
X  0.8763  0.1681 -0.4514
Y -0.4097 -0.2329 -0.8820
Z -0.2534  0.9579 -0.1352

PART 21
OFFSET  9.7767  10.8451 -12.2687
X -0.3678 -0.1764 -0.9130
Y -0.7189 -0.5688  0.3995
Z -0.5898  0.8033  0.0824

PART 22
OFFSET  9.1504  10.5448 -13.8231
X -0.7973 -0.5956  0.0980
Y  0.1105  0.0156  0.9938
Z -0.5934  0.8031  0.0534

PART 23
OFFSET  8.0455  9.7193 -13.6873
X -0.4050 -0.3515  0.8441
Y  0.6999  0.4748  0.5336
Z -0.5883  0.8069  0.0537

PART 24
OFFSET  7.6062  9.3381 -12.7719
X -0.0969  0.0564 -0.9937
Y  0.8302  0.5553 -0.0494
Z  0.5490 -0.8297 -0.1006

PART 25
OFFSET  9.3365  8.1747 -11.3213
X  0.7587 -0.0143 -0.6513
Y  0.6415  0.1908  0.7430
Z  0.1137 -0.9815  0.1539

PART 26
OFFSET  10.4493  9.1155 -11.0814
X  0.4223  0.0882 -0.9022
Y -0.7976 -0.4369 -0.4160
Z -0.4308  0.8952 -0.1141

PART 27
OFFSET  11.1928  9.2708 -12.6698
X  0.2681  0.0767 -0.9603
Y -0.8751 -0.3975 -0.2760
Z -0.4029  0.9144 -0.0394

PART 28
OFFSET  11.5432  9.3085 -13.8349
X  0.0528 -0.1508 -0.9871
Y -0.9212 -0.3890  0.0102
Z -0.3856  0.9088 -0.1595

PART 29
OFFSET  11.6028  9.1381 -14.9499
X  0.7059  0.6559  0.2673
Y -0.2737 -0.0954  0.9571
Z  0.6532 -0.7488  0.1122

PART 30
OFFSET  10.2921  10.1122 -11.5311
X -0.2001 -0.1111 -0.9735
Y -0.8402 -0.4916  0.2288
Z -0.5040  0.8637  0.0051

PART 31
OFFSET  9.9011  9.8952 -13.4328
X -0.8534 -0.4985 -0.1524
