// Export filename: `C:\projects\cod\t5\xanim_export\t5_viewmodels\python\python_dw_full_d2p_loop.XANIM_EXPORT`
// Source filename: `D:\projects\devanim\t5\animation_assets\viewmodels/python/ViewModel_python_DW_animated.fbx`
// Export time: Sun Aug 29 17:32:18 2010

ANIMATION
VERSION 3

NUMPARTS 94
PART 0 "tag_ads"
PART 1 "tag_torso"
PART 2 "J_Shoulder_LE"
PART 3 "J_Elbow_LE"
PART 4 "J_WristTwist_LE"
PART 5 "J_Sleave_Reshape_Bottom_LE_1"
PART 6 "J_Sleave_Reshape_Bottom_LE_2"
PART 7 "J_Sleave_Reshape_Top_LE_1"
PART 8 "J_Sleave_Reshape_Top_LE_2"
PART 9 "J_Sleave_Reshape_Top_LE_3"
PART 10 "J_Wrist_LE"
PART 11 "J_Thumb_LE_0"
PART 12 "J_Thumb_LE_1"
PART 13 "J_Thumb_LE_2"
PART 14 "J_Thumb_LE_3"
PART 15 "J_PinkyPalm_LE"
PART 16 "J_Pinky_LE_0"
PART 17 "J_Pinky_LE_1"
PART 18 "J_Pinky_LE_2"
PART 19 "J_Pinky_LE_3"
PART 20 "J_RingPalm_LE"
PART 21 "J_Ring_LE_0"
PART 22 "J_Ring_LE_1"
PART 23 "J_Ring_LE_2"
PART 24 "J_Ring_LE_3"
PART 25 "J_Webbing_LE"
PART 26 "J_Index_LE_0"
PART 27 "J_Index_LE_1"
PART 28 "J_Index_LE_2"
PART 29 "J_Index_LE_3"
PART 30 "J_Mid_LE_0"
PART 31 "J_Mid_LE_1"
PART 32 "J_Mid_LE_2"
PART 33 "J_Mid_LE_3"
PART 34 "tag_knife_attach"
PART 35 "tag_weapon"
PART 36 "J_Gun"
PART 37 "TAG_CLIP"
PART 38 "J_Bolt"
PART 39 "tag_speedloader"
PART 40 "tag_spent0"
PART 41 "tag_spent1"
PART 42 "tag_spent2"
PART 43 "tag_spent3"
PART 44 "tag_spent4"
PART 45 "tag_spent5"
PART 46 "tag_bullets"
PART 47 "J_Press_Rear"
PART 48 "tag_weapon1"
PART 49 "J_Gun1"
PART 50 "TAG_CLIP1"
PART 51 "J_Bolt1"
PART 52 "tag_speedloader1"
PART 53 "tag_spent01"
PART 54 "tag_spent11"
PART 55 "tag_spent21"
PART 56 "tag_spent31"
PART 57 "tag_spent41"
PART 58 "tag_spent51"
PART 59 "tag_bullets1"
PART 60 "J_Press_Rear1"
PART 61 "J_Shoulder_RI"
PART 62 "J_Elbow_RI"
PART 63 "J_WristTwist_RI"
PART 64 "J_Sleave_Reshape_Top_RI_3"
PART 65 "J_Sleave_Reshape_Top_RI_2"
PART 66 "J_Sleave_Reshape_Top_RI_1"
PART 67 "J_Wrist_RI"
PART 68 "J_Thumb_RI_0"
PART 69 "J_Thumb_RI_1"
PART 70 "J_Thumb_RI_2"
PART 71 "J_Thumb_RI_3"
PART 72 "J_PinkyPalm_RI"
PART 73 "J_Pinky_RI_0"
PART 74 "J_Pinky_RI_1"
PART 75 "J_Pinky_RI_2"
PART 76 "J_Pinky_RI_3"
PART 77 "J_RingPalm_RI"
PART 78 "J_Ring_RI_0"
PART 79 "J_Ring_RI_1"
PART 80 "J_Ring_RI_2"
PART 81 "J_Ring_RI_3"
PART 82 "J_Webbing_RI"
PART 83 "J_Index_RI_0"
PART 84 "J_Index_RI_1"
PART 85 "J_Index_RI_2"
PART 86 "J_Index_RI_3"
PART 87 "J_Mid_RI_0"
PART 88 "J_Mid_RI_1"
PART 89 "J_Mid_RI_2"
PART 90 "J_Mid_RI_3"
PART 91 "tag_cambone"
PART 92 "tag_camera"
PART 93 "tag_gasmask"

FRAMERATE 30
NUMFRAMES 16

FRAME 505
PART 0
OFFSET  0.0000 -0.0000 -0.0000
X  1.0000 -0.0000  0.0000
Y  0.0000  1.0000  0.0000
Z  0.0000 -0.0000  1.0000

PART 1
OFFSET -4.6318 -0.0000 -1.3770
X  1.0000 -0.0000  0.0000
Y  0.0000  1.0000  0.0000
Z  0.0000 -0.0000  1.0000

PART 2
OFFSET -6.1568  11.3680 -3.4018
X  0.5686 -0.0353 -0.8218
Y  0.2646 -0.9381  0.2234
Z -0.7789 -0.3445 -0.5241

PART 3
OFFSET  0.7200  10.9406 -13.3411
X  0.6215 -0.1655  0.7657
Y -0.7649  0.0831  0.6388
Z -0.1694 -0.9827 -0.0749

PART 4
OFFSET  6.0061  9.5331 -6.8281
X  0.6215 -0.1655  0.7657
Y -0.7087 -0.5352  0.4596
Z  0.3338 -0.8283 -0.4499

PART 5
OFFSET  7.8339  10.0955 -6.3659
X  0.6265 -0.1633  0.7621
Y  0.1786  0.9819  0.0636
Z -0.7587  0.0963  0.6443

PART 6
OFFSET  7.4731  8.5433 -6.9083
X  0.6265 -0.1633  0.7621
Y  0.1786  0.9819  0.0636
Z -0.7587  0.0963  0.6443

PART 7
OFFSET  6.1991  10.1111 -4.3502
X  0.6265 -0.1633  0.7621
Y  0.1786  0.9819  0.0636
Z -0.7587  0.0963  0.6443

PART 8
OFFSET  5.7478  8.8437 -4.3878
X  0.6265 -0.1633  0.7621
Y  0.1786  0.9819  0.0636
Z -0.7587  0.0963  0.6443

PART 9
OFFSET  6.1403  8.2317 -5.3402
X  0.6265 -0.1633  0.7621
Y  0.1786  0.9819  0.0636
Z -0.7587  0.0963  0.6443

PART 10
OFFSET  7.9114  9.0258 -4.4806
X  0.9479 -0.1315 -0.2902
Y -0.0406 -0.9532  0.2996
Z -0.3160 -0.2722 -0.9089

PART 11
OFFSET  8.1689  7.9350 -4.6952
X  0.3611 -0.7597 -0.5408
Y -0.3005 -0.6438  0.7038
Z -0.8828 -0.0916 -0.4608

PART 12
OFFSET  8.8690  6.2262 -5.8175
X  0.7252  0.1957 -0.6601
Y  0.1175 -0.9799 -0.1614
Z -0.6784  0.0395 -0.7336

PART 13
OFFSET  9.9568  6.6050 -6.9557
X  0.4605  0.5184 -0.7206
Y  0.3722 -0.8497 -0.3734
Z -0.8059 -0.0962 -0.5842

PART 14
OFFSET  10.4242  7.1467 -7.7680
X  0.9343  0.2694 -0.2336
Y  0.2349  0.0280  0.9716
Z  0.2683 -0.9626 -0.0371

PART 15
OFFSET  8.6931  9.8802 -5.2306
X  0.7680  0.2394 -0.5940
Y -0.5284 -0.2873 -0.7989
Z -0.3619  0.9274 -0.0942

PART 16
OFFSET  10.4066  10.2477 -6.6496
X -0.2864 -0.2851 -0.9147
Y -0.7445 -0.5348  0.3998
Z -0.6031  0.7954 -0.0591

PART 17
OFFSET  10.0011  9.8440 -7.9446
X -0.7741 -0.6092 -0.1722
Y -0.2065 -0.0141  0.9783
Z -0.5984  0.7929 -0.1149

PART 18
OFFSET  9.3147  9.3039 -8.0972
X -0.5925 -0.4080  0.6946
Y  0.5332  0.4478  0.7178
Z -0.6039  0.7956 -0.0478

PART 19
OFFSET  8.7518  8.9163 -7.4374
X  0.2058 -0.0841 -0.9750
Y  0.7075  0.7011  0.0889
Z  0.6761 -0.7081  0.2038

PART 20
OFFSET  8.9187  9.2558 -4.9684
X  0.9126  0.1659 -0.3736
Y -0.3333 -0.2274 -0.9150
Z -0.2368  0.9596 -0.1522

PART 21
OFFSET  11.1311  9.6331 -6.2804
X -0.2886 -0.1709 -0.9421
Y -0.7530 -0.5671  0.3336
Z -0.5913  0.8057  0.0350

PART 22
OFFSET  10.6397  9.3421 -7.8843
X -0.8053 -0.5923  0.0263
Y  0.0246  0.0110  0.9996
Z -0.5924  0.8056  0.0057

PART 23
OFFSET  9.5237  8.5212 -7.8478
X -0.4776 -0.3531  0.8045
Y  0.6534  0.4694  0.5939
Z -0.5873  0.8093  0.0065

PART 24
OFFSET  9.0057  8.1383 -6.9753
X -0.0108  0.0610 -0.9981
Y  0.8337  0.5517  0.0247
Z  0.5521 -0.8318 -0.0568

PART 25
OFFSET  10.5997  6.9610 -5.3865
X  0.8118 -0.0151 -0.5837
Y  0.5759  0.1848  0.7963
Z  0.0958 -0.9827  0.1587

PART 26
OFFSET  11.6918  7.8956 -5.0475
X  0.4987  0.0900 -0.8621
Y -0.7606 -0.4315 -0.4851
Z -0.4156  0.8976 -0.1467

PART 27
OFFSET  12.5698  8.0540 -6.5653
X  0.3501  0.0794 -0.9334
Y -0.8498 -0.3923 -0.3521
Z -0.3941  0.9164 -0.0698

PART 28
OFFSET  13.0193  8.0949 -7.6957
X  0.1369 -0.1470 -0.9796
Y -0.9203 -0.3848 -0.0708
Z -0.3666  0.9112 -0.1880

PART 29
OFFSET  13.1740  7.9288 -8.8022
X  0.6831  0.6515  0.3300
Y -0.3555 -0.0980  0.9295
Z  0.6380 -0.7522  0.1646

PART 30
OFFSET  11.5780  8.8949 -5.5046
X -0.1161 -0.1061 -0.9876
Y -0.8589 -0.4887  0.1535
Z -0.4989  0.8660 -0.0344

PART 31
OFFSET  11.3512  8.6876 -7.4338
X -0.8392 -0.4939 -0.2275
Y -0.1888 -0.1278  0.9737
Z -0.5100  0.8601  0.0140

PART 32
OFFSET  10.1254  7.9661 -7.7661
X -0.5827 -0.3863  0.7150
Y  0.6441  0.3169  0.6962
Z -0.4955  0.8662  0.0641

PART 33
OFFSET  9.4614  7.5345 -6.9564
X  0.0671  0.0384 -0.9970
Y  0.8287  0.5544  0.0772
Z  0.5557 -0.8314  0.0054

PART 34
OFFSET  10.0216  8.7681 -6.8137
X -0.2987  0.9378 -0.1770
Y  0.3160  0.2722  0.9089
Z  0.9005  0.2155 -0.3776

PART 35
OFFSET  18.7170 -6.9113 -8.1807
X  0.8764 -0.1241 -0.4653
Y -0.2374  0.7292 -0.6418
Z  0.4189  0.6729  0.6096

PART 36
OFFSET  18.7170 -6.9113 -8.1807
X  0.8764 -0.1241 -0.4653
Y -0.2374  0.7292 -0.6418
Z  0.4189  0.6729  0.6096

PART 37
OFFSET  21.6940 -6.9755 -9.5899
X  0.8764 -0.1241 -0.4653
Y -0.2374  0.7292 -0.6418
Z  0.4189  0.6729  0.6096

PART 38
OFFSET  20.6732 -5.9851 -7.8520
X  0.8764 -0.1241 -0.4653
Y -0.2374  0.7292 -0.6418
Z  0.4189  0.6729  0.6096

PART 39
OFFSET -320.3348 -5.1251  0.0032
X  0.9998  0.0018 -0.0204
Y -0.0001  0.9965  0.0833
Z  0.0204 -0.0833  0.9963

PART 40
OFFSET  20.3397 -6.4250 -8.2035
X  0.8677 -0.1379 -0.4776
Y -0.2374  0.7292 -0.6418
Z  0.4368  0.6703  0.6000

PART 41
OFFSET  20.3437 -5.7991 -8.3792
X  0.8677 -0.1379 -0.4776
Y -0.2374  0.7292 -0.6418
Z  0.4368  0.6703  0.6000

PART 42
OFFSET  20.6217 -5.3693 -8.0041
X  0.8677 -0.1379 -0.4776
Y -0.2374  0.7292 -0.6418
Z  0.4368  0.6703  0.6000

PART 43
OFFSET  20.8966 -5.5544 -7.4538
X  0.8677 -0.1379 -0.4776
Y -0.2374  0.7292 -0.6418
Z  0.4368  0.6703  0.6000

PART 44
OFFSET  20.8885 -6.1772 -7.2869
X  0.8677 -0.1379 -0.4776
Y -0.2374  0.7292 -0.6418
Z  0.4368  0.6703  0.6000

PART 45
OFFSET  20.6103 -6.5819 -7.6697
X  0.8677 -0.1379 -0.4776
Y -0.2374  0.7292 -0.6418
Z  0.4368  0.6703  0.6000

PART 46
OFFSET -271.5415  37.3491  148.7469
X  0.8677 -0.1379 -0.4776
Y -0.2374  0.7292 -0.6418
Z  0.4368  0.6703  0.6000

PART 47
OFFSET  19.0755 -5.9552 -7.5131
X  0.8952 -0.0922 -0.4359
Y -0.2374  0.7292 -0.6418
Z  0.3771  0.6780  0.6309

PART 48
OFFSET  11.9482  7.4201 -7.2805
X  0.8217 -0.0554 -0.5672
Y  0.4958  0.5600  0.6637
Z  0.2808 -0.8266  0.4877

PART 49
OFFSET  11.9482  7.4201 -7.2805
X  0.8217 -0.0554 -0.5672
Y  0.4958  0.5600  0.6637
Z  0.2808 -0.8266  0.4877

PART 50
OFFSET  14.8091  7.0382 -8.8684
X  0.8217 -0.0554 -0.5672
Y  0.4958  0.5600  0.6637
Z  0.2808 -0.8266  0.4877

PART 51
OFFSET  13.5983  5.9817 -7.2996
X  0.8217 -0.0554 -0.5672
Y  0.4958  0.5600  0.6637
Z  0.2808 -0.8266  0.4877

PART 52
OFFSET -320.3348  5.9563  0.1364
X  0.9998 -0.0013 -0.0204
Y -0.0001  0.9975 -0.0704
Z  0.0204  0.0704  0.9973

PART 53
OFFSET  13.3520  6.5134 -7.5882
X  0.8158 -0.0385 -0.5770
Y  0.4958  0.5600  0.6637
Z  0.2976 -0.8276  0.4760

PART 54
OFFSET  13.7234  6.5667 -7.0694
X  0.8158 -0.0385 -0.5770
Y  0.4958  0.5600  0.6637
Z  0.2976 -0.8276  0.4760

PART 55
OFFSET  13.9262  6.0584 -6.7544
X  0.8158 -0.0385 -0.5770
Y  0.4958  0.5600  0.6637
Z  0.2976 -0.8276  0.4760

PART 56
OFFSET  13.7427  5.4496 -6.9746
X  0.8158 -0.0385 -0.5770
Y  0.4958  0.5600  0.6637
Z  0.2976 -0.8276  0.4760

PART 57
OFFSET  13.3836  5.4249 -7.4785
X  0.8158 -0.0385 -0.5770
Y  0.4958  0.5600  0.6637
Z  0.2976 -0.8276  0.4760

PART 58
OFFSET  13.1816  5.9537 -7.7948
X  0.8158 -0.0385 -0.5770
Y  0.4958  0.5600  0.6637
Z  0.2976 -0.8276  0.4760

PART 59
OFFSET -260.2910  22.9410  183.7173
X  0.8158 -0.0385 -0.5770
Y  0.4958  0.5600  0.6637
Z  0.2976 -0.8276  0.4760

PART 60
OFFSET  12.2818  6.5369 -6.5079
X  0.8341 -0.0944 -0.5435
Y  0.4958  0.5600  0.6637
Z  0.2417 -0.8231  0.5139

PART 61
OFFSET -6.1568 -11.3680 -3.4018
X -0.8013 -0.1344  0.5829
Y -0.1295 -0.9123 -0.3884
Z  0.5840 -0.3867  0.7137

PART 62
OFFSET  3.5344 -9.7427 -10.4517
X -0.9076 -0.1835 -0.3777
Y  0.3764  0.0435 -0.9254
Z  0.1862 -0.9821  0.0296

PART 63
OFFSET  11.2536 -8.1821 -7.2389
X -0.9076 -0.1835 -0.3777
Y  0.3448 -0.8391 -0.4208
Z -0.2397 -0.5122  0.8248

PART 64
OFFSET  12.2136 -6.9387 -5.8554
X -0.9103 -0.1810 -0.3723
Y -0.1890  0.9819 -0.0152
Z  0.3683  0.0565 -0.9280

PART 65
OFFSET  12.2694 -7.3297 -4.7808
X -0.9103 -0.1810 -0.3723
Y -0.1890  0.9819 -0.0152
Z  0.3683  0.0565 -0.9280

PART 66
OFFSET  12.7686 -8.5905 -5.1078
X -0.9103 -0.1810 -0.3723
Y -0.1890  0.9819 -0.0152
Z  0.3683  0.0565 -0.9280

PART 67
OFFSET  14.0359 -7.6196 -6.0809
X -0.9803  0.1138  0.1614
Y -0.1696 -0.9038 -0.3929
Z  0.1012 -0.4125  0.9053

PART 68
OFFSET  14.5989 -6.6292 -6.1461
X -0.6371 -0.6172  0.4617
Y  0.2674 -0.7388 -0.6186
Z  0.7229 -0.2706  0.6357

PART 69
OFFSET  15.9068 -5.2086 -7.1162
X -0.7532  0.3169  0.5765
Y -0.3465 -0.9360  0.0618
Z  0.5592 -0.1532  0.8148

PART 70
OFFSET  17.0394 -5.7589 -8.1343
X -0.4631  0.6390  0.6141
Y -0.6245 -0.7270  0.2855
Z  0.6289 -0.2513  0.7357

PART 71
OFFSET  17.5220 -6.4261 -8.8370
X -0.8745  0.4834  0.0396
Y -0.0234  0.0394 -0.9989
Z -0.4844 -0.8745 -0.0231

PART 72
OFFSET  14.6633 -8.6003 -6.8212
X -0.7541  0.3984  0.5222
Y  0.3155 -0.4776  0.8200
Z  0.5761  0.7830  0.2345

PART 73
OFFSET  16.4028 -9.3228 -8.0608
X  0.1018 -0.5167  0.8501
Y  0.6150 -0.6390 -0.4620
Z  0.7819  0.5699  0.2527

PART 74
OFFSET  16.2587 -8.5913 -9.2643
X  0.5196 -0.8295  0.2050
Y  0.3686  0.0012 -0.9296
Z  0.7708  0.5586  0.3064

PART 75
OFFSET  15.7980 -7.8558 -9.4461
X  0.5656 -0.5136 -0.6452
Y -0.2402  0.6458 -0.7247
Z  0.7889  0.5649  0.2418

PART 76
OFFSET  15.2607 -7.3679 -8.8331
X -0.3958 -0.0942  0.9135
Y -0.4456  0.8895 -0.1013
Z -0.8030 -0.4472 -0.3941

PART 77
OFFSET  15.0058 -8.0823 -6.4692
X -0.8687  0.2850  0.4051
Y  0.2623 -0.4291  0.8643
Z  0.4202  0.8571  0.2980

PART 78
OFFSET  17.2038 -8.9588 -7.5458
X  0.1288 -0.4155  0.9004
Y  0.6023 -0.6885 -0.4038
Z  0.7878  0.5944  0.1616

PART 79
OFFSET  16.9846 -8.2514 -9.0788
X  0.5963 -0.8025  0.0211
Y  0.1640  0.0961 -0.9818
Z  0.7859  0.5889  0.1889

PART 80
OFFSET  16.1582 -7.1392 -9.1080
X  0.4993 -0.4153 -0.7604
Y -0.3730  0.6891 -0.6213
Z  0.7820  0.5939  0.1891

PART 81
OFFSET  15.6167 -6.6887 -8.2833
X -0.1575 -0.0242  0.9872
Y -0.6250  0.7764 -0.0807
Z -0.7646 -0.6297 -0.1374

PART 82
OFFSET  10.1536 -6.6029 -4.5915
X -0.8614  0.1672  0.4796
Y -0.3882  0.3921 -0.8340
Z -0.3275 -0.9046 -0.2729

PART 83
OFFSET  18.0212 -7.5346 -6.0772
X -0.5107  0.1243  0.8507
Y  0.5904 -0.6686  0.4521
Z  0.6250  0.7332  0.2681

PART 84
OFFSET  18.9203 -7.7534 -7.5751
X -0.4049  0.0286  0.9139
Y  0.6947 -0.6402  0.3278
Z  0.5945  0.7676  0.2394

PART 85
OFFSET  19.4486 -7.7415 -8.6716
X -0.2311 -0.2117  0.9496
Y  0.7820 -0.6211  0.0519
Z  0.5788  0.7546  0.3091

PART 86
OFFSET  19.7097 -7.5024 -9.7442
X -0.4679  0.8418 -0.2690
Y  0.3748 -0.0866 -0.9230
Z -0.8003 -0.5328 -0.2750

PART 87
OFFSET  17.7145 -8.4290 -6.6486
X  0.0383 -0.2875  0.9570
Y  0.7457 -0.6293 -0.2189
Z  0.6652  0.7220  0.1903

PART 88
OFFSET  17.6396 -7.8673 -8.5182
X  0.6712 -0.6863  0.2802
Y  0.3043 -0.0895 -0.9484
Z  0.6759  0.7218  0.1487

PART 89
OFFSET  16.6592 -6.8649 -8.9275
X  0.5864 -0.4540 -0.6709
Y -0.4510  0.5050 -0.7359
Z  0.6729  0.7341  0.0913

PART 90
OFFSET  15.9900 -6.3556 -8.1688
X -0.2045 -0.0213  0.9786
Y -0.6704  0.7315 -0.1242
Z -0.7132 -0.6815 -0.1639

PART 91
OFFSET  0.0000 -0.0000 -0.0000
X  1.0000 -0.0000  0.0000
Y  0.0000  1.0000  0.0000
Z  0.0000 -0.0000  1.0000

PART 92
OFFSET -0.0000 -0.0000 -0.0000
X  0.9986 -0.0000 -0.0523
Y  0.0046  0.9962  0.0870
Z  0.0521 -0.0872  0.9948

PART 93
OFFSET  1.7540 -0.3605  4.0337
X  0.9986 -0.0000 -0.0523
Y  0.0046  0.9962  0.0870
Z  0.0521 -0.0872  0.9948


FRAME 506
PART 0
OFFSET  0.0000 -0.0000 -0.0000
X  1.0000 -0.0000  0.0000
Y  0.0000  1.0000  0.0000
Z  0.0000 -0.0000  1.0000

PART 1
OFFSET -4.6318 -0.0000 -1.3770
X  1.0000 -0.0000  0.0000
Y  0.0000  1.0000  0.0000
Z  0.0000 -0.0000  1.0000

PART 2
OFFSET -6.1568  11.3680 -3.4018
X  0.6635 -0.0583 -0.7459
Y  0.2133 -0.9408  0.2633
Z -0.7171 -0.3339 -0.6118

PART 3
OFFSET  1.8680  10.6628 -12.4223
X  0.5724 -0.1761  0.8009
Y -0.7995  0.0969  0.5928
Z -0.1820 -0.9796 -0.0853

PART 4
OFFSET  6.7364  9.1652 -5.6106
X  0.5724 -0.1761  0.8009
Y -0.7350 -0.5432  0.4059
Z  0.3636 -0.8209 -0.4403

PART 5
OFFSET  8.5435  9.6953 -5.0415
X  0.5776 -0.1740  0.7975
Y  0.1918  0.9786  0.0745
Z -0.7934  0.1099  0.5987

PART 6
OFFSET  8.1878  8.1495 -5.6050
X  0.5776 -0.1740  0.7975
Y  0.1918  0.9786  0.0745
Z -0.7934  0.1099  0.5987

PART 7
OFFSET  6.7936  9.7408 -3.1253
X  0.5776 -0.1740  0.7975
Y  0.1918  0.9786  0.0745
Z -0.7934  0.1099  0.5987

PART 8
OFFSET  6.3229  8.4815 -3.1901
X  0.5776 -0.1740  0.7975
Y  0.1918  0.9786  0.0745
Z -0.7934  0.1099  0.5987

PART 9
OFFSET  6.7599  7.8622 -4.1182
X  0.5776 -0.1740  0.7975
Y  0.1918  0.9786  0.0745
Z -0.7934  0.1099  0.5987

PART 10
OFFSET  8.4911  8.6254 -3.1555
X  0.9624 -0.1356 -0.2354
Y -0.0671 -0.9583  0.2777
Z -0.2632 -0.2515 -0.9314

PART 11
OFFSET  8.7512  7.5363 -3.3758
X  0.3861 -0.7528 -0.5331
Y -0.3481 -0.6541  0.6716
Z -0.8543 -0.0738 -0.5146

PART 12
OFFSET  9.5021  5.8423 -4.4877
X  0.7653  0.2009 -0.6115
Y  0.1181 -0.9777 -0.1734
Z -0.6327  0.0605 -0.7720

PART 13
OFFSET  10.6598  6.2318 -5.5509
X  0.5076  0.5274 -0.6813
Y  0.3863 -0.8461 -0.3672
Z -0.7701 -0.0768 -0.6332

PART 14
OFFSET  11.1800  6.7842 -6.3229
X  0.9490  0.2643 -0.1718
Y  0.1763  0.0070  0.9843
Z  0.2613 -0.9644 -0.0400

PART 15
OFFSET  9.3242  9.4859 -3.8403
X  0.8044  0.2429 -0.5421
Y -0.4820 -0.2665 -0.8347
Z -0.3472  0.9327 -0.0973

PART 16
OFFSET  11.1231  9.8632 -5.1464
X -0.2334 -0.2646 -0.9357
Y -0.7719 -0.5347  0.3438
Z -0.5913  0.8025 -0.0794

PART 17
OFFSET  10.7926  9.4886 -6.4712
X -0.7678 -0.5978 -0.2303
Y -0.2651 -0.0308  0.9637
Z -0.5833  0.8010 -0.1348

PART 18
OFFSET  10.1118  8.9585 -6.6753
X -0.6368 -0.4152  0.6496
Y  0.4931  0.4285  0.7572
Z -0.5927  0.8025 -0.0681

PART 19
OFFSET  9.5068  8.5641 -6.0582
X  0.2633 -0.0674 -0.9624
Y  0.7071  0.6921  0.1450
Z  0.6562 -0.7187  0.2299

PART 20
OFFSET  9.5280  8.8544 -3.5774
X  0.9349  0.1638 -0.3149
Y -0.2797 -0.2063 -0.9377
Z -0.2185  0.9647 -0.1471

PART 21
OFFSET  11.8186  9.2343 -4.7468
X -0.2330 -0.1498 -0.9609
Y -0.7768 -0.5657  0.2766
Z -0.5850  0.8109  0.0154

PART 22
OFFSET  11.4219  8.9792 -6.3826
X -0.8107 -0.5845 -0.0337
Y -0.0354 -0.0085  0.9993
Z -0.5844  0.8113 -0.0139

PART 23
OFFSET  10.2983  8.1691 -6.4293
X -0.5283 -0.3636  0.7673
Y  0.6207  0.4512  0.6412
Z -0.5793  0.8150 -0.0127

PART 24
OFFSET  9.7253  7.7748 -5.5972
X  0.0498  0.0802 -0.9955
Y  0.8356  0.5426  0.0855
Z  0.5470 -0.8361 -0.0400

PART 25
OFFSET  11.2103  6.5510 -3.9393
X  0.8453 -0.0121 -0.5342
Y  0.5287  0.1636  0.8329
Z  0.0773 -0.9865  0.1447

PART 26
OFFSET  12.2884  7.4677 -3.5170
X  0.5504  0.1014 -0.8287
Y -0.7340 -0.4143 -0.5382
Z -0.3979  0.9045 -0.1536

PART 27
OFFSET  13.2575  7.6463 -4.9761
X  0.4062  0.0938 -0.9089
Y -0.8306 -0.3768 -0.4101
Z -0.3809  0.9215 -0.0752

PART 28
OFFSET  13.7745  7.7043 -6.0765
X  0.1942 -0.1296 -0.9724
Y -0.9178 -0.3740 -0.1335
Z -0.3464  0.9183 -0.1915

PART 29
OFFSET  13.9939  7.5580 -7.1748
X  0.6679  0.6381  0.3831
Y -0.4116 -0.1123  0.9044
Z  0.6201 -0.7617  0.1877

PART 30
OFFSET  12.2113  8.4767 -3.9603
X -0.0575 -0.0859 -0.9946
Y -0.8709 -0.4828  0.0920
Z -0.4881  0.8715 -0.0471

PART 31
OFFSET  12.0991  8.3088 -5.9034
X -0.8284 -0.4809 -0.2871
Y -0.2481 -0.1445  0.9579
Z -0.5021  0.8648  0.0004

PART 32
OFFSET  10.8890  7.6064 -6.3228
X -0.6281 -0.3940  0.6710
Y  0.6039  0.2969  0.7397
Z -0.4907  0.8698  0.0514

PART 33
OFFSET  10.1737  7.1661 -5.5630
X  0.1273  0.0569 -0.9902
Y  0.8275  0.5444  0.1376
Z  0.5469 -0.8369  0.0222

PART 34
OFFSET  10.7354  8.3910 -5.3626
X -0.2790  0.9440 -0.1760
Y  0.2632  0.2515  0.9314
Z  0.9235  0.2136 -0.3187

PART 35
OFFSET  19.8725 -6.6775 -6.4858
X  0.9221 -0.1325 -0.3634
Y -0.1655  0.7141 -0.6802
Z  0.3497  0.6874  0.6365

PART 36
OFFSET  19.8725 -6.6775 -6.4858
X  0.9221 -0.1325 -0.3634
Y -0.1655  0.7141 -0.6802
Z  0.3497  0.6874  0.6365

PART 37
OFFSET  22.9860 -6.7666 -7.5584
X  0.9221 -0.1325 -0.3634
Y -0.1655  0.7141 -0.6802
Z  0.3497  0.6874  0.6365

PART 38
OFFSET  21.7810 -5.7397 -5.9657
X  0.9221 -0.1325 -0.3634
Y -0.1655  0.7141 -0.6802
Z  0.3497  0.6874  0.6365

PART 39
OFFSET -320.3348 -5.1251  0.0032
X  0.9998  0.0018 -0.0204
Y -0.0001  0.9965  0.0833
Z  0.0204 -0.0833  0.9963

PART 40
OFFSET  21.4880 -6.1882 -6.3416
X  0.9148 -0.1465 -0.3764
Y -0.1655  0.7141 -0.6802
Z  0.3684  0.6846  0.6290

PART 41
OFFSET  21.5113 -5.5664 -6.5299
X  0.9148 -0.1465 -0.3764
Y -0.1655  0.7141 -0.6802
Z  0.3684  0.6846  0.6290

PART 42
OFFSET  21.7466 -5.1276 -6.1364
X  0.9148 -0.1465 -0.3764
Y -0.1655  0.7141 -0.6802
Z  0.3684  0.6846  0.6290

PART 43
OFFSET  21.9595 -5.2997 -5.5552
X  0.9148 -0.1465 -0.3764
Y -0.1655  0.7141 -0.6802
Z  0.3684  0.6846  0.6290

PART 44
OFFSET  21.9330 -5.9186 -5.3761
X  0.9148 -0.1465 -0.3764
Y -0.1655  0.7141 -0.6802
Z  0.3684  0.6846  0.6290

PART 45
OFFSET  21.6984 -6.3324 -5.7779
X  0.9148 -0.1465 -0.3764
Y -0.1655  0.7141 -0.6802
Z  0.3684  0.6846  0.6290

PART 46
OFFSET -285.8360  40.4266  116.6350
X  0.9148 -0.1465 -0.3764
Y -0.1655  0.7141 -0.6802
Z  0.3684  0.6846  0.6290

PART 47
OFFSET  20.1558 -5.7059 -5.8048
X  0.9376 -0.0999 -0.3330
Y -0.1655  0.7141 -0.6802
Z  0.3057  0.6929  0.6530

PART 48
OFFSET  12.6741  7.0327 -5.7396
X  0.8538 -0.0529 -0.5179
Y  0.4601  0.5421  0.7032
Z  0.2436 -0.8387  0.4872

PART 49
OFFSET  12.6741  7.0327 -5.7396
X  0.8538 -0.0529 -0.5179
Y  0.4601  0.5421  0.7032
Z  0.2436 -0.8387  0.4872

PART 50
OFFSET  15.6218  6.6522 -7.1605
X  0.8538 -0.0529 -0.5179
Y  0.4601  0.5421  0.7032
Z  0.2436 -0.8387  0.4872

PART 51
OFFSET  14.3094  5.5782 -5.6883
X  0.8538 -0.0529 -0.5179
Y  0.4601  0.5421  0.7032
Z  0.2436 -0.8387  0.4872

PART 52
OFFSET -320.3348  5.9563  0.1364
X  0.9998 -0.0013 -0.0204
Y -0.0001  0.9975 -0.0704
Z  0.0204  0.0704  0.9973

PART 53
OFFSET  14.0856  6.1178 -5.9806
X  0.8487 -0.0357 -0.5277
Y  0.4601  0.5421  0.7032
Z  0.2610 -0.8396  0.4765

PART 54
OFFSET  14.4257  6.1574 -5.4395
X  0.8487 -0.0357 -0.5277
Y  0.4601  0.5421  0.7032
Z  0.2610 -0.8396  0.4765

PART 55
OFFSET  14.6046  5.6411 -5.1230
X  0.8487 -0.0357 -0.5277
Y  0.4601  0.5421  0.7032
Z  0.2610 -0.8396  0.4765

PART 56
OFFSET  14.4292  5.0385 -5.3658
X  0.8487 -0.0357 -0.5277
Y  0.4601  0.5421  0.7032
Z  0.2610 -0.8396  0.4765

PART 57
OFFSET  14.1008  5.0272 -5.8907
X  0.8487 -0.0357 -0.5277
Y  0.4601  0.5421  0.7032
Z  0.2610 -0.8396  0.4765

PART 58
OFFSET  13.9230  5.5640 -6.2080
X  0.8487 -0.0357 -0.5277
Y  0.4601  0.5421  0.7032
Z  0.2610 -0.8396  0.4765

PART 59
OFFSET -270.4039  21.6541  168.8694
X  0.8487 -0.0357 -0.5277
Y  0.4601  0.5421  0.7032
Z  0.2610 -0.8396  0.4765

PART 60
OFFSET  12.9527  6.1315 -4.9661
X  0.8644 -0.0924 -0.4943
Y  0.4601  0.5421  0.7032
Z  0.2030 -0.8352  0.5111

PART 61
OFFSET -6.1568 -11.3680 -3.4018
X -0.8726 -0.1526  0.4640
Y -0.0671 -0.9035 -0.4233
Z  0.4839 -0.4005  0.7781

PART 62
OFFSET  4.3960 -9.5223 -9.0138
X -0.9155 -0.1878 -0.3558
Y  0.3553  0.0375 -0.9340
Z  0.1887 -0.9815  0.0324

PART 63
OFFSET  12.1826 -7.9251 -5.9873
X -0.9155 -0.1878 -0.3558
Y  0.3211 -0.8739 -0.3649
Z -0.2425 -0.4483  0.8604

PART 64
OFFSET  13.1712 -6.6701 -4.6346
X -0.9181 -0.1853 -0.3503
Y -0.1912  0.9814 -0.0179
Z  0.3471  0.0505 -0.9365

PART 65
OFFSET  13.2519 -7.0533 -3.5589
X -0.9181 -0.1853 -0.3503
Y -0.1912  0.9814 -0.0179
Z  0.3471  0.0505 -0.9365

PART 66
OFFSET  13.7461 -8.3156 -3.8881
X -0.9181 -0.1853 -0.3503
Y -0.1912  0.9814 -0.0179
Z  0.3471  0.0505 -0.9365

PART 67
OFFSET  14.9892 -7.3494 -4.8964
X -0.9921  0.1151  0.0504
Y -0.1256 -0.9128 -0.3886
Z  0.0013 -0.3918  0.9200

PART 68
OFFSET  15.5562 -6.3594 -4.9219
X -0.6840 -0.6081  0.4029
Y  0.3335 -0.7519 -0.5687
Z  0.6488 -0.2546  0.7171

PART 69
OFFSET  16.9628 -4.9579 -5.7745
X -0.8118  0.3280  0.4831
Y -0.3514 -0.9352  0.0446
Z  0.4664 -0.1335  0.8744

PART 70
OFFSET  18.2001 -5.5283 -6.6497
X -0.5275  0.6516  0.5451
Y -0.6522 -0.7218  0.2317
Z  0.5444 -0.2332  0.8057

PART 71
OFFSET  18.7568 -6.2100 -7.2800
X -0.8735  0.4821 -0.0674
Y  0.0862  0.0169 -0.9961
Z -0.4791 -0.8760 -0.0563

PART 72
OFFSET  15.6939 -8.3450 -5.5411
X -0.8067  0.4083  0.4272
Y  0.2236 -0.4583  0.8602
Z  0.5470  0.7894  0.2785

PART 73
OFFSET  17.5587 -9.0912 -6.5659
X  0.0079 -0.4972  0.8676
Y  0.6619 -0.6477 -0.3773
Z  0.7496  0.5772  0.3240

PART 74
OFFSET  17.5476 -8.3872 -7.7942
X  0.4938 -0.8234  0.2794
Y  0.4684 -0.0188 -0.8833
Z  0.7326  0.5671  0.3764

PART 75
OFFSET  17.1097 -7.6571 -8.0419
X  0.6328 -0.5267 -0.5676
Y -0.1592  0.6288 -0.7611
Z  0.7578  0.5720  0.3141

PART 76
OFFSET  16.5085 -7.1567 -7.5027
X -0.4936 -0.0746  0.8665
Y -0.4317  0.8859 -0.1697
Z -0.7550 -0.4578 -0.4695

PART 77
OFFSET  15.9958 -7.8184 -5.1654
X -0.9078  0.2920  0.3009
Y  0.1659 -0.4090  0.8973
Z  0.3851  0.8646  0.3228

PART 78
OFFSET  18.2984 -8.7138 -5.9745
X  0.0292 -0.3949  0.9183
Y  0.6429 -0.6960 -0.3197
Z  0.7654  0.5997  0.2335

PART 79
OFFSET  18.2488 -8.0415 -7.5379
X  0.5902 -0.8004  0.1045
Y  0.2707  0.0743 -0.9598
Z  0.7605  0.5948  0.2606

PART 80
OFFSET  17.4308 -6.9322 -7.6827
X  0.5796 -0.4311 -0.6915
Y -0.3025  0.6741 -0.6738
Z  0.7567  0.5998  0.2603

PART 81
OFFSET  16.8022 -6.4646 -6.9327
X -0.2648 -0.0023  0.9643
Y -0.6123  0.7730 -0.1663
Z -0.7450 -0.6344 -0.2061

PART 82
OFFSET  10.9672 -6.3084 -3.8650
X -0.9088  0.1759  0.3784
Y -0.2944  0.3724 -0.8802
Z -0.2957 -0.9113 -0.2866

PART 83
OFFSET  18.9501 -7.2550 -4.4578
X -0.6009  0.1422  0.7866
Y  0.5372 -0.6569  0.5291
Z  0.5919  0.7405  0.3183

PART 84
OFFSET  20.0081 -7.5054 -5.8427
X -0.5026  0.0482  0.8632
Y  0.6545 -0.6311  0.4164
Z  0.5648  0.7742  0.2857

PART 85
OFFSET  20.6534 -7.5169 -6.8747
X -0.3339 -0.1909  0.9231
Y  0.7715 -0.6179  0.1513
Z  0.5415  0.7627  0.3536

PART 86
OFFSET  21.0306 -7.3013 -7.9173
X -0.4355  0.8345 -0.3376
Y  0.4738 -0.1065 -0.8742
Z -0.7654 -0.5407 -0.3490

PART 87
OFFSET  18.7078 -8.1628 -5.0390
X -0.0669 -0.2658  0.9617
Y  0.7651 -0.6323 -0.1216
Z  0.6404  0.7277  0.2457

PART 88
OFFSET  18.8385 -7.6434 -6.9177
X  0.6363 -0.6782  0.3675
Y  0.4064 -0.1101 -0.9070
Z  0.6557  0.7265  0.2056

PART 89
OFFSET  17.9090 -6.6528 -7.4546
X  0.6563 -0.4676 -0.5921
Y -0.3675  0.4872 -0.7922
Z  0.6589  0.7375  0.1479

PART 90
OFFSET  17.1608 -6.1281 -6.7855
X -0.3106  0.0002  0.9505
Y -0.6526  0.7270 -0.2134
Z -0.6911 -0.6867 -0.2257

PART 91
OFFSET  0.0000 -0.0000 -0.0000
X  1.0000 -0.0000  0.0000
Y  0.0000  1.0000  0.0000
Z  0.0000 -0.0000  1.0000

PART 92
OFFSET -0.0000 -0.0000 -0.0000
X  0.9987  0.0000 -0.0519
Y  0.0044  0.9964  0.0850
Z  0.0517 -0.0852  0.9950

PART 93
OFFSET  1.7523 -0.3522  4.0352
X  0.9987  0.0000 -0.0519
Y  0.0044  0.9964  0.0850
Z  0.0517 -0.0852  0.9950


FRAME 507
PART 0
OFFSET  0.0000 -0.0000 -0.0000
X  1.0000 -0.0000  0.0000
Y  0.0000  1.0000  0.0000
Z  0.0000 -0.0000  1.0000

PART 1
OFFSET -4.6318 -0.0000 -1.3770
X  1.0000 -0.0000  0.0000
Y  0.0000  1.0000  0.0000
Z  0.0000 -0.0000  1.0000

PART 2
OFFSET -6.1568  11.3680 -3.4018
X  0.7369 -0.0805 -0.6711
Y  0.1654 -0.9412  0.2945
Z -0.6554 -0.3280 -0.6803

PART 3
OFFSET  2.7558  10.3942 -11.5185
X  0.5574 -0.1868  0.8090
Y -0.8078  0.1031  0.5804
Z -0.1918 -0.9770 -0.0934

PART 4
OFFSET  7.4968  8.8054 -4.6380
X  0.5574 -0.1868  0.8090
Y -0.6952 -0.6376  0.3318
Z  0.4538 -0.7474 -0.4853

PART 5
OFFSET  9.3005  9.3117 -4.0373
X  0.5627 -0.1847  0.8057
Y  0.2018  0.9759  0.0828
Z -0.8016  0.1160  0.5865

PART 6
OFFSET  8.9362  7.7730 -4.6146
X  0.5627 -0.1847  0.8057
Y  0.2018  0.9759  0.0828
Z -0.8016  0.1160  0.5865

PART 7
OFFSET  7.5207  9.3676 -2.1491
X  0.5627 -0.1847  0.8057
Y  0.2018  0.9759  0.0828
Z -0.8016  0.1160  0.5865

PART 8
OFFSET  7.0367  8.1142 -2.2281
X  0.5627 -0.1847  0.8057
Y  0.2018  0.9759  0.0828
Z -0.8016  0.1160  0.5865

PART 9
OFFSET  7.4813  7.4947 -3.1523
X  0.5627 -0.1847  0.8057
Y  0.2018  0.9759  0.0828
Z -0.8016  0.1160  0.5865

PART 10
OFFSET  9.2056  8.2328 -2.1581
X  0.9755 -0.1426 -0.1678
Y -0.1002 -0.9660  0.2385
Z -0.1961 -0.2158 -0.9565

PART 11
OFFSET  9.4672  7.1478 -2.3961
X  0.4150 -0.7404 -0.5287
Y -0.4058 -0.6708  0.6208
Z -0.8143 -0.0431 -0.5789

PART 12
OFFSET  10.2770  5.4807 -3.5073
X  0.8115  0.2094 -0.5456
Y  0.1180 -0.9731 -0.1980
Z -0.5723  0.0963 -0.8143

PART 13
OFFSET  11.5159  5.8876 -4.4674
X  0.5640  0.5421 -0.6230
Y  0.4016 -0.8392 -0.3666
Z -0.7216 -0.0434 -0.6910

PART 14
OFFSET  12.0996  6.4575 -5.1790
X  0.9626  0.2551 -0.0916
Y  0.1022 -0.0289  0.9943
Z  0.2510 -0.9665 -0.0539

PART 15
OFFSET  10.0987  9.1028 -2.7487
X  0.8458  0.2484 -0.4721
Y -0.4216 -0.2307 -0.8769
Z -0.3268  0.9408 -0.0904

PART 16
OFFSET  11.9950  9.4956 -3.9037
X -0.1662 -0.2292 -0.9591
Y -0.8024 -0.5339  0.2667
Z -0.5732  0.8139 -0.0952

PART 17
OFFSET  11.7597  9.1711 -5.2616
X -0.7562 -0.5777 -0.3073
Y -0.3368 -0.0591  0.9397
Z -0.5610  0.8141 -0.1499

PART 18
OFFSET  11.0892  8.6589 -5.5340
X -0.6890 -0.4268  0.5857
Y  0.4406  0.3950  0.8061
Z -0.5754  0.8135 -0.0841

PART 19
OFFSET  10.4346  8.2534 -4.9776
X  0.3336 -0.0391 -0.9419
Y  0.7033  0.6756  0.2211
Z  0.6277 -0.7362  0.2529

PART 20
OFFSET  10.2740  8.4596 -2.4936
X  0.9579  0.1597 -0.2387
Y -0.2114 -0.1703 -0.9624
Z -0.1943  0.9724 -0.1293

PART 21
OFFSET  12.6504  8.8428 -3.4756
X -0.1624 -0.1138 -0.9801
Y -0.8027 -0.5625  0.1983
Z -0.5739  0.8189  0.0001

PART 22
OFFSET  12.3739  8.6492 -5.1442
X -0.8135 -0.5703 -0.1141
Y -0.1102 -0.0415  0.9930
Z -0.5711  0.8204 -0.0291

PART 23
OFFSET  11.2465  7.8588 -5.3024
X -0.5889 -0.3809  0.7128
Y  0.5768  0.4196  0.7008
Z -0.5661  0.8239 -0.0274

PART 24
OFFSET  10.6078  7.4457 -4.5294
X  0.1252  0.1129 -0.9857
Y  0.8339  0.5263  0.1662
Z  0.5375 -0.8428 -0.0283

PART 25
OFFSET  11.9485  6.1437 -2.8093
X  0.8827 -0.0074 -0.4700
Y  0.4670  0.1272  0.8751
Z  0.0533 -0.9919  0.1157

PART 26
OFFSET  13.0038  7.0288 -2.2764
X  0.6122  0.1207 -0.7815
Y -0.6970 -0.3844 -0.6053
Z -0.3735  0.9152 -0.1512

PART 27
OFFSET  14.0816  7.2412 -3.6523
X  0.4743  0.1179 -0.8724
Y -0.8024 -0.3498 -0.4835
Z -0.3622  0.9294 -0.0712

PART 28
OFFSET  14.6802  7.3281 -4.7086
X  0.2647 -0.0998 -0.9592
Y -0.9100 -0.3549 -0.2142
Z -0.3191  0.9296 -0.1847

PART 29
OFFSET  14.9791  7.2155 -5.7920
X  0.6456  0.6143  0.4536
Y -0.4795 -0.1362  0.8669
Z  0.5943 -0.7772  0.2067

PART 30
OFFSET  12.9733  8.0532 -2.6889
X  0.0160 -0.0515 -0.9985
Y -0.8816 -0.4719  0.0102
Z -0.4718  0.8801 -0.0529

PART 31
OFFSET  13.0045  7.9526 -4.6396
X -0.8108 -0.4579 -0.3644
Y -0.3209 -0.1728  0.9312
Z -0.4894  0.8720 -0.0069

PART 32
OFFSET  11.8202  7.2837 -5.1719
X -0.6817 -0.4065  0.6084
Y  0.5507  0.2624  0.7924
Z -0.4817  0.8752  0.0450

PART 33
OFFSET  11.0443  6.8293 -4.4831
X  0.2017  0.0882 -0.9755
Y  0.8219  0.5264  0.2176
Z  0.5327 -0.8456  0.0337

PART 34
OFFSET  11.6054  8.0378 -4.1991
X -0.2527  0.9536 -0.1634
Y  0.1961  0.2158  0.9565
Z  0.9475  0.2097 -0.2415

PART 35
OFFSET  20.6281 -6.3391 -4.8499
X  0.9545 -0.1272 -0.2699
Y -0.0995  0.7171 -0.6898
Z  0.2812  0.6852  0.6718

PART 36
OFFSET  20.6281 -6.3391 -4.8499
X  0.9545 -0.1272 -0.2699
Y -0.0995  0.7171 -0.6898
Z  0.2812  0.6852  0.6718

PART 37
OFFSET  23.8337 -6.4109 -5.6055
X  0.9545 -0.1272 -0.2699
Y -0.0995  0.7171 -0.6898
Z  0.2812  0.6852  0.6718

PART 38
OFFSET  22.4709 -5.3972 -4.1364
X  0.9545 -0.1272 -0.2699
Y -0.0995  0.7171 -0.6898
Z  0.2812  0.6852  0.6718

PART 39
OFFSET -320.3348 -5.1251  0.0032
X  0.9998  0.0018 -0.0204
Y -0.0001  0.9965  0.0833
Z  0.0204 -0.0833  0.9963

PART 40
OFFSET  22.2189 -5.8446 -4.5421
X  0.9485 -0.1411 -0.2835
Y -0.0995  0.7171 -0.6898
Z  0.3007  0.6825  0.6662

PART 41
OFFSET  22.2584 -5.2217 -4.7239
X  0.9485 -0.1411 -0.2835
Y -0.0995  0.7171 -0.6898
Z  0.3007  0.6825  0.6662

PART 42
OFFSET  22.4512 -4.7843 -4.3066
X  0.9485 -0.1411 -0.2835
Y -0.0995  0.7171 -0.6898
Z  0.3007  0.6825  0.6662

PART 43
OFFSET  22.6055 -4.9587 -3.7079
X  0.9485 -0.1411 -0.2835
Y -0.0995  0.7171 -0.6898
Z  0.3007  0.6825  0.6662

PART 44
OFFSET  22.5638 -5.5787 -3.5355
X  0.9485 -0.1411 -0.2835
Y -0.0995  0.7171 -0.6898
Z  0.3007  0.6825  0.6662

PART 45
OFFSET  22.3724 -5.9911 -3.9609
X  0.9485 -0.1411 -0.2835
Y -0.0995  0.7171 -0.6898
Z  0.3007  0.6825  0.6662

PART 46
OFFSET -296.0732  38.9743  87.2492
X  0.9485 -0.1411 -0.2835
Y -0.0995  0.7171 -0.6898
Z  0.3007  0.6825  0.6662

PART 47
OFFSET  20.8376 -5.3702 -4.1390
X  0.9667 -0.0947 -0.2378
Y -0.0995  0.7171 -0.6898
Z  0.2359  0.6905  0.6838

PART 48
OFFSET  13.5491  6.6628 -4.4780
X  0.8894 -0.0487 -0.4545
Y  0.4132  0.5108  0.7538
Z  0.1955 -0.8583  0.4745

PART 49
OFFSET  13.5491  6.6628 -4.4780
X  0.8894 -0.0487 -0.4545
Y  0.4132  0.5108  0.7538
Z  0.1955 -0.8583  0.4745

PART 50
OFFSET  16.5896  6.2843 -5.6882
X  0.8894 -0.0487 -0.4545
Y  0.4132  0.5108  0.7538
Z  0.1955 -0.8583  0.4745

PART 51
OFFSET  15.1569  5.1820 -4.3558
X  0.8894 -0.0487 -0.4545
Y  0.4132  0.5108  0.7538
Z  0.1955 -0.8583  0.4745

PART 52
OFFSET -320.3348  5.9563  0.1364
X  0.9998 -0.0013 -0.0204
Y -0.0001  0.9975 -0.0704
Z  0.0204  0.0704  0.9973

PART 53
OFFSET  14.9626  5.7346 -4.6450
X  0.8852 -0.0312 -0.4641
Y  0.4132  0.5108  0.7538
Z  0.2136 -0.8591  0.4651

PART 54
OFFSET  15.2617  5.7506 -4.0791
X  0.8852 -0.0312 -0.4641
Y  0.4132  0.5108  0.7538
Z  0.2136 -0.8591  0.4651

PART 55
OFFSET  15.4097  5.2212 -3.7683
X  0.8852 -0.0312 -0.4641
Y  0.4132  0.5108  0.7538
Z  0.2136 -0.8591  0.4651

PART 56
OFFSET  15.2451  4.6299 -4.0442
X  0.8852 -0.0312 -0.4641
Y  0.4132  0.5108  0.7538
Z  0.2136 -0.8591  0.4651

PART 57
OFFSET  14.9568  4.6415 -4.5922
X  0.8852 -0.0312 -0.4641
Y  0.4132  0.5108  0.7538
Z  0.2136 -0.8591  0.4651

PART 58
OFFSET  14.8102  5.1913 -4.9030
X  0.8852 -0.0312 -0.4641
Y  0.4132  0.5108  0.7538
Z  0.2136 -0.8591  0.4651

PART 59
OFFSET -281.5814  19.8191  149.0151
X  0.8852 -0.0312 -0.4641
Y  0.4132  0.5108  0.7538
Z  0.2136 -0.8591  0.4651

PART 60
OFFSET  13.7573  5.7318 -3.7176
X  0.8976 -0.0892 -0.4316
Y  0.4132  0.5108  0.7538
Z  0.1532 -0.8550  0.4954

PART 61
OFFSET -6.1568 -11.3680 -3.4018
X -0.9199 -0.1694  0.3538
Y -0.0049 -0.8970 -0.4421
Z  0.3922 -0.4084  0.8242

PART 62
OFFSET  4.9678 -9.3196 -7.6809
X -0.9200 -0.1972 -0.3387
Y  0.3398  0.0297 -0.9400
Z  0.1955 -0.9799  0.0397

PART 63
OFFSET  12.7926 -7.6421 -4.7998
X -0.9200 -0.1972 -0.3387
Y  0.3151 -0.8861 -0.3399
Z -0.2331 -0.4194  0.8774

PART 64
OFFSET  13.7952 -6.3666 -3.4770
X -0.9225 -0.1947 -0.3332
Y -0.1977  0.9799 -0.0252
Z  0.3314  0.0426 -0.9425

PART 65
OFFSET  13.8959 -6.7378 -2.3987
X -0.9225 -0.1947 -0.3332
Y -0.1977  0.9799 -0.0252
Z  0.3314  0.0426 -0.9425

PART 66
OFFSET  14.3927 -8.0004 -2.7225
X -0.9225 -0.1947 -0.3332
Y -0.1977  0.9799 -0.0252
Z  0.3314  0.0426 -0.9425

PART 67
OFFSET  15.6130 -7.0374 -3.7614
X -0.9926  0.1112 -0.0487
Y -0.0823 -0.9111 -0.4038
Z -0.0893 -0.3968  0.9135

PART 68
OFFSET  16.1755 -6.0453 -3.7249
X -0.7184 -0.6128  0.3293
Y  0.3919 -0.7476 -0.5362
Z  0.5748 -0.2561  0.7772

PART 69
OFFSET  17.6546 -4.6340 -4.4252
X -0.8575  0.3224  0.4010
Y -0.3501 -0.9367  0.0044
Z  0.3770 -0.1366  0.9161

PART 70
OFFSET  18.9757 -5.1951 -5.1748
X -0.5822  0.6467  0.4928
Y -0.6691 -0.7254  0.1615
Z  0.4619 -0.2356  0.8550

PART 71
OFFSET  19.5956 -5.8713 -5.7495
X -0.8644  0.4793 -0.1522
Y  0.1855  0.0227 -0.9824
Z -0.4674 -0.8774 -0.1085

PART 72
OFFSET  16.3829 -8.0270 -4.3372
X -0.8472  0.4030  0.3463
Y  0.1382 -0.4622  0.8759
Z  0.5130  0.7899  0.3359

PART 73
OFFSET  18.3441 -8.7607 -5.1737
X -0.0770 -0.5019  0.8615
Y  0.6991 -0.6433 -0.3123
Z  0.7109  0.5782  0.4004

PART 74
OFFSET  18.4531 -8.0501 -6.3934
X  0.4668 -0.8231  0.3233
Y  0.5546 -0.0123 -0.8320
Z  0.6889  0.5677  0.4508

PART 75
OFFSET  18.0392 -7.3203 -6.6800
X  0.6887 -0.5213 -0.5039
Y -0.0848  0.6324 -0.7700
Z  0.7201  0.5730  0.3913

PART 76
OFFSET  17.3849 -6.8250 -6.2013
X -0.5777 -0.0811  0.8122
Y -0.4162  0.8853 -0.2076
Z -0.7022 -0.4580 -0.5451

PART 77
OFFSET  16.6434 -7.5013 -3.9305
X -0.9346  0.2871  0.2099
Y  0.0768 -0.4132  0.9074
Z  0.3472  0.8642  0.3642

PART 78
OFFSET  19.0192 -8.3838 -4.5093
X -0.0613 -0.3997  0.9146
Y  0.6746 -0.6919 -0.2572
Z  0.7356  0.6012  0.3121

PART 79
OFFSET  19.1236 -7.7033 -6.0664
X  0.5801 -0.7988  0.1590
Y  0.3652  0.0806 -0.9274
Z  0.7281  0.5961  0.3385

PART 80
OFFSET  18.3196 -6.5961 -6.2868
X  0.6478 -0.4252 -0.6321
Y -0.2363  0.6766 -0.6974
Z  0.7243  0.6011  0.3378

PART 81
OFFSET  17.6171 -6.1349 -5.6012
X -0.3601 -0.0086  0.9329
Y -0.5958  0.7716 -0.2229
Z -0.7179 -0.6360 -0.2829

PART 82
OFFSET  11.5035 -6.0169 -3.1330
X -0.9428  0.1705  0.2863
Y -0.2063  0.3761 -0.9033
Z -0.2617 -0.9108 -0.3194

PART 83
OFFSET  19.5095 -6.9310 -2.9275
X -0.6773  0.1357  0.7231
Y  0.4842 -0.6578  0.5770
Z  0.5539  0.7409  0.3798

PART 84
OFFSET  20.7020 -7.1700 -4.2007
X -0.5868  0.0416  0.8087
Y  0.6121 -0.6310  0.4767
Z  0.5301  0.7747  0.3448

PART 85
OFFSET  21.4475 -7.1735 -5.1628
X -0.4239 -0.1971  0.8840
Y  0.7551 -0.6159  0.2247
Z  0.5002  0.7628  0.4099

PART 86
OFFSET  21.9263 -6.9508 -6.1613
X -0.4029  0.8347 -0.3753
Y  0.5594 -0.0999 -0.8228
Z -0.7243 -0.5415 -0.4267

PART 87
OFFSET  19.3304 -7.8365 -3.5347
X -0.1618 -0.2713  0.9488
Y  0.7761 -0.6289 -0.0475
Z  0.6095  0.7286  0.3123

PART 88
OFFSET  19.6465 -7.3064 -5.3882
X  0.5991 -0.6779  0.4260
Y  0.4957 -0.1037 -0.8623
Z  0.6287  0.7278  0.2739

PART 89
OFFSET  18.7714 -6.3163 -6.0104
X  0.7143 -0.4620 -0.5257
Y -0.2883  0.4902 -0.8225
Z  0.6377  0.7391  0.2170

PART 90
OFFSET  17.9577 -5.7979 -5.4171
X -0.4043 -0.0061  0.9146
Y -0.6310  0.7257 -0.2741
Z -0.6621 -0.6879 -0.2973

PART 91
OFFSET  0.0000 -0.0000 -0.0000
X  1.0000 -0.0000  0.0000
Y  0.0000  1.0000  0.0000
Z  0.0000 -0.0000  1.0000

PART 92
OFFSET -0.0000 -0.0000 -0.0000
X  0.9989  0.0000 -0.0477
Y  0.0036  0.9971  0.0754
Z  0.0475 -0.0754  0.9960

PART 93
OFFSET  1.7352 -0.3120  4.0459
X  0.9989  0.0000 -0.0477
Y  0.0036  0.9971  0.0754
Z  0.0475 -0.0754  0.9960


FRAME 508
PART 0
OFFSET  0.0000 -0.0000 -0.0000
X  1.0000 -0.0000  0.0000
Y  0.0000  1.0000  0.0000
Z  0.0000 -0.0000  1.0000

PART 1
OFFSET -4.6318 -0.0000 -1.3770
X  1.0000 -0.0000  0.0000
Y  0.0000  1.0000  0.0000
Z  0.0000 -0.0000  1.0000

PART 2
OFFSET -6.1568  11.3680 -3.4018
X  0.7924 -0.1008 -0.6016
Y  0.1216 -0.9403  0.3177
Z -0.5977 -0.3249 -0.7329

PART 3
OFFSET  3.4269  10.1489 -10.6771
X  0.5703 -0.1990  0.7969
Y -0.7967  0.1023  0.5957
Z -0.2001 -0.9746 -0.1002

PART 4
OFFSET  8.2778  8.4562 -3.8988
X  0.5703 -0.1990  0.7969
Y -0.5998 -0.7638  0.2385
Z  0.5612 -0.6140 -0.5550

PART 5
OFFSET  10.0953  8.9443 -3.3248
X  0.5756 -0.1969  0.7936
Y  0.2099  0.9736  0.0894
Z -0.7903  0.1151  0.6018

PART 6
OFFSET  9.7104  7.4142 -3.9117
X  0.5756 -0.1969  0.7936
Y  0.2099  0.9736  0.0894
Z -0.7903  0.1151  0.6018

PART 7
OFFSET  8.3495  8.9919 -1.4049
X  0.5756 -0.1969  0.7936
Y  0.2099  0.9736  0.0894
Z -0.7903  0.1151  0.6018

PART 8
OFFSET  7.8557  7.7426 -1.4884
X  0.5756 -0.1969  0.7936
Y  0.2099  0.9736  0.0894
Z -0.7903  0.1151  0.6018

PART 9
OFFSET  8.2797  7.1300 -2.4268
X  0.5756 -0.1969  0.7936
Y  0.2099  0.9736  0.0894
Z -0.7903  0.1151  0.6018

PART 10
OFFSET  10.0263  7.8461 -1.4556
X  0.9843 -0.1509 -0.0914
Y -0.1322 -0.9739  0.1843
Z -0.1168 -0.1693 -0.9786

PART 11
OFFSET  10.2935  6.7688 -1.7207
X  0.4491 -0.7226 -0.5255
Y -0.4655 -0.6913  0.5527
Z -0.7626 -0.0035 -0.6468

PART 12
OFFSET  11.1737  5.1404 -2.8356
X  0.8575  0.2204 -0.4649
Y  0.1221 -0.9650 -0.2322
Z -0.4998  0.1423 -0.8544

PART 13
OFFSET  12.4947  5.5697 -3.6680
X  0.6217  0.5602 -0.5475
Y  0.4207 -0.8284 -0.3699
Z -0.6607 -0.0004 -0.7506

PART 14
OFFSET  13.1439  6.1613 -4.3007
X  0.9700  0.2431  0.0018
Y  0.0170 -0.0753  0.9970
Z  0.2425 -0.9671 -0.0772

PART 15
OFFSET  10.9772  8.7271 -1.9280
X  0.8859  0.2555 -0.3871
Y -0.3485 -0.1840 -0.9191
Z -0.3060  0.9491 -0.0740

PART 16
OFFSET  12.9696  9.1403 -2.8997
X -0.0870 -0.1831 -0.9792
Y -0.8288 -0.5321  0.1731
Z -0.5527  0.8267 -0.1054

PART 17
OFFSET  12.8464  8.8811 -4.2861
X -0.7346 -0.5507 -0.3964
Y -0.4161 -0.0958  0.9043
Z -0.5360  0.8292 -0.1588

PART 18
OFFSET  12.1951  8.3928 -4.6375
X -0.7416 -0.4414  0.5052
Y  0.3755  0.3510  0.8578
Z -0.5559  0.8258 -0.0946

PART 19
OFFSET  11.4905  7.9735 -4.1575
X  0.4119 -0.0022 -0.9112
Y  0.6904  0.6533  0.3106
Z  0.5947 -0.7571  0.2706

PART 20
OFFSET  11.1221  8.0703 -1.6890
X  0.9766  0.1545 -0.1494
Y -0.1310 -0.1233 -0.9837
Z -0.1704  0.9803 -0.1001

PART 21
OFFSET  13.5779  8.4582 -2.4484
X -0.0800 -0.0668 -0.9946
Y -0.8236 -0.5576  0.1037
Z -0.5615  0.8274 -0.0104

PART 22
OFFSET  13.4418  8.3444 -4.1416
X -0.8079 -0.5511 -0.2086
Y -0.1947 -0.0844  0.9772
Z -0.5562  0.8301 -0.0391

PART 23
OFFSET  12.3220  7.5806 -4.4307
X -0.6521 -0.4029  0.6422
Y  0.5205  0.3781  0.7656
Z -0.5513  0.8335 -0.0369

PART 24
OFFSET  11.6148  7.1437 -3.7342
X  0.2099  0.1551 -0.9654
Y  0.8233  0.5045  0.2600
Z  0.5273 -0.8494 -0.0218

PART 25
OFFSET  12.7880  5.7437 -1.9692
X  0.9192 -0.0007 -0.3937
Y  0.3925  0.0799  0.9163
Z  0.0308 -0.9968  0.0738

PART 26
OFFSET  13.8054  6.5864 -1.3090
X  0.6778  0.1456 -0.7207
Y -0.6478 -0.3453 -0.6791
Z -0.3477  0.9271 -0.1397

PART 27
OFFSET  14.9987  6.8428 -2.5778
X  0.5481  0.1493 -0.8230
Y -0.7628 -0.3144 -0.5651
Z -0.3431  0.9375 -0.0585

PART 28
OFFSET  15.6859  6.9674 -3.5747
X  0.3439 -0.0608 -0.9370
Y -0.8929 -0.3299 -0.3063
Z -0.2905  0.9421 -0.1678

PART 29
OFFSET  16.0744  6.8987 -4.6331
X  0.6124  0.5826  0.5344
Y -0.5531 -0.1672  0.8162
Z  0.5648 -0.7954  0.2199

PART 30
OFFSET  13.8229  7.6287 -1.6747
X  0.1001 -0.0068 -0.9950
Y -0.8851 -0.4573 -0.0859
Z -0.4544  0.8893 -0.0518

PART 31
OFFSET  14.0184  7.6155 -3.6184
X -0.7827 -0.4277 -0.4523
Y -0.4010 -0.2092  0.8918
Z -0.4761  0.8794 -0.0078

PART 32
OFFSET  12.8753  6.9908 -4.2790
X -0.7359 -0.4222  0.5293
Y  0.4847  0.2173  0.8473
Z -0.4728  0.8801  0.0447

PART 33
