// Export filename: `C:\projects\cod\t5\xanim_export\t5_viewmodels\python\python_manual_reload_out2.XANIM_EXPORT`
// Source filename: `D:\projects\devanim\t5\animation_assets\viewmodels\python\ViewModel_python_animated.fbx`
// Export time: Tue Sep 07 17:34:16 2010

ANIMATION
VERSION 3

NUMPARTS 81
PART 0 "tag_ads"
PART 1 "tag_torso"
PART 2 "J_Shoulder_LE"
PART 3 "J_Elbow_LE"
PART 4 "J_WristTwist_LE"
PART 5 "J_Sleave_Reshape_Bottom_LE_1"
PART 6 "J_Sleave_Reshape_Bottom_LE_2"
PART 7 "J_Sleave_Reshape_Top_LE_1"
PART 8 "J_Sleave_Reshape_Top_LE_2"
PART 9 "J_Sleave_Reshape_Top_LE_3"
PART 10 "J_Wrist_LE"
PART 11 "J_Thumb_LE_0"
PART 12 "J_Thumb_LE_1"
PART 13 "J_Thumb_LE_2"
PART 14 "J_Thumb_LE_3"
PART 15 "J_PinkyPalm_LE"
PART 16 "J_Pinky_LE_0"
PART 17 "J_Pinky_LE_1"
PART 18 "J_Pinky_LE_2"
PART 19 "J_Pinky_LE_3"
PART 20 "J_RingPalm_LE"
PART 21 "J_Ring_LE_0"
PART 22 "J_Ring_LE_1"
PART 23 "J_Ring_LE_2"
PART 24 "J_Ring_LE_3"
PART 25 "J_Webbing_LE"
PART 26 "J_Index_LE_0"
PART 27 "J_Index_LE_1"
PART 28 "J_Index_LE_2"
PART 29 "J_Index_LE_3"
PART 30 "J_Mid_LE_0"
PART 31 "J_Mid_LE_1"
PART 32 "J_Mid_LE_2"
PART 33 "J_Mid_LE_3"
PART 34 "tag_knife_attach"
PART 35 "tag_weapon"
PART 36 "J_Gun"
PART 37 "TAG_CLIP"
PART 38 "J_Bolt"
PART 39 "tag_speedloader"
PART 40 "tag_spent0"
PART 41 "tag_spent1"
PART 42 "tag_spent2"
PART 43 "tag_spent3"
PART 44 "tag_spent4"
PART 45 "tag_spent5"
PART 46 "tag_bullets"
PART 47 "J_Press_Rear"
PART 48 "J_Shoulder_RI"
PART 49 "J_Elbow_RI"
PART 50 "J_WristTwist_RI"
PART 51 "J_Sleave_Reshape_Top_RI_3"
PART 52 "J_Sleave_Reshape_Top_RI_2"
PART 53 "J_Sleave_Reshape_Top_RI_1"
PART 54 "J_Wrist_RI"
PART 55 "J_Thumb_RI_0"
PART 56 "J_Thumb_RI_1"
PART 57 "J_Thumb_RI_2"
PART 58 "J_Thumb_RI_3"
PART 59 "J_PinkyPalm_RI"
PART 60 "J_Pinky_RI_0"
PART 61 "J_Pinky_RI_1"
PART 62 "J_Pinky_RI_2"
PART 63 "J_Pinky_RI_3"
PART 64 "J_RingPalm_RI"
PART 65 "J_Ring_RI_0"
PART 66 "J_Ring_RI_1"
PART 67 "J_Ring_RI_2"
PART 68 "J_Ring_RI_3"
PART 69 "J_Webbing_RI"
PART 70 "J_Index_RI_0"
PART 71 "J_Index_RI_1"
PART 72 "J_Index_RI_2"
PART 73 "J_Index_RI_3"
PART 74 "J_Mid_RI_0"
PART 75 "J_Mid_RI_1"
PART 76 "J_Mid_RI_2"
PART 77 "J_Mid_RI_3"
PART 78 "tag_cambone"
PART 79 "tag_camera"
PART 80 "tag_gasmask"

FRAMERATE 30
NUMFRAMES 34

FRAME 1025
PART 0
OFFSET -4.6318 -0.0000 -1.3770
X  1.0000 -0.0000  0.0000
Y  0.0000  1.0000  0.0000
Z  0.0000 -0.0000  1.0000

PART 1
OFFSET -4.6318 -0.0000 -1.3770
X  1.0000 -0.0000  0.0000
Y  0.0000  1.0000  0.0000
Z  0.0000 -0.0000  1.0000

PART 2
OFFSET -6.7281  3.8438 -4.9859
X  0.7485  0.5689 -0.3407
Y  0.2600 -0.7244 -0.6385
Z -0.6100  0.3893 -0.6902

PART 3
OFFSET  2.3242  10.7244 -9.1059
X  0.6992 -0.6704  0.2484
Y -0.7096 -0.6083  0.3555
Z -0.0872 -0.4248 -0.9011

PART 4
OFFSET  8.2710  5.0221 -6.9936
X  0.6992 -0.6704  0.2484
Y -0.7114 -0.6868  0.1488
Z  0.0708 -0.2807 -0.9572

PART 5
OFFSET  10.0753  5.1090 -6.2141
X  0.7036 -0.6656  0.2487
Y  0.0955  0.4354  0.8952
Z -0.7041 -0.6061  0.3699

PART 6
OFFSET  9.8073  4.7958 -7.8462
X  0.7036 -0.6656  0.2487
Y  0.0955  0.4354  0.8952
Z -0.7041 -0.6061  0.3699

PART 7
OFFSET  8.6307  3.1654 -5.2805
X  0.7036 -0.6656  0.2487
Y  0.0955  0.4354  0.8952
Z -0.7041 -0.6061  0.3699

PART 8
OFFSET  8.2924  2.5381 -6.4222
X  0.7036 -0.6656  0.2487
Y  0.0955  0.4354  0.8952
Z -0.7041 -0.6061  0.3699

PART 9
OFFSET  8.6518  3.1217 -7.4050
X  0.7036 -0.6656  0.2487
Y  0.0955  0.4354  0.8952
Z -0.7041 -0.6061  0.3699

PART 10
OFFSET  10.4144  2.9668 -6.2322
X  0.6703 -0.6569  0.3452
Y -0.7326 -0.6598  0.1669
Z  0.1181 -0.3648 -0.9236

PART 11
OFFSET  10.0574  1.8847 -6.2950
X  0.2201 -0.9750 -0.0307
Y -0.8281 -0.2034  0.5224
Z -0.5156 -0.0896 -0.8521

PART 12
OFFSET  10.4211 -0.2445 -6.3566
X  0.6211 -0.7812  0.0634
Y -0.7616 -0.5824  0.2843
Z -0.1852 -0.2249 -0.9566

PART 13
OFFSET  11.4484 -1.4961 -6.3782
X  0.2385 -0.9711  0.0031
Y -0.8966 -0.2189  0.3850
Z -0.3732 -0.0946 -0.9229

PART 14
OFFSET  11.6740 -2.5543 -6.4106
X  0.2310 -0.7012  0.6744
Y  0.4141  0.6981  0.5840
Z -0.8804  0.1444  0.4517

PART 15
OFFSET  11.7900  3.0436 -6.3055
X  0.9339 -0.3358  0.1228
Y  0.0078 -0.3241 -0.9460
Z  0.3575  0.8844 -0.3001

PART 16
OFFSET  13.8372  2.1205 -6.1019
X  0.2142 -0.8373 -0.5031
Y -0.8890  0.0463 -0.4555
Z  0.4047  0.5448 -0.7344

PART 17
OFFSET  14.1404  0.9352 -6.8142
X -0.8966  0.1733 -0.4074
Y -0.0745  0.8481  0.5246
Z  0.4365  0.5007 -0.7475

PART 18
OFFSET  13.3454  1.0888 -7.1754
X -0.3102  0.8320  0.4600
Y  0.8435  0.0176  0.5369
Z  0.4386  0.5545 -0.7072

PART 19
OFFSET  13.0508  1.8792 -6.7384
X -0.3557 -0.7276 -0.5866
Y  0.8918 -0.4520  0.0200
Z -0.2797 -0.5160  0.8096

PART 20
OFFSET  11.4340  2.5116 -5.9897
X  0.8636 -0.4247  0.2717
Y  0.1364 -0.3220 -0.9369
Z  0.4854  0.8461 -0.2201

PART 21
OFFSET  13.6692  1.3385 -5.3682
X  0.2915 -0.8263 -0.4820
Y -0.7901  0.0761 -0.6082
Z  0.5392  0.5581 -0.6307

PART 22
OFFSET  14.1654 -0.0682 -6.1889
X -0.8329  0.3618 -0.4188
Y  0.0075  0.7641  0.6451
Z  0.5534  0.5342 -0.6391

PART 23
OFFSET  13.0111  0.4332 -6.7693
X -0.0811  0.7980  0.5971
Y  0.8254 -0.2820  0.4891
Z  0.5587  0.5326 -0.6358

PART 24
OFFSET  12.9231  1.2986 -6.1217
X -0.3775 -0.4666 -0.7999
Y  0.6980 -0.7110  0.0853
Z -0.6085 -0.5261  0.5941

PART 25
OFFSET  11.3807 -0.3015 -5.3980
X  0.8052 -0.5919  0.0357
Y  0.0532  0.1321  0.9898
Z -0.5906 -0.7951  0.1379

PART 26
OFFSET  12.4297  0.0450 -4.4179
X  0.5449 -0.8268 -0.1394
Y -0.2499 -0.0014 -0.9683
Z  0.8004  0.5624 -0.2074

PART 27
OFFSET  13.3891 -1.4108 -4.6634
X -0.2518  0.1904 -0.9489
Y -0.5078  0.8087  0.2970
Z  0.8239  0.5566 -0.1069

PART 28
OFFSET  13.0329 -1.2131 -5.8104
X -0.6039  0.6070 -0.5166
Y -0.1760  0.5306  0.8292
Z  0.7774  0.5916 -0.2136

PART 29
OFFSET  12.3509 -0.5275 -6.3939
X  0.5741 -0.5102 -0.6404
Y  0.4139 -0.4940  0.7646
Z -0.7064 -0.7041 -0.0724

PART 30
OFFSET  13.1743  0.7654 -4.8015
X  0.4752 -0.8095 -0.3449
Y -0.4696  0.0982 -0.8774
Z  0.7441  0.5789 -0.3334

PART 31
OFFSET  14.1026 -0.8160 -5.4752
X -0.6303  0.3628 -0.6864
Y -0.3037  0.6985  0.6480
Z  0.7145  0.6168 -0.3301

PART 32
OFFSET  13.1820 -0.2860 -6.4778
X -0.6481  0.7584  0.0694
Y  0.2581  0.1330  0.9569
Z  0.7165  0.6380 -0.2820

PART 33
OFFSET  12.4529  0.5774 -6.4019
X  0.2863 -0.7073 -0.6463
Y  0.6664 -0.3377  0.6647
Z -0.6885 -0.6210  0.3747

PART 34
OFFSET  12.8065  0.9854 -6.7936
X  0.4469  0.8501 -0.2786
Y -0.1181  0.3648  0.9236
Z  0.8868 -0.3798  0.2634

PART 35
OFFSET  12.6537 -3.8335 -7.3268
X  0.8304 -0.0375 -0.5559
Y  0.0152  0.9989 -0.0447
Z  0.5569  0.0287  0.8301

PART 36
OFFSET  12.6537 -3.8335 -7.3268
X  0.8304 -0.0375 -0.5559
Y  0.0152  0.9989 -0.0447
Z  0.5569  0.0287  0.8301

PART 37
OFFSET  15.5658 -3.7958 -8.8665
X  0.8304 -0.0375 -0.5559
Y -0.5546 -0.1512 -0.8183
Z -0.0533  0.9878 -0.1463

PART 38
OFFSET  14.0637 -2.4220 -7.9181
X  0.8304 -0.0375 -0.5559
Y -0.5546 -0.1512 -0.8183
Z -0.0533  0.9878 -0.1463

PART 39
OFFSET -86.1985 -46.5976  73.3649
X  0.8313 -0.0577 -0.5528
Y -0.5546 -0.1512 -0.8183
Z -0.0363  0.9868 -0.1577

PART 40
OFFSET  14.0754 -3.0381 -7.8118
X  0.8313 -0.0577 -0.5528
Y -0.5546 -0.1512 -0.8183
Z -0.0363  0.9868 -0.1577

PART 41
OFFSET  13.7681 -2.8184 -8.2993
X  0.8313 -0.0577 -0.5528
Y -0.5546 -0.1512 -0.8183
Z -0.0363  0.9868 -0.1577

PART 42
OFFSET  13.7439 -2.1939 -8.4060
X  0.8313 -0.0577 -0.5528
Y -0.5546 -0.1512 -0.8183
Z -0.0363  0.9868 -0.1577

PART 43
OFFSET  14.0346 -1.8052 -8.0122
X  0.8313 -0.0577 -0.5528
Y -0.5546 -0.1512 -0.8183
Z -0.0363  0.9868 -0.1577

PART 44
OFFSET  14.3431 -2.0272 -7.5228
X  0.8313 -0.0577 -0.5528
Y -0.5546 -0.1512 -0.8183
Z -0.0363  0.9868 -0.1577

PART 45
OFFSET  14.3624 -2.6413 -7.4247
X  0.8313 -0.0577 -0.5528
Y -0.5546 -0.1512 -0.8183
Z -0.0363  0.9868 -0.1577

PART 46
OFFSET -84.6582 -46.7045  72.3408
X  0.8313 -0.0577 -0.5528
Y -0.5546 -0.1512 -0.8183
Z -0.0363  0.9868 -0.1577

PART 47
OFFSET  13.2295 -3.6113 -6.2745
X  0.8304 -0.0375 -0.5559
Y  0.0152  0.9989 -0.0447
Z  0.5569  0.0287  0.8301

PART 48
OFFSET -7.8386 -6.7724 -1.5206
X -0.4907 -0.0561  0.8695
Y -0.3378 -0.9077 -0.2491
Z  0.8032 -0.4159  0.4264

PART 49
OFFSET -1.9046 -6.0943 -12.0368
X -0.8313 -0.1012 -0.5465
Y  0.5429  0.0624 -0.8375
Z  0.1188 -0.9929  0.0030

PART 50
OFFSET  5.1662 -5.2339 -7.3886
X -0.8313 -0.1012 -0.5465
Y  0.5494 -0.2983 -0.7805
Z -0.0841 -0.9491  0.3036

PART 51
OFFSET  5.8242 -3.9980 -5.9868
X -0.8349 -0.0988 -0.5415
Y -0.1243  0.9922  0.0106
Z  0.5362  0.0761 -0.8406

PART 52
OFFSET  5.6946 -4.6212 -4.9716
X -0.8349 -0.0988 -0.5415
Y -0.1243  0.9922  0.0106
Z  0.5362  0.0761 -0.8406

PART 53
OFFSET  6.0519 -5.9129 -5.0938
X -0.8349 -0.0988 -0.5415
Y -0.1243  0.9922  0.0106
Z  0.5362  0.0761 -0.8406

PART 54
OFFSET  7.7148 -4.9238 -5.7132
X -0.9511  0.1262  0.2820
Y -0.3074 -0.2929 -0.9054
Z -0.0317 -0.9478  0.3173

PART 55
OFFSET  8.4522 -4.3088 -5.0967
X -0.7658 -0.6249 -0.1515
Y  0.1993 -0.0066 -0.9799
Z  0.6114 -0.7807  0.1296

PART 56
OFFSET  10.0509 -2.9162 -4.6791
X -0.6942 -0.0836  0.7150
Y -0.5591 -0.5630 -0.6087
Z  0.4534 -0.8222  0.3440

PART 57
OFFSET  11.0874 -2.7227 -5.9081
X -0.4259 -0.0293  0.9043
Y -0.7519 -0.5445 -0.3717
Z  0.5033 -0.8383  0.2099

PART 58
OFFSET  11.5377 -2.6435 -6.8893
X -0.7926  0.4047  0.4561
Y  0.0887  0.8166 -0.5704
Z -0.6033 -0.4117 -0.6831

PART 59
OFFSET  8.1968 -5.1527 -6.9855
X -0.6993  0.0179  0.7146
Y  0.1718 -0.9662  0.1923
Z  0.6939  0.2573  0.6725

PART 60
OFFSET  9.8480 -5.0369 -8.5168
X -0.2693 -0.9159  0.2975
Y  0.5891 -0.4011 -0.7014
Z  0.7618 -0.0136  0.6476

PART 61
OFFSET  10.2293 -3.7401 -8.9380
X  0.3363 -0.8405 -0.4249
Y  0.5916  0.5396 -0.5990
Z  0.7327 -0.0499  0.6787

PART 62
OFFSET  9.9311 -2.9950 -8.5613
X  0.6398 -0.0557 -0.7665
Y  0.0405  0.9984 -0.0387
Z  0.7675 -0.0062  0.6410

PART 63
OFFSET  9.3233 -2.9421 -7.8331
X -0.6257 -0.5833  0.5179
Y -0.2842  0.7888  0.5450
Z -0.7264  0.1939 -0.6593

PART 64
OFFSET  8.6058 -5.1181 -6.4015
X -0.8253  0.0459  0.5629
Y  0.1259 -0.9567  0.2626
Z  0.5506  0.2875  0.7837

PART 65
OFFSET  10.6687 -5.3011 -7.9730
X -0.2259 -0.8862  0.4044
Y  0.5760 -0.4563 -0.6782
Z  0.7856  0.0797  0.6135

PART 66
OFFSET  11.0533 -3.7923 -8.6616
X  0.4779 -0.7077 -0.5204
Y  0.4144  0.7039 -0.5768
Z  0.7745  0.0600  0.6297

PART 67
OFFSET  10.3910 -2.8115 -7.9404
X  0.6239  0.1201 -0.7722
Y -0.1255  0.9907  0.0526
Z  0.7713  0.0641  0.6332

PART 68
OFFSET  9.7143 -2.9417 -7.1029
X -0.4015 -0.6612  0.6337
Y -0.4935  0.7391  0.4584
Z -0.7715 -0.1287 -0.6231

PART 69
OFFSET  3.9994 -4.6588 -3.6036
X -0.8442 -0.0881  0.5287
Y -0.2581  0.9314 -0.2568
Z -0.4698 -0.3532 -0.8090

PART 70
OFFSET  11.6406 -5.5470 -6.0114
X -0.5539 -0.3296  0.7645
Y  0.3733 -0.9192 -0.1258
Z  0.7442  0.2157  0.6322

PART 71
OFFSET  12.6159 -4.9667 -7.3575
X -0.4945 -0.4395  0.7499
Y  0.4787 -0.8578 -0.1871
Z  0.7255  0.2665  0.6345

PART 72
OFFSET  13.2611 -4.4162 -8.2306
X -0.2613 -0.8090  0.5265
Y  0.6659 -0.5459 -0.5085
Z  0.6988  0.2177  0.6813

PART 73
OFFSET  13.5562 -3.5024 -8.8253
X -0.3195  0.8174  0.4793
Y  0.3525  0.5720 -0.7406
Z -0.8796 -0.0677 -0.4709

PART 74
OFFSET  11.2114 -5.6812 -7.0205
X -0.3075 -0.8155  0.4902
Y  0.6848 -0.5474 -0.4811
Z  0.6607  0.1877  0.7268

PART 75
OFFSET  11.8123 -4.0880 -7.9782
X  0.5189 -0.8133 -0.2633
Y  0.5128  0.5426 -0.6654
Z  0.6840  0.2102  0.6985

PART 76
OFFSET  11.0544 -2.9001 -7.5936
X  0.6856  0.0369 -0.7270
Y -0.2137  0.9649 -0.1525
Z  0.6959  0.2599  0.6695

PART 77
OFFSET  10.2728 -2.9431 -6.7750
X -0.4337 -0.6612  0.6121
Y -0.5513  0.7321  0.4002
Z -0.7127 -0.1638 -0.6821

PART 78
OFFSET  0.0000 -0.0000 -0.0000
X  1.0000 -0.0000  0.0000
Y  0.0000  1.0000  0.0000
Z  0.0000 -0.0000  1.0000

PART 79
OFFSET -0.0000 -0.0000 -0.0000
X  0.9963  0.0008 -0.0855
Y -0.0021  0.9999 -0.0148
Z  0.0855  0.0150  0.9962

PART 80
OFFSET  1.8882  0.0632  3.9885
X  0.9963  0.0008 -0.0855
Y -0.0021  0.9999 -0.0148
Z  0.0855  0.0150  0.9962


FRAME 1026
PART 0
OFFSET -4.6318 -0.0000 -1.3770
X  1.0000 -0.0000  0.0000
Y  0.0000  1.0000  0.0000
Z  0.0000 -0.0000  1.0000

PART 1
OFFSET -4.6318 -0.0000 -1.3770
X  1.0000 -0.0000  0.0000
Y  0.0000  1.0000  0.0000
Z  0.0000 -0.0000  1.0000

PART 2
OFFSET -6.7281  3.8438 -4.9859
X  0.7325  0.5881 -0.3429
Y  0.2756 -0.7167 -0.6406
Z -0.6225  0.3747 -0.6871

PART 3
OFFSET  2.1304  10.9565 -9.1331
X  0.7036 -0.6647  0.2512
Y -0.7060 -0.6140  0.3528
Z -0.0802 -0.4256 -0.9013

PART 4
OFFSET  8.1150  5.3032 -6.9961
X  0.7036 -0.6647  0.2512
Y -0.7045 -0.6987  0.1244
Z  0.0929 -0.2645 -0.9599

PART 5
OFFSET  9.9154  5.4049 -6.2095
X  0.7080 -0.6598  0.2516
Y  0.0884  0.4363  0.8955
Z -0.7006 -0.6118  0.3672

PART 6
OFFSET  9.6564  5.0892 -7.8426
X  0.7080 -0.6598  0.2516
Y  0.0884  0.4363  0.8955
Z -0.7006 -0.6118  0.3672

PART 7
OFFSET  8.4830  3.4497 -5.2812
X  0.7080 -0.6598  0.2516
Y  0.0884  0.4363  0.8955
Z -0.7006 -0.6118  0.3672

PART 8
OFFSET  8.1543  2.8195 -6.4241
X  0.7080 -0.6598  0.2516
Y  0.0884  0.4363  0.8955
Z -0.7006 -0.6118  0.3672

PART 9
OFFSET  8.5128  3.4059 -7.4056
X  0.7080 -0.6598  0.2516
Y  0.0884  0.4363  0.8955
Z -0.7006 -0.6118  0.3672

PART 10
OFFSET  10.2720  3.2655 -6.2259
X  0.6629 -0.6637  0.3465
Y -0.7358 -0.6631  0.1374
Z  0.1385 -0.3460 -0.9279

PART 11
OFFSET  9.9171  2.1849 -6.3184
X  0.2214 -0.9743 -0.0413
Y -0.8398 -0.2121  0.4997
Z -0.4956 -0.0759 -0.8652

PART 12
OFFSET  10.2835  0.0571 -6.4059
X  0.6215 -0.7808  0.0638
Y -0.7663 -0.5890  0.2567
Z -0.1628 -0.2084 -0.9644

PART 13
OFFSET  11.3144 -1.1916 -6.4261
X  0.2459 -0.9692 -0.0105
Y -0.9031 -0.2331  0.3606
Z -0.3520 -0.0792 -0.9327

PART 14
OFFSET  11.5489 -2.2473 -6.4741
X  0.2215 -0.7127  0.6656
Y  0.3956  0.6896  0.6066
Z -0.8913  0.1290  0.4347

PART 15
OFFSET  11.6488  3.3440 -6.2674
X  0.9310 -0.3389  0.1360
Y  0.0281 -0.3048 -0.9520
Z  0.3641  0.8901 -0.2742

PART 16
OFFSET  13.6910  2.4156 -6.0387
X  0.4075 -0.8188 -0.4043
Y -0.8109 -0.1208 -0.5725
Z  0.4200  0.5612 -0.7133

PART 17
OFFSET  14.2678  1.2563 -6.6111
X -0.6979 -0.2881 -0.6557
Y -0.5493  0.8028  0.2319
Z  0.4595  0.5220 -0.7186

PART 18
OFFSET  13.6490  1.0008 -7.1924
X -0.8240  0.5653 -0.0384
Y  0.3710  0.5896  0.7174
Z  0.4282  0.5769 -0.6956

PART 19
OFFSET  12.8662  1.5379 -7.2290
X  0.3354 -0.8859 -0.3204
Y  0.8645  0.1542  0.4784
Z -0.3745 -0.4374  0.8176

PART 20
OFFSET  11.2863  2.8056 -5.9703
X  0.8577 -0.4300  0.2819
Y  0.1571 -0.3029 -0.9400
Z  0.4896  0.8505 -0.1923

PART 21
OFFSET  13.5083  1.6203 -5.3252
X  0.4604 -0.8157 -0.3503
Y -0.6951 -0.0858 -0.7138
Z  0.5522  0.5721 -0.6065

PART 22
OFFSET  14.2921  0.2316 -5.9216
X -0.6881 -0.0854 -0.7206
Y -0.4482  0.8310  0.3295
Z  0.5707  0.5497 -0.6101

PART 23
OFFSET  13.3385  0.1133 -6.9203
X -0.7077  0.7059 -0.0293
Y  0.4110  0.4451  0.7956
Z  0.5746  0.5510 -0.6052

PART 24
OFFSET  12.5710  0.8788 -6.9520
X  0.3733 -0.8055 -0.4602
Y  0.7173 -0.0640  0.6938
Z -0.5883 -0.5891  0.5539

PART 25
OFFSET  11.2216 -0.0189 -5.4369
X  0.8046 -0.5924  0.0414
Y  0.0314  0.1121  0.9932
Z -0.5931 -0.7978  0.1088

PART 26
OFFSET  12.2487  0.3078 -4.4273
X  0.5700 -0.8201 -0.0496
Y -0.1753 -0.0624 -0.9825
Z  0.8027  0.5687 -0.1794

PART 27
OFFSET  13.2523 -1.1362 -4.5146
X  0.0412 -0.1859 -0.9817
Y -0.5886  0.7895 -0.1742
Z  0.8074  0.5850 -0.0769

PART 28
OFFSET  13.2534 -1.3977 -5.7034
X -0.3583  0.1812 -0.9158
Y -0.4903  0.7983  0.3498
Z  0.7945  0.5744 -0.1972

PART 29
OFFSET  12.8486 -1.1931 -6.7379
X  0.7827 -0.6180 -0.0731
Y  0.0857 -0.0093  0.9963
Z -0.6164 -0.7861  0.0457

PART 30
OFFSET  13.0011  1.0359 -4.7798
X  0.5482 -0.8098 -0.2090
Y -0.3701 -0.0108 -0.9289
Z  0.7499  0.5866 -0.3057

PART 31
OFFSET  14.0721 -0.5460 -5.1881
X -0.3842 -0.0193 -0.9231
Y -0.5814  0.7817  0.2256
Z  0.7172  0.6233 -0.3116

PART 32
OFFSET  13.5109 -0.5742 -6.5364
X -0.6796  0.4956 -0.5409
Y -0.2192  0.5665  0.7944
Z  0.7001  0.6584 -0.2764

PART 33
OFFSET  12.7463 -0.0087 -7.1515
X  0.6163 -0.7839 -0.0750
Y  0.3212  0.1633  0.9328
Z -0.7190 -0.5990  0.3524

PART 34
OFFSET  12.6770  1.2961 -6.7747
X  0.4524  0.8556 -0.2515
Y -0.1385  0.3460  0.9279
Z  0.8810 -0.3850  0.2751

PART 35
OFFSET  12.5823 -4.0251 -7.0247
X  0.8528 -0.0293 -0.5215
Y -0.0224  0.9954 -0.0926
Z  0.5218  0.0907  0.8482

PART 36
OFFSET  12.5823 -4.0251 -7.0247
X  0.8528 -0.0293 -0.5215
Y -0.0224  0.9954 -0.0926
Z  0.5218  0.0907  0.8482

PART 37
OFFSET  15.5497 -3.9397 -8.4527
X  0.8528 -0.0293 -0.5215
Y -0.5151 -0.2123 -0.8304
Z -0.0864  0.9768 -0.1961

PART 38
OFFSET  13.9580 -2.5860 -7.6299
X  0.8528 -0.0293 -0.5215
Y -0.5151 -0.2123 -0.8304
Z -0.0864  0.9768 -0.1961

PART 39
OFFSET -87.6469 -46.9890  71.8417
X  0.8544 -0.0493 -0.5173
Y -0.5151 -0.2123 -0.8304
Z -0.0689  0.9760 -0.2068

PART 40
OFFSET  13.9897 -3.1955 -7.4934
X  0.8544 -0.0493 -0.5173
Y -0.5151 -0.2123 -0.8304
Z -0.0689  0.9760 -0.2068

PART 41
OFFSET  13.6936 -3.0118 -8.0024
X  0.8544 -0.0493 -0.5173
Y -0.5151 -0.2123 -0.8304
Z -0.0689  0.9760 -0.2068

PART 42
OFFSET  13.6491 -2.3946 -8.1401
X  0.8544 -0.0493 -0.5173
Y -0.5151 -0.2123 -0.8304
Z -0.0689  0.9760 -0.2068

PART 43
OFFSET  13.9083 -1.9761 -7.7550
X  0.8544 -0.0493 -0.5173
Y -0.5151 -0.2123 -0.8304
Z -0.0689  0.9760 -0.2068

PART 44
OFFSET  14.2056 -2.1619 -7.2440
X  0.8544 -0.0493 -0.5173
Y -0.5151 -0.2123 -0.8304
Z -0.0689  0.9760 -0.2068

PART 45
OFFSET  14.2451 -2.7694 -7.1155
X  0.8544 -0.0493 -0.5173
Y -0.5151 -0.2123 -0.8304
Z -0.0689  0.9760 -0.2068

PART 46
OFFSET -86.0640 -47.0803  70.8832
X  0.8544 -0.0493 -0.5173
Y -0.5151 -0.2123 -0.8304
Z -0.0689  0.9760 -0.2068

PART 47
OFFSET  13.1064 -3.7301 -5.9633
X  0.8528 -0.0293 -0.5215
Y -0.0224  0.9954 -0.0926
Z  0.5218  0.0907  0.8482

PART 48
OFFSET -7.8386 -6.7724 -1.5206
X -0.4898 -0.0595  0.8698
Y -0.3603 -0.8947 -0.2641
Z  0.7939 -0.4427  0.4168

PART 49
OFFSET -1.9147 -6.0533 -12.0398
X -0.8248 -0.0702 -0.5610
Y  0.5574  0.0653 -0.8277
Z  0.0947 -0.9954 -0.0147

PART 50
OFFSET  5.1010 -5.4565 -7.2684
X -0.8248 -0.0702 -0.5610
Y  0.5518 -0.3158 -0.7719
Z -0.1230 -0.9462  0.2992

PART 51
OFFSET  5.7666 -4.2644 -5.8326
X -0.8284 -0.0678 -0.5560
Y -0.1004  0.9946  0.0282
Z  0.5510  0.0792 -0.8307

PART 52
OFFSET  5.6061 -4.9037 -4.8320
X -0.8284 -0.0678 -0.5560
Y -0.1004  0.9946  0.0282
Z  0.5510  0.0792 -0.8307

PART 53
OFFSET  5.9338 -6.2011 -4.9741
X -0.8284 -0.0678 -0.5560
Y -0.1004  0.9946  0.0282
Z  0.5510  0.0792 -0.8307

PART 54
OFFSET  7.6297 -5.2413 -5.5486
X -0.9658  0.1000  0.2393
Y -0.2592 -0.3476 -0.9011
Z -0.0069 -0.9323  0.3616

PART 55
OFFSET  8.3171 -4.5681 -4.9351
X -0.7339 -0.6625 -0.1499
Y  0.2383 -0.0445 -0.9702
Z  0.6360 -0.7478  0.1905

PART 56
OFFSET  9.8418 -3.0925 -4.5254
X -0.7183 -0.0784  0.6913
Y -0.5118 -0.6136 -0.6013
Z  0.4714 -0.7857  0.4006

PART 57
OFFSET  10.9180 -2.9145 -5.7221
X -0.4601 -0.0042  0.8878
Y -0.7144 -0.5920 -0.3731
Z  0.5272 -0.8059  0.2694

PART 58
OFFSET  11.4036 -2.8630 -6.6882
X -0.8255  0.3926  0.4055
Y  0.0791  0.7918 -0.6057
Z -0.5588 -0.4679 -0.6847

PART 59
OFFSET  8.1708 -5.5097 -6.7890
X -0.7274  0.0226  0.6859
Y  0.2020 -0.9481  0.2455
Z  0.6558  0.3171  0.6851

PART 60
OFFSET  9.8758 -5.3981 -8.2603
X -0.2447 -0.9113  0.3313
Y  0.6320 -0.4090 -0.6582
Z  0.7353  0.0484  0.6760

PART 61
OFFSET  10.2222 -4.1080 -8.7294
X  0.3858 -0.8449 -0.3704
Y  0.5933  0.5347 -0.6017
Z  0.7065  0.0124  0.7076

PART 62
OFFSET  9.8801 -3.3588 -8.4009
X  0.6715 -0.0652 -0.7381
Y  0.0026  0.9963 -0.0857
Z  0.7410  0.0556  0.6692

PART 63
OFFSET  9.2421 -3.2969 -7.6997
X -0.6224 -0.5836  0.5215
Y -0.3366  0.8012  0.4948
Z -0.7066  0.1325 -0.6951

PART 64
OFFSET  8.5545 -5.4309 -6.1922
X -0.8482  0.0382  0.5283
Y  0.1529 -0.9372  0.3134
Z  0.5071  0.3466  0.7891

PART 65
OFFSET  10.6840 -5.6023 -7.6736
X -0.2067 -0.8748  0.4382
Y  0.6201 -0.4636 -0.6329
Z  0.7568  0.1409  0.6383

PART 66
OFFSET  11.0359 -4.1130 -8.4196
X  0.5258 -0.7111 -0.4668
Y  0.4090  0.6925 -0.5942
Z  0.7458  0.1215  0.6550

PART 67
OFFSET  10.3072 -3.1275 -7.7727
X  0.6490  0.1093 -0.7529
Y -0.1665  0.9860 -0.0004
Z  0.7423  0.1256  0.6582

PART 68
OFFSET  9.6033 -3.2460 -6.9562
X -0.4001 -0.6466  0.6495
Y -0.5401  0.7389  0.4029
Z -0.7404 -0.1896 -0.6449

PART 69
OFFSET  3.8256 -5.0310 -3.5969
X -0.8605 -0.0979  0.5000
Y -0.2841  0.9068 -0.3114
Z -0.4229 -0.4100 -0.8081

PART 70
OFFSET  11.5859 -5.7152 -5.6669
X -0.5705 -0.3159  0.7581
Y  0.4139 -0.9079 -0.0667
Z  0.7093  0.2757  0.6487

PART 71
OFFSET  12.5904 -5.1591 -7.0016
X -0.5063 -0.4237  0.7511
Y  0.5192 -0.8452 -0.1268
Z  0.6885  0.3258  0.6479

PART 72
OFFSET  13.2477 -4.6242 -7.8754
X -0.2500 -0.7935  0.5549
Y  0.7066 -0.5413 -0.4557
Z  0.6620  0.2782  0.6960

PART 73
OFFSET  13.5300 -3.7280 -8.5022
X -0.3703  0.8252  0.4265
Y  0.3589  0.5506 -0.7537
Z -0.8567 -0.1260 -0.5001

PART 74
OFFSET  11.2029 -5.9144 -6.6838
X -0.2945 -0.8036  0.5173
Y  0.7245 -0.5407 -0.4275
Z  0.6232  0.2489  0.7414

PART 75
OFFSET  11.7781 -4.3446 -7.6943
X  0.5606 -0.8027 -0.2036
Y  0.5171  0.5314 -0.6710
Z  0.6468  0.2709  0.7129

PART 76
OFFSET  10.9593 -3.1722 -7.3970
X  0.7121  0.0309 -0.7014
Y -0.2453  0.9470 -0.2072
Z  0.6578  0.3196  0.6820

PART 77
OFFSET  10.1480 -3.2089 -6.6076
X -0.4314 -0.6490  0.6266
Y -0.5952  0.7267  0.3429
Z -0.6779 -0.2251 -0.6998

PART 78
OFFSET  0.0000 -0.0000 -0.0000
X  1.0000 -0.0000  0.0000
Y  0.0000  1.0000  0.0000
Z  0.0000 -0.0000  1.0000

PART 79
OFFSET -0.0000 -0.0000 -0.0000
X  0.9965  0.0021 -0.0830
Y -0.0030  0.9999 -0.0109
Z  0.0829  0.0111  0.9965

PART 80
OFFSET  1.8782  0.0489  3.9934
X  0.9965  0.0021 -0.0830
Y -0.0030  0.9999 -0.0109
Z  0.0829  0.0111  0.9965


FRAME 1027
PART 0
OFFSET -4.6318 -0.0000 -1.3770
X  1.0000 -0.0000  0.0000
Y  0.0000  1.0000  0.0000
Z  0.0000 -0.0000  1.0000

PART 1
OFFSET -4.6318 -0.0000 -1.3770
X  1.0000 -0.0000  0.0000
Y  0.0000  1.0000  0.0000
Z  0.0000 -0.0000  1.0000

PART 2
OFFSET -6.7281  3.8438 -4.9859
X  0.6957  0.6265 -0.3513
Y  0.3033 -0.6996 -0.6470
Z -0.6512  0.3436 -0.6767

PART 3
OFFSET  1.6857  11.4212 -9.2347
X  0.7180 -0.6493  0.2508
Y -0.6924 -0.6295  0.3525
Z -0.0710 -0.4267 -0.9016

PART 4
OFFSET  7.7926  5.8986 -7.1018
X  0.7180 -0.6493  0.2508
Y -0.6869 -0.7192  0.1045
Z  0.1125 -0.2473 -0.9624

PART 5
OFFSET  9.5905  6.0391 -6.3153
X  0.7223 -0.6444  0.2511
Y  0.0789  0.4376  0.8957
Z -0.6871 -0.6272  0.3669

PART 6
OFFSET  9.3383  5.7189 -7.9485
X  0.7223 -0.6444  0.2511
Y  0.0789  0.4376  0.8957
Z -0.6871 -0.6272  0.3669

PART 7
OFFSET  8.2012  4.0525 -5.3881
X  0.7223 -0.6444  0.2511
Y  0.0789  0.4376  0.8957
Z -0.6871 -0.6272  0.3669

PART 8
OFFSET  7.8862  3.4160 -6.5314
X  0.7223 -0.6444  0.2511
Y  0.0789  0.4376  0.8957
Z -0.6871 -0.6272  0.3669

PART 9
OFFSET  8.2318  4.0107 -7.5126
X  0.7223 -0.6444  0.2511
Y  0.0789  0.4376  0.8957
Z -0.6871 -0.6272  0.3669

PART 10
OFFSET  9.9938  3.9080 -6.3330
X  0.6555 -0.6704  0.3476
Y -0.7382 -0.6659  0.1078
Z  0.1592 -0.3273 -0.9314

PART 11
OFFSET  9.6416  2.8294 -6.4551
X  0.2231 -0.9738 -0.0439
Y -0.8523 -0.2167  0.4761
Z -0.4731 -0.0688 -0.8783

PART 12
OFFSET  10.0116  0.7026 -6.5511
X  0.6247 -0.7777  0.0694
Y -0.7685 -0.5968  0.2306
Z -0.1380 -0.1974 -0.9706

PART 13
OFFSET  11.0506 -0.5395 -6.5616
X  0.2666 -0.9636 -0.0217
Y -0.9060 -0.2582  0.3353
Z -0.3287 -0.0697 -0.9418

PART 14
OFFSET  11.3084 -1.5890 -6.6225
X  0.2213 -0.7197  0.6580
Y  0.3669  0.6866  0.6276
Z -0.9036  0.1026  0.4160

PART 15
OFFSET  11.3711  3.9876 -6.3426
X  0.9274 -0.3435  0.1483
Y  0.0474 -0.2853 -0.9573
Z  0.3711  0.8948 -0.2483

PART 16
OFFSET  13.4065  3.0505 -6.0905
X  0.6952 -0.7024 -0.1529
Y -0.5730 -0.4130 -0.7079
Z  0.4340  0.5797 -0.6896

PART 17
OFFSET  14.3908  2.0562 -6.3070
X  0.1571 -0.8172 -0.5546
Y -0.8618  0.1608 -0.4811
Z  0.4823  0.5535 -0.6790

PART 18
OFFSET  14.5301  1.3316 -6.7987
X -0.4628 -0.5326 -0.7087
Y -0.7794  0.6254  0.0390
Z  0.4224  0.5704 -0.7045

PART 19
OFFSET  14.0904  0.8257 -7.4720
X  0.7822 -0.0677  0.6194
Y -0.2372  0.8869  0.3965
Z -0.5762 -0.4570  0.6776

PART 20
OFFSET  11.0024  3.4433 -6.0644
X  0.8515 -0.4355  0.2921
Y  0.1780 -0.2839 -0.9422
Z  0.4932  0.8542 -0.1643

PART 21
OFFSET  13.2113  2.2452 -5.3982
X  0.6960 -0.7163 -0.0495
Y -0.4447 -0.3759 -0.8130
Z  0.5637  0.5879 -0.5802

PART 22
OFFSET  14.3963  1.0256 -5.4826
X  0.0744 -0.7437 -0.6643
Y -0.8062  0.3472 -0.4790
Z  0.5869  0.5712 -0.5738

PART 23
OFFSET  14.4994 -0.0051 -6.4033
X -0.2701 -0.5242 -0.8076
Y -0.7642  0.6270 -0.1514
Z  0.5857  0.5763 -0.5700

PART 24
OFFSET  14.2065 -0.5737 -7.2791
X  0.6867  0.0997  0.7201
Y -0.4957  0.7888  0.3635
Z -0.5318 -0.6065  0.5910

PART 25
OFFSET  10.9277  0.6086 -5.5895
X  0.8038 -0.5930  0.0472
Y  0.0094  0.0921  0.9957
Z -0.5948 -0.7999  0.0796

PART 26
OFFSET  11.9320  0.9151 -4.5511
X  0.5961 -0.7941  0.1190
Y -0.0525 -0.1865 -0.9811
Z  0.8012  0.5785 -0.1529

PART 27
OFFSET  12.9815 -0.4830 -4.3415
X  0.5248 -0.7063 -0.4751
Y -0.3521  0.3280 -0.8766
Z  0.7750  0.6274 -0.0766

PART 28
OFFSET  13.5724 -1.3798 -4.9144
X  0.3287 -0.6789 -0.6565
Y -0.4599  0.4921 -0.7391
Z  0.8249  0.5449 -0.1505

PART 29
OFFSET  13.9436 -2.1466 -5.6560
X  0.5402 -0.0700  0.8386
Y -0.5584  0.7157  0.4194
Z -0.6296 -0.6949  0.3476

PART 30
OFFSET  12.6915  1.6503 -4.8721
X  0.6327 -0.7720  0.0603
Y -0.1790 -0.2216 -0.9586
Z  0.7534  0.5957 -0.2784

PART 31
OFFSET  13.9276  0.1421 -4.7543
X  0.2669 -0.6507 -0.7109
Y -0.6404  0.4315 -0.6354
Z  0.7202  0.6248 -0.3015

PART 32
OFFSET  14.3174 -0.8083 -5.7927
X -0.0159 -0.4124 -0.9109
Y -0.7302  0.6271 -0.2712
Z  0.6831  0.6608 -0.3110

PART 33
OFFSET  14.3048 -1.2711 -6.8264
X  0.4349 -0.1266  0.8916
Y -0.4961  0.7926  0.3545
Z -0.7515 -0.5965  0.2818

PART 34
OFFSET  12.4114  1.9505 -6.8680
X  0.4573  0.8606 -0.2242
Y -0.1592  0.3273  0.9314
Z  0.8749 -0.3903  0.2867

PART 35
OFFSET  12.4356 -4.5110 -6.2658
X  0.9030 -0.0075 -0.4296
Y -0.0936  0.9724 -0.2137
Z  0.4193  0.2332  0.8774

PART 36
OFFSET  12.4356 -4.5110 -6.2658
X  0.9030 -0.0075 -0.4296
Y -0.0936  0.9724 -0.2137
Z  0.4193  0.2332  0.8774

PART 37
OFFSET  15.5213 -4.3084 -7.4013
X  0.9030 -0.0075 -0.4296
Y -0.4046 -0.3509 -0.8445
Z -0.1444  0.9364 -0.3199

PART 38
OFFSET  13.7458 -3.0261 -6.9049
X  0.9030 -0.0075 -0.4296
Y -0.4046 -0.3509 -0.8445
Z -0.1444  0.9364 -0.3199

PART 39
OFFSET -91.7812 -47.5862  67.1855
X  0.9058 -0.0266 -0.4229
Y -0.4046 -0.3509 -0.8445
Z -0.1260  0.9360 -0.3286

PART 40
OFFSET  13.8124 -3.6109 -6.6935
X  0.9058 -0.0266 -0.4229
Y -0.4046 -0.3509 -0.8445
Z -0.1260  0.9360 -0.3286

PART 41
OFFSET  13.5583 -3.5137 -7.2470
X  0.9058 -0.0266 -0.4229
Y -0.4046 -0.3509 -0.8445
Z -0.1260  0.9360 -0.3286

PART 42
OFFSET  13.4784 -2.9226 -7.4618
X  0.9058 -0.0266 -0.4229
Y -0.4046 -0.3509 -0.8445
Z -0.1260  0.9360 -0.3286

PART 43
OFFSET  13.6601 -2.4413 -7.1068
X  0.9058 -0.0266 -0.4229
Y -0.4046 -0.3509 -0.8445
Z -0.1260  0.9360 -0.3286

PART 44
OFFSET  13.9154 -2.5403 -6.5510
X  0.9058 -0.0266 -0.4229
Y -0.4046 -0.3509 -0.8445
Z -0.1260  0.9360 -0.3286

PART 45
OFFSET  13.9905 -3.1232 -6.3469
X  0.9058 -0.0266 -0.4229
Y -0.4046 -0.3509 -0.8445
Z -0.1260  0.9360 -0.3286

PART 46
OFFSET -90.1030 -47.6355  66.4019
X  0.9058 -0.0266 -0.4229
Y -0.4046 -0.3509 -0.8445
Z -0.1260  0.9360 -0.3286

PART 47
OFFSET  12.8178 -4.0516 -5.2023
X  0.9030 -0.0075 -0.4296
Y -0.0936  0.9724 -0.2137
Z  0.4193  0.2332  0.8774

PART 48
OFFSET -7.8386 -6.7724 -1.5206
X -0.4952 -0.0679  0.8661
Y -0.4116 -0.8596 -0.3028
Z  0.7651 -0.5064  0.3977

PART 49
OFFSET -1.8499 -5.9507 -11.9954
X -0.8054  0.0053 -0.5927
Y  0.5916  0.0678 -0.8034
Z  0.0359 -0.9977 -0.0578

PART 50
OFFSET  5.0006 -5.9962 -6.9546
X -0.8054  0.0053 -0.5927
Y  0.5477 -0.3755 -0.7477
Z -0.2265 -0.9268  0.2995

PART 51
OFFSET  5.6804 -4.9120 -5.4420
X -0.8090  0.0077 -0.5877
Y -0.0421  0.9966  0.0710
Z  0.5862  0.0821 -0.8060

PART 52
OFFSET  5.4439 -5.5841 -4.4786
X -0.8090  0.0077 -0.5877
Y -0.0421  0.9966  0.0710
Z  0.5862  0.0821 -0.8060

PART 53
OFFSET  5.6992 -6.8915 -4.6693
X -0.8090  0.0077 -0.5877
Y -0.0421  0.9966  0.0710
Z  0.5862  0.0821 -0.8060

PART 54
OFFSET  7.4698 -6.0126 -5.1376
X -0.9907  0.0353  0.1313
Y -0.1325 -0.4687 -0.8733
Z  0.0307 -0.8826  0.4691

PART 55
OFFSET  8.0307 -5.2138 -4.5465
X -0.6572 -0.7408 -0.1389
Y  0.3431 -0.1300 -0.9302
Z  0.6710 -0.6590  0.3396

PART 56
OFFSET  9.3774 -3.5655 -4.1729
X -0.7790 -0.0676  0.6233
Y -0.3929 -0.7220 -0.5694
Z  0.4886 -0.6885  0.5359

PART 57
OFFSET  10.5569 -3.4224 -5.2731
X -0.5502  0.0519  0.8334
Y -0.6199 -0.6941 -0.3660
Z  0.5595 -0.7180  0.4141

PART 58
OFFSET  11.1368 -3.4339 -6.1871
X -0.8933  0.3565  0.2738
Y  0.0782  0.7231 -0.6863
Z -0.4426 -0.5916 -0.6738

PART 59
OFFSET  8.1601 -6.3660 -6.2787
X -0.7957  0.0309  0.6049
Y  0.2514 -0.8917  0.3763
Z  0.5510  0.4515  0.7018

PART 60
OFFSET  9.9974 -6.2604 -7.5817
X -0.2033 -0.8874  0.4137
Y  0.7298 -0.4190 -0.5402
Z  0.6527  0.1921  0.7329

PART 61
OFFSET  10.2853 -5.0040 -8.1674
X  0.4908 -0.8412 -0.2269
Y  0.6084  0.5173 -0.6018
Z  0.6237  0.1573  0.7657

PART 62
OFFSET  9.8501 -4.2582 -7.9662
X  0.7494 -0.0841 -0.6567
Y -0.0697  0.9764 -0.2046
Z  0.6584  0.1991  0.7259

PART 63
OFFSET  9.1381 -4.1782 -7.3423
X -0.6247 -0.5774  0.5257
Y -0.4517  0.8164  0.3599
Z -0.6370 -0.0126 -0.7708

PART 64
OFFSET  8.4703 -6.1855 -5.6617
X -0.9000  0.0175  0.4356
Y  0.1947 -0.8780  0.4374
Z  0.3901  0.4784  0.7867

PART 65
OFFSET  10.7524 -6.3213 -6.8995
X -0.1801 -0.8359  0.5186
Y  0.7198 -0.4713 -0.5097
Z  0.6704  0.2815  0.6865

PART 66
OFFSET  11.0590 -4.8983 -7.7824
X  0.6288 -0.7064 -0.3248
Y  0.4121  0.6571 -0.6312
Z  0.6594  0.2631  0.7043

PART 67
OFFSET  10.1875 -3.9192 -7.3322
X  0.7145  0.0848 -0.6945
Y -0.2455  0.9599 -0.1354
Z  0.6552  0.2672  0.7066

PART 68
OFFSET  9.4127 -4.0111 -6.5790
X -0.4129 -0.6046  0.6811
Y -0.6385  0.7255  0.2569
Z -0.6495 -0.3288 -0.6856

PART 69
OFFSET  3.4751 -5.9424 -3.6010
X -0.8980 -0.1216  0.4229
Y -0.3224  0.8358 -0.4444
Z -0.2994 -0.5354 -0.7897

PART 70
OFFSET  11.4415 -6.1246 -4.8164
X -0.6204 -0.2812  0.7322
Y  0.4914 -0.8669  0.0834
Z  0.6113  0.4116  0.6760

PART 71
OFFSET  12.5338 -5.6295 -6.1055
X -0.5471 -0.3827  0.7444
Y  0.5970 -0.8018  0.0266
Z  0.5867  0.4590  0.6672

PART 72
OFFSET  13.2345 -5.1364 -6.9700
X -0.2420 -0.7464  0.6199
Y  0.7930 -0.5203 -0.3169
Z  0.5591  0.4149  0.7178

PART 73
OFFSET  13.5079 -4.2933 -7.6702
X -0.4798  0.8294  0.2862
Y  0.3910  0.4942 -0.7765
Z -0.7854 -0.2606 -0.5614

PART 74
OFFSET  11.1866 -6.4711 -5.8340
X -0.2813 -0.7648  0.5796
Y  0.8076 -0.5149 -0.2874
Z  0.5183  0.3873  0.7625

PART 75
OFFSET  11.7362 -4.9770 -6.9664
X  0.6428 -0.7644 -0.0504
Y  0.5405  0.4991 -0.6773
Z  0.5428  0.4081  0.7340

PART 76
OFFSET  10.7973 -3.8605 -6.8929
X  0.7778  0.0189 -0.6282
Y -0.2983  0.8909 -0.3426
Z  0.5531  0.4539  0.6986

PART 77
OFFSET  9.9122 -3.8846 -6.1866
X -0.4413 -0.6125  0.6558
Y -0.6857  0.7016  0.1938
Z -0.5788 -0.3642 -0.7296

PART 78
OFFSET  0.0000 -0.0000 -0.0000
X  1.0000 -0.0000  0.0000
Y  0.0000  1.0000  0.0000
Z  0.0000 -0.0000  1.0000

PART 79
OFFSET -0.0000 -0.0000 -0.0000
X  0.9970  0.0047 -0.0768
Y -0.0048  1.0000 -0.0013
Z  0.0768  0.0017  0.9970

PART 80
OFFSET  1.8535  0.0142  4.0052
X  0.9970  0.0047 -0.0768
Y -0.0048  1.0000 -0.0013
Z  0.0768  0.0017  0.9970


FRAME 1028
PART 0
OFFSET -4.6318 -0.0000 -1.3770
X  1.0000 -0.0000  0.0000
Y  0.0000  1.0000  0.0000
Z  0.0000 -0.0000  1.0000

PART 1
OFFSET -4.6318 -0.0000 -1.3770
X  1.0000 -0.0000  0.0000
Y  0.0000  1.0000  0.0000
Z  0.0000 -0.0000  1.0000

PART 2
OFFSET -6.7281  3.8438 -4.9859
X  0.6575  0.6575 -0.3679
Y  0.3144 -0.6832 -0.6591
Z -0.6848  0.3177 -0.6559

PART 3
OFFSET  1.2233  11.7960 -9.4356
X  0.7415 -0.6293  0.2327
Y -0.6664 -0.6501  0.3652
Z -0.0786 -0.4258 -0.9014

PART 4
OFFSET  7.5298  6.4431 -7.4565
X  0.7415 -0.6293  0.2327
Y -0.6681 -0.7247  0.1689
Z  0.0623 -0.2807 -0.9578

PART 5
OFFSET  9.3398  6.6325 -6.7089
X  0.7457 -0.6243  0.2330
Y  0.0860  0.4369  0.8954
Z -0.6608 -0.6476  0.3795

PART 6
OFFSET  9.0611  6.3101 -8.3374
X  0.7457 -0.6243  0.2330
Y  0.0860  0.4369  0.8954
Z -0.6608 -0.6476  0.3795

PART 7
OFFSET  8.0282  4.6043 -5.7589
X  0.7457 -0.6243  0.2330
Y  0.0860  0.4369  0.8954
Z -0.6608 -0.6476  0.3795

PART 8
OFFSET  7.7064  3.9625 -6.8974
X  0.7457 -0.6243  0.2330
Y  0.0860  0.4369  0.8954
Z -0.6608 -0.6476  0.3795

PART 9
OFFSET  8.0134  4.5698 -7.8837
X  0.7457 -0.6243  0.2330
Y  0.0860  0.4369  0.8954
Z -0.6608 -0.6476  0.3795

PART 10
OFFSET  9.8030  4.5138 -6.7432
X  0.6703 -0.6569  0.3452
Y -0.7326 -0.6598  0.1669
Z  0.1181 -0.3648 -0.9236

PART 11
OFFSET  9.4459  3.4317 -6.8060
X  0.2222 -0.9750  0.0047
Y -0.8333 -0.1874  0.5201
Z -0.5062 -0.1195 -0.8541

PART 12
OFFSET  9.8141  1.3024 -6.7915
X  0.6345 -0.7683  0.0843
Y -0.7528 -0.5896  0.2926
Z -0.1751 -0.2491 -0.9525

PART 13
OFFSET  10.8638  0.0694 -6.7794
X  0.2969 -0.9549  0.0082
Y -0.8821 -0.2709  0.3854
Z -0.3658 -0.1216 -0.9227

PART 14
OFFSET  11.1531 -0.9734 -6.8063
X  0.2724 -0.6826  0.6782
Y  0.3704  0.7249  0.5808
Z -0.8880  0.0930  0.4503

PART 15
OFFSET  11.1785  4.5906 -6.8165
X  0.9321 -0.3420  0.1192
Y  0.0024 -0.3233 -0.9463
Z  0.3622  0.8823 -0.3006

PART 16
OFFSET  13.2203  3.6540 -6.6209
X  0.8042 -0.5942 -0.0117
Y -0.4382 -0.5796 -0.6870
Z  0.4014  0.5576 -0.7266

PART 17
OFFSET  14.3590  2.8128 -6.6374
X  0.6071 -0.7691 -0.1997
Y -0.6536 -0.3404 -0.6760
Z  0.4519  0.5410 -0.7093

PART 18
OFFSET  14.8973  2.1309 -6.8145
X  0.2204 -0.8513 -0.4761
Y -0.8888  0.0259 -0.4576
Z  0.4019  0.5240 -0.7509

PART 19
OFFSET  15.1066  1.3221 -7.2668
X  0.3313  0.5591  0.7600
Y -0.7620  0.6336 -0.1340
Z -0.5565 -0.5348  0.6359

PART 20
OFFSET  10.8225  4.0586 -6.5006
X  0.8636 -0.4247  0.2717
Y  0.1364 -0.3220 -0.9369
Z  0.4854  0.8461 -0.2201

PART 21
OFFSET  13.0600  2.8839 -5.8906
X  0.7820 -0.6131  0.1121
Y -0.3189 -0.5481 -0.7732
Z  0.5356  0.5689 -0.6241

PART 22
OFFSET  14.3913  1.8400 -5.6997
X  0.5034 -0.8166 -0.2824
Y -0.6582 -0.1507 -0.7376
Z  0.5598  0.5572 -0.6134

PART 23
OFFSET  15.0890  0.7083 -6.0911
X  0.4670 -0.8206 -0.3295
Y -0.6876 -0.1027 -0.7188
Z  0.5560  0.5622 -0.6122

PART 24
OFFSET  15.5954 -0.1817 -6.4484
X  0.0375  0.7586  0.6504
Y -0.8542  0.3621 -0.3731
Z -0.5186 -0.5416  0.6616

PART 25
OFFSET  10.7693  1.2455 -5.9089
X  0.8052 -0.5919  0.0357
Y  0.0532  0.1321  0.9898
Z -0.5906 -0.7951  0.1379

PART 26
OFFSET  11.8183  1.5920 -4.9289
X  0.6169 -0.7609  0.2010
Y -0.0474 -0.2908 -0.9556
Z  0.7856  0.5800 -0.2155

PART 27
OFFSET  12.9045  0.2523 -4.5750
X  0.6458 -0.7635 -0.0018
Y -0.1268 -0.1049 -0.9864
Z  0.7529  0.6372 -0.1646

PART 28
OFFSET  13.6438 -0.7146 -4.5672
X  0.5392 -0.8405 -0.0538
Y -0.1833 -0.0547 -0.9815
Z  0.8220  0.5391 -0.1835

PART 29
OFFSET  14.2529 -1.6640 -4.6280
X  0.2211  0.4746  0.8520
Y -0.6742  0.7056 -0.2181
Z -0.7047 -0.5261  0.4760

PART 30
OFFSET  12.5628  2.3124 -5.3125
X  0.6653 -0.7197  0.1984
Y -0.1259 -0.3701 -0.9204
Z  0.7358  0.5874 -0.3369

PART 31
OFFSET  13.8626  0.9064 -4.9249
X  0.5431 -0.7934 -0.2751
Y -0.4582 -0.0055 -0.8888
Z  0.7036  0.6087 -0.3666

PART 32
OFFSET  14.6558 -0.2524 -5.3266
X  0.4171 -0.7596 -0.4991
Y -0.6169  0.1667 -0.7692
Z  0.6674  0.6287 -0.3991

PART 33
OFFSET  15.1333 -1.1083 -5.8942
X  0.0316  0.4357  0.8995
Y -0.6888  0.6617 -0.2964
Z -0.7243 -0.6102  0.3210

PART 34
OFFSET  12.1950  2.5324 -7.3046
X  0.4469  0.8501 -0.2786
Y -0.1181  0.3648  0.9236
Z  0.8868 -0.3798  0.2634

PART 35
OFFSET  12.3160 -5.1506 -5.2688
X  0.9543  0.0227 -0.2981
Y -0.1359  0.9211 -0.3649
Z  0.2663  0.3887  0.8821

PART 36
OFFSET  12.3160 -5.1506 -5.2688
X  0.9543  0.0227 -0.2981
Y -0.1359  0.9211 -0.3649
Z  0.2663  0.3887  0.8821

PART 37
OFFSET  15.5105 -4.8034 -5.9951
X  0.9543  0.0227 -0.2981
Y -0.2475 -0.4989 -0.8306
Z -0.1676  0.8664 -0.4705

PART 38
OFFSET  13.5876 -3.6449 -5.9364
X  0.9543  0.0227 -0.2981
Y -0.2475 -0.4989 -0.8306
Z -0.1676  0.8664 -0.4705

PART 39
OFFSET -97.9433 -47.8906  58.9796
X  0.9575  0.0050 -0.2884
Y -0.2475 -0.4989 -0.8306
Z -0.1480  0.8666 -0.4765

PART 40
OFFSET  13.6673 -4.1866 -5.6344
X  0.9575  0.0050 -0.2884
Y -0.2475 -0.4989 -0.8306
Z -0.1480  0.8666 -0.4765

PART 41
OFFSET  13.4907 -4.1899 -6.2253
X  0.9575  0.0050 -0.2884
Y -0.2475 -0.4989 -0.8306
Z -0.1480  0.8666 -0.4765

PART 42
OFFSET  13.3980 -3.6436 -6.5334
X  0.9575  0.0050 -0.2884
Y -0.2475 -0.4989 -0.8306
Z -0.1480  0.8666 -0.4765

PART 43
OFFSET  13.4877 -3.1036 -6.2318
X  0.9575  0.0050 -0.2884
Y -0.2475 -0.4989 -0.8306
Z -0.1480  0.8666 -0.4765

PART 44
OFFSET  13.6652 -3.1017 -5.6381
X  0.9575  0.0050 -0.2884
Y -0.2475 -0.4989 -0.8306
Z -0.1480  0.8666 -0.4765

PART 45
OFFSET  13.7542 -3.6418 -5.3423
X  0.9575  0.0050 -0.2884
Y -0.2475 -0.4989 -0.8306
Z -0.1480  0.8666 -0.4765

PART 46
OFFSET -96.1693 -47.8814  58.4453
X  0.9575  0.0050 -0.2884
Y -0.2475 -0.4989 -0.8306
Z -0.1480  0.8666 -0.4765

PART 47
OFFSET  12.5009 -4.5175 -4.2426
X  0.9543  0.0227 -0.2981
Y -0.1359  0.9211 -0.3649
Z  0.2663  0.3887  0.8821

PART 48
OFFSET -7.8386 -6.7724 -1.5206
X -0.5159 -0.0754  0.8533
Y -0.4660 -0.8111 -0.3534
Z  0.7188 -0.5800  0.3834

PART 49
OFFSET -1.5991 -5.8608 -11.8405
X -0.7751  0.0952 -0.6247
Y  0.6309  0.0626 -0.7733
Z -0.0345 -0.9935 -0.1086

PART 50
OFFSET  4.9931 -6.6708 -6.5274
X -0.7751  0.0952 -0.6247
Y  0.5117 -0.4854 -0.7089
Z -0.3707 -0.8691  0.3275

PART 51
OFFSET  5.6806 -5.7168 -4.9329
X -0.7787  0.0976 -0.6197
Y  0.0276  0.9922  0.1215
Z  0.6268  0.0775 -0.7753

PART 52
OFFSET  5.3521 -6.4160 -4.0169
X -0.7787  0.0976 -0.6197
Y  0.0276  0.9922  0.1215
Z  0.6268  0.0775 -0.7753

PART 53
OFFSET  5.5196 -7.7279 -4.2653
X -0.7787  0.0976 -0.6197
Y  0.0276  0.9922  0.1215
Z  0.6268  0.0775 -0.7753

PART 54
OFFSET  7.3692 -6.9627 -4.6124
X -0.9990 -0.0439 -0.0101
Y  0.0341 -0.5925 -0.8048
Z  0.0293 -0.8044  0.5934

PART 55
OFFSET  7.7736 -6.0409 -4.0748
X -0.5705 -0.8131 -0.1159
Y  0.4854 -0.2199 -0.8462
Z  0.6625 -0.5390  0.5201

PART 56
OFFSET  8.9193 -4.2344 -3.7691
X -0.8548 -0.0586  0.5157
Y -0.2479 -0.8268 -0.5049
Z  0.4560 -0.5594  0.6922

PART 57
OFFSET  10.2334 -4.1264 -4.7093
X -0.6693  0.1097  0.7349
Y -0.5038 -0.7940 -0.3403
Z  0.5461 -0.5980  0.5867

PART 58
OFFSET  10.9407 -4.2042 -5.5250
X -0.9487  0.3015  0.0955
Y  0.1224  0.6285 -0.7681
Z -0.2916 -0.7170 -0.6331

PART 59
OFFSET  8.2452 -7.3975 -5.5856
X -0.8761  0.0344  0.4809
Y  0.2613 -0.8043  0.5336
Z  0.4051  0.5932  0.6957

PART 60
OFFSET  10.2406 -7.2898 -6.6302
X -0.1929 -0.8393  0.5083
Y  0.8315 -0.4148 -0.3694
Z  0.5209  0.3514  0.7780

PART 61
OFFSET  10.5138 -6.1015 -7.3498
X  0.5823 -0.8123 -0.0327
Y  0.6486  0.4884 -0.5837
Z  0.4901  0.3187  0.8113

PART 62
OFFSET  9.9975 -5.3813 -7.3208
X  0.8422 -0.0983 -0.5301
Y -0.1139  0.9286 -0.3532
Z  0.5270  0.3579  0.7708

PART 63
OFFSET  9.1974 -5.2879 -6.8172
X -0.6489 -0.5595  0.5157
Y -0.5614  0.8095  0.1719
Z -0.5136 -0.1780 -0.8393

PART 64
OFFSET  8.4463 -7.1064 -4.9656
X -0.9529 -0.0117  0.3030
Y  0.1953 -0.7881  0.5838
Z  0.2319  0.6155  0.7533

PART 65
OFFSET  10.8893 -7.1848 -5.8509
X -0.1895 -0.7721  0.6066
Y  0.8212 -0.4633 -0.3332
Z  0.5383  0.4350  0.7218

PART 66
OFFSET  11.2119 -5.8703 -6.8837
X  0.7224 -0.6792 -0.1297
Y  0.4486  0.6032 -0.6595
Z  0.5262  0.4182  0.7404

PART 67
OFFSET  10.2107 -4.9290 -6.7039
X  0.8002  0.0597 -0.5967
Y -0.2962  0.9045 -0.3067
Z  0.5214  0.4222  0.7415

PART 68
OFFSET  9.3428 -4.9937 -6.0567
X -0.4608 -0.5448  0.7006
Y -0.7234  0.6879  0.0591
Z -0.5141 -0.4796 -0.7111

PART 69
OFFSET  3.1983 -7.0754 -3.6557
X -0.9384 -0.1503  0.3112
Y -0.3170  0.7331 -0.6017
Z -0.1377 -0.6633 -0.7356

PART 70
OFFSET  11.2469 -6.6438 -3.7456
X -0.6979 -0.2392  0.6751
Y  0.5392 -0.7959  0.2753
Z  0.4715  0.5562  0.6844

PART 71
OFFSET  12.4756 -6.2226 -4.9342
X -0.6196 -0.3305  0.7119
Y  0.6467 -0.7290  0.2244
Z  0.4448  0.5994  0.6655

PART 72
OFFSET  13.2559 -5.7844 -5.7593
X -0.2724 -0.6763  0.6844
Y  0.8688 -0.4786 -0.1272
Z  0.4136  0.5600  0.7179

PART 73
OFFSET  13.5635 -5.0205 -6.5323
X -0.5793  0.8097  0.0939
Y  0.4618  0.4210 -0.7807
Z -0.6717 -0.4089 -0.6178

PART 74
OFFSET  11.1722 -7.1470 -4.7262
X -0.3037 -0.7036  0.6424
Y  0.8784 -0.4679 -0.0971
Z  0.3689  0.5348  0.7602

PART 75
