// Export filename: `C:\projects\cod\t5\xanim_export\t5_viewmodels\python\python_dw_full_first_raise.XANIM_EXPORT`
// Source filename: `D:\projects\devanim\t5\animation_assets\viewmodels/python/ViewModel_python_DW_animated.fbx`
// Export time: Thu Aug 05 23:16:28 2010

ANIMATION
VERSION 3

NUMPARTS 94
PART 0 "tag_ads"
PART 1 "tag_torso"
PART 2 "J_Shoulder_LE"
PART 3 "J_Elbow_LE"
PART 4 "J_WristTwist_LE"
PART 5 "J_Sleave_Reshape_Bottom_LE_1"
PART 6 "J_Sleave_Reshape_Bottom_LE_2"
PART 7 "J_Sleave_Reshape_Top_LE_1"
PART 8 "J_Sleave_Reshape_Top_LE_2"
PART 9 "J_Sleave_Reshape_Top_LE_3"
PART 10 "J_Wrist_LE"
PART 11 "J_Thumb_LE_0"
PART 12 "J_Thumb_LE_1"
PART 13 "J_Thumb_LE_2"
PART 14 "J_Thumb_LE_3"
PART 15 "J_PinkyPalm_LE"
PART 16 "J_Pinky_LE_0"
PART 17 "J_Pinky_LE_1"
PART 18 "J_Pinky_LE_2"
PART 19 "J_Pinky_LE_3"
PART 20 "J_RingPalm_LE"
PART 21 "J_Ring_LE_0"
PART 22 "J_Ring_LE_1"
PART 23 "J_Ring_LE_2"
PART 24 "J_Ring_LE_3"
PART 25 "J_Webbing_LE"
PART 26 "J_Index_LE_0"
PART 27 "J_Index_LE_1"
PART 28 "J_Index_LE_2"
PART 29 "J_Index_LE_3"
PART 30 "J_Mid_LE_0"
PART 31 "J_Mid_LE_1"
PART 32 "J_Mid_LE_2"
PART 33 "J_Mid_LE_3"
PART 34 "tag_knife_attach"
PART 35 "tag_weapon"
PART 36 "J_Gun"
PART 37 "TAG_CLIP"
PART 38 "J_Bolt"
PART 39 "tag_speedloader"
PART 40 "tag_spent0"
PART 41 "tag_spent1"
PART 42 "tag_spent2"
PART 43 "tag_spent3"
PART 44 "tag_spent4"
PART 45 "tag_spent5"
PART 46 "tag_bullets"
PART 47 "J_Press_Rear"
PART 48 "tag_weapon1"
PART 49 "J_Gun1"
PART 50 "TAG_CLIP1"
PART 51 "J_Bolt1"
PART 52 "tag_speedloader1"
PART 53 "tag_spent01"
PART 54 "tag_spent11"
PART 55 "tag_spent21"
PART 56 "tag_spent31"
PART 57 "tag_spent41"
PART 58 "tag_spent51"
PART 59 "tag_bullets1"
PART 60 "J_Press_Rear1"
PART 61 "J_Shoulder_RI"
PART 62 "J_Elbow_RI"
PART 63 "J_WristTwist_RI"
PART 64 "J_Sleave_Reshape_Top_RI_3"
PART 65 "J_Sleave_Reshape_Top_RI_2"
PART 66 "J_Sleave_Reshape_Top_RI_1"
PART 67 "J_Wrist_RI"
PART 68 "J_Thumb_RI_0"
PART 69 "J_Thumb_RI_1"
PART 70 "J_Thumb_RI_2"
PART 71 "J_Thumb_RI_3"
PART 72 "J_PinkyPalm_RI"
PART 73 "J_Pinky_RI_0"
PART 74 "J_Pinky_RI_1"
PART 75 "J_Pinky_RI_2"
PART 76 "J_Pinky_RI_3"
PART 77 "J_RingPalm_RI"
PART 78 "J_Ring_RI_0"
PART 79 "J_Ring_RI_1"
PART 80 "J_Ring_RI_2"
PART 81 "J_Ring_RI_3"
PART 82 "J_Webbing_RI"
PART 83 "J_Index_RI_0"
PART 84 "J_Index_RI_1"
PART 85 "J_Index_RI_2"
PART 86 "J_Index_RI_3"
PART 87 "J_Mid_RI_0"
PART 88 "J_Mid_RI_1"
PART 89 "J_Mid_RI_2"
PART 90 "J_Mid_RI_3"
PART 91 "tag_cambone"
PART 92 "tag_camera"
PART 93 "tag_gasmask"

FRAMERATE 30
NUMFRAMES 36

FRAME 600
PART 0
OFFSET  0.0000 -0.0000 -0.0000
X  1.0000 -0.0000  0.0000
Y  0.0000  1.0000  0.0000
Z  0.0000 -0.0000  1.0000

PART 1
OFFSET -4.6318 -0.0000 -1.3770
X  1.0000 -0.0000  0.0000
Y  0.0000  1.0000  0.0000
Z  0.0000 -0.0000  1.0000

PART 2
OFFSET -9.2817  11.3680 -3.1869
X  0.4656  0.1116 -0.8779
Y  0.6597 -0.7051  0.2602
Z -0.5900 -0.7003 -0.4019

PART 3
OFFSET -3.6513  12.7181 -13.8047
X  0.7810  0.2053 -0.5898
Y  0.5644  0.1722  0.8073
Z  0.2673 -0.9634  0.0186

PART 4
OFFSET  2.9918  14.4639 -18.8211
X  0.7810  0.2053 -0.5898
Y  0.6047 -0.0129  0.7963
Z  0.1559 -0.9786 -0.1342

PART 5
OFFSET  3.2470  15.4327 -20.5143
X  0.7769  0.2069 -0.5946
Y -0.2775  0.9603 -0.0286
Z  0.5651  0.1872  0.8035

PART 6
OFFSET  3.2704  13.7522 -20.4193
X  0.7769  0.2069 -0.5946
Y -0.2775  0.9603 -0.0286
Z  0.5651  0.1872  0.8035

PART 7
OFFSET  5.1197  15.8713 -18.7717
X  0.7769  0.2069 -0.5946
Y -0.2775  0.9603 -0.0286
Z  0.5651  0.1872  0.8035

PART 8
OFFSET  5.5178  14.6116 -18.5141
X  0.7769  0.2069 -0.5946
Y -0.2775  0.9603 -0.0286
Z  0.5651  0.1872  0.8035

PART 9
OFFSET  4.8384  13.7835 -19.0509
X  0.7769  0.2069 -0.5946
Y -0.2775  0.9603 -0.0286
Z  0.5651  0.1872  0.8035

PART 10
OFFSET  5.3862  15.0931 -20.6292
X  0.5833  0.3000 -0.7548
Y  0.7691  0.0946  0.6321
Z  0.2611 -0.9492 -0.1756

PART 11
OFFSET  6.4980  14.9296 -20.4309
X  0.9714  0.1618  0.1739
Y -0.2045  0.1968  0.9589
Z  0.1209 -0.9670  0.2243

PART 12
OFFSET  8.5805  15.2445 -19.9474
X  0.9158  0.3948  0.0738
Y -0.0653 -0.0351  0.9973
Z  0.3963 -0.9181 -0.0063

PART 13
OFFSET  10.1072  15.7812 -19.8885
X  0.7498  0.1835  0.6357
Y -0.6368 -0.0606  0.7686
Z  0.1796 -0.9812  0.0714

PART 14
OFFSET  10.9154  15.9336 -19.1847
X  0.3069  0.7532  0.5818
Y -0.3788  0.6575 -0.6514
Z -0.8731 -0.0204  0.4871

PART 15
OFFSET  5.1090  15.0538 -21.9802
X -0.0571  0.1679 -0.9842
Y  0.1527 -0.9727 -0.1748
Z -0.9866 -0.1602  0.0299

PART 16
OFFSET  5.1432  15.3351 -24.2172
X -0.1638  0.0794 -0.9833
Y  0.3219 -0.9379 -0.1293
Z -0.9325 -0.3377  0.1281

PART 17
OFFSET  4.9114  15.4475 -25.6094
X -0.0338 -0.1560 -0.9872
Y  0.3190 -0.9378  0.1372
Z -0.9472 -0.3102  0.0815

PART 18
OFFSET  4.8813  15.3092 -26.4846
X  0.0435 -0.3582 -0.9326
Y  0.3813 -0.8569  0.3469
Z -0.9234 -0.3707  0.0993

PART 19
OFFSET  4.9227  14.9689 -27.3706
X -0.1391  0.8655  0.4812
Y  0.1432 -0.4633  0.8746
Z  0.9799  0.1906 -0.0595

PART 20
OFFSET  5.7120  15.3153 -21.7016
X  0.3205  0.2508 -0.9134
Y  0.2151 -0.9584 -0.1877
Z -0.9225 -0.1363 -0.3611

PART 21
OFFSET  6.0607  16.0964 -24.1566
X  0.0592  0.2005 -0.9779
Y  0.3084 -0.9354 -0.1731
Z -0.9494 -0.2913 -0.1172

PART 22
OFFSET  6.1614  16.4377 -25.8214
X  0.1371  0.0358 -0.9899
Y  0.2789 -0.9603  0.0038
Z -0.9505 -0.2766 -0.1416

PART 23
OFFSET  6.3514  16.4874 -27.1934
X  0.1834 -0.1549 -0.9708
Y  0.2486 -0.9481  0.1983
Z -0.9511 -0.2777 -0.1354

PART 24
OFFSET  6.5504  16.3194 -28.2462
X -0.3391  0.6548  0.6754
Y  0.1392 -0.6751  0.7244
Z  0.9304  0.3397  0.1378

PART 25
OFFSET  8.5456  15.6595 -22.0465
X  0.4727  0.0001 -0.8812
Y -0.0500  0.9984 -0.0268
Z  0.8798  0.0567  0.4720

PART 26
OFFSET  8.1423  16.6864 -23.0283
X  0.8007 -0.0068 -0.5990
Y  0.0865 -0.9881  0.1269
Z -0.5928 -0.1534 -0.7906

PART 27
OFFSET  9.5520  16.6744 -24.0829
X  0.7312 -0.3770 -0.5685
Y -0.2428 -0.9227  0.2996
Z -0.6375 -0.0810 -0.7661

PART 28
OFFSET  10.4797  16.2210 -24.7275
X  0.5866 -0.7677 -0.2580
Y -0.5941 -0.6244  0.5071
Z -0.5504 -0.1441 -0.8224

PART 29
OFFSET  11.1422  15.3539 -25.0190
X  0.1906  0.7730 -0.6051
Y -0.6583  0.5579  0.5054
Z  0.7282  0.3020  0.6152

PART 30
OFFSET  7.2925  16.3815 -23.6650
X  0.3046  0.1956 -0.9322
Y  0.2456 -0.9617 -0.1215
Z -0.9203 -0.1920 -0.3409

PART 31
OFFSET  7.8875  16.7636 -25.4861
X  0.3126  0.0042 -0.9499
Y  0.2131 -0.9748  0.0658
Z -0.9257 -0.2230 -0.3057

PART 32
OFFSET  8.3441  16.7697 -26.8735
X  0.2955 -0.0310 -0.9548
Y  0.2463 -0.9632  0.1075
Z -0.9230 -0.2669 -0.2770

PART 33
OFFSET  8.6721  16.7334 -27.9569
X -0.3249  0.6560  0.6812
Y -0.0705 -0.7351  0.6743
Z  0.9431  0.1710  0.2851

PART 34
OFFSET  6.9511  14.4091 -23.2837
X -0.9261 -0.1950 -0.3228
Y -0.2611  0.9492  0.1756
Z  0.2722  0.2469 -0.9300

PART 35
OFFSET  19.6867 -17.1277 -30.6525
X -0.1113  0.0091  0.9937
Y  0.1969  0.9803  0.0130
Z -0.9741  0.1971 -0.1109

PART 36
OFFSET  19.6867 -17.1277 -30.6525
X -0.1113  0.0091  0.9937
Y  0.1969  0.9803  0.0130
Z -0.9741  0.1971 -0.1109

PART 37
OFFSET  19.0164 -16.8821 -27.4365
X -0.1113  0.0091  0.9937
Y  0.1969  0.9803  0.0130
Z -0.9741  0.1971 -0.1109

PART 38
OFFSET  17.9251 -16.7907 -29.3971
X -0.1113  0.0091  0.9937
Y  0.1969  0.9803  0.0130
Z -0.9741  0.1971 -0.1109

PART 39
OFFSET -320.3348 -5.1251  0.0032
X  0.9998  0.0018 -0.0204
Y -0.0001  0.9965  0.0833
Z  0.0204 -0.0833  0.9963

PART 40
OFFSET  18.5634 -16.9352 -29.3989
X -0.0913  0.0051  0.9958
Y  0.1969  0.9803  0.0130
Z -0.9762  0.1972 -0.0905

PART 41
OFFSET  18.3669 -16.3158 -29.4190
X -0.0913  0.0051  0.9958
Y  0.1969  0.9803  0.0130
Z -0.9762  0.1972 -0.0905

PART 42
OFFSET  17.7486 -16.1841 -29.4736
X -0.0913  0.0051  0.9958
Y  0.1969  0.9803  0.0130
Z -0.9762  0.1972 -0.0905

PART 43
OFFSET  17.3211 -16.6623 -29.5091
X -0.0913  0.0051  0.9958
Y  0.1969  0.9803  0.0130
Z -0.9762  0.1972 -0.0905

PART 44
OFFSET  17.5242 -17.2740 -29.4882
X -0.0913  0.0051  0.9958
Y  0.1969  0.9803  0.0130
Z -0.9762  0.1972 -0.0905

PART 45
OFFSET  18.1353 -17.3804 -29.4345
X -0.0913  0.0051  0.9958
Y  0.1969  0.9803  0.0130
Z -0.9762  0.1972 -0.0905

PART 46
OFFSET  53.0617 -18.9469 -361.8896
X -0.0913  0.0051  0.9958
Y  0.1969  0.9803  0.0130
Z -0.9762  0.1972 -0.0905

PART 47
OFFSET  18.5662 -16.7122 -30.8976
X -0.1571  0.0184  0.9874
Y  0.1969  0.9803  0.0130
Z -0.9678  0.1964 -0.1577

PART 48
OFFSET  17.9926  14.4808 -30.7639
X  1.0000  0.0001 -0.0000
Y -0.0001  0.9975 -0.0704
Z -0.0000  0.0704  0.9975

PART 49
OFFSET  17.9926  14.4808 -30.7639
X  1.0000  0.0001 -0.0000
Y -0.0001  0.9975 -0.0704
Z -0.0000  0.0704  0.9975

PART 50
OFFSET  21.2654  14.6558 -30.4306
X  1.0000  0.0001 -0.0000
Y -0.0001  0.9975 -0.0704
Z -0.0000  0.0704  0.9975

PART 51
OFFSET  19.4392  14.5966 -29.1249
X  1.0000  0.0001 -0.0000
Y -0.0001  0.9975 -0.0704
Z -0.0000  0.0704  0.9975

PART 52
OFFSET -320.3348  5.9563  0.1364
X  0.9998 -0.0013 -0.0204
Y -0.0001  0.9975 -0.0704
Z  0.0204  0.0704  0.9973

PART 53
OFFSET  19.3710  14.5350 -29.7715
X  0.9998 -0.0013 -0.0204
Y -0.0001  0.9975 -0.0704
Z  0.0204  0.0704  0.9973

PART 54
OFFSET  19.3790  15.1140 -29.4984
X  0.9998 -0.0013 -0.0204
Y -0.0001  0.9975 -0.0704
Z  0.0204  0.0704  0.9973

PART 55
OFFSET  19.3951  15.1834 -28.8710
X  0.9998 -0.0013 -0.0204
Y -0.0001  0.9975 -0.0704
Z  0.0204  0.0704  0.9973

PART 56
OFFSET  19.4029  14.6309 -28.4868
X  0.9998 -0.0013 -0.0204
Y -0.0001  0.9975 -0.0704
Z  0.0204  0.0704  0.9973

PART 57
OFFSET  19.3951  14.0829 -28.7752
X  0.9998 -0.0013 -0.0204
Y -0.0001  0.9975 -0.0704
Z  0.0204  0.0704  0.9973

PART 58
OFFSET  19.3792  14.0234 -29.4206
X  0.9998 -0.0013 -0.0204
Y -0.0001  0.9975 -0.0704
Z  0.0204  0.0704  0.9973

PART 59
OFFSET -314.9041  15.1905 -26.9523
X  0.9998 -0.0013 -0.0204
Y -0.0001  0.9975 -0.0704
Z  0.0204  0.0704  0.9973

PART 60
OFFSET  17.8775  14.7484 -29.5793
X  0.9989  0.0034  0.0471
Y -0.0001  0.9975 -0.0704
Z -0.0472  0.0703  0.9964

PART 61
OFFSET -9.2817 -11.3680 -3.1869
X -0.4434  0.0691  0.8937
Y -0.6278 -0.7356 -0.2545
Z  0.6398 -0.6739  0.3695

PART 62
OFFSET -3.9198 -12.2039 -13.9949
X -0.8174  0.1622  0.5528
Y -0.5348  0.1433 -0.8327
Z -0.2143 -0.9763 -0.0304

PART 63
OFFSET  3.0321 -13.5839 -18.6969
X -0.8174  0.1622  0.5528
Y -0.5761 -0.2402 -0.7813
Z  0.0060 -0.9571  0.2898

PART 64
OFFSET  5.0351 -12.9934 -18.8428
X -0.8136  0.1641  0.5579
Y  0.2243  0.9737  0.0408
Z -0.5365  0.1583 -0.8289

PART 65
OFFSET  5.7879 -13.6139 -18.2437
X -0.8136  0.1641  0.5579
Y  0.2243  0.9737  0.0408
Z -0.5365  0.1583 -0.8289

PART 66
OFFSET  5.3519 -14.8576 -18.7010
X -0.8136  0.1641  0.5579
Y  0.2243  0.9737  0.0408
Z -0.5365  0.1583 -0.8289

PART 67
OFFSET  5.5379 -14.0813 -20.3917
X -0.6634  0.2885  0.6905
Y -0.7437 -0.1524 -0.6509
Z -0.0825 -0.9453  0.3157

PART 68
OFFSET  6.5879 -13.6759 -20.2037
X -0.9692 -0.2404 -0.0534
Y  0.1334 -0.3302 -0.9344
Z  0.2070 -0.9128  0.3521

PART 69
OFFSET  8.6545 -13.0734 -20.0148
X -0.9791  0.0637  0.1930
Y -0.1953 -0.5579 -0.8066
Z  0.0563 -0.8275  0.5587

PART 70
OFFSET  10.2172 -13.1169 -20.4371
X -0.9454 -0.2793 -0.1678
Y  0.2779 -0.4228 -0.8626
Z  0.1699 -0.8621  0.4773

PART 71
OFFSET  11.2271 -12.7683 -20.2628
X -0.7498  0.2605 -0.6082
Y  0.3337  0.9427 -0.0076
Z  0.5714 -0.2086 -0.7937

PART 72
OFFSET  5.3195 -14.2976 -21.7367
X -0.0611  0.3805  0.9228
Y -0.0079 -0.9247  0.3807
Z  0.9981  0.0159  0.0595

PART 73
OFFSET  5.6031 -15.0368 -23.8480
X -0.0287  0.3129  0.9494
Y -0.3085 -0.9062  0.2893
Z  0.9508 -0.2846  0.1226

PART 74
OFFSET  5.6438 -15.4798 -25.1921
X -0.1049  0.2334  0.9667
Y -0.2761 -0.9407  0.1972
Z  0.9554 -0.2463  0.1631

PART 75
OFFSET  5.7368 -15.6867 -26.0492
X -0.1580  0.0547  0.9859
Y -0.3153 -0.9490  0.0021
Z  0.9357 -0.3106  0.1671

PART 76
OFFSET  5.8869 -15.7386 -26.9859
X  0.1835  0.5988 -0.7796
Y -0.0181 -0.7908 -0.6118
Z -0.9829  0.1264 -0.1342

PART 77
OFFSET  5.9482 -14.3917 -21.4119
X -0.3768  0.3845  0.8427
Y -0.0662 -0.9186  0.3895
Z  0.9239  0.0910  0.3716

PART 78
OFFSET  6.7874 -15.4235 -23.6456
X -0.0546  0.4375  0.8976
Y -0.3378 -0.8540  0.3957
Z  0.9396 -0.2816  0.1944

PART 79
OFFSET  6.8804 -16.1683 -25.1737
X -0.1765  0.1622  0.9708
Y -0.2899 -0.9512  0.1062
Z  0.9407 -0.2627  0.2149

PART 80
OFFSET  7.1250 -16.3931 -26.5192
X -0.1963  0.0730  0.9778
Y -0.2727 -0.9619  0.0171
Z  0.9419 -0.2633  0.2087

PART 81
OFFSET  7.3379 -16.4723 -27.5797
X  0.3629  0.4767 -0.8006
Y -0.1512 -0.8177 -0.5554
Z -0.9195  0.3226 -0.2247

PART 82
OFFSET  3.3616 -13.2585 -16.7985
X -0.5033  0.0381  0.8633
Y -0.1429  0.9816 -0.1266
Z -0.8522 -0.1871 -0.4886

PART 83
OFFSET  8.6530 -15.4417 -22.4738
X -0.5819 -0.3118  0.7511
Y  0.0129 -0.9270 -0.3748
Z  0.8131 -0.2085  0.5435

PART 84
OFFSET  9.6775 -14.8928 -23.7963
X -0.4334 -0.8050  0.4051
Y  0.3869 -0.5722 -0.7231
Z  0.8139 -0.1567  0.5595

PART 85
OFFSET  10.2538 -13.9237 -24.2548
X -0.3625 -0.9215  0.1394
Y  0.4955 -0.3172 -0.8086
Z  0.7894 -0.2240  0.5716

PART 86
OFFSET  10.6633 -12.8828 -24.4123
X -0.1072  0.5234  0.8453
Y  0.3851  0.8058 -0.4500
Z -0.9166  0.2772 -0.2879

PART 87
OFFSET  7.7902 -15.4067 -23.1629
X -0.2934  0.3813  0.8766
Y -0.2160 -0.9197  0.3277
Z  0.9312 -0.0932  0.3523

PART 88
OFFSET  8.3634 -16.1516 -24.8755
X -0.3046  0.1478  0.9410
Y -0.1644 -0.9812  0.1009
Z  0.9382 -0.1240  0.3232

PART 89
OFFSET  8.8083 -16.3676 -26.2499
X -0.3181 -0.0629  0.9460
Y -0.1504 -0.9818 -0.1159
Z  0.9360 -0.1791  0.3029

PART 90
OFFSET  9.1619 -16.2957 -27.3235
X  0.2801  0.6868 -0.6707
Y  0.1593 -0.7222 -0.6731
Z -0.9467  0.0817 -0.3117

PART 91
OFFSET  0.0000 -0.0000 -0.0000
X  1.0000 -0.0000  0.0000
Y  0.0000  1.0000  0.0000
Z  0.0000 -0.0000  1.0000

PART 92
OFFSET  0.0000 -0.0000 -0.0000
X  1.0000 -0.0000  0.0000
Y  0.0000  1.0000  0.0000
Z  0.0000 -0.0000  1.0000

PART 93
OFFSET  1.5404 -0.0000  4.1357
X  1.0000 -0.0000  0.0000
Y  0.0000  1.0000  0.0000
Z  0.0000 -0.0000  1.0000


FRAME 601
PART 0
OFFSET  0.0000 -0.0000 -0.0000
X  1.0000 -0.0000  0.0000
Y  0.0000  1.0000  0.0000
Z  0.0000 -0.0000  1.0000

PART 1
OFFSET -4.6318 -0.0000 -1.3770
X  1.0000 -0.0000  0.0000
Y  0.0000  1.0000  0.0000
Z  0.0000 -0.0000  1.0000

PART 2
OFFSET -9.0678  11.3680 -3.2800
X  0.4714  0.1105 -0.8750
Y  0.6614 -0.7005  0.2679
Z -0.5833 -0.7050 -0.4033

PART 3
OFFSET -3.3663  12.7041 -13.8616
X  0.7888  0.2084 -0.5783
Y  0.5512  0.1768  0.8155
Z  0.2722 -0.9619  0.0246

PART 4
OFFSET  3.3425  14.4764 -18.7803
X  0.7888  0.2084 -0.5783
Y  0.5943 -0.0180  0.8041
Z  0.1572 -0.9779 -0.1380

PART 5
OFFSET  3.6181  15.4434 -20.4713
X  0.7847  0.2100 -0.5832
Y -0.2823  0.9587 -0.0347
Z  0.5518  0.1919  0.8116

PART 6
OFFSET  3.6492  13.7632 -20.3726
X  0.7847  0.2100 -0.5832
Y -0.2823  0.9587 -0.0347
Z  0.5518  0.1919  0.8116

PART 7
OFFSET  5.4618  15.8955 -18.7014
X  0.7847  0.2100 -0.5832
Y -0.2823  0.9587 -0.0347
Z  0.5518  0.1919  0.8116

PART 8
OFFSET  5.8628  14.6386 -18.4352
X  0.7847  0.2100 -0.5832
Y -0.2823  0.9587 -0.0347
Z  0.5518  0.1919  0.8116

PART 9
OFFSET  5.1960  13.8057 -18.9806
X  0.7847  0.2100 -0.5832
Y -0.2823  0.9587 -0.0347
Z  0.5518  0.1919  0.8116

PART 10
OFFSET  5.7606  15.1152 -20.5531
X  0.5780  0.2949 -0.7609
Y  0.7748  0.0946  0.6251
Z  0.2563 -0.9508 -0.1738

PART 11
OFFSET  6.8735  14.9487 -20.3635
X  0.9734  0.1591  0.1650
Y -0.1957  0.2015  0.9597
Z  0.1195 -0.9665  0.2273

PART 12
OFFSET  8.9611  15.2584 -19.8989
X  0.9177  0.3919  0.0644
Y -0.0569 -0.0307  0.9979
Z  0.3931 -0.9195 -0.0058

PART 13
OFFSET  10.4901  15.7900 -19.8551
X  0.7558  0.1835  0.6285
Y -0.6305 -0.0552  0.7742
Z  0.1768 -0.9815  0.0740

PART 14
OFFSET  11.3048  15.9426 -19.1588
X  0.3144  0.7546  0.5760
Y -0.3820  0.6561 -0.6509
Z -0.8690 -0.0154  0.4946

PART 15
OFFSET  5.4719  15.0713 -21.9015
X -0.0648  0.1640 -0.9843
Y  0.1478 -0.9739 -0.1720
Z -0.9869 -0.1567  0.0389

PART 16
OFFSET  5.4882  15.3432 -24.1399
X -0.1718  0.0759 -0.9822
Y  0.3176 -0.9395 -0.1281
Z -0.9325 -0.3339  0.1373

PART 17
OFFSET  5.2449  15.4506 -25.5305
X -0.0427 -0.1599 -0.9862
Y  0.3169 -0.9383  0.1384
Z -0.9475 -0.3066  0.0908

PART 18
OFFSET  5.2070  15.3088 -26.4049
X  0.0344 -0.3622 -0.9315
Y  0.3813 -0.8568  0.3472
Z -0.9238 -0.3671  0.1087

PART 19
OFFSET  5.2397  14.9647 -27.2898
X -0.1320  0.8680  0.4787
Y  0.1490 -0.4601  0.8753
Z  0.9800  0.1869 -0.0686

PART 20
OFFSET  6.0781  15.3318 -21.6291
X  0.3136  0.2459 -0.9172
Y  0.2102 -0.9599 -0.1855
Z -0.9260 -0.1346 -0.3527

PART 21
OFFSET  6.4087  16.1015 -24.0902
X  0.0516  0.1962 -0.9792
Y  0.3037 -0.9372 -0.1718
Z -0.9514 -0.2885 -0.1079

PART 22
OFFSET  6.4966  16.4356 -25.7573
X  0.1288  0.0313 -0.9912
Y  0.2756 -0.9612  0.0055
Z -0.9526 -0.2739 -0.1324

PART 23
OFFSET  6.6751  16.4789 -27.1310
X  0.1747 -0.1596 -0.9716
Y  0.2471 -0.9481  0.2001
Z -0.9531 -0.2750 -0.1262

PART 24
OFFSET  6.8645  16.3059 -28.1847
X -0.3311  0.6588  0.6755
Y  0.1430 -0.6726  0.7260
Z  0.9327  0.3370  0.1285

PART 25
OFFSET  8.9099  15.6648 -21.9994
X  0.4652 -0.0052 -0.8852
Y -0.0468  0.9984 -0.0305
Z  0.8839  0.0556  0.4643

PART 26
OFFSET  8.5018  16.6890 -22.9820
X  0.7956 -0.0121 -0.6057
Y  0.0842 -0.9879  0.1303
Z -0.6000 -0.1547 -0.7849

PART 27
OFFSET  9.9025  16.6677 -24.0484
X  0.7234 -0.3881 -0.5710
Y -0.2485 -0.9180  0.3091
Z -0.6442 -0.0817 -0.7605

PART 28
OFFSET  10.8211  16.2008 -24.6964
X  0.5778 -0.7749 -0.2562
Y -0.5956 -0.6149  0.5168
Z -0.5580 -0.1460 -0.8169

PART 29
OFFSET  11.4737  15.3255 -24.9858
X  0.1926  0.7663 -0.6129
Y -0.6494  0.5678  0.5058
Z  0.7357  0.3006  0.6070

PART 30
OFFSET  7.6456  16.3844 -23.6102
X  0.2973  0.1907 -0.9355
Y  0.2413 -0.9631 -0.1196
Z -0.9238 -0.1902 -0.3323

PART 31
OFFSET  8.2265  16.7569 -25.4378
X  0.3046 -0.0008 -0.9525
Y  0.2103 -0.9753  0.0681
Z -0.9290 -0.2210 -0.2969

PART 32
OFFSET  8.6714  16.7556 -26.8290
X  0.2873 -0.0360 -0.9572
Y  0.2439 -0.9636  0.1094
Z -0.9263 -0.2649 -0.2681

PART 33
OFFSET  8.9901  16.7137 -27.9151
X -0.3169  0.6600  0.6812
Y -0.0674 -0.7320  0.6779
Z  0.9461  0.1689  0.2764

PART 34
OFFSET  7.3006  14.4148 -23.2178
X -0.9295 -0.1931 -0.3142
Y -0.2563  0.9508  0.1738
Z  0.2652  0.2421 -0.9333

PART 35
OFFSET  19.6399 -17.1236 -30.5177
X -0.1006  0.0083  0.9949
Y  0.1970  0.9803  0.0118
Z -0.9752  0.1972 -0.1003

PART 36
OFFSET  19.6399 -17.1236 -30.5177
X -0.1006  0.0083  0.9949
Y  0.1970  0.9803  0.0118
Z -0.9752  0.1972 -0.1003

PART 37
OFFSET  19.0040 -16.8808 -27.2945
X -0.1006  0.0083  0.9949
Y  0.1970  0.9803  0.0118
Z -0.9752  0.1972 -0.1003

PART 38
OFFSET  17.8919 -16.7877 -29.2432
X -0.1006  0.0083  0.9949
Y  0.1970  0.9803  0.0118
Z -0.9752  0.1972 -0.1003

PART 39
OFFSET -320.3348 -5.1251  0.0032
X  0.9998  0.0018 -0.0204
Y -0.0001  0.9965  0.0833
Z  0.0204 -0.0833  0.9963

PART 40
OFFSET  18.5301 -16.9322 -29.2520
X -0.0807  0.0042  0.9967
Y  0.1970  0.9803  0.0118
Z -0.9771  0.1973 -0.0799

PART 41
OFFSET  18.3334 -16.3128 -29.2694
X -0.0807  0.0042  0.9967
Y  0.1970  0.9803  0.0118
Z -0.9771  0.1973 -0.0799

PART 42
OFFSET  17.7145 -16.1810 -29.3173
X -0.0807  0.0042  0.9967
Y  0.1970  0.9803  0.0118
Z -0.9771  0.1973 -0.0799

PART 43
OFFSET  17.2867 -16.6592 -29.3486
X -0.0807  0.0042  0.9967
Y  0.1970  0.9803  0.0118
Z -0.9771  0.1973 -0.0799

PART 44
OFFSET  17.4900 -17.2709 -29.3305
X -0.0807  0.0042  0.9967
Y  0.1970  0.9803  0.0118
Z -0.9771  0.1973 -0.0799

PART 45
OFFSET  18.1017 -17.3774 -29.2833
X -0.0807  0.0042  0.9967
Y  0.1970  0.9803  0.0118
Z -0.9771  0.1973 -0.0799

PART 46
OFFSET  49.4690 -18.6515 -362.0944
X -0.0807  0.0042  0.9967
Y  0.1970  0.9803  0.0118
Z -0.9771  0.1973 -0.0799

PART 47
OFFSET  18.5169 -16.7078 -30.7504
X -0.1466  0.0176  0.9890
Y  0.1970  0.9803  0.0118
Z -0.9694  0.1966 -0.1471

PART 48
OFFSET  18.2811  14.4012 -32.9117
X  0.9638  0.0189  0.2659
Y -0.0001  0.9975 -0.0704
Z -0.2666  0.0678  0.9614

PART 49
OFFSET  18.2811  14.4012 -32.9117
X  0.9638  0.0189  0.2659
Y -0.0001  0.9975 -0.0704
Z -0.2666  0.0678  0.9614

PART 50
OFFSET  21.3435  14.6367 -31.7206
X  0.9638  0.0189  0.2659
Y -0.0001  0.9975 -0.0704
Z -0.2666  0.0678  0.9614

PART 51
OFFSET  19.2373  14.5399 -30.9473
X  0.9638  0.0189  0.2659
Y -0.0001  0.9975 -0.0704
Z -0.2666  0.0678  0.9614

PART 52
OFFSET -320.3348  5.9563  0.1364
X  0.9998 -0.0013 -0.0204
Y -0.0001  0.9975 -0.0704
Z  0.0204  0.0704  0.9973

PART 53
OFFSET  19.3446  14.4787 -31.5887
X  0.9691  0.0175  0.2462
Y -0.0001  0.9975 -0.0704
Z -0.2468  0.0682  0.9667

PART 54
OFFSET  19.2689  15.0571 -31.3248
X  0.9691  0.0175  0.2462
Y -0.0001  0.9975 -0.0704
Z -0.2468  0.0682  0.9667

PART 55
OFFSET  19.1162  15.1251 -30.7158
X  0.9691  0.0175  0.2462
Y -0.0001  0.9975 -0.0704
Z -0.2468  0.0682  0.9667

PART 56
OFFSET  19.0320  14.5720 -30.3419
X  0.9691  0.0175  0.2462
Y -0.0001  0.9975 -0.0704
Z -0.2468  0.0682  0.9667

PART 57
OFFSET  19.1114  14.0247 -30.6207
X  0.9691  0.0175  0.2462
Y -0.0001  0.9975 -0.0704
Z -0.2468  0.0682  0.9667

PART 58
OFFSET  19.2689  13.9665 -31.2470
X  0.9691  0.0175  0.2462
Y -0.0001  0.9975 -0.0704
Z -0.2468  0.0682  0.9667

PART 59
OFFSET -303.5961  8.8546 -117.7619
X  0.9691  0.0175  0.2462
Y -0.0001  0.9975 -0.0704
Z -0.2468  0.0682  0.9667

PART 60
OFFSET  17.8501  14.6636 -31.8011
X  0.9501  0.0220  0.3110
Y -0.0001  0.9975 -0.0704
Z -0.3118  0.0669  0.9478

PART 61
OFFSET -9.0202 -11.3680 -3.2940
X -0.4245  0.0632  0.9032
Y -0.6387 -0.7280 -0.2493
Z  0.6418 -0.6827  0.3493

PART 62
OFFSET -3.8867 -12.1319 -14.2177
X -0.8323  0.1707  0.5275
Y -0.5077  0.1476 -0.8488
Z -0.2227 -0.9742 -0.0362

PART 63
OFFSET  3.1920 -13.5836 -18.7040
X -0.8323  0.1707  0.5275
Y -0.5544 -0.2555 -0.7921
Z -0.0004 -0.9516  0.3073

PART 64
OFFSET  5.2041 -13.0125 -18.7891
X -0.8286  0.1725  0.5326
Y  0.2323  0.9715  0.0468
Z -0.5094  0.1626 -0.8451

PART 65
OFFSET  5.9322 -13.6396 -18.1667
X -0.8286  0.1725  0.5326
Y  0.2323  0.9715  0.0468
Z -0.5094  0.1626 -0.8451

PART 66
OFFSET  5.4985 -14.8795 -18.6361
X -0.8286  0.1725  0.5326
Y  0.2323  0.9715  0.0468
Z -0.5094  0.1626 -0.8451

PART 67
OFFSET  5.7434 -14.1068 -20.3210
X -0.6585  0.2928  0.6933
Y -0.7485 -0.1599 -0.6435
Z -0.0775 -0.9427  0.3245

PART 68
OFFSET  6.7938 -13.6971 -20.1451
X -0.9690 -0.2433 -0.0435
Y  0.1267 -0.3380 -0.9326
Z  0.2122 -0.9092  0.3583

PART 69
OFFSET  8.8604 -13.0879 -19.9781
X -0.9777  0.0629  0.2003
Y -0.2003 -0.5654 -0.8001
Z  0.0629 -0.8224  0.5654

PART 70
OFFSET  10.4198 -13.1311 -20.4125
X -0.9460 -0.2831 -0.1577
Y  0.2721 -0.4296 -0.8611
Z  0.1760 -0.8575  0.4834

PART 71
OFFSET  11.4301 -12.7784 -20.2494
X -0.7553  0.2533 -0.6044
Y  0.3312  0.9434 -0.0184
Z  0.5655 -0.2141 -0.7965

PART 72
OFFSET  5.5148 -14.3354 -21.6623
X -0.0547  0.3883  0.9199
Y -0.0025 -0.9213  0.3888
Z  0.9985  0.0190  0.0513

PART 73
OFFSET  5.7834 -15.0921 -23.7693
X -0.0218  0.3210  0.9468
Y -0.3038 -0.9044  0.2996
Z  0.9525 -0.2811  0.1173

PART 74
OFFSET  5.8143 -15.5466 -25.1098
X -0.0976  0.2415  0.9655
Y -0.2721 -0.9396  0.2076
Z  0.9573 -0.2424  0.1574

PART 75
OFFSET  5.9008 -15.7608 -25.9658
X -0.1501  0.0628  0.9867
Y -0.3129 -0.9497  0.0129
Z  0.9379 -0.3068  0.1622

PART 76
OFFSET  6.0434 -15.8204 -26.9032
X  0.1756  0.5925 -0.7862
Y -0.0211 -0.7961 -0.6047
Z -0.9842  0.1228 -0.1273

PART 77
OFFSET  6.1463 -14.4251 -21.3417
X -0.3710  0.3909  0.8424
Y -0.0607 -0.9154  0.3980
Z  0.9266  0.0965  0.3633

PART 78
OFFSET  6.9702 -15.4741 -23.5732
X -0.0484  0.4451  0.8942
Y -0.3324 -0.8514  0.4058
Z  0.9419 -0.2775  0.1892

PART 79
OFFSET  7.0527 -16.2319 -25.0955
X -0.1690  0.1702  0.9708
Y -0.2866 -0.9509  0.1168
Z  0.9430 -0.2585  0.2095

PART 80
OFFSET  7.2869 -16.4677 -26.4410
X -0.1885  0.0810  0.9787
Y -0.2701 -0.9624  0.0276
Z  0.9442 -0.2592  0.2033

PART 81
OFFSET  7.4914 -16.5556 -27.5024
X  0.3552  0.4706 -0.8077
Y -0.1536 -0.8229 -0.5471
Z -0.9221  0.3184 -0.2200

PART 82
OFFSET  3.5940 -13.2583 -16.7176
X -0.4964  0.0443  0.8670
Y -0.1465  0.9801 -0.1339
Z -0.8556 -0.1935 -0.4800

PART 83
OFFSET  8.8452 -15.4774 -22.4163
X -0.5753 -0.3031  0.7597
Y  0.0148 -0.9325 -0.3608
Z  0.8178 -0.1963  0.5409

PART 84
OFFSET  9.8580 -14.9438 -23.7540
X -0.4241 -0.8048  0.4153
Y  0.3877 -0.5757 -0.7199
Z  0.8185 -0.1443  0.5561

PART 85
OFFSET  10.4233 -13.9741 -24.2250
X -0.3505 -0.9252  0.1451
Y  0.4958 -0.3148 -0.8094
Z  0.7946 -0.2118  0.5690

PART 86
OFFSET  10.8192 -12.9290 -24.3889
X -0.1099  0.5258  0.8435
Y  0.3732  0.8084 -0.4553
Z -0.9212  0.2647 -0.2851

PART 87
OFFSET  7.9768 -15.4506 -23.0987
X -0.2908  0.3884  0.8744
Y -0.2109 -0.9174  0.3374
Z  0.9333 -0.0863  0.3487

PART 88
OFFSET  8.5449 -16.2094 -24.8069
X -0.3007  0.1555  0.9410
Y -0.1601 -0.9808  0.1109
Z  0.9402 -0.1173  0.3198

PART 89
OFFSET  8.9840 -16.4365 -26.1813
X -0.3134 -0.0553  0.9480
Y -0.1471 -0.9834 -0.1060
Z  0.9382 -0.1726  0.3001

PART 90
OFFSET  9.3322 -16.3734 -27.2572
X  0.2743  0.6815 -0.6784
Y  0.1589 -0.7279 -0.6670
Z -0.9484  0.0752 -0.3079

PART 91
OFFSET  0.0000 -0.0000 -0.0000
X  1.0000 -0.0000  0.0000
Y  0.0000  1.0000  0.0000
Z  0.0000 -0.0000  1.0000

PART 92
OFFSET  0.0000 -0.0000 -0.0000
X  1.0000 -0.0000  0.0000
Y  0.0000  1.0000  0.0000
Z  0.0000 -0.0000  1.0000

PART 93
OFFSET  1.5404 -0.0000  4.1357
X  1.0000 -0.0000  0.0000
Y  0.0000  1.0000  0.0000
Z  0.0000 -0.0000  1.0000


FRAME 602
PART 0
OFFSET  0.0000 -0.0000 -0.0000
X  1.0000 -0.0000  0.0000
Y  0.0000  1.0000  0.0000
Z  0.0000 -0.0000  1.0000

PART 1
OFFSET -4.6318 -0.0000 -1.3770
X  1.0000 -0.0000  0.0000
Y  0.0000  1.0000  0.0000
Z  0.0000 -0.0000  1.0000

PART 2
OFFSET -8.4947  11.3680 -3.5296
X  0.4891  0.1069 -0.8657
Y  0.6654 -0.6874  0.2911
Z -0.5640 -0.7183 -0.4073

PART 3
OFFSET -2.5797  12.6605 -13.9988
X  0.8087  0.2168 -0.5469
Y  0.5144  0.1904  0.8361
Z  0.2854 -0.9575  0.0425

PART 4
OFFSET  4.2983  14.5043 -18.6503
X  0.8087  0.2168 -0.5469
Y  0.5654 -0.0296  0.8243
Z  0.1625 -0.9758 -0.1465

PART 5
OFFSET  4.6287  15.4646 -20.3354
X  0.8048  0.2183 -0.5520
Y -0.2950  0.9540 -0.0529
Z  0.5150  0.2055  0.8322

PART 6
OFFSET  4.6810  13.7857 -20.2237
X  0.8048  0.2183 -0.5520
Y -0.2950  0.9540 -0.0529
Z  0.5150  0.2055  0.8322

PART 7
OFFSET  6.3910  15.9562 -18.4945
X  0.8048  0.2183 -0.5520
Y -0.2950  0.9540 -0.0529
Z  0.5150  0.2055  0.8322

PART 8
OFFSET  6.7996  14.7073 -18.2033
X  0.8048  0.2183 -0.5520
Y -0.2950  0.9540 -0.0529
Z  0.5150  0.2055  0.8322

PART 9
OFFSET  6.1685  13.8608 -18.7697
X  0.8048  0.2183 -0.5520
Y -0.2950  0.9540 -0.0529
Z  0.5150  0.2055  0.8322

PART 10
OFFSET  6.7774  15.1688 -20.3268
X  0.5649  0.2804 -0.7760
Y  0.7883  0.0944  0.6080
Z  0.2438 -0.9552 -0.1677

PART 11
OFFSET  7.8924  14.9939 -20.1580
X  0.9780  0.1517  0.1432
Y -0.1740  0.2146  0.9611
Z  0.1151 -0.9649  0.2363

PART 12
OFFSET  9.9919  15.2890 -19.7399
X  0.9225  0.3838  0.0410
Y -0.0367 -0.0185  0.9992
Z  0.3843 -0.9232 -0.0029

PART 13
OFFSET  11.5263  15.8063 -19.7337
X  0.7702  0.1836  0.6107
Y -0.6149 -0.0401  0.7876
Z  0.1691 -0.9822  0.0821

PART 14
OFFSET  12.3566  15.9592 -19.0561
X  0.3333  0.7582  0.5604
Y -0.3892  0.6520 -0.6507
Z -0.8588 -0.0013  0.5124

PART 15
OFFSET  6.4607  15.1119 -21.6684
X -0.0835  0.1531 -0.9847
Y  0.1352 -0.9773 -0.1634
Z -0.9873 -0.1467  0.0609

PART 16
OFFSET  6.4335  15.3574 -23.9098
X -0.1913  0.0660 -0.9793
Y  0.3061 -0.9440 -0.1234
Z -0.9326 -0.3233  0.1603

PART 17
OFFSET  6.1627  15.4508 -25.2963
X -0.0645 -0.1711 -0.9831
Y  0.3109 -0.9396  0.1431
Z -0.9483 -0.2964  0.1138

PART 18
OFFSET  6.1056  15.2992 -26.1680
X  0.0118 -0.3734 -0.9276
Y  0.3803 -0.8563  0.3495
Z -0.9248 -0.3569  0.1319

PART 19
OFFSET  6.1168  14.9444 -27.0492
X -0.1141  0.8747  0.4710
Y  0.1626 -0.4512  0.8775
Z  0.9801  0.1767 -0.0908

PART 20
OFFSET  7.0748  15.3697 -21.4116
X  0.2970  0.2321 -0.9262
Y  0.1973 -0.9640 -0.1783
Z -0.9343 -0.1298 -0.3321

PART 21
OFFSET  7.3620  16.1074 -23.8879
X  0.0333  0.1842 -0.9823
Y  0.2913 -0.9420 -0.1668
Z -0.9560 -0.2806 -0.0850

PART 22
OFFSET  7.4186  16.4210 -25.5603
X  0.1087  0.0184 -0.9939
Y  0.2667 -0.9637  0.0113
Z -0.9576 -0.2663 -0.1097

PART 23
OFFSET  7.5693  16.4466 -26.9378
X  0.1532 -0.1726 -0.9730
Y  0.2422 -0.9480  0.2063
Z -0.9580 -0.2673 -0.1034

PART 24
OFFSET  7.7354  16.2594 -27.9930
X -0.3110  0.6698  0.6743
Y  0.1516 -0.6654  0.7309
Z  0.9382  0.3295  0.1054

PART 25
OFFSET  9.9013  15.6712 -21.8436
X  0.4469 -0.0200 -0.8944
Y -0.0381  0.9984 -0.0414
Z  0.8938  0.0526  0.4454

PART 26
OFFSET  9.4827  16.6877 -22.8298
X  0.7828 -0.0268 -0.6217
Y  0.0776 -0.9871  0.1403
Z -0.6174 -0.1581 -0.7706

PART 27
OFFSET  10.8610  16.6405 -23.9243
X  0.7031 -0.4185 -0.5749
Y -0.2644 -0.9043  0.3351
Z -0.6602 -0.0836 -0.7465

PART 28
OFFSET  11.7558  16.1367 -24.5779
X  0.5543 -0.7944 -0.2485
Y -0.6002 -0.5883  0.5419
Z -0.5767 -0.1513 -0.8029

PART 29
OFFSET  12.3819  15.2395 -24.8585
X  0.1992  0.7471 -0.6341
Y -0.6261  0.5948  0.5042
Z  0.7539  0.2966  0.5862

PART 30
OFFSET  8.6110  16.3840 -23.4367
X  0.2798  0.1768 -0.9436
Y  0.2298 -0.9667 -0.1130
Z -0.9322 -0.1852 -0.3111

PART 31
OFFSET  9.1576  16.7294 -25.2801
X  0.2849 -0.0149 -0.9584
Y  0.2025 -0.9764  0.0754
Z -0.9369 -0.2156 -0.2752

PART 32
OFFSET  9.5738  16.7077 -26.6800
X  0.2672 -0.0499 -0.9623
Y  0.2371 -0.9646  0.1159
Z -0.9340 -0.2591 -0.2459

PART 33
OFFSET  9.8697  16.6499 -27.7718
X -0.2966  0.6709  0.6796
Y -0.0603 -0.7234  0.6878
Z  0.9531  0.1631  0.2550

PART 34
OFFSET  8.2558  14.4225 -23.0140
X -0.9375 -0.1879 -0.2928
Y -0.2438  0.9552  0.1677
Z  0.2482  0.2286 -0.9414

PART 35
OFFSET  19.5293 -17.1057 -30.1265
X -0.0747  0.0061  0.9972
Y  0.1973  0.9803  0.0087
Z -0.9775  0.1974 -0.0744

PART 36
OFFSET  19.5293 -17.1057 -30.1265
X -0.0747  0.0061  0.9972
Y  0.1973  0.9803  0.0087
Z -0.9775  0.1974 -0.0744

PART 37
OFFSET  18.9777 -16.8698 -26.8873
X -0.0747  0.0061  0.9972
Y  0.1973  0.9803  0.0087
Z -0.9775  0.1974 -0.0744

PART 38
OFFSET  17.8152 -16.7726 -28.8062
X -0.0747  0.0061  0.9972
Y  0.1973  0.9803  0.0087
Z -0.9775  0.1974 -0.0744

PART 39
OFFSET -320.3348 -5.1251  0.0032
X  0.9998  0.0018 -0.0204
Y -0.0001  0.9965  0.0833
Z  0.0204 -0.0833  0.9963

PART 40
OFFSET  18.4529 -16.9170 -28.8319
X -0.0547  0.0021  0.9985
Y  0.1973  0.9803  0.0087
Z -0.9788  0.1974 -0.0540

PART 41
OFFSET  18.2558 -16.2976 -28.8429
X -0.0547  0.0021  0.9985
Y  0.1973  0.9803  0.0087
Z -0.9788  0.1974 -0.0540

PART 42
OFFSET  17.6359 -16.1658 -28.8743
X -0.0547  0.0021  0.9985
Y  0.1973  0.9803  0.0087
Z -0.9788  0.1974 -0.0540

PART 43
OFFSET  17.2074 -16.6439 -28.8955
X -0.0547  0.0021  0.9985
Y  0.1973  0.9803  0.0087
Z -0.9788  0.1974 -0.0540

PART 44
OFFSET  17.4111 -17.2556 -28.8840
X -0.0547  0.0021  0.9985
Y  0.1973  0.9803  0.0087
Z -0.9788  0.1974 -0.0540

PART 45
OFFSET  18.0238 -17.3622 -28.8531
X -0.0547  0.0021  0.9985
Y  0.1973  0.9803  0.0087
Z -0.9788  0.1974 -0.0540

PART 46
OFFSET  40.7111 -17.9233 -362.3702
X -0.0547  0.0021  0.9985
Y  0.1973  0.9803  0.0087
Z -0.9788  0.1974 -0.0540

PART 47
OFFSET  18.4007 -16.6895 -30.3290
X -0.1207  0.0154  0.9926
Y  0.1973  0.9803  0.0087
Z -0.9729  0.1968 -0.1214

PART 48
OFFSET  19.5662  14.9805 -30.0551
X -0.1117 -0.1089  0.9878
Y -0.0022  0.9940  0.1094
Z -0.9937  0.0101 -0.1113

PART 49
OFFSET  19.5662  14.9805 -30.0551
X -0.1117 -0.1089  0.9878
Y -0.0022  0.9940  0.1094
Z -0.9937  0.0101 -0.1113

PART 50
OFFSET  18.8576  14.7774 -26.8443
X -0.1117 -0.1089  0.9878
Y -0.0022  0.9940  0.1094
Z -0.9937  0.0101 -0.1113

PART 51
OFFSET  17.7718  14.8394 -28.8091
X -0.1117 -0.1089  0.9878
Y -0.0022  0.9940  0.1094
Z -0.9937  0.0101 -0.1113

PART 52
OFFSET -320.3348  5.9563  0.1364
X  0.9998 -0.0013 -0.0204
Y -0.0001  0.9975 -0.0704
Z  0.0204  0.0704  0.9973

PART 53
OFFSET  18.4248  14.8245 -28.8060
X -0.0914 -0.1091  0.9898
Y -0.0022  0.9940  0.1094
Z -0.9958  0.0078 -0.0911

PART 54
OFFSET  18.1114  15.3818 -28.7718
X -0.0914 -0.1091  0.9898
Y -0.0022  0.9940  0.1094
Z -0.9958  0.0078 -0.0911

PART 55
OFFSET  17.4827  15.4113 -28.8234
X -0.0914 -0.1091  0.9898
Y -0.0022  0.9940  0.1094
Z -0.9958  0.0078 -0.0911

PART 56
OFFSET  17.1409  14.8392 -28.9172
X -0.0914 -0.1091  0.9898
Y -0.0022  0.9940  0.1094
Z -0.9958  0.0078 -0.0911

PART 57
OFFSET  17.4671  14.3136 -28.9463
X -0.0914 -0.1091  0.9898
Y -0.0022  0.9940  0.1094
Z -0.9958  0.0078 -0.0911

PART 58
OFFSET  18.1130  14.2950 -28.8914
X -0.0914 -0.1091  0.9898
Y -0.0022  0.9940  0.1094
Z -0.9958  0.0078 -0.0911

PART 59
OFFSET  52.9308  51.7452 -359.2517
X -0.0914 -0.1091  0.9898
Y -0.0022  0.9940  0.1094
Z -0.9958  0.0078 -0.0911

PART 60
OFFSET  18.3857  15.1876 -30.2823
X -0.1585 -0.1083  0.9814
Y -0.0022  0.9940  0.1094
Z -0.9874  0.0152 -0.1578

PART 61
OFFSET -8.3307 -11.3680 -3.5764
X -0.3852  0.0461  0.9217
Y -0.6657 -0.7056 -0.2429
Z  0.6391 -0.7071  0.3025

PART 62
OFFSET -3.6719 -11.9257 -14.7230
X -0.8634  0.1943  0.4656
Y -0.4398  0.1623 -0.8833
Z -0.2472 -0.9674 -0.0547

PART 63
OFFSET  3.6715 -13.5785 -18.6834
X -0.8634  0.1943  0.4656
Y -0.5041 -0.2928 -0.8125
Z -0.0216 -0.9362  0.3507

PART 64
OFFSET  5.7000 -13.0653 -18.6199
X -0.8601  0.1960  0.4710
Y  0.2560  0.9644  0.0660
Z -0.4414  0.1774 -0.8796

PART 65
OFFSET  6.3624 -13.7131 -17.9475
X -0.8601  0.1960  0.4710
Y  0.2560  0.9644  0.0660
Z -0.4414  0.1774 -0.8796

PART 66
OFFSET  5.9290 -14.9399 -18.4503
X -0.8601  0.1960  0.4710
Y  0.2560  0.9644  0.0660
Z -0.4414  0.1774 -0.8796

PART 67
OFFSET  6.3184 -14.1742 -20.1109
X -0.6457  0.3041  0.7004
Y -0.7609 -0.1796 -0.6235
Z -0.0638 -0.9355  0.3474

PART 68
OFFSET  7.3694 -13.7535 -19.9669
X -0.9679 -0.2507 -0.0172
Y  0.1092 -0.3584 -0.9272
Z  0.2263 -0.8993  0.3743

PART 69
OFFSET  9.4346 -13.1268 -19.8582
X -0.9736  0.0609  0.2198
Y -0.2133 -0.5849 -0.7826
Z  0.0809 -0.8088  0.5824

PART 70
OFFSET  10.9846 -13.1694 -20.3249
X -0.9471 -0.2930 -0.1309
Y  0.2568 -0.4473 -0.8567
Z  0.1924 -0.8450  0.4989

PART 71
OFFSET  11.9956 -12.8064 -20.1916
X -0.7699  0.2344 -0.5936
Y  0.3239  0.9449 -0.0470
Z  0.5499 -0.2284 -0.8034

PART 72
OFFSET  6.0629 -14.4348 -21.4414
X -0.0378  0.4089  0.9118
Y  0.0124 -0.9122  0.4096
Z  0.9992  0.0268  0.0294

PART 73
OFFSET  6.2919 -15.2377 -23.5360
X -0.0037  0.3423  0.9396
Y -0.2908 -0.8993  0.3266
Z  0.9568 -0.2721  0.1029

PART 74
OFFSET  6.2971 -15.7225 -24.8662
X -0.0784  0.2628  0.9617
Y -0.2609 -0.9364  0.2346
Z  0.9622 -0.2325  0.1420

PART 75
OFFSET  6.3667 -15.9554 -25.7189
X -0.1292  0.0843  0.9880
Y -0.3058 -0.9512  0.0411
Z  0.9433 -0.2968  0.1487

PART 76
OFFSET  6.4894 -16.0355 -26.6576
X  0.1543  0.5756 -0.8030
Y -0.0285 -0.8098 -0.5860
Z -0.9876  0.1133 -0.1086

PART 77
OFFSET  6.7017 -14.5130 -21.1326
X -0.3558  0.4075  0.8410
Y -0.0456 -0.9064  0.4199
Z  0.9335  0.1110  0.3411

PART 78
OFFSET  7.4854 -15.6072 -23.3568
X -0.0323  0.4650  0.8847
Y -0.3175 -0.8441  0.4321
Z  0.9477 -0.2670  0.1749

PART 79
OFFSET  7.5404 -16.3988 -24.8630
X -0.1492  0.1911  0.9702
Y -0.2773 -0.9499  0.1445
Z  0.9491 -0.2474  0.1947

PART 80
OFFSET  7.7472 -16.6637 -26.2076
X -0.1679  0.1020  0.9805
Y -0.2627 -0.9633  0.0553
Z  0.9502 -0.2483  0.1886

PART 81
OFFSET  7.9293 -16.7744 -27.2710
X  0.3344  0.4545 -0.8256
Y -0.1595 -0.8361 -0.5248
Z -0.9288  0.3072 -0.2071

PART 82
OFFSET  4.2403 -13.2579 -16.4824
X -0.4781  0.0608  0.8762
Y -0.1563  0.9758 -0.1530
Z -0.8643 -0.2101 -0.4570

PART 83
OFFSET  9.3846 -15.5715 -22.2407
X -0.5575 -0.2794  0.7818
Y  0.0213 -0.9462 -0.3229
Z  0.8299 -0.1633  0.5334

PART 84
OFFSET  10.3661 -15.0796 -23.6172
X -0.3979 -0.8042  0.4415
Y  0.3906 -0.5839 -0.7116
Z  0.8301 -0.1107  0.5465

PART 85
OFFSET  10.9002 -14.1087 -24.1207
X -0.3168 -0.9351  0.1589
Y  0.4966 -0.3063 -0.8121
Z  0.8081 -0.1784  0.5614

PART 86
OFFSET  11.2581 -13.0525 -24.3002
X -0.1179  0.5307  0.8393
Y  0.3398  0.8158 -0.4681
Z -0.9331  0.2300 -0.2765

PART 87
OFFSET  8.5017 -15.5661 -22.9047
X -0.2841  0.4068  0.8682
Y -0.1968 -0.9110  0.3625
Z  0.9384 -0.0679  0.3388

PART 88
OFFSET  9.0566 -16.3608 -24.6008
X -0.2906  0.1755  0.9406
Y -0.1481 -0.9794  0.1370
Z  0.9453 -0.0995  0.3106

PART 89
OFFSET  9.4810 -16.6172 -25.9747
X -0.3010 -0.0351  0.9530
Y -0.1377 -0.9872 -0.0799
Z  0.9436 -0.1553  0.2923

PART 90
OFFSET  9.8152 -16.5770 -27.0562
X  0.2584  0.6674 -0.6984
Y  0.1584 -0.7425 -0.6509
Z -0.9529  0.0576 -0.2976

PART 91
OFFSET  0.0000 -0.0000 -0.0000
X  1.0000 -0.0000  0.0000
Y  0.0000  1.0000  0.0000
Z  0.0000 -0.0000  1.0000

PART 92
OFFSET  0.0000 -0.0000 -0.0000
X  1.0000 -0.0000  0.0000
Y  0.0000  1.0000  0.0000
Z  0.0000 -0.0000  1.0000

PART 93
OFFSET  1.5404 -0.0000  4.1357
X  1.0000 -0.0000  0.0000
Y  0.0000  1.0000  0.0000
Z  0.0000 -0.0000  1.0000


FRAME 603
PART 0
OFFSET  0.0000 -0.0000 -0.0000
X  1.0000 -0.0000  0.0000
Y  0.0000  1.0000  0.0000
Z  0.0000 -0.0000  1.0000

PART 1
OFFSET -4.6318 -0.0000 -1.3770
X  1.0000 -0.0000  0.0000
Y  0.0000  1.0000  0.0000
Z  0.0000 -0.0000  1.0000

PART 2
OFFSET -7.6649  11.3680 -3.8910
X  0.5200  0.1007 -0.8482
Y  0.6686 -0.6661  0.3307
Z -0.5317 -0.7391 -0.4137

PART 3
OFFSET -1.3766  12.5864 -14.1494
X  0.8343  0.2289 -0.5016
Y  0.4596  0.2140  0.8620
Z  0.3046 -0.9496  0.0734

PART 4
OFFSET  5.7193  14.5329 -18.4158
X  0.8343  0.2289 -0.5016
Y  0.5231 -0.0413  0.8512
Z  0.1741 -0.9726 -0.1541

PART 5
OFFSET  6.1261  15.4781 -20.0927
X  0.8307  0.2302 -0.5070
Y -0.3136  0.9458 -0.0844
Z  0.4601  0.2290  0.8578

PART 6
OFFSET  6.2108  13.8027 -19.9532
X  0.8307  0.2302 -0.5070
Y -0.3136  0.9458 -0.0844
Z  0.4601  0.2290  0.8578

PART 7
OFFSET  7.7647  16.0369 -18.1590
X  0.8307  0.2302 -0.5070
Y -0.3136  0.9458 -0.0844
Z  0.4601  0.2290  0.8578

PART 8
OFFSET  8.1843  14.8023 -17.8258
X  0.8307  0.2302 -0.5070
Y -0.3136  0.9458 -0.0844
Z  0.4601  0.2290  0.8578

PART 9
OFFSET  7.6077  13.9333 -18.4157
X  0.8307  0.2302 -0.5070
Y -0.3136  0.9458 -0.0844
Z  0.4601  0.2290  0.8578

PART 10
OFFSET  8.2769  15.2345 -19.9536
X  0.5489  0.2581 -0.7951
Y  0.8047  0.0943  0.5861
Z  0.2262 -0.9615 -0.1559

PART 11
OFFSET  9.3933  15.0468 -19.8096
X  0.9833  0.1403  0.1157
Y -0.1466  0.2346  0.9610
Z  0.1076 -0.9619  0.2512

PART 12
OFFSET  11.5065  15.3193 -19.4500
X  0.9285  0.3713  0.0106
Y -0.0116  0.0003  0.9999
Z  0.3712 -0.9285  0.0046

PART 13
OFFSET  13.0477  15.8147 -19.4919
X  0.7880  0.1837  0.5877
Y -0.5952 -0.0169  0.8034
Z  0.1575 -0.9828  0.0961

PART 14
OFFSET  13.8969  15.9681 -18.8384
X  0.3578  0.7635  0.5377
Y -0.3965  0.6455 -0.6527
Z -0.8454  0.0204  0.5337

PART 15
OFFSET  7.9254  15.1576 -21.2855
X -0.1063  0.1362 -0.9850
Y  0.1174 -0.9819 -0.1485
Z -0.9874 -0.1315  0.0884

PART 16
OFFSET  7.8448  15.3625 -23.5297
X -0.2151  0.0508 -0.9753
Y  0.2897 -0.9504 -0.1134
Z -0.9326 -0.3070  0.1897

PART 17
OFFSET  7.5402  15.4345 -24.9104
X -0.0918 -0.1881 -0.9779
Y  0.3014 -0.9412  0.1527
Z -0.9491 -0.2807  0.1431

PART 18
OFFSET  7.4589  15.2677 -25.7774
X -0.0169 -0.3904 -0.9205
Y  0.3772 -0.8551  0.3558
Z -0.9260 -0.3412  0.1617

PART 19
OFFSET  7.4428  14.8968 -26.6519
X -0.0899  0.8847  0.4573
Y  0.1786 -0.4374  0.8813
Z  0.9798  0.1610 -0.1187

PART 20
OFFSET  8.5494  15.4113 -21.0491
X  0.2766  0.2109 -0.9376
Y  0.1794 -0.9698 -0.1652
Z -0.9441 -0.1225 -0.3061

PART 21
OFFSET  8.7838  16.0994 -23.5451
X  0.0109  0.1658 -0.9861
Y  0.2739 -0.9489 -0.1565
Z -0.9617 -0.2684 -0.0557

PART 22
OFFSET  8.8023  16.3816 -25.2239
X  0.0837 -0.0013 -0.9965
Y  0.2535 -0.9671  0.0226
Z -0.9637 -0.2545 -0.0806

PART 23
OFFSET  8.9183  16.3798 -26.6050
X  0.1260 -0.1925 -0.9732
Y  0.2343 -0.9475  0.2178
Z -0.9640 -0.2554 -0.0743

PART 24
OFFSET  9.0550  16.1710 -27.6604
X -0.2845  0.6864  0.6693
Y  0.1609 -0.6540  0.7392
Z  0.9451  0.3180  0.0756

PART 25
OFFSET  11.3679  15.6644 -21.5574
X  0.4237 -0.0428 -0.9048
Y -0.0253  0.9979 -0.0590
Z  0.9054  0.0479  0.4218

PART 26
OFFSET  10.9385  16.6685 -22.5516
X  0.7664 -0.0494 -0.6405
Y  0.0675 -0.9853  0.1567
Z -0.6389 -0.1633 -0.7518

PART 27
OFFSET  12.2878  16.5816 -23.6793
X  0.6747 -0.4636 -0.5744
Y -0.2880 -0.8818  0.3734
Z -0.6796 -0.0865 -0.7285

PART 28
OFFSET  13.1493  16.0233 -24.3333
X  0.5204 -0.8220 -0.2313
Y -0.6078 -0.5468  0.5758
Z -0.5998 -0.1591 -0.7842

PART 29
OFFSET  13.7371  15.0948 -24.5945
X  0.2105  0.7165 -0.6651
