// Export filename: `C:\projects\cod\t5\xanim_export\t5_viewmodels\python\python_sw_sprint_loop.XANIM_EXPORT`
// Source filename: `D:\projects\devanim\t5\animation_assets\viewmodels\python\ViewModel_python_animated.fbx`
// Export time: Fri Aug 06 01:38:46 2010

ANIMATION
VERSION 3

NUMPARTS 81
PART 0 "tag_ads"
PART 1 "tag_torso"
PART 2 "J_Shoulder_LE"
PART 3 "J_Elbow_LE"
PART 4 "J_WristTwist_LE"
PART 5 "J_Sleave_Reshape_Bottom_LE_1"
PART 6 "J_Sleave_Reshape_Bottom_LE_2"
PART 7 "J_Sleave_Reshape_Top_LE_1"
PART 8 "J_Sleave_Reshape_Top_LE_2"
PART 9 "J_Sleave_Reshape_Top_LE_3"
PART 10 "J_Wrist_LE"
PART 11 "J_Thumb_LE_0"
PART 12 "J_Thumb_LE_1"
PART 13 "J_Thumb_LE_2"
PART 14 "J_Thumb_LE_3"
PART 15 "J_PinkyPalm_LE"
PART 16 "J_Pinky_LE_0"
PART 17 "J_Pinky_LE_1"
PART 18 "J_Pinky_LE_2"
PART 19 "J_Pinky_LE_3"
PART 20 "J_RingPalm_LE"
PART 21 "J_Ring_LE_0"
PART 22 "J_Ring_LE_1"
PART 23 "J_Ring_LE_2"
PART 24 "J_Ring_LE_3"
PART 25 "J_Webbing_LE"
PART 26 "J_Index_LE_0"
PART 27 "J_Index_LE_1"
PART 28 "J_Index_LE_2"
PART 29 "J_Index_LE_3"
PART 30 "J_Mid_LE_0"
PART 31 "J_Mid_LE_1"
PART 32 "J_Mid_LE_2"
PART 33 "J_Mid_LE_3"
PART 34 "tag_knife_attach"
PART 35 "tag_weapon"
PART 36 "J_Gun"
PART 37 "TAG_CLIP"
PART 38 "J_Bolt"
PART 39 "tag_speedloader"
PART 40 "tag_spent0"
PART 41 "tag_spent1"
PART 42 "tag_spent2"
PART 43 "tag_spent3"
PART 44 "tag_spent4"
PART 45 "tag_spent5"
PART 46 "tag_bullets"
PART 47 "J_Press_Rear"
PART 48 "J_Shoulder_RI"
PART 49 "J_Elbow_RI"
PART 50 "J_WristTwist_RI"
PART 51 "J_Sleave_Reshape_Top_RI_3"
PART 52 "J_Sleave_Reshape_Top_RI_2"
PART 53 "J_Sleave_Reshape_Top_RI_1"
PART 54 "J_Wrist_RI"
PART 55 "J_Thumb_RI_0"
PART 56 "J_Thumb_RI_1"
PART 57 "J_Thumb_RI_2"
PART 58 "J_Thumb_RI_3"
PART 59 "J_PinkyPalm_RI"
PART 60 "J_Pinky_RI_0"
PART 61 "J_Pinky_RI_1"
PART 62 "J_Pinky_RI_2"
PART 63 "J_Pinky_RI_3"
PART 64 "J_RingPalm_RI"
PART 65 "J_Ring_RI_0"
PART 66 "J_Ring_RI_1"
PART 67 "J_Ring_RI_2"
PART 68 "J_Ring_RI_3"
PART 69 "J_Webbing_RI"
PART 70 "J_Index_RI_0"
PART 71 "J_Index_RI_1"
PART 72 "J_Index_RI_2"
PART 73 "J_Index_RI_3"
PART 74 "J_Mid_RI_0"
PART 75 "J_Mid_RI_1"
PART 76 "J_Mid_RI_2"
PART 77 "J_Mid_RI_3"
PART 78 "tag_cambone"
PART 79 "tag_camera"
PART 80 "tag_gasmask"

FRAMERATE 30
NUMFRAMES 31

FRAME 310
PART 0
OFFSET -4.6318 -0.0000 -1.3770
X  1.0000 -0.0000  0.0000
Y  0.0000  1.0000  0.0000
Z  0.0000 -0.0000  1.0000

PART 1
OFFSET -4.6318 -0.0000 -1.3770
X  1.0000 -0.0000  0.0000
Y  0.0000  1.0000  0.0000
Z  0.0000 -0.0000  1.0000

PART 2
OFFSET -6.7281  3.8438 -4.9859
X  0.3753  0.5717 -0.7296
Y  0.3928 -0.8110 -0.4335
Z -0.8396 -0.1239 -0.5290

PART 3
OFFSET -2.1893  10.7583 -13.8092
X  0.9864 -0.1574  0.0482
Y -0.1379 -0.6295  0.7647
Z -0.0900 -0.7609 -0.6426

PART 4
OFFSET  6.2000  9.4194 -13.3989
X  0.9864 -0.1574  0.0482
Y -0.0800 -0.2018  0.9762
Z -0.1439 -0.9667 -0.2117

PART 5
OFFSET  7.8041  10.5467 -13.5628
X  0.9874 -0.1516  0.0454
Y  0.0892  0.7703  0.6314
Z -0.1307 -0.6194  0.7741

PART 6
OFFSET  7.3077  9.4944 -14.7794
X  0.9874 -0.1516  0.0454
Y  0.0892  0.7703  0.6314
Z -0.1307 -0.6194  0.7741

PART 7
OFFSET  7.9619  8.7816 -11.6666
X  0.9874 -0.1516  0.0454
Y  0.0892  0.7703  0.6314
Z -0.1307 -0.6194  0.7741

PART 8
OFFSET  7.7147  7.6534 -12.3577
X  0.9874 -0.1516  0.0454
Y  0.0892  0.7703  0.6314
Z -0.1307 -0.6194  0.7741

PART 9
OFFSET  7.4135  7.8564 -13.4995
X  0.9874 -0.1516  0.0454
Y  0.0892  0.7703  0.6314
Z -0.1307 -0.6194  0.7741

PART 10
OFFSET  9.2239  8.9369 -13.2510
X  0.9997 -0.0123 -0.0190
Y  0.0166 -0.1744  0.9845
Z -0.0154 -0.9846 -0.1741

PART 11
OFFSET  9.6832  8.3588 -12.3809
X  0.8835 -0.0018  0.4684
Y -0.4382  0.3503  0.8278
Z -0.1656 -0.9366  0.3087

PART 12
OFFSET  11.5368  8.3378 -11.2703
X  0.9782  0.0436 -0.2032
Y  0.2001  0.0678  0.9774
Z  0.0564 -0.9967  0.0576

PART 13
OFFSET  13.1103  8.2926 -11.6503
X  0.8639 -0.2089 -0.4583
Y  0.4835  0.0892  0.8708
Z -0.1411 -0.9739  0.1781

PART 14
OFFSET  14.0463  8.0236 -12.1229
X  0.8280  0.4897 -0.2732
Y -0.5364  0.8337 -0.1312
Z  0.1635  0.2552  0.9530

PART 15
OFFSET  10.0490  8.9141 -14.3564
X  0.9025 -0.1345 -0.4092
Y -0.1789 -0.9812 -0.0721
Z -0.3918  0.1383 -0.9096

PART 16
OFFSET  12.1119  8.4715 -15.1522
X  0.5405 -0.8343 -0.1089
Y -0.7176 -0.5247  0.4581
Z -0.4393 -0.1694 -0.8822

PART 17
OFFSET  12.8770  7.2903 -15.3064
X -0.2739 -0.9067  0.3206
Y -0.8774  0.3721  0.3028
Z -0.3939 -0.1984 -0.8975

PART 18
OFFSET  12.6342  6.4864 -15.0222
X -0.8443 -0.2433  0.4775
Y -0.2924  0.9558 -0.0299
Z -0.4491 -0.1649 -0.8781

PART 19
OFFSET  11.8321  6.2552 -14.5686
X  0.8943 -0.3901 -0.2194
Y  0.2658  0.8573 -0.4408
Z  0.3600  0.3359  0.8704

PART 20
OFFSET  10.2821  8.9331 -13.6820
X  0.9462  0.0359 -0.3215
Y -0.0366 -0.9755 -0.2167
Z -0.3214  0.2168 -0.9218

PART 21
OFFSET  12.7252  8.7485 -14.5511
X  0.5415 -0.8355 -0.0938
Y -0.7720 -0.5383  0.3381
Z -0.3330 -0.1107 -0.9364

PART 22
OFFSET  13.6470  7.3261 -14.7108
X -0.4300 -0.8645  0.2603
Y -0.8476  0.4858  0.2133
Z -0.3108 -0.1290 -0.9417

PART 23
OFFSET  13.0511  6.1279 -14.3500
X -0.9041 -0.2697  0.3313
Y -0.2951  0.9550 -0.0280
Z -0.3089 -0.1231 -0.9431

PART 24
OFFSET  12.0706  5.8354 -13.9906
X  0.8942 -0.3306 -0.3019
Y  0.2899  0.9414 -0.1723
Z  0.3412  0.0665  0.9376

PART 25
OFFSET  12.3238  8.0944 -11.8396
X  0.9332 -0.2516 -0.2567
Y  0.3059  0.9309  0.1994
Z  0.1888 -0.2646  0.9457

PART 26
OFFSET  13.1376  9.1233 -12.5177
X  0.4567 -0.8592 -0.2306
Y -0.8436 -0.5005  0.1946
Z -0.2826  0.1057 -0.9534

PART 27
OFFSET  13.9416  7.6105 -12.9237
X -0.3757 -0.9224 -0.0896
Y -0.9002  0.3402  0.2719
Z -0.2203  0.1828 -0.9582

PART 28
OFFSET  13.4983  6.4781 -12.9744
X -0.7268 -0.6680  0.1596
Y -0.6264  0.7400  0.2451
Z -0.2818  0.0782 -0.9563

PART 29
OFFSET  12.6773  5.7235 -12.7942
X  0.7228 -0.4286 -0.5421
Y  0.5371  0.8420  0.0504
Z  0.4349 -0.3276  0.8388

PART 30
OFFSET  13.0103  9.1372 -13.6150
X  0.4523 -0.8866 -0.0963
Y -0.8695 -0.4624  0.1735
Z -0.1984  0.0052 -0.9801

PART 31
OFFSET  13.8940  7.4051 -13.8030
X -0.3759 -0.9248  0.0587
Y -0.8957  0.3789  0.2326
Z -0.2374  0.0348 -0.9708

PART 32
OFFSET  13.3449  6.0543 -13.7172
X -0.8784 -0.4290  0.2105
Y -0.3959  0.9001  0.1820
Z -0.2676  0.0765 -0.9605

PART 33
OFFSET  12.3484  5.5684 -13.4857
X  0.9435 -0.2509 -0.2163
Y  0.2418  0.9680 -0.0679
Z  0.2264  0.0117  0.9740

PART 34
OFFSET  11.9019  7.4970 -14.0983
X -0.3705  0.1674 -0.9136
Y  0.0154  0.9846  0.1741
Z  0.9287  0.0504 -0.3674

PART 35
OFFSET  10.8706 -12.8478 -11.4850
X  0.6907 -0.6511 -0.3146
Y  0.3423  0.6776 -0.6509
Z  0.6370  0.3419  0.6909

PART 36
OFFSET  10.8706 -12.8478 -11.4850
X  0.6907 -0.6511 -0.3146
Y  0.3423  0.6776 -0.6509
Z  0.6370  0.3419  0.6909

PART 37
OFFSET  13.4023 -14.7587 -12.3744
X  0.6907 -0.6511 -0.3146
Y  0.3423  0.6776 -0.6509
Z  0.6370  0.3419  0.6909

PART 38
OFFSET  12.9164 -13.2279 -10.8048
X  0.6907 -0.6511 -0.3146
Y  0.3423  0.6776 -0.6509
Z  0.6370  0.3419  0.6909

PART 39
OFFSET -108.0710  49.2984 -2.8398
X  0.6775 -0.6580 -0.3286
Y  0.3423  0.6776 -0.6509
Z  0.6510  0.3285  0.6843

PART 40
OFFSET  12.5001 -13.4246 -11.2280
X  0.6775 -0.6580 -0.3286
Y  0.3423  0.6776 -0.6509
Z  0.6510  0.3285  0.6843

PART 41
OFFSET  12.8830 -12.9621 -11.3688
X  0.6775 -0.6580 -0.3286
Y  0.3423  0.6776 -0.6509
Z  0.6510  0.3285  0.6843

PART 42
OFFSET  13.2997 -12.7514 -10.9400
X  0.6775 -0.6580 -0.3286
Y  0.3423  0.6776 -0.6509
Z  0.6510  0.3285  0.6843

PART 43
OFFSET  13.3177 -13.0176 -10.3748
X  0.6775 -0.6580 -0.3286
Y  0.3423  0.6776 -0.6509
Z  0.6510  0.3285  0.6843

PART 44
OFFSET  12.9325 -13.4824 -10.2346
X  0.6775 -0.6580 -0.3286
Y  0.3423  0.6776 -0.6509
Z  0.6510  0.3285  0.6843

PART 45
OFFSET  12.5262 -13.6837 -10.6607
X  0.6775 -0.6580 -0.3286
Y  0.3423  0.6776 -0.6509
Z  0.6510  0.3285  0.6843

PART 46
OFFSET -106.8157  48.0794 -3.4486
X  0.6775 -0.6580 -0.3286
Y  0.3423  0.6776 -0.6509
Z  0.6510  0.3285  0.6843

PART 47
OFFSET  11.6186 -12.2380 -10.7389
X  0.6907 -0.6511 -0.3146
Y  0.3423  0.6776 -0.6509
Z  0.6370  0.3419  0.6909

PART 48
OFFSET -7.8386 -1.3192 -1.5206
X -0.3690  0.2769  0.8872
Y -0.8582 -0.4679 -0.2110
Z  0.3567 -0.8393  0.4103

PART 49
OFFSET -3.3755 -4.6680 -12.2504
X -0.8193  0.5430 -0.1843
Y  0.1380 -0.1253 -0.9825
Z -0.5565 -0.8304  0.0277

PART 50
OFFSET  3.5927 -9.2862 -10.6825
X -0.8193  0.5430 -0.1843
Y -0.3735 -0.7492 -0.5469
Z -0.4351 -0.3792  0.8166

PART 51
OFFSET  5.3059 -9.0239 -9.7224
X -0.8185  0.5460 -0.1786
Y  0.5568  0.8305 -0.0130
Z  0.1412 -0.1101 -0.9838

PART 52
OFFSET  5.1506 -9.6158 -8.6922
X -0.8185  0.5460 -0.1786
Y  0.5568  0.8305 -0.0130
Z  0.1412 -0.1101 -0.9838

PART 53
OFFSET  4.5248 -10.7968 -8.8491
X -0.8185  0.5460 -0.1786
Y  0.5568  0.8305 -0.0130
Z  0.1412 -0.1101 -0.9838

PART 54
OFFSET  6.1044 -10.9508 -10.1173
X -0.8091  0.5867  0.0331
Y -0.5021 -0.6610 -0.5577
Z -0.3053 -0.4679  0.8294

PART 55
OFFSET  7.0782 -10.3847 -9.9346
X -0.9435 -0.2772  0.1817
Y  0.0569 -0.6755 -0.7351
Z  0.3266 -0.6832  0.6531

PART 56
OFFSET  9.0903 -9.6810 -10.2898
X -0.5834  0.6166  0.5287
Y -0.7890 -0.5848 -0.1885
Z  0.1929 -0.5271  0.8276

PART 57
OFFSET  9.9634 -10.6523 -11.2471
X -0.2902  0.6806  0.6727
Y -0.9321 -0.3603 -0.0376
Z  0.2168 -0.6380  0.7389

PART 58
OFFSET  10.2831 -11.3529 -12.0078
X -0.5456  0.8379  0.0142
Y  0.2818  0.1994 -0.9385
Z -0.7892 -0.5080 -0.3450

PART 59
OFFSET  6.3131 -12.0604 -10.9101
X -0.5543  0.6903  0.4650
Y -0.1376 -0.6270  0.7667
Z  0.8209  0.3610  0.4426

PART 60
OFFSET  7.6949 -13.4820 -11.9845
X -0.5191 -0.3766  0.7673
Y  0.3251 -0.9172 -0.2303
Z  0.7905  0.1299  0.5985

PART 61
OFFSET  8.4298 -12.9488 -13.0709
X -0.0220 -0.9735  0.2278
Y  0.6551 -0.1862 -0.7323
Z  0.7552  0.1331  0.6418

PART 62
OFFSET  8.4493 -12.0857 -13.2728
X  0.4794 -0.7289 -0.4888
Y  0.3665  0.6723 -0.6431
Z  0.7974  0.1292  0.5894

PART 63
OFFSET  7.9939 -11.3933 -12.8085
X -0.7120  0.1167  0.6924
Y  0.0690  0.9929 -0.0965
Z -0.6987 -0.0210 -0.7151

PART 64
OFFSET  6.7821 -11.8155 -10.4309
X -0.6822  0.6597  0.3154
Y -0.1683 -0.5614  0.8102
Z  0.7116  0.4996  0.4940

PART 65
OFFSET  8.4432 -13.6142 -11.3051
X -0.4547 -0.3044  0.8370
Y  0.2973 -0.9377 -0.1795
Z  0.8395  0.1672  0.5169

PART 66
OFFSET  9.2174 -13.0959 -12.7300
X  0.1422 -0.9860  0.0876
Y  0.5475  0.0046 -0.8368
Z  0.8247  0.1669  0.5405

PART 67
OFFSET  9.0203 -11.7295 -12.8514
X  0.5226 -0.6020 -0.6037
Y  0.2208  0.7795 -0.5862
Z  0.8235  0.1731  0.5403

PART 68
OFFSET  8.4535 -11.0765 -12.1966
X -0.5138  0.0565  0.8561
Y -0.1542  0.9755 -0.1569
Z -0.8439 -0.2127 -0.4925

PART 69
OFFSET  2.9978 -8.2008 -9.0634
X -0.7491  0.5498  0.3696
Y  0.0372  0.5919 -0.8051
Z -0.6614 -0.5894 -0.4638

PART 70
OFFSET  9.5224 -12.9122 -9.5175
X -0.5283  0.4245  0.7353
Y  0.0249 -0.8579  0.5132
Z  0.8487  0.2894  0.4426

PART 71
OFFSET  10.4525 -13.6596 -10.8122
X -0.5114  0.3172  0.7987
Y  0.1359 -0.8878  0.4396
Z  0.8485  0.3333  0.4109

PART 72
OFFSET  11.1257 -14.0250 -11.7581
X -0.4462 -0.1624  0.8801
Y  0.3733 -0.9275  0.0181
Z  0.8134  0.3366  0.4745

PART 73
OFFSET  11.6296 -13.8415 -12.7522
X  0.0371  0.9849 -0.1694
Y  0.4244 -0.1689 -0.8896
Z -0.9047 -0.0389 -0.4242

PART 74
OFFSET  8.9461 -13.4828 -10.2677
X -0.4962 -0.1736  0.8507
Y  0.3940 -0.9181  0.0424
Z  0.7737  0.3562  0.5240

PART 75
OFFSET  9.9156 -13.1436 -11.9295
X  0.1784 -0.9168  0.3573
Y  0.5739 -0.1980 -0.7946
Z  0.7993  0.3468  0.4908

PART 76
OFFSET  9.6550 -11.8046 -12.4515
X  0.5582 -0.6543 -0.5101
Y  0.1033  0.6649 -0.7397
Z  0.8232  0.3602  0.4388

PART 77
OFFSET  9.0170 -11.0656 -11.8773
X -0.5467  0.0540  0.8356
Y -0.2181  0.9543 -0.2044
Z -0.8084 -0.2940 -0.5099

PART 78
OFFSET  0.0000 -0.0000 -0.0000
X  1.0000 -0.0000  0.0000
Y  0.0000  1.0000  0.0000
Z  0.0000 -0.0000  1.0000

PART 79
OFFSET  0.0000 -0.0000 -0.0000
X  1.0000 -0.0000  0.0000
Y  0.0000  1.0000  0.0000
Z  0.0000 -0.0000  1.0000

PART 80
OFFSET  1.5404 -0.0000  4.1357
X  1.0000 -0.0000  0.0000
Y  0.0000  1.0000  0.0000
Z  0.0000 -0.0000  1.0000


FRAME 311
PART 0
OFFSET -4.6318 -0.0000 -1.3770
X  1.0000 -0.0000  0.0000
Y  0.0000  1.0000  0.0000
Z  0.0000 -0.0000  1.0000

PART 1
OFFSET -4.6318 -0.0000 -1.3770
X  1.0000 -0.0000  0.0000
Y  0.0000  1.0000  0.0000
Z  0.0000 -0.0000  1.0000

PART 2
OFFSET -6.7281  3.8438 -4.9859
X  0.3765  0.5670 -0.7326
Y  0.3967 -0.8133 -0.4256
Z -0.8372 -0.1305 -0.5311

PART 3
OFFSET -2.1751  10.7011 -13.8464
X  0.9868 -0.1531  0.0519
Y -0.1373 -0.6241  0.7692
Z -0.0854 -0.7662 -0.6369

PART 4
OFFSET  6.2185  9.3988 -13.4053
X  0.9868 -0.1531  0.0519
Y -0.0825 -0.2012  0.9761
Z -0.1390 -0.9675 -0.2112

PART 5
OFFSET  7.8185  10.5312 -13.5741
X  0.9879 -0.1473  0.0490
Y  0.0846  0.7755  0.6256
Z -0.1302 -0.6139  0.7786

PART 6
OFFSET  7.3293  9.4675 -14.7836
X  0.9879 -0.1473  0.0490
Y  0.0846  0.7755  0.6256
Z -0.1302 -0.6139  0.7786

PART 7
OFFSET  7.9786  8.7814 -11.6639
X  0.9879 -0.1473  0.0490
Y  0.0846  0.7755  0.6256
Z -0.1302 -0.6139  0.7786

PART 8
OFFSET  7.7376  7.6469 -12.3467
X  0.9879 -0.1473  0.0490
Y  0.0846  0.7755  0.6256
Z -0.1302 -0.6139  0.7786

PART 9
OFFSET  7.4384  7.8399 -13.4908
X  0.9879 -0.1473  0.0490
Y  0.0846  0.7755  0.6256
Z -0.1302 -0.6139  0.7786

PART 10
OFFSET  9.2439  8.9294 -13.2463
X  0.9998 -0.0127 -0.0183
Y  0.0158 -0.1740  0.9846
Z -0.0157 -0.9847 -0.1738

PART 11
OFFSET  9.7024  8.3515 -12.3757
X  0.8838 -0.0212  0.4673
Y -0.4323  0.3445  0.8333
Z -0.1786 -0.9386  0.2953

PART 12
OFFSET  11.5566  8.2879 -11.2676
X  0.9810  0.0341 -0.1909
Y  0.1890  0.0520  0.9806
Z  0.0434 -0.9981  0.0446

PART 13
OFFSET  13.1339  8.2281 -11.6293
X  0.8735 -0.2123 -0.4380
Y  0.4613  0.0739  0.8842
Z -0.1553 -0.9744  0.1625

PART 14
OFFSET  14.0793  7.9552 -12.0804
X  0.8397  0.4844 -0.2455
Y -0.5245  0.8406 -0.1351
Z  0.1409  0.2422  0.9599

PART 15
OFFSET  10.0698  8.9060 -14.3511
X  0.9027 -0.1350 -0.4085
Y -0.1793 -0.9812 -0.0719
Z -0.3911  0.1381 -0.9099

PART 16
OFFSET  12.1330  8.4623 -15.1453
X  0.5568 -0.8220 -0.1195
Y -0.7053 -0.5438  0.4548
Z -0.4389 -0.1690 -0.8825

PART 17
OFFSET  12.9213  7.2985 -15.3145
X -0.2334 -0.9233  0.3049
Y -0.8897  0.3293  0.3163
Z -0.3925 -0.1974 -0.8983

PART 18
OFFSET  12.7143  6.4798 -15.0442
X -0.8216 -0.3096  0.4788
Y -0.3516  0.9362  0.0020
Z -0.4488 -0.1666 -0.8779

PART 19
OFFSET  11.9338  6.1857 -14.5893
X  0.9140 -0.3268 -0.2405
Y  0.2065  0.8849 -0.4175
Z  0.3493  0.3319  0.8763

PART 20
OFFSET  10.3023  8.9251 -13.6766
X  0.9465  0.0354 -0.3208
Y -0.0368 -0.9756 -0.2164
Z -0.3207  0.2166 -0.9221

PART 21
OFFSET  12.7460  8.7393 -14.5439
X  0.5586 -0.8232 -0.1013
Y -0.7599 -0.5569  0.3353
Z -0.3324 -0.1103 -0.9367

PART 22
OFFSET  13.6971  7.3378 -14.7164
X -0.3929 -0.8849  0.2500
Y -0.8659  0.4476  0.2234
Z -0.3095 -0.1287 -0.9421

PART 23
OFFSET  13.1525  6.1113 -14.3700
X -0.8834 -0.3314  0.3313
Y -0.3533  0.9355 -0.0064
Z -0.3079 -0.1227 -0.9435

PART 24
OFFSET  12.1944  5.7519 -14.0106
X  0.9105 -0.2689 -0.3142
Y  0.2304  0.9607 -0.1546
Z  0.3435  0.0683  0.9367

PART 25
OFFSET  12.3425  8.0863 -11.8324
X  0.9332 -0.2521 -0.2560
Y  0.3061  0.9309  0.1993
Z  0.1880 -0.2643  0.9459

PART 26
OFFSET  13.1572  9.1147 -12.5103
X  0.4756 -0.8479 -0.2344
Y -0.8333 -0.5196  0.1888
Z -0.2819  0.1055 -0.9536

PART 27
OFFSET  13.9946  7.6219 -12.9230
X -0.3369 -0.9360 -0.1019
Y -0.9150  0.2999  0.2700
Z -0.2222  0.1842 -0.9575

PART 28
OFFSET  13.5985  6.4728 -12.9887
X -0.6859 -0.7135  0.1427
Y -0.6719  0.6964  0.2522
Z -0.2793  0.0772 -0.9571

PART 29
OFFSET  12.8237  5.6669 -12.8275
X  0.7513 -0.3746 -0.5433
Y  0.4845  0.8721  0.0686
Z  0.4481 -0.3148  0.8367

PART 30
OFFSET  13.0306  9.1282 -13.6077
X  0.4703 -0.8769 -0.0998
Y -0.8601 -0.4807  0.1707
Z -0.1976  0.0055 -0.9803

PART 31
OFFSET  13.9493  7.4152 -13.8026
X -0.3391 -0.9394  0.0498
Y -0.9103  0.3410  0.2345
Z -0.2373  0.0342 -0.9708

PART 32
OFFSET  13.4540  6.0430 -13.7299
X -0.8523 -0.4828  0.2014
Y -0.4485  0.8726  0.1935
Z -0.2691  0.0746 -0.9602

PART 33
OFFSET  12.4872  5.4962 -13.5087
X  0.9572 -0.1919 -0.2166
Y  0.1847  0.9814 -0.0532
Z  0.2228  0.0109  0.9748

PART 34
OFFSET  11.9220  7.4883 -14.0913
X -0.3698  0.1672 -0.9140
Y  0.0157  0.9847  0.1738
Z  0.9290  0.0499 -0.3667

PART 35
OFFSET  10.5033 -10.1919 -11.1054
X  0.6824 -0.3800 -0.6244
Y  0.2054  0.9195 -0.3351
Z  0.7015  0.1004  0.7056

PART 36
OFFSET  10.5033 -10.1919 -11.1054
X  0.6824 -0.3800 -0.6244
Y  0.2054  0.9195 -0.3351
Z  0.7015  0.1004  0.7056

PART 37
OFFSET  13.0096 -11.2623 -12.9561
X  0.6824 -0.3800 -0.6244
Y  0.2054  0.9195 -0.3351
Z  0.7015  0.1004  0.7056

PART 38
OFFSET  12.6432 -10.5766 -10.8493
X  0.6824 -0.3800 -0.6244
Y  0.2054  0.9195 -0.3351
Z  0.7015  0.1004  0.7056

PART 39
OFFSET -109.9541  28.6704  34.3225
X  0.6680 -0.3820 -0.6387
Y  0.2054  0.9195 -0.3351
Z  0.7153  0.0926  0.6927

PART 40
OFFSET  12.1869 -10.6296 -11.2736
X  0.6680 -0.3820 -0.6387
Y  0.2054  0.9195 -0.3351
Z  0.7153  0.0926  0.6927

PART 41
OFFSET  12.5160 -10.1089 -11.2430
X  0.6680 -0.3820 -0.6387
Y  0.2054  0.9195 -0.3351
Z  0.7153  0.0926  0.6927

PART 42
OFFSET  12.9726 -10.0455 -10.8078
X  0.6680 -0.3820 -0.6387
Y  0.2054  0.9195 -0.3351
Z  0.7153  0.0926  0.6927

PART 43
OFFSET  13.0847 -10.5158 -10.4117
X  0.6680 -0.3820 -0.6387
Y  0.2054  0.9195 -0.3351
Z  0.7153  0.0926  0.6927

PART 44
OFFSET  12.7534 -11.0385 -10.4436
X  0.6680 -0.3820 -0.6387
Y  0.2054  0.9195 -0.3351
Z  0.7153  0.0926  0.6927

PART 45
OFFSET  12.3069 -11.0934 -10.8734
X  0.6680 -0.3820 -0.6387
Y  0.2054  0.9195 -0.3351
Z  0.7153  0.0926  0.6927

PART 46
OFFSET -108.7166  27.9627  33.1393
X  0.6680 -0.3820 -0.6387
Y  0.2054  0.9195 -0.3351
Z  0.7153  0.0926  0.6927

PART 47
OFFSET  11.3046 -9.8587 -10.2480
X  0.6824 -0.3800 -0.6244
Y  0.2054  0.9195 -0.3351
Z  0.7015  0.1004  0.7056

PART 48
OFFSET -7.8386 -1.3192 -1.5206
X -0.3197  0.2895  0.9022
Y -0.8234 -0.5560 -0.1134
Z  0.4688 -0.7792  0.4161

PART 49
OFFSET -3.9723 -4.8202 -12.4319
X -0.8492  0.4122 -0.3300
Y  0.2417 -0.2522 -0.9370
Z -0.4695 -0.8755  0.1146

PART 50
OFFSET  3.2508 -8.3261 -9.6251
X -0.8492  0.4122 -0.3300
Y  0.0313 -0.5846 -0.8107
Z -0.5271 -0.6988  0.4835

PART 51
OFFSET  4.8308 -7.7301 -8.5888
X -0.8494  0.4161 -0.3247
Y  0.4683  0.8779 -0.1002
Z  0.2434 -0.2371 -0.9405

PART 52
OFFSET  4.6403 -8.1774 -7.4936
X -0.8494  0.4161 -0.3247
Y  0.4683  0.8779 -0.1002
Z  0.2434 -0.2371 -0.9405

PART 53
OFFSET  4.1552 -9.4325 -7.5110
X -0.8494  0.4161 -0.3247
Y  0.4683  0.8779 -0.1002
Z  0.2434 -0.2371 -0.9405

PART 54
OFFSET  5.8543 -9.5897 -8.6135
X -0.8337  0.4232  0.3548
Y -0.5291 -0.4280 -0.7327
Z -0.1582 -0.7986  0.5808

PART 55
OFFSET  6.8049 -9.0392 -8.3045
X -0.8897 -0.4350  0.1384
Y  0.0002 -0.3035 -0.9528
Z  0.4565 -0.8477  0.2701

PART 56
OFFSET  8.6995 -8.0231 -8.5230
X -0.5449  0.2735  0.7926
Y -0.7674 -0.5437 -0.3399
Z  0.3379 -0.7935  0.5062

PART 57
OFFSET  9.4955 -8.4082 -9.8795
X -0.2397  0.3065  0.9212
Y -0.9030 -0.4190 -0.0956
Z  0.3567 -0.8547  0.3772

PART 58
OFFSET  9.7538 -8.6934 -10.8913
X -0.5921  0.6889  0.4181
Y  0.1377  0.5976 -0.7898
Z -0.7940 -0.4101 -0.4487

PART 59
OFFSET  6.0251 -10.2448 -9.8156
X -0.5296  0.3697  0.7634
Y  0.0094 -0.8974  0.4411
Z  0.8482  0.2408  0.4718

PART 60
OFFSET  7.3375 -10.9302 -11.5163
X -0.3839 -0.7154  0.5838
Y  0.3499 -0.6978 -0.6250
Z  0.8545 -0.0357  0.5182

PART 61
OFFSET  7.8811 -9.9174 -12.3428
X  0.0728 -0.9767 -0.2020
Y  0.5600  0.2076 -0.8021
Z  0.8253 -0.0547  0.5620

PART 62
OFFSET  7.8165 -9.0515 -12.1637
X  0.4549 -0.4036 -0.7939
Y  0.2307  0.9144 -0.3326
Z  0.8601 -0.0319  0.5091

PART 63
OFFSET  7.3843 -8.6681 -11.4095
X -0.6172 -0.2607  0.7424
Y -0.0098  0.9460  0.3241
Z -0.7868  0.1927 -0.5864

PART 64
OFFSET  6.5380 -10.1649 -9.3256
X -0.6744  0.3884  0.6279
Y -0.0193 -0.8595  0.5109
Z  0.7381  0.3324  0.5871

PART 65
OFFSET  8.1784 -11.2412 -11.0313
X -0.3156 -0.6712  0.6708
Y  0.3307 -0.7404 -0.5852
Z  0.8894  0.0371  0.4556

PART 66
OFFSET  8.7157 -10.0986 -12.1733
X  0.2169 -0.9115 -0.3496
Y  0.4269  0.4106 -0.8057
Z  0.8779  0.0255  0.4781

PART 67
OFFSET  8.4151 -8.8354 -11.6888
X  0.4737 -0.2367 -0.8483
Y  0.0874  0.9711 -0.2221
Z  0.8763  0.0310  0.4807

PART 68
OFFSET  7.9014 -8.5787 -10.7688
X -0.3949 -0.3593  0.8455
Y -0.2376  0.9290  0.2838
Z -0.8875 -0.0888 -0.4523

PART 69
OFFSET  2.7473 -7.8944 -6.2058
X -0.7260  0.2589  0.6370
Y -0.1116  0.8697 -0.4808
Z -0.6785 -0.4202 -0.6025

PART 70
OFFSET  9.4429 -11.2128 -9.2276
X -0.4497  0.0215  0.8929
Y  0.1506 -0.9836  0.0995
Z  0.8804  0.1792  0.4391

PART 71
OFFSET  10.2347 -11.2506 -10.7997
X -0.4174 -0.0996  0.9032
Y  0.2522 -0.9676  0.0099
Z  0.8730  0.2319  0.4290

PART 72
OFFSET  10.7952 -11.1154 -11.8717
X -0.3105 -0.5593  0.7686
Y  0.4320 -0.8033 -0.4100
Z  0.8467  0.2047  0.4911

PART 73
OFFSET  11.1459 -10.4837 -12.7399
X -0.0508  0.9648  0.2581
Y  0.3093  0.2609 -0.9145
Z -0.9496  0.0334 -0.3117

PART 74
OFFSET  8.8083 -11.4888 -10.0888
X -0.3633 -0.5632  0.7422
Y  0.4552 -0.8023 -0.3861
Z  0.8129  0.1976  0.5479

PART 75
OFFSET  9.5180 -10.3885 -11.5387
X  0.2849 -0.9551 -0.0806
Y  0.4720  0.2130 -0.8555
Z  0.8343  0.2057  0.5115

PART 76
OFFSET  9.1018 -8.9933 -11.4209
X  0.5251 -0.3182 -0.7894
Y -0.0421  0.9167 -0.3975
Z  0.8500  0.2419  0.4679

PART 77
OFFSET  8.5011 -8.6341 -10.5305
X -0.4301 -0.3570  0.8292
Y -0.3058  0.9218  0.2382
Z -0.8494 -0.1511 -0.5056

PART 78
OFFSET  0.0000 -0.0000 -0.0000
X  1.0000 -0.0000  0.0000
Y  0.0000  1.0000  0.0000
Z  0.0000 -0.0000  1.0000

PART 79
OFFSET  0.0000 -0.0000 -0.0000
X  1.0000 -0.0000  0.0000
Y  0.0000  1.0000  0.0000
Z  0.0000 -0.0000  1.0000

PART 80
OFFSET  1.5404 -0.0000  4.1357
X  1.0000 -0.0000  0.0000
Y  0.0000  1.0000  0.0000
Z  0.0000 -0.0000  1.0000


FRAME 312
PART 0
OFFSET -4.6318 -0.0000 -1.3770
X  1.0000 -0.0000  0.0000
Y  0.0000  1.0000  0.0000
Z  0.0000 -0.0000  1.0000

PART 1
OFFSET -4.6318 -0.0000 -1.3770
X  1.0000 -0.0000  0.0000
Y  0.0000  1.0000  0.0000
Z  0.0000 -0.0000  1.0000

PART 2
OFFSET -6.7281  3.8438 -4.9859
X  0.3807  0.5610 -0.7351
Y  0.4002 -0.8166 -0.4159
Z -0.8336 -0.1359 -0.5354

PART 3
OFFSET -2.1238  10.6280 -13.8761
X  0.9873 -0.1485  0.0556
Y -0.1366 -0.6182  0.7740
Z -0.0806 -0.7718 -0.6307

PART 4
OFFSET  6.2739  9.3646 -13.4030
X  0.9873 -0.1485  0.0556
Y -0.0851 -0.1999  0.9761
Z -0.1339 -0.9685 -0.2100

PART 5
OFFSET  7.8696  10.5022 -13.5772
X  0.9884 -0.1427  0.0527
Y  0.0797  0.7810  0.6194
Z -0.1296 -0.6080  0.7833

PART 6
OFFSET  7.3879  9.4266 -14.7790
X  0.9884 -0.1427  0.0527
Y  0.0797  0.7810  0.6194
Z -0.1296 -0.6080  0.7833

PART 7
OFFSET  8.0321  8.7691 -11.6521
X  0.9884 -0.1427  0.0527
Y  0.0797  0.7810  0.6194
Z -0.1296 -0.6080  0.7833

PART 8
OFFSET  7.7976  7.6279 -12.3261
X  0.9884 -0.1427  0.0527
Y  0.0797  0.7810  0.6194
Z -0.1296 -0.6080  0.7833

PART 9
OFFSET  7.5006  7.8102 -13.4725
X  0.9884 -0.1427  0.0527
Y  0.0797  0.7810  0.6194
Z -0.1296 -0.6080  0.7833

PART 10
OFFSET  9.3008  8.9093 -13.2325
X  0.9998 -0.0137 -0.0164
Y  0.0137 -0.1730  0.9848
Z -0.0163 -0.9848 -0.1728

PART 11
OFFSET  9.7571  8.3317 -12.3604
X  0.8835 -0.0736  0.4626
Y -0.4168  0.3273  0.8480
Z -0.2139 -0.9420  0.2585

PART 12
OFFSET  11.6101  8.1531 -11.2630
X  0.9872  0.0066 -0.1594
Y  0.1593  0.0100  0.9872
Z  0.0081 -0.9999  0.0088

PART 13
OFFSET  13.1951  8.0512 -11.5783
X  0.8948 -0.2254 -0.3853
Y  0.4023  0.0330  0.9149
Z -0.1935 -0.9737  0.1202

PART 14
OFFSET  14.1608  7.7634 -11.9739
X  0.8677  0.4659 -0.1731
Y -0.4901  0.8599 -0.1426
Z  0.0824  0.2085  0.9745

PART 15
OFFSET  10.1288  8.8839 -14.3357
X  0.9033 -0.1363 -0.4067
Y -0.1801 -0.9811 -0.0713
Z -0.3892  0.1376 -0.9108

PART 16
OFFSET  12.1931  8.4373 -15.1255
X  0.5978 -0.7882 -0.1461
Y -0.6717 -0.5920  0.4453
Z -0.4375 -0.1681 -0.8834

PART 17
OFFSET  13.0395  7.3213 -15.3324
X -0.1262 -0.9569  0.2616
Y -0.9126  0.2153  0.3474
Z -0.3888 -0.1949 -0.9005

PART 18
OFFSET  12.9276  6.4729 -15.1005
X -0.7439 -0.4732  0.4719
Y -0.4962  0.8641  0.0844
Z -0.4477 -0.1714 -0.8776

PART 19
OFFSET  12.2208  6.0233 -14.6522
X  0.9452 -0.1557 -0.2870
Y  0.0475  0.9352 -0.3509
Z  0.3230  0.3180  0.8914

PART 20
OFFSET  10.3601  8.9034 -13.6607
X  0.9471  0.0341 -0.3191
Y -0.0374 -0.9758 -0.2155
Z -0.3187  0.2160 -0.9229

PART 21
OFFSET  12.8053  8.7142 -14.5232
X  0.6019 -0.7895 -0.1202
Y -0.7268 -0.6039  0.3271
Z -0.3309 -0.1095 -0.9373

PART 22
OFFSET  13.8299  7.3701 -14.7278
X -0.2938 -0.9299  0.2213
Y -0.9055  0.3449  0.2471
Z -0.3061 -0.1278 -0.9434

PART 23
OFFSET  13.4228  6.0813 -14.4211
X -0.8127 -0.4838  0.3248
Y -0.4965  0.8667  0.0487
Z -0.3051 -0.1217 -0.9445

PART 24
OFFSET  12.5414  5.5566 -14.0688
X  0.9344 -0.1047 -0.3404
Y  0.0726  0.9917 -0.1057
Z  0.3487  0.0741  0.9343

PART 25
OFFSET  12.3959  8.0643 -11.8118
X  0.9335 -0.2533 -0.2539
Y  0.3067  0.9308  0.1989
Z  0.1860 -0.2636  0.9465

PART 26
OFFSET  13.2129  9.0913 -12.4892
X  0.5237 -0.8164 -0.2433
Y -0.8046 -0.5678  0.1737
Z -0.2800  0.1048 -0.9543

PART 27
OFFSET  14.1349  7.6538 -12.9176
X -0.2339 -0.9631 -0.1332
Y -0.9454  0.1932  0.2626
Z -0.2272  0.1873 -0.9557

PART 28
OFFSET  13.8644  6.4716 -13.0215
X -0.5675 -0.8176  0.0975
Y -0.7769  0.5709  0.2653
Z -0.2726  0.0749 -0.9592

PART 29
OFFSET  13.2234  5.5481 -12.9114
X  0.8094 -0.2282 -0.5411
Y  0.3403  0.9332  0.1156
Z  0.4785 -0.2777  0.8330

PART 30
OFFSET  13.0884  9.1038 -13.5869
X  0.5157 -0.8499 -0.1082
Y -0.8341 -0.5269  0.1631
Z -0.1956  0.0061 -0.9807

PART 31
OFFSET  14.0960  7.4435 -13.7982
X -0.2414 -0.9701  0.0267
Y -0.9411  0.2407  0.2375
Z -0.2368  0.0322 -0.9710

PART 32
OFFSET  13.7434  6.0266 -13.7593
X -0.7704 -0.6131  0.1749
Y -0.5763  0.7870  0.2202
Z -0.2727  0.0689 -0.9596

PART 33
OFFSET  12.8693  5.3321 -13.5681
X  0.9763 -0.0369 -0.2135
Y  0.0344  0.9993 -0.0157
Z  0.2139  0.0080  0.9768

PART 34
OFFSET  11.9790  7.4645 -14.0709
X -0.3679  0.1666 -0.9148
Y  0.0163  0.9848  0.1728
Z  0.9297  0.0486 -0.3650

PART 35
OFFSET  10.7251 -7.0308 -10.5948
X  0.5280 -0.1256 -0.8399
Y  0.1538  0.9868 -0.0508
Z  0.8352 -0.1023  0.5404

PART 36
OFFSET  10.7251 -7.0308 -10.5948
X  0.5280 -0.1256 -0.8399
Y  0.1538  0.9868 -0.0508
Z  0.8352 -0.1023  0.5404

PART 37
OFFSET  12.7643 -7.3282 -13.1649
X  0.5280 -0.1256 -0.8399
Y  0.1538  0.9868 -0.0508
Z  0.8352 -0.1023  0.5404

PART 38
OFFSET  12.8612 -7.3805 -10.9219
X  0.5280 -0.1256 -0.8399
Y  0.1538  0.9868 -0.0508
Z  0.8352 -0.1023  0.5404

PART 39
OFFSET -96.6489  9.4950  68.6625
X  0.5108 -0.1234 -0.8508
Y  0.1538  0.9868 -0.0508
Z  0.8458 -0.1049  0.5231

PART 40
OFFSET  12.3255 -7.3136 -11.2374
X  0.5108 -0.1234 -0.8508
Y  0.1538  0.9868 -0.0508
Z  0.8458 -0.1049  0.5231

PART 41
OFFSET  12.6664 -6.8167 -11.1063
X  0.5108 -0.1234 -0.8508
Y  0.1538  0.9868 -0.0508
Z  0.8458 -0.1049  0.5231

PART 42
OFFSET  13.2050 -6.8773 -10.7774
X  0.5108 -0.1234 -0.8508
Y  0.1538  0.9868 -0.0508
Z  0.8458 -0.1049  0.5231

PART 43
OFFSET  13.3855 -7.4451 -10.5886
X  0.5108 -0.1234 -0.8508
Y  0.1538  0.9868 -0.0508
Z  0.8458 -0.1049  0.5231

PART 44
OFFSET  13.0421 -7.9436 -10.7210
X  0.5108 -0.1234 -0.8508
Y  0.1538  0.9868 -0.0508
Z  0.8458 -0.1049  0.5231

PART 45
OFFSET  12.5147 -7.8762 -11.0442
X  0.5108 -0.1234 -0.8508
Y  0.1538  0.9868 -0.0508
Z  0.8458 -0.1049  0.5231

PART 46
OFFSET -95.7025  9.2663  67.0863
X  0.5108 -0.1234 -0.8508
Y  0.1538  0.9868 -0.0508
Z  0.8458 -0.1049  0.5231

PART 47
OFFSET  11.6952 -6.9580 -9.8587
X  0.5280 -0.1256 -0.8399
Y  0.1538  0.9868 -0.0508
Z  0.8352 -0.1023  0.5404

PART 48
OFFSET -7.8386 -1.3192 -1.5206
X -0.3463  0.3633  0.8649
Y -0.7001 -0.7138  0.0195
Z  0.6245 -0.5987  0.5015

PART 49
OFFSET -3.6508 -5.7124 -11.9812
X -0.8956  0.1528 -0.4177
Y  0.3424 -0.3626 -0.8668
Z -0.2839 -0.9193  0.2724

PART 50
OFFSET  3.9669 -7.0123 -8.4282
X -0.8956  0.1528 -0.4177
Y  0.3575 -0.3114 -0.8805
Z -0.2646 -0.9379  0.2242

PART 51
OFFSET  5.3267 -5.9116 -7.4983
X -0.8969  0.1575 -0.4133
Y  0.2815  0.9240 -0.2588
Z  0.3411 -0.3484 -0.8731

PART 52
OFFSET  5.1700 -6.1799 -6.3410
X -0.8969  0.1575 -0.4133
Y  0.2815  0.9240 -0.2588
Z  0.3411 -0.3484 -0.8731

PART 53
OFFSET  4.9569 -7.4911 -6.1255
X -0.8969  0.1575 -0.4133
Y  0.2815  0.9240 -0.2588
Z  0.3411 -0.3484 -0.8731

PART 54
OFFSET  6.7126 -7.4808 -7.1475
X -0.7309  0.2470  0.6362
Y -0.6804 -0.1906 -0.7076
Z -0.0535 -0.9501  0.3074

PART 55
OFFSET  7.7199 -7.0179 -6.8771
X -0.8519 -0.4961  0.1676
Y -0.2055  0.0224 -0.9784
Z  0.4817 -0.8680 -0.1211

PART 56
OFFSET  9.5520 -5.9012 -7.1343
X -0.3612 -0.0234  0.9322
Y -0.8345 -0.4381 -0.3343
Z  0.4162 -0.8986  0.1387

PART 57
OFFSET  10.0386 -5.7889 -8.6747
X -0.0351 -0.0202  0.9992
Y -0.9131 -0.4057 -0.0403
Z  0.4062 -0.9138 -0.0042

PART 58
OFFSET  10.0736 -5.7184 -9.7543
X -0.4750  0.4885  0.7320
Y -0.0150  0.8272 -0.5617
Z -0.8798 -0.2778 -0.3856

PART 59
OFFSET  6.6133 -7.7019 -8.5057
X -0.3499  0.0776  0.9336
Y  0.0788 -0.9906  0.1119
Z  0.9335  0.1128  0.3405

PART 60
OFFSET  7.5258 -7.7384 -10.5674
X -0.2716 -0.8827  0.3835
Y  0.1949 -0.4407 -0.8763
Z  0.9425 -0.1632  0.2917

PART 61
OFFSET  7.9103 -6.4887 -11.1104
X  0.0051 -0.8539 -0.5203
Y  0.3857  0.4818 -0.7868
Z  0.9226 -0.1967  0.3319

PART 62
OFFSET  7.9057 -5.7315 -10.6490
X  0.2697 -0.1031 -0.9574
Y  0.1789  0.9823 -0.0554
Z  0.9462 -0.1564  0.2833

PART 63
OFFSET  7.6495 -5.6336 -9.7395
X -0.4554 -0.5152  0.7261
Y  0.0811  0.7882  0.6101
Z -0.8866  0.3367 -0.3171

PART 64
OFFSET  7.2188 -7.7623 -8.1324
X -0.5192  0.1327  0.8443
Y  0.0663 -0.9786  0.1946
Z  0.8521  0.1570  0.4994

PART 65
OFFSET  8.4413 -8.1515 -10.3935
X -0.1855 -0.8661  0.4642
Y  0.1834 -0.4947 -0.8495
Z  0.9654 -0.0725  0.2506

PART 66
OFFSET  8.7572 -6.6770 -11.1839
X  0.1169 -0.7379 -0.6647
Y  0.2598  0.6687 -0.6966
Z  0.9586 -0.0913  0.2699

PART 67
OFFSET  8.5952 -5.6544 -10.2627
X  0.2808  0.0731 -0.9570
Y  0.0632  0.9935  0.0944
Z  0.9577 -0.0870  0.2744

PART 68
OFFSET  8.2907 -5.7336 -9.2248
X -0.2191 -0.6317  0.7436
Y -0.1504  0.7749  0.6140
Z -0.9641  0.0227 -0.2647

PART 69
OFFSET  4.2173 -6.8009 -3.7365
X -0.5710  0.0051  0.8209
Y -0.1878  0.9727 -0.1366
Z -0.7992 -0.2322 -0.5544

PART 70
OFFSET  10.0538 -8.6527 -8.9787
X -0.2534 -0.2898  0.9229
Y  0.1437 -0.9548 -0.2603
Z  0.9566  0.0667  0.2836

PART 71
OFFSET  10.5000 -8.1424 -10.6036
X -0.2227 -0.4061  0.8863
Y  0.2249 -0.9060 -0.3586
Z  0.9486  0.1194  0.2930

PART 72
OFFSET  10.8283 -7.6415 -11.6633
X -0.1575 -0.7919  0.5900
Y  0.3173 -0.6063 -0.7291
Z  0.9351  0.0724  0.3468

PART 73
OFFSET  11.0061 -6.7471 -12.3297
X  0.0278  0.8255  0.5637
Y  0.1186  0.5572 -0.8219
Z -0.9926  0.0897 -0.0824

PART 74
OFFSET  9.2473 -8.6627 -9.7336
X -0.2147 -0.7894  0.5751
Y  0.3450 -0.6122 -0.7115
Z  0.9137  0.0457  0.4038

PART 75
OFFSET  9.6667 -7.1206 -10.8572
X  0.2383 -0.8634 -0.4447
Y  0.2887  0.5002 -0.8164
Z  0.9273  0.0662  0.3685

PART 76
OFFSET  9.3185 -5.8595 -10.2076
X  0.3413 -0.0207 -0.9397
Y -0.1013  0.9931 -0.0587
Z  0.9345  0.1152  0.3369

PART 77
OFFSET  8.9253 -5.8361 -9.1457
X -0.2568 -0.6258  0.7365
Y -0.2267  0.7798  0.5835
Z -0.9395 -0.0172 -0.3421

PART 78
OFFSET  0.0000 -0.0000 -0.0000
X  1.0000 -0.0000  0.0000
Y  0.0000  1.0000  0.0000
Z  0.0000 -0.0000  1.0000

PART 79
OFFSET  0.0000 -0.0000 -0.0000
X  1.0000 -0.0000  0.0000
Y  0.0000  1.0000  0.0000
Z  0.0000 -0.0000  1.0000

PART 80
OFFSET  1.5404 -0.0000  4.1357
X  1.0000 -0.0000  0.0000
Y  0.0000  1.0000  0.0000
Z  0.0000 -0.0000  1.0000


FRAME 313
PART 0
OFFSET -4.6318 -0.0000 -1.3770
X  1.0000 -0.0000  0.0000
Y  0.0000  1.0000  0.0000
Z  0.0000 -0.0000  1.0000

PART 1
OFFSET -4.6318 -0.0000 -1.3770
X  1.0000 -0.0000  0.0000
Y  0.0000  1.0000  0.0000
Z  0.0000 -0.0000  1.0000

PART 2
OFFSET -6.7281  3.8438 -4.9859
X  0.3876  0.5537 -0.7370
Y  0.4034 -0.8208 -0.4045
Z -0.8289 -0.1406 -0.5415

PART 3
OFFSET -2.0404  10.5405 -13.8989
X  0.9879 -0.1435  0.0595
Y -0.1359 -0.6120  0.7791
Z -0.0754 -0.7778 -0.6240

PART 4
OFFSET  6.3617  9.3197 -13.3924
X  0.9879 -0.1435  0.0595
Y -0.0876 -0.1979  0.9763
Z -0.1284 -0.9697 -0.2080

PART 5
OFFSET  7.9527  10.4629 -13.5725
X  0.9888 -0.1377  0.0566
Y  0.0745  0.7869  0.6126
Z -0.1289 -0.6015  0.7884

PART 6
OFFSET  7.4791  9.3744 -14.7661
X  0.9888 -0.1377  0.0566
Y  0.0745  0.7869  0.6126
Z -0.1289 -0.6015  0.7884

PART 7
OFFSET  8.1179  8.7477 -11.6317
X  0.9888 -0.1377  0.0566
Y  0.0745  0.7869  0.6126
Z -0.1289 -0.6015  0.7884

PART 8
OFFSET  7.8903  7.5996 -12.2961
X  0.9888 -0.1377  0.0566
Y  0.0745  0.7869  0.6126
Z -0.1289 -0.6015  0.7884

PART 9
OFFSET  7.5956  7.7703 -13.4449
X  0.9888 -0.1377  0.0566
Y  0.0745  0.7869  0.6126
Z -0.1289 -0.6015  0.7884

PART 10
OFFSET  9.3902  8.8796 -13.2099
X  0.9998 -0.0153 -0.0135
Y  0.0107 -0.1715  0.9851
Z -0.0174 -0.9851 -0.1713

PART 11
OFFSET  9.8430  8.3028 -12.3356
X  0.8799 -0.1500  0.4509
Y -0.3944  0.2986  0.8691
Z -0.2650 -0.9425  0.2036

PART 12
OFFSET  11.6877  7.9565 -11.2646
X  0.9922 -0.0382 -0.1187
Y  0.1167 -0.0499  0.9919
Z -0.0438 -0.9980 -0.0450

PART 13
OFFSET  13.2776  7.7861 -11.5204
X  0.9150 -0.2538 -0.3137
Y  0.3179 -0.0252  0.9478
Z -0.2485 -0.9669  0.0576

PART 14
OFFSET  14.2611  7.4670 -11.8409
X  0.9005  0.4286 -0.0732
Y -0.4348  0.8886 -0.1462
Z  0.0024  0.1635  0.9865

PART 15
OFFSET  10.2213  8.8512 -14.3108
X  0.9043 -0.1384 -0.4039
Y -0.1814 -0.9809 -0.0702
Z -0.3864  0.1367 -0.9121

PART 16
OFFSET  12.2871  8.4001 -15.0939
X  0.6511 -0.7371 -0.1812
Y -0.6217 -0.6548  0.4298
Z -0.4355 -0.1672 -0.8845

PART 17
OFFSET  13.2089  7.3566 -15.3504
X  0.0246 -0.9801  0.1970
Y -0.9231  0.0534  0.3808
Z -0.3838 -0.1912 -0.9034

PART 18
OFFSET  13.2307  6.4876 -15.1758
X -0.5967 -0.6719  0.4388
Y -0.6680  0.7189  0.1924
Z -0.4447 -0.1783 -0.8777

PART 19
OFFSET  12.6639  5.8493 -14.7589
X  0.9400  0.0884 -0.3295
Y -0.1765  0.9525 -0.2480
Z  0.2919  0.2913  0.9110

PART 20
OFFSET  10.4507  8.8714 -13.6351
X  0.9481  0.0322 -0.3164
Y -0.0383 -0.9761 -0.2140
Z -0.3157  0.2150 -0.9242

PART 21
OFFSET  12.8980  8.6771 -14.4903
X  0.6582 -0.7388 -0.1447
Y -0.6774 -0.6651  0.3144
Z -0.3285 -0.1089 -0.9382

PART 22
OFFSET  14.0186  7.4193 -14.7366
X -0.1513 -0.9722  0.1785
Y -0.9415  0.1968  0.2738
Z -0.3013 -0.1266 -0.9451

PART 23
OFFSET  13.8089  6.0718 -14.4892
X -0.6783 -0.6702  0.3012
Y -0.6702  0.7324  0.1202
Z -0.3012 -0.1203 -0.9459

PART 24
OFFSET  13.0733  5.3450 -14.1625
X  0.9238  0.1248 -0.3620
Y -0.1467  0.9886 -0.0336
Z  0.3537  0.0842  0.9316

PART 25
OFFSET  12.4798  8.0323 -11.7791
X  0.9338 -0.2551 -0.2508
Y  0.3075  0.9306  0.1983
Z  0.1828 -0.2623  0.9475

PART 26
OFFSET  13.3004  9.0568 -12.4558
X  0.5870 -0.7688 -0.2537
Y -0.7607 -0.6310  0.1522
Z -0.2771  0.1037 -0.9552

PART 27
OFFSET  14.3338  7.7032 -12.9024
X -0.0880 -0.9808 -0.1741
Y -0.9682  0.0431  0.2465
Z -0.2342  0.1903 -0.9534

PART 28
OFFSET  14.2411  6.4993 -13.0562
X -0.3799 -0.9244  0.0339
Y -0.8869  0.3745  0.2704
Z -0.2626  0.0727 -0.9622

PART 29
OFFSET  13.8119  5.4551 -13.0179
X  0.8505 -0.0167 -0.5257
Y  0.1289  0.9756  0.1775
Z  0.5100 -0.2187  0.8319

PART 30
OFFSET  13.1791  9.0678 -13.5538
X  0.5758 -0.8090 -0.1184
Y -0.7945 -0.5878  0.1522
Z -0.1927  0.0065 -0.9812

PART 31
OFFSET  14.3040  7.4874 -13.7851
X -0.1031 -0.9947 -0.0045
Y -0.9663  0.0991  0.2375
Z -0.2357  0.0289 -0.9714

PART 32
OFFSET  14.1534  6.0346 -13.7917
X -0.6277 -0.7670  0.1331
Y -0.7278  0.6388  0.2495
Z -0.2764  0.0598 -0.9592

PART 33
OFFSET  13.4411  5.1658 -13.6479
X  0.9638  0.1763 -0.2001
Y -0.1731  0.9843  0.0335
Z  0.2029  0.0024  0.9792

PART 34
OFFSET  12.0686  7.4294 -14.0383
X -0.3650  0.1657 -0.9161
Y  0.0174  0.9851  0.1713
Z  0.9308  0.0466 -0.3624

PART 35
OFFSET  10.4650 -6.2883 -9.9163
X  0.6061 -0.1147 -0.7870
Y  0.1582  0.9872 -0.0220
Z  0.7795 -0.1112  0.6165

PART 36
OFFSET  10.4650 -6.2883 -9.9163
X  0.6061 -0.1147 -0.7870
Y  0.1582  0.9872 -0.0220
Z  0.7795 -0.1112  0.6165

PART 37
OFFSET  12.7413 -6.5532 -12.2828
X  0.6061 -0.1147 -0.7870
Y  0.1582  0.9872 -0.0220
Z  0.7795 -0.1112  0.6165

PART 38
OFFSET  12.6226 -6.6369 -10.0418
X  0.6061 -0.1147 -0.7870
Y  0.1582  0.9872 -0.0220
Z  0.7795 -0.1112  0.6165

PART 39
OFFSET -104.0144  9.3086  58.8964
X  0.5901 -0.1124 -0.7995
Y  0.1582  0.9872 -0.0220
Z  0.7917 -0.1135  0.6003

PART 40
OFFSET  12.1196 -6.5647 -10.4064
X  0.5901 -0.1124 -0.7995
Y  0.1582  0.9872 -0.0220
Z  0.7917 -0.1135  0.6003

PART 41
OFFSET  12.4466 -6.0703 -10.2362
X  0.5901 -0.1124 -0.7995
Y  0.1582  0.9872 -0.0220
Z  0.7917 -0.1135  0.6003

PART 42
OFFSET  12.9511 -6.1363 -9.8581
X  0.5901 -0.1124 -0.7995
Y  0.1582  0.9872 -0.0220
Z  0.7917 -0.1135  0.6003

PART 43
OFFSET  13.1124 -6.7070 -9.6607
X  0.5901 -0.1124 -0.7995
Y  0.1582  0.9872 -0.0220
Z  0.7917 -0.1135  0.6003

PART 44
OFFSET  12.7832 -7.2031 -9.8325
X  0.5901 -0.1124 -0.7995
Y  0.1582  0.9872 -0.0220
Z  0.7917 -0.1135  0.6003

PART 45
OFFSET  12.2892 -7.1303 -10.2038
X  0.5901 -0.1124 -0.7995
Y  0.1582  0.9872 -0.0220
Z  0.7917 -0.1135  0.6003

PART 46
OFFSET -102.9211  9.1003  57.4152
X  0.5901 -0.1124 -0.7995
Y  0.1582  0.9872 -0.0220
Z  0.7917 -0.1135  0.6003

PART 47
OFFSET  11.3600 -6.2273 -9.0897
X  0.6061 -0.1147 -0.7870
Y  0.1582  0.9872 -0.0220
Z  0.7795 -0.1112  0.6165

PART 48
OFFSET -7.8386 -1.3192 -1.5206
X -0.3072  0.3694  0.8770
Y -0.6788 -0.7310  0.0701
Z  0.6670 -0.5738  0.4753

PART 49
OFFSET -4.1231 -5.7862 -12.1273
X -0.8870  0.0859 -0.4538
Y  0.3921 -0.3791 -0.8382
Z -0.2440 -0.9214  0.3026

PART 50
OFFSET  3.4209 -6.5165 -8.2678
X -0.8870  0.0859 -0.4538
Y  0.4096 -0.3077 -0.8588
Z -0.2134 -0.9476  0.2378

PART 51
OFFSET  4.6858 -5.3049 -7.3417
X -0.8886  0.0907 -0.4496
Y  0.2408  0.9265 -0.2892
Z  0.3903 -0.3653 -0.8451

PART 52
OFFSET  4.5023 -5.5330 -6.1797
X -0.8886  0.0907 -0.4496
Y  0.2408  0.9265 -0.2892
Z  0.3903 -0.3653 -0.8451

PART 53
OFFSET  4.3520 -6.8437 -5.9145
X -0.8886  0.0907 -0.4496
Y  0.2408  0.9265 -0.2892
Z  0.3903 -0.3653 -0.8451

PART 54
OFFSET  6.1401 -6.7797 -6.8766
X -0.7885  0.2393  0.5666
Y -0.6094 -0.1796 -0.7722
Z -0.0831 -0.9542  0.2875

PART 55
OFFSET  7.1169 -6.3222 -6.5043
X -0.8642 -0.4970  0.0781
Y -0.1107  0.0364 -0.9932
Z  0.4908 -0.8670 -0.0864

PART 56
OFFSET  8.9656 -5.2051 -6.5689
X -0.4490 -0.0358  0.8928
Y -0.7987 -0.4320 -0.4189
Z  0.4007 -0.9011  0.1654

PART 57
OFFSET  9.5978 -5.0722 -8.0538
X -0.1309 -0.0340  0.9908
Y -0.9052 -0.4036 -0.1334
Z  0.4044 -0.9143  0.0220

PART 58
OFFSET  9.7362 -4.9867 -9.1240
X -0.5429  0.4790  0.6898
Y  0.0392  0.8349 -0.5490
Z -0.8389 -0.2710 -0.4721

PART 59
OFFSET  6.1715 -6.9817 -8.2411
X -0.4379  0.0652  0.8967
Y  0.0675 -0.9922  0.1050
Z  0.8965  0.1065  0.4300

PART 60
OFFSET  7.2777 -6.9910 -10.2060
X -0.3074 -0.8875  0.3433
Y  0.2779 -0.4288 -0.8596
Z  0.9101 -0.1688  0.3785

PART 61
OFFSET  7.7129 -5.7345 -10.6920
X  0.0548 -0.8466 -0.5294
Y  0.4596  0.4920 -0.7394
Z  0.8864 -0.2028  0.4161

PART 62
OFFSET  7.6642 -4.9838 -10.2227
X  0.3603 -0.0902 -0.9285
Y  0.1837  0.9827 -0.0242
Z  0.9146 -0.1618  0.3706

PART 63
OFFSET  7.3220 -4.8981 -9.3406
X -0.5231 -0.5245  0.6718
Y  0.0224  0.7795  0.6260
Z -0.8520  0.3426 -0.3960

PART 64
OFFSET  6.7384 -7.0482 -7.8123
X -0.5978  0.1218  0.7923
Y  0.0470 -0.9814  0.1863
Z  0.8002  0.1486  0.5810

PART 65
OFFSET  8.1721 -7.4080 -9.9509
X -0.2295 -0.8721  0.4321
Y  0.2639 -0.4831 -0.8349
Z  0.9369 -0.0775  0.3410

PART 66
OFFSET  8.5628 -5.9232 -10.6866
X  0.1799 -0.7288 -0.6607
Y  0.3257  0.6779 -0.6591
Z  0.9282 -0.0966  0.3593

PART 67
OFFSET  8.3135 -4.9131 -9.7709
X  0.3714  0.0859 -0.9245
Y  0.0541  0.9920  0.1140
Z  0.9269 -0.0924  0.3638

PART 68
OFFSET  7.9107 -5.0063 -8.7682
X -0.2896 -0.6416  0.7102
Y -0.2084  0.7665  0.6075
Z -0.9342  0.0279 -0.3557

PART 69
OFFSET  3.3292 -6.1432 -3.7115
X -0.6471 -0.0054  0.7624
Y -0.1735  0.9748 -0.1404
Z -0.7424 -0.2231 -0.6317

PART 70
OFFSET  9.6412 -7.9314 -8.3950
X -0.3409 -0.3022  0.8902
Y  0.1678 -0.9513 -0.2587
Z  0.9250  0.0612  0.3750

PART 71
OFFSET  10.2415 -7.3994 -9.9623
X -0.3068 -0.4180  0.8551
Y  0.2580 -0.9013 -0.3480
Z  0.9161  0.1138  0.3843

PART 72
OFFSET  10.6701 -6.8843 -10.9785
X -0.2136 -0.7998  0.5610
Y  0.3857 -0.5967 -0.7037
Z  0.8976  0.0661  0.4359

PART 73
