// Export filename: `C:\projects\cod\t5\xanim_export\t5_viewmodels\python\python_flashlight_reload.XANIM_EXPORT`
// Source filename: `D:\projects\devanim\t5\animation_assets\viewmodels/python/flashlight/ViewModel_python_flashlight_animated.fbx`
// Export time: Sat Apr 17 20:11:10 2010

ANIMATION
VERSION 3

NUMPARTS 82
PART 0 "tag_ads"
PART 1 "tag_torso"
PART 2 "J_Shoulder_LE"
PART 3 "J_Elbow_LE"
PART 4 "J_WristTwist_LE"
PART 5 "J_Sleave_Reshape_Bottom_LE_1"
PART 6 "J_Sleave_Reshape_Bottom_LE_2"
PART 7 "J_Sleave_Reshape_Top_LE_1"
PART 8 "J_Sleave_Reshape_Top_LE_2"
PART 9 "J_Sleave_Reshape_Top_LE_3"
PART 10 "J_Wrist_LE"
PART 11 "J_Thumb_LE_0"
PART 12 "J_Thumb_LE_1"
PART 13 "J_Thumb_LE_2"
PART 14 "J_Thumb_LE_3"
PART 15 "J_PinkyPalm_LE"
PART 16 "J_Pinky_LE_0"
PART 17 "J_Pinky_LE_1"
PART 18 "J_Pinky_LE_2"
PART 19 "J_Pinky_LE_3"
PART 20 "J_RingPalm_LE"
PART 21 "J_Ring_LE_0"
PART 22 "J_Ring_LE_1"
PART 23 "J_Ring_LE_2"
PART 24 "J_Ring_LE_3"
PART 25 "J_Webbing_LE"
PART 26 "J_Index_LE_0"
PART 27 "J_Index_LE_1"
PART 28 "J_Index_LE_2"
PART 29 "J_Index_LE_3"
PART 30 "J_Mid_LE_0"
PART 31 "J_Mid_LE_1"
PART 32 "J_Mid_LE_2"
PART 33 "J_Mid_LE_3"
PART 34 "tag_knife_attach"
PART 35 "tag_weapon"
PART 36 "J_Gun"
PART 37 "TAG_CLIP"
PART 38 "J_Bolt"
PART 39 "tag_speedloader"
PART 40 "tag_spent0"
PART 41 "tag_spent1"
PART 42 "tag_spent2"
PART 43 "tag_spent3"
PART 44 "tag_spent4"
PART 45 "tag_spent5"
PART 46 "tag_bullets"
PART 47 "J_Press_Rear"
PART 48 "J_Flashlight"
PART 49 "J_Shoulder_RI"
PART 50 "J_Elbow_RI"
PART 51 "J_WristTwist_RI"
PART 52 "J_Sleave_Reshape_Top_RI_3"
PART 53 "J_Sleave_Reshape_Top_RI_2"
PART 54 "J_Sleave_Reshape_Top_RI_1"
PART 55 "J_Wrist_RI"
PART 56 "J_Thumb_RI_0"
PART 57 "J_Thumb_RI_1"
PART 58 "J_Thumb_RI_2"
PART 59 "J_Thumb_RI_3"
PART 60 "J_PinkyPalm_RI"
PART 61 "J_Pinky_RI_0"
PART 62 "J_Pinky_RI_1"
PART 63 "J_Pinky_RI_2"
PART 64 "J_Pinky_RI_3"
PART 65 "J_RingPalm_RI"
PART 66 "J_Ring_RI_0"
PART 67 "J_Ring_RI_1"
PART 68 "J_Ring_RI_2"
PART 69 "J_Ring_RI_3"
PART 70 "J_Webbing_RI"
PART 71 "J_Index_RI_0"
PART 72 "J_Index_RI_1"
PART 73 "J_Index_RI_2"
PART 74 "J_Index_RI_3"
PART 75 "J_Mid_RI_0"
PART 76 "J_Mid_RI_1"
PART 77 "J_Mid_RI_2"
PART 78 "J_Mid_RI_3"
PART 79 "tag_cambone"
PART 80 "tag_camera"
PART 81 "tag_gasmask"

FRAMERATE 30
NUMFRAMES 105

FRAME 300
PART 0
OFFSET -4.6318 -0.0000 -1.3770
X  1.0000 -0.0000  0.0000
Y  0.0000  1.0000  0.0000
Z  0.0000 -0.0000  1.0000

PART 1
OFFSET -1.9111 -0.4487 -1.8207
X  1.0000 -0.0000  0.0000
Y  0.0000  1.0000  0.0000
Z  0.0000 -0.0000  1.0000

PART 2
OFFSET -1.7776  7.8010 -3.1869
X  0.9139 -0.1836 -0.3621
Y -0.3734 -0.7304 -0.5719
Z -0.1595  0.6578 -0.7361

PART 3
OFFSET  9.2746  5.5803 -7.5665
X  0.2678 -0.9436  0.1946
Y -0.8753 -0.1539  0.4583
Z -0.4025 -0.2931 -0.8672

PART 4
OFFSET  11.5527 -2.4455 -5.9113
X  0.2678 -0.9436  0.1946
Y -0.9274 -0.3072 -0.2134
Z  0.2611 -0.1233 -0.9574

PART 5
OFFSET  13.2742 -3.2710 -5.1076
X  0.2741 -0.9419  0.1943
Y  0.4142  0.2979  0.8600
Z -0.8679 -0.1553  0.4718

PART 6
OFFSET  12.6294 -3.4232 -6.9228
X  0.2741 -0.9419  0.1943
Y  0.4142  0.2979  0.8600
Z -0.8679 -0.1553  0.4718

PART 7
OFFSET  11.1509 -4.2099 -4.0410
X  0.2741 -0.9419  0.1943
Y  0.4142  0.2979  0.8600
Z -0.8679 -0.1553  0.4718

PART 8
OFFSET  10.4983 -4.5154 -5.1381
X  0.2741 -0.9419  0.1943
Y  0.4142  0.2979  0.8600
Z -0.8679 -0.1553  0.4718

PART 9
OFFSET  10.8297 -4.2518 -6.2852
X  0.2741 -0.9419  0.1943
Y  0.4142  0.2979  0.8600
Z -0.8679 -0.1553  0.4718

PART 10
OFFSET  12.3738 -5.3383 -5.3148
X -0.3075 -0.7926  0.5266
Y -0.8988  0.0603 -0.4341
Z  0.3123 -0.6068 -0.7310

PART 11
OFFSET  11.4962 -5.8857 -5.7969
X -0.5584 -0.7800 -0.2826
Y -0.6366  0.6213 -0.4568
Z  0.5319 -0.0752 -0.8435

PART 12
OFFSET  10.2573 -7.5110 -6.4992
X -0.0083 -0.9280  0.3724
Y -0.7799 -0.2271 -0.5832
Z  0.6258 -0.2953 -0.7219

PART 13
OFFSET  10.3605 -9.0287 -5.9441
X  0.3923 -0.7932  0.4657
Y -0.7208 -0.5797 -0.3801
Z  0.5715 -0.1865 -0.7991

PART 14
OFFSET  10.7987 -9.9049 -5.4835
X -0.2260 -0.5852  0.7788
Y -0.4449  0.7732  0.4519
Z -0.8666 -0.2444 -0.4351

PART 15
OFFSET  13.1391 -6.1962 -4.5521
X  0.1564 -0.7506  0.6420
Y  0.3431 -0.5682 -0.7479
Z  0.9262  0.3372  0.1687

PART 16
OFFSET  13.3976 -8.0015 -3.2260
X -0.0899 -0.8575 -0.5066
Y  0.0641  0.5026 -0.8621
Z  0.9939 -0.1100  0.0097

PART 17
OFFSET  13.2703 -9.2155 -3.9432
X  0.0044 -0.0055 -1.0000
Y  0.1653  0.9862 -0.0046
Z  0.9862 -0.1653  0.0053

PART 18
OFFSET  13.2742 -9.2203 -4.8298
X  0.0797  0.7006 -0.7091
Y  0.0605  0.7067  0.7049
Z  0.9950 -0.0991  0.0140

PART 19
OFFSET  13.3500 -8.5547 -5.5035
X -0.2428 -0.9651  0.0978
Y  0.1201  0.0702  0.9903
Z -0.9626  0.2522  0.0989

PART 20
OFFSET  12.4305 -6.2457 -4.6227
X -0.0147 -0.7764  0.6300
Y  0.3577 -0.5925 -0.7218
Z  0.9337  0.2147  0.2864

PART 21
OFFSET  12.4070 -8.2354 -2.9497
X  0.0664 -0.8400 -0.5386
Y  0.0107  0.5403 -0.8414
Z  0.9977  0.0501  0.0448

PART 22
OFFSET  12.5200 -9.6654 -3.8666
X  0.0279  0.3161 -0.9483
Y -0.0339  0.9484  0.3152
Z  0.9990  0.0233  0.0372

PART 23
OFFSET  12.5587 -9.2272 -5.1809
X -0.0023  0.9189 -0.3945
Y -0.0477  0.3939  0.9179
Z  0.9989  0.0209  0.0430

PART 24
OFFSET  12.5562 -8.2306 -5.6087
X  0.0783 -0.9769 -0.1990
Y -0.0807 -0.2052  0.9754
Z -0.9937 -0.0603 -0.0949

PART 25
OFFSET  10.1660 -8.0110 -4.7726
X -0.0287 -0.9261  0.3761
Y -0.4230  0.3522  0.8349
Z -0.9057 -0.1352 -0.4019

PART 26
OFFSET  10.3816 -8.1556 -3.3187
X  0.1770 -0.8813 -0.4382
Y  0.2369  0.4703 -0.8501
Z  0.9553  0.0466  0.2920

PART 27
OFFSET  10.6932 -9.7072 -4.0902
X  0.3401  0.2444 -0.9081
Y -0.0702  0.9695  0.2347
Z  0.9378 -0.0161  0.3469

PART 28
OFFSET  11.0497 -9.4091 -5.2152
X  0.1241  0.8706 -0.4761
Y -0.2600  0.4916  0.8311
Z  0.9576  0.0207  0.2874

PART 29
OFFSET  11.1899 -8.4258 -5.7530
X  0.4637 -0.7214 -0.5144
Y -0.3231 -0.6783  0.6599
Z -0.8250 -0.1398 -0.5476

PART 30
OFFSET  11.4455 -8.2453 -3.0351
X  0.0951 -0.8119 -0.5759
Y  0.1590  0.5835 -0.7964
Z  0.9827 -0.0158  0.1846

PART 31
OFFSET  11.6313 -9.8315 -4.1602
X  0.1742  0.3601 -0.9165
Y -0.0942  0.9326  0.3485
Z  0.9802  0.0257  0.1964

PART 32
OFFSET  11.8857 -9.3055 -5.4989
X  0.0107  0.9530 -0.3027
Y -0.2471  0.2959  0.9227
Z  0.9689  0.0649  0.2386

PART 33
OFFSET  11.9048 -8.2259 -5.8407
X  0.0877 -0.9239 -0.3725
Y -0.1232 -0.3811  0.9163
Z -0.9885 -0.0344 -0.1472

PART 34
OFFSET  12.5003 -8.4443 -4.7671
X  0.9495  0.2250  0.2188
Y -0.3123  0.6068  0.7310
Z  0.0317 -0.7623  0.6464

PART 35
OFFSET  16.8463 -3.0985 -2.7029
X  1.0000 -0.0000  0.0000
Y  0.0000  1.0000  0.0000
Z  0.0000 -0.0000  1.0000

PART 36
OFFSET  16.8463 -3.0985 -2.7029
X  1.0000 -0.0000  0.0000
Y  0.0000  1.0000  0.0000
Z  0.0000 -0.0000  1.0000

PART 37
OFFSET  20.1191 -2.9478 -2.3581
X  1.0000 -0.0000  0.0000
Y  0.0000  1.0000  0.0000
Z  0.0000 -0.0000  1.0000

PART 38
OFFSET  18.2929 -3.0986 -1.0598
X  1.0000  0.0000 -0.0000
Y -0.0000  1.0000  0.0000
Z  0.0000  0.0000  1.0000

PART 39
OFFSET -31.5592 -1.2165  2.6144
X  0.9992 -0.0000 -0.0408
Y  0.0000  1.0000  0.0000
Z  0.0408 -0.0000  0.9992

PART 40
OFFSET  18.2666 -3.0989 -1.6846
X  0.9998 -0.0000 -0.0204
Y -0.0000  1.0000 -0.0000
Z  0.0204  0.0000  0.9998

PART 41
OFFSET  18.2742 -2.5628 -1.3798
X  0.9998 -0.0000 -0.0204
Y -0.0000  1.0000 -0.0000
Z  0.0204  0.0000  0.9998

PART 42
OFFSET  18.2900 -2.5564 -0.7461
X  0.9998 -0.0000 -0.0204
Y -0.0000  1.0000 -0.0000
Z  0.0204  0.0000  0.9998

PART 43
OFFSET  18.2979 -3.0986 -0.4352
X  0.9998 -0.0000 -0.0204
Y -0.0000  1.0000 -0.0000
Z  0.0204  0.0000  0.9998

PART 44
OFFSET  18.2904 -3.6366 -0.7426
X  0.9998 -0.0000 -0.0204
Y -0.0000  1.0000 -0.0000
Z  0.0204  0.0000  0.9998

PART 45
OFFSET  18.2749 -3.6348 -1.3646
X  0.9998 -0.0000 -0.0204
Y -0.0000  1.0000 -0.0000
Z  0.0204  0.0000  0.9998

PART 46
OFFSET -29.0883 -1.2316  2.5083
X  0.9992 -0.0000 -0.0408
Y  0.0000  1.0000  0.0000
Z  0.0408 -0.0000  0.9992

PART 47
OFFSET  16.7312 -2.9149 -1.5024
X  1.0000 -0.0000  0.0000
Y  0.0000  1.0000  0.0000
Z  0.0000 -0.0000  1.0000

PART 48
OFFSET  15.3167 -8.4936 -7.6927
X  0.9526 -0.0000  0.3041
Y  0.0000  1.0000  0.0000
Z -0.3041  0.0000  0.9526

PART 49
OFFSET -9.0954 -2.7609 -2.3892
X -0.8442  0.4240  0.3279
Y -0.2704 -0.8651  0.4225
Z  0.4628  0.2681  0.8450

PART 50
OFFSET  1.1145 -7.8887 -6.3545
X -0.9364 -0.2806 -0.2108
Y  0.3510 -0.7430 -0.5699
Z  0.0033 -0.6076  0.7942

PART 51
OFFSET  9.0789 -5.5022 -4.5612
X -0.9364 -0.2806 -0.2108
Y  0.2536 -0.1256 -0.9591
Z  0.2426 -0.9516  0.1888

PART 52
OFFSET  10.2754 -3.7784 -5.3495
X -0.9385 -0.2744 -0.2098
Y -0.0056  0.6194 -0.7851
Z  0.3454 -0.7356 -0.5828

PART 53
OFFSET  10.0656 -3.3792 -3.5445
X -0.9385 -0.2744 -0.2098
Y -0.0056  0.6194 -0.7851
Z  0.3454 -0.7356 -0.5828

PART 54
OFFSET  10.2468 -4.7900 -2.4254
X -0.9385 -0.2744 -0.2098
Y -0.0056  0.6194 -0.7851
Z  0.3454 -0.7356 -0.5828

PART 55
OFFSET  11.9495 -4.6420 -3.9149
X -0.9835 -0.0198 -0.1796
Y  0.1807 -0.0956 -0.9789
Z  0.0022 -0.9952  0.0976

PART 56
OFFSET  12.2167 -4.1322 -2.9295
X -0.5747 -0.8000 -0.1725
Y  0.7208 -0.3950 -0.5696
Z  0.3875 -0.4517  0.8036

PART 57
OFFSET  13.3634 -2.3414 -2.5452
X -0.9598 -0.2806  0.0081
Y  0.2469 -0.8574 -0.4516
Z  0.1337 -0.4315  0.8922

PART 58
OFFSET  14.9126 -1.8912 -2.6851
X -0.8843  0.2345  0.4038
Y -0.3796 -0.8646 -0.3293
Z  0.2719 -0.4445  0.8535

PART 59
OFFSET  15.8628 -2.1097 -3.1552
X -0.9056  0.2804 -0.3181
Y  0.4177  0.4609 -0.7830
Z -0.0730 -0.8420 -0.5346

PART 60
OFFSET  12.9749 -4.5265 -4.8308
X -0.9095 -0.0045  0.4157
Y  0.0660 -0.9888  0.1337
Z  0.4105  0.1491  0.8996

PART 61
OFFSET  15.0700 -4.3734 -5.6502
X -0.3453 -0.9160 -0.2041
Y  0.9330 -0.3114 -0.1805
Z  0.1018 -0.2528  0.9622

PART 62
OFFSET  15.5589 -3.0765 -5.3612
X  0.4452 -0.8482 -0.2872
Y  0.8933  0.4427  0.0774
Z  0.0614 -0.2910  0.9547

PART 63
OFFSET  15.1641 -2.3246 -5.1066
X  0.9801 -0.1268 -0.1527
Y  0.1604  0.9591  0.2332
Z  0.1169 -0.2531  0.9604

PART 64
OFFSET  14.2330 -2.2041 -4.9615
X -0.8673 -0.4685 -0.1685
Y -0.4948  0.7737  0.3957
Z -0.0550  0.4265 -0.9028

PART 65
OFFSET  13.0714 -4.5976 -4.1271
X -0.9915  0.0045  0.1302
Y  0.0144 -0.9895  0.1441
Z  0.1295  0.1448  0.9809

PART 66
OFFSET  15.6257 -4.6526 -4.6076
X -0.2052 -0.9781  0.0341
Y  0.9538 -0.2077 -0.2169
Z  0.2193 -0.0120  0.9756

PART 67
OFFSET  15.9751 -2.9873 -4.6657
X  0.7035 -0.6892 -0.1735
Y  0.6803  0.7237 -0.1163
Z  0.2057 -0.0362  0.9779

PART 68
OFFSET  15.0001 -2.0322 -4.4252
X  0.9678  0.1612 -0.1934
Y -0.1516  0.9864  0.0635
Z  0.2010 -0.0322  0.9791

PART 69
OFFSET  13.9505 -2.2070 -4.2154
X -0.6964 -0.6971  0.1704
Y -0.6874  0.7162  0.1208
Z -0.2062 -0.0330 -0.9780

PART 70
OFFSET  7.7045 -5.1770 -3.7825
X -0.9597 -0.2769  0.0474
Y -0.2808  0.9420 -0.1838
Z  0.0062 -0.1897 -0.9818

PART 71
OFFSET  15.6464 -4.8626 -2.4404
X -0.9136 -0.2652  0.3082
Y  0.2806 -0.9598  0.0057
Z  0.2943  0.0917  0.9513

PART 72
OFFSET  17.2549 -4.3956 -2.9831
X -0.6060 -0.7393  0.2936
Y  0.7435 -0.6576 -0.1216
Z  0.2829  0.1446  0.9482

PART 73
OFFSET  18.0088 -3.4880 -3.2824
X -0.1857 -0.9740  0.1293
Y  0.9489 -0.2120 -0.2336
Z  0.2549  0.0794  0.9637

PART 74
OFFSET  18.2186 -2.3878 -3.4285
X -0.7245  0.5308  0.4398
Y  0.4252  0.8463 -0.3209
Z -0.5426 -0.0455 -0.8388

PART 75
OFFSET  15.7372 -4.7899 -3.5390
X -0.1133 -0.9899  0.0853
Y  0.9905 -0.1193 -0.0686
Z  0.0780  0.0767  0.9940

PART 76
OFFSET  15.9585 -2.8561 -3.7056
X  0.8028 -0.5961 -0.0124
Y  0.5878  0.7949 -0.1504
Z  0.0995  0.1135  0.9885

PART 77
OFFSET  14.7859 -1.9854 -3.6876
X  0.9909  0.0597 -0.1204
Y -0.0790  0.9835 -0.1628
Z  0.1087  0.1708  0.9793

PART 78
OFFSET  13.6627 -2.0536 -3.5582
X -0.7163 -0.6849  0.1337
Y -0.6883  0.7250  0.0261
Z -0.1148 -0.0733 -0.9907

PART 79
OFFSET  0.0000 -0.0000 -0.0000
X  1.0000 -0.0000  0.0000
Y  0.0000  1.0000  0.0000
Z  0.0000 -0.0000  1.0000

PART 80
OFFSET  0.0000 -0.0000 -0.0000
X  1.0000 -0.0000  0.0000
Y  0.0000  1.0000  0.0000
Z  0.0000 -0.0000  1.0000

PART 81
OFFSET  1.5404 -0.0000  4.1357
X  1.0000 -0.0000  0.0000
Y  0.0000  1.0000  0.0000
Z  0.0000 -0.0000  1.0000


FRAME 301
PART 0
OFFSET -4.6318 -0.0000 -1.3770
X  1.0000 -0.0000  0.0000
Y  0.0000  1.0000  0.0000
Z  0.0000 -0.0000  1.0000

PART 1
OFFSET -1.9111 -0.4487 -1.8207
X  1.0000 -0.0000  0.0000
Y  0.0000  1.0000  0.0000
Z  0.0000 -0.0000  1.0000

PART 2
OFFSET -1.7726  7.8483 -3.1869
X  0.9059 -0.1605 -0.3919
Y -0.3761 -0.7302 -0.5704
Z -0.1946  0.6641 -0.7218

PART 3
OFFSET  9.1833  5.9078 -7.9266
X  0.2576 -0.9469  0.1926
Y -0.8689 -0.1397  0.4749
Z -0.4228 -0.2897 -0.8587

PART 4
OFFSET  11.3741 -2.1457 -6.2885
X  0.2576 -0.9469  0.1926
Y -0.9337 -0.2952 -0.2027
Z  0.2488 -0.1276 -0.9601

PART 5
OFFSET  13.0980 -2.9941 -5.5142
X  0.2639 -0.9452  0.1921
Y  0.4344  0.2943  0.8513
Z -0.8612 -0.1412  0.4883

PART 6
OFFSET  12.4175 -3.1421 -7.3166
X  0.2639 -0.9452  0.1921
Y  0.4344  0.2943  0.8513
Z -0.8612 -0.1412  0.4883

PART 7
OFFSET  10.9813 -3.8986 -4.4055
X  0.2639 -0.9452  0.1921
Y  0.4344  0.2943  0.8513
Z -0.8612 -0.1412  0.4883

PART 8
OFFSET  10.3041 -4.1977 -5.4893
X  0.2639 -0.9452  0.1921
Y  0.4344  0.2943  0.8513
Z -0.8612 -0.1412  0.4883

PART 9
OFFSET  10.6180 -3.9424 -6.6433
X  0.2639 -0.9452  0.1921
Y  0.4344  0.2943  0.8513
Z -0.8612 -0.1412  0.4883

PART 10
OFFSET  12.1638 -5.0485 -5.6981
X -0.3227 -0.7612  0.5626
Y -0.8983  0.0591 -0.4353
Z  0.2981 -0.6459 -0.7029

PART 11
OFFSET  11.2740 -5.5991 -6.1537
X -0.5750 -0.7803 -0.2460
Y -0.6246  0.6129 -0.4840
Z  0.5284 -0.1247 -0.8398

PART 12
OFFSET  10.0002 -7.2286 -6.7795
X -0.0267 -0.9097  0.4144
Y -0.7857 -0.2372 -0.5713
Z  0.6180 -0.3409 -0.7084

PART 13
OFFSET  10.0732 -8.7212 -6.1557
X  0.3768 -0.7791  0.5010
Y -0.7334 -0.5813 -0.3524
Z  0.5658 -0.2347 -0.7905

PART 14
OFFSET  10.4941 -9.5844 -5.6561
X -0.2364 -0.5442  0.8050
Y -0.4279  0.8021  0.4166
Z -0.8724 -0.2459 -0.4225

PART 15
OFFSET  12.9128 -5.8865 -4.8980
X  0.1422 -0.7236  0.6754
Y  0.3296 -0.6088 -0.7216
Z  0.9333  0.3252  0.1520

PART 16
OFFSET  13.1367 -7.6343 -3.4910
X -0.1088 -0.8776 -0.4668
Y  0.0726  0.4613 -0.8843
Z  0.9914 -0.1301  0.0136

PART 17
OFFSET  12.9827 -8.8769 -4.1519
X  0.0022 -0.0512 -0.9987
Y  0.1857  0.9813 -0.0499
Z  0.9826 -0.1853  0.0116

PART 18
OFFSET  12.9847 -8.9222 -5.0374
X  0.0927  0.6657 -0.7405
Y  0.0766  0.7367  0.6719
Z  0.9927 -0.1190  0.0173

PART 19
OFFSET  13.0727 -8.2899 -5.7409
X -0.2625 -0.9544  0.1421
Y  0.1236  0.1128  0.9859
Z -0.9570  0.2764  0.0884

PART 20
OFFSET  12.2032 -5.9244 -4.9654
X -0.0294 -0.7464  0.6648
Y  0.3438 -0.6321 -0.6945
Z  0.9386  0.2081  0.2752

PART 21
OFFSET  12.1421 -7.8347 -3.2032
X  0.0478 -0.8649 -0.4997
Y  0.0200  0.5010 -0.8652
Z  0.9987  0.0314  0.0413

PART 22
OFFSET  12.2235 -9.3071 -4.0540
X  0.0324  0.2719 -0.9618
Y -0.0135  0.9623  0.2716
Z  0.9994  0.0042  0.0349

PART 23
OFFSET  12.2684 -8.9303 -5.3869
X  0.0159  0.8998 -0.4360
Y -0.0376  0.4363  0.8990
Z  0.9992  0.0021  0.0408

PART 24
OFFSET  12.2857 -7.9545 -5.8598
X  0.0576 -0.9863 -0.1543
Y -0.0828 -0.1588  0.9838
Z -0.9949 -0.0439 -0.0908

PART 25
OFFSET  9.9023 -7.6472 -5.0317
X -0.0470 -0.9072  0.4181
Y -0.4138  0.3986  0.8184
Z -0.9091 -0.1345 -0.3942

PART 26
OFFSET  10.1180 -7.7298 -3.5730
X  0.1577 -0.9039 -0.3977
Y  0.2448  0.4259 -0.8710
Z  0.9567  0.0400  0.2884

PART 27
OFFSET  10.3957 -9.3212 -4.2732
X  0.3432  0.1956 -0.9187
Y -0.0496  0.9805  0.1902
Z  0.9380 -0.0197  0.3462

PART 28
OFFSET  10.7559 -9.0822 -5.4111
X  0.1411  0.8452 -0.5155
Y -0.2480  0.5343  0.8081
Z  0.9584  0.0138  0.2850

PART 29
OFFSET  10.9153 -8.1275 -5.9934
X  0.4475 -0.7536 -0.4815
Y -0.3357 -0.6406  0.6906
Z -0.8289 -0.1475 -0.5396

PART 30
OFFSET  11.1804 -7.8286 -3.2869
X  0.0770 -0.8392 -0.5384
Y  0.1693  0.5431 -0.8224
Z  0.9825 -0.0278  0.1839

PART 31
OFFSET  11.3309 -9.4680 -4.3386
X  0.1796  0.3142 -0.9322
Y -0.0741  0.9493  0.3057
Z  0.9809  0.0142  0.1938

PART 32
OFFSET  11.5932 -9.0091 -5.7002
X  0.0298  0.9378 -0.3459
Y -0.2389  0.3427  0.9085
Z  0.9706  0.0556  0.2342

PART 33
OFFSET  11.6340 -7.9468 -6.0910
X  0.0677 -0.9415 -0.3300
Y -0.1291 -0.3363  0.9329
Z -0.9893 -0.0206 -0.1443

PART 34
OFFSET  12.2272 -8.1283 -5.0093
X  0.9544  0.2150  0.2072
Y -0.2981  0.6459  0.7029
Z  0.0173 -0.7325  0.6805

PART 35
OFFSET  16.8524 -3.0917 -2.3991
X  0.9998  0.0173 -0.0014
Y -0.0172  0.9996  0.0226
Z  0.0018 -0.0226  0.9997

PART 36
OFFSET  16.8524 -3.0917 -2.3991
X  0.9998  0.0173 -0.0014
Y -0.0172  0.9996  0.0226
Z  0.0018 -0.0226  0.9997

PART 37
OFFSET  20.1227 -2.8923 -2.0555
X  0.9998  0.0173 -0.0014
Y -0.0172  0.9996  0.0226
Z  0.0018 -0.0226  0.9997

PART 38
OFFSET  18.3017 -3.1039 -0.7584
X  0.9998  0.0173 -0.0014
Y -0.0172  0.9996  0.0226
Z  0.0018 -0.0226  0.9997

PART 39
OFFSET -31.5689 -2.1666  3.0254
X  0.9989  0.0182 -0.0422
Y -0.0172  0.9996  0.0226
Z  0.0426 -0.0219  0.9989

PART 40
OFFSET  18.2743 -3.0905 -1.3838
X  0.9996  0.0177 -0.0219
Y -0.0172  0.9996  0.0226
Z  0.0223 -0.0222  0.9995

PART 41
OFFSET  18.2732 -2.5614 -1.0662
X  0.9996  0.0177 -0.0218
Y -0.0172  0.9996  0.0226
Z  0.0222 -0.0222  0.9995

PART 42
OFFSET  18.2900 -2.5691 -0.4325
X  0.9996  0.0177 -0.0218
Y -0.0172  0.9996  0.0226
Z  0.0222 -0.0222  0.9995

PART 43
OFFSET  18.3078 -3.1179 -0.1340
X  0.9996  0.0177 -0.0218
Y -0.0172  0.9996  0.0226
Z  0.0222 -0.0222  0.9995

PART 44
OFFSET  18.3091 -3.6489 -0.4534
X  0.9996  0.0177 -0.0218
Y -0.0172  0.9996  0.0226
Z  0.0222 -0.0222  0.9995

PART 45
OFFSET  18.2924 -3.6333 -1.0752
X  0.9996  0.0177 -0.0218
Y -0.0172  0.9996  0.0226
Z  0.0222 -0.0222  0.9995

PART 46
OFFSET -29.0983 -2.1366  2.9156
X  0.9989  0.0182 -0.0422
Y -0.0172  0.9996  0.0226
Z  0.0426 -0.0219  0.9989

PART 47
OFFSET  16.7363 -2.9372 -1.1946
X  0.9998  0.0173 -0.0014
Y -0.0172  0.9996  0.0226
Z  0.0018 -0.0226  0.9997

PART 48
OFFSET  15.0356 -8.3696 -7.9329
X  0.9531 -0.0059  0.3026
Y  0.0207  0.9987 -0.0457
Z -0.3020  0.0498  0.9520

PART 49
OFFSET -8.8112 -2.9284 -2.9567
X -0.8439  0.4419  0.3044
Y -0.2943 -0.8555  0.4261
Z  0.4487  0.2700  0.8519

PART 50
OFFSET  1.3943 -8.2724 -6.6378
X -0.9149 -0.3094 -0.2592
Y  0.4029 -0.7391 -0.5399
Z -0.0245 -0.5984  0.8009

PART 51
OFFSET  9.1761 -5.6404 -4.4336
X -0.9149 -0.3094 -0.2592
Y  0.3016 -0.0974 -0.9484
Z  0.2683 -0.9459  0.1824

PART 52
OFFSET  10.3666 -3.8922 -5.1757
X -0.9172 -0.3033 -0.2583
Y  0.0213  0.6101 -0.7920
Z  0.3978 -0.7319 -0.5532

PART 53
OFFSET  10.0449 -3.4790 -3.3905
X -0.9172 -0.3033 -0.2583
Y  0.0213  0.6101 -0.7920
Z  0.3978 -0.7319 -0.5532

PART 54
OFFSET  10.2021 -4.8715 -2.2452
X -0.9172 -0.3033 -0.2583
Y  0.0213  0.6101 -0.7920
Z  0.3978 -0.7319 -0.5532

PART 55
OFFSET  11.9810 -4.6917 -3.6391
X -0.9834 -0.0327 -0.1787
Y  0.1806 -0.0703 -0.9810
Z  0.0195 -0.9970  0.0751

PART 56
OFFSET  12.2410 -4.1998 -2.6428
X -0.5504 -0.8075 -0.2121
Y  0.7541 -0.3719 -0.5413
Z  0.3583 -0.4579  0.8136

PART 57
OFFSET  13.3335 -2.3947 -2.1765
X -0.9441 -0.3250 -0.0558
Y  0.3142 -0.8351 -0.4516
Z  0.1002 -0.4439  0.8905

PART 58
OFFSET  14.8651 -1.8701 -2.2131
X -0.9409  0.1092  0.3207
Y -0.2381 -0.8865 -0.3967
Z  0.2410 -0.4496  0.8601

PART 59
OFFSET  15.8756 -1.9526 -2.5925
X -0.8984  0.1867 -0.3975
Y  0.4315  0.5438 -0.7198
Z  0.0817 -0.8182 -0.5691

PART 60
OFFSET  13.0025 -4.5379 -4.5535
X -0.9085 -0.0296  0.4168
Y  0.0833 -0.9903  0.1113
Z  0.4094  0.1358  0.9022

PART 61
OFFSET  15.0933 -4.3302 -5.3721
X -0.3298 -0.9170 -0.2243
Y  0.9379 -0.2911 -0.1888
Z  0.1078 -0.2727  0.9561

PART 62
OFFSET  15.5602 -3.0319 -5.0545
X  0.4592 -0.8336 -0.3069
Y  0.8857  0.4562  0.0862
Z  0.0681 -0.3114  0.9478

PART 63
OFFSET  15.1530 -2.2928 -4.7824
X  0.9819 -0.1064 -0.1569
Y  0.1443  0.9562  0.2546
Z  0.1229 -0.2726  0.9542

PART 64
OFFSET  14.2202 -2.1917 -4.6334
X -0.8593 -0.4795 -0.1779
Y -0.5074  0.7559  0.4138
Z -0.0639  0.4458 -0.8928

PART 65
OFFSET  13.1015 -4.6232 -3.8517
X -0.9912 -0.0156  0.1317
Y  0.0317 -0.9921  0.1217
Z  0.1287  0.1248  0.9838

PART 66
OFFSET  15.6555 -4.6232 -4.3369
X -0.1883 -0.9820  0.0123
Y  0.9569 -0.1863 -0.2229
Z  0.2211 -0.0302  0.9748

PART 67
OFFSET  15.9761 -2.9513 -4.3578
X  0.7150 -0.6728 -0.1900
Y  0.6675  0.7378 -0.1009
Z  0.2080 -0.0547  0.9766

PART 68
OFFSET  14.9852 -2.0188 -4.0944
X  0.9645  0.1822 -0.1911
Y -0.1685  0.9819  0.0860
Z  0.2033 -0.0508  0.9778

PART 69
OFFSET  13.9391 -2.2164 -3.8872
X -0.6840 -0.7127  0.1555
Y -0.6994  0.7013  0.1379
Z -0.2073 -0.0144 -0.9782

PART 70
OFFSET  7.7460 -5.3029 -3.5130
X -0.9547 -0.2944  0.0425
Y -0.2974  0.9409 -0.1620
Z  0.0077 -0.1673 -0.9859

PART 71
OFFSET  15.6837 -4.8817 -2.1749
X -0.9083 -0.2879  0.3034
Y  0.2971 -0.9547 -0.0164
Z  0.2944  0.0753  0.9527

PART 72
OFFSET  17.2829 -4.3749 -2.7091
X -0.5926 -0.7561  0.2776
Y  0.7545 -0.6418 -0.1374
Z  0.2821  0.1280  0.9508

PART 73
OFFSET  18.0205 -3.4479 -2.9889
X -0.1687 -0.9798  0.1075
Y  0.9521 -0.1902 -0.2396
Z  0.2552  0.0620  0.9649

PART 74
OFFSET  18.2111 -2.3412 -3.1103
X -0.7327  0.5081  0.4527
Y  0.4100  0.8605 -0.3023
Z -0.5432 -0.0359 -0.8389

PART 75
OFFSET  15.7712 -4.7826 -3.2718
X -0.0961 -0.9934  0.0631
Y  0.9923 -0.1006 -0.0726
Z  0.0785  0.0556  0.9954

PART 76
OFFSET  15.9589 -2.8420 -3.3949
X  0.8130 -0.5817 -0.0269
Y  0.5738  0.8081 -0.1332
Z  0.0992  0.0928  0.9907

PART 77
OFFSET  14.7715 -1.9924 -3.3556
X  0.9895  0.0795 -0.1204
Y -0.0963  0.9854 -0.1404
Z  0.1075  0.1505  0.9827

PART 78
OFFSET  13.6499 -2.0828 -3.2263
X -0.7042 -0.7000  0.1192
Y -0.7006  0.7122  0.0434
Z -0.1153 -0.0529 -0.9919

PART 79
OFFSET  0.0000 -0.0000 -0.0000
X  1.0000 -0.0000  0.0000
Y  0.0000  1.0000  0.0000
Z  0.0000 -0.0000  1.0000

PART 80
OFFSET  0.0000 -0.0000 -0.0000
X  1.0000 -0.0000  0.0000
Y  0.0000  1.0000  0.0000
Z  0.0000 -0.0000  1.0000

PART 81
OFFSET  1.5404 -0.0000  4.1357
X  1.0000 -0.0000  0.0000
Y  0.0000  1.0000  0.0000
Z  0.0000 -0.0000  1.0000


FRAME 302
PART 0
OFFSET -4.6318 -0.0000 -1.3770
X  1.0000 -0.0000  0.0000
Y  0.0000  1.0000  0.0000
Z  0.0000 -0.0000  1.0000

PART 1
OFFSET -1.9111 -0.4487 -1.8207
X  1.0000 -0.0000  0.0000
Y  0.0000  1.0000  0.0000
Z  0.0000 -0.0000  1.0000

PART 2
OFFSET -1.7586  7.9819 -3.1869
X  0.8848 -0.1123 -0.4521
Y -0.3820 -0.7304 -0.5662
Z -0.2667  0.6737 -0.6892

PART 3
OFFSET  8.9426  6.6237 -8.6551
X  0.2420 -0.9516  0.1893
Y -0.8518 -0.1149  0.5111
Z -0.4646 -0.2850 -0.8384

PART 4
OFFSET  11.0010 -1.4703 -7.0449
X  0.2420 -0.9516  0.1893
Y -0.9440 -0.2760 -0.1806
Z  0.2241 -0.1350 -0.9652

PART 5
OFFSET  12.7339 -2.3558 -6.3349
X  0.2483 -0.9501  0.1886
Y  0.4760  0.2893  0.8305
Z -0.8437 -0.1165  0.5241

PART 6
OFFSET  11.9767 -2.4992 -8.1068
X  0.2483 -0.9501  0.1886
Y  0.4760  0.2893  0.8305
Z -0.8437 -0.1165  0.5241

PART 7
OFFSET  10.6429 -3.2001 -5.1337
X  0.2483 -0.9501  0.1886
Y  0.4760  0.2893  0.8305
Z -0.8437 -0.1165  0.5241

PART 8
OFFSET  9.9147 -3.4896 -6.1866
X  0.2483 -0.9501  0.1886
Y  0.4760  0.2893  0.8305
Z -0.8437 -0.1165  0.5241

PART 9
OFFSET  10.1872 -3.2500 -7.3544
X  0.2483 -0.9501  0.1886
Y  0.4760  0.2893  0.8305
Z -0.8437 -0.1165  0.5241

PART 10
OFFSET  11.7429 -4.3877 -6.4645
X -0.3467 -0.7020  0.6221
Y -0.8981  0.0570 -0.4361
Z  0.2707 -0.7099 -0.6502

PART 11
OFFSET  10.8314 -4.9399 -6.8725
X -0.6041 -0.7759 -0.1817
Y -0.6049  0.5949 -0.5294
Z  0.5188 -0.2099 -0.8287

PART 12
OFFSET  9.4963 -6.5667 -7.3634
X -0.0571 -0.8724  0.4854
Y -0.7969 -0.2530 -0.5485
Z  0.6014 -0.4181 -0.6808

PART 13
OFFSET  9.5191 -8.0068 -6.6233
X  0.3514 -0.7501  0.5602
Y -0.7558 -0.5804 -0.3031
Z  0.5525 -0.3169 -0.7709

PART 14
OFFSET  9.9116 -8.8424 -6.0580
X -0.2513 -0.4698  0.8463
Y -0.3964  0.8476  0.3528
Z -0.8830 -0.2468 -0.3992

PART 15
OFFSET  12.4659 -5.1862 -5.6025
X  0.1199 -0.6725  0.7303
Y  0.3035 -0.6756 -0.6719
Z  0.9453  0.3022  0.1231

PART 16
OFFSET  12.6348 -6.8241 -4.0619
X -0.1429 -0.9073 -0.3954
Y  0.0842  0.3869 -0.9183
Z  0.9862 -0.1645  0.0211

PART 17
OFFSET  12.4325 -8.1087 -4.6216
X -0.0053 -0.1302 -0.9915
Y  0.2205  0.9669 -0.1281
Z  0.9754 -0.2193  0.0236

PART 18
OFFSET  12.4278 -8.2241 -5.5007
X  0.1124  0.6011 -0.7912
Y  0.1068  0.7843  0.6111
Z  0.9879 -0.1532  0.0239

PART 19
OFFSET  12.5345 -7.6530 -6.2524
X -0.2959 -0.9300  0.2181
Y  0.1332  0.1860  0.9735
Z -0.9459  0.3171  0.0688

PART 20
OFFSET  11.7550 -5.2036 -5.6647
X -0.0525 -0.6898  0.7221
Y  0.3169 -0.6972 -0.6430
Z  0.9470  0.1951  0.2552

PART 21
OFFSET  11.6352 -6.9649 -3.7562
X  0.0139 -0.9029 -0.4296
Y  0.0331  0.4299 -0.9023
Z  0.9994 -0.0017  0.0359

PART 22
OFFSET  11.6589 -8.5020 -4.4877
X  0.0367  0.1935 -0.9804
Y  0.0226  0.9807  0.1944
Z  0.9991 -0.0293  0.0316

PART 23
OFFSET  11.7098 -8.2339 -5.8465
X  0.0458  0.8613 -0.5061
Y -0.0168  0.5072  0.8617
Z  0.9988 -0.0309  0.0377

PART 24
OFFSET  11.7594 -7.2998 -6.3954
X  0.0212 -0.9969 -0.0757
Y -0.0829 -0.0772  0.9936
Z -0.9963 -0.0148 -0.0843

PART 25
OFFSET  9.3933 -6.8417 -5.5876
X -0.0772 -0.8689  0.4889
Y -0.3946  0.4769  0.7854
Z -0.9156 -0.1323 -0.3797

PART 26
OFFSET  9.6141 -6.8162 -4.1276
X  0.1229 -0.9376 -0.3251
Y  0.2550  0.3465 -0.9027
Z  0.9591  0.0280  0.2817

PART 27
OFFSET  9.8305 -8.4671 -4.7001
X  0.3448  0.1096 -0.9323
Y -0.0132  0.9936  0.1119
Z  0.9386 -0.0262  0.3440

PART 28
OFFSET  10.1926 -8.3322 -5.8543
X  0.1685  0.7960 -0.5814
Y -0.2241  0.6053  0.7638
Z  0.9599  0.0016  0.2803

PART 29
OFFSET  10.3829 -7.4331 -6.5110
X  0.4174 -0.8051 -0.4214
Y -0.3545 -0.5713  0.7402
Z -0.8367 -0.1596 -0.5239

PART 30
OFFSET  10.6739 -6.9305 -3.8375
X  0.0438 -0.8814 -0.4703
Y  0.1841  0.4698 -0.8634
Z  0.9819 -0.0488  0.1828

PART 31
OFFSET  10.7594 -8.6524 -4.7562
X  0.1855  0.2326 -0.9547
Y -0.0383  0.9725  0.2296
Z  0.9819 -0.0061  0.1893

PART 32
OFFSET  11.0304 -8.3126 -6.1507
X  0.0615  0.9057 -0.4194
Y -0.2213  0.4221  0.8791
Z  0.9733  0.0387  0.2264

PART 33
OFFSET  11.1071 -7.2868 -6.6247
X  0.0320 -0.9666 -0.2544
Y -0.1358 -0.2564  0.9570
Z -0.9902  0.0040 -0.1395

PART 34
OFFSET  11.6995 -7.4034 -5.5336
X  0.9627  0.1960  0.1868
Y -0.2707  0.7099  0.6502
Z -0.0052 -0.6765  0.7364

PART 35
OFFSET  16.8707 -3.0943 -1.6594
X  0.9982  0.0602 -0.0024
Y -0.0598  0.9951  0.0788
Z  0.0072 -0.0785  0.9969

PART 36
OFFSET  16.8707 -3.0943 -1.6594
X  0.9982  0.0602 -0.0024
Y -0.0598  0.9951  0.0788
Z  0.0072 -0.0785  0.9969

PART 37
OFFSET  20.1309 -2.7744 -1.3117
X  0.9982  0.0602 -0.0024
Y -0.0598  0.9951  0.0788
Z  0.0072 -0.0785  0.9969

PART 38
OFFSET  18.3264 -3.1363 -0.0249
X  0.9982  0.0602 -0.0024
Y -0.0598  0.9951  0.0788
Z  0.0072 -0.0785  0.9969

PART 39
OFFSET -31.5215 -4.5519  3.9070
X  0.9971  0.0633 -0.0431
Y -0.0598  0.9951  0.0788
Z  0.0479 -0.0760  0.9960

PART 40
OFFSET  18.2954 -3.0890 -0.6505
X  0.9978  0.0618 -0.0231
Y -0.0598  0.9951  0.0788
Z  0.0279 -0.0772  0.9966

PART 41
OFFSET  18.2734 -2.5791 -0.3017
X  0.9978  0.0618 -0.0228
Y -0.0598  0.9951  0.0788
Z  0.0276 -0.0772  0.9966

PART 42
OFFSET  18.2933 -2.6216  0.3306
X  0.9978  0.0618 -0.0228
Y -0.0598  0.9951  0.0788
Z  0.0276 -0.0772  0.9966

PART 43
OFFSET  18.3358 -3.1850  0.5978
X  0.9978  0.0618 -0.0228
Y -0.0598  0.9951  0.0788
Z  0.0276 -0.0772  0.9966

PART 44
OFFSET  18.3584 -3.6967  0.2490
X  0.9978  0.0618 -0.0228
Y -0.0598  0.9951  0.0788
Z  0.0276 -0.0772  0.9966

PART 45
OFFSET  18.3383 -3.6470 -0.3709
X  0.9978  0.0618 -0.0228
Y -0.0598  0.9951  0.0788
Z  0.0276 -0.0772  0.9966

PART 46
OFFSET -29.0549 -4.4099  3.7940
X  0.9971  0.0633 -0.0431
Y -0.0598  0.9951  0.0788
Z  0.0479 -0.0760  0.9960

PART 47
OFFSET  16.7534 -3.0127 -0.4479
X  0.9982  0.0602 -0.0024
Y -0.0598  0.9951  0.0788
Z  0.0072 -0.0785  0.9969

PART 48
OFFSET  14.4808 -7.9773 -8.4367
X  0.9540 -0.0165  0.2995
Y  0.0563  0.9906 -0.1249
Z -0.2946  0.1360  0.9459

PART 49
OFFSET -8.1592 -3.3128 -4.2586
X -0.8489  0.4734  0.2349
Y -0.3464 -0.8341  0.4292
Z  0.3992  0.2830  0.8721

PART 50
OFFSET  2.1075 -9.0384 -7.1000
X -0.8607 -0.3637 -0.3563
Y  0.5003 -0.7341 -0.4591
Z -0.0946 -0.5734  0.8138

PART 51
OFFSET  9.4279 -5.9448 -4.0696
X -0.8607 -0.3637 -0.3563
Y  0.3909 -0.0237 -0.9201
Z  0.3262 -0.9312  0.1625

PART 52
OFFSET  10.6173 -4.1623 -4.7270
X -0.8633 -0.3577 -0.3560
Y  0.0898  0.5853 -0.8058
Z  0.4966 -0.7277 -0.4732

PART 53
OFFSET  10.0599 -3.7102 -3.0105
X -0.8633 -0.3577 -0.3560
Y  0.0898  0.5853 -0.8058
Z  0.4966 -0.7277 -0.4732

PART 54
OFFSET  10.1403 -5.0562 -1.8034
X -0.8633 -0.3577 -0.3560
Y  0.0898  0.5853 -0.8058
Z  0.4966 -0.7277 -0.4732

PART 55
OFFSET  12.0664 -4.8298 -2.9774
X -0.9818 -0.0648 -0.1783
Y  0.1791 -0.0074 -0.9838
Z  0.0624 -0.9979  0.0189

PART 56
OFFSET  12.3096 -4.3837 -1.9556
X -0.4816 -0.8223 -0.3031
Y  0.8281 -0.3139 -0.4644
Z  0.2868 -0.4746  0.8322

PART 57
OFFSET  13.2503 -2.5515 -1.3015
X -0.8813 -0.4243 -0.2082
Y  0.4721 -0.7705 -0.4283
Z  0.0213 -0.4757  0.8793

PART 58
OFFSET  14.6988 -1.8592 -1.0895
X -0.9780 -0.1914  0.0829
Y  0.1281 -0.8648 -0.4856
Z  0.1647 -0.4643  0.8703

PART 59
OFFSET  15.7467 -1.6163 -1.2107
X -0.8013 -0.0213 -0.5978
Y  0.4013  0.7220 -0.5636
Z  0.4436 -0.6916 -0.5700

PART 60
OFFSET  13.0764 -4.5812 -3.8838
X -0.9046 -0.0918  0.4163
Y  0.1260 -0.9905  0.0553
Z  0.4073  0.1024  0.9076

PART 61
OFFSET  15.1528 -4.2386 -4.6937
X -0.2913 -0.9163 -0.2748
Y  0.9486 -0.2396 -0.2068
Z  0.1236 -0.3209  0.9390

PART 62
OFFSET  15.5652 -2.9413 -4.3046
X  0.4930 -0.7947 -0.3542
Y  0.8658  0.4882  0.1099
Z  0.0856 -0.3608  0.9287

PART 63
OFFSET  15.1281 -2.2367 -3.9906
X  0.9848 -0.0552 -0.1646
Y  0.1045  0.9457  0.3077
Z  0.1387 -0.3202  0.9372

PART 64
OFFSET  14.1925 -2.1843 -3.8342
X -0.8389 -0.5052 -0.2028
Y -0.5374  0.7091  0.4566
Z -0.0869  0.4920 -0.8663

PART 65
OFFSET  13.1821 -4.7014 -3.1881
X -0.9890 -0.0654  0.1326
Y  0.0746 -0.9950  0.0657
Z  0.1276  0.0749  0.9890

PART 66
OFFSET  15.7316 -4.5647 -3.6777
X -0.1461 -0.9883 -0.0426
Y  0.9630 -0.1323 -0.2349
Z  0.2266 -0.0753  0.9711

PART 67
OFFSET  15.9804 -2.8820 -3.6052
X  0.7422 -0.6298 -0.2290
Y  0.6349  0.7702 -0.0606
Z  0.2145 -0.1004  0.9715

PART 68
OFFSET  14.9518 -2.0091 -3.2879
X  0.9550  0.2338 -0.1825
Y -0.2099  0.9675  0.1414
Z  0.2096 -0.0967  0.9730

PART 69
OFFSET  13.9160 -2.2627 -3.0900
X -0.6523 -0.7490  0.1166
Y -0.7281  0.6618  0.1785
Z -0.2109  0.0315 -0.9770

PART 70
OFFSET  7.8620 -5.6280 -2.8772
X -0.9411 -0.3370  0.0278
Y -0.3380  0.9349 -0.1083
Z  0.0105 -0.1113 -0.9937

PART 71
OFFSET  15.7803 -4.9425 -1.5337
X -0.8939 -0.3431  0.2886
Y  0.3375 -0.9387 -0.0706
Z  0.2951  0.0343  0.9548

PART 72
OFFSET  17.3541 -4.3384 -2.0419
X -0.5586 -0.7952  0.2359
Y  0.7806 -0.6001 -0.1748
Z  0.2806  0.0865  0.9559

PART 73
OFFSET  18.0502 -3.3665 -2.2706
X -0.1262 -0.9906  0.0527
Y  0.9582 -0.1355 -0.2519
Z  0.2566  0.0187  0.9663

PART 74
OFFSET  18.1928 -2.2476 -2.3301
X -0.7517  0.4500  0.4820
Y  0.3715  0.8929 -0.2543
Z -0.5449 -0.0121 -0.8384

PART 75
OFFSET  15.8587 -4.7785 -2.6234
X -0.0533 -0.9986  0.0073
Y  0.9953 -0.0537 -0.0801
Z  0.0804  0.0030  0.9968

PART 76
OFFSET  15.9628 -2.8278 -2.6378
X  0.8369 -0.5439 -0.0612
Y  0.5382  0.8382 -0.0888
Z  0.0996  0.0413  0.9942

PART 77
OFFSET  14.7404 -2.0334 -2.5484
X  0.9847  0.1285 -0.1178
Y -0.1389  0.9867 -0.0846
Z  0.1053  0.0997  0.9894

PART 78
OFFSET  13.6243 -2.1789 -2.4220
X -0.6731 -0.7351  0.0811
Y -0.7302  0.6780  0.0848
Z -0.1173 -0.0021 -0.9931

PART 79
OFFSET  0.0000 -0.0000 -0.0000
X  1.0000 -0.0000  0.0000
Y  0.0000  1.0000  0.0000
Z  0.0000 -0.0000  1.0000

PART 80
OFFSET  0.0000 -0.0000 -0.0000
X  1.0000 -0.0000  0.0000
Y  0.0000  1.0000  0.0000
Z  0.0000 -0.0000  1.0000

PART 81
OFFSET  1.5404 -0.0000  4.1357
X  1.0000 -0.0000  0.0000
Y  0.0000  1.0000  0.0000
Z  0.0000 -0.0000  1.0000


FRAME 303
PART 0
OFFSET -4.6318 -0.0000 -1.3770
X  1.0000 -0.0000  0.0000
Y  0.0000  1.0000  0.0000
Z  0.0000 -0.0000  1.0000

PART 1
OFFSET -1.9111 -0.4487 -1.8207
X  1.0000 -0.0000  0.0000
Y  0.0000  1.0000  0.0000
Z  0.0000 -0.0000  1.0000

PART 2
OFFSET -1.7368  8.1896 -3.1869
X  0.8610 -0.0698 -0.5038
Y -0.3850 -0.7366 -0.5560
Z -0.3323  0.6727 -0.6611

PART 3
OFFSET  8.6760  7.3460 -9.2797
X  0.2376 -0.9519  0.1937
Y -0.8324 -0.0967  0.5456
Z -0.5006 -0.2908 -0.8153

PART 4
OFFSET  10.6966 -0.7501 -7.6324
X  0.2376 -0.9519  0.1937
Y -0.9486 -0.2703 -0.1647
Z  0.2092 -0.1446 -0.9671

PART 5
OFFSET  12.4451 -1.6476 -6.9778
X  0.2439 -0.9505  0.1927
Y  0.5118  0.2949  0.8069
Z -0.8238 -0.0982  0.5583

PART 6
OFFSET  11.6172 -1.8064 -8.7165
X  0.2439 -0.9505  0.1927
Y  0.5118  0.2949  0.8069
Z -0.8238 -0.0982  0.5583

PART 7
OFFSET  10.3928 -2.4478 -5.6835
X  0.2439 -0.9505  0.1927
Y  0.5118  0.2949  0.8069
Z -0.8238 -0.0982  0.5583

PART 8
OFFSET  9.6203 -2.7429 -6.7027
X  0.2439 -0.9505  0.1927
Y  0.5118  0.2949  0.8069
Z -0.8238 -0.0982  0.5583

PART 9
OFFSET  9.8495 -2.5234 -7.8837
X  0.2439 -0.9505  0.1927
Y  0.5118  0.2949  0.8069
Z -0.8238 -0.0982  0.5583

PART 10
OFFSET  11.4249 -3.6682 -7.0386
X -0.3551 -0.6807  0.6408
Y -0.8988  0.0603 -0.4341
Z  0.2568 -0.7301 -0.6333

PART 11
OFFSET  10.5032 -4.2159 -7.4293
X -0.6170 -0.7706 -0.1600
Y -0.5976  0.5910 -0.5418
Z  0.5120 -0.2387 -0.8251

PART 12
OFFSET  9.1407 -5.8330 -7.8745
X -0.0688 -0.8590  0.5073
Y -0.8031 -0.2540 -0.5391
Z  0.5919 -0.4445 -0.6724

PART 13
OFFSET  9.1438 -7.2545 -7.0987
X  0.3418 -0.7414  0.5775
Y -0.7661 -0.5757 -0.2857
Z  0.5443 -0.3447 -0.7648

PART 14
OFFSET  9.5253 -8.0818 -6.5141
X -0.2552 -0.4445  0.8587
Y -0.3815  0.8623  0.3330
Z -0.8884 -0.2427 -0.3896

PART 15
OFFSET  12.1388 -4.4563 -6.1596
X  0.1123 -0.6559  0.7465
Y  0.2900 -0.6969 -0.6559
Z  0.9504  0.2901  0.1120

PART 16
OFFSET  12.2881 -6.0577 -4.5792
X -0.1588 -0.9145 -0.3720
Y  0.0865  0.3625 -0.9280
Z  0.9835 -0.1795  0.0215

PART 17
OFFSET  12.0634 -7.3525 -5.1059
X -0.0114 -0.1548 -0.9879
Y  0.2352  0.9598 -0.1531
Z  0.9719 -0.2341  0.0254

PART 18
OFFSET  12.0533 -7.4898 -5.9818
X  0.1186  0.5793 -0.8064
Y  0.1217  0.7976  0.5909
Z  0.9855 -0.1682  0.0241

PART 19
OFFSET  12.1659 -6.9394 -6.7479
X -0.3096 -0.9195  0.2424
Y  0.1401  0.2080  0.9680
Z -0.9405  0.3336  0.0644

PART 20
OFFSET  11.4275 -4.4640 -6.2187
X -0.0604 -0.6707  0.7393
Y  0.3032 -0.7179 -0.6266
Z  0.9510  0.1863  0.2467

PART 21
OFFSET  11.2878 -6.1750 -4.2664
X -0.0021 -0.9134 -0.4070
Y  0.0362  0.4066 -0.9129
Z  0.9993 -0.0166  0.0322

PART 22
OFFSET  11.2842 -7.7301 -4.9593
X  0.0357  0.1684 -0.9851
Y  0.0388  0.9847  0.1697
Z  0.9986 -0.0443  0.0287

PART 23
OFFSET  11.3338 -7.4968 -6.3246
X  0.0573  0.8475 -0.5276
Y -0.0053  0.5288  0.8488
Z  0.9983 -0.0458  0.0348

PART 24
OFFSET  11.3958 -6.5776 -6.8968
X  0.0052 -0.9987 -0.0508
Y -0.0800 -0.0511  0.9955
Z -0.9968 -0.0011 -0.0802

PART 25
OFFSET  9.0406 -6.0620 -6.0920
X -0.0889 -0.8551  0.5108
Y -0.3838  0.5026  0.7746
Z -0.9191 -0.1272 -0.3729

PART 26
OFFSET  9.2678 -6.0036 -4.6339
X  0.1068 -0.9473 -0.3020
Y  0.2567  0.3197 -0.9121
Z  0.9606  0.0198  0.2774

PART 27
OFFSET  9.4558 -7.6715 -5.1657
X  0.3426  0.0809 -0.9360
Y  0.0029  0.9962  0.0871
Z  0.9395 -0.0325  0.3411

PART 28
OFFSET  9.8152 -7.5712 -6.3243
X  0.1786  0.7785 -0.6017
Y -0.2114  0.6276  0.7493
Z  0.9609 -0.0066  0.2766

PART 29
OFFSET  10.0170 -6.6919 -7.0040
X  0.4030 -0.8219 -0.4027
Y -0.3605 -0.5470  0.7556
Z -0.8412 -0.1593 -0.5167

PART 30
OFFSET  10.3268 -6.1274 -4.3450
X  0.0280 -0.8935 -0.4483
Y  0.1879  0.4451 -0.8755
Z  0.9818 -0.0598  0.1804

PART 31
OFFSET  10.3814 -7.8729 -5.2206
X  0.1853  0.2058 -0.9609
Y -0.0220  0.9785  0.2053
Z  0.9824 -0.0169  0.1858

PART 32
OFFSET  10.6520 -7.5723 -6.6242
X  0.0740  0.8939 -0.4421
Y -0.2110  0.4473  0.8691
Z  0.9747  0.0289  0.2218

PART 33
OFFSET  10.7429 -6.5600 -7.1239
X  0.0157 -0.9730 -0.2303
Y -0.1359 -0.2303  0.9636
Z -0.9906  0.0162 -0.1358

PART 34
OFFSET  11.3378 -6.6587 -6.0325
X  0.9664  0.1853  0.1783
Y -0.2568  0.7301  0.6333
Z -0.0128 -0.6577  0.7531

PART 35
OFFSET  16.9001 -3.1407 -0.7410
X  0.9933  0.1153  0.0014
Y -0.1141  0.9820  0.1507
Z  0.0160 -0.1499  0.9886

PART 36
OFFSET  16.9001 -3.1407 -0.7410
X  0.9933  0.1153  0.0014
Y -0.1141  0.9820  0.1507
Z  0.0160 -0.1499  0.9886

PART 37
OFFSET  20.1394 -2.6671 -0.3730
X  0.9933  0.1153  0.0014
Y -0.1141  0.9820  0.1507
Z  0.0160 -0.1499  0.9886

PART 38
OFFSET  18.3634 -3.2202  0.8853
X  0.9933  0.1153  0.0014
Y -0.1141  0.9820  0.1507
Z  0.0160 -0.1499  0.9886

PART 39
OFFSET -31.3124 -7.6685  4.7325
X  0.9919  0.1213 -0.0390
Y -0.1141  0.9820  0.1507
Z  0.0566 -0.1450  0.9878

PART 40
OFFSET  18.3265 -3.1293  0.2614
X  0.9928  0.1184 -0.0195
Y -0.1141  0.9820  0.1507
Z  0.0370 -0.1474  0.9884

PART 41
OFFSET  18.2785 -2.6483  0.6496
X  0.9928  0.1183 -0.0188
Y -0.1141  0.9820  0.1507
Z  0.0363 -0.1475  0.9884

PART 42
OFFSET  18.3036 -2.7352  1.2771
X  0.9928  0.1183 -0.0188
Y -0.1141  0.9820  0.1507
Z  0.0363 -0.1475  0.9884

PART 43
OFFSET  18.3783 -3.3133  1.5027
X  0.9928  0.1183 -0.0188
Y -0.1141  0.9820  0.1507
Z  0.0363 -0.1475  0.9884

PART 44
OFFSET  18.4274 -3.7964  1.1178
X  0.9928  0.1183 -0.0188
Y -0.1141  0.9820  0.1507
Z  0.0363 -0.1475  0.9884

PART 45
OFFSET  18.4018 -3.7032  0.5031
X  0.9928  0.1183 -0.0188
Y -0.1141  0.9820  0.1507
Z  0.0363 -0.1475  0.9884

PART 46
OFFSET -28.8580 -7.3826  4.6288
X  0.9919  0.1213 -0.0390
Y -0.1141  0.9820  0.1507
Z  0.0566 -0.1450  0.9878

PART 47
OFFSET  16.7840 -3.1535  0.4733
X  0.9933  0.1153  0.0014
Y -0.1141  0.9820  0.1507
Z  0.0160 -0.1499  0.9886

PART 48
OFFSET  14.0979 -7.3489 -8.9306
X  0.9548 -0.0241  0.2963
Y  0.0714  0.9861 -0.1498
Z -0.2886  0.1642  0.9433

PART 49
OFFSET -7.4403 -3.7365 -5.6941
X -0.8588  0.4940  0.1355
Y -0.4012 -0.8131  0.4217
Z  0.3185  0.3078  0.8965

PART 50
OFFSET  2.9463 -9.7110 -7.3327
X -0.7991 -0.4038 -0.4454
Y  0.5727 -0.7365 -0.3598
Z -0.1828 -0.5427  0.8198

PART 51
OFFSET  9.7430 -6.2768 -3.5442
X -0.7991 -0.4038 -0.4454
Y  0.4568  0.0738 -0.8865
Z  0.3908 -0.9119  0.1255

PART 52
OFFSET  10.9614 -4.4870 -4.1243
X -0.8019 -0.3978 -0.4457
Y  0.1768  0.5547 -0.8131
Z  0.5707 -0.7308 -0.3745

PART 53
OFFSET  10.1793 -3.9831 -2.5131
X -0.8019 -0.3978 -0.4457
Y  0.1768  0.5547 -0.8131
Z  0.5707 -0.7308 -0.3745

PART 54
OFFSET  10.1394 -5.2762 -1.2475
X -0.8019 -0.3978 -0.4457
Y  0.1768  0.5547 -0.8131
Z  0.5707 -0.7308 -0.3745

PART 55
OFFSET  12.1928 -5.0390 -2.1786
X -0.9776 -0.1059 -0.1819
Y  0.1747  0.0737 -0.9819
Z  0.1174 -0.9916 -0.0535

PART 56
OFFSET  12.4157 -4.6553 -1.1273
X -0.3797 -0.8321 -0.4042
Y  0.9034 -0.2395 -0.3556
Z  0.1990 -0.5002  0.8427

PART 57
OFFSET  13.1339 -2.8079 -0.2664
X -0.7591 -0.5262 -0.3831
Y  0.6472 -0.6732 -0.3577
Z -0.0697 -0.5195  0.8516

PART 58
OFFSET  14.4059 -1.9404  0.2355
X -0.8306 -0.5113 -0.2204
Y  0.5524 -0.7072 -0.4412
Z  0.0698 -0.4882  0.8699

PART 59
OFFSET  15.2915 -1.3531  0.4415
X -0.5441 -0.2096 -0.8124
Y  0.2614  0.8778 -0.4015
Z  0.7973 -0.4308 -0.4229

PART 60
OFFSET  13.1834 -4.6701 -3.0652
X -0.8962 -0.1715  0.4091
Y  0.1806 -0.9834 -0.0167
Z  0.4051  0.0589  0.9124

PART 61
OFFSET  15.2340 -4.1556 -3.8493
X -0.2417 -0.9087 -0.3403
Y  0.9594 -0.1712 -0.2241
Z  0.1454 -0.3807  0.9132

PART 62
OFFSET  15.5762 -2.8690 -3.3675
X  0.5344 -0.7385 -0.4111
Y  0.8381  0.5260  0.1445
Z  0.1095 -0.4218  0.9001

PART 63
OFFSET  15.1024 -2.2143 -3.0030
X  0.9856  0.0113 -0.1687
Y  0.0536  0.9253  0.3753
Z  0.1604 -0.3790  0.9114

PART 64
OFFSET  14.1660 -2.2250 -2.8427
X -0.8107 -0.5347 -0.2384
Y -0.5735  0.6434  0.5071
Z -0.1178  0.5478 -0.8283

PART 65
OFFSET  13.2987 -4.8343 -2.3801
X -0.9833 -0.1294  0.1281
Y  0.1296 -0.9915 -0.0066
Z  0.1278  0.0101  0.9917

PART 66
OFFSET  15.8346 -4.5219 -2.8600
X -0.0917 -0.9892 -0.1140
Y  0.9677 -0.0615 -0.2444
Z  0.2348 -0.1327  0.9629

PART 67
OFFSET  15.9907 -2.8377 -2.6659
X  0.7747 -0.5697 -0.2744
Y  0.5913  0.8065 -0.0050
Z  0.2242 -0.1584  0.9616

PART 68
OFFSET  14.9170 -2.0482 -2.2855
X  0.9398  0.2988 -0.1656
Y -0.2622  0.9416  0.2113
Z  0.2191 -0.1551  0.9633

PART 69
OFFSET  13.8977 -2.3723 -2.1059
X -0.6095 -0.7903  0.0624
Y -0.7626  0.6060  0.2264
Z -0.2167  0.0904 -0.9720

PART 70
OFFSET  8.0392 -6.0735 -2.1342
X -0.9210 -0.3896  0.0038
Y -0.3894  0.9202 -0.0401
Z  0.0121 -0.0384 -0.9992

PART 71
OFFSET  15.9138 -5.0505 -0.7491
