// Export filename: `C:\projects\cod\t5\xanim_export\t5_viewmodels\python\python_dw_right_reload.XANIM_EXPORT`
// Source filename: `D:\projects\devanim\t5\animation_assets\viewmodels/python/ViewModel_python_DW_animated.fbx`
// Export time: Thu Aug 05 23:16:19 2010

ANIMATION
VERSION 3

NUMPARTS 48
PART 0 "tag_ads"
PART 1 "tag_torso"
PART 2 "tag_weapon"
PART 3 "J_Gun"
PART 4 "TAG_CLIP"
PART 5 "J_Bolt"
PART 6 "tag_speedloader"
PART 7 "tag_spent0"
PART 8 "tag_spent1"
PART 9 "tag_spent2"
PART 10 "tag_spent3"
PART 11 "tag_spent4"
PART 12 "tag_spent5"
PART 13 "tag_bullets"
PART 14 "J_Press_Rear"
PART 15 "J_Shoulder_RI"
PART 16 "J_Elbow_RI"
PART 17 "J_WristTwist_RI"
PART 18 "J_Sleave_Reshape_Top_RI_3"
PART 19 "J_Sleave_Reshape_Top_RI_2"
PART 20 "J_Sleave_Reshape_Top_RI_1"
PART 21 "J_Wrist_RI"
PART 22 "J_Thumb_RI_0"
PART 23 "J_Thumb_RI_1"
PART 24 "J_Thumb_RI_2"
PART 25 "J_Thumb_RI_3"
PART 26 "J_PinkyPalm_RI"
PART 27 "J_Pinky_RI_0"
PART 28 "J_Pinky_RI_1"
PART 29 "J_Pinky_RI_2"
PART 30 "J_Pinky_RI_3"
PART 31 "J_RingPalm_RI"
PART 32 "J_Ring_RI_0"
PART 33 "J_Ring_RI_1"
PART 34 "J_Ring_RI_2"
PART 35 "J_Ring_RI_3"
PART 36 "J_Webbing_RI"
PART 37 "J_Index_RI_0"
PART 38 "J_Index_RI_1"
PART 39 "J_Index_RI_2"
PART 40 "J_Index_RI_3"
PART 41 "J_Mid_RI_0"
PART 42 "J_Mid_RI_1"
PART 43 "J_Mid_RI_2"
PART 44 "J_Mid_RI_3"
PART 45 "tag_cambone"
PART 46 "tag_camera"
PART 47 "tag_gasmask"

FRAMERATE 30
NUMFRAMES 93

FRAME 50
PART 0
OFFSET  0.0000 -0.0000 -0.0000
X  1.0000 -0.0000  0.0000
Y  0.0000  1.0000  0.0000
Z  0.0000 -0.0000  1.0000

PART 1
OFFSET -4.6318 -0.0000 -1.3770
X  1.0000 -0.0000  0.0000
Y  0.0000  1.0000  0.0000
Z  0.0000 -0.0000  1.0000

PART 2
OFFSET  14.4142 -5.2386 -3.9150
X  1.0000  0.0001 -0.0000
Y -0.0001  0.9965  0.0833
Z  0.0000 -0.0833  0.9965

PART 3
OFFSET  14.4142 -5.2386 -3.9150
X  1.0000  0.0001 -0.0000
Y -0.0001  0.9965  0.0833
Z  0.0000 -0.0833  0.9965

PART 4
OFFSET  17.6869 -5.1167 -3.5589
X  1.0000  0.0001 -0.0000
Y -0.0001  0.9965  0.0833
Z  0.0000 -0.0833  0.9965

PART 5
OFFSET  15.8608 -5.3753 -2.2776
X  1.0000  0.0001 -0.0000
Y -0.0001  0.9965  0.0833
Z  0.0000 -0.0833  0.9965

PART 6
OFFSET -320.3348 -5.1251  0.0032
X  0.9998  0.0018 -0.0204
Y -0.0001  0.9965  0.0833
Z  0.0204 -0.0833  0.9963

PART 7
OFFSET  15.7866 -5.3371 -2.9267
X  0.9998  0.0018 -0.0204
Y -0.0001  0.9965  0.0833
Z  0.0204 -0.0833  0.9963

PART 8
OFFSET  15.7941 -4.7972 -2.5647
X  0.9998  0.0018 -0.0204
Y -0.0001  0.9965  0.0833
Z  0.0204 -0.0833  0.9963

PART 9
OFFSET  15.8099 -4.8434 -1.9320
X  0.9998  0.0018 -0.0204
Y -0.0001  0.9965  0.0833
Z  0.0204 -0.0833  0.9963

PART 10
OFFSET  15.8179 -5.4220 -1.6532
X  0.9998  0.0018 -0.0204
Y -0.0001  0.9965  0.0833
Z  0.0204 -0.0833  0.9963

PART 11
OFFSET  15.8105 -5.9527 -2.0193
X  0.9998  0.0018 -0.0204
Y -0.0001  0.9965  0.0833
Z  0.0204 -0.0833  0.9963

PART 12
OFFSET  15.7949 -5.8843 -2.6380
X  0.9998  0.0018 -0.0204
Y -0.0001  0.9965  0.0833
Z  0.0204 -0.0833  0.9963

PART 13
OFFSET -318.4825 -5.1218 -0.0346
X  0.9998  0.0018 -0.0204
Y -0.0001  0.9965  0.0833
Z  0.0204 -0.0833  0.9963

PART 14
OFFSET  14.2991 -5.1556 -2.7034
X  0.9989 -0.0038  0.0471
Y -0.0001  0.9965  0.0833
Z -0.0472 -0.0832  0.9954

PART 15
OFFSET -9.2817 -11.3680 -3.1869
X -0.7728 -0.1294  0.6213
Y -0.0349 -0.9688 -0.2452
Z  0.6337 -0.2112  0.7442

PART 16
OFFSET  0.0641 -9.8025 -10.7013
X -0.8088 -0.3379 -0.4814
Y  0.5099  0.0049 -0.8602
Z  0.2930 -0.9412  0.1683

PART 17
OFFSET  6.9431 -6.9287 -6.6071
X -0.8088 -0.3379 -0.4814
Y  0.5870 -0.4122 -0.6968
Z  0.0370 -0.8461  0.5317

PART 18
OFFSET  7.5205 -5.4423 -5.2508
X -0.8126 -0.3353 -0.4767
Y -0.2980  0.9420 -0.1546
Z  0.5009  0.0164 -0.8654

PART 19
OFFSET  7.4514 -5.7184 -4.1419
X -0.8126 -0.3353 -0.4767
Y -0.2980  0.9420 -0.1546
Z  0.5009  0.0164 -0.8654

PART 20
OFFSET  8.1403 -6.9268 -4.2469
X -0.8126 -0.3353 -0.4767
Y -0.2980  0.9420 -0.1546
Z  0.5009  0.0164 -0.8654

PART 21
OFFSET  9.4226 -5.8928 -5.1314
X -0.9484  0.2309 -0.2172
Y  0.1464 -0.2889 -0.9461
Z -0.2812 -0.9291  0.2402

PART 22
OFFSET  9.8234 -5.3364 -4.2193
X -0.6965 -0.5598 -0.4489
Y  0.6139 -0.1410 -0.7767
Z  0.3715 -0.8166  0.4418

PART 23
OFFSET  11.2445 -4.0690 -3.1976
X -0.9676  0.0189  0.2516
Y -0.2162 -0.5763 -0.7881
Z  0.1301 -0.8170  0.5618

PART 24
OFFSET  12.7792 -4.0425 -3.7137
X -0.7709  0.1302  0.6235
Y -0.5899 -0.5152 -0.6218
Z  0.2402 -0.8471  0.4740

PART 25
OFFSET  13.6119 -4.1358 -4.3991
X -0.8449  0.5341  0.0276
Y  0.4392  0.7225 -0.5340
Z -0.3052 -0.4390 -0.8451

PART 26
OFFSET  10.4386 -6.2097 -6.0092
X -0.9533  0.1113  0.2808
Y -0.0456 -0.9720  0.2305
Z  0.2986  0.2069  0.9317

PART 27
OFFSET  12.6296 -6.3105 -6.5326
X -0.2420 -0.9610  0.1336
Y  0.8333 -0.2764 -0.4787
Z  0.4970 -0.0045  0.8678

PART 28
OFFSET  12.9724 -4.9499 -6.7217
X  0.4631 -0.8388 -0.2864
Y  0.7554  0.5425 -0.3675
Z  0.4637 -0.0462  0.8848

PART 29
OFFSET  12.5618 -4.2062 -6.4678
X  0.8596 -0.0525 -0.5082
Y  0.0463  0.9986 -0.0248
Z  0.5088 -0.0023  0.8609

PART 30
OFFSET  11.7451 -4.1564 -5.9850
X -0.7602 -0.5864  0.2798
Y -0.4539  0.7874  0.4171
Z -0.4649  0.1901 -0.8647

PART 31
OFFSET  10.5107 -6.1983 -5.2991
X -0.9852  0.1472  0.0874
Y -0.1189 -0.9557  0.2694
Z  0.1232  0.2550  0.9591

PART 32
OFFSET  13.0468 -6.6393 -5.6625
X -0.2544 -0.9352  0.2462
Y  0.8013 -0.3464 -0.4878
Z  0.5415  0.0732  0.8375

PART 33
OFFSET  13.4800 -5.0471 -6.0817
X  0.6125 -0.7146 -0.3381
Y  0.5885  0.6977 -0.4085
Z  0.5278  0.0512  0.8478

PART 34
OFFSET  12.6312 -4.0568 -5.6131
X  0.8429  0.1110 -0.5265
Y -0.1235  0.9923  0.0114
Z  0.5237  0.0554  0.8501

PART 35
OFFSET  11.7170 -4.1771 -5.0421
X -0.5943 -0.6550  0.4667
Y -0.6067  0.7460  0.2745
Z -0.5280 -0.1200 -0.8407

PART 36
OFFSET  5.2008 -5.1856 -5.1066
X -0.9989  0.0148  0.0454
Y -0.0010  0.9441 -0.3297
Z -0.0477 -0.3294 -0.9430

PART 37
OFFSET  12.9032 -6.9199 -3.4822
X -0.8588 -0.3654  0.3591
Y  0.3902 -0.9207 -0.0036
Z  0.3320  0.1370  0.9333

PART 38
OFFSET  14.4153 -6.2766 -4.1145
X -0.7835 -0.5019  0.3663
Y  0.5359 -0.8442 -0.0103
Z  0.3144  0.1882  0.9305

PART 39
OFFSET  15.3869 -5.6550 -4.5033
X -0.6180 -0.7349  0.2794
Y  0.7384 -0.6645 -0.1144
Z  0.2697  0.1356  0.9533

PART 40
OFFSET  16.0850 -4.8250 -4.8188
X -0.3895  0.8772  0.2805
Y  0.7687  0.4774 -0.4257
Z -0.5074  0.0498 -0.8603

PART 41
OFFSET  13.0113 -7.0420 -4.5748
X -0.3759 -0.8639  0.3352
Y  0.8336 -0.4733 -0.2850
Z  0.4048  0.1723  0.8980

PART 42
OFFSET  13.7456 -5.3543 -5.2297
X  0.5432 -0.8358 -0.0797
Y  0.7190  0.5121 -0.4699
Z  0.4336  0.1979  0.8791

PART 43
OFFSET  12.9522 -4.1335 -5.1133
X  0.8824 -0.0004 -0.4705
Y -0.1157  0.9691 -0.2178
Z  0.4561  0.2466  0.8551

PART 44
OFFSET  11.9496 -4.1341 -4.5866
X -0.6319 -0.6344  0.4453
Y -0.6207  0.7582  0.1996
Z -0.4642 -0.1503 -0.8729

PART 45
OFFSET  0.0000 -0.0000 -0.0000
X  1.0000 -0.0000  0.0000
Y  0.0000  1.0000  0.0000
Z  0.0000 -0.0000  1.0000

PART 46
OFFSET  0.0000 -0.0000 -0.0000
X  1.0000 -0.0000  0.0000
Y  0.0000  1.0000  0.0000
Z  0.0000 -0.0000  1.0000

PART 47
OFFSET  1.5404 -0.0000  4.1357
X  1.0000 -0.0000  0.0000
Y  0.0000  1.0000  0.0000
Z  0.0000 -0.0000  1.0000


FRAME 51
PART 0
OFFSET  0.0000 -0.0000 -0.0000
X  1.0000 -0.0000  0.0000
Y  0.0000  1.0000  0.0000
Z  0.0000 -0.0000  1.0000

PART 1
OFFSET -4.6318 -0.0000 -1.3770
X  1.0000 -0.0000  0.0000
Y  0.0000  1.0000  0.0000
Z  0.0000 -0.0000  1.0000

PART 2
OFFSET  14.3641 -5.3010 -4.0134
X  0.9999  0.0116 -0.0046
Y -0.0110  0.9948  0.1016
Z  0.0057 -0.1016  0.9948

PART 3
OFFSET  14.3641 -5.3010 -4.0134
X  0.9999  0.0116 -0.0046
Y -0.0110  0.9948  0.1016
Z  0.0057 -0.1016  0.9948

PART 4
OFFSET  17.6369 -5.1482 -3.6701
X  0.9999  0.0116 -0.0046
Y -0.0110  0.9948  0.1016
Z  0.0057 -0.1016  0.9948

PART 5
OFFSET  15.8200 -5.4511 -2.3855
X  0.9999  0.0116 -0.0046
Y -0.0110  0.9948  0.1016
Z  0.0057 -0.1016  0.9948

PART 6
OFFSET -320.3348 -5.1251  0.0032
X  0.9998  0.0018 -0.0204
Y -0.0001  0.9965  0.0833
Z  0.0204 -0.0833  0.9963

PART 7
OFFSET  15.7423 -5.4019 -3.0334
X  0.9996  0.0136 -0.0249
Y -0.0110  0.9948  0.1016
Z  0.0262 -0.1013  0.9945

PART 8
OFFSET  15.7454 -4.8686 -2.6616
X  0.9996  0.0136 -0.0249
Y -0.0110  0.9948  0.1016
Z  0.0262 -0.1013  0.9945

PART 9
OFFSET  15.7648 -4.9262 -2.0300
X  0.9996  0.0136 -0.0249
Y -0.0110  0.9948  0.1016
Z  0.0262 -0.1013  0.9945

PART 10
OFFSET  15.7807 -5.5098 -1.7618
X  0.9996  0.0136 -0.0249
Y -0.0110  0.9948  0.1016
Z  0.0262 -0.1013  0.9945

PART 11
OFFSET  15.7775 -6.0338 -2.1377
X  0.9996  0.0136 -0.0249
Y -0.0110  0.9948  0.1016
Z  0.0262 -0.1013  0.9945

PART 12
OFFSET  15.7583 -5.9541 -2.7549
X  0.9996  0.0136 -0.0249
Y -0.0110  0.9948  0.1016
Z  0.0262 -0.1013  0.9945

PART 13
OFFSET -318.4898 -9.0738  1.3949
X  0.9996  0.0136 -0.0249
Y -0.0110  0.9948  0.1016
Z  0.0262 -0.1013  0.9945

PART 14
OFFSET  14.2539 -5.2416 -2.8000
X  0.9991  0.0068  0.0424
Y -0.0110  0.9948  0.1016
Z -0.0415 -0.1020  0.9939

PART 15
OFFSET -9.2706 -11.3680 -3.2074
X -0.7699 -0.1297  0.6248
Y -0.0353 -0.9690 -0.2446
Z  0.6371 -0.2104  0.7415

PART 16
OFFSET  0.0410 -9.7997 -10.7635
X -0.8100 -0.3386 -0.4788
Y  0.5072  0.0053 -0.8618
Z  0.2944 -0.9409  0.1675

PART 17
OFFSET  6.9304 -6.9195 -6.6914
X -0.8100 -0.3386 -0.4788
Y  0.5862 -0.4458 -0.6765
Z  0.0157 -0.8286  0.5596

PART 18
OFFSET  7.5108 -5.4325 -5.3370
X -0.8138 -0.3361 -0.4741
Y -0.2993  0.9417 -0.1537
Z  0.4981  0.0168 -0.8670

PART 19
OFFSET  7.4456 -5.7085 -4.2279
X -0.8138 -0.3361 -0.4741
Y -0.2993  0.9417 -0.1537
Z  0.4981  0.0168 -0.8670

PART 20
OFFSET  8.1351 -6.9163 -4.3350
X -0.8138 -0.3361 -0.4741
Y -0.2993  0.9417 -0.1537
Z  0.4981  0.0168 -0.8670

PART 21
OFFSET  9.4137 -5.8813 -5.2237
X -0.9364  0.2546 -0.2414
Y  0.1560 -0.3141 -0.9365
Z -0.3143 -0.9146  0.2544

PART 22
OFFSET  9.8134 -5.3172 -4.3158
X -0.6888 -0.5515 -0.4706
Y  0.6433 -0.1655 -0.7475
Z  0.3344 -0.8176  0.4687

PART 23
OFFSET  11.2169 -4.0651 -3.2518
X -0.9837  0.0206  0.1787
Y -0.1569 -0.5845 -0.7960
Z  0.0881 -0.8111  0.5782

PART 24
OFFSET  12.7857 -4.0423 -3.6526
X -0.8370  0.1171  0.5346
Y -0.5090 -0.5254 -0.6818
Z  0.2010 -0.8428  0.4993

PART 25
OFFSET  13.6902 -4.1215 -4.2420
X -0.8519  0.5195 -0.0666
Y  0.4829  0.7298 -0.4840
Z -0.2028 -0.4444 -0.8725

PART 26
OFFSET  10.4366 -6.2483 -6.0736
X -0.9548  0.1464  0.2588
Y -0.0800 -0.9648  0.2505
Z  0.2864  0.2184  0.9329

PART 27
OFFSET  12.6334 -6.4271 -6.5499
X -0.2761 -0.9515  0.1355
Y  0.8408 -0.3074 -0.4455
Z  0.4656 -0.0091  0.8850

PART 28
OFFSET  13.0243 -5.0799 -6.7417
X  0.4325 -0.8651 -0.2540
Y  0.7923  0.4991 -0.3510
Z  0.4304 -0.0495  0.9013

PART 29
OFFSET  12.6408 -4.3129 -6.5165
X  0.8697 -0.1337 -0.4751
Y  0.1213  0.9910 -0.0568
Z  0.4784 -0.0082  0.8781

PART 30
OFFSET  11.8145 -4.1859 -6.0652
X -0.8106 -0.5186  0.2720
Y -0.4076  0.8331  0.3738
Z -0.4205  0.1921 -0.8867

PART 31
OFFSET  10.4950 -6.2233 -5.3626
X -0.9818  0.1789  0.0641
Y -0.1535 -0.9454  0.2875
Z  0.1121  0.2724  0.9556

PART 32
OFFSET  13.0230 -6.7489 -5.6646
X -0.2943 -0.9228  0.2487
Y  0.8085 -0.3791 -0.4500
Z  0.5096  0.0686  0.8577

PART 33
OFFSET  13.5240 -5.1779 -6.0880
X  0.5922 -0.7491 -0.2969
Y  0.6360  0.6608 -0.3986
Z  0.4948  0.0472  0.8677

PART 34
OFFSET  12.7033 -4.1397 -5.6765
X  0.8696  0.0321 -0.4927
Y -0.0534  0.9981 -0.0292
Z  0.4908  0.0517  0.8697

PART 35
OFFSET  11.7601 -4.1745 -5.1422
X -0.6579 -0.5939  0.4631
Y -0.5632  0.7962  0.2211
Z -0.5000 -0.1154 -0.8583

PART 36
OFFSET  5.2160 -5.0461 -5.3002
X -0.9986  0.0460  0.0247
Y  0.0345  0.9361 -0.3500
Z -0.0392 -0.3487 -0.9364

PART 37
OFFSET  12.8279 -6.9765 -3.4821
X -0.8745 -0.3459  0.3399
Y  0.3736 -0.9274  0.0174
Z  0.3092  0.1422  0.9403

PART 38
OFFSET  14.3677 -6.3675 -4.0806
X -0.7875 -0.5066  0.3509
Y  0.5424 -0.8401  0.0043
Z  0.2926  0.1937  0.9364

PART 39
OFFSET  15.3429 -5.7399 -4.4503
X -0.6272 -0.7307  0.2695
Y  0.7383 -0.6680 -0.0929
Z  0.2479  0.1408  0.9585

PART 40
OFFSET  16.0513 -4.9145 -4.7547
X -0.3926  0.8805  0.2657
Y  0.7803  0.4718 -0.4106
Z -0.4869  0.0461 -0.8722

PART 41
OFFSET  12.9537 -7.1261 -4.5694
X -0.4168 -0.8450  0.3352
Y  0.8269 -0.5055 -0.2463
Z  0.3775  0.1745  0.9094

PART 42
OFFSET  13.7679 -5.4754 -5.2242
X  0.5155 -0.8557 -0.0450
Y  0.7536  0.4777 -0.4514
Z  0.4078  0.1988  0.8912

PART 43
OFFSET  13.0149 -4.2255 -5.1585
X  0.9008 -0.0817 -0.4265
Y -0.0342  0.9658 -0.2572
Z  0.4329  0.2463  0.8672

PART 44
OFFSET  11.9916 -4.1341 -4.6818
X -0.6966 -0.5699  0.4359
Y -0.5720  0.8078  0.1421
Z -0.4331 -0.1503 -0.8887

PART 45
OFFSET  0.0000 -0.0000 -0.0000
X  1.0000 -0.0000  0.0000
Y  0.0000  1.0000  0.0000
Z  0.0000 -0.0000  1.0000

PART 46
OFFSET  0.0000 -0.0000 -0.0000
X  1.0000 -0.0000  0.0000
Y  0.0000  1.0000  0.0000
Z  0.0000 -0.0000  1.0000

PART 47
OFFSET  1.5404 -0.0000  4.1357
X  1.0000 -0.0000  0.0000
Y  0.0000  1.0000  0.0000
Z  0.0000 -0.0000  1.0000


FRAME 52
PART 0
OFFSET  0.0000 -0.0000 -0.0000
X  1.0000 -0.0000  0.0000
Y  0.0000  1.0000  0.0000
Z  0.0000 -0.0000  1.0000

PART 1
OFFSET -4.6318 -0.0000 -1.3770
X  1.0000 -0.0000  0.0000
Y  0.0000  1.0000  0.0000
Z  0.0000 -0.0000  1.0000

PART 2
OFFSET  14.2270 -5.4703 -4.2585
X  0.9990  0.0422 -0.0164
Y -0.0393  0.9879  0.1499
Z  0.0226 -0.1491  0.9886

PART 3
OFFSET  14.2270 -5.4703 -4.2585
X  0.9990  0.0422 -0.0164
Y -0.0393  0.9879  0.1499
Z  0.0226 -0.1491  0.9886

PART 4
OFFSET  17.4982 -5.2346 -3.9488
X  0.9990  0.0422 -0.0164
Y -0.0393  0.9879  0.1499
Z  0.0226 -0.1491  0.9886

PART 5
OFFSET  15.7091 -5.6541 -2.6579
X  0.9990  0.0422 -0.0164
Y -0.0393  0.9879  0.1499
Z  0.0226 -0.1491  0.9886

PART 6
OFFSET -320.3348 -5.1251  0.0032
X  0.9998  0.0018 -0.0204
Y -0.0001  0.9965  0.0833
Z  0.0204 -0.0833  0.9963

PART 7
OFFSET  15.6210 -5.5762 -3.3017
X  0.9983  0.0452 -0.0366
Y -0.0393  0.9879  0.1499
Z  0.0430 -0.1482  0.9880

PART 8
OFFSET  15.6134 -5.0616 -2.9046
X  0.9983  0.0452 -0.0366
Y -0.0393  0.9879  0.1499
Z  0.0430 -0.1482  0.9880

PART 9
OFFSET  15.6432 -5.1489 -2.2767
X  0.9983  0.0452 -0.0366
Y -0.0393  0.9879  0.1499
Z  0.0430 -0.1482  0.9880

PART 10
OFFSET  15.6802 -5.7439 -2.0374
X  0.9983  0.0452 -0.0366
Y -0.0393  0.9879  0.1499
Z  0.0430 -0.1482  0.9880

PART 11
OFFSET  15.6875 -6.2490 -2.4381
X  0.9983  0.0452 -0.0366
Y -0.0393  0.9879  0.1499
Z  0.0430 -0.1482  0.9880

PART 12
OFFSET  15.6572 -6.1404 -3.0505
X  0.9983  0.0452 -0.0366
Y -0.0393  0.9879  0.1499
Z  0.0430 -0.1482  0.9880

PART 13
OFFSET -318.2597 -19.6259  5.0940
X  0.9983  0.0452 -0.0366
Y -0.0393  0.9879  0.1499
Z  0.0430 -0.1482  0.9880

PART 14
OFFSET  14.1318 -5.4727 -3.0423
X  0.9989  0.0351  0.0303
Y -0.0393  0.9879  0.1499
Z -0.0246 -0.1509  0.9882

PART 15
OFFSET -9.2389 -11.3680 -3.2659
X -0.7626 -0.1308  0.6335
Y -0.0362 -0.9692 -0.2437
Z  0.6458 -0.2088  0.7344

PART 16
OFFSET -0.0158 -9.7867 -10.9272
X -0.8116 -0.3404 -0.4747
Y  0.5024  0.0078 -0.8646
Z  0.2980 -0.9402  0.1647

PART 17
OFFSET  6.8875 -6.8911 -6.8896
X -0.8116 -0.3404 -0.4747
Y  0.5825 -0.5334 -0.6134
Z -0.0444 -0.7744  0.6312

PART 18
OFFSET  7.4709 -5.4041 -5.5366
X -0.8154 -0.3379 -0.4700
Y -0.3029  0.9410 -0.1509
Z  0.4933  0.0193 -0.8697

PART 19
OFFSET  7.4126 -5.6816 -4.4275
X -0.8154 -0.3379 -0.4700
Y -0.3029  0.9410 -0.1509
Z  0.4933  0.0193 -0.8697

PART 20
OFFSET  8.1051 -6.8872 -4.5398
X -0.8154 -0.3379 -0.4700
Y -0.3029  0.9410 -0.1509
Z  0.4933  0.0193 -0.8697

PART 21
OFFSET  9.3757 -5.8474 -5.4342
X -0.8987  0.3236 -0.2960
Y  0.1654 -0.3749 -0.9122
Z -0.4061 -0.8688  0.2834

PART 22
OFFSET  9.7871 -5.2744 -4.5372
X -0.6740 -0.5251 -0.5196
Y  0.7018 -0.2353 -0.6725
Z  0.2309 -0.8179  0.5271

PART 23
OFFSET  11.1585 -4.0723 -3.3781
X -0.9996  0.0297 -0.0009
Y -0.0175 -0.6105 -0.7919
Z -0.0241 -0.7915  0.6107

PART 24
OFFSET  12.7738 -4.0680 -3.4924
X -0.9532  0.0878  0.2893
Y -0.2881 -0.5538 -0.7812
Z  0.0917 -0.8280  0.5532

PART 25
OFFSET  13.8053 -4.1156 -3.8172
X -0.8219  0.4825 -0.3028
Y  0.5670  0.7440 -0.3535
Z  0.0547 -0.4622 -0.8851

PART 26
OFFSET  10.3954 -6.3471 -6.2178
X -0.9474  0.2435  0.2075
Y -0.1774 -0.9396  0.2926
Z  0.2662  0.2404  0.9335

PART 27
OFFSET  12.5847 -6.7439 -6.5840
X -0.3703 -0.9196  0.1311
Y  0.8452 -0.3921 -0.3633
Z  0.3855 -0.0237  0.9224

PART 28
OFFSET  13.1089 -5.4419 -6.7696
X  0.3313 -0.9258 -0.1820
Y  0.8779  0.3731 -0.2999
Z  0.3456 -0.0604  0.9364

PART 29
OFFSET  12.8151 -4.6211 -6.6082
X  0.8549 -0.3488 -0.3840
Y  0.3298  0.9368 -0.1166
Z  0.4004 -0.0270  0.9159

PART 30
OFFSET  12.0029 -4.2897 -6.2434
X -0.9189 -0.3174  0.2344
Y -0.2505  0.9283  0.2748
Z -0.3048  0.1938 -0.9325

PART 31
OFFSET  10.4264 -6.2904 -5.5069
X -0.9633  0.2681  0.0104
Y -0.2503 -0.9119  0.3252
Z  0.0967  0.3107  0.9456

PART 32
OFFSET  12.9067 -7.0526 -5.6672
X -0.4026 -0.8822  0.2440
Y  0.8092 -0.4677 -0.3556
Z  0.4279  0.0543  0.9022

PART 33
OFFSET  13.5922 -5.5506 -6.0827
X  0.5142 -0.8341 -0.1997
Y  0.7532  0.5505 -0.3600
Z  0.4102  0.0347  0.9113

PART 34
OFFSET  12.8796 -4.3945 -5.8060
X  0.9010 -0.1827 -0.3935
Y  0.1511  0.9824 -0.1101
Z  0.4067  0.0398  0.9127

PART 35
OFFSET  11.9025 -4.1964 -5.3792
X -0.8045 -0.4095  0.4302
Y -0.4102  0.9069  0.0962
Z -0.4296 -0.0991 -0.8976

PART 36
OFFSET  5.2777 -4.6493 -5.7429
X -0.9905  0.1354 -0.0233
Y  0.1336  0.9100 -0.3926
Z -0.0320 -0.3920 -0.9194

PART 37
OFFSET  12.6018 -7.1483 -3.4876
X -0.9116 -0.2896  0.2918
Y  0.3203 -0.9452  0.0626
Z  0.2577  0.1506  0.9544

PART 38
OFFSET  14.2068 -6.6385 -4.0013
X -0.7963 -0.5162  0.3154
Y  0.5535 -0.8321  0.0354
Z  0.2442  0.2027  0.9483

PART 39
OFFSET  15.1897 -5.9986 -4.3272
X -0.6526 -0.7171  0.2448
Y  0.7310 -0.6808 -0.0454
Z  0.1992  0.1493  0.9685

PART 40
OFFSET  15.9268 -5.1886 -4.6036
X -0.3914  0.8900  0.2337
Y  0.8086  0.4539 -0.3744
Z -0.4393  0.0425 -0.8973

PART 41
OFFSET  12.7583 -7.3647 -4.5596
X -0.5252 -0.7868  0.3243
Y  0.7917 -0.5915 -0.1530
Z  0.3122  0.1764  0.9335

PART 42
OFFSET  13.7842 -5.8276 -5.1931
X  0.4260 -0.9041  0.0333
Y  0.8359  0.3792 -0.3969
Z  0.3462  0.1969  0.9173

PART 43
OFFSET  13.1620 -4.5071 -5.2418
X  0.9052 -0.2985 -0.3025
Y  0.1941  0.9236 -0.3306
Z  0.3781  0.2405  0.8940

PART 44
OFFSET  12.1342 -4.1701 -4.9058
X -0.8422 -0.3764  0.3859
Y -0.4047  0.9144  0.0086
Z -0.3561 -0.1490 -0.9225

PART 45
OFFSET  0.0000 -0.0000 -0.0000
X  1.0000 -0.0000  0.0000
Y  0.0000  1.0000  0.0000
Z  0.0000 -0.0000  1.0000

PART 46
OFFSET  0.0000 -0.0000 -0.0000
X  1.0000 -0.0000  0.0000
Y  0.0000  1.0000  0.0000
Z  0.0000 -0.0000  1.0000

PART 47
OFFSET  1.5404 -0.0000  4.1357
X  1.0000 -0.0000  0.0000
Y  0.0000  1.0000  0.0000
Z  0.0000 -0.0000  1.0000


FRAME 53
PART 0
OFFSET  0.0000 -0.0000 -0.0000
X  1.0000 -0.0000  0.0000
Y  0.0000  1.0000  0.0000
Z  0.0000 -0.0000  1.0000

PART 1
OFFSET -4.6318 -0.0000 -1.3770
X  1.0000 -0.0000  0.0000
Y  0.0000  1.0000  0.0000
Z  0.0000 -0.0000  1.0000

PART 2
OFFSET  14.0233 -5.7194 -4.5745
X  0.9957  0.0862 -0.0327
Y -0.0771  0.9730  0.2176
Z  0.0506 -0.2142  0.9755

PART 3
OFFSET  14.0233 -5.7194 -4.5745
X  0.9957  0.0862 -0.0327
Y -0.0771  0.9730  0.2176
Z  0.0506 -0.2142  0.9755

PART 4
OFFSET  17.2879 -5.3643 -4.3123
X  0.9957  0.0862 -0.0327
Y -0.0771  0.9730  0.2176
Z  0.0506 -0.2142  0.9755

PART 5
OFFSET  15.5468 -5.9466 -3.0189
X  0.9957  0.0862 -0.0327
Y -0.0771  0.9730  0.2176
Z  0.0506 -0.2142  0.9755

PART 6
OFFSET -320.3348 -5.1251  0.0032
X  0.9998  0.0018 -0.0204
Y -0.0001  0.9965  0.0833
Z  0.0204 -0.0833  0.9963

PART 7
OFFSET  15.4414 -5.8293 -3.6541
X  0.9945  0.0906 -0.0526
Y -0.0771  0.9730  0.2176
Z  0.0709 -0.2124  0.9746

PART 8
OFFSET  15.4210 -5.3434 -3.2227
X  0.9945  0.0906 -0.0526
Y -0.0771  0.9730  0.2176
Z  0.0709 -0.2124  0.9746

PART 9
OFFSET  15.4683 -5.4714 -2.6029
X  0.9945  0.0906 -0.0526
Y -0.0771  0.9730  0.2176
Z  0.0709 -0.2124  0.9746

PART 10
OFFSET  15.5354 -6.0790 -2.4055
X  0.9945  0.0906 -0.0526
Y -0.0771  0.9730  0.2176
Z  0.0709 -0.2124  0.9746

PART 11
OFFSET  15.5549 -6.5553 -2.8398
X  0.9945  0.0906 -0.0526
Y -0.0771  0.9730  0.2176
Z  0.0709 -0.2124  0.9746

PART 12
OFFSET  15.5066 -6.4071 -3.4427
X  0.9945  0.0906 -0.0526
Y -0.0771  0.9730  0.2176
Z  0.0709 -0.2124  0.9746

PART 13
OFFSET -317.2957 -34.7951  10.1754
X  0.9945  0.0906 -0.0526
Y -0.0771  0.9730  0.2176
Z  0.0709 -0.2124  0.9746

PART 14
OFFSET  13.9553 -5.8078 -3.3597
X  0.9970  0.0760  0.0134
Y -0.0771  0.9730  0.2176
Z  0.0035 -0.2180  0.9759

PART 15
OFFSET -9.1889 -11.3680 -3.3584
X -0.7526 -0.1333  0.6449
Y -0.0371 -0.9692 -0.2436
Z  0.6575 -0.2072  0.7244

PART 16
OFFSET -0.0874 -9.7561 -11.1575
X -0.8103 -0.3424 -0.4756
Y  0.5015  0.0148 -0.8650
Z  0.3032 -0.9394  0.1597

PART 17
OFFSET  6.8042 -6.8437 -7.1121
X -0.8103 -0.3424 -0.4756
Y  0.5693 -0.6526 -0.5000
Z -0.1392 -0.6759  0.7238

PART 18
OFFSET  7.3811 -5.3604 -5.7522
X -0.8141 -0.3399 -0.4709
Y -0.3081  0.9401 -0.1459
Z  0.4923  0.0263 -0.8700

PART 19
OFFSET  7.3253 -5.6437 -4.6444
X -0.8141 -0.3399 -0.4709
Y -0.3081  0.9401 -0.1459
Z  0.4923  0.0263 -0.8700

PART 20
OFFSET  8.0242 -6.8451 -4.7635
X -0.8141 -0.3399 -0.4709
Y -0.3081  0.9401 -0.1459
Z  0.4923  0.0263 -0.8700

PART 21
OFFSET  9.2883 -5.7940 -5.6539
X -0.8324  0.4336 -0.3452
Y  0.1380 -0.4411 -0.8868
Z -0.5367 -0.7858  0.3073

PART 22
OFFSET  9.7499 -5.2407 -4.7691
X -0.6697 -0.4746 -0.5712
Y  0.7382 -0.3417 -0.5816
Z  0.0808 -0.8112  0.5792

PART 23
OFFSET  11.1170 -4.1374 -3.5107
X -0.9759  0.0510 -0.2122
Y  0.1276 -0.6554 -0.7444
Z -0.1770 -0.7535  0.6331

PART 24
OFFSET  12.7199 -4.1743 -3.2835
X -0.9978  0.0525 -0.0396
Y  0.0002 -0.6001 -0.7999
Z -0.0658 -0.7982  0.5988

PART 25
OFFSET  13.8019 -4.1844 -3.2545
X -0.6943  0.4278 -0.5787
Y  0.6261  0.7556 -0.1926
Z  0.3549 -0.4961 -0.7924

PART 26
OFFSET  10.2488 -6.4744 -6.3735
X -0.9081  0.3872  0.1593
Y -0.3211 -0.8882  0.3286
Z  0.2687  0.2473  0.9309

PART 27
OFFSET  12.3678 -7.1995 -6.6361
X -0.5069 -0.8555  0.1057
Y  0.8138 -0.5153 -0.2687
Z  0.2844 -0.0502  0.9574

PART 28
OFFSET  13.0854 -5.9883 -6.7858
X  0.1469 -0.9821 -0.1180
Y  0.9599  0.1704 -0.2225
Z  0.2386 -0.0806  0.9678

PART 29
OFFSET  12.9551 -5.1175 -6.6812
X  0.7262 -0.6325 -0.2694
Y  0.6182  0.7722 -0.1466
Z  0.3008 -0.0601  0.9518

PART 30
OFFSET  12.2652 -4.5166 -6.4252
X -0.9870  0.0077  0.1604
Y  0.0374  0.9824  0.1830
Z -0.1562  0.1866 -0.9699

PART 31
OFFSET  10.2653 -6.3863 -5.6653
X -0.9140  0.4038 -0.0392
Y -0.3902 -0.8487  0.3571
Z  0.1109  0.3417  0.9332

PART 32
OFFSET  12.6124 -7.5037 -5.6943
X -0.5550 -0.8036  0.2150
Y  0.7660 -0.5945 -0.2445
Z  0.3243  0.0290  0.9455

PART 33
OFFSET  13.5574 -6.1356 -6.0603
X  0.3509 -0.9311 -0.0993
Y  0.8860  0.3645 -0.2865
Z  0.3030  0.0126  0.9529

PART 34
OFFSET  13.0710 -4.8451 -5.9228
X  0.8374 -0.4837 -0.2545
Y  0.4566  0.8751 -0.1607
Z  0.3004  0.0183  0.9536

PART 35
OFFSET  12.1627 -4.3206 -5.6468
X -0.9322 -0.1027  0.3472
Y -0.1193  0.9925 -0.0266
Z -0.3419 -0.0662 -0.9374

PART 36
OFFSET  5.4195 -4.0377 -6.1758
X -0.9591  0.2747 -0.0678
Y  0.2767  0.8600 -0.4288
Z -0.0595 -0.4300 -0.9009

PART 37
OFFSET  12.2282 -7.4427 -3.5260
X -0.9511 -0.1996  0.2358
Y  0.2278 -0.9687  0.0988
Z  0.2087  0.1477  0.9668

PART 38
OFFSET  13.9027 -7.0913 -3.9411
X -0.8044 -0.5251  0.2780
Y  0.5593 -0.8271  0.0562
Z  0.2004  0.2007  0.9589

PART 39
OFFSET  14.8928 -6.4408 -4.2209
X -0.6892 -0.6924  0.2135
Y  0.7078 -0.7064 -0.0063
Z  0.1551  0.1468  0.9769

PART 40
OFFSET  15.6712 -5.6587 -4.4620
X -0.3709  0.9044  0.2110
Y  0.8421  0.4233 -0.3342
Z -0.3916  0.0537 -0.9186

PART 41
OFFSET  12.3854 -7.7341 -4.5800
X -0.6705 -0.6833  0.2891
Y  0.7019 -0.7105 -0.0514
Z  0.2405  0.1685  0.9559

PART 42
OFFSET  13.6952 -6.3993 -5.1448
X  0.2673 -0.9577  0.1068
Y  0.9224  0.2222 -0.3158
Z  0.2787  0.1830  0.9428

PART 43
OFFSET  13.3048 -5.0005 -5.3009
X  0.7961 -0.5898 -0.1354
Y  0.5139  0.7771 -0.3634
Z  0.3195  0.2197  0.9218

PART 44
OFFSET  12.4012 -4.3335 -5.1543
X -0.9591 -0.0581  0.2769
Y -0.0950  0.9880 -0.1217
Z -0.2666 -0.1430 -0.9531

PART 45
OFFSET  0.0000 -0.0000 -0.0000
X  1.0000 -0.0000  0.0000
Y  0.0000  1.0000  0.0000
Z  0.0000 -0.0000  1.0000

PART 46
OFFSET  0.0000 -0.0000 -0.0000
X  1.0000 -0.0000  0.0000
Y  0.0000  1.0000  0.0000
Z  0.0000 -0.0000  1.0000

PART 47
OFFSET  1.5404 -0.0000  4.1357
X  1.0000 -0.0000  0.0000
Y  0.0000  1.0000  0.0000
Z  0.0000 -0.0000  1.0000


FRAME 54
PART 0
OFFSET  0.0000 -0.0000 -0.0000
X  1.0000 -0.0000  0.0000
Y  0.0000  1.0000  0.0000
Z  0.0000 -0.0000  1.0000

PART 1
OFFSET -4.6318 -0.0000 -1.3770
X  1.0000 -0.0000  0.0000
Y  0.0000  1.0000  0.0000
Z  0.0000 -0.0000  1.0000

PART 2
OFFSET  13.7730 -6.0210 -4.8862
X  0.9892  0.1378 -0.0505
Y -0.1171  0.9485  0.2943
Z  0.0885 -0.2852  0.9544

PART 3
OFFSET  13.7730 -6.0210 -4.8862
X  0.9892  0.1378 -0.0505
Y -0.1171  0.9485  0.2943
Z  0.0885 -0.2852  0.9544

PART 4
OFFSET  17.0231 -5.5252 -4.6782
X  0.9892  0.1378 -0.0505
Y -0.1171  0.9485  0.2943
Z  0.0885 -0.2852  0.9544

PART 5
OFFSET  15.3493 -6.2902 -3.3912
X  0.9892  0.1378 -0.0505
Y -0.1171  0.9485  0.2943
Z  0.0885 -0.2852  0.9544

PART 6
OFFSET -320.3348 -5.1251  0.0032
X  0.9998  0.0018 -0.0204
Y -0.0001  0.9965  0.0833
Z  0.0204 -0.0833  0.9963

PART 7
OFFSET  15.2203 -6.1302 -4.0125
X  0.9871  0.1436 -0.0700
Y -0.1171  0.9485  0.2943
Z  0.1087 -0.2823  0.9531

PART 8
OFFSET  15.1891 -5.6802 -3.5443
X  0.9871  0.1436 -0.0700
Y -0.1171  0.9485  0.2943
Z  0.1087 -0.2823  0.9531

PART 9
OFFSET  15.2601 -5.8526 -2.9378
X  0.9871  0.1436 -0.0700
Y -0.1171  0.9485  0.2943
Z  0.1087 -0.2823  0.9531

PART 10
OFFSET  15.3616 -6.4695 -2.7898
X  0.9871  0.1436 -0.0700
Y -0.1171  0.9485  0.2943
Z  0.1087 -0.2823  0.9531

PART 11
OFFSET  15.3914 -6.9096 -3.2601
X  0.9871  0.1436 -0.0700
Y -0.1171  0.9485  0.2943
Z  0.1087 -0.2823  0.9531

PART 12
OFFSET  15.3190 -6.7185 -3.8483
X  0.9871  0.1436 -0.0700
Y -0.1171  0.9485  0.2943
Z  0.1087 -0.2823  0.9531

PART 13
OFFSET -315.2307 -52.5594  15.7546
X  0.9871  0.1436 -0.0700
Y -0.1171  0.9485  0.2943
Z  0.1087 -0.2823  0.9531

PART 14
OFFSET  13.7438 -6.2050 -3.6806
X  0.9922  0.1242 -0.0054
Y -0.1171  0.9485  0.2943
Z  0.0417 -0.2914  0.9557

PART 15
OFFSET -9.1229 -11.3680 -3.4804
X -0.7415 -0.1377  0.6566
Y -0.0379 -0.9685 -0.2460
Z  0.6699 -0.2073  0.7130

PART 16
OFFSET -0.1551 -9.7023 -11.4218
X -0.8031 -0.3429 -0.4872
Y  0.5095  0.0286 -0.8600
Z  0.3088 -0.9389  0.1518

PART 17
OFFSET  6.6757 -6.7854 -7.2777
X -0.8031 -0.3429 -0.4872
Y  0.5352 -0.7746 -0.3370
Z -0.2619 -0.5314  0.8056

PART 18
OFFSET  7.2284 -5.3136 -5.8955
X -0.8070 -0.3405 -0.4825
Y -0.3138  0.9394 -0.1381
Z  0.5003  0.0400 -0.8649

PART 19
OFFSET  7.1643 -5.6101 -4.7917
X -0.8070 -0.3405 -0.4825
Y -0.3138  0.9394 -0.1381
Z  0.5003  0.0400 -0.8649

PART 20
OFFSET  7.8734 -6.8048 -4.9178
X -0.8070 -0.3405 -0.4825
Y -0.3138  0.9394 -0.1381
Z  0.5003  0.0400 -0.8649

PART 21
OFFSET  9.1378 -5.7340 -5.7840
X -0.7414  0.5702 -0.3538
Y  0.0515 -0.4773 -0.8772
Z -0.6691 -0.6686  0.3245

PART 22
OFFSET  9.6964 -5.2554 -4.9116
X -0.6940 -0.3915 -0.6043
Y  0.7157 -0.4665 -0.5197
Z -0.0784 -0.7932  0.6040

PART 23
OFFSET  11.1268 -4.3199 -3.5894
X -0.9218  0.0881 -0.3774
Y  0.2067 -0.7121 -0.6710
Z -0.3279 -0.6965  0.6382

PART 24
OFFSET  12.6640 -4.4266 -3.0916
X -0.9445  0.0189 -0.3279
Y  0.2347 -0.6594 -0.7142
Z -0.2297 -0.7515  0.6184

PART 25
OFFSET  13.6919 -4.4015 -2.7531
X -0.5013  0.3608 -0.7864
Y  0.6497  0.7573 -0.0666
Z  0.5715 -0.5444 -0.6140

PART 26
OFFSET  9.9555 -6.5926 -6.4895
X -0.8219  0.5491  0.1515
Y -0.4756 -0.8080  0.3478
Z  0.3134  0.2138  0.9252

PART 27
OFFSET  11.9063 -7.6960 -6.7379
X -0.6558 -0.7524  0.0621
Y  0.7295 -0.6527 -0.2043
Z  0.1942 -0.0887  0.9769

PART 28
OFFSET  12.8348 -6.6308 -6.8258
X -0.1017 -0.9901 -0.0964
Y  0.9845 -0.0862 -0.1529
Z  0.1431 -0.1105  0.9835

PART 29
OFFSET  12.9249 -5.7529 -6.7403
X  0.4367 -0.8791 -0.1909
Y  0.8749  0.4644 -0.1374
Z  0.2094 -0.1070  0.9720

PART 30
OFFSET  12.5100 -4.9177 -6.5590
X -0.9135  0.3963  0.0917
Y  0.4059  0.9028  0.1420
Z -0.0265  0.1669 -0.9856

PART 31
OFFSET  9.9909 -6.4941 -5.7834
X -0.8257  0.5622 -0.0473
Y -0.5362 -0.7559  0.3755
Z  0.1754  0.3354  0.9256

PART 32
OFFSET  12.0959 -8.0197 -5.7899
X -0.7136 -0.6809  0.1650
Y  0.6613 -0.7324 -0.1624
Z  0.2314 -0.0068  0.9728

PART 33
OFFSET  13.3108 -6.8605 -6.0708
X  0.1094 -0.9931 -0.0422
Y  0.9723  0.1157 -0.2033
Z  0.2068 -0.0188  0.9782

PART 34
OFFSET  13.1592 -5.4842 -6.0124
X  0.6114 -0.7791 -0.1385
Y  0.7641  0.6267 -0.1527
Z  0.2057 -0.0125  0.9785

PART 35
OFFSET  12.4962 -4.6391 -5.8622
X -0.9273  0.2797  0.2488
Y  0.2661  0.9600 -0.0876
Z -0.2633 -0.0150 -0.9646

PART 36
OFFSET  5.6501 -3.3154 -6.3409
X -0.8936  0.4430 -0.0730
Y  0.4263  0.7862 -0.4473
Z -0.1407 -0.4309 -0.8914

PART 37
OFFSET  11.7391 -7.8445 -3.6231
X -0.9759 -0.0874  0.1998
Y  0.1090 -0.9890  0.0998
Z  0.1889  0.1192  0.9747

PART 38
OFFSET  13.4574 -7.6907 -3.9749
X -0.8065 -0.5350  0.2517
Y  0.5609 -0.8270  0.0392
Z  0.1872  0.1728  0.9670

PART 39
OFFSET  14.4491 -7.0297 -4.2222
X -0.7277 -0.6606  0.1845
Y  0.6711 -0.7414 -0.0076
Z  0.1418  0.1183  0.9828

PART 40
OFFSET  15.2711 -6.2835 -4.4306
X -0.3290  0.9176  0.2233
Y  0.8693  0.3866 -0.3080
Z -0.3690  0.0927 -0.9248

PART 41
OFFSET  11.8359 -8.1816 -4.6708
X -0.8107 -0.5346  0.2385
Y  0.5530 -0.8331  0.0124
Z  0.1920  0.1419  0.9711

PART 42
OFFSET  13.4198 -7.1371 -5.1366
X  0.0576 -0.9887  0.1387
Y  0.9707  0.0230 -0.2391
Z  0.2332  0.1484  0.9610

PART 43
OFFSET  13.3357 -5.6931 -5.3393
X  0.5196 -0.8544  0.0036
Y  0.8065  0.4891 -0.3324
Z  0.2822  0.1756  0.9431

PART 44
OFFSET  12.7457 -4.7263 -5.3503
X -0.9316  0.3315  0.1492
Y  0.3029  0.9347 -0.1857
Z -0.2010 -0.1277 -0.9712

PART 45
OFFSET  0.0000 -0.0000 -0.0000
X  1.0000 -0.0000  0.0000
Y  0.0000  1.0000  0.0000
Z  0.0000 -0.0000  1.0000

PART 46
OFFSET  0.0000 -0.0000 -0.0000
X  1.0000 -0.0000  0.0000
Y  0.0000  1.0000  0.0000
Z  0.0000 -0.0000  1.0000

PART 47
OFFSET  1.5404 -0.0000  4.1357
X  1.0000 -0.0000  0.0000
Y  0.0000  1.0000  0.0000
Z  0.0000 -0.0000  1.0000


FRAME 55
PART 0
OFFSET  0.0000 -0.0000 -0.0000
X  1.0000 -0.0000  0.0000
Y  0.0000  1.0000  0.0000
Z  0.0000 -0.0000  1.0000

PART 1
OFFSET -4.6318 -0.0000 -1.3770
X  1.0000 -0.0000  0.0000
Y  0.0000  1.0000  0.0000
Z  0.0000 -0.0000  1.0000

PART 2
OFFSET  13.4925 -6.3469 -5.1200
X  0.9793  0.1911 -0.0671
Y -0.1536  0.9164  0.3696
Z  0.1321 -0.3517  0.9268

PART 3
OFFSET  13.4925 -6.3469 -5.1200
X  0.9793  0.1911 -0.0671
Y -0.1536  0.9164  0.3696
Z  0.1321 -0.3517  0.9268

PART 4
OFFSET  16.7198 -5.7044 -4.9642
X  0.9793  0.1911 -0.0671
Y -0.1536  0.9164  0.3696
Z  0.1321 -0.3517  0.9268

PART 5
OFFSET  15.1262 -6.6482 -3.6942
X  0.9793  0.1911 -0.0671
Y -0.1536  0.9164  0.3696
Z  0.1321 -0.3517  0.9268

PART 6
OFFSET -320.3348 -5.1251  0.0032
X  0.9998  0.0018 -0.0204
Y -0.0001  0.9965  0.0833
Z  0.0204 -0.0833  0.9963

PART 7
OFFSET  14.9701 -6.4485 -4.2976
X  0.9764  0.1983 -0.0860
Y -0.1536  0.9164  0.3696
Z  0.1521 -0.3477  0.9252

PART 8
OFFSET  14.9320 -6.0373 -3.7955
X  0.9764  0.1983 -0.0860
Y -0.1536  0.9164  0.3696
Z  0.1521 -0.3477  0.9252

PART 9
OFFSET  15.0302 -6.2513 -3.2062
X  0.9764  0.1983 -0.0860
Y -0.1536  0.9164  0.3696
Z  0.1521 -0.3477  0.9252

PART 10
OFFSET  15.1661 -6.8716 -3.1090
X  0.9764  0.1983 -0.0860
Y -0.1536  0.9164  0.3696
Z  0.1521 -0.3477  0.9252

PART 11
OFFSET  15.2023 -7.2729 -3.6125
X  0.9764  0.1983 -0.0860
Y -0.1536  0.9164  0.3696
Z  0.1521 -0.3477  0.9252

PART 12
OFFSET  15.1023 -7.0417 -4.1820
X  0.9764  0.1983 -0.0860
Y -0.1536  0.9164  0.3696
Z  0.1521 -0.3477  0.9252

PART 13
OFFSET -312.0656 -70.9000  20.9577
X  0.9764  0.1983 -0.0860
Y -0.1536  0.9164  0.3696
Z  0.1521 -0.3477  0.9252

PART 14
OFFSET  13.5102 -6.6228 -3.9318
X  0.9844  0.1743 -0.0232
Y -0.1536  0.9164  0.3696
Z  0.0857 -0.3603  0.9289

PART 15
OFFSET -9.0431 -11.3680 -3.6279
X -0.7313 -0.1445  0.6665
Y -0.0390 -0.9668 -0.2524
Z  0.6809 -0.2106  0.7015

PART 16
OFFSET -0.1983 -9.6208 -11.6888
X -0.7884 -0.3399 -0.5127
Y  0.5292  0.0500 -0.8470
Z  0.3135 -0.9391  0.1404

PART 17
OFFSET  6.5078 -6.7301 -7.3282
X -0.7884 -0.3399 -0.5127
Y  0.4779 -0.8632 -0.1628
Z -0.3872 -0.3734  0.8430

PART 18
OFFSET  7.0150 -5.2816 -5.9045
X -0.7925 -0.3376 -0.5080
Y -0.3188  0.9393 -0.1268
Z  0.5200  0.0615 -0.8520

PART 19
OFFSET  6.9278 -5.6007 -4.8085
X -0.7925 -0.3376 -0.5080
Y -0.3188  0.9393 -0.1268
Z  0.5200  0.0615 -0.8520

PART 20
OFFSET  7.6501 -6.7866 -4.9416
X -0.7925 -0.3376 -0.5080
Y -0.3188  0.9393 -0.1268
Z  0.5200  0.0615 -0.8520

PART 21
OFFSET  8.9249 -5.6882 -5.7565
X -0.6385  0.7066 -0.3050
Y -0.0833 -0.4575 -0.8853
Z -0.7651 -0.5399  0.3509

PART 22
OFFSET  9.6067 -5.3429 -4.9090
X -0.7514 -0.2713 -0.6015
Y  0.6267 -0.5787 -0.5218
Z -0.2066 -0.7691  0.6048

PART 23
OFFSET  11.1770 -4.6569 -3.5925
X -0.8797  0.1506 -0.4511
Y  0.1890 -0.7598 -0.6221
Z -0.4365 -0.6325  0.6399

PART 24
OFFSET  12.6572 -4.8745 -2.9730
X -0.8708  0.0079 -0.4916
Y  0.3382 -0.7160 -0.6107
Z -0.3568 -0.6980  0.6208

PART 25
OFFSET  13.6095 -4.8390 -2.4594
X -0.3439  0.3067 -0.8875
Y  0.6727  0.7399 -0.0050
Z  0.6552 -0.5987 -0.4608

PART 26
OFFSET  9.5307 -6.6668 -6.5173
X -0.6959  0.6887  0.2036
Y -0.6002 -0.7134  0.3617
Z  0.3944  0.1295  0.9098

PART 27
OFFSET  11.2253 -8.1079 -6.8866
X -0.7844 -0.6199  0.0226
Y  0.6048 -0.7724 -0.1942
Z  0.1378 -0.1387  0.9807

PART 28
OFFSET  12.3358 -7.2303 -6.9185
X -0.3611 -0.9259 -0.1112
Y  0.9288 -0.3464 -0.1316
Z  0.0833 -0.1508  0.9850

PART 29
OFFSET  12.6559 -6.4093 -6.8199
X  0.0422 -0.9840 -0.1731
Y  0.9880  0.0668 -0.1391
Z  0.1484 -0.1652  0.9750

PART 30
OFFSET  12.6158 -5.4745 -6.6554
X -0.6740  0.7346  0.0787
Y  0.7375  0.6628  0.1296
Z  0.0431  0.1454 -0.9884

PART 31
OFFSET  9.6196 -6.5936 -5.8128
X -0.7072  0.7070  0.0055
Y -0.6485 -0.6517  0.3935
Z  0.2818  0.2747  0.9193

PART 32
OFFSET  11.3988 -8.4838 -5.9549
X -0.8415 -0.5268  0.1198
Y  0.5119 -0.8483 -0.1352
Z  0.1729 -0.0524  0.9835

PART 33
OFFSET  12.8314 -7.5869 -6.1589
X -0.1601 -0.9865 -0.0355
Y  0.9762 -0.1529 -0.1536
Z  0.1461 -0.0593  0.9875

PART 34
OFFSET  13.0532 -6.2197 -6.1097
X  0.2560 -0.9625 -0.0897
Y  0.9555  0.2660 -0.1277
Z  0.1468 -0.0530  0.9877

PART 35
OFFSET  12.7756 -5.1758 -6.0124
X -0.7483  0.6340  0.1950
Y  0.6289  0.7716 -0.0956
Z -0.2111  0.0511 -0.9761

PART 36
OFFSET  5.9278 -2.6500 -6.0893
X -0.7974  0.6032 -0.0182
Y  0.5427  0.7036 -0.4587
Z -0.2639 -0.3757 -0.8884

PART 37
OFFSET  11.1914 -8.2970 -3.7697
X -0.9786  0.0229  0.2047
Y -0.0106 -0.9981  0.0610
Z  0.2057  0.0575  0.9769

PART 38
OFFSET  12.9143 -8.3373 -4.1302
X -0.7967 -0.5563  0.2363
Y  0.5666 -0.8235 -0.0285
Z  0.2105  0.1112  0.9713

PART 39
OFFSET  13.8956 -7.6543 -4.3584
X -0.7565 -0.6333  0.1630
Y  0.6326 -0.7719 -0.0631
Z  0.1658  0.0554  0.9846

PART 40
OFFSET  14.7501 -6.9389 -4.5426
X -0.2781  0.9186  0.2809
Y  0.8818  0.3601 -0.3046
Z -0.3809  0.1629 -0.9101

PART 41
OFFSET  11.1702 -8.6211 -4.8256
X -0.9107 -0.3609  0.2009
Y  0.3718 -0.9281  0.0185
Z  0.1797  0.0916  0.9794

PART 42
OFFSET  12.9493 -7.9162 -5.2180
X -0.1599 -0.9789  0.1269
Y  0.9619 -0.1834 -0.2027
Z  0.2217  0.0897  0.9710

PART 43
OFFSET  13.1829 -6.4863 -5.4034
X  0.1313 -0.9887  0.0716
Y  0.9521  0.1057 -0.2868
Z  0.2760  0.1059  0.9553

PART 44
OFFSET  13.0329 -5.3671 -5.4915
X -0.7265  0.6839  0.0672
Y  0.6629  0.7232 -0.1937
Z -0.1810 -0.0961 -0.9788

PART 45
OFFSET  0.0000 -0.0000 -0.0000
X  1.0000 -0.0000  0.0000
Y  0.0000  1.0000  0.0000
Z  0.0000 -0.0000  1.0000

PART 46
OFFSET  0.0000 -0.0000 -0.0000
X  1.0000 -0.0000  0.0000
Y  0.0000  1.0000  0.0000
Z  0.0000 -0.0000  1.0000

PART 47
OFFSET  1.5404 -0.0000  4.1357
X  1.0000 -0.0000  0.0000
Y  0.0000  1.0000  0.0000
Z  0.0000 -0.0000  1.0000


FRAME 56
PART 0
OFFSET  0.0000 -0.0000 -0.0000
X  1.0000 -0.0000  0.0000
Y  0.0000  1.0000  0.0000
Z  0.0000 -0.0000  1.0000

PART 1
OFFSET -4.6318 -0.0000 -1.3770
X  1.0000 -0.0000  0.0000
Y  0.0000  1.0000  0.0000
Z  0.0000 -0.0000  1.0000

PART 2
OFFSET  13.1942 -6.6689 -5.2034
X  0.9674  0.2405 -0.0795
Y -0.1835  0.8819  0.4343
Z  0.1746 -0.4056  0.8972

PART 3
OFFSET  13.1942 -6.6689 -5.2034
X  0.9674  0.2405 -0.0795
Y -0.1835  0.8819  0.4343
Z  0.1746 -0.4056  0.8972

PART 4
OFFSET  16.3927 -5.8887 -5.0887
X  0.9674  0.2405 -0.0795
Y -0.1835  0.8819  0.4343
Z  0.1746 -0.4056  0.8972

PART 5
OFFSET  14.8804 -6.9874 -3.8441
X  0.9674  0.2405 -0.0795
Y -0.1835  0.8819  0.4343
Z  0.1746 -0.4056  0.8972

PART 6
OFFSET -320.3348 -5.1251  0.0032
X  0.9998  0.0018 -0.0204
Y -0.0001  0.9965  0.0833
Z  0.0204 -0.0833  0.9963

PART 7
OFFSET  14.6982 -6.7557 -4.4284
X  0.9636  0.2487 -0.0978
Y -0.1835  0.8819  0.4343
Z  0.1943 -0.4006  0.8954

PART 8
OFFSET  14.6563 -6.3808 -3.8989
X  0.9636  0.2487 -0.0978
Y -0.1835  0.8819  0.4343
Z  0.1943 -0.4006  0.8954

PART 9
OFFSET  14.7810 -6.6284 -3.3281
X  0.9636  0.2487 -0.0978
Y -0.1835  0.8819  0.4343
Z  0.1943 -0.4006  0.8954

PART 10
OFFSET  14.9472 -7.2468 -3.2765
X  0.9636  0.2487 -0.0978
Y -0.1835  0.8819  0.4343
Z  0.1943 -0.4006  0.8954

PART 11
OFFSET  14.9867 -7.6118 -3.8066
X  0.9636  0.2487 -0.0978
Y -0.1835  0.8819  0.4343
Z  0.1943 -0.4006  0.8954

PART 12
OFFSET  14.8600 -7.3485 -4.3564
X  0.9636  0.2487 -0.0978
Y -0.1835  0.8819  0.4343
Z  0.1943 -0.4006  0.8954

PART 13
OFFSET -308.2602 -87.8758  24.9253
X  0.9636  0.2487 -0.0978
Y -0.1835  0.8819  0.4343
Z  0.1943 -0.4006  0.8954

PART 14
OFFSET  13.2587 -7.0215 -4.0374
X  0.9746  0.2211 -0.0370
Y -0.1835  0.8819  0.4343
Z  0.1287 -0.4165  0.9000

PART 15
OFFSET -8.9519 -11.3680 -3.7965
X -0.7242 -0.1537  0.6722
Y -0.0401 -0.9638 -0.2636
Z  0.6884 -0.2178  0.6919

PART 16
OFFSET -0.1930 -9.5088 -11.9260
X -0.7653 -0.3314 -0.5518
Y  0.5606  0.0783 -0.8244
Z  0.3164 -0.9402  0.1259

PART 17
OFFSET  6.3159 -6.6899 -7.2325
X -0.7653 -0.3314 -0.5518
Y  0.4220 -0.9056 -0.0414
Z -0.4860 -0.2645  0.8329

PART 18
OFFSET  6.7555 -5.2784 -5.7503
X -0.7695 -0.3293 -0.5472
Y -0.3223  0.9399 -0.1125
Z  0.5514  0.0898 -0.8294

PART 19
OFFSET  6.6296 -5.6292 -4.6679
X -0.7695 -0.3293 -0.5472
Y -0.3223  0.9399 -0.1125
Z  0.5514  0.0898 -0.8294

PART 20
OFFSET  7.3671 -6.8050 -4.8065
X -0.7695 -0.3293 -0.5472
Y -0.3223  0.9399 -0.1125
Z  0.5514  0.0898 -0.8294

PART 21
OFFSET  8.6620 -5.6738 -5.5408
X -0.5409  0.8143 -0.2105
Y -0.2307 -0.3843 -0.8939
Z -0.8089 -0.4349  0.3957

PART 22
OFFSET  9.4600 -5.4907 -4.7459
X -0.8298 -0.1188 -0.5453
Y  0.4809 -0.6480 -0.5907
Z -0.2832 -0.7524  0.5948

PART 23
OFFSET  11.2184 -5.1278 -3.5433
X -0.8720  0.2587 -0.4156
Y  0.0730 -0.7708 -0.6329
Z -0.4841 -0.5822  0.6533

PART 24
OFFSET  12.6846 -5.5262 -2.9833
X -0.8554  0.0705 -0.5132
Y  0.2927 -0.7517 -0.5910
Z -0.4274 -0.6558  0.6223

PART 25
OFFSET  13.6242 -5.5596 -2.4467
X -0.2965  0.3183 -0.9004
Y  0.7310  0.6824  0.0005
Z  0.6146 -0.6580 -0.4351

PART 26
OFFSET  9.0362 -6.6865 -6.3998
X -0.5567  0.7747  0.2999
Y -0.6735 -0.6323  0.3829
Z  0.4862  0.0112  0.8738

PART 27
OFFSET  10.4405 -8.3479 -6.9933
X -0.8736 -0.4865  0.0076
Y  0.4720 -0.8512 -0.2296
Z  0.1182 -0.1971  0.9732

PART 28
OFFSET  11.6774 -7.6591 -7.0040
X -0.5760 -0.8072 -0.1287
Y  0.8150 -0.5551 -0.1659
Z  0.0625 -0.2005  0.9777

PART 29
OFFSET  12.1881 -6.9433 -6.8899
X -0.3363 -0.9249 -0.1776
Y  0.9338 -0.3031 -0.1901
Z  0.1220 -0.2298  0.9656

PART 30
OFFSET  12.5076 -6.0647 -6.7212
X -0.3466  0.9309  0.1155
Y  0.9368  0.3373  0.0928
Z  0.0474  0.1404 -0.9890

PART 31
OFFSET  9.1955 -6.6709 -5.7041
X -0.5818  0.8066  0.1048
Y -0.7084 -0.5658  0.4218
Z  0.3995  0.1712  0.9006

PART 32
OFFSET  10.6305 -8.8021 -6.1006
X -0.9218 -0.3739  0.1022
Y  0.3567 -0.9215 -0.1538
Z  0.1517 -0.1053  0.9828

PART 33
OFFSET  12.1999 -8.1656 -6.2746
X -0.3960 -0.9169 -0.0501
Y  0.9098 -0.3844 -0.1563
Z  0.1241 -0.1074  0.9864

PART 34
OFFSET  12.7487 -6.8949 -6.2052
X -0.1165 -0.9894 -0.0868
Y  0.9851 -0.1040 -0.1367
Z  0.1262 -0.1015  0.9868

PART 35
OFFSET  12.8751 -5.8219 -6.1110
X -0.4611  0.8650  0.1978
Y  0.8675  0.4863 -0.1045
Z -0.1866  0.1234 -0.9747

PART 36
OFFSET  6.1724 -2.1928 -5.4488
X -0.6892  0.7196  0.0849
Y  0.6071  0.6374 -0.4744
