// Export filename: `C:\projects\cod\t5\xanim_export\t5_viewmodels\python\python_dw_left_idle_loop.XANIM_EXPORT`
// Source filename: `D:\projects\devanim\t5\animation_assets\viewmodels/python/ViewModel_python_DW_animated.fbx`
// Export time: Tue Sep 14 14:44:53 2010

ANIMATION
VERSION 3

NUMPARTS 51
PART 0 "tag_ads"
PART 1 "tag_torso"
PART 2 "J_Shoulder_LE"
PART 3 "J_Elbow_LE"
PART 4 "J_WristTwist_LE"
PART 5 "J_Sleave_Reshape_Bottom_LE_1"
PART 6 "J_Sleave_Reshape_Bottom_LE_2"
PART 7 "J_Sleave_Reshape_Top_LE_1"
PART 8 "J_Sleave_Reshape_Top_LE_2"
PART 9 "J_Sleave_Reshape_Top_LE_3"
PART 10 "J_Wrist_LE"
PART 11 "J_Thumb_LE_0"
PART 12 "J_Thumb_LE_1"
PART 13 "J_Thumb_LE_2"
PART 14 "J_Thumb_LE_3"
PART 15 "J_PinkyPalm_LE"
PART 16 "J_Pinky_LE_0"
PART 17 "J_Pinky_LE_1"
PART 18 "J_Pinky_LE_2"
PART 19 "J_Pinky_LE_3"
PART 20 "J_RingPalm_LE"
PART 21 "J_Ring_LE_0"
PART 22 "J_Ring_LE_1"
PART 23 "J_Ring_LE_2"
PART 24 "J_Ring_LE_3"
PART 25 "J_Webbing_LE"
PART 26 "J_Index_LE_0"
PART 27 "J_Index_LE_1"
PART 28 "J_Index_LE_2"
PART 29 "J_Index_LE_3"
PART 30 "J_Mid_LE_0"
PART 31 "J_Mid_LE_1"
PART 32 "J_Mid_LE_2"
PART 33 "J_Mid_LE_3"
PART 34 "tag_knife_attach"
PART 35 "tag_weapon1"
PART 36 "J_Gun1"
PART 37 "TAG_CLIP1"
PART 38 "J_Bolt1"
PART 39 "tag_speedloader1"
PART 40 "tag_spent01"
PART 41 "tag_spent11"
PART 42 "tag_spent21"
PART 43 "tag_spent31"
PART 44 "tag_spent41"
PART 45 "tag_spent51"
PART 46 "tag_bullets1"
PART 47 "J_Press_Rear1"
PART 48 "tag_cambone"
PART 49 "tag_camera"
PART 50 "tag_gasmask"

FRAMERATE 30
NUMFRAMES 301

FRAME 700
PART 0
OFFSET  0.0000 -0.0000 -0.0000
X  1.0000 -0.0000  0.0000
Y  0.0000  1.0000  0.0000
Z  0.0000 -0.0000  1.0000

PART 1
OFFSET -4.6318 -0.0000 -1.3770
X  1.0000 -0.0000  0.0000
Y  0.0000  1.0000  0.0000
Z  0.0000 -0.0000  1.0000

PART 2
OFFSET -9.2817  11.3680 -3.1869
X  0.7800 -0.1290 -0.6124
Y  0.0336 -0.9685  0.2469
Z -0.6249 -0.2132 -0.7510

PART 3
OFFSET  0.1513  9.8076 -10.5927
X  0.8010 -0.3359  0.4955
Y -0.5239  0.0070  0.8517
Z -0.2896 -0.9419 -0.1704

PART 4
OFFSET  6.9644  6.9504 -6.3783
X  0.8010 -0.3359  0.4955
Y -0.5979 -0.4066  0.6908
Z -0.0306 -0.8496 -0.5265

PART 5
OFFSET  8.8963  7.3185 -6.4328
X  0.8049 -0.3334  0.4909
Y  0.2948  0.9426  0.1567
Z -0.5150  0.0185  0.8570

PART 6
OFFSET  8.2230  5.9131 -7.0696
X  0.8049 -0.3334  0.4909
Y  0.2948  0.9426  0.1567
Z -0.5150  0.0185  0.8570

PART 7
OFFSET  7.9543  7.0558 -4.0287
X  0.8049 -0.3334  0.4909
Y  0.2948  0.9426  0.1567
Z -0.5150  0.0185  0.8570

PART 8
OFFSET  7.3778  5.8431 -4.1199
X  0.8049 -0.3334  0.4909
Y  0.2948  0.9426  0.1567
Z -0.5150  0.0185  0.8570

PART 9
OFFSET  7.3973  5.3943 -5.2308
X  0.8049 -0.3334  0.4909
Y  0.2948  0.9426  0.1567
Z -0.5150  0.0185  0.8570

PART 10
OFFSET  9.4200  5.9206 -4.8592
X  0.9508  0.2198  0.2185
Y -0.1504 -0.2892  0.9454
Z  0.2710 -0.9317 -0.2419

PART 11
OFFSET  9.8138  5.3578 -3.9479
X  0.6456 -0.5710  0.5072
Y -0.6104  0.0133  0.7920
Z -0.4589 -0.8209 -0.3399

PART 12
OFFSET  11.1205  4.0814 -2.7933
X  0.9595  0.0114 -0.2815
Y  0.2424 -0.5423  0.8045
Z -0.1435 -0.8401 -0.5231

PART 13
OFFSET  12.6389  4.0380 -3.3543
X  0.7584 -0.0055 -0.6518
Y  0.5648 -0.4938  0.6612
Z -0.3255 -0.8696 -0.3714

PART 14
OFFSET  13.4537  3.9838 -4.0649
X  0.8853  0.4528 -0.1064
Y -0.3597  0.8115  0.4606
Z  0.2949 -0.3695  0.8812

PART 15
OFFSET  10.4404  6.2280 -5.7355
X  0.9547  0.1012 -0.2797
Y  0.0349 -0.9719 -0.2326
Z -0.2954  0.2123 -0.9315

PART 16
OFFSET  12.6328  6.3054 -6.2567
X  0.2993 -0.9270 -0.2261
Y -0.8088 -0.3722  0.4553
Z -0.5062  0.0466 -0.8612

PART 17
OFFSET  13.0566  4.9930 -6.5769
X -0.5047 -0.8230  0.2608
Y -0.7238  0.5680  0.3917
Z -0.4705  0.0089 -0.8823

PART 18
OFFSET  12.6092  4.2633 -6.3456
X -0.8582 -0.0253  0.5126
Y  0.0061  0.9982  0.0595
Z -0.5132  0.0542 -0.8565

PART 19
OFFSET  11.7938  4.2392 -5.8586
X  0.7268 -0.6151 -0.3056
Y  0.4920  0.7767 -0.3932
Z  0.4792  0.1354  0.8672

PART 20
OFFSET  10.5117  6.2142 -5.0253
X  0.9526  0.2924 -0.0838
Y  0.2578 -0.9224 -0.2876
Z -0.1614  0.2524 -0.9541

PART 21
OFFSET  13.0529  6.6276 -5.3857
X  0.3067 -0.8900 -0.3374
Y -0.7766 -0.4389  0.4520
Z -0.5504  0.1234 -0.8257

PART 22
OFFSET  13.5750  5.1124 -5.9601
X -0.6438 -0.6924  0.3259
Y -0.5474  0.7143  0.4361
Z -0.5347  0.1023 -0.8388

PART 23
OFFSET  12.6828  4.1528 -5.5084
X -0.8292  0.1378  0.5417
Y  0.1740  0.9846  0.0158
Z -0.5312  0.1074 -0.8404

PART 24
OFFSET  11.7834  4.3022 -4.9210
X  0.5539 -0.6701 -0.4942
Y  0.6404  0.7222 -0.2614
Z  0.5320 -0.1717  0.8291

PART 25
OFFSET  12.2574  5.6395 -2.8142
X  0.9990  0.0037 -0.0445
Y  0.0113  0.9433  0.3317
Z  0.0432 -0.3319  0.9423

PART 26
OFFSET  12.9105  6.9051 -3.2048
X  0.8938 -0.2987 -0.3345
Y -0.3259 -0.9450 -0.0271
Z -0.3080  0.1332 -0.9420

PART 27
OFFSET  14.4842  6.3792 -3.7938
X  0.8127 -0.4301 -0.3932
Y -0.4768 -0.8787 -0.0243
Z -0.3350  0.2072 -0.9191

PART 28
OFFSET  15.4925  5.8437 -4.2159
X  0.6763 -0.6853 -0.2702
Y -0.6947 -0.7153  0.0757
Z -0.2451  0.1365 -0.9598

PART 29
OFFSET  16.2564  5.0697 -4.5211
X  0.3380  0.9072 -0.2503
Y -0.8139  0.4153  0.4063
Z  0.4725  0.0664  0.8788

PART 30
OFFSET  13.0209  7.0284 -4.2971
X  0.4707 -0.8005 -0.3710
Y -0.7657 -0.5795  0.2791
Z -0.4384  0.1527 -0.8857

PART 31
OFFSET  13.9404  5.4645 -5.0219
X -0.5331 -0.8373  0.1209
Y -0.7003  0.5170  0.4922
Z -0.4747  0.1778 -0.8620

PART 32
OFFSET  13.1617  4.2414 -4.8454
X -0.8630  0.0048  0.5052
Y  0.1168  0.9748  0.1903
Z -0.4916  0.2232 -0.8417

PART 33
OFFSET  12.1807  4.2477 -4.2792
X  0.6186 -0.6405 -0.4551
Y  0.6064  0.7575 -0.2419
Z  0.4997 -0.1264  0.8569

PART 34
OFFSET  12.4917  5.2526 -5.1449
X -0.1970  0.1923 -0.9613
Y -0.2710  0.9317  0.2419
Z  0.9422  0.3082 -0.1314

PART 35
OFFSET  14.4142  5.2441 -3.7130
X  1.0000  0.0001 -0.0000
Y -0.0001  0.9975 -0.0704
Z -0.0000  0.0704  0.9975

PART 36
OFFSET  14.4142  5.2441 -3.7130
X  1.0000  0.0001 -0.0000
Y -0.0001  0.9975 -0.0704
Z -0.0000  0.0704  0.9975

PART 37
OFFSET  17.6869  5.4191 -3.3797
X  1.0000  0.0001 -0.0000
Y -0.0001  0.9975 -0.0704
Z -0.0000  0.0704  0.9975

PART 38
OFFSET  15.8608  5.3599 -2.0740
X  1.0000  0.0001 -0.0000
Y -0.0001  0.9975 -0.0704
Z -0.0000  0.0704  0.9975

PART 39
OFFSET -320.3348  5.9563  0.1364
X  0.9998 -0.0013 -0.0204
Y -0.0001  0.9975 -0.0704
Z  0.0204  0.0704  0.9973

PART 40
OFFSET  15.7925  5.2983 -2.7207
X  0.9998 -0.0013 -0.0204
Y -0.0001  0.9975 -0.0704
Z  0.0204  0.0704  0.9973

PART 41
OFFSET  15.8005  5.8773 -2.4476
X  0.9998 -0.0013 -0.0204
Y -0.0001  0.9975 -0.0704
Z  0.0204  0.0704  0.9973

PART 42
OFFSET  15.8166  5.9467 -1.8201
X  0.9998 -0.0013 -0.0204
Y -0.0001  0.9975 -0.0704
Z  0.0204  0.0704  0.9973

PART 43
OFFSET  15.8245  5.3943 -1.4359
X  0.9998 -0.0013 -0.0204
Y -0.0001  0.9975 -0.0704
Z  0.0204  0.0704  0.9973

PART 44
OFFSET  15.8166  4.8463 -1.7243
X  0.9998 -0.0013 -0.0204
Y -0.0001  0.9975 -0.0704
Z  0.0204  0.0704  0.9973

PART 45
OFFSET  15.8007  4.7868 -2.3698
X  0.9998 -0.0013 -0.0204
Y -0.0001  0.9975 -0.0704
Z  0.0204  0.0704  0.9973

PART 46
OFFSET -318.4825  5.9539  0.0986
X  0.9998 -0.0013 -0.0204
Y -0.0001  0.9975 -0.0704
Z  0.0204  0.0704  0.9973

PART 47
OFFSET  14.2991  5.5118 -2.5284
X  0.9989  0.0034  0.0471
Y -0.0001  0.9975 -0.0704
Z -0.0472  0.0703  0.9964

PART 48
OFFSET  0.0000 -0.0000 -0.0000
X  1.0000 -0.0000  0.0000
Y  0.0000  1.0000  0.0000
Z  0.0000 -0.0000  1.0000

PART 49
OFFSET  0.0000 -0.0000 -0.0000
X  1.0000 -0.0000  0.0000
Y  0.0000  1.0000  0.0000
Z  0.0000 -0.0000  1.0000

PART 50
OFFSET  1.5404 -0.0000  4.1357
X  1.0000 -0.0000  0.0000
Y  0.0000  1.0000  0.0000
Z  0.0000 -0.0000  1.0000


FRAME 701
PART 0
OFFSET  0.0000 -0.0000 -0.0000
X  1.0000 -0.0000  0.0000
Y  0.0000  1.0000  0.0000
Z  0.0000 -0.0000  1.0000

PART 1
OFFSET -4.6318 -0.0000 -1.3770
X  1.0000 -0.0000  0.0000
Y  0.0000  1.0000  0.0000
Z  0.0000 -0.0000  1.0000

PART 2
OFFSET -9.2817  11.3680 -3.1869
X  0.7800 -0.1290 -0.6124
Y  0.0336 -0.9685  0.2469
Z -0.6249 -0.2132 -0.7510

PART 3
OFFSET  0.1513  9.8076 -10.5927
X  0.8010 -0.3359  0.4955
Y -0.5239  0.0070  0.8517
Z -0.2896 -0.9419 -0.1704

PART 4
OFFSET  6.9644  6.9504 -6.3783
X  0.8010 -0.3359  0.4955
Y -0.5979 -0.4066  0.6908
Z -0.0306 -0.8496 -0.5265

PART 5
OFFSET  8.8963  7.3185 -6.4328
X  0.8049 -0.3334  0.4909
Y  0.2948  0.9426  0.1567
Z -0.5150  0.0185  0.8570

PART 6
OFFSET  8.2230  5.9131 -7.0696
X  0.8049 -0.3334  0.4909
Y  0.2948  0.9426  0.1567
Z -0.5150  0.0185  0.8570

PART 7
OFFSET  7.9543  7.0558 -4.0287
X  0.8049 -0.3334  0.4909
Y  0.2948  0.9426  0.1567
Z -0.5150  0.0185  0.8570

PART 8
OFFSET  7.3778  5.8431 -4.1199
X  0.8049 -0.3334  0.4909
Y  0.2948  0.9426  0.1567
Z -0.5150  0.0185  0.8570

PART 9
OFFSET  7.3973  5.3943 -5.2308
X  0.8049 -0.3334  0.4909
Y  0.2948  0.9426  0.1567
Z -0.5150  0.0185  0.8570

PART 10
OFFSET  9.4200  5.9206 -4.8592
X  0.9508  0.2198  0.2185
Y -0.1504 -0.2892  0.9454
Z  0.2710 -0.9317 -0.2419

PART 11
OFFSET  9.8138  5.3578 -3.9479
X  0.6456 -0.5710  0.5072
Y -0.6104  0.0133  0.7920
Z -0.4589 -0.8209 -0.3399

PART 12
OFFSET  11.1205  4.0814 -2.7933
X  0.9595  0.0114 -0.2815
Y  0.2424 -0.5423  0.8045
Z -0.1435 -0.8401 -0.5231

PART 13
OFFSET  12.6389  4.0380 -3.3543
X  0.7584 -0.0055 -0.6518
Y  0.5648 -0.4938  0.6612
Z -0.3255 -0.8696 -0.3714

PART 14
OFFSET  13.4537  3.9838 -4.0649
X  0.8853  0.4528 -0.1064
Y -0.3597  0.8115  0.4606
Z  0.2949 -0.3695  0.8812

PART 15
OFFSET  10.4404  6.2280 -5.7355
X  0.9547  0.1012 -0.2797
Y  0.0349 -0.9719 -0.2326
Z -0.2954  0.2123 -0.9315

PART 16
OFFSET  12.6328  6.3054 -6.2567
X  0.2993 -0.9270 -0.2261
Y -0.8088 -0.3722  0.4553
Z -0.5062  0.0466 -0.8612

PART 17
OFFSET  13.0566  4.9930 -6.5769
X -0.5047 -0.8230  0.2608
Y -0.7238  0.5680  0.3917
Z -0.4705  0.0089 -0.8823

PART 18
OFFSET  12.6092  4.2633 -6.3456
X -0.8582 -0.0253  0.5126
Y  0.0061  0.9982  0.0595
Z -0.5132  0.0542 -0.8565

PART 19
OFFSET  11.7938  4.2392 -5.8586
X  0.7268 -0.6151 -0.3056
Y  0.4920  0.7767 -0.3932
Z  0.4792  0.1354  0.8672

PART 20
OFFSET  10.5117  6.2142 -5.0253
X  0.9526  0.2924 -0.0838
Y  0.2578 -0.9224 -0.2876
Z -0.1614  0.2524 -0.9541

PART 21
OFFSET  13.0529  6.6276 -5.3857
X  0.3067 -0.8900 -0.3374
Y -0.7766 -0.4389  0.4520
Z -0.5504  0.1234 -0.8257

PART 22
OFFSET  13.5750  5.1124 -5.9601
X -0.6438 -0.6924  0.3259
Y -0.5474  0.7143  0.4361
Z -0.5347  0.1023 -0.8388

PART 23
OFFSET  12.6828  4.1528 -5.5084
X -0.8292  0.1378  0.5417
Y  0.1740  0.9846  0.0158
Z -0.5312  0.1074 -0.8404

PART 24
OFFSET  11.7834  4.3022 -4.9210
X  0.5539 -0.6701 -0.4942
Y  0.6404  0.7222 -0.2614
Z  0.5320 -0.1717  0.8291

PART 25
OFFSET  12.2574  5.6395 -2.8142
X  0.9990  0.0037 -0.0445
Y  0.0113  0.9433  0.3317
Z  0.0432 -0.3319  0.9423

PART 26
OFFSET  12.9105  6.9051 -3.2048
X  0.8938 -0.2987 -0.3345
Y -0.3259 -0.9450 -0.0271
Z -0.3080  0.1332 -0.9420

PART 27
OFFSET  14.4842  6.3792 -3.7938
X  0.8127 -0.4301 -0.3932
Y -0.4768 -0.8787 -0.0243
Z -0.3350  0.2072 -0.9191

PART 28
OFFSET  15.4925  5.8437 -4.2159
X  0.6763 -0.6853 -0.2702
Y -0.6947 -0.7153  0.0757
Z -0.2451  0.1365 -0.9598

PART 29
OFFSET  16.2564  5.0697 -4.5211
X  0.3380  0.9072 -0.2503
Y -0.8139  0.4153  0.4063
Z  0.4725  0.0664  0.8788

PART 30
OFFSET  13.0209  7.0284 -4.2971
X  0.4707 -0.8005 -0.3710
Y -0.7657 -0.5795  0.2791
Z -0.4384  0.1527 -0.8857

PART 31
OFFSET  13.9404  5.4645 -5.0219
X -0.5331 -0.8373  0.1209
Y -0.7003  0.5170  0.4922
Z -0.4747  0.1778 -0.8620

PART 32
OFFSET  13.1617  4.2414 -4.8454
X -0.8630  0.0048  0.5052
Y  0.1168  0.9748  0.1903
Z -0.4916  0.2232 -0.8417

PART 33
OFFSET  12.1807  4.2477 -4.2792
X  0.6186 -0.6405 -0.4551
Y  0.6064  0.7575 -0.2419
Z  0.4997 -0.1264  0.8569

PART 34
OFFSET  12.4917  5.2526 -5.1449
X -0.1970  0.1923 -0.9613
Y -0.2710  0.9317  0.2419
Z  0.9422  0.3082 -0.1314

PART 35
OFFSET  14.4142  5.2441 -3.7130
X  1.0000  0.0001 -0.0000
Y -0.0001  0.9975 -0.0704
Z -0.0000  0.0704  0.9975

PART 36
OFFSET  14.4142  5.2441 -3.7130
X  1.0000  0.0001 -0.0000
Y -0.0001  0.9975 -0.0704
Z -0.0000  0.0704  0.9975

PART 37
OFFSET  17.6869  5.4191 -3.3797
X  1.0000  0.0001 -0.0000
Y -0.0001  0.9975 -0.0704
Z -0.0000  0.0704  0.9975

PART 38
OFFSET  15.8608  5.3599 -2.0740
X  1.0000  0.0001 -0.0000
Y -0.0001  0.9975 -0.0704
Z -0.0000  0.0704  0.9975

PART 39
OFFSET -320.3348  5.9563  0.1364
X  0.9998 -0.0013 -0.0204
Y -0.0001  0.9975 -0.0704
Z  0.0204  0.0704  0.9973

PART 40
OFFSET  15.7925  5.2983 -2.7207
X  0.9998 -0.0013 -0.0204
Y -0.0001  0.9975 -0.0704
Z  0.0204  0.0704  0.9973

PART 41
OFFSET  15.8005  5.8773 -2.4476
X  0.9998 -0.0013 -0.0204
Y -0.0001  0.9975 -0.0704
Z  0.0204  0.0704  0.9973

PART 42
OFFSET  15.8166  5.9467 -1.8201
X  0.9998 -0.0013 -0.0204
Y -0.0001  0.9975 -0.0704
Z  0.0204  0.0704  0.9973

PART 43
OFFSET  15.8245  5.3943 -1.4359
X  0.9998 -0.0013 -0.0204
Y -0.0001  0.9975 -0.0704
Z  0.0204  0.0704  0.9973

PART 44
OFFSET  15.8166  4.8463 -1.7243
X  0.9998 -0.0013 -0.0204
Y -0.0001  0.9975 -0.0704
Z  0.0204  0.0704  0.9973

PART 45
OFFSET  15.8007  4.7868 -2.3698
X  0.9998 -0.0013 -0.0204
Y -0.0001  0.9975 -0.0704
Z  0.0204  0.0704  0.9973

PART 46
OFFSET -318.4825  5.9539  0.0986
X  0.9998 -0.0013 -0.0204
Y -0.0001  0.9975 -0.0704
Z  0.0204  0.0704  0.9973

PART 47
OFFSET  14.2991  5.5118 -2.5284
X  0.9989  0.0034  0.0471
Y -0.0001  0.9975 -0.0704
Z -0.0472  0.0703  0.9964

PART 48
OFFSET  0.0000 -0.0000 -0.0000
X  1.0000 -0.0000  0.0000
Y  0.0000  1.0000  0.0000
Z  0.0000 -0.0000  1.0000

PART 49
OFFSET  0.0000 -0.0000 -0.0000
X  1.0000 -0.0000  0.0000
Y  0.0000  1.0000  0.0000
Z  0.0000 -0.0000  1.0000

PART 50
OFFSET  1.5404 -0.0000  4.1357
X  1.0000 -0.0000  0.0000
Y  0.0000  1.0000  0.0000
Z  0.0000 -0.0000  1.0000


FRAME 702
PART 0
OFFSET  0.0000 -0.0000 -0.0000
X  1.0000 -0.0000  0.0000
Y  0.0000  1.0000  0.0000
Z  0.0000 -0.0000  1.0000

PART 1
OFFSET -4.6318 -0.0000 -1.3770
X  1.0000 -0.0000  0.0000
Y  0.0000  1.0000  0.0000
Z  0.0000 -0.0000  1.0000

PART 2
OFFSET -9.2817  11.3680 -3.1869
X  0.7800 -0.1290 -0.6124
Y  0.0336 -0.9685  0.2469
Z -0.6249 -0.2132 -0.7510

PART 3
OFFSET  0.1513  9.8076 -10.5927
X  0.8010 -0.3359  0.4955
Y -0.5239  0.0070  0.8517
Z -0.2896 -0.9419 -0.1704

PART 4
OFFSET  6.9644  6.9504 -6.3783
X  0.8010 -0.3359  0.4955
Y -0.5979 -0.4066  0.6908
Z -0.0306 -0.8496 -0.5265

PART 5
OFFSET  8.8963  7.3185 -6.4328
X  0.8049 -0.3334  0.4909
Y  0.2948  0.9426  0.1567
Z -0.5150  0.0185  0.8570

PART 6
OFFSET  8.2230  5.9131 -7.0696
X  0.8049 -0.3334  0.4909
Y  0.2948  0.9426  0.1567
Z -0.5150  0.0185  0.8570

PART 7
OFFSET  7.9543  7.0558 -4.0287
X  0.8049 -0.3334  0.4909
Y  0.2948  0.9426  0.1567
Z -0.5150  0.0185  0.8570

PART 8
OFFSET  7.3778  5.8431 -4.1199
X  0.8049 -0.3334  0.4909
Y  0.2948  0.9426  0.1567
Z -0.5150  0.0185  0.8570

PART 9
OFFSET  7.3973  5.3943 -5.2308
X  0.8049 -0.3334  0.4909
Y  0.2948  0.9426  0.1567
Z -0.5150  0.0185  0.8570

PART 10
OFFSET  9.4200  5.9206 -4.8592
X  0.9508  0.2198  0.2185
Y -0.1504 -0.2892  0.9454
Z  0.2710 -0.9317 -0.2419

PART 11
OFFSET  9.8138  5.3578 -3.9479
X  0.6456 -0.5710  0.5072
Y -0.6104  0.0133  0.7920
Z -0.4589 -0.8209 -0.3399

PART 12
OFFSET  11.1205  4.0814 -2.7933
X  0.9595  0.0114 -0.2815
Y  0.2424 -0.5423  0.8045
Z -0.1435 -0.8401 -0.5231

PART 13
OFFSET  12.6389  4.0380 -3.3543
X  0.7584 -0.0055 -0.6518
Y  0.5648 -0.4938  0.6612
Z -0.3255 -0.8696 -0.3714

PART 14
OFFSET  13.4537  3.9838 -4.0649
X  0.8853  0.4528 -0.1064
Y -0.3597  0.8115  0.4606
Z  0.2949 -0.3695  0.8812

PART 15
OFFSET  10.4404  6.2280 -5.7355
X  0.9547  0.1012 -0.2797
Y  0.0349 -0.9719 -0.2326
Z -0.2954  0.2123 -0.9315

PART 16
OFFSET  12.6328  6.3054 -6.2567
X  0.2993 -0.9270 -0.2261
Y -0.8088 -0.3722  0.4553
Z -0.5062  0.0466 -0.8612

PART 17
OFFSET  13.0566  4.9930 -6.5769
X -0.5047 -0.8230  0.2608
Y -0.7238  0.5680  0.3917
Z -0.4705  0.0089 -0.8823

PART 18
OFFSET  12.6092  4.2633 -6.3456
X -0.8582 -0.0253  0.5126
Y  0.0061  0.9982  0.0595
Z -0.5132  0.0542 -0.8565

PART 19
OFFSET  11.7938  4.2392 -5.8586
X  0.7268 -0.6151 -0.3056
Y  0.4920  0.7767 -0.3932
Z  0.4792  0.1354  0.8672

PART 20
OFFSET  10.5117  6.2142 -5.0253
X  0.9526  0.2924 -0.0838
Y  0.2578 -0.9224 -0.2876
Z -0.1614  0.2524 -0.9541

PART 21
OFFSET  13.0529  6.6276 -5.3857
X  0.3067 -0.8900 -0.3374
Y -0.7766 -0.4389  0.4520
Z -0.5504  0.1234 -0.8257

PART 22
OFFSET  13.5750  5.1124 -5.9601
X -0.6438 -0.6924  0.3259
Y -0.5474  0.7143  0.4361
Z -0.5347  0.1023 -0.8388

PART 23
OFFSET  12.6828  4.1528 -5.5084
X -0.8292  0.1378  0.5417
Y  0.1740  0.9846  0.0158
Z -0.5312  0.1074 -0.8404

PART 24
OFFSET  11.7834  4.3022 -4.9210
X  0.5539 -0.6701 -0.4942
Y  0.6404  0.7222 -0.2614
Z  0.5320 -0.1717  0.8291

PART 25
OFFSET  12.2574  5.6395 -2.8142
X  0.9990  0.0037 -0.0445
Y  0.0113  0.9433  0.3317
Z  0.0432 -0.3319  0.9423

PART 26
OFFSET  12.9105  6.9051 -3.2048
X  0.8938 -0.2987 -0.3345
Y -0.3259 -0.9450 -0.0271
Z -0.3080  0.1332 -0.9420

PART 27
OFFSET  14.4842  6.3792 -3.7938
X  0.8127 -0.4301 -0.3932
Y -0.4768 -0.8787 -0.0243
Z -0.3350  0.2072 -0.9191

PART 28
OFFSET  15.4925  5.8437 -4.2159
X  0.6763 -0.6853 -0.2702
Y -0.6947 -0.7153  0.0757
Z -0.2451  0.1365 -0.9598

PART 29
OFFSET  16.2564  5.0697 -4.5211
X  0.3380  0.9072 -0.2503
Y -0.8139  0.4153  0.4063
Z  0.4725  0.0664  0.8788

PART 30
OFFSET  13.0209  7.0284 -4.2971
X  0.4707 -0.8005 -0.3710
Y -0.7657 -0.5795  0.2791
Z -0.4384  0.1527 -0.8857

PART 31
OFFSET  13.9404  5.4645 -5.0219
X -0.5331 -0.8373  0.1209
Y -0.7003  0.5170  0.4922
Z -0.4747  0.1778 -0.8620

PART 32
OFFSET  13.1617  4.2414 -4.8454
X -0.8630  0.0048  0.5052
Y  0.1168  0.9748  0.1903
Z -0.4916  0.2232 -0.8417

PART 33
OFFSET  12.1807  4.2477 -4.2792
X  0.6186 -0.6405 -0.4551
Y  0.6064  0.7575 -0.2419
Z  0.4997 -0.1264  0.8569

PART 34
OFFSET  12.4917  5.2526 -5.1449
X -0.1970  0.1923 -0.9613
Y -0.2710  0.9317  0.2419
Z  0.9422  0.3082 -0.1314

PART 35
OFFSET  14.4142  5.2441 -3.7130
X  1.0000  0.0001 -0.0000
Y -0.0001  0.9975 -0.0704
Z -0.0000  0.0704  0.9975

PART 36
OFFSET  14.4142  5.2441 -3.7130
X  1.0000  0.0001 -0.0000
Y -0.0001  0.9975 -0.0704
Z -0.0000  0.0704  0.9975

PART 37
OFFSET  17.6869  5.4191 -3.3797
X  1.0000  0.0001 -0.0000
Y -0.0001  0.9975 -0.0704
Z -0.0000  0.0704  0.9975

PART 38
OFFSET  15.8608  5.3599 -2.0740
X  1.0000  0.0001 -0.0000
Y -0.0001  0.9975 -0.0704
Z -0.0000  0.0704  0.9975

PART 39
OFFSET -320.3348  5.9563  0.1364
X  0.9998 -0.0013 -0.0204
Y -0.0001  0.9975 -0.0704
Z  0.0204  0.0704  0.9973

PART 40
OFFSET  15.7925  5.2983 -2.7207
X  0.9998 -0.0013 -0.0204
Y -0.0001  0.9975 -0.0704
Z  0.0204  0.0704  0.9973

PART 41
OFFSET  15.8005  5.8773 -2.4476
X  0.9998 -0.0013 -0.0204
Y -0.0001  0.9975 -0.0704
Z  0.0204  0.0704  0.9973

PART 42
OFFSET  15.8166  5.9467 -1.8201
X  0.9998 -0.0013 -0.0204
Y -0.0001  0.9975 -0.0704
Z  0.0204  0.0704  0.9973

PART 43
OFFSET  15.8245  5.3943 -1.4359
X  0.9998 -0.0013 -0.0204
Y -0.0001  0.9975 -0.0704
Z  0.0204  0.0704  0.9973

PART 44
OFFSET  15.8166  4.8463 -1.7243
X  0.9998 -0.0013 -0.0204
Y -0.0001  0.9975 -0.0704
Z  0.0204  0.0704  0.9973

PART 45
OFFSET  15.8007  4.7868 -2.3698
X  0.9998 -0.0013 -0.0204
Y -0.0001  0.9975 -0.0704
Z  0.0204  0.0704  0.9973

PART 46
OFFSET -318.4825  5.9539  0.0986
X  0.9998 -0.0013 -0.0204
Y -0.0001  0.9975 -0.0704
Z  0.0204  0.0704  0.9973

PART 47
OFFSET  14.2991  5.5118 -2.5284
X  0.9989  0.0034  0.0471
Y -0.0001  0.9975 -0.0704
Z -0.0472  0.0703  0.9964

PART 48
OFFSET  0.0000 -0.0000 -0.0000
X  1.0000 -0.0000  0.0000
Y  0.0000  1.0000  0.0000
Z  0.0000 -0.0000  1.0000

PART 49
OFFSET  0.0000 -0.0000 -0.0000
X  1.0000 -0.0000  0.0000
Y  0.0000  1.0000  0.0000
Z  0.0000 -0.0000  1.0000

PART 50
OFFSET  1.5404 -0.0000  4.1357
X  1.0000 -0.0000  0.0000
Y  0.0000  1.0000  0.0000
Z  0.0000 -0.0000  1.0000


FRAME 703
PART 0
OFFSET  0.0000 -0.0000 -0.0000
X  1.0000 -0.0000  0.0000
Y  0.0000  1.0000  0.0000
Z  0.0000 -0.0000  1.0000

PART 1
OFFSET -4.6318 -0.0000 -1.3770
X  1.0000 -0.0000  0.0000
Y  0.0000  1.0000  0.0000
Z  0.0000 -0.0000  1.0000

PART 2
OFFSET -9.2817  11.3680 -3.1869
X  0.7800 -0.1290 -0.6124
Y  0.0336 -0.9685  0.2469
Z -0.6249 -0.2132 -0.7510

PART 3
OFFSET  0.1513  9.8076 -10.5927
X  0.8010 -0.3359  0.4955
Y -0.5239  0.0070  0.8517
Z -0.2896 -0.9419 -0.1704

PART 4
OFFSET  6.9644  6.9504 -6.3783
X  0.8010 -0.3359  0.4955
Y -0.5979 -0.4066  0.6908
Z -0.0306 -0.8496 -0.5265

PART 5
OFFSET  8.8963  7.3185 -6.4328
X  0.8049 -0.3334  0.4909
Y  0.2948  0.9426  0.1567
Z -0.5150  0.0185  0.8570

PART 6
OFFSET  8.2230  5.9131 -7.0696
X  0.8049 -0.3334  0.4909
Y  0.2948  0.9426  0.1567
Z -0.5150  0.0185  0.8570

PART 7
OFFSET  7.9543  7.0558 -4.0287
X  0.8049 -0.3334  0.4909
Y  0.2948  0.9426  0.1567
Z -0.5150  0.0185  0.8570

PART 8
OFFSET  7.3778  5.8431 -4.1199
X  0.8049 -0.3334  0.4909
Y  0.2948  0.9426  0.1567
Z -0.5150  0.0185  0.8570

PART 9
OFFSET  7.3973  5.3943 -5.2308
X  0.8049 -0.3334  0.4909
Y  0.2948  0.9426  0.1567
Z -0.5150  0.0185  0.8570

PART 10
OFFSET  9.4200  5.9206 -4.8592
X  0.9508  0.2198  0.2185
Y -0.1504 -0.2892  0.9454
Z  0.2710 -0.9317 -0.2419

PART 11
OFFSET  9.8138  5.3578 -3.9479
X  0.6456 -0.5710  0.5072
Y -0.6104  0.0133  0.7920
Z -0.4589 -0.8209 -0.3399

PART 12
OFFSET  11.1205  4.0814 -2.7933
X  0.9595  0.0114 -0.2815
Y  0.2424 -0.5423  0.8045
Z -0.1435 -0.8401 -0.5231

PART 13
OFFSET  12.6389  4.0380 -3.3543
X  0.7584 -0.0055 -0.6518
Y  0.5648 -0.4938  0.6612
Z -0.3255 -0.8696 -0.3714

PART 14
OFFSET  13.4537  3.9838 -4.0649
X  0.8853  0.4528 -0.1064
Y -0.3597  0.8115  0.4606
Z  0.2949 -0.3695  0.8812

PART 15
OFFSET  10.4404  6.2280 -5.7355
X  0.9547  0.1012 -0.2797
Y  0.0349 -0.9719 -0.2326
Z -0.2954  0.2123 -0.9315

PART 16
OFFSET  12.6328  6.3054 -6.2567
X  0.2993 -0.9270 -0.2261
Y -0.8088 -0.3722  0.4553
Z -0.5062  0.0466 -0.8612

PART 17
OFFSET  13.0566  4.9930 -6.5769
X -0.5047 -0.8230  0.2608
Y -0.7238  0.5680  0.3917
Z -0.4705  0.0089 -0.8823

PART 18
OFFSET  12.6092  4.2633 -6.3456
X -0.8582 -0.0253  0.5126
Y  0.0061  0.9982  0.0595
Z -0.5132  0.0542 -0.8565

PART 19
OFFSET  11.7938  4.2392 -5.8586
X  0.7268 -0.6151 -0.3056
Y  0.4920  0.7767 -0.3932
Z  0.4792  0.1354  0.8672

PART 20
OFFSET  10.5117  6.2142 -5.0253
X  0.9526  0.2924 -0.0838
Y  0.2578 -0.9224 -0.2876
Z -0.1614  0.2524 -0.9541

PART 21
OFFSET  13.0529  6.6276 -5.3857
X  0.3067 -0.8900 -0.3374
Y -0.7766 -0.4389  0.4520
Z -0.5504  0.1234 -0.8257

PART 22
OFFSET  13.5750  5.1124 -5.9601
X -0.6438 -0.6924  0.3259
Y -0.5474  0.7143  0.4361
Z -0.5347  0.1023 -0.8388

PART 23
OFFSET  12.6828  4.1528 -5.5084
X -0.8292  0.1378  0.5417
Y  0.1740  0.9846  0.0158
Z -0.5312  0.1074 -0.8404

PART 24
OFFSET  11.7834  4.3022 -4.9210
X  0.5539 -0.6701 -0.4942
Y  0.6404  0.7222 -0.2614
Z  0.5320 -0.1717  0.8291

PART 25
OFFSET  12.2574  5.6395 -2.8142
X  0.9990  0.0037 -0.0445
Y  0.0113  0.9433  0.3317
Z  0.0432 -0.3319  0.9423

PART 26
OFFSET  12.9105  6.9051 -3.2048
X  0.8938 -0.2987 -0.3345
Y -0.3259 -0.9450 -0.0271
Z -0.3080  0.1332 -0.9420

PART 27
OFFSET  14.4842  6.3792 -3.7938
X  0.8127 -0.4301 -0.3932
Y -0.4768 -0.8787 -0.0243
Z -0.3350  0.2072 -0.9191

PART 28
OFFSET  15.4925  5.8437 -4.2159
X  0.6763 -0.6853 -0.2702
Y -0.6947 -0.7153  0.0757
Z -0.2451  0.1365 -0.9598

PART 29
OFFSET  16.2564  5.0697 -4.5211
X  0.3380  0.9072 -0.2503
Y -0.8139  0.4153  0.4063
Z  0.4725  0.0664  0.8788

PART 30
OFFSET  13.0209  7.0284 -4.2971
X  0.4707 -0.8005 -0.3710
Y -0.7657 -0.5795  0.2791
Z -0.4384  0.1527 -0.8857

PART 31
OFFSET  13.9404  5.4645 -5.0219
X -0.5331 -0.8373  0.1209
Y -0.7003  0.5170  0.4922
Z -0.4747  0.1778 -0.8620

PART 32
OFFSET  13.1617  4.2414 -4.8454
X -0.8630  0.0048  0.5052
Y  0.1168  0.9748  0.1903
Z -0.4916  0.2232 -0.8417

PART 33
OFFSET  12.1807  4.2477 -4.2792
X  0.6186 -0.6405 -0.4551
Y  0.6064  0.7575 -0.2419
Z  0.4997 -0.1264  0.8569

PART 34
OFFSET  12.4917  5.2526 -5.1449
X -0.1970  0.1923 -0.9613
Y -0.2710  0.9317  0.2419
Z  0.9422  0.3082 -0.1314

PART 35
OFFSET  14.4142  5.2441 -3.7130
X  1.0000  0.0001 -0.0000
Y -0.0001  0.9975 -0.0704
Z -0.0000  0.0704  0.9975

PART 36
OFFSET  14.4142  5.2441 -3.7130
X  1.0000  0.0001 -0.0000
Y -0.0001  0.9975 -0.0704
Z -0.0000  0.0704  0.9975

PART 37
OFFSET  17.6869  5.4191 -3.3797
X  1.0000  0.0001 -0.0000
Y -0.0001  0.9975 -0.0704
Z -0.0000  0.0704  0.9975

PART 38
OFFSET  15.8608  5.3599 -2.0740
X  1.0000  0.0001 -0.0000
Y -0.0001  0.9975 -0.0704
Z -0.0000  0.0704  0.9975

PART 39
OFFSET -320.3348  5.9563  0.1364
X  0.9998 -0.0013 -0.0204
Y -0.0001  0.9975 -0.0704
Z  0.0204  0.0704  0.9973

PART 40
OFFSET  15.7925  5.2983 -2.7207
X  0.9998 -0.0013 -0.0204
Y -0.0001  0.9975 -0.0704
Z  0.0204  0.0704  0.9973

PART 41
OFFSET  15.8005  5.8773 -2.4476
X  0.9998 -0.0013 -0.0204
Y -0.0001  0.9975 -0.0704
Z  0.0204  0.0704  0.9973

PART 42
OFFSET  15.8166  5.9467 -1.8201
X  0.9998 -0.0013 -0.0204
Y -0.0001  0.9975 -0.0704
Z  0.0204  0.0704  0.9973

PART 43
OFFSET  15.8245  5.3943 -1.4359
X  0.9998 -0.0013 -0.0204
Y -0.0001  0.9975 -0.0704
Z  0.0204  0.0704  0.9973

PART 44
OFFSET  15.8166  4.8463 -1.7243
X  0.9998 -0.0013 -0.0204
Y -0.0001  0.9975 -0.0704
Z  0.0204  0.0704  0.9973

PART 45
OFFSET  15.8007  4.7868 -2.3698
X  0.9998 -0.0013 -0.0204
Y -0.0001  0.9975 -0.0704
Z  0.0204  0.0704  0.9973

PART 46
OFFSET -318.4825  5.9539  0.0986
X  0.9998 -0.0013 -0.0204
Y -0.0001  0.9975 -0.0704
Z  0.0204  0.0704  0.9973

PART 47
OFFSET  14.2991  5.5118 -2.5284
X  0.9989  0.0034  0.0471
Y -0.0001  0.9975 -0.0704
Z -0.0472  0.0703  0.9964

PART 48
OFFSET  0.0000 -0.0000 -0.0000
X  1.0000 -0.0000  0.0000
Y  0.0000  1.0000  0.0000
Z  0.0000 -0.0000  1.0000

PART 49
OFFSET  0.0000 -0.0000 -0.0000
X  1.0000 -0.0000  0.0000
Y  0.0000  1.0000  0.0000
Z  0.0000 -0.0000  1.0000

PART 50
OFFSET  1.5404 -0.0000  4.1357
X  1.0000 -0.0000  0.0000
Y  0.0000  1.0000  0.0000
Z  0.0000 -0.0000  1.0000


FRAME 704
PART 0
OFFSET  0.0000 -0.0000 -0.0000
X  1.0000 -0.0000  0.0000
Y  0.0000  1.0000  0.0000
Z  0.0000 -0.0000  1.0000

PART 1
OFFSET -4.6318 -0.0000 -1.3770
X  1.0000 -0.0000  0.0000
Y  0.0000  1.0000  0.0000
Z  0.0000 -0.0000  1.0000

PART 2
OFFSET -9.2817  11.3680 -3.1869
X  0.7800 -0.1290 -0.6124
Y  0.0336 -0.9685  0.2469
Z -0.6249 -0.2132 -0.7510

PART 3
OFFSET  0.1513  9.8076 -10.5927
X  0.8010 -0.3359  0.4955
Y -0.5239  0.0070  0.8517
Z -0.2896 -0.9419 -0.1704

PART 4
OFFSET  6.9644  6.9504 -6.3783
X  0.8010 -0.3359  0.4955
Y -0.5979 -0.4066  0.6908
Z -0.0306 -0.8496 -0.5265

PART 5
OFFSET  8.8963  7.3185 -6.4328
X  0.8049 -0.3334  0.4909
Y  0.2948  0.9426  0.1567
Z -0.5150  0.0185  0.8570

PART 6
OFFSET  8.2230  5.9131 -7.0696
X  0.8049 -0.3334  0.4909
Y  0.2948  0.9426  0.1567
Z -0.5150  0.0185  0.8570

PART 7
OFFSET  7.9543  7.0558 -4.0287
X  0.8049 -0.3334  0.4909
Y  0.2948  0.9426  0.1567
Z -0.5150  0.0185  0.8570

PART 8
OFFSET  7.3778  5.8431 -4.1199
X  0.8049 -0.3334  0.4909
Y  0.2948  0.9426  0.1567
Z -0.5150  0.0185  0.8570

PART 9
OFFSET  7.3973  5.3943 -5.2308
X  0.8049 -0.3334  0.4909
Y  0.2948  0.9426  0.1567
Z -0.5150  0.0185  0.8570

PART 10
OFFSET  9.4200  5.9206 -4.8592
X  0.9508  0.2198  0.2185
Y -0.1504 -0.2892  0.9454
Z  0.2710 -0.9317 -0.2419

PART 11
OFFSET  9.8138  5.3578 -3.9479
X  0.6456 -0.5710  0.5072
Y -0.6104  0.0133  0.7920
Z -0.4589 -0.8209 -0.3399

PART 12
OFFSET  11.1205  4.0814 -2.7933
X  0.9595  0.0114 -0.2815
Y  0.2424 -0.5423  0.8045
Z -0.1435 -0.8401 -0.5231

PART 13
OFFSET  12.6389  4.0380 -3.3543
X  0.7584 -0.0055 -0.6518
Y  0.5648 -0.4938  0.6612
Z -0.3255 -0.8696 -0.3714

PART 14
OFFSET  13.4537  3.9838 -4.0649
X  0.8853  0.4528 -0.1064
Y -0.3597  0.8115  0.4606
Z  0.2949 -0.3695  0.8812

PART 15
OFFSET  10.4404  6.2280 -5.7355
X  0.9547  0.1012 -0.2797
Y  0.0349 -0.9719 -0.2326
Z -0.2954  0.2123 -0.9315

PART 16
OFFSET  12.6328  6.3054 -6.2567
X  0.2993 -0.9270 -0.2261
Y -0.8088 -0.3722  0.4553
Z -0.5062  0.0466 -0.8612

PART 17
OFFSET  13.0566  4.9930 -6.5769
X -0.5047 -0.8230  0.2608
Y -0.7238  0.5680  0.3917
Z -0.4705  0.0089 -0.8823

PART 18
OFFSET  12.6092  4.2633 -6.3456
X -0.8582 -0.0253  0.5126
Y  0.0061  0.9982  0.0595
Z -0.5132  0.0542 -0.8565

PART 19
OFFSET  11.7938  4.2392 -5.8586
X  0.7268 -0.6151 -0.3056
Y  0.4920  0.7767 -0.3932
Z  0.4792  0.1354  0.8672

PART 20
OFFSET  10.5117  6.2142 -5.0253
X  0.9526  0.2924 -0.0838
Y  0.2578 -0.9224 -0.2876
Z -0.1614  0.2524 -0.9541

PART 21
OFFSET  13.0529  6.6276 -5.3857
X  0.3067 -0.8900 -0.3374
Y -0.7766 -0.4389  0.4520
Z -0.5504  0.1234 -0.8257

PART 22
OFFSET  13.5750  5.1124 -5.9601
X -0.6438 -0.6924  0.3259
Y -0.5474  0.7143  0.4361
Z -0.5347  0.1023 -0.8388

PART 23
OFFSET  12.6828  4.1528 -5.5084
X -0.8292  0.1378  0.5417
Y  0.1740  0.9846  0.0158
Z -0.5312  0.1074 -0.8404

PART 24
OFFSET  11.7834  4.3022 -4.9210
X  0.5539 -0.6701 -0.4942
Y  0.6404  0.7222 -0.2614
Z  0.5320 -0.1717  0.8291

PART 25
OFFSET  12.2574  5.6395 -2.8142
X  0.9990  0.0037 -0.0445
Y  0.0113  0.9433  0.3317
Z  0.0432 -0.3319  0.9423

PART 26
OFFSET  12.9105  6.9051 -3.2048
X  0.8938 -0.2987 -0.3345
Y -0.3259 -0.9450 -0.0271
Z -0.3080  0.1332 -0.9420

PART 27
OFFSET  14.4842  6.3792 -3.7938
X  0.8127 -0.4301 -0.3932
Y -0.4768 -0.8787 -0.0243
Z -0.3350  0.2072 -0.9191

PART 28
OFFSET  15.4925  5.8437 -4.2159
X  0.6763 -0.6853 -0.2702
Y -0.6947 -0.7153  0.0757
Z -0.2451  0.1365 -0.9598

PART 29
OFFSET  16.2564  5.0697 -4.5211
X  0.3380  0.9072 -0.2503
Y -0.8139  0.4153  0.4063
Z  0.4725  0.0664  0.8788

PART 30
OFFSET  13.0209  7.0284 -4.2971
X  0.4707 -0.8005 -0.3710
Y -0.7657 -0.5795  0.2791
Z -0.4384  0.1527 -0.8857

PART 31
OFFSET  13.9404  5.4645 -5.0219
X -0.5331 -0.8373  0.1209
Y -0.7003  0.5170  0.4922
Z -0.4747  0.1778 -0.8620

PART 32
OFFSET  13.1617  4.2414 -4.8454
X -0.8630  0.0048  0.5052
Y  0.1168  0.9748  0.1903
Z -0.4916  0.2232 -0.8417

PART 33
OFFSET  12.1807  4.2477 -4.2792
X  0.6186 -0.6405 -0.4551
Y  0.6064  0.7575 -0.2419
Z  0.4997 -0.1264  0.8569

PART 34
OFFSET  12.4917  5.2526 -5.1449
X -0.1970  0.1923 -0.9613
Y -0.2710  0.9317  0.2419
Z  0.9422  0.3082 -0.1314

PART 35
OFFSET  14.4142  5.2441 -3.7130
X  1.0000  0.0001 -0.0000
Y -0.0001  0.9975 -0.0704
Z -0.0000  0.0704  0.9975

PART 36
OFFSET  14.4142  5.2441 -3.7130
X  1.0000  0.0001 -0.0000
Y -0.0001  0.9975 -0.0704
Z -0.0000  0.0704  0.9975

PART 37
OFFSET  17.6869  5.4191 -3.3797
X  1.0000  0.0001 -0.0000
Y -0.0001  0.9975 -0.0704
Z -0.0000  0.0704  0.9975

PART 38
OFFSET  15.8608  5.3599 -2.0740
X  1.0000  0.0001 -0.0000
Y -0.0001  0.9975 -0.0704
Z -0.0000  0.0704  0.9975

PART 39
OFFSET -320.3348  5.9563  0.1364
X  0.9998 -0.0013 -0.0204
Y -0.0001  0.9975 -0.0704
Z  0.0204  0.0704  0.9973

PART 40
OFFSET  15.7925  5.2983 -2.7207
X  0.9998 -0.0013 -0.0204
Y -0.0001  0.9975 -0.0704
Z  0.0204  0.0704  0.9973

PART 41
OFFSET  15.8005  5.8773 -2.4476
X  0.9998 -0.0013 -0.0204
Y -0.0001  0.9975 -0.0704
Z  0.0204  0.0704  0.9973

PART 42
OFFSET  15.8166  5.9467 -1.8201
X  0.9998 -0.0013 -0.0204
Y -0.0001  0.9975 -0.0704
Z  0.0204  0.0704  0.9973

PART 43
OFFSET  15.8245  5.3943 -1.4359
X  0.9998 -0.0013 -0.0204
Y -0.0001  0.9975 -0.0704
Z  0.0204  0.0704  0.9973

PART 44
OFFSET  15.8166  4.8463 -1.7243
X  0.9998 -0.0013 -0.0204
Y -0.0001  0.9975 -0.0704
Z  0.0204  0.0704  0.9973

PART 45
OFFSET  15.8007  4.7868 -2.3698
X  0.9998 -0.0013 -0.0204
Y -0.0001  0.9975 -0.0704
Z  0.0204  0.0704  0.9973

PART 46
OFFSET -318.4825  5.9539  0.0986
X  0.9998 -0.0013 -0.0204
Y -0.0001  0.9975 -0.0704
Z  0.0204  0.0704  0.9973

PART 47
OFFSET  14.2991  5.5118 -2.5284
X  0.9989  0.0034  0.0471
Y -0.0001  0.9975 -0.0704
Z -0.0472  0.0703  0.9964

PART 48
OFFSET  0.0000 -0.0000 -0.0000
X  1.0000 -0.0000  0.0000
Y  0.0000  1.0000  0.0000
Z  0.0000 -0.0000  1.0000

PART 49
OFFSET  0.0000 -0.0000 -0.0000
X  1.0000 -0.0000  0.0000
Y  0.0000  1.0000  0.0000
Z  0.0000 -0.0000  1.0000

PART 50
OFFSET  1.5404 -0.0000  4.1357
X  1.0000 -0.0000  0.0000
Y  0.0000  1.0000  0.0000
Z  0.0000 -0.0000  1.0000


FRAME 705
PART 0
OFFSET  0.0000 -0.0000 -0.0000
X  1.0000 -0.0000  0.0000
Y  0.0000  1.0000  0.0000
Z  0.0000 -0.0000  1.0000

PART 1
OFFSET -4.6318 -0.0000 -1.3770
X  1.0000 -0.0000  0.0000
Y  0.0000  1.0000  0.0000
Z  0.0000 -0.0000  1.0000

PART 2
OFFSET -9.2817  11.3680 -3.1869
X  0.7800 -0.1290 -0.6124
Y  0.0336 -0.9685  0.2469
Z -0.6249 -0.2132 -0.7510

PART 3
OFFSET  0.1513  9.8076 -10.5927
X  0.8010 -0.3359  0.4955
Y -0.5239  0.0070  0.8517
Z -0.2896 -0.9419 -0.1704

PART 4
OFFSET  6.9644  6.9504 -6.3783
X  0.8010 -0.3359  0.4955
Y -0.5979 -0.4066  0.6908
Z -0.0306 -0.8496 -0.5265

PART 5
OFFSET  8.8963  7.3185 -6.4328
X  0.8049 -0.3334  0.4909
Y  0.2948  0.9426  0.1567
Z -0.5150  0.0185  0.8570

PART 6
OFFSET  8.2230  5.9131 -7.0696
X  0.8049 -0.3334  0.4909
Y  0.2948  0.9426  0.1567
Z -0.5150  0.0185  0.8570

PART 7
OFFSET  7.9543  7.0558 -4.0287
X  0.8049 -0.3334  0.4909
Y  0.2948  0.9426  0.1567
Z -0.5150  0.0185  0.8570

PART 8
OFFSET  7.3778  5.8431 -4.1199
X  0.8049 -0.3334  0.4909
Y  0.2948  0.9426  0.1567
Z -0.5150  0.0185  0.8570

PART 9
OFFSET  7.3973  5.3943 -5.2308
X  0.8049 -0.3334  0.4909
Y  0.2948  0.9426  0.1567
Z -0.5150  0.0185  0.8570

PART 10
OFFSET  9.4200  5.9206 -4.8592
X  0.9508  0.2198  0.2185
Y -0.1504 -0.2892  0.9454
Z  0.2710 -0.9317 -0.2419

PART 11
OFFSET  9.8138  5.3578 -3.9479
X  0.6456 -0.5710  0.5072
Y -0.6104  0.0133  0.7920
Z -0.4589 -0.8209 -0.3399

PART 12
OFFSET  11.1205  4.0814 -2.7933
X  0.9595  0.0114 -0.2815
Y  0.2424 -0.5423  0.8045
Z -0.1435 -0.8401 -0.5231

PART 13
OFFSET  12.6389  4.0380 -3.3543
X  0.7584 -0.0055 -0.6518
Y  0.5648 -0.4938  0.6612
Z -0.3255 -0.8696 -0.3714

PART 14
OFFSET  13.4537  3.9838 -4.0649
X  0.8853  0.4528 -0.1064
Y -0.3597  0.8115  0.4606
Z  0.2949 -0.3695  0.8812

PART 15
OFFSET  10.4404  6.2280 -5.7355
X  0.9547  0.1012 -0.2797
Y  0.0349 -0.9719 -0.2326
Z -0.2954  0.2123 -0.9315

PART 16
OFFSET  12.6328  6.3054 -6.2567
X  0.2993 -0.9270 -0.2261
Y -0.8088 -0.3722  0.4553
Z -0.5062  0.0466 -0.8612

PART 17
OFFSET  13.0566  4.9930 -6.5769
X -0.5047 -0.8230  0.2608
Y -0.7238  0.5680  0.3917
Z -0.4705  0.0089 -0.8823

PART 18
OFFSET  12.6092  4.2633 -6.3456
X -0.8582 -0.0253  0.5126
Y  0.0061  0.9982  0.0595
Z -0.5132  0.0542 -0.8565

PART 19
OFFSET  11.7938  4.2392 -5.8586
X  0.7268 -0.6151 -0.3056
Y  0.4920  0.7767 -0.3932
Z  0.4792  0.1354  0.8672

PART 20
OFFSET  10.5117  6.2142 -5.0253
X  0.9526  0.2924 -0.0838
Y  0.2578 -0.9224 -0.2876
Z -0.1614  0.2524 -0.9541

PART 21
OFFSET  13.0529  6.6276 -5.3857
X  0.3067 -0.8900 -0.3374
Y -0.7766 -0.4389  0.4520
Z -0.5504  0.1234 -0.8257

PART 22
OFFSET  13.5750  5.1124 -5.9601
X -0.6438 -0.6924  0.3259
Y -0.5474  0.7143  0.4361
Z -0.5347  0.1023 -0.8388

PART 23
OFFSET  12.6828  4.1528 -5.5084
X -0.8292  0.1378  0.5417
Y  0.1740  0.9846  0.0158
Z -0.5312  0.1074 -0.8404

PART 24
OFFSET  11.7834  4.3022 -4.9210
X  0.5539 -0.6701 -0.4942
Y  0.6404  0.7222 -0.2614
Z  0.5320 -0.1717  0.8291

PART 25
OFFSET  12.2574  5.6395 -2.8142
X  0.9990  0.0037 -0.0445
Y  0.0113  0.9433  0.3317
Z  0.0432 -0.3319  0.9423

PART 26
OFFSET  12.9105  6.9051 -3.2048
X  0.8938 -0.2987 -0.3345
Y -0.3259 -0.9450 -0.0271
Z -0.3080  0.1332 -0.9420

PART 27
OFFSET  14.4842  6.3792 -3.7938
X  0.8127 -0.4301 -0.3932
Y -0.4768 -0.8787 -0.0243
Z -0.3350  0.2072 -0.9191

PART 28
OFFSET  15.4925  5.8437 -4.2159
X  0.6763 -0.6853 -0.2702
Y -0.6947 -0.7153  0.0757
Z -0.2451  0.1365 -0.9598

PART 29
OFFSET  16.2564  5.0697 -4.5211
X  0.3380  0.9072 -0.2503
Y -0.8139  0.4153  0.4063
Z  0.4725  0.0664  0.8788

PART 30
OFFSET  13.0209  7.0284 -4.2971
X  0.4707 -0.8005 -0.3710
Y -0.7657 -0.5795  0.2791
Z -0.4384  0.1527 -0.8857

PART 31
OFFSET  13.9404  5.4645 -5.0219
X -0.5331 -0.8373  0.1209
Y -0.7003  0.5170  0.4922
Z -0.4747  0.1778 -0.8620

PART 32
OFFSET  13.1617  4.2414 -4.8454
X -0.8630  0.0048  0.5052
Y  0.1168  0.9748  0.1903
Z -0.4916  0.2232 -0.8417

PART 33
OFFSET  12.1807  4.2477 -4.2792
X  0.6186 -0.6405 -0.4551
Y  0.6064  0.7575 -0.2419
Z  0.4997 -0.1264  0.8569

PART 34
OFFSET  12.4917  5.2526 -5.1449
X -0.1970  0.1923 -0.9613
Y -0.2710  0.9317  0.2419
Z  0.9422  0.3082 -0.1314

PART 35
OFFSET  14.4142  5.2441 -3.7130
X  1.0000  0.0001 -0.0000
Y -0.0001  0.9975 -0.0704
Z -0.0000  0.0704  0.9975

PART 36
OFFSET  14.4142  5.2441 -3.7130
X  1.0000  0.0001 -0.0000
Y -0.0001  0.9975 -0.0704
Z -0.0000  0.0704  0.9975

PART 37
OFFSET  17.6869  5.4191 -3.3797
X  1.0000  0.0001 -0.0000
Y -0.0001  0.9975 -0.0704
Z -0.0000  0.0704  0.9975

PART 38
OFFSET  15.8608  5.3599 -2.0740
X  1.0000  0.0001 -0.0000
Y -0.0001  0.9975 -0.0704
Z -0.0000  0.0704  0.9975

PART 39
OFFSET -320.3348  5.9563  0.1364
X  0.9998 -0.0013 -0.0204
Y -0.0001  0.9975 -0.0704
Z  0.0204  0.0704  0.9973

PART 40
OFFSET  15.7925  5.2983 -2.7207
X  0.9998 -0.0013 -0.0204
Y -0.0001  0.9975 -0.0704
Z  0.0204  0.0704  0.9973

PART 41
OFFSET  15.8005  5.8773 -2.4476
X  0.9998 -0.0013 -0.0204
Y -0.0001  0.9975 -0.0704
Z  0.0204  0.0704  0.9973

PART 42
OFFSET  15.8166  5.9467 -1.8201
X  0.9998 -0.0013 -0.0204
Y -0.0001  0.9975 -0.0704
Z  0.0204  0.0704  0.9973

PART 43
OFFSET  15.8245  5.3943 -1.4359
X  0.9998 -0.0013 -0.0204
Y -0.0001  0.9975 -0.0704
Z  0.0204  0.0704  0.9973

PART 44
OFFSET  15.8166  4.8463 -1.7243
X  0.9998 -0.0013 -0.0204
Y -0.0001  0.9975 -0.0704
Z  0.0204  0.0704  0.9973

PART 45
OFFSET  15.8007  4.7868 -2.3698
X  0.9998 -0.0013 -0.0204
Y -0.0001  0.9975 -0.0704
Z  0.0204  0.0704  0.9973

PART 46
OFFSET -318.4825  5.9539  0.0986
X  0.9998 -0.0013 -0.0204
Y -0.0001  0.9975 -0.0704
Z  0.0204  0.0704  0.9973

PART 47
OFFSET  14.2991  5.5118 -2.5284
X  0.9989  0.0034  0.0471
Y -0.0001  0.9975 -0.0704
Z -0.0472  0.0703  0.9964

PART 48
OFFSET  0.0000 -0.0000 -0.0000
X  1.0000 -0.0000  0.0000
Y  0.0000  1.0000  0.0000
Z  0.0000 -0.0000  1.0000

PART 49
OFFSET  0.0000 -0.0000 -0.0000
X  1.0000 -0.0000  0.0000
Y  0.0000  1.0000  0.0000
Z  0.0000 -0.0000  1.0000

PART 50
OFFSET  1.5404 -0.0000  4.1357
X  1.0000 -0.0000  0.0000
Y  0.0000  1.0000  0.0000
Z  0.0000 -0.0000  1.0000


FRAME 706
PART 0
OFFSET  0.0000 -0.0000 -0.0000
X  1.0000 -0.0000  0.0000
Y  0.0000  1.0000  0.0000
Z  0.0000 -0.0000  1.0000

PART 1
OFFSET -4.6318 -0.0000 -1.3770
X  1.0000 -0.0000  0.0000
Y  0.0000  1.0000  0.0000
Z  0.0000 -0.0000  1.0000

PART 2
OFFSET -9.2817  11.3680 -3.1869
X  0.7800 -0.1290 -0.6124
Y  0.0336 -0.9685  0.2469
Z -0.6249 -0.2132 -0.7510

PART 3
OFFSET  0.1513  9.8076 -10.5927
X  0.8010 -0.3359  0.4955
Y -0.5239  0.0070  0.8517
Z -0.2896 -0.9419 -0.1704

PART 4
OFFSET  6.9644  6.9504 -6.3783
X  0.8010 -0.3359  0.4955
Y -0.5979 -0.4066  0.6908
Z -0.0306 -0.8496 -0.5265

PART 5
OFFSET  8.8963  7.3185 -6.4328
X  0.8049 -0.3334  0.4909
Y  0.2948  0.9426  0.1567
Z -0.5150  0.0185  0.8570

PART 6
OFFSET  8.2230  5.9131 -7.0696
X  0.8049 -0.3334  0.4909
Y  0.2948  0.9426  0.1567
Z -0.5150  0.0185  0.8570

PART 7
OFFSET  7.9543  7.0558 -4.0287
X  0.8049 -0.3334  0.4909
Y  0.2948  0.9426  0.1567
Z -0.5150  0.0185  0.8570

PART 8
OFFSET  7.3778  5.8431 -4.1199
X  0.8049 -0.3334  0.4909
Y  0.2948  0.9426  0.1567
Z -0.5150  0.0185  0.8570

PART 9
OFFSET  7.3973  5.3943 -5.2308
X  0.8049 -0.3334  0.4909
Y  0.2948  0.9426  0.1567
Z -0.5150  0.0185  0.8570

PART 10
OFFSET  9.4200  5.9206 -4.8592
X  0.9508  0.2198  0.2185
Y -0.1504 -0.2892  0.9454
Z  0.2710 -0.9317 -0.2419

PART 11
OFFSET  9.8138  5.3578 -3.9479
X  0.6456 -0.5710  0.5072
Y -0.6104  0.0133  0.7920
Z -0.4589 -0.8209 -0.3399

PART 12
OFFSET  11.1205  4.0814 -2.7933
X  0.9595  0.0114 -0.2815
Y  0.2424 -0.5423  0.8045
Z -0.1435 -0.8401 -0.5231

PART 13
OFFSET  12.6389  4.0380 -3.3543
X  0.7584 -0.0055 -0.6518
Y  0.5648 -0.4938  0.6612
Z -0.3255 -0.8696 -0.3714

PART 14
OFFSET  13.4537  3.9838 -4.0649
X  0.8853  0.4528 -0.1064
Y -0.3597  0.8115  0.4606
Z  0.2949 -0.3695  0.8812

PART 15
OFFSET  10.4404  6.2280 -5.7355
X  0.9547  0.1012 -0.2797
Y  0.0349 -0.9719 -0.2326
Z -0.2954  0.2123 -0.9315

PART 16
OFFSET  12.6328  6.3054 -6.2567
X  0.2993 -0.9270 -0.2261
Y -0.8088 -0.3722  0.4553
Z -0.5062  0.0466 -0.8612

PART 17
OFFSET  13.0566  4.9930 -6.5769
X -0.5047 -0.8230  0.2608
Y -0.7238  0.5680  0.3917
