// Export filename: `C:\projects\cod\t5\xanim_export\t5_viewmodels\python\python_manual_reload_in.XANIM_EXPORT`
// Source filename: `D:\projects\devanim\t5\animation_assets\viewmodels/python/ViewModel_python_animated.fbx`
// Export time: Sat Aug 07 17:24:36 2010

ANIMATION
VERSION 3

NUMPARTS 81
PART 0 "tag_ads"
PART 1 "tag_torso"
PART 2 "J_Shoulder_LE"
PART 3 "J_Elbow_LE"
PART 4 "J_WristTwist_LE"
PART 5 "J_Sleave_Reshape_Bottom_LE_1"
PART 6 "J_Sleave_Reshape_Bottom_LE_2"
PART 7 "J_Sleave_Reshape_Top_LE_1"
PART 8 "J_Sleave_Reshape_Top_LE_2"
PART 9 "J_Sleave_Reshape_Top_LE_3"
PART 10 "J_Wrist_LE"
PART 11 "J_Thumb_LE_0"
PART 12 "J_Thumb_LE_1"
PART 13 "J_Thumb_LE_2"
PART 14 "J_Thumb_LE_3"
PART 15 "J_PinkyPalm_LE"
PART 16 "J_Pinky_LE_0"
PART 17 "J_Pinky_LE_1"
PART 18 "J_Pinky_LE_2"
PART 19 "J_Pinky_LE_3"
PART 20 "J_RingPalm_LE"
PART 21 "J_Ring_LE_0"
PART 22 "J_Ring_LE_1"
PART 23 "J_Ring_LE_2"
PART 24 "J_Ring_LE_3"
PART 25 "J_Webbing_LE"
PART 26 "J_Index_LE_0"
PART 27 "J_Index_LE_1"
PART 28 "J_Index_LE_2"
PART 29 "J_Index_LE_3"
PART 30 "J_Mid_LE_0"
PART 31 "J_Mid_LE_1"
PART 32 "J_Mid_LE_2"
PART 33 "J_Mid_LE_3"
PART 34 "tag_knife_attach"
PART 35 "tag_weapon"
PART 36 "J_Gun"
PART 37 "TAG_CLIP"
PART 38 "J_Bolt"
PART 39 "tag_speedloader"
PART 40 "tag_spent0"
PART 41 "tag_spent1"
PART 42 "tag_spent2"
PART 43 "tag_spent3"
PART 44 "tag_spent4"
PART 45 "tag_spent5"
PART 46 "tag_bullets"
PART 47 "J_Press_Rear"
PART 48 "J_Shoulder_RI"
PART 49 "J_Elbow_RI"
PART 50 "J_WristTwist_RI"
PART 51 "J_Sleave_Reshape_Top_RI_3"
PART 52 "J_Sleave_Reshape_Top_RI_2"
PART 53 "J_Sleave_Reshape_Top_RI_1"
PART 54 "J_Wrist_RI"
PART 55 "J_Thumb_RI_0"
PART 56 "J_Thumb_RI_1"
PART 57 "J_Thumb_RI_2"
PART 58 "J_Thumb_RI_3"
PART 59 "J_PinkyPalm_RI"
PART 60 "J_Pinky_RI_0"
PART 61 "J_Pinky_RI_1"
PART 62 "J_Pinky_RI_2"
PART 63 "J_Pinky_RI_3"
PART 64 "J_RingPalm_RI"
PART 65 "J_Ring_RI_0"
PART 66 "J_Ring_RI_1"
PART 67 "J_Ring_RI_2"
PART 68 "J_Ring_RI_3"
PART 69 "J_Webbing_RI"
PART 70 "J_Index_RI_0"
PART 71 "J_Index_RI_1"
PART 72 "J_Index_RI_2"
PART 73 "J_Index_RI_3"
PART 74 "J_Mid_RI_0"
PART 75 "J_Mid_RI_1"
PART 76 "J_Mid_RI_2"
PART 77 "J_Mid_RI_3"
PART 78 "tag_cambone"
PART 79 "tag_camera"
PART 80 "tag_gasmask"

FRAMERATE 30
NUMFRAMES 68

FRAME 600
PART 0
OFFSET -4.6318 -0.0000 -1.3770
X  1.0000 -0.0000  0.0000
Y  0.0000  1.0000  0.0000
Z  0.0000 -0.0000  1.0000

PART 1
OFFSET -4.6318 -0.0000 -1.3770
X  1.0000 -0.0000  0.0000
Y  0.0000  1.0000  0.0000
Z  0.0000 -0.0000  1.0000

PART 2
OFFSET -6.7281  3.8438 -4.9859
X  0.6959 -0.0331 -0.7174
Y  0.0926 -0.9865  0.1353
Z -0.7122 -0.1606 -0.6834

PART 3
OFFSET  1.6876  3.4431 -13.6621
X  0.7035 -0.3661  0.6092
Y -0.6518  0.0095  0.7583
Z -0.2834 -0.9305 -0.2319

PART 4
OFFSET  7.6708  0.3296 -8.4804
X  0.7035 -0.3661  0.6092
Y -0.5597  0.2429  0.7923
Z -0.4380 -0.8983 -0.0340

PART 5
OFFSET  9.5960  0.6427 -8.2224
X  0.7081 -0.3636  0.6053
Y  0.2907  0.9313  0.2193
Z -0.6435  0.0207  0.7652

PART 6
OFFSET  8.9957 -0.7332 -8.9841
X  0.7081 -0.3636  0.6053
Y  0.2907  0.9313  0.2193
Z -0.6435  0.0207  0.7652

PART 7
OFFSET  8.2788  0.3719 -6.0025
X  0.7081 -0.3636  0.6053
Y  0.2907  0.9313  0.2193
Z -0.6435  0.0207  0.7652

PART 8
OFFSET  7.6926 -0.8224 -6.2067
X  0.7081 -0.3636  0.6053
Y  0.2907  0.9313  0.2193
Z -0.6435  0.0207  0.7652

PART 9
OFFSET  7.8760 -1.2551 -7.3089
X  0.7081 -0.3636  0.6053
Y  0.2907  0.9313  0.2193
Z -0.6435  0.0207  0.7652

PART 10
OFFSET  9.8274 -0.7927 -6.6128
X  0.9838 -0.1193 -0.1335
Y  0.1630  0.2886  0.9435
Z -0.0741 -0.9500  0.3033

PART 11
OFFSET  10.3969 -0.9579 -5.6378
X  0.9448  0.1218  0.3041
Y -0.2933  0.7283  0.6193
Z -0.1461 -0.6744  0.7238

PART 12
OFFSET  12.3983 -0.6599 -4.8793
X  0.9358 -0.1508 -0.3185
Y  0.3509  0.4817  0.8030
Z  0.0323 -0.8633  0.5037

PART 13
OFFSET  13.8917 -1.0288 -5.3850
X  0.7754 -0.4785 -0.4120
Y  0.6150  0.4242  0.6647
Z -0.1433 -0.7688  0.6232

PART 14
OFFSET  14.7342 -1.5742 -5.7908
X  0.7912  0.2280 -0.5675
Y -0.5229  0.7334 -0.4344
Z  0.3171  0.6404  0.6995

PART 15
OFFSET  10.4705 -1.3946 -7.6746
X  0.8235 -0.3942 -0.4080
Y -0.2196 -0.8846  0.4114
Z -0.5231 -0.2492 -0.8150

PART 16
OFFSET  12.3700 -2.3525 -8.4222
X  0.4898 -0.8428  0.2231
Y -0.6547 -0.1866  0.7325
Z -0.5757 -0.5049 -0.6431

PART 17
OFFSET  13.0634 -3.5457 -8.1063
X -0.2502 -0.6317  0.7337
Y -0.8075  0.5543  0.2018
Z -0.5342 -0.5420 -0.6488

PART 18
OFFSET  12.8416 -4.1058 -7.4558
X -0.7677  0.0843  0.6352
Y -0.2624  0.8630 -0.4316
Z -0.5846 -0.4981 -0.6405

PART 19
OFFSET  12.1122 -4.0257 -6.8523
X  0.8365 -0.5342 -0.1223
Y  0.2221  0.5344 -0.8156
Z  0.5010  0.6550  0.5656

PART 20
OFFSET  10.8055 -1.0964 -7.1193
X  0.8858 -0.2079 -0.4149
Y -0.1013 -0.9591  0.2643
Z -0.4529 -0.1921 -0.8706

PART 21
OFFSET  13.0776 -1.8966 -8.0970
X  0.4931 -0.8371  0.2369
Y -0.7274 -0.2473  0.6401
Z -0.4772 -0.4879 -0.7309

PART 22
OFFSET  13.9171 -3.3218 -7.6938
X -0.4123 -0.6059  0.6804
Y -0.7883  0.6117  0.0670
Z -0.4568 -0.5087 -0.7298

PART 23
OFFSET  13.3456 -4.1615 -6.7508
X -0.8503  0.0009  0.5264
Y -0.2648  0.8635 -0.4292
Z -0.4549 -0.5043 -0.7340

PART 24
OFFSET  12.4235 -4.1606 -6.1799
X  0.8255 -0.5188 -0.2222
Y  0.2901  0.7278 -0.6214
Z  0.4841  0.4485  0.7514

PART 25
OFFSET  13.0794 -1.2115 -5.3635
X  0.8736 -0.4322 -0.2237
Y  0.3630  0.8849 -0.2919
Z  0.3241  0.1738  0.9299

PART 26
OFFSET  13.8115 -0.6869 -6.5340
X  0.3874 -0.9115  0.1380
Y -0.8191 -0.2716  0.5053
Z -0.4231 -0.3088 -0.8518

PART 27
OFFSET  14.4936 -2.2917 -6.2910
X -0.4147 -0.8207  0.3930
Y -0.8358  0.5143  0.1921
Z -0.3598 -0.2488 -0.8992

PART 28
OFFSET  14.0113 -3.2743 -5.7585
X -0.7146 -0.4476  0.5375
Y -0.5566  0.8293 -0.0495
Z -0.4236 -0.3346 -0.8418

PART 29
OFFSET  13.2041 -3.7799 -5.1514
X  0.6160 -0.6970 -0.3671
Y  0.5654  0.7156 -0.4101
Z  0.5485  0.0451  0.8349

PART 30
OFFSET  13.5165 -1.1576 -7.4889
X  0.4031 -0.8747  0.2692
Y -0.8467 -0.2448  0.4724
Z -0.3473 -0.4184 -0.8393

PART 31
OFFSET  14.3038 -2.8663 -6.9629
X -0.3921 -0.7558  0.5245
Y -0.8362  0.5304  0.1392
Z -0.3834 -0.3840 -0.8400

PART 32
OFFSET  13.7312 -3.9703 -6.1969
X -0.8487 -0.1975  0.4906
Y -0.3336  0.9197 -0.2070
Z -0.4103 -0.3393 -0.8465

PART 33
OFFSET  12.7672 -4.1970 -5.6471
X  0.8901 -0.4143 -0.1899
Y  0.2596  0.8033 -0.5360
Z  0.3746  0.4278  0.8226

PART 34
OFFSET  12.2941 -2.7193 -7.0208
X -0.5017 -0.2274 -0.8346
Y  0.0741  0.9500 -0.3033
Z  0.8619 -0.2140 -0.4598

PART 35
OFFSET  13.9348 -2.2528 -4.0742
X  1.0000  0.0021 -0.0022
Y -0.0021  1.0000  0.0022
Z  0.0022 -0.0022  1.0000

PART 36
OFFSET  13.9348 -2.2528 -4.0742
X  1.0000  0.0021 -0.0022
Y -0.0021  1.0000  0.0022
Z  0.0022 -0.0022  1.0000

PART 37
OFFSET  17.2079 -2.0959 -3.7363
X  1.0000  0.0021 -0.0022
Y -0.0021  1.0000  0.0022
Z  0.0022 -0.0022  1.0000

PART 38
OFFSET  15.3850 -2.2533 -2.4343
X  1.0000  0.0021 -0.0022
Y -0.0021  1.0000  0.0022
Z  0.0022 -0.0022  1.0000

PART 39
OFFSET -111.5013 -6.6448 -52.3493
X  0.9997  0.0021 -0.0226
Y -0.0021  1.0000  0.0022
Z  0.0226 -0.0021  0.9997

PART 40
OFFSET  15.3573 -2.2523 -3.0590
X  0.9997  0.0021 -0.0226
Y -0.0021  1.0000  0.0022
Z  0.0226 -0.0021  0.9997

PART 41
OFFSET  15.3644 -1.7168 -2.7531
X  0.9997  0.0021 -0.0226
Y -0.0021  1.0000  0.0022
Z  0.0226 -0.0021  0.9997

PART 42
OFFSET  15.3816 -1.7118 -2.1194
X  0.9997  0.0021 -0.0226
Y -0.0021  1.0000  0.0022
Z  0.0226 -0.0021  0.9997

PART 43
OFFSET  15.3913 -2.2547 -1.8097
X  0.9997  0.0021 -0.0226
Y -0.0021  1.0000  0.0022
Z  0.0226 -0.0021  0.9997

PART 44
OFFSET  15.3843 -2.7920 -2.1182
X  0.9997  0.0021 -0.0226
Y -0.0021  1.0000  0.0022
Z  0.0226 -0.0021  0.9997

PART 45
OFFSET  15.3674 -2.7889 -2.7402
X  0.9997  0.0021 -0.0226
Y -0.0021  1.0000  0.0022
Z  0.0226 -0.0021  0.9997

PART 46
OFFSET -109.6491 -6.6408 -52.3912
X  0.9997  0.0021 -0.0226
Y -0.0021  1.0000  0.0022
Z  0.0226 -0.0021  0.9997

PART 47
OFFSET  13.8219 -2.0720 -2.8731
X  1.0000  0.0021 -0.0022
Y -0.0021  1.0000  0.0022
Z  0.0022 -0.0022  1.0000

PART 48
OFFSET -7.8386 -1.3192 -1.5206
X -0.5509  0.3857  0.7401
Y -0.4308 -0.8909  0.1436
Z  0.7148 -0.2397  0.6570

PART 49
OFFSET -1.1759 -5.9843 -10.4709
X -0.8774 -0.2150 -0.4289
Y  0.4797 -0.4050 -0.7784
Z -0.0063 -0.8887  0.4585

PART 50
OFFSET  6.2868 -4.1556 -6.8232
X -0.8774 -0.2150 -0.4289
Y  0.4777 -0.3086 -0.8226
Z  0.0445 -0.9266  0.3734

PART 51
OFFSET  7.2012 -2.5296 -6.1556
X -0.8802 -0.2101 -0.4255
Y  0.0019  0.8950 -0.4460
Z  0.4745 -0.3934 -0.7874

PART 52
OFFSET  7.0741 -2.5974 -4.9660
X -0.8802 -0.2101 -0.4255
Y  0.0019  0.8950 -0.4460
Z  0.4745 -0.3934 -0.7874

PART 53
OFFSET  7.2565 -3.8405 -4.4839
X -0.8802 -0.2101 -0.4255
Y  0.0019  0.8950 -0.4460
Z  0.4745 -0.3934 -0.7874

PART 54
OFFSET  8.9767 -3.4965 -5.5084
X -0.9522  0.0976 -0.2896
Y  0.2575 -0.2542 -0.9322
Z -0.1646 -0.9622  0.2169

PART 55
OFFSET  9.2241 -2.9000 -4.5675
X -0.5282 -0.6290 -0.5704
Y  0.7088  0.0433 -0.7041
Z  0.4676 -0.7762  0.4230

PART 56
OFFSET  10.2672 -1.5038 -3.2899
X -0.9700 -0.1285  0.2063
Y -0.1055 -0.5421 -0.8337
Z  0.2190 -0.8305  0.5122

PART 57
OFFSET  11.8023 -1.2357 -3.7302
X -0.8539 -0.0790  0.5143
Y -0.3979 -0.5379 -0.7432
Z  0.3354 -0.8393  0.4279

PART 58
OFFSET  12.7172 -1.1027 -4.2933
X -0.9278  0.3699 -0.0484
Y  0.3574  0.8441 -0.3997
Z -0.1070 -0.3881 -0.9154

PART 59
OFFSET  10.0914 -3.6568 -6.3054
X -0.9781 -0.0272  0.2064
Y  0.0746 -0.9714  0.2254
Z  0.1943  0.2359  0.9522

PART 60
OFFSET  12.3082 -3.4422 -6.6580
X -0.3526 -0.9332  0.0695
Y  0.8944 -0.3579 -0.2684
Z  0.2753 -0.0325  0.9608

PART 61
OFFSET  12.8073 -2.1210 -6.7564
X  0.5483 -0.8139 -0.1925
Y  0.8025  0.5767 -0.1528
Z  0.2354 -0.0707  0.9693

PART 62
OFFSET  12.3212 -1.3994 -6.5858
X  0.9589 -0.0090 -0.2837
Y  0.0156  0.9997  0.0211
Z  0.2834 -0.0247  0.9587

PART 63
OFFSET  11.4103 -1.3909 -6.3162
X -0.7842 -0.6171  0.0651
Y -0.5694  0.7573  0.3197
Z -0.2466  0.2136 -0.9453

PART 64
OFFSET  10.1067 -3.6437 -5.5918
X -0.9999  0.0060  0.0112
Y -0.0029 -0.9660  0.2586
Z  0.0124  0.2585  0.9659

PART 65
OFFSET  12.6999 -3.7191 -5.7586
X -0.3768 -0.9079  0.1834
Y  0.8727 -0.4144 -0.2581
Z  0.3103  0.0628  0.9486

PART 66
OFFSET  13.3415 -2.1733 -6.0708
X  0.7136 -0.6745 -0.1891
Y  0.6363  0.7371 -0.2276
Z  0.2929  0.0421  0.9552

PART 67
OFFSET  12.3525 -1.2385 -5.8088
X  0.9419  0.1666 -0.2918
Y -0.1727  0.9850  0.0047
Z  0.2881  0.0460  0.9565

PART 68
OFFSET  11.3309 -1.4192 -5.4923
X -0.6588 -0.6968  0.2834
Y -0.6936  0.7086  0.1299
Z -0.2914 -0.1110 -0.9501

PART 69
OFFSET  4.7079 -3.3909 -5.8092
X -0.9915 -0.1265 -0.0319
Y -0.1092  0.9384 -0.3279
Z  0.0714 -0.3217 -0.9442

PART 70
OFFSET  12.4314 -4.0428 -3.5962
X -0.8711 -0.3744  0.3178
Y  0.4165 -0.9061  0.0742
Z  0.2602  0.1970  0.9452

PART 71
OFFSET  13.9651 -3.3837 -4.1558
X -0.8092 -0.4824  0.3352
Y  0.5356 -0.8403  0.0837
Z  0.2413  0.2473  0.9384

PART 72
OFFSET  14.9635 -2.7822 -4.5063
X -0.4769 -0.8372  0.2676
Y  0.8570 -0.5105 -0.0699
Z  0.1951  0.1960  0.9610

PART 73
OFFSET  15.5022 -1.8365 -4.8085
X -0.5635  0.7885  0.2463
Y  0.6808  0.6121 -0.4022
Z -0.4680 -0.0590 -0.8818

PART 74
OFFSET  12.6387 -4.1356 -4.6773
X -0.4951 -0.8427  0.2115
Y  0.8576 -0.5130 -0.0366
Z  0.1394  0.1633  0.9767

PART 75
OFFSET  13.6058 -2.4893 -5.0906
X  0.6095 -0.7915  0.0440
Y  0.7735  0.5817 -0.2516
Z  0.1736  0.1874  0.9668

PART 76
OFFSET  12.7156 -1.3331 -5.1549
X  0.9714  0.0823 -0.2226
Y -0.1314  0.9676 -0.2156
Z  0.1976  0.2386  0.9508

PART 77
OFFSET  11.6138 -1.4274 -4.9097
X -0.6736 -0.6964  0.2475
Y -0.7091  0.7034  0.0492
Z -0.2084 -0.1424 -0.9676

PART 78
OFFSET  0.0000 -0.0000 -0.0000
X  1.0000 -0.0000  0.0000
Y  0.0000  1.0000  0.0000
Z  0.0000 -0.0000  1.0000

PART 79
OFFSET  0.0000 -0.0000 -0.0000
X  1.0000 -0.0000  0.0000
Y  0.0000  1.0000  0.0000
Z  0.0000 -0.0000  1.0000

PART 80
OFFSET  1.5404 -0.0000  4.1357
X  1.0000 -0.0000  0.0000
Y  0.0000  1.0000  0.0000
Z  0.0000 -0.0000  1.0000


FRAME 601
PART 0
OFFSET -4.6318 -0.0000 -1.3770
X  1.0000 -0.0000  0.0000
Y  0.0000  1.0000  0.0000
Z  0.0000 -0.0000  1.0000

PART 1
OFFSET -4.6318 -0.0000 -1.3770
X  1.0000 -0.0000  0.0000
Y  0.0000  1.0000  0.0000
Z  0.0000 -0.0000  1.0000

PART 2
OFFSET -6.7281  3.8438 -4.9859
X  0.6946 -0.0047 -0.7194
Y  0.1176 -0.9858  0.1199
Z -0.7097 -0.1679 -0.6842

PART 3
OFFSET  1.6725  3.7873 -13.6858
X  0.7130 -0.3576  0.6031
Y -0.6510 -0.0179  0.7589
Z -0.2606 -0.9337 -0.2456

PART 4
OFFSET  7.7366  0.7455 -8.5558
X  0.7130 -0.3576  0.6031
Y -0.5566  0.2345  0.7970
Z -0.4265 -0.9039 -0.0319

PART 5
OFFSET  9.6537  1.1021 -8.2946
X  0.7175 -0.3550  0.5993
Y  0.2679  0.9349  0.2329
Z -0.6429 -0.0066  0.7659

PART 6
OFFSET  9.0866 -0.2766 -9.0763
X  0.7175 -0.3550  0.5993
Y  0.2679  0.9349  0.2329
Z -0.6429 -0.0066  0.7659

PART 7
OFFSET  8.3461  0.7658 -6.0780
X  0.7175 -0.3550  0.5993
Y  0.2679  0.9349  0.2329
Z -0.6429 -0.0066  0.7659

PART 8
OFFSET  7.7893 -0.4394 -6.2996
X  0.7175 -0.3550  0.5993
Y  0.2679  0.9349  0.2329
Z -0.6429 -0.0066  0.7659

PART 9
OFFSET  7.9821 -0.8509 -7.4082
X  0.7175 -0.3550  0.5993
Y  0.2679  0.9349  0.2329
Z -0.6429 -0.0066  0.7659

PART 10
OFFSET  9.9223 -0.3509 -6.7068
X  0.9788 -0.1710 -0.1126
Y  0.1495  0.2216  0.9636
Z -0.1398 -0.9600  0.2425

PART 11
OFFSET  10.4495 -0.6082 -5.7279
X  0.9265  0.0557  0.3721
Y -0.3014  0.7018  0.6455
Z -0.2252 -0.7102  0.6670

PART 12
OFFSET  12.4063 -0.4575 -4.8235
X  0.9573 -0.1548 -0.2441
Y  0.2876  0.4271  0.8572
Z -0.0284 -0.8909  0.4534

PART 13
OFFSET  13.9314 -0.8326 -5.2180
X  0.8576 -0.4281 -0.2850
Y  0.4685  0.4216  0.7764
Z -0.2122 -0.7993  0.5622

PART 14
OFFSET  14.8570 -1.3249 -5.4872
X  0.8659  0.2843 -0.4115
Y -0.4743  0.7282 -0.4948
Z  0.1590  0.6236  0.7654

PART 15
OFFSET  10.5622 -0.9269 -7.7848
X  0.8076 -0.4195 -0.4145
Y -0.2848 -0.8929  0.3489
Z -0.5164 -0.1637 -0.8405

PART 16
OFFSET  12.4170 -1.9551 -8.5509
X  0.4374 -0.8846  0.1618
Y -0.6712 -0.2014  0.7134
Z -0.5985 -0.4207 -0.6818

PART 17
OFFSET  13.0363 -3.2075 -8.3218
X -0.2131 -0.7246  0.6554
Y -0.8012  0.5135  0.3072
Z -0.5591 -0.4596 -0.6900

PART 18
OFFSET  12.8474 -3.8500 -7.7407
X -0.7118 -0.0861  0.6971
Y -0.3492  0.9045 -0.2449
Z -0.6094 -0.4178 -0.6739

PART 19
OFFSET  12.1711 -3.9318 -7.0785
X  0.8518 -0.4415 -0.2819
Y  0.1174  0.6854 -0.7186
Z  0.5105  0.5790  0.6357

PART 20
OFFSET  10.8964 -0.6832 -7.2031
X  0.8847 -0.2365 -0.4016
Y -0.1663 -0.9651  0.2022
Z -0.4354 -0.1121 -0.8932

PART 21
OFFSET  13.1566 -1.5569 -8.1445
X  0.4806 -0.8626  0.1583
Y -0.7248 -0.2890  0.6255
Z -0.4937 -0.4153 -0.7640

PART 22
OFFSET  13.9747 -3.0254 -7.8750
X -0.3460 -0.7066  0.6173
Y -0.8099  0.5571  0.1836
Z -0.4736 -0.4364 -0.7650

PART 23
OFFSET  13.4952 -4.0047 -7.0195
X -0.7944 -0.1697  0.5832
Y -0.3821  0.8860 -0.2626
Z -0.4721 -0.4315 -0.7687

PART 24
OFFSET  12.6336 -4.1887 -6.3870
X  0.8459 -0.3883 -0.3656
Y  0.1629  0.8409 -0.5161
Z  0.5078  0.3770  0.7746

PART 25
OFFSET  13.1022 -1.0407 -5.3939
X  0.8532 -0.4707 -0.2249
Y  0.4239  0.8768 -0.2269
Z  0.3040  0.0982  0.9476

PART 26
OFFSET  13.9010 -0.4932 -6.5088
X  0.4070 -0.9122  0.0477
Y -0.8159 -0.3395  0.4681
Z -0.4108 -0.2294 -0.8824

PART 27
OFFSET  14.6175 -2.0993 -6.4248
X -0.3324 -0.8991  0.2848
Y -0.8750  0.4067  0.2625
Z -0.3518 -0.1619 -0.9219

PART 28
OFFSET  14.2348 -3.1825 -6.0226
X -0.6266 -0.6183  0.4744
Y -0.6648  0.7418  0.0886
Z -0.4067 -0.2598 -0.8758

PART 29
OFFSET  13.5270 -3.8809 -5.4867
X  0.6897 -0.5414 -0.4808
Y  0.4476  0.8407 -0.3046
Z  0.5691 -0.0051  0.8222

PART 30
OFFSET  13.6093 -0.8876 -7.4987
X  0.4157 -0.8916  0.1796
Y -0.8393 -0.3000  0.4535
Z -0.3505 -0.3392 -0.8730

PART 31
OFFSET  14.4214 -2.6294 -7.1479
X -0.3242 -0.8380  0.4389
Y -0.8631  0.4519  0.2253
Z -0.3871 -0.3058 -0.8699

PART 32
OFFSET  13.9478 -3.8534 -6.5068
X -0.7892 -0.3703  0.4900
Y -0.4509  0.8910 -0.0528
Z -0.4170 -0.2626 -0.8701

PART 33
OFFSET  13.0514 -4.2753 -5.9580
X  0.9198 -0.2684 -0.2864
Y  0.1314  0.8981 -0.4197
Z  0.3698  0.3484  0.8613

PART 34
OFFSET  12.2824 -2.3969 -7.1618
X -0.4874 -0.1464 -0.8608
Y  0.1398  0.9600 -0.2425
Z  0.8619 -0.2385 -0.4474

PART 35
OFFSET  13.8828 -2.3190 -4.2096
X  0.9999  0.0149 -0.0085
Y -0.0147  0.9996  0.0239
Z  0.0088 -0.0238  0.9997

PART 36
OFFSET  13.8828 -2.3190 -4.2096
X  0.9999  0.0149 -0.0085
Y -0.0147  0.9996  0.0239
Z  0.0088 -0.0238  0.9997

PART 37
OFFSET  17.1558 -2.1278 -3.8890
X  0.9999  0.0149 -0.0085
Y -0.0147  0.9996  0.0239
Z  0.0088 -0.0238  0.9997

PART 38
OFFSET  15.3436 -2.3365 -2.5793
X  0.9999  0.0149 -0.0085
Y -0.0147  0.9996  0.0239
Z  0.0088 -0.0238  0.9997

PART 39
OFFSET -111.8030 -7.2646 -51.7765
X  0.9995  0.0154 -0.0289
Y -0.0147  0.9996  0.0239
Z  0.0292 -0.0235  0.9993

PART 40
OFFSET  15.3118 -2.3224 -3.2037
X  0.9995  0.0154 -0.0289
Y -0.0147  0.9996  0.0239
Z  0.0292 -0.0235  0.9993

PART 41
OFFSET  15.3142 -1.7936 -2.8862
X  0.9995  0.0154 -0.0289
Y -0.0147  0.9996  0.0239
Z  0.0292 -0.0235  0.9993

PART 42
OFFSET  15.3355 -1.8021 -2.2527
X  0.9995  0.0154 -0.0289
Y -0.0147  0.9996  0.0239
Z  0.0292 -0.0235  0.9993

PART 43
OFFSET  15.3541 -2.3513 -1.9549
X  0.9995  0.0154 -0.0289
Y -0.0147  0.9996  0.0239
Z  0.0292 -0.0235  0.9993

PART 44
OFFSET  15.3518 -2.8820 -2.2750
X  0.9995  0.0154 -0.0289
Y -0.0147  0.9996  0.0239
Z  0.0292 -0.0235  0.9993

PART 45
OFFSET  15.3308 -2.8655 -2.8966
X  0.9995  0.0154 -0.0289
Y -0.0147  0.9996  0.0239
Z  0.0292 -0.0235  0.9993

PART 46
OFFSET -109.9513 -7.2361 -51.8300
X  0.9995  0.0154 -0.0289
Y -0.0147  0.9996  0.0239
Z  0.0292 -0.0235  0.9993

PART 47
OFFSET  13.7756 -2.1657 -3.0041
X  0.9999  0.0149 -0.0085
Y -0.0147  0.9996  0.0239
Z  0.0088 -0.0238  0.9997

PART 48
OFFSET -7.8386 -1.3192 -1.5206
X -0.5467  0.3870  0.7426
Y -0.4253 -0.8922  0.1519
Z  0.7213 -0.2328  0.6523

PART 49
OFFSET -1.2273 -5.9990 -10.5013
X -0.8813 -0.2202 -0.4180
Y  0.4725 -0.4074 -0.7815
Z  0.0018 -0.8863  0.4632

PART 50
OFFSET  6.2687 -4.1258 -6.9457
X -0.8813 -0.2202 -0.4180
Y  0.4715 -0.3517 -0.8087
Z  0.0311 -0.9098  0.4138

PART 51
OFFSET  7.1847 -2.4932 -6.2968
X -0.8841 -0.2154 -0.4146
Y -0.0061  0.8927 -0.4507
Z  0.4672 -0.3959 -0.7905

PART 52
OFFSET  7.0710 -2.5552 -5.1055
X -0.8841 -0.2154 -0.4146
Y -0.0061  0.8927 -0.4507
Z  0.4672 -0.3959 -0.7905

PART 53
OFFSET  7.2630 -3.7950 -4.6189
X -0.8841 -0.2154 -0.4146
Y -0.0061  0.8927 -0.4507
Z  0.4672 -0.3959 -0.7905

PART 54
OFFSET  8.9706 -3.4506 -5.6642
X -0.9377  0.1327 -0.3213
Y  0.2735 -0.2888 -0.9175
Z -0.2145 -0.9482  0.2345

PART 55
OFFSET  9.2166 -2.8422 -4.7306
X -0.5329 -0.6207 -0.5751
Y  0.7330  0.0009 -0.6802
Z  0.4227 -0.7840  0.4545

PART 56
OFFSET  10.2699 -1.4592 -3.4470
X -0.9834 -0.1059  0.1473
Y -0.0650 -0.5524 -0.8310
Z  0.1694 -0.8268  0.5364

PART 57
OFFSET  11.8346 -1.2286 -3.7944
X -0.8934 -0.0660  0.4444
Y -0.3426 -0.5397 -0.7690
Z  0.2906 -0.8392  0.4596

PART 58
OFFSET  12.7932 -1.1097 -4.2829
X -0.9168  0.3792 -0.1257
Y  0.3977  0.8371 -0.3756
Z -0.0372 -0.3943 -0.9182

PART 59
OFFSET  10.1003 -3.6805 -6.4221
X -0.9844  0.0193  0.1747
Y  0.0255 -0.9677  0.2507
Z  0.1739  0.2512  0.9522

PART 60
OFFSET  12.3343 -3.5685 -6.7068
X -0.3839 -0.9212  0.0631
Y  0.8938 -0.3879 -0.2249
Z  0.2316 -0.0300  0.9723

PART 61
OFFSET  12.8779 -2.2643 -6.7961
X  0.5040 -0.8495 -0.1558
Y  0.8425  0.5233 -0.1279
Z  0.1902 -0.0668  0.9795

PART 62
OFFSET  12.4310 -1.5111 -6.6580
X  0.9631 -0.1168 -0.2425
Y  0.1192  0.9929 -0.0050
Z  0.2414 -0.0241  0.9701

PART 63
OFFSET  11.5160 -1.4001 -6.4276
X -0.8464 -0.5304  0.0483
Y -0.4993  0.8217  0.2749
Z -0.1855  0.2085 -0.9603

PART 64
OFFSET  10.0948 -3.6501 -5.7090
X -0.9986  0.0485 -0.0218
Y -0.0527 -0.9582  0.2811
Z -0.0072  0.2819  0.9594

PART 65
OFFSET  12.6864 -3.8390 -5.7887
X -0.4176 -0.8919  0.1736
Y  0.8690 -0.4478 -0.2106
Z  0.2656  0.0629  0.9620

PART 66
OFFSET  13.3973 -2.3205 -6.0843
X  0.6782 -0.7212 -0.1412
Y  0.6920  0.6914 -0.2074
Z  0.2472  0.0429  0.9680

PART 67
OFFSET  12.4573 -1.3210 -5.8886
X  0.9675  0.0618 -0.2452
Y -0.0714  0.9970 -0.0306
Z  0.2426  0.0471  0.9690

PART 68
OFFSET  11.4080 -1.3880 -5.6227
X -0.7399 -0.6178  0.2660
Y -0.6234  0.7784  0.0739
Z -0.2527 -0.1112 -0.9611

PART 69
OFFSET  4.7219 -3.1625 -6.0997
X -0.9948 -0.0830 -0.0596
Y -0.0567  0.9337 -0.3534
Z  0.0850 -0.3482 -0.9336

PART 70
OFFSET  12.3382 -4.1020 -3.6332
X -0.8893 -0.3575  0.2853
Y  0.3978 -0.9124  0.0967
Z  0.2258  0.1994  0.9535

PART 71
OFFSET  13.9039 -3.4726 -4.1355
X -0.8086 -0.5000  0.3101
Y  0.5503 -0.8292  0.0982
Z  0.2080  0.2500  0.9456

PART 72
OFFSET  14.8996 -2.8496 -4.4551
X -0.4911 -0.8336  0.2529
Y  0.8559 -0.5158 -0.0382
Z  0.1623  0.1977  0.9667

PART 73
OFFSET  15.4543 -1.9080 -4.7407
X -0.5671  0.7926  0.2241
Y  0.6982  0.6069 -0.3796
Z -0.4369 -0.0588 -0.8976

PART 74
OFFSET  12.5734 -4.2311 -4.7049
X -0.5361 -0.8200  0.2004
Y  0.8377 -0.5462  0.0058
Z  0.1047  0.1710  0.9797

PART 75
OFFSET  13.6207 -2.6291 -5.0964
X  0.5681 -0.8190  0.0813
Y  0.8110  0.5402 -0.2248
Z  0.1402  0.1937  0.9710

PART 76
OFFSET  12.7910 -1.4329 -5.2152
X  0.9858 -0.0264 -0.1659
Y -0.0152  0.9696 -0.2444
Z  0.1673  0.2434  0.9554

PART 77
OFFSET  11.6733 -1.4041 -5.0342
X -0.7569 -0.6146  0.2223
Y -0.6319  0.7750 -0.0087
Z -0.1669 -0.1471 -0.9749

PART 78
OFFSET  0.0000 -0.0000 -0.0000
X  1.0000 -0.0000  0.0000
Y  0.0000  1.0000  0.0000
Z  0.0000 -0.0000  1.0000

PART 79
OFFSET -0.0000 -0.0000 -0.0000
X  1.0000 -0.0006 -0.0009
Y  0.0006  1.0000 -0.0004
Z  0.0009  0.0004  1.0000

PART 80
OFFSET  1.5440  0.0009  4.1344
X  1.0000 -0.0006 -0.0009
Y  0.0006  1.0000 -0.0004
Z  0.0009  0.0004  1.0000


FRAME 602
PART 0
OFFSET -4.6318 -0.0000 -1.3770
X  1.0000 -0.0000  0.0000
Y  0.0000  1.0000  0.0000
Z  0.0000 -0.0000  1.0000

PART 1
OFFSET -4.6318 -0.0000 -1.3770
X  1.0000 -0.0000  0.0000
Y  0.0000  1.0000  0.0000
Z  0.0000 -0.0000  1.0000

PART 2
OFFSET -6.7281  3.8438 -4.9859
X  0.6867  0.0764 -0.7229
Y  0.1769 -0.9821  0.0642
Z -0.7051 -0.1719 -0.6880

PART 3
OFFSET  1.5771  4.7679 -13.7284
X  0.7341 -0.3479  0.5832
Y -0.6466 -0.0960  0.7567
Z -0.2072 -0.9326 -0.2955

PART 4
OFFSET  7.8210  1.8091 -8.7685
X  0.7341 -0.3479  0.5832
Y -0.5543  0.1890  0.8106
Z -0.3922 -0.9183 -0.0541

PART 5
OFFSET  9.7152  2.2610 -8.4882
X  0.7385 -0.3447  0.5794
Y  0.2144  0.9349  0.2829
Z -0.6392 -0.0847  0.7643

PART 6
OFFSET  9.2260  0.8958 -9.3430
X  0.7385 -0.3447  0.5794
Y  0.2144  0.9349  0.2829
Z -0.6392 -0.0847  0.7643

PART 7
OFFSET  8.4356  1.7315 -6.2931
X  0.7385 -0.3447  0.5794
Y  0.2144  0.9349  0.2829
Z -0.6392 -0.0847  0.7643

PART 8
OFFSET  7.9484  0.5099 -6.5792
X  0.7385 -0.3447  0.5794
Y  0.2144  0.9349  0.2829
Z -0.6392 -0.0847  0.7643

PART 9
OFFSET  8.1612  0.1702 -7.7084
X  0.7385 -0.3447  0.5794
Y  0.2144  0.9349  0.2829
Z -0.6392 -0.0847  0.7643

PART 10
OFFSET  10.0715  0.7427 -6.9807
X  0.9558 -0.2843 -0.0753
Y  0.0930  0.0494  0.9944
Z -0.2790 -0.9575  0.0736

PART 11
OFFSET  10.4767  0.2693 -6.0247
X  0.8495 -0.1147  0.5150
Y -0.3371  0.6330  0.6969
Z -0.4059 -0.7657  0.4990

PART 12
OFFSET  12.2535  0.0424 -4.8160
X  0.9800 -0.1922 -0.0515
Y  0.1082  0.2974  0.9486
Z -0.1670 -0.9352  0.3122

PART 13
OFFSET  13.8104 -0.3904 -4.9207
X  0.9287 -0.3580  0.0965
Y  0.0580  0.3973  0.9159
Z -0.3663 -0.8450  0.3897

PART 14
OFFSET  14.7990 -0.8095 -4.7829
X  0.9328  0.3603  0.0097
Y -0.2754  0.7297 -0.6258
Z -0.2326  0.5811  0.7799

PART 15
OFFSET  10.7243  0.2557 -8.0944
X  0.7736 -0.4556 -0.4404
Y -0.4229 -0.8888  0.1767
Z -0.4720  0.0495 -0.8802

PART 16
OFFSET  12.4793 -0.8842 -8.9340
X  0.3229 -0.9464 -0.0122
Y -0.7176 -0.2532  0.6488
Z -0.6171 -0.2007 -0.7609

PART 17
OFFSET  12.9365 -2.2240 -8.9513
X -0.1336 -0.9132  0.3849
Y -0.8019  0.3278  0.4995
Z -0.5823 -0.2419 -0.7761

PART 18
OFFSET  12.8181 -3.0337 -8.6101
X -0.5616 -0.5365  0.6299
Y -0.5325  0.8170  0.2211
Z -0.6333 -0.2113 -0.7445

PART 19
OFFSET  12.2846 -3.5434 -8.0116
X  0.8554 -0.0720 -0.5129
Y -0.1207  0.9354 -0.3325
Z  0.5037  0.3463  0.7914

PART 20
OFFSET  11.0353  0.3597 -7.4603
X  0.8793 -0.2915 -0.3766
Y -0.3024 -0.9527  0.0314
Z -0.3680  0.0862 -0.9258

PART 21
OFFSET  13.2603 -0.6602 -8.3366
X  0.4613 -0.8859 -0.0493
Y -0.7292 -0.4102  0.5478
Z -0.5055 -0.2168 -0.8352

PART 22
OFFSET  14.0457 -2.1684 -8.4204
X -0.1867 -0.9121  0.3650
Y -0.8540  0.3344  0.3987
Z -0.4857 -0.2372 -0.8413

PART 23
OFFSET  13.7869 -3.4325 -7.9146
X -0.6093 -0.6022  0.5158
Y -0.6271  0.7641  0.1514
Z -0.4853 -0.2312 -0.8432

PART 24
OFFSET  13.1261 -4.0856 -7.3552
X  0.8336  0.0456 -0.5505
Y -0.1431  0.9804 -0.1355
Z  0.5336  0.1917  0.8237

PART 25
OFFSET  13.0160 -0.5686 -5.5944
X  0.8037 -0.5433 -0.2427
Y  0.5481  0.8347 -0.0534
Z  0.2316 -0.0901  0.9686

PART 26
OFFSET  13.9696  0.0279 -6.5515
X  0.4765 -0.8659 -0.1524
Y -0.8054 -0.4994  0.3193
Z -0.3526 -0.0294 -0.9353

PART 27
OFFSET  14.8085 -1.4966 -6.8198
X -0.1003 -0.9947 -0.0214
Y -0.9467  0.0888  0.3096
Z -0.3061  0.0513 -0.9506

PART 28
OFFSET  14.7052 -2.7090 -6.7880
X -0.3422 -0.9209  0.1868
Y -0.8779  0.3842  0.2859
Z -0.3350 -0.0661 -0.9399

PART 29
OFFSET  14.3187 -3.7492 -6.5770
X  0.8096 -0.0656 -0.5832
Y  0.1056  0.9938  0.0347
Z  0.5773 -0.0897  0.8116

PART 30
OFFSET  13.7167 -0.1671 -7.6090
X  0.4630 -0.8857 -0.0352
Y -0.8242 -0.4448  0.3505
Z -0.3261 -0.1333 -0.9359

PART 31
OFFSET  14.6212 -1.8973 -7.6778
X -0.1434 -0.9755  0.1669
Y -0.9200  0.1935  0.3408
Z -0.3648 -0.1046 -0.9252

PART 32
OFFSET  14.4118 -3.3221 -7.4341
X -0.5818 -0.7504  0.3137
Y -0.7069  0.6573  0.2611
Z -0.4021 -0.0698 -0.9129

PART 33
OFFSET  13.7505 -4.1730 -7.0854
X  0.9234  0.1600 -0.3490
Y -0.1960  0.9781 -0.0701
Z  0.3301  0.1331  0.9345

PART 34
OFFSET  12.1875 -1.5138 -7.6086
X -0.4264  0.0548 -0.9029
Y  0.2790  0.9575 -0.0736
Z  0.8604 -0.2833 -0.4235

PART 35
OFFSET  13.7444 -2.4953 -4.5339
X  0.9986  0.0482 -0.0240
Y -0.0462  0.9958  0.0792
Z  0.0277 -0.0780  0.9966

PART 36
OFFSET  13.7444 -2.4953 -4.5339
X  0.9986  0.0482 -0.0240
Y -0.0462  0.9958  0.0792
Z  0.0277 -0.0780  0.9966

PART 37
OFFSET  17.0150 -2.2144 -4.2568
X  0.9986  0.0482 -0.0240
Y -0.0462  0.9958  0.0792
Z  0.0277 -0.0780  0.9966

PART 38
OFFSET  15.2344 -2.5537 -2.9311
X  0.9986  0.0482 -0.0240
Y -0.0462  0.9958  0.0792
Z  0.0277 -0.0780  0.9966

PART 39
OFFSET -112.5613 -8.9666 -50.2391
X  0.9978  0.0498 -0.0443
Y -0.0462  0.9958  0.0792
Z  0.0481 -0.0770  0.9959

PART 40
OFFSET  15.1909 -2.5066 -3.5532
X  0.9978  0.0498 -0.0443
Y -0.0462  0.9958  0.0792
Z  0.0481 -0.0770  0.9959

PART 41
OFFSET  15.1821 -1.9961 -3.2072
X  0.9978  0.0498 -0.0443
Y -0.0462  0.9958  0.0792
Z  0.0481 -0.0770  0.9959

PART 42
OFFSET  15.2151 -2.0385 -2.5755
X  0.9978  0.0498 -0.0443
Y -0.0462  0.9958  0.0792
Z  0.0481 -0.0770  0.9959

PART 43
OFFSET  15.2567 -2.6022 -2.3088
X  0.9978  0.0498 -0.0443
Y -0.0462  0.9958  0.0792
Z  0.0481 -0.0770  0.9959

PART 44
OFFSET  15.2655 -3.1144 -2.6575
X  0.9978  0.0498 -0.0443
Y -0.0462  0.9958  0.0792
Z  0.0481 -0.0770  0.9959

PART 45
OFFSET  15.2327 -3.0648 -3.2769
X  0.9978  0.0498 -0.0443
Y -0.0462  0.9958  0.0792
Z  0.0481 -0.0770  0.9959

PART 46
OFFSET -110.7128 -8.8744 -50.3212
X  0.9978  0.0498 -0.0443
Y -0.0462  0.9958  0.0792
Z  0.0481 -0.0770  0.9959

PART 47
OFFSET  13.6543 -2.4116 -3.3202
X  0.9986  0.0482 -0.0240
Y -0.0462  0.9958  0.0792
Z  0.0277 -0.0780  0.9966

PART 48
OFFSET -7.8386 -1.3192 -1.5206
X -0.5366  0.3901  0.7482
Y -0.4109 -0.8953  0.1721
Z  0.7370 -0.2151  0.6407

PART 49
OFFSET -1.3489 -6.0372 -10.5697
X -0.8888 -0.2347 -0.3937
Y  0.4578 -0.4131 -0.7872
Z  0.0222 -0.8799  0.4747

PART 50
OFFSET  6.2105 -4.0406 -7.2214
X -0.8888 -0.2347 -0.3937
Y  0.4583 -0.4602 -0.7604
Z -0.0027 -0.8562  0.5166

PART 51
OFFSET  7.1248 -2.3902 -6.6164
X -0.8916 -0.2299 -0.3903
Y -0.0262  0.8864 -0.4622
Z  0.4522 -0.4018 -0.7963

PART 52
OFFSET  7.0404 -2.4373 -5.4221
X -0.8916 -0.2299 -0.3903
Y -0.0262  0.8864 -0.4622
Z  0.4522 -0.4018 -0.7963

PART 53
OFFSET  7.2569 -3.6685 -4.9239
X -0.8916 -0.2299 -0.3903
Y -0.0262  0.8864 -0.4622
Z  0.4522 -0.4018 -0.7963

PART 54
OFFSET  8.9353 -3.3209 -6.0146
X -0.8911  0.2328 -0.3896
Y  0.2881 -0.3731 -0.8819
Z -0.3507 -0.8981  0.2654

PART 55
OFFSET  9.2020 -2.6968 -5.0972
X -0.5587 -0.5859 -0.5870
Y  0.7740 -0.1140 -0.6228
Z  0.2980 -0.8023  0.5172

PART 56
OFFSET  10.3138 -1.3765 -3.7970
X -0.9992 -0.0406  0.0058
Y  0.0189 -0.5812 -0.8135
Z  0.0364 -0.8127  0.5815

PART 57
OFFSET  11.9238 -1.2546 -3.9200
X -0.9637 -0.0252  0.2659
Y -0.2090 -0.5488 -0.8094
Z  0.1663 -0.8356  0.5236

PART 58
OFFSET  12.9619 -1.1798 -4.2177
X -0.8613  0.4050 -0.3069
Y  0.4927  0.8135 -0.3091
Z  0.1245 -0.4174 -0.9002

PART 59
OFFSET  10.0687 -3.7360 -6.6828
X -0.9835  0.1487  0.1028
Y -0.1120 -0.9477  0.2989
Z  0.1418  0.2825  0.9487

PART 60
OFFSET  12.3129 -3.9126 -6.8122
X -0.4707 -0.8814  0.0405
Y  0.8727 -0.4718 -0.1253
Z  0.1296 -0.0237  0.9913

PART 61
OFFSET  12.9793 -2.6648 -6.8695
X  0.3621 -0.9284 -0.0835
Y  0.9283  0.3672 -0.0579
Z  0.0844 -0.0565  0.9948

PART 62
OFFSET  12.6583 -1.8417 -6.7955
X  0.9081 -0.3945 -0.1405
Y  0.3936  0.9186 -0.0350
Z  0.1429 -0.0235  0.9895

PART 63
OFFSET  11.7956 -1.4669 -6.6620
X -0.9623 -0.2716 -0.0136
Y -0.2692  0.9444  0.1890
Z -0.0384  0.1856 -0.9819

PART 64
OFFSET  10.0242 -3.6646 -5.9740
X -0.9811  0.1680 -0.0955
Y -0.1902 -0.9270  0.3232
Z -0.0342  0.3353  0.9415

PART 65
OFFSET  12.5715 -4.1710 -5.8589
X -0.5246 -0.8398  0.1400
Y  0.8360 -0.5392 -0.1015
Z  0.1607  0.0638  0.9849

PART 66
OFFSET  13.4646 -2.7413 -6.0973
X  0.5532 -0.8321 -0.0394
Y  0.8213  0.5527 -0.1417
Z  0.1397  0.0460  0.9891

PART 67
OFFSET  12.6980 -1.5880 -6.0426
X  0.9683 -0.2180 -0.1217
Y  0.2095  0.9746 -0.0790
Z  0.1359  0.0509  0.9894

PART 68
OFFSET  11.6478 -1.3515 -5.9106
X -0.9064 -0.3756  0.1935
Y -0.3894  0.9203 -0.0374
Z -0.1641 -0.1092 -0.9804

PART 69
OFFSET  4.7951 -2.5178 -6.7481
X -0.9916  0.0415 -0.1222
Y  0.0876  0.9117 -0.4014
Z  0.0948 -0.4088 -0.9077

PART 70
OFFSET  12.0597 -4.2804 -3.7326
X -0.9296 -0.3041  0.2082
Y  0.3365 -0.9308  0.1429
Z  0.1503  0.2030  0.9676

PART 71
OFFSET  13.6964 -3.7449 -4.0992
X -0.8042 -0.5361  0.2568
Y  0.5786 -0.8049  0.1315
Z  0.1362  0.2543  0.9575

PART 72
OFFSET  14.6822 -3.0777 -4.3532
X -0.5311 -0.8189  0.2176
Y  0.8423 -0.5380  0.0313
Z  0.0915  0.1999  0.9755

PART 73
OFFSET  15.2821 -2.1528 -4.5990
X -0.5618  0.8085  0.1753
Y  0.7415  0.5861 -0.3267
Z -0.3669 -0.0535 -0.9287

PART 74
OFFSET  12.3401 -4.4993 -4.7785
X -0.6419 -0.7491  0.1641
Y  0.7662 -0.6350  0.0982
Z  0.0307  0.1888  0.9815

PART 75
OFFSET  13.5940 -3.0360 -5.0991
X  0.4398 -0.8843  0.1565
Y  0.8954  0.4184 -0.1522
Z  0.0691  0.2071  0.9759

PART 76
OFFSET  12.9516 -1.7443 -5.3278
X  0.9503 -0.3106 -0.0215
Y  0.2934  0.9165 -0.2720
Z  0.1042  0.2522  0.9620

PART 77
OFFSET  11.8748 -1.3937 -5.3103
X -0.9227 -0.3633  0.1288
Y -0.3783  0.9176 -0.1220
Z -0.0738 -0.1613 -0.9841

PART 78
OFFSET  0.0000 -0.0000 -0.0000
X  1.0000 -0.0000  0.0000
Y  0.0000  1.0000  0.0000
Z  0.0000 -0.0000  1.0000

PART 79
OFFSET -0.0000 -0.0000 -0.0000
X  1.0000 -0.0021 -0.0033
Y  0.0021  1.0000 -0.0016
Z  0.0033  0.0016  1.0000

PART 80
OFFSET  1.5539  0.0035  4.1307
X  1.0000 -0.0021 -0.0033
Y  0.0021  1.0000 -0.0016
Z  0.0033  0.0016  1.0000


FRAME 603
PART 0
OFFSET -4.6318 -0.0000 -1.3770
X  1.0000 -0.0000  0.0000
Y  0.0000  1.0000  0.0000
Z  0.0000 -0.0000  1.0000

PART 1
OFFSET -4.6318 -0.0000 -1.3770
X  1.0000 -0.0000  0.0000
Y  0.0000  1.0000  0.0000
Z  0.0000 -0.0000  1.0000

PART 2
OFFSET -6.7281  3.8438 -4.9859
X  0.6628  0.2032 -0.7207
Y  0.2459 -0.9682 -0.0468
Z -0.7072 -0.1461 -0.6917

PART 3
OFFSET  1.2883  6.3010 -13.7014
X  0.7591 -0.3596  0.5426
Y -0.6337 -0.2174  0.7424
Z -0.1490 -0.9074 -0.3929

PART 4
OFFSET  7.7450  3.2428 -9.0861
X  0.7591 -0.3596  0.5426
Y -0.5549  0.0785  0.8282
Z -0.3404 -0.9298 -0.1399

PART 5
OFFSET  9.6082  3.7839 -8.7600
X  0.7633 -0.3558  0.5393
Y  0.1559  0.9115  0.3806
Z -0.6269 -0.2064  0.7512

PART 6
OFFSET  9.2017  2.4883 -9.7550
X  0.7633 -0.3558  0.5393
Y  0.1559  0.9115  0.3806
Z -0.6269 -0.2064  0.7512

PART 7
OFFSET  8.3811  2.9429 -6.6332
X  0.7633 -0.3558  0.5393
Y  0.1559  0.9115  0.3806
Z -0.6269 -0.2064  0.7512

PART 8
OFFSET  7.9714  1.7296 -7.0474
X  0.7633 -0.3558  0.5393
Y  0.1559  0.9115  0.3806
Z -0.6269 -0.2064  0.7512

PART 9
OFFSET  8.1975  1.5261 -8.2064
X  0.7633 -0.3558  0.5393
Y  0.1559  0.9115  0.3806
Z -0.6269 -0.2064  0.7512

PART 10
OFFSET  10.0722  2.1405 -7.4226
X  0.9157 -0.3974 -0.0596
Y -0.0103 -0.1714  0.9852
Z -0.4017 -0.9015 -0.1610

PART 11
OFFSET  10.3093  1.4262 -6.5648
X  0.7024 -0.3339  0.6286
Y -0.4006  0.5446  0.7369
Z -0.5883 -0.7694  0.2488

PART 12
OFFSET  11.7523  0.7172 -5.1210
X  0.9407 -0.2891  0.1774
Y -0.1361  0.1574  0.9781
Z -0.3107 -0.9443  0.1087

PART 13
OFFSET  13.2443  0.1354 -4.8808
X  0.7438 -0.3594  0.5636
Y -0.4241  0.3980  0.8135
Z -0.5167 -0.8441  0.1436

PART 14
OFFSET  14.0178 -0.2851 -4.2509
X  0.7935  0.3589  0.4914
Y  0.0899  0.7296 -0.6779
Z -0.6019  0.5821  0.5467

PART 15
OFFSET  10.7769  1.8055 -8.5604
X  0.7480 -0.4523 -0.4857
Y -0.5453 -0.8360 -0.0613
Z -0.3783  0.3107 -0.8720

PART 16
OFFSET  12.4459  0.6415 -9.5323
X  0.2245 -0.9395 -0.2586
Y -0.7816 -0.3321  0.5280
Z -0.5820  0.0836 -0.8089

PART 17
OFFSET  12.7636 -0.6886 -9.8985
X -0.0135 -0.9989 -0.0442
Y -0.8346 -0.0131  0.5507
Z -0.5507  0.0443 -0.8335

PART 18
OFFSET  12.7517 -1.5743 -9.9377
X -0.3180 -0.9307  0.1808
Y -0.7300  0.3620  0.5797
Z -0.6050  0.0523 -0.7945

PART 19
OFFSET  12.4496 -2.4585 -9.7659
X  0.7890  0.4770 -0.3873
Y -0.4230  0.8788  0.2209
Z  0.4457 -0.0105  0.8951

PART 20
OFFSET  11.0276  1.7301 -7.8963
X  0.8722 -0.3310 -0.3602
Y -0.4195 -0.8848 -0.2028
Z -0.2516  0.3280 -0.9106

PART 21
OFFSET  13.2084  0.5935 -8.7393
X  0.4771 -0.8231 -0.3079
Y -0.7441 -0.5648  0.3568
Z -0.4676  0.0589 -0.8820

PART 22
OFFSET  14.0207 -0.8080 -9.2635
X  0.0354 -0.9973 -0.0643
Y -0.8937 -0.0604  0.4446
Z -0.4472  0.0418 -0.8934

PART 23
OFFSET  14.0697 -2.1901 -9.3526
X -0.2821 -0.9551  0.0903
Y -0.8482  0.2923  0.4417
Z -0.4483  0.0480 -0.8926

PART 24
OFFSET  13.7638 -3.2260 -9.2547
X  0.6936  0.6180 -0.3702
Y -0.5132  0.7845  0.3481
Z  0.5055 -0.0514  0.8613

PART 25
OFFSET  12.6635  0.1601 -6.1283
X  0.7519 -0.5914 -0.2913
Y  0.6497  0.7397  0.1751
Z  0.1119 -0.3210  0.9405

PART 26
OFFSET  13.7819  0.7978 -6.8519
X  0.6042 -0.7281 -0.3237
Y -0.7595 -0.6491  0.0423
Z -0.2409  0.2203 -0.9452

PART 27
OFFSET  14.8457 -0.4842 -7.4218
X  0.2503 -0.9015 -0.3530
Y -0.9440 -0.3082  0.1178
Z -0.2150  0.3037 -0.9282

PART 28
OFFSET  15.1630 -1.5986 -7.7945
X  0.1315 -0.9674 -0.2164
Y -0.9704 -0.1702  0.1714
Z -0.2026  0.1875 -0.9611

PART 29
OFFSET  15.3115 -2.6913 -8.0389
X  0.7762  0.5213 -0.3546
Y -0.3873  0.8380  0.3843
Z  0.4975 -0.1609  0.8524

PART 30
OFFSET  13.6233  0.8644 -7.9431
X  0.5624 -0.7866 -0.2548
Y -0.7888 -0.6028  0.1201
Z -0.2481  0.1334 -0.9595

PART 31
OFFSET  14.7220 -0.6724 -8.4408
X  0.1306 -0.9717 -0.1970
Y -0.9480 -0.1806  0.2621
Z -0.2903  0.1525 -0.9447

PART 32
OFFSET  14.9128 -2.0916 -8.7286
X -0.1925 -0.9752 -0.1090
Y -0.9219  0.1416  0.3607
Z -0.3363  0.1699 -0.9263

PART 33
OFFSET  14.6931 -3.1951 -8.8589
X  0.7579  0.6465 -0.0876
Y -0.6050  0.7468  0.2762
Z  0.2440 -0.1563  0.9571

PART 34
OFFSET  11.9483 -0.2184 -8.3604
X -0.3156  0.3013 -0.8998
Y  0.4017  0.9015  0.1610
Z  0.8597 -0.3106 -0.4055

PART 35
OFFSET  13.5469 -2.7479 -4.9241
X  0.9946  0.0942 -0.0438
Y -0.0865  0.9845  0.1528
Z  0.0576 -0.1482  0.9873

PART 36
OFFSET  13.5469 -2.7479 -4.9241
X  0.9946  0.0942 -0.0438
Y -0.0865  0.9845  0.1528
Z  0.0576 -0.1482  0.9873

PART 37
OFFSET  16.8087 -2.3423 -4.7041
X  0.9946  0.0942 -0.0438
Y -0.0865  0.9845  0.1528
Z  0.0576 -0.1482  0.9873

PART 38
OFFSET  15.0802 -2.8552 -3.3653
X  0.9946  0.0942 -0.0438
Y -0.0865  0.9845  0.1528
Z  0.0576 -0.1482  0.9873

PART 39
OFFSET -113.5410 -11.5286 -48.0001
X  0.9932  0.0972 -0.0640
Y -0.0865  0.9845  0.1528
Z  0.0779 -0.1463  0.9862

PART 40
OFFSET  15.0181 -2.7654 -3.9810
X  0.9932  0.0972 -0.0640
Y -0.0865  0.9845  0.1528
Z  0.0779 -0.1463  0.9862

PART 41
OFFSET  14.9968 -2.2820 -3.5985
X  0.9932  0.0972 -0.0640
Y -0.0865  0.9845  0.1528
Z  0.0779 -0.1463  0.9862

PART 42
OFFSET  15.0484 -2.3683 -2.9726
X  0.9932  0.0972 -0.0640
Y -0.0865  0.9845  0.1528
Z  0.0779 -0.1463  0.9862

PART 43
OFFSET  15.1211 -2.9473 -2.7488
X  0.9932  0.0972 -0.0640
Y -0.0865  0.9845  0.1528
Z  0.0779 -0.1463  0.9862

PART 44
OFFSET  15.1425 -3.4321 -3.1342
X  0.9932  0.0972 -0.0640
Y -0.0865  0.9845  0.1528
Z  0.0779 -0.1463  0.9862

PART 45
OFFSET  15.0911 -3.3396 -3.7474
X  0.9932  0.0972 -0.0640
Y -0.0865  0.9845  0.1528
Z  0.0779 -0.1463  0.9862

PART 46
OFFSET -111.7009 -11.3484 -48.1187
X  0.9932  0.0972 -0.0640
Y -0.0865  0.9845  0.1528
Z  0.0779 -0.1463  0.9862

PART 47
OFFSET  13.4856 -2.7559 -3.7057
X  0.9946  0.0942 -0.0438
Y -0.0865  0.9845  0.1528
Z  0.0576 -0.1482  0.9873

PART 48
OFFSET -7.8386 -1.3192 -1.5206
X -0.5244  0.3945  0.7545
Y -0.3920 -0.8985  0.1974
Z  0.7559 -0.1922  0.6259

PART 49
OFFSET -1.4960 -6.0908 -10.6456
X -0.8934 -0.2564 -0.3690
Y  0.4467 -0.4190 -0.7905
Z  0.0481 -0.8710  0.4889

PART 50
OFFSET  6.1027 -3.9102 -7.5075
X -0.8934 -0.2564 -0.3690
Y  0.4457 -0.6089 -0.6562
Z -0.0564 -0.7507  0.6583

PART 51
OFFSET  7.0021 -2.2346 -6.9519
X -0.8962 -0.2515 -0.3656
Y -0.0519  0.8777 -0.4764
Z  0.4407 -0.4080 -0.7996

PART 52
OFFSET  6.9458 -2.2624 -5.7553
X -0.8962 -0.2515 -0.3656
Y -0.0519  0.8777 -0.4764
Z  0.4407 -0.4080 -0.7996

PART 53
OFFSET  7.1947 -3.4809 -5.2414
X -0.8962 -0.2515 -0.3656
Y -0.0519  0.8777 -0.4764
Z  0.4407 -0.4080 -0.7996

PART 54
OFFSET  8.8415 -3.1243 -6.3764
X -0.8081  0.3874 -0.4437
Y  0.2442 -0.4652 -0.8508
Z -0.5360 -0.7959  0.2813

PART 55
OFFSET  9.1895 -2.5228 -5.4712
X -0.6203 -0.5028 -0.6020
Y  0.7749 -0.2742 -0.5695
Z  0.1213 -0.8197  0.5597

PART 56
OFFSET  10.4440 -1.3647 -4.1465
X -0.9867  0.0614 -0.1502
Y  0.0800 -0.6211 -0.7796
Z -0.1412 -0.7813  0.6079

PART 57
OFFSET  12.0575 -1.4134 -4.0186
X -0.9979  0.0423  0.0482
Y -0.0637 -0.5706 -0.8188
Z -0.0072 -0.8202  0.5721

PART 58
OFFSET  13.1381 -1.4120 -4.0829
X -0.7452  0.4405 -0.5007
Y  0.6008  0.7693 -0.2174
Z  0.2894 -0.4628 -0.8379

PART 59
OFFSET  9.8952 -3.7894 -6.9688
X -0.9399  0.3391  0.0405
Y -0.3078 -0.8924  0.3299
Z  0.1480  0.2976  0.9432

PART 60
OFFSET  12.0662 -4.3985 -6.9628
X -0.5950 -0.8037 -0.0001
Y  0.8033 -0.5948 -0.0304
Z  0.0244 -0.0182  0.9995

PART 61
OFFSET  12.9087 -3.2606 -6.9626
X  0.1191 -0.9920 -0.0408
Y  0.9926  0.1179  0.0303
Z -0.0252 -0.0441  0.9987

PART 62
OFFSET  12.8031 -2.3811 -6.9264
X  0.6820 -0.7299 -0.0472
Y  0.7303  0.6831 -0.0106
Z  0.0400 -0.0272  0.9988

PART 63
OFFSET  12.1552 -1.6877 -6.8816
X -0.9858  0.1334 -0.1017
Y  0.1175  0.9819  0.1485
Z  0.1197  0.1345 -0.9837

PART 64
OFFSET  9.8357 -3.6765 -6.2664
X -0.9242  0.3476 -0.1579
Y -0.3816 -0.8560  0.3488
Z -0.0139  0.3826  0.9238

PART 65
OFFSET  12.2281 -4.6545 -5.9861
X -0.6663 -0.7411  0.0824
Y  0.7439 -0.6683  0.0047
Z  0.0516  0.0644  0.9966

PART 66
OFFSET  13.3626 -3.3928 -6.1264
X  0.3195 -0.9468  0.0389
Y  0.9472  0.3179 -0.0422
Z  0.0276  0.0503  0.9984

PART 67
OFFSET  12.9198 -2.0806 -6.1803
X  0.8118 -0.5838  0.0124
Y  0.5834  0.8100 -0.0602
Z  0.0251  0.0561  0.9981

PART 68
OFFSET  12.0393 -1.4475 -6.1937
X -0.9971  0.0184  0.0734
Y  0.0110  0.9950 -0.0992
Z -0.0748 -0.0981 -0.9924

PART 69
OFFSET  4.9844 -1.5454 -7.3529
X -0.9566  0.2331 -0.1747
Y  0.2872  0.8553 -0.4312
Z  0.0489 -0.4626 -0.8852

PART 70
OFFSET  11.6070 -4.5786 -3.9010
X -0.9692 -0.2116  0.1263
Y  0.2316 -0.9572  0.1737
Z  0.0841  0.1976  0.9767

PART 71
OFFSET  13.3133 -4.2060 -4.1233
X -0.7946 -0.5697  0.2100
Y  0.6024 -0.7829  0.1554
Z  0.0759  0.2500  0.9653

PART 72
OFFSET  14.2838 -3.4982 -4.3200
X -0.5907 -0.7877  0.1752
Y  0.8063 -0.5849  0.0888
Z  0.0325  0.1937  0.9805

PART 73
OFFSET  14.9510 -2.6085 -4.5179
X -0.5264  0.8389  0.1386
Y  0.7948  0.5434 -0.2701
Z -0.3019 -0.0320 -0.9528

PART 74
OFFSET  11.8819 -4.8992 -4.9219
X -0.7758 -0.6219  0.1063
Y  0.6303 -0.7562  0.1759
