// Export filename: `C:\projects\cod\t5\xanim_export\t5_viewmodels\python\python_sw_d2p_loop.XANIM_EXPORT`
// Source filename: `D:\projects\devanim\t5\animation_assets\viewmodels\python\ViewModel_python_animated.fbx`
// Export time: Fri Aug 06 01:38:48 2010

ANIMATION
VERSION 3

NUMPARTS 81
PART 0 "tag_ads"
PART 1 "tag_torso"
PART 2 "J_Shoulder_LE"
PART 3 "J_Elbow_LE"
PART 4 "J_WristTwist_LE"
PART 5 "J_Sleave_Reshape_Bottom_LE_1"
PART 6 "J_Sleave_Reshape_Bottom_LE_2"
PART 7 "J_Sleave_Reshape_Top_LE_1"
PART 8 "J_Sleave_Reshape_Top_LE_2"
PART 9 "J_Sleave_Reshape_Top_LE_3"
PART 10 "J_Wrist_LE"
PART 11 "J_Thumb_LE_0"
PART 12 "J_Thumb_LE_1"
PART 13 "J_Thumb_LE_2"
PART 14 "J_Thumb_LE_3"
PART 15 "J_PinkyPalm_LE"
PART 16 "J_Pinky_LE_0"
PART 17 "J_Pinky_LE_1"
PART 18 "J_Pinky_LE_2"
PART 19 "J_Pinky_LE_3"
PART 20 "J_RingPalm_LE"
PART 21 "J_Ring_LE_0"
PART 22 "J_Ring_LE_1"
PART 23 "J_Ring_LE_2"
PART 24 "J_Ring_LE_3"
PART 25 "J_Webbing_LE"
PART 26 "J_Index_LE_0"
PART 27 "J_Index_LE_1"
PART 28 "J_Index_LE_2"
PART 29 "J_Index_LE_3"
PART 30 "J_Mid_LE_0"
PART 31 "J_Mid_LE_1"
PART 32 "J_Mid_LE_2"
PART 33 "J_Mid_LE_3"
PART 34 "tag_knife_attach"
PART 35 "tag_weapon"
PART 36 "J_Gun"
PART 37 "TAG_CLIP"
PART 38 "J_Bolt"
PART 39 "tag_speedloader"
PART 40 "tag_spent0"
PART 41 "tag_spent1"
PART 42 "tag_spent2"
PART 43 "tag_spent3"
PART 44 "tag_spent4"
PART 45 "tag_spent5"
PART 46 "tag_bullets"
PART 47 "J_Press_Rear"
PART 48 "J_Shoulder_RI"
PART 49 "J_Elbow_RI"
PART 50 "J_WristTwist_RI"
PART 51 "J_Sleave_Reshape_Top_RI_3"
PART 52 "J_Sleave_Reshape_Top_RI_2"
PART 53 "J_Sleave_Reshape_Top_RI_1"
PART 54 "J_Wrist_RI"
PART 55 "J_Thumb_RI_0"
PART 56 "J_Thumb_RI_1"
PART 57 "J_Thumb_RI_2"
PART 58 "J_Thumb_RI_3"
PART 59 "J_PinkyPalm_RI"
PART 60 "J_Pinky_RI_0"
PART 61 "J_Pinky_RI_1"
PART 62 "J_Pinky_RI_2"
PART 63 "J_Pinky_RI_3"
PART 64 "J_RingPalm_RI"
PART 65 "J_Ring_RI_0"
PART 66 "J_Ring_RI_1"
PART 67 "J_Ring_RI_2"
PART 68 "J_Ring_RI_3"
PART 69 "J_Webbing_RI"
PART 70 "J_Index_RI_0"
PART 71 "J_Index_RI_1"
PART 72 "J_Index_RI_2"
PART 73 "J_Index_RI_3"
PART 74 "J_Mid_RI_0"
PART 75 "J_Mid_RI_1"
PART 76 "J_Mid_RI_2"
PART 77 "J_Mid_RI_3"
PART 78 "tag_cambone"
PART 79 "tag_camera"
PART 80 "tag_gasmask"

FRAMERATE 30
NUMFRAMES 16

FRAME 505
PART 0
OFFSET -4.6318 -0.0000 -1.3770
X  1.0000 -0.0000  0.0000
Y  0.0000  1.0000  0.0000
Z  0.0000 -0.0000  1.0000

PART 1
OFFSET -4.6318 -0.0000 -1.3770
X  1.0000 -0.0000  0.0000
Y  0.0000  1.0000  0.0000
Z  0.0000 -0.0000  1.0000

PART 2
OFFSET -3.2788  11.8019 -9.5729
X  0.8689  0.4386 -0.2295
Y  0.3246 -0.8549 -0.4047
Z -0.3737  0.2772 -0.8852

PART 3
OFFSET  7.2294  17.1061 -12.3487
X  0.9103 -0.2774  0.3074
Y -0.4044 -0.7550  0.5163
Z  0.0889 -0.5942 -0.7994

PART 4
OFFSET  14.9716  14.7470 -9.7344
X  0.9103 -0.2774  0.3074
Y -0.3138 -0.9465  0.0753
Z  0.2700 -0.1650 -0.9486

PART 5
OFFSET  16.5905  15.6897 -9.1335
X  0.9124 -0.2712  0.3065
Y -0.0856  0.6058  0.7910
Z -0.4002 -0.7480  0.5295

PART 6
OFFSET  16.4674  14.9796 -10.6547
X  0.9124 -0.2712  0.3065
Y -0.0856  0.6058  0.7910
Z -0.4002 -0.7480  0.5295

PART 7
OFFSET  16.0513  13.5614 -7.7494
X  0.9124 -0.2712  0.3065
Y -0.0856  0.6058  0.7910
Z -0.4002 -0.7480  0.5295

PART 8
OFFSET  15.9911  12.6388 -8.7276
X  0.9124 -0.2712  0.3065
Y -0.0856  0.6058  0.7910
Z -0.4002 -0.7480  0.5295

PART 9
OFFSET  16.0833  13.1094 -9.8256
X  0.9124 -0.2712  0.3065
Y -0.0856  0.6058  0.7910
Z -0.4002 -0.7480  0.5295

PART 10
OFFSET  17.7622  13.8966 -8.7921
X  0.5852 -0.5563  0.5900
Y -0.6119 -0.7803 -0.1288
Z  0.5320 -0.2857 -0.7971

PART 11
OFFSET  17.6534  12.7760 -8.9783
X  0.0997 -0.9400  0.3262
Y -0.9929 -0.1154 -0.0291
Z  0.0650 -0.3210 -0.9449

PART 12
OFFSET  17.7730  10.7181 -8.3299
X  0.4457 -0.7306  0.5173
Y -0.8117 -0.5735 -0.1106
Z  0.3775 -0.3706 -0.8486

PART 13
OFFSET  18.5833  9.5315 -7.5832
X  0.5519 -0.7694  0.3217
Y -0.8081 -0.5886 -0.0215
Z  0.2059 -0.2481 -0.9466

PART 14
OFFSET  19.1758  8.6781 -7.2791
X  0.1086 -0.5299  0.8411
Y -0.2332  0.8089  0.5397
Z -0.9663 -0.2548 -0.0358

PART 15
OFFSET  19.0202  14.2037 -8.3160
X  0.9189 -0.0952  0.3829
Y  0.3529 -0.2356 -0.9055
Z  0.1764  0.9672 -0.1829

PART 16
OFFSET  21.1024  13.8201 -7.5402
X  0.8598 -0.1249  0.4951
Y  0.3648 -0.5280 -0.7669
Z  0.3572  0.8400 -0.4085

PART 17
OFFSET  22.3197  13.6432 -6.8393
X  0.8913 -0.2492  0.3787
Y  0.2293 -0.4727 -0.8509
Z  0.3911  0.8453 -0.3642

PART 18
OFFSET  23.1100  13.4223 -6.5035
X  0.9135 -0.3073  0.2666
Y  0.0868 -0.4929 -0.8658
Z  0.3974  0.8140 -0.4236

PART 19
OFFSET  23.9779  13.1303 -6.2503
X -0.8107  0.4267  0.4009
Y -0.4721 -0.0715 -0.8787
Z -0.3463 -0.9016  0.2594

PART 20
OFFSET  18.6679  13.6026 -8.1606
X  0.7480 -0.2915  0.5962
Y  0.5463 -0.2397 -0.8026
Z  0.3768  0.9261 -0.0201

PART 21
OFFSET  20.7446  12.7601 -6.8430
X  0.8243 -0.2364  0.5144
Y  0.3467 -0.5076 -0.7888
Z  0.4476  0.8285 -0.3364

PART 22
OFFSET  22.1479  12.3575 -5.9672
X  0.8801 -0.3974  0.2599
Y  0.0898 -0.3982 -0.9129
Z  0.4663  0.8268 -0.3147

PART 23
OFFSET  23.3676  11.8068 -5.6069
X  0.8833 -0.3935  0.2550
Y  0.0865 -0.3977 -0.9134
Z  0.4608  0.8289 -0.3172

PART 24
OFFSET  24.3256  11.3801 -5.3304
X -0.7504  0.5903  0.2973
Y -0.4552 -0.1355 -0.8800
Z -0.4792 -0.7957  0.3704

PART 25
OFFSET  18.8797  10.7896 -7.6051
X  0.8169 -0.4519  0.3584
Y -0.3625  0.0810  0.9284
Z -0.4486 -0.8884 -0.0977

PART 26
OFFSET  19.3831  11.2466 -6.2941
X  0.7818 -0.5205  0.3434
Y  0.2593 -0.2295 -0.9381
Z  0.5671  0.8224 -0.0445

PART 27
OFFSET  20.7595  10.3302 -5.6894
X  0.8359 -0.4903  0.2467
Y  0.2088 -0.1317 -0.9691
Z  0.5076  0.8616 -0.0077

PART 28
OFFSET  21.7449  9.6818 -5.3890
X  0.6843 -0.5253  0.5057
Y  0.4027 -0.3059 -0.8627
Z  0.6079  0.7940  0.0022

PART 29
OFFSET  22.5179  9.0884 -4.8178
X -0.4153  0.6705  0.6148
Y -0.6075  0.2987 -0.7361
Z -0.6772 -0.6791  0.2833

PART 30
OFFSET  20.0801  12.1012 -6.3603
X  0.8158 -0.4821  0.3194
Y  0.2031 -0.2783 -0.9388
Z  0.5415  0.8307 -0.1291

PART 31
OFFSET  21.6738  11.1594 -5.7363
X  0.8519 -0.4763  0.2178
Y  0.1051 -0.2520 -0.9620
Z  0.5131  0.8424 -0.1646

PART 32
OFFSET  22.9181  10.4637 -5.4182
X  0.8624 -0.4448  0.2418
Y  0.1087 -0.3039 -0.9465
Z  0.4945  0.8425 -0.2137

PART 33
OFFSET  23.8982  9.9660 -5.1451
X -0.7622  0.4813  0.4328
Y -0.4338  0.1164 -0.8935
Z -0.4805 -0.8688  0.1200

PART 34
OFFSET  20.4893  12.3736 -8.3378
X  0.3643  0.9270 -0.0891
Y -0.5320  0.2857  0.7971
Z  0.7644 -0.2429  0.5973

PART 35
OFFSET  16.9774 -5.2789 -9.8885
X  0.9124  0.0100 -0.4092
Y -0.2090  0.8709 -0.4448
Z  0.3520  0.4914  0.7967

PART 36
OFFSET  16.9774 -5.2789 -9.8885
X  0.9124  0.0100 -0.4092
Y -0.2090  0.8709 -0.4448
Z  0.3520  0.4914  0.7967

PART 37
OFFSET  20.0532 -4.9455 -11.0202
X  0.9124  0.0100 -0.4092
Y -0.2090  0.8709 -0.4448
Z  0.3520  0.4914  0.7967

PART 38
OFFSET  18.8756 -4.4570 -9.1715
X  0.9124  0.0100 -0.4092
Y -0.2090  0.8709 -0.4448
Z  0.3520  0.4914  0.7967

PART 39
OFFSET -113.5780 -34.0692  4.6160
X  0.9050 -0.0001 -0.4254
Y -0.2090  0.8709 -0.4448
Z  0.3705  0.4915  0.7881

PART 40
OFFSET  18.6318 -4.7646 -9.6583
X  0.9050 -0.0001 -0.4254
Y -0.2090  0.8709 -0.4448
Z  0.3705  0.4915  0.7881

PART 41
OFFSET  18.6339 -4.1479 -9.6571
X  0.9050 -0.0001 -0.4254
Y -0.2090  0.8709 -0.4448
Z  0.3705  0.4915  0.7881

PART 42
OFFSET  18.8700 -3.8308 -9.1615
X  0.9050 -0.0001 -0.4254
Y -0.2090  0.8709 -0.4448
Z  0.3705  0.4915  0.7881

PART 43
OFFSET  19.1000 -4.1501 -8.6759
X  0.9050 -0.0001 -0.4254
Y -0.2090  0.8709 -0.4448
Z  0.3705  0.4915  0.7881

PART 44
OFFSET  19.0974 -4.7698 -8.6784
X  0.9050 -0.0001 -0.4254
Y -0.2090  0.8709 -0.4448
Z  0.3705  0.4915  0.7881

PART 45
OFFSET  18.8640 -5.0740 -9.1684
X  0.9050 -0.0001 -0.4254
Y -0.2090  0.8709 -0.4448
Z  0.3705  0.4915  0.7881

PART 46
OFFSET -111.9013 -34.0693  3.8278
X  0.9050 -0.0001 -0.4254
Y -0.2090  0.8709 -0.4448
Z  0.3705  0.4915  0.7881

PART 47
OFFSET  17.2566 -4.5302 -8.9667
X  0.9124  0.0100 -0.4092
Y -0.2090  0.8709 -0.4448
Z  0.3520  0.4914  0.7967

PART 48
OFFSET -7.0787 -7.0352 -5.8434
X -0.7871  0.4981  0.3639
Y -0.2074 -0.7693  0.6043
Z  0.5809  0.4001  0.7088

PART 49
OFFSET  2.4400 -13.0591 -10.2443
X -0.8439 -0.5138 -0.1543
Y  0.5234 -0.7255 -0.4469
Z  0.1176 -0.4579  0.8812

PART 50
OFFSET  9.6179 -8.6891 -8.9319
X -0.8439 -0.5138 -0.1543
Y  0.4725 -0.5758 -0.6673
Z  0.2540 -0.6360  0.7287

PART 51
OFFSET  10.3099 -6.8895 -9.3883
X -0.8474 -0.5082 -0.1541
Y -0.1228  0.4697 -0.8742
Z  0.5166 -0.7219 -0.4604

PART 52
OFFSET  10.2032 -6.2738 -8.3658
X -0.8474 -0.5082 -0.1541
Y -0.1228  0.4697 -0.8742
Z  0.5166 -0.7219 -0.4604

PART 53
OFFSET  10.5559 -6.9855 -7.2796
X -0.8474 -0.5082 -0.1541
Y -0.1228  0.4697 -0.8742
Z  0.5166 -0.7219 -0.4604

PART 54
OFFSET  12.2051 -7.1139 -8.4589
X -0.9914 -0.0667  0.1127
Y -0.0377 -0.6785 -0.7336
Z  0.1254 -0.7315  0.6702

PART 55
OFFSET  12.6360 -6.1287 -8.0768
X -0.5512 -0.8333  0.0418
Y  0.3924 -0.3031 -0.8684
Z  0.7363 -0.4622  0.4941

PART 56
OFFSET  13.7453 -4.2745 -8.1078
X -0.7874 -0.0190  0.6162
Y -0.2751 -0.8837 -0.3787
Z  0.5517 -0.4677  0.6905

PART 57
OFFSET  14.9381 -4.2442 -9.2025
X -0.5840  0.1771  0.7922
Y -0.5114 -0.8382 -0.1896
Z  0.6305 -0.5159  0.5800

PART 58
OFFSET  15.5495 -4.3978 -10.0826
X -0.9414  0.2894  0.1732
Y  0.0113  0.5404 -0.8413
Z -0.3370 -0.7901 -0.5121

PART 59
OFFSET  12.9783 -7.6362 -9.4752
X -0.8158  0.0691  0.5742
Y  0.3488 -0.7331  0.5838
Z  0.4613  0.6766  0.5740

PART 60
OFFSET  14.8356 -7.6030 -10.7534
X -0.1038 -0.7807  0.6162
Y  0.7977 -0.4354 -0.4173
Z  0.5941  0.4482  0.6680

PART 61
OFFSET  14.9826 -6.4976 -11.6258
X  0.6028 -0.7978 -0.0121
Y  0.5598  0.4337 -0.7060
Z  0.5685  0.4188  0.7081

PART 62
OFFSET  14.4482 -5.7903 -11.6150
X  0.7787 -0.1389 -0.6118
Y -0.1862  0.8801 -0.4367
Z  0.5991  0.4540  0.6595

PART 63
OFFSET  13.7083 -5.6583 -11.0338
X -0.5654 -0.5119  0.6467
Y -0.5659  0.8112  0.1473
Z -0.6000 -0.2827 -0.7483

PART 64
OFFSET  13.2389 -7.2727 -8.9189
X -0.9109  0.0015  0.4127
Y  0.2885 -0.7128  0.6393
Z  0.2951  0.7014  0.6488

PART 65
OFFSET  15.5655 -7.3966 -10.0723
X -0.0914 -0.7028  0.7055
Y  0.7933 -0.4797 -0.3750
Z  0.6020  0.5253  0.6014

PART 66
OFFSET  15.7211 -6.2000 -11.2734
X  0.7261 -0.6734 -0.1390
Y  0.3485  0.5347 -0.7698
Z  0.5927  0.5105  0.6230

PART 67
OFFSET  14.7148 -5.2668 -11.0807
X  0.7239  0.0097 -0.6899
Y -0.3609  0.8575 -0.3667
Z  0.5880  0.5145  0.6242

PART 68
OFFSET  13.9297 -5.2773 -10.3326
X -0.3580 -0.4724  0.8054
Y -0.7355  0.6740  0.0685
Z -0.5752 -0.5679 -0.5888

PART 69
OFFSET  8.1782 -7.2099 -7.0103
X -0.8906 -0.1349  0.4343
Y -0.4094  0.6535 -0.6366
Z -0.1979 -0.7448 -0.6373

PART 70
OFFSET  16.1432 -6.6141 -8.0957
X -0.6069 -0.1769  0.7748
Y  0.5948 -0.7477  0.2952
Z  0.5271  0.6400  0.5591

PART 71
OFFSET  17.2118 -6.3026 -9.4599
X -0.5218 -0.2618  0.8119
Y  0.6933 -0.6847  0.2249
Z  0.4970  0.6802  0.5388

PART 72
OFFSET  17.8764 -5.9430 -10.4141
X -0.1681 -0.6007  0.7816
Y  0.8647 -0.4706 -0.1757
Z  0.4734  0.6463  0.5985

PART 73
OFFSET  18.0663 -5.2645 -11.2970
X -0.5927  0.8022  0.0725
Y  0.3541  0.3404 -0.8711
Z -0.7234 -0.4906 -0.4858

PART 74
OFFSET  15.9740 -7.2261 -8.9997
X -0.2032 -0.6333  0.7468
Y  0.8773 -0.4564 -0.1483
Z  0.4348  0.6250  0.6483

PART 75
OFFSET  16.3709 -5.9889 -10.4586
X  0.7368 -0.6612  0.1414
Y  0.4978  0.3890 -0.7751
Z  0.4575  0.6415  0.6158

PART 76
OFFSET  15.2947 -5.0232 -10.6652
X  0.7926 -0.0292 -0.6091
Y -0.3965  0.7341 -0.5512
Z  0.4632  0.6784  0.5703

PART 77
OFFSET  14.3935 -4.9945 -9.9797
X -0.3841 -0.4899  0.7826
Y -0.7768  0.6296  0.0128
Z -0.4990 -0.6030 -0.6224

PART 78
OFFSET  0.0000 -0.0000 -0.0000
X  1.0000 -0.0000  0.0000
Y  0.0000  1.0000  0.0000
Z  0.0000 -0.0000  1.0000

PART 79
OFFSET -0.0000 -0.0000 -0.0000
X  0.9986 -0.0000 -0.0523
Y  0.0046  0.9962  0.0870
Z  0.0521 -0.0872  0.9948

PART 80
OFFSET  1.7540 -0.3605  4.0337
X  0.9986 -0.0000 -0.0523
Y  0.0046  0.9962  0.0870
Z  0.0521 -0.0872  0.9948


FRAME 506
PART 0
OFFSET -4.6318 -0.0000 -1.3770
X  1.0000 -0.0000  0.0000
Y  0.0000  1.0000  0.0000
Z  0.0000 -0.0000  1.0000

PART 1
OFFSET -4.6318 -0.0000 -1.3770
X  1.0000 -0.0000  0.0000
Y  0.0000  1.0000  0.0000
Z  0.0000 -0.0000  1.0000

PART 2
OFFSET -3.2056  12.7134 -9.3366
X  0.9238  0.3410 -0.1739
Y  0.2727 -0.9052 -0.3260
Z -0.2686  0.2538 -0.9292

PART 3
OFFSET  7.9672  16.8373 -11.4399
X  0.8763 -0.3029  0.3746
Y -0.4717 -0.6975  0.5395
Z  0.0978 -0.6494 -0.7541

PART 4
OFFSET  15.4206  14.2606 -8.2540
X  0.8763 -0.3029  0.3746
Y -0.3458 -0.9369  0.0512
Z  0.3354 -0.1744 -0.9258

PART 5
OFFSET  17.0551  15.1565 -7.6243
X  0.8788 -0.2970  0.3734
Y -0.0935  0.6602  0.7452
Z -0.4679 -0.6898  0.5525

PART 6
OFFSET  16.9730  14.3548 -9.1022
X  0.8788 -0.2970  0.3734
Y -0.0935  0.6602  0.7452
Z -0.4679 -0.6898  0.5525

PART 7
OFFSET  16.3281  13.1546 -6.1410
X  0.8788 -0.2970  0.3734
Y -0.0935  0.6602  0.7452
Z -0.4679 -0.6898  0.5525

PART 8
OFFSET  16.2686  12.1739 -7.0609
X  0.8788 -0.2970  0.3734
Y -0.0935  0.6602  0.7452
Z -0.4679 -0.6898  0.5525

PART 9
OFFSET  16.4440  12.5657 -8.1795
X  0.8788 -0.2970  0.3734
Y -0.0935  0.6602  0.7452
Z -0.4679 -0.6898  0.5525

PART 10
OFFSET  18.1071  13.3319 -7.1057
X  0.4327 -0.6571  0.6173
Y -0.6778 -0.6886 -0.2578
Z  0.5944 -0.3069 -0.7433

PART 11
OFFSET  17.8917  12.2459 -7.3820
X -0.0560 -0.9614  0.2693
Y -0.9871  0.0128 -0.1595
Z  0.1499 -0.2748 -0.9497

PART 12
OFFSET  17.6808  10.1572 -6.8696
X  0.2844 -0.8081  0.5159
Y -0.8523 -0.4595 -0.2499
Z  0.4389 -0.3686 -0.8194

PART 13
OFFSET  18.2398  8.8388 -6.1136
X  0.4099 -0.8493  0.3326
Y -0.8623 -0.4797 -0.1624
Z  0.2975 -0.2202 -0.9290

PART 14
OFFSET  18.6820  7.9020 -5.7992
X -0.0662 -0.5843  0.8088
Y -0.2046  0.8013  0.5622
Z -0.9766 -0.1282 -0.1726

PART 15
OFFSET  19.3192  13.4512 -6.4575
X  0.8429 -0.2312  0.4858
Y  0.4382 -0.2288 -0.8693
Z  0.3121  0.9456 -0.0915

PART 16
OFFSET  21.2214  12.7658 -5.4593
X  0.7666 -0.2593  0.5874
Y  0.3971 -0.5274 -0.7511
Z  0.5046  0.8090 -0.3013

PART 17
OFFSET  22.3067  12.3987 -4.6276
X  0.7981 -0.3801  0.4674
Y  0.2813 -0.4509 -0.8471
Z  0.5328  0.8076 -0.2529

PART 18
OFFSET  23.0144  12.0616 -4.2132
X  0.8278 -0.4343  0.3551
Y  0.1407 -0.4521 -0.8808
Z  0.5431  0.7791 -0.3131

PART 19
OFFSET  23.8008  11.6490 -3.8758
X -0.8000  0.5033  0.3266
Y -0.3579  0.0367 -0.9331
Z -0.4816 -0.8633  0.1508

PART 20
OFFSET  18.8809  12.8919 -6.3893
X  0.6235 -0.4157  0.6621
Y  0.6146 -0.2628 -0.7438
Z  0.4832  0.8707  0.0916

PART 21
OFFSET  20.6523  11.7232 -4.8877
X  0.7158 -0.3664  0.5944
Y  0.3846 -0.5037 -0.7736
Z  0.5828  0.7824 -0.2197

PART 22
OFFSET  21.8710  11.0994 -3.8757
X  0.7851 -0.5190  0.3381
Y  0.1610 -0.3561 -0.9205
Z  0.5981  0.7771 -0.1960

PART 23
OFFSET  22.9590  10.3802 -3.4071
X  0.7893 -0.5152  0.3339
Y  0.1579 -0.3551 -0.9214
Z  0.5933  0.7800 -0.1990

PART 24
OFFSET  23.8151  9.8214 -3.0450
X -0.7077  0.6634  0.2430
Y -0.3487 -0.0288 -0.9368
Z -0.6145 -0.7477  0.2517

PART 25
OFFSET  18.6834  10.0486 -6.0105
X  0.7035 -0.5704  0.4239
Y -0.4690  0.0755  0.8799
Z -0.5339 -0.8179 -0.2144

PART 26
OFFSET  19.0611  10.3663 -4.6186
X  0.6628 -0.6330  0.4000
Y  0.3511 -0.2091 -0.9127
Z  0.6614  0.7453  0.0837

PART 27
OFFSET  20.2280  9.2518 -3.9144
X  0.7323 -0.6047  0.3131
Y  0.3170 -0.1041 -0.9427
Z  0.6026  0.7896  0.1155

PART 28
OFFSET  21.0817  8.4687 -3.5408
X  0.5678 -0.6488  0.5067
Y  0.4457 -0.2752 -0.8518
Z  0.6921  0.7095  0.1329

PART 29
OFFSET  21.7230  7.7359 -2.9684
X -0.3925  0.6592  0.6414
Y -0.4957  0.4358 -0.7512
Z -0.7747 -0.6128  0.1557

PART 30
OFFSET  19.8569  11.1284 -4.5381
X  0.7040 -0.5980  0.3831
Y  0.2901 -0.2503 -0.9237
Z  0.6483  0.7614 -0.0027

PART 31
OFFSET  21.2322  9.9601 -3.7897
X  0.7535 -0.5913  0.2874
Y  0.1998 -0.2106 -0.9569
Z  0.6264  0.7785 -0.0405

PART 32
OFFSET  22.3328  9.0964 -3.3699
X  0.7644 -0.5628  0.3147
Y  0.1951 -0.2633 -0.9448
Z  0.6145  0.7836 -0.0914

PART 33
OFFSET  23.2027  8.4648 -3.0135
X -0.7500  0.5496  0.3680
Y -0.2959  0.2187 -0.9298
Z -0.5915 -0.8063 -0.0014

PART 34
OFFSET  20.5514  11.4539 -6.4260
X  0.4800  0.8770  0.0218
Y -0.5944  0.3069  0.7433
Z  0.6452 -0.3697  0.6686

PART 35
OFFSET  18.3395 -4.9339 -8.2639
X  0.9535  0.0083 -0.3013
Y -0.1558  0.8694 -0.4688
Z  0.2581  0.4940  0.8303

PART 36
OFFSET  18.3395 -4.9339 -8.2639
X  0.9535  0.0083 -0.3013
Y -0.1558  0.8694 -0.4688
Z  0.2581  0.4940  0.8303

PART 37
OFFSET  21.5255 -4.6052 -9.0345
X  0.9535  0.0083 -0.3013
Y -0.1558  0.8694 -0.4688
Z  0.2581  0.4940  0.8303

PART 38
OFFSET  20.1429 -4.1102 -7.3356
X  0.9535  0.0083 -0.3013
Y -0.1558  0.8694 -0.4688
Z  0.2581  0.4940  0.8303

PART 39
OFFSET -113.0370 -33.6372 -8.8149
X  0.9480 -0.0018 -0.3182
Y -0.1558  0.8694 -0.4688
Z  0.2775  0.4940  0.8240

PART 40
OFFSET  19.9566 -4.4193 -7.8463
X  0.9480 -0.0018 -0.3182
Y -0.1558  0.8694 -0.4688
Z  0.2775  0.4940  0.8240

PART 41
OFFSET  19.9590 -3.8026 -7.8469
X  0.9480 -0.0018 -0.3182
Y -0.1558  0.8694 -0.4688
Z  0.2775  0.4940  0.8240

PART 42
OFFSET  20.1366 -3.4839 -7.3284
X  0.9480 -0.0018 -0.3182
Y -0.1558  0.8694 -0.4688
Z  0.2775  0.4940  0.8240

PART 43
OFFSET  20.3088 -3.8016 -6.8185
X  0.9480 -0.0018 -0.3182
Y -0.1558  0.8694 -0.4688
Z  0.2775  0.4940  0.8240

PART 44
OFFSET  20.3062 -4.4213 -6.8192
X  0.9480 -0.0018 -0.3182
Y -0.1558  0.8694 -0.4688
Z  0.2775  0.4940  0.8240

PART 45
OFFSET  20.1306 -4.7271 -7.3318
X  0.9480 -0.0018 -0.3182
Y -0.1558  0.8694 -0.4688
Z  0.2775  0.4940  0.8240

PART 46
OFFSET -111.2806 -33.6404 -9.4045
X  0.9480 -0.0018 -0.3182
Y -0.1558  0.8694 -0.4688
Z  0.2775  0.4940  0.8240

PART 47
OFFSET  18.5110 -4.1822 -7.3186
X  0.9535  0.0083 -0.3013
Y -0.1558  0.8694 -0.4688
Z  0.2581  0.4940  0.8303

PART 48
OFFSET -7.0781 -7.0230 -5.7030
X -0.8605  0.4204  0.2879
Y -0.1888 -0.7879  0.5862
Z  0.4732  0.4500  0.7573

PART 49
OFFSET  3.3283 -12.1066 -9.1851
X -0.8733 -0.4618 -0.1553
Y  0.4808 -0.7652 -0.4280
Z  0.0788 -0.4484  0.8903

PART 50
OFFSET  10.7558 -8.1785 -7.8642
X -0.8733 -0.4618 -0.1553
Y  0.4438 -0.6225 -0.6446
Z  0.2010 -0.6319  0.7486

PART 51
OFFSET  11.5658 -6.4351 -8.3435
X -0.8763 -0.4560 -0.1552
Y -0.0833  0.4607 -0.8836
Z  0.4745 -0.7614 -0.4417

PART 52
OFFSET  11.4877 -5.7955 -7.3332
X -0.8763 -0.4560 -0.1552
Y -0.0833  0.4607 -0.8836
Z  0.4745 -0.7614 -0.4417

PART 53
OFFSET  11.7828 -6.5085 -6.2307
X -0.8763 -0.4560 -0.1552
Y -0.0833  0.4607 -0.8836
Z  0.4745 -0.7614 -0.4417

PART 54
OFFSET  13.4330 -6.7627 -7.3881
X -0.9978 -0.0660 -0.0021
Y  0.0466 -0.6810 -0.7308
Z  0.0468 -0.7293  0.6826

PART 55
OFFSET  13.8176 -5.7764 -6.9622
X -0.5529 -0.8330 -0.0193
Y  0.4898 -0.3062 -0.8163
Z  0.6741 -0.4608  0.5773

PART 56
OFFSET  14.9243 -3.9225 -6.8712
X -0.8532 -0.0166  0.5214
Y -0.2302 -0.8849 -0.4050
Z  0.4681 -0.4655  0.7511

PART 57
OFFSET  16.2354 -3.8963 -7.8212
X -0.6713  0.1799  0.7190
Y -0.4867 -0.8387 -0.2445
Z  0.5590 -0.5141  0.6506

PART 58
OFFSET  16.9440 -4.0531 -8.6243
X -0.9549  0.2902  0.0625
Y  0.1086  0.5376 -0.8362
Z -0.2763 -0.7917 -0.5449

PART 59
OFFSET  14.3178 -7.2886 -8.3067
X -0.8765  0.0713  0.4761
Y  0.2787 -0.7312  0.6226
Z  0.3925  0.6784  0.6211

PART 60
OFFSET  16.3102 -7.2603 -9.3623
X -0.1747 -0.7786  0.6027
Y  0.8402 -0.4371 -0.3211
Z  0.5134  0.4503  0.7305

PART 61
OFFSET  16.5575 -6.1580 -10.2156
X  0.5996 -0.7980  0.0601
Y  0.6378  0.4312 -0.6382
Z  0.4834  0.4210  0.7675

PART 62
OFFSET  16.0259 -5.4504 -10.2689
X  0.8440 -0.1412 -0.5175
Y -0.1340  0.8787 -0.4582
Z  0.5194  0.4561  0.7227

PART 63
OFFSET  15.2240 -5.3163 -9.7773
X -0.6365 -0.5096  0.5789
Y -0.5786  0.8118  0.0784
Z -0.5099 -0.2851 -0.8116

PART 64
OFFSET  14.5128 -6.9234 -7.7252
X -0.9524  0.0032  0.3049
Y  0.2124 -0.7107  0.6707
Z  0.2188  0.7035  0.6762

PART 65
OFFSET  16.9567 -7.0518 -8.6023
X -0.1727 -0.7004  0.6926
Y  0.8309 -0.4812 -0.2795
Z  0.5290  0.5272  0.6650

PART 66
OFFSET  17.2507 -5.8594 -9.7814
X  0.7368 -0.6741 -0.0521
Y  0.4353  0.5320 -0.7262
Z  0.5173  0.5124  0.6855

PART 67
OFFSET  16.2295 -4.9252 -9.7092
X  0.7986  0.0071 -0.6018
Y -0.3157  0.8563 -0.4087
Z  0.5124  0.5164  0.6861

PART 68
OFFSET  15.3633 -4.9329 -9.0565
X -0.4488 -0.4696  0.7603
Y -0.7380  0.6745 -0.0191
Z -0.5039 -0.5697 -0.6493

PART 69
OFFSET  9.2658 -6.8526 -6.4132
X -0.9348 -0.1332  0.3291
Y -0.3329  0.6514 -0.6818
Z -0.1236 -0.7469 -0.6533

PART 70
OFFSET  17.3032 -6.2627 -6.5749
X -0.6924 -0.1741  0.7002
Y  0.5563 -0.7469  0.3643
Z  0.4596  0.6417  0.6140

PART 71
OFFSET  18.5222 -5.9562 -7.8077
X -0.6122 -0.2589  0.7472
Y  0.6623 -0.6841  0.3056
Z  0.4320  0.6819  0.5902

PART 72
OFFSET  19.2926 -5.6001 -8.6802
X -0.2575 -0.5980  0.7590
Y  0.8788 -0.4715 -0.0732
Z  0.4017  0.6482  0.6470

PART 73
OFFSET  19.5835 -4.9246 -9.5375
X -0.5965  0.8026  0.0010
Y  0.4524  0.3373 -0.8255
Z -0.6629 -0.4920 -0.5643

PART 74
OFFSET  17.2390 -6.8778 -7.4903
X -0.2883 -0.6307  0.7205
Y  0.8883 -0.4571 -0.0447
Z  0.3575  0.6271  0.6920

PART 75
OFFSET  17.8023 -5.6457 -8.8978
X  0.7151 -0.6609  0.2276
Y  0.5841  0.3862 -0.7139
Z  0.3839  0.6435  0.6623

PART 76
OFFSET  16.7578 -4.6804 -9.2303
X  0.8575 -0.0315 -0.5135
Y -0.3298  0.7324 -0.5957
Z  0.3948  0.6802  0.6177

PART 77
OFFSET  15.7835 -4.6490 -8.6535
X -0.4721 -0.4871  0.7347
Y -0.7727  0.6298 -0.0789
Z -0.4243 -0.6050 -0.6738

PART 78
OFFSET  0.0000 -0.0000 -0.0000
X  1.0000 -0.0000  0.0000
Y  0.0000  1.0000  0.0000
Z  0.0000 -0.0000  1.0000

PART 79
OFFSET -0.0000 -0.0000 -0.0000
X  0.9987 -0.0000 -0.0501
Y  0.0043  0.9963  0.0859
Z  0.0499 -0.0860  0.9950

PART 80
OFFSET  1.7449 -0.3558  4.0381
X  0.9987 -0.0000 -0.0501
Y  0.0043  0.9963  0.0859
Z  0.0499 -0.0860  0.9950


FRAME 507
PART 0
OFFSET -4.6318 -0.0000 -1.3770
X  1.0000 -0.0000  0.0000
Y  0.0000  1.0000  0.0000
Z  0.0000 -0.0000  1.0000

PART 1
OFFSET -4.6318 -0.0000 -1.3770
X  1.0000 -0.0000  0.0000
Y  0.0000  1.0000  0.0000
Z  0.0000 -0.0000  1.0000

PART 2
OFFSET -3.5235  13.5555 -8.5687
X  0.9489  0.2683 -0.1658
Y  0.2084 -0.9280 -0.3089
Z -0.2368  0.2585 -0.9365

PART 3
OFFSET  7.9531  16.8006 -10.5741
X  0.8020 -0.4118  0.4327
Y -0.5944 -0.6213  0.5105
Z  0.0587 -0.6666 -0.7431

PART 4
OFFSET  14.7744  13.2984 -6.8936
X  0.8020 -0.4118  0.4327
Y -0.4538 -0.8911 -0.0068
Z  0.3884 -0.1909 -0.9015

PART 5
OFFSET  16.4698  13.9772 -6.1619
X  0.8054 -0.4062  0.4317
Y -0.0524  0.6766  0.7344
Z -0.5905 -0.6141  0.5237

PART 6
OFFSET  16.3769  13.1741 -7.6384
X  0.8054 -0.4062  0.4317
Y -0.0524  0.6766  0.7344
Z -0.5905 -0.6141  0.5237

PART 7
OFFSET  15.3878  12.1096 -4.7205
X  0.8054 -0.4062  0.4317
Y -0.0524  0.6766  0.7344
Z -0.5905 -0.6141  0.5237

PART 8
OFFSET  15.2574  11.1334 -5.6379
X  0.8054 -0.4062  0.4317
Y -0.0524  0.6766  0.7344
Z -0.5905 -0.6141  0.5237

PART 9
OFFSET  15.5553  11.4835 -6.7444
X  0.8054 -0.4062  0.4317
Y -0.0524  0.6766  0.7344
Z -0.5905 -0.6141  0.5237

PART 10
OFFSET  17.2330  12.0360 -5.5670
X  0.2935 -0.7485  0.5947
Y -0.7483 -0.5670 -0.3443
Z  0.5949 -0.3440 -0.7265

PART 11
OFFSET  16.8871  11.0110 -5.9300
X -0.2081 -0.9578  0.1983
Y -0.9624  0.1644 -0.2161
Z  0.1744 -0.2358 -0.9560

PART 12
OFFSET  16.3517  8.9474 -5.5769
X  0.1327 -0.8702  0.4745
Y -0.8892 -0.3160 -0.3308
Z  0.4378 -0.3780 -0.8157

PART 13
OFFSET  16.6680  7.5192 -4.8824
X  0.2634 -0.9180  0.2965
Y -0.9078 -0.3399 -0.2457
Z  0.3263 -0.2045 -0.9229

PART 14
OFFSET  16.9524  6.5113 -4.6082
X -0.2022 -0.6163  0.7611
Y -0.1283  0.7871  0.6033
Z -0.9709  0.0244 -0.2382

PART 15
OFFSET  18.4029  11.9402 -4.8420
X  0.7672 -0.3791  0.5174
Y  0.4601 -0.2368 -0.8557
Z  0.4469  0.8946 -0.0073

PART 16
OFFSET  20.1181  10.9292 -3.7834
X  0.6810 -0.4019  0.6122
Y  0.3697 -0.5330 -0.7611
Z  0.6322  0.7446 -0.2144

PART 17
OFFSET  21.0822  10.3602 -2.9167
X  0.7034 -0.5186  0.4861
Y  0.2725 -0.4349 -0.8583
Z  0.6565  0.7362 -0.1646

PART 18
OFFSET  21.7059  9.9004 -2.4857
X  0.7328 -0.5696  0.3723
Y  0.1357 -0.4138 -0.9002
Z  0.6668  0.7102 -0.2259

PART 19
OFFSET  22.4020  9.3593 -2.1320
X -0.7421  0.5927  0.3130
Y -0.2848  0.1439 -0.9477
Z -0.6068 -0.7924  0.0620

PART 20
OFFSET  17.8871  11.4469 -4.8385
X  0.5127 -0.5402  0.6673
Y  0.6210 -0.3033 -0.7227
Z  0.5929  0.7849  0.1800

PART 21
OFFSET  19.3711  9.9470 -3.3199
X  0.6154 -0.5008  0.6087
Y  0.3621 -0.5063 -0.7826
Z  0.7001  0.7020 -0.1303

PART 22
OFFSET  20.4188  9.0944 -2.2835
X  0.6799 -0.6460  0.3470
Y  0.1719 -0.3196 -0.9318
Z  0.7129  0.6932 -0.1062

PART 23
OFFSET  21.3611  8.1991 -1.8026
X  0.6849 -0.6427  0.3433
Y  0.1690 -0.3181 -0.9329
Z  0.7088  0.6970 -0.1092

PART 24
OFFSET  22.1039  7.5020 -1.4304
X -0.6228  0.7426  0.2463
Y -0.2847  0.0781 -0.9554
Z -0.7287 -0.6652  0.1627

PART 25
OFFSET  17.2684  8.6441 -4.6699
X  0.5863 -0.6902  0.4241
Y -0.5127  0.0892  0.8539
Z -0.6273 -0.7181 -0.3016

PART 26
OFFSET  17.5912  8.8197 -3.2395
X  0.5389 -0.7448  0.3935
Y  0.3797 -0.2022 -0.9027
Z  0.7519  0.6359  0.1739

PART 27
OFFSET  18.5400  7.5084 -2.5467
X  0.6175 -0.7216  0.3130
Y  0.3628 -0.0918 -0.9273
Z  0.6979  0.6862  0.2051

PART 28
OFFSET  19.2483  6.5895 -2.1786
X  0.4830 -0.7796  0.3988
Y  0.4097 -0.2013 -0.8897
Z  0.7739  0.5931  0.2222

PART 29
OFFSET  19.7938  5.7089 -1.7282
X -0.3094  0.6023  0.7359
Y -0.4373  0.5970 -0.6725
Z -0.8444 -0.5299  0.0787

PART 30
OFFSET  18.4784  9.4529 -3.0597
X  0.5857 -0.7151  0.3815
Y  0.3144 -0.2334 -0.9201
Z  0.7471  0.6589  0.0882

PART 31
OFFSET  19.6226  8.0559 -2.3144
X  0.6420 -0.7099  0.2896
Y  0.2330 -0.1792 -0.9558
Z  0.7304  0.6811  0.0504

PART 32
OFFSET  20.5603  7.0190 -1.8914
X  0.6549 -0.6849  0.3194
Y  0.2202 -0.2313 -0.9476
Z  0.7229  0.6910 -0.0006

PART 33
OFFSET  21.3071  6.2484 -1.5290
X -0.6891  0.6287  0.3604
Y -0.1984  0.3146 -0.9282
Z -0.6970 -0.7111 -0.0921

PART 34
OFFSET  19.3385  9.7881 -4.8763
X  0.5953  0.7958  0.1107
Y -0.5949  0.3440  0.7265
Z  0.5401 -0.4984  0.6782

PART 35
OFFSET  19.2179 -4.5315 -6.7106
X  0.9791  0.0081 -0.2033
Y -0.1067  0.8713 -0.4791
Z  0.1732  0.4907  0.8539

PART 36
OFFSET  19.2179 -4.5315 -6.7106
X  0.9791  0.0081 -0.2033
Y -0.1067  0.8713 -0.4791
Z  0.1732  0.4907  0.8539

PART 37
OFFSET  22.4658 -4.2043 -7.1538
X  0.9791  0.0081 -0.2033
Y -0.1067  0.8713 -0.4791
Z  0.1732  0.4907  0.8539

PART 38
OFFSET  20.9189 -3.7134 -5.6016
X  0.9791  0.0081 -0.2033
Y -0.1067  0.8713 -0.4791
Z  0.1732  0.4907  0.8539

PART 39
OFFSET -111.4567 -33.0588 -20.6504
X  0.9753 -0.0019 -0.2207
Y -0.1067  0.8713 -0.4791
Z  0.1932  0.4908  0.8496

PART 40
OFFSET  20.7850 -4.0205 -6.1297
X  0.9753 -0.0019 -0.2207
Y -0.1067  0.8713 -0.4791
Z  0.1932  0.4908  0.8496

PART 41
OFFSET  20.7880 -3.4038 -6.1278
X  0.9753 -0.0019 -0.2207
Y -0.1067  0.8713 -0.4791
Z  0.1932  0.4908  0.8496

PART 42
OFFSET  20.9125 -3.0871 -5.5929
X  0.9753 -0.0019 -0.2207
Y -0.1067  0.8713 -0.4791
Z  0.1932  0.4908  0.8496

PART 43
OFFSET  21.0320 -3.4069 -5.0693
X  0.9753 -0.0019 -0.2207
Y -0.1067  0.8713 -0.4791
Z  0.1932  0.4908  0.8496

PART 44
OFFSET  21.0288 -4.0265 -5.0725
X  0.9753 -0.0019 -0.2207
Y -0.1067  0.8713 -0.4791
Z  0.1932  0.4908  0.8496

PART 45
OFFSET  20.9057 -4.3303 -5.6014
X  0.9753 -0.0019 -0.2207
Y -0.1067  0.8713 -0.4791
Z  0.1932  0.4908  0.8496

PART 46
OFFSET -109.6497 -33.0623 -21.0593
X  0.9753 -0.0019 -0.2207
Y -0.1067  0.8713 -0.4791
Z  0.1932  0.4908  0.8496

PART 47
OFFSET  19.2936 -3.7833 -5.7501
X  0.9791  0.0081 -0.2033
Y -0.1067  0.8713 -0.4791
Z  0.1732  0.4907  0.8539

PART 48
OFFSET -7.0763 -6.9897 -5.3220
X -0.9074  0.3482  0.2354
Y -0.1641 -0.8092  0.5642
Z  0.3869  0.4733  0.7914

PART 49
OFFSET  3.8976 -11.2005 -8.1688
X -0.8943 -0.4186 -0.1579
Y  0.4439 -0.7860 -0.4303
Z  0.0560 -0.4549  0.8888

PART 50
OFFSET  11.5044 -7.6401 -6.8261
X -0.8943 -0.4186 -0.1579
Y  0.4171 -0.6524 -0.6328
Z  0.1619 -0.6318  0.7580

PART 51
OFFSET  12.3982 -5.9361 -7.2983
X -0.8971 -0.4127 -0.1577
Y -0.0599  0.4673 -0.8821
Z  0.4377 -0.7819 -0.4439

PART 52
OFFSET  12.3498 -5.2971 -6.2858
X -0.8971 -0.4127 -0.1577
Y -0.0599  0.4673 -0.8821
Z  0.4377 -0.7819 -0.4439

PART 53
OFFSET  12.6088 -6.0274 -5.1856
X -0.8971 -0.4127 -0.1577
Y -0.0599  0.4673 -0.8821
Z  0.4377 -0.7819 -0.4439

PART 54
OFFSET  14.2461 -6.3568 -6.3421
X -0.9925 -0.0647 -0.1033
Y  0.1197 -0.6785 -0.7248
Z -0.0232 -0.7317  0.6812

PART 55
OFFSET  14.5867 -5.3725 -5.8759
X -0.5489 -0.8322 -0.0781
Y  0.5695 -0.3040 -0.7637
Z  0.6118 -0.4637  0.6408

PART 56
OFFSET  15.6803 -3.5204 -5.6668
X -0.9015 -0.0173  0.4323
Y -0.1889 -0.8832 -0.4293
Z  0.3893 -0.4688  0.7929

PART 57
OFFSET  17.0808 -3.4926 -6.4792
X -0.7404  0.1783  0.6481
Y -0.4603 -0.8372 -0.2955
Z  0.4899 -0.5171  0.7019

PART 58
OFFSET  17.8669 -3.6476 -7.2071
X -0.9561  0.2913 -0.0334
Y  0.1932  0.5403 -0.8190
Z -0.2205 -0.7894 -0.5729

PART 59
OFFSET  15.2189 -6.8807 -7.1684
X -0.9201  0.0708  0.3852
Y  0.2136 -0.7338  0.6450
Z  0.3283  0.6757  0.6600

PART 60
OFFSET  17.3078 -6.8513 -8.0169
X -0.2355 -0.7805  0.5792
Y  0.8679 -0.4371 -0.2360
Z  0.4373  0.4471  0.7803

PART 61
OFFSET  17.6413 -5.7464 -8.8369
X  0.5897 -0.7990  0.1176
Y  0.6995  0.4325 -0.5689
Z  0.4036  0.4177  0.8140

PART 62
OFFSET  17.1184 -5.0380 -8.9411
X  0.8919 -0.1405 -0.4300
Y -0.0861  0.8804 -0.4663
Z  0.4441  0.4529  0.7731

PART 63
OFFSET  16.2711 -4.9045 -8.5327
X -0.6923 -0.5107  0.5097
Y -0.5828  0.8123  0.0224
Z -0.4255 -0.2816 -0.8600

PART 64
OFFSET  15.3544 -6.5177 -6.5689
X -0.9783  0.0034  0.2070
Y  0.1428 -0.7133  0.6862
Z  0.1500  0.7009  0.6974

PART 65
OFFSET  17.8744 -6.6463 -7.1947
X -0.2425 -0.7026  0.6690
Y  0.8544 -0.4813 -0.1957
Z  0.4595  0.5242  0.7170

PART 66
OFFSET  18.2872 -5.4502 -8.3337
X  0.7377 -0.6749  0.0203
Y  0.5071  0.5340 -0.6766
Z  0.4458  0.5094  0.7361

PART 67
OFFSET  17.2649 -4.5149 -8.3618
X  0.8554  0.0082 -0.5179
Y -0.2719  0.8582 -0.4355
Z  0.4409  0.5133  0.7363

PART 68
OFFSET  16.3372 -4.5238 -7.8001
X -0.5238 -0.4717  0.7093
Y -0.7317  0.6755 -0.0912
Z -0.4362 -0.5668 -0.6990

PART 69
OFFSET  10.0016 -6.4446 -5.7940
X -0.9635 -0.1331  0.2324
Y -0.2616  0.6542 -0.7096
Z -0.0576 -0.7445 -0.6652

PART 70
OFFSET  18.0148 -5.8648 -5.1398
X -0.7598 -0.1756  0.6260
Y  0.5159 -0.7489  0.4160
Z  0.3957  0.6390  0.6596

PART 71
OFFSET  19.3525 -5.5556 -6.2420
X -0.6848 -0.2607  0.6805
Y  0.6273 -0.6860  0.3685
Z  0.3708  0.6793  0.6334

PART 72
OFFSET  20.2076 -5.1974 -7.0307
X -0.3336 -0.6003  0.7269
Y  0.8813 -0.4724  0.0143
Z  0.3348  0.6454  0.6866

PART 73
OFFSET  20.5844 -4.5194 -7.8518
X -0.5928  0.8034 -0.0564
Y  0.5339  0.3396 -0.7743
Z -0.6029 -0.4892 -0.6303

PART 74
OFFSET  18.0429 -6.4766 -6.0593
X -0.3604 -0.6328  0.6854
Y  0.8878 -0.4582  0.0438
Z  0.2863  0.6242  0.7269

PART 75
OFFSET  18.7469 -5.2404 -7.3982
X  0.6878 -0.6626  0.2964
Y  0.6537  0.3879 -0.6497
Z  0.3156  0.6406  0.7000

PART 76
OFFSET  17.7423 -4.2725 -7.8311
X  0.9050 -0.0308 -0.4242
Y -0.2672  0.7349 -0.6233
Z  0.3310  0.6775  0.6569

PART 77
OFFSET  16.7147 -4.2419 -7.3557
X -0.5445 -0.4891  0.6814
Y -0.7602  0.6311 -0.1544
Z -0.3546 -0.6021 -0.7154

PART 78
OFFSET  0.0000 -0.0000 -0.0000
X  1.0000 -0.0000  0.0000
Y  0.0000  1.0000  0.0000
Z  0.0000 -0.0000  1.0000

PART 79
OFFSET -0.0000 -0.0000 -0.0000
X  0.9991  0.0000 -0.0428
Y  0.0033  0.9970  0.0776
Z  0.0427 -0.0777  0.9961

PART 80
OFFSET  1.7155 -0.3213  4.0535
X  0.9991  0.0000 -0.0428
Y  0.0033  0.9970  0.0776
Z  0.0427 -0.0777  0.9961


FRAME 508
PART 0
OFFSET -4.6318 -0.0000 -1.3770
X  1.0000 -0.0000  0.0000
Y  0.0000  1.0000  0.0000
Z  0.0000 -0.0000  1.0000

PART 1
OFFSET -4.6318 -0.0000 -1.3770
X  1.0000 -0.0000  0.0000
Y  0.0000  1.0000  0.0000
Z  0.0000 -0.0000  1.0000

PART 2
OFFSET -4.0822  14.3170 -7.4876
X  0.9653  0.1982 -0.1699
Y  0.1306 -0.9302 -0.3430
Z -0.2260  0.3090 -0.9238

PART 3
OFFSET  7.5923  16.7136 -9.5427
X  0.6934 -0.5533  0.4616
Y -0.7206 -0.5298  0.4473
Z -0.0029 -0.6428 -0.7660

PART 4
OFFSET  13.4899  12.0079 -5.6162
X  0.6934 -0.5533  0.4616
Y -0.5858 -0.8059 -0.0859
Z  0.4195 -0.2109 -0.8829

PART 5
OFFSET  15.2220  12.3710 -4.7568
X  0.6977 -0.5483  0.4611
Y  0.0113  0.6519  0.7582
Z -0.7163 -0.5238  0.4610

PART 6
OFFSET  15.0956  11.6425 -6.2691
X  0.6977 -0.5483  0.4611
Y  0.0113  0.6519  0.7582
Z -0.7163 -0.5238  0.4610

PART 7
OFFSET  13.7559  10.6642 -3.4632
X  0.6977 -0.5483  0.4611
Y  0.0113  0.6519  0.7582
Z -0.7163 -0.5238  0.4610

PART 8
OFFSET  13.5275  9.7534 -4.4274
X  0.6977 -0.5483  0.4611
Y  0.0113  0.6519  0.7582
Z -0.7163 -0.5238  0.4610

PART 9
OFFSET  13.9508  10.0845 -5.4983
X  0.6977 -0.5483  0.4611
Y  0.0113  0.6519  0.7582
Z -0.7163 -0.5238  0.4610

PART 10
OFFSET  15.6155  10.3117 -4.2009
X  0.1801 -0.8256  0.5347
Y -0.8153 -0.4294 -0.3884
Z  0.5503 -0.3660 -0.7505

PART 11
OFFSET  15.1357  9.3756 -4.6434
X -0.3408 -0.9321  0.1226
Y -0.9278  0.3125 -0.2037
Z  0.1516 -0.1832 -0.9713

PART 12
OFFSET  14.3161  7.3852 -4.4532
X  0.0055 -0.9142  0.4052
Y -0.9203 -0.1632 -0.3556
Z  0.3912 -0.3710 -0.8422

PART 13
OFFSET  14.4237  5.8776 -3.8721
X  0.1305 -0.9658  0.2242
Y -0.9431 -0.1907 -0.2726
Z  0.3060 -0.1759 -0.9357

PART 14
OFFSET  14.5628  4.8219 -3.6771
X -0.2946 -0.6392  0.7104
Y -0.0255  0.7483  0.6628
Z -0.9553  0.1771 -0.2368

PART 15
OFFSET  16.7522  9.9989 -3.4842
X  0.7012 -0.5206  0.4871
Y  0.4332 -0.2315 -0.8711
Z  0.5662  0.8218  0.0632

PART 16
OFFSET  18.2984  8.6811 -2.5058
X  0.6115 -0.5385  0.5797
Y  0.3016 -0.5187 -0.8000
Z  0.7315  0.6640 -0.1548

PART 17
OFFSET  19.1641  7.9187 -1.6851
X  0.6191 -0.6471  0.4449
Y  0.2201 -0.4009 -0.8893
Z  0.7538  0.6485 -0.1058

PART 18
OFFSET  19.7131  7.3450 -1.2906
X  0.6425 -0.6928  0.3275
Y  0.0880 -0.3578 -0.9296
Z  0.7612  0.6261 -0.1689

PART 19
OFFSET  20.3235  6.6869 -0.9794
X -0.6568  0.6639  0.3575
Y -0.2508  0.2548 -0.9339
Z -0.7111 -0.7030 -0.0008

PART 20
OFFSET  16.1731  9.5831 -3.5199
X  0.4251 -0.6560  0.6236
Y  0.5818 -0.3298 -0.7435
Z  0.6934  0.6789  0.2414

PART 21
OFFSET  17.4173  7.7791 -2.1213
X  0.5329 -0.6267  0.5685
Y  0.2981 -0.4897 -0.8194
Z  0.7919  0.6061 -0.0742

PART 22
OFFSET  18.3247  6.7121 -1.1535
X  0.5799 -0.7589  0.2963
Y  0.1373 -0.2674 -0.9538
Z  0.8030  0.5938 -0.0509

PART 23
OFFSET  19.1284  5.6603 -0.7429
X  0.5854 -0.7560  0.2928
Y  0.1347 -0.2655 -0.9547
Z  0.7995  0.5983 -0.0536

PART 24
OFFSET  19.7632  4.8403 -0.4254
X -0.5172  0.8005  0.3028
Y -0.2596  0.1904 -0.9468
Z -0.8155 -0.5683  0.1094

PART 25
OFFSET  15.1712  6.8886 -3.5715
X  0.4802 -0.7955  0.3696
Y -0.5057  0.0932  0.8577
Z -0.7168 -0.5987 -0.3575

PART 26
OFFSET  15.4979  6.9068 -2.1314
X  0.4261 -0.8405  0.3348
Y  0.3590 -0.1826 -0.9153
Z  0.8304  0.5102  0.2239

PART 27
OFFSET  16.2480  5.4270 -1.5420
X  0.5081 -0.8223  0.2564
Y  0.3578 -0.0693 -0.9312
Z  0.7835  0.5649  0.2590

PART 28
OFFSET  16.8181  4.3931 -1.2461
X  0.4059 -0.8826  0.2372
Y  0.3466 -0.0915 -0.9335
Z  0.8457  0.4611  0.2688

PART 29
OFFSET  17.2766  3.3961 -0.9782
X -0.2071  0.4996  0.8411
Y -0.3929  0.7449 -0.5392
Z -0.8959 -0.4422  0.0420

PART 30
OFFSET  16.4619  7.3951 -1.9017
X  0.4766 -0.8167  0.3252
Y  0.2902 -0.2030 -0.9352
Z  0.8298  0.5401  0.1403

PART 31
OFFSET  17.3930  5.7995 -1.2664
X  0.5342 -0.8123  0.2340
Y  0.2175 -0.1354 -0.9666
Z  0.8169  0.5673  0.1043

PART 32
OFFSET  18.1733  4.6131 -0.9246
X  0.5501 -0.7917  0.2657
Y  0.1975 -0.1857 -0.9625
Z  0.8114  0.5820  0.0542

PART 33
OFFSET  18.8020  3.7207 -0.6226
X -0.5999  0.6885  0.4076
Y -0.1419  0.4098 -0.9011
Z -0.7874 -0.5984 -0.1482

PART 34
OFFSET  17.3818  7.7470 -3.6855
X  0.6982  0.6946  0.1732
Y -0.5503  0.3660  0.7505
Z  0.4579 -0.6193  0.6378

PART 35
OFFSET  19.6863 -4.0883 -5.2373
X  0.9932  0.0091 -0.1160
Y -0.0639  0.8760 -0.4781
Z  0.0973  0.4823  0.8706

PART 36
OFFSET  19.6863 -4.0883 -5.2373
X  0.9932  0.0091 -0.1160
Y -0.0639  0.8760 -0.4781
Z  0.0973  0.4823  0.8706

PART 37
OFFSET  22.9608 -3.7602 -5.3888
X  0.9932  0.0091 -0.1160
Y -0.0639  0.8760 -0.4781
Z  0.0973  0.4823  0.8706

PART 38
OFFSET  21.2829 -3.2827 -3.9746
X  0.9932  0.0091 -0.1160
Y -0.0639  0.8760 -0.4781
Z  0.0973  0.4823  0.8706

PART 39
OFFSET -109.2520 -32.3466 -30.9348
X  0.9910 -0.0008 -0.1338
Y -0.0639  0.8760 -0.4781
Z  0.1175  0.4824  0.8680

PART 40
OFFSET  21.1961 -3.5845 -4.5154
X  0.9910 -0.0008 -0.1338
Y -0.0639  0.8760 -0.4781
Z  0.1175  0.4824  0.8680

PART 41
OFFSET  21.1990 -2.9678 -4.5073
X  0.9910 -0.0008 -0.1338
Y -0.0639  0.8760 -0.4781
Z  0.1175  0.4824  0.8680

PART 42
OFFSET  21.2759 -2.6565 -3.9604
X  0.9910 -0.0008 -0.1338
Y -0.0639  0.8760 -0.4781
Z  0.1175  0.4824  0.8680

PART 43
OFFSET  21.3486 -2.9814 -3.4314
X  0.9910 -0.0008 -0.1338
Y -0.0639  0.8760 -0.4781
Z  0.1175  0.4824  0.8680

PART 44
OFFSET  21.3457 -3.6010 -3.4409
X  0.9910 -0.0008 -0.1338
Y -0.0639  0.8760 -0.4781
Z  0.1175  0.4824  0.8680

PART 45
OFFSET  21.2696 -3.8995 -3.9815
X  0.9910 -0.0008 -0.1338
Y -0.0639  0.8760 -0.4781
Z  0.1175  0.4824  0.8680

PART 46
OFFSET -107.4159 -32.3480 -31.1826
X  0.9910 -0.0008 -0.1338
Y -0.0639  0.8760 -0.4781
Z  0.1175  0.4824  0.8680

PART 47
OFFSET  19.6771 -3.3495 -4.2666
X  0.9932  0.0091 -0.1160
Y -0.0639  0.8760 -0.4781
Z  0.0973  0.4823  0.8706

PART 48
OFFSET -7.0737 -6.9407 -4.7604
X -0.9348  0.2907  0.2041
Y -0.1407 -0.8306  0.5388
Z  0.3262  0.4749  0.8173

PART 49
OFFSET  4.2314 -10.4568 -7.2291
X -0.9048 -0.3928 -0.1644
Y  0.4234 -0.7889 -0.4453
Z  0.0452 -0.4725  0.8802

PART 50
OFFSET  11.9272 -7.1162 -5.8309
X -0.9048 -0.3928 -0.1644
Y  0.4033 -0.6666 -0.6269
Z  0.1366 -0.6335  0.7616

PART 51
OFFSET  12.8637 -5.4269 -6.2726
X -0.9075 -0.3868 -0.1642
Y -0.0487  0.4849 -0.8732
Z  0.4173 -0.7844 -0.4589

PART 52
OFFSET  12.8324 -4.8057 -5.2485
X -0.9075 -0.3868 -0.1642
Y -0.0487  0.4849 -0.8732
Z  0.4173 -0.7844 -0.4589

PART 53
OFFSET  13.0737 -5.5626 -4.1623
X -0.9075 -0.3868 -0.1642
Y -0.0487  0.4849 -0.8732
Z  0.4173 -0.7844 -0.4589

PART 54
OFFSET  14.7012 -5.9120 -5.3269
X -0.9796 -0.0627 -0.1911
Y  0.1831 -0.6716 -0.7179
Z -0.0834 -0.7382  0.6694

PART 55
OFFSET  14.9993 -4.9326 -4.8229
X -0.5400 -0.8309 -0.1343
Y  0.6347 -0.2972 -0.7134
Z  0.5528 -0.4705  0.6878

PART 56
OFFSET  16.0705 -3.0838 -4.5002
X -0.9362 -0.0206  0.3509
Y -0.1504 -0.8788 -0.4529
Z  0.3177 -0.4768  0.8196

PART 57
OFFSET  17.5373 -3.0496 -5.1854
X -0.7947  0.1728  0.5819
Y -0.4325 -0.8338 -0.3431
Z  0.4259 -0.5243  0.7374

PART 58
OFFSET  18.3846 -3.1983 -5.8426
X -0.9493  0.2925 -0.1148
Y  0.2648  0.5480 -0.7934
Z -0.1692 -0.7836 -0.5977

PART 59
OFFSET  15.7429 -6.4289 -6.0692
X -0.9505  0.0680  0.3032
Y  0.1557 -0.7402  0.6541
Z  0.2689  0.6690  0.6930

PART 60
OFFSET  17.8987 -6.3935 -6.7296
X -0.2859 -0.7858  0.5485
Y  0.8853 -0.4356 -0.1627
Z  0.3668  0.4391  0.8202

PART 61
OFFSET  18.3034 -5.2810 -7.5061
X  0.5769 -0.8007  0.1615
Y  0.7471  0.4373 -0.5007
Z  0.3303  0.4094  0.8505

PART 62
OFFSET  17.7919 -4.5711 -7.6493
X  0.9263 -0.1373 -0.3509
Y -0.0444  0.8850 -0.4635
Z  0.3741  0.4449  0.8137

PART 63
OFFSET  16.9119 -4.4407 -7.3160
X -0.7347 -0.5149  0.4417
Y -0.5823  0.8127 -0.0213
Z -0.3480 -0.2728 -0.8969

PART 64
OFFSET  15.8251 -6.0719 -5.4565
X -0.9928  0.0024  0.1199
Y  0.0815 -0.7200  0.6891
Z  0.0880  0.6939  0.7146

PART 65
OFFSET  18.3904 -6.1970 -5.8586
X -0.3007 -0.7087  0.6382
Y  0.8683 -0.4803 -0.1242
Z  0.3945  0.5168  0.7598

PART 66
OFFSET  18.9024 -4.9904 -6.9451
X  0.7329 -0.6758  0.0788
Y  0.5649  0.5400 -0.6239
Z  0.3791  0.5018  0.7775

PART 67
OFFSET  17.8867 -4.0538 -7.0543
X  0.8978  0.0123 -0.4403
Y -0.2322  0.8626 -0.4494
Z  0.3742  0.5057  0.7773

PART 68
OFFSET  16.9130 -4.0671 -6.5768
X -0.5845 -0.4779  0.6557
Y -0.7207  0.6771 -0.1489
Z -0.3728 -0.5595 -0.7402

PART 69
OFFSET  10.4248 -6.0008 -5.1565
X -0.9802 -0.1344  0.1451
Y -0.1978  0.6613 -0.7235
Z  0.0012 -0.7380 -0.6748

PART 70
OFFSET  18.3490 -5.4355 -3.7919
X -0.8121 -0.1809  0.5547
Y  0.4770 -0.7534  0.4526
Z  0.3361  0.6322  0.6981

PART 71
OFFSET  19.7788 -5.1170 -4.7686
X -0.7423 -0.2665  0.6148
Y  0.5922 -0.6902  0.4158
Z  0.3135  0.6727  0.6702

PART 72
OFFSET  20.7003 -4.7521 -5.4753
X -0.3965 -0.6069  0.6888
Y  0.8765 -0.4734  0.0875
Z  0.2730  0.6384  0.7197

PART 73
OFFSET  21.1482 -4.0666 -6.2532
X -0.5854  0.8045 -0.1008
