// Export filename: `C:\projects\cod\t5\xanim_export\t5_viewmodels\python\python_sw_dtp_out.XANIM_EXPORT`
// Source filename: `D:\projects\devanim\t5\animation_assets\viewmodels/python/python_dtp_out.fbx`
// Export time: Thu Feb 18 17:42:18 2010

ANIMATION
VERSION 3

NUMPARTS 81
PART 0 "tag_view"
PART 1 "tag_torso"
PART 2 "J_Shoulder_LE"
PART 3 "J_Elbow_LE"
PART 4 "J_WristTwist_LE"
PART 5 "J_Sleave_Reshape_Bottom_LE_1"
PART 6 "J_Sleave_Reshape_Bottom_LE_2"
PART 7 "J_Sleave_Reshape_Top_LE_1"
PART 8 "J_Sleave_Reshape_Top_LE_2"
PART 9 "J_Sleave_Reshape_Top_LE_3"
PART 10 "J_Wrist_LE"
PART 11 "J_Thumb_LE_0"
PART 12 "J_Thumb_LE_1"
PART 13 "J_Thumb_LE_2"
PART 14 "J_Thumb_LE_3"
PART 15 "J_PinkyPalm_LE"
PART 16 "J_Pinky_LE_0"
PART 17 "J_Pinky_LE_1"
PART 18 "J_Pinky_LE_2"
PART 19 "J_Pinky_LE_3"
PART 20 "J_RingPalm_LE"
PART 21 "J_Ring_LE_0"
PART 22 "J_Ring_LE_1"
PART 23 "J_Ring_LE_2"
PART 24 "J_Ring_LE_3"
PART 25 "J_Webbing_LE"
PART 26 "J_Index_LE_0"
PART 27 "J_Index_LE_1"
PART 28 "J_Index_LE_2"
PART 29 "J_Index_LE_3"
PART 30 "J_Mid_LE_0"
PART 31 "J_Mid_LE_1"
PART 32 "J_Mid_LE_2"
PART 33 "J_Mid_LE_3"
PART 34 "tag_knife_attach"
PART 35 "tag_weapon"
PART 36 "J_Gun"
PART 37 "TAG_CLIP"
PART 38 "J_Bolt"
PART 39 "tag_speedloader"
PART 40 "tag_spent0"
PART 41 "tag_spent1"
PART 42 "tag_spent2"
PART 43 "tag_spent3"
PART 44 "tag_spent4"
PART 45 "tag_spent5"
PART 46 "tag_bullets"
PART 47 "J_Press_Rear"
PART 48 "J_Shoulder_RI"
PART 49 "J_Elbow_RI"
PART 50 "J_WristTwist_RI"
PART 51 "J_Sleave_Reshape_Top_RI_3"
PART 52 "J_Sleave_Reshape_Top_RI_2"
PART 53 "J_Sleave_Reshape_Top_RI_1"
PART 54 "J_Wrist_RI"
PART 55 "J_Thumb_RI_0"
PART 56 "J_Thumb_RI_1"
PART 57 "J_Thumb_RI_2"
PART 58 "J_Thumb_RI_3"
PART 59 "J_PinkyPalm_RI"
PART 60 "J_Pinky_RI_0"
PART 61 "J_Pinky_RI_1"
PART 62 "J_Pinky_RI_2"
PART 63 "J_Pinky_RI_3"
PART 64 "J_RingPalm_RI"
PART 65 "J_Ring_RI_0"
PART 66 "J_Ring_RI_1"
PART 67 "J_Ring_RI_2"
PART 68 "J_Ring_RI_3"
PART 69 "J_Webbing_RI"
PART 70 "J_Index_RI_0"
PART 71 "J_Index_RI_1"
PART 72 "J_Index_RI_2"
PART 73 "J_Index_RI_3"
PART 74 "J_Mid_RI_0"
PART 75 "J_Mid_RI_1"
PART 76 "J_Mid_RI_2"
PART 77 "J_Mid_RI_3"
PART 78 "tag_cambone"
PART 79 "tag_camera"
PART 80 "tag_gasmask"

FRAMERATE 30
NUMFRAMES 11

FRAME 35
PART 0
OFFSET  0.0000 -0.0000  0.0000
X  1.0000 -0.0000  0.0000
Y  0.0000  1.0000  0.0000
Z  0.0000 -0.0000  1.0000

PART 1
OFFSET -4.6318 -0.0000 -1.3770
X  1.0000 -0.0000  0.0000
Y  0.0000  1.0000  0.0000
Z  0.0000 -0.0000  1.0000

PART 2
OFFSET -6.7301  16.3479 -4.3634
X  0.9794 -0.1416 -0.1441
Y -0.1995 -0.7904 -0.5792
Z -0.0319  0.5961 -0.8023

PART 3
OFFSET  5.1144  14.6356 -6.1064
X  0.4280 -0.8628  0.2691
Y -0.8841 -0.3377  0.3231
Z -0.1879 -0.3762 -0.9073

PART 4
OFFSET  8.7544  7.2971 -3.8175
X  0.4280 -0.8628  0.2691
Y -0.5334 -0.0007  0.8459
Z -0.7296 -0.5055 -0.4605

PART 5
OFFSET  10.4601  6.8907 -2.6444
X  0.4337 -0.8598  0.2696
Y  0.1994  0.3834  0.9018
Z -0.8787 -0.3373  0.3377

PART 6
OFFSET  10.1612  6.5715 -4.6129
X  0.4337 -0.8598  0.2696
Y  0.1994  0.3834  0.9018
Z -0.8787 -0.3373  0.3377

PART 7
OFFSET  8.4561  5.5157 -1.9162
X  0.4337 -0.8598  0.2696
Y  0.1994  0.3834  0.9018
Z -0.8787 -0.3373  0.3377

PART 8
OFFSET  8.0951  5.0798 -3.1121
X  0.4337 -0.8598  0.2696
Y  0.1994  0.3834  0.9018
Z -0.8787 -0.3373  0.3377

PART 9
OFFSET  8.5008  5.3759 -4.2301
X  0.4337 -0.8598  0.2696
Y  0.1994  0.3834  0.9018
Z -0.8787 -0.3373  0.3377

PART 10
OFFSET  10.0664  4.6520 -2.9925
X  0.4526 -0.8821  0.1305
Y -0.4625 -0.1071  0.8801
Z -0.7624 -0.4587 -0.4565

PART 11
OFFSET  9.5106  3.9635 -2.2719
X -0.3981 -0.8314  0.3876
Y -0.3322  0.5245  0.7839
Z -0.8551  0.1834 -0.4850

PART 12
OFFSET  8.5707  2.2319 -1.3842
X  0.4165 -0.9089 -0.0221
Y -0.7741 -0.3673  0.5157
Z -0.4768 -0.1977 -0.8565

PART 13
OFFSET  9.2359  0.7644 -1.5466
X  0.3685 -0.3586 -0.8577
Y -0.3775 -0.9008  0.2145
Z -0.8495  0.2447 -0.4674

PART 14
OFFSET  9.5892  0.3725 -2.4918
X  0.7399 -0.6076 -0.2887
Y  0.5455  0.2908  0.7861
Z -0.3937 -0.7391  0.5465

PART 15
OFFSET  10.7906  3.9276 -3.9167
X  0.5253 -0.7784 -0.3437
Y -0.8419 -0.4168 -0.3428
Z  0.1236  0.4694 -0.8743

PART 16
OFFSET  11.8497  2.0592 -4.6036
X -0.6959 -0.5833 -0.4189
Y -0.6560  0.7537  0.0403
Z  0.2922  0.3029 -0.9071

PART 17
OFFSET  10.8645  1.2333 -5.1967
X -0.6561  0.7546  0.0142
Y  0.7037  0.6049  0.3728
Z  0.2727  0.2546 -0.9278

PART 18
OFFSET  10.2828  1.9024 -5.1841
X  0.6514  0.6226  0.4336
Y  0.6856 -0.7278  0.0150
Z  0.3250  0.2875 -0.9010

PART 19
OFFSET  10.9016  2.4938 -4.7721
X -0.9756 -0.0609 -0.2108
Y  0.1395 -0.9138 -0.3816
Z -0.1694 -0.4017  0.9000

PART 20
OFFSET  10.6892  3.7265 -3.2394
X  0.5682 -0.8093 -0.1489
Y -0.7504 -0.4354 -0.4972
Z  0.3376  0.3943 -0.8547

PART 21
OFFSET  12.2307  1.6943 -3.7416
X -0.7963 -0.4059 -0.4486
Y -0.5128  0.8463  0.1445
Z  0.3210  0.3451 -0.8820

PART 22
OFFSET  10.8751  1.0033 -4.5054
X -0.4284  0.8858  0.1783
Y  0.8527  0.3310  0.4042
Z  0.2991  0.3252 -0.8971

PART 23
OFFSET  10.2814  2.2310 -4.2583
X  0.7468  0.5027  0.4355
Y  0.5903 -0.8026 -0.0860
Z  0.3063  0.3213 -0.8961

PART 24
OFFSET  11.0913  2.7761 -3.7860
X -0.9340  0.0624 -0.3518
Y  0.0419 -0.9587 -0.2815
Z -0.3548 -0.2776  0.8928

PART 25
OFFSET  10.3189  1.5169 -1.4374
X  0.3034 -0.9368 -0.1744
Y  0.8423  0.1781  0.5087
Z -0.4455 -0.3013  0.8431

PART 26
OFFSET  11.7646  1.3046 -1.6506
X -0.6215 -0.6328 -0.4618
Y -0.6788  0.7293 -0.0859
Z  0.3912  0.2600 -0.8828

PART 27
OFFSET  10.6704  0.1904 -2.4637
X -0.7212  0.5298 -0.4463
Y  0.3712  0.8395  0.3967
Z  0.5849  0.1204 -0.8021

PART 28
OFFSET  9.7581  0.8272 -2.9575
X -0.2837  0.9435  0.1710
Y  0.8807  0.1859  0.4356
Z  0.3792  0.2742 -0.8838

PART 29
OFFSET  9.4376  1.8929 -2.7643
X -0.5961 -0.3978 -0.6974
Y  0.4807 -0.8726  0.0869
Z -0.6431 -0.2835  0.7113

PART 30
OFFSET  12.0814  1.4326 -2.7012
X -0.7854 -0.4633 -0.4104
Y -0.4654  0.8792 -0.1018
Z  0.4081  0.1111 -0.9062

PART 31
OFFSET  10.5470  0.5275 -3.5030
X -0.6120  0.7722 -0.1706
Y  0.6508  0.6144  0.4460
Z  0.4492  0.1619 -0.8786

PART 32
OFFSET  9.6531  1.6554 -3.7522
X  0.4142  0.8269  0.3804
Y  0.7728 -0.5403  0.3330
Z  0.4808  0.1560 -0.8628

PART 33
OFFSET  10.1251  2.5934 -3.3278
X -0.8420 -0.2989 -0.4492
Y  0.3597 -0.9315 -0.0544
Z -0.4021 -0.2074  0.8918

PART 34
OFFSET  10.3812  1.6192 -3.8085
X  0.2716  0.4134 -0.8691
Y  0.7624  0.4587  0.4564
Z  0.5873 -0.7866 -0.1905

PART 35
OFFSET  14.9347 -0.8043 -0.5674
X  0.9736 -0.0292  0.2265
Y  0.0982  0.9490 -0.2996
Z -0.2062  0.3139  0.9268

PART 36
OFFSET  14.9347 -0.8043 -0.5674
X  0.9736 -0.0292  0.2265
Y  0.0982  0.9490 -0.2996
Z -0.2062  0.3139  0.9268

PART 37
OFFSET  18.0646 -0.6486  0.4481
X  0.9736 -0.0292  0.2265
Y  0.0982  0.9490 -0.2996
Z -0.2062  0.3139  0.9268

PART 38
OFFSET  16.0042 -0.3308  1.2830
X  0.9736 -0.0292  0.2265
Y  0.0982  0.9490 -0.2996
Z -0.2062  0.3139  0.9268

PART 39
OFFSET -90.2003 -20.4845 -83.1070
X  0.9776 -0.0356  0.2075
Y  0.0982  0.9490 -0.2996
Z -0.1862  0.3132  0.9312

PART 40
OFFSET  16.1075 -0.5264  0.6981
X  0.9776 -0.0356  0.2075
Y  0.0982  0.9490 -0.2996
Z -0.1862  0.3132  0.9312

PART 41
OFFSET  16.1046  0.0778  0.8217
X  0.9776 -0.0356  0.2075
Y  0.0982  0.9490 -0.2996
Z -0.1862  0.3132  0.9312

PART 42
OFFSET  15.9899  0.2822  1.4107
X  0.9776 -0.0356  0.2075
Y  0.0982  0.9490 -0.2996
Z -0.1862  0.3132  0.9312

PART 43
OFFSET  15.8803 -0.1349  1.8631
X  0.9776 -0.0356  0.2075
Y  0.0982  0.9490 -0.2996
Z -0.1862  0.3132  0.9312

PART 44
OFFSET  15.8836 -0.7418  1.7376
X  0.9776 -0.0356  0.2075
Y  0.0982  0.9490 -0.2996
Z -0.1862  0.3132  0.9312

PART 45
OFFSET  15.9969 -0.9348  1.1571
X  0.9776 -0.0356  0.2075
Y  0.0982  0.9490 -0.2996
Z -0.1862  0.3132  0.9312

PART 46
OFFSET -88.3891 -20.5505 -82.7226
X  0.9776 -0.0356  0.2075
Y  0.0982  0.9490 -0.2996
Z -0.1862  0.3132  0.9312

PART 47
OFFSET  14.5931 -0.2498  0.4641
X  0.9736 -0.0292  0.2265
Y  0.0982  0.9490 -0.2996
Z -0.2062  0.3139  0.9268

PART 48
OFFSET -7.8372 -6.5091 -0.8982
X -0.8328  0.2403  0.4987
Y -0.0637 -0.9364  0.3450
Z  0.5499  0.2556  0.7952

PART 49
OFFSET  2.2346 -9.4158 -6.9292
X -0.6957 -0.6162 -0.3692
Y  0.6820 -0.4052 -0.6088
Z  0.2255 -0.6754  0.7022

PART 50
OFFSET  8.1515 -4.1747 -3.7886
X -0.6957 -0.6162 -0.3692
Y  0.7164 -0.5566 -0.4207
Z  0.0538 -0.5572  0.8286

PART 51
OFFSET  8.3865 -2.2115 -3.6095
X -0.7007 -0.6111 -0.3682
Y -0.2337  0.6842 -0.6908
Z  0.6741 -0.3979 -0.6223

PART 52
OFFSET  8.1337 -1.9920 -2.4612
X -0.7007 -0.6111 -0.3682
Y -0.2337  0.6842 -0.6908
Z  0.6741 -0.3979 -0.6223

PART 53
OFFSET  8.6587 -2.9250 -1.6276
X -0.7007 -0.6111 -0.3682
Y -0.2337  0.6842 -0.6908
Z  0.6741 -0.3979 -0.6223

PART 54
OFFSET  10.2842 -2.2856 -2.6567
X -0.8563  0.0301 -0.5157
Y  0.4189 -0.5435 -0.7274
Z -0.3022 -0.8389  0.4527

PART 55
OFFSET  10.3891 -1.4302 -1.9086
X -0.4585 -0.7606 -0.4596
Y  0.8405 -0.2031 -0.5024
Z  0.2888 -0.6167  0.7324

PART 56
OFFSET  11.2787  0.2656 -0.9074
X -0.9943 -0.0950 -0.0482
Y  0.1041 -0.7689 -0.6309
Z  0.0229 -0.6323  0.7744

PART 57
OFFSET  12.8875  0.4440 -0.9539
X -0.7679  0.3845  0.5123
Y -0.6208 -0.6436 -0.4476
Z  0.1576 -0.6617  0.7330

PART 58
OFFSET  13.7212  0.0694 -1.5338
X -0.7961  0.5763 -0.1849
Y  0.5095  0.4732 -0.7186
Z -0.3266 -0.6663 -0.6703

PART 59
OFFSET  11.5184 -2.7235 -3.0907
X -0.9973  0.0693 -0.0249
Y -0.0721 -0.8522  0.5182
Z  0.0147  0.5186  0.8549

PART 60
OFFSET  13.7701 -2.6990 -2.9738
X -0.4514 -0.8522  0.2645
Y  0.8900 -0.4515  0.0643
Z  0.0647  0.2644  0.9622

PART 61
OFFSET  14.4092 -1.4925 -3.3483
X  0.4915 -0.8493  0.1925
Y  0.8706  0.4741 -0.1312
Z  0.0202  0.2321  0.9725

PART 62
OFFSET  13.9734 -0.7395 -3.5190
X  0.9910 -0.1274 -0.0402
Y  0.1114  0.9541 -0.2779
Z  0.0738  0.2709  0.9598

PART 63
OFFSET  13.0319 -0.6184 -3.4808
X -0.8386 -0.5407  0.0664
Y -0.5443  0.8365 -0.0626
Z -0.0217 -0.0886 -0.9958

PART 64
OFFSET  11.3861 -2.4861 -2.4306
X -0.9746  0.0398 -0.2206
Y -0.1539 -0.8342  0.5295
Z -0.1630  0.5500  0.8191

PART 65
OFFSET  13.9362 -2.6893 -1.9681
X -0.4962 -0.7915  0.3568
Y  0.8611 -0.5011  0.0858
Z  0.1109  0.3498  0.9302

PART 66
OFFSET  14.7810 -1.3417 -2.5755
X  0.6658 -0.7211  0.1916
Y  0.7406  0.6076 -0.2868
Z  0.0905  0.3329  0.9386

PART 67
OFFSET  13.8583 -0.3423 -2.8410
X  0.9938  0.0370 -0.1044
Y -0.0699  0.9407 -0.3318
Z  0.0859  0.3371  0.9375

PART 68
OFFSET  12.7804 -0.3825 -2.7278
X -0.7701 -0.5511  0.3212
Y -0.6305  0.7341 -0.2520
Z -0.0969 -0.3966 -0.9129

PART 69
OFFSET  6.2043 -2.1498 -3.9449
X -0.9707 -0.0997 -0.2186
Y  0.0566  0.7895 -0.6112
Z  0.2335 -0.6056 -0.7607

PART 70
OFFSET  13.1924 -2.3048  0.0695
X -0.9513 -0.2280  0.2073
Y  0.2986 -0.8485  0.4369
Z  0.0763  0.4776  0.8753

PART 71
OFFSET  14.8673 -1.9034 -0.2955
X -0.9056 -0.3269  0.2701
Y  0.4191 -0.7867  0.4532
Z  0.0644  0.5237  0.8495

PART 72
OFFSET  15.9722 -1.4742 -0.5723
X -0.6039 -0.6948  0.3905
Y  0.7970 -0.5323  0.2854
Z  0.0096  0.4836  0.8753

PART 73
OFFSET  16.6544 -0.6894 -1.0134
X -0.5201  0.8428 -0.1386
Y  0.8077  0.4326 -0.4007
Z -0.2777 -0.3203 -0.9057

PART 74
OFFSET  13.6097 -2.7407 -0.8558
X -0.6105 -0.7172  0.3361
Y  0.7904 -0.5242  0.3171
Z -0.0512  0.4592  0.8869

PART 75
OFFSET  14.8024 -1.3397 -1.5124
X  0.5042 -0.7553  0.4187
Y  0.8635  0.4485 -0.2308
Z -0.0135  0.4779  0.8783

PART 76
OFFSET  14.0659 -0.2365 -2.1241
X  0.9997 -0.0219 -0.0082
Y  0.0144  0.8535 -0.5210
Z  0.0184  0.5207  0.8535

PART 77
OFFSET  12.9335 -0.2148 -2.1212
X -0.7770 -0.5616  0.2845
Y -0.6294  0.7042 -0.3287
Z -0.0157 -0.4344 -0.9006

PART 78
OFFSET  0.0000 -0.0000  0.0000
X  1.0000 -0.0000  0.0000
Y  0.0000  1.0000  0.0000
Z  0.0000 -0.0000  1.0000

PART 79
OFFSET -5.0385 -0.0000 -0.2884
X  0.9943 -0.0000  0.1068
Y  0.0000  1.0000 -0.0000
Z -0.1068  0.0000  0.9943

PART 80
OFFSET -3.9484 -0.0000  3.9881
X  0.9943 -0.0000  0.1068
Y -0.0000  1.0000  0.0000
Z -0.1068 -0.0000  0.9943


FRAME 36
PART 0
OFFSET  0.0000 -0.0000  0.0000
X  1.0000 -0.0000  0.0000
Y  0.0000  1.0000  0.0000
Z  0.0000 -0.0000  1.0000

PART 1
OFFSET -4.6318 -0.0000 -1.3770
X  1.0000 -0.0000  0.0000
Y  0.0000  1.0000  0.0000
Z  0.0000 -0.0000  1.0000

PART 2
OFFSET -6.7301  16.0548 -4.3634
X  0.9372 -0.2130 -0.2764
Y -0.3252 -0.8200 -0.4710
Z -0.1263  0.5313 -0.8377

PART 3
OFFSET  4.6039  13.4793 -7.7056
X  0.4819 -0.8425  0.2408
Y -0.8058 -0.3182  0.4994
Z -0.3441 -0.4347 -0.8322

PART 4
OFFSET  8.7025  6.3136 -5.6572
X  0.4819 -0.8425  0.2408
Y -0.2316  0.1426  0.9623
Z -0.8451 -0.5195 -0.1264

PART 5
OFFSET  10.5985  5.9882 -4.7910
X  0.4876 -0.8394  0.2401
Y  0.3543  0.4416  0.8243
Z -0.7980 -0.3168  0.5127

PART 6
OFFSET  9.9517  5.5412 -6.6478
X  0.4876 -0.8394  0.2401
Y  0.3543  0.4416  0.8243
Z -0.7980 -0.3168  0.5127

PART 7
OFFSET  8.7795  4.6587 -3.6244
X  0.4876 -0.8394  0.2401
Y  0.3543  0.4416  0.8243
Z -0.7980 -0.3168  0.5127

PART 8
OFFSET  8.2138  4.1452 -4.7046
X  0.4876 -0.8394  0.2401
Y  0.3543  0.4416  0.8243
Z -0.7980 -0.3168  0.5127

PART 9
OFFSET  8.4056  4.3691 -5.8942
X  0.4876 -0.8394  0.2401
Y  0.3543  0.4416  0.8243
Z -0.7980 -0.3168  0.5127

PART 10
OFFSET  10.1798  3.7308 -4.9189
X  0.7510 -0.6594  0.0349
Y -0.0366  0.0113  0.9993
Z -0.6593 -0.7517 -0.0156

PART 11
OFFSET  10.2117  3.1364 -3.9453
X  0.1507 -0.6890  0.7089
Y -0.1930  0.6828  0.7046
Z -0.9696 -0.2430 -0.0301

PART 12
OFFSET  10.4636  1.7042 -2.3468
X  0.6932 -0.7187  0.0539
Y -0.3242 -0.2441  0.9140
Z -0.6437 -0.6511 -0.4022

PART 13
OFFSET  11.5300  0.4857 -2.3593
X  0.1050 -0.7713 -0.6278
Y  0.0135 -0.6301  0.7764
Z -0.9944 -0.0900 -0.0558

PART 14
OFFSET  11.5983 -0.3632 -3.0276
X  0.7191 -0.6414 -0.2676
Y  0.6906  0.7023  0.1725
Z  0.0773 -0.3089  0.9480

PART 15
OFFSET  10.7212  3.0088 -5.9625
X  0.5936 -0.6662 -0.4514
Y -0.7021 -0.7029  0.1140
Z -0.3933  0.2493 -0.8850

PART 16
OFFSET  12.0262  1.3895 -6.8339
X -0.3758 -0.9248 -0.0598
Y -0.9057  0.3529  0.2348
Z -0.1960  0.1424 -0.9702

PART 17
OFFSET  11.4942  0.0802 -6.9185
X -0.9613  0.1832  0.2057
Y  0.1970  0.9792  0.0483
Z -0.1925  0.0869 -0.9774

PART 18
OFFSET  10.6418  0.2426 -6.7362
X -0.0047  0.9881  0.1534
Y  0.9854  0.0307 -0.1675
Z -0.1703  0.1504 -0.9739

PART 19
OFFSET  10.6374  1.1814 -6.5904
X -0.5904 -0.7968  0.1286
Y  0.7254 -0.5937 -0.3483
Z  0.3539 -0.1123  0.9285

PART 20
OFFSET  10.9542  2.9763 -5.2885
X  0.7220 -0.6355 -0.2737
Y -0.6723 -0.7378 -0.0602
Z -0.1637  0.2275 -0.9599

PART 21
OFFSET  12.7979  1.3474 -6.1288
X -0.5474 -0.8353 -0.0520
Y -0.8191  0.5220  0.2379
Z -0.1716  0.1728 -0.9699

PART 22
OFFSET  11.8659 -0.0747 -6.2173
X -0.8725  0.4333  0.2259
Y  0.4536  0.8901  0.0445
Z -0.1818  0.1412 -0.9731

PART 23
OFFSET  10.6567  0.5259 -5.9043
X  0.0712  0.9887  0.1322
Y  0.9822 -0.0463 -0.1823
Z -0.1741  0.1428 -0.9743

PART 24
OFFSET  10.7339  1.5981 -5.7610
X -0.6279 -0.7765 -0.0521
Y  0.7704 -0.6107 -0.1830
Z  0.1103 -0.1551  0.9817

PART 25
OFFSET  12.0834  1.3134 -3.2328
X  0.5304 -0.8316 -0.1648
Y  0.8471  0.5276  0.0642
Z  0.0336 -0.1736  0.9842

PART 26
OFFSET  13.3236  1.4495 -4.0233
X -0.2659 -0.9631 -0.0410
Y -0.9589  0.2598  0.1142
Z -0.0993  0.0697 -0.9926

PART 27
OFFSET  12.8555 -0.2463 -4.0956
X -0.9323 -0.3165 -0.1748
Y -0.3327  0.9403  0.0720
Z  0.1415  0.1253 -0.9820

PART 28
OFFSET  11.7135 -0.6387 -4.2484
X -0.9511  0.2862  0.1166
Y  0.2912  0.9562  0.0286
Z -0.1033  0.0612 -0.9928

PART 29
OFFSET  10.6392 -0.3154 -4.1168
X  0.0176 -0.9392 -0.3430
Y  0.9995  0.0074  0.0312
Z -0.0268 -0.3434  0.9388

PART 30
OFFSET  13.1649  1.3727 -5.1139
X -0.5156 -0.8565  0.0234
Y -0.8563  0.5160  0.0201
Z -0.0293 -0.0097 -0.9995

PART 31
OFFSET  12.1577 -0.3006 -5.0682
X -0.9843  0.1743  0.0291
Y  0.1757  0.9828  0.0567
Z -0.0187  0.0610 -0.9980

PART 32
OFFSET  10.7200 -0.0460 -5.0257
X -0.3165  0.9457  0.0741
Y  0.9485  0.3145  0.0374
Z  0.0121  0.0821 -0.9965

PART 33
OFFSET  10.3610  1.0255 -4.9488
X -0.3639 -0.9313 -0.0170
Y  0.9279 -0.3609 -0.0933
Z  0.0807 -0.0497  0.9955

PART 34
OFFSET  11.2309  0.7915 -5.3863
X -0.2325  0.2235 -0.9466
Y  0.6592  0.7518  0.0156
Z  0.7151 -0.6203 -0.3221

PART 35
OFFSET  13.4352 -0.8751 -2.9006
X  0.9963 -0.0366  0.0780
Y  0.0587  0.9510 -0.3034
Z -0.0631  0.3069  0.9496

PART 36
OFFSET  13.4352 -0.8751 -2.9006
X  0.9963 -0.0366  0.0780
Y  0.0587  0.9510 -0.3034
Z -0.0631  0.3069  0.9496

PART 37
OFFSET  16.6829 -0.7457 -2.3636
X  0.9963 -0.0366  0.0780
Y  0.0587  0.9510 -0.3034
Z -0.0631  0.3069  0.9496

PART 38
OFFSET  14.7728 -0.4237 -1.2274
X  0.9963 -0.0366  0.0780
Y  0.0587  0.9510 -0.3034
Z -0.0631  0.3069  0.9496

PART 39
OFFSET -103.7109 -19.1022 -68.6240
X  0.9974 -0.0429  0.0586
Y  0.0587  0.9510 -0.3034
Z -0.0427  0.3061  0.9510

PART 40
OFFSET  14.7860 -0.6148 -1.8227
X  0.9974 -0.0429  0.0586
Y  0.0587  0.9510 -0.3034
Z -0.0427  0.3061  0.9510

PART 41
OFFSET  14.8058 -0.0117 -1.6954
X  0.9974 -0.0429  0.0586
Y  0.0587  0.9510 -0.3034
Z -0.0427  0.3061  0.9510

PART 42
OFFSET  14.7818  0.1882 -1.0942
X  0.9974 -0.0429  0.0586
Y  0.0587  0.9510 -0.3034
Z -0.0427  0.3061  0.9510

PART 43
OFFSET  14.7383 -0.2323 -0.6338
X  0.9974 -0.0429  0.0586
Y  0.0587  0.9510 -0.3034
Z -0.0427  0.3061  0.9510

PART 44
OFFSET  14.7187 -0.8380 -0.7631
X  0.9974 -0.0429  0.0586
Y  0.0587  0.9510 -0.3034
Z -0.0427  0.3061  0.9510

PART 45
OFFSET  14.7426 -1.0266 -1.3555
X  0.9974 -0.0429  0.0586
Y  0.0587  0.9510 -0.3034
Z -0.0427  0.3061  0.9510

PART 46
OFFSET -101.8631 -19.1816 -68.5154
X  0.9974 -0.0429  0.0586
Y  0.0587  0.9510 -0.3034
Z -0.0427  0.3061  0.9510

PART 47
OFFSET  13.2556 -0.3278 -1.8253
X  0.9963 -0.0366  0.0780
Y  0.0587  0.9510 -0.3034
Z -0.0631  0.3069  0.9496

PART 48
OFFSET -7.8372 -6.3068 -0.8982
X -0.7191  0.2969  0.6282
Y -0.0568 -0.9262  0.3727
Z  0.6925  0.2324  0.6829

PART 49
OFFSET  0.8601 -9.8978 -8.4958
X -0.6615 -0.6556 -0.3642
Y  0.6855 -0.3317 -0.6482
Z  0.3041 -0.6784  0.6688

PART 50
OFFSET  6.4866 -4.3219 -5.3985
X -0.6615 -0.6556 -0.3642
Y  0.7452 -0.5201 -0.4174
Z  0.0842 -0.5475  0.8326

PART 51
OFFSET  6.5798 -2.3533 -5.1591
X -0.6668 -0.6510 -0.3627
Y -0.3125  0.6861 -0.6570
Z  0.6766 -0.3247 -0.6609

PART 52
OFFSET  6.3578 -2.1910 -3.9952
X -0.6668 -0.6510 -0.3627
Y -0.3125  0.6861 -0.6570
Z  0.6766 -0.3247 -0.6609

PART 53
OFFSET  6.9853 -3.1075 -3.2154
X -0.6668 -0.6510 -0.3627
Y -0.3125  0.6861 -0.6570
Z  0.6766 -0.3247 -0.6609

PART 54
OFFSET  8.5146 -2.3121 -4.2821
X -0.9235  0.0394 -0.3815
Y  0.3017 -0.5394 -0.7861
Z -0.2367 -0.8411  0.4863

PART 55
OFFSET  8.7361 -1.4640 -3.5515
X -0.5273 -0.7540 -0.3918
Y  0.7545 -0.2034 -0.6240
Z  0.3908 -0.6246  0.6761

PART 56
OFFSET  9.7768  0.2181 -2.6813
X -0.9910 -0.0891  0.1003
Y  0.0033 -0.7639 -0.6454
Z  0.1341 -0.6392  0.7573

PART 57
OFFSET  11.3617  0.3880 -2.9667
X -0.6800  0.3843  0.6244
Y -0.6851 -0.6362 -0.3547
Z  0.2610 -0.6690  0.6959

PART 58
OFFSET  12.0968  0.0139 -3.6677
X -0.8108  0.5823 -0.0592
Y  0.3995  0.4767 -0.7831
Z -0.4277 -0.6586 -0.6191

PART 59
OFFSET  9.6670 -2.7530 -4.8993
X -0.9893  0.0750  0.1251
Y  0.0004 -0.8563  0.5165
Z  0.1459  0.5110  0.8471

PART 60
OFFSET  11.9111 -2.7420 -5.1207
X -0.4126 -0.8520  0.3224
Y  0.8865 -0.4569 -0.0732
Z  0.2097  0.2556  0.9438

PART 61
OFFSET  12.4952 -1.5358 -5.5771
X  0.5090 -0.8537  0.1102
Y  0.8444  0.4704 -0.2563
Z  0.1670  0.2235  0.9603

PART 62
OFFSET  12.0438 -0.7789 -5.6748
X  0.9730 -0.1326 -0.1890
Y  0.0751  0.9559 -0.2839
Z  0.2183  0.2621  0.9400

PART 63
OFFSET  11.1194 -0.6530 -5.4952
X -0.8229 -0.5366  0.1869
Y -0.5418  0.8401  0.0261
Z -0.1710 -0.0798 -0.9820

PART 64
OFFSET  9.6366 -2.5207 -4.2251
X -0.9963  0.0471 -0.0720
Y -0.0786 -0.8380  0.5400
Z -0.0349  0.5437  0.8386

PART 65
OFFSET  12.2258 -2.7420 -4.1510
X -0.4426 -0.7919  0.4208
Y  0.8608 -0.5066 -0.0479
Z  0.2511  0.3410  0.9059

PART 66
OFFSET  12.9794 -1.3938 -4.8672
X  0.6820 -0.7265  0.0842
Y  0.6935  0.6060 -0.3897
Z  0.2321  0.3241  0.9171

PART 67
OFFSET  12.0341 -0.3871 -4.9839
X  0.9673  0.0324 -0.2516
Y -0.1123  0.9440 -0.3103
Z  0.2275  0.3284  0.9167

PART 68
OFFSET  10.9851 -0.4222 -4.7110
X -0.7171 -0.5496  0.4285
Y -0.6561  0.7398 -0.1491
Z -0.2351 -0.3880 -0.8912

PART 69
OFFSET  4.2890 -2.1426 -4.9441
X -0.9931 -0.0924 -0.0717
Y -0.0301  0.7945 -0.6065
Z  0.1129 -0.6002 -0.7918

PART 70
OFFSET  11.7978 -2.3715 -2.0221
X -0.9112 -0.2245  0.3455
Y  0.3548 -0.8539  0.3807
Z  0.2096  0.4695  0.8577

PART 71
OFFSET  13.4020 -1.9760 -2.6305
X -0.8573 -0.3242  0.4000
Y  0.4768 -0.7930  0.3793
Z  0.1943  0.5159  0.8343

PART 72
OFFSET  14.4559 -1.5506 -3.0661
X -0.5435 -0.6948  0.4710
Y  0.8270 -0.5392  0.1588
Z  0.1437  0.4758  0.8677

PART 73
OFFSET  15.0697 -0.7657 -3.5981
X -0.5293  0.8468 -0.0526
Y  0.7416  0.4316 -0.5136
Z -0.4122 -0.3108 -0.8564

PART 74
OFFSET  12.0691 -2.8015 -3.0029
X -0.5582 -0.7167  0.4180
Y  0.8253 -0.5314  0.1911
Z  0.0852  0.4517  0.8881

PART 75
OFFSET  13.1596 -1.4013 -3.8196
X  0.5560 -0.7617  0.3327
Y  0.8223  0.4457 -0.3539
Z  0.1213  0.4703  0.8741

PART 76
OFFSET  12.3475 -0.2888 -4.3057
X  0.9871 -0.0274 -0.1579
Y -0.0579  0.8579 -0.5106
Z  0.1494  0.5131  0.8452

PART 77
OFFSET  11.2285 -0.2609 -4.1332
X -0.7295 -0.5598  0.3931
Y -0.6666  0.7105 -0.2253
Z -0.1532 -0.4264 -0.8915

PART 78
OFFSET  0.0000 -0.0000  0.0000
X  1.0000 -0.0000  0.0000
Y  0.0000  1.0000  0.0000
Z  0.0000 -0.0000  1.0000

PART 79
OFFSET -4.2689 -0.0000 -0.4896
X  0.9966 -0.0000  0.0821
Y  0.0086  0.9946 -0.1038
Z -0.0817  0.1041  0.9912

PART 80
OFFSET -3.0713  0.4306  3.7362
X  0.9966 -0.0000  0.0821
Y  0.0086  0.9946 -0.1038
Z -0.0817  0.1041  0.9912


FRAME 37
PART 0
OFFSET  0.0000 -0.0000  0.0000
X  1.0000 -0.0000  0.0000
Y  0.0000  1.0000  0.0000
Z  0.0000 -0.0000  1.0000

PART 1
OFFSET -4.6318 -0.0000 -1.3770
X  1.0000 -0.0000  0.0000
Y  0.0000  1.0000  0.0000
Z  0.0000 -0.0000  1.0000

PART 2
OFFSET -6.7299  15.2592 -4.3634
X  0.8776 -0.2677 -0.3977
Y -0.4133 -0.8428 -0.3447
Z -0.2430  0.4669 -0.8503

PART 3
OFFSET  3.8836  12.0223 -9.1735
X  0.5478 -0.8159  0.1850
Y -0.6857 -0.3112  0.6580
Z -0.4793 -0.4873 -0.7299

PART 4
OFFSET  8.5428  5.0826 -7.6002
X  0.5478 -0.8159  0.1850
Y  0.0640  0.2613  0.9631
Z -0.8342 -0.5158  0.1953

PART 5
OFFSET  10.5782  4.8523 -7.0949
X  0.5531 -0.8127  0.1831
Y  0.4876  0.4940  0.7199
Z -0.6755 -0.3089  0.6695

PART 6
OFFSET  9.6095  4.2902 -8.7719
X  0.5531 -0.8127  0.1831
Y  0.4876  0.4940  0.7199
Z -0.6755 -0.3089  0.6695

PART 7
OFFSET  9.0592  3.5414 -5.5421
X  0.5531 -0.8127  0.1831
Y  0.4876  0.4940  0.7199
Z -0.6755 -0.3089  0.6695

PART 8
OFFSET  8.3185  2.9567 -6.4694
X  0.5531 -0.8127  0.1831
Y  0.4876  0.4940  0.7199
Z -0.6755 -0.3089  0.6695

PART 9
OFFSET  8.2748  3.1214 -7.6831
X  0.5531 -0.8127  0.1831
Y  0.4876  0.4940  0.7199
Z -0.6755 -0.3089  0.6695

PART 10
OFFSET  10.2222  2.5813 -7.0332
X  0.9035 -0.3964 -0.1628
Y  0.2624  0.2114  0.9415
Z -0.3388 -0.8934  0.2951

PART 11
OFFSET  10.7428  2.2402 -6.0767
X  0.6359 -0.2856  0.7170
Y -0.2749  0.7843  0.5562
Z -0.7211 -0.5508  0.4202

PART 12
OFFSET  12.0475  1.6716 -4.4506
X  0.9394 -0.3424  0.0163
Y  0.0204  0.1035  0.9944
Z -0.3421 -0.9339  0.1042

PART 13
OFFSET  13.5246  1.0082 -4.4719
X  0.3502 -0.9359 -0.0390
Y  0.2902  0.0688  0.9545
Z -0.8906 -0.3456  0.2957

PART 14
OFFSET  13.8674 -0.0185 -4.4843
X  0.8904 -0.4547 -0.0220
Y  0.3874  0.7823 -0.4878
Z  0.2390  0.4257  0.8727

PART 15
OFFSET  10.6373  1.8389 -8.1194
X  0.5856 -0.5548 -0.5910
Y -0.3589 -0.8312  0.4246
Z -0.7268 -0.0365 -0.6859

PART 16
OFFSET  12.0149  0.4958 -9.2954
X  0.2993 -0.9469 -0.1172
Y -0.7825 -0.3139  0.5377
Z -0.5459 -0.0692 -0.8350

PART 17
OFFSET  12.4386 -0.8448 -9.4613
X -0.4960 -0.7727  0.3961
Y -0.7021  0.6253  0.3406
Z -0.5109 -0.1092 -0.8527

PART 18
OFFSET  11.9988 -1.5299 -9.1101
X -0.8331  0.0789  0.5474
Y  0.0327  0.9951 -0.0937
Z -0.5521 -0.0602 -0.8316

PART 19
OFFSET  11.2073 -1.4549 -8.5900
X  0.6966 -0.6763 -0.2396
Y  0.4910  0.6928 -0.5281
Z  0.5231  0.2502  0.8147

PART 20
OFFSET  11.0577  2.0170 -7.5707
X  0.7772 -0.4476 -0.4423
Y -0.3684 -0.8935  0.2567
Z -0.5101 -0.0366 -0.8593

PART 21
OFFSET  12.9970  0.8040 -8.8061
X  0.1800 -0.9836 -0.0106
Y -0.8421 -0.1596  0.5152
Z -0.5084 -0.0838 -0.8570

PART 22
OFFSET  13.3035 -0.8706 -8.8241
X -0.6129 -0.6588  0.4363
Y -0.6175  0.7438  0.2557
Z -0.4930 -0.1127 -0.8627

PART 23
OFFSET  12.4541 -1.7837 -8.2194
X -0.8680 -0.0196  0.4962
Y -0.0692  0.9942 -0.0818
Z -0.4917 -0.1053 -0.8643

PART 24
OFFSET  11.5127 -1.8049 -7.6813
X  0.7265 -0.5571 -0.4023
Y  0.4620  0.8294 -0.3142
Z  0.5087  0.0424  0.8599

PART 25
OFFSET  13.2425  1.2163 -5.8819
X  0.7051 -0.6623 -0.2533
Y  0.5967  0.7472 -0.2926
Z  0.3831  0.0552  0.9221

PART 26
OFFSET  14.0666  1.5282 -7.0672
X  0.3752 -0.9240  0.0736
Y -0.8294 -0.2992  0.4718
Z -0.4139 -0.2381 -0.8786

PART 27
OFFSET  14.7273 -0.0987 -6.9376
X -0.2187 -0.9703  0.1035
Y -0.9170  0.2407  0.3180
Z -0.3335 -0.0254 -0.9424

PART 28
OFFSET  14.4816 -1.2767 -6.7545
X -0.4200 -0.8092  0.4109
Y -0.8176  0.5339  0.2156
Z -0.3938 -0.2454 -0.8858

PART 29
OFFSET  14.0072 -2.1907 -6.2904
X  0.7640 -0.2876 -0.5775
Y  0.2050  0.9570 -0.2053
Z  0.6117  0.0385  0.7901

PART 30
OFFSET  13.6248  1.1808 -8.0183
X  0.2061 -0.9705  0.1249
Y -0.9123 -0.1445  0.3831
Z -0.3538 -0.1930 -0.9152

PART 31
OFFSET  14.0275 -0.7152 -7.7742
X -0.5257 -0.7750  0.3507
Y -0.7513  0.6163  0.2359
Z -0.3990 -0.1395 -0.9063

PART 32
OFFSET  13.2597 -1.8472 -7.2619
X -0.8823 -0.2150  0.4188
Y -0.2376  0.9714 -0.0017
Z -0.4064 -0.1010 -0.9081

PART 33
OFFSET  12.2577 -2.0922 -6.7941
X  0.8542 -0.4491 -0.2620
Y  0.3547  0.8718 -0.3378
Z  0.3801  0.1956  0.9040

PART 34
OFFSET  12.0142  0.0313 -7.5322
X -0.5662 -0.0569 -0.8223
Y  0.3390  0.8933 -0.2952
Z  0.7514 -0.4459 -0.4864

PART 35
OFFSET  11.9574 -1.0034 -4.9393
X  0.9966 -0.0367 -0.0741
Y  0.0128  0.9539 -0.2998
Z  0.0817  0.2978  0.9511

PART 36
OFFSET  11.9574 -1.0034 -4.9393
X  0.9966 -0.0367 -0.0741
Y  0.0128  0.9539 -0.2998
Z  0.0817  0.2978  0.9511

PART 37
OFFSET  15.2491 -0.8770 -4.8992
X  0.9966 -0.0367 -0.0741
Y  0.0128  0.9539 -0.2998
Z  0.0817  0.2978  0.9511

PART 38
OFFSET  13.5333 -0.5672 -3.4837
X  0.9966 -0.0367 -0.0741
Y  0.0128  0.9539 -0.2998
Z  0.0817  0.2978  0.9511

PART 39
OFFSET -115.6037 -18.2931 -51.2050
X  0.9947 -0.0428 -0.0936
Y  0.0128  0.9539 -0.2998
Z  0.1021  0.2970  0.9494

PART 40
OFFSET  13.4561 -0.7525 -4.0760
X  0.9947 -0.0428 -0.0936
Y  0.0128  0.9539 -0.2998
Z  0.1021  0.2970  0.9494

PART 41
OFFSET  13.4954 -0.1506 -3.9474
X  0.9947 -0.0428 -0.0936
Y  0.0128  0.9539 -0.2998
Z  0.1021  0.2970  0.9494

PART 42
OFFSET  13.5630  0.0435 -3.3476
X  0.9947 -0.0428 -0.0936
Y  0.0128  0.9539 -0.2998
Z  0.1021  0.2970  0.9494

PART 43
OFFSET  13.5893 -0.3814 -2.8900
X  0.9947 -0.0428 -0.0936
Y  0.0128  0.9539 -0.2998
Z  0.1021  0.2970  0.9494

PART 44
OFFSET  13.5499 -0.9859 -3.0206
X  0.9947 -0.0428 -0.0936
Y  0.0128  0.9539 -0.2998
Z  0.1021  0.2970  0.9494

PART 45
OFFSET  13.4836 -1.1688 -3.6116
X  0.9947 -0.0428 -0.0936
Y  0.0128  0.9539 -0.2998
Z  0.1021  0.2970  0.9494

PART 46
OFFSET -113.7608 -18.3724 -51.3783
X  0.9947 -0.0428 -0.0936
Y  0.0128  0.9539 -0.2998
Z  0.1021  0.2970  0.9494

PART 47
OFFSET  11.9432 -0.4665 -3.8440
X  0.9966 -0.0367 -0.0741
Y  0.0128  0.9539 -0.2998
Z  0.0817  0.2978  0.9511

PART 48
OFFSET -7.8373 -5.7576 -0.8982
X -0.5909  0.3678  0.7180
Y -0.0614 -0.9079  0.4146
Z  0.8044  0.2009  0.5591

PART 49
OFFSET -0.6908 -10.2057 -9.5817
X -0.6546 -0.6720 -0.3464
Y  0.6663 -0.2963 -0.6843
Z  0.3572 -0.6787  0.6417

PART 50
OFFSET  4.8765 -4.4904 -6.6352
X -0.6546 -0.6720 -0.3464
Y  0.7425 -0.4852 -0.4618
Z  0.1422 -0.5595  0.8165

PART 51
OFFSET  4.9131 -2.5240 -6.3635
X -0.6599 -0.6677 -0.3446
Y -0.3652  0.6858 -0.6295
Z  0.6567 -0.2896 -0.6964

PART 52
OFFSET  4.7384 -2.3895 -5.1878
X -0.6599 -0.6677 -0.3446
Y -0.3652  0.6858 -0.6295
Z  0.6567 -0.2896 -0.6964

PART 53
OFFSET  5.4321 -3.2970 -4.4546
X -0.6599 -0.6677 -0.3446
Y -0.3652  0.6858 -0.6295
Z  0.6567 -0.2896 -0.6964

PART 54
OFFSET  6.8832 -2.4304 -5.5732
X -0.9706  0.0424 -0.2368
Y  0.1787 -0.5317 -0.8279
Z -0.1610 -0.8459  0.5085

PART 55
OFFSET  7.2135 -1.5892 -4.8764
X -0.5812 -0.7505 -0.3146
Y  0.6511 -0.1969 -0.7330
Z  0.4882 -0.6308  0.6031

PART 56
OFFSET  8.3753  0.0854 -4.1579
X -0.9644 -0.0907  0.2484
Y -0.0951 -0.7577 -0.6457
Z  0.2468 -0.6463  0.7221

PART 57
OFFSET  9.8988  0.2590 -4.6785
X -0.5773  0.3778  0.7238
Y -0.7315 -0.6333 -0.2528
Z  0.3628 -0.6754  0.6420

PART 58
OFFSET  10.5189 -0.1080 -5.4863
X -0.8100  0.5823  0.0699
Y  0.2767  0.4844 -0.8300
Z -0.5171 -0.6529 -0.5534

PART 59
OFFSET  7.9285 -2.8645 -6.3621
X -0.9589  0.0732  0.2742
Y  0.0779 -0.8612  0.5023
Z  0.2729  0.5030  0.8201

PART 60
OFFSET  10.1131 -2.8498 -6.9208
X -0.3596 -0.8553  0.3730
Y  0.8648 -0.4557 -0.2109
Z  0.3504  0.2467  0.9035

PART 61
OFFSET  10.6223 -1.6390 -7.4489
X  0.5191 -0.8544  0.0236
Y  0.7962  0.4734 -0.3767
Z  0.3107  0.2144  0.9260

PART 62
OFFSET  10.1619 -0.8815 -7.4698
X  0.9330 -0.1301 -0.3355
Y  0.0320  0.9586 -0.2829
Z  0.3584  0.2532  0.8986

PART 63
OFFSET  9.2755 -0.7579 -7.1511
X -0.7855 -0.5389  0.3042
Y -0.5310  0.8394  0.1159
Z -0.3178 -0.0705 -0.9455

PART 64
OFFSET  8.0008 -2.6387 -5.6888
X -0.9957  0.0471  0.0802
Y  0.0034 -0.8431  0.5377
Z  0.0930  0.5356  0.8393

PART 65
OFFSET  10.5712 -2.8589 -6.0099
X -0.3744 -0.7961  0.4754
Y  0.8432 -0.5056 -0.1826
Z  0.3857  0.3325  0.8606

PART 66
OFFSET  11.2086 -1.5033 -6.8190
X  0.6863 -0.7268 -0.0271
Y  0.6270  0.6101 -0.4844
Z  0.3686  0.3155  0.8744

PART 67
OFFSET  10.2574 -0.4963 -6.7816
X  0.9180  0.0354 -0.3949
Y -0.1573  0.9468 -0.2806
Z  0.3640  0.3198  0.8748

PART 68
OFFSET  9.2617 -0.5347 -6.3533
X -0.6444 -0.5542  0.5269
Y -0.6705  0.7408 -0.0409
Z -0.3676 -0.3797 -0.8489

PART 69
OFFSET  2.6062 -2.2572 -5.5860
X -0.9926 -0.0923  0.0787
Y -0.1210  0.8002 -0.5874
Z -0.0088 -0.5926 -0.8055

PART 70
OFFSET  10.4708 -2.5091 -3.8373
X -0.8485 -0.2284  0.4774
Y  0.4076 -0.8573  0.3144
Z  0.3374  0.4614  0.8205

PART 71
OFFSET  11.9647 -2.1068 -4.6778
X -0.7870 -0.3285  0.5222
Y  0.5281 -0.7962  0.2951
Z  0.3188  0.5080  0.8002

PART 72
OFFSET  12.9408 -1.6765 -5.2640
X -0.4664 -0.6997  0.5412
Y  0.8411 -0.5402  0.0265
Z  0.2738  0.4676  0.8405

PART 73
OFFSET  13.4676 -0.8862 -5.8753
X -0.5304  0.8469  0.0363
Y  0.6556  0.4370 -0.6158
Z -0.5374 -0.3029 -0.7870

PART 74
OFFSET  10.5901 -2.9295 -4.8520
X -0.4890 -0.7210  0.4909
Y  0.8443 -0.5326  0.0588
Z  0.2191  0.4433  0.8692

PART 75
OFFSET  11.5454 -1.5209 -5.8110
X  0.5994 -0.7645  0.2373
Y  0.7596  0.4496 -0.4701
Z  0.2527  0.4620  0.8501

PART 76
OFFSET  10.6700 -0.4044 -6.1580
X  0.9518 -0.0252 -0.3058
Y -0.1338  0.8627 -0.4877
Z  0.2761  0.5051  0.8177

PART 77
OFFSET  9.5900 -0.3788 -5.8177
X -0.6620 -0.5640  0.4937
Y -0.6925  0.7122 -0.1149
Z -0.2868 -0.4180 -0.8620

PART 78
OFFSET  0.0000 -0.0000  0.0000
X  1.0000 -0.0000  0.0000
Y  0.0000  1.0000  0.0000
Z  0.0000 -0.0000  1.0000

PART 79
OFFSET -3.2698 -0.0000 -0.7009
X  0.9992  0.0000  0.0412
Y  0.0085  0.9783 -0.2069
Z -0.0403  0.2071  0.9775

PART 80
OFFSET -1.8974  0.8565  3.4052
X  0.9992  0.0000  0.0412
Y  0.0085  0.9783 -0.2069
Z -0.0403  0.2071  0.9775


FRAME 38
PART 0
OFFSET  0.0000 -0.0000  0.0000
X  1.0000 -0.0000  0.0000
Y  0.0000  1.0000  0.0000
Z  0.0000 -0.0000  1.0000

PART 1
OFFSET -4.6318 -0.0000 -1.3770
X  1.0000 -0.0000  0.0000
Y  0.0000  1.0000  0.0000
Z  0.0000 -0.0000  1.0000

PART 2
OFFSET -6.7297  14.0869 -4.3634
X  0.8641 -0.2496 -0.4371
Y -0.4024 -0.8642 -0.3021
Z -0.3024  0.4370 -0.8471

PART 3
OFFSET  3.7203  11.0686 -9.6502
X  0.5423 -0.8112  0.2186
Y -0.6750 -0.2658  0.6883
Z -0.5003 -0.5208 -0.6917

PART 4
OFFSET  8.3330  4.1687 -7.7910
X  0.5423 -0.8112  0.2186
Y  0.2198  0.3881  0.8950
Z -0.8109 -0.4374  0.3888

PART 5
OFFSET  10.3760  3.9411 -7.3162
X  0.5477 -0.8082  0.2164
Y  0.5084  0.5269  0.6811
Z -0.6645 -0.2630  0.6995

PART 6
OFFSET  9.3652  3.2994 -8.9386
X  0.5477 -0.8082  0.2164
Y  0.5084  0.5269  0.6811
Z -0.6645 -0.2630  0.6995

PART 7
OFFSET  8.8758  2.7372 -5.6616
X  0.5477 -0.8082  0.2164
Y  0.5084  0.5269  0.6811
Z -0.6645 -0.2630  0.6995

PART 8
OFFSET  8.1087  2.1115 -6.5395
X  0.5477 -0.8082  0.2164
Y  0.5084  0.5269  0.6811
Z -0.6645 -0.2630  0.6995

PART 9
OFFSET  8.0410  2.2093 -7.7593
X  0.5477 -0.8082  0.2164
Y  0.5084  0.5269  0.6811
Z -0.6645 -0.2630  0.6995

PART 10
OFFSET  9.9956  1.6817 -7.1208
X  0.8812 -0.4375 -0.1790
Y  0.3501  0.3498  0.8690
Z -0.3176 -0.8284  0.4614

PART 11
OFFSET  10.5994  1.4822 -6.1733
X  0.7467 -0.0211  0.6649
Y -0.3055  0.8770  0.3709
Z -0.5909 -0.4801  0.6484

PART 12
OFFSET  12.1473  1.4976 -4.6655
X  0.9819 -0.1860  0.0369
Y  0.0488  0.4360  0.8986
Z -0.1832 -0.8805  0.4372

PART 13
OFFSET  13.7090  1.0728 -4.6106
X  0.4725 -0.7198  0.5085
Y  0.1351  0.6293  0.7653
Z -0.8709 -0.2929  0.3946

PART 14
OFFSET  14.1824  0.2917 -4.0296
X  0.9361 -0.2135  0.2796
Y  0.3482  0.4498 -0.8224
Z  0.0498  0.8672  0.4954

PART 15
OFFSET  10.3022  0.7695 -8.1095
X  0.4854 -0.6612 -0.5720
Y -0.3314 -0.7446  0.5795
Z -0.8091 -0.0917 -0.5805

PART 16
OFFSET  11.4700 -0.7940 -9.2391
X  0.5263 -0.7733 -0.3536
Y -0.5358 -0.6245  0.5683
Z -0.6603 -0.1096 -0.7430

PART 17
OFFSET  12.2151 -1.8889 -9.7397
X  0.1593 -0.9863  0.0422
Y -0.7685 -0.0970  0.6324
Z -0.6197 -0.1332 -0.7735

PART 18
OFFSET  12.3563 -2.7634 -9.7023
X -0.2477 -0.8884  0.3864
Y -0.6989  0.4401  0.5638
Z -0.6710 -0.1304 -0.7299

PART 19
OFFSET  12.1210 -3.6074 -9.3352
X  0.7252  0.4221 -0.5439
Y -0.4530  0.8875  0.0848
Z  0.5185  0.1850  0.8348

PART 20
OFFSET  10.7730  1.0214 -7.6358
X  0.7292 -0.5288 -0.4344
Y -0.3507 -0.8338  0.4264
Z -0.5877 -0.1586 -0.7934

PART 21
OFFSET  12.5768 -0.4444 -8.8003
X  0.5086 -0.8431 -0.1744
Y -0.6248 -0.5008  0.5990
Z -0.5924 -0.1957 -0.7815

PART 22
OFFSET  13.4428 -1.8798 -9.0972
X  0.1421 -0.9767  0.1611
Y -0.8101 -0.0212  0.5859
Z -0.5688 -0.2137 -0.7942

PART 23
OFFSET  13.6397 -3.2334 -8.8740
X -0.0385 -0.9595  0.2791
Y -0.8189  0.1903  0.5415
Z -0.5727 -0.2077 -0.7930

PART 24
OFFSET  13.5979 -4.2740 -8.5713
X  0.4711  0.6672 -0.5770
Y -0.6234  0.7146  0.3173
Z  0.6240  0.2102  0.7526

PART 25
OFFSET  13.0978  0.4443 -6.0454
X  0.6731 -0.7096 -0.2082
Y  0.5734  0.6786 -0.4592
Z  0.4671  0.1897  0.8636

PART 26
OFFSET  13.8114  0.5485 -7.3342
X  0.6063 -0.7942  0.0402
Y -0.6189 -0.4395  0.6510
Z -0.4994 -0.4196 -0.7580

PART 27
OFFSET  14.8789 -0.8498 -7.2634
X  0.3573 -0.9340  0.0002
Y -0.7550 -0.2887  0.5888
Z -0.5498 -0.2105 -0.8083

PART 28
OFFSET  15.3467 -1.9725 -7.2140
X  0.4433 -0.8757  0.1912
Y -0.7594 -0.2536  0.5991
Z -0.4762 -0.4108 -0.7775

PART 29
OFFSET  15.8474 -2.9616 -6.9980
X  0.4073  0.3985 -0.8218
Y -0.5823  0.8065  0.1025
Z  0.7036  0.4368  0.5605

PART 30
OFFSET  13.2806  0.0671 -8.1751
X  0.5348 -0.8449 -0.0122
Y -0.7001 -0.4511  0.5536
Z -0.4732 -0.2875 -0.8327

PART 31
OFFSET  14.3253 -1.5835 -8.1989
X  0.2105 -0.9615  0.1765
Y -0.8217 -0.0762  0.5648
Z -0.5296 -0.2639 -0.8061

PART 32
OFFSET  14.6327 -2.9879 -7.9411
X -0.0193 -0.9528  0.3030
Y -0.8277  0.1852  0.5297
Z -0.5608 -0.2406 -0.7922

PART 33
OFFSET  14.6075 -4.0689 -7.6039
X  0.5793  0.6277 -0.5200
Y -0.6611  0.7350  0.1507
Z  0.4768  0.2565  0.8408

PART 34
OFFSET  11.7121 -0.9554 -7.3712
X -0.6402 -0.1716 -0.7488
Y  0.3176  0.8284 -0.4614
Z  0.6995 -0.5332 -0.4758

PART 35
OFFSET  11.2588 -1.1393 -4.4384
X  0.9949 -0.0201 -0.0988
Y -0.0096  0.9567 -0.2909
Z  0.1004  0.2903  0.9517

PART 36
OFFSET  11.2588 -1.1393 -4.4384
X  0.9949 -0.0201 -0.0988
Y -0.0096  0.9567 -0.2909
Z  0.1004  0.2903  0.9517

PART 37
OFFSET  14.5481 -0.9607 -4.4775
X  0.9949 -0.0201 -0.0988
Y -0.0096  0.9567 -0.2909
Z  0.1004  0.2903  0.9517

PART 38
OFFSET  12.8630 -0.6913 -3.0177
X  0.9949 -0.0201 -0.0988
Y -0.0096  0.9567 -0.2909
Z  0.1004  0.2903  0.9517

PART 39
OFFSET -119.7282 -19.5300 -46.0077
X  0.9926 -0.0260 -0.1182
Y -0.0096  0.9567 -0.2909
Z  0.1207  0.2898  0.9494

PART 40
OFFSET  12.7741 -0.8725 -3.6096
X  0.9926 -0.0260 -0.1182
Y -0.0096  0.9567 -0.2909
Z  0.1207  0.2898  0.9494

PART 41
OFFSET  12.8071 -0.2713 -3.4763
X  0.9926 -0.0260 -0.1182
Y -0.0096  0.9567 -0.2909
Z  0.1207  0.2898  0.9494

PART 42
OFFSET  12.8864 -0.0816 -2.8765
X  0.9926 -0.0260 -0.1182
Y -0.0096  0.9567 -0.2909
Z  0.1207  0.2898  0.9494

PART 43
OFFSET  12.9306 -0.5102 -2.4238
X  0.9926 -0.0260 -0.1182
Y -0.0096  0.9567 -0.2909
Z  0.1207  0.2898  0.9494

PART 44
OFFSET  12.8975 -1.1140 -2.5591
X  0.9926 -0.0260 -0.1182
Y -0.0096  0.9567 -0.2909
Z  0.1207  0.2898  0.9494

PART 45
OFFSET  12.8196 -1.2925 -3.1500
X  0.9926 -0.0260 -0.1182
Y -0.0096  0.9567 -0.2909
Z  0.1207  0.2898  0.9494

PART 46
OFFSET -117.8891 -19.5782 -46.2267
X  0.9926 -0.0260 -0.1182
Y -0.0096  0.9567 -0.2909
Z  0.1207  0.2898  0.9494

PART 47
OFFSET  11.2631 -0.6128 -3.3380
X  0.9949 -0.0201 -0.0988
Y -0.0096  0.9567 -0.2909
Z  0.1004  0.2903  0.9517

PART 48
OFFSET -7.8375 -4.9482 -0.8982
X -0.5481  0.4426  0.7097
Y -0.1353 -0.8842  0.4470
Z  0.8254  0.1490  0.5445

PART 49
OFFSET -1.2086 -10.3011 -9.4811
X -0.6397 -0.6620 -0.3906
Y  0.7058 -0.3047 -0.6395
Z  0.3044 -0.6848  0.6621

PART 50
OFFSET  4.2325 -4.6707 -6.1591
X -0.6397 -0.6620 -0.3906
Y  0.7577 -0.4577 -0.4652
Z  0.1292 -0.5935  0.7944

PART 51
OFFSET  4.2788 -2.7055 -5.8806
X -0.6450 -0.6578 -0.3890
Y -0.3130  0.6918 -0.6508
Z  0.6971 -0.2980 -0.6521

PART 52
OFFSET  4.0289 -2.5701 -4.7189
X -0.6450 -0.6578 -0.3890
Y -0.3130  0.6918 -0.6508
Z  0.6971 -0.2980 -0.6521

PART 53
OFFSET  4.6597 -3.4889 -3.9437
X -0.6450 -0.6578 -0.3890
Y -0.3130  0.6918 -0.6508
Z  0.6971 -0.2980 -0.6521

PART 54
OFFSET  6.1936 -2.6413 -4.9617
X -0.9767  0.0291 -0.2126
Y  0.1667 -0.5212 -0.8370
Z -0.1352 -0.8530  0.5042

PART 55
OFFSET  6.5277 -1.8013 -4.2653
X -0.5768 -0.7568 -0.3074
Y  0.6359 -0.1798 -0.7506
Z  0.5128 -0.6284  0.5849

PART 56
OFFSET  7.6803 -0.1151 -3.5594
X -0.9565 -0.1083  0.2710
Y -0.0990 -0.7531 -0.6504
Z  0.2746 -0.6489  0.7096

PART 57
OFFSET  9.1876  0.0876 -4.1153
X -0.5652  0.3619  0.7413
Y -0.7274 -0.6425 -0.2409
Z  0.3891 -0.6754  0.6264

PART 58
OFFSET  9.7934 -0.2620 -4.9415
X -0.8171  0.5686  0.0952
Y  0.2485  0.4963 -0.8318
Z -0.5202 -0.6560 -0.5468

PART 59
OFFSET  7.2259 -3.0515 -5.7800
X -0.9529  0.0553  0.2983
Y  0.1038 -0.8644  0.4920
Z  0.2850  0.4998  0.8179

PART 60
OFFSET  9.3957 -2.9967 -6.3919
X -0.3369 -0.8643  0.3735
Y  0.8664 -0.4398 -0.2363
Z  0.3686  0.2440  0.8970

PART 61
OFFSET  9.8726 -1.7731 -6.9207
X  0.5330 -0.8461  0.0028
Y  0.7792  0.4895 -0.3915
Z  0.3299  0.2108  0.9202

PART 62
OFFSET  9.4000 -1.0230 -6.9231
X  0.9264 -0.1121 -0.3594
Y  0.0099  0.9616 -0.2744
Z  0.3763  0.2507  0.8919

PART 63
OFFSET  8.5198 -0.9164 -6.5817
X -0.7692 -0.5541  0.3182
Y -0.5411  0.8298  0.1368
Z -0.3398 -0.0669 -0.9381

PART 64
OFFSET  7.3112 -2.8306 -5.1067
X -0.9940  0.0305  0.1049
Y  0.0299 -0.8479  0.5294
Z  0.1051  0.5293  0.8419

PART 65
OFFSET  9.8760 -3.0068 -5.4925
X -0.3500 -0.8063  0.4768
Y  0.8463 -0.4904 -0.2079
Z  0.4015  0.3307  0.8541

PART 66
OFFSET  10.4720 -1.6339 -6.3039
X  0.6968 -0.7155 -0.0508
Y  0.6052  0.6244 -0.4937
Z  0.3849  0.3133  0.8681

PART 67
OFFSET  9.5063 -0.6425 -6.2337
X  0.9074  0.0537 -0.4169
Y -0.1790  0.9467 -0.2677
Z  0.3803  0.3175  0.8687

PART 68
OFFSET  8.5222 -0.7007 -5.7816
X -0.6225 -0.5692  0.5372
Y -0.6829  0.7303 -0.0174
Z -0.3824 -0.3777 -0.8433

PART 69
OFFSET  1.9154 -2.5363 -4.8686
X -0.9888 -0.1089  0.1021
Y -0.1480  0.8035 -0.5766
Z -0.0192 -0.5852 -0.8106

PART 70
OFFSET  9.8237 -2.6787 -3.3149
X -0.8328 -0.2463  0.4958
Y  0.4287 -0.8535  0.2962
Z  0.3502  0.4592  0.8164

PART 71
OFFSET  11.2899 -2.2448 -4.1878
X -0.7687 -0.3458  0.5381
Y  0.5477 -0.7904  0.2745
Z  0.3304  0.5057  0.7970

PART 72
OFFSET  12.2444 -1.7936 -4.7935
X -0.4419 -0.7119  0.5458
Y  0.8499 -0.5269  0.0008
Z  0.2870  0.4642  0.8379

PART 73
OFFSET  12.7435 -0.9895 -5.4099
X -0.5427  0.8380  0.0573
Y  0.6333  0.4530 -0.6275
Z -0.5518 -0.3042 -0.7765

PART 74
OFFSET  9.9245 -3.0878 -4.3361
X -0.4654 -0.7332  0.4958
Y  0.8538 -0.5196  0.0331
Z  0.2333  0.4387  0.8678

PART 75
