// Export filename: `C:\projects\cod\t5\xanim_export\t5_viewmodels\python\python_dw_full_sprint_out.XANIM_EXPORT`
// Source filename: `D:\projects\devanim\t5\animation_assets\viewmodels/python/ViewModel_python_DW_animated.fbx`
// Export time: Thu Aug 05 23:16:25 2010

ANIMATION
VERSION 3

NUMPARTS 94
PART 0 "tag_ads"
PART 1 "tag_torso"
PART 2 "J_Shoulder_LE"
PART 3 "J_Elbow_LE"
PART 4 "J_WristTwist_LE"
PART 5 "J_Sleave_Reshape_Bottom_LE_1"
PART 6 "J_Sleave_Reshape_Bottom_LE_2"
PART 7 "J_Sleave_Reshape_Top_LE_1"
PART 8 "J_Sleave_Reshape_Top_LE_2"
PART 9 "J_Sleave_Reshape_Top_LE_3"
PART 10 "J_Wrist_LE"
PART 11 "J_Thumb_LE_0"
PART 12 "J_Thumb_LE_1"
PART 13 "J_Thumb_LE_2"
PART 14 "J_Thumb_LE_3"
PART 15 "J_PinkyPalm_LE"
PART 16 "J_Pinky_LE_0"
PART 17 "J_Pinky_LE_1"
PART 18 "J_Pinky_LE_2"
PART 19 "J_Pinky_LE_3"
PART 20 "J_RingPalm_LE"
PART 21 "J_Ring_LE_0"
PART 22 "J_Ring_LE_1"
PART 23 "J_Ring_LE_2"
PART 24 "J_Ring_LE_3"
PART 25 "J_Webbing_LE"
PART 26 "J_Index_LE_0"
PART 27 "J_Index_LE_1"
PART 28 "J_Index_LE_2"
PART 29 "J_Index_LE_3"
PART 30 "J_Mid_LE_0"
PART 31 "J_Mid_LE_1"
PART 32 "J_Mid_LE_2"
PART 33 "J_Mid_LE_3"
PART 34 "tag_knife_attach"
PART 35 "tag_weapon"
PART 36 "J_Gun"
PART 37 "TAG_CLIP"
PART 38 "J_Bolt"
PART 39 "tag_speedloader"
PART 40 "tag_spent0"
PART 41 "tag_spent1"
PART 42 "tag_spent2"
PART 43 "tag_spent3"
PART 44 "tag_spent4"
PART 45 "tag_spent5"
PART 46 "tag_bullets"
PART 47 "J_Press_Rear"
PART 48 "tag_weapon1"
PART 49 "J_Gun1"
PART 50 "TAG_CLIP1"
PART 51 "J_Bolt1"
PART 52 "tag_speedloader1"
PART 53 "tag_spent01"
PART 54 "tag_spent11"
PART 55 "tag_spent21"
PART 56 "tag_spent31"
PART 57 "tag_spent41"
PART 58 "tag_spent51"
PART 59 "tag_bullets1"
PART 60 "J_Press_Rear1"
PART 61 "J_Shoulder_RI"
PART 62 "J_Elbow_RI"
PART 63 "J_WristTwist_RI"
PART 64 "J_Sleave_Reshape_Top_RI_3"
PART 65 "J_Sleave_Reshape_Top_RI_2"
PART 66 "J_Sleave_Reshape_Top_RI_1"
PART 67 "J_Wrist_RI"
PART 68 "J_Thumb_RI_0"
PART 69 "J_Thumb_RI_1"
PART 70 "J_Thumb_RI_2"
PART 71 "J_Thumb_RI_3"
PART 72 "J_PinkyPalm_RI"
PART 73 "J_Pinky_RI_0"
PART 74 "J_Pinky_RI_1"
PART 75 "J_Pinky_RI_2"
PART 76 "J_Pinky_RI_3"
PART 77 "J_RingPalm_RI"
PART 78 "J_Ring_RI_0"
PART 79 "J_Ring_RI_1"
PART 80 "J_Ring_RI_2"
PART 81 "J_Ring_RI_3"
PART 82 "J_Webbing_RI"
PART 83 "J_Index_RI_0"
PART 84 "J_Index_RI_1"
PART 85 "J_Index_RI_2"
PART 86 "J_Index_RI_3"
PART 87 "J_Mid_RI_0"
PART 88 "J_Mid_RI_1"
PART 89 "J_Mid_RI_2"
PART 90 "J_Mid_RI_3"
PART 91 "tag_cambone"
PART 92 "tag_camera"
PART 93 "tag_gasmask"

FRAMERATE 30
NUMFRAMES 11

FRAME 440
PART 0
OFFSET  0.0000 -0.0000 -0.0000
X  1.0000 -0.0000  0.0000
Y  0.0000  1.0000  0.0000
Z  0.0000 -0.0000  1.0000

PART 1
OFFSET -4.6318 -0.0000 -1.3770
X  1.0000 -0.0000  0.0000
Y  0.0000  1.0000  0.0000
Z  0.0000 -0.0000  1.0000

PART 2
OFFSET -6.9126  11.3680 -6.6068
X  0.7140 -0.2349 -0.6596
Y  0.2979 -0.7507  0.5897
Z -0.6336 -0.6175 -0.4660

PART 3
OFFSET  1.7221  8.5274 -14.5839
X  0.1976  0.2524  0.9473
Y -0.9780  0.1165  0.1729
Z -0.0667 -0.9606  0.2698

PART 4
OFFSET  3.4024  10.6739 -6.5272
X  0.1976  0.2524  0.9473
Y -0.9643 -0.1237  0.2341
Z  0.1763 -0.9597  0.2189

PART 5
OFFSET  4.7711  11.7648 -5.6286
X  0.2036  0.2543  0.9455
Y  0.0802  0.9581 -0.2750
Z -0.9758  0.1318  0.1746

PART 6
OFFSET  4.7820  10.0820 -5.5866
X  0.2036  0.2543  0.9455
Y  0.0802  0.9581 -0.2750
Z -0.9758  0.1318  0.1746

PART 7
OFFSET  2.3839  12.0870 -4.6624
X  0.2036  0.2543  0.9455
Y  0.0802  0.9581 -0.2750
Z -0.9758  0.1318  0.1746

PART 8
OFFSET  2.0648  10.8145 -4.3620
X  0.2036  0.2543  0.9455
Y  0.0802  0.9581 -0.2750
Z -0.9758  0.1318  0.1746

PART 9
OFFSET  2.8868  10.0234 -4.7281
X  0.2036  0.2543  0.9455
Y  0.0802  0.9581 -0.2750
Z -0.9758  0.1318  0.1746

PART 10
OFFSET  4.0081  11.4476 -3.6232
X  0.4842  0.5160 -0.7066
Y  0.8749 -0.2804  0.3949
Z  0.0056 -0.8094 -0.5872

PART 11
OFFSET  5.0726  11.0767 -3.8011
X  0.7724 -0.3172 -0.5502
Y  0.5341 -0.1442  0.8330
Z -0.3436 -0.9373  0.0581

PART 12
OFFSET  6.7736  10.3256 -4.9020
X  0.0530  0.2992 -0.9527
Y  0.9118 -0.4035 -0.0760
Z -0.4071 -0.8647 -0.2942

PART 13
OFFSET  6.7592  10.7359 -6.4684
X -0.3559  0.2041 -0.9120
Y  0.8775 -0.2626 -0.4012
Z -0.3214 -0.9431 -0.0856

PART 14
OFFSET  6.3746  10.9089 -7.4654
X  0.1246  0.7023 -0.7009
Y  0.1870  0.6771  0.7117
Z  0.9744 -0.2198 -0.0470

PART 15
OFFSET  3.4822  12.0208 -4.7626
X  0.0394  0.3831 -0.9229
Y -0.0576 -0.9212 -0.3848
Z -0.9976  0.0683 -0.0143

PART 16
OFFSET  3.7090  12.7586 -6.8813
X  0.0290 -0.7954 -0.6054
Y  0.2134 -0.5868  0.7811
Z -0.9765 -0.1519  0.1527

PART 17
OFFSET  3.7501  11.6325 -7.7384
X  0.2012 -0.9275  0.3150
Y  0.0396  0.3290  0.9435
Z -0.9787 -0.1774  0.1029

PART 18
OFFSET  3.9285  10.8101 -7.4591
X  0.1979 -0.2706  0.9421
Y -0.0941  0.9514  0.2931
Z -0.9757 -0.1467  0.1628

PART 19
OFFSET  4.1165  10.5530 -6.5641
X  0.0488 -0.3691 -0.9281
Y -0.3217  0.8739 -0.3644
Z  0.9456  0.3164 -0.0761

PART 20
OFFSET  4.1693  12.0610 -4.5736
X  0.1922  0.5723 -0.7972
Y -0.0427 -0.8067 -0.5894
Z -0.9804  0.1473 -0.1306

PART 21
OFFSET  4.6103  13.2338 -6.8514
X -0.0778 -0.7629 -0.6418
Y  0.2312 -0.6400  0.7327
Z -0.9698 -0.0914  0.2262

PART 22
OFFSET  4.4778  11.9350 -7.9441
X  0.1961 -0.8444  0.4986
Y  0.1170  0.5250  0.8430
Z -0.9736 -0.1070  0.2017

PART 23
OFFSET  4.7495  10.7648 -7.2531
X  0.2098 -0.1056  0.9720
Y -0.0773  0.9892  0.1241
Z -0.9747 -0.1012  0.1993

PART 24
OFFSET  4.9770  10.6503 -6.1989
X -0.1756 -0.4836 -0.8575
Y -0.1416  0.8744 -0.4641
Z  0.9742  0.0399 -0.2221

PART 25
OFFSET  6.8931  12.1591 -5.4892
X  0.2880  0.3146 -0.9045
Y  0.1695  0.9128  0.3715
Z  0.9425 -0.2603  0.2095

PART 26
OFFSET  6.5528  13.5474 -5.8605
X  0.0290 -0.0178 -0.9994
Y  0.0106 -0.9998  0.0181
Z -0.9995 -0.0112 -0.0288

PART 27
OFFSET  6.6038  13.5160 -7.6201
X -0.0325 -0.1704 -0.9848
Y -0.0467 -0.9840  0.1718
Z -0.9984  0.0515  0.0240

PART 28
OFFSET  6.6249  13.3057 -8.8188
X  0.0758 -0.4499 -0.8898
Y -0.0503 -0.8930  0.4472
Z -0.9959  0.0109 -0.0903

PART 29
OFFSET  6.7105  12.7975 -9.8240
X -0.2593  0.9557 -0.1395
Y  0.0465  0.1566  0.9866
Z  0.9647  0.2494 -0.0851

PART 30
OFFSET  5.5530  13.6513 -6.3188
X -0.0686 -0.6280 -0.7751
Y  0.0951 -0.7776  0.6216
Z -0.9931 -0.0310  0.1130

PART 31
OFFSET  5.4190  12.4244 -7.8331
X  0.0637 -0.9561  0.2859
Y  0.1487  0.2924  0.9447
Z -0.9868 -0.0176  0.1608

PART 32
OFFSET  5.5120  11.0278 -7.4156
X  0.1849 -0.2439  0.9520
Y  0.0678  0.9696  0.2353
Z -0.9804  0.0210  0.1958

PART 33
OFFSET  5.7144  10.7510 -6.3361
X -0.1224 -0.4336 -0.8928
Y -0.1400  0.8981 -0.4169
Z  0.9826  0.0740 -0.1706

PART 34
OFFSET  4.8580  11.7641 -6.6466
X -0.9899  0.0789 -0.1182
Y -0.0056  0.8094  0.5872
Z  0.1420  0.5819 -0.8008

PART 35
OFFSET  9.2790 -11.6922 -13.1533
X  0.5995 -0.4428 -0.6667
Y  0.0104  0.8373 -0.5467
Z  0.8003  0.3208  0.5066

PART 36
OFFSET  9.2790 -11.6922 -13.1533
X  0.5995 -0.4428 -0.6667
Y  0.0104  0.8373 -0.5467
Z  0.8003  0.3208  0.5066

PART 37
OFFSET  11.5186 -12.9045 -15.2431
X  0.5995 -0.4428 -0.6667
Y  0.0104  0.8373 -0.5467
Z  0.8003  0.3208  0.5066

PART 38
OFFSET  11.4613 -11.8057 -13.2855
X  0.5995 -0.4428 -0.6667
Y  0.0104  0.8373 -0.5467
Z  0.8003  0.3208  0.5066

PART 39
OFFSET -320.3348 -5.1251  0.0032
X  0.9998  0.0018 -0.0204
Y -0.0001  0.9965  0.0833
Z  0.0204 -0.0833  0.9963

PART 40
OFFSET  10.8964 -11.9947 -13.5565
X  0.5830 -0.4492 -0.6770
Y  0.0104  0.8373 -0.5467
Z  0.8124  0.3117  0.4928

PART 41
OFFSET  11.1596 -11.4210 -13.7123
X  0.5830 -0.4492 -0.6770
Y  0.0104  0.8373 -0.5467
Z  0.8124  0.3117  0.4928

PART 42
OFFSET  11.6767 -11.2189 -13.4051
X  0.5830 -0.4492 -0.6770
Y  0.0104  0.8373 -0.5467
Z  0.8124  0.3117  0.4928

PART 43
OFFSET  11.9367 -11.5812 -12.9426
X  0.5830 -0.4492 -0.6770
Y  0.0104  0.8373 -0.5467
Z  0.8124  0.3117  0.4928

PART 44
OFFSET  11.6698 -12.1491 -12.7943
X  0.5830 -0.4492 -0.6770
Y  0.0104  0.8373 -0.5467
Z  0.8124  0.3117  0.4928

PART 45
OFFSET  11.1626 -12.3279 -13.1083
X  0.5830 -0.4492 -0.6770
Y  0.0104  0.8373 -0.5467
Z  0.8124  0.3117  0.4928

PART 46
OFFSET -187.2060  137.3365  210.4967
X  0.5830 -0.4492 -0.6770
Y  0.0104  0.8373 -0.5467
Z  0.8124  0.3117  0.4928

PART 47
OFFSET  10.1727 -11.1024 -12.5688
X  0.6366 -0.4271 -0.6421
Y  0.0104  0.8373 -0.5467
Z  0.7711  0.3413  0.5375

PART 48
OFFSET  6.8283  12.4208 -7.8437
X  0.3303  0.3135 -0.8903
Y -0.2171  0.9432  0.2516
Z  0.9186  0.1102  0.3796

PART 49
OFFSET  6.8283  12.4208 -7.8437
X  0.3303  0.3135 -0.8903
Y -0.2171  0.9432  0.2516
Z  0.9186  0.1102  0.3796

PART 50
OFFSET  8.1933  13.6269 -10.5886
X  0.3303  0.3135 -0.8903
Y -0.2171  0.9432  0.2516
Z  0.9186  0.1102  0.3796

PART 51
OFFSET  8.8154  13.0553 -8.5079
X  0.3303  0.3135 -0.8903
Y -0.2171  0.9432  0.2516
Z  0.9186  0.1102  0.3796

PART 52
OFFSET -320.3348  5.9563  0.1364
X  0.9998 -0.0013 -0.0204
Y -0.0001  0.9975 -0.0704
Z  0.0204  0.0704  0.9973

PART 53
OFFSET  8.1998  12.9473 -8.6976
X  0.3115  0.3112 -0.8979
Y -0.2171  0.9432  0.2516
Z  0.9251  0.1166  0.3613

PART 54
OFFSET  8.3689  13.5110 -8.4454
X  0.3115  0.3112 -0.8979
Y -0.2171  0.9432  0.2516
Z  0.9251  0.1166  0.3613

PART 55
OFFSET  8.9482  13.6092 -8.2140
X  0.3115  0.3112 -0.8979
Y -0.2171  0.9432  0.2516
Z  0.9251  0.1166  0.3613

PART 56
OFFSET  9.3927  13.1043 -8.2357
X  0.3115  0.3112 -0.8979
Y -0.2171  0.9432  0.2516
Z  0.9251  0.1166  0.3613

PART 57
OFFSET  9.2046  12.5695 -8.4849
X  0.3115  0.3112 -0.8979
Y -0.2171  0.9432  0.2516
Z  0.9251  0.1166  0.3613

PART 58
OFFSET  8.6071  12.4799 -8.7203
X  0.3115  0.3112 -0.8979
Y -0.2171  0.9432  0.2516
Z  0.9251  0.1166  0.3613

PART 59
OFFSET -99.6934 -91.0643  290.1147
X  0.3115  0.3112 -0.8979
Y -0.2171  0.9432  0.2516
Z  0.9251  0.1166  0.3613

PART 60
OFFSET  7.8531  12.6902 -7.2393
X  0.3733  0.3183 -0.8714
Y -0.2171  0.9432  0.2516
Z  0.9019  0.0953  0.4212

PART 61
OFFSET -6.9126 -11.3680 -6.6068
X -0.3697  0.3069  0.8770
Y -0.3165 -0.9290  0.1917
Z  0.8736 -0.2067  0.4406

PART 62
OFFSET -2.4414 -15.0799 -17.2130
X -0.6735 -0.3972 -0.6234
Y  0.7186 -0.1545 -0.6780
Z  0.1730 -0.9046  0.3895

PART 63
OFFSET  3.2873 -11.7015 -11.9111
X -0.6735 -0.3972 -0.6234
Y  0.7175 -0.5539 -0.4223
Z -0.1776 -0.7317  0.6581

PART 64
OFFSET  3.5849 -10.0176 -10.7036
X -0.6783 -0.3938 -0.6204
Y -0.1814  0.9079 -0.3780
Z  0.7121 -0.1438 -0.6872

PART 65
OFFSET  3.2060 -10.0973 -9.6262
X -0.6783 -0.3938 -0.6204
Y -0.1814  0.9079 -0.3780
Z  0.7121 -0.1438 -0.6872

PART 66
OFFSET  3.8139 -11.3211 -9.3456
X -0.6783 -0.3938 -0.6204
Y -0.1814  0.9079 -0.3780
Z  0.7121 -0.1438 -0.6872

PART 67
OFFSET  5.3521 -10.4837 -10.0001
X -0.7550  0.5219  0.3970
Y -0.6514 -0.6665 -0.3625
Z  0.0754 -0.5323  0.8432

PART 68
OFFSET  6.2894 -9.8567 -10.1750
X -0.7445 -0.3184  0.5868
Y -0.2442 -0.6882 -0.6832
Z  0.6214 -0.6520  0.4346

PART 69
OFFSET  7.8858 -9.0646 -11.3972
X -0.3803  0.5418  0.7496
Y -0.7264 -0.6766  0.1205
Z  0.5724 -0.4987  0.6509

PART 70
OFFSET  8.3923 -9.9238 -12.6730
X  0.0283  0.6894  0.7239
Y -0.8211 -0.3970  0.4101
Z  0.5700 -0.6060  0.5548

PART 71
OFFSET  8.3496 -10.6348 -13.4881
X -0.5145  0.8163  0.2624
Y -0.2036  0.1810 -0.9622
Z -0.8330 -0.5485  0.0731

PART 72
OFFSET  5.2783 -11.5315 -10.8946
X -0.3536  0.6214  0.6992
Y  0.2113 -0.6751  0.7069
Z  0.9112  0.3977  0.1074

PART 73
OFFSET  6.1796 -12.7870 -12.5366
X  0.0156 -0.6169  0.7869
Y  0.1330 -0.7787 -0.6131
Z  0.9910  0.1142  0.0699

PART 74
OFFSET  6.1576 -11.9136 -13.6506
X  0.0961 -0.9940  0.0521
Y  0.1289 -0.0395 -0.9909
Z  0.9870  0.1020  0.1244

PART 75
OFFSET  6.0723 -11.0322 -13.6968
X  0.1126 -0.6210 -0.7757
Y -0.0481  0.7763 -0.6285
Z  0.9925  0.1081  0.0575

PART 76
OFFSET  5.9654 -10.4423 -12.9598
X -0.1994 -0.0280  0.9795
Y  0.0167  0.9994  0.0320
Z -0.9798  0.0227 -0.1988

PART 77
OFFSET  5.8878 -11.2776 -10.6233
X -0.5292  0.5892  0.6106
Y  0.1975 -0.6143  0.7640
Z  0.8252  0.5249  0.2087

PART 78
OFFSET  7.1429 -12.8984 -12.2220
X  0.0966 -0.5467  0.8317
Y  0.1105 -0.8246 -0.5549
Z  0.9892  0.1455 -0.0193

PART 79
OFFSET  6.9784 -11.9676 -13.6380
X  0.1374 -0.9800 -0.1441
Y -0.0125  0.1438 -0.9895
Z  0.9904  0.1378  0.0075

PART 80
OFFSET  6.7879 -10.6094 -13.4383
X  0.0788 -0.4887 -0.8689
Y -0.1208  0.8605 -0.4949
Z  0.9896  0.1439  0.0088

PART 81
OFFSET  6.7025 -10.0794 -12.4959
X  0.0531 -0.0841  0.9950
Y -0.1865  0.9781  0.0926
Z -0.9810 -0.1905  0.0363

PART 82
OFFSET  2.8011 -8.0333 -7.5893
X -0.5634  0.4719  0.6781
Y -0.3169  0.6345 -0.7049
Z -0.7630 -0.6121 -0.2079

PART 83
OFFSET  8.8133 -12.2124 -10.9602
X -0.2076  0.2251  0.9520
Y  0.2828 -0.9178  0.2787
Z  0.9365  0.3271  0.1269

PART 84
OFFSET  9.1788 -12.6087 -12.6363
X -0.1491  0.0843  0.9852
Y  0.3605 -0.9231  0.1335
Z  0.9208  0.3751  0.1073

PART 85
OFFSET  9.4160 -12.6884 -13.8275
X -0.1062 -0.2110  0.9717
Y  0.3887 -0.9083 -0.1548
Z  0.9152  0.3613  0.1784

PART 86
OFFSET  9.5359 -12.4500 -14.9251
X -0.0589  0.9902 -0.1264
Y  0.0941 -0.1206 -0.9882
Z -0.9938 -0.0701 -0.0861

PART 87
OFFSET  8.0126 -12.7844 -11.4624
X  0.0909 -0.4007  0.9117
Y  0.2988 -0.8623 -0.4088
Z  0.9500  0.3096  0.0414

PART 88
OFFSET  7.8351 -12.0016 -13.2435
X  0.3090 -0.9466  0.0919
Y  0.0271 -0.0878 -0.9958
Z  0.9507  0.3102 -0.0015

PART 89
OFFSET  7.3838 -10.6189 -13.3777
X  0.1534 -0.5743 -0.8041
Y -0.2977  0.7491 -0.5918
Z  0.9422  0.3302 -0.0561

PART 90
OFFSET  7.2032 -9.9703 -12.4670
X  0.0123 -0.0591  0.9982
Y -0.2554  0.9649  0.0603
Z -0.9668 -0.2557 -0.0032

PART 91
OFFSET  0.0000 -0.0000 -0.0000
X  1.0000 -0.0000  0.0000
Y  0.0000  1.0000  0.0000
Z  0.0000 -0.0000  1.0000

PART 92
OFFSET  0.0000 -0.0000 -0.0000
X  1.0000 -0.0000  0.0000
Y  0.0000  1.0000  0.0000
Z  0.0000 -0.0000  1.0000

PART 93
OFFSET  1.5404 -0.0000  4.1357
X  1.0000 -0.0000  0.0000
Y  0.0000  1.0000  0.0000
Z  0.0000 -0.0000  1.0000


FRAME 441
PART 0
OFFSET  0.0000 -0.0000 -0.0000
X  1.0000 -0.0000  0.0000
Y  0.0000  1.0000  0.0000
Z  0.0000 -0.0000  1.0000

PART 1
OFFSET -4.6318 -0.0000 -1.3770
X  1.0000 -0.0000  0.0000
Y  0.0000  1.0000  0.0000
Z  0.0000 -0.0000  1.0000

PART 2
OFFSET -6.9790  11.3680 -6.5111
X  0.7090 -0.2232 -0.6690
Y  0.2843 -0.7776  0.5608
Z -0.6454 -0.5878 -0.4878

PART 3
OFFSET  1.5953  8.6683 -14.6015
X  0.2126  0.2118  0.9539
Y -0.9735  0.1302  0.1881
Z -0.0843 -0.9686  0.2338

PART 4
OFFSET  3.4036  10.4695 -6.4881
X  0.2126  0.2118  0.9539
Y -0.9561 -0.1566  0.2478
Z  0.2018 -0.9647  0.1692

PART 5
OFFSET  4.8044  11.4965 -5.5639
X  0.2186  0.2137  0.9521
Y  0.0977  0.9660 -0.2392
Z -0.9709  0.1453  0.1903

PART 6
OFFSET  4.7799  9.8135 -5.5860
X  0.2186  0.2137  0.9521
Y  0.0977  0.9660 -0.2392
Z -0.9709  0.1453  0.1903

PART 7
OFFSET  2.4346  11.8312 -4.5598
X  0.2186  0.2137  0.9521
Y  0.0977  0.9660 -0.2392
Z -0.9709  0.1453  0.1903

PART 8
OFFSET  2.0916  10.5551 -4.3044
X  0.2186  0.2137  0.9521
Y  0.0977  0.9660 -0.2392
Z -0.9709  0.1453  0.1903

PART 9
OFFSET  2.8928  9.7616 -4.7094
X  0.2186  0.2137  0.9521
Y  0.0977  0.9660 -0.2392
Z -0.9709  0.1453  0.1903

PART 10
OFFSET  4.0554  11.1188 -3.5637
X  0.5066  0.5236 -0.6849
Y  0.8620 -0.2907  0.4153
Z  0.0184 -0.8008 -0.5986

PART 11
OFFSET  5.1227  10.7450 -3.7168
X  0.7862 -0.3133 -0.5327
Y  0.5095 -0.1591  0.8456
Z -0.3496 -0.9362  0.0345

PART 12
OFFSET  6.8507  10.0010 -4.7799
X  0.0815  0.3128 -0.9463
Y  0.9117 -0.4071 -0.0560
Z -0.4028 -0.8582 -0.3183

PART 13
OFFSET  6.8828  10.4341 -6.3399
X -0.3288  0.2192 -0.9186
Y  0.8873 -0.2614 -0.3800
Z -0.3234 -0.9400 -0.1085

PART 14
OFFSET  6.5275  10.6237 -7.3447
X  0.1478  0.7118 -0.6867
Y  0.1700  0.6657  0.7266
Z  0.9743 -0.2242 -0.0226

PART 15
OFFSET  3.5648  11.7113 -4.7090
X  0.0675  0.3962 -0.9157
Y -0.0511 -0.9152 -0.3998
Z -0.9964  0.0737 -0.0415

PART 16
OFFSET  3.8554  12.4786 -6.8093
X  0.0424 -0.7866 -0.6160
Y  0.1883 -0.5992  0.7782
Z -0.9812 -0.1490  0.1228

PART 17
OFFSET  3.9154  11.3649 -7.6814
X  0.1877 -0.9330  0.3069
Y  0.0143  0.3150  0.9490
Z -0.9821 -0.1737  0.0725

PART 18
OFFSET  4.0818  10.5376 -7.4093
X  0.1697 -0.2853  0.9433
Y -0.0978  0.9476  0.3042
Z -0.9806 -0.1439  0.1329

PART 19
OFFSET  4.2430  10.2665 -6.5131
X  0.0734 -0.3558 -0.9317
Y -0.3070  0.8808 -0.3605
Z  0.9489  0.3125 -0.0446

PART 20
OFFSET  4.2465  11.7451 -4.5000
X  0.2175  0.5828 -0.7830
Y -0.0298 -0.7978 -0.6021
Z -0.9756  0.1543 -0.1561

PART 21
OFFSET  4.7577  12.9486 -6.7470
X -0.0632 -0.7531 -0.6549
Y  0.2072 -0.6518  0.7295
Z -0.9762 -0.0896  0.1973

PART 22
OFFSET  4.6501  11.6665 -7.8619
X  0.1777 -0.8525  0.4915
Y  0.0955  0.5120  0.8536
Z -0.9794 -0.1048  0.1724

PART 23
OFFSET  4.8964  10.4850 -7.1807
X  0.1815 -0.1208  0.9759
Y -0.0760  0.9877  0.1364
Z -0.9804 -0.0990  0.1701

PART 24
OFFSET  5.0933  10.3540 -6.1223
X -0.1535 -0.4701 -0.8691
Y -0.1241  0.8818 -0.4550
Z  0.9803  0.0380 -0.1937

PART 25
OFFSET  6.9956  11.8422 -5.3366
X  0.3151  0.3262 -0.8912
Y  0.1633  0.9064  0.3895
Z  0.9349 -0.2683  0.2323

PART 26
OFFSET  6.6727  13.2375 -5.6969
X  0.0573 -0.0034 -0.9984
Y  0.0053 -1.0000  0.0037
Z -0.9983 -0.0055 -0.0573

PART 27
OFFSET  6.7736  13.2315 -7.4546
X -0.0053 -0.1559 -0.9878
Y -0.0563 -0.9862  0.1560
Z -0.9984  0.0564 -0.0035

PART 28
OFFSET  6.8278  13.0385 -8.6552
X  0.0989 -0.4373 -0.8939
Y -0.0673 -0.8991  0.4325
Z -0.9928  0.0174 -0.1183

PART 29
OFFSET  6.9394  12.5445 -9.6649
X -0.2506  0.9589 -0.1327
Y  0.0192  0.1420  0.9897
Z  0.9679  0.2455 -0.0540

PART 30
OFFSET  5.6869  13.3534 -6.1818
X -0.0496 -0.6163 -0.7859
Y  0.0736 -0.7870  0.6125
Z -0.9961 -0.0275  0.0844

PART 31
OFFSET  5.5900  12.1493 -7.7171
X  0.0509 -0.9605  0.2735
Y  0.1232  0.2778  0.9527
Z -0.9911 -0.0148  0.1325

PART 32
OFFSET  5.6644  10.7464 -7.3176
X  0.1566 -0.2587  0.9532
Y  0.0658  0.9657  0.2513
Z -0.9855  0.0233  0.1682

PART 33
OFFSET  5.8347  10.4528 -6.2371
X -0.0991 -0.4199 -0.9022
Y -0.1238  0.9048 -0.4075
Z  0.9874  0.0713 -0.1416

PART 34
OFFSET  4.9924  11.4747 -6.5568
X -0.9857  0.0858 -0.1450
Y -0.0184  0.8008  0.5986
Z  0.1675  0.5927 -0.7878

PART 35
OFFSET  9.3865 -11.4759 -12.8851
X  0.6183 -0.4398 -0.6514
Y  0.0246  0.8392 -0.5433
Z  0.7856  0.3198  0.5297

PART 36
OFFSET  9.3865 -11.4759 -12.8851
X  0.6183 -0.4398 -0.6514
Y  0.0246  0.8392 -0.5433
Z  0.7856  0.3198  0.5297

PART 37
OFFSET  11.6845 -12.6786 -14.9161
X  0.6183 -0.4398 -0.6514
Y  0.0246  0.8392 -0.5433
Z  0.7856  0.3198  0.5297

PART 38
OFFSET  11.5716 -11.5867 -12.9570
X  0.6183 -0.4398 -0.6514
Y  0.0246  0.8392 -0.5433
Z  0.7856  0.3198  0.5297

PART 39
OFFSET -320.3348 -5.1251  0.0032
X  0.9998  0.0018 -0.0204
Y -0.0001  0.9965  0.0833
Z  0.0204 -0.0833  0.9963

PART 40
OFFSET  11.0148 -11.7754 -13.2443
X  0.6021 -0.4463 -0.6621
Y  0.0246  0.8392 -0.5433
Z  0.7980  0.3108  0.5163

PART 41
OFFSET  11.2815 -11.2009 -13.3907
X  0.6021 -0.4463 -0.6621
Y  0.0246  0.8392 -0.5433
Z  0.7980  0.3108  0.5163

PART 42
OFFSET  11.7897 -10.9993 -13.0686
X  0.6021 -0.4463 -0.6621
Y  0.0246  0.8392 -0.5433
Z  0.7980  0.3108  0.5163

PART 43
OFFSET  12.0371 -11.3629 -12.6004
X  0.6021 -0.4463 -0.6621
Y  0.0246  0.8392 -0.5433
Z  0.7980  0.3108  0.5163

PART 44
OFFSET  11.7668 -11.9316 -12.4615
X  0.6021 -0.4463 -0.6621
Y  0.0246  0.8392 -0.5433
Z  0.7980  0.3108  0.5163

PART 45
OFFSET  11.2688 -12.1098 -12.7900
X  0.6021 -0.4463 -0.6621
Y  0.0246  0.8392 -0.5433
Z  0.7980  0.3108  0.5163

PART 46
OFFSET -193.3960  136.5705  205.7396
X  0.6021 -0.4463 -0.6621
Y  0.0246  0.8392 -0.5433
Z  0.7980  0.3108  0.5163

PART 47
OFFSET  10.2629 -10.8872 -12.2740
X  0.6547 -0.4242 -0.6256
Y  0.0246  0.8392 -0.5433
Z  0.7555  0.3402  0.5599

PART 48
OFFSET  6.9990  12.1385 -7.6878
X  0.3570  0.3247 -0.8759
Y -0.2196  0.9405  0.2591
Z  0.9079  0.0998  0.4071

PART 49
OFFSET  6.9990  12.1385 -7.6878
X  0.3570  0.3247 -0.8759
Y -0.2196  0.9405  0.2591
Z  0.9079  0.0998  0.4071

PART 50
OFFSET  8.4473  13.3772 -10.3749
X  0.3570  0.3247 -0.8759
Y -0.2196  0.9405  0.2591
Z  0.9079  0.0998  0.4071

PART 51
OFFSET  9.0073  12.7722 -8.2860
X  0.3570  0.3247 -0.8759
Y -0.2196  0.9405  0.2591
Z  0.9079  0.0998  0.4071

PART 52
OFFSET -320.3348  5.9563  0.1364
X  0.9998 -0.0013 -0.0204
Y -0.0001  0.9975 -0.0704
Z  0.0204  0.0704  0.9973

PART 53
OFFSET  8.3968  12.6702 -8.4947
X  0.3384  0.3225 -0.8840
Y -0.2196  0.9405  0.2591
Z  0.9150  0.1065  0.3891

PART 54
OFFSET  8.5614  13.2292 -8.2296
X  0.3384  0.3225 -0.8840
Y -0.2196  0.9405  0.2591
Z  0.9150  0.1065  0.3891

PART 55
OFFSET  9.1344  13.3210 -7.9804
X  0.3384  0.3225 -0.8840
Y -0.2196  0.9405  0.2591
Z  0.9150  0.1065  0.3891

PART 56
OFFSET  9.5768  12.8142 -7.9969
X  0.3384  0.3225 -0.8840
Y -0.2196  0.9405  0.2591
Z  0.9150  0.1065  0.3891

PART 57
OFFSET  9.3933  12.2840 -8.2591
X  0.3384  0.3225 -0.8840
Y -0.2196  0.9405  0.2591
Z  0.9150  0.1065  0.3891

PART 58
OFFSET  8.8023  12.2010 -8.5126
X  0.3384  0.3225 -0.8840
Y -0.2196  0.9405  0.2591
Z  0.9150  0.1065  0.3891

PART 59
OFFSET -108.4449 -95.1084  285.5800
X  0.3384  0.3225 -0.8840
Y -0.2196  0.9405  0.2591
Z  0.9150  0.1065  0.3891

PART 60
OFFSET  8.0076  12.3937 -7.0507
X  0.3995  0.3290 -0.8557
Y -0.2196  0.9405  0.2591
Z  0.8901  0.0844  0.4480

PART 61
OFFSET -6.9790 -11.3680 -6.5111
X -0.3825  0.2914  0.8768
Y -0.3049 -0.9356  0.1779
Z  0.8722 -0.1993  0.4467

PART 62
OFFSET -2.3533 -14.8921 -17.1151
X -0.6677 -0.3984 -0.6289
Y  0.7218 -0.1396 -0.6779
Z  0.1822 -0.9065  0.3808

PART 63
OFFSET  3.3254 -11.5038 -11.7660
X -0.6677 -0.3984 -0.6289
Y  0.7197 -0.5615 -0.4084
Z -0.1905 -0.7253  0.6616

PART 64
OFFSET  3.6015 -9.8290 -10.5408
X -0.6725 -0.3950 -0.6259
Y -0.1907  0.9096 -0.3692
Z  0.7152 -0.1289 -0.6870

PART 65
OFFSET  3.2211 -9.9239 -9.4652
X -0.6725 -0.3950 -0.6259
Y -0.1907  0.9096 -0.3692
Z  0.7152 -0.1289 -0.6870

PART 66
OFFSET  3.8420 -11.1435 -9.1955
X -0.6725 -0.3950 -0.6259
Y -0.1907  0.9096 -0.3692
Z  0.7152 -0.1289 -0.6870

PART 67
OFFSET  5.3722 -10.2825 -9.8379
X -0.7663  0.5197  0.3777
Y -0.6403 -0.6659 -0.3828
Z  0.0526 -0.5352  0.8431

PART 68
OFFSET  6.3132 -9.6539 -9.9846
X -0.7601 -0.3212  0.5648
Y -0.2243 -0.6860 -0.6921
Z  0.6098 -0.6528  0.4494

PART 69
OFFSET  7.9421 -8.8559 -11.1593
X -0.4015  0.5388  0.7406
Y -0.7287 -0.6778  0.0980
Z  0.5547 -0.5003  0.6648

PART 70
OFFSET  8.4847 -9.7101 -12.4235
X  0.0074  0.6869  0.7267
Y -0.8317 -0.3992  0.3858
Z  0.5551 -0.6073  0.5684

PART 71
OFFSET  8.4654 -10.4183 -13.2419
X -0.5225  0.8149  0.2509
Y -0.1770  0.1841 -0.9668
Z -0.8340 -0.5496  0.0480

PART 72
OFFSET  5.3244 -11.3272 -10.7378
X -0.3736  0.6186  0.6912
Y  0.1924 -0.6773  0.7101
Z  0.9074  0.3982  0.1340

PART 73
OFFSET  6.2723 -12.5760 -12.3584
X -0.0056 -0.6196  0.7849
Y  0.1508 -0.7764 -0.6119
Z  0.9885  0.1150  0.0978

PART 74
OFFSET  6.2802 -11.6988 -13.4696
X  0.0957 -0.9941  0.0513
Y  0.1564 -0.0359 -0.9870
Z  0.9830  0.1025  0.1520

PART 75
OFFSET  6.1953 -10.8174 -13.5151
X  0.1347 -0.6182 -0.7744
Y -0.0315  0.7785 -0.6269
Z  0.9904  0.1089  0.0854

PART 76
OFFSET  6.0673 -10.2301 -12.7793
X -0.2265 -0.0316  0.9735
Y  0.0146  0.9992  0.0359
Z -0.9739  0.0224 -0.2258

PART 77
OFFSET  5.9258 -11.0736 -10.4487
X -0.5466  0.5866  0.5977
Y  0.1769 -0.6167  0.7670
Z  0.8185  0.5250  0.2333

PART 78
OFFSET  7.2267 -12.6876 -12.0176
X  0.0741 -0.5495  0.8322
Y  0.1267 -0.8225 -0.5545
Z  0.9892  0.1466  0.0087

PART 79
OFFSET  7.1004 -11.7520 -13.4344
X  0.1425 -0.9793 -0.1436
Y  0.0148  0.1472 -0.9890
Z  0.9897  0.1388  0.0354

PART 80
OFFSET  6.9029 -10.3947 -13.2353
X  0.1034 -0.4856 -0.8681
Y -0.1079  0.8621 -0.4951
Z  0.9888  0.1449  0.0367

PART 81
OFFSET  6.7908 -9.8681 -12.2939
X  0.0256 -0.0875  0.9958
Y -0.1901  0.9776  0.0908
Z -0.9814 -0.1916  0.0084

PART 82
OFFSET  2.7526 -7.8431 -7.4904
X -0.5825  0.4690  0.6638
Y -0.2980  0.6366 -0.7113
Z -0.7562 -0.6121 -0.2311

PART 83
OFFSET  8.8606 -12.0042 -10.7076
X -0.2342  0.2216  0.9466
Y  0.2760 -0.9185  0.2832
Z  0.9322  0.3276  0.1539

PART 84
OFFSET  9.2729 -12.3943 -12.3743
X -0.1765  0.0807  0.9810
Y  0.3577 -0.9232  0.1403
Z  0.9170  0.3757  0.1341

PART 85
OFFSET  9.5432 -12.4696 -13.5587
X -0.1328 -0.2145  0.9677
Y  0.3939 -0.9073 -0.1471
Z  0.9095  0.3616  0.2050

PART 86
OFFSET  9.6932 -12.2273 -14.6517
X -0.0565  0.9906 -0.1246
Y  0.1216 -0.1170 -0.9856
Z -0.9910 -0.0708 -0.1139

PART 87
OFFSET  8.0748 -12.5753 -11.2338
X  0.0660 -0.4038  0.9125
Y  0.3110 -0.8606 -0.4033
Z  0.9481  0.3104  0.0688

PART 88
OFFSET  7.9459 -11.7865 -13.0164
X  0.3074 -0.9466  0.0972
Y  0.0548 -0.0843 -0.9949
Z  0.9500  0.3112  0.0260

PART 89
OFFSET  7.4969 -10.4038 -13.1583
X  0.1763 -0.5714 -0.8015
Y -0.2821  0.7508 -0.5973
Z  0.9431  0.3313 -0.0288

PART 90
OFFSET  7.2904 -9.7585 -12.2507
X -0.0153 -0.0626  0.9979
Y -0.2581  0.9645  0.0566
Z -0.9660 -0.2567 -0.0309

PART 91
OFFSET  0.0000 -0.0000 -0.0000
X  1.0000 -0.0000  0.0000
Y  0.0000  1.0000  0.0000
Z  0.0000 -0.0000  1.0000

PART 92
OFFSET  0.0000 -0.0000 -0.0000
X  1.0000 -0.0000  0.0000
Y  0.0000  1.0000  0.0000
Z  0.0000 -0.0000  1.0000

PART 93
OFFSET  1.5404 -0.0000  4.1357
X  1.0000 -0.0000  0.0000
Y  0.0000  1.0000  0.0000
Z  0.0000 -0.0000  1.0000


FRAME 442
PART 0
OFFSET  0.0000 -0.0000 -0.0000
X  1.0000 -0.0000  0.0000
Y  0.0000  1.0000  0.0000
Z  0.0000 -0.0000  1.0000

PART 1
OFFSET -4.6318 -0.0000 -1.3770
X  1.0000 -0.0000  0.0000
Y  0.0000  1.0000  0.0000
Z  0.0000 -0.0000  1.0000

PART 2
OFFSET -7.1590  11.3680 -6.2512
X  0.6990 -0.1927 -0.6887
Y  0.2477 -0.8382  0.4859
Z -0.6709 -0.5103 -0.5381

PART 3
OFFSET  1.2946  9.0375 -14.5799
X  0.2495  0.1082  0.9623
Y -0.9598  0.1599  0.2308
Z -0.1289 -0.9812  0.1438

PART 4
OFFSET  3.4165  9.9580 -6.3950
X  0.2495  0.1082  0.9623
Y -0.9335 -0.2374  0.2687
Z  0.2576 -0.9654  0.0418

PART 5
OFFSET  4.8941  10.8203 -5.4235
X  0.2556  0.1100  0.9605
Y  0.1419  0.9785 -0.1498
Z -0.9563  0.1746  0.2344

PART 6
OFFSET  4.7804  9.1505 -5.6039
X  0.2556  0.1100  0.9605
Y  0.1419  0.9785 -0.1498
Z -0.9563  0.1746  0.2344

PART 7
OFFSET  2.5737  11.1747 -4.3163
X  0.2556  0.1100  0.9605
Y  0.1419  0.9785 -0.1498
Z -0.9563  0.1746  0.2344

PART 8
OFFSET  2.1709  9.8986 -4.1718
X  0.2556  0.1100  0.9605
Y  0.1419  0.9785 -0.1498
Z -0.9563  0.1746  0.2344

PART 9
OFFSET  2.9179  9.1087 -4.6757
X  0.2556  0.1100  0.9605
Y  0.1419  0.9785 -0.1498
Z -0.9563  0.1746  0.2344

PART 10
OFFSET  4.1813  10.2898 -3.4448
X  0.5671  0.5383 -0.6234
Y  0.8218 -0.3188  0.4723
Z  0.0555 -0.7802 -0.6231

PART 11
OFFSET  5.2522  9.9040 -3.5254
X  0.8221 -0.3078 -0.4790
Y  0.4378 -0.1961  0.8774
Z -0.3640 -0.9310 -0.0265

PART 12
OFFSET  7.0497  9.1685 -4.4728
X  0.1615  0.3434 -0.9252
Y  0.9076 -0.4198  0.0026
Z -0.3876 -0.8401 -0.3795

PART 13
OFFSET  7.2129  9.6538 -6.0090
X -0.2510  0.2557 -0.9336
Y  0.9113 -0.2628 -0.3170
Z -0.3264 -0.9303 -0.1671

PART 14
OFFSET  6.9420  9.8833 -7.0317
X  0.2122  0.7322 -0.6472
Y  0.1202  0.6377  0.7609
Z  0.9698 -0.2392  0.0473

PART 15
OFFSET  3.7924  10.9290 -4.6040
X  0.1462  0.4260 -0.8928
Y -0.0313 -0.9001 -0.4346
Z -0.9888  0.0915 -0.1183

PART 16
OFFSET  4.2611  11.7625 -6.6461
X  0.0810 -0.7658 -0.6380
Y  0.1170 -0.6283  0.7691
Z -0.9898 -0.1369  0.0388

PART 17
OFFSET  4.3757  10.6783 -7.5493
X  0.1497 -0.9459  0.2878
Y -0.0576  0.2823  0.9576
Z -0.9870 -0.1599 -0.0122

PART 18
OFFSET  4.5085  9.8396 -7.2941
X  0.0895 -0.3201  0.9432
Y -0.1090  0.9381  0.3287
Z -0.9900 -0.1323  0.0491

PART 19
OFFSET  4.5935  9.5356 -6.3981
X  0.1431 -0.3250 -0.9348
Y -0.2650  0.8975 -0.3526
Z  0.9536  0.2982  0.0423

PART 20
OFFSET  4.4555  10.9445 -4.3403
X  0.2876  0.6055 -0.7421
Y  0.0077 -0.7763 -0.6303
Z -0.9577  0.1756 -0.2279

PART 21
OFFSET  5.1618  12.2153 -6.4954
X -0.0207 -0.7292 -0.6840
Y  0.1391 -0.6796  0.7203
Z -0.9901 -0.0802  0.1155

PART 22
OFFSET  5.1266  10.9739 -7.6599
X  0.1261 -0.8716  0.4738
Y  0.0336  0.4810  0.8761
Z -0.9915 -0.0945  0.0899

PART 23
OFFSET  5.3013  9.7659 -7.0033
X  0.1009 -0.1569  0.9824
Y -0.0733  0.9836  0.1647
Z -0.9922 -0.0886  0.0878

PART 24
OFFSET  5.4107  9.5957 -5.9379
X -0.0896 -0.4377 -0.8947
Y -0.0752  0.8987 -0.4321
Z  0.9931  0.0285 -0.1135

PART 25
OFFSET  7.2640  11.0249 -4.9508
X  0.3900  0.3512 -0.8512
Y  0.1438  0.8898  0.4330
Z  0.9095 -0.2913  0.2966

PART 26
OFFSET  6.9901  12.4368 -5.2863
X  0.1372  0.0296 -0.9901
Y -0.0087 -0.9995 -0.0311
Z -0.9905  0.0128 -0.1369

PART 27
OFFSET  7.2317  12.4889 -7.0296
X  0.0719 -0.1221 -0.9899
Y -0.0821 -0.9898  0.1161
Z -0.9940  0.0729 -0.0812

PART 28
OFFSET  7.3795  12.3361 -8.2281
X  0.1644 -0.4082 -0.8980
Y -0.1141 -0.9121  0.3937
Z -0.9798  0.0378 -0.1965

PART 29
OFFSET  7.5651  11.8750 -9.2424
X -0.2261  0.9669 -0.1184
Y -0.0584  0.1079  0.9925
Z  0.9724  0.2313  0.0321

PART 30
OFFSET  6.0480  12.5852 -5.8440
X  0.0053 -0.5883 -0.8086
Y  0.0134 -0.8085  0.5883
Z -0.9999 -0.0140  0.0036

PART 31
OFFSET  6.0584  11.4359 -7.4236
X  0.0157 -0.9700  0.2426
Y  0.0501  0.2431  0.9687
Z -0.9986 -0.0030  0.0524

PART 32
OFFSET  6.0813  10.0191 -7.0692
X  0.0760 -0.2936  0.9529
Y  0.0585  0.9553  0.2897
Z -0.9954  0.0338  0.0898

PART 33
OFFSET  6.1603  9.6862 -5.9895
X -0.0320 -0.3872 -0.9214
Y -0.0783  0.9200 -0.3839
Z  0.9964  0.0599 -0.0598

PART 34
OFFSET  5.3604  10.7321 -6.3392
X -0.9696  0.1068 -0.2201
Y -0.0555  0.7802  0.6231
Z  0.2383  0.6164 -0.7505

PART 35
OFFSET  9.6843 -10.9036 -12.1626
X  0.6682 -0.4283 -0.6083
Y  0.0612  0.8466 -0.5288
Z  0.7414  0.3161  0.5919

PART 36
OFFSET  9.6843 -10.9036 -12.1626
X  0.6682 -0.4283 -0.6083
Y  0.0612  0.8466 -0.5288
Z  0.7414  0.3161  0.5919

PART 37
OFFSET  12.1361 -12.0686 -14.0291
X  0.6682 -0.4283 -0.6083
Y  0.0612  0.8466 -0.5288
Z  0.7414  0.3161  0.5919

PART 38
OFFSET  11.8692 -11.0037 -12.0700
X  0.6682 -0.4283 -0.6083
Y  0.0612  0.8466 -0.5288
Z  0.7414  0.3161  0.5919

PART 39
OFFSET -320.3348 -5.1251  0.0032
X  0.9998  0.0018 -0.0204
Y -0.0001  0.9965  0.0833
Z  0.0204 -0.0833  0.9963

PART 40
OFFSET  11.3368 -11.1910 -12.4012
X  0.6529 -0.4347 -0.6203
Y  0.0612  0.8466 -0.5288
Z  0.7549  0.3073  0.5794

PART 41
OFFSET  11.6107 -10.6134 -12.5194
X  0.6529 -0.4347 -0.6203
Y  0.0612  0.8466 -0.5288
Z  0.7549  0.3073  0.5794

PART 42
OFFSET  12.0920 -10.4140 -12.1570
X  0.6529 -0.4347 -0.6203
Y  0.0612  0.8466 -0.5288
Z  0.7549  0.3073  0.5794

PART 43
OFFSET  12.3052 -10.7828 -11.6762
X  0.6529 -0.4347 -0.6203
Y  0.0612  0.8466 -0.5288
Z  0.7549  0.3073  0.5794

PART 44
OFFSET  12.0282 -11.3545 -11.5657
X  0.6529 -0.4347 -0.6203
Y  0.0612  0.8466 -0.5288
Z  0.7549  0.3073  0.5794

PART 45
OFFSET  11.5575 -11.5304 -11.9334
X  0.6529 -0.4347 -0.6203
Y  0.0612  0.8466 -0.5288
Z  0.7549  0.3073  0.5794

PART 46
OFFSET -209.8814  133.2896  192.3721
X  0.6529 -0.4347 -0.6203
Y  0.0612  0.8466 -0.5288
Z  0.7549  0.3073  0.5794

PART 47
OFFSET  10.5087 -10.3193 -11.4791
X  0.7025 -0.4129 -0.5797
Y  0.0612  0.8466 -0.5288
Z  0.7090  0.3360  0.6200

PART 48
OFFSET  7.4602  11.4010 -7.2824
X  0.4306  0.3484 -0.8326
Y -0.2269  0.9347  0.2738
Z  0.8736  0.0710  0.4815

PART 49
OFFSET  7.4602  11.4010 -7.2824
X  0.4306  0.3484 -0.8326
Y -0.2269  0.9347  0.2738
Z  0.8736  0.0710  0.4815

PART 50
OFFSET  9.1364  12.7066 -9.8000
X  0.4306  0.3484 -0.8326
Y -0.2269  0.9347  0.2738
Z  0.8736  0.0710  0.4815

PART 51
OFFSET  9.5185  12.0216 -7.6957
X  0.4306  0.3484 -0.8326
Y -0.2269  0.9347  0.2738
Z  0.8736  0.0710  0.4815

PART 52
OFFSET -320.3348  5.9563  0.1364
X  0.9998 -0.0013 -0.0204
Y -0.0001  0.9975 -0.0704
Z  0.0204  0.0704  0.9973

PART 53
OFFSET  8.9254  11.9368 -7.9559
X  0.4126  0.3469 -0.8423
Y -0.2269  0.9347  0.2738
Z  0.8822  0.0781  0.4643

PART 54
OFFSET  9.0758  12.4838 -7.6590
X  0.4126  0.3469 -0.8423
Y -0.2269  0.9347  0.2738
Z  0.8822  0.0781  0.4643

PART 55
OFFSET  9.6281  12.5576 -7.3619
X  0.4126  0.3469 -0.8423
Y -0.2269  0.9347  0.2738
Z  0.8822  0.0781  0.4643

PART 56
OFFSET  10.0634  12.0444 -7.3608
X  0.4126  0.3469 -0.8423
Y -0.2269  0.9347  0.2738
Z  0.8822  0.0781  0.4643

PART 57
OFFSET  9.8944  11.5265 -7.6554
X  0.4126  0.3469 -0.8423
Y -0.2269  0.9347  0.2738
Z  0.8822  0.0781  0.4643

PART 58
OFFSET  9.3246  11.4620 -7.9580
X  0.4126  0.3469 -0.8423
Y -0.2269  0.9347  0.2738
Z  0.8822  0.0781  0.4643

PART 59
OFFSET -132.6122 -103.8630  271.8756
X  0.4126  0.3469 -0.8423
Y -0.2269  0.9347  0.2738
Z  0.8822  0.0781  0.4643

PART 60
OFFSET  8.4177  11.6178 -6.5583
X  0.4713  0.3514 -0.8089
Y -0.2269  0.9347  0.2738
Z  0.8523  0.0545  0.5202

PART 61
OFFSET -7.1590 -11.3680 -6.2512
X -0.4153  0.2509  0.8744
Y -0.2749 -0.9509  0.1423
Z  0.8672 -0.1813  0.4638

PART 62
OFFSET -2.1368 -14.4020 -16.8263
X -0.6552 -0.4004 -0.6406
Y  0.7270 -0.1034 -0.6788
Z  0.2056 -0.9105  0.3588

PART 63
OFFSET  3.4357 -10.9964 -11.3774
X -0.6552 -0.4004 -0.6406
Y  0.7220 -0.5816 -0.3749
Z -0.2225 -0.7081  0.6701

PART 64
OFFSET  3.6638 -9.3458 -10.1103
X -0.6601 -0.3973 -0.6376
Y -0.2141  0.9130 -0.3472
Z  0.7200 -0.0927 -0.6877

PART 65
OFFSET  3.2834 -9.4774 -9.0386
X -0.6601 -0.3973 -0.6376
Y -0.2141  0.9130 -0.3472
Z  0.7200 -0.0927 -0.6877

PART 66
OFFSET  3.9362 -10.6863 -8.7972
X -0.6601 -0.3973 -0.6376
Y -0.2141  0.9130 -0.3472
Z  0.7200 -0.0927 -0.6877

PART 67
OFFSET  5.4443 -9.7689 -9.4133
X -0.7955  0.5112  0.3253
Y -0.6059 -0.6635 -0.4389
Z -0.0086 -0.5463  0.8376

PART 68
OFFSET  6.3903 -9.1343 -9.4800
X -0.7990 -0.3322  0.5012
Y -0.1675 -0.6776 -0.7161
Z  0.5775 -0.6561  0.4858

PART 69
OFFSET  8.0992 -8.3134 -10.5172
X -0.4594  0.5270  0.7150
Y -0.7304 -0.6822  0.0335
Z  0.5054 -0.5068  0.6983

PART 70
OFFSET  8.7407 -9.1481 -11.7476
X -0.0514  0.6770  0.7342
Y -0.8564 -0.4080  0.3163
Z  0.5137 -0.6125  0.6008

PART 71
OFFSET  8.7873 -9.8453 -12.5744
X -0.5444  0.8091  0.2212
Y -0.1042  0.1964 -0.9750
Z -0.8323 -0.5539 -0.0226

PART 72
OFFSET  5.4704 -10.8016 -10.3279
X -0.4282  0.6076  0.6689
Y  0.1416 -0.6860  0.7137
Z  0.8925  0.4004  0.2077

PART 73
OFFSET  6.5452 -12.0243 -11.8881
X -0.0617 -0.6302  0.7740
Y  0.2009 -0.7674 -0.6088
Z  0.9777  0.1180  0.1740

PART 74
OFFSET  6.6326 -11.1321 -12.9839
X  0.0969 -0.9943  0.0454
Y  0.2310 -0.0219 -0.9727
Z  0.9681  0.1048  0.2275

PART 75
OFFSET  6.5466 -10.2506 -13.0242
X  0.1964 -0.6071 -0.7700
Y  0.0119  0.7867 -0.6172
Z  0.9805  0.1121  0.1617

PART 76
OFFSET  6.3600 -9.6739 -12.2926
X -0.2994 -0.0457  0.9530
Y  0.0065  0.9987  0.0500
Z -0.9541  0.0211 -0.2988

PART 77
OFFSET  6.0469 -10.5494 -9.9907
X -0.5934  0.5760  0.5621
Y  0.1216 -0.6262  0.7701
Z  0.7956  0.5254  0.3016

PART 78
OFFSET  7.4716 -12.1363 -11.4775
X  0.0138 -0.5604  0.8281
Y  0.1728 -0.8144 -0.5540
Z  0.9849  0.1508  0.0856

PART 79
OFFSET  7.4480 -11.1822 -12.8874
X  0.1582 -0.9767 -0.1453
Y  0.0889  0.1606 -0.9830
Z  0.9834  0.1426  0.1122

PART 80
OFFSET  7.2287 -9.8287 -12.6861
X  0.1715 -0.4734 -0.8640
Y -0.0748  0.8682 -0.4905
Z  0.9823  0.1487  0.1135

PART 81
OFFSET  7.0427 -9.3153 -11.7490
X -0.0495 -0.1008  0.9937
Y -0.2017  0.9754  0.0889
Z -0.9782 -0.1960 -0.0686

PART 82
OFFSET  2.6411 -7.3730 -7.2395
X -0.6337  0.4574  0.6238
Y -0.2466  0.6449 -0.7234
Z -0.7332 -0.6123 -0.2958

PART 83
OFFSET  8.9978 -11.4635 -10.0384
X -0.3064  0.2077  0.9289
Y  0.2587 -0.9210  0.2913
Z  0.9161  0.3296  0.2285

PART 84
OFFSET  9.5374 -11.8293 -11.6740
X -0.2508  0.0667  0.9657
Y  0.3510 -0.9235  0.1549
Z  0.9022  0.3779  0.2082

PART 85
OFFSET  9.8970 -11.8874 -12.8354
X -0.2046 -0.2281  0.9519
Y  0.4088 -0.9035 -0.1286
Z  0.8894  0.3628  0.2781

PART 86
OFFSET  10.1282 -11.6297 -13.9105
X -0.0522  0.9919 -0.1155
Y  0.1966 -0.1032 -0.9750
Z -0.9791 -0.0736 -0.1897

PART 87
OFFSET  8.2572 -12.0308 -10.6302
X -0.0012 -0.4158  0.9095
Y  0.3453 -0.8537 -0.3898
Z  0.9385  0.3136  0.1446

PART 88
OFFSET  8.2596 -11.2186 -12.4069
X  0.3043 -0.9465  0.1078
Y  0.1305 -0.0707 -0.9889
Z  0.9436  0.3149  0.1020

PART 89
OFFSET  7.8152 -9.8362 -12.5643
X  0.2396 -0.5597 -0.7933
Y -0.2400  0.7576 -0.6070
Z  0.9407  0.3358  0.0471

PART 90
OFFSET  7.5370 -9.2041 -11.6666
X -0.0905 -0.0761  0.9930
Y -0.2668  0.9625  0.0495
Z -0.9595 -0.2605 -0.1075

PART 91
OFFSET  0.0000 -0.0000 -0.0000
X  1.0000 -0.0000  0.0000
Y  0.0000  1.0000  0.0000
Z  0.0000 -0.0000  1.0000

PART 92
OFFSET  0.0000 -0.0000 -0.0000
X  1.0000 -0.0000  0.0000
Y  0.0000  1.0000  0.0000
Z  0.0000 -0.0000  1.0000

PART 93
OFFSET  1.5404 -0.0000  4.1357
X  1.0000 -0.0000  0.0000
Y  0.0000  1.0000  0.0000
Z  0.0000 -0.0000  1.0000


FRAME 443
PART 0
OFFSET  0.0000 -0.0000 -0.0000
X  1.0000 -0.0000  0.0000
Y  0.0000  1.0000  0.0000
Z  0.0000 -0.0000  1.0000

PART 1
OFFSET -4.6318 -0.0000 -1.3770
X  1.0000 -0.0000  0.0000
Y  0.0000  1.0000  0.0000
Z  0.0000 -0.0000  1.0000

PART 2
OFFSET -7.4244  11.3680 -5.8681
X  0.6906 -0.1539 -0.7067
Y  0.1979 -0.8996  0.3893
Z -0.6956 -0.4087 -0.5908

PART 3
OFFSET  0.9279  9.5067 -14.4144
X  0.2988 -0.0233  0.9540
Y -0.9364  0.1860  0.2977
Z -0.1843 -0.9823  0.0338

PART 4
OFFSET  3.4689  9.3089 -6.2998
X  0.2988 -0.0233  0.9540
Y -0.9008 -0.3368  0.2739
Z  0.3150 -0.9413 -0.1216

PART 5
OFFSET  5.0404  9.9609 -5.3119
X  0.3048 -0.0217  0.9522
Y  0.1969  0.9796 -0.0408
Z -0.9318  0.1999  0.3029

PART 6
OFFSET  4.8129  8.3345 -5.6814
X  0.3048 -0.0217  0.9522
Y  0.1969  0.9796 -0.0408
Z -0.9318  0.1999  0.3029

PART 7
OFFSET  2.7991  10.3124 -4.0513
X  0.3048 -0.0217  0.9522
Y  0.1969  0.9796 -0.0408
Z -0.9318  0.1999  0.3029

PART 8
OFFSET  2.3231  9.0536 -4.0372
X  0.3048 -0.0217  0.9522
Y  0.1969  0.9796 -0.0408
Z -0.9318  0.1999  0.3029

PART 9
OFFSET  2.9950  8.2886 -4.6688
X  0.3048 -0.0217  0.9522
Y  0.1969  0.9796 -0.0408
Z -0.9318  0.1999  0.3029

PART 10
OFFSET  4.3848  9.2376 -3.3750
X  0.6534  0.5438 -0.5266
Y  0.7483 -0.3588  0.5579
Z  0.1144 -0.7586 -0.6414

PART 11
OFFSET  5.4478  8.8245 -3.3368
X  0.8680 -0.3139 -0.3847
Y  0.3196 -0.2398  0.9167
Z -0.3800 -0.9187 -0.1079

PART 12
OFFSET  7.3318  8.0721 -4.0815
X  0.2843  0.3715 -0.8838
Y  0.8898 -0.4455  0.0990
Z -0.3569 -0.8146 -0.4572

PART 13
OFFSET  7.6977  8.6073 -5.5654
X -0.1258  0.2960 -0.9469
Y  0.9373 -0.2773 -0.2113
Z -0.3251 -0.9141 -0.2426

PART 14
OFFSET  7.5626  8.8809 -6.6040
X  0.3091  0.7485 -0.5867
Y  0.0391  0.6064  0.7942
Z  0.9502 -0.2684  0.1581

PART 15
OFFSET  4.1596  9.9287 -4.5477
X  0.2671  0.4533 -0.8504
Y  0.0019 -0.8827 -0.4699
Z -0.9637  0.1239 -0.2366

PART 16
OFFSET  4.9003  10.8210 -6.4815
X  0.1419 -0.7445 -0.6524
Y  0.0047 -0.6585  0.7525
Z -0.9899 -0.1099 -0.0900

PART 17
OFFSET  5.1012  9.7669 -7.4051
X  0.0898 -0.9595  0.2670
Y -0.1704  0.2494  0.9533
Z -0.9813 -0.1311 -0.1411

PART 18
OFFSET  5.1808  8.9162 -7.1684
X -0.0370 -0.3560  0.9337
Y -0.1269  0.9285  0.3490
Z -0.9912 -0.1056 -0.0795

PART 19
OFFSET  5.1457  8.5780 -6.2813
X  0.2513 -0.2953 -0.9218
Y -0.1972  0.9167 -0.3475
Z  0.9476  0.2691  0.1721

PART 20
OFFSET  4.7846  9.9157 -4.2031
X  0.3927  0.6231 -0.6764
Y  0.0681 -0.7531 -0.6543
Z -0.9171  0.2109 -0.3382

PART 21
OFFSET  5.7856  11.2421 -6.2025
X  0.0477 -0.7033 -0.7092
Y  0.0314 -0.7086  0.7049
Z -0.9984 -0.0559 -0.0117

PART 22
OFFSET  5.8669  10.0447 -7.4099
X  0.0448 -0.8912  0.4513
Y -0.0649  0.4482  0.8916
Z -0.9969 -0.0693 -0.0378

PART 23
OFFSET  5.9290  8.8095 -6.7844
X -0.0268 -0.1948  0.9805
Y -0.0698  0.9788  0.1926
Z -0.9972 -0.0633 -0.0398

PART 24
OFFSET  5.9000  8.5982 -5.7211
X  0.0127 -0.4026 -0.9153
Y  0.0011  0.9154 -0.4027
Z  0.9999  0.0041  0.0121

PART 25
OFFSET  7.6486  9.9376 -4.4563
X  0.5019  0.3701 -0.7817
Y  0.1097  0.8693  0.4820
Z  0.8579 -0.3277  0.3957

PART 26
OFFSET  7.4527  11.3678 -4.7678
X  0.2609  0.0611 -0.9634
Y -0.0286 -0.9971 -0.0710
Z -0.9650  0.0461 -0.2583

PART 27
OFFSET  7.9120  11.4754 -6.4641
X  0.1924 -0.0886 -0.9773
Y -0.1196 -0.9906  0.0663
Z -0.9740  0.1042 -0.2012

PART 28
OFFSET  8.2051  11.3613 -7.6400
X  0.2658 -0.3803 -0.8858
Y -0.1843 -0.9220  0.3406
Z -0.9463  0.0728 -0.3151

PART 29
OFFSET  8.5053  10.9317 -8.6406
X -0.1863  0.9766 -0.1077
Y -0.1797  0.0739  0.9809
Z  0.9659  0.2021  0.1617

PART 30
OFFSET  6.5918  11.5630 -5.4320
X  0.0925 -0.5589 -0.8240
Y -0.0797 -0.8291  0.5534
Z -0.9925  0.0145 -0.1212

PART 31
OFFSET  6.7725  10.4712 -7.0418
X -0.0380 -0.9781  0.2046
Y -0.0659  0.2068  0.9762
Z -0.9971  0.0237 -0.0723

PART 32
