// Export filename: `C:\projects\cod\t5\xanim_export\t5_viewmodels\python\python_dw_full_d2p_out.XANIM_EXPORT`
// Source filename: `D:\projects\devanim\t5\animation_assets\viewmodels/python/ViewModel_python_DW_animated.fbx`
// Export time: Sun Aug 29 17:32:19 2010

ANIMATION
VERSION 3

NUMPARTS 94
PART 0 "tag_ads"
PART 1 "tag_torso"
PART 2 "J_Shoulder_LE"
PART 3 "J_Elbow_LE"
PART 4 "J_WristTwist_LE"
PART 5 "J_Sleave_Reshape_Bottom_LE_1"
PART 6 "J_Sleave_Reshape_Bottom_LE_2"
PART 7 "J_Sleave_Reshape_Top_LE_1"
PART 8 "J_Sleave_Reshape_Top_LE_2"
PART 9 "J_Sleave_Reshape_Top_LE_3"
PART 10 "J_Wrist_LE"
PART 11 "J_Thumb_LE_0"
PART 12 "J_Thumb_LE_1"
PART 13 "J_Thumb_LE_2"
PART 14 "J_Thumb_LE_3"
PART 15 "J_PinkyPalm_LE"
PART 16 "J_Pinky_LE_0"
PART 17 "J_Pinky_LE_1"
PART 18 "J_Pinky_LE_2"
PART 19 "J_Pinky_LE_3"
PART 20 "J_RingPalm_LE"
PART 21 "J_Ring_LE_0"
PART 22 "J_Ring_LE_1"
PART 23 "J_Ring_LE_2"
PART 24 "J_Ring_LE_3"
PART 25 "J_Webbing_LE"
PART 26 "J_Index_LE_0"
PART 27 "J_Index_LE_1"
PART 28 "J_Index_LE_2"
PART 29 "J_Index_LE_3"
PART 30 "J_Mid_LE_0"
PART 31 "J_Mid_LE_1"
PART 32 "J_Mid_LE_2"
PART 33 "J_Mid_LE_3"
PART 34 "tag_knife_attach"
PART 35 "tag_weapon"
PART 36 "J_Gun"
PART 37 "TAG_CLIP"
PART 38 "J_Bolt"
PART 39 "tag_speedloader"
PART 40 "tag_spent0"
PART 41 "tag_spent1"
PART 42 "tag_spent2"
PART 43 "tag_spent3"
PART 44 "tag_spent4"
PART 45 "tag_spent5"
PART 46 "tag_bullets"
PART 47 "J_Press_Rear"
PART 48 "tag_weapon1"
PART 49 "J_Gun1"
PART 50 "TAG_CLIP1"
PART 51 "J_Bolt1"
PART 52 "tag_speedloader1"
PART 53 "tag_spent01"
PART 54 "tag_spent11"
PART 55 "tag_spent21"
PART 56 "tag_spent31"
PART 57 "tag_spent41"
PART 58 "tag_spent51"
PART 59 "tag_bullets1"
PART 60 "J_Press_Rear1"
PART 61 "J_Shoulder_RI"
PART 62 "J_Elbow_RI"
PART 63 "J_WristTwist_RI"
PART 64 "J_Sleave_Reshape_Top_RI_3"
PART 65 "J_Sleave_Reshape_Top_RI_2"
PART 66 "J_Sleave_Reshape_Top_RI_1"
PART 67 "J_Wrist_RI"
PART 68 "J_Thumb_RI_0"
PART 69 "J_Thumb_RI_1"
PART 70 "J_Thumb_RI_2"
PART 71 "J_Thumb_RI_3"
PART 72 "J_PinkyPalm_RI"
PART 73 "J_Pinky_RI_0"
PART 74 "J_Pinky_RI_1"
PART 75 "J_Pinky_RI_2"
PART 76 "J_Pinky_RI_3"
PART 77 "J_RingPalm_RI"
PART 78 "J_Ring_RI_0"
PART 79 "J_Ring_RI_1"
PART 80 "J_Ring_RI_2"
PART 81 "J_Ring_RI_3"
PART 82 "J_Webbing_RI"
PART 83 "J_Index_RI_0"
PART 84 "J_Index_RI_1"
PART 85 "J_Index_RI_2"
PART 86 "J_Index_RI_3"
PART 87 "J_Mid_RI_0"
PART 88 "J_Mid_RI_1"
PART 89 "J_Mid_RI_2"
PART 90 "J_Mid_RI_3"
PART 91 "tag_cambone"
PART 92 "tag_camera"
PART 93 "tag_gasmask"

FRAMERATE 30
NUMFRAMES 11

FRAME 520
PART 0
OFFSET  0.0000 -0.0000 -0.0000
X  1.0000 -0.0000  0.0000
Y  0.0000  1.0000  0.0000
Z  0.0000 -0.0000  1.0000

PART 1
OFFSET -4.6318 -0.0000 -1.3770
X  1.0000 -0.0000  0.0000
Y  0.0000  1.0000  0.0000
Z  0.0000 -0.0000  1.0000

PART 2
OFFSET -6.1568  11.3680 -3.4018
X  0.7306 -0.1043 -0.6748
Y  0.0432 -0.9792  0.1982
Z -0.6815 -0.1739 -0.7109

PART 3
OFFSET  2.6787  10.1065 -11.5630
X  0.7229 -0.3621  0.5885
Y -0.6175  0.0438  0.7854
Z -0.3102 -0.9311 -0.1919

PART 4
OFFSET  8.8270  7.0269 -6.5574
X  0.7229 -0.3621  0.5885
Y -0.5581 -0.8081  0.1883
Z  0.4074 -0.4646 -0.7862

PART 5
OFFSET  10.7670  7.3098 -6.3927
X  0.7274 -0.3598  0.5844
Y  0.3170  0.9314  0.1789
Z -0.6086  0.0551  0.7915

PART 6
OFFSET  10.1088  5.9246 -7.0868
X  0.7274 -0.3598  0.5844
Y  0.3170  0.9314  0.1789
Z -0.6086  0.0551  0.7915

PART 7
OFFSET  9.5442  7.1282 -4.1106
X  0.7274 -0.3598  0.5844
Y  0.3170  0.9314  0.1789
Z -0.6086  0.0551  0.7915

PART 8
OFFSET  8.9280  5.9403 -4.2538
X  0.7274 -0.3598  0.5844
Y  0.3170  0.9314  0.1789
Z -0.6086  0.0551  0.7915

PART 9
OFFSET  9.0548  5.4727 -5.3498
X  0.7274 -0.3598  0.5844
Y  0.3170  0.9314  0.1789
Z -0.6086  0.0551  0.7915

PART 10
OFFSET  11.0430  5.9169 -4.7531
X  0.9349  0.0546  0.3506
Y -0.1110 -0.8934  0.4353
Z  0.3370 -0.4458 -0.8292

PART 11
OFFSET  11.4949  4.8962 -4.5159
X  0.6962 -0.7169 -0.0360
Y -0.5955 -0.6049  0.5287
Z -0.4008 -0.3467 -0.8480

PART 12
OFFSET  12.9156  3.2695 -4.5881
X  0.9507  0.2747 -0.1442
Y  0.2974 -0.9391  0.1720
Z -0.0882 -0.2064 -0.9745

PART 13
OFFSET  14.4227  3.7458 -4.9403
X  0.7448  0.5184 -0.4202
Y  0.6125 -0.7809  0.1224
Z -0.2646 -0.3485 -0.8992

PART 14
OFFSET  15.2264  4.2772 -5.4337
X  0.8460  0.4456  0.2927
Y -0.4124  0.1991  0.8890
Z  0.3379 -0.8728  0.3522

PART 15
OFFSET  12.0212  6.8297 -5.0901
X  0.9391  0.3347 -0.0781
Y  0.1049 -0.4957 -0.8621
Z -0.3273  0.8014 -0.5006

PART 16
OFFSET  14.1916  7.4042 -5.2985
X  0.3652 -0.4523 -0.8137
Y -0.7698 -0.6382  0.0092
Z -0.5235  0.6230 -0.5812

PART 17
OFFSET  14.7087  6.7639 -6.4505
X -0.4356 -0.7865 -0.4378
Y -0.7580  0.0582  0.6496
Z -0.4855  0.6148 -0.6215

PART 18
OFFSET  14.3225  6.0666 -6.8387
X -0.8445 -0.4451  0.2977
Y -0.0691  0.6419  0.7637
Z -0.5310  0.6244 -0.5728

PART 19
OFFSET  13.5202  5.6437 -6.5559
X  0.7661 -0.1528 -0.6243
Y  0.4242  0.8499  0.3126
Z  0.4828 -0.5043  0.7159

PART 20
OFFSET  12.1059  6.3102 -4.6079
X  0.9258  0.3237  0.1950
Y  0.3224 -0.4072 -0.8545
Z -0.1972  0.8540 -0.4814

PART 21
OFFSET  14.6013  7.0214 -4.4472
X  0.3677 -0.3458 -0.8633
Y -0.7326 -0.6795 -0.0398
Z -0.5728  0.6471 -0.5032

PART 22
OFFSET  15.2273  6.4327 -5.9169
X -0.5831 -0.7532 -0.3044
Y -0.5925  0.1379  0.7936
Z -0.5558  0.6432 -0.5267

PART 23
OFFSET  14.4192  5.3888 -6.3389
X -0.8276 -0.3524  0.4370
Y  0.0985  0.6752  0.7310
Z -0.5527  0.6480 -0.5241

PART 24
OFFSET  13.5217  5.0066 -5.8649
X  0.5946 -0.0651 -0.8014
Y  0.5786  0.7267  0.3703
Z  0.5583 -0.6839  0.4697

PART 25
OFFSET  13.9295  4.4278 -3.4257
X  0.9948  0.1002  0.0151
Y -0.0549  0.4072  0.9117
Z  0.0852 -0.9078  0.4106

PART 26
OFFSET  14.4770  5.6217 -2.7505
X  0.9079  0.0962 -0.4080
Y -0.2532 -0.6499 -0.7166
Z -0.3340  0.7540 -0.5657

PART 27
OFFSET  16.0756  5.7910 -3.4688
X  0.8360  0.0432 -0.5470
Y -0.4086 -0.6163 -0.6732
Z -0.3662  0.7863 -0.4975

PART 28
OFFSET  17.1141  5.7958 -4.1036
X  0.7218 -0.2299 -0.6529
Y -0.6365 -0.5910 -0.4956
Z -0.2719  0.7733 -0.5728

PART 29
OFFSET  17.9294  5.5361 -4.8410
X  0.2632  0.8258  0.4988
Y -0.8359 -0.0630  0.5452
Z  0.4817 -0.5604  0.6737

PART 30
OFFSET  14.5582  6.5051 -3.4088
X  0.5238 -0.2492 -0.8146
Y -0.7141 -0.6499 -0.2603
Z -0.4645  0.7180 -0.5184

PART 31
OFFSET  15.5814  6.0182 -5.0002
X -0.4654 -0.6968 -0.5458
Y -0.7289 -0.0481  0.6829
Z -0.5022  0.7156 -0.4855

PART 32
OFFSET  14.9017  5.0004 -5.7974
X -0.8517 -0.4195  0.3142
Y  0.0453  0.5383  0.8416
Z -0.5221  0.7310 -0.4394

PART 33
OFFSET  13.9334  4.5301 -5.4452
X  0.6575 -0.0689 -0.7503
Y  0.5423  0.7345  0.4078
Z  0.5230 -0.6751  0.5203

PART 34
OFFSET  14.1512  5.8671 -5.3008
X -0.2282  0.8158 -0.5314
Y -0.3370  0.4458  0.8292
Z  0.9134  0.3684  0.1732

PART 35
OFFSET  14.9900 -3.0177 -2.9472
X  0.9673 -0.0294  0.2519
Y  0.1062  0.9490 -0.2969
Z -0.2303  0.3139  0.9211

PART 36
OFFSET  14.9900 -3.0177 -2.9472
X  0.9673 -0.0294  0.2519
Y  0.1062  0.9490 -0.2969
Z -0.2303  0.3139  0.9211

PART 37
OFFSET  18.0923 -2.8626 -1.8500
X  0.9673 -0.0294  0.2519
Y  0.1062  0.9490 -0.2969
Z -0.2303  0.3139  0.9211

PART 38
OFFSET  16.0108 -2.5444 -1.0694
X  0.9673 -0.0294  0.2519
Y  0.1062  0.9490 -0.2969
Z -0.2303  0.3139  0.9211

PART 39
OFFSET -320.3348 -5.1251  0.0032
X  0.9998  0.0018 -0.0204
Y -0.0001  0.9965  0.0833
Z  0.0204 -0.0833  0.9963

PART 40
OFFSET  16.0871 -2.7615 -1.6820
X  0.9718 -0.0358  0.2330
Y  0.1062  0.9490 -0.2969
Z -0.2105  0.3133  0.9260

PART 41
OFFSET  16.0820 -2.1234 -1.5580
X  0.9718 -0.0358  0.2330
Y  0.1062  0.9490 -0.2969
Z -0.2105  0.3133  0.9260

PART 42
OFFSET  15.9519 -1.9184 -0.9717
X  0.9718 -0.0358  0.2330
Y  0.1062  0.9490 -0.2969
Z -0.2105  0.3133  0.9260

PART 43
OFFSET  15.8257 -2.3414 -0.5050
X  0.9718 -0.0358  0.2330
Y  0.1062  0.9490 -0.2969
Z -0.2105  0.3133  0.9260

PART 44
OFFSET  15.8329 -2.9727 -0.6362
X  0.9718 -0.0358  0.2330
Y  0.1062  0.9490 -0.2969
Z -0.2105  0.3133  0.9260

PART 45
OFFSET  15.9630 -3.1518 -1.2182
X  0.9718 -0.0358  0.2330
Y  0.1062  0.9490 -0.2969
Z -0.2105  0.3133  0.9260

PART 46
OFFSET -307.8606  8.4282 -83.3945
X  0.9718 -0.0358  0.2330
Y  0.1062  0.9490 -0.2969
Z -0.2105  0.3133  0.9260

PART 47
OFFSET  14.6216 -2.4632 -1.9250
X  0.9554 -0.0145  0.2951
Y  0.1062  0.9490 -0.2969
Z -0.2757  0.3150  0.9082

PART 48
OFFSET  16.0939  4.9494 -4.2377
X  0.9969  0.0656  0.0432
Y -0.0776  0.7351  0.6735
Z  0.0124 -0.6747  0.7380

PART 49
OFFSET  16.0939  4.9494 -4.2377
X  0.9969  0.0656  0.0432
Y -0.0776  0.7351  0.6735
Z  0.0124 -0.6747  0.7380

PART 50
OFFSET  19.3491  5.0422 -3.7403
X  0.9969  0.0656  0.0432
Y -0.0776  0.7351  0.6735
Z  0.0124 -0.6747  0.7380

PART 51
OFFSET  17.5564  3.9356 -2.9626
X  0.9969  0.0656  0.0432
Y -0.0776  0.7351  0.6735
Z  0.0124 -0.6747  0.7380

PART 52
OFFSET -320.3348  5.9563  0.1364
X  0.9998 -0.0013 -0.0204
Y -0.0001  0.9975 -0.0704
Z  0.0204  0.0704  0.9973

PART 53
OFFSET  17.4815  4.3576 -3.4556
X  0.9964  0.0794  0.0281
Y -0.0776  0.7351  0.6735
Z  0.0328 -0.6732  0.7387

PART 54
OFFSET  17.4501  4.5572 -2.8481
X  0.9964  0.0794  0.0281
Y -0.0776  0.7351  0.6735
Z  0.0328 -0.6732  0.7387

PART 55
OFFSET  17.4721  4.1511 -2.3650
X  0.9964  0.0794  0.0281
Y -0.0776  0.7351  0.6735
Z  0.0328 -0.6732  0.7387

PART 56
OFFSET  17.5290  3.4942 -2.4999
X  0.9964  0.0794  0.0281
Y -0.0776  0.7351  0.6735
Z  0.0328 -0.6732  0.7387

PART 57
OFFSET  17.5578  3.3269 -3.0954
X  0.9964  0.0794  0.0281
Y -0.0776  0.7351  0.6735
Z  0.0328 -0.6732  0.7387

PART 58
OFFSET  17.5351  3.7529 -3.5838
X  0.9964  0.0794  0.0281
Y -0.0776  0.7351  0.6735
Z  0.0328 -0.6732  0.7387

PART 59
OFFSET -315.7629 -19.1370 -15.4692
X  0.9964  0.0794  0.0281
Y -0.0776  0.7351  0.6735
Z  0.0328 -0.6732  0.7387

PART 60
OFFSET  15.9798  4.2668 -3.2331
X  0.9964  0.0337  0.0780
Y -0.0776  0.7351  0.6735
Z -0.0347 -0.6771  0.7351

PART 61
OFFSET -6.1568 -11.3680 -3.4018
X -0.7336 -0.1288  0.6673
Y  0.0843 -0.9915 -0.0988
Z  0.6743 -0.0162  0.7382

PART 62
OFFSET  2.7152 -9.8102 -11.4717
X -0.6597 -0.5066 -0.5552
Y  0.6258  0.0389 -0.7790
Z  0.4162 -0.8613  0.2913

PART 63
OFFSET  8.3259 -5.5017 -6.7495
X -0.6597 -0.5066 -0.5552
Y  0.7163 -0.6474 -0.2604
Z -0.2275 -0.5695  0.7899

PART 64
OFFSET  8.4378 -3.8512 -5.4668
X -0.6645 -0.5044 -0.5513
Y -0.4233  0.8621 -0.2785
Z  0.6158  0.0483 -0.7864

PART 65
OFFSET  8.2492 -4.0620 -4.3575
X -0.6645 -0.5044 -0.5513
Y -0.4233  0.8621 -0.2785
Z  0.6158  0.0483 -0.7864

PART 66
OFFSET  9.1367 -5.1335 -4.2574
X -0.6645 -0.5044 -0.5513
Y -0.4233  0.8621 -0.2785
Z  0.6158  0.0483 -0.7864

PART 67
OFFSET  10.3482 -3.9488 -5.0475
X -0.8406  0.1552 -0.5190
Y  0.3142 -0.6407 -0.7005
Z -0.4412 -0.7519  0.4898

PART 68
OFFSET  10.6042 -3.0916 -4.3391
X -0.6447 -0.6701 -0.3679
Y  0.7476 -0.4521 -0.4866
Z  0.1597 -0.5887  0.7924

PART 69
OFFSET  11.9119 -1.5676 -3.5408
X -0.9892  0.1446 -0.0261
Y -0.1073 -0.8324 -0.5436
Z -0.1003 -0.5349  0.8389

PART 70
OFFSET  13.5136 -1.7908 -3.6250
X -0.8670  0.3868  0.3141
Y -0.4978 -0.7000 -0.5121
Z  0.0218 -0.6003  0.7995

PART 71
OFFSET  14.4586 -2.1697 -3.9925
X -0.7566  0.5269 -0.3872
Y  0.6331  0.4421 -0.6354
Z -0.1636 -0.7259 -0.6681

PART 72
OFFSET  11.4851 -4.6142 -5.4574
X -0.9702  0.2405 -0.0309
Y -0.2166 -0.8021  0.5565
Z  0.1091  0.5466  0.8303

PART 73
OFFSET  13.7074 -4.9766 -5.3354
X -0.3838 -0.8242  0.4164
Y  0.8771 -0.4664 -0.1146
Z  0.2886  0.3212  0.9019

PART 74
OFFSET  14.2508 -3.8097 -5.9248
X  0.4062 -0.8972  0.1734
Y  0.8796  0.3326 -0.3401
Z  0.2475  0.2906  0.9243

PART 75
OFFSET  13.8906 -3.0142 -6.0785
X  0.9371 -0.2728 -0.2178
Y  0.1752  0.9072 -0.3825
Z  0.3019  0.3203  0.8979

PART 76
OFFSET  13.0003 -2.7551 -5.8717
X -0.8704 -0.4072  0.2768
Y -0.4326  0.9009 -0.0351
Z -0.2351 -0.1503 -0.9603

PART 77
OFFSET  11.3996 -4.3275 -4.8093
X -0.9539  0.1987 -0.2250
Y -0.2940 -0.7697  0.5667
Z -0.0606  0.6067  0.7926

PART 78
OFFSET  13.8778 -4.9502 -4.3306
X -0.4174 -0.7560  0.5043
Y  0.8394 -0.5333 -0.1047
Z  0.3481  0.3796  0.8572

PART 79
OFFSET  14.5884 -3.6632 -5.1891
X  0.5777 -0.8076  0.1186
Y  0.7467  0.4641 -0.4765
Z  0.3298  0.3638  0.8711

PART 80
OFFSET  13.7878 -2.5439 -5.3534
X  0.9454 -0.1291 -0.2992
Y  0.0021  0.9205 -0.3906
Z  0.3259  0.3687  0.8706

PART 81
OFFSET  12.7625 -2.4038 -5.0289
X -0.7598 -0.4019  0.5111
Y -0.5541  0.8115 -0.1856
Z -0.3402 -0.4242 -0.8392

PART 82
OFFSET  6.3475 -3.1643 -6.3524
X -0.9744  0.0608 -0.2166
Y  0.1898  0.7389 -0.6465
Z  0.1207 -0.6710 -0.7315

PART 83
OFFSET  13.2226 -4.3496 -2.3149
X -0.9557 -0.1699  0.2405
Y  0.2631 -0.8596  0.4381
Z  0.1323  0.4819  0.8662

PART 84
OFFSET  14.9052 -4.0505 -2.7384
X -0.9015 -0.2949  0.3167
Y  0.4151 -0.7961  0.4403
Z  0.1223  0.5284  0.8401

PART 85
OFFSET  16.0086 -3.6599 -3.0724
X -0.7514 -0.5480  0.3676
Y  0.6564 -0.6777  0.3314
Z  0.0675  0.4903  0.8689

PART 86
OFFSET  16.8573 -3.0409 -3.4876
X -0.3290  0.9281 -0.1744
Y  0.8972  0.2495 -0.3644
Z -0.2947 -0.2764 -0.9148

PART 87
OFFSET  13.5530 -4.8933 -3.2181
X -0.5456 -0.6519  0.5266
Y  0.8100 -0.5714  0.1318
Z  0.2150  0.4984  0.8399

PART 88
OFFSET  14.6189 -3.6196 -4.2467
X  0.4385 -0.8158  0.3770
Y  0.8632  0.2655 -0.4293
Z  0.2502  0.5137  0.8207

PART 89
OFFSET  13.9785 -2.4280 -4.7975
X  0.9573 -0.2108 -0.1978
Y  0.0574  0.8092 -0.5847
Z  0.2833  0.5484  0.7867

PART 90
OFFSET  12.8923 -2.1926 -4.5794
X -0.7888 -0.3902  0.4749
Y -0.5496  0.7937 -0.2606
Z -0.2752 -0.4666 -0.8406

PART 91
OFFSET  0.0000 -0.0000 -0.0000
X  1.0000 -0.0000  0.0000
Y  0.0000  1.0000  0.0000
Z  0.0000 -0.0000  1.0000

PART 92
OFFSET  0.0000 -0.0000 -0.0000
X  0.9986  0.0000  0.0523
Y  0.0055  0.9945 -0.1044
Z -0.0520  0.1045  0.9932

PART 93
OFFSET  1.3231  0.4323  4.1881
X  0.9986  0.0000  0.0523
Y  0.0055  0.9945 -0.1044
Z -0.0520  0.1045  0.9932


FRAME 521
PART 0
OFFSET  0.0000 -0.0000 -0.0000
X  1.0000 -0.0000  0.0000
Y  0.0000  1.0000  0.0000
Z  0.0000 -0.0000  1.0000

PART 1
OFFSET -4.6318 -0.0000 -1.3770
X  1.0000 -0.0000  0.0000
Y  0.0000  1.0000  0.0000
Z  0.0000 -0.0000  1.0000

PART 2
OFFSET -6.2443  11.3680 -3.3958
X  0.7189 -0.0982 -0.6881
Y  0.0469 -0.9809  0.1890
Z -0.6935 -0.1681 -0.7006

PART 3
OFFSET  2.4504  10.1808 -11.7178
X  0.6943 -0.3638  0.6209
Y -0.6480  0.0594  0.7593
Z -0.3131 -0.9296 -0.1945

PART 4
OFFSET  8.3558  7.0865 -6.4365
X  0.6943 -0.3638  0.6209
Y -0.6192 -0.7418  0.2577
Z  0.3668 -0.5634 -0.7403

PART 5
OFFSET  10.2908  7.3492 -6.1966
X  0.6990 -0.3616  0.6169
Y  0.3204  0.9297  0.1818
Z -0.6393  0.0706  0.7657

PART 6
OFFSET  9.6448  5.9641 -6.9022
X  0.6990 -0.3616  0.6169
Y  0.3204  0.9297  0.1818
Z -0.6393  0.0706  0.7657

PART 7
OFFSET  8.9752  7.2063 -3.9639
X  0.6990 -0.3616  0.6169
Y  0.3204  0.9297  0.1818
Z -0.6393  0.0706  0.7657

PART 8
OFFSET  8.3514  6.0239 -4.1195
X  0.6990 -0.3616  0.6169
Y  0.3204  0.9297  0.1818
Z -0.6393  0.0706  0.7657

PART 9
OFFSET  8.5166  5.5430 -5.2045
X  0.6990 -0.3616  0.6169
Y  0.3204  0.9297  0.1818
Z -0.6393  0.0706  0.7657

PART 10
OFFSET  10.4843  5.9711 -4.5329
X  0.9465  0.0820  0.3120
Y -0.1067 -0.8332  0.5425
Z  0.3045 -0.5468 -0.7799

PART 11
OFFSET  10.9322  4.9794 -4.1892
X  0.6865 -0.7265  0.0284
Y -0.5845 -0.5283  0.6159
Z -0.4325 -0.4394 -0.7873

PART 12
OFFSET  12.3312  3.3344 -4.1103
X  0.9484  0.2410 -0.2059
Y  0.2923 -0.9162  0.2740
Z -0.1226 -0.3201 -0.9394

PART 13
OFFSET  13.8312  3.7422 -4.5642
X  0.7364  0.4531 -0.5025
Y  0.6074 -0.7699  0.1959
Z -0.2981 -0.4494 -0.8421

PART 14
OFFSET  14.6242  4.1985 -5.1428
X  0.8602  0.4645  0.2104
Y -0.3806  0.3102  0.8712
Z  0.3394 -0.8295  0.4436

PART 15
OFFSET  11.4611  6.8221 -5.0074
X  0.9397  0.3087 -0.1472
Y  0.0708 -0.5967 -0.7993
Z -0.3345  0.7407 -0.5826

PART 16
OFFSET  13.6299  7.3347 -5.3512
X  0.3331 -0.5517 -0.7646
Y -0.7762 -0.6208  0.1099
Z -0.5353  0.5569 -0.6350

PART 17
OFFSET  14.1014  6.5535 -6.4337
X -0.4586 -0.8265 -0.3264
Y -0.7355  0.1469  0.6614
Z -0.4987  0.5434 -0.6753

PART 18
OFFSET  13.6948  5.8207 -6.7232
X -0.8392 -0.3935  0.3753
Y -0.0366  0.7295  0.6830
Z -0.5425  0.5594 -0.6266

PART 19
OFFSET  12.8975  5.4469 -6.3666
X  0.7434 -0.2379 -0.6252
Y  0.4438  0.8747  0.1949
Z  0.5004 -0.4224  0.7558

PART 20
OFFSET  11.5558  6.3628 -4.4693
X  0.9354  0.3306  0.1256
Y  0.2894 -0.5113 -0.8092
Z -0.2033  0.7933 -0.5739

PART 21
OFFSET  14.0630  7.0502 -4.4734
X  0.3351 -0.4520 -0.8267
Y -0.7411 -0.6682  0.0649
Z -0.5817  0.5909 -0.5589

PART 22
OFFSET  14.6335  6.2806 -5.8808
X -0.6013 -0.7753 -0.1935
Y -0.5645  0.2407  0.7896
Z -0.5656  0.5840 -0.5824

PART 23
OFFSET  13.8002  5.2061 -6.1489
X -0.8166 -0.2851  0.5018
Y  0.1301  0.7561  0.6413
Z -0.5623  0.5890 -0.5804

PART 24
OFFSET  12.9146  4.8969 -5.6047
X  0.5671 -0.1694 -0.8061
Y  0.5987  0.7569  0.2621
Z  0.5657 -0.6312  0.5306

PART 25
OFFSET  13.3960  4.6077 -3.1276
X  0.9959  0.0862 -0.0282
Y -0.0202  0.5140  0.8575
Z  0.0884 -0.8534  0.5137

PART 26
OFFSET  13.9789  5.8653 -2.6180
X  0.8950  0.0329 -0.4449
Y -0.2840 -0.7269 -0.6252
Z -0.3440  0.6859 -0.6412

PART 27
OFFSET  15.5547  5.9232 -3.4012
X  0.8180 -0.0351 -0.5742
Y -0.4375 -0.6860 -0.5813
Z -0.3735  0.7267 -0.5765

PART 28
OFFSET  16.5718  5.8364 -4.0643
X  0.6972 -0.3172 -0.6429
Y -0.6591 -0.6362 -0.4009
Z -0.2819  0.7033 -0.6526

PART 29
OFFSET  17.3593  5.4781 -4.7904
X  0.2888  0.8754  0.3877
Y -0.8181  0.0153  0.5748
Z  0.4972 -0.4831  0.7206

PART 30
OFFSET  14.0483  6.6624 -3.3798
X  0.4938 -0.3527 -0.7948
Y -0.7296 -0.6654 -0.1579
Z -0.4732  0.6579 -0.5859

PART 31
OFFSET  15.0130  5.9733 -4.9325
X -0.4909 -0.7499 -0.4434
Y -0.7065  0.0449  0.7063
Z -0.5098  0.6600 -0.5519

PART 32
OFFSET  14.2959  4.8779 -5.5801
X -0.8455 -0.3660  0.3888
Y  0.0791  0.6342  0.7691
Z -0.5280  0.6810 -0.5073

PART 33
OFFSET  13.3344  4.4678 -5.1440
X  0.6316 -0.1680 -0.7569
Y  0.5638  0.7697  0.2996
Z  0.5322 -0.6159  0.5808

PART 34
OFFSET  13.5720  5.8091 -5.1678
X -0.2364  0.7498 -0.6180
Y -0.3045  0.5468  0.7799
Z  0.9227  0.3725  0.0990

PART 35
OFFSET  14.4284 -3.2747 -2.9882
X  0.9832 -0.0141  0.1819
Y  0.0660  0.9570 -0.2826
Z -0.1701  0.2899  0.9418

PART 36
OFFSET  14.4284 -3.2747 -2.9882
X  0.9832 -0.0141  0.1819
Y  0.0660  0.9570 -0.2826
Z -0.1701  0.2899  0.9418

PART 37
OFFSET  17.5976 -3.0768 -2.1108
X  0.9832 -0.0141  0.1819
Y  0.0660  0.9570 -0.2826
Z -0.1701  0.2899  0.9418

PART 38
OFFSET  15.5713 -2.8189 -1.1775
X  0.9832 -0.0141  0.1819
Y  0.0660  0.9570 -0.2826
Z -0.1701  0.2899  0.9418

PART 39
OFFSET -320.3348 -5.1251  0.0032
X  0.9998  0.0018 -0.0204
Y -0.0001  0.9965  0.0833
Z  0.0204 -0.0833  0.9963

PART 40
OFFSET  15.6079 -3.0215 -1.7987
X  0.9865 -0.0201  0.1626
Y  0.0660  0.9570 -0.2826
Z -0.1499  0.2895  0.9454

PART 41
OFFSET  15.5992 -2.3864 -1.6605
X  0.9865 -0.0201  0.1626
Y  0.0660  0.9570 -0.2826
Z -0.1499  0.2895  0.9454

PART 42
OFFSET  15.5072 -2.1963 -1.0621
X  0.9865 -0.0201  0.1626
Y  0.0660  0.9570 -0.2826
Z -0.1499  0.2895  0.9454

PART 43
OFFSET  15.4230 -2.6315 -0.5971
X  0.9865 -0.0201  0.1626
Y  0.0660  0.9570 -0.2826
Z -0.1499  0.2895  0.9454

PART 44
OFFSET  15.4333 -3.2597 -0.7424
X  0.9865 -0.0201  0.1626
Y  0.0660  0.9570 -0.2826
Z -0.1499  0.2895  0.9454

PART 45
OFFSET  15.5249 -3.4239 -1.3360
X  0.9865 -0.0201  0.1626
Y  0.0660  0.9570 -0.2826
Z -0.1499  0.2895  0.9454

PART 46
OFFSET -313.5061  3.0034 -60.0389
X  0.9865 -0.0201  0.1626
Y  0.0660  0.9570 -0.2826
Z -0.1499  0.2895  0.9454

PART 47
OFFSET  14.1232 -2.7493 -1.9303
X  0.9741 -0.0004  0.2262
Y  0.0660  0.9570 -0.2826
Z -0.2163  0.2902  0.9322

PART 48
OFFSET  15.5382  4.9956 -4.0639
X  0.9985  0.0551  0.0038
Y -0.0470  0.8115  0.5825
Z  0.0291 -0.5818  0.8128

PART 49
OFFSET  15.5382  4.9956 -4.0639
X  0.9985  0.0551  0.0038
Y -0.0470  0.8115  0.5825
Z  0.0291 -0.5818  0.8128

PART 50
OFFSET  18.8089  5.0978 -3.6835
X  0.9985  0.0551  0.0038
Y -0.0470  0.8115  0.5825
Z  0.0291 -0.5818  0.8128

PART 51
OFFSET  17.0303  4.1194 -2.7229
X  0.9985  0.0551  0.0038
Y -0.0470  0.8115  0.5825
Z  0.0291 -0.5818  0.8128

PART 52
OFFSET -320.3348  5.9563  0.1364
X  0.9998 -0.0013 -0.0204
Y -0.0001  0.9975 -0.0704
Z  0.0204  0.0704  0.9973

PART 53
OFFSET  16.9441  4.4805 -3.2603
X  0.9977  0.0670 -0.0128
Y -0.0470  0.8115  0.5825
Z  0.0495 -0.5806  0.8127

PART 54
OFFSET  16.9350  4.7518 -2.6804
X  0.9977  0.0670 -0.0128
Y -0.0470  0.8115  0.5825
Z  0.0495 -0.5806  0.8127

PART 55
OFFSET  16.9682  4.4061 -2.1531
X  0.9977  0.0670 -0.0128
Y -0.0470  0.8115  0.5825
Z  0.0495 -0.5806  0.8127

PART 56
OFFSET  17.0132  3.7370 -2.2099
X  0.9977  0.0670 -0.0128
Y -0.0470  0.8115  0.5825
Z  0.0495 -0.5806  0.8127

PART 57
OFFSET  17.0205  3.4993 -2.7817
X  0.9977  0.0670 -0.0128
Y -0.0470  0.8115  0.5825
Z  0.0495 -0.5806  0.8127

PART 58
OFFSET  16.9865  3.8642 -3.3166
X  0.9977  0.0670 -0.0128
Y -0.0470  0.8115  0.5825
Z  0.0495 -0.5806  0.8127

PART 59
OFFSET -316.7596 -15.2221 -1.9087
X  0.9977  0.0670 -0.0128
Y -0.0470  0.8115  0.5825
Z  0.0495 -0.5806  0.8127

PART 60
OFFSET  15.4495  4.4398 -2.9816
X  0.9987  0.0276  0.0421
Y -0.0470  0.8115  0.5825
Z -0.0181 -0.5838  0.8117

PART 61
OFFSET -6.2443 -11.3680 -3.3958
X -0.7163 -0.1125  0.6886
Y  0.0666 -0.9934 -0.0930
Z  0.6946 -0.0208  0.7191

PART 62
OFFSET  2.4188 -10.0077 -11.7242
X -0.6265 -0.4967 -0.6007
Y  0.6621  0.0676 -0.7464
Z  0.4113 -0.8653  0.2865

PART 63
OFFSET  7.7471 -5.7829 -6.6152
X -0.6265 -0.4967 -0.6007
Y  0.7451 -0.6078 -0.2745
Z -0.2288 -0.6195  0.7509

PART 64
OFFSET  7.7787 -4.1691 -5.2821
X -0.6315 -0.4947 -0.5970
Y -0.4190  0.8656 -0.2741
Z  0.6524  0.0771 -0.7540

PART 65
OFFSET  7.5392 -4.4138 -4.1897
X -0.6315 -0.4947 -0.5970
Y -0.4190  0.8656 -0.2741
Z  0.6524  0.0771 -0.7540

PART 66
OFFSET  8.4328 -5.4790 -4.0772
X -0.6315 -0.4947 -0.5970
Y -0.4190  0.8656 -0.2741
Z  0.6524  0.0771 -0.7540

PART 67
OFFSET  9.6677 -4.2601 -4.7737
X -0.8784  0.1481 -0.4544
Y  0.2759 -0.6193 -0.7351
Z -0.3903 -0.7711  0.5032

PART 68
OFFSET  9.9568 -3.4124 -4.0665
X -0.6560 -0.6758 -0.3359
Y  0.7196 -0.4260 -0.5483
Z  0.2274 -0.6014  0.7659

PART 69
OFFSET  11.2880 -1.8780 -3.3295
X -0.9911  0.1241  0.0474
Y -0.1295 -0.8231 -0.5529
Z -0.0296 -0.5542  0.8319

PART 70
OFFSET  12.8836 -2.0655 -3.5321
X -0.8498  0.3618  0.3833
Y -0.5193 -0.6996 -0.4908
Z  0.0906 -0.6161  0.7824

PART 71
OFFSET  13.8073 -2.4167 -3.9741
X -0.7925  0.5187 -0.3207
Y  0.5773  0.4684 -0.6688
Z -0.1967 -0.7152 -0.6707

PART 72
OFFSET  10.7852 -4.8927 -5.2779
X -0.9744  0.2205  0.0434
Y -0.1605 -0.8179  0.5526
Z  0.1574  0.5315  0.8323

PART 73
OFFSET  13.0172 -5.2105 -5.3220
X -0.3368 -0.8406  0.4242
Y  0.8757 -0.4452 -0.1869
Z  0.3460  0.3086  0.8861

PART 74
OFFSET  13.4941 -4.0204 -5.9226
X  0.4351 -0.8918  0.1242
Y  0.8464  0.3580 -0.3942
Z  0.3071  0.2766  0.9106

PART 75
OFFSET  13.1083 -3.2297 -6.0327
X  0.9243 -0.2484 -0.2897
Y  0.1296  0.9184 -0.3738
Z  0.3589  0.3080  0.8811

PART 76
OFFSET  12.2302 -2.9938 -5.7574
X -0.8402 -0.4311  0.3288
Y -0.4516  0.8921  0.0156
Z -0.3001 -0.1354 -0.9443

PART 77
OFFSET  10.7406 -4.6213 -4.6192
X -0.9712  0.1831 -0.1523
Y -0.2376 -0.7873  0.5690
Z -0.0157  0.5888  0.8082

PART 78
OFFSET  13.2584 -5.2013 -4.3315
X -0.3654 -0.7749  0.5158
Y  0.8401 -0.5132 -0.1758
Z  0.4009  0.3691  0.8385

PART 79
OFFSET  13.8805 -3.8820 -5.2096
X  0.6004 -0.7975  0.0593
Y  0.7015  0.4896 -0.5179
Z  0.3840  0.3526  0.8534

PART 80
OFFSET  13.0484 -2.7767 -5.2919
X  0.9240 -0.1029 -0.3684
Y -0.0439  0.9283 -0.3693
Z  0.3799  0.3574  0.8532

PART 81
OFFSET  12.0463 -2.6651 -4.8924
X -0.7133 -0.4284  0.5547
Y -0.5818  0.8033 -0.1278
Z -0.3909 -0.4139 -0.8221

PART 82
OFFSET  5.5693 -3.5335 -5.7736
X -0.9884  0.0447 -0.1455
Y  0.1286  0.7560 -0.6418
Z  0.0813 -0.6530 -0.7529

PART 83
OFFSET  12.7373 -4.6564 -2.2616
X -0.9325 -0.1950  0.3039
Y  0.3105 -0.8627  0.3992
Z  0.1844  0.4666  0.8650

PART 84
OFFSET  14.3791 -4.3131 -2.7968
X -0.8706 -0.3204  0.3733
Y  0.4610 -0.7961  0.3920
Z  0.1716  0.5134  0.8408

PART 85
OFFSET  15.4479 -3.8924 -3.1995
X -0.7123 -0.5713  0.4078
Y  0.6916 -0.6704  0.2689
Z  0.1198  0.4736  0.8726

PART 86
OFFSET  16.2525 -3.2472 -3.6601
X -0.3588  0.9243 -0.1300
Y  0.8638  0.2759 -0.4216
Z -0.3538 -0.2636 -0.8974

PART 87
OFFSET  13.0129 -5.1742 -3.1978
X -0.4937 -0.6741  0.5494
Y  0.8284 -0.5568  0.0613
Z  0.2646  0.4854  0.8333

PART 88
OFFSET  13.9774 -3.8573 -4.2711
X  0.4802 -0.8140  0.3268
Y  0.8250  0.2925 -0.4836
Z  0.2980  0.5018  0.8120

PART 89
OFFSET  13.2760 -2.6684 -4.7485
X  0.9447 -0.1864 -0.2699
Y -0.0004  0.8221 -0.5693
Z  0.3280  0.5379  0.7766

PART 90
OFFSET  12.2037 -2.4605 -4.4487
X -0.7451 -0.4166  0.5209
Y -0.5823  0.7872 -0.2033
Z -0.3253 -0.4548 -0.8290

PART 91
OFFSET  0.0000 -0.0000 -0.0000
X  1.0000 -0.0000  0.0000
Y  0.0000  1.0000  0.0000
Z  0.0000 -0.0000  1.0000

PART 92
OFFSET  0.0000 -0.0000 -0.0000
X  0.9996  0.0000  0.0299
Y  0.0014  0.9989 -0.0463
Z -0.0299  0.0463  0.9985

PART 93
OFFSET  1.4162  0.1915  4.1755
X  0.9996  0.0000  0.0299
Y  0.0014  0.9989 -0.0463
Z -0.0299  0.0463  0.9985


FRAME 522
PART 0
OFFSET  0.0000 -0.0000 -0.0000
X  1.0000 -0.0000  0.0000
Y  0.0000  1.0000  0.0000
Z  0.0000 -0.0000  1.0000

PART 1
OFFSET -4.6318 -0.0000 -1.3770
X  1.0000 -0.0000  0.0000
Y  0.0000  1.0000  0.0000
Z  0.0000 -0.0000  1.0000

PART 2
OFFSET -6.4818  11.3680 -3.3795
X  0.7305 -0.1032 -0.6751
Y  0.0469 -0.9786  0.2003
Z -0.6813 -0.1780 -0.7100

PART 3
OFFSET  2.3527  10.1202 -11.5438
X  0.6617 -0.3523  0.6618
Y -0.6840  0.0777  0.7253
Z -0.3069 -0.9327 -0.1896

PART 4
OFFSET  7.9811  7.1236 -5.9150
X  0.6617 -0.3523  0.6618
Y -0.6774 -0.6591  0.3265
Z  0.3212 -0.6644 -0.6749

PART 5
OFFSET  9.9031  7.3859 -5.5866
X  0.6667 -0.3502  0.6580
Y  0.3149  0.9324  0.1773
Z -0.6756  0.0890  0.7319

PART 6
OFFSET  9.2869  5.9877 -6.2930
X  0.6667 -0.3502  0.6580
Y  0.3149  0.9324  0.1773
Z -0.6756  0.0890  0.7319

PART 7
OFFSET  8.4796  7.2952 -3.4183
X  0.6667 -0.3502  0.6580
Y  0.3149  0.9324  0.1773
Z -0.6756  0.0890  0.7319

PART 8
OFFSET  7.8595  6.1115 -3.5788
X  0.6667 -0.3502  0.6580
Y  0.3149  0.9324  0.1773
Z -0.6756  0.0890  0.7319

PART 9
OFFSET  8.0755  5.6068 -4.6438
X  0.6667 -0.3502  0.6580
Y  0.3149  0.9324  0.1773
Z -0.6756  0.0890  0.7319

PART 10
OFFSET  10.0098  6.0436 -3.8861
X  0.9613  0.1021  0.2557
Y -0.0919 -0.7564  0.6476
Z  0.2596 -0.6461 -0.7178

PART 11
OFFSET  10.4602  5.0943 -3.4409
X  0.6773 -0.7304  0.0885
Y -0.5615 -0.4355  0.7036
Z -0.4754 -0.5262 -0.7051

PART 12
OFFSET  11.8392  3.4454 -3.2190
X  0.9407  0.1949 -0.2777
Y  0.2927 -0.8801  0.3738
Z -0.1715 -0.4329 -0.8850

PART 13
OFFSET  13.3211  3.7641 -3.7886
X  0.7176  0.3722 -0.5886
Y  0.6056 -0.7508  0.2636
Z -0.3439 -0.5456 -0.7642

PART 14
OFFSET  14.0917  4.1289 -4.4556
X  0.8754  0.4705  0.1107
Y -0.3344  0.4242  0.8415
Z  0.3490 -0.7737  0.5287

PART 15
OFFSET  10.9742  6.8094 -4.5082
X  0.9357  0.2696 -0.2276
Y  0.0246 -0.6935 -0.7201
Z -0.3520  0.6681 -0.6555

PART 16
OFFSET  13.1308  7.2327 -5.0124
X  0.2888 -0.6496 -0.7033
Y -0.7784 -0.5870  0.2226
Z -0.5574  0.4832 -0.6752

PART 17
OFFSET  13.5397  6.3130 -6.0082
X -0.4847 -0.8519 -0.1983
Y -0.7011  0.2428  0.6704
Z -0.5230  0.4640 -0.7150

PART 18
OFFSET  13.1099  5.5577 -6.1840
X -0.8256 -0.3271  0.4598
Y  0.0058  0.8100  0.5865
Z -0.5642  0.4868 -0.6668

PART 19
OFFSET  12.3256  5.2470 -5.7472
X  0.7095 -0.3287 -0.6234
Y  0.4643  0.8835  0.0626
Z  0.5302 -0.3339  0.7794

PART 20
OFFSET  11.0883  6.4194 -3.9214
X  0.9447  0.3256  0.0401
Y  0.2436 -0.6142 -0.7506
Z -0.2198  0.7188 -0.6595

PART 21
OFFSET  13.6014  7.0522 -4.1265
X  0.2892 -0.5585 -0.7774
Y -0.7461 -0.6404  0.1824
Z -0.5997  0.5273 -0.6019

PART 22
OFFSET  14.0939  6.1014 -5.4501
X -0.6202 -0.7816 -0.0665
Y -0.5229  0.3487  0.7778
Z -0.5848  0.5171 -0.6250

PART 23
OFFSET  13.2343  5.0181 -5.5423
X -0.7955 -0.2041  0.5705
Y  0.1707  0.8279  0.5342
Z -0.5814  0.5224 -0.6238

PART 24
OFFSET  12.3716  4.7967 -4.9235
X  0.5257 -0.2800 -0.8033
Y  0.6206  0.7721  0.1370
Z  0.5818 -0.5705  0.5797

PART 25
OFFSET  12.9666  4.8111 -2.4543
X  0.9945  0.0627 -0.0842
Y  0.0276  0.6178  0.7858
Z  0.1014 -0.7838  0.6127

PART 26
OFFSET  13.5900  6.1112 -2.1345
X  0.8731 -0.0404 -0.4858
Y -0.3232 -0.7940 -0.5149
Z -0.3649  0.6066 -0.7063

PART 27
OFFSET  15.1272  6.0400 -2.9899
X  0.7891 -0.1226 -0.6019
Y -0.4739 -0.7449 -0.4696
Z -0.3908  0.6558 -0.6460

PART 28
OFFSET  16.1103  5.8511 -3.6823
X  0.6614 -0.4087 -0.6289
Y -0.6860 -0.6686 -0.2870
Z -0.3032  0.6212 -0.7226

PART 29
OFFSET  16.8574  5.3895 -4.3926
X  0.3187  0.9114  0.2606
Y -0.7895  0.1031  0.6050
Z  0.5245 -0.3985  0.7524

PART 30
OFFSET  13.6337  6.8050 -2.9931
X  0.4505 -0.4591 -0.7657
Y -0.7451 -0.6658 -0.0393
Z -0.4917  0.5882 -0.6420

PART 31
OFFSET  14.5139  5.9081 -4.4889
X -0.5215 -0.7900 -0.3224
Y -0.6714  0.1468  0.7265
Z -0.5266  0.5953 -0.6069

PART 32
OFFSET  13.7521  4.7543 -4.9598
X -0.8309 -0.2979  0.4700
Y  0.1242  0.7240  0.6785
Z -0.5424  0.6221 -0.5646

PART 33
OFFSET  12.8071  4.4208 -4.4320
X  0.5925 -0.2738 -0.7577
Y  0.5877  0.7901  0.1741
Z  0.5510 -0.5484  0.6290

PART 34
OFFSET  13.0613  5.7436 -4.6357
X -0.2555  0.6708 -0.6962
Y -0.2596  0.6461  0.7178
Z  0.9313  0.3641  0.0091

PART 35
OFFSET  13.9823 -3.6832 -2.6398
X  0.9975  0.0139  0.0687
Y  0.0049  0.9638 -0.2666
Z -0.0699  0.2663  0.9613

PART 36
OFFSET  13.9823 -3.6832 -2.6398
X  0.9975  0.0139  0.0687
Y  0.0049  0.9638 -0.2666
Z -0.0699  0.2663  0.9613

PART 37
OFFSET  17.2237 -3.4006 -2.1239
X  0.9975  0.0139  0.0687
Y  0.0049  0.9638 -0.2666
Z -0.0699  0.2663  0.9613

PART 38
OFFSET  15.3105 -3.2255 -0.9609
X  0.9975  0.0139  0.0687
Y  0.0049  0.9638 -0.2666
Z -0.0699  0.2663  0.9613

PART 39
OFFSET -320.3348 -5.1251  0.0032
X  0.9998  0.0018 -0.0204
Y -0.0001  0.9965  0.0833
Z  0.0204 -0.0833  0.9963

PART 40
OFFSET  15.2819 -3.4151 -1.5866
X  0.9988  0.0085  0.0490
Y  0.0049  0.9638 -0.2666
Z -0.0495  0.2666  0.9625

PART 41
OFFSET  15.2702 -2.7832 -1.4341
X  0.9988  0.0085  0.0490
Y  0.0049  0.9638 -0.2666
Z -0.0495  0.2666  0.9625

PART 42
OFFSET  15.2416 -2.6076 -0.8250
X  0.9988  0.0085  0.0490
Y  0.0049  0.9638 -0.2666
Z -0.0495  0.2666  0.9625

PART 43
OFFSET  15.2240 -3.0540 -0.3634
X  0.9988  0.0085  0.0490
Y  0.0049  0.9638 -0.2666
Z -0.0495  0.2666  0.9625

PART 44
OFFSET  15.2362 -3.6787 -0.5230
X  0.9988  0.0085  0.0490
Y  0.0049  0.9638 -0.2666
Z -0.0495  0.2666  0.9625

PART 45
OFFSET  15.2643 -3.8285 -1.1267
X  0.9988  0.0085  0.0490
Y  0.0049  0.9638 -0.2666
Z -0.0495  0.2666  0.9625

PART 46
OFFSET -318.3635 -6.8326 -21.9154
X  0.9988  0.0085  0.0490
Y  0.0049  0.9638 -0.2666
Z -0.0495  0.2666  0.9625

PART 47
OFFSET  13.7845 -3.1881 -1.5426
X  0.9931  0.0265  0.1140
Y  0.0049  0.9638 -0.2666
Z -0.1169  0.2654  0.9570

PART 48
OFFSET  15.0667  5.0371 -3.5287
X  0.9982  0.0359 -0.0487
Y -0.0083  0.8788  0.4770
Z  0.0600 -0.4758  0.8775

PART 49
OFFSET  15.0667  5.0371 -3.5287
X  0.9982  0.0359 -0.0487
Y -0.0083  0.8788  0.4770
Z  0.0600 -0.4758  0.8775

PART 50
OFFSET  18.3529  5.1230 -3.3137
X  0.9982  0.0359 -0.0487
Y -0.0083  0.8788  0.4770
Z  0.0600 -0.4758  0.8775

PART 51
OFFSET  16.6092  4.3073 -2.1573
X  0.9982  0.0359 -0.0487
Y -0.0083  0.8788  0.4770
Z  0.0600 -0.4758  0.8775

PART 52
OFFSET -320.3348  5.9563  0.1364
X  0.9998 -0.0013 -0.0204
Y -0.0001  0.9975 -0.0704
Z  0.0204  0.0704  0.9973

PART 53
OFFSET  16.5022  4.5998 -2.7315
X  0.9967  0.0456 -0.0667
Y -0.0083  0.8788  0.4770
Z  0.0803 -0.4749  0.8763

PART 54
OFFSET  16.5244  4.9418 -2.1907
X  0.9967  0.0456 -0.0667
Y -0.0083  0.8788  0.4770
Z  0.0803 -0.4749  0.8763

PART 55
OFFSET  16.5781  4.6643 -1.6260
X  0.9967  0.0456 -0.0667
Y -0.0083  0.8788  0.4770
Z  0.0803 -0.4749  0.8763

PART 56
OFFSET  16.6114  3.9926 -1.6000
X  0.9967  0.0456 -0.0667
Y -0.0083  0.8788  0.4770
Z  0.0803 -0.4749  0.8763

PART 57
OFFSET  16.5883  3.6850 -2.1370
X  0.9967  0.0456 -0.0667
Y -0.0083  0.8788  0.4770
Z  0.0803 -0.4749  0.8763

PART 58
OFFSET  16.5337  3.9805 -2.7115
X  0.9967  0.0456 -0.0667
Y -0.0083  0.8788  0.4770
Z  0.0803 -0.4749  0.8763

PART 59
OFFSET -316.9923 -8.3264  16.3066
X  0.9967  0.0456 -0.0667
Y -0.0083  0.8788  0.4770
Z  0.0803 -0.4749  0.8763

PART 60
OFFSET  15.0223  4.6232 -2.3820
X  0.9999  0.0134 -0.0073
Y -0.0083  0.8788  0.4770
Z  0.0128 -0.4769  0.8789

PART 61
OFFSET -6.4818 -11.3680 -3.3795
X -0.7210 -0.1145  0.6834
Y  0.0360 -0.9911 -0.1281
Z  0.6920 -0.0677  0.7187

PART 62
OFFSET  2.2377 -9.9834 -11.6448
X -0.5913 -0.4491 -0.6698
Y  0.7093  0.1055 -0.6970
Z  0.3837 -0.8872  0.2562

PART 63
OFFSET  7.2672 -6.1634 -5.9481
X -0.5913 -0.4491 -0.6698
Y  0.7738 -0.5498 -0.3146
Z -0.2269 -0.7043  0.6726

PART 64
OFFSET  7.2286 -4.6377 -4.5153
X -0.5966 -0.4473 -0.6663
Y -0.3922  0.8869 -0.2442
Z  0.7002  0.1156 -0.7045

PART 65
OFFSET  6.9172 -4.9476 -3.4581
X -0.5966 -0.4473 -0.6663
Y -0.3922  0.8869 -0.2442
Z  0.7002  0.1156 -0.7045

PART 66
OFFSET  7.7914 -6.0300 -3.3575
X -0.5966 -0.4473 -0.6663
Y -0.3922  0.8869 -0.2442
Z  0.7002  0.1156 -0.7045

PART 67
OFFSET  9.0801 -4.7865 -3.8947
X -0.9286  0.1284 -0.3482
Y  0.2084 -0.5961 -0.7754
Z -0.3072 -0.7926  0.5267

PART 68
OFFSET  9.4228 -3.9437 -3.2061
X -0.6698 -0.6900 -0.2744
Y  0.6646 -0.3923 -0.6359
Z  0.3312 -0.6083  0.7213

PART 69
OFFSET  10.7834 -2.3817 -2.5907
X -0.9825  0.0914  0.1624
Y -0.1674 -0.8162 -0.5530
Z  0.0820 -0.5705  0.8172

PART 70
OFFSET  12.3503 -2.5140 -2.9774
X -0.8108  0.3271  0.4854
Y -0.5510 -0.7064 -0.4443
Z  0.1976 -0.6277  0.7530

PART 71
OFFSET  13.2274 -2.8270 -3.5293
X -0.8390  0.4990 -0.2169
Y  0.4829  0.4993 -0.7193
Z -0.2507 -0.7083 -0.6599

PART 72
OFFSET  10.1510 -5.3733 -4.5368
X -0.9692  0.1883  0.1588
Y -0.0720 -0.8329  0.5487
Z  0.2356  0.5203  0.8208

PART 73
OFFSET  12.3718 -5.6185 -4.8413
X -0.2611 -0.8588  0.4407
Y  0.8614 -0.4133 -0.2951
Z  0.4356  0.3026  0.8478

PART 74
OFFSET  12.7415 -4.4026 -5.4652
X  0.4727 -0.8796  0.0538
Y  0.7848  0.3924 -0.4797
Z  0.4008  0.2690  0.8758

PART 75
OFFSET  12.3223 -3.6227 -5.5129
X  0.8921 -0.2131 -0.3984
Y  0.0587  0.9290 -0.3653
Z  0.4479  0.3025  0.8413

PART 76
OFFSET  11.4748 -3.4203 -5.1345
X -0.7840 -0.4640  0.4124
Y -0.4731  0.8767  0.0869
Z -0.4018 -0.1270 -0.9069

PART 77
OFFSET  10.1739 -5.1161 -3.8713
X -0.9873  0.1547 -0.0368
Y -0.1476 -0.8052  0.5744
Z  0.0593  0.5725  0.8178

PART 78
OFFSET  12.7242 -5.6204 -3.8847
X -0.2809 -0.7959  0.5363
Y  0.8294 -0.4826 -0.2816
Z  0.4829  0.3657  0.7956

PART 79
OFFSET  13.2025 -4.2655 -4.7978
X  0.6266 -0.7788 -0.0272
Y  0.6229  0.5215 -0.5831
Z  0.4683  0.3484  0.8119

PART 80
OFFSET  12.3340 -3.1861 -4.7601
X  0.8785 -0.0662 -0.4732
Y -0.1133  0.9332 -0.3410
Z  0.4641  0.3531  0.8123

PART 81
OFFSET  11.3813 -3.1142 -4.2469
X -0.6322 -0.4614  0.6224
Y -0.6161  0.7865 -0.0427
Z -0.4698 -0.4105 -0.7815

PART 82
OFFSET  4.8746 -4.1727 -4.4061
X -0.9994  0.0157 -0.0312
Y  0.0320  0.7718 -0.6351
Z  0.0141 -0.6357 -0.7718

PART 83
OFFSET  12.4270 -5.1320 -1.7572
X -0.8855 -0.2305  0.4034
Y  0.3795 -0.8597  0.3418
Z  0.2681  0.4558  0.8488

PART 84
OFFSET  13.9860 -4.7261 -2.4675
X -0.8124 -0.3551  0.4625
Y  0.5262 -0.7882  0.3191
Z  0.2512  0.5026  0.8272

PART 85
OFFSET  14.9889 -4.2638 -2.9795
X -0.6438 -0.6014  0.4731
Y  0.7374 -0.6529  0.1734
Z  0.2046  0.4605  0.8638

PART 86
OFFSET  15.7161 -3.5845 -3.5138
X -0.3985  0.9147 -0.0676
Y  0.8014  0.3114 -0.5106
Z -0.4460 -0.2577 -0.8571

PART 87
OFFSET  12.6091 -5.6228 -2.7301
X -0.4075 -0.6999  0.5866
Y  0.8461 -0.5310 -0.0458
Z  0.3435  0.4777  0.8086

PART 88
OFFSET  13.4052 -4.2555 -3.8760
X  0.5383 -0.8043  0.2517
Y  0.7553  0.3280 -0.5674
Z  0.3738  0.4956  0.7840

PART 89
OFFSET  12.6189 -3.0808 -4.2437
X  0.9128 -0.1509 -0.3796
Y -0.0898  0.8324 -0.5469
Z  0.3984  0.5333  0.7462

PART 90
OFFSET  11.5822 -2.9131 -3.8195
X -0.6680 -0.4500  0.5927
Y -0.6248  0.7718 -0.1181
Z -0.4043 -0.4492 -0.7968

PART 91
OFFSET  0.0000 -0.0000 -0.0000
X  1.0000 -0.0000  0.0000
Y  0.0000  1.0000  0.0000
Z  0.0000 -0.0000  1.0000

PART 92
OFFSET -0.0000 -0.0000 -0.0000
X  1.0000 -0.0000 -0.0036
Y  0.0001  0.9993  0.0377
Z  0.0036 -0.0377  0.9993

PART 93
OFFSET  1.5553 -0.1558  4.1273
X  1.0000 -0.0000 -0.0036
Y  0.0001  0.9993  0.0377
Z  0.0036 -0.0377  0.9993


FRAME 523
PART 0
OFFSET  0.0000 -0.0000 -0.0000
X  1.0000 -0.0000  0.0000
Y  0.0000  1.0000  0.0000
Z  0.0000 -0.0000  1.0000

PART 1
OFFSET -4.6318 -0.0000 -1.3770
X  1.0000 -0.0000  0.0000
Y  0.0000  1.0000  0.0000
Z  0.0000 -0.0000  1.0000

PART 2
OFFSET -6.8318  11.3680 -3.3554
X  0.7554 -0.1147 -0.6452
Y  0.0428 -0.9738  0.2233
Z -0.6539 -0.1963 -0.7307

PART 3
OFFSET  2.3038  9.9807 -11.1580
X  0.6331 -0.3344  0.6981
Y -0.7151  0.0928  0.6929
Z -0.2965 -0.9379 -0.1804

PART 4
OFFSET  7.6885  7.1366 -5.2201
X  0.6331 -0.3344  0.6981
Y -0.7249 -0.5725  0.3831
Z  0.2716 -0.7486 -0.6049

PART 5
OFFSET  9.5939  7.4126 -4.8150
X  0.6382 -0.3323  0.6945
Y  0.3049  0.9374  0.1684
Z -0.7069  0.1043  0.6995

PART 6
OFFSET  9.0118  5.9961 -5.5138
X  0.6382 -0.3323  0.6945
Y  0.3049  0.9374  0.1684
Z -0.7069  0.1043  0.6995

PART 7
OFFSET  8.0777  7.3691 -2.7089
X  0.6382 -0.3323  0.6945
Y  0.3049  0.9374  0.1684
Z -0.7069  0.1043  0.6995

PART 8
OFFSET  7.4676  6.1800 -2.8678
X  0.6382 -0.3323  0.6945
Y  0.3049  0.9374  0.1684
Z -0.7069  0.1043  0.6995

PART 9
OFFSET  7.7307  5.6508 -3.9101
X  0.6382 -0.3323  0.6945
Y  0.3049  0.9374  0.1684
Z -0.7069  0.1043  0.6995

PART 10
OFFSET  9.6294  6.1116 -3.0799
X  0.9742  0.1169  0.1933
Y -0.0663 -0.6701  0.7393
Z  0.2160 -0.7330 -0.6451

PART 11
OFFSET  10.0923  5.2165 -2.5444
X  0.6735 -0.7251  0.1437
Y -0.5292 -0.3372  0.7787
Z -0.5161 -0.6005 -0.6108

PART 12
OFFSET  11.4642  3.5848 -2.1905
X  0.9272  0.1442 -0.3457
Y  0.3025 -0.8326  0.4640
Z -0.2209 -0.5348 -0.8156

PART 13
OFFSET  12.9182  3.8074 -2.8676
X  0.6903  0.2859 -0.6647
Y  0.6107 -0.7228  0.3234
Z -0.3880 -0.6291 -0.6735

PART 14
OFFSET  13.6573  4.0755 -3.6118
X  0.8846  0.4662  0.0086
Y -0.2866  0.5291  0.7987
Z  0.3678 -0.7090  0.6017

PART 15
OFFSET  10.5683  6.7799 -3.8383
X  0.9255  0.2245 -0.3050
Y -0.0192 -0.7765 -0.6299
Z -0.3783  0.5888 -0.7143

PART 16
OFFSET  12.7005  7.1034 -4.4968
X  0.2459 -0.7352 -0.6317
Y -0.7719 -0.5427  0.3312
Z -0.5863  0.4062 -0.7009

PART 17
OFFSET  13.0486  6.0626 -5.3912
X -0.5028 -0.8617 -0.0681
Y -0.6634  0.3342  0.6695
Z -0.5542  0.3818 -0.7397

PART 18
OFFSET  12.6028  5.2986 -5.4516
X -0.8043 -0.2550  0.5368
Y  0.0439  0.8753  0.4817
Z -0.5927  0.4110 -0.6927

PART 19
OFFSET  11.8387  5.0563 -4.9416
X  0.6733 -0.4138 -0.6128
Y  0.4758  0.8768 -0.0693
Z  0.5660 -0.2449  0.7872

PART 20
OFFSET  10.7084  6.4626 -3.2144
X  0.9487  0.3127 -0.0470
Y  0.1987 -0.7051 -0.6807
Z -0.2459  0.6365 -0.7310

PART 21
OFFSET  13.2140  7.0247 -3.6198
X  0.2434 -0.6538 -0.7164
Y -0.7422 -0.6011  0.2964
Z -0.6244  0.4596 -0.6316

PART 22
OFFSET  13.6284  5.9116 -4.8395
X -0.6306 -0.7737  0.0607
Y -0.4789  0.4495  0.7541
Z -0.6107  0.4465 -0.6540

PART 23
OFFSET  12.7544  4.8393 -4.7554
X -0.7673 -0.1200  0.6299
Y  0.2062  0.8840  0.4195
Z -0.6072  0.4518 -0.6536

PART 24
OFFSET  11.9223  4.7092 -4.0722
X  0.4810 -0.3845 -0.7879
Y  0.6346  0.7728  0.0103
Z  0.6049 -0.5049  0.6157

PART 25
OFFSET  12.6429  5.0150 -1.6560
X  0.9894  0.0358 -0.1405
Y  0.0740  0.7085  0.7018
Z  0.1247 -0.7048  0.6984

PART 26
OFFSET  13.2950  6.3340 -1.5294
X  0.8467 -0.1136 -0.5198
Y -0.3572 -0.8455 -0.3970
Z -0.3944  0.5218 -0.7564

PART 27
OFFSET  14.7857  6.1340 -2.4446
X  0.7560 -0.2080 -0.6206
Y -0.5048 -0.7888 -0.3506
Z -0.4167  0.5783 -0.7014

PART 28
OFFSET  15.7301  5.8461 -3.1565
X  0.6242 -0.4931 -0.6060
Y -0.7065 -0.6874 -0.1685
Z -0.3335  0.5333 -0.7774

PART 29
OFFSET  16.4352  5.2891 -3.8410
X  0.3408  0.9310  0.1307
Y -0.7565  0.1890  0.6261
Z  0.5583 -0.3122  0.7687

PART 30
OFFSET  13.3017  6.9171 -2.4677
X  0.4061 -0.5563 -0.7249
Y -0.7529 -0.6534  0.0796
Z -0.5180  0.5134 -0.6842

PART 31
OFFSET  14.0951  5.8303 -3.8839
X -0.5453 -0.8148 -0.1968
Y -0.6318  0.2452  0.7353
Z -0.5509  0.5253 -0.6485

PART 32
OFFSET  13.2986  4.6401 -4.1714
X -0.8087 -0.2248  0.5435
Y  0.1660  0.7993  0.5776
Z -0.5643  0.5574 -0.6091

PART 33
