// Export filename: `C:\projects\cod\t5\xanim_export\t5_viewmodels\python\python_dw_left_reload.XANIM_EXPORT`
// Source filename: `D:\projects\devanim\t5\animation_assets\viewmodels/python/ViewModel_python_DW_animated.fbx`
// Export time: Thu Aug 05 23:16:33 2010

ANIMATION
VERSION 3

NUMPARTS 51
PART 0 "tag_ads"
PART 1 "tag_torso"
PART 2 "J_Shoulder_LE"
PART 3 "J_Elbow_LE"
PART 4 "J_WristTwist_LE"
PART 5 "J_Sleave_Reshape_Bottom_LE_1"
PART 6 "J_Sleave_Reshape_Bottom_LE_2"
PART 7 "J_Sleave_Reshape_Top_LE_1"
PART 8 "J_Sleave_Reshape_Top_LE_2"
PART 9 "J_Sleave_Reshape_Top_LE_3"
PART 10 "J_Wrist_LE"
PART 11 "J_Thumb_LE_0"
PART 12 "J_Thumb_LE_1"
PART 13 "J_Thumb_LE_2"
PART 14 "J_Thumb_LE_3"
PART 15 "J_PinkyPalm_LE"
PART 16 "J_Pinky_LE_0"
PART 17 "J_Pinky_LE_1"
PART 18 "J_Pinky_LE_2"
PART 19 "J_Pinky_LE_3"
PART 20 "J_RingPalm_LE"
PART 21 "J_Ring_LE_0"
PART 22 "J_Ring_LE_1"
PART 23 "J_Ring_LE_2"
PART 24 "J_Ring_LE_3"
PART 25 "J_Webbing_LE"
PART 26 "J_Index_LE_0"
PART 27 "J_Index_LE_1"
PART 28 "J_Index_LE_2"
PART 29 "J_Index_LE_3"
PART 30 "J_Mid_LE_0"
PART 31 "J_Mid_LE_1"
PART 32 "J_Mid_LE_2"
PART 33 "J_Mid_LE_3"
PART 34 "tag_knife_attach"
PART 35 "tag_weapon1"
PART 36 "J_Gun1"
PART 37 "TAG_CLIP1"
PART 38 "J_Bolt1"
PART 39 "tag_speedloader1"
PART 40 "tag_spent01"
PART 41 "tag_spent11"
PART 42 "tag_spent21"
PART 43 "tag_spent31"
PART 44 "tag_spent41"
PART 45 "tag_spent51"
PART 46 "tag_bullets1"
PART 47 "J_Press_Rear1"
PART 48 "tag_cambone"
PART 49 "tag_camera"
PART 50 "tag_gasmask"

FRAMERATE 30
NUMFRAMES 93

FRAME 50
PART 0
OFFSET  0.0000 -0.0000 -0.0000
X  1.0000 -0.0000  0.0000
Y  0.0000  1.0000  0.0000
Z  0.0000 -0.0000  1.0000

PART 1
OFFSET -4.6318 -0.0000 -1.3770
X  1.0000 -0.0000  0.0000
Y  0.0000  1.0000  0.0000
Z  0.0000 -0.0000  1.0000

PART 2
OFFSET -9.2817  11.3680 -3.1869
X  0.7800 -0.1290 -0.6124
Y  0.0336 -0.9685  0.2469
Z -0.6249 -0.2132 -0.7510

PART 3
OFFSET  0.1513  9.8076 -10.5927
X  0.8010 -0.3359  0.4955
Y -0.5239  0.0070  0.8517
Z -0.2896 -0.9419 -0.1704

PART 4
OFFSET  6.9644  6.9504 -6.3783
X  0.8010 -0.3359  0.4955
Y -0.5979 -0.4066  0.6908
Z -0.0306 -0.8496 -0.5265

PART 5
OFFSET  8.8963  7.3185 -6.4328
X  0.8049 -0.3334  0.4909
Y  0.2948  0.9426  0.1567
Z -0.5150  0.0185  0.8570

PART 6
OFFSET  8.2230  5.9131 -7.0696
X  0.8049 -0.3334  0.4909
Y  0.2948  0.9426  0.1567
Z -0.5150  0.0185  0.8570

PART 7
OFFSET  7.9543  7.0558 -4.0287
X  0.8049 -0.3334  0.4909
Y  0.2948  0.9426  0.1567
Z -0.5150  0.0185  0.8570

PART 8
OFFSET  7.3778  5.8431 -4.1199
X  0.8049 -0.3334  0.4909
Y  0.2948  0.9426  0.1567
Z -0.5150  0.0185  0.8570

PART 9
OFFSET  7.3973  5.3943 -5.2308
X  0.8049 -0.3334  0.4909
Y  0.2948  0.9426  0.1567
Z -0.5150  0.0185  0.8570

PART 10
OFFSET  9.4200  5.9206 -4.8592
X  0.9508  0.2198  0.2185
Y -0.1504 -0.2892  0.9454
Z  0.2710 -0.9317 -0.2419

PART 11
OFFSET  9.8138  5.3578 -3.9479
X  0.6456 -0.5710  0.5072
Y -0.6104  0.0133  0.7920
Z -0.4589 -0.8209 -0.3399

PART 12
OFFSET  11.1205  4.0814 -2.7933
X  0.9595  0.0114 -0.2815
Y  0.2424 -0.5423  0.8045
Z -0.1435 -0.8401 -0.5231

PART 13
OFFSET  12.6389  4.0380 -3.3543
X  0.7584 -0.0055 -0.6518
Y  0.5648 -0.4938  0.6612
Z -0.3255 -0.8696 -0.3714

PART 14
OFFSET  13.4537  3.9838 -4.0649
X  0.8853  0.4528 -0.1064
Y -0.3597  0.8115  0.4606
Z  0.2949 -0.3695  0.8812

PART 15
OFFSET  10.4404  6.2280 -5.7355
X  0.9547  0.1012 -0.2797
Y  0.0349 -0.9719 -0.2326
Z -0.2954  0.2123 -0.9315

PART 16
OFFSET  12.6328  6.3054 -6.2567
X  0.2993 -0.9270 -0.2261
Y -0.8088 -0.3722  0.4553
Z -0.5062  0.0466 -0.8612

PART 17
OFFSET  13.0566  4.9930 -6.5769
X -0.5047 -0.8230  0.2608
Y -0.7238  0.5680  0.3917
Z -0.4705  0.0089 -0.8823

PART 18
OFFSET  12.6092  4.2633 -6.3456
X -0.8582 -0.0253  0.5126
Y  0.0061  0.9982  0.0595
Z -0.5132  0.0542 -0.8565

PART 19
OFFSET  11.7938  4.2392 -5.8586
X  0.7268 -0.6151 -0.3056
Y  0.4920  0.7767 -0.3932
Z  0.4792  0.1354  0.8672

PART 20
OFFSET  10.5117  6.2142 -5.0253
X  0.9526  0.2924 -0.0838
Y  0.2578 -0.9224 -0.2876
Z -0.1614  0.2524 -0.9541

PART 21
OFFSET  13.0529  6.6276 -5.3857
X  0.3067 -0.8900 -0.3374
Y -0.7766 -0.4389  0.4520
Z -0.5504  0.1234 -0.8257

PART 22
OFFSET  13.5750  5.1124 -5.9601
X -0.6438 -0.6924  0.3259
Y -0.5474  0.7143  0.4361
Z -0.5347  0.1023 -0.8388

PART 23
OFFSET  12.6828  4.1528 -5.5084
X -0.8292  0.1378  0.5417
Y  0.1740  0.9846  0.0158
Z -0.5312  0.1074 -0.8404

PART 24
OFFSET  11.7834  4.3022 -4.9210
X  0.5539 -0.6701 -0.4942
Y  0.6404  0.7222 -0.2614
Z  0.5320 -0.1717  0.8291

PART 25
OFFSET  12.2574  5.6395 -2.8142
X  0.9990  0.0037 -0.0445
Y  0.0113  0.9433  0.3317
Z  0.0432 -0.3319  0.9423

PART 26
OFFSET  12.9105  6.9051 -3.2048
X  0.8938 -0.2987 -0.3345
Y -0.3259 -0.9450 -0.0271
Z -0.3080  0.1332 -0.9420

PART 27
OFFSET  14.4842  6.3792 -3.7938
X  0.8127 -0.4301 -0.3932
Y -0.4768 -0.8787 -0.0243
Z -0.3350  0.2072 -0.9191

PART 28
OFFSET  15.4925  5.8437 -4.2159
X  0.6763 -0.6853 -0.2702
Y -0.6947 -0.7153  0.0757
Z -0.2451  0.1365 -0.9598

PART 29
OFFSET  16.2564  5.0697 -4.5211
X  0.3380  0.9072 -0.2503
Y -0.8139  0.4153  0.4063
Z  0.4725  0.0664  0.8788

PART 30
OFFSET  13.0209  7.0284 -4.2971
X  0.4707 -0.8005 -0.3710
Y -0.7657 -0.5795  0.2791
Z -0.4384  0.1527 -0.8857

PART 31
OFFSET  13.9404  5.4645 -5.0219
X -0.5331 -0.8373  0.1209
Y -0.7003  0.5170  0.4922
Z -0.4747  0.1778 -0.8620

PART 32
OFFSET  13.1617  4.2414 -4.8454
X -0.8630  0.0048  0.5052
Y  0.1168  0.9748  0.1903
Z -0.4916  0.2232 -0.8417

PART 33
OFFSET  12.1807  4.2477 -4.2792
X  0.6186 -0.6405 -0.4551
Y  0.6064  0.7575 -0.2419
Z  0.4997 -0.1264  0.8569

PART 34
OFFSET  12.4917  5.2526 -5.1449
X -0.1970  0.1923 -0.9613
Y -0.2710  0.9317  0.2419
Z  0.9422  0.3082 -0.1314

PART 35
OFFSET  14.4142  5.2441 -3.7130
X  1.0000  0.0001 -0.0000
Y -0.0001  0.9975 -0.0704
Z -0.0000  0.0704  0.9975

PART 36
OFFSET  14.4142  5.2441 -3.7130
X  1.0000  0.0001 -0.0000
Y -0.0001  0.9975 -0.0704
Z -0.0000  0.0704  0.9975

PART 37
OFFSET  17.6869  5.4191 -3.3797
X  1.0000  0.0001 -0.0000
Y -0.0001  0.9975 -0.0704
Z -0.0000  0.0704  0.9975

PART 38
OFFSET  15.8608  5.3599 -2.0740
X  1.0000  0.0001 -0.0000
Y -0.0001  0.9975 -0.0704
Z -0.0000  0.0704  0.9975

PART 39
OFFSET -320.3348  5.9563  0.1364
X  0.9998 -0.0013 -0.0204
Y -0.0001  0.9975 -0.0704
Z  0.0204  0.0704  0.9973

PART 40
OFFSET  15.7925  5.2983 -2.7207
X  0.9998 -0.0013 -0.0204
Y -0.0001  0.9975 -0.0704
Z  0.0204  0.0704  0.9973

PART 41
OFFSET  15.8005  5.8773 -2.4476
X  0.9998 -0.0013 -0.0204
Y -0.0001  0.9975 -0.0704
Z  0.0204  0.0704  0.9973

PART 42
OFFSET  15.8166  5.9467 -1.8201
X  0.9998 -0.0013 -0.0204
Y -0.0001  0.9975 -0.0704
Z  0.0204  0.0704  0.9973

PART 43
OFFSET  15.8245  5.3943 -1.4359
X  0.9998 -0.0013 -0.0204
Y -0.0001  0.9975 -0.0704
Z  0.0204  0.0704  0.9973

PART 44
OFFSET  15.8166  4.8463 -1.7243
X  0.9998 -0.0013 -0.0204
Y -0.0001  0.9975 -0.0704
Z  0.0204  0.0704  0.9973

PART 45
OFFSET  15.8007  4.7868 -2.3698
X  0.9998 -0.0013 -0.0204
Y -0.0001  0.9975 -0.0704
Z  0.0204  0.0704  0.9973

PART 46
OFFSET -318.4825  5.9539  0.0986
X  0.9998 -0.0013 -0.0204
Y -0.0001  0.9975 -0.0704
Z  0.0204  0.0704  0.9973

PART 47
OFFSET  14.2991  5.5118 -2.5284
X  0.9989  0.0034  0.0471
Y -0.0001  0.9975 -0.0704
Z -0.0472  0.0703  0.9964

PART 48
OFFSET  0.0000 -0.0000 -0.0000
X  1.0000 -0.0000  0.0000
Y  0.0000  1.0000  0.0000
Z  0.0000 -0.0000  1.0000

PART 49
OFFSET  0.0000 -0.0000 -0.0000
X  1.0000 -0.0000  0.0000
Y  0.0000  1.0000  0.0000
Z  0.0000 -0.0000  1.0000

PART 50
OFFSET  1.5404 -0.0000  4.1357
X  1.0000 -0.0000  0.0000
Y  0.0000  1.0000  0.0000
Z  0.0000 -0.0000  1.0000


FRAME 51
PART 0
OFFSET  0.0000 -0.0000 -0.0000
X  1.0000 -0.0000  0.0000
Y  0.0000  1.0000  0.0000
Z  0.0000 -0.0000  1.0000

PART 1
OFFSET -4.6318 -0.0000 -1.3770
X  1.0000 -0.0000  0.0000
Y  0.0000  1.0000  0.0000
Z  0.0000 -0.0000  1.0000

PART 2
OFFSET -9.2706  11.3680 -3.2074
X  0.7768 -0.1290 -0.6164
Y  0.0310 -0.9698  0.2420
Z -0.6289 -0.2071 -0.7494

PART 3
OFFSET  0.1243  9.8079 -10.6615
X  0.7976 -0.3414  0.4974
Y -0.5268  0.0076  0.8500
Z -0.2939 -0.9399 -0.1737

PART 4
OFFSET  6.9079  6.9045 -6.4312
X  0.7976 -0.3414  0.4974
Y -0.6030 -0.4296  0.6721
Z -0.0157 -0.8360 -0.5485

PART 5
OFFSET  8.8419  7.2625 -6.4783
X  0.8015 -0.3388  0.4928
Y  0.2992  0.9407  0.1601
Z -0.5178  0.0191  0.8553

PART 6
OFFSET  8.1634  5.8623 -7.1208
X  0.8015 -0.3388  0.4928
Y  0.2992  0.9407  0.1601
Z -0.5178  0.0191  0.8553

PART 7
OFFSET  7.8903  6.9988 -4.0780
X  0.8015 -0.3388  0.4928
Y  0.2992  0.9407  0.1601
Z -0.5178  0.0191  0.8553

PART 8
OFFSET  7.3078  5.7893 -4.1742
X  0.8015 -0.3388  0.4928
Y  0.2992  0.9407  0.1601
Z -0.5178  0.0191  0.8553

PART 9
OFFSET  7.3287  5.3433 -5.2861
X  0.8015 -0.3388  0.4928
Y  0.2992  0.9407  0.1601
Z -0.5178  0.0191  0.8553

PART 10
OFFSET  9.3529  5.8580 -4.9064
X  0.9493  0.2273  0.2171
Y -0.1403 -0.3118  0.9397
Z  0.2813 -0.9226 -0.2641

PART 11
OFFSET  9.7600  5.2806 -4.0103
X  0.6563 -0.5735  0.4904
Y -0.6052 -0.0119  0.7960
Z -0.4506 -0.8191 -0.3549

PART 12
OFFSET  11.0907  3.9963 -2.8924
X  0.9574  0.0300 -0.2874
Y  0.2548 -0.5565  0.7908
Z -0.1362 -0.8303 -0.5404

PART 13
OFFSET  12.6058  3.9849 -3.4640
X  0.7539  0.0186 -0.6567
Y  0.5755 -0.5007  0.6466
Z -0.3168 -0.8654 -0.3882

PART 14
OFFSET  13.4164  3.9568 -4.1809
X  0.8786  0.4664 -0.1021
Y -0.3670  0.7965  0.4806
Z  0.3055 -0.3848  0.8710

PART 15
OFFSET  10.3633  6.1977 -5.7822
X  0.9515  0.1197 -0.2836
Y  0.0458 -0.9661 -0.2541
Z -0.3044  0.2288 -0.9247

PART 16
OFFSET  12.5510  6.3149 -6.3159
X  0.3097 -0.9178 -0.2483
Y -0.8009 -0.3925  0.4522
Z -0.5125  0.0588 -0.8567

PART 17
OFFSET  12.9894  5.0154 -6.6674
X -0.4923 -0.8350  0.2459
Y -0.7284  0.5498  0.4088
Z -0.4765  0.0221 -0.8789

PART 18
OFFSET  12.5530  4.2751 -6.4494
X -0.8544 -0.0476  0.5175
Y -0.0063  0.9967  0.0813
Z -0.5196  0.0662 -0.8518

PART 19
OFFSET  11.7413  4.2298 -5.9578
X  0.7326 -0.5988 -0.3237
Y  0.4794  0.7914 -0.3792
Z  0.4833  0.1226  0.8668

PART 20
OFFSET  10.4396  6.1693 -5.0731
X  0.9482  0.3065 -0.0836
Y  0.2677 -0.9125 -0.3095
Z -0.1711  0.2711 -0.9472

PART 21
OFFSET  12.9728  6.6234 -5.4407
X  0.3158 -0.8784 -0.3588
Y -0.7678 -0.4587  0.4473
Z -0.5575  0.1342 -0.8193

PART 22
OFFSET  13.5104  5.1280 -6.0515
X -0.6326 -0.7076  0.3148
Y -0.5536  0.6974  0.4552
Z -0.5416  0.1137 -0.8329

PART 23
OFFSET  12.6336  4.1473 -5.6153
X -0.8273  0.1151  0.5499
Y  0.1614  0.9862  0.0363
Z -0.5381  0.1188 -0.8344

PART 24
OFFSET  11.7364  4.2722 -5.0189
X  0.5591 -0.6519 -0.5123
Y  0.6293  0.7360 -0.2496
Z  0.5398 -0.1829  0.8217

PART 25
OFFSET  12.2073  5.5691 -2.8864
X  0.9985  0.0176 -0.0509
Y  0.0014  0.9359  0.3523
Z  0.0538 -0.3518  0.9345

PART 26
OFFSET  12.8416  6.8513 -3.2534
X  0.9224 -0.2557 -0.2894
Y -0.2800 -0.9589 -0.0454
Z -0.2659  0.1229 -0.9561

PART 27
OFFSET  14.4657  6.4012 -3.7629
X  0.7976 -0.4870 -0.3560
Y -0.5263 -0.8501 -0.0162
Z -0.2948  0.2003 -0.9343

PART 28
OFFSET  15.4532  5.7970 -4.1389
X  0.6496 -0.7242 -0.2313
Y -0.7313 -0.6784  0.0704
Z -0.2080  0.1234 -0.9703

PART 29
OFFSET  16.1869  4.9789 -4.4002
X  0.3902  0.8829 -0.2612
Y -0.8046  0.4649  0.3694
Z  0.4476  0.0660  0.8918

PART 30
OFFSET  12.9430  6.9998 -4.3434
X  0.4784 -0.7860 -0.3915
Y -0.7563 -0.5954  0.2712
Z -0.4463  0.1664 -0.8793

PART 31
OFFSET  13.8776  5.4643 -5.1083
X -0.5215 -0.8466  0.1059
Y -0.7036  0.4969  0.5080
Z -0.4827  0.1904 -0.8548

PART 32
OFFSET  13.1158  4.2276 -4.9535
X -0.8595 -0.0175  0.5108
Y  0.1055  0.9718  0.2108
Z -0.5001  0.2351 -0.8335

PART 33
OFFSET  12.1387  4.2088 -4.3811
X  0.6236 -0.6223 -0.4731
Y  0.5950  0.7704 -0.2291
Z  0.5070 -0.1386  0.8507

PART 34
OFFSET  12.4309  5.2363 -5.2265
X -0.2059  0.2107 -0.9556
Y -0.2813  0.9226  0.2641
Z  0.9373  0.3232 -0.1307

PART 35
OFFSET  14.3630  5.2215 -3.8076
X  0.9999  0.0131 -0.0065
Y -0.0134  0.9987 -0.0485
Z  0.0058  0.0486  0.9988

PART 36
OFFSET  14.3630  5.2215 -3.8076
X  0.9999  0.0131 -0.0065
Y -0.0134  0.9987 -0.0485
Z  0.0058  0.0486  0.9988

PART 37
OFFSET  17.6353  5.4316 -3.4916
X  0.9999  0.0131 -0.0065
Y -0.0134  0.9987 -0.0485
Z  0.0058  0.0486  0.9988

PART 38
OFFSET  15.8190  5.3202 -2.1758
X  0.9999  0.0131 -0.0065
Y -0.0134  0.9987 -0.0485
Z  0.0058  0.0486  0.9988

PART 39
OFFSET -320.3348  5.9563  0.1364
X  0.9998 -0.0013 -0.0204
Y -0.0001  0.9975 -0.0704
Z  0.0204  0.0704  0.9973

PART 40
OFFSET  15.7471  5.2719 -2.8232
X  0.9996  0.0121 -0.0269
Y -0.0134  0.9987 -0.0485
Z  0.0262  0.0488  0.9985

PART 41
OFFSET  15.7495  5.8448 -2.5375
X  0.9996  0.0121 -0.0269
Y -0.0134  0.9987 -0.0485
Z  0.0262  0.0488  0.9985

PART 42
OFFSET  15.7690  5.9007 -1.9088
X  0.9996  0.0121 -0.0269
Y -0.0134  0.9987 -0.0485
Z  0.0262  0.0488  0.9985

PART 43
OFFSET  15.7865  5.3402 -1.5368
X  0.9996  0.0121 -0.0269
Y -0.0134  0.9987 -0.0485
Z  0.0262  0.0488  0.9985

PART 44
OFFSET  15.7838  4.7985 -1.8371
X  0.9996  0.0121 -0.0269
Y -0.0134  0.9987 -0.0485
Z  0.0262  0.0488  0.9985

PART 45
OFFSET  15.7643  4.7529 -2.4837
X  0.9996  0.0121 -0.0269
Y -0.0134  0.9987 -0.0485
Z  0.0262  0.0488  0.9985

PART 46
OFFSET -318.4822  1.5272  2.1684
X  0.9996  0.0121 -0.0269
Y -0.0134  0.9987 -0.0485
Z  0.0262  0.0488  0.9985

PART 47
OFFSET  14.2524  5.4617 -2.6167
X  0.9991  0.0154  0.0407
Y -0.0134  0.9987 -0.0485
Z -0.0414  0.0479  0.9980

PART 48
OFFSET  0.0000 -0.0000 -0.0000
X  1.0000 -0.0000  0.0000
Y  0.0000  1.0000  0.0000
Z  0.0000 -0.0000  1.0000

PART 49
OFFSET  0.0000 -0.0000 -0.0000
X  1.0000 -0.0000  0.0000
Y  0.0000  1.0000  0.0000
Z  0.0000 -0.0000  1.0000

PART 50
OFFSET  1.5404 -0.0000  4.1357
X  1.0000 -0.0000  0.0000
Y  0.0000  1.0000  0.0000
Z  0.0000 -0.0000  1.0000


FRAME 52
PART 0
OFFSET  0.0000 -0.0000 -0.0000
X  1.0000 -0.0000  0.0000
Y  0.0000  1.0000  0.0000
Z  0.0000 -0.0000  1.0000

PART 1
OFFSET -4.6318 -0.0000 -1.3770
X  1.0000 -0.0000  0.0000
Y  0.0000  1.0000  0.0000
Z  0.0000 -0.0000  1.0000

PART 2
OFFSET -9.2389  11.3680 -3.2659
X  0.7691 -0.1297 -0.6258
Y  0.0236 -0.9727  0.2307
Z -0.6387 -0.1923 -0.7451

PART 3
OFFSET  0.0628  9.7988 -10.8341
X  0.7878 -0.3548  0.5034
Y -0.5349  0.0108  0.8448
Z -0.3052 -0.9349 -0.1813

PART 4
OFFSET  6.7637  6.7809 -6.5526
X  0.7878 -0.3548  0.5034
Y -0.6154 -0.4850  0.6213
Z  0.0237 -0.7993 -0.6005

PART 5
OFFSET  8.7029  7.1122 -6.5791
X  0.7919 -0.3523  0.4988
Y  0.3106  0.9356  0.1677
Z -0.5258  0.0222  0.8503

PART 6
OFFSET  8.0115  5.7247 -7.2352
X  0.7919 -0.3523  0.4988
Y  0.3106  0.9356  0.1677
Z -0.5258  0.0222  0.8503

PART 7
OFFSET  7.7244  6.8501 -4.1895
X  0.7919 -0.3523  0.4988
Y  0.3106  0.9356  0.1677
Z -0.5258  0.0222  0.8503

PART 8
OFFSET  7.1261  5.6493 -4.2975
X  0.7919 -0.3523  0.4988
Y  0.3106  0.9356  0.1677
Z -0.5258  0.0222  0.8503

PART 9
OFFSET  7.1517  5.2084 -5.4113
X  0.7919 -0.3523  0.4988
Y  0.3106  0.9356  0.1677
Z -0.5258  0.0222  0.8503

PART 10
OFFSET  9.1790  5.6931 -5.0094
X  0.9453  0.2466  0.2135
Y -0.1127 -0.3675  0.9232
Z  0.3061 -0.8967 -0.3197

PART 11
OFFSET  9.6212  5.0811 -4.1537
X  0.6835 -0.5774  0.4467
Y -0.5896 -0.0759  0.8041
Z -0.4304 -0.8130 -0.3923

PART 12
OFFSET  11.0133  3.7824 -3.1314
X  0.9504  0.0777 -0.3012
Y  0.2873 -0.5904  0.7542
Z -0.1192 -0.8034 -0.5834

PART 13
OFFSET  12.5171  3.8531 -3.7280
X  0.7406  0.0799 -0.6671
Y  0.6033 -0.5161  0.6080
Z -0.2957 -0.8528 -0.4304

PART 14
OFFSET  13.3147  3.8917 -4.4588
X  0.8610  0.5004 -0.0907
Y -0.3836  0.7561  0.5302
Z  0.3339 -0.4217  0.8430

PART 15
OFFSET  10.1614  6.1140 -5.8818
X  0.9416  0.1668 -0.2924
Y  0.0724 -0.9486 -0.3082
Z -0.3287  0.2690 -0.9053

PART 16
OFFSET  12.3339  6.3334 -6.4446
X  0.3346 -0.8919 -0.3041
Y -0.7792 -0.4434  0.4430
Z -0.5300  0.0888 -0.8434

PART 17
OFFSET  12.8076  5.0706 -6.8751
X -0.4603 -0.8632  0.2073
Y -0.7381  0.5019  0.4509
Z -0.4932  0.0545 -0.8682

PART 18
OFFSET  12.3995  4.3053 -6.6913
X -0.8426 -0.1046  0.5283
Y -0.0371  0.9899  0.1368
Z -0.5372  0.0956 -0.8380

PART 19
OFFSET  11.5990  4.2059 -6.1895
X  0.7455 -0.5553 -0.3687
Y  0.4463  0.8267 -0.3426
Z  0.4950  0.0908  0.8641

PART 20
OFFSET  10.2517  6.0492 -5.1766
X  0.9361  0.3421 -0.0822
Y  0.2913 -0.8846 -0.3642
Z -0.1973  0.3169 -0.9277

PART 21
OFFSET  12.7616  6.6073 -5.5608
X  0.3374 -0.8463 -0.4123
Y -0.7441 -0.5080  0.4339
Z -0.5766  0.1604 -0.8011

PART 22
OFFSET  13.3360  5.1665 -6.2627
X -0.6034 -0.7446  0.2855
Y -0.5674  0.6524  0.5025
Z -0.5604  0.1412 -0.8161

PART 23
OFFSET  12.4997  4.1345 -5.8671
X -0.8202  0.0570  0.5692
Y  0.1300  0.9876  0.0884
Z -0.5571  0.1465 -0.8174

PART 24
OFFSET  11.6102  4.1964 -5.2498
X  0.5703 -0.6036 -0.5571
Y  0.6004  0.7692 -0.2188
Z  0.5606 -0.2097  0.8011

PART 25
OFFSET  12.0783  5.3890 -3.0567
X  0.9963  0.0537 -0.0665
Y -0.0224  0.9146  0.4037
Z  0.0825 -0.4008  0.9125

PART 26
OFFSET  12.6637  6.7099 -3.3623
X  0.9768 -0.1339 -0.1671
Y -0.1481 -0.9860 -0.0759
Z -0.1546  0.0989 -0.9830

PART 27
OFFSET  14.3835  6.4742 -3.6565
X  0.7449 -0.6136 -0.2621
Y -0.6401 -0.7680 -0.0212
Z -0.1883  0.1835 -0.9648

PART 28
OFFSET  15.3005  5.7171 -3.9164
X  0.5688 -0.8104 -0.1402
Y -0.8149 -0.5784  0.0367
Z -0.1108  0.0934 -0.9894

PART 29
OFFSET  15.9430  4.8017 -4.0748
X  0.5193  0.8122 -0.2658
Y -0.7663  0.5802  0.2757
Z  0.3782  0.0605  0.9238

PART 30
OFFSET  12.7400  6.9215 -4.4439
X  0.4963 -0.7469 -0.4426
Y -0.7314 -0.6343  0.2503
Z -0.4677  0.1995 -0.8611

PART 31
OFFSET  13.7095  5.4624 -5.3085
X -0.4917 -0.8681  0.0674
Y -0.7098  0.4445  0.5465
Z -0.5044  0.2209 -0.8347

PART 32
OFFSET  12.9913  4.1944 -5.2101
X -0.8489 -0.0743  0.5233
Y  0.0779  0.9617  0.2628
Z -0.5228  0.2638 -0.8106

PART 33
OFFSET  12.0261  4.1115 -4.6233
X  0.6346 -0.5742 -0.5173
Y  0.5653  0.8013 -0.1958
Z  0.5269 -0.1682  0.8331

PART 34
OFFSET  12.2691  5.1931 -5.4151
X -0.2304  0.2560 -0.9388
Y -0.3061  0.8967  0.3197
Z  0.9237  0.3610 -0.1282

PART 35
OFFSET  14.2266  5.1648 -4.0316
X  0.9987  0.0468 -0.0224
Y -0.0467  0.9989  0.0074
Z  0.0228 -0.0063  0.9997

PART 36
OFFSET  14.2266  5.1648 -4.0316
X  0.9987  0.0468 -0.0224
Y -0.0467  0.9989  0.0074
Z  0.0228 -0.0063  0.9997

PART 37
OFFSET  17.4957  5.4664 -3.7593
X  0.9987  0.0468 -0.0224
Y -0.0467  0.9989  0.0074
Z  0.0228 -0.0063  0.9997

PART 38
OFFSET  15.7086  5.2221 -2.4215
X  0.9987  0.0468 -0.0224
Y -0.0467  0.9989  0.0074
Z  0.0228 -0.0063  0.9997

PART 39
OFFSET -320.3348  5.9563  0.1364
X  0.9998 -0.0013 -0.0204
Y -0.0001  0.9975 -0.0704
Z  0.0204  0.0704  0.9973

PART 40
OFFSET  15.6264  5.2071 -3.0693
X  0.9980  0.0469 -0.0429
Y -0.0467  0.9989  0.0074
Z  0.0432 -0.0053  0.9991

PART 41
OFFSET  15.6156  5.7632 -2.7523
X  0.9980  0.0469 -0.0429
Y -0.0467  0.9989  0.0074
Z  0.0432 -0.0053  0.9991

PART 42
OFFSET  15.6448  5.7850 -2.1218
X  0.9980  0.0469 -0.0429
Y -0.0467  0.9989  0.0074
Z  0.0432 -0.0053  0.9991

PART 43
OFFSET  15.6875  5.2058 -1.7820
X  0.9980  0.0469 -0.0429
Y -0.0467  0.9989  0.0074
Z  0.0432 -0.0053  0.9991

PART 44
OFFSET  15.6967  4.6817 -2.1118
X  0.9980  0.0469 -0.0429
Y -0.0467  0.9989  0.0074
Z  0.0432 -0.0053  0.9991

PART 45
OFFSET  15.6667  4.6711 -2.7595
X  0.9980  0.0469 -0.0429
Y -0.0467  0.9989  0.0074
Z  0.0432 -0.0053  0.9991

PART 46
OFFSET -318.1555 -9.9684  7.2983
X  0.9980  0.0469 -0.0429
Y -0.0467  0.9989  0.0074
Z  0.0432 -0.0053  0.9991

PART 47
OFFSET  14.1304  5.3353 -2.8276
X  0.9986  0.0465  0.0248
Y -0.0467  0.9989  0.0074
Z -0.0244 -0.0085  0.9997

PART 48
OFFSET  0.0000 -0.0000 -0.0000
X  1.0000 -0.0000  0.0000
Y  0.0000  1.0000  0.0000
Z  0.0000 -0.0000  1.0000

PART 49
OFFSET  0.0000 -0.0000 -0.0000
X  1.0000 -0.0000  0.0000
Y  0.0000  1.0000  0.0000
Z  0.0000 -0.0000  1.0000

PART 50
OFFSET  1.5404 -0.0000  4.1357
X  1.0000 -0.0000  0.0000
Y  0.0000  1.0000  0.0000
Z  0.0000 -0.0000  1.0000


FRAME 53
PART 0
OFFSET  0.0000 -0.0000 -0.0000
X  1.0000 -0.0000  0.0000
Y  0.0000  1.0000  0.0000
Z  0.0000 -0.0000  1.0000

PART 1
OFFSET -4.6318 -0.0000 -1.3770
X  1.0000 -0.0000  0.0000
Y  0.0000  1.0000  0.0000
Z  0.0000 -0.0000  1.0000

PART 2
OFFSET -9.1889  11.3680 -3.3584
X  0.7596 -0.1327 -0.6367
Y  0.0125 -0.9758  0.2184
Z -0.6503 -0.1739 -0.7395

PART 3
OFFSET -0.0027  9.7626 -11.0589
X  0.7730 -0.3718  0.5141
Y -0.5474  0.0187  0.8366
Z -0.3207 -0.9281 -0.1891

PART 4
OFFSET  6.5716  6.6001 -6.6863
X  0.7730 -0.3718  0.5141
Y -0.6295 -0.5509  0.5480
Z  0.0794 -0.7472 -0.6598

PART 5
OFFSET  8.5171  6.8933 -6.6823
X  0.7771 -0.3694  0.5096
Y  0.3263  0.9288  0.1756
Z -0.5382  0.0299  0.8423

PART 6
OFFSET  7.8087  5.5217 -7.3535
X  0.7771 -0.3694  0.5096
Y  0.3263  0.9288  0.1756
Z -0.5382  0.0299  0.8423

PART 7
OFFSET  7.4973  6.6431 -4.3087
X  0.7771 -0.3694  0.5096
Y  0.3263  0.9288  0.1756
Z -0.5382  0.0299  0.8423

PART 8
OFFSET  6.8773  5.4547 -4.4298
X  0.7771 -0.3694  0.5096
Y  0.3263  0.9288  0.1756
Z -0.5382  0.0299  0.8423

PART 9
OFFSET  6.9112  5.0168 -5.5446
X  0.7771 -0.3694  0.5096
Y  0.3263  0.9288  0.1756
Z -0.5382  0.0299  0.8423

PART 10
OFFSET  8.9413  5.4602 -5.1103
X  0.9392  0.2729  0.2084
Y -0.0714 -0.4383  0.8960
Z  0.3358 -0.8564 -0.3921

PART 11
OFFSET  9.4327  4.8084 -4.3129
X  0.7198 -0.5768  0.3863
Y -0.5636 -0.1606  0.8103
Z -0.4053 -0.8009 -0.4407

PART 12
OFFSET  10.9071  3.5031 -3.4229
X  0.9376  0.1422 -0.3174
Y  0.3331 -0.6300  0.7015
Z -0.1002 -0.7634 -0.6380

PART 13
OFFSET  12.3896  3.6847 -4.0486
X  0.7180  0.1615 -0.6770
Y  0.6415 -0.5311  0.5536
Z -0.2701 -0.8318 -0.4849

PART 14
OFFSET  13.1646  3.8123 -4.7935
X  0.8357  0.5441 -0.0742
Y -0.4014  0.6975  0.5936
Z  0.3747 -0.4663  0.8013

PART 15
OFFSET  9.8804  5.9873 -5.9726
X  0.9252  0.2300 -0.3018
Y  0.1050 -0.9195 -0.3789
Z -0.3646  0.3189 -0.8748

PART 16
OFFSET  12.0252  6.3449 -6.5697
X  0.3645 -0.8515 -0.3770
Y -0.7469 -0.5091  0.4277
Z -0.5561  0.1257 -0.8216

PART 17
OFFSET  12.5413  5.1394 -7.1035
X -0.4167 -0.8959  0.1541
Y -0.7466  0.4340  0.5042
Z -0.5186  0.0951 -0.8497

PART 18
OFFSET  12.1718  4.3450 -6.9669
X -0.8226 -0.1806  0.5392
Y -0.0762  0.9747  0.2102
Z -0.5635  0.1319 -0.8155

PART 19
OFFSET  11.3903  4.1735 -6.4546
X  0.7585 -0.4928 -0.4264
Y  0.4006  0.8687 -0.2913
Z  0.5140  0.0501  0.8563

PART 20
OFFSET  9.9926  5.8757 -5.2766
X  0.9178  0.3891 -0.0792
Y  0.3193 -0.8418 -0.4353
Z -0.2361  0.3742 -0.8968

PART 21
OFFSET  12.4646  6.5729 -5.6787
X  0.3623 -0.7980 -0.4816
Y -0.7093 -0.5713  0.4130
Z -0.6047  0.1919 -0.7730

PART 22
OFFSET  13.0815  5.2143 -6.4985
X -0.5626 -0.7899  0.2442
Y -0.5812  0.5879  0.5627
Z -0.5880  0.1746 -0.7898

PART 23
OFFSET  12.3018  4.1196 -6.1601
X -0.8061 -0.0216  0.5914
Y  0.0895  0.9834  0.1578
Z -0.5850  0.1801 -0.7908

PART 24
OFFSET  11.4275  4.0962 -5.5187
X  0.5805 -0.5352 -0.6136
Y  0.5604  0.8094 -0.1758
Z  0.5907 -0.2418  0.7698

PART 25
OFFSET  11.9032  5.1465 -3.2555
X  0.9909  0.1034 -0.0863
Y -0.0509  0.8809  0.4705
Z  0.1246 -0.4618  0.8782

PART 26
OFFSET  12.4223  6.5112 -3.4769
X  0.9986  0.0523  0.0050
Y  0.0525 -0.9958 -0.0751
Z  0.0010  0.0753 -0.9972

PART 27
OFFSET  14.1805  6.6033 -3.4681
X  0.6498 -0.7449 -0.1512
Y -0.7591 -0.6462 -0.0790
Z -0.0389  0.1661 -0.9853

PART 28
OFFSET  14.9728  5.6876 -3.5921
X  0.4367 -0.8984 -0.0462
Y -0.8993 -0.4346 -0.0488
Z  0.0237  0.0628 -0.9977

PART 29
OFFSET  15.4661  4.6728 -3.6443
X  0.6763  0.7025 -0.2216
Y -0.6847  0.7105  0.1625
Z  0.2716  0.0418  0.9615

PART 30
OFFSET  12.4599  6.8039 -4.5415
X  0.5159 -0.6896 -0.5082
Y -0.6962 -0.6832  0.2204
Z -0.4992  0.2402 -0.8325

PART 31
OFFSET  13.4677  5.4568 -5.5343
X -0.4517 -0.8921  0.0150
Y -0.7132  0.3711  0.5947
Z -0.5361  0.2579 -0.8038

PART 32
OFFSET  12.8080  4.1538 -5.5124
X -0.8303 -0.1503  0.5367
Y  0.0433  0.9426  0.3310
Z -0.5556  0.2981 -0.7762

PART 33
OFFSET  11.8636  3.9850 -4.9104
X  0.6445 -0.5058 -0.5733
Y  0.5246  0.8381 -0.1497
Z  0.5562 -0.2042  0.8055

PART 34
OFFSET  12.0379  5.1311 -5.6258
X -0.2667  0.3128 -0.9116
Y -0.3358  0.8564  0.3921
Z  0.9034  0.4107 -0.1234

PART 35
OFFSET  14.0318  5.0909 -4.2957
X  0.9947  0.0934 -0.0429
Y -0.0896  0.9926  0.0821
Z  0.0503 -0.0778  0.9957

PART 36
OFFSET  14.0318  5.0909 -4.2957
X  0.9947  0.0934 -0.0429
Y -0.0896  0.9926  0.0821
Z  0.0503 -0.0778  0.9957

PART 37
OFFSET  17.2910  5.5193 -4.0804
X  0.9947  0.0934 -0.0429
Y -0.0896  0.9926  0.0821
Z  0.0503 -0.0778  0.9957

PART 38
OFFSET  15.5533  5.0981 -2.7217
X  0.9947  0.0934 -0.0429
Y -0.0896  0.9926  0.0821
Z  0.0503 -0.0778  0.9957

PART 39
OFFSET -320.3348  5.9563  0.1364
X  0.9998 -0.0013 -0.0204
Y -0.0001  0.9975 -0.0704
Z  0.0204  0.0704  0.9973

PART 40
OFFSET  15.4542  5.1264 -3.3667
X  0.9935  0.0949 -0.0633
Y -0.0896  0.9926  0.0821
Z  0.0706 -0.0759  0.9946

PART 41
OFFSET  15.4279  5.6570 -3.0094
X  0.9935  0.0949 -0.0633
Y -0.0896  0.9926  0.0821
Z  0.0706 -0.0759  0.9946

PART 42
OFFSET  15.4734  5.6343 -2.3800
X  0.9935  0.0949 -0.0633
Y -0.0896  0.9926  0.0821
Z  0.0706 -0.0759  0.9946

PART 43
OFFSET  15.5503  5.0344 -2.0848
X  0.9935  0.0949 -0.0633
Y -0.0896  0.9926  0.0821
Z  0.0706 -0.0759  0.9946

PART 44
OFFSET  15.5732  4.5366 -2.4526
X  0.9935  0.0949 -0.0633
Y -0.0896  0.9926  0.0821
Z  0.0706 -0.0759  0.9946

PART 45
OFFSET  15.5261  4.5717 -3.0983
X  0.9935  0.0949 -0.0633
Y -0.0896  0.9926  0.0821
Z  0.0706 -0.0759  0.9946

PART 46
OFFSET -316.9513 -25.8216  13.8663
X  0.9935  0.0949 -0.0633
Y -0.0896  0.9926  0.0821
Z  0.0706 -0.0759  0.9946

PART 47
OFFSET  13.9612  5.1690 -3.0803
X  0.9960  0.0896  0.0042
Y -0.0896  0.9926  0.0821
Z  0.0032 -0.0821  0.9966

PART 48
OFFSET  0.0000 -0.0000 -0.0000
X  1.0000 -0.0000  0.0000
Y  0.0000  1.0000  0.0000
Z  0.0000 -0.0000  1.0000

PART 49
OFFSET  0.0000 -0.0000 -0.0000
X  1.0000 -0.0000  0.0000
Y  0.0000  1.0000  0.0000
Z  0.0000 -0.0000  1.0000

PART 50
OFFSET  1.5404 -0.0000  4.1357
X  1.0000 -0.0000  0.0000
Y  0.0000  1.0000  0.0000
Z  0.0000 -0.0000  1.0000


FRAME 54
PART 0
OFFSET  0.0000 -0.0000 -0.0000
X  1.0000 -0.0000  0.0000
Y  0.0000  1.0000  0.0000
Z  0.0000 -0.0000  1.0000

PART 1
OFFSET -4.6318 -0.0000 -1.3770
X  1.0000 -0.0000  0.0000
Y  0.0000  1.0000  0.0000
Z  0.0000 -0.0000  1.0000

PART 2
OFFSET -9.1229  11.3680 -3.4804
X  0.7505 -0.1394 -0.6460
Y -0.0008 -0.9777  0.2100
Z -0.6609 -0.1571 -0.7338

PART 3
OFFSET -0.0467  9.6825 -11.2935
X  0.7540 -0.3876  0.5304
Y -0.5636  0.0332  0.8254
Z -0.3375 -0.9212 -0.1934

PART 4
OFFSET  6.3662  6.3860 -6.7823
X  0.7540 -0.3876  0.5304
Y -0.6413 -0.6094  0.4663
Z  0.1425 -0.6917 -0.7080

PART 5
OFFSET  8.3172  6.6356 -6.7397
X  0.7582 -0.3852  0.5260
Y  0.3435  0.9218  0.1800
Z -0.5542  0.0442  0.8312

PART 6
OFFSET  7.5919  5.2784 -7.4220
X  0.7582 -0.3852  0.5260
Y  0.3435  0.9218  0.1800
Z -0.5542  0.0442  0.8312

PART 7
OFFSET  7.2446  6.4148 -4.3866
X  0.7582 -0.3852  0.5260
Y  0.3435  0.9218  0.1800
Z -0.5542  0.0442  0.8312

PART 8
OFFSET  6.6008  5.2402 -4.5175
X  0.7582 -0.3852  0.5260
Y  0.3435  0.9218  0.1800
Z -0.5542  0.0442  0.8312

PART 9
OFFSET  6.6472  4.7986 -5.6304
X  0.7582 -0.3852  0.5260
Y  0.3435  0.9218  0.1800
Z -0.5542  0.0442  0.8312

PART 10
OFFSET  8.6776  5.1978 -5.1563
X  0.9315  0.3020  0.2029
Y -0.0232 -0.5074  0.8614
Z  0.3631 -0.8071 -0.4656

PART 11
OFFSET  9.2233  4.5126 -4.4248
X  0.7575 -0.5684  0.3212
Y -0.5302 -0.2484  0.8107
Z -0.3810 -0.7844 -0.4895

PART 12
OFFSET  10.7837  3.2177 -3.6780
X  0.9197  0.2113 -0.3311
Y  0.3836 -0.6640  0.6419
Z -0.0842 -0.7173 -0.6916

PART 13
OFFSET  12.2361  3.5180 -4.3282
X  0.6884  0.2468 -0.6820
Y  0.6823 -0.5392  0.4936
Z -0.2459 -0.8052 -0.5396

PART 14
OFFSET  12.9809  3.7388 -5.0820
X  0.8068  0.5883 -0.0551
Y -0.4149  0.6305  0.6560
Z  0.4207 -0.5064  0.7528

PART 15
OFFSET  9.5640  5.8334 -6.0010
X  0.9037  0.2969 -0.3084
Y  0.1359 -0.8821 -0.4509
Z -0.4060  0.3656 -0.8376

PART 16
OFFSET  11.6703  6.3391 -6.6273
X  0.3919 -0.8019 -0.4509
Y -0.7088 -0.5757  0.4077
Z -0.5865  0.1598 -0.7940

PART 17
OFFSET  12.2252  5.2038 -7.2657
X -0.3695 -0.9242  0.0964
Y -0.7501  0.3579  0.5562
Z -0.5485  0.1332 -0.8255

PART 18
OFFSET  11.8976  4.3844 -7.1803
X -0.7962 -0.2605  0.5460
Y -0.1150  0.9512  0.2862
Z -0.5940  0.1651 -0.7873

PART 19
OFFSET  11.1412  4.1368 -6.6615
X  0.7671 -0.4218 -0.4835
Y  0.3505  0.9066 -0.2348
Z  0.5374  0.0106  0.8433

PART 20
OFFSET  9.7028  5.6754 -5.3189
X  0.8958  0.4383 -0.0742
Y  0.3446 -0.7901 -0.5070
Z -0.2809  0.4286 -0.8587

PART 21
OFFSET  12.1259  6.5207 -5.7338
X  0.3841 -0.7409 -0.5510
Y -0.6688 -0.6346  0.3872
Z -0.6366  0.2197 -0.7393

PART 22
OFFSET  12.7798  5.2593 -6.6718
X -0.5173 -0.8325  0.1983
Y -0.5903  0.5149  0.6217
Z -0.6196  0.2046 -0.7578

PART 23
OFFSET  12.0628  4.1055 -6.3970
X -0.7855 -0.1053  0.6098
Y  0.0484  0.9719  0.2302
Z -0.6169  0.2103 -0.7584

PART 24
OFFSET  11.2109  3.9914 -5.7356
X  0.5856 -0.4586 -0.6684
Y  0.5163  0.8467 -0.1286
Z  0.6249 -0.2698  0.7326

PART 25
OFFSET  11.7068  4.8905 -3.4125
X  0.9819  0.1578 -0.1051
Y -0.0774  0.8395  0.5377
Z  0.1731 -0.5199  0.8365

PART 26
OFFSET  12.1547  6.2917 -3.5428
X  0.9462  0.2669  0.1828
Y  0.2755 -0.9610 -0.0229
Z  0.1695  0.0721 -0.9829

PART 27
OFFSET  13.8207  6.7615 -3.2210
X  0.5382 -0.8396 -0.0735
Y -0.8338 -0.5176 -0.1922
Z  0.1233  0.1647 -0.9786

PART 28
OFFSET  14.4675  5.7308 -3.2510
X  0.2771 -0.9608 -0.0037
Y -0.9457 -0.2720 -0.1779
Z  0.1699  0.0528 -0.9840

PART 29
OFFSET  14.7804  4.6455 -3.2551
X  0.8113  0.5732 -0.1150
Y -0.5673  0.8194  0.0819
Z  0.1412 -0.0012  0.9900

PART 30
OFFSET  12.1457  6.6651 -4.5825
X  0.5315 -0.6234 -0.5734
Y -0.6564 -0.7310  0.1863
Z -0.5354  0.2774 -0.7978

PART 31
OFFSET  13.1840  5.4472 -5.7028
X -0.4089 -0.9116 -0.0410
Y -0.7110  0.2901  0.6406
Z -0.5721  0.2911 -0.7668

PART 32
OFFSET  12.5867  4.1156 -5.7627
X -0.8054 -0.2306  0.5460
Y  0.0095  0.9161  0.4009
Z -0.5927  0.3281 -0.7356

PART 33
OFFSET  11.6703  3.8561 -5.1497
X  0.6494 -0.4293 -0.6277
Y  0.4801  0.8716 -0.0994
Z  0.5898 -0.2368  0.7720

PART 34
OFFSET  11.7688  5.0599 -5.7798
X -0.3091  0.3671 -0.8773
Y -0.3631  0.8071  0.4656
Z  0.8790  0.4624 -0.1162

PART 35
OFFSET  13.8025  5.0172 -4.5116
X  0.9875  0.1448 -0.0628
Y -0.1332  0.9780  0.1603
Z  0.0846 -0.1499  0.9851

PART 36
OFFSET  13.8025  5.0172 -4.5116
X  0.9875  0.1448 -0.0628
Y -0.1332  0.9780  0.1603
Z  0.0846 -0.1499  0.9851

PART 37
OFFSET  17.0433  5.5868 -4.3533
X  0.9875  0.1448 -0.0628
Y -0.1332  0.9780  0.1603
Z  0.0846 -0.1499  0.9851

PART 38
OFFSET  15.3700  4.9803 -2.9838
X  0.9875  0.1448 -0.0628
Y -0.1332  0.9780  0.1603
Z  0.0846 -0.1499  0.9851

PART 39
OFFSET -320.3348  5.9563  0.1364
X  0.9998 -0.0013 -0.0204
Y -0.0001  0.9975 -0.0704
Z  0.0204  0.0704  0.9973

PART 40
OFFSET  15.2498  5.0522 -3.6218
X  0.9855  0.1478 -0.0829
Y -0.1332  0.9780  0.1603
Z  0.1048 -0.1469  0.9836

PART 41
OFFSET  15.2099  5.5525 -3.2243
X  0.9855  0.1478 -0.0829
Y -0.1332  0.9780  0.1603
Z  0.1048 -0.1469  0.9836

PART 42
OFFSET  15.2758  5.4848 -2.6000
X  0.9855  0.1478 -0.0829
Y -0.1332  0.9780  0.1603
Z  0.1048 -0.1469  0.9836

PART 43
OFFSET  15.3897  4.8689 -2.3539
X  0.9855  0.1478 -0.0829
Y -0.1332  0.9780  0.1603
Z  0.1048 -0.1469  0.9836

PART 44
OFFSET  15.4243  4.4019 -2.7591
X  0.9855  0.1478 -0.0829
Y -0.1332  0.9780  0.1603
Z  0.1048 -0.1469  0.9836

PART 45
OFFSET  15.3557  4.4831 -3.3988
X  0.9855  0.1478 -0.0829
Y -0.1332  0.9780  0.1603
Z  0.1048 -0.1469  0.9836

PART 46
OFFSET -314.6601 -43.2935  20.2602
X  0.9855  0.1478 -0.0829
Y -0.1332  0.9780  0.1603
Z  0.1048 -0.1469  0.9836

PART 47
OFFSET  13.7660  5.0002 -3.2924
X  0.9904  0.1375 -0.0162
Y -0.1332  0.9780  0.1603
Z  0.0379 -0.1566  0.9869

PART 48
OFFSET  0.0000 -0.0000 -0.0000
X  1.0000 -0.0000  0.0000
Y  0.0000  1.0000  0.0000
Z  0.0000 -0.0000  1.0000

PART 49
OFFSET  0.0000 -0.0000 -0.0000
X  1.0000 -0.0000  0.0000
Y  0.0000  1.0000  0.0000
Z  0.0000 -0.0000  1.0000

PART 50
OFFSET  1.5404 -0.0000  4.1357
X  1.0000 -0.0000  0.0000
Y  0.0000  1.0000  0.0000
Z  0.0000 -0.0000  1.0000


FRAME 55
PART 0
OFFSET  0.0000 -0.0000 -0.0000
X  1.0000 -0.0000  0.0000
Y  0.0000  1.0000  0.0000
Z  0.0000 -0.0000  1.0000

PART 1
OFFSET -4.6318 -0.0000 -1.3770
X  1.0000 -0.0000  0.0000
Y  0.0000  1.0000  0.0000
Z  0.0000 -0.0000  1.0000

PART 2
OFFSET -9.0431  11.3680 -3.6279
X  0.7435 -0.1503 -0.6517
Y -0.0140 -0.9777  0.2095
Z -0.6686 -0.1467 -0.7290

PART 3
OFFSET -0.0519  9.5501 -11.5092
X  0.7316 -0.3976  0.5538
Y -0.5833  0.0554  0.8104
Z -0.3529 -0.9159 -0.1913

PART 4
OFFSET  6.1710  6.1688 -6.7991
X  0.7316 -0.3976  0.5538
Y -0.6500 -0.6516  0.3910
Z  0.2054 -0.6461 -0.7351

PART 5
OFFSET  8.1254  6.3762 -6.7099
X  0.7361 -0.3954  0.5495
Y  0.3591  0.9161  0.1781
Z -0.5738  0.0663  0.8163

PART 6
OFFSET  7.3876  5.0271 -7.3947
X  0.7361 -0.3954  0.5495
Y  0.3591  0.9161  0.1781
Z -0.5738  0.0663  0.8163

PART 7
OFFSET  6.9894  6.2072 -4.3824
X  0.7361 -0.3954  0.5495
Y  0.3591  0.9161  0.1781
Z -0.5738  0.0663  0.8163

PART 8
OFFSET  6.3231  5.0454 -4.5161
X  0.7361 -0.3954  0.5495
Y  0.3591  0.9161  0.1781
Z -0.5738  0.0663  0.8163

PART 9
OFFSET  6.3878  4.5896 -5.6223
X  0.7361 -0.3954  0.5495
Y  0.3591  0.9161  0.1781
Z -0.5738  0.0663  0.8163

PART 10
OFFSET  8.4139  4.9500 -5.1014
X  0.9225  0.3303  0.1996
Y  0.0223 -0.5620  0.8269
Z  0.3853 -0.7583 -0.5258

PART 11
OFFSET  9.0086  4.2449 -4.4295
X  0.7900 -0.5528  0.2652
Y -0.4967 -0.3236  0.8053
Z -0.3593 -0.7679 -0.5302

PART 12
OFFSET  10.6439  2.9770 -3.8064
X  0.9003  0.2736 -0.3387
Y  0.4295 -0.6856  0.5878
Z -0.0714 -0.6747 -0.7347

PART 13
OFFSET  12.0636  3.3840 -4.4705
X  0.6583  0.3209 -0.6809
Y  0.7184 -0.5382  0.4409
Z -0.2249 -0.7794 -0.5848

PART 14
OFFSET  12.7774  3.6862 -5.2261
X  0.7785  0.6266 -0.0361
Y -0.4242  0.5677  0.7055
Z  0.4626 -0.5339  0.7078

PART 15
OFFSET  9.2486  5.6780 -5.9241
X  0.8812  0.3568 -0.3101
Y  0.1622 -0.8444 -0.5106
Z -0.4440  0.3996 -0.8019

PART 16
OFFSET  11.3130  6.3179 -6.5667
X  0.4144 -0.7528 -0.5115
Y -0.6717 -0.6322  0.3863
Z -0.6141  0.1835 -0.7676

PART 17
OFFSET  11.8997  5.2521 -7.2909
X -0.3260 -0.9443  0.0448
Y -0.7497  0.2871  0.5962
Z -0.5759  0.1607 -0.8016

PART 18
OFFSET  11.6107  4.4149 -7.2511
X -0.7690 -0.3308  0.5470
Y -0.1487  0.9248  0.3503
Z -0.6217  0.1880 -0.7604

PART 19
OFFSET  10.8801  4.1006 -6.7315
X  0.7715 -0.3547 -0.5283
Y  0.3040  0.9348 -0.1836
Z  0.5589 -0.0189  0.8290

PART 20
OFFSET  9.4125  5.4831 -5.2572
X  0.8734  0.4824 -0.0671
Y  0.3650 -0.7395 -0.5656
Z -0.3225  0.4694 -0.8220

PART 21
OFFSET  11.7842  6.4624 -5.6745
X  0.4011 -0.6859 -0.6071
Y -0.6297 -0.6878  0.3611
Z -0.6653  0.2375 -0.7078

PART 22
OFFSET  12.4671  5.2947 -6.7081
X -0.4749 -0.8661  0.1560
Y -0.5952  0.4467  0.6680
Z -0.6482  0.2243 -0.7277

PART 23
OFFSET  11.8090  4.0943 -6.4919
X -0.7634 -0.1797  0.6204
Y  0.0120  0.9564  0.2917
Z -0.6458  0.2302 -0.7280

PART 24
OFFSET  10.9810  3.8994 -5.8190
X  0.5869 -0.3878 -0.7108
Y  0.4751  0.8758 -0.0856
Z  0.6556 -0.2875  0.6982

PART 25
OFFSET  11.4997  4.6696 -3.4549
X  0.9708  0.2087 -0.1183
Y -0.0995  0.7990  0.5930
Z  0.2182 -0.5639  0.7965

PART 26
OFFSET  11.8821  6.0952 -3.5044
X  0.8288  0.4518  0.3299
Y  0.4618 -0.8854  0.0525
Z  0.3159  0.1089 -0.9425

PART 27
OFFSET  13.3414  6.8907 -2.9235
X  0.4602 -0.8859 -0.0580
Y -0.8476 -0.4190 -0.3254
Z  0.2640  0.1989 -0.9438

PART 28
OFFSET  13.8848  5.8016 -2.9366
X  0.1307 -0.9904 -0.0454
Y -0.9450 -0.1106 -0.3079
Z  0.3000  0.0831 -0.9503

PART 29
OFFSET  14.0324  4.6830 -2.9879
X  0.8949  0.4456  0.0255
Y -0.4462  0.8916  0.0779
Z  0.0120 -0.0811  0.9966

PART 30
OFFSET  11.8287  6.5336 -4.5170
X  0.5426 -0.5607 -0.6255
Y -0.6185 -0.7705  0.1541
Z -0.5683  0.3033 -0.7649

PART 31
OFFSET  12.8887  5.4383 -5.7390
X -0.3696 -0.9248 -0.0904
Y -0.7054  0.2159  0.6751
Z -0.6048  0.3133 -0.7322

PART 32
OFFSET  12.3488  4.0875 -5.8711
X -0.7795 -0.3014  0.5491
Y -0.0198  0.8880  0.4594
Z -0.6261  0.3472 -0.6982

PART 33
OFFSET  11.4616  3.7480 -5.2544
X  0.6504 -0.3583 -0.6698
Y  0.4386  0.8971 -0.0540
Z  0.6202 -0.2587  0.7405

PART 34
OFFSET  11.4902  4.9929 -5.8070
X -0.3484  0.4080 -0.8439
Y -0.3853  0.7583  0.5258
Z  0.8545  0.5084 -0.1070

PART 35
OFFSET  13.5574  4.9615 -4.5936
X  0.9781  0.1932 -0.0770
Y -0.1715  0.9587  0.2268
Z  0.1176 -0.2086  0.9709

PART 36
OFFSET  13.5574  4.9615 -4.5936
X  0.9781  0.1932 -0.0770
Y -0.1715  0.9587  0.2268
Z  0.1176 -0.2086  0.9709

PART 37
OFFSET  16.7733  5.6664 -4.4767
X  0.9781  0.1932 -0.0770
Y -0.1715  0.9587  0.2268
Z  0.1176 -0.2086  0.9709

PART 38
OFFSET  15.1656  4.8982 -3.1097
X  0.9781  0.1932 -0.0770
Y -0.1715  0.9587  0.2268
Z  0.1176 -0.2086  0.9709

PART 39
OFFSET -320.3348  5.9563  0.1364
X  0.9998 -0.0013 -0.0204
Y -0.0001  0.9975 -0.0704
Z  0.0204  0.0704  0.9973

PART 40
OFFSET  15.0252  5.0052 -3.7386
X  0.9755  0.1974 -0.0968
Y -0.1715  0.9587  0.2268
Z  0.1376 -0.2046  0.9691

PART 41
OFFSET  14.9742  5.4767 -3.3085
X  0.9755  0.1974 -0.0968
Y -0.1715  0.9587  0.2268
Z  0.1376 -0.2046  0.9691

PART 42
OFFSET  15.0598  5.3722 -2.6917
X  0.9755  0.1974 -0.0968
Y -0.1715  0.9587  0.2268
Z  0.1376 -0.2046  0.9691

PART 43
OFFSET  15.2072  4.7477 -2.4890
X  0.9755  0.1974 -0.0968
Y -0.1715  0.9587  0.2268
Z  0.1376 -0.2046  0.9691

PART 44
OFFSET  15.2513  4.3096 -2.9245
X  0.9755  0.1974 -0.0968
Y -0.1715  0.9587  0.2268
Z  0.1376 -0.2046  0.9691

PART 45
OFFSET  15.1619  4.4284 -3.5557
X  0.9755  0.1974 -0.0968
Y -0.1715  0.9587  0.2268
Z  0.1376 -0.2046  0.9691

PART 46
OFFSET -311.6870 -59.7071  24.8898
X  0.9755  0.1974 -0.0968
Y -0.1715  0.9587  0.2268
Z  0.1376 -0.2046  0.9691

PART 47
OFFSET  13.5545  4.8649 -3.3776
X  0.9826  0.1831 -0.0311
Y -0.1715  0.9587  0.2268
Z  0.0713 -0.2175  0.9734

PART 48
OFFSET  0.0000 -0.0000 -0.0000
X  1.0000 -0.0000  0.0000
Y  0.0000  1.0000  0.0000
Z  0.0000 -0.0000  1.0000

PART 49
OFFSET  0.0000 -0.0000 -0.0000
X  1.0000 -0.0000  0.0000
Y  0.0000  1.0000  0.0000
Z  0.0000 -0.0000  1.0000

PART 50
OFFSET  1.5404 -0.0000  4.1357
X  1.0000 -0.0000  0.0000
Y  0.0000  1.0000  0.0000
Z  0.0000 -0.0000  1.0000


FRAME 56
PART 0
OFFSET  0.0000 -0.0000 -0.0000
X  1.0000 -0.0000  0.0000
Y  0.0000  1.0000  0.0000
Z  0.0000 -0.0000  1.0000

PART 1
OFFSET -4.6318 -0.0000 -1.3770
X  1.0000 -0.0000  0.0000
Y  0.0000  1.0000  0.0000
Z  0.0000 -0.0000  1.0000

PART 2
OFFSET -8.9519  11.3680 -3.7965
X  0.7400 -0.1660 -0.6518
Y -0.0286 -0.9760  0.2160
Z -0.6720 -0.1412 -0.7269

PART 3
OFFSET -0.0026  9.3608 -11.6796
X  0.7000 -0.4015  0.5906
Y -0.6125  0.0876  0.7856
Z -0.3671 -0.9116 -0.1847

PART 4
OFFSET  5.9511  5.9455 -6.6566
X  0.7000 -0.4015  0.5906
Y -0.6599 -0.6797  0.3200
Z  0.2729 -0.6138 -0.7408

PART 5
OFFSET  7.9051  6.1096 -6.4957
X  0.7046 -0.3996  0.5864
Y  0.3739  0.9114  0.1717
Z -0.6030  0.0983  0.7916

PART 6
OFFSET  7.1620  4.7625 -7.1789
X  0.7046 -0.3996  0.5864
Y  0.3739  0.9114  0.1717
Z -0.6030  0.0983  0.7916

PART 7
OFFSET  6.6765  6.0205 -4.2112
X  0.7046 -0.3996  0.5864
Y  0.3739  0.9114  0.1717
Z -0.6030  0.0983  0.7916

PART 8
OFFSET  5.9882  4.8717 -4.3451
X  0.7046 -0.3996  0.5864
Y  0.3739  0.9114  0.1717
Z -0.6030  0.0983  0.7916

PART 9
OFFSET  6.0844  4.3891 -5.4376
X  0.7046 -0.3996  0.5864
Y  0.3739  0.9114  0.1717
Z -0.6030  0.0983  0.7916

PART 10
OFFSET  8.0971  4.7144 -4.8461
X  0.9131  0.3598  0.1921
Y  0.0713 -0.6045  0.7934
Z  0.4016 -0.7108 -0.5775

PART 11
OFFSET  8.7415  4.0011 -4.2311
X  0.8206 -0.5306  0.2121
Y -0.4580 -0.3886  0.7995
Z -0.3418 -0.7533 -0.5619

PART 12
OFFSET  10.4476  2.7754 -3.7248
X  0.8771  0.3313 -0.3477
Y  0.4760 -0.6966  0.5368
Z -0.0644 -0.6363 -0.7687

PART 13
OFFSET  11.8279  3.2806 -4.4043
X  0.6232  0.3864 -0.6800
Y  0.7537 -0.5288  0.3903
Z -0.2087 -0.7557 -0.6207

PART 14
OFFSET  12.5051  3.6549 -5.1614
X  0.7494  0.6617 -0.0228
Y -0.4268  0.5092  0.7474
Z  0.5062 -0.5504  0.6640

PART 15
OFFSET  8.8746  5.5225 -5.6499
X  0.8553  0.4120 -0.3141
Y  0.1829 -0.8074 -0.5610
Z -0.4847  0.4224 -0.7659

PART 16
OFFSET  10.8894  6.2876 -6.3129
X  0.4307 -0.7047 -0.5638
Y -0.6320 -0.6815  0.3690
Z -0.6443  0.1973 -0.7389

PART 17
OFFSET  11.4992  5.2898 -7.1110
X -0.2836 -0.9589  0.0013
Y -0.7431  0.2207  0.6317
