// Export filename: `C:\projects\cod\t5\xanim_export\t5_viewmodels\python\python_dw_full_sprint_loop.XANIM_EXPORT`
// Source filename: `D:\projects\devanim\t5\animation_assets\viewmodels/python/ViewModel_python_DW_animated.fbx`
// Export time: Thu Aug 05 23:16:24 2010

ANIMATION
VERSION 3

NUMPARTS 94
PART 0 "tag_ads"
PART 1 "tag_torso"
PART 2 "J_Shoulder_LE"
PART 3 "J_Elbow_LE"
PART 4 "J_WristTwist_LE"
PART 5 "J_Sleave_Reshape_Bottom_LE_1"
PART 6 "J_Sleave_Reshape_Bottom_LE_2"
PART 7 "J_Sleave_Reshape_Top_LE_1"
PART 8 "J_Sleave_Reshape_Top_LE_2"
PART 9 "J_Sleave_Reshape_Top_LE_3"
PART 10 "J_Wrist_LE"
PART 11 "J_Thumb_LE_0"
PART 12 "J_Thumb_LE_1"
PART 13 "J_Thumb_LE_2"
PART 14 "J_Thumb_LE_3"
PART 15 "J_PinkyPalm_LE"
PART 16 "J_Pinky_LE_0"
PART 17 "J_Pinky_LE_1"
PART 18 "J_Pinky_LE_2"
PART 19 "J_Pinky_LE_3"
PART 20 "J_RingPalm_LE"
PART 21 "J_Ring_LE_0"
PART 22 "J_Ring_LE_1"
PART 23 "J_Ring_LE_2"
PART 24 "J_Ring_LE_3"
PART 25 "J_Webbing_LE"
PART 26 "J_Index_LE_0"
PART 27 "J_Index_LE_1"
PART 28 "J_Index_LE_2"
PART 29 "J_Index_LE_3"
PART 30 "J_Mid_LE_0"
PART 31 "J_Mid_LE_1"
PART 32 "J_Mid_LE_2"
PART 33 "J_Mid_LE_3"
PART 34 "tag_knife_attach"
PART 35 "tag_weapon"
PART 36 "J_Gun"
PART 37 "TAG_CLIP"
PART 38 "J_Bolt"
PART 39 "tag_speedloader"
PART 40 "tag_spent0"
PART 41 "tag_spent1"
PART 42 "tag_spent2"
PART 43 "tag_spent3"
PART 44 "tag_spent4"
PART 45 "tag_spent5"
PART 46 "tag_bullets"
PART 47 "J_Press_Rear"
PART 48 "tag_weapon1"
PART 49 "J_Gun1"
PART 50 "TAG_CLIP1"
PART 51 "J_Bolt1"
PART 52 "tag_speedloader1"
PART 53 "tag_spent01"
PART 54 "tag_spent11"
PART 55 "tag_spent21"
PART 56 "tag_spent31"
PART 57 "tag_spent41"
PART 58 "tag_spent51"
PART 59 "tag_bullets1"
PART 60 "J_Press_Rear1"
PART 61 "J_Shoulder_RI"
PART 62 "J_Elbow_RI"
PART 63 "J_WristTwist_RI"
PART 64 "J_Sleave_Reshape_Top_RI_3"
PART 65 "J_Sleave_Reshape_Top_RI_2"
PART 66 "J_Sleave_Reshape_Top_RI_1"
PART 67 "J_Wrist_RI"
PART 68 "J_Thumb_RI_0"
PART 69 "J_Thumb_RI_1"
PART 70 "J_Thumb_RI_2"
PART 71 "J_Thumb_RI_3"
PART 72 "J_PinkyPalm_RI"
PART 73 "J_Pinky_RI_0"
PART 74 "J_Pinky_RI_1"
PART 75 "J_Pinky_RI_2"
PART 76 "J_Pinky_RI_3"
PART 77 "J_RingPalm_RI"
PART 78 "J_Ring_RI_0"
PART 79 "J_Ring_RI_1"
PART 80 "J_Ring_RI_2"
PART 81 "J_Ring_RI_3"
PART 82 "J_Webbing_RI"
PART 83 "J_Index_RI_0"
PART 84 "J_Index_RI_1"
PART 85 "J_Index_RI_2"
PART 86 "J_Index_RI_3"
PART 87 "J_Mid_RI_0"
PART 88 "J_Mid_RI_1"
PART 89 "J_Mid_RI_2"
PART 90 "J_Mid_RI_3"
PART 91 "tag_cambone"
PART 92 "tag_camera"
PART 93 "tag_gasmask"

FRAMERATE 30
NUMFRAMES 31

FRAME 410
PART 0
OFFSET  0.0000 -0.0000 -0.0000
X  1.0000 -0.0000  0.0000
Y  0.0000  1.0000  0.0000
Z  0.0000 -0.0000  1.0000

PART 1
OFFSET -4.6318 -0.0000 -1.3770
X  1.0000 -0.0000  0.0000
Y  0.0000  1.0000  0.0000
Z  0.0000 -0.0000  1.0000

PART 2
OFFSET -6.9126  11.3680 -6.6068
X -0.0269  0.4416 -0.8968
Y  0.2139 -0.8738 -0.4367
Z -0.9765 -0.2036 -0.0709

PART 3
OFFSET -7.2384  16.7088 -17.4527
X  0.9440 -0.3277 -0.0383
Y -0.1022 -0.4008  0.9104
Z -0.3137 -0.8555 -0.4119

PART 4
OFFSET  0.7906  13.9211 -17.7782
X  0.9440 -0.3277 -0.0383
Y -0.0416 -0.2331  0.9716
Z -0.3273 -0.9155 -0.2337

PART 5
OFFSET  2.4985  14.6538 -18.4239
X  0.9454 -0.3230 -0.0426
Y  0.3125  0.8621  0.3988
Z -0.0921 -0.3904  0.9160

PART 6
OFFSET  1.6472  13.4672 -19.2610
X  0.9454 -0.3230 -0.0426
Y  0.3125  0.8621  0.3988
Z -0.0921 -0.3904  0.9160

PART 7
OFFSET  2.6998  13.3695 -16.1775
X  0.9454 -0.3230 -0.0426
Y  0.3125  0.8621  0.3988
Z -0.0921 -0.3904  0.9160

PART 8
OFFSET  2.1681  12.1823 -16.5228
X  0.9454 -0.3230 -0.0426
Y  0.3125  0.8621  0.3988
Z -0.0921 -0.3904  0.9160

PART 9
OFFSET  1.7134  12.1740 -17.6314
X  0.9454 -0.3230 -0.0426
Y  0.3125  0.8621  0.3988
Z -0.0921 -0.3904  0.9160

PART 10
OFFSET  3.6846  12.9164 -17.8956
X  0.8802  0.1548  0.4486
Y -0.4034 -0.2536  0.8792
Z  0.2499 -0.9548 -0.1608

PART 11
OFFSET  3.7938  12.3492 -16.9114
X  0.4525 -0.6039  0.6562
Y -0.7858  0.0779  0.6136
Z -0.4217 -0.7932 -0.4393

PART 12
OFFSET  4.6683  11.0097 -15.4586
X  0.9973 -0.0662 -0.0320
Y -0.0086 -0.5383  0.8427
Z -0.0730 -0.8402 -0.5374

PART 13
OFFSET  6.2706  10.8409 -15.6207
X  0.8942 -0.0775 -0.4409
Y  0.3420 -0.5171  0.7846
Z -0.2888 -0.8524 -0.4359

PART 14
OFFSET  7.2303  10.7093 -16.1041
X  0.9161  0.3838  0.1163
Y -0.3994  0.8470  0.3509
Z  0.0362 -0.3679  0.9292

PART 15
OFFSET  4.9119  13.1260 -18.4899
X  0.9992  0.0238 -0.0320
Y  0.0166 -0.9774 -0.2107
Z -0.0363  0.2100 -0.9770

PART 16
OFFSET  7.1643  13.0291 -18.4454
X  0.2737 -0.9518 -0.1384
Y -0.9231 -0.3003  0.2401
Z -0.2701  0.0620 -0.9608

PART 17
OFFSET  7.5517  11.6815 -18.6412
X -0.6158 -0.7769  0.1308
Y -0.7525  0.6292  0.1944
Z -0.2333  0.0213 -0.9722

PART 18
OFFSET  7.0057  10.9927 -18.5253
X -0.9583  0.0506  0.2813
Y  0.0683  0.9962  0.0532
Z -0.2775  0.0702 -0.9582

PART 19
OFFSET  6.0953  11.0408 -18.2581
X  0.7302 -0.6743 -0.1100
Y  0.6331  0.7284 -0.2619
Z  0.2567  0.1216  0.9588

PART 20
OFFSET  4.8025  13.1248 -17.7845
X  0.9631  0.2195  0.1559
Y  0.2493 -0.9458 -0.2084
Z  0.1017  0.2395 -0.9655

PART 21
OFFSET  7.3773  13.3414 -17.4988
X  0.3114 -0.9183 -0.2444
Y -0.8963 -0.3692  0.2455
Z -0.3157  0.1427 -0.9381

PART 22
OFFSET  7.9074  11.7780 -17.9149
X -0.7563 -0.6349  0.1582
Y -0.5820  0.7632  0.2807
Z -0.2989  0.1202 -0.9467

PART 23
OFFSET  6.8593  10.8981 -17.6957
X -0.9249  0.2118  0.3157
Y  0.2401  0.9693  0.0531
Z -0.2947  0.1249 -0.9474

PART 24
OFFSET  5.8562  11.1279 -17.3533
X  0.6061 -0.7211 -0.3356
Y  0.7393  0.6664 -0.0967
Z  0.2934 -0.1894  0.9370

PART 25
OFFSET  5.8915  12.4792 -15.2030
X  0.9757 -0.0708  0.2073
Y  0.0011  0.9480  0.3184
Z -0.2191 -0.3104  0.9250

PART 26
OFFSET  6.7173  13.6833 -15.4249
X  0.9231 -0.3718 -0.0980
Y -0.3810 -0.9189 -0.1023
Z -0.0520  0.1318 -0.9899

PART 27
OFFSET  8.3426  13.0287 -15.5974
X  0.8493 -0.4983 -0.1744
Y -0.5221 -0.8417 -0.1378
Z -0.0781  0.2081 -0.9750

PART 28
OFFSET  9.3798  12.4102 -15.7501
X  0.6672 -0.7397 -0.0880
Y -0.7447 -0.6603 -0.0967
Z  0.0134  0.1300 -0.9914

PART 29
OFFSET  10.1335  11.5748 -15.8495
X  0.4589  0.8734 -0.1630
Y -0.8549  0.4840  0.1868
Z  0.2420  0.0536  0.9688

PART 30
OFFSET  7.1059  13.7706 -16.4553
X  0.4850 -0.8420 -0.2365
Y -0.8535 -0.5146  0.0816
Z -0.1904  0.1622 -0.9682

PART 31
OFFSET  8.0533  12.1258 -16.9172
X -0.6095 -0.7927 -0.0117
Y -0.7588  0.5791  0.2979
Z -0.2294  0.1904 -0.9545

PART 32
OFFSET  7.1630  10.9680 -16.9343
X -0.9587  0.0807  0.2727
Y  0.1406  0.9680  0.2077
Z -0.2472  0.2375 -0.9394

PART 33
OFFSET  6.0753  11.0605 -16.6322
X  0.6611 -0.6954 -0.2817
Y  0.7043  0.7046 -0.0866
Z  0.2587 -0.1412  0.9556

PART 34
OFFSET  6.6692  12.0178 -17.3982
X  0.0645  0.1821 -0.9812
Y -0.2499  0.9548  0.1608
Z  0.9661  0.2348  0.1071

PART 35
OFFSET  4.9824 -18.1419 -17.1315
X  0.9975  0.0353 -0.0608
Y -0.0625  0.8410 -0.5374
Z  0.0321  0.5399  0.8411

PART 36
OFFSET  4.9824 -18.1419 -17.1315
X  0.9975  0.0353 -0.0608
Y -0.0625  0.8410 -0.5374
Z  0.0321  0.5399  0.8411

PART 37
OFFSET  8.2487 -17.7134 -17.1214
X  0.9975  0.0353 -0.0608
Y -0.0625  0.8410 -0.5374
Z  0.0321  0.5399  0.8411

PART 38
OFFSET  6.4782 -17.2037 -15.8373
X  0.9975  0.0353 -0.0608
Y -0.0625  0.8410 -0.5374
Z  0.0321  0.5399  0.8411

PART 39
OFFSET -320.3348 -5.1251  0.0032
X  0.9998  0.0018 -0.0204
Y -0.0001  0.9965  0.0833
Z  0.0204 -0.0833  0.9963

PART 40
OFFSET  6.3843 -17.5707 -16.3709
X  0.9967  0.0243 -0.0779
Y -0.0625  0.8410 -0.5374
Z  0.0525  0.5405  0.8397

PART 41
OFFSET  6.3665 -16.9221 -16.4112
X  0.9967  0.0243 -0.0779
Y -0.0625  0.8410 -0.5374
Z  0.0525  0.5405  0.8397

PART 42
OFFSET  6.4022 -16.5735 -15.8822
X  0.9967  0.0243 -0.0779
Y -0.0625  0.8410 -0.5374
Z  0.0525  0.5405  0.8397

PART 43
OFFSET  6.4552 -16.8626 -15.3110
X  0.9967  0.0243 -0.0779
Y -0.0625  0.8410 -0.5374
Z  0.0525  0.5405  0.8397

PART 44
OFFSET  6.4724 -17.5064 -15.2796
X  0.9967  0.0243 -0.0779
Y -0.0625  0.8410 -0.5374
Z  0.0525  0.5405  0.8397

PART 45
OFFSET  6.4359 -17.8289 -15.8111
X  0.9967  0.0243 -0.0779
Y -0.0625  0.8410 -0.5374
Z  0.0525  0.5405  0.8397

PART 46
OFFSET -326.9966 -27.4195  6.0869
X  0.9967  0.0243 -0.0779
Y -0.0625  0.8410 -0.5374
Z  0.0525  0.5405  0.8397

PART 47
OFFSET  4.8947 -17.3434 -16.2134
X  0.9979  0.0608 -0.0210
Y -0.0625  0.8410 -0.5374
Z -0.0150  0.5376  0.8431

PART 48
OFFSET  8.1671  11.9042 -15.5300
X  0.9653 -0.0733  0.2507
Y  0.0946  0.9928 -0.0741
Z -0.2434  0.0952  0.9652

PART 49
OFFSET  8.1671  11.9042 -15.5300
X  0.9653 -0.0733  0.2507
Y  0.0946  0.9928 -0.0741
Z -0.2434  0.0952  0.9652

PART 50
OFFSET  11.2565  11.8468 -14.3880
X  0.9653 -0.0733  0.2507
Y  0.0946  0.9928 -0.0741
Z -0.2434  0.0952  0.9652

PART 51
OFFSET  9.1634  11.9546 -13.5814
X  0.9653 -0.0733  0.2507
Y  0.0946  0.9928 -0.0741
Z -0.2434  0.0952  0.9652

PART 52
OFFSET -320.3348  5.9563  0.1364
X  0.9998 -0.0013 -0.0204
Y -0.0001  0.9975 -0.0704
Z  0.0204  0.0704  0.9973

PART 53
OFFSET  9.2541  11.8819 -14.2242
X  0.9701 -0.0752  0.2309
Y  0.0946  0.9928 -0.0741
Z -0.2237  0.0937  0.9702

PART 54
OFFSET  9.2385  12.4655 -13.9612
X  0.9701 -0.0752  0.2309
Y  0.0946  0.9928 -0.0741
Z -0.2237  0.0937  0.9702

PART 55
OFFSET  9.1029  12.5492 -13.3502
X  0.9701 -0.0752  0.2309
Y  0.0946  0.9928 -0.0741
Z -0.2237  0.0937  0.9702

PART 56
OFFSET  8.9719  12.0075 -12.9730
X  0.9701 -0.0752  0.2309
Y  0.0946  0.9928 -0.0741
Z -0.2237  0.0937  0.9702

PART 57
OFFSET  8.9938  11.4545 -13.2509
X  0.9701 -0.0752  0.2309
Y  0.0946  0.9928 -0.0741
Z -0.2237  0.0937  0.9702

PART 58
OFFSET  9.1350  11.3801 -13.8794
X  0.9701 -0.0752  0.2309
Y  0.0946  0.9928 -0.0741
Z -0.2237  0.0937  0.9702

PART 59
OFFSET -314.0687  37.1383 -95.2958
X  0.9701 -0.0752  0.2309
Y  0.0946  0.9928 -0.0741
Z -0.2237  0.0937  0.9702

PART 60
OFFSET  7.7811  12.2092 -14.4137
X  0.9527 -0.0687  0.2960
Y  0.0946  0.9928 -0.0741
Z -0.2887  0.0986  0.9523

PART 61
OFFSET -6.9126 -11.3680 -6.6068
X  0.3387  0.3895  0.8565
Y -0.6760 -0.5324  0.5095
Z  0.6544 -0.7516  0.0830

PART 62
OFFSET -11.0086 -16.0791 -16.9650
X -0.9525  0.3022  0.0374
Y -0.1767 -0.4485 -0.8761
Z -0.2480 -0.8411  0.4806

PART 63
OFFSET -2.9072 -18.6497 -17.2828
X -0.9525  0.3022  0.0374
Y -0.2597 -0.7420 -0.6181
Z -0.1591 -0.5984  0.7852

PART 64
OFFSET -0.9609 -17.9097 -17.0669
X -0.9507  0.3072  0.0413
Y  0.2532  0.8466 -0.4681
Z -0.1788 -0.4346 -0.8827

PART 65
OFFSET -0.5252 -17.9402 -16.0087
X -0.9507  0.3072  0.0413
Y  0.2532  0.8466 -0.4681
Z -0.1788 -0.4346 -0.8827

PART 66
OFFSET -0.8364 -19.2769 -15.7589
X -0.9507  0.3072  0.0413
Y  0.2532  0.8466 -0.4681
Z -0.1788 -0.4346 -0.8827

PART 67
OFFSET  0.0129 -19.5763 -17.3974
X -0.9669  0.0176 -0.2546
Y  0.1394 -0.7992 -0.5846
Z -0.2138 -0.6008  0.7703

PART 68
OFFSET  0.4011 -18.5663 -17.0350
X -0.6705 -0.7415  0.0251
Y  0.6007 -0.5624 -0.5682
Z  0.4354 -0.3659  0.8225

PART 69
OFFSET  1.7639 -16.8898 -17.0782
X -0.9597  0.1339  0.2469
Y -0.1994 -0.9439 -0.2631
Z  0.1978 -0.3018  0.9326

PART 70
OFFSET  3.2792 -17.1285 -17.5969
X -0.7608  0.4552  0.4626
Y -0.5717 -0.8075 -0.1456
Z  0.3073 -0.3752  0.8745

PART 71
OFFSET  4.0976 -17.5899 -18.1348
X -0.8768  0.4107 -0.2503
Y  0.3770  0.2638 -0.8879
Z -0.2986 -0.8728 -0.3861

PART 72
OFFSET  1.0235 -20.3256 -17.9637
X -0.9506  0.2254  0.2132
Y  0.0237 -0.6324  0.7743
Z  0.3094  0.7411  0.5958

PART 73
OFFSET  3.2016 -20.6466 -18.4510
X -0.1755 -0.6895  0.7027
Y  0.8364 -0.4809 -0.2630
Z  0.5193  0.5416  0.6611

PART 74
OFFSET  3.4502 -19.6704 -19.4458
X  0.5087 -0.8231  0.2526
Y  0.7085  0.2334 -0.6660
Z  0.4892  0.5177  0.7019

PART 75
OFFSET  2.9991 -18.9406 -19.6698
X  0.8473 -0.3204 -0.4236
Y -0.0192  0.7786 -0.6272
Z  0.5308  0.5396  0.6535

PART 76
OFFSET  2.1942 -18.6363 -19.2673
X -0.7128 -0.3218  0.6233
Y -0.4927  0.8621 -0.1183
Z -0.4993 -0.3914 -0.7730

PART 77
OFFSET  1.1137 -19.8822 -17.4116
X -0.9900  0.1352  0.0400
Y -0.0494 -0.5984  0.7997
Z  0.1321  0.7897  0.5991

PART 78
OFFSET  3.6624 -20.3636 -17.5868
X -0.1865 -0.6010  0.7772
Y  0.8087 -0.5431 -0.2259
Z  0.5578  0.5864  0.5873

PART 79
OFFSET  3.9800 -19.3404 -18.9099
X  0.6482 -0.7507  0.1273
Y  0.5309  0.3257 -0.7824
Z  0.5459  0.5747  0.6097

PART 80
OFFSET  3.0816 -18.3000 -19.0864
X  0.8195 -0.2024 -0.5361
Y -0.1873  0.7896 -0.5844
Z  0.5416  0.5793  0.6091

PART 81
OFFSET  2.1928 -18.0804 -18.5049
X -0.5378 -0.2567  0.8030
Y -0.6462  0.7372 -0.1971
Z -0.5414 -0.6250 -0.5624

PART 82
OFFSET -4.2437 -19.1491 -17.5497
X -0.9961  0.0041  0.0877
Y -0.0711  0.5483 -0.8333
Z -0.0515 -0.8363 -0.5458

PART 83
OFFSET  3.5959 -19.2655 -15.6782
X -0.8233 -0.1017  0.5584
Y  0.4489 -0.7187  0.5310
Z  0.3473  0.6878  0.6374

PART 84
OFFSET  5.0455 -19.0865 -16.6613
X -0.7392 -0.2030  0.6421
Y  0.5891 -0.6569  0.4705
Z  0.3263  0.7261  0.6052

PART 85
OFFSET  5.9640 -18.7956 -17.4051
X -0.5613 -0.4347  0.7042
Y  0.7767 -0.5706  0.2668
Z  0.2858  0.6967  0.6580

PART 86
OFFSET  6.5980 -18.3045 -18.2006
X -0.4380  0.8526 -0.2850
Y  0.7244  0.1469 -0.6736
Z -0.5324 -0.5015 -0.6820

PART 87
OFFSET  3.6823 -20.0229 -16.4778
X -0.3099 -0.4946  0.8120
Y  0.8546 -0.5193  0.0099
Z  0.4167  0.6970  0.5836

PART 88
OFFSET  4.2878 -19.0567 -18.0640
X  0.5939 -0.6922  0.4099
Y  0.6714  0.1458 -0.7266
Z  0.4432  0.7068  0.5513

PART 89
OFFSET  3.4203 -18.0456 -18.6628
X  0.8676 -0.2554 -0.4266
Y -0.1841  0.6321 -0.7527
Z  0.4619  0.7316  0.5014

PART 90
OFFSET  2.4342 -17.7611 -18.1836
X -0.5772 -0.2547  0.7759
Y -0.6630  0.7008 -0.2632
Z -0.4767 -0.6663 -0.5734

PART 91
OFFSET  0.0000 -0.0000 -0.0000
X  1.0000 -0.0000  0.0000
Y  0.0000  1.0000  0.0000
Z  0.0000 -0.0000  1.0000

PART 92
OFFSET  0.0000 -0.0000 -0.0000
X  1.0000 -0.0000  0.0000
Y  0.0000  1.0000  0.0000
Z  0.0000 -0.0000  1.0000

PART 93
OFFSET  1.5404 -0.0000  4.1357
X  1.0000 -0.0000  0.0000
Y  0.0000  1.0000  0.0000
Z  0.0000 -0.0000  1.0000


FRAME 411
PART 0
OFFSET  0.0000 -0.0000 -0.0000
X  1.0000 -0.0000  0.0000
Y  0.0000  1.0000  0.0000
Z  0.0000 -0.0000  1.0000

PART 1
OFFSET -4.6318 -0.0000 -1.3770
X  1.0000 -0.0000  0.0000
Y  0.0000  1.0000  0.0000
Z  0.0000 -0.0000  1.0000

PART 2
OFFSET -6.9126  11.3680 -6.6068
X -0.0134  0.4364 -0.8997
Y  0.2192 -0.8766 -0.4284
Z -0.9756 -0.2030 -0.0839

PART 3
OFFSET -7.0744  16.6456 -17.4873
X  0.9437 -0.3302 -0.0197
Y -0.1189 -0.3943  0.9112
Z -0.3087 -0.8576 -0.4114

PART 4
OFFSET  0.9522  13.8370 -17.6550
X  0.9437 -0.3302 -0.0197
Y -0.0681 -0.2523  0.9653
Z -0.3237 -0.9096 -0.2606

PART 5
OFFSET  2.6728  14.5613 -18.2760
X  0.9452 -0.3255 -0.0240
Y  0.3077  0.8641  0.3983
Z -0.1089 -0.3839  0.9169

PART 6
OFFSET  1.8332  13.3709 -19.1196
X  0.9452 -0.3255 -0.0240
Y  0.3077  0.8641  0.3983
Z -0.1089 -0.3839  0.9169

PART 7
OFFSET  2.8321  13.2919 -16.0178
X  0.9452 -0.3255 -0.0240
Y  0.3077  0.8641  0.3983
Z -0.1089 -0.3839  0.9169

PART 8
OFFSET  2.3036  12.1036 -16.3642
X  0.9452 -0.3255 -0.0240
Y  0.3077  0.8641  0.3983
Z -0.1089 -0.3839  0.9169

PART 9
OFFSET  1.8681  12.0888 -17.4803
X  0.9452 -0.3255 -0.0240
Y  0.3077  0.8641  0.3983
Z -0.1089 -0.3839  0.9169

PART 10
OFFSET  3.8453  12.8247 -17.7155
X  0.8796  0.1539  0.4502
Y -0.4019 -0.2659  0.8762
Z  0.2546 -0.9516 -0.1720

PART 11
OFFSET  3.9577  12.2466 -16.7380
X  0.4557 -0.6093  0.6489
Y -0.7860  0.0668  0.6146
Z -0.4178 -0.7901 -0.4485

PART 12
OFFSET  4.8393  10.8945 -15.3013
X  0.9976 -0.0608 -0.0330
Y -0.0057 -0.5482  0.8364
Z -0.0690 -0.8342 -0.5472

PART 13
OFFSET  6.4424  10.7356 -15.4658
X  0.8945 -0.0678 -0.4419
Y  0.3448 -0.5246  0.7784
Z -0.2847 -0.8486 -0.4459

PART 14
OFFSET  7.4025  10.6145 -15.9509
X  0.9142  0.3869  0.1206
Y -0.4035  0.8408  0.3609
Z  0.0383 -0.3786  0.9248

PART 15
OFFSET  5.0714  13.0474 -18.3075
X  0.9991  0.0292 -0.0320
Y  0.0214 -0.9748 -0.2222
Z -0.0377  0.2213 -0.9745

PART 16
OFFSET  7.3242  12.9613 -18.2647
X  0.2784 -0.9488 -0.1496
Y -0.9215 -0.3077  0.2368
Z -0.2707  0.0719 -0.9600

PART 17
OFFSET  7.7183  11.6180 -18.4765
X -0.6119 -0.7815  0.1218
Y -0.7556  0.6231  0.2020
Z -0.2337  0.0316 -0.9718

PART 18
OFFSET  7.1758  10.9251 -18.3685
X -0.9585  0.0425  0.2821
Y  0.0633  0.9959  0.0649
Z -0.2781  0.0801 -0.9572

PART 19
OFFSET  6.2652  10.9655 -18.1005
X  0.7336 -0.6693 -0.1181
Y  0.6294  0.7346 -0.2535
Z  0.2564  0.1116  0.9601

PART 20
OFFSET  4.9622  13.0374 -17.6022
X  0.9620  0.2224  0.1583
Y  0.2539 -0.9420 -0.2195
Z  0.1002  0.2514 -0.9627

PART 21
OFFSET  7.5360  13.2635 -17.3145
X  0.3158 -0.9138 -0.2553
Y -0.8944 -0.3766  0.2414
Z -0.3167  0.1521 -0.9363

PART 22
OFFSET  8.0738  11.7077 -17.7492
X -0.7530 -0.6404  0.1509
Y -0.5857  0.7570  0.2898
Z -0.2998  0.1299 -0.9451

PART 23
OFFSET  7.0301  10.8201 -17.5401
X -0.9259  0.2035  0.3184
Y  0.2353  0.9698  0.0645
Z -0.2956  0.1346 -0.9458

PART 24
OFFSET  6.0260  11.0408 -17.1948
X  0.6096 -0.7141 -0.3442
Y  0.7359  0.6712 -0.0891
Z  0.2946 -0.1990  0.9347

PART 25
OFFSET  6.0551  12.3670 -15.0287
X  0.9761 -0.0683  0.2062
Y -0.0035  0.9441  0.3295
Z -0.2172 -0.3224  0.9213

PART 26
OFFSET  6.8749  13.5776 -15.2366
X  0.9249 -0.3660 -0.1026
Y -0.3764 -0.9195 -0.1130
Z -0.0530  0.1431 -0.9883

PART 27
OFFSET  8.5034  12.9332 -15.4172
X  0.8517 -0.4920 -0.1804
Y -0.5180 -0.8426 -0.1476
Z -0.0794  0.2191 -0.9725

PART 28
OFFSET  9.5436  12.3218 -15.5775
X  0.6709 -0.7352 -0.0968
Y -0.7415 -0.6628 -0.1042
Z  0.0125  0.1417 -0.9898

PART 29
OFFSET  10.3014  11.4913 -15.6868
X  0.4545  0.8776 -0.1528
Y -0.8573  0.4775  0.1927
Z  0.2420  0.0434  0.9693

PART 30
OFFSET  7.2628  13.6790 -16.2661
X  0.4891 -0.8367 -0.2465
Y -0.8509 -0.5198  0.0758
Z -0.1915  0.1727 -0.9662

PART 31
OFFSET  8.2182  12.0445 -16.7475
X -0.6056 -0.7955 -0.0208
Y -0.7616  0.5718  0.3049
Z -0.2306  0.2005 -0.9522

PART 32
OFFSET  7.3337  10.8826 -16.7779
X -0.9590  0.0728  0.2739
Y  0.1359  0.9662  0.2190
Z -0.2487  0.2473 -0.9365

PART 33
OFFSET  6.2457  10.9660 -16.4745
X  0.6645 -0.6887 -0.2900
Y  0.7007  0.7091 -0.0785
Z  0.2597 -0.1511  0.9538

PART 34
OFFSET  6.8346  11.9352 -17.2294
X  0.0634  0.1939 -0.9790
Y -0.2546  0.9516  0.1720
Z  0.9650  0.2383  0.1097

PART 35
OFFSET  9.3879 -15.9841 -14.0595
X  0.2507 -0.2892 -0.9239
Y  0.2099  0.9479 -0.2397
Z  0.9450 -0.1338  0.2983

PART 36
OFFSET  9.3879 -15.9841 -14.0595
X  0.2507 -0.2892 -0.9239
Y  0.2099  0.9479 -0.2397
Z  0.9450 -0.1338  0.2983

PART 37
OFFSET  10.5659 -16.8337 -17.0164
X  0.2507 -0.2892 -0.9239
Y  0.2099  0.9479 -0.2397
Z  0.9450 -0.1338  0.2983

PART 38
OFFSET  11.3034 -16.6223 -14.9058
X  0.2507 -0.2892 -0.9239
Y  0.2099  0.9479 -0.2397
Z  0.9450 -0.1338  0.2983

PART 39
OFFSET -320.3348 -5.1251  0.0032
X  0.9998  0.0018 -0.0204
Y -0.0001  0.9965  0.0833
Z  0.0204 -0.0833  0.9963

PART 40
OFFSET  10.6672 -16.5290 -15.0273
X  0.2313 -0.2864 -0.9298
Y  0.2099  0.9479 -0.2397
Z  0.9500 -0.1397  0.2794

PART 41
OFFSET  11.0867 -16.0349 -15.0763
X  0.2313 -0.2864 -0.9298
Y  0.2099  0.9479 -0.2397
Z  0.9500 -0.1397  0.2794

PART 42
OFFSET  11.6915 -16.1180 -14.9033
X  0.2313 -0.2864 -0.9298
Y  0.2099  0.9479 -0.2397
Z  0.9500 -0.1397  0.2794

PART 43
OFFSET  11.8855 -16.6885 -14.6806
X  0.2313 -0.2864 -0.9298
Y  0.2099  0.9479 -0.2397
Z  0.9500 -0.1397  0.2794

PART 44
OFFSET  11.4632 -17.1737 -14.6353
X  0.2313 -0.2864 -0.9298
Y  0.2099  0.9479 -0.2397
Z  0.9500 -0.1397  0.2794

PART 45
OFFSET  10.8747 -17.0701 -14.8106
X  0.2313 -0.2864 -0.9298
Y  0.2099  0.9479 -0.2397
Z  0.9500 -0.1397  0.2794

PART 46
OFFSET -70.3293  80.2076  294.5302
X  0.2313 -0.2864 -0.9298
Y  0.2099  0.9479 -0.2397
Z  0.9500 -0.1397  0.2794

PART 47
OFFSET  10.5321 -15.9374 -13.6390
X  0.2951 -0.2952 -0.9088
Y  0.2099  0.9479 -0.2397
Z  0.9321 -0.1200  0.3416

PART 48
OFFSET  8.3335  11.8071 -15.3630
X  0.9657 -0.0714  0.2496
Y  0.0896  0.9940 -0.0624
Z -0.2436  0.0827  0.9663

PART 49
OFFSET  8.3335  11.8071 -15.3630
X  0.9657 -0.0714  0.2496
Y  0.0896  0.9940 -0.0624
Z -0.2436  0.0827  0.9663

PART 50
OFFSET  11.4235  11.7517 -14.2224
X  0.9657 -0.0714  0.2496
Y  0.0896  0.9940 -0.0624
Z -0.2436  0.0827  0.9663

PART 51
OFFSET  9.3302  11.8396 -13.4142
X  0.9657 -0.0714  0.2496
Y  0.0896  0.9940 -0.0624
Z -0.2436  0.0827  0.9663

PART 52
OFFSET -320.3348  5.9563  0.1364
X  0.9998 -0.0013 -0.0204
Y -0.0001  0.9975 -0.0704
Z  0.0204  0.0704  0.9973

PART 53
OFFSET  9.4210  11.7750 -14.0578
X  0.9705 -0.0731  0.2298
Y  0.0896  0.9940 -0.0624
Z -0.2238  0.0812  0.9712

PART 54
OFFSET  9.4026  12.3553 -13.7880
X  0.9705 -0.0731  0.2298
Y  0.0896  0.9940 -0.0624
Z -0.2238  0.0812  0.9712

PART 55
OFFSET  9.2667  12.4312 -13.1760
X  0.9705 -0.0731  0.2298
Y  0.0896  0.9940 -0.0624
Z -0.2238  0.0812  0.9712

PART 56
OFFSET  9.1385  11.8844 -12.8051
X  0.9705 -0.0731  0.2298
Y  0.0896  0.9940 -0.0624
Z -0.2238  0.0812  0.9712

PART 57
OFFSET  9.1632  11.3349 -13.0895
X  0.9705 -0.0731  0.2298
Y  0.0896  0.9940 -0.0624
Z -0.2238  0.0812  0.9712

PART 58
OFFSET  9.3045  11.2686 -13.7189
X  0.9705 -0.0731  0.2298
Y  0.0896  0.9940 -0.0624
Z -0.2238  0.0812  0.9712

PART 59
OFFSET -314.0474  36.3710 -94.7509
X  0.9705 -0.0731  0.2298
Y  0.0896  0.9940 -0.0624
Z -0.2238  0.0812  0.9712

PART 60
OFFSET  7.9463  12.0971 -14.2431
X  0.9531 -0.0674  0.2949
Y  0.0896  0.9940 -0.0624
Z -0.2890  0.0859  0.9535

PART 61
OFFSET -6.9126 -11.3680 -6.6068
X -0.3736  0.4794  0.7941
Y -0.5843 -0.7865  0.1999
Z  0.7204 -0.3893  0.5740

PART 62
OFFSET -2.3940 -17.1655 -16.2106
X -0.8019 -0.1786 -0.5702
Y  0.5820 -0.4497 -0.6775
Z -0.1355 -0.8751  0.4646

PART 63
OFFSET  4.4262 -15.6468 -11.3608
X -0.8019 -0.1786 -0.5702
Y  0.5815 -0.4523 -0.6762
Z -0.1372 -0.8738  0.4665

PART 64
OFFSET  5.3591 -14.0917 -10.3150
X -0.8049 -0.1735 -0.5674
Y  0.1294  0.8820 -0.4532
Z  0.5791 -0.4382 -0.6875

PART 65
OFFSET  5.0334 -13.9506 -9.2266
X -0.8049 -0.1735 -0.5674
Y  0.1294  0.8820 -0.4532
Z  0.5791 -0.4382 -0.6875

PART 66
OFFSET  5.1868 -15.2855 -8.8519
X -0.8049 -0.1735 -0.5674
Y  0.1294  0.8820 -0.4532
Z  0.5791 -0.4382 -0.6875

PART 67
OFFSET  6.8844 -15.0993 -9.6128
X -0.4160  0.5068  0.7550
Y -0.9085 -0.2669 -0.3214
Z  0.0387 -0.8197  0.5715

PART 68
OFFSET  7.9324 -14.7332 -9.8769
X -0.6783 -0.3091  0.6667
Y -0.6095 -0.2700 -0.7453
Z  0.4104 -0.9119 -0.0052

PART 69
OFFSET  9.4341 -13.9885 -11.2408
X  0.0013  0.2843  0.9587
Y -0.8854 -0.4454  0.1332
Z  0.4649 -0.8490  0.2512

PART 70
OFFSET  9.3272 -14.3790 -12.8087
X  0.4218  0.3135  0.8508
Y -0.8116 -0.2879  0.5084
Z  0.4043 -0.9049  0.1330

PART 71
OFFSET  8.8664 -14.6717 -13.7435
X -0.1156  0.7534  0.6473
Y -0.3078  0.5925 -0.7445
Z -0.9444 -0.2853  0.1634

PART 72
OFFSET  6.2558 -15.6483 -10.7113
X  0.0449  0.3669  0.9292
Y  0.0828 -0.9283  0.3625
Z  0.9956  0.0607 -0.0720

PART 73
OFFSET  6.2898 -16.3499 -12.8540
X -0.0579 -0.8557  0.5142
Y -0.2863 -0.4792 -0.8297
Z  0.9564 -0.1953 -0.2173

PART 74
OFFSET  6.3718 -15.1385 -13.5820
X -0.2681 -0.9200 -0.2859
Y -0.0924  0.3200 -0.9429
Z  0.9590 -0.2264 -0.1708

PART 75
OFFSET  6.6095 -14.3228 -13.3285
X -0.2789 -0.2712 -0.9213
Y  0.1182  0.9423 -0.3131
Z  0.9530 -0.1962 -0.2307

PART 76
OFFSET  6.8744 -14.0652 -12.4532
X  0.0013 -0.3558  0.9346
Y  0.3891  0.8611  0.3273
Z -0.9212  0.3632  0.1395

PART 77
OFFSET  6.9565 -15.6969 -10.5840
X -0.1439  0.4209  0.8956
Y  0.1039 -0.8936  0.4367
Z  0.9841  0.1559  0.0849

PART 78
OFFSET  7.1861 -16.8322 -12.9114
X  0.0504 -0.8336  0.5501
Y -0.3122 -0.5363 -0.7842
Z  0.9487 -0.1322 -0.2873

PART 79
OFFSET  7.1004 -15.4130 -13.8479
X -0.2640 -0.8417 -0.4711
Y -0.1532  0.5188 -0.8411
Z  0.9523 -0.1499 -0.2659

PART 80
OFFSET  7.4663 -14.2465 -13.1950
X -0.2792 -0.1091 -0.9540
Y  0.1094  0.9834 -0.1445
Z  0.9540 -0.1448 -0.2627

PART 81
OFFSET  7.7691 -14.1281 -12.1604
X  0.2132 -0.4795  0.8513
Y  0.2086  0.8735  0.4398
Z -0.9545  0.0838  0.2863

PART 82
OFFSET  5.9421 -13.2036 -5.8922
X -0.2049  0.3006  0.9315
Y -0.1933  0.9205 -0.3395
Z -0.9595 -0.2497 -0.1305

PART 83
OFFSET  9.2049 -17.1775 -12.1000
X  0.0815 -0.1203  0.9894
Y -0.0258 -0.9926 -0.1186
Z  0.9963 -0.0159 -0.0840

PART 84
OFFSET  9.0614 -16.9656 -13.8420
X  0.0894 -0.2730  0.9579
Y  0.0143 -0.9613 -0.2753
Z  0.9959  0.0383 -0.0820

PART 85
OFFSET  9.0132 -16.6314 -15.0114
X  0.0172 -0.5387  0.8423
Y -0.0114 -0.8425 -0.5386
Z  0.9998 -0.0003 -0.0206

PART 86
OFFSET  8.9938 -16.0229 -15.9628
X  0.2859  0.9358  0.2062
Y -0.1533  0.2571 -0.9541
Z -0.9459  0.2412  0.2170

PART 87
OFFSET  8.1680 -17.2659 -12.4707
X  0.1146 -0.7352  0.6681
Y -0.1261 -0.6779 -0.7243
Z  0.9854 -0.0013 -0.1704

PART 88
OFFSET  7.9441 -15.8298 -13.7759
X -0.0494 -0.9516 -0.3034
Y -0.2037  0.3070 -0.9297
Z  0.9778  0.0159 -0.2090

PART 89
OFFSET  8.0162 -14.4399 -13.3328
X -0.2302 -0.2300 -0.9456
Y -0.1115  0.9715 -0.2092
Z  0.9667  0.0573 -0.2493

PART 90
OFFSET  8.2700 -14.1791 -12.2602
X  0.1859 -0.4478  0.8746
Y  0.1348  0.8933  0.4287
Z -0.9733  0.0382  0.2264

PART 91
OFFSET  0.0000 -0.0000 -0.0000
X  1.0000 -0.0000  0.0000
Y  0.0000  1.0000  0.0000
Z  0.0000 -0.0000  1.0000

PART 92
OFFSET  0.0000 -0.0000 -0.0000
X  1.0000 -0.0000  0.0000
Y  0.0000  1.0000  0.0000
Z  0.0000 -0.0000  1.0000

PART 93
OFFSET  1.5404 -0.0000  4.1357
X  1.0000 -0.0000  0.0000
Y  0.0000  1.0000  0.0000
Z  0.0000 -0.0000  1.0000


FRAME 412
PART 0
OFFSET  0.0000 -0.0000 -0.0000
X  1.0000 -0.0000  0.0000
Y  0.0000  1.0000  0.0000
Z  0.0000 -0.0000  1.0000

PART 1
OFFSET -4.6318 -0.0000 -1.3770
X  1.0000 -0.0000  0.0000
Y  0.0000  1.0000  0.0000
Z  0.0000 -0.0000  1.0000

PART 2
OFFSET -6.9126  11.3680 -6.6068
X  0.0248  0.4221 -0.9062
Y  0.2322 -0.8841 -0.4055
Z -0.9723 -0.2004 -0.1199

PART 3
OFFSET -6.6132  16.4732 -17.5663
X  0.9411 -0.3369  0.0299
Y -0.1639 -0.3770  0.9116
Z -0.2958 -0.8628 -0.4100

PART 4
OFFSET  1.3910  13.6078 -17.3118
X  0.9411 -0.3369  0.0299
Y -0.1389 -0.3044  0.9424
Z -0.3084 -0.8910 -0.3332

PART 5
OFFSET  3.1439  14.3090 -17.8650
X  0.9428 -0.3323  0.0256
Y  0.2955  0.8691  0.3968
Z -0.1541 -0.3665  0.9176

PART 6
OFFSET  2.3351  13.1093 -18.7254
X  0.9428 -0.3323  0.0256
Y  0.2955  0.8691  0.3968
Z -0.1541 -0.3665  0.9176

PART 7
OFFSET  3.1889  13.0796 -15.5797
X  0.9428 -0.3323  0.0256
Y  0.2955  0.8691  0.3968
Z -0.1541 -0.3665  0.9176

PART 8
OFFSET  2.6679  11.8888 -15.9291
X  0.9428 -0.3323  0.0256
Y  0.2955  0.8691  0.3968
Z -0.1541 -0.3665  0.9176

PART 9
OFFSET  2.2844  11.8568 -17.0638
X  0.9428 -0.3323  0.0256
Y  0.2955  0.8691  0.3968
Z -0.1541 -0.3665  0.9176

PART 10
OFFSET  4.2760  12.5749 -17.2200
X  0.8783  0.1516  0.4534
Y -0.3963 -0.2997  0.8678
Z  0.2674 -0.9419 -0.2031

PART 11
OFFSET  4.3984  11.9671 -16.2620
X  0.4654 -0.6235  0.6282
Y -0.7855  0.0360  0.6178
Z -0.4078 -0.7810 -0.4731

PART 12
OFFSET  5.3017  10.5817 -14.8711
X  0.9983 -0.0458 -0.0366
Y  0.0036 -0.5749  0.8182
Z -0.0585 -0.8169 -0.5738

PART 13
OFFSET  6.9065  10.4506 -15.0433
X  0.8944 -0.0411 -0.4454
Y  0.3537 -0.5446  0.7604
Z -0.2738 -0.8377 -0.4726

PART 14
OFFSET  7.8672  10.3586 -15.5336
X  0.9090  0.3955  0.1315
Y -0.4143  0.8230  0.3886
Z  0.0455 -0.4077  0.9120

PART 15
OFFSET  5.4976  12.8337 -17.8066
X  0.9985  0.0441 -0.0327
Y  0.0344 -0.9667 -0.2536
Z -0.0428  0.2521 -0.9668

PART 16
OFFSET  7.7515  12.7776 -17.7703
X  0.2912 -0.9395 -0.1807
Y -0.9167 -0.3280  0.2283
Z -0.2737  0.0991 -0.9567

PART 17
OFFSET  8.1638  11.4475 -18.0260
X -0.6008 -0.7935  0.0975
Y -0.7637  0.6057  0.2233
Z -0.2362  0.0597 -0.9699

PART 18
OFFSET  7.6311  10.7440 -17.9396
X -0.9584  0.0201  0.2849
Y  0.0496  0.9940  0.0970
Z -0.2812  0.1071 -0.9536

PART 19
OFFSET  6.7206  10.7631 -17.6690
X  0.7425 -0.6548 -0.1409
Y  0.6186  0.7511 -0.2306
Z  0.2568  0.0841  0.9628

PART 20
OFFSET  5.3901  12.7994 -17.1018
X  0.9592  0.2306  0.1638
Y  0.2665 -0.9308 -0.2503
Z  0.0947  0.2837 -0.9542

PART 21
OFFSET  7.9611  13.0519 -16.8112
X  0.3280 -0.9006 -0.2852
Y -0.8886 -0.3966  0.2305
Z -0.3207  0.1778 -0.9303

PART 22
OFFSET  8.5194  11.5186 -17.2968
X -0.7438 -0.6554  0.1313
Y -0.5955  0.7390  0.3151
Z -0.3036  0.1561 -0.9399

PART 23
OFFSET  7.4886  10.6103 -17.1148
X -0.9279  0.1802  0.3263
Y  0.2220  0.9704  0.0954
Z -0.2994  0.1609 -0.9404

PART 24
OFFSET  6.4823  10.8057 -16.7609
X  0.6187 -0.6940 -0.3681
Y  0.7263  0.6839 -0.0685
Z  0.2993 -0.2249  0.9273

PART 25
OFFSET  6.4976  12.0614 -14.5531
X  0.9774 -0.0614  0.2023
Y -0.0159  0.9329  0.3599
Z -0.2108 -0.3550  0.9108

PART 26
OFFSET  7.3000  13.2895 -14.7231
X  0.9297 -0.3496 -0.1159
Y -0.3639 -0.9206 -0.1421
Z -0.0570  0.1742 -0.9831

PART 27
OFFSET  8.9369  12.6740 -14.9271
X  0.8581 -0.4740 -0.1976
Y -0.5065 -0.8445 -0.1739
Z -0.0845  0.2493 -0.9647

PART 28
OFFSET  9.9852  12.0826 -15.1088
X  0.6808 -0.7223 -0.1216
Y -0.7324 -0.6694 -0.1244
Z  0.0084  0.1738 -0.9847

PART 29
OFFSET  10.7542  11.2667 -15.2462
X  0.4419  0.8883 -0.1251
Y -0.8634  0.4590  0.2094
Z  0.2434  0.0155  0.9698

PART 30
OFFSET  7.6843  13.4295 -15.7494
X  0.5001 -0.8214 -0.2742
Y -0.8435 -0.5337  0.0603
Z -0.1959  0.2011 -0.9598

PART 31
OFFSET  8.6613  11.8248 -16.2850
X -0.5945 -0.8028 -0.0455
Y -0.7688  0.5510  0.3244
Z -0.2354  0.2279 -0.9448

PART 32
OFFSET  7.7929  10.6523 -16.3515
X -0.9593  0.0505  0.2777
Y  0.1229  0.9604  0.2499
Z -0.2541  0.2739 -0.9276

PART 33
OFFSET  6.7045  10.7108 -16.0438
X  0.6734 -0.6697 -0.3133
Y  0.6907  0.7210 -0.0567
Z  0.2638 -0.1782  0.9480

PART 34
OFFSET  7.2783  11.7119 -16.7679
X  0.0586  0.2263 -0.9723
Y -0.2674  0.9419  0.2031
Z  0.9618  0.2481  0.1157

PART 35
OFFSET  9.3119 -15.8338 -14.0533
X  0.2657 -0.3003 -0.9161
Y  0.2145  0.9449 -0.2475
Z  0.9399 -0.1307  0.3154

PART 36
OFFSET  9.3119 -15.8338 -14.0533
X  0.2657 -0.3003 -0.9161
Y  0.2145  0.9449 -0.2475
Z  0.9399 -0.1307  0.3154

PART 37
OFFSET  10.5377 -16.7191 -16.9801
X  0.2657 -0.3003 -0.9161
Y  0.2145  0.9449 -0.2475
Z  0.9399 -0.1307  0.3154

PART 38
OFFSET  11.2405 -16.4829 -14.8603
X  0.2657 -0.3003 -0.9161
Y  0.2145  0.9449 -0.2475
Z  0.9399 -0.1307  0.3154

PART 39
OFFSET -320.3348 -5.1251  0.0032
X  0.9998  0.0018 -0.0204
Y -0.0001  0.9965  0.0833
Z  0.0204 -0.0833  0.9963

PART 40
OFFSET  10.6065 -16.3908 -14.9934
X  0.2464 -0.2975 -0.9224
Y  0.2145  0.9449 -0.2475
Z  0.9451 -0.1368  0.2966

PART 41
OFFSET  11.0271 -15.8975 -15.0414
X  0.2464 -0.2975 -0.9224
Y  0.2145  0.9449 -0.2475
Z  0.9451 -0.1368  0.2966

PART 42
OFFSET  11.6289 -15.9788 -14.8574
X  0.2464 -0.2975 -0.9224
Y  0.2145  0.9449 -0.2475
Z  0.9451 -0.1368  0.2966

PART 43
OFFSET  11.8189 -16.5467 -14.6249
X  0.2464 -0.2975 -0.9224
Y  0.2145  0.9449 -0.2475
Z  0.9451 -0.1368  0.2966

PART 44
OFFSET  11.3955 -17.0311 -14.5807
X  0.2464 -0.2975 -0.9224
Y  0.2145  0.9449 -0.2475
Z  0.9451 -0.1368  0.2966

PART 45
OFFSET  10.8101 -16.9293 -14.7669
X  0.2464 -0.2975 -0.9224
Y  0.2145  0.9449 -0.2475
Z  0.9451 -0.1368  0.2966

PART 46
OFFSET -75.4020  84.0642  292.0173
X  0.2464 -0.2975 -0.9224
Y  0.2145  0.9449 -0.2475
Z  0.9451 -0.1368  0.2966

PART 47
OFFSET  10.4490 -15.7826 -13.6147
X  0.3098 -0.3061 -0.9002
Y  0.2145  0.9449 -0.2475
Z  0.9263 -0.1164  0.3583

PART 48
OFFSET  8.7828  11.5445 -14.9091
X  0.9671 -0.0660  0.2455
Y  0.0757  0.9967 -0.0304
Z -0.2427  0.0480  0.9689

PART 49
OFFSET  8.7828  11.5445 -14.9091
X  0.9671 -0.0660  0.2455
Y  0.0757  0.9967 -0.0304
Z -0.2427  0.0480  0.9689

PART 50
OFFSET  11.8757  11.4953 -13.7760
X  0.9671 -0.0660  0.2455
Y  0.0757  0.9967 -0.0304
Z -0.2427  0.0480  0.9689

PART 51
OFFSET  9.7830  11.5279 -12.9619
X  0.9671 -0.0660  0.2455
Y  0.0757  0.9967 -0.0304
Z -0.2427  0.0480  0.9689

PART 52
OFFSET -320.3348  5.9563  0.1364
X  0.9998 -0.0013 -0.0204
Y -0.0001  0.9975 -0.0704
Z  0.0204  0.0704  0.9973

PART 53
OFFSET  9.8734  11.4853 -13.6074
X  0.9719 -0.0670  0.2257
Y  0.0757  0.9967 -0.0304
Z -0.2229  0.0466  0.9737

PART 54
OFFSET  9.8474  12.0563 -13.3189
X  0.9719 -0.0670  0.2257
Y  0.0757  0.9967 -0.0304
Z -0.2229  0.0466  0.9737

PART 55
OFFSET  9.7118  12.1105 -12.7046
X  0.9719 -0.0670  0.2257
Y  0.0757  0.9967 -0.0304
Z -0.2229  0.0466  0.9737

PART 56
OFFSET  9.5920  11.5503 -12.3514
X  0.9719 -0.0670  0.2257
Y  0.0757  0.9967 -0.0304
Z -0.2229  0.0466  0.9737

PART 57
OFFSET  9.6237  11.0106 -12.6534
X  0.9719 -0.0670  0.2257
Y  0.0757  0.9967 -0.0304
Z -0.2229  0.0466  0.9737

PART 58
OFFSET  9.7646  10.9667 -13.2848
X  0.9719 -0.0670  0.2257
Y  0.0757  0.9967 -0.0304
Z -0.2229  0.0466  0.9737

PART 59
OFFSET -314.0736  34.1679 -92.9295
X  0.9719 -0.0670  0.2257
Y  0.0757  0.9967 -0.0304
Z -0.2229  0.0466  0.9737

PART 60
OFFSET  8.3940  11.7927 -13.7798
X  0.9546 -0.0636  0.2910
Y  0.0757  0.9967 -0.0304
Z -0.2881  0.0511  0.9562

PART 61
OFFSET -6.9126 -11.3680 -6.6068
X -0.3662  0.4735  0.8011
Y -0.5764 -0.7913  0.2042
Z  0.7306 -0.3869  0.5626

PART 62
OFFSET -2.4843 -17.0939 -16.2953
X -0.7969 -0.1900 -0.5735
Y  0.5914 -0.4393 -0.6762
Z -0.1235 -0.8780  0.4625

PART 63
OFFSET  4.2933 -15.4775 -11.4174
X -0.7969 -0.1900 -0.5735
Y  0.5879 -0.4630 -0.6634
Z -0.1395 -0.8657  0.4807

PART 64
OFFSET  5.1979 -13.9100 -10.3653
X -0.8000 -0.1850 -0.5707
Y  0.1172  0.8848 -0.4511
Z  0.5884 -0.4278 -0.6861

PART 65
OFFSET  4.8660 -13.7760 -9.2779
X -0.8000 -0.1850 -0.5707
Y  0.1172  0.8848 -0.4511
Z  0.5884 -0.4278 -0.6861

PART 66
OFFSET  5.0389 -15.1090 -8.9050
X -0.8000 -0.1850 -0.5707
Y  0.1172  0.8848 -0.4511
Z  0.5884 -0.4278 -0.6861

PART 67
OFFSET  6.7362 -14.8949 -9.6592
X -0.4280  0.5160  0.7420
Y -0.9033 -0.2703 -0.3331
Z  0.0287 -0.8128  0.5818

PART 68
OFFSET  7.7887 -14.5324 -9.9104
X -0.6893 -0.3008  0.6590
Y -0.5974 -0.2786 -0.7520
Z  0.4098 -0.9121  0.0124

PART 69
OFFSET  9.3131 -13.8048 -11.2582
X -0.0143  0.2957  0.9552
Y -0.8877 -0.4433  0.1240
Z  0.4601 -0.8462  0.2689

PART 70
OFFSET  9.2317 -14.2138 -12.8229
X  0.4079  0.3234  0.8538
Y -0.8200 -0.2814  0.4984
Z  0.4015 -0.9034  0.1504

PART 71
OFFSET  8.7861 -14.5175 -13.7615
X -0.1257  0.7611  0.6363
Y -0.2951  0.5837 -0.7564
Z -0.9471 -0.2829  0.1512

PART 72
OFFSET  6.1253 -15.4566 -10.7613
X  0.0298  0.3779  0.9254
Y  0.0762 -0.9240  0.3748
Z  0.9966  0.0593 -0.0564

PART 73
OFFSET  6.1941 -16.1837 -12.8947
X -0.0670 -0.8495  0.5233
Y -0.2730 -0.4889 -0.8285
Z  0.9597 -0.1983 -0.1992

PART 74
OFFSET  6.2889 -14.9810 -13.6356
X -0.2640 -0.9232 -0.2794
Y -0.0767  0.3088 -0.9480
Z  0.9615 -0.2289 -0.1523

PART 75
OFFSET  6.5230 -14.1625 -13.3879
X -0.2639 -0.2820 -0.9224
Y  0.1240  0.9385 -0.3223
Z  0.9566 -0.1994 -0.2127

PART 76
OFFSET  6.7736 -13.8946 -12.5116
X -0.0143 -0.3446  0.9386
Y  0.3842  0.8647  0.3234
Z -0.9231  0.3653  0.1200

PART 77
OFFSET  6.8238 -15.5040 -10.6219
X -0.1584  0.4316  0.8880
Y  0.0961 -0.8884  0.4489
Z  0.9827  0.1564  0.0992

PART 78
OFFSET  7.0909 -16.6670 -12.9316
X  0.0408 -0.8270  0.5607
Y -0.2996 -0.5455 -0.7828
Z  0.9532 -0.1361 -0.2700

PART 79
OFFSET  7.0215 -15.2590 -13.8861
X -0.2568 -0.8471 -0.4653
Y -0.1390  0.5088 -0.8496
Z  0.9564 -0.1535 -0.2484

PART 80
OFFSET  7.3774 -14.0851 -13.2413
X -0.2636 -0.1203 -0.9571
Y  0.1125  0.9816 -0.1544
Z  0.9581 -0.1483 -0.2452

PART 81
OFFSET  7.6633 -13.9545 -12.2033
X  0.1988 -0.4694  0.8603
Y  0.2019  0.8786  0.4327
Z -0.9590  0.0877  0.2695

PART 82
OFFSET  5.7342 -12.9546 -5.9775
X -0.2200  0.3117  0.9243
Y -0.1871  0.9165 -0.3536
Z -0.9574 -0.2507 -0.1433

PART 83
OFFSET  9.0959 -17.0036 -12.0831
X  0.0652 -0.1086  0.9919
Y -0.0245 -0.9939 -0.1072
Z  0.9976 -0.0174 -0.0674

PART 84
OFFSET  8.9811 -16.8125 -13.8295
X  0.0735 -0.2616  0.9624
Y  0.0182 -0.9645 -0.2635
Z  0.9971  0.0368 -0.0661

PART 85
OFFSET  8.9524 -16.4922 -15.0035
X  0.0029 -0.5287  0.8488
Y -0.0031 -0.8488 -0.5287
Z  1.0000 -0.0011 -0.0041

PART 86
OFFSET  8.9491 -15.8950 -15.9623
X  0.2831  0.9381  0.1998
Y -0.1374  0.2458 -0.9595
Z -0.9492  0.2442  0.1985

PART 87
OFFSET  8.0651 -17.0960 -12.4696
X  0.1031 -0.7272  0.6786
Y -0.1147 -0.6864 -0.7181
Z  0.9880 -0.0038 -0.1542

PART 88
OFFSET  7.8637 -15.6754 -13.7954
X -0.0450 -0.9551 -0.2929
Y -0.1882  0.2960 -0.9365
Z  0.9811  0.0130 -0.1930

PART 89
OFFSET  7.9294 -14.2803 -13.3677
X -0.2148 -0.2412 -0.9464
Y -0.1074  0.9690 -0.2226
Z  0.9707  0.0538 -0.2340

PART 90
OFFSET  8.1658 -14.0069 -12.2943
X  0.1712 -0.4374  0.8828
Y  0.1283  0.8983  0.4202
Z -0.9768  0.0413  0.2099

PART 91
OFFSET  0.0000 -0.0000 -0.0000
X  1.0000 -0.0000  0.0000
Y  0.0000  1.0000  0.0000
Z  0.0000 -0.0000  1.0000

PART 92
OFFSET  0.0000 -0.0000 -0.0000
X  1.0000 -0.0000  0.0000
Y  0.0000  1.0000  0.0000
Z  0.0000 -0.0000  1.0000

PART 93
OFFSET  1.5404 -0.0000  4.1357
X  1.0000 -0.0000  0.0000
Y  0.0000  1.0000  0.0000
Z  0.0000 -0.0000  1.0000


FRAME 413
PART 0
OFFSET  0.0000 -0.0000 -0.0000
X  1.0000 -0.0000  0.0000
Y  0.0000  1.0000  0.0000
Z  0.0000 -0.0000  1.0000

PART 1
OFFSET -4.6318 -0.0000 -1.3770
X  1.0000 -0.0000  0.0000
Y  0.0000  1.0000  0.0000
Z  0.0000 -0.0000  1.0000

PART 2
OFFSET -6.9126  11.3680 -6.6068
X  0.0844  0.4007 -0.9123
Y  0.2475 -0.8953 -0.3703
Z -0.9652 -0.1946 -0.1747

PART 3
OFFSET -5.8921  16.2137 -17.6404
X  0.9326 -0.3465  0.1007
Y -0.2288 -0.3521  0.9076
Z -0.2791 -0.8695 -0.4077

PART 4
OFFSET  2.0402  13.2663 -16.7842
X  0.9326 -0.3465  0.1007
Y -0.2374 -0.3791  0.8944
Z -0.2718 -0.8580 -0.4358

PART 5
OFFSET  3.8348  13.9338 -17.2365
X  0.9347 -0.3420  0.0964
Y  0.2797  0.8754  0.3943
Z -0.2192 -0.3416  0.9139

PART 6
OFFSET  3.0695  12.7220 -18.1193
X  0.9347 -0.3420  0.0964
Y  0.2797  0.8754  0.3943
Z -0.2192 -0.3416  0.9139

PART 7
OFFSET  3.7126  12.7618 -14.9240
X  0.9347 -0.3420  0.0964
Y  0.2797  0.8754  0.3943
Z -0.2192 -0.3416  0.9139

PART 8
OFFSET  3.2007  11.5685 -15.2782
X  0.9347 -0.3420  0.0964
Y  0.2797  0.8754  0.3943
Z -0.2192 -0.3416  0.9139

PART 9
OFFSET  2.8928  11.5122 -16.4348
X  0.9347 -0.3420  0.0964
Y  0.2797  0.8754  0.3943
Z -0.2192 -0.3416  0.9139

PART 10
OFFSET  4.8994  12.2040 -16.4755
X  0.8775  0.1480  0.4561
Y -0.3850 -0.3497  0.8541
Z  0.2860 -0.9251 -0.2499

PART 11
OFFSET  5.0400  11.5532 -15.5487
X  0.4820 -0.6432  0.5949
Y -0.7826 -0.0107  0.6225
Z -0.3940 -0.7656 -0.5085

PART 12
OFFSET  5.9801  10.1216 -14.2310
X  0.9988 -0.0228 -0.0435
Y  0.0204 -0.6137  0.7893
Z -0.0447 -0.7892 -0.6125

PART 13
OFFSET  7.5863  10.0330 -14.4169
X  0.8925 -0.0004 -0.4511
Y  0.3694 -0.5732  0.7314
Z -0.2588 -0.8194 -0.5114

PART 14
OFFSET  8.5459  9.9853 -14.9156
X  0.9012  0.4079  0.1463
Y -0.4293  0.7942  0.4301
Z  0.0592 -0.4504  0.8909

PART 15
OFFSET  6.1119  12.5167 -17.0546
X  0.9971  0.0669 -0.0352
Y  0.0533 -0.9523 -0.3004
Z -0.0536  0.2977 -0.9532

PART 16
OFFSET  8.3667  12.5068 -17.0316
X  0.3098 -0.9232 -0.2274
Y -0.9083 -0.3581  0.2164
Z -0.2812  0.1395 -0.9495

PART 17
OFFSET  8.8053  11.1998 -17.3536
X -0.5834 -0.8098  0.0617
Y -0.7750  0.5778  0.2560
Z -0.2429  0.1016 -0.9647

PART 18
OFFSET  8.2880  10.4817 -17.2989
X -0.9569 -0.0141  0.2900
Y  0.0293  0.9890  0.1449
Z -0.2889  0.1472 -0.9460

PART 19
OFFSET  7.3789  10.4683 -17.0234
X  0.7553 -0.6313 -0.1760
Y  0.6014  0.7743 -0.1968
Z  0.2605  0.0428  0.9645

PART 20
OFFSET  6.0091  12.4460 -16.3517
X  0.9550  0.2427  0.1703
Y  0.2845 -0.9117 -0.2964
Z  0.0833  0.3316 -0.9398

PART 21
OFFSET  8.5759  12.7387 -16.0613
X  0.3451 -0.8786 -0.3302
Y -0.8787 -0.4261  0.2152
Z -0.3297  0.2158 -0.9191

PART 22
OFFSET  9.1636  11.2430 -16.6234
X -0.7291 -0.6766  0.1029
Y -0.6091  0.7100  0.3534
Z -0.3121  0.1950 -0.9298

PART 23
OFFSET  8.1531  10.3052 -16.4809
X -0.9296  0.1444  0.3390
Y  0.2021  0.9691  0.1414
Z -0.3081  0.1999 -0.9301

PART 24
OFFSET  7.1449  10.4618 -16.1132
X  0.6311 -0.6621 -0.4043
Y  0.7114  0.7017 -0.0387
Z  0.3093 -0.2632  0.9138

PART 25
OFFSET  7.1465  11.6092 -13.8472
X  0.9796 -0.0503  0.1945
Y -0.0334  0.9138  0.4048
Z -0.1981 -0.4031  0.8935

PART 26
OFFSET  7.9220  12.8608 -13.9611
X  0.9362 -0.3237 -0.1371
Y -0.3453 -0.9201 -0.1849
Z -0.0663  0.2204 -0.9732

PART 27
OFFSET  9.5703  12.2908 -14.2025
X  0.8667 -0.4455 -0.2244
Y -0.4897 -0.8456 -0.2123
Z -0.0952  0.2939 -0.9511

PART 28
OFFSET  10.6297  11.7313 -14.4175
X  0.6951 -0.7009 -0.1598
Y -0.7189 -0.6780 -0.1533
Z -0.0008  0.2214 -0.9752

PART 29
OFFSET  11.4148  10.9396 -14.5980
X  0.4225  0.9025 -0.0839
Y -0.8716  0.4299  0.2355
Z  0.2486 -0.0264  0.9682

PART 30
OFFSET  8.2974  13.0585 -14.9811
