// Export filename: `C:\projects\cod\t5\xanim_export\t5_viewmodels\python\python_sw_dtp_loop.XANIM_EXPORT`
// Source filename: `D:\projects\devanim\t5\animation_assets\viewmodels/python/makarov_sw_dtp_loop.fbx`
// Export time: Thu Feb 18 16:49:44 2010

ANIMATION
VERSION 3

NUMPARTS 81
PART 0 "tag_view"
PART 1 "tag_torso"
PART 2 "J_Shoulder_LE"
PART 3 "J_Elbow_LE"
PART 4 "J_WristTwist_LE"
PART 5 "J_Sleave_Reshape_Bottom_LE_1"
PART 6 "J_Sleave_Reshape_Bottom_LE_2"
PART 7 "J_Sleave_Reshape_Top_LE_1"
PART 8 "J_Sleave_Reshape_Top_LE_2"
PART 9 "J_Sleave_Reshape_Top_LE_3"
PART 10 "J_Wrist_LE"
PART 11 "J_Thumb_LE_0"
PART 12 "J_Thumb_LE_1"
PART 13 "J_Thumb_LE_2"
PART 14 "J_Thumb_LE_3"
PART 15 "J_PinkyPalm_LE"
PART 16 "J_Pinky_LE_0"
PART 17 "J_Pinky_LE_1"
PART 18 "J_Pinky_LE_2"
PART 19 "J_Pinky_LE_3"
PART 20 "J_RingPalm_LE"
PART 21 "J_Ring_LE_0"
PART 22 "J_Ring_LE_1"
PART 23 "J_Ring_LE_2"
PART 24 "J_Ring_LE_3"
PART 25 "J_Webbing_LE"
PART 26 "J_Index_LE_0"
PART 27 "J_Index_LE_1"
PART 28 "J_Index_LE_2"
PART 29 "J_Index_LE_3"
PART 30 "J_Mid_LE_0"
PART 31 "J_Mid_LE_1"
PART 32 "J_Mid_LE_2"
PART 33 "J_Mid_LE_3"
PART 34 "tag_knife_attach"
PART 35 "tag_weapon"
PART 36 "J_Gun"
PART 37 "TAG_CLIP"
PART 38 "J_Bolt"
PART 39 "tag_speedloader"
PART 40 "tag_spent0"
PART 41 "tag_spent1"
PART 42 "tag_spent2"
PART 43 "tag_spent3"
PART 44 "tag_spent4"
PART 45 "tag_spent5"
PART 46 "tag_bullets"
PART 47 "J_Press_Rear"
PART 48 "J_Shoulder_RI"
PART 49 "J_Elbow_RI"
PART 50 "J_WristTwist_RI"
PART 51 "J_Sleave_Reshape_Top_RI_3"
PART 52 "J_Sleave_Reshape_Top_RI_2"
PART 53 "J_Sleave_Reshape_Top_RI_1"
PART 54 "J_Wrist_RI"
PART 55 "J_Thumb_RI_0"
PART 56 "J_Thumb_RI_1"
PART 57 "J_Thumb_RI_2"
PART 58 "J_Thumb_RI_3"
PART 59 "J_PinkyPalm_RI"
PART 60 "J_Pinky_RI_0"
PART 61 "J_Pinky_RI_1"
PART 62 "J_Pinky_RI_2"
PART 63 "J_Pinky_RI_3"
PART 64 "J_RingPalm_RI"
PART 65 "J_Ring_RI_0"
PART 66 "J_Ring_RI_1"
PART 67 "J_Ring_RI_2"
PART 68 "J_Ring_RI_3"
PART 69 "J_Webbing_RI"
PART 70 "J_Index_RI_0"
PART 71 "J_Index_RI_1"
PART 72 "J_Index_RI_2"
PART 73 "J_Index_RI_3"
PART 74 "J_Mid_RI_0"
PART 75 "J_Mid_RI_1"
PART 76 "J_Mid_RI_2"
PART 77 "J_Mid_RI_3"
PART 78 "tag_cambone"
PART 79 "tag_camera"
PART 80 "tag_gasmask"

FRAMERATE 30
NUMFRAMES 16

FRAME 20
PART 0
OFFSET  0.0000 -0.0000  0.0000
X  1.0000 -0.0000  0.0000
Y  0.0000  1.0000  0.0000
Z  0.0000 -0.0000  1.0000

PART 1
OFFSET -4.6318 -0.0000 -1.3770
X  1.0000 -0.0000  0.0000
Y  0.0000  1.0000  0.0000
Z  0.0000 -0.0000  1.0000

PART 2
OFFSET -4.1667  11.8019 -9.5729
X  0.7997  0.5181 -0.3035
Y  0.3803 -0.8282 -0.4116
Z -0.4647  0.2137 -0.8593

PART 3
OFFSET  5.5042  18.0677 -13.2438
X  0.8586 -0.3558  0.3690
Y -0.5046 -0.7135  0.4861
Z  0.0904 -0.6036 -0.7922

PART 4
OFFSET  12.8070  15.0412 -10.1049
X  0.8586 -0.3558  0.3690
Y -0.3901 -0.9206  0.0200
Z  0.3326 -0.1611 -0.9292

PART 5
OFFSET  14.3950  15.9954 -9.0958
X  0.8613 -0.3499  0.3684
Y -0.0856  0.6147  0.7841
Z -0.5008 -0.7069  0.4995

PART 6
OFFSET  14.3773  15.1355 -10.9195
X  0.8613 -0.3499  0.3684
Y -0.0856  0.6147  0.7841
Z -0.5008 -0.7069  0.4995

PART 7
OFFSET  13.6194  13.9047 -7.8855
X  0.8613 -0.3499  0.3684
Y -0.0856  0.6147  0.7841
Z -0.5008 -0.7069  0.4995

PART 8
OFFSET  13.6121  13.0886 -8.9268
X  0.8613 -0.3499  0.3684
Y -0.0856  0.6147  0.7841
Z -0.5008 -0.7069  0.4995

PART 9
OFFSET  13.7720  13.3108 -10.1215
X  0.8613 -0.3499  0.3684
Y -0.0856  0.6147  0.7841
Z -0.5008 -0.7069  0.4995

PART 10
OFFSET  15.4392  13.9504 -8.9735
X  0.5852 -0.5563  0.5900
Y -0.6119 -0.7803 -0.1288
Z  0.5320 -0.2857 -0.7971

PART 11
OFFSET  15.3303  12.8298 -9.1597
X  0.0698 -0.9605  0.2694
Y -0.9928 -0.0933 -0.0754
Z  0.0975 -0.2621 -0.9601

PART 12
OFFSET  15.3874  10.7332 -8.6394
X  0.5840 -0.4186  0.6954
Y -0.4386 -0.8837 -0.1636
Z  0.6830 -0.2094 -0.6997

PART 13
OFFSET  16.4329  10.0866 -7.5853
X  0.8620 -0.4678 -0.1954
Y -0.4780 -0.8784 -0.0056
Z -0.1690  0.0982 -0.9807

PART 14
OFFSET  17.3491  9.5703 -7.8416
X  0.6464 -0.5894  0.4846
Y -0.2263  0.4584  0.8595
Z -0.7287 -0.6652  0.1629

PART 15
OFFSET  16.6972  14.2575 -8.4974
X  0.8970 -0.0409  0.4401
Y  0.4025 -0.3358 -0.8516
Z  0.1826  0.9411 -0.2848

PART 16
OFFSET  18.7354  13.9874 -7.5716
X  0.8248 -0.1334  0.5494
Y  0.5172 -0.2143 -0.8286
Z  0.2283  0.9676 -0.1077

PART 17
OFFSET  19.9032  13.7985 -6.7938
X  0.9376 -0.2338  0.2573
Y  0.2342 -0.1221 -0.9645
Z  0.2569  0.9646 -0.0597

PART 18
OFFSET  20.7345  13.5912 -6.5656
X  0.9628 -0.2689 -0.0271
Y -0.0599 -0.1144 -0.9916
Z  0.2635  0.9564 -0.1263

PART 19
OFFSET  21.6492  13.3358 -6.5914
X -0.7369  0.1392  0.6615
Y -0.6315  0.2075 -0.7471
Z -0.2412 -0.9683 -0.0650

PART 20
OFFSET  16.3449  13.6564 -8.3420
X  0.7480 -0.2915  0.5962
Y  0.5463 -0.2397 -0.8026
Z  0.3768  0.9261 -0.0201

PART 21
OFFSET  18.3302  13.0429 -6.7798
X  0.8408 -0.3221  0.4352
Y  0.3827 -0.2151 -0.8985
Z  0.3830  0.9219 -0.0575

PART 22
OFFSET  19.7616  12.4945 -6.0389
X  0.8957 -0.3841  0.2239
Y  0.1924 -0.1191 -0.9741
Z  0.4008  0.9156 -0.0328

PART 23
OFFSET  21.0030  11.9621 -5.7286
X  0.8809 -0.3678  0.2980
Y  0.2590 -0.1525 -0.9538
Z  0.3962  0.9173 -0.0390

PART 24
OFFSET  21.9583  11.5632 -5.4054
X -0.8502  0.4336  0.2987
Y -0.3099  0.0466 -0.9496
Z -0.4256 -0.8999  0.0947

PART 25
OFFSET  16.5563  10.8433 -7.7864
X  0.8169 -0.4519  0.3584
Y -0.3626  0.0810  0.9284
Z -0.4486 -0.8884 -0.0977

PART 26
OFFSET  17.0601  11.3004 -6.4755
X  0.7556 -0.5789  0.3064
Y  0.1797 -0.2667 -0.9469
Z  0.6299  0.7706 -0.0975

PART 27
OFFSET  18.3905  10.2811 -5.9360
X  0.8632 -0.4052  0.3013
Y  0.2221 -0.2313 -0.9472
Z  0.4535  0.8845 -0.1096

PART 28
OFFSET  19.4123  9.7348 -5.5631
X  0.6717 -0.5818  0.4586
Y  0.3133 -0.3379 -0.8875
Z  0.6713  0.7398 -0.0447

PART 29
OFFSET  20.1710  9.0776 -5.0450
X -0.3127  0.7025  0.6393
Y -0.6307  0.3497 -0.6928
Z -0.7102 -0.6198  0.3338

PART 30
OFFSET  17.7570  12.1550 -6.5417
X  0.8071 -0.4763  0.3490
Y  0.3130 -0.1561 -0.9368
Z  0.5007  0.8653  0.0231

PART 31
OFFSET  19.3337  11.2245 -5.8599
X  0.8608 -0.4616  0.2141
Y  0.1717 -0.1325 -0.9762
Z  0.4790  0.8771 -0.0348

PART 32
OFFSET  20.5910  10.5502 -5.5472
X  0.8748 -0.4396  0.2038
Y  0.1525 -0.1495 -0.9769
Z  0.4599  0.8857 -0.0637

PART 33
OFFSET  21.5849  10.0587 -5.3161
X -0.7976  0.3759  0.4718
Y -0.4108  0.2342 -0.8811
Z -0.4417 -0.8966 -0.0323

PART 34
OFFSET  18.1661  12.4271 -8.5190
X  0.3643  0.9270 -0.0891
Y -0.5320  0.2857  0.7971
Z  0.7643 -0.2430  0.5973

PART 35
OFFSET  14.6467 -5.2789 -9.8885
X  0.9124  0.0100 -0.4092
Y -0.2090  0.8709 -0.4448
Z  0.3520  0.4914  0.7967

PART 36
OFFSET  14.6467 -5.2789 -9.8885
X  0.9124  0.0100 -0.4092
Y -0.2090  0.8709 -0.4448
Z  0.3520  0.4914  0.7967

PART 37
OFFSET  17.7224 -4.9455 -11.0202
X  0.9124  0.0100 -0.4092
Y -0.2090  0.8709 -0.4448
Z  0.3520  0.4914  0.7967

PART 38
OFFSET  16.5448 -4.4570 -9.1715
X  0.9124  0.0100 -0.4092
Y -0.2090  0.8709 -0.4448
Z  0.3520  0.4914  0.7967

PART 39
OFFSET -115.8484 -40.1741 -7.2820
X  0.9050 -0.0001 -0.4254
Y -0.2090  0.8709 -0.4448
Z  0.3705  0.4915  0.7881

PART 40
OFFSET  16.3010 -4.7646 -9.6583
X  0.9050 -0.0001 -0.4254
Y -0.2090  0.8709 -0.4448
Z  0.3705  0.4915  0.7881

PART 41
OFFSET  16.3031 -4.1479 -9.6571
X  0.9050 -0.0001 -0.4254
Y -0.2090  0.8709 -0.4448
Z  0.3705  0.4915  0.7881

PART 42
OFFSET  16.5392 -3.8308 -9.1615
X  0.9050 -0.0001 -0.4254
Y -0.2090  0.8709 -0.4448
Z  0.3705  0.4915  0.7881

PART 43
OFFSET  16.7692 -4.1501 -8.6759
X  0.9050 -0.0001 -0.4254
Y -0.2090  0.8709 -0.4448
Z  0.3705  0.4915  0.7881

PART 44
OFFSET  16.7666 -4.7698 -8.6784
X  0.9050 -0.0001 -0.4254
Y -0.2090  0.8709 -0.4448
Z  0.3705  0.4915  0.7881

PART 45
OFFSET  16.5332 -5.0740 -9.1684
X  0.9050 -0.0001 -0.4254
Y -0.2090  0.8709 -0.4448
Z  0.3705  0.4915  0.7881

PART 46
OFFSET -114.1718 -40.1742 -8.0702
X  0.9050 -0.0001 -0.4254
Y -0.2090  0.8709 -0.4448
Z  0.3705  0.4915  0.7881

PART 47
OFFSET  14.9258 -4.5302 -8.9667
X  0.9124  0.0100 -0.4092
Y -0.2090  0.8709 -0.4448
Z  0.3520  0.4914  0.7967

PART 48
OFFSET -7.9667 -7.0352 -5.8434
X -0.7232  0.5735  0.3849
Y -0.2352 -0.7284  0.6435
Z  0.6494  0.3748  0.6617

PART 49
OFFSET  0.7795 -13.9707 -10.4981
X -0.7860 -0.5926 -0.1762
Y  0.6047 -0.6776 -0.4187
Z  0.1287 -0.4356  0.8909

PART 50
OFFSET  7.4647 -8.9306 -8.9991
X -0.7860 -0.5926 -0.1762
Y  0.5498 -0.5396 -0.6377
Z  0.2828 -0.5981  0.7499

PART 51
OFFSET  7.9991 -7.0748 -9.4556
X -0.7901 -0.5869 -0.1770
Y -0.1354  0.4487 -0.8833
Z  0.5978 -0.6740 -0.4340

PART 52
OFFSET  7.7977 -6.4601 -8.4483
X -0.7901 -0.5869 -0.1770
Y -0.1354  0.4487 -0.8833
Z  0.5978 -0.6740 -0.4340

PART 53
OFFSET  8.1822 -7.1338 -7.3400
X -0.7901 -0.5869 -0.1770
Y -0.1354  0.4487 -0.8833
Z  0.5978 -0.6740 -0.4340

PART 54
OFFSET  9.8743 -7.1139 -8.4589
X -0.9914 -0.0667  0.1127
Y -0.0377 -0.6785 -0.7336
Z  0.1254 -0.7315  0.6702

PART 55
OFFSET  10.3054 -6.1289 -8.0770
X -0.6626 -0.7464  0.0612
Y  0.2983 -0.3380 -0.8926
Z  0.6870 -0.5732  0.4466

PART 56
OFFSET  11.6673 -4.4525 -8.1449
X -0.7822  0.0082  0.6229
Y -0.3519 -0.8310 -0.4309
Z  0.5141 -0.5563  0.6529

PART 57
OFFSET  12.8515 -4.4528 -9.2493
X -0.2335  0.5107  0.8274
Y -0.7746 -0.6121  0.1592
Z  0.5878 -0.6037  0.5385

PART 58
OFFSET  13.0903 -4.9670 -10.1714
X -0.7096  0.6387  0.2977
Y -0.0798  0.3469 -0.9345
Z -0.7001 -0.6869 -0.1951

PART 59
OFFSET  10.6475 -7.6363 -9.4753
X -0.8158  0.0691  0.5742
Y  0.3489 -0.7330  0.5839
Z  0.4613  0.6767  0.5739

PART 60
OFFSET  12.5048 -7.6032 -10.7534
X -0.1039 -0.7807  0.6162
Y  0.7977 -0.4354 -0.4172
Z  0.5941  0.4482  0.6680

PART 61
OFFSET  12.6516 -6.4978 -11.6259
X  0.6028 -0.7978 -0.0121
Y  0.5599  0.4337 -0.7060
Z  0.5685  0.4188  0.7081

PART 62
OFFSET  12.1173 -5.7905 -11.6151
X  0.7787 -0.1389 -0.6118
Y -0.1861  0.8801 -0.4368
Z  0.5991  0.4540  0.6595

PART 63
OFFSET  11.3775 -5.6585 -11.0339
X -0.5654 -0.5119  0.6467
Y -0.5659  0.8112  0.1473
Z -0.6001 -0.2827 -0.7483

PART 64
OFFSET  10.9081 -7.2729 -8.9189
X -0.9109  0.0015  0.4127
Y  0.2885 -0.7127  0.6394
Z  0.2951  0.7014  0.6488

PART 65
OFFSET  13.2347 -7.3968 -10.0723
X -0.0913 -0.7028  0.7055
Y  0.7932 -0.4797 -0.3751
Z  0.6021  0.5254  0.6013

PART 66
OFFSET  13.3901 -6.2002 -11.2736
X  0.7261 -0.6733 -0.1391
Y  0.3484  0.5348 -0.7698
Z  0.5927  0.5105  0.6229

PART 67
OFFSET  12.3837 -5.2669 -11.0809
X  0.7239  0.0097 -0.6899
Y -0.3609  0.8575 -0.3666
Z  0.5880  0.5144  0.6242

PART 68
OFFSET  11.5987 -5.2774 -10.3327
X -0.3580 -0.4725  0.8054
Y -0.7355  0.6741  0.0685
Z -0.5753 -0.5678 -0.5888

PART 69
OFFSET  5.8475 -7.2096 -7.0101
X -0.8906 -0.1348  0.4343
Y -0.4094  0.6534 -0.6367
Z -0.1979 -0.7449 -0.6372

PART 70
OFFSET  13.8125 -6.6143 -8.0959
X -0.6867 -0.2802  0.6707
Y  0.6020 -0.7364  0.3087
Z  0.4074  0.6158  0.6744

PART 71
OFFSET  15.0216 -6.1210 -9.2768
X -0.1427 -0.6563  0.7409
Y  0.9150 -0.3730 -0.1541
Z  0.3774  0.6559  0.6537

PART 72
OFFSET  15.2180 -5.2833 -10.1378
X  0.0981 -0.7814  0.6163
Y  0.9177 -0.1685 -0.3598
Z  0.3850  0.6009  0.7005

PART 73
OFFSET  15.1072 -4.4007 -10.8339
X -0.7521  0.5755  0.3212
Y  0.1302  0.6075 -0.7836
Z -0.6461 -0.5475 -0.5318

PART 74
OFFSET  13.6432 -7.2264 -8.9999
X -0.2032 -0.6332  0.7468
Y  0.8773 -0.4565 -0.1483
Z  0.4348  0.6250  0.6483

PART 75
OFFSET  14.0402 -5.9894 -10.4588
X  0.7368 -0.6612  0.1414
Y  0.4978  0.3890 -0.7752
Z  0.4575  0.6415  0.6157

PART 76
OFFSET  12.9639 -5.0237 -10.6656
X  0.7926 -0.0293 -0.6091
Y -0.3965  0.7342 -0.5512
Z  0.4633  0.6783  0.5703

PART 77
OFFSET  12.0627 -4.9949 -9.9801
X -0.3841 -0.4898  0.7826
Y -0.7768  0.6296  0.0128
Z -0.4991 -0.6030 -0.6224

PART 78
OFFSET  0.0000 -0.0000  0.0000
X  1.0000 -0.0000  0.0000
Y  0.0000  1.0000  0.0000
Z  0.0000 -0.0000  1.0000

PART 79
OFFSET  0.0000 -0.0000 -0.0000
X  1.0000 -0.0000  0.0000
Y  0.0000  1.0000  0.0000
Z  0.0000 -0.0000  1.0000

PART 80
OFFSET  1.5404 -0.0000  4.1357
X  1.0000 -0.0000  0.0000
Y  0.0000  1.0000  0.0000
Z  0.0000 -0.0000  1.0000


FRAME 21
PART 0
OFFSET  0.0000 -0.0000  0.0000
X  1.0000 -0.0000  0.0000
Y  0.0000  1.0000  0.0000
Z  0.0000 -0.0000  1.0000

PART 1
OFFSET -4.6318 -0.0000 -1.3770
X  1.0000 -0.0000  0.0000
Y  0.0000  1.0000  0.0000
Z  0.0000 -0.0000  1.0000

PART 2
OFFSET -4.3088  12.0537 -9.2843
X  0.8071  0.5066 -0.3032
Y  0.3630 -0.8309 -0.4218
Z -0.4655  0.2303 -0.8545

PART 3
OFFSET  5.4527  18.1801 -12.9508
X  0.7996 -0.4424  0.4061
Y -0.5958 -0.6689  0.4445
Z  0.0750 -0.5974 -0.7984

PART 4
OFFSET  12.2537  14.4176 -9.4965
X  0.7996 -0.4424  0.4061
Y -0.4785 -0.8779 -0.0141
Z  0.3628 -0.1831 -0.9137

PART 5
OFFSET  13.8687  15.1992 -8.3867
X  0.8029 -0.4367  0.4057
Y -0.0688  0.6082  0.7908
Z -0.5921 -0.6629  0.4583

PART 6
OFFSET  13.8674  14.3726 -10.2258
X  0.8029 -0.4367  0.4057
Y -0.0688  0.6082  0.7908
Z -0.5921 -0.6629  0.4583

PART 7
OFFSET  12.8331  13.1748 -7.2612
X  0.8029 -0.4367  0.4057
Y -0.0688  0.6082  0.7908
Z -0.5921 -0.6629  0.4583

PART 8
OFFSET  12.8043  12.3790 -8.3177
X  0.8029 -0.4367  0.4057
Y -0.0688  0.6082  0.7908
Z -0.5921 -0.6629  0.4583

PART 9
OFFSET  13.0488  12.6028 -9.4977
X  0.8029 -0.4367  0.4057
Y -0.0688  0.6082  0.7908
Z -0.5921 -0.6629  0.4583

PART 10
OFFSET  14.7050  13.0615 -8.2514
X  0.5164 -0.6116  0.5994
Y -0.6719 -0.7233 -0.1591
Z  0.5309 -0.3206 -0.7845

PART 11
OFFSET  14.5069  11.9567 -8.4575
X -0.0211 -0.9662  0.2571
Y -0.9942 -0.0069 -0.1073
Z  0.1054 -0.2579 -0.9604

PART 12
OFFSET  14.3680  9.8568 -7.9669
X  0.5237 -0.4757  0.7068
Y -0.5070 -0.8407 -0.1901
Z  0.6846 -0.2588 -0.6814

PART 13
OFFSET  15.3203  9.1101 -6.8909
X  0.8245 -0.5378 -0.1757
Y -0.5510 -0.8338 -0.0333
Z -0.1286  0.1243 -0.9839

PART 14
OFFSET  16.1967  8.5199 -7.1265
X  0.5777 -0.6487  0.4954
Y -0.2135  0.4657  0.8588
Z -0.7878 -0.6019  0.1306

PART 15
OFFSET  15.9688  13.2536 -7.7324
X  0.8758 -0.1230  0.4668
Y  0.3993 -0.3587 -0.8437
Z  0.2713  0.9253 -0.2650

PART 16
OFFSET  17.9459  12.7984 -6.7484
X  0.7925 -0.2104  0.5724
Y  0.5232 -0.2477 -0.8154
Z  0.3133  0.9457 -0.0863

PART 17
OFFSET  19.0680  12.5006 -5.9379
X  0.9056 -0.3165  0.2825
Y  0.2536 -0.1299 -0.9585
Z  0.3401  0.9397 -0.0374

PART 18
OFFSET  19.8709  12.2200 -5.6875
X  0.9367 -0.3501 -0.0015
Y -0.0378 -0.0968 -0.9946
Z  0.3481  0.9317 -0.1039

PART 19
OFFSET  20.7608  11.8874 -5.6890
X -0.7431  0.1938  0.6405
Y -0.5873  0.2700 -0.7630
Z -0.3208 -0.9432 -0.0868

PART 20
OFFSET  15.5617  12.6832 -7.5968
X  0.7010 -0.3618  0.6146
Y  0.5492 -0.2759 -0.7889
Z  0.4550  0.8905  0.0053

PART 21
OFFSET  17.4365  11.8825 -5.9835
X  0.7958 -0.3984  0.4560
Y  0.3913 -0.2362 -0.8894
Z  0.4621  0.8863 -0.0321

PART 22
OFFSET  18.7914  11.2042 -5.2072
X  0.8520 -0.4624  0.2456
Y  0.2125 -0.1233 -0.9694
Z  0.4785  0.8781 -0.0068

PART 23
OFFSET  19.9722  10.5634 -4.8668
X  0.8362 -0.4457  0.3195
Y  0.2753 -0.1626 -0.9475
Z  0.4743  0.8803 -0.0132

PART 24
OFFSET  20.8791  10.0800 -4.5204
X -0.8191  0.5014  0.2788
Y -0.2743  0.0846 -0.9579
Z -0.5038 -0.8611  0.0683

PART 25
OFFSET  15.5143  9.8558 -7.0768
X  0.7634 -0.5247  0.3766
Y -0.3838  0.1005  0.9179
Z -0.5195 -0.8453 -0.1246

PART 26
OFFSET  16.0132  10.2519 -5.7444
X  0.6933 -0.6453  0.3209
Y  0.1864 -0.2696 -0.9448
Z  0.6962  0.7148 -0.0666

PART 27
OFFSET  17.2338  9.1158 -5.1794
X  0.8153 -0.4814  0.3216
Y  0.2316 -0.2379 -0.9433
Z  0.5306  0.8436 -0.0825

PART 28
OFFSET  18.1927  8.4792 -4.7834
X  0.6046 -0.6428  0.4704
Y  0.3115 -0.3527 -0.8824
Z  0.7331  0.6800 -0.0130

PART 29
OFFSET  18.8756  7.7531 -4.2521
X -0.2718  0.7190  0.6397
Y -0.5761  0.4109 -0.7066
Z -0.7709 -0.5606  0.3025

PART 30
OFFSET  16.7823  11.0443 -5.7764
X  0.7519 -0.5480  0.3665
Y  0.3282 -0.1710 -0.9290
Z  0.5718  0.8188  0.0513

PART 31
OFFSET  18.2511  9.9737 -5.0604
X  0.8110 -0.5364  0.2336
Y  0.1909 -0.1349 -0.9723
Z  0.5530  0.8331 -0.0070

PART 32
OFFSET  19.4357  9.1903 -4.7191
X  0.8271 -0.5155  0.2241
Y  0.1703 -0.1501 -0.9739
Z  0.5357  0.8436 -0.0364

PART 33
OFFSET  20.3761  8.6125 -4.4649
X -0.7772  0.4372  0.4526
Y -0.3610  0.2793 -0.8898
Z -0.5154 -0.8549 -0.0592

PART 34
OFFSET  17.2761  11.3044 -7.7359
X  0.4448  0.8933 -0.0641
Y -0.5309  0.3206  0.7845
Z  0.7213 -0.3149  0.6168

PART 35
OFFSET  14.6364 -5.1229 -9.4332
X  0.9213  0.0114 -0.3888
Y -0.1992  0.8724 -0.4464
Z  0.3341  0.4887  0.8059

PART 36
OFFSET  14.6364 -5.1229 -9.4332
X  0.9213  0.0114 -0.3888
Y -0.1992  0.8724 -0.4464
Z  0.3341  0.4887  0.8059

PART 37
OFFSET  17.7365 -4.7856 -10.4950
X  0.9213  0.0114 -0.3888
Y -0.1992  0.8724 -0.4464
Z  0.3341  0.4887  0.8059

PART 38
OFFSET  16.5180 -4.3034 -8.6713
X  0.9213  0.0114 -0.3888
Y -0.1992  0.8724 -0.4464
Z  0.3341  0.4887  0.8059

PART 39
OFFSET -115.8807 -40.0309 -9.8503
X  0.9142  0.0014 -0.4052
Y -0.1992  0.8724 -0.4464
Z  0.3528  0.4888  0.7978

PART 40
OFFSET  16.2851 -4.6093 -9.1645
X  0.9142  0.0014 -0.4052
Y -0.1992  0.8724 -0.4464
Z  0.3528  0.4888  0.7978

PART 41
OFFSET  16.2871 -3.9926 -9.1612
X  0.9142  0.0014 -0.4052
Y -0.1992  0.8724 -0.4464
Z  0.3528  0.4888  0.7978

PART 42
OFFSET  16.5121 -3.6772 -8.6593
X  0.9142  0.0014 -0.4052
Y -0.1992  0.8724 -0.4464
Z  0.3528  0.4888  0.7978

PART 43
OFFSET  16.7312 -3.9981 -8.1698
X  0.9142  0.0014 -0.4052
Y -0.1992  0.8724 -0.4464
Z  0.3528  0.4888  0.7978

PART 44
OFFSET  16.7288 -4.6178 -8.1745
X  0.9142  0.0014 -0.4052
Y -0.1992  0.8724 -0.4464
Z  0.3528  0.4888  0.7978

PART 45
OFFSET  16.5063 -4.9203 -8.6706
X  0.9142  0.0014 -0.4052
Y -0.1992  0.8724 -0.4464
Z  0.3528  0.4888  0.7978

PART 46
OFFSET -114.1869 -40.0283 -10.6010
X  0.9142  0.0014 -0.4052
Y -0.1992  0.8724 -0.4464
Z  0.3528  0.4888  0.7978

PART 47
OFFSET  14.8948 -4.3773 -8.5029
X  0.9213  0.0114 -0.3888
Y -0.1992  0.8724 -0.4464
Z  0.3341  0.4887  0.8059

PART 48
OFFSET -7.9595 -7.0061 -5.5695
X -0.7238  0.5633  0.3986
Y -0.2365 -0.7451  0.6236
Z  0.6483  0.3570  0.6725

PART 49
OFFSET  0.7936 -13.8184 -10.3901
X -0.7813 -0.5925 -0.1965
Y  0.6112 -0.6620 -0.4339
Z  0.1270 -0.4591  0.8793

PART 50
OFFSET  7.4385 -8.7792 -8.7188
X -0.7813 -0.5925 -0.1965
Y  0.5648 -0.5370 -0.6265
Z  0.2657 -0.6005  0.7542

PART 51
OFFSET  7.9632 -6.9082 -9.1214
X -0.7854 -0.5868 -0.1971
Y -0.1339  0.4719 -0.8714
Z  0.6043 -0.6580 -0.4492

PART 52
OFFSET  7.7528 -6.3224 -8.0989
X -0.7854 -0.5868 -0.1971
Y -0.1339  0.4719 -0.8714
Z  0.6043 -0.6580 -0.4492

PART 53
OFFSET  8.1359 -7.0241 -7.0074
X -0.7854 -0.5868 -0.1971
Y -0.1339  0.4719 -0.8714
Z  0.6043 -0.6580 -0.4492

PART 54
OFFSET  9.8336 -6.9628 -8.1163
X -0.9936 -0.0671  0.0904
Y -0.0213 -0.6761 -0.7365
Z  0.1105 -0.7338  0.6703

PART 55
OFFSET  10.2558 -5.9790 -7.7216
X -0.6564 -0.7532  0.0421
Y  0.3257 -0.3333 -0.8848
Z  0.6805 -0.5671  0.4641

PART 56
OFFSET  11.6019 -4.2887 -7.7501
X -0.7988 -0.0009  0.6016
Y -0.3316 -0.8337 -0.4416
Z  0.5020 -0.5522  0.6656

PART 57
OFFSET  12.8152 -4.2748 -8.8223
X -0.2610  0.5067  0.8217
Y -0.7723 -0.6202  0.1373
Z  0.5792 -0.5987  0.5532

PART 58
OFFSET  13.0840 -4.7848 -9.7384
X -0.7238  0.6309  0.2795
Y -0.0581  0.3478 -0.9358
Z -0.6875 -0.6936 -0.2151

PART 59
OFFSET  10.6293 -7.4817 -9.1170
X -0.8284  0.0672  0.5561
Y  0.3358 -0.7350  0.5891
Z  0.4483  0.6747  0.5863

PART 60
OFFSET  12.5148 -7.4440 -10.3530
X -0.1175 -0.7828  0.6111
Y  0.8068 -0.4340 -0.4008
Z  0.5790  0.4460  0.6825

PART 61
OFFSET  12.6812 -6.3358 -11.2182
X  0.6030 -0.7978 -0.0014
Y  0.5754  0.4361 -0.6919
Z  0.5526  0.4164  0.7220

PART 62
OFFSET  12.1466 -5.6284 -11.2169
X  0.7922 -0.1369 -0.5948
Y -0.1764  0.8816 -0.4378
Z  0.5843  0.4518  0.6742

PART 63
OFFSET  11.3940 -5.4984 -10.6519
X -0.5796 -0.5141  0.6323
Y -0.5691  0.8107  0.1374
Z -0.5832 -0.2802 -0.7625

PART 64
OFFSET  10.8773 -7.1201 -8.5537
X -0.9198  0.0001  0.3923
Y  0.2743 -0.7149  0.6432
Z  0.2805  0.6993  0.6575

PART 65
OFFSET  13.2291 -7.2401 -9.6553
X -0.1070 -0.7051  0.7010
Y  0.8014 -0.4784 -0.3590
Z  0.5885  0.5234  0.6163

PART 66
OFFSET  13.4112 -6.0395 -10.8485
X  0.7291 -0.6728 -0.1252
Y  0.3654  0.5374 -0.7600
Z  0.5787  0.5084  0.6377

PART 67
OFFSET  12.4006 -5.1070 -10.6752
X  0.7390  0.0120 -0.6736
Y -0.3528  0.8587 -0.3717
Z  0.5739  0.5123  0.6389

PART 68
OFFSET  11.5991 -5.1201 -9.9447
X -0.3758 -0.4752  0.7956
Y -0.7369  0.6738  0.0544
Z -0.5619 -0.5659 -0.6034

PART 69
OFFSET  5.7754 -7.0637 -6.7582
X -0.9001 -0.1363  0.4139
Y -0.3952  0.6556 -0.6435
Z -0.1836 -0.7427 -0.6439

PART 70
OFFSET  13.7626 -6.4643 -7.6639
X -0.6964 -0.2755  0.6627
Y  0.5951 -0.7379  0.3185
Z  0.4012  0.6162  0.6778

PART 71
OFFSET  14.9887 -5.9790 -8.8306
X -0.1905 -0.6383  0.7458
Y  0.9086 -0.4022 -0.1122
Z  0.3716  0.6563  0.6566

PART 72
OFFSET  15.2428 -5.1632 -9.6974
X  0.0642 -0.7754  0.6282
Y  0.9245 -0.1908 -0.3300
Z  0.3758  0.6019  0.7046

PART 73
OFFSET  15.1703 -4.2874 -10.4070
X -0.7498  0.5940  0.2916
Y  0.1656  0.5950 -0.7865
Z -0.6407 -0.5414 -0.5445

PART 74
OFFSET  13.6136 -7.0732 -8.5735
X -0.2197 -0.6357  0.7400
Y  0.8804 -0.4559 -0.1303
Z  0.4202  0.6229  0.6599

PART 75
OFFSET  14.0428 -5.8312 -10.0190
X  0.7335 -0.6616  0.1555
Y  0.5149  0.3916 -0.7626
Z  0.4436  0.6395  0.6279

PART 76
OFFSET  12.9713 -4.8650 -10.2465
X  0.8059 -0.0272 -0.5914
Y -0.3842  0.7360 -0.5574
Z  0.4504  0.6764  0.5827

PART 77
OFFSET  12.0550 -4.8385 -9.5812
X -0.4014 -0.4925  0.7722
Y -0.7770  0.6296 -0.0024
Z -0.4850 -0.6009 -0.6353

PART 78
OFFSET  0.0000 -0.0000  0.0000
X  1.0000 -0.0000  0.0000
Y  0.0000  1.0000  0.0000
Z  0.0000 -0.0000  1.0000

PART 79
OFFSET -0.2436 -0.0000  0.0301
X  1.0000 -0.0000 -0.0066
Y  0.0000  1.0000  0.0000
Z  0.0066 -0.0000  1.0000

PART 80
OFFSET  1.3241 -0.0000  4.1555
X  1.0000 -0.0000 -0.0066
Y  0.0000  1.0000  0.0000
Z  0.0066 -0.0000  1.0000


FRAME 22
PART 0
OFFSET  0.0000 -0.0000  0.0000
X  1.0000 -0.0000  0.0000
Y  0.0000  1.0000  0.0000
Z  0.0000 -0.0000  1.0000

PART 1
OFFSET -4.6318 -0.0000 -1.3770
X  1.0000 -0.0000  0.0000
Y  0.0000  1.0000  0.0000
Z  0.0000 -0.0000  1.0000

PART 2
OFFSET -4.6749  12.7031 -8.5401
X  0.8503  0.4438 -0.2829
Y  0.2965 -0.8481 -0.4392
Z -0.4348  0.2895 -0.8527

PART 3
OFFSET  5.6085  18.0705 -11.9614
X  0.6403 -0.6117  0.4646
Y -0.7674 -0.5358  0.3522
Z  0.0335 -0.5820 -0.8125

PART 4
OFFSET  11.0545  12.8677 -8.0098
X  0.6403 -0.6117  0.4646
Y -0.6455 -0.7563 -0.1061
Z  0.4163 -0.2319 -0.8791

PART 5
OFFSET  12.6684  13.2618 -6.7096
X  0.6447 -0.6069  0.4648
Y -0.0243  0.5914  0.8060
Z -0.7640 -0.5310  0.3665

PART 6
OFFSET  12.6918  12.4949 -8.5743
X  0.6447 -0.6069  0.4648
Y -0.0243  0.5914  0.8060
Z -0.7640 -0.5310  0.3665

PART 7
OFFSET  11.1156  11.4812 -5.7847
X  0.6447 -0.6069  0.4648
Y -0.0243  0.5914  0.8060
Z -0.7640 -0.5310  0.3665

PART 8
OFFSET  11.0342  10.7332 -6.8731
X  0.6447 -0.6069  0.4648
Y -0.0243  0.5914  0.8060
Z -0.7640 -0.5310  0.3665

PART 9
OFFSET  11.4460  10.9254 -8.0113
X  0.6447 -0.6069  0.4648
Y -0.0243  0.5914  0.8060
Z -0.7640 -0.5310  0.3665

PART 10
OFFSET  13.0174  10.9924 -6.5855
X  0.3572 -0.7291  0.5838
Y -0.7829 -0.5746 -0.2387
Z  0.5095 -0.3718 -0.7760

PART 11
OFFSET  12.6318  9.9573 -6.8719
X -0.2146 -0.9574  0.1930
Y -0.9700  0.1858 -0.1570
Z  0.1144 -0.2209 -0.9686

PART 12
OFFSET  12.0782  7.8974 -6.5249
X  0.3828 -0.6029  0.7000
Y -0.6408 -0.7190 -0.2689
Z  0.6654 -0.3456 -0.6616

PART 13
OFFSET  12.8089  6.9283 -5.4529
X  0.7204 -0.6728 -0.1686
Y -0.6923 -0.7125 -0.1143
Z -0.0432  0.1991 -0.9790

PART 14
OFFSET  13.5742  6.1977 -5.6820
X  0.4169 -0.7714  0.4809
Y -0.1760  0.4505  0.8752
Z -0.8918 -0.4495  0.0521

PART 15
OFFSET  14.2609  10.9155 -5.9928
X  0.8079 -0.3103  0.5010
Y  0.3769 -0.3814 -0.8441
Z  0.4530  0.8708 -0.1911

PART 16
OFFSET  16.0563  10.0447 -4.9428
X  0.7037 -0.3860  0.5965
Y  0.5172 -0.2972 -0.8026
Z  0.4871  0.8733 -0.0095

PART 17
OFFSET  17.0527  9.4983 -4.0983
X  0.8128 -0.4956  0.3063
Y  0.2832 -0.1234 -0.9511
Z  0.5092  0.8597  0.0401

PART 18
OFFSET  17.7733  9.0588 -3.8268
X  0.8544 -0.5191  0.0226
Y  0.0057 -0.0342 -0.9994
Z  0.5196  0.8540 -0.0263

PART 19
OFFSET  18.5850  8.5656 -3.8053
X -0.7322  0.2950  0.6139
Y -0.4799  0.4162 -0.7724
Z -0.4833 -0.8601 -0.1631

PART 20
OFFSET  13.7480  10.4252 -5.9146
X  0.5834 -0.5196  0.6242
Y  0.5359 -0.3312 -0.7766
Z  0.6103  0.7876  0.0853

PART 21
OFFSET  15.3409  9.2010 -4.2647
X  0.6793 -0.5648  0.4686
Y  0.3946 -0.2572 -0.8821
Z  0.6187  0.7841  0.0481

PART 22
OFFSET  16.4974  8.2395 -3.4669
X  0.7355 -0.6267  0.2575
Y  0.2448 -0.1086 -0.9635
Z  0.6317  0.7717  0.0735

PART 23
OFFSET  17.5168  7.3710 -3.1100
X  0.7186 -0.6114  0.3315
Y  0.2979 -0.1601 -0.9411
Z  0.6284  0.7750  0.0671

PART 24
OFFSET  18.2961  6.7080 -2.7505
X -0.7280  0.6305  0.2693
Y -0.1951  0.1861 -0.9630
Z -0.6572 -0.7536 -0.0125

PART 25
OFFSET  13.1484  7.6332 -5.5806
X  0.6291 -0.6783  0.3797
Y -0.4139  0.1212  0.9022
Z -0.6580 -0.7247 -0.2045

PART 26
OFFSET  13.6293  7.8562 -4.2023
X  0.5414 -0.7804  0.3129
Y  0.1907 -0.2485 -0.9497
Z  0.8189  0.5738  0.0143

PART 27
OFFSET  14.5825  6.4823 -3.6514
X  0.6913 -0.6426  0.3303
Y  0.2408 -0.2260 -0.9439
Z  0.6812  0.7321 -0.0015

PART 28
OFFSET  15.3816  5.6566 -3.2497
X  0.4457 -0.7693  0.4577
Y  0.2943 -0.3569 -0.8866
Z  0.8454  0.5298  0.0673

PART 29
OFFSET  15.8851  4.7876 -2.7328
X -0.1729  0.7217  0.6703
Y -0.4462  0.5493 -0.7065
Z -0.8781 -0.4213  0.2270

PART 30
OFFSET  14.5319  8.4906 -4.1448
X  0.6141 -0.6984  0.3676
Y  0.3471 -0.1793 -0.9205
Z  0.7088  0.6929  0.1324

PART 31
OFFSET  15.7315  7.1262 -3.4267
X  0.6823 -0.6909  0.2388
Y  0.2217 -0.1158 -0.9682
Z  0.6966  0.7136  0.0742

PART 32
OFFSET  16.7281  6.1170 -3.0779
X  0.7025 -0.6730  0.2314
Y  0.1987 -0.1267 -0.9718
Z  0.6834  0.7287  0.0447

PART 33
OFFSET  17.5285  5.3600 -2.8148
X -0.7093  0.5504  0.4404
Y -0.2483  0.3896 -0.8869
Z -0.6597 -0.7384 -0.1397

PART 34
OFFSET  15.1840  8.7587 -6.0564
X  0.6051  0.7960  0.0158
Y -0.5095  0.3718  0.7760
Z  0.6118 -0.4776  0.6305

PART 35
OFFSET  14.6175 -4.7115 -8.2415
X  0.9425  0.0149 -0.3338
Y -0.1730  0.8765 -0.4492
Z  0.2859  0.4812  0.8287

PART 36
OFFSET  14.6175 -4.7115 -8.2415
X  0.9425  0.0149 -0.3338
Y -0.1730  0.8765 -0.4492
Z  0.2859  0.4812  0.8287

PART 37
OFFSET  17.7746 -4.3647 -9.1160
X  0.9425  0.0149 -0.3338
Y -0.1730  0.8765 -0.4492
Z  0.2859  0.4812  0.8287

PART 38
OFFSET  16.4507 -3.8994 -7.3627
X  0.9425  0.0149 -0.3338
Y -0.1730  0.8765 -0.4492
Z  0.2859  0.4812  0.8287

PART 39
OFFSET -115.6343 -39.5984 -16.6558
X  0.9365  0.0051 -0.3507
Y -0.1730  0.8765 -0.4492
Z  0.3051  0.4814  0.8217

PART 40
OFFSET  16.2473 -4.2006 -7.8716
X  0.9365  0.0051 -0.3507
Y -0.1730  0.8765 -0.4492
Z  0.3051  0.4814  0.8217

PART 41
OFFSET  16.2489 -3.5840 -7.8624
X  0.9365  0.0051 -0.3507
Y -0.1730  0.8765 -0.4492
Z  0.3051  0.4814  0.8217

PART 42
OFFSET  16.4438 -3.2733 -7.3453
X  0.9365  0.0051 -0.3507
Y -0.1730  0.8765 -0.4492
Z  0.3051  0.4814  0.8217

PART 43
OFFSET  16.6340 -3.5988 -6.8467
X  0.9365  0.0051 -0.3507
Y -0.1730  0.8765 -0.4492
Z  0.3051  0.4814  0.8217

PART 44
OFFSET  16.6321 -4.2184 -6.8573
X  0.9365  0.0051 -0.3507
Y -0.1730  0.8765 -0.4492
Z  0.3051  0.4814  0.8217

PART 45
OFFSET  16.4393 -4.5163 -7.3684
X  0.9365  0.0051 -0.3507
Y -0.1730  0.8765 -0.4492
Z  0.3051  0.4814  0.8217

PART 46
OFFSET -113.8993 -39.5891 -17.3056
X  0.9365  0.0051 -0.3507
Y -0.1730  0.8765 -0.4492
Z  0.3051  0.4814  0.8217

PART 47
OFFSET  14.8205 -3.9746 -7.2907
X  0.9425  0.0149 -0.3338
Y -0.1730  0.8765 -0.4492
Z  0.2859  0.4812  0.8287

PART 48
OFFSET -7.9410 -6.9309 -4.8630
X -0.7275  0.5360  0.4284
Y -0.2371 -0.7822  0.5762
Z  0.6439  0.3176  0.6961

PART 49
OFFSET  0.8567 -13.4135 -10.0435
X -0.7683 -0.5920 -0.2435
Y  0.6280 -0.6232 -0.4662
Z  0.1243 -0.5110  0.8505

PART 50
OFFSET  7.3911 -8.3781 -7.9728
X -0.7683 -0.5920 -0.2435
Y  0.5996 -0.5325 -0.5974
Z  0.2241 -0.6050  0.7641

PART 51
OFFSET  7.8878 -6.4769 -8.2508
X -0.7725 -0.5864 -0.2438
Y -0.1315  0.5233 -0.8420
Z  0.6213 -0.6184 -0.4813

PART 52
OFFSET  7.6545 -5.9598 -7.1969
X -0.7725 -0.5864 -0.2438
Y -0.1315  0.5233 -0.8420
Z  0.6213 -0.6184 -0.4813

PART 53
OFFSET  8.0368 -6.7223 -6.1462
X -0.7725 -0.5864 -0.2438
Y -0.1315  0.5233 -0.8420
Z  0.6213 -0.6184 -0.4813

PART 54
OFFSET  9.7464 -6.5630 -7.2265
X -0.9972 -0.0678  0.0312
Y  0.0223 -0.6692 -0.7428
Z  0.0712 -0.7400  0.6688

PART 55
OFFSET  10.1443 -5.5830 -6.7984
X -0.6491 -0.7607 -0.0050
Y  0.3853 -0.3230 -0.8644
Z  0.6559 -0.5630  0.5027

PART 56
OFFSET  11.4701 -3.8781 -6.7293
X -0.8355 -0.0142  0.5493
Y -0.2932 -0.8339 -0.4675
Z  0.4647 -0.5517  0.6926

PART 57
OFFSET  12.7493 -3.8431 -7.7215
X -0.3186  0.4977  0.8067
Y -0.7724 -0.6297  0.0834
Z  0.5495 -0.5965  0.5850

PART 58
OFFSET  13.0819 -4.3433 -8.6220
X -0.7473  0.6208  0.2369
Y -0.0023  0.3542 -0.9352
Z -0.6644 -0.6994 -0.2633

PART 59
OFFSET  10.5997 -7.0728 -8.1834
X -0.8597  0.0621  0.5070
Y  0.3009 -0.7405  0.6009
Z  0.4128  0.6692  0.6179

PART 60
OFFSET  12.5544 -7.0238 -9.3064
X -0.1529 -0.7884  0.5959
Y  0.8292 -0.4304 -0.3567
Z  0.5377  0.4395  0.7195

PART 61
OFFSET  12.7707 -5.9076 -10.1501
X  0.6024 -0.7978  0.0267
Y  0.6149  0.4424 -0.6528
Z  0.5090  0.4096  0.7571

PART 62
OFFSET  12.2367 -5.2003 -10.1736
X  0.8258 -0.1314 -0.5484
Y -0.1508  0.8856 -0.4392
Z  0.5434  0.4454  0.7116

PART 63
OFFSET  11.4522 -5.0755 -9.6526
X -0.6156 -0.5199  0.5923
Y -0.5766  0.8094  0.1112
Z -0.5373 -0.2730 -0.7980

PART 64
OFFSET  10.8141 -6.7165 -7.6032
X -0.9413 -0.0034  0.3376
Y  0.2363 -0.7209  0.6516
Z  0.2411  0.6931  0.6793

PART 65
OFFSET  13.2266 -6.8266 -8.5657
X -0.1477 -0.7116  0.6869
Y  0.8214 -0.4751 -0.3157
Z  0.5510  0.5175  0.6547

PART 66
OFFSET  13.4779 -5.6150 -9.7351
X  0.7355 -0.6717 -0.0883
Y  0.4093  0.5444 -0.7322
Z  0.5399  0.5024  0.6753

PART 67
OFFSET  12.4585 -4.6841 -9.6129
X  0.7774  0.0182 -0.6288
Y -0.3307  0.8622 -0.3838
Z  0.5351  0.5063  0.6762

PART 68
OFFSET  11.6155 -4.7038 -8.9309
X -0.4217 -0.4825  0.7677
Y -0.7391  0.6733  0.0172
Z -0.5252 -0.5602 -0.6406

PART 69
OFFSET  5.6155 -6.6759 -6.1101
X -0.9228 -0.1400  0.3590
Y -0.3570  0.6616 -0.6595
Z -0.1451 -0.7367 -0.6605

PART 70
OFFSET  13.6418 -6.0694 -6.5394
X -0.7289 -0.2740  0.6274
Y  0.5756 -0.7414  0.3449
Z  0.3706  0.6126  0.6981

PART 71
OFFSET  14.9250 -5.5869 -7.6442
X -0.2682 -0.6213  0.7363
Y  0.9005 -0.4333 -0.0375
Z  0.3423  0.6529  0.6756

PART 72
OFFSET  15.2719 -4.7920 -8.4981
X  0.0045 -0.7716  0.6360
Y  0.9401 -0.2136 -0.2658
Z  0.3410  0.5991  0.7244

PART 73
OFFSET  15.2668 -3.9204 -9.2165
X -0.7542  0.6125  0.2367
Y  0.2312  0.5851 -0.7773
Z -0.6146 -0.5315 -0.5829

PART 74
OFFSET  13.5468 -6.6699 -7.4617
X -0.2626 -0.6426  0.7198
Y  0.8868 -0.4548 -0.0825
Z  0.3804  0.6167  0.6892

PART 75
OFFSET  14.0597 -5.4146 -8.8681
X  0.7234 -0.6631  0.1922
Y  0.5587  0.3986 -0.7273
Z  0.4057  0.6336  0.6588

PART 76
OFFSET  13.0030 -4.4461 -9.1492
X  0.8393 -0.0218 -0.5432
Y -0.3511  0.7412 -0.5722
Z  0.4151  0.6709  0.6145

PART 77
OFFSET  12.0492 -4.4257 -8.5387
X -0.4459 -0.4996  0.7427
Y -0.7757  0.6296 -0.0422
Z -0.4465 -0.5949 -0.6683

PART 78
OFFSET  0.0000 -0.0000  0.0000
X  1.0000 -0.0000  0.0000
Y  0.0000  1.0000  0.0000
Z  0.0000 -0.0000  1.0000

PART 79
OFFSET -0.8827 -0.0000  0.1073
X  0.9997 -0.0000 -0.0235
Y -0.0000  1.0000 -0.0000
Z  0.0235  0.0000  0.9997

PART 80
OFFSET  0.7542  0.0000  4.2058
X  0.9997 -0.0000 -0.0235
Y -0.0000  1.0000 -0.0000
Z  0.0235  0.0000  0.9997


FRAME 23
PART 0
OFFSET  0.0000 -0.0000  0.0000
X  1.0000 -0.0000  0.0000
Y  0.0000  1.0000  0.0000
Z  0.0000 -0.0000  1.0000

PART 1
OFFSET -4.6318 -0.0000 -1.3770
X  1.0000 -0.0000  0.0000
Y  0.0000  1.0000  0.0000
Z  0.0000 -0.0000  1.0000

PART 2
OFFSET -5.1757  13.5911 -7.5225
X  0.9219  0.3085 -0.2344
Y  0.1749 -0.8711 -0.4589
Z -0.3458  0.3820 -0.8570

PART 3
OFFSET  5.9733  17.3226 -10.3575
X  0.4473 -0.7504  0.4867
Y -0.8940 -0.3594  0.2675
Z -0.0258 -0.5547 -0.8316

PART 4
OFFSET  9.7777  10.9402 -6.2182
X  0.4473 -0.7504  0.4867
Y -0.7741 -0.5974 -0.2096
Z  0.4480 -0.2830 -0.8481

PART 5
OFFSET  11.3207  10.9322 -4.7795
X  0.4526 -0.7467  0.4874
Y  0.0373  0.5620  0.8263
Z -0.8909 -0.3558  0.2822

PART 6
OFFSET  11.3350  10.2254 -6.6679
X  0.4526 -0.7467  0.4874
Y  0.0373  0.5620  0.8263
Z -0.8909 -0.3558  0.2822

PART 7
OFFSET  9.3398  9.5209 -4.0569
X  0.4526 -0.7467  0.4874
Y  0.0373  0.5620  0.8263
Z -0.8909 -0.3558  0.2822

PART 8
OFFSET  9.1897  8.8369 -5.1795
X  0.4526 -0.7467  0.4874
Y  0.0373  0.5620  0.8263
Z -0.8909 -0.3558  0.2822

PART 9
OFFSET  9.7301  8.9602 -6.2726
X  0.4526 -0.7467  0.4874
Y  0.0373  0.5620  0.8263
Z -0.8909 -0.3558  0.2822

PART 10
OFFSET  11.1490  8.6397 -4.7263
X  0.1943 -0.8407  0.5055
Y -0.8618 -0.3924 -0.3213
Z  0.4685 -0.3732 -0.8008

PART 11
OFFSET  10.5970  7.7296 -5.1378
X -0.3912 -0.9170  0.0776
Y -0.9130  0.3761 -0.1581
Z  0.1158 -0.1327 -0.9844

PART 12
OFFSET  9.6681  5.7809 -5.0409
X  0.2369 -0.7346  0.6358
Y -0.7469 -0.5563 -0.3644
Z  0.6213 -0.3885 -0.6804

PART 13
OFFSET  10.1647  4.5848 -4.0689
X  0.5945 -0.7715 -0.2267
Y -0.8033 -0.5569 -0.2112
Z  0.0367  0.3077 -0.9508

PART 14
OFFSET  10.7956  3.7551 -4.3613
X  0.2498 -0.8819  0.3998
Y -0.1308  0.3784  0.9164
Z -0.9594 -0.2812 -0.0208

PART 15
OFFSET  12.3309  8.2731 -4.1163
X  0.7161 -0.5052  0.4817
Y  0.3394 -0.3510 -0.8727
Z  0.6099  0.7884 -0.0799

PART 16
OFFSET  13.8926  6.9802 -3.1293
X  0.5959 -0.5702  0.5654
Y  0.4906 -0.2990 -0.8185
Z  0.6358  0.7651  0.1016

PART 17
OFFSET  14.7362  6.1728 -2.3288
X  0.6962 -0.6662  0.2674
Y  0.2983 -0.0702 -0.9519
Z  0.6529  0.7425  0.1499

PART 18
OFFSET  15.3535  5.5822 -2.0917
X  0.7455 -0.6663 -0.0160
Y  0.0438  0.0729 -0.9964
Z  0.6651  0.7421  0.0836

PART 19
OFFSET  16.0618  4.9491 -2.1070
X -0.6939  0.3565  0.6257
Y -0.3627  0.5776 -0.7313
Z -0.6221 -0.7343 -0.2715

PART 20
OFFSET  11.7354  7.8795 -4.1068
X  0.4524 -0.6818  0.5749
Y  0.5018 -0.3383 -0.7961
Z  0.7373  0.6486  0.1890

PART 21
OFFSET  13.0080  6.2139 -2.5690
X  0.5457 -0.7266  0.4175
Y  0.3810 -0.2286 -0.8959
Z  0.7463  0.6480  0.1520

PART 22
OFFSET  13.9371  4.9770 -1.8582
X  0.5992 -0.7746  0.2022
Y  0.2640 -0.0472 -0.9634
Z  0.7558  0.6307  0.1762

PART 23
OFFSET  14.7676  3.9034 -1.5780
X  0.5821 -0.7645  0.2770
Y  0.3059 -0.1097 -0.9457
Z  0.7534  0.6352  0.1700

PART 24
OFFSET  15.3988  3.0743 -1.2776
X -0.6146  0.7203  0.3217
Y -0.1156  0.3211 -0.9400
Z -0.7803 -0.6149 -0.1141

PART 25
OFFSET  10.6303  5.2252 -4.1073
X  0.4797 -0.8189  0.3151
Y -0.4251  0.0973  0.8999
Z -0.7676 -0.5657 -0.3015

PART 26
OFFSET  11.0819  5.2068 -2.7013
X  0.3782 -0.8954  0.2350
Y  0.1848 -0.1757 -0.9669
Z  0.9071  0.4091  0.0991

PART 27
OFFSET  11.7477  3.6302 -2.2876
X  0.5495 -0.7902  0.2715
Y  0.2379 -0.1635 -0.9574
Z  0.8009  0.5907  0.0981

PART 28
OFFSET  12.3670  2.6337 -1.9636
X  0.2797 -0.8827  0.3777
Y  0.2644 -0.3074 -0.9141
Z  0.9230  0.3555  0.1474

PART 29
OFFSET  12.6829  1.6367 -1.5369
X -0.0701  0.6648  0.7437
Y -0.3087  0.6945 -0.6499
Z -0.9486 -0.2751  0.1565

PART 30
OFFSET  12.0801  5.6551 -2.5503
X  0.4619 -0.8345  0.3004
Y  0.3499 -0.1398 -0.9263
Z  0.8150  0.5330  0.2274

PART 31
OFFSET  12.9825  4.0249 -1.9634
X  0.5360 -0.8259  0.1750
Y  0.2401 -0.0496 -0.9695
Z  0.8093  0.5617  0.1717

PART 32
OFFSET  13.7654  2.8186 -1.7078
X  0.5594 -0.8112  0.1702
Y  0.2157 -0.0558 -0.9749
Z  0.8003  0.5821  0.1438

PART 33
OFFSET  14.4045  1.9040 -1.5133
X -0.6179  0.6204  0.4829
Y -0.1348  0.5216 -0.8425
Z -0.7746 -0.5857 -0.2387

PART 34
OFFSET  12.8538  6.0031 -4.4027
X  0.7367  0.6653  0.1209
Y -0.4685  0.3732  0.8008
Z  0.4876 -0.6466  0.5866

PART 35
OFFSET  14.6127 -4.1293 -6.5750
X  0.9670  0.0198 -0.2541
Y -0.1362  0.8827 -0.4497
Z  0.2154  0.4694  0.8563

PART 36
OFFSET  14.6127 -4.1293 -6.5750
X  0.9670  0.0198 -0.2541
Y -0.1362  0.8827 -0.4497
Z  0.2154  0.4694  0.8563

PART 37
OFFSET  17.8311 -3.7696 -7.1792
X  0.9670  0.0198 -0.2541
Y -0.1362  0.8827 -0.4497
Z  0.2154  0.4694  0.8563

PART 38
OFFSET  16.3655 -3.3293 -5.5356
X  0.9670  0.0198 -0.2541
Y -0.1362  0.8827 -0.4497
Z  0.2154  0.4694  0.8563

PART 39
OFFSET -114.4421 -38.9192 -26.2718
X  0.9624  0.0102 -0.2716
Y -0.1362  0.8827 -0.4497
Z  0.2351  0.4697  0.8509

PART 40
OFFSET  16.2055 -3.6234 -6.0638
X  0.9624  0.0102 -0.2716
Y -0.1362  0.8827 -0.4497
Z  0.2351  0.4697  0.8509

PART 41
OFFSET  16.2055 -3.0069 -6.0458
X  0.9624  0.0102 -0.2716
Y -0.1362  0.8827 -0.4497
Z  0.2351  0.4697  0.8509

PART 42
OFFSET  16.3564 -2.7035 -5.5100
X  0.9624  0.0102 -0.2716
Y -0.1362  0.8827 -0.4497
Z  0.2351  0.4697  0.8509

PART 43
OFFSET  16.5049 -3.0360 -5.0020
X  0.9624  0.0102 -0.2716
Y -0.1362  0.8827 -0.4497
Z  0.2351  0.4697  0.8509

PART 44
OFFSET  16.5047 -3.6554 -5.0214
X  0.9624  0.0102 -0.2716
Y -0.1362  0.8827 -0.4497
Z  0.2351  0.4697  0.8509

PART 45
OFFSET  16.3555 -3.9461 -5.5509
X  0.9624  0.0102 -0.2716
Y -0.1362  0.8827 -0.4497
Z  0.2351  0.4697  0.8509

PART 46
OFFSET -112.6591 -38.9003 -26.7750
X  0.9624  0.0102 -0.2716
Y -0.1362  0.8827 -0.4497
Z  0.2351  0.4697  0.8509

PART 47
OFFSET  14.7350 -3.4059 -5.6003
X  0.9670  0.0198 -0.2541
Y -0.1362  0.8827 -0.4497
Z  0.2154  0.4694  0.8563

PART 48
OFFSET -7.9157 -6.8282 -3.8970
X -0.7373  0.4969  0.4577
Y -0.2319 -0.8225  0.5193
Z  0.6345  0.2768  0.7217

PART 49
OFFSET  1.0012 -12.8375 -9.4324
X -0.7498 -0.5913 -0.2971
Y  0.6500 -0.5740 -0.4980
Z  0.1239 -0.5665  0.8147

PART 50
OFFSET  7.3782 -7.8086 -6.9052
X -0.7498 -0.5913 -0.2971
Y  0.6389 -0.5299 -0.5577
Z  0.1723 -0.6080  0.7751

PART 51
OFFSET  7.8321 -5.8814 -7.0413
X -0.7541 -0.5857 -0.2971
Y -0.1315  0.5780 -0.8054
Z  0.6434 -0.5683 -0.5129

PART 52
OFFSET  7.5702 -5.4453 -5.9579
X -0.7541 -0.5857 -0.2971
Y -0.1315  0.5780 -0.8054
Z  0.6434 -0.5683 -0.5129

PART 53
OFFSET  7.9554 -6.2707 -4.9567
X -0.7541 -0.5857 -0.2971
Y -0.1315  0.5780 -0.8054
Z  0.6434 -0.5683 -0.5129

PART 54
OFFSET  9.6767 -5.9960 -5.9943
X -0.9963 -0.0685 -0.0527
Y  0.0848 -0.6586 -0.7477
Z  0.0165 -0.7494  0.6620

PART 55
OFFSET  10.0363 -5.0220 -5.5210
X -0.6363 -0.7682 -0.0704
Y  0.4643 -0.3084 -0.8303
Z  0.6161 -0.5610  0.5529

PART 56
OFFSET  11.3287 -3.3021 -5.3171
X -0.8805 -0.0305  0.4730
Y -0.2400 -0.8319 -0.5004
Z  0.4088 -0.5541  0.7252

PART 57
OFFSET  12.6901 -3.2407 -6.1917
X -0.3951  0.4845  0.7805
Y -0.7686 -0.6397  0.0081
Z  0.5032 -0.5967  0.6251

PART 58
OFFSET  13.1074 -3.7265 -7.0644
X -0.7733  0.6091  0.1763
Y  0.0759  0.3649 -0.9279
Z -0.6295 -0.7042 -0.3284

PART 59
OFFSET  10.6073 -6.4918 -6.8842
X -0.8989  0.0547  0.4347
Y  0.2510 -0.7489  0.6134
Z  0.3591  0.6605  0.6594

PART 60
OFFSET  12.6485 -6.4268 -7.8399
X -0.2007 -0.7968  0.5699
Y  0.8565 -0.4251 -0.2926
Z  0.4755  0.4294  0.7678

PART 61
OFFSET  12.9326 -5.2986 -8.6469
X  0.5992 -0.7980  0.0654
Y  0.6664  0.4518 -0.5932
Z  0.4438  0.3990  0.8024

PART 62
OFFSET  12.4013 -4.5912 -8.7049
X  0.8687 -0.1235 -0.4797
Y -0.1150  0.8917 -0.4377
Z  0.4818  0.4354  0.7604

PART 63
OFFSET  11.5760 -4.4739 -8.2491
X -0.6619 -0.5283  0.5317
Y -0.5849  0.8077  0.0743
Z -0.4687 -0.2618 -0.8436

PART 64
OFFSET  10.7723 -6.1437 -6.2833
X -0.9661 -0.0084  0.2581
Y  0.1823 -0.7300  0.6587
Z  0.1829  0.6834  0.7067

PART 65
OFFSET  13.2564 -6.2396 -7.0437
X -0.2033 -0.7213  0.6621
Y  0.8454 -0.4704 -0.2530
Z  0.4940  0.5083  0.7054

PART 66
OFFSET  13.6026 -5.0117 -8.1710
X  0.7412 -0.6703 -0.0364
Y  0.4679  0.5548 -0.6879
Z  0.4813  0.4929  0.7248

PART 67
OFFSET  12.5753 -4.0827 -8.1208
X  0.8269  0.0273 -0.5617
Y -0.2988  0.8674 -0.3978
Z  0.4764  0.4968  0.7254

PART 68
OFFSET  11.6785 -4.1122 -7.5116
X -0.4833 -0.4934  0.7231
Y -0.7389  0.6729 -0.0348
Z -0.4694 -0.5511 -0.6898

PART 69
OFFSET  5.4675 -6.1256 -5.2266
X -0.9492 -0.1453  0.2791
Y -0.3018  0.6708 -0.6775
Z -0.0888 -0.7273 -0.6805

PART 70
OFFSET  13.5009 -5.5111 -4.9793
X -0.7734 -0.2749  0.5712
Y  0.5460 -0.7467  0.3799
Z  0.3221  0.6057  0.7276

PART 71
OFFSET  14.8625 -5.0268 -5.9849
X -0.3643 -0.6045  0.7085
Y  0.8831 -0.4657  0.0567
Z  0.2957  0.6463  0.7035

PART 72
OFFSET  15.3234 -4.2527 -6.8033
X -0.0726 -0.7695  0.6345
Y  0.9551 -0.2369 -0.1781
Z  0.2874  0.5930  0.7521

PART 73
OFFSET  15.4054 -3.3835 -7.5199
X -0.7577  0.6312  0.1658
Y  0.3157  0.5769 -0.7533
