// Export filename: `C:\projects\cod\t5\xanim_export\t5_viewmodels\python\python_flashlight_pullout_quick.XANIM_EXPORT`
// Source filename: `D:\projects\devanim\t5\animation_assets\viewmodels/python/flashlight/ViewModel_python_flashlight_animated.fbx`
// Export time: Sat Apr 17 20:11:05 2010

ANIMATION
VERSION 3

NUMPARTS 82
PART 0 "tag_ads"
PART 1 "tag_torso"
PART 2 "J_Shoulder_LE"
PART 3 "J_Elbow_LE"
PART 4 "J_WristTwist_LE"
PART 5 "J_Sleave_Reshape_Bottom_LE_1"
PART 6 "J_Sleave_Reshape_Bottom_LE_2"
PART 7 "J_Sleave_Reshape_Top_LE_1"
PART 8 "J_Sleave_Reshape_Top_LE_2"
PART 9 "J_Sleave_Reshape_Top_LE_3"
PART 10 "J_Wrist_LE"
PART 11 "J_Thumb_LE_0"
PART 12 "J_Thumb_LE_1"
PART 13 "J_Thumb_LE_2"
PART 14 "J_Thumb_LE_3"
PART 15 "J_PinkyPalm_LE"
PART 16 "J_Pinky_LE_0"
PART 17 "J_Pinky_LE_1"
PART 18 "J_Pinky_LE_2"
PART 19 "J_Pinky_LE_3"
PART 20 "J_RingPalm_LE"
PART 21 "J_Ring_LE_0"
PART 22 "J_Ring_LE_1"
PART 23 "J_Ring_LE_2"
PART 24 "J_Ring_LE_3"
PART 25 "J_Webbing_LE"
PART 26 "J_Index_LE_0"
PART 27 "J_Index_LE_1"
PART 28 "J_Index_LE_2"
PART 29 "J_Index_LE_3"
PART 30 "J_Mid_LE_0"
PART 31 "J_Mid_LE_1"
PART 32 "J_Mid_LE_2"
PART 33 "J_Mid_LE_3"
PART 34 "tag_knife_attach"
PART 35 "tag_weapon"
PART 36 "J_Gun"
PART 37 "TAG_CLIP"
PART 38 "J_Bolt"
PART 39 "tag_speedloader"
PART 40 "tag_spent0"
PART 41 "tag_spent1"
PART 42 "tag_spent2"
PART 43 "tag_spent3"
PART 44 "tag_spent4"
PART 45 "tag_spent5"
PART 46 "tag_bullets"
PART 47 "J_Press_Rear"
PART 48 "J_Flashlight"
PART 49 "J_Shoulder_RI"
PART 50 "J_Elbow_RI"
PART 51 "J_WristTwist_RI"
PART 52 "J_Sleave_Reshape_Top_RI_3"
PART 53 "J_Sleave_Reshape_Top_RI_2"
PART 54 "J_Sleave_Reshape_Top_RI_1"
PART 55 "J_Wrist_RI"
PART 56 "J_Thumb_RI_0"
PART 57 "J_Thumb_RI_1"
PART 58 "J_Thumb_RI_2"
PART 59 "J_Thumb_RI_3"
PART 60 "J_PinkyPalm_RI"
PART 61 "J_Pinky_RI_0"
PART 62 "J_Pinky_RI_1"
PART 63 "J_Pinky_RI_2"
PART 64 "J_Pinky_RI_3"
PART 65 "J_RingPalm_RI"
PART 66 "J_Ring_RI_0"
PART 67 "J_Ring_RI_1"
PART 68 "J_Ring_RI_2"
PART 69 "J_Ring_RI_3"
PART 70 "J_Webbing_RI"
PART 71 "J_Index_RI_0"
PART 72 "J_Index_RI_1"
PART 73 "J_Index_RI_2"
PART 74 "J_Index_RI_3"
PART 75 "J_Mid_RI_0"
PART 76 "J_Mid_RI_1"
PART 77 "J_Mid_RI_2"
PART 78 "J_Mid_RI_3"
PART 79 "tag_cambone"
PART 80 "tag_camera"
PART 81 "tag_gasmask"

FRAMERATE 30
NUMFRAMES 21

FRAME 180
PART 0
OFFSET -4.6318 -0.0000 -1.3770
X  1.0000 -0.0000  0.0000
Y  0.0000  1.0000  0.0000
Z  0.0000 -0.0000  1.0000

PART 1
OFFSET -1.9111 -0.4487 -1.8207
X  1.0000 -0.0000  0.0000
Y  0.0000  1.0000  0.0000
Z  0.0000 -0.0000  1.0000

PART 2
OFFSET -1.7776  7.8010 -3.1869
X  0.3507  0.1780 -0.9194
Y -0.1540 -0.9574 -0.2442
Z -0.9237  0.2272 -0.3084

PART 3
OFFSET  2.4640  9.9541 -14.3061
X  0.7882 -0.5994 -0.1395
Y -0.1214 -0.3736  0.9196
Z -0.6034 -0.7079 -0.3672

PART 4
OFFSET  9.1677  4.8556 -15.4928
X  0.7882 -0.5994 -0.1395
Y  0.1680 -0.0086  0.9857
Z -0.5921 -0.8004  0.0940

PART 5
OFFSET  11.0838  5.2091 -16.1963
X  0.7905 -0.5953 -0.1440
Y  0.6028  0.7148  0.3545
Z -0.1081 -0.3670  0.9239

PART 6
OFFSET  9.6789  4.1999 -17.0572
X  0.7905 -0.5953 -0.1440
Y  0.6028  0.7148  0.3545
Z -0.1081 -0.3670  0.9239

PART 7
OFFSET  11.0714  3.8184 -14.0530
X  0.7905 -0.5953 -0.1440
Y  0.6028  0.7148  0.3545
Z -0.1081 -0.3670  0.9239

PART 8
OFFSET  10.1920  2.9124 -14.4116
X  0.7905 -0.5953 -0.1440
Y  0.6028  0.7148  0.3545
Z -0.1081 -0.3670  0.9239

PART 9
OFFSET  9.5207  2.9069 -15.4338
X  0.7905 -0.5953 -0.1440
Y  0.6028  0.7148  0.3545
Z -0.1081 -0.3670  0.9239

PART 10
OFFSET  11.5840  3.0179 -15.9206
X  0.3782 -0.9248  0.0422
Y  0.1180  0.0934  0.9886
Z -0.9182 -0.3689  0.1444

PART 11
OFFSET  11.4910  2.5406 -14.8882
X -0.1540 -0.7250  0.6713
Y  0.1045  0.6636  0.7407
Z -0.9825  0.1842 -0.0265

PART 12
OFFSET  11.1143  1.0526 -13.3672
X  0.0718 -0.9884 -0.1341
Y -0.1479 -0.1435  0.9785
Z -0.9864 -0.0504 -0.1565

PART 13
OFFSET  11.1286 -0.5401 -13.6595
X -0.0196 -0.8553 -0.5177
Y -0.1008 -0.5135  0.8522
Z -0.9947  0.0689 -0.0761

PART 14
OFFSET  11.0602 -1.4706 -14.2083
X  0.6037 -0.7814 -0.1577
Y  0.7971  0.5953  0.1018
Z  0.0143 -0.1871  0.9822

PART 15
OFFSET  11.5921  2.0608 -16.9142
X  0.2477 -0.8746 -0.4168
Y -0.9376 -0.3248  0.1244
Z -0.2442  0.3600 -0.9005

PART 16
OFFSET  12.0693  0.0035 -17.7043
X -0.5995 -0.6983  0.3911
Y -0.6002  0.7155  0.3575
Z -0.5295 -0.0204 -0.8481

PART 17
OFFSET  11.2205 -0.9851 -17.1505
X -0.8175  0.2701  0.5086
Y  0.1886  0.9601 -0.2067
Z -0.5442 -0.0731 -0.8358

PART 18
OFFSET  10.4957 -0.7456 -16.6995
X -0.4170  0.8754  0.2443
Y  0.7433  0.4832 -0.4625
Z -0.5230 -0.0113 -0.8523

PART 19
OFFSET  10.0995  0.0861 -16.4674
X -0.0720 -0.9713  0.2267
Y  0.7635 -0.2000 -0.6141
Z  0.6418  0.1289  0.7559

PART 20
OFFSET  11.8819  1.9710 -16.2681
X  0.3182 -0.9110 -0.2625
Y -0.9300 -0.3536  0.1000
Z -0.1840  0.2124 -0.9597

PART 21
OFFSET  12.7380 -0.3772 -16.9830
X -0.7000 -0.6600  0.2728
Y -0.5480  0.7413  0.3874
Z -0.4579  0.1217 -0.8806

PART 22
OFFSET  11.5463 -1.5009 -16.5186
X -0.6964  0.5679  0.4388
Y  0.5405  0.8173 -0.1998
Z -0.4721  0.0980 -0.8761

PART 23
OFFSET  10.5812 -0.7139 -15.9104
X -0.0564  0.9891  0.1360
Y  0.8820  0.1132 -0.4576
Z -0.4680  0.0941 -0.8787

PART 24
OFFSET  10.5200  0.3588 -15.7629
X -0.4806 -0.8704  0.1067
Y  0.7741 -0.4783 -0.4146
Z  0.4119 -0.1167  0.9037

PART 25
OFFSET  12.4451  0.1178 -14.1432
X  0.0777 -0.9907 -0.1113
Y  0.9923  0.0876 -0.0872
Z  0.0961 -0.1037  0.9900

PART 26
OFFSET  13.4879 -0.3778 -15.0640
X -0.6821 -0.7201  0.1272
Y -0.6926  0.6920  0.2038
Z -0.2348  0.0510 -0.9707

PART 27
OFFSET  12.2870 -1.6458 -14.8401
X -0.8439  0.5130  0.1570
Y  0.4986  0.8580 -0.1233
Z -0.1979 -0.0258 -0.9799

PART 28
OFFSET  11.2731 -1.0206 -14.5898
X -0.1907  0.9787  0.0762
Y  0.9503  0.2035 -0.2357
Z -0.2462  0.0275 -0.9688

PART 29
OFFSET  11.0577  0.0849 -14.5037
X -0.8650 -0.4946 -0.0846
Y  0.4973 -0.8675 -0.0129
Z -0.0670 -0.0532  0.9963

PART 30
OFFSET  13.1549 -0.4467 -16.1151
X -0.7369 -0.6221  0.2645
Y -0.5763  0.7827  0.2351
Z -0.3533  0.0209 -0.9353

PART 31
OFFSET  11.7152 -1.6620 -15.5985
X -0.7343  0.6112  0.2955
Y  0.5926  0.7894 -0.1602
Z -0.3312  0.0574 -0.9418

PART 32
OFFSET  10.6427 -0.7693 -15.1669
X  0.0180  0.9966  0.0807
Y  0.9598  0.0054 -0.2806
Z -0.2800  0.0825 -0.9564

PART 33
OFFSET  10.6605  0.3600 -15.0821
X -0.6089 -0.7729  0.1785
Y  0.7001 -0.6294 -0.3372
Z  0.3730 -0.0804  0.9244

PART 34
OFFSET  11.1466 -0.1018 -16.1187
X -0.2446  0.2411 -0.9392
Y  0.9182  0.3689 -0.1444
Z  0.3117 -0.8977 -0.3116

PART 35
OFFSET  11.8149 -16.9529 -16.4426
X  0.9613  0.1737  0.2137
Y -0.1337  0.9728 -0.1891
Z -0.2407  0.1532  0.9584

PART 36
OFFSET  11.8149 -16.9529 -16.4426
X  0.9613  0.1737  0.2137
Y -0.1337  0.9728 -0.1891
Z -0.2407  0.1532  0.9584

PART 37
OFFSET  14.8580 -16.1849 -15.4414
X  0.9613  0.1737  0.2137
Y -0.1337  0.9728 -0.1891
Z -0.2407  0.1532  0.9584

PART 38
OFFSET  12.8101 -16.4498 -14.5587
X  0.9613  0.1737  0.2137
Y -0.1337  0.9728 -0.1891
Z -0.2407  0.1532  0.9584

PART 39
OFFSET -36.2508 -22.7153 -22.0449
X  0.9704  0.1673  0.1744
Y -0.1337  0.9728 -0.1891
Z -0.2013  0.1602  0.9663

PART 40
OFFSET  12.9353 -16.5504 -15.1631
X  0.9661  0.1705  0.1940
Y -0.1337  0.9728 -0.1891
Z -0.2210  0.1568  0.9626

PART 41
OFFSET  12.7975 -15.9809 -14.9708
X  0.9661  0.1705  0.1940
Y -0.1337  0.9728 -0.1891
Z -0.2210  0.1568  0.9626

PART 42
OFFSET  12.6593 -15.8749 -14.3612
X  0.9661  0.1705  0.1940
Y -0.1337  0.9728 -0.1891
Z -0.2210  0.1568  0.9626

PART 43
OFFSET  12.6646 -16.3533 -13.9590
X  0.9661  0.1705  0.1940
Y -0.1337  0.9728 -0.1891
Z -0.2210  0.1568  0.9626

PART 44
OFFSET  12.8033 -16.9251 -14.1535
X  0.9661  0.1705  0.1940
Y -0.1337  0.9728 -0.1891
Z -0.2210  0.1568  0.9626

PART 45
OFFSET  12.9379 -17.0213 -14.7533
X  0.9661  0.1705  0.1940
Y -0.1337  0.9728 -0.1891
Z -0.2210  0.1568  0.9626

PART 46
OFFSET -33.8479 -22.3171 -21.6158
X  0.9704  0.1673  0.1744
Y -0.1337  0.9728 -0.1891
Z -0.2013  0.1602  0.9663

PART 47
OFFSET  11.3907 -16.6102 -15.3514
X  0.9613  0.1737  0.2137
Y -0.1337  0.9728 -0.1891
Z -0.2407  0.1532  0.9584

PART 48
OFFSET  7.3036  0.8449 -17.0286
X -0.2359  0.0028 -0.9718
Y  0.2645  0.9624 -0.0615
Z  0.9351 -0.2715 -0.2277

PART 49
OFFSET -9.0954 -2.7609 -2.3892
X -0.5850  0.5869  0.5598
Y -0.2755 -0.7930  0.5434
Z  0.7628  0.1636  0.6256

PART 50
OFFSET -2.0208 -9.8582 -9.1596
X -0.5850  0.5870  0.5596
Y -0.7967 -0.5450 -0.2612
Z  0.1516 -0.5986  0.7865

PART 51
OFFSET  2.9553 -14.8512 -13.9189
X -0.5850  0.5870  0.5596
Y -0.7889 -0.2520 -0.5604
Z -0.1880 -0.7693  0.6106

PART 52
OFFSET  3.8714 -14.4714 -15.9291
X -0.5808  0.5920  0.5588
Y -0.1380  0.6048 -0.7843
Z -0.8023 -0.5326 -0.2695

PART 53
OFFSET  5.3396 -14.5955 -14.7932
X -0.5808  0.5920  0.5588
Y -0.1380  0.6048 -0.7843
Z -0.8023 -0.5326 -0.2695

PART 54
OFFSET  5.2324 -15.9052 -13.5487
X -0.5808  0.5920  0.5588
Y -0.1380  0.6048 -0.7843
Z -0.8023 -0.5326 -0.2695

PART 55
OFFSET  4.7489 -16.6508 -15.6344
X -0.8996 -0.2176 -0.3786
Y  0.4221 -0.2116 -0.8815
Z  0.1117 -0.9528  0.2822

PART 56
OFFSET  4.7003 -15.9575 -14.7293
X -0.4040 -0.9045 -0.1368
Y  0.8828 -0.3464 -0.3172
Z  0.2395 -0.2489  0.9384

PART 57
OFFSET  5.4707 -13.9573 -14.4546
X -0.8871 -0.4385 -0.1443
Y  0.4607 -0.8604 -0.2180
Z -0.0286 -0.2598  0.9652

PART 58
OFFSET  6.9335 -13.2717 -14.3428
X -0.9787  0.1364  0.1537
Y -0.1701 -0.9574 -0.2332
Z  0.1154 -0.2544  0.9602

PART 59
OFFSET  7.9894 -13.3912 -14.5490
X -0.8316  0.0668 -0.5514
Y  0.5284  0.4010 -0.7483
Z  0.1711 -0.9136 -0.3687

PART 60
OFFSET  5.9396 -16.5007 -16.3150
X -0.9738 -0.0986  0.2050
Y  0.1635 -0.9300  0.3293
Z  0.1581  0.3542  0.9217

PART 61
OFFSET  8.1305 -16.1135 -16.6816
X -0.1603 -0.9824 -0.0962
Y  0.9820 -0.1686  0.0852
Z -0.0999 -0.0808  0.9917

PART 62
OFFSET  8.3575 -14.7226 -16.5454
X  0.6105 -0.7918 -0.0197
Y  0.7810  0.5977  0.1814
Z -0.1318 -0.1261  0.9832

PART 63
OFFSET  7.8161 -14.0207 -16.5280
X  0.9959  0.0235  0.0870
Y -0.0302  0.9966  0.0764
Z -0.0850 -0.0787  0.9933

PART 64
OFFSET  6.8700 -14.0430 -16.6107
X -0.7305 -0.6322 -0.2582
Y -0.6744  0.7273  0.1272
Z  0.1074  0.2670 -0.9577

PART 65
OFFSET  5.8725 -16.4453 -15.6064
X -0.9851 -0.1479 -0.0879
Y  0.1115 -0.9379  0.3284
Z -0.1310  0.3137  0.9405

PART 66
OFFSET  8.4511 -16.1287 -15.5108
X -0.0747 -0.9819  0.1738
Y  0.9970 -0.0696  0.0352
Z -0.0224  0.1759  0.9841

PART 67
OFFSET  8.5783 -14.4570 -15.8068
X  0.8102 -0.5748  0.1144
Y  0.5852  0.8043 -0.1030
Z -0.0328  0.1504  0.9881

PART 68
OFFSET  7.4554 -13.6603 -15.9653
X  0.9554  0.2953 -0.0091
Y -0.2930  0.9430 -0.1581
Z -0.0381  0.1537  0.9874

PART 69
OFFSET  6.4192 -13.9805 -15.9554
X -0.6173 -0.7730  0.1463
Y -0.7856  0.5958 -0.1666
Z  0.0416 -0.2178 -0.9751

PART 70
OFFSET  0.7077 -17.8884 -16.3133
X -0.8970 -0.4288 -0.1072
Y -0.3517  0.8394 -0.4143
Z  0.2677 -0.3339 -0.9038

PART 71
OFFSET  7.9774 -15.9973 -13.3895
X -0.9128 -0.3758  0.1600
Y  0.4055 -0.8807  0.2447
Z  0.0490  0.2883  0.9563

PART 72
OFFSET  9.5845 -15.3356 -13.6713
X -0.5652 -0.7705  0.2948
Y  0.8244 -0.5410  0.1665
Z  0.0312  0.3371  0.9410

PART 73
OFFSET  10.2735 -14.3784 -13.9725
X -0.0930 -0.9580  0.2711
Y  0.9956 -0.0918  0.0173
Z  0.0083  0.2715  0.9624

PART 74
OFFSET  10.3786 -13.2963 -14.2787
X -0.8661  0.4711  0.1669
Y  0.3845  0.8414 -0.3797
Z -0.3193 -0.2647 -0.9099

PART 75
OFFSET  8.3194 -16.0792 -14.4368
X  0.0029 -0.9696  0.2448
Y  0.9847  0.0455  0.1685
Z -0.1745  0.2405  0.9548

PART 76
OFFSET  8.3137 -14.1851 -14.9150
X  0.8545 -0.4423  0.2724
Y  0.4950  0.8523 -0.1689
Z -0.1575  0.2792  0.9472

PART 77
OFFSET  7.0656 -13.5390 -15.3129
X  0.9736  0.2117  0.0850
Y -0.1683  0.9181 -0.3589
Z -0.1540  0.3351  0.9295

PART 78
OFFSET  5.9638 -13.7806 -15.4160
X -0.6292 -0.7702  0.1046
Y -0.7649  0.5897 -0.2592
Z  0.1379 -0.2431 -0.9601

PART 79
OFFSET  0.0000 -0.0000 -0.0000
X  1.0000 -0.0000  0.0000
Y  0.0000  1.0000  0.0000
Z  0.0000 -0.0000  1.0000

PART 80
OFFSET  0.0000 -0.0000 -0.0000
X  1.0000 -0.0000  0.0000
Y  0.0000  1.0000  0.0000
Z  0.0000 -0.0000  1.0000

PART 81
OFFSET  1.5404 -0.0000  4.1357
X  1.0000 -0.0000  0.0000
Y  0.0000  1.0000  0.0000
Z  0.0000 -0.0000  1.0000


FRAME 181
PART 0
OFFSET -4.6318 -0.0000 -1.3770
X  1.0000 -0.0000  0.0000
Y  0.0000  1.0000  0.0000
Z  0.0000 -0.0000  1.0000

PART 1
OFFSET -1.9111 -0.4487 -1.8207
X  1.0000 -0.0000  0.0000
Y  0.0000  1.0000  0.0000
Z  0.0000 -0.0000  1.0000

PART 2
OFFSET -1.7776  7.8010 -3.1869
X  0.3524  0.1800 -0.9184
Y -0.1567 -0.9561 -0.2475
Z -0.9226  0.2312 -0.3087

PART 3
OFFSET  2.4839  9.9774 -14.2939
X  0.7864 -0.6014 -0.1406
Y -0.1236 -0.3763  0.9182
Z -0.6052 -0.7048 -0.3703

PART 4
OFFSET  9.1730  4.8618 -15.4896
X  0.7864 -0.6014 -0.1406
Y  0.1684 -0.0102  0.9857
Z -0.5943 -0.7988  0.0933

PART 5
OFFSET  11.0910  5.2115 -16.1896
X  0.7888 -0.5973 -0.1450
Y  0.6046  0.7117  0.3576
Z -0.1103 -0.3697  0.9226

PART 6
OFFSET  9.6839  4.2096 -17.0555
X  0.7888 -0.5973 -0.1450
Y  0.6046  0.7117  0.3576
Z -0.1103 -0.3697  0.9226

PART 7
OFFSET  11.0717  3.8138 -14.0510
X  0.7888 -0.5973 -0.1450
Y  0.6046  0.7117  0.3576
Z -0.1103 -0.3697  0.9226

PART 8
OFFSET  10.1898  2.9118 -14.4136
X  0.7888 -0.5973 -0.1450
Y  0.6046  0.7117  0.3576
Z -0.1103 -0.3697  0.9226

PART 9
OFFSET  9.5198  2.9118 -15.4366
X  0.7888 -0.5973 -0.1450
Y  0.6046  0.7117  0.3576
Z -0.1103 -0.3697  0.9226

PART 10
OFFSET  11.5840  3.0179 -15.9206
X  0.3782 -0.9248  0.0422
Y  0.1180  0.0934  0.9886
Z -0.9182 -0.3689  0.1444

PART 11
OFFSET  11.4910  2.5406 -14.8882
X -0.1541 -0.7250  0.6713
Y  0.1043  0.6637  0.7407
Z -0.9825  0.1842 -0.0266

PART 12
OFFSET  11.1143  1.0526 -13.3672
X  0.0719 -0.9883 -0.1342
Y -0.1480 -0.1436  0.9785
Z -0.9864 -0.0505 -0.1566

PART 13
OFFSET  11.1288 -0.5400 -13.6597
X -0.0195 -0.8554 -0.5176
Y -0.1008 -0.5134  0.8522
Z -0.9947  0.0688 -0.0762

PART 14
OFFSET  11.0605 -1.4706 -14.2084
X  0.6038 -0.7814 -0.1575
Y  0.7970  0.5953  0.1018
Z  0.0142 -0.1870  0.9823

PART 15
OFFSET  11.5921  2.0608 -16.9142
X  0.2477 -0.8746 -0.4168
Y -0.9376 -0.3248  0.1244
Z -0.2442  0.3600 -0.9005

PART 16
OFFSET  12.0693  0.0035 -17.7043
X -0.5996 -0.6982  0.3911
Y -0.6001  0.7156  0.3575
Z -0.5295 -0.0204 -0.8481

PART 17
OFFSET  11.2204 -0.9850 -17.1505
X -0.8174  0.2703  0.5086
Y  0.1888  0.9600 -0.2068
Z -0.5442 -0.0730 -0.8358

PART 18
OFFSET  10.4957 -0.7453 -16.6995
X -0.4168  0.8756  0.2442
Y  0.7435  0.4829 -0.4626
Z -0.5230 -0.0112 -0.8523

PART 19
OFFSET  10.0997  0.0865 -16.4675
X -0.0723 -0.9712  0.2269
Y  0.7634 -0.2003 -0.6141
Z  0.6419  0.1288  0.7559

PART 20
OFFSET  11.8819  1.9710 -16.2681
X  0.3182 -0.9110 -0.2625
Y -0.9300 -0.3536  0.1000
Z -0.1840  0.2124 -0.9597

PART 21
OFFSET  12.7380 -0.3772 -16.9830
X -0.7000 -0.6600  0.2728
Y -0.5480  0.7414  0.3874
Z -0.4579  0.1217 -0.8806

PART 22
OFFSET  11.5463 -1.5008 -16.5185
X -0.6962  0.5681  0.4388
Y  0.5407  0.8171 -0.1999
Z -0.4721  0.0980 -0.8761

PART 23
OFFSET  10.5813 -0.7135 -15.9104
X -0.0560  0.9891  0.1358
Y  0.8820  0.1128 -0.4576
Z -0.4680  0.0941 -0.8787

PART 24
OFFSET  10.5205  0.3593 -15.7631
X -0.4809 -0.8702  0.1069
Y  0.7740 -0.4787 -0.4146
Z  0.4119 -0.1166  0.9037

PART 25
OFFSET  12.4451  0.1178 -14.1432
X  0.0777 -0.9907 -0.1113
Y  0.9923  0.0876 -0.0872
Z  0.0961 -0.1037  0.9900

PART 26
OFFSET  13.4879 -0.3778 -15.0640
X -0.6821 -0.7201  0.1272
Y -0.6926  0.6920  0.2038
Z -0.2348  0.0510 -0.9707

PART 27
OFFSET  12.2870 -1.6458 -14.8401
X -0.8438  0.5132  0.1569
Y  0.4988  0.8579 -0.1233
Z -0.1979 -0.0258 -0.9799

PART 28
OFFSET  11.2732 -1.0203 -14.5898
X -0.1902  0.9788  0.0761
Y  0.9504  0.2030 -0.2357
Z -0.2462  0.0275 -0.9688

PART 29
OFFSET  11.0583  0.0853 -14.5039
X -0.8652 -0.4942 -0.0845
Y  0.4969 -0.8677 -0.0128
Z -0.0670 -0.0531  0.9963

PART 30
OFFSET  13.1549 -0.4467 -16.1151
X -0.7370 -0.6220  0.2645
Y -0.5763  0.7827  0.2351
Z -0.3533  0.0209 -0.9353

PART 31
OFFSET  11.7152 -1.6619 -15.5985
X -0.7341  0.6114  0.2954
Y  0.5928  0.7893 -0.1603
Z -0.3312  0.0574 -0.9418

PART 32
OFFSET  10.6429 -0.7689 -15.1670
X  0.0183  0.9966  0.0806
Y  0.9598  0.0051 -0.2806
Z -0.2800  0.0825 -0.9564

PART 33
OFFSET  10.6609  0.3604 -15.0823
X -0.6092 -0.7727  0.1786
Y  0.6999 -0.6297 -0.3372
Z  0.3730 -0.0804  0.9244

PART 34
OFFSET  11.1466 -0.1018 -16.1187
X -0.2446  0.2411 -0.9392
Y  0.9182  0.3689 -0.1444
Z  0.3117 -0.8977 -0.3116

PART 35
OFFSET  11.9080 -16.5649 -15.8024
X  0.9680  0.1712  0.1835
Y -0.1354  0.9720 -0.1922
Z -0.2113  0.1612  0.9640

PART 36
OFFSET  11.9080 -16.5649 -15.8024
X  0.9680  0.1712  0.1835
Y -0.1354  0.9720 -0.1922
Z -0.2113  0.1612  0.9640

PART 37
OFFSET  14.9828 -15.8026 -14.8983
X  0.9680  0.1712  0.1835
Y -0.1354  0.9720 -0.1922
Z -0.2113  0.1612  0.9640

PART 38
OFFSET  12.9612 -16.0524 -13.9529
X  0.9680  0.1712  0.1835
Y -0.1354  0.9720 -0.1922
Z -0.2113  0.1612  0.9640

PART 39
OFFSET -36.3267 -22.1638 -19.9222
X  0.9758  0.1644  0.1440
Y -0.1354  0.9720 -0.1922
Z -0.1716  0.1681  0.9707

PART 40
OFFSET  13.0678 -16.1580 -14.5600
X  0.9721  0.1678  0.1638
Y -0.1354  0.9720 -0.1922
Z -0.1915  0.1647  0.9676

PART 41
OFFSET  12.9381 -15.5864 -14.3678
X  0.9721  0.1678  0.1638
Y -0.1354  0.9720 -0.1922
Z -0.1915  0.1647  0.9676

PART 42
OFFSET  12.8186 -15.4754 -13.7552
X  0.9721  0.1678  0.1638
Y -0.1354  0.9720 -0.1922
Z -0.1915  0.1647  0.9676

PART 43
OFFSET  12.8340 -15.9509 -13.3498
X  0.9721  0.1678  0.1638
Y -0.1354  0.9720 -0.1922
Z -0.1915  0.1647  0.9676

PART 44
OFFSET  12.9646 -16.5247 -13.5441
X  0.9721  0.1678  0.1638
Y -0.1354  0.9720 -0.1922
Z -0.1915  0.1647  0.9676

PART 45
OFFSET  13.0807 -16.6258 -14.1469
X  0.9721  0.1678  0.1638
Y -0.1354  0.9720 -0.1922
Z -0.1915  0.1647  0.9676

PART 46
OFFSET -33.9104 -21.7726 -19.5681
X  0.9758  0.1644  0.1440
Y -0.1354  0.9720 -0.1922
Z -0.1716  0.1681  0.9707

PART 47
OFFSET  11.5181 -16.2126 -14.7015
X  0.9680  0.1712  0.1835
Y -0.1354  0.9720 -0.1922
Z -0.2113  0.1612  0.9640

PART 48
OFFSET  7.3036  0.8449 -17.0286
X -0.2359  0.0028 -0.9718
Y  0.2645  0.9624 -0.0615
Z  0.9351 -0.2715 -0.2277

PART 49
OFFSET -9.0954 -2.7609 -2.3892
X -0.5996  0.5864  0.5446
Y -0.2921 -0.7939  0.5333
Z  0.7451  0.1607  0.6473

PART 50
OFFSET -1.8441 -9.8531 -8.9755
X -0.5996  0.5866  0.5443
Y -0.7899 -0.5429 -0.2851
Z  0.1283 -0.6009  0.7889

PART 51
OFFSET  3.2562 -14.8425 -13.6053
X -0.5996  0.5866  0.5443
Y -0.7761 -0.2602 -0.5745
Z -0.1953 -0.7669  0.6113

PART 52
OFFSET  4.2294 -14.4592 -15.5878
X -0.5953  0.5916  0.5437
Y -0.1148  0.6071 -0.7863
Z -0.7952 -0.5305 -0.2935

PART 53
OFFSET  5.6647 -14.5888 -14.4112
X -0.5953  0.5916  0.5437
Y -0.1148  0.6071 -0.7863
Z -0.7952 -0.5305 -0.2935

PART 54
OFFSET  5.5201 -15.9015 -13.1737
X -0.5953  0.5916  0.5437
Y -0.1148  0.6071 -0.7863
Z -0.7952 -0.5305 -0.2935

PART 55
OFFSET  5.0945 -16.6409 -15.2741
X -0.9114 -0.2166 -0.3499
Y  0.3947 -0.2198 -0.8921
Z  0.1163 -0.9512  0.2858

PART 56
OFFSET  5.0759 -15.9408 -14.3732
X -0.4116 -0.9037 -0.1180
Y  0.8716 -0.3524 -0.3409
Z  0.2665 -0.2431  0.9327

PART 57
OFFSET  5.8622 -13.9419 -14.1365
X -0.8928 -0.4357 -0.1144
Y  0.4505 -0.8639 -0.2253
Z -0.0007 -0.2527  0.9676

PART 58
OFFSET  7.3304 -13.2617 -14.0736
X -0.9731  0.1417  0.1819
Y -0.1808 -0.9584 -0.2209
Z  0.1430 -0.2478  0.9582

PART 59
OFFSET  8.3791 -13.3873 -14.3103
X -0.8474  0.0663 -0.5268
Y  0.5074  0.3933 -0.7668
Z  0.1563 -0.9170 -0.3669

PART 60
OFFSET  6.2649 -16.5008 -15.9911
X -0.9676 -0.0930  0.2347
Y  0.1695 -0.9282  0.3311
Z  0.1871  0.3602  0.9139

PART 61
OFFSET  8.4454 -16.1256 -16.4259
X -0.1670 -0.9824 -0.0841
Y  0.9834 -0.1721  0.0571
Z -0.0705 -0.0731  0.9948

PART 62
OFFSET  8.6819 -14.7348 -16.3069
X  0.6065 -0.7945 -0.0321
Y  0.7884  0.5957  0.1535
Z -0.1029 -0.1184  0.9876

PART 63
OFFSET  8.1442 -14.0304 -16.2785
X  0.9982  0.0199  0.0570
Y -0.0239  0.9973  0.0699
Z -0.0555 -0.0711  0.9959

PART 64
OFFSET  7.1959 -14.0493 -16.3327
X -0.7405 -0.6310 -0.2315
Y -0.6674  0.7311  0.1419
Z  0.0797  0.2596 -0.9624

PART 65
OFFSET  6.2193 -16.4399 -15.2813
X -0.9879 -0.1443 -0.0573
Y  0.1175 -0.9360  0.3318
Z -0.1015  0.3211  0.9416

PART 66
OFFSET  8.8008 -16.1337 -15.2652
X -0.0734 -0.9803  0.1832
Y  0.9973 -0.0736  0.0059
Z  0.0077  0.1832  0.9830

PART 67
OFFSET  8.9258 -14.4647 -15.5772
X  0.8110 -0.5774  0.0943
Y  0.5851  0.8011 -0.1264
Z -0.0026  0.1577  0.9875

PART 68
OFFSET  7.8019 -13.6644 -15.7079
X  0.9558  0.2911 -0.0398
Y -0.2938  0.9430 -0.1562
Z -0.0079  0.1610  0.9869

PART 69
OFFSET  6.7652 -13.9801 -15.6647
X -0.6157 -0.7693  0.1704
Y -0.7879  0.5979 -0.1474
Z  0.0115 -0.2250 -0.9743

PART 70
OFFSET  1.0298 -17.8662 -15.8227
X -0.9015 -0.4257 -0.0772
Y -0.3606  0.8379 -0.4098
Z  0.2391 -0.3416 -0.9089

PART 71
OFFSET  8.3914 -15.9848 -13.1317
X -0.9090 -0.3709  0.1902
Y  0.4093 -0.8806  0.2390
Z  0.0788  0.2950  0.9522

PART 72
OFFSET  9.9919 -15.3318 -13.4665
X -0.5594 -0.7658  0.3173
Y  0.8267 -0.5435  0.1458
Z  0.0608  0.3438  0.9371

PART 73
OFFSET  10.6756 -14.3800 -13.7953
X -0.0889 -0.9556  0.2809
Y  0.9953 -0.0961 -0.0118
Z  0.0383  0.2785  0.9597

PART 74
OFFSET  10.7760 -13.3006 -14.1126
X -0.8588  0.4762  0.1892
Y  0.3765  0.8369 -0.3973
Z -0.3475 -0.2699 -0.8980

PART 75
OFFSET  8.7015 -16.0757 -14.1881
X  0.0064 -0.9678  0.2518
Y  0.9894  0.0426  0.1386
Z -0.1449  0.2482  0.9578

PART 76
OFFSET  8.6891 -14.1851 -14.6799
X  0.8605 -0.4439  0.2500
Y  0.4932  0.8490 -0.1899
Z -0.1279  0.2867  0.9494

PART 77
OFFSET  7.4323 -13.5367 -15.0451
X  0.9766  0.2082  0.0543
Y -0.1753  0.9161 -0.3605
Z -0.1248  0.3425  0.9312

PART 78
OFFSET  6.3270 -13.7743 -15.1134
X -0.6289 -0.7667  0.1291
Y -0.7699  0.5910 -0.2405
Z  0.1081 -0.2507 -0.9620

PART 79
OFFSET  0.0000 -0.0000 -0.0000
X  1.0000 -0.0000  0.0000
Y  0.0000  1.0000  0.0000
Z  0.0000 -0.0000  1.0000

PART 80
OFFSET  0.0000 -0.0000 -0.0000
X  1.0000 -0.0000  0.0000
Y  0.0000  1.0000  0.0000
Z  0.0000 -0.0000  1.0000

PART 81
OFFSET  1.5404 -0.0000  4.1357
X  1.0000 -0.0000  0.0000
Y  0.0000  1.0000  0.0000
Z  0.0000 -0.0000  1.0000


FRAME 182
PART 0
OFFSET -4.6318 -0.0000 -1.3770
X  1.0000 -0.0000  0.0000
Y  0.0000  1.0000  0.0000
Z  0.0000 -0.0000  1.0000

PART 1
OFFSET -1.9111 -0.4487 -1.8207
X  1.0000 -0.0000  0.0000
Y  0.0000  1.0000  0.0000
Z  0.0000 -0.0000  1.0000

PART 2
OFFSET -1.7776  7.8010 -3.1869
X  0.3572  0.1855 -0.9154
Y -0.1646 -0.9522 -0.2572
Z -0.9194  0.2426 -0.3096

PART 3
OFFSET  2.5425  10.0449 -14.2578
X  0.7814 -0.6073 -0.1437
Y -0.1303 -0.3839  0.9141
Z -0.6103 -0.6956 -0.3791

PART 4
OFFSET  9.1885  4.8797 -15.4800
X  0.7814 -0.6073 -0.1437
Y  0.1696 -0.0150  0.9854
Z -0.6006 -0.7943  0.0913

PART 5
OFFSET  11.1121  5.2185 -16.1701
X  0.7838 -0.6031 -0.1481
Y  0.6099  0.7027  0.3665
Z -0.1170 -0.3776  0.9186

PART 6
OFFSET  9.6989  4.2379 -17.0504
X  0.7838 -0.6031 -0.1481
Y  0.6099  0.7027  0.3665
Z -0.1170 -0.3776  0.9186

PART 7
OFFSET  11.0724  3.8005 -14.0452
X  0.7838 -0.6031 -0.1481
Y  0.6099  0.7027  0.3665
Z -0.1170 -0.3776  0.9186

PART 8
OFFSET  10.1837  2.9101 -14.4195
X  0.7838 -0.6031 -0.1481
Y  0.6099  0.7027  0.3665
Z -0.1170 -0.3776  0.9186

PART 9
OFFSET  9.5173  2.9262 -15.4446
X  0.7838 -0.6031 -0.1481
Y  0.6099  0.7027  0.3665
Z -0.1170 -0.3776  0.9186

PART 10
OFFSET  11.5840  3.0179 -15.9206
X  0.3782 -0.9248  0.0422
Y  0.1180  0.0934  0.9886
Z -0.9182 -0.3689  0.1444

PART 11
OFFSET  11.4910  2.5406 -14.8882
X -0.1541 -0.7250  0.6713
Y  0.1043  0.6637  0.7407
Z -0.9825  0.1841 -0.0267

PART 12
OFFSET  11.1143  1.0526 -13.3672
X  0.0720 -0.9883 -0.1342
Y -0.1481 -0.1437  0.9785
Z -0.9864 -0.0506 -0.1567

PART 13
OFFSET  11.1289 -0.5400 -13.6598
X -0.0194 -0.8555 -0.5175
Y -0.1008 -0.5133  0.8523
Z -0.9947  0.0687 -0.0763

PART 14
OFFSET  11.0606 -1.4707 -14.2084
X  0.6039 -0.7814 -0.1574
Y  0.7970  0.5954  0.1018
Z  0.0142 -0.1869  0.9823

PART 15
OFFSET  11.5921  2.0608 -16.9142
X  0.2477 -0.8746 -0.4168
Y -0.9376 -0.3248  0.1244
Z -0.2442  0.3600 -0.9005

PART 16
OFFSET  12.0693  0.0035 -17.7043
X -0.5996 -0.6982  0.3912
Y -0.6000  0.7156  0.3575
Z -0.5295 -0.0204 -0.8481

PART 17
OFFSET  11.2204 -0.9850 -17.1505
X -0.8174  0.2705  0.5086
Y  0.1890  0.9599 -0.2069
Z -0.5442 -0.0730 -0.8358

PART 18
OFFSET  10.4957 -0.7451 -16.6995
X -0.4166  0.8757  0.2441
Y  0.7436  0.4827 -0.4627
Z -0.5230 -0.0112 -0.8522

PART 19
OFFSET  10.0999  0.0868 -16.4675
X -0.0725 -0.9712  0.2270
Y  0.7633 -0.2005 -0.6141
Z  0.6419  0.1287  0.7559

PART 20
OFFSET  11.8819  1.9710 -16.2681
X  0.3182 -0.9110 -0.2625
Y -0.9300 -0.3536  0.1000
Z -0.1840  0.2124 -0.9597

PART 21
OFFSET  12.7380 -0.3772 -16.9830
X -0.7000 -0.6599  0.2729
Y -0.5479  0.7414  0.3874
Z -0.4579  0.1217 -0.8806

PART 22
OFFSET  11.5462 -1.5007 -16.5185
X -0.6961  0.5683  0.4387
Y  0.5408  0.8170 -0.2000
Z -0.4721  0.0980 -0.8761

PART 23
OFFSET  10.5814 -0.7132 -15.9104
X -0.0558  0.9892  0.1357
Y  0.8820  0.1125 -0.4576
Z -0.4680  0.0941 -0.8787

PART 24
OFFSET  10.5209  0.3596 -15.7633
X -0.4811 -0.8701  0.1070
Y  0.7739 -0.4789 -0.4145
Z  0.4119 -0.1166  0.9037

PART 25
OFFSET  12.4451  0.1178 -14.1432
X  0.0777 -0.9907 -0.1113
Y  0.9923  0.0876 -0.0872
Z  0.0961 -0.1037  0.9900

PART 26
OFFSET  13.4879 -0.3778 -15.0640
X -0.6821 -0.7201  0.1272
Y -0.6926  0.6920  0.2038
Z -0.2348  0.0510 -0.9707

PART 27
OFFSET  12.2870 -1.6457 -14.8401
X -0.8437  0.5133  0.1569
Y  0.4990  0.8578 -0.1233
Z -0.1979 -0.0258 -0.9799

PART 28
OFFSET  11.2733 -1.0201 -14.5899
X -0.1899  0.9789  0.0760
Y  0.9504  0.2027 -0.2357
Z -0.2462  0.0275 -0.9688

PART 29
OFFSET  11.0588  0.0855 -14.5040
X -0.8654 -0.4939 -0.0845
Y  0.4966 -0.8679 -0.0127
Z -0.0670 -0.0530  0.9963

PART 30
OFFSET  13.1549 -0.4467 -16.1151
X -0.7370 -0.6220  0.2645
Y -0.5762  0.7827  0.2351
Z -0.3533  0.0209 -0.9353

PART 31
OFFSET  11.7151 -1.6619 -15.5985
X -0.7340  0.6115  0.2954
Y  0.5929  0.7892 -0.1604
Z -0.3312  0.0574 -0.9418

PART 32
OFFSET  10.6430 -0.7687 -15.1670
X  0.0185  0.9966  0.0805
Y  0.9598  0.0049 -0.2806
Z -0.2800  0.0825 -0.9564

PART 33
OFFSET  10.6612  0.3606 -15.0824
X -0.6093 -0.7726  0.1786
Y  0.6998 -0.6298 -0.3371
Z  0.3730 -0.0804  0.9244

PART 34
OFFSET  11.1466 -0.1018 -16.1187
X -0.2446  0.2411 -0.9392
Y  0.9182  0.3689 -0.1444
Z  0.3117 -0.8977 -0.3116

PART 35
OFFSET  12.1762 -15.5321 -14.1167
X  0.9810  0.1633  0.1047
Y -0.1402  0.9699 -0.1992
Z -0.1340  0.1807  0.9744

PART 36
OFFSET  12.1762 -15.5321 -14.1167
X  0.9810  0.1633  0.1047
Y -0.1402  0.9699 -0.1992
Z -0.1340  0.1807  0.9744

PART 37
OFFSET  15.3194 -14.7891 -13.4683
X  0.9810  0.1633  0.1047
Y -0.1402  0.9699 -0.1992
Z -0.1340  0.1807  0.9744

PART 38
OFFSET  13.3751 -14.9989 -12.3643
X  0.9810  0.1633  0.1047
Y -0.1402  0.9699 -0.1992
Z -0.1340  0.1807  0.9744

PART 39
OFFSET -36.2866 -20.6504 -14.3763
X  0.9857  0.1558  0.0648
Y -0.1402  0.9699 -0.1992
Z -0.0939  0.1873  0.9778

PART 40
OFFSET  13.4331 -15.1164 -12.9758
X  0.9835  0.1596  0.0847
Y -0.1402  0.9699 -0.1992
Z -0.1139  0.1840  0.9763

PART 41
OFFSET  13.3245 -14.5401 -12.7848
X  0.9835  0.1596  0.0847
Y -0.1402  0.9699 -0.1992
Z -0.1139  0.1840  0.9763

PART 42
OFFSET  13.2542 -14.4169 -12.1669
X  0.9835  0.1596  0.0847
Y -0.1402  0.9699 -0.1992
Z -0.1139  0.1840  0.9763

PART 43
OFFSET  13.2963 -14.8852 -11.7552
X  0.9835  0.1596  0.0847
Y -0.1402  0.9699 -0.1992
Z -0.1139  0.1840  0.9763

PART 44
OFFSET  13.4056 -15.4638 -11.9483
X  0.9835  0.1596  0.0847
Y -0.1402  0.9699 -0.1992
Z -0.1139  0.1840  0.9763

PART 45
OFFSET  13.4735 -15.5770 -12.5564
X  0.9835  0.1596  0.0847
Y -0.1402  0.9699 -0.1992
Z -0.1139  0.1840  0.9763

PART 46
OFFSET -33.8463 -20.2807 -14.2181
X  0.9857  0.1558  0.0648
Y -0.1402  0.9699 -0.1992
Z -0.0939  0.1873  0.9778

PART 47
OFFSET  11.8766 -15.1558 -12.9956
X  0.9810  0.1633  0.1047
Y -0.1402  0.9699 -0.1992
Z -0.1340  0.1807  0.9744

PART 48
OFFSET  7.3036  0.8449 -17.0286
X -0.2359  0.0028 -0.9718
Y  0.2645  0.9624 -0.0615
Z  0.9351 -0.2715 -0.2277

PART 49
OFFSET -9.0954 -2.7609 -2.3892
X -0.6413  0.5826  0.4993
Y -0.3318 -0.7973  0.5043
Z  0.6919  0.1577  0.7046

PART 50
OFFSET -1.3401 -9.8074 -8.4276
X -0.6413  0.5828  0.4990
Y -0.7644 -0.5421 -0.3492
Z  0.0670 -0.6054  0.7931

PART 51
OFFSET  4.1145 -14.7646 -12.6721
X -0.6413  0.5828  0.4990
Y -0.7355 -0.2816 -0.6163
Z -0.2186 -0.7622  0.6093

PART 52
OFFSET  5.2394 -14.3688 -14.5701
X -0.6370  0.5878  0.4987
Y -0.0538  0.6115 -0.7894
Z -0.7690 -0.5296 -0.3579

PART 53
OFFSET  6.5783 -14.5037 -13.2854
X -0.6370  0.5878  0.4987
Y -0.0538  0.6115 -0.7894
Z -0.7690 -0.5296 -0.3579

PART 54
OFFSET  6.3392 -15.8236 -12.0706
X -0.6370  0.5878  0.4987
Y -0.0538  0.6115 -0.7894
Z -0.7690 -0.5296 -0.3579

PART 55
OFFSET  6.0806 -16.5513 -14.2021
X -0.9380 -0.2123 -0.2740
Y  0.3219 -0.2401 -0.9158
Z  0.1286 -0.9472  0.2936

PART 56
OFFSET  6.1391 -15.8352 -13.3156
X -0.4285 -0.9009 -0.0689
Y  0.8388 -0.3684 -0.4009
Z  0.3358 -0.2296  0.9135

PART 57
OFFSET  6.9614 -13.8416 -13.1778
X -0.9033 -0.4275 -0.0367
Y  0.4229 -0.8728 -0.2434
Z  0.0720 -0.2354  0.9692

PART 58
OFFSET  8.4368 -13.1772 -13.2416
X -0.9545  0.1560  0.2542
Y -0.2071 -0.9600 -0.1884
Z  0.2146 -0.2324  0.9486

PART 59
OFFSET  9.4627 -13.3190 -13.5567
X -0.8851  0.0666 -0.4605
Y  0.4501  0.3738 -0.8110
Z  0.1181 -0.9251 -0.3608

PART 60
OFFSET  7.1930 -16.4374 -15.0102
X -0.9473 -0.0777  0.3108
Y  0.1855 -0.9241  0.3342
Z  0.2612  0.3742  0.8898

PART 61
OFFSET  9.3367 -16.0949 -15.6198
X -0.1829 -0.9817 -0.0526
Y  0.9831 -0.1823 -0.0162
Z  0.0064 -0.0546  0.9985

PART 62
OFFSET  9.5957 -14.7050 -15.5454
X  0.5941 -0.8018 -0.0643
Y  0.8039  0.5892  0.0808
Z -0.0269 -0.0997  0.9947

PART 63
OFFSET  9.0689 -13.9941 -15.4884
X  0.9997  0.0095 -0.0210
Y -0.0083  0.9986  0.0530
Z  0.0214 -0.0528  0.9984

PART 64
OFFSET  8.1191 -14.0031 -15.4685
X -0.7625 -0.6265 -0.1616
Y -0.6469  0.7411  0.1796
Z  0.0072  0.2415 -0.9704

PART 65
OFFSET  7.2033 -16.3634 -14.3002
X -0.9907 -0.1340  0.0222
Y  0.1336 -0.9312  0.3390
Z -0.0247  0.3389  0.9405

PART 66
OFFSET  9.7812 -16.0865 -14.4902
X -0.0688 -0.9760  0.2066
Y  0.9939 -0.0849 -0.0702
Z  0.0860  0.2005  0.9759

PART 67
OFFSET  9.8984 -14.4248 -14.8419
X  0.8100 -0.5849  0.0418
Y  0.5815  0.7920 -0.1863
Z  0.0758  0.1752  0.9816

PART 68
OFFSET  8.7757 -13.6142 -14.8999
X  0.9527  0.2794 -0.1193
Y -0.2955  0.9434 -0.1505
Z  0.0705  0.1786  0.9814

PART 69
OFFSET  7.7424 -13.9172 -14.7705
X -0.6083 -0.7591  0.2320
Y -0.7909  0.6042 -0.0969
Z -0.0666 -0.2424 -0.9679

PART 70
OFFSET  1.9734 -17.7395 -14.4107
X -0.9090 -0.4167  0.0009
Y -0.3829  0.8346 -0.3961
Z  0.1643 -0.3604 -0.9182

PART 71
OFFSET  9.5406 -15.8951 -12.3345
X -0.8951 -0.3571  0.2671
Y  0.4178 -0.8808  0.2228
Z  0.1557  0.3110  0.9376

PART 72
OFFSET  11.1165 -15.2664 -12.8047
X -0.5408 -0.7535  0.3739
Y  0.8299 -0.5503  0.0913
Z  0.1370  0.3597  0.9229

PART 73
OFFSET  11.7822 -14.3286 -13.2033
X -0.0765 -0.9494  0.3047
Y  0.9903 -0.1078 -0.0873
Z  0.1157  0.2951  0.9484

PART 74
OFFSET  11.8686 -13.2562 -13.5474
X -0.8365  0.4894  0.2464
Y  0.3530  0.8253 -0.4408
Z -0.4191 -0.2818 -0.8631

PART 75
OFFSET  9.7666 -16.0083 -13.4099
X  0.0162 -0.9632  0.2684
Y  0.9976  0.0337  0.0606
Z -0.0674  0.2668  0.9614

PART 76
OFFSET  9.7350 -14.1267 -13.9343
X  0.8728 -0.4492  0.1907
Y  0.4854  0.8397 -0.2434
Z -0.0508  0.3050  0.9510

PART 77
OFFSET  8.4601 -13.4705 -14.2129
X  0.9799  0.1979 -0.0255
Y -0.1936  0.9115 -0.3628
Z -0.0485  0.3604  0.9315

PART 78
OFFSET  7.3505 -13.6967 -14.1908
X -0.6246 -0.7570  0.1917
Y -0.7803  0.5955 -0.1910
Z  0.0304 -0.2689 -0.9627

PART 79
OFFSET  0.0000 -0.0000 -0.0000
X  1.0000 -0.0000  0.0000
Y  0.0000  1.0000  0.0000
Z  0.0000 -0.0000  1.0000

PART 80
OFFSET  0.0000 -0.0000 -0.0000
X  1.0000 -0.0000  0.0000
Y  0.0000  1.0000  0.0000
Z  0.0000 -0.0000  1.0000

PART 81
OFFSET  1.5404 -0.0000  4.1357
X  1.0000 -0.0000  0.0000
Y  0.0000  1.0000  0.0000
Z  0.0000 -0.0000  1.0000


FRAME 183
PART 0
OFFSET -4.6318 -0.0000 -1.3770
X  1.0000 -0.0000  0.0000
Y  0.0000  1.0000  0.0000
Z  0.0000 -0.0000  1.0000

PART 1
OFFSET -1.9111 -0.4487 -1.8207
X  1.0000 -0.0000  0.0000
Y  0.0000  1.0000  0.0000
Z  0.0000 -0.0000  1.0000

PART 2
OFFSET -1.7776  7.8010 -3.1869
X  0.3653  0.1946 -0.9103
Y -0.1775 -0.9454 -0.2733
Z -0.9138  0.2614 -0.3108

PART 3
OFFSET  2.6400  10.1539 -14.1965
X  0.7730 -0.6167 -0.1490
Y -0.1414 -0.3963  0.9072
Z -0.6185 -0.6801 -0.3935

PART 4
OFFSET  9.2143  4.9086 -15.4638
X  0.7730 -0.6167 -0.1490
Y  0.1716 -0.0229  0.9849
Z -0.6108 -0.7869  0.0881

PART 5
OFFSET  11.1468  5.2290 -16.1377
X  0.7755 -0.6125 -0.1533
Y  0.6183  0.6875  0.3810
Z -0.1280 -0.3902  0.9118

PART 6
OFFSET  9.7241  4.2841 -17.0413
X  0.7755 -0.6125 -0.1533
Y  0.6183  0.6875  0.3810
Z -0.1280 -0.3902  0.9118

PART 7
OFFSET  11.0734  3.7784 -14.0358
X  0.7755 -0.6125 -0.1533
Y  0.6183  0.6875  0.3810
Z -0.1280 -0.3902  0.9118

PART 8
OFFSET  10.1735  2.9076 -14.4292
X  0.7755 -0.6125 -0.1533
Y  0.6183  0.6875  0.3810
Z -0.1280 -0.3902  0.9118

PART 9
OFFSET  9.5134  2.9500 -15.4576
X  0.7755 -0.6125 -0.1533
Y  0.6183  0.6875  0.3810
Z -0.1280 -0.3902  0.9118

PART 10
OFFSET  11.5840  3.0179 -15.9206
X  0.3782 -0.9248  0.0422
Y  0.1180  0.0934  0.9886
Z -0.9182 -0.3689  0.1444

PART 11
OFFSET  11.4910  2.5406 -14.8882
X -0.1541 -0.7250  0.6713
Y  0.1042  0.6637  0.7407
Z -0.9826  0.1841 -0.0267

PART 12
OFFSET  11.1143  1.0526 -13.3672
X  0.0720 -0.9883 -0.1343
Y -0.1481 -0.1437  0.9785
Z -0.9863 -0.0506 -0.1567

PART 13
OFFSET  11.1289 -0.5400 -13.6598
X -0.0193 -0.8555 -0.5175
Y -0.1009 -0.5133  0.8523
Z -0.9947  0.0687 -0.0763

PART 14
OFFSET  11.0607 -1.4707 -14.2084
X  0.6039 -0.7814 -0.1573
Y  0.7969  0.5954  0.1018
Z  0.0142 -0.1868  0.9823

PART 15
OFFSET  11.5921  2.0608 -16.9142
X  0.2477 -0.8746 -0.4168
Y -0.9376 -0.3248  0.1244
Z -0.2442  0.3600 -0.9005

PART 16
OFFSET  12.0693  0.0035 -17.7043
X -0.5996 -0.6982  0.3912
Y -0.6000  0.7157  0.3575
Z -0.5295 -0.0203 -0.8480

PART 17
OFFSET  11.2204 -0.9849 -17.1504
X -0.8174  0.2706  0.5086
Y  0.1890  0.9599 -0.2069
Z -0.5442 -0.0730 -0.8358

PART 18
OFFSET  10.4957 -0.7450 -16.6995
X -0.4165  0.8758  0.2441
Y  0.7436  0.4826 -0.4627
Z -0.5230 -0.0112 -0.8522

PART 19
OFFSET  10.1000  0.0870 -16.4676
X -0.0726 -0.9712  0.2270
Y  0.7633 -0.2006 -0.6141
Z  0.6419  0.1287  0.7559

PART 20
OFFSET  11.8819  1.9710 -16.2681
X  0.3182 -0.9110 -0.2625
Y -0.9300 -0.3536  0.1000
Z -0.1840  0.2124 -0.9597

PART 21
OFFSET  12.7380 -0.3772 -16.9830
X -0.7001 -0.6599  0.2729
Y -0.5479  0.7414  0.3874
Z -0.4579  0.1217 -0.8806

PART 22
OFFSET  11.5462 -1.5007 -16.5185
X -0.6961  0.5683  0.4387
Y  0.5409  0.8169 -0.2001
Z -0.4721  0.0981 -0.8761

PART 23
OFFSET  10.5815 -0.7131 -15.9104
X -0.0557  0.9892  0.1356
Y  0.8820  0.1124 -0.4577
Z -0.4680  0.0941 -0.8787

PART 24
OFFSET  10.5210  0.3597 -15.7633
X -0.4812 -0.8700  0.1071
Y  0.7738 -0.4790 -0.4145
Z  0.4119 -0.1166  0.9037

PART 25
OFFSET  12.4451  0.1178 -14.1432
X  0.0777 -0.9907 -0.1113
Y  0.9923  0.0876 -0.0872
Z  0.0961 -0.1037  0.9900

PART 26
OFFSET  13.4879 -0.3779 -15.0640
X -0.6821 -0.7201  0.1272
Y -0.6926  0.6920  0.2038
Z -0.2348  0.0510 -0.9707

PART 27
OFFSET  12.2870 -1.6458 -14.8401
X -0.8437  0.5134  0.1569
Y  0.4990  0.8578 -0.1234
Z -0.1979 -0.0258 -0.9799

PART 28
OFFSET  11.2734 -1.0201 -14.5899
X -0.1898  0.9789  0.0760
Y  0.9505  0.2026 -0.2357
Z -0.2462  0.0275 -0.9688

PART 29
OFFSET  11.0590  0.0856 -14.5040
X -0.8655 -0.4938 -0.0844
Y  0.4965 -0.8680 -0.0127
Z -0.0670 -0.0529  0.9963

PART 30
OFFSET  13.1549 -0.4467 -16.1151
X -0.7370 -0.6220  0.2645
Y -0.5762  0.7827  0.2351
Z -0.3533  0.0209 -0.9353

PART 31
OFFSET  11.7151 -1.6618 -15.5985
X -0.7340  0.6116  0.2954
Y  0.5929  0.7891 -0.1604
Z -0.3312  0.0574 -0.9418

PART 32
OFFSET  10.6430 -0.7686 -15.1670
X  0.0185  0.9966  0.0805
Y  0.9598  0.0048 -0.2806
Z -0.2800  0.0824 -0.9564

PART 33
OFFSET  10.6614  0.3607 -15.0824
X -0.6094 -0.7725  0.1787
Y  0.6997 -0.6299 -0.3371
Z  0.3730 -0.0804  0.9244

PART 34
OFFSET  11.1466 -0.1018 -16.1187
X -0.2446  0.2411 -0.9392
Y  0.9182  0.3689 -0.1444
Z  0.3117 -0.8977 -0.3116

PART 35
OFFSET  12.6082 -14.0504 -11.7400
X  0.9887  0.1497 -0.0051
Y -0.1476  0.9674 -0.2060
Z -0.0259  0.2044  0.9785

PART 36
OFFSET  12.6082 -14.0504 -11.7400
X  0.9887  0.1497 -0.0051
Y -0.1476  0.9674 -0.2060
Z -0.0259  0.2044  0.9785

PART 37
OFFSET  15.8129 -13.3441 -11.4505
X  0.9887  0.1497 -0.0051
Y -0.1476  0.9674 -0.2060
Z -0.0259  0.2044  0.9785

PART 38
OFFSET  13.9960 -13.4980 -10.1396
X  0.9887  0.1497 -0.0051
Y -0.1476  0.9674 -0.2060
Z -0.0259  0.2044  0.9785

PART 39
OFFSET -35.6662 -18.3901 -6.6756
X  0.9889  0.1412 -0.0451
Y -0.1476  0.9674 -0.2060
Z  0.0145  0.2103  0.9775

PART 40
OFFSET  13.9863 -13.6299 -10.7508
X  0.9890  0.1455 -0.0251
Y -0.1476  0.9674 -0.2060
Z -0.0057  0.2074  0.9782

PART 41
OFFSET  13.9068 -13.0479 -10.5630
X  0.9890  0.1455 -0.0251
Y -0.1476  0.9674 -0.2060
Z -0.0057  0.2074  0.9782

PART 42
OFFSET  13.9050 -12.9099 -9.9442
X  0.9890  0.1455 -0.0251
Y -0.1476  0.9674 -0.2060
Z -0.0057  0.2074  0.9782

PART 43
OFFSET  13.9848 -13.3696 -9.5284
X  0.9890  0.1455 -0.0251
Y -0.1476  0.9674 -0.2060
Z -0.0057  0.2074  0.9782

PART 44
OFFSET  14.0648 -13.9541 -9.7183
X  0.9890  0.1455 -0.0251
Y -0.1476  0.9674 -0.2060
Z -0.0057  0.2074  0.9782

PART 45
OFFSET  14.0652 -14.0817 -10.3273
X  0.9890  0.1455 -0.0251
Y -0.1476  0.9674 -0.2060
Z -0.0057  0.2074  0.9782

PART 46
OFFSET -33.2183 -18.0565 -6.7890
X  0.9889  0.1412 -0.0451
Y -0.1476  0.9674 -0.2060
Z  0.0145  0.2103  0.9775

PART 47
OFFSET  12.4363 -13.6446 -10.6025
X  0.9887  0.1497 -0.0051
Y -0.1476  0.9674 -0.2060
Z -0.0259  0.2044  0.9785

PART 48
OFFSET  7.3036  0.8449 -17.0286
X -0.2359  0.0028 -0.9718
Y  0.2645  0.9624 -0.0615
Z  0.9351 -0.2715 -0.2277

PART 49
OFFSET -9.0954 -2.7609 -2.3892
X -0.7068  0.5688  0.4206
Y -0.3749 -0.8054  0.4591
Z  0.5999  0.1668  0.7825

PART 50
OFFSET -0.5474 -9.6397 -7.4758
X -0.7068  0.5690  0.4203
Y -0.7072 -0.5541 -0.4392
Z -0.0170 -0.6077  0.7940

PART 51
OFFSET  5.4644 -14.4790 -11.0509
X -0.7068  0.5690  0.4203
Y -0.6576 -0.3094 -0.6869
Z -0.2608 -0.7619  0.5928

PART 52
OFFSET  6.8002 -14.0545 -12.8001
X -0.7026  0.5741  0.4206
Y  0.0296  0.6140 -0.7887
Z -0.7110 -0.5417 -0.4484

PART 53
OFFSET  7.9786 -14.1713 -11.3652
X -0.7026  0.5741  0.4206
Y  0.0296  0.6140 -0.7887
Z -0.7110 -0.5417 -0.4484

PART 54
OFFSET  7.6205 -15.5009 -10.1907
X -0.7026  0.5741  0.4206
Y  0.0296  0.6140 -0.7887
Z -0.7110 -0.5417 -0.4484

PART 55
OFFSET  7.6313 -16.2233 -12.3396
X -0.9649 -0.2031 -0.1667
Y  0.2181 -0.2655 -0.9391
Z  0.1465 -0.9425  0.3005

PART 56
OFFSET  7.7947 -15.4888 -11.4817
X -0.4457 -0.8952 -0.0011
Y  0.7857 -0.3906 -0.4797
Z  0.4290 -0.2147  0.8774

PART 57
OFFSET  8.6543 -13.5061 -11.4803
X -0.9077 -0.4135  0.0706
Y  0.3823 -0.8847 -0.2666
Z  0.1727 -0.2150  0.9612

PART 58
OFFSET  10.1232 -12.8673 -11.7179
X -0.9194  0.1770  0.3514
Y -0.2392 -0.9605 -0.1422
Z  0.3123 -0.2148  0.9254

PART 59
OFFSET  11.1072 -13.0325 -12.1378
X -0.9286  0.0707 -0.3643
Y  0.3652  0.3484 -0.8633
Z  0.0659 -0.9347 -0.3494

PART 60
OFFSET  8.6517 -16.1453 -13.2649
X -0.9093 -0.0555  0.4124
Y  0.2077 -0.9193  0.3342
Z  0.3606  0.3895  0.8475

PART 61
OFFSET  10.7218 -15.8510 -14.1090
X -0.2009 -0.9796 -0.0093
Y  0.9731 -0.1985 -0.1173
Z  0.1131 -0.0326  0.9931

PART 62
OFFSET  11.0063 -14.4642 -14.0958
X  0.5727 -0.8125 -0.1086
Y  0.8159  0.5778 -0.0200
Z  0.0790 -0.0772  0.9939

PART 63
OFFSET  10.4985 -13.7438 -13.9995
X  0.9917 -0.0071 -0.1283
Y  0.0111  0.9995  0.0299
Z  0.1281 -0.0310  0.9913

PART 64
OFFSET  9.5564 -13.7370 -13.8776
X -0.7840 -0.6175 -0.0639
Y -0.6136  0.7552  0.2304
Z -0.0940  0.2199 -0.9710

PART 65
OFFSET  8.7394 -16.0557 -12.5621
X -0.9843 -0.1175  0.1316
Y  0.1565 -0.9255  0.3448
Z  0.0813  0.3600  0.9294

PART 66
OFFSET  11.2855 -15.8248 -13.0341
X -0.0595 -0.9700  0.2359
Y  0.9793 -0.1025 -0.1744
Z  0.1933  0.2206  0.9560

PART 67
OFFSET  11.3868 -14.1734 -13.4357
X  0.8017 -0.5968 -0.0315
Y  0.5688  0.7781 -0.2664
Z  0.1835  0.1957  0.9634

PART 68
OFFSET  10.2756 -13.3462 -13.3921
