// Export filename: `C:\projects\cod\t5\xanim_export\t5_viewmodels\python\python_flashlight_putaway_quick.XANIM_EXPORT`
// Source filename: `D:\projects\devanim\t5\animation_assets\viewmodels/python/flashlight/ViewModel_python_flashlight_animated.fbx`
// Export time: Sat Apr 17 20:11:04 2010

ANIMATION
VERSION 3

NUMPARTS 82
PART 0 "tag_ads"
PART 1 "tag_torso"
PART 2 "J_Shoulder_LE"
PART 3 "J_Elbow_LE"
PART 4 "J_WristTwist_LE"
PART 5 "J_Sleave_Reshape_Bottom_LE_1"
PART 6 "J_Sleave_Reshape_Bottom_LE_2"
PART 7 "J_Sleave_Reshape_Top_LE_1"
PART 8 "J_Sleave_Reshape_Top_LE_2"
PART 9 "J_Sleave_Reshape_Top_LE_3"
PART 10 "J_Wrist_LE"
PART 11 "J_Thumb_LE_0"
PART 12 "J_Thumb_LE_1"
PART 13 "J_Thumb_LE_2"
PART 14 "J_Thumb_LE_3"
PART 15 "J_PinkyPalm_LE"
PART 16 "J_Pinky_LE_0"
PART 17 "J_Pinky_LE_1"
PART 18 "J_Pinky_LE_2"
PART 19 "J_Pinky_LE_3"
PART 20 "J_RingPalm_LE"
PART 21 "J_Ring_LE_0"
PART 22 "J_Ring_LE_1"
PART 23 "J_Ring_LE_2"
PART 24 "J_Ring_LE_3"
PART 25 "J_Webbing_LE"
PART 26 "J_Index_LE_0"
PART 27 "J_Index_LE_1"
PART 28 "J_Index_LE_2"
PART 29 "J_Index_LE_3"
PART 30 "J_Mid_LE_0"
PART 31 "J_Mid_LE_1"
PART 32 "J_Mid_LE_2"
PART 33 "J_Mid_LE_3"
PART 34 "tag_knife_attach"
PART 35 "tag_weapon"
PART 36 "J_Gun"
PART 37 "TAG_CLIP"
PART 38 "J_Bolt"
PART 39 "tag_speedloader"
PART 40 "tag_spent0"
PART 41 "tag_spent1"
PART 42 "tag_spent2"
PART 43 "tag_spent3"
PART 44 "tag_spent4"
PART 45 "tag_spent5"
PART 46 "tag_bullets"
PART 47 "J_Press_Rear"
PART 48 "J_Flashlight"
PART 49 "J_Shoulder_RI"
PART 50 "J_Elbow_RI"
PART 51 "J_WristTwist_RI"
PART 52 "J_Sleave_Reshape_Top_RI_3"
PART 53 "J_Sleave_Reshape_Top_RI_2"
PART 54 "J_Sleave_Reshape_Top_RI_1"
PART 55 "J_Wrist_RI"
PART 56 "J_Thumb_RI_0"
PART 57 "J_Thumb_RI_1"
PART 58 "J_Thumb_RI_2"
PART 59 "J_Thumb_RI_3"
PART 60 "J_PinkyPalm_RI"
PART 61 "J_Pinky_RI_0"
PART 62 "J_Pinky_RI_1"
PART 63 "J_Pinky_RI_2"
PART 64 "J_Pinky_RI_3"
PART 65 "J_RingPalm_RI"
PART 66 "J_Ring_RI_0"
PART 67 "J_Ring_RI_1"
PART 68 "J_Ring_RI_2"
PART 69 "J_Ring_RI_3"
PART 70 "J_Webbing_RI"
PART 71 "J_Index_RI_0"
PART 72 "J_Index_RI_1"
PART 73 "J_Index_RI_2"
PART 74 "J_Index_RI_3"
PART 75 "J_Mid_RI_0"
PART 76 "J_Mid_RI_1"
PART 77 "J_Mid_RI_2"
PART 78 "J_Mid_RI_3"
PART 79 "tag_cambone"
PART 80 "tag_camera"
PART 81 "tag_gasmask"

FRAMERATE 30
NUMFRAMES 12

FRAME 150
PART 0
OFFSET -4.6318 -0.0000 -1.3770
X  1.0000 -0.0000  0.0000
Y  0.0000  1.0000  0.0000
Z  0.0000 -0.0000  1.0000

PART 1
OFFSET -1.9111 -0.4487 -1.8207
X  1.0000 -0.0000  0.0000
Y  0.0000  1.0000  0.0000
Z  0.0000 -0.0000  1.0000

PART 2
OFFSET -1.7776  7.8010 -3.1869
X  0.9139 -0.1836 -0.3621
Y -0.3734 -0.7304 -0.5719
Z -0.1595  0.6578 -0.7361

PART 3
OFFSET  9.2746  5.5803 -7.5665
X  0.2678 -0.9436  0.1946
Y -0.8753 -0.1539  0.4583
Z -0.4025 -0.2931 -0.8672

PART 4
OFFSET  11.5527 -2.4455 -5.9113
X  0.2678 -0.9436  0.1946
Y -0.9274 -0.3072 -0.2134
Z  0.2611 -0.1233 -0.9574

PART 5
OFFSET  13.2742 -3.2710 -5.1076
X  0.2741 -0.9419  0.1943
Y  0.4142  0.2979  0.8600
Z -0.8679 -0.1553  0.4718

PART 6
OFFSET  12.6294 -3.4232 -6.9228
X  0.2741 -0.9419  0.1943
Y  0.4142  0.2979  0.8600
Z -0.8679 -0.1553  0.4718

PART 7
OFFSET  11.1509 -4.2099 -4.0410
X  0.2741 -0.9419  0.1943
Y  0.4142  0.2979  0.8600
Z -0.8679 -0.1553  0.4718

PART 8
OFFSET  10.4983 -4.5154 -5.1381
X  0.2741 -0.9419  0.1943
Y  0.4142  0.2979  0.8600
Z -0.8679 -0.1553  0.4718

PART 9
OFFSET  10.8297 -4.2518 -6.2852
X  0.2741 -0.9419  0.1943
Y  0.4142  0.2979  0.8600
Z -0.8679 -0.1553  0.4718

PART 10
OFFSET  12.3738 -5.3383 -5.3148
X -0.3075 -0.7926  0.5266
Y -0.8988  0.0603 -0.4341
Z  0.3123 -0.6068 -0.7310

PART 11
OFFSET  11.4962 -5.8857 -5.7969
X -0.5584 -0.7800 -0.2826
Y -0.6366  0.6213 -0.4568
Z  0.5319 -0.0752 -0.8435

PART 12
OFFSET  10.2573 -7.5110 -6.4992
X -0.0083 -0.9280  0.3724
Y -0.7799 -0.2271 -0.5832
Z  0.6258 -0.2953 -0.7219

PART 13
OFFSET  10.3605 -9.0287 -5.9441
X  0.3923 -0.7932  0.4657
Y -0.7208 -0.5797 -0.3801
Z  0.5715 -0.1865 -0.7991

PART 14
OFFSET  10.7987 -9.9049 -5.4835
X -0.2260 -0.5852  0.7788
Y -0.4449  0.7732  0.4519
Z -0.8666 -0.2444 -0.4351

PART 15
OFFSET  13.1391 -6.1962 -4.5521
X  0.1564 -0.7506  0.6420
Y  0.3431 -0.5682 -0.7479
Z  0.9262  0.3372  0.1687

PART 16
OFFSET  13.3976 -8.0015 -3.2260
X -0.0899 -0.8575 -0.5066
Y  0.0641  0.5026 -0.8621
Z  0.9939 -0.1100  0.0097

PART 17
OFFSET  13.2703 -9.2155 -3.9432
X  0.0044 -0.0055 -1.0000
Y  0.1653  0.9862 -0.0046
Z  0.9862 -0.1653  0.0053

PART 18
OFFSET  13.2742 -9.2203 -4.8298
X  0.0797  0.7006 -0.7091
Y  0.0605  0.7067  0.7049
Z  0.9950 -0.0991  0.0140

PART 19
OFFSET  13.3500 -8.5547 -5.5035
X -0.2428 -0.9651  0.0978
Y  0.1201  0.0702  0.9903
Z -0.9626  0.2522  0.0989

PART 20
OFFSET  12.4305 -6.2457 -4.6227
X -0.0147 -0.7764  0.6300
Y  0.3577 -0.5925 -0.7218
Z  0.9337  0.2147  0.2864

PART 21
OFFSET  12.4070 -8.2354 -2.9497
X  0.0664 -0.8400 -0.5386
Y  0.0107  0.5403 -0.8414
Z  0.9977  0.0501  0.0448

PART 22
OFFSET  12.5200 -9.6654 -3.8666
X  0.0279  0.3161 -0.9483
Y -0.0339  0.9484  0.3152
Z  0.9990  0.0233  0.0372

PART 23
OFFSET  12.5587 -9.2272 -5.1809
X -0.0023  0.9189 -0.3945
Y -0.0477  0.3939  0.9179
Z  0.9989  0.0209  0.0430

PART 24
OFFSET  12.5562 -8.2306 -5.6087
X  0.0783 -0.9769 -0.1990
Y -0.0807 -0.2052  0.9754
Z -0.9937 -0.0603 -0.0949

PART 25
OFFSET  10.1660 -8.0110 -4.7726
X -0.0287 -0.9261  0.3761
Y -0.4230  0.3522  0.8349
Z -0.9057 -0.1352 -0.4019

PART 26
OFFSET  10.3816 -8.1556 -3.3187
X  0.1770 -0.8813 -0.4382
Y  0.2369  0.4703 -0.8501
Z  0.9553  0.0466  0.2920

PART 27
OFFSET  10.6932 -9.7072 -4.0902
X  0.3401  0.2444 -0.9081
Y -0.0702  0.9695  0.2347
Z  0.9378 -0.0161  0.3469

PART 28
OFFSET  11.0497 -9.4091 -5.2152
X  0.1241  0.8706 -0.4761
Y -0.2600  0.4916  0.8311
Z  0.9576  0.0207  0.2874

PART 29
OFFSET  11.1899 -8.4258 -5.7530
X  0.4637 -0.7214 -0.5144
Y -0.3231 -0.6783  0.6599
Z -0.8250 -0.1398 -0.5476

PART 30
OFFSET  11.4455 -8.2453 -3.0351
X  0.0951 -0.8119 -0.5759
Y  0.1590  0.5835 -0.7964
Z  0.9827 -0.0158  0.1846

PART 31
OFFSET  11.6313 -9.8315 -4.1602
X  0.1742  0.3601 -0.9165
Y -0.0942  0.9326  0.3485
Z  0.9802  0.0257  0.1964

PART 32
OFFSET  11.8857 -9.3055 -5.4989
X  0.0107  0.9530 -0.3027
Y -0.2471  0.2959  0.9227
Z  0.9689  0.0649  0.2386

PART 33
OFFSET  11.9048 -8.2259 -5.8407
X  0.0877 -0.9239 -0.3725
Y -0.1232 -0.3811  0.9163
Z -0.9885 -0.0344 -0.1472

PART 34
OFFSET  12.5003 -8.4443 -4.7671
X  0.9495  0.2250  0.2188
Y -0.3123  0.6068  0.7310
Z  0.0317 -0.7623  0.6464

PART 35
OFFSET  16.8463 -3.0985 -2.7029
X  1.0000 -0.0000  0.0000
Y  0.0000  1.0000  0.0000
Z  0.0000 -0.0000  1.0000

PART 36
OFFSET  16.8463 -3.0985 -2.7029
X  1.0000 -0.0000  0.0000
Y  0.0000  1.0000  0.0000
Z  0.0000 -0.0000  1.0000

PART 37
OFFSET  20.1191 -2.9478 -2.3581
X  1.0000 -0.0000  0.0000
Y  0.0000  1.0000  0.0000
Z  0.0000 -0.0000  1.0000

PART 38
OFFSET  18.2929 -3.0986 -1.0598
X  1.0000  0.0000 -0.0000
Y -0.0000  1.0000  0.0000
Z  0.0000  0.0000  1.0000

PART 39
OFFSET -31.5592 -1.2165  2.6144
X  0.9992 -0.0000 -0.0408
Y  0.0000  1.0000  0.0000
Z  0.0408 -0.0000  0.9992

PART 40
OFFSET  18.2666 -3.0989 -1.6846
X  0.9998 -0.0000 -0.0204
Y -0.0000  1.0000 -0.0000
Z  0.0204  0.0000  0.9998

PART 41
OFFSET  18.2742 -2.5628 -1.3798
X  0.9998 -0.0000 -0.0204
Y -0.0000  1.0000 -0.0000
Z  0.0204  0.0000  0.9998

PART 42
OFFSET  18.2900 -2.5564 -0.7461
X  0.9998 -0.0000 -0.0204
Y -0.0000  1.0000 -0.0000
Z  0.0204  0.0000  0.9998

PART 43
OFFSET  18.2979 -3.0986 -0.4352
X  0.9998 -0.0000 -0.0204
Y -0.0000  1.0000 -0.0000
Z  0.0204  0.0000  0.9998

PART 44
OFFSET  18.2904 -3.6366 -0.7426
X  0.9998 -0.0000 -0.0204
Y -0.0000  1.0000 -0.0000
Z  0.0204  0.0000  0.9998

PART 45
OFFSET  18.2749 -3.6348 -1.3646
X  0.9998 -0.0000 -0.0204
Y -0.0000  1.0000 -0.0000
Z  0.0204  0.0000  0.9998

PART 46
OFFSET -29.0883 -1.2316  2.5083
X  0.9992 -0.0000 -0.0408
Y  0.0000  1.0000  0.0000
Z  0.0408 -0.0000  0.9992

PART 47
OFFSET  16.7312 -2.9149 -1.5024
X  1.0000 -0.0000  0.0000
Y  0.0000  1.0000  0.0000
Z  0.0000 -0.0000  1.0000

PART 48
OFFSET  15.3167 -8.4936 -7.6927
X  0.9526 -0.0000  0.3041
Y  0.0000  1.0000  0.0000
Z -0.3041  0.0000  0.9526

PART 49
OFFSET -9.0954 -2.7609 -2.3892
X -0.8442  0.4240  0.3279
Y -0.2704 -0.8651  0.4225
Z  0.4628  0.2681  0.8450

PART 50
OFFSET  1.1145 -7.8887 -6.3545
X -0.9364 -0.2806 -0.2108
Y  0.3510 -0.7430 -0.5699
Z  0.0033 -0.6076  0.7942

PART 51
OFFSET  9.0789 -5.5022 -4.5612
X -0.9364 -0.2806 -0.2108
Y  0.2536 -0.1256 -0.9591
Z  0.2426 -0.9516  0.1888

PART 52
OFFSET  10.2754 -3.7784 -5.3495
X -0.9385 -0.2744 -0.2098
Y -0.0056  0.6194 -0.7851
Z  0.3454 -0.7356 -0.5828

PART 53
OFFSET  10.0656 -3.3792 -3.5445
X -0.9385 -0.2744 -0.2098
Y -0.0056  0.6194 -0.7851
Z  0.3454 -0.7356 -0.5828

PART 54
OFFSET  10.2468 -4.7900 -2.4254
X -0.9385 -0.2744 -0.2098
Y -0.0056  0.6194 -0.7851
Z  0.3454 -0.7356 -0.5828

PART 55
OFFSET  11.9495 -4.6420 -3.9149
X -0.9835 -0.0198 -0.1796
Y  0.1807 -0.0956 -0.9789
Z  0.0022 -0.9952  0.0976

PART 56
OFFSET  12.2167 -4.1322 -2.9295
X -0.5747 -0.8000 -0.1725
Y  0.7208 -0.3950 -0.5696
Z  0.3875 -0.4517  0.8036

PART 57
OFFSET  13.3634 -2.3414 -2.5452
X -0.9598 -0.2806  0.0081
Y  0.2469 -0.8574 -0.4516
Z  0.1337 -0.4315  0.8922

PART 58
OFFSET  14.9126 -1.8912 -2.6851
X -0.8843  0.2345  0.4038
Y -0.3796 -0.8646 -0.3293
Z  0.2719 -0.4445  0.8535

PART 59
OFFSET  15.8628 -2.1097 -3.1552
X -0.9056  0.2804 -0.3181
Y  0.4177  0.4609 -0.7830
Z -0.0730 -0.8420 -0.5346

PART 60
OFFSET  12.9749 -4.5265 -4.8308
X -0.9095 -0.0045  0.4157
Y  0.0660 -0.9888  0.1337
Z  0.4105  0.1491  0.8996

PART 61
OFFSET  15.0700 -4.3734 -5.6502
X -0.3453 -0.9160 -0.2041
Y  0.9330 -0.3114 -0.1805
Z  0.1018 -0.2528  0.9622

PART 62
OFFSET  15.5589 -3.0765 -5.3612
X  0.4452 -0.8482 -0.2872
Y  0.8933  0.4427  0.0774
Z  0.0614 -0.2910  0.9547

PART 63
OFFSET  15.1641 -2.3246 -5.1066
X  0.9801 -0.1268 -0.1527
Y  0.1604  0.9591  0.2332
Z  0.1169 -0.2531  0.9604

PART 64
OFFSET  14.2330 -2.2041 -4.9615
X -0.8673 -0.4685 -0.1685
Y -0.4948  0.7737  0.3957
Z -0.0550  0.4265 -0.9028

PART 65
OFFSET  13.0714 -4.5976 -4.1271
X -0.9915  0.0045  0.1302
Y  0.0144 -0.9895  0.1441
Z  0.1295  0.1448  0.9809

PART 66
OFFSET  15.6257 -4.6526 -4.6076
X -0.2052 -0.9781  0.0341
Y  0.9538 -0.2077 -0.2169
Z  0.2193 -0.0120  0.9756

PART 67
OFFSET  15.9751 -2.9873 -4.6657
X  0.7035 -0.6892 -0.1735
Y  0.6803  0.7237 -0.1163
Z  0.2057 -0.0362  0.9779

PART 68
OFFSET  15.0001 -2.0322 -4.4252
X  0.9678  0.1612 -0.1934
Y -0.1516  0.9864  0.0635
Z  0.2010 -0.0322  0.9791

PART 69
OFFSET  13.9505 -2.2070 -4.2154
X -0.6964 -0.6971  0.1704
Y -0.6874  0.7162  0.1208
Z -0.2062 -0.0330 -0.9780

PART 70
OFFSET  7.7045 -5.1770 -3.7825
X -0.9597 -0.2769  0.0474
Y -0.2808  0.9420 -0.1838
Z  0.0062 -0.1897 -0.9818

PART 71
OFFSET  15.6464 -4.8626 -2.4404
X -0.9136 -0.2652  0.3082
Y  0.2806 -0.9598  0.0057
Z  0.2943  0.0917  0.9513

PART 72
OFFSET  17.2549 -4.3956 -2.9831
X -0.6060 -0.7393  0.2936
Y  0.7435 -0.6576 -0.1216
Z  0.2829  0.1446  0.9482

PART 73
OFFSET  18.0088 -3.4880 -3.2824
X -0.1857 -0.9740  0.1293
Y  0.9489 -0.2120 -0.2336
Z  0.2549  0.0794  0.9637

PART 74
OFFSET  18.2186 -2.3878 -3.4285
X -0.7245  0.5308  0.4398
Y  0.4252  0.8463 -0.3209
Z -0.5426 -0.0455 -0.8388

PART 75
OFFSET  15.7372 -4.7899 -3.5390
X -0.1133 -0.9899  0.0853
Y  0.9905 -0.1193 -0.0686
Z  0.0780  0.0767  0.9940

PART 76
OFFSET  15.9585 -2.8561 -3.7056
X  0.8028 -0.5961 -0.0124
Y  0.5878  0.7949 -0.1504
Z  0.0995  0.1135  0.9885

PART 77
OFFSET  14.7859 -1.9854 -3.6876
X  0.9909  0.0597 -0.1204
Y -0.0790  0.9835 -0.1628
Z  0.1087  0.1708  0.9793

PART 78
OFFSET  13.6627 -2.0536 -3.5582
X -0.7163 -0.6849  0.1337
Y -0.6883  0.7250  0.0261
Z -0.1148 -0.0733 -0.9907

PART 79
OFFSET  0.0000 -0.0000 -0.0000
X  1.0000 -0.0000  0.0000
Y  0.0000  1.0000  0.0000
Z  0.0000 -0.0000  1.0000

PART 80
OFFSET  0.0000 -0.0000 -0.0000
X  1.0000 -0.0000  0.0000
Y  0.0000  1.0000  0.0000
Z  0.0000 -0.0000  1.0000

PART 81
OFFSET  1.5404 -0.0000  4.1357
X  1.0000 -0.0000  0.0000
Y  0.0000  1.0000  0.0000
Z  0.0000 -0.0000  1.0000


FRAME 151
PART 0
OFFSET -4.6318 -0.0000 -1.3770
X  1.0000 -0.0000  0.0000
Y  0.0000  1.0000  0.0000
Z  0.0000 -0.0000  1.0000

PART 1
OFFSET -1.9111 -0.4487 -1.8207
X  1.0000 -0.0000  0.0000
Y  0.0000  1.0000  0.0000
Z  0.0000 -0.0000  1.0000

PART 2
OFFSET -1.7776  7.8010 -3.1869
X  0.8946 -0.1364 -0.4256
Y -0.3760 -0.7444 -0.5518
Z -0.2416  0.6537 -0.7172

PART 3
OFFSET  9.0411  6.1517 -8.3346
X  0.2830 -0.9395  0.1931
Y -0.8488 -0.1515  0.5066
Z -0.4467 -0.3072 -0.8403

PART 4
OFFSET  11.4478 -1.8391 -6.6923
X  0.2830 -0.9395  0.1931
Y -0.9507 -0.3014 -0.0732
Z  0.1269 -0.1629 -0.9785

PART 5
OFFSET  13.2143 -2.6451 -5.9704
X  0.2892 -0.9377  0.1924
Y  0.4579  0.3120  0.8324
Z -0.8406 -0.1527  0.5196

PART 6
OFFSET  12.4743 -2.8260 -7.7462
X  0.2892 -0.9377  0.1924
Y  0.4579  0.3120  0.8324
Z -0.8406 -0.1527  0.5196

PART 7
OFFSET  11.1560 -3.5787 -4.7789
X  0.2892 -0.9377  0.1924
Y  0.4579  0.3120  0.8324
Z -0.8406 -0.1527  0.5196

PART 8
OFFSET  10.4474 -3.9027 -5.8351
X  0.2892 -0.9377  0.1924
Y  0.4579  0.3120  0.8324
Z -0.8406 -0.1527  0.5196

PART 9
OFFSET  10.7157 -3.6539 -7.0019
X  0.2892 -0.9377  0.1924
Y  0.4579  0.3120  0.8324
Z -0.8406 -0.1527  0.5196

PART 10
OFFSET  12.3153 -4.7193 -6.1004
X -0.2235 -0.8042  0.5507
Y -0.9552  0.0683 -0.2878
Z  0.1939 -0.5904 -0.7835

PART 11
OFFSET  11.3725 -5.2575 -6.4522
X -0.5969 -0.7745 -0.2092
Y -0.6987  0.6300 -0.3390
Z  0.3943 -0.0562 -0.9172

PART 12
OFFSET  10.0366 -6.8691 -6.9885
X  0.0479 -0.9359  0.3491
Y -0.8614 -0.2156 -0.4598
Z  0.5056 -0.2787 -0.8165

PART 13
OFFSET  10.2219 -8.3983 -6.4889
X  0.4584 -0.8025  0.3819
Y -0.7721 -0.5724 -0.2760
Z  0.4401 -0.1684 -0.8820

PART 14
OFFSET  10.7246 -9.2836 -6.1210
X -0.1035 -0.6022  0.7916
Y -0.3679  0.7626  0.5320
Z -0.9241 -0.2362 -0.3005

PART 15
OFFSET  13.1882 -5.5923 -5.4845
X  0.2527 -0.7641  0.5936
Y  0.2217 -0.5514 -0.8042
Z  0.9418  0.3349  0.0301

PART 16
OFFSET  13.6461 -7.4255 -4.2539
X -0.1691 -0.8464 -0.5049
Y -0.0696  0.5213 -0.8505
Z  0.9831 -0.1087 -0.1471

PART 17
OFFSET  13.4066 -8.6238 -4.9687
X -0.1509  0.0162 -0.9884
Y  0.1644  0.9863 -0.0089
Z  0.9748 -0.1639 -0.1515

PART 18
OFFSET  13.2729 -8.6095 -5.8451
X -0.0300  0.7159 -0.6976
Y  0.1705  0.6913  0.7021
Z  0.9849 -0.0978 -0.1428

PART 19
OFFSET  13.2443 -7.9293 -6.5078
X -0.2265 -0.9674  0.1134
Y  0.2725  0.0489  0.9609
Z -0.9351  0.2485  0.2526

PART 20
OFFSET  12.4771 -5.6414 -5.4453
X  0.0819 -0.7899  0.6077
Y  0.2401 -0.5762 -0.7812
Z  0.9673  0.2099  0.1425

PART 21
OFFSET  12.7099 -7.6668 -3.8323
X -0.0196 -0.8280 -0.5604
Y -0.1191  0.5584 -0.8210
Z  0.9927  0.0506 -0.1096

PART 22
OFFSET  12.6766 -9.0765 -4.7863
X -0.1191  0.3367 -0.9341
Y  0.0173  0.9413  0.3371
Z  0.9927  0.0240 -0.1179

PART 23
OFFSET  12.5115 -8.6099 -6.0808
X -0.0618  0.9272 -0.3693
Y  0.0961  0.3738  0.9225
Z  0.9935  0.0215 -0.1122

PART 24
OFFSET  12.4445 -7.6042 -6.4814
X  0.0446 -0.9722 -0.2299
Y  0.0714 -0.2264  0.9714
Z -0.9965 -0.0597  0.0593

PART 25
OFFSET  10.2135 -7.4064 -5.2798
X  0.0284 -0.9341  0.3559
Y -0.2876  0.3334  0.8978
Z -0.9573 -0.1278 -0.2592

PART 26
OFFSET  10.6519 -7.5821 -3.8805
X  0.1051 -0.8713 -0.4793
Y  0.1029  0.4889 -0.8663
Z  0.9891  0.0417  0.1411

PART 27
OFFSET  10.8371 -9.1162 -4.7244
X  0.1955  0.2645 -0.9444
Y -0.0311  0.9641  0.2636
Z  0.9802 -0.0222  0.1967

PART 28
OFFSET  11.0151 -8.7933 -5.8844
X  0.0503  0.8809 -0.4706
Y -0.1269  0.4730  0.8719
Z  0.9906  0.0159  0.1356

PART 29
OFFSET  11.0719 -7.7983 -6.4159
X  0.3768 -0.7093 -0.5957
Y -0.2180 -0.6930  0.6872
Z -0.9003 -0.1291 -0.4157

PART 30
OFFSET  11.7468 -7.6764 -3.7675
X  0.0030 -0.7991 -0.6011
Y  0.0345  0.6009 -0.7986
Z  0.9994 -0.0183  0.0294

PART 31
OFFSET  11.7527 -9.2375 -4.9419
X  0.0304  0.3801 -0.9244
Y -0.0372  0.9246  0.3790
Z  0.9988  0.0229  0.0423

PART 32
OFFSET  11.7971 -8.6823 -6.2921
X -0.0347  0.9594 -0.2800
Y -0.1003  0.2754  0.9561
Z  0.9944  0.0612  0.0866

PART 33
OFFSET  11.7650 -7.5955 -6.6093
X  0.0271 -0.9155 -0.4015
Y  0.0199 -0.4011  0.9158
Z -0.9994 -0.0328  0.0074

PART 34
OFFSET  12.5196 -7.8362 -5.6462
X  0.9723  0.2217  0.0735
Y -0.1939  0.5904  0.7835
Z  0.1303 -0.7761  0.6170

PART 35
OFFSET  16.7250 -3.2922 -3.0235
X  1.0000  0.0042  0.0050
Y -0.0041  1.0000 -0.0045
Z -0.0050  0.0045  1.0000

PART 36
OFFSET  16.7250 -3.2922 -3.0235
X  1.0000  0.0042  0.0050
Y -0.0041  1.0000 -0.0045
Z -0.0050  0.0045  1.0000

PART 37
OFFSET  19.9954 -3.1263 -2.6630
X  1.0000  0.0042  0.0050
Y -0.0041  1.0000 -0.0045
Z -0.0050  0.0045  1.0000

PART 38
OFFSET  18.1633 -3.2788 -1.3732
X  1.0000  0.0042  0.0050
Y -0.0041  1.0000 -0.0045
Z -0.0050  0.0045  1.0000

PART 39
OFFSET -31.7140 -1.5878  2.0424
X  0.9994  0.0040 -0.0358
Y -0.0041  1.0000 -0.0045
Z  0.0358  0.0047  0.9993

PART 40
OFFSET  18.1402 -3.2821 -1.9981
X  0.9999  0.0041 -0.0154
Y -0.0041  1.0000 -0.0045
Z  0.0154  0.0046  0.9999

PART 41
OFFSET  18.1440 -2.7446 -1.6957
X  0.9999  0.0041 -0.0154
Y -0.0041  1.0000 -0.0045
Z  0.0154  0.0046  0.9999

PART 42
OFFSET  18.1566 -2.7353 -1.0620
X  0.9999  0.0041 -0.0154
Y -0.0041  1.0000 -0.0045
Z  0.0154  0.0046  0.9999

PART 43
OFFSET  18.1652 -3.2760 -0.7486
X  0.9999  0.0041 -0.0154
Y -0.0041  1.0000 -0.0045
Z  0.0154  0.0046  0.9999

PART 44
OFFSET  18.1615 -3.8155 -1.0536
X  0.9999  0.0041 -0.0154
Y -0.0041  1.0000 -0.0045
Z  0.0154  0.0046  0.9999

PART 45
OFFSET  18.1491 -3.8165 -1.6756
X  0.9999  0.0041 -0.0154
Y -0.0041  1.0000 -0.0045
Z  0.0154  0.0046  0.9999

PART 46
OFFSET -29.2426 -1.5931  1.9487
X  0.9994  0.0040 -0.0358
Y -0.0041  1.0000 -0.0045
Z  0.0358  0.0047  0.9993

PART 47
OFFSET  16.6031 -3.1037 -1.8245
X  1.0000  0.0042  0.0050
Y -0.0041  1.0000 -0.0045
Z -0.0050  0.0045  1.0000

PART 48
OFFSET  14.8474 -7.8180 -8.9740
X  0.9883 -0.0051  0.1524
Y  0.0019  0.9998  0.0216
Z -0.1525 -0.0211  0.9881

PART 49
OFFSET -9.0954 -2.7609 -2.3892
X -0.8311  0.4367  0.3443
Y -0.2750 -0.8609  0.4281
Z  0.4834  0.2611  0.8356

PART 50
OFFSET  0.9559 -8.0427 -6.5528
X -0.9407 -0.2749 -0.1988
Y  0.3391 -0.7452 -0.5742
Z  0.0097 -0.6075  0.7942

PART 51
OFFSET  8.9569 -5.7044 -4.8623
X -0.9407 -0.2749 -0.1988
Y  0.2410 -0.1292 -0.9619
Z  0.2388 -0.9527  0.1878

PART 52
OFFSET  10.1537 -3.9880 -5.6662
X -0.9427 -0.2687 -0.1977
Y -0.0119  0.6193 -0.7851
Z  0.3334 -0.7378 -0.5870

PART 53
OFFSET  9.9696 -3.5873 -3.8587
X -0.9427 -0.2687 -0.1977
Y -0.0119  0.6193 -0.7851
Z  0.3334 -0.7378 -0.5870

PART 54
OFFSET  10.1565 -4.9990 -2.7418
X -0.9427 -0.2687 -0.1977
Y -0.0119  0.6193 -0.7851
Z  0.3334 -0.7378 -0.5870

PART 55
OFFSET  11.8408 -4.8615 -4.2530
X -0.9825 -0.0247 -0.1845
Y  0.1860 -0.0993 -0.9775
Z  0.0058 -0.9948  0.1021

PART 56
OFFSET  12.1009 -4.3462 -3.2687
X -0.5705 -0.8031 -0.1717
Y  0.7253 -0.3946 -0.5642
Z  0.3853 -0.4464  0.8076

PART 57
OFFSET  13.2382 -2.5489 -2.8867
X -0.9586 -0.2846  0.0045
Y  0.2527 -0.8584 -0.4465
Z  0.1309 -0.4269  0.8948

PART 58
OFFSET  14.7862 -2.0929 -3.0208
X -0.8873  0.2326  0.3983
Y -0.3744 -0.8676 -0.3273
Z  0.2694 -0.4395  0.8569

PART 59
OFFSET  15.7397 -2.3096 -3.4852
X -0.9052  0.2752 -0.3239
Y  0.4197  0.4591 -0.7829
Z -0.0668 -0.8447 -0.5311

PART 60
OFFSET  12.8703 -4.7459 -5.1643
X -0.9115 -0.0064  0.4112
Y  0.0694 -0.9879  0.1386
Z  0.4053  0.1548  0.9010

PART 61
OFFSET  14.9689 -4.5878 -5.9739
X -0.3404 -0.9184 -0.2017
Y  0.9351 -0.3083 -0.1744
Z  0.0980 -0.2480  0.9638

PART 62
OFFSET  15.4509 -3.2876 -5.6883
X  0.4501 -0.8476 -0.2811
Y  0.8911  0.4467  0.0799
Z  0.0578 -0.2864  0.9564

PART 63
OFFSET  15.0518 -2.5361 -5.4391
X  0.9814 -0.1234 -0.1472
Y  0.1553  0.9608  0.2297
Z  0.1131 -0.2482  0.9621

PART 64
OFFSET  14.1194 -2.4189 -5.2992
X -0.8644 -0.4729 -0.1707
Y -0.5000  0.7734  0.3897
Z -0.0522  0.4222 -0.9050

PART 65
OFFSET  12.9635 -4.8134 -4.4598
X -0.9921  0.0010  0.1252
Y  0.0178 -0.9887  0.1487
Z  0.1240  0.1498  0.9809

PART 66
OFFSET  15.5204 -4.8600 -4.9273
X -0.2014 -0.9788  0.0375
Y  0.9558 -0.2047 -0.2112
Z  0.2144 -0.0067  0.9767

PART 67
OFFSET  15.8633 -3.1935 -4.9911
X  0.7072 -0.6870 -0.1669
Y  0.6778  0.7260 -0.1162
Z  0.2010 -0.0309  0.9791

PART 68
OFFSET  14.8831 -2.2414 -4.7599
X  0.9681  0.1644 -0.1893
Y -0.1560  0.9860  0.0583
Z  0.1962 -0.0269  0.9802

PART 69
OFFSET  13.8332 -2.4196 -4.5545
X -0.6944 -0.6992  0.1700
Y -0.6909  0.7139  0.1141
Z -0.2011 -0.0383 -0.9788

PART 70
OFFSET  7.5974 -5.4136 -4.1395
X -0.9588 -0.2807  0.0439
Y -0.2838  0.9400 -0.1894
Z  0.0119 -0.1941 -0.9809

PART 71
OFFSET  15.5311 -5.0601 -2.7590
X -0.9140 -0.2677  0.3049
Y  0.2846 -0.9586  0.0115
Z  0.2892  0.0972  0.9523

PART 72
OFFSET  17.1404 -4.5888 -3.2957
X -0.6044 -0.7405  0.2939
Y  0.7467 -0.6551 -0.1148
Z  0.2776  0.1501  0.9489

PART 73
OFFSET  17.8920 -3.6795 -3.5954
X -0.1824 -0.9742  0.1328
Y  0.9510 -0.2091 -0.2279
Z  0.2498  0.0848  0.9646

PART 74
OFFSET  18.0980 -2.5791 -3.7455
X -0.7288  0.5298  0.4338
Y  0.4233  0.8466 -0.3227
Z -0.5382 -0.0516 -0.8413

PART 75
OFFSET  15.6271 -4.9920 -3.8574
X -0.1096 -0.9900  0.0892
Y  0.9913 -0.1154 -0.0631
Z  0.0727  0.0815  0.9940

PART 76
OFFSET  15.8413 -3.0580 -4.0317
X  0.8054 -0.5928 -0.0056
Y  0.5853  0.7966 -0.1511
Z  0.0940  0.1184  0.9885

PART 77
OFFSET  14.6650 -2.1922 -4.0235
X  0.9913  0.0633 -0.1157
Y -0.0823  0.9824 -0.1676
Z  0.1031  0.1757  0.9790

PART 78
OFFSET  13.5415 -2.2644 -3.8995
X -0.7141 -0.6872  0.1332
Y -0.6914  0.7222  0.0193
Z -0.1095 -0.0783 -0.9909

PART 79
OFFSET  0.0000 -0.0000 -0.0000
X  1.0000 -0.0000  0.0000
Y  0.0000  1.0000  0.0000
Z  0.0000 -0.0000  1.0000

PART 80
OFFSET  0.0000 -0.0000 -0.0000
X  1.0000 -0.0000  0.0000
Y  0.0000  1.0000  0.0000
Z  0.0000 -0.0000  1.0000

PART 81
OFFSET  1.5404 -0.0000  4.1357
X  1.0000 -0.0000  0.0000
Y  0.0000  1.0000  0.0000
Z  0.0000 -0.0000  1.0000


FRAME 152
PART 0
OFFSET -4.6318 -0.0000 -1.3770
X  1.0000 -0.0000  0.0000
Y  0.0000  1.0000  0.0000
Z  0.0000 -0.0000  1.0000

PART 1
OFFSET -1.9111 -0.4487 -1.8207
X  1.0000 -0.0000  0.0000
Y  0.0000  1.0000  0.0000
Z  0.0000 -0.0000  1.0000

PART 2
OFFSET -1.7776  7.8010 -3.1869
X  0.8172 -0.0282 -0.5756
Y -0.3759 -0.7832 -0.4953
Z -0.4369  0.6211 -0.6507

PART 3
OFFSET  8.1059  7.4601 -10.1485
X  0.3511 -0.9188  0.1801
Y -0.7606 -0.1677  0.6272
Z -0.5461 -0.3572 -0.7578

PART 4
OFFSET  11.0925 -0.3550 -8.6166
X  0.3511 -0.9188  0.1801
Y -0.9125 -0.2927  0.2859
Z -0.2100 -0.2647 -0.9412

PART 5
OFFSET  12.9791 -1.0584 -8.1295
X  0.3572 -0.9168  0.1785
Y  0.5558  0.3622  0.7482
Z -0.7506 -0.1680  0.6390

PART 6
OFFSET  12.0049 -1.3371 -9.7748
X  0.3572 -0.9168  0.1785
Y  0.5558  0.3622  0.7482
Z -0.7506 -0.1680  0.6390

PART 7
OFFSET  11.1560 -2.0317 -6.6273
X  0.3572 -0.9168  0.1785
Y  0.5558  0.3622  0.7482
Z -0.7506 -0.1680  0.6390

PART 8
OFFSET  10.3212 -2.4249 -7.5607
X  0.3572 -0.9168  0.1785
Y  0.5558  0.3622  0.7482
Z -0.7506 -0.1680  0.6390

PART 9
OFFSET  10.4099 -2.2093 -8.7612
X  0.3572 -0.9168  0.1785
Y  0.5558  0.3622  0.7482
Z -0.7506 -0.1680  0.6390

PART 10
OFFSET  12.1690 -3.1718 -8.0644
X -0.0146 -0.8327  0.5535
Y -0.9913  0.0846  0.1010
Z -0.1309 -0.5472 -0.8267

PART 11
OFFSET  11.1520 -3.6895 -8.0574
X -0.6480 -0.7616 -0.0047
Y -0.7615  0.6480 -0.0159
Z  0.0151 -0.0067 -0.9999

PART 12
OFFSET  9.6784 -5.2686 -8.1248
X  0.1570 -0.9534  0.2576
Y -0.9759 -0.1898 -0.1077
Z  0.1516 -0.2344 -0.9602

PART 13
OFFSET  10.0071 -6.8227 -7.8101
X  0.5518 -0.8224  0.1384
Y -0.8312 -0.5559  0.0103
Z  0.0685 -0.1207 -0.9903

PART 14
OFFSET  10.5928 -7.7271 -7.7056
X  0.1921 -0.6441  0.7404
Y -0.1219  0.7329  0.6693
Z -0.9738 -0.2188  0.0623

PART 15
OFFSET  13.1916 -4.0777 -7.8713
X  0.4429 -0.7953  0.4139
Y -0.1122 -0.5072 -0.8545
Z  0.8895  0.3320 -0.3139

PART 16
OFFSET  14.0434 -5.9752 -7.0005
X -0.3663 -0.8177 -0.4442
Y -0.3764  0.5667 -0.7329
Z  0.8510 -0.1013 -0.5153

PART 17
OFFSET  13.5249 -7.1328 -7.6293
X -0.5147  0.0700 -0.8545
Y  0.1698  0.9852 -0.0215
Z  0.8404 -0.1561 -0.5190

PART 18
OFFSET  13.0686 -7.0707 -8.3870
X -0.2774  0.7528 -0.5969
Y  0.4392  0.6520  0.6181
Z  0.8545 -0.0907 -0.5115

PART 19
OFFSET  12.8050 -6.3555 -8.9541
X -0.1871 -0.9720  0.1425
Y  0.6181 -0.0037  0.7861
Z -0.7635  0.2352  0.6014

PART 20
OFFSET  12.5479 -4.1282 -7.5670
X  0.2897 -0.8218  0.4907
Y -0.0870 -0.5332 -0.8415
Z  0.9532  0.2011 -0.2259

PART 21
OFFSET  13.3327 -6.2383 -6.2670
X -0.2487 -0.7964 -0.5513
Y -0.4101  0.6022 -0.6849
Z  0.8775  0.0558 -0.4763

PART 22
OFFSET  12.9093 -7.5941 -7.2056
X -0.4577  0.3871 -0.8004
Y  0.1642  0.9216  0.3518
Z  0.8738  0.0296 -0.4854

PART 23
OFFSET  12.2749 -7.0577 -8.3150
X -0.1775  0.9460 -0.2712
Y  0.4473  0.3230  0.8340
Z  0.8766  0.0268 -0.4805

PART 24
OFFSET  12.0824 -6.0317 -8.6090
X -0.0669 -0.9583 -0.2779
Y  0.4301 -0.2790  0.8586
Z -0.9003 -0.0621  0.4309

PART 25
OFFSET  10.4797 -5.8979 -6.6410
X  0.1415 -0.9520  0.2713
Y  0.0822  0.2844  0.9552
Z -0.9865 -0.1129  0.1185

PART 26
OFFSET  11.4129 -6.1495 -5.5244
X -0.1034 -0.8442 -0.5260
Y -0.2234  0.5351 -0.8147
Z  0.9692  0.0333 -0.2439

PART 27
OFFSET  11.2309 -7.6358 -6.4505
X -0.1723  0.3153 -0.9332
Y  0.0920  0.9484  0.3035
Z  0.9807 -0.0335 -0.1924

PART 28
OFFSET  10.9618 -7.2504 -7.5733
X -0.1134  0.9052 -0.4096
Y  0.2239  0.4249  0.8771
Z  0.9680  0.0078 -0.2509

PART 29
OFFSET  10.8337 -6.2279 -8.0360
X  0.1070 -0.6761 -0.7290
Y  0.0446 -0.7292  0.6828
Z -0.9933 -0.1056 -0.0479

PART 30
OFFSET  12.4664 -6.2506 -5.8413
X -0.2426 -0.7654 -0.5961
Y -0.2586  0.6433 -0.7206
Z  0.9350 -0.0207 -0.3540

PART 31
OFFSET  11.9924 -7.7458 -7.0058
X -0.3149  0.4298 -0.8462
Y  0.1293  0.9027  0.4104
Z  0.9403  0.0198 -0.3398

PART 32
OFFSET  11.5325 -7.1180 -8.2419
X -0.1179  0.9732 -0.1974
Y  0.2764  0.2231  0.9348
Z  0.9538  0.0557 -0.2953

PART 33
OFFSET  11.4055 -6.0155 -8.4682
X -0.1471 -0.8923 -0.4268
Y  0.3577 -0.4503  0.8181
Z -0.9222 -0.0324  0.3854

PART 34
OFFSET  12.4640 -6.3090 -7.8782
X  0.9319  0.2166 -0.2910
Y  0.1309  0.5472  0.8267
Z  0.3383 -0.8085  0.4815

PART 35
OFFSET  16.3936 -3.8233 -3.9026
X  0.9997  0.0156  0.0188
Y -0.0153  0.9997 -0.0170
Z -0.0190  0.0167  0.9997

PART 36
OFFSET  16.3936 -3.8233 -3.9026
X  0.9997  0.0156  0.0188
Y -0.0153  0.9997 -0.0170
Z -0.0190  0.0167  0.9997

PART 37
OFFSET  19.6565 -3.6158 -3.4991
X  0.9997  0.0156  0.0188
Y -0.0153  0.9997 -0.0170
Z -0.0190  0.0167  0.9997

PART 38
OFFSET  17.8085 -3.7733 -2.2329
X  0.9997  0.0156  0.0188
Y -0.0153  0.9997 -0.0170
Z -0.0190  0.0167  0.9997

PART 39
OFFSET -32.1274 -2.6070  0.4727
X  0.9996  0.0149 -0.0221
Y -0.0153  0.9997 -0.0170
Z  0.0218  0.0173  0.9996

PART 40
OFFSET  17.7941 -3.7845 -2.8580
X  0.9999  0.0152 -0.0017
Y -0.0153  0.9997 -0.0170
Z  0.0014  0.0170  0.9999

PART 41
OFFSET  17.7877 -3.2433 -2.5622
X  0.9999  0.0152 -0.0017
Y -0.0153  0.9997 -0.0170
Z  0.0014  0.0170  0.9999

PART 42
OFFSET  17.7913 -3.2262 -1.9285
X  0.9999  0.0152 -0.0017
Y -0.0153  0.9997 -0.0170
Z  0.0014  0.0170  0.9999

PART 43
OFFSET  17.8016 -3.7629 -1.6084
X  0.9999  0.0152 -0.0017
Y -0.0153  0.9997 -0.0170
Z  0.0014  0.0170  0.9999

PART 44
OFFSET  17.8082 -4.3060 -1.9067
X  0.9999  0.0152 -0.0017
Y -0.0153  0.9997 -0.0170
Z  0.0014  0.0170  0.9999

PART 45
OFFSET  17.8045 -4.3148 -2.5288
X  0.9999  0.0152 -0.0017
Y -0.0153  0.9997 -0.0170
Z  0.0014  0.0170  0.9999

PART 46
OFFSET -29.6550 -2.5854  0.4133
X  0.9996  0.0149 -0.0221
Y -0.0153  0.9997 -0.0170
Z  0.0218  0.0173  0.9996

PART 47
OFFSET  16.2529 -3.6214 -2.7078
X  0.9997  0.0156  0.0188
Y -0.0153  0.9997 -0.0170
Z -0.0190  0.0167  0.9997

PART 48
OFFSET  13.3530 -6.1122 -11.8359
X  0.9718 -0.0141 -0.2355
Y  0.0313  0.9971  0.0691
Z  0.2338 -0.0745  0.9694

PART 49
OFFSET -9.0954 -2.7609 -2.3892
X -0.7949  0.4683  0.3859
Y -0.2850 -0.8495  0.4439
Z  0.5357  0.2429  0.8087

PART 50
OFFSET  0.5175 -8.4241 -7.0562
X -0.9530 -0.2559 -0.1622
Y  0.3017 -0.7523 -0.5857
Z  0.0279 -0.6071  0.7942

PART 51
OFFSET  8.6231 -6.2474 -5.6769
X -0.9530 -0.2559 -0.1622
Y  0.2025 -0.1397 -0.9693
Z  0.2254 -0.9566  0.1849

PART 52
OFFSET  9.8226 -4.5561 -6.5284
X -0.9548 -0.2497 -0.1611
Y -0.0294  0.6189 -0.7849
Z  0.2956 -0.7447 -0.5983

PART 53
OFFSET  9.7161 -4.1506 -4.7158
X -0.9548 -0.2497 -0.1611
Y -0.0294  0.6189 -0.7849
Z  0.2956 -0.7447 -0.5983

PART 54
OFFSET  9.9171 -5.5651 -3.6049
X -0.9548 -0.2497 -0.1611
Y -0.0294  0.6189 -0.7849
Z  0.2956 -0.7447 -0.5983

PART 55
OFFSET  11.5447 -5.4628 -5.1797
X -0.9795 -0.0381 -0.1977
Y  0.2007 -0.1091 -0.9736
Z  0.0155 -0.9933  0.1145

PART 56
OFFSET  11.7852 -4.9325 -4.1983
X -0.5591 -0.8116 -0.1696
Y  0.7374 -0.3932 -0.5492
Z  0.3790 -0.4321  0.8183

PART 57
OFFSET  12.8970 -3.1179 -3.8229
X -0.9554 -0.2954 -0.0052
Y  0.2685 -0.8608 -0.4323
Z  0.1232 -0.4144  0.9017

PART 58
OFFSET  14.4415 -2.6460 -3.9414
X -0.8953  0.2274  0.3831
Y -0.3600 -0.8757 -0.3216
Z  0.2623 -0.4259  0.8659

PART 59
OFFSET  15.4038 -2.8575 -4.3898
X -0.9036  0.2610 -0.3397
Y  0.4255  0.4543 -0.7827
Z -0.0499 -0.8518 -0.5215

PART 60
OFFSET  12.5854 -5.3466 -6.0780
X -0.9170 -0.0117  0.3986
Y  0.0785 -0.9853  0.1517
Z  0.3910  0.1704  0.9045

PART 61
OFFSET  14.6932 -5.1747 -6.8605
X -0.3273 -0.9246 -0.1950
Y  0.9409 -0.2998 -0.1577
Z  0.0873 -0.2351  0.9680

PART 62
OFFSET  15.1566 -3.8657 -6.5844
X  0.4634 -0.8458 -0.2643
Y  0.8848  0.4578  0.0867
Z  0.0477 -0.2740  0.9605

PART 63
OFFSET  14.7456 -3.1158 -6.3500
X  0.9847 -0.1141 -0.1321
Y  0.1413  0.9652  0.2199
Z  0.1024 -0.2352  0.9665

PART 64
OFFSET  13.8102 -3.0074 -6.2245
X -0.8566 -0.4847 -0.1768
Y -0.5140  0.7724  0.3731
Z -0.0443  0.4105 -0.9108

PART 65
OFFSET  12.6696 -5.4044 -5.3715
X -0.9937 -0.0088  0.1115
Y  0.0268 -0.9866  0.1612
Z  0.1086  0.1631  0.9806

PART 66
OFFSET  15.2331 -5.4277 -5.8030
X -0.1909 -0.9805  0.0468
Y  0.9608 -0.1964 -0.1954
Z  0.2008  0.0077  0.9796

PART 67
OFFSET  15.5581 -3.7584 -5.8828
X  0.7171 -0.6809 -0.1486
Y  0.6712  0.7322 -0.1158
Z  0.1876 -0.0167  0.9821

PART 68
OFFSET  14.5643 -2.8147 -5.6769
X  0.9687  0.1730 -0.1779
Y -0.1678  0.9848  0.0439
Z  0.1828 -0.0127  0.9831

PART 69
OFFSET  13.5137 -3.0023 -5.4839
X -0.6888 -0.7049  0.1691
Y -0.7004  0.7073  0.0957
Z -0.1870 -0.0525 -0.9809

PART 70
OFFSET  7.3066 -6.0616 -5.1179
X -0.9561 -0.2910  0.0341
Y -0.2916  0.9343 -0.2050
Z  0.0278 -0.2059 -0.9782

PART 71
OFFSET  15.2158 -5.6012 -3.6325
X -0.9151 -0.2743  0.2956
Y  0.2951 -0.9551  0.0272
Z  0.2748  0.1122  0.9549

PART 72
OFFSET  16.8269 -5.1181 -4.1529
X -0.6002 -0.7436  0.2947
Y  0.7555 -0.6480 -0.0964
Z  0.2627  0.1648  0.9507

PART 73
OFFSET  17.5725 -4.2042 -4.4535
X -0.1734 -0.9745  0.1424
Y  0.9563 -0.2012 -0.2121
Z  0.2354  0.0994  0.9668

PART 74
OFFSET  17.7684 -3.1035 -4.6143
X -0.7406  0.5268  0.4171
Y  0.4183  0.8473 -0.3273
Z -0.5258 -0.0679 -0.8479

PART 75
OFFSET  15.3263 -5.5454 -4.7303
X -0.0998 -0.9900  0.1000
Y  0.9933 -0.1049 -0.0479
Z  0.0579  0.0945  0.9938

PART 76
OFFSET  15.5212 -3.6114 -4.9256
X  0.8119 -0.5836  0.0128
Y  0.5784  0.8013 -0.1528
Z  0.0789  0.1315  0.9882

PART 77
OFFSET  14.3353 -2.7590 -4.9443
X  0.9920  0.0731 -0.1028
Y -0.0909  0.9793 -0.1809
Z  0.0875  0.1888  0.9781

PART 78
OFFSET  13.2111 -2.8424 -4.8349
X -0.7082 -0.6936  0.1319
Y -0.6996  0.7145  0.0009
Z -0.0948 -0.0916 -0.9913

PART 79
OFFSET  0.0000 -0.0000 -0.0000
X  1.0000 -0.0000  0.0000
Y  0.0000  1.0000  0.0000
Z  0.0000 -0.0000  1.0000

PART 80
OFFSET  0.0000 -0.0000 -0.0000
X  1.0000 -0.0000  0.0000
Y  0.0000  1.0000  0.0000
Z  0.0000 -0.0000  1.0000

PART 81
OFFSET  1.5404 -0.0000  4.1357
X  1.0000 -0.0000  0.0000
Y  0.0000  1.0000  0.0000
Z  0.0000 -0.0000  1.0000


FRAME 153
PART 0
OFFSET -4.6318 -0.0000 -1.3770
X  1.0000 -0.0000  0.0000
Y  0.0000  1.0000  0.0000
Z  0.0000 -0.0000  1.0000

PART 1
OFFSET -1.9111 -0.4487 -1.8207
X  1.0000 -0.0000  0.0000
Y  0.0000  1.0000  0.0000
Z  0.0000 -0.0000  1.0000

PART 2
OFFSET -1.7776  7.8010 -3.1869
X  0.6698  0.0845 -0.7377
Y -0.3479 -0.8420 -0.4124
Z -0.6560  0.5329 -0.5345

PART 3
OFFSET  6.3225  8.8234 -12.1091
X  0.4888 -0.8628  0.1289
Y -0.5995 -0.2249  0.7681
Z -0.6337 -0.4528 -0.6272

PART 4
OFFSET  10.4803  1.4849 -11.0128
X  0.4888 -0.8628  0.1289
Y -0.6698 -0.2765  0.6892
Z -0.5590 -0.4232 -0.7130

PART 5
OFFSET  12.4969  1.0273 -10.8897
X  0.4941 -0.8602  0.1261
Y  0.6408  0.4584  0.6158
Z -0.5875 -0.2235  0.7777

PART 6
OFFSET  11.2660  0.5616 -12.3046
X  0.4941 -0.8602  0.1261
Y  0.6408  0.4584  0.6158
Z -0.5875 -0.2235  0.7777

PART 7
OFFSET  11.1295 -0.0788 -9.0364
X  0.4941 -0.8602  0.1261
Y  0.6408  0.4584  0.6158
Z -0.5875 -0.2235  0.7777

PART 8
OFFSET  10.1852 -0.6087 -9.7783
X  0.4941 -0.8602  0.1261
Y  0.6408  0.4584  0.6158
Z -0.5875 -0.2235  0.7777

PART 9
OFFSET  10.0144 -0.4405 -10.9774
X  0.4941 -0.8602  0.1261
Y  0.6408  0.4584  0.6158
Z -0.5875 -0.2235  0.7777

PART 10
OFFSET  11.9789 -1.1602 -10.6177
X  0.2146 -0.8673  0.4491
Y -0.8122  0.0969  0.5752
Z -0.5424 -0.4882 -0.6837

PART 11
OFFSET  11.0689 -1.6572 -10.1412
X -0.6057 -0.7468  0.2746
Y -0.6405  0.6623  0.3887
Z -0.4721  0.0595 -0.8795

PART 12
OFFSET  9.6717 -3.1994 -9.5589
X  0.2150 -0.9713  0.1017
Y -0.9136 -0.1633  0.3723
Z -0.3450 -0.1729 -0.9225

PART 13
OFFSET  10.0347 -4.7771 -9.5203
X  0.5082 -0.8404 -0.1882
Y -0.7482 -0.5390  0.3869
Z -0.4266 -0.0558 -0.9027

PART 14
OFFSET  10.5520 -5.6977 -9.7585
X  0.4950 -0.6956  0.5207
Y  0.2545  0.6890  0.6786
Z -0.8308 -0.2034  0.5181

PART 15
OFFSET  12.9205 -2.0965 -10.9917
X  0.5482 -0.8296  0.1063
Y -0.5376 -0.4468 -0.7151
Z  0.6407  0.3349 -0.6909

PART 16
OFFSET  13.9930 -4.0640 -10.7400
X -0.5757 -0.7789 -0.2487
Y -0.6562  0.6215 -0.4279
Z  0.4879 -0.0832 -0.8689

PART 17
OFFSET  13.1779 -5.1669 -11.0920
X -0.8604  0.1370 -0.4908
Y  0.1866  0.9810 -0.0533
Z  0.4742 -0.1375 -0.8696

PART 18
OFFSET  12.4150 -5.0454 -11.5272
X -0.4944  0.7963 -0.3484
Y  0.7157  0.6004  0.3568
Z  0.4933 -0.0730 -0.8668

PART 19
OFFSET  11.9453 -4.2888 -11.8582
X -0.1424 -0.9755  0.1679
Y  0.9208 -0.0684  0.3840
Z -0.3631  0.2093  0.9079

PART 20
OFFSET  12.5037 -2.1547 -10.4152
X  0.4504 -0.8581  0.2466
Y -0.5106 -0.4741 -0.7173
Z  0.7324  0.1971 -0.6517

PART 21
OFFSET  13.7153 -4.3615 -9.7670
X -0.5240 -0.7528 -0.3983
Y -0.6605  0.6544 -0.3680
Z  0.5377  0.0703 -0.8402

PART 22
OFFSET  12.8233 -5.6433 -10.4452
X -0.7687  0.4486 -0.4559
Y  0.3597  0.8926  0.2717
Z  0.5288  0.0449 -0.8476

PART 23
OFFSET  11.7579 -5.0216 -11.0770
X -0.2396  0.9653 -0.1036
Y  0.8112  0.2577  0.5250
Z  0.5335  0.0417 -0.8448

PART 24
OFFSET  11.4981 -3.9746 -11.1894
X -0.2409 -0.9360 -0.2565
Y  0.7782 -0.3442  0.5253
Z -0.5800 -0.0731  0.8113

PART 25
OFFSET  11.0600 -3.9416 -8.6862
X  0.2082 -0.9706  0.1212
Y  0.5492  0.2185  0.8066
Z -0.8093 -0.1013  0.5785

PART 26
OFFSET  12.4040 -4.2852 -8.1797
X -0.3872 -0.8051 -0.4494
Y -0.5639  0.5924 -0.5754
Z  0.7294  0.0306 -0.6834

PART 27
OFFSET  11.7223 -5.7026 -8.9709
X -0.5876  0.3803 -0.7143
Y  0.2745  0.9240  0.2661
Z  0.7612 -0.0397 -0.6473

PART 28
OFFSET  10.9618 -5.2379 -9.7999
X -0.2527  0.9327 -0.2574
Y  0.6421  0.3607  0.6764
Z  0.7237  0.0056 -0.6900

PART 29
OFFSET  10.6763 -4.1844 -10.0907
X -0.2938 -0.6277 -0.7209
Y  0.3340 -0.7741  0.5378
Z -0.8956 -0.0828  0.4371

PART 30
OFFSET  13.1650 -4.3854 -8.9743
X -0.5389 -0.7191 -0.4388
Y -0.5436  0.6948 -0.4709
Z  0.6435 -0.0152 -0.7653

PART 31
OFFSET  12.1123 -5.7901 -9.8315
X -0.6642  0.4914 -0.5634
Y  0.3567  0.8706  0.3389
Z  0.6570  0.0241 -0.7535

PART 32
OFFSET  11.1422 -5.0723 -10.6544
X -0.1504  0.9863 -0.0671
Y  0.7059  0.1547  0.6913
Z  0.6922  0.0566 -0.7195

PART 33
OFFSET  10.9762 -3.9549 -10.7360
X -0.3797 -0.8587 -0.3441
Y  0.6868 -0.5109  0.5170
Z -0.6197 -0.0400  0.7838

PART 34
OFFSET  12.1717 -4.3079 -10.7518
X  0.6831  0.2174 -0.6972
Y  0.5424  0.4882  0.6837
Z  0.4890 -0.8452  0.2156

PART 35
OFFSET  15.9012 -4.6163 -5.2157
X  0.9987  0.0326  0.0393
Y -0.0312  0.9989 -0.0355
Z -0.0404  0.0343  0.9986

PART 36
OFFSET  15.9012 -4.6163 -5.2157
X  0.9987  0.0326  0.0393
Y -0.0312  0.9989 -0.0355
Z -0.0404  0.0343  0.9986

PART 37
OFFSET  19.1510 -4.3472 -4.7481
X  0.9987  0.0326  0.0393
Y -0.0312  0.9989 -0.0355
Z -0.0404  0.0343  0.9986

PART 38
OFFSET  17.2795 -4.5128 -3.5180
X  0.9987  0.0326  0.0393
Y -0.0312  0.9989 -0.0355
Z -0.0404  0.0343  0.9986

PART 39
OFFSET -32.7148 -4.1324 -1.8751
X  0.9995  0.0312 -0.0015
Y -0.0312  0.9989 -0.0355
Z  0.0004  0.0356  0.9994

PART 40
OFFSET  17.2785 -4.5354 -4.1430
X  0.9993  0.0319  0.0189
Y -0.0312  0.9989 -0.0355
Z -0.0200  0.0349  0.9992

PART 41
OFFSET  17.2570 -3.9892 -3.8574
X  0.9993  0.0319  0.0189
Y -0.0312  0.9989 -0.0355
Z -0.0200  0.0349  0.9992

PART 42
OFFSET  17.2469 -3.9607 -3.2241
X  0.9993  0.0319  0.0189
Y -0.0312  0.9989 -0.0355
Z -0.0200  0.0349  0.9992

PART 43
OFFSET  17.2592 -4.4913 -2.8941
X  0.9993  0.0319  0.0189
Y -0.0312  0.9989 -0.0355
Z -0.0200  0.0349  0.9992

PART 44
OFFSET  17.2810 -5.0395 -3.1822
X  0.9993  0.0319  0.0189
Y -0.0312  0.9989 -0.0355
Z -0.0200  0.0349  0.9992

PART 45
OFFSET  17.2906 -5.0595 -3.8040
X  0.9993  0.0319  0.0189
Y -0.0312  0.9989 -0.0355
Z -0.0200  0.0349  0.9992

PART 46
OFFSET -30.2424 -4.0706 -1.8835
X  0.9995  0.0312 -0.0015
Y -0.0312  0.9989 -0.0355
Z  0.0004  0.0356  0.9994

PART 47
OFFSET  15.7320 -4.3955 -4.0279
X  0.9987  0.0326  0.0393
Y -0.0312  0.9989 -0.0355
Z -0.0404  0.0343  0.9986

PART 48
OFFSET  11.0375 -3.8652 -14.6262
X  0.7334 -0.0173 -0.6796
Y  0.1101  0.9895  0.0936
Z  0.6708 -0.1434  0.7276

PART 49
OFFSET -9.0954 -2.7609 -2.3892
X -0.7417  0.5068  0.4394
Y -0.2925 -0.8339  0.4680
Z  0.6036  0.2186  0.7667

PART 50
OFFSET -0.1257 -8.8900 -7.7034
X -0.9708 -0.2187 -0.0985
Y  0.2333 -0.7648 -0.6006
Z  0.0560 -0.6060  0.7935

PART 51
OFFSET  8.1313 -7.0297 -6.8652
X -0.9708 -0.2187 -0.0985
Y  0.1347 -0.1570 -0.9784
Z  0.1985 -0.9631  0.1819

PART 52
OFFSET  9.3377 -5.3886 -7.8010
X -0.9723 -0.2124 -0.0974
Y -0.0564  0.6179 -0.7842
Z  0.2267 -0.7570 -0.6128

PART 53
OFFSET  9.3656 -4.9753 -5.9872
X -0.9723 -0.2124 -0.0974
Y -0.0564  0.6179 -0.7842
Z  0.2267 -0.7570 -0.6128

PART 54
OFFSET  9.5834 -6.3943 -4.8851
X -0.9723 -0.2124 -0.0974
Y -0.0564  0.6179 -0.7842
Z  0.2267 -0.7570 -0.6128

PART 55
OFFSET  11.1075 -6.3591 -6.5631
X -0.9744 -0.0580 -0.2173
Y  0.2230 -0.1231 -0.9670
Z  0.0293 -0.9907  0.1329

PART 56
OFFSET  11.3185 -5.8075 -5.5867
X -0.5420 -0.8237 -0.1664
Y  0.7552 -0.3906 -0.5264
Z  0.3686 -0.4110  0.8338

PART 57
OFFSET  12.3923 -3.9681 -5.2215
X -0.9501 -0.3113 -0.0197
Y  0.2916 -0.8638 -0.4108
Z  0.1109 -0.3961  0.9115

PART 58
OFFSET  13.9311 -3.4727 -5.3163
X -0.9068  0.2192  0.3601
Y -0.3388 -0.8872 -0.3130
Z  0.2509 -0.4059  0.8788

PART 59
OFFSET  14.9059 -3.6761 -5.7406
X -0.9004  0.2397 -0.3632
Y  0.4344  0.4472 -0.7818
Z -0.0250 -0.8617 -0.5068

PART 60
OFFSET  12.1649 -6.2417 -7.4415
X -0.9250 -0.0199  0.3796
Y  0.0914 -0.9810  0.1713
Z  0.3689  0.1931  0.9092

PART 61
OFFSET  14.2856 -6.0486 -8.1829
X -0.3080 -0.9333 -0.1849
Y  0.9488 -0.2868 -0.1325
Z  0.0707 -0.2162  0.9738

PART 62
OFFSET  14.7217 -4.7273 -7.9211
X  0.4827 -0.8425 -0.2391
Y  0.8752  0.4740  0.0967
Z  0.0318 -0.2560  0.9662

PART 63
OFFSET  14.2937 -3.9803 -7.7091
X  0.9890 -0.0999 -0.1095
Y  0.1209  0.9712  0.2051
Z  0.0858 -0.2161  0.9726

PART 64
OFFSET  13.3542 -3.8854 -7.6051
X -0.8447 -0.5020 -0.1857
Y -0.5343  0.7702  0.3482
Z -0.0318  0.3933 -0.9188

PART 65
OFFSET  12.2350 -6.2855 -6.7325
X -0.9956 -0.0234  0.0909
Y  0.0395 -0.9829  0.1797
Z  0.0852  0.1825  0.9795

PART 66
OFFSET  14.8072 -6.2736 -7.1100
X -0.1758 -0.9825  0.0607
Y  0.9678 -0.1838 -0.1718
Z  0.1799  0.0286  0.9833

PART 67
OFFSET  15.1065 -4.6008 -7.2134
X  0.7311 -0.6714 -0.1211
Y  0.6615  0.7411 -0.1151
Z  0.1671  0.0041  0.9859

PART 68
OFFSET  14.0933 -3.6703 -7.0456
X  0.9693  0.1859 -0.1609
Y -0.1848  0.9825  0.0224
Z  0.1622  0.0080  0.9867

PART 69
OFFSET  13.0420 -3.8720 -6.8711
X -0.6806 -0.7132  0.1675
Y -0.7137  0.6971  0.0681
Z -0.1654 -0.0732 -0.9835

PART 70
OFFSET  6.8793 -7.0274 -6.5787
X -0.9518 -0.3062  0.0195
Y -0.3024  0.9255 -0.2280
Z  0.0518 -0.2229 -0.9735

PART 71
