// Export filename: `C:\projects\cod\t5\xanim_export\t5_viewmodels\python\python_sw_first_raise.XANIM_EXPORT`
// Source filename: `D:\projects\devanim\t5\animation_assets\viewmodels\python\ViewModel_python_animated.fbx`
// Export time: Fri Aug 06 01:02:36 2010

ANIMATION
VERSION 3

NUMPARTS 81
PART 0 "tag_ads"
PART 1 "tag_torso"
PART 2 "J_Shoulder_LE"
PART 3 "J_Elbow_LE"
PART 4 "J_WristTwist_LE"
PART 5 "J_Sleave_Reshape_Bottom_LE_1"
PART 6 "J_Sleave_Reshape_Bottom_LE_2"
PART 7 "J_Sleave_Reshape_Top_LE_1"
PART 8 "J_Sleave_Reshape_Top_LE_2"
PART 9 "J_Sleave_Reshape_Top_LE_3"
PART 10 "J_Wrist_LE"
PART 11 "J_Thumb_LE_0"
PART 12 "J_Thumb_LE_1"
PART 13 "J_Thumb_LE_2"
PART 14 "J_Thumb_LE_3"
PART 15 "J_PinkyPalm_LE"
PART 16 "J_Pinky_LE_0"
PART 17 "J_Pinky_LE_1"
PART 18 "J_Pinky_LE_2"
PART 19 "J_Pinky_LE_3"
PART 20 "J_RingPalm_LE"
PART 21 "J_Ring_LE_0"
PART 22 "J_Ring_LE_1"
PART 23 "J_Ring_LE_2"
PART 24 "J_Ring_LE_3"
PART 25 "J_Webbing_LE"
PART 26 "J_Index_LE_0"
PART 27 "J_Index_LE_1"
PART 28 "J_Index_LE_2"
PART 29 "J_Index_LE_3"
PART 30 "J_Mid_LE_0"
PART 31 "J_Mid_LE_1"
PART 32 "J_Mid_LE_2"
PART 33 "J_Mid_LE_3"
PART 34 "tag_knife_attach"
PART 35 "tag_weapon"
PART 36 "J_Gun"
PART 37 "TAG_CLIP"
PART 38 "J_Bolt"
PART 39 "tag_speedloader"
PART 40 "tag_spent0"
PART 41 "tag_spent1"
PART 42 "tag_spent2"
PART 43 "tag_spent3"
PART 44 "tag_spent4"
PART 45 "tag_spent5"
PART 46 "tag_bullets"
PART 47 "J_Press_Rear"
PART 48 "J_Shoulder_RI"
PART 49 "J_Elbow_RI"
PART 50 "J_WristTwist_RI"
PART 51 "J_Sleave_Reshape_Top_RI_3"
PART 52 "J_Sleave_Reshape_Top_RI_2"
PART 53 "J_Sleave_Reshape_Top_RI_1"
PART 54 "J_Wrist_RI"
PART 55 "J_Thumb_RI_0"
PART 56 "J_Thumb_RI_1"
PART 57 "J_Thumb_RI_2"
PART 58 "J_Thumb_RI_3"
PART 59 "J_PinkyPalm_RI"
PART 60 "J_Pinky_RI_0"
PART 61 "J_Pinky_RI_1"
PART 62 "J_Pinky_RI_2"
PART 63 "J_Pinky_RI_3"
PART 64 "J_RingPalm_RI"
PART 65 "J_Ring_RI_0"
PART 66 "J_Ring_RI_1"
PART 67 "J_Ring_RI_2"
PART 68 "J_Ring_RI_3"
PART 69 "J_Webbing_RI"
PART 70 "J_Index_RI_0"
PART 71 "J_Index_RI_1"
PART 72 "J_Index_RI_2"
PART 73 "J_Index_RI_3"
PART 74 "J_Mid_RI_0"
PART 75 "J_Mid_RI_1"
PART 76 "J_Mid_RI_2"
PART 77 "J_Mid_RI_3"
PART 78 "tag_cambone"
PART 79 "tag_camera"
PART 80 "tag_gasmask"

FRAMERATE 30
NUMFRAMES 61

FRAME 400
PART 0
OFFSET -4.6318 -0.0000 -1.3770
X  1.0000 -0.0000  0.0000
Y  0.0000  1.0000  0.0000
Z  0.0000 -0.0000  1.0000

PART 1
OFFSET -4.6318 -0.0000 -1.3770
X  1.0000 -0.0000  0.0000
Y  0.0000  1.0000  0.0000
Z  0.0000 -0.0000  1.0000

PART 2
OFFSET -6.7281  3.8438 -4.9859
X  0.4571  0.0044 -0.8894
Y  0.4170 -0.8844  0.2099
Z -0.7856 -0.4668 -0.4060

PART 3
OFFSET -1.2004  3.8969 -15.7425
X  0.9530 -0.0477  0.2990
Y -0.2999 -0.0127  0.9539
Z -0.0417 -0.9988 -0.0264

PART 4
OFFSET  6.9057  3.4909 -13.1991
X  0.9530 -0.0477  0.2990
Y -0.2738  0.2861  0.9183
Z -0.1294 -0.9570  0.2596

PART 5
OFFSET  8.5911  4.3332 -13.7652
X  0.9549 -0.0449  0.2934
Y  0.0434  0.9990  0.0118
Z -0.2936  0.0014  0.9559

PART 6
OFFSET  8.2183  2.7289 -14.1128
X  0.9549 -0.0449  0.2934
Y  0.0434  0.9990  0.0118
Z -0.2936  0.0014  0.9559

PART 7
OFFSET  8.3252  4.1657 -11.1889
X  0.9549 -0.0449  0.2934
Y  0.0434  0.9990  0.0118
Z -0.2936  0.0014  0.9559

PART 8
OFFSET  8.1103  2.8446 -11.0477
X  0.9549 -0.0449  0.2934
Y  0.0434  0.9990  0.0118
Z -0.2936  0.0014  0.9559

PART 9
OFFSET  8.0067  2.2695 -12.0937
X  0.9549 -0.0449  0.2934
Y  0.0434  0.9990  0.0118
Z -0.2936  0.0014  0.9559

PART 10
OFFSET  9.8274  3.3445 -12.2824
X  0.9838 -0.1193 -0.1335
Y  0.1630  0.2886  0.9435
Z -0.0741 -0.9500  0.3033

PART 11
OFFSET  10.3969  3.1792 -11.3074
X  0.9448  0.1218  0.3041
Y -0.2933  0.7283  0.6193
Z -0.1461 -0.6744  0.7238

PART 12
OFFSET  12.3983  3.4773 -10.5489
X  0.9358 -0.1508 -0.3185
Y  0.3509  0.4817  0.8030
Z  0.0323 -0.8633  0.5037

PART 13
OFFSET  13.8917  3.1084 -11.0547
X  0.7754 -0.4785 -0.4120
Y  0.6150  0.4242  0.6647
Z -0.1433 -0.7688  0.6232

PART 14
OFFSET  14.7342  2.5629 -11.4604
X  0.7912  0.2280 -0.5675
Y -0.5229  0.7334 -0.4344
Z  0.3171  0.6404  0.6995

PART 15
OFFSET  10.4705  2.7426 -13.3443
X  0.8235 -0.3942 -0.4080
Y -0.2196 -0.8846  0.4114
Z -0.5231 -0.2492 -0.8150

PART 16
OFFSET  12.3700  1.7847 -14.0918
X  0.4898 -0.8428  0.2231
Y -0.6547 -0.1866  0.7325
Z -0.5757 -0.5049 -0.6431

PART 17
OFFSET  13.0634  0.5914 -13.7759
X -0.2502 -0.6317  0.7337
Y -0.8075  0.5543  0.2018
Z -0.5342 -0.5420 -0.6488

PART 18
OFFSET  12.8416  0.0314 -13.1254
X -0.7677  0.0843  0.6352
Y -0.2624  0.8630 -0.4316
Z -0.5846 -0.4981 -0.6405

PART 19
OFFSET  12.1122  0.1114 -12.5219
X  0.8365 -0.5342 -0.1223
Y  0.2221  0.5344 -0.8156
Z  0.5010  0.6550  0.5656

PART 20
OFFSET  10.8055  3.0408 -12.7890
X  0.8858 -0.2079 -0.4149
Y -0.1013 -0.9591  0.2643
Z -0.4529 -0.1921 -0.8706

PART 21
OFFSET  13.0776  2.2406 -13.7666
X  0.4931 -0.8371  0.2369
Y -0.7274 -0.2473  0.6401
Z -0.4772 -0.4879 -0.7309

PART 22
OFFSET  13.9170  0.8154 -13.3634
X -0.4123 -0.6059  0.6804
Y -0.7883  0.6117  0.0670
Z -0.4568 -0.5087 -0.7298

PART 23
OFFSET  13.3456 -0.0243 -12.4204
X -0.8503  0.0009  0.5264
Y -0.2648  0.8635 -0.4292
Z -0.4549 -0.5043 -0.7340

PART 24
OFFSET  12.4235 -0.0234 -11.8496
X  0.8255 -0.5188 -0.2222
Y  0.2901  0.7278 -0.6214
Z  0.4841  0.4485  0.7514

PART 25
OFFSET  13.0794  2.9257 -11.0332
X  0.8736 -0.4322 -0.2237
Y  0.3630  0.8849 -0.2919
Z  0.3241  0.1738  0.9299

PART 26
OFFSET  13.8115  3.4503 -12.2036
X  0.3874 -0.9115  0.1380
Y -0.8191 -0.2716  0.5053
Z -0.4231 -0.3088 -0.8518

PART 27
OFFSET  14.4936  1.8455 -11.9606
X -0.4147 -0.8207  0.3930
Y -0.8358  0.5143  0.1921
Z -0.3598 -0.2488 -0.8992

PART 28
OFFSET  14.0113  0.8629 -11.4281
X -0.7146 -0.4476  0.5375
Y -0.5566  0.8293 -0.0495
Z -0.4236 -0.3346 -0.8418

PART 29
OFFSET  13.2041  0.3573 -10.8210
X  0.6160 -0.6970 -0.3671
Y  0.5654  0.7156 -0.4101
Z  0.5485  0.0451  0.8349

PART 30
OFFSET  13.5165  2.9796 -13.1585
X  0.4031 -0.8747  0.2692
Y -0.8467 -0.2448  0.4724
Z -0.3473 -0.4184 -0.8393

PART 31
OFFSET  14.3038  1.2709 -12.6325
X -0.3921 -0.7558  0.5245
Y -0.8362  0.5304  0.1392
Z -0.3834 -0.3840 -0.8400

PART 32
OFFSET  13.7312  0.1669 -11.8665
X -0.8487 -0.1975  0.4906
Y -0.3336  0.9197 -0.2070
Z -0.4103 -0.3393 -0.8465

PART 33
OFFSET  12.7672 -0.0598 -11.3167
X  0.8901 -0.4143 -0.1899
Y  0.2596  0.8033 -0.5360
Z  0.3746  0.4278  0.8226

PART 34
OFFSET  12.2941  1.4178 -12.6904
X -0.5017 -0.2274 -0.8346
Y  0.0741  0.9500 -0.3033
Z  0.8619 -0.2140 -0.4598

PART 35
OFFSET  13.9605 -4.0190 -11.4870
X  0.7090 -0.0558 -0.7030
Y -0.2527  0.9105 -0.3272
Z  0.6584  0.4096  0.6315

PART 36
OFFSET  13.9605 -4.0190 -11.4870
X  0.7090 -0.0558 -0.7030
Y -0.2527  0.9105 -0.3272
Z  0.6584  0.4096  0.6315

PART 37
OFFSET  16.4697 -3.9231 -13.6194
X  0.7090 -0.0558 -0.7030
Y -0.2527  0.9105 -0.3272
Z  0.6584  0.4096  0.6315

PART 38
OFFSET  16.0679 -3.4267 -11.4664
X  0.7090 -0.0558 -0.7030
Y -0.7022 -0.1477 -0.6965
Z -0.0650  0.9875 -0.1439

PART 39
OFFSET -67.5874 -45.2813  87.8356
X  0.7102 -0.0760 -0.6999
Y -0.7022 -0.1477 -0.6965
Z -0.0505  0.9861 -0.1582

PART 40
OFFSET  16.0901 -4.0421 -11.3578
X  0.7102 -0.0760 -0.6999
Y -0.7022 -0.1477 -0.6965
Z -0.0505  0.9861 -0.1582

PART 41
OFFSET  15.6991 -3.8208 -11.7804
X  0.7102 -0.0760 -0.6999
Y -0.7022 -0.1477 -0.6965
Z -0.0505  0.9861 -0.1582

PART 42
OFFSET  15.6647 -3.1968 -11.8871
X  0.7102 -0.0760 -0.6999
Y -0.7022 -0.1477 -0.6965
Z -0.0505  0.9861 -0.1582

PART 43
OFFSET  16.0309 -2.8102 -11.5598
X  0.7102 -0.0760 -0.6999
Y -0.7022 -0.1477 -0.6965
Z -0.0505  0.9861 -0.1582

PART 44
OFFSET  16.4233 -3.0338 -11.1356
X  0.7102 -0.0760 -0.6999
Y -0.7022 -0.1477 -0.6965
Z -0.0505  0.9861 -0.1582

PART 45
OFFSET  16.4514 -3.6474 -11.0365
X  0.7102 -0.0760 -0.6999
Y -0.7022 -0.1477 -0.6965
Z -0.0505  0.9861 -0.1582

PART 46
OFFSET -66.2717 -45.4221  86.5388
X  0.7102 -0.0760 -0.6999
Y -0.7022 -0.1477 -0.6965
Z -0.0505  0.9861 -0.1582

PART 47
OFFSET  14.6228 -3.3536 -10.7081
X  0.7090 -0.0558 -0.7030
Y -0.2527  0.9105 -0.3272
Z  0.6584  0.4096  0.6315

PART 48
OFFSET -7.8386 -1.3192 -1.5206
X -0.5208  0.3935  0.7575
Y -0.4654 -0.8748  0.1345
Z  0.7157 -0.2825  0.6388

PART 49
OFFSET -1.5397 -6.0787 -10.6821
X -0.9807 -0.0536 -0.1879
Y  0.1921 -0.4395 -0.8774
Z -0.0356 -0.8966  0.4413

PART 50
OFFSET  6.8018 -5.6232 -9.0842
X -0.9807 -0.0536 -0.1879
Y  0.1870 -0.5356 -0.8235
Z -0.0565 -0.8427  0.5353

PART 51
OFFSET  8.1109 -4.1947 -8.6703
X -0.9818 -0.0485 -0.1838
Y  0.0356  0.9030 -0.4282
Z  0.1868 -0.4269 -0.8848

PART 52
OFFSET  8.2817 -4.2962 -7.4886
X -0.9818 -0.0485 -0.1838
Y  0.0356  0.9030 -0.4282
Z  0.1868 -0.4269 -0.8848

PART 53
OFFSET  8.3737 -5.5733 -7.0745
X -0.9818 -0.0485 -0.1838
Y  0.0356  0.9030 -0.4282
Z  0.1868 -0.4269 -0.8848

PART 54
OFFSET  9.8085 -5.4589 -8.5082
X -0.8917  0.0237  0.4520
Y -0.3645 -0.6296 -0.6861
Z  0.2684 -0.7765  0.5701

PART 55
OFFSET  10.4511 -4.5432 -8.2836
X -0.5910 -0.7769  0.2172
Y  0.0309 -0.2908 -0.9563
Z  0.8061 -0.5584  0.1959

PART 56
OFFSET  11.6785 -2.8065 -8.6676
X -0.5218  0.0232  0.8528
Y -0.4852 -0.8303 -0.2743
Z  0.7017 -0.5569  0.4444

PART 57
OFFSET  12.4132 -2.8311 -10.1105
X -0.2496  0.1884  0.9498
Y -0.6347 -0.7727 -0.0135
Z  0.7314 -0.6062  0.3124

PART 58
OFFSET  12.6605 -2.9940 -11.1517
X -0.7848  0.3693  0.4977
Y -0.2215  0.5829 -0.7818
Z -0.5788 -0.7238 -0.3757

PART 59
OFFSET  10.1184 -5.9963 -9.7406
X -0.5531  0.1158  0.8250
Y  0.4464 -0.7950  0.4108
Z  0.7035  0.5955  0.3880

PART 60
OFFSET  11.4088 -6.0722 -11.5882
X  0.0307 -0.8001  0.5990
Y  0.5501 -0.4868 -0.6785
Z  0.8345  0.3504  0.4252

PART 61
OFFSET  11.3654 -4.9394 -12.4363
X  0.4691 -0.8506 -0.2374
Y  0.3245  0.4161 -0.8495
Z  0.8213  0.3214  0.4712

PART 62
OFFSET  10.9494 -4.1852 -12.2257
X  0.4978 -0.1795 -0.8485
Y -0.2276  0.9170 -0.3275
Z  0.8369  0.3561  0.4157

PART 63
OFFSET  10.4765 -4.0147 -11.4196
X -0.3589 -0.4899  0.7945
Y -0.3864  0.8528  0.3513
Z -0.8496 -0.1809 -0.4954

PART 64
OFFSET  10.5943 -5.6914 -9.3044
X -0.7051  0.0669  0.7060
Y  0.4117 -0.7720  0.4843
Z  0.5774  0.6321  0.5168

PART 65
OFFSET  12.3476 -5.9760 -11.2027
X  0.0818 -0.7289  0.6797
Y  0.5558 -0.5327 -0.6382
Z  0.8273  0.4300  0.3615

PART 66
OFFSET  12.2083 -4.7350 -12.3599
X  0.5537 -0.7319 -0.3972
Y  0.1168  0.5405 -0.8332
Z  0.8245  0.4149  0.3847

PART 67
OFFSET  11.4409 -3.7207 -11.8094
X  0.4361 -0.0221 -0.8996
Y -0.3686  0.9076 -0.2010
Z  0.8210  0.4193  0.3876

PART 68
OFFSET  10.9680 -3.6967 -10.8337
X -0.1063 -0.4797  0.8710
Y -0.5868  0.7374  0.3345
Z -0.8027 -0.4756 -0.3599

PART 69
OFFSET  6.5494 -5.2442 -5.7411
X -0.6938 -0.0719  0.7165
Y -0.5299  0.7247 -0.4405
Z -0.4876 -0.6853 -0.5409

PART 70
OFFSET  13.6576 -5.3649 -9.5403
X -0.3162 -0.1602  0.9351
Y  0.5737 -0.8173  0.0540
Z  0.7556  0.5536  0.3503

PART 71
OFFSET  14.2143 -5.0829 -11.1867
X -0.2334 -0.2548  0.9384
Y  0.6481 -0.7602 -0.0452
Z  0.7249  0.5976  0.3426

PART 72
OFFSET  14.5421 -4.7368 -12.3067
X  0.0481 -0.6242  0.7798
Y  0.6924 -0.5418 -0.4764
Z  0.7199  0.5628  0.4062

PART 73
OFFSET  14.4878 -4.0317 -13.1874
X -0.4382  0.8506  0.2905
Y  0.0654  0.3525 -0.9335
Z -0.8965 -0.3901 -0.2101

PART 74
OFFSET  13.1189 -5.9061 -10.3387
X -0.0002 -0.6513  0.7588
Y  0.7153 -0.5304 -0.4550
Z  0.6988  0.5427  0.4660

PART 75
OFFSET  13.1193 -4.6338 -11.8211
X  0.6622 -0.7365 -0.1382
Y  0.2379  0.3815 -0.8932
Z  0.7106  0.5587  0.4278

PART 76
OFFSET  12.1521 -3.5582 -11.6193
X  0.5238 -0.0719 -0.8488
Y -0.4793  0.7988 -0.3635
Z  0.7042  0.5973  0.3839

PART 77
OFFSET  11.5535 -3.4804 -10.6609
X -0.1405 -0.4932  0.8585
Y -0.6495  0.7003  0.2961
Z -0.7472 -0.5160 -0.4188

PART 78
OFFSET  0.0000 -0.0000 -0.0000
X  1.0000 -0.0000  0.0000
Y  0.0000  1.0000  0.0000
Z  0.0000 -0.0000  1.0000

PART 79
OFFSET  0.0000 -0.0000 -0.0000
X  1.0000 -0.0000  0.0000
Y  0.0000  1.0000  0.0000
Z  0.0000 -0.0000  1.0000

PART 80
OFFSET  1.5404 -0.0000  4.1357
X  1.0000 -0.0000  0.0000
Y  0.0000  1.0000  0.0000
Z  0.0000 -0.0000  1.0000


FRAME 401
PART 0
OFFSET -4.6318 -0.0000 -1.3770
X  1.0000 -0.0000  0.0000
Y  0.0000  1.0000  0.0000
Z  0.0000 -0.0000  1.0000

PART 1
OFFSET -4.6318 -0.0000 -1.3770
X  1.0000 -0.0000  0.0000
Y  0.0000  1.0000  0.0000
Z  0.0000 -0.0000  1.0000

PART 2
OFFSET -6.7281  3.8438 -4.9859
X  0.4592  0.0064 -0.8883
Y  0.4100 -0.8886  0.2055
Z -0.7881 -0.4585 -0.4107

PART 3
OFFSET -1.1744  3.9214 -15.7289
X  0.9537 -0.0564  0.2955
Y -0.2968 -0.0166  0.9548
Z -0.0490 -0.9983 -0.0325

PART 4
OFFSET  6.9369  3.4413 -13.2154
X  0.9537 -0.0564  0.2955
Y -0.2684  0.2839  0.9205
Z -0.1359 -0.9572  0.2556

PART 5
OFFSET  8.6265  4.2751 -13.7818
X  0.9556 -0.0536  0.2899
Y  0.0506  0.9986  0.0180
Z -0.2904 -0.0025  0.9569

PART 6
OFFSET  8.2410  2.6757 -14.1383
X  0.9556 -0.0536  0.2899
Y  0.0506  0.9986  0.0180
Z -0.2904 -0.0025  0.9569

PART 7
OFFSET  8.3679  4.0932 -11.2058
X  0.9556 -0.0536  0.2899
Y  0.0506  0.9986  0.0180
Z -0.2904 -0.0025  0.9569

PART 8
OFFSET  8.1440  2.7728 -11.0722
X  0.9556 -0.0536  0.2899
Y  0.0506  0.9986  0.0180
Z -0.2904 -0.0025  0.9569

PART 9
OFFSET  8.0328  2.2051 -12.1215
X  0.9556 -0.0536  0.2899
Y  0.0506  0.9986  0.0180
Z -0.2904 -0.0025  0.9569

PART 10
OFFSET  9.8606  3.2682 -12.3095
X  0.9843 -0.1152 -0.1335
Y  0.1617  0.2887  0.9437
Z -0.0702 -0.9505  0.3028

PART 11
OFFSET  10.4306  3.1047 -11.3345
X  0.9439  0.1218  0.3071
Y -0.2959  0.7248  0.6222
Z -0.1468 -0.6781  0.7201

PART 12
OFFSET  12.4297  3.4021 -10.5696
X  0.9386 -0.1451 -0.3130
Y  0.3434  0.4796  0.8075
Z  0.0330 -0.8654  0.5000

PART 13
OFFSET  13.9282  3.0423 -11.0671
X  0.7840 -0.4698 -0.4059
Y  0.6041  0.4266  0.6731
Z -0.1430 -0.7729  0.6182

PART 14
OFFSET  14.7797  2.5062 -11.4662
X  0.7951  0.2376 -0.5580
Y -0.5248  0.7307 -0.4367
Z  0.3040  0.6401  0.7056

PART 15
OFFSET  10.5062  2.6695 -13.3716
X  0.8251 -0.3906 -0.4082
Y -0.2160 -0.8857  0.4109
Z -0.5220 -0.2509 -0.8152

PART 16
OFFSET  12.4096  1.7199 -14.1196
X  0.4994 -0.8391  0.2157
Y -0.6493 -0.1976  0.7344
Z -0.5736 -0.5069 -0.6435

PART 17
OFFSET  13.1167  0.5319 -13.8142
X -0.2326 -0.6437  0.7291
Y -0.8144  0.5387  0.2158
Z -0.5317 -0.5435 -0.6495

PART 18
OFFSET  12.9105 -0.0388 -13.1678
X -0.7600  0.0566  0.6475
Y -0.2879  0.8639 -0.4133
Z -0.5827 -0.5005 -0.6402

PART 19
OFFSET  12.1885  0.0149 -12.5526
X  0.8463 -0.5132 -0.1432
Y  0.1981  0.5525 -0.8096
Z  0.4946  0.6568  0.5692

PART 20
OFFSET  10.8400  2.9688 -12.8162
X  0.8867 -0.2040 -0.4150
Y -0.0973 -0.9597  0.2638
Z -0.4521 -0.1935 -0.8708

PART 21
OFFSET  13.1153  2.1785 -13.7941
X  0.5033 -0.8328  0.2304
Y -0.7217 -0.2586  0.6421
Z -0.4752 -0.4895 -0.7312

PART 22
OFFSET  13.9723  0.7606 -13.4020
X -0.3950 -0.6195  0.6784
Y -0.7984  0.5968  0.0801
Z -0.4545 -0.5100 -0.7303

PART 23
OFFSET  13.4249 -0.0979 -12.4617
X -0.8424 -0.0275  0.5381
Y -0.2922  0.8623 -0.4135
Z -0.4527 -0.5056 -0.7345

PART 24
OFFSET  12.5113 -0.1277 -11.8781
X  0.8349 -0.4950 -0.2408
Y  0.2631  0.7431 -0.6152
Z  0.4835  0.4503  0.7507

PART 25
OFFSET  13.1142  2.8621 -11.0603
X  0.8754 -0.4285 -0.2239
Y  0.3594  0.8865 -0.2914
Z  0.3233  0.1746  0.9300

PART 26
OFFSET  13.8442  3.3904 -12.2303
X  0.4004 -0.9068  0.1318
Y -0.8135 -0.2856  0.5066
Z -0.4218 -0.3100 -0.8521

PART 27
OFFSET  14.5491  1.7938 -11.9983
X -0.3924 -0.8341  0.3878
Y -0.8464  0.4924  0.2026
Z -0.3599 -0.2487 -0.8992

PART 28
OFFSET  14.0939  0.7949 -11.4723
X -0.6935 -0.4788  0.5383
Y -0.5844  0.8109 -0.0316
Z -0.4213 -0.3365 -0.8422

PART 29
OFFSET  13.3105  0.2541 -10.8643
X  0.6348 -0.6708 -0.3836
Y  0.5369  0.7399 -0.4054
Z  0.5557  0.0514  0.8298

PART 30
OFFSET  13.5511  2.9190 -13.1855
X  0.4145 -0.8708  0.2642
Y -0.8416 -0.2564  0.4753
Z -0.3461 -0.4194 -0.8392

PART 31
OFFSET  14.3610  1.2177 -12.6694
X -0.3720 -0.7676  0.5220
Y -0.8457  0.5121  0.1503
Z -0.3827 -0.3855 -0.8396

PART 32
OFFSET  13.8176  0.0966 -11.9070
X -0.8366 -0.2279  0.4982
Y -0.3628  0.9119 -0.1920
Z -0.4105 -0.3414 -0.8455

PART 33
OFFSET  12.8674 -0.1646 -11.3486
X  0.8994 -0.3858 -0.2053
Y  0.2295  0.8168 -0.5294
Z  0.3719  0.4290  0.8232

PART 34
OFFSET  12.3352  1.3519 -12.7184
X -0.5007 -0.2290 -0.8348
Y  0.0702  0.9505 -0.3028
Z  0.8628 -0.2102 -0.4599

PART 35
OFFSET  13.9357 -3.9842 -10.7395
X  0.7362 -0.0628 -0.6739
Y -0.2140  0.9230 -0.3198
Z  0.6420  0.3796  0.6661

PART 36
OFFSET  13.9357 -3.9842 -10.7395
X  0.7362 -0.0628 -0.6739
Y -0.2140  0.9230 -0.3198
Z  0.6420  0.3796  0.6661

PART 37
OFFSET  16.5342 -3.9195 -12.7634
X  0.7362 -0.0628 -0.6739
Y -0.2140  0.9230 -0.3198
Z  0.6420  0.3796  0.6661

PART 38
OFFSET  16.0556 -3.4512 -10.6198
X  0.7362 -0.0628 -0.6739
Y -0.6760 -0.1155 -0.7278
Z -0.0321  0.9913 -0.1274

PART 39
OFFSET -72.8085 -44.7545  84.2913
X  0.7367 -0.0830 -0.6711
Y -0.6760 -0.1155 -0.7278
Z -0.0171  0.9898 -0.1412

PART 40
OFFSET  16.0566 -4.0689 -10.5223
X  0.7367 -0.0830 -0.6711
Y -0.6760 -0.1155 -0.7278
Z -0.0171  0.9898 -0.1412

PART 41
OFFSET  15.6899 -3.8291 -10.9564
X  0.7367 -0.0830 -0.6711
Y -0.6760 -0.1155 -0.7278
Z -0.0171  0.9898 -0.1412

PART 42
OFFSET  15.6769 -3.2026 -11.0524
X  0.7367 -0.0830 -0.6711
Y -0.6760 -0.1155 -0.7278
Z -0.0171  0.9898 -0.1412

PART 43
OFFSET  16.0393 -2.8323 -10.7028
X  0.7367 -0.0830 -0.6711
Y -0.6760 -0.1155 -0.7278
Z -0.0171  0.9898 -0.1412

PART 44
OFFSET  16.4073 -3.0744 -10.2670
X  0.7367 -0.0830 -0.6711
Y -0.6760 -0.1155 -0.7278
Z -0.0171  0.9898 -0.1412

PART 45
OFFSET  16.4146 -3.6903 -10.1786
X  0.7367 -0.0830 -0.6711
Y -0.6760 -0.1155 -0.7278
Z -0.0171  0.9898 -0.1412

PART 46
OFFSET -71.4436 -44.9083  83.0479
X  0.7367 -0.0830 -0.6711
Y -0.6760 -0.1155 -0.7278
Z -0.0171  0.9898 -0.1412

PART 47
OFFSET  14.5824 -3.3517 -9.9210
X  0.7362 -0.0628 -0.6739
Y -0.2140  0.9230 -0.3198
Z  0.6420  0.3796  0.6661

PART 48
OFFSET -7.8386 -1.3192 -1.5206
X -0.5165  0.3942  0.7602
Y -0.4773 -0.8696  0.1266
Z  0.7109 -0.2974  0.6373

PART 49
OFFSET -1.5918 -6.0861 -10.7138
X -0.9693 -0.0626 -0.2376
Y  0.2410 -0.4319 -0.8691
Z -0.0482 -0.8997  0.4338

PART 50
OFFSET  6.6528 -5.5537 -8.6928
X -0.9693 -0.0626 -0.2376
Y  0.2350 -0.5185 -0.8221
Z -0.0718 -0.8528  0.5173

PART 51
OFFSET  7.9239 -4.1143 -8.2048
X -0.9706 -0.0575 -0.2336
Y  0.0475  0.9060 -0.4206
Z  0.2359 -0.4193 -0.8767

PART 52
OFFSET  8.0358 -4.2216 -7.0166
X -0.9706 -0.0575 -0.2336
Y  0.0475  0.9060 -0.4206
Z  0.2359 -0.4193 -0.8767

PART 53
OFFSET  8.1203 -5.5002 -6.6058
X -0.9706 -0.0575 -0.2336
Y  0.0475  0.9060 -0.4206
Z  0.2359 -0.4193 -0.8767

PART 54
OFFSET  9.6245 -5.3618 -7.9643
X -0.9090  0.0403  0.4149
Y -0.3522 -0.6067 -0.7126
Z  0.2231 -0.7939  0.5657

PART 55
OFFSET  10.2817 -4.4685 -7.6955
X -0.6204 -0.7640  0.1774
Y  0.0633 -0.2742 -0.9596
Z  0.7817 -0.5841  0.2184

PART 56
OFFSET  11.5706 -2.7600 -7.9946
X -0.5564  0.0222  0.8306
Y -0.4955 -0.8113 -0.3102
Z  0.6670 -0.5842  0.4624

PART 57
OFFSET  12.3645 -2.7789 -9.4059
X -0.2842  0.1780  0.9421
Y -0.6542 -0.7543 -0.0548
Z  0.7009 -0.6319  0.3309

PART 58
OFFSET  12.6509 -2.9297 -10.4388
X -0.7948  0.3819  0.4716
Y -0.1725  0.6029 -0.7789
Z -0.5818 -0.7005 -0.4133

PART 59
OFFSET  9.9715 -5.8851 -9.1928
X -0.5840  0.1162  0.8034
Y  0.4070 -0.8144  0.4136
Z  0.7023  0.5686  0.4283

PART 60
OFFSET  11.3360 -5.9634 -10.9862
X -0.0162 -0.8114  0.5843
Y  0.5649 -0.4896 -0.6643
Z  0.8250  0.3193  0.4662

PART 61
OFFSET  11.3590 -4.8147 -11.8134
X  0.4555 -0.8589 -0.2340
Y  0.3712  0.4222 -0.8270
Z  0.8092  0.2899  0.5111

PART 62
OFFSET  10.9551 -4.0531 -11.6059
X  0.5281 -0.1778 -0.8304
Y -0.1887  0.9288 -0.3189
Z  0.8280  0.3251  0.4569

PART 63
OFFSET  10.4534 -3.8842 -10.8170
X -0.4051 -0.4941  0.7693
Y -0.3777  0.8567  0.3513
Z -0.8326 -0.1482 -0.5337

PART 64
OFFSET  10.4366 -5.6016 -8.7314
X -0.7321  0.0737  0.6772
Y  0.3699 -0.7918  0.4861
Z  0.5720  0.6063  0.5525

PART 65
OFFSET  12.2600 -5.9004 -10.5602
X  0.0334 -0.7431  0.6684
Y  0.5676 -0.5363 -0.6247
Z  0.8226  0.4002  0.4038

PART 66
OFFSET  12.2031 -4.6353 -11.6981
X  0.5499 -0.7397 -0.3879
Y  0.1663  0.5521 -0.8170
Z  0.8185  0.3848  0.4266

PART 67
OFFSET  11.4409 -3.6101 -11.1606
X  0.4728 -0.0180 -0.8810
Y -0.3351  0.9210 -0.1986
Z  0.8149  0.3892  0.4294

PART 68
OFFSET  10.9282 -3.5906 -10.2052
X -0.1559 -0.4922  0.8564
Y -0.5803  0.7472  0.3239
Z -0.7994 -0.4465 -0.4021

PART 69
OFFSET  6.2589 -5.1067 -5.3315
X -0.7251 -0.0655  0.6855
Y -0.4911  0.7470 -0.4481
Z -0.4827 -0.6616 -0.5738

PART 70
OFFSET  13.5148 -5.3562 -8.8334
X -0.3595 -0.1682  0.9179
Y  0.5486 -0.8337  0.0621
Z  0.7548  0.5259  0.3920

PART 71
OFFSET  14.1478 -5.0600 -10.4494
X -0.2796 -0.2652  0.9228
Y  0.6286 -0.7770 -0.0329
Z  0.7257  0.5709  0.3839

PART 72
OFFSET  14.5317 -4.7030 -11.5479
X -0.0017 -0.6394  0.7689
Y  0.6970 -0.5521 -0.4576
Z  0.7171  0.5351  0.4466

PART 73
OFFSET  14.5336 -3.9808 -12.4164
X -0.4269  0.8571  0.2884
Y  0.1141  0.3674 -0.9230
Z -0.8971 -0.3612 -0.2547

PART 74
OFFSET  12.9958 -5.8677 -9.6637
X -0.0498 -0.6646  0.7455
Y  0.7192 -0.5418 -0.4350
Z  0.6930  0.5145  0.5050

PART 75
OFFSET  13.0931 -4.5692 -11.1200
X  0.6473 -0.7520 -0.1247
Y  0.2855  0.3909 -0.8751
Z  0.7067  0.5308  0.4677

PART 76
OFFSET  12.1476 -3.4709 -10.9380
X  0.5569 -0.0711 -0.8275
Y -0.4418  0.8183 -0.3677
Z  0.7033  0.5704  0.4243

PART 77
OFFSET  11.5116 -3.3939 -10.0040
X -0.1898 -0.5046  0.8422
Y -0.6423  0.7126  0.2822
Z -0.7426 -0.4874 -0.4593

PART 78
OFFSET  0.0000 -0.0000 -0.0000
X  1.0000 -0.0000  0.0000
Y  0.0000  1.0000  0.0000
Z  0.0000 -0.0000  1.0000

PART 79
OFFSET  0.0000 -0.0000 -0.0000
X  1.0000 -0.0000  0.0000
Y  0.0000  1.0000 -0.0011
Z  0.0000  0.0011  1.0000

PART 80
OFFSET  1.5404  0.0046  4.1357
X  1.0000 -0.0000  0.0000
Y  0.0000  1.0000 -0.0011
Z  0.0000  0.0011  1.0000


FRAME 402
PART 0
OFFSET -4.6318 -0.0000 -1.3770
X  1.0000 -0.0000  0.0000
Y  0.0000  1.0000  0.0000
Z  0.0000 -0.0000  1.0000

PART 1
OFFSET -4.6318 -0.0000 -1.3770
X  1.0000 -0.0000  0.0000
Y  0.0000  1.0000  0.0000
Z  0.0000 -0.0000  1.0000

PART 2
OFFSET -6.7281  3.8438 -4.9859
X  0.4656  0.0117 -0.8849
Y  0.3904 -0.9001  0.1935
Z -0.7942 -0.4356 -0.4237

PART 3
OFFSET -1.0969  3.9853 -15.6878
X  0.9548 -0.0802  0.2861
Y -0.2891 -0.0275  0.9569
Z -0.0689 -0.9964 -0.0494

PART 4
OFFSET  7.0243  3.3029 -13.2541
X  0.9548 -0.0802  0.2861
Y -0.2542  0.2783  0.9263
Z -0.1539 -0.9571  0.2453

PART 5
OFFSET  8.7252  4.1134 -13.8207
X  0.9567 -0.0773  0.2806
Y  0.0704  0.9969  0.0349
Z -0.2824 -0.0136  0.9592

PART 6
OFFSET  8.3053  2.5283 -14.2015
X  0.9567 -0.0773  0.2806
Y  0.0704  0.9969  0.0349
Z -0.2824 -0.0136  0.9592

PART 7
OFFSET  8.4847  3.8914 -11.2460
X  0.9567 -0.0773  0.2806
Y  0.0704  0.9969  0.0349
Z -0.2824 -0.0136  0.9592

PART 8
OFFSET  8.2359  2.5735 -11.1334
X  0.9567 -0.0773  0.2806
Y  0.0704  0.9969  0.0349
Z -0.2824 -0.0136  0.9592

PART 9
OFFSET  8.1048  2.0266 -12.1914
X  0.9567 -0.0773  0.2806
Y  0.0704  0.9969  0.0349
Z -0.2824 -0.0136  0.9592

PART 10
OFFSET  9.9515  3.0569 -12.3769
X  0.9856 -0.1042 -0.1335
Y  0.1584  0.2890  0.9441
Z -0.0598 -0.9517  0.3013

PART 11
OFFSET  10.5232  2.8982 -11.4021
X  0.9412  0.1210  0.3155
Y -0.3032  0.7149  0.6301
Z -0.1493 -0.6887  0.7095

PART 12
OFFSET  12.5156  3.1923 -10.6188
X  0.9460 -0.1297 -0.2971
Y  0.3223  0.4730  0.8200
Z  0.0342 -0.8715  0.4893

PART 13
OFFSET  14.0274  2.8571 -11.0925
X  0.8069 -0.4455 -0.3879
Y  0.5733  0.4321  0.6961
Z -0.1425 -0.7841  0.6041

PART 14
OFFSET  14.9032  2.3468 -11.4725
X  0.8053  0.2638 -0.5309
Y -0.5292  0.7235 -0.4432
Z  0.2672  0.6379  0.7223

PART 15
OFFSET  10.6038  2.4670 -13.4399
X  0.8294 -0.3809 -0.4087
Y -0.2063 -0.8887  0.4095
Z -0.5191 -0.2553 -0.8157

PART 16
OFFSET  12.5176  1.5395 -14.1891
X  0.5254 -0.8282  0.1952
Y -0.6336 -0.2276  0.7394
Z -0.5679 -0.5121 -0.6443

PART 17
OFFSET  13.2614  0.3670 -13.9127
X -0.1831 -0.6749  0.7148
Y -0.8311  0.4947  0.2542
Z -0.5251 -0.5475 -0.6515

PART 18
OFFSET  13.0991 -0.2315 -13.2790
X -0.7341 -0.0198  0.6788
Y -0.3569  0.8616 -0.3608
Z -0.5777 -0.5071 -0.6396

PART 19
OFFSET  12.4017 -0.2503 -12.6341
X  0.8690 -0.4524 -0.2002
Y  0.1299  0.5991 -0.7900
Z  0.4774  0.6606  0.5795

PART 20
OFFSET  10.9342  2.7691 -12.8839
X  0.8889 -0.1936 -0.4152
Y -0.0868 -0.9611  0.2622
Z -0.4498 -0.1971 -0.8711

PART 21
OFFSET  13.2182  2.0053 -13.8628
X  0.5311 -0.8203  0.2122
Y -0.7052 -0.2891  0.6474
Z -0.4697 -0.4935 -0.7320

PART 22
OFFSET  14.1224  0.6088 -13.5015
X -0.3459 -0.6552  0.6717
Y -0.8242  0.5542  0.1162
Z -0.4483 -0.5134 -0.7317

PART 23
OFFSET  13.6431 -0.2992 -12.5706
X -0.8160 -0.1052  0.5684
Y -0.3666  0.8544 -0.3682
Z -0.4469 -0.5088 -0.7358

PART 24
OFFSET  12.7580 -0.4133 -11.9542
X  0.8560 -0.4269 -0.2915
Y  0.1869  0.7814 -0.5954
Z  0.4820  0.4552  0.7486

PART 25
OFFSET  13.2092  2.6846 -11.1279
X  0.8800 -0.4185 -0.2244
Y  0.3497  0.8909 -0.2900
Z  0.3213  0.1767  0.9303

PART 26
OFFSET  13.9335  3.2227 -12.2970
X  0.4357 -0.8928  0.1144
Y -0.7970 -0.3237  0.5099
Z -0.4182 -0.3133 -0.8526

PART 27
OFFSET  14.7006  1.6508 -12.0956
X -0.3293 -0.8679  0.3718
Y -0.8726  0.4302  0.2312
Z -0.3606 -0.2483 -0.8991

PART 28
OFFSET  14.3222  0.6107 -11.5890
X -0.6296 -0.5615  0.5371
Y -0.6568  0.7538  0.0181
Z -0.4150 -0.3414 -0.8434

PART 29
OFFSET  13.6111 -0.0234 -10.9824
X  0.6812 -0.5937 -0.4284
Y  0.4539  0.8016 -0.3892
Z  0.5745  0.0707  0.8155

PART 30
OFFSET  13.6458  2.7496 -13.2530
X  0.4457 -0.8595  0.2501
Y -0.8268 -0.2882  0.4830
Z -0.3431 -0.4221 -0.8391

PART 31
OFFSET  14.5165  1.0705 -12.7643
X -0.3155 -0.7977  0.5139
Y -0.8692  0.4603  0.1808
Z -0.3808 -0.3896 -0.8386

PART 32
OFFSET  14.0556 -0.0947 -12.0137
X -0.7977 -0.3105  0.5169
Y -0.4411  0.8850 -0.1491
Z -0.4112 -0.3470 -0.8429

PART 33
OFFSET  13.1495 -0.4495 -11.4341
X  0.9197 -0.3050 -0.2472
Y  0.1448  0.8488 -0.5085
Z  0.3650  0.4319  0.8248

PART 34
OFFSET  12.4471  1.1686 -12.7885
X -0.4981 -0.2332 -0.8352
Y  0.0598  0.9517 -0.3013
Z  0.8651 -0.2000 -0.4601

PART 35
OFFSET  13.8893 -3.9145 -9.6020
X  0.7795 -0.0724 -0.6222
Y -0.1552  0.9400 -0.3038
Z  0.6069  0.3334  0.7215

PART 36
OFFSET  13.8893 -3.9145 -9.6020
X  0.7795 -0.0724 -0.6222
Y -0.1552  0.9400 -0.3038
Z  0.6069  0.3334  0.7215

PART 37
OFFSET  16.6262 -3.8949 -11.4353
X  0.7795 -0.0724 -0.6222
Y -0.1552  0.9400 -0.3038
Z  0.6069  0.3334  0.7215

PART 38
OFFSET  16.0141 -3.4715 -9.3166
X  0.7795 -0.0724 -0.6222
Y -0.6262 -0.0663 -0.7768
Z  0.0150  0.9952 -0.0971

PART 39
OFFSET -80.9149 -43.9516  77.7297
X  0.7790 -0.0927 -0.6201
Y -0.6262 -0.0663 -0.7768
Z  0.0309  0.9935 -0.1098

PART 40
OFFSET  15.9844 -4.0914 -9.2393
X  0.7790 -0.0927 -0.6201
Y -0.6262 -0.0663 -0.7768
Z  0.0309  0.9935 -0.1098

PART 41
OFFSET  15.6592 -3.8242 -9.6901
X  0.7790 -0.0927 -0.6201
Y -0.6262 -0.0663 -0.7768
Z  0.0309  0.9935 -0.1098

PART 42
OFFSET  15.6770 -3.1951 -9.7663
X  0.7790 -0.0927 -0.6201
Y -0.6262 -0.0663 -0.7768
Z  0.0309  0.9935 -0.1098

PART 43
OFFSET  16.0273 -2.8503 -9.3803
X  0.7790 -0.0927 -0.6201
Y -0.6262 -0.0663 -0.7768
Z  0.0309  0.9935 -0.1098

PART 44
OFFSET  16.3538 -3.1200 -8.9278
X  0.7790 -0.0927 -0.6201
Y -0.6262 -0.0663 -0.7768
Z  0.0309  0.9935 -0.1098

PART 45
OFFSET  16.3313 -3.7380 -8.8592
X  0.7790 -0.0927 -0.6201
Y -0.6262 -0.0663 -0.7768
Z  0.0309  0.9935 -0.1098

PART 46
OFFSET -79.4716 -44.1234  76.5808
X  0.7790 -0.0927 -0.6201
Y -0.6262 -0.0663 -0.7768
Z  0.0309  0.9935 -0.1098

PART 47
OFFSET  14.4996 -3.3334 -8.7200
X  0.7795 -0.0724 -0.6222
Y -0.1552  0.9400 -0.3038
Z  0.6069  0.3334  0.7215

PART 48
OFFSET -7.8386 -1.3192 -1.5206
X -0.5131  0.3943  0.7624
Y -0.4916 -0.8631  0.1156
Z  0.7036 -0.3155  0.6367

PART 49
OFFSET -1.6330 -6.0880 -10.7407
X -0.9484 -0.0769 -0.3075
Y  0.3104 -0.4219 -0.8519
Z -0.0643 -0.9034  0.4240

PART 50
OFFSET  6.4338 -5.4343 -8.1252
X -0.9484 -0.0769 -0.3075
Y  0.3038 -0.4972 -0.8127
Z -0.0904 -0.8642  0.4950

PART 51
OFFSET  7.6418 -3.9776 -7.5383
X -0.9501 -0.0719 -0.3036
Y  0.0625  0.9096 -0.4108
Z  0.3057 -0.4093 -0.8597

PART 52
OFFSET  7.6693 -4.0912 -6.3458
X -0.9501 -0.0719 -0.3036
Y  0.0625  0.9096 -0.4108
Z  0.3057 -0.4093 -0.8597

PART 53
OFFSET  7.7455 -5.3711 -5.9372
X -0.9501 -0.0719 -0.3036
Y  0.0625  0.9096 -0.4108
Z  0.3057 -0.4093 -0.8597

PART 54
OFFSET  9.3414 -5.1986 -7.1825
X -0.9341  0.0646  0.3512
Y -0.3234 -0.5705 -0.7550
Z  0.1516 -0.8187  0.5538

PART 55
OFFSET  10.0114 -4.3410 -6.8393
X -0.6602 -0.7432  0.1085
Y  0.1211 -0.2478 -0.9612
Z  0.7412 -0.6215  0.2536

PART 56
OFFSET  11.3828 -2.6779 -6.9915
X -0.6130  0.0200  0.7898
Y -0.5028 -0.7810 -0.3704
Z  0.6095 -0.6242  0.4889

PART 57
OFFSET  12.2742 -2.6869 -8.3434
X -0.3437  0.1613  0.9251
Y -0.6770 -0.7253 -0.1251
Z  0.6508 -0.6693  0.3585

PART 58
OFFSET  12.6276 -2.8183 -9.3581
X -0.8113  0.3995  0.4269
Y -0.0933  0.6323 -0.7691
Z -0.5772 -0.6638 -0.4757

PART 59
OFFSET  9.7549 -5.6987 -8.4000
X -0.6350  0.1157  0.7638
Y  0.3450 -0.8421  0.4145
Z  0.6912  0.5267  0.4948

PART 60
OFFSET  11.2401 -5.7788 -10.0948
X -0.0889 -0.8271  0.5550
Y  0.5917 -0.4920 -0.6386
Z  0.8012  0.2716  0.5331

PART 61
OFFSET  11.3659 -4.6078 -10.8805
X  0.4379 -0.8693 -0.2293
Y  0.4451  0.4313 -0.7848
Z  0.7811  0.2416  0.5758

PART 62
OFFSET  10.9777 -3.8371 -10.6772
X  0.5788 -0.1743 -0.7966
Y -0.1298  0.9447 -0.3010
Z  0.8051  0.2776  0.5242

PART 63
OFFSET  10.4278 -3.6715 -9.9204
X -0.4776 -0.4999  0.7224
Y -0.3687  0.8605  0.3516
Z -0.7974 -0.0984 -0.5953

PART 64
OFFSET  10.1964 -5.4481 -7.8981
X -0.7753  0.0831  0.6262
Y  0.3037 -0.8202  0.4848
Z  0.5539  0.5660  0.6107

PART 65
OFFSET  12.1330 -5.7659 -9.6032
X -0.0429 -0.7634  0.6445
Y  0.5898 -0.5400 -0.6004
Z  0.8064  0.3544  0.4734

PART 66
OFFSET  12.2059 -4.4662 -10.7005
X  0.5475 -0.7495 -0.3722
Y  0.2452  0.5690 -0.7849
Z  0.8000  0.3385  0.4953

PART 67
OFFSET  11.4471 -3.4275 -10.1848
X  0.5335 -0.0108 -0.8457
Y -0.2846  0.9393 -0.1916
Z  0.7965  0.3429  0.4980

PART 68
OFFSET  10.8685 -3.4157 -9.2675
X -0.2353 -0.5108  0.8269
Y -0.5729  0.7601  0.3065
Z -0.7851 -0.4016 -0.4715

PART 69
OFFSET  5.8086 -4.8860 -4.7855
X -0.7742 -0.0565  0.6305
Y -0.4290  0.7793 -0.4569
Z -0.4655 -0.6242 -0.6275

PART 70
OFFSET  13.2812 -5.3245 -7.7757
X -0.4303 -0.1808  0.8844
Y  0.5105 -0.8567  0.0733
Z  0.7445  0.4830  0.4609

PART 71
OFFSET  14.0388 -5.0062 -9.3329
X -0.3547 -0.2810  0.8918
Y  0.5992 -0.8005 -0.0139
Z  0.7178  0.5294  0.4523

PART 72
OFFSET  14.5135 -4.6325 -10.3896
X -0.0811 -0.6614  0.7457
Y  0.7062 -0.5660 -0.4252
Z  0.7033  0.4922  0.5130

PART 73
OFFSET  14.6051 -3.8855 -11.2318
X -0.4133  0.8647  0.2854
Y  0.1937  0.3898 -0.9003
Z -0.8897 -0.3168 -0.3286

PART 74
OFFSET  12.8036 -5.7896 -8.6567
X -0.1283 -0.6840  0.7181
Y  0.7272 -0.5572 -0.4008
Z  0.6743  0.4708  0.5689

PART 75
OFFSET  13.0542 -4.4535 -10.0596
X  0.6253 -0.7735 -0.1034
Y  0.3620  0.4049 -0.8397
Z  0.6913  0.4877  0.5332

PART 76
OFFSET  12.1409 -3.3237 -9.9086
X  0.6115 -0.0689 -0.7882
Y -0.3828  0.8461 -0.3710
Z  0.6925  0.5286  0.4910

PART 77
OFFSET  11.4432 -3.2488 -9.0196
X -0.2686 -0.5213  0.8100
Y -0.6330  0.7293  0.2595
Z -0.7260 -0.4430 -0.5259

PART 78
OFFSET  0.0000 -0.0000 -0.0000
X  1.0000 -0.0000  0.0000
Y  0.0000  1.0000  0.0000
Z  0.0000 -0.0000  1.0000

PART 79
OFFSET  0.0000 -0.0000 -0.0000
X  1.0000 -0.0000  0.0000
Y  0.0000  1.0000 -0.0041
Z  0.0000  0.0041  1.0000

PART 80
OFFSET  1.5404  0.0169  4.1357
X  1.0000 -0.0000  0.0000
Y  0.0000  1.0000 -0.0041
Z  0.0000  0.0041  1.0000


FRAME 403
PART 0
OFFSET -4.6318 -0.0000 -1.3770
X  1.0000 -0.0000  0.0000
Y  0.0000  1.0000  0.0000
Z  0.0000 -0.0000  1.0000

PART 1
OFFSET -4.6318 -0.0000 -1.3770
X  1.0000 -0.0000  0.0000
Y  0.0000  1.0000  0.0000
Z  0.0000 -0.0000  1.0000

PART 2
OFFSET -6.7281  3.8438 -4.9859
X  0.4765  0.0187 -0.8790
Y  0.3606 -0.9160  0.1759
Z -0.8018 -0.4008 -0.4432

PART 3
OFFSET -0.9659  4.0705 -15.6164
X  0.9552 -0.1152  0.2725
Y -0.2790 -0.0444  0.9593
Z -0.0985 -0.9923 -0.0745

PART 4
OFFSET  7.1589  3.0903 -13.2990
X  0.9552 -0.1152  0.2725
Y -0.2337  0.2705  0.9339
Z -0.1813 -0.9558  0.2314

PART 5
OFFSET  8.8761  3.8661 -13.8647
X  0.9572 -0.1122  0.2669
Y  0.0997  0.9932  0.0600
Z -0.2718 -0.0308  0.9618

PART 6
OFFSET  8.4059  2.3044 -14.2816
X  0.9572 -0.1122  0.2669
Y  0.0997  0.9932  0.0600
Z -0.2718 -0.0308  0.9618

PART 7
OFFSET  8.6583  3.5833 -11.2939
X  0.9572 -0.1122  0.2669
Y  0.0997  0.9932  0.0600
Z -0.2718 -0.0308  0.9618

PART 8
OFFSET  8.3725  2.2706 -11.2128
X  0.9572 -0.1122  0.2669
Y  0.0997  0.9932  0.0600
Z -0.2718 -0.0308  0.9618

PART 9
OFFSET  8.2136  1.7558 -12.2830
X  0.9572 -0.1122  0.2669
Y  0.0997  0.9932  0.0600
Z -0.2718 -0.0308  0.9618

PART 10
OFFSET  10.0873  2.7370 -12.4637
X  0.9871 -0.0882 -0.1336
Y  0.1538  0.2892  0.9448
Z -0.0447 -0.9532  0.2991

PART 11
OFFSET  10.6614  2.5851 -11.4892
X  0.9370  0.1184  0.3287
Y -0.3136  0.6994  0.6423
Z -0.1538 -0.7049  0.6924

PART 12
OFFSET  12.6435  2.8711 -10.6774
X  0.9563 -0.1075 -0.2718
Y  0.2901  0.4613  0.8385
Z  0.0352 -0.8807  0.4723

PART 13
OFFSET  14.1740  2.5714 -11.1132
X  0.8393 -0.4090 -0.3582
Y  0.5248  0.4373  0.7303
Z -0.1421 -0.8009  0.5816

PART 14
OFFSET  15.0840  2.0998 -11.4615
X  0.8189  0.3027 -0.4876
Y -0.5338  0.7137 -0.4535
Z  0.2107  0.6317  0.7461

PART 15
OFFSET  10.7489  2.1600 -13.5280
X  0.8354 -0.3667 -0.4095
Y -0.1923 -0.8928  0.4074
Z -0.5150 -0.2616 -0.8163

PART 16
OFFSET  12.6773  1.2647 -14.2792
X  0.5630 -0.8101  0.1638
Y -0.6081 -0.2718  0.7459
Z -0.5597 -0.5196 -0.6456

PART 17
OFFSET  13.4744  0.1178 -14.0473
X -0.1065 -0.7166  0.6893
Y -0.8502  0.4251  0.3106
Z -0.5156 -0.5529 -0.6545

PART 18
OFFSET  13.3800 -0.5176 -13.4361
X -0.6831 -0.1334  0.7180
Y -0.4563  0.8456 -0.2770
Z -0.5702 -0.5168 -0.6385

PART 19
OFFSET  12.7310 -0.6443 -12.7540
X  0.8914 -0.3541 -0.2829
Y  0.0231  0.6589 -0.7519
Z  0.4527  0.6637  0.5955

PART 20
OFFSET  11.0744  2.4659 -12.9713
X  0.8919 -0.1785 -0.4155
Y -0.0716 -0.9629  0.2600
Z -0.4466 -0.2021 -0.8716

PART 21
OFFSET  13.3704  1.7408 -13.9517
X  0.5714 -0.7996  0.1845
Y -0.6784 -0.3338  0.6545
Z -0.4618 -0.4992 -0.7332

PART 22
OFFSET  14.3432  0.3794 -13.6376
X -0.2688 -0.7036  0.6578
Y -0.8571  0.4864  0.1700
Z -0.4395 -0.5181 -0.7338

PART 23
OFFSET  13.9706 -0.5958 -12.7259
X -0.7636 -0.2200  0.6070
Y -0.4738  0.8296 -0.2954
Z -0.4386 -0.5132 -0.7377

PART 24
OFFSET  13.1424 -0.8343 -12.0676
X  0.8747 -0.3189 -0.3649
Y  0.0688  0.8270 -0.5580
Z  0.4797  0.4630  0.7453

PART 25
OFFSET  13.3504  2.4134 -11.2152
X  0.8866 -0.4040 -0.2253
Y  0.3356  0.8970 -0.2879
Z  0.3184  0.1796  0.9308

PART 26
OFFSET  14.0662  2.9657 -12.3830
X  0.4874 -0.8688  0.0877
Y -0.7693 -0.3797  0.5139
Z -0.4131 -0.3179 -0.8534

PART 27
OFFSET  14.9243  1.4361 -12.2286
X -0.2305 -0.9102  0.3440
Y -0.9031  0.3317  0.2726
Z -0.3622 -0.2479 -0.8985

PART 28
OFFSET  14.6660  0.3446 -11.7558
X -0.5185 -0.6740  0.5262
Y -0.7528  0.6516  0.0928
Z -0.4054 -0.3480 -0.8453

PART 29
OFFSET  14.0803 -0.4168 -11.1615
X  0.7344 -0.4667 -0.4928
Y  0.3190  0.8782 -0.3563
Z  0.5991  0.1045  0.7938

PART 30
OFFSET  13.7861  2.4903 -13.3401
X  0.4912 -0.8406  0.2284
Y -0.8024 -0.3347  0.4941
Z -0.3389 -0.4260 -0.8389

PART 31
OFFSET  14.7457  0.8482 -12.8940
X -0.2277 -0.8366  0.4982
Y -0.8973  0.3790  0.2263
Z -0.3782 -0.3956 -0.8370

PART 32
OFFSET  14.4131 -0.3738 -12.1662
X -0.7253 -0.4292  0.5383
Y -0.5514  0.8303 -0.0810
Z -0.4122 -0.3556 -0.8388

PART 33
OFFSET  13.5892 -0.8630 -11.5624
X  0.9347 -0.1785 -0.3074
Y  0.0140  0.8826 -0.4699
Z  0.3552  0.4349  0.8275

PART 34
OFFSET  12.6125  0.8894 -12.8795
X -0.4943 -0.2391 -0.8358
Y  0.0447  0.9532 -0.2991
Z  0.8682 -0.1852 -0.4604

PART 35
OFFSET  13.7788 -3.8614 -8.5181
X  0.8277 -0.0784 -0.5557
Y -0.0991  0.9542 -0.2821
Z  0.5524  0.2886  0.7820

PART 36
OFFSET  13.7788 -3.8614 -8.5181
X  0.8277 -0.0784 -0.5557
Y -0.0991  0.9542 -0.2821
Z  0.5524  0.2886  0.7820

PART 37
OFFSET  16.6630 -3.8747 -10.1098
X  0.8277 -0.0784 -0.5557
Y -0.0991  0.9542 -0.2821
Z  0.5524  0.2886  0.7820

PART 38
OFFSET  15.8837 -3.5007 -8.0371
X  0.8277 -0.0784 -0.5557
Y -0.5586 -0.0193 -0.8292
Z  0.0543  0.9967 -0.0598

PART 39
OFFSET -89.4092 -43.4997  68.9331
X  0.8264 -0.0988 -0.5544
Y -0.5586 -0.0193 -0.8292
Z  0.0712  0.9949 -0.0712

PART 40
OFFSET  15.8283 -4.1214 -7.9849
X  0.8264 -0.0988 -0.5544
Y -0.5586 -0.0193 -0.8292
Z  0.0712  0.9949 -0.0712

PART 41
OFFSET  15.5516 -3.8286 -8.4519
X  0.8264 -0.0988 -0.5544
Y -0.5586 -0.0193 -0.8292
Z  0.0712  0.9949 -0.0712

PART 42
OFFSET  15.5955 -3.1983 -8.5038
X  0.8264 -0.0988 -0.5544
Y -0.5586 -0.0193 -0.8292
Z  0.0712  0.9949 -0.0712

PART 43
OFFSET  15.9218 -2.8785 -8.0772
X  0.8264 -0.0988 -0.5544
Y -0.5586 -0.0193 -0.8292
Z  0.0712  0.9949 -0.0712

PART 44
OFFSET  16.1994 -3.1739 -7.6085
X  0.8264 -0.0988 -0.5544
Y -0.5586 -0.0193 -0.8292
Z  0.0712  0.9949 -0.0712

PART 45
OFFSET  16.1518 -3.7927 -7.5642
X  0.8264 -0.0988 -0.5544
Y -0.5586 -0.0193 -0.8292
Z  0.0712  0.9949 -0.0712

PART 46
OFFSET -87.8781 -43.6826  67.9060
X  0.8264 -0.0988 -0.5544
Y -0.5586 -0.0193 -0.8292
Z  0.0712  0.9949 -0.0712

PART 47
OFFSET  14.3285 -3.3308 -7.5672
X  0.8277 -0.0784 -0.5557
Y -0.0991  0.9542 -0.2821
Z  0.5524  0.2886  0.7820

PART 48
OFFSET -7.8386 -1.3192 -1.5206
X -0.5065  0.3950  0.7664
Y -0.5047 -0.8565  0.1079
Z  0.6991 -0.3322  0.6332

PART 49
OFFSET -1.7129 -6.0962 -10.7898
X -0.9259 -0.0888 -0.3671
Y  0.3696 -0.4134 -0.8322
Z -0.0779 -0.9062  0.4156

PART 50
OFFSET  6.1626 -5.3410 -7.6676
X -0.9259 -0.0888 -0.3671
Y  0.3624 -0.4828 -0.7973
Z -0.1064 -0.8712  0.4792

PART 51
OFFSET  7.3101 -3.8702 -7.0000
X -0.9279 -0.0838 -0.3632
Y  0.0752  0.9123 -0.4025
Z  0.3651 -0.4008 -0.8402

PART 52
OFFSET  7.2639 -3.9891 -5.8085
X -0.9279 -0.0838 -0.3632
Y  0.0752  0.9123 -0.4025
Z  0.3651 -0.4008 -0.8402

PART 53
OFFSET  7.3327 -5.2698 -5.4010
X -0.9279 -0.0838 -0.3632
Y  0.0752  0.9123 -0.4025
Z  0.3651 -0.4008 -0.8402

PART 54
OFFSET  9.0013 -5.0688 -6.5423
X -0.9584  0.0848  0.2724
Y -0.2746 -0.5340 -0.7997
Z  0.0776 -0.8412  0.5351

PART 55
OFFSET  9.6655 -4.2463 -6.1128
X -0.6899 -0.7234  0.0252
Y  0.1958 -0.2200 -0.9556
Z  0.6969 -0.6544  0.2935

PART 56
OFFSET  11.0960 -2.6267 -6.0881
X -0.6780  0.0149  0.7349
Y -0.4930 -0.7508 -0.4396
Z  0.5453 -0.6603  0.5164

PART 57
OFFSET  12.1000 -2.6216 -7.3586
X -0.4171  0.1423  0.8976
Y -0.6859 -0.6973 -0.2081
Z  0.5963 -0.7025  0.3885

PART 58
OFFSET  12.5354 -2.7315 -8.3436
X -0.8323  0.4127  0.3702
Y -0.0068  0.6601 -0.7511
Z -0.5543 -0.6277 -0.5466

PART 59
OFFSET  9.5026 -5.5424 -7.7372
X -0.6947  0.1121  0.7106
Y  0.2816 -0.8666  0.4120
Z  0.6619  0.4863  0.5704

PART 60
OFFSET  11.1252 -5.6171 -9.3012
X -0.1621 -0.8414  0.5155
Y  0.6290 -0.4906 -0.6030
Z  0.7603  0.2265  0.6088

PART 61
OFFSET  11.3548 -4.4258 -10.0310
X  0.4288 -0.8757 -0.2221
Y  0.5244  0.4414 -0.7281
Z  0.7356  0.1957  0.6485

PART 62
OFFSET  10.9746 -3.6494 -9.8340
X  0.6397 -0.1676 -0.7501
Y -0.0739  0.9580 -0.2770
Z  0.7651  0.2326  0.6005

PART 63
OFFSET  10.3669 -3.4903 -9.1214
X -0.5535 -0.5069  0.6608
Y -0.3708  0.8605  0.3495
Z -0.7457 -0.0516 -0.6642

PART 64
OFFSET  9.9067 -5.3236 -7.1910
X -0.8235  0.0888  0.5604
Y  0.2350 -0.8456  0.4793
Z  0.5164  0.5264  0.6755

PART 65
OFFSET  11.9723 -5.6508 -8.7352
X -0.1221 -0.7823  0.6108
Y  0.6223 -0.5397 -0.5669
Z  0.7732  0.3109  0.5527

PART 66
OFFSET  12.1802 -4.3189 -9.7751
X  0.5540 -0.7550 -0.3507
Y  0.3297  0.5858 -0.7404
Z  0.7644  0.2946  0.5735

PART 67
OFFSET  11.4123 -3.2726 -9.2891
X  0.6039 -0.0012 -0.7971
Y -0.2377  0.9542 -0.1815
Z  0.7608  0.2990  0.5760

PART 68
OFFSET  10.7574 -3.2713 -8.4246
X -0.3216 -0.5294  0.7850
Y -0.5733  0.7687  0.2836
Z -0.7536 -0.3589 -0.5507

PART 69
OFFSET  5.2862 -4.7151 -4.4453
X -0.8271 -0.0508  0.5598
Y -0.3635  0.8080 -0.4636
Z -0.4288 -0.5869 -0.6868

PART 70
OFFSET  12.9718 -5.3092 -6.8019
X -0.5104 -0.1950  0.8375
Y  0.4754 -0.8756  0.0858
Z  0.7166  0.4420  0.5396

PART 71
OFFSET  13.8704 -4.9659 -8.2765
X -0.4389 -0.2979  0.8477
Y  0.5729 -0.8196  0.0086
Z  0.6922  0.4894  0.5304

PART 72
OFFSET  14.4460 -4.5739 -9.2748
X -0.1657 -0.6824  0.7120
Y  0.7223 -0.5755 -0.3835
Z  0.6714  0.4508  0.5883

PART 73
