material,ps3_psn_lobby_logo
