// Export filename: 'C:/projects/cod/t5/model_export/cuban/characters/cod7/carlos/c_cub_carlos_casual_fb_LOD1.XMODEL_EXPORT'
// Source filename: 'D:/projects/devart/t5/model_export/cuban/characters/cod7/carlos/_c_cub_carlos_casual.mb'
// Export time: Thu Sep 02 20:42:22 2010
MODEL
VERSION 6

NUMBONES 115
BONE 0 -1 "TAG_ORIGIN"
BONE 1 0 "J_MainRoot"
BONE 2 0 "TAG_AIM"
BONE 3 0 "TAG_SYNC"
BONE 4 1 "J_Hip_LE"
BONE 5 1 "J_Hip_RI"
BONE 6 1 "J_SpineLower"
BONE 7 4 "J_HipTwist_LE"
BONE 8 5 "J_HipTwist_RI"
BONE 9 4 "J_Knee_LE"
BONE 10 5 "J_Knee_RI"
BONE 11 6 "J_SpineUpper"
BONE 12 9 "J_Ankle_LE"
BONE 13 10 "J_Ankle_RI"
BONE 14 9 "J_Knee_Bulge_LE"
BONE 15 10 "J_Knee_Bulge_RI"
BONE 16 11 "J_Spine4"
BONE 17 12 "J_Ball_LE"
BONE 18 13 "J_Ball_RI"
BONE 19 16 "J_Clavicle_LE"
BONE 20 16 "J_Clavicle_RI"
BONE 21 16 "J_Neck"
BONE 22 16 "J_ShoulderRaise_LE"
BONE 23 16 "J_ShoulderRaise_RI"
BONE 24 16 "TAG_INHAND"
BONE 25 16 "TAG_STOWED_BACK"
BONE 26 16 "TAG_WEAPON_CHEST"
BONE 27 21 "J_Head"
BONE 28 19 "J_Shoulder_LE"
BONE 29 20 "J_Shoulder_RI"
BONE 30 27 "J_Bridge"
BONE 31 27 "J_Brow_In_LE"
BONE 32 27 "J_Brow_In_RI"
BONE 33 27 "J_Brow_LE"
BONE 34 27 "J_Brow_Out_LE"
BONE 35 27 "J_Brow_Out_RI"
BONE 36 27 "J_Brow_RI"
BONE 37 27 "J_Cheek_LE"
BONE 38 27 "J_Cheek_RI"
BONE 39 27 "J_CheekPuff_LE"
BONE 40 27 "J_CheekPuff_RI"
BONE 41 27 "J_Chin_SkinRoll"
BONE 42 28 "J_Elbow_Bulge_LE"
BONE 43 29 "J_Elbow_Bulge_RI"
BONE 44 28 "J_Elbow_LE"
BONE 45 29 "J_Elbow_RI"
BONE 46 27 "J_Eye_Lid_Bot_LE"
BONE 47 27 "J_Eye_Lid_Bot_RI"
BONE 48 27 "J_Eye_Lid_Top_LE"
BONE 49 27 "J_Eye_Lid_Top_RI"
BONE 50 27 "J_EyeBall_LE"
BONE 51 27 "J_EyeBall_RI"
BONE 52 27 "J_Forehead_LE"
BONE 53 27 "J_Forehead_RI"
BONE 54 27 "J_Head_END"
BONE 55 27 "J_Jaw"
BONE 56 27 "J_Levator_LE"
BONE 57 27 "J_Levator_RI"
BONE 58 27 "J_Lip_Bot_LE"
BONE 59 27 "J_Lip_Bot_Out_LE"
BONE 60 27 "J_Lip_Bot_Out_RI"
BONE 61 27 "J_Lip_Bot_RI"
BONE 62 27 "J_Lip_Top_LE"
BONE 63 27 "J_Lip_Top_Out_LE"
BONE 64 27 "J_Lip_Top_Out_RI"
BONE 65 27 "J_Lip_Top_RI"
BONE 66 27 "J_Lip_Upper_LE"
BONE 67 27 "J_Lip_Upper_Out_LE"
BONE 68 27 "J_Lip_Upper_Out_RI"
BONE 69 27 "J_Lip_Upper_RI"
BONE 70 27 "J_Mouth_LE"
BONE 71 27 "J_Mouth_RI"
BONE 72 27 "J_Nose_LE"
BONE 73 27 "J_Nose_RI"
BONE 74 28 "J_ShoulderTwist_LE"
BONE 75 29 "J_ShoulderTwist_RI"
BONE 76 27 "TAG_EYE"
BONE 77 54 "J_Helmet"
BONE 78 55 "J_Tongue"
BONE 79 44 "J_Wrist_LE"
BONE 80 45 "J_Wrist_RI"
BONE 81 44 "J_WristTwist_LE"
BONE 82 45 "J_WristTwist_RI"
BONE 83 79 "J_Index_LE_1"
BONE 84 80 "J_Index_RI_1"
BONE 85 79 "J_Mid_LE_1"
BONE 86 80 "J_Mid_RI_1"
BONE 87 79 "J_Pinky_LE_1"
BONE 88 80 "J_Pinky_RI_1"
BONE 89 79 "J_Ring_LE_1"
BONE 90 80 "J_Ring_RI_1"
BONE 91 79 "J_Thumb_LE_1"
BONE 92 80 "J_Thumb_RI_1"
BONE 93 79 "TAG_WEAPON_LEFT"
BONE 94 80 "TAG_WEAPON_RIGHT"
BONE 95 83 "J_Index_LE_2"
BONE 96 84 "J_Index_RI_2"
BONE 97 85 "J_Mid_LE_2"
BONE 98 86 "J_Mid_RI_2"
BONE 99 87 "J_Pinky_LE_2"
BONE 100 88 "J_Pinky_RI_2"
BONE 101 89 "J_Ring_LE_2"
BONE 102 90 "J_Ring_RI_2"
BONE 103 91 "J_Thumb_LE_2"
BONE 104 92 "J_Thumb_RI_2"
BONE 105 95 "J_Index_LE_3"
BONE 106 96 "J_Index_RI_3"
BONE 107 97 "J_Mid_LE_3"
BONE 108 98 "J_Mid_RI_3"
BONE 109 99 "J_Pinky_LE_3"
BONE 110 100 "J_Pinky_RI_3"
BONE 111 101 "J_Ring_LE_3"
BONE 112 102 "J_Ring_RI_3"
BONE 113 103 "J_Thumb_LE_3"
BONE 114 104 "J_Thumb_RI_3"

BONE 0
OFFSET 0.000002, -2.222000, 0.000042
SCALE 1.000000, 1.000000, 1.000000
X -0.000000, -1.000000, -0.000001
Y 1.000000, -0.000000, 0.000000
Z -0.000000, -0.000001, 1.000000

BONE 1
OFFSET 0.000082, 1.218927, 37.228020
SCALE 1.000000, 1.000000, 1.000000
X 0.000005, 0.024825, 0.999692
Y 0.000006, -0.999692, 0.024825
Z 1.000000, 0.000006, -0.000005

BONE 2
OFFSET 0.000002, -2.222055, 55.000042
SCALE 1.000000, 1.000000, 1.000000
X -0.000000, -1.000000, -0.000003
Y 1.000000, -0.000000, -0.000000
Z -0.000000, -0.000003, 1.000000

BONE 3
OFFSET 0.000002, -2.219720, 0.000042
SCALE 1.000000, 1.000000, 1.000000
X -0.000000, -1.000000, -0.000003
Y 1.000000, -0.000000, 0.000000
Z -0.000000, -0.000003, 1.000000

BONE 4
OFFSET 4.865472, 1.218951, 37.228016
SCALE 1.000000, 1.000000, 1.000000
X -0.008941, 0.033879, -0.999386
Y -0.004877, -0.999415, -0.033837
Z -0.999948, 0.004571, 0.009101

BONE 5
OFFSET -4.865293, 1.218927, 37.227978
SCALE 1.000000, 1.000000, 1.000000
X -0.008909, -0.033842, 0.999388
Y -0.004870, 0.999417, 0.033800
Z -0.999948, -0.004566, -0.009069

BONE 6
OFFSET 0.000089, 1.148792, 42.432632
SCALE 1.000000, 1.000000, 1.000000
X 0.000001, 0.029870, 0.999554
Y -0.000002, -0.999554, 0.029870
Z 1.000000, -0.000002, -0.000001

BONE 7
OFFSET 4.837310, 1.325658, 34.080341
SCALE 1.000000, 1.000000, 1.000000
X -0.008941, 0.033879, -0.999386
Y -0.004864, -0.999416, -0.033837
Z -0.999948, 0.004558, 0.009101

BONE 8
OFFSET -4.837236, 1.325506, 34.080624
SCALE 1.000000, 1.000000, 1.000000
X -0.008909, -0.033842, 0.999388
Y -0.004874, 0.999417, 0.033800
Z -0.999948, -0.004570, -0.009069

BONE 9
OFFSET 4.708874, 1.812570, 19.727123
SCALE 1.000000, 1.000000, 1.000000
X -0.008203, 0.166937, -0.985933
Y -0.006021, -0.985957, -0.166891
Z -0.999948, 0.004567, 0.009093

BONE 10
OFFSET -4.708568, 1.812141, 19.727461
SCALE 1.000000, 1.000000, 1.000000
X -0.008167, -0.166975, 0.985927
Y -0.006022, 0.985950, 0.166929
Z -0.999949, -0.004574, -0.009057

BONE 11
OFFSET 0.000094, 1.131313, 47.652164
SCALE 1.000000, 1.000000, 1.000000
X 0.000003, -0.020406, 0.999792
Y 0.000005, -0.999792, -0.020406
Z 1.000000, 0.000006, -0.000003

BONE 12
OFFSET 4.584381, 4.343949, 4.776942
SCALE 1.000000, 1.000000, 1.000000
X -0.000000, -0.008729, -0.999962
Y 0.016577, -0.999824, 0.008728
Z -0.999863, -0.016577, 0.000145

BONE 13
OFFSET -4.584069, 4.344151, 4.777238
SCALE 1.000000, 1.000000, 1.000000
X 0.000009, 0.008730, 0.999962
Y 0.016581, 0.999824, -0.008729
Z -0.999862, 0.016581, -0.000136

BONE 14
OFFSET 4.700433, -0.061928, 19.740456
SCALE 1.000000, 1.000000, 1.000000
X -0.000006, 0.029848, 0.999554
Y -0.000002, -0.999554, 0.029848
Z 1.000000, -0.000002, 0.000006

BONE 15
OFFSET -4.688321, -0.066477, 19.765478
SCALE 1.000000, 1.000000, 1.000000
X -0.000042, -0.029855, -0.999554
Y -0.000010, 0.999554, -0.029855
Z 1.000000, 0.000009, -0.000042

BONE 16
OFFSET 0.000090, 1.067745, 51.758411
SCALE 1.000000, 1.000000, 1.000000
X 0.000002, -0.047080, 0.998891
Y 0.000010, -0.998891, -0.047080
Z 1.000000, 0.000011, -0.000001

BONE 17
OFFSET 4.746620, -1.234840, 0.330913
SCALE 1.000000, 1.000000, 1.000000
X 0.016342, -0.983115, 0.182258
Y -0.002855, 0.182235, 0.983251
Z -0.999862, -0.016588, 0.000171

BONE 18
OFFSET -4.746290, -1.234591, 0.331138
SCALE 1.000000, 1.000000, 1.000000
X 0.016296, 0.983125, -0.182210
Y -0.002898, -0.182187, -0.983260
Z -0.999863, 0.016551, -0.000120

BONE 19
OFFSET 1.356609, 1.015539, 56.400341
SCALE 1.000000, 1.000000, 1.000000
X 0.997183, -0.019399, 0.072449
Y 0.018071, 0.999657, 0.018947
Z -0.072792, -0.017584, 0.997192

BONE 20
OFFSET -1.356719, 1.015542, 56.400444
SCALE 1.000000, 1.000000, 1.000000
X 0.997186, 0.019411, -0.072414
Y 0.018084, -0.999657, -0.018932
Z -0.072757, 0.017569, -0.997195

BONE 21
OFFSET 0.000058, 0.503915, 60.542107
SCALE 1.000000, 1.000000, 1.000000
X 0.000005, -0.309757, 0.950816
Y 0.000009, -0.950816, -0.309757
Z 1.000000, 0.000010, -0.000002

BONE 22
OFFSET 4.025334, 0.920922, 58.859638
SCALE 1.000000, 1.000000, 1.000000
X -0.997186, 0.019392, -0.072414
Y -0.018067, -0.999658, -0.018910
Z -0.072756, -0.017549, 0.997195

BONE 23
OFFSET -4.025115, 0.920835, 58.859825
SCALE 1.000000, 1.000000, 1.000000
X -0.997185, -0.019413, 0.072417
Y -0.018088, 0.999658, 0.018910
Z -0.072759, 0.017547, -0.997195

BONE 24
OFFSET -28.519920, -12.713210, 38.935009
SCALE 1.000000, 1.000000, 1.000000
X 1.000000, 0.000011, -0.000001
Y 0.000007, -0.764281, -0.644884
Z -0.000008, 0.644884, -0.764281

BONE 25
OFFSET -2.862698, 8.918896, 43.388451
SCALE 1.000000, 1.000000, 1.000000
X -0.385465, 0.062998, -0.920569
Y 0.145812, -0.980972, -0.128187
Z -0.911129, -0.183642, 0.368945

BONE 26
OFFSET -28.519920, -12.713210, 38.935009
SCALE 1.000000, 1.000000, 1.000000
X 0.000011, -1.000000, 0.000001
Y 1.000000, 0.000011, -0.000001
Z 0.000001, 0.000001, 1.000000

BONE 27
OFFSET 0.000057, -0.306903, 63.520969
SCALE 1.000000, 1.000000, 1.000000
X -0.000007, -0.216434, 0.976297
Y 0.000005, -0.976297, -0.216434
Z 1.000000, 0.000004, 0.000008

BONE 28
OFFSET 7.725458, 0.891629, 56.863182
SCALE 1.000000, 1.000000, 1.000000
X 0.662981, -0.260696, -0.701779
Y 0.273873, 0.956889, -0.096732
Z 0.696743, -0.128067, 0.705796

BONE 29
OFFSET -7.725506, 0.891564, 56.862965
SCALE 1.000000, 1.000000, 1.000000
X 0.662960, 0.260726, 0.701788
Y 0.273916, -0.956876, 0.096734
Z 0.696745, 0.128101, -0.705788

BONE 30
OFFSET 0.000058, -5.579741, 66.163139
SCALE 1.000000, 1.000000, 1.000000
X 1.000000, 0.000000, 0.000000
Y 0.000000, -0.000000, 1.000000
Z 0.000000, -1.000000, -0.000000

BONE 31
OFFSET 0.612761, -5.424249, 66.639923
SCALE 1.000000, 1.000000, 1.000000
X 1.000000, 0.000000, 0.000000
Y 0.000000, -0.000000, 1.000000
Z 0.000000, -1.000000, -0.000000

BONE 32
OFFSET -0.538940, -5.484427, 66.604645
SCALE 1.000000, 1.000000, 1.000000
X 1.000000, 0.000000, 0.000000
Y 0.000000, -0.000000, 1.000000
Z 0.000000, -1.000000, -0.000000

BONE 33
OFFSET 1.467079, -5.139717, 66.790268
SCALE 1.000000, 1.000000, 1.000000
X 1.000000, 0.000000, 0.000000
Y 0.000000, -0.000000, 1.000000
Z 0.000000, -1.000000, -0.000000

BONE 34
OFFSET 2.207515, -4.367161, 66.567085
SCALE 1.000000, 1.000000, 1.000000
X 1.000000, 0.000000, 0.000000
Y 0.000000, -0.000000, 1.000000
Z 0.000000, -1.000000, -0.000000

BONE 35
OFFSET -2.215490, -4.371526, 66.563538
SCALE 1.000000, 1.000000, 1.000000
X 1.000000, 0.000000, 0.000000
Y 0.000000, -0.000000, 1.000000
Z 0.000000, -1.000000, -0.000000

BONE 36
OFFSET -1.459351, -5.145740, 66.776665
SCALE 1.000000, 1.000000, 1.000000
X 1.000000, 0.000000, 0.000000
Y 0.000000, -0.000000, 1.000000
Z 0.000000, -1.000000, -0.000000

BONE 37
OFFSET 1.934092, -4.396147, 65.071800
SCALE 1.000000, 1.000000, 1.000000
X 1.000000, 0.000000, 0.000000
Y 0.000000, -0.000000, 1.000000
Z 0.000000, -1.000000, -0.000000

BONE 38
OFFSET -1.934148, -4.391707, 65.071419
SCALE 1.000000, 1.000000, 1.000000
X 1.000000, 0.000000, 0.000000
Y 0.000000, -0.000000, 1.000000
Z 0.000000, -1.000000, -0.000000

BONE 39
OFFSET 2.024215, -3.825949, 63.008926
SCALE 1.000000, 1.000000, 1.000000
X 1.000000, 0.000000, 0.000000
Y 0.000000, -0.000000, 1.000000
Z 0.000000, -1.000000, -0.000000

BONE 40
OFFSET -2.033856, -3.827359, 63.008778
SCALE 1.000000, 1.000000, 1.000000
X 1.000000, 0.000000, 0.000000
Y 0.000000, -0.000000, 1.000000
Z 0.000000, -1.000000, -0.000000

BONE 41
OFFSET 0.000055, -5.242019, 62.342949
SCALE 1.000000, 1.000000, 1.000000
X 1.000000, 0.000000, 0.000000
Y 0.000000, -0.000000, 1.000000
Z 0.000000, -1.000000, -0.000000

BONE 42
OFFSET 15.846270, -1.632336, 48.642548
SCALE 1.000000, 1.000000, 1.000000
X 0.294563, -0.846066, -0.444303
Y 0.654051, 0.517466, -0.551767
Z 0.696743, -0.128067, 0.705796

BONE 43
OFFSET -15.846113, -1.632834, 48.642265
SCALE 1.000000, 1.000000, 1.000000
X 0.294518, 0.846079, 0.444308
Y 0.654068, -0.517437, 0.551773
Z 0.696745, 0.128101, -0.705788

BONE 44
OFFSET 15.742274, -1.805675, 48.713013
SCALE 1.000000, 1.000000, 1.000000
X 0.294845, -0.845858, -0.444512
Y 0.653923, 0.517813, -0.551593
Z 0.696743, -0.128042, 0.705801

BONE 45
OFFSET -15.742270, -1.806072, 48.712933
SCALE 1.000000, 1.000000, 1.000000
X 0.294819, 0.845861, 0.444523
Y 0.653933, -0.517800, 0.551592
Z 0.696745, 0.128069, -0.705794

BONE 46
OFFSET 1.252019, -4.390342, 66.080551
SCALE 1.000000, 1.000000, 1.000000
X 1.000000, 0.000000, 0.000000
Y 0.000000, -0.000000, 1.000000
Z 0.000000, -1.000000, -0.000000

BONE 47
OFFSET -1.252073, -4.341589, 66.091354
SCALE 1.000000, 1.000000, 1.000000
X 1.000000, 0.000000, 0.000000
Y 0.000000, -0.000000, 1.000000
Z 0.000000, -1.000000, -0.000000

BONE 48
OFFSET 1.252019, -4.390342, 66.080551
SCALE 1.000000, 1.000000, 1.000000
X 1.000000, 0.000000, 0.000000
Y 0.000000, -0.000000, 1.000000
Z 0.000000, -1.000000, -0.000000

BONE 49
OFFSET -1.252073, -4.341589, 66.091354
SCALE 1.000000, 1.000000, 1.000000
X 1.000000, 0.000000, 0.000000
Y 0.000000, -0.000000, 1.000000
Z 0.000000, -1.000000, -0.000000

BONE 50
OFFSET 1.166985, -3.999434, 66.167206
SCALE 1.000000, 1.000000, 1.000000
X 1.000000, 0.000000, 0.000000
Y 0.000000, -0.000000, 1.000000
Z 0.000000, -1.000000, -0.000000

BONE 51
OFFSET -1.166984, -3.999433, 66.167206
SCALE 1.000000, 1.000000, 1.000000
X 1.000000, 0.000000, 0.000000
Y 0.000000, -0.000000, 1.000000
Z 0.000000, -1.000000, -0.000000

BONE 52
OFFSET 1.016186, -5.125915, 67.626106
SCALE 1.000000, 1.000000, 1.000000
X 1.000000, 0.000000, 0.000000
Y 0.000000, -0.000000, 1.000000
Z 0.000000, -1.000000, -0.000000

BONE 53
OFFSET -1.018689, -5.127822, 67.627213
SCALE 1.000000, 1.000000, 1.000000
X 1.000000, 0.000000, 0.000000
Y 0.000000, -0.000000, 1.000000
Z 0.000000, -1.000000, -0.000000

BONE 54
OFFSET -0.000527, -1.399727, 69.807846
SCALE 1.000000, 1.000000, 1.000000
X -0.000007, -0.216434, 0.976297
Y 0.000005, -0.976297, -0.216434
Z 1.000000, 0.000004, 0.000008

BONE 55
OFFSET 0.000053, -1.326648, 63.786865
SCALE 1.000000, 1.000000, 1.000000
X 1.000000, 0.000000, 0.000000
Y 0.000000, -0.000000, 1.000000
Z 0.000000, -1.000000, -0.000000

BONE 56
OFFSET 0.743366, -5.088260, 64.562698
SCALE 1.000000, 1.000000, 1.000000
X 1.000000, 0.000000, 0.000000
Y 0.000000, -0.000000, 1.000000
Z 0.000000, -1.000000, -0.000000

BONE 57
OFFSET -0.752090, -5.115628, 64.571159
SCALE 1.000000, 1.000000, 1.000000
X 1.000000, 0.000000, 0.000000
Y 0.000000, -0.000000, 1.000000
Z 0.000000, -1.000000, -0.000000

BONE 58
OFFSET 0.202095, -5.431542, 63.070473
SCALE 1.000000, 1.000000, 1.000000
X 1.000000, 0.000000, 0.000000
Y 0.000000, -0.000000, 1.000000
Z 0.000000, -1.000000, -0.000000

BONE 59
OFFSET 0.739410, -5.234313, 63.065495
SCALE 1.000000, 1.000000, 1.000000
X 1.000000, 0.000000, 0.000000
Y 0.000000, -0.000000, 1.000000
Z 0.000000, -1.000000, -0.000000

BONE 60
OFFSET -0.741825, -5.235659, 63.064377
SCALE 1.000000, 1.000000, 1.000000
X 1.000000, 0.000000, 0.000000
Y 0.000000, -0.000000, 1.000000
Z 0.000000, -1.000000, -0.000000

BONE 61
OFFSET -0.203777, -5.431927, 63.070667
SCALE 1.000000, 1.000000, 1.000000
X 1.000000, 0.000000, 0.000000
Y 0.000000, -0.000000, 1.000000
Z 0.000000, -1.000000, -0.000000

BONE 62
OFFSET 0.189609, -5.527634, 63.294468
SCALE 1.000000, 1.000000, 1.000000
X 1.000000, 0.000000, 0.000000
Y 0.000000, -0.000000, 1.000000
Z 0.000000, -1.000000, -0.000000

BONE 63
OFFSET 0.691339, -5.328471, 63.281456
SCALE 1.000000, 1.000000, 1.000000
X 1.000000, 0.000000, 0.000000
Y 0.000000, -0.000000, 1.000000
Z 0.000000, -1.000000, -0.000000

BONE 64
OFFSET -0.695793, -5.328906, 63.273006
SCALE 1.000000, 1.000000, 1.000000
X 1.000000, 0.000000, 0.000000
Y 0.000000, -0.000000, 1.000000
Z 0.000000, -1.000000, -0.000000

BONE 65
OFFSET -0.196624, -5.528613, 63.293785
SCALE 1.000000, 1.000000, 1.000000
X 1.000000, 0.000000, 0.000000
Y 0.000000, -0.000000, 1.000000
Z 0.000000, -1.000000, -0.000000

BONE 66
OFFSET 0.500683, -5.673804, 63.772980
SCALE 1.000000, 1.000000, 1.000000
X 1.000000, 0.000000, 0.000000
Y 0.000000, -0.000000, 1.000000
Z 0.000000, -1.000000, -0.000000

BONE 67
OFFSET 1.363424, -4.875621, 63.803410
SCALE 1.000000, 1.000000, 1.000000
X 1.000000, 0.000000, 0.000000
Y 0.000000, -0.000000, 1.000000
Z 0.000000, -1.000000, -0.000000

BONE 68
OFFSET -1.368907, -4.870885, 63.803917
SCALE 1.000000, 1.000000, 1.000000
X 1.000000, 0.000000, 0.000000
Y 0.000000, -0.000000, 1.000000
Z 0.000000, -1.000000, -0.000000

BONE 69
OFFSET -0.498022, -5.668157, 63.771992
SCALE 1.000000, 1.000000, 1.000000
X 1.000000, 0.000000, 0.000000
Y 0.000000, -0.000000, 1.000000
Z 0.000000, -1.000000, -0.000000

BONE 70
OFFSET 1.173245, -4.922543, 63.148666
SCALE 1.000000, 1.000000, 1.000000
X 1.000000, 0.000000, 0.000000
Y 0.000000, -0.000000, 1.000000
Z 0.000000, -1.000000, -0.000000

BONE 71
OFFSET -1.162777, -4.922101, 63.139900
SCALE 1.000000, 1.000000, 1.000000
X 1.000000, 0.000000, 0.000000
Y 0.000000, -0.000000, 1.000000
Z 0.000000, -1.000000, -0.000000

BONE 72
OFFSET 0.611796, -5.175572, 65.388580
SCALE 1.000000, 1.000000, 1.000000
X 1.000000, 0.000000, 0.000000
Y 0.000000, -0.000000, 1.000000
Z 0.000000, -1.000000, -0.000000

BONE 73
OFFSET -0.606207, -5.172341, 65.386032
SCALE 1.000000, 1.000000, 1.000000
X 1.000000, 0.000000, 0.000000
Y 0.000000, -0.000000, 1.000000
Z 0.000000, -1.000000, -0.000000

BONE 74
OFFSET 8.032188, 0.771017, 56.538502
SCALE 1.000000, 1.000000, 1.000000
X 0.662981, -0.260696, -0.701779
Y 0.273875, 0.956889, -0.096730
Z 0.696742, -0.128070, 0.705797

BONE 75
OFFSET -8.001591, 0.782987, 56.570709
SCALE 1.000000, 1.000000, 1.000000
X 0.662960, 0.260726, 0.701788
Y 0.273908, -0.956878, 0.096742
Z 0.696748, 0.128089, -0.705787

BONE 76
OFFSET 0.000049, -4.334190, 66.322540
SCALE 1.000000, 1.000000, 1.000000
X 0.000001, -0.939691, 0.342026
Y 1.000000, 0.000004, 0.000007
Z -0.000008, 0.342026, 0.939691

BONE 77
OFFSET -0.000540, -0.362329, 71.243195
SCALE 1.000000, 1.000000, 1.000000
X 0.000005, -0.999048, 0.043625
Y 1.000000, 0.000005, 0.000005
Z -0.000005, 0.043625, 0.999048

BONE 78
OFFSET 0.000055, -4.018939, 63.496307
SCALE 1.000000, 1.000000, 1.000000
X 1.000000, 0.000000, 0.000000
Y 0.000000, -0.000000, 1.000000
Z 0.000000, -1.000000, -0.000000

BONE 79
OFFSET 18.585669, -10.419226, 44.089733
SCALE 1.000000, 1.000000, 1.000000
X 0.299004, -0.782064, -0.546784
Y -0.792522, 0.115636, -0.598779
Z 0.531512, 0.612376, -0.585227

BONE 80
OFFSET -18.585567, -10.419399, 44.089657
SCALE 1.000000, 1.000000, 1.000000
X 0.299011, 0.782058, 0.546788
Y -0.792524, -0.115633, 0.598778
Z 0.531506, -0.612384, 0.585224

BONE 81
OFFSET 17.753496, -7.897926, 45.442410
SCALE 1.000000, 1.000000, 1.000000
X 0.294846, -0.845857, -0.444513
Y 0.653930, 0.517812, -0.551585
Z 0.696736, -0.128048, 0.705806

BONE 82
OFFSET -17.753546, -7.898361, 45.442448
SCALE 1.000000, 1.000000, 1.000000
X 0.294819, 0.845861, 0.444523
Y 0.653933, -0.517800, 0.551592
Z 0.696745, 0.128069, -0.705794

BONE 83
OFFSET 18.943596, -14.118733, 43.296165
SCALE 1.000000, 1.000000, 1.000000
X 0.252533, -0.921880, -0.293878
Y -0.670074, 0.052482, -0.740436
Z 0.698017, 0.383905, -0.604475

BONE 84
OFFSET -18.943485, -14.118932, 43.296089
SCALE 1.000000, 1.000000, 1.000000
X 0.252692, 0.921873, 0.293763
Y -0.670040, -0.052297, 0.740480
Z 0.697992, -0.383946, 0.604477

BONE 85
OFFSET 19.641989, -13.608097, 42.701954
SCALE 1.000000, 1.000000, 1.000000
X 0.066843, -0.793765, -0.604540
Y -0.837155, 0.285040, -0.466823
Z 0.542866, 0.537298, -0.645452

BONE 86
OFFSET -19.641909, -13.608223, 42.701809
SCALE 1.000000, 1.000000, 1.000000
X 0.066887, 0.793771, 0.604528
Y -0.837171, -0.284987, 0.466827
Z 0.542836, -0.537317, 0.645460

BONE 87
OFFSET 20.410118, -12.159682, 41.480377
SCALE 1.000000, 1.000000, 1.000000
X -0.099274, -0.722106, -0.684623
Y -0.848031, 0.421335, -0.321434
Z 0.520565, 0.548671, -0.654195

BONE 88
OFFSET -20.410091, -12.159837, 41.480251
SCALE 1.000000, 1.000000, 1.000000
X -0.099304, 0.722089, 0.684635
Y -0.848020, -0.421369, 0.321418
Z 0.520577, -0.548666, 0.654190

BONE 89
OFFSET 20.114302, -12.876246, 42.061901
SCALE 1.000000, 1.000000, 1.000000
X -0.006006, -0.738898, -0.673791
Y -0.878970, 0.325202, -0.348791
Z 0.476839, 0.590147, -0.651422

BONE 90
OFFSET -20.114208, -12.876396, 42.061890
SCALE 1.000000, 1.000000, 1.000000
X -0.005979, 0.738908, 0.673780
Y -0.878978, -0.325169, 0.348801
Z 0.476825, -0.590152, 0.651428

BONE 91
OFFSET 18.473015, -11.541899, 44.177650
SCALE 1.000000, 1.000000, 1.000000
X -0.766327, -0.594301, -0.244027
Y 0.525231, -0.360813, -0.770679
Z 0.369968, -0.718763, 0.588646

BONE 92
OFFSET -18.472874, -11.542074, 44.177635
SCALE 1.000000, 1.000000, 1.000000
X -0.766329, 0.594294, 0.244036
Y 0.525229, 0.360803, 0.770685
Z 0.369965, 0.718773, -0.588635

BONE 93
OFFSET -28.519896, -12.719981, 38.932270
SCALE 1.000000, 1.000000, 1.000000
X 0.000190, -1.000000, -0.000189
Y 1.000000, 0.000190, 0.000053
Z -0.000053, -0.000189, 1.000000

BONE 94
OFFSET -28.520119, -12.709172, 38.935143
SCALE 1.000000, 1.000000, 1.000000
X -0.000199, -1.000000, -0.000195
Y 0.998877, -0.000190, -0.047381
Z 0.047381, -0.000205, 0.998877

BONE 95
OFFSET 19.335176, -15.548034, 42.840546
SCALE 1.000000, 1.000000, 1.000000
X -0.305493, -0.603804, -0.736271
Y -0.647669, 0.698577, -0.304162
Z 0.697997, 0.383940, -0.604476

BONE 96
OFFSET -19.335234, -15.548249, 42.840523
SCALE 1.000000, 1.000000, 1.000000
X -0.305842, 0.603512, 0.736365
Y -0.647460, -0.698892, 0.303884
Z 0.698038, -0.383827, 0.604500

BONE 97
OFFSET 19.766018, -15.080857, 41.580357
SCALE 1.000000, 1.000000, 1.000000
X -0.742584, -0.051931, -0.667737
Y -0.392291, 0.841795, 0.370795
Z 0.542841, 0.537294, -0.645475

BONE 98
OFFSET -19.765930, -15.081016, 41.579948
SCALE 1.000000, 1.000000, 1.000000
X -0.742558, 0.051921, 0.667766
Y -0.392315, -0.841780, -0.370804
Z 0.542860, -0.537318, 0.645439

BONE 99
OFFSET 20.291075, -13.025280, 40.659801
SCALE 1.000000, 1.000000, 1.000000
X -0.734217, -0.103408, -0.670993
Y -0.435791, 0.829631, 0.348997
Z 0.520587, 0.548653, -0.654194

BONE 100
OFFSET -20.291012, -13.025424, 40.659672
SCALE 1.000000, 1.000000, 1.000000
X -0.734208, 0.103424, 0.671001
Y -0.435814, -0.829619, -0.348996
Z 0.520581, -0.548667, 0.654187

BONE 101
OFFSET 20.104219, -14.119193, 40.928596
SCALE 1.000000, 1.000000, 1.000000
X -0.750598, -0.112264, -0.651152
Y -0.457408, 0.799450, 0.389433
Z 0.476844, 0.590150, -0.651416

BONE 102
OFFSET -20.104130, -14.119358, 40.928261
SCALE 1.000000, 1.000000, 1.000000
X -0.750602, 0.112272, 0.651146
Y -0.457410, -0.799450, -0.389431
Z 0.476836, -0.590148, 0.651423

BONE 103
OFFSET 16.629330, -12.971684, 43.590553
SCALE 1.000000, 1.000000, 1.000000
X -0.513767, -0.686190, -0.514963
Y 0.774059, -0.111908, -0.623144
Z 0.369966, -0.718763, 0.588646

BONE 104
OFFSET -16.629194, -12.971821, 43.590179
SCALE 1.000000, 1.000000, 1.000000
X -0.513765, 0.686181, 0.514977
Y 0.774059, 0.111890, 0.623148
Z 0.369972, 0.718774, -0.588629

BONE 105
OFFSET 19.038221, -16.134914, 42.125023
SCALE 1.000000, 1.000000, 1.000000
X -0.554097, -0.245160, -0.795533
Y -0.453622, 0.890222, 0.041612
Z 0.698000, 0.383929, -0.604479

BONE 106
OFFSET -19.037983, -16.134798, 42.125008
SCALE 1.000000, 1.000000, 1.000000
X -0.553871, 0.245483, 0.795591
Y -0.453788, -0.890154, -0.041256
Z 0.698071, -0.383880, 0.604428

BONE 107
OFFSET 18.948034, -15.138112, 40.844826
SCALE 1.000000, 1.000000, 1.000000
X -0.836744, 0.280258, -0.470441
Y -0.071875, 0.795463, 0.601724
Z 0.542857, 0.537302, -0.645456

BONE 108
OFFSET -18.947971, -15.138271, 40.844528
SCALE 1.000000, 1.000000, 1.000000
X -0.836742, -0.280254, 0.470448
Y -0.071886, -0.795461, -0.601726
Z 0.542859, -0.537308, 0.645449

BONE 109
OFFSET 19.784019, -13.096679, 40.196491
SCALE 1.000000, 1.000000, 1.000000
X -0.853803, 0.339164, -0.394953
Y 0.005198, 0.764171, 0.644992
Z 0.520570, 0.548643, -0.654215

BONE 110
OFFSET -19.783998, -13.096812, 40.196270
SCALE 1.000000, 1.000000, 1.000000
X -0.853799, -0.339166, 0.394959
Y 0.005186, -0.764161, -0.645004
Z 0.520576, -0.548656, 0.654199

BONE 111
OFFSET 19.396437, -14.225060, 40.314682
SCALE 1.000000, 1.000000, 1.000000
X -0.861545, 0.166924, -0.479454
Y -0.174209, 0.789854, 0.588033
Z 0.476856, 0.590142, -0.651415

BONE 112
OFFSET -19.396343, -14.225204, 40.314499
SCALE 1.000000, 1.000000, 1.000000
X -0.861557, -0.166916, 0.479436
Y -0.174209, -0.789846, -0.588043
Z 0.476834, -0.590155, 0.651419

BONE 113
OFFSET 16.015608, -13.791351, 42.975456
SCALE 1.000000, 1.000000, 1.000000
X -0.178188, -0.676734, -0.714339
Y 0.911796, 0.159395, -0.378446
Z 0.369969, -0.718766, 0.588641

BONE 114
OFFSET -16.015455, -13.791477, 42.975048
SCALE 1.000000, 1.000000, 1.000000
X -0.178183, 0.676724, 0.714350
Y 0.911791, -0.159415, 0.378450
Z 0.369984, 0.718771, -0.588626

NUMVERTS 1970
VERT 0
OFFSET 17.666203, -9.351557, 44.054531
BONES 3
BONE 44 0.020560
BONE 79 0.014168
BONE 81 0.965272

VERT 1
OFFSET 19.544096, -8.867144, 44.339470
BONES 3
BONE 44 0.023943
BONE 79 0.022451
BONE 81 0.953606

VERT 2
OFFSET 18.808229, -8.783981, 43.753639
BONES 3
BONE 44 0.030328
BONE 79 0.024415
BONE 81 0.945256

VERT 3
OFFSET 19.768328, -9.159083, 44.739410
BONES 3
BONE 44 0.046992
BONE 79 0.045457
BONE 81 0.907550

VERT 4
OFFSET 17.571888, -10.508872, 45.939163
BONES 3
BONE 44 0.023303
BONE 79 0.022343
BONE 81 0.954354

VERT 5
OFFSET 17.148918, -13.437738, 43.323994
BONES 5
BONE 79 0.373669
BONE 91 0.349802
BONE 103 0.223466
BONE 113 0.032125
BONE 83 0.020937

VERT 6
OFFSET 17.011774, -13.605193, 43.735561
BONES 5
BONE 79 0.239433
BONE 91 0.392306
BONE 103 0.284205
BONE 113 0.072023
BONE 83 0.012032

VERT 7
OFFSET 16.660273, -14.038774, 43.150803
BONES 4
BONE 79 0.008942
BONE 91 0.049253
BONE 103 0.506712
BONE 113 0.435094

VERT 8
OFFSET 17.520330, -13.492307, 43.973576
BONES 6
BONE 79 0.615984
BONE 91 0.222323
BONE 103 0.106467
BONE 113 0.002195
BONE 83 0.053031
BONE 81 0.000000

VERT 9
OFFSET 18.043840, -14.129725, 43.841339
BONES 3
BONE 79 0.975745
BONE 83 0.024254
BONE 95 0.000000

VERT 10
OFFSET 18.251253, -13.456794, 43.063068
BONES 3
BONE 79 0.924603
BONE 83 0.067395
BONE 85 0.008002

VERT 11
OFFSET 17.912443, -12.861190, 43.106960
BONES 6
BONE 79 0.790000
BONE 91 0.186540
BONE 103 0.015303
BONE 83 0.008157
BONE 85 0.000000
BONE 81 0.000000

VERT 12
OFFSET 16.857733, -11.802554, 43.033978
BONES 5
BONE 79 0.181820
BONE 91 0.671352
BONE 103 0.109072
BONE 113 0.001787
BONE 81 0.035969

VERT 13
OFFSET 18.443415, -14.425782, 42.922710
BONES 4
BONE 79 0.529648
BONE 83 0.413617
BONE 95 0.004395
BONE 85 0.052340

VERT 14
OFFSET 18.791048, -14.129176, 42.546474
BONES 6
BONE 79 0.709418
BONE 83 0.067948
BONE 95 0.002604
BONE 85 0.216186
BONE 97 0.003843
BONE 89 0.000001

VERT 15
OFFSET 19.008282, -13.888280, 42.163784
BONES 5
BONE 79 0.444109
BONE 83 0.005150
BONE 85 0.502505
BONE 97 0.026427
BONE 89 0.021810

VERT 16
OFFSET 19.284454, -13.623039, 41.854301
BONES 6
BONE 79 0.623082
BONE 85 0.187616
BONE 97 0.002495
BONE 89 0.176071
BONE 101 0.010735
BONE 87 0.000001

VERT 17
OFFSET 19.446810, -13.210334, 41.479683
BONES 6
BONE 79 0.116251
BONE 85 0.044171
BONE 89 0.685392
BONE 101 0.111163
BONE 87 0.043020
BONE 99 0.000003

VERT 18
OFFSET 18.854582, -12.655501, 42.284462
BONES 7
BONE 79 0.930430
BONE 85 0.031198
BONE 97 0.000000
BONE 89 0.038369
BONE 101 0.000001
BONE 87 0.000002
BONE 99 0.000000

VERT 19
OFFSET 19.680918, -12.878679, 41.322731
BONES 6
BONE 79 0.570433
BONE 85 0.009373
BONE 89 0.219019
BONE 101 0.001651
BONE 87 0.180453
BONE 99 0.019071

VERT 20
OFFSET 20.423538, -11.971526, 41.184258
BONES 4
BONE 79 0.539367
BONE 89 0.000001
BONE 87 0.380001
BONE 99 0.080632

VERT 21
OFFSET 19.860771, -12.382080, 41.069817
BONES 6
BONE 79 0.108746
BONE 89 0.025149
BONE 101 0.000264
BONE 87 0.761461
BONE 99 0.102636
BONE 109 0.001744

VERT 22
OFFSET 18.368912, -11.477778, 42.534073
BONES 6
BONE 79 0.992448
BONE 85 0.000000
BONE 89 0.001443
BONE 87 0.000001
BONE 99 0.000000
BONE 81 0.006108

VERT 23
OFFSET 19.156651, -9.516198, 43.328102
BONES 3
BONE 79 0.497583
BONE 87 0.000000
BONE 81 0.502417

VERT 24
OFFSET 17.987005, -10.523985, 42.994316
BONES 4
BONE 79 0.712012
BONE 89 0.000000
BONE 87 0.000000
BONE 81 0.287988

VERT 25
OFFSET 19.699472, -10.666095, 41.944942
BONES 5
BONE 79 0.950856
BONE 89 0.000000
BONE 87 0.032488
BONE 99 0.000000
BONE 81 0.016656

VERT 26
OFFSET 20.174423, -13.473294, 40.863552
BONES 6
BONE 79 0.021711
BONE 85 0.001395
BONE 89 0.534548
BONE 101 0.260887
BONE 87 0.158546
BONE 99 0.022911

VERT 27
OFFSET 19.933695, -12.783330, 40.604794
BONES 4
BONE 79 0.024286
BONE 87 0.424168
BONE 99 0.505704
BONE 109 0.045842

VERT 28
OFFSET 20.272591, -13.107334, 41.382362
BONES 6
BONE 79 0.079866
BONE 85 0.000000
BONE 89 0.427371
BONE 101 0.129343
BONE 87 0.316222
BONE 99 0.047199

VERT 29
OFFSET 19.642611, -13.988001, 40.968460
BONES 5
BONE 79 0.011624
BONE 89 0.687060
BONE 101 0.301313
BONE 87 0.000002
BONE 99 0.000000

VERT 30
OFFSET 19.821470, -14.613955, 41.298344
BONES 5
BONE 79 0.014276
BONE 85 0.482918
BONE 97 0.369715
BONE 89 0.120685
BONE 101 0.012406

VERT 31
OFFSET 20.002539, -13.977362, 42.001125
BONES 5
BONE 79 0.090513
BONE 85 0.405348
BONE 97 0.121112
BONE 89 0.347836
BONE 101 0.035191

VERT 32
OFFSET 19.341177, -15.473274, 41.943657
BONES 6
BONE 79 0.005956
BONE 83 0.013048
BONE 95 0.000915
BONE 85 0.553532
BONE 97 0.426549
BONE 89 0.000000

VERT 33
OFFSET 19.361895, -14.885251, 41.498127
BONES 6
BONE 79 0.000003
BONE 83 0.000000
BONE 95 0.000000
BONE 85 0.618245
BONE 97 0.381751
BONE 89 0.000002

VERT 34
OFFSET 19.383896, -14.637673, 42.768940
BONES 6
BONE 79 0.054313
BONE 83 0.297863
BONE 95 0.144585
BONE 105 0.003628
BONE 85 0.477488
BONE 97 0.022124

VERT 35
OFFSET 18.394272, -14.818214, 43.622837
BONES 5
BONE 79 0.324856
BONE 83 0.597228
BONE 95 0.076116
BONE 105 0.001800
BONE 85 0.000000

VERT 36
OFFSET 18.849510, -15.504238, 42.503754
BONES 6
BONE 79 0.003011
BONE 83 0.372824
BONE 95 0.597759
BONE 105 0.026405
BONE 85 0.000002
BONE 97 0.000000

VERT 37
OFFSET 18.729584, -15.888786, 43.068901
BONES 4
BONE 79 0.011424
BONE 83 0.429833
BONE 95 0.533674
BONE 105 0.025069

VERT 38
OFFSET 17.152054, -10.969331, 43.367130
BONES 4
BONE 79 0.677535
BONE 91 0.081692
BONE 103 0.006659
BONE 81 0.234114

VERT 39
OFFSET 17.710703, -12.119707, 45.397961
BONES 4
BONE 79 0.779807
BONE 91 0.088010
BONE 83 0.000000
BONE 81 0.132183

VERT 40
OFFSET 16.270273, -12.188541, 44.589825
BONES 4
BONE 79 0.313890
BONE 91 0.377328
BONE 103 0.259360
BONE 81 0.049423

VERT 41
OFFSET 16.601511, -11.548202, 45.001049
BONES 4
BONE 79 0.715164
BONE 91 0.043646
BONE 103 0.026561
BONE 81 0.214629

VERT 42
OFFSET 16.546301, -11.084444, 44.098515
BONES 4
BONE 79 0.651433
BONE 91 0.094849
BONE 103 0.028156
BONE 81 0.225562

VERT 43
OFFSET 17.153906, -12.886411, 44.743076
BONES 6
BONE 79 0.492366
BONE 91 0.383738
BONE 103 0.116663
BONE 113 0.001123
BONE 83 0.000001
BONE 81 0.006109

VERT 44
OFFSET 18.621012, -14.132767, 44.451530
BONES 3
BONE 79 0.821971
BONE 83 0.178027
BONE 85 0.000003

VERT 45
OFFSET 16.233744, -11.673676, 43.754360
BONES 5
BONE 79 0.280824
BONE 91 0.444198
BONE 103 0.221971
BONE 113 0.004096
BONE 81 0.048910

VERT 46
OFFSET 18.964411, -14.860553, 44.077267
BONES 4
BONE 79 0.312493
BONE 83 0.641832
BONE 95 0.045674
BONE 85 0.000001

VERT 47
OFFSET 19.550833, -14.435136, 44.257435
BONES 4
BONE 79 0.433085
BONE 83 0.515093
BONE 95 0.002017
BONE 85 0.049806

VERT 48
OFFSET 19.482418, -13.957105, 44.597801
BONES 4
BONE 79 0.658693
BONE 83 0.291455
BONE 85 0.049851
BONE 81 0.000000

VERT 49
OFFSET 19.791462, -14.440238, 43.415749
BONES 4
BONE 79 0.242325
BONE 83 0.526794
BONE 95 0.061075
BONE 85 0.169805

VERT 50
OFFSET 20.050785, -13.874571, 44.030003
BONES 5
BONE 79 0.648706
BONE 83 0.231073
BONE 85 0.120220
BONE 89 0.000000
BONE 81 0.000000

VERT 51
OFFSET 20.470985, -13.922598, 43.457729
BONES 5
BONE 79 0.444111
BONE 83 0.010187
BONE 85 0.526753
BONE 89 0.018948
BONE 81 0.000000

VERT 52
OFFSET 20.413826, -13.442128, 43.806042
BONES 5
BONE 79 0.696763
BONE 83 0.001654
BONE 85 0.288515
BONE 89 0.002254
BONE 81 0.010814

VERT 53
OFFSET 20.509493, -13.687578, 42.686298
BONES 4
BONE 79 0.284457
BONE 85 0.495798
BONE 89 0.219746
BONE 81 0.000000

VERT 54
OFFSET 20.641949, -13.105935, 43.320637
BONES 6
BONE 79 0.686914
BONE 83 0.000203
BONE 85 0.186479
BONE 89 0.115501
BONE 87 0.000000
BONE 81 0.010903

VERT 55
OFFSET 20.870459, -13.038384, 42.750839
BONES 5
BONE 79 0.501631
BONE 85 0.058593
BONE 89 0.417833
BONE 87 0.021943
BONE 81 0.000000

VERT 56
OFFSET 20.780849, -12.658732, 43.163223
BONES 5
BONE 79 0.706992
BONE 85 0.063340
BONE 89 0.214607
BONE 87 0.000965
BONE 81 0.014096

VERT 57
OFFSET 20.669474, -12.875706, 41.943787
BONES 5
BONE 79 0.259973
BONE 85 0.000000
BONE 89 0.592652
BONE 101 0.048626
BONE 87 0.098748

VERT 58
OFFSET 20.896978, -12.282444, 42.658733
BONES 5
BONE 79 0.708356
BONE 85 0.014508
BONE 89 0.213176
BONE 87 0.060567
BONE 81 0.003393

VERT 59
OFFSET 20.964222, -12.402476, 41.732624
BONES 4
BONE 79 0.341640
BONE 89 0.114974
BONE 87 0.476318
BONE 99 0.067069

VERT 60
OFFSET 20.883162, -11.593617, 42.483311
BONES 3
BONE 79 0.810837
BONE 89 0.018924
BONE 87 0.170240

VERT 61
OFFSET 20.866598, -12.046270, 41.493412
BONES 4
BONE 79 0.497685
BONE 89 0.016460
BONE 87 0.426323
BONE 99 0.059532

VERT 62
OFFSET 20.611681, -11.093475, 42.231384
BONES 4
BONE 79 0.894505
BONE 89 0.002358
BONE 87 0.087213
BONE 81 0.015924

VERT 63
OFFSET 20.365747, -10.266596, 43.717884
BONES 4
BONE 79 0.810985
BONE 89 0.001108
BONE 87 0.009325
BONE 81 0.178581

VERT 64
OFFSET 19.616259, -11.522397, 45.092018
BONES 4
BONE 79 0.791062
BONE 85 0.004050
BONE 89 0.000001
BONE 81 0.204888

VERT 65
OFFSET 20.059412, -10.981907, 44.565277
BONES 5
BONE 79 0.785342
BONE 85 0.002457
BONE 89 0.002542
BONE 87 0.000000
BONE 81 0.209658

VERT 66
OFFSET 15.700468, -13.757042, 43.331352
BONES 5
BONE 79 0.001993
BONE 91 0.059398
BONE 103 0.433704
BONE 113 0.504906
BONE 81 0.000000

VERT 67
OFFSET 15.600955, -13.338402, 42.854866
BONES 5
BONE 79 0.000239
BONE 91 0.034938
BONE 103 0.503204
BONE 113 0.461619
BONE 81 0.000000

VERT 68
OFFSET 20.736084, -13.247759, 40.664558
BONES 5
BONE 79 0.000002
BONE 89 0.000000
BONE 87 0.452719
BONE 99 0.541209
BONE 109 0.006070

VERT 69
OFFSET 20.757469, -13.307708, 42.363483
BONES 5
BONE 79 0.291432
BONE 85 0.027739
BONE 89 0.624567
BONE 101 0.033413
BONE 87 0.022848

VERT 70
OFFSET 20.653992, -13.407982, 42.767815
BONES 5
BONE 79 0.412488
BONE 85 0.221937
BONE 89 0.365574
BONE 87 0.000001
BONE 81 0.000000

VERT 71
OFFSET 20.294168, -14.765595, 41.304146
BONES 4
BONE 79 0.000001
BONE 85 0.000000
BONE 89 0.573498
BONE 101 0.426501

VERT 72
OFFSET 20.597898, -14.570266, 41.037006
BONES 5
BONE 79 0.000001
BONE 85 0.000000
BONE 89 0.612244
BONE 101 0.387755
BONE 87 0.000000

VERT 73
OFFSET 20.833065, -12.885771, 42.279922
BONES 4
BONE 79 0.355828
BONE 85 0.010234
BONE 89 0.564409
BONE 87 0.069529

VERT 74
OFFSET 20.045177, -14.457724, 43.207844
BONES 5
BONE 79 0.214830
BONE 83 0.162004
BONE 85 0.576773
BONE 97 0.035994
BONE 89 0.010399

VERT 75
OFFSET 19.853197, -15.675333, 42.026031
BONES 5
BONE 79 0.005015
BONE 83 0.003782
BONE 85 0.713829
BONE 97 0.277132
BONE 89 0.000243

VERT 76
OFFSET 20.396420, -14.229346, 43.040825
BONES 4
BONE 79 0.261587
BONE 85 0.694308
BONE 97 0.020430
BONE 89 0.023675

VERT 77
OFFSET 20.317781, -15.489912, 41.769470
BONES 4
BONE 79 0.001600
BONE 85 0.805645
BONE 97 0.192609
BONE 89 0.000146

VERT 78
OFFSET 19.578545, -14.705337, 43.944431
BONES 4
BONE 79 0.293248
BONE 83 0.644112
BONE 95 0.044388
BONE 85 0.018252

VERT 79
OFFSET 19.732916, -15.903972, 43.177124
BONES 5
BONE 79 0.000000
BONE 83 0.665230
BONE 95 0.331591
BONE 105 0.003177
BONE 85 0.000002

VERT 80
OFFSET 19.863138, -15.645103, 42.759884
BONES 5
BONE 79 0.000000
BONE 83 0.486658
BONE 95 0.475237
BONE 105 0.019508
BONE 85 0.018598

VERT 81
OFFSET 19.351620, -9.847751, 42.688320
BONES 3
BONE 79 0.693417
BONE 87 0.001984
BONE 81 0.304599

VERT 82
OFFSET 20.170246, -9.987406, 43.246819
BONES 4
BONE 79 0.792505
BONE 89 0.000164
BONE 87 0.005911
BONE 81 0.201421

VERT 83
OFFSET 19.886797, -10.415529, 45.053402
BONES 2
BONE 79 0.513589
BONE 81 0.486411

VERT 84
OFFSET 19.363167, -10.878453, 45.643326
BONES 3
BONE 44 0.002479
BONE 79 0.458924
BONE 81 0.538598

VERT 85
OFFSET 16.731136, -10.640097, 44.540173
BONES 5
BONE 44 0.000001
BONE 79 0.520430
BONE 91 0.027572
BONE 103 0.006397
BONE 81 0.445601

VERT 86
OFFSET 20.131826, -9.791408, 44.129646
BONES 3
BONE 44 0.013591
BONE 79 0.498044
BONE 81 0.488365

VERT 87
OFFSET 19.958601, -9.520396, 43.747417
BONES 3
BONE 44 0.016578
BONE 79 0.423039
BONE 81 0.560383

VERT 88
OFFSET 16.816952, -11.068308, 45.356236
BONES 5
BONE 44 0.000000
BONE 79 0.498874
BONE 91 0.006399
BONE 103 0.003539
BONE 81 0.491186

VERT 89
OFFSET 17.740274, -9.897023, 43.491573
BONES 2
BONE 79 0.449884
BONE 81 0.550116

VERT 90
OFFSET 17.217535, -10.377272, 45.481754
BONES 3
BONE 44 0.026073
BONE 79 0.023712
BONE 81 0.950215

VERT 91
OFFSET 20.575474, -13.431131, 40.830929
BONES 3
BONE 87 0.463775
BONE 99 0.535253
BONE 109 0.000972

VERT 92
OFFSET 19.550381, -9.739346, 45.359833
BONES 3
BONE 44 0.065842
BONE 79 0.061257
BONE 81 0.872901

VERT 93
OFFSET 20.115086, -10.081275, 44.538212
BONES 4
BONE 79 0.553657
BONE 89 0.000000
BONE 87 0.000000
BONE 81 0.446343

VERT 94
OFFSET 20.200624, -10.569921, 44.191174
BONES 4
BONE 79 0.792049
BONE 89 0.000001
BONE 87 0.000000
BONE 81 0.207950

VERT 95
OFFSET 19.785679, -9.509055, 44.830166
BONES 3
BONE 44 0.087810
BONE 79 0.081822
BONE 81 0.830368

VERT 96
OFFSET 19.236759, -12.624662, 45.025558
BONES 5
BONE 79 0.799789
BONE 83 0.089556
BONE 85 0.030464
BONE 89 0.000000
BONE 81 0.080191

VERT 97
OFFSET 20.075737, -12.581036, 44.390976
BONES 4
BONE 79 0.755574
BONE 85 0.150305
BONE 89 0.000004
BONE 81 0.094117

VERT 98
OFFSET 20.422237, -12.076938, 43.853977
BONES 5
BONE 79 0.740445
BONE 85 0.068790
BONE 89 0.093530
BONE 87 0.000001
BONE 81 0.097234

VERT 99
OFFSET 20.449091, -11.254025, 43.636677
BONES 4
BONE 79 0.781724
BONE 89 0.064213
BONE 87 0.031570
BONE 81 0.122493

VERT 100
OFFSET 18.748568, -11.135313, 45.902294
BONES 3
BONE 44 0.008199
BONE 79 0.424453
BONE 81 0.567348

VERT 101
OFFSET 18.588341, -10.365550, 45.987030
BONES 3
BONE 44 0.044031
BONE 79 0.041591
BONE 81 0.914378

VERT 102
OFFSET 17.139641, -10.117673, 45.033520
BONES 3
BONE 44 0.026724
BONE 79 0.022682
BONE 81 0.950594

VERT 103
OFFSET 17.618084, -11.294533, 45.862003
BONES 4
BONE 44 0.008464
BONE 79 0.388784
BONE 91 0.000000
BONE 81 0.602752

VERT 104
OFFSET 19.102901, -11.953467, 45.402588
BONES 5
BONE 79 0.841063
BONE 83 0.004954
BONE 85 0.003782
BONE 89 0.000000
BONE 81 0.150200

VERT 105
OFFSET 19.232096, -16.059322, 43.354881
BONES 5
BONE 79 0.000001
BONE 83 0.488734
BONE 95 0.498745
BONE 105 0.012520
BONE 85 0.000000

VERT 106
OFFSET 19.610182, -15.454086, 42.437088
BONES 4
BONE 83 0.408866
BONE 95 0.526482
BONE 105 0.036383
BONE 85 0.028269

VERT 107
OFFSET 20.001482, -14.812681, 41.213276
BONES 5
BONE 79 0.006943
BONE 85 0.553340
BONE 97 0.398380
BONE 89 0.039095
BONE 101 0.002242

VERT 108
OFFSET 20.379622, -15.099578, 41.439056
BONES 4
BONE 79 0.005642
BONE 85 0.655902
BONE 97 0.327573
BONE 89 0.010883

VERT 109
OFFSET 20.268597, -13.808396, 40.669052
BONES 5
BONE 79 0.005474
BONE 89 0.578201
BONE 101 0.375596
BONE 87 0.037499
BONE 99 0.003231

VERT 110
OFFSET 20.601360, -14.175031, 40.740318
BONES 4
BONE 79 0.000001
BONE 89 0.549161
BONE 101 0.450838
BONE 87 0.000000

VERT 111
OFFSET 20.382763, -12.568633, 40.328991
BONES 4
BONE 79 0.046689
BONE 87 0.527860
BONE 99 0.394532
BONE 109 0.030919

VERT 112
OFFSET 20.734184, -12.898726, 40.455566
BONES 5
BONE 79 0.004600
BONE 89 0.000000
BONE 87 0.467397
BONE 99 0.500562
BONE 109 0.027440

VERT 113
OFFSET 16.237965, -14.037156, 43.378845
BONES 4
BONE 79 0.016051
BONE 91 0.069726
BONE 103 0.450241
BONE 113 0.463982

VERT 114
OFFSET 16.795855, -13.903625, 42.842052
BONES 3
BONE 91 0.012996
BONE 103 0.501810
BONE 113 0.485194

VERT 115
OFFSET 16.398783, -13.363086, 42.365856
BONES 3
BONE 91 0.009398
BONE 103 0.505541
BONE 113 0.485061

VERT 116
OFFSET 13.374464, -1.255971, 47.352924
BONES 4
BONE 28 0.615765
BONE 44 0.217631
BONE 74 0.004206
BONE 42 0.162398

VERT 117
OFFSET 14.300315, -2.698165, 50.389767
BONES 4
BONE 28 0.824985
BONE 44 0.100004
BONE 74 0.014287
BONE 42 0.060724

VERT 118
OFFSET 15.177611, -2.225094, 50.968376
BONES 4
BONE 28 0.813427
BONE 44 0.116852
BONE 74 0.010893
BONE 42 0.058829

VERT 119
OFFSET 15.942466, -1.577043, 51.071442
BONES 3
BONE 28 0.761582
BONE 44 0.147953
BONE 42 0.090464

VERT 120
OFFSET 15.996462, 0.567392, 50.053967
BONES 3
BONE 28 0.717138
BONE 44 0.138717
BONE 42 0.144145

VERT 121
OFFSET 15.171660, 1.078777, 49.102577
BONES 4
BONE 28 0.656643
BONE 44 0.158386
