// Export filename: 'C:/projects/cod/t5/model_export/cuban/characters/cod7/carlos/c_cub_carlos_battle_fb_LOD1.XMODEL_EXPORT'
// Source filename: 'D:/projects/devart/t5/model_export/cuban/characters/cod7/carlos/_c_cub_carlos_battle.mb'
// Export time: Tue Jul 27 19:46:16 2010
MODEL
VERSION 6

NUMBONES 115
BONE 0 -1 "TAG_ORIGIN"
BONE 1 0 "J_MainRoot"
BONE 2 0 "TAG_AIM"
BONE 3 0 "TAG_SYNC"
BONE 4 1 "J_Hip_LE"
BONE 5 1 "J_Hip_RI"
BONE 6 1 "J_SpineLower"
BONE 7 4 "J_HipTwist_LE"
BONE 8 5 "J_HipTwist_RI"
BONE 9 4 "J_Knee_LE"
BONE 10 5 "J_Knee_RI"
BONE 11 6 "J_SpineUpper"
BONE 12 9 "J_Ankle_LE"
BONE 13 10 "J_Ankle_RI"
BONE 14 9 "J_Knee_Bulge_LE"
BONE 15 10 "J_Knee_Bulge_RI"
BONE 16 11 "J_Spine4"
BONE 17 12 "J_Ball_LE"
BONE 18 13 "J_Ball_RI"
BONE 19 16 "J_Clavicle_LE"
BONE 20 16 "J_Clavicle_RI"
BONE 21 16 "J_Neck"
BONE 22 16 "J_ShoulderRaise_LE"
BONE 23 16 "J_ShoulderRaise_RI"
BONE 24 16 "TAG_INHAND"
BONE 25 16 "TAG_STOWED_BACK"
BONE 26 16 "TAG_WEAPON_CHEST"
BONE 27 21 "J_Head"
BONE 28 19 "J_Shoulder_LE"
BONE 29 20 "J_Shoulder_RI"
BONE 30 27 "J_Bridge"
BONE 31 27 "J_Brow_In_LE"
BONE 32 27 "J_Brow_In_RI"
BONE 33 27 "J_Brow_LE"
BONE 34 27 "J_Brow_Out_LE"
BONE 35 27 "J_Brow_Out_RI"
BONE 36 27 "J_Brow_RI"
BONE 37 27 "J_Cheek_LE"
BONE 38 27 "J_Cheek_RI"
BONE 39 27 "J_CheekPuff_LE"
BONE 40 27 "J_CheekPuff_RI"
BONE 41 27 "J_Chin_SkinRoll"
BONE 42 28 "J_Elbow_Bulge_LE"
BONE 43 29 "J_Elbow_Bulge_RI"
BONE 44 28 "J_Elbow_LE"
BONE 45 29 "J_Elbow_RI"
BONE 46 27 "J_Eye_Lid_Bot_LE"
BONE 47 27 "J_Eye_Lid_Bot_RI"
BONE 48 27 "J_Eye_Lid_Top_LE"
BONE 49 27 "J_Eye_Lid_Top_RI"
BONE 50 27 "J_EyeBall_LE"
BONE 51 27 "J_EyeBall_RI"
BONE 52 27 "J_Forehead_LE"
BONE 53 27 "J_Forehead_RI"
BONE 54 27 "J_Head_END"
BONE 55 27 "J_Jaw"
BONE 56 27 "J_Levator_LE"
BONE 57 27 "J_Levator_RI"
BONE 58 27 "J_Lip_Bot_LE"
BONE 59 27 "J_Lip_Bot_Out_LE"
BONE 60 27 "J_Lip_Bot_Out_RI"
BONE 61 27 "J_Lip_Bot_RI"
BONE 62 27 "J_Lip_Top_LE"
BONE 63 27 "J_Lip_Top_Out_LE"
BONE 64 27 "J_Lip_Top_Out_RI"
BONE 65 27 "J_Lip_Top_RI"
BONE 66 27 "J_Lip_Upper_LE"
BONE 67 27 "J_Lip_Upper_Out_LE"
BONE 68 27 "J_Lip_Upper_Out_RI"
BONE 69 27 "J_Lip_Upper_RI"
BONE 70 27 "J_Mouth_LE"
BONE 71 27 "J_Mouth_RI"
BONE 72 27 "J_Nose_LE"
BONE 73 27 "J_Nose_RI"
BONE 74 28 "J_ShoulderTwist_LE"
BONE 75 29 "J_ShoulderTwist_RI"
BONE 76 27 "TAG_EYE"
BONE 77 54 "J_Helmet"
BONE 78 55 "J_Tongue"
BONE 79 44 "J_Wrist_LE"
BONE 80 45 "J_Wrist_RI"
BONE 81 44 "J_WristTwist_LE"
BONE 82 45 "J_WristTwist_RI"
BONE 83 79 "J_Index_LE_1"
BONE 84 80 "J_Index_RI_1"
BONE 85 79 "J_Mid_LE_1"
BONE 86 80 "J_Mid_RI_1"
BONE 87 79 "J_Pinky_LE_1"
BONE 88 80 "J_Pinky_RI_1"
BONE 89 79 "J_Ring_LE_1"
BONE 90 80 "J_Ring_RI_1"
BONE 91 79 "J_Thumb_LE_1"
BONE 92 80 "J_Thumb_RI_1"
BONE 93 79 "TAG_WEAPON_LEFT"
BONE 94 80 "TAG_WEAPON_RIGHT"
BONE 95 83 "J_Index_LE_2"
BONE 96 84 "J_Index_RI_2"
BONE 97 85 "J_Mid_LE_2"
BONE 98 86 "J_Mid_RI_2"
BONE 99 87 "J_Pinky_LE_2"
BONE 100 88 "J_Pinky_RI_2"
BONE 101 89 "J_Ring_LE_2"
BONE 102 90 "J_Ring_RI_2"
BONE 103 91 "J_Thumb_LE_2"
BONE 104 92 "J_Thumb_RI_2"
BONE 105 95 "J_Index_LE_3"
BONE 106 96 "J_Index_RI_3"
BONE 107 97 "J_Mid_LE_3"
BONE 108 98 "J_Mid_RI_3"
BONE 109 99 "J_Pinky_LE_3"
BONE 110 100 "J_Pinky_RI_3"
BONE 111 101 "J_Ring_LE_3"
BONE 112 102 "J_Ring_RI_3"
BONE 113 103 "J_Thumb_LE_3"
BONE 114 104 "J_Thumb_RI_3"

BONE 0
OFFSET 0.000002, -2.222000, 0.000042
SCALE 1.000000, 1.000000, 1.000000
X -0.000000, -1.000000, -0.000001
Y 1.000000, -0.000000, 0.000000
Z -0.000000, -0.000001, 1.000000

BONE 1
OFFSET 0.000082, 1.218927, 37.228020
SCALE 1.000000, 1.000000, 1.000000
X 0.000005, 0.024825, 0.999692
Y 0.000006, -0.999692, 0.024825
Z 1.000000, 0.000006, -0.000005

BONE 2
OFFSET 0.000002, -2.222055, 55.000042
SCALE 1.000000, 1.000000, 1.000000
X -0.000000, -1.000000, -0.000003
Y 1.000000, -0.000000, -0.000000
Z -0.000000, -0.000003, 1.000000

BONE 3
OFFSET 0.000002, -2.219720, 0.000042
SCALE 1.000000, 1.000000, 1.000000
X -0.000000, -1.000000, -0.000003
Y 1.000000, -0.000000, 0.000000
Z -0.000000, -0.000003, 1.000000

BONE 4
OFFSET 4.865472, 1.218951, 37.228016
SCALE 1.000000, 1.000000, 1.000000
X -0.008941, 0.033879, -0.999386
Y -0.004877, -0.999415, -0.033837
Z -0.999948, 0.004571, 0.009101

BONE 5
OFFSET -4.865293, 1.218927, 37.227978
SCALE 1.000000, 1.000000, 1.000000
X -0.008909, -0.033842, 0.999388
Y -0.004870, 0.999417, 0.033800
Z -0.999948, -0.004566, -0.009069

BONE 6
OFFSET 0.000089, 1.148792, 42.432632
SCALE 1.000000, 1.000000, 1.000000
X 0.000001, 0.029870, 0.999554
Y -0.000002, -0.999554, 0.029870
Z 1.000000, -0.000002, -0.000001

BONE 7
OFFSET 4.837310, 1.325658, 34.080341
SCALE 1.000000, 1.000000, 1.000000
X -0.008941, 0.033879, -0.999386
Y -0.004864, -0.999416, -0.033837
Z -0.999948, 0.004558, 0.009101

BONE 8
OFFSET -4.837236, 1.325506, 34.080624
SCALE 1.000000, 1.000000, 1.000000
X -0.008909, -0.033842, 0.999388
Y -0.004874, 0.999417, 0.033800
Z -0.999948, -0.004570, -0.009069

BONE 9
OFFSET 4.708874, 1.812570, 19.727123
SCALE 1.000000, 1.000000, 1.000000
X -0.008203, 0.166937, -0.985933
Y -0.006021, -0.985957, -0.166891
Z -0.999948, 0.004567, 0.009093

BONE 10
OFFSET -4.708568, 1.812141, 19.727461
SCALE 1.000000, 1.000000, 1.000000
X -0.008167, -0.166975, 0.985927
Y -0.006022, 0.985950, 0.166929
Z -0.999949, -0.004574, -0.009057

BONE 11
OFFSET 0.000094, 1.131313, 47.652164
SCALE 1.000000, 1.000000, 1.000000
X 0.000003, -0.020406, 0.999792
Y 0.000005, -0.999792, -0.020406
Z 1.000000, 0.000006, -0.000003

BONE 12
OFFSET 4.584381, 4.343949, 4.776942
SCALE 1.000000, 1.000000, 1.000000
X -0.000000, -0.008729, -0.999962
Y 0.016577, -0.999824, 0.008728
Z -0.999863, -0.016577, 0.000145

BONE 13
OFFSET -4.584069, 4.344151, 4.777238
SCALE 1.000000, 1.000000, 1.000000
X 0.000009, 0.008730, 0.999962
Y 0.016581, 0.999824, -0.008729
Z -0.999862, 0.016581, -0.000136

BONE 14
OFFSET 4.700433, -0.061928, 19.740456
SCALE 1.000000, 1.000000, 1.000000
X -0.000006, 0.029848, 0.999554
Y -0.000002, -0.999554, 0.029848
Z 1.000000, -0.000002, 0.000006

BONE 15
OFFSET -4.688321, -0.066477, 19.765478
SCALE 1.000000, 1.000000, 1.000000
X -0.000042, -0.029855, -0.999554
Y -0.000010, 0.999554, -0.029855
Z 1.000000, 0.000009, -0.000042

BONE 16
OFFSET 0.000090, 1.067745, 51.758411
SCALE 1.000000, 1.000000, 1.000000
X 0.000002, -0.047080, 0.998891
Y 0.000010, -0.998891, -0.047080
Z 1.000000, 0.000011, -0.000001

BONE 17
OFFSET 4.746620, -1.234840, 0.330913
SCALE 1.000000, 1.000000, 1.000000
X 0.016342, -0.983115, 0.182258
Y -0.002855, 0.182235, 0.983251
Z -0.999862, -0.016588, 0.000171

BONE 18
OFFSET -4.746290, -1.234591, 0.331138
SCALE 1.000000, 1.000000, 1.000000
X 0.016296, 0.983125, -0.182210
Y -0.002898, -0.182187, -0.983260
Z -0.999863, 0.016551, -0.000120

BONE 19
OFFSET 1.356609, 1.015539, 56.400341
SCALE 1.000000, 1.000000, 1.000000
X 0.997183, -0.019399, 0.072449
Y 0.018071, 0.999657, 0.018947
Z -0.072792, -0.017584, 0.997192

BONE 20
OFFSET -1.356719, 1.015542, 56.400444
SCALE 1.000000, 1.000000, 1.000000
X 0.997186, 0.019411, -0.072414
Y 0.018084, -0.999657, -0.018932
Z -0.072757, 0.017569, -0.997195

BONE 21
OFFSET 0.000058, 0.503915, 60.542107
SCALE 1.000000, 1.000000, 1.000000
X 0.000005, -0.309757, 0.950816
Y 0.000009, -0.950816, -0.309757
Z 1.000000, 0.000010, -0.000002

BONE 22
OFFSET 4.025334, 0.920922, 58.859638
SCALE 1.000000, 1.000000, 1.000000
X -0.997186, 0.019392, -0.072414
Y -0.018067, -0.999658, -0.018910
Z -0.072756, -0.017549, 0.997195

BONE 23
OFFSET -4.025115, 0.920835, 58.859825
SCALE 1.000000, 1.000000, 1.000000
X -0.997185, -0.019413, 0.072417
Y -0.018088, 0.999658, 0.018910
Z -0.072759, 0.017547, -0.997195

BONE 24
OFFSET -28.519920, -12.713210, 38.935009
SCALE 1.000000, 1.000000, 1.000000
X 1.000000, 0.000011, -0.000001
Y 0.000007, -0.764281, -0.644884
Z -0.000008, 0.644884, -0.764281

BONE 25
OFFSET -2.862698, 8.918896, 43.388451
SCALE 1.000000, 1.000000, 1.000000
X -0.385465, 0.062998, -0.920569
Y 0.145812, -0.980972, -0.128187
Z -0.911129, -0.183642, 0.368945

BONE 26
OFFSET -28.519920, -12.713210, 38.935009
SCALE 1.000000, 1.000000, 1.000000
X 0.000011, -1.000000, 0.000001
Y 1.000000, 0.000011, -0.000001
Z 0.000001, 0.000001, 1.000000

BONE 27
OFFSET 0.000057, -0.306903, 63.520969
SCALE 1.000000, 1.000000, 1.000000
X -0.000007, -0.216434, 0.976297
Y 0.000005, -0.976297, -0.216434
Z 1.000000, 0.000004, 0.000008

BONE 28
OFFSET 7.725458, 0.891629, 56.863182
SCALE 1.000000, 1.000000, 1.000000
X 0.662981, -0.260696, -0.701779
Y 0.273873, 0.956889, -0.096732
Z 0.696743, -0.128067, 0.705796

BONE 29
OFFSET -7.725506, 0.891564, 56.862965
SCALE 1.000000, 1.000000, 1.000000
X 0.662960, 0.260726, 0.701788
Y 0.273916, -0.956876, 0.096734
Z 0.696745, 0.128101, -0.705788

BONE 30
OFFSET 0.000058, -5.579741, 66.163139
SCALE 1.000000, 1.000000, 1.000000
X 1.000000, 0.000000, 0.000000
Y 0.000000, -0.000000, 1.000000
Z 0.000000, -1.000000, -0.000000

BONE 31
OFFSET 0.612761, -5.424249, 66.639923
SCALE 1.000000, 1.000000, 1.000000
X 1.000000, 0.000000, 0.000000
Y 0.000000, -0.000000, 1.000000
Z 0.000000, -1.000000, -0.000000

BONE 32
OFFSET -0.538940, -5.484427, 66.604645
SCALE 1.000000, 1.000000, 1.000000
X 1.000000, 0.000000, 0.000000
Y 0.000000, -0.000000, 1.000000
Z 0.000000, -1.000000, -0.000000

BONE 33
OFFSET 1.467079, -5.139717, 66.790268
SCALE 1.000000, 1.000000, 1.000000
X 1.000000, 0.000000, 0.000000
Y 0.000000, -0.000000, 1.000000
Z 0.000000, -1.000000, -0.000000

BONE 34
OFFSET 2.207515, -4.367161, 66.567085
SCALE 1.000000, 1.000000, 1.000000
X 1.000000, 0.000000, 0.000000
Y 0.000000, -0.000000, 1.000000
Z 0.000000, -1.000000, -0.000000

BONE 35
OFFSET -2.215490, -4.371526, 66.563538
SCALE 1.000000, 1.000000, 1.000000
X 1.000000, 0.000000, 0.000000
Y 0.000000, -0.000000, 1.000000
Z 0.000000, -1.000000, -0.000000

BONE 36
OFFSET -1.459351, -5.145739, 66.776665
SCALE 1.000000, 1.000000, 1.000000
X 1.000000, 0.000000, 0.000000
Y 0.000000, -0.000000, 1.000000
Z 0.000000, -1.000000, -0.000000

BONE 37
OFFSET 1.934092, -4.396147, 65.071800
SCALE 1.000000, 1.000000, 1.000000
X 1.000000, 0.000000, 0.000000
Y 0.000000, -0.000000, 1.000000
Z 0.000000, -1.000000, -0.000000

BONE 38
OFFSET -1.934148, -4.391707, 65.071419
SCALE 1.000000, 1.000000, 1.000000
X 1.000000, 0.000000, 0.000000
Y 0.000000, -0.000000, 1.000000
Z 0.000000, -1.000000, -0.000000

BONE 39
OFFSET 2.024215, -3.825949, 63.008926
SCALE 1.000000, 1.000000, 1.000000
X 1.000000, 0.000000, 0.000000
Y 0.000000, -0.000000, 1.000000
Z 0.000000, -1.000000, -0.000000

BONE 40
OFFSET -2.033856, -3.827359, 63.008778
SCALE 1.000000, 1.000000, 1.000000
X 1.000000, 0.000000, 0.000000
Y 0.000000, -0.000000, 1.000000
Z 0.000000, -1.000000, -0.000000

BONE 41
OFFSET 0.000055, -5.242019, 62.342949
SCALE 1.000000, 1.000000, 1.000000
X 1.000000, 0.000000, 0.000000
Y 0.000000, -0.000000, 1.000000
Z 0.000000, -1.000000, -0.000000

BONE 42
OFFSET 15.846270, -1.632336, 48.642548
SCALE 1.000000, 1.000000, 1.000000
X 0.294563, -0.846066, -0.444303
Y 0.654051, 0.517466, -0.551767
Z 0.696743, -0.128067, 0.705796

BONE 43
OFFSET -15.846113, -1.632834, 48.642265
SCALE 1.000000, 1.000000, 1.000000
X 0.294518, 0.846079, 0.444308
Y 0.654068, -0.517437, 0.551773
Z 0.696745, 0.128101, -0.705788

BONE 44
OFFSET 15.742274, -1.805675, 48.713013
SCALE 1.000000, 1.000000, 1.000000
X 0.294845, -0.845858, -0.444512
Y 0.653923, 0.517813, -0.551593
Z 0.696743, -0.128042, 0.705801

BONE 45
OFFSET -15.742270, -1.806072, 48.712933
SCALE 1.000000, 1.000000, 1.000000
X 0.294819, 0.845861, 0.444523
Y 0.653933, -0.517800, 0.551592
Z 0.696745, 0.128069, -0.705794

BONE 46
OFFSET 1.252019, -4.390342, 66.080551
SCALE 1.000000, 1.000000, 1.000000
X 1.000000, 0.000000, 0.000000
Y 0.000000, -0.000000, 1.000000
Z 0.000000, -1.000000, -0.000000

BONE 47
OFFSET -1.252073, -4.341589, 66.091354
SCALE 1.000000, 1.000000, 1.000000
X 1.000000, 0.000000, 0.000000
Y 0.000000, -0.000000, 1.000000
Z 0.000000, -1.000000, -0.000000

BONE 48
OFFSET 1.252019, -4.390342, 66.080551
SCALE 1.000000, 1.000000, 1.000000
X 1.000000, 0.000000, 0.000000
Y 0.000000, -0.000000, 1.000000
Z 0.000000, -1.000000, -0.000000

BONE 49
OFFSET -1.252073, -4.341589, 66.091354
SCALE 1.000000, 1.000000, 1.000000
X 1.000000, 0.000000, 0.000000
Y 0.000000, -0.000000, 1.000000
Z 0.000000, -1.000000, -0.000000

BONE 50
OFFSET 1.166985, -3.999434, 66.167206
SCALE 1.000000, 1.000000, 1.000000
X 1.000000, 0.000000, 0.000000
Y 0.000000, -0.000000, 1.000000
Z 0.000000, -1.000000, -0.000000

BONE 51
OFFSET -1.166984, -3.999433, 66.167206
SCALE 1.000000, 1.000000, 1.000000
X 1.000000, 0.000000, 0.000000
Y 0.000000, -0.000000, 1.000000
Z 0.000000, -1.000000, -0.000000

BONE 52
OFFSET 1.016186, -5.125915, 67.626106
SCALE 1.000000, 1.000000, 1.000000
X 1.000000, 0.000000, 0.000000
Y 0.000000, -0.000000, 1.000000
Z 0.000000, -1.000000, -0.000000

BONE 53
OFFSET -1.018689, -5.127823, 67.627220
SCALE 1.000000, 1.000000, 1.000000
X 1.000000, 0.000000, 0.000000
Y 0.000000, -0.000000, 1.000000
Z 0.000000, -1.000000, -0.000000

BONE 54
OFFSET -0.000527, -1.399727, 69.807846
SCALE 1.000000, 1.000000, 1.000000
X -0.000007, -0.216434, 0.976297
Y 0.000005, -0.976297, -0.216434
Z 1.000000, 0.000004, 0.000008

BONE 55
OFFSET 0.000053, -1.326648, 63.786865
SCALE 1.000000, 1.000000, 1.000000
X 1.000000, 0.000000, 0.000000
Y 0.000000, -0.000000, 1.000000
Z 0.000000, -1.000000, -0.000000

BONE 56
OFFSET 0.743366, -5.088260, 64.562698
SCALE 1.000000, 1.000000, 1.000000
X 1.000000, 0.000000, 0.000000
Y 0.000000, -0.000000, 1.000000
Z 0.000000, -1.000000, -0.000000

BONE 57
OFFSET -0.752090, -5.115628, 64.571159
SCALE 1.000000, 1.000000, 1.000000
X 1.000000, 0.000000, 0.000000
Y 0.000000, -0.000000, 1.000000
Z 0.000000, -1.000000, -0.000000

BONE 58
OFFSET 0.202095, -5.431542, 63.070473
SCALE 1.000000, 1.000000, 1.000000
X 1.000000, 0.000000, 0.000000
Y 0.000000, -0.000000, 1.000000
Z 0.000000, -1.000000, -0.000000

BONE 59
OFFSET 0.739410, -5.234313, 63.065495
SCALE 1.000000, 1.000000, 1.000000
X 1.000000, 0.000000, 0.000000
Y 0.000000, -0.000000, 1.000000
Z 0.000000, -1.000000, -0.000000

BONE 60
OFFSET -0.741825, -5.235659, 63.064377
SCALE 1.000000, 1.000000, 1.000000
X 1.000000, 0.000000, 0.000000
Y 0.000000, -0.000000, 1.000000
Z 0.000000, -1.000000, -0.000000

BONE 61
OFFSET -0.203777, -5.431927, 63.070667
SCALE 1.000000, 1.000000, 1.000000
X 1.000000, 0.000000, 0.000000
Y 0.000000, -0.000000, 1.000000
Z 0.000000, -1.000000, -0.000000

BONE 62
OFFSET 0.189609, -5.527634, 63.294468
SCALE 1.000000, 1.000000, 1.000000
X 1.000000, 0.000000, 0.000000
Y 0.000000, -0.000000, 1.000000
Z 0.000000, -1.000000, -0.000000

BONE 63
OFFSET 0.691339, -5.328471, 63.281456
SCALE 1.000000, 1.000000, 1.000000
X 1.000000, 0.000000, 0.000000
Y 0.000000, -0.000000, 1.000000
Z 0.000000, -1.000000, -0.000000

BONE 64
OFFSET -0.695793, -5.328906, 63.273006
SCALE 1.000000, 1.000000, 1.000000
X 1.000000, 0.000000, 0.000000
Y 0.000000, -0.000000, 1.000000
Z 0.000000, -1.000000, -0.000000

BONE 65
OFFSET -0.196624, -5.528613, 63.293785
SCALE 1.000000, 1.000000, 1.000000
X 1.000000, 0.000000, 0.000000
Y 0.000000, -0.000000, 1.000000
Z 0.000000, -1.000000, -0.000000

BONE 66
OFFSET 0.500683, -5.673804, 63.772980
SCALE 1.000000, 1.000000, 1.000000
X 1.000000, 0.000000, 0.000000
Y 0.000000, -0.000000, 1.000000
Z 0.000000, -1.000000, -0.000000

BONE 67
OFFSET 1.363424, -4.875621, 63.803410
SCALE 1.000000, 1.000000, 1.000000
X 1.000000, 0.000000, 0.000000
Y 0.000000, -0.000000, 1.000000
Z 0.000000, -1.000000, -0.000000

BONE 68
OFFSET -1.368907, -4.870885, 63.803917
SCALE 1.000000, 1.000000, 1.000000
X 1.000000, 0.000000, 0.000000
Y 0.000000, -0.000000, 1.000000
Z 0.000000, -1.000000, -0.000000

BONE 69
OFFSET -0.498022, -5.668157, 63.771992
SCALE 1.000000, 1.000000, 1.000000
X 1.000000, 0.000000, 0.000000
Y 0.000000, -0.000000, 1.000000
Z 0.000000, -1.000000, -0.000000

BONE 70
OFFSET 1.173245, -4.922543, 63.148666
SCALE 1.000000, 1.000000, 1.000000
X 1.000000, 0.000000, 0.000000
Y 0.000000, -0.000000, 1.000000
Z 0.000000, -1.000000, -0.000000

BONE 71
OFFSET -1.162777, -4.922101, 63.139900
SCALE 1.000000, 1.000000, 1.000000
X 1.000000, 0.000000, 0.000000
Y 0.000000, -0.000000, 1.000000
Z 0.000000, -1.000000, -0.000000

BONE 72
OFFSET 0.611796, -5.175572, 65.388580
SCALE 1.000000, 1.000000, 1.000000
X 1.000000, 0.000000, 0.000000
Y 0.000000, -0.000000, 1.000000
Z 0.000000, -1.000000, -0.000000

BONE 73
OFFSET -0.606207, -5.172341, 65.386032
SCALE 1.000000, 1.000000, 1.000000
X 1.000000, 0.000000, 0.000000
Y 0.000000, -0.000000, 1.000000
Z 0.000000, -1.000000, -0.000000

BONE 74
OFFSET 8.032188, 0.771017, 56.538502
SCALE 1.000000, 1.000000, 1.000000
X 0.662981, -0.260696, -0.701779
Y 0.273875, 0.956889, -0.096730
Z 0.696742, -0.128070, 0.705797

BONE 75
OFFSET -8.001591, 0.782987, 56.570709
SCALE 1.000000, 1.000000, 1.000000
X 0.662960, 0.260726, 0.701788
Y 0.273908, -0.956878, 0.096742
Z 0.696748, 0.128089, -0.705787

BONE 76
OFFSET 0.000049, -4.334190, 66.322540
SCALE 1.000000, 1.000000, 1.000000
X 0.000001, -0.939691, 0.342026
Y 1.000000, 0.000004, 0.000007
Z -0.000008, 0.342026, 0.939691

BONE 77
OFFSET -0.000540, -0.362329, 71.243195
SCALE 1.000000, 1.000000, 1.000000
X 0.000005, -0.999048, 0.043625
Y 1.000000, 0.000005, 0.000005
Z -0.000005, 0.043625, 0.999048

BONE 78
OFFSET 0.000055, -4.018939, 63.496307
SCALE 1.000000, 1.000000, 1.000000
X 1.000000, 0.000000, 0.000000
Y 0.000000, -0.000000, 1.000000
Z 0.000000, -1.000000, -0.000000

BONE 79
OFFSET 18.585669, -10.419226, 44.089733
SCALE 1.000000, 1.000000, 1.000000
X 0.299004, -0.782064, -0.546784
Y -0.792522, 0.115636, -0.598779
Z 0.531512, 0.612376, -0.585227

BONE 80
OFFSET -18.585567, -10.419399, 44.089657
SCALE 1.000000, 1.000000, 1.000000
X 0.299011, 0.782058, 0.546788
Y -0.792524, -0.115633, 0.598778
Z 0.531506, -0.612384, 0.585224

BONE 81
OFFSET 17.753496, -7.897926, 45.442410
SCALE 1.000000, 1.000000, 1.000000
X 0.294846, -0.845857, -0.444513
Y 0.653930, 0.517812, -0.551585
Z 0.696736, -0.128048, 0.705806

BONE 82
OFFSET -17.753546, -7.898361, 45.442448
SCALE 1.000000, 1.000000, 1.000000
X 0.294819, 0.845861, 0.444523
Y 0.653933, -0.517800, 0.551592
Z 0.696745, 0.128069, -0.705794

BONE 83
OFFSET 18.943596, -14.118733, 43.296165
SCALE 1.000000, 1.000000, 1.000000
X 0.252533, -0.921880, -0.293878
Y -0.670074, 0.052482, -0.740436
Z 0.698017, 0.383905, -0.604475

BONE 84
OFFSET -18.943485, -14.118932, 43.296089
SCALE 1.000000, 1.000000, 1.000000
X 0.252692, 0.921873, 0.293763
Y -0.670040, -0.052297, 0.740480
Z 0.697992, -0.383946, 0.604477

BONE 85
OFFSET 19.641989, -13.608097, 42.701954
SCALE 1.000000, 1.000000, 1.000000
X 0.066843, -0.793765, -0.604540
Y -0.837155, 0.285040, -0.466823
Z 0.542866, 0.537298, -0.645452

BONE 86
OFFSET -19.641909, -13.608223, 42.701809
SCALE 1.000000, 1.000000, 1.000000
X 0.066887, 0.793771, 0.604528
Y -0.837171, -0.284987, 0.466827
Z 0.542836, -0.537317, 0.645460

BONE 87
OFFSET 20.410118, -12.159682, 41.480377
SCALE 1.000000, 1.000000, 1.000000
X -0.099274, -0.722106, -0.684623
Y -0.848031, 0.421335, -0.321434
Z 0.520565, 0.548671, -0.654195

BONE 88
OFFSET -20.410091, -12.159837, 41.480251
SCALE 1.000000, 1.000000, 1.000000
X -0.099304, 0.722089, 0.684635
Y -0.848020, -0.421369, 0.321418
Z 0.520577, -0.548666, 0.654190

BONE 89
OFFSET 20.114302, -12.876246, 42.061901
SCALE 1.000000, 1.000000, 1.000000
X -0.006006, -0.738898, -0.673791
Y -0.878970, 0.325202, -0.348791
Z 0.476839, 0.590147, -0.651422

BONE 90
OFFSET -20.114208, -12.876396, 42.061890
SCALE 1.000000, 1.000000, 1.000000
X -0.005979, 0.738908, 0.673780
Y -0.878978, -0.325169, 0.348801
Z 0.476825, -0.590152, 0.651428

BONE 91
OFFSET 18.473015, -11.541899, 44.177650
SCALE 1.000000, 1.000000, 1.000000
X -0.766327, -0.594301, -0.244027
Y 0.525231, -0.360813, -0.770679
Z 0.369968, -0.718763, 0.588646

BONE 92
OFFSET -18.472874, -11.542074, 44.177635
SCALE 1.000000, 1.000000, 1.000000
X -0.766329, 0.594294, 0.244036
Y 0.525229, 0.360803, 0.770685
Z 0.369965, 0.718773, -0.588635

BONE 93
OFFSET -28.519896, -12.719981, 38.932270
SCALE 1.000000, 1.000000, 1.000000
X 0.000190, -1.000000, -0.000189
Y 1.000000, 0.000190, 0.000053
Z -0.000053, -0.000189, 1.000000

BONE 94
OFFSET -28.520119, -12.709172, 38.935143
SCALE 1.000000, 1.000000, 1.000000
X -0.000199, -1.000000, -0.000195
Y 0.998877, -0.000190, -0.047381
Z 0.047381, -0.000205, 0.998877

BONE 95
OFFSET 19.335176, -15.548034, 42.840546
SCALE 1.000000, 1.000000, 1.000000
X -0.305493, -0.603804, -0.736271
Y -0.647669, 0.698577, -0.304162
Z 0.697997, 0.383940, -0.604476

BONE 96
OFFSET -19.335234, -15.548249, 42.840523
SCALE 1.000000, 1.000000, 1.000000
X -0.305842, 0.603512, 0.736365
Y -0.647460, -0.698892, 0.303884
Z 0.698038, -0.383827, 0.604500

BONE 97
OFFSET 19.766018, -15.080857, 41.580357
SCALE 1.000000, 1.000000, 1.000000
X -0.742584, -0.051931, -0.667737
Y -0.392291, 0.841795, 0.370795
Z 0.542841, 0.537294, -0.645475

BONE 98
OFFSET -19.765930, -15.081016, 41.579948
SCALE 1.000000, 1.000000, 1.000000
X -0.742558, 0.051921, 0.667766
Y -0.392315, -0.841780, -0.370804
Z 0.542860, -0.537318, 0.645439

BONE 99
OFFSET 20.291075, -13.025280, 40.659801
SCALE 1.000000, 1.000000, 1.000000
X -0.734217, -0.103408, -0.670993
Y -0.435791, 0.829631, 0.348997
Z 0.520587, 0.548653, -0.654194

BONE 100
OFFSET -20.291012, -13.025424, 40.659672
SCALE 1.000000, 1.000000, 1.000000
X -0.734208, 0.103424, 0.671001
Y -0.435814, -0.829619, -0.348996
Z 0.520581, -0.548667, 0.654187

BONE 101
OFFSET 20.104219, -14.119193, 40.928596
SCALE 1.000000, 1.000000, 1.000000
X -0.750598, -0.112264, -0.651152
Y -0.457408, 0.799450, 0.389433
Z 0.476844, 0.590150, -0.651416

BONE 102
OFFSET -20.104130, -14.119358, 40.928261
SCALE 1.000000, 1.000000, 1.000000
X -0.750602, 0.112272, 0.651146
Y -0.457410, -0.799450, -0.389431
Z 0.476836, -0.590148, 0.651423

BONE 103
OFFSET 16.629330, -12.971684, 43.590553
SCALE 1.000000, 1.000000, 1.000000
X -0.513767, -0.686190, -0.514963
Y 0.774059, -0.111908, -0.623144
Z 0.369966, -0.718763, 0.588646

BONE 104
OFFSET -16.629194, -12.971821, 43.590179
SCALE 1.000000, 1.000000, 1.000000
X -0.513765, 0.686181, 0.514977
Y 0.774059, 0.111890, 0.623148
Z 0.369972, 0.718774, -0.588629

BONE 105
OFFSET 19.038221, -16.134914, 42.125023
SCALE 1.000000, 1.000000, 1.000000
X -0.554097, -0.245160, -0.795533
Y -0.453622, 0.890222, 0.041612
Z 0.698000, 0.383929, -0.604479

BONE 106
OFFSET -19.037983, -16.134798, 42.125008
SCALE 1.000000, 1.000000, 1.000000
X -0.553871, 0.245483, 0.795591
Y -0.453788, -0.890154, -0.041256
Z 0.698071, -0.383880, 0.604428

BONE 107
OFFSET 18.948034, -15.138112, 40.844826
SCALE 1.000000, 1.000000, 1.000000
X -0.836744, 0.280258, -0.470441
Y -0.071875, 0.795463, 0.601724
Z 0.542857, 0.537302, -0.645456

BONE 108
OFFSET -18.947971, -15.138271, 40.844528
SCALE 1.000000, 1.000000, 1.000000
X -0.836742, -0.280254, 0.470448
Y -0.071886, -0.795461, -0.601726
Z 0.542859, -0.537308, 0.645449

BONE 109
OFFSET 19.784019, -13.096679, 40.196491
SCALE 1.000000, 1.000000, 1.000000
X -0.853803, 0.339164, -0.394953
Y 0.005198, 0.764171, 0.644992
Z 0.520570, 0.548643, -0.654215

BONE 110
OFFSET -19.783998, -13.096812, 40.196270
SCALE 1.000000, 1.000000, 1.000000
X -0.853799, -0.339166, 0.394959
Y 0.005186, -0.764161, -0.645004
Z 0.520576, -0.548656, 0.654199

BONE 111
OFFSET 19.396437, -14.225060, 40.314682
SCALE 1.000000, 1.000000, 1.000000
X -0.861545, 0.166924, -0.479454
Y -0.174209, 0.789854, 0.588033
Z 0.476856, 0.590142, -0.651415

BONE 112
OFFSET -19.396343, -14.225204, 40.314499
SCALE 1.000000, 1.000000, 1.000000
X -0.861557, -0.166916, 0.479436
Y -0.174209, -0.789846, -0.588043
Z 0.476834, -0.590155, 0.651419

BONE 113
OFFSET 16.015608, -13.791351, 42.975456
SCALE 1.000000, 1.000000, 1.000000
X -0.178188, -0.676734, -0.714339
Y 0.911796, 0.159395, -0.378446
Z 0.369969, -0.718766, 0.588641

BONE 114
OFFSET -16.015455, -13.791477, 42.975048
SCALE 1.000000, 1.000000, 1.000000
X -0.178183, 0.676724, 0.714350
Y 0.911791, -0.159415, 0.378450
Z 0.369984, 0.718771, -0.588626

NUMVERTS 4165
VERT 0
OFFSET -7.488955, -1.938225, 1.122962
BONES 3
BONE 10 0.000259
BONE 13 0.448195
BONE 18 0.551546

VERT 1
OFFSET -7.098224, -4.974219, 1.491496
BONES 3
BONE 10 0.000002
BONE 13 0.032049
BONE 18 0.967949

VERT 2
OFFSET -5.881987, -6.962104, 1.930850
BONES 2
BONE 13 0.000005
BONE 18 0.999995

VERT 3
OFFSET -4.458045, -7.231737, 1.938345
BONES 2
BONE 13 0.000028
BONE 18 0.999972

VERT 4
OFFSET -3.183374, -5.884407, 1.479914
BONES 2
BONE 13 0.026756
BONE 18 0.973244

VERT 5
OFFSET -2.746372, -2.999766, 1.098088
BONES 3
BONE 10 0.000338
BONE 13 0.318533
BONE 18 0.681129

VERT 6
OFFSET -6.580159, -4.632298, 2.525622
BONES 3
BONE 10 0.000016
BONE 13 0.045683
BONE 18 0.954301

VERT 7
OFFSET -6.019509, -7.295871, 1.544025
BONES 2
BONE 13 0.000001
BONE 18 0.999999

VERT 8
OFFSET -7.343013, -5.130590, 1.031410
BONES 3
BONE 10 0.000000
BONE 13 0.026250
BONE 18 0.973750

VERT 9
OFFSET -7.739792, -1.971805, 0.634293
BONES 3
BONE 10 0.000070
BONE 13 0.393153
BONE 18 0.606777

VERT 10
OFFSET -4.460002, -7.591818, 1.532673
BONES 2
BONE 13 0.000000
BONE 18 1.000000

VERT 11
OFFSET -3.010674, -6.115709, 1.024520
BONES 2
BONE 13 0.021425
BONE 18 0.978575

VERT 12
OFFSET -7.455102, -2.033191, 0.297198
BONES 3
BONE 10 0.000029
BONE 13 0.379303
BONE 18 0.620668

VERT 13
OFFSET -7.056729, -5.094707, 0.659415
BONES 2
BONE 13 0.021032
BONE 18 0.978968

VERT 14
OFFSET -5.894783, -7.146501, 1.109368
BONES 2
BONE 13 0.000000
BONE 18 1.000000

VERT 15
OFFSET -4.487319, -7.444611, 1.154124
BONES 1
BONE 18 1.000000

VERT 16
OFFSET -3.244631, -5.997763, 0.676385
BONES 2
BONE 13 0.019176
BONE 18 0.980824

VERT 17
OFFSET -7.093138, 1.026451, 0.819601
BONES 3
BONE 10 0.000901
BONE 13 0.900185
BONE 18 0.098914

VERT 18
OFFSET -6.539801, 2.644448, 1.485154
BONES 3
BONE 10 0.033312
BONE 13 0.965048
BONE 18 0.001641

VERT 19
OFFSET -6.748209, 2.726255, 0.945415
BONES 3
BONE 10 0.002871
BONE 13 0.993316
BONE 18 0.003813

VERT 20
OFFSET -6.154726, 4.871902, 0.094968
BONES 3
BONE 10 0.001822
BONE 13 0.997903
BONE 18 0.000275

VERT 21
OFFSET -6.739431, 2.762070, 0.026575
BONES 3
BONE 10 0.000544
BONE 13 0.996777
BONE 18 0.002679

VERT 22
OFFSET -6.151147, 4.852571, 1.032820
BONES 3
BONE 10 0.006658
BONE 13 0.992920
BONE 18 0.000422

VERT 23
OFFSET -6.008684, 4.793375, 1.466438
BONES 3
BONE 10 0.035640
BONE 13 0.964112
BONE 18 0.000248

VERT 24
OFFSET -2.486250, -3.015971, 0.609738
BONES 3
BONE 10 0.000111
BONE 13 0.296835
BONE 18 0.703053

VERT 25
OFFSET -2.775117, -2.993240, 0.264088
BONES 3
BONE 10 0.000048
BONE 13 0.293305
BONE 18 0.706646

VERT 26
OFFSET -5.270090, 6.252377, 0.165479
BONES 2
BONE 10 0.002349
BONE 13 0.997651

VERT 27
OFFSET -5.337334, 6.214641, 1.153575
BONES 2
BONE 10 0.007126
BONE 13 0.992874

VERT 28
OFFSET -5.261174, 6.061449, 1.543672
BONES 2
BONE 10 0.030746
BONE 13 0.969254

VERT 29
OFFSET -3.907596, 5.925224, 5.630326
BONES 2
BONE 10 0.555289
BONE 13 0.444711

VERT 30
OFFSET -3.273901, 5.229890, 5.901684
BONES 2
BONE 10 0.395729
BONE 13 0.604271

VERT 31
OFFSET -4.607865, 5.500982, 5.596104
BONES 2
BONE 10 0.597438
BONE 13 0.402562

VERT 32
OFFSET -3.821722, 6.619239, 1.138784
BONES 2
BONE 10 0.076783
BONE 13 0.923217

VERT 33
OFFSET -3.909651, 6.512158, 1.545578
BONES 2
BONE 10 0.071238
BONE 13 0.928762

VERT 34
OFFSET -3.800697, 6.559149, 0.187897
BONES 2
BONE 10 0.003556
BONE 13 0.996444

VERT 35
OFFSET -3.920192, 6.517574, 3.378387
BONES 2
BONE 10 0.333323
BONE 13 0.666677

VERT 36
OFFSET -2.821394, 5.911430, 3.177977
BONES 2
BONE 10 0.336445
BONE 13 0.663555

VERT 37
OFFSET -5.062122, 6.239244, 3.393663
BONES 2
BONE 10 0.238427
BONE 13 0.761573

VERT 38
OFFSET -2.763856, 5.904617, 1.562093
BONES 2
BONE 10 0.090619
BONE 13 0.909381

VERT 39
OFFSET -2.632960, 5.962698, 1.124069
BONES 2
BONE 10 0.087062
BONE 13 0.912938

VERT 40
OFFSET -2.583312, 5.823257, 0.119722
BONES 2
BONE 10 0.004235
BONE 13 0.995765

VERT 41
OFFSET -4.906094, 5.683062, 4.812321
BONES 2
BONE 10 0.433094
BONE 13 0.566906

VERT 42
OFFSET -3.897834, 6.124467, 4.990108
BONES 4
BONE 5 0.000000
BONE 10 0.532938
BONE 13 0.467062
BONE 15 0.000000

VERT 43
OFFSET -2.980533, 5.247343, 4.584373
BONES 2
BONE 10 0.403273
BONE 13 0.596727

VERT 44
OFFSET -5.582095, -6.317992, 2.807566
BONES 2
BONE 13 0.000687
BONE 18 0.999313

VERT 45
OFFSET -4.435759, -6.647037, 2.795700
BONES 2
BONE 13 0.000657
BONE 18 0.999343

VERT 46
OFFSET -3.688195, -5.255405, 2.817451
BONES 2
BONE 13 0.030492
BONE 18 0.969508

VERT 47
OFFSET -3.377619, -2.997777, 3.094578
BONES 3
BONE 10 0.003269
BONE 13 0.377154
BONE 18 0.619577

VERT 48
OFFSET -6.393497, 0.624768, 2.748948
BONES 3
BONE 10 0.075914
BONE 13 0.876171
BONE 18 0.047915

VERT 49
OFFSET -6.216358, 2.244621, 3.041200
BONES 3
BONE 10 0.218700
BONE 13 0.780624
BONE 18 0.000677

VERT 50
OFFSET -5.811667, 4.509589, 3.365009
BONES 3
BONE 10 0.286425
BONE 13 0.713540
BONE 18 0.000035

VERT 51
OFFSET -3.270558, 0.298605, 1.358469
BONES 3
BONE 10 0.030114
BONE 13 0.898382
BONE 18 0.071504

VERT 52
OFFSET -3.046767, 0.300875, 0.811675
BONES 3
BONE 10 0.014488
BONE 13 0.911053
BONE 18 0.074459

VERT 53
OFFSET -2.963897, 1.747052, 1.462421
BONES 3
BONE 10 0.070673
BONE 13 0.926799
BONE 18 0.002528

VERT 54
OFFSET -2.741425, 1.707581, 0.924917
BONES 3
BONE 10 0.034766
BONE 13 0.964695
BONE 18 0.000539

VERT 55
OFFSET -2.807198, 1.728209, -0.055105
BONES 3
BONE 10 0.005328
BONE 13 0.994620
BONE 18 0.000052

VERT 56
OFFSET -2.309907, 3.495065, 0.977808
BONES 3
BONE 10 0.023779
BONE 13 0.976116
BONE 18 0.000105

VERT 57
OFFSET -2.397563, 3.502462, 1.398134
BONES 3
BONE 10 0.086175
BONE 13 0.913649
BONE 18 0.000176

VERT 58
OFFSET -2.314321, 3.524514, -0.003478
BONES 3
BONE 10 0.004646
BONE 13 0.995343
BONE 18 0.000011

VERT 59
OFFSET -2.380924, 3.502810, 3.025736
BONES 3
BONE 10 0.271758
BONE 13 0.727893
BONE 18 0.000350

VERT 60
OFFSET -2.461605, 1.715885, 2.977171
BONES 3
BONE 10 0.214416
BONE 13 0.781628
BONE 18 0.003956

VERT 61
OFFSET -3.379174, 0.313561, 0.705742
BONES 3
BONE 10 0.007815
BONE 13 0.913009
BONE 18 0.079176

VERT 62
OFFSET -7.210748, -0.350026, 1.113604
BONES 3
BONE 10 0.003673
BONE 13 0.752973
BONE 18 0.243354

VERT 63
OFFSET -7.415399, -0.299742, 0.602814
BONES 3
BONE 10 0.001144
BONE 13 0.710887
BONE 18 0.287969

VERT 64
OFFSET -7.082940, -0.358686, 0.264709
BONES 3
BONE 10 0.000419
BONE 13 0.684262
BONE 18 0.315319

VERT 65
OFFSET -3.137849, -1.199568, 0.255268
BONES 3
BONE 10 0.000819
BONE 13 0.626464
BONE 18 0.372717

VERT 66
OFFSET -2.840170, -1.145103, 0.642939
BONES 3
BONE 10 0.002470
BONE 13 0.650542
BONE 18 0.346988

VERT 67
OFFSET -3.082384, -1.256656, 1.141358
BONES 3
BONE 10 0.005118
BONE 13 0.667810
BONE 18 0.327071

VERT 68
OFFSET -6.654525, 0.961924, 0.620928
BONES 3
BONE 10 0.001161
BONE 13 0.902036
BONE 18 0.096803

VERT 69
OFFSET -6.921729, 0.706361, 1.244531
BONES 3
BONE 10 0.010540
BONE 13 0.892338
BONE 18 0.097122

VERT 70
OFFSET -2.683083, -0.408111, 2.732671
BONES 3
BONE 10 0.086218
BONE 13 0.854077
BONE 18 0.059705

VERT 71
OFFSET -3.257372, 5.130771, 7.447295
BONES 4
BONE 5 0.000005
BONE 10 0.957369
BONE 13 0.042623
BONE 15 0.000003

VERT 72
OFFSET -3.991045, 5.593516, 7.517329
BONES 4
BONE 5 0.000009
BONE 10 0.970584
BONE 13 0.029401
BONE 15 0.000006

VERT 73
OFFSET -4.672724, 5.404463, 7.530173
BONES 4
BONE 5 0.000010
BONE 10 0.983874
BONE 13 0.016109
BONE 15 0.000007

VERT 74
OFFSET -2.718783, 3.729870, 7.576594
BONES 4
BONE 5 0.000031
BONE 10 0.955629
BONE 13 0.044290
BONE 15 0.000050

VERT 75
OFFSET -4.612851, 1.075533, 8.018612
BONES 4
BONE 5 0.000001
BONE 10 0.954748
BONE 13 0.045243
BONE 15 0.000008

VERT 76
OFFSET -4.590208, 0.031483, 5.394894
BONES 3
BONE 10 0.327439
BONE 13 0.665457
BONE 18 0.007104

VERT 77
OFFSET -3.248781, 0.116537, 5.206904
BONES 2
BONE 10 0.480092
BONE 13 0.519908

VERT 78
OFFSET -4.576495, 0.893825, 6.899166
BONES 4
BONE 5 0.000000
BONE 10 0.929329
BONE 13 0.070668
BONE 15 0.000003

VERT 79
OFFSET -3.098562, 1.312132, 6.660959
BONES 4
BONE 5 0.000001
BONE 10 0.869606
BONE 13 0.130390
BONE 15 0.000003

VERT 80
OFFSET -3.280962, -1.217380, 3.723344
BONES 2
BONE 10 0.161522
BONE 13 0.838478

VERT 81
OFFSET -4.749505, -1.181963, 4.372737
BONES 3
BONE 10 0.199226
BONE 13 0.800774
BONE 18 0.000000

VERT 82
OFFSET -4.899689, -2.749231, 3.364486
BONES 3
BONE 10 0.005584
BONE 13 0.454052
BONE 18 0.540365

VERT 83
OFFSET -5.816540, -0.653563, 3.781957
BONES 2
BONE 10 0.099605
BONE 13 0.900395

VERT 84
OFFSET -5.927421, -2.610788, 3.093202
BONES 3
BONE 10 0.002080
BONE 13 0.438249
BONE 18 0.559671

VERT 85
OFFSET -6.736020, -0.613734, 2.432069
BONES 3
BONE 10 0.020442
BONE 13 0.783251
BONE 18 0.196307

VERT 86
OFFSET -6.848359, -2.199726, 2.384011
BONES 3
BONE 10 0.001513
BONE 13 0.465488
BONE 18 0.533000

VERT 87
OFFSET -6.705666, 0.047498, 2.389578
BONES 3
BONE 10 0.033109
BONE 13 0.852910
BONE 18 0.113981

VERT 88
OFFSET -5.033271, -4.734125, 3.071361
BONES 3
BONE 10 0.000009
BONE 13 0.055613
BONE 18 0.944377

VERT 89
OFFSET -5.821671, -4.590313, 2.937253
BONES 3
BONE 10 0.000017
BONE 13 0.058337
BONE 18 0.941646

VERT 90
OFFSET -2.718539, 3.487871, 4.857594
BONES 3
BONE 10 0.413997
BONE 13 0.585881
BONE 18 0.000122

VERT 91
OFFSET -2.567066, 3.504240, 6.148990
BONES 4
BONE 5 0.000003
BONE 10 0.646530
BONE 13 0.353464
BONE 15 0.000003

VERT 92
OFFSET -2.569608, 1.706557, 4.969480
BONES 2
BONE 10 0.594522
BONE 13 0.405478

VERT 93
OFFSET -3.097250, 1.516163, 7.945458
BONES 4
BONE 5 0.000033
BONE 10 0.952066
BONE 13 0.047822
BONE 15 0.000078

VERT 94
OFFSET -2.603970, 0.597756, 2.984828
BONES 3
BONE 10 0.151963
BONE 13 0.826356
BONE 18 0.021681

VERT 95
OFFSET -6.024038, 1.742577, 4.583342
BONES 3
BONE 10 0.340960
BONE 13 0.635096
BONE 18 0.023944

VERT 96
OFFSET -5.683566, 4.134847, 4.786256
BONES 3
BONE 10 0.380977
BONE 13 0.618288
BONE 18 0.000735

VERT 97
OFFSET -5.519888, 3.966710, 5.857747
BONES 3
BONE 10 0.379968
BONE 13 0.619384
BONE 18 0.000647

VERT 98
OFFSET -5.608420, 1.623031, 5.499950
BONES 3
BONE 10 0.331003
BONE 13 0.642322
BONE 18 0.026675

VERT 99
OFFSET -5.555200, 1.917684, 6.805821
BONES 4
BONE 5 0.000000
BONE 10 0.891671
BONE 13 0.108324
BONE 15 0.000005

VERT 100
OFFSET -5.564372, 2.079071, 7.872477
BONES 4
BONE 5 0.000000
BONE 10 0.999701
BONE 13 0.000257
BONE 15 0.000042

VERT 101
OFFSET -5.499346, 3.984329, 6.795939
BONES 3
BONE 10 0.377457
BONE 13 0.622543
BONE 18 0.000000

VERT 102
OFFSET -5.504152, 3.922996, 7.612550
BONES 4
BONE 5 0.000003
BONE 10 0.984839
BONE 13 0.015136
BONE 15 0.000022

VERT 103
OFFSET 7.488955, -1.938225, 1.122962
BONES 3
BONE 9 0.000259
BONE 12 0.448195
BONE 17 0.551546

VERT 104
OFFSET 7.098224, -4.974219, 1.491496
BONES 3
BONE 9 0.000002
BONE 12 0.032049
BONE 17 0.967949

VERT 105
OFFSET 5.881987, -6.962104, 1.930850
BONES 2
BONE 12 0.000005
BONE 17 0.999995

VERT 106
OFFSET 4.458045, -7.231737, 1.938345
BONES 2
BONE 12 0.000028
BONE 17 0.999972

VERT 107
OFFSET 3.183374, -5.884407, 1.479914
BONES 2
BONE 12 0.026756
BONE 17 0.973244

VERT 108
OFFSET 2.746372, -2.999766, 1.098088
BONES 3
BONE 9 0.000338
BONE 12 0.318533
BONE 17 0.681129

VERT 109
OFFSET 6.019509, -7.295871, 1.544025
BONES 2
BONE 12 0.000001
BONE 17 0.999999

VERT 110
OFFSET 7.343013, -5.130590, 1.031410
BONES 3
BONE 9 0.000000
BONE 12 0.026250
BONE 17 0.973750

VERT 111
OFFSET 7.739792, -1.971805, 0.634293
BONES 3
BONE 9 0.000070
BONE 12 0.393153
BONE 17 0.606777

VERT 112
OFFSET 4.460002, -7.591818, 1.532673
BONES 2
BONE 12 0.000000
BONE 17 1.000000

VERT 113
OFFSET 3.010674, -6.115709, 1.024520
BONES 2
BONE 12 0.021425
BONE 17 0.978575

VERT 114
OFFSET 7.455102, -2.033191, 0.297198
BONES 3
BONE 9 0.000029
BONE 12 0.379303
BONE 17 0.620668

VERT 115
OFFSET 7.056729, -5.094707, 0.659415
BONES 2
BONE 12 0.021032
BONE 17 0.978968

VERT 116
OFFSET 5.894783, -7.146501, 1.109368
BONES 2
BONE 12 0.000000
BONE 17 1.000000

VERT 117
OFFSET 4.487319, -7.444611, 1.154124
BONES 1
BONE 17 1.000000

VERT 118
OFFSET 3.244631, -5.997763, 0.676385
BONES 2
BONE 12 0.019176
BONE 17 0.980824

VERT 119
OFFSET 7.093138, 1.026451, 0.819601
BONES 3
BONE 9 0.000901
BONE 12 0.900185
BONE 17 0.098914

VERT 120
OFFSET 6.539801, 2.644448, 1.485154
BONES 3
BONE 9 0.033312
BONE 12 0.965048
BONE 17 0.001641

VERT 121
OFFSET 6.748209, 2.726255, 0.945415
BONES 3
BONE 9 0.002871
BONE 12 0.993316
BONE 17 0.003813

VERT 122
OFFSET 6.154726, 4.871902, 0.094968
BONES 3
BONE 9 0.001822
BONE 12 0.997903
BONE 17 0.000275

VERT 123
OFFSET 6.739431, 2.762070, 0.026575
BONES 3
BONE 9 0.000544
BONE 12 0.996777
BONE 17 0.002679

VERT 124
OFFSET 6.151147, 4.852571, 1.032820
BONES 3
BONE 9 0.006658
BONE 12 0.992920
BONE 17 0.000422

VERT 125
OFFSET 6.008684, 4.793375, 1.466438
BONES 3
BONE 9 0.035640
BONE 12 0.964112
BONE 17 0.000248

VERT 126
OFFSET 2.486250, -3.015971, 0.609738
BONES 3
BONE 9 0.000111
BONE 12 0.296835
BONE 17 0.703053

VERT 127
OFFSET 2.775117, -2.993240, 0.264088
BONES 3
BONE 9 0.000048
BONE 12 0.293305
BONE 17 0.706646

VERT 128
OFFSET 5.270090, 6.252377, 0.165479
BONES 2
BONE 9 0.002349
BONE 12 0.997651

VERT 129
OFFSET 5.337334, 6.214641, 1.153575
BONES 2
BONE 9 0.007126
BONE 12 0.992874

VERT 130
OFFSET 5.261174, 6.061449, 1.543672
BONES 2
BONE 9 0.050498
BONE 12 0.949502

VERT 131
OFFSET 3.907596, 5.925224, 5.630326
BONES 2
BONE 9 0.555289
BONE 12 0.444711

VERT 132
OFFSET 3.273901, 5.229890, 5.901684
BONES 2
BONE 9 0.395729
BONE 12 0.604271

VERT 133
OFFSET 4.607865, 5.500982, 5.596104
BONES 2
BONE 9 0.597438
BONE 12 0.402562

VERT 134
OFFSET 3.821722, 6.619239, 1.138784
BONES 2
BONE 9 0.060625
BONE 12 0.939375

VERT 135
OFFSET 3.909651, 6.512158, 1.545578
BONES 2
BONE 9 0.082544
BONE 12 0.917456

VERT 136
OFFSET 3.800697, 6.559149, 0.187897
BONES 2
BONE 9 0.003556
BONE 12 0.996444

VERT 137
OFFSET 3.920192, 6.517574, 3.378387
BONES 2
BONE 9 0.309721
BONE 12 0.690279

VERT 138
OFFSET 2.821394, 5.911430, 3.177977
BONES 2
BONE 9 0.334975
BONE 12 0.665025

VERT 139
OFFSET 5.062122, 6.239244, 3.393663
BONES 2
BONE 9 0.262274
BONE 12 0.737726

VERT 140
OFFSET 2.763856, 5.904617, 1.562093
BONES 2
BONE 9 0.084776
BONE 12 0.915224

VERT 141
OFFSET 2.632960, 5.962698, 1.124069
BONES 2
BONE 9 0.084776
BONE 12 0.915224

VERT 142
OFFSET 2.583312, 5.823257, 0.119722
BONES 2
BONE 9 0.004235
BONE 12 0.995765

VERT 143
OFFSET 4.906094, 5.683062, 4.812321
BONES 2
BONE 9 0.433094
BONE 12 0.566906

VERT 144
OFFSET 3.897834, 6.124467, 4.990108
BONES 2
BONE 9 0.459114
BONE 12 0.540886

VERT 145
OFFSET 2.980533, 5.247343, 4.584373
BONES 2
BONE 9 0.403273
BONE 12 0.596727

VERT 146
OFFSET 6.580159, -4.632298, 2.525622
BONES 3
BONE 9 0.000016
BONE 12 0.045683
BONE 17 0.954301

VERT 147
OFFSET 5.582095, -6.317992, 2.807566
BONES 2
BONE 12 0.000687
BONE 17 0.999313

VERT 148
OFFSET 4.435759, -6.647037, 2.795700
BONES 2
BONE 12 0.000657
BONE 17 0.999343

VERT 149
OFFSET 3.688195, -5.255405, 2.817451
BONES 2
BONE 12 0.030492
BONE 17 0.969508

VERT 150
OFFSET 6.393497, 0.624768, 2.748948
BONES 3
BONE 9 0.075914
BONE 12 0.876171
BONE 17 0.047915

VERT 151
OFFSET 6.216358, 2.244621, 3.041200
BONES 2
BONE 9 0.262104
BONE 12 0.737896

VERT 152
OFFSET 5.811667, 4.509589, 3.365009
BONES 3
BONE 9 0.286425
BONE 12 0.713540
BONE 17 0.000035

VERT 153
OFFSET 3.270558, 0.298605, 1.358469
BONES 3
BONE 9 0.030114
BONE 12 0.898382
BONE 17 0.071504

VERT 154
OFFSET 3.046767, 0.300875, 0.811675
BONES 3
BONE 9 0.014488
BONE 12 0.911053
BONE 17 0.074459

VERT 155
OFFSET 2.963897, 1.747052, 1.462421
BONES 3
BONE 9 0.070673
BONE 12 0.926799
BONE 17 0.002528

VERT 156
OFFSET 2.741425, 1.707581, 0.924917
BONES 3
BONE 9 0.034766
BONE 12 0.964695
BONE 17 0.000539

VERT 157
OFFSET 2.807198, 1.728209, -0.055105
BONES 3
BONE 9 0.005328
BONE 12 0.994620
BONE 17 0.000052

VERT 158
OFFSET 2.309907, 3.495065, 0.977808
BONES 3
BONE 9 0.023779
BONE 12 0.976116
BONE 17 0.000105

VERT 159
OFFSET 2.397563, 3.502462, 1.398134
BONES 3
BONE 9 0.086175
BONE 12 0.913649
BONE 17 0.000176

VERT 160
OFFSET 2.314321, 3.524514, -0.003478
BONES 3
BONE 9 0.004646
BONE 12 0.995343
BONE 17 0.000011

VERT 161
