// Export filename: 'C:/projects/cod/t5/model_export/cuban/characters/cod7/carlos/c_cub_carlos_battle_fb_LOD3.XMODEL_EXPORT'
// Source filename: 'D:/projects/devart/t5/model_export/cuban/characters/cod7/carlos/_c_cub_carlos_battle.mb'
// Export time: Tue Jul 27 19:46:20 2010
MODEL
VERSION 6

NUMBONES 115
BONE 0 -1 "TAG_ORIGIN"
BONE 1 0 "J_MainRoot"
BONE 2 0 "TAG_AIM"
BONE 3 0 "TAG_SYNC"
BONE 4 1 "J_Hip_LE"
BONE 5 1 "J_Hip_RI"
BONE 6 1 "J_SpineLower"
BONE 7 4 "J_HipTwist_LE"
BONE 8 5 "J_HipTwist_RI"
BONE 9 4 "J_Knee_LE"
BONE 10 5 "J_Knee_RI"
BONE 11 6 "J_SpineUpper"
BONE 12 9 "J_Ankle_LE"
BONE 13 10 "J_Ankle_RI"
BONE 14 9 "J_Knee_Bulge_LE"
BONE 15 10 "J_Knee_Bulge_RI"
BONE 16 11 "J_Spine4"
BONE 17 12 "J_Ball_LE"
BONE 18 13 "J_Ball_RI"
BONE 19 16 "J_Clavicle_LE"
BONE 20 16 "J_Clavicle_RI"
BONE 21 16 "J_Neck"
BONE 22 16 "J_ShoulderRaise_LE"
BONE 23 16 "J_ShoulderRaise_RI"
BONE 24 16 "TAG_INHAND"
BONE 25 16 "TAG_STOWED_BACK"
BONE 26 16 "TAG_WEAPON_CHEST"
BONE 27 21 "J_Head"
BONE 28 19 "J_Shoulder_LE"
BONE 29 20 "J_Shoulder_RI"
BONE 30 27 "J_Bridge"
BONE 31 27 "J_Brow_In_LE"
BONE 32 27 "J_Brow_In_RI"
BONE 33 27 "J_Brow_LE"
BONE 34 27 "J_Brow_Out_LE"
BONE 35 27 "J_Brow_Out_RI"
BONE 36 27 "J_Brow_RI"
BONE 37 27 "J_Cheek_LE"
BONE 38 27 "J_Cheek_RI"
BONE 39 27 "J_CheekPuff_LE"
BONE 40 27 "J_CheekPuff_RI"
BONE 41 27 "J_Chin_SkinRoll"
BONE 42 28 "J_Elbow_Bulge_LE"
BONE 43 29 "J_Elbow_Bulge_RI"
BONE 44 28 "J_Elbow_LE"
BONE 45 29 "J_Elbow_RI"
BONE 46 27 "J_Eye_Lid_Bot_LE"
BONE 47 27 "J_Eye_Lid_Bot_RI"
BONE 48 27 "J_Eye_Lid_Top_LE"
BONE 49 27 "J_Eye_Lid_Top_RI"
BONE 50 27 "J_EyeBall_LE"
BONE 51 27 "J_EyeBall_RI"
BONE 52 27 "J_Forehead_LE"
BONE 53 27 "J_Forehead_RI"
BONE 54 27 "J_Head_END"
BONE 55 27 "J_Jaw"
BONE 56 27 "J_Levator_LE"
BONE 57 27 "J_Levator_RI"
BONE 58 27 "J_Lip_Bot_LE"
BONE 59 27 "J_Lip_Bot_Out_LE"
BONE 60 27 "J_Lip_Bot_Out_RI"
BONE 61 27 "J_Lip_Bot_RI"
BONE 62 27 "J_Lip_Top_LE"
BONE 63 27 "J_Lip_Top_Out_LE"
BONE 64 27 "J_Lip_Top_Out_RI"
BONE 65 27 "J_Lip_Top_RI"
BONE 66 27 "J_Lip_Upper_LE"
BONE 67 27 "J_Lip_Upper_Out_LE"
BONE 68 27 "J_Lip_Upper_Out_RI"
BONE 69 27 "J_Lip_Upper_RI"
BONE 70 27 "J_Mouth_LE"
BONE 71 27 "J_Mouth_RI"
BONE 72 27 "J_Nose_LE"
BONE 73 27 "J_Nose_RI"
BONE 74 28 "J_ShoulderTwist_LE"
BONE 75 29 "J_ShoulderTwist_RI"
BONE 76 27 "TAG_EYE"
BONE 77 54 "J_Helmet"
BONE 78 55 "J_Tongue"
BONE 79 44 "J_Wrist_LE"
BONE 80 45 "J_Wrist_RI"
BONE 81 44 "J_WristTwist_LE"
BONE 82 45 "J_WristTwist_RI"
BONE 83 79 "J_Index_LE_1"
BONE 84 80 "J_Index_RI_1"
BONE 85 79 "J_Mid_LE_1"
BONE 86 80 "J_Mid_RI_1"
BONE 87 79 "J_Pinky_LE_1"
BONE 88 80 "J_Pinky_RI_1"
BONE 89 79 "J_Ring_LE_1"
BONE 90 80 "J_Ring_RI_1"
BONE 91 79 "J_Thumb_LE_1"
BONE 92 80 "J_Thumb_RI_1"
BONE 93 79 "TAG_WEAPON_LEFT"
BONE 94 80 "TAG_WEAPON_RIGHT"
BONE 95 83 "J_Index_LE_2"
BONE 96 84 "J_Index_RI_2"
BONE 97 85 "J_Mid_LE_2"
BONE 98 86 "J_Mid_RI_2"
BONE 99 87 "J_Pinky_LE_2"
BONE 100 88 "J_Pinky_RI_2"
BONE 101 89 "J_Ring_LE_2"
BONE 102 90 "J_Ring_RI_2"
BONE 103 91 "J_Thumb_LE_2"
BONE 104 92 "J_Thumb_RI_2"
BONE 105 95 "J_Index_LE_3"
BONE 106 96 "J_Index_RI_3"
BONE 107 97 "J_Mid_LE_3"
BONE 108 98 "J_Mid_RI_3"
BONE 109 99 "J_Pinky_LE_3"
BONE 110 100 "J_Pinky_RI_3"
BONE 111 101 "J_Ring_LE_3"
BONE 112 102 "J_Ring_RI_3"
BONE 113 103 "J_Thumb_LE_3"
BONE 114 104 "J_Thumb_RI_3"

BONE 0
OFFSET 0.000002, -2.222000, 0.000042
SCALE 1.000000, 1.000000, 1.000000
X -0.000000, -1.000000, -0.000001
Y 1.000000, -0.000000, 0.000000
Z -0.000000, -0.000001, 1.000000

BONE 1
OFFSET 0.000082, 1.218927, 37.228020
SCALE 1.000000, 1.000000, 1.000000
X 0.000005, 0.024825, 0.999692
Y 0.000006, -0.999692, 0.024825
Z 1.000000, 0.000006, -0.000005

BONE 2
OFFSET 0.000002, -2.222055, 55.000042
SCALE 1.000000, 1.000000, 1.000000
X -0.000000, -1.000000, -0.000003
Y 1.000000, -0.000000, -0.000000
Z -0.000000, -0.000003, 1.000000

BONE 3
OFFSET 0.000002, -2.219720, 0.000042
SCALE 1.000000, 1.000000, 1.000000
X -0.000000, -1.000000, -0.000003
Y 1.000000, -0.000000, 0.000000
Z -0.000000, -0.000003, 1.000000

BONE 4
OFFSET 4.865472, 1.218951, 37.228016
SCALE 1.000000, 1.000000, 1.000000
X -0.008941, 0.033879, -0.999386
Y -0.004877, -0.999415, -0.033837
Z -0.999948, 0.004571, 0.009101

BONE 5
OFFSET -4.865293, 1.218927, 37.227978
SCALE 1.000000, 1.000000, 1.000000
X -0.008909, -0.033842, 0.999388
Y -0.004870, 0.999417, 0.033800
Z -0.999948, -0.004566, -0.009069

BONE 6
OFFSET 0.000089, 1.148792, 42.432632
SCALE 1.000000, 1.000000, 1.000000
X 0.000001, 0.029870, 0.999554
Y -0.000002, -0.999554, 0.029870
Z 1.000000, -0.000002, -0.000001

BONE 7
OFFSET 4.837310, 1.325658, 34.080341
SCALE 1.000000, 1.000000, 1.000000
X -0.008941, 0.033879, -0.999386
Y -0.004864, -0.999416, -0.033837
Z -0.999948, 0.004558, 0.009101

BONE 8
OFFSET -4.837236, 1.325506, 34.080624
SCALE 1.000000, 1.000000, 1.000000
X -0.008909, -0.033842, 0.999388
Y -0.004874, 0.999417, 0.033800
Z -0.999948, -0.004570, -0.009069

BONE 9
OFFSET 4.708874, 1.812570, 19.727123
SCALE 1.000000, 1.000000, 1.000000
X -0.008203, 0.166937, -0.985933
Y -0.006021, -0.985957, -0.166891
Z -0.999948, 0.004567, 0.009093

BONE 10
OFFSET -4.708568, 1.812141, 19.727461
SCALE 1.000000, 1.000000, 1.000000
X -0.008167, -0.166975, 0.985927
Y -0.006022, 0.985950, 0.166929
Z -0.999949, -0.004574, -0.009057

BONE 11
OFFSET 0.000094, 1.131313, 47.652164
SCALE 1.000000, 1.000000, 1.000000
X 0.000003, -0.020406, 0.999792
Y 0.000005, -0.999792, -0.020406
Z 1.000000, 0.000006, -0.000003

BONE 12
OFFSET 4.584381, 4.343949, 4.776942
SCALE 1.000000, 1.000000, 1.000000
X -0.000000, -0.008729, -0.999962
Y 0.016577, -0.999824, 0.008728
Z -0.999863, -0.016577, 0.000145

BONE 13
OFFSET -4.584069, 4.344151, 4.777238
SCALE 1.000000, 1.000000, 1.000000
X 0.000009, 0.008730, 0.999962
Y 0.016581, 0.999824, -0.008729
Z -0.999862, 0.016581, -0.000136

BONE 14
OFFSET 4.700433, -0.061928, 19.740456
SCALE 1.000000, 1.000000, 1.000000
X -0.000006, 0.029848, 0.999554
Y -0.000002, -0.999554, 0.029848
Z 1.000000, -0.000002, 0.000006

BONE 15
OFFSET -4.688321, -0.066477, 19.765478
SCALE 1.000000, 1.000000, 1.000000
X -0.000042, -0.029855, -0.999554
Y -0.000010, 0.999554, -0.029855
Z 1.000000, 0.000009, -0.000042

BONE 16
OFFSET 0.000090, 1.067745, 51.758411
SCALE 1.000000, 1.000000, 1.000000
X 0.000002, -0.047080, 0.998891
Y 0.000010, -0.998891, -0.047080
Z 1.000000, 0.000011, -0.000001

BONE 17
OFFSET 4.746620, -1.234840, 0.330913
SCALE 1.000000, 1.000000, 1.000000
X 0.016342, -0.983115, 0.182258
Y -0.002855, 0.182235, 0.983251
Z -0.999862, -0.016588, 0.000171

BONE 18
OFFSET -4.746290, -1.234591, 0.331138
SCALE 1.000000, 1.000000, 1.000000
X 0.016296, 0.983125, -0.182210
Y -0.002898, -0.182187, -0.983260
Z -0.999863, 0.016551, -0.000120

BONE 19
OFFSET 1.356609, 1.015539, 56.400341
SCALE 1.000000, 1.000000, 1.000000
X 0.997183, -0.019399, 0.072449
Y 0.018071, 0.999657, 0.018947
Z -0.072792, -0.017584, 0.997192

BONE 20
OFFSET -1.356719, 1.015542, 56.400444
SCALE 1.000000, 1.000000, 1.000000
X 0.997186, 0.019411, -0.072414
Y 0.018084, -0.999657, -0.018932
Z -0.072757, 0.017569, -0.997195

BONE 21
OFFSET 0.000058, 0.503915, 60.542107
SCALE 1.000000, 1.000000, 1.000000
X 0.000005, -0.309757, 0.950816
Y 0.000009, -0.950816, -0.309757
Z 1.000000, 0.000010, -0.000002

BONE 22
OFFSET 4.025334, 0.920922, 58.859638
SCALE 1.000000, 1.000000, 1.000000
X -0.997186, 0.019392, -0.072414
Y -0.018067, -0.999658, -0.018910
Z -0.072756, -0.017549, 0.997195

BONE 23
OFFSET -4.025115, 0.920835, 58.859825
SCALE 1.000000, 1.000000, 1.000000
X -0.997185, -0.019413, 0.072417
Y -0.018088, 0.999658, 0.018910
Z -0.072759, 0.017547, -0.997195

BONE 24
OFFSET -28.519920, -12.713210, 38.935009
SCALE 1.000000, 1.000000, 1.000000
X 1.000000, 0.000011, -0.000001
Y 0.000007, -0.764281, -0.644884
Z -0.000008, 0.644884, -0.764281

BONE 25
OFFSET -2.862698, 8.918896, 43.388451
SCALE 1.000000, 1.000000, 1.000000
X -0.385465, 0.062998, -0.920569
Y 0.145812, -0.980972, -0.128187
Z -0.911129, -0.183642, 0.368945

BONE 26
OFFSET -28.519920, -12.713210, 38.935009
SCALE 1.000000, 1.000000, 1.000000
X 0.000011, -1.000000, 0.000001
Y 1.000000, 0.000011, -0.000001
Z 0.000001, 0.000001, 1.000000

BONE 27
OFFSET 0.000057, -0.306903, 63.520969
SCALE 1.000000, 1.000000, 1.000000
X -0.000007, -0.216434, 0.976297
Y 0.000005, -0.976297, -0.216434
Z 1.000000, 0.000004, 0.000008

BONE 28
OFFSET 7.725458, 0.891629, 56.863182
SCALE 1.000000, 1.000000, 1.000000
X 0.662981, -0.260696, -0.701779
Y 0.273873, 0.956889, -0.096732
Z 0.696743, -0.128067, 0.705796

BONE 29
OFFSET -7.725506, 0.891564, 56.862965
SCALE 1.000000, 1.000000, 1.000000
X 0.662960, 0.260726, 0.701788
Y 0.273916, -0.956876, 0.096734
Z 0.696745, 0.128101, -0.705788

BONE 30
OFFSET 0.000058, -5.579741, 66.163139
SCALE 1.000000, 1.000000, 1.000000
X 1.000000, 0.000000, 0.000000
Y 0.000000, -0.000000, 1.000000
Z 0.000000, -1.000000, -0.000000

BONE 31
OFFSET 0.612761, -5.424249, 66.639923
SCALE 1.000000, 1.000000, 1.000000
X 1.000000, 0.000000, 0.000000
Y 0.000000, -0.000000, 1.000000
Z 0.000000, -1.000000, -0.000000

BONE 32
OFFSET -0.538940, -5.484427, 66.604645
SCALE 1.000000, 1.000000, 1.000000
X 1.000000, 0.000000, 0.000000
Y 0.000000, -0.000000, 1.000000
Z 0.000000, -1.000000, -0.000000

BONE 33
OFFSET 1.467079, -5.139717, 66.790268
SCALE 1.000000, 1.000000, 1.000000
X 1.000000, 0.000000, 0.000000
Y 0.000000, -0.000000, 1.000000
Z 0.000000, -1.000000, -0.000000

BONE 34
OFFSET 2.207515, -4.367161, 66.567085
SCALE 1.000000, 1.000000, 1.000000
X 1.000000, 0.000000, 0.000000
Y 0.000000, -0.000000, 1.000000
Z 0.000000, -1.000000, -0.000000

BONE 35
OFFSET -2.215490, -4.371526, 66.563538
SCALE 1.000000, 1.000000, 1.000000
X 1.000000, 0.000000, 0.000000
Y 0.000000, -0.000000, 1.000000
Z 0.000000, -1.000000, -0.000000

BONE 36
OFFSET -1.459351, -5.145739, 66.776665
SCALE 1.000000, 1.000000, 1.000000
X 1.000000, 0.000000, 0.000000
Y 0.000000, -0.000000, 1.000000
Z 0.000000, -1.000000, -0.000000

BONE 37
OFFSET 1.934092, -4.396147, 65.071800
SCALE 1.000000, 1.000000, 1.000000
X 1.000000, 0.000000, 0.000000
Y 0.000000, -0.000000, 1.000000
Z 0.000000, -1.000000, -0.000000

BONE 38
OFFSET -1.934148, -4.391707, 65.071419
SCALE 1.000000, 1.000000, 1.000000
X 1.000000, 0.000000, 0.000000
Y 0.000000, -0.000000, 1.000000
Z 0.000000, -1.000000, -0.000000

BONE 39
OFFSET 2.024215, -3.825949, 63.008926
SCALE 1.000000, 1.000000, 1.000000
X 1.000000, 0.000000, 0.000000
Y 0.000000, -0.000000, 1.000000
Z 0.000000, -1.000000, -0.000000

BONE 40
OFFSET -2.033856, -3.827359, 63.008778
SCALE 1.000000, 1.000000, 1.000000
X 1.000000, 0.000000, 0.000000
Y 0.000000, -0.000000, 1.000000
Z 0.000000, -1.000000, -0.000000

BONE 41
OFFSET 0.000055, -5.242019, 62.342949
SCALE 1.000000, 1.000000, 1.000000
X 1.000000, 0.000000, 0.000000
Y 0.000000, -0.000000, 1.000000
Z 0.000000, -1.000000, -0.000000

BONE 42
OFFSET 15.846270, -1.632336, 48.642548
SCALE 1.000000, 1.000000, 1.000000
X 0.294563, -0.846066, -0.444303
Y 0.654051, 0.517466, -0.551767
Z 0.696743, -0.128067, 0.705796

BONE 43
OFFSET -15.846113, -1.632834, 48.642265
SCALE 1.000000, 1.000000, 1.000000
X 0.294518, 0.846079, 0.444308
Y 0.654068, -0.517437, 0.551773
Z 0.696745, 0.128101, -0.705788

BONE 44
OFFSET 15.742274, -1.805675, 48.713013
SCALE 1.000000, 1.000000, 1.000000
X 0.294845, -0.845858, -0.444512
Y 0.653923, 0.517813, -0.551593
Z 0.696743, -0.128042, 0.705801

BONE 45
OFFSET -15.742270, -1.806072, 48.712933
SCALE 1.000000, 1.000000, 1.000000
X 0.294819, 0.845861, 0.444523
Y 0.653933, -0.517800, 0.551592
Z 0.696745, 0.128069, -0.705794

BONE 46
OFFSET 1.252019, -4.390342, 66.080551
SCALE 1.000000, 1.000000, 1.000000
X 1.000000, 0.000000, 0.000000
Y 0.000000, -0.000000, 1.000000
Z 0.000000, -1.000000, -0.000000

BONE 47
OFFSET -1.252073, -4.341589, 66.091354
SCALE 1.000000, 1.000000, 1.000000
X 1.000000, 0.000000, 0.000000
Y 0.000000, -0.000000, 1.000000
Z 0.000000, -1.000000, -0.000000

BONE 48
OFFSET 1.252019, -4.390342, 66.080551
SCALE 1.000000, 1.000000, 1.000000
X 1.000000, 0.000000, 0.000000
Y 0.000000, -0.000000, 1.000000
Z 0.000000, -1.000000, -0.000000

BONE 49
OFFSET -1.252073, -4.341589, 66.091354
SCALE 1.000000, 1.000000, 1.000000
X 1.000000, 0.000000, 0.000000
Y 0.000000, -0.000000, 1.000000
Z 0.000000, -1.000000, -0.000000

BONE 50
OFFSET 1.166985, -3.999434, 66.167206
SCALE 1.000000, 1.000000, 1.000000
X 1.000000, 0.000000, 0.000000
Y 0.000000, -0.000000, 1.000000
Z 0.000000, -1.000000, -0.000000

BONE 51
OFFSET -1.166984, -3.999433, 66.167206
SCALE 1.000000, 1.000000, 1.000000
X 1.000000, 0.000000, 0.000000
Y 0.000000, -0.000000, 1.000000
Z 0.000000, -1.000000, -0.000000

BONE 52
OFFSET 1.016186, -5.125915, 67.626106
SCALE 1.000000, 1.000000, 1.000000
X 1.000000, 0.000000, 0.000000
Y 0.000000, -0.000000, 1.000000
Z 0.000000, -1.000000, -0.000000

BONE 53
OFFSET -1.018689, -5.127823, 67.627220
SCALE 1.000000, 1.000000, 1.000000
X 1.000000, 0.000000, 0.000000
Y 0.000000, -0.000000, 1.000000
Z 0.000000, -1.000000, -0.000000

BONE 54
OFFSET -0.000527, -1.399727, 69.807846
SCALE 1.000000, 1.000000, 1.000000
X -0.000007, -0.216434, 0.976297
Y 0.000005, -0.976297, -0.216434
Z 1.000000, 0.000004, 0.000008

BONE 55
OFFSET 0.000053, -1.326648, 63.786865
SCALE 1.000000, 1.000000, 1.000000
X 1.000000, 0.000000, 0.000000
Y 0.000000, -0.000000, 1.000000
Z 0.000000, -1.000000, -0.000000

BONE 56
OFFSET 0.743366, -5.088260, 64.562698
SCALE 1.000000, 1.000000, 1.000000
X 1.000000, 0.000000, 0.000000
Y 0.000000, -0.000000, 1.000000
Z 0.000000, -1.000000, -0.000000

BONE 57
OFFSET -0.752090, -5.115628, 64.571159
SCALE 1.000000, 1.000000, 1.000000
X 1.000000, 0.000000, 0.000000
Y 0.000000, -0.000000, 1.000000
Z 0.000000, -1.000000, -0.000000

BONE 58
OFFSET 0.202095, -5.431542, 63.070473
SCALE 1.000000, 1.000000, 1.000000
X 1.000000, 0.000000, 0.000000
Y 0.000000, -0.000000, 1.000000
Z 0.000000, -1.000000, -0.000000

BONE 59
OFFSET 0.739410, -5.234313, 63.065495
SCALE 1.000000, 1.000000, 1.000000
X 1.000000, 0.000000, 0.000000
Y 0.000000, -0.000000, 1.000000
Z 0.000000, -1.000000, -0.000000

BONE 60
OFFSET -0.741825, -5.235659, 63.064377
SCALE 1.000000, 1.000000, 1.000000
X 1.000000, 0.000000, 0.000000
Y 0.000000, -0.000000, 1.000000
Z 0.000000, -1.000000, -0.000000

BONE 61
OFFSET -0.203777, -5.431927, 63.070667
SCALE 1.000000, 1.000000, 1.000000
X 1.000000, 0.000000, 0.000000
Y 0.000000, -0.000000, 1.000000
Z 0.000000, -1.000000, -0.000000

BONE 62
OFFSET 0.189609, -5.527634, 63.294468
SCALE 1.000000, 1.000000, 1.000000
X 1.000000, 0.000000, 0.000000
Y 0.000000, -0.000000, 1.000000
Z 0.000000, -1.000000, -0.000000

BONE 63
OFFSET 0.691339, -5.328471, 63.281456
SCALE 1.000000, 1.000000, 1.000000
X 1.000000, 0.000000, 0.000000
Y 0.000000, -0.000000, 1.000000
Z 0.000000, -1.000000, -0.000000

BONE 64
OFFSET -0.695793, -5.328906, 63.273006
SCALE 1.000000, 1.000000, 1.000000
X 1.000000, 0.000000, 0.000000
Y 0.000000, -0.000000, 1.000000
Z 0.000000, -1.000000, -0.000000

BONE 65
OFFSET -0.196624, -5.528613, 63.293785
SCALE 1.000000, 1.000000, 1.000000
X 1.000000, 0.000000, 0.000000
Y 0.000000, -0.000000, 1.000000
Z 0.000000, -1.000000, -0.000000

BONE 66
OFFSET 0.500683, -5.673804, 63.772980
SCALE 1.000000, 1.000000, 1.000000
X 1.000000, 0.000000, 0.000000
Y 0.000000, -0.000000, 1.000000
Z 0.000000, -1.000000, -0.000000

BONE 67
OFFSET 1.363424, -4.875621, 63.803410
SCALE 1.000000, 1.000000, 1.000000
X 1.000000, 0.000000, 0.000000
Y 0.000000, -0.000000, 1.000000
Z 0.000000, -1.000000, -0.000000

BONE 68
OFFSET -1.368907, -4.870885, 63.803917
SCALE 1.000000, 1.000000, 1.000000
X 1.000000, 0.000000, 0.000000
Y 0.000000, -0.000000, 1.000000
Z 0.000000, -1.000000, -0.000000

BONE 69
OFFSET -0.498022, -5.668157, 63.771992
SCALE 1.000000, 1.000000, 1.000000
X 1.000000, 0.000000, 0.000000
Y 0.000000, -0.000000, 1.000000
Z 0.000000, -1.000000, -0.000000

BONE 70
OFFSET 1.173245, -4.922543, 63.148666
SCALE 1.000000, 1.000000, 1.000000
X 1.000000, 0.000000, 0.000000
Y 0.000000, -0.000000, 1.000000
Z 0.000000, -1.000000, -0.000000

BONE 71
OFFSET -1.162777, -4.922101, 63.139900
SCALE 1.000000, 1.000000, 1.000000
X 1.000000, 0.000000, 0.000000
Y 0.000000, -0.000000, 1.000000
Z 0.000000, -1.000000, -0.000000

BONE 72
OFFSET 0.611796, -5.175572, 65.388580
SCALE 1.000000, 1.000000, 1.000000
X 1.000000, 0.000000, 0.000000
Y 0.000000, -0.000000, 1.000000
Z 0.000000, -1.000000, -0.000000

BONE 73
OFFSET -0.606207, -5.172341, 65.386032
SCALE 1.000000, 1.000000, 1.000000
X 1.000000, 0.000000, 0.000000
Y 0.000000, -0.000000, 1.000000
Z 0.000000, -1.000000, -0.000000

BONE 74
OFFSET 8.032188, 0.771017, 56.538502
SCALE 1.000000, 1.000000, 1.000000
X 0.662981, -0.260696, -0.701779
Y 0.273875, 0.956889, -0.096730
Z 0.696742, -0.128070, 0.705797

BONE 75
OFFSET -8.001591, 0.782987, 56.570709
SCALE 1.000000, 1.000000, 1.000000
X 0.662960, 0.260726, 0.701788
Y 0.273908, -0.956878, 0.096742
Z 0.696748, 0.128089, -0.705787

BONE 76
OFFSET 0.000049, -4.334190, 66.322540
SCALE 1.000000, 1.000000, 1.000000
X 0.000001, -0.939691, 0.342026
Y 1.000000, 0.000004, 0.000007
Z -0.000008, 0.342026, 0.939691

BONE 77
OFFSET -0.000540, -0.362329, 71.243195
SCALE 1.000000, 1.000000, 1.000000
X 0.000005, -0.999048, 0.043625
Y 1.000000, 0.000005, 0.000005
Z -0.000005, 0.043625, 0.999048

BONE 78
OFFSET 0.000055, -4.018939, 63.496307
SCALE 1.000000, 1.000000, 1.000000
X 1.000000, 0.000000, 0.000000
Y 0.000000, -0.000000, 1.000000
Z 0.000000, -1.000000, -0.000000

BONE 79
OFFSET 18.585669, -10.419226, 44.089733
SCALE 1.000000, 1.000000, 1.000000
X 0.299004, -0.782064, -0.546784
Y -0.792522, 0.115636, -0.598779
Z 0.531512, 0.612376, -0.585227

BONE 80
OFFSET -18.585567, -10.419399, 44.089657
SCALE 1.000000, 1.000000, 1.000000
X 0.299011, 0.782058, 0.546788
Y -0.792524, -0.115633, 0.598778
Z 0.531506, -0.612384, 0.585224

BONE 81
OFFSET 17.753496, -7.897926, 45.442410
SCALE 1.000000, 1.000000, 1.000000
X 0.294846, -0.845857, -0.444513
Y 0.653930, 0.517812, -0.551585
Z 0.696736, -0.128048, 0.705806

BONE 82
OFFSET -17.753546, -7.898361, 45.442448
SCALE 1.000000, 1.000000, 1.000000
X 0.294819, 0.845861, 0.444523
Y 0.653933, -0.517800, 0.551592
Z 0.696745, 0.128069, -0.705794

BONE 83
OFFSET 18.943596, -14.118733, 43.296165
SCALE 1.000000, 1.000000, 1.000000
X 0.252533, -0.921880, -0.293878
Y -0.670074, 0.052482, -0.740436
Z 0.698017, 0.383905, -0.604475

BONE 84
OFFSET -18.943485, -14.118932, 43.296089
SCALE 1.000000, 1.000000, 1.000000
X 0.252692, 0.921873, 0.293763
Y -0.670040, -0.052297, 0.740480
Z 0.697992, -0.383946, 0.604477

BONE 85
OFFSET 19.641989, -13.608097, 42.701954
SCALE 1.000000, 1.000000, 1.000000
X 0.066843, -0.793765, -0.604540
Y -0.837155, 0.285040, -0.466823
Z 0.542866, 0.537298, -0.645452

BONE 86
OFFSET -19.641909, -13.608223, 42.701809
SCALE 1.000000, 1.000000, 1.000000
X 0.066887, 0.793771, 0.604528
Y -0.837171, -0.284987, 0.466827
Z 0.542836, -0.537317, 0.645460

BONE 87
OFFSET 20.410118, -12.159682, 41.480377
SCALE 1.000000, 1.000000, 1.000000
X -0.099274, -0.722106, -0.684623
Y -0.848031, 0.421335, -0.321434
Z 0.520565, 0.548671, -0.654195

BONE 88
OFFSET -20.410091, -12.159837, 41.480251
SCALE 1.000000, 1.000000, 1.000000
X -0.099304, 0.722089, 0.684635
Y -0.848020, -0.421369, 0.321418
Z 0.520577, -0.548666, 0.654190

BONE 89
OFFSET 20.114302, -12.876246, 42.061901
SCALE 1.000000, 1.000000, 1.000000
X -0.006006, -0.738898, -0.673791
Y -0.878970, 0.325202, -0.348791
Z 0.476839, 0.590147, -0.651422

BONE 90
OFFSET -20.114208, -12.876396, 42.061890
SCALE 1.000000, 1.000000, 1.000000
X -0.005979, 0.738908, 0.673780
Y -0.878978, -0.325169, 0.348801
Z 0.476825, -0.590152, 0.651428

BONE 91
OFFSET 18.473015, -11.541899, 44.177650
SCALE 1.000000, 1.000000, 1.000000
X -0.766327, -0.594301, -0.244027
Y 0.525231, -0.360813, -0.770679
Z 0.369968, -0.718763, 0.588646

BONE 92
OFFSET -18.472874, -11.542074, 44.177635
SCALE 1.000000, 1.000000, 1.000000
X -0.766329, 0.594294, 0.244036
Y 0.525229, 0.360803, 0.770685
Z 0.369965, 0.718773, -0.588635

BONE 93
OFFSET -28.519896, -12.719981, 38.932270
SCALE 1.000000, 1.000000, 1.000000
X 0.000190, -1.000000, -0.000189
Y 1.000000, 0.000190, 0.000053
Z -0.000053, -0.000189, 1.000000

BONE 94
OFFSET -28.520119, -12.709172, 38.935143
SCALE 1.000000, 1.000000, 1.000000
X -0.000199, -1.000000, -0.000195
Y 0.998877, -0.000190, -0.047381
Z 0.047381, -0.000205, 0.998877

BONE 95
OFFSET 19.335176, -15.548034, 42.840546
SCALE 1.000000, 1.000000, 1.000000
X -0.305493, -0.603804, -0.736271
Y -0.647669, 0.698577, -0.304162
Z 0.697997, 0.383940, -0.604476

BONE 96
OFFSET -19.335234, -15.548249, 42.840523
SCALE 1.000000, 1.000000, 1.000000
X -0.305842, 0.603512, 0.736365
Y -0.647460, -0.698892, 0.303884
Z 0.698038, -0.383827, 0.604500

BONE 97
OFFSET 19.766018, -15.080857, 41.580357
SCALE 1.000000, 1.000000, 1.000000
X -0.742584, -0.051931, -0.667737
Y -0.392291, 0.841795, 0.370795
Z 0.542841, 0.537294, -0.645475

BONE 98
OFFSET -19.765930, -15.081016, 41.579948
SCALE 1.000000, 1.000000, 1.000000
X -0.742558, 0.051921, 0.667766
Y -0.392315, -0.841780, -0.370804
Z 0.542860, -0.537318, 0.645439

BONE 99
OFFSET 20.291075, -13.025280, 40.659801
SCALE 1.000000, 1.000000, 1.000000
X -0.734217, -0.103408, -0.670993
Y -0.435791, 0.829631, 0.348997
Z 0.520587, 0.548653, -0.654194

BONE 100
OFFSET -20.291012, -13.025424, 40.659672
SCALE 1.000000, 1.000000, 1.000000
X -0.734208, 0.103424, 0.671001
Y -0.435814, -0.829619, -0.348996
Z 0.520581, -0.548667, 0.654187

BONE 101
OFFSET 20.104219, -14.119193, 40.928596
SCALE 1.000000, 1.000000, 1.000000
X -0.750598, -0.112264, -0.651152
Y -0.457408, 0.799450, 0.389433
Z 0.476844, 0.590150, -0.651416

BONE 102
OFFSET -20.104130, -14.119358, 40.928261
SCALE 1.000000, 1.000000, 1.000000
X -0.750602, 0.112272, 0.651146
Y -0.457410, -0.799450, -0.389431
Z 0.476836, -0.590148, 0.651423

BONE 103
OFFSET 16.629330, -12.971684, 43.590553
SCALE 1.000000, 1.000000, 1.000000
X -0.513767, -0.686190, -0.514963
Y 0.774059, -0.111908, -0.623144
Z 0.369966, -0.718763, 0.588646

BONE 104
OFFSET -16.629194, -12.971821, 43.590179
SCALE 1.000000, 1.000000, 1.000000
X -0.513765, 0.686181, 0.514977
Y 0.774059, 0.111890, 0.623148
Z 0.369972, 0.718774, -0.588629

BONE 105
OFFSET 19.038221, -16.134914, 42.125023
SCALE 1.000000, 1.000000, 1.000000
X -0.554097, -0.245160, -0.795533
Y -0.453622, 0.890222, 0.041612
Z 0.698000, 0.383929, -0.604479

BONE 106
OFFSET -19.037983, -16.134798, 42.125008
SCALE 1.000000, 1.000000, 1.000000
X -0.553871, 0.245483, 0.795591
Y -0.453788, -0.890154, -0.041256
Z 0.698071, -0.383880, 0.604428

BONE 107
OFFSET 18.948034, -15.138112, 40.844826
SCALE 1.000000, 1.000000, 1.000000
X -0.836744, 0.280258, -0.470441
Y -0.071875, 0.795463, 0.601724
Z 0.542857, 0.537302, -0.645456

BONE 108
OFFSET -18.947971, -15.138271, 40.844528
SCALE 1.000000, 1.000000, 1.000000
X -0.836742, -0.280254, 0.470448
Y -0.071886, -0.795461, -0.601726
Z 0.542859, -0.537308, 0.645449

BONE 109
OFFSET 19.784019, -13.096679, 40.196491
SCALE 1.000000, 1.000000, 1.000000
X -0.853803, 0.339164, -0.394953
Y 0.005198, 0.764171, 0.644992
Z 0.520570, 0.548643, -0.654215

BONE 110
OFFSET -19.783998, -13.096812, 40.196270
SCALE 1.000000, 1.000000, 1.000000
X -0.853799, -0.339166, 0.394959
Y 0.005186, -0.764161, -0.645004
Z 0.520576, -0.548656, 0.654199

BONE 111
OFFSET 19.396437, -14.225060, 40.314682
SCALE 1.000000, 1.000000, 1.000000
X -0.861545, 0.166924, -0.479454
Y -0.174209, 0.789854, 0.588033
Z 0.476856, 0.590142, -0.651415

BONE 112
OFFSET -19.396343, -14.225204, 40.314499
SCALE 1.000000, 1.000000, 1.000000
X -0.861557, -0.166916, 0.479436
Y -0.174209, -0.789846, -0.588043
Z 0.476834, -0.590155, 0.651419

BONE 113
OFFSET 16.015608, -13.791351, 42.975456
SCALE 1.000000, 1.000000, 1.000000
X -0.178188, -0.676734, -0.714339
Y 0.911796, 0.159395, -0.378446
Z 0.369969, -0.718766, 0.588641

BONE 114
OFFSET -16.015455, -13.791477, 42.975048
SCALE 1.000000, 1.000000, 1.000000
X -0.178183, 0.676724, 0.714350
Y 0.911791, -0.159415, 0.378450
Z 0.369984, 0.718771, -0.588626

NUMVERTS 1015
VERT 0
OFFSET -6.839192, -4.803258, 2.008559
BONES 3
BONE 10 0.000008
BONE 13 0.035045
BONE 18 0.964947

VERT 1
OFFSET -5.957146, -7.221186, 1.326697
BONES 2
BONE 13 0.000000
BONE 18 1.000000

VERT 2
OFFSET -7.199871, -5.112648, 0.845412
BONES 3
BONE 10 0.000000
BONE 13 0.024657
BONE 18 0.975343

VERT 3
OFFSET -4.473660, -7.518214, 1.343399
BONES 1
BONE 18 1.000000

VERT 4
OFFSET -3.127653, -6.056736, 0.850452
BONES 2
BONE 13 0.020867
BONE 18 0.979133

VERT 5
OFFSET -7.329473, -0.835006, 0.521379
BONES 3
BONE 10 0.000498
BONE 13 0.615758
BONE 18 0.383743

VERT 6
OFFSET -6.539801, 2.644448, 1.485154
BONES 3
BONE 10 0.033312
BONE 13 0.965048
BONE 18 0.001641

VERT 7
OFFSET -6.743820, 2.744162, 0.485995
BONES 3
BONE 10 0.001708
BONE 13 0.995046
BONE 18 0.003246

VERT 8
OFFSET -5.728324, 5.547873, 0.611711
BONES 3
BONE 10 0.004300
BONE 13 0.995699
BONE 18 0.000001

VERT 9
OFFSET -5.634929, 5.427413, 1.505055
BONES 3
BONE 10 0.046092
BONE 13 0.953907
BONE 18 0.000001

VERT 10
OFFSET -3.909651, 6.512158, 1.545578
BONES 2
BONE 10 0.071238
BONE 13 0.928762

VERT 11
OFFSET -3.811209, 6.589194, 0.663341
BONES 2
BONE 10 0.040170
BONE 13 0.959830

VERT 12
OFFSET -2.460125, 4.701384, 0.554530
BONES 2
BONE 10 0.023009
BONE 13 0.976991

VERT 13
OFFSET -5.732041, -6.640049, 2.369208
BONES 2
BONE 13 0.000337
BONE 18 0.999663

VERT 14
OFFSET -4.446902, -6.939387, 2.367023
BONES 2
BONE 13 0.000243
BONE 18 0.999757

VERT 15
OFFSET -3.435785, -5.569906, 2.148682
BONES 2
BONE 13 0.031411
BONE 18 0.968589

VERT 16
OFFSET -3.051455, -1.731801, 2.174144
BONES 3
BONE 10 0.013002
BONE 13 0.604170
BONE 18 0.382828

VERT 17
OFFSET -2.826975, 0.048773, 0.236191
BONES 3
BONE 10 0.010337
BONE 13 0.847712
BONE 18 0.141951

VERT 18
OFFSET -2.580710, 4.703540, 1.480113
BONES 3
BONE 10 0.086466
BONE 13 0.913529
BONE 18 0.000005

VERT 19
OFFSET -2.768852, 4.552974, 4.772204
BONES 2
BONE 10 0.415349
BONE 13 0.584651

VERT 20
OFFSET -7.031098, -1.060725, 1.774216
BONES 3
BONE 10 0.005070
BONE 13 0.675751
BONE 18 0.319179

VERT 21
OFFSET -3.933536, 6.163377, 4.896080
BONES 3
BONE 5 0.000000
BONE 10 0.519369
BONE 13 0.480631

VERT 22
OFFSET -5.284753, 5.059042, 4.927604
BONES 2
BONE 10 0.403537
BONE 13 0.596463

VERT 23
OFFSET -4.598101, 0.769094, 7.082821
BONES 4
BONE 5 0.000000
BONE 10 0.932902
BONE 13 0.067095
BONE 15 0.000004

VERT 24
OFFSET -4.824597, -1.965597, 3.868612
BONES 3
BONE 10 0.075405
BONE 13 0.649583
BONE 18 0.275012

VERT 25
OFFSET -6.016220, -1.312593, 3.179327
BONES 3
BONE 10 0.043592
BONE 13 0.717688
BONE 18 0.238719

VERT 26
OFFSET -5.033271, -4.734125, 3.071361
BONES 3
BONE 10 0.000009
BONE 13 0.055613
BONE 18 0.944377

VERT 27
OFFSET -5.821671, -4.590313, 2.937253
BONES 3
BONE 10 0.000017
BONE 13 0.058337
BONE 18 0.941646

VERT 28
OFFSET -2.758616, 1.260063, 4.839790
BONES 2
BONE 10 0.535335
BONE 13 0.464665

VERT 29
OFFSET -5.950003, 2.081195, 4.830748
BONES 3
BONE 10 0.347356
BONE 13 0.632879
BONE 18 0.019764

VERT 30
OFFSET 7.031098, -1.060725, 1.774216
BONES 3
BONE 9 0.005070
BONE 12 0.675751
BONE 17 0.319179

VERT 31
OFFSET 6.839192, -4.803258, 2.008559
BONES 3
BONE 9 0.000008
BONE 12 0.035045
BONE 17 0.964947

VERT 32
OFFSET 5.957146, -7.221186, 1.326697
BONES 2
BONE 12 0.000000
BONE 17 1.000000

VERT 33
OFFSET 7.199871, -5.112648, 0.845412
BONES 3
BONE 9 0.000000
BONE 12 0.024657
BONE 17 0.975343

VERT 34
OFFSET 4.473660, -7.518214, 1.343399
BONES 1
BONE 17 1.000000

VERT 35
OFFSET 3.127653, -6.056736, 0.850452
BONES 2
BONE 12 0.020867
BONE 17 0.979133

VERT 36
OFFSET 6.539801, 2.644448, 1.485154
BONES 3
BONE 9 0.033312
BONE 12 0.965048
BONE 17 0.001641

VERT 37
OFFSET 5.728324, 5.547873, 0.611711
BONES 3
BONE 9 0.004300
BONE 12 0.995699
BONE 17 0.000001

VERT 38
OFFSET 5.634929, 5.427413, 1.505055
BONES 3
BONE 9 0.048695
BONE 12 0.951305
BONE 17 0.000001

VERT 39
OFFSET 3.909651, 6.512158, 1.545578
BONES 2
BONE 9 0.082544
BONE 12 0.917456

VERT 40
OFFSET 3.811209, 6.589194, 0.663341
BONES 2
BONE 9 0.032091
BONE 12 0.967909

VERT 41
OFFSET 2.768852, 4.552974, 4.772204
BONES 4
BONE 4 0.000000
BONE 9 0.422778
BONE 12 0.577222
BONE 14 0.000000

VERT 42
OFFSET 2.460125, 4.701384, 0.554530
BONES 2
BONE 9 0.022632
BONE 12 0.977368

VERT 43
OFFSET 5.732041, -6.640049, 2.369208
BONES 2
BONE 12 0.000337
BONE 17 0.999663

VERT 44
OFFSET 4.446902, -6.939387, 2.367023
BONES 2
BONE 12 0.000243
BONE 17 0.999757

VERT 45
OFFSET 3.435785, -5.569906, 2.148682
BONES 2
BONE 12 0.031411
BONE 17 0.968589

VERT 46
OFFSET 2.826975, 0.048773, 0.236191
BONES 3
BONE 9 0.010337
BONE 12 0.847712
BONE 17 0.141951

VERT 47
OFFSET 2.580710, 4.703540, 1.480113
BONES 3
BONE 9 0.096899
BONE 12 0.903094
BONE 17 0.000007

VERT 48
OFFSET 7.026601, 1.071786, 0.288049
BONES 3
BONE 9 0.001045
BONE 12 0.898229
BONE 17 0.100727

VERT 49
OFFSET 3.933536, 6.163377, 4.896080
BONES 2
BONE 9 0.450615
BONE 12 0.549385

VERT 50
OFFSET 5.284753, 5.059042, 4.927604
BONES 2
BONE 9 0.403537
BONE 12 0.596463

VERT 51
OFFSET 4.598101, 0.769094, 7.082821
BONES 4
BONE 4 0.000000
BONE 9 0.948190
BONE 12 0.051809
BONE 14 0.000001

VERT 52
OFFSET 3.051455, -1.731801, 2.174144
BONES 3
BONE 9 0.013002
BONE 12 0.604170
BONE 17 0.382828

VERT 53
OFFSET 4.824597, -1.965597, 3.868612
BONES 3
BONE 9 0.068047
BONE 12 0.656941
BONE 17 0.275012

VERT 54
OFFSET 6.016220, -1.312593, 3.179327
BONES 3
BONE 9 0.037886
BONE 12 0.723395
BONE 17 0.238719

VERT 55
OFFSET 5.033271, -4.734125, 3.071361
BONES 3
BONE 9 0.000009
BONE 12 0.055613
BONE 17 0.944377

VERT 56
OFFSET 5.821671, -4.590313, 2.937253
BONES 3
BONE 9 0.000017
BONE 12 0.058337
BONE 17 0.941645

VERT 57
OFFSET 2.758616, 1.260063, 4.839790
BONES 3
BONE 9 0.411615
BONE 12 0.587737
BONE 17 0.000648

VERT 58
OFFSET 5.950003, 2.081195, 4.830748
BONES 3
BONE 9 0.347356
BONE 12 0.632879
BONE 17 0.019764

VERT 59
OFFSET 1.265536, -2.790124, 31.820610
BONES 6
BONE 1 0.158113
BONE 6 0.000000
BONE 4 0.030965
BONE 7 0.714120
BONE 5 0.002708
BONE 8 0.094094

VERT 60
OFFSET 7.077152, -2.315841, 27.752457
BONES 6
BONE 1 0.004672
BONE 6 0.000000
BONE 4 0.323969
BONE 7 0.671128
BONE 5 0.000000
BONE 8 0.000230

VERT 61
OFFSET 7.294213, 1.397187, 27.925480
BONES 5
BONE 1 0.003690
BONE 6 0.000007
BONE 4 0.340737
BONE 7 0.655201
BONE 8 0.000364

VERT 62
OFFSET 0.216502, 0.119572, 27.669422
BONES 5
BONE 1 0.054517
BONE 4 0.330853
BONE 7 0.586206
BONE 5 0.001572
BONE 8 0.026852

VERT 63
OFFSET -0.055524, 2.913024, 32.356815
BONES 5
BONE 1 0.294357
BONE 4 0.023634
BONE 7 0.326313
BONE 5 0.010817
BONE 8 0.344879

VERT 64
OFFSET -0.039688, 4.985123, 33.182518
BONES 5
BONE 1 0.333891
BONE 4 0.013987
BONE 7 0.302505
BONE 5 0.011880
BONE 8 0.337737

VERT 65
OFFSET -0.064614, -2.303247, 32.411789
BONES 5
BONE 1 0.274530
BONE 4 0.008275
BONE 7 0.341970
BONE 5 0.003339
BONE 8 0.371886

VERT 66
OFFSET -0.068243, -0.458931, 31.003708
BONES 5
BONE 1 0.288853
BONE 4 0.010251
BONE 7 0.356712
BONE 5 0.004209
BONE 8 0.339974

VERT 67
OFFSET 3.017253, 7.079803, 9.194965
BONES 5
BONE 4 0.000690
BONE 9 0.986546
BONE 12 0.012561
BONE 14 0.000184
BONE 7 0.000020

VERT 68
OFFSET 6.664226, 0.728979, 3.951058
BONES 3
BONE 9 0.197700
BONE 12 0.786917
BONE 17 0.015383

VERT 69
OFFSET 3.332389, 6.654523, 1.578192
BONES 2
BONE 9 0.115642
BONE 12 0.884358

VERT 70
OFFSET 6.944534, 4.915524, 2.199530
BONES 2
BONE 9 0.146555
BONE 12 0.853445

VERT 71
OFFSET 2.216361, 5.027194, 28.094368
BONES 7
BONE 1 0.051708
BONE 6 0.000002
BONE 11 0.000000
BONE 4 0.255966
BONE 7 0.671607
BONE 5 0.000645
BONE 8 0.020072

VERT 72
OFFSET 2.751136, -0.553497, 9.972855
BONES 5
BONE 4 0.001041
BONE 9 0.987241
BONE 12 0.007085
BONE 14 0.004618
BONE 7 0.000015

VERT 73
OFFSET 0.839156, 2.424587, 9.583776
BONES 5
BONE 4 0.001831
BONE 9 0.982388
BONE 12 0.012892
BONE 14 0.002869
BONE 7 0.000020

VERT 74
OFFSET 6.620117, 0.502989, 9.906372
BONES 5
BONE 4 0.000271
BONE 9 0.997282
BONE 12 0.000022
BONE 14 0.002424
BONE 7 0.000000

VERT 75
OFFSET 7.424707, 5.012518, 9.434039
BONES 5
BONE 4 0.000636
BONE 9 0.994230
BONE 12 0.004545
BONE 14 0.000569
BONE 7 0.000020

VERT 76
OFFSET 1.722955, -2.307569, 27.630159
BONES 5
BONE 1 0.044118
BONE 4 0.323105
BONE 7 0.612954
BONE 5 0.000375
BONE 8 0.019448

VERT 77
OFFSET 2.824550, -0.485145, 4.361822
BONES 2
BONE 9 0.303092
BONE 12 0.696908

VERT 78
OFFSET 1.762954, 2.388819, 2.258129
BONES 2
BONE 9 0.168200
BONE 12 0.831800

VERT 79
OFFSET 4.866820, 3.174254, 4.647779
BONES 2
BONE 9 0.542410
BONE 12 0.457590

VERT 80
OFFSET 2.609493, -2.731658, 20.172895
BONES 6
BONE 1 0.000008
BONE 4 0.163197
BONE 9 0.001226
BONE 14 0.834071
BONE 7 0.001497
BONE 8 0.000000

VERT 81
OFFSET 0.350961, 0.935093, 19.444891
BONES 6
BONE 1 0.000006
BONE 4 0.299957
BONE 9 0.416526
BONE 14 0.252007
BONE 7 0.031503
BONE 8 0.000001

VERT 82
OFFSET 2.929775, 4.930622, 19.565445
BONES 6
BONE 1 0.000008
BONE 4 0.302747
BONE 9 0.624771
BONE 14 0.026556
BONE 7 0.045918
BONE 8 0.000001

VERT 83
OFFSET 7.360797, 2.655015, 19.513733
BONES 4
BONE 4 0.274889
BONE 9 0.570892
BONE 14 0.133088
BONE 7 0.021131

VERT 84
OFFSET 7.006350, -2.380425, 20.164087
BONES 6
BONE 1 0.000002
BONE 4 0.183443
BONE 9 0.000560
BONE 14 0.815493
BONE 7 0.000503
BONE 8 0.000000

VERT 85
OFFSET 0.011009, -5.055282, 41.148140
BONES 5
BONE 1 0.769654
BONE 6 0.211524
BONE 11 0.003089
BONE 7 0.008127
BONE 8 0.007606

VERT 86
OFFSET 2.265863, -4.952308, 41.170086
BONES 5
BONE 1 0.733319
BONE 6 0.244923
BONE 11 0.004761
BONE 7 0.016009
BONE 8 0.000989

VERT 87
OFFSET 5.660464, -2.649473, 41.581535
BONES 5
BONE 1 0.617617
BONE 6 0.357792
BONE 11 0.019869
BONE 7 0.004718
BONE 8 0.000004

VERT 88
OFFSET 5.640781, 1.367789, 41.899895
BONES 6
BONE 1 0.636748
BONE 6 0.323738
BONE 11 0.026311
BONE 16 0.000120
BONE 7 0.013023
BONE 8 0.000060

VERT 89
OFFSET 3.059760, 4.280359, 41.753395
BONES 6
BONE 1 0.711516
BONE 6 0.232583
BONE 11 0.044194
BONE 16 0.000303
BONE 7 0.009539
BONE 8 0.001865

VERT 90
OFFSET 0.007318, 4.679519, 41.802895
BONES 6
BONE 1 0.735199
BONE 6 0.197340
BONE 11 0.064587
BONE 16 0.000775
BONE 7 0.000905
BONE 8 0.001193

VERT 91
OFFSET 6.919098, -2.681236, 32.494488
BONES 6
BONE 1 0.060953
BONE 6 0.000129
BONE 4 0.042271
BONE 7 0.894099
BONE 5 0.000001
BONE 8 0.002546

VERT 92
OFFSET 7.125567, 1.380224, 32.774830
BONES 7
BONE 1 0.074174
BONE 6 0.000753
BONE 11 0.000000
BONE 4 0.020434
BONE 7 0.901759
BONE 5 0.000000
BONE 8 0.002880

VERT 93
OFFSET 3.293744, 5.458031, 32.991829
BONES 7
BONE 1 0.301708
BONE 6 0.000381
BONE 11 0.000005
BONE 4 0.019481
BONE 7 0.589025
BONE 5 0.002812
BONE 8 0.086588

VERT 94
OFFSET -1.382836, -2.762485, 31.818300
BONES 5
BONE 1 0.136847
BONE 4 0.005311
BONE 7 0.104684
BONE 5 0.030585
BONE 8 0.722573

VERT 95
OFFSET -1.717934, -2.217742, 27.629023
BONES 5
BONE 1 0.041859
BONE 4 0.000803
BONE 7 0.025172
BONE 5 0.323066
BONE 8 0.609100

VERT 96
OFFSET -6.917478, -2.633849, 32.494644
BONES 6
BONE 1 0.054904
BONE 6 0.000042
BONE 11 0.000000
BONE 7 0.006691
BONE 5 0.033494
BONE 8 0.904868

VERT 97
OFFSET -7.121391, 1.377114, 32.773632
BONES 6
BONE 1 0.063681
BONE 6 0.000542
BONE 11 0.000011
BONE 7 0.000854
BONE 5 0.033010
BONE 8 0.901901

VERT 98
OFFSET -0.221020, 0.186283, 27.672722
BONES 5
BONE 1 0.044471
BONE 4 0.001533
BONE 7 0.034661
BONE 5 0.401036
BONE 8 0.518299

VERT 99
OFFSET -2.454716, -2.580304, 20.175871
BONES 6
BONE 1 0.000030
BONE 7 0.000001
BONE 5 0.129256
BONE 10 0.009475
BONE 15 0.855037
BONE 8 0.006202

VERT 100
OFFSET -7.035149, -2.221375, 20.181698
BONES 6
BONE 1 0.000007
BONE 7 0.000000
BONE 5 0.178318
BONE 10 0.026396
BONE 15 0.789606
BONE 8 0.005673

VERT 101
OFFSET -0.625313, 2.487618, 9.580124
BONES 5
BONE 5 0.002030
BONE 10 0.984063
BONE 13 0.010715
BONE 15 0.003170
BONE 8 0.000022

VERT 102
OFFSET -7.383596, 2.855066, 19.522976
BONES 5
BONE 1 0.000000
BONE 5 0.284693
BONE 10 0.560368
BONE 15 0.131046
BONE 8 0.023893

VERT 103
OFFSET -0.251376, 1.128364, 19.441078
BONES 6
BONE 1 0.000016
BONE 7 0.000002
BONE 5 0.325103
BONE 10 0.416769
BONE 15 0.220218
BONE 8 0.037893

VERT 104
OFFSET -3.357062, 5.434769, 32.991474
BONES 7
BONE 1 0.258014
BONE 6 0.000100
BONE 11 0.000001
BONE 4 0.000679
BONE 7 0.081430
BONE 5 0.046763
BONE 8 0.613013

VERT 105
OFFSET -2.224972, 4.990475, 28.092073
BONES 7
BONE 1 0.042591
BONE 6 0.000001
BONE 11 0.000000
BONE 4 0.000900
BONE 7 0.034853
BONE 5 0.357857
BONE 8 0.563799

VERT 106
OFFSET -7.230525, 1.446231, 27.932592
BONES 6
BONE 1 0.007220
BONE 6 0.000002
BONE 11 0.000000
BONE 7 0.000025
BONE 5 0.382720
BONE 8 0.610032

VERT 107
OFFSET -7.033144, -2.210106, 27.787601
BONES 5
BONE 1 0.012933
BONE 4 0.000000
BONE 7 0.000957
BONE 5 0.374398
BONE 8 0.611712

VERT 108
OFFSET -2.627797, -0.931428, 9.985952
BONES 5
BONE 5 0.001114
BONE 10 0.991822
BONE 13 0.002128
BONE 15 0.004920
BONE 8 0.000016

VERT 109
OFFSET -1.439619, 2.303062, 2.257186
BONES 2
BONE 10 0.176349
BONE 13 0.823651

VERT 110
OFFSET -2.652799, -0.842021, 4.405128
BONES 2
BONE 10 0.312271
BONE 13 0.687729

VERT 111
OFFSET -6.978023, 0.427343, 3.965398
BONES 2
BONE 10 0.176999
BONE 13 0.823001

VERT 112
OFFSET -7.308266, 5.034101, 2.199530
BONES 2
BONE 10 0.169757
BONE 13 0.830243

VERT 113
OFFSET -3.211573, 7.003676, 1.578192
BONES 2
BONE 10 0.106262
BONE 13 0.893738

VERT 114
OFFSET -4.938838, 3.189000, 4.647786
BONES 2
BONE 10 0.496585
BONE 13 0.503415

VERT 115
OFFSET -2.913164, 5.821710, 19.566076
BONES 5
BONE 1 0.000000
BONE 5 0.256009
BONE 10 0.688476
BONE 15 0.020107
BONE 8 0.035408

VERT 116
OFFSET -6.782559, 0.252335, 9.954625
BONES 4
BONE 5 0.000320
BONE 10 0.996780
BONE 15 0.002900
BONE 8 0.000000

VERT 117
OFFSET -7.546379, 5.102259, 9.426999
BONES 5
BONE 5 0.000743
BONE 10 0.988722
BONE 13 0.009938
BONE 15 0.000573
BONE 8 0.000025

VERT 118
OFFSET -2.773845, 7.263168, 9.200434
BONES 5
BONE 5 0.000758
BONE 10 0.981351
BONE 13 0.017640
BONE 15 0.000229
BONE 8 0.000021

VERT 119
OFFSET -2.313193, -4.952171, 41.169750
BONES 6
BONE 1 0.746748
BONE 6 0.228180
BONE 11 0.003886
BONE 16 0.000004
BONE 7 0.005682
BONE 8 0.015500

VERT 120
OFFSET -5.692498, 1.283816, 41.899460
BONES 6
BONE 1 0.693067
BONE 6 0.275571
BONE 11 0.019519
BONE 16 0.000159
BONE 7 0.000044
BONE 8 0.011640

VERT 121
OFFSET -5.742399, -2.667166, 41.581421
BONES 5
BONE 1 0.715276
BONE 6 0.272469
BONE 11 0.003448
BONE 7 0.000074
BONE 8 0.008732

VERT 122
OFFSET -3.072758, 4.265044, 41.753422
BONES 6
BONE 1 0.738693
BONE 6 0.208672
BONE 11 0.043787
BONE 16 0.000694
BONE 7 0.000639
BONE 8 0.007514

VERT 123
OFFSET 5.445781, -4.524723, 44.802921
BONES 4
BONE 1 0.260280
BONE 6 0.574567
BONE 11 0.156025
BONE 16 0.009128

VERT 124
OFFSET 4.255539, -5.506460, 44.973480
BONES 4
BONE 1 0.265333
BONE 6 0.565704
BONE 11 0.163516
BONE 16 0.005448

VERT 125
OFFSET 3.084742, 5.186291, 45.490540
BONES 4
BONE 1 0.296228
BONE 6 0.440994
BONE 11 0.252394
BONE 16 0.010384

VERT 126
OFFSET 4.098094, 5.081346, 45.507057
BONES 4
BONE 1 0.276099
BONE 6 0.464408
BONE 11 0.246059
BONE 16 0.013433

VERT 127
OFFSET 2.922126, 5.984297, 52.521358
BONES 11
BONE 1 0.000887
BONE 6 0.237653
BONE 11 0.347352
BONE 16 0.319725
BONE 19 0.076835
BONE 28 0.000000
BONE 74 0.007041
BONE 20 0.001342
BONE 75 0.000007
BONE 22 0.008794
BONE 23 0.000365

VERT 128
OFFSET 2.500407, 5.908153, 51.193615
BONES 10
BONE 1 0.002669
BONE 6 0.291850
BONE 11 0.387534
BONE 16 0.268558
BONE 19 0.041761
BONE 74 0.002634
BONE 20 0.001323
BONE 75 0.000008
BONE 22 0.003380
BONE 23 0.000283

VERT 129
OFFSET 3.294821, -2.204950, 58.453548
BONES 9
BONE 1 0.000000
BONE 6 0.007628
BONE 11 0.033308
BONE 16 0.720560
BONE 19 0.124570
BONE 74 0.006473
BONE 20 0.000163
BONE 22 0.107097
BONE 23 0.000201

VERT 130
OFFSET 6.432359, -1.953390, 58.437439
BONES 10
BONE 1 0.000000
BONE 6 0.005945
BONE 11 0.034711
BONE 16 0.358249
BONE 19 0.309552
BONE 28 0.000086
BONE 74 0.094450
BONE 20 0.000001
BONE 22 0.197005
BONE 23 0.000001

VERT 131
OFFSET 3.402305, -4.758214, 54.468544
BONES 9
BONE 1 0.000731
BONE 6 0.116691
BONE 11 0.234763
BONE 16 0.543663
BONE 19 0.074085
BONE 74 0.004859
BONE 20 0.000161
BONE 22 0.024897
BONE 23 0.000150

VERT 132
OFFSET 6.209602, -3.724730, 54.312962
