// Export filename: 'C:/projects/cod/t5/model_export/cuban/characters/cod7/carlos/c_cub_carlos_casual_fb_LOD2.XMODEL_EXPORT'
// Source filename: 'D:/projects/devart/t5/model_export/cuban/characters/cod7/carlos/_c_cub_carlos_casual.mb'
// Export time: Thu Sep 02 19:47:43 2010
MODEL
VERSION 6

NUMBONES 115
BONE 0 -1 "TAG_ORIGIN"
BONE 1 0 "J_MainRoot"
BONE 2 0 "TAG_AIM"
BONE 3 0 "TAG_SYNC"
BONE 4 1 "J_Hip_LE"
BONE 5 1 "J_Hip_RI"
BONE 6 1 "J_SpineLower"
BONE 7 4 "J_HipTwist_LE"
BONE 8 5 "J_HipTwist_RI"
BONE 9 4 "J_Knee_LE"
BONE 10 5 "J_Knee_RI"
BONE 11 6 "J_SpineUpper"
BONE 12 9 "J_Ankle_LE"
BONE 13 10 "J_Ankle_RI"
BONE 14 9 "J_Knee_Bulge_LE"
BONE 15 10 "J_Knee_Bulge_RI"
BONE 16 11 "J_Spine4"
BONE 17 12 "J_Ball_LE"
BONE 18 13 "J_Ball_RI"
BONE 19 16 "J_Clavicle_LE"
BONE 20 16 "J_Clavicle_RI"
BONE 21 16 "J_Neck"
BONE 22 16 "J_ShoulderRaise_LE"
BONE 23 16 "J_ShoulderRaise_RI"
BONE 24 16 "TAG_INHAND"
BONE 25 16 "TAG_STOWED_BACK"
BONE 26 16 "TAG_WEAPON_CHEST"
BONE 27 21 "J_Head"
BONE 28 19 "J_Shoulder_LE"
BONE 29 20 "J_Shoulder_RI"
BONE 30 27 "J_Bridge"
BONE 31 27 "J_Brow_In_LE"
BONE 32 27 "J_Brow_In_RI"
BONE 33 27 "J_Brow_LE"
BONE 34 27 "J_Brow_Out_LE"
BONE 35 27 "J_Brow_Out_RI"
BONE 36 27 "J_Brow_RI"
BONE 37 27 "J_Cheek_LE"
BONE 38 27 "J_Cheek_RI"
BONE 39 27 "J_CheekPuff_LE"
BONE 40 27 "J_CheekPuff_RI"
BONE 41 27 "J_Chin_SkinRoll"
BONE 42 28 "J_Elbow_Bulge_LE"
BONE 43 29 "J_Elbow_Bulge_RI"
BONE 44 28 "J_Elbow_LE"
BONE 45 29 "J_Elbow_RI"
BONE 46 27 "J_Eye_Lid_Bot_LE"
BONE 47 27 "J_Eye_Lid_Bot_RI"
BONE 48 27 "J_Eye_Lid_Top_LE"
BONE 49 27 "J_Eye_Lid_Top_RI"
BONE 50 27 "J_EyeBall_LE"
BONE 51 27 "J_EyeBall_RI"
BONE 52 27 "J_Forehead_LE"
BONE 53 27 "J_Forehead_RI"
BONE 54 27 "J_Head_END"
BONE 55 27 "J_Jaw"
BONE 56 27 "J_Levator_LE"
BONE 57 27 "J_Levator_RI"
BONE 58 27 "J_Lip_Bot_LE"
BONE 59 27 "J_Lip_Bot_Out_LE"
BONE 60 27 "J_Lip_Bot_Out_RI"
BONE 61 27 "J_Lip_Bot_RI"
BONE 62 27 "J_Lip_Top_LE"
BONE 63 27 "J_Lip_Top_Out_LE"
BONE 64 27 "J_Lip_Top_Out_RI"
BONE 65 27 "J_Lip_Top_RI"
BONE 66 27 "J_Lip_Upper_LE"
BONE 67 27 "J_Lip_Upper_Out_LE"
BONE 68 27 "J_Lip_Upper_Out_RI"
BONE 69 27 "J_Lip_Upper_RI"
BONE 70 27 "J_Mouth_LE"
BONE 71 27 "J_Mouth_RI"
BONE 72 27 "J_Nose_LE"
BONE 73 27 "J_Nose_RI"
BONE 74 28 "J_ShoulderTwist_LE"
BONE 75 29 "J_ShoulderTwist_RI"
BONE 76 27 "TAG_EYE"
BONE 77 54 "J_Helmet"
BONE 78 55 "J_Tongue"
BONE 79 44 "J_Wrist_LE"
BONE 80 45 "J_Wrist_RI"
BONE 81 44 "J_WristTwist_LE"
BONE 82 45 "J_WristTwist_RI"
BONE 83 79 "J_Index_LE_1"
BONE 84 80 "J_Index_RI_1"
BONE 85 79 "J_Mid_LE_1"
BONE 86 80 "J_Mid_RI_1"
BONE 87 79 "J_Pinky_LE_1"
BONE 88 80 "J_Pinky_RI_1"
BONE 89 79 "J_Ring_LE_1"
BONE 90 80 "J_Ring_RI_1"
BONE 91 79 "J_Thumb_LE_1"
BONE 92 80 "J_Thumb_RI_1"
BONE 93 79 "TAG_WEAPON_LEFT"
BONE 94 80 "TAG_WEAPON_RIGHT"
BONE 95 83 "J_Index_LE_2"
BONE 96 84 "J_Index_RI_2"
BONE 97 85 "J_Mid_LE_2"
BONE 98 86 "J_Mid_RI_2"
BONE 99 87 "J_Pinky_LE_2"
BONE 100 88 "J_Pinky_RI_2"
BONE 101 89 "J_Ring_LE_2"
BONE 102 90 "J_Ring_RI_2"
BONE 103 91 "J_Thumb_LE_2"
BONE 104 92 "J_Thumb_RI_2"
BONE 105 95 "J_Index_LE_3"
BONE 106 96 "J_Index_RI_3"
BONE 107 97 "J_Mid_LE_3"
BONE 108 98 "J_Mid_RI_3"
BONE 109 99 "J_Pinky_LE_3"
BONE 110 100 "J_Pinky_RI_3"
BONE 111 101 "J_Ring_LE_3"
BONE 112 102 "J_Ring_RI_3"
BONE 113 103 "J_Thumb_LE_3"
BONE 114 104 "J_Thumb_RI_3"

BONE 0
OFFSET 0.000002, -2.222000, 0.000042
SCALE 1.000000, 1.000000, 1.000000
X -0.000000, -1.000000, -0.000001
Y 1.000000, -0.000000, 0.000000
Z -0.000000, -0.000001, 1.000000

BONE 1
OFFSET 0.000082, 1.218927, 37.228020
SCALE 1.000000, 1.000000, 1.000000
X 0.000005, 0.024825, 0.999692
Y 0.000006, -0.999692, 0.024825
Z 1.000000, 0.000006, -0.000005

BONE 2
OFFSET 0.000002, -2.222055, 55.000042
SCALE 1.000000, 1.000000, 1.000000
X -0.000000, -1.000000, -0.000003
Y 1.000000, -0.000000, -0.000000
Z -0.000000, -0.000003, 1.000000

BONE 3
OFFSET 0.000002, -2.219720, 0.000042
SCALE 1.000000, 1.000000, 1.000000
X -0.000000, -1.000000, -0.000003
Y 1.000000, -0.000000, 0.000000
Z -0.000000, -0.000003, 1.000000

BONE 4
OFFSET 4.865472, 1.218951, 37.228016
SCALE 1.000000, 1.000000, 1.000000
X -0.008941, 0.033879, -0.999386
Y -0.004877, -0.999415, -0.033837
Z -0.999948, 0.004571, 0.009101

BONE 5
OFFSET -4.865293, 1.218927, 37.227978
SCALE 1.000000, 1.000000, 1.000000
X -0.008909, -0.033842, 0.999388
Y -0.004870, 0.999417, 0.033800
Z -0.999948, -0.004566, -0.009069

BONE 6
OFFSET 0.000089, 1.148792, 42.432632
SCALE 1.000000, 1.000000, 1.000000
X 0.000001, 0.029870, 0.999554
Y -0.000002, -0.999554, 0.029870
Z 1.000000, -0.000002, -0.000001

BONE 7
OFFSET 4.837310, 1.325658, 34.080341
SCALE 1.000000, 1.000000, 1.000000
X -0.008941, 0.033879, -0.999386
Y -0.004864, -0.999416, -0.033837
Z -0.999948, 0.004558, 0.009101

BONE 8
OFFSET -4.837236, 1.325506, 34.080624
SCALE 1.000000, 1.000000, 1.000000
X -0.008909, -0.033842, 0.999388
Y -0.004874, 0.999417, 0.033800
Z -0.999948, -0.004570, -0.009069

BONE 9
OFFSET 4.708874, 1.812570, 19.727123
SCALE 1.000000, 1.000000, 1.000000
X -0.008203, 0.166937, -0.985933
Y -0.006021, -0.985957, -0.166891
Z -0.999948, 0.004567, 0.009093

BONE 10
OFFSET -4.708568, 1.812141, 19.727461
SCALE 1.000000, 1.000000, 1.000000
X -0.008167, -0.166975, 0.985927
Y -0.006022, 0.985950, 0.166929
Z -0.999949, -0.004574, -0.009057

BONE 11
OFFSET 0.000094, 1.131313, 47.652164
SCALE 1.000000, 1.000000, 1.000000
X 0.000003, -0.020406, 0.999792
Y 0.000005, -0.999792, -0.020406
Z 1.000000, 0.000006, -0.000003

BONE 12
OFFSET 4.584381, 4.343949, 4.776942
SCALE 1.000000, 1.000000, 1.000000
X -0.000000, -0.008729, -0.999962
Y 0.016577, -0.999824, 0.008728
Z -0.999863, -0.016577, 0.000145

BONE 13
OFFSET -4.584069, 4.344151, 4.777238
SCALE 1.000000, 1.000000, 1.000000
X 0.000009, 0.008730, 0.999962
Y 0.016581, 0.999824, -0.008729
Z -0.999862, 0.016581, -0.000136

BONE 14
OFFSET 4.700433, -0.061928, 19.740456
SCALE 1.000000, 1.000000, 1.000000
X -0.000006, 0.029848, 0.999554
Y -0.000002, -0.999554, 0.029848
Z 1.000000, -0.000002, 0.000006

BONE 15
OFFSET -4.688321, -0.066477, 19.765478
SCALE 1.000000, 1.000000, 1.000000
X -0.000042, -0.029855, -0.999554
Y -0.000010, 0.999554, -0.029855
Z 1.000000, 0.000009, -0.000042

BONE 16
OFFSET 0.000090, 1.067745, 51.758411
SCALE 1.000000, 1.000000, 1.000000
X 0.000002, -0.047080, 0.998891
Y 0.000010, -0.998891, -0.047080
Z 1.000000, 0.000011, -0.000001

BONE 17
OFFSET 4.746620, -1.234840, 0.330913
SCALE 1.000000, 1.000000, 1.000000
X 0.016342, -0.983115, 0.182258
Y -0.002855, 0.182235, 0.983251
Z -0.999862, -0.016588, 0.000171

BONE 18
OFFSET -4.746290, -1.234591, 0.331138
SCALE 1.000000, 1.000000, 1.000000
X 0.016296, 0.983125, -0.182210
Y -0.002898, -0.182187, -0.983260
Z -0.999863, 0.016551, -0.000120

BONE 19
OFFSET 1.356609, 1.015539, 56.400341
SCALE 1.000000, 1.000000, 1.000000
X 0.997183, -0.019399, 0.072449
Y 0.018071, 0.999657, 0.018947
Z -0.072792, -0.017584, 0.997192

BONE 20
OFFSET -1.356719, 1.015542, 56.400444
SCALE 1.000000, 1.000000, 1.000000
X 0.997186, 0.019411, -0.072414
Y 0.018084, -0.999657, -0.018932
Z -0.072757, 0.017569, -0.997195

BONE 21
OFFSET 0.000058, 0.503915, 60.542107
SCALE 1.000000, 1.000000, 1.000000
X 0.000005, -0.309757, 0.950816
Y 0.000009, -0.950816, -0.309757
Z 1.000000, 0.000010, -0.000002

BONE 22
OFFSET 4.025334, 0.920922, 58.859638
SCALE 1.000000, 1.000000, 1.000000
X -0.997186, 0.019392, -0.072414
Y -0.018067, -0.999658, -0.018910
Z -0.072756, -0.017549, 0.997195

BONE 23
OFFSET -4.025115, 0.920835, 58.859825
SCALE 1.000000, 1.000000, 1.000000
X -0.997185, -0.019413, 0.072417
Y -0.018088, 0.999658, 0.018910
Z -0.072759, 0.017547, -0.997195

BONE 24
OFFSET -28.519920, -12.713210, 38.935009
SCALE 1.000000, 1.000000, 1.000000
X 1.000000, 0.000011, -0.000001
Y 0.000007, -0.764281, -0.644884
Z -0.000008, 0.644884, -0.764281

BONE 25
OFFSET -2.862698, 8.918896, 43.388451
SCALE 1.000000, 1.000000, 1.000000
X -0.385465, 0.062998, -0.920569
Y 0.145812, -0.980972, -0.128187
Z -0.911129, -0.183642, 0.368945

BONE 26
OFFSET -28.519920, -12.713210, 38.935009
SCALE 1.000000, 1.000000, 1.000000
X 0.000011, -1.000000, 0.000001
Y 1.000000, 0.000011, -0.000001
Z 0.000001, 0.000001, 1.000000

BONE 27
OFFSET 0.000057, -0.306903, 63.520969
SCALE 1.000000, 1.000000, 1.000000
X -0.000007, -0.216434, 0.976297
Y 0.000005, -0.976297, -0.216434
Z 1.000000, 0.000004, 0.000008

BONE 28
OFFSET 7.725458, 0.891629, 56.863182
SCALE 1.000000, 1.000000, 1.000000
X 0.662981, -0.260696, -0.701779
Y 0.273873, 0.956889, -0.096732
Z 0.696743, -0.128067, 0.705796

BONE 29
OFFSET -7.725506, 0.891564, 56.862965
SCALE 1.000000, 1.000000, 1.000000
X 0.662960, 0.260726, 0.701788
Y 0.273916, -0.956876, 0.096734
Z 0.696745, 0.128101, -0.705788

BONE 30
OFFSET 0.000058, -5.579741, 66.163139
SCALE 1.000000, 1.000000, 1.000000
X 1.000000, 0.000000, 0.000000
Y 0.000000, -0.000000, 1.000000
Z 0.000000, -1.000000, -0.000000

BONE 31
OFFSET 0.612761, -5.424249, 66.639923
SCALE 1.000000, 1.000000, 1.000000
X 1.000000, 0.000000, 0.000000
Y 0.000000, -0.000000, 1.000000
Z 0.000000, -1.000000, -0.000000

BONE 32
OFFSET -0.538940, -5.484427, 66.604645
SCALE 1.000000, 1.000000, 1.000000
X 1.000000, 0.000000, 0.000000
Y 0.000000, -0.000000, 1.000000
Z 0.000000, -1.000000, -0.000000

BONE 33
OFFSET 1.467079, -5.139717, 66.790268
SCALE 1.000000, 1.000000, 1.000000
X 1.000000, 0.000000, 0.000000
Y 0.000000, -0.000000, 1.000000
Z 0.000000, -1.000000, -0.000000

BONE 34
OFFSET 2.207515, -4.367161, 66.567085
SCALE 1.000000, 1.000000, 1.000000
X 1.000000, 0.000000, 0.000000
Y 0.000000, -0.000000, 1.000000
Z 0.000000, -1.000000, -0.000000

BONE 35
OFFSET -2.215490, -4.371526, 66.563538
SCALE 1.000000, 1.000000, 1.000000
X 1.000000, 0.000000, 0.000000
Y 0.000000, -0.000000, 1.000000
Z 0.000000, -1.000000, -0.000000

BONE 36
OFFSET -1.459351, -5.145740, 66.776665
SCALE 1.000000, 1.000000, 1.000000
X 1.000000, 0.000000, 0.000000
Y 0.000000, -0.000000, 1.000000
Z 0.000000, -1.000000, -0.000000

BONE 37
OFFSET 1.934092, -4.396147, 65.071800
SCALE 1.000000, 1.000000, 1.000000
X 1.000000, 0.000000, 0.000000
Y 0.000000, -0.000000, 1.000000
Z 0.000000, -1.000000, -0.000000

BONE 38
OFFSET -1.934148, -4.391707, 65.071419
SCALE 1.000000, 1.000000, 1.000000
X 1.000000, 0.000000, 0.000000
Y 0.000000, -0.000000, 1.000000
Z 0.000000, -1.000000, -0.000000

BONE 39
OFFSET 2.024215, -3.825949, 63.008926
SCALE 1.000000, 1.000000, 1.000000
X 1.000000, 0.000000, 0.000000
Y 0.000000, -0.000000, 1.000000
Z 0.000000, -1.000000, -0.000000

BONE 40
OFFSET -2.033856, -3.827359, 63.008778
SCALE 1.000000, 1.000000, 1.000000
X 1.000000, 0.000000, 0.000000
Y 0.000000, -0.000000, 1.000000
Z 0.000000, -1.000000, -0.000000

BONE 41
OFFSET 0.000055, -5.242019, 62.342949
SCALE 1.000000, 1.000000, 1.000000
X 1.000000, 0.000000, 0.000000
Y 0.000000, -0.000000, 1.000000
Z 0.000000, -1.000000, -0.000000

BONE 42
OFFSET 15.846270, -1.632336, 48.642548
SCALE 1.000000, 1.000000, 1.000000
X 0.294563, -0.846066, -0.444303
Y 0.654051, 0.517466, -0.551767
Z 0.696743, -0.128067, 0.705796

BONE 43
OFFSET -15.846113, -1.632834, 48.642265
SCALE 1.000000, 1.000000, 1.000000
X 0.294518, 0.846079, 0.444308
Y 0.654068, -0.517437, 0.551773
Z 0.696745, 0.128101, -0.705788

BONE 44
OFFSET 15.742274, -1.805675, 48.713013
SCALE 1.000000, 1.000000, 1.000000
X 0.294845, -0.845858, -0.444512
Y 0.653923, 0.517813, -0.551593
Z 0.696743, -0.128042, 0.705801

BONE 45
OFFSET -15.742270, -1.806072, 48.712933
SCALE 1.000000, 1.000000, 1.000000
X 0.294819, 0.845861, 0.444523
Y 0.653933, -0.517800, 0.551592
Z 0.696745, 0.128069, -0.705794

BONE 46
OFFSET 1.252019, -4.390342, 66.080551
SCALE 1.000000, 1.000000, 1.000000
X 1.000000, 0.000000, 0.000000
Y 0.000000, -0.000000, 1.000000
Z 0.000000, -1.000000, -0.000000

BONE 47
OFFSET -1.252073, -4.341589, 66.091354
SCALE 1.000000, 1.000000, 1.000000
X 1.000000, 0.000000, 0.000000
Y 0.000000, -0.000000, 1.000000
Z 0.000000, -1.000000, -0.000000

BONE 48
OFFSET 1.252019, -4.390342, 66.080551
SCALE 1.000000, 1.000000, 1.000000
X 1.000000, 0.000000, 0.000000
Y 0.000000, -0.000000, 1.000000
Z 0.000000, -1.000000, -0.000000

BONE 49
OFFSET -1.252073, -4.341589, 66.091354
SCALE 1.000000, 1.000000, 1.000000
X 1.000000, 0.000000, 0.000000
Y 0.000000, -0.000000, 1.000000
Z 0.000000, -1.000000, -0.000000

BONE 50
OFFSET 1.166985, -3.999434, 66.167206
SCALE 1.000000, 1.000000, 1.000000
X 1.000000, 0.000000, 0.000000
Y 0.000000, -0.000000, 1.000000
Z 0.000000, -1.000000, -0.000000

BONE 51
OFFSET -1.166984, -3.999433, 66.167206
SCALE 1.000000, 1.000000, 1.000000
X 1.000000, 0.000000, 0.000000
Y 0.000000, -0.000000, 1.000000
Z 0.000000, -1.000000, -0.000000

BONE 52
OFFSET 1.016186, -5.125915, 67.626106
SCALE 1.000000, 1.000000, 1.000000
X 1.000000, 0.000000, 0.000000
Y 0.000000, -0.000000, 1.000000
Z 0.000000, -1.000000, -0.000000

BONE 53
OFFSET -1.018689, -5.127822, 67.627213
SCALE 1.000000, 1.000000, 1.000000
X 1.000000, 0.000000, 0.000000
Y 0.000000, -0.000000, 1.000000
Z 0.000000, -1.000000, -0.000000

BONE 54
OFFSET -0.000527, -1.399727, 69.807846
SCALE 1.000000, 1.000000, 1.000000
X -0.000007, -0.216434, 0.976297
Y 0.000005, -0.976297, -0.216434
Z 1.000000, 0.000004, 0.000008

BONE 55
OFFSET 0.000053, -1.326648, 63.786865
SCALE 1.000000, 1.000000, 1.000000
X 1.000000, 0.000000, 0.000000
Y 0.000000, -0.000000, 1.000000
Z 0.000000, -1.000000, -0.000000

BONE 56
OFFSET 0.743366, -5.088260, 64.562698
SCALE 1.000000, 1.000000, 1.000000
X 1.000000, 0.000000, 0.000000
Y 0.000000, -0.000000, 1.000000
Z 0.000000, -1.000000, -0.000000

BONE 57
OFFSET -0.752090, -5.115628, 64.571159
SCALE 1.000000, 1.000000, 1.000000
X 1.000000, 0.000000, 0.000000
Y 0.000000, -0.000000, 1.000000
Z 0.000000, -1.000000, -0.000000

BONE 58
OFFSET 0.202095, -5.431542, 63.070473
SCALE 1.000000, 1.000000, 1.000000
X 1.000000, 0.000000, 0.000000
Y 0.000000, -0.000000, 1.000000
Z 0.000000, -1.000000, -0.000000

BONE 59
OFFSET 0.739410, -5.234313, 63.065495
SCALE 1.000000, 1.000000, 1.000000
X 1.000000, 0.000000, 0.000000
Y 0.000000, -0.000000, 1.000000
Z 0.000000, -1.000000, -0.000000

BONE 60
OFFSET -0.741825, -5.235659, 63.064377
SCALE 1.000000, 1.000000, 1.000000
X 1.000000, 0.000000, 0.000000
Y 0.000000, -0.000000, 1.000000
Z 0.000000, -1.000000, -0.000000

BONE 61
OFFSET -0.203777, -5.431927, 63.070667
SCALE 1.000000, 1.000000, 1.000000
X 1.000000, 0.000000, 0.000000
Y 0.000000, -0.000000, 1.000000
Z 0.000000, -1.000000, -0.000000

BONE 62
OFFSET 0.189609, -5.527634, 63.294468
SCALE 1.000000, 1.000000, 1.000000
X 1.000000, 0.000000, 0.000000
Y 0.000000, -0.000000, 1.000000
Z 0.000000, -1.000000, -0.000000

BONE 63
OFFSET 0.691339, -5.328471, 63.281456
SCALE 1.000000, 1.000000, 1.000000
X 1.000000, 0.000000, 0.000000
Y 0.000000, -0.000000, 1.000000
Z 0.000000, -1.000000, -0.000000

BONE 64
OFFSET -0.695793, -5.328906, 63.273006
SCALE 1.000000, 1.000000, 1.000000
X 1.000000, 0.000000, 0.000000
Y 0.000000, -0.000000, 1.000000
Z 0.000000, -1.000000, -0.000000

BONE 65
OFFSET -0.196624, -5.528613, 63.293785
SCALE 1.000000, 1.000000, 1.000000
X 1.000000, 0.000000, 0.000000
Y 0.000000, -0.000000, 1.000000
Z 0.000000, -1.000000, -0.000000

BONE 66
OFFSET 0.500683, -5.673804, 63.772980
SCALE 1.000000, 1.000000, 1.000000
X 1.000000, 0.000000, 0.000000
Y 0.000000, -0.000000, 1.000000
Z 0.000000, -1.000000, -0.000000

BONE 67
OFFSET 1.363424, -4.875621, 63.803410
SCALE 1.000000, 1.000000, 1.000000
X 1.000000, 0.000000, 0.000000
Y 0.000000, -0.000000, 1.000000
Z 0.000000, -1.000000, -0.000000

BONE 68
OFFSET -1.368907, -4.870885, 63.803917
SCALE 1.000000, 1.000000, 1.000000
X 1.000000, 0.000000, 0.000000
Y 0.000000, -0.000000, 1.000000
Z 0.000000, -1.000000, -0.000000

BONE 69
OFFSET -0.498022, -5.668157, 63.771992
SCALE 1.000000, 1.000000, 1.000000
X 1.000000, 0.000000, 0.000000
Y 0.000000, -0.000000, 1.000000
Z 0.000000, -1.000000, -0.000000

BONE 70
OFFSET 1.173245, -4.922543, 63.148666
SCALE 1.000000, 1.000000, 1.000000
X 1.000000, 0.000000, 0.000000
Y 0.000000, -0.000000, 1.000000
Z 0.000000, -1.000000, -0.000000

BONE 71
OFFSET -1.162777, -4.922101, 63.139900
SCALE 1.000000, 1.000000, 1.000000
X 1.000000, 0.000000, 0.000000
Y 0.000000, -0.000000, 1.000000
Z 0.000000, -1.000000, -0.000000

BONE 72
OFFSET 0.611796, -5.175572, 65.388580
SCALE 1.000000, 1.000000, 1.000000
X 1.000000, 0.000000, 0.000000
Y 0.000000, -0.000000, 1.000000
Z 0.000000, -1.000000, -0.000000

BONE 73
OFFSET -0.606207, -5.172341, 65.386032
SCALE 1.000000, 1.000000, 1.000000
X 1.000000, 0.000000, 0.000000
Y 0.000000, -0.000000, 1.000000
Z 0.000000, -1.000000, -0.000000

BONE 74
OFFSET 8.032188, 0.771017, 56.538502
SCALE 1.000000, 1.000000, 1.000000
X 0.662981, -0.260696, -0.701779
Y 0.273875, 0.956889, -0.096730
Z 0.696742, -0.128070, 0.705797

BONE 75
OFFSET -8.001591, 0.782987, 56.570709
SCALE 1.000000, 1.000000, 1.000000
X 0.662960, 0.260726, 0.701788
Y 0.273908, -0.956878, 0.096742
Z 0.696748, 0.128089, -0.705787

BONE 76
OFFSET 0.000049, -4.334190, 66.322540
SCALE 1.000000, 1.000000, 1.000000
X 0.000001, -0.939691, 0.342026
Y 1.000000, 0.000004, 0.000007
Z -0.000008, 0.342026, 0.939691

BONE 77
OFFSET -0.000540, -0.362329, 71.243195
SCALE 1.000000, 1.000000, 1.000000
X 0.000005, -0.999048, 0.043625
Y 1.000000, 0.000005, 0.000005
Z -0.000005, 0.043625, 0.999048

BONE 78
OFFSET 0.000055, -4.018939, 63.496307
SCALE 1.000000, 1.000000, 1.000000
X 1.000000, 0.000000, 0.000000
Y 0.000000, -0.000000, 1.000000
Z 0.000000, -1.000000, -0.000000

BONE 79
OFFSET 18.585669, -10.419226, 44.089733
SCALE 1.000000, 1.000000, 1.000000
X 0.299004, -0.782064, -0.546784
Y -0.792522, 0.115636, -0.598779
Z 0.531512, 0.612376, -0.585227

BONE 80
OFFSET -18.585567, -10.419399, 44.089657
SCALE 1.000000, 1.000000, 1.000000
X 0.299011, 0.782058, 0.546788
Y -0.792524, -0.115633, 0.598778
Z 0.531506, -0.612384, 0.585224

BONE 81
OFFSET 17.753496, -7.897926, 45.442410
SCALE 1.000000, 1.000000, 1.000000
X 0.294846, -0.845857, -0.444513
Y 0.653930, 0.517812, -0.551585
Z 0.696736, -0.128048, 0.705806

BONE 82
OFFSET -17.753546, -7.898361, 45.442448
SCALE 1.000000, 1.000000, 1.000000
X 0.294819, 0.845861, 0.444523
Y 0.653933, -0.517800, 0.551592
Z 0.696745, 0.128069, -0.705794

BONE 83
OFFSET 18.943596, -14.118733, 43.296165
SCALE 1.000000, 1.000000, 1.000000
X 0.252533, -0.921880, -0.293878
Y -0.670074, 0.052482, -0.740436
Z 0.698017, 0.383905, -0.604475

BONE 84
OFFSET -18.943485, -14.118932, 43.296089
SCALE 1.000000, 1.000000, 1.000000
X 0.252692, 0.921873, 0.293763
Y -0.670040, -0.052297, 0.740480
Z 0.697992, -0.383946, 0.604477

BONE 85
OFFSET 19.641989, -13.608097, 42.701954
SCALE 1.000000, 1.000000, 1.000000
X 0.066843, -0.793765, -0.604540
Y -0.837155, 0.285040, -0.466823
Z 0.542866, 0.537298, -0.645452

BONE 86
OFFSET -19.641909, -13.608223, 42.701809
SCALE 1.000000, 1.000000, 1.000000
X 0.066887, 0.793771, 0.604528
Y -0.837171, -0.284987, 0.466827
Z 0.542836, -0.537317, 0.645460

BONE 87
OFFSET 20.410118, -12.159682, 41.480377
SCALE 1.000000, 1.000000, 1.000000
X -0.099274, -0.722106, -0.684623
Y -0.848031, 0.421335, -0.321434
Z 0.520565, 0.548671, -0.654195

BONE 88
OFFSET -20.410091, -12.159837, 41.480251
SCALE 1.000000, 1.000000, 1.000000
X -0.099304, 0.722089, 0.684635
Y -0.848020, -0.421369, 0.321418
Z 0.520577, -0.548666, 0.654190

BONE 89
OFFSET 20.114302, -12.876246, 42.061901
SCALE 1.000000, 1.000000, 1.000000
X -0.006006, -0.738898, -0.673791
Y -0.878970, 0.325202, -0.348791
Z 0.476839, 0.590147, -0.651422

BONE 90
OFFSET -20.114208, -12.876396, 42.061890
SCALE 1.000000, 1.000000, 1.000000
X -0.005979, 0.738908, 0.673780
Y -0.878978, -0.325169, 0.348801
Z 0.476825, -0.590152, 0.651428

BONE 91
OFFSET 18.473015, -11.541899, 44.177650
SCALE 1.000000, 1.000000, 1.000000
X -0.766327, -0.594301, -0.244027
Y 0.525231, -0.360813, -0.770679
Z 0.369968, -0.718763, 0.588646

BONE 92
OFFSET -18.472874, -11.542074, 44.177635
SCALE 1.000000, 1.000000, 1.000000
X -0.766329, 0.594294, 0.244036
Y 0.525229, 0.360803, 0.770685
Z 0.369965, 0.718773, -0.588635

BONE 93
OFFSET -28.519896, -12.719981, 38.932270
SCALE 1.000000, 1.000000, 1.000000
X 0.000190, -1.000000, -0.000189
Y 1.000000, 0.000190, 0.000053
Z -0.000053, -0.000189, 1.000000

BONE 94
OFFSET -28.520119, -12.709172, 38.935143
SCALE 1.000000, 1.000000, 1.000000
X -0.000199, -1.000000, -0.000195
Y 0.998877, -0.000190, -0.047381
Z 0.047381, -0.000205, 0.998877

BONE 95
OFFSET 19.335176, -15.548034, 42.840546
SCALE 1.000000, 1.000000, 1.000000
X -0.305493, -0.603804, -0.736271
Y -0.647669, 0.698577, -0.304162
Z 0.697997, 0.383940, -0.604476

BONE 96
OFFSET -19.335234, -15.548249, 42.840523
SCALE 1.000000, 1.000000, 1.000000
X -0.305842, 0.603512, 0.736365
Y -0.647460, -0.698892, 0.303884
Z 0.698038, -0.383827, 0.604500

BONE 97
OFFSET 19.766018, -15.080857, 41.580357
SCALE 1.000000, 1.000000, 1.000000
X -0.742584, -0.051931, -0.667737
Y -0.392291, 0.841795, 0.370795
Z 0.542841, 0.537294, -0.645475

BONE 98
OFFSET -19.765930, -15.081016, 41.579948
SCALE 1.000000, 1.000000, 1.000000
X -0.742558, 0.051921, 0.667766
Y -0.392315, -0.841780, -0.370804
Z 0.542860, -0.537318, 0.645439

BONE 99
OFFSET 20.291075, -13.025280, 40.659801
SCALE 1.000000, 1.000000, 1.000000
X -0.734217, -0.103408, -0.670993
Y -0.435791, 0.829631, 0.348997
Z 0.520587, 0.548653, -0.654194

BONE 100
OFFSET -20.291012, -13.025424, 40.659672
SCALE 1.000000, 1.000000, 1.000000
X -0.734208, 0.103424, 0.671001
Y -0.435814, -0.829619, -0.348996
Z 0.520581, -0.548667, 0.654187

BONE 101
OFFSET 20.104219, -14.119193, 40.928596
SCALE 1.000000, 1.000000, 1.000000
X -0.750598, -0.112264, -0.651152
Y -0.457408, 0.799450, 0.389433
Z 0.476844, 0.590150, -0.651416

BONE 102
OFFSET -20.104130, -14.119358, 40.928261
SCALE 1.000000, 1.000000, 1.000000
X -0.750602, 0.112272, 0.651146
Y -0.457410, -0.799450, -0.389431
Z 0.476836, -0.590148, 0.651423

BONE 103
OFFSET 16.629330, -12.971684, 43.590553
SCALE 1.000000, 1.000000, 1.000000
X -0.513767, -0.686190, -0.514963
Y 0.774059, -0.111908, -0.623144
Z 0.369966, -0.718763, 0.588646

BONE 104
OFFSET -16.629194, -12.971821, 43.590179
SCALE 1.000000, 1.000000, 1.000000
X -0.513765, 0.686181, 0.514977
Y 0.774059, 0.111890, 0.623148
Z 0.369972, 0.718774, -0.588629

BONE 105
OFFSET 19.038221, -16.134914, 42.125023
SCALE 1.000000, 1.000000, 1.000000
X -0.554097, -0.245160, -0.795533
Y -0.453622, 0.890222, 0.041612
Z 0.698000, 0.383929, -0.604479

BONE 106
OFFSET -19.037983, -16.134798, 42.125008
SCALE 1.000000, 1.000000, 1.000000
X -0.553871, 0.245483, 0.795591
Y -0.453788, -0.890154, -0.041256
Z 0.698071, -0.383880, 0.604428

BONE 107
OFFSET 18.948034, -15.138112, 40.844826
SCALE 1.000000, 1.000000, 1.000000
X -0.836744, 0.280258, -0.470441
Y -0.071875, 0.795463, 0.601724
Z 0.542857, 0.537302, -0.645456

BONE 108
OFFSET -18.947971, -15.138271, 40.844528
SCALE 1.000000, 1.000000, 1.000000
X -0.836742, -0.280254, 0.470448
Y -0.071886, -0.795461, -0.601726
Z 0.542859, -0.537308, 0.645449

BONE 109
OFFSET 19.784019, -13.096679, 40.196491
SCALE 1.000000, 1.000000, 1.000000
X -0.853803, 0.339164, -0.394953
Y 0.005198, 0.764171, 0.644992
Z 0.520570, 0.548643, -0.654215

BONE 110
OFFSET -19.783998, -13.096812, 40.196270
SCALE 1.000000, 1.000000, 1.000000
X -0.853799, -0.339166, 0.394959
Y 0.005186, -0.764161, -0.645004
Z 0.520576, -0.548656, 0.654199

BONE 111
OFFSET 19.396437, -14.225060, 40.314682
SCALE 1.000000, 1.000000, 1.000000
X -0.861545, 0.166924, -0.479454
Y -0.174209, 0.789854, 0.588033
Z 0.476856, 0.590142, -0.651415

BONE 112
OFFSET -19.396343, -14.225204, 40.314499
SCALE 1.000000, 1.000000, 1.000000
X -0.861557, -0.166916, 0.479436
Y -0.174209, -0.789846, -0.588043
Z 0.476834, -0.590155, 0.651419

BONE 113
OFFSET 16.015608, -13.791351, 42.975456
SCALE 1.000000, 1.000000, 1.000000
X -0.178188, -0.676734, -0.714339
Y 0.911796, 0.159395, -0.378446
Z 0.369969, -0.718766, 0.588641

BONE 114
OFFSET -16.015455, -13.791477, 42.975048
SCALE 1.000000, 1.000000, 1.000000
X -0.178183, 0.676724, 0.714350
Y 0.911791, -0.159415, 0.378450
Z 0.369984, 0.718771, -0.588626

NUMVERTS 1066
VERT 0
OFFSET 17.666203, -9.351557, 44.054531
BONES 3
BONE 44 0.020560
BONE 79 0.014168
BONE 81 0.965272

VERT 1
OFFSET 19.209898, -8.801559, 44.000214
BONES 3
BONE 44 0.027272
BONE 79 0.023309
BONE 81 0.949419

VERT 2
OFFSET 19.785679, -9.509055, 44.830166
BONES 3
BONE 44 0.087810
BONE 79 0.081822
BONE 81 0.830368

VERT 3
OFFSET 17.571888, -10.508872, 45.939163
BONES 3
BONE 44 0.023303
BONE 79 0.022343
BONE 81 0.954354

VERT 4
OFFSET 17.520330, -13.492307, 43.973576
BONES 6
BONE 79 0.615984
BONE 91 0.222323
BONE 103 0.106467
BONE 113 0.002195
BONE 83 0.053031
BONE 81 0.000000

VERT 5
OFFSET 16.237965, -14.037156, 43.378845
BONES 4
BONE 79 0.016051
BONE 91 0.069726
BONE 103 0.450241
BONE 113 0.463982

VERT 6
OFFSET 18.394272, -14.818214, 43.622837
BONES 5
BONE 79 0.324856
BONE 83 0.597228
BONE 95 0.076116
BONE 105 0.001800
BONE 85 0.000000

VERT 7
OFFSET 18.251253, -13.456794, 43.063068
BONES 3
BONE 79 0.924603
BONE 83 0.067395
BONE 85 0.008002

VERT 8
OFFSET 17.987005, -10.523985, 42.994316
BONES 4
BONE 79 0.712012
BONE 89 0.000000
BONE 87 0.000000
BONE 81 0.287988

VERT 9
OFFSET 19.383896, -14.637673, 42.768940
BONES 6
BONE 79 0.054313
BONE 83 0.297863
BONE 95 0.144585
BONE 105 0.003628
BONE 85 0.477488
BONE 97 0.022124

VERT 10
OFFSET 20.002539, -13.977362, 42.001125
BONES 5
BONE 79 0.090513
BONE 85 0.405348
BONE 97 0.121112
BONE 89 0.347836
BONE 101 0.035191

VERT 11
OFFSET 20.272591, -13.107334, 41.382362
BONES 6
BONE 79 0.079866
BONE 85 0.000000
BONE 89 0.427371
BONE 101 0.129343
BONE 87 0.316222
BONE 99 0.047199

VERT 12
OFFSET 18.854582, -12.655501, 42.284462
BONES 7
BONE 79 0.930430
BONE 85 0.031198
BONE 97 0.000000
BONE 89 0.038369
BONE 101 0.000001
BONE 87 0.000002
BONE 99 0.000000

VERT 13
OFFSET 20.423538, -11.971526, 41.184258
BONES 4
BONE 79 0.539367
BONE 89 0.000001
BONE 87 0.380001
BONE 99 0.080632

VERT 14
OFFSET 20.174423, -13.473294, 40.863552
BONES 6
BONE 79 0.021711
BONE 85 0.001395
BONE 89 0.534548
BONE 101 0.260887
BONE 87 0.158546
BONE 99 0.022911

VERT 15
OFFSET 19.821470, -14.613955, 41.298344
BONES 5
BONE 79 0.014276
BONE 85 0.482918
BONE 97 0.369715
BONE 89 0.120685
BONE 101 0.012406

VERT 16
OFFSET 19.341177, -15.473274, 41.943657
BONES 6
BONE 79 0.005956
BONE 83 0.013048
BONE 95 0.000915
BONE 85 0.553532
BONE 97 0.426549
BONE 89 0.000000

VERT 17
OFFSET 18.729584, -15.888786, 43.068901
BONES 4
BONE 79 0.011424
BONE 83 0.429833
BONE 95 0.533674
BONE 105 0.025069

VERT 18
OFFSET 17.710703, -12.119707, 45.397961
BONES 4
BONE 79 0.779807
BONE 91 0.088010
BONE 83 0.000000
BONE 81 0.132183

VERT 19
OFFSET 16.546301, -11.084444, 44.098515
BONES 4
BONE 79 0.651433
BONE 91 0.094849
BONE 103 0.028156
BONE 81 0.225562

VERT 20
OFFSET 18.964411, -14.860553, 44.077267
BONES 4
BONE 79 0.312493
BONE 83 0.641832
BONE 95 0.045674
BONE 85 0.000001

VERT 21
OFFSET 19.791462, -14.440238, 43.415749
BONES 4
BONE 79 0.242325
BONE 83 0.526794
BONE 95 0.061075
BONE 85 0.169805

VERT 22
OFFSET 20.653992, -13.407982, 42.767815
BONES 5
BONE 79 0.412488
BONE 85 0.221937
BONE 89 0.365574
BONE 87 0.000001
BONE 81 0.000000

VERT 23
OFFSET 20.833065, -12.885771, 42.279922
BONES 4
BONE 79 0.355828
BONE 85 0.010234
BONE 89 0.564409
BONE 87 0.069529

VERT 24
OFFSET 20.155577, -10.879786, 42.088161
BONES 4
BONE 79 0.917943
BONE 89 0.000000
BONE 87 0.057406
BONE 81 0.024650

VERT 25
OFFSET 20.866598, -12.046270, 41.493412
BONES 4
BONE 79 0.497685
BONE 89 0.016460
BONE 87 0.426323
BONE 99 0.059532

VERT 26
OFFSET 19.616259, -11.522397, 45.092018
BONES 4
BONE 79 0.791062
BONE 85 0.004050
BONE 89 0.000001
BONE 81 0.204888

VERT 27
OFFSET 20.059412, -10.981907, 44.565277
BONES 5
BONE 79 0.785342
BONE 85 0.002457
BONE 89 0.002542
BONE 87 0.000000
BONE 81 0.209658

VERT 28
OFFSET 15.600955, -13.338402, 42.854866
BONES 5
BONE 79 0.000239
BONE 91 0.034938
BONE 103 0.503204
BONE 113 0.461619
BONE 81 0.000000

VERT 29
OFFSET 20.294168, -14.765595, 41.304146
BONES 4
BONE 79 0.000001
BONE 85 0.000000
BONE 89 0.573498
BONE 101 0.426501

VERT 30
OFFSET 19.853197, -15.675333, 42.026031
BONES 5
BONE 79 0.005015
BONE 83 0.003782
BONE 85 0.713829
BONE 97 0.277132
BONE 89 0.000243

VERT 31
OFFSET 19.863138, -15.645103, 42.759884
BONES 5
BONE 79 0.000000
BONE 83 0.486658
BONE 95 0.475237
BONE 105 0.019508
BONE 85 0.018598

VERT 32
OFFSET 19.760933, -9.917579, 42.967571
BONES 4
BONE 79 0.741311
BONE 89 0.000000
BONE 87 0.003686
BONE 81 0.255004

VERT 33
OFFSET 18.588341, -10.365550, 45.987030
BONES 3
BONE 44 0.044031
BONE 79 0.041591
BONE 81 0.914378

VERT 34
OFFSET 17.139641, -10.117673, 45.033520
BONES 3
BONE 44 0.026724
BONE 79 0.022682
BONE 81 0.950594

VERT 35
OFFSET 20.575474, -13.431131, 40.830929
BONES 3
BONE 87 0.463775
BONE 99 0.535253
BONE 109 0.000972

VERT 36
OFFSET 20.200624, -10.569921, 44.191174
BONES 4
BONE 79 0.792049
BONE 89 0.000001
BONE 87 0.000000
BONE 81 0.207950

VERT 37
OFFSET 19.236759, -12.624662, 45.025558
BONES 5
BONE 79 0.799789
BONE 83 0.089556
BONE 85 0.030464
BONE 89 0.000000
BONE 81 0.080191

VERT 38
OFFSET 20.075737, -12.581036, 44.390976
BONES 4
BONE 79 0.755574
BONE 85 0.150305
BONE 89 0.000004
BONE 81 0.094117

VERT 39
OFFSET 20.422237, -12.076938, 43.853977
BONES 5
BONE 79 0.740445
BONE 85 0.068790
BONE 89 0.093530
BONE 87 0.000001
BONE 81 0.097234

VERT 40
OFFSET 20.449091, -11.254025, 43.636677
BONES 4
BONE 79 0.781724
BONE 89 0.064213
BONE 87 0.031570
BONE 81 0.122493

VERT 41
OFFSET 19.102901, -11.953467, 45.402588
BONES 5
BONE 79 0.841063
BONE 83 0.004954
BONE 85 0.003782
BONE 89 0.000000
BONE 81 0.150200

VERT 42
OFFSET 19.232096, -16.059322, 43.354881
BONES 5
BONE 79 0.000001
BONE 83 0.488734
BONE 95 0.498745
BONE 105 0.012520
BONE 85 0.000000

VERT 43
OFFSET 19.610182, -15.454086, 42.437088
BONES 4
BONE 83 0.408866
BONE 95 0.526482
BONE 105 0.036383
BONE 85 0.028269

VERT 44
OFFSET 20.001482, -14.812681, 41.213276
BONES 5
BONE 79 0.006943
BONE 85 0.553340
BONE 97 0.398380
BONE 89 0.039095
BONE 101 0.002242

VERT 45
OFFSET 20.379622, -15.099578, 41.439056
BONES 4
BONE 79 0.005642
BONE 85 0.655902
BONE 97 0.327573
BONE 89 0.010883

VERT 46
OFFSET 20.268597, -13.808396, 40.669052
BONES 5
BONE 79 0.005474
BONE 89 0.578201
BONE 101 0.375596
BONE 87 0.037499
BONE 99 0.003231

VERT 47
OFFSET 20.601360, -14.175031, 40.740318
BONES 4
BONE 79 0.000001
BONE 89 0.549161
BONE 101 0.450838
BONE 87 0.000000

VERT 48
OFFSET 20.382763, -12.568633, 40.328991
BONES 4
BONE 79 0.046689
BONE 87 0.527860
BONE 99 0.394532
BONE 109 0.030919

VERT 49
OFFSET 20.734184, -12.898726, 40.455566
BONES 5
BONE 79 0.004600
BONE 89 0.000000
BONE 87 0.467397
BONE 99 0.500562
BONE 109 0.027440

VERT 50
OFFSET 16.795855, -13.903625, 42.842052
BONES 3
BONE 91 0.012996
BONE 103 0.501810
BONE 113 0.485194

VERT 51
OFFSET 16.398783, -13.363086, 42.365856
BONES 3
BONE 91 0.009398
BONE 103 0.505541
BONE 113 0.485061

VERT 52
OFFSET 13.377686, -1.255726, 47.356293
BONES 4
BONE 28 0.615773
BONE 44 0.217642
BONE 74 0.004193
BONE 42 0.162391

VERT 53
OFFSET 13.370699, -2.659342, 49.394344
BONES 4
BONE 28 0.739009
BONE 44 0.137206
BONE 74 0.025328
BONE 42 0.098457

VERT 54
OFFSET 14.939762, -2.143321, 51.058083
BONES 4
BONE 28 0.933336
BONE 44 0.024507
BONE 74 0.022441
BONE 42 0.019716

VERT 55
OFFSET 16.001678, 0.567590, 50.059517
BONES 3
BONE 28 0.717426
BONE 44 0.138635
BONE 42 0.143939

VERT 56
OFFSET 15.172606, 1.078813, 49.103580
BONES 4
BONE 28 0.656708
BONE 44 0.158360
BONE 74 0.003388
BONE 42 0.181544

VERT 57
OFFSET 14.181707, 0.987967, 47.895199
BONES 4
BONE 28 0.622463
BONE 44 0.176926
BONE 74 0.003245
BONE 42 0.197366

VERT 58
OFFSET 17.202627, -2.956144, 50.050625
BONES 4
BONE 28 0.130151
BONE 44 0.780103
BONE 81 0.000000
BONE 42 0.089746

VERT 59
OFFSET 14.692014, -3.758760, 48.924641
BONES 4
BONE 28 0.120159
BONE 44 0.831590
BONE 81 0.000000
BONE 42 0.048250

VERT 60
OFFSET 14.270798, -2.649913, 46.489548
BONES 4
BONE 28 0.097000
BONE 44 0.805957
BONE 81 0.000000
BONE 42 0.097043

VERT 61
OFFSET 19.857084, -12.602446, 40.012779
BONES 4
BONE 79 0.009456
BONE 87 0.132681
BONE 99 0.366828
BONE 109 0.491035

VERT 62
OFFSET 19.103573, -12.560603, 39.794586
BONES 3
BONE 87 0.000002
BONE 99 0.056851
BONE 109 0.943147

VERT 63
OFFSET 18.885250, -12.809414, 39.801723
BONES 2
BONE 99 0.030540
BONE 109 0.969460

VERT 64
OFFSET 19.708727, -13.395371, 40.306278
BONES 3
BONE 87 0.072513
BONE 99 0.493096
BONE 109 0.434390

VERT 65
OFFSET 18.939854, -13.039259, 40.022766
BONES 3
BONE 87 0.000001
BONE 99 0.036001
BONE 109 0.963998

VERT 66
OFFSET 19.529593, -13.966059, 40.078274
BONES 5
BONE 79 0.000167
BONE 89 0.062638
BONE 101 0.396844
BONE 111 0.538764
BONE 87 0.001587

VERT 67
OFFSET 18.406775, -13.724512, 39.669441
BONES 2
BONE 101 0.007763
BONE 111 0.992237

VERT 68
OFFSET 19.152655, -14.687229, 40.502953
BONES 3
BONE 89 0.071414
BONE 101 0.314215
BONE 111 0.614371

VERT 69
OFFSET 18.153151, -14.255158, 40.027260
BONES 2
BONE 101 0.015482
BONE 111 0.984518

VERT 70
OFFSET 18.077250, -14.026357, 39.658787
BONES 2
BONE 101 0.006267
BONE 111 0.993733

VERT 71
OFFSET 19.064060, -14.973335, 40.804142
BONES 5
BONE 79 0.000000
BONE 85 0.114253
BONE 97 0.402198
BONE 107 0.481155
BONE 89 0.002395

VERT 72
OFFSET 17.977627, -14.577312, 40.328503
BONES 2
BONE 97 0.029154
BONE 107 0.970846

VERT 73
OFFSET 18.699869, -15.516582, 41.190796
BONES 6
BONE 79 0.000000
BONE 83 0.000000
BONE 95 0.000000
BONE 85 0.105069
BONE 97 0.491676
BONE 107 0.403255

VERT 74
OFFSET 17.695944, -15.013703, 40.593304
BONES 3
BONE 85 0.000000
BONE 97 0.083577
BONE 107 0.916423

VERT 75
OFFSET 17.704447, -14.764903, 40.160347
BONES 3
BONE 85 0.000000
BONE 97 0.014350
BONE 107 0.985650

VERT 76
OFFSET 17.904926, -16.386999, 41.321564
BONES 2
BONE 95 0.002668
BONE 105 0.997332

VERT 77
OFFSET 18.459225, -16.415966, 42.225975
BONES 4
BONE 79 0.000000
BONE 83 0.009127
BONE 95 0.323142
BONE 105 0.667731

VERT 78
OFFSET 18.058901, -16.336338, 40.865730
BONES 2
BONE 95 0.000001
BONE 105 1.000000

VERT 79
OFFSET 19.174809, -15.967641, 41.718369
BONES 4
BONE 83 0.012108
BONE 95 0.373275
BONE 105 0.614536
BONE 85 0.000081

VERT 80
OFFSET 18.424276, -16.056189, 40.897305
BONES 2
BONE 95 0.011591
BONE 105 0.988409

VERT 81
OFFSET 15.610463, -14.913846, 41.987411
BONES 2
BONE 103 0.000001
BONE 113 0.999999

VERT 82
OFFSET 15.444192, -14.380192, 41.969707
BONES 2
BONE 103 0.034597
BONE 113 0.965403

VERT 83
OFFSET 15.927623, -14.960927, 42.418747
BONES 2
BONE 103 0.036851
BONE 113 0.963149

VERT 84
OFFSET 19.186493, -12.626992, 39.614197
BONES 3
BONE 87 0.000002
BONE 99 0.057265
BONE 109 0.942733

VERT 85
OFFSET 19.009518, -13.164531, 39.871788
BONES 2
BONE 99 0.046090
BONE 109 0.953910

VERT 86
OFFSET 20.037838, -12.922522, 39.794388
BONES 4
BONE 79 0.000000
BONE 87 0.039205
BONE 99 0.500992
BONE 109 0.459803

VERT 87
OFFSET 19.826628, -13.512691, 40.097088
BONES 3
BONE 87 0.007090
BONE 99 0.527455
BONE 109 0.465455

VERT 88
OFFSET 18.484753, -13.855378, 39.491848
BONES 2
BONE 101 0.014283
BONE 111 0.985717

VERT 89
OFFSET 18.208570, -14.404294, 39.909851
BONES 2
BONE 97 0.039704
BONE 107 0.960296

VERT 90
OFFSET 19.616705, -14.240578, 39.907619
BONES 3
BONE 89 0.000015
BONE 101 0.500161
BONE 111 0.499823

VERT 91
OFFSET 19.307934, -14.847450, 40.302612
BONES 3
BONE 89 0.010069
BONE 101 0.544306
BONE 111 0.445625

VERT 92
OFFSET 19.282328, -15.258792, 40.407539
BONES 4
BONE 85 0.043000
BONE 97 0.433083
BONE 107 0.523916
BONE 89 0.000000

VERT 93
OFFSET 18.825945, -15.761046, 40.918232
BONES 3
BONE 85 0.036531
BONE 97 0.558296
BONE 107 0.405173

VERT 94
OFFSET 17.791296, -15.163630, 40.421890
BONES 3
BONE 85 0.000152
BONE 97 0.100241
BONE 107 0.899607

VERT 95
OFFSET 18.138489, -14.714191, 39.977551
BONES 2
BONE 97 0.044585
BONE 107 0.955415

VERT 96
OFFSET 18.578688, -16.208397, 40.861374
BONES 2
BONE 95 0.008825
BONE 105 0.991175

VERT 97
OFFSET 19.316938, -16.320942, 41.697811
BONES 3
BONE 83 0.004495
BONE 95 0.328917
BONE 105 0.666588

VERT 98
OFFSET 18.721291, -16.699772, 42.205761
BONES 3
BONE 83 0.000002
BONE 95 0.279671
BONE 105 0.720328

VERT 99
OFFSET 18.012941, -16.611818, 41.318775
BONES 2
BONE 95 0.009300
BONE 105 0.990700

VERT 100
OFFSET 18.201187, -16.579006, 40.834496
BONES 2
BONE 95 0.002788
BONE 105 0.997212

VERT 101
OFFSET 17.854427, -14.883198, 39.938023
BONES 2
BONE 97 0.035186
BONE 107 0.964814

VERT 102
OFFSET 18.166321, -14.235107, 39.440559
BONES 2
BONE 101 0.013469
BONE 111 0.986531

VERT 103
OFFSET 18.969851, -12.970938, 39.569359
BONES 3
BONE 87 0.000000
BONE 99 0.026974
BONE 109 0.973026

VERT 104
OFFSET 19.349400, -12.511871, 39.901730
BONES 4
BONE 79 0.000001
BONE 87 0.014615
BONE 99 0.161769
BONE 109 0.823615

VERT 105
OFFSET 19.413435, -12.639241, 39.643150
BONES 4
BONE 79 0.000000
BONE 87 0.007948
BONE 99 0.165365
BONE 109 0.826687

VERT 106
OFFSET 19.248821, -13.264695, 39.928131
BONES 2
BONE 99 0.191337
BONE 109 0.808663

VERT 107
OFFSET 19.154163, -13.148316, 40.168247
BONES 3
BONE 87 0.003699
BONE 99 0.186385
BONE 109 0.809916

VERT 108
OFFSET 18.773737, -13.712995, 39.793262
BONES 4
BONE 89 0.000001
BONE 101 0.072532
BONE 111 0.927467
BONE 87 0.000000

VERT 109
OFFSET 18.797991, -13.954847, 39.558380
BONES 2
BONE 101 0.074474
BONE 111 0.925526

VERT 110
OFFSET 18.470070, -14.514021, 40.032627
BONES 4
BONE 85 0.000003
BONE 97 0.135007
BONE 107 0.864990
BONE 89 0.000000

VERT 111
OFFSET 18.429798, -14.365325, 40.218472
BONES 3
BONE 89 0.000002
BONE 101 0.082405
BONE 111 0.917592

VERT 112
OFFSET 18.519886, -14.873799, 40.090088
BONES 4
BONE 85 0.000001
BONE 97 0.148829
BONE 107 0.851169
BONE 89 0.000000

VERT 113
OFFSET 18.403688, -14.624068, 40.530960
BONES 4
BONE 85 0.000002
BONE 97 0.181898
BONE 107 0.818100
BONE 89 0.000000

VERT 114
OFFSET 18.019199, -15.186275, 40.835442
BONES 3
BONE 85 0.005037
BONE 97 0.243467
BONE 107 0.751496

VERT 115
OFFSET 18.086365, -15.383687, 40.605789
BONES 3
BONE 85 0.001475
BONE 97 0.228185
BONE 107 0.770340

VERT 116
OFFSET 18.257605, -16.649469, 41.609695
BONES 2
BONE 95 0.069056
BONE 105 0.930944

VERT 117
OFFSET 18.103794, -16.401358, 41.779156
BONES 4
BONE 79 0.000000
BONE 83 0.000690
BONE 95 0.117246
BONE 105 0.882064

VERT 118
OFFSET 18.814833, -15.926747, 41.301933
BONES 4
BONE 83 0.001362
BONE 95 0.166984
BONE 105 0.831654
BONE 85 0.000000

VERT 119
OFFSET 18.867455, -16.264629, 41.142250
BONES 3
BONE 83 0.000000
BONE 95 0.099977
BONE 105 0.900023

VERT 120
OFFSET 16.159424, -14.682623, 42.670559
BONES 3
BONE 91 0.000000
BONE 103 0.161137
BONE 113 0.838863

VERT 121
OFFSET 16.416264, -14.277202, 41.939056
BONES 2
BONE 103 0.068493
BONE 113 0.931507

VERT 122
OFFSET 15.537259, -13.986840, 42.144539
BONES 3
BONE 91 0.000000
BONE 103 0.158078
BONE 113 0.841922

VERT 123
OFFSET 17.806606, -1.532019, 47.671982
BONES 4
BONE 28 0.087952
BONE 44 0.734498
BONE 81 0.000000
BONE 42 0.177550

VERT 124
OFFSET 16.316584, -1.349536, 46.060238
BONES 4
BONE 28 0.131778
BONE 44 0.622715
BONE 81 0.000000
BONE 42 0.245507

VERT 125
OFFSET 16.609240, 0.583937, 48.088924
BONES 3
BONE 28 0.275682
BONE 44 0.228336
BONE 42 0.495982

VERT 126
OFFSET 15.365546, 0.419101, 46.969433
BONES 3
BONE 28 0.348553
BONE 44 0.282244
BONE 42 0.369203

VERT 127
OFFSET 16.814129, -0.090791, 49.241558
BONES 3
BONE 28 0.311670
BONE 44 0.307641
BONE 42 0.380689

VERT 128
OFFSET 19.238949, -7.118998, 45.361301
BONES 3
BONE 44 0.432820
BONE 79 0.000449
BONE 81 0.566731

VERT 129
OFFSET 18.237455, -6.861878, 44.289616
BONES 2
BONE 44 0.427497
BONE 81 0.572503

VERT 130
OFFSET 16.749655, -7.417843, 44.852982
BONES 2
BONE 44 0.528851
BONE 81 0.471149

VERT 131
OFFSET 16.548466, -8.201324, 46.248970
BONES 2
BONE 44 0.503062
BONE 81 0.496938

VERT 132
OFFSET 17.209707, -8.379512, 46.990337
BONES 2
BONE 44 0.511172
BONE 81 0.488828

VERT 133
OFFSET 18.135330, -8.118533, 47.048439
BONES 3
BONE 44 0.520572
BONE 79 0.000000
BONE 81 0.479428

VERT 134
OFFSET 18.818520, -4.650757, 46.096363
BONES 2
BONE 44 0.806281
BONE 81 0.193719

VERT 135
OFFSET 17.456917, -4.423763, 44.682262
BONES 2
BONE 44 0.798674
BONE 81 0.201326

VERT 136
