// Export filename: 'C:/projects/cod/t5/model_export/cuban/characters/cod7/carlos/c_cub_carlos_casual_fb_LOD3.XMODEL_EXPORT'
// Source filename: 'D:/projects/devart/t5/model_export/cuban/characters/cod7/carlos/_c_cub_carlos_casual.mb'
// Export time: Thu Sep 02 19:47:45 2010
MODEL
VERSION 6

NUMBONES 115
BONE 0 -1 "TAG_ORIGIN"
BONE 1 0 "J_MainRoot"
BONE 2 0 "TAG_AIM"
BONE 3 0 "TAG_SYNC"
BONE 4 1 "J_Hip_LE"
BONE 5 1 "J_Hip_RI"
BONE 6 1 "J_SpineLower"
BONE 7 4 "J_HipTwist_LE"
BONE 8 5 "J_HipTwist_RI"
BONE 9 4 "J_Knee_LE"
BONE 10 5 "J_Knee_RI"
BONE 11 6 "J_SpineUpper"
BONE 12 9 "J_Ankle_LE"
BONE 13 10 "J_Ankle_RI"
BONE 14 9 "J_Knee_Bulge_LE"
BONE 15 10 "J_Knee_Bulge_RI"
BONE 16 11 "J_Spine4"
BONE 17 12 "J_Ball_LE"
BONE 18 13 "J_Ball_RI"
BONE 19 16 "J_Clavicle_LE"
BONE 20 16 "J_Clavicle_RI"
BONE 21 16 "J_Neck"
BONE 22 16 "J_ShoulderRaise_LE"
BONE 23 16 "J_ShoulderRaise_RI"
BONE 24 16 "TAG_INHAND"
BONE 25 16 "TAG_STOWED_BACK"
BONE 26 16 "TAG_WEAPON_CHEST"
BONE 27 21 "J_Head"
BONE 28 19 "J_Shoulder_LE"
BONE 29 20 "J_Shoulder_RI"
BONE 30 27 "J_Bridge"
BONE 31 27 "J_Brow_In_LE"
BONE 32 27 "J_Brow_In_RI"
BONE 33 27 "J_Brow_LE"
BONE 34 27 "J_Brow_Out_LE"
BONE 35 27 "J_Brow_Out_RI"
BONE 36 27 "J_Brow_RI"
BONE 37 27 "J_Cheek_LE"
BONE 38 27 "J_Cheek_RI"
BONE 39 27 "J_CheekPuff_LE"
BONE 40 27 "J_CheekPuff_RI"
BONE 41 27 "J_Chin_SkinRoll"
BONE 42 28 "J_Elbow_Bulge_LE"
BONE 43 29 "J_Elbow_Bulge_RI"
BONE 44 28 "J_Elbow_LE"
BONE 45 29 "J_Elbow_RI"
BONE 46 27 "J_Eye_Lid_Bot_LE"
BONE 47 27 "J_Eye_Lid_Bot_RI"
BONE 48 27 "J_Eye_Lid_Top_LE"
BONE 49 27 "J_Eye_Lid_Top_RI"
BONE 50 27 "J_EyeBall_LE"
BONE 51 27 "J_EyeBall_RI"
BONE 52 27 "J_Forehead_LE"
BONE 53 27 "J_Forehead_RI"
BONE 54 27 "J_Head_END"
BONE 55 27 "J_Jaw"
BONE 56 27 "J_Levator_LE"
BONE 57 27 "J_Levator_RI"
BONE 58 27 "J_Lip_Bot_LE"
BONE 59 27 "J_Lip_Bot_Out_LE"
BONE 60 27 "J_Lip_Bot_Out_RI"
BONE 61 27 "J_Lip_Bot_RI"
BONE 62 27 "J_Lip_Top_LE"
BONE 63 27 "J_Lip_Top_Out_LE"
BONE 64 27 "J_Lip_Top_Out_RI"
BONE 65 27 "J_Lip_Top_RI"
BONE 66 27 "J_Lip_Upper_LE"
BONE 67 27 "J_Lip_Upper_Out_LE"
BONE 68 27 "J_Lip_Upper_Out_RI"
BONE 69 27 "J_Lip_Upper_RI"
BONE 70 27 "J_Mouth_LE"
BONE 71 27 "J_Mouth_RI"
BONE 72 27 "J_Nose_LE"
BONE 73 27 "J_Nose_RI"
BONE 74 28 "J_ShoulderTwist_LE"
BONE 75 29 "J_ShoulderTwist_RI"
BONE 76 27 "TAG_EYE"
BONE 77 54 "J_Helmet"
BONE 78 55 "J_Tongue"
BONE 79 44 "J_Wrist_LE"
BONE 80 45 "J_Wrist_RI"
BONE 81 44 "J_WristTwist_LE"
BONE 82 45 "J_WristTwist_RI"
BONE 83 79 "J_Index_LE_1"
BONE 84 80 "J_Index_RI_1"
BONE 85 79 "J_Mid_LE_1"
BONE 86 80 "J_Mid_RI_1"
BONE 87 79 "J_Pinky_LE_1"
BONE 88 80 "J_Pinky_RI_1"
BONE 89 79 "J_Ring_LE_1"
BONE 90 80 "J_Ring_RI_1"
BONE 91 79 "J_Thumb_LE_1"
BONE 92 80 "J_Thumb_RI_1"
BONE 93 79 "TAG_WEAPON_LEFT"
BONE 94 80 "TAG_WEAPON_RIGHT"
BONE 95 83 "J_Index_LE_2"
BONE 96 84 "J_Index_RI_2"
BONE 97 85 "J_Mid_LE_2"
BONE 98 86 "J_Mid_RI_2"
BONE 99 87 "J_Pinky_LE_2"
BONE 100 88 "J_Pinky_RI_2"
BONE 101 89 "J_Ring_LE_2"
BONE 102 90 "J_Ring_RI_2"
BONE 103 91 "J_Thumb_LE_2"
BONE 104 92 "J_Thumb_RI_2"
BONE 105 95 "J_Index_LE_3"
BONE 106 96 "J_Index_RI_3"
BONE 107 97 "J_Mid_LE_3"
BONE 108 98 "J_Mid_RI_3"
BONE 109 99 "J_Pinky_LE_3"
BONE 110 100 "J_Pinky_RI_3"
BONE 111 101 "J_Ring_LE_3"
BONE 112 102 "J_Ring_RI_3"
BONE 113 103 "J_Thumb_LE_3"
BONE 114 104 "J_Thumb_RI_3"

BONE 0
OFFSET 0.000002, -2.222000, 0.000042
SCALE 1.000000, 1.000000, 1.000000
X -0.000000, -1.000000, -0.000001
Y 1.000000, -0.000000, 0.000000
Z -0.000000, -0.000001, 1.000000

BONE 1
OFFSET 0.000082, 1.218927, 37.228020
SCALE 1.000000, 1.000000, 1.000000
X 0.000005, 0.024825, 0.999692
Y 0.000006, -0.999692, 0.024825
Z 1.000000, 0.000006, -0.000005

BONE 2
OFFSET 0.000002, -2.222055, 55.000042
SCALE 1.000000, 1.000000, 1.000000
X -0.000000, -1.000000, -0.000003
Y 1.000000, -0.000000, -0.000000
Z -0.000000, -0.000003, 1.000000

BONE 3
OFFSET 0.000002, -2.219720, 0.000042
SCALE 1.000000, 1.000000, 1.000000
X -0.000000, -1.000000, -0.000003
Y 1.000000, -0.000000, 0.000000
Z -0.000000, -0.000003, 1.000000

BONE 4
OFFSET 4.865472, 1.218951, 37.228016
SCALE 1.000000, 1.000000, 1.000000
X -0.008941, 0.033879, -0.999386
Y -0.004877, -0.999415, -0.033837
Z -0.999948, 0.004571, 0.009101

BONE 5
OFFSET -4.865293, 1.218927, 37.227978
SCALE 1.000000, 1.000000, 1.000000
X -0.008909, -0.033842, 0.999388
Y -0.004870, 0.999417, 0.033800
Z -0.999948, -0.004566, -0.009069

BONE 6
OFFSET 0.000089, 1.148792, 42.432632
SCALE 1.000000, 1.000000, 1.000000
X 0.000001, 0.029870, 0.999554
Y -0.000002, -0.999554, 0.029870
Z 1.000000, -0.000002, -0.000001

BONE 7
OFFSET 4.837310, 1.325658, 34.080341
SCALE 1.000000, 1.000000, 1.000000
X -0.008941, 0.033879, -0.999386
Y -0.004864, -0.999416, -0.033837
Z -0.999948, 0.004558, 0.009101

BONE 8
OFFSET -4.837236, 1.325506, 34.080624
SCALE 1.000000, 1.000000, 1.000000
X -0.008909, -0.033842, 0.999388
Y -0.004874, 0.999417, 0.033800
Z -0.999948, -0.004570, -0.009069

BONE 9
OFFSET 4.708874, 1.812570, 19.727123
SCALE 1.000000, 1.000000, 1.000000
X -0.008203, 0.166937, -0.985933
Y -0.006021, -0.985957, -0.166891
Z -0.999948, 0.004567, 0.009093

BONE 10
OFFSET -4.708568, 1.812141, 19.727461
SCALE 1.000000, 1.000000, 1.000000
X -0.008167, -0.166975, 0.985927
Y -0.006022, 0.985950, 0.166929
Z -0.999949, -0.004574, -0.009057

BONE 11
OFFSET 0.000094, 1.131313, 47.652164
SCALE 1.000000, 1.000000, 1.000000
X 0.000003, -0.020406, 0.999792
Y 0.000005, -0.999792, -0.020406
Z 1.000000, 0.000006, -0.000003

BONE 12
OFFSET 4.584381, 4.343949, 4.776942
SCALE 1.000000, 1.000000, 1.000000
X -0.000000, -0.008729, -0.999962
Y 0.016577, -0.999824, 0.008728
Z -0.999863, -0.016577, 0.000145

BONE 13
OFFSET -4.584069, 4.344151, 4.777238
SCALE 1.000000, 1.000000, 1.000000
X 0.000009, 0.008730, 0.999962
Y 0.016581, 0.999824, -0.008729
Z -0.999862, 0.016581, -0.000136

BONE 14
OFFSET 4.700433, -0.061928, 19.740456
SCALE 1.000000, 1.000000, 1.000000
X -0.000006, 0.029848, 0.999554
Y -0.000002, -0.999554, 0.029848
Z 1.000000, -0.000002, 0.000006

BONE 15
OFFSET -4.688321, -0.066477, 19.765478
SCALE 1.000000, 1.000000, 1.000000
X -0.000042, -0.029855, -0.999554
Y -0.000010, 0.999554, -0.029855
Z 1.000000, 0.000009, -0.000042

BONE 16
OFFSET 0.000090, 1.067745, 51.758411
SCALE 1.000000, 1.000000, 1.000000
X 0.000002, -0.047080, 0.998891
Y 0.000010, -0.998891, -0.047080
Z 1.000000, 0.000011, -0.000001

BONE 17
OFFSET 4.746620, -1.234840, 0.330913
SCALE 1.000000, 1.000000, 1.000000
X 0.016342, -0.983115, 0.182258
Y -0.002855, 0.182235, 0.983251
Z -0.999862, -0.016588, 0.000171

BONE 18
OFFSET -4.746290, -1.234591, 0.331138
SCALE 1.000000, 1.000000, 1.000000
X 0.016296, 0.983125, -0.182210
Y -0.002898, -0.182187, -0.983260
Z -0.999863, 0.016551, -0.000120

BONE 19
OFFSET 1.356609, 1.015539, 56.400341
SCALE 1.000000, 1.000000, 1.000000
X 0.997183, -0.019399, 0.072449
Y 0.018071, 0.999657, 0.018947
Z -0.072792, -0.017584, 0.997192

BONE 20
OFFSET -1.356719, 1.015542, 56.400444
SCALE 1.000000, 1.000000, 1.000000
X 0.997186, 0.019411, -0.072414
Y 0.018084, -0.999657, -0.018932
Z -0.072757, 0.017569, -0.997195

BONE 21
OFFSET 0.000058, 0.503915, 60.542107
SCALE 1.000000, 1.000000, 1.000000
X 0.000005, -0.309757, 0.950816
Y 0.000009, -0.950816, -0.309757
Z 1.000000, 0.000010, -0.000002

BONE 22
OFFSET 4.025334, 0.920922, 58.859638
SCALE 1.000000, 1.000000, 1.000000
X -0.997186, 0.019392, -0.072414
Y -0.018067, -0.999658, -0.018910
Z -0.072756, -0.017549, 0.997195

BONE 23
OFFSET -4.025115, 0.920835, 58.859825
SCALE 1.000000, 1.000000, 1.000000
X -0.997185, -0.019413, 0.072417
Y -0.018088, 0.999658, 0.018910
Z -0.072759, 0.017547, -0.997195

BONE 24
OFFSET -28.519920, -12.713210, 38.935009
SCALE 1.000000, 1.000000, 1.000000
X 1.000000, 0.000011, -0.000001
Y 0.000007, -0.764281, -0.644884
Z -0.000008, 0.644884, -0.764281

BONE 25
OFFSET -2.862698, 8.918896, 43.388451
SCALE 1.000000, 1.000000, 1.000000
X -0.385465, 0.062998, -0.920569
Y 0.145812, -0.980972, -0.128187
Z -0.911129, -0.183642, 0.368945

BONE 26
OFFSET -28.519920, -12.713210, 38.935009
SCALE 1.000000, 1.000000, 1.000000
X 0.000011, -1.000000, 0.000001
Y 1.000000, 0.000011, -0.000001
Z 0.000001, 0.000001, 1.000000

BONE 27
OFFSET 0.000057, -0.306903, 63.520969
SCALE 1.000000, 1.000000, 1.000000
X -0.000007, -0.216434, 0.976297
Y 0.000005, -0.976297, -0.216434
Z 1.000000, 0.000004, 0.000008

BONE 28
OFFSET 7.725458, 0.891629, 56.863182
SCALE 1.000000, 1.000000, 1.000000
X 0.662981, -0.260696, -0.701779
Y 0.273873, 0.956889, -0.096732
Z 0.696743, -0.128067, 0.705796

BONE 29
OFFSET -7.725506, 0.891564, 56.862965
SCALE 1.000000, 1.000000, 1.000000
X 0.662960, 0.260726, 0.701788
Y 0.273916, -0.956876, 0.096734
Z 0.696745, 0.128101, -0.705788

BONE 30
OFFSET 0.000058, -5.579741, 66.163139
SCALE 1.000000, 1.000000, 1.000000
X 1.000000, 0.000000, 0.000000
Y 0.000000, -0.000000, 1.000000
Z 0.000000, -1.000000, -0.000000

BONE 31
OFFSET 0.612761, -5.424249, 66.639923
SCALE 1.000000, 1.000000, 1.000000
X 1.000000, 0.000000, 0.000000
Y 0.000000, -0.000000, 1.000000
Z 0.000000, -1.000000, -0.000000

BONE 32
OFFSET -0.538940, -5.484427, 66.604645
SCALE 1.000000, 1.000000, 1.000000
X 1.000000, 0.000000, 0.000000
Y 0.000000, -0.000000, 1.000000
Z 0.000000, -1.000000, -0.000000

BONE 33
OFFSET 1.467079, -5.139717, 66.790268
SCALE 1.000000, 1.000000, 1.000000
X 1.000000, 0.000000, 0.000000
Y 0.000000, -0.000000, 1.000000
Z 0.000000, -1.000000, -0.000000

BONE 34
OFFSET 2.207515, -4.367161, 66.567085
SCALE 1.000000, 1.000000, 1.000000
X 1.000000, 0.000000, 0.000000
Y 0.000000, -0.000000, 1.000000
Z 0.000000, -1.000000, -0.000000

BONE 35
OFFSET -2.215490, -4.371526, 66.563538
SCALE 1.000000, 1.000000, 1.000000
X 1.000000, 0.000000, 0.000000
Y 0.000000, -0.000000, 1.000000
Z 0.000000, -1.000000, -0.000000

BONE 36
OFFSET -1.459351, -5.145740, 66.776665
SCALE 1.000000, 1.000000, 1.000000
X 1.000000, 0.000000, 0.000000
Y 0.000000, -0.000000, 1.000000
Z 0.000000, -1.000000, -0.000000

BONE 37
OFFSET 1.934092, -4.396147, 65.071800
SCALE 1.000000, 1.000000, 1.000000
X 1.000000, 0.000000, 0.000000
Y 0.000000, -0.000000, 1.000000
Z 0.000000, -1.000000, -0.000000

BONE 38
OFFSET -1.934148, -4.391707, 65.071419
SCALE 1.000000, 1.000000, 1.000000
X 1.000000, 0.000000, 0.000000
Y 0.000000, -0.000000, 1.000000
Z 0.000000, -1.000000, -0.000000

BONE 39
OFFSET 2.024215, -3.825949, 63.008926
SCALE 1.000000, 1.000000, 1.000000
X 1.000000, 0.000000, 0.000000
Y 0.000000, -0.000000, 1.000000
Z 0.000000, -1.000000, -0.000000

BONE 40
OFFSET -2.033856, -3.827359, 63.008778
SCALE 1.000000, 1.000000, 1.000000
X 1.000000, 0.000000, 0.000000
Y 0.000000, -0.000000, 1.000000
Z 0.000000, -1.000000, -0.000000

BONE 41
OFFSET 0.000055, -5.242019, 62.342949
SCALE 1.000000, 1.000000, 1.000000
X 1.000000, 0.000000, 0.000000
Y 0.000000, -0.000000, 1.000000
Z 0.000000, -1.000000, -0.000000

BONE 42
OFFSET 15.846270, -1.632336, 48.642548
SCALE 1.000000, 1.000000, 1.000000
X 0.294563, -0.846066, -0.444303
Y 0.654051, 0.517466, -0.551767
Z 0.696743, -0.128067, 0.705796

BONE 43
OFFSET -15.846113, -1.632834, 48.642265
SCALE 1.000000, 1.000000, 1.000000
X 0.294518, 0.846079, 0.444308
Y 0.654068, -0.517437, 0.551773
Z 0.696745, 0.128101, -0.705788

BONE 44
OFFSET 15.742274, -1.805675, 48.713013
SCALE 1.000000, 1.000000, 1.000000
X 0.294845, -0.845858, -0.444512
Y 0.653923, 0.517813, -0.551593
Z 0.696743, -0.128042, 0.705801

BONE 45
OFFSET -15.742270, -1.806072, 48.712933
SCALE 1.000000, 1.000000, 1.000000
X 0.294819, 0.845861, 0.444523
Y 0.653933, -0.517800, 0.551592
Z 0.696745, 0.128069, -0.705794

BONE 46
OFFSET 1.252019, -4.390342, 66.080551
SCALE 1.000000, 1.000000, 1.000000
X 1.000000, 0.000000, 0.000000
Y 0.000000, -0.000000, 1.000000
Z 0.000000, -1.000000, -0.000000

BONE 47
OFFSET -1.252073, -4.341589, 66.091354
SCALE 1.000000, 1.000000, 1.000000
X 1.000000, 0.000000, 0.000000
Y 0.000000, -0.000000, 1.000000
Z 0.000000, -1.000000, -0.000000

BONE 48
OFFSET 1.252019, -4.390342, 66.080551
SCALE 1.000000, 1.000000, 1.000000
X 1.000000, 0.000000, 0.000000
Y 0.000000, -0.000000, 1.000000
Z 0.000000, -1.000000, -0.000000

BONE 49
OFFSET -1.252073, -4.341589, 66.091354
SCALE 1.000000, 1.000000, 1.000000
X 1.000000, 0.000000, 0.000000
Y 0.000000, -0.000000, 1.000000
Z 0.000000, -1.000000, -0.000000

BONE 50
OFFSET 1.166985, -3.999434, 66.167206
SCALE 1.000000, 1.000000, 1.000000
X 1.000000, 0.000000, 0.000000
Y 0.000000, -0.000000, 1.000000
Z 0.000000, -1.000000, -0.000000

BONE 51
OFFSET -1.166984, -3.999433, 66.167206
SCALE 1.000000, 1.000000, 1.000000
X 1.000000, 0.000000, 0.000000
Y 0.000000, -0.000000, 1.000000
Z 0.000000, -1.000000, -0.000000

BONE 52
OFFSET 1.016186, -5.125915, 67.626106
SCALE 1.000000, 1.000000, 1.000000
X 1.000000, 0.000000, 0.000000
Y 0.000000, -0.000000, 1.000000
Z 0.000000, -1.000000, -0.000000

BONE 53
OFFSET -1.018689, -5.127822, 67.627213
SCALE 1.000000, 1.000000, 1.000000
X 1.000000, 0.000000, 0.000000
Y 0.000000, -0.000000, 1.000000
Z 0.000000, -1.000000, -0.000000

BONE 54
OFFSET -0.000527, -1.399727, 69.807846
SCALE 1.000000, 1.000000, 1.000000
X -0.000007, -0.216434, 0.976297
Y 0.000005, -0.976297, -0.216434
Z 1.000000, 0.000004, 0.000008

BONE 55
OFFSET 0.000053, -1.326648, 63.786865
SCALE 1.000000, 1.000000, 1.000000
X 1.000000, 0.000000, 0.000000
Y 0.000000, -0.000000, 1.000000
Z 0.000000, -1.000000, -0.000000

BONE 56
OFFSET 0.743366, -5.088260, 64.562698
SCALE 1.000000, 1.000000, 1.000000
X 1.000000, 0.000000, 0.000000
Y 0.000000, -0.000000, 1.000000
Z 0.000000, -1.000000, -0.000000

BONE 57
OFFSET -0.752090, -5.115628, 64.571159
SCALE 1.000000, 1.000000, 1.000000
X 1.000000, 0.000000, 0.000000
Y 0.000000, -0.000000, 1.000000
Z 0.000000, -1.000000, -0.000000

BONE 58
OFFSET 0.202095, -5.431542, 63.070473
SCALE 1.000000, 1.000000, 1.000000
X 1.000000, 0.000000, 0.000000
Y 0.000000, -0.000000, 1.000000
Z 0.000000, -1.000000, -0.000000

BONE 59
OFFSET 0.739410, -5.234313, 63.065495
SCALE 1.000000, 1.000000, 1.000000
X 1.000000, 0.000000, 0.000000
Y 0.000000, -0.000000, 1.000000
Z 0.000000, -1.000000, -0.000000

BONE 60
OFFSET -0.741825, -5.235659, 63.064377
SCALE 1.000000, 1.000000, 1.000000
X 1.000000, 0.000000, 0.000000
Y 0.000000, -0.000000, 1.000000
Z 0.000000, -1.000000, -0.000000

BONE 61
OFFSET -0.203777, -5.431927, 63.070667
SCALE 1.000000, 1.000000, 1.000000
X 1.000000, 0.000000, 0.000000
Y 0.000000, -0.000000, 1.000000
Z 0.000000, -1.000000, -0.000000

BONE 62
OFFSET 0.189609, -5.527634, 63.294468
SCALE 1.000000, 1.000000, 1.000000
X 1.000000, 0.000000, 0.000000
Y 0.000000, -0.000000, 1.000000
Z 0.000000, -1.000000, -0.000000

BONE 63
OFFSET 0.691339, -5.328471, 63.281456
SCALE 1.000000, 1.000000, 1.000000
X 1.000000, 0.000000, 0.000000
Y 0.000000, -0.000000, 1.000000
Z 0.000000, -1.000000, -0.000000

BONE 64
OFFSET -0.695793, -5.328906, 63.273006
SCALE 1.000000, 1.000000, 1.000000
X 1.000000, 0.000000, 0.000000
Y 0.000000, -0.000000, 1.000000
Z 0.000000, -1.000000, -0.000000

BONE 65
OFFSET -0.196624, -5.528613, 63.293785
SCALE 1.000000, 1.000000, 1.000000
X 1.000000, 0.000000, 0.000000
Y 0.000000, -0.000000, 1.000000
Z 0.000000, -1.000000, -0.000000

BONE 66
OFFSET 0.500683, -5.673804, 63.772980
SCALE 1.000000, 1.000000, 1.000000
X 1.000000, 0.000000, 0.000000
Y 0.000000, -0.000000, 1.000000
Z 0.000000, -1.000000, -0.000000

BONE 67
OFFSET 1.363424, -4.875621, 63.803410
SCALE 1.000000, 1.000000, 1.000000
X 1.000000, 0.000000, 0.000000
Y 0.000000, -0.000000, 1.000000
Z 0.000000, -1.000000, -0.000000

BONE 68
OFFSET -1.368907, -4.870885, 63.803917
SCALE 1.000000, 1.000000, 1.000000
X 1.000000, 0.000000, 0.000000
Y 0.000000, -0.000000, 1.000000
Z 0.000000, -1.000000, -0.000000

BONE 69
OFFSET -0.498022, -5.668157, 63.771992
SCALE 1.000000, 1.000000, 1.000000
X 1.000000, 0.000000, 0.000000
Y 0.000000, -0.000000, 1.000000
Z 0.000000, -1.000000, -0.000000

BONE 70
OFFSET 1.173245, -4.922543, 63.148666
SCALE 1.000000, 1.000000, 1.000000
X 1.000000, 0.000000, 0.000000
Y 0.000000, -0.000000, 1.000000
Z 0.000000, -1.000000, -0.000000

BONE 71
OFFSET -1.162777, -4.922101, 63.139900
SCALE 1.000000, 1.000000, 1.000000
X 1.000000, 0.000000, 0.000000
Y 0.000000, -0.000000, 1.000000
Z 0.000000, -1.000000, -0.000000

BONE 72
OFFSET 0.611796, -5.175572, 65.388580
SCALE 1.000000, 1.000000, 1.000000
X 1.000000, 0.000000, 0.000000
Y 0.000000, -0.000000, 1.000000
Z 0.000000, -1.000000, -0.000000

BONE 73
OFFSET -0.606207, -5.172341, 65.386032
SCALE 1.000000, 1.000000, 1.000000
X 1.000000, 0.000000, 0.000000
Y 0.000000, -0.000000, 1.000000
Z 0.000000, -1.000000, -0.000000

BONE 74
OFFSET 8.032188, 0.771017, 56.538502
SCALE 1.000000, 1.000000, 1.000000
X 0.662981, -0.260696, -0.701779
Y 0.273875, 0.956889, -0.096730
Z 0.696742, -0.128070, 0.705797

BONE 75
OFFSET -8.001591, 0.782987, 56.570709
SCALE 1.000000, 1.000000, 1.000000
X 0.662960, 0.260726, 0.701788
Y 0.273908, -0.956878, 0.096742
Z 0.696748, 0.128089, -0.705787

BONE 76
OFFSET 0.000049, -4.334190, 66.322540
SCALE 1.000000, 1.000000, 1.000000
X 0.000001, -0.939691, 0.342026
Y 1.000000, 0.000004, 0.000007
Z -0.000008, 0.342026, 0.939691

BONE 77
OFFSET -0.000540, -0.362329, 71.243195
SCALE 1.000000, 1.000000, 1.000000
X 0.000005, -0.999048, 0.043625
Y 1.000000, 0.000005, 0.000005
Z -0.000005, 0.043625, 0.999048

BONE 78
OFFSET 0.000055, -4.018939, 63.496307
SCALE 1.000000, 1.000000, 1.000000
X 1.000000, 0.000000, 0.000000
Y 0.000000, -0.000000, 1.000000
Z 0.000000, -1.000000, -0.000000

BONE 79
OFFSET 18.585669, -10.419226, 44.089733
SCALE 1.000000, 1.000000, 1.000000
X 0.299004, -0.782064, -0.546784
Y -0.792522, 0.115636, -0.598779
Z 0.531512, 0.612376, -0.585227

BONE 80
OFFSET -18.585567, -10.419399, 44.089657
SCALE 1.000000, 1.000000, 1.000000
X 0.299011, 0.782058, 0.546788
Y -0.792524, -0.115633, 0.598778
Z 0.531506, -0.612384, 0.585224

BONE 81
OFFSET 17.753496, -7.897926, 45.442410
SCALE 1.000000, 1.000000, 1.000000
X 0.294846, -0.845857, -0.444513
Y 0.653930, 0.517812, -0.551585
Z 0.696736, -0.128048, 0.705806

BONE 82
OFFSET -17.753546, -7.898361, 45.442448
SCALE 1.000000, 1.000000, 1.000000
X 0.294819, 0.845861, 0.444523
Y 0.653933, -0.517800, 0.551592
Z 0.696745, 0.128069, -0.705794

BONE 83
OFFSET 18.943596, -14.118733, 43.296165
SCALE 1.000000, 1.000000, 1.000000
X 0.252533, -0.921880, -0.293878
Y -0.670074, 0.052482, -0.740436
Z 0.698017, 0.383905, -0.604475

BONE 84
OFFSET -18.943485, -14.118932, 43.296089
SCALE 1.000000, 1.000000, 1.000000
X 0.252692, 0.921873, 0.293763
Y -0.670040, -0.052297, 0.740480
Z 0.697992, -0.383946, 0.604477

BONE 85
OFFSET 19.641989, -13.608097, 42.701954
SCALE 1.000000, 1.000000, 1.000000
X 0.066843, -0.793765, -0.604540
Y -0.837155, 0.285040, -0.466823
Z 0.542866, 0.537298, -0.645452

BONE 86
OFFSET -19.641909, -13.608223, 42.701809
SCALE 1.000000, 1.000000, 1.000000
X 0.066887, 0.793771, 0.604528
Y -0.837171, -0.284987, 0.466827
Z 0.542836, -0.537317, 0.645460

BONE 87
OFFSET 20.410118, -12.159682, 41.480377
SCALE 1.000000, 1.000000, 1.000000
X -0.099274, -0.722106, -0.684623
Y -0.848031, 0.421335, -0.321434
Z 0.520565, 0.548671, -0.654195

BONE 88
OFFSET -20.410091, -12.159837, 41.480251
SCALE 1.000000, 1.000000, 1.000000
X -0.099304, 0.722089, 0.684635
Y -0.848020, -0.421369, 0.321418
Z 0.520577, -0.548666, 0.654190

BONE 89
OFFSET 20.114302, -12.876246, 42.061901
SCALE 1.000000, 1.000000, 1.000000
X -0.006006, -0.738898, -0.673791
Y -0.878970, 0.325202, -0.348791
Z 0.476839, 0.590147, -0.651422

BONE 90
OFFSET -20.114208, -12.876396, 42.061890
SCALE 1.000000, 1.000000, 1.000000
X -0.005979, 0.738908, 0.673780
Y -0.878978, -0.325169, 0.348801
Z 0.476825, -0.590152, 0.651428

BONE 91
OFFSET 18.473015, -11.541899, 44.177650
SCALE 1.000000, 1.000000, 1.000000
X -0.766327, -0.594301, -0.244027
Y 0.525231, -0.360813, -0.770679
Z 0.369968, -0.718763, 0.588646

BONE 92
OFFSET -18.472874, -11.542074, 44.177635
SCALE 1.000000, 1.000000, 1.000000
X -0.766329, 0.594294, 0.244036
Y 0.525229, 0.360803, 0.770685
Z 0.369965, 0.718773, -0.588635

BONE 93
OFFSET -28.519896, -12.719981, 38.932270
SCALE 1.000000, 1.000000, 1.000000
X 0.000190, -1.000000, -0.000189
Y 1.000000, 0.000190, 0.000053
Z -0.000053, -0.000189, 1.000000

BONE 94
OFFSET -28.520119, -12.709172, 38.935143
SCALE 1.000000, 1.000000, 1.000000
X -0.000199, -1.000000, -0.000195
Y 0.998877, -0.000190, -0.047381
Z 0.047381, -0.000205, 0.998877

BONE 95
OFFSET 19.335176, -15.548034, 42.840546
SCALE 1.000000, 1.000000, 1.000000
X -0.305493, -0.603804, -0.736271
Y -0.647669, 0.698577, -0.304162
Z 0.697997, 0.383940, -0.604476

BONE 96
OFFSET -19.335234, -15.548249, 42.840523
SCALE 1.000000, 1.000000, 1.000000
X -0.305842, 0.603512, 0.736365
Y -0.647460, -0.698892, 0.303884
Z 0.698038, -0.383827, 0.604500

BONE 97
OFFSET 19.766018, -15.080857, 41.580357
SCALE 1.000000, 1.000000, 1.000000
X -0.742584, -0.051931, -0.667737
Y -0.392291, 0.841795, 0.370795
Z 0.542841, 0.537294, -0.645475

BONE 98
OFFSET -19.765930, -15.081016, 41.579948
SCALE 1.000000, 1.000000, 1.000000
X -0.742558, 0.051921, 0.667766
Y -0.392315, -0.841780, -0.370804
Z 0.542860, -0.537318, 0.645439

BONE 99
OFFSET 20.291075, -13.025280, 40.659801
SCALE 1.000000, 1.000000, 1.000000
X -0.734217, -0.103408, -0.670993
Y -0.435791, 0.829631, 0.348997
Z 0.520587, 0.548653, -0.654194

BONE 100
OFFSET -20.291012, -13.025424, 40.659672
SCALE 1.000000, 1.000000, 1.000000
X -0.734208, 0.103424, 0.671001
Y -0.435814, -0.829619, -0.348996
Z 0.520581, -0.548667, 0.654187

BONE 101
OFFSET 20.104219, -14.119193, 40.928596
SCALE 1.000000, 1.000000, 1.000000
X -0.750598, -0.112264, -0.651152
Y -0.457408, 0.799450, 0.389433
Z 0.476844, 0.590150, -0.651416

BONE 102
OFFSET -20.104130, -14.119358, 40.928261
SCALE 1.000000, 1.000000, 1.000000
X -0.750602, 0.112272, 0.651146
Y -0.457410, -0.799450, -0.389431
Z 0.476836, -0.590148, 0.651423

BONE 103
OFFSET 16.629330, -12.971684, 43.590553
SCALE 1.000000, 1.000000, 1.000000
X -0.513767, -0.686190, -0.514963
Y 0.774059, -0.111908, -0.623144
Z 0.369966, -0.718763, 0.588646

BONE 104
OFFSET -16.629194, -12.971821, 43.590179
SCALE 1.000000, 1.000000, 1.000000
X -0.513765, 0.686181, 0.514977
Y 0.774059, 0.111890, 0.623148
Z 0.369972, 0.718774, -0.588629

BONE 105
OFFSET 19.038221, -16.134914, 42.125023
SCALE 1.000000, 1.000000, 1.000000
X -0.554097, -0.245160, -0.795533
Y -0.453622, 0.890222, 0.041612
Z 0.698000, 0.383929, -0.604479

BONE 106
OFFSET -19.037983, -16.134798, 42.125008
SCALE 1.000000, 1.000000, 1.000000
X -0.553871, 0.245483, 0.795591
Y -0.453788, -0.890154, -0.041256
Z 0.698071, -0.383880, 0.604428

BONE 107
OFFSET 18.948034, -15.138112, 40.844826
SCALE 1.000000, 1.000000, 1.000000
X -0.836744, 0.280258, -0.470441
Y -0.071875, 0.795463, 0.601724
Z 0.542857, 0.537302, -0.645456

BONE 108
OFFSET -18.947971, -15.138271, 40.844528
SCALE 1.000000, 1.000000, 1.000000
X -0.836742, -0.280254, 0.470448
Y -0.071886, -0.795461, -0.601726
Z 0.542859, -0.537308, 0.645449

BONE 109
OFFSET 19.784019, -13.096679, 40.196491
SCALE 1.000000, 1.000000, 1.000000
X -0.853803, 0.339164, -0.394953
Y 0.005198, 0.764171, 0.644992
Z 0.520570, 0.548643, -0.654215

BONE 110
OFFSET -19.783998, -13.096812, 40.196270
SCALE 1.000000, 1.000000, 1.000000
X -0.853799, -0.339166, 0.394959
Y 0.005186, -0.764161, -0.645004
Z 0.520576, -0.548656, 0.654199

BONE 111
OFFSET 19.396437, -14.225060, 40.314682
SCALE 1.000000, 1.000000, 1.000000
X -0.861545, 0.166924, -0.479454
Y -0.174209, 0.789854, 0.588033
Z 0.476856, 0.590142, -0.651415

BONE 112
OFFSET -19.396343, -14.225204, 40.314499
SCALE 1.000000, 1.000000, 1.000000
X -0.861557, -0.166916, 0.479436
Y -0.174209, -0.789846, -0.588043
Z 0.476834, -0.590155, 0.651419

BONE 113
OFFSET 16.015608, -13.791351, 42.975456
SCALE 1.000000, 1.000000, 1.000000
X -0.178188, -0.676734, -0.714339
Y 0.911796, 0.159395, -0.378446
Z 0.369969, -0.718766, 0.588641

BONE 114
OFFSET -16.015455, -13.791477, 42.975048
SCALE 1.000000, 1.000000, 1.000000
X -0.178183, 0.676724, 0.714350
Y 0.911791, -0.159415, 0.378450
Z 0.369984, 0.718771, -0.588626

NUMVERTS 548
VERT 0
OFFSET 17.139641, -10.117673, 45.033520
BONES 3
BONE 44 0.026724
BONE 79 0.022682
BONE 81 0.950594

VERT 1
OFFSET 19.209898, -8.801559, 44.000214
BONES 3
BONE 44 0.027272
BONE 79 0.023309
BONE 81 0.949419

VERT 2
OFFSET 19.785679, -9.509055, 44.830166
BONES 3
BONE 44 0.087810
BONE 79 0.081822
BONE 81 0.830368

VERT 3
OFFSET 17.571888, -10.508872, 45.939163
BONES 3
BONE 44 0.023303
BONE 79 0.022343
BONE 81 0.954354

VERT 4
OFFSET 17.520330, -13.492307, 43.973576
BONES 6
BONE 79 0.615984
BONE 91 0.222323
BONE 103 0.106467
BONE 113 0.002195
BONE 83 0.053031
BONE 81 0.000000

VERT 5
OFFSET 16.237965, -14.037156, 43.378845
BONES 4
BONE 79 0.016051
BONE 91 0.069726
BONE 103 0.450241
BONE 113 0.463982

VERT 6
OFFSET 18.394272, -14.818214, 43.622837
BONES 5
BONE 79 0.324856
BONE 83 0.597228
BONE 95 0.076116
BONE 105 0.001800
BONE 85 0.000000

VERT 7
OFFSET 19.383896, -14.637673, 42.768940
BONES 6
BONE 79 0.054313
BONE 83 0.297863
BONE 95 0.144585
BONE 105 0.003628
BONE 85 0.477488
BONE 97 0.022124

VERT 8
OFFSET 16.546301, -11.084444, 44.098515
BONES 4
BONE 79 0.651433
BONE 91 0.094849
BONE 103 0.028156
BONE 81 0.225562

VERT 9
OFFSET 20.002539, -13.977362, 42.001125
BONES 5
BONE 79 0.090513
BONE 85 0.405348
BONE 97 0.121112
BONE 89 0.347836
BONE 101 0.035191

VERT 10
OFFSET 20.272591, -13.107334, 41.382362
BONES 6
BONE 79 0.079866
BONE 85 0.000000
BONE 89 0.427371
BONE 101 0.129343
BONE 87 0.316222
BONE 99 0.047199

VERT 11
OFFSET 20.423538, -11.971526, 41.184258
BONES 4
BONE 79 0.539367
BONE 89 0.000001
BONE 87 0.380001
BONE 99 0.080632

VERT 12
OFFSET 20.268597, -13.808396, 40.669052
BONES 5
BONE 79 0.005474
BONE 89 0.578201
BONE 101 0.375596
BONE 87 0.037499
BONE 99 0.003231

VERT 13
OFFSET 19.821470, -14.613955, 41.298344
BONES 5
BONE 79 0.014276
BONE 85 0.482918
BONE 97 0.369715
BONE 89 0.120685
BONE 101 0.012406

VERT 14
OFFSET 19.853197, -15.675333, 42.026031
BONES 5
BONE 79 0.005015
BONE 83 0.003782
BONE 85 0.713829
BONE 97 0.277132
BONE 89 0.000243

VERT 15
OFFSET 18.729584, -15.888786, 43.068901
BONES 4
BONE 79 0.011424
BONE 83 0.429833
BONE 95 0.533674
BONE 105 0.025069

VERT 16
OFFSET 17.710703, -12.119707, 45.397961
BONES 4
BONE 79 0.779807
BONE 91 0.088010
BONE 83 0.000000
BONE 81 0.132183

VERT 17
OFFSET 18.964411, -14.860553, 44.077267
BONES 4
BONE 79 0.312493
BONE 83 0.641832
BONE 95 0.045674
BONE 85 0.000001

VERT 18
OFFSET 19.791462, -14.440238, 43.415749
BONES 4
BONE 79 0.242325
BONE 83 0.526794
BONE 95 0.061075
BONE 85 0.169805

VERT 19
OFFSET 20.653992, -13.407982, 42.767815
BONES 5
BONE 79 0.412488
BONE 85 0.221937
BONE 89 0.365574
BONE 87 0.000001
BONE 81 0.000000

VERT 20
OFFSET 20.833065, -12.885771, 42.279922
BONES 4
BONE 79 0.355828
BONE 85 0.010234
BONE 89 0.564409
BONE 87 0.069529

VERT 21
OFFSET 19.760933, -9.917579, 42.967571
BONES 4
BONE 79 0.741311
BONE 89 0.000000
BONE 87 0.003686
BONE 81 0.255004

VERT 22
OFFSET 15.600955, -13.338402, 42.854866
BONES 5
BONE 79 0.000239
BONE 91 0.034938
BONE 103 0.503204
BONE 113 0.461619
BONE 81 0.000000

VERT 23
OFFSET 20.294168, -14.765595, 41.304146
BONES 4
BONE 79 0.000001
BONE 85 0.000000
BONE 89 0.573498
BONE 101 0.426501

VERT 24
OFFSET 19.863138, -15.645103, 42.759884
BONES 5
BONE 79 0.000000
BONE 83 0.486658
BONE 95 0.475237
BONE 105 0.019508
BONE 85 0.018598

VERT 25
OFFSET 18.588341, -10.365550, 45.987030
BONES 3
BONE 44 0.044031
BONE 79 0.041591
BONE 81 0.914378

VERT 26
OFFSET 20.588417, -13.803082, 40.785625
BONES 6
BONE 79 0.025254
BONE 85 0.000000
BONE 89 0.526461
BONE 101 0.430953
BONE 87 0.016503
BONE 99 0.000829

VERT 27
OFFSET 20.200624, -10.569921, 44.191174
BONES 4
BONE 79 0.792049
BONE 89 0.000001
BONE 87 0.000000
BONE 81 0.207950

VERT 28
OFFSET 19.236759, -12.624662, 45.025558
BONES 5
BONE 79 0.799789
BONE 83 0.089556
BONE 85 0.030464
BONE 89 0.000000
BONE 81 0.080191

VERT 29
OFFSET 20.248987, -12.328986, 44.122478
BONES 5
BONE 79 0.744616
BONE 85 0.097828
BONE 89 0.062597
BONE 87 0.000000
BONE 81 0.094960

VERT 30
OFFSET 20.449091, -11.254025, 43.636677
BONES 4
BONE 79 0.781724
BONE 89 0.064213
BONE 87 0.031570
BONE 81 0.122493

VERT 31
OFFSET 19.102901, -11.953467, 45.402588
BONES 5
BONE 79 0.841063
BONE 83 0.004954
BONE 85 0.003782
BONE 89 0.000000
BONE 81 0.150200

VERT 32
OFFSET 19.232096, -16.059322, 43.354881
BONES 5
BONE 79 0.000001
BONE 83 0.488734
BONE 95 0.498745
BONE 105 0.012520
BONE 85 0.000000

VERT 33
OFFSET 20.379622, -15.099578, 41.439056
BONES 4
BONE 79 0.005642
BONE 85 0.655902
BONE 97 0.327573
BONE 89 0.010883

VERT 34
OFFSET 20.382763, -12.568633, 40.328991
BONES 4
BONE 79 0.046689
BONE 87 0.527860
BONE 99 0.394532
BONE 109 0.030919

VERT 35
OFFSET 16.795855, -13.903625, 42.842052
BONES 3
BONE 91 0.012996
BONE 103 0.501810
BONE 113 0.485194

VERT 36
OFFSET 16.398783, -13.363086, 42.365856
BONES 3
BONE 91 0.009398
BONE 103 0.505541
BONE 113 0.485061

VERT 37
OFFSET 13.361168, -1.256623, 47.338856
BONES 4
BONE 28 0.615696
BONE 44 0.217599
BONE 74 0.004265
BONE 42 0.162441

VERT 38
OFFSET 13.336370, -2.660650, 49.357838
BONES 4
BONE 28 0.733616
BONE 44 0.135929
BONE 74 0.031255
BONE 42 0.099200

VERT 39
OFFSET 16.739904, 0.236953, 48.643093
BONES 3
BONE 28 0.270735
BONE 44 0.275522
BONE 42 0.453743

VERT 40
OFFSET 15.365546, 0.419101, 46.969433
BONES 3
BONE 28 0.348553
BONE 44 0.282244
BONE 42 0.369203

VERT 41
OFFSET 19.857084, -12.602446, 40.012779
BONES 4
BONE 79 0.009456
BONE 87 0.132681
BONE 99 0.366828
BONE 109 0.491035

VERT 42
OFFSET 18.727301, -13.413157, 39.530602
BONES 2
BONE 101 0.032904
BONE 111 0.967096

VERT 43
OFFSET 19.529593, -13.966059, 40.078274
BONES 5
BONE 79 0.000167
BONE 89 0.062638
BONE 101 0.396844
BONE 111 0.538764
BONE 87 0.001587

VERT 44
OFFSET 19.152655, -14.687229, 40.502953
BONES 3
BONE 89 0.071414
BONE 101 0.314215
BONE 111 0.614371

VERT 45
OFFSET 19.064060, -14.973335, 40.804142
BONES 5
BONE 79 0.000000
BONE 85 0.114253
BONE 97 0.402198
BONE 107 0.481155
BONE 89 0.002395

VERT 46
OFFSET 17.964893, -14.938910, 40.199718
BONES 2
BONE 97 0.064656
BONE 107 0.935344

VERT 47
OFFSET 18.825945, -15.761046, 40.918232
BONES 3
BONE 85 0.036531
BONE 97 0.558296
BONE 107 0.405173

VERT 48
OFFSET 18.295815, -16.410107, 41.090076
BONES 2
BONE 95 0.008593
BONE 105 0.991407

VERT 49
OFFSET 18.459225, -16.415966, 42.225975
BONES 4
BONE 79 0.000000
BONE 83 0.009127
BONE 95 0.323142
BONE 105 0.667731

VERT 50
OFFSET 19.316938, -16.320942, 41.697811
BONES 3
BONE 83 0.004495
BONE 95 0.328917
BONE 105 0.666588

VERT 51
OFFSET 15.610463, -14.913846, 41.987411
BONES 2
BONE 103 0.000001
BONE 113 0.999999

VERT 52
OFFSET 19.413435, -12.639241, 39.643150
BONES 4
BONE 79 0.000000
BONE 87 0.007948
BONE 99 0.165365
BONE 109 0.826687

VERT 53
OFFSET 19.721666, -13.876635, 40.002354
BONES 4
BONE 89 0.123863
BONE 101 0.403375
BONE 111 0.468690
BONE 87 0.004072

VERT 54
OFFSET 18.470070, -14.514021, 40.032627
BONES 4
BONE 85 0.000003
BONE 97 0.135007
BONE 107 0.864990
BONE 89 0.000000

VERT 55
OFFSET 19.307934, -14.847450, 40.302612
BONES 3
BONE 89 0.010069
BONE 101 0.544306
BONE 111 0.445625

VERT 56
OFFSET 19.282328, -15.258792, 40.407539
BONES 4
BONE 85 0.043000
BONE 97 0.433083
BONE 107 0.523916
BONE 89 0.000000

VERT 57
OFFSET 18.721291, -16.699772, 42.205761
BONES 3
BONE 83 0.000002
BONE 95 0.279671
BONE 105 0.720328

VERT 58
OFFSET 18.519886, -14.873799, 40.090088
BONES 4
BONE 85 0.000001
BONE 97 0.148829
BONE 107 0.851169
BONE 89 0.000000

VERT 59
OFFSET 18.403688, -14.624068, 40.530960
BONES 4
BONE 85 0.000002
BONE 97 0.181898
BONE 107 0.818100
BONE 89 0.000000

VERT 60
OFFSET 18.086365, -15.383687, 40.605789
BONES 3
BONE 85 0.001475
BONE 97 0.228185
BONE 107 0.770340

VERT 61
OFFSET 18.257605, -16.649469, 41.609695
BONES 2
BONE 95 0.069056
BONE 105 0.930944

VERT 62
OFFSET 18.867455, -16.264629, 41.142250
BONES 3
BONE 83 0.000000
BONE 95 0.099977
BONE 105 0.900023

VERT 63
OFFSET 18.880877, -5.101913, 46.076542
BONES 2
BONE 44 0.772983
BONE 81 0.227017

VERT 64
OFFSET 17.628674, -4.857537, 44.621609
BONES 2
BONE 44 0.747319
BONE 81 0.252681

VERT 65
OFFSET 15.650005, -5.754500, 45.407661
BONES 2
BONE 44 0.840904
BONE 81 0.159096

VERT 66
OFFSET 15.747013, -6.501327, 47.170059
BONES 2
BONE 44 0.838754
BONE 81 0.161246

VERT 67
OFFSET 17.149435, -6.486502, 48.167240
BONES 2
BONE 44 0.818425
BONE 81 0.181575

VERT 68
OFFSET 15.287117, -1.802740, 51.149246
BONES 4
BONE 28 0.877262
BONE 44 0.072541
BONE 74 0.007465
BONE 42 0.042732

VERT 69
OFFSET 13.099890, 1.846878, 51.424667
BONES 5
BONE 19 0.005213
BONE 28 0.629767
BONE 44 0.055906
BONE 74 0.251238
BONE 42 0.057876

VERT 70
OFFSET 11.084201, 0.923057, 49.563583
BONES 5
BONE 19 0.003843
BONE 28 0.555046
BONE 44 0.091499
BONE 74 0.258708
BONE 42 0.090904

VERT 71
OFFSET 11.514964, -2.416193, 50.925529
BONES 4
BONE 28 0.600297
BONE 44 0.065704
BONE 74 0.277486
BONE 42 0.056513

VERT 72
OFFSET 13.366896, -1.662172, 52.470417
BONES 4
BONE 28 0.724336
BONE 44 0.011215
BONE 74 0.258541
BONE 42 0.005908

VERT 73
OFFSET 14.103879, -0.058584, 52.513176
BONES 4
BONE 28 0.755754
BONE 44 0.020838
BONE 74 0.204793
BONE 42 0.018614

VERT 74
OFFSET -17.557501, -13.492305, 43.973576
BONES 5
BONE 80 0.642718
BONE 92 0.207735
BONE 104 0.096478
BONE 114 0.000004
BONE 84 0.053065

VERT 75
OFFSET -16.275139, -14.037158, 43.378849
BONES 4
BONE 80 0.015929
BONE 92 0.072841
BONE 104 0.454422
BONE 114 0.456807

VERT 76
OFFSET -16.833027, -13.903628, 42.842052
BONES 4
BONE 80 0.000000
BONE 92 0.013134
BONE 104 0.502411
BONE 114 0.484455

VERT 77
OFFSET -19.421064, -14.637673, 42.768936
BONES 6
BONE 80 0.059565
BONE 84 0.310316
BONE 96 0.149346
BONE 106 0.003625
BONE 86 0.456463
BONE 98 0.020684

VERT 78
OFFSET -18.431440, -14.818213, 43.622833
BONES 5
BONE 80 0.321372
BONE 84 0.598351
BONE 96 0.078450
BONE 106 0.001826
BONE 86 0.000001

VERT 79
OFFSET -16.583471, -11.084444, 44.098511
BONES 5
BONE 80 0.658925
BONE 92 0.086789
BONE 104 0.023862
BONE 114 0.000000
BONE 82 0.230424

VERT 80
OFFSET -20.039711, -13.977362, 42.001125
BONES 6
BONE 80 0.095750
BONE 86 0.417733
BONE 98 0.122328
BONE 108 0.000000
BONE 90 0.331881
BONE 102 0.032309

VERT 81
OFFSET -20.309761, -13.107333, 41.382359
BONES 5
BONE 80 0.087813
BONE 90 0.440226
BONE 102 0.134438
BONE 88 0.294454
BONE 100 0.043069

VERT 82
OFFSET -16.435957, -13.363086, 42.365852
BONES 3
BONE 92 0.007466
BONE 104 0.469075
BONE 114 0.523459

VERT 83
OFFSET -19.858644, -14.613954, 41.298344
BONES 6
BONE 80 0.015618
BONE 86 0.489719
BONE 98 0.366877
BONE 108 0.000000
BONE 90 0.116132
BONE 102 0.011653

VERT 84
OFFSET -20.305769, -13.808394, 40.669052
BONES 5
BONE 80 0.005917
BONE 90 0.573997
BONE 102 0.382270
BONE 88 0.034866
BONE 100 0.002951

VERT 85
OFFSET -17.747873, -12.119706, 45.397961
BONES 4
BONE 80 0.785177
BONE 92 0.088469
BONE 104 0.000001
BONE 82 0.126354

VERT 86
OFFSET -19.001583, -14.860553, 44.077267
BONES 4
BONE 80 0.310752
BONE 84 0.641548
BONE 96 0.047700
BONE 106 0.000000

VERT 87
OFFSET -19.798101, -9.917576, 42.967567
BONES 3
BONE 80 0.746761
BONE 88 0.004150
BONE 82 0.249089

VERT 88
OFFSET -20.870235, -12.885771, 42.279922
BONES 6
BONE 80 0.359941
BONE 86 0.011279
BONE 90 0.560741
BONE 102 0.000000
BONE 88 0.068039
BONE 82 0.000000

VERT 89
OFFSET -20.460709, -11.971525, 41.184254
BONES 4
BONE 80 0.531554
BONE 88 0.385180
BONE 100 0.083266
BONE 110 0.000000

VERT 90
OFFSET -15.638126, -13.338403, 42.854866
BONES 4
BONE 80 0.000308
BONE 92 0.036576
BONE 104 0.502531
BONE 114 0.460585

VERT 91
OFFSET -20.691162, -13.407981, 42.767815
BONES 4
BONE 80 0.415720
BONE 86 0.214812
BONE 90 0.369468
BONE 82 0.000000

VERT 92
OFFSET -20.331339, -14.765595, 41.304146
BONES 6
BONE 80 0.000000
BONE 86 0.000001
BONE 98 0.000000
BONE 90 0.580126
BONE 102 0.419871
BONE 112 0.000001

VERT 93
OFFSET -20.625587, -13.803082, 40.785625
BONES 5
BONE 80 0.026492
BONE 90 0.522540
BONE 102 0.438404
BONE 88 0.012303
BONE 100 0.000262

VERT 94
OFFSET -20.237795, -10.569921, 44.191170
BONES 4
BONE 80 0.798801
BONE 90 0.000936
BONE 88 0.000460
BONE 82 0.199803

VERT 95
OFFSET -19.791224, -9.513827, 44.817814
BONES 3
BONE 45 0.058797
BONE 80 0.283613
BONE 82 0.657591

VERT 96
OFFSET -18.620358, -10.360581, 45.975182
BONES 3
BONE 45 0.088521
BONE 80 0.179034
BONE 82 0.732445

VERT 97
OFFSET -19.140072, -11.953468, 45.402588
BONES 5
BONE 80 0.837881
BONE 92 0.000003
BONE 84 0.005650
BONE 86 0.004312
BONE 82 0.152154

VERT 98
OFFSET -17.573355, -10.515156, 45.935570
BONES 3
BONE 45 0.079805
BONE 80 0.136389
BONE 82 0.783806

VERT 99
OFFSET -17.141014, -10.123138, 45.029118
BONES 3
BONE 45 0.074426
BONE 80 0.139569
BONE 82 0.786006

VERT 100
OFFSET -19.232174, -8.811087, 44.015736
BONES 3
BONE 45 0.041344
BONE 80 0.183588
BONE 82 0.775068

VERT 101
OFFSET -19.828630, -14.440238, 43.415749
BONES 6
BONE 80 0.241764
BONE 84 0.528968
BONE 96 0.062661
BONE 106 0.000000
BONE 86 0.166606
BONE 98 0.000000

VERT 102
OFFSET -19.269268, -16.059322, 43.354885
BONES 4
BONE 80 0.000002
BONE 84 0.493284
BONE 96 0.494739
BONE 106 0.011975

VERT 103
OFFSET -19.900309, -15.645103, 42.759880
BONES 6
BONE 80 0.000000
BONE 84 0.493001
BONE 96 0.469525
BONE 106 0.018109
BONE 86 0.019364
BONE 98 0.000000

VERT 104
OFFSET -18.766754, -15.888786, 43.068901
BONES 4
BONE 80 0.010821
BONE 84 0.422528
BONE 96 0.545049
BONE 106 0.021603

VERT 105
OFFSET -19.890366, -15.675331, 42.026031
BONES 6
BONE 80 0.005479
BONE 84 0.004115
BONE 86 0.713830
BONE 98 0.276310
BONE 108 0.000000
BONE 90 0.000266

VERT 106
OFFSET -20.416792, -15.099577, 41.439056
BONES 6
BONE 80 0.005957
BONE 84 0.000000
BONE 86 0.655108
BONE 98 0.327884
BONE 108 0.000000
BONE 90 0.011051

VERT 107
OFFSET -20.419933, -12.568632, 40.328991
BONES 4
BONE 80 0.045764
BONE 88 0.531272
BONE 100 0.402121
BONE 110 0.020843

VERT 108
OFFSET -19.273930, -12.624664, 45.025562
BONES 5
BONE 80 0.800168
BONE 92 0.000003
BONE 84 0.087196
BONE 86 0.032787
BONE 82 0.079847

VERT 109
OFFSET -20.286158, -12.328986, 44.122478
BONES 5
BONE 80 0.744037
BONE 84 0.000001
BONE 86 0.098077
BONE 90 0.063967
BONE 82 0.093918

VERT 110
OFFSET -20.486261, -11.254025, 43.636677
BONES 5
BONE 80 0.781705
BONE 86 0.000000
BONE 90 0.064899
BONE 88 0.031905
BONE 82 0.121490

VERT 111
OFFSET -19.894257, -12.602444, 40.012779
BONES 4
BONE 80 0.010784
BONE 88 0.148392
BONE 100 0.373150
BONE 110 0.467675

VERT 112
OFFSET -19.450609, -12.639239, 39.643150
BONES 3
BONE 88 0.009369
BONE 100 0.182825
BONE 110 0.807807

VERT 113
OFFSET -18.764471, -13.413156, 39.530602
BONES 2
BONE 102 0.034760
BONE 112 0.965240

VERT 114
OFFSET -19.566765, -13.966057, 40.078278
BONES 5
BONE 80 0.000190
BONE 90 0.075565
BONE 102 0.395378
BONE 112 0.526799
BONE 88 0.002067

VERT 115
OFFSET -18.507244, -14.514021, 40.032627
BONES 2
BONE 102 0.098538
BONE 112 0.901462

VERT 116
OFFSET -19.189829, -14.687229, 40.502956
BONES 3
BONE 90 0.084912
BONE 102 0.320094
BONE 112 0.594994

VERT 117
OFFSET -18.002064, -14.938909, 40.199715
BONES 2
BONE 98 0.077660
BONE 108 0.922340

VERT 118
OFFSET -18.123537, -15.383687, 40.605785
BONES 3
BONE 86 0.001445
BONE 98 0.237338
BONE 108 0.761217

VERT 119
OFFSET -18.440859, -14.624067, 40.530960
BONES 3
BONE 86 0.000000
BONE 98 0.195164
BONE 108 0.804836

VERT 120
OFFSET -18.294777, -16.649471, 41.609695
BONES 3
BONE 84 0.000000
BONE 96 0.071045
BONE 106 0.928955

VERT 121
OFFSET -18.496397, -16.415966, 42.225979
BONES 3
BONE 84 0.008486
BONE 96 0.333890
BONE 106 0.657623

VERT 122
OFFSET -19.354111, -16.320942, 41.697815
BONES 3
BONE 84 0.005100
BONE 96 0.338657
BONE 106 0.656243

VERT 123
OFFSET -18.904627, -16.264631, 41.142250
BONES 2
BONE 96 0.110720
BONE 106 0.889280

VERT 124
OFFSET -19.758837, -13.876633, 40.002354
BONES 4
BONE 90 0.139953
BONE 102 0.407132
BONE 112 0.448471
BONE 88 0.004444

VERT 125
OFFSET -19.345108, -14.847450, 40.302612
BONES 3
BONE 90 0.018228
BONE 102 0.565563
BONE 112 0.416210

VERT 126
OFFSET -19.101231, -14.973335, 40.804142
BONES 4
BONE 86 0.134493
BONE 98 0.407645
BONE 108 0.454831
BONE 90 0.003031

VERT 127
OFFSET -19.319498, -15.258792, 40.407536
BONES 3
BONE 86 0.053493
