// Export filename: `C:\projects\cod\t5\xanim_export\t5_viewmodels\ak74u\ak74u_grip_d2p_out.XANIM_EXPORT`
// Source filename: `D:\projects\devanim\t5\animation_assets\viewmodels\ak74u/t5_viewmodel_ak74u_animated.fbx`
// Export time: Sat Aug 28 17:51:59 2010

ANIMATION
VERSION 3

NUMPARTS 80
PART 0 "tag_ads"
PART 1 "tag_torso"
PART 2 "J_Shoulder_LE"
PART 3 "J_Elbow_LE"
PART 4 "J_WristTwist_LE"
PART 5 "J_Sleave_Reshape_Bottom_LE_1"
PART 6 "J_Sleave_Reshape_Bottom_LE_2"
PART 7 "J_Sleave_Reshape_Top_LE_1"
PART 8 "J_Sleave_Reshape_Top_LE_2"
PART 9 "J_Sleave_Reshape_Top_LE_3"
PART 10 "J_Wrist_LE"
PART 11 "J_Thumb_LE_0"
PART 12 "J_Thumb_LE_1"
PART 13 "J_Thumb_LE_2"
PART 14 "J_Thumb_LE_3"
PART 15 "J_PinkyPalm_LE"
PART 16 "J_Pinky_LE_0"
PART 17 "J_Pinky_LE_1"
PART 18 "J_Pinky_LE_2"
PART 19 "J_Pinky_LE_3"
PART 20 "J_RingPalm_LE"
PART 21 "J_Ring_LE_0"
PART 22 "J_Ring_LE_1"
PART 23 "J_Ring_LE_2"
PART 24 "J_Ring_LE_3"
PART 25 "J_Webbing_LE"
PART 26 "J_Index_LE_0"
PART 27 "J_Index_LE_1"
PART 28 "J_Index_LE_2"
PART 29 "J_Index_LE_3"
PART 30 "J_Mid_LE_0"
PART 31 "J_Mid_LE_1"
PART 32 "J_Mid_LE_2"
PART 33 "J_Mid_LE_3"
PART 34 "tag_knife_attach"
PART 35 "D_Sleave_Reshape_Bottom_LE_1"
PART 36 "D_Sleave_Reshape_Bottom_LE_2"
PART 37 "D_Sleave_Reshape_Top_LE_1"
PART 38 "D_Sleave_Reshape_Top_LE_2"
PART 39 "D_Sleave_Reshape_Top_LE_3"
PART 40 "tag_weapon"
PART 41 "J_Gun"
PART 42 "TAG_CLIP"
PART 43 "J_Bolt"
PART 44 "J_Shoulder_RI"
PART 45 "J_Elbow_RI"
PART 46 "J_WristTwist_RI"
PART 47 "J_Sleave_Reshape_Top_RI_3"
PART 48 "J_Sleave_Reshape_Top_RI_2"
PART 49 "J_Sleave_Reshape_Top_RI_1"
PART 50 "J_Wrist_RI"
PART 51 "J_Thumb_RI_0"
PART 52 "J_Thumb_RI_1"
PART 53 "J_Thumb_RI_2"
PART 54 "J_Thumb_RI_3"
PART 55 "J_PinkyPalm_RI"
PART 56 "J_Pinky_RI_0"
PART 57 "J_Pinky_RI_1"
PART 58 "J_Pinky_RI_2"
PART 59 "J_Pinky_RI_3"
PART 60 "J_RingPalm_RI"
PART 61 "J_Ring_RI_0"
PART 62 "J_Ring_RI_1"
PART 63 "J_Ring_RI_2"
PART 64 "J_Ring_RI_3"
PART 65 "J_Webbing_RI"
PART 66 "J_Index_RI_0"
PART 67 "J_Index_RI_1"
PART 68 "J_Index_RI_2"
PART 69 "J_Index_RI_3"
PART 70 "J_Mid_RI_0"
PART 71 "J_Mid_RI_1"
PART 72 "J_Mid_RI_2"
PART 73 "J_Mid_RI_3"
PART 74 "D_Sleave_Reshape_Top_RI_3"
PART 75 "D_Sleave_Reshape_Top_RI_2"
PART 76 "D_Sleave_Reshape_Top_RI_1"
PART 77 "tag_cambone"
PART 78 "tag_camera"
PART 79 "tag_gasmask"

FRAMERATE 30
NUMFRAMES 11

FRAME 4025
PART 0
OFFSET  0.0000 -0.0000 -0.0000
X  1.0000 -0.0000  0.0000
Y  0.0000  1.0000  0.0000
Z  0.0000 -0.0000  1.0000

PART 1
OFFSET -4.6318 -0.0000 -1.3770
X  1.0000 -0.0000  0.0000
Y  0.0000  1.0000  0.0000
Z  0.0000 -0.0000  1.0000

PART 2
OFFSET -0.5981  7.9556 -8.9029
X  0.8130 -0.1701 -0.5568
Y -0.1412 -0.9854  0.0948
Z -0.5649  0.0015 -0.8252

PART 3
OFFSET  9.2345  5.8987 -15.6373
X  0.6441 -0.5315  0.5501
Y -0.6462  0.0068  0.7632
Z -0.4094 -0.8470 -0.3390

PART 4
OFFSET  14.7127  1.3779 -10.9582
X  0.6441 -0.5315  0.5501
Y -0.6239  0.0510  0.7798
Z -0.4426 -0.8455 -0.2988

PART 5
OFFSET  16.8324  1.9101 -10.0642
X  0.6490 -0.5292  0.5465
Y  0.4168  0.8483  0.3265
Z -0.6364  0.0159  0.7712

PART 6
OFFSET  15.8782  0.2117 -11.6061
X  0.6490 -0.5292  0.5465
Y  0.4168  0.8483  0.3265
Z -0.6364  0.0159  0.7712

PART 7
OFFSET  15.3139  1.0326 -8.5024
X  0.6490 -0.5292  0.5465
Y  0.4168  0.8483  0.3265
Z -0.6364  0.0159  0.7712

PART 8
OFFSET  14.5680 -0.0351 -8.8416
X  0.6490 -0.5292  0.5465
Y  0.4168  0.8483  0.3265
Z -0.6364  0.0159  0.7712

PART 9
OFFSET  14.6924 -0.3511 -9.9907
X  0.6490 -0.5292  0.5465
Y  0.4168  0.8483  0.3265
Z -0.6364  0.0159  0.7712

PART 10
OFFSET  16.6872 -0.2516 -9.2717
X  0.8409 -0.5130  0.1724
Y -0.2899 -0.1580  0.9439
Z -0.4570 -0.8437 -0.2816

PART 11
OFFSET  16.5981 -0.9812 -8.3988
X  0.1488 -0.9525  0.2657
Y -0.4140  0.1840  0.8915
Z -0.8980 -0.2427 -0.3670

PART 12
OFFSET  16.8279 -3.0318 -7.7569
X  0.6387 -0.6015 -0.4799
Y -0.1715 -0.7192  0.6733
Z -0.7501 -0.3478 -0.5625

PART 13
OFFSET  17.7852 -3.9989 -8.6348
X  0.4312  0.1381 -0.8916
Y  0.3402 -0.9402  0.0190
Z -0.8356 -0.3115 -0.4524

PART 14
OFFSET  18.2190 -3.8799 -9.6194
X  0.9252  0.1083 -0.3637
Y  0.2839  0.4383  0.8528
Z  0.2517 -0.8923  0.3747

PART 15
OFFSET  17.6168 -0.6871 -10.1934
X  0.8353 -0.3667 -0.4096
Y -0.5069 -0.8020 -0.3158
Z -0.2127  0.4715 -0.8559

PART 16
OFFSET  19.4625 -1.6780 -11.0277
X  0.1075 -0.9891 -0.1010
Y -0.9633 -0.1288  0.2357
Z -0.2461  0.0720 -0.9666

PART 17
OFFSET  19.6147 -3.0783 -11.1708
X -0.9459 -0.2527  0.2036
Y -0.2415  0.9672  0.0786
Z -0.2168  0.0252 -0.9759

PART 18
OFFSET  18.7761 -3.3023 -10.9903
X -0.8413  0.4844  0.2400
Y  0.4920  0.8700 -0.0311
Z -0.2239  0.0920 -0.9703

PART 19
OFFSET  17.9768 -2.8422 -10.7622
X  0.3670 -0.9299 -0.0238
Y  0.8845  0.3567 -0.3005
Z  0.2880  0.0893  0.9535

PART 20
OFFSET  17.6729 -0.7871 -9.4888
X  0.8865 -0.4448 -0.1275
Y -0.4610 -0.8253 -0.3262
Z  0.0399  0.3480 -0.9367

PART 21
OFFSET  19.9899 -1.8716 -9.9517
X -0.0709 -0.9595 -0.2726
Y -0.9835  0.0217  0.1795
Z -0.1663  0.2808 -0.9453

PART 22
OFFSET  19.8692 -3.5052 -10.4157
X -0.9864 -0.0759  0.1457
Y -0.0353  0.9640  0.2635
Z -0.1604  0.2548 -0.9536

PART 23
OFFSET  18.5021 -3.6104 -10.2138
X -0.5369  0.7894  0.2975
Y  0.8294  0.5584  0.0151
Z -0.1542  0.2549 -0.9546

PART 24
OFFSET  17.9197 -2.7542 -9.8911
X -0.0415 -0.9532 -0.2993
Y  0.9931 -0.0064 -0.1172
Z  0.1098 -0.3021  0.9469

PART 25
OFFSET  18.5741 -2.5361 -7.3923
X  0.7202 -0.6867 -0.0986
Y  0.6699  0.6514  0.3562
Z -0.1804 -0.3226  0.9292

PART 26
OFFSET  19.9150 -2.0562 -7.7833
X  0.2377 -0.9323 -0.2727
Y -0.9682 -0.2050 -0.1433
Z  0.0777  0.2981 -0.9514

PART 27
OFFSET  20.3335 -3.6976 -8.2635
X -0.9653 -0.1506 -0.2133
Y -0.2012  0.9497  0.2401
Z  0.1664  0.2747 -0.9470

PART 28
OFFSET  19.1499 -3.8973 -8.4652
X -0.7047  0.6966  0.1350
Y  0.7092  0.6858  0.1631
Z  0.0210  0.2106 -0.9773

PART 29
OFFSET  18.3539 -3.1105 -8.3127
X -0.4049 -0.7867 -0.4661
Y  0.8751 -0.4812  0.0520
Z -0.2652 -0.3868  0.8832

PART 30
OFFSET  20.0578 -1.9814 -8.8762
X  0.0552 -0.9740 -0.2199
Y -0.9985 -0.0525 -0.0183
Z  0.0063  0.2206 -0.9753

PART 31
OFFSET  20.1657 -3.8841 -9.3058
X -0.9998  0.0160  0.0127
Y  0.0188  0.9656  0.2594
Z -0.0081  0.2596 -0.9657

PART 32
OFFSET  18.7054 -3.8607 -9.2873
X -0.5228  0.8137  0.2540
Y  0.8523  0.4921  0.1776
Z  0.0195  0.3093 -0.9508

PART 33
OFFSET  18.1128 -2.9372 -9.0064
X -0.1447 -0.9580 -0.2474
Y  0.9874 -0.1237 -0.0984
Z  0.0637 -0.2586  0.9639

PART 34
OFFSET  18.4268 -2.8431 -9.7420
X -0.0276  0.3298 -0.9436
Y  0.4570  0.8437  0.2816
Z  0.8890 -0.4235 -0.1740

PART 35
OFFSET  16.6620  1.3878 -10.6917
X  0.6490 -0.5292  0.5465
Y  0.4168  0.8483  0.3265
Z -0.6364  0.0159  0.7712

PART 36
OFFSET  15.8782  0.2117 -11.6061
X  0.6490 -0.5292  0.5465
Y  0.4168  0.8483  0.3265
Z -0.6364  0.0159  0.7712

PART 37
OFFSET  15.3139  1.0326 -8.5024
X  0.6490 -0.5292  0.5465
Y  0.4168  0.8483  0.3265
Z -0.6364  0.0159  0.7712

PART 38
OFFSET  14.5680 -0.0351 -8.8416
X  0.6490 -0.5292  0.5465
Y  0.4168  0.8483  0.3265
Z -0.6364  0.0159  0.7712

PART 39
OFFSET  14.6924 -0.3511 -9.9907
X  0.6490 -0.5292  0.5465
Y  0.4168  0.8483  0.3265
Z -0.6364  0.0159  0.7712

PART 40
OFFSET  7.7916 -2.2763 -5.9335
X  0.9915 -0.0606 -0.1148
Y  0.0830  0.9759  0.2020
Z  0.0998 -0.2098  0.9726

PART 41
OFFSET  7.7916 -2.2763 -5.9335
X  0.9915 -0.0606 -0.1148
Y  0.0830  0.9759  0.2020
Z  0.0998 -0.2098  0.9726

PART 42
OFFSET  11.9969 -2.5753 -6.1424
X  0.9915 -0.0606 -0.1148
Y  0.0830  0.9759  0.2020
Z  0.0998 -0.2098  0.9726

PART 43
OFFSET  14.4790 -3.9305 -4.8323
X  0.9915 -0.0606 -0.1148
Y  0.0830  0.9759  0.2020
Z  0.0998 -0.2098  0.9726

PART 44
OFFSET -11.8576 -7.9373 -3.1869
X -0.4532 -0.0147  0.8913
Y -0.1059 -0.9919 -0.0703
Z  0.8851 -0.1263  0.4480

PART 45
OFFSET -6.3763 -7.7591 -13.9659
X -0.7734 -0.3942 -0.4965
Y  0.5218  0.0489 -0.8516
Z  0.3600 -0.9177  0.1679

PART 46
OFFSET  0.2014 -4.4061 -9.7429
X -0.7734 -0.3942 -0.4965
Y  0.5513 -0.0314 -0.8337
Z  0.3131 -0.9185  0.2416

PART 47
OFFSET  0.5156 -2.8248 -8.5912
X -0.7774 -0.3920 -0.4919
Y -0.3653  0.9180 -0.1542
Z  0.5120  0.0598 -0.8569

PART 48
OFFSET  0.5303 -3.2769 -7.4816
X -0.7774 -0.3920 -0.4919
Y -0.3653  0.9180 -0.1542
Z  0.5120  0.0598 -0.8569

PART 49
OFFSET  1.1967 -4.4427 -7.3934
X -0.7774 -0.3920 -0.4919
Y -0.3653  0.9180 -0.1542
Z  0.5120  0.0598 -0.8569

PART 50
OFFSET  2.5723 -3.1975 -8.2207
X -0.9844 -0.0256 -0.1740
Y  0.1739  0.0072 -0.9847
Z  0.0264 -0.9996 -0.0026

PART 51
OFFSET  2.8364 -2.7825 -7.1911
X -0.6045 -0.5185 -0.6047
Y  0.5115  0.3293 -0.7937
Z  0.6107 -0.7891  0.0661

PART 52
OFFSET  4.0560 -1.6526 -5.8106
X -0.8990 -0.3381  0.2785
Y -0.1875 -0.2775 -0.9423
Z  0.3959 -0.8993  0.1860

PART 53
OFFSET  5.4517 -1.0227 -6.3372
X -0.4465 -0.1659  0.8793
Y -0.7445 -0.4761 -0.4680
Z  0.4963 -0.8636  0.0890

PART 54
OFFSET  5.9245 -0.7956 -7.2841
X -0.8018  0.3341  0.4954
Y  0.1037  0.8943 -0.4353
Z -0.5885 -0.2977 -0.7517

PART 55
OFFSET  3.5861 -2.9662 -9.1274
X -0.9252 -0.2573  0.2788
Y  0.2630 -0.9646 -0.0175
Z  0.2735  0.0572  0.9602

PART 56
OFFSET  5.6725 -2.2614 -9.6119
X -0.1811 -0.9759 -0.1220
Y  0.8992 -0.1140 -0.4224
Z  0.3983 -0.1862  0.8982

PART 57
OFFSET  5.9289 -0.8798 -9.4391
X  0.6917 -0.5796 -0.4308
Y  0.6222  0.7811 -0.0518
Z  0.3665 -0.2322  0.9010

PART 58
OFFSET  5.3156 -0.3659 -9.0572
X  0.8912  0.3016 -0.3389
Y -0.2121  0.9374  0.2763
Z  0.4010 -0.1743  0.8993

PART 59
OFFSET  4.4689 -0.6524 -8.7352
X -0.6065 -0.7939 -0.0443
Y -0.6829  0.4916  0.5403
Z -0.4072  0.3579 -0.8403

PART 60
OFFSET  3.6908 -3.1050 -8.4351
X -0.9772 -0.1875  0.0997
Y  0.1906 -0.9814  0.0226
Z  0.0936  0.0411  0.9948

PART 61
OFFSET  6.2173 -2.6462 -8.8410
X -0.1943 -0.9809 -0.0037
Y  0.8888 -0.1744 -0.4238
Z  0.4151 -0.0857  0.9057

PART 62
OFFSET  6.5481 -0.9762 -8.8347
X  0.8164 -0.4061 -0.4106
Y  0.4143  0.9072 -0.0734
Z  0.4023 -0.1102  0.9089

PART 63
OFFSET  5.4166 -0.4134 -8.2657
X  0.8304  0.4652 -0.3066
Y -0.3909  0.8786  0.2744
Z  0.3971 -0.1080  0.9114

PART 64
OFFSET  4.5160 -0.9180 -7.9331
X -0.4375 -0.8883  0.1393
Y -0.8129  0.4570  0.3611
Z -0.3845  0.0448 -0.9220

PART 65
OFFSET -1.6577 -3.8458 -8.1137
X -0.9525 -0.3034  0.0260
Y -0.3045  0.9486 -0.0865
Z  0.0016 -0.0903 -0.9959

PART 66
OFFSET  6.2867 -3.4749 -6.8010
X -0.9921 -0.1205  0.0340
Y  0.1167 -0.9882 -0.0988
Z  0.0455 -0.0940  0.9945

PART 67
OFFSET  8.0335 -3.2627 -6.8608
X -0.9875 -0.1531  0.0370
Y  0.1513 -0.9874 -0.0462
Z  0.0436 -0.0400  0.9982

PART 68
OFFSET  9.2367 -3.0791 -6.8452
X -0.9874 -0.1548 -0.0330
Y  0.1567 -0.9854 -0.0663
Z -0.0223 -0.0706  0.9973

PART 69
OFFSET  10.3520 -2.9043 -6.8079
X  0.1737  0.9201  0.3511
Y  0.9827 -0.1390 -0.1220
Z -0.0634  0.3662 -0.9284

PART 70
OFFSET  6.3656 -3.2905 -7.8874
X -0.3171 -0.9471  0.0493
Y  0.9188 -0.3197 -0.2314
Z  0.2349 -0.0281  0.9716

PART 71
OFFSET  6.9851 -1.4403 -7.9836
X  0.7752 -0.5961 -0.2090
Y  0.5743  0.8029 -0.1596
Z  0.2630  0.0037  0.9648

PART 72
OFFSET  5.8528 -0.5696 -7.6783
X  0.8840  0.3783 -0.2747
Y -0.3803  0.9236  0.0485
Z  0.2721  0.0616  0.9603

PART 73
OFFSET  4.8495 -0.9979 -7.3740
X -0.4523 -0.8840  0.1183
Y -0.8373  0.4666  0.2849
Z -0.3071  0.0298 -0.9512

PART 74
OFFSET  0.5155 -2.8248 -8.5912
X -0.7774 -0.3920 -0.4919
Y -0.3653  0.9180 -0.1542
Z  0.5120  0.0598 -0.8569

PART 75
OFFSET  0.5301 -3.2767 -7.4815
X -0.7774 -0.3920 -0.4919
Y -0.3653  0.9180 -0.1542
Z  0.5120  0.0598 -0.8569

PART 76
OFFSET  1.1967 -4.4427 -7.3935
X -0.7774 -0.3920 -0.4919
Y -0.3653  0.9180 -0.1542
Z  0.5120  0.0598 -0.8569

PART 77
OFFSET  0.0000 -0.0000 -0.0000
X  1.0000 -0.0000  0.0000
Y  0.0000  1.0000  0.0000
Z  0.0000 -0.0000  1.0000

PART 78
OFFSET  0.0000 -0.0000 -0.0000
X  0.9986 -0.0000  0.0523
Y  0.0046  0.9962 -0.0870
Z -0.0521  0.0872  0.9948

PART 79
OFFSET  1.3227  0.3605  4.1950
X  0.9986 -0.0000  0.0523
Y  0.0046  0.9962 -0.0870
Z -0.0521  0.0872  0.9948


FRAME 4026
PART 0
OFFSET  0.0000 -0.0000 -0.0000
X  1.0000 -0.0000  0.0000
Y  0.0000  1.0000  0.0000
Z  0.0000 -0.0000  1.0000

PART 1
OFFSET -4.6318 -0.0000 -1.3770
X  1.0000 -0.0000  0.0000
Y  0.0000  1.0000  0.0000
Z  0.0000 -0.0000  1.0000

PART 2
OFFSET -0.5189  7.9577 -8.9346
X  0.7988 -0.1806 -0.5738
Y -0.1473 -0.9836  0.1045
Z -0.5833  0.0010 -0.8123

PART 3
OFFSET  9.1418  5.7740 -15.8746
X  0.6419 -0.5331  0.5512
Y -0.6389  0.0257  0.7688
Z -0.4240 -0.8457 -0.3241

PART 4
OFFSET  14.6012  1.2398 -11.1864
X  0.6419 -0.5331  0.5512
Y -0.6134  0.0744  0.7863
Z -0.4601 -0.8428 -0.2793

PART 5
OFFSET  16.7361  1.7545 -10.3189
X  0.6468 -0.5309  0.5475
Y  0.4313  0.8467  0.3115
Z -0.6289  0.0347  0.7767

PART 6
OFFSET  15.7447  0.0494 -11.8295
X  0.6468 -0.5309  0.5475
Y  0.4313  0.8467  0.3115
Z -0.6289  0.0347  0.7767

PART 7
OFFSET  15.2204  0.9184 -8.7319
X  0.6468 -0.5309  0.5475
Y  0.4313  0.8467  0.3115
Z -0.6289  0.0347  0.7767

PART 8
OFFSET  14.4569 -0.1433 -9.0502
X  0.6468 -0.5309  0.5475
Y  0.4313  0.8467  0.3115
Z -0.6289  0.0347  0.7767

PART 9
OFFSET  14.5663 -0.4759 -10.1961
X  0.6468 -0.5309  0.5475
Y  0.4313  0.8467  0.3115
Z -0.6289  0.0347  0.7767

PART 10
OFFSET  16.5689 -0.3944 -9.4966
X  0.8507 -0.4954  0.1757
Y -0.2693 -0.1238  0.9551
Z -0.4514 -0.8598 -0.2387

PART 11
OFFSET  16.5064 -1.0898 -8.5940
X  0.1664 -0.9393  0.3001
Y -0.3989  0.2142  0.8916
Z -0.9018 -0.2681 -0.3390

PART 12
OFFSET  16.7754 -3.1102 -7.8762
X  0.6370 -0.6123 -0.4684
Y -0.1489 -0.6939  0.7045
Z -0.7563 -0.3791 -0.5332

PART 13
OFFSET  17.7279 -4.0997 -8.7341
X  0.4119  0.1077 -0.9048
Y  0.3528 -0.9344  0.0493
Z -0.8402 -0.3395 -0.4229

PART 14
OFFSET  18.1409 -4.0146 -9.7311
X  0.9164  0.1050 -0.3861
Y  0.2948  0.4753  0.8290
Z  0.2706 -0.8735  0.4046

PART 15
OFFSET  17.4860 -0.8549 -10.4188
X  0.8319 -0.3724 -0.4114
Y -0.5025 -0.8201 -0.2736
Z -0.2355  0.4344 -0.8694

PART 16
OFFSET  19.3278 -1.8555 -11.2501
X  0.1184 -0.9909 -0.0640
Y -0.9567 -0.1311  0.2599
Z -0.2659  0.0304 -0.9635

PART 17
OFFSET  19.4954 -3.2584 -11.3406
X -0.9383 -0.2560  0.2323
Y -0.2525  0.9665  0.0451
Z -0.2361 -0.0163 -0.9716

PART 18
OFFSET  18.6635 -3.4854 -11.1346
X -0.8427  0.4832  0.2375
Y  0.4799  0.8741 -0.0753
Z -0.2440  0.0505 -0.9685

PART 19
OFFSET  17.8629 -3.0263 -10.9090
X  0.3785 -0.9256  0.0057
Y  0.8738  0.3553 -0.3321
Z  0.3053  0.1307  0.9432

PART 20
OFFSET  17.5571 -0.9260 -9.7122
X  0.8896 -0.4386 -0.1275
Y -0.4565 -0.8432 -0.2840
Z  0.0170  0.3108 -0.9503

PART 21
OFFSET  19.8785 -1.9996 -10.1780
X -0.0637 -0.9704 -0.2329
Y -0.9800  0.0168  0.1981
Z -0.1884  0.2409 -0.9521

PART 22
OFFSET  19.7701 -3.6517 -10.5745
X -0.9823 -0.0821  0.1683
Y -0.0427  0.9732  0.2258
Z -0.1823  0.2146 -0.9595

PART 23
OFFSET  18.4087 -3.7656 -10.3413
X -0.5413  0.7940  0.2767
Y  0.8222  0.5687 -0.0236
Z -0.1762  0.2147 -0.9607

PART 24
OFFSET  17.8217 -2.9045 -10.0411
X -0.0349 -0.9648 -0.2605
Y  0.9906  0.0011 -0.1367
Z  0.1322 -0.2628  0.9558

PART 25
OFFSET  18.5218 -2.5790 -7.5665
X  0.7270 -0.6813 -0.0858
Y  0.6682  0.6732  0.3166
Z -0.1580 -0.2875  0.9447

PART 26
OFFSET  19.8484 -2.0986 -8.0029
X  0.2445 -0.9394 -0.2403
Y -0.9681 -0.2224 -0.1156
Z  0.0552  0.2609 -0.9638

PART 27
OFFSET  20.2789 -3.7526 -8.4261
X -0.9673 -0.1708 -0.1878
Y -0.2088  0.9560  0.2063
Z  0.1443  0.2387 -0.9603

PART 28
OFFSET  19.0942 -3.9747 -8.5960
X -0.7109  0.6927  0.1214
Y  0.7033  0.7004  0.1216
Z -0.0008  0.1718 -0.9851

PART 29
OFFSET  18.2912 -3.1922 -8.4589
X -0.4037 -0.8095 -0.4264
Y  0.8821 -0.4680  0.0534
Z -0.2428 -0.3545  0.9030

PART 30
OFFSET  19.9689 -2.0657 -9.1006
X  0.0636 -0.9812 -0.1822
Y -0.9979 -0.0654  0.0038
Z -0.0156  0.1816 -0.9832

PART 31
OFFSET  20.0932 -3.9825 -9.4566
X -0.9995  0.0043  0.0320
Y  0.0112  0.9753  0.2206
Z -0.0303  0.2208 -0.9748

PART 32
OFFSET  18.6333 -3.9763 -9.4098
X -0.5283  0.8167  0.2320
Y  0.8491  0.5092  0.1409
Z -0.0031  0.2714 -0.9625

PART 33
OFFSET  18.0344 -3.0497 -9.1539
X -0.1370 -0.9688 -0.2064
Y  0.9868 -0.1155 -0.1132
Z  0.0859 -0.2192  0.9719

PART 34
OFFSET  18.3327 -2.9811 -9.8988
X -0.0503  0.2916 -0.9552
Y  0.4514  0.8598  0.2387
Z  0.8909 -0.4192 -0.1749

PART 35
OFFSET  16.5528  1.2265 -10.9378
X  0.6468 -0.5309  0.5475
Y  0.4313  0.8467  0.3115
Z -0.6289  0.0347  0.7767

PART 36
OFFSET  15.7447  0.0494 -11.8295
X  0.6468 -0.5309  0.5475
Y  0.4313  0.8467  0.3115
Z -0.6289  0.0347  0.7767

PART 37
OFFSET  15.2204  0.9184 -8.7319
X  0.6468 -0.5309  0.5475
Y  0.4313  0.8467  0.3115
Z -0.6289  0.0347  0.7767

PART 38
OFFSET  14.4569 -0.1433 -9.0502
X  0.6468 -0.5309  0.5475
Y  0.4313  0.8467  0.3115
Z -0.6289  0.0347  0.7767

PART 39
OFFSET  14.5663 -0.4759 -10.1961
X  0.6468 -0.5309  0.5475
Y  0.4313  0.8467  0.3115
Z -0.6289  0.0347  0.7767

PART 40
OFFSET  7.7735 -2.3864 -5.8934
X  0.9897 -0.0536 -0.1329
Y  0.0748  0.9842  0.1605
Z  0.1222 -0.1688  0.9780

PART 41
OFFSET  7.7735 -2.3864 -5.8934
X  0.9897 -0.0536 -0.1329
Y  0.0748  0.9842  0.1605
Z  0.1222 -0.1688  0.9780

PART 42
OFFSET  11.9770 -2.6445 -6.1778
X  0.9897 -0.0536 -0.1329
Y  0.0748  0.9842  0.1605
Z  0.1222 -0.1688  0.9780

PART 43
OFFSET  14.5023 -3.9159 -4.8661
X  0.9897 -0.0536 -0.1329
Y  0.0748  0.9842  0.1605
Z  0.1222 -0.1688  0.9780

PART 44
OFFSET -12.2106 -7.9373 -3.1869
X -0.4749 -0.0050  0.8800
Y -0.1222 -0.9899 -0.0716
Z  0.8715 -0.1415  0.4695

PART 45
OFFSET -6.4672 -7.8766 -13.8298
X -0.7767 -0.3816 -0.5011
Y  0.5307  0.0319 -0.8469
Z  0.3391 -0.9238  0.1777

PART 46
OFFSET  0.1393 -4.6312 -9.5679
X -0.7767 -0.3816 -0.5011
Y  0.5601 -0.0546 -0.8266
Z  0.2881 -0.9227  0.2561

PART 47
OFFSET  0.4757 -3.0486 -8.4244
X -0.7808 -0.3792 -0.4965
Y -0.3445  0.9243 -0.1641
Z  0.5212  0.0429 -0.8524

PART 48
OFFSET  0.4705 -3.4928 -7.3116
X -0.7808 -0.3792 -0.4965
Y -0.3445  0.9243 -0.1641
Z  0.5212  0.0429 -0.8524

PART 49
OFFSET  1.1115 -4.6716 -7.2089
X -0.7808 -0.3792 -0.4965
Y -0.3445  0.9243 -0.1641
Z  0.5212  0.0429 -0.8524

PART 50
OFFSET  2.5205 -3.4614 -8.0317
X -0.9874 -0.0442 -0.1522
Y  0.1536 -0.0310 -0.9876
Z  0.0389 -0.9985  0.0374

PART 51
OFFSET  2.8005 -3.0017 -7.0255
X -0.6102 -0.5498 -0.5704
Y  0.4910  0.3026 -0.8169
Z  0.6218 -0.7785  0.0853

PART 52
OFFSET  4.0336 -1.8022 -5.7178
X -0.8888 -0.3370  0.3107
Y -0.2032 -0.3179 -0.9261
Z  0.4108 -0.8862  0.2140

PART 53
OFFSET  5.4103 -1.1779 -6.2986
X -0.4263 -0.1352  0.8944
Y -0.7479 -0.5035 -0.4326
Z  0.5088 -0.8534  0.1136

PART 54
OFFSET  5.8607 -0.9841 -7.2636
X -0.7957  0.3446  0.4981
Y  0.0835  0.8769 -0.4733
Z -0.5999 -0.3350 -0.7265

PART 55
OFFSET  3.5127 -3.2554 -8.9680
X -0.9160 -0.2566  0.3083
Y  0.2747 -0.9614  0.0161
Z  0.2923  0.0995  0.9511

PART 56
OFFSET  5.5797 -2.5466 -9.5242
X -0.1712 -0.9821 -0.0785
Y  0.8918 -0.1206 -0.4361
Z  0.4188 -0.1447  0.8965

PART 57
OFFSET  5.8222 -1.1561 -9.4130
X  0.6900 -0.5886 -0.4213
Y  0.6112  0.7856 -0.0964
Z  0.3877 -0.1910  0.9018

PART 58
OFFSET  5.2104 -0.6343 -9.0395
X  0.8802  0.2979 -0.3694
Y -0.2182  0.9453  0.2424
Z  0.4214 -0.1328  0.8971

PART 59
OFFSET  4.3742 -0.9173 -8.6885
X -0.5972 -0.8021  0.0006
Y -0.6779  0.5052  0.5341
Z -0.4287  0.3185 -0.8454

PART 60
OFFSET  3.6332 -3.3646 -8.2730
X -0.9725 -0.1947  0.1276
Y  0.2033 -0.9774  0.0584
Z  0.1134  0.0827  0.9901

PART 61
OFFSET  6.1449 -2.8932 -8.7499
X -0.1820 -0.9825  0.0401
Y  0.8821 -0.1812 -0.4349
Z  0.4346 -0.0438  0.8996

PART 62
OFFSET  6.4548 -1.2205 -8.8183
X  0.8129 -0.4129 -0.4108
Y  0.4013  0.9082 -0.1188
Z  0.4221 -0.0683  0.9040

PART 63
OFFSET  5.3281 -0.6483 -8.2490
X  0.8181  0.4620 -0.3425
Y -0.3962  0.8844  0.2467
Z  0.4169 -0.0661  0.9065

PART 64
OFFSET  4.4409 -1.1494 -7.8775
X -0.4234 -0.8870  0.1843
Y -0.8110  0.4618  0.3592
Z -0.4038  0.0026 -0.9149

PART 65
OFFSET -1.6979 -4.1543 -7.8100
X -0.9479 -0.3132  0.0582
Y -0.3181  0.9406 -0.1185
Z -0.0176 -0.1309 -0.9912

PART 66
OFFSET  6.2664 -3.6371 -6.6799
X -0.9896 -0.1306  0.0596
Y  0.1270 -0.9900 -0.0610
Z  0.0670 -0.0528  0.9964

PART 67
OFFSET  8.0088 -3.4071 -6.7848
X -0.9846 -0.1630  0.0638
Y  0.1627 -0.9866 -0.0093
Z  0.0645  0.0012  0.9979

PART 68
OFFSET  9.2097 -3.2088 -6.8018
X -0.9858 -0.1676 -0.0061
Y  0.1677 -0.9854 -0.0295
Z -0.0010 -0.0301  0.9995

PART 69
OFFSET  10.3232 -3.0196 -6.7949
X  0.1693  0.9356  0.3098
Y  0.9817 -0.1323 -0.1368
Z -0.0870  0.3273 -0.9409

PART 70
OFFSET  6.3208 -3.4963 -7.7743
X -0.3041 -0.9480  0.0943
Y  0.9179 -0.3181 -0.2374
Z  0.2550  0.0143  0.9668

PART 71
OFFSET  6.9149 -1.6444 -7.9584
X  0.7782 -0.5950 -0.2008
Y  0.5608  0.8024 -0.2040
Z  0.2825  0.0461  0.9581

PART 72
OFFSET  5.7782 -0.7753 -7.6651
X  0.8733  0.3772 -0.3083
Y -0.3908  0.9203  0.0189
Z  0.2908  0.1040  0.9511

PART 73
OFFSET  4.7868 -1.2026 -7.3226
X -0.4387 -0.8836  0.1635
Y -0.8371  0.4680  0.2832
Z -0.3268 -0.0126 -0.9450

PART 74
OFFSET  0.4756 -3.0485 -8.4243
X -0.7808 -0.3792 -0.4965
Y -0.3445  0.9243 -0.1641
Z  0.5212  0.0429 -0.8524

PART 75
OFFSET  0.4704 -3.4927 -7.3115
X -0.7808 -0.3792 -0.4965
Y -0.3445  0.9243 -0.1641
Z  0.5212  0.0429 -0.8524

PART 76
OFFSET  1.1115 -4.6716 -7.2090
X -0.7808 -0.3792 -0.4965
Y -0.3445  0.9243 -0.1641
Z  0.5212  0.0429 -0.8524

PART 77
OFFSET  0.0000 -0.0000 -0.0000
X  1.0000 -0.0000  0.0000
Y  0.0000  1.0000  0.0000
Z  0.0000 -0.0000  1.0000

PART 78
OFFSET  0.0000 -0.0000 -0.0000
X  0.9996 -0.0000  0.0266
Y  0.0009  0.9994 -0.0335
Z -0.0266  0.0335  0.9991

PART 79
OFFSET  1.4300  0.1387  4.1729
X  0.9996 -0.0000  0.0266
Y  0.0009  0.9994 -0.0335
Z -0.0266  0.0335  0.9991


FRAME 4027
PART 0
OFFSET  0.0000 -0.0000 -0.0000
X  1.0000 -0.0000  0.0000
Y  0.0000  1.0000  0.0000
Z  0.0000 -0.0000  1.0000

PART 1
OFFSET -4.6318 -0.0000 -1.3770
X  1.0000 -0.0000  0.0000
Y  0.0000  1.0000  0.0000
Z  0.0000 -0.0000  1.0000

PART 2
OFFSET -0.5366  7.9578 -8.6114
X  0.7964 -0.1999 -0.5707
Y -0.1530 -0.9797  0.1295
Z -0.5850 -0.0158 -0.8109

PART 3
OFFSET  9.0954  5.5409 -15.5139
X  0.6499 -0.5237  0.5508
Y -0.6268  0.0405  0.7782
Z -0.4299 -0.8509 -0.3019

PART 4
OFFSET  14.6231  1.0863 -10.8295
X  0.6499 -0.5237  0.5508
Y -0.6065  0.0793  0.7911
Z -0.4580 -0.8482 -0.2661

PART 5
OFFSET  16.7718  1.6140 -10.0051
X  0.6548 -0.5216  0.5469
Y  0.4370  0.8517  0.2891
Z -0.6167  0.0497  0.7857

PART 6
OFFSET  15.7551 -0.1172 -11.4685
X  0.6548 -0.5216  0.5469
Y  0.4370  0.8517  0.2891
Z -0.6167  0.0497  0.7857

PART 7
OFFSET  15.2804  0.8090 -8.3795
X  0.6548 -0.5216  0.5469
Y  0.4370  0.8517  0.2891
Z -0.6167  0.0497  0.7857

PART 8
OFFSET  14.5109 -0.2574 -8.6664
X  0.6548 -0.5216  0.5469
Y  0.4370  0.8517  0.2891
Z -0.6167  0.0497  0.7857

PART 9
OFFSET  14.6020 -0.6110 -9.8075
X  0.6548 -0.5216  0.5469
Y  0.4370  0.8517  0.2891
Z -0.6167  0.0497  0.7857

PART 10
OFFSET  16.6154 -0.5193 -9.1411
X  0.8549 -0.4648  0.2305
Y -0.2973 -0.0750  0.9518
Z -0.4251 -0.8823 -0.2023

PART 11
OFFSET  16.5385 -1.1630 -8.2019
X  0.1765 -0.9164  0.3592
Y -0.4319  0.2558  0.8649
Z -0.8845 -0.3078 -0.3507

PART 12
OFFSET  16.8271 -3.1322 -7.3600
X  0.6646 -0.6233 -0.4121
Y -0.1568 -0.6556  0.7387
Z -0.7305 -0.4263 -0.5334

PART 13
OFFSET  17.8275 -4.1470 -8.1291
X  0.4385  0.0651 -0.8964
Y  0.3707 -0.9217  0.1144
Z -0.8187 -0.3825 -0.4283

PART 14
OFFSET  18.2706 -4.1098 -9.1161
X  0.9260  0.1038 -0.3630
Y  0.2577  0.5288  0.8087
Z  0.2759 -0.8424  0.4629

PART 15
OFFSET  17.5713 -1.0107 -10.0061
X  0.8524 -0.3762 -0.3631
Y -0.4759 -0.8458 -0.2410
Z -0.2165  0.3782 -0.9000

PART 16
OFFSET  19.4598 -2.0147 -10.7204
X  0.1414 -0.9900 -0.0026
Y -0.9616 -0.1380  0.2373
Z -0.2352 -0.0310 -0.9714

PART 17
OFFSET  19.6600 -3.4162 -10.7241
X -0.9397 -0.2638  0.2176
Y -0.2743  0.9615 -0.0189
Z -0.2043 -0.0775 -0.9758

PART 18
OFFSET  18.8268 -3.6501 -10.5312
X -0.8600  0.4765  0.1828
Y  0.4635  0.8791 -0.1111
Z -0.2136 -0.0108 -0.9769

PART 19
OFFSET  18.0098 -3.1974 -10.3575
X  0.3977 -0.9148  0.0712
Y  0.8763  0.3557 -0.3249
Z  0.2719  0.1916  0.9431

PART 20
OFFSET  17.6211 -1.0395 -9.2946
X  0.9023 -0.4246 -0.0742
Y -0.4291 -0.8684 -0.2485
Z  0.0411  0.2561 -0.9658

PART 21
OFFSET  19.9786 -2.0843 -9.6252
X -0.0355 -0.9834 -0.1780
Y -0.9860  0.0055  0.1664
Z -0.1626  0.1814 -0.9699

PART 22
OFFSET  19.9181 -3.7585 -9.9283
X -0.9853 -0.0949  0.1423
Y -0.0706  0.9833  0.1675
Z -0.1558  0.1550 -0.9756

PART 23
OFFSET  18.5526 -3.8901 -9.7311
X -0.5666  0.7959  0.2133
Y  0.8103  0.5852 -0.0311
Z -0.1496  0.1552 -0.9765

PART 24
OFFSET  17.9380 -3.0269 -9.4998
X -0.0060 -0.9787 -0.2050
Y  0.9943  0.0161 -0.1058
Z  0.1068 -0.2044  0.9730

PART 25
OFFSET  18.5509 -2.5440 -7.0278
X  0.7437 -0.6681 -0.0235
Y  0.6432  0.7055  0.2975
Z -0.1822 -0.2364  0.9544

PART 26
OFFSET  19.8804 -2.0590 -7.4501
X  0.2720 -0.9458 -0.1777
Y -0.9589 -0.2509 -0.1325
Z  0.0807  0.2064 -0.9751

PART 27
OFFSET  20.3593 -3.7241 -7.7629
X -0.9569 -0.2035 -0.2074
Y -0.2356  0.9611  0.1439
Z  0.1701  0.1865 -0.9676

PART 28
OFFSET  19.1857 -3.9828 -7.9562
X -0.7290  0.6820  0.0589
Y  0.6840  0.7223  0.1024
Z  0.0273  0.1149 -0.9930

PART 29
OFFSET  18.3623 -3.2125 -7.8898
X -0.3724 -0.8417 -0.3909
Y  0.8896 -0.4437  0.1078
Z -0.2642 -0.3076  0.9141

PART 30
OFFSET  20.0355 -2.0864 -8.5435
X  0.0903 -0.9883 -0.1229
Y -0.9958 -0.0880 -0.0234
Z  0.0123  0.1245 -0.9921

PART 31
OFFSET  20.2119 -4.0171 -8.7836
X -0.9999 -0.0169  0.0008
Y -0.0166  0.9864  0.1638
Z -0.0035  0.1638 -0.9865

PART 32
OFFSET  18.7514 -4.0418 -8.7825
X -0.5527  0.8163  0.1677
Y  0.8331  0.5358  0.1373
Z  0.0222  0.2156 -0.9762

PART 33
OFFSET  18.1250 -3.1161 -8.5995
X -0.1097 -0.9820 -0.1539
Y  0.9922 -0.0990 -0.0757
Z  0.0591 -0.1610  0.9852

PART 34
OFFSET  18.4457 -3.0835 -9.3375
X -0.0256  0.2351 -0.9716
Y  0.4251  0.8823  0.2023
Z  0.9048 -0.4079 -0.1226

PART 35
OFFSET  16.5783  1.0749 -10.6113
X  0.6548 -0.5216  0.5469
Y  0.4370  0.8517  0.2891
Z -0.6167  0.0497  0.7857

PART 36
OFFSET  15.7551 -0.1172 -11.4685
X  0.6548 -0.5216  0.5469
Y  0.4370  0.8517  0.2891
Z -0.6167  0.0497  0.7857

PART 37
OFFSET  15.2804  0.8090 -8.3795
X  0.6548 -0.5216  0.5469
Y  0.4370  0.8517  0.2891
Z -0.6167  0.0497  0.7857

PART 38
OFFSET  14.5109 -0.2574 -8.6664
X  0.6548 -0.5216  0.5469
Y  0.4370  0.8517  0.2891
Z -0.6167  0.0497  0.7857

PART 39
OFFSET  14.6020 -0.6110 -9.8075
X  0.6548 -0.5216  0.5469
Y  0.4370  0.8517  0.2891
Z -0.6167  0.0497  0.7857

PART 40
OFFSET  7.7580 -2.4960 -5.6929
X  0.9943 -0.0390 -0.0996
Y  0.0494  0.9933  0.1043
Z  0.0949 -0.1086  0.9895

PART 41
OFFSET  7.7580 -2.4960 -5.6929
X  0.9943 -0.0390 -0.0996
Y  0.0494  0.9933  0.1043
Z  0.0949 -0.1086  0.9895

PART 42
OFFSET  11.9729 -2.6756 -5.8347
X  0.9943 -0.0390 -0.0996
Y  0.0494  0.9933  0.1043
Z  0.0949 -0.1086  0.9895

PART 43
OFFSET  14.4814 -3.8111 -4.3747
X  0.9943 -0.0390 -0.0996
Y  0.0494  0.9933  0.1043
Z  0.0949 -0.1086  0.9895

PART 44
OFFSET -12.5388 -7.9373 -3.1869
X -0.4975  0.0055  0.8674
Y -0.1444 -0.9866 -0.0765
Z  0.8554 -0.1633  0.4916

PART 45
OFFSET -6.5221 -8.0043 -13.6777
X -0.7882 -0.3623 -0.4975
Y  0.5306  0.0095 -0.8476
Z  0.3118 -0.9320  0.1848

PART 46
OFFSET  0.1819 -4.9226 -9.4466
X -0.7882 -0.3623 -0.4975
Y  0.5605 -0.0890 -0.8233
Z  0.2540 -0.9278  0.2733

PART 47
OFFSET  0.5661 -3.3416 -8.3159
X -0.7922 -0.3598 -0.4929
Y -0.3172  0.9328 -0.1712
Z  0.5214  0.0207 -0.8531

PART 48
OFFSET  0.5489 -3.7768 -7.1996
X -0.7922 -0.3598 -0.4929
Y -0.3172  0.9328 -0.1712
Z  0.5214  0.0207 -0.8531

PART 49
OFFSET  1.1548 -4.9732 -7.0881
X -0.7922 -0.3598 -0.4929
Y -0.3172  0.9328 -0.1712
Z  0.5214  0.0207 -0.8531

PART 50
OFFSET  2.5982 -3.8118 -7.9216
X -0.9810 -0.0752 -0.1791
Y  0.1852 -0.0851 -0.9790
Z  0.0584 -0.9935  0.0974

PART 51
OFFSET  2.8368 -3.2879 -6.9363
X -0.5805 -0.5957 -0.5551
Y  0.5101  0.2654 -0.8182
Z  0.6347 -0.7581  0.1498

PART 52
OFFSET  4.0032 -1.9867 -5.6650
X -0.8909 -0.3382  0.3031
Y -0.1674 -0.3759 -0.9114
Z  0.4221 -0.8628  0.2783

PART 53
OFFSET  5.3842 -1.3666 -6.2398
X -0.4514 -0.0923  0.8876
Y -0.7234 -0.5446 -0.4245
Z  0.5225 -0.8336  0.1790

PART 54
OFFSET  5.8607 -1.2194 -7.2006
X -0.8179  0.3551  0.4527
Y  0.0802  0.8495 -0.5215
Z -0.5698 -0.3902 -0.7233

PART 55
OFFSET  3.6148 -3.6385 -8.8380
X -0.9198 -0.2587  0.2952
Y  0.2939 -0.9524  0.0811
Z  0.2601  0.1614  0.9520

PART 56
OFFSET  5.6833 -2.9170 -9.3725
X -0.1483 -0.9886 -0.0256
Y  0.9073 -0.1258 -0.4011
Z  0.3934 -0.0827  0.9157

PART 57
OFFSET  5.8933 -1.5173 -9.3363
X  0.7149 -0.5965 -0.3648
Y  0.5975  0.7922 -0.1242
Z  0.3631 -0.1292  0.9228

PART 58
OFFSET  5.2594 -0.9885 -9.0128
X  0.8851  0.2956 -0.3596
Y -0.2452  0.9527  0.1795
Z  0.3957 -0.0707  0.9157

PART 59
OFFSET  4.4186 -1.2693 -8.6712
X -0.5802 -0.8139  0.0299
Y -0.7046  0.5201  0.4827
Z -0.4084  0.2590 -0.8753

PART 60
OFFSET  3.7157 -3.7042 -8.1344
X -0.9718 -0.2087  0.1095
Y  0.2215 -0.9675  0.1221
Z  0.0804  0.1429  0.9865

PART 61
OFFSET  6.2308 -3.2050 -8.5624
X -0.1628 -0.9823  0.0925
Y  0.8989 -0.1863 -0.3967
Z  0.4069  0.0186  0.9133

PART 62
OFFSET  6.5080 -1.5326 -8.7199
X  0.8338 -0.4177 -0.3610
Y  0.3859  0.9085 -0.1600
Z  0.3948 -0.0059  0.9187

PART 63
OFFSET  5.3525 -0.9537 -8.2197
X  0.8187  0.4595 -0.3444
Y -0.4220  0.8882  0.1820
Z  0.3895 -0.0037  0.9210

PART 64
OFFSET  4.4646 -1.4520 -7.8462
X -0.4106 -0.8840  0.2235
Y -0.8313  0.4636  0.3067
Z -0.3748 -0.0598 -0.9252

PART 65
OFFSET -1.6098 -4.5852 -7.7867
X -0.9426 -0.3305  0.0480
Y -0.3336  0.9247 -0.1834
Z  0.0163 -0.1888 -0.9819

PART 66
OFFSET  6.3026 -3.8240 -6.4493
X -0.9881 -0.1492  0.0373
Y  0.1493 -0.9888  0.0014
Z  0.0367  0.0069  0.9993

PART 67
OFFSET  8.0423 -3.5613 -6.5150
X -0.9825 -0.1811  0.0436
Y  0.1833 -0.9816  0.0539
Z  0.0330  0.0609  0.9976

PART 68
OFFSET  9.2387 -3.3375 -6.5074
X -0.9815 -0.1898 -0.0259
Y  0.1889 -0.9814  0.0337
Z -0.0318  0.0282  0.9991

PART 69
OFFSET  10.3473 -3.1231 -6.4782
X  0.1401  0.9557  0.2590
Y  0.9881 -0.1180 -0.0991
Z -0.0641  0.2698 -0.9608

PART 70
OFFSET  6.3884 -3.7460 -7.5480
X -0.2873 -0.9474  0.1408
Y  0.9313 -0.3106 -0.1904
Z  0.2241  0.0764  0.9716

PART 71
OFFSET  6.9496 -1.8952 -7.8231
X  0.7963 -0.5881 -0.1418
Y  0.5503  0.8015 -0.2340
Z  0.2513  0.1083  0.9618

PART 72
OFFSET  5.7865 -1.0362 -7.6160
X  0.8746  0.3781 -0.3035
Y -0.4101  0.9108 -0.0472
Z  0.2586  0.1658  0.9517

PART 73
OFFSET  4.7938 -1.4650 -7.2790
X -0.4252 -0.8822  0.2021
Y -0.8551  0.4648  0.2297
Z -0.2966 -0.0751 -0.9521

PART 74
OFFSET  0.5660 -3.3416 -8.3159
X -0.7922 -0.3598 -0.4929
Y -0.3172  0.9328 -0.1712
Z  0.5214  0.0207 -0.8531

PART 75
OFFSET  0.5487 -3.7766 -7.1995
X -0.7922 -0.3598 -0.4929
Y -0.3172  0.9328 -0.1712
Z  0.5214  0.0207 -0.8531

PART 76
OFFSET  1.1548 -4.9732 -7.0882
X -0.7922 -0.3598 -0.4929
Y -0.3172  0.9328 -0.1712
Z  0.5214  0.0207 -0.8531

PART 77
OFFSET  0.0000 -0.0000 -0.0000
X  1.0000 -0.0000  0.0000
Y  0.0000  1.0000  0.0000
Z  0.0000 -0.0000  1.0000

PART 78
OFFSET -0.0000 -0.0000 -0.0000
X  0.9999  0.0000 -0.0112
Y  0.0005  0.9990  0.0438
Z  0.0112 -0.0438  0.9990

PART 79
OFFSET  1.5866 -0.1812  4.1143
X  0.9999  0.0000 -0.0112
Y  0.0005  0.9990  0.0438
Z  0.0112 -0.0438  0.9990


FRAME 4028
PART 0
OFFSET  0.0000 -0.0000 -0.0000
X  1.0000 -0.0000  0.0000
Y  0.0000  1.0000  0.0000
Z  0.0000 -0.0000  1.0000

PART 1
OFFSET -4.6318 -0.0000 -1.3770
X  1.0000 -0.0000  0.0000
Y  0.0000  1.0000  0.0000
Z  0.0000 -0.0000  1.0000

PART 2
OFFSET -0.6304  7.9564 -8.0162
X  0.8007 -0.2241 -0.5556
Y -0.1580 -0.9736  0.1649
Z -0.5779 -0.0443 -0.8149

PART 3
OFFSET  9.0529  5.2462 -14.7355
X  0.6670 -0.5073  0.5457
Y -0.6081  0.0525  0.7921
Z -0.4305 -0.8601 -0.2735

PART 4
OFFSET  14.7257  0.9311 -10.0941
X  0.6670 -0.5073  0.5457
Y -0.5966  0.0752  0.7990
Z -0.4464 -0.8585 -0.2525

PART 5
OFFSET  16.8896  1.4914 -9.3332
X  0.6718 -0.5053  0.5417
Y  0.4373  0.8607  0.2605
Z -0.5979  0.0619  0.7992

PART 6
OFFSET  15.8512 -0.2776 -10.7350
X  0.6718 -0.5053  0.5417
Y  0.4373  0.8607  0.2605
Z -0.5979  0.0619  0.7992

PART 7
OFFSET  15.4439  0.7104 -7.6555
X  0.6718 -0.5053  0.5417
Y  0.4373  0.8607  0.2605
Z -0.5979  0.0619  0.7992

PART 8
OFFSET  14.6759 -0.3673 -7.9012
X  0.6718 -0.5053  0.5417
Y  0.4373  0.8607  0.2605
Z -0.5979  0.0619  0.7992

PART 9
OFFSET  14.7422 -0.7443 -9.0366
X  0.6718 -0.5053  0.5417
Y  0.4373  0.8607  0.2605
Z -0.5979  0.0619  0.7992

PART 10
OFFSET  16.7703 -0.6242 -8.4212
X  0.8485 -0.4267  0.3129
Y -0.3555 -0.0218  0.9344
Z -0.3919 -0.9041 -0.1702

PART 11
OFFSET  16.6480 -1.2084 -7.4486
X  0.1734 -0.8867  0.4285
Y -0.4915  0.2992  0.8179
Z -0.8534 -0.3524 -0.3840

PART 12
OFFSET  16.9256 -3.1117 -6.4636
X  0.7030 -0.6308 -0.3285
Y -0.1890 -0.6109  0.7688
Z -0.6856 -0.4784 -0.5487

PART 13
OFFSET  17.9949 -4.1472 -7.1011
X  0.4930  0.0191 -0.8698
Y  0.3828 -0.9025  0.1972
Z -0.7812 -0.4302 -0.4523

PART 14
OFFSET  18.4989 -4.1616 -8.0591
X  0.9447  0.1045 -0.3109
Y  0.1942  0.5858  0.7868
Z  0.2643 -0.8037  0.5331

PART 15
OFFSET  17.7898 -1.1448 -9.1913
X  0.8818 -0.3763 -0.2842
Y -0.4410 -0.8716 -0.2143
Z -0.1671  0.3143 -0.9345

PART 16
OFFSET  19.7414 -2.1429 -9.7200
X  0.1629 -0.9841  0.0708
Y -0.9715 -0.1475  0.1857
Z -0.1723 -0.0991 -0.9801

PART 17
OFFSET  19.9721 -3.5361 -9.6197
X -0.9456 -0.2737  0.1757
Y -0.2935  0.9508 -0.0987
Z -0.1401 -0.1449 -0.9795

PART 18
OFFSET  19.1337 -3.7788 -9.4639
X -0.8801  0.4647  0.0976
Y  0.4502  0.8820 -0.1393
Z -0.1508 -0.0787 -0.9854

PART 19
OFFSET  18.2976 -3.3373 -9.3712
X  0.4123 -0.8977  0.1553
Y  0.8872  0.3569 -0.2925
Z  0.2071  0.2584  0.9436

PART 20
OFFSET  17.7949 -1.1268 -8.4778
X  0.9143 -0.4049  0.0098
Y -0.3933 -0.8934 -0.2174
Z  0.0967  0.1949 -0.9760

PART 21
OFFSET  20.1909 -2.1289 -8.5926
X -0.0026 -0.9933 -0.1152
Y -0.9945 -0.0095  0.1042
Z -0.1046  0.1149 -0.9879

PART 22
OFFSET  20.1866 -3.8201 -8.7888
X -0.9900 -0.1113  0.0868
Y -0.1026  0.9899  0.0982
Z -0.0968  0.0883 -0.9914

PART 23
OFFSET  18.8145 -3.9743 -8.6685
X -0.5964  0.7929  0.1253
Y  0.7976  0.6029 -0.0190
Z -0.0906  0.0886 -0.9919

PART 24
OFFSET  18.1677 -3.1144 -8.5326
X  0.0286 -0.9897 -0.1406
Y  0.9984  0.0352 -0.0447
Z  0.0492 -0.1391  0.9891

PART 25
OFFSET  18.6115 -2.4589 -6.0642
X  0.7581 -0.6487  0.0664
Y  0.6074  0.7395  0.2901
Z -0.2373 -0.1797  0.9547

PART 26
OFFSET  19.9542 -1.9674 -6.4340
X  0.3034 -0.9478 -0.0983
Y -0.9428 -0.2837 -0.1750
Z  0.1380  0.1458 -0.9797

PART 27
OFFSET  20.4884 -3.6361 -6.6070
X -0.9370 -0.2411 -0.2526
Y -0.2653  0.9619  0.0659
Z  0.2271  0.1287 -0.9653

PART 28
OFFSET  19.3354 -3.9371 -6.8555
X -0.7460  0.6652 -0.0311
Y  0.6601  0.7449  0.0972
Z  0.0879  0.0520 -0.9948

PART 29
OFFSET  18.4928 -3.1857 -6.8907
X -0.3283 -0.8743 -0.3574
Y  0.8905 -0.4127  0.1915
Z -0.3150 -0.2554  0.9141

PART 30
OFFSET  20.1791 -2.0605 -7.5116
X  0.1196 -0.9915 -0.0522
Y -0.9902 -0.1152 -0.0793
Z  0.0726  0.0612 -0.9955

PART 31
OFFSET  20.4126 -3.9973 -7.6136
X -0.9973 -0.0428 -0.0601
Y -0.0486  0.9940  0.0977
Z  0.0556  0.1003 -0.9934

PART 32
OFFSET  18.9560 -4.0599 -7.7015
X -0.5800  0.8107  0.0795
Y  0.8107  0.5650  0.1534
Z  0.0795  0.1534 -0.9850

PART 33
OFFSET  18.2990 -3.1410 -7.6186
X -0.0781 -0.9923 -0.0959
Y  0.9969 -0.0778 -0.0074
Z -0.0001 -0.0962  0.9954

PART 34
OFFSET  18.6651 -3.1472 -8.3358
X  0.0310  0.1719 -0.9846
Y  0.3919  0.9041  0.1702
Z  0.9195 -0.3912 -0.0393

PART 35
OFFSET  16.6856  0.9383 -9.9232
X  0.6718 -0.5053  0.5417
Y  0.4373  0.8607  0.2605
Z -0.5979  0.0619  0.7992

PART 36
OFFSET  15.8512 -0.2776 -10.7350
X  0.6718 -0.5053  0.5417
Y  0.4373  0.8607  0.2605
Z -0.5979  0.0619  0.7992

PART 37
OFFSET  15.4439  0.7104 -7.6555
X  0.6718 -0.5053  0.5417
Y  0.4373  0.8607  0.2605
Z -0.5979  0.0619  0.7992

PART 38
OFFSET  14.6759 -0.3673 -7.9012
X  0.6718 -0.5053  0.5417
Y  0.4373  0.8607  0.2605
Z -0.5979  0.0619  0.7992

PART 39
OFFSET  14.7422 -0.7443 -9.0366
X  0.6718 -0.5053  0.5417
Y  0.4373  0.8607  0.2605
Z -0.5979  0.0619  0.7992

PART 40
OFFSET  7.7616 -2.5987 -5.3983
X  0.9992 -0.0201 -0.0357
Y  0.0215  0.9989  0.0412
Z  0.0348 -0.0419  0.9985

PART 41
OFFSET  7.7616 -2.5987 -5.3983
X  0.9992 -0.0201 -0.0357
Y  0.0215  0.9989  0.0412
Z  0.0348 -0.0419  0.9985

PART 42
OFFSET  11.9799 -2.6800 -5.2693
X  0.9992 -0.0201 -0.0357
Y  0.0215  0.9989  0.0412
Z  0.0348 -0.0419  0.9985

PART 43
OFFSET  14.4153 -3.6545 -3.5863
X  0.9992 -0.0201 -0.0357
Y  0.0215  0.9989  0.0412
Z  0.0348 -0.0419  0.9985

PART 44
OFFSET -12.8394 -7.9373 -3.1869
X -0.5224  0.0146  0.8526
Y -0.1673 -0.9822 -0.0857
Z  0.8361 -0.1874  0.5156

PART 45
OFFSET -6.5212 -8.1141 -13.4977
X -0.8039 -0.3394 -0.4883
Y  0.5235 -0.0142 -0.8519
Z  0.2822 -0.9405  0.1891

PART 46
OFFSET  0.3166 -5.2273 -9.3442
X -0.8039 -0.3394 -0.4883
Y  0.5552 -0.1341 -0.8208
Z  0.2131 -0.9310  0.2963

PART 47
OFFSET  0.7626 -3.6520 -8.2283
X -0.8078 -0.3367 -0.4838
Y -0.2874  0.9416 -0.1754
Z  0.5146 -0.0027 -0.8574

PART 48
OFFSET  0.7403 -4.0785 -7.1087
X -0.8078 -0.3367 -0.4838
Y -0.2874  0.9416 -0.1754
Z  0.5146 -0.0027 -0.8574

PART 49
OFFSET  1.3071 -5.2935 -6.9933
X -0.8078 -0.3367 -0.4838
Y -0.2874  0.9416 -0.1754
Z  0.5146 -0.0027 -0.8574

PART 50
OFFSET  2.7812 -4.1867 -7.8471
X -0.9659 -0.1115 -0.2335
Y  0.2481 -0.1435 -0.9580
Z  0.0733 -0.9833  0.1663

PART 51
OFFSET  2.9462 -3.5943 -6.8858
X -0.5316 -0.6450 -0.5490
Y  0.5547  0.2248 -0.8011
Z  0.6401 -0.7304  0.2383

PART 52
OFFSET  4.0024 -2.1843 -5.6343
X -0.9008 -0.3404  0.2696
Y -0.1017 -0.4382 -0.8931
Z  0.4221 -0.8319  0.3601

PART 53
OFFSET  5.4032 -1.5678 -6.1632
X -0.5042 -0.0461  0.8624
Y -0.6835 -0.5891 -0.4311
Z  0.5279 -0.8067  0.2655

PART 54
OFFSET  5.9359 -1.4710 -7.1006
X -0.8521  0.3628  0.3772
Y  0.0947  0.8157 -0.5707
Z -0.5147 -0.4506 -0.7294

PART 55
OFFSET  3.8495 -4.0473 -8.7090
X -0.9308 -0.2623  0.2547
Y  0.3085 -0.9374  0.1618
Z  0.1963  0.2292  0.9534

PART 56
OFFSET  5.9315 -3.3096 -9.1622
X -0.1253 -0.9916  0.0309
Y  0.9332 -0.1284 -0.3356
Z  0.3367 -0.0132  0.9415

PART 57
OFFSET  6.1090 -1.9057 -9.2059
X  0.7490 -0.6005 -0.2801
Y  0.5871  0.7974 -0.1395
Z  0.3071 -0.0600  0.9498

PART 58
OFFSET  5.4449 -1.3733 -8.9576
X  0.8994  0.2941 -0.3235
Y -0.2763  0.9558  0.1007
Z  0.3388 -0.0012  0.9409

PART 59
OFFSET  4.5904 -1.6526 -8.6503
X -0.5635 -0.8247  0.0481
Y -0.7445  0.5322  0.4031
Z -0.3580  0.1913 -0.9139

PART 60
OFFSET  3.9073 -4.0647 -7.9977
X -0.9721 -0.2258  0.0633
Y  0.2340 -0.9516  0.1992
Z  0.0152  0.2085  0.9779

PART 61
OFFSET  6.4332 -3.5306 -8.3028
X -0.1473 -0.9781  0.1472
Y  0.9258 -0.1887 -0.3276
Z  0.3482  0.0880  0.9333

PART 62
OFFSET  6.6840 -1.8654 -8.5534
X  0.8635 -0.4189 -0.2807
Y  0.3757  0.9058 -0.1958
Z  0.3363  0.0636  0.9396

PART 63
OFFSET  5.4872 -1.2848 -8.1643
X  0.8287  0.4569 -0.3232
Y -0.4514  0.8871  0.0966
Z  0.3308  0.0658  0.9414

PART 64
OFFSET  4.5884 -1.7804 -7.8138
X -0.4048 -0.8779  0.2559
Y -0.8586  0.4612  0.2238
Z -0.3145 -0.1291 -0.9404

PART 65
OFFSET -1.4095 -5.0565 -7.9195
X -0.9365 -0.3506  0.0119
Y -0.3411  0.9021 -0.2643
Z  0.0820 -0.2515 -0.9644

PART 66
OFFSET  6.3852 -4.0094 -6.1529
X -0.9851 -0.1715 -0.0135
Y  0.1700 -0.9825  0.0760
Z -0.0263  0.0725  0.9970

PART 67
OFFSET  8.1196 -3.7075 -6.1291
X -0.9792 -0.2028 -0.0048
Y  0.2005 -0.9711  0.1298
Z -0.0310  0.1262  0.9915

PART 68
OFFSET  9.3081 -3.4533 -6.0630
X -0.9736 -0.2159 -0.0734
Y  0.2073 -0.9721  0.1101
Z -0.0951  0.0920  0.9912

PART 69
OFFSET  10.4079 -3.2094 -5.9801
X  0.1031  0.9737  0.2033
Y  0.9946 -0.0990 -0.0303
Z -0.0094  0.2053 -0.9787

PART 70
OFFSET  6.5382 -4.0006 -7.2470
X -0.2753 -0.9433  0.1853
Y  0.9478 -0.2986 -0.1120
Z  0.1610  0.1449  0.9763

PART 71
OFFSET  7.0759 -2.1578 -7.6091
X  0.8160 -0.5756 -0.0535
Y  0.5466  0.7984 -0.2523
Z  0.1880  0.1767  0.9662

PART 72
OFFSET  5.8841 -1.3171 -7.5310
X  0.8837  0.3797 -0.2737
Y -0.4257  0.8951 -0.1325
Z  0.1947  0.2336  0.9527

PART 73
OFFSET  4.8816 -1.7482 -7.2278
X -0.4182 -0.8778  0.2336
Y -0.8776  0.4568  0.1456
Z -0.2345 -0.1441 -0.9614

PART 74
OFFSET  0.7626 -3.6520 -8.2282
X -0.8078 -0.3367 -0.4838
Y -0.2874  0.9416 -0.1754
Z  0.5146 -0.0027 -0.8574

PART 75
OFFSET  0.7402 -4.0783 -7.1086
X -0.8078 -0.3367 -0.4838
Y -0.2874  0.9416 -0.1754
Z  0.5146 -0.0027 -0.8574

PART 76
OFFSET  1.3071 -5.2935 -6.9934
X -0.8078 -0.3367 -0.4838
Y -0.2874  0.9416 -0.1754
Z  0.5146 -0.0027 -0.8574

PART 77
OFFSET  0.0000 -0.0000 -0.0000
