// Export filename: `C:\projects\cod\t5\xanim_export\t5_viewmodels\ak74u\ak74u_grenadier_gl_d2p_loop.XANIM_EXPORT`
// Source filename: `D:\projects\devanim\t5\animation_assets\viewmodels\ak74u/t5_viewmodel_ak74u_animated2.fbx`
// Export time: Sat Aug 28 02:59:15 2010

ANIMATION
VERSION 3

NUMPARTS 80
PART 0 "tag_ads"
PART 1 "tag_torso"
PART 2 "J_Shoulder_LE"
PART 3 "J_Elbow_LE"
PART 4 "J_WristTwist_LE"
PART 5 "J_Sleave_Reshape_Bottom_LE_1"
PART 6 "J_Sleave_Reshape_Bottom_LE_2"
PART 7 "J_Sleave_Reshape_Top_LE_1"
PART 8 "J_Sleave_Reshape_Top_LE_2"
PART 9 "J_Sleave_Reshape_Top_LE_3"
PART 10 "J_Wrist_LE"
PART 11 "J_Thumb_LE_0"
PART 12 "J_Thumb_LE_1"
PART 13 "J_Thumb_LE_2"
PART 14 "J_Thumb_LE_3"
PART 15 "J_PinkyPalm_LE"
PART 16 "J_Pinky_LE_0"
PART 17 "J_Pinky_LE_1"
PART 18 "J_Pinky_LE_2"
PART 19 "J_Pinky_LE_3"
PART 20 "J_RingPalm_LE"
PART 21 "J_Ring_LE_0"
PART 22 "J_Ring_LE_1"
PART 23 "J_Ring_LE_2"
PART 24 "J_Ring_LE_3"
PART 25 "J_Webbing_LE"
PART 26 "J_Index_LE_0"
PART 27 "J_Index_LE_1"
PART 28 "J_Index_LE_2"
PART 29 "J_Index_LE_3"
PART 30 "J_Mid_LE_0"
PART 31 "J_Mid_LE_1"
PART 32 "J_Mid_LE_2"
PART 33 "J_Mid_LE_3"
PART 34 "tag_knife_attach"
PART 35 "D_Sleave_Reshape_Bottom_LE_1"
PART 36 "D_Sleave_Reshape_Bottom_LE_2"
PART 37 "D_Sleave_Reshape_Top_LE_1"
PART 38 "D_Sleave_Reshape_Top_LE_2"
PART 39 "D_Sleave_Reshape_Top_LE_3"
PART 40 "tag_weapon"
PART 41 "J_Gun"
PART 42 "TAG_CLIP"
PART 43 "J_Bolt"
PART 44 "J_Shoulder_RI"
PART 45 "J_Elbow_RI"
PART 46 "J_WristTwist_RI"
PART 47 "J_Sleave_Reshape_Top_RI_3"
PART 48 "J_Sleave_Reshape_Top_RI_2"
PART 49 "J_Sleave_Reshape_Top_RI_1"
PART 50 "J_Wrist_RI"
PART 51 "J_Thumb_RI_0"
PART 52 "J_Thumb_RI_1"
PART 53 "J_Thumb_RI_2"
PART 54 "J_Thumb_RI_3"
PART 55 "J_PinkyPalm_RI"
PART 56 "J_Pinky_RI_0"
PART 57 "J_Pinky_RI_1"
PART 58 "J_Pinky_RI_2"
PART 59 "J_Pinky_RI_3"
PART 60 "J_RingPalm_RI"
PART 61 "J_Ring_RI_0"
PART 62 "J_Ring_RI_1"
PART 63 "J_Ring_RI_2"
PART 64 "J_Ring_RI_3"
PART 65 "J_Webbing_RI"
PART 66 "J_Index_RI_0"
PART 67 "J_Index_RI_1"
PART 68 "J_Index_RI_2"
PART 69 "J_Index_RI_3"
PART 70 "J_Mid_RI_0"
PART 71 "J_Mid_RI_1"
PART 72 "J_Mid_RI_2"
PART 73 "J_Mid_RI_3"
PART 74 "D_Sleave_Reshape_Top_RI_3"
PART 75 "D_Sleave_Reshape_Top_RI_2"
PART 76 "D_Sleave_Reshape_Top_RI_1"
PART 77 "tag_cambone"
PART 78 "tag_camera"
PART 79 "tag_gasmask"

FRAMERATE 30
NUMFRAMES 16

FRAME 2360
PART 0
OFFSET  0.0000 -0.0000 -0.0000
X  1.0000 -0.0000  0.0000
Y  0.0000  1.0000  0.0000
Z  0.0000 -0.0000  1.0000

PART 1
OFFSET -4.6318 -0.0000 -1.3770
X  1.0000 -0.0000  0.0000
Y  0.0000  1.0000  0.0000
Z  0.0000 -0.0000  1.0000

PART 2
OFFSET -0.5981  7.9556 -8.9029
X  0.5712  0.2327 -0.7872
Y  0.2994 -0.9520 -0.0641
Z -0.7643 -0.1990 -0.6134

PART 3
OFFSET  6.3098  10.7694 -18.4227
X  0.8657 -0.2878  0.4095
Y -0.4828 -0.2644  0.8348
Z -0.1320 -0.9205 -0.3679

PART 4
OFFSET  13.6729  8.3213 -14.9393
X  0.8657 -0.2878  0.4095
Y -0.4926 -0.3447  0.7990
Z -0.0888 -0.8935 -0.4402

PART 5
OFFSET  15.5799  9.5417 -14.2690
X  0.8689 -0.2837  0.4056
Y  0.1365  0.9250  0.3547
Z -0.4758 -0.2528  0.8425

PART 6
OFFSET  15.0607  7.6891 -15.8409
X  0.8689 -0.2837  0.4056
Y  0.1365  0.9250  0.3547
Z -0.4758 -0.2528  0.8425

PART 7
OFFSET  14.7242  8.0998 -12.6248
X  0.8689 -0.2837  0.4056
Y  0.1365  0.9250  0.3547
Z -0.4758 -0.2528  0.8425

PART 8
OFFSET  14.3589  6.8520 -12.9727
X  0.8689 -0.2837  0.4056
Y  0.1365  0.9250  0.3547
Z -0.4758 -0.2528  0.8425

PART 9
OFFSET  14.4096  6.6581 -14.1540
X  0.8689 -0.2837  0.4056
Y  0.1365  0.9250  0.3547
Z -0.4758 -0.2528  0.8425

PART 10
OFFSET  16.3269  7.4389 -13.6838
X  0.7278  0.3427  0.5941
Y -0.5206 -0.2877  0.8038
Z  0.4464 -0.8943 -0.0310

PART 11
OFFSET  16.3351  6.9482 -12.6536
X  0.3402 -0.6202  0.7068
Y -0.9331 -0.1293  0.3357
Z -0.1168 -0.7737 -0.6227

PART 12
OFFSET  16.9696  5.5538 -11.1295
X  0.9845  0.0415  0.1702
Y -0.0999 -0.6649  0.7402
Z  0.1438 -0.7458 -0.6505

PART 13
OFFSET  18.5811  5.5769 -10.9717
X  0.6258  0.4874 -0.6090
Y  0.7800 -0.3822  0.4956
Z  0.0088 -0.7851 -0.6193

PART 14
OFFSET  19.2715  6.0615 -11.6502
X  0.6170  0.7853  0.0504
Y -0.6015  0.4293  0.6738
Z  0.5075 -0.4460  0.7372

PART 15
OFFSET  17.5904  7.8562 -14.0481
X  0.9131  0.4068  0.0269
Y  0.4075 -0.9086 -0.0917
Z -0.0129  0.0947 -0.9954

PART 16
OFFSET  19.6939  8.6450 -13.8540
X  0.3006 -0.9101  0.2851
Y -0.9041 -0.3671 -0.2188
Z  0.3038 -0.1920 -0.9332

PART 17
OFFSET  20.1195  7.3565 -13.4504
X -0.7961 -0.6044 -0.0309
Y -0.5358  0.7276 -0.4284
Z  0.2814 -0.3244 -0.9031

PART 18
OFFSET  19.4137  6.8206 -13.4778
X -0.7489 -0.6626 -0.0109
Y -0.6128  0.6987 -0.3691
Z  0.2522 -0.2697 -0.9293

PART 19
OFFSET  18.7022  6.1911 -13.4881
X  0.9210  0.1072  0.3744
Y  0.0511  0.9198 -0.3891
Z -0.3861  0.3775  0.8417

PART 20
OFFSET  17.3422  7.8652 -13.3789
X  0.8552  0.4091  0.3183
Y  0.4538 -0.8877 -0.0784
Z  0.2504  0.2115 -0.9447

PART 21
OFFSET  19.5889  8.9779 -12.6914
X  0.4632 -0.8789  0.1138
Y -0.8557 -0.4770 -0.2008
Z  0.2307 -0.0044 -0.9730

PART 22
OFFSET  20.3775  7.4816 -12.4977
X -0.7358 -0.6546 -0.1736
Y -0.6295  0.7556 -0.1812
Z  0.2498 -0.0241 -0.9680

PART 23
OFFSET  19.3578  6.5743 -12.7384
X -0.8355 -0.5079 -0.2095
Y -0.4868  0.8612 -0.1463
Z  0.2547 -0.0203 -0.9668

PART 24
OFFSET  18.4516  6.0235 -12.9656
X  0.9752 -0.0768  0.2076
Y  0.0696  0.9967  0.0419
Z -0.2102 -0.0264  0.9773

PART 25
OFFSET  17.9830  7.5590 -10.5928
X  0.9096  0.1294  0.3949
Y -0.2356  0.9433  0.2337
Z -0.3423 -0.3056  0.8885

PART 26
OFFSET  18.6042  8.8894 -10.7512
X  0.8320 -0.5498  0.0741
Y -0.5207 -0.8200 -0.2376
Z  0.1914  0.1591 -0.9685

PART 27
OFFSET  20.0690  7.9214 -10.6207
X -0.2043 -0.9426 -0.2643
Y -0.9460  0.2596 -0.1943
Z  0.2517  0.2103 -0.9447

PART 28
OFFSET  19.8053  6.7628 -10.8846
X -0.5898 -0.7836 -0.1952
Y -0.7668  0.6192 -0.1689
Z  0.2532  0.0500 -0.9661

PART 29
OFFSET  19.1391  5.8777 -11.1050
X  0.9555 -0.2898 -0.0557
Y  0.2941  0.9189  0.2631
Z -0.0251 -0.2677  0.9632

PART 30
OFFSET  19.1714  9.0046 -11.6922
X  0.4233 -0.9058 -0.0212
Y -0.8767 -0.4035 -0.2619
Z  0.2287  0.1294 -0.9649

PART 31
OFFSET  19.9983  7.2352 -11.7336
X -0.6948 -0.6730 -0.2538
Y -0.6914  0.7221 -0.0222
Z  0.1982  0.1600 -0.9670

PART 32
OFFSET  18.9835  6.2522 -12.1042
X -0.9005 -0.3566 -0.2490
Y -0.3959  0.9091  0.1298
Z  0.1801  0.2155 -0.9598

PART 33
OFFSET  17.9652  5.8492 -12.3931
X  0.9318 -0.3210  0.1694
Y  0.2893  0.9387  0.1873
Z -0.2191 -0.1256  0.9676

PART 34
OFFSET  19.2608  7.1601 -12.5537
X  0.2283  0.1473 -0.9624
Y -0.4464  0.8943  0.0310
Z  0.8652  0.4225  0.2699

PART 35
OFFSET  15.5105  9.0239 -14.9191
X  0.8689 -0.2837  0.4056
Y  0.1365  0.9250  0.3547
Z -0.4758 -0.2528  0.8425

PART 36
OFFSET  15.0607  7.6891 -15.8409
X  0.8689 -0.2837  0.4056
Y  0.1365  0.9250  0.3547
Z -0.4758 -0.2528  0.8425

PART 37
OFFSET  14.7242  8.0998 -12.6248
X  0.8689 -0.2837  0.4056
Y  0.1365  0.9250  0.3547
Z -0.4758 -0.2528  0.8425

PART 38
OFFSET  14.3589  6.8520 -12.9727
X  0.8689 -0.2837  0.4056
Y  0.1365  0.9250  0.3547
Z -0.4758 -0.2528  0.8425

PART 39
OFFSET  14.4096  6.6581 -14.1540
X  0.8689 -0.2837  0.4056
Y  0.1365  0.9250  0.3547
Z -0.4758 -0.2528  0.8425

PART 40
OFFSET  9.5202 -0.6664 -5.8131
X  0.7222  0.6731 -0.1589
Y -0.6907  0.7141 -0.1142
Z  0.0366  0.1923  0.9807

PART 41
OFFSET  9.5202 -0.6664 -5.8131
X  0.7222  0.6731 -0.1589
Y -0.6907  0.7141 -0.1142
Z  0.0366  0.1923  0.9807

PART 42
OFFSET  12.5619  2.2331 -6.2103
X  0.7222  0.6731 -0.1589
Y -0.6907  0.7141 -0.1142
Z  0.0366  0.1923  0.9807

PART 43
OFFSET  14.9445  3.5829 -4.7221
X  0.7222  0.6731 -0.1589
Y -0.6907  0.7141 -0.1142
Z  0.0366  0.1923  0.9807

PART 44
OFFSET -3.5060 -7.9373 -3.1869
X -0.1794 -0.0379  0.9831
Y -0.3092 -0.9465 -0.0929
Z  0.9339 -0.3206  0.1580

PART 45
OFFSET -1.3368 -7.4787 -15.0758
X -0.7173 -0.1545 -0.6794
Y  0.6644  0.1423 -0.7337
Z  0.2101 -0.9777  0.0006

PART 46
OFFSET  4.7640 -6.1643 -9.2971
X -0.7173 -0.1545 -0.6794
Y  0.5719  0.4264 -0.7008
Z  0.3980 -0.8912 -0.2175

PART 47
OFFSET  5.0638 -4.9281 -7.7781
X -0.7218 -0.1527 -0.6750
Y -0.2175  0.9760  0.0119
Z  0.6570  0.1554 -0.7377

PART 48
OFFSET  4.8293 -5.5982 -6.8128
X -0.7218 -0.1527 -0.6750
Y -0.2175  0.9760  0.0119
Z  0.6570  0.1554 -0.7377

PART 49
OFFSET  5.3222 -6.8472 -6.9025
X -0.7218 -0.1527 -0.6750
Y -0.2175  0.9760  0.0119
Z  0.6570  0.1554 -0.7377

PART 50
OFFSET  6.9630 -5.6906 -7.2142
X -0.6296 -0.7758 -0.0416
Y  0.2272 -0.1327 -0.9648
Z  0.7430 -0.6169  0.2598

PART 51
OFFSET  6.7220 -4.9603 -6.3712
X  0.0357 -0.9290 -0.3682
Y  0.2007  0.3676 -0.9081
Z  0.9790 -0.0415  0.1995

PART 52
OFFSET  6.5705 -2.9898 -5.4970
X -0.3975 -0.7916  0.4640
Y  0.1833 -0.5640 -0.8052
Z  0.8991 -0.2350  0.3693

PART 53
OFFSET  7.1225 -1.7192 -6.3355
X -0.2849 -0.1939  0.9387
Y -0.1060 -0.9670 -0.2319
Z  0.9527 -0.1656  0.2550

PART 54
OFFSET  7.3888 -1.4856 -7.3584
X -0.8441 -0.2360  0.4814
Y -0.5274  0.5271 -0.6664
Z -0.0965 -0.8164 -0.5694

PART 55
OFFSET  7.5889 -5.0515 -8.2646
X -0.4740 -0.7592  0.4461
Y  0.8799 -0.4272  0.2079
Z  0.0327  0.4911  0.8705

PART 56
OFFSET  8.5507 -3.2218 -9.1656
X  0.5987 -0.7839  0.1642
Y  0.7422  0.4660 -0.4817
Z  0.3011  0.4102  0.8608

PART 57
OFFSET  7.7030 -2.1119 -9.3980
X  0.9398  0.0175 -0.3412
Y -0.1378  0.9333 -0.3317
Z  0.3126  0.3587  0.8795

PART 58
OFFSET  6.8698 -2.1275 -9.0955
X  0.4258  0.7466 -0.5112
Y -0.8557  0.5159  0.0408
Z  0.2942  0.4200  0.8585

PART 59
OFFSET  6.4652 -2.8368 -8.6098
X  0.1689 -0.9556  0.2412
Y -0.8828 -0.0379  0.4683
Z -0.4384 -0.2921 -0.8500

PART 60
OFFSET  7.6801 -4.8788 -7.5780
X -0.5391 -0.8003  0.2624
Y  0.8383 -0.4796  0.2594
Z -0.0818  0.3598  0.9294

PART 61
OFFSET  9.1100 -2.8658 -8.3913
X  0.5797 -0.7651  0.2803
Y  0.7791  0.4196 -0.4658
Z  0.2388  0.4883  0.8394

PART 62
OFFSET  8.1231 -1.5631 -8.8685
X  0.8963  0.2236 -0.3829
Y -0.3679  0.8570 -0.3609
Z  0.2475  0.4643  0.8504

PART 63
OFFSET  6.8809 -1.8730 -8.3379
X  0.2621  0.8152 -0.5165
Y -0.9342  0.3486  0.0761
Z  0.2421  0.4626  0.8529

PART 64
OFFSET  6.5966 -2.7571 -7.7777
X  0.3308 -0.8443  0.4217
Y -0.9251 -0.2018  0.3216
Z -0.1864 -0.4965 -0.8478

PART 65
OFFSET  4.5487 -9.1378 -6.4320
X -0.4297 -0.8758  0.2197
Y -0.8844  0.3591 -0.2982
Z  0.1822 -0.3225 -0.9289

PART 66
OFFSET  9.5211 -2.7968 -6.2281
X -0.5902 -0.7861  0.1836
Y  0.8071 -0.5700  0.1540
Z -0.0164  0.2390  0.9709

PART 67
OFFSET  10.5601 -1.4127 -6.5513
X -0.5638 -0.8027  0.1945
Y  0.8239 -0.5303  0.1999
Z -0.0573  0.2730  0.9603

PART 68
OFFSET  11.2420 -0.4203 -6.7295
X -0.5543 -0.8224  0.1280
Y  0.8285 -0.5305  0.1795
Z -0.0797  0.2055  0.9754

PART 69
OFFSET  11.8681  0.5087 -6.8740
X -0.5899  0.8044  0.0707
Y  0.7821  0.5909 -0.1977
Z -0.2008 -0.0614 -0.9777

PART 70
OFFSET  9.5671 -2.9129 -7.3258
X  0.4656 -0.8184  0.3367
Y  0.8824  0.4005 -0.2467
Z  0.0670  0.4120  0.9087

PART 71
OFFSET  8.6575 -1.3140 -7.9835
X  0.9827  0.1268 -0.1347
Y -0.1736  0.8836 -0.4348
Z  0.0638  0.4507  0.8904

PART 72
OFFSET  7.2221 -1.4992 -7.7869
X  0.3577  0.8073 -0.4693
Y -0.9334  0.3245 -0.1533
Z  0.0285  0.4929  0.8696

PART 73
OFFSET  6.8161 -2.4168 -7.2616
X  0.3200 -0.8578  0.4022
Y -0.9398 -0.2338  0.2491
Z -0.1196 -0.4577 -0.8810

PART 74
OFFSET  5.0638 -4.9281 -7.7780
X -0.7218 -0.1527 -0.6750
Y -0.2175  0.9760  0.0119
Z  0.6570  0.1554 -0.7377

PART 75
OFFSET  4.8292 -5.5981 -6.8127
X -0.7218 -0.1527 -0.6750
Y -0.2175  0.9760  0.0119
Z  0.6570  0.1554 -0.7377

PART 76
OFFSET  5.3223 -6.8472 -6.9026
X -0.7218 -0.1527 -0.6750
Y -0.2175  0.9760  0.0119
Z  0.6570  0.1554 -0.7377

PART 77
OFFSET  0.0000 -0.0000 -0.0000
X  1.0000 -0.0000  0.0000
Y  0.0000  1.0000  0.0000
Z  0.0000 -0.0000  1.0000

PART 78
OFFSET -0.0000 -0.0000 -0.0000
X  0.9986  0.0000 -0.0523
Y  0.0055  0.9945  0.1044
Z  0.0520 -0.1045  0.9932

PART 79
OFFSET  1.7536 -0.4323  4.0268
X  0.9986  0.0000 -0.0523
Y  0.0055  0.9945  0.1044
Z  0.0520 -0.1045  0.9932


FRAME 2361
PART 0
OFFSET  0.0000 -0.0000 -0.0000
X  1.0000 -0.0000  0.0000
Y  0.0000  1.0000  0.0000
Z  0.0000 -0.0000  1.0000

PART 1
OFFSET -4.6318 -0.0000 -1.3770
X  1.0000 -0.0000  0.0000
Y  0.0000  1.0000  0.0000
Z  0.0000 -0.0000  1.0000

PART 2
OFFSET -0.3955  7.9582 -9.1335
X  0.6101  0.2298 -0.7583
Y  0.3210 -0.9466 -0.0286
Z -0.7244 -0.2260 -0.6513

PART 3
OFFSET  6.9826  10.7374 -18.3042
X  0.8340 -0.2684  0.4820
Y -0.5438 -0.2525  0.8003
Z -0.0931 -0.9296 -0.3566

PART 4
OFFSET  14.0764  8.4545 -14.2044
X  0.8340 -0.2684  0.4820
Y -0.5517 -0.3930  0.7357
Z -0.0080 -0.8795 -0.4759

PART 5
OFFSET  15.9121  9.7123 -13.4146
X  0.8375 -0.2643  0.4782
Y  0.0985  0.9339  0.3437
Z -0.5375 -0.2407  0.8082

PART 6
OFFSET  15.5370  7.8205 -14.9808
X  0.8375 -0.2643  0.4782
Y  0.0985  0.9339  0.3437
Z -0.5375 -0.2407  0.8082

PART 7
OFFSET  14.9458  8.2951 -11.8106
X  0.8375 -0.2643  0.4782
Y  0.0985  0.9339  0.3437
Z -0.5375 -0.2407  0.8082

PART 8
OFFSET  14.6221  7.0358 -12.1582
X  0.8375 -0.2643  0.4782
Y  0.0985  0.9339  0.3437
Z -0.5375 -0.2407  0.8082

PART 9
OFFSET  14.7671  6.8176 -13.3274
X  0.8375 -0.2643  0.4782
Y  0.0985  0.9339  0.3437
Z -0.5375 -0.2407  0.8082

PART 10
OFFSET  16.6332  7.6317 -12.7266
X  0.7316  0.2609  0.6299
Y -0.5457 -0.3297  0.7704
Z  0.4087 -0.9073 -0.0988

PART 11
OFFSET  16.6035  7.0584 -11.7404
X  0.3019 -0.6899  0.6579
Y -0.9448 -0.1243  0.3032
Z -0.1274 -0.7131 -0.6893

PART 12
OFFSET  17.1536  5.5175 -10.3287
X  0.9809 -0.0081  0.1942
Y -0.1402 -0.7217  0.6779
Z  0.1347 -0.6922 -0.7091

PART 13
OFFSET  18.7606  5.4700 -10.1350
X  0.6564  0.5151 -0.5512
Y  0.7544 -0.4504  0.4775
Z -0.0023 -0.7292 -0.6843

PART 14
OFFSET  19.4832  5.9860 -10.7543
X  0.6415  0.7558  0.1311
Y -0.6030  0.3913  0.6952
Z  0.4741 -0.5250  0.7068

PART 15
OFFSET  17.9192  8.0221 -13.0385
X  0.9289  0.3632  0.0724
Y  0.3702 -0.9149 -0.1610
Z  0.0078  0.1764 -0.9843

PART 16
OFFSET  20.0506  8.7002 -12.7521
X  0.2571 -0.9426  0.2130
Y -0.9150 -0.3084 -0.2603
Z  0.3110 -0.1280 -0.9418

PART 17
OFFSET  20.4146  7.3656 -12.4506
X -0.8202 -0.5647 -0.0912
Y -0.4974  0.7828 -0.3739
Z  0.2825 -0.2614 -0.9230

PART 18
OFFSET  19.6873  6.8650 -12.5315
X -0.7759 -0.6263 -0.0755
Y -0.5765  0.7526 -0.3183
Z  0.2561 -0.2035 -0.9450

PART 19
OFFSET  18.9502  6.2700 -12.6032
X  0.9183  0.0360  0.3942
Y  0.0965  0.9455 -0.3111
Z -0.3839  0.3238  0.8648

PART 20
OFFSET  17.6604  7.9871 -12.3742
X  0.8662  0.3441  0.3622
Y  0.4171 -0.8971 -0.1454
Z  0.2750  0.2770 -0.9207

PART 21
OFFSET  19.9402  8.9411 -11.5676
X  0.4237 -0.9046  0.0470
Y -0.8716 -0.4213 -0.2507
Z  0.2466  0.0653 -0.9669

PART 22
OFFSET  20.6616  7.4010 -11.4876
X -0.7597 -0.6056 -0.2368
Y -0.5939  0.7945 -0.1266
Z  0.2648  0.0444 -0.9633

PART 23
OFFSET  19.6087  6.5617 -11.8157
X -0.8526 -0.4523 -0.2617
Y -0.4475  0.8906 -0.0812
Z  0.2698  0.0479 -0.9617

PART 24
OFFSET  18.6840  6.0712 -12.0995
X  0.9675 -0.1358  0.2135
Y  0.1109  0.9860  0.1249
Z -0.2275 -0.0971  0.9689

PART 25
OFFSET  18.2409  7.4263 -9.6146
X  0.9075  0.0570  0.4162
Y -0.1995  0.9304  0.3076
Z -0.3697 -0.3621  0.8557

PART 26
OFFSET  18.9203  8.7369 -9.6545
X  0.8278 -0.5577  0.0616
Y -0.5161 -0.7999 -0.3062
Z  0.2200  0.2217 -0.9500

PART 27
OFFSET  20.3777  7.7551 -9.5461
X -0.1744 -0.9291 -0.3262
Y -0.9445  0.2516 -0.2115
Z  0.2785  0.2712 -0.9213

PART 28
OFFSET  20.1487  6.6091 -9.8866
X -0.5819 -0.7690 -0.2646
Y -0.7620  0.6292 -0.1531
Z  0.2843  0.1125 -0.9521

PART 29
OFFSET  19.4915  5.7405 -10.1856
X  0.9572 -0.2860 -0.0434
Y  0.2839  0.8997  0.3316
Z -0.0558 -0.3297  0.9424

PART 30
OFFSET  19.5076  8.9040 -10.5752
X  0.3849 -0.9185 -0.0902
Y -0.8884 -0.3423 -0.3059
Z  0.2501  0.1979 -0.9478

PART 31
OFFSET  20.2596  7.1096 -10.7514
X -0.7182 -0.6191 -0.3176
Y -0.6598  0.7509  0.0283
Z  0.2210  0.2299 -0.9478

PART 32
OFFSET  19.2105  6.2053 -11.2153
X -0.9104 -0.2955 -0.2895
Y -0.3592  0.9118  0.1991
Z  0.2051  0.2853 -0.9362

PART 33
OFFSET  18.1811  5.8720 -11.5499
X  0.9145 -0.3740  0.1546
Y  0.3255  0.9068  0.2680
Z -0.2404 -0.1947  0.9509

PART 34
OFFSET  19.5335  7.1341 -11.5846
X  0.2504  0.2155 -0.9439
Y -0.4087  0.9073  0.0988
Z  0.8777  0.3610  0.3153

PART 35
OFFSET  15.8992  9.1800 -14.0565
X  0.8375 -0.2643  0.4782
Y  0.0985  0.9339  0.3437
Z -0.5375 -0.2407  0.8082

PART 36
OFFSET  15.5370  7.8205 -14.9808
X  0.8375 -0.2643  0.4782
Y  0.0985  0.9339  0.3437
Z -0.5375 -0.2407  0.8082

PART 37
OFFSET  14.9458  8.2951 -11.8106
X  0.8375 -0.2643  0.4782
Y  0.0985  0.9339  0.3437
Z -0.5375 -0.2407  0.8082

PART 38
OFFSET  14.6221  7.0358 -12.1582
X  0.8375 -0.2643  0.4782
Y  0.0985  0.9339  0.3437
Z -0.5375 -0.2407  0.8082

PART 39
OFFSET  14.7671  6.8176 -13.3274
X  0.8375 -0.2643  0.4782
Y  0.0985  0.9339  0.3437
Z -0.5375 -0.2407  0.8082

PART 40
OFFSET  9.3087 -0.7285 -5.6260
X  0.7559  0.6479 -0.0939
Y -0.6541  0.7533 -0.0685
Z  0.0264  0.1132  0.9932

PART 41
OFFSET  9.3087 -0.7285 -5.6260
X  0.7559  0.6479 -0.0939
Y -0.6541  0.7533 -0.0685
Z  0.0264  0.1132  0.9932

PART 42
OFFSET  12.4900  2.0432 -5.7453
X  0.7559  0.6479 -0.0939
Y -0.6541  0.7533 -0.0685
Z  0.0264  0.1132  0.9932

PART 43
OFFSET  14.9037  3.1564 -4.1179
X  0.7559  0.6479 -0.0939
Y -0.6541  0.7533 -0.0685
Z  0.0264  0.1132  0.9932

PART 44
OFFSET -3.5060 -7.9373 -3.1869
X -0.1331 -0.0460  0.9900
Y -0.2925 -0.9526 -0.0836
Z  0.9470 -0.3007  0.1133

PART 45
OFFSET -1.8962 -7.3804 -15.1602
X -0.7266 -0.1629 -0.6675
Y  0.6470  0.1645 -0.7445
Z  0.2311 -0.9728 -0.0142

PART 46
OFFSET  4.2838 -5.9952 -9.4830
X -0.7266 -0.1629 -0.6675
Y  0.5715  0.3959 -0.7187
Z  0.3813 -0.9037 -0.1946

PART 47
OFFSET  4.5857 -4.7690 -7.9563
X -0.7311 -0.1612 -0.6630
Y -0.2383  0.9708  0.0268
Z  0.6393  0.1776 -0.7482

PART 48
OFFSET  4.3841 -5.4544 -6.9943
X -0.7311 -0.1612 -0.6630
Y -0.2383  0.9708  0.0268
Z  0.6393  0.1776 -0.7482

PART 49
OFFSET  4.9021 -6.6912 -7.1071
X -0.7311 -0.1612 -0.6630
Y -0.2383  0.9708  0.0268
Z  0.6393  0.1776 -0.7482

PART 50
OFFSET  6.5113 -5.4959 -7.4367
X -0.6692 -0.7358 -0.1036
Y  0.2273 -0.0699 -0.9713
Z  0.7074 -0.6736  0.2140

PART 51
OFFSET  6.3025 -4.8209 -6.5407
X -0.0104 -0.8985 -0.4388
Y  0.2267  0.4253 -0.8762
Z  0.9739 -0.1086  0.1993

PART 52
OFFSET  6.2482 -2.9183 -5.5174
X -0.4422 -0.8027  0.4001
Y  0.1595 -0.5093 -0.8457
Z  0.8826 -0.3101  0.3533

PART 53
OFFSET  6.8728 -1.6180 -6.2533
X -0.3019 -0.2501  0.9199
Y -0.1549 -0.9393 -0.3063
Z  0.9407 -0.2350  0.2448

PART 54
OFFSET  7.1589 -1.3208 -7.2541
X -0.8590 -0.2273  0.4587
Y -0.4938  0.6040 -0.6255
Z -0.1349 -0.7639 -0.6311

PART 55
OFFSET  7.1780 -4.8120 -8.4324
X -0.5167 -0.7650  0.3844
Y  0.8546 -0.4880  0.1774
Z  0.0519  0.4202  0.9060

PART 56
OFFSET  8.2416 -2.9720 -9.1858
X  0.5554 -0.8249  0.1053
Y  0.7694  0.4616 -0.4415
Z  0.3156  0.3262  0.8910

PART 57
OFFSET  7.4554 -1.8041 -9.3348
X  0.9421 -0.0062 -0.3354
Y -0.0860  0.9620 -0.2591
Z  0.3243  0.2729  0.9058

PART 58
OFFSET  6.6201 -1.7987 -9.0374
X  0.4684  0.7601 -0.4505
Y -0.8276  0.5559  0.0775
Z  0.3093  0.3365  0.8894

PART 59
OFFSET  6.1751 -2.5208 -8.6095
X  0.1165 -0.9790  0.1673
Y -0.8871 -0.0269  0.4607
Z -0.4466 -0.2021 -0.8716

PART 60
OFFSET  7.2729 -4.6978 -7.7341
X -0.5825 -0.7884  0.1978
Y  0.8098 -0.5420  0.2246
Z -0.0698  0.2910  0.9542

PART 61
OFFSET  8.8129 -2.7068 -8.3844
X  0.5364 -0.8141  0.2224
Y  0.8036  0.4123 -0.4291
Z  0.2577  0.4089  0.8754

PART 62
OFFSET  7.8997 -1.3207 -8.7630
X  0.9098  0.2045 -0.3612
Y -0.3195  0.9005 -0.2949
Z  0.2650  0.3837  0.8846

PART 63
OFFSET  6.6388 -1.6041 -8.2624
X  0.3086  0.8375 -0.4510
Y -0.9151  0.3908  0.0994
Z  0.2595  0.3820  0.8870

PART 64
OFFSET  6.3041 -2.5124 -7.7732
X  0.2827 -0.8906  0.3564
Y -0.9369 -0.1766  0.3018
Z -0.2058 -0.4192 -0.8843

PART 65
OFFSET  3.9130 -8.8601 -6.9320
X -0.4769 -0.8661  0.1499
Y -0.8619  0.4274 -0.2727
Z  0.1721 -0.2592 -0.9504

PART 66
OFFSET  9.2104 -2.8264 -6.2208
X -0.6321 -0.7655  0.1201
Y  0.7748 -0.6221  0.1124
Z -0.0113  0.1641  0.9864

PART 67
OFFSET  10.3234 -1.4786 -6.4323
X -0.6067 -0.7842  0.1299
Y  0.7933 -0.5870  0.1613
Z -0.0502  0.2009  0.9783

PART 68
OFFSET  11.0579 -0.5130 -6.5308
X -0.5978 -0.7992  0.0621
Y  0.7980 -0.5859  0.1410
Z -0.0763  0.1338  0.9881

PART 69
OFFSET  11.7331  0.3897 -6.6009
X -0.5472  0.8267  0.1305
Y  0.8137  0.5620 -0.1486
Z -0.1962  0.0248 -0.9802

PART 70
OFFSET  9.2587 -2.8599 -7.3240
X  0.4193 -0.8655  0.2741
Y  0.9042  0.3710 -0.2118
Z  0.0816  0.3367  0.9381

PART 71
OFFSET  8.4396 -1.1692 -7.8595
X  0.9891  0.0845 -0.1209
Y -0.1235  0.9224 -0.3659
Z  0.0806  0.3768  0.9228

PART 72
OFFSET  6.9950 -1.2926 -7.6830
X  0.4033  0.8209 -0.4043
Y -0.9138  0.3844 -0.1311
Z  0.0477  0.4223  0.9052

PART 73
OFFSET  6.5372 -2.2251 -7.2316
X  0.2713 -0.9020  0.3359
Y -0.9527 -0.2021  0.2269
Z -0.1368 -0.3816 -0.9142

PART 74
OFFSET  4.5856 -4.7690 -7.9562
X -0.7311 -0.1612 -0.6630
Y -0.2383  0.9708  0.0268
Z  0.6393  0.1776 -0.7482

PART 75
OFFSET  4.3840 -5.4542 -6.9942
X -0.7311 -0.1612 -0.6630
Y -0.2383  0.9708  0.0268
Z  0.6393  0.1776 -0.7482

PART 76
OFFSET  4.9021 -6.6912 -7.1072
X -0.7311 -0.1612 -0.6630
Y -0.2383  0.9708  0.0268
Z  0.6393  0.1776 -0.7482

PART 77
OFFSET  0.0000 -0.0000 -0.0000
X  1.0000 -0.0000  0.0000
Y  0.0000  1.0000  0.0000
Z  0.0000 -0.0000  1.0000

PART 78
OFFSET -0.0000 -0.0000 -0.0000
X  0.9988 -0.0000 -0.0496
Y  0.0049  0.9950  0.0996
Z  0.0493 -0.0997  0.9938

PART 79
OFFSET  1.7425 -0.4123  4.0338
X  0.9988 -0.0000 -0.0496
Y  0.0049  0.9950  0.0996
Z  0.0493 -0.0997  0.9938


FRAME 2362
PART 0
OFFSET  0.0000 -0.0000 -0.0000
X  1.0000 -0.0000  0.0000
Y  0.0000  1.0000  0.0000
Z  0.0000 -0.0000  1.0000

PART 1
OFFSET -4.6318 -0.0000 -1.3770
X  1.0000 -0.0000  0.0000
Y  0.0000  1.0000  0.0000
Z  0.0000 -0.0000  1.0000

PART 2
OFFSET -0.0791  7.9597 -9.3490
X  0.6745  0.2214 -0.7043
Y  0.3260 -0.9453  0.0150
Z -0.6624 -0.2397 -0.7097

PART 3
OFFSET  8.0781  10.6372 -17.8669
X  0.7900 -0.2561  0.5571
Y -0.6104 -0.2437  0.7536
Z -0.0572 -0.9354 -0.3489

PART 4
OFFSET  14.7972  8.4591 -13.1286
X  0.7900 -0.2561  0.5571
Y -0.6099 -0.4213  0.6712
Z  0.0628 -0.8700 -0.4890

PART 5
OFFSET  16.5510  9.7396 -12.2013
X  0.7938 -0.2521  0.5535
Y  0.0638  0.9396  0.3364
Z -0.6049 -0.2317  0.7619

PART 6
OFFSET  16.3231  7.8222 -13.7647
X  0.7938 -0.2521  0.5535
Y  0.0638  0.9396  0.3364
Z -0.6049 -0.2317  0.7619

PART 7
OFFSET  15.4550  8.3410 -10.6659
X  0.7938 -0.2521  0.5535
Y  0.0638  0.9396  0.3364
Z -0.6049 -0.2317  0.7619

PART 8
OFFSET  15.1687  7.0747 -11.0209
X  0.7938 -0.2521  0.5535
Y  0.0638  0.9396  0.3364
Z -0.6049 -0.2317  0.7619

PART 9
OFFSET  15.4163  6.8398 -12.1694
X  0.7938 -0.2521  0.5535
Y  0.0638  0.9396  0.3364
Z -0.6049 -0.2317  0.7619

PART 10
OFFSET  17.2191  7.6740 -11.4208
X  0.7185  0.1556  0.6779
Y -0.5949 -0.3674  0.7149
Z  0.3603 -0.9170 -0.1714

PART 11
OFFSET  17.1161  7.0130 -10.4963
X  0.2350 -0.7657  0.5987
Y -0.9637 -0.1032  0.2462
Z -0.1267 -0.6348 -0.7622

PART 12
OFFSET  17.5199  5.3150 -9.2222
X  0.9684 -0.0788  0.2367
Y -0.2086 -0.7759  0.5954
Z  0.1367 -0.6259 -0.7678

PART 13
OFFSET  19.1110  5.1641 -8.9616
X  0.7073  0.5310 -0.4667
Y  0.7069 -0.5340  0.4638
Z -0.0029 -0.6579 -0.7531

PART 14
OFFSET  19.8877  5.6991 -9.4929
X  0.6697  0.7045  0.2348
Y -0.6177  0.3529  0.7027
Z  0.4122 -0.6157  0.6716

PART 15
OFFSET  18.5369  8.0138 -11.6473
X  0.9442  0.2979  0.1403
Y  0.3241 -0.9163 -0.2354
Z  0.0584  0.2678 -0.9617

PART 16
OFFSET  20.6897  8.5318 -11.2208
X  0.1942 -0.9723  0.1298
Y -0.9194 -0.2266 -0.3214
Z  0.3419 -0.0570 -0.9380

PART 17
OFFSET  20.9646  7.1552 -11.0370
X -0.8465 -0.5030 -0.1746
Y -0.4363  0.8432 -0.3140
Z  0.3052 -0.1896 -0.9332

PART 18
OFFSET  20.2141  6.7093 -11.1918
X -0.8064 -0.5684 -0.1633
Y -0.5193  0.8127 -0.2644
Z  0.2830 -0.1284 -0.9505

PART 19
OFFSET  19.4480  6.1693 -11.3470
X  0.9018 -0.0569  0.4283
Y  0.1627  0.9631 -0.2146
Z -0.4003  0.2632  0.8778

PART 20
OFFSET  18.2493  7.9319 -10.9992
X  0.8687  0.2554  0.4245
Y  0.3713 -0.9029 -0.2165
Z  0.3280  0.3457 -0.8792

PART 21
OFFSET  20.5443  8.6660 -10.0232
X  0.3694 -0.9289 -0.0256
Y -0.8830 -0.3423 -0.3213
Z  0.2896  0.1413 -0.9466

PART 22
OFFSET  21.1732  7.0845 -10.0668
X -0.7824 -0.5335 -0.3212
Y -0.5421  0.8374 -0.0703
Z  0.3065  0.1191 -0.9444

PART 23
OFFSET  20.0889  6.3451 -10.5120
X -0.8654 -0.3732 -0.3345
Y -0.3925  0.9197 -0.0106
Z  0.3116  0.1221 -0.9423

PART 24
OFFSET  19.1504  5.9403 -10.8748
X  0.9485 -0.2136  0.2338
Y  0.1613  0.9613  0.2235
Z -0.2724 -0.1743  0.9463

PART 25
OFFSET  18.6826  7.0789 -8.2878
X  0.8913 -0.0375  0.4519
Y -0.1589  0.9075  0.3888
Z -0.4247 -0.4183  0.8029

PART 26
OFFSET  19.4362  8.3440 -8.1765
X  0.8131 -0.5787  0.0637
Y -0.5121 -0.7629 -0.3946
Z  0.2769  0.2883 -0.9166

PART 27
OFFSET  20.8678  7.3252 -8.0644
X -0.1461 -0.9053 -0.3989
Y -0.9314  0.2617 -0.2528
Z  0.3333  0.3346 -0.8815

PART 28
OFFSET  20.6699  6.2043 -8.4958
X -0.5748 -0.7369 -0.3558
Y -0.7433  0.6520 -0.1496
Z  0.3422  0.1784 -0.9225

PART 29
OFFSET  20.0206  5.3719 -8.8976
X  0.9544 -0.2985 -0.0086
Y  0.2750  0.8674  0.4148
Z -0.1164 -0.3982  0.9099

PART 30
OFFSET  20.0696  8.5615 -9.0551
X  0.3356 -0.9275 -0.1648
Y -0.8930 -0.2576 -0.3691
Z  0.2999  0.2711 -0.9147

PART 31
OFFSET  20.7253  6.7497 -9.3771
X -0.7384 -0.5418 -0.4014
Y -0.6168  0.7834  0.0772
Z  0.2726  0.3046 -0.9126

PART 32
OFFSET  19.6467  5.9582 -9.9635
X -0.9130 -0.2113 -0.3490
Y -0.3149  0.9089  0.2734
Z  0.2594  0.3595 -0.8963

PART 33
OFFSET  18.6147  5.7208 -10.3653
X  0.8846 -0.4415  0.1503
Y  0.3651  0.8561  0.3659
Z -0.2902 -0.2688  0.9185

PART 34
OFFSET  20.0368  6.8965 -10.2294
X  0.3010  0.2882 -0.9090
Y -0.3603  0.9170  0.1714
Z  0.8829  0.2759  0.3798

PART 35
OFFSET  16.5968  9.1977 -12.8336
X  0.7938 -0.2521  0.5535
Y  0.0638  0.9396  0.3364
Z -0.6049 -0.2317  0.7619

PART 36
OFFSET  16.3231  7.8222 -13.7647
X  0.7938 -0.2521  0.5535
Y  0.0638  0.9396  0.3364
Z -0.6049 -0.2317  0.7619

PART 37
OFFSET  15.4550  8.3410 -10.6659
X  0.7938 -0.2521  0.5535
Y  0.0638  0.9396  0.3364
Z -0.6049 -0.2317  0.7619

PART 38
OFFSET  15.1687  7.0747 -11.0209
X  0.7938 -0.2521  0.5535
Y  0.0638  0.9396  0.3364
Z -0.6049 -0.2317  0.7619

PART 39
OFFSET  15.4163  6.8398 -12.1694
X  0.7938 -0.2521  0.5535
Y  0.0638  0.9396  0.3364
Z -0.6049 -0.2317  0.7619

PART 40
OFFSET  9.0951 -0.7987 -5.4075
X  0.7979  0.6027 -0.0047
Y -0.6027  0.7977 -0.0227
Z -0.0100  0.0210  0.9997

PART 41
OFFSET  9.0951 -0.7987 -5.4075
X  0.7979  0.6027 -0.0047
Y -0.6027  0.7977 -0.0227
Z -0.0100  0.0210  0.9997

PART 42
OFFSET  12.4441  1.7577 -5.1486
X  0.7979  0.6027 -0.0047
Y -0.6027  0.7977 -0.0227
Z -0.0100  0.0210  0.9997

PART 43
OFFSET  14.8488  2.5584 -3.3349
X  0.7979  0.6027 -0.0047
Y -0.6027  0.7977 -0.0227
Z -0.0100  0.0210  0.9997

PART 44
OFFSET -3.5060 -7.9373 -3.1869
X -0.0806 -0.0582  0.9950
Y -0.2659 -0.9609 -0.0778
Z  0.9606 -0.2708  0.0619

PART 45
OFFSET -2.5318 -7.2329 -15.2209
X -0.7418 -0.1769 -0.6469
Y  0.6178  0.1950 -0.7618
Z  0.2609 -0.9647 -0.0353

PART 46
OFFSET  3.7774 -5.7280 -9.7189
X -0.7418 -0.1769 -0.6469
Y  0.5677  0.3479 -0.7461
Z  0.3570 -0.9207 -0.1576

PART 47
OFFSET  4.0886 -4.5134 -8.1847
X -0.7462 -0.1754 -0.6422
Y -0.2677  0.9623  0.0481
Z  0.6096  0.2078 -0.7650

PART 48
OFFSET  3.9390 -5.2176 -7.2269
X -0.7462 -0.1754 -0.6422
Y -0.2677  0.9623  0.0481
Z  0.6096  0.2078 -0.7650

PART 49
OFFSET  4.4917 -6.4358 -7.3735
X -0.7462 -0.1754 -0.6422
Y -0.2677  0.9623  0.0481
Z  0.6096  0.2078 -0.7650

PART 50
OFFSET  6.0514 -5.1855 -7.7357
X -0.7136 -0.6751 -0.1873
Y  0.2518  0.0023 -0.9678
Z  0.6537 -0.7378  0.1683

PART 51
OFFSET  5.8610 -4.5812 -6.7867
X -0.0572 -0.8524 -0.5198
Y  0.2816  0.4858 -0.8275
Z  0.9578 -0.1937  0.2122

PART 52
OFFSET  5.9030 -2.7796 -5.5942
X -0.5072 -0.8028  0.3135
Y  0.1509 -0.4408 -0.8848
Z  0.8485 -0.4015  0.3447

PART 53
OFFSET  6.6357 -1.4649 -6.1916
X -0.3462 -0.3105  0.8853
Y -0.2081 -0.8947 -0.3952
Z  0.9148 -0.3211  0.2451

PART 54
OFFSET  6.9718 -1.0993 -7.1535
X -0.8861 -0.2073  0.4146
Y -0.4327  0.6909 -0.5792
Z -0.1664 -0.6926 -0.7019

PART 55
OFFSET  6.7928 -4.4627 -8.6475
X -0.5784 -0.7588  0.2995
Y  0.8141 -0.5604  0.1526
Z  0.0520  0.3321  0.9418

PART 56
OFFSET  8.0002 -2.6408 -9.2020
X  0.4952 -0.8677  0.0424
Y  0.8118  0.4449 -0.3782
Z  0.3093  0.2217  0.9248

PART 57
OFFSET  7.2991 -1.4123 -9.2620
X  0.9494 -0.0415 -0.3114
Y -0.0132  0.9851 -0.1714
Z  0.3138  0.1668  0.9347

PART 58
OFFSET  6.4573 -1.3756 -8.9859
X  0.5320  0.7631 -0.3669
Y -0.7904  0.6030  0.1080
Z  0.3037  0.2326  0.9240

PART 59
OFFSET  5.9519 -2.1006 -8.6373
X  0.0454 -0.9958  0.0792
Y -0.9007 -0.0065  0.4344
Z -0.4321 -0.0911 -0.8972

PART 60
OFFSET  6.8737 -4.4188 -7.9396
X -0.6399 -0.7605  0.1100
Y  0.7643 -0.6151  0.1935
Z -0.0795  0.2079  0.9749

PART 61
OFFSET  8.5631 -2.4894 -8.3658
X  0.4735 -0.8662  0.1595
Y  0.8423  0.3924 -0.3695
Z  0.2575  0.3094  0.9154

PART 62
OFFSET  7.7570 -1.0146 -8.6374
X  0.9321  0.1724 -0.3185
Y -0.2491  0.9435 -0.2184
Z  0.2628  0.2829  0.9224

PART 63
OFFSET  6.4651 -1.2536 -8.1960
X  0.3778  0.8512 -0.3643
Y -0.8894  0.4430  0.1126
Z  0.2572  0.2815  0.9245

PART 64
OFFSET  6.0554 -2.1767 -7.8009
X  0.2112 -0.9366  0.2796
Y -0.9555 -0.1374  0.2612
Z -0.2062 -0.3223 -0.9239

PART 65
OFFSET  3.2189 -8.3925 -7.6068
X -0.5383 -0.8407  0.0577
Y -0.8225  0.5093 -0.2532
Z  0.1835 -0.1838 -0.9657

PART 66
OFFSET  8.8850 -2.8311 -6.2133
X -0.6854 -0.7273  0.0336
Y  0.7275 -0.6822  0.0736
Z -0.0306  0.0749  0.9967

PART 67
OFFSET  10.0918 -1.5505 -6.2725
X -0.6617 -0.7486  0.0422
Y  0.7468 -0.6530  0.1259
Z -0.0667  0.1148  0.9911

PART 68
OFFSET  10.8921 -0.6335 -6.2636
X -0.6517 -0.7580 -0.0265
Y  0.7522 -0.6504  0.1059
Z -0.0975  0.0491  0.9940

PART 69
OFFSET  11.6283  0.2227 -6.2337
X -0.4943  0.8477  0.1926
Y  0.8537  0.5151 -0.0763
Z -0.1639  0.1267 -0.9783

PART 70
OFFSET  8.9648 -2.7683 -7.3134
X  0.3516 -0.9138  0.2035
Y  0.9331  0.3247 -0.1545
Z  0.0751  0.2442  0.9668

PART 71
OFFSET  8.2779 -0.9832 -7.7108
X  0.9958  0.0260 -0.0884
Y -0.0500  0.9580 -0.2823
Z  0.0773  0.2855  0.9553

PART 72
OFFSET  6.8234 -1.0211 -7.5818
X  0.4698  0.8239 -0.3169
Y -0.8815  0.4574 -0.1175
Z  0.0481  0.3346  0.9411

PART 73
OFFSET  6.2905 -1.9563 -7.2296
X  0.1997 -0.9453  0.2579
Y -0.9707 -0.1549  0.1839
Z -0.1339 -0.2871 -0.9485

PART 74
OFFSET  4.0885 -4.5134 -8.1847
X -0.7462 -0.1754 -0.6422
Y -0.2677  0.9623  0.0481
Z  0.6096  0.2078 -0.7650

PART 75
OFFSET  3.9388 -5.2175 -7.2268
X -0.7462 -0.1754 -0.6422
Y -0.2677  0.9623  0.0481
Z  0.6096  0.2078 -0.7650

PART 76
OFFSET  4.4917 -6.4358 -7.3736
X -0.7462 -0.1754 -0.6422
Y -0.2677  0.9623  0.0481
Z  0.6096  0.2078 -0.7650

PART 77
OFFSET  0.0000 -0.0000 -0.0000
X  1.0000 -0.0000  0.0000
Y  0.0000  1.0000  0.0000
Z  0.0000 -0.0000  1.0000

PART 78
OFFSET -0.0000 -0.0000 -0.0000
X  0.9991  0.0000 -0.0434
Y  0.0038  0.9961  0.0882
Z  0.0432 -0.0883  0.9952

PART 79
OFFSET  1.7177 -0.3651  4.0489
X  0.9991  0.0000 -0.0434
Y  0.0038  0.9961  0.0882
Z  0.0432 -0.0883  0.9952


FRAME 2363
PART 0
OFFSET  0.0000 -0.0000 -0.0000
X  1.0000 -0.0000  0.0000
Y  0.0000  1.0000  0.0000
Z  0.0000 -0.0000  1.0000

PART 1
OFFSET -4.6318 -0.0000 -1.3770
X  1.0000 -0.0000  0.0000
Y  0.0000  1.0000  0.0000
Z  0.0000 -0.0000  1.0000

PART 2
OFFSET  0.3182  7.9603 -9.5455
X  0.7553  0.2046 -0.6227
Y  0.3073 -0.9497  0.0608
Z -0.5789 -0.2372 -0.7801

PART 3
OFFSET  9.4525  10.4343 -17.0758
X  0.7381 -0.2543  0.6249
Y -0.6740 -0.2357  0.7001
Z -0.0307 -0.9380 -0.3454

PART 4
OFFSET  15.7304  8.2715 -11.7604
X  0.7381 -0.2543  0.6249
Y -0.6647 -0.4331  0.6088
Z  0.1158 -0.8648 -0.4887

PART 5
OFFSET  17.4029  9.5535 -10.6954
X  0.7422 -0.2503  0.6217
Y  0.0383  0.9420  0.3335
Z -0.6691 -0.2237  0.7087

PART 6
OFFSET  17.3027  7.6246 -12.2580
X  0.7422 -0.2503  0.6217
Y  0.0383  0.9420  0.3335
Z -0.6691 -0.2237  0.7087

PART 7
OFFSET  16.1733  8.1707 -9.2494
X  0.7422 -0.2503  0.6217
Y  0.0383  0.9420  0.3335
Z -0.6691 -0.2237  0.7087

PART 8
OFFSET  15.9136  6.9026 -9.6181
X  0.7422 -0.2503  0.6217
Y  0.0383  0.9420  0.3335
Z -0.6691 -0.2237  0.7087

PART 9
OFFSET  16.2582  6.6578 -10.7393
X  0.7422 -0.2503  0.6217
Y  0.0383  0.9420  0.3335
Z -0.6691 -0.2237  0.7087

PART 10
OFFSET  17.9931  7.4920 -9.8446
X  0.6833  0.0362  0.7292
Y -0.6614 -0.3922  0.6393
Z  0.3092 -0.9192 -0.2441

PART 11
OFFSET  17.7892  6.7524 -8.9998
X  0.1461 -0.8356  0.5296
Y -0.9834 -0.0647  0.1693
Z -0.1071 -0.5456 -0.8312

PART 12
OFFSET  18.0005  4.9124 -7.8864
X  0.9424 -0.1647  0.2911
Y -0.2958 -0.8166  0.4956
Z  0.1561 -0.5532 -0.8183

PART 13
OFFSET  19.5570  4.6333 -7.5377
X  0.7689  0.5282 -0.3604
Y  0.6393 -0.6226  0.4514
Z  0.0141 -0.5774 -0.8163

PART 14
OFFSET  20.3999  5.1675 -7.9571
X  0.6903  0.6325  0.3514
Y -0.6460  0.3199  0.6931
Z  0.3260 -0.7054  0.6294

PART 15
OFFSET  19.3421  7.7568 -9.9614
X  0.9511  0.2141  0.2225
Y  0.2772 -0.9096 -0.3096
Z  0.1361  0.3561 -0.9245

PART 16
OFFSET  21.4933  8.0746 -9.3649
X  0.1213 -0.9918  0.0402
Y -0.9104 -0.1273 -0.3936
Z  0.3955  0.0111 -0.9184

PART 17
OFFSET  21.6650  6.6704 -9.3079
X -0.8651 -0.4213 -0.2721
Y -0.3593  0.8992 -0.2498
Z  0.3499 -0.1184 -0.9293

PART 18
OFFSET  20.8979  6.2969 -9.5491
X -0.8303 -0.4902 -0.2653
Y -0.4471  0.8699 -0.2083
Z  0.3329 -0.0543 -0.9414

PART 19
OFFSET  20.1092  5.8312 -9.8012
X  0.8675 -0.1633  0.4698
Y  0.2388  0.9653 -0.1055
Z -0.4363  0.2037  0.8764

PART 20
OFFSET  19.0096  7.6325 -9.3421
X  0.8553  0.1494  0.4961
Y  0.3238 -0.9016 -0.2868
Z  0.4045  0.4059 -0.8195

PART 21
OFFSET  21.2824  8.1004 -8.1698
X  0.3084 -0.9460 -0.1000
Y -0.8817 -0.2448 -0.4033
Z  0.3570  0.2125 -0.9096

PART 22
OFFSET  21.8074  6.4899 -8.3400
X -0.7942 -0.4418 -0.4172
Y -0.4804  0.8770 -0.0143
Z  0.3722  0.1891 -0.9087

PART 23
OFFSET  20.7067  5.8775 -8.9182
X -0.8654 -0.2754 -0.4186
Y -0.3297  0.9421  0.0618
Z  0.3773  0.1915 -0.9061

PART 24
OFFSET  19.7681  5.5788 -9.3722
X  0.9159 -0.3031  0.2631
Y  0.2100  0.9206  0.3294
Z -0.3420 -0.2465  0.9068

PART 25
OFFSET  19.2152  6.4882 -6.7124
X  0.8568 -0.1456  0.4946
Y -0.1229  0.8740  0.4702
Z -0.5007 -0.4637  0.7309

PART 26
OFFSET  20.0421  7.6789 -6.4303
X  0.7887 -0.6094  0.0811
Y -0.5002 -0.7128 -0.4917
Z  0.3574  0.3472 -0.8670

PART 27
OFFSET  21.4308  6.6061 -6.2876
X -0.1129 -0.8756 -0.4696
Y -0.9047  0.2859 -0.3157
Z  0.4107  0.3892 -0.8245

PART 28
OFFSET  21.2686  5.5179 -6.8084
X -0.5601 -0.6909 -0.4571
Y -0.7124  0.6833 -0.1599
Z  0.4228  0.2361 -0.8749

PART 29
OFFSET  20.6360  4.7375 -7.3247
X  0.9444 -0.3255  0.0471
Y  0.2596  0.8256  0.5011
Z -0.2020 -0.4610  0.8641

PART 30
OFFSET  20.7422  7.9357 -7.2454
X  0.2835 -0.9285 -0.2400
Y -0.8831 -0.1553 -0.4427
Z  0.3737  0.3374 -0.8640

PART 31
OFFSET  21.2960  6.1219 -7.7142
X -0.7459 -0.4453 -0.4953
Y -0.5675  0.8142  0.1225
Z  0.3487  0.3725 -0.8600

PART 32
OFFSET  20.2065  5.4714 -8.4377
X -0.9013 -0.1099 -0.4191
Y -0.2709  0.8979  0.3471
Z  0.3382  0.4263 -0.8390

PART 33
OFFSET  19.1883  5.3493 -8.9185
X  0.8425 -0.5165  0.1533
Y  0.3970  0.7875  0.4713
Z -0.3642 -0.3362  0.8685

PART 34
OFFSET  20.6734  6.4009 -8.5840
X  0.3756  0.3538 -0.8566
Y -0.3092  0.9192  0.2441
Z  0.8737  0.1731  0.4547

PART 35
OFFSET  17.5007  9.0064 -11.3172
X  0.7422 -0.2503  0.6217
Y  0.0383  0.9420  0.3335
Z -0.6691 -0.2237  0.7087

PART 36
OFFSET  17.3027  7.6246 -12.2580
X  0.7422 -0.2503  0.6217
Y  0.0383  0.9420  0.3335
Z -0.6691 -0.2237  0.7087

PART 37
OFFSET  16.1733  8.1707 -9.2494
X  0.7422 -0.2503  0.6217
Y  0.0383  0.9420  0.3335
Z -0.6691 -0.2237  0.7087

PART 38
OFFSET  15.9136  6.9026 -9.6181
X  0.7422 -0.2503  0.6217
Y  0.0383  0.9420  0.3335
Z -0.6691 -0.2237  0.7087

PART 39
OFFSET  16.2582  6.6578 -10.7393
X  0.7422 -0.2503  0.6217
Y  0.0383  0.9420  0.3335
Z -0.6691 -0.2237  0.7087

PART 40
OFFSET  8.9200 -0.8584 -5.1673
X  0.8377  0.5368  0.1002
Y -0.5412  0.8406  0.0218
Z -0.0726 -0.0725  0.9947

PART 41
OFFSET  8.9200 -0.8584 -5.1673
X  0.8377  0.5368  0.1002
Y -0.5412  0.8406  0.0218
Z -0.0726 -0.0725  0.9947

PART 42
OFFSET  12.4200  1.3948 -4.4671
X  0.8377  0.5368  0.1002
Y -0.5412  0.8406  0.0218
Z -0.0726 -0.0725  0.9947

PART 43
OFFSET  14.7546  1.8324 -2.4492
X  0.8377  0.5368  0.1002
Y -0.5412  0.8406  0.0218
Z -0.0726 -0.0725  0.9947

PART 44
OFFSET -3.5060 -7.9373 -3.1869
X -0.0335 -0.0745  0.9967
Y -0.2303 -0.9698 -0.0802
Z  0.9725 -0.2322  0.0153

PART 45
OFFSET -3.1014 -7.0368 -15.2404
X -0.7593 -0.1974 -0.6201
Y  0.5787  0.2310 -0.7822
Z  0.2976 -0.9527 -0.0612

PART 46
OFFSET  3.3568 -5.3580 -9.9665
X -0.7593 -0.1974 -0.6201
Y  0.5572  0.2950 -0.7762
Z  0.3362 -0.9349 -0.1140

PART 47
OFFSET  3.6801 -4.1544 -8.4262
X -0.7636 -0.1961 -0.6152
Y -0.3038  0.9499  0.0742
Z  0.5698  0.2435 -0.7849

PART 48
OFFSET  3.5971 -4.8780 -7.4748
X -0.7636 -0.1961 -0.6152
Y -0.3038  0.9499  0.0742
Z  0.5698  0.2435 -0.7849

PART 49
OFFSET  4.1917 -6.0705 -7.6627
X -0.7636 -0.1961 -0.6152
Y -0.3038  0.9499  0.0742
Z  0.5698  0.2435 -0.7849

PART 50
OFFSET  5.6846 -4.7529 -8.0655
X -0.7524 -0.5945 -0.2836
Y  0.2998  0.0742 -0.9511
Z  0.5865 -0.8006  0.1224

PART 51
OFFSET  5.4929 -4.2283 -7.0704
X -0.0954 -0.7916 -0.6035
Y  0.3590  0.5381 -0.7626
Z  0.9284 -0.2895  0.2329

PART 52
OFFSET  5.6113 -2.5576 -5.7049
X -0.5818 -0.7856  0.2105
Y  0.1615 -0.3653 -0.9168
Z  0.7971 -0.4994  0.3394

PART 53
OFFSET  6.4710 -1.2553 -6.1374
X -0.4130 -0.3645  0.8346
Y -0.2552 -0.8334 -0.4903
Z  0.8742 -0.4155  0.2512

PART 54
OFFSET  6.8820 -0.8279 -7.0431
X -0.9190 -0.1739  0.3537
Y -0.3492  0.7755 -0.5260
Z -0.1828 -0.6069 -0.7734

PART 55
OFFSET  6.5238 -4.0085 -8.8687
X -0.6487 -0.7348  0.1980
Y  0.7604 -0.6360  0.1312
Z  0.0295  0.2356  0.9714

PART 56
OFFSET  7.8925 -2.2452 -9.1881
X  0.4252 -0.9048 -0.0224
Y  0.8613  0.4121 -0.2972
Z  0.2781  0.1070  0.9546

PART 57
OFFSET  7.2906 -0.9641 -9.1563
X  0.9580 -0.0879 -0.2730
Y  0.0703  0.9948 -0.0735
Z  0.2780  0.0513  0.9592

PART 58
OFFSET  6.4411 -0.8862 -8.9143
X  0.6062  0.7493 -0.2665
Y -0.7468  0.6516  0.1331
Z  0.2734  0.1183  0.9546

PART 59
OFFSET  5.8652 -1.5981 -8.6611
X -0.0344 -0.9993 -0.0178
Y -0.9194  0.0247  0.3927
Z -0.3919  0.0298 -0.9195

PART 60
OFFSET  6.5719 -4.0389 -8.1571
X -0.7005 -0.7136  0.0068
Y  0.7047 -0.6902  0.1643
Z -0.1126  0.1199  0.9864

PART 61
OFFSET  8.4223 -2.2199 -8.3176
X  0.3977 -0.9128  0.0933
Y  0.8873  0.3567 -0.2925
Z  0.2337  0.1991  0.9517

PART 62
OFFSET  7.7452 -0.6659 -8.4764
X  0.9574  0.1264 -0.2596
Y -0.1654  0.9770 -0.1345
Z  0.2366  0.1718  0.9563

PART 63
OFFSET  6.4183 -0.8410 -8.1166
X  0.4593  0.8488 -0.2618
Y -0.8578  0.5004  0.1176
Z  0.2308  0.1706  0.9579

PART 64
OFFSET  5.9202 -1.7616 -7.8326
X  0.1251 -0.9729  0.1944
Y -0.9751 -0.0844  0.2051
Z -0.1831 -0.2153 -0.9592

PART 65
OFFSET  2.6139 -7.7191 -8.3758
X -0.6028 -0.7964 -0.0488
Y -0.7676  0.5956 -0.2366
Z  0.2175 -0.1052 -0.9704

PART 66
OFFSET  8.6082 -2.7898 -6.1977
X -0.7395 -0.6697 -0.0679
Y  0.6689 -0.7424  0.0369
Z -0.0751 -0.0182  0.9970

PART 67
OFFSET  9.9102 -1.6106 -6.0781
X -0.7179 -0.6935 -0.0604
Y  0.6878 -0.7200  0.0926
Z -0.1077  0.0249  0.9939

PART 68
OFFSET  10.7764 -0.7660 -5.9443
X -0.7052 -0.6971 -0.1292
Y  0.6943 -0.7159  0.0732
Z -0.1435 -0.0381  0.9889

PART 69
OFFSET  11.5729  0.0214 -5.7984
X -0.4376  0.8625  0.2541
Y  0.8931  0.4497  0.0117
Z -0.1042  0.2321 -0.9671

PART 70
OFFSET  8.7480 -2.6291 -7.2817
X  0.2705 -0.9543  0.1270
Y  0.9617  0.2618 -0.0815
Z  0.0446  0.1442  0.9885

PART 71
OFFSET  8.2195 -0.7648 -7.5298
X  0.9980 -0.0459 -0.0426
Y  0.0372  0.9815 -0.1880
Z  0.0504  0.1861  0.9812

PART 72
OFFSET  6.7618 -0.6977 -7.4676
X  0.5464  0.8099 -0.2135
Y -0.8372  0.5359 -0.1094
Z  0.0258  0.2385  0.9708

PART 73
OFFSET  6.1422 -1.6163 -7.2328
X  0.1141 -0.9785  0.1715
Y -0.9877 -0.0931  0.1259
Z -0.1072 -0.1838 -0.9771

PART 74
OFFSET  3.6801 -4.1543 -8.4262
X -0.7636 -0.1961 -0.6152
Y -0.3038  0.9499  0.0742
Z  0.5698  0.2435 -0.7849

PART 75
OFFSET  3.5969 -4.8778 -7.4747
X -0.7636 -0.1961 -0.6152
Y -0.3038  0.9499  0.0742
Z  0.5698  0.2435 -0.7849

PART 76
OFFSET  4.1917 -6.0704 -7.6628
X -0.7636 -0.1961 -0.6152
Y -0.3038  0.9499  0.0742
