// Export filename: `C:\projects\cod\t5\xanim_export\t5_viewmodels\ak74u\ak74u_grenadier_gl_reload.XANIM_EXPORT`
// Source filename: `D:\projects\devanim\t5\animation_assets\viewmodels\ak74u/t5_viewmodel_ak74u_animated2.fbx`
// Export time: Sat Aug 28 02:03:21 2010

ANIMATION
VERSION 3

NUMPARTS 86
PART 0 "tag_ads"
PART 1 "tag_torso"
PART 2 "J_Shoulder_LE"
PART 3 "J_Elbow_LE"
PART 4 "J_WristTwist_LE"
PART 5 "J_Sleave_Reshape_Bottom_LE_1"
PART 6 "J_Sleave_Reshape_Bottom_LE_2"
PART 7 "J_Sleave_Reshape_Top_LE_1"
PART 8 "J_Sleave_Reshape_Top_LE_2"
PART 9 "J_Sleave_Reshape_Top_LE_3"
PART 10 "J_Wrist_LE"
PART 11 "J_Thumb_LE_0"
PART 12 "J_Thumb_LE_1"
PART 13 "J_Thumb_LE_2"
PART 14 "J_Thumb_LE_3"
PART 15 "J_PinkyPalm_LE"
PART 16 "J_Pinky_LE_0"
PART 17 "J_Pinky_LE_1"
PART 18 "J_Pinky_LE_2"
PART 19 "J_Pinky_LE_3"
PART 20 "J_RingPalm_LE"
PART 21 "J_Ring_LE_0"
PART 22 "J_Ring_LE_1"
PART 23 "J_Ring_LE_2"
PART 24 "J_Ring_LE_3"
PART 25 "J_Webbing_LE"
PART 26 "J_Index_LE_0"
PART 27 "J_Index_LE_1"
PART 28 "J_Index_LE_2"
PART 29 "J_Index_LE_3"
PART 30 "J_Mid_LE_0"
PART 31 "J_Mid_LE_1"
PART 32 "J_Mid_LE_2"
PART 33 "J_Mid_LE_3"
PART 34 "tag_knife_attach"
PART 35 "D_Sleave_Reshape_Bottom_LE_1"
PART 36 "D_Sleave_Reshape_Bottom_LE_2"
PART 37 "D_Sleave_Reshape_Top_LE_1"
PART 38 "D_Sleave_Reshape_Top_LE_2"
PART 39 "D_Sleave_Reshape_Top_LE_3"
PART 40 "tag_weapon"
PART 41 "J_Gun"
PART 42 "TAG_CLIP"
PART 43 "J_Bolt"
PART 44 "TAG_TISHINA"
PART 45 "TAG_BOLT2"
PART 46 "TAG_CLIP2"
PART 47 "TAG_SHELL"
PART 48 "J_Grenade_Ammo"
PART 49 "J_Grenade_Tip"
PART 50 "J_Shoulder_RI"
PART 51 "J_Elbow_RI"
PART 52 "J_WristTwist_RI"
PART 53 "J_Sleave_Reshape_Top_RI_3"
PART 54 "J_Sleave_Reshape_Top_RI_2"
PART 55 "J_Sleave_Reshape_Top_RI_1"
PART 56 "J_Wrist_RI"
PART 57 "J_Thumb_RI_0"
PART 58 "J_Thumb_RI_1"
PART 59 "J_Thumb_RI_2"
PART 60 "J_Thumb_RI_3"
PART 61 "J_PinkyPalm_RI"
PART 62 "J_Pinky_RI_0"
PART 63 "J_Pinky_RI_1"
PART 64 "J_Pinky_RI_2"
PART 65 "J_Pinky_RI_3"
PART 66 "J_RingPalm_RI"
PART 67 "J_Ring_RI_0"
PART 68 "J_Ring_RI_1"
PART 69 "J_Ring_RI_2"
PART 70 "J_Ring_RI_3"
PART 71 "J_Webbing_RI"
PART 72 "J_Index_RI_0"
PART 73 "J_Index_RI_1"
PART 74 "J_Index_RI_2"
PART 75 "J_Index_RI_3"
PART 76 "J_Mid_RI_0"
PART 77 "J_Mid_RI_1"
PART 78 "J_Mid_RI_2"
PART 79 "J_Mid_RI_3"
PART 80 "D_Sleave_Reshape_Top_RI_3"
PART 81 "D_Sleave_Reshape_Top_RI_2"
PART 82 "D_Sleave_Reshape_Top_RI_1"
PART 83 "tag_cambone"
PART 84 "tag_camera"
PART 85 "tag_gasmask"

FRAMERATE 30
NUMFRAMES 126

FRAME 2110
PART 0
OFFSET  0.0000 -0.0000 -0.0000
X  1.0000 -0.0000  0.0000
Y  0.0000  1.0000  0.0000
Z  0.0000 -0.0000  1.0000

PART 1
OFFSET -4.6318 -0.0000 -1.3770
X  1.0000 -0.0000  0.0000
Y  0.0000  1.0000  0.0000
Z  0.0000 -0.0000  1.0000

PART 2
OFFSET -1.0115  7.9373 -5.7336
X  0.7429 -0.2656 -0.6145
Y -0.0996 -0.9516  0.2908
Z -0.6620 -0.1548 -0.7333

PART 3
OFFSET  7.9724  4.7255 -13.1656
X  0.8327 -0.4390  0.3375
Y -0.3572  0.0399  0.9332
Z -0.4231 -0.8976 -0.1236

PART 4
OFFSET  15.0547  0.9914 -10.2952
X  0.8327 -0.4390  0.3375
Y -0.5071 -0.3596  0.7833
Z -0.2225 -0.8234 -0.5220

PART 5
OFFSET  17.2960  1.7286 -10.2016
X  0.8360 -0.4368  0.3322
Y  0.4259  0.8982  0.1093
Z -0.3461  0.0502  0.9368

PART 6
OFFSET  16.0386 -0.1594 -11.2149
X  0.8360 -0.4368  0.3322
Y  0.4259  0.8982  0.1093
Z -0.3461  0.0502  0.9368

PART 7
OFFSET  16.4579  0.9126 -8.1653
X  0.8360 -0.4368  0.3322
Y  0.4259  0.8982  0.1093
Z -0.3461  0.0502  0.9368

PART 8
OFFSET  15.7373 -0.2242 -8.1612
X  0.8360 -0.4368  0.3322
Y  0.4259  0.8982  0.1093
Z -0.3461  0.0502  0.9368

PART 9
OFFSET  15.5036 -0.6380 -9.2611
X  0.8360 -0.4368  0.3322
Y  0.4259  0.8982  0.1093
Z -0.3461  0.0502  0.9368

PART 10
OFFSET  17.6075 -0.3546 -9.2606
X  0.5909 -0.3987  0.7013
Y -0.8012 -0.1881  0.5681
Z -0.0946 -0.8976 -0.4305

PART 11
OFFSET  17.0613 -1.0840 -8.5736
X -0.2536 -0.9035  0.3454
Y -0.9656  0.2575 -0.0354
Z -0.0570 -0.3425 -0.9378

PART 12
OFFSET  16.4145 -3.0271 -7.8840
X  0.7426 -0.5246  0.4164
Y -0.6453 -0.7268  0.2351
Z  0.1793 -0.4433 -0.8783

PART 13
OFFSET  17.6719 -3.8803 -7.3242
X  0.9579  0.2748 -0.0828
Y  0.2841 -0.8666  0.4102
Z  0.0409 -0.4165 -0.9082

PART 14
OFFSET  18.7145 -3.6169 -7.4484
X  0.7394  0.2918  0.6068
Y -0.6693  0.4170  0.6150
Z -0.0736 -0.8608  0.5036

PART 15
OFFSET  18.9462 -0.6719 -9.3624
X  0.9378 -0.2580  0.2322
Y -0.1156 -0.8630 -0.4919
Z  0.3273  0.4344 -0.8391

PART 16
OFFSET  20.9915 -1.4208 -8.7787
X -0.3118 -0.9364 -0.1609
Y -0.8543  0.3504 -0.3839
Z  0.4158  0.0178 -0.9093

PART 17
OFFSET  20.5501 -2.7466 -9.0064
X -0.9447  0.0478 -0.3245
Y  0.0695  0.9960 -0.0558
Z  0.3205 -0.0753 -0.9442

PART 18
OFFSET  19.7125 -2.7043 -9.2941
X -0.9426 -0.0293 -0.3326
Y -0.0246  0.9995 -0.0183
Z  0.3329 -0.0091 -0.9429

PART 19
OFFSET  18.8170 -2.7321 -9.6100
X  0.6883 -0.6037  0.4022
Y  0.6301  0.7723  0.0810
Z -0.3595  0.1977  0.9120

PART 20
OFFSET  18.5570 -0.7593 -8.7705
X  0.8078 -0.3270  0.4904
Y -0.0714 -0.8801 -0.4693
Z  0.5851  0.3441 -0.7343

PART 21
OFFSET  20.7421 -1.5375 -7.5965
X -0.1150 -0.9486 -0.2947
Y -0.8775  0.2361 -0.4175
Z  0.4657  0.2105 -0.8596

PART 22
OFFSET  20.5462 -3.1526 -8.0982
X -0.8807  0.0273 -0.4728
Y -0.0631  0.9827  0.1742
Z  0.4694  0.1832 -0.8638

PART 23
OFFSET  19.3256 -3.1148 -8.7535
X -0.8747  0.2050 -0.4391
Y  0.0963  0.9616  0.2571
Z  0.4749  0.1826 -0.8609

PART 24
OFFSET  18.3769 -2.8924 -9.2297
X  0.6850 -0.7083  0.1706
Y  0.5597  0.6616  0.4990
Z -0.4663 -0.2464  0.8496

PART 25
OFFSET  18.1063 -2.3633 -6.4272
X  0.6846 -0.5883  0.4303
Y  0.2308  0.7350  0.6376
Z -0.6914 -0.3372  0.6390

PART 26
OFFSET  19.3409 -1.7162 -5.9392
X  0.8166 -0.3658  0.4465
Y -0.2447 -0.9200 -0.3062
Z  0.5228  0.1407 -0.8407

PART 27
OFFSET  20.7786 -2.3603 -5.1530
X  0.5269 -0.8377  0.1436
Y -0.6587 -0.5093 -0.5539
Z  0.5371  0.1973 -0.8201

PART 28
OFFSET  21.3865 -3.3906 -4.9286
X -0.2120 -0.9367 -0.2788
Y -0.7402  0.3402 -0.5800
Z  0.6381  0.0834 -0.7654

PART 29
OFFSET  21.1471 -4.4486 -5.2436
X  0.9167  0.0213  0.3990
Y -0.1064  0.9755  0.1924
Z -0.3852 -0.2188  0.8965

PART 30
OFFSET  20.1300 -1.6307 -6.7076
X -0.1220 -0.8957 -0.4276
Y -0.8386  0.3234 -0.4383
Z  0.5309  0.3051 -0.7906

PART 31
OFFSET  19.8918 -3.3805 -7.5430
X -0.8340  0.0186 -0.5515
Y -0.1763  0.9380  0.2983
Z  0.5228  0.3460 -0.7790

PART 32
OFFSET  18.6736 -3.3533 -8.3484
X -0.8372  0.3667 -0.4057
Y  0.1142  0.8427  0.5261
Z  0.5348  0.3941 -0.7474

PART 33
OFFSET  17.7291 -2.9357 -8.8136
X  0.5348 -0.8447  0.0229
Y  0.6644  0.4371  0.6062
Z -0.5220 -0.3090  0.7950

PART 34
OFFSET  19.4972 -2.7019 -8.3213
X  0.5391  0.3174 -0.7801
Y  0.0946  0.8976  0.4305
Z  0.8369 -0.3059  0.4539

PART 35
OFFSET  16.9746  1.1409 -10.6985
X  0.8360 -0.4368  0.3322
Y  0.4259  0.8982  0.1093
Z -0.3461  0.0502  0.9368

PART 36
OFFSET  16.0386 -0.1594 -11.2149
X  0.8360 -0.4368  0.3322
Y  0.4259  0.8982  0.1093
Z -0.3461  0.0502  0.9368

PART 37
OFFSET  16.4579  0.9126 -8.1653
X  0.8360 -0.4368  0.3322
Y  0.4259  0.8982  0.1093
Z -0.3461  0.0502  0.9368

PART 38
OFFSET  15.7373 -0.2242 -8.1612
X  0.8360 -0.4368  0.3322
Y  0.4259  0.8982  0.1093
Z -0.3461  0.0502  0.9368

PART 39
OFFSET  15.5036 -0.6380 -9.2611
X  0.8360 -0.4368  0.3322
Y  0.4259  0.8982  0.1093
Z -0.3461  0.0502  0.9368

PART 40
OFFSET  5.3789 -3.4276 -5.4275
X  0.9894  0.0070  0.1450
Y -0.0284  0.9889  0.1459
Z -0.1424 -0.1485  0.9786

PART 41
OFFSET  5.3789 -3.4276 -5.4275
X  0.9894  0.0070  0.1450
Y -0.0284  0.9889  0.1459
Z -0.1424 -0.1485  0.9786

PART 42
OFFSET  9.5059 -3.4248 -4.5414
X  0.9894  0.0070  0.1450
Y -0.0284  0.9889  0.1459
Z -0.1424 -0.1485  0.9786

PART 43
OFFSET  11.6405 -4.5186 -2.5513
X  0.9894  0.0070  0.1450
Y -0.0284  0.9889  0.1459
Z -0.1424 -0.1485  0.9786

PART 44
OFFSET  14.8948 -3.1668 -5.3452
X  0.9894  0.0070  0.1450
Y -0.0284  0.9889  0.1459
Z -0.1424 -0.1485  0.9786

PART 45
OFFSET  14.9208 -3.2603 -4.7063
X  0.9894  0.0070  0.1450
Y -0.0284  0.9889  0.1459
Z -0.1424 -0.1485  0.9786

PART 46
OFFSET  18.0582 -2.8577 -6.8251
X  0.9894  0.0070  0.1450
Y -0.0284  0.9889  0.1459
Z -0.1424 -0.1485  0.9786

PART 47
OFFSET  17.7700 -3.2616 -4.1435
X  0.9894  0.0070  0.1450
Y -0.0284  0.9889  0.1459
Z -0.1424 -0.1485  0.9786

PART 48
OFFSET -265.7886 -37.9152 -348.2685
X -0.6147 -0.1955  0.7641
Y  0.7677 -0.3707  0.5227
Z  0.1811  0.9079  0.3780

PART 49
OFFSET -269.3907 -36.1802 -350.7221
X -0.6147 -0.1955  0.7641
Y  0.7677 -0.3707  0.5227
Z  0.1811  0.9079  0.3780

PART 50
OFFSET -3.5060 -7.9373 -3.1869
X  0.4610  0.0458  0.8862
Y  0.0729 -0.9972  0.0136
Z  0.8844  0.0583 -0.4631

PART 51
OFFSET -9.0819 -8.4912 -13.9044
X -0.7968 -0.3632 -0.4829
Y  0.3185  0.4267 -0.8465
Z  0.5135 -0.8283 -0.2243

PART 52
OFFSET -2.3046 -5.4020 -9.7975
X -0.7968 -0.3632 -0.4829
Y  0.4818  0.1004 -0.8705
Z  0.3647 -0.9263  0.0950

PART 53
OFFSET -1.9819 -4.2470 -8.2203
X -0.8001 -0.3635 -0.4772
Y -0.5157  0.8231  0.2378
Z  0.3063  0.4364 -0.8460

PART 54
OFFSET -1.6700 -5.0193 -7.3588
X -0.8001 -0.3635 -0.4772
Y -0.5157  0.8231  0.2378
Z  0.3063  0.4364 -0.8460

PART 55
OFFSET -0.8419 -5.9882 -7.7904
X -0.8001 -0.3635 -0.4772
Y -0.5157  0.8231  0.2378
Z  0.3063  0.4364 -0.8460

PART 56
OFFSET  0.1382 -4.2885 -8.3172
X -0.9885 -0.0089 -0.1512
Y  0.1480  0.1566 -0.9765
Z  0.0324 -0.9876 -0.1534

PART 57
OFFSET  0.4268 -4.0300 -7.2438
X -0.6170 -0.4279 -0.6605
Y  0.4885  0.4497 -0.7477
Z  0.6170 -0.7840 -0.0685

PART 58
OFFSET  1.6752 -3.1080 -5.7402
X -0.8893 -0.3849  0.2469
Y -0.2105 -0.1348 -0.9683
Z  0.4060 -0.9130  0.0389

PART 59
OFFSET  3.0528 -2.3923 -6.2009
X -0.4223 -0.3004  0.8552
Y -0.7537 -0.4079 -0.5154
Z  0.5036 -0.8622 -0.0541

PART 60
OFFSET  3.4993 -2.0211 -7.1145
X -0.7906  0.2481  0.5599
Y  0.0868  0.9505 -0.2985
Z -0.6062 -0.1874 -0.7729

PART 61
OFFSET  1.1266 -3.9137 -9.2039
X -0.9160 -0.3054  0.2600
Y  0.2683 -0.9484 -0.1688
Z  0.2982 -0.0848  0.9507

PART 62
OFFSET  3.1953 -3.1236 -9.6290
X -0.1783 -0.9483 -0.2627
Y  0.8885 -0.0405 -0.4571
Z  0.4228 -0.3149  0.8498

PART 63
OFFSET  3.4477 -1.7810 -9.2571
X  0.6837 -0.5015 -0.5301
Y  0.6159  0.7862  0.0506
Z  0.3914 -0.3611  0.8464

PART 64
OFFSET  2.8416 -1.3364 -8.7870
X  0.8802  0.3578 -0.3119
Y -0.2105  0.8832  0.4192
Z  0.4255 -0.3033  0.8526

PART 65
OFFSET  2.0054 -1.6763 -8.4907
X -0.6026 -0.7842 -0.1479
Y -0.6715  0.3982  0.6249
Z -0.4312  0.4759 -0.7666

PART 66
OFFSET  1.2502 -4.1537 -8.5431
X -0.9731 -0.2100  0.0948
Y  0.1970 -0.9718 -0.1299
Z  0.1194 -0.1077  0.9870

PART 67
OFFSET  3.7623 -3.6143 -8.9385
X -0.1884 -0.9712 -0.1462
Y  0.8784 -0.1001 -0.4673
Z  0.4392 -0.2165  0.8719

PART 68
OFFSET  4.0831 -1.9609 -8.6896
X  0.8078 -0.3318 -0.4872
Y  0.4067  0.9120  0.0534
Z  0.4266 -0.2413  0.8717

PART 69
OFFSET  2.9635 -1.5011 -8.0144
X  0.8193  0.5142 -0.2539
Y -0.3889  0.8235  0.4130
Z  0.4214 -0.2396  0.8746

PART 70
OFFSET  2.0750 -2.0587 -7.7390
X -0.4284 -0.9035  0.0151
Y -0.8059  0.3896  0.4459
Z -0.4088  0.1788 -0.8950

PART 71
OFFSET -4.0834 -4.9873 -8.2031
X -0.9497 -0.3133  0.0039
Y -0.3124  0.9478  0.0646
Z -0.0239  0.0601 -0.9979

PART 72
OFFSET  3.8902 -4.7389 -7.0485
X -0.9902 -0.1341  0.0403
Y  0.1200 -0.9610 -0.2490
Z  0.0721 -0.2417  0.9677

PART 73
OFFSET  5.6336 -4.5029 -7.1194
X -0.9853 -0.1667  0.0383
Y  0.1560 -0.9677 -0.1978
Z  0.0700 -0.1889  0.9795

PART 74
OFFSET  6.8356 -4.3117 -7.1064
X -0.9870 -0.1578 -0.0312
Y  0.1608 -0.9627 -0.2175
Z  0.0043 -0.2197  0.9756

PART 75
OFFSET  7.9504 -4.1334 -7.0712
X  0.1773  0.8587  0.4809
Y  0.9800 -0.1094 -0.1660
Z -0.0900  0.5007 -0.8609

PART 76
OFFSET  3.9396 -4.3928 -8.0965
X -0.3100 -0.9469 -0.0857
Y  0.9144 -0.2722 -0.2997
Z  0.2604 -0.1712  0.9502

PART 77
OFFSET  4.5451 -2.5431 -7.9291
X  0.7731 -0.5503 -0.3155
Y  0.5651  0.8234 -0.0515
Z  0.2881 -0.1385  0.9475

PART 78
OFFSET  3.4160 -1.7393 -7.4683
X  0.8742  0.4240 -0.2368
Y -0.3844  0.9021  0.1961
Z  0.2967 -0.0804  0.9516

PART 79
OFFSET  2.4236 -2.2183 -7.2068
X -0.4437 -0.8962 -0.0046
Y -0.8324  0.4103  0.3726
Z -0.3320  0.1691 -0.9280

PART 80
OFFSET -1.9819 -4.2470 -8.2202
X -0.8001 -0.3635 -0.4772
Y -0.5157  0.8231  0.2378
Z  0.3063  0.4364 -0.8460

PART 81
OFFSET -1.6701 -5.0191 -7.3586
X -0.8001 -0.3635 -0.4772
Y -0.5157  0.8231  0.2378
Z  0.3063  0.4364 -0.8460

PART 82
OFFSET -0.8418 -5.9881 -7.7905
X -0.8001 -0.3635 -0.4772
Y -0.5157  0.8231  0.2378
Z  0.3063  0.4364 -0.8460

PART 83
OFFSET  0.0000 -0.0000 -0.0000
X  1.0000 -0.0000  0.0000
Y  0.0000  1.0000  0.0000
Z  0.0000 -0.0000  1.0000

PART 84
OFFSET  0.0000 -0.0000 -0.0000
X  1.0000 -0.0000  0.0000
Y  0.0000  1.0000  0.0000
Z  0.0000 -0.0000  1.0000

PART 85
OFFSET  1.5404 -0.0000  4.1357
X  1.0000 -0.0000  0.0000
Y  0.0000  1.0000  0.0000
Z  0.0000 -0.0000  1.0000


FRAME 2111
PART 0
OFFSET  0.0000 -0.0000 -0.0000
X  1.0000 -0.0000  0.0000
Y  0.0000  1.0000  0.0000
Z  0.0000 -0.0000  1.0000

PART 1
OFFSET -4.6318 -0.0000 -1.3770
X  1.0000 -0.0000  0.0000
Y  0.0000  1.0000  0.0000
Z  0.0000 -0.0000  1.0000

PART 2
OFFSET -1.0115  7.9373 -5.7336
X  0.7350 -0.2618 -0.6254
Y -0.0969 -0.9535  0.2853
Z -0.6711 -0.1491 -0.7262

PART 3
OFFSET  7.8779  4.7710 -13.2976
X  0.8282 -0.4412  0.3456
Y -0.3648  0.0437  0.9301
Z -0.4254 -0.8964 -0.1248

PART 4
OFFSET  14.9223  1.0187 -10.3583
X  0.8282 -0.4412  0.3456
Y -0.5048 -0.3196  0.8019
Z -0.2433 -0.8386 -0.4874

PART 5
OFFSET  17.1654  1.7480 -10.2481
X  0.8315 -0.4390  0.3404
Y  0.4283  0.8969  0.1104
Z -0.3537  0.0540  0.9338

PART 6
OFFSET  15.9096 -0.1382 -11.2668
X  0.8315 -0.4390  0.3404
Y  0.4283  0.8969  0.1104
Z -0.3537  0.0540  0.9338

PART 7
OFFSET  16.3074  0.9405 -8.2166
X  0.8315 -0.4390  0.3404
Y  0.4283  0.8969  0.1104
Z -0.3537  0.0540  0.9338

PART 8
OFFSET  15.5826 -0.1936 -8.2156
X  0.8315 -0.4390  0.3404
Y  0.4283  0.8969  0.1104
Z -0.3537  0.0540  0.9338

PART 9
OFFSET  15.3566 -0.6095 -9.3163
X  0.8315 -0.4390  0.3404
Y  0.4283  0.8969  0.1104
Z -0.3537  0.0540  0.9338

PART 10
OFFSET  17.4614 -0.3338 -9.2989
X  0.6043 -0.3829  0.6987
Y -0.7878 -0.1563  0.5958
Z -0.1189 -0.9105 -0.3961

PART 11
OFFSET  16.9241 -1.0307 -8.5723
X -0.2606 -0.8894  0.3756
Y -0.9579  0.2867  0.0142
Z -0.1204 -0.3561 -0.9267

PART 12
OFFSET  16.2594 -2.9410 -7.8118
X  0.6725 -0.6102  0.4189
Y -0.7318 -0.6328  0.2530
Z  0.1108 -0.4767 -0.8721

PART 13
OFFSET  17.4011 -3.9417 -7.2483
X  0.9988  0.0339 -0.0340
Y  0.0453 -0.8985  0.4367
Z -0.0157 -0.4377 -0.8990

PART 14
OFFSET  18.4813 -3.9403 -7.3187
X  0.7568  0.1210  0.6424
Y -0.5784  0.5818  0.5718
Z -0.3045 -0.8043  0.5103

PART 15
OFFSET  18.7923 -0.6744 -9.4257
X  0.9401 -0.2638  0.2158
Y -0.1412 -0.8777 -0.4580
Z  0.3102  0.4001 -0.8624

PART 16
OFFSET  20.8421 -1.4331 -8.8714
X -0.1833 -0.9814 -0.0565
Y -0.9020  0.1908 -0.3873
Z  0.3909 -0.0200 -0.9202

PART 17
OFFSET  20.5825 -2.8226 -8.9515
X -0.9345 -0.2259 -0.2752
Y -0.1777  0.9657 -0.1894
Z  0.3086 -0.1281 -0.9425

PART 18
OFFSET  19.7540 -3.0229 -9.1955
X -0.9157 -0.2938 -0.2743
Y -0.2625  0.9539 -0.1456
Z  0.3044 -0.0614 -0.9506

PART 19
OFFSET  18.8841 -3.3020 -9.4561
X  0.8211 -0.3652  0.4387
Y  0.4295  0.9015 -0.0536
Z -0.3759  0.2324  0.8971

PART 20
OFFSET  18.4182 -0.7354 -8.8208
X  0.8164 -0.3219  0.4796
Y -0.0966 -0.8947 -0.4361
Z  0.5694  0.3097 -0.7615

PART 21
OFFSET  20.6237 -1.5050 -7.6796
X  0.0022 -0.9849 -0.1732
Y -0.8961  0.0749 -0.4374
Z  0.4438  0.1562 -0.8824

PART 22
OFFSET  20.6274 -3.1817 -7.9745
X -0.8467 -0.2511 -0.4691
Y -0.2823  0.9593 -0.0038
Z  0.4510  0.1292 -0.8831

PART 23
OFFSET  19.4540 -3.5297 -8.6247
X -0.8805 -0.0763 -0.4678
Y -0.1282  0.9885  0.0800
Z  0.4564  0.1304 -0.8802

PART 24
OFFSET  18.4990 -3.6124 -9.1320
X  0.8171 -0.4957  0.2943
Y  0.3801  0.8471  0.3714
Z -0.4334 -0.1916  0.8806

PART 25
OFFSET  18.0098 -2.2502 -6.4114
X  0.6879 -0.5832  0.4320
Y  0.2585  0.7531  0.6050
Z -0.6782 -0.3045  0.6688

PART 26
OFFSET  19.2662 -1.6052 -5.9799
X  0.8211 -0.3603  0.4427
Y -0.2608 -0.9267 -0.2705
Z  0.5078  0.1067 -0.8549

PART 27
OFFSET  20.7119 -2.2395 -5.2004
X  0.5632 -0.8030  0.1950
Y -0.6414 -0.5736 -0.5095
Z  0.5210  0.1619 -0.8381

PART 28
OFFSET  21.3649 -3.2255 -4.9124
X -0.1187 -0.9788 -0.1669
Y -0.7698  0.1968 -0.6072
Z  0.6271  0.0564 -0.7769

PART 29
OFFSET  21.2308 -4.3311 -5.1009
X  0.9100  0.1568  0.3839
Y -0.2020  0.9761  0.0800
Z -0.3622 -0.1504  0.9199

PART 30
OFFSET  20.0351 -1.5581 -6.7718
X -0.0097 -0.9494 -0.3139
Y -0.8565  0.1699 -0.4873
Z  0.5160  0.2642 -0.8149

PART 31
OFFSET  20.0162 -3.4128 -7.3850
X -0.7752 -0.2557 -0.5777
Y -0.3830  0.9175  0.1078
Z  0.5024  0.3048 -0.8091

PART 32
OFFSET  18.8839 -3.7863 -8.2287
X -0.8578  0.0910 -0.5059
Y -0.1101  0.9288  0.3538
Z  0.5021  0.3591 -0.7867

PART 33
OFFSET  17.9160 -3.6814 -8.8075
X  0.6960 -0.6860  0.2122
Y  0.5040  0.6772  0.5360
Z -0.5114 -0.2661  0.8171

PART 34
OFFSET  19.3432 -2.6751 -8.3293
X  0.5219  0.2821 -0.8051
Y  0.1189  0.9105  0.3961
Z  0.8447 -0.3024  0.4416

PART 35
OFFSET  16.8460  1.1602 -10.7460
X  0.8315 -0.4390  0.3404
Y  0.4283  0.8969  0.1104
Z -0.3537  0.0540  0.9338

PART 36
OFFSET  15.9096 -0.1382 -11.2668
X  0.8315 -0.4390  0.3404
Y  0.4283  0.8969  0.1104
Z -0.3537  0.0540  0.9338

PART 37
OFFSET  16.3074  0.9405 -8.2166
X  0.8315 -0.4390  0.3404
Y  0.4283  0.8969  0.1104
Z -0.3537  0.0540  0.9338

PART 38
OFFSET  15.5826 -0.1936 -8.2156
X  0.8315 -0.4390  0.3404
Y  0.4283  0.8969  0.1104
Z -0.3537  0.0540  0.9338

PART 39
OFFSET  15.3566 -0.6095 -9.3163
X  0.8315 -0.4390  0.3404
Y  0.4283  0.8969  0.1104
Z -0.3537  0.0540  0.9338

PART 40
OFFSET  5.4347 -3.4368 -5.4363
X  0.9893  0.0054  0.1457
Y -0.0271  0.9887  0.1477
Z -0.1433 -0.1501  0.9782

PART 41
OFFSET  5.4347 -3.4368 -5.4363
X  0.9893  0.0054  0.1457
Y -0.0271  0.9887  0.1477
Z -0.1433 -0.1501  0.9782

PART 42
OFFSET  9.5610 -3.4412 -4.5474
X  0.9893  0.0054  0.1457
Y -0.0271  0.9887  0.1477
Z -0.1433 -0.1501  0.9782

PART 43
OFFSET  11.6927 -4.5416 -2.5577
X  0.9893  0.0054  0.1457
Y -0.0271  0.9887  0.1477
Z -0.1433 -0.1501  0.9782

PART 44
OFFSET  14.9508 -3.1891 -5.3469
X  0.9893  0.0054  0.1457
Y -0.0271  0.9887  0.1477
Z -0.1433 -0.1501  0.9782

PART 45
OFFSET  14.9762 -3.2839 -4.7082
X  0.9893  0.0054  0.1457
Y -0.0271  0.9887  0.1477
Z -0.1433 -0.1501  0.9782

PART 46
OFFSET  18.1157 -2.8817 -6.8241
X  0.9893  0.0054  0.1457
Y -0.0271  0.9887  0.1477
Z -0.1433 -0.1501  0.9782

PART 47
OFFSET  17.8251 -3.2901 -4.1435
X  0.9893  0.0054  0.1457
Y -0.0271  0.9887  0.1477
Z -0.1433 -0.1501  0.9782

PART 48
OFFSET -265.5418 -36.9292 -348.5269
X -0.6155 -0.1961  0.7634
Y  0.7668 -0.3727  0.5226
Z  0.1821  0.9070  0.3797

PART 49
OFFSET -269.1398 -35.1848 -350.9799
X -0.6155 -0.1961  0.7634
Y  0.7668 -0.3727  0.5226
Z  0.1821  0.9070  0.3797

PART 50
OFFSET -3.5060 -7.9373 -3.1859
X  0.4568  0.0432  0.8885
Y  0.0681 -0.9976  0.0135
Z  0.8870  0.0544 -0.4586

PART 51
OFFSET -9.0299 -8.4597 -13.9319
X -0.7972 -0.3608 -0.4840
Y  0.3219  0.4243 -0.8464
Z  0.5107 -0.8305 -0.2222

PART 52
OFFSET -2.2492 -5.3912 -9.8151
X -0.7972 -0.3608 -0.4840
Y  0.4824  0.1013 -0.8701
Z  0.3630 -0.9271  0.0932

PART 53
OFFSET -1.9254 -4.2354 -8.2387
X -0.8005 -0.3610 -0.4784
Y -0.5130  0.8254  0.2357
Z  0.3097  0.4341 -0.8460

PART 54
OFFSET -1.6182 -5.0076 -7.3755
X -0.8005 -0.3610 -0.4784
Y -0.5130  0.8254  0.2357
Z  0.3097  0.4341 -0.8460

PART 55
OFFSET -0.7929 -5.9803 -7.8041
X -0.8005 -0.3610 -0.4784
Y -0.5130  0.8254  0.2357
Z  0.3097  0.4341 -0.8460

PART 56
OFFSET  0.1948 -4.2851 -8.3312
X -0.9884 -0.0073 -0.1519
Y  0.1489  0.1581 -0.9761
Z  0.0311 -0.9874 -0.1552

PART 57
OFFSET  0.4830 -4.0291 -7.2572
X -0.6173 -0.4259 -0.6615
Y  0.4897  0.4501 -0.7468
Z  0.6158 -0.7849 -0.0693

PART 58
OFFSET  1.7319 -3.1112 -5.7514
X -0.8901 -0.3840  0.2454
Y -0.2097 -0.1329 -0.9687
Z  0.4046 -0.9137  0.0378

PART 59
OFFSET  3.1111 -2.3969 -6.2095
X -0.4234 -0.3010  0.8545
Y -0.7539 -0.4060 -0.5166
Z  0.5024 -0.8629 -0.0551

PART 60
OFFSET  3.5587 -2.0250 -7.1222
X -0.7906  0.2484  0.5597
Y  0.0885  0.9508 -0.2970
Z -0.6059 -0.1853 -0.7736

PART 61
OFFSET  1.1843 -3.9101 -9.2165
X -0.9166 -0.3044  0.2591
Y  0.2669 -0.9486 -0.1703
Z  0.2976 -0.0869  0.9507

PART 62
OFFSET  3.2544 -3.1225 -9.6393
X -0.1800 -0.9473 -0.2649
Y  0.8888 -0.0413 -0.4563
Z  0.4214 -0.3176  0.8495

PART 63
OFFSET  3.5094 -1.7813 -9.2643
X  0.6836 -0.5012 -0.5306
Y  0.6170  0.7852  0.0533
Z  0.3899 -0.3637  0.8460

PART 64
OFFSET  2.9032 -1.3370 -8.7939
X  0.8811  0.3572 -0.3100
Y -0.2096  0.8825  0.4211
Z  0.4240 -0.3060  0.8524

PART 65
OFFSET  2.0662 -1.6764 -8.4994
X -0.6036 -0.7830 -0.1505
Y -0.6717  0.3977  0.6251
Z -0.4296  0.4784 -0.7659

PART 66
OFFSET  1.3071 -4.1515 -8.5560
X -0.9735 -0.2086  0.0938
Y  0.1956 -0.9718 -0.1315
Z  0.1186 -0.1096  0.9869

PART 67
OFFSET  3.8204 -3.6153 -8.9490
X -0.1902 -0.9705 -0.1483
Y  0.8787 -0.1009 -0.4665
Z  0.4378 -0.2190  0.8720

PART 68
OFFSET  4.1442 -1.9630 -8.6966
X  0.8080 -0.3319 -0.4869
Y  0.4080  0.9113  0.0559
Z  0.4251 -0.2438  0.8717

PART 69
OFFSET  3.0244 -1.5031 -8.0218
X  0.8205  0.5131 -0.2519
Y -0.3878  0.8235  0.4142
Z  0.4200 -0.2421  0.8746

PART 70
OFFSET  2.1345 -2.0596 -7.7486
X -0.4301 -0.9027  0.0128
Y -0.8057  0.3902  0.4457
Z -0.4074  0.1814 -0.8951

PART 71
OFFSET -4.0279 -4.9784 -8.2212
X -0.9501 -0.3120  0.0027
Y -0.3111  0.9481  0.0661
Z -0.0232  0.0620 -0.9978

PART 72
OFFSET  3.9453 -4.7430 -7.0607
X -0.9904 -0.1324  0.0383
Y  0.1188 -0.9608 -0.2506
Z  0.0700 -0.2437  0.9673

PART 73
OFFSET  5.6891 -4.5098 -7.1282
X -0.9856 -0.1651  0.0363
Y  0.1547 -0.9676 -0.1994
Z  0.0680 -0.1909  0.9792

PART 74
OFFSET  6.8915 -4.3207 -7.1128
X -0.9872 -0.1559 -0.0331
Y  0.1593 -0.9626 -0.2191
Z  0.0022 -0.2215  0.9751

PART 75
OFFSET  8.0066 -4.1447 -7.0754
X  0.1782  0.8574  0.4828
Y  0.9801 -0.1110 -0.1646
Z -0.0876  0.5025 -0.8601

PART 76
OFFSET  3.9958 -4.3951 -8.1081
X -0.3114 -0.9462 -0.0877
Y  0.9143 -0.2731 -0.2991
Z  0.2590 -0.1733  0.9502

PART 77
OFFSET  4.6041 -2.5466 -7.9367
X  0.7729 -0.5505 -0.3156
Y  0.5660  0.8229 -0.0492
Z  0.2868 -0.1406  0.9476

PART 78
OFFSET  3.4752 -1.7426 -7.4758
X  0.8750  0.4232 -0.2349
Y -0.3834  0.9023  0.1973
Z  0.2955 -0.0826  0.9518

PART 79
OFFSET  2.4818 -2.2207 -7.2163
X -0.4450 -0.8955 -0.0067
Y -0.8323  0.4107  0.3723
Z -0.3307  0.1713 -0.9281

PART 80
OFFSET -1.9254 -4.2354 -8.2387
X -0.8005 -0.3610 -0.4784
Y -0.5130  0.8254  0.2357
Z  0.3097  0.4341 -0.8460

PART 81
OFFSET -1.6183 -5.0075 -7.3754
X -0.8005 -0.3610 -0.4784
Y -0.5130  0.8254  0.2357
Z  0.3097  0.4341 -0.8460

PART 82
OFFSET -0.7929 -5.9803 -7.8042
X -0.8005 -0.3610 -0.4784
Y -0.5130  0.8254  0.2357
Z  0.3097  0.4341 -0.8460

PART 83
OFFSET  0.0000 -0.0000 -0.0000
X  1.0000 -0.0000  0.0000
Y  0.0000  1.0000  0.0000
Z  0.0000 -0.0000  1.0000

PART 84
OFFSET -0.0000 -0.0000 -0.0000
X  1.0000 -0.0004 -0.0005
Y  0.0004  1.0000 -0.0005
Z  0.0005  0.0005  1.0000

PART 85
OFFSET  1.5425  0.0014  4.1350
X  1.0000 -0.0004 -0.0005
Y  0.0004  1.0000 -0.0005
Z  0.0005  0.0005  1.0000


FRAME 2112
PART 0
OFFSET  0.0000 -0.0000 -0.0000
X  1.0000 -0.0000  0.0000
Y  0.0000  1.0000  0.0000
Z  0.0000 -0.0000  1.0000

PART 1
OFFSET -4.6318 -0.0000 -1.3770
X  1.0000 -0.0000  0.0000
Y  0.0000  1.0000  0.0000
Z  0.0000 -0.0000  1.0000

PART 2
OFFSET -1.0115  7.9373 -5.7336
X  0.7173 -0.2534 -0.6491
Y -0.0918 -0.9578  0.2725
Z -0.6907 -0.1359 -0.7102

PART 3
OFFSET  7.6630  4.8723 -13.5835
X  0.8167 -0.4464  0.3657
Y -0.3836  0.0534  0.9220
Z -0.4311 -0.8933 -0.1276

PART 4
OFFSET  14.6097  1.0759 -10.4735
X  0.8167 -0.4464  0.3657
Y -0.4968 -0.2215  0.8391
Z -0.2936 -0.8670 -0.4027

PART 5
OFFSET  16.8567  1.7853 -10.3215
X  0.8202 -0.4442  0.3605
Y  0.4342  0.8937  0.1133
Z -0.3725  0.0636  0.9259

PART 6
OFFSET  15.6048 -0.0962 -11.3535
X  0.8202 -0.4442  0.3605
Y  0.4342  0.8937  0.1133
Z -0.3725  0.0636  0.9259

PART 7
OFFSET  15.9493  0.9997 -8.3030
X  0.8202 -0.4442  0.3605
Y  0.4342  0.8937  0.1133
Z -0.3725  0.0636  0.9259

PART 8
OFFSET  15.2141 -0.1276 -8.3094
X  0.8202 -0.4442  0.3605
Y  0.4342  0.8937  0.1133
Z -0.3725  0.0636  0.9259

PART 9
OFFSET  15.0071 -0.5490 -9.4118
X  0.8202 -0.4442  0.3605
Y  0.4342  0.8937  0.1133
Z -0.3725  0.0636  0.9259

PART 10
OFFSET  17.1135 -0.2925 -9.3525
X  0.6370 -0.3435  0.6901
Y -0.7516 -0.0783  0.6549
Z -0.1709 -0.9359 -0.3080

PART 11
OFFSET  16.6046 -0.9068 -8.5366
X -0.2755 -0.8505  0.4480
Y -0.9239  0.3630  0.1211
Z -0.2656 -0.3806 -0.8858

PART 12
OFFSET  15.9031 -2.7271 -7.6070
X  0.4619 -0.7576  0.4613
Y -0.8851 -0.3600  0.2949
Z -0.0573 -0.5445 -0.8368

PART 13
OFFSET  16.6951 -3.9896 -6.9736
X  0.8513 -0.5068  0.1358
Y -0.5020 -0.7112  0.4921
Z -0.1528 -0.4871 -0.8599

PART 14
OFFSET  17.6002 -4.5721 -6.8577
X  0.6231 -0.2078  0.7540
Y -0.2253  0.8755  0.4274
Z -0.7490 -0.4362  0.4987

PART 15
OFFSET  18.4229 -0.6884 -9.5321
X  0.9441 -0.2771  0.1787
Y -0.1962 -0.9077 -0.3710
Z  0.2650  0.3152 -0.9113

PART 16
OFFSET  20.4814 -1.4682 -9.0433
X  0.1540 -0.9735  0.1692
Y -0.9315 -0.2002 -0.3037
Z  0.3295 -0.1108 -0.9376

PART 17
OFFSET  20.6995 -2.8465 -8.8037
X -0.6505 -0.7595 -0.0038
Y -0.7031  0.6041 -0.3752
Z  0.2872 -0.2414 -0.9269

PART 18
OFFSET  20.1227 -3.5198 -8.8071
X -0.6092 -0.7930  0.0043
Y -0.7540  0.5776 -0.3128
Z  0.2456 -0.1937 -0.9498

PART 19
OFFSET  19.5440 -4.2732 -8.8030
X  0.9038  0.2720  0.3304
Y -0.1462  0.9219 -0.3589
Z -0.4022  0.2760  0.8729

PART 20
OFFSET  18.0874 -0.6853 -8.9021
X  0.8361 -0.3084  0.4537
Y -0.1508 -0.9243 -0.3505
Z  0.5275  0.2247 -0.8193

PART 21
OFFSET  20.3389 -1.4320 -7.8384
X  0.3018 -0.9479  0.1015
Y -0.8721 -0.3175 -0.3724
Z  0.3852  0.0239 -0.9225

PART 22
OFFSET  20.8527 -3.0459 -7.6656
X -0.5449 -0.8035 -0.2395
Y -0.7366  0.5952 -0.3210
Z  0.4005  0.0015 -0.9163

PART 23
OFFSET  20.0975 -4.1596 -7.9975
X -0.6598 -0.6906 -0.2963
Y -0.6335  0.7232 -0.2750
Z  0.4042  0.0062 -0.9146

PART 24
OFFSET  19.3819 -4.9085 -8.3189
X  0.9223  0.1530  0.3549
Y -0.1576  0.9874 -0.0160
Z -0.3528 -0.0412  0.9348

PART 25
OFFSET  17.7923 -1.9772 -6.3505
X  0.6972 -0.5682  0.4370
Y  0.3191  0.7919  0.5206
Z -0.6419 -0.2235  0.7335

PART 26
OFFSET  19.0924 -1.3420 -6.0552
X  0.8327 -0.3441  0.4339
Y -0.2931 -0.9386 -0.1818
Z  0.4699  0.0242 -0.8824

PART 27
OFFSET  20.5584 -1.9477 -5.2911
X  0.6521 -0.6969  0.2983
Y -0.5867 -0.7132 -0.3836
Z  0.4801  0.0752 -0.8740

PART 28
OFFSET  21.3221 -2.7996 -4.8754
X  0.1245 -0.9870  0.1019
Y -0.7913 -0.1607 -0.5899
Z  0.5986 -0.0071 -0.8010

PART 29
OFFSET  21.4627 -3.9144 -4.7603
X  0.8422  0.4644  0.2741
Y -0.4344  0.8854 -0.1655
Z -0.3196  0.0204  0.9473

PART 30
OFFSET  19.8092 -1.3883 -6.8945
X  0.2736 -0.9613 -0.0313
Y -0.8360 -0.2216 -0.5019
Z  0.4756  0.1636 -0.8643

PART 31
OFFSET  20.3438 -3.2663 -6.9557
X -0.4330 -0.8049 -0.4058
Y -0.7811  0.5598 -0.2767
Z  0.4499  0.1971 -0.8711

PART 32
OFFSET  19.7113 -4.4419 -7.5484
X -0.6602 -0.5770 -0.4808
Y -0.6229  0.7783 -0.0787
Z  0.4197  0.2475 -0.8733

PART 33
OFFSET  18.9670 -5.0942 -8.0991
X  0.8773 -0.0705  0.4748
Y -0.0203  0.9828  0.1834
Z -0.4796 -0.1706  0.8608

PART 34
OFFSET  18.9853 -2.6077 -8.3039
X  0.4764  0.1952 -0.8573
Y  0.1709  0.9359  0.3080
Z  0.8624 -0.2933  0.4126

PART 35
OFFSET  16.5422  1.1970 -10.8221
X  0.8202 -0.4442  0.3605
Y  0.4342  0.8937  0.1133
Z -0.3725  0.0636  0.9259

PART 36
OFFSET  15.6048 -0.0962 -11.3535
X  0.8202 -0.4442  0.3605
Y  0.4342  0.8937  0.1133
Z -0.3725  0.0636  0.9259

PART 37
OFFSET  15.9493  0.9997 -8.3030
X  0.8202 -0.4442  0.3605
Y  0.4342  0.8937  0.1133
Z -0.3725  0.0636  0.9259

PART 38
OFFSET  15.2141 -0.1276 -8.3094
X  0.8202 -0.4442  0.3605
Y  0.4342  0.8937  0.1133
Z -0.3725  0.0636  0.9259

PART 39
OFFSET  15.0071 -0.5490 -9.4118
X  0.8202 -0.4442  0.3605
Y  0.4342  0.8937  0.1133
Z -0.3725  0.0636  0.9259

PART 40
OFFSET  5.5876 -3.4618 -5.4606
X  0.9890  0.0009  0.1476
Y -0.0237  0.9880  0.1529
Z -0.1457 -0.1547  0.9771

PART 41
OFFSET  5.5876 -3.4618 -5.4606
X  0.9890  0.0009  0.1476
Y -0.0237  0.9880  0.1529
Z -0.1457 -0.1547  0.9771

PART 42
OFFSET  9.7122 -3.4865 -4.5638
X  0.9890  0.0009  0.1476
Y -0.0237  0.9880  0.1529
Z -0.1457 -0.1547  0.9771

PART 43
OFFSET  11.8359 -4.6054 -2.5760
X  0.9890  0.0009  0.1476
Y -0.0237  0.9880  0.1529
Z -0.1457 -0.1547  0.9771

PART 44
OFFSET  15.1044 -3.2504 -5.3516
X  0.9890  0.0009  0.1476
Y -0.0237  0.9880  0.1529
Z -0.1457 -0.1547  0.9771

PART 45
OFFSET  15.1283 -3.3486 -4.7134
X  0.9890  0.0009  0.1476
Y -0.0237  0.9880  0.1529
Z -0.1457 -0.1547  0.9771

PART 46
OFFSET  18.2733 -2.9469 -6.8211
X  0.9890  0.0009  0.1476
Y -0.0237  0.9880  0.1529
Z -0.1457 -0.1547  0.9771

PART 47
OFFSET  17.9760 -3.3685 -4.1432
X  0.9890  0.0009  0.1476
Y -0.0237  0.9880  0.1529
Z -0.1457 -0.1547  0.9771

PART 48
OFFSET -264.8464 -34.1096 -349.2445
X -0.6177 -0.1978  0.7611
Y  0.7644 -0.3784  0.5220
Z  0.1847  0.9043  0.3849

PART 49
OFFSET -268.4331 -32.3386 -351.6950
X -0.6177 -0.1978  0.7611
Y  0.7644 -0.3784  0.5220
Z  0.1847  0.9043  0.3849

PART 50
OFFSET -3.5060 -7.9373 -3.1831
X  0.4449  0.0363  0.8948
Y  0.0555 -0.9984  0.0129
Z  0.8939  0.0440 -0.4462

PART 51
OFFSET -8.8865 -8.3759 -14.0053
X -0.7983 -0.3544 -0.4870
Y  0.3307  0.4179 -0.8462
Z  0.5034 -0.8365 -0.2164

PART 52
OFFSET -2.0970 -5.3616 -9.8631
X -0.7983 -0.3544 -0.4870
Y  0.4839  0.1042 -0.8689
Z  0.3587 -0.9293  0.0883

PART 53
OFFSET -1.7698 -4.2033 -8.2892
X -0.8016 -0.3546 -0.4814
Y -0.5058  0.8314  0.2299
Z  0.3187  0.4278 -0.8458

PART 54
OFFSET -1.4752 -4.9755 -7.4216
X -0.8016 -0.3546 -0.4814
Y -0.5058  0.8314  0.2299
Z  0.3187  0.4278 -0.8458

PART 55
OFFSET -0.6576 -5.9581 -7.8421
X -0.8016 -0.3546 -0.4814
Y -0.5058  0.8314  0.2299
Z  0.3187  0.4278 -0.8458

PART 56
OFFSET  0.3503 -4.2751 -8.3700
X -0.9881 -0.0028 -0.1539
Y  0.1514  0.1628 -0.9750
Z  0.0277 -0.9867 -0.1604

PART 57
OFFSET  0.6373 -4.0258 -7.2941
X -0.6179 -0.4203 -0.6645
Y  0.4928  0.4515 -0.7439
Z  0.6126 -0.7871 -0.0718

PART 58
OFFSET  1.8875 -3.1200 -5.7820
X -0.8924 -0.3815  0.2411
Y -0.2077 -0.1272 -0.9699
Z  0.4007 -0.9156  0.0343

PART 59
OFFSET  3.2707 -2.4091 -6.2329
X -0.4263 -0.3032  0.8523
Y -0.7545 -0.4005 -0.5199
Z  0.4990 -0.8647 -0.0581

PART 60
OFFSET  3.7217 -2.0349 -7.1431
X -0.7907  0.2490  0.5593
Y  0.0929  0.9518 -0.2924
Z -0.6051 -0.1793 -0.7757

PART 61
OFFSET  1.3429 -3.8991 -9.2514
X -0.9183 -0.3018  0.2563
Y  0.2631 -0.9488 -0.1748
Z  0.2959 -0.0931  0.9507

PART 62
OFFSET  3.4169 -3.1182 -9.6674
X -0.1846 -0.9447 -0.2711
Y  0.8897 -0.0434 -0.4544
Z  0.4175 -0.3251  0.8485

PART 63
OFFSET  3.6782 -1.7807 -9.2836
X  0.6834 -0.5001 -0.5318
Y  0.6198  0.7825  0.0606
Z  0.3858 -0.3710  0.8447

PART 64
OFFSET  3.0723 -1.3373 -8.8120
X  0.8834  0.3558 -0.3049
Y -0.2074  0.8804  0.4264
Z  0.4201 -0.3135  0.8516

PART 65
OFFSET  2.2330 -1.6753 -8.5224
X -0.6063 -0.7795 -0.1576
Y -0.6720  0.3961  0.6257
Z -0.4253  0.4853 -0.7640

PART 66
OFFSET  1.4634 -4.1444 -8.5920
X -0.9745 -0.2049  0.0910
Y  0.1917 -0.9720 -0.1362
Z  0.1164 -0.1153  0.9865

PART 67
OFFSET  3.9797 -3.6168 -8.9778
X -0.1948 -0.9686 -0.1543
Y  0.8796 -0.1030 -0.4644
Z  0.4340 -0.2262  0.8721

PART 68
OFFSET  4.3114 -1.9677 -8.7152
X  0.8082 -0.3322 -0.4862
Y  0.4115  0.9092  0.0629
Z  0.4212 -0.2509  0.8716

PART 69
OFFSET  3.1912 -1.5074 -8.0414
X  0.8238  0.5105 -0.2464
Y -0.3850  0.8230  0.4177
Z  0.4160 -0.2492  0.8745

PART 70
OFFSET  2.2977 -2.0610 -7.7741
X -0.4346 -0.9006  0.0063
Y -0.8051  0.3916  0.4455
Z -0.4037  0.1885 -0.8953

PART 71
OFFSET -3.8752 -4.9530 -8.2719
X -0.9512 -0.3084 -0.0008
Y -0.3077  0.9489  0.0706
Z -0.0210  0.0674 -0.9975

PART 72
OFFSET  4.0965 -4.7538 -7.0948
X -0.9912 -0.1281  0.0333
Y  0.1155 -0.9599 -0.2555
Z  0.0647 -0.2494  0.9662

PART 73
OFFSET  5.8417 -4.5282 -7.1535
X -0.9865 -0.1609  0.0311
Y  0.1513 -0.9672 -0.2041
Z  0.0629 -0.1967  0.9784

PART 74
OFFSET  7.0448 -4.3445 -7.1318
X -0.9879 -0.1506 -0.0381
Y  0.1553 -0.9622 -0.2238
Z -0.0030 -0.2270  0.9739

PART 75
OFFSET  8.1606 -4.1745 -7.0887
X  0.1806  0.8538  0.4884
Y  0.9802 -0.1151 -0.1611
Z -0.0814  0.5078 -0.8576

PART 76
OFFSET  4.1504 -4.4005 -8.1402
X -0.3151 -0.9444 -0.0936
Y  0.9141 -0.2755 -0.2977
Z  0.2554 -0.1793  0.9501

PART 77
OFFSET  4.7659 -2.5555 -7.9573
X  0.7724 -0.5509 -0.3161
Y  0.5685  0.8216 -0.0427
Z  0.2833 -0.1468  0.9477

PART 78
OFFSET  3.6378 -1.7508 -7.4956
X  0.8774  0.4211 -0.2299
Y -0.3806  0.9027  0.2009
Z  0.2921 -0.0888  0.9523

PART 79
OFFSET  2.6417 -2.2265 -7.2418
X -0.4484 -0.8938 -0.0129
Y -0.8319  0.4119  0.3719
Z -0.3270  0.1775 -0.9282

PART 80
OFFSET -1.7698 -4.2033 -8.2892
X -0.8016 -0.3546 -0.4814
Y -0.5058  0.8314  0.2299
Z  0.3187  0.4278 -0.8458

PART 81
OFFSET -1.4753 -4.9754 -7.4214
X -0.8016 -0.3546 -0.4814
Y -0.5058  0.8314  0.2299
Z  0.3187  0.4278 -0.8458

PART 82
OFFSET -0.6576 -5.9581 -7.8422
X -0.8016 -0.3546 -0.4814
Y -0.5058  0.8314  0.2299
Z  0.3187  0.4278 -0.8458

PART 83
OFFSET  0.0000 -0.0000 -0.0000
X  1.0000 -0.0000  0.0000
Y  0.0000  1.0000  0.0000
Z  0.0000 -0.0000  1.0000

PART 84
OFFSET -0.0000 -0.0000 -0.0000
X  1.0000 -0.0016 -0.0019
Y  0.0016  1.0000 -0.0019
Z  0.0019  0.0019  1.0000

PART 85
OFFSET  1.5482  0.0053  4.1328
X  1.0000 -0.0016 -0.0019
Y  0.0016  1.0000 -0.0019
Z  0.0019  0.0019  1.0000


FRAME 2113
PART 0
OFFSET  0.0000 -0.0000 -0.0000
X  1.0000 -0.0000  0.0000
Y  0.0000  1.0000  0.0000
Z  0.0000 -0.0000  1.0000

PART 1
OFFSET -4.6318 -0.0000 -1.3770
X  1.0000 -0.0000  0.0000
Y  0.0000  1.0000  0.0000
Z  0.0000 -0.0000  1.0000

PART 2
OFFSET -1.0115  7.9373 -5.7336
X  0.6983 -0.2450 -0.6726
Y -0.0886 -0.9620  0.2584
Z -0.7103 -0.1208 -0.6934

PART 3
OFFSET  7.4335  4.9747 -13.8679
X  0.8008 -0.4526  0.3922
Y -0.4082  0.0669  0.9105
Z -0.4383 -0.8892 -0.1312

PART 4
OFFSET  14.2447  1.1252 -10.5317
X  0.8008 -0.4526  0.3922
Y -0.4832 -0.1014  0.8696
Z -0.3538 -0.8859 -0.2999

PART 5
OFFSET  16.4952  1.8091 -10.3241
X  0.8044 -0.4505  0.3872
Y  0.4418  0.8894  0.1170
Z -0.3971  0.0770  0.9146

PART 6
OFFSET  15.2493 -0.0671 -11.3728
X  0.8044 -0.4505  0.3872
Y  0.4418  0.8894  0.1170
Z -0.3971  0.0770  0.9146

PART 7
OFFSET  15.5230  1.0538 -8.3243
X  0.8044 -0.4505  0.3872
Y  0.4418  0.8894  0.1170
Z -0.3971  0.0770  0.9146

PART 8
OFFSET  14.7745 -0.0647 -8.3406
X  0.8044 -0.4505  0.3872
Y  0.4418  0.8894  0.1170
Z -0.3971  0.0770  0.9146

PART 9
OFFSET  14.5928 -0.4941 -9.4443
X  0.8044 -0.4505  0.3872
Y  0.4418  0.8894  0.1170
Z -0.3971  0.0770  0.9146

PART 10
OFFSET  16.6998 -0.2623 -9.3291
X  0.6775 -0.2925  0.6749
Y -0.7019  0.0175  0.7121
Z -0.2201 -0.9561 -0.1934

PART 11
OFFSET  16.2369 -0.7695 -8.4178
X -0.2885 -0.7942  0.5348
Y -0.8585  0.4619  0.2229
Z -0.4240 -0.3948 -0.8151

PART 12
OFFSET  15.5050 -2.4593 -7.2869
X  0.1691 -0.8019  0.5730
Y -0.9511  0.0197  0.3082
Z -0.2585 -0.5971 -0.7594

PART 13
OFFSET  15.8057 -3.8219 -6.4653
X  0.3286 -0.8362  0.4391
Y -0.8889 -0.1166  0.4431
Z -0.3193 -0.5359 -0.7816

PART 14
OFFSET  16.1313 -4.7526 -6.0186
X  0.2645 -0.2970  0.9175
Y  0.3188  0.9248  0.2075
Z -0.9102  0.2376  0.3393

PART 15
OFFSET  17.9801 -0.7217 -9.5596
X  0.9467 -0.2908  0.1385
Y -0.2492 -0.9337 -0.2571
Z  0.2041  0.2088 -0.9564

PART 16
OFFSET  20.0469 -1.5201 -9.1406
X  0.5573 -0.7626  0.3284
Y -0.7904 -0.6084 -0.0716
Z  0.2544 -0.2197 -0.9418

PART 17
OFFSET  20.8358 -2.5998 -8.6756
X  0.0350 -0.9278  0.3714
Y -0.9620 -0.1320 -0.2392
Z  0.2710 -0.3489 -0.8971

PART 18
OFFSET  20.8668 -3.4225 -8.3464
X  0.0690 -0.9269  0.3688
Y -0.9761 -0.1391 -0.1668
Z  0.2059 -0.3485 -0.9144

PART 19
OFFSET  20.9324 -4.3031 -7.9960
X  0.5302  0.8467 -0.0452
Y -0.7553  0.4475 -0.4788
Z -0.3852  0.2880  0.8768

PART 20
OFFSET  17.6934 -0.6409 -8.9109
X  0.8589 -0.2895  0.4224
Y -0.2029 -0.9498 -0.2383
Z  0.4702  0.1189 -0.8745

PART 21
OFFSET  19.9970 -1.3535 -7.9393
X  0.6515 -0.6914  0.3123
Y -0.6938 -0.7096 -0.1234
Z  0.3069 -0.1362 -0.9419

PART 22
OFFSET  21.1062 -2.5306 -7.4076
X  0.1132 -0.9743  0.1947
Y -0.9372 -0.1698 -0.3048
Z  0.3300 -0.1480 -0.9323

PART 23
OFFSET  21.2631 -3.8809 -7.1377
X -0.0377 -0.9898  0.1371
Y -0.9433 -0.0100 -0.3317
Z  0.3297 -0.1418 -0.9334

PART 24
OFFSET  21.2222 -4.9544 -6.9890
X  0.5860  0.8097  0.0312
Y -0.7645  0.5652 -0.3099
Z -0.2686  0.1577  0.9503

PART 25
OFFSET  17.5559 -1.6485 -6.2216
X  0.7120 -0.5444  0.4435
Y  0.3798  0.8298  0.4088
Z -0.5906 -0.1226  0.7976

PART 26
OFFSET  18.8920 -1.0333 -6.0904
X  0.8486 -0.3181  0.4228
Y -0.3193 -0.9451 -0.0701
Z  0.4219 -0.0755 -0.9035

PART 27
OFFSET  20.3861 -1.5933 -5.3460
X  0.7579 -0.5318  0.3780
Y -0.4922 -0.8463 -0.2039
Z  0.4283 -0.0315 -0.9031

PART 28
OFFSET  21.2814 -2.2379 -4.8317
X  0.4264 -0.8248  0.3713
Y -0.7101 -0.5595 -0.4275
Z  0.5604 -0.0814 -0.8242

PART 29
OFFSET  21.7630 -3.1695 -4.4122
X  0.6598  0.7507  0.0332
Y -0.6901  0.6229 -0.3685
Z -0.2973  0.2202  0.9291

PART 30
OFFSET  19.5417 -1.1926 -6.9696
X  0.6032 -0.7586  0.2463
Y -0.6780 -0.6503 -0.3425
Z  0.4201  0.0396 -0.9066

PART 31
OFFSET  20.7201 -2.6746 -6.4883
X  0.2153 -0.9760  0.0311
Y -0.8977 -0.2104 -0.3872
Z  0.3844  0.0555 -0.9215

PART 32
OFFSET  21.0346 -4.1002 -6.4429
X -0.0478 -0.9947 -0.0911
Y -0.9424  0.0751 -0.3259
Z  0.3310  0.0703 -0.9410

PART 33
OFFSET  20.9835 -5.2264 -6.5526
X  0.6174  0.7103  0.3381
Y -0.6639  0.7010 -0.2604
Z -0.4220 -0.0637  0.9044

PART 34
OFFSET  18.5794 -2.5216 -8.1778
X  0.4155  0.0875 -0.9054
Y  0.2201  0.9561  0.1934
Z  0.8826 -0.2796  0.3780

PART 35
OFFSET  16.1875  1.2198 -10.8277
X  0.8044 -0.4505  0.3872
Y  0.4418  0.8894  0.1170
Z -0.3971  0.0770  0.9146

PART 36
OFFSET  15.2493 -0.0671 -11.3728
X  0.8044 -0.4505  0.3872
Y  0.4418  0.8894  0.1170
Z -0.3971  0.0770  0.9146

PART 37
OFFSET  15.5230  1.0538 -8.3243
X  0.8044 -0.4505  0.3872
Y  0.4418  0.8894  0.1170
Z -0.3971  0.0770  0.9146

PART 38
OFFSET  14.7745 -0.0647 -8.3406
X  0.8044 -0.4505  0.3872
Y  0.4418  0.8894  0.1170
Z -0.3971  0.0770  0.9146

PART 39
OFFSET  14.5928 -0.4941 -9.4443
X  0.8044 -0.4505  0.3872
Y  0.4418  0.8894  0.1170
Z -0.3971  0.0770  0.9146

PART 40
OFFSET  5.8165 -3.4993 -5.4972
X  0.9886 -0.0059  0.1505
Y -0.0187  0.9867  0.1614
Z -0.1495 -0.1624  0.9753

PART 41
OFFSET  5.8165 -3.4993 -5.4972
X  0.9886 -0.0059  0.1505
Y -0.0187  0.9867  0.1614
Z -0.1495 -0.1624  0.9753

PART 42
OFFSET  9.9382 -3.5547 -4.5885
X  0.9886 -0.0059  0.1505
Y -0.0187  0.9867  0.1614
Z -0.1495 -0.1624  0.9753

PART 43
OFFSET  12.0497 -4.7026 -2.6042
X  0.9886 -0.0059  0.1505
Y -0.0187  0.9867  0.1614
Z -0.1495 -0.1624  0.9753

PART 44
OFFSET  15.3340 -3.3418 -5.3584
X  0.9886 -0.0059  0.1505
Y -0.0187  0.9867  0.1614
Z -0.1495 -0.1624  0.9753

PART 45
OFFSET  15.3553 -3.4457 -4.7210
X  0.9886 -0.0059  0.1505
Y -0.0187  0.9867  0.1614
Z -0.1495 -0.1624  0.9753

PART 46
OFFSET  18.5088 -3.0433 -6.8159
X  0.9886 -0.0059  0.1505
Y -0.0187  0.9867  0.1614
Z -0.1495 -0.1624  0.9753

PART 47
OFFSET  18.2012 -3.4864 -4.1427
X  0.9886 -0.0059  0.1505
Y -0.0187  0.9867  0.1614
Z -0.1495 -0.1624  0.9753

PART 48
OFFSET -263.7564 -29.6663 -350.3260
X -0.6211 -0.2010  0.7576
Y  0.7607 -0.3871  0.5210
Z  0.1886  0.8999  0.3933

PART 49
OFFSET -267.3259 -27.8543 -352.7716
X -0.6211 -0.2010  0.7576
Y  0.7607 -0.3871  0.5210
Z  0.1886  0.8999  0.3933

PART 50
OFFSET -3.5060 -7.9373 -3.1784
X  0.4270  0.0264  0.9039
Y  0.0376 -0.9992  0.0115
Z  0.9035  0.0291 -0.4277

PART 51
OFFSET -8.6701 -8.2571 -14.1097
X -0.7997 -0.3456 -0.4910
Y  0.3429  0.4084 -0.8460
Z  0.4929 -0.8448 -0.2081

PART 52
OFFSET -1.8682 -5.3177 -9.9340
X -0.7997 -0.3456 -0.4910
Y  0.4854  0.1091 -0.8675
Z  0.3533 -0.9320  0.0805

PART 53
OFFSET -1.5359 -4.1556 -8.3641
X -0.8031 -0.3457 -0.4853
Y -0.4955  0.8399  0.2216
Z  0.3310  0.4185 -0.8458

PART 54
OFFSET -1.2588 -4.9271 -7.4901
X -0.8031 -0.3457 -0.4853
Y -0.4955  0.8399  0.2216
Z  0.3310  0.4185 -0.8458

PART 55
OFFSET -0.4524 -5.9236 -7.8993
X -0.8031 -0.3457 -0.4853
Y -0.4955  0.8399  0.2216
Z  0.3310  0.4185 -0.8458

PART 56
OFFSET  0.5834 -4.2582 -8.4289
X -0.9876  0.0041 -0.1568
Y  0.1552  0.1703 -0.9731
Z  0.0227 -0.9854 -0.1689

PART 57
OFFSET  0.8686 -4.0198 -7.3500
X -0.6188 -0.4115 -0.6692
Y  0.4975  0.4539 -0.7392
Z  0.6079 -0.7903 -0.0761

PART 58
