// Export filename: `C:\projects\cod\t5\xanim_export\t5_viewmodels\ak74u\ak74u_grenadier_sprint_in.XANIM_EXPORT`
// Source filename: `D:\projects\devanim\t5\animation_assets\viewmodels\ak74u/t5_viewmodel_ak74u_animated2.fbx`
// Export time: Fri Aug 27 23:42:42 2010

ANIMATION
VERSION 3

NUMPARTS 80
PART 0 "tag_ads"
PART 1 "tag_torso"
PART 2 "J_Shoulder_LE"
PART 3 "J_Elbow_LE"
PART 4 "J_WristTwist_LE"
PART 5 "J_Sleave_Reshape_Bottom_LE_1"
PART 6 "J_Sleave_Reshape_Bottom_LE_2"
PART 7 "J_Sleave_Reshape_Top_LE_1"
PART 8 "J_Sleave_Reshape_Top_LE_2"
PART 9 "J_Sleave_Reshape_Top_LE_3"
PART 10 "J_Wrist_LE"
PART 11 "J_Thumb_LE_0"
PART 12 "J_Thumb_LE_1"
PART 13 "J_Thumb_LE_2"
PART 14 "J_Thumb_LE_3"
PART 15 "J_PinkyPalm_LE"
PART 16 "J_Pinky_LE_0"
PART 17 "J_Pinky_LE_1"
PART 18 "J_Pinky_LE_2"
PART 19 "J_Pinky_LE_3"
PART 20 "J_RingPalm_LE"
PART 21 "J_Ring_LE_0"
PART 22 "J_Ring_LE_1"
PART 23 "J_Ring_LE_2"
PART 24 "J_Ring_LE_3"
PART 25 "J_Webbing_LE"
PART 26 "J_Index_LE_0"
PART 27 "J_Index_LE_1"
PART 28 "J_Index_LE_2"
PART 29 "J_Index_LE_3"
PART 30 "J_Mid_LE_0"
PART 31 "J_Mid_LE_1"
PART 32 "J_Mid_LE_2"
PART 33 "J_Mid_LE_3"
PART 34 "tag_knife_attach"
PART 35 "D_Sleave_Reshape_Bottom_LE_1"
PART 36 "D_Sleave_Reshape_Bottom_LE_2"
PART 37 "D_Sleave_Reshape_Top_LE_1"
PART 38 "D_Sleave_Reshape_Top_LE_2"
PART 39 "D_Sleave_Reshape_Top_LE_3"
PART 40 "tag_weapon"
PART 41 "J_Gun"
PART 42 "TAG_CLIP"
PART 43 "J_Bolt"
PART 44 "J_Shoulder_RI"
PART 45 "J_Elbow_RI"
PART 46 "J_WristTwist_RI"
PART 47 "J_Sleave_Reshape_Top_RI_3"
PART 48 "J_Sleave_Reshape_Top_RI_2"
PART 49 "J_Sleave_Reshape_Top_RI_1"
PART 50 "J_Wrist_RI"
PART 51 "J_Thumb_RI_0"
PART 52 "J_Thumb_RI_1"
PART 53 "J_Thumb_RI_2"
PART 54 "J_Thumb_RI_3"
PART 55 "J_PinkyPalm_RI"
PART 56 "J_Pinky_RI_0"
PART 57 "J_Pinky_RI_1"
PART 58 "J_Pinky_RI_2"
PART 59 "J_Pinky_RI_3"
PART 60 "J_RingPalm_RI"
PART 61 "J_Ring_RI_0"
PART 62 "J_Ring_RI_1"
PART 63 "J_Ring_RI_2"
PART 64 "J_Ring_RI_3"
PART 65 "J_Webbing_RI"
PART 66 "J_Index_RI_0"
PART 67 "J_Index_RI_1"
PART 68 "J_Index_RI_2"
PART 69 "J_Index_RI_3"
PART 70 "J_Mid_RI_0"
PART 71 "J_Mid_RI_1"
PART 72 "J_Mid_RI_2"
PART 73 "J_Mid_RI_3"
PART 74 "D_Sleave_Reshape_Top_RI_3"
PART 75 "D_Sleave_Reshape_Top_RI_2"
PART 76 "D_Sleave_Reshape_Top_RI_1"
PART 77 "tag_cambone"
PART 78 "tag_camera"
PART 79 "tag_gasmask"

FRAMERATE 30
NUMFRAMES 11

FRAME 1950
PART 0
OFFSET  0.0000 -0.0000 -0.0000
X  1.0000 -0.0000  0.0000
Y  0.0000  1.0000  0.0000
Z  0.0000 -0.0000  1.0000

PART 1
OFFSET -4.6318 -0.0000 -1.3770
X  1.0000 -0.0000  0.0000
Y  0.0000  1.0000  0.0000
Z  0.0000 -0.0000  1.0000

PART 2
OFFSET  0.3425  8.0297 -9.9517
X  0.8134 -0.3247 -0.4827
Y -0.1524 -0.9197  0.3617
Z -0.5614 -0.2207 -0.7976

PART 3
OFFSET  10.1798  4.1033 -15.7889
X  0.7973 -0.4144  0.4388
Y -0.4360  0.1071  0.8935
Z -0.4173 -0.9038 -0.0953

PART 4
OFFSET  16.9615  0.5784 -12.0571
X  0.7973 -0.4144  0.4388
Y -0.4913 -0.0235  0.8707
Z -0.3505 -0.9098 -0.2223

PART 5
OFFSET  19.1915  1.3184 -11.8229
X  0.8011 -0.4126  0.4337
Y  0.4212  0.9033  0.0812
Z -0.4253  0.1176  0.8974

PART 6
OFFSET  18.0128 -0.6364 -12.8037
X  0.8011 -0.4126  0.4337
Y  0.4212  0.9033  0.0812
Z -0.4253  0.1176  0.8974

PART 7
OFFSET  18.1751  0.6514 -9.8136
X  0.8011 -0.4126  0.4337
Y  0.4212  0.9033  0.0812
Z -0.4253  0.1176  0.8974

PART 8
OFFSET  17.4488 -0.4815 -9.7907
X  0.8011 -0.4126  0.4337
Y  0.4212  0.9033  0.0812
Z -0.4253  0.1176  0.8974

PART 9
OFFSET  17.3079 -0.9730 -10.8744
X  0.8011 -0.4126  0.4337
Y  0.4212  0.9033  0.0812
Z -0.4253  0.1176  0.8974

PART 10
OFFSET  19.4058 -0.6921 -10.7120
X  0.6564 -0.3299  0.6784
Y -0.6912  0.0974  0.7161
Z -0.3023 -0.9390 -0.1641

PART 11
OFFSET  18.9100 -1.1321 -9.7831
X -0.3038 -0.7383  0.6022
Y -0.7611  0.5682  0.3127
Z -0.5730 -0.3633 -0.7346

PART 12
OFFSET  18.1465 -2.6888 -8.4934
X  0.6743 -0.7178  0.1735
Y -0.6368 -0.4463  0.6287
Z -0.3738 -0.5344 -0.7581

PART 13
OFFSET  19.2312 -3.8808 -8.3357
X  0.8466 -0.0742 -0.5270
Y  0.1902 -0.8827  0.4298
Z -0.4971 -0.4641 -0.7332

PART 14
OFFSET  20.1272 -3.9972 -8.9319
X  0.9834  0.0615  0.1705
Y -0.1682  0.6595  0.7326
Z -0.0674 -0.7492  0.6589

PART 15
OFFSET  20.6403 -1.2653 -10.9379
X  0.9198 -0.3664  0.1404
Y -0.3301 -0.9160 -0.2282
Z  0.2122  0.1635 -0.9634

PART 16
OFFSET  22.6355 -2.2247 -10.5101
X -0.4651 -0.8746  0.1372
Y -0.8559  0.4047 -0.3219
Z  0.2260 -0.2671 -0.9368

PART 17
OFFSET  21.9771 -3.4629 -10.3159
X -0.9741  0.1456 -0.1730
Y  0.1955  0.9267 -0.3209
Z  0.1136 -0.3465 -0.9312

PART 18
OFFSET  21.1134 -3.3339 -10.4693
X -0.9845  0.0697 -0.1612
Y  0.1121  0.9559 -0.2713
Z  0.1352 -0.2852 -0.9489

PART 19
OFFSET  20.1781 -3.2676 -10.6224
X  0.6631 -0.6122  0.4308
Y  0.7352  0.6408 -0.2210
Z -0.1408  0.4633  0.8750

PART 20
OFFSET  20.3676 -1.1421 -10.2899
X  0.8351 -0.3495  0.4247
Y -0.2851 -0.9354 -0.2092
Z  0.4704  0.0537 -0.8808

PART 21
OFFSET  22.6112 -2.0206 -9.3138
X -0.3024 -0.9530 -0.0182
Y -0.9010  0.2920 -0.3209
Z  0.3111 -0.0806 -0.9470

PART 22
OFFSET  22.0964 -3.6431 -9.3448
X -0.9443  0.0804 -0.3192
Y  0.1105  0.9909 -0.0775
Z  0.3101 -0.1084 -0.9445

PART 23
OFFSET  20.7877 -3.5317 -9.7872
X -0.9070  0.2569 -0.3338
Y  0.2786  0.9602 -0.0180
Z  0.3159 -0.1093 -0.9425

PART 24
OFFSET  19.8041 -3.2531 -10.1493
X  0.5995 -0.7644  0.2374
Y  0.7342  0.6433  0.2171
Z -0.3187  0.0442  0.9468

PART 25
OFFSET  20.1700 -2.0578 -7.5716
X  0.6672 -0.5903  0.4542
Y  0.4528  0.8057  0.3820
Z -0.5914 -0.0492  0.8049

PART 26
OFFSET  21.5548 -1.5552 -7.4674
X -0.0041 -0.9921 -0.1258
Y -0.9166  0.0540 -0.3961
Z  0.3998  0.1137 -0.9095

PART 27
OFFSET  21.5476 -3.3019 -7.6889
X -0.8692 -0.1242 -0.4786
Y -0.1465  0.9892  0.0094
Z  0.4723  0.0782 -0.8780

PART 28
OFFSET  20.4623 -3.4576 -8.2174
X -0.9323  0.1496 -0.3294
Y  0.1345  0.9886  0.0683
Z  0.3358  0.0194 -0.9417

PART 29
OFFSET  19.4092 -3.2886 -8.5895
X  0.2766 -0.9356 -0.2193
Y  0.8761  0.1517  0.4576
Z -0.3949 -0.3187  0.8617

PART 30
OFFSET  22.1803 -1.7941 -8.3461
X -0.3280 -0.9314 -0.1575
Y -0.8552  0.3636 -0.3693
Z  0.4013  0.0135 -0.9159

PART 31
OFFSET  21.5395 -3.6137 -8.6538
X -0.9157  0.0455 -0.3993
Y  0.0190  0.9973  0.0702
Z  0.4014  0.0568 -0.9141

PART 32
OFFSET  20.2020 -3.5472 -9.2370
X -0.8413  0.4122 -0.3496
Y  0.3326  0.9047  0.2662
Z  0.4260  0.1077 -0.8983

PART 33
OFFSET  19.2519 -3.0802 -9.6395
X  0.4054 -0.9008  0.1554
Y  0.8257  0.4339  0.3606
Z -0.3923 -0.0179  0.9197

PART 34
OFFSET  21.0973 -3.0699 -9.5087
X  0.4130  0.0261 -0.9104
Y  0.3023  0.9390  0.1641
Z  0.8591 -0.3430  0.3799

PART 35
OFFSET  18.9099  0.6969 -12.3024
X  0.8011 -0.4126  0.4337
Y  0.4212  0.9033  0.0812
Z -0.4253  0.1176  0.8974

PART 36
OFFSET  18.0128 -0.6364 -12.8037
X  0.8011 -0.4126  0.4337
Y  0.4212  0.9033  0.0812
Z -0.4253  0.1176  0.8974

PART 37
OFFSET  18.1751  0.6514 -9.8136
X  0.8011 -0.4126  0.4337
Y  0.4212  0.9033  0.0812
Z -0.4253  0.1176  0.8974

PART 38
OFFSET  17.4488 -0.4815 -9.7907
X  0.8011 -0.4126  0.4337
Y  0.4212  0.9033  0.0812
Z -0.4253  0.1176  0.8974

PART 39
OFFSET  17.3080 -0.9730 -10.8744
X  0.8011 -0.4126  0.4337
Y  0.4212  0.9033  0.0812
Z -0.4253  0.1176  0.8974

PART 40
OFFSET  7.7688 -2.6416 -4.8099
X  1.0000 -0.0000  0.0000
Y  0.0000  1.0000  0.0000
Z  0.0000 -0.0000  1.0000

PART 41
OFFSET  7.7688 -2.6416 -4.8099
X  1.0000 -0.0000  0.0000
Y  0.0000  1.0000  0.0000
Z  0.0000 -0.0000  1.0000

PART 42
OFFSET  11.9806 -2.6266 -4.5308
X  1.0000 -0.0000  0.0000
Y  0.0000  1.0000  0.0000
Z  0.0000 -0.0000  1.0000

PART 43
OFFSET  14.3735 -3.4784 -2.7246
X  1.0000 -0.0000  0.0000
Y  0.0000  1.0000  0.0000
Z  0.0000 -0.0000  1.0000

PART 44
OFFSET -13.9227 -7.9373 -3.1869
X -0.6053  0.0162  0.7958
Y -0.1718 -0.9789 -0.1107
Z  0.7772 -0.2037  0.5953

PART 45
OFFSET -6.6022 -8.1338 -12.8116
X -0.8222 -0.3196 -0.4710
Y  0.5121 -0.0542 -0.8572
Z  0.2484 -0.9460  0.2082

PART 46
OFFSET  0.3912 -5.4156 -8.8058
X -0.8222 -0.3196 -0.4710
Y  0.5374 -0.1634 -0.8273
Z  0.1874 -0.9334  0.3061

PART 47
OFFSET  0.9106 -3.8330 -7.7329
X -0.8259 -0.3166 -0.4664
Y -0.2534  0.9476 -0.1946
Z  0.5036 -0.0425 -0.8629

PART 48
OFFSET  0.8857 -4.2320 -6.6033
X -0.8259 -0.3166 -0.4664
Y -0.2534  0.9476 -0.1946
Z  0.5036 -0.0425 -0.8629

PART 49
OFFSET  1.4070 -5.4649 -6.4654
X -0.8259 -0.3166 -0.4664
Y -0.2534  0.9476 -0.1946
Z  0.5036 -0.0425 -0.8629

PART 50
OFFSET  2.9119 -4.4359 -7.3619
X -0.9546 -0.1418 -0.2621
Y  0.2850 -0.1775 -0.9420
Z  0.0871 -0.9739  0.2098

PART 51
OFFSET  3.0305 -3.8010 -6.4212
X -0.4986 -0.6783 -0.5397
Y  0.5783  0.2035 -0.7900
Z  0.6457 -0.7060  0.2908

PART 52
OFFSET  4.0128 -2.3183 -5.1938
X -0.9028 -0.3483  0.2521
Y -0.0610 -0.4767 -0.8770
Z  0.4256 -0.8071  0.4091

PART 53
OFFSET  5.4190 -1.6940 -5.6990
X -0.5336 -0.0214  0.8455
Y -0.6557 -0.6209 -0.4295
Z  0.5342 -0.7836  0.3173

PART 54
OFFSET  5.9827 -1.6245 -6.6205
X -0.8721  0.3596  0.3318
Y  0.0986  0.7934 -0.6007
Z -0.4792 -0.4912 -0.7274

PART 55
OFFSET  4.0072 -4.3091 -8.1912
X -0.9338 -0.2716  0.2329
Y  0.3213 -0.9230  0.2116
Z  0.1575  0.2724  0.9492

PART 56
OFFSET  6.0889 -3.5460 -8.6022
X -0.1064 -0.9920  0.0680
Y  0.9470 -0.1219 -0.2972
Z  0.3031  0.0328  0.9524

PART 57
OFFSET  6.2395 -2.1416 -8.6984
X  0.7704 -0.5952 -0.2284
Y  0.5756  0.8034 -0.1522
Z  0.2741 -0.0142  0.9616

PART 58
OFFSET  5.5564 -1.6139 -8.4959
X  0.9043  0.2998 -0.3040
Y -0.2988  0.9530  0.0509
Z  0.3049  0.0448  0.9513

PART 59
OFFSET  4.6973 -1.8987 -8.2071
X -0.5482 -0.8340  0.0630
Y -0.7690  0.5322  0.3543
Z -0.3290  0.1458 -0.9330

PART 60
OFFSET  4.0399 -4.2960 -7.4782
X -0.9690 -0.2439  0.0388
Y  0.2458 -0.9373  0.2469
Z -0.0239  0.2488  0.9683

PART 61
OFFSET  6.5638 -3.7206 -7.7173
X -0.1328 -0.9741  0.1828
Y  0.9405 -0.1821 -0.2870
Z  0.3128  0.1338  0.9403

PART 62
OFFSET  6.7899 -2.0621 -8.0285
X  0.8812 -0.4114 -0.2327
Y  0.3642  0.9048 -0.2204
Z  0.3012  0.1095  0.9472

PART 63
OFFSET  5.5686 -1.4919 -7.7060
X  0.8304  0.4610 -0.3130
Y -0.4723  0.8804  0.0436
Z  0.2956  0.1116  0.9488

PART 64
OFFSET  4.6680 -1.9919 -7.3665
X -0.3960 -0.8751  0.2782
Y -0.8751  0.4514  0.1743
Z -0.2781 -0.1744 -0.9446

PART 65
OFFSET -1.2553 -5.3980 -7.5437
X -0.9291 -0.3699 -0.0061
Y -0.3495  0.8829 -0.3136
Z  0.1213 -0.2892 -0.9496

PART 66
OFFSET  6.4488 -4.1115 -5.5522
X -0.9803 -0.1931 -0.0406
Y  0.1869 -0.9747  0.1229
Z -0.0633  0.1129  0.9916

PART 67
OFFSET  8.1748 -3.7715 -5.4807
X -0.9741 -0.2239 -0.0304
Y  0.2152 -0.9603  0.1773
Z -0.0689  0.1662  0.9837

PART 68
OFFSET  9.3549 -3.4893 -5.3840
X -0.9659 -0.2397 -0.0981
Y  0.2227 -0.9620  0.1579
Z -0.1323  0.1307  0.9826

PART 69
OFFSET  10.4459 -3.2185 -5.2731
X  0.0762  0.9832  0.1658
Y  0.9969 -0.0787  0.0085
Z  0.0214  0.1646 -0.9861

PART 70
OFFSET  6.6405 -4.1444 -6.6397
X -0.2627 -0.9406  0.2150
Y  0.9570 -0.2824 -0.0663
Z  0.1231  0.1883  0.9744

PART 71
OFFSET  7.1538 -2.3069 -7.0597
X  0.8288 -0.5596 -0.0009
Y  0.5392  0.7990 -0.2664
Z  0.1498  0.2203  0.9639

PART 72
OFFSET  5.9432 -1.4895 -7.0585
X  0.8851  0.3871 -0.2584
Y -0.4386  0.8795 -0.1846
Z  0.1558  0.2767  0.9482

PART 73
OFFSET  4.9394 -1.9293 -6.7726
X -0.4085 -0.8763  0.2554
Y -0.8912  0.4434  0.0957
Z -0.1971 -0.1885 -0.9621

PART 74
OFFSET  0.9106 -3.8330 -7.7328
X -0.8259 -0.3166 -0.4664
Y -0.2534  0.9476 -0.1946
Z  0.5036 -0.0425 -0.8629

PART 75
OFFSET  0.8856 -4.2318 -6.6032
X -0.8259 -0.3166 -0.4664
Y -0.2534  0.9476 -0.1946
Z  0.5036 -0.0425 -0.8629

PART 76
OFFSET  1.4071 -5.4649 -6.4655
X -0.8259 -0.3166 -0.4664
Y -0.2534  0.9476 -0.1946
Z  0.5036 -0.0425 -0.8629

PART 77
OFFSET  0.0000 -0.0000 -0.0000
X  1.0000 -0.0000  0.0000
Y  0.0000  1.0000  0.0000
Z  0.0000 -0.0000  1.0000

PART 78
OFFSET  0.0000 -0.0000 -0.0000
X  1.0000 -0.0000  0.0000
Y  0.0000  1.0000  0.0000
Z  0.0000 -0.0000  1.0000

PART 79
OFFSET  1.5404 -0.0000  4.1357
X  1.0000 -0.0000  0.0000
Y  0.0000  1.0000  0.0000
Z  0.0000 -0.0000  1.0000


FRAME 1951
PART 0
OFFSET  0.0000 -0.0000 -0.0000
X  1.0000 -0.0000  0.0000
Y  0.0000  1.0000  0.0000
Z  0.0000 -0.0000  1.0000

PART 1
OFFSET -4.6318 -0.0000 -1.3770
X  1.0000 -0.0000  0.0000
Y  0.0000  1.0000  0.0000
Z  0.0000 -0.0000  1.0000

PART 2
OFFSET  0.3425  8.0297 -9.9517
X  0.8069 -0.3188 -0.4972
Y -0.1435 -0.9224  0.3586
Z -0.5730 -0.2180 -0.7900

PART 3
OFFSET  10.1012  4.1739 -15.9652
X  0.8001 -0.4128  0.4353
Y -0.4327  0.1055  0.8954
Z -0.4155 -0.9047 -0.0942

PART 4
OFFSET  16.9064  0.6631 -12.2629
X  0.8001 -0.4128  0.4353
Y -0.4842 -0.0159  0.8748
Z -0.3542 -0.9107 -0.2126

PART 5
OFFSET  19.1355  1.4083 -12.0372
X  0.8038 -0.4109  0.4302
Y  0.4194  0.9043  0.0801
Z -0.4219  0.1160  0.8992

PART 6
OFFSET  17.9576 -0.5487 -13.0145
X  0.8038 -0.4109  0.4302
Y  0.4194  0.9043  0.0801
Z -0.4219  0.1160  0.8992

PART 7
OFFSET  18.1289  0.7377 -10.0243
X  0.8038 -0.4109  0.4302
Y  0.4194  0.9043  0.0801
Z -0.4219  0.1160  0.8992

PART 8
OFFSET  17.4054 -0.3970 -9.9992
X  0.8038 -0.4109  0.4302
Y  0.4194  0.9043  0.0801
Z -0.4219  0.1160  0.8992

PART 9
OFFSET  17.2613 -0.8882 -11.0826
X  0.8038 -0.4109  0.4302
Y  0.4194  0.9043  0.0801
Z -0.4219  0.1160  0.8992

PART 10
OFFSET  19.3592 -0.6023 -10.9285
X  0.6673 -0.3113  0.6766
Y -0.6849  0.1005  0.7217
Z -0.2927 -0.9450 -0.1462

PART 11
OFFSET  18.8783 -1.0334 -9.9877
X -0.2887 -0.7322  0.6168
Y -0.7647  0.5640  0.3117
Z -0.5761 -0.3817 -0.7228

PART 12
OFFSET  18.1469 -2.5785 -8.6657
X  0.6847 -0.7069  0.1777
Y -0.6249 -0.4438  0.6423
Z -0.3751 -0.5508 -0.7456

PART 13
OFFSET  19.2475 -3.7548 -8.5007
X  0.8420 -0.0724 -0.5346
Y  0.2053 -0.8734  0.4416
Z -0.4990 -0.4815 -0.7205

PART 14
OFFSET  20.1386 -3.8701 -9.1044
X  0.9843  0.0759  0.1592
Y -0.1686  0.6690  0.7239
Z -0.0516 -0.7394  0.6713

PART 15
OFFSET  20.5980 -1.1643 -11.1583
X  0.9255 -0.3532  0.1365
Y -0.3213 -0.9233 -0.2103
Z  0.2003  0.1508 -0.9681

PART 16
OFFSET  22.6090 -2.0931 -10.7365
X -0.4531 -0.8778  0.1558
Y -0.8640  0.3894 -0.3192
Z  0.2195 -0.2792 -0.9348

PART 17
OFFSET  21.9676 -3.3358 -10.5159
X -0.9775  0.1312 -0.1650
Y  0.1810  0.9238 -0.3375
Z  0.1082 -0.3598 -0.9268

PART 18
OFFSET  21.1009 -3.2194 -10.6623
X -0.9868  0.0554 -0.1519
Y  0.0978  0.9528 -0.2874
Z  0.1288 -0.2985 -0.9457

PART 19
OFFSET  20.1633 -3.1668 -10.8066
X  0.6748 -0.5973  0.4334
Y  0.7251  0.6459 -0.2388
Z -0.1373  0.4754  0.8690

PART 20
OFFSET  20.3305 -1.0341 -10.5094
X  0.8436 -0.3328  0.4213
Y -0.2759 -0.9419 -0.1915
Z  0.4606  0.0453 -0.8864

PART 21
OFFSET  22.5946 -1.8703 -9.5433
X -0.2911 -0.9567 -0.0001
Y -0.9077  0.2762 -0.3159
Z  0.3023 -0.0919 -0.9488

PART 22
OFFSET  22.0990 -3.4991 -9.5434
X -0.9484  0.0641 -0.3105
Y  0.0978  0.9907 -0.0942
Z  0.3016 -0.1197 -0.9459

PART 23
OFFSET  20.7846 -3.4103 -9.9738
X -0.9134  0.2408 -0.3283
Y  0.2668  0.9631 -0.0360
Z  0.3075 -0.1205 -0.9439

PART 24
OFFSET  19.7940 -3.1492 -10.3298
X  0.6111 -0.7533  0.2431
Y  0.7286  0.6553  0.1992
Z -0.3094  0.0554  0.9493

PART 25
OFFSET  20.1721 -1.9090 -7.7752
X  0.6790 -0.5751  0.4564
Y  0.4469  0.8169  0.3645
Z -0.5825 -0.0435  0.8117

PART 26
OFFSET  21.5517 -1.3884 -7.6935
X  0.0066 -0.9939 -0.1101
Y -0.9212  0.0368 -0.3873
Z  0.3890  0.1040 -0.9154

PART 27
OFFSET  21.5633 -3.1383 -7.8874
X -0.8725 -0.1421 -0.4675
Y -0.1583  0.9874 -0.0046
Z  0.4622  0.0699 -0.8840

PART 28
OFFSET  20.4745 -3.3152 -8.4020
X -0.9373  0.1332 -0.3219
Y  0.1232  0.9910  0.0514
Z  0.3259  0.0085 -0.9454

PART 29
OFFSET  19.4157 -3.1647 -8.7656
X  0.2855 -0.9356 -0.2075
Y  0.8789  0.1693  0.4459
Z -0.3821 -0.3097  0.8707

PART 30
OFFSET  22.1710 -1.6337 -8.5748
X -0.3184 -0.9377 -0.1394
Y -0.8633  0.3476 -0.3660
Z  0.3916  0.0038 -0.9201

PART 31
OFFSET  21.5490 -3.4654 -8.8472
X -0.9202  0.0283 -0.3903
Y  0.0077  0.9985  0.0544
Z  0.3913  0.0471 -0.9191

PART 32
OFFSET  20.2048 -3.4241 -9.4173
X -0.8498  0.3966 -0.3472
Y  0.3244  0.9127  0.2485
Z  0.4154  0.0985 -0.9043

PART 33
OFFSET  19.2451 -2.9748 -9.8171
X  0.4179 -0.8933  0.1653
Y  0.8240  0.4493  0.3451
Z -0.3826 -0.0080  0.9239

PART 34
OFFSET  21.0915 -2.9405 -9.7058
X  0.4033  0.0166 -0.9149
Y  0.2927  0.9450  0.1462
Z  0.8670 -0.3267  0.3762

PART 35
OFFSET  18.8535  0.7864 -12.5160
X  0.8038 -0.4109  0.4302
Y  0.4194  0.9043  0.0801
Z -0.4219  0.1160  0.8992

PART 36
OFFSET  17.9576 -0.5487 -13.0145
X  0.8038 -0.4109  0.4302
Y  0.4194  0.9043  0.0801
Z -0.4219  0.1160  0.8992

PART 37
OFFSET  18.1289  0.7377 -10.0243
X  0.8038 -0.4109  0.4302
Y  0.4194  0.9043  0.0801
Z -0.4219  0.1160  0.8992

PART 38
OFFSET  17.4054 -0.3970 -9.9992
X  0.8038 -0.4109  0.4302
Y  0.4194  0.9043  0.0801
Z -0.4219  0.1160  0.8992

PART 39
OFFSET  17.2613 -0.8882 -11.0826
X  0.8038 -0.4109  0.4302
Y  0.4194  0.9043  0.0801
Z -0.4219  0.1160  0.8992

PART 40
OFFSET  7.8079 -2.5964 -4.8747
X  0.9999  0.0119 -0.0105
Y -0.0121  0.9998 -0.0157
Z  0.0103  0.0158  0.9998

PART 41
OFFSET  7.8079 -2.5964 -4.8747
X  0.9999  0.0119 -0.0105
Y -0.0121  0.9998 -0.0157
Z  0.0103  0.0158  0.9998

PART 42
OFFSET  12.0218 -2.5269 -4.6400
X  0.9999  0.0119 -0.0105
Y -0.0121  0.9998 -0.0157
Z  0.0103  0.0158  0.9998

PART 43
OFFSET  14.4433 -3.3215 -2.8460
X  0.9999  0.0119 -0.0105
Y -0.0121  0.9998 -0.0157
Z  0.0103  0.0158  0.9998

PART 44
OFFSET -13.9227 -7.9373 -3.1869
X -0.6069  0.0171  0.7946
Y -0.1749 -0.9781 -0.1125
Z  0.7753 -0.2072  0.5966

PART 45
OFFSET -6.5832 -8.1445 -12.7969
X -0.8236 -0.3160 -0.4710
Y  0.5116 -0.0555 -0.8574
Z  0.2448 -0.9471  0.2074

PART 46
OFFSET  0.4220 -5.4571 -8.7910
X -0.8236 -0.3160 -0.4710
Y  0.5369 -0.1670 -0.8269
Z  0.1826 -0.9340  0.3072

PART 47
OFFSET  0.9479 -3.8775 -7.7169
X -0.8273 -0.3130 -0.4664
Y -0.2498  0.9487 -0.1937
Z  0.5031 -0.0437 -0.8631

PART 48
OFFSET  0.9218 -4.2773 -6.5876
X -0.8273 -0.3130 -0.4664
Y -0.2498  0.9487 -0.1937
Z  0.5031 -0.0437 -0.8631

PART 49
OFFSET  1.4384 -5.5124 -6.4510
X -0.8273 -0.3130 -0.4664
Y -0.2498  0.9487 -0.1937
Z  0.5031 -0.0437 -0.8631

PART 50
OFFSET  2.9469 -4.4885 -7.3471
X -0.9554 -0.1573 -0.2498
Y  0.2774 -0.1889 -0.9420
Z  0.1009 -0.9693  0.2241

PART 51
OFFSET  3.0676 -3.8374 -6.4177
X -0.4959 -0.6926 -0.5237
Y  0.5676  0.1979 -0.7992
Z  0.6572 -0.6936  0.2950

PART 52
OFFSET  4.0445 -2.3239 -5.2242
X -0.8959 -0.3550  0.2670
Y -0.0643 -0.4912 -0.8687
Z  0.4395 -0.7954  0.4173

PART 53
OFFSET  5.4378 -1.6910 -5.7538
X -0.5245 -0.0144  0.8513
Y -0.6526 -0.6354 -0.4128
Z  0.5468 -0.7720  0.3239

PART 54
OFFSET  5.9911 -1.6294 -6.6822
X -0.8729  0.3544  0.3352
Y  0.0828  0.7849 -0.6141
Z -0.4807 -0.5083 -0.7145

PART 55
OFFSET  4.0320 -4.3619 -8.1897
X -0.9280 -0.2790  0.2469
Y  0.3345 -0.9157  0.2227
Z  0.1640  0.2893  0.9431

PART 56
OFFSET  6.1000 -3.5806 -8.6344
X -0.0937 -0.9920  0.0847
Y  0.9453 -0.1154 -0.3052
Z  0.3125  0.0514  0.9485

PART 57
OFFSET  6.2327 -2.1762 -8.7543
X  0.7751 -0.5896 -0.2271
Y  0.5643  0.8077 -0.1708
Z  0.2842  0.0043  0.9588

PART 58
OFFSET  5.5454 -1.6535 -8.5529
X  0.8974  0.3057 -0.3181
Y -0.3097  0.9500  0.0391
Z  0.3142  0.0635  0.9472

PART 59
OFFSET  4.6928 -1.9439 -8.2507
X -0.5374 -0.8394  0.0818
Y -0.7716  0.5285  0.3539
Z -0.3403  0.1271 -0.9317

PART 60
OFFSET  4.0719 -4.3371 -7.4774
X -0.9656 -0.2548  0.0528
Y  0.2596 -0.9303  0.2590
Z -0.0169  0.2638  0.9644

PART 61
OFFSET  6.5861 -3.7355 -7.7520
X -0.1192 -0.9726  0.1995
Y  0.9396 -0.1754 -0.2939
Z  0.3209  0.1524  0.9348

PART 62
OFFSET  6.7890 -2.0796 -8.0915
X  0.8837 -0.4045 -0.2355
Y  0.3510  0.9055 -0.2384
Z  0.3097  0.1280  0.9422

PART 63
OFFSET  5.5643 -1.5190 -7.7652
X  0.8215  0.4658 -0.3289
Y -0.4824  0.8753  0.0347
Z  0.3040  0.1301  0.9437

PART 64
OFFSET  4.6733 -2.0241 -7.4085
X -0.3825 -0.8752  0.2960
Y -0.8787  0.4437  0.1764
Z -0.2857 -0.1927 -0.9388

PART 65
OFFSET -1.2100 -5.5028 -7.4700
X -0.9245 -0.3810  0.0095
Y -0.3633  0.8736 -0.3237
Z  0.1150 -0.3027 -0.9461

PART 66
OFFSET  6.4981 -4.0934 -5.5800
X -0.9783 -0.2054 -0.0273
Y  0.1999 -0.9703  0.1362
Z -0.0545  0.1278  0.9903

PART 67
OFFSET  8.2206 -3.7319 -5.5319
X -0.9716 -0.2359 -0.0167
Y  0.2285 -0.9548  0.1901
Z -0.0607  0.1809  0.9816

PART 68
OFFSET  9.3981 -3.4341 -5.4520
X -0.9639 -0.2527 -0.0842
Y  0.2359 -0.9567  0.1706
Z -0.1237  0.1446  0.9817

PART 69
OFFSET  10.4868 -3.1487 -5.3569
X  0.0661  0.9866  0.1495
Y  0.9978 -0.0667 -0.0007
Z  0.0093  0.1492 -0.9888

PART 70
OFFSET  6.6791 -4.1413 -6.6688
X -0.2491 -0.9402  0.2325
Y  0.9596 -0.2720 -0.0719
Z  0.1308  0.2052  0.9699

PART 71
OFFSET  7.1657 -2.3047 -7.1229
X  0.8354 -0.5496 -0.0008
Y  0.5267  0.8010 -0.2845
Z  0.1570  0.2373  0.9587

PART 72
OFFSET  5.9455 -1.5018 -7.1218
X  0.8777  0.3935 -0.2737
Y -0.4510  0.8712 -0.1938
Z  0.1622  0.2935  0.9421

PART 73
OFFSET  4.9500 -1.9490 -6.8185
X -0.3953 -0.8769  0.2734
Y -0.8955  0.4342  0.0981
Z -0.2047 -0.2061 -0.9569

PART 74
OFFSET  0.9479 -3.8774 -7.7169
X -0.8273 -0.3130 -0.4664
Y -0.2498  0.9487 -0.1937
Z  0.5031 -0.0437 -0.8631

PART 75
OFFSET  0.9217 -4.2771 -6.5876
X -0.8273 -0.3130 -0.4664
Y -0.2498  0.9487 -0.1937
Z  0.5031 -0.0437 -0.8631

PART 76
OFFSET  1.4384 -5.5124 -6.4511
X -0.8273 -0.3130 -0.4664
Y -0.2498  0.9487 -0.1937
Z  0.5031 -0.0437 -0.8631

PART 77
OFFSET  0.0000 -0.0000 -0.0000
X  1.0000 -0.0000  0.0000
Y  0.0000  1.0000  0.0000
Z  0.0000 -0.0000  1.0000

PART 78
OFFSET  0.0000 -0.0000 -0.0000
X  1.0000 -0.0000  0.0000
Y  0.0000  1.0000  0.0000
Z  0.0000 -0.0000  1.0000

PART 79
OFFSET  1.5404 -0.0000  4.1357
X  1.0000 -0.0000  0.0000
Y  0.0000  1.0000  0.0000
Z  0.0000 -0.0000  1.0000


FRAME 1952
PART 0
OFFSET  0.0000 -0.0000 -0.0000
X  1.0000 -0.0000  0.0000
Y  0.0000  1.0000  0.0000
Z  0.0000 -0.0000  1.0000

PART 1
OFFSET -4.6318 -0.0000 -1.3770
X  1.0000 -0.0000  0.0000
Y  0.0000  1.0000  0.0000
Z  0.0000 -0.0000  1.0000

PART 2
OFFSET  0.3425  8.0297 -9.9517
X  0.7887 -0.3034 -0.5347
Y -0.1203 -0.9291  0.3497
Z -0.6029 -0.2115 -0.7693

PART 3
OFFSET  9.8807  4.3604 -16.4186
X  0.8081 -0.4086  0.4242
Y -0.4221  0.1006  0.9009
Z -0.4108 -0.9071 -0.0912

PART 4
OFFSET  16.7541  0.8848 -12.8104
X  0.8081 -0.4086  0.4242
Y -0.4631  0.0043  0.8863
Z -0.3640 -0.9127 -0.1857

PART 5
OFFSET  18.9810  1.6439 -12.6108
X  0.8117 -0.4067  0.4191
Y  0.4145  0.9068  0.0771
Z -0.4114  0.1112  0.9047

PART 6
OFFSET  17.8036 -0.3183 -13.5780
X  0.8117 -0.4067  0.4191
Y  0.4145  0.9068  0.0771
Z -0.4114  0.1112  0.9047

PART 7
OFFSET  18.0041  0.9620 -10.5871
X  0.8117 -0.4067  0.4191
Y  0.4145  0.9068  0.0771
Z -0.4114  0.1112  0.9047

PART 8
OFFSET  17.2882 -0.1773 -10.5557
X  0.8117 -0.4067  0.4191
Y  0.4145  0.9068  0.0771
Z -0.4114  0.1112  0.9047

PART 9
OFFSET  17.1338 -0.6669 -11.6384
X  0.8117 -0.4067  0.4191
Y  0.4145  0.9068  0.0771
Z -0.4114  0.1112  0.9047

PART 10
OFFSET  19.2315 -0.3679 -11.5099
X  0.6955 -0.2585  0.6704
Y -0.6684  0.1094  0.7357
Z -0.2635 -0.9598 -0.0966

PART 11
OFFSET  18.7911 -0.7726 -10.5380
X -0.2466 -0.7134  0.6559
Y -0.7752  0.5514  0.3083
Z -0.5816 -0.4325 -0.6890

PART 12
OFFSET  18.1493 -2.2811 -9.1301
X  0.7133 -0.6750  0.1889
Y -0.5918 -0.4356  0.6783
Z -0.3756 -0.5956 -0.7101

PART 13
OFFSET  19.2940 -3.4115 -8.9452
X  0.8294 -0.0679 -0.5545
Y  0.2471 -0.8456  0.4731
Z -0.5010 -0.5295 -0.6846

PART 14
OFFSET  20.1722 -3.5235 -9.5681
X  0.9850  0.1157  0.1279
Y -0.1723  0.6944  0.6986
Z -0.0080 -0.7102  0.7040

PART 15
OFFSET  20.4826 -0.8977 -11.7498
X  0.9406 -0.3156  0.1256
Y -0.2946 -0.9420 -0.1608
Z  0.1690  0.1143 -0.9790

PART 16
OFFSET  22.5351 -1.7390 -11.3449
X -0.4181 -0.8847  0.2064
Y -0.8852  0.3457 -0.3113
Z  0.2041 -0.3129 -0.9276

PART 17
OFFSET  21.9432 -2.9915 -11.0526
X -0.9855  0.0910 -0.1430
Y  0.1398  0.9134 -0.3823
Z  0.0958 -0.3967 -0.9129

PART 18
OFFSET  21.0694 -2.9108 -11.1793
X -0.9919  0.0156 -0.1263
Y  0.0570  0.9418 -0.3312
Z  0.1138 -0.3357 -0.9351

PART 19
OFFSET  20.1271 -2.8960 -11.2993
X  0.7064 -0.5546  0.4397
Y  0.6957  0.6586 -0.2869
Z -0.1305  0.5086  0.8511

PART 20
OFFSET  20.2281 -0.7478 -11.1000
X  0.8656 -0.2853  0.4115
Y -0.2481 -0.9582 -0.1426
Z  0.4349  0.0213 -0.9002

PART 21
OFFSET  22.5447 -1.4641 -10.1626
X -0.2576 -0.9650  0.0497
Y -0.9248  0.2314 -0.3019
Z  0.2799 -0.1238 -0.9520

PART 22
OFFSET  22.1061 -3.1070 -10.0780
X -0.9580  0.0185 -0.2862
Y  0.0608  0.9883 -0.1398
Z  0.2802 -0.1514 -0.9479

PART 23
OFFSET  20.7784 -3.0814 -10.4746
X -0.9296  0.1952 -0.3126
Y  0.2322  0.9689 -0.0853
Z  0.2862 -0.1519 -0.9461

PART 24
OFFSET  19.7702 -2.8696 -10.8136
X  0.6431 -0.7209  0.2583
Y  0.7105  0.6875  0.1500
Z -0.2857  0.0871  0.9544

PART 25
OFFSET  20.1731 -1.5053 -8.3269
X  0.7104 -0.5312  0.4616
Y  0.4279  0.8468  0.3160
Z -0.5587 -0.0269  0.8289

PART 26
OFFSET  21.5355 -0.9357 -8.3068
X  0.0381 -0.9970 -0.0670
Y -0.9319 -0.0113 -0.3624
Z  0.3606  0.0762 -0.9296

PART 27
OFFSET  21.6026 -2.6911 -8.4248
X -0.8792 -0.1918 -0.4361
Y -0.1925  0.9804 -0.0431
Z  0.4358  0.0461 -0.8989

PART 28
OFFSET  20.5072 -2.9271 -8.9003
X -0.9497  0.0874 -0.3009
Y  0.0901  0.9959  0.0048
Z  0.3000 -0.0226 -0.9537

PART 29
OFFSET  19.4346 -2.8284 -9.2402
X  0.3122 -0.9338 -0.1746
Y  0.8841  0.2183  0.4132
Z -0.3478 -0.2834  0.8937

PART 30
OFFSET  22.1392 -1.1990 -9.1937
X -0.2893 -0.9530 -0.0895
Y -0.8843  0.3019 -0.3563
Z  0.3666 -0.0239 -0.9301

PART 31
OFFSET  21.5740 -3.0609 -9.3686
X -0.9308 -0.0199 -0.3651
Y -0.0255  0.9996  0.0107
Z  0.3647  0.0193 -0.9309

PART 32
OFFSET  20.2145 -3.0899 -9.9019
X -0.8720  0.3521 -0.3400
Y  0.2991  0.9332  0.1994
Z  0.3875  0.0722 -0.9190

PART 33
OFFSET  19.2294 -2.6912 -10.2936
X  0.4528 -0.8706  0.1921
Y  0.8169  0.4915  0.3019
Z -0.3573  0.0202  0.9338

PART 34
OFFSET  21.0759 -2.5902 -10.2360
X  0.3779 -0.0105 -0.9258
Y  0.2635  0.9598  0.0966
Z  0.8876 -0.2805  0.3655

PART 35
OFFSET  18.6971  1.0213 -13.0875
X  0.8117 -0.4067  0.4191
Y  0.4145  0.9068  0.0771
Z -0.4114  0.1112  0.9047

PART 36
OFFSET  17.8036 -0.3183 -13.5780
X  0.8117 -0.4067  0.4191
Y  0.4145  0.9068  0.0771
Z -0.4114  0.1112  0.9047

PART 37
OFFSET  18.0041  0.9620 -10.5871
X  0.8117 -0.4067  0.4191
Y  0.4145  0.9068  0.0771
Z -0.4114  0.1112  0.9047

PART 38
OFFSET  17.2882 -0.1773 -10.5557
X  0.8117 -0.4067  0.4191
Y  0.4145  0.9068  0.0771
Z -0.4114  0.1112  0.9047

PART 39
OFFSET  17.1338 -0.6669 -11.6384
X  0.8117 -0.4067  0.4191
Y  0.4145  0.9068  0.0771
Z -0.4114  0.1112  0.9047

PART 40
OFFSET  7.9219 -2.4768 -5.0521
X  0.9982  0.0449 -0.0392
Y -0.0471  0.9972 -0.0588
Z  0.0364  0.0605  0.9975

PART 41
OFFSET  7.9219 -2.4768 -5.0521
X  0.9982  0.0449 -0.0392
Y -0.0471  0.9972 -0.0588
Z  0.0364  0.0605  0.9975

PART 42
OFFSET  12.1357 -2.2559 -4.9395
X  0.9982  0.0449 -0.0392
Y -0.0471  0.9972 -0.0588
Z  0.0364  0.0605  0.9975

PART 43
OFFSET  14.6303 -2.8886 -3.1815
X  0.9982  0.0449 -0.0392
Y -0.0471  0.9972 -0.0588
Z  0.0364  0.0605  0.9975

PART 44
OFFSET -13.9227 -7.9373 -3.1869
X -0.6125  0.0194  0.7903
Y -0.1834 -0.9759 -0.1182
Z  0.7689 -0.2173  0.6013

PART 45
OFFSET -6.5155 -8.1716 -12.7441
X -0.8280 -0.3053 -0.4703
Y  0.5095 -0.0594 -0.8584
Z  0.2342 -0.9504  0.2048

PART 46
OFFSET  0.5269 -5.5745 -8.7439
X -0.8280 -0.3053 -0.4703
Y  0.5345 -0.1764 -0.8265
Z  0.1694 -0.9358  0.3093

PART 47
OFFSET  1.0728 -4.0035 -7.6671
X -0.8317 -0.3024 -0.4657
Y -0.2391  0.9520 -0.1911
Z  0.5012 -0.0476 -0.8640

PART 48
OFFSET  1.0440 -4.4056 -6.5387
X -0.8317 -0.3024 -0.4657
Y -0.2391  0.9520 -0.1911
Z  0.5012 -0.0476 -0.8640

PART 49
OFFSET  1.5465 -5.6469 -6.4057
X -0.8317 -0.3024 -0.4657
Y -0.2391  0.9520 -0.1911
Z  0.5012 -0.0476 -0.8640

PART 50
OFFSET  3.0653 -4.6384 -7.3020
X -0.9557 -0.2001 -0.2157
Y  0.2585 -0.2212 -0.9403
Z  0.1404 -0.9545  0.2631

PART 51
OFFSET  3.1880 -3.9430 -6.4056
X -0.4854 -0.7314 -0.4790
Y  0.5389  0.1811 -0.8227
Z  0.6885 -0.6574  0.3063

PART 52
OFFSET  4.1434 -2.3462 -5.3070
X -0.8756 -0.3726  0.3073
Y -0.0703 -0.5311 -0.8444
Z  0.4778 -0.7610  0.4389

PART 53
OFFSET  5.4993 -1.6912 -5.9026
X -0.5008  0.0059  0.8655
Y -0.6409 -0.6746 -0.3663
Z  0.5817 -0.7382  0.3416

PART 54
OFFSET  6.0252 -1.6523 -6.8480
X -0.8755  0.3395  0.3440
Y  0.0391  0.7592 -0.6497
Z -0.4817 -0.5553 -0.6779

PART 55
OFFSET  4.1225 -4.5130 -8.1796
X -0.9109 -0.2986  0.2849
Y  0.3719 -0.8932  0.2528
Z  0.1790  0.3362  0.9246

PART 56
OFFSET  6.1495 -3.6835 -8.7159
X -0.0570 -0.9898  0.1303
Y  0.9402 -0.0971 -0.3264
Z  0.3357  0.1039  0.9362

PART 57
OFFSET  6.2302 -2.2822 -8.9004
X  0.7888 -0.5728 -0.2230
Y  0.5312  0.8178 -0.2216
Z  0.3093  0.0563  0.9493

PART 58
OFFSET  5.5308 -1.7743 -8.7027
X  0.8775  0.3211 -0.3563
Y -0.3413  0.9399  0.0065
Z  0.3369  0.1159  0.9344

PART 59
OFFSET  4.6972 -2.0794 -8.3642
X -0.5056 -0.8524  0.1333
Y -0.7798  0.5176  0.3522
Z -0.3692  0.0741 -0.9264

PART 60
OFFSET  4.1805 -4.4553 -7.4704
X -0.9544 -0.2843  0.0910
Y  0.2986 -0.9087  0.2918
Z -0.0003  0.3056  0.9522

PART 61
OFFSET  6.6641 -3.7828 -7.8416
X -0.0800 -0.9663  0.2448
Y  0.9369 -0.1567 -0.3124
Z  0.3402  0.2044  0.9179

PART 62
OFFSET  6.8003 -2.1377 -8.2584
X  0.8906 -0.3848 -0.2425
Y  0.3129  0.9053 -0.2873
Z  0.3300  0.1800  0.9266

PART 63
OFFSET  5.5660 -1.6044 -7.9224
X  0.7958  0.4780 -0.3718
Y -0.5114  0.8593  0.0102
Z  0.3244  0.1820  0.9282

PART 64
OFFSET  4.7029 -2.1228 -7.5191
X -0.3439 -0.8735  0.3445
Y -0.8885  0.4214  0.1816
Z -0.3038 -0.2436 -0.9211

PART 65
OFFSET -1.0558 -5.7957 -7.2636
X -0.9102 -0.4109  0.0521
Y -0.4019  0.8458 -0.3510
Z  0.1002 -0.3404 -0.9349

PART 66
OFFSET  6.6465 -4.0466 -5.6545
X -0.9710 -0.2390  0.0092
Y  0.2370 -0.9561  0.1726
Z -0.0324  0.1698  0.9850

PART 67
OFFSET  8.3561 -3.6259 -5.6707
X -0.9630 -0.2688  0.0210
Y  0.2665 -0.9372  0.2249
Z -0.0408  0.2222  0.9742

PART 68
OFFSET  9.5243 -3.2856 -5.6371
X -0.9564 -0.2883 -0.0460
Y  0.2734 -0.9397  0.2053
Z -0.1024  0.1838  0.9776

PART 69
OFFSET  10.6046 -2.9600 -5.5851
X  0.0358  0.9939  0.1046
Y  0.9991 -0.0332 -0.0259
Z -0.0223  0.1054 -0.9942

PART 70
OFFSET  6.7999 -4.1367 -6.7448
X -0.2101 -0.9367  0.2800
Y  0.9662 -0.2427 -0.0870
Z  0.1495  0.2523  0.9560

PART 71
OFFSET  7.2103 -2.3068 -7.2919
X  0.8536 -0.5209 -0.0005
Y  0.4908  0.8048 -0.3338
Z  0.1742  0.2847  0.9426

PART 72
OFFSET  5.9634 -1.5460 -7.2913
X  0.8559  0.4101 -0.3152
Y -0.4860  0.8462 -0.2187
Z  0.1770  0.3403  0.9235

PART 73
OFFSET  4.9925 -2.0123 -6.9410
X -0.3572 -0.8767  0.3223
Y -0.9070  0.4079  0.1043
Z -0.2229 -0.2551 -0.9409

PART 74
OFFSET  1.0728 -4.0035 -7.6671
X -0.8317 -0.3024 -0.4657
Y -0.2391  0.9520 -0.1911
Z  0.5012 -0.0476 -0.8640

PART 75
OFFSET  1.0439 -4.4054 -6.5386
X -0.8317 -0.3024 -0.4657
Y -0.2391  0.9520 -0.1911
Z  0.5012 -0.0476 -0.8640

PART 76
OFFSET  1.5465 -5.6469 -6.4058
X -0.8317 -0.3024 -0.4657
Y -0.2391  0.9520 -0.1911
Z  0.5012 -0.0476 -0.8640

PART 77
OFFSET  0.0000 -0.0000 -0.0000
X  1.0000 -0.0000  0.0000
Y  0.0000  1.0000  0.0000
Z  0.0000 -0.0000  1.0000

PART 78
OFFSET  0.0000 -0.0000 -0.0000
X  1.0000 -0.0000  0.0000
Y  0.0000  1.0000  0.0000
Z  0.0000 -0.0000  1.0000

PART 79
OFFSET  1.5404 -0.0000  4.1357
X  1.0000 -0.0000  0.0000
Y  0.0000  1.0000  0.0000
Z  0.0000 -0.0000  1.0000


FRAME 1953
PART 0
OFFSET  0.0000 -0.0000 -0.0000
X  1.0000 -0.0000  0.0000
Y  0.0000  1.0000  0.0000
Z  0.0000 -0.0000  1.0000

PART 1
OFFSET -4.6318 -0.0000 -1.3770
X  1.0000 -0.0000  0.0000
Y  0.0000  1.0000  0.0000
Z  0.0000 -0.0000  1.0000

PART 2
OFFSET  0.3425  8.0297 -9.9517
X  0.7610 -0.2821 -0.5843
Y -0.0893 -0.9375  0.3363
Z -0.6426 -0.2037 -0.7386

PART 3
OFFSET  9.5455  4.6180 -17.0177
X  0.8211 -0.4034  0.4039
Y -0.4028  0.0918  0.9107
Z -0.4044 -0.9104 -0.0872

PART 4
OFFSET  16.5290  1.1868 -13.5826
X  0.8211 -0.4034  0.4039
Y -0.4273  0.0347  0.9034
Z -0.3785 -0.9144 -0.1439

PART 5
OFFSET  18.7528  1.9654 -13.4283
X  0.8246 -0.4014  0.3987
Y  0.4078  0.9101  0.0729
Z -0.3921  0.1025  0.9142

PART 6
OFFSET  17.5721 -0.0024 -14.3801
X  0.8246 -0.4014  0.3987
Y  0.4078  0.9101  0.0729
Z -0.3921  0.1025  0.9142

PART 7
OFFSET  17.8274  1.2635 -11.3872
X  0.8246 -0.4014  0.3987
Y  0.4078  0.9101  0.0729
Z -0.3921  0.1025  0.9142

PART 8
OFFSET  17.1229  0.1174 -11.3464
X  0.8246 -0.4014  0.3987
Y  0.4078  0.9101  0.0729
Z -0.3921  0.1025  0.9142

PART 9
OFFSET  16.9489 -0.3677 -12.4281
X  0.8246 -0.4014  0.3987
Y  0.4078  0.9101  0.0729
Z -0.3921  0.1025  0.9142

PART 10
OFFSET  19.0461 -0.0499 -12.3445
X  0.7325 -0.1750  0.6579
Y -0.6464  0.1241  0.7528
Z -0.2133 -0.9767 -0.0222

PART 11
OFFSET  18.6642 -0.4100 -11.3312
X -0.1829 -0.6789  0.7111
Y -0.7928  0.5295  0.3016
Z -0.5813 -0.5086 -0.6351

PART 12
OFFSET  18.1581 -1.8504 -9.8020
X  0.7559 -0.6219  0.2047
Y -0.5419 -0.4188  0.7287
Z -0.3675 -0.6617 -0.6536

PART 13
OFFSET  19.3695 -2.9035 -9.5882
X  0.8113 -0.0618 -0.5813
Y  0.3104 -0.7971  0.5180
Z -0.4954 -0.6007 -0.6275

PART 14
OFFSET  20.2294 -3.0114 -10.2368
X  0.9811  0.1760  0.0807
Y -0.1851  0.7305  0.6573
Z  0.0568 -0.6598  0.7493

PART 15
OFFSET  20.3151 -0.5282 -12.5984
X  0.9605 -0.2562  0.1087
Y -0.2477 -0.9650 -0.0862
Z  0.1270  0.0558 -0.9903

PART 16
OFFSET  22.4243 -1.2304 -12.2206
X -0.3608 -0.8893  0.2811
Y -0.9136  0.2764 -0.2981
Z  0.1874 -0.3644 -0.9122

PART 17
OFFSET  21.9135 -2.4895 -11.8225
X -0.9936  0.0289 -0.1094
Y  0.0752  0.8912 -0.4473
Z  0.0845 -0.4526 -0.8877

PART 18
OFFSET  21.0326 -2.4638 -11.9195
X -0.9951 -0.0454 -0.0875
Y -0.0072  0.9187 -0.3949
Z  0.0983 -0.3924 -0.9145

PART 19
OFFSET  20.0872 -2.5070 -12.0026
X  0.7514 -0.4852  0.4471
Y  0.6473  0.6732 -0.3574
Z -0.1276  0.5580  0.8200

PART 20
OFFSET  20.0764 -0.3479 -11.9503
X  0.8944 -0.2105  0.3947
Y -0.1997 -0.9774 -0.0687
Z  0.4003 -0.0174 -0.9162

PART 21
OFFSET  22.4614 -0.8752 -11.0604
X -0.2019 -0.9716  0.1238
Y -0.9465  0.1611 -0.2796
Z  0.2517 -0.1736 -0.9521

PART 22
OFFSET  22.1177 -2.5293 -10.8497
X -0.9673 -0.0517 -0.2484
Y  0.0010  0.9783 -0.2074
Z  0.2537 -0.2008 -0.9462

PART 23
OFFSET  20.7771 -2.6009 -11.1940
X -0.9497  0.1241 -0.2876
Y  0.1750  0.9717 -0.1586
Z  0.2598 -0.2009 -0.9445

PART 24
OFFSET  19.7472 -2.4663 -11.5059
X  0.6909 -0.6667  0.2797
Y  0.6763  0.7327  0.0757
Z -0.2554  0.1369  0.9571

PART 25
OFFSET  20.1636 -0.9159 -9.1331
X  0.7549 -0.4602  0.4672
Y  0.3916  0.8878  0.2418
Z -0.5261  0.0004  0.8504

PART 26
OFFSET  21.4922 -0.2752 -9.2051
X  0.0907 -0.9959 -0.0022
Y -0.9424 -0.0852 -0.3235
Z  0.3220  0.0314 -0.9462

PART 27
OFFSET  21.6520 -2.0286 -9.2090
X -0.8825 -0.2672 -0.3871
Y -0.2478  0.9636 -0.1003
Z  0.3998  0.0074 -0.9166

PART 28
OFFSET  20.5549 -2.3539 -9.6239
X -0.9633  0.0164 -0.2680
Y  0.0350  0.9973 -0.0649
Z  0.2662 -0.0719 -0.9612

PART 29
OFFSET  19.4668 -2.3354 -9.9266
X  0.3568 -0.9258 -0.1246
Y  0.8850  0.2923  0.3623
Z -0.2990 -0.2395  0.9237

PART 30
OFFSET  22.0771 -0.5663 -10.0959
X -0.2392 -0.9709 -0.0145
Y -0.9119  0.2298 -0.3400
Z  0.3335 -0.0681 -0.9403

PART 31
OFFSET  21.6098 -2.4630 -10.1243
X -0.9408 -0.0938 -0.3256
Y -0.0804  0.9953 -0.0546
Z  0.3292 -0.0252 -0.9439

PART 32
OFFSET  20.2356 -2.6000 -10.6000
X -0.9019  0.2816 -0.3276
Y  0.2540  0.9591  0.1250
Z  0.3494  0.0295 -0.9365

PART 33
OFFSET  19.2165 -2.2815 -10.9778
X  0.5069 -0.8304  0.2313
Y  0.7988  0.5534  0.2359
Z -0.3239  0.0651  0.9439

PART 34
OFFSET  21.0554 -2.0796 -11.0005
X  0.3442 -0.0538 -0.9374
Y  0.2133  0.9767  0.0222
Z  0.9143 -0.2076  0.3477

PART 35
OFFSET  18.4640  1.3428 -13.9021
X  0.8246 -0.4014  0.3987
Y  0.4078  0.9101  0.0729
Z -0.3921  0.1025  0.9142

PART 36
OFFSET  17.5721 -0.0024 -14.3801
X  0.8246 -0.4014  0.3987
Y  0.4078  0.9101  0.0729
Z -0.3921  0.1025  0.9142

PART 37
OFFSET  17.8274  1.2635 -11.3872
X  0.8246 -0.4014  0.3987
Y  0.4078  0.9101  0.0729
Z -0.3921  0.1025  0.9142

PART 38
OFFSET  17.1229  0.1174 -11.3464
X  0.8246 -0.4014  0.3987
Y  0.4078  0.9101  0.0729
Z -0.3921  0.1025  0.9142

PART 39
OFFSET  16.9489 -0.3677 -12.4281
X  0.8246 -0.4014  0.3987
Y  0.4078  0.9101  0.0729
Z -0.3921  0.1025  0.9142

PART 40
OFFSET  8.1113 -2.3059 -5.3163
X  0.9921  0.0947 -0.0817
Y -0.1043  0.9869 -0.1228
Z  0.0690  0.1304  0.9891

PART 41
OFFSET  8.1113 -2.3059 -5.3163
X  0.9921  0.0947 -0.0817
Y -0.1043  0.9869 -0.1228
Z  0.0690  0.1304  0.9891

PART 42
OFFSET  12.3077 -1.8560 -5.3863
X  0.9921  0.0947 -0.0817
Y -0.1043  0.9869 -0.1228
Z  0.0690  0.1304  0.9891

PART 43
OFFSET  14.8954 -2.2346 -3.6909
X  0.9921  0.0947 -0.0817
Y -0.1043  0.9869 -0.1228
Z  0.0690  0.1304  0.9891

PART 44
OFFSET -13.9227 -7.9373 -3.1869
X -0.6246  0.0220  0.7807
Y -0.1956 -0.9721 -0.1291
Z  0.7561 -0.2333  0.6115

PART 45
OFFSET -6.3693 -8.2029 -12.6282
X -0.8359 -0.2881 -0.4671
Y  0.5040 -0.0663 -0.8611
Z  0.2171 -0.9553  0.2006

PART 46
OFFSET  0.7407 -5.7526 -8.6550
X -0.8359 -0.2881 -0.4671
Y  0.5281 -0.1904 -0.8276
Z  0.1495 -0.9385  0.3113

PART 47
OFFSET  1.3216 -4.1957 -7.5760
X -0.8395 -0.2851 -0.4625
Y -0.2220  0.9570 -0.1869
Z  0.4959 -0.0542 -0.8667

PART 48
OFFSET  1.2907 -4.6008 -6.4487
X -0.8395 -0.2851 -0.4625
Y -0.2220  0.9570 -0.1869
Z  0.4959 -0.0542 -0.8667

PART 49
OFFSET  1.7703 -5.8518 -6.3222
X -0.8395 -0.2851 -0.4625
Y -0.2220  0.9570 -0.1869
Z  0.4959 -0.0542 -0.8667

PART 50
OFFSET  3.3034 -4.8693 -7.2229
X -0.9504 -0.2645 -0.1638
Y  0.2362 -0.2710 -0.9331
Z  0.2024 -0.9255  0.3200

PART 51
OFFSET  3.4199 -4.1088 -6.3801
X -0.4612 -0.7870 -0.4097
Y  0.4980  0.1526 -0.8537
Z  0.7344 -0.5978  0.3215

PART 52
OFFSET  4.3246 -2.3924 -5.4287
X -0.8420 -0.3964  0.3659
Y -0.0713 -0.5906 -0.8038
Z  0.5347 -0.7029  0.4690

PART 53
OFFSET  5.6197 -1.7091 -6.1199
X -0.4688  0.0386  0.8825
Y -0.6154 -0.7309 -0.2950
Z  0.6336 -0.6814  0.3664

PART 54
OFFSET  6.1082 -1.7073 -7.0860
X -0.8799  0.3156  0.3553
Y -0.0264  0.7140 -0.6996
Z -0.4745 -0.6250 -0.6199

PART 55
OFFSET  4.3197 -4.7487 -8.1482
X -0.8821 -0.3261  0.3400
Y  0.4296 -0.8530  0.2964
Z  0.1934  0.4076  0.8925

PART 56
OFFSET  6.2770 -3.8521 -8.8186
X  0.0026 -0.9802  0.1978
Y  0.9318 -0.0695 -0.3564
Z  0.3631  0.1852  0.9132

PART 57
OFFSET  6.2734 -2.4643 -9.0986
X  0.8107 -0.5443 -0.2158
Y  0.4768  0.8276 -0.2963
Z  0.3398  0.1373  0.9304

PART 58
OFFSET  5.5546 -1.9817 -8.9073
X  0.8449  0.3418 -0.4114
Y -0.3923  0.9188 -0.0423
Z  0.3636  0.1971  0.9105

PART 59
OFFSET  4.7519 -2.3064 -8.5165
X -0.4525 -0.8668  0.2096
Y -0.7940  0.4986  0.3479
Z -0.4060 -0.0090 -0.9138

PART 60
OFFSET  4.4000 -4.6396 -7.4473
X -0.9333 -0.3274  0.1476
Y  0.3587 -0.8696  0.3393
Z  0.0172  0.3696  0.9290

PART 61
OFFSET  6.8276 -3.8640 -7.9608
X -0.0175 -0.9501  0.3113
Y  0.9323 -0.1281 -0.3384
Z  0.3614  0.2843  0.8880

PART 62
OFFSET  6.8575 -2.2464 -8.4908
X  0.9012 -0.3530 -0.2517
Y  0.2518  0.8988 -0.3589
Z  0.3529  0.2601  0.8988

PART 63
OFFSET  5.6085 -1.7572 -8.1420
X  0.7542  0.4928 -0.4341
Y -0.5574  0.8298 -0.0264
Z  0.3472  0.2619  0.9005

PART 64
OFFSET  4.7906 -2.2916 -7.6712
X -0.2824 -0.8649  0.4150
Y -0.9033  0.3854  0.1885
Z -0.3230 -0.3217 -0.8901

PART 65
OFFSET -0.7433 -6.2370 -6.9439
X -0.8836 -0.4538  0.1154
Y -0.4605  0.7974 -0.3900
Z  0.0850 -0.3977 -0.9136

PART 66
OFFSET  6.9037 -3.9783 -5.7620
X -0.9553 -0.2887  0.0637
Y  0.2955 -0.9282  0.2260
Z -0.0062  0.2347  0.9720

PART 67
OFFSET  8.5857 -3.4701 -5.8741
X -0.9452 -0.3171  0.0771
Y  0.3259 -0.9043  0.2758
Z -0.0178  0.2858  0.9581

PART 68
OFFSET  9.7337 -3.0672 -5.9096
X -0.9401 -0.3408  0.0113
Y  0.3322 -0.9078  0.2562
Z -0.0770  0.2446  0.9666

PART 69
OFFSET  10.7955 -2.6823 -5.9224
X -0.0155  0.9992  0.0369
Y  0.9978  0.0178 -0.0634
Z -0.0640  0.0359 -0.9973

PART 70
OFFSET  7.0223 -4.1345 -6.8492
X -0.1477 -0.9252  0.3497
Y  0.9744 -0.1968 -0.1091
Z  0.1698  0.3246  0.9305

PART 71
OFFSET  7.3108 -2.3272 -7.5323
X  0.8806 -0.4739  0.0001
Y  0.4332  0.8048 -0.4057
Z  0.1922  0.3573  0.9140

PART 72
OFFSET  6.0247 -1.6349 -7.5325
X  0.8199  0.4321 -0.3755
Y -0.5396  0.8025 -0.2548
Z  0.1912  0.4115  0.8911

PART 73
OFFSET  5.0943 -2.1267 -7.1137
X -0.2963 -0.8702  0.3937
Y -0.9238  0.3657  0.1130
Z -0.2423 -0.3302 -0.9123

PART 74
OFFSET  1.3215 -4.1956 -7.5759
X -0.8395 -0.2851 -0.4625
Y -0.2220  0.9570 -0.1869
Z  0.4959 -0.0542 -0.8667

PART 75
OFFSET  1.2906 -4.6006 -6.4487
X -0.8395 -0.2851 -0.4625
Y -0.2220  0.9570 -0.1869
Z  0.4959 -0.0542 -0.8667

PART 76
OFFSET  1.7703 -5.8518 -6.3223
X -0.8395 -0.2851 -0.4625
Y -0.2220  0.9570 -0.1869
