// Export filename: `C:\projects\cod\t5\xanim_export\t5_viewmodels\ak74u\ak74u_extclip_grip_reload_empty.XANIM_EXPORT`
// Source filename: `D:\projects\devanim\t5\animation_assets\viewmodels\ak74u/t5_viewmodel_ak74u_animated.fbx`
// Export time: Sat Aug 28 19:19:37 2010

ANIMATION
VERSION 3

NUMPARTS 80
PART 0 "tag_ads"
PART 1 "tag_torso"
PART 2 "J_Shoulder_LE"
PART 3 "J_Elbow_LE"
PART 4 "J_WristTwist_LE"
PART 5 "J_Sleave_Reshape_Bottom_LE_1"
PART 6 "J_Sleave_Reshape_Bottom_LE_2"
PART 7 "J_Sleave_Reshape_Top_LE_1"
PART 8 "J_Sleave_Reshape_Top_LE_2"
PART 9 "J_Sleave_Reshape_Top_LE_3"
PART 10 "J_Wrist_LE"
PART 11 "J_Thumb_LE_0"
PART 12 "J_Thumb_LE_1"
PART 13 "J_Thumb_LE_2"
PART 14 "J_Thumb_LE_3"
PART 15 "J_PinkyPalm_LE"
PART 16 "J_Pinky_LE_0"
PART 17 "J_Pinky_LE_1"
PART 18 "J_Pinky_LE_2"
PART 19 "J_Pinky_LE_3"
PART 20 "J_RingPalm_LE"
PART 21 "J_Ring_LE_0"
PART 22 "J_Ring_LE_1"
PART 23 "J_Ring_LE_2"
PART 24 "J_Ring_LE_3"
PART 25 "J_Webbing_LE"
PART 26 "J_Index_LE_0"
PART 27 "J_Index_LE_1"
PART 28 "J_Index_LE_2"
PART 29 "J_Index_LE_3"
PART 30 "J_Mid_LE_0"
PART 31 "J_Mid_LE_1"
PART 32 "J_Mid_LE_2"
PART 33 "J_Mid_LE_3"
PART 34 "tag_knife_attach"
PART 35 "D_Sleave_Reshape_Bottom_LE_1"
PART 36 "D_Sleave_Reshape_Bottom_LE_2"
PART 37 "D_Sleave_Reshape_Top_LE_1"
PART 38 "D_Sleave_Reshape_Top_LE_2"
PART 39 "D_Sleave_Reshape_Top_LE_3"
PART 40 "tag_weapon"
PART 41 "J_Gun"
PART 42 "J_Bolt"
PART 43 "TAG_EXTENDED_CLIP"
PART 44 "J_Shoulder_RI"
PART 45 "J_Elbow_RI"
PART 46 "J_WristTwist_RI"
PART 47 "J_Sleave_Reshape_Top_RI_3"
PART 48 "J_Sleave_Reshape_Top_RI_2"
PART 49 "J_Sleave_Reshape_Top_RI_1"
PART 50 "J_Wrist_RI"
PART 51 "J_Thumb_RI_0"
PART 52 "J_Thumb_RI_1"
PART 53 "J_Thumb_RI_2"
PART 54 "J_Thumb_RI_3"
PART 55 "J_PinkyPalm_RI"
PART 56 "J_Pinky_RI_0"
PART 57 "J_Pinky_RI_1"
PART 58 "J_Pinky_RI_2"
PART 59 "J_Pinky_RI_3"
PART 60 "J_RingPalm_RI"
PART 61 "J_Ring_RI_0"
PART 62 "J_Ring_RI_1"
PART 63 "J_Ring_RI_2"
PART 64 "J_Ring_RI_3"
PART 65 "J_Webbing_RI"
PART 66 "J_Index_RI_0"
PART 67 "J_Index_RI_1"
PART 68 "J_Index_RI_2"
PART 69 "J_Index_RI_3"
PART 70 "J_Mid_RI_0"
PART 71 "J_Mid_RI_1"
PART 72 "J_Mid_RI_2"
PART 73 "J_Mid_RI_3"
PART 74 "D_Sleave_Reshape_Top_RI_3"
PART 75 "D_Sleave_Reshape_Top_RI_2"
PART 76 "D_Sleave_Reshape_Top_RI_1"
PART 77 "tag_cambone"
PART 78 "tag_camera"
PART 79 "tag_gasmask"

FRAMERATE 30
NUMFRAMES 121

FRAME 5300
PART 0
OFFSET  0.0000 -0.0000 -0.0000
X  1.0000 -0.0000  0.0000
Y  0.0000  1.0000  0.0000
Z  0.0000 -0.0000  1.0000

PART 1
OFFSET -4.6318 -0.0000 -1.3770
X  1.0000 -0.0000  0.0000
Y  0.0000  1.0000  0.0000
Z  0.0000 -0.0000  1.0000

PART 2
OFFSET -1.6642  7.9373 -3.1869
X  0.7233 -0.2668 -0.6370
Y -0.1082 -0.9548  0.2770
Z -0.6820 -0.1315 -0.7194

PART 3
OFFSET  7.0828  4.7109 -10.8903
X  0.8419 -0.4587  0.2842
Y -0.3114  0.0172  0.9501
Z -0.4407 -0.8884 -0.1284

PART 4
OFFSET  14.2434  0.8091 -8.4727
X  0.8419 -0.4587  0.2842
Y -0.3424 -0.0470  0.9384
Z -0.4171 -0.8873 -0.1966

PART 5
OFFSET  16.4963  1.5160 -8.4668
X  0.8449 -0.4564  0.2789
Y  0.4428  0.8894  0.1139
Z -0.3000  0.0273  0.9535

PART 6
OFFSET  15.1663 -0.3265 -9.4711
X  0.8449 -0.4564  0.2789
Y  0.4428  0.8894  0.1139
Z -0.3000  0.0273  0.9535

PART 7
OFFSET  15.7460  0.6517 -6.4162
X  0.8449 -0.4564  0.2789
Y  0.4428  0.8894  0.1139
Z -0.3000  0.0273  0.9535

PART 8
OFFSET  15.0110 -0.4759 -6.4095
X  0.8449 -0.4564  0.2789
Y  0.4428  0.8894  0.1139
Z -0.3000  0.0273  0.9535

PART 9
OFFSET  14.7192 -0.8548 -7.5081
X  0.8449 -0.4564  0.2789
Y  0.4428  0.8894  0.1139
Z -0.3000  0.0273  0.9535

PART 10
OFFSET  16.8243 -0.5972 -7.6013
X  0.8454 -0.3940  0.3606
Y -0.3904  0.0049  0.9206
Z -0.3645 -0.9191 -0.1497

PART 11
OFFSET  16.6782 -1.1471 -6.6121
X  0.1769 -0.8655  0.4686
Y -0.5291  0.3178  0.7868
Z -0.8299 -0.3871 -0.4017

PART 12
OFFSET  16.9610 -3.0046 -5.5447
X  0.7292 -0.6256 -0.2774
Y -0.2044 -0.5859  0.7842
Z -0.6531 -0.5151 -0.5551

PART 13
OFFSET  18.0771 -4.0373 -6.1014
X  0.5254 -0.0018 -0.8509
Y  0.3954 -0.8850  0.2460
Z -0.7534 -0.4657 -0.4642

PART 14
OFFSET  18.6175 -4.0756 -7.0386
X  0.9533  0.1154 -0.2792
Y  0.1506  0.6196  0.7703
Z  0.2619 -0.7764  0.5733

PART 15
OFFSET  17.8841 -1.1216 -8.3121
X  0.9004 -0.3653 -0.2363
Y -0.4126 -0.8894 -0.1968
Z -0.1383  0.2747 -0.9515

PART 16
OFFSET  19.8766 -2.0916 -8.7286
X  0.1824 -0.9765  0.1148
Y -0.9743 -0.1638  0.1548
Z -0.1324 -0.1401 -0.9812

PART 17
OFFSET  20.1349 -3.4741 -8.5661
X -0.9452 -0.2896  0.1507
Y -0.3110  0.9391 -0.1462
Z -0.0992 -0.1851 -0.9777

PART 18
OFFSET  19.2968 -3.7309 -8.4325
X -0.8935  0.4466  0.0466
Y  0.4351  0.8867 -0.1563
Z -0.1112 -0.1194 -0.9866

PART 19
OFFSET  18.4479 -3.3065 -8.3881
X  0.4263 -0.8810  0.2051
Y  0.8894  0.3669 -0.2727
Z  0.1650  0.2987  0.9400

PART 20
OFFSET  17.8614 -1.0767 -7.6001
X  0.9222 -0.3820  0.0595
Y -0.3643 -0.9101 -0.1973
Z  0.1296  0.1603 -0.9785

PART 21
OFFSET  20.2822 -2.0243 -7.5866
X  0.0244 -0.9967 -0.0768
Y -0.9973 -0.0296  0.0672
Z -0.0693  0.0750 -0.9948

PART 22
OFFSET  20.3237 -3.7213 -7.7173
X -0.9898 -0.1318  0.0540
Y -0.1287  0.9901  0.0560
Z -0.0608  0.0485 -0.9970

PART 23
OFFSET  18.9519 -3.9039 -7.6425
X -0.6186  0.7824  0.0722
Y  0.7838  0.6208 -0.0125
Z -0.0546  0.0489 -0.9973

PART 24
OFFSET  18.2811 -3.0553 -7.5642
X  0.0563 -0.9933 -0.1011
Y  0.9983  0.0575 -0.0087
Z  0.0145 -0.1004  0.9948

PART 25
OFFSET  18.6152 -2.2967 -5.1081
X  0.7696 -0.6273  0.1196
Y  0.5789  0.7644  0.2839
Z -0.2695 -0.1492  0.9514

PART 26
OFFSET  19.9595 -1.7873 -5.4461
X  0.3284 -0.9432 -0.0502
Y -0.9288 -0.3127 -0.1990
Z  0.1720  0.1120 -0.9787

PART 27
OFFSET  20.5376 -3.4479 -5.5346
X -0.9210 -0.2730 -0.2780
Y -0.2894  0.9570  0.0187
Z  0.2609  0.0977 -0.9604

PART 28
OFFSET  19.4021 -3.7858 -5.8141
X -0.7592  0.6453 -0.0846
Y  0.6388  0.7637  0.0930
Z  0.1247  0.0165 -0.9921

PART 29
OFFSET  18.5446 -3.0568 -5.9098
X -0.2945 -0.8949 -0.3354
Y  0.8917 -0.3835  0.2405
Z -0.3438 -0.2283  0.9109

PART 30
OFFSET  20.2275 -1.9154 -6.5102
X  0.1439 -0.9895 -0.0094
Y -0.9835 -0.1420 -0.1117
Z  0.1092  0.0253 -0.9937

PART 31
OFFSET  20.5086 -3.8486 -6.5286
X -0.9930 -0.0691 -0.0957
Y -0.0748  0.9955  0.0573
Z  0.0913  0.0641 -0.9938

PART 32
OFFSET  19.0582 -3.9495 -6.6683
X -0.6009  0.7989  0.0264
Y  0.7912  0.5898  0.1616
Z  0.1136  0.1180 -0.9865

PART 33
OFFSET  18.3779 -3.0443 -6.6455
X -0.0519 -0.9968 -0.0604
Y  0.9980 -0.0539  0.0329
Z -0.0360 -0.0586  0.9976

PART 34
OFFSET  18.7712 -3.0687 -7.3478
X  0.0648  0.1353 -0.9887
Y  0.3645  0.9191  0.1497
Z  0.9289 -0.3701  0.0102

PART 35
OFFSET  16.1435  0.9469 -8.9640
X  0.8449 -0.4564  0.2789
Y  0.4428  0.8894  0.1139
Z -0.3000  0.0273  0.9535

PART 36
OFFSET  15.1663 -0.3265 -9.4711
X  0.8449 -0.4564  0.2789
Y  0.4428  0.8894  0.1139
Z -0.3000  0.0273  0.9535

PART 37
OFFSET  15.7460  0.6517 -6.4162
X  0.8449 -0.4564  0.2789
Y  0.4428  0.8894  0.1139
Z -0.3000  0.0273  0.9535

PART 38
OFFSET  15.0110 -0.4759 -6.4095
X  0.8449 -0.4564  0.2789
Y  0.4428  0.8894  0.1139
Z -0.3000  0.0273  0.9535

PART 39
OFFSET  14.7192 -0.8548 -7.5081
X  0.8449 -0.4564  0.2789
Y  0.4428  0.8894  0.1139
Z -0.3000  0.0273  0.9535

PART 40
OFFSET  7.7688 -2.6416 -4.8099
X  1.0000 -0.0000  0.0000
Y  0.0000  1.0000  0.0000
Z  0.0000 -0.0000  1.0000

PART 41
OFFSET  7.7688 -2.6416 -4.8099
X  1.0000 -0.0000  0.0000
Y  0.0000  1.0000  0.0000
Z  0.0000 -0.0000  1.0000

PART 42
OFFSET  14.3735 -3.4784 -2.7246
X  1.0000 -0.0000  0.0000
Y  0.0000  1.0000  0.0000
Z  0.0000 -0.0000  1.0000

PART 43
OFFSET  11.9805 -2.6266 -4.5307
X  1.0000 -0.0000  0.0000
Y  0.0000  1.0000  0.0000
Z  0.0000 -0.0000  1.0000

PART 44
OFFSET -13.9227 -7.9373 -3.1869
X -0.6053  0.0162  0.7958
Y -0.1718 -0.9789 -0.1107
Z  0.7772 -0.2037  0.5953

PART 45
OFFSET -6.6022 -8.1338 -12.8116
X -0.8222 -0.3196 -0.4710
Y  0.5121 -0.0542 -0.8572
Z  0.2484 -0.9460  0.2082

PART 46
OFFSET  0.3912 -5.4156 -8.8058
X -0.8222 -0.3196 -0.4710
Y  0.5374 -0.1634 -0.8273
Z  0.1874 -0.9334  0.3061

PART 47
OFFSET  0.9106 -3.8330 -7.7329
X -0.8259 -0.3166 -0.4664
Y -0.2534  0.9476 -0.1946
Z  0.5036 -0.0425 -0.8629

PART 48
OFFSET  0.8857 -4.2320 -6.6033
X -0.8259 -0.3166 -0.4664
Y -0.2534  0.9476 -0.1946
Z  0.5036 -0.0425 -0.8629

PART 49
OFFSET  1.4070 -5.4649 -6.4654
X -0.8259 -0.3166 -0.4664
Y -0.2534  0.9476 -0.1946
Z  0.5036 -0.0425 -0.8629

PART 50
OFFSET  2.9119 -4.4359 -7.3619
X -0.9546 -0.1418 -0.2621
Y  0.2850 -0.1775 -0.9420
Z  0.0871 -0.9739  0.2098

PART 51
OFFSET  3.0305 -3.8010 -6.4212
X -0.4986 -0.6783 -0.5397
Y  0.5783  0.2035 -0.7900
Z  0.6457 -0.7060  0.2908

PART 52
OFFSET  4.0128 -2.3183 -5.1938
X -0.9028 -0.3483  0.2521
Y -0.0610 -0.4767 -0.8770
Z  0.4256 -0.8071  0.4091

PART 53
OFFSET  5.4190 -1.6940 -5.6990
X -0.5336 -0.0214  0.8455
Y -0.6557 -0.6209 -0.4295
Z  0.5342 -0.7836  0.3173

PART 54
OFFSET  5.9827 -1.6245 -6.6205
X -0.8721  0.3596  0.3318
Y  0.0986  0.7934 -0.6007
Z -0.4792 -0.4912 -0.7274

PART 55
OFFSET  4.0072 -4.3092 -8.1912
X -0.9338 -0.2716  0.2329
Y  0.3213 -0.9230  0.2116
Z  0.1575  0.2724  0.9492

PART 56
OFFSET  6.0889 -3.5460 -8.6022
X -0.1064 -0.9920  0.0680
Y  0.9470 -0.1219 -0.2972
Z  0.3031  0.0328  0.9524

PART 57
OFFSET  6.2395 -2.1416 -8.6984
X  0.7704 -0.5952 -0.2284
Y  0.5756  0.8034 -0.1522
Z  0.2741 -0.0142  0.9616

PART 58
OFFSET  5.5564 -1.6139 -8.4959
X  0.9043  0.2998 -0.3040
Y -0.2988  0.9530  0.0509
Z  0.3049  0.0448  0.9513

PART 59
OFFSET  4.6973 -1.8987 -8.2071
X -0.5482 -0.8340  0.0630
Y -0.7690  0.5322  0.3543
Z -0.3290  0.1458 -0.9330

PART 60
OFFSET  4.0399 -4.2960 -7.4782
X -0.9690 -0.2439  0.0388
Y  0.2458 -0.9373  0.2469
Z -0.0239  0.2488  0.9683

PART 61
OFFSET  6.5638 -3.7206 -7.7173
X -0.1328 -0.9741  0.1828
Y  0.9405 -0.1821 -0.2870
Z  0.3128  0.1338  0.9403

PART 62
OFFSET  6.7899 -2.0621 -8.0285
X  0.8812 -0.4114 -0.2327
Y  0.3642  0.9048 -0.2204
Z  0.3012  0.1095  0.9472

PART 63
OFFSET  5.5686 -1.4920 -7.7060
X  0.8304  0.4610 -0.3130
Y -0.4723  0.8804  0.0436
Z  0.2956  0.1116  0.9488

PART 64
OFFSET  4.6680 -1.9919 -7.3665
X -0.3960 -0.8751  0.2782
Y -0.8751  0.4514  0.1743
Z -0.2781 -0.1744 -0.9446

PART 65
OFFSET -1.2553 -5.3980 -7.5437
X -0.9291 -0.3699 -0.0061
Y -0.3495  0.8829 -0.3136
Z  0.1213 -0.2892 -0.9496

PART 66
OFFSET  6.4488 -4.1115 -5.5522
X -0.9803 -0.1931 -0.0406
Y  0.1869 -0.9747  0.1229
Z -0.0633  0.1129  0.9916

PART 67
OFFSET  8.1748 -3.7715 -5.4807
X -0.9741 -0.2239 -0.0304
Y  0.2152 -0.9603  0.1773
Z -0.0689  0.1662  0.9837

PART 68
OFFSET  9.3549 -3.4893 -5.3840
X -0.9659 -0.2397 -0.0981
Y  0.2227 -0.9620  0.1579
Z -0.1323  0.1307  0.9826

PART 69
OFFSET  10.4459 -3.2185 -5.2731
X  0.0762  0.9832  0.1658
Y  0.9969 -0.0787  0.0085
Z  0.0214  0.1646 -0.9861

PART 70
OFFSET  6.6406 -4.1444 -6.6397
X -0.2627 -0.9406  0.2150
Y  0.9570 -0.2824 -0.0663
Z  0.1231  0.1883  0.9744

PART 71
OFFSET  7.1538 -2.3069 -7.0597
X  0.8288 -0.5596 -0.0009
Y  0.5392  0.7990 -0.2664
Z  0.1498  0.2203  0.9639

PART 72
OFFSET  5.9432 -1.4895 -7.0585
X  0.8851  0.3871 -0.2584
Y -0.4386  0.8795 -0.1846
Z  0.1558  0.2767  0.9482

PART 73
OFFSET  4.9394 -1.9293 -6.7726
X -0.4085 -0.8763  0.2554
Y -0.8912  0.4434  0.0957
Z -0.1971 -0.1885 -0.9621

PART 74
OFFSET  0.9106 -3.8330 -7.7328
X -0.8259 -0.3166 -0.4664
Y -0.2534  0.9476 -0.1946
Z  0.5036 -0.0425 -0.8629

PART 75
OFFSET  0.8856 -4.2318 -6.6032
X -0.8259 -0.3166 -0.4664
Y -0.2534  0.9476 -0.1946
Z  0.5036 -0.0425 -0.8629

PART 76
OFFSET  1.4071 -5.4649 -6.4655
X -0.8259 -0.3166 -0.4664
Y -0.2534  0.9476 -0.1946
Z  0.5036 -0.0425 -0.8629

PART 77
OFFSET  0.0000 -0.0000 -0.0000
X  1.0000 -0.0000  0.0000
Y  0.0000  1.0000  0.0000
Z  0.0000 -0.0000  1.0000

PART 78
OFFSET  0.0000 -0.0000 -0.0000
X  1.0000 -0.0000  0.0000
Y  0.0000  1.0000  0.0000
Z  0.0000 -0.0000  1.0000

PART 79
OFFSET  1.5404 -0.0000  4.1357
X  1.0000 -0.0000  0.0000
Y  0.0000  1.0000  0.0000
Z  0.0000 -0.0000  1.0000


FRAME 5301
PART 0
OFFSET  0.0000 -0.0000 -0.0000
X  1.0000 -0.0000  0.0000
Y  0.0000  1.0000  0.0000
Z  0.0000 -0.0000  1.0000

PART 1
OFFSET -4.6318 -0.0000 -1.3770
X  1.0000 -0.0000  0.0000
Y  0.0000  1.0000  0.0000
Z  0.0000 -0.0000  1.0000

PART 2
OFFSET -1.7969  7.7779 -3.1869
X  0.7219 -0.2328 -0.6516
Y -0.0999 -0.9669  0.2348
Z -0.6847 -0.1044 -0.7213

PART 3
OFFSET  6.9340  4.9620 -11.0675
X  0.8331 -0.4654  0.2988
Y -0.3416 -0.0080  0.9398
Z -0.4350 -0.8851 -0.1656

PART 4
OFFSET  14.0203  1.0037 -8.5259
X  0.8331 -0.4654  0.2988
Y -0.3678 -0.0627  0.9278
Z -0.4130 -0.8829 -0.2235

PART 5
OFFSET  16.2707  1.7120 -8.4295
X  0.8364 -0.4629  0.2937
Y  0.4375  0.8864  0.1513
Z -0.3303  0.0019  0.9439

PART 6
OFFSET  14.9764 -0.1045 -9.5238
X  0.8364 -0.4629  0.2937
Y  0.4375  0.8864  0.1513
Z -0.3303  0.0019  0.9439

PART 7
OFFSET  15.4568  0.7935 -6.4273
X  0.8364 -0.4629  0.2937
Y  0.4375  0.8864  0.1513
Z -0.3303  0.0019  0.9439

PART 8
OFFSET  14.7239 -0.3345 -6.4737
X  0.8364 -0.4629  0.2937
Y  0.4375  0.8864  0.1513
Z -0.3303  0.0019  0.9439

PART 9
OFFSET  14.4679 -0.6846 -7.5906
X  0.8364 -0.4629  0.2937
Y  0.4375  0.8864  0.1513
Z -0.3303  0.0019  0.9439

PART 10
OFFSET  16.5744 -0.4229 -7.6097
X  0.8480 -0.3939  0.3546
Y -0.3938 -0.0204  0.9190
Z -0.3547 -0.9189 -0.1724

PART 11
OFFSET  16.4302 -0.9972 -6.6342
X  0.1266 -0.8101  0.5725
Y -0.5591  0.4185  0.7158
Z -0.8194 -0.4107 -0.3999

PART 12
OFFSET  16.6019 -2.7263 -5.3496
X  0.7084 -0.7016 -0.0770
Y -0.3204 -0.4169  0.8506
Z -0.6289 -0.5780 -0.5201

PART 13
OFFSET  17.6943 -3.8988 -5.5829
X  0.6404 -0.3021 -0.7061
Y  0.2319 -0.8004  0.5528
Z -0.7322 -0.5178 -0.4425

PART 14
OFFSET  18.3573 -4.2627 -6.3574
X  0.9909 -0.0553 -0.1231
Y  0.1169  0.8073  0.5785
Z  0.0673 -0.5876  0.8064

PART 15
OFFSET  17.6420 -0.9201 -8.3285
X  0.9004 -0.3582 -0.2469
Y -0.4121 -0.8843 -0.2197
Z -0.1396  0.2995 -0.9438

PART 16
OFFSET  19.6348 -1.8771 -8.7726
X  0.3154 -0.9480  0.0427
Y -0.9287 -0.2992  0.2191
Z -0.1950 -0.1088 -0.9748

PART 17
OFFSET  20.0814 -3.2192 -8.7121
X -0.7380 -0.6343  0.2300
Y -0.6545  0.7559 -0.0156
Z -0.1639 -0.1621 -0.9731

PART 18
OFFSET  19.4271 -3.7817 -8.5082
X -0.9463 -0.2364  0.2205
Y -0.2535  0.9659 -0.0525
Z -0.2006 -0.1056 -0.9740

PART 19
OFFSET  18.5281 -4.0062 -8.2987
X  0.9119 -0.4103  0.0051
Y  0.3922  0.8680 -0.3046
Z  0.1205  0.2798  0.9525

PART 20
OFFSET  17.6163 -0.8920 -7.6157
X  0.9258 -0.3741  0.0542
Y -0.3544 -0.9089 -0.2198
Z  0.1315  0.1843 -0.9740

PART 21
OFFSET  20.0398 -1.8328 -7.6075
X  0.2103 -0.9715 -0.1090
Y -0.9716 -0.2200  0.0867
Z -0.1082  0.0877 -0.9903

PART 22
OFFSET  20.3978 -3.4869 -7.7931
X -0.8363 -0.5465  0.0446
Y -0.5401  0.8351  0.1046
Z -0.0945  0.0634 -0.9935

PART 23
OFFSET  19.2388 -4.2443 -7.7313
X -0.9851  0.1416  0.0978
Y  0.1473  0.9877  0.0530
Z -0.0891  0.0666 -0.9938

PART 24
OFFSET  18.1704 -4.0906 -7.6252
X  0.7186 -0.6770 -0.1593
Y  0.6889  0.7242  0.0300
Z  0.0950 -0.1313  0.9868

PART 25
OFFSET  18.3731 -2.1621 -5.1498
X  0.7754 -0.6222  0.1080
Y  0.5701  0.7633  0.3038
Z -0.2715 -0.1740  0.9466

PART 26
OFFSET  19.7135 -1.6316 -5.4707
X  0.4669 -0.8822 -0.0612
Y -0.8743 -0.4501 -0.1817
Z  0.1328  0.1383 -0.9814

PART 27
OFFSET  20.5355 -3.1849 -5.5784
X -0.6953 -0.6688 -0.2631
Y -0.6861  0.7267 -0.0343
Z  0.2141  0.1567 -0.9642

PART 28
OFFSET  19.6771 -4.0075 -5.8396
X -0.9893 -0.0670 -0.1293
Y -0.0703  0.9973  0.0212
Z  0.1276  0.0301 -0.9914

PART 29
OFFSET  18.5597 -4.0832 -5.9857
X  0.4214 -0.8700 -0.2559
Y  0.8967  0.3575  0.2611
Z -0.1357 -0.3395  0.9308

PART 30
OFFSET  19.9866 -1.7323 -6.5364
X  0.2762 -0.9601 -0.0443
Y -0.9586 -0.2719 -0.0846
Z  0.0692  0.0659 -0.9954

PART 31
OFFSET  20.5263 -3.6078 -6.6230
X -0.8488 -0.5210 -0.0901
Y -0.5270  0.8475  0.0635
Z  0.0432  0.1014 -0.9939

PART 32
OFFSET  19.2866 -4.3689 -6.7545
X -0.9895  0.1435 -0.0155
Y  0.1391  0.9768  0.1626
Z  0.0385  0.1587 -0.9866

PART 33
OFFSET  18.1660 -4.2059 -6.7792
X  0.6674 -0.7441 -0.0289
Y  0.7442  0.6652  0.0605
Z -0.0258 -0.0619  0.9977

PART 34
OFFSET  18.5452 -2.8802 -7.4063
X  0.0670  0.1590 -0.9850
Y  0.3547  0.9189  0.1724
Z  0.9326 -0.3610  0.0052

PART 35
OFFSET  15.9349  1.1559 -8.9525
X  0.8364 -0.4629  0.2937
Y  0.4375  0.8864  0.1513
Z -0.3303  0.0019  0.9439

PART 36
OFFSET  14.9764 -0.1045 -9.5238
X  0.8364 -0.4629  0.2937
Y  0.4375  0.8864  0.1513
Z -0.3303  0.0019  0.9439

PART 37
OFFSET  15.4568  0.7935 -6.4273
X  0.8364 -0.4629  0.2937
Y  0.4375  0.8864  0.1513
Z -0.3303  0.0019  0.9439

PART 38
OFFSET  14.7239 -0.3345 -6.4737
X  0.8364 -0.4629  0.2937
Y  0.4375  0.8864  0.1513
Z -0.3303  0.0019  0.9439

PART 39
OFFSET  14.4679 -0.6846 -7.5906
X  0.8364 -0.4629  0.2937
Y  0.4375  0.8864  0.1513
Z -0.3303  0.0019  0.9439

PART 40
OFFSET  7.8193 -2.6974 -4.8838
X  1.0000  0.0037 -0.0054
Y -0.0036  1.0000  0.0019
Z  0.0054 -0.0019  1.0000

PART 41
OFFSET  7.8193 -2.6974 -4.8838
X  1.0000  0.0037 -0.0054
Y -0.0036  1.0000  0.0019
Z  0.0054 -0.0019  1.0000

PART 42
OFFSET  14.4381 -3.5139 -2.8356
X  1.0000  0.0037 -0.0054
Y -0.0036  1.0000  0.0019
Z  0.0054 -0.0019  1.0000

PART 43
OFFSET  12.0324 -2.6675 -4.6272
X  1.0000  0.0037 -0.0054
Y -0.0036  1.0000  0.0019
Z  0.0054 -0.0019  1.0000

PART 44
OFFSET -13.8970 -7.9123 -3.2705
X -0.6061  0.0193  0.7952
Y -0.1773 -0.9778 -0.1114
Z  0.7754 -0.2085  0.5961

PART 45
OFFSET -6.5669 -8.1453 -12.8870
X -0.8229 -0.3146 -0.4731
Y  0.5137 -0.0563 -0.8561
Z  0.2427 -0.9475  0.2080

PART 46
OFFSET  0.4324 -5.4693 -8.8633
X -0.8229 -0.3146 -0.4731
Y  0.5370 -0.1586 -0.8286
Z  0.1857 -0.9359  0.2995

PART 47
OFFSET  0.9582 -3.8905 -7.7879
X -0.8266 -0.3117 -0.4685
Y -0.2477  0.9491 -0.1943
Z  0.5053 -0.0446 -0.8618

PART 48
OFFSET  0.9286 -4.2902 -6.6587
X -0.8266 -0.3117 -0.4685
Y -0.2477  0.9491 -0.1943
Z  0.5053 -0.0446 -0.8618

PART 49
OFFSET  1.4428 -5.5261 -6.5207
X -0.8266 -0.3117 -0.4685
Y -0.2477  0.9491 -0.1943
Z  0.5053 -0.0446 -0.8618

PART 50
OFFSET  2.9553 -4.5047 -7.4130
X -0.9554 -0.1448 -0.2572
Y  0.2806 -0.1747 -0.9438
Z  0.0917 -0.9739  0.2075

PART 51
OFFSET  3.0767 -3.8711 -6.4717
X -0.4990 -0.6791 -0.5383
Y  0.5733  0.2071 -0.7927
Z  0.6499 -0.7042  0.2860

PART 52
OFFSET  4.0601 -2.3871 -5.2469
X -0.9002 -0.3521  0.2563
Y -0.0640 -0.4753 -0.8775
Z  0.4308 -0.8063  0.4053

PART 53
OFFSET  5.4613 -1.7568 -5.7584
X -0.5289 -0.0249  0.8483
Y -0.6557 -0.6225 -0.4272
Z  0.5387 -0.7822  0.3129

PART 54
OFFSET  6.0198 -1.6834 -6.6828
X -0.8716  0.3558  0.3371
Y  0.0924  0.7949 -0.5997
Z -0.4813 -0.4916 -0.7257

PART 55
OFFSET  4.0457 -4.3724 -8.2479
X -0.9315 -0.2755  0.2374
Y  0.3258 -0.9223  0.2081
Z  0.1616  0.2712  0.9489

PART 56
OFFSET  6.1223 -3.6009 -8.6686
X -0.1024 -0.9925  0.0667
Y  0.9458 -0.1179 -0.3025
Z  0.3081  0.0321  0.9508

PART 57
OFFSET  6.2673 -2.1957 -8.7630
X  0.7713 -0.5920 -0.2337
Y  0.5718  0.8058 -0.1538
Z  0.2793 -0.0150  0.9601

PART 58
OFFSET  5.5834 -1.6709 -8.5559
X  0.9015  0.3037 -0.3083
Y -0.3020  0.9518  0.0543
Z  0.3099  0.0441  0.9497

PART 59
OFFSET  4.7269 -1.9594 -8.2630
X -0.5448 -0.8361  0.0644
Y -0.7690  0.5287  0.3594
Z -0.3345  0.1463 -0.9310

PART 60
OFFSET  4.0821 -4.3604 -7.5351
X -0.9679 -0.2475  0.0435
Y  0.2506 -0.9369  0.2438
Z -0.0196  0.2469  0.9688

PART 61
OFFSET  6.6026 -3.7754 -7.7867
X -0.1283 -0.9750  0.1817
Y  0.9396 -0.1781 -0.2924
Z  0.3174  0.1332  0.9389

PART 62
OFFSET  6.8210 -2.1155 -8.0960
X  0.8815 -0.4078 -0.2382
Y  0.3597  0.9066 -0.2207
Z  0.3059  0.1088  0.9458

PART 63
OFFSET  5.5994 -1.5504 -7.7658
X  0.8270  0.4646 -0.3166
Y -0.4753  0.8785  0.0478
Z  0.3003  0.1109  0.9474

PART 64
OFFSET  4.7025 -2.0542 -7.4225
X -0.3913 -0.8771  0.2787
Y -0.8758  0.4479  0.1798
Z -0.2826 -0.1737 -0.9434

PART 65
OFFSET -1.2093 -5.4817 -7.5743
X -0.9277 -0.3733 -0.0018
Y -0.3544  0.8822 -0.3100
Z  0.1173 -0.2870 -0.9507

PART 66
OFFSET  6.5007 -4.1707 -5.6218
X -0.9798 -0.1966 -0.0357
Y  0.1911 -0.9742  0.1201
Z -0.0584  0.1108  0.9921

PART 67
OFFSET  8.2258 -3.8245 -5.5589
X -0.9735 -0.2274 -0.0256
Y  0.2196 -0.9599  0.1743
Z -0.0642  0.1641  0.9844

PART 68
OFFSET  9.4054 -3.5382 -5.4680
X -0.9655 -0.2430 -0.0934
Y  0.2270 -0.9615  0.1549
Z -0.1275  0.1283  0.9835

PART 69
OFFSET  10.4959 -3.2637 -5.3624
X  0.0735  0.9832  0.1672
Y  0.9972 -0.0751  0.0030
Z  0.0155  0.1665 -0.9859

PART 70
OFFSET  6.6867 -4.2009 -6.7103
X -0.2581 -0.9420  0.2146
Y  0.9576 -0.2788 -0.0720
Z  0.1276  0.1870  0.9740

PART 71
OFFSET  7.1909 -2.3607 -7.1296
X  0.8308 -0.5565 -0.0064
Y  0.5348  0.8014 -0.2678
Z  0.1542  0.2190  0.9635

PART 72
OFFSET  5.9775 -1.5478 -7.1203
X  0.8823  0.3908 -0.2624
Y -0.4428  0.8783 -0.1806
Z  0.1599  0.2755  0.9479

PART 73
OFFSET  4.9768 -1.9918 -6.8299
X -0.4039 -0.8782  0.2560
Y -0.8923  0.4399  0.1013
Z -0.2016 -0.1875 -0.9614

PART 74
OFFSET  0.9581 -3.8904 -7.7879
X -0.8266 -0.3117 -0.4685
Y -0.2477  0.9491 -0.1943
Z  0.5053 -0.0446 -0.8618

PART 75
OFFSET  0.9285 -4.2900 -6.6586
X -0.8266 -0.3117 -0.4685
Y -0.2477  0.9491 -0.1943
Z  0.5053 -0.0446 -0.8618

PART 76
OFFSET  1.4429 -5.5261 -6.5208
X -0.8266 -0.3117 -0.4685
Y -0.2477  0.9491 -0.1943
Z  0.5053 -0.0446 -0.8618

PART 77
OFFSET  0.0000 -0.0000 -0.0000
X  1.0000 -0.0000  0.0000
Y  0.0000  1.0000  0.0000
Z  0.0000 -0.0000  1.0000

PART 78
OFFSET  0.0000 -0.0000 -0.0000
X  1.0000 -0.0003  0.0007
Y  0.0003  1.0000 -0.0002
Z -0.0007  0.0002  1.0000

PART 79
OFFSET  1.5374  0.0003  4.1369
X  1.0000 -0.0003  0.0007
Y  0.0003  1.0000 -0.0002
Z -0.0007  0.0002  1.0000


FRAME 5302
PART 0
OFFSET  0.0000 -0.0000 -0.0000
X  1.0000 -0.0000  0.0000
Y  0.0000  1.0000  0.0000
Z  0.0000 -0.0000  1.0000

PART 1
OFFSET -4.6318 -0.0000 -1.3770
X  1.0000 -0.0000  0.0000
Y  0.0000  1.0000  0.0000
Z  0.0000 -0.0000  1.0000

PART 2
OFFSET -2.1286  7.3796 -3.1869
X  0.7200 -0.1382 -0.6801
Y -0.0784 -0.9899  0.1182
Z -0.6896 -0.0318 -0.7235

PART 3
OFFSET  6.5787  5.7080 -11.4120
X  0.8076 -0.4906  0.3274
Y -0.4151 -0.0786  0.9064
Z -0.4189 -0.8678 -0.2671

PART 4
OFFSET  13.4475  1.5354 -8.6277
X  0.8076 -0.4906  0.3274
Y -0.4292 -0.1081  0.8967
Z -0.4045 -0.8647 -0.2979

PART 5
OFFSET  15.6819  2.2243 -8.2990
X  0.8112 -0.4877  0.3227
Y  0.4226  0.8703  0.2531
Z -0.4043 -0.0690  0.9120

PART 6
OFFSET  14.4817  0.5028 -9.6288
X  0.8112 -0.4877  0.3227
Y  0.4226  0.8703  0.2531
Z -0.4043 -0.0690  0.9120

PART 7
OFFSET  14.7131  1.1585 -6.4442
X  0.8112 -0.4877  0.3227
Y  0.4226  0.8703  0.2531
Z -0.4043 -0.0690  0.9120

PART 8
OFFSET  13.9881  0.0407 -6.6350
X  0.8112 -0.4877  0.3227
Y  0.4226  0.8703  0.2531
Z -0.4043 -0.0690  0.9120

PART 9
OFFSET  13.8222 -0.2217 -7.7923
X  0.8112 -0.4877  0.3227
Y  0.4226  0.8703  0.2531
Z -0.4043 -0.0690  0.9120

PART 10
OFFSET  15.9232  0.0315 -7.6242
X  0.8536 -0.3949  0.3399
Y -0.4035 -0.0882  0.9107
Z -0.3296 -0.9145 -0.2346

PART 11
OFFSET  15.7824 -0.6068 -6.6887
X  0.0177 -0.6912  0.7224
Y -0.6101  0.5649  0.5555
Z -0.7921 -0.4506 -0.4117

PART 12
OFFSET  15.7158 -2.0671 -5.0973
X  0.6098 -0.7332  0.3010
Y -0.5335 -0.0989  0.8400
Z -0.5861 -0.6728 -0.4515

PART 13
OFFSET  16.6663 -3.3202 -4.7121
X  0.7016 -0.6840 -0.1996
Y -0.1541 -0.4191  0.8948
Z -0.6957 -0.5970 -0.3995

PART 14
OFFSET  17.3906 -4.0944 -4.9310
X  0.9331 -0.2078  0.2936
Y  0.1694  0.9739  0.1509
Z -0.3173 -0.0911  0.9439

PART 15
OFFSET  17.0109 -0.3930 -8.3591
X  0.9037 -0.3333 -0.2687
Y -0.4045 -0.8702 -0.2811
Z -0.1402  0.3628 -0.9213

PART 16
OFFSET  19.0123 -1.3013 -8.8632
X  0.5318 -0.8353 -0.1399
Y -0.7902 -0.5488  0.2727
Z -0.3046 -0.0345 -0.9519

PART 17
OFFSET  19.7651 -2.4839 -9.0612
X -0.0814 -0.9879  0.1319
Y -0.9596  0.1134  0.2574
Z -0.2693 -0.1056 -0.9573

PART 18
OFFSET  19.6929 -3.3598 -8.9443
X  0.0324 -0.9960  0.0829
Y -0.9427 -0.0030  0.3335
Z -0.3320 -0.0889 -0.9391

PART 19
OFFSET  19.7238 -4.3061 -8.8656
X  0.6150  0.7765 -0.1369
Y -0.7745  0.6275  0.0798
Z  0.1479  0.0570  0.9874

PART 20
OFFSET  16.9765 -0.4108 -7.6463
X  0.9342 -0.3542  0.0424
Y -0.3290 -0.9015 -0.2813
Z  0.1378  0.2489 -0.9587

PART 21
OFFSET  19.4104 -1.3243 -7.6553
X  0.5303 -0.8228 -0.2043
Y -0.8293 -0.5536  0.0766
Z -0.1761  0.1287 -0.9759

PART 22
OFFSET  20.3134 -2.7251 -8.0031
X -0.1653 -0.9825 -0.0858
Y -0.9741  0.1490  0.1702
Z -0.1544  0.1117 -0.9817

PART 23
OFFSET  20.0843 -4.0868 -8.1220
X -0.3052 -0.9500 -0.0663
Y -0.9398  0.2893  0.1818
Z -0.1535  0.1178 -0.9811

PART 24
OFFSET  19.7532 -5.1170 -8.1939
X  0.7794  0.6189 -0.0977
Y -0.5876  0.7761  0.2289
Z  0.2175 -0.1210  0.9685

PART 25
OFFSET  17.7371 -1.8160 -5.2561
X  0.7895 -0.6087  0.0784
Y  0.5474  0.7561  0.3587
Z -0.2777 -0.2402  0.9302

PART 26
OFFSET  19.0673 -1.2338 -5.5256
X  0.6983 -0.7081 -0.1046
Y -0.7130 -0.6752 -0.1888
Z  0.0631  0.2064 -0.9764

PART 27
OFFSET  20.2967 -2.4806 -5.7098
X  0.0823 -0.9631 -0.2561
Y -0.9911 -0.0522 -0.1223
Z  0.1044  0.2639 -0.9589

PART 28
OFFSET  20.3905 -3.6675 -5.9628
X -0.0578 -0.9895 -0.1323
Y -0.9894  0.0745 -0.1249
Z  0.1334  0.1236 -0.9833

PART 29
OFFSET  20.3252 -4.7852 -6.1123
X  0.9495  0.2896 -0.1208
Y -0.2591  0.9407  0.2191
Z  0.1771 -0.1768  0.9682

PART 30
OFFSET  19.3549 -1.2600 -6.5919
X  0.5092 -0.8495 -0.1381
Y -0.8607 -0.5030 -0.0792
Z -0.0022  0.1592 -0.9872

PART 31
OFFSET  20.3495 -2.9196 -6.8618
X -0.1191 -0.9769 -0.1772
Y -0.9921  0.1099  0.0606
Z -0.0397  0.1831 -0.9823

PART 32
OFFSET  20.1756 -4.3465 -7.1207
X -0.2502 -0.9500 -0.1870
Y -0.9644  0.2274  0.1353
Z -0.0860  0.2142 -0.9730

PART 33
OFFSET  19.8923 -5.4211 -7.3395
X  0.8133  0.5695  0.1192
Y -0.5818  0.7993  0.1508
Z -0.0094 -0.1919  0.9814

PART 34
OFFSET  17.9525 -2.3851 -7.5510
X  0.0741  0.2227 -0.9721
Y  0.3296  0.9145  0.2346
Z  0.9412 -0.3378 -0.0056

PART 35
OFFSET  15.3896  1.7114 -8.8882
X  0.8112 -0.4877  0.3227
Y  0.4226  0.8703  0.2531
Z -0.4043 -0.0690  0.9120

PART 36
OFFSET  14.4817  0.5028 -9.6288
X  0.8112 -0.4877  0.3227
Y  0.4226  0.8703  0.2531
Z -0.4043 -0.0690  0.9120

PART 37
OFFSET  14.7131  1.1585 -6.4442
X  0.8112 -0.4877  0.3227
Y  0.4226  0.8703  0.2531
Z -0.4043 -0.0690  0.9120

PART 38
OFFSET  13.9881  0.0407 -6.6350
X  0.8112 -0.4877  0.3227
Y  0.4226  0.8703  0.2531
Z -0.4043 -0.0690  0.9120

PART 39
OFFSET  13.8222 -0.2217 -7.7923
X  0.8112 -0.4877  0.3227
Y  0.4226  0.8703  0.2531
Z -0.4043 -0.0690  0.9120

PART 40
OFFSET  7.9416 -2.8351 -5.0608
X  0.9998  0.0124 -0.0144
Y -0.0123  0.9999  0.0075
Z  0.0145 -0.0074  0.9999

PART 41
OFFSET  7.9416 -2.8351 -5.0608
X  0.9998  0.0124 -0.0144
Y -0.0123  0.9999  0.0075
Z  0.0145 -0.0074  0.9999

PART 42
OFFSET  14.5857 -3.6050 -3.0775
X  0.9998  0.0124 -0.0144
Y -0.0123  0.9999  0.0075
Z  0.0145 -0.0074  0.9999

PART 43
OFFSET  12.1565 -2.7698 -4.8423
X  0.9998  0.0124 -0.0144
Y -0.0123  0.9999  0.0075
Z  0.0145 -0.0074  0.9999

PART 44
OFFSET -13.8237 -7.8409 -3.5090
X -0.6085  0.0269  0.7931
Y -0.1911 -0.9750 -0.1135
Z  0.7702 -0.2207  0.5984

PART 45
OFFSET -6.4648 -8.1666 -13.1008
X -0.8241 -0.3021 -0.4792
Y  0.5185 -0.0615 -0.8529
Z  0.2282 -0.9513  0.2074

PART 46
OFFSET  0.5443 -5.5970 -9.0250
X -0.8241 -0.3021 -0.4792
Y  0.5369 -0.1466 -0.8308
Z  0.1808 -0.9419  0.2830

PART 47
OFFSET  1.0847 -4.0280 -7.9424
X -0.8278 -0.2991 -0.4747
Y -0.2333  0.9529 -0.1937
Z  0.5103 -0.0496 -0.8586

PART 48
OFFSET  1.0422 -4.4299 -6.8144
X -0.8278 -0.2991 -0.4747
Y -0.2333  0.9529 -0.1937
Z  0.5103 -0.0496 -0.8586

PART 49
OFFSET  1.5382 -5.6731 -6.6759
X -0.8278 -0.2991 -0.4747
Y -0.2333  0.9529 -0.1937
Z  0.5103 -0.0496 -0.8586

PART 50
OFFSET  3.0706 -4.6708 -7.5559
X -0.9565 -0.1517 -0.2493
Y  0.2734 -0.1670 -0.9473
Z  0.1021 -0.9742  0.2012

PART 51
OFFSET  3.1951 -4.0414 -6.6122
X -0.4980 -0.6805 -0.5376
Y  0.5642  0.2165 -0.7967
Z  0.6585 -0.7001  0.2761

PART 52
OFFSET  4.1767 -2.5557 -5.3880
X -0.8947 -0.3614  0.2625
Y -0.0678 -0.4709 -0.8796
Z  0.4414 -0.8048  0.3968

PART 53
OFFSET  5.5676 -1.9103 -5.9087
X -0.5209 -0.0343  0.8529
Y -0.6542 -0.6259 -0.4247
Z  0.5483 -0.7792  0.3036

PART 54
OFFSET  6.1170 -1.8269 -6.8377
X -0.8716  0.3463  0.3470
Y  0.0801  0.7989 -0.5961
Z -0.4837 -0.4917 -0.7241

PART 55
OFFSET  4.1521 -4.5243 -8.3999
X -0.9269 -0.2849  0.2443
Y  0.3356 -0.9205  0.2000
Z  0.1679  0.2674  0.9489

PART 56
OFFSET  6.2180 -3.7324 -8.8351
X -0.0932 -0.9937  0.0620
Y  0.9440 -0.1080 -0.3118
Z  0.3165  0.0295  0.9481

PART 57
OFFSET  6.3499 -2.3255 -8.9229
X  0.7743 -0.5839 -0.2440
Y  0.5634  0.8116 -0.1544
Z  0.2882 -0.0179  0.9574

PART 58
OFFSET  5.6634 -1.8078 -8.7066
X  0.8960  0.3132 -0.3147
Y -0.3098  0.9488  0.0624
Z  0.3182  0.0416  0.9471

PART 59
OFFSET  4.8122 -2.1054 -8.4076
X -0.5369 -0.8412  0.0646
Y -0.7702  0.5199  0.3693
Z -0.3443  0.1485 -0.9271

PART 60
OFFSET  4.1950 -4.5160 -7.6874
X -0.9653 -0.2562  0.0509
Y  0.2609 -0.9360  0.2363
Z -0.0128  0.2414  0.9704

PART 61
OFFSET  6.7079 -3.9076 -7.9585
X -0.1181 -0.9770  0.1774
Y  0.9384 -0.1683 -0.3019
Z  0.3248  0.1308  0.9367

PART 62
OFFSET  6.9090 -2.2441 -8.2605
X  0.8828 -0.3987 -0.2485
Y  0.3498  0.9109 -0.2188
Z  0.3136  0.1062  0.9436

PART 63
OFFSET  5.6856 -1.6916 -7.9161
X  0.8200  0.4736 -0.3215
Y -0.4824  0.8741  0.0570
Z  0.3080  0.1083  0.9452

PART 64
OFFSET  4.7962 -2.2052 -7.5674
X -0.3811 -0.8820  0.2773
Y -0.8780  0.4392  0.1903
Z -0.2896 -0.1709 -0.9418

PART 65
OFFSET -1.0866 -5.6832 -7.6847
X -0.9244 -0.3813  0.0045
Y -0.3648  0.8808 -0.3018
Z  0.1111 -0.2807 -0.9534

PART 66
OFFSET  6.6292 -4.3157 -5.7950
X -0.9784 -0.2050 -0.0279
Y  0.2006 -0.9731  0.1129
Z -0.0503  0.1048  0.9932

PART 67
OFFSET  8.3517 -3.9549 -5.7459
X -0.9717 -0.2357 -0.0180
Y  0.2295 -0.9589  0.1669
Z -0.0566  0.1581  0.9858

PART 68
OFFSET  9.5295 -3.6587 -5.6641
X -0.9642 -0.2509 -0.0860
Y  0.2368 -0.9603  0.1474
Z -0.1196  0.1218  0.9853

PART 69
OFFSET  10.6186 -3.3753 -5.5669
X  0.0665  0.9828  0.1721
Y  0.9978 -0.0664 -0.0064
Z  0.0051  0.1721 -0.9851

PART 70
OFFSET  6.8055 -4.3383 -6.8854
X -0.2479 -0.9454  0.2117
Y  0.9593 -0.2700 -0.0822
Z  0.1349  0.1827  0.9739

PART 71
OFFSET  7.2899 -2.4915 -7.2989
X  0.8355 -0.5492 -0.0171
Y  0.5254  0.8075 -0.2681
Z  0.1610  0.2150  0.9632

PART 72
OFFSET  6.0695 -1.6893 -7.2740
X  0.8764  0.4000 -0.2682
Y -0.4520  0.8754 -0.1716
Z  0.1662  0.2716  0.9479

PART 73
OFFSET  5.0754 -2.1436 -6.9770
X -0.3939 -0.8831  0.2547
Y -0.8951  0.4315  0.1119
Z -0.2087 -0.1839 -0.9605

PART 74
OFFSET  1.0847 -4.0280 -7.9424
X -0.8278 -0.2991 -0.4747
Y -0.2333  0.9529 -0.1937
Z  0.5103 -0.0496 -0.8586

PART 75
OFFSET  1.0420 -4.4297 -6.8143
X -0.8278 -0.2991 -0.4747
Y -0.2333  0.9529 -0.1937
Z  0.5103 -0.0496 -0.8586

PART 76
OFFSET  1.5383 -5.6731 -6.6760
X -0.8278 -0.2991 -0.4747
Y -0.2333  0.9529 -0.1937
Z  0.5103 -0.0496 -0.8586

PART 77
OFFSET  0.0000 -0.0000 -0.0000
X  1.0000 -0.0000  0.0000
Y  0.0000  1.0000  0.0000
Z  0.0000 -0.0000  1.0000

PART 78
OFFSET  0.0000 -0.0000 -0.0000
X  1.0000 -0.0010  0.0028
Y  0.0010  1.0000 -0.0007
Z -0.0028  0.0007  1.0000

PART 79
OFFSET  1.5289  0.0013  4.1400
X  1.0000 -0.0010  0.0028
Y  0.0010  1.0000 -0.0007
Z -0.0028  0.0007  1.0000


FRAME 5303
PART 0
OFFSET  0.0000 -0.0000 -0.0000
X  1.0000 -0.0000  0.0000
Y  0.0000  1.0000  0.0000
Z  0.0000 -0.0000  1.0000

PART 1
OFFSET -4.6318 -0.0000 -1.3770
X  1.0000 -0.0000  0.0000
Y  0.0000  1.0000  0.0000
Z  0.0000 -0.0000  1.0000

PART 2
OFFSET -2.5597  6.8617 -3.1869
X  0.7191  0.0060 -0.6948
Y -0.0472 -0.9972 -0.0575
Z -0.6933  0.0742 -0.7169

PART 3
OFFSET  6.1376  6.9345 -11.5902
X  0.7675 -0.5419  0.3424
Y -0.5057 -0.1835  0.8430
Z -0.3940 -0.8201 -0.4149

PART 4
OFFSET  12.6654  2.3250 -8.6777
X  0.7675 -0.5419  0.3424
Y -0.5031 -0.1783  0.8456
Z -0.3972 -0.8213 -0.4095

PART 5
OFFSET  14.8583  2.9275 -8.0423
X  0.7716 -0.5386  0.3385
Y  0.3991  0.8242  0.4018
Z -0.4954 -0.1749  0.8509

PART 6
OFFSET  13.7909  1.4069 -9.6919
X  0.7716 -0.5386  0.3385
Y  0.3991  0.8242  0.4018
Z -0.4954 -0.1749  0.8509

PART 7
OFFSET  13.7002  1.6562 -6.4431
X  0.7716 -0.5386  0.3385
Y  0.3991  0.8242  0.4018
Z -0.4954 -0.1749  0.8509

PART 8
OFFSET  12.9926  0.5841 -6.8449
X  0.7716 -0.5386  0.3385
Y  0.3991  0.8242  0.4018
Z -0.4954 -0.1749  0.8509

PART 9
OFFSET  12.9441  0.4711 -8.0368
X  0.7716 -0.5386  0.3385
Y  0.3991  0.8242  0.4018
Z -0.4954 -0.1749  0.8509

PART 10
OFFSET  15.0183  0.6636 -7.6280
X  0.8588 -0.3992  0.3213
Y -0.4187 -0.1852  0.8891
Z -0.2954 -0.8980 -0.3261

PART 11
OFFSET  14.8793 -0.0634 -6.7594
X -0.0505 -0.6629  0.7470
Y -0.6470  0.5915  0.4812
Z -0.7608 -0.4590 -0.4587

PART 12
OFFSET  14.6635 -1.4604 -5.1250
X  0.5258 -0.7161  0.4590
Y -0.6486  0.0115  0.7610
Z -0.5503 -0.6979 -0.4584

PART 13
OFFSET  15.4894 -2.6953 -4.4807
X  0.6435 -0.7590  0.0993
Y -0.3790 -0.2032  0.9028
Z -0.6651 -0.6186 -0.4184

PART 14
OFFSET  16.1484 -3.5478 -4.3771
X  0.8241 -0.2048  0.5281
Y  0.2470  0.9690 -0.0097
Z -0.5097  0.1385  0.8491

PART 15
OFFSET  16.1336  0.3426 -8.3740
X  0.9150 -0.2861 -0.2845
Y -0.3801 -0.8476 -0.3702
Z -0.1352  0.4469 -0.8843

PART 16
OFFSET  18.1626 -0.4691 -8.9297
X  0.6399 -0.7160 -0.2790
Y -0.6846 -0.6961  0.2163
Z -0.3491  0.0526 -0.9356

PART 17
OFFSET  19.0686 -1.4828 -9.3248
X  0.3192 -0.9446 -0.0763
Y -0.8971 -0.3271  0.2970
Z -0.3056 -0.0264 -0.9518

PART 18
OFFSET  19.3516 -2.3204 -9.3924
X  0.6548 -0.7204 -0.2283
Y -0.6603 -0.6924  0.2908
Z -0.3676 -0.0396 -0.9291

PART 19
OFFSET  19.9737 -3.0048 -9.6094
X -0.0332  0.9914  0.1265
Y -0.9664 -0.0641  0.2491
Z  0.2550 -0.1140  0.9602

PART 20
OFFSET  16.0855  0.2572 -7.6670
X  0.9440 -0.3284  0.0307
Y -0.2942 -0.8806 -0.3714
Z  0.1490  0.3415 -0.9280

PART 21
OFFSET  18.5408 -0.5964 -7.7006
X  0.6893 -0.6657 -0.2860
Y -0.6959 -0.7181 -0.0058
Z -0.2015  0.2030 -0.9582

PART 22
OFFSET  19.7144 -1.7297 -8.1875
X  0.2887 -0.9276 -0.2372
Y -0.9410 -0.3206  0.1084
Z -0.1766  0.1919 -0.9654

PART 23
OFFSET  20.1144 -3.0152 -8.5162
X  0.4386 -0.8609 -0.2578
Y -0.8807 -0.4688  0.0671
Z -0.1786  0.1976 -0.9639

PART 24
OFFSET  20.5901 -3.9489 -8.7958
X  0.1350  0.9829  0.1255
Y -0.9645  0.1013  0.2441
Z  0.2272 -0.1540  0.9616

PART 25
OFFSET  16.8425 -1.3422 -5.4008
X  0.8068 -0.5894  0.0396
Y  0.5156  0.7353  0.4399
Z -0.2885 -0.3345  0.8972

PART 26
OFFSET  18.1585 -0.6976 -5.5844
X  0.8119 -0.5647 -0.1480
Y -0.5828 -0.7690 -0.2628
Z  0.0346  0.2996 -0.9534

PART 27
OFFSET  19.5880 -1.6919 -5.8450
X  0.5398 -0.7939 -0.2799
Y -0.8404 -0.4894 -0.2329
Z  0.0479  0.3610 -0.9313

PART 28
OFFSET  20.2413 -2.6789 -6.1288
X  0.6675 -0.7375 -0.1023
Y -0.7328 -0.6263 -0.2659
Z  0.1321  0.2525 -0.9585

PART 29
OFFSET  20.9953 -3.5120 -6.2443
X  0.4814  0.8765  0.0037
Y -0.8675  0.4758  0.1453
Z  0.1256 -0.0732  0.9894

PART 30
OFFSET  18.4681 -0.6153 -6.6416
X  0.6358 -0.7388 -0.2234
Y -0.7712 -0.6198 -0.1452
Z -0.0312  0.2646 -0.9638

PART 31
OFFSET  19.7103 -2.0585 -7.0781
X  0.3723 -0.8830 -0.2858
Y -0.9253 -0.3771 -0.0402
Z -0.0723  0.2794 -0.9574

PART 32
OFFSET  20.2542 -3.3482 -7.4956
X  0.5218 -0.7956 -0.3077
Y -0.8435 -0.5351 -0.0467
Z -0.1275  0.2840 -0.9503

PART 33
OFFSET  20.8448 -4.2470 -7.8508
X  0.1468  0.9337  0.3266
Y -0.9882  0.1235  0.0910
Z  0.0446 -0.3361  0.9408

PART 34
OFFSET  17.1221 -1.6872 -7.7331
X  0.0864  0.3149 -0.9452
Y  0.2954  0.8980  0.3261
Z  0.9515 -0.3074 -0.0154

PART 35
OFFSET  14.6249  2.4973 -8.7177
X  0.7716 -0.5386  0.3385
Y  0.3991  0.8242  0.4018
Z -0.4954 -0.1749  0.8509

PART 36
OFFSET  13.7909  1.4069 -9.6919
X  0.7716 -0.5386  0.3385
Y  0.3991  0.8242  0.4018
Z -0.4954 -0.1749  0.8509

PART 37
OFFSET  13.7002  1.6562 -6.4431
X  0.7716 -0.5386  0.3385
Y  0.3991  0.8242  0.4018
Z -0.4954 -0.1749  0.8509

PART 38
OFFSET  12.9926  0.5841 -6.8449
X  0.7716 -0.5386  0.3385
Y  0.3991  0.8242  0.4018
Z -0.4954 -0.1749  0.8509

PART 39
OFFSET  12.9441  0.4711 -8.0368
X  0.7716 -0.5386  0.3385
Y  0.3991  0.8242  0.4018
Z -0.4954 -0.1749  0.8509

PART 40
OFFSET  8.0911 -3.0101 -5.2742
X  0.9996  0.0230 -0.0166
Y -0.0227  0.9996  0.0169
Z  0.0170 -0.0165  0.9997

PART 41
OFFSET  8.0911 -3.0101 -5.2742
X  0.9996  0.0230 -0.0166
Y -0.0227  0.9996  0.0169
Z  0.0170 -0.0165  0.9997

PART 42
OFFSET  14.7476 -3.7291 -3.3134
X  0.9996  0.0230 -0.0166
Y -0.0227  0.9996  0.0169
Z  0.0170 -0.0165  0.9997

PART 43
OFFSET  12.3056 -2.9028 -5.0648
X  0.9996  0.0230 -0.0166
Y -0.0227  0.9996  0.0169
Z  0.0170 -0.0165  0.9997

PART 44
OFFSET -13.7083 -7.7285 -3.8843
X -0.6123  0.0371  0.7897
Y -0.2093 -0.9709 -0.1167
Z  0.7624 -0.2368  0.6022

PART 45
OFFSET -6.3027 -8.1767 -13.4352
X -0.8241 -0.2855 -0.4892
Y  0.5266 -0.0682 -0.8474
Z  0.2086 -0.9559  0.2066

PART 46
OFFSET  0.7070 -5.7484 -9.2747
X -0.8241 -0.2855 -0.4892
Y  0.5392 -0.1310 -0.8319
Z  0.1734 -0.9494  0.2619

PART 47
OFFSET  1.2640 -4.1931 -8.1810
X -0.8278 -0.2825 -0.4847
Y -0.2138  0.9576 -0.1930
Z  0.5186 -0.0562 -0.8532

PART 48
OFFSET  1.2018 -4.5978 -7.0549
X -0.8278 -0.2825 -0.4847
Y -0.2138  0.9576 -0.1930
Z  0.5186 -0.0562 -0.8532

PART 49
OFFSET  1.6737 -5.8503 -6.9153
X -0.8278 -0.2825 -0.4847
Y -0.2138  0.9576 -0.1930
Z  0.5186 -0.0562 -0.8532

PART 50
OFFSET  3.2335 -4.8732 -7.7751
X -0.9554 -0.1594 -0.2486
Y  0.2729 -0.1553 -0.9494
Z  0.1127 -0.9749  0.1918

PART 51
OFFSET  3.3537 -4.2514 -6.8259
X -0.4922 -0.6806 -0.5427
Y  0.5600  0.2298 -0.7960
Z  0.6665 -0.6957  0.2680

PART 52
OFFSET  4.3228 -2.7669 -5.5901
X -0.8903 -0.3731  0.2612
Y -0.0650 -0.4634 -0.8838
Z  0.4508 -0.8038  0.3883

PART 53
OFFSET  5.7056 -2.1022 -6.1079
X -0.5185 -0.0476  0.8537
Y -0.6486 -0.6287 -0.4290
Z  0.5572 -0.7762  0.2951

PART 54
OFFSET  6.2519 -2.0045 -7.0374
X -0.8743  0.3339  0.3523
Y  0.0703  0.8053 -0.5887
Z -0.4802 -0.4900 -0.7275

PART 55
OFFSET  4.3114 -4.7076 -8.6202
X -0.9233 -0.2968  0.2438
Y  0.3457 -0.9188  0.1906
Z  0.1674  0.2603  0.9509

PART 56
OFFSET  6.3679 -3.8901 -9.0528
X -0.0827 -0.9952  0.0530
Y  0.9443 -0.0952 -0.3149
Z  0.3184  0.0240  0.9476

PART 57
OFFSET  6.4850 -2.4811 -9.1277
X  0.7798 -0.5735 -0.2512
Y  0.5545  0.8189 -0.1481
Z  0.2907 -0.0238  0.9565

PART 58
OFFSET  5.7936 -1.9727 -8.9050
X  0.8919  0.3255 -0.3139
Y -0.3195  0.9449  0.0720
Z  0.3200  0.0361  0.9467

PART 59
OFFSET  4.9463 -2.2819 -8.6068
X -0.5279 -0.8473  0.0580
Y -0.7747  0.5084  0.3759
Z -0.3480  0.1536 -0.9248

PART 60
OFFSET  4.3560 -4.7055 -7.9077
X -0.9624 -0.2667  0.0508
Y  0.2712 -0.9354  0.2269
Z -0.0130  0.2321  0.9726

PART 61
OFFSET  6.8617 -4.0683 -8.1790
X -0.1075 -0.9798  0.1685
Y  0.9394 -0.1556 -0.3056
Z  0.3257  0.1254  0.9371

PART 62
OFFSET  7.0448 -2.4001 -8.4658
X  0.8863 -0.3871 -0.2542
Y  0.3398  0.9165 -0.2111
Z  0.3147  0.1007  0.9438

PART 63
OFFSET  5.8165 -1.8636 -8.1135
X  0.8142  0.4851 -0.3189
Y -0.4914  0.8684  0.0663
Z  0.3091  0.1027  0.9455

PART 64
OFFSET  4.9334 -2.3897 -7.7676
X -0.3712 -0.8884  0.2699
Y -0.8821  0.4282  0.1964
Z -0.2901 -0.1652 -0.9426

PART 65
OFFSET -0.9132 -5.9277 -7.9039
X -0.9204 -0.3910  0.0031
Y -0.3747  0.8797 -0.2927
Z  0.1117 -0.2706 -0.9562

PART 66
OFFSET  6.7924 -4.4974 -6.0192
X -0.9762 -0.2149 -0.0276
Y  0.2110 -0.9720  0.1033
Z -0.0490  0.0950  0.9943

PART 67
OFFSET  8.5113 -4.1191 -5.9707
X -0.9692 -0.2457 -0.0180
Y  0.2399 -0.9579  0.1574
Z -0.0559  0.1483  0.9874

PART 68
OFFSET  9.6861 -3.8114 -5.8888
X -0.9617 -0.2602 -0.0861
Y  0.2471 -0.9591  0.1379
Z -0.1185  0.1113  0.9867

PART 69
OFFSET  10.7724 -3.5175 -5.7915
X  0.0567  0.9818  0.1811
Y  0.9984 -0.0559 -0.0094
Z  0.0009  0.1813 -0.9834

PART 70
OFFSET  6.9664 -4.5080 -7.1102
X -0.2376 -0.9498  0.2034
Y  0.9619 -0.2592 -0.0870
Z  0.1353  0.1750  0.9752

PART 71
OFFSET  7.4305 -2.6524 -7.5075
X  0.8411 -0.5403 -0.0241
Y  0.5163  0.8154 -0.2618
Z  0.1611  0.2077  0.9648

PART 72
OFFSET  6.2019 -1.8633 -7.4723
X  0.8715  0.4116 -0.2665
Y -0.4615  0.8722 -0.1624
Z  0.1656  0.2645  0.9501

PART 73
OFFSET  5.2133 -2.3307 -7.1773
X -0.3841 -0.8895  0.2473
Y -0.8993  0.4211  0.1180
Z -0.2091 -0.1771 -0.9617

PART 74
OFFSET  1.2640 -4.1931 -8.1810
X -0.8278 -0.2825 -0.4847
Y -0.2138  0.9576 -0.1930
Z  0.5186 -0.0562 -0.8532

PART 75
OFFSET  1.2017 -4.5976 -7.0548
X -0.8278 -0.2825 -0.4847
Y -0.2138  0.9576 -0.1930
Z  0.5186 -0.0562 -0.8532

PART 76
OFFSET  1.6737 -5.8503 -6.9154
X -0.8278 -0.2825 -0.4847
Y -0.2138  0.9576 -0.1930
Z  0.5186 -0.0562 -0.8532

PART 77
OFFSET  0.0000 -0.0000 -0.0000
X  1.0000 -0.0000  0.0000
