// Export filename: `C:\projects\cod\t5\xanim_export\t5_viewmodels\ak74u\ak74u_first_raise.XANIM_EXPORT`
// Source filename: `D:\projects\devanim\t5\animation_assets\viewmodels\ak74u/t5_viewmodel_ak74u_animated2.fbx`
// Export time: Sat Aug 28 03:16:19 2010

ANIMATION
VERSION 3

NUMPARTS 80
PART 0 "tag_ads"
PART 1 "tag_torso"
PART 2 "J_Shoulder_LE"
PART 3 "J_Elbow_LE"
PART 4 "J_WristTwist_LE"
PART 5 "J_Sleave_Reshape_Bottom_LE_1"
PART 6 "J_Sleave_Reshape_Bottom_LE_2"
PART 7 "J_Sleave_Reshape_Top_LE_1"
PART 8 "J_Sleave_Reshape_Top_LE_2"
PART 9 "J_Sleave_Reshape_Top_LE_3"
PART 10 "J_Wrist_LE"
PART 11 "J_Thumb_LE_0"
PART 12 "J_Thumb_LE_1"
PART 13 "J_Thumb_LE_2"
PART 14 "J_Thumb_LE_3"
PART 15 "J_PinkyPalm_LE"
PART 16 "J_Pinky_LE_0"
PART 17 "J_Pinky_LE_1"
PART 18 "J_Pinky_LE_2"
PART 19 "J_Pinky_LE_3"
PART 20 "J_RingPalm_LE"
PART 21 "J_Ring_LE_0"
PART 22 "J_Ring_LE_1"
PART 23 "J_Ring_LE_2"
PART 24 "J_Ring_LE_3"
PART 25 "J_Webbing_LE"
PART 26 "J_Index_LE_0"
PART 27 "J_Index_LE_1"
PART 28 "J_Index_LE_2"
PART 29 "J_Index_LE_3"
PART 30 "J_Mid_LE_0"
PART 31 "J_Mid_LE_1"
PART 32 "J_Mid_LE_2"
PART 33 "J_Mid_LE_3"
PART 34 "tag_knife_attach"
PART 35 "D_Sleave_Reshape_Bottom_LE_1"
PART 36 "D_Sleave_Reshape_Bottom_LE_2"
PART 37 "D_Sleave_Reshape_Top_LE_1"
PART 38 "D_Sleave_Reshape_Top_LE_2"
PART 39 "D_Sleave_Reshape_Top_LE_3"
PART 40 "tag_weapon"
PART 41 "J_Gun"
PART 42 "TAG_CLIP"
PART 43 "J_Bolt"
PART 44 "J_Shoulder_RI"
PART 45 "J_Elbow_RI"
PART 46 "J_WristTwist_RI"
PART 47 "J_Sleave_Reshape_Top_RI_3"
PART 48 "J_Sleave_Reshape_Top_RI_2"
PART 49 "J_Sleave_Reshape_Top_RI_1"
PART 50 "J_Wrist_RI"
PART 51 "J_Thumb_RI_0"
PART 52 "J_Thumb_RI_1"
PART 53 "J_Thumb_RI_2"
PART 54 "J_Thumb_RI_3"
PART 55 "J_PinkyPalm_RI"
PART 56 "J_Pinky_RI_0"
PART 57 "J_Pinky_RI_1"
PART 58 "J_Pinky_RI_2"
PART 59 "J_Pinky_RI_3"
PART 60 "J_RingPalm_RI"
PART 61 "J_Ring_RI_0"
PART 62 "J_Ring_RI_1"
PART 63 "J_Ring_RI_2"
PART 64 "J_Ring_RI_3"
PART 65 "J_Webbing_RI"
PART 66 "J_Index_RI_0"
PART 67 "J_Index_RI_1"
PART 68 "J_Index_RI_2"
PART 69 "J_Index_RI_3"
PART 70 "J_Mid_RI_0"
PART 71 "J_Mid_RI_1"
PART 72 "J_Mid_RI_2"
PART 73 "J_Mid_RI_3"
PART 74 "D_Sleave_Reshape_Top_RI_3"
PART 75 "D_Sleave_Reshape_Top_RI_2"
PART 76 "D_Sleave_Reshape_Top_RI_1"
PART 77 "tag_cambone"
PART 78 "tag_camera"
PART 79 "tag_gasmask"

FRAMERATE 30
NUMFRAMES 50

FRAME 0
PART 0
OFFSET  0.0000 -0.0000 -0.0000
X  1.0000 -0.0000  0.0000
Y  0.0000  1.0000  0.0000
Z  0.0000 -0.0000  1.0000

PART 1
OFFSET -4.6318 -0.0000 -1.3770
X  1.0000 -0.0000  0.0000
Y  0.0000  1.0000  0.0000
Z  0.0000 -0.0000  1.0000

PART 2
OFFSET -0.7882  2.2271 -11.9527
X  0.7823  0.3109 -0.5398
Y -0.2622 -0.6218 -0.7380
Z -0.5650  0.7189 -0.4049

PART 3
OFFSET  8.6730  5.9865 -18.4807
X  0.0357 -0.9839  0.1752
Y -0.8573  0.0599  0.5113
Z -0.5136 -0.1685 -0.8413

PART 4
OFFSET  8.9770 -2.3818 -16.9905
X  0.0357 -0.9839  0.1752
Y  0.9913  0.0572  0.1189
Z -0.1270  0.1694  0.9773

PART 5
OFFSET  10.4524 -3.6983 -15.6999
X  0.0423 -0.9838  0.1745
Y  0.5257  0.1704  0.8334
Z -0.8496  0.0565  0.5244

PART 6
OFFSET  9.7146 -3.5779 -18.0692
X  0.0423 -0.9838  0.1745
Y  0.5257  0.1704  0.8334
Z -0.8496  0.0565  0.5244

PART 7
OFFSET  8.1780 -4.0513 -15.2338
X  0.0423 -0.9838  0.1745
Y  0.5257  0.1704  0.8334
Z -0.8496  0.0565  0.5244

PART 8
OFFSET  7.3090 -4.1636 -16.2555
X  0.0423 -0.9838  0.1745
Y  0.5257  0.1704  0.8334
Z -0.8496  0.0565  0.5244

PART 9
OFFSET  7.8065 -3.9453 -17.3235
X  0.0423 -0.9838  0.1745
Y  0.5257  0.1704  0.8334
Z -0.8496  0.0565  0.5244

PART 10
OFFSET  9.0866 -5.3981 -16.4534
X  0.8123 -0.5247 -0.2545
Y  0.5745  0.6453  0.5035
Z -0.0999 -0.5552  0.8257

PART 11
OFFSET  9.9655 -5.2393 -15.7429
X  0.9391 -0.3434 -0.0114
Y  0.3429  0.9349  0.0914
Z -0.0207 -0.0898  0.9957

PART 12
OFFSET  12.0251 -5.8920 -15.7030
X  0.7047 -0.6153 -0.3532
Y  0.7064  0.6551  0.2681
Z  0.0664 -0.4385  0.8963

PART 13
OFFSET  13.1281 -6.9734 -16.1889
X  0.9303 -0.3596 -0.0717
Y  0.3666  0.9086  0.2000
Z -0.0067 -0.2124  0.9772

PART 14
OFFSET  14.1401 -7.3566 -16.2183
X  0.7666  0.0582 -0.6394
Y -0.6418  0.0971 -0.7607
Z  0.0178  0.9936  0.1118

PART 15
OFFSET  9.1387 -6.6453 -17.0409
X  0.4388 -0.8479 -0.2974
Y -0.2191 -0.4219  0.8798
Z -0.8715 -0.3209 -0.3709

PART 16
OFFSET  10.2246 -8.5555 -17.5472
X  0.2164 -0.1439  0.9656
Y -0.3167  0.9252  0.2088
Z -0.9235 -0.3510  0.1547

PART 17
OFFSET  10.5310 -8.7592 -16.1800
X  0.0897  0.2137  0.9728
Y -0.4069  0.8993 -0.1601
Z -0.9091 -0.3814  0.1676

PART 18
OFFSET  10.6105 -8.5697 -15.3175
X -0.0280  0.4825  0.8754
Y -0.3536  0.8144 -0.4602
Z -0.9350 -0.3224  0.1478

PART 19
OFFSET  10.5839 -8.1113 -14.4859
X  0.3786 -0.8337 -0.4021
Y -0.3670  0.2635 -0.8921
Z  0.8497  0.4853 -0.2062

PART 20
OFFSET  9.7131 -6.2543 -16.8776
X  0.5960 -0.7009 -0.3918
Y -0.1417 -0.5721  0.8078
Z -0.7904 -0.4260 -0.4403

PART 21
OFFSET  11.1843 -8.2357 -17.6949
X  0.1279 -0.5709  0.8110
Y -0.1497  0.7972  0.5848
Z -0.9804 -0.1962  0.0165

PART 22
OFFSET  11.4021 -9.2077 -16.3142
X -0.0379  0.3137  0.9488
Y -0.2187  0.9238 -0.3142
Z -0.9751 -0.2194  0.0336

PART 23
OFFSET  11.3495 -8.7730 -14.9993
X -0.1221  0.6348  0.7629
Y -0.1855  0.7405 -0.6459
Z -0.9750 -0.2204  0.0273

PART 24
OFFSET  11.2171 -8.0845 -14.1719
X  0.1581 -0.9540 -0.2548
Y -0.0399  0.2516 -0.9670
Z  0.9866  0.1630  0.0017

PART 25
OFFSET  12.4495 -6.2886 -15.9959
X  0.6254 -0.7729 -0.1072
Y  0.3541  0.4035 -0.8437
Z  0.6953  0.4897  0.5260

PART 26
OFFSET  12.7225 -6.7496 -17.3721
X  0.2367 -0.9709  0.0363
Y -0.2474 -0.0241  0.9686
Z -0.9396 -0.2382 -0.2460

PART 27
OFFSET  13.1392 -8.4591 -17.3083
X -0.1234 -0.6668  0.7350
Y -0.3697  0.7182  0.5895
Z -0.9209 -0.1990 -0.3351

PART 28
OFFSET  13.0451 -9.2576 -16.3944
X -0.2503  0.0338  0.9676
Y -0.2464  0.9643 -0.0974
Z -0.9363 -0.2628 -0.2330

PART 29
OFFSET  12.7624 -9.2194 -15.3015
X  0.0405 -0.9554 -0.2926
Y  0.2880  0.2916 -0.9122
Z  0.9568 -0.0473  0.2870

PART 30
OFFSET  11.9946 -7.4933 -17.7430
X  0.1745 -0.7981  0.5767
Y -0.2893  0.5183  0.8048
Z -0.9412 -0.3073 -0.1404

PART 31
OFFSET  12.3355 -9.0525 -16.6165
X -0.1397  0.0034  0.9902
Y -0.2607  0.9646 -0.0401
Z -0.9553 -0.2638 -0.1338

PART 32
OFFSET  12.1315 -9.0476 -15.1701
X -0.2633  0.5915  0.7621
Y -0.0718  0.7758 -0.6269
Z -0.9620 -0.2198 -0.1618

PART 33
OFFSET  11.8266 -8.3797 -14.3077
X  0.3092 -0.9350 -0.1737
Y  0.0425  0.1960 -0.9797
Z  0.9500  0.2956  0.1003

PART 34
OFFSET  10.8271 -8.0145 -16.1564
X -0.8256 -0.4169 -0.3803
Y  0.0999  0.5552 -0.8257
Z  0.5554 -0.7197 -0.4167

PART 35
OFFSET  10.3930 -3.6683 -16.5313
X  0.0423 -0.9838  0.1745
Y  0.5257  0.1704  0.8334
Z -0.8496  0.0565  0.5244

PART 36
OFFSET  9.7146 -3.5779 -18.0692
X  0.0423 -0.9838  0.1745
Y  0.5257  0.1704  0.8334
Z -0.8496  0.0565  0.5244

PART 37
OFFSET  8.1780 -4.0513 -15.2338
X  0.0423 -0.9838  0.1745
Y  0.5257  0.1704  0.8334
Z -0.8496  0.0565  0.5244

PART 38
OFFSET  7.3090 -4.1636 -16.2555
X  0.0423 -0.9838  0.1745
Y  0.5257  0.1704  0.8334
Z -0.8496  0.0565  0.5244

PART 39
OFFSET  7.8065 -3.9453 -17.3235
X  0.0423 -0.9838  0.1745
Y  0.5257  0.1704  0.8334
Z -0.8496  0.0565  0.5244

PART 40
OFFSET  3.4635 -4.7377 -12.4938
X  0.8558 -0.3204 -0.4061
Y  0.2788  0.9470 -0.1596
Z  0.4357  0.0234  0.8998

PART 41
OFFSET  3.4635 -4.7377 -12.4938
X  0.8558 -0.3204 -0.4061
Y  0.2788  0.9470 -0.1596
Z  0.4357  0.0234  0.8998

PART 42
OFFSET  7.1939 -6.0665 -13.9554
X  0.8558 -0.3204 -0.4061
Y  0.2788  0.9470 -0.1596
Z  0.4357  0.0234  0.8998

PART 43
OFFSET  9.7912 -7.5977 -13.1661
X  0.8558 -0.3204 -0.4061
Y  0.2788  0.9470 -0.1596
Z  0.4357  0.0234  0.8998

PART 44
OFFSET -13.9227 -7.9373 -3.1869
X -0.4628 -0.0222  0.8862
Y -0.4078 -0.8823 -0.2350
Z  0.7871 -0.4701  0.3993

PART 45
OFFSET -8.3259 -7.6694 -13.9045
X -0.9771 -0.0496 -0.2071
Y  0.2069  0.0091 -0.9783
Z  0.0504 -0.9987  0.0013

PART 46
OFFSET -0.0156 -7.2477 -12.1429
X -0.9771 -0.0496 -0.2071
Y  0.2120 -0.1334 -0.9681
Z  0.0204 -0.9898  0.1408

PART 47
OFFSET  1.1788 -6.0398 -11.1231
X -0.9784 -0.0469 -0.2013
Y -0.0506  0.9986  0.0133
Z  0.2004  0.0232 -0.9794

PART 48
OFFSET  1.3861 -6.6353 -10.1041
X -0.9784 -0.0469 -0.2013
Y -0.0506  0.9986  0.0133
Z  0.2004  0.0232 -0.9794

PART 49
OFFSET  1.5948 -7.9512 -10.2926
X -0.9784 -0.0469 -0.2013
Y -0.0506  0.9986  0.0133
Z  0.2004  0.0232 -0.9794

PART 50
OFFSET  2.9798 -7.0957 -11.5079
X -0.9982 -0.0534 -0.0255
Y  0.0321 -0.1251 -0.9916
Z  0.0498 -0.9907  0.1265

PART 51
OFFSET  3.3774 -6.5442 -10.5915
X -0.6292 -0.5686 -0.5299
Y  0.4548  0.2834 -0.8443
Z  0.6303 -0.7722  0.0803

PART 52
OFFSET  4.6547 -5.3024 -9.3683
X -0.9042 -0.4222  0.0646
Y  0.0363 -0.2269 -0.9732
Z  0.4255 -0.8777  0.2205

PART 53
OFFSET  6.0689 -4.5361 -9.5554
X -0.7474 -0.3910  0.5371
Y -0.3867 -0.4014 -0.8303
Z  0.5403 -0.8282  0.1488

PART 54
OFFSET  6.8590 -4.0685 -10.1289
X -0.9784  0.1606  0.1299
Y  0.1369  0.9751 -0.1747
Z -0.1547 -0.1532 -0.9760

PART 55
OFFSET  3.8487 -6.9841 -12.5737
X -0.8346 -0.0150  0.5506
Y  0.1180 -0.9813  0.1522
Z  0.5380  0.1921  0.8208

PART 56
OFFSET  5.7880 -6.8022 -13.7099
X -0.8310 -0.4123  0.3734
Y  0.4327 -0.9010 -0.0321
Z  0.3496  0.1349  0.9271

PART 57
OFFSET  6.9645 -6.2184 -14.2385
X -0.1015 -0.9797  0.1728
Y  0.9496 -0.1472 -0.2768
Z  0.2967  0.1359  0.9453

PART 58
OFFSET  7.0545 -5.3497 -14.3917
X  0.5225 -0.8489 -0.0801
Y  0.7728  0.5112 -0.3761
Z  0.3602  0.1346  0.9231

PART 59
OFFSET  6.5581 -4.5433 -14.3156
X -0.9369  0.3089  0.1639
Y  0.2927  0.9492 -0.1158
Z -0.1913 -0.0605 -0.9797

PART 60
OFFSET  4.0539 -7.0276 -11.8914
X -0.9595 -0.0184  0.2810
Y  0.0688 -0.9830  0.1704
Z  0.2731  0.1829  0.9445

PART 61
OFFSET  6.5052 -7.0286 -12.7572
X -0.8070 -0.4908  0.3284
Y  0.5078 -0.8606 -0.0383
Z  0.3014  0.1359  0.9438

PART 62
OFFSET  7.8792 -6.1931 -13.3163
X  0.0077 -0.9911  0.1331
Y  0.9613 -0.0293 -0.2741
Z  0.2755  0.1300  0.9525

PART 63
OFFSET  7.8685 -4.8196 -13.5007
X  0.5758 -0.8161 -0.0496
Y  0.7700  0.5616 -0.3029
Z  0.2751  0.1362  0.9517

PART 64
OFFSET  7.2441 -3.9344 -13.4469
X -0.8980  0.3546  0.2605
Y  0.2883  0.9215 -0.2604
Z -0.3323 -0.1587 -0.9297

PART 65
OFFSET -1.1753 -7.7434 -10.7079
X -0.9316 -0.3016  0.2029
Y -0.3364  0.9268 -0.1672
Z -0.1377 -0.2240 -0.9648

PART 66
OFFSET  6.8638 -7.1613 -10.6135
X -0.7592 -0.6506 -0.0185
Y  0.6367 -0.7483  0.1860
Z -0.1348  0.1294  0.9824

PART 67
OFFSET  8.2005 -6.0158 -10.5809
X -0.4038 -0.9101  0.0930
Y  0.8998 -0.3767  0.2204
Z -0.1655  0.1726  0.9710

PART 68
OFFSET  8.6813 -4.8989 -10.6350
X -0.1161 -0.9899  0.0814
Y  0.9777 -0.0995  0.1850
Z -0.1750  0.1010  0.9794

PART 69
OFFSET  8.8125 -3.7808 -10.7269
X -0.8940  0.4405  0.0820
Y  0.4255  0.8920 -0.1525
Z -0.1403 -0.1015 -0.9849

PART 70
OFFSET  6.7832 -7.1249 -11.7147
X -0.7703 -0.6305  0.0957
Y  0.6375 -0.7645  0.0954
Z  0.0130  0.1345  0.9908

PART 71
OFFSET  8.2880 -5.8933 -11.9016
X -0.0012 -0.9892  0.1463
Y  0.9985 -0.0091 -0.0535
Z  0.0542  0.1460  0.9878

PART 72
OFFSET  8.2897 -4.4484 -12.1153
X  0.5518 -0.8296  0.0853
Y  0.8271  0.5314 -0.1830
Z  0.1065  0.1716  0.9794

PART 73
OFFSET  7.6645 -3.5097 -12.2190
X -0.9582  0.2857 -0.0111
Y  0.2849  0.9508 -0.1214
Z -0.0241 -0.1195 -0.9925

PART 74
OFFSET  1.1788 -6.0398 -11.1230
X -0.9784 -0.0469 -0.2013
Y -0.0506  0.9986  0.0133
Z  0.2004  0.0232 -0.9794

PART 75
OFFSET  1.3861 -6.6351 -10.1040
X -0.9784 -0.0469 -0.2013
Y -0.0506  0.9986  0.0133
Z  0.2004  0.0232 -0.9794

PART 76
OFFSET  1.5948 -7.9512 -10.2927
X -0.9784 -0.0469 -0.2013
Y -0.0506  0.9986  0.0133
Z  0.2004  0.0232 -0.9794

PART 77
OFFSET  0.0000 -0.0000 -0.0000
X  1.0000 -0.0000  0.0000
Y  0.0000  1.0000  0.0000
Z  0.0000 -0.0000  1.0000

PART 78
OFFSET  0.0000 -0.0000 -0.0000
X  1.0000 -0.0000  0.0000
Y  0.0000  1.0000  0.0000
Z  0.0000 -0.0000  1.0000

PART 79
OFFSET  1.5404 -0.0000  4.1357
X  1.0000 -0.0000  0.0000
Y  0.0000  1.0000  0.0000
Z  0.0000 -0.0000  1.0000


FRAME 1
PART 0
OFFSET  0.0000 -0.0000 -0.0000
X  1.0000 -0.0000  0.0000
Y  0.0000  1.0000  0.0000
Z  0.0000 -0.0000  1.0000

PART 1
OFFSET -4.6318 -0.0000 -1.3770
X  1.0000 -0.0000  0.0000
Y  0.0000  1.0000  0.0000
Z  0.0000 -0.0000  1.0000

PART 2
OFFSET -0.7882  2.3043 -11.8542
X  0.7779  0.2953 -0.5547
Y -0.2598 -0.6525 -0.7118
Z -0.5722  0.6978 -0.4309

PART 3
OFFSET  8.6193  5.8762 -18.5626
X  0.0640 -0.9773  0.2020
Y -0.8547  0.0508  0.5167
Z -0.5152 -0.2057 -0.8320

PART 4
OFFSET  9.1640 -2.4362 -16.8449
X  0.0640 -0.9773  0.2020
Y  0.9852  0.0941  0.1430
Z -0.1588  0.1898  0.9689

PART 5
OFFSET  10.6848 -3.6757 -15.5311
X  0.0706 -0.9770  0.2011
Y  0.5272  0.2077  0.8239
Z -0.8468  0.0479  0.5298

PART 6
OFFSET  9.9258 -3.6412 -17.8965
X  0.0706 -0.9770  0.2011
Y  0.5272  0.2077  0.8239
Z -0.8468  0.0479  0.5298

PART 7
OFFSET  8.4246 -4.0773 -15.0362
X  0.0706 -0.9770  0.2011
Y  0.5272  0.2077  0.8239
Z -0.8468  0.0479  0.5298

PART 8
OFFSET  7.5512 -4.2415 -16.0470
X  0.0706 -0.9770  0.2011
Y  0.5272  0.2077  0.8239
Z -0.8468  0.0479  0.5298

PART 9
OFFSET  8.0342 -4.0396 -17.1248
X  0.0706 -0.9770  0.2011
Y  0.5272  0.2077  0.8239
Z -0.8468  0.0479  0.5298

PART 10
OFFSET  9.3604 -5.4323 -16.2258
X  0.8119 -0.5247 -0.2558
Y  0.5750  0.6436  0.5051
Z -0.1004 -0.5572  0.8243

PART 11
OFFSET  10.2393 -5.2760 -15.5150
X  0.9389 -0.3441 -0.0122
Y  0.3437  0.9344  0.0938
Z -0.0208 -0.0923  0.9955

PART 12
OFFSET  12.2984 -5.9304 -15.4766
X  0.7043 -0.6150 -0.3547
Y  0.7069  0.6539  0.2698
Z  0.0660 -0.4408  0.8952

PART 13
OFFSET  13.4006 -7.0115 -15.9651
X  0.9301 -0.3602 -0.0726
Y  0.3674  0.9078  0.2023
Z -0.0070 -0.2148  0.9766

PART 14
OFFSET  14.4123 -7.3954 -15.9955
X  0.7667  0.0592 -0.6392
Y -0.6417  0.0995 -0.7605
Z  0.0186  0.9933  0.1143

PART 15
OFFSET  9.4114 -6.6780 -16.8165
X  0.4381 -0.8475 -0.2995
Y -0.2195 -0.4240  0.8787
Z -0.8717 -0.3193 -0.3718

PART 16
OFFSET  10.4959 -8.5878 -17.3275
X  0.2162 -0.1465  0.9653
Y -0.3160  0.9250  0.2112
Z -0.9238 -0.3507  0.1537

PART 17
OFFSET  10.8021 -8.7952 -15.9609
X  0.0898  0.2112  0.9733
Y -0.4062  0.9001 -0.1579
Z -0.9094 -0.3811  0.1666

PART 18
OFFSET  10.8817 -8.6079 -15.0979
X -0.0277  0.4803  0.8766
Y -0.3529  0.8158 -0.4582
Z -0.9352 -0.3221  0.1469

PART 19
OFFSET  10.8553 -8.1516 -14.2651
X  0.3780 -0.8329 -0.4041
Y -0.3668  0.2661 -0.8914
Z  0.8501  0.4852 -0.2049

PART 20
OFFSET  9.9862 -6.2879 -16.6522
X  0.5955 -0.7004 -0.3936
Y -0.1422 -0.5740  0.8064
Z -0.7907 -0.4242 -0.4414

PART 21
OFFSET  11.4558 -8.2684 -17.4744
X  0.1274 -0.5731  0.8095
Y -0.1491  0.7958  0.5869
Z -0.9806 -0.1955  0.0160

PART 22
OFFSET  11.6728 -9.2441 -16.0962
X -0.0377  0.3113  0.9496
Y -0.2179  0.9248 -0.3118
Z -0.9752 -0.2187  0.0330

PART 23
OFFSET  11.6205 -8.8126 -14.7802
X -0.1216  0.6330  0.7645
Y -0.1849  0.7423 -0.6440
Z -0.9752 -0.2197  0.0267

PART 24
OFFSET  11.4886 -8.1261 -13.9510
X  0.1573 -0.9535 -0.2572
Y -0.0397  0.2541 -0.9664
Z  0.9868  0.1622  0.0021

PART 25
OFFSET  12.7226 -6.3266 -15.7705
X  0.6248 -0.7731 -0.1091
Y  0.3544  0.4054 -0.8426
Z  0.6957  0.4878  0.5273

PART 26
OFFSET  12.9952 -6.7844 -17.1478
X  0.2359 -0.9712  0.0338
Y -0.2475 -0.0264  0.9685
Z -0.9397 -0.2369 -0.2466

PART 27
OFFSET  13.4105 -8.4943 -17.0882
X -0.1240 -0.6685  0.7333
Y -0.3692  0.7170  0.5913
Z -0.9211 -0.1974 -0.3357

PART 28
OFFSET  13.3158 -9.2950 -16.1764
X -0.2503  0.0316  0.9677
Y -0.2456  0.9647 -0.0950
Z -0.9365 -0.2614 -0.2337

PART 29
OFFSET  13.0331 -9.2594 -15.0834
X  0.0398 -0.9547 -0.2950
Y  0.2883  0.2936 -0.9114
Z  0.9567 -0.0488  0.2869

PART 30
OFFSET  12.2668 -7.5265 -17.5206
X  0.1739 -0.7997  0.5747
Y -0.2889  0.5165  0.8061
Z -0.9414 -0.3062 -0.1412

PART 31
OFFSET  12.6064 -9.0888 -16.3980
X -0.1397  0.0010  0.9902
Y -0.2599  0.9649 -0.0376
Z -0.9555 -0.2627 -0.1346

PART 32
OFFSET  12.4023 -9.0874 -14.9517
X -0.2628  0.5898  0.7636
Y -0.0712  0.7774 -0.6249
Z -0.9622 -0.2186 -0.1624

PART 33
OFFSET  12.0979 -8.4215 -14.0875
X  0.3085 -0.9348 -0.1760
Y  0.0427  0.1984 -0.9792
Z  0.9503  0.2946  0.1011

PART 34
OFFSET  11.0988 -8.0508 -15.9353
X -0.8259 -0.4153 -0.3814
Y  0.1004  0.5572 -0.8243
Z  0.5548 -0.7191 -0.4185

PART 35
OFFSET  10.6182 -3.6704 -16.3624
X  0.0706 -0.9770  0.2011
Y  0.5272  0.2077  0.8239
Z -0.8468  0.0479  0.5298

PART 36
OFFSET  9.9258 -3.6412 -17.8965
X  0.0706 -0.9770  0.2011
Y  0.5272  0.2077  0.8239
Z -0.8468  0.0479  0.5298

PART 37
OFFSET  8.4246 -4.0773 -15.0362
X  0.0706 -0.9770  0.2011
Y  0.5272  0.2077  0.8239
Z -0.8468  0.0479  0.5298

PART 38
OFFSET  7.5512 -4.2415 -16.0470
X  0.0706 -0.9770  0.2011
Y  0.5272  0.2077  0.8239
Z -0.8468  0.0479  0.5298

PART 39
OFFSET  8.0342 -4.0396 -17.1248
X  0.0706 -0.9770  0.2011
Y  0.5272  0.2077  0.8239
Z -0.8468  0.0479  0.5298

PART 40
OFFSET  3.7376 -4.7775 -12.2649
X  0.8556 -0.3201 -0.4069
Y  0.2796  0.9472 -0.1572
Z  0.4357  0.0207  0.8999

PART 41
OFFSET  3.7376 -4.7775 -12.2649
X  0.8556 -0.3201 -0.4069
Y  0.2796  0.9472 -0.1572
Z  0.4357  0.0207  0.8999

PART 42
OFFSET  7.4670 -6.1055 -13.7297
X  0.8556 -0.3201 -0.4069
Y  0.2796  0.9472 -0.1572
Z  0.4357  0.0207  0.8999

PART 43
OFFSET  10.0630 -7.6407 -12.9441
X  0.8556 -0.3201 -0.4069
Y  0.2796  0.9472 -0.1572
Z  0.4357  0.0207  0.8999

PART 44
OFFSET -13.8537 -7.9373 -3.2184
X -0.4473 -0.0024  0.8944
Y -0.3971 -0.8955 -0.2011
Z  0.8014 -0.4451  0.3996

PART 45
OFFSET -8.4438 -7.9077 -14.0347
X -0.9748 -0.0718 -0.2114
Y  0.2131 -0.0158 -0.9769
Z  0.0668 -0.9973  0.0307

PART 46
OFFSET -0.1531 -7.2967 -12.2365
X -0.9748 -0.0718 -0.2114
Y  0.2191 -0.1263 -0.9675
Z  0.0428 -0.9894  0.1388

PART 47
OFFSET  1.0147 -6.0401 -11.2452
X -0.9762 -0.0690 -0.2057
Y -0.0671  0.9976 -0.0161
Z  0.2063 -0.0019 -0.9785

PART 48
OFFSET  1.2252 -6.6022 -10.2081
X -0.9762 -0.0690 -0.2057
Y -0.0671  0.9976 -0.0161
Z  0.2063 -0.0019 -0.9785

PART 49
OFFSET  1.4567 -7.9194 -10.3570
X -0.9762 -0.0690 -0.2057
Y -0.0671  0.9976 -0.0161
Z  0.2063 -0.0019 -0.9785

PART 50
OFFSET  2.8352 -7.0765 -11.5884
X -0.9985 -0.0518 -0.0175
Y  0.0235 -0.1168 -0.9929
Z  0.0494 -0.9918  0.1178

PART 51
OFFSET  3.2414 -6.5332 -10.6708
X -0.6401 -0.5250 -0.5609
Y  0.4798  0.2969 -0.8256
Z  0.6000 -0.7976  0.0619

PART 52
OFFSET  4.5415 -5.3856 -9.3815
X -0.9188 -0.3945  0.0114
Y  0.0665 -0.1833 -0.9808
Z  0.3890 -0.9004  0.1947

PART 53
OFFSET  5.9852 -4.6588 -9.4802
X -0.8208 -0.4007  0.4071
Y -0.3019 -0.3008 -0.9046
Z  0.4850 -0.8654  0.1260

PART 54
OFFSET  6.8557 -4.1807 -9.9108
X -0.9796  0.1981  0.0332
Y  0.1959  0.9788 -0.0600
Z -0.0444 -0.0523 -0.9976

PART 55
OFFSET  3.6953 -6.9573 -12.6606
X -0.8300 -0.0184  0.5575
Y  0.1179 -0.9827  0.1430
Z  0.5452  0.1844  0.8178

PART 56
OFFSET  5.6250 -6.7686 -13.8116
X -0.8497 -0.3994  0.3442
Y  0.3977 -0.9141 -0.0789
Z  0.3462  0.0699  0.9356

PART 57
OFFSET  6.8280 -6.2031 -14.2990
X -0.2001 -0.9705  0.1348
Y  0.9349 -0.2302 -0.2701
Z  0.2931  0.0720  0.9534

PART 58
OFFSET  7.0054 -5.3427 -14.4185
X  0.3852 -0.9191 -0.0831
Y  0.8512  0.3886 -0.3529
Z  0.3566  0.0652  0.9320

PART 59
OFFSET  6.6395 -4.4695 -14.3395
X -0.8805  0.4496  0.1503
Y  0.4398  0.8930 -0.0952
Z -0.1770 -0.0177 -0.9840

PART 60
OFFSET  3.9062 -7.0068 -11.9804
X -0.9571 -0.0194  0.2890
Y  0.0688 -0.9844  0.1616
Z  0.2814  0.1746  0.9436

PART 61
OFFSET  6.3500 -7.0040 -12.8670
X -0.8351 -0.4596  0.3023
Y  0.4615 -0.8844 -0.0695
Z  0.2993  0.0815  0.9507

PART 62
OFFSET  7.7718 -6.2216 -13.3817
X -0.1066 -0.9883  0.1094
Y  0.9560 -0.1321 -0.2618
Z  0.2731  0.0767  0.9589

PART 63
OFFSET  7.9196 -4.8520 -13.5333
X  0.4462 -0.8936 -0.0500
Y  0.8522  0.4412 -0.2813
Z  0.2734  0.0829  0.9583

PART 64
OFFSET  7.4357 -3.8828 -13.4791
X -0.8389  0.4841  0.2488
Y  0.4299  0.8696 -0.2427
Z -0.3338 -0.0967 -0.9377

PART 65
OFFSET -1.3139 -7.7250 -10.7585
X -0.9303 -0.3020  0.2083
Y -0.3365  0.9286 -0.1565
Z -0.1462 -0.2157 -0.9654

PART 66
OFFSET  6.7266 -7.1551 -10.7276
X -0.7772 -0.6292  0.0067
Y  0.6225 -0.7674  0.1537
Z -0.0915  0.1236  0.9881

PART 67
OFFSET  8.0950 -6.0473 -10.7394
X -0.4592 -0.8833  0.0945
Y  0.8800 -0.4378  0.1843
Z -0.1214  0.1678  0.9783

PART 68
OFFSET  8.6459 -4.9633 -10.7949
X -0.2154 -0.9743  0.0661
Y  0.9671 -0.2034  0.1527
Z -0.1353  0.0968  0.9861

PART 69
OFFSET  8.8892 -3.8628 -10.8695
X -0.8410  0.5280  0.1180
Y  0.5108  0.8467 -0.1487
Z -0.1784 -0.0648 -0.9818

PART 70
OFFSET  6.6367 -7.1094 -11.8277
X -0.8056 -0.5853  0.0918
Y  0.5911 -0.8046  0.0567
Z  0.0407  0.0999  0.9942

PART 71
OFFSET  8.2105 -5.9660 -12.0070
X -0.1147 -0.9864  0.1180
Y  0.9900 -0.1233 -0.0689
Z  0.0825  0.1089  0.9906

PART 72
OFFSET  8.3780 -4.5253 -12.1794
X  0.4362 -0.8981  0.0565
Y  0.8893  0.4207 -0.1793
Z  0.1373  0.1285  0.9822

PART 73
OFFSET  7.8835 -3.5088 -12.2505
X -0.9113  0.4117  0.0084
Y  0.4089  0.9071 -0.0999
Z -0.0488 -0.0876 -0.9950

PART 74
OFFSET  1.0147 -6.0401 -11.2451
X -0.9762 -0.0690 -0.2057
Y -0.0671  0.9976 -0.0161
Z  0.2063 -0.0019 -0.9785

PART 75
OFFSET  1.2251 -6.6020 -10.2080
X -0.9762 -0.0690 -0.2057
Y -0.0671  0.9976 -0.0161
Z  0.2063 -0.0019 -0.9785

PART 76
OFFSET  1.4567 -7.9194 -10.3571
X -0.9762 -0.0690 -0.2057
Y -0.0671  0.9976 -0.0161
Z  0.2063 -0.0019 -0.9785

PART 77
OFFSET  0.0000 -0.0000 -0.0000
X  1.0000 -0.0000  0.0000
Y  0.0000  1.0000  0.0000
Z  0.0000 -0.0000  1.0000

PART 78
OFFSET -0.0000 -0.0000 -0.0000
X  1.0000  0.0050 -0.0025
Y -0.0050  1.0000  0.0025
Z  0.0025 -0.0025  1.0000

PART 79
OFFSET  1.5508 -0.0026  4.1319
X  1.0000  0.0050 -0.0025
Y -0.0050  1.0000  0.0025
Z  0.0025 -0.0025  1.0000


FRAME 2
PART 0
OFFSET  0.0000 -0.0000 -0.0000
X  1.0000 -0.0000  0.0000
Y  0.0000  1.0000  0.0000
Z  0.0000 -0.0000  1.0000

PART 1
OFFSET -4.6318 -0.0000 -1.3770
X  1.0000 -0.0000  0.0000
Y  0.0000  1.0000  0.0000
Z  0.0000 -0.0000  1.0000

PART 2
OFFSET -0.7882  2.5184 -11.5808
X  0.7715  0.2498 -0.5852
Y -0.2529 -0.7236 -0.6422
Z -0.5839  0.6434 -0.4951

PART 3
OFFSET  8.5417  5.5391 -18.6583
X  0.1344 -0.9552  0.2636
Y -0.8465  0.0276  0.5317
Z -0.5152 -0.2946 -0.8049

PART 4
OFFSET  9.6849 -2.5856 -16.4163
X  0.1344 -0.9552  0.2636
Y  0.9586  0.1927  0.2095
Z -0.2509  0.2245  0.9416

PART 5
OFFSET  11.3108 -3.6304 -15.0598
X  0.1409 -0.9546  0.2626
Y  0.5269  0.2969  0.7964
Z -0.8382  0.0262  0.5448

PART 6
OFFSET  10.5078 -3.8041 -17.4044
X  0.1409 -0.9546  0.2626
Y  0.5269  0.2969  0.7964
Z -0.8382  0.0262  0.5448

PART 7
OFFSET  9.0928 -4.1487 -14.4883
X  0.1409 -0.9546  0.2626
Y  0.5269  0.2969  0.7964
Z -0.8382  0.0262  0.5448

PART 8
OFFSET  8.2142 -4.4379 -15.4660
X  0.1409 -0.9546  0.2626
Y  0.5269  0.2969  0.7964
Z -0.8382  0.0262  0.5448

PART 9
OFFSET  8.6624 -4.2761 -16.5654
X  0.1409 -0.9546  0.2626
Y  0.5269  0.2969  0.7964
Z -0.8382  0.0262  0.5448

PART 10
OFFSET  10.0970 -5.5140 -15.6083
X  0.8119 -0.5239 -0.2577
Y  0.5749  0.6401  0.5098
Z -0.1021 -0.5620  0.8208

PART 11
OFFSET  10.9750 -5.3627 -14.8952
X  0.9386 -0.3448 -0.0129
Y  0.3443  0.9335  0.0999
Z -0.0224 -0.0982  0.9949

PART 12
OFFSET  13.0335 -6.0191 -14.8578
X  0.7042 -0.6135 -0.3574
Y  0.7070  0.6516  0.2748
Z  0.0643 -0.4462  0.8926

PART 13
OFFSET  14.1354 -7.0983 -15.3511
X  0.9298 -0.3606 -0.0734
Y  0.3679  0.9063  0.2083
Z -0.0086 -0.2207  0.9753

PART 14
OFFSET  15.1468 -7.4829 -15.3823
X  0.7677  0.0623 -0.6378
Y -0.6405  0.1046 -0.7608
Z  0.0193  0.9926  0.1202

PART 15
OFFSET  10.1478 -6.7562 -16.2063
X  0.4378 -0.8461 -0.3039
Y -0.2211 -0.4290  0.8758
Z -0.8714 -0.3163 -0.3749

PART 16
OFFSET  11.2314 -8.6639 -16.7272
X  0.2147 -0.1524  0.9647
Y -0.3155  0.9240  0.2162
Z -0.9243 -0.3508  0.1503

PART 17
OFFSET  11.5353 -8.8797 -15.3613
X  0.0885  0.2053  0.9747
Y -0.4051  0.9014 -0.1531
Z -0.9100 -0.3813  0.1630

PART 18
OFFSET  11.6138 -8.6977 -14.4971
X -0.0286  0.4751  0.8795
Y -0.3515  0.8188 -0.4538
Z -0.9357 -0.3221  0.1436

PART 19
OFFSET  11.5867 -8.2463 -13.6616
X  0.3778 -0.8309 -0.4085
Y -0.3652  0.2717 -0.8904
Z  0.8508  0.4856 -0.2008

PART 20
OFFSET  10.7226 -6.3676 -16.0388
X  0.5954 -0.6985 -0.3969
Y -0.1439 -0.5787  0.8027
Z -0.7904 -0.4209 -0.4451

PART 21
OFFSET  12.1917 -8.3445 -16.8707
X  0.1258 -0.5780  0.8063
Y -0.1493  0.7925  0.5914
Z -0.9808 -0.1947  0.0134

PART 22
OFFSET  12.4058 -9.3286 -15.4980
X -0.0388  0.3057  0.9513
Y -0.2166  0.9268 -0.3066
Z -0.9755 -0.2180  0.0302

PART 23
OFFSET  12.3520 -8.9049 -14.1795
X -0.1222  0.6285  0.7681
Y -0.1833  0.7463 -0.6399
Z -0.9754 -0.2190  0.0240

PART 24
OFFSET  12.2195 -8.2232 -13.3465
X  0.1568 -0.9521 -0.2626
Y -0.0380  0.2599 -0.9649
Z  0.9869  0.1613  0.0046

PART 25
OFFSET  13.4577 -6.4140 -15.1534
X  0.6243 -0.7730 -0.1128
Y  0.3560  0.4101 -0.8397
Z  0.6954  0.4840  0.5312

PART 26
OFFSET  13.7319 -6.8638 -16.5330
X  0.2350 -0.9716  0.0284
Y -0.2490 -0.0319  0.9680
Z -0.9396 -0.2345 -0.2494

PART 27
OFFSET  14.1457 -8.5744 -16.4830
X -0.1256 -0.6728  0.7291
Y -0.3694  0.7138  0.5950
Z -0.9207 -0.1946 -0.3382

PART 28
OFFSET  14.0489 -9.3804 -15.5761
X -0.2517  0.0260  0.9675
Y -0.2446  0.9655 -0.0896
Z -0.9364 -0.2592 -0.2366

PART 29
OFFSET  13.7646 -9.3511 -14.4833
X  0.0394 -0.9529 -0.3006
Y  0.2899  0.2988 -0.9092
Z  0.9563 -0.0513  0.2880

PART 30
OFFSET  13.0034 -7.6031 -16.9113
X  0.1723 -0.8033  0.5701
Y -0.2896  0.5119  0.8087
Z -0.9415 -0.3045 -0.1444

PART 31
OFFSET  13.3400 -9.1723 -15.7975
X -0.1412 -0.0048  0.9900
Y -0.2590  0.9653 -0.0323
Z -0.9555 -0.2610 -0.1375

PART 32
OFFSET  13.1338 -9.1793 -14.3515
X -0.2634  0.5854  0.7667
Y -0.0696  0.7812 -0.6204
Z -0.9622 -0.2168 -0.1651

PART 33
OFFSET  12.8287 -8.5184 -13.4839
X  0.3079 -0.9340 -0.1811
Y  0.0443  0.2042 -0.9779
Z  0.9504  0.2931  0.1042

PART 34
OFFSET  11.8326 -8.1357 -15.3309
X -0.8257 -0.4123 -0.3850
Y  0.1021  0.5620 -0.8208
Z  0.5548 -0.7170 -0.4219

PART 35
OFFSET  11.2286 -3.6848 -15.8879
X  0.1409 -0.9546  0.2626
Y  0.5269  0.2969  0.7964
Z -0.8382  0.0262  0.5448

PART 36
OFFSET  10.5078 -3.8041 -17.4044
X  0.1409 -0.9546  0.2626
Y  0.5269  0.2969  0.7964
Z -0.8382  0.0262  0.5448

PART 37
OFFSET  9.0928 -4.1487 -14.4883
X  0.1409 -0.9546  0.2626
Y  0.5269  0.2969  0.7964
Z -0.8382  0.0262  0.5448

PART 38
OFFSET  8.2142 -4.4379 -15.4660
X  0.1409 -0.9546  0.2626
Y  0.5269  0.2969  0.7964
Z -0.8382  0.0262  0.5448

PART 39
OFFSET  8.6624 -4.2761 -16.5654
X  0.1409 -0.9546  0.2626
Y  0.5269  0.2969  0.7964
Z -0.8382  0.0262  0.5448

PART 40
OFFSET  4.4690 -4.8779 -11.6517
X  0.8559 -0.3184 -0.4075
Y  0.2806  0.9478 -0.1511
Z  0.4344  0.0150  0.9006

PART 41
OFFSET  4.4690 -4.8779 -11.6517
X  0.8559 -0.3184 -0.4075
Y  0.2806  0.9478 -0.1511
Z  0.4344  0.0150  0.9006

PART 42
OFFSET  8.1993 -6.2004 -13.1190
X  0.8559 -0.3184 -0.4075
Y  0.2806  0.9478 -0.1511
Z  0.4344  0.0150  0.9006

PART 43
OFFSET  10.7929 -7.7426 -12.3388
X  0.8559 -0.3184 -0.4075
Y  0.2806  0.9478 -0.1511
Z  0.4344  0.0150  0.9006

PART 44
OFFSET -13.6595 -7.9373 -3.3069
X -0.4070  0.0227  0.9131
Y -0.3860 -0.9103 -0.1495
Z  0.8278 -0.4133  0.3793

PART 45
OFFSET -8.7368 -8.2118 -14.3501
X -0.9697 -0.1021 -0.2218
Y  0.2270 -0.0429 -0.9729
Z  0.0899 -0.9938  0.0648

PART 46
OFFSET -0.4888 -7.3431 -12.4637
X -0.9697 -0.1021 -0.2218
Y  0.2324 -0.1078 -0.9666
Z  0.0748 -0.9889  0.1283

PART 47
OFFSET  0.6350 -6.0268 -11.4994
X -0.9713 -0.0991 -0.2162
Y -0.0904  0.9946 -0.0501
Z  0.2200 -0.0292 -0.9751

PART 48
OFFSET  0.8442 -6.5492 -10.4415
X -0.9713 -0.0991 -0.2162
Y -0.0904  0.9946 -0.0501
Z  0.2200 -0.0292 -0.9751

PART 49
OFFSET  1.1087 -7.8647 -10.5434
X -0.9713 -0.0991 -0.2162
Y -0.0904  0.9946 -0.0501
Z  0.2200 -0.0292 -0.9751

PART 50
OFFSET  2.4841 -7.0299 -11.7838
X -0.9989 -0.0479  0.0021
Y  0.0026 -0.0967 -0.9953
Z  0.0479 -0.9942  0.0968

PART 51
OFFSET  2.9113 -6.5069 -10.8640
X -0.6572 -0.4659 -0.5925
Y  0.5017  0.3163 -0.8052
Z  0.5626 -0.8264  0.0258

PART 52
OFFSET  4.2480 -5.4870 -9.5065
X -0.9337 -0.3556 -0.0427
Y  0.0934 -0.1266 -0.9875
Z  0.3458 -0.9260  0.1514

PART 53
OFFSET  5.7221 -4.8168 -9.5135
X -0.8863 -0.3868  0.2547
Y -0.1986 -0.1793 -0.9635
Z  0.4183 -0.9046  0.0821

PART 54
OFFSET  6.6648 -4.3541 -9.7763
X -0.9639  0.2586 -0.0633
Y  0.2535  0.9641  0.0789
Z  0.0814  0.0600 -0.9949

PART 55
OFFSET  3.3224 -6.8921 -12.8709
X -0.8184 -0.0267  0.5740
Y  0.1168 -0.9858  0.1207
Z  0.5626  0.1659  0.8099

PART 56
OFFSET  5.2289 -6.6870 -14.0574
X -0.8680 -0.3807  0.3189
Y  0.3516 -0.9246 -0.1469
Z  0.3508 -0.0154  0.9363

PART 57
OFFSET  6.4577 -6.1480 -14.5089
X -0.3133 -0.9457  0.0859
Y  0.9017 -0.3247 -0.2855
Z  0.2979 -0.0120  0.9545

PART 58
OFFSET  6.7355 -5.3095 -14.5851
X  0.2097 -0.9719 -0.1071
Y  0.9090  0.2341 -0.3448
Z  0.3602 -0.0251  0.9325

PART 59
OFFSET  6.5363 -4.3862 -14.4833
X -0.7831  0.6000  0.1636
Y  0.5968  0.7990 -0.0735
Z -0.1748  0.0400 -0.9838

PART 60
OFFSET  3.5471 -6.9561 -12.1963
X -0.9511 -0.0218  0.3082
Y  0.0681 -0.9878  0.1403
Z  0.3014  0.1544  0.9409

PART 61
OFFSET  5.9722 -6.9442 -13.1329
X -0.8627 -0.4201  0.2814
Y  0.4022 -0.9074 -0.1216
Z  0.3064  0.0083  0.9519

PART 62
OFFSET  7.4410 -6.2289 -13.6120
X -0.2383 -0.9683  0.0743
Y  0.9300 -0.2496 -0.2700
Z  0.2800  0.0048  0.9600

PART 63
OFFSET  7.7713 -4.8869 -13.7150
X  0.2802 -0.9573 -0.0712
Y  0.9179  0.2888 -0.2722
Z  0.2811  0.0109  0.9596

PART 64
OFFSET  7.4675 -3.8486 -13.6378
X -0.7400  0.6199  0.2610
Y  0.5785  0.7846 -0.2232
Z -0.3431 -0.0142 -0.9392

PART 65
OFFSET -1.6496 -7.6803 -10.8818
X -0.9270 -0.3028  0.2213
Y -0.3359  0.9328 -0.1308
Z -0.1668 -0.1956 -0.9664

PART 66
OFFSET  6.3920 -7.1399 -11.0052
X -0.7961 -0.6039  0.0397
Y  0.6044 -0.7900  0.1031
Z -0.0309  0.1061  0.9939

PART 67
OFFSET  7.7936 -6.0766 -11.0751
X -0.5201 -0.8484  0.0986
Y  0.8520 -0.5073  0.1295
Z -0.0598  0.1514  0.9867

PART 68
OFFSET  8.4223 -5.0361 -11.1351
X -0.3273 -0.9435  0.0515
Y  0.9416 -0.3212  0.1009
Z -0.0787  0.0815  0.9936

PART 69
OFFSET  8.7920 -3.9704 -11.1932
X -0.7656  0.6200  0.1716
Y  0.6014  0.7845 -0.1513
Z -0.2284 -0.0127 -0.9735

PART 70
OFFSET  6.2797 -7.0716 -12.1021
X -0.8425 -0.5300  0.0966
Y  0.5323 -0.8466 -0.0025
Z  0.0831  0.0493  0.9953

PART 71
OFFSET  7.9256 -6.0363 -12.2907
X -0.2441 -0.9660  0.0850
Y  0.9616 -0.2524 -0.1075
Z  0.1253  0.0555  0.9906

PART 72
OFFSET  8.2821 -4.6253 -12.4149
X  0.2922 -0.9563  0.0119
Y  0.9389  0.2845 -0.1938
Z  0.1819  0.0678  0.9810

PART 73
OFFSET  7.9505 -3.5425 -12.4355
X -0.8354  0.5472  0.0519
Y  0.5425  0.8360 -0.0824
Z -0.0885 -0.0407 -0.9952

PART 74
OFFSET  0.6350 -6.0268 -11.4993
X -0.9713 -0.0991 -0.2162
Y -0.0904  0.9946 -0.0501
Z  0.2200 -0.0292 -0.9751

PART 75
OFFSET  0.8441 -6.5490 -10.4414
X -0.9713 -0.0991 -0.2162
Y -0.0904  0.9946 -0.0501
Z  0.2200 -0.0292 -0.9751

PART 76
OFFSET  1.1087 -7.8647 -10.5435
X -0.9713 -0.0991 -0.2162
Y -0.0904  0.9946 -0.0501
Z  0.2200 -0.0292 -0.9751

PART 77
OFFSET  0.0000 -0.0000 -0.0000
X  1.0000 -0.0000  0.0000
Y  0.0000  1.0000  0.0000
Z  0.0000 -0.0000  1.0000

PART 78
OFFSET -0.0000 -0.0000 -0.0000
X  0.9999  0.0107 -0.0053
Y -0.0106  0.9999  0.0053
Z  0.0054 -0.0053  1.0000

PART 79
OFFSET  1.5626 -0.0054  4.1274
X  0.9999  0.0107 -0.0053
Y -0.0106  0.9999  0.0053
Z  0.0054 -0.0053  1.0000


FRAME 3
PART 0
OFFSET  0.0000 -0.0000 -0.0000
X  1.0000 -0.0000  0.0000
Y  0.0000  1.0000  0.0000
Z  0.0000 -0.0000  1.0000

PART 1
OFFSET -4.6318 -0.0000 -1.3770
X  1.0000 -0.0000  0.0000
Y  0.0000  1.0000  0.0000
Z  0.0000 -0.0000  1.0000

PART 2
OFFSET -0.7882  2.8435 -11.1659
X  0.7587  0.1659 -0.6300
Y -0.2481 -0.8206 -0.5149
Z -0.6024  0.5469 -0.5814

PART 3
OFFSET  8.3871  4.8499 -18.7849
X  0.2404 -0.9041  0.3532
Y -0.8193  0.0061  0.5733
Z -0.5205 -0.4272 -0.7393

PART 4
OFFSET  10.4322 -2.8402 -15.7810
X  0.2404 -0.9041  0.3532
Y  0.8743  0.3598  0.3259
Z -0.4217  0.2304  0.8770

PART 5
OFFSET  12.2150 -3.5747 -14.4182
X  0.2468 -0.9030  0.3518
Y  0.5315  0.4296  0.7300
Z -0.8103  0.0068  0.5860

PART 6
OFFSET  11.3246 -4.0767 -16.6827
X  0.2468 -0.9030  0.3518
Y  0.5315  0.4296  0.7300
Z -0.8103  0.0068  0.5860

PART 7
OFFSET  10.0883 -4.2328 -13.6706
X  0.2468 -0.9030  0.3518
Y  0.5315  0.4296  0.7300
Z -0.8103  0.0068  0.5860

PART 8
OFFSET  9.1980 -4.7074 -14.5615
X  0.2468 -0.9030  0.3518
Y  0.5315  0.4296  0.7300
Z -0.8103  0.0068  0.5860

PART 9
OFFSET  9.5762 -4.6250 -15.6954
X  0.2468 -0.9030  0.3518
Y  0.5315  0.4296  0.7300
Z -0.8103  0.0068  0.5860

PART 10
OFFSET  11.1693 -5.6120 -14.6983
X  0.8138 -0.5210 -0.2574
Y  0.5716  0.6372  0.5170
Z -0.1053 -0.5679  0.8164

PART 11
OFFSET  12.0437 -5.4646 -13.9800
X  0.9391 -0.3435 -0.0108
Y  0.3426  0.9332  0.1080
Z -0.0270 -0.1051  0.9941

PART 12
OFFSET  14.1029 -6.1186 -13.9372
X  0.7068 -0.6100 -0.3583
Y  0.7049  0.6506  0.2827
Z  0.0606 -0.4523  0.8898

PART 13
OFFSET  15.2086 -7.1929 -14.4328
X  0.9307 -0.3588 -0.0714
Y  0.3657  0.9053  0.2163
Z -0.0130 -0.2275  0.9737

PART 14
OFFSET  16.2206 -7.5759 -14.4618
X  0.7707  0.0678 -0.6336
Y -0.6370  0.1091 -0.7631
Z  0.0174  0.9917  0.1272

PART 15
OFFSET  11.2247 -6.8499 -15.3048
X  0.4404 -0.8434 -0.3077
Y -0.2248 -0.4354  0.8717
Z -0.8692 -0.3148 -0.3813

PART 16
OFFSET  12.3132 -8.7525 -15.8337
X  0.2102 -0.1589  0.9646
Y -0.3177  0.9220  0.2211
Z -0.9246 -0.3530  0.1434

PART 17
OFFSET  12.6109 -8.9775 -14.4680
X  0.0836  0.1986  0.9765
Y -0.4056  0.9019 -0.1487
Z -0.9102 -0.3836  0.1559

PART 18
OFFSET  12.6850 -8.8014 -13.6022
X -0.0334  0.4689  0.8826
Y -0.3504  0.8215 -0.4498
Z -0.9360 -0.3243  0.1369

PART 19
OFFSET  12.6532 -8.3559 -12.7637
X  0.3809 -0.8275 -0.4125
Y -0.3613  0.2775 -0.8902
Z  0.8511  0.4881 -0.1933

PART 20
OFFSET  11.7982 -6.4618 -15.1318
X  0.5983 -0.6950 -0.3989
Y -0.1470 -0.5845  0.7980
Z -0.7877 -0.4188 -0.4518

PART 21
OFFSET  13.2739 -8.4309 -15.9704
X  0.1226 -0.5835  0.8028
Y -0.1532  0.7881  0.5962
Z -0.9806 -0.1961  0.0073

PART 22
OFFSET  13.4826 -9.4242 -14.6036
X -0.0438  0.2990  0.9533
Y -0.2164  0.9287 -0.3012
Z -0.9753 -0.2195  0.0240

PART 23
OFFSET  13.4219 -9.0099 -13.2824
X -0.1267  0.6230  0.7719
Y -0.1812  0.7505 -0.6355
Z -0.9752 -0.2204  0.0178

PART 24
OFFSET  13.2845 -8.3342 -12.4453
X  0.1594 -0.9500 -0.2685
Y -0.0337  0.2666 -0.9632
Z  0.9866  0.1626  0.0104

PART 25
OFFSET  14.5290 -6.5108 -14.2335
X  0.6258 -0.7714 -0.1152
Y  0.3595  0.4164 -0.8351
Z  0.6922  0.4812  0.5379

PART 26
OFFSET  14.8104 -6.9506 -15.6150
X  0.2361 -0.9715  0.0227
Y -0.2536 -0.0390  0.9665
Z -0.9381 -0.2340 -0.2555

PART 27
OFFSET  15.2262 -8.6610 -15.5749
X -0.1282 -0.6780  0.7238
Y -0.3732  0.7092  0.5982
Z -0.9189 -0.1934 -0.3440

PART 28
OFFSET  15.1262 -9.4735 -14.6741
X -0.2564  0.0189  0.9664
Y -0.2455  0.9658 -0.0840
Z -0.9349 -0.2588 -0.2429

PART 29
OFFSET  14.8366 -9.4521 -13.5826
X  0.0421 -0.9508 -0.3071
Y  0.2939  0.3055 -0.9057
Z  0.9549 -0.0521  0.2922

PART 30
OFFSET  14.0847 -7.6882 -16.0019
X  0.1706 -0.8070  0.5654
Y -0.2942  0.5059  0.8109
Z -0.9404 -0.3047 -0.1511

PART 31
OFFSET  14.4181 -9.2647 -14.8975
X -0.1459 -0.0119  0.9892
Y -0.2602  0.9652 -0.0268
Z -0.9545 -0.2613 -0.1439

PART 32
OFFSET  14.2049 -9.2821 -13.4526
X -0.2679  0.5797  0.7695
Y -0.0676  0.7854 -0.6152
Z -0.9611 -0.2169 -0.1712

PART 33
OFFSET  13.8948 -8.6276 -12.5818
X  0.3100 -0.9323 -0.1862
Y  0.0487  0.2111 -0.9762
Z  0.9495  0.2936  0.1109

PART 34
OFFSET  12.9071 -8.2334 -14.4309
X -0.8233 -0.4107 -0.3919
Y  0.1053  0.5679 -0.8164
Z  0.5578 -0.7134 -0.4243

PART 35
OFFSET  12.1001 -3.7264 -15.2302
X  0.2468 -0.9030  0.3518
Y  0.5315  0.4296  0.7300
Z -0.8103  0.0068  0.5860

PART 36
OFFSET  11.3246 -4.0767 -16.6827
X  0.2468 -0.9030  0.3518
Y  0.5315  0.4296  0.7300
Z -0.8103  0.0068  0.5860

PART 37
OFFSET  10.0883 -4.2328 -13.6706
X  0.2468 -0.9030  0.3518
Y  0.5315  0.4296  0.7300
Z -0.8103  0.0068  0.5860

PART 38
OFFSET  9.1980 -4.7074 -14.5615
X  0.2468 -0.9030  0.3518
Y  0.5315  0.4296  0.7300
Z -0.8103  0.0068  0.5860

PART 39
OFFSET  9.5762 -4.6250 -15.6954
X  0.2468 -0.9030  0.3518
Y  0.5315  0.4296  0.7300
Z -0.8103  0.0068  0.5860

PART 40
OFFSET  5.5214 -5.0106 -10.7646
X  0.8583 -0.3144 -0.4056
Y  0.2801  0.9492 -0.1432
Z  0.4300  0.0093  0.9028

PART 41
OFFSET  5.5214 -5.0106 -10.7646
X  0.8583 -0.3144 -0.4056
Y  0.2801  0.9492 -0.1432
Z  0.4300  0.0093  0.9028

PART 42
OFFSET  9.2605 -6.3181 -12.2230
X  0.8583 -0.3144 -0.4056
Y  0.2801  0.9492 -0.1432
Z  0.4300  0.0093  0.9028

PART 43
OFFSET  11.8524 -7.8624 -11.4411
X  0.8583 -0.3144 -0.4056
Y  0.2801  0.9492 -0.1432
Z  0.4300  0.0093  0.9028

PART 44
OFFSET -13.3595 -7.9373 -3.4437
X -0.3540  0.0567  0.9335
Y -0.3689 -0.9257 -0.0837
Z  0.8594 -0.3741  0.3486

PART 45
OFFSET -9.0776 -8.6225 -14.7335
X -0.9617 -0.1426 -0.2341
Y  0.2461 -0.0734 -0.9665
Z  0.1206 -0.9871  0.1057

PART 46
OFFSET -0.8979 -7.4096 -12.7427
X -0.9617 -0.1426 -0.2341
Y  0.2476 -0.0859 -0.9650
Z  0.1175 -0.9860  0.1179

PART 47
OFFSET  0.1651 -6.0204 -11.8123
X -0.9635 -0.1394 -0.2286
Y -0.1214  0.9884 -0.0911
Z  0.2386 -0.0600 -0.9693

PART 48
OFFSET  0.3715 -6.4938 -10.7311
X -0.9635 -0.1394 -0.2286
Y -0.1214  0.9884 -0.0911
Z  0.2386 -0.0600 -0.9693

PART 49
OFFSET  0.6801 -7.8029 -10.7763
X -0.9635 -0.1394 -0.2286
Y -0.1214  0.9884 -0.0911
Z  0.2386 -0.0600 -0.9693

PART 50
OFFSET  2.0504 -6.9724 -12.0252
X -0.9987 -0.0430  0.0262
Y -0.0231 -0.0719 -0.9971
Z  0.0448 -0.9965  0.0708

PART 51
OFFSET  2.5035 -6.4746 -11.1038
X -0.6748 -0.3986 -0.6211
Y  0.5238  0.3341 -0.7836
Z  0.5198 -0.8541 -0.0166

PART 52
OFFSET  3.8785 -5.6002 -9.6844
X -0.9470 -0.3067 -0.0951
Y  0.1215 -0.0683 -0.9902
Z  0.2972 -0.9493  0.1020

PART 53
OFFSET  5.3813 -5.0028 -9.6014
X -0.9351 -0.3417  0.0935
Y -0.0780 -0.0590 -0.9952
Z  0.3456 -0.9379  0.0286

PART 54
OFFSET  6.3780 -4.5893 -9.6870
X -0.9284  0.3381 -0.1544
Y  0.3008  0.9275  0.2221
Z  0.2183  0.1598 -0.9627

PART 55
OFFSET  2.8618 -6.8117 -13.1294
X -0.8038 -0.0370  0.5938
Y  0.1144 -0.9891  0.0932
Z  0.5838  0.1428  0.7992

PART 56
OFFSET  4.7388 -6.5864 -14.3585
X -0.8861 -0.3545  0.2987
Y  0.2966 -0.9288 -0.2224
Z  0.3563 -0.1084  0.9281

PART 57
OFFSET  5.9932 -6.0846 -14.7815
X -0.4317 -0.9011  0.0401
Y  0.8493 -0.4211 -0.3185
Z  0.3039 -0.1034  0.9471

PART 58
OFFSET  6.3760 -5.2856 -14.8170
X  0.0115 -0.9906 -0.1366
Y  0.9314  0.0603 -0.3589
Z  0.3637 -0.1231  0.9233

PART 59
OFFSET  6.3650 -4.3446 -14.6872
X -0.6461  0.7376  0.1963
Y  0.7417  0.6674 -0.0663
Z -0.1799  0.1027 -0.9783

PART 60
OFFSET  3.1030 -6.8936 -12.4626
X -0.9431 -0.0248  0.3316
Y  0.0662 -0.9913  0.1140
Z  0.3259  0.1294  0.9365

PART 61
OFFSET  5.5037 -6.8702 -13.4598
X -0.8884 -0.3728  0.2679
Y  0.3333 -0.9251 -0.1819
Z  0.3157 -0.0723  0.9461

PART 62
OFFSET  7.0162 -6.2355 -13.9160
X -0.3752 -0.9260  0.0415
Y  0.8807 -0.3701 -0.2957
Z  0.2891 -0.0744  0.9544

PART 63
OFFSET  7.5362 -4.9521 -13.9735
X  0.0914 -0.9909 -0.0989
Y  0.9523  0.1160 -0.2822
Z  0.2911 -0.0684  0.9542

PART 64
OFFSET  7.4371 -3.8775 -13.8662
X -0.6046  0.7422  0.2892
Y  0.7144  0.6658 -0.2152
Z -0.3523  0.0765 -0.9328

PART 65
OFFSET -2.0628 -7.6247 -11.0350
X -0.9228 -0.3036  0.2372
Y -0.3339  0.9374 -0.0991
Z -0.1923 -0.1706 -0.9664

PART 66
OFFSET  5.9760 -7.1210 -11.3489
X -0.8123 -0.5780  0.0783
Y  0.5821 -0.8118  0.0466
Z  0.0366  0.0834  0.9958

PART 67
OFFSET  7.4062 -6.1034 -11.4868
X -0.5799 -0.8071  0.1108
Y  0.8146 -0.5760  0.0681
Z  0.0089  0.1298  0.9915

PART 68
OFFSET  8.1117 -5.1143 -11.5613
X -0.4402 -0.8966  0.0486
Y  0.8978 -0.4386  0.0406
Z -0.0151  0.0615  0.9980

PART 69
OFFSET  8.6089 -4.1016 -11.6162
X -0.6714  0.7051  0.2282
Y  0.6864  0.7077 -0.1672
Z -0.2794  0.0444 -0.9591

PART 70
OFFSET  5.8364 -7.0249 -12.4406
X -0.8764 -0.4685  0.1119
Y  0.4636 -0.8834 -0.0682
Z  0.1308 -0.0079  0.9914

PART 71
OFFSET  7.5485 -6.1097 -12.6591
X -0.3768 -0.9242  0.0618
Y  0.9100 -0.3818 -0.1617
Z  0.1731 -0.0047  0.9849

PART 72
OFFSET  8.0989 -4.7597 -12.7495
X  0.1307 -0.9909 -0.0311
Y  0.9643  0.1343 -0.2284
Z  0.2305 -0.0001  0.9731

PART 73
OFFSET  7.9499 -3.6373 -12.7213
X -0.7308  0.6740  0.1075
Y  0.6692  0.7386 -0.0818
Z -0.1345  0.0121 -0.9908

PART 74
OFFSET  0.1650 -6.0203 -11.8123
X -0.9635 -0.1394 -0.2286
Y -0.1214  0.9884 -0.0911
Z  0.2386 -0.0600 -0.9693

PART 75
OFFSET  0.3714 -6.4936 -10.7310
X -0.9635 -0.1394 -0.2286
Y -0.1214  0.9884 -0.0911
