// Export filename: `C:\projects\cod\t5\xanim_export\t5_viewmodels\ak74u\ak74u_grenadier_fromgrenade.XANIM_EXPORT`
// Source filename: `D:\projects\devanim\t5\animation_assets\viewmodels\ak74u/t5_viewmodel_ak74u_animated2.fbx`
// Export time: Sat Aug 28 02:55:55 2010

ANIMATION
VERSION 3

NUMPARTS 80
PART 0 "tag_ads"
PART 1 "tag_torso"
PART 2 "J_Shoulder_LE"
PART 3 "J_Elbow_LE"
PART 4 "J_WristTwist_LE"
PART 5 "J_Sleave_Reshape_Bottom_LE_1"
PART 6 "J_Sleave_Reshape_Bottom_LE_2"
PART 7 "J_Sleave_Reshape_Top_LE_1"
PART 8 "J_Sleave_Reshape_Top_LE_2"
PART 9 "J_Sleave_Reshape_Top_LE_3"
PART 10 "J_Wrist_LE"
PART 11 "J_Thumb_LE_0"
PART 12 "J_Thumb_LE_1"
PART 13 "J_Thumb_LE_2"
PART 14 "J_Thumb_LE_3"
PART 15 "J_PinkyPalm_LE"
PART 16 "J_Pinky_LE_0"
PART 17 "J_Pinky_LE_1"
PART 18 "J_Pinky_LE_2"
PART 19 "J_Pinky_LE_3"
PART 20 "J_RingPalm_LE"
PART 21 "J_Ring_LE_0"
PART 22 "J_Ring_LE_1"
PART 23 "J_Ring_LE_2"
PART 24 "J_Ring_LE_3"
PART 25 "J_Webbing_LE"
PART 26 "J_Index_LE_0"
PART 27 "J_Index_LE_1"
PART 28 "J_Index_LE_2"
PART 29 "J_Index_LE_3"
PART 30 "J_Mid_LE_0"
PART 31 "J_Mid_LE_1"
PART 32 "J_Mid_LE_2"
PART 33 "J_Mid_LE_3"
PART 34 "tag_knife_attach"
PART 35 "D_Sleave_Reshape_Bottom_LE_1"
PART 36 "D_Sleave_Reshape_Bottom_LE_2"
PART 37 "D_Sleave_Reshape_Top_LE_1"
PART 38 "D_Sleave_Reshape_Top_LE_2"
PART 39 "D_Sleave_Reshape_Top_LE_3"
PART 40 "tag_weapon"
PART 41 "J_Gun"
PART 42 "TAG_CLIP"
PART 43 "J_Bolt"
PART 44 "J_Shoulder_RI"
PART 45 "J_Elbow_RI"
PART 46 "J_WristTwist_RI"
PART 47 "J_Sleave_Reshape_Top_RI_3"
PART 48 "J_Sleave_Reshape_Top_RI_2"
PART 49 "J_Sleave_Reshape_Top_RI_1"
PART 50 "J_Wrist_RI"
PART 51 "J_Thumb_RI_0"
PART 52 "J_Thumb_RI_1"
PART 53 "J_Thumb_RI_2"
PART 54 "J_Thumb_RI_3"
PART 55 "J_PinkyPalm_RI"
PART 56 "J_Pinky_RI_0"
PART 57 "J_Pinky_RI_1"
PART 58 "J_Pinky_RI_2"
PART 59 "J_Pinky_RI_3"
PART 60 "J_RingPalm_RI"
PART 61 "J_Ring_RI_0"
PART 62 "J_Ring_RI_1"
PART 63 "J_Ring_RI_2"
PART 64 "J_Ring_RI_3"
PART 65 "J_Webbing_RI"
PART 66 "J_Index_RI_0"
PART 67 "J_Index_RI_1"
PART 68 "J_Index_RI_2"
PART 69 "J_Index_RI_3"
PART 70 "J_Mid_RI_0"
PART 71 "J_Mid_RI_1"
PART 72 "J_Mid_RI_2"
PART 73 "J_Mid_RI_3"
PART 74 "D_Sleave_Reshape_Top_RI_3"
PART 75 "D_Sleave_Reshape_Top_RI_2"
PART 76 "D_Sleave_Reshape_Top_RI_1"
PART 77 "tag_cambone"
PART 78 "tag_camera"
PART 79 "tag_gasmask"

FRAMERATE 30
NUMFRAMES 21

FRAME 2310
PART 0
OFFSET  0.0000 -0.0000 -0.0000
X  1.0000 -0.0000  0.0000
Y  0.0000  1.0000  0.0000
Z  0.0000 -0.0000  1.0000

PART 1
OFFSET -4.6318 -0.0000 -1.3770
X  1.0000 -0.0000  0.0000
Y  0.0000  1.0000  0.0000
Z  0.0000 -0.0000  1.0000

PART 2
OFFSET -1.0115  7.9373 -5.7336
X  0.7429 -0.2656 -0.6145
Y -0.0996 -0.9516  0.2908
Z -0.6620 -0.1548 -0.7333

PART 3
OFFSET  7.9724  4.7255 -13.1656
X  0.8327 -0.4390  0.3375
Y -0.3572  0.0399  0.9332
Z -0.4231 -0.8976 -0.1236

PART 4
OFFSET  15.0547  0.9914 -10.2952
X  0.8327 -0.4390  0.3375
Y -0.5071 -0.3596  0.7833
Z -0.2225 -0.8234 -0.5220

PART 5
OFFSET  17.2960  1.7286 -10.2016
X  0.8360 -0.4368  0.3322
Y  0.4259  0.8982  0.1093
Z -0.3461  0.0502  0.9368

PART 6
OFFSET  16.0386 -0.1594 -11.2149
X  0.8360 -0.4368  0.3322
Y  0.4259  0.8982  0.1093
Z -0.3461  0.0502  0.9368

PART 7
OFFSET  16.4579  0.9126 -8.1653
X  0.8360 -0.4368  0.3322
Y  0.4259  0.8982  0.1093
Z -0.3461  0.0502  0.9368

PART 8
OFFSET  15.7373 -0.2242 -8.1612
X  0.8360 -0.4368  0.3322
Y  0.4259  0.8982  0.1093
Z -0.3461  0.0502  0.9368

PART 9
OFFSET  15.5036 -0.6380 -9.2611
X  0.8360 -0.4368  0.3322
Y  0.4259  0.8982  0.1093
Z -0.3461  0.0502  0.9368

PART 10
OFFSET  17.6075 -0.3546 -9.2606
X  0.5909 -0.3987  0.7013
Y -0.8012 -0.1881  0.5681
Z -0.0946 -0.8976 -0.4305

PART 11
OFFSET  17.0613 -1.0840 -8.5736
X -0.2536 -0.9035  0.3454
Y -0.9656  0.2575 -0.0354
Z -0.0570 -0.3425 -0.9378

PART 12
OFFSET  16.4145 -3.0271 -7.8840
X  0.7426 -0.5246  0.4164
Y -0.6453 -0.7268  0.2351
Z  0.1793 -0.4433 -0.8783

PART 13
OFFSET  17.6719 -3.8803 -7.3242
X  0.9579  0.2748 -0.0828
Y  0.2841 -0.8666  0.4102
Z  0.0409 -0.4165 -0.9082

PART 14
OFFSET  18.7145 -3.6169 -7.4484
X  0.7394  0.2918  0.6068
Y -0.6693  0.4170  0.6150
Z -0.0736 -0.8608  0.5036

PART 15
OFFSET  18.9462 -0.6719 -9.3624
X  0.9378 -0.2580  0.2322
Y -0.1156 -0.8630 -0.4919
Z  0.3273  0.4344 -0.8391

PART 16
OFFSET  20.9915 -1.4208 -8.7787
X -0.3118 -0.9364 -0.1609
Y -0.8543  0.3504 -0.3839
Z  0.4158  0.0178 -0.9093

PART 17
OFFSET  20.5501 -2.7466 -9.0064
X -0.9447  0.0478 -0.3245
Y  0.0695  0.9960 -0.0558
Z  0.3205 -0.0753 -0.9442

PART 18
OFFSET  19.7125 -2.7043 -9.2941
X -0.9426 -0.0293 -0.3326
Y -0.0246  0.9995 -0.0183
Z  0.3329 -0.0091 -0.9429

PART 19
OFFSET  18.8170 -2.7321 -9.6100
X  0.6883 -0.6037  0.4022
Y  0.6301  0.7723  0.0810
Z -0.3595  0.1977  0.9120

PART 20
OFFSET  18.5570 -0.7593 -8.7705
X  0.8078 -0.3270  0.4904
Y -0.0714 -0.8801 -0.4693
Z  0.5851  0.3441 -0.7343

PART 21
OFFSET  20.7421 -1.5375 -7.5965
X -0.1150 -0.9486 -0.2947
Y -0.8775  0.2361 -0.4175
Z  0.4657  0.2105 -0.8596

PART 22
OFFSET  20.5462 -3.1526 -8.0982
X -0.8807  0.0273 -0.4728
Y -0.0631  0.9827  0.1742
Z  0.4694  0.1832 -0.8638

PART 23
OFFSET  19.3256 -3.1148 -8.7535
X -0.8747  0.2050 -0.4391
Y  0.0963  0.9616  0.2571
Z  0.4749  0.1826 -0.8609

PART 24
OFFSET  18.3769 -2.8924 -9.2297
X  0.6850 -0.7083  0.1706
Y  0.5597  0.6616  0.4990
Z -0.4663 -0.2464  0.8496

PART 25
OFFSET  18.1063 -2.3633 -6.4272
X  0.6846 -0.5883  0.4303
Y  0.2308  0.7350  0.6376
Z -0.6914 -0.3372  0.6390

PART 26
OFFSET  19.3409 -1.7162 -5.9392
X  0.8166 -0.3658  0.4465
Y -0.2447 -0.9200 -0.3062
Z  0.5228  0.1407 -0.8407

PART 27
OFFSET  20.7786 -2.3603 -5.1530
X  0.5269 -0.8377  0.1436
Y -0.6587 -0.5093 -0.5539
Z  0.5371  0.1973 -0.8201

PART 28
OFFSET  21.3865 -3.3906 -4.9286
X -0.2120 -0.9367 -0.2788
Y -0.7402  0.3402 -0.5800
Z  0.6381  0.0834 -0.7654

PART 29
OFFSET  21.1471 -4.4486 -5.2436
X  0.9167  0.0213  0.3990
Y -0.1064  0.9755  0.1924
Z -0.3852 -0.2188  0.8965

PART 30
OFFSET  20.1300 -1.6307 -6.7076
X -0.1220 -0.8957 -0.4276
Y -0.8386  0.3234 -0.4383
Z  0.5309  0.3051 -0.7906

PART 31
OFFSET  19.8918 -3.3805 -7.5429
X -0.8340  0.0186 -0.5515
Y -0.1763  0.9380  0.2983
Z  0.5228  0.3460 -0.7790

PART 32
OFFSET  18.6736 -3.3533 -8.3484
X -0.8372  0.3667 -0.4057
Y  0.1142  0.8427  0.5261
Z  0.5348  0.3941 -0.7474

PART 33
OFFSET  17.7291 -2.9357 -8.8136
X  0.5348 -0.8447  0.0229
Y  0.6644  0.4371  0.6062
Z -0.5220 -0.3090  0.7950

PART 34
OFFSET  19.4972 -2.7019 -8.3213
X  0.5391  0.3174 -0.7801
Y  0.0946  0.8976  0.4305
Z  0.8369 -0.3059  0.4539

PART 35
OFFSET  16.9746  1.1409 -10.6985
X  0.8360 -0.4368  0.3322
Y  0.4259  0.8982  0.1093
Z -0.3461  0.0502  0.9368

PART 36
OFFSET  16.0386 -0.1594 -11.2149
X  0.8360 -0.4368  0.3322
Y  0.4259  0.8982  0.1093
Z -0.3461  0.0502  0.9368

PART 37
OFFSET  16.4579  0.9126 -8.1653
X  0.8360 -0.4368  0.3322
Y  0.4259  0.8982  0.1093
Z -0.3461  0.0502  0.9368

PART 38
OFFSET  15.7373 -0.2242 -8.1612
X  0.8360 -0.4368  0.3322
Y  0.4259  0.8982  0.1093
Z -0.3461  0.0502  0.9368

PART 39
OFFSET  15.5036 -0.6380 -9.2611
X  0.8360 -0.4368  0.3322
Y  0.4259  0.8982  0.1093
Z -0.3461  0.0502  0.9368

PART 40
OFFSET  5.3789 -3.4276 -5.4275
X  0.9894  0.0070  0.1450
Y -0.0284  0.9889  0.1459
Z -0.1424 -0.1485  0.9786

PART 41
OFFSET  5.3789 -3.4276 -5.4275
X  0.9894  0.0070  0.1450
Y -0.0284  0.9889  0.1459
Z -0.1424 -0.1485  0.9786

PART 42
OFFSET  9.5059 -3.4248 -4.5414
X  0.9894  0.0070  0.1450
Y -0.0284  0.9889  0.1459
Z -0.1424 -0.1485  0.9786

PART 43
OFFSET  11.6405 -4.5186 -2.5513
X  0.9894  0.0070  0.1450
Y -0.0284  0.9889  0.1459
Z -0.1424 -0.1485  0.9786

PART 44
OFFSET -3.5060 -7.9373 -3.1869
X  0.4610  0.0458  0.8862
Y  0.0729 -0.9972  0.0136
Z  0.8844  0.0583 -0.4631

PART 45
OFFSET -9.0819 -8.4912 -13.9044
X -0.7968 -0.3632 -0.4829
Y  0.3185  0.4267 -0.8465
Z  0.5135 -0.8283 -0.2243

PART 46
OFFSET -2.3046 -5.4020 -9.7975
X -0.7968 -0.3632 -0.4829
Y  0.4818  0.1004 -0.8705
Z  0.3647 -0.9263  0.0950

PART 47
OFFSET -1.9819 -4.2470 -8.2203
X -0.8001 -0.3635 -0.4772
Y -0.5157  0.8231  0.2378
Z  0.3063  0.4364 -0.8460

PART 48
OFFSET -1.6700 -5.0193 -7.3588
X -0.8001 -0.3635 -0.4772
Y -0.5157  0.8231  0.2378
Z  0.3063  0.4364 -0.8460

PART 49
OFFSET -0.8419 -5.9882 -7.7904
X -0.8001 -0.3635 -0.4772
Y -0.5157  0.8231  0.2378
Z  0.3063  0.4364 -0.8460

PART 50
OFFSET  0.1382 -4.2885 -8.3172
X -0.9885 -0.0089 -0.1512
Y  0.1480  0.1566 -0.9765
Z  0.0324 -0.9876 -0.1534

PART 51
OFFSET  0.4268 -4.0300 -7.2438
X -0.6170 -0.4279 -0.6605
Y  0.4885  0.4497 -0.7477
Z  0.6170 -0.7840 -0.0685

PART 52
OFFSET  1.6752 -3.1080 -5.7402
X -0.8893 -0.3849  0.2469
Y -0.2105 -0.1348 -0.9683
Z  0.4060 -0.9130  0.0389

PART 53
OFFSET  3.0528 -2.3923 -6.2009
X -0.4223 -0.3004  0.8552
Y -0.7537 -0.4079 -0.5154
Z  0.5036 -0.8622 -0.0541

PART 54
OFFSET  3.4993 -2.0211 -7.1145
X -0.7906  0.2481  0.5599
Y  0.0868  0.9505 -0.2985
Z -0.6062 -0.1874 -0.7729

PART 55
OFFSET  1.1266 -3.9137 -9.2039
X -0.9160 -0.3054  0.2600
Y  0.2683 -0.9484 -0.1688
Z  0.2982 -0.0848  0.9507

PART 56
OFFSET  3.1953 -3.1236 -9.6290
X -0.1783 -0.9483 -0.2627
Y  0.8885 -0.0405 -0.4571
Z  0.4228 -0.3149  0.8498

PART 57
OFFSET  3.4477 -1.7810 -9.2571
X  0.6837 -0.5015 -0.5301
Y  0.6159  0.7862  0.0506
Z  0.3914 -0.3611  0.8464

PART 58
OFFSET  2.8416 -1.3364 -8.7870
X  0.8802  0.3578 -0.3119
Y -0.2105  0.8832  0.4192
Z  0.4255 -0.3033  0.8526

PART 59
OFFSET  2.0054 -1.6763 -8.4907
X -0.6026 -0.7842 -0.1479
Y -0.6715  0.3982  0.6249
Z -0.4312  0.4759 -0.7666

PART 60
OFFSET  1.2502 -4.1537 -8.5431
X -0.9731 -0.2100  0.0948
Y  0.1970 -0.9718 -0.1299
Z  0.1194 -0.1077  0.9870

PART 61
OFFSET  3.7623 -3.6143 -8.9385
X -0.1884 -0.9712 -0.1462
Y  0.8784 -0.1001 -0.4673
Z  0.4392 -0.2165  0.8719

PART 62
OFFSET  4.0831 -1.9609 -8.6896
X  0.8078 -0.3318 -0.4872
Y  0.4067  0.9120  0.0534
Z  0.4266 -0.2413  0.8717

PART 63
OFFSET  2.9635 -1.5011 -8.0144
X  0.8193  0.5142 -0.2539
Y -0.3889  0.8235  0.4130
Z  0.4214 -0.2396  0.8746

PART 64
OFFSET  2.0750 -2.0587 -7.7390
X -0.4284 -0.9035  0.0151
Y -0.8059  0.3896  0.4459
Z -0.4088  0.1788 -0.8950

PART 65
OFFSET -4.0834 -4.9873 -8.2031
X -0.9497 -0.3133  0.0039
Y -0.3124  0.9478  0.0646
Z -0.0239  0.0601 -0.9979

PART 66
OFFSET  3.8902 -4.7389 -7.0485
X -0.9902 -0.1341  0.0403
Y  0.1200 -0.9610 -0.2490
Z  0.0721 -0.2417  0.9677

PART 67
OFFSET  5.6336 -4.5029 -7.1194
X -0.9853 -0.1667  0.0383
Y  0.1560 -0.9677 -0.1978
Z  0.0700 -0.1889  0.9795

PART 68
OFFSET  6.8356 -4.3117 -7.1064
X -0.9870 -0.1578 -0.0312
Y  0.1608 -0.9627 -0.2175
Z  0.0043 -0.2197  0.9756

PART 69
OFFSET  7.9504 -4.1334 -7.0712
X  0.1773  0.8587  0.4809
Y  0.9800 -0.1094 -0.1660
Z -0.0900  0.5007 -0.8609

PART 70
OFFSET  3.9396 -4.3928 -8.0965
X -0.3100 -0.9469 -0.0857
Y  0.9144 -0.2722 -0.2997
Z  0.2604 -0.1712  0.9502

PART 71
OFFSET  4.5451 -2.5431 -7.9291
X  0.7731 -0.5503 -0.3155
Y  0.5651  0.8234 -0.0515
Z  0.2881 -0.1385  0.9475

PART 72
OFFSET  3.4160 -1.7393 -7.4683
X  0.8742  0.4240 -0.2368
Y -0.3844  0.9021  0.1961
Z  0.2967 -0.0804  0.9516

PART 73
OFFSET  2.4236 -2.2183 -7.2068
X -0.4437 -0.8962 -0.0046
Y -0.8324  0.4103  0.3726
Z -0.3320  0.1691 -0.9280

PART 74
OFFSET -1.9819 -4.2470 -8.2202
X -0.8001 -0.3635 -0.4772
Y -0.5157  0.8231  0.2378
Z  0.3063  0.4364 -0.8460

PART 75
OFFSET -1.6701 -5.0191 -7.3586
X -0.8001 -0.3635 -0.4772
Y -0.5157  0.8231  0.2378
Z  0.3063  0.4364 -0.8460

PART 76
OFFSET -0.8418 -5.9881 -7.7905
X -0.8001 -0.3635 -0.4772
Y -0.5157  0.8231  0.2378
Z  0.3063  0.4364 -0.8460

PART 77
OFFSET  0.0000 -0.0000 -0.0000
X  1.0000 -0.0000  0.0000
Y  0.0000  1.0000  0.0000
Z  0.0000 -0.0000  1.0000

PART 78
OFFSET  0.0000 -0.0000 -0.0000
X  1.0000 -0.0000  0.0000
Y  0.0000  1.0000  0.0000
Z  0.0000 -0.0000  1.0000

PART 79
OFFSET  1.5404 -0.0000  4.1357
X  1.0000 -0.0000  0.0000
Y  0.0000  1.0000  0.0000
Z  0.0000 -0.0000  1.0000


FRAME 2311
PART 0
OFFSET  0.0000 -0.0000 -0.0000
X  1.0000 -0.0000  0.0000
Y  0.0000  1.0000  0.0000
Z  0.0000 -0.0000  1.0000

PART 1
OFFSET -4.6318 -0.0000 -1.3770
X  1.0000 -0.0000  0.0000
Y  0.0000  1.0000  0.0000
Z  0.0000 -0.0000  1.0000

PART 2
OFFSET -1.0017  7.9380 -5.7642
X  0.7410 -0.2617 -0.6184
Y -0.0932 -0.9521  0.2912
Z -0.6650 -0.1582 -0.7299

PART 3
OFFSET  7.9602  4.7736 -13.2430
X  0.8344 -0.4345  0.3391
Y -0.3579  0.0407  0.9329
Z -0.4191 -0.8998 -0.1215

PART 4
OFFSET  15.0574  1.0784 -10.3589
X  0.8344 -0.4345  0.3391
Y -0.4984 -0.3322  0.8008
Z -0.2352 -0.8372 -0.4937

PART 5
OFFSET  17.2953  1.8258 -10.2660
X  0.8377 -0.4322  0.3338
Y  0.4218  0.9003  0.1071
Z -0.3469  0.0511  0.9365

PART 6
OFFSET  16.0469 -0.0704 -11.2751
X  0.8377 -0.4322  0.3338
Y  0.4218  0.9003  0.1071
Z -0.3469  0.0511  0.9365

PART 7
OFFSET  16.4597  1.0114 -8.2281
X  0.8377 -0.4322  0.3338
Y  0.4218  0.9003  0.1071
Z -0.3469  0.0511  0.9365

PART 8
OFFSET  15.7441 -0.1285 -8.2214
X  0.8377 -0.4322  0.3338
Y  0.4218  0.9003  0.1071
Z -0.3469  0.0511  0.9365

PART 9
OFFSET  15.5129 -0.5463 -9.3204
X  0.8377 -0.4322  0.3338
Y  0.4218  0.9003  0.1071
Z -0.3469  0.0511  0.9365

PART 10
OFFSET  17.6155 -0.2535 -9.3194
X  0.6021 -0.3883  0.6976
Y -0.7902 -0.1648  0.5903
Z -0.1142 -0.9067 -0.4061

PART 11
OFFSET  17.0769 -0.9595 -8.6027
X -0.2583 -0.8979  0.3564
Y -0.9630  0.2685 -0.0216
Z -0.0763 -0.3488 -0.9341

PART 12
OFFSET  16.4191 -2.8897 -7.8877
X  0.7248 -0.5489  0.4165
Y -0.6705 -0.7010  0.2430
Z  0.1586 -0.4553 -0.8761

PART 13
OFFSET  17.6468 -3.7850 -7.3280
X  0.9839  0.1694 -0.0563
Y  0.1773 -0.8898  0.4204
Z  0.0212 -0.4237 -0.9056

PART 14
OFFSET  18.7149 -3.6363 -7.4232
X  0.7493  0.2138  0.6268
Y -0.6373  0.4903  0.5945
Z -0.1802 -0.8449  0.5036

PART 15
OFFSET  18.9480 -0.5888 -9.4432
X  0.9399 -0.2632  0.2176
Y -0.1363 -0.8733 -0.4677
Z  0.3131  0.4100 -0.8567

PART 16
OFFSET  20.9974 -1.3471 -8.8869
X -0.3257 -0.9364 -0.1307
Y -0.8588  0.3508 -0.3733
Z  0.3954 -0.0093 -0.9185

PART 17
OFFSET  20.5363 -2.6728 -9.0721
X -0.9512  0.0508 -0.3044
Y  0.0793  0.9935 -0.0819
Z  0.2983 -0.1020 -0.9490

PART 18
OFFSET  19.6930 -2.6277 -9.3419
X -0.9502 -0.0264 -0.3106
Y -0.0139  0.9990 -0.0424
Z  0.3114 -0.0360 -0.9496

PART 19
OFFSET  18.7903 -2.6528 -9.6371
X  0.6904 -0.6017  0.4015
Y  0.6403  0.7666  0.0479
Z -0.3366  0.2240  0.9146

PART 20
OFFSET  18.5712 -0.6572 -8.8408
X  0.8150 -0.3244  0.4802
Y -0.0918 -0.8904 -0.4458
Z  0.5721  0.3193 -0.7555

PART 21
OFFSET  20.7735 -1.4320 -7.6970
X -0.1322 -0.9541 -0.2686
Y -0.8840  0.2361 -0.4036
Z  0.4485  0.1841 -0.8746

PART 22
OFFSET  20.5484 -3.0564 -8.1542
X -0.8908  0.0260 -0.4536
Y -0.0482  0.9873  0.1512
Z  0.4518  0.1566 -0.8783

PART 23
OFFSET  19.3138 -3.0203 -8.7829
X -0.8821  0.2044 -0.4244
Y  0.1127  0.9664  0.2311
Z  0.4574  0.1560 -0.8755

PART 24
OFFSET  18.3572 -2.7987 -9.2432
X  0.6808 -0.7118  0.1727
Y  0.5782  0.6670  0.4700
Z -0.4497 -0.2201  0.8656

PART 25
OFFSET  18.1558 -2.1982 -6.4493
X  0.6876 -0.5856  0.4293
Y  0.2533  0.7476  0.6140
Z -0.6805 -0.3134  0.6624

PART 26
OFFSET  19.4082 -1.5539 -6.0050
X  0.8259 -0.3577  0.4358
Y -0.2478 -0.9246 -0.2893
Z  0.5064  0.1309 -0.8523

PART 27
OFFSET  20.8623 -2.1836 -5.2377
X  0.5545 -0.8161  0.1629
Y -0.6499 -0.5469 -0.5278
Z  0.5198  0.1868 -0.8336

PART 28
OFFSET  21.5049 -3.1871 -4.9891
X -0.1615 -0.9606 -0.2264
Y -0.7638  0.2669 -0.5877
Z  0.6250  0.0780 -0.7767

PART 29
OFFSET  21.3225 -4.2721 -5.2448
X  0.9178  0.0937  0.3858
Y -0.1594  0.9769  0.1420
Z -0.3636 -0.1918  0.9116

PART 30
OFFSET  20.1807 -1.4963 -6.7926
X -0.0400 -0.9376 -0.3453
Y -0.8673  0.2042 -0.4540
Z  0.4962  0.2813 -0.8214

PART 31
OFFSET  20.1026 -3.3280 -7.4672
X -0.8221 -0.1511 -0.5490
Y -0.2997  0.9346  0.1917
Z  0.4841  0.3221 -0.8136

PART 32
OFFSET  18.9018 -3.5486 -8.2691
X -0.8717  0.1833 -0.4545
Y -0.0259  0.9089  0.4162
Z  0.4894  0.3746 -0.7875

PART 33
OFFSET  17.9180 -3.3390 -8.7897
X  0.6536 -0.7450  0.1330
Y  0.5763  0.6039  0.5507
Z -0.4906 -0.2833  0.8241

PART 34
OFFSET  19.4997 -2.5991 -8.3650
X  0.5249  0.2920 -0.7995
Y  0.1142  0.9067  0.4061
Z  0.8435 -0.3045  0.4425

PART 35
OFFSET  16.9767  1.2354 -10.7616
X  0.8377 -0.4322  0.3338
Y  0.4218  0.9003  0.1071
Z -0.3469  0.0511  0.9365

PART 36
OFFSET  16.0469 -0.0704 -11.2751
X  0.8377 -0.4322  0.3338
Y  0.4218  0.9003  0.1071
Z -0.3469  0.0511  0.9365

PART 37
OFFSET  16.4597  1.0114 -8.2281
X  0.8377 -0.4322  0.3338
Y  0.4218  0.9003  0.1071
Z -0.3469  0.0511  0.9365

PART 38
OFFSET  15.7441 -0.1285 -8.2214
X  0.8377 -0.4322  0.3338
Y  0.4218  0.9003  0.1071
Z -0.3469  0.0511  0.9365

PART 39
OFFSET  15.5129 -0.5463 -9.3204
X  0.8377 -0.4322  0.3338
Y  0.4218  0.9003  0.1071
Z -0.3469  0.0511  0.9365

PART 40
OFFSET  5.4888 -3.4142 -5.3706
X  0.9903  0.0059  0.1387
Y -0.0272  0.9880  0.1522
Z -0.1362 -0.1545  0.9786

PART 41
OFFSET  5.4888 -3.4142 -5.3706
X  0.9903  0.0059  0.1387
Y -0.0272  0.9880  0.1522
Z -0.1362 -0.1545  0.9786

PART 42
OFFSET  9.6213 -3.4176 -4.5109
X  0.9903  0.0059  0.1387
Y -0.0272  0.9880  0.1522
Z -0.1362 -0.1545  0.9786

PART 43
OFFSET  11.7684 -4.5241 -2.5412
X  0.9903  0.0059  0.1387
Y -0.0272  0.9880  0.1522
Z -0.1362 -0.1545  0.9786

PART 44
OFFSET -3.5816 -7.9373 -3.1869
X  0.4398  0.0342  0.8974
Y  0.0634 -0.9980  0.0070
Z  0.8959  0.0538 -0.4411

PART 45
OFFSET -8.9003 -8.3510 -14.0406
X -0.7896 -0.3535 -0.5016
Y  0.3396  0.4292 -0.8370
Z  0.5112 -0.8312 -0.2188

PART 46
OFFSET -2.1848 -5.3442 -9.7740
X -0.7896 -0.3535 -0.5016
Y  0.4999  0.1037 -0.8599
Z  0.3560 -0.9297  0.0949

PART 47
OFFSET -1.8856 -4.2017 -8.1832
X -0.7930 -0.3538 -0.4960
Y -0.5138  0.8259  0.2322
Z  0.3275  0.4390 -0.8367

PART 48
OFFSET -1.5982 -4.9818 -7.3202
X -0.7930 -0.3538 -0.4960
Y -0.5138  0.8259  0.2322
Z  0.3275  0.4390 -0.8367

PART 49
OFFSET -0.7693 -5.9549 -7.7406
X -0.7930 -0.3538 -0.4960
Y -0.5138  0.8259  0.2322
Z  0.3275  0.4390 -0.8367

PART 50
OFFSET  0.2357 -4.2604 -8.2362
X -0.9891 -0.0085 -0.1470
Y  0.1437  0.1612 -0.9764
Z  0.0320 -0.9869 -0.1583

PART 51
OFFSET  0.5288 -4.0069 -7.1629
X -0.6198 -0.4249 -0.6598
Y  0.4851  0.4534 -0.7477
Z  0.6169 -0.7835 -0.0749

PART 52
OFFSET  1.7835 -3.0916 -5.6603
X -0.8881 -0.3864  0.2489
Y -0.2146 -0.1303 -0.9680
Z  0.4064 -0.9131  0.0328

PART 53
OFFSET  3.1589 -2.3734 -6.1236
X -0.4185 -0.3046  0.8556
Y -0.7558 -0.4057 -0.5141
Z  0.5037 -0.8618 -0.0604

PART 54
OFFSET  3.6012 -1.9977 -7.0373
X -0.7882  0.2451  0.5645
Y  0.0853  0.9519 -0.2944
Z -0.6095 -0.1839 -0.7712

PART 55
OFFSET  1.2200 -3.8811 -9.1254
X -0.9148 -0.3069  0.2626
Y  0.2678 -0.9475 -0.1744
Z  0.3023 -0.0892  0.9490

PART 56
OFFSET  3.2866 -3.0883 -9.5557
X -0.1792 -0.9471 -0.2664
Y  0.8865 -0.0380 -0.4611
Z  0.4266 -0.3188  0.8464

PART 57
OFFSET  3.5403 -1.7474 -9.1785
X  0.6815 -0.4988 -0.5355
Y  0.6159  0.7861  0.0516
Z  0.3952 -0.3650  0.8430

PART 58
OFFSET  2.9360 -1.3052 -8.7038
X  0.8787  0.3595 -0.3140
Y -0.2089  0.8811  0.4243
Z  0.4293 -0.3072  0.8493

PART 59
OFFSET  2.1012 -1.6468 -8.4054
X -0.6030 -0.7837 -0.1490
Y -0.6689  0.3950  0.6297
Z -0.4347  0.4794 -0.7624

PART 60
OFFSET  1.3466 -4.1242 -8.4662
X -0.9726 -0.2107  0.0980
Y  0.1967 -0.9711 -0.1353
Z  0.1237 -0.1123  0.9859

PART 61
OFFSET  3.8568 -3.5821 -8.8700
X -0.1888 -0.9705 -0.1500
Y  0.8764 -0.0976 -0.4716
Z  0.4431 -0.2204  0.8690

PART 62
OFFSET  4.1782 -1.9297 -8.6147
X  0.8058 -0.3292 -0.4923
Y  0.4067  0.9119  0.0559
Z  0.4305 -0.2453  0.8686

PART 63
OFFSET  3.0614 -1.4735 -7.9325
X  0.8180  0.5156 -0.2550
Y -0.3873  0.8215  0.4186
Z  0.4253 -0.2436  0.8716

PART 64
OFFSET  2.1743 -2.0327 -7.6559
X -0.4280 -0.9037  0.0127
Y -0.8040  0.3872  0.4512
Z -0.4127  0.1829 -0.8923

PART 65
OFFSET -3.9853 -4.9611 -8.1070
X -0.9495 -0.3136  0.0066
Y -0.3124  0.9473  0.0704
Z -0.0283  0.0648 -0.9975

PART 66
OFFSET  3.9933 -4.7156 -6.9859
X -0.9910 -0.1320  0.0239
Y  0.1217 -0.9595 -0.2540
Z  0.0565 -0.2487  0.9669

PART 67
OFFSET  5.7380 -4.4832 -7.0281
X -0.9875 -0.1559  0.0236
Y  0.1480 -0.9681 -0.2020
Z  0.0543 -0.1960  0.9791

PART 68
OFFSET  6.9418 -4.3056 -6.9973
X -0.9899 -0.1347 -0.0431
Y  0.1409 -0.9648 -0.2222
Z -0.0117 -0.2260  0.9741

PART 69
OFFSET  8.0600 -4.1534 -6.9486
X  0.1917  0.8512  0.4886
Y  0.9790 -0.1310 -0.1560
Z -0.0688  0.5082 -0.8585

PART 70
OFFSET  4.0379 -4.3646 -8.0325
X -0.3101 -0.9466 -0.0888
Y  0.9131 -0.2705 -0.3049
Z  0.2646 -0.1756  0.9482

PART 71
OFFSET  4.6437 -2.5154 -7.8590
X  0.7719 -0.5485 -0.3215
Y  0.5646  0.8238 -0.0500
Z  0.2923 -0.1429  0.9456

PART 72
OFFSET  3.5163 -1.7142 -7.3895
X  0.8730  0.4254 -0.2386
Y -0.3838  0.9010  0.2021
Z  0.3009 -0.0849  0.9499

PART 73
OFFSET  2.5252 -2.1948 -7.1259
X -0.4435 -0.8963 -0.0069
Y -0.8309  0.4082  0.3782
Z -0.3361  0.1734 -0.9257

PART 74
OFFSET -1.8857 -4.2017 -8.1831
X -0.7930 -0.3538 -0.4960
Y -0.5138  0.8259  0.2322
Z  0.3275  0.4390 -0.8367

PART 75
OFFSET -1.5983 -4.9816 -7.3201
X -0.7930 -0.3538 -0.4960
Y -0.5138  0.8259  0.2322
Z  0.3275  0.4390 -0.8367

PART 76
OFFSET -0.7692 -5.9549 -7.7407
X -0.7930 -0.3538 -0.4960
Y -0.5138  0.8259  0.2322
Z  0.3275  0.4390 -0.8367

PART 77
OFFSET  0.0000 -0.0000 -0.0000
X  1.0000 -0.0000  0.0000
Y  0.0000  1.0000  0.0000
Z  0.0000 -0.0000  1.0000

PART 78
OFFSET -0.0000 -0.0000 -0.0000
X  1.0000 -0.0000 -0.0026
Y  0.0000  1.0000  0.0012
Z  0.0026 -0.0012  1.0000

PART 79
OFFSET  1.5513 -0.0051  4.1317
X  1.0000 -0.0000 -0.0026
Y  0.0000  1.0000  0.0012
Z  0.0026 -0.0012  1.0000


FRAME 2312
PART 0
OFFSET  0.0000 -0.0000 -0.0000
X  1.0000 -0.0000  0.0000
Y  0.0000  1.0000  0.0000
Z  0.0000 -0.0000  1.0000

PART 1
OFFSET -4.6318 -0.0000 -1.3770
X  1.0000 -0.0000  0.0000
Y  0.0000  1.0000  0.0000
Z  0.0000 -0.0000  1.0000

PART 2
OFFSET -0.9736  7.9399 -5.8517
X  0.7375 -0.2526 -0.6263
Y -0.0774 -0.9529  0.2932
Z -0.6709 -0.1678 -0.7224

PART 3
OFFSET  7.9462  4.8850 -13.4258
X  0.8388 -0.4225  0.3433
Y -0.3598  0.0430  0.9320
Z -0.4085 -0.9054 -0.1159

PART 4
OFFSET  15.0810  1.2919 -10.5057
X  0.8388 -0.4225  0.3433
Y -0.4764 -0.2647  0.8384
Z -0.2633 -0.8669 -0.4233

PART 5
OFFSET  17.3099  2.0657 -10.4146
X  0.8421 -0.4202  0.3381
Y  0.4113  0.9058  0.1016
Z -0.3489  0.0535  0.9356

PART 6
OFFSET  16.0851  0.1483 -11.4124
X  0.8421 -0.4202  0.3381
Y  0.4113  0.9058  0.1016
Z -0.3489  0.0535  0.9356

PART 7
OFFSET  16.4806  1.2557 -8.3723
X  0.8421 -0.4202  0.3381
Y  0.4113  0.9058  0.1016
Z -0.3489  0.0535  0.9356

PART 8
OFFSET  15.7782  0.1077 -8.3589
X  0.8421 -0.4202  0.3381
Y  0.4113  0.9058  0.1016
Z -0.3489  0.0535  0.9356

PART 9
OFFSET  15.5536 -0.3203 -9.4553
X  0.8421 -0.4202  0.3381
Y  0.4113  0.9058  0.1016
Z -0.3489  0.0535  0.9356

PART 10
OFFSET  17.6526 -0.0032 -9.4532
X  0.6283 -0.3634  0.6878
Y -0.7616 -0.1073  0.6391
Z -0.1584 -0.9254 -0.3442

PART 11
OFFSET  17.1352 -0.6502 -8.6684
X -0.2700 -0.8839  0.3818
Y -0.9552  0.2959  0.0096
Z -0.1215 -0.3620 -0.9242

PART 12
OFFSET  16.4505 -2.5483 -7.8951
X  0.6752 -0.6056  0.4212
Y -0.7296 -0.6326  0.2599
Z  0.1091 -0.4828 -0.8689

PART 13
OFFSET  17.5961 -3.5423 -7.3279
X  0.9949 -0.0984  0.0203
Y -0.0973 -0.8930  0.4395
Z -0.0251 -0.4392 -0.8980

PART 14
OFFSET  18.6693 -3.6840 -7.3395
X  0.7305  0.0255  0.6824
Y -0.5263  0.6577  0.5389
Z -0.4351 -0.7529  0.4939

PART 15
OFFSET  18.9678 -0.3829 -9.6250
X  0.9432 -0.2764  0.1844
Y -0.1829 -0.8951 -0.4066
Z  0.2774  0.3497 -0.8948

PART 16
OFFSET  21.0241 -1.1647 -9.1302
X -0.3557 -0.9329 -0.0571
Y -0.8683  0.3524 -0.3490
Z  0.3457 -0.0746 -0.9354

PART 17
OFFSET  20.5206 -2.4854 -9.2110
X -0.9644  0.0597 -0.2575
Y  0.0998  0.9843 -0.1456
Z  0.2448 -0.1661 -0.9552

PART 18
OFFSET  19.6655 -2.4325 -9.4394
X -0.9657 -0.0178 -0.2591
Y  0.0090  0.9948 -0.1018
Z  0.2596 -0.1006 -0.9605

PART 19
OFFSET  18.7481 -2.4494 -9.6856
X  0.6954 -0.5963  0.4010
Y  0.6610  0.7497 -0.0315
Z -0.2819  0.2870  0.9155

PART 20
OFFSET  18.6220 -0.4049 -9.0009
X  0.8309 -0.3184  0.4563
Y -0.1377 -0.9122 -0.3859
Z  0.5391  0.2579 -0.8018

PART 21
OFFSET  20.8616 -1.1729 -7.9274
X -0.1702 -0.9642 -0.2034
Y -0.8979  0.2368 -0.3710
Z  0.4059  0.1194 -0.9061

PART 22
OFFSET  20.5718 -2.8145 -8.2736
X -0.9127  0.0244 -0.4079
Y -0.0152  0.9955  0.0937
Z  0.4083  0.0917 -0.9082

PART 23
OFFSET  19.3068 -2.7806 -8.8389
X -0.8980  0.2039 -0.3900
Y  0.1491  0.9747  0.1663
Z  0.4141  0.0911 -0.9057

PART 24
OFFSET  18.3330 -2.5594 -9.2619
X  0.6709 -0.7194  0.1800
Y  0.6189  0.6769  0.3985
Z -0.4085 -0.1559  0.8993

PART 25
OFFSET  18.2954 -1.7899 -6.5026
X  0.6945 -0.5785  0.4279
Y  0.3043  0.7750  0.5539
Z -0.6520 -0.2545  0.7142

PART 26
OFFSET  19.5854 -1.1562 -6.1631
X  0.8467 -0.3412  0.4083
Y -0.2547 -0.9336 -0.2519
Z  0.4672  0.1092 -0.8774

PART 27
OFFSET  21.0761 -1.7569 -5.4441
X  0.6200 -0.7587  0.2002
Y -0.6219 -0.6307 -0.4641
Z  0.4783  0.1632 -0.8629

PART 28
OFFSET  21.8008 -2.6891 -5.1484
X -0.0269 -0.9943 -0.1028
Y -0.8046  0.0826 -0.5881
Z  0.5932  0.0669 -0.8022

PART 29
OFFSET  21.7704 -3.8122 -5.2645
X  0.9019  0.2680  0.3387
Y -0.2945  0.9552  0.0286
Z -0.3159 -0.1255  0.9405

PART 30
OFFSET  20.3162 -1.1670 -6.9915
X  0.1900 -0.9693 -0.1563
Y -0.8939 -0.1049 -0.4359
Z  0.4061  0.2226 -0.8863

PART 31
OFFSET  20.6873 -3.0606 -7.2969
X -0.6985 -0.5460 -0.4625
Y -0.6039  0.7966 -0.0283
Z  0.3838  0.2596 -0.8862

PART 32
OFFSET  19.6670 -3.8581 -7.9724
X -0.8361 -0.2969 -0.4613
Y -0.4049  0.9013  0.1538
Z  0.3701  0.3154 -0.8738

PART 33
OFFSET  18.7229 -4.1928 -8.5011
X  0.8761 -0.3681  0.3113
Y  0.2553  0.9020  0.3483
Z -0.4090 -0.2257  0.8842

PART 34
OFFSET  19.5252 -2.3409 -8.4573
X  0.4889  0.2294 -0.8417
Y  0.1584  0.9254  0.3442
Z  0.8579 -0.3016  0.4161

PART 35
OFFSET  16.9990  1.4683 -10.9065
X  0.8421 -0.4202  0.3381
Y  0.4113  0.9058  0.1016
Z -0.3489  0.0535  0.9356

PART 36
OFFSET  16.0851  0.1483 -11.4124
X  0.8421 -0.4202  0.3381
Y  0.4113  0.9058  0.1016
Z -0.3489  0.0535  0.9356

PART 37
OFFSET  16.4806  1.2557 -8.3723
X  0.8421 -0.4202  0.3381
Y  0.4113  0.9058  0.1016
Z -0.3489  0.0535  0.9356

PART 38
OFFSET  15.7782  0.1077 -8.3589
X  0.8421 -0.4202  0.3381
Y  0.4113  0.9058  0.1016
Z -0.3489  0.0535  0.9356

PART 39
OFFSET  15.5536 -0.3203 -9.4553
X  0.8421 -0.4202  0.3381
Y  0.4113  0.9058  0.1016
Z -0.3489  0.0535  0.9356

PART 40
OFFSET  5.7781 -3.3778 -5.2228
X  0.9925  0.0031  0.1222
Y -0.0238  0.9855  0.1681
Z -0.1199 -0.1698  0.9782

PART 41
OFFSET  5.7781 -3.3778 -5.2228
X  0.9925  0.0031  0.1222
Y -0.0238  0.9855  0.1681
Z -0.1199 -0.1698  0.9782

PART 42
OFFSET  9.9244 -3.3973 -4.4324
X  0.9925  0.0031  0.1222
Y -0.0238  0.9855  0.1681
Z -0.1199 -0.1698  0.9782

PART 43
OFFSET  12.1030 -4.5360 -2.5164
X  0.9925  0.0031  0.1222
Y -0.0238  0.9855  0.1681
Z -0.1199 -0.1698  0.9782

PART 44
OFFSET -3.7977 -7.9373 -3.1869
X  0.3806  0.0049  0.9247
Y  0.0388 -0.9992 -0.0106
Z  0.9239  0.0399 -0.3805

PART 45
OFFSET -8.4004 -7.9969 -14.3705
X -0.7687 -0.3293 -0.5483
Y  0.3933  0.4327 -0.8112
Z  0.5043 -0.8393 -0.2031

PART 46
OFFSET -1.8622 -5.1964 -9.7068
X -0.7687 -0.3293 -0.5483
Y  0.5453  0.1106 -0.8309
Z  0.3342 -0.9377  0.0946

PART 47
OFFSET -1.6248 -4.0821 -8.0858
X -0.7724 -0.3295 -0.5429
Y -0.5078  0.8339  0.2163
Z  0.3815  0.4427 -0.8115

PART 48
OFFSET -1.4011 -4.8798 -7.2201
X -0.7724 -0.3295 -0.5429
Y -0.5078  0.8339  0.2163
Z  0.3815  0.4427 -0.8115

PART 49
OFFSET -0.5717 -5.8654 -7.6094
X -0.7724 -0.3295 -0.5429
Y -0.5078  0.8339  0.2163
Z  0.3815  0.4427 -0.8115

PART 50
OFFSET  0.4945 -4.1870 -8.0258
X -0.9906 -0.0075 -0.1363
Y  0.1330  0.1726 -0.9760
Z  0.0308 -0.9850 -0.1700

PART 51
OFFSET  0.7991 -3.9458 -6.9529
X -0.6266 -0.4177 -0.6579
Y  0.4767  0.4624 -0.7476
Z  0.6165 -0.7821 -0.0906

PART 52
OFFSET  2.0694 -3.0471 -5.4535
X -0.8851 -0.3899  0.2540
Y -0.2250 -0.1193 -0.9670
Z  0.4073 -0.9131  0.0178

PART 53
OFFSET  3.4393 -2.3225 -5.9233
X -0.4090 -0.3147  0.8565
Y -0.7611 -0.4002 -0.5105
Z  0.5035 -0.8607 -0.0758

PART 54
OFFSET  3.8715 -1.9360 -6.8374
X -0.7822  0.2381  0.5758
Y  0.0815  0.9553 -0.2842
Z -0.6177 -0.1754 -0.7666

PART 55
OFFSET  1.4690 -3.7968 -8.9212
X -0.9117 -0.3106  0.2689
Y  0.2665 -0.9453 -0.1883
Z  0.3126 -0.1000  0.9446

PART 56
OFFSET  3.5303 -2.9976 -9.3646
X -0.1815 -0.9440 -0.2754
Y  0.8815 -0.0321 -0.4711
Z  0.4359 -0.3282  0.8380

PART 57
OFFSET  3.7873 -1.6611 -8.9747
X  0.6760 -0.4921 -0.5486
Y  0.6160  0.7859  0.0541
Z  0.4045 -0.3744  0.8344

PART 58
OFFSET  3.1879 -1.2248 -8.4884
X  0.8750  0.3638 -0.3193
Y -0.2048  0.8760  0.4367
Z  0.4386 -0.3167  0.8410

PART 59
OFFSET  2.3566 -1.5703 -8.1850
X -0.6041 -0.7823 -0.1515
Y -0.6623  0.3872  0.6414
Z -0.4432  0.4879 -0.7521

PART 60
OFFSET  1.6027 -4.0474 -8.2663
X -0.9714 -0.2125  0.1061
Y  0.1958 -0.9693 -0.1487
Z  0.1344 -0.1236  0.9832

PART 61
OFFSET  4.1082 -3.4989 -8.6909
X -0.1898 -0.9688 -0.1591
Y  0.8713 -0.0915 -0.4822
Z  0.4526 -0.2302  0.8615

PART 62
OFFSET  4.4314 -1.8494 -8.4200
X  0.8006 -0.3229 -0.5047
Y  0.4067  0.9114  0.0621
Z  0.4400 -0.2550  0.8610

PART 63
OFFSET  3.3218 -1.4019 -7.7205
X  0.8149  0.5191 -0.2579
Y -0.3832  0.8163  0.4322
Z  0.4349 -0.2534  0.8641

PART 64
OFFSET  2.4380 -1.9649 -7.4408
X -0.4274 -0.9041  0.0069
Y -0.7993  0.3814  0.4644
Z -0.4224  0.1929 -0.8856

PART 65
OFFSET -3.7244 -4.8921 -7.8591
X -0.9492 -0.3143  0.0132
Y -0.3121  0.9462  0.0848
Z -0.0391  0.0763 -0.9963

PART 66
OFFSET  4.2657 -4.6541 -6.8217
X -0.9919 -0.1254 -0.0215
Y  0.1266 -0.9558 -0.2653
Z  0.0127 -0.2658  0.9639

PART 67
OFFSET  6.0120 -4.4332 -6.7839
X -0.9917 -0.1271 -0.0172
Y  0.1279 -0.9687 -0.2129
Z  0.0104 -0.2133  0.9769

PART 68
OFFSET  7.2183 -4.2916 -6.7036
X -0.9944 -0.0734 -0.0760
Y  0.0895 -0.9677 -0.2358
Z -0.0562 -0.2413  0.9688

PART 69
OFFSET  8.3415 -4.2086 -6.6178
X  0.2271  0.8296  0.5101
Y  0.9738 -0.1877 -0.1283
Z -0.0107  0.5259 -0.8505

PART 70
OFFSET  4.2988 -4.2909 -7.8645
X -0.3105 -0.9457 -0.0964
Y  0.9099 -0.2663 -0.3179
Z  0.2749 -0.1864  0.9432

PART 71
OFFSET  4.9053 -2.4435 -7.6762
X  0.7686 -0.5442 -0.3361
Y  0.5636  0.8247 -0.0466
Z  0.3026 -0.1536  0.9407

PART 72
OFFSET  3.7826 -1.6485 -7.1853
X  0.8701  0.4287 -0.2430
Y -0.3821  0.8984  0.2166
Z  0.3112 -0.0956  0.9455

PART 73
OFFSET  2.7947 -2.1328 -6.9165
X -0.4430 -0.8964 -0.0124
Y -0.8270  0.4032  0.3918
Z -0.3462  0.1839 -0.9200

PART 74
OFFSET -1.6249 -4.0821 -8.0858
X -0.7724 -0.3295 -0.5429
Y -0.5078  0.8339  0.2163
Z  0.3815  0.4427 -0.8115

PART 75
OFFSET -1.4012 -4.8797 -7.2200
X -0.7724 -0.3295 -0.5429
Y -0.5078  0.8339  0.2163
Z  0.3815  0.4427 -0.8115

PART 76
OFFSET -0.5717 -5.8654 -7.6095
X -0.7724 -0.3295 -0.5429
Y -0.5078  0.8339  0.2163
Z  0.3815  0.4427 -0.8115

PART 77
OFFSET  0.0000 -0.0000 -0.0000
X  1.0000 -0.0000  0.0000
Y  0.0000  1.0000  0.0000
Z  0.0000 -0.0000  1.0000

PART 78
OFFSET -0.0000 -0.0000 -0.0000
X  1.0000  0.0000 -0.0092
Y  0.0000  1.0000  0.0044
Z  0.0092 -0.0044  0.9999

PART 79
OFFSET  1.5785 -0.0180  4.1213
X  1.0000  0.0000 -0.0092
Y  0.0000  1.0000  0.0044
Z  0.0092 -0.0044  0.9999


FRAME 2313
PART 0
OFFSET  0.0000 -0.0000 -0.0000
X  1.0000 -0.0000  0.0000
Y  0.0000  1.0000  0.0000
Z  0.0000 -0.0000  1.0000

PART 1
OFFSET -4.6318 -0.0000 -1.3770
X  1.0000 -0.0000  0.0000
Y  0.0000  1.0000  0.0000
Z  0.0000 -0.0000  1.0000

PART 2
OFFSET -0.9293  7.9429 -5.9898
X  0.7355 -0.2424 -0.6326
Y -0.0578 -0.9528  0.2979
Z -0.6750 -0.1826 -0.7149

PART 3
OFFSET  7.9664  5.0110 -13.6405
X  0.8446 -0.4057  0.3493
Y -0.3627  0.0463  0.9307
Z -0.3938 -0.9128 -0.1081

PART 4
OFFSET  15.1501  1.5601 -10.6693
X  0.8446 -0.4057  0.3493
Y -0.4487 -0.1803  0.8753
Z -0.2922 -0.8960 -0.3343

PART 5
OFFSET  17.3663  2.3700 -10.5806
X  0.8478 -0.4035  0.3441
Y  0.3966  0.9132  0.0937
Z -0.3520  0.0570  0.9343

PART 6
OFFSET  16.1745  0.4238 -11.5626
X  0.8478 -0.4035  0.3441
Y  0.3966  0.9132  0.0937
Z -0.3520  0.0570  0.9343

PART 7
OFFSET  16.5449  1.5668 -8.5325
X  0.8478 -0.4035  0.3441
Y  0.3966  0.9132  0.0937
Z -0.3520  0.0570  0.9343

PART 8
OFFSET  15.8608  0.4079 -8.5095
X  0.8478 -0.4035  0.3441
Y  0.3966  0.9132  0.0937
Z -0.3520  0.0570  0.9343

PART 9
OFFSET  15.6456 -0.0341 -9.6023
X  0.8478 -0.4035  0.3441
Y  0.3966  0.9132  0.0937
Z -0.3520  0.0570  0.9343

PART 10
OFFSET  17.7394  0.3162 -9.5984
X  0.6589 -0.3339  0.6741
Y -0.7234 -0.0357  0.6895
Z -0.2061 -0.9419 -0.2650

PART 11
OFFSET  17.2530 -0.2552 -8.7386
X -0.2850 -0.8667  0.4093
Y -0.9426  0.3309  0.0443
Z -0.1738 -0.3732 -0.9113

PART 12
OFFSET  16.5341 -2.1133 -7.9017
X  0.6011 -0.6708  0.4345
Y -0.7977 -0.5369  0.2747
Z  0.0490 -0.5117 -0.8578

PART 13
OFFSET  17.5576 -3.2214 -7.3128
X  0.8943 -0.4257  0.1376
Y -0.4403 -0.7831  0.4392
Z -0.0793 -0.4534 -0.8878

PART 14
OFFSET  18.5136 -3.7159 -7.1972
X  0.6204 -0.1844  0.7623
Y -0.3245  0.8246  0.4635
Z -0.7141 -0.5349  0.4517

PART 15
OFFSET  19.0299 -0.1185 -9.8198
X  0.9444 -0.2938  0.1477
Y -0.2335 -0.9154 -0.3279
Z  0.2315  0.2752 -0.9331

PART 16
OFFSET  21.0894 -0.9309 -9.3923
X -0.3854 -0.9222  0.0331
Y -0.8777  0.3552 -0.3217
Z  0.2849 -0.1530 -0.9463

PART 17
OFFSET  20.5438 -2.2365 -9.3454
X -0.9764  0.0732 -0.2033
Y  0.1191  0.9674 -0.2234
Z  0.1803 -0.2423 -0.9533

PART 18
OFFSET  19.6781 -2.1716 -9.5257
X -0.9800 -0.0041 -0.1991
Y  0.0315  0.9840 -0.1752
Z  0.1966 -0.1779 -0.9642

PART 19
OFFSET  18.7471 -2.1755 -9.7149
X  0.7013 -0.5889  0.4017
Y  0.6792  0.7230 -0.1259
Z -0.2163  0.3612  0.9071

PART 20
OFFSET  18.7228 -0.0841 -9.1764
X  0.8480 -0.3124  0.4281
Y -0.1876 -0.9324 -0.3088
Z  0.4957  0.1815 -0.8493

PART 21
OFFSET  21.0014 -0.8474 -8.1846
X -0.2103 -0.9701 -0.1213
Y -0.9119  0.2394 -0.3333
Z  0.3523  0.0405 -0.9350

PART 22
OFFSET  20.6434 -2.4990 -8.3910
X -0.9351  0.0255 -0.3535
Y  0.0194  0.9996  0.0208
Z  0.3538  0.0126 -0.9352

PART 23
OFFSET  19.3474 -2.4636 -8.8809
X -0.9141  0.2053 -0.3497
Y  0.1873  0.9786  0.0848
Z  0.3597  0.0120 -0.9330

PART 24
OFFSET  18.3560 -2.2410 -9.2602
X  0.6596 -0.7266  0.1922
Y  0.6617  0.6827  0.3100
Z -0.3564 -0.0773  0.9311

PART 25
OFFSET  18.5115 -1.2746 -6.5678
X  0.7026 -0.5691  0.4272
Y  0.3603  0.8021  0.4762
Z -0.6137 -0.1807  0.7686

PART 26
OFFSET  19.8379 -0.6616 -6.3534
X  0.8685 -0.3280  0.3716
Y -0.2633 -0.9405 -0.2146
Z  0.4199  0.0885 -0.9033

PART 27
OFFSET  21.3670 -1.2390 -5.6991
X  0.6958 -0.6812  0.2276
Y -0.5764 -0.7187 -0.3889
Z  0.4284  0.1394 -0.8928

PART 28
OFFSET  22.1869 -2.0756 -5.3682
X  0.1567 -0.9871  0.0345
Y -0.8176 -0.1492 -0.5561
Z  0.5541  0.0589 -0.8304

PART 29
OFFSET  22.3638 -3.1905 -5.3292
X  0.8429  0.4726  0.2572
Y -0.4666  0.8801 -0.0879
Z -0.2679 -0.0460  0.9623

PART 30
OFFSET  20.5154 -0.7562 -7.2208
X  0.5065 -0.8621  0.0149
Y -0.8137 -0.4837 -0.3223
Z  0.2851  0.1511 -0.9465

PART 31
OFFSET  21.5049 -2.4404 -7.1916
X -0.3487 -0.9006 -0.2594
Y -0.9030  0.3969 -0.1644
Z  0.2510  0.1769 -0.9517

PART 32
OFFSET  20.9956 -3.7559 -7.5704
X -0.5149 -0.8025 -0.3016
Y -0.8305  0.5542 -0.0566
Z  0.2125  0.2213 -0.9518

PART 33
OFFSET  20.4145 -4.6636 -7.9187
X  0.9117  0.2472  0.3282
Y -0.2874  0.9545  0.0794
Z -0.2937 -0.1667  0.9413

PART 34
OFFSET  19.6015 -2.0051 -8.5464
X  0.4423  0.1519 -0.8839
Y  0.2061  0.9419  0.2650
Z  0.8729 -0.2994  0.3853

PART 35
OFFSET  17.0661  1.7630 -11.0674
X  0.8478 -0.4035  0.3441
Y  0.3966  0.9132  0.0937
Z -0.3520  0.0570  0.9343

PART 36
OFFSET  16.1745  0.4238 -11.5626
X  0.8478 -0.4035  0.3441
Y  0.3966  0.9132  0.0937
Z -0.3520  0.0570  0.9343

PART 37
OFFSET  16.5449  1.5668 -8.5325
X  0.8478 -0.4035  0.3441
Y  0.3966  0.9132  0.0937
Z -0.3520  0.0570  0.9343

PART 38
OFFSET  15.8608  0.4079 -8.5095
X  0.8478 -0.4035  0.3441
Y  0.3966  0.9132  0.0937
Z -0.3520  0.0570  0.9343

PART 39
OFFSET  15.6456 -0.0341 -9.6023
X  0.8478 -0.4035  0.3441
Y  0.3966  0.9132  0.0937
Z -0.3520  0.0570  0.9343

PART 40
OFFSET  6.1869 -3.3240 -5.0188
X  0.9951 -0.0009  0.0992
Y -0.0180  0.9818  0.1892
Z -0.0975 -0.1901  0.9769

PART 41
OFFSET  6.1869 -3.3240 -5.0188
X  0.9951 -0.0009  0.0992
Y -0.0180  0.9818  0.1892
Z -0.0975 -0.1901  0.9769

PART 42
OFFSET  10.3504 -3.3660 -4.3257
X  0.9951 -0.0009  0.0992
Y -0.0180  0.9818  0.1892
Z -0.0975 -0.1901  0.9769

PART 43
OFFSET  12.5708 -4.5476 -2.4851
X  0.9951 -0.0009  0.0992
Y -0.0180  0.9818  0.1892
Z -0.0975 -0.1901  0.9769

PART 44
OFFSET -4.1388 -7.9373 -3.1869
X  0.2911 -0.0320  0.9561
Y  0.0064 -0.9994 -0.0354
Z  0.9567  0.0164 -0.2907

PART 45
OFFSET -7.6597 -7.5502 -14.7505
X -0.7367 -0.2995 -0.6063
Y  0.4627  0.4306 -0.7749
Z  0.4931 -0.8514 -0.1787

PART 46
OFFSET -1.3936 -5.0029 -9.5940
X -0.7367 -0.2995 -0.6063
Y  0.6024  0.1166 -0.7896
Z  0.3071 -0.9470  0.0946

PART 47
OFFSET -1.2407 -3.9160 -7.9445
X -0.7408 -0.2997 -0.6011
Y -0.4976  0.8460  0.1915
Z  0.4512  0.4410 -0.7759

PART 48
OFFSET -1.1026 -4.7304 -7.0765
X -0.7408 -0.2997 -0.6011
Y -0.4976  0.8460  0.1915
Z  0.4512  0.4410 -0.7759

PART 49
OFFSET -0.2763 -5.7355 -7.4199
X -0.7408 -0.2997 -0.6011
Y -0.4976  0.8460  0.1915
Z  0.4512  0.4410 -0.7759

PART 50
OFFSET  0.8650 -4.0847 -7.7353
X -0.9924 -0.0061 -0.1226
Y  0.1193  0.1868 -0.9751
Z  0.0288 -0.9824 -0.1846

PART 51
OFFSET  1.1844 -3.8588 -6.6634
X -0.6356 -0.4085 -0.6551
Y  0.4661  0.4734 -0.7474
Z  0.6154 -0.7804 -0.1105

PART 52
OFFSET  2.4752 -2.9811 -5.1690
X -0.8814 -0.3940  0.2607
Y -0.2384 -0.1054 -0.9654
Z  0.4078 -0.9130 -0.0010

PART 53
OFFSET  3.8381 -2.2491 -5.6473
X -0.3969 -0.3273  0.8575
Y -0.7680 -0.3932 -0.5056
Z  0.5027 -0.8592 -0.0953

PART 54
OFFSET  4.2574 -1.8492 -6.5617
X -0.7742  0.2293  0.5900
Y  0.0772  0.9593 -0.2715
Z -0.6283 -0.1646 -0.7604

PART 55
OFFSET  1.8267 -3.6811 -8.6384
X -0.9078 -0.3150  0.2771
Y  0.2642 -0.9423 -0.2056
Z  0.3258 -0.1134  0.9386

PART 56
OFFSET  3.8814 -2.8744 -9.0990
X -0.1850 -0.9401 -0.2864
Y  0.8749 -0.0247 -0.4837
Z  0.4477 -0.3401  0.8270

PART 57
OFFSET  4.1433 -1.5434 -8.6935
X  0.6684 -0.4837 -0.5650
Y  0.6164  0.7854  0.0568
Z  0.4162 -0.3862  0.8232

PART 58
OFFSET  3.5506 -1.1146 -8.1926
X  0.8704  0.3688 -0.3262
Y -0.1990  0.8695  0.4521
Z  0.4504 -0.3286  0.8302

PART 59
OFFSET  2.7237 -1.4650 -7.8827
X -0.6059 -0.7804 -0.1543
Y -0.6534  0.3775  0.6561
Z -0.4538  0.4984 -0.7387

PART 60
OFFSET  1.9697 -3.9410 -7.9892
X -0.9697 -0.2146  0.1165
Y  0.1941 -0.9669 -0.1654
Z  0.1482 -0.1377  0.9793

PART 61
OFFSET  4.4688 -3.3850 -8.4408
X -0.1917 -0.9665 -0.1704
Y  0.8645 -0.0840 -0.4955
Z  0.4646 -0.2423  0.8517

PART 62
OFFSET  4.7951 -1.7394 -8.1506
X  0.7936 -0.3151 -0.5205
Y  0.4072  0.9107  0.0696
Z  0.4520 -0.2671  0.8510

PART 63
OFFSET  3.6952 -1.3027 -7.4293
X  0.8110  0.5232 -0.2617
Y -0.3775  0.8097  0.4493
Z  0.4470 -0.2656  0.8542

PART 64
OFFSET  2.8156 -1.8701 -7.1454
X -0.4269 -0.9043 -0.0002
Y -0.7929  0.3742  0.4809
Z -0.4348  0.2055 -0.8768

PART 65
OFFSET -3.3509 -4.7945 -7.5200
X -0.9488 -0.3150  0.0219
Y -0.3113  0.9447  0.1028
Z -0.0531  0.0907 -0.9945

PART 66
OFFSET  4.6528 -4.5669 -6.5907
X -0.9893 -0.1140 -0.0905
Y  0.1350 -0.9513 -0.2772
Z -0.0545 -0.2864  0.9566

PART 67
OFFSET  6.3946 -4.3662 -6.4314
X -0.9931 -0.0863 -0.0794
Y  0.1023 -0.9684 -0.2276
Z -0.0572 -0.2342  0.9705

PART 68
OFFSET  7.5985 -4.2755 -6.2760
X -0.9921  0.0130 -0.1252
Y  0.0200 -0.9657 -0.2587
Z -0.1242 -0.2592  0.9578

PART 69
OFFSET  8.7190 -4.2901 -6.1346
X  0.2699  0.7947  0.5437
Y  0.9599 -0.2664 -0.0872
Z  0.0755  0.5455 -0.8347

PART 70
OFFSET  4.6712 -4.1888 -7.6286
X -0.3114 -0.9444 -0.1057
Y  0.9055 -0.2612 -0.3344
Z  0.2881 -0.1998  0.9365

PART 71
OFFSET  5.2796 -2.3439 -7.4221
X  0.7641 -0.5389 -0.3546
Y  0.5626  0.8256 -0.0425
Z  0.3157 -0.1670  0.9340

PART 72
OFFSET  4.1636 -1.5567 -6.9041
X  0.8665  0.4327 -0.2489
Y -0.3794  0.8949  0.2349
Z  0.3244 -0.1091  0.9396

PART 73
OFFSET  3.1797 -2.0454 -6.6287
X -0.4428 -0.8964 -0.0192
Y -0.8216  0.3971  0.4091
Z -0.3591  0.1969 -0.9123

PART 74
OFFSET -1.2408 -3.9160 -7.9444
X -0.7408 -0.2997 -0.6011
Y -0.4976  0.8460  0.1915
Z  0.4512  0.4410 -0.7759

PART 75
OFFSET -1.1028 -4.7303 -7.0764
X -0.7408 -0.2997 -0.6011
Y -0.4976  0.8460  0.1915
Z  0.4512  0.4410 -0.7759

PART 76
OFFSET -0.2763 -5.7354 -7.4199
X -0.7408 -0.2997 -0.6011
Y -0.4976  0.8460  0.1915
Z  0.4512  0.4410 -0.7759

PART 77
OFFSET  0.0000 -0.0000 -0.0000
X  1.0000 -0.0000  0.0000
