// Export filename: `C:\projects\cod\t5\xanim_export\t5_viewmodels\ak74u\ak74u_grip_pullout_quick.XANIM_EXPORT`
// Source filename: `D:\projects\devanim\t5\animation_assets\viewmodels\ak74u/t5_viewmodel_ak74u_animated.fbx`
// Export time: Sat Aug 28 17:51:47 2010

ANIMATION
VERSION 3

NUMPARTS 80
PART 0 "tag_ads"
PART 1 "tag_torso"
PART 2 "J_Shoulder_LE"
PART 3 "J_Elbow_LE"
PART 4 "J_WristTwist_LE"
PART 5 "J_Sleave_Reshape_Bottom_LE_1"
PART 6 "J_Sleave_Reshape_Bottom_LE_2"
PART 7 "J_Sleave_Reshape_Top_LE_1"
PART 8 "J_Sleave_Reshape_Top_LE_2"
PART 9 "J_Sleave_Reshape_Top_LE_3"
PART 10 "J_Wrist_LE"
PART 11 "J_Thumb_LE_0"
PART 12 "J_Thumb_LE_1"
PART 13 "J_Thumb_LE_2"
PART 14 "J_Thumb_LE_3"
PART 15 "J_PinkyPalm_LE"
PART 16 "J_Pinky_LE_0"
PART 17 "J_Pinky_LE_1"
PART 18 "J_Pinky_LE_2"
PART 19 "J_Pinky_LE_3"
PART 20 "J_RingPalm_LE"
PART 21 "J_Ring_LE_0"
PART 22 "J_Ring_LE_1"
PART 23 "J_Ring_LE_2"
PART 24 "J_Ring_LE_3"
PART 25 "J_Webbing_LE"
PART 26 "J_Index_LE_0"
PART 27 "J_Index_LE_1"
PART 28 "J_Index_LE_2"
PART 29 "J_Index_LE_3"
PART 30 "J_Mid_LE_0"
PART 31 "J_Mid_LE_1"
PART 32 "J_Mid_LE_2"
PART 33 "J_Mid_LE_3"
PART 34 "tag_knife_attach"
PART 35 "D_Sleave_Reshape_Bottom_LE_1"
PART 36 "D_Sleave_Reshape_Bottom_LE_2"
PART 37 "D_Sleave_Reshape_Top_LE_1"
PART 38 "D_Sleave_Reshape_Top_LE_2"
PART 39 "D_Sleave_Reshape_Top_LE_3"
PART 40 "tag_weapon"
PART 41 "J_Gun"
PART 42 "TAG_CLIP"
PART 43 "J_Bolt"
PART 44 "J_Shoulder_RI"
PART 45 "J_Elbow_RI"
PART 46 "J_WristTwist_RI"
PART 47 "J_Sleave_Reshape_Top_RI_3"
PART 48 "J_Sleave_Reshape_Top_RI_2"
PART 49 "J_Sleave_Reshape_Top_RI_1"
PART 50 "J_Wrist_RI"
PART 51 "J_Thumb_RI_0"
PART 52 "J_Thumb_RI_1"
PART 53 "J_Thumb_RI_2"
PART 54 "J_Thumb_RI_3"
PART 55 "J_PinkyPalm_RI"
PART 56 "J_Pinky_RI_0"
PART 57 "J_Pinky_RI_1"
PART 58 "J_Pinky_RI_2"
PART 59 "J_Pinky_RI_3"
PART 60 "J_RingPalm_RI"
PART 61 "J_Ring_RI_0"
PART 62 "J_Ring_RI_1"
PART 63 "J_Ring_RI_2"
PART 64 "J_Ring_RI_3"
PART 65 "J_Webbing_RI"
PART 66 "J_Index_RI_0"
PART 67 "J_Index_RI_1"
PART 68 "J_Index_RI_2"
PART 69 "J_Index_RI_3"
PART 70 "J_Mid_RI_0"
PART 71 "J_Mid_RI_1"
PART 72 "J_Mid_RI_2"
PART 73 "J_Mid_RI_3"
PART 74 "D_Sleave_Reshape_Top_RI_3"
PART 75 "D_Sleave_Reshape_Top_RI_2"
PART 76 "D_Sleave_Reshape_Top_RI_1"
PART 77 "tag_cambone"
PART 78 "tag_camera"
PART 79 "tag_gasmask"

FRAMERATE 30
NUMFRAMES 31

FRAME 3520
PART 0
OFFSET  0.0000 -0.0000 -0.0000
X  1.0000 -0.0000  0.0000
Y  0.0000  1.0000  0.0000
Z  0.0000 -0.0000  1.0000

PART 1
OFFSET -4.6318 -0.0000 -1.3770
X  1.0000 -0.0000  0.0000
Y  0.0000  1.0000  0.0000
Z  0.0000 -0.0000  1.0000

PART 2
OFFSET -1.6642  7.9373 -3.1869
X  0.3334 -0.0520 -0.9413
Y  0.3923 -0.9003  0.1887
Z -0.8573 -0.4322 -0.2798

PART 3
OFFSET  2.3684  7.3087 -14.5713
X  0.9830 -0.1013 -0.1531
Y  0.1543  0.0042  0.9880
Z -0.0994 -0.9949  0.0197

PART 4
OFFSET  10.7293  6.4473 -15.8736
X  0.9830 -0.1013 -0.1531
Y  0.1754  0.7637  0.6212
Z  0.0540 -0.6375  0.7685

PART 5
OFFSET  12.3324  7.8984 -16.8223
X  0.9823 -0.0986 -0.1591
Y  0.0944  0.9950 -0.0335
Z  0.1616  0.0179  0.9867

PART 6
OFFSET  11.4598  5.6128 -17.2551
X  0.9823 -0.0986 -0.1591
Y  0.0944  0.9950 -0.0335
Z  0.1616  0.0179  0.9867

PART 7
OFFSET  12.9255  7.0411 -14.7179
X  0.9823 -0.0986 -0.1591
Y  0.0944  0.9950 -0.0335
Z  0.1616  0.0179  0.9867

PART 8
OFFSET  12.7292  5.7342 -14.4633
X  0.9823 -0.0986 -0.1591
Y  0.0944  0.9950 -0.0335
Z  0.1616  0.0179  0.9867

PART 9
OFFSET  12.1433  5.1659 -15.3405
X  0.9823 -0.0986 -0.1591
Y  0.0944  0.9950 -0.0335
Z  0.1616  0.0179  0.9867

PART 10
OFFSET  13.7429  6.1369 -16.3431
X  0.7381  0.6738 -0.0341
Y -0.3886  0.4659  0.7950
Z  0.5515 -0.5735  0.6057

PART 11
OFFSET  13.9264  6.6541 -15.3425
X  0.7122  0.2323  0.6624
Y -0.6952  0.3643  0.6197
Z -0.0974 -0.9019  0.4209

PART 12
OFFSET  15.3885  7.1414 -13.8277
X  0.9676  0.0599 -0.2453
Y  0.2145  0.3176  0.9236
Z  0.1332 -0.9463  0.2945

PART 13
OFFSET  16.9526  7.1132 -14.2459
X  0.4515 -0.3316 -0.8283
Y  0.8920  0.1888  0.4106
Z  0.0202 -0.9243  0.3811

PART 14
OFFSET  17.4570  6.7154 -15.1173
X  0.5041  0.3878 -0.7717
Y -0.5430  0.8371  0.0660
Z  0.6715  0.3858  0.6326

PART 15
OFFSET  14.8950  6.0923 -17.1007
X  0.8507  0.2619 -0.4558
Y  0.5084 -0.6301  0.5870
Z -0.1334 -0.7311 -0.6691

PART 16
OFFSET  16.8882  6.7099 -17.9553
X  0.8657 -0.0619  0.4967
Y -0.4559 -0.5074  0.7313
Z  0.2068 -0.8595 -0.4674

PART 17
OFFSET  18.1138  6.6223 -17.2520
X -0.3378 -0.5264  0.7803
Y -0.9042 -0.0486 -0.4243
Z  0.2612 -0.8489 -0.4595

PART 18
OFFSET  17.8143  6.1556 -16.5602
X -0.8787 -0.3800  0.2888
Y -0.4318  0.3752 -0.8202
Z  0.2033 -0.8454 -0.4938

PART 19
OFFSET  16.9795  5.7946 -16.2859
X  0.9138  0.1774  0.3654
Y  0.2652  0.4210 -0.8674
Z -0.3077  0.8896  0.3377

PART 20
OFFSET  14.7221  6.6302 -16.6645
X  0.8251  0.4947 -0.2729
Y  0.5528 -0.6071  0.5708
Z  0.1167 -0.6219 -0.7744

PART 21
OFFSET  16.8687  7.8351 -17.5005
X  0.8244 -0.3067  0.4756
Y -0.5612 -0.5520  0.6167
Z  0.0734 -0.7753 -0.6273

PART 22
OFFSET  18.2723  7.3129 -16.6907
X -0.4728 -0.5846  0.6593
Y -0.8755  0.2269 -0.4267
Z  0.0998 -0.7789 -0.6191

PART 23
OFFSET  17.6170  6.5027 -15.7770
X -0.9937 -0.1080 -0.0302
Y -0.0438  0.6222 -0.7816
Z  0.1032 -0.7754 -0.6230

PART 24
OFFSET  16.5393  6.3856 -15.8098
X  0.8443 -0.3051  0.4406
Y  0.5292  0.6044 -0.5955
Z -0.0846  0.7360  0.6717

PART 25
OFFSET  15.6970  8.6463 -14.8613
X  0.9230  0.3844 -0.0174
Y -0.3280  0.7623 -0.5579
Z -0.2012  0.5207  0.8297

PART 26
OFFSET  16.1210  9.3269 -16.1015
X  0.9517 -0.0910  0.2932
Y -0.2490 -0.7876  0.5636
Z  0.1797 -0.6094 -0.7722

PART 27
OFFSET  17.7966  9.1666 -15.5852
X -0.2625 -0.8323  0.4882
Y -0.9348  0.0941 -0.3424
Z  0.2390 -0.5463 -0.8028

PART 28
OFFSET  17.4629  8.1880 -14.9429
X -0.9376 -0.3469  0.0239
Y -0.2598  0.6533 -0.7111
Z  0.2311 -0.6730 -0.7026

PART 29
OFFSET  16.4039  7.7961 -14.9160
X  0.6048 -0.6661  0.4366
Y  0.7772  0.6131 -0.1412
Z -0.1736  0.4247  0.8885

PART 30
OFFSET  16.5627  8.6467 -16.8516
X  0.8756 -0.1824  0.4472
Y -0.4322 -0.7091  0.5571
Z  0.2155 -0.6811 -0.6998

PART 31
OFFSET  18.2734  8.2904 -15.9780
X -0.4987 -0.6834  0.5332
Y -0.8491  0.2615 -0.4590
Z  0.1742 -0.6816 -0.7107

PART 32
OFFSET  17.5449  7.2922 -15.1992
X -0.9887 -0.1278 -0.0778
Y -0.0451  0.7503 -0.6595
Z  0.1426 -0.6486 -0.7477

PART 33
OFFSET  16.4261  7.1424 -15.2922
X  0.7778 -0.3398  0.5287
Y  0.6109  0.6063 -0.5091
Z -0.1475  0.7190  0.6792

PART 34
OFFSET  16.7940  6.8386 -15.9409
X  0.1011 -0.6748 -0.7310
Y -0.5515  0.5735 -0.6057
Z  0.8280  0.4644 -0.3142

PART 35
OFFSET  12.0286  7.1936 -17.1487
X  0.9823 -0.0986 -0.1591
Y  0.0944  0.9950 -0.0335
Z  0.1616  0.0179  0.9867

PART 36
OFFSET  11.4598  5.6128 -17.2551
X  0.9823 -0.0986 -0.1591
Y  0.0944  0.9950 -0.0335
Z  0.1616  0.0179  0.9867

PART 37
OFFSET  12.9255  7.0411 -14.7179
X  0.9823 -0.0986 -0.1591
Y  0.0944  0.9950 -0.0335
Z  0.1616  0.0179  0.9867

PART 38
OFFSET  12.7292  5.7342 -14.4633
X  0.9823 -0.0986 -0.1591
Y  0.0944  0.9950 -0.0335
Z  0.1616  0.0179  0.9867

PART 39
OFFSET  12.1433  5.1659 -15.3405
X  0.9823 -0.0986 -0.1591
Y  0.0944  0.9950 -0.0335
Z  0.1616  0.0179  0.9867

PART 40
OFFSET  9.6880  2.3080 -8.4140
X  0.5747  0.5968 -0.5600
Y -0.7997  0.2639 -0.5393
Z -0.1741  0.7577  0.6289

PART 41
OFFSET  9.6880  2.3080 -8.4140
X  0.5747  0.5968 -0.5600
Y -0.7997  0.2639 -0.5393
Z -0.1741  0.7577  0.6289

PART 42
OFFSET  12.0478  5.0371 -10.6051
X  0.5747  0.5968 -0.5600
Y -0.7997  0.2639 -0.5393
Z -0.1741  0.7577  0.6289

PART 43
OFFSET  13.7896  7.6090 -10.3498
X  0.5747  0.5968 -0.5600
Y -0.7997  0.2639 -0.5393
Z -0.1741  0.7577  0.6289

PART 44
OFFSET -13.9227 -7.9373 -3.1869
X -0.9482 -0.1783  0.2630
Y  0.0939 -0.9480 -0.3042
Z  0.3035 -0.2638  0.9156

PART 45
OFFSET -2.4554 -5.7810 -6.3670
X -0.9706 -0.2405 -0.0031
Y  0.0522 -0.1982 -0.9788
Z  0.2348 -0.9502  0.2050

PART 46
OFFSET  5.8003 -3.7353 -6.3408
X -0.9706 -0.2405 -0.0031
Y  0.2209 -0.8864 -0.4067
Z  0.0951 -0.3954  0.9136

PART 47
OFFSET  6.8889 -2.1551 -5.8472
X -0.9716 -0.2367  0.0022
Y -0.2328  0.9536 -0.1909
Z  0.0431 -0.1860 -0.9816

PART 48
OFFSET  7.3540 -2.4488 -4.7827
X -0.9716 -0.2367  0.0022
Y -0.2328  0.9536 -0.1909
Z  0.0431 -0.1860 -0.9816

PART 49
OFFSET  7.7729 -3.7262 -4.7219
X -0.9716 -0.2367  0.0022
Y -0.2328  0.9536 -0.1909
Z  0.0431 -0.1860 -0.9816

PART 50
OFFSET  8.7760 -2.9980 -6.3314
X -0.3895 -0.8057  0.4462
Y  0.4697 -0.5905 -0.6563
Z  0.7923 -0.0461  0.6084

PART 51
OFFSET  8.1727 -2.0468 -6.1486
X  0.3498 -0.8855  0.3056
Y  0.3071 -0.1998 -0.9305
Z  0.8850  0.4194  0.2021

PART 52
OFFSET  7.3379 -0.1392 -6.7265
X -0.2842 -0.4397  0.8520
Y  0.4988 -0.8267 -0.2603
Z  0.8188  0.3510  0.4543

PART 53
OFFSET  7.7347  0.4820 -8.1683
X -0.4367  0.3166  0.8421
Y  0.1945 -0.8807  0.4319
Z  0.8783  0.3524  0.3230

PART 54
OFFSET  8.1635  0.1386 -9.1011
X -0.8465 -0.1742  0.5031
Y -0.4732 -0.1870 -0.8609
Z  0.2440 -0.9668  0.0758

PART 55
OFFSET  9.4485 -2.9392 -7.5347
X -0.3600 -0.4525  0.8159
Y  0.8859  0.1085  0.4510
Z -0.2926  0.8851  0.3618

PART 56
OFFSET  10.1060 -1.8068 -9.3704
X  0.7203 -0.2738  0.6374
Y  0.6935  0.3078 -0.6514
Z -0.0178  0.9112  0.4116

PART 57
OFFSET  9.0863 -1.4192 -10.2728
X  0.9585  0.1296 -0.2540
Y -0.2852  0.4402 -0.8514
Z  0.0015  0.8885  0.4589

PART 58
OFFSET  8.2365 -1.5341 -10.0475
X  0.3328  0.3885 -0.8593
Y -0.9426  0.1117 -0.3146
Z -0.0262  0.9147  0.4034

PART 59
OFFSET  7.9203 -1.9032 -9.2312
X  0.3409 -0.4995  0.7964
Y -0.9291 -0.0500  0.3664
Z -0.1432 -0.8649 -0.4812

PART 60
OFFSET  9.3326 -2.3759 -7.1117
X -0.3686 -0.6133  0.6986
Y  0.8478  0.0864  0.5232
Z -0.3812  0.7851  0.4881

PART 61
OFFSET  10.3645 -0.8989 -8.9857
X  0.6708 -0.1978  0.7147
Y  0.7360  0.2958 -0.6089
Z -0.0909  0.9345  0.3440

PART 62
OFFSET  9.2224 -0.5621 -10.2026
X  0.8759  0.2410 -0.4179
Y -0.4759  0.2892 -0.8306
Z -0.0793  0.9264  0.3680

PART 63
OFFSET  8.0085 -0.8962 -9.6233
X  0.1630  0.3801 -0.9105
Y -0.9830 -0.0165 -0.1829
Z -0.0845  0.9248  0.3709

PART 64
OFFSET  7.8316 -1.3083 -8.6359
X  0.4238 -0.2565  0.8687
Y -0.8942 -0.2711  0.3562
Z  0.1441 -0.9278 -0.3442

PART 65
OFFSET  7.1823 -5.8766 -3.5933
X -0.2370 -0.6567  0.7159
Y -0.8523 -0.2131 -0.4777
Z  0.4663 -0.7234 -0.5092

PART 66
OFFSET  10.2341  0.5698 -7.3489
X -0.4019 -0.6668  0.6276
Y  0.8654 -0.0526  0.4983
Z -0.2993  0.7434  0.5982

PART 67
OFFSET  10.9416  1.7438 -8.4538
X -0.3755 -0.6635  0.6471
Y  0.8607  0.0093  0.5090
Z -0.3437  0.7481  0.5676

PART 68
OFFSET  11.3772  2.5959 -9.2061
X -0.3463 -0.7141  0.6084
Y  0.8698 -0.0014  0.4935
Z -0.3515  0.7001  0.6215

PART 69
OFFSET  11.7684  3.4024 -9.8933
X -0.7713  0.4306 -0.4687
Y  0.6343  0.5806 -0.5104
Z  0.0524 -0.6910 -0.7210

PART 70
OFFSET  10.5599 -0.1485 -8.1224
X  0.5638 -0.2421  0.7896
Y  0.7873  0.4464 -0.4253
Z -0.2495  0.8615  0.4423

PART 71
OFFSET  9.4586  0.3245 -9.6650
X  0.9239  0.3463 -0.1629
Y -0.2827  0.3308 -0.9004
Z -0.2579  0.8779  0.4035

PART 72
OFFSET  8.1091 -0.1813 -9.4272
X  0.2441  0.4346 -0.8669
Y -0.9232 -0.1695 -0.3449
Z -0.2968  0.8845  0.3599

PART 73
OFFSET  7.8341 -0.6798 -8.4481
X  0.4215 -0.2815  0.8620
Y -0.8834 -0.3424  0.3201
Z  0.2050 -0.8964 -0.3930

PART 74
OFFSET  6.8888 -2.1551 -5.8472
X -0.9716 -0.2367  0.0022
Y -0.2328  0.9536 -0.1909
Z  0.0431 -0.1860 -0.9816

PART 75
OFFSET  7.3539 -2.4486 -4.7826
X -0.9716 -0.2367  0.0022
Y -0.2328  0.9536 -0.1909
Z  0.0431 -0.1860 -0.9816

PART 76
OFFSET  7.7729 -3.7262 -4.7220
X -0.9716 -0.2367  0.0022
Y -0.2328  0.9536 -0.1909
Z  0.0431 -0.1860 -0.9816

PART 77
OFFSET  0.0000 -0.0000 -0.0000
X  1.0000 -0.0000  0.0000
Y  0.0000  1.0000  0.0000
Z  0.0000 -0.0000  1.0000

PART 78
OFFSET  0.0000 -0.0000 -0.0000
X  1.0000 -0.0000  0.0000
Y  0.0000  1.0000  0.0000
Z  0.0000 -0.0000  1.0000

PART 79
OFFSET  1.5404 -0.0000  4.1357
X  1.0000 -0.0000  0.0000
Y  0.0000  1.0000  0.0000
Z  0.0000 -0.0000  1.0000


FRAME 3521
PART 0
OFFSET  0.0000 -0.0000 -0.0000
X  1.0000 -0.0000  0.0000
Y  0.0000  1.0000  0.0000
Z  0.0000 -0.0000  1.0000

PART 1
OFFSET -4.6318 -0.0000 -1.3770
X  1.0000 -0.0000  0.0000
Y  0.0000  1.0000  0.0000
Z  0.0000 -0.0000  1.0000

PART 2
OFFSET -1.6642  7.9373 -3.1869
X  0.3352 -0.0520 -0.9407
Y  0.3897 -0.9014  0.1887
Z -0.8578 -0.4298 -0.2819

PART 3
OFFSET  2.3894  7.3085 -14.5639
X  0.9840 -0.1036 -0.1448
Y  0.1459  0.0036  0.9893
Z -0.1020 -0.9946  0.0186

PART 4
OFFSET  10.7590  6.4270 -15.7951
X  0.9840 -0.1036 -0.1448
Y  0.1728  0.7521  0.6360
Z  0.0430 -0.6508  0.7580

PART 5
OFFSET  12.3736  7.8743 -16.7297
X  0.9834 -0.1009 -0.1507
Y  0.0971  0.9947 -0.0324
Z  0.1532  0.0172  0.9880

PART 6
OFFSET  11.4992  5.5910 -17.1704
X  0.9834 -0.1009 -0.1507
Y  0.0971  0.9947 -0.0324
Z  0.1532  0.0172  0.9880

PART 7
OFFSET  12.9467  7.0151 -14.6206
X  0.9834 -0.1009 -0.1507
Y  0.0971  0.9947 -0.0324
Z  0.1532  0.0172  0.9880

PART 8
OFFSET  12.7450  5.7086 -14.3680
X  0.9834 -0.1009 -0.1507
Y  0.0971  0.9947 -0.0324
Z  0.1532  0.0172  0.9880

PART 9
OFFSET  12.1653  5.1420 -15.2502
X  0.9834 -0.1009 -0.1507
Y  0.0971  0.9947 -0.0324
Z  0.1532  0.0172  0.9880

PART 10
OFFSET  13.7757  6.1092 -16.2389
X  0.7451  0.6664 -0.0259
Y -0.3851  0.4616  0.7991
Z  0.5445 -0.5855  0.6006

PART 11
OFFSET  13.9628  6.6140 -15.2327
X  0.7134  0.2179  0.6660
Y -0.6925  0.3650  0.6223
Z -0.1075 -0.9051  0.4113

PART 12
OFFSET  15.4272  7.0704 -13.7105
X  0.9686  0.0524 -0.2431
Y  0.2162  0.3057  0.9272
Z  0.1229 -0.9507  0.2848

PART 13
OFFSET  16.9917  7.0303 -14.1264
X  0.4495 -0.3277 -0.8310
Y  0.8932  0.1753  0.4140
Z  0.0100 -0.9284  0.3715

PART 14
OFFSET  17.4934  6.6365 -15.0011
X  0.5094  0.3906 -0.7667
Y -0.5345  0.8420  0.0738
Z  0.6744  0.3722  0.6377

PART 15
OFFSET  14.9286  6.0606 -16.9951
X  0.8542  0.2578 -0.4516
Y  0.5009 -0.6414  0.5812
Z -0.1398 -0.7226 -0.6769

PART 16
OFFSET  16.9295  6.6664 -17.8399
X  0.8641 -0.0760  0.4975
Y -0.4624 -0.5102  0.7252
Z  0.1987 -0.8567 -0.4760

PART 17
OFFSET  18.1530  6.5588 -17.1356
X -0.3446 -0.5309  0.7742
Y -0.9039 -0.0348 -0.4262
Z  0.2532 -0.8467 -0.4680

PART 18
OFFSET  17.8474  6.0880 -16.4492
X -0.8831 -0.3739  0.2834
Y -0.4265  0.3882 -0.8169
Z  0.1954 -0.8423 -0.5023

PART 19
OFFSET  17.0084  5.7328 -16.1800
X  0.9149  0.1641  0.3687
Y  0.2710  0.4272 -0.8626
Z -0.2991  0.8891  0.3464

PART 20
OFFSET  14.7605  6.5957 -16.5535
X  0.8306  0.4889 -0.2664
Y  0.5455 -0.6187  0.5653
Z  0.1116 -0.6149 -0.7807

PART 21
OFFSET  16.9209  7.7870 -17.3734
X  0.8204 -0.3202  0.4737
Y -0.5679 -0.5526  0.6100
Z  0.0665 -0.7695 -0.6352

PART 22
OFFSET  18.3176  7.2418 -16.5669
X -0.4800 -0.5865  0.6524
Y -0.8723  0.2404 -0.4257
Z  0.0929 -0.7734 -0.6270

PART 23
OFFSET  17.6523  6.4290 -15.6627
X -0.9947 -0.0973 -0.0330
Y -0.0360  0.6308 -0.7751
Z  0.0962 -0.7699 -0.6309

PART 24
OFFSET  16.5735  6.3234 -15.6985
X  0.8403 -0.3184  0.4388
Y  0.5365  0.6050 -0.5883
Z -0.0781  0.7298  0.6792

PART 25
OFFSET  15.7530  8.5827 -14.7278
X  0.9270  0.3750 -0.0119
Y -0.3191  0.7715 -0.5505
Z -0.1972  0.5141  0.8348

PART 26
OFFSET  16.1862  9.2717 -15.9601
X  0.9502 -0.1039  0.2938
Y -0.2581 -0.7908  0.5549
Z  0.1747 -0.6031 -0.7783

PART 27
OFFSET  17.8592  9.0888 -15.4428
X -0.2720 -0.8346  0.4790
Y -0.9332  0.1073 -0.3429
Z  0.2348 -0.5403 -0.8081

PART 28
OFFSET  17.5143  8.1070 -14.8113
X -0.9412 -0.3374  0.0187
Y -0.2518  0.6633 -0.7047
Z  0.2254 -0.6680 -0.7093

PART 29
OFFSET  16.4512  7.7259 -14.7902
X  0.5971 -0.6768  0.4306
Y  0.7838  0.6065 -0.1336
Z -0.1707  0.4172  0.8926

PART 30
OFFSET  16.6222  8.5949 -16.7166
X  0.8729 -0.1961  0.4467
Y -0.4405 -0.7104  0.5490
Z  0.2096 -0.6760 -0.7065

PART 31
OFFSET  18.3275  8.2118 -15.8440
X -0.5067 -0.6837  0.5252
Y -0.8455  0.2751 -0.4576
Z  0.1684 -0.6759 -0.7175

PART 32
OFFSET  17.5875  7.2132 -15.0768
X -0.9899 -0.1167 -0.0808
Y -0.0361  0.7576 -0.6517
Z  0.1372 -0.6422 -0.7542

PART 33
OFFSET  16.4673  7.0759 -15.1732
X  0.7733 -0.3534  0.5264
Y  0.6180  0.6052 -0.5017
Z -0.1413  0.7134  0.6864

PART 34
OFFSET  16.8331  6.7751 -15.8244
X  0.0954 -0.6682 -0.7379
Y -0.5445  0.5855 -0.6006
Z  0.8333  0.4591 -0.3080

PART 35
OFFSET  12.0709  7.1704 -17.0588
X  0.9834 -0.1009 -0.1507
Y  0.0971  0.9947 -0.0324
Z  0.1532  0.0172  0.9880

PART 36
OFFSET  11.4992  5.5910 -17.1704
X  0.9834 -0.1009 -0.1507
Y  0.0971  0.9947 -0.0324
Z  0.1532  0.0172  0.9880

PART 37
OFFSET  12.9467  7.0151 -14.6206
X  0.9834 -0.1009 -0.1507
Y  0.0971  0.9947 -0.0324
Z  0.1532  0.0172  0.9880

PART 38
OFFSET  12.7450  5.7086 -14.3680
X  0.9834 -0.1009 -0.1507
Y  0.0971  0.9947 -0.0324
Z  0.1532  0.0172  0.9880

PART 39
OFFSET  12.1653  5.1420 -15.2502
X  0.9834 -0.1009 -0.1507
Y  0.0971  0.9947 -0.0324
Z  0.1532  0.0172  0.9880

PART 40
OFFSET  9.6676  2.2401 -8.3568
X  0.5818  0.5966 -0.5528
Y -0.7959  0.2778 -0.5379
Z -0.1673  0.7529  0.6365

PART 41
OFFSET  9.6676  2.2401 -8.3568
X  0.5818  0.5966 -0.5528
Y -0.7959  0.2778 -0.5379
Z -0.1673  0.7529  0.6365

PART 42
OFFSET  12.0592  4.9673 -10.5154
X  0.5818  0.5966 -0.5528
Y -0.7959  0.2778 -0.5379
Z -0.1673  0.7529  0.6365

PART 43
OFFSET  13.8271  7.5182 -10.2304
X  0.5818  0.5966 -0.5528
Y -0.7959  0.2778 -0.5379
Z -0.1673  0.7529  0.6365

PART 44
OFFSET -13.9227 -7.9373 -3.1869
X -0.9427 -0.1692  0.2876
Y  0.0787 -0.9503 -0.3011
Z  0.3242 -0.2612  0.9092

PART 45
OFFSET -2.5218 -5.8907 -6.6645
X -0.9696 -0.2431 -0.0288
Y  0.0771 -0.1914 -0.9785
Z  0.2324 -0.9509  0.2044

PART 46
OFFSET  5.7248 -3.8228 -6.4195
X -0.9696 -0.2431 -0.0288
Y  0.2306 -0.8674 -0.4409
Z  0.0822 -0.4341  0.8971

PART 47
OFFSET  6.7961 -2.2431 -5.8884
X -0.9706 -0.2394 -0.0235
Y -0.2307  0.9543 -0.1902
Z  0.0680 -0.1792 -0.9815

PART 48
OFFSET  7.2355 -2.5427 -4.8147
X -0.9706 -0.2394 -0.0235
Y -0.2307  0.9543 -0.1902
Z  0.0680 -0.1792 -0.9815

PART 49
OFFSET  7.6564 -3.8194 -4.7521
X -0.9706 -0.2394 -0.0235
Y -0.2307  0.9543 -0.1902
Z  0.0680 -0.1792 -0.9815

PART 50
OFFSET  8.6972 -3.0775 -6.3312
X -0.3986 -0.8062  0.4371
Y  0.4647 -0.5885 -0.6616
Z  0.7907 -0.0606  0.6092

PART 51
OFFSET  8.1034 -2.1220 -6.1395
X  0.3401 -0.8923  0.2969
Y  0.3066 -0.1933 -0.9320
Z  0.8890  0.4081  0.2079

PART 52
OFFSET  7.2893 -0.2000 -6.6988
X -0.2902 -0.4456  0.8469
Y  0.4907 -0.8291 -0.2681
Z  0.8216  0.3378  0.4592

PART 53
OFFSET  7.6951  0.4321 -8.1334
X -0.4349  0.3123  0.8446
Y  0.1846 -0.8871  0.4230
Z  0.8814  0.3399  0.3281

PART 54
OFFSET  8.1219  0.0939 -9.0690
X -0.8491 -0.1707  0.4999
Y -0.4736 -0.1731 -0.8636
Z  0.2339 -0.9700  0.0661

PART 55
OFFSET  9.3723 -3.0131 -7.5327
X -0.3661 -0.4572  0.8105
Y  0.8862  0.0946  0.4536
Z -0.2840  0.8843  0.3706

PART 56
OFFSET  10.0447 -1.8686 -9.3555
X  0.7163 -0.2879  0.6357
Y  0.6977  0.3074 -0.6471
Z -0.0091  0.9070  0.4210

PART 57
OFFSET  9.0306 -1.4610 -10.2554
X  0.9602  0.1223 -0.2511
Y -0.2792  0.4520 -0.8472
Z  0.0099  0.8836  0.4682

PART 58
OFFSET  8.1792 -1.5695 -10.0327
X  0.3383  0.3939 -0.8546
Y -0.9409  0.1248 -0.3150
Z -0.0174  0.9106  0.4128

PART 59
OFFSET  7.8578 -1.9438 -9.2208
X  0.3344 -0.5113  0.7917
Y -0.9302 -0.0442  0.3643
Z -0.1513 -0.8583 -0.4904

PART 60
OFFSET  9.2615 -2.4532 -7.1040
X -0.3761 -0.6167  0.6915
Y  0.8478  0.0722  0.5254
Z -0.3739  0.7839  0.4957

PART 61
OFFSET  10.3119 -0.9675 -8.9609
X  0.6675 -0.2122  0.7137
Y  0.7401  0.2945 -0.6046
Z -0.0819  0.9318  0.3536

PART 62
OFFSET  9.1755 -0.6062 -10.1760
X  0.8791  0.2363 -0.4140
Y -0.4714  0.3027 -0.8283
Z -0.0704  0.9233  0.3775

PART 63
OFFSET  7.9571 -0.9336 -9.6023
X  0.1685  0.3878 -0.9062
Y -0.9828 -0.0044 -0.1847
Z -0.0756  0.9217  0.3804

PART 64
OFFSET  7.7743 -1.3543 -8.6195
X  0.4196 -0.2699  0.8667
Y -0.8976 -0.2655  0.3519
Z  0.1351 -0.9256 -0.3537

PART 65
OFFSET  7.0690 -5.9679 -3.6259
X -0.2451 -0.6616  0.7086
Y -0.8536 -0.1993 -0.4813
Z  0.4597 -0.7229 -0.5159

PART 66
OFFSET  10.1938  0.4854 -7.3090
X -0.4098 -0.6691  0.6199
Y  0.8639 -0.0667  0.4992
Z -0.2926  0.7401  0.6054

PART 67
OFFSET  10.9154  1.6635 -8.4005
X -0.3835 -0.6663  0.6395
Y  0.8599 -0.0049  0.5105
Z -0.3370  0.7457  0.5748

PART 68
OFFSET  11.3611  2.5187 -9.1431
X -0.3547 -0.7167  0.6004
Y  0.8688 -0.0155  0.4949
Z -0.3454  0.6972  0.6282

PART 69
OFFSET  11.7618  3.3283 -9.8212
X -0.7660  0.4434 -0.4654
Y  0.6412  0.5793 -0.5033
Z  0.0465 -0.6839 -0.7281

PART 70
OFFSET  10.5136 -0.2282 -8.0895
X  0.5599 -0.2562  0.7880
Y  0.7927  0.4426 -0.4193
Z -0.2413  0.8594  0.4508

PART 71
OFFSET  9.4198  0.2723 -9.6289
X  0.9277  0.3383 -0.1577
Y -0.2777  0.3431 -0.8973
Z -0.2495  0.8763  0.4122

PART 72
OFFSET  8.0648 -0.2219 -9.3985
X  0.2501  0.4411 -0.8619
Y -0.9243 -0.1563 -0.3481
Z -0.2883  0.8838  0.3686

PART 73
OFFSET  7.7830 -0.7278 -8.4251
X  0.4171 -0.2949  0.8597
Y -0.8874 -0.3365  0.3151
Z  0.1964 -0.8943 -0.4020

PART 74
OFFSET  6.7961 -2.2430 -5.8884
X -0.9706 -0.2394 -0.0235
Y -0.2307  0.9543 -0.1902
Z  0.0680 -0.1792 -0.9815

PART 75
OFFSET  7.2354 -2.5425 -4.8146
X -0.9706 -0.2394 -0.0235
Y -0.2307  0.9543 -0.1902
Z  0.0680 -0.1792 -0.9815

PART 76
OFFSET  7.6564 -3.8194 -4.7522
X -0.9706 -0.2394 -0.0235
Y -0.2307  0.9543 -0.1902
Z  0.0680 -0.1792 -0.9815

PART 77
OFFSET  0.0000 -0.0000 -0.0000
X  1.0000 -0.0000  0.0000
Y  0.0000  1.0000  0.0000
Z  0.0000 -0.0000  1.0000

PART 78
OFFSET  0.0000 -0.0000 -0.0000
X  1.0000 -0.0000  0.0000
Y  0.0000  1.0000  0.0000
Z  0.0000 -0.0000  1.0000

PART 79
OFFSET  1.5404 -0.0000  4.1357
X  1.0000 -0.0000  0.0000
Y  0.0000  1.0000  0.0000
Z  0.0000 -0.0000  1.0000


FRAME 3522
PART 0
OFFSET  0.0000 -0.0000 -0.0000
X  1.0000 -0.0000  0.0000
Y  0.0000  1.0000  0.0000
Z  0.0000 -0.0000  1.0000

PART 1
OFFSET -4.6318 -0.0000 -1.3770
X  1.0000 -0.0000  0.0000
Y  0.0000  1.0000  0.0000
Z  0.0000 -0.0000  1.0000

PART 2
OFFSET -1.6642  7.9373 -3.1869
X  0.3407 -0.0522 -0.9387
Y  0.3820 -0.9046  0.1889
Z -0.8591 -0.4230 -0.2882

PART 3
OFFSET  2.4556  7.3065 -14.5399
X  0.9865 -0.1103 -0.1213
Y  0.1223  0.0021  0.9925
Z -0.1092 -0.9939  0.0156

PART 4
OFFSET  10.8459  6.3680 -15.5718
X  0.9865 -0.1103 -0.1213
Y  0.1635  0.7182  0.6763
Z  0.0125 -0.6870  0.7266

PART 5
OFFSET  12.4923  7.8047 -16.4667
X  0.9860 -0.1076 -0.1273
Y  0.1047  0.9941 -0.0295
Z  0.1297  0.0158  0.9914

PART 6
OFFSET  11.6130  5.5276 -16.9296
X  0.9860 -0.1076 -0.1273
Y  0.1047  0.9941 -0.0295
Z  0.1297  0.0158  0.9914

PART 7
OFFSET  13.0090  6.9407 -14.3451
X  0.9860 -0.1076 -0.1273
Y  0.1047  0.9941 -0.0295
Z  0.1297  0.0158  0.9914

PART 8
OFFSET  12.7924  5.6354 -14.0981
X  0.9860 -0.1076 -0.1273
Y  0.1047  0.9941 -0.0295
Z  0.1297  0.0158  0.9914

PART 9
OFFSET  12.2300  5.0732 -14.9943
X  0.9860 -0.1076 -0.1273
Y  0.1047  0.9941 -0.0295
Z  0.1297  0.0158  0.9914

PART 10
OFFSET  13.8701  6.0298 -15.9437
X  0.7642  0.6450 -0.0029
Y -0.3758  0.4489  0.8107
Z  0.5242 -0.6184  0.5855

PART 11
OFFSET  14.0664  6.4992 -14.9223
X  0.7159  0.1775  0.6753
Y -0.6849  0.3665  0.6297
Z -0.1357 -0.9133  0.3840

PART 12
OFFSET  15.5352  6.8680 -13.3808
X  0.9710  0.0314 -0.2372
Y  0.2200  0.2720  0.9368
Z  0.0939 -0.9618  0.2572

PART 13
OFFSET  17.1001  6.7947 -13.7907
X  0.4442 -0.3160 -0.8383
Y  0.8957  0.1370  0.4230
Z -0.0188 -0.9388  0.3440

PART 14
OFFSET  17.5949  6.4123 -14.6743
X  0.5246  0.3980 -0.7526
Y -0.5103  0.8546  0.0962
Z  0.6815  0.3336  0.6514

PART 15
OFFSET  15.0251  5.9699 -16.6959
X  0.8636  0.2460 -0.4400
Y  0.4790 -0.6724  0.5643
Z -0.1571 -0.6981 -0.6986

PART 16
OFFSET  17.0472  6.5419 -17.5136
X  0.8589 -0.1156  0.4989
Y -0.4808 -0.5176  0.7078
Z  0.1764 -0.8478 -0.5002

PART 17
OFFSET  18.2633  6.3781 -16.8073
X -0.3639 -0.5432  0.7566
Y -0.9023  0.0040 -0.4311
Z  0.2311 -0.8396 -0.4916

PART 18
OFFSET  17.9406  5.8965 -16.1364
X -0.8951 -0.3562  0.2683
Y -0.4108  0.4242 -0.8070
Z  0.1737 -0.8325 -0.5260

PART 19
OFFSET  17.0903  5.5581 -15.8815
X  0.9173  0.1265  0.3775
Y  0.2878  0.4443 -0.8484
Z -0.2751  0.8869  0.3712

PART 20
OFFSET  14.8702  6.4965 -16.2395
X  0.8458  0.4722 -0.2482
Y  0.5244 -0.6506  0.5493
Z  0.0979 -0.5947 -0.7979

PART 21
OFFSET  17.0684  7.6480 -17.0143
X  0.8083 -0.3576  0.4677
Y -0.5869 -0.5535  0.5909
Z  0.0476 -0.7521 -0.6573

PART 22
OFFSET  18.4445  7.0391 -16.2179
X -0.5002 -0.5912  0.6327
Y -0.8628  0.2780 -0.4223
Z  0.0738 -0.7571 -0.6491

PART 23
OFFSET  17.7512  6.2198 -15.3411
X -0.9969 -0.0674 -0.0402
Y -0.0137  0.6540 -0.7564
Z  0.0773 -0.7535 -0.6529

PART 24
OFFSET  16.6701  6.1467 -15.3847
X  0.8284 -0.3554  0.4329
Y  0.5568  0.6062 -0.5678
Z -0.0606  0.7115  0.7001

PART 25
OFFSET  15.9101  8.3994 -14.3516
X  0.9375  0.3481  0.0033
Y -0.2938  0.7962 -0.5289
Z -0.1867  0.4949  0.8487

PART 26
OFFSET  16.3695  9.1114 -15.5611
X  0.9452 -0.1401  0.2949
Y -0.2838 -0.7990  0.5302
Z  0.1613 -0.5849 -0.7949

PART 27
OFFSET  18.0337  8.8648 -15.0419
X -0.2985 -0.8400  0.4530
Y -0.9279  0.1444 -0.3437
Z  0.2233 -0.5229 -0.8226

PART 28
OFFSET  17.6572  7.8754 -14.4412
X -0.9506 -0.3103  0.0046
Y -0.2288  0.6907 -0.6860
Z  0.2097 -0.6531 -0.7276

PART 29
OFFSET  16.5835  7.5248 -14.4361
X  0.5750 -0.7062  0.4131
Y  0.8017  0.5871 -0.1121
Z -0.1634  0.3956  0.9038

PART 30
OFFSET  16.7898  8.4447 -16.3352
X  0.8645 -0.2344  0.4446
Y -0.4638 -0.7131  0.5258
Z  0.1938 -0.6608 -0.7252

PART 31
OFFSET  18.4787  7.9867 -15.4667
X -0.5290 -0.6838  0.5026
Y -0.8348  0.3128 -0.4531
Z  0.1526 -0.6592 -0.7363

PART 32
OFFSET  17.7060  6.9880 -14.7326
X -0.9924 -0.0855 -0.0886
Y -0.0108  0.7771 -0.6292
Z  0.1226 -0.6235 -0.7721

PART 33
OFFSET  16.5829  6.8862 -14.8380
X  0.7600 -0.3910  0.5192
Y  0.6379  0.6015 -0.4809
Z -0.1242  0.6967  0.7065

PART 34
OFFSET  16.9433  6.5941 -15.4962
X  0.0800 -0.6487 -0.7568
Y -0.5242  0.6184 -0.5855
Z  0.8478  0.4435 -0.2906

PART 35
OFFSET  12.1926  7.1030 -16.8034
X  0.9860 -0.1076 -0.1273
Y  0.1047  0.9941 -0.0295
Z  0.1297  0.0158  0.9914

PART 36
OFFSET  11.6130  5.5276 -16.9296
X  0.9860 -0.1076 -0.1273
Y  0.1047  0.9941 -0.0295
Z  0.1297  0.0158  0.9914

PART 37
OFFSET  13.0090  6.9407 -14.3451
X  0.9860 -0.1076 -0.1273
Y  0.1047  0.9941 -0.0295
Z  0.1297  0.0158  0.9914

PART 38
OFFSET  12.7924  5.6354 -14.0981
X  0.9860 -0.1076 -0.1273
Y  0.1047  0.9941 -0.0295
Z  0.1297  0.0158  0.9914

PART 39
OFFSET  12.2300  5.0732 -14.9943
X  0.9860 -0.1076 -0.1273
Y  0.1047  0.9941 -0.0295
Z  0.1297  0.0158  0.9914

PART 40
OFFSET  9.6101  2.0521 -8.1975
X  0.6017  0.5954 -0.5324
Y -0.7847  0.3165 -0.5330
Z -0.1489  0.7384  0.6577

PART 41
OFFSET  9.6101  2.0521 -8.1975
X  0.6017  0.5954 -0.5324
Y -0.7847  0.3165 -0.5330
Z -0.1489  0.7384  0.6577

PART 42
OFFSET  12.0910  4.7708 -10.2641
X  0.6017  0.5954 -0.5324
Y -0.7847  0.3165 -0.5330
Z -0.1489  0.7384  0.6577

PART 43
OFFSET  13.9303  7.2598 -9.8961
X  0.6017  0.5954 -0.5324
Y -0.7847  0.3165 -0.5330
Z -0.1489  0.7384  0.6577

PART 44
OFFSET -13.9227 -7.9373 -3.1869
X -0.9284 -0.1480  0.3409
Y  0.0445 -0.9549 -0.2935
Z  0.3690 -0.2573  0.8931

PART 45
OFFSET -2.6952 -6.1473 -7.3101
X -0.9654 -0.2467 -0.0844
Y  0.1304 -0.1767 -0.9756
Z  0.2258 -0.9528  0.2027

PART 46
OFFSET  5.5160 -4.0487 -6.5926
X -0.9654 -0.2467 -0.0844
Y  0.2536 -0.8134 -0.5235
Z  0.0605 -0.5267  0.8479

PART 47
OFFSET  6.5495 -2.4725 -5.9818
X -0.9668 -0.2431 -0.0791
Y -0.2249  0.9560 -0.1884
Z  0.1214 -0.1644 -0.9789

PART 48
OFFSET  6.9321 -2.7861 -4.8904
X -0.9668 -0.2431 -0.0791
Y -0.2249  0.9560 -0.1884
Z  0.1214 -0.1644 -0.9789

PART 49
OFFSET  7.3554 -4.0618 -4.8239
X -0.9668 -0.2431 -0.0791
Y -0.2249  0.9560 -0.1884
Z  0.1214 -0.1644 -0.9789

PART 50
OFFSET  8.4756 -3.2923 -6.3339
X -0.4241 -0.8068  0.4114
Y  0.4510 -0.5821 -0.6766
Z  0.7854 -0.1014  0.6107

PART 51
OFFSET  7.9088 -2.3260 -6.1168
X  0.3126 -0.9101  0.2720
Y  0.3059 -0.1747 -0.9359
Z  0.8993  0.3758  0.2238

PART 52
OFFSET  7.1536 -0.3656 -6.6228
X -0.3074 -0.4616  0.8321
Y  0.4679 -0.8348 -0.2902
Z  0.8286  0.3001  0.4727

PART 53
OFFSET  7.5850  0.2963 -8.0363
X -0.4301  0.2998  0.8515
Y  0.1567 -0.9041  0.3975
Z  0.8891  0.3044  0.3419

PART 54
OFFSET  8.0068 -0.0266 -8.9795
X -0.8563 -0.1605  0.4909
Y -0.4738 -0.1338 -0.8704
Z  0.2054 -0.9779  0.0385

PART 55
OFFSET  9.1587 -3.2123 -7.5300
X -0.3834 -0.4700  0.7950
Y  0.8861  0.0554  0.4601
Z -0.2603  0.8809  0.3952

PART 56
OFFSET  9.8736 -2.0348 -9.3152
X  0.7043 -0.3271  0.6301
Y  0.7098  0.3058 -0.6346
Z  0.0149  0.8941  0.4475

PART 57
OFFSET  8.8765 -1.5717 -10.2072
X  0.9646  0.1017 -0.2431
Y -0.2615  0.4846 -0.8347
Z  0.0329  0.8688  0.4941

PART 58
OFFSET  8.0212 -1.6619 -9.9917
X  0.3541  0.4088 -0.8411
Y -0.9352  0.1612 -0.3153
Z  0.0067  0.8983  0.4394

PART 59
OFFSET  7.6848 -2.0503 -9.1926
X  0.3153 -0.5438  0.7777
Y -0.9330 -0.0279  0.3587
Z -0.1734 -0.8387 -0.5162

PART 60
OFFSET  9.0619 -2.6622 -7.0855
X -0.3974 -0.6255  0.6714
Y  0.8467  0.0321  0.5311
Z -0.3537  0.7795  0.5169

PART 61
OFFSET  10.1646 -1.1538 -8.8930
X  0.6573 -0.2524  0.7101
Y  0.7515  0.2905 -0.5924
Z -0.0568  0.9230  0.3806

PART 62
OFFSET  9.0456 -0.7242 -10.1020
X  0.8877  0.2227 -0.4029
Y -0.4581  0.3405 -0.8211
Z -0.0457  0.9135  0.4043

PART 63
OFFSET  7.8153 -1.0328 -9.5436
X  0.1845  0.4092 -0.8936
Y -0.9815  0.0296 -0.1891
Z -0.0510  0.9120  0.4071

PART 64
OFFSET  7.6151 -1.4766 -8.5745
X  0.4070 -0.3073  0.8602
Y -0.9068 -0.2495  0.3399
Z  0.1102 -0.9183 -0.3802

PART 65
OFFSET  6.7503 -6.2123 -3.7223
X -0.2679 -0.6747  0.6877
Y -0.8564 -0.1602 -0.4908
Z  0.4413 -0.7205 -0.5350

PART 66
OFFSET  10.0798  0.2527 -7.1996
X -0.4323 -0.6748  0.5981
Y  0.8590 -0.1064  0.5008
Z -0.2743  0.7302  0.6257

PART 67
OFFSET  10.8409  1.4409 -8.2526
X -0.4059 -0.6733  0.6179
Y  0.8567 -0.0449  0.5139
Z -0.3183  0.7380  0.5950

PART 68
OFFSET  11.3151  2.3043 -8.9677
X -0.3785 -0.7234  0.5774
Y  0.8654 -0.0553  0.4980
Z -0.3284  0.6882  0.6470

PART 69
OFFSET  11.7426  3.1215 -9.6198
X -0.7504  0.4790 -0.4556
Y  0.6603  0.5750 -0.4831
Z  0.0306 -0.6633 -0.7477

PART 70
OFFSET  10.3830 -0.4466 -7.9993
X  0.5480 -0.2953  0.7826
Y  0.8073  0.4315 -0.4025
Z -0.2188  0.8524  0.4749

PART 71
OFFSET  9.3123  0.1304 -9.5281
X  0.9379  0.3157 -0.1436
Y -0.2629  0.3772 -0.8880
Z -0.2262  0.8707  0.4368

PART 72
OFFSET  7.9424 -0.3308 -9.3185
X  0.2673  0.4587 -0.8474
Y -0.9266 -0.1191 -0.3567
Z -0.2646  0.8806  0.3932

PART 73
OFFSET  7.6409 -0.8566 -8.3617
X  0.4038 -0.3319  0.8525
Y -0.8984 -0.3197  0.3011
Z  0.1726 -0.8875 -0.4273

PART 74
OFFSET  6.5495 -2.4725 -5.9817
X -0.9668 -0.2431 -0.0791
Y -0.2249  0.9560 -0.1884
Z  0.1214 -0.1644 -0.9789

PART 75
OFFSET  6.9320 -2.7859 -4.8904
X -0.9668 -0.2431 -0.0791
Y -0.2249  0.9560 -0.1884
Z  0.1214 -0.1644 -0.9789

PART 76
OFFSET  7.3555 -4.0618 -4.8240
X -0.9668 -0.2431 -0.0791
Y -0.2249  0.9560 -0.1884
Z  0.1214 -0.1644 -0.9789

PART 77
OFFSET  0.0000 -0.0000 -0.0000
X  1.0000 -0.0000  0.0000
Y  0.0000  1.0000  0.0000
Z  0.0000 -0.0000  1.0000

PART 78
OFFSET  0.0000 -0.0000 -0.0000
X  1.0000 -0.0000  0.0000
Y  0.0000  1.0000  0.0000
Z  0.0000 -0.0000  1.0000

PART 79
OFFSET  1.5404 -0.0000  4.1357
X  1.0000 -0.0000  0.0000
Y  0.0000  1.0000  0.0000
Z  0.0000 -0.0000  1.0000


FRAME 3523
PART 0
OFFSET  0.0000 -0.0000 -0.0000
X  1.0000 -0.0000  0.0000
Y  0.0000  1.0000  0.0000
Z  0.0000 -0.0000  1.0000

PART 1
OFFSET -4.6318 -0.0000 -1.3770
X  1.0000 -0.0000  0.0000
Y  0.0000  1.0000  0.0000
Z  0.0000 -0.0000  1.0000

PART 2
OFFSET -1.6642  7.9373 -3.1869
X  0.3509 -0.0528 -0.9349
Y  0.3700 -0.9093  0.1902
Z -0.8602 -0.4127 -0.2995

PART 3
OFFSET  2.5795  7.2986 -14.4938
X  0.9890 -0.1207 -0.0853
Y  0.0860  0.0006  0.9963
Z -0.1202 -0.9927  0.0110

PART 4
OFFSET  10.9916  6.2723 -15.2194
X  0.9890 -0.1207 -0.0853
Y  0.1442  0.6629  0.7347
Z -0.0321 -0.7389  0.6731

PART 5
OFFSET  12.6844  7.6918 -16.0528
X  0.9888 -0.1179 -0.0913
Y  0.1161  0.9929 -0.0251
Z  0.0936  0.0142  0.9955

PART 6
OFFSET  11.7988  5.4242 -16.5488
X  0.9888 -0.1179 -0.0913
Y  0.1161  0.9929 -0.0251
Z  0.0936  0.0142  0.9955

PART 7
OFFSET  13.1143  6.8219 -13.9142
X  0.9888 -0.1179 -0.0913
Y  0.1161  0.9929 -0.0251
Z  0.0936  0.0142  0.9955

PART 8
OFFSET  12.8752  5.5190 -13.6762
X  0.9888 -0.1179 -0.0913
Y  0.1161  0.9929 -0.0251
Z  0.0936  0.0142  0.9955

PART 9
OFFSET  12.3400  4.9629 -14.5926
X  0.9888 -0.1179 -0.0913
Y  0.1161  0.9929 -0.0251
Z  0.0936  0.0142  0.9955

PART 10
OFFSET  14.0236  5.9024 -15.4809
X  0.7918  0.6099  0.0320
Y -0.3630  0.4278  0.8277
Z  0.4911 -0.6671  0.5602

PART 11
OFFSET  14.2311  6.3158 -14.4377
X  0.7168  0.1147  0.6877
Y -0.6738  0.3676  0.6410
Z -0.1793 -0.9229  0.3407

PART 12
OFFSET  15.7008  6.5486 -12.8707
X  0.9735 -0.0010 -0.2286
Y  0.2233  0.2191  0.9498
Z  0.0491 -0.9757  0.2135

PART 13
OFFSET  17.2645  6.4246 -13.2725
X  0.4375 -0.2970 -0.8488
Y  0.8970  0.0778  0.4351
Z -0.0632 -0.9517  0.3005

PART 14
OFFSET  17.7500  6.0611 -14.1693
X  0.5484  0.4081 -0.7299
Y -0.4730  0.8711  0.1317
Z  0.6896  0.2731  0.6708

PART 15
OFFSET  15.1816  5.8256 -16.2269
X  0.8776  0.2272 -0.4222
Y  0.4438 -0.7180  0.5362
Z -0.1813 -0.6580 -0.7309

PART 16
OFFSET  17.2342  6.3438 -17.0033
X  0.8485 -0.1762  0.4991
Y -0.5095 -0.5274  0.6799
Z  0.1434 -0.8311 -0.5373

PART 17
OFFSET  18.4355  6.0943 -16.2968
X -0.3943 -0.5603  0.7284
Y -0.8973  0.0637 -0.4368
Z  0.1984 -0.8258 -0.5279

PART 18
OFFSET  18.0858  5.5975 -15.6510
X -0.9123 -0.3280  0.2454
Y -0.3844  0.4783 -0.7896
Z  0.1416 -0.8147 -0.5624

PART 19
OFFSET  17.2192  5.2859 -15.4178
X  0.9186  0.0684  0.3893
Y  0.3148  0.4692 -0.8251
Z -0.2391  0.8804  0.4094

PART 20
OFFSET  15.0459  6.3372 -15.7480
X  0.8680  0.4450 -0.2203
Y  0.4903 -0.6976  0.5226
Z  0.0788 -0.5616 -0.8236

PART 21
OFFSET  17.2996  7.4241 -16.4538
X  0.7875 -0.4141  0.4565
Y -0.6160 -0.5532  0.5608
Z  0.0204 -0.7228 -0.6907

PART 22
OFFSET  18.6403  6.7192 -15.6765
X -0.5315 -0.5966  0.6014
Y -0.8458  0.3350 -0.4152
Z  0.0463 -0.7293 -0.6826

PART 23
OFFSET  17.9037  5.8924 -14.8430
X -0.9985 -0.0212 -0.0503
Y  0.0220  0.6877 -0.7257
Z  0.0500 -0.7257 -0.6862

PART 24
OFFSET  16.8208  5.8694 -14.8976
X  0.8080 -0.4112  0.4220
Y  0.5881  0.6061 -0.5356
Z -0.0356  0.6809  0.7315

PART 25
OFFSET  16.1514  8.1043 -13.7676
X  0.9518  0.3056  0.0258
Y -0.2536  0.8317 -0.4939
Z -0.1724  0.4636  0.8691

PART 26
OFFSET  16.6527  8.8495 -14.9400
X  0.9354 -0.1951  0.2948
Y -0.3235 -0.8088  0.4911
Z  0.1426 -0.5547 -0.8197

PART 27
OFFSET  18.2996  8.5060 -14.4210
X -0.3393 -0.8457  0.4119
Y -0.9175  0.2009 -0.3433
Z  0.2075 -0.4944 -0.8441

PART 28
OFFSET  17.8745  7.5079 -13.8690
X -0.9634 -0.2677 -0.0163
Y -0.1920  0.7307 -0.6552
Z  0.1874 -0.6280 -0.7553

PART 29
OFFSET  16.7864  7.2055 -13.8874
X  0.5396 -0.7491  0.3843
Y  0.8277  0.5555 -0.0795
Z -0.1539  0.3610  0.9198

PART 30
OFFSET  17.0502  8.2007 -15.7409
X  0.8493 -0.2925  0.4394
Y -0.4994 -0.7149  0.4893
Z  0.1710 -0.6351 -0.7533

PART 31
OFFSET  18.7093  7.6292 -14.8824
X -0.5631 -0.6818  0.4670
Y -0.8161  0.3699 -0.4441
Z  0.1301 -0.6312 -0.7647

PART 32
OFFSET  17.8868  6.6334 -14.2003
X -0.9944 -0.0372 -0.0994
Y  0.0291  0.8046 -0.5930
Z  0.1020 -0.5926 -0.7990

PART 33
OFFSET  16.7613  6.5865 -14.3181
X  0.7373 -0.4475  0.5060
Y  0.6681  0.5938 -0.4484
Z -0.0998  0.6687  0.7368

PART 34
OFFSET  17.1144  6.3089 -14.9865
X  0.0582 -0.6165 -0.7852
Y -0.4911  0.6671 -0.5602
Z  0.8691  0.4182 -0.2640

PART 35
OFFSET  12.3900  6.9934 -16.4006
X  0.9888 -0.1179 -0.0913
Y  0.1161  0.9929 -0.0251
Z  0.0936  0.0142  0.9955

PART 36
OFFSET  11.7988  5.4242 -16.5488
X  0.9888 -0.1179 -0.0913
Y  0.1161  0.9929 -0.0251
Z  0.0936  0.0142  0.9955

PART 37
OFFSET  13.1143  6.8219 -13.9142
X  0.9888 -0.1179 -0.0913
Y  0.1161  0.9929 -0.0251
Z  0.0936  0.0142  0.9955

PART 38
OFFSET  12.8752  5.5190 -13.6762
X  0.9888 -0.1179 -0.0913
Y  0.1161  0.9929 -0.0251
Z  0.0936  0.0142  0.9955

PART 39
OFFSET  12.3400  4.9629 -14.5926
X  0.9888 -0.1179 -0.0913
Y  0.1161  0.9929 -0.0251
Z  0.0936  0.0142  0.9955

PART 40
OFFSET  9.5227  1.7697 -7.9552
X  0.6321  0.5917 -0.5003
Y -0.7652  0.3749 -0.5234
Z -0.1222  0.7137  0.6897

PART 41
OFFSET  9.5227  1.7697 -7.9552
X  0.6321  0.5917 -0.5003
Y -0.7652  0.3749 -0.5234
Z -0.1222  0.7137  0.6897

PART 42
OFFSET  12.1395  4.4668 -9.8776
X  0.6321  0.5917 -0.5003
Y -0.7652  0.3749 -0.5234
Z -0.1222  0.7137  0.6897

PART 43
OFFSET  14.0832  6.8524 -9.3831
X  0.6321  0.5917 -0.5003
Y -0.7652  0.3749 -0.5234
Z -0.1222  0.7137  0.6897

PART 44
OFFSET -13.9227 -7.9373 -3.1869
X -0.9078 -0.1218  0.4014
Y  0.0035 -0.9591 -0.2831
Z  0.4195 -0.2556  0.8710

PART 45
OFFSET -2.9444 -6.4639 -8.0417
X -0.9577 -0.2477 -0.1465
Y  0.1896 -0.1602 -0.9687
Z  0.2164 -0.9555  0.2004

PART 46
OFFSET  5.2013 -4.3575 -6.7956
X -0.9577 -0.2477 -0.1465
Y  0.2838 -0.7284 -0.6236
Z  0.0477 -0.6388  0.7679

PART 47
OFFSET  6.1906 -2.7890 -6.0978
X -0.9594 -0.2441 -0.1413
Y -0.2164  0.9584 -0.1860
Z  0.1808 -0.1479 -0.9723

PART 48
OFFSET  6.5078 -3.1197 -4.9906
X -0.9594 -0.2441 -0.1413
Y -0.2164  0.9584 -0.1860
Z  0.1808 -0.1479 -0.9723

PART 49
OFFSET  6.9307 -4.3952 -4.9195
X -0.9594 -0.2441 -0.1413
Y -0.2164  0.9584 -0.1860
Z  0.1808 -0.1479 -0.9723

PART 50
OFFSET  8.1373 -3.5982 -6.3464
X -0.4629 -0.8050  0.3710
Y  0.4310 -0.5701 -0.6994
Z  0.7746 -0.1638  0.6109

PART 51
OFFSET  7.6115 -2.6186 -6.0892
X  0.2698 -0.9345  0.2322
Y  0.3063 -0.1453 -0.9408
Z  0.9129  0.3250  0.2471

PART 52
OFFSET  6.9480 -0.6056 -6.5102
X -0.3350 -0.4849  0.8079
Y  0.4333 -0.8406 -0.3249
Z  0.8367  0.2413  0.4917

PART 53
OFFSET  7.4209  0.1000 -7.8888
X -0.4242  0.2796  0.8613
Y  0.1131 -0.9273  0.3568
Z  0.8985  0.2488  0.3617

PART 54
OFFSET  7.8366 -0.1980 -8.8428
X -0.8670 -0.1445  0.4770
Y -0.4714 -0.0730 -0.8789
Z  0.1618 -0.9868 -0.0049

PART 55
OFFSET  8.8340 -3.4944 -7.5327
X -0.4109 -0.4882  0.7700
Y  0.8835 -0.0049  0.4684
Z -0.2249  0.8727  0.4333

PART 56
OFFSET  9.6161 -2.2698 -9.2570
X  0.6835 -0.3863  0.6194
Y  0.7282  0.3025 -0.6149
Z  0.0502  0.8713  0.4881

PART 57
OFFSET  8.6485 -1.7229 -10.1339
X  0.9704  0.0697 -0.2314
Y -0.2323  0.5332 -0.8135
Z  0.0667  0.8431  0.5336

PART 58
OFFSET  7.7881 -1.7847 -9.9287
X  0.3794  0.4305 -0.8190
Y -0.9243  0.2167 -0.3142
Z  0.0422  0.8762  0.4801

PART 59
OFFSET  7.4277 -2.1937 -9.1506
X  0.2840 -0.5921  0.7542
Y -0.9366 -0.0027  0.3505
Z -0.2055 -0.8059 -0.5553

PART 60
OFFSET  8.7575 -2.9613 -7.0642
X -0.4306 -0.6371  0.6392
Y  0.8425 -0.0297  0.5380
Z -0.3238  0.7702  0.5496

PART 61
OFFSET  9.9419 -1.4227 -8.7929
X  0.6391 -0.3133  0.7024
Y  0.7689  0.2834 -0.5732
Z -0.0195  0.9064  0.4220

PART 62
OFFSET  8.8538 -0.8893 -9.9888
X  0.9003  0.2011 -0.3860
Y -0.4352  0.3974 -0.8079
Z -0.0091  0.8953  0.4453

PART 63
OFFSET  7.6060 -1.1681 -9.4538
X  0.2104  0.4408 -0.8726
Y -0.9775  0.0817 -0.1944
Z -0.0144  0.8939  0.4481

PART 64
OFFSET  7.3778 -1.6461 -8.5074
X  0.3853 -0.3638  0.8480
Y -0.9199 -0.2242  0.3217
Z  0.0731 -0.9041 -0.4211

PART 65
OFFSET  6.2615 -6.5545 -3.8835
X -0.3035 -0.6928  0.6542
Y -0.8582 -0.0996 -0.5036
Z  0.4140 -0.7143 -0.5643

PART 66
OFFSET  9.9037 -0.0922 -7.0375
X -0.4670 -0.6815  0.5635
Y  0.8489 -0.1671  0.5014
Z -0.2476  0.7125  0.6565

PART 67
OFFSET  10.7259  1.1077 -8.0296
X -0.4408 -0.6821  0.5836
Y  0.8492 -0.1062  0.5173
Z -0.2909  0.7236  0.6260

PART 68
OFFSET  11.2440  1.9808 -8.7010
X -0.4152 -0.7314  0.5410
Y  0.8576 -0.1162  0.5011
Z -0.3036  0.6719  0.6755

PART 69
OFFSET  11.7130  2.8070 -9.3120
X -0.7244  0.5320 -0.4384
Y  0.6893  0.5665 -0.4516
Z  0.0081 -0.6294 -0.7771

PART 70
OFFSET  10.1830 -0.7672 -7.8662
X  0.5274 -0.3546  0.7721
Y  0.8291  0.4131 -0.3767
Z -0.1854  0.8388  0.5119

PART 71
OFFSET  9.1527 -0.0744 -9.3745
X  0.9522  0.2800 -0.1223
Y -0.2380  0.4284 -0.8717
Z -0.1916  0.8591  0.4746

PART 72
OFFSET  7.7619 -0.4834 -9.1958
X  0.2949  0.4844 -0.8236
Y -0.9277 -0.0615 -0.3683
Z -0.2291  0.8727  0.4313

PART 73
OFFSET  7.4289 -1.0382 -8.2663
X  0.3811 -0.3879  0.8392
Y -0.9143 -0.2929  0.2798
Z  0.1372 -0.8739 -0.4663

PART 74
OFFSET  6.1906 -2.7890 -6.0978
X -0.9594 -0.2441 -0.1413
Y -0.2164  0.9584 -0.1860
Z  0.1808 -0.1479 -0.9723

PART 75
OFFSET  6.5077 -3.1195 -4.9906
X -0.9594 -0.2441 -0.1413
Y -0.2164  0.9584 -0.1860
Z  0.1808 -0.1479 -0.9723

PART 76
