// Export filename: `C:\projects\cod\t5\xanim_export\t5_viewmodels\ak74u\ak74u_putaway.XANIM_EXPORT`
// Source filename: `D:\projects\devanim\t5\animation_assets\viewmodels\ak74u/t5_viewmodel_ak74u_animated.fbx`
// Export time: Sat Aug 28 18:07:13 2010

ANIMATION
VERSION 3

NUMPARTS 80
PART 0 "tag_ads"
PART 1 "tag_torso"
PART 2 "J_Shoulder_LE"
PART 3 "J_Elbow_LE"
PART 4 "J_WristTwist_LE"
PART 5 "J_Sleave_Reshape_Bottom_LE_1"
PART 6 "J_Sleave_Reshape_Bottom_LE_2"
PART 7 "J_Sleave_Reshape_Top_LE_1"
PART 8 "J_Sleave_Reshape_Top_LE_2"
PART 9 "J_Sleave_Reshape_Top_LE_3"
PART 10 "J_Wrist_LE"
PART 11 "J_Thumb_LE_0"
PART 12 "J_Thumb_LE_1"
PART 13 "J_Thumb_LE_2"
PART 14 "J_Thumb_LE_3"
PART 15 "J_PinkyPalm_LE"
PART 16 "J_Pinky_LE_0"
PART 17 "J_Pinky_LE_1"
PART 18 "J_Pinky_LE_2"
PART 19 "J_Pinky_LE_3"
PART 20 "J_RingPalm_LE"
PART 21 "J_Ring_LE_0"
PART 22 "J_Ring_LE_1"
PART 23 "J_Ring_LE_2"
PART 24 "J_Ring_LE_3"
PART 25 "J_Webbing_LE"
PART 26 "J_Index_LE_0"
PART 27 "J_Index_LE_1"
PART 28 "J_Index_LE_2"
PART 29 "J_Index_LE_3"
PART 30 "J_Mid_LE_0"
PART 31 "J_Mid_LE_1"
PART 32 "J_Mid_LE_2"
PART 33 "J_Mid_LE_3"
PART 34 "tag_knife_attach"
PART 35 "D_Sleave_Reshape_Bottom_LE_1"
PART 36 "D_Sleave_Reshape_Bottom_LE_2"
PART 37 "D_Sleave_Reshape_Top_LE_1"
PART 38 "D_Sleave_Reshape_Top_LE_2"
PART 39 "D_Sleave_Reshape_Top_LE_3"
PART 40 "tag_weapon"
PART 41 "J_Gun"
PART 42 "TAG_CLIP"
PART 43 "J_Bolt"
PART 44 "J_Shoulder_RI"
PART 45 "J_Elbow_RI"
PART 46 "J_WristTwist_RI"
PART 47 "J_Sleave_Reshape_Top_RI_3"
PART 48 "J_Sleave_Reshape_Top_RI_2"
PART 49 "J_Sleave_Reshape_Top_RI_1"
PART 50 "J_Wrist_RI"
PART 51 "J_Thumb_RI_0"
PART 52 "J_Thumb_RI_1"
PART 53 "J_Thumb_RI_2"
PART 54 "J_Thumb_RI_3"
PART 55 "J_PinkyPalm_RI"
PART 56 "J_Pinky_RI_0"
PART 57 "J_Pinky_RI_1"
PART 58 "J_Pinky_RI_2"
PART 59 "J_Pinky_RI_3"
PART 60 "J_RingPalm_RI"
PART 61 "J_Ring_RI_0"
PART 62 "J_Ring_RI_1"
PART 63 "J_Ring_RI_2"
PART 64 "J_Ring_RI_3"
PART 65 "J_Webbing_RI"
PART 66 "J_Index_RI_0"
PART 67 "J_Index_RI_1"
PART 68 "J_Index_RI_2"
PART 69 "J_Index_RI_3"
PART 70 "J_Mid_RI_0"
PART 71 "J_Mid_RI_1"
PART 72 "J_Mid_RI_2"
PART 73 "J_Mid_RI_3"
PART 74 "D_Sleave_Reshape_Top_RI_3"
PART 75 "D_Sleave_Reshape_Top_RI_2"
PART 76 "D_Sleave_Reshape_Top_RI_1"
PART 77 "tag_cambone"
PART 78 "tag_camera"
PART 79 "tag_gasmask"

FRAMERATE 30
NUMFRAMES 26

FRAME 400
PART 0
OFFSET  0.0000 -0.0000 -0.0000
X  1.0000 -0.0000  0.0000
Y  0.0000  1.0000  0.0000
Z  0.0000 -0.0000  1.0000

PART 1
OFFSET -4.6318 -0.0000 -1.3770
X  1.0000 -0.0000  0.0000
Y  0.0000  1.0000  0.0000
Z  0.0000 -0.0000  1.0000

PART 2
OFFSET -3.4552  5.7860 -3.1869
X  0.7274 -0.1644 -0.6663
Y -0.0321 -0.9780  0.2063
Z -0.6855 -0.1287 -0.7166

PART 3
OFFSET  5.3416  3.7975 -11.2445
X  0.7829 -0.4204  0.4586
Y -0.4949  0.0259  0.8686
Z -0.3770 -0.9070 -0.1878

PART 4
OFFSET  12.0005  0.2216 -7.3440
X  0.7829 -0.4204  0.4586
Y -0.0516  0.6907  0.7213
Z -0.6200 -0.5884  0.5190

PART 5
OFFSET  14.1828  1.0130 -6.9115
X  0.7869 -0.4181  0.4539
Y  0.3819  0.9077  0.1740
Z -0.4848  0.0364  0.8739

PART 6
OFFSET  13.1405 -0.8996 -8.1066
X  0.7869 -0.4181  0.4539
Y  0.3819  0.9077  0.1740
Z -0.4848  0.0364  0.8739

PART 7
OFFSET  13.0675  0.1652 -5.0267
X  0.7869 -0.4181  0.4539
Y  0.3819  0.9077  0.1740
Z -0.4848  0.0364  0.8739

PART 8
OFFSET  12.3833 -0.9888 -5.1336
X  0.7869 -0.4181  0.4539
Y  0.3819  0.9077  0.1740
Z -0.4848  0.0364  0.8739

PART 9
OFFSET  12.3288 -1.4021 -6.2570
X  0.7869 -0.4181  0.4539
Y  0.3819  0.9077  0.1740
Z -0.4848  0.0364  0.8739

PART 10
OFFSET  14.4006 -1.0672 -5.9381
X  0.9667 -0.2298  0.1127
Y  0.0805  0.6910  0.7184
Z -0.2430 -0.6854  0.6864

PART 11
OFFSET  14.8134 -0.7852 -4.9122
X  0.9184 -0.0615  0.3909
Y -0.0432  0.9664  0.2535
Z -0.3933 -0.2497  0.8848

PART 12
OFFSET  16.7690 -0.8354 -3.9942
X  0.9437 -0.3298 -0.0251
Y  0.2857  0.7745  0.5643
Z -0.1667 -0.5398  0.8252

PART 13
OFFSET  18.2568 -1.4745 -3.9760
X  0.9406 -0.0697  0.3324
Y -0.0586  0.9308  0.3609
Z -0.3345 -0.3589  0.8713

PART 14
OFFSET  19.2576 -1.5505 -3.5706
X  0.8971  0.3709 -0.2400
Y -0.2715  0.0344 -0.9618
Z -0.3485  0.9280  0.1315

PART 15
OFFSET  15.0834 -2.1401 -6.4732
X  0.7680 -0.6332 -0.0962
Y -0.4096 -0.6010  0.6863
Z -0.4924 -0.4877 -0.7209

PART 16
OFFSET  16.8304 -3.5654 -6.5002
X -0.1608 -0.2300  0.9598
Y -0.6523  0.7546  0.0715
Z -0.7407 -0.6146 -0.2714

PART 17
OFFSET  16.6027 -3.8911 -5.1413
X -0.3868  0.0722  0.9193
Y -0.5714  0.7638 -0.3003
Z -0.7238 -0.6414 -0.2542

PART 18
OFFSET  16.2597 -3.8271 -4.3262
X -0.5341  0.3094  0.7868
Y -0.3766  0.7461 -0.5491
Z -0.7569 -0.5896 -0.2819

PART 19
OFFSET  15.7523 -3.5332 -3.5788
X  0.7544 -0.6197 -0.2163
Y -0.0363  0.2896 -0.9565
Z  0.6554  0.7294  0.1960

PART 20
OFFSET  15.3834 -1.6357 -6.0668
X  0.8938 -0.4350 -0.1092
Y -0.2660 -0.7102  0.6518
Z -0.3611 -0.5535 -0.7505

PART 21
OFFSET  17.6092 -2.9715 -6.2075
X -0.0369 -0.6344  0.7721
Y -0.6211  0.6199  0.4796
Z -0.7829 -0.4618 -0.4169

PART 22
OFFSET  17.5464 -4.0516 -4.8930
X -0.5182  0.1351  0.8445
Y -0.3556  0.8640 -0.3564
Z -0.7778 -0.4850 -0.3998

PART 23
OFFSET  16.8281 -3.8644 -3.7226
X -0.6177  0.4454  0.6481
Y -0.1337  0.7527 -0.6447
Z -0.7749 -0.4849 -0.4054

PART 24
OFFSET  16.1582 -3.3814 -3.0197
X  0.5444 -0.8187 -0.1827
Y  0.2779  0.3815 -0.8816
Z  0.7915  0.4292  0.4352

PART 25
OFFSET  17.3782 -1.0459 -4.0820
X  0.8264 -0.5404  0.1580
Y  0.5163  0.6155 -0.5955
Z  0.2246  0.5737  0.7877

PART 26
OFFSET  18.3184 -1.1868 -5.2122
X  0.4989 -0.8592  0.1131
Y -0.5974 -0.2464  0.7632
Z -0.6279 -0.4483 -0.6362

PART 27
OFFSET  19.1968 -2.6996 -5.0131
X -0.1904 -0.7831  0.5920
Y -0.7859  0.4830  0.3861
Z -0.5883 -0.3917 -0.7074

PART 28
OFFSET  19.0010 -3.6279 -4.2504
X -0.6180 -0.1922  0.7624
Y -0.4802  0.8600 -0.1725
Z -0.6225 -0.4727 -0.6237

PART 29
OFFSET  18.3030 -3.8449 -3.3893
X  0.4596 -0.8467 -0.2679
Y  0.5235  0.5020 -0.6885
Z  0.7174  0.1762  0.6740

PART 30
OFFSET  18.0844 -2.0348 -5.8805
X  0.1709 -0.7992  0.5763
Y -0.7404  0.2817  0.6102
Z -0.6500 -0.5310 -0.5436

PART 31
OFFSET  18.4182 -3.5961 -4.7546
X -0.5227 -0.1938  0.8302
Y -0.5159  0.8472 -0.1271
Z -0.6787 -0.4948 -0.5428

PART 32
OFFSET  17.6547 -3.8791 -3.5420
X -0.7243  0.3651  0.5849
Y -0.0555  0.8147 -0.5772
Z -0.6872 -0.4505 -0.5699

PART 33
OFFSET  16.8296 -3.4694 -2.8832
X  0.6347 -0.7715 -0.0434
Y  0.3714  0.3538 -0.8584
Z  0.6776  0.5288  0.5111

PART 34
OFFSET  16.6079 -3.1071 -4.9736
X -0.4185 -0.5643 -0.7116
Y  0.2430  0.6854 -0.6864
Z  0.8751 -0.4602 -0.1498

PART 35
OFFSET  13.9549  0.4204 -7.4523
X  0.7869 -0.4181  0.4539
Y  0.3819  0.9077  0.1740
Z -0.4848  0.0364  0.8739

PART 36
OFFSET  13.1405 -0.8996 -8.1066
X  0.7869 -0.4181  0.4539
Y  0.3819  0.9077  0.1740
Z -0.4848  0.0364  0.8739

PART 37
OFFSET  13.0675  0.1652 -5.0267
X  0.7869 -0.4181  0.4539
Y  0.3819  0.9077  0.1740
Z -0.4848  0.0364  0.8739

PART 38
OFFSET  12.3833 -0.9888 -5.1336
X  0.7869 -0.4181  0.4539
Y  0.3819  0.9077  0.1740
Z -0.4848  0.0364  0.8739

PART 39
OFFSET  12.3288 -1.4021 -6.2570
X  0.7869 -0.4181  0.4539
Y  0.3819  0.9077  0.1740
Z -0.4848  0.0364  0.8739

PART 40
OFFSET  7.7688 -2.6416 -4.8099
X  1.0000 -0.0000  0.0000
Y  0.0000  1.0000  0.0000
Z  0.0000 -0.0000  1.0000

PART 41
OFFSET  7.7688 -2.6416 -4.8099
X  1.0000 -0.0000  0.0000
Y  0.0000  1.0000  0.0000
Z  0.0000 -0.0000  1.0000

PART 42
OFFSET  11.9806 -2.6266 -4.5308
X  1.0000 -0.0000  0.0000
Y  0.0000  1.0000  0.0000
Z  0.0000 -0.0000  1.0000

PART 43
OFFSET  14.3735 -3.4784 -2.7246
X  1.0000 -0.0000  0.0000
Y  0.0000  1.0000  0.0000
Z  0.0000 -0.0000  1.0000

PART 44
OFFSET -13.9227 -7.9373 -3.1869
X -0.6053  0.0162  0.7958
Y -0.1718 -0.9789 -0.1107
Z  0.7772 -0.2037  0.5953

PART 45
OFFSET -6.6022 -8.1338 -12.8116
X -0.8222 -0.3196 -0.4710
Y  0.5121 -0.0542 -0.8572
Z  0.2484 -0.9460  0.2082

PART 46
OFFSET  0.3912 -5.4156 -8.8058
X -0.8222 -0.3196 -0.4710
Y  0.5374 -0.1634 -0.8273
Z  0.1874 -0.9334  0.3061

PART 47
OFFSET  0.9106 -3.8330 -7.7329
X -0.8259 -0.3166 -0.4664
Y -0.2534  0.9476 -0.1946
Z  0.5036 -0.0425 -0.8629

PART 48
OFFSET  0.8857 -4.2320 -6.6033
X -0.8259 -0.3166 -0.4664
Y -0.2534  0.9476 -0.1946
Z  0.5036 -0.0425 -0.8629

PART 49
OFFSET  1.4070 -5.4649 -6.4654
X -0.8259 -0.3166 -0.4664
Y -0.2534  0.9476 -0.1946
Z  0.5036 -0.0425 -0.8629

PART 50
OFFSET  2.9119 -4.4359 -7.3619
X -0.9546 -0.1418 -0.2621
Y  0.2850 -0.1775 -0.9420
Z  0.0871 -0.9739  0.2098

PART 51
OFFSET  3.0305 -3.8010 -6.4212
X -0.4986 -0.6783 -0.5397
Y  0.5783  0.2035 -0.7900
Z  0.6457 -0.7060  0.2908

PART 52
OFFSET  4.0128 -2.3183 -5.1938
X -0.9028 -0.3483  0.2521
Y -0.0610 -0.4767 -0.8770
Z  0.4256 -0.8071  0.4091

PART 53
OFFSET  5.4190 -1.6940 -5.6990
X -0.5336 -0.0214  0.8455
Y -0.6557 -0.6209 -0.4295
Z  0.5342 -0.7836  0.3173

PART 54
OFFSET  5.9827 -1.6245 -6.6205
X -0.8721  0.3596  0.3318
Y  0.0986  0.7934 -0.6007
Z -0.4792 -0.4912 -0.7274

PART 55
OFFSET  4.0072 -4.3092 -8.1912
X -0.9338 -0.2716  0.2329
Y  0.3213 -0.9230  0.2116
Z  0.1575  0.2724  0.9492

PART 56
OFFSET  6.0889 -3.5460 -8.6022
X -0.1064 -0.9920  0.0680
Y  0.9470 -0.1219 -0.2972
Z  0.3031  0.0328  0.9524

PART 57
OFFSET  6.2395 -2.1416 -8.6984
X  0.7704 -0.5952 -0.2284
Y  0.5756  0.8034 -0.1522
Z  0.2741 -0.0142  0.9616

PART 58
OFFSET  5.5564 -1.6139 -8.4959
X  0.9043  0.2998 -0.3040
Y -0.2988  0.9530  0.0509
Z  0.3049  0.0448  0.9513

PART 59
OFFSET  4.6973 -1.8987 -8.2071
X -0.5482 -0.8340  0.0630
Y -0.7690  0.5322  0.3543
Z -0.3290  0.1458 -0.9330

PART 60
OFFSET  4.0399 -4.2960 -7.4782
X -0.9690 -0.2439  0.0388
Y  0.2458 -0.9373  0.2469
Z -0.0239  0.2488  0.9683

PART 61
OFFSET  6.5638 -3.7206 -7.7173
X -0.1328 -0.9741  0.1828
Y  0.9405 -0.1821 -0.2870
Z  0.3128  0.1338  0.9403

PART 62
OFFSET  6.7899 -2.0621 -8.0285
X  0.8812 -0.4114 -0.2327
Y  0.3642  0.9048 -0.2204
Z  0.3012  0.1095  0.9472

PART 63
OFFSET  5.5686 -1.4920 -7.7060
X  0.8304  0.4610 -0.3130
Y -0.4723  0.8804  0.0436
Z  0.2956  0.1116  0.9488

PART 64
OFFSET  4.6680 -1.9919 -7.3665
X -0.3960 -0.8751  0.2782
Y -0.8751  0.4514  0.1743
Z -0.2781 -0.1744 -0.9446

PART 65
OFFSET -1.2553 -5.3980 -7.5437
X -0.9291 -0.3699 -0.0061
Y -0.3495  0.8829 -0.3136
Z  0.1213 -0.2892 -0.9496

PART 66
OFFSET  6.4488 -4.1115 -5.5522
X -0.9803 -0.1931 -0.0406
Y  0.1869 -0.9747  0.1229
Z -0.0633  0.1129  0.9916

PART 67
OFFSET  8.1748 -3.7715 -5.4807
X -0.9741 -0.2239 -0.0304
Y  0.2152 -0.9603  0.1773
Z -0.0689  0.1662  0.9837

PART 68
OFFSET  9.3549 -3.4893 -5.3840
X -0.9659 -0.2397 -0.0981
Y  0.2227 -0.9620  0.1579
Z -0.1323  0.1307  0.9826

PART 69
OFFSET  10.4459 -3.2185 -5.2731
X  0.0762  0.9832  0.1658
Y  0.9969 -0.0787  0.0085
Z  0.0214  0.1646 -0.9861

PART 70
OFFSET  6.6406 -4.1444 -6.6397
X -0.2627 -0.9406  0.2150
Y  0.9570 -0.2824 -0.0663
Z  0.1231  0.1883  0.9744

PART 71
OFFSET  7.1538 -2.3069 -7.0597
X  0.8288 -0.5596 -0.0009
Y  0.5392  0.7990 -0.2664
Z  0.1498  0.2203  0.9639

PART 72
OFFSET  5.9432 -1.4895 -7.0585
X  0.8851  0.3871 -0.2584
Y -0.4386  0.8795 -0.1846
Z  0.1558  0.2767  0.9482

PART 73
OFFSET  4.9394 -1.9293 -6.7726
X -0.4085 -0.8763  0.2554
Y -0.8912  0.4434  0.0957
Z -0.1971 -0.1885 -0.9621

PART 74
OFFSET  0.9106 -3.8330 -7.7328
X -0.8259 -0.3166 -0.4664
Y -0.2534  0.9476 -0.1946
Z  0.5036 -0.0425 -0.8629

PART 75
OFFSET  0.8856 -4.2318 -6.6032
X -0.8259 -0.3166 -0.4664
Y -0.2534  0.9476 -0.1946
Z  0.5036 -0.0425 -0.8629

PART 76
OFFSET  1.4071 -5.4649 -6.4655
X -0.8259 -0.3166 -0.4664
Y -0.2534  0.9476 -0.1946
Z  0.5036 -0.0425 -0.8629

PART 77
OFFSET  0.0000 -0.0000 -0.0000
X  1.0000 -0.0000  0.0000
Y  0.0000  1.0000  0.0000
Z  0.0000 -0.0000  1.0000

PART 78
OFFSET  0.0000 -0.0000 -0.0000
X  1.0000 -0.0000  0.0000
Y  0.0000  1.0000  0.0000
Z  0.0000 -0.0000  1.0000

PART 79
OFFSET  1.5404 -0.0000  4.1357
X  1.0000 -0.0000  0.0000
Y  0.0000  1.0000  0.0000
Z  0.0000 -0.0000  1.0000


FRAME 401
PART 0
OFFSET  0.0000 -0.0000 -0.0000
X  1.0000 -0.0000  0.0000
Y  0.0000  1.0000  0.0000
Z  0.0000 -0.0000  1.0000

PART 1
OFFSET -4.6318 -0.0000 -1.3770
X  1.0000 -0.0000  0.0000
Y  0.0000  1.0000  0.0000
Z  0.0000 -0.0000  1.0000

PART 2
OFFSET -3.4553  5.7859 -3.1869
X  0.7289 -0.1543 -0.6670
Y -0.0305 -0.9806  0.1935
Z -0.6840 -0.1206 -0.7195

PART 3
OFFSET  5.3597  3.9198 -11.2538
X  0.7821 -0.4248  0.4558
Y -0.4977  0.0142  0.8672
Z -0.3749 -0.9052 -0.2003

PART 4
OFFSET  12.0121  0.3065 -7.3767
X  0.7821 -0.4248  0.4558
Y -0.0528  0.6837  0.7279
Z -0.6209 -0.5934  0.5123

PART 5
OFFSET  14.1916  1.0959 -6.9274
X  0.7861 -0.4224  0.4512
Y  0.3798  0.9061  0.1865
Z -0.4876  0.0247  0.8727

PART 6
OFFSET  13.1564 -0.8033 -8.1496
X  0.7861 -0.4224  0.4512
Y  0.3798  0.9061  0.1865
Z -0.4876  0.0247  0.8727

PART 7
OFFSET  13.0718  0.2229 -5.0569
X  0.7861 -0.4224  0.4512
Y  0.3798  0.9061  0.1865
Z -0.4876  0.0247  0.8727

PART 8
OFFSET  12.3898 -0.9308 -5.1804
X  0.7861 -0.4224  0.4512
Y  0.3798  0.9061  0.1865
Z -0.4876  0.0247  0.8727

PART 9
OFFSET  12.3396 -1.3301 -6.3090
X  0.7861 -0.4224  0.4512
Y  0.3798  0.9061  0.1865
Z -0.4876  0.0247  0.8727

PART 10
OFFSET  14.4099 -0.9959 -5.9793
X  0.9664 -0.2261  0.1224
Y  0.0687  0.6860  0.7243
Z -0.2477 -0.6916  0.6785

PART 11
OFFSET  14.8092 -0.7196 -4.9466
X  0.9140 -0.0600  0.4012
Y -0.0508  0.9643  0.2600
Z -0.4025 -0.2581  0.8783

PART 12
OFFSET  16.7541 -0.7673 -4.0059
X  0.9455 -0.3252 -0.0164
Y  0.2753  0.7717  0.5733
Z -0.1737 -0.5466  0.8192

PART 13
OFFSET  18.2446 -1.3994 -3.9749
X  0.9369 -0.0677  0.3429
Y -0.0673  0.9278  0.3670
Z -0.3430 -0.3669  0.8647

PART 14
OFFSET  19.2409 -1.4737 -3.5582
X  0.8981  0.3769 -0.2266
Y -0.2603  0.0402 -0.9647
Z -0.3545  0.9254  0.1342

PART 15
OFFSET  15.1040 -2.0615 -6.5141
X  0.7721 -0.6288 -0.0918
Y -0.4147 -0.6080  0.6770
Z -0.4815 -0.4847 -0.7302

PART 16
OFFSET  16.8581 -3.4784 -6.5310
X -0.1710 -0.2379  0.9561
Y -0.6567  0.7509  0.0694
Z -0.7345 -0.6160 -0.2846

PART 17
OFFSET  16.6160 -3.8152 -5.1773
X -0.3979  0.0635  0.9152
Y -0.5714  0.7633 -0.3014
Z -0.7177 -0.6429 -0.2674

PART 18
OFFSET  16.2632 -3.7588 -4.3658
X -0.5448  0.3011  0.7826
Y -0.3737  0.7483 -0.5480
Z -0.7507 -0.5911 -0.2952

PART 19
OFFSET  15.7456 -3.4728 -3.6223
X  0.7599 -0.6146 -0.2119
Y -0.0264  0.2965 -0.9547
Z  0.6495  0.7310  0.2091

PART 20
OFFSET  15.3968 -1.5588 -6.1006
X  0.8971 -0.4300 -0.1019
Y -0.2702 -0.7163  0.6434
Z -0.3496 -0.5496 -0.7587

PART 21
OFFSET  17.6305 -2.8830 -6.2248
X -0.0429 -0.6403  0.7670
Y -0.6296  0.6134  0.4768
Z -0.7757 -0.4624 -0.4295

PART 22
OFFSET  17.5574 -3.9730 -4.9191
X -0.5288  0.1264  0.8393
Y -0.3555  0.8650 -0.3542
Z -0.7707 -0.4857 -0.4124

PART 23
OFFSET  16.8246 -3.7979 -3.7559
X -0.6275  0.4377  0.6440
Y -0.1298  0.7568 -0.6407
Z -0.7678 -0.4856 -0.4180

PART 24
OFFSET  16.1441 -3.3232 -3.0574
X  0.5504 -0.8147 -0.1822
Y  0.2864  0.3893 -0.8754
Z  0.7842  0.4297  0.4476

PART 25
OFFSET  17.3653 -0.9743 -4.0881
X  0.8271 -0.5377  0.1637
Y  0.5203  0.6223 -0.5848
Z  0.2125  0.5689  0.7945

PART 26
OFFSET  18.3194 -1.1023 -5.2081
X  0.5017 -0.8577  0.1127
Y -0.6051 -0.2549  0.7542
Z -0.6182 -0.4466 -0.6469

PART 27
OFFSET  19.2026 -2.6124 -5.0098
X -0.1936 -0.7884  0.5840
Y -0.7927  0.4764  0.3803
Z -0.5780 -0.3893 -0.7172

PART 28
OFFSET  19.0024 -3.5472 -4.2563
X -0.6259 -0.2007  0.7536
Y -0.4823  0.8590 -0.1718
Z -0.6128 -0.4710 -0.6345

PART 29
OFFSET  18.2953 -3.7739 -3.4051
X  0.4668 -0.8426 -0.2687
Y  0.5291  0.5095 -0.6785
Z  0.7086  0.1746  0.6837

PART 30
OFFSET  18.0973 -1.9465 -5.8853
X  0.1679 -0.8026  0.5724
Y -0.7489  0.2737  0.6035
Z -0.6410 -0.5300 -0.5551

PART 31
OFFSET  18.4254 -3.5144 -4.7671
X -0.5315 -0.2024  0.8225
Y -0.5185  0.8456 -0.1270
Z -0.6698 -0.4939 -0.5544

PART 32
OFFSET  17.6491 -3.8100 -3.5657
X -0.7329  0.3573  0.5789
Y -0.0526  0.8187 -0.5719
Z -0.6783 -0.4496 -0.5812

PART 33
OFFSET  16.8142 -3.4090 -2.9137
X  0.6389 -0.7682 -0.0415
Y  0.3797  0.3619 -0.8514
Z  0.6690  0.5282  0.5229

PART 34
OFFSET  16.6154 -3.0324 -5.0038
X -0.4074 -0.5610 -0.7206
Y  0.2477  0.6916 -0.6785
Z  0.8790 -0.4549 -0.1428

PART 35
OFFSET  13.9665  0.5097 -7.4763
X  0.7861 -0.4224  0.4512
Y  0.3798  0.9061  0.1865
Z -0.4876  0.0247  0.8727

PART 36
OFFSET  13.1564 -0.8033 -8.1496
X  0.7861 -0.4224  0.4512
Y  0.3798  0.9061  0.1865
Z -0.4876  0.0247  0.8727

PART 37
OFFSET  13.0718  0.2229 -5.0569
X  0.7861 -0.4224  0.4512
Y  0.3798  0.9061  0.1865
Z -0.4876  0.0247  0.8727

PART 38
OFFSET  12.3898 -0.9308 -5.1804
X  0.7861 -0.4224  0.4512
Y  0.3798  0.9061  0.1865
Z -0.4876  0.0247  0.8727

PART 39
OFFSET  12.3396 -1.3301 -6.3090
X  0.7861 -0.4224  0.4512
Y  0.3798  0.9061  0.1865
Z -0.4876  0.0247  0.8727

PART 40
OFFSET  7.7729 -2.6099 -4.9410
X  0.9999  0.0047  0.0118
Y -0.0048  1.0000  0.0073
Z -0.0118 -0.0074  0.9999

PART 41
OFFSET  7.7729 -2.6099 -4.9410
X  0.9999  0.0047  0.0118
Y -0.0048  1.0000  0.0073
Z -0.0118 -0.0074  0.9999

PART 42
OFFSET  11.9809 -2.5771 -4.6121
X  0.9999  0.0047  0.0118
Y -0.0048  1.0000  0.0073
Z -0.0118 -0.0074  0.9999

PART 43
OFFSET  14.3565 -3.4308 -2.7841
X  0.9999  0.0047  0.0118
Y -0.0048  1.0000  0.0073
Z -0.0118 -0.0074  0.9999

PART 44
OFFSET -13.9236 -7.9373 -3.1869
X -0.6019  0.0163  0.7984
Y -0.1697 -0.9796 -0.1080
Z  0.7803 -0.2004  0.5924

PART 45
OFFSET -6.6439 -8.1340 -12.8424
X -0.8296 -0.3220 -0.4562
Y  0.4984 -0.0586 -0.8649
Z  0.2518 -0.9449  0.2091

PART 46
OFFSET  0.4118 -5.3954 -8.9619
X -0.8296 -0.3220 -0.4562
Y  0.5228 -0.1607 -0.8372
Z  0.1963 -0.9330  0.3016

PART 47
OFFSET  0.9480 -3.8073 -7.9054
X -0.8332 -0.3190 -0.4516
Y -0.2566  0.9466 -0.1953
Z  0.4898 -0.0469 -0.8706

PART 48
OFFSET  0.9411 -4.2005 -6.7736
X -0.8332 -0.3190 -0.4516
Y -0.2566  0.9466 -0.1953
Z  0.4898 -0.0469 -0.8706

PART 49
OFFSET  1.4647 -5.4327 -6.6377
X -0.8332 -0.3190 -0.4516
Y -0.2566  0.9466 -0.1953
Z  0.4898 -0.0469 -0.8706

PART 50
OFFSET  2.9550 -4.4082 -7.5632
X -0.9507 -0.1444 -0.2744
Y  0.2969 -0.1692 -0.9398
Z  0.0893 -0.9750  0.2037

PART 51
OFFSET  3.0595 -3.7797 -6.6165
X -0.4889 -0.6767 -0.5505
Y  0.5866  0.2121 -0.7816
Z  0.6457 -0.7051  0.2932

PART 52
OFFSET  4.0201 -2.3015 -5.3668
X -0.9040 -0.3544  0.2389
Y -0.0484 -0.4705 -0.8811
Z  0.4247 -0.8081  0.4082

PART 53
OFFSET  5.4291 -1.6669 -5.8507
X -0.5434 -0.0302  0.8389
Y -0.6476 -0.6208 -0.4418
Z  0.5342 -0.7834  0.3178

PART 54
OFFSET  6.0033 -1.5879 -6.7650
X -0.8777  0.3530  0.3241
Y  0.1018  0.7983 -0.5936
Z -0.4683 -0.4880 -0.7366

PART 55
OFFSET  4.0594 -4.2702 -8.3785
X -0.9352 -0.2777  0.2199
Y  0.3232 -0.9231  0.2086
Z  0.1450  0.2661  0.9530

PART 56
OFFSET  6.1420 -3.4942 -8.7593
X -0.1024 -0.9930  0.0595
Y  0.9510 -0.1152 -0.2869
Z  0.2918  0.0272  0.9561

PART 57
OFFSET  6.2870 -2.0883 -8.8435
X  0.7759 -0.5899 -0.2237
Y  0.5735  0.8072 -0.1396
Z  0.2629 -0.0200  0.9646

PART 58
OFFSET  5.5990 -1.5653 -8.6452
X  0.9063  0.3063 -0.2911
Y -0.3040  0.9511  0.0543
Z  0.2935  0.0393  0.9551

PART 59
OFFSET  4.7380 -1.8563 -8.3686
X -0.5449 -0.8370  0.0504
Y -0.7756  0.5259  0.3491
Z -0.3187  0.1511 -0.9357

PART 60
OFFSET  4.0836 -4.2621 -7.6651
X -0.9682 -0.2488  0.0256
Y  0.2474 -0.9380  0.2429
Z -0.0364  0.2415  0.9697

PART 61
OFFSET  6.6074 -3.6730 -7.8702
X -0.1302 -0.9761  0.1741
Y  0.9446 -0.1755 -0.2772
Z  0.3012  0.1284  0.9449

PART 62
OFFSET  6.8291 -2.0113 -8.1666
X  0.8859 -0.4055 -0.2253
Y  0.3624  0.9082 -0.2095
Z  0.2896  0.1039  0.9515

PART 63
OFFSET  5.6014 -1.4492 -7.8543
X  0.8318  0.4672 -0.2998
Y -0.4770  0.8778  0.0445
Z  0.2840  0.1060  0.9530

PART 64
OFFSET  4.6993 -1.9559 -7.5291
X -0.3950 -0.8790  0.2671
Y -0.8793  0.4460  0.1673
Z -0.2662 -0.1688 -0.9490

PART 65
OFFSET -1.2051 -5.3886 -7.8012
X -0.9271 -0.3742 -0.0198
Y -0.3500  0.8836 -0.3112
Z  0.1339 -0.2816 -0.9501

PART 66
OFFSET  6.4688 -4.0805 -5.7096
X -0.9789 -0.1972 -0.0536
Y  0.1899 -0.9747  0.1180
Z -0.0755  0.1053  0.9916

PART 67
OFFSET  8.1923 -3.7332 -5.6152
X -0.9726 -0.2284 -0.0435
Y  0.2179 -0.9606  0.1728
Z -0.0812  0.1586  0.9840

PART 68
OFFSET  9.3697 -3.4459 -5.5027
X -0.9634 -0.2440 -0.1112
Y  0.2260 -0.9620  0.1535
Z -0.1444  0.1228  0.9819

PART 69
OFFSET  10.4579 -3.1702 -5.3771
X  0.0690  0.9824  0.1738
Y  0.9971 -0.0735  0.0196
Z  0.0320  0.1719 -0.9846

PART 70
OFFSET  6.6735 -4.1045 -6.7950
X -0.2607 -0.9434  0.2050
Y  0.9591 -0.2774 -0.0571
Z  0.1107  0.1817  0.9771

PART 71
OFFSET  7.1827 -2.2615 -7.1954
X  0.8314 -0.5557  0.0048
Y  0.5384  0.8034 -0.2542
Z  0.1374  0.2139  0.9671

PART 72
OFFSET  5.9684 -1.4498 -7.2024
X  0.8862  0.3932 -0.2451
Y -0.4406  0.8788 -0.1833
Z  0.1434  0.2704  0.9520

PART 73
OFFSET  4.9634 -1.8964 -6.9316
X -0.4073 -0.8801  0.2442
Y -0.8944  0.4385  0.0884
Z -0.1849 -0.1824 -0.9657

PART 74
OFFSET  0.9480 -3.8073 -7.9054
X -0.8332 -0.3190 -0.4516
Y -0.2566  0.9466 -0.1953
Z  0.4898 -0.0469 -0.8706

PART 75
OFFSET  0.9410 -4.2003 -6.7735
X -0.8332 -0.3190 -0.4516
Y -0.2566  0.9466 -0.1953
Z  0.4898 -0.0469 -0.8706

PART 76
OFFSET  1.4647 -5.4327 -6.6378
X -0.8332 -0.3190 -0.4516
Y -0.2566  0.9466 -0.1953
Z  0.4898 -0.0469 -0.8706

PART 77
OFFSET  0.0000 -0.0000 -0.0000
X  1.0000 -0.0000  0.0000
Y  0.0000  1.0000  0.0000
Z  0.0000 -0.0000  1.0000

PART 78
OFFSET  0.0000 -0.0000 -0.0000
X  1.0000 -0.0000  0.0000
Y  0.0000  1.0000  0.0000
Z  0.0000 -0.0000  1.0000

PART 79
OFFSET  1.5404 -0.0000  4.1357
X  1.0000 -0.0000  0.0000
Y  0.0000  1.0000  0.0000
Z  0.0000 -0.0000  1.0000


FRAME 402
PART 0
OFFSET  0.0000 -0.0000 -0.0000
X  1.0000 -0.0000  0.0000
Y  0.0000  1.0000  0.0000
Z  0.0000 -0.0000  1.0000

PART 1
OFFSET -4.6318 -0.0000 -1.3770
X  1.0000 -0.0000  0.0000
Y  0.0000  1.0000  0.0000
Z  0.0000 -0.0000  1.0000

PART 2
OFFSET -3.4556  5.7856 -3.1869
X  0.7294 -0.1387 -0.6699
Y -0.0244 -0.9839  0.1772
Z -0.6837 -0.1129 -0.7210

PART 3
OFFSET  5.3655  4.1081 -11.2885
X  0.7836 -0.4275  0.4508
Y -0.4995 -0.0020  0.8663
Z -0.3695 -0.9040 -0.2151

PART 4
OFFSET  12.0302  0.4717 -7.4544
X  0.7836 -0.4275  0.4508
Y -0.0632  0.6670  0.7424
Z -0.6181 -0.6102  0.4956

PART 5
OFFSET  14.2044  1.2661 -6.9884
X  0.7876 -0.4250  0.4462
Y  0.3744  0.9051  0.2014
Z -0.4895  0.0085  0.8720

PART 6
OFFSET  13.1822 -0.6196 -8.2421
X  0.7876 -0.4250  0.4462
Y  0.3744  0.9051  0.2014
Z -0.4895  0.0085  0.8720

PART 7
OFFSET  13.0858  0.3579 -5.1340
X  0.7876 -0.4250  0.4462
Y  0.3744  0.9051  0.2014
Z -0.4895  0.0085  0.8720

PART 8
OFFSET  12.4105 -0.7975 -5.2768
X  0.7876 -0.4250  0.4462
Y  0.3744  0.9051  0.2014
Z -0.4895  0.0085  0.8720

PART 9
OFFSET  12.3647 -1.1795 -6.4116
X  0.7876 -0.4250  0.4462
Y  0.3744  0.9051  0.2014
Z -0.4895  0.0085  0.8720

PART 10
OFFSET  14.4324 -0.8390 -6.0724
X  0.9649 -0.2179  0.1465
Y  0.0400  0.6733  0.7383
Z -0.2595 -0.7065  0.6584

PART 11
OFFSET  14.7985 -0.5773 -5.0237
X  0.9026 -0.0576  0.4266
Y -0.0691  0.9587  0.2757
Z -0.4249 -0.2784  0.8614

PART 12
OFFSET  16.7157 -0.6214 -4.0277
X  0.9492 -0.3147  0.0053
Y  0.2499  0.7640  0.5949
Z -0.1913 -0.5633  0.8038

PART 13
OFFSET  18.2117 -1.2381 -3.9646
X  0.9273 -0.0640  0.3689
Y -0.0883  0.9201  0.3815
Z -0.3638 -0.3863  0.8476

PART 14
OFFSET  19.1963 -1.3093 -3.5204
X  0.9000  0.3906 -0.1935
Y -0.2327  0.0551 -0.9710
Z -0.3686  0.9189  0.1404

PART 15
OFFSET  15.1537 -1.8871 -6.6059
X  0.7814 -0.6188 -0.0805
Y -0.4273 -0.6247  0.6536
Z -0.4547 -0.4763 -0.7526

PART 16
OFFSET  16.9233 -3.2846 -6.5970
X -0.1960 -0.2571  0.9463
Y -0.6668  0.7425  0.0637
Z -0.7190 -0.6186 -0.3170

PART 17
OFFSET  16.6458 -3.6487 -5.2573
X -0.4250  0.0425  0.9042
Y -0.5710  0.7625 -0.3042
Z -0.7024 -0.6456 -0.2998

PART 18
OFFSET  16.2690 -3.6110 -4.4556
X -0.5706  0.2809  0.7717
Y -0.3661  0.7542 -0.5452
Z -0.7351 -0.5936 -0.3275

PART 19
OFFSET  15.7269 -3.3441 -3.7224
X  0.7726 -0.6024 -0.2006
Y -0.0021  0.3136 -0.9496
Z  0.6350  0.7340  0.2410

PART 20
OFFSET  15.4287 -1.3889 -6.1750
X  0.9044 -0.4184 -0.0834
Y -0.2807 -0.7308  0.6222
Z -0.3213 -0.5394 -0.7784

PART 21
OFFSET  17.6798 -2.6867 -6.2578
X -0.0580 -0.6546  0.7537
Y -0.6500  0.5978  0.4692
Z -0.7577 -0.4628 -0.4602

PART 22
OFFSET  17.5811 -3.8012 -4.9745
X -0.5543  0.1053  0.8256
Y -0.3547  0.8675 -0.3488
Z -0.7530 -0.4862 -0.4434

PART 23
OFFSET  16.8129 -3.6552 -3.8302
X -0.6507  0.4191  0.6332
Y -0.1196  0.7669 -0.6305
Z -0.7498 -0.4860 -0.4489

PART 24
OFFSET  16.1072 -3.2007 -3.1435
X  0.5646 -0.8053 -0.1807
Y  0.3073  0.4083 -0.8596
Z  0.7660  0.4298  0.4780

PART 25
OFFSET  17.3314 -0.8203 -4.0958
X  0.8280 -0.5317  0.1781
Y  0.5300  0.6384 -0.5581
Z  0.1830  0.5565  0.8104

PART 26
OFFSET  18.3189 -0.9177 -5.1896
X  0.5078 -0.8542  0.1118
Y -0.6238 -0.2751  0.7315
Z -0.5941 -0.4412 -0.6726

PART 27
OFFSET  19.2129 -2.4216 -4.9927
X -0.2016 -0.8009  0.5638
Y -0.8087  0.4609  0.3656
Z -0.5526 -0.3822 -0.7406

PART 28
OFFSET  19.0014 -3.3721 -4.2623
X -0.6452 -0.2212  0.7313
Y -0.4867  0.8568 -0.1704
Z -0.5889 -0.4659 -0.6605

PART 29
OFFSET  18.2726 -3.6219 -3.4363
X  0.4838 -0.8325 -0.2700
Y  0.5428  0.5275 -0.6535
Z  0.6865  0.1696  0.7071

PART 30
OFFSET  18.1260 -1.7516 -5.8880
X  0.1603 -0.8111  0.5625
Y -0.7691  0.2546  0.5862
Z -0.6187 -0.5266 -0.5830

PART 31
OFFSET  18.4391 -3.3362 -4.7891
X -0.5528 -0.2231  0.8029
Y -0.5240  0.8422 -0.1268
Z -0.6479 -0.4908 -0.5825

PART 32
OFFSET  17.6317 -3.6620 -3.6163
X -0.7533  0.3388  0.5636
Y -0.0452  0.8284 -0.5583
Z -0.6561 -0.4461 -0.6087

PART 33
OFFSET  16.7738 -3.2819 -2.9819
X  0.6484 -0.7604 -0.0367
Y  0.4002  0.3814 -0.8333
Z  0.6476  0.5257  0.5516

PART 34
OFFSET  16.6315 -2.8693 -5.0698
X -0.3800 -0.5521 -0.7422
Y  0.2595  0.7065 -0.6584
Z  0.8878 -0.4428 -0.1252

PART 35
OFFSET  13.9836  0.6873 -7.5468
X  0.7876 -0.4250  0.4462
Y  0.3744  0.9051  0.2014
Z -0.4895  0.0085  0.8720

PART 36
OFFSET  13.1822 -0.6196 -8.2421
X  0.7876 -0.4250  0.4462
Y  0.3744  0.9051  0.2014
Z -0.4895  0.0085  0.8720

PART 37
OFFSET  13.0858  0.3579 -5.1340
X  0.7876 -0.4250  0.4462
Y  0.3744  0.9051  0.2014
Z -0.4895  0.0085  0.8720

PART 38
OFFSET  12.4105 -0.7975 -5.2768
X  0.7876 -0.4250  0.4462
Y  0.3744  0.9051  0.2014
Z -0.4895  0.0085  0.8720

PART 39
OFFSET  12.3647 -1.1795 -6.4116
X  0.7876 -0.4250  0.4462
Y  0.3744  0.9051  0.2014
Z -0.4895  0.0085  0.8720

PART 40
OFFSET  7.7866 -2.5425 -5.2575
X  0.9990  0.0152  0.0411
Y -0.0162  0.9996  0.0252
Z -0.0407 -0.0258  0.9988

PART 41
OFFSET  7.7866 -2.5425 -5.2575
X  0.9990  0.0152  0.0411
Y -0.0162  0.9996  0.0252
Z -0.0407 -0.0258  0.9988

PART 42
OFFSET  11.9828 -2.4707 -4.8054
X  0.9990  0.0152  0.0411
Y -0.0162  0.9996  0.0252
Z -0.0407 -0.0258  0.9988

PART 43
OFFSET  14.3138 -3.3324 -2.9245
X  0.9990  0.0152  0.0411
Y -0.0162  0.9996  0.0252
Z -0.0407 -0.0258  0.9988

PART 44
OFFSET -13.9263 -7.9373 -3.1869
X -0.5950  0.0160  0.8036
Y -0.1643 -0.9811 -0.1021
Z  0.7867 -0.1928  0.5864

PART 45
OFFSET -6.7302 -8.1308 -12.9050
X -0.8467 -0.3273 -0.4195
Y  0.4644 -0.0698 -0.8829
Z  0.2597 -0.9424  0.2110

PART 46
OFFSET  0.4715 -5.3473 -9.3371
X -0.8467 -0.3273 -0.4195
Y  0.4857 -0.1538 -0.8605
Z  0.2171 -0.9323  0.2892

PART 47
OFFSET  1.0485 -3.7463 -8.3225
X -0.8502 -0.3242 -0.4148
Y -0.2639  0.9442 -0.1971
Z  0.4556 -0.0581 -0.8883

PART 48
OFFSET  1.0857 -4.1252 -7.1863
X -0.8502 -0.3242 -0.4148
Y -0.2639  0.9442 -0.1971
Z  0.4556 -0.0581 -0.8883

PART 49
OFFSET  1.6141 -5.3558 -7.0554
X -0.8502 -0.3242 -0.4148
Y -0.2639  0.9442 -0.1971
Z  0.4556 -0.0581 -0.8883

PART 50
OFFSET  3.0673 -4.3439 -8.0511
X -0.9407 -0.1495 -0.3045
Y  0.3259 -0.1487 -0.9336
Z  0.0943 -0.9775  0.1886

PART 51
OFFSET  3.1372 -3.7318 -7.0906
X -0.4651 -0.6716 -0.5767
Y  0.6065  0.2327 -0.7602
Z  0.6448 -0.7034  0.2991

PART 52
OFFSET  4.0445 -2.2665 -5.7869
X -0.9065 -0.3684  0.2061
Y -0.0176 -0.4547 -0.8905
Z  0.4217 -0.8109  0.4058

PART 53
OFFSET  5.4597 -1.6081 -6.2182
X -0.5671 -0.0514  0.8221
Y -0.6275 -0.6195 -0.4716
Z  0.5335 -0.7833  0.3191

PART 54
OFFSET  6.0592 -1.5062 -7.1137
X -0.8906  0.3375  0.3047
Y  0.1100  0.8101 -0.5759
Z -0.4412 -0.4794 -0.7586

PART 55
OFFSET  4.1932 -4.1792 -8.8312
X -0.9380 -0.2918  0.1874
Y  0.3274 -0.9232  0.2013
Z  0.1143  0.2502  0.9614

PART 56
OFFSET  6.2771 -3.3740 -9.1370
X -0.0928 -0.9949  0.0387
Y  0.9601 -0.0997 -0.2611
Z  0.2637  0.0129  0.9645

PART 57
OFFSET  6.4086 -1.9654 -9.1918
X  0.7886 -0.5774 -0.2115
Y  0.5682  0.8157 -0.1084
Z  0.2351 -0.0347  0.9714

PART 58
OFFSET  5.7094 -1.4535 -9.0043
X  0.9109  0.3212 -0.2591
Y -0.3160  0.9467  0.0624
Z  0.2654  0.0250  0.9638

PART 59
OFFSET  4.8440 -1.7586 -8.7581
X -0.5367 -0.8436  0.0196
Y -0.7912  0.5112  0.3357
Z -0.2932  0.1646 -0.9418

PART 60
OFFSET  4.1967 -4.1840 -8.1174
X -0.9657 -0.2596 -0.0072
Y  0.2508 -0.9395  0.2331
Z -0.0673  0.2233  0.9724

PART 61
OFFSET  6.7185 -3.5642 -8.2381
X -0.1242 -0.9804  0.1527
Y  0.9542 -0.1602 -0.2528
Z  0.2723  0.1143  0.9554

PART 62
OFFSET  6.9299 -1.8950 -8.4981
X  0.8965 -0.3919 -0.2067
Y  0.3582  0.9156 -0.1826
Z  0.2608  0.0896  0.9612

PART 63
OFFSET  5.6875 -1.3518 -8.2116
X  0.8347  0.4815 -0.2671
Y -0.4880  0.8716  0.0463
Z  0.2551  0.0917  0.9626

PART 64
OFFSET  4.7821 -1.8740 -7.9219
X -0.3926 -0.8879  0.2397
Y -0.8887  0.4334  0.1496
Z -0.2367 -0.1543 -0.9592

PART 65
OFFSET -1.0729 -5.3642 -8.4280
X -0.9219 -0.3837 -0.0535
Y -0.3507  0.8853 -0.3053
Z  0.1645 -0.2627 -0.9507

PART 66
OFFSET  6.5220 -4.0126 -6.0901
X -0.9748 -0.2060 -0.0856
Y  0.1967 -0.9747  0.1059
Z -0.1053  0.0864  0.9907

PART 67
OFFSET  8.2382 -3.6498 -5.9394
X -0.9682 -0.2386 -0.0757
Y  0.2242 -0.9610  0.1618
Z -0.1113  0.1397  0.9839

PART 68
OFFSET  9.4085 -3.3513 -5.7876
X -0.9566 -0.2539 -0.1432
Y  0.2338 -0.9617  0.1429
Z -0.1740  0.1032  0.9793

PART 69
OFFSET  10.4889 -3.0646 -5.6259
X  0.0514  0.9798  0.1930
Y  0.9970 -0.0616  0.0471
Z  0.0580  0.1900 -0.9801

PART 70
OFFSET  6.7583 -4.0146 -7.1693
X -0.2559 -0.9497  0.1803
Y  0.9634 -0.2660 -0.0342
Z  0.0804  0.1650  0.9830

PART 71
OFFSET  7.2582 -2.1592 -7.5216
X  0.8370 -0.5468  0.0190
Y  0.5366  0.8136 -0.2239
Z  0.1070  0.1976  0.9744

PART 72
OFFSET  6.0356 -1.3605 -7.5494
X  0.8885  0.4070 -0.2121
Y -0.4449  0.8773 -0.1802
Z  0.1128  0.2545  0.9605

PART 73
OFFSET  5.0283 -1.8227 -7.3160
X -0.4043 -0.8887  0.2164
Y -0.9014  0.4272  0.0703
Z -0.1549 -0.1666 -0.9738

PART 74
OFFSET  1.0485 -3.7462 -8.3224
X -0.8502 -0.3242 -0.4148
Y -0.2639  0.9442 -0.1971
Z  0.4556 -0.0581 -0.8883

PART 75
OFFSET  1.0856 -4.1250 -7.1863
X -0.8502 -0.3242 -0.4148
Y -0.2639  0.9442 -0.1971
Z  0.4556 -0.0581 -0.8883

PART 76
OFFSET  1.6141 -5.3558 -7.0555
X -0.8502 -0.3242 -0.4148
Y -0.2639  0.9442 -0.1971
Z  0.4556 -0.0581 -0.8883

PART 77
OFFSET  0.0000 -0.0000 -0.0000
X  1.0000 -0.0000  0.0000
Y  0.0000  1.0000  0.0000
Z  0.0000 -0.0000  1.0000

PART 78
OFFSET  0.0000 -0.0000 -0.0000
X  1.0000 -0.0000  0.0000
Y  0.0000  1.0000  0.0000
Z  0.0000 -0.0000  1.0000

PART 79
OFFSET  1.5404 -0.0000  4.1357
X  1.0000 -0.0000  0.0000
Y  0.0000  1.0000  0.0000
Z  0.0000 -0.0000  1.0000


FRAME 403
PART 0
OFFSET  0.0000 -0.0000 -0.0000
X  1.0000 -0.0000  0.0000
Y  0.0000  1.0000  0.0000
Z  0.0000 -0.0000  1.0000

PART 1
OFFSET -4.6318 -0.0000 -1.3770
X  1.0000 -0.0000  0.0000
Y  0.0000  1.0000  0.0000
Z  0.0000 -0.0000  1.0000

PART 2
OFFSET -3.4561  5.7851 -3.1869
X  0.7311 -0.1202 -0.6716
Y -0.0195 -0.9876  0.1555
Z -0.6820 -0.1006 -0.7244

PART 3
OFFSET  5.3857  4.3315 -11.3092
X  0.7843 -0.4333  0.4439
Y -0.5020 -0.0229  0.8646
Z -0.3644 -0.9010 -0.2355

PART 4
OFFSET  12.0568  0.6462 -7.5333
X  0.7843 -0.4333  0.4439
Y -0.0742  0.6450  0.7606
Z -0.6159 -0.6295  0.4737

PART 5
OFFSET  14.2258  1.4409 -7.0438
X  0.7883 -0.4307  0.4394
Y  0.3694  0.9024  0.2218
Z -0.4921 -0.0125  0.8705

PART 6
OFFSET  13.2164 -0.4225 -8.3406
X  0.7883 -0.4307  0.4394
Y  0.3694  0.9024  0.2218
Z -0.4921 -0.0125  0.8705

PART 7
OFFSET  13.1061  0.4879 -5.2126
X  0.7883 -0.4307  0.4394
Y  0.3694  0.9024  0.2218
Z -0.4921 -0.0125  0.8705

PART 8
OFFSET  12.4368 -0.6674 -5.3822
X  0.7883 -0.4307  0.4394
Y  0.3694  0.9024  0.2218
Z -0.4921 -0.0125  0.8705

PART 9
OFFSET  12.3963 -1.0253 -6.5250
X  0.7883 -0.4307  0.4394
Y  0.3694  0.9024  0.2218
Z -0.4921 -0.0125  0.8705

PART 10
OFFSET  14.4613 -0.6822 -6.1723
X  0.9615 -0.2100  0.1773
Y  0.0043  0.6565  0.7543
Z -0.2748 -0.7245  0.6321

PART 11
OFFSET  14.7851 -0.4406 -5.1051
X  0.8869 -0.0570  0.4585
Y -0.0912  0.9512  0.2947
Z -0.4529 -0.3032  0.8384

PART 12
OFFSET  16.6646 -0.4855 -4.0397
X  0.9522 -0.3037  0.0335
Y  0.2182  0.7528  0.6210
Z -0.2138 -0.5840  0.7831

PART 13
OFFSET  18.1648 -1.0860 -3.9349
X  0.9137 -0.0617  0.4016
Y -0.1138  0.9100  0.3988
Z -0.3900 -0.4101  0.8245

PART 14
OFFSET  19.1332 -1.1560 -3.4561
X  0.9016  0.4054 -0.1510
Y -0.1973  0.0748 -0.9775
Z -0.3849  0.9111  0.1474

PART 15
OFFSET  15.2148 -1.7092 -6.7022
X  0.7915 -0.6076 -0.0654
Y -0.4434 -0.6446  0.6229
Z -0.4206 -0.4640 -0.7796

PART 16
OFFSET  17.0001 -3.0859 -6.6592
X -0.2276 -0.2812  0.9323
Y -0.6779  0.7330  0.0556
Z -0.6990 -0.6194 -0.3575

PART 17
OFFSET  16.6779 -3.4841 -5.3393
X -0.4586  0.0167  0.8885
Y -0.5688  0.7627 -0.3079
Z -0.6827 -0.6466 -0.3403

PART 18
OFFSET  16.2713 -3.4693 -4.5515
X -0.6022  0.2563  0.7561
Y -0.3551  0.7623 -0.5412
Z -0.7151 -0.5943 -0.3680

PART 19
OFFSET  15.6992 -3.2258 -3.8332
X  0.7869 -0.5886 -0.1854
Y  0.0291  0.3354 -0.9416
Z  0.6164  0.7355  0.2811

PART 20
OFFSET  15.4675 -1.2180 -6.2502
X  0.9120 -0.4058 -0.0591
Y -0.2944 -0.7482  0.5946
Z -0.2856 -0.5249 -0.8018

PART 21
OFFSET  17.7361 -2.4872 -6.2786
X -0.0776 -0.6725  0.7360
Y -0.6743  0.5792  0.4581
Z -0.7343 -0.4608 -0.4984

PART 22
OFFSET  17.6040 -3.6322 -5.0255
X -0.5857  0.0798  0.8066
Y -0.3524  0.8711 -0.3420
Z -0.7299 -0.4846 -0.4821

PART 23
OFFSET  16.7923 -3.5216 -3.9076
X -0.6788  0.3967  0.6179
Y -0.1058  0.7799 -0.6170
Z -0.7266 -0.4842 -0.4874

PART 24
OFFSET  16.0561 -3.0914 -3.2375
X  0.5809 -0.7943 -0.1778
Y  0.3337  0.4316 -0.8381
Z  0.7424  0.4275  0.5158

PART 25
OFFSET  17.2848 -0.6756 -4.0892
X  0.8274 -0.5260  0.1967
Y  0.5423  0.6573 -0.5233
Z  0.1460  0.5397  0.8291

PART 26
OFFSET  18.3132 -0.7361 -5.1474
X  0.5139 -0.8506  0.1112
Y -0.6470 -0.2992  0.7014
Z -0.5633 -0.4324 -0.7040

PART 27
OFFSET  19.2180 -2.2337 -4.9516
X -0.2123 -0.8161  0.5376
Y -0.8273  0.4429  0.3456
Z -0.5201 -0.3714 -0.7692

PART 28
OFFSET  18.9915 -3.2032 -4.2514
X -0.6690 -0.2455  0.7015
Y -0.4908  0.8548 -0.1689
Z -0.5582 -0.4573 -0.6923

PART 29
OFFSET  18.2358 -3.4805 -3.4589
X  0.5038 -0.8203 -0.2707
Y  0.5600  0.5487 -0.6207
Z  0.6577  0.1612  0.7358

PART 30
OFFSET  18.1567 -1.5559 -5.8713
X  0.1495 -0.8220  0.5496
Y -0.7934  0.2320  0.5628
Z -0.5901 -0.5201 -0.6174

PART 31
OFFSET  18.4487 -3.1617 -4.7977
X -0.5793 -0.2480  0.7765
Y -0.5294  0.8388 -0.1271
Z -0.6198 -0.4847 -0.6172

PART 32
OFFSET  17.6026 -3.5239 -3.6635
X -0.7778  0.3169  0.5428
Y -0.0348  0.8405 -0.5407
Z -0.6275 -0.4395 -0.6427

PART 33
OFFSET  16.7172 -3.1686 -3.0530
X  0.6588 -0.7518 -0.0297
Y  0.4259  0.4052 -0.8089
Z  0.6202  0.5202  0.5871

PART 34
OFFSET  16.6470 -2.7094 -5.1349
X -0.3454 -0.5391 -0.7681
Y  0.2748  0.7245 -0.6321
Z  0.8973 -0.4295 -0.1021

PART 35
OFFSET  14.0094  0.8731 -7.6151
X  0.7883 -0.4307  0.4394
Y  0.3694  0.9024  0.2218
Z -0.4921 -0.0125  0.8705

PART 36
OFFSET  13.2164 -0.4225 -8.3406
X  0.7883 -0.4307  0.4394
Y  0.3694  0.9024  0.2218
Z -0.4921 -0.0125  0.8705

PART 37
OFFSET  13.1061  0.4879 -5.2126
X  0.7883 -0.4307  0.4394
Y  0.3694  0.9024  0.2218
Z -0.4921 -0.0125  0.8705

PART 38
OFFSET  12.4368 -0.6674 -5.3822
X  0.7883 -0.4307  0.4394
Y  0.3694  0.9024  0.2218
Z -0.4921 -0.0125  0.8705

PART 39
OFFSET  12.3963 -1.0253 -6.5250
X  0.7883 -0.4307  0.4394
Y  0.3694  0.9024  0.2218
Z -0.4921 -0.0125  0.8705

PART 40
OFFSET  7.8117 -2.4812 -5.6442
X  0.9966  0.0258  0.0785
Y -0.0296  0.9984  0.0472
Z -0.0772 -0.0494  0.9958

PART 41
OFFSET  7.8117 -2.4812 -5.6442
X  0.9966  0.0258  0.0785
Y -0.0296  0.9984  0.0472
Z -0.0772 -0.0494  0.9958

PART 42
OFFSET  11.9871 -2.3711 -5.0347
X  0.9966  0.0258  0.0785
Y -0.0296  0.9984  0.0472
Z -0.0772 -0.0494  0.9958

PART 43
OFFSET  14.2576 -3.2489 -3.0884
X  0.9966  0.0258  0.0785
Y -0.0296  0.9984  0.0472
Z -0.0772 -0.0494  0.9958

PART 44
OFFSET -13.9308 -7.9373 -3.1869
X -0.5891  0.0150  0.8079
Y -0.1573 -0.9828 -0.0965
Z  0.7926 -0.1839  0.5813

PART 45
OFFSET -6.8062 -8.1183 -12.9577
X -0.8666 -0.3324 -0.3721
Y  0.4205 -0.0849 -0.9033
Z  0.2687 -0.9393  0.2133

PART 46
OFFSET  0.5648 -5.2912 -9.7925
X -0.8666 -0.3324 -0.3721
Y  0.4368 -0.1450 -0.8878
Z  0.2411 -0.9319  0.2709

PART 47
OFFSET  1.1926 -3.6752 -8.8335
X -0.8699 -0.3293 -0.3673
Y -0.2722  0.9414 -0.1993
Z  0.4114 -0.0733 -0.9085

PART 48
OFFSET  1.2850 -4.0358 -7.6945
X -0.8699 -0.3293 -0.3673
Y -0.2722  0.9414 -0.1993
Z  0.4114 -0.0733 -0.9085

PART 49
OFFSET  1.8178 -5.2652 -7.5697
X -0.8699 -0.3293 -0.3673
Y -0.2722  0.9414 -0.1993
Z  0.4114 -0.0733 -0.9085

PART 50
OFFSET  3.2216 -4.2722 -8.6517
X -0.9269 -0.1533 -0.3427
Y  0.3620 -0.1233 -0.9240
Z  0.0994 -0.9805  0.1698

PART 51
OFFSET  3.2484 -3.6817 -7.6756
X -0.4350 -0.6635 -0.6087
Y  0.6312  0.2574 -0.7316
Z  0.6421 -0.7026  0.3068

PART 52
OFFSET  4.0885 -2.2366 -6.3060
X -0.9088 -0.3836  0.1638
Y  0.0209 -0.4342 -0.9006
Z  0.4166 -0.8151  0.4026

PART 53
OFFSET  5.5102 -1.5519 -6.6694
X -0.5964 -0.0771  0.7990
Y -0.6019 -0.6157 -0.5086
Z  0.5312 -0.7842  0.3208

PART 54
OFFSET  6.1411 -1.4222 -7.5394
X -0.9054  0.3200  0.2790
Y  0.1210  0.8244 -0.5528
Z -0.4069 -0.4668 -0.7852

PART 55
OFFSET  4.3734 -4.0764 -9.3854
X -0.9405 -0.3070  0.1457
Y  0.3313 -0.9237  0.1924
Z  0.0755  0.2292  0.9705

PART 56
OFFSET  6.4570 -3.2400 -9.5949
X -0.0816 -0.9966  0.0128
Y  0.9703 -0.0824 -0.2275
Z  0.2278 -0.0061  0.9737

PART 57
OFFSET  6.5725 -1.8291 -9.6131
X  0.8029 -0.5633 -0.1950
Y  0.5617  0.8245 -0.0688
Z  0.1996 -0.0543  0.9784

PART 58
OFFSET  5.8606 -1.3296 -9.4402
X  0.9158  0.3375 -0.2179
Y -0.3298  0.9413  0.0720
Z  0.2294  0.0060  0.9733

PART 59
OFFSET  4.9906 -1.6503 -9.2332
X -0.5265 -0.8499 -0.0193
Y -0.8093  0.4942  0.3175
Z -0.2603  0.1828 -0.9481

PART 60
OFFSET  4.3506 -4.0976 -8.6723
X -0.9614 -0.2706 -0.0490
Y  0.2538 -0.9417  0.2209
Z -0.1059  0.2000  0.9741

PART 61
OFFSET  6.8672 -3.4458 -8.6849
X -0.1173 -0.9851  0.1258
Y  0.9648 -0.1431 -0.2208
Z  0.2355  0.0955  0.9672

PART 62
OFFSET  7.0670 -1.7686 -8.8991
X  0.9083 -0.3766 -0.1821
Y  0.3532  0.9237 -0.1485
Z  0.2241  0.0705  0.9720

PART 63
OFFSET  5.8082 -1.2467 -8.6467
X  0.8379  0.4973 -0.2250
Y -0.5002  0.8646  0.0479
Z  0.2184  0.0724  0.9732

PART 64
OFFSET  4.8995 -1.7860 -8.4026
X -0.3900 -0.8977  0.2049
Y -0.8990  0.4194  0.1264
Z -0.1994 -0.1349 -0.9706

PART 65
OFFSET -0.8888 -5.3315 -9.2055
X -0.9145 -0.3930 -0.0965
Y -0.3502  0.8880 -0.2980
Z  0.2028 -0.2387 -0.9497

PART 66
OFFSET  6.5971 -3.9462 -6.5565
X -0.9685 -0.2144 -0.1264
Y  0.2039 -0.9748  0.0909
Z -0.1427  0.0622  0.9878

PART 67
OFFSET  8.3023 -3.5688 -6.3339
X -0.9615 -0.2490 -0.1167
Y  0.2310 -0.9616  0.1484
Z -0.1491  0.1157  0.9820

PART 68
OFFSET  9.4621 -3.2591 -6.1324
X -0.9468 -0.2642 -0.1838
Y  0.2430 -0.9613  0.1301
Z -0.2111  0.0785  0.9743

PART 69
OFFSET  10.5315 -2.9607 -5.9248
X  0.0295  0.9759  0.2164
Y  0.9954 -0.0484  0.0823
Z  0.0908  0.2130 -0.9728

PART 70
OFFSET  6.8731 -3.9205 -7.6259
X -0.2505 -0.9566  0.1491
Y  0.9672 -0.2540 -0.0045
Z  0.0421  0.1431  0.9888

PART 71
OFFSET  7.3624 -2.0518 -7.9172
X  0.8424 -0.5375  0.0376
Y  0.5344  0.8246 -0.1853
Z  0.0686  0.1762  0.9820

PART 72
OFFSET  6.1320 -1.2667 -7.9722
X  0.8905  0.4221 -0.1698
Y -0.4488  0.8760 -0.1766
Z  0.0742  0.2335  0.9695

PART 73
OFFSET  5.1226 -1.7457 -7.7869
X -0.4009 -0.8981  0.1810
Y -0.9086  0.4150  0.0465
Z -0.1169 -0.1458 -0.9824

PART 74
OFFSET  1.1926 -3.6751 -8.8334
X -0.8699 -0.3293 -0.3673
Y -0.2722  0.9414 -0.1993
Z  0.4114 -0.0733 -0.9085

PART 75
OFFSET  1.2849 -4.0356 -7.6945
X -0.8699 -0.3293 -0.3673
Y -0.2722  0.9414 -0.1993
Z  0.4114 -0.0733 -0.9085

PART 76
OFFSET  1.8179 -5.2652 -7.5698
X -0.8699 -0.3293 -0.3673
Y -0.2722  0.9414 -0.1993
Z  0.4114 -0.0733 -0.9085

PART 77
OFFSET  0.0000 -0.0000 -0.0000
X  1.0000 -0.0000  0.0000
Y  0.0000  1.0000  0.0000
