// Export filename: `C:\projects\cod\t5\xanim_export\t5_viewmodels\ak74u\ak74u_grenadier_gl_putaway.XANIM_EXPORT`
// Source filename: `D:\projects\devanim\t5\animation_assets\viewmodels\ak74u/t5_viewmodel_ak74u_animated2.fbx`
// Export time: Sat Aug 28 02:11:49 2010

ANIMATION
VERSION 3

NUMPARTS 80
PART 0 "tag_ads"
PART 1 "tag_torso"
PART 2 "J_Shoulder_LE"
PART 3 "J_Elbow_LE"
PART 4 "J_WristTwist_LE"
PART 5 "J_Sleave_Reshape_Bottom_LE_1"
PART 6 "J_Sleave_Reshape_Bottom_LE_2"
PART 7 "J_Sleave_Reshape_Top_LE_1"
PART 8 "J_Sleave_Reshape_Top_LE_2"
PART 9 "J_Sleave_Reshape_Top_LE_3"
PART 10 "J_Wrist_LE"
PART 11 "J_Thumb_LE_0"
PART 12 "J_Thumb_LE_1"
PART 13 "J_Thumb_LE_2"
PART 14 "J_Thumb_LE_3"
PART 15 "J_PinkyPalm_LE"
PART 16 "J_Pinky_LE_0"
PART 17 "J_Pinky_LE_1"
PART 18 "J_Pinky_LE_2"
PART 19 "J_Pinky_LE_3"
PART 20 "J_RingPalm_LE"
PART 21 "J_Ring_LE_0"
PART 22 "J_Ring_LE_1"
PART 23 "J_Ring_LE_2"
PART 24 "J_Ring_LE_3"
PART 25 "J_Webbing_LE"
PART 26 "J_Index_LE_0"
PART 27 "J_Index_LE_1"
PART 28 "J_Index_LE_2"
PART 29 "J_Index_LE_3"
PART 30 "J_Mid_LE_0"
PART 31 "J_Mid_LE_1"
PART 32 "J_Mid_LE_2"
PART 33 "J_Mid_LE_3"
PART 34 "tag_knife_attach"
PART 35 "D_Sleave_Reshape_Bottom_LE_1"
PART 36 "D_Sleave_Reshape_Bottom_LE_2"
PART 37 "D_Sleave_Reshape_Top_LE_1"
PART 38 "D_Sleave_Reshape_Top_LE_2"
PART 39 "D_Sleave_Reshape_Top_LE_3"
PART 40 "tag_weapon"
PART 41 "J_Gun"
PART 42 "TAG_CLIP"
PART 43 "J_Bolt"
PART 44 "J_Shoulder_RI"
PART 45 "J_Elbow_RI"
PART 46 "J_WristTwist_RI"
PART 47 "J_Sleave_Reshape_Top_RI_3"
PART 48 "J_Sleave_Reshape_Top_RI_2"
PART 49 "J_Sleave_Reshape_Top_RI_1"
PART 50 "J_Wrist_RI"
PART 51 "J_Thumb_RI_0"
PART 52 "J_Thumb_RI_1"
PART 53 "J_Thumb_RI_2"
PART 54 "J_Thumb_RI_3"
PART 55 "J_PinkyPalm_RI"
PART 56 "J_Pinky_RI_0"
PART 57 "J_Pinky_RI_1"
PART 58 "J_Pinky_RI_2"
PART 59 "J_Pinky_RI_3"
PART 60 "J_RingPalm_RI"
PART 61 "J_Ring_RI_0"
PART 62 "J_Ring_RI_1"
PART 63 "J_Ring_RI_2"
PART 64 "J_Ring_RI_3"
PART 65 "J_Webbing_RI"
PART 66 "J_Index_RI_0"
PART 67 "J_Index_RI_1"
PART 68 "J_Index_RI_2"
PART 69 "J_Index_RI_3"
PART 70 "J_Mid_RI_0"
PART 71 "J_Mid_RI_1"
PART 72 "J_Mid_RI_2"
PART 73 "J_Mid_RI_3"
PART 74 "D_Sleave_Reshape_Top_RI_3"
PART 75 "D_Sleave_Reshape_Top_RI_2"
PART 76 "D_Sleave_Reshape_Top_RI_1"
PART 77 "tag_cambone"
PART 78 "tag_camera"
PART 79 "tag_gasmask"

FRAMERATE 30
NUMFRAMES 11

FRAME 2250
PART 0
OFFSET  0.0000 -0.0000 -0.0000
X  1.0000 -0.0000  0.0000
Y  0.0000  1.0000  0.0000
Z  0.0000 -0.0000  1.0000

PART 1
OFFSET -4.6318 -0.0000 -1.3770
X  1.0000 -0.0000  0.0000
Y  0.0000  1.0000  0.0000
Z  0.0000 -0.0000  1.0000

PART 2
OFFSET -1.0115  7.9373 -5.7336
X  0.7429 -0.2656 -0.6145
Y -0.0996 -0.9516  0.2908
Z -0.6620 -0.1548 -0.7333

PART 3
OFFSET  7.9724  4.7255 -13.1656
X  0.8327 -0.4390  0.3375
Y -0.3572  0.0399  0.9332
Z -0.4231 -0.8976 -0.1236

PART 4
OFFSET  15.0547  0.9914 -10.2952
X  0.8327 -0.4390  0.3375
Y -0.5071 -0.3596  0.7833
Z -0.2225 -0.8234 -0.5220

PART 5
OFFSET  17.2960  1.7286 -10.2016
X  0.8360 -0.4368  0.3322
Y  0.4259  0.8982  0.1093
Z -0.3461  0.0502  0.9368

PART 6
OFFSET  16.0386 -0.1594 -11.2149
X  0.8360 -0.4368  0.3322
Y  0.4259  0.8982  0.1093
Z -0.3461  0.0502  0.9368

PART 7
OFFSET  16.4579  0.9126 -8.1653
X  0.8360 -0.4368  0.3322
Y  0.4259  0.8982  0.1093
Z -0.3461  0.0502  0.9368

PART 8
OFFSET  15.7373 -0.2242 -8.1612
X  0.8360 -0.4368  0.3322
Y  0.4259  0.8982  0.1093
Z -0.3461  0.0502  0.9368

PART 9
OFFSET  15.5036 -0.6380 -9.2611
X  0.8360 -0.4368  0.3322
Y  0.4259  0.8982  0.1093
Z -0.3461  0.0502  0.9368

PART 10
OFFSET  17.6075 -0.3546 -9.2606
X  0.5909 -0.3987  0.7013
Y -0.8012 -0.1881  0.5681
Z -0.0946 -0.8976 -0.4305

PART 11
OFFSET  17.0613 -1.0840 -8.5736
X -0.2536 -0.9035  0.3454
Y -0.9656  0.2575 -0.0354
Z -0.0570 -0.3425 -0.9378

PART 12
OFFSET  16.4145 -3.0271 -7.8840
X  0.7426 -0.5246  0.4164
Y -0.6453 -0.7268  0.2351
Z  0.1793 -0.4433 -0.8783

PART 13
OFFSET  17.6719 -3.8803 -7.3242
X  0.9579  0.2748 -0.0828
Y  0.2841 -0.8666  0.4102
Z  0.0409 -0.4165 -0.9082

PART 14
OFFSET  18.7145 -3.6169 -7.4484
X  0.7394  0.2918  0.6068
Y -0.6693  0.4170  0.6150
Z -0.0736 -0.8608  0.5036

PART 15
OFFSET  18.9462 -0.6719 -9.3624
X  0.9378 -0.2580  0.2322
Y -0.1156 -0.8630 -0.4919
Z  0.3273  0.4344 -0.8391

PART 16
OFFSET  20.9915 -1.4208 -8.7787
X -0.3118 -0.9364 -0.1609
Y -0.8543  0.3504 -0.3839
Z  0.4158  0.0178 -0.9093

PART 17
OFFSET  20.5501 -2.7466 -9.0064
X -0.9447  0.0478 -0.3245
Y  0.0695  0.9960 -0.0558
Z  0.3205 -0.0753 -0.9442

PART 18
OFFSET  19.7125 -2.7043 -9.2941
X -0.9426 -0.0293 -0.3326
Y -0.0246  0.9995 -0.0183
Z  0.3329 -0.0091 -0.9429

PART 19
OFFSET  18.8170 -2.7321 -9.6100
X  0.6883 -0.6037  0.4022
Y  0.6301  0.7723  0.0810
Z -0.3595  0.1977  0.9120

PART 20
OFFSET  18.5570 -0.7593 -8.7705
X  0.8078 -0.3270  0.4904
Y -0.0714 -0.8801 -0.4693
Z  0.5851  0.3441 -0.7343

PART 21
OFFSET  20.7421 -1.5375 -7.5965
X -0.1150 -0.9486 -0.2947
Y -0.8775  0.2361 -0.4175
Z  0.4657  0.2105 -0.8596

PART 22
OFFSET  20.5462 -3.1526 -8.0982
X -0.8807  0.0273 -0.4728
Y -0.0631  0.9827  0.1742
Z  0.4694  0.1832 -0.8638

PART 23
OFFSET  19.3256 -3.1148 -8.7535
X -0.8747  0.2050 -0.4391
Y  0.0963  0.9616  0.2571
Z  0.4749  0.1826 -0.8609

PART 24
OFFSET  18.3769 -2.8924 -9.2297
X  0.6850 -0.7083  0.1706
Y  0.5597  0.6616  0.4990
Z -0.4663 -0.2464  0.8496

PART 25
OFFSET  18.1063 -2.3633 -6.4272
X  0.6846 -0.5883  0.4303
Y  0.2308  0.7350  0.6376
Z -0.6914 -0.3372  0.6390

PART 26
OFFSET  19.3409 -1.7162 -5.9392
X  0.8166 -0.3658  0.4465
Y -0.2447 -0.9200 -0.3062
Z  0.5228  0.1407 -0.8407

PART 27
OFFSET  20.7786 -2.3603 -5.1530
X  0.5269 -0.8377  0.1436
Y -0.6587 -0.5093 -0.5539
Z  0.5371  0.1973 -0.8201

PART 28
OFFSET  21.3865 -3.3906 -4.9286
X -0.2120 -0.9367 -0.2788
Y -0.7402  0.3402 -0.5800
Z  0.6381  0.0834 -0.7654

PART 29
OFFSET  21.1471 -4.4486 -5.2436
X  0.9167  0.0213  0.3990
Y -0.1064  0.9755  0.1924
Z -0.3852 -0.2188  0.8965

PART 30
OFFSET  20.1300 -1.6307 -6.7076
X -0.1220 -0.8957 -0.4276
Y -0.8386  0.3234 -0.4383
Z  0.5309  0.3051 -0.7906

PART 31
OFFSET  19.8918 -3.3805 -7.5429
X -0.8340  0.0186 -0.5515
Y -0.1763  0.9380  0.2983
Z  0.5228  0.3460 -0.7790

PART 32
OFFSET  18.6736 -3.3533 -8.3484
X -0.8372  0.3667 -0.4057
Y  0.1142  0.8427  0.5261
Z  0.5348  0.3941 -0.7474

PART 33
OFFSET  17.7291 -2.9357 -8.8136
X  0.5348 -0.8447  0.0229
Y  0.6644  0.4371  0.6062
Z -0.5220 -0.3090  0.7950

PART 34
OFFSET  19.4972 -2.7019 -8.3213
X  0.5391  0.3174 -0.7801
Y  0.0946  0.8976  0.4305
Z  0.8369 -0.3059  0.4539

PART 35
OFFSET  16.9746  1.1409 -10.6985
X  0.8360 -0.4368  0.3322
Y  0.4259  0.8982  0.1093
Z -0.3461  0.0502  0.9368

PART 36
OFFSET  16.0386 -0.1594 -11.2149
X  0.8360 -0.4368  0.3322
Y  0.4259  0.8982  0.1093
Z -0.3461  0.0502  0.9368

PART 37
OFFSET  16.4579  0.9126 -8.1653
X  0.8360 -0.4368  0.3322
Y  0.4259  0.8982  0.1093
Z -0.3461  0.0502  0.9368

PART 38
OFFSET  15.7373 -0.2242 -8.1612
X  0.8360 -0.4368  0.3322
Y  0.4259  0.8982  0.1093
Z -0.3461  0.0502  0.9368

PART 39
OFFSET  15.5036 -0.6380 -9.2611
X  0.8360 -0.4368  0.3322
Y  0.4259  0.8982  0.1093
Z -0.3461  0.0502  0.9368

PART 40
OFFSET  5.3789 -3.4276 -5.4275
X  0.9894  0.0070  0.1450
Y -0.0284  0.9889  0.1459
Z -0.1424 -0.1485  0.9786

PART 41
OFFSET  5.3789 -3.4276 -5.4275
X  0.9894  0.0070  0.1450
Y -0.0284  0.9889  0.1459
Z -0.1424 -0.1485  0.9786

PART 42
OFFSET  9.5059 -3.4248 -4.5414
X  0.9894  0.0070  0.1450
Y -0.0284  0.9889  0.1459
Z -0.1424 -0.1485  0.9786

PART 43
OFFSET  11.6405 -4.5186 -2.5513
X  0.9894  0.0070  0.1450
Y -0.0284  0.9889  0.1459
Z -0.1424 -0.1485  0.9786

PART 44
OFFSET -3.5060 -7.9373 -3.1869
X  0.4610  0.0458  0.8862
Y  0.0729 -0.9972  0.0136
Z  0.8844  0.0583 -0.4631

PART 45
OFFSET -9.0819 -8.4912 -13.9044
X -0.7968 -0.3632 -0.4829
Y  0.3185  0.4267 -0.8465
Z  0.5135 -0.8283 -0.2243

PART 46
OFFSET -2.3046 -5.4020 -9.7975
X -0.7968 -0.3632 -0.4829
Y  0.4818  0.1004 -0.8705
Z  0.3647 -0.9263  0.0950

PART 47
OFFSET -1.9819 -4.2470 -8.2203
X -0.8001 -0.3635 -0.4772
Y -0.5157  0.8231  0.2378
Z  0.3063  0.4364 -0.8460

PART 48
OFFSET -1.6700 -5.0193 -7.3588
X -0.8001 -0.3635 -0.4772
Y -0.5157  0.8231  0.2378
Z  0.3063  0.4364 -0.8460

PART 49
OFFSET -0.8419 -5.9882 -7.7904
X -0.8001 -0.3635 -0.4772
Y -0.5157  0.8231  0.2378
Z  0.3063  0.4364 -0.8460

PART 50
OFFSET  0.1382 -4.2885 -8.3172
X -0.9885 -0.0089 -0.1512
Y  0.1480  0.1566 -0.9765
Z  0.0324 -0.9876 -0.1534

PART 51
OFFSET  0.4268 -4.0300 -7.2438
X -0.6170 -0.4279 -0.6605
Y  0.4885  0.4497 -0.7477
Z  0.6170 -0.7840 -0.0685

PART 52
OFFSET  1.6752 -3.1080 -5.7402
X -0.8893 -0.3849  0.2469
Y -0.2105 -0.1348 -0.9683
Z  0.4060 -0.9130  0.0389

PART 53
OFFSET  3.0528 -2.3923 -6.2009
X -0.4223 -0.3004  0.8552
Y -0.7537 -0.4079 -0.5154
Z  0.5036 -0.8622 -0.0541

PART 54
OFFSET  3.4993 -2.0211 -7.1145
X -0.7906  0.2481  0.5599
Y  0.0868  0.9505 -0.2985
Z -0.6062 -0.1874 -0.7729

PART 55
OFFSET  1.1266 -3.9137 -9.2039
X -0.9160 -0.3054  0.2600
Y  0.2683 -0.9484 -0.1688
Z  0.2982 -0.0848  0.9507

PART 56
OFFSET  3.1953 -3.1236 -9.6290
X -0.1783 -0.9483 -0.2627
Y  0.8885 -0.0405 -0.4571
Z  0.4228 -0.3149  0.8498

PART 57
OFFSET  3.4477 -1.7810 -9.2571
X  0.6837 -0.5015 -0.5301
Y  0.6159  0.7862  0.0506
Z  0.3914 -0.3611  0.8464

PART 58
OFFSET  2.8416 -1.3364 -8.7870
X  0.8802  0.3578 -0.3119
Y -0.2105  0.8832  0.4192
Z  0.4255 -0.3033  0.8526

PART 59
OFFSET  2.0054 -1.6763 -8.4907
X -0.6026 -0.7842 -0.1479
Y -0.6715  0.3982  0.6249
Z -0.4312  0.4759 -0.7666

PART 60
OFFSET  1.2502 -4.1537 -8.5431
X -0.9731 -0.2100  0.0948
Y  0.1970 -0.9718 -0.1299
Z  0.1194 -0.1077  0.9870

PART 61
OFFSET  3.7623 -3.6143 -8.9385
X -0.1884 -0.9712 -0.1462
Y  0.8784 -0.1001 -0.4673
Z  0.4392 -0.2165  0.8719

PART 62
OFFSET  4.0831 -1.9609 -8.6896
X  0.8078 -0.3318 -0.4872
Y  0.4067  0.9120  0.0534
Z  0.4266 -0.2413  0.8717

PART 63
OFFSET  2.9635 -1.5011 -8.0144
X  0.8193  0.5142 -0.2539
Y -0.3889  0.8235  0.4130
Z  0.4214 -0.2396  0.8746

PART 64
OFFSET  2.0750 -2.0587 -7.7390
X -0.4284 -0.9035  0.0151
Y -0.8059  0.3896  0.4459
Z -0.4088  0.1788 -0.8950

PART 65
OFFSET -4.0834 -4.9873 -8.2031
X -0.9497 -0.3133  0.0039
Y -0.3124  0.9478  0.0646
Z -0.0239  0.0601 -0.9979

PART 66
OFFSET  3.8902 -4.7389 -7.0485
X -0.9902 -0.1341  0.0403
Y  0.1200 -0.9610 -0.2490
Z  0.0721 -0.2417  0.9677

PART 67
OFFSET  5.6336 -4.5029 -7.1194
X -0.9853 -0.1667  0.0383
Y  0.1560 -0.9677 -0.1978
Z  0.0700 -0.1889  0.9795

PART 68
OFFSET  6.8356 -4.3117 -7.1064
X -0.9870 -0.1578 -0.0312
Y  0.1608 -0.9627 -0.2175
Z  0.0043 -0.2197  0.9756

PART 69
OFFSET  7.9504 -4.1334 -7.0712
X  0.1773  0.8587  0.4809
Y  0.9800 -0.1094 -0.1660
Z -0.0900  0.5007 -0.8609

PART 70
OFFSET  3.9396 -4.3928 -8.0965
X -0.3100 -0.9469 -0.0857
Y  0.9144 -0.2722 -0.2997
Z  0.2604 -0.1712  0.9502

PART 71
OFFSET  4.5451 -2.5431 -7.9291
X  0.7731 -0.5503 -0.3155
Y  0.5651  0.8234 -0.0515
Z  0.2881 -0.1385  0.9475

PART 72
OFFSET  3.4160 -1.7393 -7.4683
X  0.8742  0.4240 -0.2368
Y -0.3844  0.9021  0.1961
Z  0.2967 -0.0804  0.9516

PART 73
OFFSET  2.4236 -2.2183 -7.2068
X -0.4437 -0.8962 -0.0046
Y -0.8324  0.4103  0.3726
Z -0.3320  0.1691 -0.9280

PART 74
OFFSET -1.9819 -4.2470 -8.2202
X -0.8001 -0.3635 -0.4772
Y -0.5157  0.8231  0.2378
Z  0.3063  0.4364 -0.8460

PART 75
OFFSET -1.6701 -5.0191 -7.3586
X -0.8001 -0.3635 -0.4772
Y -0.5157  0.8231  0.2378
Z  0.3063  0.4364 -0.8460

PART 76
OFFSET -0.8418 -5.9881 -7.7905
X -0.8001 -0.3635 -0.4772
Y -0.5157  0.8231  0.2378
Z  0.3063  0.4364 -0.8460

PART 77
OFFSET  0.0000 -0.0000 -0.0000
X  1.0000 -0.0000  0.0000
Y  0.0000  1.0000  0.0000
Z  0.0000 -0.0000  1.0000

PART 78
OFFSET  0.0000 -0.0000 -0.0000
X  1.0000 -0.0000  0.0000
Y  0.0000  1.0000  0.0000
Z  0.0000 -0.0000  1.0000

PART 79
OFFSET  1.5404 -0.0000  4.1357
X  1.0000 -0.0000  0.0000
Y  0.0000  1.0000  0.0000
Z  0.0000 -0.0000  1.0000


FRAME 2251
PART 0
OFFSET  0.0000 -0.0000 -0.0000
X  1.0000 -0.0000  0.0000
Y  0.0000  1.0000  0.0000
Z  0.0000 -0.0000  1.0000

PART 1
OFFSET -4.6318 -0.0000 -1.3770
X  1.0000 -0.0000  0.0000
Y  0.0000  1.0000  0.0000
Z  0.0000 -0.0000  1.0000

PART 2
OFFSET -1.0115  7.9373 -5.7336
X  0.7263 -0.2497 -0.6404
Y -0.0786 -0.9557  0.2835
Z -0.6829 -0.1556 -0.7138

PART 3
OFFSET  7.7725  4.9176 -13.4785
X  0.8378 -0.4308  0.3354
Y -0.3541  0.0390  0.9344
Z -0.4157 -0.9016 -0.1199

PART 4
OFFSET  14.8980  1.2530 -10.6254
X  0.8378 -0.4308  0.3354
Y -0.4997 -0.3573  0.7891
Z -0.2201 -0.8287 -0.5146

PART 5
OFFSET  17.1330  2.0102 -10.5419
X  0.8410 -0.4286  0.3302
Y  0.4183  0.9021  0.1055
Z -0.3431  0.0494  0.9380

PART 6
OFFSET  15.8886  0.1087 -11.5460
X  0.8410 -0.4286  0.3302
Y  0.4183  0.9021  0.1055
Z -0.3431  0.0494  0.9380

PART 7
OFFSET  16.3096  1.1918 -8.5005
X  0.8410 -0.4286  0.3302
Y  0.4183  0.9021  0.1055
Z -0.3431  0.0494  0.9380

PART 8
OFFSET  15.5991  0.0487 -8.4911
X  0.8410 -0.4286  0.3302
Y  0.4183  0.9021  0.1055
Z -0.3431  0.0494  0.9380

PART 9
OFFSET  15.3651 -0.3698 -9.5891
X  0.8410 -0.4286  0.3302
Y  0.4183  0.9021  0.1055
Z -0.3431  0.0494  0.9380

PART 10
OFFSET  17.4663 -0.0678 -9.5970
X  0.6098 -0.3847  0.6929
Y -0.7875 -0.1956  0.5844
Z -0.0893 -0.9021 -0.4223

PART 11
OFFSET  16.9440 -0.8001 -8.8947
X -0.2336 -0.9046  0.3565
Y -0.9699  0.2430 -0.0190
Z -0.0694 -0.3502 -0.9341

PART 12
OFFSET  16.3392 -2.7474 -8.1792
X  0.7580 -0.5105  0.4060
Y -0.6299 -0.7345  0.2524
Z  0.1694 -0.4471 -0.8783

PART 13
OFFSET  17.6194 -3.5778 -7.6371
X  0.9520  0.2883 -0.1028
Y  0.3046 -0.8593  0.4109
Z  0.0301 -0.4225 -0.9059

PART 14
OFFSET  18.6555 -3.3000 -7.7828
X  0.7462  0.3071  0.5907
Y -0.6638  0.4116  0.6245
Z -0.0513 -0.8580  0.5110

PART 15
OFFSET  18.8075 -0.3662 -9.7218
X  0.9457 -0.2425  0.2164
Y -0.1120 -0.8682 -0.4834
Z  0.3051  0.4330 -0.8482

PART 16
OFFSET  20.8742 -1.0806 -9.1713
X -0.3008 -0.9421 -0.1483
Y -0.8665  0.3349 -0.3702
Z  0.3984  0.0171 -0.9170

PART 17
OFFSET  20.4484 -2.4144 -9.3813
X -0.9512  0.0314 -0.3070
Y  0.0536  0.9965 -0.0642
Z  0.3039 -0.0775 -0.9496

PART 18
OFFSET  19.6050 -2.3865 -9.6534
X -0.9481 -0.0456 -0.3145
Y -0.0398  0.9989 -0.0250
Z  0.3153 -0.0111 -0.9489

PART 19
OFFSET  18.7043 -2.4298 -9.9523
X  0.7046 -0.5905  0.3935
Y  0.6199  0.7821  0.0637
Z -0.3453  0.1991  0.9171

PART 20
OFFSET  18.4307 -0.4549 -9.1220
X  0.8216 -0.3115  0.4774
Y -0.0671 -0.8845 -0.4616
Z  0.5661  0.3473 -0.7477

PART 21
OFFSET  20.6487 -1.1921 -7.9838
X -0.1064 -0.9524 -0.2857
Y -0.8885  0.2201 -0.4026
Z  0.4463  0.2110 -0.8696

PART 22
OFFSET  20.4676 -2.8136 -8.4703
X -0.8897  0.0108 -0.4564
Y -0.0744  0.9829  0.1683
Z  0.4504  0.1837 -0.8737

PART 23
OFFSET  19.2345 -2.7986 -9.1027
X -0.8857  0.1888 -0.4240
Y  0.0868  0.9648  0.2484
Z  0.4560  0.1832 -0.8709

PART 24
OFFSET  18.2738 -2.5938 -9.5626
X  0.6986 -0.6968  0.1627
Y  0.5591  0.6734  0.4837
Z -0.4466 -0.2469  0.8600

PART 25
OFFSET  18.0479 -2.0480 -6.7594
X  0.7012 -0.5750  0.4215
Y  0.2318  0.7430  0.6279
Z -0.6742 -0.3426  0.6543

PART 26
OFFSET  19.2816 -1.3792 -6.2993
X  0.8301 -0.3504  0.4337
Y -0.2367 -0.9257 -0.2950
Z  0.5048  0.1422 -0.8514

PART 27
OFFSET  20.7432 -1.9962 -5.5357
X  0.5419 -0.8288  0.1396
Y -0.6613 -0.5230 -0.5378
Z  0.5187  0.1991 -0.8315

PART 28
OFFSET  21.3705 -3.0158 -5.3155
X -0.2032 -0.9417 -0.2681
Y -0.7559  0.3249 -0.5684
Z  0.6223  0.0872 -0.7779

PART 29
OFFSET  21.1409 -4.0795 -5.6183
X  0.9236  0.0377  0.3816
Y -0.1173  0.9753  0.1874
Z -0.3650 -0.2178  0.9052

PART 30
OFFSET  20.0549 -1.2878 -7.0829
X -0.1166 -0.9005 -0.4189
Y -0.8514  0.3078 -0.4248
Z  0.5114  0.3071 -0.8026

PART 31
OFFSET  19.8271 -3.0470 -7.9012
X -0.8444  0.0022 -0.5358
Y -0.1846  0.9375  0.2949
Z  0.5030  0.3479 -0.7912

PART 32
OFFSET  18.5938 -3.0437 -8.6838
X -0.8500  0.3514 -0.3925
Y  0.1115  0.8482  0.5178
Z  0.5149  0.3964 -0.7601

PART 33
OFFSET  17.6347 -2.6436 -9.1340
X  0.5476 -0.8365  0.0188
Y  0.6691  0.4513  0.5905
Z -0.5024 -0.3108  0.8069

PART 34
OFFSET  19.4079 -2.3801 -8.6768
X  0.5197  0.3195 -0.7924
Y  0.0893  0.9021  0.4223
Z  0.8497 -0.2902  0.4402

PART 35
OFFSET  16.8150  1.4185 -11.0361
X  0.8410 -0.4286  0.3302
Y  0.4183  0.9021  0.1055
Z -0.3431  0.0494  0.9380

PART 36
OFFSET  15.8886  0.1087 -11.5460
X  0.8410 -0.4286  0.3302
Y  0.4183  0.9021  0.1055
Z -0.3431  0.0494  0.9380

PART 37
OFFSET  16.3096  1.1918 -8.5005
X  0.8410 -0.4286  0.3302
Y  0.4183  0.9021  0.1055
Z -0.3431  0.0494  0.9380

PART 38
OFFSET  15.5991  0.0487 -8.4911
X  0.8410 -0.4286  0.3302
Y  0.4183  0.9021  0.1055
Z -0.3431  0.0494  0.9380

PART 39
OFFSET  15.3651 -0.3698 -9.5891
X  0.8410 -0.4286  0.3302
Y  0.4183  0.9021  0.1055
Z -0.3431  0.0494  0.9380

PART 40
OFFSET  5.3587 -3.2922 -5.5127
X  0.9917  0.0226  0.1263
Y -0.0403  0.9894  0.1394
Z -0.1218 -0.1433  0.9821

PART 41
OFFSET  5.3587 -3.2922 -5.5127
X  0.9917  0.0226  0.1263
Y -0.0403  0.9894  0.1394
Z -0.1218 -0.1433  0.9821

PART 42
OFFSET  9.5010 -3.2221 -4.7045
X  0.9917  0.0226  0.1263
Y -0.0403  0.9894  0.1394
Z -0.1218 -0.1433  0.9821

PART 43
OFFSET  11.6885 -4.2696 -2.7471
X  0.9917  0.0226  0.1263
Y -0.0403  0.9894  0.1394
Z -0.1218 -0.1433  0.9821

PART 44
OFFSET -3.5060 -7.9373 -3.1869
X  0.4642  0.0467  0.8845
Y  0.0814 -0.9966  0.0099
Z  0.8820  0.0674 -0.4664

PART 45
OFFSET -9.1198 -8.5027 -13.8840
X -0.7949 -0.3674 -0.4828
Y  0.3132  0.4331 -0.8452
Z  0.5196 -0.8231 -0.2292

PART 46
OFFSET -2.3587 -5.3778 -9.7773
X -0.7949 -0.3674 -0.4828
Y  0.4820  0.1010 -0.8703
Z  0.3685 -0.9246  0.0968

PART 47
OFFSET -2.0420 -4.2275 -8.1955
X -0.7982 -0.3677 -0.4772
Y -0.5218  0.8178  0.2427
Z  0.3010  0.4427 -0.8446

PART 48
OFFSET -1.7220 -5.0011 -7.3382
X -0.7982 -0.3677 -0.4772
Y -0.5218  0.8178  0.2427
Z  0.3010  0.4427 -0.8446

PART 49
OFFSET -0.8871 -5.9614 -7.7759
X -0.7982 -0.3677 -0.4772
Y -0.5218  0.8178  0.2427
Z  0.3010  0.4427 -0.8446

PART 50
OFFSET  0.0782 -4.2515 -8.2970
X -0.9909 -0.0246 -0.1325
Y  0.1273  0.1515 -0.9802
Z  0.0442 -0.9882 -0.1470

PART 51
OFFSET  0.3829 -3.9809 -7.2312
X -0.6229 -0.4418 -0.6457
Y  0.4677  0.4513 -0.7600
Z  0.6271 -0.7753 -0.0745

PART 52
OFFSET  1.6454 -3.0294 -5.7579
X -0.8787 -0.3962  0.2663
Y -0.2265 -0.1451 -0.9631
Z  0.4202 -0.9067  0.0377

PART 53
OFFSET  3.0034 -2.2970 -6.2495
X -0.4017 -0.3002  0.8651
Y -0.7570 -0.4227 -0.4982
Z  0.5153 -0.8551 -0.0575

PART 54
OFFSET  3.4271 -1.9260 -7.1739
X -0.7836  0.2405  0.5729
Y  0.0671  0.9494 -0.3068
Z -0.6177 -0.2020 -0.7600

PART 55
OFFSET  1.0441 -3.8688 -9.2048
X -0.9064 -0.3169  0.2794
Y  0.2792 -0.9456 -0.1670
Z  0.3171 -0.0734  0.9455

PART 56
OFFSET  3.0925 -3.0514 -9.6744
X -0.1691 -0.9527 -0.2525
Y  0.8803 -0.0307 -0.4734
Z  0.4432 -0.3023  0.8439

PART 57
OFFSET  3.3319 -1.7026 -9.3169
X  0.6810 -0.4953 -0.5393
Y  0.6050  0.7955  0.0334
Z  0.4125 -0.3490  0.8414

PART 58
OFFSET  2.7281 -1.2634 -8.8387
X  0.8688  0.3684 -0.3310
Y -0.2157  0.8831  0.4168
Z  0.4458 -0.2907  0.8466

PART 59
OFFSET  1.9027 -1.6134 -8.5243
X -0.5936 -0.7941 -0.1309
Y -0.6655  0.3929  0.6346
Z -0.4525  0.4638 -0.7617

PART 60
OFFSET  1.1836 -4.1020 -8.5447
X -0.9679 -0.2236  0.1146
Y  0.2090 -0.9697 -0.1266
Z  0.1394 -0.0986  0.9853

PART 61
OFFSET  3.6796 -3.5286 -8.9912
X -0.1767 -0.9749 -0.1357
Y  0.8709 -0.0906 -0.4830
Z  0.4586 -0.2035  0.8650

PART 62
OFFSET  3.9804 -1.8688 -8.7602
X  0.8034 -0.3234 -0.4999
Y  0.3941  0.9182  0.0392
Z  0.4464 -0.2285  0.8652

PART 63
OFFSET  2.8669 -1.4206 -8.0674
X  0.8066  0.5243 -0.2729
Y -0.3933  0.8208  0.4144
Z  0.4412 -0.2269  0.8682

PART 64
OFFSET  1.9921 -1.9892 -7.7713
X -0.4145 -0.9096  0.0296
Y -0.8031  0.3809  0.4582
Z -0.4280  0.1661 -0.8884

PART 65
OFFSET -4.1298 -5.0115 -8.0985
X -0.9447 -0.3272  0.0240
Y -0.3252  0.9435  0.0637
Z -0.0435  0.0524 -0.9977

PART 66
OFFSET  3.8596 -4.6372 -7.0960
X -0.9871 -0.1483  0.0599
Y  0.1296 -0.9610 -0.2444
Z  0.0938 -0.2335  0.9678

PART 67
OFFSET  5.5975 -4.3760 -7.2014
X -0.9818 -0.1809  0.0580
Y  0.1666 -0.9668 -0.1938
Z  0.0911 -0.1806  0.9793

PART 68
OFFSET  6.7966 -4.1671 -7.2124
X -0.9849 -0.1726 -0.0115
Y  0.1710 -0.9618 -0.2136
Z  0.0258 -0.2123  0.9769

PART 69
OFFSET  7.9091 -3.9722 -7.1994
X  0.1735  0.8647  0.4713
Y  0.9783 -0.0962 -0.1836
Z -0.1135  0.4930 -0.8626

PART 70
OFFSET  3.8841 -4.2982 -8.1472
X -0.2974 -0.9519 -0.0731
Y  0.9126 -0.2610 -0.3149
Z  0.2807 -0.1603  0.9463

PART 71
OFFSET  4.4652 -2.4385 -8.0044
X  0.7751 -0.5412 -0.3261
Y  0.5518  0.8312 -0.0680
Z  0.3078 -0.1272  0.9429

PART 72
OFFSET  3.3330 -1.6481 -7.5282
X  0.8632  0.4351 -0.2562
Y -0.3941  0.8977  0.1969
Z  0.3157 -0.0690  0.9464

PART 73
OFFSET  2.3529 -2.1397 -7.2446
X -0.4304 -0.9026  0.0102
Y -0.8313  0.4007  0.3853
Z -0.3518  0.1574 -0.9227

PART 74
OFFSET -2.0420 -4.2275 -8.1954
X -0.7982 -0.3677 -0.4772
Y -0.5218  0.8178  0.2427
Z  0.3010  0.4427 -0.8446

PART 75
OFFSET -1.7222 -5.0010 -7.3380
X -0.7982 -0.3677 -0.4772
Y -0.5218  0.8178  0.2427
Z  0.3010  0.4427 -0.8446

PART 76
OFFSET -0.8871 -5.9613 -7.7760
X -0.7982 -0.3677 -0.4772
Y -0.5218  0.8178  0.2427
Z  0.3010  0.4427 -0.8446

PART 77
OFFSET  0.0000 -0.0000 -0.0000
X  1.0000 -0.0000  0.0000
Y  0.0000  1.0000  0.0000
Z  0.0000 -0.0000  1.0000

PART 78
OFFSET  0.0000 -0.0000 -0.0000
X  1.0000 -0.0000  0.0000
Y  0.0000  1.0000  0.0000
Z  0.0000 -0.0000  1.0000

PART 79
OFFSET  1.5404 -0.0000  4.1357
X  1.0000 -0.0000  0.0000
Y  0.0000  1.0000  0.0000
Z  0.0000 -0.0000  1.0000


FRAME 2252
PART 0
OFFSET  0.0000 -0.0000 -0.0000
X  1.0000 -0.0000  0.0000
Y  0.0000  1.0000  0.0000
Z  0.0000 -0.0000  1.0000

PART 1
OFFSET -4.6318 -0.0000 -1.3770
X  1.0000 -0.0000  0.0000
Y  0.0000  1.0000  0.0000
Z  0.0000 -0.0000  1.0000

PART 2
OFFSET -1.0115  7.9373 -5.7336
X  0.6781 -0.2088 -0.7047
Y -0.0235 -0.9645  0.2631
Z -0.7346 -0.1618 -0.6589

PART 3
OFFSET  7.1892  5.4125 -14.2562
X  0.8533 -0.4081  0.3246
Y -0.3409  0.0347  0.9395
Z -0.3947 -0.9123 -0.1095

PART 4
OFFSET  14.4465  1.9412 -11.4950
X  0.8533 -0.4081  0.3246
Y -0.4751 -0.3517  0.8066
Z -0.2150 -0.8425 -0.4940

PART 5
OFFSET  16.6628  2.7545 -11.4488
X  0.8564 -0.4058  0.3193
Y  0.3971  0.9128  0.0951
Z -0.3301  0.0454  0.9429

PART 6
OFFSET  15.4516  0.8176 -12.4254
X  0.8564 -0.4058  0.3193
Y  0.3971  0.9128  0.0951
Z -0.3301  0.0454  0.9429

PART 7
OFFSET  15.8911  1.9257 -9.3916
X  0.8564 -0.4058  0.3193
Y  0.3971  0.9128  0.0951
Z -0.3301  0.0454  0.9429

PART 8
OFFSET  15.2097  0.7653 -9.3662
X  0.8564 -0.4058  0.3193
Y  0.3971  0.9128  0.0951
Z -0.3301  0.0454  0.9429

PART 9
OFFSET  14.9697  0.3357 -10.4587
X  0.8564 -0.4058  0.3193
Y  0.3971  0.9128  0.0951
Z -0.3301  0.0454  0.9429

PART 10
OFFSET  17.0623  0.6901 -10.4998
X  0.6590 -0.3443  0.6687
Y -0.7486 -0.2141  0.6275
Z -0.0729 -0.9141 -0.3989

PART 11
OFFSET  16.6064 -0.0468 -9.7572
X -0.1780 -0.9051  0.3862
Y -0.9788  0.2032  0.0253
Z -0.1014 -0.3735 -0.9221

PART 12
OFFSET  16.1190 -2.0004 -8.9727
X  0.7977 -0.4704  0.3773
Y -0.5857 -0.7535  0.2988
Z  0.1437 -0.4593 -0.8766

PART 13
OFFSET  17.4578 -2.7664 -8.4796
X  0.9330  0.3240 -0.1568
Y  0.3599 -0.8370  0.4122
Z  0.0023 -0.4411 -0.8975

PART 14
OFFSET  18.4730 -2.4504 -8.6832
X  0.7614  0.3500  0.5457
Y -0.6482  0.3984  0.6489
Z  0.0097 -0.8478  0.5302

PART 15
OFFSET  18.4068  0.4432 -10.6864
X  0.9645 -0.1993  0.1730
Y -0.1000 -0.8825 -0.4595
Z  0.2443  0.4259 -0.8712

PART 16
OFFSET  20.5262 -0.1749 -10.2272
X -0.2686 -0.9565 -0.1138
Y -0.8970  0.2914 -0.3325
Z  0.3512  0.0127 -0.9362

PART 17
OFFSET  20.1459 -1.5292 -10.3882
X -0.9658 -0.0137 -0.2589
Y  0.0092  0.9962 -0.0870
Z  0.2591 -0.0864 -0.9620

PART 18
OFFSET  19.2895 -1.5413 -10.6177
X -0.9600 -0.0908 -0.2650
Y -0.0822  0.9957 -0.0431
Z  0.2678 -0.0196 -0.9633

PART 19
OFFSET  18.3775 -1.6275 -10.8695
X  0.7471 -0.5528  0.3691
Y  0.5895  0.8076  0.0163
Z -0.3071  0.2054  0.9293

PART 20
OFFSET  18.0644  0.3528 -10.0666
X  0.8566 -0.2674  0.4413
Y -0.0534 -0.8966 -0.4396
Z  0.5132  0.3530 -0.7823

PART 21
OFFSET  20.3650 -0.2690 -9.0278
X -0.0811 -0.9620 -0.2606
Y -0.9158  0.1751 -0.3614
Z  0.3933  0.2094 -0.8953

PART 22
OFFSET  20.2269 -1.9069 -9.4715
X -0.9111 -0.0352 -0.4108
Y -0.1064  0.9826  0.1519
Z  0.3983  0.1822 -0.8990

PART 23
OFFSET  18.9642 -1.9556 -10.0407
X -0.9128  0.1435 -0.3823
Y  0.0591  0.9728  0.2241
Z  0.4040  0.1820 -0.8965

PART 24
OFFSET  17.9742 -1.8000 -10.4553
X  0.7340 -0.6643  0.1411
Y  0.5542  0.7060  0.4410
Z -0.3926 -0.2455  0.8864

PART 25
OFFSET  17.8660 -1.2013 -7.6558
X  0.7445 -0.5367  0.3969
Y  0.2319  0.7655  0.6002
Z -0.6260 -0.3548  0.6944

PART 26
OFFSET  19.0925 -0.4734 -7.2726
X  0.8645 -0.3070  0.3980
Y -0.2126 -0.9409 -0.2638
Z  0.4554  0.1434 -0.8786

PART 27
OFFSET  20.6145 -1.0139 -6.5718
X  0.5820 -0.8030  0.1287
Y -0.6651 -0.5610 -0.4928
Z  0.4679  0.2012 -0.8606

PART 28
OFFSET  21.2936 -2.0023 -6.3631
X -0.1773 -0.9549 -0.2383
Y -0.7961  0.2815 -0.5357
Z  0.5786  0.0948 -0.8101

PART 29
OFFSET  21.0934 -3.0808 -6.6323
X  0.9391  0.0834  0.3334
Y -0.1480  0.9737  0.1733
Z -0.3101 -0.2121  0.9267

PART 30
OFFSET  19.8213 -0.3684 -8.0961
X -0.1000 -0.9136 -0.3941
Y -0.8835  0.2638 -0.3872
Z  0.4577  0.3094 -0.8335

PART 31
OFFSET  19.6258 -2.1531 -8.8660
X -0.8694 -0.0437 -0.4922
Y -0.2083  0.9357  0.2849
Z  0.4481  0.3502 -0.8226

PART 32
OFFSET  18.3559 -2.2169 -9.5849
X -0.8823  0.3080 -0.3559
Y  0.1021  0.8633  0.4942
Z  0.4595  0.3998 -0.7931

PART 33
OFFSET  17.3598 -1.8658 -9.9940
X  0.5820 -0.8132  0.0079
Y  0.6785  0.4909  0.5465
Z -0.4483 -0.3127  0.8374

PART 34
OFFSET  19.1413 -1.5211 -9.6327
X  0.4658  0.3224 -0.8240
Y  0.0729  0.9141  0.3989
Z  0.8819 -0.2459  0.4023

PART 35
OFFSET  16.3523  2.1526 -11.9356
X  0.8564 -0.4058  0.3193
Y  0.3971  0.9128  0.0951
Z -0.3301  0.0454  0.9429

PART 36
OFFSET  15.4516  0.8176 -12.4254
X  0.8564 -0.4058  0.3193
Y  0.3971  0.9128  0.0951
Z -0.3301  0.0454  0.9429

PART 37
OFFSET  15.8911  1.9257 -9.3916
X  0.8564 -0.4058  0.3193
Y  0.3971  0.9128  0.0951
Z -0.3301  0.0454  0.9429

PART 38
OFFSET  15.2097  0.7653 -9.3662
X  0.8564 -0.4058  0.3193
Y  0.3971  0.9128  0.0951
Z -0.3301  0.0454  0.9429

PART 39
OFFSET  14.9697  0.3357 -10.4587
X  0.8564 -0.4058  0.3193
Y  0.3971  0.9128  0.0951
Z -0.3301  0.0454  0.9429

PART 40
OFFSET  5.3171 -2.9272 -5.7421
X  0.9950  0.0653  0.0753
Y -0.0742  0.9899  0.1212
Z -0.0667 -0.1262  0.9898

PART 41
OFFSET  5.3171 -2.9272 -5.7421
X  0.9950  0.0653  0.0753
Y -0.0742  0.9899  0.1212
Z -0.0667 -0.1262  0.9898

PART 42
OFFSET  9.4882 -2.6724 -5.1467
X  0.9950  0.0653  0.0753
Y -0.0742  0.9899  0.1212
Z -0.0667 -0.1262  0.9898

PART 43
OFFSET  11.8120 -3.5872 -3.2820
X  0.9950  0.0653  0.0753
Y -0.0742  0.9899  0.1212
Z -0.0667 -0.1262  0.9898

PART 44
OFFSET -3.5060 -7.9373 -3.1869
X  0.4696  0.0476  0.8816
Y  0.1013 -0.9949 -0.0002
Z  0.8771  0.0894 -0.4720

PART 45
OFFSET -9.1853 -8.5129 -13.8488
X -0.7894 -0.3762 -0.4852
Y  0.3026  0.4492 -0.8406
Z  0.5342 -0.8103 -0.2408

PART 46
OFFSET -2.4714 -5.3133 -9.7223
X -0.7894 -0.3762 -0.4852
Y  0.4847  0.1032 -0.8686
Z  0.3768 -0.9208  0.1009

PART 47
OFFSET -2.1715 -4.1769 -8.1272
X -0.7926 -0.3766 -0.4795
Y -0.5362  0.8049  0.2542
Z  0.2902  0.4586 -0.8399

PART 48
OFFSET -1.8346 -4.9549 -7.2804
X -0.7926 -0.3766 -0.4795
Y -0.5362  0.8049  0.2542
Z  0.2902  0.4586 -0.8399

PART 49
OFFSET -0.9832 -5.8939 -7.7323
X -0.7926 -0.3766 -0.4795
Y -0.5362  0.8049  0.2542
Z  0.2902  0.4586 -0.8399

PART 50
OFFSET -0.0515 -4.1600 -8.2349
X -0.9944 -0.0674 -0.0816
Y  0.0719  0.1346 -0.9883
Z  0.0776 -0.9886 -0.1290

PART 51
OFFSET  0.2946 -3.8537 -7.1916
X -0.6355 -0.4808 -0.6042
Y  0.4102  0.4527 -0.7917
Z  0.6541 -0.7509 -0.0905

PART 52
OFFSET  1.5886 -2.8196 -5.8037
X -0.8472 -0.4252  0.3185
Y -0.2681 -0.1755 -0.9473
Z  0.4586 -0.8879  0.0347

PART 53
OFFSET  2.8889 -2.0443 -6.3784
X -0.3453 -0.2968  0.8903
Y -0.7628 -0.4638 -0.4505
Z  0.5467 -0.8347 -0.0662

PART 54
OFFSET  3.2503 -1.6772 -7.3304
X -0.7633  0.2215  0.6069
Y  0.0124  0.9443 -0.3290
Z -0.6460 -0.2436 -0.7235

PART 55
OFFSET  0.8513 -3.7590 -9.1981
X -0.8774 -0.3468  0.3314
Y  0.3093 -0.9371 -0.1618
Z  0.3667 -0.0395  0.9295

PART 56
OFFSET  2.8382 -2.8706 -9.7874
X -0.1419 -0.9641 -0.2243
Y  0.8561 -0.0058 -0.5167
Z  0.4969 -0.2654  0.8262

PART 57
OFFSET  3.0392 -1.5056 -9.4699
X  0.6732 -0.4794 -0.5631
Y  0.5726  0.8198 -0.0135
Z  0.4680 -0.3133  0.8263

PART 58
OFFSET  2.4423 -1.0805 -8.9706
X  0.8352  0.3956 -0.3820
Y -0.2309  0.8827  0.4092
Z  0.4991 -0.2536  0.8286

PART 59
OFFSET  1.6489 -1.4564 -8.6077
X -0.5660 -0.8200 -0.0845
Y -0.6487  0.3798  0.6595
Z -0.5087  0.4281 -0.7470

PART 60
OFFSET  1.0330 -3.9717 -8.5413
X -0.9510 -0.2597  0.1680
Y  0.2423 -0.9631 -0.1174
Z  0.1923 -0.0709  0.9788

PART 61
OFFSET  3.4779 -3.3084 -9.1254
X -0.1428 -0.9840 -0.1068
Y  0.8487 -0.0662 -0.5247
Z  0.5092 -0.1656  0.8446

PART 62
OFFSET  3.7210 -1.6331 -8.9436
X  0.7901 -0.3019 -0.5334
Y  0.3572  0.9340  0.0006
Z  0.4980 -0.1910  0.8459

PART 63
OFFSET  2.6259 -1.2148 -8.2043
X  0.7697  0.5501 -0.3241
Y -0.4057  0.8133  0.4171
Z  0.4930 -0.1896  0.8491

PART 64
OFFSET  1.7911 -1.8113 -7.8528
X -0.3746 -0.9246  0.0690
Y -0.7943  0.3584  0.4906
Z -0.4783  0.1290 -0.8687

PART 65
OFFSET -4.2093 -5.0841 -7.8078
X -0.9280 -0.3643  0.0785
Y -0.3603  0.9308  0.0610
Z -0.0953  0.0283 -0.9950

PART 66
OFFSET  3.7978 -4.3664 -7.2197
X -0.9759 -0.1866  0.1129
Y  0.1568 -0.9602 -0.2311
Z  0.1515 -0.2079  0.9664

PART 67
OFFSET  5.5160 -4.0379 -7.4184
X -0.9694 -0.2189  0.1114
Y  0.1966 -0.9634 -0.1824
Z  0.1472 -0.1549  0.9769

PART 68
OFFSET  6.7034 -3.7812 -7.4945
X -0.9763 -0.2123  0.0420
Y  0.1998 -0.9587 -0.2025
Z  0.0832 -0.1893  0.9784

PART 69
OFFSET  7.8062 -3.5414 -7.5419
X  0.1609  0.8813  0.4443
Y  0.9710 -0.0608 -0.2311
Z -0.1766  0.4686 -0.8656

PART 70
OFFSET  3.7558 -4.0502 -8.2774
X -0.2611 -0.9645 -0.0386
Y  0.9057 -0.2310 -0.3554
Z  0.3339 -0.1278  0.9339

PART 71
OFFSET  4.2659 -2.1659 -8.2020
X  0.7796 -0.5167 -0.3540
Y  0.5129  0.8510 -0.1127
Z  0.3595 -0.0937  0.9284

PART 72
OFFSET  3.1272 -1.4112 -7.6850
X  0.8306  0.4636 -0.3084
Y -0.4205  0.8853  0.1985
Z  0.3650 -0.0352  0.9303

PART 73
OFFSET  2.1836 -1.9355 -7.3421
X -0.3917 -0.9187  0.0503
Y -0.8269  0.3754  0.4188
Z -0.4036  0.1225 -0.9067

PART 74
OFFSET -2.1715 -4.1769 -8.1272
X -0.7926 -0.3766 -0.4795
Y -0.5362  0.8049  0.2542
Z  0.2902  0.4586 -0.8399

PART 75
OFFSET -1.8348 -4.9547 -7.2803
X -0.7926 -0.3766 -0.4795
Y -0.5362  0.8049  0.2542
Z  0.2902  0.4586 -0.8399

PART 76
OFFSET -0.9832 -5.8938 -7.7324
X -0.7926 -0.3766 -0.4795
Y -0.5362  0.8049  0.2542
Z  0.2902  0.4586 -0.8399

PART 77
OFFSET  0.0000 -0.0000 -0.0000
X  1.0000 -0.0000  0.0000
Y  0.0000  1.0000  0.0000
Z  0.0000 -0.0000  1.0000

PART 78
OFFSET  0.0000 -0.0000 -0.0000
X  1.0000 -0.0000  0.0000
Y  0.0000  1.0000  0.0000
Z  0.0000 -0.0000  1.0000

PART 79
OFFSET  1.5404 -0.0000  4.1357
X  1.0000 -0.0000  0.0000
Y  0.0000  1.0000  0.0000
Z  0.0000 -0.0000  1.0000


FRAME 2253
PART 0
OFFSET  0.0000 -0.0000 -0.0000
X  1.0000 -0.0000  0.0000
Y  0.0000  1.0000  0.0000
Z  0.0000 -0.0000  1.0000

PART 1
OFFSET -4.6318 -0.0000 -1.3770
X  1.0000 -0.0000  0.0000
Y  0.0000  1.0000  0.0000
Z  0.0000 -0.0000  1.0000

PART 2
OFFSET -1.0115  7.9373 -5.7336
X  0.5998 -0.1550 -0.7850
Y  0.0524 -0.9714  0.2318
Z -0.7984 -0.1801 -0.5745

PART 3
OFFSET  6.2426  6.0627 -15.2270
X  0.8793 -0.3730  0.2962
Y -0.3096  0.0251  0.9506
Z -0.3619 -0.9275 -0.0934

PART 4
OFFSET  13.7215  2.8905 -12.7079
X  0.8793 -0.3730  0.2962
Y -0.4275 -0.3438  0.8361
Z -0.2100 -0.8618 -0.4617

PART 5
OFFSET  15.9043  3.7904 -12.7402
X  0.8821 -0.3706  0.2908
Y  0.3639  0.9281  0.0789
Z -0.2991  0.0362  0.9535

PART 6
OFFSET  14.7376  1.8034 -13.6692
X  0.8821 -0.3706  0.2908
Y  0.3639  0.9281  0.0789
Z -0.2991  0.0362  0.9535

PART 7
OFFSET  15.2368  2.9403 -10.6553
X  0.8821 -0.3706  0.2908
Y  0.3639  0.9281  0.0789
Z -0.2991  0.0362  0.9535

PART 8
OFFSET  14.6029  1.7541 -10.6034
X  0.8821 -0.3706  0.2908
Y  0.3639  0.9281  0.0789
Z -0.2991  0.0362  0.9535

PART 9
OFFSET  14.3428  1.3109 -11.6858
X  0.8821 -0.3706  0.2908
Y  0.3639  0.9281  0.0789
Z -0.2991  0.0362  0.9535

PART 10
OFFSET  16.4172  1.7472 -11.7999
X  0.7253 -0.2785  0.6296
Y -0.6871 -0.2353  0.6874
Z -0.0433 -0.9312 -0.3620

PART 11
OFFSET  16.0626  1.0124 -11.0019
X -0.0926 -0.8991  0.4279
Y -0.9854  0.1444  0.0903
Z -0.1430 -0.4133 -0.8993

PART 12
OFFSET  15.7566 -0.9363 -10.1196
X  0.8506 -0.4068  0.3331
Y -0.5142 -0.7758  0.3657
Z  0.1096 -0.4824 -0.8691

PART 13
OFFSET  17.1727 -1.6007 -9.7010
X  0.8971  0.3737 -0.2355
Y  0.4404 -0.7976  0.4122
Z -0.0338 -0.4735 -0.8802

PART 14
OFFSET  18.1489 -1.2318 -9.9889
X  0.7747  0.4157  0.4765
Y -0.6242  0.3825  0.6812
Z  0.1009 -0.8252  0.5558

PART 15
OFFSET  17.7579  1.5753 -12.0764
X  0.9851 -0.1340  0.1082
Y -0.0766 -0.9036 -0.4215
Z  0.1543  0.4069 -0.9004

PART 16
OFFSET  19.9393  1.1042 -11.7538
X -0.2152 -0.9746 -0.0621
Y -0.9349  0.2239 -0.2752
Z  0.2821 -0.0012 -0.9594

PART 17
OFFSET  19.6346 -0.2756 -11.8416
X -0.9790 -0.0818 -0.1867
Y -0.0599  0.9909 -0.1203
Z  0.1949 -0.1066 -0.9750

PART 18
OFFSET  18.7666 -0.3482 -12.0072
X -0.9688 -0.1586 -0.1907
Y -0.1477  0.9866 -0.0698
Z  0.1992 -0.0395 -0.9792

PART 19
OFFSET  17.8463 -0.4988 -12.1884
X  0.8049 -0.4923  0.3313
Y  0.5370  0.8418 -0.0537
Z -0.2525  0.2212  0.9420

PART 20
OFFSET  17.4668  1.4877 -11.4305
X  0.9010 -0.1984  0.3858
Y -0.0279 -0.9140 -0.4047
Z  0.4329  0.3538 -0.8291

PART 21
OFFSET  19.8701  1.0456 -10.5433
X -0.0386 -0.9743 -0.2220
Y -0.9485  0.1057 -0.2988
Z  0.3146  0.1990 -0.9281

PART 22
OFFSET  19.8044 -0.6131 -10.9213
X -0.9340 -0.1056 -0.3414
Y -0.1571  0.9794  0.1268
Z  0.3210  0.1721 -0.9313

PART 23
OFFSET  18.5100 -0.7595 -11.3945
X -0.9450  0.0736 -0.3188
Y  0.0135  0.9823  0.1869
Z  0.3269  0.1723 -0.9292

PART 24
OFFSET  17.4852 -0.6797 -11.7402
X  0.7826 -0.6129  0.1087
Y  0.5386  0.7543  0.3755
Z -0.3122 -0.2354  0.9204

PART 25
OFFSET  17.5390  0.0159 -8.9616
X  0.8033 -0.4754  0.3588
Y  0.2253  0.8001  0.5559
Z -0.5513 -0.3657  0.7498

PART 26
OFFSET  18.7413  0.8306 -8.6937
X  0.9083 -0.2389  0.3434
Y -0.1711 -0.9612 -0.2162
Z  0.3818  0.1376 -0.9140

PART 27
OFFSET  20.3404  0.4099 -8.0890
X  0.6391 -0.7609  0.1121
Y -0.6618 -0.6184 -0.4239
Z  0.3918  0.1967 -0.8988

PART 28
OFFSET  21.0936 -0.5270 -7.8982
X -0.1332 -0.9721 -0.1930
Y -0.8484  0.2125 -0.4849
Z  0.5124  0.0992 -0.8530

PART 29
OFFSET  20.9432 -1.6251 -8.1162
X  0.9533  0.1525  0.2606
Y -0.1964  0.9688  0.1514
Z -0.2294 -0.1955  0.9535

PART 30
OFFSET  19.4015  0.9486 -9.5715
X -0.0700 -0.9321 -0.3553
Y -0.9237  0.1951 -0.3298
Z  0.3767  0.3051 -0.8747

PART 31
OFFSET  19.2647 -0.8724 -10.2656
X -0.8977 -0.1147 -0.4253
Y -0.2461  0.9314  0.2683
Z  0.3654  0.3455 -0.8644

PART 32
OFFSET  17.9534 -1.0399 -10.8869
X -0.9231  0.2405 -0.3002
Y  0.0823  0.8858  0.4566
Z  0.3757  0.3968 -0.8375

PART 33
OFFSET  16.9106 -0.7653 -11.2331
X  0.6312 -0.7756 -0.0080
Y  0.6834  0.5512  0.4787
Z -0.3669 -0.3076  0.8779

PART 34
OFFSET  18.6879 -0.3000 -11.0151
X  0.3847  0.3189 -0.8662
Y  0.0433  0.9312  0.3620
Z  0.9220 -0.1768  0.3444

PART 35
OFFSET  15.6012  3.1749 -13.2143
X  0.8821 -0.3706  0.2908
Y  0.3639  0.9281  0.0789
Z -0.2991  0.0362  0.9535

PART 36
OFFSET  14.7376  1.8034 -13.6692
X  0.8821 -0.3706  0.2908
Y  0.3639  0.9281  0.0789
Z -0.2991  0.0362  0.9535

PART 37
OFFSET  15.2368  2.9403 -10.6553
X  0.8821 -0.3706  0.2908
Y  0.3639  0.9281  0.0789
Z -0.2991  0.0362  0.9535

PART 38
OFFSET  14.6029  1.7541 -10.6034
X  0.8821 -0.3706  0.2908
Y  0.3639  0.9281  0.0789
Z -0.2991  0.0362  0.9535

PART 39
OFFSET  14.3428  1.3109 -11.6858
X  0.8821 -0.3706  0.2908
Y  0.3639  0.9281  0.0789
Z -0.2991  0.0362  0.9535

PART 40
OFFSET  5.2920 -2.3931 -6.0760
X  0.9917  0.1282 -0.0001
Y -0.1276  0.9874  0.0935
Z  0.0121 -0.0928  0.9956

PART 41
OFFSET  5.2920 -2.3931 -6.0760
X  0.9917  0.1282 -0.0001
Y -0.1276  0.9874  0.0935
Z  0.0121 -0.0928  0.9956

PART 42
OFFSET  9.4705 -1.8642 -5.7971
X  0.9917  0.1282 -0.0001
Y -0.1276  0.9874  0.0935
Z  0.0121 -0.0928  0.9956

PART 43
OFFSET  11.9742 -2.5660 -4.0788
X  0.9917  0.1282 -0.0001
Y -0.1276  0.9874  0.0935
Z  0.0121 -0.0928  0.9956

PART 44
OFFSET -3.5060 -7.9373 -3.1869
X  0.4694  0.0434  0.8819
Y  0.1215 -0.9925 -0.0158
Z  0.8746  0.1146 -0.4711

PART 45
OFFSET -9.1825 -8.4618 -13.8530
X -0.7804 -0.3820 -0.4949
Y  0.2968  0.4704 -0.8310
Z  0.5503 -0.7955 -0.2538

PART 46
OFFSET -2.5445 -5.2125 -9.6433
X -0.7804 -0.3820 -0.4949
Y  0.4937  0.1092 -0.8628
Z  0.3837 -0.9177  0.1034

PART 47
OFFSET -2.2716 -4.1004 -8.0265
X -0.7837 -0.3827 -0.4893
Y -0.5523  0.7897  0.2671
Z  0.2842  0.4795 -0.8302

PART 48
OFFSET -1.9228 -4.8874 -7.1929
X -0.7837 -0.3827 -0.4893
Y -0.5523  0.7897  0.2671
Z  0.2842  0.4795 -0.8302

PART 49
OFFSET -1.0522 -5.8015 -7.6590
X -0.7837 -0.3827 -0.4893
Y -0.5523  0.7897  0.2671
Z  0.2842  0.4795 -0.8302

PART 50
OFFSET -0.1520 -4.0412 -8.1260
X -0.9914 -0.1305 -0.0061
Y -0.0073  0.1015 -0.9948
Z  0.1304 -0.9862 -0.1016

PART 51
OFFSET  0.2475 -3.6756 -7.1215
X -0.6453 -0.5407 -0.5397
Y  0.3234  0.4467 -0.8342
Z  0.6921 -0.7128 -0.1134

PART 52
OFFSET  1.5692 -2.5138 -5.8674
X -0.7939 -0.4634  0.3937
Y -0.3232 -0.2268 -0.9187
Z  0.5151 -0.8566  0.0303

PART 53
OFFSET  2.7738 -1.6833 -6.5612
X -0.2616 -0.2835  0.9226
Y -0.7622 -0.5257 -0.3777
Z  0.5921 -0.8020 -0.0786

PART 54
OFFSET  3.0427 -1.3310 -7.5488
X -0.7306  0.1975  0.6536
Y -0.0706  0.9303 -0.3600
Z -0.6792 -0.3092 -0.6657

PART 55
OFFSET  0.6529 -3.6228 -9.1655
X -0.8280 -0.3866  0.4062
Y  0.3555 -0.9221 -0.1530
Z  0.4337  0.0177  0.9009

PART 56
OFFSET  2.5328 -2.6385 -9.9282
X -0.0965 -0.9787 -0.1813
Y  0.8158  0.0266 -0.5777
Z  0.5702 -0.2036  0.7959

PART 57
OFFSET  2.6694 -1.2529 -9.6715
X  0.6602 -0.4586 -0.5948
Y  0.5173  0.8518 -0.0825
Z  0.5445 -0.2532  0.7996

PART 58
OFFSET  2.0839 -0.8463 -9.1441
X  0.7793  0.4308 -0.4551
Y -0.2564  0.8819  0.3957
Z  0.5718 -0.1916  0.7977

PART 59
OFFSET  1.3436 -1.2556 -8.7118
X -0.5178 -0.8554 -0.0156
Y -0.6228  0.3643  0.6924
Z -0.5866  0.3682 -0.7213

PART 60
OFFSET  0.8940 -3.7994 -8.5172
X -0.9183 -0.3103  0.2459
Y  0.2936 -0.9504 -0.1030
Z  0.2656 -0.0224  0.9638

PART 61
OFFSET  3.2443 -3.0116 -9.3008
X -0.0877 -0.9941 -0.0635
Y  0.8117 -0.0344 -0.5831
Z  0.5775 -0.1026  0.8099

PART 62
OFFSET  3.3936 -1.3191 -9.1927
X  0.7676 -0.2733 -0.5797
Y  0.2968  0.9533 -0.0565
Z  0.5681 -0.1287  0.8129

PART 63
OFFSET  2.3297 -0.9403 -8.3893
X  0.7084  0.5831 -0.3977
Y -0.4254  0.8023  0.4186
Z  0.5632 -0.1274  0.8165

PART 64
OFFSET  1.5614 -1.5727 -7.9580
X -0.3097 -0.9423  0.1268
Y -0.7784  0.3279  0.5354
Z -0.5461  0.0671 -0.8350

PART 65
OFFSET -4.2022 -5.1987 -7.3645
X -0.8952 -0.4166  0.1584
Y -0.4130  0.9090  0.0565
Z -0.1675 -0.0149 -0.9858

PART 66
OFFSET  3.7651 -3.9761 -7.3898
X -0.9517 -0.2409  0.1903
Y  0.2002 -0.9569 -0.2101
Z  0.2327 -0.1619  0.9590

PART 67
OFFSET  5.4408 -3.5519 -7.7248
X -0.9432 -0.2728  0.1894
Y  0.2435 -0.9559 -0.1644
Z  0.2259 -0.1090  0.9680

PART 68
OFFSET  6.6012 -3.2268 -7.8962
X -0.9555 -0.2693  0.1205
Y  0.2449 -0.9518 -0.1848
Z  0.1645 -0.1471  0.9754

PART 69
OFFSET  7.6804 -2.9227 -8.0323
X  0.1362  0.9055  0.4020
Y  0.9540 -0.0105 -0.2996
Z -0.2670  0.4243 -0.8653

PART 70
OFFSET  3.6281 -3.7029 -8.4514
X -0.2018 -0.9793  0.0126
Y  0.8909 -0.1889 -0.4131
Z  0.4069 -0.0722  0.9106

PART 71
OFFSET  4.0225 -1.7897 -8.4760
X  0.7834 -0.4815 -0.3930
Y  0.4488  0.8757 -0.1781
Z  0.4298 -0.0369  0.9022

PART 72
OFFSET  2.8781 -1.0865 -7.9020
X  0.7756  0.5012 -0.3837
Y -0.4603  0.8651  0.1994
Z  0.4319  0.0219  0.9017

PART 73
OFFSET  1.9963 -1.6537 -7.4737
X -0.3284 -0.9382  0.1092
Y -0.8170  0.3401  0.4657
Z -0.4741  0.0637 -0.8782

PART 74
OFFSET -2.2716 -4.1004 -8.0264
X -0.7837 -0.3827 -0.4893
Y -0.5523  0.7897  0.2671
Z  0.2842  0.4795 -0.8302

PART 75
OFFSET -1.9229 -4.8873 -7.1928
X -0.7837 -0.3827 -0.4893
Y -0.5523  0.7897  0.2671
Z  0.2842  0.4795 -0.8302

PART 76
OFFSET -1.0521 -5.8015 -7.6591
X -0.7837 -0.3827 -0.4893
Y -0.5523  0.7897  0.2671
Z  0.2842  0.4795 -0.8302

PART 77
OFFSET  0.0000 -0.0000 -0.0000
