// Export filename: `C:\projects\cod\t5\xanim_export\t5_viewmodels\ak74u\ak74u_grenadier_gl_sprint_loop.XANIM_EXPORT`
// Source filename: `D:\projects\devanim\t5\animation_assets\viewmodels\ak74u/t5_viewmodel_ak74u_animated2.fbx`
// Export time: Sat Aug 28 03:02:57 2010

ANIMATION
VERSION 3

NUMPARTS 80
PART 0 "tag_ads"
PART 1 "tag_torso"
PART 2 "J_Shoulder_LE"
PART 3 "J_Elbow_LE"
PART 4 "J_WristTwist_LE"
PART 5 "J_Sleave_Reshape_Bottom_LE_1"
PART 6 "J_Sleave_Reshape_Bottom_LE_2"
PART 7 "J_Sleave_Reshape_Top_LE_1"
PART 8 "J_Sleave_Reshape_Top_LE_2"
PART 9 "J_Sleave_Reshape_Top_LE_3"
PART 10 "J_Wrist_LE"
PART 11 "J_Thumb_LE_0"
PART 12 "J_Thumb_LE_1"
PART 13 "J_Thumb_LE_2"
PART 14 "J_Thumb_LE_3"
PART 15 "J_PinkyPalm_LE"
PART 16 "J_Pinky_LE_0"
PART 17 "J_Pinky_LE_1"
PART 18 "J_Pinky_LE_2"
PART 19 "J_Pinky_LE_3"
PART 20 "J_RingPalm_LE"
PART 21 "J_Ring_LE_0"
PART 22 "J_Ring_LE_1"
PART 23 "J_Ring_LE_2"
PART 24 "J_Ring_LE_3"
PART 25 "J_Webbing_LE"
PART 26 "J_Index_LE_0"
PART 27 "J_Index_LE_1"
PART 28 "J_Index_LE_2"
PART 29 "J_Index_LE_3"
PART 30 "J_Mid_LE_0"
PART 31 "J_Mid_LE_1"
PART 32 "J_Mid_LE_2"
PART 33 "J_Mid_LE_3"
PART 34 "tag_knife_attach"
PART 35 "D_Sleave_Reshape_Bottom_LE_1"
PART 36 "D_Sleave_Reshape_Bottom_LE_2"
PART 37 "D_Sleave_Reshape_Top_LE_1"
PART 38 "D_Sleave_Reshape_Top_LE_2"
PART 39 "D_Sleave_Reshape_Top_LE_3"
PART 40 "tag_weapon"
PART 41 "J_Gun"
PART 42 "TAG_CLIP"
PART 43 "J_Bolt"
PART 44 "J_Shoulder_RI"
PART 45 "J_Elbow_RI"
PART 46 "J_WristTwist_RI"
PART 47 "J_Sleave_Reshape_Top_RI_3"
PART 48 "J_Sleave_Reshape_Top_RI_2"
PART 49 "J_Sleave_Reshape_Top_RI_1"
PART 50 "J_Wrist_RI"
PART 51 "J_Thumb_RI_0"
PART 52 "J_Thumb_RI_1"
PART 53 "J_Thumb_RI_2"
PART 54 "J_Thumb_RI_3"
PART 55 "J_PinkyPalm_RI"
PART 56 "J_Pinky_RI_0"
PART 57 "J_Pinky_RI_1"
PART 58 "J_Pinky_RI_2"
PART 59 "J_Pinky_RI_3"
PART 60 "J_RingPalm_RI"
PART 61 "J_Ring_RI_0"
PART 62 "J_Ring_RI_1"
PART 63 "J_Ring_RI_2"
PART 64 "J_Ring_RI_3"
PART 65 "J_Webbing_RI"
PART 66 "J_Index_RI_0"
PART 67 "J_Index_RI_1"
PART 68 "J_Index_RI_2"
PART 69 "J_Index_RI_3"
PART 70 "J_Mid_RI_0"
PART 71 "J_Mid_RI_1"
PART 72 "J_Mid_RI_2"
PART 73 "J_Mid_RI_3"
PART 74 "D_Sleave_Reshape_Top_RI_3"
PART 75 "D_Sleave_Reshape_Top_RI_2"
PART 76 "D_Sleave_Reshape_Top_RI_1"
PART 77 "tag_cambone"
PART 78 "tag_camera"
PART 79 "tag_gasmask"

FRAMERATE 30
NUMFRAMES 31

FRAME 2410
PART 0
OFFSET  0.0000 -0.0000 -0.0000
X  1.0000 -0.0000  0.0000
Y  0.0000  1.0000  0.0000
Z  0.0000 -0.0000  1.0000

PART 1
OFFSET -4.6318 -0.0000 -1.3770
X  1.0000 -0.0000  0.0000
Y  0.0000  1.0000  0.0000
Z  0.0000 -0.0000  1.0000

PART 2
OFFSET -1.0115  7.9373 -5.7336
X  0.8226 -0.2677 -0.5017
Y -0.0830 -0.9293  0.3598
Z -0.5626 -0.2543 -0.7867

PART 3
OFFSET  8.9367  4.7000 -11.8011
X  0.8226 -0.2675 -0.5017
Y  0.4417 -0.2549  0.8602
Z -0.3580 -0.9292 -0.0916

PART 4
OFFSET  15.9335  2.4251 -16.0686
X  0.8226 -0.2675 -0.5017
Y  0.5411  0.6394  0.5463
Z  0.1747 -0.7209  0.6707

PART 5
OFFSET  17.5069  3.6853 -17.2981
X  0.8210 -0.2634 -0.5066
Y  0.3493  0.9335  0.0806
Z  0.4517 -0.2431  0.8584

PART 6
OFFSET  15.9517  1.7953 -17.7243
X  0.8210 -0.2634 -0.5066
Y  0.3493  0.9335  0.0806
Z  0.4517 -0.2431  0.8584

PART 7
OFFSET  18.4511  2.2636 -15.6850
X  0.8210 -0.2634 -0.5066
Y  0.3493  0.9335  0.0806
Z  0.4517 -0.2431  0.8584

PART 8
OFFSET  17.9903  1.0042 -15.5707
X  0.8210 -0.2634 -0.5066
Y  0.3493  0.9335  0.0806
Z  0.4517 -0.2431  0.8584

PART 9
OFFSET  17.0335  0.7881 -16.2588
X  0.8210 -0.2634 -0.5066
Y  0.3493  0.9335  0.0806
Z  0.4517 -0.2431  0.8584

PART 10
OFFSET  18.4554  1.6051 -17.6068
X  0.6558  0.6587  0.3689
Y -0.5515  0.0841  0.8300
Z  0.5156 -0.7477  0.4184

PART 11
OFFSET  18.4300  1.6755 -16.4681
X  0.3367 -0.1671  0.9267
Y -0.9108 -0.3074  0.2756
Z  0.2388 -0.9368 -0.2557

PART 12
OFFSET  19.0790  1.2321 -14.4551
X  0.8738  0.4317  0.2239
Y -0.0704 -0.3432  0.9366
Z  0.4812 -0.8342 -0.2695

PART 13
OFFSET  20.5477  1.8561 -14.1798
X  0.5834  0.4151 -0.6981
Y  0.7286  0.1123  0.6757
Z  0.3588 -0.9028 -0.2369

PART 14
OFFSET  21.2074  2.2655 -14.9341
X  0.3503  0.9095 -0.2239
Y -0.8275  0.4125  0.3809
Z  0.4388  0.0519  0.8971

PART 15
OFFSET  19.7050  1.9212 -18.0987
X  0.8746  0.4599 -0.1533
Y  0.4823 -0.7934  0.3714
Z  0.0492 -0.3988 -0.9157

PART 16
OFFSET  21.7222  2.9154 -18.2642
X  0.3499 -0.6239  0.6988
Y -0.8553 -0.5170 -0.0334
Z  0.3821 -0.5860 -0.7146

PART 17
OFFSET  22.2175  2.0320 -17.2749
X -0.7426 -0.6219  0.2487
Y -0.5596  0.3721 -0.7405
Z  0.3680 -0.6891 -0.6243

PART 18
OFFSET  21.5591  1.4806 -17.0544
X -0.6925 -0.6581  0.2955
Y -0.6381  0.3677 -0.6765
Z  0.3366 -0.6571 -0.6745

PART 19
OFFSET  20.9012  0.8554 -16.7737
X  0.8816  0.3676  0.2962
Y  0.0065  0.6180 -0.7861
Z -0.4720  0.6949  0.5425

PART 20
OFFSET  19.4108  2.2264 -17.5244
X  0.7965  0.5965  0.0987
Y  0.5258 -0.7640  0.3739
Z  0.2985 -0.2459 -0.9222

PART 21
OFFSET  21.5108  3.7549 -17.4133
X  0.5211 -0.6628  0.5377
Y -0.7999 -0.5989  0.0369
Z  0.2976 -0.4494 -0.8423

PART 22
OFFSET  22.3979  2.6264 -16.4979
X -0.6687 -0.7282  0.1498
Y -0.6721  0.5060 -0.5405
Z  0.3178 -0.4622 -0.8279

PART 23
OFFSET  21.4711  1.6171 -16.2902
X -0.7769 -0.6280  0.0448
Y -0.5409  0.6293 -0.5581
Z  0.3223 -0.4578 -0.8286

PART 24
OFFSET  20.6286  0.9360 -16.2416
X  0.9614  0.1326  0.2413
Y -0.0112  0.8946 -0.4468
Z -0.2751  0.4268  0.8615

PART 25
OFFSET  19.8778  3.3684 -14.9274
X  0.8670  0.3956  0.3030
Y -0.3240  0.9095 -0.2604
Z -0.3786  0.1276  0.9167

PART 26
OFFSET  20.4031  4.5129 -15.6987
X  0.8307  0.5482  0.0967
Y  0.4030 -0.7120  0.5750
Z  0.3841 -0.4387 -0.8124

PART 27
OFFSET  21.8657  5.4782 -15.5285
X  0.9203 -0.0027  0.3912
Y -0.1564 -0.9192  0.3614
Z  0.3586 -0.3938 -0.8464

PART 28
OFFSET  22.9627  5.4988 -15.0014
X  0.4368 -0.6830  0.5855
Y -0.7451 -0.6393 -0.1899
Z  0.5040 -0.3533 -0.7881

PART 29
OFFSET  23.4561  4.7274 -14.3401
X  0.6722  0.7001 -0.2409
Y -0.7029  0.5014 -0.5045
Z -0.2324  0.5085  0.8291

PART 30
OFFSET  21.0239  4.2173 -16.5633
X  0.4929 -0.7553  0.4320
Y -0.8222 -0.5667 -0.0527
Z  0.2846 -0.3293 -0.9003

PART 31
OFFSET  21.9867  2.7418 -15.7194
X -0.6210 -0.7787  0.0897
Y -0.7422  0.5473 -0.3868
Z  0.2521 -0.3068 -0.9178

PART 32
OFFSET  21.0797  1.6044 -15.5883
X -0.8505 -0.5220 -0.0648
Y -0.4734  0.8133 -0.3381
Z  0.2292 -0.2569 -0.9389

PART 33
OFFSET  20.1185  1.0108 -15.6681
X  0.9399 -0.1028  0.3257
Y  0.2017  0.9366 -0.2864
Z -0.2756  0.3349  0.9010

PART 34
OFFSET  21.3163  2.2061 -16.4161
X  0.2826 -0.3125 -0.9069
Y -0.5156  0.7477 -0.4184
Z  0.8089  0.5859  0.0502

PART 35
OFFSET  16.9371  3.1540 -17.5958
X  0.8210 -0.2634 -0.5066
Y  0.3493  0.9335  0.0806
Z  0.4517 -0.2431  0.8584

PART 36
OFFSET  15.9517  1.7953 -17.7243
X  0.8210 -0.2634 -0.5066
Y  0.3493  0.9335  0.0806
Z  0.4517 -0.2431  0.8584

PART 37
OFFSET  18.4511  2.2636 -15.6850
X  0.8210 -0.2634 -0.5066
Y  0.3493  0.9335  0.0806
Z  0.4517 -0.2431  0.8584

PART 38
OFFSET  17.9903  1.0042 -15.5707
X  0.8210 -0.2634 -0.5066
Y  0.3493  0.9335  0.0806
Z  0.4517 -0.2431  0.8584

PART 39
OFFSET  17.0335  0.7881 -16.2588
X  0.8210 -0.2634 -0.5066
Y  0.3493  0.9335  0.0806
Z  0.4517 -0.2431  0.8584

PART 40
OFFSET  10.7208 -1.2765 -7.5804
X  0.7570  0.5117 -0.4063
Y -0.6468  0.4986 -0.5771
Z -0.0927  0.6997  0.7084

PART 41
OFFSET  10.7208 -1.2765 -7.5804
X  0.7570  0.5117 -0.4063
Y -0.6468  0.4986 -0.5771
Z -0.0927  0.6997  0.7084

PART 42
OFFSET  13.8736  1.0815 -9.1026
X  0.7570  0.5117 -0.4063
Y -0.6468  0.4986 -0.5771
Z -0.0927  0.6997  0.7084

PART 43
OFFSET  16.0685  3.1449 -8.3038
X  0.7570  0.5117 -0.4063
Y -0.6468  0.4986 -0.5771
Z -0.0927  0.6997  0.7084

PART 44
OFFSET -3.5060 -7.9373 -3.1869
X -0.2859 -0.0264  0.9579
Y -0.3298 -0.9359 -0.1242
Z  0.8997 -0.3514  0.2589

PART 45
OFFSET -0.0478 -7.6183 -14.7714
X -0.6421 -0.1334 -0.7549
Y  0.7464  0.1159 -0.6553
Z  0.1749 -0.9843  0.0251

PART 46
OFFSET  5.4137 -6.4839 -8.3506
X -0.6421 -0.1334 -0.7549
Y  0.7127  0.2590 -0.6519
Z  0.2825 -0.9566 -0.0713

PART 47
OFFSET  5.5849 -5.2511 -6.8090
X -0.6470 -0.1314 -0.7511
Y -0.1838  0.9829 -0.0136
Z  0.7400  0.1293 -0.6601

PART 48
OFFSET  5.2215 -5.9080 -5.8751
X -0.6470 -0.1314 -0.7511
Y -0.1838  0.9829 -0.0136
Z  0.7400  0.1293 -0.6601

PART 49
OFFSET  5.6781 -7.1735 -5.9080
X -0.6470 -0.1314 -0.7511
Y -0.1838  0.9829 -0.0136
Z  0.7400  0.1293 -0.6601

PART 50
OFFSET  7.3822 -6.0750 -6.0363
X -0.7546 -0.5173  0.4037
Y  0.0919 -0.6926 -0.7155
Z  0.6497 -0.5028  0.5702

PART 51
OFFSET  7.3662 -4.9675 -5.7616
X -0.1663 -0.9595  0.2272
Y  0.1586 -0.2535 -0.9542
Z  0.9732 -0.1227  0.1943

PART 52
OFFSET  7.6551 -2.8648 -6.1675
X -0.4739 -0.2949  0.8297
Y -0.0076 -0.9408 -0.3388
Z  0.8806 -0.1669  0.4436

PART 53
OFFSET  8.3210 -2.4262 -7.5769
X -0.2077  0.4275  0.8798
Y -0.2963 -0.8847  0.3599
Z  0.9322 -0.1860  0.3104

PART 54
OFFSET  8.5080 -2.8649 -8.5487
X -0.8132  0.2527  0.5242
Y -0.4995  0.1591 -0.8516
Z -0.2986 -0.9544 -0.0031

PART 55
OFFSET  7.9879 -6.2773 -7.2592
X -0.5451 -0.2632  0.7960
Y  0.8107 -0.4075  0.4204
Z  0.2137  0.8744  0.4355

PART 56
OFFSET  9.1443 -5.5085 -9.0358
X  0.4691 -0.6609  0.5859
Y  0.7531 -0.0472 -0.6562
Z  0.4614  0.7490  0.4755

PART 57
OFFSET  8.4803 -4.5728 -9.8653
X  0.8848 -0.3695 -0.2838
Y -0.0109  0.5926 -0.8054
Z  0.4658  0.7157  0.5203

PART 58
OFFSET  7.6957 -4.2452 -9.6136
X  0.4885  0.2266 -0.8426
Y -0.7439  0.6129 -0.2664
Z  0.4560  0.7570  0.4679

PART 59
OFFSET  7.2317 -4.4605 -8.8131
X  0.0274 -0.6675  0.7441
Y -0.8183  0.4125  0.4002
Z -0.5741 -0.6199 -0.5349

PART 60
OFFSET  8.1835 -5.7734 -6.7929
X -0.6364 -0.3856  0.6681
Y  0.7666 -0.4123  0.4923
Z  0.0856  0.8254  0.5580

PART 61
OFFSET  9.8394 -4.9044 -8.5988
X  0.4666 -0.5769  0.6704
Y  0.7830 -0.0832 -0.6165
Z  0.4114  0.8125  0.4129

PART 62
OFFSET  9.0450 -3.9221 -9.7401
X  0.8731 -0.2184 -0.4358
Y -0.2525  0.5622 -0.7875
Z  0.4170  0.7976  0.4357

PART 63
OFFSET  7.8350 -3.6195 -9.1361
X  0.3395  0.3123 -0.8872
Y -0.8457  0.5143 -0.1426
Z  0.4117  0.7987  0.4388

PART 64
OFFSET  7.4667 -3.9582 -8.1739
X  0.2251 -0.5104  0.8299
Y -0.9044  0.2075  0.3729
Z -0.3626 -0.8345 -0.4149

PART 65
OFFSET  4.5120 -7.9116 -3.4453
X -0.5471 -0.4925  0.6768
Y -0.8368  0.3033 -0.4558
Z  0.0192 -0.8157 -0.5781

PART 66
OFFSET  10.4947 -3.7240 -6.8579
X -0.6901 -0.3796  0.6162
Y  0.7063 -0.5392  0.4588
Z  0.1581  0.7518  0.6402

PART 67
OFFSET  11.7096 -3.0556 -7.9428
X -0.6658 -0.3922  0.6348
Y  0.7359 -0.4853  0.4721
Z  0.1229  0.7815  0.6117

PART 68
OFFSET  12.5265 -2.5314 -8.6774
X -0.6726 -0.4458  0.5907
Y  0.7344 -0.5003  0.4586
Z  0.0911  0.7422  0.6639

PART 69
OFFSET  13.2862 -2.0278 -9.3445
X -0.4184  0.8056 -0.4195
Y  0.8429  0.1723 -0.5097
Z -0.3383 -0.5669 -0.7511

PART 70
OFFSET  10.3974 -4.4403 -7.6933
X  0.3521 -0.5648  0.7464
Y  0.9052  0.0028 -0.4249
Z  0.2379  0.8252  0.5122

PART 71
OFFSET  9.7096 -3.3370 -9.1514
X  0.9687 -0.1751 -0.1762
Y -0.0660  0.5024 -0.8621
Z  0.2394  0.8467  0.4751

PART 72
OFFSET  8.2948 -3.0813 -8.8941
X  0.4370  0.3127 -0.8433
Y -0.8746  0.3665 -0.3174
Z  0.2098  0.8763  0.4337

PART 73
OFFSET  7.7977 -3.4414 -7.9422
X  0.2101 -0.5299  0.8216
Y -0.9324  0.1443  0.3315
Z -0.2942 -0.8357 -0.4638

PART 74
OFFSET  5.5849 -5.2511 -6.8090
X -0.6470 -0.1314 -0.7511
Y -0.1838  0.9829 -0.0136
Z  0.7400  0.1293 -0.6601

PART 75
OFFSET  5.2214 -5.9079 -5.8750
X -0.6470 -0.1314 -0.7511
Y -0.1838  0.9829 -0.0136
Z  0.7400  0.1293 -0.6601

PART 76
OFFSET  5.6782 -7.1735 -5.9081
X -0.6470 -0.1314 -0.7511
Y -0.1838  0.9829 -0.0136
Z  0.7400  0.1293 -0.6601

PART 77
OFFSET  0.0000 -0.0000 -0.0000
X  1.0000 -0.0000  0.0000
Y  0.0000  1.0000  0.0000
Z  0.0000 -0.0000  1.0000

PART 78
OFFSET  0.0000 -0.0000 -0.0000
X  1.0000 -0.0000  0.0000
Y  0.0000  1.0000  0.0000
Z  0.0000 -0.0000  1.0000

PART 79
OFFSET  1.5404 -0.0000  4.1357
X  1.0000 -0.0000  0.0000
Y  0.0000  1.0000  0.0000
Z  0.0000 -0.0000  1.0000


FRAME 2411
PART 0
OFFSET  0.0000 -0.0000 -0.0000
X  1.0000 -0.0000  0.0000
Y  0.0000  1.0000  0.0000
Z  0.0000 -0.0000  1.0000

PART 1
OFFSET -4.6318 -0.0000 -1.3770
X  1.0000 -0.0000  0.0000
Y  0.0000  1.0000  0.0000
Z  0.0000 -0.0000  1.0000

PART 2
OFFSET -1.0115  7.9373 -5.7336
X  0.8256 -0.2676 -0.4967
Y -0.0830 -0.9284  0.3623
Z -0.5581 -0.2579 -0.7887

PART 3
OFFSET  8.9734  4.7009 -11.7410
X  0.8257 -0.2674 -0.4968
Y  0.4379 -0.2514  0.8632
Z -0.3557 -0.9302 -0.0904

PART 4
OFFSET  15.9960  2.4265 -15.9662
X  0.8257 -0.2674 -0.4968
Y  0.5304  0.6679  0.5220
Z  0.1922 -0.6945  0.6933

PART 5
OFFSET  17.5731  3.6860 -17.1917
X  0.8240 -0.2633 -0.5017
Y  0.3470  0.9345  0.0794
Z  0.4479 -0.2395  0.8614

PART 6
OFFSET  16.0238  1.7915 -17.6198
X  0.8240 -0.2633 -0.5017
Y  0.3470  0.9345  0.0794
Z  0.4479 -0.2395  0.8614

PART 7
OFFSET  18.5120  2.2712 -15.5694
X  0.8240 -0.2633 -0.5017
Y  0.3470  0.9345  0.0794
Z  0.4479 -0.2395  0.8614

PART 8
OFFSET  18.0531  1.0112 -15.4535
X  0.8240 -0.2633 -0.5017
Y  0.3470  0.9345  0.0794
Z  0.4479 -0.2395  0.8614

PART 9
OFFSET  17.1002  0.7911 -16.1457
X  0.8240 -0.2633 -0.5017
Y  0.3470  0.9345  0.0794
Z  0.4479 -0.2395  0.8614

PART 10
OFFSET  18.5273  1.6067 -17.4891
X  0.6163  0.6892  0.3810
Y -0.5683  0.0544  0.8210
Z  0.5451 -0.7225  0.4252

PART 11
OFFSET  18.4798  1.6726 -16.3508
X  0.3295 -0.1530  0.9317
Y -0.8989 -0.3527  0.2600
Z  0.2889 -0.9231 -0.2537

PART 12
OFFSET  19.1172  1.2559 -14.3285
X  0.8476  0.4737  0.2390
Y -0.0685 -0.3490  0.9346
Z  0.5261 -0.8086 -0.2633

PART 13
OFFSET  20.5486  1.9509 -14.0279
X  0.5735  0.4453 -0.6876
Y  0.7111  0.1462  0.6877
Z  0.4068 -0.8833 -0.2328

PART 14
OFFSET  21.1994  2.3945 -14.7704
X  0.3085  0.9263 -0.2163
Y -0.8529  0.3701  0.3681
Z  0.4210  0.0709  0.9043

PART 15
OFFSET  19.7675  1.9856 -17.9598
X  0.8532  0.5030 -0.1380
Y  0.5148 -0.7697  0.3776
Z  0.0837 -0.3932 -0.9156

PART 16
OFFSET  21.7355  3.0785 -18.0903
X  0.3689 -0.6079  0.7031
Y -0.8281 -0.5585 -0.0484
Z  0.4221 -0.5644 -0.7094

PART 17
OFFSET  22.2577  2.2179 -17.0948
X -0.7149 -0.6585  0.2352
Y -0.5652  0.3461 -0.7488
Z  0.4117 -0.6683 -0.6196

PART 18
OFFSET  21.6239  1.6340 -16.8863
X -0.6639 -0.6923  0.2828
Y -0.6444  0.3377 -0.6861
Z  0.3795 -0.6377 -0.6703

PART 19
OFFSET  20.9932  0.9763 -16.6177
X  0.8574  0.4098  0.3114
Y -0.0113  0.6198 -0.7846
Z -0.5145  0.6692  0.5361

PART 20
OFFSET  19.4493  2.2742 -17.3898
X  0.7644  0.6348  0.1130
Y  0.5567 -0.7382  0.3809
Z  0.3252 -0.2282 -0.9177

PART 21
OFFSET  21.4691  3.9041 -17.2413
X  0.5444 -0.6378  0.5448
Y -0.7699 -0.6378  0.0226
Z  0.3331 -0.4317 -0.8382

PART 22
OFFSET  22.3960  2.8182 -16.3137
X -0.6343 -0.7608  0.1374
Y -0.6875  0.4738 -0.5504
Z  0.3537 -0.4435 -0.8235

PART 23
OFFSET  21.5169  1.7638 -16.1233
X -0.7455 -0.6657  0.0308
Y -0.5622  0.6034 -0.5656
Z  0.3579 -0.4390 -0.8241

PART 24
OFFSET  20.7083  1.0418 -16.0899
X  0.9496  0.1792  0.2573
Y -0.0482  0.8942 -0.4451
Z -0.3098  0.4102  0.8577

PART 25
OFFSET  19.8170  3.4304 -14.7832
X  0.8414  0.4370  0.3179
Y -0.3642  0.8932 -0.2638
Z -0.3992  0.1061  0.9107

PART 26
OFFSET  20.2977  4.6017 -15.5434
X  0.8009  0.5883  0.1114
Y  0.4283 -0.6929  0.5801
Z  0.4184 -0.4169 -0.8069

PART 27
OFFSET  21.7078  5.6375 -15.3473
X  0.9128  0.0416  0.4062
Y -0.1166 -0.9268  0.3569
Z  0.3913 -0.3732 -0.8412

PART 28
OFFSET  22.7938  5.7107 -14.8023
X  0.4604 -0.6622  0.5911
Y -0.7095 -0.6748 -0.2033
Z  0.5335 -0.3258 -0.7805

PART 29
OFFSET  23.3138  4.9626 -14.1346
X  0.6407  0.7331 -0.2284
Y -0.7185  0.4675 -0.5150
Z -0.2707  0.4940  0.8262

PART 30
OFFSET  20.9463  4.3395 -16.3984
X  0.5225 -0.7313  0.4385
Y -0.7923 -0.6064 -0.0673
Z  0.3151 -0.3122 -0.8962

PART 31
OFFSET  21.9669  2.9110 -15.5418
X -0.5831 -0.8086  0.0780
Y -0.7620  0.5111 -0.3978
Z  0.2818 -0.2913 -0.9142

PART 32
OFFSET  21.1152  1.7298 -15.4279
X -0.8225 -0.5632 -0.0798
Y -0.5075  0.7899 -0.3442
Z  0.2569 -0.2426 -0.9355

PART 33
OFFSET  20.1859  1.0897 -15.5247
X  0.9384 -0.0572  0.3408
Y  0.1598  0.9463 -0.2812
Z -0.3064  0.3183  0.8971

PART 34
OFFSET  21.3352  2.3448 -16.2506
X  0.3124 -0.2956 -0.9028
Y -0.5451  0.7225 -0.4252
Z  0.7780  0.6249  0.0646

PART 35
OFFSET  17.0058  3.1526 -17.4906
X  0.8240 -0.2633 -0.5017
Y  0.3470  0.9345  0.0794
Z  0.4479 -0.2395  0.8614

PART 36
OFFSET  16.0238  1.7915 -17.6198
X  0.8240 -0.2633 -0.5017
Y  0.3470  0.9345  0.0794
Z  0.4479 -0.2395  0.8614

PART 37
OFFSET  18.5120  2.2712 -15.5694
X  0.8240 -0.2633 -0.5017
Y  0.3470  0.9345  0.0794
Z  0.4479 -0.2395  0.8614

PART 38
OFFSET  18.0531  1.0112 -15.4535
X  0.8240 -0.2633 -0.5017
Y  0.3470  0.9345  0.0794
Z  0.4479 -0.2395  0.8614

PART 39
OFFSET  17.1002  0.7911 -16.1457
X  0.8240 -0.2633 -0.5017
Y  0.3470  0.9345  0.0794
Z  0.4479 -0.2395  0.8614

PART 40
OFFSET  10.8285 -1.7079 -7.6286
X  0.7373  0.5496 -0.3928
Y -0.6612  0.4677 -0.5866
Z -0.1387  0.6922  0.7082

PART 41
OFFSET  10.8285 -1.7079 -7.6286
X  0.7373  0.5496 -0.3928
Y -0.6612  0.4677 -0.5866
Z -0.1387  0.6922  0.7082

PART 42
OFFSET  13.8853  0.8071 -9.0941
X  0.7373  0.5496 -0.3928
Y -0.6612  0.4677 -0.5866
Z -0.1387  0.6922  0.7082

PART 43
OFFSET  15.9623  2.9741 -8.2553
X  0.7373  0.5496 -0.3928
Y -0.6612  0.4677 -0.5866
Z -0.1387  0.6922  0.7082

PART 44
OFFSET -3.5060 -7.9373 -3.1869
X -0.2972  0.0176  0.9546
Y -0.3729 -0.9226 -0.0991
Z  0.8790 -0.3854  0.2808

PART 45
OFFSET  0.0887 -8.1506 -14.7322
X -0.6583 -0.1280 -0.7418
Y  0.7419  0.0563 -0.6682
Z  0.1272 -0.9902  0.0579

PART 46
OFFSET  5.6881 -7.0621 -8.4232
X -0.6583 -0.1280 -0.7418
Y  0.7013  0.2538 -0.6662
Z  0.2735 -0.9587 -0.0773

PART 47
OFFSET  5.9406 -5.7862 -6.9286
X -0.6631 -0.1256 -0.7379
Y -0.1360  0.9896 -0.0462
Z  0.7361  0.0697 -0.6733

PART 48
OFFSET  5.5588 -6.3915 -5.9676
X -0.6631 -0.1256 -0.7379
Y -0.1360  0.9896 -0.0462
Z  0.7361  0.0697 -0.6733

PART 49
OFFSET  5.9529 -7.6782 -5.9611
X -0.6631 -0.1256 -0.7379
Y -0.1360  0.9896 -0.0462
Z  0.7361  0.0697 -0.6733

PART 50
OFFSET  7.7064 -6.6697 -6.1492
X -0.7346 -0.5550  0.3903
Y  0.1377 -0.6851 -0.7153
Z  0.6644 -0.4717  0.5797

PART 51
OFFSET  7.6312 -5.5652 -5.8725
X -0.1224 -0.9672  0.2225
Y  0.1864 -0.2426 -0.9520
Z  0.9748 -0.0751  0.2100

PART 52
OFFSET  7.8225 -3.4496 -6.2694
X -0.4721 -0.3203  0.8213
Y  0.0444 -0.9391 -0.3408
Z  0.8804 -0.1245  0.4576

PART 53
OFFSET  8.4887 -2.9746 -7.6667
X -0.2428  0.4142  0.8772
Y -0.2581 -0.8992  0.3532
Z  0.9351 -0.1406  0.3252

PART 54
OFFSET  8.7129 -3.4008 -8.6362
X -0.8331  0.2108  0.5114
Y -0.4929  0.1367 -0.8593
Z -0.2510 -0.9679 -0.0100

PART 55
OFFSET  8.3411 -6.8384 -7.3625
X -0.5443 -0.2921  0.7864
Y  0.8229 -0.3682  0.4327
Z  0.1632  0.8827  0.4408

PART 56
OFFSET  9.4869 -6.0084 -9.1183
X  0.4916 -0.6386  0.5921
Y  0.7650 -0.0081 -0.6439
Z  0.4160  0.7695  0.4846

PART 57
OFFSET  8.7909 -5.1042 -9.9566
X  0.9065 -0.3246 -0.2701
Y -0.0271  0.5936 -0.8043
Z  0.4214  0.7364  0.5293

PART 58
OFFSET  7.9872 -4.8165 -9.7171
X  0.4903  0.2528 -0.8341
Y -0.7688  0.5762 -0.2773
Z  0.4104  0.7772  0.4769

PART 59
OFFSET  7.5214 -5.0567 -8.9248
X  0.0483 -0.6675  0.7431
Y -0.8441  0.3705  0.3876
Z -0.5340 -0.6459 -0.5455

PART 60
OFFSET  8.5040 -6.3268 -6.8920
X -0.6274 -0.4185  0.6568
Y  0.7779 -0.3754  0.5039
Z  0.0357  0.8270  0.5610

PART 61
OFFSET  10.1440 -5.3719 -8.6687
X  0.4836 -0.5551  0.6768
Y  0.7960 -0.0426 -0.6038
Z  0.3640  0.8307  0.4213

PART 62
OFFSET  9.3208 -4.4268 -9.8209
X  0.8898 -0.1738 -0.4219
Y -0.2671  0.5513 -0.7904
Z  0.3700  0.8160  0.4442

PART 63
OFFSET  8.0876 -4.1860 -9.2362
X  0.3381  0.3313 -0.8809
Y -0.8676  0.4723 -0.1554
Z  0.3646  0.8168  0.4471

PART 64
OFFSET  7.7209 -4.5452 -8.2808
X  0.2366 -0.5010  0.8325
Y -0.9194  0.1616  0.3585
Z -0.3141 -0.8502 -0.4224

PART 65
OFFSET  4.8887 -8.6532 -3.6094
X -0.5331 -0.5209  0.6667
Y -0.8433  0.2630 -0.4688
Z  0.0689 -0.8121 -0.5794

PART 66
OFFSET  10.7118 -4.1656 -6.9149
X -0.6801 -0.4099  0.6078
Y  0.7241 -0.5053  0.4695
Z  0.1147  0.7594  0.6404

PART 67
OFFSET  11.9092 -3.4440 -7.9852
X -0.6555 -0.4213  0.6268
Y  0.7511 -0.4500  0.4831
Z  0.0785  0.7874  0.6114

PART 68
OFFSET  12.7109 -2.8840 -8.7100
X -0.6599 -0.4749  0.5823
Y  0.7499 -0.4655  0.4701
Z  0.0479  0.7468  0.6633

PART 69
OFFSET  13.4562 -2.3476 -9.3677
X -0.4486  0.7849 -0.4273
Y  0.8413  0.2096 -0.4983
Z -0.3016 -0.5831 -0.7544

PART 70
OFFSET  10.6637 -4.8835 -7.7533
X  0.3674 -0.5489  0.7509
Y  0.9108  0.0487 -0.4100
Z  0.1885  0.8345  0.5178

PART 71
OFFSET  9.9460 -3.8112 -9.2201
X  0.9789 -0.1265 -0.1606
Y -0.0767  0.5010 -0.8620
Z  0.1896  0.8561  0.4807

PART 72
OFFSET  8.5162 -3.6264 -8.9856
X  0.4347  0.3364 -0.8354
Y -0.8864  0.3238 -0.3309
Z  0.1592  0.8843  0.4389

PART 73
OFFSET  8.0222 -4.0134 -8.0427
X  0.2226 -0.5213  0.8239
Y -0.9436  0.0971  0.3165
Z -0.2450 -0.8479 -0.4702

PART 74
OFFSET  5.9405 -5.7861 -6.9286
X -0.6631 -0.1256 -0.7379
Y -0.1360  0.9896 -0.0462
Z  0.7361  0.0697 -0.6733

PART 75
OFFSET  5.5587 -6.3913 -5.9675
X -0.6631 -0.1256 -0.7379
Y -0.1360  0.9896 -0.0462
Z  0.7361  0.0697 -0.6733

PART 76
OFFSET  5.9529 -7.6782 -5.9612
X -0.6631 -0.1256 -0.7379
Y -0.1360  0.9896 -0.0462
Z  0.7361  0.0697 -0.6733

PART 77
OFFSET  0.0000 -0.0000 -0.0000
X  1.0000 -0.0000  0.0000
Y  0.0000  1.0000  0.0000
Z  0.0000 -0.0000  1.0000

PART 78
OFFSET  0.0000 -0.0000 -0.0000
X  1.0000 -0.0000  0.0000
Y  0.0000  1.0000  0.0000
Z  0.0000 -0.0000  1.0000

PART 79
OFFSET  1.5404 -0.0000  4.1357
X  1.0000 -0.0000  0.0000
Y  0.0000  1.0000  0.0000
Z  0.0000 -0.0000  1.0000


FRAME 2412
PART 0
OFFSET  0.0000 -0.0000 -0.0000
X  1.0000 -0.0000  0.0000
Y  0.0000  1.0000  0.0000
Z  0.0000 -0.0000  1.0000

PART 1
OFFSET -4.6318 -0.0000 -1.3770
X  1.0000 -0.0000  0.0000
Y  0.0000  1.0000  0.0000
Z  0.0000 -0.0000  1.0000

PART 2
OFFSET -1.0115  7.9373 -5.7336
X  0.8269 -0.2785 -0.4886
Y -0.1004 -0.9279  0.3590
Z -0.5534 -0.2478 -0.7952

PART 3
OFFSET  8.9886  4.5690 -11.6425
X  0.8269 -0.2783 -0.4886
Y  0.4249 -0.2599  0.8671
Z -0.3683 -0.9247 -0.0966

PART 4
OFFSET  16.0219  2.2019 -15.7984
X  0.8269 -0.2783 -0.4886
Y  0.5327  0.6660  0.5222
Z  0.1801 -0.6921  0.6990

PART 5
OFFSET  17.6303  3.4410 -17.0038
X  0.8254 -0.2742 -0.4935
Y  0.3598  0.9291  0.0855
Z  0.4351 -0.2482  0.8655

PART 6
OFFSET  16.0580  1.5706 -17.4533
X  0.8254 -0.2742 -0.4935
Y  0.3598  0.9291  0.0855
Z  0.4351 -0.2482  0.8655

PART 7
OFFSET  18.5309  2.0087 -15.3753
X  0.8254 -0.2742 -0.4935
Y  0.3598  0.9291  0.0855
Z  0.4351 -0.2482  0.8655

PART 8
OFFSET  18.0523  0.7553 -15.2675
X  0.8254 -0.2742 -0.4935
Y  0.3598  0.9291  0.0855
Z  0.4351 -0.2482  0.8655

PART 9
OFFSET  17.1037  0.5509 -15.9704
X  0.8254 -0.2742 -0.4935
Y  0.3598  0.9291  0.0855
Z  0.4351 -0.2482  0.8655

PART 10
OFFSET  18.5569  1.3487 -17.2964
X  0.6096  0.6884  0.3932
Y -0.5734  0.0403  0.8183
Z  0.5474 -0.7242  0.4193

PART 11
OFFSET  18.5026  1.3999 -16.1576
X  0.3252 -0.1625  0.9316
Y -0.8980 -0.3619  0.2503
Z  0.2964 -0.9179 -0.2636

PART 12
OFFSET  19.1312  0.9620 -14.1370
X  0.8431  0.4762  0.2498
Y -0.0715 -0.3612  0.9298
Z  0.5330 -0.8017 -0.2704

PART 13
OFFSET  20.5562  1.6626 -13.8195
X  0.5744  0.4577 -0.6787
Y  0.7062  0.1422  0.6936
Z  0.4140 -0.8776 -0.2416

PART 14
OFFSET  21.2083  2.1198 -14.5526
X  0.3036  0.9310 -0.2029
Y -0.8575  0.3598  0.3678
Z  0.4154  0.0623  0.9075

PART 15
OFFSET  19.7973  1.7416 -17.7551
X  0.8506  0.5103 -0.1268
Y  0.5178 -0.7709  0.3709
Z  0.0915 -0.3811 -0.9200

PART 16
OFFSET  21.7587  2.8491 -17.8606
X  0.3689 -0.6143  0.6975
Y -0.8241 -0.5633 -0.0602
Z  0.4299 -0.5526 -0.7140

PART 17
OFFSET  22.2810  1.9794 -16.8730
X -0.7118 -0.6661  0.2228
Y -0.5632  0.3518 -0.7477
Z  0.4197 -0.6577 -0.6256

PART 18
OFFSET  21.6499  1.3888 -16.6754
X -0.6608 -0.7002  0.2702
Y -0.6427  0.3420 -0.6855
Z  0.3876 -0.6267 -0.6760

PART 19
OFFSET  21.0221  0.7236 -16.4187
X  0.8529  0.4115  0.3214
Y -0.0110  0.6296 -0.7769
Z -0.5220  0.6590  0.5415

PART 20
OFFSET  19.4739  2.0210 -17.1834
X  0.7595  0.6383  0.1254
Y  0.5595 -0.7393  0.3748
Z  0.3319 -0.2145 -0.9186

PART 21
OFFSET  21.4820  3.6621 -17.0028
X  0.5455 -0.6410  0.5399
Y -0.7657 -0.6431  0.0101
Z  0.3407 -0.4189 -0.8417

PART 22
OFFSET  22.4107  2.5708 -16.0836
X -0.6300 -0.7666  0.1241
Y -0.6875  0.4761 -0.5484
Z  0.3613 -0.4308 -0.8270

PART 23
OFFSET  21.5376  1.5083 -15.9115
X -0.7412 -0.6710  0.0182
Y -0.5630  0.6067 -0.5612
Z  0.3655 -0.4262 -0.8275

PART 24
OFFSET  20.7337  0.7806 -15.8918
X  0.9469  0.1822  0.2650
Y -0.0516  0.8994 -0.4341
Z -0.3174  0.3974  0.8610

PART 25
OFFSET  19.8191  3.1466 -14.5603
X  0.8366  0.4385  0.3282
Y -0.3687  0.8940 -0.2546
Z -0.4051  0.0920  0.9096

PART 26
OFFSET  20.2962  4.3305 -15.3030
X  0.7963  0.5921  0.1234
Y  0.4296 -0.6973  0.5738
Z  0.4258 -0.4039 -0.8096

PART 27
OFFSET  21.6983  5.3731 -15.0858
X  0.9102  0.0425  0.4120
Y -0.1125 -0.9320  0.3445
Z  0.3986 -0.3599 -0.8435

PART 28
OFFSET  22.7806  5.4465 -14.5337
X  0.4614 -0.6666  0.5854
Y -0.7038 -0.6768 -0.2159
Z  0.5401 -0.3124 -0.7815

PART 29
OFFSET  23.3019  4.6936 -13.8725
X  0.6370  0.7401 -0.2155
Y -0.7187  0.4692 -0.5132
Z -0.2787  0.4818  0.8308

PART 30
OFFSET  20.9514  4.0835 -16.1575
X  0.5248 -0.7333  0.4323
Y -0.7878 -0.6107 -0.0795
Z  0.3223 -0.2988 -0.8982

PART 31
OFFSET  21.9767  2.6510 -15.3131
X -0.5781 -0.8134  0.0644
Y -0.7631  0.5110 -0.3957
Z  0.2889 -0.2779 -0.9161

PART 32
OFFSET  21.1323  1.4629 -15.2189
X -0.8182 -0.5675 -0.0916
Y -0.5108  0.7909 -0.3371
Z  0.2638 -0.2291 -0.9370

PART 33
OFFSET  20.2078  0.8180 -15.3291
X  0.9368 -0.0553  0.3455
Y  0.1551  0.9508 -0.2683
Z -0.3136  0.3050  0.8992

PART 34
OFFSET  21.3528  2.0896 -16.0325
X  0.3195 -0.2822 -0.9046
Y -0.5474  0.7242 -0.4193
Z  0.7734  0.6292  0.0769

PART 35
OFFSET  17.0585  2.9168 -17.3101
X  0.8254 -0.2742 -0.4935
Y  0.3598  0.9291  0.0855
Z  0.4351 -0.2482  0.8655

PART 36
OFFSET  16.0580  1.5706 -17.4533
X  0.8254 -0.2742 -0.4935
Y  0.3598  0.9291  0.0855
Z  0.4351 -0.2482  0.8655

PART 37
OFFSET  18.5309  2.0087 -15.3753
X  0.8254 -0.2742 -0.4935
Y  0.3598  0.9291  0.0855
Z  0.4351 -0.2482  0.8655

PART 38
OFFSET  18.0523  0.7553 -15.2675
X  0.8254 -0.2742 -0.4935
Y  0.3598  0.9291  0.0855
Z  0.4351 -0.2482  0.8655

PART 39
OFFSET  17.1037  0.5509 -15.9704
X  0.8254 -0.2742 -0.4935
Y  0.3598  0.9291  0.0855
Z  0.4351 -0.2482  0.8655

PART 40
OFFSET  10.8391 -2.1525 -7.5300
X  0.7359  0.5594 -0.3816
Y -0.6609  0.4707 -0.5845
Z -0.1473  0.6823  0.7161

PART 41
OFFSET  10.8391 -2.1525 -7.5300
X  0.7359  0.5594 -0.3816
Y -0.6609  0.4707 -0.5845
Z -0.1473  0.6823  0.7161

PART 42
OFFSET  13.8873  0.4010 -8.9462
X  0.7359  0.5594 -0.3816
Y -0.6609  0.4707 -0.5845
Z -0.1473  0.6823  0.7161

PART 43
OFFSET  15.9451  2.5709 -8.0682
X  0.7359  0.5594 -0.3816
Y -0.6609  0.4707 -0.5845
Z -0.1473  0.6823  0.7161

PART 44
OFFSET -3.5060 -7.9373 -3.1869
X -0.2988  0.0520  0.9529
Y -0.4061 -0.9105 -0.0777
Z  0.8636 -0.4102  0.2932

PART 45
OFFSET  0.1079 -8.5662 -14.7111
X -0.6597 -0.1221 -0.7415
Y  0.7460  0.0128 -0.6658
Z  0.0908 -0.9924  0.0826

PART 46
OFFSET  5.7192 -7.5274 -8.4043
X -0.6597 -0.1221 -0.7415
Y  0.7016  0.2533 -0.6660
Z  0.2692 -0.9596 -0.0815

PART 47
OFFSET  6.0123 -6.2252 -6.9401
X -0.6644 -0.1195 -0.7377
Y -0.0997  0.9925 -0.0710
Z  0.7407  0.0264 -0.6713

PART 48
OFFSET  5.6051 -6.7925 -5.9663
X -0.6644 -0.1195 -0.7377
Y -0.0997  0.9925 -0.0710
Z  0.7407  0.0264 -0.6713

PART 49
OFFSET  5.9520 -8.0921 -5.9266
X -0.6644 -0.1195 -0.7377
Y -0.0997  0.9925 -0.0710
Z  0.7407  0.0264 -0.6713

PART 50
OFFSET  7.7418 -7.1530 -6.1310
X -0.7331 -0.5647  0.3790
Y  0.1463 -0.6752 -0.7230
Z  0.6642 -0.4746  0.5776

PART 51
OFFSET  7.6576 -6.0526 -5.8409
X -0.1172 -0.9707  0.2096
Y  0.1934 -0.2294 -0.9539
Z  0.9741 -0.0713  0.2146

PART 52
OFFSET  7.8371 -3.9310 -6.2101
X -0.4747 -0.3338  0.8144
Y  0.0525 -0.9344 -0.3523
Z  0.8786 -0.1244  0.4611

PART 53
OFFSET  8.5081 -3.4340 -7.5975
X -0.2505  0.4015  0.8809
Y -0.2541 -0.9053  0.3404
Z  0.9342 -0.1385  0.3288

PART 54
OFFSET  8.7406 -3.8465 -8.5709
X -0.8374  0.1988  0.5092
Y -0.4889  0.1443 -0.8603
Z -0.2445 -0.9694 -0.0236

PART 55
OFFSET  8.3845 -7.3022 -7.3427
X -0.5468 -0.3056  0.7795
Y  0.8229 -0.3682  0.4328
Z  0.1548  0.8781  0.4528

PART 56
OFFSET  9.5346 -6.4426 -9.0813
X  0.4924 -0.6427  0.5869
Y  0.7687  0.0050 -0.6396
Z  0.4081  0.7661  0.4966

PART 57
OFFSET  8.8375 -5.5326 -9.9121
X  0.9101 -0.3152 -0.2689
Y -0.0265  0.6035 -0.7969
Z  0.4134  0.7324  0.5410

PART 58
OFFSET  8.0305 -5.2532 -9.6737
X  0.4934  0.2666 -0.8280
Y -0.7711  0.5745 -0.2745
Z  0.4025  0.7739  0.4890

PART 59
OFFSET  7.5618 -5.5064 -8.8871
X  0.0485 -0.6765  0.7349
Y -0.8487  0.3600  0.3874
Z -0.5266 -0.6425 -0.5567

PART 60
OFFSET  8.5413 -6.7955 -6.8649
X -0.6283 -0.4308  0.6478
Y  0.7775 -0.3766  0.5036
Z  0.0270  0.8201  0.5716

PART 61
OFFSET  10.1850 -5.8075 -8.6200
X  0.4834 -0.5604  0.6725
Y  0.7997 -0.0298 -0.5997
Z  0.3561  0.8277  0.4338

PART 62
OFFSET  9.3620 -4.8534 -9.7649
X  0.8933 -0.1626 -0.4190
Y -0.2663  0.5595 -0.7849
Z  0.3620  0.8128  0.4565

PART 63
OFFSET  8.1239 -4.6281 -9.1843
X  0.3409  0.3446 -0.8747
Y -0.8699  0.4685 -0.1544
Z  0.3566  0.8135  0.4594

PART 64
OFFSET  7.7542 -5.0018 -8.2356
X  0.2352 -0.5099  0.8275
Y -0.9225  0.1510  0.3552
Z -0.3060 -0.8469 -0.4349

PART 65
OFFSET  4.9230 -9.1869 -3.6326
X -0.5334 -0.5327  0.6570
Y -0.8423  0.2633 -0.4703
Z  0.0776 -0.8043 -0.5892

PART 66
OFFSET  10.7348 -4.6197 -6.8479
X -0.6805 -0.4167  0.6028
Y  0.7244 -0.5066  0.4676
Z  0.1105  0.7548  0.6466

PART 67
OFFSET  11.9329 -3.8860 -7.9092
X -0.6559 -0.4281  0.6216
Y  0.7511 -0.4514  0.4817
Z  0.0744  0.7829  0.6177

PART 68
OFFSET  12.7348 -3.3180 -8.6274
X -0.6606 -0.4810  0.5764
Y  0.7494 -0.4673  0.4691
Z  0.0437  0.7418  0.6692

PART 69
OFFSET  13.4810 -2.7747 -9.2784
X -0.4492  0.7870 -0.4228
Y  0.8425  0.2155 -0.4938
Z -0.2975 -0.5780 -0.7599

PART 70
OFFSET  10.6962 -5.3272 -7.6955
X  0.3668 -0.5558  0.7460
Y  0.9127  0.0598 -0.4041
Z  0.1800  0.8291  0.5293

PART 71
OFFSET  9.9797 -4.2414 -9.1529
X  0.9806 -0.1180 -0.1566
Y -0.0751  0.5113 -0.8561
Z  0.1811  0.8513  0.4925

PART 72
OFFSET  8.5474 -4.0689 -8.9242
X  0.4372  0.3497 -0.8286
Y -0.8866  0.3221 -0.3319
Z  0.1508  0.8798  0.4509

PART 73
OFFSET  8.0506 -4.4710 -7.9892
X  0.2214 -0.5301  0.8185
Y -0.9460  0.0869  0.3122
Z -0.2366 -0.8435 -0.4822

PART 74
OFFSET  6.0123 -6.2252 -6.9400
X -0.6644 -0.1195 -0.7377
Y -0.0997  0.9925 -0.0710
Z  0.7407  0.0264 -0.6713

PART 75
OFFSET  5.6050 -6.7923 -5.9663
X -0.6644 -0.1195 -0.7377
Y -0.0997  0.9925 -0.0710
Z  0.7407  0.0264 -0.6713

PART 76
OFFSET  5.9520 -8.0921 -5.9267
X -0.6644 -0.1195 -0.7377
Y -0.0997  0.9925 -0.0710
Z  0.7407  0.0264 -0.6713

PART 77
OFFSET  0.0000 -0.0000 -0.0000
X  1.0000 -0.0000  0.0000
Y  0.0000  1.0000  0.0000
Z  0.0000 -0.0000  1.0000

PART 78
OFFSET  0.0000 -0.0000 -0.0000
X  1.0000 -0.0000  0.0000
Y  0.0000  1.0000  0.0000
Z  0.0000 -0.0000  1.0000

PART 79
OFFSET  1.5404 -0.0000  4.1357
X  1.0000 -0.0000  0.0000
Y  0.0000  1.0000  0.0000
Z  0.0000 -0.0000  1.0000


FRAME 2413
PART 0
OFFSET  0.0000 -0.0000 -0.0000
X  1.0000 -0.0000  0.0000
Y  0.0000  1.0000  0.0000
Z  0.0000 -0.0000  1.0000

PART 1
OFFSET -4.6318 -0.0000 -1.3770
X  1.0000 -0.0000  0.0000
Y  0.0000  1.0000  0.0000
Z  0.0000 -0.0000  1.0000

PART 2
OFFSET -1.0115  7.9373 -5.7336
X  0.8277 -0.2937 -0.4781
Y -0.1244 -0.9269  0.3541
Z -0.5472 -0.2336 -0.8038

PART 3
OFFSET  8.9990  4.3853 -11.5159
X  0.8278 -0.2935 -0.4781
Y  0.4074 -0.2715  0.8720
Z -0.3857 -0.9166 -0.1052

PART 4
OFFSET  16.0398  1.8890 -15.5827
X  0.8278 -0.2935 -0.4781
Y  0.5387  0.6538  0.5314
Z  0.1566 -0.6974  0.6993

PART 5
OFFSET  17.6898  3.0991 -16.7610
X  0.8264 -0.2894 -0.4831
Y  0.3775  0.9212  0.0940
Z  0.4178 -0.2601  0.8705

PART 6
OFFSET  16.0860  1.2629 -17.2392
X  0.8264 -0.2894 -0.4831
Y  0.3775  0.9212  0.0940
Z  0.4178 -0.2601  0.8705

PART 7
OFFSET  18.5382  1.6430 -15.1255
X  0.8264 -0.2894 -0.4831
Y  0.3775  0.9212  0.0940
Z  0.4178 -0.2601  0.8705

PART 8
OFFSET  18.0326  0.3993 -15.0291
X  0.8264 -0.2894 -0.4831
Y  0.3775  0.9212  0.0940
Z  0.4178 -0.2601  0.8705

PART 9
OFFSET  17.0899  0.2168 -15.7458
X  0.8264 -0.2894 -0.4831
Y  0.3775  0.9212  0.0940
Z  0.4178 -0.2601  0.8705

PART 10
OFFSET  18.5775  0.9892 -17.0485
X  0.6134  0.6776  0.4058
Y -0.5751  0.0310  0.8175
Z  0.5413 -0.7348  0.4087

PART 11
OFFSET  18.5207  1.0222 -15.9092
X  0.3217 -0.1800  0.9296
Y -0.9011 -0.3596  0.2422
Z  0.2907 -0.9156 -0.2779

PART 12
OFFSET  19.1412  0.5470 -13.8946
X  0.8458  0.4661  0.2596
Y -0.0764 -0.3758  0.9236
Z  0.5280 -0.8009 -0.2822

PART 13
OFFSET  20.5702  1.2322 -13.5622
X  0.5792  0.4647 -0.6697
Y  0.7054  0.1259  0.6975
Z  0.4085 -0.8765 -0.2549

PART 14
OFFSET  21.2274  1.6968 -14.2862
X  0.3106  0.9320 -0.1869
Y -0.8559  0.3597  0.3716
Z  0.4136  0.0445  0.9094

PART 15
OFFSET  19.8217  1.3809 -17.4978
X  0.8545  0.5063 -0.1164
Y  0.5114 -0.7805  0.3594
Z  0.0911 -0.3667 -0.9259

PART 16
OFFSET  21.7910  2.4762 -17.5804
X  0.3629 -0.6282  0.6883
Y -0.8278 -0.5564 -0.0714
Z  0.4278 -0.5439 -0.7219

PART 17
OFFSET  22.3048  1.5868 -16.6060
X -0.7170 -0.6647  0.2102
Y -0.5589  0.3679 -0.7432
Z  0.4166 -0.6503 -0.6353

PART 18
OFFSET  21.6691  0.9975 -16.4196
X -0.6664 -0.6998  0.2572
Y -0.6386  0.3577 -0.6814
Z  0.3849 -0.6183 -0.6853

PART 19
OFFSET  21.0360  0.3326 -16.1753
X  0.8549  0.4002  0.3301
Y -0.0046  0.6423 -0.7665
Z -0.5187  0.6537  0.5509

PART 20
OFFSET  19.4988  1.6531 -16.9224
X  0.7636  0.6309  0.1376
Y  0.5534 -0.7492  0.3640
Z  0.3327 -0.2018 -0.9212

PART 21
OFFSET  21.5179  3.2770 -16.7101
X  0.5397 -0.6536  0.5306
Y -0.7702 -0.6378 -0.0022
Z  0.3399 -0.4075 -0.8476

PART 22
OFFSET  22.4367  2.1643 -15.8067
X -0.6356 -0.7641  0.1101
Y -0.6827  0.4899 -0.5421
Z  0.3603 -0.4197 -0.8331

PART 23
OFFSET  21.5558  1.1053 -15.6541
X -0.7460 -0.6660  0.0054
Y -0.5573  0.6198 -0.5525
Z  0.3646 -0.4152 -0.8335

PART 24
OFFSET  20.7467  0.3830 -15.6483
X  0.9475  0.1712  0.2702
Y -0.0442  0.9067 -0.4194
Z -0.3168  0.3854  0.8667

PART 25
OFFSET  19.8454  2.7333 -14.2804
X  0.8389  0.4272  0.3374
Y -0.3618  0.9006 -0.2408
Z -0.4067  0.0800  0.9100

PART 26
OFFSET  20.3326  3.9258 -15.0025
X  0.8002  0.5844  0.1350
Y  0.4232 -0.7096  0.5633
Z  0.4250 -0.3936 -0.8151

PART 27
OFFSET  21.7414  4.9548 -14.7649
X  0.9094  0.0293  0.4148
Y -0.1198 -0.9367  0.3290
Z  0.3982 -0.3489 -0.8484

PART 28
OFFSET  22.8228  5.0116 -14.2091
X  0.4553 -0.6793  0.5755
Y -0.7080 -0.6682 -0.2286
Z  0.5399 -0.3034 -0.7852

PART 29
OFFSET  23.3371  4.2443 -13.5590
X  0.6427  0.7390 -0.2018
Y -0.7141  0.4826 -0.5071
Z -0.2774  0.4701  0.8379

PART 30
OFFSET  20.9882  3.6881 -15.8593
X  0.5186 -0.7439  0.4215
Y -0.7919 -0.6038 -0.0914
Z  0.3224 -0.2864 -0.9022

PART 31
OFFSET  22.0014  2.2349 -15.0360
X -0.5840 -0.8103  0.0497
Y -0.7585  0.5228 -0.3891
Z  0.2893 -0.2649 -0.9199

PART 32
OFFSET  21.1484  1.0514 -14.9634
X -0.8220 -0.5602 -0.1028
Y -0.5044  0.7998 -0.3254
Z  0.2645 -0.2156 -0.9400

PART 33
OFFSET  20.2197  0.4148 -15.0863
X  0.9355 -0.0675  0.3468
Y  0.1624  0.9539 -0.2524
Z -0.3137  0.2924  0.9034

PART 34
OFFSET  21.3753  1.6897 -15.7660
X  0.3198 -0.2696 -0.9083
Y -0.5413  0.7348 -0.4087
Z  0.7776  0.6224  0.0891

PART 35
OFFSET  17.1117  2.5878 -17.0771
X  0.8264 -0.2894 -0.4831
Y  0.3775  0.9212  0.0940
Z  0.4178 -0.2601  0.8705

PART 36
OFFSET  16.0860  1.2629 -17.2392
X  0.8264 -0.2894 -0.4831
Y  0.3775  0.9212  0.0940
Z  0.4178 -0.2601  0.8705

PART 37
OFFSET  18.5382  1.6430 -15.1255
X  0.8264 -0.2894 -0.4831
Y  0.3775  0.9212  0.0940
Z  0.4178 -0.2601  0.8705

PART 38
OFFSET  18.0326  0.3993 -15.0291
X  0.8264 -0.2894 -0.4831
Y  0.3775  0.9212  0.0940
Z  0.4178 -0.2601  0.8705

PART 39
OFFSET  17.0899  0.2168 -15.7458
X  0.8264 -0.2894 -0.4831
Y  0.3775  0.9212  0.0940
Z  0.4178 -0.2601  0.8705

PART 40
OFFSET  10.8168 -2.6241 -7.3581
X  0.7407  0.5603 -0.3707
Y -0.6562  0.4848 -0.5783
Z -0.1443  0.6715  0.7268

PART 41
OFFSET  10.8168 -2.6241 -7.3581
X  0.7407  0.5603 -0.3707
Y -0.6562  0.4848 -0.5783
Z -0.1443  0.6715  0.7268

PART 42
OFFSET  13.8863 -0.0693 -8.7250
X  0.7407  0.5603 -0.3707
Y -0.6562  0.4848 -0.5783
Z -0.1443  0.6715  0.7268

PART 43
OFFSET  15.9569  2.0714 -7.8068
X  0.7407  0.5603 -0.3707
Y -0.6562  0.4848 -0.5783
Z -0.1443  0.6715  0.7268

PART 44
OFFSET -3.5060 -7.9373 -3.1869
X -0.2981  0.0857  0.9507
Y -0.4384 -0.8970 -0.0566
Z  0.8479 -0.4337  0.3049

PART 45
OFFSET  0.0987 -8.9732 -14.6845
X -0.6553 -0.1165 -0.7463
Y  0.7534 -0.0289 -0.6570
Z  0.0550 -0.9928  0.1067

PART 46
OFFSET  5.6722 -7.9822 -8.3366
X -0.6553 -0.1165 -0.7463
Y  0.7061  0.2565 -0.6600
Z  0.2683 -0.9595 -0.0858

PART 47
OFFSET  5.9944 -6.6568 -6.8995
X -0.6599 -0.1136 -0.7427
Y -0.0640  0.9934 -0.0951
Z  0.7486 -0.0153 -0.6628

PART 48
OFFSET  5.5567 -7.1865 -5.9179
X -0.6599 -0.1136 -0.7427
Y -0.0640  0.9934 -0.0951
Z  0.7486 -0.0153 -0.6628

PART 49
OFFSET  5.8572 -8.4961 -5.8439
X -0.6599 -0.1136 -0.7427
Y -0.0640  0.9934 -0.0951
Z  0.7486 -0.0153 -0.6628

PART 50
OFFSET  7.6811 -7.6249 -6.0485
X -0.7380 -0.5657  0.3680
Y  0.1434 -0.6643 -0.7336
Z  0.6594 -0.4886  0.5713

PART 51
OFFSET  7.6039 -6.5288 -5.7407
X -0.1245 -0.9732  0.1935
Y  0.1942 -0.2151 -0.9571
Z  0.9730 -0.0816  0.2158

PART 52
OFFSET  7.7991 -4.4028 -6.0746
X -0.4790 -0.3437  0.8077
Y  0.0469 -0.9289 -0.3674
Z  0.8766 -0.1381  0.4611

PART 53
OFFSET  8.4770 -3.8879 -7.4521
X -0.2499  0.3888  0.8868
Y -0.2612 -0.9089  0.3249
Z  0.9324 -0.1504  0.3288

PART 54
OFFSET  8.7091 -4.2861 -8.4316
X -0.8372  0.1964  0.5104
Y -0.4857  0.1617 -0.8590
Z -0.2512 -0.9671 -0.0400

PART 55
OFFSET  8.3258 -7.7588 -7.2609
X -0.5508 -0.3144  0.7731
Y  0.8192 -0.3810  0.4287
Z  0.1598  0.8695  0.4674

PART 56
OFFSET  9.4862 -6.8790 -8.9825
X  0.4865 -0.6557  0.5774
Y  0.7703  0.0101 -0.6376
Z  0.4122  0.7550  0.5100

PART 57
OFFSET  8.7975 -5.9506 -9.8000
X  0.9086 -0.3171 -0.2719
Y -0.0202  0.6167 -0.7870
Z  0.4172  0.7205  0.5539

PART 58
OFFSET  7.9919 -5.6695 -9.5590
X  0.4973  0.2766 -0.8223
Y -0.7664  0.5843 -0.2669
Z  0.4067  0.7629  0.5025

PART 59
OFFSET  7.5195 -5.9323 -8.7777
X  0.0419 -0.6887  0.7238
Y -0.8472  0.3596  0.3912
Z -0.5297 -0.6296 -0.5684

PART 60
OFFSET  8.4849 -7.2611 -6.7745
X -0.6329 -0.4369  0.6392
Y  0.7736 -0.3902  0.4993
Z  0.0313  0.8105  0.5850

PART 61
OFFSET  10.1399 -6.2561 -8.5093
X  0.4778 -0.5747  0.6644
Y  0.8010 -0.0256 -0.5982
Z  0.3608  0.8180  0.4481

PART 62
OFFSET  9.3264 -5.2777 -9.6405
X  0.8932 -0.1620 -0.4194
Y -0.2604  0.5741 -0.7763
Z  0.3665  0.8026  0.4706

PART 63
OFFSET  8.0885 -5.0532 -9.0592
X  0.3454  0.3564 -0.8681
Y -0.8662  0.4771 -0.1488
Z  0.3611  0.8034  0.4735

PART 64
OFFSET  7.7138 -5.4397 -8.1176
X  0.2295 -0.5250  0.8196
Y -0.9223  0.1516  0.3554
Z -0.3109 -0.8375 -0.4494

PART 65
OFFSET  4.8420 -9.6795 -3.5905
X -0.5387 -0.5397  0.6470
Y -0.8393  0.2768 -0.4679
Z  0.0734 -0.7951 -0.6021

PART 66
OFFSET  10.6935 -5.1013 -6.7168
X -0.6845 -0.4163  0.5985
Y  0.7193 -0.5195  0.4613
Z  0.1189  0.7462  0.6550

PART 67
OFFSET  11.8987 -4.3684 -7.7705
X -0.6601 -0.4282  0.6172
Y  0.7466 -0.4648  0.4760
Z  0.0830  0.7750  0.6265

PART 68
OFFSET  12.7061 -3.8008 -8.4828
X -0.6660 -0.4801  0.5709
Y  0.7441 -0.4809  0.4637
Z  0.0519  0.7337  0.6775

PART 69
OFFSET  13.4584 -3.2585 -9.1276
X -0.4403  0.7968 -0.4139
Y  0.8449  0.2116 -0.4914
Z -0.3039 -0.5660 -0.7663

PART 70
OFFSET  10.6521 -5.7946 -7.5759
X  0.3610 -0.5705  0.7377
Y  0.9141  0.0600 -0.4009
Z  0.1844  0.8191  0.5432

PART 71
OFFSET  9.9468 -4.6801 -9.0170
X  0.9801 -0.1224 -0.1561
Y -0.0694  0.5257 -0.8478
Z  0.1858  0.8418  0.5068

PART 72
OFFSET  8.5152 -4.5014 -8.7890
X  0.4417  0.3601 -0.8217
Y -0.8835  0.3337 -0.3287
Z  0.1558  0.8712  0.4656

PART 73
OFFSET  8.0133 -4.9152 -7.8618
X  0.2157 -0.5450  0.8102
Y -0.9462  0.0884  0.3113
Z -0.2413 -0.8338 -0.4966

PART 74
OFFSET  5.9944 -6.6568 -6.8995
X -0.6599 -0.1136 -0.7427
Y -0.0640  0.9934 -0.0951
Z  0.7486 -0.0153 -0.6628

PART 75
OFFSET  5.5566 -7.1863 -5.9178
X -0.6599 -0.1136 -0.7427
Y -0.0640  0.9934 -0.0951
Z  0.7486 -0.0153 -0.6628

PART 76
