// Export filename: `C:\projects\cod\t5\xanim_export\t5_viewmodels\ak74u\ak74u_grip_putaway.XANIM_EXPORT`
// Source filename: `D:\projects\devanim\t5\animation_assets\viewmodels\ak74u/t5_viewmodel_ak74u_animated.fbx`
// Export time: Sat Aug 28 17:51:43 2010

ANIMATION
VERSION 3

NUMPARTS 80
PART 0 "tag_ads"
PART 1 "tag_torso"
PART 2 "J_Shoulder_LE"
PART 3 "J_Elbow_LE"
PART 4 "J_WristTwist_LE"
PART 5 "J_Sleave_Reshape_Bottom_LE_1"
PART 6 "J_Sleave_Reshape_Bottom_LE_2"
PART 7 "J_Sleave_Reshape_Top_LE_1"
PART 8 "J_Sleave_Reshape_Top_LE_2"
PART 9 "J_Sleave_Reshape_Top_LE_3"
PART 10 "J_Wrist_LE"
PART 11 "J_Thumb_LE_0"
PART 12 "J_Thumb_LE_1"
PART 13 "J_Thumb_LE_2"
PART 14 "J_Thumb_LE_3"
PART 15 "J_PinkyPalm_LE"
PART 16 "J_Pinky_LE_0"
PART 17 "J_Pinky_LE_1"
PART 18 "J_Pinky_LE_2"
PART 19 "J_Pinky_LE_3"
PART 20 "J_RingPalm_LE"
PART 21 "J_Ring_LE_0"
PART 22 "J_Ring_LE_1"
PART 23 "J_Ring_LE_2"
PART 24 "J_Ring_LE_3"
PART 25 "J_Webbing_LE"
PART 26 "J_Index_LE_0"
PART 27 "J_Index_LE_1"
PART 28 "J_Index_LE_2"
PART 29 "J_Index_LE_3"
PART 30 "J_Mid_LE_0"
PART 31 "J_Mid_LE_1"
PART 32 "J_Mid_LE_2"
PART 33 "J_Mid_LE_3"
PART 34 "tag_knife_attach"
PART 35 "D_Sleave_Reshape_Bottom_LE_1"
PART 36 "D_Sleave_Reshape_Bottom_LE_2"
PART 37 "D_Sleave_Reshape_Top_LE_1"
PART 38 "D_Sleave_Reshape_Top_LE_2"
PART 39 "D_Sleave_Reshape_Top_LE_3"
PART 40 "tag_weapon"
PART 41 "J_Gun"
PART 42 "TAG_CLIP"
PART 43 "J_Bolt"
PART 44 "J_Shoulder_RI"
PART 45 "J_Elbow_RI"
PART 46 "J_WristTwist_RI"
PART 47 "J_Sleave_Reshape_Top_RI_3"
PART 48 "J_Sleave_Reshape_Top_RI_2"
PART 49 "J_Sleave_Reshape_Top_RI_1"
PART 50 "J_Wrist_RI"
PART 51 "J_Thumb_RI_0"
PART 52 "J_Thumb_RI_1"
PART 53 "J_Thumb_RI_2"
PART 54 "J_Thumb_RI_3"
PART 55 "J_PinkyPalm_RI"
PART 56 "J_Pinky_RI_0"
PART 57 "J_Pinky_RI_1"
PART 58 "J_Pinky_RI_2"
PART 59 "J_Pinky_RI_3"
PART 60 "J_RingPalm_RI"
PART 61 "J_Ring_RI_0"
PART 62 "J_Ring_RI_1"
PART 63 "J_Ring_RI_2"
PART 64 "J_Ring_RI_3"
PART 65 "J_Webbing_RI"
PART 66 "J_Index_RI_0"
PART 67 "J_Index_RI_1"
PART 68 "J_Index_RI_2"
PART 69 "J_Index_RI_3"
PART 70 "J_Mid_RI_0"
PART 71 "J_Mid_RI_1"
PART 72 "J_Mid_RI_2"
PART 73 "J_Mid_RI_3"
PART 74 "D_Sleave_Reshape_Top_RI_3"
PART 75 "D_Sleave_Reshape_Top_RI_2"
PART 76 "D_Sleave_Reshape_Top_RI_1"
PART 77 "tag_cambone"
PART 78 "tag_camera"
PART 79 "tag_gasmask"

FRAMERATE 30
NUMFRAMES 26

FRAME 3400
PART 0
OFFSET  0.0000 -0.0000 -0.0000
X  1.0000 -0.0000  0.0000
Y  0.0000  1.0000  0.0000
Z  0.0000 -0.0000  1.0000

PART 1
OFFSET -4.6318 -0.0000 -1.3770
X  1.0000 -0.0000  0.0000
Y  0.0000  1.0000  0.0000
Z  0.0000 -0.0000  1.0000

PART 2
OFFSET -1.6642  7.9373 -3.1869
X  0.7233 -0.2668 -0.6370
Y -0.1082 -0.9548  0.2770
Z -0.6821 -0.1315 -0.7194

PART 3
OFFSET  7.0828  4.7109 -10.8903
X  0.8419 -0.4587  0.2842
Y -0.3114  0.0172  0.9501
Z -0.4407 -0.8884 -0.1284

PART 4
OFFSET  14.2434  0.8092 -8.4727
X  0.8419 -0.4587  0.2842
Y -0.3424 -0.0470  0.9384
Z -0.4171 -0.8873 -0.1966

PART 5
OFFSET  16.4963  1.5160 -8.4668
X  0.8449 -0.4564  0.2789
Y  0.4428  0.8894  0.1139
Z -0.3000  0.0273  0.9535

PART 6
OFFSET  15.1663 -0.3265 -9.4711
X  0.8449 -0.4564  0.2789
Y  0.4428  0.8894  0.1139
Z -0.3000  0.0273  0.9535

PART 7
OFFSET  15.7460  0.6517 -6.4162
X  0.8449 -0.4564  0.2789
Y  0.4428  0.8894  0.1139
Z -0.3000  0.0273  0.9535

PART 8
OFFSET  15.0110 -0.4759 -6.4095
X  0.8449 -0.4564  0.2789
Y  0.4428  0.8894  0.1139
Z -0.3000  0.0273  0.9535

PART 9
OFFSET  14.7192 -0.8548 -7.5081
X  0.8449 -0.4564  0.2789
Y  0.4428  0.8894  0.1139
Z -0.3000  0.0273  0.9535

PART 10
OFFSET  16.8243 -0.5972 -7.6013
X  0.8454 -0.3940  0.3606
Y -0.3904  0.0049  0.9206
Z -0.3645 -0.9191 -0.1497

PART 11
OFFSET  16.6782 -1.1471 -6.6121
X  0.1769 -0.8655  0.4686
Y -0.5291  0.3178  0.7868
Z -0.8299 -0.3871 -0.4017

PART 12
OFFSET  16.9609 -3.0046 -5.5447
X  0.7292 -0.6256 -0.2774
Y -0.2044 -0.5859  0.7842
Z -0.6531 -0.5151 -0.5551

PART 13
OFFSET  18.0771 -4.0373 -6.1014
X  0.5254 -0.0018 -0.8509
Y  0.3954 -0.8850  0.2460
Z -0.7534 -0.4657 -0.4642

PART 14
OFFSET  18.6175 -4.0756 -7.0386
X  0.9533  0.1154 -0.2792
Y  0.1506  0.6196  0.7703
Z  0.2619 -0.7764  0.5733

PART 15
OFFSET  17.8841 -1.1216 -8.3121
X  0.9004 -0.3653 -0.2363
Y -0.4126 -0.8894 -0.1968
Z -0.1383  0.2747 -0.9515

PART 16
OFFSET  19.8766 -2.0916 -8.7286
X  0.1824 -0.9765  0.1148
Y -0.9743 -0.1638  0.1548
Z -0.1324 -0.1401 -0.9812

PART 17
OFFSET  20.1348 -3.4741 -8.5661
X -0.9452 -0.2896  0.1507
Y -0.3110  0.9391 -0.1462
Z -0.0992 -0.1851 -0.9777

PART 18
OFFSET  19.2968 -3.7308 -8.4325
X -0.8935  0.4466  0.0466
Y  0.4351  0.8867 -0.1563
Z -0.1112 -0.1194 -0.9866

PART 19
OFFSET  18.4479 -3.3065 -8.3881
X  0.4263 -0.8810  0.2051
Y  0.8894  0.3669 -0.2727
Z  0.1650  0.2987  0.9400

PART 20
OFFSET  17.8614 -1.0767 -7.6001
X  0.9222 -0.3820  0.0595
Y -0.3643 -0.9101 -0.1973
Z  0.1296  0.1603 -0.9785

PART 21
OFFSET  20.2822 -2.0243 -7.5866
X  0.0244 -0.9967 -0.0768
Y -0.9973 -0.0296  0.0672
Z -0.0693  0.0750 -0.9948

PART 22
OFFSET  20.3237 -3.7213 -7.7173
X -0.9898 -0.1318  0.0540
Y -0.1287  0.9901  0.0560
Z -0.0608  0.0485 -0.9970

PART 23
OFFSET  18.9519 -3.9039 -7.6425
X -0.6186  0.7824  0.0722
Y  0.7838  0.6208 -0.0125
Z -0.0546  0.0489 -0.9973

PART 24
OFFSET  18.2811 -3.0553 -7.5642
X  0.0563 -0.9933 -0.1011
Y  0.9983  0.0575 -0.0087
Z  0.0145 -0.1004  0.9948

PART 25
OFFSET  18.6151 -2.2967 -5.1081
X  0.7696 -0.6273  0.1196
Y  0.5789  0.7644  0.2839
Z -0.2695 -0.1492  0.9514

PART 26
OFFSET  19.9595 -1.7873 -5.4461
X  0.3284 -0.9432 -0.0502
Y -0.9288 -0.3127 -0.1990
Z  0.1720  0.1120 -0.9787

PART 27
OFFSET  20.5376 -3.4479 -5.5346
X -0.9210 -0.2730 -0.2780
Y -0.2894  0.9570  0.0187
Z  0.2609  0.0977 -0.9604

PART 28
OFFSET  19.4021 -3.7857 -5.8141
X -0.7592  0.6453 -0.0846
Y  0.6388  0.7637  0.0930
Z  0.1247  0.0165 -0.9921

PART 29
OFFSET  18.5446 -3.0568 -5.9097
X -0.2945 -0.8949 -0.3354
Y  0.8917 -0.3835  0.2405
Z -0.3438 -0.2283  0.9109

PART 30
OFFSET  20.2275 -1.9154 -6.5102
X  0.1439 -0.9895 -0.0094
Y -0.9835 -0.1420 -0.1117
Z  0.1092  0.0253 -0.9937

PART 31
OFFSET  20.5086 -3.8486 -6.5286
X -0.9930 -0.0691 -0.0957
Y -0.0748  0.9955  0.0573
Z  0.0913  0.0641 -0.9938

PART 32
OFFSET  19.0582 -3.9495 -6.6683
X -0.6009  0.7989  0.0264
Y  0.7912  0.5898  0.1616
Z  0.1136  0.1180 -0.9865

PART 33
OFFSET  18.3779 -3.0443 -6.6455
X -0.0519 -0.9968 -0.0604
Y  0.9980 -0.0539  0.0329
Z -0.0360 -0.0586  0.9976

PART 34
OFFSET  18.7712 -3.0687 -7.3478
X  0.0648  0.1353 -0.9887
Y  0.3645  0.9191  0.1497
Z  0.9289 -0.3701  0.0102

PART 35
OFFSET  16.1435  0.9469 -8.9640
X  0.8449 -0.4564  0.2789
Y  0.4428  0.8894  0.1139
Z -0.3000  0.0273  0.9535

PART 36
OFFSET  15.1663 -0.3265 -9.4711
X  0.8449 -0.4564  0.2789
Y  0.4428  0.8894  0.1139
Z -0.3000  0.0273  0.9535

PART 37
OFFSET  15.7460  0.6517 -6.4162
X  0.8449 -0.4564  0.2789
Y  0.4428  0.8894  0.1139
Z -0.3000  0.0273  0.9535

PART 38
OFFSET  15.0110 -0.4759 -6.4095
X  0.8449 -0.4564  0.2789
Y  0.4428  0.8894  0.1139
Z -0.3000  0.0273  0.9535

PART 39
OFFSET  14.7192 -0.8548 -7.5081
X  0.8449 -0.4564  0.2789
Y  0.4428  0.8894  0.1139
Z -0.3000  0.0273  0.9535

PART 40
OFFSET  7.7688 -2.6416 -4.8099
X  1.0000 -0.0000  0.0000
Y  0.0000  1.0000  0.0000
Z  0.0000 -0.0000  1.0000

PART 41
OFFSET  7.7688 -2.6416 -4.8099
X  1.0000 -0.0000  0.0000
Y  0.0000  1.0000  0.0000
Z  0.0000 -0.0000  1.0000

PART 42
OFFSET  11.9806 -2.6266 -4.5308
X  1.0000 -0.0000  0.0000
Y  0.0000  1.0000  0.0000
Z  0.0000 -0.0000  1.0000

PART 43
OFFSET  14.3735 -3.4784 -2.7246
X  1.0000 -0.0000  0.0000
Y  0.0000  1.0000  0.0000
Z  0.0000 -0.0000  1.0000

PART 44
OFFSET -13.9227 -7.9373 -3.1869
X -0.6053  0.0162  0.7958
Y -0.1718 -0.9789 -0.1107
Z  0.7772 -0.2037  0.5953

PART 45
OFFSET -6.6022 -8.1338 -12.8116
X -0.8222 -0.3196 -0.4710
Y  0.5121 -0.0542 -0.8572
Z  0.2484 -0.9460  0.2082

PART 46
OFFSET  0.3912 -5.4156 -8.8058
X -0.8222 -0.3196 -0.4710
Y  0.5374 -0.1634 -0.8273
Z  0.1874 -0.9334  0.3061

PART 47
OFFSET  0.9106 -3.8330 -7.7329
X -0.8259 -0.3166 -0.4664
Y -0.2534  0.9476 -0.1946
Z  0.5036 -0.0425 -0.8629

PART 48
OFFSET  0.8857 -4.2320 -6.6033
X -0.8259 -0.3166 -0.4664
Y -0.2534  0.9476 -0.1946
Z  0.5036 -0.0425 -0.8629

PART 49
OFFSET  1.4070 -5.4649 -6.4654
X -0.8259 -0.3166 -0.4664
Y -0.2534  0.9476 -0.1946
Z  0.5036 -0.0425 -0.8629

PART 50
OFFSET  2.9119 -4.4359 -7.3619
X -0.9546 -0.1418 -0.2621
Y  0.2850 -0.1775 -0.9420
Z  0.0871 -0.9739  0.2098

PART 51
OFFSET  3.0305 -3.8010 -6.4212
X -0.4986 -0.6783 -0.5397
Y  0.5783  0.2035 -0.7900
Z  0.6457 -0.7060  0.2908

PART 52
OFFSET  4.0128 -2.3183 -5.1938
X -0.9028 -0.3483  0.2521
Y -0.0610 -0.4767 -0.8770
Z  0.4256 -0.8071  0.4091

PART 53
OFFSET  5.4190 -1.6940 -5.6990
X -0.5336 -0.0214  0.8455
Y -0.6557 -0.6209 -0.4295
Z  0.5342 -0.7836  0.3173

PART 54
OFFSET  5.9827 -1.6245 -6.6205
X -0.8721  0.3596  0.3318
Y  0.0986  0.7934 -0.6007
Z -0.4792 -0.4912 -0.7274

PART 55
OFFSET  4.0072 -4.3092 -8.1912
X -0.9338 -0.2716  0.2329
Y  0.3213 -0.9230  0.2116
Z  0.1575  0.2724  0.9492

PART 56
OFFSET  6.0889 -3.5460 -8.6022
X -0.1064 -0.9920  0.0680
Y  0.9470 -0.1219 -0.2972
Z  0.3031  0.0328  0.9524

PART 57
OFFSET  6.2395 -2.1416 -8.6984
X  0.7704 -0.5952 -0.2284
Y  0.5756  0.8034 -0.1522
Z  0.2741 -0.0142  0.9616

PART 58
OFFSET  5.5564 -1.6139 -8.4959
X  0.9043  0.2998 -0.3040
Y -0.2988  0.9530  0.0509
Z  0.3049  0.0448  0.9513

PART 59
OFFSET  4.6973 -1.8987 -8.2071
X -0.5482 -0.8340  0.0630
Y -0.7690  0.5322  0.3543
Z -0.3290  0.1458 -0.9330

PART 60
OFFSET  4.0399 -4.2960 -7.4782
X -0.9690 -0.2439  0.0388
Y  0.2458 -0.9373  0.2469
Z -0.0239  0.2488  0.9683

PART 61
OFFSET  6.5638 -3.7206 -7.7173
X -0.1328 -0.9741  0.1828
Y  0.9405 -0.1821 -0.2870
Z  0.3128  0.1338  0.9403

PART 62
OFFSET  6.7899 -2.0621 -8.0285
X  0.8812 -0.4114 -0.2327
Y  0.3642  0.9048 -0.2204
Z  0.3012  0.1095  0.9472

PART 63
OFFSET  5.5686 -1.4920 -7.7060
X  0.8304  0.4610 -0.3130
Y -0.4723  0.8804  0.0436
Z  0.2956  0.1116  0.9488

PART 64
OFFSET  4.6680 -1.9919 -7.3665
X -0.3960 -0.8751  0.2782
Y -0.8751  0.4514  0.1743
Z -0.2781 -0.1744 -0.9446

PART 65
OFFSET -1.2553 -5.3980 -7.5437
X -0.9291 -0.3699 -0.0061
Y -0.3495  0.8829 -0.3136
Z  0.1213 -0.2892 -0.9496

PART 66
OFFSET  6.4488 -4.1115 -5.5522
X -0.9803 -0.1931 -0.0406
Y  0.1869 -0.9747  0.1229
Z -0.0633  0.1129  0.9916

PART 67
OFFSET  8.1748 -3.7715 -5.4807
X -0.9741 -0.2239 -0.0304
Y  0.2152 -0.9603  0.1773
Z -0.0689  0.1662  0.9837

PART 68
OFFSET  9.3549 -3.4893 -5.3840
X -0.9659 -0.2397 -0.0981
Y  0.2227 -0.9620  0.1579
Z -0.1323  0.1307  0.9826

PART 69
OFFSET  10.4459 -3.2185 -5.2731
X  0.0762  0.9832  0.1658
Y  0.9969 -0.0787  0.0085
Z  0.0214  0.1646 -0.9861

PART 70
OFFSET  6.6406 -4.1444 -6.6397
X -0.2627 -0.9406  0.2150
Y  0.9570 -0.2824 -0.0663
Z  0.1231  0.1883  0.9744

PART 71
OFFSET  7.1538 -2.3069 -7.0597
X  0.8288 -0.5596 -0.0009
Y  0.5392  0.7990 -0.2664
Z  0.1498  0.2203  0.9639

PART 72
OFFSET  5.9432 -1.4895 -7.0585
X  0.8851  0.3871 -0.2584
Y -0.4386  0.8795 -0.1846
Z  0.1558  0.2767  0.9482

PART 73
OFFSET  4.9394 -1.9293 -6.7726
X -0.4085 -0.8763  0.2554
Y -0.8912  0.4434  0.0957
Z -0.1971 -0.1885 -0.9621

PART 74
OFFSET  0.9106 -3.8330 -7.7328
X -0.8259 -0.3166 -0.4664
Y -0.2534  0.9476 -0.1946
Z  0.5036 -0.0425 -0.8629

PART 75
OFFSET  0.8856 -4.2318 -6.6032
X -0.8259 -0.3166 -0.4664
Y -0.2534  0.9476 -0.1946
Z  0.5036 -0.0425 -0.8629

PART 76
OFFSET  1.4071 -5.4649 -6.4655
X -0.8259 -0.3166 -0.4664
Y -0.2534  0.9476 -0.1946
Z  0.5036 -0.0425 -0.8629

PART 77
OFFSET  0.0000 -0.0000 -0.0000
X  1.0000 -0.0000  0.0000
Y  0.0000  1.0000  0.0000
Z  0.0000 -0.0000  1.0000

PART 78
OFFSET  0.0000 -0.0000 -0.0000
X  1.0000 -0.0000  0.0000
Y  0.0000  1.0000  0.0000
Z  0.0000 -0.0000  1.0000

PART 79
OFFSET  1.5404 -0.0000  4.1357
X  1.0000 -0.0000  0.0000
Y  0.0000  1.0000  0.0000
Z  0.0000 -0.0000  1.0000


FRAME 3401
PART 0
OFFSET  0.0000 -0.0000 -0.0000
X  1.0000 -0.0000  0.0000
Y  0.0000  1.0000  0.0000
Z  0.0000 -0.0000  1.0000

PART 1
OFFSET -4.6318 -0.0000 -1.3770
X  1.0000 -0.0000  0.0000
Y  0.0000  1.0000  0.0000
Z  0.0000 -0.0000  1.0000

PART 2
OFFSET -1.5848  7.9373 -3.5786
X  0.7281 -0.2607 -0.6339
Y -0.1066 -0.9567  0.2710
Z -0.6771 -0.1298 -0.7244

PART 3
OFFSET  7.2212  4.7847 -11.2452
X  0.8322 -0.4569  0.3141
Y -0.3415  0.0240  0.9396
Z -0.4368 -0.8892 -0.1361

PART 4
OFFSET  14.2994  0.8986 -8.5733
X  0.8322 -0.4569  0.3141
Y -0.3747 -0.0457  0.9260
Z -0.4087 -0.8883 -0.2092

PART 5
OFFSET  16.5513  1.6049 -8.5006
X  0.8354 -0.4546  0.3089
Y  0.4393  0.8900  0.1217
Z -0.3303  0.0340  0.9433

PART 6
OFFSET  15.2532 -0.2443 -9.5338
X  0.8354 -0.4546  0.3089
Y  0.4393  0.8900  0.1217
Z -0.3303  0.0340  0.9433

PART 7
OFFSET  15.7356  0.7552 -6.4690
X  0.8354 -0.4546  0.3089
Y  0.4393  0.8900  0.1217
Z -0.3303  0.0340  0.9433

PART 8
OFFSET  15.0004 -0.3721 -6.4778
X  0.8354 -0.4546  0.3089
Y  0.4393  0.8900  0.1217
Z -0.3303  0.0340  0.9433

PART 9
OFFSET  14.7436 -0.7587 -7.5824
X  0.8354 -0.4546  0.3089
Y  0.4393  0.8900  0.1217
Z -0.3303  0.0340  0.9433

PART 10
OFFSET  16.8507 -0.5022 -7.6103
X  0.8430 -0.3927  0.3677
Y -0.4012 -0.0037  0.9160
Z -0.3583 -0.9197 -0.1607

PART 11
OFFSET  16.6955 -1.0600 -6.6269
X  0.1756 -0.8681  0.4643
Y -0.5398  0.3095  0.7828
Z -0.8233 -0.3881 -0.4143

PART 12
OFFSET  16.9747 -2.9240 -5.5699
X  0.7354 -0.6201 -0.2733
Y -0.2108 -0.5926  0.7774
Z -0.6441 -0.5141 -0.5665

PART 13
OFFSET  18.1023 -3.9473 -6.1209
X  0.5354  0.0070 -0.8446
Y  0.3967 -0.8849  0.2442
Z -0.7457 -0.4658 -0.4765

PART 14
OFFSET  18.6538 -3.9761 -7.0519
X  0.9559  0.1220 -0.2671
Y  0.1385  0.6146  0.7766
Z  0.2589 -0.7793  0.5706

PART 15
OFFSET  17.9212 -1.0163 -8.3124
X  0.9048 -0.3593 -0.2283
Y -0.4059 -0.8899 -0.2081
Z -0.1284  0.2810 -0.9511

PART 16
OFFSET  19.9232 -1.9738 -8.7125
X  0.1857 -0.9764  0.1098
Y -0.9752 -0.1695  0.1421
Z -0.1201 -0.1335 -0.9837

PART 17
OFFSET  20.1861 -3.3562 -8.5570
X -0.9455 -0.2952  0.1374
Y -0.3138  0.9387 -0.1430
Z -0.0868 -0.1783 -0.9801

PART 18
OFFSET  19.3478 -3.6179 -8.4352
X -0.8961  0.4421  0.0394
Y  0.4326  0.8899 -0.1447
Z -0.0990 -0.1126 -0.9887

PART 19
OFFSET  18.4965 -3.1979 -8.3978
X  0.4281 -0.8805  0.2037
Y  0.8908  0.3731 -0.2595
Z  0.1525  0.2925  0.9440

PART 20
OFFSET  17.8900 -0.9768 -7.6004
X  0.9233 -0.3781  0.0676
Y -0.3576 -0.9104 -0.2082
Z  0.1403  0.1681 -0.9757

PART 21
OFFSET  20.3150 -1.9130 -7.5652
X  0.0301 -0.9960 -0.0838
Y -0.9979 -0.0348  0.0553
Z -0.0579  0.0820 -0.9949

PART 22
OFFSET  20.3662 -3.6087 -7.7079
X -0.9897 -0.1368  0.0413
Y -0.1342  0.9890  0.0617
Z -0.0493  0.0556 -0.9972

PART 23
OFFSET  18.9945 -3.7984 -7.6507
X -0.6231  0.7789  0.0706
Y  0.7809  0.6246  0.0013
Z -0.0431  0.0560 -0.9975

PART 24
OFFSET  18.3187 -2.9536 -7.5741
X  0.0623 -0.9922 -0.1077
Y  0.9981  0.0623  0.0035
Z  0.0033 -0.1077  0.9942

PART 25
OFFSET  18.6202 -2.2115 -5.1086
X  0.7711 -0.6245  0.1241
Y  0.5718  0.7650  0.2963
Z -0.2799 -0.1575  0.9470

PART 26
OFFSET  19.9659 -1.6933 -5.4271
X  0.3335 -0.9413 -0.0533
Y -0.9248 -0.3157 -0.2122
Z  0.1830  0.1200 -0.9758

PART 27
OFFSET  20.5531 -3.3505 -5.5209
X -0.9163 -0.2753 -0.2908
Y -0.2942  0.9555  0.0223
Z  0.2717  0.1060 -0.9565

PART 28
OFFSET  19.4226 -3.6916 -5.8163
X -0.7612  0.6423 -0.0889
Y  0.6340  0.7660  0.1061
Z  0.1362  0.0244 -0.9904

PART 29
OFFSET  18.5627 -2.9661 -5.9166
X -0.2862 -0.8937 -0.3454
Y  0.8906 -0.3811  0.2482
Z -0.3534 -0.2366  0.9050

PART 30
OFFSET  20.2470 -1.8124 -6.4888
X  0.1488 -0.9888 -0.0150
Y -0.9815 -0.1458 -0.1243
Z  0.1208  0.0332 -0.9921

PART 31
OFFSET  20.5377 -3.7439 -6.5181
X -0.9915 -0.0731 -0.1079
Y -0.0803  0.9947  0.0637
Z  0.1026  0.0719 -0.9921

PART 32
OFFSET  19.0895 -3.8507 -6.6756
X -0.6050  0.7958  0.0251
Y  0.7864  0.5923  0.1753
Z  0.1246  0.1258 -0.9842

PART 33
OFFSET  18.4046 -2.9489 -6.6542
X -0.0464 -0.9966 -0.0683
Y  0.9978 -0.0495  0.0442
Z -0.0475 -0.0661  0.9967

PART 34
OFFSET  18.8063 -2.9663 -7.3520
X  0.0757  0.1429 -0.9868
Y  0.3583  0.9197  0.1607
Z  0.9305 -0.3658  0.0184

PART 35
OFFSET  16.2143  1.0324 -9.0048
X  0.8354 -0.4546  0.3089
Y  0.4393  0.8900  0.1217
Z -0.3303  0.0340  0.9433

PART 36
OFFSET  15.2532 -0.2443 -9.5338
X  0.8354 -0.4546  0.3089
Y  0.4393  0.8900  0.1217
Z -0.3303  0.0340  0.9433

PART 37
OFFSET  15.7356  0.7552 -6.4690
X  0.8354 -0.4546  0.3089
Y  0.4393  0.8900  0.1217
Z -0.3303  0.0340  0.9433

PART 38
OFFSET  15.0004 -0.3721 -6.4778
X  0.8354 -0.4546  0.3089
Y  0.4393  0.8900  0.1217
Z -0.3303  0.0340  0.9433

PART 39
OFFSET  14.7436 -0.7587 -7.5824
X  0.8354 -0.4546  0.3089
Y  0.4393  0.8900  0.1217
Z -0.3303  0.0340  0.9433

PART 40
OFFSET  7.7729 -2.6099 -4.9410
X  0.9999  0.0047  0.0118
Y -0.0048  1.0000  0.0073
Z -0.0118 -0.0074  0.9999

PART 41
OFFSET  7.7729 -2.6099 -4.9410
X  0.9999  0.0047  0.0118
Y -0.0048  1.0000  0.0073
Z -0.0118 -0.0074  0.9999

PART 42
OFFSET  11.9809 -2.5771 -4.6121
X  0.9999  0.0047  0.0118
Y -0.0048  1.0000  0.0073
Z -0.0118 -0.0074  0.9999

PART 43
OFFSET  14.3565 -3.4308 -2.7841
X  0.9999  0.0047  0.0118
Y -0.0048  1.0000  0.0073
Z -0.0118 -0.0074  0.9999

PART 44
OFFSET -13.9227 -7.9373 -3.1869
X -0.6019  0.0163  0.7984
Y -0.1697 -0.9796 -0.1080
Z  0.7804 -0.2005  0.5923

PART 45
OFFSET -6.6436 -8.1340 -12.8429
X -0.8295 -0.3220 -0.4563
Y  0.4985 -0.0585 -0.8649
Z  0.2518 -0.9449  0.2091

PART 46
OFFSET  0.4119 -5.3954 -8.9620
X -0.8295 -0.3220 -0.4563
Y  0.5228 -0.1607 -0.8372
Z  0.1962 -0.9330  0.3016

PART 47
OFFSET  0.9480 -3.8073 -7.9055
X -0.8332 -0.3190 -0.4517
Y -0.2566  0.9466 -0.1953
Z  0.4899 -0.0468 -0.8705

PART 48
OFFSET  0.9411 -4.2006 -6.7736
X -0.8332 -0.3190 -0.4517
Y -0.2566  0.9466 -0.1953
Z  0.4899 -0.0468 -0.8705

PART 49
OFFSET  1.4647 -5.4328 -6.6378
X -0.8332 -0.3190 -0.4517
Y -0.2566  0.9466 -0.1953
Z  0.4899 -0.0468 -0.8705

PART 50
OFFSET  2.9550 -4.4082 -7.5632
X -0.9507 -0.1444 -0.2744
Y  0.2969 -0.1692 -0.9398
Z  0.0893 -0.9750  0.2037

PART 51
OFFSET  3.0595 -3.7797 -6.6165
X -0.4890 -0.6767 -0.5505
Y  0.5866  0.2121 -0.7816
Z  0.6457 -0.7051  0.2932

PART 52
OFFSET  4.0202 -2.3015 -5.3668
X -0.9041 -0.3544  0.2389
Y -0.0484 -0.4705 -0.8811
Z  0.4247 -0.8081  0.4082

PART 53
OFFSET  5.4292 -1.6669 -5.8507
X -0.5434 -0.0302  0.8389
Y -0.6476 -0.6208 -0.4418
Z  0.5342 -0.7834  0.3178

PART 54
OFFSET  6.0034 -1.5879 -6.7650
X -0.8777  0.3530  0.3241
Y  0.1018  0.7982 -0.5937
Z -0.4683 -0.4881 -0.7366

PART 55
OFFSET  4.0594 -4.2702 -8.3785
X -0.9352 -0.2777  0.2199
Y  0.3232 -0.9231  0.2086
Z  0.1450  0.2661  0.9530

PART 56
OFFSET  6.1420 -3.4942 -8.7593
X -0.1024 -0.9930  0.0595
Y  0.9510 -0.1153 -0.2869
Z  0.2917  0.0272  0.9561

PART 57
OFFSET  6.2871 -2.0884 -8.8435
X  0.7759 -0.5899 -0.2237
Y  0.5735  0.8073 -0.1395
Z  0.2628 -0.0200  0.9646

PART 58
OFFSET  5.5991 -1.5654 -8.6452
X  0.9063  0.3063 -0.2911
Y -0.3040  0.9511  0.0544
Z  0.2935  0.0392  0.9551

PART 59
OFFSET  4.7380 -1.8564 -8.3687
X -0.5448 -0.8370  0.0504
Y -0.7756  0.5259  0.3491
Z -0.3187  0.1511 -0.9357

PART 60
OFFSET  4.0836 -4.2621 -7.6651
X -0.9682 -0.2488  0.0256
Y  0.2474 -0.9380  0.2429
Z -0.0364  0.2415  0.9697

PART 61
OFFSET  6.6074 -3.6731 -7.8702
X -0.1303 -0.9761  0.1741
Y  0.9446 -0.1755 -0.2772
Z  0.3011  0.1283  0.9449

PART 62
OFFSET  6.8292 -2.0113 -8.1666
X  0.8859 -0.4055 -0.2253
Y  0.3624  0.9082 -0.2095
Z  0.2896  0.1039  0.9515

PART 63
OFFSET  5.6014 -1.4493 -7.8543
X  0.8318  0.4672 -0.2998
Y -0.4770  0.8778  0.0445
Z  0.2839  0.1060  0.9530

PART 64
OFFSET  4.6993 -1.9560 -7.5292
X -0.3950 -0.8790  0.2671
Y -0.8793  0.4460  0.1673
Z -0.2661 -0.1688 -0.9490

PART 65
OFFSET -1.2051 -5.3886 -7.8012
X -0.9271 -0.3742 -0.0198
Y -0.3500  0.8836 -0.3112
Z  0.1339 -0.2816 -0.9501

PART 66
OFFSET  6.4688 -4.0805 -5.7096
X -0.9789 -0.1974 -0.0536
Y  0.1901 -0.9747  0.1180
Z -0.0755  0.1053  0.9916

PART 67
OFFSET  8.1922 -3.7329 -5.6152
X -0.9726 -0.2282 -0.0435
Y  0.2177 -0.9606  0.1728
Z -0.0813  0.1586  0.9840

PART 68
OFFSET  9.3697 -3.4458 -5.5025
X -0.9635 -0.2435 -0.1113
Y  0.2254 -0.9621  0.1535
Z -0.1444  0.1228  0.9819

PART 69
OFFSET  10.4580 -3.1707 -5.3768
X  0.0695  0.9823  0.1739
Y  0.9971 -0.0741  0.0197
Z  0.0323  0.1720 -0.9846

PART 70
OFFSET  6.6735 -4.1045 -6.7950
X -0.2607 -0.9434  0.2050
Y  0.9591 -0.2774 -0.0571
Z  0.1107  0.1817  0.9771

PART 71
OFFSET  7.1827 -2.2615 -7.1954
X  0.8314 -0.5556  0.0048
Y  0.5384  0.8034 -0.2541
Z  0.1374  0.2139  0.9672

PART 72
OFFSET  5.9684 -1.4499 -7.2024
X  0.8862  0.3932 -0.2451
Y -0.4406  0.8788 -0.1833
Z  0.1433  0.2704  0.9520

PART 73
OFFSET  4.9634 -1.8965 -6.9317
X -0.4073 -0.8801  0.2442
Y -0.8944  0.4384  0.0884
Z -0.1849 -0.1824 -0.9657

PART 74
OFFSET  0.9480 -3.8073 -7.9055
X -0.8332 -0.3190 -0.4517
Y -0.2566  0.9466 -0.1953
Z  0.4899 -0.0468 -0.8705

PART 75
OFFSET  0.9410 -4.2004 -6.7736
X -0.8332 -0.3190 -0.4517
Y -0.2566  0.9466 -0.1953
Z  0.4899 -0.0468 -0.8705

PART 76
OFFSET  1.4647 -5.4328 -6.6379
X -0.8332 -0.3190 -0.4517
Y -0.2566  0.9466 -0.1953
Z  0.4899 -0.0468 -0.8705

PART 77
OFFSET  0.0000 -0.0000 -0.0000
X  1.0000 -0.0000  0.0000
Y  0.0000  1.0000  0.0000
Z  0.0000 -0.0000  1.0000

PART 78
OFFSET  0.0000 -0.0000 -0.0000
X  1.0000 -0.0000  0.0000
Y  0.0000  1.0000  0.0000
Z  0.0000 -0.0000  1.0000

PART 79
OFFSET  1.5404 -0.0000  4.1357
X  1.0000 -0.0000  0.0000
Y  0.0000  1.0000  0.0000
Z  0.0000 -0.0000  1.0000


FRAME 3402
PART 0
OFFSET  0.0000 -0.0000 -0.0000
X  1.0000 -0.0000  0.0000
Y  0.0000  1.0000  0.0000
Z  0.0000 -0.0000  1.0000

PART 1
OFFSET -4.6318 -0.0000 -1.3770
X  1.0000 -0.0000  0.0000
Y  0.0000  1.0000  0.0000
Z  0.0000 -0.0000  1.0000

PART 2
OFFSET -1.3953  7.9373 -4.5132
X  0.7411 -0.2507 -0.6228
Y -0.1022 -0.9590  0.2645
Z -0.6635 -0.1324 -0.7363

PART 3
OFFSET  7.5679  4.9052 -12.0452
X  0.8077 -0.4489  0.3822
Y -0.4075  0.0435  0.9122
Z -0.4261 -0.8925 -0.1478

PART 4
OFFSET  14.4376  1.0869 -8.7942
X  0.8077 -0.4489  0.3822
Y -0.4474 -0.0445  0.8932
Z -0.3840 -0.8925 -0.2368

PART 5
OFFSET  16.6788  1.7979 -8.5766
X  0.8113 -0.4467  0.3772
Y  0.4296  0.8931  0.1336
Z -0.3965  0.0537  0.9165

PART 6
OFFSET  15.4572 -0.0748 -9.6598
X  0.8113 -0.4467  0.3772
Y  0.4296  0.8931  0.1336
Z -0.3965  0.0537  0.9165

PART 7
OFFSET  15.7205  0.9905 -6.5904
X  0.8113 -0.4467  0.3772
Y  0.4296  0.8931  0.1336
Z -0.3965  0.0537  0.9165

PART 8
OFFSET  14.9876 -0.1378 -6.6274
X  0.8113 -0.4467  0.3772
Y  0.4296  0.8931  0.1336
Z -0.3965  0.0537  0.9165

PART 9
OFFSET  14.8100 -0.5482 -7.7390
X  0.8113 -0.4467  0.3772
Y  0.4296  0.8931  0.1336
Z -0.3965  0.0537  0.9165

PART 10
OFFSET  16.9138 -0.2894 -7.6224
X  0.8363 -0.3903  0.3850
Y -0.4275 -0.0248  0.9037
Z -0.3432 -0.9203 -0.1876

PART 11
OFFSET  16.7365 -0.8667 -6.6542
X  0.1717 -0.8745  0.4536
Y -0.5657  0.2894  0.7721
Z -0.8065 -0.3892 -0.4451

PART 12
OFFSET  17.0057 -2.7467 -5.6231
X  0.7499 -0.6071 -0.2629
Y -0.2265 -0.6090  0.7602
Z -0.6216 -0.5105 -0.5942

PART 13
OFFSET  18.1602 -3.7476 -6.1593
X  0.5595  0.0281 -0.8283
Y  0.3994 -0.8849  0.2397
Z -0.7263 -0.4649 -0.5063

PART 14
OFFSET  18.7388 -3.7535 -7.0742
X  0.9618  0.1371 -0.2368
Y  0.1091  0.6017  0.7912
Z  0.2509 -0.7868  0.5638

PART 15
OFFSET  18.0099 -0.7791 -8.3021
X  0.9151 -0.3454 -0.2083
Y -0.3897 -0.8902 -0.2359
Z -0.1039  0.2970 -0.9492

PART 16
OFFSET  20.0332 -1.7076 -8.6607
X  0.1934 -0.9763  0.0976
Y -0.9770 -0.1825  0.1105
Z -0.0901 -0.1167 -0.9891

PART 17
OFFSET  20.3070 -3.0898 -8.5225
X -0.9457 -0.3077  0.1044
Y -0.3200  0.9377 -0.1352
Z -0.0563 -0.1613 -0.9853

PART 18
OFFSET  19.4685 -3.3626 -8.4299
X -0.9018  0.4317  0.0211
Y  0.4266  0.8970 -0.1160
Z -0.0690 -0.0956 -0.9930

PART 19
OFFSET  18.6118 -2.9525 -8.4098
X  0.4319 -0.8794  0.2002
Y  0.8937  0.3873 -0.2266
Z  0.1218  0.2768  0.9532

PART 20
OFFSET  17.9576 -0.7529 -7.5907
X  0.9251 -0.3694  0.0877
Y -0.3411 -0.9102 -0.2349
Z  0.1666  0.1874 -0.9680

PART 21
OFFSET  20.3909 -1.6637 -7.5016
X  0.0437 -0.9939 -0.1008
Y -0.9986 -0.0464  0.0255
Z -0.0300  0.0996 -0.9946

PART 22
OFFSET  20.4653 -3.3559 -7.6732
X -0.9889 -0.1481  0.0100
Y -0.1470  0.9862  0.0756
Z -0.0210  0.0733 -0.9971

PART 23
OFFSET  19.0947 -3.5612 -7.6594
X -0.6336  0.7708  0.0664
Y  0.7735  0.6328  0.0354
Z -0.0148  0.0738 -0.9972

PART 24
OFFSET  18.4075 -2.7252 -7.5874
X  0.0765 -0.9894 -0.1237
Y  0.9968  0.0729  0.0337
Z -0.0244 -0.1258  0.9918

PART 25
OFFSET  18.6291 -2.0252 -5.1013
X  0.7742 -0.6184  0.1353
Y  0.5544  0.7655  0.3265
Z -0.3055 -0.1778  0.9355

PART 26
OFFSET  19.9776 -1.4869 -5.3710
X  0.3454 -0.9365 -0.0604
Y -0.9147 -0.3216 -0.2448
Z  0.2098  0.1398 -0.9677

PART 27
OFFSET  20.5858 -3.1357 -5.4773
X -0.9044 -0.2797 -0.3223
Y -0.3054  0.9517  0.0309
Z  0.2981  0.1264 -0.9461

PART 28
OFFSET  19.4682 -3.4835 -5.8117
X -0.7655  0.6357 -0.0995
Y  0.6220  0.7707  0.1383
Z  0.1646  0.0440 -0.9854

PART 29
OFFSET  18.6035 -2.7654 -5.9241
X -0.2660 -0.8903 -0.3697
Y  0.8873 -0.3760  0.2671
Z -0.3768 -0.2569  0.8899

PART 30
OFFSET  20.2907 -1.5835 -6.4260
X  0.1602 -0.9867 -0.0284
Y -0.9758 -0.1540 -0.1555
Z  0.1491  0.0526 -0.9874

PART 31
OFFSET  20.6037 -3.5110 -6.4815
X -0.9870 -0.0817 -0.1381
Y -0.0932  0.9925  0.0793
Z  0.1305  0.0911 -0.9872

PART 32
OFFSET  19.1620 -3.6303 -6.6831
X -0.6143  0.7887  0.0218
Y  0.7743  0.5973  0.2088
Z  0.1517  0.1451 -0.9777

PART 33
OFFSET  18.4667 -2.7364 -6.6655
X -0.0332 -0.9956 -0.0876
Y  0.9966 -0.0396  0.0725
Z -0.0756 -0.0849  0.9935

PART 34
OFFSET  18.8886 -2.7367 -7.3514
X  0.1027  0.1618 -0.9815
Y  0.3432  0.9203  0.1876
Z  0.9336 -0.3561  0.0390

PART 35
OFFSET  16.3784  1.2143 -9.0911
X  0.8113 -0.4467  0.3772
Y  0.4296  0.8931  0.1336
Z -0.3965  0.0537  0.9165

PART 36
OFFSET  15.4572 -0.0748 -9.6598
X  0.8113 -0.4467  0.3772
Y  0.4296  0.8931  0.1336
Z -0.3965  0.0537  0.9165

PART 37
OFFSET  15.7205  0.9905 -6.5904
X  0.8113 -0.4467  0.3772
Y  0.4296  0.8931  0.1336
Z -0.3965  0.0537  0.9165

PART 38
OFFSET  14.9876 -0.1378 -6.6274
X  0.8113 -0.4467  0.3772
Y  0.4296  0.8931  0.1336
Z -0.3965  0.0537  0.9165

PART 39
OFFSET  14.8100 -0.5482 -7.7390
X  0.8113 -0.4467  0.3772
Y  0.4296  0.8931  0.1336
Z -0.3965  0.0537  0.9165

PART 40
OFFSET  7.7866 -2.5425 -5.2575
X  0.9990  0.0152  0.0411
Y -0.0162  0.9996  0.0252
Z -0.0407 -0.0258  0.9988

PART 41
OFFSET  7.7866 -2.5425 -5.2575
X  0.9990  0.0152  0.0411
Y -0.0162  0.9996  0.0252
Z -0.0407 -0.0258  0.9988

PART 42
OFFSET  11.9828 -2.4707 -4.8054
X  0.9990  0.0152  0.0411
Y -0.0162  0.9996  0.0252
Z -0.0407 -0.0258  0.9988

PART 43
OFFSET  14.3138 -3.3324 -2.9245
X  0.9990  0.0152  0.0411
Y -0.0162  0.9996  0.0252
Z -0.0407 -0.0258  0.9988

PART 44
OFFSET -13.9227 -7.9373 -3.1869
X -0.5948  0.0160  0.8037
Y -0.1644 -0.9811 -0.1021
Z  0.7869 -0.1928  0.5862

PART 45
OFFSET -6.7292 -8.1309 -12.9069
X -0.8466 -0.3273 -0.4196
Y  0.4645 -0.0696 -0.8828
Z  0.2597 -0.9424  0.2110

PART 46
OFFSET  0.4718 -5.3473 -9.3376
X -0.8466 -0.3273 -0.4196
Y  0.4859 -0.1538 -0.8604
Z  0.2171 -0.9323  0.2892

PART 47
OFFSET  1.0485 -3.7464 -8.3227
X -0.8501 -0.3243 -0.4149
Y -0.2640  0.9442 -0.1971
Z  0.4557 -0.0580 -0.8882

PART 48
OFFSET  1.0855 -4.1254 -7.1866
X -0.8501 -0.3243 -0.4149
Y -0.2640  0.9442 -0.1971
Z  0.4557 -0.0580 -0.8882

PART 49
OFFSET  1.6140 -5.3561 -7.0557
X -0.8501 -0.3243 -0.4149
Y -0.2640  0.9442 -0.1971
Z  0.4557 -0.0580 -0.8882

PART 50
OFFSET  3.0673 -4.3439 -8.0511
X -0.9407 -0.1495 -0.3045
Y  0.3259 -0.1487 -0.9336
Z  0.0943 -0.9775  0.1886

PART 51
OFFSET  3.1372 -3.7318 -7.0906
X -0.4652 -0.6717 -0.5766
Y  0.6066  0.2326 -0.7603
Z  0.6448 -0.7034  0.2992

PART 52
OFFSET  4.0446 -2.2665 -5.7871
X -0.9066 -0.3684  0.2060
Y -0.0175 -0.4548 -0.8904
Z  0.4217 -0.8109  0.4058

PART 53
OFFSET  5.4599 -1.6081 -6.2182
X -0.5671 -0.0513  0.8220
Y -0.6275 -0.6195 -0.4716
Z  0.5335 -0.7833  0.3191

PART 54
OFFSET  6.0594 -1.5063 -7.1137
X -0.8906  0.3376  0.3046
Y  0.1100  0.8100 -0.5760
Z -0.4412 -0.4795 -0.7586

PART 55
OFFSET  4.1932 -4.1792 -8.8312
X -0.9380 -0.2917  0.1875
Y  0.3273 -0.9232  0.2013
Z  0.1143  0.2502  0.9614

PART 56
OFFSET  6.2772 -3.3742 -9.1371
X -0.0930 -0.9949  0.0386
Y  0.9602 -0.0998 -0.2610
Z  0.2636  0.0128  0.9646

PART 57
OFFSET  6.4088 -1.9656 -9.1917
X  0.7886 -0.5773 -0.2115
Y  0.5682  0.8158 -0.1082
Z  0.2350 -0.0349  0.9714

PART 58
OFFSET  5.7096 -1.4537 -9.0042
X  0.9109  0.3212 -0.2590
Y -0.3161  0.9467  0.0626
Z  0.2653  0.0249  0.9639

PART 59
OFFSET  4.8442 -1.7589 -8.7582
X -0.5367 -0.8436  0.0194
Y -0.7913  0.5111  0.3357
Z -0.2931  0.1648 -0.9418

PART 60
OFFSET  4.1967 -4.1840 -8.1174
X -0.9657 -0.2595 -0.0072
Y  0.2508 -0.9396  0.2331
Z -0.0672  0.2233  0.9724

PART 61
OFFSET  6.7186 -3.5643 -8.2381
X -0.1243 -0.9804  0.1526
Y  0.9542 -0.1603 -0.2526
Z  0.2721  0.1142  0.9555

PART 62
OFFSET  6.9302 -1.8951 -8.4980
X  0.8965 -0.3918 -0.2066
Y  0.3582  0.9157 -0.1824
Z  0.2607  0.0896  0.9613

PART 63
OFFSET  5.6877 -1.3521 -8.2116
X  0.8348  0.4815 -0.2669
Y -0.4879  0.8717  0.0463
Z  0.2550  0.0916  0.9626

PART 64
OFFSET  4.7823 -1.8742 -7.9221
X -0.3927 -0.8879  0.2396
Y -0.8887  0.4334  0.1495
Z -0.2366 -0.1542 -0.9593

PART 65
OFFSET -1.0729 -5.3642 -8.4280
X -0.9219 -0.3837 -0.0535
Y -0.3507  0.8853 -0.3053
Z  0.1645 -0.2627 -0.9507

PART 66
OFFSET  6.5220 -4.0126 -6.0901
X -0.9746 -0.2068 -0.0857
Y  0.1975 -0.9746  0.1059
Z -0.1054  0.0863  0.9907

PART 67
OFFSET  8.2379 -3.6484 -5.9393
X -0.9683 -0.2378 -0.0760
Y  0.2233 -0.9612  0.1618
Z -0.1115  0.1397  0.9839

PART 68
OFFSET  9.4083 -3.3509 -5.7871
X -0.9571 -0.2517 -0.1437
Y  0.2317 -0.9623  0.1427
Z -0.1742  0.1032  0.9793

PART 69
OFFSET  10.4894 -3.0666 -5.6248
X  0.0534  0.9797  0.1935
Y  0.9968 -0.0638  0.0475
Z  0.0588  0.1903 -0.9800

PART 70
OFFSET  6.7583 -4.0146 -7.1693
X -0.2559 -0.9497  0.1803
Y  0.9634 -0.2661 -0.0340
Z  0.0803  0.1650  0.9830

PART 71
OFFSET  7.2582 -2.1592 -7.5215
X  0.8371 -0.5467  0.0190
Y  0.5365  0.8137 -0.2238
Z  0.1069  0.1976  0.9744

PART 72
OFFSET  6.0356 -1.3607 -7.5494
X  0.8885  0.4070 -0.2120
Y -0.4449  0.8772 -0.1802
Z  0.1126  0.2545  0.9605

PART 73
OFFSET  5.0282 -1.8229 -7.3162
X -0.4043 -0.8887  0.2163
Y -0.9014  0.4272  0.0701
Z -0.1547 -0.1666 -0.9738

PART 74
OFFSET  1.0485 -3.7464 -8.3227
X -0.8501 -0.3243 -0.4149
Y -0.2640  0.9442 -0.1971
Z  0.4557 -0.0580 -0.8882

PART 75
OFFSET  1.0854 -4.1252 -7.1865
X -0.8501 -0.3243 -0.4149
Y -0.2640  0.9442 -0.1971
Z  0.4557 -0.0580 -0.8882

PART 76
OFFSET  1.6141 -5.3561 -7.0558
X -0.8501 -0.3243 -0.4149
Y -0.2640  0.9442 -0.1971
Z  0.4557 -0.0580 -0.8882

PART 77
OFFSET  0.0000 -0.0000 -0.0000
X  1.0000 -0.0000  0.0000
Y  0.0000  1.0000  0.0000
Z  0.0000 -0.0000  1.0000

PART 78
OFFSET  0.0000 -0.0000 -0.0000
X  1.0000 -0.0000  0.0000
Y  0.0000  1.0000  0.0000
Z  0.0000 -0.0000  1.0000

PART 79
OFFSET  1.5404 -0.0000  4.1357
X  1.0000 -0.0000  0.0000
Y  0.0000  1.0000  0.0000
Z  0.0000 -0.0000  1.0000


FRAME 3403
PART 0
OFFSET  0.0000 -0.0000 -0.0000
X  1.0000 -0.0000  0.0000
Y  0.0000  1.0000  0.0000
Z  0.0000 -0.0000  1.0000

PART 1
OFFSET -4.6318 -0.0000 -1.3770
X  1.0000 -0.0000  0.0000
Y  0.0000  1.0000  0.0000
Z  0.0000 -0.0000  1.0000

PART 2
OFFSET -1.1687  7.9373 -5.6304
X  0.7625 -0.2396 -0.6010
Y -0.1014 -0.9617  0.2548
Z -0.6390 -0.1334 -0.7575

PART 3
OFFSET  8.0526  5.0392 -12.8988
X  0.7725 -0.4414  0.4566
Y -0.4824  0.0596  0.8739
Z -0.4129 -0.8953 -0.1669

PART 4
OFFSET  14.6230  1.2851 -9.0156
X  0.7725 -0.4414  0.4566
Y -0.5277 -0.0462  0.8482
Z -0.3533 -0.8961 -0.2686

PART 5
OFFSET  16.8385  2.0015 -8.6239
X  0.7765 -0.4393  0.4518
Y  0.4176  0.8956  0.1530
Z -0.4719  0.0699  0.8789

PART 6
OFFSET  15.7105  0.1087 -9.7718
X  0.7765 -0.4393  0.4518
Y  0.4176  0.8956  0.1530
Z -0.4719  0.0699  0.8789

PART 7
OFFSET  15.7167  1.2293 -6.7108
X  0.7765 -0.4393  0.4518
Y  0.4176  0.8956  0.1530
Z -0.4719  0.0699  0.8789

PART 8
OFFSET  14.9886  0.1000 -6.7887
X  0.7765 -0.4393  0.4518
Y  0.4176  0.8956  0.1530
Z -0.4719  0.0699  0.8789

PART 9
OFFSET  14.9044 -0.3305 -7.9037
X  0.7765 -0.4393  0.4518
Y  0.4176  0.8956  0.1530
Z -0.4719  0.0699  0.8789

PART 10
OFFSET  16.9912 -0.0681 -7.6160
X  0.8263 -0.3894  0.4069
Y -0.4603 -0.0506  0.8863
Z -0.3245 -0.9197 -0.2211

PART 11
OFFSET  16.7855 -0.6697 -6.6684
X  0.1658 -0.8827  0.4397
Y -0.5975  0.2648  0.7569
Z -0.7846 -0.3882 -0.4835

PART 12
OFFSET  17.0399 -2.5697 -5.6710
X  0.7666 -0.5921 -0.2485
Y -0.2469 -0.6290  0.7372
Z -0.5928 -0.5038 -0.6283

PART 13
OFFSET  18.2258 -3.5445 -6.1864
X  0.5893  0.0538 -0.8061
Y  0.4012 -0.8855  0.2343
Z -0.7012 -0.4615 -0.5434

PART 14
OFFSET  18.8378 -3.5225 -7.0790
X  0.9681  0.1537 -0.1977
Y  0.0722  0.5845  0.8082
Z  0.2397 -0.7967  0.5548

PART 15
OFFSET  18.1177 -0.5292 -8.2654
X  0.9264 -0.3298 -0.1818
Y -0.3696 -0.8890 -0.2704
Z -0.0725  0.3176 -0.9454

PART 16
OFFSET  20.1643 -1.4256 -8.5694
X  0.2018 -0.9759  0.0826
Y -0.9780 -0.1963  0.0699
Z -0.0520 -0.0949 -0.9941

PART 17
OFFSET  20.4501 -2.8073 -8.4525
X -0.9450 -0.3210  0.0621
Y -0.3265  0.9368 -0.1257
Z -0.0179 -0.1391 -0.9901

PART 18
OFFSET  19.6122 -3.0919 -8.3974
X -0.9073  0.4205 -0.0027
Y  0.4194  0.9043 -0.0796
Z -0.0311 -0.0734 -0.9968

PART 19
OFFSET  18.7502 -2.6924 -8.3999
X  0.4351 -0.8787  0.1962
Y  0.8965  0.4028 -0.1844
Z  0.0830  0.2561  0.9631

PART 20
OFFSET  18.0389 -0.5201 -7.5560
X  0.9258 -0.3605  0.1137
Y -0.3209 -0.9084 -0.2680
Z  0.1999  0.2117 -0.9567

PART 21
OFFSET  20.4784 -1.4043 -7.3971
X  0.0597 -0.9908 -0.1216
Y -0.9982 -0.0586 -0.0128
Z  0.0055  0.1222 -0.9925

PART 22
OFFSET  20.5801 -3.0911 -7.6042
X -0.9867 -0.1598 -0.0302
Y -0.1619  0.9825  0.0924
Z  0.0149  0.0961 -0.9953

PART 23
OFFSET  19.2126 -3.3126 -7.6461
X -0.6452  0.7617  0.0602
Y  0.7637  0.6407  0.0785
Z  0.0212  0.0966 -0.9951

PART 24
OFFSET  18.5129 -2.4865 -7.5807
X  0.0934 -0.9853 -0.1431
Y  0.9939  0.0837  0.0724
Z -0.0594 -0.1490  0.9870

PART 25
OFFSET  18.6337 -1.8417 -5.0728
X  0.7763 -0.6123  0.1500
Y  0.5324  0.7641  0.3642
Z -0.3376 -0.2029  0.9192

PART 26
OFFSET  19.9845 -1.2817 -5.2798
X  0.3591 -0.9308 -0.0688
Y -0.9009 -0.3264 -0.2859
Z  0.2437  0.1646 -0.9558

PART 27
OFFSET  20.6166 -2.9205 -5.4009
X -0.8883 -0.2827 -0.3620
Y -0.3181  0.9471  0.0411
Z  0.3313  0.1517 -0.9313

PART 28
OFFSET  19.5166 -3.2733 -5.7844
X -0.7692  0.6289 -0.1135
Y  0.6068  0.7745  0.1788
Z  0.2003  0.0687 -0.9773

PART 29
OFFSET  18.6478 -2.5630 -5.9126
X -0.2410 -0.8845 -0.3994
Y  0.8814 -0.3718  0.2914
Z -0.4062 -0.2818  0.8692

PART 30
OFFSET  20.3375 -1.3502 -6.3244
X  0.1735 -0.9838 -0.0448
Y -0.9673 -0.1617 -0.1952
Z  0.1848  0.0772 -0.9797

PART 31
OFFSET  20.6763 -3.2721 -6.4119
X -0.9802 -0.0900 -0.1765
Y -0.1085  0.9892  0.0982
Z  0.1658  0.1154 -0.9794

PART 32
OFFSET  19.2447 -3.4035 -6.6698
X -0.6245  0.7808  0.0168
Y  0.7586  0.6013  0.2510
Z  0.1859  0.1695 -0.9679

PART 33
OFFSET  18.5381 -2.5184 -6.6578
X -0.0175 -0.9936 -0.1113
Y  0.9936 -0.0297  0.1086
Z -0.1112 -0.1087  0.9878

PART 34
OFFSET  18.9851 -2.4979 -7.3273
X  0.1369  0.1856 -0.9730
Y  0.3245  0.9197  0.2211
Z  0.9359 -0.3460  0.0656

PART 35
OFFSET  16.5818  1.4085 -9.1512
X  0.7765 -0.4393  0.4518
Y  0.4176  0.8956  0.1530
Z -0.4719  0.0699  0.8789

PART 36
OFFSET  15.7105  0.1087 -9.7718
X  0.7765 -0.4393  0.4518
Y  0.4176  0.8956  0.1530
Z -0.4719  0.0699  0.8789

PART 37
OFFSET  15.7167  1.2293 -6.7108
X  0.7765 -0.4393  0.4518
Y  0.4176  0.8956  0.1530
Z -0.4719  0.0699  0.8789

PART 38
OFFSET  14.9886  0.1000 -6.7887
X  0.7765 -0.4393  0.4518
Y  0.4176  0.8956  0.1530
Z -0.4719  0.0699  0.8789

PART 39
OFFSET  14.9044 -0.3305 -7.9037
X  0.7765 -0.4393  0.4518
Y  0.4176  0.8956  0.1530
Z -0.4719  0.0699  0.8789

PART 40
OFFSET  7.8117 -2.4812 -5.6442
X  0.9966  0.0258  0.0785
Y -0.0296  0.9984  0.0472
Z -0.0772 -0.0494  0.9958

PART 41
OFFSET  7.8117 -2.4812 -5.6442
X  0.9966  0.0258  0.0785
Y -0.0296  0.9984  0.0472
Z -0.0772 -0.0494  0.9958

PART 42
OFFSET  11.9871 -2.3711 -5.0347
X  0.9966  0.0258  0.0785
Y -0.0296  0.9984  0.0472
Z -0.0772 -0.0494  0.9958

PART 43
OFFSET  14.2576 -3.2489 -3.0884
X  0.9966  0.0258  0.0785
Y -0.0296  0.9984  0.0472
Z -0.0772 -0.0494  0.9958

PART 44
OFFSET -13.9227 -7.9373 -3.1869
X -0.5886  0.0150  0.8083
Y -0.1574 -0.9828 -0.0964
Z  0.7929 -0.1840  0.5808

PART 45
OFFSET -6.8041 -8.1186 -12.9622
X -0.8664 -0.3324 -0.3725
Y  0.4208 -0.0846 -0.9032
Z  0.2687 -0.9393  0.2131

PART 46
OFFSET  0.5653 -5.2913 -9.7937
X -0.8664 -0.3324 -0.3725
Y  0.4372 -0.1450 -0.8876
Z  0.2410 -0.9319  0.2709

PART 47
OFFSET  1.1926 -3.6754 -8.8340
X -0.8697 -0.3293 -0.3677
Y -0.2723  0.9414 -0.1991
Z  0.4117 -0.0730 -0.9084

PART 48
OFFSET  1.2847 -4.0363 -7.6951
X -0.8697 -0.3293 -0.3677
Y -0.2723  0.9414 -0.1991
Z  0.4117 -0.0730 -0.9084

PART 49
OFFSET  1.8176 -5.2657 -7.5705
X -0.8697 -0.3293 -0.3677
Y -0.2723  0.9414 -0.1991
Z  0.4117 -0.0730 -0.9084

PART 50
OFFSET  3.2216 -4.2722 -8.6517
X -0.9269 -0.1533 -0.3427
Y  0.3620 -0.1233 -0.9240
Z  0.0994 -0.9805  0.1698

PART 51
OFFSET  3.2484 -3.6817 -7.6756
X -0.4351 -0.6635 -0.6086
Y  0.6313  0.2572 -0.7317
Z  0.6420 -0.7026  0.3069

PART 52
OFFSET  4.0887 -2.2365 -6.3063
X -0.9089 -0.3836  0.1637
Y  0.0210 -0.4342 -0.9006
Z  0.4165 -0.8151  0.4027

PART 53
OFFSET  5.5106 -1.5519 -6.6693
X -0.5964 -0.0769  0.7990
Y -0.6019 -0.6157 -0.5085
Z  0.5311 -0.7842  0.3209

PART 54
OFFSET  6.1414 -1.4224 -7.5394
X -0.9054  0.3201  0.2789
Y  0.1211  0.8244 -0.5530
Z -0.4069 -0.4669 -0.7852

PART 55
OFFSET  4.3734 -4.0764 -9.3854
X -0.9405 -0.3068  0.1457
Y  0.3311 -0.9238  0.1924
Z  0.0756  0.2292  0.9704

PART 56
OFFSET  6.4571 -3.2403 -9.5951
X -0.0819 -0.9966  0.0125
Y  0.9703 -0.0826 -0.2273
Z  0.2276 -0.0065  0.9737

PART 57
OFFSET  6.5731 -1.8294 -9.6128
X  0.8030 -0.5631 -0.1950
Y  0.5616  0.8246 -0.0684
Z  0.1993 -0.0546  0.9784

PART 58
OFFSET  5.8611 -1.3302 -9.4399
X  0.9158  0.3377 -0.2175
Y -0.3299  0.9412  0.0722
Z  0.2291  0.0056  0.9734

PART 59
OFFSET  4.9910 -1.6510 -9.2333
X -0.5264 -0.8500 -0.0197
Y -0.8094  0.4940  0.3175
Z -0.2601  0.1831 -0.9481

PART 60
OFFSET  4.3506 -4.0976 -8.6723
X -0.9615 -0.2705 -0.0490
Y  0.2537 -0.9417  0.2209
Z -0.1059  0.2000  0.9741

PART 61
OFFSET  6.8673 -3.4461 -8.6849
X -0.1176 -0.9851  0.1256
Y  0.9648 -0.1433 -0.2205
Z  0.2352  0.0953  0.9673

PART 62
OFFSET  7.0675 -1.7690 -8.8988
X  0.9084 -0.3765 -0.1819
Y  0.3532  0.9237 -0.1481
Z  0.2238  0.0703  0.9721

PART 63
OFFSET  5.8086 -1.2472 -8.6466
X  0.8380  0.4972 -0.2247
Y -0.5001  0.8646  0.0479
Z  0.2181  0.0722  0.9733

PART 64
OFFSET  4.8997 -1.7864 -8.4029
X -0.3902 -0.8977  0.2046
Y -0.8989  0.4195  0.1261
Z -0.1991 -0.1347 -0.9707

PART 65
OFFSET -0.8888 -5.3315 -9.2055
X -0.9145 -0.3930 -0.0965
Y -0.3502  0.8880 -0.2980
Z  0.2028 -0.2387 -0.9497

PART 66
OFFSET  6.5971 -3.9462 -6.5565
X -0.9681 -0.2161 -0.1266
Y  0.2056 -0.9744  0.0911
Z -0.1430  0.0621  0.9878

PART 67
OFFSET  8.3016 -3.5657 -6.3336
X -0.9618 -0.2472 -0.1174
Y  0.2292 -0.9621  0.1481
Z -0.1495  0.1156  0.9820

PART 68
OFFSET  9.4618 -3.2582 -6.1313
X -0.9479 -0.2594 -0.1849
Y  0.2382 -0.9626  0.1293
Z -0.2115  0.0785  0.9742

PART 69
OFFSET  10.5325 -2.9652 -5.9224
X  0.0340  0.9755  0.2175
Y  0.9951 -0.0533  0.0831
Z  0.0926  0.2136 -0.9725

PART 70
OFFSET  6.8731 -3.9205 -7.6259
X -0.2505 -0.9566  0.1491
Y  0.9672 -0.2540 -0.0042
Z  0.0419  0.1431  0.9888

PART 71
OFFSET  7.3626 -2.0518 -7.9171
X  0.8426 -0.5372  0.0378
Y  0.5342  0.8248 -0.1852
Z  0.0683  0.1762  0.9820

PART 72
OFFSET  6.1319 -1.2670 -7.9723
X  0.8905  0.4221 -0.1695
Y -0.4489  0.8760 -0.1767
Z  0.0739  0.2335  0.9696

PART 73
OFFSET  5.1225 -1.7462 -7.7873
X -0.4009 -0.8981  0.1809
Y -0.9087  0.4149  0.0462
Z -0.1166 -0.1458 -0.9824

PART 74
OFFSET  1.1926 -3.6754 -8.8339
X -0.8697 -0.3293 -0.3677
Y -0.2723  0.9414 -0.1991
Z  0.4117 -0.0730 -0.9084

PART 75
OFFSET  1.2846 -4.0361 -7.6950
X -0.8697 -0.3293 -0.3677
Y -0.2723  0.9414 -0.1991
Z  0.4117 -0.0730 -0.9084

PART 76
OFFSET  1.8177 -5.2657 -7.5706
X -0.8697 -0.3293 -0.3677
Y -0.2723  0.9414 -0.1991
Z  0.4117 -0.0730 -0.9084

PART 77
OFFSET  0.0000 -0.0000 -0.0000
X  1.0000 -0.0000  0.0000
Y  0.0000  1.0000  0.0000
