// Export filename: `C:\projects\cod\t5\xanim_export\t5_viewmodels\ak74u\ak74u_grenadier_d2p_in.XANIM_EXPORT`
// Source filename: `D:\projects\devanim\t5\animation_assets\viewmodels\ak74u/t5_viewmodel_ak74u_animated2.fbx`
// Export time: Sat Aug 28 02:55:52 2010

ANIMATION
VERSION 3

NUMPARTS 80
PART 0 "tag_ads"
PART 1 "tag_torso"
PART 2 "J_Shoulder_LE"
PART 3 "J_Elbow_LE"
PART 4 "J_WristTwist_LE"
PART 5 "J_Sleave_Reshape_Bottom_LE_1"
PART 6 "J_Sleave_Reshape_Bottom_LE_2"
PART 7 "J_Sleave_Reshape_Top_LE_1"
PART 8 "J_Sleave_Reshape_Top_LE_2"
PART 9 "J_Sleave_Reshape_Top_LE_3"
PART 10 "J_Wrist_LE"
PART 11 "J_Thumb_LE_0"
PART 12 "J_Thumb_LE_1"
PART 13 "J_Thumb_LE_2"
PART 14 "J_Thumb_LE_3"
PART 15 "J_PinkyPalm_LE"
PART 16 "J_Pinky_LE_0"
PART 17 "J_Pinky_LE_1"
PART 18 "J_Pinky_LE_2"
PART 19 "J_Pinky_LE_3"
PART 20 "J_RingPalm_LE"
PART 21 "J_Ring_LE_0"
PART 22 "J_Ring_LE_1"
PART 23 "J_Ring_LE_2"
PART 24 "J_Ring_LE_3"
PART 25 "J_Webbing_LE"
PART 26 "J_Index_LE_0"
PART 27 "J_Index_LE_1"
PART 28 "J_Index_LE_2"
PART 29 "J_Index_LE_3"
PART 30 "J_Mid_LE_0"
PART 31 "J_Mid_LE_1"
PART 32 "J_Mid_LE_2"
PART 33 "J_Mid_LE_3"
PART 34 "tag_knife_attach"
PART 35 "D_Sleave_Reshape_Bottom_LE_1"
PART 36 "D_Sleave_Reshape_Bottom_LE_2"
PART 37 "D_Sleave_Reshape_Top_LE_1"
PART 38 "D_Sleave_Reshape_Top_LE_2"
PART 39 "D_Sleave_Reshape_Top_LE_3"
PART 40 "tag_weapon"
PART 41 "J_Gun"
PART 42 "TAG_CLIP"
PART 43 "J_Bolt"
PART 44 "J_Shoulder_RI"
PART 45 "J_Elbow_RI"
PART 46 "J_WristTwist_RI"
PART 47 "J_Sleave_Reshape_Top_RI_3"
PART 48 "J_Sleave_Reshape_Top_RI_2"
PART 49 "J_Sleave_Reshape_Top_RI_1"
PART 50 "J_Wrist_RI"
PART 51 "J_Thumb_RI_0"
PART 52 "J_Thumb_RI_1"
PART 53 "J_Thumb_RI_2"
PART 54 "J_Thumb_RI_3"
PART 55 "J_PinkyPalm_RI"
PART 56 "J_Pinky_RI_0"
PART 57 "J_Pinky_RI_1"
PART 58 "J_Pinky_RI_2"
PART 59 "J_Pinky_RI_3"
PART 60 "J_RingPalm_RI"
PART 61 "J_Ring_RI_0"
PART 62 "J_Ring_RI_1"
PART 63 "J_Ring_RI_2"
PART 64 "J_Ring_RI_3"
PART 65 "J_Webbing_RI"
PART 66 "J_Index_RI_0"
PART 67 "J_Index_RI_1"
PART 68 "J_Index_RI_2"
PART 69 "J_Index_RI_3"
PART 70 "J_Mid_RI_0"
PART 71 "J_Mid_RI_1"
PART 72 "J_Mid_RI_2"
PART 73 "J_Mid_RI_3"
PART 74 "D_Sleave_Reshape_Top_RI_3"
PART 75 "D_Sleave_Reshape_Top_RI_2"
PART 76 "D_Sleave_Reshape_Top_RI_1"
PART 77 "tag_cambone"
PART 78 "tag_camera"
PART 79 "tag_gasmask"

FRAMERATE 30
NUMFRAMES 11

FRAME 1900
PART 0
OFFSET  0.0000 -0.0000 -0.0000
X  1.0000 -0.0000  0.0000
Y  0.0000  1.0000  0.0000
Z  0.0000 -0.0000  1.0000

PART 1
OFFSET -4.6318 -0.0000 -1.3770
X  1.0000 -0.0000  0.0000
Y  0.0000  1.0000  0.0000
Z  0.0000 -0.0000  1.0000

PART 2
OFFSET -3.5060  7.9373 -3.1869
X  0.8164 -0.2348 -0.5277
Y -0.2248 -0.9708  0.0841
Z -0.5320  0.0500 -0.8453

PART 3
OFFSET  6.3669  5.0981 -9.5686
X  0.8164 -0.2346 -0.5277
Y  0.3431 -0.5379  0.7700
Z -0.4644 -0.8097 -0.3587

PART 4
OFFSET  13.3110  3.1029 -14.0565
X  0.8164 -0.2346 -0.5277
Y  0.5339  0.6548  0.5350
Z  0.2200 -0.7185  0.6598

PART 5
OFFSET  15.1147  4.4146 -14.8320
X  0.8156 -0.2291 -0.5313
Y  0.4571  0.8180  0.3490
Z  0.3546 -0.5276  0.7720

PART 6
OFFSET  13.3690  2.9490 -15.8204
X  0.8156 -0.2291 -0.5313
Y  0.4571  0.8180  0.3490
Z  0.3546 -0.5276  0.7720

PART 7
OFFSET  15.7542  2.4910 -13.6464
X  0.8156 -0.2291 -0.5313
Y  0.4571  0.8180  0.3490
Z  0.3546 -0.5276  0.7720

PART 8
OFFSET  15.1317  1.3256 -13.9027
X  0.8156 -0.2291 -0.5313
Y  0.4571  0.8180  0.3490
Z  0.3546 -0.5276  0.7720

PART 9
OFFSET  14.2073  1.4408 -14.6564
X  0.8156 -0.2291 -0.5313
Y  0.4571  0.8180  0.3490
Z  0.3546 -0.5276  0.7720

PART 10
OFFSET  15.8139  2.3838 -15.6741
X  0.6474  0.6461  0.4043
Y -0.6526  0.1959  0.7319
Z  0.3937 -0.7377  0.5485

PART 11
OFFSET  15.6370  2.5606 -14.5607
X  0.1917 -0.1023  0.9761
Y -0.9727  0.1126  0.2028
Z -0.1307 -0.9884 -0.0779

PART 12
OFFSET  15.9463  2.2962 -12.4384
X  0.9586  0.1086  0.2632
Y -0.2517 -0.1085  0.9617
Z  0.1330 -0.9881 -0.0767

PART 13
OFFSET  17.5237  2.3672 -12.0795
X  0.7377  0.0275 -0.6745
Y  0.6750 -0.0421  0.7366
Z -0.0081 -0.9987 -0.0496

PART 14
OFFSET  18.3326  2.3505 -12.7987
X  0.6889  0.6532 -0.3143
Y -0.6219  0.7554  0.2067
Z  0.3724  0.0530  0.9265

PART 15
OFFSET  17.1401  2.5716 -16.0049
X  0.9203  0.3862 -0.0628
Y  0.3637 -0.7852  0.5011
Z  0.1442 -0.4840 -0.8631

PART 16
OFFSET  19.2314  3.4136 -15.9588
X  0.2009 -0.5781  0.7909
Y -0.8799 -0.4614 -0.1138
Z  0.4307 -0.6730 -0.6013

PART 17
OFFSET  19.5158  2.5952 -14.8391
X -0.8155 -0.5469  0.1892
Y -0.4216  0.3375 -0.8416
Z  0.3964 -0.7661 -0.5059

PART 18
OFFSET  18.7927  2.1102 -14.6714
X -0.7754 -0.5818  0.2456
Y -0.5083  0.3442 -0.7894
Z  0.3747 -0.7369 -0.5626

PART 19
OFFSET  18.0561  1.5575 -14.4380
X  0.8579  0.3355  0.3891
Y  0.1626  0.5411 -0.8251
Z -0.4873  0.7712  0.4097

PART 20
OFFSET  16.7938  2.9470 -15.5061
X  0.8189  0.5502  0.1633
Y  0.4086 -0.7587  0.5074
Z  0.4031 -0.3488 -0.8461

PART 21
OFFSET  18.9700  4.3400 -15.2193
X  0.3892 -0.6427  0.6600
Y -0.8412 -0.5399 -0.0298
Z  0.3755 -0.5436 -0.7507

PART 22
OFFSET  19.6325  3.2458 -14.0957
X -0.7372 -0.6665  0.1111
Y -0.5500  0.4964 -0.6716
Z  0.3924 -0.5562 -0.7325

PART 23
OFFSET  18.6108  2.3222 -13.9417
X -0.8218 -0.5696 -0.0162
Y -0.4085  0.6087 -0.6801
Z  0.3973 -0.5523 -0.7329

PART 24
OFFSET  17.7196  1.7044 -13.9593
X  0.9262  0.0918  0.3658
Y  0.1196  0.8483 -0.5158
Z -0.3576  0.5214  0.7747

PART 25
OFFSET  16.9845  4.2912 -12.9717
X  0.8448  0.3649  0.3913
Y -0.2138  0.9007 -0.3783
Z -0.4905  0.2359  0.8389

PART 26
OFFSET  17.6981  5.3233 -13.7506
X  0.6502 -0.5847  0.4851
Y -0.6921 -0.7193  0.0607
Z  0.3134 -0.3751 -0.8724

PART 27
OFFSET  18.8429  4.2938 -12.8966
X -0.5333 -0.8416  0.0857
Y -0.7515  0.4248 -0.5047
Z  0.3883 -0.3336 -0.8590

PART 28
OFFSET  18.1710  3.2909 -12.7401
X -0.7719 -0.6330  0.0591
Y -0.5439  0.6095 -0.5768
Z  0.3290 -0.4774 -0.8148

PART 29
OFFSET  17.2991  2.5760 -12.6734
X  0.8349 -0.4784  0.2722
Y  0.5227  0.8441 -0.1194
Z -0.1727  0.2419  0.9548

PART 30
OFFSET  18.4076  4.9095 -14.4894
X  0.3687 -0.7425  0.5593
Y -0.8483 -0.5147 -0.1240
Z  0.3799 -0.4287 -0.8197

PART 31
OFFSET  19.1279  3.4590 -13.3968
X -0.6856 -0.7252  0.0629
Y -0.6372  0.5561 -0.5335
Z  0.3519 -0.4059 -0.8434

PART 32
OFFSET  18.1265  2.3997 -13.3049
X -0.8711 -0.4696 -0.1437
Y -0.3580  0.8076 -0.4686
Z  0.3361 -0.3568 -0.8716

PART 33
OFFSET  17.1425  1.8647 -13.4735
X  0.8751 -0.1329  0.4652
Y  0.3110  0.8911 -0.3304
Z -0.3707  0.4338  0.8212

PART 34
OFFSET  18.5208  2.9057 -14.1366
X  0.3802 -0.4126 -0.8278
Y -0.3937  0.7377 -0.5485
Z  0.8370  0.5344  0.1180

PART 35
OFFSET  14.5056  4.0695 -15.2852
X  0.8156 -0.2291 -0.5313
Y  0.4571  0.8180  0.3490
Z  0.3546 -0.5276  0.7720

PART 36
OFFSET  13.3690  2.9490 -15.8204
X  0.8156 -0.2291 -0.5313
Y  0.4571  0.8180  0.3490
Z  0.3546 -0.5276  0.7720

PART 37
OFFSET  15.7542  2.4910 -13.6464
X  0.8156 -0.2291 -0.5313
Y  0.4571  0.8180  0.3490
Z  0.3546 -0.5276  0.7720

PART 38
OFFSET  15.1317  1.3256 -13.9027
X  0.8156 -0.2291 -0.5313
Y  0.4571  0.8180  0.3490
Z  0.3546 -0.5276  0.7720

PART 39
OFFSET  14.2073  1.4408 -14.6564
X  0.8156 -0.2291 -0.5313
Y  0.4571  0.8180  0.3490
Z  0.3546 -0.5276  0.7720

PART 40
OFFSET  10.7208 -1.2765 -7.5804
X  0.7570  0.5117 -0.4063
Y -0.6468  0.4986 -0.5771
Z -0.0927  0.6997  0.7084

PART 41
OFFSET  10.7208 -1.2765 -7.5804
X  0.7570  0.5117 -0.4063
Y -0.6468  0.4986 -0.5771
Z -0.0927  0.6997  0.7084

PART 42
OFFSET  13.8736  1.0815 -9.1026
X  0.7570  0.5117 -0.4063
Y -0.6468  0.4986 -0.5771
Z -0.0927  0.6997  0.7084

PART 43
OFFSET  16.0685  3.1449 -8.3038
X  0.7570  0.5117 -0.4063
Y -0.6468  0.4986 -0.5771
Z -0.0927  0.6997  0.7084

PART 44
OFFSET -3.5060 -7.9373 -3.1869
X -0.3277  0.0031  0.9448
Y -0.3582 -0.9257 -0.1212
Z  0.8742 -0.3782  0.3045

PART 45
OFFSET  0.4570 -7.9753 -14.6130
X -0.6900 -0.1325 -0.7116
Y  0.7106  0.0626 -0.7008
Z  0.1374 -0.9892  0.0510

PART 46
OFFSET  6.3259 -6.8483 -8.5608
X -0.6900 -0.1325 -0.7116
Y  0.6929  0.1632 -0.7023
Z  0.2092 -0.9777 -0.0208

PART 47
OFFSET  6.6354 -5.5717 -7.0776
X -0.6946 -0.1302 -0.7075
Y -0.1457  0.9886 -0.0389
Z  0.7045  0.0761 -0.7056

PART 48
OFFSET  6.3019 -6.1808 -6.1010
X -0.6946 -0.1302 -0.7075
Y -0.1457  0.9886 -0.0389
Z  0.7045  0.0761 -0.7056

PART 49
OFFSET  6.7059 -7.4644 -6.1138
X -0.6946 -0.1302 -0.7075
Y -0.1457  0.9886 -0.0389
Z  0.7045  0.0761 -0.7056

PART 50
OFFSET  8.4412 -6.4421 -6.3794
X -0.6066 -0.7425  0.2840
Y  0.4179 -0.6017 -0.6807
Z  0.6763 -0.2942  0.6753

PART 51
OFFSET  8.0332 -5.4066 -6.1275
X  0.1113 -0.9710  0.2117
Y  0.3794 -0.1554 -0.9121
Z  0.9185  0.1819  0.3511

PART 52
OFFSET  7.7040 -3.3059 -6.5129
X -0.4816 -0.4593  0.7464
Y  0.3435 -0.8825 -0.3214
Z  0.8063  0.1016  0.5827

PART 53
OFFSET  8.4116 -2.6285 -7.8024
X -0.4685  0.3079  0.8281
Y -0.0549 -0.9457  0.3205
Z  0.8818  0.1047  0.4599

PART 54
OFFSET  8.8788 -2.9501 -8.7244
X -0.9236 -0.0349  0.3819
Y -0.3828  0.0257 -0.9235
Z  0.0224 -0.9991 -0.0371

PART 55
OFFSET  9.2653 -6.3986 -7.4850
X -0.5528 -0.4503  0.7011
Y  0.8206 -0.1478  0.5521
Z -0.1450  0.8806  0.4512

PART 56
OFFSET  10.3857 -5.2405 -9.0624
X  0.5548 -0.5015  0.6639
Y  0.8233  0.2158 -0.5249
Z  0.1199  0.8378  0.5326

PART 57
OFFSET  9.6003 -4.5305 -10.0023
X  0.9894 -0.0624 -0.1313
Y -0.0698  0.5886 -0.8054
Z  0.1275  0.8060  0.5780

PART 58
OFFSET  8.7231 -4.4752 -9.8859
X  0.5188  0.3995 -0.7558
Y -0.8473  0.3579 -0.3925
Z  0.1137  0.8440  0.5242

PART 59
OFFSET  8.2302 -4.8547 -9.1678
X  0.1186 -0.6523  0.7487
Y -0.9592  0.1197  0.2563
Z -0.2568 -0.7485 -0.6114

PART 60
OFFSET  9.2155 -5.8765 -7.0008
X -0.5794 -0.5903  0.5620
Y  0.7695 -0.1688  0.6160
Z -0.2688  0.7893  0.5520

PART 61
OFFSET  10.7761 -4.4653 -8.5278
X  0.5126 -0.4258  0.7457
Y  0.8563  0.1897 -0.4803
Z  0.0631  0.8847  0.4618

PART 62
OFFSET  9.9035 -3.7405 -9.7972
X  0.9548  0.0830 -0.2855
Y -0.2891  0.4833 -0.8263
Z  0.0694  0.8715  0.4855

PART 63
OFFSET  8.5802 -3.8555 -9.4016
X  0.3595  0.4358 -0.8252
Y -0.9310  0.2278 -0.2853
Z  0.0636  0.8708  0.4876

PART 64
OFFSET  8.1904 -4.3281 -8.5067
X  0.2404 -0.4443  0.8630
Y -0.9706 -0.1008  0.2185
Z -0.0101 -0.8902 -0.4555

PART 65
OFFSET  5.9257 -9.1814 -4.2598
X -0.4635 -0.6641  0.5866
Y -0.8065  0.0420 -0.5897
Z  0.3670 -0.7465 -0.5551

PART 66
OFFSET  10.7411 -3.2043 -6.7217
X -0.6135 -0.6264  0.4810
Y  0.7605 -0.3043  0.5736
Z -0.2129  0.7177  0.6630

PART 67
OFFSET  11.8212 -2.1015 -7.5685
X -0.5898 -0.6314  0.5035
Y  0.7676 -0.2447  0.5924
Z -0.2509  0.7359  0.6289

PART 68
OFFSET  12.5230 -1.2892 -8.1424
X -0.5671 -0.6824  0.4612
Y  0.7761 -0.2552  0.5766
Z -0.2757  0.6849  0.6744

PART 69
OFFSET  13.1635 -0.5184 -8.6633
X -0.5936  0.6452 -0.4810
Y  0.8048  0.4768 -0.3536
Z  0.0012 -0.5969 -0.8023

PART 70
OFFSET  11.0084 -3.8835 -7.5510
X  0.3896 -0.4530  0.8019
Y  0.9133  0.3025 -0.2728
Z -0.1190  0.8386  0.5315

PART 71
OFFSET  10.2474 -2.9985 -9.1175
X  0.9894  0.1445 -0.0144
Y -0.0839  0.4879 -0.8689
Z -0.1185  0.8609  0.4948

PART 72
OFFSET  8.8022 -3.2095 -9.0965
X  0.4436  0.4651 -0.7661
Y -0.8838  0.0850 -0.4602
Z -0.1489  0.8812  0.4488

PART 73
OFFSET  8.3002 -3.7425 -8.2323
X  0.2338 -0.4672  0.8526
Y -0.9703 -0.1680  0.1740
Z  0.0619 -0.8680 -0.4927

PART 74
OFFSET  6.6353 -5.5717 -7.0775
X -0.6946 -0.1302 -0.7075
Y -0.1457  0.9886 -0.0389
Z  0.7045  0.0761 -0.7056

PART 75
OFFSET  6.3018 -6.1806 -6.1010
X -0.6946 -0.1302 -0.7075
Y -0.1457  0.9886 -0.0389
Z  0.7045  0.0761 -0.7056

PART 76
OFFSET  6.7060 -7.4644 -6.1139
X -0.6946 -0.1302 -0.7075
Y -0.1457  0.9886 -0.0389
Z  0.7045  0.0761 -0.7056

PART 77
OFFSET  0.0000 -0.0000 -0.0000
X  1.0000 -0.0000  0.0000
Y  0.0000  1.0000  0.0000
Z  0.0000 -0.0000  1.0000

PART 78
OFFSET  0.0000 -0.0000 -0.0000
X  1.0000 -0.0000  0.0000
Y  0.0000  1.0000  0.0000
Z  0.0000 -0.0000  1.0000

PART 79
OFFSET  1.5404 -0.0000  4.1357
X  1.0000 -0.0000  0.0000
Y  0.0000  1.0000  0.0000
Z  0.0000 -0.0000  1.0000


FRAME 1901
PART 0
OFFSET  0.0000 -0.0000 -0.0000
X  1.0000 -0.0000  0.0000
Y  0.0000  1.0000  0.0000
Z  0.0000 -0.0000  1.0000

PART 1
OFFSET -4.6318 -0.0000 -1.3770
X  1.0000 -0.0000  0.0000
Y  0.0000  1.0000  0.0000
Z  0.0000 -0.0000  1.0000

PART 2
OFFSET -3.4367  7.9375 -4.0003
X  0.8292 -0.2345 -0.5074
Y -0.2312 -0.9703  0.0705
Z -0.5089  0.0588 -0.8588

PART 3
OFFSET  6.5912  5.1018 -10.1372
X  0.8292 -0.2343 -0.5074
Y  0.3200 -0.5453  0.7748
Z -0.4582 -0.8049 -0.3772

PART 4
OFFSET  13.6443  3.1091 -14.4530
X  0.8292 -0.2343 -0.5074
Y  0.5212  0.6519  0.5508
Z  0.2017 -0.7212  0.6627

PART 5
OFFSET  15.4738  4.4185 -15.1699
X  0.8286 -0.2288 -0.5110
Y  0.4512  0.8133  0.3674
Z  0.3315 -0.5350  0.7771

PART 6
OFFSET  13.7488  2.9683 -16.2158
X  0.8286 -0.2288 -0.5110
Y  0.4512  0.8133  0.3674
Z  0.3315 -0.5350  0.7771

PART 7
OFFSET  16.0729  2.4831 -13.9824
X  0.8286 -0.2288 -0.5110
Y  0.4512  0.8133  0.3674
Z  0.3315 -0.5350  0.7771

PART 8
OFFSET  15.4524  1.3224 -14.2643
X  0.8286 -0.2288 -0.5110
Y  0.4512  0.8133  0.3674
Z  0.3315 -0.5350  0.7771

PART 9
OFFSET  14.5490  1.4476 -15.0414
X  0.8286 -0.2288 -0.5110
Y  0.4512  0.8133  0.3674
Z  0.3315 -0.5350  0.7771

PART 10
OFFSET  16.1865  2.3909 -16.0086
X  0.6474  0.6435  0.4085
Y -0.6502  0.1867  0.7364
Z  0.3976 -0.7424  0.5393

PART 11
OFFSET  16.0134  2.5558 -14.8927
X  0.1957 -0.1119  0.9743
Y -0.9722  0.1081  0.2077
Z -0.1286 -0.9878 -0.0876

PART 12
OFFSET  16.3315  2.2701 -12.7745
X  0.9594  0.1082  0.2606
Y -0.2478 -0.1191  0.9615
Z  0.1351 -0.9870 -0.0875

PART 13
OFFSET  17.9102  2.3413 -12.4209
X  0.7351  0.0363 -0.6770
Y  0.6780 -0.0480  0.7335
Z -0.0059 -0.9982 -0.0599

PART 14
OFFSET  18.7163  2.3341 -13.1433
X  0.6861  0.6581 -0.3101
Y -0.6229  0.7516  0.2169
Z  0.3759  0.0443  0.9256

PART 15
OFFSET  17.5109  2.5854 -16.3424
X  0.9191  0.3891 -0.0623
Y  0.3676 -0.7895  0.4915
Z  0.1420 -0.4747 -0.8686

PART 16
OFFSET  19.6003  3.4320 -16.2957
X  0.2053 -0.5857  0.7841
Y -0.8792 -0.4624 -0.1152
Z  0.4300 -0.6657 -0.6099

PART 17
OFFSET  19.8910  2.6027 -15.1856
X -0.8135 -0.5508  0.1867
Y -0.4257  0.3452 -0.8364
Z  0.3963 -0.7599 -0.5153

PART 18
OFFSET  19.1697  2.1143 -15.0201
X -0.7730 -0.5862  0.2425
Y -0.5122  0.3511 -0.7839
Z  0.3744 -0.7302 -0.5716

PART 19
OFFSET  18.4353  1.5574 -14.7897
X  0.8586  0.3336  0.3892
Y  0.1581  0.5500 -0.8201
Z -0.4876  0.7657  0.4195

PART 20
OFFSET  17.1656  2.9547 -15.8385
X  0.8182  0.5505  0.1658
Y  0.4124 -0.7629  0.4980
Z  0.4006 -0.3391 -0.8512

PART 21
OFFSET  19.3395  4.3500 -15.5456
X  0.3932 -0.6485  0.6518
Y -0.8400 -0.5417 -0.0321
Z  0.3739 -0.5349 -0.7577

PART 22
OFFSET  20.0090  3.2459 -14.4360
X -0.7352 -0.6694  0.1071
Y -0.5538  0.5020 -0.6643
Z  0.3910 -0.5477 -0.7397

PART 23
OFFSET  18.9902  2.3182 -14.2876
X -0.8204 -0.5714 -0.0190
Y -0.4126  0.6147 -0.6722
Z  0.3958 -0.5437 -0.7401

PART 24
OFFSET  18.1004  1.6985 -14.3082
X  0.9274  0.0903  0.3631
Y  0.1156  0.8539 -0.5074
Z -0.3559  0.5125  0.7814

PART 25
OFFSET  17.3628  4.2731 -13.2910
X  0.8454  0.3629  0.3919
Y -0.2174  0.9040 -0.3681
Z -0.4878  0.2261  0.8432

PART 26
OFFSET  18.0709  5.3149 -14.0620
X  0.6535 -0.5881  0.4765
Y -0.6901 -0.7216  0.0559
Z  0.3110 -0.3653 -0.8774

PART 27
OFFSET  19.2215  4.2795 -13.2230
X -0.5309 -0.8437  0.0791
Y -0.7545  0.4282 -0.4974
Z  0.3858 -0.3237 -0.8639

PART 28
OFFSET  18.5526  3.2734 -13.0744
X -0.7702 -0.6354  0.0555
Y -0.5476  0.6141 -0.5683
Z  0.3270 -0.4681 -0.8209

PART 29
OFFSET  17.6827  2.5557 -13.0117
X  0.8371 -0.4792  0.2641
Y  0.5202  0.8466 -0.1126
Z -0.1696  0.2316  0.9579

PART 30
OFFSET  18.7786  4.9105 -14.8077
X  0.3727 -0.7473  0.5501
Y -0.8476 -0.5155 -0.1261
Z  0.3778 -0.4193 -0.8255

PART 31
OFFSET  19.5066  3.4506 -13.7330
X -0.6836 -0.7275  0.0580
Y -0.6406  0.5601 -0.5253
Z  0.3497 -0.3963 -0.8489

PART 32
OFFSET  18.5081  2.3880 -13.6482
X -0.8705 -0.4702 -0.1452
Y -0.3618  0.8115 -0.4589
Z  0.3336 -0.3469 -0.8765

PART 33
OFFSET  17.5248  1.8524 -13.8186
X  0.8773 -0.1356  0.4605
Y  0.3075  0.8953 -0.3223
Z -0.3686  0.4244  0.8271

PART 34
OFFSET  18.8979  2.9035 -14.4762
X  0.3780 -0.4031 -0.8335
Y -0.3976  0.7424 -0.5393
Z  0.8361  0.5352  0.1203

PART 35
OFFSET  14.8755  4.0795 -15.6418
X  0.8286 -0.2288 -0.5110
Y  0.4512  0.8133  0.3674
Z  0.3315 -0.5350  0.7771

PART 36
OFFSET  13.7488  2.9683 -16.2158
X  0.8286 -0.2288 -0.5110
Y  0.4512  0.8133  0.3674
Z  0.3315 -0.5350  0.7771

PART 37
OFFSET  16.0729  2.4831 -13.9824
X  0.8286 -0.2288 -0.5110
Y  0.4512  0.8133  0.3674
Z  0.3315 -0.5350  0.7771

PART 38
OFFSET  15.4524  1.3224 -14.2643
X  0.8286 -0.2288 -0.5110
Y  0.4512  0.8133  0.3674
Z  0.3315 -0.5350  0.7771

PART 39
OFFSET  14.5490  1.4476 -15.0414
X  0.8286 -0.2288 -0.5110
Y  0.4512  0.8133  0.3674
Z  0.3315 -0.5350  0.7771

PART 40
OFFSET  10.7071 -1.2552 -7.5467
X  0.7543  0.5177 -0.4039
Y -0.6501  0.5030 -0.5695
Z -0.0917  0.6921  0.7159

PART 41
OFFSET  10.7071 -1.2552 -7.5467
X  0.7543  0.5177 -0.4039
Y -0.6501  0.5030 -0.5695
Z -0.0917  0.6921  0.7159

PART 42
OFFSET  13.8486  1.1259 -9.0564
X  0.7543  0.5177 -0.4039
Y -0.6501  0.5030 -0.5695
Z -0.0917  0.6921  0.7159

PART 43
OFFSET  16.0416  3.1862 -8.2447
X  0.7543  0.5177 -0.4039
Y -0.6501  0.5030 -0.5695
Z -0.0917  0.6921  0.7159

PART 44
OFFSET -3.5311 -7.9373 -3.1869
X -0.3288  0.0032  0.9444
Y -0.3580 -0.9258 -0.1215
Z  0.8739 -0.3780  0.3055

PART 45
OFFSET  0.4450 -7.9756 -14.6085
X -0.6913 -0.1329 -0.7102
Y  0.7094  0.0623 -0.7021
Z  0.1375 -0.9892  0.0512

PART 46
OFFSET  6.3249 -6.8455 -8.5676
X -0.6913 -0.1329 -0.7102
Y  0.6900  0.1701 -0.7035
Z  0.2143 -0.9764 -0.0259

PART 47
OFFSET  6.6371 -5.5682 -7.0856
X -0.6959 -0.1305 -0.7062
Y -0.1457  0.9886 -0.0391
Z  0.7032  0.0757 -0.7070

PART 48
OFFSET  6.3054 -6.1768 -6.1081
X -0.6959 -0.1305 -0.7062
Y -0.1457  0.9886 -0.0391
Z  0.7032  0.0757 -0.7070

PART 49
OFFSET  6.7093 -7.4604 -6.1210
X -0.6959 -0.1305 -0.7062
Y -0.1457  0.9886 -0.0391
Z  0.7032  0.0757 -0.7070

PART 50
OFFSET  8.4442 -6.4382 -6.3902
X -0.6038 -0.7469  0.2786
Y  0.4167 -0.5937 -0.6884
Z  0.6796 -0.2995  0.6697

PART 51
OFFSET  8.0347 -5.4063 -6.1262
X  0.1144 -0.9728  0.2013
Y  0.3763 -0.1451 -0.9151
Z  0.9194  0.1804  0.3495

PART 52
OFFSET  7.6991 -3.3026 -6.4887
X -0.4776 -0.4681  0.7435
Y  0.3443 -0.8783 -0.3317
Z  0.8083  0.0975  0.5807

PART 53
OFFSET  8.4002 -2.6103 -7.7738
X -0.4661  0.2982  0.8330
Y -0.0515 -0.9490  0.3109
Z  0.8832  0.1020  0.4577

PART 54
OFFSET  8.8647 -2.9213 -8.7008
X -0.9220 -0.0410  0.3850
Y -0.3864  0.0343 -0.9217
Z  0.0246 -0.9986 -0.0475

PART 55
OFFSET  9.2640 -6.3814 -7.4985
X -0.5491 -0.4588  0.6986
Y  0.8230 -0.1515  0.5474
Z -0.1453  0.8755  0.4608

PART 56
OFFSET  10.3757 -5.2044 -9.0680
X  0.5584 -0.5069  0.6566
Y  0.8208  0.2232 -0.5258
Z  0.1200  0.8326  0.5407

PART 57
OFFSET  9.5851 -4.4867 -9.9977
X  0.9890 -0.0586 -0.1357
Y -0.0742  0.5967 -0.7990
Z  0.1278  0.8003  0.5858

PART 58
OFFSET  8.7082 -4.4347 -9.8773
X  0.5150  0.4085 -0.7536
Y -0.8496  0.3598 -0.3856
Z  0.1137  0.8388  0.5324

PART 59
OFFSET  8.2189 -4.8228 -9.1614
X  0.1230 -0.6596  0.7415
Y -0.9585  0.1148  0.2611
Z -0.2574 -0.7428 -0.6181

PART 60
OFFSET  9.2147 -5.8644 -7.0087
X -0.5759 -0.5974  0.5580
Y  0.7722 -0.1733  0.6113
Z -0.2685  0.7830  0.5611

PART 61
OFFSET  10.7663 -4.4339 -8.5269
X  0.5164 -0.4322  0.7393
Y  0.8541  0.1966 -0.4816
Z  0.0628  0.8801  0.4706

PART 62
OFFSET  9.8872 -3.6981 -9.7856
X  0.9535  0.0882 -0.2882
Y -0.2933  0.4911 -0.8202
Z  0.0692  0.8666  0.4941

PART 63
OFFSET  8.5657 -3.8204 -9.3862
X  0.3553  0.4451 -0.8220
Y -0.9326  0.2285 -0.2794
Z  0.0634  0.8659  0.4963

PART 64
OFFSET  8.1803 -4.3030 -8.4947
X  0.2447 -0.4526  0.8575
Y -0.9695 -0.1053  0.2211
Z -0.0098 -0.8855 -0.4646

PART 65
OFFSET  5.9432 -9.2051 -4.2895
X -0.4597 -0.6712  0.5815
Y -0.8089  0.0461 -0.5862
Z  0.3666 -0.7399 -0.5641

PART 66
OFFSET  10.7351 -3.1915 -6.7079
X -0.6102 -0.6327  0.4768
Y  0.7633 -0.3084  0.5676
Z -0.2121  0.7103  0.6712

PART 67
OFFSET  11.8095 -2.0775 -7.5474
X -0.5864 -0.6379  0.4992
Y  0.7704 -0.2489  0.5870
Z -0.2502  0.7288  0.6374

PART 68
OFFSET  12.5072 -1.2578 -8.1155
X -0.5637 -0.6885  0.4563
Y  0.7789 -0.2593  0.5710
Z -0.2748  0.6773  0.6824

PART 69
OFFSET  13.1439 -0.4801 -8.6309
X -0.5969  0.6487 -0.4721
Y  0.8023  0.4824 -0.3517
Z -0.0004 -0.5886 -0.8084

PART 70
OFFSET  11.0009 -3.8616 -7.5451
X  0.3937 -0.4603  0.7957
Y  0.9115  0.3075 -0.2731
Z -0.1189  0.8328  0.5406

PART 71
OFFSET  10.2319 -2.9624 -9.0996
X  0.9890  0.1469 -0.0167
Y -0.0883  0.4966 -0.8635
Z -0.1186  0.8555  0.5041

PART 72
OFFSET  8.7873 -3.1770 -9.0753
X  0.4396  0.4740 -0.7629
Y -0.8857  0.0876 -0.4559
Z -0.1493  0.8761  0.4583

PART 73
OFFSET  8.2899 -3.7200 -8.2148
X  0.2381 -0.4754  0.8469
Y -0.9692 -0.1721  0.1759
Z  0.0621 -0.8628 -0.5018

PART 74
OFFSET  6.6370 -5.5681 -7.0855
X -0.6959 -0.1305 -0.7062
Y -0.1457  0.9886 -0.0391
Z  0.7032  0.0757 -0.7070

PART 75
OFFSET  6.3053 -6.1766 -6.1081
X -0.6959 -0.1305 -0.7062
Y -0.1457  0.9886 -0.0391
Z  0.7032  0.0757 -0.7070

PART 76
OFFSET  6.7094 -7.4604 -6.1211
X -0.6959 -0.1305 -0.7062
Y -0.1457  0.9886 -0.0391
Z  0.7032  0.0757 -0.7070

PART 77
OFFSET  0.0000 -0.0000 -0.0000
X  1.0000 -0.0000  0.0000
Y  0.0000  1.0000  0.0000
Z  0.0000 -0.0000  1.0000

PART 78
OFFSET -0.0000 -0.0000 -0.0000
X  1.0000  0.0000 -0.0015
Y  0.0000  1.0000  0.0030
Z  0.0015 -0.0030  1.0000

PART 79
OFFSET  1.5468 -0.0126  4.1333
X  1.0000  0.0000 -0.0015
Y  0.0000  1.0000  0.0030
Z  0.0015 -0.0030  1.0000


FRAME 1902
PART 0
OFFSET  0.0000 -0.0000 -0.0000
X  1.0000 -0.0000  0.0000
Y  0.0000  1.0000  0.0000
Z  0.0000 -0.0000  1.0000

PART 1
OFFSET -4.6318 -0.0000 -1.3770
X  1.0000 -0.0000  0.0000
Y  0.0000  1.0000  0.0000
Z  0.0000 -0.0000  1.0000

PART 2
OFFSET -3.2467  7.9382 -5.8645
X  0.8589 -0.2314 -0.4569
Y -0.2440 -0.9692  0.0323
Z -0.4503  0.0837 -0.8889

PART 3
OFFSET  7.1407  5.1395 -11.3901
X  0.8590 -0.2312 -0.4569
Y  0.2631 -0.5661  0.7812
Z -0.4393 -0.7912 -0.4254

PART 4
OFFSET  14.4465  3.1729 -15.2759
X  0.8590 -0.2312 -0.4569
Y  0.4878  0.6406  0.5930
Z  0.1556 -0.7322  0.6631

PART 5
OFFSET  16.3311  4.4792 -15.8393
X  0.8586 -0.2257 -0.4603
Y  0.4330  0.7999  0.4155
Z  0.2745 -0.5560  0.7845

PART 6
OFFSET  14.6665  3.0713 -17.0308
X  0.8586 -0.2257 -0.4603
Y  0.4330  0.7999  0.4155
Z  0.2745 -0.5560  0.7845

PART 7
OFFSET  16.8329  2.5110 -14.6606
X  0.8586 -0.2257 -0.4603
Y  0.4330  0.7999  0.4155
Z  0.2745 -0.5560  0.7845

PART 8
OFFSET  16.2223  1.3636 -15.0101
X  0.8586 -0.2257 -0.4603
Y  0.4330  0.7999  0.4155
Z  0.2745 -0.5560  0.7845

PART 9
OFFSET  15.3736  1.5159 -15.8421
X  0.8586 -0.2257 -0.4603
Y  0.4330  0.7999  0.4155
Z  0.2745 -0.5560  0.7845

PART 10
OFFSET  17.0798  2.4640 -16.6764
X  0.6479  0.6354  0.4201
Y -0.6434  0.1613  0.7483
Z  0.4077 -0.7551  0.5133

PART 11
OFFSET  16.9178  2.5954 -15.5545
X  0.2068 -0.1388  0.9685
Y -0.9705  0.0960  0.2210
Z -0.1236 -0.9857 -0.1149

PART 12
OFFSET  17.2602  2.2506 -13.4489
X  0.9614  0.1066  0.2535
Y -0.2367 -0.1484  0.9602
Z  0.1400 -0.9832 -0.1174

PART 13
OFFSET  18.8421  2.3215 -13.1101
X  0.7275  0.0604 -0.6834
Y  0.6861 -0.0650  0.7246
Z -0.0006 -0.9961 -0.0887

PART 14
OFFSET  19.6405  2.3401 -13.8408
X  0.6788  0.6710 -0.2981
Y -0.6250  0.7412  0.2452
Z  0.3855  0.0199  0.9225

PART 15
OFFSET  18.3994  2.6763 -17.0185
X  0.9160  0.3965 -0.0607
Y  0.3775 -0.8011  0.4645
Z  0.1356 -0.4485 -0.8835

PART 16
OFFSET  20.4842  3.5342 -16.9692
X  0.2172 -0.6069  0.7646
Y -0.8776 -0.4643 -0.1193
Z  0.4274 -0.6451 -0.6334

PART 17
OFFSET  20.7916  2.6750 -15.8868
X -0.8081 -0.5611  0.1792
Y -0.4366  0.3666 -0.8216
Z  0.3953 -0.7422 -0.5412

PART 18
OFFSET  20.0751  2.1776 -15.7279
X -0.7669 -0.5978  0.2336
Y -0.5226  0.3704 -0.7679
Z  0.3725 -0.7110 -0.5964

PART 19
OFFSET  19.3465  1.6097 -15.5060
X  0.8607  0.3275  0.3897
Y  0.1461  0.5744 -0.8054
Z -0.4876  0.7502  0.4466

PART 20
OFFSET  18.0574  3.0287 -16.5004
X  0.8166  0.5506  0.1731
Y  0.4222 -0.7744  0.4713
Z  0.3935 -0.3118 -0.8648

PART 21
OFFSET  20.2260  4.4285 -16.1901
X  0.4040 -0.6646  0.6285
Y -0.8371 -0.5457 -0.0390
Z  0.3689 -0.5104 -0.7768

PART 22
OFFSET  20.9139  3.2970 -15.1200
X -0.7300 -0.6768  0.0953
Y -0.5639  0.5175 -0.6436
Z  0.3863 -0.5236 -0.7594

PART 23
OFFSET  19.9022  2.3591 -14.9879
X -0.8172 -0.5757 -0.0269
Y -0.4234  0.6313 -0.6497
Z  0.3911 -0.5196 -0.7597

PART 24
OFFSET  19.0159  1.7347 -15.0171
X  0.9306  0.0855  0.3558
Y  0.1051  0.8689 -0.4836
Z -0.3505  0.4875  0.7997

PART 25
OFFSET  18.2740  4.2742 -13.9181
X  0.8474  0.3567  0.3933
Y -0.2267  0.9129 -0.3395
Z -0.4801  0.1985  0.8544

PART 26
OFFSET  18.9676  5.3422 -14.6659
X  0.6621 -0.5975  0.4523
Y -0.6851 -0.7272  0.0422
Z  0.3037 -0.3378 -0.8908

PART 27
OFFSET  20.1332  4.2901 -13.8694
X -0.5250 -0.8490  0.0602
Y -0.7623  0.4376 -0.4768
Z  0.3785 -0.2962 -0.8769

PART 28
OFFSET  19.4720  3.2761 -13.7430
X -0.7657 -0.6416  0.0452
Y -0.5573  0.6268 -0.5445
Z  0.3210 -0.4421 -0.8375

PART 29
OFFSET  18.6070  2.5514 -13.6920
X  0.8427 -0.4814  0.2412
Y  0.5139  0.8527 -0.0935
Z -0.1607  0.2028  0.9659

PART 30
OFFSET  19.6696  4.9640 -15.4304
X  0.3830 -0.7606  0.5243
Y -0.8458 -0.5169 -0.1320
Z  0.3714 -0.3929 -0.8412

PART 31
OFFSET  20.4178  3.4782 -14.4062
X -0.6786 -0.7332  0.0441
Y -0.6495  0.5710 -0.5021
Z  0.3429 -0.3694 -0.8637

PART 32
OFFSET  19.4266  2.4073 -14.3418
X -0.8692 -0.4713 -0.1496
Y -0.3715  0.8222 -0.4313
Z  0.3263 -0.3193 -0.8897

PART 33
OFFSET  18.4447  1.8707 -14.5172
X  0.8829 -0.1433  0.4471
Y  0.2988  0.9061 -0.2995
Z -0.3622  0.3980  0.8429

PART 34
OFFSET  19.8045  2.9490 -15.1585
X  0.3714 -0.3764 -0.8487
Y -0.4077  0.7551 -0.5133
Z  0.8342  0.5367  0.1270

PART 35
OFFSET  15.7624  4.1573 -16.3576
X  0.8586 -0.2257 -0.4603
Y  0.4330  0.7999  0.4155
Z  0.2745 -0.5560  0.7845

PART 36
OFFSET  14.6665  3.0713 -17.0308
X  0.8586 -0.2257 -0.4603
Y  0.4330  0.7999  0.4155
Z  0.2745 -0.5560  0.7845

PART 37
OFFSET  16.8329  2.5110 -14.6606
X  0.8586 -0.2257 -0.4603
Y  0.4330  0.7999  0.4155
Z  0.2745 -0.5560  0.7845

PART 38
OFFSET  16.2223  1.3636 -15.0101
X  0.8586 -0.2257 -0.4603
Y  0.4330  0.7999  0.4155
Z  0.2745 -0.5560  0.7845

PART 39
OFFSET  15.3736  1.5159 -15.8421
X  0.8586 -0.2257 -0.4603
Y  0.4330  0.7999  0.4155
Z  0.2745 -0.5560  0.7845

PART 40
OFFSET  10.6674 -1.1978 -7.4526
X  0.7470  0.5336 -0.3966
Y -0.6589  0.5152 -0.5481
Z -0.0881  0.6707  0.7364

PART 41
OFFSET  10.6674 -1.1978 -7.4526
X  0.7470  0.5336 -0.3966
Y -0.6589  0.5152 -0.5481
Z -0.0881  0.6707  0.7364

PART 42
OFFSET  13.7792  1.2444 -8.9255
X  0.7470  0.5336 -0.3966
Y -0.6589  0.5152 -0.5481
Z -0.0881  0.6707  0.7364

PART 43
OFFSET  15.9689  3.2938 -8.0775
X  0.7470  0.5336 -0.3966
Y -0.6589  0.5152 -0.5481
Z -0.0881  0.6707  0.7364

PART 44
OFFSET -3.6042 -7.9373 -3.1869
X -0.3315  0.0032  0.9434
Y -0.3570 -0.9260 -0.1224
Z  0.8733 -0.3774  0.3081

PART 45
OFFSET  0.4050 -7.9754 -14.5969
X -0.6950 -0.1340 -0.7065
Y  0.7057  0.0615 -0.7059
Z  0.1380 -0.9891  0.0518

PART 46
OFFSET  6.3159 -6.8361 -8.5882
X -0.6950 -0.1340 -0.7065
Y  0.6821  0.1882 -0.7067
Z  0.2276 -0.9730 -0.0394

PART 47
OFFSET  6.6355 -5.5567 -7.1095
X -0.6995 -0.1316 -0.7024
Y -0.1462  0.9885 -0.0396
Z  0.6995  0.0749 -0.7107

PART 48
OFFSET  6.3091 -6.1641 -6.1295
X -0.6995 -0.1316 -0.7024
Y -0.1462  0.9885 -0.0396
Z  0.6995  0.0749 -0.7107

PART 49
OFFSET  6.7132 -7.4476 -6.1428
X -0.6995 -0.1316 -0.7024
Y -0.1462  0.9885 -0.0396
Z  0.6995  0.0749 -0.7107

PART 50
OFFSET  8.4464 -6.4254 -6.4224
X -0.5966 -0.7582  0.2633
Y  0.4128 -0.5712 -0.7094
Z  0.6882 -0.3145  0.6537

PART 51
OFFSET  8.0338 -5.4040 -6.1246
X  0.1221 -0.9775  0.1720
Y  0.3675 -0.1165 -0.9227
Z  0.9220  0.1758  0.3450

PART 52
OFFSET  7.6824 -3.2928 -6.4230
X -0.4671 -0.4921  0.7346
Y  0.3458 -0.8663 -0.3604
Z  0.8137  0.0857  0.5749

PART 53
OFFSET  8.3661 -2.5597 -7.6948
X -0.4590  0.2714  0.8460
Y -0.0428 -0.9579  0.2840
Z  0.8874  0.0942  0.4513

PART 54
OFFSET  8.8226 -2.8412 -8.6351
X -0.9177 -0.0576  0.3931
Y -0.3962  0.0584 -0.9163
Z  0.0298 -0.9966 -0.0764

PART 55
OFFSET  9.2542 -6.3319 -7.5369
X -0.5391 -0.4819  0.6907
Y  0.8296 -0.1622  0.5343
Z -0.1455  0.8611  0.4872

PART 56
OFFSET  10.3426 -5.1037 -9.0834
X  0.5682 -0.5222  0.6360
Y  0.8140  0.2431 -0.5276
Z  0.1209  0.8174  0.5632

PART 57
OFFSET  9.5382 -4.3644 -9.9838
X  0.9879 -0.0488 -0.1475
Y -0.0860  0.6189 -0.7807
Z  0.1294  0.7839  0.6072

PART 58
OFFSET  8.6624 -4.3211 -9.8530
X  0.5048  0.4330 -0.7468
Y -0.8556  0.3656 -0.3663
Z  0.1144  0.8239  0.5551

PART 59
OFFSET  8.1828 -4.7325 -9.1435
X  0.1345 -0.6799  0.7209
Y -0.9563  0.1015  0.2742
Z -0.2596 -0.7263 -0.6365

PART 60
OFFSET  9.2072 -5.8295 -7.0320
X -0.5666 -0.6167  0.5465
Y  0.7795 -0.1861  0.5981
Z -0.2671  0.7649  0.5862

PART 61
OFFSET  10.7345 -4.3467 -8.5244
X  0.5266 -0.4501  0.7212
Y  0.8478  0.2155 -0.4845
Z  0.0627  0.8666  0.4951

PART 62
OFFSET  9.8380 -3.5804 -9.7523
X  0.9499  0.1022 -0.2954
Y -0.3047  0.5127 -0.8027
Z  0.0694  0.8525  0.5181

PART 63
OFFSET  8.5215 -3.7220 -9.3429
X  0.3441  0.4706 -0.8125
Y -0.9368  0.2308 -0.2631
Z  0.0637  0.8516  0.5203

PART 64
OFFSET  8.1483 -4.2324 -8.4618
X  0.2563 -0.4755  0.8415
Y -0.9666 -0.1175  0.2280
Z -0.0096 -0.8718 -0.4897

PART 65
OFFSET  5.9834 -9.2665 -4.3764
X -0.4498 -0.6903  0.5667
Y -0.8152  0.0581 -0.5762
Z  0.3649 -0.7211 -0.5889

PART 66
OFFSET  10.7153 -3.1573 -6.6701
X -0.6015 -0.6498  0.4647
Y  0.7710 -0.3200  0.5506
Z -0.2091  0.6895  0.6935

PART 67
OFFSET  11.7744 -2.0132 -7.4883
X -0.5775 -0.6555  0.4866
Y  0.7779 -0.2610  0.5716
Z -0.2477  0.7087  0.6607

PART 68
OFFSET  12.4614 -1.1733 -8.0398
X -0.5550 -0.7047  0.4421
Y  0.7863 -0.2709  0.5553
Z -0.2715  0.6558  0.7044

PART 69
OFFSET  13.0883 -0.3773 -8.5391
X -0.6055  0.6584 -0.4470
Y  0.7958  0.4971 -0.3459
Z -0.0055 -0.5652 -0.8249

PART 70
OFFSET  10.9761 -3.8014 -7.5290
X  0.4046 -0.4805  0.7781
Y  0.9068  0.3206 -0.2735
Z -0.1180  0.8163  0.5655

PART 71
OFFSET  10.1857 -2.8626 -9.0490
X  0.9879  0.1533 -0.0226
Y -0.1002  0.5206 -0.8479
Z -0.1182  0.8399  0.5297

PART 72
OFFSET  8.7427 -3.0865 -9.0159
X  0.4289  0.4984 -0.7535
Y -0.8909  0.0953 -0.4441
Z -0.1495  0.8617  0.4849

PART 73
OFFSET  8.2574 -3.6570 -8.1663
X  0.2497 -0.4981  0.8304
Y -0.9663 -0.1829  0.1809
Z  0.0618 -0.8476 -0.5270

PART 74
OFFSET  6.6355 -5.5567 -7.1094
X -0.6995 -0.1316 -0.7024
Y -0.1462  0.9885 -0.0396
Z  0.6995  0.0749 -0.7107

PART 75
OFFSET  6.3090 -6.1639 -6.1294
X -0.6995 -0.1316 -0.7024
Y -0.1462  0.9885 -0.0396
Z  0.6995  0.0749 -0.7107

PART 76
OFFSET  6.7133 -7.4476 -6.1429
X -0.6995 -0.1316 -0.7024
Y -0.1462  0.9885 -0.0396
Z  0.6995  0.0749 -0.7107

PART 77
OFFSET  0.0000 -0.0000 -0.0000
X  1.0000 -0.0000  0.0000
Y  0.0000  1.0000  0.0000
Z  0.0000 -0.0000  1.0000

PART 78
OFFSET -0.0000 -0.0000 -0.0000
X  1.0000  0.0000 -0.0057
Y  0.0001  0.9999  0.0113
Z  0.0057 -0.0113  0.9999

PART 79
OFFSET  1.5641 -0.0466  4.1266
X  1.0000  0.0000 -0.0057
Y  0.0001  0.9999  0.0113
Z  0.0057 -0.0113  0.9999


FRAME 1903
PART 0
OFFSET  0.0000 -0.0000 -0.0000
X  1.0000 -0.0000  0.0000
Y  0.0000  1.0000  0.0000
Z  0.0000 -0.0000  1.0000

PART 1
OFFSET -4.6318 -0.0000 -1.3770
X  1.0000 -0.0000  0.0000
Y  0.0000  1.0000  0.0000
Z  0.0000 -0.0000  1.0000

PART 2
OFFSET -2.9627  7.9392 -7.9155
X  0.8922 -0.2220 -0.3934
Y -0.2509 -0.9677 -0.0229
Z -0.3756  0.1192 -0.9191

PART 3
OFFSET  7.8271  5.2544 -12.6730
X  0.8922 -0.2218 -0.3933
Y  0.1953 -0.5958  0.7790
Z -0.4071 -0.7719 -0.4883

PART 4
OFFSET  15.4160  3.3678 -16.0183
X  0.8922 -0.2218 -0.3933
Y  0.4410  0.6154  0.6533
Z  0.0971 -0.7564  0.6469

PART 5
OFFSET  17.3472  4.6778 -16.3783
X  0.8922 -0.2161 -0.3966
Y  0.4018  0.7810  0.4782
Z  0.2064 -0.5860  0.7836

PART 6
OFFSET  15.7783  3.3272 -17.7519
X  0.8922 -0.2161 -0.3966
Y  0.4018  0.7810  0.4782
Z  0.2064 -0.5860  0.7836

PART 7
OFFSET  17.7405  2.6647 -15.2348
X  0.8922 -0.2161 -0.3966
Y  0.4018  0.7810  0.4782
Z  0.2064 -0.5860  0.7836

PART 8
OFFSET  17.1544  1.5356 -15.6744
X  0.8922 -0.2161 -0.3966
Y  0.4018  0.7810  0.4782
Z  0.2064 -0.5860  0.7836

PART 9
OFFSET  16.3775  1.7245 -16.5668
X  0.8922 -0.2161 -0.3966
Y  0.4018  0.7810  0.4782
Z  0.2064 -0.5860  0.7836

PART 10
OFFSET  18.1513  2.6878 -17.2241
X  0.6498  0.6216  0.4374
Y -0.6322  0.1226  0.7650
Z  0.4219 -0.7737  0.4726

PART 11
OFFSET  18.0068  2.7680 -16.0950
X  0.2237 -0.1798  0.9579
Y -0.9675  0.0779  0.2406
Z -0.1179 -0.9806 -0.1566

PART 12
OFFSET  18.3865  2.3331 -14.0126
X  0.9646  0.1033  0.2425
Y -0.2197 -0.1928  0.9563
Z  0.1456 -0.9758 -0.1633

PART 13
OFFSET  19.9731  2.4022 -13.6965
X  0.7157  0.0968 -0.6917
Y  0.6984 -0.0912  0.7099
Z  0.0056 -0.9911 -0.1329

PART 14
OFFSET  20.7592  2.4599 -14.4385
X  0.6686  0.6893 -0.2789
Y -0.6265  0.7243  0.2879
Z  0.4005 -0.0178  0.9161

PART 15
OFFSET  19.4635  2.9261 -17.5776
X  0.9118  0.4065 -0.0578
Y  0.3912 -0.8177  0.4223
Z  0.1244 -0.4077 -0.9046

PART 16
OFFSET  21.5421  3.7985 -17.5239
X  0.2344 -0.6383  0.7332
Y -0.8758 -0.4660 -0.1257
Z  0.4219 -0.6127 -0.6683

PART 17
OFFSET  21.8739  2.8948 -16.4858
X -0.8007 -0.5752  0.1671
Y -0.4529  0.3989 -0.7973
Z  0.3920 -0.7141 -0.5800

PART 18
OFFSET  21.1639  2.3848 -16.3376
X -0.7583 -0.6140  0.2191
Y -0.5380  0.3996 -0.7422
Z  0.3681 -0.6807 -0.6334

PART 19
OFFSET  20.4435  1.8015 -16.1295
X  0.8645  0.3172  0.3899
Y  0.1283  0.6108 -0.7813
Z -0.4860  0.7255  0.4873

PART 20
OFFSET  19.1273  3.2524 -17.0390
X  0.8151  0.5492  0.1842
Y  0.4359 -0.7909  0.4296
Z  0.3816 -0.2699 -0.8841

PART 21
OFFSET  21.2899  4.6552 -16.7018
X  0.4194 -0.6884  0.5918
Y -0.8334 -0.5505 -0.0497
Z  0.3600 -0.4723 -0.8046

PART 22
OFFSET  22.0040  3.4832 -15.6942
X -0.7231 -0.6865  0.0769
Y -0.5783  0.5408 -0.6108
Z  0.3777 -0.4862 -0.7880

PART 23
OFFSET  21.0018  2.5319 -15.5876
X -0.8131 -0.5808 -0.0393
Y -0.4389  0.6559 -0.6141
Z  0.3825 -0.4821 -0.7882

PART 24
OFFSET  20.1200  1.9019 -15.6302
X  0.9357  0.0775  0.3442
Y  0.0904  0.8904 -0.4462
Z -0.3411  0.4486  0.8261

PART 25
OFFSET  19.3768  4.3839 -14.4076
X  0.8510  0.3460  0.3950
Y -0.2393  0.9251 -0.2949
Z -0.4675  0.1564  0.8701

PART 26
OFFSET  20.0498  5.4898 -15.1183
X  0.6740 -0.6114  0.4146
Y -0.6787 -0.7341  0.0209
Z  0.2916 -0.2955 -0.9098

PART 27
OFFSET  21.2364  4.4133 -14.3883
X -0.5174 -0.8552  0.0308
Y -0.7734  0.4519 -0.4446
Z  0.3663 -0.2539 -0.8952

PART 28
OFFSET  20.5852  3.3891 -14.2965
X -0.7599 -0.6494  0.0290
Y -0.5710  0.6456 -0.5071
Z  0.3106 -0.4019 -0.8614

PART 29
OFFSET  19.7268  2.6557 -14.2637
X  0.8502 -0.4845  0.2060
Y  0.5057  0.8603 -0.0638
Z -0.1463  0.1584  0.9765

PART 30
OFFSET  20.7420  5.1518 -15.9101
X  0.3974 -0.7798  0.4837
Y -0.8439 -0.5176 -0.1412
Z  0.3605 -0.3521 -0.8637

PART 31
OFFSET  21.5183  3.6284 -14.9651
X -0.6722 -0.7401  0.0224
Y -0.6621  0.5872 -0.4657
Z  0.3315 -0.3278 -0.8847

PART 32
OFFSET  20.5366  2.5474 -14.9324
X -0.8679 -0.4715 -0.1564
Y -0.3849  0.8373 -0.3883
Z  0.3140 -0.2768 -0.9081

PART 33
OFFSET  19.5561  2.0109 -15.1157
X  0.8912 -0.1556  0.4260
Y  0.2868  0.9210 -0.2637
Z -0.3513  0.3572  0.8654

PART 34
OFFSET  20.8968  3.1279 -15.7302
X  0.3603 -0.3353 -0.8705
Y -0.4219  0.7737 -0.4726
Z  0.8320  0.5376  0.1373

PART 35
OFFSET  16.8212  4.3794 -16.9526
X  0.8922 -0.2161 -0.3966
Y  0.4018  0.7810  0.4782
Z  0.2064 -0.5860  0.7836

PART 36
OFFSET  15.7783  3.3272 -17.7519
X  0.8922 -0.2161 -0.3966
Y  0.4018  0.7810  0.4782
Z  0.2064 -0.5860  0.7836

PART 37
OFFSET  17.7405  2.6647 -15.2348
X  0.8922 -0.2161 -0.3966
Y  0.4018  0.7810  0.4782
Z  0.2064 -0.5860  0.7836

PART 38
OFFSET  17.1544  1.5356 -15.6744
X  0.8922 -0.2161 -0.3966
Y  0.4018  0.7810  0.4782
Z  0.2064 -0.5860  0.7836

PART 39
OFFSET  16.3775  1.7245 -16.5668
X  0.8922 -0.2161 -0.3966
Y  0.4018  0.7810  0.4782
Z  0.2064 -0.5860  0.7836

PART 40
OFFSET  10.6046 -1.1143 -7.3086
X  0.7366  0.5565 -0.3844
Y -0.6715  0.5335 -0.5144
Z -0.0812  0.6370  0.7666

PART 41
OFFSET  10.6046 -1.1143 -7.3086
X  0.7366  0.5565 -0.3844
Y -0.6715  0.5335 -0.5144
Z -0.0812  0.6370  0.7666

PART 42
OFFSET  13.6742  1.4152 -8.7214
X  0.7366  0.5565 -0.3844
Y -0.6715  0.5335 -0.5144
Z -0.0812  0.6370  0.7666

PART 43
OFFSET  15.8622  3.4429 -7.8186
X  0.7366  0.5565 -0.3844
Y -0.6715  0.5335 -0.5144
Z -0.0812  0.6370  0.7666

PART 44
OFFSET -3.7225 -7.9373 -3.1869
X -0.3353  0.0028  0.9421
Y -0.3552 -0.9266 -0.1237
Z  0.8726 -0.3761  0.3117

PART 45
OFFSET  0.3324 -7.9712 -14.5807
X -0.7006 -0.1358 -0.7005
Y  0.6999  0.0607 -0.7117
Z  0.1392 -0.9889  0.0525

PART 46
OFFSET  6.2912 -6.8162 -8.6225
X -0.7006 -0.1358 -0.7005
Y  0.6697  0.2138 -0.7112
Z  0.2463 -0.9674 -0.0588

PART 47
OFFSET  6.6218 -5.5338 -7.1488
X -0.7051 -0.1334 -0.6964
Y -0.1473  0.9883 -0.0403
Z  0.6936  0.0742 -0.7165

PART 48
OFFSET  6.3039 -6.1397 -6.1651
X -0.7051 -0.1334 -0.6964
Y -0.1473  0.9883 -0.0403
Z  0.6936  0.0742 -0.7165

PART 49
OFFSET  6.7089 -7.4229 -6.1793
X -0.7051 -0.1334 -0.6964
Y -0.1473  0.9883 -0.0403
Z  0.6936  0.0742 -0.7165

PART 50
OFFSET  8.4390 -6.3999 -6.4749
X -0.5866 -0.7738  0.2390
Y  0.4055 -0.5361 -0.7404
Z  0.7010 -0.3374  0.6283

PART 51
OFFSET  8.0237 -5.3959 -6.1259
X  0.1320 -0.9831  0.1268
Y  0.3534 -0.0729 -0.9326
Z  0.9261  0.1679  0.3378

PART 52
OFFSET  7.6521 -3.2765 -6.3253
X -0.4516 -0.5276  0.7195
Y  0.3463 -0.8468 -0.4036
Z  0.8223  0.0669  0.5652

PART 53
OFFSET  8.3097 -2.4828 -7.5742
X -0.4473  0.2302  0.8643
Y -0.0312 -0.9697  0.2422
Z  0.8938  0.0814  0.4409

PART 54
OFFSET  8.7530 -2.7190 -8.5331
X -0.9108 -0.0822  0.4047
Y -0.4114  0.0954 -0.9065
Z  0.0358 -0.9920 -0.1207

PART 55
OFFSET  9.2280 -6.2510 -7.5968
X -0.5244 -0.5162  0.6772
Y  0.8392 -0.1788  0.5135
Z -0.1439  0.8376  0.5270

PART 56
OFFSET  10.2822 -4.9473 -9.1047
X  0.5822 -0.5451  0.6033
Y  0.8035  0.2726 -0.5291
Z  0.1240  0.7928  0.5967

PART 57
OFFSET  9.4580 -4.1755 -9.9587
X  0.9857 -0.0343 -0.1651
Y -0.1031  0.6520 -0.7512
Z  0.1334  0.7575  0.6391

PART 58
OFFSET  8.5841 -4.1451 -9.8124
X  0.4895  0.4695 -0.7349
Y -0.8641  0.3745 -0.3363
Z  0.1173  0.7996  0.5890

PART 59
OFFSET  8.1191 -4.5912 -9.1142
X  0.1511 -0.7098  0.6880
Y -0.9525  0.0816  0.2934
Z -0.2645 -0.6996 -0.6638

PART 60
OFFSET  9.1854 -5.7716 -7.0696
X -0.5531 -0.6446  0.5277
Y  0.7904 -0.2060  0.5769
Z -0.2632  0.7362  0.6235

PART 61
OFFSET  10.6775 -4.2125 -8.5191
X  0.5414 -0.4771  0.6923
Y  0.8383  0.2434 -0.4879
Z  0.0643  0.8445  0.5318

PART 62
OFFSET  9.7557 -3.4001 -9.6977
X  0.9442  0.1227 -0.3055
Y -0.3214  0.5450 -0.7744
Z  0.0715  0.8294  0.5540

PART 63
OFFSET  8.4471 -3.5702 -9.2742
X  0.3275  0.5086 -0.7963
Y -0.9426  0.2346 -0.2378
Z  0.0658  0.8284  0.5562

PART 64
OFFSET  8.0919 -4.1218 -8.4106
X  0.2733 -0.5100  0.8156
Y -0.9619 -0.1351  0.2378
Z -0.0111 -0.8495 -0.5275

PART 65
OFFSET  6.0302 -9.3478 -4.5175
X -0.4355 -0.7182  0.5427
Y -0.8248  0.0768 -0.5602
Z  0.3606 -0.6916 -0.6258

PART 66
OFFSET  10.6795 -3.1059 -6.6141
X -0.5892 -0.6744  0.4450
Y  0.7821 -0.3377  0.5237
Z -0.2029  0.6566  0.7264

PART 67
OFFSET  11.7168 -1.9184 -7.3977
X -0.5648 -0.6809  0.4663
Y  0.7889 -0.2796  0.5472
Z -0.2422  0.6769  0.6951

PART 68
OFFSET  12.3887 -1.0496 -7.9224
X -0.5426 -0.7279  0.4193
Y  0.7972 -0.2887  0.5303
Z -0.2649  0.6220  0.7369

PART 69
OFFSET  13.0015 -0.2275 -8.3960
X -0.6175  0.6725 -0.4079
Y  0.7864  0.5182 -0.3362
Z -0.0147 -0.5284 -0.8489

PART 70
OFFSET  10.9312 -3.7095 -7.5046
X  0.4206 -0.5110  0.7496
Y  0.8999  0.3396 -0.2734
Z -0.1149  0.7896  0.6027

PART 71
OFFSET  10.1094 -2.7112 -8.9690
X  0.9863  0.1621 -0.0315
Y -0.1177  0.5566 -0.8224
Z -0.1158  0.8148  0.5680

PART 72
OFFSET  8.6689 -2.9479 -8.9231
X  0.4130  0.5344 -0.7374
Y -0.8986  0.1076 -0.4253
Z -0.1480  0.8383  0.5247

PART 73
OFFSET  8.2015 -3.5591 -8.0919
X  0.2667 -0.5321  0.8036
Y -0.9619 -0.1985  0.1879
Z  0.0595 -0.8231 -0.5648

PART 74
OFFSET  6.6218 -5.5338 -7.1487
X -0.7051 -0.1334 -0.6964
Y -0.1473  0.9883 -0.0403
Z  0.6936  0.0742 -0.7165

PART 75
OFFSET  6.3038 -6.1395 -6.1650
X -0.7051 -0.1334 -0.6964
Y -0.1473  0.9883 -0.0403
Z  0.6936  0.0742 -0.7165

PART 76
