// Export filename: `C:\projects\cod\t5\xanim_export\t5_viewmodels\ak74u\ak74u_grenadier_sprint_loop.XANIM_EXPORT`
// Source filename: `D:\projects\devanim\t5\animation_assets\viewmodels\ak74u/t5_viewmodel_ak74u_animated2.fbx`
// Export time: Fri Aug 27 23:42:43 2010

ANIMATION
VERSION 3

NUMPARTS 80
PART 0 "tag_ads"
PART 1 "tag_torso"
PART 2 "J_Shoulder_LE"
PART 3 "J_Elbow_LE"
PART 4 "J_WristTwist_LE"
PART 5 "J_Sleave_Reshape_Bottom_LE_1"
PART 6 "J_Sleave_Reshape_Bottom_LE_2"
PART 7 "J_Sleave_Reshape_Top_LE_1"
PART 8 "J_Sleave_Reshape_Top_LE_2"
PART 9 "J_Sleave_Reshape_Top_LE_3"
PART 10 "J_Wrist_LE"
PART 11 "J_Thumb_LE_0"
PART 12 "J_Thumb_LE_1"
PART 13 "J_Thumb_LE_2"
PART 14 "J_Thumb_LE_3"
PART 15 "J_PinkyPalm_LE"
PART 16 "J_Pinky_LE_0"
PART 17 "J_Pinky_LE_1"
PART 18 "J_Pinky_LE_2"
PART 19 "J_Pinky_LE_3"
PART 20 "J_RingPalm_LE"
PART 21 "J_Ring_LE_0"
PART 22 "J_Ring_LE_1"
PART 23 "J_Ring_LE_2"
PART 24 "J_Ring_LE_3"
PART 25 "J_Webbing_LE"
PART 26 "J_Index_LE_0"
PART 27 "J_Index_LE_1"
PART 28 "J_Index_LE_2"
PART 29 "J_Index_LE_3"
PART 30 "J_Mid_LE_0"
PART 31 "J_Mid_LE_1"
PART 32 "J_Mid_LE_2"
PART 33 "J_Mid_LE_3"
PART 34 "tag_knife_attach"
PART 35 "D_Sleave_Reshape_Bottom_LE_1"
PART 36 "D_Sleave_Reshape_Bottom_LE_2"
PART 37 "D_Sleave_Reshape_Top_LE_1"
PART 38 "D_Sleave_Reshape_Top_LE_2"
PART 39 "D_Sleave_Reshape_Top_LE_3"
PART 40 "tag_weapon"
PART 41 "J_Gun"
PART 42 "TAG_CLIP"
PART 43 "J_Bolt"
PART 44 "J_Shoulder_RI"
PART 45 "J_Elbow_RI"
PART 46 "J_WristTwist_RI"
PART 47 "J_Sleave_Reshape_Top_RI_3"
PART 48 "J_Sleave_Reshape_Top_RI_2"
PART 49 "J_Sleave_Reshape_Top_RI_1"
PART 50 "J_Wrist_RI"
PART 51 "J_Thumb_RI_0"
PART 52 "J_Thumb_RI_1"
PART 53 "J_Thumb_RI_2"
PART 54 "J_Thumb_RI_3"
PART 55 "J_PinkyPalm_RI"
PART 56 "J_Pinky_RI_0"
PART 57 "J_Pinky_RI_1"
PART 58 "J_Pinky_RI_2"
PART 59 "J_Pinky_RI_3"
PART 60 "J_RingPalm_RI"
PART 61 "J_Ring_RI_0"
PART 62 "J_Ring_RI_1"
PART 63 "J_Ring_RI_2"
PART 64 "J_Ring_RI_3"
PART 65 "J_Webbing_RI"
PART 66 "J_Index_RI_0"
PART 67 "J_Index_RI_1"
PART 68 "J_Index_RI_2"
PART 69 "J_Index_RI_3"
PART 70 "J_Mid_RI_0"
PART 71 "J_Mid_RI_1"
PART 72 "J_Mid_RI_2"
PART 73 "J_Mid_RI_3"
PART 74 "D_Sleave_Reshape_Top_RI_3"
PART 75 "D_Sleave_Reshape_Top_RI_2"
PART 76 "D_Sleave_Reshape_Top_RI_1"
PART 77 "tag_cambone"
PART 78 "tag_camera"
PART 79 "tag_gasmask"

FRAMERATE 30
NUMFRAMES 31

FRAME 1960
PART 0
OFFSET  0.0000 -0.0000 -0.0000
X  1.0000 -0.0000  0.0000
Y  0.0000  1.0000  0.0000
Z  0.0000 -0.0000  1.0000

PART 1
OFFSET -4.6318 -0.0000 -1.3770
X  1.0000 -0.0000  0.0000
Y  0.0000  1.0000  0.0000
Z  0.0000 -0.0000  1.0000

PART 2
OFFSET  0.3425  8.0297 -9.9517
X  0.6400 -0.1979 -0.7425
Y  0.0456 -0.9548  0.2938
Z -0.7670 -0.2219 -0.6020

PART 3
OFFSET  8.0826  5.6364 -18.9309
X  0.9277 -0.3557  0.1137
Y -0.1255 -0.0102  0.9920
Z -0.3517 -0.9346 -0.0541

PART 4
OFFSET  15.9727  2.6111 -17.9635
X  0.9277 -0.3557  0.1137
Y  0.1321  0.5974  0.7910
Z -0.3493 -0.7187  0.6012

PART 5
OFFSET  18.0892  3.5737 -18.3752
X  0.9294 -0.3531  0.1080
Y  0.3508  0.9356  0.0395
Z -0.1150  0.0012  0.9934

PART 6
OFFSET  16.8142  1.5807 -19.1333
X  0.9294 -0.3531  0.1080
Y  0.3508  0.9356  0.0395
Z -0.1150  0.0012  0.9934

PART 7
OFFSET  17.8458  2.6473 -16.2310
X  0.9294 -0.3531  0.1080
Y  0.3508  0.9356  0.0395
Z -0.1150  0.0012  0.9934

PART 8
OFFSET  17.2605  1.4425 -16.0998
X  0.9294 -0.3531  0.1080
Y  0.3508  0.9356  0.0395
Z -0.1150  0.0012  0.9934

PART 9
OFFSET  16.8114  1.0223 -17.1281
X  0.9294 -0.3531  0.1080
Y  0.3508  0.9356  0.0395
Z -0.1150  0.0012  0.9934

PART 10
OFFSET  18.8166  1.5207 -17.6149
X  0.6474  0.6461  0.4043
Y -0.6526  0.1959  0.7319
Z  0.3937 -0.7377  0.5485

PART 11
OFFSET  18.6397  1.6975 -16.5014
X  0.1917 -0.1023  0.9761
Y -0.9727  0.1126  0.2028
Z -0.1307 -0.9884 -0.0779

PART 12
OFFSET  18.9490  1.4330 -14.3792
X  0.9586  0.1086  0.2632
Y -0.2517 -0.1085  0.9617
Z  0.1330 -0.9881 -0.0767

PART 13
OFFSET  20.5264  1.5041 -14.0203
X  0.7377  0.0275 -0.6745
Y  0.6750 -0.0421  0.7366
Z -0.0081 -0.9987 -0.0496

PART 14
OFFSET  21.3353  1.4874 -14.7394
X  0.6889  0.6532 -0.3143
Y -0.6219  0.7554  0.2067
Z  0.3724  0.0530  0.9265

PART 15
OFFSET  20.1428  1.7085 -17.9456
X  0.9203  0.3862 -0.0628
Y  0.3637 -0.7852  0.5011
Z  0.1442 -0.4840 -0.8631

PART 16
OFFSET  22.2341  2.5505 -17.8996
X  0.2009 -0.5781  0.7909
Y -0.8799 -0.4614 -0.1138
Z  0.4307 -0.6730 -0.6013

PART 17
OFFSET  22.5185  1.7320 -16.7799
X -0.8155 -0.5469  0.1892
Y -0.4216  0.3375 -0.8416
Z  0.3964 -0.7661 -0.5059

PART 18
OFFSET  21.7954  1.2471 -16.6121
X -0.7754 -0.5818  0.2456
Y -0.5083  0.3442 -0.7894
Z  0.3747 -0.7369 -0.5626

PART 19
OFFSET  21.0588  0.6944 -16.3788
X  0.8579  0.3355  0.3891
Y  0.1626  0.5411 -0.8251
Z -0.4873  0.7712  0.4097

PART 20
OFFSET  19.7965  2.0839 -17.4469
X  0.8189  0.5502  0.1633
Y  0.4086 -0.7587  0.5074
Z  0.4031 -0.3488 -0.8461

PART 21
OFFSET  21.9727  3.4768 -17.1600
X  0.3892 -0.6427  0.6600
Y -0.8412 -0.5399 -0.0298
Z  0.3755 -0.5436 -0.7507

PART 22
OFFSET  22.6352  2.3827 -16.0364
X -0.7372 -0.6665  0.1111
Y -0.5500  0.4964 -0.6716
Z  0.3924 -0.5562 -0.7325

PART 23
OFFSET  21.6135  1.4590 -15.8824
X -0.8218 -0.5696 -0.0162
Y -0.4085  0.6087 -0.6801
Z  0.3973 -0.5523 -0.7329

PART 24
OFFSET  20.7223  0.8413 -15.9000
X  0.9262  0.0918  0.3658
Y  0.1196  0.8483 -0.5158
Z -0.3576  0.5214  0.7747

PART 25
OFFSET  19.9872  3.4281 -14.9124
X  0.8448  0.3649  0.3913
Y -0.2138  0.9007 -0.3783
Z -0.4905  0.2359  0.8389

PART 26
OFFSET  20.7007  4.4601 -15.6914
X  0.6502 -0.5847  0.4851
Y -0.6921 -0.7193  0.0607
Z  0.3134 -0.3751 -0.8724

PART 27
OFFSET  21.8456  3.4306 -14.8373
X -0.5333 -0.8416  0.0857
Y -0.7515  0.4248 -0.5047
Z  0.3883 -0.3336 -0.8590

PART 28
OFFSET  21.1737  2.4278 -14.6809
X -0.7719 -0.6330  0.0591
Y -0.5439  0.6095 -0.5768
Z  0.3290 -0.4774 -0.8148

PART 29
OFFSET  20.3018  1.7129 -14.6141
X  0.8349 -0.4784  0.2722
Y  0.5227  0.8441 -0.1194
Z -0.1727  0.2419  0.9548

PART 30
OFFSET  21.4103  4.0464 -16.4301
X  0.3687 -0.7425  0.5593
Y -0.8483 -0.5147 -0.1240
Z  0.3799 -0.4287 -0.8197

PART 31
OFFSET  22.1306  2.5959 -15.3376
X -0.6856 -0.7252  0.0629
Y -0.6372  0.5561 -0.5335
Z  0.3519 -0.4059 -0.8434

PART 32
OFFSET  21.1292  1.5366 -15.2457
X -0.8711 -0.4696 -0.1437
Y -0.3580  0.8076 -0.4686
Z  0.3361 -0.3568 -0.8716

PART 33
OFFSET  20.1452  1.0016 -15.4143
X  0.8751 -0.1329  0.4652
Y  0.3110  0.8911 -0.3304
Z -0.3707  0.4338  0.8212

PART 34
OFFSET  21.5235  2.0426 -16.0774
X  0.3802 -0.4126 -0.8278
Y -0.3937  0.7377 -0.5485
Z  0.8370  0.5344  0.1180

PART 35
OFFSET  17.7165  2.9631 -18.8039
X  0.9294 -0.3531  0.1080
Y  0.3508  0.9356  0.0395
Z -0.1150  0.0012  0.9934

PART 36
OFFSET  16.8142  1.5807 -19.1333
X  0.9294 -0.3531  0.1080
Y  0.3508  0.9356  0.0395
Z -0.1150  0.0012  0.9934

PART 37
OFFSET  17.8458  2.6473 -16.2310
X  0.9294 -0.3531  0.1080
Y  0.3508  0.9356  0.0395
Z -0.1150  0.0012  0.9934

PART 38
OFFSET  17.2605  1.4425 -16.0998
X  0.9294 -0.3531  0.1080
Y  0.3508  0.9356  0.0395
Z -0.1150  0.0012  0.9934

PART 39
OFFSET  16.8114  1.0223 -17.1281
X  0.9294 -0.3531  0.1080
Y  0.3508  0.9356  0.0395
Z -0.1150  0.0012  0.9934

PART 40
OFFSET  10.7208 -1.2765 -7.5804
X  0.7570  0.5117 -0.4063
Y -0.6468  0.4986 -0.5771
Z -0.0927  0.6997  0.7084

PART 41
OFFSET  10.7208 -1.2765 -7.5804
X  0.7570  0.5117 -0.4063
Y -0.6468  0.4986 -0.5771
Z -0.0927  0.6997  0.7084

PART 42
OFFSET  13.8736  1.0815 -9.1026
X  0.7570  0.5117 -0.4063
Y -0.6468  0.4986 -0.5771
Z -0.0927  0.6997  0.7084

PART 43
OFFSET  16.0685  3.1449 -8.3038
X  0.7570  0.5117 -0.4063
Y -0.6468  0.4986 -0.5771
Z -0.0927  0.6997  0.7084

PART 44
OFFSET -13.9227 -7.9373 -3.1869
X -0.9106 -0.0126  0.4130
Y -0.1284 -0.9414 -0.3120
Z  0.3927 -0.3372  0.8556

PART 45
OFFSET -2.9096 -7.7844 -8.1819
X -0.9810 -0.1160 -0.1558
Y  0.1724 -0.1505 -0.9735
Z  0.0895 -0.9818  0.1677

PART 46
OFFSET  5.4339 -6.7977 -6.8569
X -0.9810 -0.1160 -0.1558
Y  0.1861 -0.7913 -0.5824
Z -0.0557 -0.6003  0.7978

PART 47
OFFSET  6.6147 -5.3957 -6.1049
X -0.9822 -0.1124 -0.1504
Y -0.0892  0.9842 -0.1532
Z  0.1653 -0.1371 -0.9767

PART 48
OFFSET  6.8804 -5.8021 -5.0095
X -0.9822 -0.1124 -0.1504
Y -0.0892  0.9842 -0.1532
Z  0.1653 -0.1371 -0.9767

PART 49
OFFSET  7.1337 -7.1235 -4.9818
X -0.9822 -0.1124 -0.1504
Y -0.0892  0.9842 -0.1532
Z  0.1653 -0.1371 -0.9767

PART 50
OFFSET  8.4412 -6.4421 -6.3794
X -0.6066 -0.7425  0.2840
Y  0.4179 -0.6017 -0.6807
Z  0.6763 -0.2942  0.6753

PART 51
OFFSET  8.0331 -5.4066 -6.1275
X  0.1113 -0.9710  0.2117
Y  0.3794 -0.1554 -0.9121
Z  0.9185  0.1819  0.3511

PART 52
OFFSET  7.7040 -3.3059 -6.5129
X -0.4816 -0.4593  0.7464
Y  0.3435 -0.8825 -0.3214
Z  0.8063  0.1016  0.5827

PART 53
OFFSET  8.4115 -2.6285 -7.8024
X -0.4685  0.3079  0.8281
Y -0.0549 -0.9457  0.3205
Z  0.8818  0.1047  0.4599

PART 54
OFFSET  8.8787 -2.9501 -8.7243
X -0.9236 -0.0349  0.3819
Y -0.3828  0.0257 -0.9235
Z  0.0224 -0.9991 -0.0371

PART 55
OFFSET  9.2653 -6.3986 -7.4850
X -0.5528 -0.4503  0.7011
Y  0.8206 -0.1478  0.5521
Z -0.1450  0.8806  0.4512

PART 56
OFFSET  10.3857 -5.2405 -9.0624
X  0.5548 -0.5015  0.6639
Y  0.8233  0.2158 -0.5249
Z  0.1199  0.8378  0.5326

PART 57
OFFSET  9.6003 -4.5305 -10.0023
X  0.9894 -0.0624 -0.1313
Y -0.0698  0.5886 -0.8054
Z  0.1275  0.8060  0.5780

PART 58
OFFSET  8.7230 -4.4752 -9.8858
X  0.5188  0.3995 -0.7558
Y -0.8473  0.3579 -0.3925
Z  0.1137  0.8440  0.5242

PART 59
OFFSET  8.2301 -4.8547 -9.1678
X  0.1186 -0.6523  0.7487
Y -0.9592  0.1197  0.2563
Z -0.2568 -0.7485 -0.6114

PART 60
OFFSET  9.2154 -5.8765 -7.0008
X -0.5794 -0.5903  0.5620
Y  0.7695 -0.1688  0.6160
Z -0.2688  0.7893  0.5520

PART 61
OFFSET  10.7761 -4.4653 -8.5277
X  0.5126 -0.4258  0.7457
Y  0.8563  0.1897 -0.4803
Z  0.0631  0.8847  0.4618

PART 62
OFFSET  9.9034 -3.7405 -9.7972
X  0.9548  0.0830 -0.2855
Y -0.2891  0.4833 -0.8263
Z  0.0694  0.8715  0.4855

PART 63
OFFSET  8.5802 -3.8555 -9.4016
X  0.3595  0.4358 -0.8252
Y -0.9310  0.2278 -0.2853
Z  0.0636  0.8708  0.4876

PART 64
OFFSET  8.1903 -4.3281 -8.5067
X  0.2404 -0.4443  0.8630
Y -0.9706 -0.1008  0.2185
Z -0.0101 -0.8902 -0.4555

PART 65
OFFSET  5.9257 -9.1814 -4.2598
X -0.4635 -0.6641  0.5866
Y -0.8065  0.0420 -0.5897
Z  0.3670 -0.7465 -0.5551

PART 66
OFFSET  10.7411 -3.2043 -6.7217
X -0.6135 -0.6264  0.4810
Y  0.7605 -0.3043  0.5736
Z -0.2129  0.7177  0.6630

PART 67
OFFSET  11.8212 -2.1015 -7.5685
X -0.5898 -0.6314  0.5035
Y  0.7676 -0.2447  0.5924
Z -0.2509  0.7359  0.6289

PART 68
OFFSET  12.5230 -1.2892 -8.1424
X -0.5671 -0.6824  0.4612
Y  0.7761 -0.2552  0.5766
Z -0.2757  0.6849  0.6744

PART 69
OFFSET  13.1635 -0.5184 -8.6633
X -0.5936  0.6452 -0.4810
Y  0.8048  0.4768 -0.3536
Z  0.0012 -0.5969 -0.8023

PART 70
OFFSET  11.0084 -3.8835 -7.5510
X  0.3896 -0.4530  0.8019
Y  0.9133  0.3025 -0.2728
Z -0.1190  0.8386  0.5315

PART 71
OFFSET  10.2473 -2.9985 -9.1175
X  0.9894  0.1445 -0.0144
Y -0.0839  0.4879 -0.8689
Z -0.1185  0.8609  0.4948

PART 72
OFFSET  8.8022 -3.2095 -9.0965
X  0.4436  0.4651 -0.7661
Y -0.8838  0.0850 -0.4602
Z -0.1489  0.8812  0.4488

PART 73
OFFSET  8.3002 -3.7425 -8.2323
X  0.2338 -0.4672  0.8526
Y -0.9703 -0.1680  0.1740
Z  0.0619 -0.8680 -0.4927

PART 74
OFFSET  6.6147 -5.3957 -6.1049
X -0.9822 -0.1124 -0.1504
Y -0.0892  0.9842 -0.1532
Z  0.1653 -0.1371 -0.9767

PART 75
OFFSET  6.8803 -5.8019 -5.0094
X -0.9822 -0.1124 -0.1504
Y -0.0892  0.9842 -0.1532
Z  0.1653 -0.1371 -0.9767

PART 76
OFFSET  7.1337 -7.1235 -4.9819
X -0.9822 -0.1124 -0.1504
Y -0.0892  0.9842 -0.1532
Z  0.1653 -0.1371 -0.9767

PART 77
OFFSET  0.0000 -0.0000 -0.0000
X  1.0000 -0.0000  0.0000
Y  0.0000  1.0000  0.0000
Z  0.0000 -0.0000  1.0000

PART 78
OFFSET  0.0000 -0.0000 -0.0000
X  1.0000 -0.0000  0.0000
Y  0.0000  1.0000  0.0000
Z  0.0000 -0.0000  1.0000

PART 79
OFFSET  1.5404 -0.0000  4.1357
X  1.0000 -0.0000  0.0000
Y  0.0000  1.0000  0.0000
Z  0.0000 -0.0000  1.0000


FRAME 1961
PART 0
OFFSET  0.0000 -0.0000 -0.0000
X  1.0000 -0.0000  0.0000
Y  0.0000  1.0000  0.0000
Z  0.0000 -0.0000  1.0000

PART 1
OFFSET -4.6318 -0.0000 -1.3770
X  1.0000 -0.0000  0.0000
Y  0.0000  1.0000  0.0000
Z  0.0000 -0.0000  1.0000

PART 2
OFFSET  0.3425  8.0297 -9.9517
X  0.6489 -0.2010 -0.7338
Y  0.0441 -0.9529  0.3001
Z -0.7596 -0.2271 -0.6095

PART 3
OFFSET  8.1906  5.5986 -18.8263
X  0.9288 -0.3530  0.1126
Y -0.1239 -0.0095  0.9923
Z -0.3492 -0.9356 -0.0525

PART 4
OFFSET  16.0907  2.5963 -17.8686
X  0.9288 -0.3530  0.1126
Y  0.1405  0.6167  0.7745
Z -0.3428 -0.7036  0.6224

PART 5
OFFSET  18.2038  3.5644 -18.2847
X  0.9305 -0.3504  0.1068
Y  0.3483  0.9366  0.0379
Z -0.1133  0.0019  0.9936

PART 6
OFFSET  16.9332  1.5670 -19.0386
X  0.9305 -0.3504  0.1068
Y  0.3483  0.9366  0.0379
Z -0.1133  0.0019  0.9936

PART 7
OFFSET  17.9665  2.6396 -16.1392
X  0.9305 -0.3504  0.1068
Y  0.3483  0.9366  0.0379
Z -0.1133  0.0019  0.9936

PART 8
OFFSET  17.3847  1.4333 -16.0058
X  0.9305 -0.3504  0.1068
Y  0.3483  0.9366  0.0379
Z -0.1133  0.0019  0.9936

PART 9
OFFSET  16.9351  1.0107 -17.0329
X  0.9305 -0.3504  0.1068
Y  0.3483  0.9366  0.0379
Z -0.1133  0.0019  0.9936

PART 10
OFFSET  18.9382  1.5142 -17.5234
X  0.6080  0.6761  0.4162
Y -0.6733  0.1614  0.7216
Z  0.4207 -0.7189  0.5533

PART 11
OFFSET  18.7347  1.6789 -16.4127
X  0.1806 -0.0955  0.9789
Y -0.9803  0.0639  0.1871
Z -0.0804 -0.9934 -0.0821

PART 12
OFFSET  19.0221  1.4239 -14.2862
X  0.9477  0.1550  0.2791
Y -0.2617 -0.1236  0.9572
Z  0.1828 -0.9802 -0.0766

PART 13
OFFSET  20.5881  1.5717 -13.9013
X  0.7463  0.0658 -0.6623
Y  0.6642 -0.0108  0.7474
Z  0.0420 -0.9978 -0.0518

PART 14
OFFSET  21.4084  1.5970 -14.6072
X  0.6608  0.6873 -0.3016
Y -0.6617  0.7231  0.1981
Z  0.3543  0.0687  0.9326

PART 15
OFFSET  20.2587  1.7682 -17.8320
X  0.9010  0.4313 -0.0469
Y  0.3939 -0.7678  0.5054
Z  0.1819 -0.4738 -0.8616

PART 16
OFFSET  22.3048  2.7122 -17.7500
X  0.2163 -0.5697  0.7929
Y -0.8540 -0.5039 -0.1292
Z  0.4731 -0.6492 -0.5956

PART 17
OFFSET  22.6110  1.9056 -16.6275
X -0.7905 -0.5870  0.1747
Y -0.4240  0.3187 -0.8477
Z  0.4419 -0.7442 -0.5009

PART 18
OFFSET  21.9102  1.3851 -16.4726
X -0.7496 -0.6200  0.2317
Y -0.5118  0.3209 -0.7969
Z  0.4198 -0.7159 -0.5579

PART 19
OFFSET  21.1980  0.7961 -16.2525
X  0.8339  0.3763  0.4038
Y  0.1491  0.5508 -0.8212
Z -0.5314  0.7450  0.4032

PART 20
OFFSET  19.8862  2.1246 -17.3382
X  0.7880  0.5895  0.1778
Y  0.4373 -0.7390  0.5125
Z  0.4335 -0.3261 -0.8401

PART 21
OFFSET  21.9860  3.6224 -17.0130
X  0.4096 -0.6246  0.6649
Y -0.8129 -0.5807 -0.0446
Z  0.4140 -0.5222 -0.7456

PART 22
OFFSET  22.6834  2.5591 -15.8809
X -0.7051 -0.7024  0.0977
Y -0.5629  0.4706 -0.6795
Z  0.4313 -0.5341 -0.7271

PART 23
OFFSET  21.7062  1.5857 -15.7455
X -0.7923 -0.6094 -0.0309
Y -0.4270  0.5898 -0.6855
Z  0.4359 -0.5299 -0.7274

PART 24
OFFSET  20.8470  0.9248 -15.7790
X  0.9144  0.1363  0.3811
Y  0.0859  0.8547 -0.5120
Z -0.3955  0.5009  0.7698

PART 25
OFFSET  19.9691  3.4693 -14.7983
X  0.8193  0.4050  0.4059
Y -0.2518  0.8901 -0.3799
Z -0.5151  0.2090  0.8312

PART 26
OFFSET  20.6433  4.5375 -15.5633
X  0.6704 -0.5533  0.4944
Y -0.6566 -0.7527  0.0478
Z  0.3457 -0.3567 -0.8679

PART 27
OFFSET  21.8236  3.5634 -14.6927
X -0.4924 -0.8671  0.0753
Y -0.7633  0.3886 -0.5161
Z  0.4183 -0.3116 -0.8532

PART 28
OFFSET  21.1996  2.5281 -14.5494
X -0.7406 -0.6704  0.0452
Y -0.5639  0.5836 -0.5843
Z  0.3654 -0.4582 -0.8103

PART 29
OFFSET  20.3631  1.7709 -14.4984
X  0.8529 -0.4374  0.2849
Y  0.4822  0.8692 -0.1091
Z -0.1999  0.2304  0.9523

PART 30
OFFSET  21.3844  4.1614 -16.2912
X  0.3958 -0.7250  0.5637
Y -0.8198 -0.5556 -0.1389
Z  0.4139 -0.4071 -0.8142

PART 31
OFFSET  22.1576  2.7451 -15.1900
X -0.6499 -0.7584  0.0502
Y -0.6552  0.5255 -0.5427
Z  0.3852 -0.3856 -0.8384

PART 32
OFFSET  21.2084  1.6374 -15.1167
X -0.8444 -0.5116 -0.1589
Y -0.3898  0.7903 -0.4728
Z  0.3675 -0.3373 -0.8667

PART 33
OFFSET  20.2549  1.0550 -15.3025
X  0.8730 -0.0909  0.4792
Y  0.2719  0.9064 -0.3234
Z -0.4050  0.4126  0.8159

PART 34
OFFSET  21.5906  2.1647 -15.9408
X  0.4135 -0.3910 -0.8223
Y -0.4207  0.7189 -0.5533
Z  0.8075  0.5747  0.1328

PART 35
OFFSET  17.8321  2.9523 -18.7122
X  0.9305 -0.3504  0.1068
Y  0.3483  0.9366  0.0379
Z -0.1133  0.0019  0.9936

PART 36
OFFSET  16.9332  1.5670 -19.0386
X  0.9305 -0.3504  0.1068
Y  0.3483  0.9366  0.0379
Z -0.1133  0.0019  0.9936

PART 37
OFFSET  17.9665  2.6396 -16.1392
X  0.9305 -0.3504  0.1068
Y  0.3483  0.9366  0.0379
Z -0.1133  0.0019  0.9936

PART 38
OFFSET  17.3847  1.4333 -16.0058
X  0.9305 -0.3504  0.1068
Y  0.3483  0.9366  0.0379
Z -0.1133  0.0019  0.9936

PART 39
OFFSET  16.9351  1.0107 -17.0329
X  0.9305 -0.3504  0.1068
Y  0.3483  0.9366  0.0379
Z -0.1133  0.0019  0.9936

PART 40
OFFSET  10.8285 -1.7079 -7.6286
X  0.7373  0.5496 -0.3928
Y -0.6612  0.4677 -0.5866
Z -0.1387  0.6922  0.7082

PART 41
OFFSET  10.8285 -1.7079 -7.6286
X  0.7373  0.5496 -0.3928
Y -0.6612  0.4677 -0.5866
Z -0.1387  0.6922  0.7082

PART 42
OFFSET  13.8853  0.8071 -9.0941
X  0.7373  0.5496 -0.3928
Y -0.6612  0.4677 -0.5866
Z -0.1387  0.6922  0.7082

PART 43
OFFSET  15.9623  2.9741 -8.2553
X  0.7373  0.5496 -0.3928
Y -0.6612  0.4677 -0.5866
Z -0.1387  0.6922  0.7082

PART 44
OFFSET -13.9227 -7.9373 -3.1869
X -0.9293 -0.0008  0.3694
Y -0.1296 -0.9357 -0.3280
Z  0.3459 -0.3527  0.8694

PART 45
OFFSET -2.6844 -7.9279 -7.6548
X -0.9914 -0.0816 -0.1019
Y  0.1135 -0.1530 -0.9817
Z  0.0646 -0.9848  0.1610

PART 46
OFFSET  5.7482 -7.2334 -6.7881
X -0.9914 -0.0816 -0.1019
Y  0.1217 -0.8609 -0.4941
Z -0.0474 -0.5023  0.8634

PART 47
OFFSET  7.0162 -5.8755 -6.0998
X -0.9923 -0.0780 -0.0965
Y -0.0634  0.9872 -0.1466
Z  0.1067 -0.1393 -0.9845

PART 48
OFFSET  7.3273 -6.2946 -5.0212
X -0.9923 -0.0780 -0.0965
Y -0.0634  0.9872 -0.1466
Z  0.1067 -0.1393 -0.9845

PART 49
OFFSET  7.5360 -7.6240 -5.0095
X -0.9923 -0.0780 -0.0965
Y -0.0634  0.9872 -0.1466
Z  0.1067 -0.1393 -0.9845

PART 50
OFFSET  8.7877 -6.9831 -6.4757
X -0.5737 -0.7724  0.2725
Y  0.4581 -0.5784 -0.6750
Z  0.6790 -0.2624  0.6857

PART 51
OFFSET  8.3249 -5.9698 -6.2284
X  0.1557 -0.9649  0.2115
Y  0.4014 -0.1339 -0.9061
Z  0.9026  0.2260  0.3664

PART 52
OFFSET  7.8987 -3.8868 -6.6148
X -0.4703 -0.4846  0.7375
Y  0.3918 -0.8635 -0.3175
Z  0.7907  0.1396  0.5960

PART 53
OFFSET  8.5928 -3.1716 -7.8911
X -0.4965  0.2820  0.8210
Y -0.0133 -0.9481  0.3176
Z  0.8679  0.1467  0.4745

PART 54
OFFSET  9.0902 -3.4671 -8.8060
X -0.9268 -0.0815  0.3666
Y -0.3686  0.0094 -0.9296
Z  0.0723 -0.9966 -0.0388

PART 55
OFFSET  9.6265 -6.8959 -7.5676
X -0.5412 -0.4790  0.6911
Y  0.8178 -0.1087  0.5651
Z -0.1956  0.8710  0.4506

PART 56
OFFSET  10.7137 -5.6793 -9.1240
X  0.5680 -0.4754  0.6719
Y  0.8201  0.2577 -0.5109
Z  0.0697  0.8412  0.5362

PART 57
OFFSET  9.9096 -5.0062 -10.0752
X  0.9933 -0.0131 -0.1152
Y -0.0857  0.5868 -0.8052
Z  0.0781  0.8096  0.5817

PART 58
OFFSET  9.0290 -4.9947 -9.9730
X  0.5107  0.4268 -0.7464
Y -0.8574  0.3167 -0.4056
Z  0.0633  0.8471  0.5277

PART 59
OFFSET  8.5438 -5.4001 -9.2640
X  0.1385 -0.6478  0.7491
Y -0.9679  0.0715  0.2408
Z -0.2095 -0.7585 -0.6171

PART 60
OFFSET  9.5430 -6.3782 -7.0832
X -0.5586 -0.6198  0.5512
Y  0.7667 -0.1324  0.6282
Z -0.3164  0.7735  0.5492

PART 61
OFFSET  11.0567 -4.8874 -8.5815
X  0.5208 -0.4021  0.7531
Y  0.8536  0.2331 -0.4659
Z  0.0118  0.8854  0.4646

PART 62
OFFSET  10.1700 -4.2029 -9.8636
X  0.9540  0.1308 -0.2696
Y -0.2991  0.4708 -0.8300
Z  0.0184  0.8725  0.4883

PART 63
OFFSET  8.8478 -4.3842 -9.4899
X  0.3509  0.4553 -0.8183
Y -0.9363  0.1824 -0.3000
Z  0.0126  0.8714  0.4903

PART 64
OFFSET  8.4673 -4.8780 -8.6024
X  0.2480 -0.4344  0.8659
Y -0.9679 -0.1492  0.2024
Z  0.0413 -0.8883 -0.4574

PART 65
OFFSET  6.3765 -9.8493 -4.4032
X -0.4396 -0.6878  0.5776
Y -0.7979  0.0038 -0.6027
Z  0.4123 -0.7259 -0.5505

PART 66
OFFSET  10.9300 -3.6348 -6.7736
X -0.5895 -0.6572  0.4696
Y  0.7652 -0.2681  0.5854
Z -0.2589  0.7044  0.6609

PART 67
OFFSET  11.9680 -2.4776 -7.6004
X -0.5660 -0.6612  0.4924
Y  0.7690 -0.2082  0.6044
Z -0.2971  0.7208  0.6263

PART 68
OFFSET  12.6381 -1.6301 -8.1610
X -0.5401 -0.7109  0.4505
Y  0.7783 -0.2183  0.5887
Z -0.3202  0.6686  0.6712

PART 69
OFFSET  13.2481 -0.8271 -8.6698
X -0.6169  0.6165 -0.4893
Y  0.7859  0.5170 -0.3394
Z  0.0437 -0.5938 -0.8034

PART 70
OFFSET  11.2440 -4.2976 -7.5998
X  0.3984 -0.4355  0.8072
Y  0.9015  0.3480 -0.2572
Z -0.1689  0.8302  0.5313

PART 71
OFFSET  10.4658 -3.4468 -9.1768
X  0.9812  0.1931  0.0021
Y -0.0938  0.4856 -0.8691
Z -0.1689  0.8526  0.4946

PART 72
OFFSET  9.0326 -3.7289 -9.1799
X  0.4325  0.4886 -0.7577
Y -0.8793  0.0426 -0.4744
Z -0.1996  0.8714  0.4481

PART 73
OFFSET  8.5436 -4.2885 -8.3251
X  0.2427 -0.4576  0.8554
Y -0.9635 -0.2162  0.1578
Z  0.1127 -0.8625 -0.4934

PART 74
OFFSET  7.0162 -5.8754 -6.0998
X -0.9923 -0.0780 -0.0965
Y -0.0634  0.9872 -0.1466
Z  0.1067 -0.1393 -0.9845

PART 75
OFFSET  7.3272 -6.2944 -5.0211
X -0.9923 -0.0780 -0.0965
Y -0.0634  0.9872 -0.1466
Z  0.1067 -0.1393 -0.9845

PART 76
OFFSET  7.5360 -7.6240 -5.0096
X -0.9923 -0.0780 -0.0965
Y -0.0634  0.9872 -0.1466
Z  0.1067 -0.1393 -0.9845

PART 77
OFFSET  0.0000 -0.0000 -0.0000
X  1.0000 -0.0000  0.0000
Y  0.0000  1.0000  0.0000
Z  0.0000 -0.0000  1.0000

PART 78
OFFSET  0.0000 -0.0000 -0.0000
X  1.0000 -0.0000  0.0000
Y  0.0000  1.0000  0.0000
Z  0.0000 -0.0000  1.0000

PART 79
OFFSET  1.5404 -0.0000  4.1357
X  1.0000 -0.0000  0.0000
Y  0.0000  1.0000  0.0000
Z  0.0000 -0.0000  1.0000


FRAME 1962
PART 0
OFFSET  0.0000 -0.0000 -0.0000
X  1.0000 -0.0000  0.0000
Y  0.0000  1.0000  0.0000
Z  0.0000 -0.0000  1.0000

PART 1
OFFSET -4.6318 -0.0000 -1.3770
X  1.0000 -0.0000  0.0000
Y  0.0000  1.0000  0.0000
Z  0.0000 -0.0000  1.0000

PART 2
OFFSET  0.3425  8.0297 -9.9517
X  0.6585 -0.2094 -0.7228
Y  0.0243 -0.9541  0.2986
Z -0.7522 -0.2142 -0.6232

PART 3
OFFSET  8.3065  5.4970 -18.6936
X  0.9227 -0.3673  0.1173
Y -0.1314 -0.0136  0.9912
Z -0.3624 -0.9300 -0.0608

PART 4
OFFSET  16.1545  2.3733 -17.6962
X  0.9227 -0.3673  0.1173
Y  0.1444  0.6113  0.7781
Z -0.3575 -0.7011  0.6170

PART 5
OFFSET  18.2846  3.3127 -18.0908
X  0.9245 -0.3646  0.1115
Y  0.3617  0.9312  0.0462
Z -0.1207 -0.0024  0.9927

PART 6
OFFSET  16.9905  1.3387 -18.8662
X  0.9245 -0.3646  0.1115
Y  0.3617  0.9312  0.0462
Z -0.1207 -0.0024  0.9927

PART 7
OFFSET  18.0178  2.3787 -15.9527
X  0.9245 -0.3646  0.1115
Y  0.3617  0.9312  0.0462
Z -0.1207 -0.0024  0.9927

PART 8
OFFSET  17.4174  1.1803 -15.8310
X  0.9245 -0.3646  0.1115
Y  0.3617  0.9312  0.0462
Z -0.1207 -0.0024  0.9927

PART 9
OFFSET  16.9694  0.7705 -16.8639
X  0.9245 -0.3646  0.1115
Y  0.3617  0.9312  0.0462
Z -0.1207 -0.0024  0.9927

PART 10
OFFSET  18.9832  1.2475 -17.3366
X  0.6011  0.6748  0.4281
Y -0.6784  0.1478  0.7196
Z  0.4223 -0.7230  0.5467

PART 11
OFFSET  18.7723  1.3968 -16.2251
X  0.1757 -0.1066  0.9787
Y -0.9817  0.0550  0.1822
Z -0.0733 -0.9928 -0.0950

PART 12
OFFSET  19.0493  1.1170 -14.1003
X  0.9450  0.1577  0.2864
Y -0.2663 -0.1374  0.9541
Z  0.1898 -0.9779 -0.0878

PART 13
OFFSET  20.6121  1.2703 -13.7047
X  0.7496  0.0791 -0.6571
Y  0.6600 -0.0158  0.7511
Z  0.0490 -0.9967 -0.0641

PART 14
OFFSET  21.4362  1.3099 -14.4054
X  0.6579  0.6954 -0.2891
Y -0.6676  0.7162  0.2033
Z  0.3485  0.0593  0.9354

PART 15
OFFSET  20.3037  1.5140 -17.6344
X  0.8983  0.4378 -0.0363
Y  0.3961 -0.7715  0.4979
Z  0.1900 -0.4617 -0.8665

PART 16
OFFSET  22.3430  2.4704 -17.5288
X  0.2156 -0.5782  0.7869
Y -0.8499 -0.5079 -0.1404
Z  0.4808 -0.6385 -0.6009

PART 17
OFFSET  22.6482  1.6518 -16.4147
X -0.7875 -0.5944  0.1628
Y -0.4213  0.3266 -0.8461
Z  0.4497 -0.7349 -0.5076

PART 18
OFFSET  21.9499  1.1248 -16.2704
X -0.7467 -0.6278  0.2196
Y -0.5094  0.3275 -0.7958
Z  0.4277 -0.7061 -0.5644

PART 19
OFFSET  21.2405  0.5283 -16.0618
X  0.8291  0.3767  0.4132
Y  0.1500  0.5621 -0.8134
Z -0.5387  0.7363  0.4095

PART 20
OFFSET  19.9260  1.8617 -17.1384
X  0.7830  0.5924  0.1897
Y  0.4393 -0.7425  0.5057
Z  0.4404 -0.3126 -0.8416

PART 21
OFFSET  22.0139  3.3691 -16.7822
X  0.4100 -0.6302  0.6594
Y -0.8087 -0.5854 -0.0566
Z  0.4217 -0.5100 -0.7497

PART 22
OFFSET  22.7120  2.2963 -15.6596
X -0.7009 -0.7082  0.0848
Y -0.5621  0.4754 -0.6768
Z  0.4390 -0.5220 -0.7313

PART 23
OFFSET  21.7405  1.3148 -15.5421
X -0.7880 -0.6142 -0.0431
Y -0.4270  0.5955 -0.6805
Z  0.4436 -0.5178 -0.7315

PART 24
OFFSET  20.8859  0.6487 -15.5888
X  0.9113  0.1376  0.3880
Y  0.0831  0.8616 -0.5007
Z -0.4032  0.4886  0.7738

PART 25
OFFSET  19.9855  3.1748 -14.5813
X  0.8143  0.4053  0.4156
Y -0.2556  0.8931 -0.3701
Z -0.5212  0.1952  0.8308

PART 26
OFFSET  20.6570  4.2570 -15.3289
X  0.6712 -0.5551  0.4913
Y -0.6518 -0.7576  0.0346
Z  0.3530 -0.3435 -0.8703

PART 27
OFFSET  21.8387  3.2798 -14.4639
X -0.4870 -0.8712  0.0615
Y -0.7629  0.3901 -0.5156
Z  0.4252 -0.2980 -0.8546

PART 28
OFFSET  21.2208  2.2388 -14.3371
X -0.7363 -0.6758  0.0325
Y -0.5645  0.5871 -0.5802
Z  0.3730 -0.4456 -0.8138

PART 29
OFFSET  20.3891  1.4754 -14.3005
X  0.8542 -0.4353  0.2843
Y  0.4770  0.8737 -0.0953
Z -0.2069  0.2171  0.9540

PART 30
OFFSET  21.4046  3.8950 -16.0572
X  0.3974 -0.7294  0.5568
Y -0.8152 -0.5592 -0.1506
Z  0.4212 -0.3941 -0.8169

PART 31
OFFSET  22.1810  2.4701 -14.9694
X -0.6451 -0.7632  0.0369
Y -0.6556  0.5280 -0.5399
Z  0.3925 -0.3725 -0.8409

PART 32
OFFSET  21.2388  1.3553 -14.9155
X -0.8400 -0.5151 -0.1702
Y -0.3924  0.7936 -0.4651
Z  0.3746 -0.3239 -0.8688

PART 33
OFFSET  20.2903  0.7690 -15.1141
X  0.8708 -0.0912  0.4831
Y  0.2677  0.9121 -0.3104
Z -0.4123  0.3996  0.8187

PART 34
OFFSET  21.6222  1.8954 -15.7307
X  0.4207 -0.3778 -0.8248
Y -0.4223  0.7230 -0.5467
Z  0.8029  0.5783  0.1447

PART 35
OFFSET  17.9071  2.7087 -18.5247
X  0.9245 -0.3646  0.1115
Y  0.3617  0.9312  0.0462
Z -0.1207 -0.0024  0.9927

PART 36
OFFSET  16.9905  1.3387 -18.8662
X  0.9245 -0.3646  0.1115
Y  0.3617  0.9312  0.0462
Z -0.1207 -0.0024  0.9927

PART 37
OFFSET  18.0178  2.3787 -15.9527
X  0.9245 -0.3646  0.1115
Y  0.3617  0.9312  0.0462
Z -0.1207 -0.0024  0.9927

PART 38
OFFSET  17.4174  1.1803 -15.8310
X  0.9245 -0.3646  0.1115
Y  0.3617  0.9312  0.0462
Z -0.1207 -0.0024  0.9927

PART 39
OFFSET  16.9694  0.7705 -16.8639
X  0.9245 -0.3646  0.1115
Y  0.3617  0.9312  0.0462
Z -0.1207 -0.0024  0.9927

PART 40
OFFSET  10.8391 -2.1525 -7.5300
X  0.7359  0.5594 -0.3816
Y -0.6609  0.4707 -0.5845
Z -0.1473  0.6823  0.7161

PART 41
OFFSET  10.8391 -2.1525 -7.5300
X  0.7359  0.5594 -0.3816
Y -0.6609  0.4707 -0.5845
Z -0.1473  0.6823  0.7161

PART 42
OFFSET  13.8873  0.4010 -8.9462
X  0.7359  0.5594 -0.3816
Y -0.6609  0.4707 -0.5845
Z -0.1473  0.6823  0.7161

PART 43
OFFSET  15.9451  2.5709 -8.0682
X  0.7359  0.5594 -0.3816
Y -0.6609  0.4707 -0.5845
Z -0.1473  0.6823  0.7161

PART 44
OFFSET -13.9227 -7.9373 -3.1869
X -0.9307  0.0165  0.3653
Y -0.1478 -0.9308 -0.3344
Z  0.3345 -0.3652  0.8687

PART 45
OFFSET -2.6666 -8.1374 -7.6053
X -0.9933 -0.0590 -0.0994
Y  0.1072 -0.1498 -0.9829
Z  0.0431 -0.9870  0.1551

PART 46
OFFSET  5.7818 -7.6359 -6.7599
X -0.9933 -0.0590 -0.0994
Y  0.0998 -0.8714 -0.4804
Z -0.0583 -0.4871  0.8714

PART 47
OFFSET  7.0817 -6.3106 -6.0676
X -0.9940 -0.0554 -0.0940
Y -0.0418  0.9892 -0.1407
Z  0.1007 -0.1359 -0.9856

PART 48
OFFSET  7.3865 -6.7428 -4.9924
X -0.9940 -0.0554 -0.0940
Y -0.0418  0.9892 -0.1407
Z  0.1007 -0.1359 -0.9856

PART 49
OFFSET  7.5655 -8.0765 -4.9890
X -0.9940 -0.0554 -0.0940
Y -0.0418  0.9892 -0.1407
Z  0.1007 -0.1359 -0.9856

PART 50
OFFSET  8.8270 -7.4551 -6.4552
X -0.5701 -0.7795  0.2595
Y  0.4658 -0.5668 -0.6795
Z  0.6768 -0.2665  0.6862

PART 51
OFFSET  8.3561 -6.4480 -6.1979
X  0.1609 -0.9664  0.2003
Y  0.4074 -0.1198 -0.9054
Z  0.8990  0.2273  0.3745

PART 52
OFFSET  7.9182 -4.3632 -6.5605
X -0.4713 -0.4970  0.7287
Y  0.3994 -0.8568 -0.3261
Z  0.7864  0.1373  0.6023

PART 53
OFFSET  8.6147 -3.6275 -7.8237
X -0.5030  0.2683  0.8216
Y -0.0088 -0.9521  0.3056
Z  0.8642  0.1465  0.4813

PART 54
OFFSET  9.1193 -3.9081 -8.7394
X -0.9283 -0.0922  0.3602
Y -0.3633  0.0187 -0.9315
Z  0.0791 -0.9956 -0.0509

PART 55
OFFSET  9.6714 -7.3486 -7.5411
X -0.5419 -0.4913  0.6819
Y  0.8153 -0.1104  0.5684
Z -0.2040  0.8640  0.4604

PART 56
OFFSET  10.7593 -6.1054 -9.0758
X  0.5673 -0.4801  0.6691
Y  0.8212  0.2695 -0.5029
Z  0.0611  0.8348  0.5471

PART 57
OFFSET  9.9561 -5.4257 -10.0231
X  0.9940 -0.0051 -0.1097
Y -0.0850  0.5963 -0.7982
Z  0.0694  0.8027  0.5923

PART 58
OFFSET  9.0749 -5.4212 -9.9258
X  0.5121  0.4395 -0.7380
Y -0.8572  0.3161 -0.4065
Z  0.0546  0.8408  0.5386

PART 59
OFFSET  8.5884 -5.8388 -9.2247
X  0.1386 -0.6562  0.7417
Y -0.9697  0.0621  0.2361
Z -0.2010 -0.7520 -0.6278

PART 60
OFFSET  9.5817 -6.8376 -7.0507
X -0.5576 -0.6304  0.5401
Y  0.7640 -0.1352  0.6309
Z -0.3246  0.7644  0.5570

PART 61
OFFSET  11.0939 -5.3181 -8.5214
X  0.5192 -0.4081  0.7509
Y  0.8547  0.2446 -0.4580
Z  0.0033  0.8796  0.4757

PART 62
OFFSET  10.2100 -4.6233 -9.7999
X  0.9547  0.1405 -0.2625
Y -0.2975  0.4793 -0.8257
Z  0.0098  0.8663  0.4993

PART 63
OFFSET  8.8869 -4.8181 -9.4361
X  0.3525  0.4679 -0.8104
Y -0.9358  0.1799 -0.3031
Z  0.0040  0.8653  0.5013

PART 64
OFFSET  8.5046 -5.3255 -8.5571
X  0.2460 -0.4436  0.8618
Y -0.9680 -0.1581  0.1949
Z  0.0498 -0.8822 -0.4683

PART 65
OFFSET  6.4232 -10.3630 -4.4328
X -0.4383 -0.6979  0.5664
Y -0.7945  0.0062 -0.6072
Z  0.4203 -0.7161 -0.5572

PART 66
OFFSET  10.9486 -4.0892 -6.6987
X -0.5878 -0.6670  0.4579
Y  0.7636 -0.2704  0.5864
Z -0.2673  0.6943  0.6682

PART 67
OFFSET  11.9835 -2.9149 -7.5049
X -0.5644 -0.6710  0.4808
Y  0.7669 -0.2107  0.6062
Z -0.3054  0.7109  0.6335

PART 68
OFFSET  12.6511 -2.0560 -8.0509
X -0.5379 -0.7201  0.4384
Y  0.7764 -0.2205  0.5904
Z -0.3284  0.6579  0.6777

PART 69
OFFSET  13.2586 -1.2426 -8.5461
X -0.6182  0.6185 -0.4850
Y  0.7843  0.5264 -0.3283
Z  0.0523 -0.5834 -0.8105

PART 70
OFFSET  11.2717 -4.7395 -7.5313
X  0.3967 -0.4430  0.8040
Y  0.9006  0.3571 -0.2476
Z -0.1774  0.8223  0.5407

PART 71
OFFSET  10.4967 -3.8740 -9.1019
X  0.9798  0.1996  0.0101
Y -0.0921  0.4959 -0.8635
Z -0.1774  0.8451  0.5043

PART 72
OFFSET  9.0656 -4.1656 -9.1168
X  0.4335  0.5010 -0.7490
Y -0.8768  0.0427 -0.4789
Z -0.2079  0.8644  0.4578

PART 73
OFFSET  8.5755 -4.7390 -8.2720
X  0.2409 -0.4667  0.8510
Y -0.9629 -0.2245  0.1495
Z  0.1213 -0.8554 -0.5035

PART 74
OFFSET  7.0817 -6.3105 -6.0675
X -0.9940 -0.0554 -0.0940
Y -0.0418  0.9892 -0.1407
Z  0.1007 -0.1359 -0.9856

PART 75
OFFSET  7.3864 -6.7426 -4.9923
X -0.9940 -0.0554 -0.0940
Y -0.0418  0.9892 -0.1407
Z  0.1007 -0.1359 -0.9856

PART 76
OFFSET  7.5655 -8.0765 -4.9891
X -0.9940 -0.0554 -0.0940
Y -0.0418  0.9892 -0.1407
Z  0.1007 -0.1359 -0.9856

PART 77
OFFSET  0.0000 -0.0000 -0.0000
X  1.0000 -0.0000  0.0000
Y  0.0000  1.0000  0.0000
Z  0.0000 -0.0000  1.0000

PART 78
OFFSET  0.0000 -0.0000 -0.0000
X  1.0000 -0.0000  0.0000
Y  0.0000  1.0000  0.0000
Z  0.0000 -0.0000  1.0000

PART 79
OFFSET  1.5404 -0.0000  4.1357
X  1.0000 -0.0000  0.0000
Y  0.0000  1.0000  0.0000
Z  0.0000 -0.0000  1.0000


FRAME 1963
PART 0
OFFSET  0.0000 -0.0000 -0.0000
X  1.0000 -0.0000  0.0000
Y  0.0000  1.0000  0.0000
Z  0.0000 -0.0000  1.0000

PART 1
OFFSET -4.6318 -0.0000 -1.3770
X  1.0000 -0.0000  0.0000
Y  0.0000  1.0000  0.0000
Z  0.0000 -0.0000  1.0000

PART 2
OFFSET  0.3425  8.0297 -9.9517
X  0.6694 -0.2209 -0.7093
Y -0.0024 -0.9554  0.2953
Z -0.7429 -0.1959 -0.6401

PART 3
OFFSET  8.4378  5.3578 -18.5301
X  0.9136 -0.3871  0.1246
Y -0.1428 -0.0185  0.9896
Z -0.3808 -0.9218 -0.0722

PART 4
OFFSET  16.2081  2.0652 -17.4703
X  0.9136 -0.3871  0.1246
Y  0.1451  0.5965  0.7894
Z -0.3799 -0.7031  0.6011

PART 5
OFFSET  18.3614  2.9635 -17.8338
X  0.9155 -0.3845  0.1189
Y  0.3802  0.9231  0.0577
Z -0.1319 -0.0076  0.9912

PART 6
OFFSET  17.0359  1.0227 -18.6392
X  0.9155 -0.3845  0.1189
Y  0.3802  0.9231  0.0577
Z -0.1319 -0.0076  0.9912

PART 7
OFFSET  18.0514  2.0186 -15.7063
X  0.9155 -0.3845  0.1189
Y  0.3802  0.9231  0.0577
Z -0.1319 -0.0076  0.9912

PART 8
OFFSET  17.4252  0.8319 -15.6008
X  0.9155 -0.3845  0.1189
Y  0.3802  0.9231  0.0577
Z -0.1319 -0.0076  0.9912

PART 9
OFFSET  16.9804  0.4395 -16.6419
X  0.9155 -0.3845  0.1189
Y  0.3802  0.9231  0.0577
Z -0.1319 -0.0076  0.9912

PART 10
OFFSET  19.0089  0.8784 -17.0884
X  0.6048  0.6635  0.4405
Y -0.6792  0.1408  0.7203
Z  0.4159 -0.7348  0.5358

PART 11
OFFSET  18.7962  1.0110 -15.9751
X  0.1725 -0.1238  0.9772
Y -0.9818  0.0590  0.1808
Z -0.0800 -0.9905 -0.1114

PART 12
OFFSET  19.0660  0.6946 -13.8545
X  0.9454  0.1464  0.2912
Y -0.2696 -0.1511  0.9511
Z  0.1832 -0.9776 -0.1034

PART 13
OFFSET  20.6288  0.8304 -13.4527
X  0.7518  0.0845 -0.6539
Y  0.6580 -0.0327  0.7523
Z  0.0422 -0.9959 -0.0802

PART 14
OFFSET  21.4549  0.8756 -14.1507
X  0.6635  0.6954 -0.2762
Y -0.6631  0.7175  0.2134
Z  0.3466  0.0415  0.9371

PART 15
OFFSET  20.3319  1.1405 -17.3786
X  0.9015  0.4320 -0.0270
Y  0.3895 -0.7823  0.4862
Z  0.1889 -0.4488 -0.8734

PART 16
OFFSET  22.3776  2.0807 -17.2525
X  0.2096 -0.5925  0.7778
Y -0.8531 -0.4996 -0.1507
Z  0.4779 -0.6320 -0.6102

PART 17
OFFSET  22.6743  1.2418 -16.1512
X -0.7921 -0.5914  0.1511
Y -0.4169  0.3433 -0.8416
Z  0.4459 -0.7296 -0.5185

PART 18
OFFSET  21.9720  0.7174 -16.0172
X -0.7517 -0.6261  0.2075
Y -0.5051  0.3441 -0.7915
Z  0.4242 -0.6997 -0.5748

PART 19
OFFSET  21.2579  0.1227 -15.8201
X  0.8306  0.3641  0.4213
Y  0.1560  0.5742 -0.8037
Z -0.5345  0.7333  0.4202

PART 20
OFFSET  19.9555  1.4827 -16.8778
X  0.7866  0.5837  0.2012
Y  0.4328 -0.7537  0.4945
Z  0.4403 -0.3019 -0.8456

PART 21
OFFSET  22.0529  2.9694 -16.4921
X  0.4040 -0.6437  0.6500
Y -0.8127 -0.5787 -0.0681
Z  0.4200 -0.5007 -0.7569

PART 22
OFFSET  22.7407  1.8735 -15.3855
X -0.7061 -0.7045  0.0715
Y -0.5571  0.4903 -0.6702
Z  0.4371 -0.5131 -0.7387

PART 23
OFFSET  21.7621  0.8970 -15.2864
X -0.7921 -0.6079 -0.0550
Y -0.4211  0.6096 -0.6716
Z  0.4418 -0.5089 -0.7388

PART 24
OFFSET  20.9030  0.2378 -15.3460
X  0.9113  0.1248  0.3924
Y  0.0904  0.8691 -0.4864
Z -0.4017  0.4787  0.7807

PART 25
OFFSET  20.0177  2.7534 -14.2994
X  0.8160  0.3927  0.4241
Y -0.2484  0.9008 -0.3561
Z -0.5219  0.1852  0.8326

PART 26
OFFSET  20.6986  3.8429 -15.0277
X  0.6661 -0.5677  0.4838
Y -0.6572 -0.7535  0.0206
Z  0.3528 -0.3317 -0.8750

PART 27
OFFSET  21.8713  2.8434 -14.1759
X -0.4932 -0.8687  0.0461
Y -0.7589  0.4038 -0.5109
Z  0.4252 -0.2870 -0.8584

PART 28
OFFSET  21.2459  1.8048 -14.0677
X -0.7411 -0.6711  0.0197
Y -0.5589  0.6005 -0.5719
Z  0.3720 -0.4348 -0.8201

PART 29
OFFSET  20.4088  1.0468 -14.0455
X  0.8504 -0.4459  0.2792
Y  0.4833  0.8718 -0.0799
Z -0.2077  0.2029  0.9569

PART 30
OFFSET  21.4455  3.4876 -15.7600
X  0.3909 -0.7412  0.5457
Y -0.8187 -0.5509 -0.1617
Z  0.4205 -0.3836 -0.8222

PART 31
OFFSET  22.2092  2.0397 -14.6938
X -0.6505 -0.7592  0.0229
Y -0.6505  0.5413 -0.5327
Z  0.3920 -0.3614 -0.8460

PART 32
OFFSET  21.2591  0.9308 -14.6604
X -0.8432 -0.5064 -0.1806
Y -0.3857  0.8038 -0.4529
Z  0.3745 -0.3123 -0.8731

PART 33
OFFSET  20.3070  0.3546 -14.8708
X  0.8690 -0.1052  0.4836
Y  0.2748  0.9152 -0.2948
Z -0.4116  0.3891  0.8241

PART 34
OFFSET  21.6483  1.4815 -15.4657
X  0.4202 -0.3672 -0.8298
Y -0.4159  0.7348 -0.5358
Z  0.8065  0.5702  0.1560

PART 35
OFFSET  17.9765  2.3707 -18.2766
X  0.9155 -0.3845  0.1189
Y  0.3802  0.9231  0.0577
Z -0.1319 -0.0076  0.9912

PART 36
OFFSET  17.0359  1.0227 -18.6392
X  0.9155 -0.3845  0.1189
Y  0.3802  0.9231  0.0577
Z -0.1319 -0.0076  0.9912

PART 37
OFFSET  18.0514  2.0186 -15.7063
X  0.9155 -0.3845  0.1189
Y  0.3802  0.9231  0.0577
Z -0.1319 -0.0076  0.9912

PART 38
OFFSET  17.4252  0.8319 -15.6008
X  0.9155 -0.3845  0.1189
Y  0.3802  0.9231  0.0577
Z -0.1319 -0.0076  0.9912

PART 39
OFFSET  16.9804  0.4395 -16.6419
X  0.9155 -0.3845  0.1189
Y  0.3802  0.9231  0.0577
Z -0.1319 -0.0076  0.9912

PART 40
OFFSET  10.8168 -2.6241 -7.3581
X  0.7407  0.5603 -0.3707
Y -0.6562  0.4848 -0.5783
Z -0.1443  0.6715  0.7268

PART 41
OFFSET  10.8168 -2.6241 -7.3581
X  0.7407  0.5603 -0.3707
Y -0.6562  0.4848 -0.5783
Z -0.1443  0.6715  0.7268

PART 42
OFFSET  13.8863 -0.0693 -8.7250
X  0.7407  0.5603 -0.3707
Y -0.6562  0.4848 -0.5783
Z -0.1443  0.6715  0.7268

PART 43
OFFSET  15.9569  2.0714 -7.8068
X  0.7407  0.5603 -0.3707
Y -0.6562  0.4848 -0.5783
Z -0.1443  0.6715  0.7268

PART 44
OFFSET -13.9227 -7.9373 -3.1869
X -0.9264  0.0364  0.3748
Y -0.1732 -0.9250 -0.3382
Z  0.3344 -0.3782  0.8632

PART 45
OFFSET -2.7190 -8.3779 -7.7196
X -0.9925 -0.0388 -0.1162
Y  0.1207 -0.1454 -0.9820
Z  0.0212 -0.9886  0.1490

PART 46
OFFSET  5.7224 -8.0482 -6.7313
X -0.9925 -0.0388 -0.1162
Y  0.0915 -0.8650 -0.4933
Z -0.0814 -0.5002  0.8621

PART 47
OFFSET  7.0362 -6.7532 -6.0085
X -0.9932 -0.0352 -0.1107
Y -0.0201  0.9907 -0.1346
Z  0.1144 -0.1314 -0.9847

PART 48
OFFSET  7.3145 -7.1983 -4.9314
X -0.9932 -0.0352 -0.1107
Y -0.0201  0.9907 -0.1346
Z  0.1144 -0.1314 -0.9847

PART 49
OFFSET  7.4673 -8.5353 -4.9342
X -0.9932 -0.0352 -0.1107
Y -0.0201  0.9907 -0.1346
Z  0.1144 -0.1314 -0.9847

PART 50
OFFSET  8.7650 -7.9293 -6.3750
X -0.5762 -0.7796  0.2453
Y  0.4635 -0.5589 -0.6876
Z  0.6732 -0.2825  0.6834

PART 51
OFFSET  8.3005 -6.9233 -6.1024
X  0.1537 -0.9707  0.1848
Y  0.4088 -0.1078 -0.9062
Z  0.8996  0.2148  0.3803

PART 52
OFFSET  7.8780 -4.8298 -6.4319
X -0.4766 -0.5055  0.7193
Y  0.3942 -0.8542 -0.3391
Z  0.7858  0.1219  0.6063

PART 53
OFFSET  8.5829 -4.0784 -7.6812
X -0.5032  0.2584  0.8246
Y -0.0162 -0.9569  0.2899
Z  0.8640  0.1325  0.4857

PART 54
OFFSET  9.0878 -4.3476 -8.6001
X -0.9298 -0.0916  0.3565
Y -0.3609  0.0365 -0.9319
Z  0.0723 -0.9951 -0.0670

PART 55
OFFSET  9.6128 -7.8110 -7.4570
X -0.5471 -0.4985  0.6725
Y  0.8131 -0.1254  0.5685
Z -0.1991  0.8578  0.4739

PART 56
OFFSET  10.7132 -6.5505 -8.9686
X  0.5623 -0.4949  0.6625
Y  0.8243  0.2719 -0.4965
Z  0.0656  0.8253  0.5609

PART 57
OFFSET  9.9172 -5.8498 -9.9065
X  0.9942 -0.0103 -0.1074
Y -0.0789  0.6099 -0.7886
Z  0.0736  0.7924  0.6055

PART 58
OFFSET  9.0357 -5.8408 -9.8113
X  0.5170  0.4479 -0.7295
Y -0.8540  0.3288 -0.4033
Z  0.0592  0.8314  0.5525

PART 59
OFFSET  8.5446 -6.2663 -9.1183
X  0.1321 -0.6692  0.7312
Y -0.9699  0.0650  0.2348
Z -0.2047 -0.7402 -0.6405

PART 60
OFFSET  9.5255 -7.3075 -6.9585
X -0.5633 -0.6352  0.5284
Y  0.7615 -0.1509  0.6304
Z -0.3207  0.7575  0.5687

PART 61
OFFSET  11.0519 -5.7748 -8.4006
X  0.5144 -0.4239  0.7454
Y  0.8575  0.2460 -0.4519
Z  0.0082  0.8716  0.4901

PART 62
OFFSET  10.1761 -5.0530 -9.6696
X  0.9563  0.1381 -0.2579
Y -0.2921  0.4948 -0.8184
Z  0.0146  0.8580  0.5135

PART 63
OFFSET  8.8508 -5.2444 -9.3122
X  0.3577  0.4786 -0.8018
Y -0.9338  0.1914 -0.3023
Z  0.0088  0.8569  0.5154

PART 64
OFFSET  8.4627 -5.7635 -8.4426
X  0.2407 -0.4593  0.8550
Y -0.9696 -0.1545  0.1900
Z  0.0448 -0.8747 -0.4825

PART 65
OFFSET  6.3359 -10.8529 -4.4062
X -0.4446 -0.7040  0.5538
Y -0.7929  0.0217 -0.6089
Z  0.4167 -0.7099 -0.5679

PART 66
OFFSET  10.9107 -4.5749 -6.5584
X -0.5936 -0.6702  0.4455
Y  0.7602 -0.2853  0.5837
Z -0.2641  0.6851  0.6789

PART 67
OFFSET  11.9558 -3.3949 -7.3427
X -0.5703 -0.6748  0.4684
Y  0.7639 -0.2260  0.6045
Z -0.3020  0.7025  0.6444

PART 68
OFFSET  12.6307 -2.5318 -7.8731
X -0.5440 -0.7233  0.4253
Y  0.7734 -0.2356  0.5885
Z -0.3255  0.6491  0.6876

PART 69
OFFSET  13.2451 -1.7148 -8.3534
X -0.6126  0.6307 -0.4763
Y  0.7888  0.5262 -0.3178
Z  0.0502 -0.5704 -0.8198

PART 70
OFFSET  11.2313 -5.2137 -7.4008
X  0.3916 -0.4589  0.7976
Y  0.9037  0.3548 -0.2396
Z -0.1730  0.8146  0.5536

PART 71
OFFSET  10.4663 -4.3173 -8.9588
X  0.9812  0.1925  0.0157
Y -0.0864  0.5106 -0.8555
Z -0.1727  0.8380  0.5176

PART 72
OFFSET  9.0332 -4.5985 -8.9819
X  0.4389  0.5101 -0.7397
Y -0.8753  0.0567 -0.4802
Z -0.2030  0.8582  0.4714

PART 73
OFFSET  8.5370 -5.1822 -8.1477
X  0.2355 -0.4822  0.8438
Y -0.9649 -0.2202  0.1435
Z  0.1166 -0.8479 -0.5171

PART 74
OFFSET  7.0362 -6.7532 -6.0085
X -0.9932 -0.0352 -0.1107
Y -0.0201  0.9907 -0.1346
Z  0.1144 -0.1314 -0.9847

PART 75
OFFSET  7.3145 -7.1981 -4.9313
X -0.9932 -0.0352 -0.1107
Y -0.0201  0.9907 -0.1346
Z  0.1144 -0.1314 -0.9847

PART 76
