// Export filename: `C:\projects\cod\t5\xanim_export\t5_viewmodels\ak74u\ak74u_d2p_loop.XANIM_EXPORT`
// Source filename: `D:\projects\devanim\t5\animation_assets\viewmodels\ak74u/t5_viewmodel_ak74u_animated2.fbx`
// Export time: Fri Aug 27 21:23:24 2010

ANIMATION
VERSION 3

NUMPARTS 80
PART 0 "tag_ads"
PART 1 "tag_torso"
PART 2 "J_Shoulder_LE"
PART 3 "J_Elbow_LE"
PART 4 "J_WristTwist_LE"
PART 5 "J_Sleave_Reshape_Bottom_LE_1"
PART 6 "J_Sleave_Reshape_Bottom_LE_2"
PART 7 "J_Sleave_Reshape_Top_LE_1"
PART 8 "J_Sleave_Reshape_Top_LE_2"
PART 9 "J_Sleave_Reshape_Top_LE_3"
PART 10 "J_Wrist_LE"
PART 11 "J_Thumb_LE_0"
PART 12 "J_Thumb_LE_1"
PART 13 "J_Thumb_LE_2"
PART 14 "J_Thumb_LE_3"
PART 15 "J_PinkyPalm_LE"
PART 16 "J_Pinky_LE_0"
PART 17 "J_Pinky_LE_1"
PART 18 "J_Pinky_LE_2"
PART 19 "J_Pinky_LE_3"
PART 20 "J_RingPalm_LE"
PART 21 "J_Ring_LE_0"
PART 22 "J_Ring_LE_1"
PART 23 "J_Ring_LE_2"
PART 24 "J_Ring_LE_3"
PART 25 "J_Webbing_LE"
PART 26 "J_Index_LE_0"
PART 27 "J_Index_LE_1"
PART 28 "J_Index_LE_2"
PART 29 "J_Index_LE_3"
PART 30 "J_Mid_LE_0"
PART 31 "J_Mid_LE_1"
PART 32 "J_Mid_LE_2"
PART 33 "J_Mid_LE_3"
PART 34 "tag_knife_attach"
PART 35 "D_Sleave_Reshape_Bottom_LE_1"
PART 36 "D_Sleave_Reshape_Bottom_LE_2"
PART 37 "D_Sleave_Reshape_Top_LE_1"
PART 38 "D_Sleave_Reshape_Top_LE_2"
PART 39 "D_Sleave_Reshape_Top_LE_3"
PART 40 "tag_weapon"
PART 41 "J_Gun"
PART 42 "TAG_CLIP"
PART 43 "J_Bolt"
PART 44 "J_Shoulder_RI"
PART 45 "J_Elbow_RI"
PART 46 "J_WristTwist_RI"
PART 47 "J_Sleave_Reshape_Top_RI_3"
PART 48 "J_Sleave_Reshape_Top_RI_2"
PART 49 "J_Sleave_Reshape_Top_RI_1"
PART 50 "J_Wrist_RI"
PART 51 "J_Thumb_RI_0"
PART 52 "J_Thumb_RI_1"
PART 53 "J_Thumb_RI_2"
PART 54 "J_Thumb_RI_3"
PART 55 "J_PinkyPalm_RI"
PART 56 "J_Pinky_RI_0"
PART 57 "J_Pinky_RI_1"
PART 58 "J_Pinky_RI_2"
PART 59 "J_Pinky_RI_3"
PART 60 "J_RingPalm_RI"
PART 61 "J_Ring_RI_0"
PART 62 "J_Ring_RI_1"
PART 63 "J_Ring_RI_2"
PART 64 "J_Ring_RI_3"
PART 65 "J_Webbing_RI"
PART 66 "J_Index_RI_0"
PART 67 "J_Index_RI_1"
PART 68 "J_Index_RI_2"
PART 69 "J_Index_RI_3"
PART 70 "J_Mid_RI_0"
PART 71 "J_Mid_RI_1"
PART 72 "J_Mid_RI_2"
PART 73 "J_Mid_RI_3"
PART 74 "D_Sleave_Reshape_Top_RI_3"
PART 75 "D_Sleave_Reshape_Top_RI_2"
PART 76 "D_Sleave_Reshape_Top_RI_1"
PART 77 "tag_cambone"
PART 78 "tag_camera"
PART 79 "tag_gasmask"

FRAMERATE 30
NUMFRAMES 16

FRAME 960
PART 0
OFFSET  0.0000 -0.0000 -0.0000
X  1.0000 -0.0000  0.0000
Y  0.0000  1.0000  0.0000
Z  0.0000 -0.0000  1.0000

PART 1
OFFSET -4.6318 -0.0000 -1.3770
X  1.0000 -0.0000  0.0000
Y  0.0000  1.0000  0.0000
Z  0.0000 -0.0000  1.0000

PART 2
OFFSET -3.4960  7.5108 -3.1869
X  0.5671  0.1669 -0.8066
Y  0.1698 -0.9819 -0.0838
Z -0.8060 -0.0894 -0.5852

PART 3
OFFSET  3.3624  9.5294 -12.9414
X  0.8105 -0.4136  0.4147
Y -0.5224 -0.1904  0.8312
Z -0.2648 -0.8903 -0.3704

PART 4
OFFSET  10.2564  6.0118 -9.4144
X  0.8105 -0.4136  0.4147
Y  0.1993  0.8605  0.4688
Z -0.5507 -0.2973  0.7799

PART 5
OFFSET  12.3190  6.9348 -8.7293
X  0.8144 -0.4100  0.4107
Y  0.2700  0.8941  0.3573
Z -0.5137 -0.1801  0.8388

PART 6
OFFSET  11.5410  5.1812 -10.3079
X  0.8144 -0.4100  0.4107
Y  0.2700  0.8941  0.3573
Z -0.5137 -0.1801  0.8388

PART 7
OFFSET  11.2475  5.6346 -7.0933
X  0.8144 -0.4100  0.4107
Y  0.2700  0.8941  0.3573
Z -0.5137 -0.1801  0.8388

PART 8
OFFSET  10.7032  4.4552 -7.4459
X  0.8144 -0.4100  0.4107
Y  0.2700  0.8941  0.3573
Z -0.5137 -0.1801  0.8388

PART 9
OFFSET  10.7326  4.2569 -8.6273
X  0.8144 -0.4100  0.4107
Y  0.2700  0.8941  0.3573
Z -0.5137 -0.1801  0.8388

PART 10
OFFSET  12.7413  4.7439 -8.1431
X  0.8644  0.5025 -0.0202
Y -0.3935  0.7009  0.5949
Z  0.3131 -0.5063  0.8035

PART 11
OFFSET  12.8790  5.4384 -7.2481
X  0.7221  0.6500  0.2368
Y -0.6860  0.7169  0.1243
Z -0.0890 -0.2522  0.9636

PART 12
OFFSET  14.3639  6.8985 -6.6711
X  0.9121  0.3863 -0.1375
Y -0.3060  0.8644  0.3989
Z  0.2730 -0.3218  0.9066

PART 13
OFFSET  15.8851  7.4345 -6.8154
X  0.7422  0.6464  0.1771
Y -0.6696  0.7040  0.2366
Z  0.0283 -0.2942  0.9553

PART 14
OFFSET  16.6776  8.1320 -6.5762
X  0.3917  0.8112 -0.4342
Y -0.2497 -0.3605 -0.8987
Z -0.8856  0.4604  0.0613

PART 15
OFFSET  13.9574  4.3163 -8.6348
X  0.9899  0.0371 -0.1366
Y  0.1341 -0.5567  0.8198
Z -0.0456 -0.8299 -0.5561

PART 16
OFFSET  16.2047  4.4524 -8.7603
X  0.0690 -0.0676  0.9953
Y -0.9896  0.1214  0.0769
Z -0.1261 -0.9903 -0.0585

PART 17
OFFSET  16.3023  4.3567 -7.3511
X -0.3037 -0.0102  0.9527
Y -0.9480  0.1028 -0.3011
Z -0.0949 -0.9946 -0.0409

PART 18
OFFSET  16.0331  4.3477 -6.5064
X -0.5774  0.0335  0.8158
Y -0.8016  0.1667 -0.5742
Z -0.1553 -0.9854 -0.0694

PART 19
OFFSET  15.4845  4.3795 -5.7314
X  0.9673  0.0122 -0.2535
Y -0.2532 -0.0202 -0.9672
Z -0.0169  0.9997 -0.0164

PART 20
OFFSET  13.8422  4.9633 -8.3561
X  0.9453  0.2599 -0.1971
Y  0.3123 -0.5467  0.7769
Z  0.0941 -0.7960 -0.5980

PART 21
OFFSET  16.3732  5.4577 -8.6847
X  0.4307 -0.3145  0.8459
Y -0.8625  0.1326  0.4884
Z -0.2657 -0.9400 -0.2142

PART 22
OFFSET  17.1065  4.9223 -7.2445
X -0.4447 -0.0685  0.8931
Y -0.8613  0.3062 -0.4054
Z -0.2457 -0.9495 -0.1951

PART 23
OFFSET  16.4902  4.8274 -6.0067
X -0.7355  0.0457  0.6760
Y -0.6321  0.3127 -0.7090
Z -0.2438 -0.9487 -0.2011

PART 24
OFFSET  15.6925  4.8770 -5.2736
X  0.9517 -0.2627 -0.1587
Y -0.0853  0.2705 -0.9589
Z  0.2949  0.9262  0.2350

PART 25
OFFSET  14.9489  7.1343 -6.8302
X  0.9764  0.1965  0.0893
Y -0.0636  0.6574 -0.7509
Z -0.2062  0.7275  0.6544

PART 26
OFFSET  15.6962  7.4185 -8.0719
X  0.9552 -0.2591  0.1432
Y -0.2433 -0.4115  0.8783
Z -0.1687 -0.8738 -0.4561

PART 27
OFFSET  17.3779  6.9623 -7.8198
X  0.4155 -0.5613  0.7157
Y -0.8914 -0.0949  0.4431
Z -0.1808 -0.8221 -0.5399

PART 28
OFFSET  17.8940  6.3298 -6.9169
X -0.2955 -0.3865  0.8737
Y -0.9439  0.2595 -0.2044
Z -0.1477 -0.8850 -0.4415

PART 29
OFFSET  17.5602  5.8932 -5.9300
X  0.9067 -0.3574 -0.2241
Y  0.0167  0.5611 -0.8276
Z  0.4215  0.7466  0.5147

PART 30
OFFSET  16.0870  6.5138 -8.5710
X  0.6890 -0.3358  0.6422
Y -0.7138 -0.1611  0.6816
Z -0.1254 -0.9280 -0.3507

PART 31
OFFSET  17.4331  5.8577 -7.3163
X -0.2231 -0.3099  0.9242
Y -0.9597  0.2362 -0.1524
Z -0.1711 -0.9210 -0.3501

PART 32
OFFSET  17.1073  5.4051 -5.9664
X -0.7600 -0.0961  0.6428
Y -0.6157  0.4235 -0.6645
Z -0.2084 -0.9008 -0.3810

PART 33
OFFSET  16.2455  5.2896 -5.2405
X  0.9893 -0.1392 -0.0441
Y  0.0024  0.3177 -0.9482
Z  0.1460  0.9379  0.3147

PART 34
OFFSET  15.7740  4.9570 -7.2941
X  0.0609 -0.8336 -0.5490
Y -0.3131  0.5063 -0.8035
Z  0.9478  0.2208 -0.2302

PART 35
OFFSET  12.1778  6.4336 -9.3808
X  0.8144 -0.4100  0.4107
Y  0.2700  0.8941  0.3573
Z -0.5137 -0.1801  0.8388

PART 36
OFFSET  11.5410  5.1812 -10.3079
X  0.8144 -0.4100  0.4107
Y  0.2700  0.8941  0.3573
Z -0.5137 -0.1801  0.8388

PART 37
OFFSET  11.2475  5.6346 -7.0933
X  0.8144 -0.4100  0.4107
Y  0.2700  0.8941  0.3573
Z -0.5137 -0.1801  0.8388

PART 38
OFFSET  10.7032  4.4552 -7.4459
X  0.8144 -0.4100  0.4107
Y  0.2700  0.8941  0.3573
Z -0.5137 -0.1801  0.8388

PART 39
OFFSET  10.7326  4.2569 -8.6273
X  0.8144 -0.4100  0.4107
Y  0.2700  0.8941  0.3573
Z -0.5137 -0.1801  0.8388

PART 40
OFFSET  9.0200 -0.6664 -5.8131
X  0.7222  0.6731 -0.1589
Y -0.6907  0.7141 -0.1142
Z  0.0366  0.1923  0.9807

PART 41
OFFSET  9.0200 -0.6664 -5.8131
X  0.7222  0.6731 -0.1589
Y -0.6907  0.7141 -0.1142
Z  0.0366  0.1923  0.9807

PART 42
OFFSET  12.0617  2.2331 -6.2103
X  0.7222  0.6731 -0.1589
Y -0.6907  0.7141 -0.1142
Z  0.0366  0.1923  0.9807

PART 43
OFFSET  14.4444  3.5829 -4.7221
X  0.7222  0.6731 -0.1589
Y -0.6907  0.7141 -0.1142
Z  0.0366  0.1923  0.9807

PART 44
OFFSET -5.5711 -7.9373 -3.1869
X -0.2960 -0.0121  0.9551
Y -0.3089 -0.9450 -0.1077
Z  0.9038 -0.3270  0.2760

PART 45
OFFSET -1.9910 -7.7915 -14.7378
X -0.7475 -0.1801 -0.6394
Y  0.6351  0.0887 -0.7674
Z  0.1949 -0.9796  0.0480

PART 46
OFFSET  4.3666 -6.2598 -9.2993
X -0.7475 -0.1801 -0.6394
Y  0.5580  0.3521 -0.7514
Z  0.3605 -0.9185 -0.1627

PART 47
OFFSET  4.7488 -4.9450 -7.8672
X -0.7518 -0.1779 -0.6350
Y -0.2019  0.9788 -0.0352
Z  0.6277  0.1017 -0.7717

PART 48
OFFSET  4.5448 -5.5551 -6.8563
X -0.7518 -0.1779 -0.6350
Y -0.2019  0.9788 -0.0352
Z  0.6277  0.1017 -0.7717

PART 49
OFFSET  5.0143 -6.8156 -6.8945
X -0.7518 -0.1779 -0.6350
Y -0.2019  0.9788 -0.0352
Z  0.6277  0.1017 -0.7717

PART 50
OFFSET  6.6581 -5.7077 -7.3390
X -0.6011 -0.7942 -0.0891
Y  0.2940 -0.1160 -0.9488
Z  0.7432 -0.5965  0.3032

PART 51
OFFSET  6.3397 -4.9936 -6.5078
X  0.0886 -0.9238 -0.3726
Y  0.2482  0.3827 -0.8899
Z  0.9646 -0.0136  0.2632

PART 52
OFFSET  6.0700 -3.0376 -5.6297
X -0.4023 -0.8080  0.4305
Y  0.2531 -0.5500 -0.7959
Z  0.8798 -0.2112  0.4258

PART 53
OFFSET  6.6359 -1.7424 -6.4198
X -0.3397 -0.2119  0.9164
Y -0.0604 -0.9674 -0.2461
Z  0.9386 -0.1390  0.3158

PART 54
OFFSET  6.9613 -1.4904 -7.4211
X -0.8661 -0.2665  0.4229
Y -0.4987  0.5174 -0.6954
Z -0.0335 -0.8132 -0.5811

PART 55
OFFSET  7.3313 -5.0393 -8.3408
X -0.4783 -0.7778  0.4078
Y  0.8773 -0.4022  0.2619
Z -0.0397  0.4830  0.8747

PART 56
OFFSET  8.2927 -3.1721 -9.1618
X  0.6108 -0.7669  0.1969
Y  0.7573  0.4932 -0.4280
Z  0.2311  0.4105  0.8821

PART 57
OFFSET  7.4279 -2.0863 -9.4405
X  0.9592  0.0497 -0.2784
Y -0.1448  0.9319 -0.3325
Z  0.2429  0.3592  0.9011

PART 58
OFFSET  6.5775 -2.1304 -9.1937
X  0.4349  0.7643 -0.4761
Y -0.8721  0.4891 -0.0115
Z  0.2241  0.4202  0.8793

PART 59
OFFSET  6.1643 -2.8565 -8.7414
X  0.1824 -0.9524  0.2441
Y -0.9100 -0.0695  0.4088
Z -0.3724 -0.2967 -0.8794

PART 60
OFFSET  7.3719 -4.8708 -7.6483
X -0.5300 -0.8190  0.2199
Y  0.8340 -0.4564  0.3102
Z -0.1537  0.3478  0.9249

PART 61
OFFSET  8.7887 -2.8070 -8.3495
X  0.5836 -0.7499  0.3117
Y  0.7945  0.4479 -0.4101
Z  0.1679  0.4869  0.8571

PART 62
OFFSET  7.7951 -1.5303 -8.8801
X  0.9121  0.2547 -0.3212
Y -0.3700  0.8489 -0.3774
Z  0.1766  0.4631  0.8686

PART 63
OFFSET  6.5310 -1.8832 -8.4349
X  0.2699  0.8280 -0.4915
Y -0.9476  0.3191  0.0172
Z  0.1711  0.4611  0.8707

PART 64
OFFSET  6.2383 -2.7812 -7.9018
X  0.3286 -0.8380  0.4357
Y -0.9375 -0.2332  0.2584
Z -0.1149 -0.4934 -0.8622

PART 65
OFFSET  4.3062 -9.2348 -6.7453
X -0.4158 -0.8907  0.1839
Y -0.8737  0.3350 -0.3528
Z  0.2527 -0.3074 -0.9174

PART 66
OFFSET  9.0547 -2.7473 -6.1634
X -0.5762 -0.8056  0.1380
Y  0.8126 -0.5466  0.2022
Z -0.0875  0.2286  0.9696

PART 67
OFFSET  10.0691 -1.3289 -6.4064
X -0.5501 -0.8214  0.1505
Y  0.8252 -0.5068  0.2494
Z -0.1286  0.2614  0.9566

PART 68
OFFSET  10.7300 -0.3144 -6.5313
X -0.5357 -0.8402  0.0846
Y  0.8310 -0.5067  0.2294
Z -0.1498  0.1932  0.9697

PART 69
OFFSET  11.3350  0.6346 -6.6269
X -0.6180  0.7853  0.0381
Y  0.7747  0.6165 -0.1410
Z -0.1343 -0.0576 -0.9893

PART 70
OFFSET  9.1762 -2.8508 -7.2566
X  0.4678 -0.8072  0.3600
Y  0.8838  0.4298 -0.1848
Z -0.0056  0.4047  0.9144

PART 71
OFFSET  8.2624 -1.2739 -7.9599
X  0.9850  0.1581 -0.0686
Y -0.1722  0.8822 -0.4382
Z -0.0087  0.4434  0.8963

PART 72
OFFSET  6.8236 -1.5048 -7.8597
X  0.3624  0.8225 -0.4383
Y -0.9310  0.2974 -0.2118
Z -0.0439  0.4848  0.8735

PART 73
OFFSET  6.4128 -2.4397 -7.3697
X  0.3195 -0.8516  0.4155
Y -0.9464 -0.2649  0.1848
Z -0.0473 -0.4523 -0.8906

PART 74
OFFSET  4.7487 -4.9450 -7.8672
X -0.7518 -0.1779 -0.6350
Y -0.2019  0.9788 -0.0352
Z  0.6277  0.1017 -0.7717

PART 75
OFFSET  4.5447 -5.5549 -6.8562
X -0.7518 -0.1779 -0.6350
Y -0.2019  0.9788 -0.0352
Z  0.6277  0.1017 -0.7717

PART 76
OFFSET  5.0144 -6.8156 -6.8945
X -0.7518 -0.1779 -0.6350
Y -0.2019  0.9788 -0.0352
Z  0.6277  0.1017 -0.7717

PART 77
OFFSET  0.0000 -0.0000 -0.0000
X  1.0000 -0.0000  0.0000
Y  0.0000  1.0000  0.0000
Z  0.0000 -0.0000  1.0000

PART 78
OFFSET -0.0000 -0.0000 -0.0000
X  0.9986  0.0000 -0.0523
Y  0.0055  0.9945  0.1044
Z  0.0520 -0.1045  0.9932

PART 79
OFFSET  1.7536 -0.4323  4.0268
X  0.9986  0.0000 -0.0523
Y  0.0055  0.9945  0.1044
Z  0.0520 -0.1045  0.9932


FRAME 961
PART 0
OFFSET  0.0000 -0.0000 -0.0000
X  1.0000 -0.0000  0.0000
Y  0.0000  1.0000  0.0000
Z  0.0000 -0.0000  1.0000

PART 1
OFFSET -4.6318 -0.0000 -1.3770
X  1.0000 -0.0000  0.0000
Y  0.0000  1.0000  0.0000
Z  0.0000 -0.0000  1.0000

PART 2
OFFSET -3.4941  7.4334 -3.1869
X  0.5939  0.1533 -0.7898
Y  0.1756 -0.9827 -0.0587
Z -0.7852 -0.1038 -0.6105

PART 3
OFFSET  3.6881  9.2874 -12.7389
X  0.7986 -0.4019  0.4479
Y -0.5478 -0.1773  0.8176
Z -0.2492 -0.8984 -0.3617

PART 4
OFFSET  10.4809  5.8690 -8.9291
X  0.7986 -0.4019  0.4479
Y  0.0676  0.7995  0.5969
Z -0.5980 -0.4464  0.6657

PART 5
OFFSET  12.5167  6.8144 -8.1964
X  0.8026 -0.3984  0.4440
Y  0.2548  0.9019  0.3487
Z -0.5394 -0.1667  0.8254

PART 6
OFFSET  11.7966  5.0279 -9.7656
X  0.8026 -0.3984  0.4440
Y  0.2548  0.9019  0.3487
Z -0.5394 -0.1667  0.8254

PART 7
OFFSET  11.3991  5.5401 -6.5711
X  0.8026 -0.3984  0.4440
Y  0.2548  0.9019  0.3487
Z -0.5394 -0.1667  0.8254

PART 8
OFFSET  10.8712  4.3517 -6.9184
X  0.8026 -0.3984  0.4440
Y  0.2548  0.9019  0.3487
Z -0.5394 -0.1667  0.8254

PART 9
OFFSET  10.9390  4.1315 -8.0942
X  0.8026 -0.3984  0.4440
Y  0.2548  0.9019  0.3487
Z -0.5394 -0.1667  0.8254

PART 10
OFFSET  12.9292  4.6369 -7.5558
X  0.8890  0.4571  0.0279
Y -0.3676  0.6759  0.6388
Z  0.2731 -0.5781  0.7689

PART 11
OFFSET  13.0865  5.2574 -6.6111
X  0.7500  0.5930  0.2930
Y -0.6508  0.7408  0.1666
Z -0.1183 -0.3157  0.9415

PART 12
OFFSET  14.6335  6.5934 -5.9098
X  0.9327  0.3473 -0.0968
Y -0.2685  0.8483  0.4563
Z  0.2406 -0.3996  0.8845

PART 13
OFFSET  16.1822  7.0587 -5.9942
X  0.7709  0.5926  0.2335
Y -0.6370  0.7190  0.2779
Z -0.0032 -0.3630  0.9318

PART 14
OFFSET  17.0049  7.6952 -5.6944
X  0.4398  0.8188 -0.3689
Y -0.2521 -0.2817 -0.9258
Z -0.8620  0.5002  0.0825

PART 15
OFFSET  14.1303  4.1831 -8.0608
X  0.9927 -0.0046 -0.1202
Y  0.0914 -0.6203  0.7791
Z -0.0781 -0.7844 -0.6153

PART 16
OFFSET  16.3834  4.2110 -8.1456
X  0.0483 -0.1422  0.9887
Y -0.9834  0.1668  0.0720
Z -0.1752 -0.9757 -0.1318

PART 17
OFFSET  16.4518  4.0097 -6.7459
X -0.3202 -0.0626  0.9453
Y -0.9363  0.1732 -0.3057
Z -0.1446 -0.9829 -0.1141

PART 18
OFFSET  16.1679  3.9541 -5.9078
X -0.5889  0.0049  0.8082
Y -0.7820  0.2488 -0.5714
Z -0.2039 -0.9685 -0.1427

PART 19
OFFSET  15.6084  3.9588 -5.1400
X  0.9709 -0.0199 -0.2388
Y -0.2372  0.0623 -0.9695
Z  0.0341  0.9979  0.0558

PART 20
OFFSET  14.0434  4.8136 -7.7375
X  0.9605  0.2239 -0.1650
Y  0.2707 -0.6165  0.7394
Z  0.0639 -0.7549 -0.6528

PART 21
OFFSET  16.6015  5.1983 -7.9951
X  0.3995 -0.3962  0.8267
Y -0.8629  0.1418  0.4850
Z -0.3094 -0.9071 -0.2853

PART 22
OFFSET  17.2817  4.5237 -6.5876
X -0.4629 -0.1091  0.8797
Y -0.8376  0.3788 -0.3938
Z -0.2902 -0.9190 -0.2667

PART 23
OFFSET  16.6401  4.3725 -5.3685
X -0.7438  0.0353  0.6675
Y -0.6031  0.3951 -0.6929
Z -0.2881 -0.9180 -0.2726

PART 24
OFFSET  15.8335  4.4107 -4.6446
X  0.9397 -0.2997 -0.1645
Y -0.0549  0.3426 -0.9379
Z  0.3375  0.8904  0.3055

PART 25
OFFSET  15.2324  6.8093 -6.0434
X  0.9835  0.1386  0.1165
Y -0.0172  0.7119 -0.7020
Z -0.1803  0.6884  0.7025

PART 26
OFFSET  16.0144  7.1426 -7.2510
X  0.9382 -0.3180  0.1370
Y -0.2790 -0.4602  0.8428
Z -0.2050 -0.8289 -0.5204

PART 27
OFFSET  17.6662  6.5828 -7.0099
X  0.3741 -0.6320  0.6787
Y -0.9026 -0.0801  0.4229
Z -0.2130 -0.7708 -0.6004

PART 28
OFFSET  18.1339  5.8613 -6.1483
X -0.3297 -0.4323  0.8393
Y -0.9258  0.3221 -0.1978
Z -0.1848 -0.8423 -0.5064

PART 29
OFFSET  17.7614  5.3731 -5.2003
X  0.8911 -0.3869 -0.2371
Y  0.0594  0.6174 -0.7844
Z  0.4499  0.6849  0.5731

PART 30
OFFSET  16.3674  6.2569 -7.8090
X  0.6599 -0.4163  0.6255
Y -0.7327 -0.1723  0.6584
Z -0.1663 -0.8927 -0.4187

PART 31
OFFSET  17.6565  5.4437 -6.5871
X -0.2544 -0.3633  0.8963
Y -0.9437  0.2960 -0.1479
Z -0.2116 -0.8834 -0.4182

PART 32
OFFSET  17.2849  4.9130 -5.2780
X -0.7748 -0.1024  0.6238
Y -0.5818  0.5014 -0.6404
Z -0.2473 -0.8591 -0.4481

PART 33
OFFSET  16.4060  4.7906 -4.5742
X  0.9815 -0.1869 -0.0407
Y  0.0349  0.3843 -0.9225
Z  0.1880  0.9041  0.3838

PART 34
OFFSET  15.9537  4.6309 -6.6526
X  0.0280 -0.7942 -0.6071
Y -0.2731  0.5781 -0.7689
Z  0.9616  0.1873 -0.2007

PART 35
OFFSET  12.3984  6.3005 -8.8425
X  0.8026 -0.3984  0.4440
Y  0.2548  0.9019  0.3487
Z -0.5394 -0.1667  0.8254

PART 36
OFFSET  11.7966  5.0279 -9.7656
X  0.8026 -0.3984  0.4440
Y  0.2548  0.9019  0.3487
Z -0.5394 -0.1667  0.8254

PART 37
OFFSET  11.3991  5.5401 -6.5711
X  0.8026 -0.3984  0.4440
Y  0.2548  0.9019  0.3487
Z -0.5394 -0.1667  0.8254

PART 38
OFFSET  10.8712  4.3517 -6.9184
X  0.8026 -0.3984  0.4440
Y  0.2548  0.9019  0.3487
Z -0.5394 -0.1667  0.8254

PART 39
OFFSET  10.9390  4.1315 -8.0942
X  0.8026 -0.3984  0.4440
Y  0.2548  0.9019  0.3487
Z -0.5394 -0.1667  0.8254

PART 40
OFFSET  8.8981 -0.7285 -5.6775
X  0.7580  0.6446 -0.0997
Y -0.6516  0.7552 -0.0709
Z  0.0295  0.1187  0.9925

PART 41
OFFSET  8.8981 -0.7285 -5.6775
X  0.7580  0.6446 -0.0997
Y -0.6516  0.7552 -0.0709
Z  0.0295  0.1187  0.9925

PART 42
OFFSET  12.0889  2.0310 -5.8213
X  0.7580  0.6446 -0.0997
Y -0.6516  0.7552 -0.0709
Z  0.0295  0.1187  0.9925

PART 43
OFFSET  14.5111  3.1446 -4.2068
X  0.7580  0.6446 -0.0997
Y -0.6516  0.7552 -0.0709
Z  0.0295  0.1187  0.9925

PART 44
OFFSET -5.9460 -7.9373 -3.1869
X -0.2861 -0.0148  0.9581
Y -0.2959 -0.9496 -0.1030
Z  0.9114 -0.3130  0.2673

PART 45
OFFSET -2.4865 -7.7586 -14.7741
X -0.7603 -0.1937 -0.6201
Y  0.6148  0.0940 -0.7831
Z  0.2099 -0.9766  0.0476

PART 46
OFFSET  3.9798 -6.1113 -9.5000
X -0.7603 -0.1937 -0.6201
Y  0.5528  0.3084 -0.7741
Z  0.3412 -0.9313 -0.1274

PART 47
OFFSET  4.3782 -4.7843 -8.0837
X -0.7645 -0.1916 -0.6155
Y -0.2166  0.9756 -0.0346
Z  0.6072  0.1069 -0.7874

PART 48
OFFSET  4.2077 -5.3924 -7.0653
X -0.7645 -0.1916 -0.6155
Y -0.2166  0.9756 -0.0346
Z  0.6072  0.1069 -0.7874

PART 49
OFFSET  4.6940 -6.6463 -7.1094
X -0.7645 -0.1916 -0.6155
Y -0.2166  0.9756 -0.0346
Z  0.6072  0.1069 -0.7874

PART 50
OFFSET  6.3105 -5.5175 -7.5991
X -0.6389 -0.7535 -0.1549
Y  0.3038 -0.0621 -0.9507
Z  0.7068 -0.6545  0.2686

PART 51
OFFSET  6.0145 -4.8498 -6.7222
X  0.0481 -0.8978 -0.4378
Y  0.2824  0.4327 -0.8562
Z  0.9581 -0.0824  0.2743

PART 52
OFFSET  5.8291 -2.9511 -5.7072
X -0.4499 -0.8151  0.3649
Y  0.2385 -0.5034 -0.8305
Z  0.8606 -0.2866  0.4209

PART 53
OFFSET  6.4733 -1.6332 -6.3930
X -0.3655 -0.2598  0.8938
Y -0.1051 -0.9426 -0.3169
Z  0.9249 -0.2098  0.3173

PART 54
OFFSET  6.8280 -1.3267 -7.3687
X -0.8856 -0.2513  0.3907
Y -0.4600  0.5914 -0.6623
Z -0.0647 -0.7662 -0.6393

PART 55
OFFSET  7.0336 -4.8141 -8.5402
X -0.5239 -0.7794  0.3435
Y  0.8512 -0.4649  0.2435
Z -0.0301  0.4200  0.9070

PART 56
OFFSET  8.1020 -2.9447 -9.2097
X  0.5678 -0.8097  0.1485
Y  0.7885  0.4831 -0.3807
Z  0.2365  0.3332  0.9127

PART 57
OFFSET  7.2982 -1.7983 -9.4199
X  0.9651  0.0200 -0.2612
Y -0.0917  0.9598 -0.2654
Z  0.2454  0.2801  0.9281

PART 58
OFFSET  6.4426 -1.8161 -9.1883
X  0.4811  0.7732 -0.4131
Y -0.8460  0.5331  0.0127
Z  0.2300  0.3433  0.9106

PART 59
OFFSET  5.9855 -2.5507 -8.7958
X  0.1298 -0.9757  0.1763
Y -0.9192 -0.0517  0.3905
Z -0.3719 -0.2127 -0.9036

PART 60
OFFSET  7.0709 -4.6985 -7.8368
X -0.5744 -0.8043  0.1524
Y  0.8044 -0.5201  0.2871
Z -0.1516  0.2875  0.9457

PART 61
OFFSET  8.6020 -2.6653 -8.3665
X  0.5395 -0.7996  0.2638
Y  0.8230  0.4347 -0.3656
Z  0.1777  0.4144  0.8926

PART 62
OFFSET  7.6835 -1.3040 -8.8155
X  0.9292  0.2297 -0.2896
Y -0.3200  0.8920 -0.3192
Z  0.1850  0.3893  0.9023

PART 63
OFFSET  6.3957 -1.6224 -8.4142
X  0.3198  0.8463 -0.4261
Y -0.9304  0.3656  0.0279
Z  0.1794  0.3875  0.9042

PART 64
OFFSET  6.0489 -2.5402 -7.9520
X  0.2783 -0.8831  0.3777
Y -0.9523 -0.2025  0.2282
Z -0.1250 -0.4232 -0.8974

PART 65
OFFSET  3.7734 -8.9519 -7.2960
X -0.4634 -0.8790  0.1128
Y -0.8495  0.4043 -0.3390
Z  0.2524 -0.2529 -0.9340

PART 66
OFFSET  8.8334 -2.7776 -6.1785
X -0.6185 -0.7826  0.0711
Y  0.7804 -0.6010  0.1725
Z -0.0923  0.1621  0.9824

PART 67
OFFSET  9.9223 -1.3997 -6.3036
X -0.5934 -0.8006  0.0828
Y  0.7941 -0.5655  0.2227
Z -0.1315  0.1979  0.9714

PART 68
OFFSET  10.6357 -0.4144 -6.3453
X -0.5788 -0.8153  0.0159
Y  0.8003 -0.5643  0.2028
Z -0.1564  0.1301  0.9791

PART 69
OFFSET  11.2895  0.5065 -6.3632
X -0.5780  0.8114  0.0872
Y  0.8071  0.5842 -0.0853
Z -0.1201  0.0211 -0.9925

PART 70
OFFSET  8.9681 -2.8080 -7.2746
X  0.4201 -0.8542  0.3063
Y  0.9075  0.3957 -0.1411
Z -0.0006  0.3373  0.9414

PART 71
OFFSET  8.1473 -1.1393 -7.8729
X  0.9928  0.1115 -0.0438
Y -0.1198  0.9193 -0.3748
Z -0.0015  0.3773  0.9261

PART 72
OFFSET  6.6972 -1.3022 -7.8090
X  0.4110  0.8322 -0.3721
Y -0.9110  0.3596 -0.2019
Z -0.0342  0.4220  0.9060

PART 73
OFFSET  6.2314 -2.2475 -7.3941
X  0.2689 -0.8948  0.3564
Y -0.9616 -0.2283  0.1523
Z -0.0550 -0.3837 -0.9218

PART 74
OFFSET  4.3781 -4.7843 -8.0836
X -0.7645 -0.1916 -0.6155
Y -0.2166  0.9756 -0.0346
Z  0.6072  0.1069 -0.7874

PART 75
OFFSET  4.2075 -5.3922 -7.0652
X -0.7645 -0.1916 -0.6155
Y -0.2166  0.9756 -0.0346
Z  0.6072  0.1069 -0.7874

PART 76
OFFSET  4.6941 -6.6463 -7.1094
X -0.7645 -0.1916 -0.6155
Y -0.2166  0.9756 -0.0346
Z  0.6072  0.1069 -0.7874

PART 77
OFFSET  0.0000 -0.0000 -0.0000
X  1.0000 -0.0000  0.0000
Y  0.0000  1.0000  0.0000
Z  0.0000 -0.0000  1.0000

PART 78
OFFSET -0.0000 -0.0000 -0.0000
X  0.9988 -0.0000 -0.0496
Y  0.0049  0.9950  0.0996
Z  0.0493 -0.0997  0.9938

PART 79
OFFSET  1.7425 -0.4123  4.0338
X  0.9988 -0.0000 -0.0496
Y  0.0049  0.9950  0.0996
Z  0.0493 -0.0997  0.9938


FRAME 962
PART 0
OFFSET  0.0000 -0.0000 -0.0000
X  1.0000 -0.0000  0.0000
Y  0.0000  1.0000  0.0000
Z  0.0000 -0.0000  1.0000

PART 1
OFFSET -4.6318 -0.0000 -1.3770
X  1.0000 -0.0000  0.0000
Y  0.0000  1.0000  0.0000
Z  0.0000 -0.0000  1.0000

PART 2
OFFSET -3.4922  7.3520 -3.1869
X  0.6344  0.1313 -0.7618
Y  0.1744 -0.9844 -0.0244
Z -0.7530 -0.1174 -0.6474

PART 3
OFFSET  4.1805  8.9397 -12.3995
X  0.7792 -0.3907  0.4901
Y -0.5815 -0.1589  0.7979
Z -0.2338 -0.9067 -0.3510

PART 4
OFFSET  10.8080  5.6171 -8.2306
X  0.7792 -0.3907  0.4901
Y -0.0932  0.7011  0.7069
Z -0.6198 -0.5965  0.5099

PART 5
OFFSET  12.8114  6.5812 -7.4355
X  0.7833 -0.3872  0.4863
Y  0.2399  0.9100  0.3381
Z -0.5735 -0.1482  0.8057

PART 6
OFFSET  12.1576  4.7582 -8.9917
X  0.7833 -0.3872  0.4863
Y  0.2399  0.9100  0.3381
Z -0.5735 -0.1482  0.8057

PART 7
OFFSET  11.6267  5.3436 -5.8293
X  0.7833 -0.3872  0.4863
Y  0.2399  0.9100  0.3381
Z -0.5735 -0.1482  0.8057

PART 8
OFFSET  11.1139  4.1470 -6.1709
X  0.7833 -0.3872  0.4863
Y  0.2399  0.9100  0.3381
Z -0.5735 -0.1482  0.8057

PART 9
OFFSET  11.2308  3.8998 -7.3374
X  0.7833 -0.3872  0.4863
Y  0.2399  0.9100  0.3381
Z -0.5735 -0.1482  0.8057

PART 10
OFFSET  13.1967  4.4194 -6.7280
X  0.9148  0.3912  0.1006
Y -0.3491  0.6405  0.6840
Z  0.2031 -0.6609  0.7225

PART 11
OFFSET  13.3547  4.9422 -5.7260
X  0.7741  0.5123  0.3719
Y -0.6077  0.7659  0.2100
Z -0.1772 -0.3886  0.9042

PART 12
OFFSET  14.9547  6.1025 -4.8523
X  0.9565  0.2900 -0.0319
Y -0.2316  0.8212  0.5216
Z  0.1775 -0.4915  0.8526

PART 13
OFFSET  16.5325  6.4667 -4.8395
X  0.7974  0.5158  0.3133
Y -0.6000  0.7335  0.3193
Z -0.0651 -0.4426  0.8944

PART 14
OFFSET  17.3816  7.0167 -4.4543
X  0.5068  0.8162 -0.2774
Y -0.2314 -0.1812 -0.9558
Z -0.8304  0.5486  0.0970

PART 15
OFFSET  14.3857  3.9311 -7.2293
X  0.9945 -0.0617 -0.0850
Y  0.0188 -0.6913  0.7224
Z -0.1033 -0.7200 -0.6863

PART 16
OFFSET  16.6375  3.8126 -7.2317
X -0.0019 -0.2317  0.9728
Y -0.9726  0.2265  0.0521
Z -0.2324 -0.9460 -0.2258

PART 17
OFFSET  16.6349  3.4845 -5.8544
X -0.3623 -0.1237  0.9238
Y -0.9097  0.2629 -0.3216
Z -0.2031 -0.9569 -0.2078

PART 18
OFFSET  16.3136  3.3749 -5.0353
X -0.6202 -0.0262  0.7840
Y -0.7400  0.3510 -0.5738
Z -0.2601 -0.9360 -0.2371

PART 19
OFFSET  15.7244  3.3500 -4.2905
X  0.9766 -0.0649 -0.2052
Y -0.1924  0.1635 -0.9676
Z  0.0964  0.9844  0.1472

PART 20
OFFSET  14.3265  4.5350 -6.8535
X  0.9790  0.1716 -0.1100
Y  0.1995 -0.6962  0.6896
Z  0.0417 -0.6970 -0.7158

PART 21
OFFSET  16.9127  4.7656 -6.9846
X  0.3385 -0.4938  0.8009
Y -0.8712  0.1571  0.4651
Z -0.3555 -0.8553 -0.3771

PART 22
OFFSET  17.4890  3.9248 -5.6210
X -0.5049 -0.1544  0.8492
Y -0.7943  0.4682 -0.3871
Z -0.3379 -0.8700 -0.3590

PART 23
OFFSET  16.7893  3.7109 -4.4440
X -0.7669  0.0270  0.6412
Y -0.5471  0.4948 -0.6751
Z -0.3355 -0.8686 -0.3647

PART 24
OFFSET  15.9576  3.7401 -3.7486
X  0.9243 -0.3475 -0.1577
Y  0.0062  0.4268 -0.9043
Z  0.3815  0.8349  0.3966

PART 25
OFFSET  15.5714  6.2880 -4.9445
X  0.9847  0.0604  0.1633
Y  0.0580  0.7705 -0.6348
Z -0.1642  0.6346  0.7552

PART 26
OFFSET  16.4225  6.6723 -6.0886
X  0.9091 -0.3920  0.1406
Y -0.3428 -0.5125  0.7873
Z -0.2366 -0.7640 -0.6003

PART 27
OFFSET  18.0232  5.9821 -5.8410
X  0.3040 -0.7134  0.6314
Y -0.9226 -0.0552  0.3818
Z -0.2375 -0.6986 -0.6749

PART 28
OFFSET  18.4072  5.1573 -5.0324
X -0.3914 -0.4810  0.7845
Y -0.8940  0.4007 -0.2004
Z -0.2179 -0.7798 -0.5869

PART 29
OFFSET  17.9651  4.6140 -4.1463
X  0.8732 -0.4244 -0.2395
Y  0.1316  0.6786 -0.7226
Z  0.4693  0.5995  0.6484

PART 30
OFFSET  16.7401  5.8172 -6.7118
X  0.6052 -0.5138  0.6081
Y -0.7689 -0.1792  0.6137
Z -0.2064 -0.8390 -0.5035

PART 31
OFFSET  17.9223  4.8134 -5.5238
X -0.3142 -0.4227  0.8501
Y -0.9156  0.3715 -0.1537
Z -0.2509 -0.8266 -0.5037

PART 32
OFFSET  17.4634  4.1961 -4.2822
X -0.8049 -0.1038  0.5842
Y -0.5212  0.5944 -0.6124
Z -0.2837 -0.7974 -0.5326

PART 33
OFFSET  16.5501  4.0724 -3.6238
X  0.9682 -0.2491 -0.0228
Y  0.0978  0.4608 -0.8821
Z  0.2302  0.8518  0.4705

PART 34
OFFSET  16.1746  4.1277 -5.7229
X  0.0015 -0.7377 -0.6752
Y -0.2031  0.6609 -0.7225
Z  0.9792  0.1382 -0.1488

PART 35
OFFSET  12.7202  6.0523 -8.0739
X  0.7833 -0.3872  0.4863
Y  0.2399  0.9100  0.3381
Z -0.5735 -0.1482  0.8057

PART 36
OFFSET  12.1576  4.7582 -8.9917
X  0.7833 -0.3872  0.4863
Y  0.2399  0.9100  0.3381
Z -0.5735 -0.1482  0.8057

PART 37
OFFSET  11.6267  5.3436 -5.8293
X  0.7833 -0.3872  0.4863
Y  0.2399  0.9100  0.3381
Z -0.5735 -0.1482  0.8057

PART 38
OFFSET  11.1139  4.1470 -6.1709
X  0.7833 -0.3872  0.4863
Y  0.2399  0.9100  0.3381
Z -0.5735 -0.1482  0.8057

PART 39
OFFSET  11.2308  3.8998 -7.3374
X  0.7833 -0.3872  0.4863
Y  0.2399  0.9100  0.3381
Z -0.5735 -0.1482  0.8057

PART 40
OFFSET  8.7522 -0.8043 -5.4893
X  0.8015  0.5978 -0.0138
Y -0.5980  0.8011 -0.0248
Z -0.0038  0.0281  0.9996

PART 41
OFFSET  8.7522 -0.8043 -5.4893
X  0.8015  0.5978 -0.0138
Y -0.5980  0.8011 -0.0248
Z -0.0038  0.0281  0.9996

PART 42
OFFSET  12.1180  1.7335 -5.2689
X  0.8015  0.5978 -0.0138
Y -0.5980  0.8011 -0.0248
Z -0.0038  0.0281  0.9996

PART 43
OFFSET  14.5385  2.5325 -3.4754
X  0.8015  0.5978 -0.0138
Y -0.5980  0.8011 -0.0248
Z -0.0038  0.0281  0.9996

PART 44
OFFSET -6.3398 -7.9373 -3.1869
X -0.2742 -0.0209  0.9615
Y -0.2755 -0.9561 -0.0994
Z  0.9214 -0.2921  0.2564

PART 45
OFFSET -3.0240 -7.6844 -14.8146
X -0.7749 -0.2132 -0.5951
Y  0.5878  0.1034 -0.8024
Z  0.2326 -0.9715  0.0452

PART 46
OFFSET  3.5665 -5.8709 -9.7531
X -0.7749 -0.2132 -0.5951
Y  0.5448  0.2521 -0.7997
Z  0.3206 -0.9439 -0.0792

PART 47
OFFSET  3.9798 -4.5286 -8.3556
X -0.7790 -0.2112 -0.5904
Y -0.2388  0.9705 -0.0320
Z  0.5798  0.1161 -0.8065

PART 48
OFFSET  3.8546 -5.1351 -7.3298
X -0.7790 -0.2112 -0.5904
Y -0.2388  0.9705 -0.0320
Z  0.5798  0.1161 -0.8065

PART 49
OFFSET  4.3666 -6.3784 -7.3837
X -0.7790 -0.2112 -0.5904
Y -0.2388  0.9705 -0.0320
Z  0.5798  0.1161 -0.8065

PART 50
OFFSET  5.9419 -5.2172 -7.9287
X -0.6793 -0.6916 -0.2453
Y  0.3381  0.0017 -0.9411
Z  0.6513 -0.7222  0.2327

PART 51
OFFSET  5.6538 -4.6112 -7.0057
X  0.0080 -0.8567 -0.5158
Y  0.3448  0.4865 -0.8028
Z  0.9387 -0.1714  0.2992

PART 52
OFFSET  5.5499 -2.8015 -5.8292
X -0.5163 -0.8117  0.2731
Y  0.2395 -0.4430 -0.8639
Z  0.8223 -0.3806  0.4231

PART 53
OFFSET  6.3056 -1.4750 -6.3691
X -0.4180 -0.3123  0.8530
Y -0.1526 -0.9015 -0.4049
Z  0.8955 -0.2995  0.3292

PART 54
OFFSET  6.7193 -1.1082 -7.2997
X -0.9153 -0.2240  0.3348
Y -0.3932  0.6776 -0.6215
Z -0.0877 -0.7005 -0.7083

PART 55
OFFSET  6.7471 -4.4842 -8.7759
X -0.5869 -0.7693  0.2524
Y  0.8086 -0.5415  0.2300
Z -0.0402  0.3391  0.9399

PART 56
OFFSET  7.9608 -2.6399 -9.2344
X  0.5077 -0.8564  0.0940
Y  0.8331  0.4601 -0.3071
Z  0.2198  0.2343  0.9470

PART 57
OFFSET  7.2421 -1.4274 -9.3675
X  0.9743 -0.0227 -0.2242
Y -0.0185  0.9835 -0.1800
Z  0.2246  0.1795  0.9578

PART 58
OFFSET  6.3783 -1.4073 -9.1688
X  0.5467  0.7722 -0.3238
Y -0.8095  0.5862  0.0314
Z  0.2141  0.2450  0.9456

PART 59
OFFSET  5.8589 -2.1409 -8.8611
X  0.0591 -0.9941  0.0912
Y -0.9359 -0.0234  0.3516
Z -0.3473 -0.1061 -0.9317

PART 60
OFFSET  6.7628 -4.4340 -8.0640
X -0.6310 -0.7736  0.0582
Y  0.7566 -0.5970  0.2667
Z -0.1715  0.2123  0.9620

PART 61
OFFSET  8.4426 -2.4709 -8.3521
X  0.4754 -0.8547  0.2087
Y  0.8637  0.4083 -0.2954
Z  0.1672  0.3207  0.9323

PART 62
OFFSET  7.6333 -1.0158 -8.7075
X  0.9532  0.1907 -0.2346
Y -0.2483  0.9365 -0.2478
Z  0.1724  0.2944  0.9400

PART 63
OFFSET  6.3122 -1.2801 -8.3824
X  0.3911  0.8569 -0.3358
Y -0.9051  0.4242  0.0283
Z  0.1667  0.2929  0.9415

PART 64
OFFSET  5.8881 -2.2095 -8.0182
X  0.2048 -0.9300  0.3053
Y -0.9720 -0.1566  0.1751
Z -0.1151 -0.3326 -0.9360

PART 65
OFFSET  3.1779 -8.4843 -8.0290
X -0.5234 -0.8519  0.0159
Y -0.8069  0.4896 -0.3305
Z  0.2738 -0.1858 -0.9437

PART 66
OFFSET  8.5760 -2.7919 -6.1767
X -0.6701 -0.7419 -0.0223
Y  0.7321 -0.6657  0.1445
Z -0.1220  0.0805  0.9893

PART 67
OFFSET  9.7559 -1.4857 -6.1375
X -0.6468 -0.7626 -0.0114
Y  0.7460 -0.6357  0.1981
Z -0.1583  0.1196  0.9801

PART 68
OFFSET  10.5326 -0.5513 -6.0641
X -0.6305 -0.7722 -0.0788
Y  0.7531 -0.6331  0.1786
Z -0.1878  0.0533  0.9808

PART 69
OFFSET  11.2447  0.3209 -5.9751
X -0.5275  0.8379  0.1403
Y  0.8460  0.5331 -0.0033
Z -0.0775  0.1169 -0.9901

PART 70
OFFSET  8.7535 -2.7343 -7.2656
X  0.3511 -0.9046  0.2419
Y  0.9362  0.3440 -0.0725
Z -0.0176  0.2519  0.9676

PART 71
OFFSET  8.0676 -0.9672 -7.7381
X  0.9989  0.0471  0.0015
Y -0.0446  0.9549 -0.2935
Z -0.0153  0.2931  0.9559

PART 72
OFFSET  6.6086 -1.0360 -7.7403
X  0.4789  0.8320 -0.2801
Y -0.8768  0.4373 -0.2003
Z -0.0441  0.3415  0.9388

PART 73
OFFSET  6.0659 -1.9804 -7.4298
X  0.1956 -0.9391  0.2827
Y -0.9798 -0.1749  0.0970
Z -0.0416 -0.2960 -0.9543

PART 74
OFFSET  3.9798 -4.5286 -8.3556
X -0.7790 -0.2112 -0.5904
Y -0.2388  0.9705 -0.0320
Z  0.5798  0.1161 -0.8065

PART 75
OFFSET  3.8545 -5.1349 -7.3297
X -0.7790 -0.2112 -0.5904
Y -0.2388  0.9705 -0.0320
Z  0.5798  0.1161 -0.8065

PART 76
OFFSET  4.3667 -6.3784 -7.3838
X -0.7790 -0.2112 -0.5904
Y -0.2388  0.9705 -0.0320
Z  0.5798  0.1161 -0.8065

PART 77
OFFSET  0.0000 -0.0000 -0.0000
X  1.0000 -0.0000  0.0000
Y  0.0000  1.0000  0.0000
Z  0.0000 -0.0000  1.0000

PART 78
OFFSET -0.0000 -0.0000 -0.0000
X  0.9991  0.0000 -0.0434
Y  0.0038  0.9961  0.0882
Z  0.0432 -0.0883  0.9952

PART 79
OFFSET  1.7177 -0.3651  4.0489
X  0.9991  0.0000 -0.0434
Y  0.0038  0.9961  0.0882
Z  0.0432 -0.0883  0.9952


FRAME 963
PART 0
OFFSET  0.0000 -0.0000 -0.0000
X  1.0000 -0.0000  0.0000
Y  0.0000  1.0000  0.0000
Z  0.0000 -0.0000  1.0000

PART 1
OFFSET -4.6318 -0.0000 -1.3770
X  1.0000 -0.0000  0.0000
Y  0.0000  1.0000  0.0000
Z  0.0000 -0.0000  1.0000

PART 2
OFFSET -3.4902  7.2674 -3.1869
X  0.6844  0.1009 -0.7221
Y  0.1629 -0.9865  0.0165
Z -0.7107 -0.1290 -0.6916

PART 3
OFFSET  4.7867  8.4881 -11.9199
X  0.7540 -0.3810  0.5351
Y -0.6182 -0.1362  0.7741
Z -0.2221 -0.9145 -0.3383

PART 4
OFFSET  11.1995  5.2472 -7.3686
X  0.7540 -0.3810  0.5351
Y -0.2409  0.5975  0.7648
Z -0.6112 -0.7055  0.3587

PART 5
OFFSET  13.1692  6.2235 -6.5071
X  0.7583 -0.3777  0.5314
Y  0.2288  0.9174  0.3256
Z -0.6105 -0.1253  0.7820

PART 6
OFFSET  12.5782  4.3639 -8.0450
X  0.7583 -0.3777  0.5314
Y  0.2288  0.9174  0.3256
Z -0.6105 -0.1253  0.7820

PART 7
OFFSET  11.9061  5.0319 -4.9261
X  0.7583 -0.3777  0.5314
Y  0.2288  0.9174  0.3256
Z -0.6105 -0.1253  0.7820

PART 8
OFFSET  11.4034  3.8290 -5.2605
X  0.7583 -0.3777  0.5314
Y  0.2288  0.9174  0.3256
Z -0.6105 -0.1253  0.7820

PART 9
OFFSET  11.5723  3.5516 -6.4138
X  0.7583 -0.3777  0.5314
Y  0.2288  0.9174  0.3256
Z -0.6105 -0.1253  0.7820

PART 10
OFFSET  13.5109  4.0790 -5.7282
X  0.9329  0.3066  0.1891
Y -0.3433  0.5981  0.7241
Z  0.1089 -0.7404  0.6632

PART 11
OFFSET  13.6439  4.4901 -4.6720
X  0.7848  0.4121  0.4629
Y -0.5621  0.7879  0.2514
Z -0.2612 -0.4575  0.8500

PART 12
OFFSET  15.2668  5.4325 -3.6006
X  0.9752  0.2155  0.0496
Y -0.2031  0.7836  0.5871
Z  0.0876 -0.5827  0.8080

PART 13
OFFSET  16.8631  5.6685 -3.4650
X  0.8118  0.4193  0.4064
Y -0.5635  0.7449  0.3572
Z -0.1529 -0.5190  0.8410

PART 14
OFFSET  17.7244  6.1108 -2.9810
X  0.5814  0.7964 -0.1666
Y -0.1840 -0.0708 -0.9804
Z -0.7926  0.6006  0.1054

PART 15
OFFSET  14.6900  3.5483 -6.2095
X  0.9907 -0.1315 -0.0359
Y -0.0768 -0.7561  0.6500
Z -0.1126 -0.6412 -0.7591

PART 16
OFFSET  16.9228  3.2536 -6.0999
X -0.0794 -0.3222  0.9433
Y -0.9548  0.2964  0.0209
Z -0.2864 -0.8991 -0.3312

PART 17
OFFSET  16.8104  2.7974 -4.7644
X -0.4273 -0.1819  0.8856
Y -0.8662  0.3631 -0.3433
Z -0.2591 -0.9138 -0.3127

PART 18
OFFSET  16.4316  2.6361 -3.9791
X -0.6682 -0.0516  0.7422
Y -0.6752  0.4611 -0.5758
Z -0.3125 -0.8859 -0.3429

PART 19
OFFSET  15.7968  2.5871 -3.2740
X  0.9801 -0.1219 -0.1567
Y -0.1193  0.2693 -0.9556
Z  0.1587  0.9553  0.2494

PART 20
OFFSET  14.6518  4.1166 -5.7793
X  0.9939  0.1036 -0.0384
Y  0.1047 -0.7721  0.6268
Z  0.0353 -0.6270 -0.7782

PART 21
OFFSET  17.2510  4.1541 -5.7446
X  0.2510 -0.5928  0.7652
Y -0.8847  0.1803  0.4298
Z -0.3928 -0.7849 -0.4792

PART 22
OFFSET  17.6783  3.1449 -4.4418
X -0.5668 -0.1941  0.8007
Y -0.7323  0.5640 -0.3817
Z -0.3775 -0.8027 -0.4618

PART 23
OFFSET  16.8927  2.8759 -3.3321
X -0.8013  0.0263  0.5977
Y -0.4664  0.5982 -0.6516
Z -0.3747 -0.8009 -0.4671

PART 24
OFFSET  16.0236  2.9044 -2.6839
X  0.9045 -0.4027 -0.1404
Y  0.0937  0.5089 -0.8557
Z  0.4160  0.7608  0.4981

PART 25
OFFSET  15.8999  5.5769 -3.6400
X  0.9744 -0.0331  0.2223
Y  0.1536  0.8203 -0.5509
Z -0.1641  0.5709  0.8044

PART 26
OFFSET  16.8465  5.9998 -4.6917
X  0.8675 -0.4740  0.1507
Y -0.4277 -0.5564  0.7124
Z -0.2539 -0.6825 -0.6854

PART 27
OFFSET  18.3739  5.1653 -4.4264
X  0.2111 -0.7918  0.5731
Y -0.9462 -0.0184  0.3231
Z -0.2453 -0.6105 -0.7531

PART 28
OFFSET  18.6455  4.2397 -3.6840
X -0.4736 -0.5210  0.7101
Y -0.8482  0.4871 -0.2084
Z -0.2373 -0.7009 -0.6726

PART 29
OFFSET  18.1105  3.6512 -2.8819
X  0.8531 -0.4672 -0.2322
Y  0.2256  0.7317 -0.6433
Z  0.4705  0.4964  0.7296

PART 30
OFFSET  17.1390  5.1854 -5.3784
X  0.5269 -0.6153  0.5863
Y -0.8167 -0.1756  0.5497
Z -0.2353 -0.7685 -0.5950

PART 31
OFFSET  18.1684  3.9834 -4.2331
X -0.3966 -0.4754  0.7853
Y -0.8747  0.4554 -0.1660
Z -0.2787 -0.7527 -0.5965

PART 32
OFFSET  17.5891  3.2889 -3.0860
X -0.8452 -0.0951  0.5259
Y -0.4372  0.6891 -0.5780
Z -0.3074 -0.7184 -0.6240

PART 33
OFFSET  16.6300  3.1756 -2.4944
X  0.9470 -0.3213  0.0058
Y  0.1860  0.5334 -0.8252
Z  0.2620  0.7825  0.5648

PART 34
OFFSET  16.3911  3.4594 -4.5950
X -0.0103 -0.6680 -0.7441
Y -0.1089  0.7404 -0.6632
Z  0.9940  0.0742 -0.0804

PART 35
OFFSET  13.1048  5.6788 -7.1354
X  0.7583 -0.3777  0.5314
Y  0.2288  0.9174  0.3256
Z -0.6105 -0.1253  0.7820

PART 36
OFFSET  12.5782  4.3639 -8.0450
X  0.7583 -0.3777  0.5314
Y  0.2288  0.9174  0.3256
Z -0.6105 -0.1253  0.7820

PART 37
OFFSET  11.9061  5.0319 -4.9261
X  0.7583 -0.3777  0.5314
Y  0.2288  0.9174  0.3256
Z -0.6105 -0.1253  0.7820

PART 38
OFFSET  11.4034  3.8290 -5.2605
X  0.7583 -0.3777  0.5314
Y  0.2288  0.9174  0.3256
Z -0.6105 -0.1253  0.7820

PART 39
OFFSET  11.5723  3.5516 -6.4138
X  0.7583 -0.3777  0.5314
Y  0.2288  0.9174  0.3256
Z -0.6105 -0.1253  0.7820

PART 40
OFFSET  8.6282 -0.8726 -5.2620
X  0.8423  0.5315  0.0898
Y -0.5352  0.8444  0.0224
Z -0.0640 -0.0669  0.9957

PART 41
OFFSET  8.6282 -0.8726 -5.2620
X  0.8423  0.5315  0.0898
Y -0.5352  0.8444  0.0224
Z -0.0640 -0.0669  0.9957

PART 42
OFFSET  12.1498  1.3599 -4.6054
X  0.8423  0.5315  0.0898
Y -0.5352  0.8444  0.0224
Z -0.0640 -0.0669  0.9957

PART 43
OFFSET  14.5057  1.7917 -2.6111
X  0.8423  0.5315  0.0898
Y -0.5352  0.8444  0.0224
Z -0.0640 -0.0669  0.9957

PART 44
OFFSET -6.7497 -7.9373 -3.1869
X -0.2708 -0.0312  0.9621
Y -0.2475 -0.9636 -0.1009
Z  0.9303 -0.2655  0.2533

PART 45
OFFSET -3.4742 -7.5601 -14.8227
X -0.7895 -0.2387 -0.5655
Y  0.5554  0.1144 -0.8237
Z  0.2613 -0.9643  0.0423

PART 46
OFFSET  3.2406 -5.5301 -10.0130
X -0.7895 -0.2387 -0.5655
Y  0.5316  0.1947 -0.8243
Z  0.3069 -0.9514 -0.0269

PART 47
OFFSET  3.6662 -4.1675 -8.6390
X -0.7935 -0.2367 -0.5607
Y -0.2670  0.9633 -0.0288
Z  0.5469  0.1268 -0.8275

PART 48
OFFSET  3.5950 -4.7704 -7.6059
X -0.7935 -0.2367 -0.5607
Y -0.2670  0.9633 -0.0288
Z  0.5469  0.1268 -0.8275

PART 49
OFFSET  4.1394 -5.9993 -7.6712
X -0.7935 -0.2367 -0.5607
Y -0.2670  0.9633 -0.0288
Z  0.5469  0.1268 -0.8275

PART 50
OFFSET  5.6609 -4.7984 -8.2794
X -0.7114 -0.6095 -0.3499
Y  0.3953  0.0646 -0.9163
Z  0.5811 -0.7901  0.1950

PART 51
OFFSET  5.3608 -4.2622 -7.3178
X -0.0224 -0.8017 -0.5973
Y  0.4287  0.5321 -0.7302
Z  0.9032 -0.2724  0.3318

PART 52
OFFSET  5.3161 -2.5701 -5.9744
X -0.5902 -0.7908  0.1621
Y  0.2599 -0.3763 -0.8893
Z  0.7643 -0.4827  0.4275

PART 53
OFFSET  6.1987 -1.2618 -6.3371
X -0.4921 -0.3582  0.7934
Y -0.1925 -0.8441 -0.5005
Z  0.8490 -0.3990  0.3464

PART 54
OFFSET  6.6953 -0.8418 -7.2025
X -0.9483 -0.1821  0.2601
Y -0.3032  0.7625 -0.5715
Z -0.0942 -0.6208 -0.7783

PART 55
OFFSET  6.5687 -4.0537 -9.0039
X -0.6561 -0.7412  0.1420
Y  0.7511 -0.6229  0.2189
Z -0.0739  0.2502  0.9654

PART 56
OFFSET  7.9399 -2.2754 -9.2091
X  0.4370 -0.8988  0.0360
Y  0.8819  0.4202 -0.2136
Z  0.1768  0.1251  0.9763

PART 57
OFFSET  7.3212 -1.0030 -9.2600
X  0.9821 -0.0779 -0.1715
Y  0.0645  0.9945 -0.0819
Z  0.1770  0.0694  0.9818

PART 58
OFFSET  6.4505 -0.9340 -9.1079
X  0.6207  0.7541 -0.2148
Y -0.7650  0.6425  0.0451
Z  0.1720  0.1363  0.9756

PART 59
OFFSET  5.8608 -1.6504 -8.9039
X -0.0194 -0.9998 -0.0052
Y -0.9552  0.0170  0.2956
Z -0.2954  0.0107 -0.9553

PART 60
OFFSET  6.5436 -4.0729 -8.2907
X -0.6881 -0.7236 -0.0539
Y  0.6929 -0.6774  0.2470
Z -0.2152  0.1326  0.9675

PART 61
OFFSET  8.3768 -2.2296 -8.2892
X  0.3978 -0.9054  0.1483
Y  0.9080  0.3653 -0.2053
Z  0.1317  0.2164  0.9674

PART 62
OFFSET  7.6995 -0.6882 -8.5417
X  0.9773  0.1365 -0.1618
Y -0.1634  0.9724 -0.1665
Z  0.1346  0.1892  0.9727

PART 63
OFFSET  6.3450 -0.8774 -8.3176
X  0.4727  0.8515 -0.2268
Y -0.8718  0.4894  0.0207
Z  0.1286  0.1879  0.9737

PART 64
OFFSET  5.8323 -1.8009 -8.0716
X  0.1170 -0.9680  0.2219
Y -0.9899 -0.0956  0.1050
Z -0.0805 -0.2319 -0.9694

PART 65
OFFSET  2.6775 -7.8134 -8.8562
X -0.5842 -0.8057 -0.0978
Y -0.7469  0.5808 -0.3239
Z  0.3177 -0.1162 -0.9410

PART 66
OFFSET  8.3506 -2.7657 -6.1526
X -0.7198 -0.6814 -0.1328
Y  0.6712 -0.7319  0.1174
Z -0.1772 -0.0047  0.9842

PART 67
OFFSET  9.6179 -1.5660 -5.9187
X -0.6988 -0.7048 -0.1228
Y  0.6839 -0.7084  0.1744
Z -0.2099  0.0379  0.9770

PART 68
OFFSET  10.4546 -0.7069 -5.7101
X -0.6790 -0.7092 -0.1898
Y  0.6923 -0.7046  0.1557
Z -0.2442 -0.0257  0.9694

PART 69
OFFSET  11.2215  0.0941 -5.4957
X -0.4726  0.8597  0.1939
Y  0.8812  0.4628  0.0963
Z -0.0070  0.2164 -0.9763

PART 70
OFFSET  8.5993 -2.6188 -7.2189
X  0.2684 -0.9483  0.1695
Y  0.9615  0.2746  0.0136
Z -0.0595  0.1593  0.9854

PART 71
OFFSET  8.0750 -0.7663 -7.5499
X  0.9976 -0.0320  0.0610
Y  0.0436  0.9790 -0.1990
Z -0.0534  0.2011  0.9781

PART 72
OFFSET  6.6178 -0.7196 -7.6391
X  0.5548  0.8146 -0.1691
Y -0.8283  0.5220 -0.2035
Z -0.0775  0.2530  0.9644

PART 73
OFFSET  5.9894 -1.6436 -7.4545
X  0.1086 -0.9742  0.1980
Y -0.9941 -0.1057  0.0251
Z -0.0036 -0.1996 -0.9799

PART 74
OFFSET  3.6661 -4.1675 -8.6390
X -0.7935 -0.2367 -0.5607
Y -0.2670  0.9633 -0.0288
Z  0.5469  0.1268 -0.8275

PART 75
OFFSET  3.5948 -4.7702 -7.6059
X -0.7935 -0.2367 -0.5607
Y -0.2670  0.9633 -0.0288
Z  0.5469  0.1268 -0.8275

PART 76
OFFSET  4.1394 -5.9993 -7.6713
X -0.7935 -0.2367 -0.5607
Y -0.2670  0.9633 -0.0288
Z  0.5469  0.1268 -0.8275

PART 77
OFFSET  0.0000 -0.0000 -0.0000
X  1.0000 -0.0000  0.0000
Y  0.0000  1.0000  0.0000
