// Export filename: `C:\projects\cod\t5\xanim_export\t5_viewmodels\ak74u\ak74u_grenadier_gl_sprint_in.XANIM_EXPORT`
// Source filename: `D:\projects\devanim\t5\animation_assets\viewmodels\ak74u/t5_viewmodel_ak74u_animated2.fbx`
// Export time: Sat Aug 28 03:02:56 2010

ANIMATION
VERSION 3

NUMPARTS 80
PART 0 "tag_ads"
PART 1 "tag_torso"
PART 2 "J_Shoulder_LE"
PART 3 "J_Elbow_LE"
PART 4 "J_WristTwist_LE"
PART 5 "J_Sleave_Reshape_Bottom_LE_1"
PART 6 "J_Sleave_Reshape_Bottom_LE_2"
PART 7 "J_Sleave_Reshape_Top_LE_1"
PART 8 "J_Sleave_Reshape_Top_LE_2"
PART 9 "J_Sleave_Reshape_Top_LE_3"
PART 10 "J_Wrist_LE"
PART 11 "J_Thumb_LE_0"
PART 12 "J_Thumb_LE_1"
PART 13 "J_Thumb_LE_2"
PART 14 "J_Thumb_LE_3"
PART 15 "J_PinkyPalm_LE"
PART 16 "J_Pinky_LE_0"
PART 17 "J_Pinky_LE_1"
PART 18 "J_Pinky_LE_2"
PART 19 "J_Pinky_LE_3"
PART 20 "J_RingPalm_LE"
PART 21 "J_Ring_LE_0"
PART 22 "J_Ring_LE_1"
PART 23 "J_Ring_LE_2"
PART 24 "J_Ring_LE_3"
PART 25 "J_Webbing_LE"
PART 26 "J_Index_LE_0"
PART 27 "J_Index_LE_1"
PART 28 "J_Index_LE_2"
PART 29 "J_Index_LE_3"
PART 30 "J_Mid_LE_0"
PART 31 "J_Mid_LE_1"
PART 32 "J_Mid_LE_2"
PART 33 "J_Mid_LE_3"
PART 34 "tag_knife_attach"
PART 35 "D_Sleave_Reshape_Bottom_LE_1"
PART 36 "D_Sleave_Reshape_Bottom_LE_2"
PART 37 "D_Sleave_Reshape_Top_LE_1"
PART 38 "D_Sleave_Reshape_Top_LE_2"
PART 39 "D_Sleave_Reshape_Top_LE_3"
PART 40 "tag_weapon"
PART 41 "J_Gun"
PART 42 "TAG_CLIP"
PART 43 "J_Bolt"
PART 44 "J_Shoulder_RI"
PART 45 "J_Elbow_RI"
PART 46 "J_WristTwist_RI"
PART 47 "J_Sleave_Reshape_Top_RI_3"
PART 48 "J_Sleave_Reshape_Top_RI_2"
PART 49 "J_Sleave_Reshape_Top_RI_1"
PART 50 "J_Wrist_RI"
PART 51 "J_Thumb_RI_0"
PART 52 "J_Thumb_RI_1"
PART 53 "J_Thumb_RI_2"
PART 54 "J_Thumb_RI_3"
PART 55 "J_PinkyPalm_RI"
PART 56 "J_Pinky_RI_0"
PART 57 "J_Pinky_RI_1"
PART 58 "J_Pinky_RI_2"
PART 59 "J_Pinky_RI_3"
PART 60 "J_RingPalm_RI"
PART 61 "J_Ring_RI_0"
PART 62 "J_Ring_RI_1"
PART 63 "J_Ring_RI_2"
PART 64 "J_Ring_RI_3"
PART 65 "J_Webbing_RI"
PART 66 "J_Index_RI_0"
PART 67 "J_Index_RI_1"
PART 68 "J_Index_RI_2"
PART 69 "J_Index_RI_3"
PART 70 "J_Mid_RI_0"
PART 71 "J_Mid_RI_1"
PART 72 "J_Mid_RI_2"
PART 73 "J_Mid_RI_3"
PART 74 "D_Sleave_Reshape_Top_RI_3"
PART 75 "D_Sleave_Reshape_Top_RI_2"
PART 76 "D_Sleave_Reshape_Top_RI_1"
PART 77 "tag_cambone"
PART 78 "tag_camera"
PART 79 "tag_gasmask"

FRAMERATE 30
NUMFRAMES 11

FRAME 2400
PART 0
OFFSET  0.0000 -0.0000 -0.0000
X  1.0000 -0.0000  0.0000
Y  0.0000  1.0000  0.0000
Z  0.0000 -0.0000  1.0000

PART 1
OFFSET -4.6318 -0.0000 -1.3770
X  1.0000 -0.0000  0.0000
Y  0.0000  1.0000  0.0000
Z  0.0000 -0.0000  1.0000

PART 2
OFFSET -1.0115  7.9373 -5.7336
X  0.7429 -0.2656 -0.6145
Y -0.0996 -0.9516  0.2908
Z -0.6620 -0.1548 -0.7333

PART 3
OFFSET  7.9724  4.7255 -13.1656
X  0.8327 -0.4390  0.3375
Y -0.3572  0.0399  0.9332
Z -0.4231 -0.8976 -0.1236

PART 4
OFFSET  15.0547  0.9914 -10.2952
X  0.8327 -0.4390  0.3375
Y -0.5071 -0.3596  0.7833
Z -0.2225 -0.8234 -0.5220

PART 5
OFFSET  17.2960  1.7286 -10.2016
X  0.8360 -0.4368  0.3322
Y  0.4259  0.8982  0.1093
Z -0.3461  0.0502  0.9368

PART 6
OFFSET  16.0386 -0.1594 -11.2149
X  0.8360 -0.4368  0.3322
Y  0.4259  0.8982  0.1093
Z -0.3461  0.0502  0.9368

PART 7
OFFSET  16.4579  0.9126 -8.1653
X  0.8360 -0.4368  0.3322
Y  0.4259  0.8982  0.1093
Z -0.3461  0.0502  0.9368

PART 8
OFFSET  15.7373 -0.2242 -8.1612
X  0.8360 -0.4368  0.3322
Y  0.4259  0.8982  0.1093
Z -0.3461  0.0502  0.9368

PART 9
OFFSET  15.5036 -0.6380 -9.2611
X  0.8360 -0.4368  0.3322
Y  0.4259  0.8982  0.1093
Z -0.3461  0.0502  0.9368

PART 10
OFFSET  17.6075 -0.3546 -9.2606
X  0.5909 -0.3987  0.7013
Y -0.8012 -0.1881  0.5681
Z -0.0946 -0.8976 -0.4305

PART 11
OFFSET  17.0613 -1.0840 -8.5736
X -0.2536 -0.9035  0.3454
Y -0.9656  0.2575 -0.0354
Z -0.0570 -0.3425 -0.9378

PART 12
OFFSET  16.4145 -3.0271 -7.8840
X  0.7426 -0.5246  0.4164
Y -0.6453 -0.7268  0.2351
Z  0.1793 -0.4433 -0.8783

PART 13
OFFSET  17.6719 -3.8803 -7.3242
X  0.9579  0.2748 -0.0828
Y  0.2841 -0.8666  0.4102
Z  0.0409 -0.4165 -0.9082

PART 14
OFFSET  18.7145 -3.6169 -7.4484
X  0.7394  0.2918  0.6068
Y -0.6693  0.4170  0.6150
Z -0.0736 -0.8608  0.5036

PART 15
OFFSET  18.9462 -0.6719 -9.3624
X  0.9378 -0.2580  0.2322
Y -0.1156 -0.8630 -0.4919
Z  0.3273  0.4344 -0.8391

PART 16
OFFSET  20.9915 -1.4208 -8.7787
X -0.3118 -0.9364 -0.1609
Y -0.8543  0.3504 -0.3839
Z  0.4158  0.0178 -0.9093

PART 17
OFFSET  20.5501 -2.7466 -9.0064
X -0.9447  0.0478 -0.3245
Y  0.0695  0.9960 -0.0558
Z  0.3205 -0.0753 -0.9442

PART 18
OFFSET  19.7125 -2.7043 -9.2941
X -0.9426 -0.0293 -0.3326
Y -0.0246  0.9995 -0.0183
Z  0.3329 -0.0091 -0.9429

PART 19
OFFSET  18.8170 -2.7321 -9.6100
X  0.6883 -0.6037  0.4022
Y  0.6301  0.7723  0.0810
Z -0.3595  0.1977  0.9120

PART 20
OFFSET  18.5570 -0.7593 -8.7705
X  0.8078 -0.3270  0.4904
Y -0.0714 -0.8801 -0.4693
Z  0.5851  0.3441 -0.7343

PART 21
OFFSET  20.7421 -1.5375 -7.5965
X -0.1150 -0.9486 -0.2947
Y -0.8775  0.2361 -0.4175
Z  0.4657  0.2105 -0.8596

PART 22
OFFSET  20.5462 -3.1526 -8.0982
X -0.8807  0.0273 -0.4728
Y -0.0631  0.9827  0.1742
Z  0.4694  0.1832 -0.8638

PART 23
OFFSET  19.3256 -3.1148 -8.7535
X -0.8747  0.2050 -0.4391
Y  0.0963  0.9616  0.2571
Z  0.4749  0.1826 -0.8609

PART 24
OFFSET  18.3769 -2.8924 -9.2297
X  0.6850 -0.7083  0.1706
Y  0.5597  0.6616  0.4990
Z -0.4663 -0.2464  0.8496

PART 25
OFFSET  18.1063 -2.3633 -6.4272
X  0.6846 -0.5883  0.4303
Y  0.2308  0.7350  0.6376
Z -0.6914 -0.3372  0.6390

PART 26
OFFSET  19.3409 -1.7162 -5.9392
X  0.8166 -0.3658  0.4465
Y -0.2447 -0.9200 -0.3062
Z  0.5228  0.1407 -0.8407

PART 27
OFFSET  20.7786 -2.3603 -5.1530
X  0.5269 -0.8377  0.1436
Y -0.6587 -0.5093 -0.5539
Z  0.5371  0.1973 -0.8201

PART 28
OFFSET  21.3865 -3.3906 -4.9286
X -0.2120 -0.9367 -0.2788
Y -0.7402  0.3402 -0.5800
Z  0.6381  0.0834 -0.7654

PART 29
OFFSET  21.1471 -4.4486 -5.2436
X  0.9167  0.0213  0.3990
Y -0.1064  0.9755  0.1924
Z -0.3852 -0.2188  0.8965

PART 30
OFFSET  20.1300 -1.6307 -6.7076
X -0.1220 -0.8957 -0.4276
Y -0.8386  0.3234 -0.4383
Z  0.5309  0.3051 -0.7906

PART 31
OFFSET  19.8918 -3.3805 -7.5429
X -0.8340  0.0186 -0.5515
Y -0.1763  0.9380  0.2983
Z  0.5228  0.3460 -0.7790

PART 32
OFFSET  18.6736 -3.3533 -8.3484
X -0.8372  0.3667 -0.4057
Y  0.1142  0.8427  0.5261
Z  0.5348  0.3941 -0.7474

PART 33
OFFSET  17.7291 -2.9357 -8.8136
X  0.5348 -0.8447  0.0229
Y  0.6644  0.4371  0.6062
Z -0.5220 -0.3090  0.7950

PART 34
OFFSET  19.4972 -2.7019 -8.3213
X  0.5391  0.3174 -0.7801
Y  0.0946  0.8976  0.4305
Z  0.8369 -0.3059  0.4539

PART 35
OFFSET  16.9746  1.1409 -10.6985
X  0.8360 -0.4368  0.3322
Y  0.4259  0.8982  0.1093
Z -0.3461  0.0502  0.9368

PART 36
OFFSET  16.0386 -0.1594 -11.2149
X  0.8360 -0.4368  0.3322
Y  0.4259  0.8982  0.1093
Z -0.3461  0.0502  0.9368

PART 37
OFFSET  16.4579  0.9126 -8.1653
X  0.8360 -0.4368  0.3322
Y  0.4259  0.8982  0.1093
Z -0.3461  0.0502  0.9368

PART 38
OFFSET  15.7373 -0.2242 -8.1612
X  0.8360 -0.4368  0.3322
Y  0.4259  0.8982  0.1093
Z -0.3461  0.0502  0.9368

PART 39
OFFSET  15.5036 -0.6380 -9.2611
X  0.8360 -0.4368  0.3322
Y  0.4259  0.8982  0.1093
Z -0.3461  0.0502  0.9368

PART 40
OFFSET  5.3789 -3.4276 -5.4275
X  0.9894  0.0070  0.1450
Y -0.0284  0.9889  0.1459
Z -0.1424 -0.1485  0.9786

PART 41
OFFSET  5.3789 -3.4276 -5.4275
X  0.9894  0.0070  0.1450
Y -0.0284  0.9889  0.1459
Z -0.1424 -0.1485  0.9786

PART 42
OFFSET  9.5059 -3.4248 -4.5414
X  0.9894  0.0070  0.1450
Y -0.0284  0.9889  0.1459
Z -0.1424 -0.1485  0.9786

PART 43
OFFSET  11.6405 -4.5186 -2.5513
X  0.9894  0.0070  0.1450
Y -0.0284  0.9889  0.1459
Z -0.1424 -0.1485  0.9786

PART 44
OFFSET -3.5060 -7.9373 -3.1869
X  0.4610  0.0458  0.8862
Y  0.0729 -0.9972  0.0136
Z  0.8844  0.0583 -0.4631

PART 45
OFFSET -9.0819 -8.4912 -13.9044
X -0.7968 -0.3632 -0.4829
Y  0.3185  0.4267 -0.8465
Z  0.5135 -0.8283 -0.2243

PART 46
OFFSET -2.3046 -5.4020 -9.7975
X -0.7968 -0.3632 -0.4829
Y  0.4818  0.1004 -0.8705
Z  0.3647 -0.9263  0.0950

PART 47
OFFSET -1.9819 -4.2470 -8.2203
X -0.8001 -0.3635 -0.4772
Y -0.5157  0.8231  0.2378
Z  0.3063  0.4364 -0.8460

PART 48
OFFSET -1.6700 -5.0193 -7.3588
X -0.8001 -0.3635 -0.4772
Y -0.5157  0.8231  0.2378
Z  0.3063  0.4364 -0.8460

PART 49
OFFSET -0.8419 -5.9882 -7.7904
X -0.8001 -0.3635 -0.4772
Y -0.5157  0.8231  0.2378
Z  0.3063  0.4364 -0.8460

PART 50
OFFSET  0.1382 -4.2885 -8.3172
X -0.9885 -0.0089 -0.1512
Y  0.1480  0.1566 -0.9765
Z  0.0324 -0.9876 -0.1534

PART 51
OFFSET  0.4268 -4.0300 -7.2438
X -0.6170 -0.4279 -0.6605
Y  0.4885  0.4497 -0.7477
Z  0.6170 -0.7840 -0.0685

PART 52
OFFSET  1.6752 -3.1080 -5.7402
X -0.8893 -0.3849  0.2469
Y -0.2105 -0.1348 -0.9683
Z  0.4060 -0.9130  0.0389

PART 53
OFFSET  3.0528 -2.3923 -6.2009
X -0.4223 -0.3004  0.8552
Y -0.7537 -0.4079 -0.5154
Z  0.5036 -0.8622 -0.0541

PART 54
OFFSET  3.4993 -2.0211 -7.1145
X -0.7906  0.2481  0.5599
Y  0.0868  0.9505 -0.2985
Z -0.6062 -0.1874 -0.7729

PART 55
OFFSET  1.1266 -3.9137 -9.2039
X -0.9160 -0.3054  0.2600
Y  0.2683 -0.9484 -0.1688
Z  0.2982 -0.0848  0.9507

PART 56
OFFSET  3.1953 -3.1236 -9.6290
X -0.1783 -0.9483 -0.2627
Y  0.8885 -0.0405 -0.4571
Z  0.4228 -0.3149  0.8498

PART 57
OFFSET  3.4477 -1.7810 -9.2571
X  0.6837 -0.5015 -0.5301
Y  0.6159  0.7862  0.0506
Z  0.3914 -0.3611  0.8464

PART 58
OFFSET  2.8416 -1.3364 -8.7870
X  0.8802  0.3578 -0.3119
Y -0.2105  0.8832  0.4192
Z  0.4255 -0.3033  0.8526

PART 59
OFFSET  2.0054 -1.6763 -8.4907
X -0.6026 -0.7842 -0.1479
Y -0.6715  0.3982  0.6249
Z -0.4312  0.4759 -0.7666

PART 60
OFFSET  1.2502 -4.1537 -8.5431
X -0.9731 -0.2100  0.0948
Y  0.1970 -0.9718 -0.1299
Z  0.1194 -0.1077  0.9870

PART 61
OFFSET  3.7623 -3.6143 -8.9385
X -0.1884 -0.9712 -0.1462
Y  0.8784 -0.1001 -0.4673
Z  0.4392 -0.2165  0.8719

PART 62
OFFSET  4.0831 -1.9609 -8.6896
X  0.8078 -0.3318 -0.4872
Y  0.4067  0.9120  0.0534
Z  0.4266 -0.2413  0.8717

PART 63
OFFSET  2.9635 -1.5011 -8.0144
X  0.8193  0.5142 -0.2539
Y -0.3889  0.8235  0.4130
Z  0.4214 -0.2396  0.8746

PART 64
OFFSET  2.0750 -2.0587 -7.7390
X -0.4284 -0.9035  0.0151
Y -0.8059  0.3896  0.4459
Z -0.4088  0.1788 -0.8950

PART 65
OFFSET -4.0834 -4.9873 -8.2031
X -0.9497 -0.3133  0.0039
Y -0.3124  0.9478  0.0646
Z -0.0239  0.0601 -0.9979

PART 66
OFFSET  3.8902 -4.7389 -7.0485
X -0.9902 -0.1341  0.0403
Y  0.1200 -0.9610 -0.2490
Z  0.0721 -0.2417  0.9677

PART 67
OFFSET  5.6336 -4.5029 -7.1194
X -0.9853 -0.1667  0.0383
Y  0.1560 -0.9677 -0.1978
Z  0.0700 -0.1889  0.9795

PART 68
OFFSET  6.8356 -4.3117 -7.1064
X -0.9870 -0.1578 -0.0312
Y  0.1608 -0.9627 -0.2175
Z  0.0043 -0.2197  0.9756

PART 69
OFFSET  7.9504 -4.1334 -7.0712
X  0.1773  0.8587  0.4809
Y  0.9800 -0.1094 -0.1660
Z -0.0900  0.5007 -0.8609

PART 70
OFFSET  3.9396 -4.3928 -8.0965
X -0.3100 -0.9469 -0.0857
Y  0.9144 -0.2722 -0.2997
Z  0.2604 -0.1712  0.9502

PART 71
OFFSET  4.5451 -2.5431 -7.9291
X  0.7731 -0.5503 -0.3155
Y  0.5651  0.8234 -0.0515
Z  0.2881 -0.1385  0.9475

PART 72
OFFSET  3.4160 -1.7393 -7.4683
X  0.8742  0.4240 -0.2368
Y -0.3844  0.9021  0.1961
Z  0.2967 -0.0804  0.9516

PART 73
OFFSET  2.4236 -2.2183 -7.2068
X -0.4437 -0.8962 -0.0046
Y -0.8324  0.4103  0.3726
Z -0.3320  0.1691 -0.9280

PART 74
OFFSET -1.9819 -4.2470 -8.2202
X -0.8001 -0.3635 -0.4772
Y -0.5157  0.8231  0.2378
Z  0.3063  0.4364 -0.8460

PART 75
OFFSET -1.6701 -5.0191 -7.3586
X -0.8001 -0.3635 -0.4772
Y -0.5157  0.8231  0.2378
Z  0.3063  0.4364 -0.8460

PART 76
OFFSET -0.8418 -5.9881 -7.7905
X -0.8001 -0.3635 -0.4772
Y -0.5157  0.8231  0.2378
Z  0.3063  0.4364 -0.8460

PART 77
OFFSET  0.0000 -0.0000 -0.0000
X  1.0000 -0.0000  0.0000
Y  0.0000  1.0000  0.0000
Z  0.0000 -0.0000  1.0000

PART 78
OFFSET  0.0000 -0.0000 -0.0000
X  1.0000 -0.0000  0.0000
Y  0.0000  1.0000  0.0000
Z  0.0000 -0.0000  1.0000

PART 79
OFFSET  1.5404 -0.0000  4.1357
X  1.0000 -0.0000  0.0000
Y  0.0000  1.0000  0.0000
Z  0.0000 -0.0000  1.0000


FRAME 2401
PART 0
OFFSET  0.0000 -0.0000 -0.0000
X  1.0000 -0.0000  0.0000
Y  0.0000  1.0000  0.0000
Z  0.0000 -0.0000  1.0000

PART 1
OFFSET -4.6318 -0.0000 -1.3770
X  1.0000 -0.0000  0.0000
Y  0.0000  1.0000  0.0000
Z  0.0000 -0.0000  1.0000

PART 2
OFFSET -1.0115  7.9373 -5.7336
X  0.7368 -0.2597 -0.6242
Y -0.0918 -0.9532  0.2881
Z -0.6698 -0.1550 -0.7262

PART 3
OFFSET  7.8994  4.7969 -13.2831
X  0.8395 -0.4366  0.3235
Y -0.3443  0.0334  0.9383
Z -0.4204 -0.8991 -0.1223

PART 4
OFFSET  15.0396  1.0837 -10.5312
X  0.8395 -0.4366  0.3235
Y -0.4901 -0.3510  0.7979
Z -0.2348 -0.8284 -0.5086

PART 5
OFFSET  17.2782  1.8316 -10.4652
X  0.8427 -0.4343  0.3183
Y  0.4229  0.8997  0.1079
Z -0.3332  0.0437  0.9418

PART 6
OFFSET  16.0161 -0.0576 -11.4704
X  0.8427 -0.4343  0.3183
Y  0.4229  0.8997  0.1079
Z -0.3332  0.0437  0.9418

PART 7
OFFSET  16.4728  1.0012 -8.4216
X  0.8427 -0.4343  0.3183
Y  0.4229  0.8997  0.1079
Z -0.3332  0.0437  0.9418

PART 8
OFFSET  15.7579 -0.1392 -8.4132
X  0.8427 -0.4343  0.3183
Y  0.4229  0.8997  0.1079
Z -0.3332  0.0437  0.9418

PART 9
OFFSET  15.5109 -0.5486 -9.5119
X  0.8427 -0.4343  0.3183
Y  0.4229  0.8997  0.1079
Z -0.3332  0.0437  0.9418

PART 10
OFFSET  17.6131 -0.2547 -9.5393
X  0.6040 -0.3798  0.7006
Y -0.7916 -0.1843  0.5826
Z -0.0921 -0.9065 -0.4120

PART 11
OFFSET  17.0831 -0.9756 -8.8311
X -0.2405 -0.8990  0.3661
Y -0.9684  0.2481 -0.0270
Z -0.0665 -0.3610 -0.9302

PART 12
OFFSET  16.4637 -2.9108 -8.0956
X  0.7530 -0.5098  0.4161
Y -0.6353 -0.7279  0.2578
Z  0.1714 -0.4585 -0.8720

PART 13
OFFSET  17.7363 -3.7418 -7.5370
X  0.9541  0.2817 -0.1012
Y  0.2976 -0.8560  0.4227
Z  0.0324 -0.4335 -0.9006

PART 14
OFFSET  18.7747 -3.4715 -7.6805
X  0.7448  0.3100  0.5909
Y -0.6647  0.4227  0.6160
Z -0.0588 -0.8516  0.5209

PART 15
OFFSET  18.9533 -0.5620 -9.6535
X  0.9432 -0.2451  0.2242
Y -0.1144 -0.8733 -0.4736
Z  0.3119  0.4211 -0.8517

PART 16
OFFSET  21.0130 -1.2812 -9.0837
X -0.3053 -0.9421 -0.1386
Y -0.8627  0.3353 -0.3787
Z  0.4033  0.0040 -0.9151

PART 17
OFFSET  20.5808 -2.6150 -9.2800
X -0.9494  0.0331 -0.3123
Y  0.0596  0.9953 -0.0758
Z  0.3083 -0.0905 -0.9470

PART 18
OFFSET  19.7390 -2.5857 -9.5569
X -0.9467 -0.0441 -0.3189
Y -0.0341  0.9987 -0.0371
Z  0.3202 -0.0242 -0.9470

PART 19
OFFSET  18.8396 -2.6276 -9.8599
X  0.6992 -0.5897  0.4042
Y  0.6240  0.7793  0.0576
Z -0.3489  0.2119  0.9129

PART 20
OFFSET  18.5729 -0.6414 -9.0547
X  0.8174 -0.3103  0.4854
Y -0.0697 -0.8896 -0.4514
Z  0.5719  0.3352 -0.7488

PART 21
OFFSET  20.7808 -1.3773 -7.8962
X -0.1103 -0.9551 -0.2749
Y -0.8852  0.2202 -0.4099
Z  0.4520  0.1981 -0.8697

PART 22
OFFSET  20.5930 -3.0034 -8.3642
X -0.8873  0.0103 -0.4611
Y -0.0697  0.9853  0.1562
Z  0.4559  0.1707 -0.8735

PART 23
OFFSET  19.3633 -2.9891 -9.0033
X -0.8825  0.1887 -0.4309
Y  0.0909  0.9672  0.2373
Z  0.4615  0.1703 -0.8706

PART 24
OFFSET  18.4063 -2.7845 -9.4706
X  0.6938 -0.6987  0.1746
Y  0.5603  0.6760  0.4786
Z -0.4524 -0.2342  0.8605

PART 25
OFFSET  18.1688 -2.2040 -6.6752
X  0.6958 -0.5738  0.4320
Y  0.2327  0.7491  0.6202
Z -0.6795 -0.3310  0.6548

PART 26
OFFSET  19.4039 -1.5367 -6.2167
X  0.8259 -0.3498  0.4422
Y -0.2403 -0.9279 -0.2851
Z  0.5100  0.1292 -0.8504

PART 27
OFFSET  20.8580 -2.1526 -5.4382
X  0.5365 -0.8300  0.1523
Y -0.6614 -0.5257 -0.5349
Z  0.5241  0.1863 -0.8310

PART 28
OFFSET  21.4784 -3.1730 -5.2025
X -0.2071 -0.9437 -0.2579
Y -0.7511  0.3223 -0.5761
Z  0.6268  0.0744 -0.7756

PART 29
OFFSET  21.2445 -4.2389 -5.4939
X  0.9218  0.0372  0.3859
Y -0.1128  0.9781  0.1751
Z -0.3709 -0.2050  0.9058

PART 30
OFFSET  20.1818 -1.4589 -6.9973
X -0.1195 -0.9048 -0.4087
Y -0.8474  0.3074 -0.4329
Z  0.5173  0.2946 -0.8035

PART 31
OFFSET  19.9483 -3.2264 -7.7958
X -0.8415  0.0005 -0.5402
Y -0.1809  0.9420  0.2827
Z  0.5090  0.3356 -0.7926

PART 32
OFFSET  18.7191 -3.2257 -8.5848
X -0.8460  0.3514 -0.4011
Y  0.1136  0.8537  0.5083
Z  0.5210  0.3844 -0.7621

PART 33
OFFSET  17.7646 -2.8256 -9.0448
X  0.5428 -0.8392  0.0316
Y  0.6686  0.4546  0.5885
Z -0.5083 -0.2983  0.8079

PART 34
OFFSET  19.5369 -2.5665 -8.5815
X  0.5255  0.3071 -0.7934
Y  0.0921  0.9065  0.4120
Z  0.8458 -0.2896  0.4481

PART 35
OFFSET  16.9528  1.2449 -10.9605
X  0.8427 -0.4343  0.3183
Y  0.4229  0.8997  0.1079
Z -0.3332  0.0437  0.9418

PART 36
OFFSET  16.0161 -0.0576 -11.4704
X  0.8427 -0.4343  0.3183
Y  0.4229  0.8997  0.1079
Z -0.3332  0.0437  0.9418

PART 37
OFFSET  16.4728  1.0012 -8.4216
X  0.8427 -0.4343  0.3183
Y  0.4229  0.8997  0.1079
Z -0.3332  0.0437  0.9418

PART 38
OFFSET  15.7579 -0.1392 -8.4132
X  0.8427 -0.4343  0.3183
Y  0.4229  0.8997  0.1079
Z -0.3332  0.0437  0.9418

PART 39
OFFSET  15.5109 -0.5486 -9.5119
X  0.8427 -0.4343  0.3183
Y  0.4229  0.8997  0.1079
Z -0.3332  0.0437  0.9418

PART 40
OFFSET  5.4666 -3.3627 -5.4804
X  0.9912  0.0186  0.1312
Y -0.0355  0.9912  0.1274
Z -0.1277 -0.1309  0.9831

PART 41
OFFSET  5.4666 -3.3627 -5.4804
X  0.9912  0.0186  0.1312
Y -0.0355  0.9912  0.1274
Z -0.1277 -0.1309  0.9831

PART 42
OFFSET  9.6050 -3.3060 -4.6514
X  0.9912  0.0186  0.1312
Y -0.0355  0.9912  0.1274
Z -0.1277 -0.1309  0.9831

PART 43
OFFSET  11.7764 -4.3421 -2.6702
X  0.9912  0.0186  0.1312
Y -0.0355  0.9912  0.1274
Z -0.1277 -0.1309  0.9831

PART 44
OFFSET -3.5060 -7.9373 -3.1869
X  0.4554  0.0427  0.8893
Y  0.0651 -0.9978  0.0146
Z  0.8879  0.0513 -0.4572

PART 45
OFFSET -9.0137 -8.4539 -13.9415
X -0.7959 -0.3568 -0.4892
Y  0.3285  0.4243 -0.8438
Z  0.5086 -0.8323 -0.2205

PART 46
OFFSET -2.2446 -5.4195 -9.7805
X -0.7959 -0.3568 -0.4892
Y  0.4926  0.0884 -0.8658
Z  0.3521 -0.9300  0.1054

PART 47
OFFSET -1.9252 -4.2675 -8.2005
X -0.7992 -0.3570 -0.4836
Y -0.5110  0.8271  0.2340
Z  0.3164  0.4341 -0.8435

PART 48
OFFSET -1.6262 -5.0424 -7.3368
X -0.7992 -0.3570 -0.4836
Y -0.5110  0.8271  0.2340
Z  0.3164  0.4341 -0.8435

PART 49
OFFSET -0.8024 -6.0178 -7.7621
X -0.7992 -0.3570 -0.4836
Y -0.5110  0.8271  0.2340
Z  0.3164  0.4341 -0.8435

PART 50
OFFSET  0.1953 -4.3258 -8.2808
X -0.9903 -0.0207 -0.1374
Y  0.1333  0.1391 -0.9813
Z  0.0394 -0.9901 -0.1350

PART 51
OFFSET  0.4960 -4.0442 -7.2166
X -0.6220 -0.4460 -0.6436
Y  0.4742  0.4396 -0.7628
Z  0.6232 -0.7796 -0.0620

PART 52
OFFSET  1.7562 -3.0823 -5.7481
X -0.8823 -0.3881  0.2664
Y -0.2223 -0.1553 -0.9625
Z  0.4149 -0.9085  0.0507

PART 53
OFFSET  3.1208 -2.3633 -6.2413
X -0.4079 -0.2876  0.8665
Y -0.7568 -0.4244 -0.4971
Z  0.5108 -0.8586 -0.0446

PART 54
OFFSET  3.5513 -2.0058 -7.1679
X -0.7851  0.2517  0.5659
Y  0.0740  0.9453 -0.3178
Z -0.6149 -0.2076 -0.7608

PART 55
OFFSET  1.1680 -3.9594 -9.1879
X -0.9096 -0.3085  0.2784
Y  0.2747 -0.9491 -0.1543
Z  0.3118 -0.0639  0.9480

PART 56
OFFSET  3.2234 -3.1590 -9.6565
X -0.1731 -0.9547 -0.2420
Y  0.8826 -0.0413 -0.4684
Z  0.4372 -0.2947  0.8497

PART 57
OFFSET  3.4685 -1.8074 -9.3138
X  0.6810 -0.5055 -0.5298
Y  0.6093  0.7925  0.0271
Z  0.4062 -0.3413  0.8477

PART 58
OFFSET  2.8647 -1.3592 -8.8441
X  0.8725  0.3596 -0.3308
Y -0.2129  0.8892  0.4051
Z  0.4398 -0.2830  0.8523

PART 59
OFFSET  2.0357 -1.7008 -8.5298
X -0.5973 -0.7923 -0.1246
Y -0.6666  0.4041  0.6264
Z -0.4459  0.4572 -0.7695

PART 60
OFFSET  1.3028 -4.1855 -8.5244
X -0.9698 -0.2168  0.1121
Y  0.2042 -0.9723 -0.1140
Z  0.1337 -0.0876  0.9871

PART 61
OFFSET  3.8043 -3.6313 -8.9646
X -0.1814 -0.9754 -0.1250
Y  0.8729 -0.1012 -0.4774
Z  0.4530 -0.1957  0.8698

PART 62
OFFSET  4.1132 -1.9706 -8.7518
X  0.8042 -0.3338 -0.4918
Y  0.3990  0.9164  0.0303
Z  0.4406 -0.2206  0.8702

PART 63
OFFSET  2.9987 -1.5079 -8.0702
X  0.8110  0.5165 -0.2749
Y -0.3908  0.8278  0.4025
Z  0.4355 -0.2190  0.8732

PART 64
OFFSET  2.1191 -2.0681 -7.7720
X -0.4198 -0.9068  0.0383
Y -0.8033  0.3908  0.4494
Z -0.4225  0.1579 -0.8925

PART 65
OFFSET -4.0179 -5.0600 -8.0952
X -0.9466 -0.3216  0.0230
Y -0.3202  0.9460  0.0508
Z -0.0380  0.0407 -0.9984

PART 66
OFFSET  3.9682 -4.7182 -7.0554
X -0.9882 -0.1422  0.0569
Y  0.1254 -0.9645 -0.2322
Z  0.0879 -0.2223  0.9710

PART 67
OFFSET  5.7080 -4.4679 -7.1555
X -0.9831 -0.1747  0.0554
Y  0.1622 -0.9699 -0.1814
Z  0.0854 -0.1694  0.9818

PART 68
OFFSET  6.9083 -4.2657 -7.1633
X -0.9858 -0.1672 -0.0142
Y  0.1666 -0.9653 -0.2012
Z  0.0200 -0.2008  0.9794

PART 69
OFFSET  8.0218 -4.0768 -7.1472
X  0.1761  0.8693  0.4618
Y  0.9786 -0.1038 -0.1778
Z -0.1066  0.4832 -0.8690

PART 70
OFFSET  4.0000 -4.3919 -8.1104
X -0.3024 -0.9511 -0.0633
Y  0.9127 -0.2698 -0.3069
Z  0.2749 -0.1506  0.9496

PART 71
OFFSET  4.5908 -2.5339 -7.9868
X  0.7737 -0.5493 -0.3155
Y  0.5568  0.8273 -0.0750
Z  0.3022 -0.1177  0.9459

PART 72
OFFSET  3.4606 -1.7316 -7.5259
X  0.8669  0.4272 -0.2568
Y -0.3900  0.9022  0.1841
Z  0.3104 -0.0595  0.9488

PART 73
OFFSET  2.4763 -2.2144 -7.2416
X -0.4355 -0.9000  0.0187
Y -0.8310  0.4099  0.3761
Z -0.3462  0.1483 -0.9264

PART 74
OFFSET -1.9252 -4.2675 -8.2005
X -0.7992 -0.3570 -0.4836
Y -0.5110  0.8271  0.2340
Z  0.3164  0.4341 -0.8435

PART 75
OFFSET -1.6263 -5.0422 -7.3366
X -0.7992 -0.3570 -0.4836
Y -0.5110  0.8271  0.2340
Z  0.3164  0.4341 -0.8435

PART 76
OFFSET -0.8024 -6.0177 -7.7622
X -0.7992 -0.3570 -0.4836
Y -0.5110  0.8271  0.2340
Z  0.3164  0.4341 -0.8435

PART 77
OFFSET  0.0000 -0.0000 -0.0000
X  1.0000 -0.0000  0.0000
Y  0.0000  1.0000  0.0000
Z  0.0000 -0.0000  1.0000

PART 78
OFFSET  0.0000 -0.0000 -0.0000
X  1.0000 -0.0000  0.0000
Y  0.0000  1.0000  0.0000
Z  0.0000 -0.0000  1.0000

PART 79
OFFSET  1.5404 -0.0000  4.1357
X  1.0000 -0.0000  0.0000
Y  0.0000  1.0000  0.0000
Z  0.0000 -0.0000  1.0000


FRAME 2402
PART 0
OFFSET  0.0000 -0.0000 -0.0000
X  1.0000 -0.0000  0.0000
Y  0.0000  1.0000  0.0000
Z  0.0000 -0.0000  1.0000

PART 1
OFFSET -4.6318 -0.0000 -1.3770
X  1.0000 -0.0000  0.0000
Y  0.0000  1.0000  0.0000
Z  0.0000 -0.0000  1.0000

PART 2
OFFSET -1.0115  7.9373 -5.7336
X  0.7207 -0.2447 -0.6487
Y -0.0720 -0.9570  0.2810
Z -0.6895 -0.1558 -0.7073

PART 3
OFFSET  7.7043  4.9781 -13.5783
X  0.8569 -0.4299  0.2844
Y -0.3078  0.0158  0.9513
Z -0.4134 -0.9028 -0.1188

PART 4
OFFSET  14.9929  1.3220 -11.1595
X  0.8569 -0.4299  0.2844
Y -0.4409 -0.3255  0.8365
Z -0.2670 -0.8422 -0.4684

PART 5
OFFSET  17.2228  2.0985 -11.1698
X  0.8599 -0.4275  0.2790
Y  0.4154  0.9037  0.1043
Z -0.2967  0.0262  0.9546

PART 6
OFFSET  15.9465  0.2069 -12.1523
X  0.8599 -0.4275  0.2790
Y  0.4154  0.9037  0.1043
Z -0.2967  0.0262  0.9546

PART 7
OFFSET  16.5083  1.2291 -9.1086
X  0.8599 -0.4275  0.2790
Y  0.4154  0.9037  0.1043
Z -0.2967  0.0262  0.9546

PART 8
OFFSET  15.8089  0.0794 -9.0889
X  0.8599 -0.4275  0.2790
Y  0.4154  0.9037  0.1043
Z -0.2967  0.0262  0.9546

PART 9
OFFSET  15.5244 -0.3180 -10.1829
X  0.8599 -0.4275  0.2790
Y  0.4154  0.9037  0.1043
Z -0.2967  0.0262  0.9546

PART 10
OFFSET  17.6201  0.0042 -10.2877
X  0.6387 -0.3257  0.6971
Y -0.7651 -0.1727  0.6203
Z -0.0816 -0.9296 -0.3595

PART 11
OFFSET  17.1355 -0.6907 -9.5231
X -0.2025 -0.8837  0.4220
Y -0.9752  0.2213 -0.0044
Z -0.0895 -0.4124 -0.9066

PART 12
OFFSET  16.5962 -2.5986 -8.6634
X  0.7810 -0.4671  0.4145
Y -0.6055 -0.7290  0.3194
Z  0.1530 -0.5004 -0.8522

PART 13
OFFSET  17.9103 -3.3652 -8.1088
X  0.9418  0.3002 -0.1512
Y  0.3359 -0.8239  0.4564
Z  0.0124 -0.4806 -0.8769

PART 14
OFFSET  18.9351 -3.0765 -8.3046
X  0.7565  0.3605  0.5457
Y -0.6538  0.4383  0.6168
Z -0.0168 -0.8234  0.5673

PART 15
OFFSET  18.9633 -0.2744 -10.4347
X  0.9570 -0.2084  0.2020
Y -0.1069 -0.9003 -0.4220
Z  0.2698  0.3822 -0.8838

PART 16
OFFSET  21.0610 -0.9086 -9.9039
X -0.2839 -0.9558 -0.0770
Y -0.8845  0.2920 -0.3639
Z  0.3703 -0.0352 -0.9282

PART 17
OFFSET  20.6591 -2.2618 -10.0129
X -0.9604 -0.0083 -0.2784
Y  0.0294  0.9910 -0.1307
Z  0.2770 -0.1337 -0.9515

PART 18
OFFSET  19.8075 -2.2691 -10.2598
X -0.9559 -0.0856 -0.2810
Y -0.0629  0.9941 -0.0888
Z  0.2869 -0.0672 -0.9556

PART 19
OFFSET  18.8994 -2.3504 -10.5267
X  0.7291 -0.5488  0.4089
Y  0.6039  0.7970 -0.0070
Z -0.3221  0.2520  0.9126

PART 20
OFFSET  18.6067 -0.3310 -9.8189
X  0.8423 -0.2625  0.4707
Y -0.0611 -0.9142 -0.4006
Z  0.5355  0.3087 -0.7861

PART 21
OFFSET  20.8737 -0.9463 -8.7052
X -0.0936 -0.9711 -0.2195
Y -0.9049  0.1749 -0.3881
Z  0.4152  0.1623 -0.8951

PART 22
OFFSET  20.7144 -2.5996 -9.0789
X -0.9030 -0.0374 -0.4280
Y -0.0913  0.9902  0.1061
Z  0.4198  0.1349 -0.8975

PART 23
OFFSET  19.4629 -2.6515 -9.6720
X -0.9021  0.1424 -0.4075
Y  0.0726  0.9806  0.1821
Z  0.4255  0.1347 -0.8949

PART 24
OFFSET  18.4846 -2.4971 -10.1139
X  0.7186 -0.6702  0.1858
Y  0.5581  0.7151  0.4210
Z -0.4150 -0.1988  0.8878

PART 25
OFFSET  18.3305 -1.7724 -7.3465
X  0.7262 -0.5315  0.4359
Y  0.2338  0.7873  0.5705
Z -0.6465 -0.3124  0.6960

PART 26
OFFSET  19.5622 -1.0498 -6.9700
X  0.8504 -0.3041  0.4294
Y -0.2246 -0.9478 -0.2264
Z  0.4758  0.0960 -0.8743

PART 27
OFFSET  21.0595 -1.5851 -6.2140
X  0.5643 -0.8065  0.1763
Y -0.6652 -0.5707 -0.4815
Z  0.4890  0.1544 -0.8585

PART 28
OFFSET  21.7157 -2.5750 -5.9475
X -0.1900 -0.9613 -0.1996
Y -0.7797  0.2713 -0.5644
Z  0.5967  0.0484 -0.8010

PART 29
OFFSET  21.5011 -3.6608 -6.1729
X  0.9335  0.0816  0.3491
Y -0.1334  0.9829  0.1269
Z -0.3328 -0.1651  0.9284

PART 30
OFFSET  20.3095 -0.9944 -7.7818
X -0.1089 -0.9284 -0.3553
Y -0.8704  0.2617 -0.4170
Z  0.4802  0.2639 -0.8365

PART 31
OFFSET  20.0967 -2.8080 -8.4760
X -0.8599 -0.0503 -0.5080
Y -0.1967  0.9510  0.2387
Z  0.4711  0.3052 -0.8276

PART 32
OFFSET  18.8408 -2.8815 -9.2180
X -0.8690  0.3073 -0.3877
Y  0.1079  0.8826  0.4576
Z  0.4828  0.3559 -0.8001

PART 33
OFFSET  17.8599 -2.5315 -9.6632
X  0.5666 -0.8221  0.0562
Y  0.6762  0.5028  0.5385
Z -0.4709 -0.2671  0.8408

PART 34
OFFSET  19.6397 -2.2024 -9.2799
X  0.4884  0.2771 -0.8274
Y  0.0816  0.9296  0.3595
Z  0.8688 -0.2431  0.4314

PART 35
OFFSET  16.8858  1.5144 -11.6605
X  0.8599 -0.4275  0.2790
Y  0.4154  0.9037  0.1043
Z -0.2967  0.0262  0.9546

PART 36
OFFSET  15.9465  0.2069 -12.1523
X  0.8599 -0.4275  0.2790
Y  0.4154  0.9037  0.1043
Z -0.2967  0.0262  0.9546

PART 37
OFFSET  16.5083  1.2291 -9.1086
X  0.8599 -0.4275  0.2790
Y  0.4154  0.9037  0.1043
Z -0.2967  0.0262  0.9546

PART 38
OFFSET  15.8089  0.0794 -9.0889
X  0.8599 -0.4275  0.2790
Y  0.4154  0.9037  0.1043
Z -0.2967  0.0262  0.9546

PART 39
OFFSET  15.5244 -0.3180 -10.1829
X  0.8599 -0.4275  0.2790
Y  0.4154  0.9037  0.1043
Z -0.2967  0.0262  0.9546

PART 40
OFFSET  5.7154 -3.1902 -5.6241
X  0.9943  0.0511  0.0934
Y -0.0583  0.9954  0.0757
Z -0.0891 -0.0808  0.9927

PART 41
OFFSET  5.7154 -3.1902 -5.6241
X  0.9943  0.0511  0.0934
Y -0.0583  0.9954  0.0757
Z -0.0891 -0.0808  0.9927

PART 42
OFFSET  9.8775 -2.9825 -4.9525
X  0.9943  0.0511  0.0934
Y -0.0583  0.9954  0.0757
Z -0.0891 -0.0808  0.9927

PART 43
OFFSET  12.1456 -3.8539 -3.0005
X  0.9943  0.0511  0.0934
Y -0.0583  0.9954  0.0757
Z -0.0891 -0.0808  0.9927

PART 44
OFFSET -3.5060 -7.9373 -3.1869
X  0.4369  0.0333  0.8989
Y  0.0410 -0.9990  0.0171
Z  0.8986  0.0294 -0.4379

PART 45
OFFSET -8.7901 -8.3404 -14.0579
X -0.7922 -0.3372 -0.5086
Y  0.3592  0.4160 -0.8354
Z  0.4933 -0.8445 -0.2085

PART 46
OFFSET -2.0520 -5.4722 -9.7321
X -0.7922 -0.3372 -0.5086
Y  0.5214  0.0590 -0.8513
Z  0.3171 -0.9396  0.1291

PART 47
OFFSET -1.7430 -4.3281 -8.1443
X -0.7957 -0.3374 -0.5030
Y -0.4962  0.8394  0.2219
Z  0.3474  0.4261 -0.8353

PART 48
OFFSET -1.4841 -5.1100 -7.2739
X -0.7957 -0.3374 -0.5030
Y -0.4962  0.8394  0.2219
Z  0.3474  0.4261 -0.8353

PART 49
OFFSET -0.6744 -6.1053 -7.6795
X -0.7957 -0.3374 -0.5030
Y -0.4962  0.8394  0.2219
Z  0.3474  0.4261 -0.8353

PART 50
OFFSET  0.3768 -4.4383 -8.1730
X -0.9936 -0.0535 -0.0995
Y  0.0945  0.0891 -0.9915
Z  0.0619 -0.9946 -0.0835

PART 51
OFFSET  0.7071 -4.0919 -7.1371
X -0.6319 -0.4960 -0.5956
Y  0.4345  0.4097 -0.8021
Z  0.6418 -0.7656 -0.0434

PART 52
OFFSET  1.9915 -3.0199 -5.7693
X -0.8612 -0.3956  0.3190
Y -0.2520 -0.2128 -0.9441
Z  0.4413 -0.8934  0.0836

PART 53
OFFSET  3.3174 -2.2940 -6.3500
X -0.3688 -0.2507  0.8951
Y -0.7619 -0.4700 -0.4456
Z  0.5324 -0.8463 -0.0177

PART 54
OFFSET  3.7048 -1.9761 -7.3095
X -0.7712  0.2617  0.5803
Y  0.0366  0.9283 -0.3701
Z -0.6355 -0.2642 -0.7255

PART 55
OFFSET  1.3062 -4.0967 -9.1336
X -0.8903 -0.3162  0.3278
Y  0.2951 -0.9487 -0.1137
Z  0.3469 -0.0044  0.9379

PART 56
OFFSET  3.3208 -3.2704 -9.7195
X -0.1552 -0.9705 -0.1844
Y  0.8662 -0.0439 -0.4978
Z  0.4750 -0.2370  0.8475

PART 57
OFFSET  3.5405 -1.8964 -9.4584
X  0.6755 -0.5158 -0.5269
Y  0.5878  0.8081 -0.0376
Z  0.4452 -0.2843  0.8491

PART 58
OFFSET  2.9416 -1.4391 -8.9912
X  0.8500  0.3634 -0.3814
Y -0.2228  0.9040  0.3648
Z  0.4774 -0.2251  0.8494

PART 59
OFFSET  2.1341 -1.7843 -8.6289
X -0.5793 -0.8129 -0.0602
Y -0.6549  0.4202  0.6282
Z -0.4854  0.4033 -0.7757

PART 60
OFFSET  1.4706 -4.2830 -8.4644
X -0.9588 -0.2352  0.1592
Y  0.2268 -0.9715 -0.0696
Z  0.1710 -0.0306  0.9848

PART 61
OFFSET  3.9387 -3.6895 -9.0254
X -0.1588 -0.9851 -0.0662
Y  0.8579 -0.1044 -0.5032
Z  0.4888 -0.1367  0.8616

PART 62
OFFSET  4.2090 -2.0123 -8.9127
X  0.7951 -0.3392 -0.5027
Y  0.3744  0.9267 -0.0332
Z  0.4771 -0.1619  0.8638

PART 63
OFFSET  3.1070 -1.5422 -8.2160
X  0.7861  0.5215 -0.3317
Y -0.3990  0.8381  0.3720
Z  0.4720 -0.1601  0.8669

PART 64
OFFSET  2.2544 -2.1078 -7.8562
X -0.3930 -0.9139  0.1019
Y -0.7973  0.3939  0.4573
Z -0.4581  0.0985 -0.8834

PART 65
OFFSET -3.8053 -5.2693 -7.7934
X -0.9359 -0.3441  0.0749
Y -0.3442  0.9388  0.0122
Z -0.0745 -0.0144 -0.9971

PART 66
OFFSET  4.2001 -4.6669 -7.0685
X -0.9811 -0.1643  0.1020
Y  0.1435 -0.9722 -0.1851
Z  0.1296 -0.1670  0.9774

PART 67
OFFSET  5.9275 -4.3777 -7.2481
X -0.9751 -0.1967  0.1021
Y  0.1823 -0.9739 -0.1355
Z  0.1261 -0.1135  0.9855

PART 68
OFFSET  7.1206 -4.1454 -7.3124
X -0.9807 -0.1929  0.0324
Y  0.1857 -0.9702 -0.1557
Z  0.0615 -0.1467  0.9873

PART 69
OFFSET  8.2283 -3.9275 -7.3489
X  0.1689  0.8974  0.4077
Y  0.9739 -0.0882 -0.2092
Z -0.1518  0.4324 -0.8888

PART 70
OFFSET  4.1855 -4.3975 -8.1398
X -0.2781 -0.9606 -0.0014
Y  0.9083 -0.2625 -0.3256
Z  0.3124 -0.0919  0.9455

PART 71
OFFSET  4.7288 -2.5210 -8.1369
X  0.7769 -0.5456 -0.3142
Y  0.5307  0.8360 -0.1393
Z  0.3387 -0.0585  0.9391

PART 72
OFFSET  3.5940 -1.7241 -7.6780
X  0.8452  0.4348 -0.3110
Y -0.4080  0.9006  0.1502
Z  0.3453 -0.0001  0.9385

PART 73
OFFSET  2.6341 -2.2159 -7.3324
X -0.4095 -0.9086  0.0825
Y -0.8281  0.4082  0.3842
Z -0.3827  0.0890 -0.9196

PART 74
OFFSET -1.7430 -4.3281 -8.1442
X -0.7957 -0.3374 -0.5030
Y -0.4962  0.8394  0.2219
Z  0.3474  0.4261 -0.8353

PART 75
OFFSET -1.4843 -5.1098 -7.2737
X -0.7957 -0.3374 -0.5030
Y -0.4962  0.8394  0.2219
Z  0.3474  0.4261 -0.8353

PART 76
OFFSET -0.6743 -6.1052 -7.6796
X -0.7957 -0.3374 -0.5030
Y -0.4962  0.8394  0.2219
Z  0.3474  0.4261 -0.8353

PART 77
OFFSET  0.0000 -0.0000 -0.0000
X  1.0000 -0.0000  0.0000
Y  0.0000  1.0000  0.0000
Z  0.0000 -0.0000  1.0000

PART 78
OFFSET  0.0000 -0.0000 -0.0000
X  1.0000 -0.0000  0.0000
Y  0.0000  1.0000  0.0000
Z  0.0000 -0.0000  1.0000

PART 79
OFFSET  1.5404 -0.0000  4.1357
X  1.0000 -0.0000  0.0000
Y  0.0000  1.0000  0.0000
Z  0.0000 -0.0000  1.0000


FRAME 2403
PART 0
OFFSET  0.0000 -0.0000 -0.0000
X  1.0000 -0.0000  0.0000
Y  0.0000  1.0000  0.0000
Z  0.0000 -0.0000  1.0000

PART 1
OFFSET -4.6318 -0.0000 -1.3770
X  1.0000 -0.0000  0.0000
Y  0.0000  1.0000  0.0000
Z  0.0000 -0.0000  1.0000

PART 2
OFFSET -1.0115  7.9373 -5.7336
X  0.6985 -0.2257 -0.6790
Y -0.0469 -0.9613  0.2713
Z -0.7140 -0.1577 -0.6821

PART 3
OFFSET  7.4365  5.2076 -13.9459
X  0.8796 -0.4200  0.2235
Y -0.2508 -0.0101  0.9680
Z -0.4043 -0.9075 -0.1143

PART 4
OFFSET  14.9177  1.6354 -12.0449
X  0.8796 -0.4200  0.2235
Y -0.3602 -0.2809  0.8896
Z -0.3108 -0.8629 -0.3984

PART 5
OFFSET  17.1294  2.4529 -12.1697
X  0.8822 -0.4174  0.2180
Y  0.4053  0.9087  0.0997
Z -0.2398  0.0004  0.9708

PART 6
OFFSET  15.8294  0.5595 -13.1170
X  0.8822 -0.4174  0.2180
Y  0.4053  0.9087  0.0997
Z -0.2398  0.0004  0.9708

PART 7
OFFSET  16.5539  1.5268 -10.0897
X  0.8822 -0.4174  0.2180
Y  0.4053  0.9087  0.0997
Z -0.2398  0.0004  0.9708

PART 8
OFFSET  15.8766  0.3643 -10.0544
X  0.8822 -0.4174  0.2180
Y  0.4053  0.9087  0.0997
Z -0.2398  0.0004  0.9708

PART 9
OFFSET  15.5343 -0.0149 -11.1383
X  0.8822 -0.4174  0.2180
Y  0.4053  0.9087  0.0997
Z -0.2398  0.0004  0.9708

PART 10
OFFSET  17.6142  0.3479 -11.3596
X  0.6863 -0.2389  0.6870
Y -0.7252 -0.1522  0.6715
Z -0.0558 -0.9591 -0.2777

PART 11
OFFSET  17.2001 -0.3002 -10.5166
X -0.1406 -0.8529  0.5027
Y -0.9835  0.1789  0.0285
Z -0.1142 -0.4904 -0.8640

PART 12
OFFSET  16.7922 -2.1502 -9.4770
X  0.8211 -0.3973  0.4099
Y -0.5548 -0.7245  0.4090
Z  0.1344 -0.5633 -0.8153

PART 13
OFFSET  18.1658 -2.8115 -8.9310
X  0.9184  0.3259 -0.2242
Y  0.3955 -0.7679  0.5039
Z -0.0079 -0.5515 -0.8341

PART 14
OFFSET  19.1654 -2.4974 -9.2031
X  0.7646  0.4366  0.4741
Y -0.6427  0.4605  0.6123
Z  0.0490 -0.7728  0.6327

PART 15
OFFSET  18.9601  0.1149 -11.5534
X  0.9743 -0.1502  0.1680
Y -0.0855 -0.9362 -0.3409
Z  0.2085  0.3178 -0.9249

PART 16
OFFSET  21.1083 -0.3836 -11.0829
X -0.2427 -0.9700  0.0162
Y -0.9137  0.2229 -0.3398
Z  0.3260 -0.0973 -0.9403

PART 17
OFFSET  20.7647 -1.7568 -11.0600
X -0.9714 -0.0721 -0.2262
Y -0.0230  0.9769 -0.2125
Z  0.2363 -0.2013 -0.9506

PART 18
OFFSET  19.9034 -1.8207 -11.2605
X -0.9634 -0.1491 -0.2227
Y -0.1131  0.9796 -0.1663
Z  0.2430 -0.1350 -0.9606

PART 19
OFFSET  18.9882 -1.9624 -11.4721
X  0.7728 -0.4814  0.4137
Y  0.5653  0.8184 -0.1036
Z -0.2887  0.3139  0.9045

PART 20
OFFSET  18.6369  0.0951 -10.9173
X  0.8755 -0.1864  0.4459
Y -0.0380 -0.9464 -0.3209
Z  0.4818  0.2640 -0.8356

PART 21
OFFSET  20.9815 -0.3284 -9.8770
X -0.0590 -0.9892 -0.1343
Y -0.9298  0.1034 -0.3532
Z  0.3633  0.1040 -0.9259

PART 22
OFFSET  20.8810 -2.0125 -10.1056
X -0.9200 -0.1112 -0.3757
Y -0.1318  0.9908  0.0295
Z  0.3690  0.0767 -0.9263

PART 23
OFFSET  19.6059 -2.1667 -10.6263
X -0.9264  0.0695 -0.3700
Y  0.0358  0.9946  0.0973
Z  0.3748  0.0769 -0.9239

PART 24
OFFSET  18.6012 -2.0912 -11.0276
X  0.7570 -0.6213  0.2021
Y  0.5441  0.7708  0.3314
Z -0.3617 -0.1409  0.9216

PART 25
OFFSET  18.5483 -1.1441 -8.3244
X  0.7704 -0.4620  0.4393
Y  0.2245  0.8416  0.4913
Z -0.5967 -0.2799  0.7521

PART 26
OFFSET  19.7620 -0.3412 -8.0730
X  0.8834 -0.2309  0.4078
Y -0.1912 -0.9721 -0.1362
Z  0.4278  0.0423 -0.9029

PART 27
OFFSET  21.3174 -0.7476 -7.3551
X  0.6089 -0.7644  0.2119
Y -0.6607 -0.6366 -0.3979
Z  0.4390  0.1023 -0.8926

PART 28
OFFSET  22.0310 -1.6831 -7.0433
X -0.1547 -0.9818 -0.1102
Y -0.8179  0.1899 -0.5431
Z  0.5542  0.0061 -0.8324

PART 29
OFFSET  21.8562 -2.7921 -7.1678
X  0.9446  0.1499  0.2920
Y -0.1725  0.9836  0.0531
Z -0.2793 -0.1005  0.9549

PART 30
OFFSET  20.4655 -0.3226 -8.9245
X -0.0829 -0.9587 -0.2722
Y -0.9008  0.1889 -0.3910
Z  0.4262  0.2128 -0.8792

PART 31
OFFSET  20.3036 -2.1955 -9.4563
X -0.8803 -0.1289 -0.4566
Y -0.2287  0.9585  0.1703
Z  0.4157  0.2543 -0.8732

PART 32
OFFSET  19.0178 -2.3838 -10.1232
X -0.9001  0.2368 -0.3656
Y  0.0890  0.9216  0.3778
Z  0.4264  0.3075 -0.8507

PART 33
OFFSET  18.0013 -2.1140 -10.5435
X  0.6061 -0.7899  0.0934
Y  0.6775  0.5742  0.4596
Z -0.4166 -0.2153  0.8832

PART 34
OFFSET  19.7805 -1.6792 -10.2820
X  0.4343  0.2271 -0.8717
Y  0.0558  0.9591  0.2777
Z  0.8991 -0.1693  0.4038

PART 35
OFFSET  16.7737  1.8733 -12.6525
X  0.8822 -0.4174  0.2180
Y  0.4053  0.9087  0.0997
Z -0.2398  0.0004  0.9708

PART 36
OFFSET  15.8294  0.5595 -13.1170
X  0.8822 -0.4174  0.2180
Y  0.4053  0.9087  0.0997
Z -0.2398  0.0004  0.9708

PART 37
OFFSET  16.5539  1.5268 -10.0897
X  0.8822 -0.4174  0.2180
Y  0.4053  0.9087  0.0997
Z -0.2398  0.0004  0.9708

PART 38
OFFSET  15.8766  0.3643 -10.0544
X  0.8822 -0.4174  0.2180
Y  0.4053  0.9087  0.0997
Z -0.2398  0.0004  0.9708

PART 39
OFFSET  15.5343 -0.0149 -11.1383
X  0.8822 -0.4174  0.2180
Y  0.4053  0.9087  0.0997
Z -0.2398  0.0004  0.9708

PART 40
OFFSET  6.1111 -2.9431 -5.8351
X  0.9942  0.1006  0.0368
Y -0.1006  0.9949 -0.0029
Z -0.0369 -0.0009  0.9993

PART 41
OFFSET  6.1111 -2.9431 -5.8351
X  0.9942  0.1006  0.0368
Y -0.1006  0.9949 -0.0029
Z -0.0369 -0.0009  0.9993

PART 42
OFFSET  10.2868 -2.5045 -5.4011
X  0.9942  0.1006  0.0368
Y -0.1006  0.9949 -0.0029
Z -0.0369 -0.0009  0.9993

PART 43
OFFSET  12.6849 -3.1127 -3.5056
X  0.9942  0.1006  0.0368
Y -0.1006  0.9949 -0.0029
Z -0.0369 -0.0009  0.9993

PART 44
OFFSET -3.5060 -7.9373 -3.1869
X  0.3998  0.0171  0.9165
Y -0.0018 -0.9998  0.0195
Z  0.9166 -0.0095 -0.3997

PART 45
OFFSET -8.3409 -8.1443 -14.2704
X -0.7829 -0.3042 -0.5427
Y  0.4125  0.3991 -0.8189
Z  0.4657 -0.8650 -0.1870

PART 46
OFFSET -1.6818 -5.5571 -9.6547
X -0.7829 -0.3042 -0.5427
Y  0.5628  0.0253 -0.8262
Z  0.2650 -0.9523  0.1514

PART 47
OFFSET -1.3939 -4.4246 -8.0547
X -0.7867 -0.3042 -0.5373
Y -0.4693  0.8600  0.2003
Z  0.4011  0.4097 -0.8193

PART 48
OFFSET -1.2066 -5.2153 -7.1740
X -0.7867 -0.3042 -0.5373
Y -0.4693  0.8600  0.2003
Z  0.4011  0.4097 -0.8193

PART 49
OFFSET -0.4229 -6.2447 -7.5442
X -0.7867 -0.3042 -0.5373
Y -0.4693  0.8600  0.2003
Z  0.4011  0.4097 -0.8193

PART 50
OFFSET  0.7185 -4.6246 -7.9910
X -0.9937 -0.1035 -0.0427
Y  0.0420  0.0095 -0.9991
Z  0.1038 -0.9946 -0.0051

PART 51
OFFSET  1.0823 -4.1789 -7.0056
X -0.6364 -0.5704 -0.5193
Y  0.3756  0.3589 -0.8545
Z  0.6738 -0.7388 -0.0142

PART 52
OFFSET  2.3806 -2.9427 -5.7989
X -0.8255 -0.4034  0.3948
Y -0.2874 -0.3017 -0.9091
Z  0.4858 -0.8639  0.1331

PART 53
OFFSET  3.6417 -2.2128 -6.5054
X -0.3129 -0.1901  0.9306
Y -0.7601 -0.5374 -0.3653
Z  0.5695 -0.8216  0.0237

PART 54
OFFSET  3.9669 -1.9605 -7.5066
X -0.7534  0.2767  0.5965
Y -0.0245  0.8947 -0.4460
Z -0.6571 -0.3507 -0.6673

PART 55
OFFSET  1.5833 -4.3258 -9.0236
X -0.8577 -0.3249  0.3986
Y  0.3329 -0.9416 -0.0511
Z  0.3919  0.0889  0.9157

PART 56
OFFSET  3.5266 -3.4675 -9.7795
X -0.1188 -0.9882 -0.0962
Y  0.8421 -0.0490 -0.5371
Z  0.5261 -0.1448  0.8380

PART 57
OFFSET  3.6948 -2.0683 -9.6433
X  0.6723 -0.5292 -0.5176
Y  0.5472  0.8262 -0.1341
Z  0.4987 -0.1931  0.8450

PART 58
OFFSET  3.0988 -1.5991 -9.1844
X  0.8127  0.3657 -0.4537
Y -0.2465  0.9212  0.3009
Z  0.5280 -0.1327  0.8388

PART 59
OFFSET  2.3267 -1.9465 -8.7534
X -0.5432 -0.8388  0.0368
Y -0.6423  0.4434  0.6251
Z -0.5407  0.3160 -0.7797

PART 60
OFFSET  1.7885 -4.4483 -8.3510
X -0.9380 -0.2612  0.2278
Y  0.2679 -0.9634 -0.0018
Z  0.2199  0.0594  0.9737

PART 61
OFFSET  4.1962 -3.8004 -9.0868
X -0.1160 -0.9930  0.0229
Y  0.8363 -0.1100 -0.5371
Z  0.5359 -0.0432  0.8432

PART 62
OFFSET  4.3936 -2.1098 -9.1257
X  0.7846 -0.3464 -0.5142
Y  0.3290  0.9356 -0.1282
Z  0.5255 -0.0686  0.8480

PART 63
OFFSET  3.3062 -1.6298 -8.4130
X  0.7441  0.5245 -0.4138
Y -0.4188  0.8488  0.3227
Z  0.5205 -0.0668  0.8512

PART 64
OFFSET  2.4992 -2.1986 -7.9642
X -0.3448 -0.9179  0.1966
Y -0.7916  0.3969  0.4647
Z -0.5045  0.0046 -0.8634

PART 65
OFFSET -3.3972 -5.5963 -7.3269
X -0.9142 -0.3757  0.1516
Y -0.3863  0.9212 -0.0465
Z -0.1221 -0.1011 -0.9873

PART 66
OFFSET  4.5974 -4.5983 -7.0729
X -0.9660 -0.1963  0.1682
Y  0.1790 -0.9774 -0.1123
Z  0.1865 -0.0784  0.9793

PART 67
OFFSET  6.2982 -4.2527 -7.3691
X -0.9585 -0.2284  0.1707
Y  0.2203 -0.9733 -0.0650
Z  0.1809 -0.0247  0.9832

PART 68
OFFSET  7.4744 -3.9766 -7.5169
X -0.9678 -0.2304  0.1013
Y  0.2223 -0.9712 -0.0855
Z  0.1181 -0.0603  0.9912

PART 69
OFFSET  8.5676 -3.7163 -7.6313
X  0.1476  0.9348  0.3230
Y  0.9651 -0.0647 -0.2539
Z -0.2164  0.3492 -0.9117

PART 70
OFFSET  4.5184 -4.4206 -8.1604
X -0.2330 -0.9682  0.0915
Y  0.9026 -0.2503 -0.3501
Z  0.3619  0.0010  0.9322

PART 71
OFFSET  4.9736 -2.5292 -8.3392
X  0.7852 -0.5368 -0.3088
Y  0.4840  0.8430 -0.2347
Z  0.3863  0.0348  0.9217

PART 72
OFFSET  3.8267 -1.7452 -7.8882
X  0.8080  0.4424 -0.3892
Y -0.4415  0.8920  0.0973
Z  0.3902  0.0932  0.9160

PART 73
OFFSET  2.9085 -2.2463 -7.4538
X -0.3625 -0.9149  0.1777
Y -0.8265  0.4037  0.3923
Z -0.4307 -0.0047 -0.9025

PART 74
OFFSET -1.3940 -4.4246 -8.0546
X -0.7867 -0.3042 -0.5373
Y -0.4693  0.8600  0.2003
Z  0.4011  0.4097 -0.8193

PART 75
OFFSET -1.2067 -5.2152 -7.1739
X -0.7867 -0.3042 -0.5373
Y -0.4693  0.8600  0.2003
Z  0.4011  0.4097 -0.8193

PART 76
OFFSET -0.4229 -6.2447 -7.5443
X -0.7867 -0.3042 -0.5373
Y -0.4693  0.8600  0.2003
Z  0.4011  0.4097 -0.8193

PART 77
OFFSET  0.0000 -0.0000 -0.0000
