// Export filename: `C:\projects\cod\t5\xanim_export\t5_viewmodels\ak74u\ak74u_extclip_reload.XANIM_EXPORT`
// Source filename: `D:\projects\devanim\t5\animation_assets\viewmodels\ak74u/t5_viewmodel_ak74u_animated2.fbx`
// Export time: Sat Aug 28 03:19:07 2010

ANIMATION
VERSION 3

NUMPARTS 80
PART 0 "tag_ads"
PART 1 "tag_torso"
PART 2 "J_Shoulder_LE"
PART 3 "J_Elbow_LE"
PART 4 "J_WristTwist_LE"
PART 5 "J_Sleave_Reshape_Bottom_LE_1"
PART 6 "J_Sleave_Reshape_Bottom_LE_2"
PART 7 "J_Sleave_Reshape_Top_LE_1"
PART 8 "J_Sleave_Reshape_Top_LE_2"
PART 9 "J_Sleave_Reshape_Top_LE_3"
PART 10 "J_Wrist_LE"
PART 11 "J_Thumb_LE_0"
PART 12 "J_Thumb_LE_1"
PART 13 "J_Thumb_LE_2"
PART 14 "J_Thumb_LE_3"
PART 15 "J_PinkyPalm_LE"
PART 16 "J_Pinky_LE_0"
PART 17 "J_Pinky_LE_1"
PART 18 "J_Pinky_LE_2"
PART 19 "J_Pinky_LE_3"
PART 20 "J_RingPalm_LE"
PART 21 "J_Ring_LE_0"
PART 22 "J_Ring_LE_1"
PART 23 "J_Ring_LE_2"
PART 24 "J_Ring_LE_3"
PART 25 "J_Webbing_LE"
PART 26 "J_Index_LE_0"
PART 27 "J_Index_LE_1"
PART 28 "J_Index_LE_2"
PART 29 "J_Index_LE_3"
PART 30 "J_Mid_LE_0"
PART 31 "J_Mid_LE_1"
PART 32 "J_Mid_LE_2"
PART 33 "J_Mid_LE_3"
PART 34 "tag_knife_attach"
PART 35 "D_Sleave_Reshape_Bottom_LE_1"
PART 36 "D_Sleave_Reshape_Bottom_LE_2"
PART 37 "D_Sleave_Reshape_Top_LE_1"
PART 38 "D_Sleave_Reshape_Top_LE_2"
PART 39 "D_Sleave_Reshape_Top_LE_3"
PART 40 "tag_weapon"
PART 41 "J_Gun"
PART 42 "J_Bolt"
PART 43 "TAG_EXTENDED_CLIP"
PART 44 "J_Shoulder_RI"
PART 45 "J_Elbow_RI"
PART 46 "J_WristTwist_RI"
PART 47 "J_Sleave_Reshape_Top_RI_3"
PART 48 "J_Sleave_Reshape_Top_RI_2"
PART 49 "J_Sleave_Reshape_Top_RI_1"
PART 50 "J_Wrist_RI"
PART 51 "J_Thumb_RI_0"
PART 52 "J_Thumb_RI_1"
PART 53 "J_Thumb_RI_2"
PART 54 "J_Thumb_RI_3"
PART 55 "J_PinkyPalm_RI"
PART 56 "J_Pinky_RI_0"
PART 57 "J_Pinky_RI_1"
PART 58 "J_Pinky_RI_2"
PART 59 "J_Pinky_RI_3"
PART 60 "J_RingPalm_RI"
PART 61 "J_Ring_RI_0"
PART 62 "J_Ring_RI_1"
PART 63 "J_Ring_RI_2"
PART 64 "J_Ring_RI_3"
PART 65 "J_Webbing_RI"
PART 66 "J_Index_RI_0"
PART 67 "J_Index_RI_1"
PART 68 "J_Index_RI_2"
PART 69 "J_Index_RI_3"
PART 70 "J_Mid_RI_0"
PART 71 "J_Mid_RI_1"
PART 72 "J_Mid_RI_2"
PART 73 "J_Mid_RI_3"
PART 74 "D_Sleave_Reshape_Top_RI_3"
PART 75 "D_Sleave_Reshape_Top_RI_2"
PART 76 "D_Sleave_Reshape_Top_RI_1"
PART 77 "tag_cambone"
PART 78 "tag_camera"
PART 79 "tag_gasmask"

FRAMERATE 30
NUMFRAMES 91

FRAME 4300
PART 0
OFFSET  0.0000 -0.0000 -0.0000
X  1.0000 -0.0000  0.0000
Y  0.0000  1.0000  0.0000
Z  0.0000 -0.0000  1.0000

PART 1
OFFSET -4.6318 -0.0000 -1.3770
X  1.0000 -0.0000  0.0000
Y  0.0000  1.0000  0.0000
Z  0.0000 -0.0000  1.0000

PART 2
OFFSET -3.4552  5.7860 -3.1869
X  0.7274 -0.1644 -0.6663
Y -0.0321 -0.9780  0.2063
Z -0.6855 -0.1287 -0.7166

PART 3
OFFSET  5.3416  3.7975 -11.2445
X  0.7829 -0.4204  0.4586
Y -0.4949  0.0259  0.8686
Z -0.3770 -0.9070 -0.1878

PART 4
OFFSET  12.0005  0.2216 -7.3440
X  0.7829 -0.4204  0.4586
Y -0.0516  0.6907  0.7213
Z -0.6200 -0.5884  0.5190

PART 5
OFFSET  14.1828  1.0130 -6.9115
X  0.7869 -0.4181  0.4539
Y  0.3819  0.9077  0.1740
Z -0.4848  0.0364  0.8739

PART 6
OFFSET  13.1405 -0.8996 -8.1066
X  0.7869 -0.4181  0.4539
Y  0.3819  0.9077  0.1740
Z -0.4848  0.0364  0.8739

PART 7
OFFSET  13.0675  0.1652 -5.0267
X  0.7869 -0.4181  0.4539
Y  0.3819  0.9077  0.1740
Z -0.4848  0.0364  0.8739

PART 8
OFFSET  12.3833 -0.9888 -5.1336
X  0.7869 -0.4181  0.4539
Y  0.3819  0.9077  0.1740
Z -0.4848  0.0364  0.8739

PART 9
OFFSET  12.3288 -1.4021 -6.2570
X  0.7869 -0.4181  0.4539
Y  0.3819  0.9077  0.1740
Z -0.4848  0.0364  0.8739

PART 10
OFFSET  14.4006 -1.0672 -5.9381
X  0.9667 -0.2298  0.1127
Y  0.0805  0.6910  0.7184
Z -0.2430 -0.6854  0.6864

PART 11
OFFSET  14.8134 -0.7852 -4.9122
X  0.9184 -0.0615  0.3909
Y -0.0432  0.9664  0.2535
Z -0.3933 -0.2497  0.8848

PART 12
OFFSET  16.7690 -0.8354 -3.9942
X  0.9437 -0.3298 -0.0251
Y  0.2857  0.7745  0.5643
Z -0.1667 -0.5398  0.8252

PART 13
OFFSET  18.2568 -1.4745 -3.9760
X  0.9406 -0.0697  0.3324
Y -0.0586  0.9308  0.3609
Z -0.3345 -0.3589  0.8713

PART 14
OFFSET  19.2576 -1.5505 -3.5706
X  0.8971  0.3709 -0.2400
Y -0.2715  0.0344 -0.9618
Z -0.3485  0.9280  0.1315

PART 15
OFFSET  15.0834 -2.1401 -6.4732
X  0.7680 -0.6332 -0.0962
Y -0.4096 -0.6010  0.6863
Z -0.4924 -0.4877 -0.7209

PART 16
OFFSET  16.8304 -3.5654 -6.5002
X -0.1608 -0.2300  0.9598
Y -0.6523  0.7546  0.0715
Z -0.7407 -0.6146 -0.2714

PART 17
OFFSET  16.6027 -3.8911 -5.1413
X -0.3868  0.0722  0.9193
Y -0.5714  0.7638 -0.3003
Z -0.7238 -0.6414 -0.2542

PART 18
OFFSET  16.2597 -3.8271 -4.3262
X -0.5341  0.3094  0.7868
Y -0.3766  0.7461 -0.5491
Z -0.7569 -0.5896 -0.2819

PART 19
OFFSET  15.7523 -3.5332 -3.5788
X  0.7544 -0.6197 -0.2163
Y -0.0363  0.2896 -0.9565
Z  0.6554  0.7294  0.1960

PART 20
OFFSET  15.3834 -1.6357 -6.0668
X  0.8938 -0.4350 -0.1092
Y -0.2660 -0.7102  0.6518
Z -0.3611 -0.5535 -0.7505

PART 21
OFFSET  17.6092 -2.9715 -6.2075
X -0.0369 -0.6344  0.7721
Y -0.6211  0.6199  0.4796
Z -0.7829 -0.4618 -0.4169

PART 22
OFFSET  17.5464 -4.0516 -4.8930
X -0.5182  0.1351  0.8445
Y -0.3556  0.8640 -0.3564
Z -0.7778 -0.4850 -0.3998

PART 23
OFFSET  16.8281 -3.8644 -3.7226
X -0.6177  0.4454  0.6481
Y -0.1337  0.7527 -0.6447
Z -0.7749 -0.4849 -0.4054

PART 24
OFFSET  16.1582 -3.3814 -3.0197
X  0.5444 -0.8187 -0.1827
Y  0.2779  0.3815 -0.8816
Z  0.7915  0.4292  0.4352

PART 25
OFFSET  17.3782 -1.0459 -4.0821
X  0.8264 -0.5404  0.1580
Y  0.5163  0.6155 -0.5955
Z  0.2246  0.5737  0.7877

PART 26
OFFSET  18.3184 -1.1868 -5.2122
X  0.4989 -0.8592  0.1131
Y -0.5974 -0.2464  0.7632
Z -0.6279 -0.4483 -0.6362

PART 27
OFFSET  19.1968 -2.6996 -5.0131
X -0.1904 -0.7831  0.5920
Y -0.7859  0.4830  0.3861
Z -0.5883 -0.3917 -0.7074

PART 28
OFFSET  19.0010 -3.6279 -4.2504
X -0.6180 -0.1922  0.7624
Y -0.4802  0.8600 -0.1725
Z -0.6225 -0.4727 -0.6237

PART 29
OFFSET  18.3030 -3.8449 -3.3893
X  0.4596 -0.8467 -0.2679
Y  0.5235  0.5020 -0.6885
Z  0.7174  0.1762  0.6740

PART 30
OFFSET  18.0844 -2.0348 -5.8805
X  0.1709 -0.7992  0.5763
Y -0.7404  0.2817  0.6102
Z -0.6500 -0.5310 -0.5436

PART 31
OFFSET  18.4182 -3.5961 -4.7546
X -0.5227 -0.1938  0.8302
Y -0.5159  0.8472 -0.1271
Z -0.6787 -0.4948 -0.5428

PART 32
OFFSET  17.6547 -3.8791 -3.5420
X -0.7243  0.3651  0.5849
Y -0.0555  0.8147 -0.5772
Z -0.6872 -0.4505 -0.5699

PART 33
OFFSET  16.8296 -3.4694 -2.8833
X  0.6347 -0.7715 -0.0434
Y  0.3714  0.3538 -0.8584
Z  0.6776  0.5288  0.5111

PART 34
OFFSET  16.6079 -3.1071 -4.9736
X -0.4185 -0.5643 -0.7116
Y  0.2430  0.6854 -0.6864
Z  0.8751 -0.4602 -0.1498

PART 35
OFFSET  13.9549  0.4204 -7.4523
X  0.7869 -0.4181  0.4539
Y  0.3819  0.9077  0.1740
Z -0.4848  0.0364  0.8739

PART 36
OFFSET  13.1405 -0.8996 -8.1066
X  0.7869 -0.4181  0.4539
Y  0.3819  0.9077  0.1740
Z -0.4848  0.0364  0.8739

PART 37
OFFSET  13.0675  0.1652 -5.0267
X  0.7869 -0.4181  0.4539
Y  0.3819  0.9077  0.1740
Z -0.4848  0.0364  0.8739

PART 38
OFFSET  12.3833 -0.9888 -5.1336
X  0.7869 -0.4181  0.4539
Y  0.3819  0.9077  0.1740
Z -0.4848  0.0364  0.8739

PART 39
OFFSET  12.3288 -1.4021 -6.2570
X  0.7869 -0.4181  0.4539
Y  0.3819  0.9077  0.1740
Z -0.4848  0.0364  0.8739

PART 40
OFFSET  7.7688 -2.6416 -4.8099
X  1.0000 -0.0000  0.0000
Y  0.0000  1.0000  0.0000
Z  0.0000 -0.0000  1.0000

PART 41
OFFSET  7.7688 -2.6416 -4.8099
X  1.0000 -0.0000  0.0000
Y  0.0000  1.0000  0.0000
Z  0.0000 -0.0000  1.0000

PART 42
OFFSET  14.3735 -3.4784 -2.7246
X  1.0000 -0.0000  0.0000
Y  0.0000  1.0000  0.0000
Z  0.0000 -0.0000  1.0000

PART 43
OFFSET  11.9805 -2.6266 -4.5307
X  1.0000 -0.0000  0.0000
Y  0.0000  1.0000  0.0000
Z  0.0000 -0.0000  1.0000

PART 44
OFFSET -13.9227 -7.9373 -3.1869
X -0.6053  0.0162  0.7958
Y -0.1718 -0.9789 -0.1107
Z  0.7772 -0.2037  0.5953

PART 45
OFFSET -6.6022 -8.1338 -12.8116
X -0.8222 -0.3196 -0.4710
Y  0.5121 -0.0542 -0.8572
Z  0.2484 -0.9460  0.2082

PART 46
OFFSET  0.3912 -5.4156 -8.8058
X -0.8222 -0.3196 -0.4710
Y  0.5374 -0.1634 -0.8273
Z  0.1874 -0.9334  0.3061

PART 47
OFFSET  0.9106 -3.8330 -7.7329
X -0.8259 -0.3166 -0.4664
Y -0.2534  0.9476 -0.1946
Z  0.5036 -0.0425 -0.8629

PART 48
OFFSET  0.8857 -4.2320 -6.6033
X -0.8259 -0.3166 -0.4664
Y -0.2534  0.9476 -0.1946
Z  0.5036 -0.0425 -0.8629

PART 49
OFFSET  1.4070 -5.4649 -6.4654
X -0.8259 -0.3166 -0.4664
Y -0.2534  0.9476 -0.1946
Z  0.5036 -0.0425 -0.8629

PART 50
OFFSET  2.9119 -4.4359 -7.3619
X -0.9546 -0.1418 -0.2621
Y  0.2850 -0.1775 -0.9420
Z  0.0871 -0.9739  0.2098

PART 51
OFFSET  3.0305 -3.8010 -6.4212
X -0.4986 -0.6783 -0.5397
Y  0.5783  0.2035 -0.7900
Z  0.6457 -0.7060  0.2908

PART 52
OFFSET  4.0128 -2.3183 -5.1938
X -0.9028 -0.3483  0.2521
Y -0.0610 -0.4767 -0.8770
Z  0.4256 -0.8071  0.4091

PART 53
OFFSET  5.4190 -1.6940 -5.6990
X -0.5336 -0.0214  0.8455
Y -0.6557 -0.6209 -0.4295
Z  0.5342 -0.7836  0.3173

PART 54
OFFSET  5.9827 -1.6245 -6.6205
X -0.8721  0.3596  0.3318
Y  0.0986  0.7934 -0.6007
Z -0.4792 -0.4912 -0.7274

PART 55
OFFSET  4.0072 -4.3091 -8.1912
X -0.9338 -0.2716  0.2329
Y  0.3213 -0.9230  0.2116
Z  0.1575  0.2724  0.9492

PART 56
OFFSET  6.0889 -3.5460 -8.6022
X -0.1064 -0.9920  0.0680
Y  0.9470 -0.1219 -0.2972
Z  0.3031  0.0328  0.9524

PART 57
OFFSET  6.2395 -2.1416 -8.6984
X  0.7704 -0.5952 -0.2284
Y  0.5756  0.8034 -0.1522
Z  0.2741 -0.0142  0.9616

PART 58
OFFSET  5.5564 -1.6139 -8.4959
X  0.9043  0.2998 -0.3040
Y -0.2988  0.9530  0.0509
Z  0.3049  0.0448  0.9513

PART 59
OFFSET  4.6973 -1.8987 -8.2071
X -0.5482 -0.8340  0.0630
Y -0.7690  0.5322  0.3543
Z -0.3290  0.1458 -0.9330

PART 60
OFFSET  4.0399 -4.2960 -7.4782
X -0.9690 -0.2439  0.0388
Y  0.2458 -0.9373  0.2469
Z -0.0239  0.2488  0.9683

PART 61
OFFSET  6.5638 -3.7206 -7.7173
X -0.1328 -0.9741  0.1828
Y  0.9405 -0.1821 -0.2870
Z  0.3128  0.1338  0.9403

PART 62
OFFSET  6.7899 -2.0621 -8.0285
X  0.8812 -0.4114 -0.2327
Y  0.3642  0.9048 -0.2204
Z  0.3012  0.1095  0.9472

PART 63
OFFSET  5.5686 -1.4919 -7.7060
X  0.8304  0.4610 -0.3130
Y -0.4723  0.8804  0.0436
Z  0.2956  0.1116  0.9488

PART 64
OFFSET  4.6680 -1.9919 -7.3665
X -0.3960 -0.8751  0.2782
Y -0.8751  0.4514  0.1743
Z -0.2781 -0.1744 -0.9446

PART 65
OFFSET -1.2553 -5.3980 -7.5437
X -0.9291 -0.3699 -0.0061
Y -0.3495  0.8829 -0.3136
Z  0.1213 -0.2892 -0.9496

PART 66
OFFSET  6.4488 -4.1115 -5.5522
X -0.9803 -0.1931 -0.0406
Y  0.1869 -0.9747  0.1229
Z -0.0633  0.1129  0.9916

PART 67
OFFSET  8.1748 -3.7715 -5.4807
X -0.9741 -0.2239 -0.0304
Y  0.2152 -0.9603  0.1773
Z -0.0689  0.1662  0.9837

PART 68
OFFSET  9.3549 -3.4893 -5.3840
X -0.9659 -0.2397 -0.0981
Y  0.2227 -0.9620  0.1579
Z -0.1323  0.1307  0.9826

PART 69
OFFSET  10.4459 -3.2185 -5.2731
X  0.0762  0.9832  0.1658
Y  0.9969 -0.0787  0.0085
Z  0.0214  0.1646 -0.9861

PART 70
OFFSET  6.6405 -4.1444 -6.6397
X -0.2627 -0.9406  0.2150
Y  0.9570 -0.2824 -0.0663
Z  0.1231  0.1883  0.9744

PART 71
OFFSET  7.1538 -2.3069 -7.0597
X  0.8288 -0.5596 -0.0009
Y  0.5392  0.7990 -0.2664
Z  0.1498  0.2203  0.9639

PART 72
OFFSET  5.9432 -1.4895 -7.0585
X  0.8851  0.3871 -0.2584
Y -0.4386  0.8795 -0.1846
Z  0.1558  0.2767  0.9482

PART 73
OFFSET  4.9394 -1.9293 -6.7726
X -0.4085 -0.8763  0.2554
Y -0.8912  0.4434  0.0957
Z -0.1971 -0.1885 -0.9621

PART 74
OFFSET  0.9106 -3.8330 -7.7328
X -0.8259 -0.3166 -0.4664
Y -0.2534  0.9476 -0.1946
Z  0.5036 -0.0425 -0.8629

PART 75
OFFSET  0.8856 -4.2318 -6.6032
X -0.8259 -0.3166 -0.4664
Y -0.2534  0.9476 -0.1946
Z  0.5036 -0.0425 -0.8629

PART 76
OFFSET  1.4071 -5.4649 -6.4655
X -0.8259 -0.3166 -0.4664
Y -0.2534  0.9476 -0.1946
Z  0.5036 -0.0425 -0.8629

PART 77
OFFSET  0.0000 -0.0000 -0.0000
X  1.0000 -0.0000  0.0000
Y  0.0000  1.0000  0.0000
Z  0.0000 -0.0000  1.0000

PART 78
OFFSET  0.0000 -0.0000 -0.0000
X  1.0000 -0.0000  0.0000
Y  0.0000  1.0000  0.0000
Z  0.0000 -0.0000  1.0000

PART 79
OFFSET  1.5404 -0.0000  4.1357
X  1.0000 -0.0000  0.0000
Y  0.0000  1.0000  0.0000
Z  0.0000 -0.0000  1.0000


FRAME 4301
PART 0
OFFSET  0.0000 -0.0000 -0.0000
X  1.0000 -0.0000  0.0000
Y  0.0000  1.0000  0.0000
Z  0.0000 -0.0000  1.0000

PART 1
OFFSET -4.6318 -0.0000 -1.3770
X  1.0000 -0.0000  0.0000
Y  0.0000  1.0000  0.0000
Z  0.0000 -0.0000  1.0000

PART 2
OFFSET -3.4552  5.7860 -3.1869
X  0.7250 -0.1299 -0.6764
Y -0.0267 -0.9866  0.1610
Z -0.6882 -0.0987 -0.7187

PART 3
OFFSET  5.3128  4.2145 -11.3670
X  0.7717 -0.4377  0.4613
Y -0.5145 -0.0035  0.8575
Z -0.3738 -0.8991 -0.2279

PART 4
OFFSET  11.8768  0.4914 -7.4434
X  0.7717 -0.4377  0.4613
Y -0.0950  0.6380  0.7642
Z -0.6288 -0.6336  0.4508

PART 5
OFFSET  14.0495  1.2627 -6.9340
X  0.7758 -0.4352  0.4568
Y  0.3789  0.9003  0.2142
Z -0.5045  0.0069  0.8634

PART 6
OFFSET  13.0325 -0.6049 -8.2186
X  0.7758 -0.4352  0.4568
Y  0.3789  0.9003  0.2142
Z -0.5045  0.0069  0.8634

PART 7
OFFSET  12.8906  0.3520 -5.1058
X  0.7758 -0.4352  0.4568
Y  0.3789  0.9003  0.2142
Z -0.5045  0.0069  0.8634

PART 8
OFFSET  12.2076 -0.7963 -5.2685
X  0.7758 -0.4352  0.4568
Y  0.3789  0.9003  0.2142
Z -0.5045  0.0069  0.8634

PART 9
OFFSET  12.1782 -1.1699 -6.4066
X  0.7758 -0.4352  0.4568
Y  0.3789  0.9003  0.2142
Z -0.5045  0.0069  0.8634

PART 10
OFFSET  14.2427 -0.8506 -6.0291
X  0.9626 -0.2517  0.1007
Y  0.0840  0.6301  0.7719
Z -0.2577 -0.7346  0.6277

PART 11
OFFSET  14.6509 -0.6573 -4.9812
X  0.9085 -0.0746  0.4113
Y -0.0674  0.9449  0.3203
Z -0.4125 -0.3187  0.8534

PART 12
OFFSET  16.5816 -0.7418 -4.0142
X  0.9539 -0.2999 -0.0130
Y  0.2420  0.7426  0.6245
Z -0.1777 -0.5989  0.7809

PART 13
OFFSET  18.0871 -1.3373 -3.9850
X  0.9327 -0.0636  0.3549
Y -0.0988  0.9016  0.4212
Z -0.3467 -0.4279  0.8347

PART 14
OFFSET  19.0783 -1.4103 -3.5559
X  0.8909  0.4138 -0.1874
Y -0.2457  0.0920 -0.9650
Z -0.3820  0.9057  0.1836

PART 15
OFFSET  14.9152 -1.8867 -6.6436
X  0.7575 -0.6360 -0.1477
Y -0.4223 -0.6498  0.6320
Z -0.4979 -0.4164 -0.7607

PART 16
OFFSET  16.6378 -3.3347 -6.7870
X -0.1260 -0.3573  0.9255
Y -0.6433  0.7396  0.1979
Z -0.7552 -0.5704 -0.3230

PART 17
OFFSET  16.4594 -3.8405 -5.4768
X -0.3470 -0.0554  0.9362
Y -0.5785  0.7984 -0.1672
Z -0.7382 -0.5996 -0.3091

PART 18
OFFSET  16.1518 -3.8896 -4.6467
X -0.4915  0.1843  0.8511
Y -0.4030  0.8183 -0.4099
Z -0.7720 -0.5445 -0.3280

PART 19
OFFSET  15.6848 -3.7145 -3.8381
X  0.7406 -0.5759 -0.3463
Y -0.0855  0.4304 -0.8986
Z  0.6665  0.6951  0.2695

PART 20
OFFSET  15.2187 -1.4207 -6.1961
X  0.8887 -0.4374 -0.1374
Y -0.2808 -0.7562  0.5910
Z -0.3625 -0.4866 -0.7949

PART 21
OFFSET  17.4293 -2.7683 -6.4317
X -0.0192 -0.7240  0.6895
Y -0.6174  0.5510  0.5614
Z -0.7864 -0.4150 -0.4575

PART 22
OFFSET  17.3967 -4.0009 -5.2578
X -0.4943  0.0011  0.8693
Y -0.3819  0.8980 -0.2183
Z -0.7809 -0.4399 -0.4435

PART 23
OFFSET  16.7117 -3.9994 -4.0530
X -0.6040  0.3271  0.7268
Y -0.1722  0.8368 -0.5197
Z -0.7782 -0.4390 -0.4491

PART 24
OFFSET  16.0566 -3.6446 -3.2648
X  0.5549 -0.7676 -0.3207
Y  0.2387  0.5162 -0.8226
Z  0.7969  0.3799  0.4697

PART 25
OFFSET  17.2052 -1.0196 -4.1566
X  0.8178 -0.5629  0.1200
Y  0.5294  0.6538 -0.5407
Z  0.2259  0.5057  0.8326

PART 26
OFFSET  18.1525 -1.0829 -5.2878
X  0.5058 -0.8618  0.0369
Y -0.5951 -0.3176  0.7382
Z -0.6245 -0.3954 -0.6736

PART 27
OFFSET  19.0431 -2.6003 -5.2227
X -0.1561 -0.8488  0.5051
Y -0.7946  0.4117  0.4463
Z -0.5868 -0.3317 -0.7387

PART 28
OFFSET  18.8889 -3.6120 -4.5638
X -0.5848 -0.3185  0.7461
Y -0.5266  0.8486 -0.0505
Z -0.6170 -0.4224 -0.6640

PART 29
OFFSET  18.2284 -3.9718 -3.7211
X  0.4922 -0.7812 -0.3841
Y  0.4776  0.6112 -0.6312
Z  0.7278  0.1273  0.6739

PART 30
OFFSET  17.9125 -1.8715 -6.0234
X  0.1834 -0.8528  0.4889
Y -0.7361  0.2105  0.6433
Z -0.6515 -0.4779 -0.5891

PART 31
OFFSET  18.2708 -3.5375 -5.0682
X -0.4906 -0.3178  0.8113
Y -0.5444  0.8388 -0.0006
Z -0.6804 -0.4420 -0.5846

PART 32
OFFSET  17.5542 -4.0017 -3.8831
X -0.7131  0.2360  0.6601
Y -0.1178  0.8879 -0.4447
Z -0.6911 -0.3949 -0.6053

PART 33
OFFSET  16.7417 -3.7378 -3.1394
X  0.6662 -0.7228 -0.1834
Y  0.3163  0.4967 -0.8083
Z  0.6753  0.4805  0.5595

PART 34
OFFSET  16.4144 -2.9919 -5.2155
X -0.4203 -0.4997 -0.7574
Y  0.2577  0.7346 -0.6277
Z  0.8700 -0.4590 -0.1800

PART 35
OFFSET  13.8333  0.6898 -7.5002
X  0.7758 -0.4352  0.4568
Y  0.3789  0.9003  0.2142
Z -0.5045  0.0069  0.8634

PART 36
OFFSET  13.0325 -0.6049 -8.2186
X  0.7758 -0.4352  0.4568
Y  0.3789  0.9003  0.2142
Z -0.5045  0.0069  0.8634

PART 37
OFFSET  12.8906  0.3520 -5.1058
X  0.7758 -0.4352  0.4568
Y  0.3789  0.9003  0.2142
Z -0.5045  0.0069  0.8634

PART 38
OFFSET  12.2076 -0.7963 -5.2685
X  0.7758 -0.4352  0.4568
Y  0.3789  0.9003  0.2142
Z -0.5045  0.0069  0.8634

PART 39
OFFSET  12.1782 -1.1699 -6.4066
X  0.7758 -0.4352  0.4568
Y  0.3789  0.9003  0.2142
Z -0.5045  0.0069  0.8634

PART 40
OFFSET  7.8252 -2.7041 -4.8924
X  1.0000  0.0041 -0.0058
Y -0.0041  1.0000  0.0022
Z  0.0059 -0.0021  1.0000

PART 41
OFFSET  7.8252 -2.7041 -4.8924
X  1.0000  0.0041 -0.0058
Y -0.0041  1.0000  0.0022
Z  0.0059 -0.0021  1.0000

PART 42
OFFSET  14.4454 -3.5183 -2.8476
X  1.0000  0.0041 -0.0058
Y -0.0041  1.0000  0.0022
Z  0.0059 -0.0021  1.0000

PART 43
OFFSET  12.0384 -2.6724 -4.6378
X  1.0000  0.0041 -0.0058
Y -0.0041  1.0000  0.0022
Z  0.0059 -0.0021  1.0000

PART 44
OFFSET -13.8943 -7.9096 -3.2793
X -0.6062  0.0196  0.7951
Y -0.1779 -0.9777 -0.1115
Z  0.7752 -0.2091  0.5962

PART 45
OFFSET -6.5632 -8.1468 -12.8950
X -0.8231 -0.3141 -0.4732
Y  0.5137 -0.0566 -0.8561
Z  0.2421 -0.9477  0.2079

PART 46
OFFSET  0.4375 -5.4756 -8.8704
X -0.8231 -0.3141 -0.4732
Y  0.5368 -0.1581 -0.8288
Z  0.1855 -0.9362  0.2987

PART 47
OFFSET  0.9641 -3.8972 -7.7949
X -0.8268 -0.3111 -0.4686
Y -0.2471  0.9493 -0.1943
Z  0.5053 -0.0448 -0.8618

PART 48
OFFSET  0.9342 -4.2970 -6.6657
X -0.8268 -0.3111 -0.4686
Y -0.2471  0.9493 -0.1943
Z  0.5053 -0.0448 -0.8618

PART 49
OFFSET  1.4476 -5.5333 -6.5278
X -0.8268 -0.3111 -0.4686
Y -0.2471  0.9493 -0.1943
Z  0.5053 -0.0448 -0.8618

PART 50
OFFSET  2.9608 -4.5128 -7.4198
X -0.9555 -0.1451 -0.2568
Y  0.2802 -0.1743 -0.9440
Z  0.0922 -0.9739  0.2072

PART 51
OFFSET  3.0823 -3.8794 -6.4784
X -0.4990 -0.6792 -0.5382
Y  0.5728  0.2076 -0.7930
Z  0.6503 -0.7040  0.2855

PART 52
OFFSET  4.0658 -2.3953 -5.2537
X -0.8999 -0.3525  0.2566
Y -0.0642 -0.4751 -0.8776
Z  0.4313 -0.8063  0.4049

PART 53
OFFSET  5.4664 -1.7642 -5.7657
X -0.5285 -0.0254  0.8485
Y -0.6557 -0.6227 -0.4270
Z  0.5392 -0.7821  0.3125

PART 54
OFFSET  6.0245 -1.6904 -6.6903
X -0.8716  0.3553  0.3377
Y  0.0918  0.7951 -0.5996
Z -0.4815 -0.4916 -0.7256

PART 55
OFFSET  4.0507 -4.3798 -8.2552
X -0.9313 -0.2759  0.2378
Y  0.3262 -0.9222  0.2077
Z  0.1619  0.2710  0.9488

PART 56
OFFSET  6.1268 -3.6073 -8.6767
X -0.1020 -0.9926  0.0665
Y  0.9457 -0.1174 -0.3030
Z  0.3085  0.0320  0.9507

PART 57
OFFSET  6.2712 -2.2020 -8.7708
X  0.7715 -0.5916 -0.2342
Y  0.5714  0.8061 -0.1538
Z  0.2798 -0.0151  0.9599

PART 58
OFFSET  5.5871 -1.6775 -8.5632
X  0.9013  0.3041 -0.3086
Y -0.3024  0.9516  0.0547
Z  0.3103  0.0440  0.9496

PART 59
OFFSET  4.7309 -1.9665 -8.2700
X -0.5444 -0.8364  0.0644
Y -0.7690  0.5283  0.3599
Z -0.3350  0.1464 -0.9308

PART 60
OFFSET  4.0875 -4.3680 -7.5424
X -0.9678 -0.2479  0.0439
Y  0.2511 -0.9369  0.2434
Z -0.0192  0.2466  0.9689

PART 61
OFFSET  6.6077 -3.7818 -7.7950
X -0.1278 -0.9751  0.1815
Y  0.9395 -0.1776 -0.2929
Z  0.3178  0.1331  0.9388

PART 62
OFFSET  6.8252 -2.1217 -8.1040
X  0.8815 -0.4073 -0.2387
Y  0.3592  0.9068 -0.2206
Z  0.3063  0.1087  0.9457

PART 63
OFFSET  5.6035 -1.5572 -7.7731
X  0.8266  0.4650 -0.3168
Y -0.4756  0.8783  0.0483
Z  0.3007  0.1108  0.9472

PART 64
OFFSET  4.7069 -2.0616 -7.4295
X -0.3908 -0.8773  0.2786
Y -0.8759  0.4475  0.1804
Z -0.2829 -0.1736 -0.9433

PART 65
OFFSET -1.2034 -5.4915 -7.5794
X -0.9276 -0.3737 -0.0014
Y -0.3549  0.8822 -0.3096
Z  0.1170 -0.2867 -0.9509

PART 66
OFFSET  6.5069 -4.1777 -5.6302
X -0.9798 -0.1970 -0.0353
Y  0.1916 -0.9742  0.1197
Z -0.0580  0.1105  0.9922

PART 67
OFFSET  8.2319 -3.8309 -5.5680
X -0.9734 -0.2278 -0.0252
Y  0.2201 -0.9598  0.1740
Z -0.0638  0.1638  0.9844

PART 68
OFFSET  9.4114 -3.5440 -5.4776
X -0.9655 -0.2434 -0.0930
Y  0.2275 -0.9614  0.1545
Z -0.1270  0.1280  0.9836

PART 69
OFFSET  10.5019 -3.2691 -5.3725
X  0.0732  0.9832  0.1674
Y  0.9972 -0.0747  0.0025
Z  0.0150  0.1668 -0.9859

PART 70
OFFSET  6.6924 -4.2076 -6.7188
X -0.2576 -0.9421  0.2145
Y  0.9577 -0.2784 -0.0725
Z  0.1280  0.1868  0.9740

PART 71
OFFSET  7.1957 -2.3671 -7.1379
X  0.8310 -0.5562 -0.0070
Y  0.5343  0.8017 -0.2678
Z  0.1545  0.2188  0.9634

PART 72
OFFSET  5.9819 -1.5547 -7.1278
X  0.8820  0.3913 -0.2627
Y -0.4432  0.8781 -0.1801
Z  0.1602  0.2753  0.9479

PART 73
OFFSET  4.9815 -1.9992 -6.8370
X -0.4034 -0.8785  0.2559
Y -0.8924  0.4395  0.1019
Z -0.2020 -0.1873 -0.9613

PART 74
OFFSET  0.9641 -3.8972 -7.7948
X -0.8268 -0.3111 -0.4686
Y -0.2471  0.9493 -0.1943
Z  0.5053 -0.0448 -0.8618

PART 75
OFFSET  0.9341 -4.2969 -6.6656
X -0.8268 -0.3111 -0.4686
Y -0.2471  0.9493 -0.1943
Z  0.5053 -0.0448 -0.8618

PART 76
OFFSET  1.4476 -5.5333 -6.5279
X -0.8268 -0.3111 -0.4686
Y -0.2471  0.9493 -0.1943
Z  0.5053 -0.0448 -0.8618

PART 77
OFFSET  0.0000 -0.0000 -0.0000
X  1.0000 -0.0000  0.0000
Y  0.0000  1.0000  0.0000
Z  0.0000 -0.0000  1.0000

PART 78
OFFSET  0.0000 -0.0000 -0.0000
X  1.0000 -0.0003  0.0008
Y  0.0003  1.0000 -0.0002
Z -0.0008  0.0002  1.0000

PART 79
OFFSET  1.5371  0.0004  4.1370
X  1.0000 -0.0003  0.0008
Y  0.0003  1.0000 -0.0002
Z -0.0008  0.0002  1.0000


FRAME 4302
PART 0
OFFSET  0.0000 -0.0000 -0.0000
X  1.0000 -0.0000  0.0000
Y  0.0000  1.0000  0.0000
Z  0.0000 -0.0000  1.0000

PART 1
OFFSET -4.6318 -0.0000 -1.3770
X  1.0000 -0.0000  0.0000
Y  0.0000  1.0000  0.0000
Z  0.0000 -0.0000  1.0000

PART 2
OFFSET -3.4552  5.7860 -3.1869
X  0.7207 -0.0333 -0.6924
Y -0.0134 -0.9993  0.0341
Z -0.6931 -0.0153 -0.7207

PART 3
OFFSET  5.2609  5.3831 -11.5612
X  0.7413 -0.4903  0.4583
Y -0.5633 -0.0833  0.8220
Z -0.3648 -0.8676 -0.3380

PART 4
OFFSET  11.5660  1.2129 -7.6629
X  0.7413 -0.4903  0.4583
Y -0.1996  0.4910  0.8480
Z -0.6408 -0.7201  0.2661

PART 5
OFFSET  13.7098  1.9050 -6.9554
X  0.7457 -0.4874  0.4543
Y  0.3708  0.8701  0.3248
Z -0.5536 -0.0737  0.8295

PART 6
OFFSET  12.7587  0.1867 -8.4770
X  0.7457 -0.4874  0.4543
Y  0.3708  0.8701  0.3248
Z -0.5536 -0.0737  0.8295

PART 7
OFFSET  12.4420  0.8292 -5.2970
X  0.7457 -0.4874  0.4543
Y  0.3708  0.8701  0.3248
Z -0.5536 -0.0737  0.8295

PART 8
OFFSET  11.7632 -0.2893 -5.6130
X  0.7457 -0.4874  0.4543
Y  0.3708  0.8701  0.3248
Z -0.5536 -0.0737  0.8295

PART 9
OFFSET  11.7978 -0.5470 -6.7826
X  0.7457 -0.4874  0.4543
Y  0.3708  0.8701  0.3248
Z -0.5536 -0.0737  0.8295

PART 10
OFFSET  13.8386 -0.2902 -6.2577
X  0.9483 -0.3090  0.0724
Y  0.0803  0.4544  0.8872
Z -0.3071 -0.8355  0.4557

PART 11
OFFSET  14.2166 -0.3338 -5.1819
X  0.8688 -0.1292  0.4781
Y -0.1323  0.8697  0.4754
Z -0.4772 -0.4763  0.7385

PART 12
OFFSET  16.0516 -0.5522 -4.0617
X  0.9677 -0.2458  0.0561
Y  0.1174  0.6363  0.7624
Z -0.2231 -0.7312  0.6446

PART 13
OFFSET  17.5818 -1.0689 -3.9444
X  0.8960 -0.0704  0.4384
Y -0.2061  0.8086  0.5511
Z -0.3933 -0.5841  0.7100

PART 14
OFFSET  18.5293 -1.1580 -3.4285
X  0.8716  0.4899 -0.0189
Y -0.1570  0.2424 -0.9574
Z -0.4644  0.8374  0.2882

PART 15
OFFSET  14.4930 -1.2071 -7.0543
X  0.7310 -0.6253 -0.2731
Y -0.4662 -0.7499  0.4694
Z -0.4983 -0.2158 -0.8397

PART 16
OFFSET  16.1510 -2.6727 -7.4880
X -0.0579 -0.6610  0.7481
Y -0.6167  0.6130  0.4938
Z -0.7850 -0.4328 -0.4432

PART 17
OFFSET  16.0689 -3.6085 -6.4288
X -0.2631 -0.3953  0.8801
Y -0.5841  0.7913  0.1808
Z -0.7678 -0.4665 -0.4391

PART 18
OFFSET  15.8356 -3.9590 -5.6485
X -0.3933 -0.1838  0.9008
Y -0.4482  0.8938 -0.0133
Z -0.8027 -0.4091 -0.4339

PART 19
OFFSET  15.4620 -4.1336 -4.7927
X  0.6983 -0.3614 -0.6179
Y -0.1867  0.7414 -0.6446
Z  0.6910  0.5655  0.4502

PART 20
OFFSET  14.7978 -0.8565 -6.5124
X  0.8759 -0.4387 -0.2008
Y -0.3297 -0.8481  0.4148
Z -0.3522 -0.2971 -0.8875

PART 21
OFFSET  16.9692 -2.2110 -6.9696
X  0.0161 -0.9038  0.4277
Y -0.6172  0.3276  0.7154
Z -0.7867 -0.2754 -0.5525

PART 22
OFFSET  16.9965 -3.7497 -6.2415
X -0.4411 -0.3535  0.8249
Y -0.4437  0.8849  0.1420
Z -0.7801 -0.3034 -0.5472

PART 23
OFFSET  16.3852 -4.2396 -5.0983
X -0.5716 -0.0273  0.8201
Y -0.2613  0.9535 -0.1504
Z -0.7778 -0.3003 -0.5522

PART 24
OFFSET  15.7652 -4.2693 -4.2089
X  0.5794 -0.5370 -0.6132
Y  0.1472  0.8088 -0.5693
Z  0.8017  0.2396  0.5476

PART 25
OFFSET  16.7249 -0.9692 -4.3816
X  0.7913 -0.6110  0.0233
Y  0.5723  0.7267 -0.3800
Z  0.2152  0.3140  0.9247

PART 26
OFFSET  17.7084 -0.8412 -5.4758
X  0.5239 -0.8389 -0.1479
Y -0.6005 -0.4868  0.6344
Z -0.6041 -0.2435 -0.7588

PART 27
OFFSET  18.6307 -2.3181 -5.7361
X -0.0705 -0.9662  0.2480
Y -0.8183  0.1982  0.5396
Z -0.5705 -0.1649 -0.8046

PART 28
OFFSET  18.5797 -3.4827 -5.3857
X -0.4927 -0.6210  0.6096
Y -0.6386  0.7339  0.2315
Z -0.5912 -0.2752 -0.7582

PART 29
OFFSET  18.0232 -4.1841 -4.6972
X  0.5706 -0.5378 -0.6207
Y  0.3536  0.8430 -0.4053
Z  0.7412  0.0118  0.6712

PART 30
OFFSET  17.4651 -1.4510 -6.3642
X  0.2092 -0.9469  0.2442
Y -0.7352  0.0124  0.6777
Z -0.6448 -0.3213 -0.6936

PART 31
OFFSET  17.8737 -3.3008 -5.8871
X -0.4123 -0.6172  0.6701
Y -0.6127  0.7322  0.2974
Z -0.6742 -0.2880 -0.6801

PART 32
OFFSET  17.2714 -4.2023 -4.9083
X -0.6713 -0.1423  0.7274
Y -0.2703  0.9608 -0.0616
Z -0.6901 -0.2380 -0.6835

PART 33
OFFSET  16.5064 -4.3658 -4.0893
X  0.7315 -0.4894 -0.4747
Y  0.1732  0.8068 -0.5649
Z  0.6594  0.3310  0.6750

PART 34
OFFSET  15.8984 -2.6461 -5.8450
X -0.4118 -0.3150 -0.8551
Y  0.3071  0.8355 -0.4557
Z  0.8580 -0.4502 -0.2473

PART 35
OFFSET  13.5237  1.3940 -7.5877
X  0.7457 -0.4874  0.4543
Y  0.3708  0.8701  0.3248
Z -0.5536 -0.0737  0.8295

PART 36
OFFSET  12.7587  0.1867 -8.4770
X  0.7457 -0.4874  0.4543
Y  0.3708  0.8701  0.3248
Z -0.5536 -0.0737  0.8295

PART 37
OFFSET  12.4420  0.8292 -5.2970
X  0.7457 -0.4874  0.4543
Y  0.3708  0.8701  0.3248
Z -0.5536 -0.0737  0.8295

PART 38
OFFSET  11.7632 -0.2893 -5.6130
X  0.7457 -0.4874  0.4543
Y  0.3708  0.8701  0.3248
Z -0.5536 -0.0737  0.8295

PART 39
OFFSET  11.7978 -0.5470 -6.7826
X  0.7457 -0.4874  0.4543
Y  0.3708  0.8701  0.3248
Z -0.5536 -0.0737  0.8295

PART 40
OFFSET  7.9595 -2.8558 -5.0865
X  0.9998  0.0137 -0.0151
Y -0.0136  0.9999  0.0086
Z  0.0152 -0.0084  0.9998

PART 41
OFFSET  7.9595 -2.8558 -5.0865
X  0.9998  0.0137 -0.0151
Y -0.0136  0.9999  0.0086
Z  0.0152 -0.0084  0.9998

PART 42
OFFSET  14.6059 -3.6194 -3.1082
X  0.9998  0.0137 -0.0151
Y -0.0136  0.9999  0.0086
Z  0.0152 -0.0084  0.9998

PART 43
OFFSET  12.1745 -2.7854 -4.8707
X  0.9998  0.0137 -0.0151
Y -0.0136  0.9999  0.0086
Z  0.0152 -0.0084  0.9998

PART 44
OFFSET -13.8134 -7.8309 -3.5423
X -0.6088  0.0280  0.7928
Y -0.1931 -0.9745 -0.1139
Z  0.7695 -0.2224  0.5987

PART 45
OFFSET -6.4507 -8.1696 -13.1307
X -0.8245 -0.3003 -0.4797
Y  0.5188 -0.0624 -0.8526
Z  0.2261 -0.9518  0.2072

PART 46
OFFSET  0.5617 -5.6157 -9.0509
X -0.8245 -0.3003 -0.4797
Y  0.5365 -0.1449 -0.8314
Z  0.1801 -0.9428  0.2806

PART 47
OFFSET  1.1050 -4.0482 -7.9678
X -0.8282 -0.2973 -0.4751
Y -0.2312  0.9535 -0.1936
Z  0.5106 -0.0505 -0.8583

PART 48
OFFSET  1.0610 -4.4502 -6.8398
X -0.8282 -0.2973 -0.4751
Y -0.2312  0.9535 -0.1936
Z  0.5106 -0.0505 -0.8583

PART 49
OFFSET  1.5544 -5.6945 -6.7014
X -0.8282 -0.2973 -0.4751
Y -0.2312  0.9535 -0.1936
Z  0.5106 -0.0505 -0.8583

PART 50
OFFSET  3.0893 -4.6951 -7.5804
X -0.9564 -0.1527 -0.2489
Y  0.2731 -0.1657 -0.9476
Z  0.1034 -0.9743  0.2001

PART 51
OFFSET  3.2136 -4.0666 -6.6362
X -0.4975 -0.6805 -0.5379
Y  0.5634  0.2180 -0.7969
Z  0.6596 -0.6995  0.2750

PART 52
OFFSET  4.1942 -2.5808 -5.4111
X -0.8941 -0.3628  0.2627
Y -0.0678 -0.4701 -0.8800
Z  0.4427 -0.8046  0.3957

PART 53
OFFSET  5.5839 -1.9332 -5.9320
X -0.5204 -0.0358  0.8532
Y -0.6536 -0.6263 -0.4249
Z  0.5495 -0.7788  0.3025

PART 54
OFFSET  6.1326 -1.8482 -6.8612
X -0.8718  0.3448  0.3479
Y  0.0787  0.7996 -0.5953
Z -0.4835 -0.4916 -0.7243

PART 55
OFFSET  4.1701 -4.5465 -8.4249
X -0.9264 -0.2863  0.2446
Y  0.3369 -0.9203  0.1988
Z  0.1682  0.2666  0.9490

PART 56
OFFSET  6.2347 -3.7515 -8.8607
X -0.0919 -0.9939  0.0611
Y  0.9439 -0.1065 -0.3125
Z  0.3171  0.0290  0.9480

PART 57
OFFSET  6.3648 -2.3443 -8.9472
X  0.7749 -0.5827 -0.2451
Y  0.5623  0.8125 -0.1540
Z  0.2888 -0.0185  0.9572

PART 58
OFFSET  5.6778 -1.8277 -8.7299
X  0.8954  0.3147 -0.3150
Y -0.3109  0.9483  0.0636
Z  0.3187  0.0410  0.9470

PART 59
OFFSET  4.8271 -2.1267 -8.4306
X -0.5358 -0.8419  0.0641
Y -0.7707  0.5186  0.3703
Z -0.3450  0.1490 -0.9267

PART 60
OFFSET  4.2134 -4.5388 -7.7125
X -0.9649 -0.2575  0.0513
Y  0.2622 -0.9359  0.2351
Z -0.0125  0.2403  0.9706

PART 61
OFFSET  6.7254 -3.9269 -7.9846
X -0.1168 -0.9774  0.1764
Y  0.9384 -0.1668 -0.3027
Z  0.3252  0.1302  0.9366

PART 62
OFFSET  6.9242 -2.2629 -8.2850
X  0.8831 -0.3973 -0.2495
Y  0.3485  0.9116 -0.2181
Z  0.3141  0.1057  0.9435

PART 63
OFFSET  5.7003 -1.7123 -7.9392
X  0.8192  0.4749 -0.3215
Y -0.4835  0.8734  0.0582
Z  0.3085  0.1077  0.9451

PART 64
OFFSET  4.8118 -2.2273 -7.5905
X -0.3798 -0.8827  0.2766
Y -0.8784  0.4379  0.1913
Z -0.2900 -0.1703 -0.9417

PART 65
OFFSET -1.0667 -5.7127 -7.7077
X -0.9239 -0.3825  0.0047
Y -0.3661  0.8806 -0.3007
Z  0.1108 -0.2795 -0.9537

PART 66
OFFSET  6.6485 -4.3374 -5.8215
X -0.9781 -0.2062 -0.0275
Y  0.2019 -0.9730  0.1117
Z -0.0498  0.1037  0.9934

PART 67
OFFSET  8.3707 -3.9744 -5.7730
X -0.9714 -0.2369 -0.0177
Y  0.2308 -0.9588  0.1658
Z -0.0562  0.1570  0.9860

PART 68
OFFSET  9.5482 -3.6768 -5.6917
X -0.9639 -0.2521 -0.0856
Y  0.2381 -0.9602  0.1463
Z -0.1191  0.1206  0.9855

PART 69
OFFSET  10.6369 -3.3921 -5.5949
X  0.0654  0.9827  0.1730
Y  0.9979 -0.0651 -0.0071
Z  0.0042  0.1731 -0.9849

PART 70
OFFSET  6.8242 -4.3586 -6.9120
X -0.2466 -0.9459  0.2109
Y  0.9596 -0.2687 -0.0831
Z  0.1353  0.1819  0.9740

PART 71
OFFSET  7.3060 -2.5108 -7.3239
X  0.8362 -0.5481 -0.0182
Y  0.5242  0.8085 -0.2676
Z  0.1614  0.2143  0.9634

PART 72
OFFSET  6.0846 -1.7101 -7.2974
X  0.8757  0.4013 -0.2684
Y -0.4532  0.8750 -0.1704
Z  0.1664  0.2709  0.9481

PART 73
OFFSET  5.0913 -2.1660 -7.0003
X -0.3927 -0.8839  0.2540
Y -0.8956  0.4303  0.1129
Z -0.2091 -0.1832 -0.9606

PART 74
OFFSET  1.1049 -4.0481 -7.9677
X -0.8282 -0.2973 -0.4751
Y -0.2312  0.9535 -0.1936
Z  0.5106 -0.0505 -0.8583

PART 75
OFFSET  1.0609 -4.4500 -6.8398
X -0.8282 -0.2973 -0.4751
Y -0.2312  0.9535 -0.1936
Z  0.5106 -0.0505 -0.8583

PART 76
OFFSET  1.5545 -5.6945 -6.7015
X -0.8282 -0.2973 -0.4751
Y -0.2312  0.9535 -0.1936
Z  0.5106 -0.0505 -0.8583

PART 77
OFFSET  0.0000 -0.0000 -0.0000
X  1.0000 -0.0000  0.0000
Y  0.0000  1.0000  0.0000
Z  0.0000 -0.0000  1.0000

PART 78
OFFSET  0.0000 -0.0000 -0.0000
X  1.0000 -0.0011  0.0031
Y  0.0011  1.0000 -0.0008
Z -0.0031  0.0008  1.0000

PART 79
OFFSET  1.5277  0.0015  4.1405
X  1.0000 -0.0011  0.0031
Y  0.0011  1.0000 -0.0008
Z -0.0031  0.0008  1.0000


FRAME 4303
PART 0
OFFSET  0.0000 -0.0000 -0.0000
X  1.0000 -0.0000  0.0000
Y  0.0000  1.0000  0.0000
Z  0.0000 -0.0000  1.0000

PART 1
OFFSET -4.6318 -0.0000 -1.3770
X  1.0000 -0.0000  0.0000
Y  0.0000  1.0000  0.0000
Z  0.0000 -0.0000  1.0000

PART 2
OFFSET -3.4552  5.7860 -3.1869
X  0.7177  0.1120 -0.6873
Y  0.0041 -0.9877 -0.1566
Z -0.6963  0.1095 -0.7093

PART 3
OFFSET  5.2247  7.1403 -11.4988
X  0.6973 -0.5756  0.4271
Y -0.6247 -0.1960  0.7558
Z -0.3514 -0.7939 -0.4963

PART 4
OFFSET  11.1557  2.2443 -7.8663
X  0.6973 -0.5756  0.4271
Y -0.3213  0.2816  0.9041
Z -0.6407 -0.7677  0.0114

PART 5
OFFSET  13.2504  2.7596 -6.9060
X  0.7020 -0.5723  0.4239
Y  0.3583  0.7982  0.4842
Z -0.6155 -0.1880  0.7654

PART 6
OFFSET  12.3906  1.3268 -8.7446
X  0.7020 -0.5723  0.4239
Y  0.3583  0.7982  0.4842
Z -0.6155 -0.1880  0.7654

PART 7
OFFSET  11.8454  1.4715 -5.5342
X  0.7020 -0.5723  0.4239
Y  0.3583  0.7982  0.4842
Z -0.6155 -0.1880  0.7654

PART 8
OFFSET  11.1757  0.4349 -6.0710
X  0.7020 -0.5723  0.4239
Y  0.3583  0.7982  0.4842
Z -0.6155 -0.1880  0.7654

PART 9
OFFSET  11.2942  0.3627 -7.2611
X  0.7020 -0.5723  0.4239
Y  0.3583  0.7982  0.4842
Z -0.6155 -0.1880  0.7654

PART 10
OFFSET  13.2934  0.4796 -6.5570
X  0.9204 -0.3890  0.0397
Y  0.0358  0.1850  0.9821
Z -0.3894 -0.9025  0.1842

PART 11
OFFSET  13.5821  0.1125 -5.5157
X  0.7715 -0.2548  0.5830
Y -0.2332  0.7393  0.6317
Z -0.5920 -0.6233  0.5109

PART 12
OFFSET  15.1907 -0.3983 -4.1662
X  0.9447 -0.2452  0.2179
Y -0.0841  0.4610  0.8834
Z -0.3171 -0.8528  0.4149

PART 13
OFFSET  16.6852 -0.9171 -3.8206
X  0.7964 -0.1413  0.5881
Y -0.3616  0.6682  0.6502
Z -0.4848 -0.7304  0.4811

PART 14
OFFSET  17.5181 -1.0919 -3.1515
X  0.8248  0.5026  0.2591
Y  0.0166  0.4364 -0.8996
Z -0.5652  0.7463  0.3516

PART 15
OFFSET  13.9552 -0.2301 -7.5377
X  0.7055 -0.5725 -0.4178
Y -0.5405 -0.8159  0.2054
Z -0.4585  0.0810 -0.8850

PART 16
OFFSET  15.5407 -1.6283 -8.3224
X -0.0014 -0.9423  0.3347
Y -0.6029  0.2678  0.7516
Z -0.7979 -0.2007 -0.5685

PART 17
OFFSET  15.5387 -2.9624 -7.8486
X -0.1901 -0.7935  0.5781
Y -0.5961  0.5611  0.5743
Z -0.7801 -0.2354 -0.5797

PART 18
OFFSET  15.3702 -3.6660 -7.3361
X -0.2960 -0.6728  0.6780
Y -0.4958  0.7150  0.4929
Z -0.8164 -0.1903 -0.5452

PART 19
OFFSET  15.0889 -4.3051 -6.6919
X  0.6558  0.0933 -0.7492
Y -0.2870  0.9486 -0.1331
Z  0.6983  0.3023  0.6488

PART 20
OFFSET  14.2358 -0.0667 -6.9020
X  0.8625 -0.4325 -0.2627
Y -0.4094 -0.9016  0.1400
Z -0.2974 -0.0132 -0.9547

PART 21
OFFSET  16.3656 -1.3865 -7.5952
X  0.0621 -0.9981  0.0044
Y -0.6502 -0.0371  0.7589
Z -0.7572 -0.0499 -0.6512

PART 22
OFFSET  16.4713 -3.0857 -7.5877
X -0.3810 -0.7624  0.5230
Y -0.5420  0.6425  0.5417
Z -0.7491 -0.0770 -0.6580

PART 23
OFFSET  15.9432 -4.1423 -6.8629
X -0.5380 -0.5186  0.6646
Y -0.3902  0.8520  0.3489
Z -0.7472 -0.0716 -0.6607

PART 24
OFFSET  15.3598 -4.7047 -6.1421
X  0.6269 -0.0654 -0.7763
Y  0.0211  0.9975 -0.0670
Z  0.7788  0.0256  0.6268

PART 25
OFFSET  15.9788 -0.9097 -4.7765
X  0.7508 -0.6528 -0.1014
Y  0.6411  0.7570 -0.1262
Z  0.1591  0.0297  0.9868

PART 26
OFFSET  17.0514 -0.5614 -5.7300
X  0.5608 -0.7490 -0.3528
Y -0.6267 -0.6625  0.4102
Z -0.5410 -0.0090 -0.8410

PART 27
OFFSET  18.0388 -1.8802 -6.3511
X  0.0580 -0.9902 -0.1272
Y -0.8567 -0.1148  0.5029
Z -0.5126  0.0798 -0.8549

PART 28
OFFSET  18.1405 -3.0888 -6.4538
X -0.3401 -0.9064  0.2507
Y -0.7842  0.4204  0.4564
Z -0.5190 -0.0414 -0.8537

PART 29
OFFSET  17.7564 -4.1126 -6.1707
X  0.6726 -0.0961 -0.7337
Y  0.1562  0.9876  0.0138
Z  0.7233 -0.1239  0.6793

PART 30
OFFSET  16.8445 -0.8825 -6.7666
X  0.2475 -0.9637 -0.0998
Y -0.7602 -0.2570  0.5967
Z -0.6007 -0.0718 -0.7963

PART 31
OFFSET  17.3280 -2.7652 -6.9615
X -0.3026 -0.9046  0.3002
Y -0.7136  0.4238  0.5578
Z -0.6319 -0.0454 -0.7738

PART 32
OFFSET  16.8860 -4.0865 -6.5230
X -0.5834 -0.6339  0.5078
Y -0.4799  0.7734  0.4141
Z -0.6553 -0.0021 -0.7554

PART 33
OFFSET  16.2210 -4.8050 -5.9535
X  0.7957 -0.0078 -0.6056
Y -0.0406  0.9970 -0.0662
Z  0.6043  0.0773  0.7930

PART 34
OFFSET  15.1760 -2.0501 -6.6979
X -0.3603 -0.0348 -0.9322
Y  0.3894  0.9025 -0.1842
Z  0.8477 -0.4294 -0.3116

PART 35
OFFSET  13.1046  2.3591 -7.6229
X  0.7020 -0.5723  0.4239
Y  0.3583  0.7982  0.4842
Z -0.6155 -0.1880  0.7654

PART 36
OFFSET  12.3906  1.3268 -8.7446
X  0.7020 -0.5723  0.4239
Y  0.3583  0.7982  0.4842
Z -0.6155 -0.1880  0.7654

PART 37
OFFSET  11.8454  1.4715 -5.5342
X  0.7020 -0.5723  0.4239
Y  0.3583  0.7982  0.4842
Z -0.6155 -0.1880  0.7654

PART 38
OFFSET  11.1757  0.4349 -6.0710
X  0.7020 -0.5723  0.4239
Y  0.3583  0.7982  0.4842
Z -0.6155 -0.1880  0.7654

PART 39
OFFSET  11.2942  0.3627 -7.2611
X  0.7020 -0.5723  0.4239
Y  0.3583  0.7982  0.4842
Z -0.6155 -0.1880  0.7654

PART 40
OFFSET  8.1182 -3.0433 -5.3124
X  0.9996  0.0249 -0.0151
Y -0.0246  0.9995  0.0191
Z  0.0156 -0.0188  0.9997

PART 41
OFFSET  8.1182 -3.0433 -5.3124
X  0.9996  0.0249 -0.0151
Y -0.0246  0.9995  0.0191
Z  0.0156 -0.0188  0.9997

PART 42
OFFSET  14.7732 -3.7544 -3.3437
X  0.9996  0.0249 -0.0151
Y -0.0246  0.9995  0.0191
Z  0.0156 -0.0188  0.9997

PART 43
OFFSET  12.3322 -2.9287 -5.0968
X  0.9996  0.0249 -0.0151
Y -0.0246  0.9995  0.0191
Z  0.0156 -0.0188  0.9997

PART 44
OFFSET -13.6866 -7.7074 -3.9547
X -0.6130  0.0389  0.7891
Y -0.2126 -0.9701 -0.1174
Z  0.7609 -0.2397  0.6029

PART 45
OFFSET -6.2729 -8.1775 -13.4981
X -0.8245 -0.2824 -0.4903
Y  0.5274 -0.0696 -0.8468
Z  0.2050 -0.9568  0.2064

PART 46
OFFSET  0.7400 -5.7755 -9.3277
X -0.8245 -0.2824 -0.4903
Y  0.5390 -0.1283 -0.8325
Z  0.1722 -0.9507  0.2580

PART 47
OFFSET  1.3011 -4.2227 -8.2325
X -0.8282 -0.2794 -0.4858
Y -0.2102  0.9585 -0.1928
Z  0.5195 -0.0575 -0.8525

PART 48
OFFSET  1.2361 -4.6276 -7.1066
X -0.8282 -0.2794 -0.4858
Y -0.2102  0.9585 -0.1928
Z  0.5195 -0.0575 -0.8525

PART 49
OFFSET  1.7034 -5.8818 -6.9671
X -0.8282 -0.2794 -0.4858
Y -0.2102  0.9585 -0.1928
Z  0.5195 -0.0575 -0.8525

PART 50
OFFSET  3.2677 -4.9097 -7.8245
X -0.9548 -0.1606 -0.2503
Y  0.2745 -0.1526 -0.9494
Z  0.1142 -0.9752  0.1898

PART 51
OFFSET  3.3853 -4.2899 -6.8736
X -0.4901 -0.6803 -0.5450
Y  0.5607  0.2326 -0.7947
Z  0.6674 -0.6951  0.2674

PART 52
OFFSET  4.3499 -2.8064 -5.6332
X -0.8900 -0.3753  0.2590
Y -0.0629 -0.4615 -0.8849
Z  0.4517 -0.8038  0.3871

PART 53
OFFSET  5.7323 -2.1380 -6.1475
X -0.5196 -0.0505  0.8529
Y -0.6468 -0.6289 -0.4314
Z  0.5582 -0.7758  0.2941

PART 54
OFFSET  6.2796 -2.0372 -7.0759
X -0.8754  0.3315  0.3518
Y  0.0696  0.8067 -0.5868
Z -0.4783 -0.4892 -0.7293

PART 55
OFFSET  4.3465 -4.7402 -8.6676
X -0.9231 -0.2991  0.2418
Y  0.3471 -0.9186  0.1890
Z  0.1655  0.2584  0.9517

PART 56
OFFSET  6.4021 -3.9180 -9.0954
X -0.0809 -0.9954  0.0506
Y  0.9450 -0.0927 -0.3138
Z  0.3170  0.0224  0.9481

PART 57
OFFSET  6.5166 -2.5086 -9.1670
X  0.7812 -0.5715 -0.2514
Y  0.5532  0.8202 -0.1455
Z  0.2893 -0.0254  0.9569

PART 58
OFFSET  5.8240 -2.0020 -8.9441
X  0.8918  0.3279 -0.3119
Y -0.3213  0.9441  0.0737
Z  0.3186  0.0345  0.9473

PART 59
OFFSET  4.9768 -2.3134 -8.6479
X -0.5264 -0.8484  0.0553
Y -0.7762  0.5061  0.3760
Z -0.3470  0.1550 -0.9250

PART 60
OFFSET  4.3900 -4.7397 -7.9551
X -0.9620 -0.2686  0.0488
Y  0.2726 -0.9354  0.2252
Z -0.0149  0.2299  0.9731

PART 61
OFFSET  6.8949 -4.0972 -8.2213
X -0.1059 -0.9804  0.1661
Y  0.9401 -0.1532 -0.3046
Z  0.3241  0.1239  0.9379

PART 62
OFFSET  7.0753 -2.4281 -8.5041
X  0.8874 -0.3849 -0.2539
Y  0.3384  0.9176 -0.2085
Z  0.3132  0.0991  0.9445

PART 63
OFFSET  5.8455 -1.8946 -8.1523
X  0.8138  0.4873 -0.3166
Y -0.4931  0.8674  0.0676
Z  0.3076  0.1011  0.9461

PART 64
OFFSET  4.9629 -2.4231 -7.8089
X -0.3700 -0.8897  0.2674
Y -0.8831  0.4262  0.1961
Z -0.2884 -0.1636 -0.9434

PART 65
OFFSET -0.8769 -5.9717 -7.9616
X -0.9197 -0.3927  0.0009
Y -0.3759  0.8797 -0.2913
Z  0.1136 -0.2682 -0.9566

PART 66
OFFSET  6.8234 -4.5314 -6.0627
X -0.9758 -0.2166 -0.0295
Y  0.2127 -0.9718  0.1014
Z -0.0506  0.0927  0.9944

PART 67
OFFSET  8.5414 -4.1500 -6.0108
X -0.9687 -0.2474 -0.0199
Y  0.2415 -0.9579  0.1556
Z -0.0576  0.1459  0.9876

PART 68
OFFSET  9.7156 -3.8403 -5.9266
X -0.9611 -0.2618 -0.0881
Y  0.2487 -0.9590  0.1361
Z -0.1201  0.1089  0.9868

PART 69
OFFSET  10.8011 -3.5446 -5.8270
X  0.0546  0.9815  0.1834
Y  0.9985 -0.0540 -0.0081
Z  0.0020  0.1836 -0.9830

PART 70
OFFSET  6.9989 -4.5392 -7.1534
X -0.2361 -0.9507  0.2009
Y  0.9625 -0.2572 -0.0862
Z  0.1336  0.1730  0.9758

PART 71
OFFSET  7.4601 -2.6818 -7.5458
X  0.8422 -0.5387 -0.0242
Y  0.5151  0.8170 -0.2592
Z  0.1593  0.2058  0.9655

PART 72
OFFSET  6.2300 -1.8950 -7.5106
X  0.8712  0.4138 -0.2643
Y -0.4629  0.8717 -0.1611
Z  0.1637  0.2627  0.9509

PART 73
OFFSET  5.2419 -2.3650 -7.2181
X -0.3828 -0.8908  0.2448
Y -0.9002  0.4192  0.1176
Z -0.2074 -0.1753 -0.9624

PART 74
OFFSET  1.3010 -4.2226 -8.2325
X -0.8282 -0.2794 -0.4858
Y -0.2102  0.9585 -0.1928
Z  0.5195 -0.0575 -0.8525

PART 75
OFFSET  1.2360 -4.6274 -7.1066
X -0.8282 -0.2794 -0.4858
Y -0.2102  0.9585 -0.1928
Z  0.5195 -0.0575 -0.8525

PART 76
OFFSET  1.7034 -5.8818 -6.9672
X -0.8282 -0.2794 -0.4858
Y -0.2102  0.9585 -0.1928
Z  0.5195 -0.0575 -0.8525

PART 77
OFFSET  0.0000 -0.0000 -0.0000
X  1.0000 -0.0000  0.0000
