// Export filename: `C:\projects\cod\t5\xanim_export\t5_viewmodels\ak74u\ak74u_grip_sprint_out.XANIM_EXPORT`
// Source filename: `D:\projects\devanim\t5\animation_assets\viewmodels\ak74u/t5_viewmodel_ak74u_animated.fbx`
// Export time: Sat Aug 28 17:52:01 2010

ANIMATION
VERSION 3

NUMPARTS 80
PART 0 "tag_ads"
PART 1 "tag_torso"
PART 2 "J_Shoulder_LE"
PART 3 "J_Elbow_LE"
PART 4 "J_WristTwist_LE"
PART 5 "J_Sleave_Reshape_Bottom_LE_1"
PART 6 "J_Sleave_Reshape_Bottom_LE_2"
PART 7 "J_Sleave_Reshape_Top_LE_1"
PART 8 "J_Sleave_Reshape_Top_LE_2"
PART 9 "J_Sleave_Reshape_Top_LE_3"
PART 10 "J_Wrist_LE"
PART 11 "J_Thumb_LE_0"
PART 12 "J_Thumb_LE_1"
PART 13 "J_Thumb_LE_2"
PART 14 "J_Thumb_LE_3"
PART 15 "J_PinkyPalm_LE"
PART 16 "J_Pinky_LE_0"
PART 17 "J_Pinky_LE_1"
PART 18 "J_Pinky_LE_2"
PART 19 "J_Pinky_LE_3"
PART 20 "J_RingPalm_LE"
PART 21 "J_Ring_LE_0"
PART 22 "J_Ring_LE_1"
PART 23 "J_Ring_LE_2"
PART 24 "J_Ring_LE_3"
PART 25 "J_Webbing_LE"
PART 26 "J_Index_LE_0"
PART 27 "J_Index_LE_1"
PART 28 "J_Index_LE_2"
PART 29 "J_Index_LE_3"
PART 30 "J_Mid_LE_0"
PART 31 "J_Mid_LE_1"
PART 32 "J_Mid_LE_2"
PART 33 "J_Mid_LE_3"
PART 34 "tag_knife_attach"
PART 35 "D_Sleave_Reshape_Bottom_LE_1"
PART 36 "D_Sleave_Reshape_Bottom_LE_2"
PART 37 "D_Sleave_Reshape_Top_LE_1"
PART 38 "D_Sleave_Reshape_Top_LE_2"
PART 39 "D_Sleave_Reshape_Top_LE_3"
PART 40 "tag_weapon"
PART 41 "J_Gun"
PART 42 "TAG_CLIP"
PART 43 "J_Bolt"
PART 44 "J_Shoulder_RI"
PART 45 "J_Elbow_RI"
PART 46 "J_WristTwist_RI"
PART 47 "J_Sleave_Reshape_Top_RI_3"
PART 48 "J_Sleave_Reshape_Top_RI_2"
PART 49 "J_Sleave_Reshape_Top_RI_1"
PART 50 "J_Wrist_RI"
PART 51 "J_Thumb_RI_0"
PART 52 "J_Thumb_RI_1"
PART 53 "J_Thumb_RI_2"
PART 54 "J_Thumb_RI_3"
PART 55 "J_PinkyPalm_RI"
PART 56 "J_Pinky_RI_0"
PART 57 "J_Pinky_RI_1"
PART 58 "J_Pinky_RI_2"
PART 59 "J_Pinky_RI_3"
PART 60 "J_RingPalm_RI"
PART 61 "J_Ring_RI_0"
PART 62 "J_Ring_RI_1"
PART 63 "J_Ring_RI_2"
PART 64 "J_Ring_RI_3"
PART 65 "J_Webbing_RI"
PART 66 "J_Index_RI_0"
PART 67 "J_Index_RI_1"
PART 68 "J_Index_RI_2"
PART 69 "J_Index_RI_3"
PART 70 "J_Mid_RI_0"
PART 71 "J_Mid_RI_1"
PART 72 "J_Mid_RI_2"
PART 73 "J_Mid_RI_3"
PART 74 "D_Sleave_Reshape_Top_RI_3"
PART 75 "D_Sleave_Reshape_Top_RI_2"
PART 76 "D_Sleave_Reshape_Top_RI_1"
PART 77 "tag_cambone"
PART 78 "tag_camera"
PART 79 "tag_gasmask"

FRAMERATE 30
NUMFRAMES 11

FRAME 4090
PART 0
OFFSET  0.0000 -0.0000 -0.0000
X  1.0000 -0.0000  0.0000
Y  0.0000  1.0000  0.0000
Z  0.0000 -0.0000  1.0000

PART 1
OFFSET -4.6318 -0.0000 -1.3770
X  1.0000 -0.0000  0.0000
Y  0.0000  1.0000  0.0000
Z  0.0000 -0.0000  1.0000

PART 2
OFFSET -1.6642  7.9373 -3.1869
X  0.6089 -0.1498 -0.7790
Y  0.0782 -0.9659  0.2469
Z -0.7894 -0.2113 -0.5764

PART 3
OFFSET  5.7001  6.1261 -12.6075
X  0.9344 -0.3200 -0.1564
Y  0.1207 -0.1285  0.9843
Z -0.3351 -0.9387 -0.0815

PART 4
OFFSET  13.6478  3.4045 -13.9376
X  0.9344 -0.3200 -0.1564
Y  0.3340  0.6347  0.6968
Z -0.1237 -0.7034  0.7000

PART 5
OFFSET  15.5796  4.5109 -14.7248
X  0.9346 -0.3166 -0.1620
Y  0.3306  0.9413  0.0677
Z  0.1311 -0.1169  0.9845

PART 6
OFFSET  14.1992  2.5558 -15.3916
X  0.9346 -0.3166 -0.1620
Y  0.3306  0.9413  0.0677
Z  0.1311 -0.1169  0.9845

PART 7
OFFSET  15.8861  3.3371 -12.7141
X  0.9346 -0.3166 -0.1620
Y  0.3306  0.9413  0.0677
Z  0.1311 -0.1169  0.9845

PART 8
OFFSET  15.3753  2.0977 -12.5940
X  0.9346 -0.3166 -0.1620
Y  0.3306  0.9413  0.0677
Z  0.1311 -0.1169  0.9845

PART 9
OFFSET  14.6974  1.7748 -13.5277
X  0.9346 -0.3166 -0.1620
Y  0.3306  0.9413  0.0677
Z  0.1311 -0.1169  0.9845

PART 10
OFFSET  16.5125  2.4236 -14.4171
X  0.8614  0.4884  0.1394
Y -0.3841  0.4468  0.8080
Z  0.3324 -0.7495  0.5725

PART 11
OFFSET  16.6658  2.7667 -13.3396
X  0.6503 -0.0131  0.7596
Y -0.6791  0.4382  0.5889
Z -0.3406 -0.8988  0.2760

PART 12
OFFSET  17.9823  2.7321 -11.6263
X  0.9823 -0.1329 -0.1317
Y  0.1515  0.1520  0.9767
Z -0.1098 -0.9794  0.1694

PART 13
OFFSET  19.5468  2.3988 -11.8782
X  0.4778 -0.3274 -0.8152
Y  0.8489 -0.0668  0.5244
Z -0.2261 -0.9425  0.2460

PART 14
OFFSET  20.0676  2.0005 -12.7396
X  0.6729  0.3500 -0.6517
Y -0.3582  0.9250  0.1270
Z  0.6473  0.1480  0.7478

PART 15
OFFSET  17.7199  2.2070 -15.0486
X  0.9398  0.1132 -0.3224
Y  0.2812 -0.7923  0.5415
Z -0.1941 -0.5996 -0.7764

PART 16
OFFSET  19.8942  2.4516 -15.5934
X  0.7590 -0.3132  0.5708
Y -0.6460 -0.4719  0.6000
Z  0.0814 -0.8241 -0.5605

PART 17
OFFSET  20.9688  2.0081 -14.7853
X -0.5422 -0.5226  0.6579
Y -0.8293  0.2068 -0.5192
Z  0.1353 -0.8271 -0.5455

PART 18
OFFSET  20.4881  1.5447 -14.2020
X -0.9696 -0.2019  0.1383
Y -0.2297  0.5554 -0.7993
Z  0.0845 -0.8067 -0.5849

PART 19
OFFSET  19.5669  1.3529 -14.0706
X  0.8735 -0.0776  0.4805
Y  0.4612  0.4472 -0.7663
Z -0.1555  0.8910  0.4265

PART 20
OFFSET  17.6076  2.7160 -14.5609
X  0.9397  0.3231 -0.1121
Y  0.3312 -0.7783  0.5335
Z  0.0852 -0.5385 -0.8383

PART 21
OFFSET  20.0519  3.4917 -14.9880
X  0.6703 -0.5383  0.5109
Y -0.7421 -0.4780  0.4699
Z -0.0087 -0.6941 -0.7198

PART 22
OFFSET  21.1930  2.5754 -14.1182
X -0.6691 -0.5344  0.5164
Y -0.7430  0.4670 -0.4794
Z  0.0150 -0.7045 -0.7095

PART 23
OFFSET  20.2657  1.8347 -13.4024
X -0.9810  0.1241 -0.1491
Y  0.1930  0.7019 -0.6856
Z  0.0196 -0.7013 -0.7126

PART 24
OFFSET  19.2017  1.9693 -13.5641
X  0.6945 -0.5372  0.4787
Y  0.7193  0.5334 -0.4450
Z -0.0163  0.6534  0.7568

PART 25
OFFSET  18.7362  4.2370 -12.3977
X  0.9772  0.1647  0.1341
Y -0.0825  0.8760 -0.4753
Z -0.1957  0.4534  0.8696

PART 26
OFFSET  19.4557  4.9424 -13.4773
X  0.8633 -0.3374  0.3753
Y -0.4823 -0.7704  0.4169
Z  0.1485 -0.5409 -0.8279

PART 27
OFFSET  20.9757  4.3483 -12.8165
X -0.4948 -0.8019  0.3349
Y -0.8398  0.3422 -0.4215
Z  0.2234 -0.4898 -0.8427

PART 28
OFFSET  20.3606  3.4032 -12.3582
X -0.9843 -0.1260 -0.1239
Y -0.0190  0.7727 -0.6344
Z  0.1757 -0.6221 -0.7630

PART 29
OFFSET  19.2488  3.2610 -12.4982
X  0.3870 -0.8316  0.3984
Y  0.9008  0.4333  0.0294
Z -0.1971  0.3475  0.9167

PART 30
OFFSET  19.8402  4.2711 -14.2661
X  0.7498 -0.4263  0.5059
Y -0.6424 -0.6522  0.4024
Z  0.1584 -0.6268 -0.7629

PART 31
OFFSET  21.3050  3.4382 -13.2777
X -0.6981 -0.6095  0.3756
Y -0.7059  0.4982 -0.5035
Z  0.1198 -0.6166 -0.7781

PART 32
OFFSET  20.2853  2.5479 -12.7291
X -0.9740  0.1093 -0.1982
Y  0.2025  0.8120 -0.5473
Z  0.1011 -0.5733 -0.8131

PART 33
OFFSET  19.1827  2.6671 -12.9590
X  0.6111 -0.5658  0.5536
Y  0.7873  0.5068 -0.3511
Z -0.0819  0.6504  0.7552

PART 34
OFFSET  19.5614  2.3648 -13.6022
X  0.0532 -0.5911 -0.8048
Y -0.3324  0.7495 -0.5725
Z  0.9416  0.2979 -0.1566

PART 35
OFFSET  15.1260  3.9350 -15.1226
X  0.9346 -0.3166 -0.1620
Y  0.3306  0.9413  0.0677
Z  0.1311 -0.1169  0.9845

PART 36
OFFSET  14.1992  2.5558 -15.3916
X  0.9346 -0.3166 -0.1620
Y  0.3306  0.9413  0.0677
Z  0.1311 -0.1169  0.9845

PART 37
OFFSET  15.8861  3.3371 -12.7141
X  0.9346 -0.3166 -0.1620
Y  0.3306  0.9413  0.0677
Z  0.1311 -0.1169  0.9845

PART 38
OFFSET  15.3753  2.0977 -12.5940
X  0.9346 -0.3166 -0.1620
Y  0.3306  0.9413  0.0677
Z  0.1311 -0.1169  0.9845

PART 39
OFFSET  14.6974  1.7748 -13.5277
X  0.9346 -0.3166 -0.1620
Y  0.3306  0.9413  0.0677
Z  0.1311 -0.1169  0.9845

PART 40
OFFSET  10.7208 -1.2765 -7.5804
X  0.7570  0.5117 -0.4063
Y -0.6468  0.4986 -0.5771
Z -0.0927  0.6997  0.7084

PART 41
OFFSET  10.7208 -1.2765 -7.5804
X  0.7570  0.5117 -0.4063
Y -0.6468  0.4986 -0.5771
Z -0.0927  0.6997  0.7084

PART 42
OFFSET  13.8736  1.0815 -9.1026
X  0.7570  0.5117 -0.4063
Y -0.6468  0.4986 -0.5771
Z -0.0927  0.6997  0.7084

PART 43
OFFSET  16.0685  3.1449 -8.3038
X  0.7570  0.5117 -0.4063
Y -0.6468  0.4986 -0.5771
Z -0.0927  0.6997  0.7084

PART 44
OFFSET -13.9227 -7.9373 -3.1869
X -0.9106 -0.0127  0.4130
Y -0.1283 -0.9414 -0.3120
Z  0.3928 -0.3371  0.8556

PART 45
OFFSET -2.9097 -7.7832 -8.1821
X -0.9810 -0.1159 -0.1558
Y  0.1724 -0.1505 -0.9735
Z  0.0894 -0.9818  0.1676

PART 46
OFFSET  5.4339 -6.7974 -6.8570
X -0.9810 -0.1159 -0.1558
Y  0.1860 -0.7914 -0.5824
Z -0.0558 -0.6003  0.7979

PART 47
OFFSET  6.6148 -5.3955 -6.1049
X -0.9822 -0.1123 -0.1504
Y -0.0891  0.9842 -0.1532
Z  0.1653 -0.1371 -0.9767

PART 48
OFFSET  6.8804 -5.8021 -5.0095
X -0.9822 -0.1123 -0.1504
Y -0.0891  0.9842 -0.1532
Z  0.1653 -0.1371 -0.9767

PART 49
OFFSET  7.1336 -7.1234 -4.9818
X -0.9822 -0.1123 -0.1504
Y -0.0891  0.9842 -0.1532
Z  0.1653 -0.1371 -0.9767

PART 50
OFFSET  8.4412 -6.4421 -6.3794
X -0.6066 -0.7425  0.2840
Y  0.4179 -0.6017 -0.6807
Z  0.6763 -0.2942  0.6753

PART 51
OFFSET  8.0331 -5.4066 -6.1275
X  0.1113 -0.9710  0.2117
Y  0.3794 -0.1554 -0.9121
Z  0.9185  0.1819  0.3511

PART 52
OFFSET  7.7039 -3.3059 -6.5129
X -0.4816 -0.4593  0.7464
Y  0.3435 -0.8825 -0.3214
Z  0.8063  0.1016  0.5827

PART 53
OFFSET  8.4115 -2.6285 -7.8024
X -0.4685  0.3079  0.8281
Y -0.0549 -0.9457  0.3205
Z  0.8818  0.1047  0.4599

PART 54
OFFSET  8.8787 -2.9501 -8.7243
X -0.9236 -0.0349  0.3819
Y -0.3828  0.0257 -0.9235
Z  0.0224 -0.9991 -0.0371

PART 55
OFFSET  9.2653 -6.3986 -7.4850
X -0.5528 -0.4503  0.7011
Y  0.8206 -0.1478  0.5521
Z -0.1450  0.8806  0.4512

PART 56
OFFSET  10.3857 -5.2405 -9.0624
X  0.5548 -0.5015  0.6639
Y  0.8233  0.2158 -0.5249
Z  0.1199  0.8378  0.5326

PART 57
OFFSET  9.6003 -4.5305 -10.0023
X  0.9894 -0.0624 -0.1313
Y -0.0698  0.5886 -0.8054
Z  0.1275  0.8060  0.5780

PART 58
OFFSET  8.7230 -4.4752 -9.8858
X  0.5188  0.3995 -0.7558
Y -0.8473  0.3579 -0.3925
Z  0.1137  0.8440  0.5242

PART 59
OFFSET  8.2301 -4.8547 -9.1678
X  0.1186 -0.6523  0.7487
Y -0.9592  0.1197  0.2563
Z -0.2568 -0.7485 -0.6114

PART 60
OFFSET  9.2154 -5.8765 -7.0008
X -0.5794 -0.5903  0.5620
Y  0.7695 -0.1688  0.6160
Z -0.2688  0.7893  0.5520

PART 61
OFFSET  10.7761 -4.4653 -8.5277
X  0.5126 -0.4258  0.7457
Y  0.8563  0.1897 -0.4803
Z  0.0631  0.8847  0.4618

PART 62
OFFSET  9.9034 -3.7405 -9.7972
X  0.9548  0.0830 -0.2855
Y -0.2891  0.4833 -0.8263
Z  0.0694  0.8715  0.4855

PART 63
OFFSET  8.5802 -3.8555 -9.4016
X  0.3595  0.4358 -0.8252
Y -0.9310  0.2278 -0.2853
Z  0.0636  0.8708  0.4876

PART 64
OFFSET  8.1903 -4.3281 -8.5067
X  0.2404 -0.4443  0.8630
Y -0.9706 -0.1008  0.2185
Z -0.0101 -0.8902 -0.4555

PART 65
OFFSET  5.9257 -9.1814 -4.2598
X -0.4635 -0.6641  0.5866
Y -0.8065  0.0420 -0.5897
Z  0.3670 -0.7465 -0.5551

PART 66
OFFSET  10.7411 -3.2043 -6.7217
X -0.6135 -0.6264  0.4810
Y  0.7605 -0.3043  0.5736
Z -0.2129  0.7177  0.6630

PART 67
OFFSET  11.8212 -2.1015 -7.5685
X -0.5898 -0.6314  0.5035
Y  0.7676 -0.2447  0.5924
Z -0.2509  0.7359  0.6289

PART 68
OFFSET  12.5230 -1.2892 -8.1424
X -0.5671 -0.6824  0.4612
Y  0.7761 -0.2552  0.5766
Z -0.2757  0.6849  0.6744

PART 69
OFFSET  13.1635 -0.5184 -8.6633
X -0.5936  0.6452 -0.4810
Y  0.8048  0.4768 -0.3536
Z  0.0012 -0.5969 -0.8023

PART 70
OFFSET  11.0084 -3.8835 -7.5510
X  0.3896 -0.4530  0.8019
Y  0.9133  0.3025 -0.2728
Z -0.1190  0.8386  0.5315

PART 71
OFFSET  10.2473 -2.9985 -9.1175
X  0.9894  0.1445 -0.0144
Y -0.0839  0.4879 -0.8689
Z -0.1185  0.8609  0.4948

PART 72
OFFSET  8.8022 -3.2095 -9.0965
X  0.4436  0.4651 -0.7661
Y -0.8838  0.0850 -0.4602
Z -0.1489  0.8812  0.4488

PART 73
OFFSET  8.3002 -3.7425 -8.2323
X  0.2338 -0.4672  0.8526
Y -0.9703 -0.1680  0.1740
Z  0.0619 -0.8680 -0.4927

PART 74
OFFSET  6.6148 -5.3955 -6.1049
X -0.9822 -0.1123 -0.1504
Y -0.0891  0.9842 -0.1532
Z  0.1653 -0.1371 -0.9767

PART 75
OFFSET  6.8804 -5.8019 -5.0094
X -0.9822 -0.1123 -0.1504
Y -0.0891  0.9842 -0.1532
Z  0.1653 -0.1371 -0.9767

PART 76
OFFSET  7.1337 -7.1234 -4.9819
X -0.9822 -0.1123 -0.1504
Y -0.0891  0.9842 -0.1532
Z  0.1653 -0.1371 -0.9767

PART 77
OFFSET  0.0000 -0.0000 -0.0000
X  1.0000 -0.0000  0.0000
Y  0.0000  1.0000  0.0000
Z  0.0000 -0.0000  1.0000

PART 78
OFFSET  0.0000 -0.0000 -0.0000
X  1.0000 -0.0000  0.0000
Y  0.0000  1.0000  0.0000
Z  0.0000 -0.0000  1.0000

PART 79
OFFSET  1.5404 -0.0000  4.1357
X  1.0000 -0.0000  0.0000
Y  0.0000  1.0000  0.0000
Z  0.0000 -0.0000  1.0000


FRAME 4091
PART 0
OFFSET  0.0000 -0.0000 -0.0000
X  1.0000 -0.0000  0.0000
Y  0.0000  1.0000  0.0000
Z  0.0000 -0.0000  1.0000

PART 1
OFFSET -4.6318 -0.0000 -1.3770
X  1.0000 -0.0000  0.0000
Y  0.0000  1.0000  0.0000
Z  0.0000 -0.0000  1.0000

PART 2
OFFSET -1.6642  7.9373 -3.1869
X  0.6076 -0.1526 -0.7794
Y  0.0682 -0.9677  0.2427
Z -0.7913 -0.2006 -0.5776

PART 3
OFFSET  5.6846  6.0918 -12.6130
X  0.9342 -0.3326 -0.1287
Y  0.0918 -0.1244  0.9880
Z -0.3446 -0.9348 -0.0857

PART 4
OFFSET  13.6307  3.2628 -13.7077
X  0.9342 -0.3326 -0.1287
Y  0.3092  0.5755  0.7571
Z -0.1777 -0.7471  0.6405

PART 5
OFFSET  15.5974  4.3403 -14.4470
X  0.9346 -0.3293 -0.1344
Y  0.3406  0.9375  0.0718
Z  0.1023 -0.1129  0.9883

PART 6
OFFSET  14.2112  2.3989 -15.1412
X  0.9346 -0.3293 -0.1344
Y  0.3406  0.9375  0.0718
Z  0.1023 -0.1129  0.9883

PART 7
OFFSET  15.8333  3.1742 -12.4222
X  0.9346 -0.3293 -0.1344
Y  0.3406  0.9375  0.0718
Z  0.1023 -0.1129  0.9883

PART 8
OFFSET  15.3036  1.9420 -12.3096
X  0.9346 -0.3293 -0.1344
Y  0.3406  0.9375  0.0718
Z  0.1023 -0.1129  0.9883

PART 9
OFFSET  14.6477  1.6223 -13.2601
X  0.9346 -0.3293 -0.1344
Y  0.3406  0.9375  0.0718
Z  0.1023 -0.1129  0.9883

PART 10
OFFSET  16.4948  2.2431 -14.1022
X  0.8858  0.4321  0.1693
Y -0.3662  0.4267  0.8269
Z  0.2851 -0.7945  0.5362

PART 11
OFFSET  16.6569  2.5231 -13.0079
X  0.6415 -0.0872  0.7622
Y -0.6592  0.4455  0.6058
Z -0.3924 -0.8910  0.2283

PART 12
OFFSET  17.9536  2.3298 -11.2900
X  0.9747 -0.1807 -0.1319
Y  0.1507  0.0944  0.9841
Z -0.1654 -0.9790  0.1193

PART 13
OFFSET  19.4995  1.9228 -11.5483
X  0.4665 -0.3125 -0.8275
Y  0.8390 -0.1400  0.5258
Z -0.2802 -0.9395  0.1968

PART 14
OFFSET  20.0054  1.5395 -12.4252
X  0.6972  0.3440 -0.6289
Y -0.3076  0.9360  0.1710
Z  0.6475  0.0743  0.7584

PART 15
OFFSET  17.6941  1.9913 -14.7360
X  0.9476  0.0766 -0.3102
Y  0.2319 -0.8327  0.5028
Z -0.2198 -0.5484 -0.8068

PART 16
OFFSET  19.8836  2.1412 -15.2538
X  0.7352 -0.3831  0.5592
Y -0.6766 -0.4645  0.5714
Z  0.0408 -0.7985 -0.6007

PART 17
OFFSET  20.9245  1.5988 -14.4621
X -0.5764 -0.5237  0.6273
Y -0.8117  0.2783 -0.5135
Z  0.0943 -0.8051 -0.5855

PART 18
OFFSET  20.4135  1.1344 -13.9059
X -0.9805 -0.1542  0.1217
Y -0.1912  0.6064 -0.7718
Z  0.0452 -0.7800 -0.6241

PART 19
OFFSET  19.4820  0.9880 -13.7903
X  0.8634 -0.1500  0.4816
Y  0.4924  0.4585 -0.7399
Z -0.1099  0.8760  0.4697

PART 20
OFFSET  17.6057  2.4809 -14.2241
X  0.9571  0.2754 -0.0896
Y  0.2827 -0.8211  0.4958
Z  0.0630 -0.4999 -0.8638

PART 21
OFFSET  20.0930  3.1395 -14.5959
X  0.6347 -0.5996  0.4875
Y -0.7717 -0.4587  0.4405
Z -0.0405 -0.6558 -0.7538

PART 22
OFFSET  21.1736  2.1187 -13.7659
X -0.7024 -0.5214  0.4846
Y -0.7116  0.5310 -0.4601
Z -0.0174 -0.6680 -0.7439

PART 23
OFFSET  20.2001  1.3962 -13.0943
X -0.9712  0.1859 -0.1490
Y  0.2379  0.7234 -0.6482
Z -0.0127 -0.6650 -0.7468

PART 24
OFFSET  19.1468  1.5977 -13.2558
X  0.6592 -0.5982  0.4556
Y  0.7518  0.5140 -0.4130
Z  0.0129  0.6148  0.7886

PART 25
OFFSET  18.7967  3.8269 -11.9799
X  0.9835  0.1031  0.1485
Y -0.0295  0.9018 -0.4312
Z -0.1784  0.4197  0.8900

PART 26
OFFSET  19.5641  4.5440 -13.0181
X  0.8398 -0.4033  0.3635
Y -0.5281 -0.7622  0.3745
Z  0.1260 -0.5064 -0.8530

PART 27
OFFSET  21.0427  3.8340 -12.3782
X -0.5415 -0.7887  0.2909
Y -0.8156  0.4091 -0.4092
Z  0.2037 -0.4589 -0.8648

PART 28
OFFSET  20.3720  2.9030 -11.9720
X -0.9885 -0.0646 -0.1364
Y  0.0296  0.8033 -0.5949
Z  0.1480 -0.5921 -0.7921

PART 29
OFFSET  19.2554  2.8301 -12.1261
X  0.3367 -0.8706  0.3586
Y  0.9231  0.3804  0.0570
Z -0.1860  0.3119  0.9317

PART 30
OFFSET  19.9181  3.8925 -13.8371
X  0.7204 -0.4921  0.4887
Y -0.6812 -0.6347  0.3650
Z  0.1305 -0.5958 -0.7924

PART 31
OFFSET  21.3254  2.9311 -12.8824
X -0.7342 -0.5876  0.3400
Y -0.6725  0.5613 -0.4824
Z  0.0927 -0.5828 -0.8073

PART 32
OFFSET  20.2530  2.0727 -12.3858
X -0.9646  0.1732 -0.1988
Y  0.2522  0.8257 -0.5045
Z  0.0768 -0.5368 -0.8402

PART 33
OFFSET  19.1608  2.2645 -12.6165
X  0.5737 -0.6259  0.5284
Y  0.8174  0.4790 -0.3201
Z -0.0527  0.6155  0.7864

PART 34
OFFSET  19.5281  1.9740 -13.2717
X  0.0278 -0.5524 -0.8331
Y -0.2851  0.7945 -0.5362
Z  0.9581  0.2524 -0.1354

PART 35
OFFSET  15.1478  3.7679 -14.8541
X  0.9346 -0.3293 -0.1344
Y  0.3406  0.9375  0.0718
Z  0.1023 -0.1129  0.9883

PART 36
OFFSET  14.2112  2.3989 -15.1412
X  0.9346 -0.3293 -0.1344
Y  0.3406  0.9375  0.0718
Z  0.1023 -0.1129  0.9883

PART 37
OFFSET  15.8333  3.1742 -12.4222
X  0.9346 -0.3293 -0.1344
Y  0.3406  0.9375  0.0718
Z  0.1023 -0.1129  0.9883

PART 38
OFFSET  15.3036  1.9420 -12.3096
X  0.9346 -0.3293 -0.1344
Y  0.3406  0.9375  0.0718
Z  0.1023 -0.1129  0.9883

PART 39
OFFSET  14.6477  1.6223 -13.2601
X  0.9346 -0.3293 -0.1344
Y  0.3406  0.9375  0.0718
Z  0.1023 -0.1129  0.9883

PART 40
OFFSET  10.4443 -1.4645 -7.4977
X  0.7879  0.4883 -0.3752
Y -0.6128  0.5620 -0.5555
Z -0.0604  0.6676  0.7421

PART 41
OFFSET  10.4443 -1.4645 -7.4977
X  0.7879  0.4883 -0.3752
Y -0.6128  0.5620 -0.5555
Z -0.0604  0.6676  0.7421

PART 42
OFFSET  13.7367  0.7870 -8.8791
X  0.7879  0.4883 -0.3752
Y -0.6128  0.5620 -0.5555
Z -0.0604  0.6676  0.7421

PART 43
OFFSET  16.0350  2.6826 -7.9634
X  0.7879  0.4883 -0.3752
Y -0.6128  0.5620 -0.5555
Z -0.0604  0.6676  0.7421

PART 44
OFFSET -13.9227 -7.9373 -3.1869
X -0.8749  0.0035  0.4843
Y -0.1663 -0.9413 -0.2937
Z  0.4548 -0.3375  0.8241

PART 45
OFFSET -3.3417 -7.9797 -9.0438
X -0.9691 -0.1237 -0.2136
Y  0.2304 -0.1433 -0.9625
Z  0.0884 -0.9819  0.1674

PART 46
OFFSET  4.9006 -6.9276 -7.2273
X -0.9691 -0.1237 -0.2136
Y  0.2378 -0.6996 -0.6738
Z -0.0661 -0.7037  0.7074

PART 47
OFFSET  6.0226 -5.5197 -6.4000
X -0.9707 -0.1201 -0.2083
Y -0.0890  0.9842 -0.1529
Z  0.2234 -0.1299 -0.9660

PART 48
OFFSET  6.2273 -5.9303 -5.2930
X -0.9707 -0.1201 -0.2083
Y -0.0890  0.9842 -0.1529
Z  0.2234 -0.1299 -0.9660

PART 49
OFFSET  6.4907 -7.2495 -5.2576
X -0.9707 -0.1201 -0.2083
Y -0.0890  0.9842 -0.1529
Z  0.2234 -0.1299 -0.9660

PART 50
OFFSET  7.8714 -6.5484 -6.5726
X -0.6494 -0.7208  0.2424
Y  0.3902 -0.5894 -0.7073
Z  0.6527 -0.3647  0.6640

PART 51
OFFSET  7.5190 -5.5056 -6.2716
X  0.0555 -0.9850  0.1634
Y  0.3786 -0.1306 -0.9163
Z  0.9239  0.1127  0.3657

PART 52
OFFSET  7.3101 -3.3733 -6.5530
X -0.5131 -0.4683  0.7193
Y  0.2971 -0.8831 -0.3631
Z  0.8053  0.0274  0.5923

PART 53
OFFSET  8.0660 -2.6730 -7.8022
X -0.4584  0.2918  0.8395
Y -0.1101 -0.9559  0.2722
Z  0.8819  0.0323  0.4703

PART 54
OFFSET  8.5232 -2.9738 -8.7362
X -0.9276 -0.0023  0.3737
Y -0.3723  0.0930 -0.9235
Z -0.0326 -0.9957 -0.0871

PART 55
OFFSET  8.7068 -6.4959 -7.6693
X -0.5834 -0.4532  0.6740
Y  0.8060 -0.2206  0.5492
Z -0.1002  0.8637  0.4940

PART 56
OFFSET  9.9041 -5.3248 -9.1792
X  0.5200 -0.5641  0.6414
Y  0.8388  0.1955 -0.5081
Z  0.1612  0.8022  0.5748

PART 57
OFFSET  9.1679 -4.5262 -10.0873
X  0.9856 -0.1108 -0.1279
Y -0.0297  0.6310 -0.7752
Z  0.1666  0.7678  0.6186

PART 58
OFFSET  8.2941 -4.4280 -9.9739
X  0.5471  0.4071 -0.7314
Y -0.8225  0.4236 -0.3795
Z  0.1553  0.8092  0.5666

PART 59
OFFSET  7.7743 -4.8148 -9.2790
X  0.0754 -0.6944  0.7157
Y -0.9534  0.1601  0.2558
Z -0.2922 -0.7016 -0.6499

PART 60
OFFSET  8.6815 -5.9966 -7.1598
X -0.6164 -0.5844  0.5278
Y  0.7532 -0.2419  0.6117
Z -0.2298  0.7746  0.5893

PART 61
OFFSET  10.3319 -4.6003 -8.6038
X  0.4813 -0.4903  0.7266
Y  0.8699  0.1653 -0.4647
Z  0.1077  0.8557  0.5061

PART 62
OFFSET  9.5124 -3.7655 -9.8408
X  0.9605  0.0438 -0.2748
Y -0.2542  0.5393 -0.8028
Z  0.1130  0.8410  0.5291

PART 63
OFFSET  8.1812 -3.8262 -9.4600
X  0.3906  0.4556 -0.7999
Y -0.9143  0.2932 -0.2795
Z  0.1072  0.8405  0.5311

PART 64
OFFSET  7.7576 -4.3203 -8.5925
X  0.2075 -0.4995  0.8411
Y -0.9767 -0.0573  0.2069
Z -0.0552 -0.8644 -0.4997

PART 65
OFFSET  5.1887 -9.2455 -4.6096
X -0.5049 -0.6656  0.5495
Y -0.7975  0.1162 -0.5920
Z  0.3302 -0.7372 -0.5895

PART 66
OFFSET  10.3500 -3.4308 -6.7368
X -0.6516 -0.6144  0.4449
Y  0.7371 -0.3745  0.5625
Z -0.1790  0.6945  0.6969

PART 67
OFFSET  11.4973 -2.3491 -7.5202
X -0.6285 -0.6218  0.4673
Y  0.7474 -0.3163  0.5843
Z -0.2155  0.7165  0.6635

PART 68
OFFSET  12.2482 -1.5496 -8.0480
X -0.6082 -0.6719  0.4227
Y  0.7555 -0.3265  0.5680
Z -0.2436  0.6648  0.7062

PART 69
OFFSET  12.9352 -0.7907 -8.5254
X -0.5525  0.7005 -0.4517
Y  0.8331  0.4483 -0.3239
Z -0.0244 -0.5553 -0.8313

PART 70
OFFSET  10.5870 -4.0816 -7.5975
X  0.3565 -0.5134  0.7806
Y  0.9311  0.2643 -0.2514
Z -0.0773  0.8164  0.5722

PART 71
OFFSET  9.8906 -3.0787 -9.1224
X  0.9960  0.0896 -0.0008
Y -0.0487  0.5345 -0.8438
Z -0.0752  0.8404  0.5367

PART 72
OFFSET  8.4358 -3.2096 -9.1214
X  0.4757  0.4773 -0.7388
Y -0.8734  0.1569 -0.4610
Z -0.1041  0.8646  0.4915

PART 73
OFFSET  7.8971 -3.7562 -8.2883
X  0.1997 -0.5215  0.8296
Y -0.9797 -0.1221  0.1591
Z  0.0184 -0.8445 -0.5353

PART 74
OFFSET  6.0226 -5.5197 -6.3999
X -0.9707 -0.1201 -0.2083
Y -0.0890  0.9842 -0.1529
Z  0.2234 -0.1299 -0.9660

PART 75
OFFSET  6.2273 -5.9301 -5.2929
X -0.9707 -0.1201 -0.2083
Y -0.0890  0.9842 -0.1529
Z  0.2234 -0.1299 -0.9660

PART 76
OFFSET  6.4907 -7.2495 -5.2577
X -0.9707 -0.1201 -0.2083
Y -0.0890  0.9842 -0.1529
Z  0.2234 -0.1299 -0.9660

PART 77
OFFSET  0.0000 -0.0000 -0.0000
X  1.0000 -0.0000  0.0000
Y  0.0000  1.0000  0.0000
Z  0.0000 -0.0000  1.0000

PART 78
OFFSET  0.0000 -0.0000 -0.0000
X  1.0000 -0.0000  0.0000
Y  0.0000  1.0000  0.0000
Z  0.0000 -0.0000  1.0000

PART 79
OFFSET  1.5404 -0.0000  4.1357
X  1.0000 -0.0000  0.0000
Y  0.0000  1.0000  0.0000
Z  0.0000 -0.0000  1.0000


FRAME 4092
PART 0
OFFSET  0.0000 -0.0000 -0.0000
X  1.0000 -0.0000  0.0000
Y  0.0000  1.0000  0.0000
Z  0.0000 -0.0000  1.0000

PART 1
OFFSET -4.6318 -0.0000 -1.3770
X  1.0000 -0.0000  0.0000
Y  0.0000  1.0000  0.0000
Z  0.0000 -0.0000  1.0000

PART 2
OFFSET -1.6642  7.9373 -3.1869
X  0.6060 -0.1561 -0.7800
Y  0.0559 -0.9698  0.2375
Z -0.7935 -0.1875 -0.5790

PART 3
OFFSET  5.6648  6.0499 -12.6201
X  0.9333 -0.3497 -0.0815
Y  0.0441 -0.1138  0.9925
Z -0.3564 -0.9299 -0.0908

PART 4
OFFSET  13.6029  3.0753 -13.3136
X  0.9333 -0.3497 -0.0815
Y  0.2546  0.4843  0.8370
Z -0.2532 -0.8020  0.5410

PART 5
OFFSET  15.6199  4.1107 -13.9734
X  0.9340 -0.3465 -0.0872
Y  0.3531  0.9324  0.0768
Z  0.0547 -0.1025  0.9932

PART 6
OFFSET  14.2338  2.1844 -14.7088
X  0.9340 -0.3465 -0.0872
Y  0.3531  0.9324  0.0768
Z  0.0547 -0.1025  0.9932

PART 7
OFFSET  15.7421  2.9656 -11.9267
X  0.9340 -0.3465 -0.0872
Y  0.3531  0.9324  0.0768
Z  0.0547 -0.1025  0.9932

PART 8
OFFSET  15.1865  1.7439 -11.8247
X  0.9340 -0.3465 -0.0872
Y  0.3531  0.9324  0.0768
Z  0.0547 -0.1025  0.9932

PART 9
OFFSET  14.5697  1.4237 -12.8008
X  0.9340 -0.3465 -0.0872
Y  0.3531  0.9324  0.0768
Z  0.0547 -0.1025  0.9932

PART 10
OFFSET  16.4641  2.0032 -13.5636
X  0.9159  0.3447  0.2058
Y -0.3398  0.3926  0.8546
Z  0.2138 -0.8527  0.4767

PART 11
OFFSET  16.6359  2.1870 -12.4505
X  0.6237 -0.1955  0.7568
Y -0.6278  0.4515  0.6340
Z -0.4657 -0.8706  0.1589

PART 12
OFFSET  17.8933  1.7618 -10.7453
X  0.9583 -0.2492 -0.1400
Y  0.1467  0.0086  0.9891
Z -0.2453 -0.9684  0.0448

PART 13
OFFSET  19.4041  1.2504 -11.0252
X  0.4490 -0.2872 -0.8462
Y  0.8189 -0.2466  0.5182
Z -0.3575 -0.9256  0.1245

PART 14
OFFSET  19.8871  0.8933 -11.9257
X  0.7298  0.3318 -0.5978
Y -0.2328  0.9427  0.2390
Z  0.6428 -0.0352  0.7652

PART 15
OFFSET  17.6462  1.7022 -14.2082
X  0.9541  0.0219 -0.2987
Y  0.1581 -0.8838  0.4402
Z -0.2543 -0.4673 -0.8467

PART 16
OFFSET  19.8463  1.7111 -14.7020
X  0.6955 -0.4822  0.5328
Y -0.7184 -0.4489  0.5315
Z -0.0171 -0.7523 -0.6586

PART 17
OFFSET  20.8309  1.0285 -13.9477
X -0.6239 -0.5201  0.5833
Y -0.7807  0.3809 -0.4954
Z  0.0355 -0.7645 -0.6437

PART 18
OFFSET  20.2778  0.5673 -13.4305
X -0.9911 -0.0824  0.1047
Y -0.1328  0.6756 -0.7252
Z -0.0110 -0.7326 -0.6805

PART 19
OFFSET  19.3363  0.4891 -13.3310
X  0.8430 -0.2552  0.4735
Y  0.5361  0.4705 -0.7009
Z -0.0439  0.8447  0.5334

PART 20
OFFSET  17.5919  2.1580 -13.6615
X  0.9772  0.2024 -0.0638
Y  0.2097 -0.8760  0.4344
Z  0.0321 -0.4379 -0.8985

PART 21
OFFSET  20.1283  2.6375 -13.9700
X  0.5786 -0.6838  0.4446
Y -0.8112 -0.4257  0.4009
Z -0.0849 -0.5926 -0.8010

PART 22
OFFSET  21.1133  1.4733 -13.2132
X -0.7477 -0.4969  0.4405
Y -0.6611  0.6199 -0.4228
Z -0.0630 -0.6073 -0.7920

PART 23
OFFSET  20.0771  0.7846 -12.6026
X -0.9513  0.2749 -0.1397
Y  0.3029  0.7477 -0.5909
Z -0.0580 -0.6045 -0.7945

PART 24
OFFSET  19.0455  1.0828 -12.7541
X  0.6035 -0.6821  0.4129
Y  0.7956  0.4803 -0.3694
Z  0.0537  0.5514  0.8325

PART 25
OFFSET  18.8625  3.2322 -11.3167
X  0.9869  0.0113  0.1609
Y  0.0484  0.9307 -0.3626
Z -0.1539  0.3656  0.9180

PART 26
OFFSET  19.6970  3.9594 -12.2943
X  0.8003 -0.4962  0.3366
Y -0.5922 -0.7423  0.3136
Z  0.0942 -0.4503 -0.8879

PART 27
OFFSET  21.1060  3.0857 -11.7016
X -0.6068 -0.7614  0.2282
Y -0.7752  0.5034 -0.3816
Z  0.1757 -0.4085 -0.8957

PART 28
OFFSET  20.3577  2.1849 -11.3698
X -0.9889  0.0265 -0.1460
Y  0.1012  0.8401 -0.5329
Z  0.1086 -0.5418 -0.8335

PART 29
OFFSET  19.2407  2.2149 -11.5347
X  0.2611 -0.9194  0.2942
Y  0.9501  0.2986  0.0901
Z -0.1707  0.2560  0.9515

PART 30
OFFSET  20.0064  3.3438 -13.1579
X  0.6727 -0.5841  0.4542
Y -0.7343 -0.6024  0.3129
Z  0.0908 -0.5440 -0.8342

PART 31
OFFSET  21.3205  2.2027 -12.2706
X -0.7832 -0.5494  0.2912
Y -0.6195  0.6484 -0.4425
Z  0.0543 -0.5269 -0.8482

PART 32
OFFSET  20.1766  1.4002 -11.8452
X -0.9452  0.2655 -0.1903
Y  0.3238  0.8376 -0.4399
Z  0.0426 -0.4774 -0.8776

PART 33
OFFSET  19.1062  1.6969 -12.0666
X  0.5152 -0.7081  0.4830
Y  0.8570  0.4332 -0.2791
Z -0.0116  0.5577  0.8300

PART 34
OFFSET  19.4561  1.4269 -12.7397
X -0.0076 -0.4894 -0.8720
Y -0.2138  0.8527 -0.4767
Z  0.9768  0.1829 -0.1111

PART 35
OFFSET  15.1796  3.5409 -14.3943
X  0.9340 -0.3465 -0.0872
Y  0.3531  0.9324  0.0768
Z  0.0547 -0.1025  0.9932

PART 36
OFFSET  14.2338  2.1844 -14.7088
X  0.9340 -0.3465 -0.0872
Y  0.3531  0.9324  0.0768
Z  0.0547 -0.1025  0.9932

PART 37
OFFSET  15.7421  2.9656 -11.9267
X  0.9340 -0.3465 -0.0872
Y  0.3531  0.9324  0.0768
Z  0.0547 -0.1025  0.9932

PART 38
OFFSET  15.1865  1.7439 -11.8247
X  0.9340 -0.3465 -0.0872
Y  0.3531  0.9324  0.0768
Z  0.0547 -0.1025  0.9932

PART 39
OFFSET  14.5697  1.4237 -12.8008
X  0.9340 -0.3465 -0.0872
Y  0.3531  0.9324  0.0768
Z  0.0547 -0.1025  0.9932

PART 40
OFFSET  10.0595 -1.6789 -7.2868
X  0.8290  0.4490 -0.3335
Y -0.5591  0.6498 -0.5150
Z -0.0146  0.6134  0.7897

PART 41
OFFSET  10.0595 -1.6789 -7.2868
X  0.8290  0.4490 -0.3335
Y -0.5591  0.6498 -0.5150
Z -0.0146  0.6134  0.7897

PART 42
OFFSET  13.5385  0.3931 -8.4786
X  0.8290  0.4490 -0.3335
Y -0.5591  0.6498 -0.5150
Z -0.0146  0.6134  0.7897

PART 43
OFFSET  15.9721  2.0219 -7.4116
X  0.8290  0.4490 -0.3335
Y -0.5591  0.6498 -0.5150
Z -0.0146  0.6134  0.7897

PART 44
OFFSET -13.9227 -7.9373 -3.1869
X -0.8267  0.0192  0.5624
Y -0.2041 -0.9416 -0.2679
Z  0.5243 -0.3363  0.7823

PART 45
OFFSET -3.9250 -8.1695 -9.9880
X -0.9505 -0.1364 -0.2791
Y  0.2969 -0.1343 -0.9454
Z  0.0915 -0.9815  0.1682

PART 46
OFFSET  4.1595 -7.0091 -7.6141
X -0.9505 -0.1364 -0.2791
Y  0.3059 -0.5676 -0.7643
Z -0.0541 -0.8119  0.5813

PART 47
OFFSET  5.2022 -5.5900 -6.7060
X -0.9525 -0.1329 -0.2739
Y -0.0931  0.9837 -0.1538
Z  0.2899 -0.1210 -0.9494

PART 48
OFFSET  5.3379 -6.0039 -5.5898
X -0.9525 -0.1329 -0.2739
Y -0.0931  0.9837 -0.1538
Z  0.2899 -0.1210 -0.9494

PART 49
OFFSET  5.6178 -7.3194 -5.5430
X -0.9525 -0.1329 -0.2739
Y -0.0931  0.9837 -0.1538
Z  0.2899 -0.1210 -0.9494

PART 50
OFFSET  7.0735 -6.5908 -6.7584
X -0.7082 -0.6815  0.1844
Y  0.3492 -0.5651 -0.7475
Z  0.6136 -0.4650  0.6382

PART 51
OFFSET  6.8032 -5.5480 -6.3820
X -0.0262 -0.9956  0.0894
Y  0.3771 -0.0927 -0.9215
Z  0.9258  0.0095  0.3779

PART 52
OFFSET  6.7707 -3.3907 -6.5041
X -0.5574 -0.4770  0.6795
Y  0.2287 -0.8750 -0.4267
Z  0.7981 -0.0824  0.5968

PART 53
OFFSET  7.5947 -2.6635 -7.6933
X -0.4427  0.2651  0.8566
Y -0.1902 -0.9613  0.1993
Z  0.8763 -0.0747  0.4760

PART 54
OFFSET  8.0366 -2.9305 -8.6448
X -0.9289  0.0456  0.3676
Y -0.3531  0.1913 -0.9158
Z -0.1121 -0.9805 -0.1616

PART 55
OFFSET  7.9227 -6.5253 -7.8437
X -0.6257 -0.4529  0.6352
Y  0.7793 -0.3257  0.5354
Z -0.0356  0.8299  0.5567

PART 56
OFFSET  9.2277 -5.3469 -9.2554
X  0.4654 -0.6506  0.6001
Y  0.8576  0.1637 -0.4877
Z  0.2191  0.7416  0.6341

PART 57
OFFSET  8.5689 -4.4257 -10.1050
X  0.9748 -0.1809 -0.1307
Y  0.0302  0.6871 -0.7259
Z  0.2212  0.7036  0.6753

PART 58
OFFSET  7.7046 -4.2653 -9.9891
X  0.5865  0.4143 -0.6960
Y -0.7812  0.5162 -0.3509
Z  0.2139  0.7495  0.6265

PART 59
OFFSET  7.1474 -4.6590 -9.3279
X  0.0109 -0.7494  0.6620
Y -0.9401  0.2178  0.2621
Z -0.3406 -0.6253 -0.7021

PART 60
OFFSET  7.9321 -6.0647 -7.2984
X -0.6675 -0.5698  0.4794
Y  0.7242 -0.3472  0.5958
Z -0.1730  0.7449  0.6444

PART 61
OFFSET  9.7062 -4.7043 -8.6252
X  0.4319 -0.5805  0.6903
Y  0.8856  0.1279 -0.4465
Z  0.1708  0.8042  0.5693

PART 62
OFFSET  8.9710 -3.7161 -9.8005
X  0.9639 -0.0144 -0.2657
Y -0.2007  0.6163 -0.7615
Z  0.1747  0.7874  0.5912

PART 63
OFFSET  7.6350 -3.6961 -9.4322
X  0.4352  0.4804 -0.7615
Y -0.8844  0.3867 -0.2615
Z  0.1689  0.7872  0.5931

PART 64
OFFSET  7.1630 -4.2171 -8.6063
X  0.1569 -0.5758  0.8024
Y -0.9804  0.0073  0.1970
Z -0.1193 -0.8176 -0.5633

PART 65
OFFSET  4.1595 -9.1984 -5.0169
X -0.5633 -0.6612  0.4955
Y -0.7788  0.2245 -0.5858
Z  0.2761 -0.7158 -0.6414

PART 66
OFFSET  9.7978 -3.6820 -6.6758
X -0.7041 -0.5905  0.3943
Y  0.6980 -0.4740  0.5367
Z -0.1301  0.6531  0.7460

PART 67
OFFSET  11.0376 -2.6422 -7.3700
X -0.6820 -0.6015  0.4161
Y  0.7127 -0.4186  0.5629
Z -0.1644  0.6804  0.7142

PART 68
OFFSET  11.8566 -1.8697 -7.8325
X -0.6653 -0.6496  0.3680
Y  0.7201 -0.4283  0.5459
Z -0.1970  0.6282  0.7527

PART 69
OFFSET  12.6081 -1.1359 -8.2482
X -0.4889  0.7748 -0.4009
Y  0.8703  0.4017 -0.2851
Z -0.0599 -0.4883 -0.8706

PART 70
OFFSET  9.9911 -4.2843 -7.5816
X  0.3050 -0.5973  0.7418
Y  0.9522  0.2055 -0.2260
Z -0.0175  0.7753  0.6314

PART 71
OFFSET  9.3953 -3.1175 -9.0307
X  0.9999  0.0080  0.0111
Y  0.0042  0.5978 -0.8016
Z -0.0130  0.8016  0.5977

PART 72
OFFSET  7.9348 -3.1292 -9.0470
X  0.5211  0.4904 -0.6985
Y -0.8526  0.2614 -0.4525
Z -0.0393  0.8314  0.5543

PART 73
OFFSET  7.3443 -3.6903 -8.2601
X  0.1475 -0.5961  0.7892
Y -0.9881 -0.0534  0.1444
Z -0.0440 -0.8011 -0.5969

PART 74
OFFSET  5.2022 -5.5899 -6.7060
X -0.9525 -0.1329 -0.2739
Y -0.0931  0.9837 -0.1538
Z  0.2899 -0.1210 -0.9494

PART 75
OFFSET  5.3379 -6.0037 -5.5897
X -0.9525 -0.1329 -0.2739
Y -0.0931  0.9837 -0.1538
Z  0.2899 -0.1210 -0.9494

PART 76
OFFSET  5.6178 -7.3194 -5.5432
X -0.9525 -0.1329 -0.2739
Y -0.0931  0.9837 -0.1538
Z  0.2899 -0.1210 -0.9494

PART 77
OFFSET  0.0000 -0.0000 -0.0000
X  1.0000 -0.0000  0.0000
Y  0.0000  1.0000  0.0000
Z  0.0000 -0.0000  1.0000

PART 78
OFFSET  0.0000 -0.0000 -0.0000
X  1.0000 -0.0000  0.0000
Y  0.0000  1.0000  0.0000
Z  0.0000 -0.0000  1.0000

PART 79
OFFSET  1.5404 -0.0000  4.1357
X  1.0000 -0.0000  0.0000
Y  0.0000  1.0000  0.0000
Z  0.0000 -0.0000  1.0000


FRAME 4093
PART 0
OFFSET  0.0000 -0.0000 -0.0000
X  1.0000 -0.0000  0.0000
Y  0.0000  1.0000  0.0000
Z  0.0000 -0.0000  1.0000

PART 1
OFFSET -4.6318 -0.0000 -1.3770
X  1.0000 -0.0000  0.0000
Y  0.0000  1.0000  0.0000
Z  0.0000 -0.0000  1.0000

PART 2
OFFSET -1.6642  7.9373 -3.1869
X  0.6087 -0.1621 -0.7766
Y  0.0404 -0.9713  0.2343
Z -0.7923 -0.1740 -0.5847

PART 3
OFFSET  5.6977  5.9774 -12.5796
X  0.9292 -0.3688 -0.0224
Y -0.0149 -0.0979  0.9951
Z -0.3692 -0.9243 -0.0965

PART 4
OFFSET  13.6013  2.8406 -12.7698
X  0.9292 -0.3688 -0.0224
Y  0.1699  0.3729  0.9122
Z -0.3281 -0.8514  0.4092

PART 5
OFFSET  15.6729  3.8260 -13.3290
X  0.9303 -0.3657 -0.0280
Y  0.3667  0.9267  0.0822
Z -0.0041 -0.0868  0.9962

PART 6
OFFSET  14.2928  1.9144 -14.1123
X  0.9303 -0.3657 -0.0280
Y  0.3667  0.9267  0.0822
Z -0.0041 -0.0868  0.9962

PART 7
OFFSET  15.6552  2.7134 -11.2609
X  0.9303 -0.3657 -0.0280
Y  0.3667  0.9267  0.0822
Z -0.0041 -0.0868  0.9962

PART 8
OFFSET  15.0704  1.5045 -11.1717
X  0.9303 -0.3657 -0.0280
Y  0.3667  0.9267  0.0822
Z -0.0041 -0.0868  0.9962

PART 9
OFFSET  14.5040  1.1797 -12.1764
X  0.9303 -0.3657 -0.0280
Y  0.3667  0.9267  0.0822
Z -0.0041 -0.0868  0.9962

PART 10
OFFSET  16.4500  1.7100 -12.8383
X  0.9413  0.2335  0.2439
Y -0.3145  0.3436  0.8849
Z  0.1228 -0.9096  0.3969

PART 11
OFFSET  16.6204  1.7731 -11.7117
X  0.5894 -0.3240  0.7400
Y -0.5918  0.4504  0.6686
Z -0.5499 -0.8320  0.0737

PART 12
OFFSET  17.8026  1.0725 -10.0440
X  0.9320 -0.3275 -0.1553
Y  0.1305 -0.0967  0.9867
Z -0.3381 -0.9399 -0.0474

PART 13
OFFSET  19.2615  0.4444 -10.3589
X  0.4332 -0.2505 -0.8658
Y  0.7827 -0.3717  0.4992
Z -0.4469 -0.8939  0.0351

PART 14
OFFSET  19.7228  0.1262 -11.2851
X  0.7681  0.3126 -0.5588
Y -0.1449  0.9349  0.3239
Z  0.6237 -0.1679  0.7634

PART 15
OFFSET  17.6082  1.3558 -13.4992
X  0.9566 -0.0437 -0.2881
Y  0.0650 -0.9317  0.3573
Z -0.2841 -0.3605 -0.8885

PART 16
OFFSET  19.8068  1.1958 -13.9734
X  0.6369 -0.5945  0.4908
Y -0.7669 -0.4237  0.4820
Z -0.0786 -0.6834 -0.7258

PART 17
OFFSET  20.7085  0.3540 -13.2785
X -0.6806 -0.5083  0.5277
Y -0.7321  0.4990 -0.4637
Z -0.0276 -0.7019 -0.7118

PART 18
OFFSET  20.1051 -0.0966 -12.8107
X -0.9960  0.0053  0.0891
Y -0.0551  0.7491 -0.6601
Z -0.0703 -0.6624 -0.7458

PART 19
OFFSET  19.1589 -0.0916 -12.7260
X  0.8066 -0.3785  0.4541
Y  0.5904  0.4784 -0.6500
Z  0.0288  0.7924  0.6094

PART 20
OFFSET  17.5890  1.7625 -12.9129
X  0.9931  0.1112 -0.0373
Y  0.1172 -0.9284  0.3526
Z  0.0046 -0.3545 -0.9350

PART 21
OFFSET  20.1645  2.0190 -13.1563
X  0.5026 -0.7749  0.3833
Y -0.8549 -0.3797  0.3534
Z -0.1283 -0.5053 -0.8533

PART 22
OFFSET  21.0203  0.6998 -12.5037
X -0.7992 -0.4601  0.3867
Y -0.5913  0.7175 -0.3682
Z -0.1081 -0.5229 -0.8455

PART 23
OFFSET  19.9126  0.0621 -11.9677
X -0.9179  0.3780 -0.1207
Y  0.3832  0.7658 -0.5165
Z -0.1028 -0.5203 -0.8477

PART 24
OFFSET  18.9171  0.4720 -12.0986
X  0.5281 -0.7727  0.3522
Y  0.8441  0.4324 -0.3171
Z  0.0927  0.4647  0.8806

PART 25
OFFSET  18.9181  2.4879 -10.4687
X  0.9806 -0.0997  0.1687
Y  0.1438  0.9509 -0.2740
Z -0.1331  0.2929  0.9468

PART 26
OFFSET  19.8349  3.2171 -11.3681
X  0.7431 -0.6006  0.2950
Y -0.6660 -0.7067  0.2387
Z  0.0651 -0.3738 -0.9252

PART 27
OFFSET  21.1432  2.1596 -10.8487
X -0.6810 -0.7164  0.1518
Y -0.7167  0.6095 -0.3389
Z  0.1503 -0.3396 -0.9285

PART 28
OFFSET  20.3062  1.3093 -10.6078
X -0.9792  0.1360 -0.1504
Y  0.1904  0.8716 -0.4516
Z  0.0697 -0.4709 -0.8794

PART 29
OFFSET  19.2002  1.4629 -10.7777
X  0.1665 -0.9636  0.2093
Y  0.9728  0.1951  0.1247
Z -0.1610  0.1828  0.9699

PART 30
OFFSET  20.0977  2.6563 -12.2829
X  0.6057 -0.6861  0.4029
Y -0.7940 -0.5542  0.2499
Z  0.0518 -0.4713 -0.8805

PART 31
OFFSET  21.2810  1.3159 -11.4957
X -0.8371 -0.4950  0.2329
Y -0.5467  0.7436 -0.3849
Z  0.0173 -0.4495 -0.8931

PART 32
OFFSET  20.0583  0.5929 -11.1556
X -0.9119  0.3726 -0.1718
Y  0.4102  0.8390 -0.3576
Z  0.0109 -0.3966 -0.9179

PART 33
OFFSET  19.0253  1.0115 -11.3565
X  0.4365 -0.7962  0.4188
Y  0.8992  0.3715 -0.2310
Z  0.0284  0.4775  0.8782

PART 34
OFFSET  19.3587  0.7717 -12.0491
X -0.0402 -0.4041 -0.9138
Y -0.1228  0.9096 -0.3969
Z  0.9916  0.0963 -0.0862

PART 35
OFFSET  15.2461  3.2577 -13.7654
X  0.9303 -0.3657 -0.0280
Y  0.3667  0.9267  0.0822
Z -0.0041 -0.0868  0.9962

PART 36
OFFSET  14.2928  1.9144 -14.1123
X  0.9303 -0.3657 -0.0280
Y  0.3667  0.9267  0.0822
Z -0.0041 -0.0868  0.9962

PART 37
OFFSET  15.6552  2.7134 -11.2609
X  0.9303 -0.3657 -0.0280
Y  0.3667  0.9267  0.0822
Z -0.0041 -0.0868  0.9962

PART 38
OFFSET  15.0704  1.5045 -11.1717
X  0.9303 -0.3657 -0.0280
Y  0.3667  0.9267  0.0822
Z -0.0041 -0.0868  0.9962

PART 39
OFFSET  14.5040  1.1797 -12.1764
X  0.9303 -0.3657 -0.0280
Y  0.3667  0.9267  0.0822
Z -0.0041 -0.0868  0.9962

PART 40
OFFSET  9.6178 -1.8920 -6.9799
X  0.8738  0.3949 -0.2840
Y -0.4853  0.7457 -0.4565
Z  0.0315  0.5367  0.8432

PART 41
OFFSET  9.6178 -1.8920 -6.9799
X  0.8738  0.3949 -0.2840
Y -0.4853  0.7457 -0.4565
Z  0.0315  0.5367  0.8432

PART 42
OFFSET  13.2994 -0.0680 -7.9474
X  0.8738  0.3949 -0.2840
Y -0.4853  0.7457 -0.4565
Z  0.0315  0.5367  0.8432

PART 43
OFFSET  15.8605  1.2110 -6.7151
X  0.8738  0.3949 -0.2840
Y -0.4853  0.7457 -0.4565
Z  0.0315  0.5367  0.8432

PART 44
OFFSET -13.9227 -7.9373 -3.1869
X -0.7729  0.0307  0.6337
Y -0.2323 -0.9432 -0.2376
Z  0.5904 -0.3309  0.7361

PART 45
OFFSET -4.5749 -8.3083 -10.8513
X -0.9281 -0.1548 -0.3386
Y  0.3583 -0.1243 -0.9253
Z  0.1011 -0.9801  0.1708

PART 46
OFFSET  3.3191 -6.9919 -7.9715
X -0.9281 -0.1548 -0.3386
Y  0.3717 -0.4360 -0.8196
Z -0.0208 -0.8866  0.4621

PART 47
OFFSET  4.2732 -5.5555 -6.9958
X -0.9305 -0.1513 -0.3335
Y -0.1036  0.9822 -0.1565
Z  0.3513 -0.1111 -0.9297

PART 48
OFFSET  4.3472 -5.9712 -5.8744
X -0.9305 -0.1513 -0.3335
Y -0.1036  0.9822 -0.1565
Z  0.3513 -0.1111 -0.9297

PART 49
OFFSET  4.6508 -7.2808 -5.8140
X -0.9305 -0.1513 -0.3335
Y -0.1036  0.9822 -0.1565
Z  0.3513 -0.1111 -0.9297

PART 50
OFFSET  6.1645 -6.5174 -6.9335
X -0.7735 -0.6233  0.1148
Y  0.3055 -0.5253 -0.7942
Z  0.5553 -0.5792  0.5968

PART 51
OFFSET  5.9896 -5.4923 -6.4638
X -0.1235 -0.9923 -0.0038
Y  0.3816 -0.0439 -0.9233
Z  0.9160 -0.1154  0.3841

PART 52
OFFSET  6.1670 -3.3400 -6.3847
X -0.6119 -0.4809  0.6280
Y  0.1504 -0.8502 -0.5045
Z  0.7765 -0.2142  0.5926

PART 53
OFFSET  7.0768 -2.5904 -7.4949
X -0.4292  0.2271  0.8742
Y -0.2851 -0.9525  0.1075
Z  0.8570 -0.2031  0.4736

PART 54
OFFSET  7.5065 -2.8105 -8.4638
X -0.9261  0.1018  0.3633
Y -0.3178  0.3082 -0.8967
Z -0.2032 -0.9459 -0.2530

PART 55
OFFSET  7.0339 -6.4355 -8.0016
X -0.6768 -0.4462  0.5855
Y  0.7353 -0.4479  0.5086
Z  0.0353  0.7748  0.6313

PART 56
OFFSET  8.4694 -5.2650 -9.2876
X  0.3906 -0.7452  0.5404
Y  0.8773  0.1235 -0.4638
Z  0.2789  0.6553  0.7020

PART 57
OFFSET  7.9164 -4.2099 -10.0527
X  0.9548 -0.2622 -0.1396
Y  0.1082  0.7447 -0.6586
Z  0.2767  0.6137  0.7395

PART 58
OFFSET  7.0698 -3.9774 -9.9289
X  0.6350  0.4175 -0.6500
Y -0.7220  0.6199 -0.3073
Z  0.2747  0.6644  0.6951

PART 59
OFFSET  6.4665 -4.3741 -9.3114
X -0.0722 -0.8045  0.5895
Y -0.9190  0.2833  0.2741
Z -0.3876 -0.5219 -0.7598

PART 60
OFFSET  7.0785 -6.0301 -7.4157
X -0.7271 -0.5437  0.4192
Y  0.6775 -0.4694  0.5663
Z -0.1111  0.6958  0.7096

PART 61
OFFSET  8.9971 -4.7328 -8.5967
X  0.3625 -0.6807  0.6366
Y  0.9011  0.0816 -0.4259
Z  0.2380  0.7280  0.6430

PART 62
OFFSET  8.3799 -3.5738 -9.6804
X  0.9623 -0.0837 -0.2586
Y -0.1278  0.7003 -0.7023
Z  0.2399  0.7090  0.6632

PART 63
OFFSET  7.0462 -3.4578 -9.3220
X  0.4920  0.5037 -0.7101
Y -0.8386  0.4934 -0.2310
Z  0.2340  0.7092  0.6651

PART 64
OFFSET  6.5126 -4.0040 -8.5518
X  0.0875 -0.6596  0.7465
Y -0.9782  0.0846  0.1894
Z -0.1881 -0.7468 -0.6379

PART 65
OFFSET  2.9845 -8.9778 -5.4643
X -0.6325 -0.6459  0.4275
Y -0.7437  0.3521 -0.5682
Z  0.2165 -0.6773 -0.7031

PART 66
OFFSET  9.1544 -3.9077 -6.5601
X -0.7642 -0.5529  0.3323
Y  0.6402 -0.5870  0.4955
Z -0.0789  0.5914  0.8025

PART 67
OFFSET  10.4998 -2.9343 -7.1451
X -0.7435 -0.5679  0.3532
Y  0.6597 -0.5360  0.5268
Z -0.1099  0.6247  0.7731

PART 68
OFFSET  11.3970 -2.2060 -7.5275
X -0.7307 -0.6128  0.3009
Y  0.6664 -0.5447  0.5091
Z -0.1480  0.5725  0.8064

PART 69
OFFSET  12.2224 -1.5138 -7.8673
X -0.4054  0.8522 -0.3307
Y  0.9095  0.3395 -0.2399
Z -0.0922 -0.3980 -0.9127

PART 70
OFFSET  9.3037 -4.4402 -7.5164
X  0.2337 -0.6897  0.6853
Y  0.9712  0.1317 -0.1987
Z  0.0468  0.7120  0.7006

PART 71
OFFSET  8.8471 -3.0928 -8.8551
X  0.9957 -0.0905  0.0194
Y  0.0749  0.6657 -0.7424
Z  0.0543  0.7407  0.6696

PART 72
OFFSET  7.3927 -2.9605 -8.8835
X  0.5774  0.4995 -0.6459
Y -0.8159  0.3836 -0.4326
Z  0.0317  0.7768  0.6290

PART 73
OFFSET  6.7381 -3.5314 -8.1566
X  0.0764 -0.6777  0.7314
Y -0.9909  0.0301  0.1314
Z -0.1110 -0.7348 -0.6692

PART 74
OFFSET  4.2732 -5.5554 -6.9958
X -0.9305 -0.1513 -0.3335
Y -0.1036  0.9822 -0.1565
Z  0.3513 -0.1111 -0.9297

PART 75
OFFSET  4.3472 -5.9710 -5.8744
X -0.9305 -0.1513 -0.3335
Y -0.1036  0.9822 -0.1565
Z  0.3513 -0.1111 -0.9297

PART 76
OFFSET  4.6509 -7.2808 -5.8141
