// Export filename: `C:\projects\cod\t5\xanim_export\t5_viewmodels\ak74u\ak74u_grenadier_idle_loop.XANIM_EXPORT`
// Source filename: `D:\projects\devanim\t5\animation_assets\viewmodels\ak74u\t5_viewmodel_ak74u_animated.fbx`
// Export time: Wed May 19 19:35:03 2010

ANIMATION
VERSION 3

NUMPARTS 80
PART 0 "tag_ads"
PART 1 "tag_torso"
PART 2 "J_Shoulder_LE"
PART 3 "J_Elbow_LE"
PART 4 "J_WristTwist_LE"
PART 5 "J_Sleave_Reshape_Bottom_LE_1"
PART 6 "J_Sleave_Reshape_Bottom_LE_2"
PART 7 "J_Sleave_Reshape_Top_LE_1"
PART 8 "J_Sleave_Reshape_Top_LE_2"
PART 9 "J_Sleave_Reshape_Top_LE_3"
PART 10 "J_Wrist_LE"
PART 11 "J_Thumb_LE_0"
PART 12 "J_Thumb_LE_1"
PART 13 "J_Thumb_LE_2"
PART 14 "J_Thumb_LE_3"
PART 15 "J_PinkyPalm_LE"
PART 16 "J_Pinky_LE_0"
PART 17 "J_Pinky_LE_1"
PART 18 "J_Pinky_LE_2"
PART 19 "J_Pinky_LE_3"
PART 20 "J_RingPalm_LE"
PART 21 "J_Ring_LE_0"
PART 22 "J_Ring_LE_1"
PART 23 "J_Ring_LE_2"
PART 24 "J_Ring_LE_3"
PART 25 "J_Webbing_LE"
PART 26 "J_Index_LE_0"
PART 27 "J_Index_LE_1"
PART 28 "J_Index_LE_2"
PART 29 "J_Index_LE_3"
PART 30 "J_Mid_LE_0"
PART 31 "J_Mid_LE_1"
PART 32 "J_Mid_LE_2"
PART 33 "J_Mid_LE_3"
PART 34 "tag_knife_attach"
PART 35 "D_Sleave_Reshape_Bottom_LE_1"
PART 36 "D_Sleave_Reshape_Bottom_LE_2"
PART 37 "D_Sleave_Reshape_Top_LE_1"
PART 38 "D_Sleave_Reshape_Top_LE_2"
PART 39 "D_Sleave_Reshape_Top_LE_3"
PART 40 "tag_weapon"
PART 41 "J_Gun"
PART 42 "TAG_CLIP"
PART 43 "J_Bolt"
PART 44 "J_Shoulder_RI"
PART 45 "J_Elbow_RI"
PART 46 "J_WristTwist_RI"
PART 47 "J_Sleave_Reshape_Top_RI_3"
PART 48 "J_Sleave_Reshape_Top_RI_2"
PART 49 "J_Sleave_Reshape_Top_RI_1"
PART 50 "J_Wrist_RI"
PART 51 "J_Thumb_RI_0"
PART 52 "J_Thumb_RI_1"
PART 53 "J_Thumb_RI_2"
PART 54 "J_Thumb_RI_3"
PART 55 "J_PinkyPalm_RI"
PART 56 "J_Pinky_RI_0"
PART 57 "J_Pinky_RI_1"
PART 58 "J_Pinky_RI_2"
PART 59 "J_Pinky_RI_3"
PART 60 "J_RingPalm_RI"
PART 61 "J_Ring_RI_0"
PART 62 "J_Ring_RI_1"
PART 63 "J_Ring_RI_2"
PART 64 "J_Ring_RI_3"
PART 65 "J_Webbing_RI"
PART 66 "J_Index_RI_0"
PART 67 "J_Index_RI_1"
PART 68 "J_Index_RI_2"
PART 69 "J_Index_RI_3"
PART 70 "J_Mid_RI_0"
PART 71 "J_Mid_RI_1"
PART 72 "J_Mid_RI_2"
PART 73 "J_Mid_RI_3"
PART 74 "D_Sleave_Reshape_Top_RI_3"
PART 75 "D_Sleave_Reshape_Top_RI_2"
PART 76 "D_Sleave_Reshape_Top_RI_1"
PART 77 "tag_cambone"
PART 78 "tag_camera"
PART 79 "tag_gasmask"

FRAMERATE 30
NUMFRAMES 191

FRAME 1200
PART 0
OFFSET -4.6318 -0.0000 -1.3770
X  1.0000 -0.0000  0.0000
Y  0.0000  1.0000  0.0000
Z  0.0000 -0.0000  1.0000

PART 1
OFFSET -4.6318 -0.0000 -1.3770
X  1.0000 -0.0000  0.0000
Y  0.0000  1.0000  0.0000
Z  0.0000 -0.0000  1.0000

PART 2
OFFSET -1.0115  7.9373 -5.7336
X  0.8197 -0.3174 -0.4767
Y -0.1453 -0.9204  0.3630
Z -0.5540 -0.2284 -0.8006

PART 3
OFFSET  8.9024  4.0985 -11.4990
X  0.9077 -0.4140  0.0680
Y -0.1014 -0.0592  0.9931
Z -0.4071 -0.9083 -0.0957

PART 4
OFFSET  16.6230  0.5771 -10.9205
X  0.9077 -0.4140  0.0680
Y -0.1443 -0.1559  0.9772
Z -0.3940 -0.8968 -0.2013

PART 5
OFFSET  18.7815  1.4390 -11.3373
X  0.9094 -0.4112  0.0623
Y  0.4060  0.9103  0.0813
Z -0.0902 -0.0486  0.9947

PART 6
OFFSET  17.3736 -0.4318 -12.1683
X  0.9094 -0.4112  0.0623
Y  0.4060  0.9103  0.0813
Z -0.0902 -0.0486  0.9947

PART 7
OFFSET  17.6486  0.8097 -9.3025
X  0.9094 -0.4112  0.0623
Y  0.4060  0.9103  0.0813
Z -0.0902 -0.0486  0.9947

PART 8
OFFSET  17.1954 -0.4550 -9.2081
X  0.9094 -0.4112  0.0623
Y  0.4060  0.9103  0.0813
Z -0.0902 -0.0486  0.9947

PART 9
OFFSET  16.7964 -0.8347 -10.2383
X  0.9094 -0.4112  0.0623
Y  0.4060  0.9103  0.0813
Z -0.0902 -0.0486  0.9947

PART 10
OFFSET  19.4058 -0.6921 -10.7120
X  0.6564 -0.3299  0.6784
Y -0.6912  0.0974  0.7161
Z -0.3023 -0.9390 -0.1641

PART 11
OFFSET  18.9100 -1.1321 -9.7831
X -0.3038 -0.7383  0.6022
Y -0.7611  0.5682  0.3127
Z -0.5730 -0.3633 -0.7346

PART 12
OFFSET  18.1464 -2.6888 -8.4934
X  0.6743 -0.7178  0.1735
Y -0.6368 -0.4463  0.6287
Z -0.3738 -0.5344 -0.7581

PART 13
OFFSET  19.2311 -3.8807 -8.3357
X  0.8466 -0.0742 -0.5270
Y  0.1902 -0.8827  0.4298
Z -0.4971 -0.4641 -0.7332

PART 14
OFFSET  20.1271 -3.9972 -8.9319
X  0.9834  0.0615  0.1705
Y -0.1682  0.6595  0.7326
Z -0.0674 -0.7492  0.6589

PART 15
OFFSET  20.6402 -1.2653 -10.9379
X  0.9198 -0.3664  0.1404
Y -0.3301 -0.9160 -0.2282
Z  0.2122  0.1635 -0.9634

PART 16
OFFSET  22.6355 -2.2247 -10.5101
X -0.4651 -0.8746  0.1372
Y -0.8559  0.4047 -0.3219
Z  0.2260 -0.2671 -0.9368

PART 17
OFFSET  21.9770 -3.4629 -10.3159
X -0.9741  0.1456 -0.1730
Y  0.1955  0.9267 -0.3209
Z  0.1136 -0.3465 -0.9312

PART 18
OFFSET  21.1133 -3.3338 -10.4693
X -0.9845  0.0697 -0.1612
Y  0.1121  0.9559 -0.2713
Z  0.1352 -0.2852 -0.9489

PART 19
OFFSET  20.1781 -3.2676 -10.6224
X  0.6631 -0.6122  0.4308
Y  0.7352  0.6408 -0.2210
Z -0.1408  0.4633  0.8750

PART 20
OFFSET  20.3675 -1.1420 -10.2898
X  0.8351 -0.3495  0.4247
Y -0.2851 -0.9354 -0.2092
Z  0.4704  0.0537 -0.8808

PART 21
OFFSET  22.6112 -2.0206 -9.3138
X -0.3024 -0.9530 -0.0182
Y -0.9010  0.2920 -0.3209
Z  0.3111 -0.0806 -0.9470

PART 22
OFFSET  22.0963 -3.6430 -9.3448
X -0.9443  0.0804 -0.3192
Y  0.1105  0.9909 -0.0775
Z  0.3101 -0.1084 -0.9445

PART 23
OFFSET  20.7876 -3.5317 -9.7872
X -0.9070  0.2569 -0.3338
Y  0.2786  0.9602 -0.0180
Z  0.3159 -0.1093 -0.9425

PART 24
OFFSET  19.8040 -3.2531 -10.1493
X  0.5995 -0.7644  0.2374
Y  0.7342  0.6433  0.2171
Z -0.3187  0.0442  0.9468

PART 25
OFFSET  20.1700 -2.0578 -7.5716
X  0.6672 -0.5903  0.4542
Y  0.4528  0.8057  0.3820
Z -0.5914 -0.0492  0.8049

PART 26
OFFSET  21.5547 -1.5552 -7.4674
X -0.0041 -0.9921 -0.1258
Y -0.9166  0.0540 -0.3961
Z  0.3998  0.1137 -0.9095

PART 27
OFFSET  21.5476 -3.3019 -7.6889
X -0.8692 -0.1242 -0.4786
Y -0.1465  0.9892  0.0094
Z  0.4723  0.0782 -0.8780

PART 28
OFFSET  20.4622 -3.4576 -8.2174
X -0.9323  0.1496 -0.3294
Y  0.1345  0.9886  0.0683
Z  0.3358  0.0194 -0.9417

PART 29
OFFSET  19.4092 -3.2886 -8.5895
X  0.2766 -0.9356 -0.2193
Y  0.8761  0.1517  0.4576
Z -0.3949 -0.3187  0.8617

PART 30
OFFSET  22.1803 -1.7941 -8.3461
X -0.3280 -0.9314 -0.1575
Y -0.8552  0.3636 -0.3693
Z  0.4013  0.0135 -0.9159

PART 31
OFFSET  21.5394 -3.6137 -8.6538
X -0.9157  0.0455 -0.3993
Y  0.0190  0.9973  0.0702
Z  0.4014  0.0568 -0.9141

PART 32
OFFSET  20.2019 -3.5472 -9.2370
X -0.8413  0.4122 -0.3496
Y  0.3326  0.9047  0.2662
Z  0.4260  0.1077 -0.8983

PART 33
OFFSET  19.2518 -3.0802 -9.6395
X  0.4054 -0.9008  0.1554
Y  0.8257  0.4339  0.3606
Z -0.3923 -0.0179  0.9197

PART 34
OFFSET  21.0973 -3.0699 -9.5087
X  0.4130  0.0261 -0.9104
Y  0.3023  0.9390  0.1641
Z  0.8591 -0.3430  0.3799

PART 35
OFFSET  18.3631  0.8759 -11.7885
X  0.9094 -0.4112  0.0623
Y  0.4060  0.9103  0.0813
Z -0.0902 -0.0486  0.9947

PART 36
OFFSET  17.3736 -0.4318 -12.1683
X  0.9094 -0.4112  0.0623
Y  0.4060  0.9103  0.0813
Z -0.0902 -0.0486  0.9947

PART 37
OFFSET  18.5372  0.4079 -9.2416
X  0.9094 -0.4112  0.0623
Y  0.4060  0.9103  0.0813
Z -0.0902 -0.0486  0.9947

PART 38
OFFSET  17.8855 -0.7670 -9.1608
X  0.9094 -0.4112  0.0623
Y  0.4060  0.9103  0.0813
Z -0.0902 -0.0486  0.9947

PART 39
OFFSET  17.3874 -1.1019 -10.1978
X  0.9094 -0.4112  0.0623
Y  0.4060  0.9103  0.0813
Z -0.0902 -0.0486  0.9947

PART 40
OFFSET  7.7688 -2.6416 -4.8099
X  1.0000 -0.0000  0.0000
Y  0.0000  1.0000  0.0000
Z  0.0000 -0.0000  1.0000

PART 41
OFFSET  7.7688 -2.6416 -4.8099
X  1.0000 -0.0000  0.0000
Y  0.0000  1.0000  0.0000
Z  0.0000 -0.0000  1.0000

PART 42
OFFSET  11.9806 -2.6266 -4.5308
X  1.0000 -0.0000  0.0000
Y  0.0000  1.0000  0.0000
Z  0.0000 -0.0000  1.0000

PART 43
OFFSET  14.3735 -3.4784 -2.7246
X  1.0000 -0.0000  0.0000
Y  0.0000  1.0000  0.0000
Z  0.0000 -0.0000  1.0000

PART 44
OFFSET -3.5060 -7.9373 -3.1869
X  0.1729 -0.1385  0.9752
Y -0.0119 -0.9903 -0.1385
Z  0.9849  0.0124 -0.1728

PART 45
OFFSET -5.5969 -6.2623 -14.9803
X -0.6702 -0.2157 -0.7101
Y  0.5558  0.4882 -0.6729
Z  0.4918 -0.8457 -0.2073

PART 46
OFFSET  0.1038 -4.4273 -8.9407
X -0.6702 -0.2157 -0.7101
Y  0.7313 -0.0287 -0.6815
Z  0.1266 -0.9760  0.1770

PART 47
OFFSET -0.2218 -2.5366 -7.1809
X -0.6749 -0.2163 -0.7055
Y -0.4979  0.8392  0.2190
Z  0.5446  0.4990 -0.6740

PART 48
OFFSET -0.3766 -3.2622 -6.2782
X -0.6749 -0.2163 -0.7055
Y -0.4979  0.8392  0.2190
Z  0.5446  0.4990 -0.6740

PART 49
OFFSET  1.5598 -4.8612 -7.4803
X -0.6749 -0.2163 -0.7055
Y -0.4979  0.8392  0.2190
Z  0.5446  0.4990 -0.6740

PART 50
OFFSET  2.1586 -3.7659 -6.7638
X -1.0000 -0.0028 -0.0059
Y  0.0059  0.0081 -0.9999
Z  0.0029 -1.0000 -0.0081

PART 51
OFFSET  2.6015 -3.3619 -5.7928
X -0.7920 -0.5154 -0.3274
Y  0.3419  0.0699 -0.9371
Z  0.5058 -0.8541  0.1209

PART 52
OFFSET  4.2483 -2.2092 -4.9996
X -0.9345 -0.2363  0.2662
Y -0.1672 -0.3689 -0.9143
Z  0.3142 -0.8990  0.3052

PART 53
OFFSET  5.7118 -1.7491 -5.5180
X -0.3066  0.0796  0.9485
Y -0.8535 -0.4640 -0.2369
Z  0.4213 -0.8822  0.2103

PART 54
OFFSET  6.0386 -1.7870 -6.5493
X -0.6728  0.5299  0.5163
Y  0.1125  0.7630 -0.6365
Z -0.7312 -0.3702 -0.5730

PART 55
OFFSET  3.0105 -3.5527 -7.8279
X -0.8231 -0.0499  0.5656
Y  0.0720 -0.9973  0.0168
Z  0.5632  0.0546  0.8245

PART 56
OFFSET  4.9332 -3.3104 -8.9807
X -0.6233 -0.7270 -0.2879
Y  0.7687 -0.5021 -0.3963
Z  0.1435 -0.4683  0.8718

PART 57
OFFSET  5.8157 -2.2811 -8.5731
X  0.8183 -0.4574 -0.3480
Y  0.5671  0.7408  0.3600
Z  0.0931 -0.4919  0.8656

PART 58
OFFSET  5.0901 -1.8756 -8.2645
X  0.9595  0.2817  0.0054
Y -0.2533  0.8541  0.4543
Z  0.1234 -0.4373  0.8908

PART 59
OFFSET  4.1786 -2.1432 -8.2697
X -0.5927 -0.6884 -0.4182
Y -0.7931  0.4083  0.4521
Z -0.1405  0.5996 -0.7879

PART 60
OFFSET  3.2269 -3.6972 -7.1631
X -0.9534 -0.0112  0.3014
Y  0.0231 -0.9991  0.0359
Z  0.3007  0.0412  0.9528

PART 61
OFFSET  5.6573 -3.6962 -8.0861
X -0.5392 -0.8318 -0.1317
Y  0.8314 -0.5008 -0.2407
Z  0.1343 -0.2393  0.9616

PART 62
OFFSET  6.5753 -2.2801 -7.8619
X  0.9147 -0.3503 -0.2014
Y  0.3880  0.9007  0.1956
Z  0.1129 -0.2571  0.9598

PART 63
OFFSET  5.3076 -1.7946 -7.5828
X  0.9749  0.2168 -0.0510
Y -0.1953  0.9423  0.2721
Z  0.1070 -0.2553  0.9609

PART 64
OFFSET  4.2503 -2.0297 -7.5274
X -0.6819 -0.7284 -0.0664
Y -0.7232  0.6578  0.2106
Z -0.1097  0.1916 -0.9753

PART 65
OFFSET -2.0067 -4.3205 -5.9472
X -0.9412 -0.2823  0.1856
Y -0.2931  0.9555 -0.0331
Z -0.1680 -0.0855 -0.9821

PART 66
OFFSET  6.0516 -4.1326 -5.9895
X -0.8730 -0.3751 -0.3119
Y  0.3909 -0.9203  0.0125
Z -0.2917 -0.1110  0.9500

PART 67
OFFSET  7.5886 -3.4722 -5.4404
X -0.8466 -0.4380 -0.3024
Y  0.4338 -0.8970  0.0848
Z -0.3084 -0.0594  0.9494

PART 68
OFFSET  8.5991 -2.9433 -5.0151
X -0.4312 -0.8619 -0.2667
Y  0.8282 -0.4954  0.2619
Z -0.3579 -0.1080  0.9275

PART 69
OFFSET  9.0861 -1.9698 -4.7138
X -0.7080  0.6974  0.1113
Y  0.7029  0.6807  0.2063
Z  0.0681  0.2243 -0.9721

PART 70
OFFSET  5.9509 -3.9447 -7.0735
X -0.3924 -0.9197  0.0149
Y  0.9189 -0.3927 -0.0367
Z  0.0396 -0.0007  0.9992

PART 71
OFFSET  6.7175 -2.1481 -7.1025
X  0.9558 -0.2880 -0.0596
Y  0.2855  0.9572 -0.0478
Z  0.0708  0.0286  0.9971

PART 72
OFFSET  5.3215 -1.7274 -7.0156
X  0.9016  0.4228 -0.0913
Y -0.4283  0.9021 -0.0525
Z  0.0602  0.0864  0.9944

PART 73
OFFSET  4.2996 -2.2063 -6.9192
X -0.4216 -0.9059  0.0400
Y -0.9011  0.4235  0.0927
Z -0.1009  0.0031 -0.9949

PART 74
OFFSET -0.2218 -2.5366 -7.1808
X -0.6749 -0.2163 -0.7055
Y -0.4979  0.8392  0.2190
Z  0.5446  0.4990 -0.6740

PART 75
OFFSET -0.3768 -3.2621 -6.2781
X -0.6749 -0.2163 -0.7055
Y -0.4979  0.8392  0.2190
Z  0.5446  0.4990 -0.6740

PART 76
OFFSET  1.5599 -4.8612 -7.4804
X -0.6749 -0.2163 -0.7055
Y -0.4979  0.8392  0.2190
Z  0.5446  0.4990 -0.6740

PART 77
OFFSET  0.0000 -0.0000 -0.0000
X  1.0000 -0.0000  0.0000
Y  0.0000  1.0000  0.0000
Z  0.0000 -0.0000  1.0000

PART 78
OFFSET  0.0000 -0.0000 -0.0000
X  1.0000 -0.0000  0.0000
Y  0.0000  1.0000  0.0000
Z  0.0000 -0.0000  1.0000

PART 79
OFFSET  1.5404 -0.0000  4.1357
X  1.0000 -0.0000  0.0000
Y  0.0000  1.0000  0.0000
Z  0.0000 -0.0000  1.0000


FRAME 1201
PART 0
OFFSET -4.6318 -0.0000 -1.3770
X  1.0000 -0.0000  0.0000
Y  0.0000  1.0000  0.0000
Z  0.0000 -0.0000  1.0000

PART 1
OFFSET -4.6318 -0.0000 -1.3770
X  1.0000 -0.0000  0.0000
Y  0.0000  1.0000  0.0000
Z  0.0000 -0.0000  1.0000

PART 2
OFFSET -1.0115  7.9373 -5.7336
X  0.8197 -0.3174 -0.4767
Y -0.1453 -0.9204  0.3630
Z -0.5540 -0.2284 -0.8006

PART 3
OFFSET  8.9024  4.0985 -11.4990
X  0.9077 -0.4140  0.0680
Y -0.1014 -0.0592  0.9931
Z -0.4071 -0.9083 -0.0957

PART 4
OFFSET  16.6230  0.5771 -10.9205
X  0.9077 -0.4140  0.0680
Y -0.1443 -0.1559  0.9772
Z -0.3940 -0.8968 -0.2013

PART 5
OFFSET  18.7815  1.4390 -11.3373
X  0.9094 -0.4112  0.0623
Y  0.4060  0.9103  0.0813
Z -0.0902 -0.0486  0.9947

PART 6
OFFSET  17.3736 -0.4318 -12.1683
X  0.9094 -0.4112  0.0623
Y  0.4060  0.9103  0.0813
Z -0.0902 -0.0486  0.9947

PART 7
OFFSET  17.6486  0.8097 -9.3025
X  0.9094 -0.4112  0.0623
Y  0.4060  0.9103  0.0813
Z -0.0902 -0.0486  0.9947

PART 8
OFFSET  17.1954 -0.4550 -9.2081
X  0.9094 -0.4112  0.0623
Y  0.4060  0.9103  0.0813
Z -0.0902 -0.0486  0.9947

PART 9
OFFSET  16.7964 -0.8347 -10.2383
X  0.9094 -0.4112  0.0623
Y  0.4060  0.9103  0.0813
Z -0.0902 -0.0486  0.9947

PART 10
OFFSET  19.4058 -0.6921 -10.7120
X  0.6564 -0.3299  0.6784
Y -0.6912  0.0974  0.7161
Z -0.3023 -0.9390 -0.1641

PART 11
OFFSET  18.9100 -1.1321 -9.7831
X -0.3038 -0.7383  0.6022
Y -0.7611  0.5682  0.3127
Z -0.5730 -0.3633 -0.7346

PART 12
OFFSET  18.1464 -2.6888 -8.4934
X  0.6743 -0.7178  0.1735
Y -0.6368 -0.4463  0.6287
Z -0.3738 -0.5344 -0.7581

PART 13
OFFSET  19.2311 -3.8807 -8.3357
X  0.8466 -0.0742 -0.5270
Y  0.1902 -0.8827  0.4298
Z -0.4971 -0.4641 -0.7332

PART 14
OFFSET  20.1271 -3.9972 -8.9319
X  0.9834  0.0615  0.1705
Y -0.1682  0.6595  0.7326
Z -0.0674 -0.7492  0.6589

PART 15
OFFSET  20.6402 -1.2653 -10.9379
X  0.9198 -0.3664  0.1404
Y -0.3301 -0.9160 -0.2282
Z  0.2122  0.1635 -0.9634

PART 16
OFFSET  22.6355 -2.2247 -10.5101
X -0.4651 -0.8746  0.1372
Y -0.8559  0.4047 -0.3219
Z  0.2260 -0.2671 -0.9368

PART 17
OFFSET  21.9770 -3.4629 -10.3159
X -0.9741  0.1456 -0.1730
Y  0.1955  0.9267 -0.3209
Z  0.1136 -0.3465 -0.9312

PART 18
OFFSET  21.1133 -3.3338 -10.4693
X -0.9845  0.0697 -0.1612
Y  0.1121  0.9559 -0.2713
Z  0.1352 -0.2852 -0.9489

PART 19
OFFSET  20.1781 -3.2676 -10.6224
X  0.6631 -0.6122  0.4308
Y  0.7352  0.6408 -0.2210
Z -0.1408  0.4633  0.8750

PART 20
OFFSET  20.3675 -1.1420 -10.2898
X  0.8351 -0.3495  0.4247
Y -0.2851 -0.9354 -0.2092
Z  0.4704  0.0537 -0.8808

PART 21
OFFSET  22.6112 -2.0206 -9.3138
X -0.3024 -0.9530 -0.0182
Y -0.9010  0.2920 -0.3209
Z  0.3111 -0.0806 -0.9470

PART 22
OFFSET  22.0963 -3.6430 -9.3448
X -0.9443  0.0804 -0.3192
Y  0.1105  0.9909 -0.0775
Z  0.3101 -0.1084 -0.9445

PART 23
OFFSET  20.7876 -3.5317 -9.7872
X -0.9070  0.2569 -0.3338
Y  0.2786  0.9602 -0.0180
Z  0.3159 -0.1093 -0.9425

PART 24
OFFSET  19.8040 -3.2531 -10.1493
X  0.5995 -0.7644  0.2374
Y  0.7342  0.6433  0.2171
Z -0.3187  0.0442  0.9468

PART 25
OFFSET  20.1700 -2.0578 -7.5716
X  0.6672 -0.5903  0.4542
Y  0.4528  0.8057  0.3820
Z -0.5914 -0.0492  0.8049

PART 26
OFFSET  21.5547 -1.5552 -7.4674
X -0.0041 -0.9921 -0.1258
Y -0.9166  0.0540 -0.3961
Z  0.3998  0.1137 -0.9095

PART 27
OFFSET  21.5476 -3.3019 -7.6889
X -0.8692 -0.1242 -0.4786
Y -0.1465  0.9892  0.0094
Z  0.4723  0.0782 -0.8780

PART 28
OFFSET  20.4622 -3.4576 -8.2174
X -0.9323  0.1496 -0.3294
Y  0.1345  0.9886  0.0683
Z  0.3358  0.0194 -0.9417

PART 29
OFFSET  19.4092 -3.2886 -8.5895
X  0.2766 -0.9356 -0.2193
Y  0.8761  0.1517  0.4576
Z -0.3949 -0.3187  0.8617

PART 30
OFFSET  22.1803 -1.7941 -8.3461
X -0.3280 -0.9314 -0.1575
Y -0.8552  0.3636 -0.3693
Z  0.4013  0.0135 -0.9159

PART 31
OFFSET  21.5394 -3.6137 -8.6538
X -0.9157  0.0455 -0.3993
Y  0.0190  0.9973  0.0702
Z  0.4014  0.0568 -0.9141

PART 32
OFFSET  20.2019 -3.5472 -9.2370
X -0.8413  0.4122 -0.3496
Y  0.3326  0.9047  0.2662
Z  0.4260  0.1077 -0.8983

PART 33
OFFSET  19.2518 -3.0802 -9.6395
X  0.4054 -0.9008  0.1554
Y  0.8257  0.4339  0.3606
Z -0.3923 -0.0179  0.9197

PART 34
OFFSET  21.0973 -3.0699 -9.5087
X  0.4130  0.0261 -0.9104
Y  0.3023  0.9390  0.1641
Z  0.8591 -0.3430  0.3799

PART 35
OFFSET  18.3631  0.8759 -11.7885
X  0.9094 -0.4112  0.0623
Y  0.4060  0.9103  0.0813
Z -0.0902 -0.0486  0.9947

PART 36
OFFSET  17.3736 -0.4318 -12.1683
X  0.9094 -0.4112  0.0623
Y  0.4060  0.9103  0.0813
Z -0.0902 -0.0486  0.9947

PART 37
OFFSET  18.5372  0.4079 -9.2416
X  0.9094 -0.4112  0.0623
Y  0.4060  0.9103  0.0813
Z -0.0902 -0.0486  0.9947

PART 38
OFFSET  17.8855 -0.7670 -9.1608
X  0.9094 -0.4112  0.0623
Y  0.4060  0.9103  0.0813
Z -0.0902 -0.0486  0.9947

PART 39
OFFSET  17.3874 -1.1019 -10.1978
X  0.9094 -0.4112  0.0623
Y  0.4060  0.9103  0.0813
Z -0.0902 -0.0486  0.9947

PART 40
OFFSET  7.7688 -2.6416 -4.8099
X  1.0000 -0.0000  0.0000
Y  0.0000  1.0000  0.0000
Z  0.0000 -0.0000  1.0000

PART 41
OFFSET  7.7688 -2.6416 -4.8099
X  1.0000 -0.0000  0.0000
Y  0.0000  1.0000  0.0000
Z  0.0000 -0.0000  1.0000

PART 42
OFFSET  11.9806 -2.6266 -4.5308
X  1.0000 -0.0000  0.0000
Y  0.0000  1.0000  0.0000
Z  0.0000 -0.0000  1.0000

PART 43
OFFSET  14.3735 -3.4784 -2.7246
X  1.0000 -0.0000  0.0000
Y  0.0000  1.0000  0.0000
Z  0.0000 -0.0000  1.0000

PART 44
OFFSET -3.5060 -7.9373 -3.1869
X  0.1729 -0.1385  0.9752
Y -0.0119 -0.9903 -0.1385
Z  0.9849  0.0124 -0.1728

PART 45
OFFSET -5.5969 -6.2623 -14.9803
X -0.6702 -0.2157 -0.7101
Y  0.5558  0.4882 -0.6729
Z  0.4918 -0.8457 -0.2073

PART 46
OFFSET  0.1038 -4.4273 -8.9407
X -0.6702 -0.2157 -0.7101
Y  0.7313 -0.0287 -0.6815
Z  0.1266 -0.9760  0.1770

PART 47
OFFSET -0.2218 -2.5366 -7.1809
X -0.6749 -0.2163 -0.7055
Y -0.4979  0.8392  0.2190
Z  0.5446  0.4990 -0.6740

PART 48
OFFSET -0.3766 -3.2622 -6.2782
X -0.6749 -0.2163 -0.7055
Y -0.4979  0.8392  0.2190
Z  0.5446  0.4990 -0.6740

PART 49
OFFSET  1.5598 -4.8612 -7.4803
X -0.6749 -0.2163 -0.7055
Y -0.4979  0.8392  0.2190
Z  0.5446  0.4990 -0.6740

PART 50
OFFSET  2.1586 -3.7659 -6.7638
X -1.0000 -0.0028 -0.0059
Y  0.0059  0.0081 -0.9999
Z  0.0029 -1.0000 -0.0081

PART 51
OFFSET  2.6015 -3.3619 -5.7928
X -0.7920 -0.5154 -0.3274
Y  0.3419  0.0699 -0.9371
Z  0.5058 -0.8541  0.1209

PART 52
OFFSET  4.2483 -2.2092 -4.9996
X -0.9345 -0.2363  0.2662
Y -0.1672 -0.3689 -0.9143
Z  0.3142 -0.8990  0.3052

PART 53
OFFSET  5.7118 -1.7491 -5.5180
X -0.3066  0.0796  0.9485
Y -0.8535 -0.4640 -0.2369
Z  0.4213 -0.8822  0.2103

PART 54
OFFSET  6.0386 -1.7870 -6.5493
X -0.6728  0.5299  0.5163
Y  0.1125  0.7630 -0.6365
Z -0.7312 -0.3702 -0.5730

PART 55
OFFSET  3.0105 -3.5527 -7.8279
X -0.8231 -0.0499  0.5656
Y  0.0720 -0.9973  0.0168
Z  0.5632  0.0546  0.8245

PART 56
OFFSET  4.9332 -3.3104 -8.9807
X -0.6233 -0.7270 -0.2879
Y  0.7687 -0.5021 -0.3963
Z  0.1435 -0.4683  0.8718

PART 57
OFFSET  5.8157 -2.2811 -8.5731
X  0.8183 -0.4574 -0.3480
Y  0.5671  0.7408  0.3600
Z  0.0931 -0.4919  0.8656

PART 58
OFFSET  5.0901 -1.8756 -8.2645
X  0.9595  0.2817  0.0054
Y -0.2533  0.8541  0.4543
Z  0.1234 -0.4373  0.8908

PART 59
OFFSET  4.1786 -2.1432 -8.2697
X -0.5927 -0.6884 -0.4182
Y -0.7931  0.4083  0.4521
Z -0.1405  0.5996 -0.7879

PART 60
OFFSET  3.2269 -3.6972 -7.1631
X -0.9534 -0.0112  0.3014
Y  0.0231 -0.9991  0.0359
Z  0.3007  0.0412  0.9528

PART 61
OFFSET  5.6573 -3.6962 -8.0861
X -0.5392 -0.8318 -0.1317
Y  0.8314 -0.5008 -0.2407
Z  0.1343 -0.2393  0.9616

PART 62
OFFSET  6.5753 -2.2801 -7.8619
X  0.9147 -0.3503 -0.2014
Y  0.3880  0.9007  0.1956
Z  0.1129 -0.2571  0.9598

PART 63
OFFSET  5.3076 -1.7946 -7.5828
X  0.9749  0.2168 -0.0510
Y -0.1953  0.9423  0.2721
Z  0.1070 -0.2553  0.9609

PART 64
OFFSET  4.2503 -2.0297 -7.5274
X -0.6819 -0.7284 -0.0664
Y -0.7232  0.6578  0.2106
Z -0.1097  0.1916 -0.9753

PART 65
OFFSET -2.0067 -4.3205 -5.9472
X -0.9412 -0.2823  0.1856
Y -0.2931  0.9555 -0.0331
Z -0.1680 -0.0855 -0.9821

PART 66
OFFSET  6.0516 -4.1326 -5.9895
X -0.8730 -0.3751 -0.3119
Y  0.3909 -0.9203  0.0125
Z -0.2917 -0.1110  0.9500

PART 67
OFFSET  7.5886 -3.4722 -5.4404
X -0.8466 -0.4380 -0.3024
Y  0.4338 -0.8970  0.0848
Z -0.3084 -0.0594  0.9494

PART 68
OFFSET  8.5991 -2.9433 -5.0151
X -0.4312 -0.8619 -0.2667
Y  0.8282 -0.4954  0.2619
Z -0.3579 -0.1080  0.9275

PART 69
OFFSET  9.0861 -1.9698 -4.7138
X -0.7080  0.6974  0.1113
Y  0.7029  0.6807  0.2063
Z  0.0681  0.2243 -0.9721

PART 70
OFFSET  5.9509 -3.9447 -7.0735
X -0.3924 -0.9197  0.0149
Y  0.9189 -0.3927 -0.0367
Z  0.0396 -0.0007  0.9992

PART 71
OFFSET  6.7175 -2.1481 -7.1025
X  0.9558 -0.2880 -0.0596
Y  0.2855  0.9572 -0.0478
Z  0.0708  0.0286  0.9971

PART 72
OFFSET  5.3215 -1.7274 -7.0156
X  0.9016  0.4228 -0.0913
Y -0.4283  0.9021 -0.0525
Z  0.0602  0.0864  0.9944

PART 73
OFFSET  4.2996 -2.2063 -6.9192
X -0.4216 -0.9059  0.0400
Y -0.9011  0.4235  0.0927
Z -0.1009  0.0031 -0.9949

PART 74
OFFSET -0.2218 -2.5366 -7.1808
X -0.6749 -0.2163 -0.7055
Y -0.4979  0.8392  0.2190
Z  0.5446  0.4990 -0.6740

PART 75
OFFSET -0.3768 -3.2621 -6.2781
X -0.6749 -0.2163 -0.7055
Y -0.4979  0.8392  0.2190
Z  0.5446  0.4990 -0.6740

PART 76
OFFSET  1.5599 -4.8612 -7.4804
X -0.6749 -0.2163 -0.7055
Y -0.4979  0.8392  0.2190
Z  0.5446  0.4990 -0.6740

PART 77
OFFSET  0.0000 -0.0000 -0.0000
X  1.0000 -0.0000  0.0000
Y  0.0000  1.0000  0.0000
Z  0.0000 -0.0000  1.0000

PART 78
OFFSET  0.0000 -0.0000 -0.0000
X  1.0000 -0.0000  0.0000
Y  0.0000  1.0000  0.0000
Z  0.0000 -0.0000  1.0000

PART 79
OFFSET  1.5404 -0.0000  4.1357
X  1.0000 -0.0000  0.0000
Y  0.0000  1.0000  0.0000
Z  0.0000 -0.0000  1.0000


FRAME 1202
PART 0
OFFSET -4.6318 -0.0000 -1.3770
X  1.0000 -0.0000  0.0000
Y  0.0000  1.0000  0.0000
Z  0.0000 -0.0000  1.0000

PART 1
OFFSET -4.6318 -0.0000 -1.3770
X  1.0000 -0.0000  0.0000
Y  0.0000  1.0000  0.0000
Z  0.0000 -0.0000  1.0000

PART 2
OFFSET -1.0115  7.9373 -5.7336
X  0.8197 -0.3174 -0.4767
Y -0.1453 -0.9204  0.3630
Z -0.5540 -0.2284 -0.8006

PART 3
OFFSET  8.9024  4.0985 -11.4990
X  0.9077 -0.4140  0.0680
Y -0.1014 -0.0592  0.9931
Z -0.4071 -0.9083 -0.0957

PART 4
OFFSET  16.6230  0.5771 -10.9205
X  0.9077 -0.4140  0.0680
Y -0.1443 -0.1559  0.9772
Z -0.3940 -0.8968 -0.2013

PART 5
OFFSET  18.7815  1.4390 -11.3373
X  0.9094 -0.4112  0.0623
Y  0.4060  0.9103  0.0813
Z -0.0902 -0.0486  0.9947

PART 6
OFFSET  17.3736 -0.4318 -12.1683
X  0.9094 -0.4112  0.0623
Y  0.4060  0.9103  0.0813
Z -0.0902 -0.0486  0.9947

PART 7
OFFSET  17.6486  0.8097 -9.3025
X  0.9094 -0.4112  0.0623
Y  0.4060  0.9103  0.0813
Z -0.0902 -0.0486  0.9947

PART 8
OFFSET  17.1954 -0.4550 -9.2081
X  0.9094 -0.4112  0.0623
Y  0.4060  0.9103  0.0813
Z -0.0902 -0.0486  0.9947

PART 9
OFFSET  16.7964 -0.8347 -10.2383
X  0.9094 -0.4112  0.0623
Y  0.4060  0.9103  0.0813
Z -0.0902 -0.0486  0.9947

PART 10
OFFSET  19.4058 -0.6921 -10.7120
X  0.6564 -0.3299  0.6784
Y -0.6912  0.0974  0.7161
Z -0.3023 -0.9390 -0.1641

PART 11
OFFSET  18.9100 -1.1321 -9.7831
X -0.3038 -0.7383  0.6022
Y -0.7611  0.5682  0.3127
Z -0.5730 -0.3633 -0.7346

PART 12
OFFSET  18.1464 -2.6888 -8.4934
X  0.6743 -0.7178  0.1735
Y -0.6368 -0.4463  0.6287
Z -0.3738 -0.5344 -0.7581

PART 13
OFFSET  19.2311 -3.8807 -8.3357
X  0.8466 -0.0742 -0.5270
Y  0.1902 -0.8827  0.4298
Z -0.4971 -0.4641 -0.7332

PART 14
OFFSET  20.1271 -3.9972 -8.9319
X  0.9834  0.0615  0.1705
Y -0.1682  0.6595  0.7326
Z -0.0674 -0.7492  0.6589

PART 15
OFFSET  20.6402 -1.2653 -10.9379
X  0.9198 -0.3664  0.1404
Y -0.3301 -0.9160 -0.2282
Z  0.2122  0.1635 -0.9634

PART 16
OFFSET  22.6355 -2.2247 -10.5101
X -0.4651 -0.8746  0.1372
Y -0.8559  0.4047 -0.3219
Z  0.2260 -0.2671 -0.9368

PART 17
OFFSET  21.9770 -3.4629 -10.3159
X -0.9741  0.1456 -0.1730
Y  0.1955  0.9267 -0.3209
Z  0.1136 -0.3465 -0.9312

PART 18
OFFSET  21.1133 -3.3338 -10.4693
X -0.9845  0.0697 -0.1612
Y  0.1121  0.9559 -0.2713
Z  0.1352 -0.2852 -0.9489

PART 19
OFFSET  20.1781 -3.2676 -10.6224
X  0.6631 -0.6122  0.4308
Y  0.7352  0.6408 -0.2210
Z -0.1408  0.4633  0.8750

PART 20
OFFSET  20.3675 -1.1420 -10.2898
X  0.8351 -0.3495  0.4247
Y -0.2851 -0.9354 -0.2092
Z  0.4704  0.0537 -0.8808

PART 21
OFFSET  22.6112 -2.0206 -9.3138
X -0.3024 -0.9530 -0.0182
Y -0.9010  0.2920 -0.3209
Z  0.3111 -0.0806 -0.9470

PART 22
OFFSET  22.0963 -3.6430 -9.3448
X -0.9443  0.0804 -0.3192
Y  0.1105  0.9909 -0.0775
Z  0.3101 -0.1084 -0.9445

PART 23
OFFSET  20.7876 -3.5317 -9.7872
X -0.9070  0.2569 -0.3338
Y  0.2786  0.9602 -0.0180
Z  0.3159 -0.1093 -0.9425

PART 24
OFFSET  19.8040 -3.2531 -10.1493
X  0.5995 -0.7644  0.2374
Y  0.7342  0.6433  0.2171
Z -0.3187  0.0442  0.9468

PART 25
OFFSET  20.1700 -2.0578 -7.5716
X  0.6672 -0.5903  0.4542
Y  0.4528  0.8057  0.3820
Z -0.5914 -0.0492  0.8049

PART 26
OFFSET  21.5547 -1.5552 -7.4674
X -0.0041 -0.9921 -0.1258
Y -0.9166  0.0540 -0.3961
Z  0.3998  0.1137 -0.9095

PART 27
OFFSET  21.5476 -3.3019 -7.6889
X -0.8692 -0.1242 -0.4786
Y -0.1465  0.9892  0.0094
Z  0.4723  0.0782 -0.8780

PART 28
OFFSET  20.4622 -3.4576 -8.2174
X -0.9323  0.1496 -0.3294
Y  0.1345  0.9886  0.0683
Z  0.3358  0.0194 -0.9417

PART 29
OFFSET  19.4092 -3.2886 -8.5895
X  0.2766 -0.9356 -0.2193
Y  0.8761  0.1517  0.4576
Z -0.3949 -0.3187  0.8617

PART 30
OFFSET  22.1803 -1.7941 -8.3461
X -0.3280 -0.9314 -0.1575
Y -0.8552  0.3636 -0.3693
Z  0.4013  0.0135 -0.9159

PART 31
OFFSET  21.5394 -3.6137 -8.6538
X -0.9157  0.0455 -0.3993
Y  0.0190  0.9973  0.0702
Z  0.4014  0.0568 -0.9141

PART 32
OFFSET  20.2019 -3.5472 -9.2370
X -0.8413  0.4122 -0.3496
Y  0.3326  0.9047  0.2662
Z  0.4260  0.1077 -0.8983

PART 33
OFFSET  19.2518 -3.0802 -9.6395
X  0.4054 -0.9008  0.1554
Y  0.8257  0.4339  0.3606
Z -0.3923 -0.0179  0.9197

PART 34
OFFSET  21.0973 -3.0699 -9.5087
X  0.4130  0.0261 -0.9104
Y  0.3023  0.9390  0.1641
Z  0.8591 -0.3430  0.3799

PART 35
OFFSET  18.3631  0.8759 -11.7885
X  0.9094 -0.4112  0.0623
Y  0.4060  0.9103  0.0813
Z -0.0902 -0.0486  0.9947

PART 36
OFFSET  17.3736 -0.4318 -12.1683
X  0.9094 -0.4112  0.0623
Y  0.4060  0.9103  0.0813
Z -0.0902 -0.0486  0.9947

PART 37
OFFSET  18.5372  0.4079 -9.2416
X  0.9094 -0.4112  0.0623
Y  0.4060  0.9103  0.0813
Z -0.0902 -0.0486  0.9947

PART 38
OFFSET  17.8855 -0.7670 -9.1608
X  0.9094 -0.4112  0.0623
Y  0.4060  0.9103  0.0813
Z -0.0902 -0.0486  0.9947

PART 39
OFFSET  17.3874 -1.1019 -10.1978
X  0.9094 -0.4112  0.0623
Y  0.4060  0.9103  0.0813
Z -0.0902 -0.0486  0.9947

PART 40
OFFSET  7.7688 -2.6416 -4.8099
X  1.0000 -0.0000  0.0000
Y  0.0000  1.0000  0.0000
Z  0.0000 -0.0000  1.0000

PART 41
OFFSET  7.7688 -2.6416 -4.8099
X  1.0000 -0.0000  0.0000
Y  0.0000  1.0000  0.0000
Z  0.0000 -0.0000  1.0000

PART 42
OFFSET  11.9806 -2.6266 -4.5308
X  1.0000 -0.0000  0.0000
Y  0.0000  1.0000  0.0000
Z  0.0000 -0.0000  1.0000

PART 43
OFFSET  14.3735 -3.4784 -2.7246
X  1.0000 -0.0000  0.0000
Y  0.0000  1.0000  0.0000
Z  0.0000 -0.0000  1.0000

PART 44
OFFSET -3.5060 -7.9373 -3.1869
X  0.1729 -0.1385  0.9752
Y -0.0119 -0.9903 -0.1385
Z  0.9849  0.0124 -0.1728

PART 45
OFFSET -5.5969 -6.2623 -14.9803
X -0.6702 -0.2157 -0.7101
Y  0.5558  0.4882 -0.6729
Z  0.4918 -0.8457 -0.2073

PART 46
OFFSET  0.1038 -4.4273 -8.9407
X -0.6702 -0.2157 -0.7101
Y  0.7313 -0.0287 -0.6815
Z  0.1266 -0.9760  0.1770

PART 47
OFFSET -0.2218 -2.5366 -7.1809
X -0.6749 -0.2163 -0.7055
Y -0.4979  0.8392  0.2190
Z  0.5446  0.4990 -0.6740

PART 48
OFFSET -0.3766 -3.2622 -6.2782
X -0.6749 -0.2163 -0.7055
Y -0.4979  0.8392  0.2190
Z  0.5446  0.4990 -0.6740

PART 49
OFFSET  1.5598 -4.8612 -7.4803
X -0.6749 -0.2163 -0.7055
Y -0.4979  0.8392  0.2190
Z  0.5446  0.4990 -0.6740

PART 50
OFFSET  2.1586 -3.7659 -6.7638
X -1.0000 -0.0028 -0.0059
Y  0.0059  0.0081 -0.9999
Z  0.0029 -1.0000 -0.0081

PART 51
OFFSET  2.6015 -3.3619 -5.7928
X -0.7920 -0.5154 -0.3274
Y  0.3419  0.0699 -0.9371
Z  0.5058 -0.8541  0.1209

PART 52
OFFSET  4.2483 -2.2092 -4.9996
X -0.9345 -0.2363  0.2662
Y -0.1672 -0.3689 -0.9143
Z  0.3142 -0.8990  0.3052

PART 53
OFFSET  5.7118 -1.7491 -5.5180
X -0.3066  0.0796  0.9485
Y -0.8535 -0.4640 -0.2369
Z  0.4213 -0.8822  0.2103

PART 54
OFFSET  6.0386 -1.7870 -6.5493
X -0.6728  0.5299  0.5163
Y  0.1125  0.7630 -0.6365
Z -0.7312 -0.3702 -0.5730

PART 55
OFFSET  3.0105 -3.5527 -7.8279
X -0.8231 -0.0499  0.5656
Y  0.0720 -0.9973  0.0168
Z  0.5632  0.0546  0.8245

PART 56
OFFSET  4.9332 -3.3104 -8.9807
X -0.6233 -0.7270 -0.2879
Y  0.7687 -0.5021 -0.3963
Z  0.1435 -0.4683  0.8718

PART 57
OFFSET  5.8157 -2.2811 -8.5731
X  0.8183 -0.4574 -0.3480
Y  0.5671  0.7408  0.3600
Z  0.0931 -0.4919  0.8656

PART 58
OFFSET  5.0901 -1.8756 -8.2645
X  0.9595  0.2817  0.0054
Y -0.2533  0.8541  0.4543
Z  0.1234 -0.4373  0.8908

PART 59
OFFSET  4.1786 -2.1432 -8.2697
X -0.5927 -0.6884 -0.4182
Y -0.7931  0.4083  0.4521
Z -0.1405  0.5996 -0.7879

PART 60
OFFSET  3.2269 -3.6972 -7.1631
X -0.9534 -0.0112  0.3014
Y  0.0231 -0.9991  0.0359
Z  0.3007  0.0412  0.9528

PART 61
OFFSET  5.6573 -3.6962 -8.0861
X -0.5392 -0.8318 -0.1317
Y  0.8314 -0.5008 -0.2407
Z  0.1343 -0.2393  0.9616

PART 62
OFFSET  6.5753 -2.2801 -7.8619
X  0.9147 -0.3503 -0.2014
Y  0.3880  0.9007  0.1956
Z  0.1129 -0.2571  0.9598

PART 63
OFFSET  5.3076 -1.7946 -7.5828
X  0.9749  0.2168 -0.0510
Y -0.1953  0.9423  0.2721
Z  0.1070 -0.2553  0.9609

PART 64
OFFSET  4.2503 -2.0297 -7.5274
X -0.6819 -0.7284 -0.0664
Y -0.7232  0.6578  0.2106
Z -0.1097  0.1916 -0.9753

PART 65
OFFSET -2.0067 -4.3205 -5.9472
X -0.9412 -0.2823  0.1856
Y -0.2931  0.9555 -0.0331
Z -0.1680 -0.0855 -0.9821

PART 66
OFFSET  6.0516 -4.1326 -5.9895
X -0.8730 -0.3751 -0.3119
Y  0.3909 -0.9203  0.0125
Z -0.2917 -0.1110  0.9500

PART 67
OFFSET  7.5886 -3.4722 -5.4404
X -0.8466 -0.4380 -0.3024
Y  0.4338 -0.8970  0.0848
Z -0.3084 -0.0594  0.9494

PART 68
OFFSET  8.5991 -2.9433 -5.0151
X -0.4312 -0.8619 -0.2667
Y  0.8282 -0.4954  0.2619
Z -0.3579 -0.1080  0.9275

PART 69
OFFSET  9.0861 -1.9698 -4.7138
X -0.7080  0.6974  0.1113
Y  0.7029  0.6807  0.2063
Z  0.0681  0.2243 -0.9721

PART 70
OFFSET  5.9509 -3.9447 -7.0735
X -0.3924 -0.9197  0.0149
Y  0.9189 -0.3927 -0.0367
Z  0.0396 -0.0007  0.9992

PART 71
OFFSET  6.7175 -2.1481 -7.1025
X  0.9558 -0.2880 -0.0596
Y  0.2855  0.9572 -0.0478
Z  0.0708  0.0286  0.9971

PART 72
OFFSET  5.3215 -1.7274 -7.0156
X  0.9016  0.4228 -0.0913
Y -0.4283  0.9021 -0.0525
Z  0.0602  0.0864  0.9944

PART 73
OFFSET  4.2996 -2.2063 -6.9192
X -0.4216 -0.9059  0.0400
Y -0.9011  0.4235  0.0927
Z -0.1009  0.0031 -0.9949

PART 74
OFFSET -0.2218 -2.5366 -7.1808
X -0.6749 -0.2163 -0.7055
Y -0.4979  0.8392  0.2190
Z  0.5446  0.4990 -0.6740

PART 75
OFFSET -0.3768 -3.2621 -6.2781
X -0.6749 -0.2163 -0.7055
Y -0.4979  0.8392  0.2190
Z  0.5446  0.4990 -0.6740

PART 76
OFFSET  1.5599 -4.8612 -7.4804
X -0.6749 -0.2163 -0.7055
Y -0.4979  0.8392  0.2190
Z  0.5446  0.4990 -0.6740

PART 77
OFFSET  0.0000 -0.0000 -0.0000
X  1.0000 -0.0000  0.0000
Y  0.0000  1.0000  0.0000
Z  0.0000 -0.0000  1.0000

PART 78
OFFSET  0.0000 -0.0000 -0.0000
X  1.0000 -0.0000  0.0000
Y  0.0000  1.0000  0.0000
Z  0.0000 -0.0000  1.0000

PART 79
OFFSET  1.5404 -0.0000  4.1357
X  1.0000 -0.0000  0.0000
Y  0.0000  1.0000  0.0000
Z  0.0000 -0.0000  1.0000


FRAME 1203
PART 0
OFFSET -4.6318 -0.0000 -1.3770
X  1.0000 -0.0000  0.0000
Y  0.0000  1.0000  0.0000
Z  0.0000 -0.0000  1.0000

PART 1
OFFSET -4.6318 -0.0000 -1.3770
X  1.0000 -0.0000  0.0000
Y  0.0000  1.0000  0.0000
Z  0.0000 -0.0000  1.0000

PART 2
OFFSET -1.0115  7.9373 -5.7336
X  0.8197 -0.3174 -0.4767
Y -0.1453 -0.9204  0.3630
Z -0.5540 -0.2284 -0.8006

PART 3
OFFSET  8.9024  4.0985 -11.4990
X  0.9077 -0.4140  0.0680
Y -0.1014 -0.0592  0.9931
Z -0.4071 -0.9083 -0.0957

PART 4
OFFSET  16.6230  0.5771 -10.9205
X  0.9077 -0.4140  0.0680
Y -0.1443 -0.1559  0.9772
Z -0.3940 -0.8968 -0.2013

PART 5
OFFSET  18.7815  1.4390 -11.3373
X  0.9094 -0.4112  0.0623
Y  0.4060  0.9103  0.0813
Z -0.0902 -0.0486  0.9947

PART 6
OFFSET  17.3736 -0.4318 -12.1683
X  0.9094 -0.4112  0.0623
Y  0.4060  0.9103  0.0813
Z -0.0902 -0.0486  0.9947

PART 7
OFFSET  17.6486  0.8097 -9.3025
X  0.9094 -0.4112  0.0623
Y  0.4060  0.9103  0.0813
Z -0.0902 -0.0486  0.9947

PART 8
OFFSET  17.1954 -0.4550 -9.2081
X  0.9094 -0.4112  0.0623
Y  0.4060  0.9103  0.0813
Z -0.0902 -0.0486  0.9947

PART 9
OFFSET  16.7964 -0.8347 -10.2383
X  0.9094 -0.4112  0.0623
Y  0.4060  0.9103  0.0813
Z -0.0902 -0.0486  0.9947

PART 10
OFFSET  19.4058 -0.6921 -10.7120
X  0.6564 -0.3299  0.6784
Y -0.6912  0.0974  0.7161
Z -0.3023 -0.9390 -0.1641

PART 11
OFFSET  18.9100 -1.1321 -9.7831
X -0.3038 -0.7383  0.6022
Y -0.7611  0.5682  0.3127
Z -0.5730 -0.3633 -0.7346

PART 12
OFFSET  18.1464 -2.6888 -8.4934
X  0.6743 -0.7178  0.1735
Y -0.6368 -0.4463  0.6287
Z -0.3738 -0.5344 -0.7581

PART 13
OFFSET  19.2311 -3.8807 -8.3357
X  0.8466 -0.0742 -0.5270
Y  0.1902 -0.8827  0.4298
Z -0.4971 -0.4641 -0.7332

PART 14
OFFSET  20.1271 -3.9972 -8.9319
X  0.9834  0.0615  0.1705
Y -0.1682  0.6595  0.7326
Z -0.0674 -0.7492  0.6589

PART 15
OFFSET  20.6402 -1.2653 -10.9379
X  0.9198 -0.3664  0.1404
Y -0.3301 -0.9160 -0.2282
Z  0.2122  0.1635 -0.9634

PART 16
OFFSET  22.6355 -2.2247 -10.5101
X -0.4651 -0.8746  0.1372
Y -0.8559  0.4047 -0.3219
Z  0.2260 -0.2671 -0.9368

PART 17
OFFSET  21.9770 -3.4629 -10.3159
X -0.9741  0.1456 -0.1730
Y  0.1955  0.9267 -0.3209
Z  0.1136 -0.3465 -0.9312

PART 18
OFFSET  21.1133 -3.3338 -10.4693
X -0.9845  0.0697 -0.1612
Y  0.1121  0.9559 -0.2713
Z  0.1352 -0.2852 -0.9489

PART 19
OFFSET  20.1781 -3.2676 -10.6224
X  0.6631 -0.6122  0.4308
Y  0.7352  0.6408 -0.2210
Z -0.1408  0.4633  0.8750

PART 20
OFFSET  20.3675 -1.1420 -10.2898
X  0.8351 -0.3495  0.4247
Y -0.2851 -0.9354 -0.2092
Z  0.4704  0.0537 -0.8808

PART 21
OFFSET  22.6112 -2.0206 -9.3138
X -0.3024 -0.9530 -0.0182
Y -0.9010  0.2920 -0.3209
Z  0.3111 -0.0806 -0.9470

PART 22
OFFSET  22.0963 -3.6430 -9.3448
X -0.9443  0.0804 -0.3192
Y  0.1105  0.9909 -0.0775
Z  0.3101 -0.1084 -0.9445

PART 23
OFFSET  20.7876 -3.5317 -9.7872
X -0.9070  0.2569 -0.3338
Y  0.2786  0.9602 -0.0180
Z  0.3159 -0.1093 -0.9425

PART 24
OFFSET  19.8040 -3.2531 -10.1493
X  0.5995 -0.7644  0.2374
Y  0.7342  0.6433  0.2171
Z -0.3187  0.0442  0.9468

PART 25
OFFSET  20.1700 -2.0578 -7.5716
X  0.6672 -0.5903  0.4542
Y  0.4528  0.8057  0.3820
Z -0.5914 -0.0492  0.8049

PART 26
OFFSET  21.5547 -1.5552 -7.4674
X -0.0041 -0.9921 -0.1258
Y -0.9166  0.0540 -0.3961
Z  0.3998  0.1137 -0.9095

PART 27
OFFSET  21.5476 -3.3019 -7.6889
X -0.8692 -0.1242 -0.4786
Y -0.1465  0.9892  0.0094
Z  0.4723  0.0782 -0.8780

PART 28
OFFSET  20.4622 -3.4576 -8.2174
X -0.9323  0.1496 -0.3294
Y  0.1345  0.9886  0.0683
Z  0.3358  0.0194 -0.9417

PART 29
OFFSET  19.4092 -3.2886 -8.5895
X  0.2766 -0.9356 -0.2193
Y  0.8761  0.1517  0.4576
Z -0.3949 -0.3187  0.8617

PART 30
OFFSET  22.1803 -1.7941 -8.3461
X -0.3280 -0.9314 -0.1575
Y -0.8552  0.3636 -0.3693
Z  0.4013  0.0135 -0.9159

PART 31
OFFSET  21.5394 -3.6137 -8.6538
X -0.9157  0.0455 -0.3993
Y  0.0190  0.9973  0.0702
Z  0.4014  0.0568 -0.9141

PART 32
OFFSET  20.2019 -3.5472 -9.2370
X -0.8413  0.4122 -0.3496
Y  0.3326  0.9047  0.2662
Z  0.4260  0.1077 -0.8983

PART 33
OFFSET  19.2518 -3.0802 -9.6395
X  0.4054 -0.9008  0.1554
Y  0.8257  0.4339  0.3606
Z -0.3923 -0.0179  0.9197

PART 34
OFFSET  21.0973 -3.0699 -9.5087
X  0.4130  0.0261 -0.9104
Y  0.3023  0.9390  0.1641
Z  0.8591 -0.3430  0.3799

PART 35
OFFSET  18.3631  0.8759 -11.7885
X  0.9094 -0.4112  0.0623
Y  0.4060  0.9103  0.0813
Z -0.0902 -0.0486  0.9947

PART 36
OFFSET  17.3736 -0.4318 -12.1683
X  0.9094 -0.4112  0.0623
Y  0.4060  0.9103  0.0813
Z -0.0902 -0.0486  0.9947

PART 37
OFFSET  18.5372  0.4079 -9.2416
X  0.9094 -0.4112  0.0623
Y  0.4060  0.9103  0.0813
Z -0.0902 -0.0486  0.9947

PART 38
OFFSET  17.8855 -0.7670 -9.1608
X  0.9094 -0.4112  0.0623
Y  0.4060  0.9103  0.0813
Z -0.0902 -0.0486  0.9947

PART 39
OFFSET  17.3874 -1.1019 -10.1978
X  0.9094 -0.4112  0.0623
Y  0.4060  0.9103  0.0813
Z -0.0902 -0.0486  0.9947

PART 40
OFFSET  7.7688 -2.6416 -4.8099
X  1.0000 -0.0000  0.0000
Y  0.0000  1.0000  0.0000
Z  0.0000 -0.0000  1.0000

PART 41
OFFSET  7.7688 -2.6416 -4.8099
X  1.0000 -0.0000  0.0000
Y  0.0000  1.0000  0.0000
Z  0.0000 -0.0000  1.0000

PART 42
OFFSET  11.9806 -2.6266 -4.5308
X  1.0000 -0.0000  0.0000
Y  0.0000  1.0000  0.0000
Z  0.0000 -0.0000  1.0000

PART 43
OFFSET  14.3735 -3.4784 -2.7246
X  1.0000 -0.0000  0.0000
Y  0.0000  1.0000  0.0000
Z  0.0000 -0.0000  1.0000

PART 44
OFFSET -3.5060 -7.9373 -3.1869
X  0.1729 -0.1385  0.9752
Y -0.0119 -0.9903 -0.1385
Z  0.9849  0.0124 -0.1728

PART 45
OFFSET -5.5969 -6.2623 -14.9803
X -0.6702 -0.2157 -0.7101
Y  0.5558  0.4882 -0.6729
Z  0.4918 -0.8457 -0.2073

PART 46
OFFSET  0.1038 -4.4273 -8.9407
X -0.6702 -0.2157 -0.7101
Y  0.7313 -0.0287 -0.6815
Z  0.1266 -0.9760  0.1770

PART 47
OFFSET -0.2218 -2.5366 -7.1809
X -0.6749 -0.2163 -0.7055
Y -0.4979  0.8392  0.2190
Z  0.5446  0.4990 -0.6740

PART 48
OFFSET -0.3766 -3.2622 -6.2782
X -0.6749 -0.2163 -0.7055
Y -0.4979  0.8392  0.2190
Z  0.5446  0.4990 -0.6740

PART 49
OFFSET  1.5598 -4.8612 -7.4803
X -0.6749 -0.2163 -0.7055
Y -0.4979  0.8392  0.2190
Z  0.5446  0.4990 -0.6740

PART 50
OFFSET  2.1586 -3.7659 -6.7638
X -1.0000 -0.0028 -0.0059
Y  0.0059  0.0081 -0.9999
Z  0.0029 -1.0000 -0.0081

PART 51
OFFSET  2.6015 -3.3619 -5.7928
X -0.7920 -0.5154 -0.3274
Y  0.3419  0.0699 -0.9371
Z  0.5058 -0.8541  0.1209

PART 52
OFFSET  4.2483 -2.2092 -4.9996
X -0.9345 -0.2363  0.2662
Y -0.1672 -0.3689 -0.9143
Z  0.3142 -0.8990  0.3052

PART 53
OFFSET  5.7118 -1.7491 -5.5180
X -0.3066  0.0796  0.9485
Y -0.8535 -0.4640 -0.2369
Z  0.4213 -0.8822  0.2103

PART 54
OFFSET  6.0386 -1.7870 -6.5493
X -0.6728  0.5299  0.5163
Y  0.1125  0.7630 -0.6365
Z -0.7312 -0.3702 -0.5730

PART 55
OFFSET  3.0105 -3.5527 -7.8279
X -0.8231 -0.0499  0.5656
Y  0.0720 -0.9973  0.0168
Z  0.5632  0.0546  0.8245

PART 56
OFFSET  4.9332 -3.3104 -8.9807
X -0.6233 -0.7270 -0.2879
Y  0.7687 -0.5021 -0.3963
Z  0.1435 -0.4683  0.8718

PART 57
OFFSET  5.8157 -2.2811 -8.5731
X  0.8183 -0.4574 -0.3480
Y  0.5671  0.7408  0.3600
Z  0.0931 -0.4919  0.8656

PART 58
OFFSET  5.0901 -1.8756 -8.2645
X  0.9595  0.2817  0.0054
Y -0.2533  0.8541  0.4543
Z  0.1234 -0.4373  0.8908

PART 59
OFFSET  4.1786 -2.1432 -8.2697
X -0.5927 -0.6884 -0.4182
Y -0.7931  0.4083  0.4521
Z -0.1405  0.5996 -0.7879

PART 60
OFFSET  3.2269 -3.6972 -7.1631
X -0.9534 -0.0112  0.3014
Y  0.0231 -0.9991  0.0359
Z  0.3007  0.0412  0.9528

PART 61
OFFSET  5.6573 -3.6962 -8.0861
X -0.5392 -0.8318 -0.1317
Y  0.8314 -0.5008 -0.2407
Z  0.1343 -0.2393  0.9616

PART 62
OFFSET  6.5753 -2.2801 -7.8619
X  0.9147 -0.3503 -0.2014
Y  0.3880  0.9007  0.1956
Z  0.1129 -0.2571  0.9598

PART 63
OFFSET  5.3076 -1.7946 -7.5828
X  0.9749  0.2168 -0.0510
Y -0.1953  0.9423  0.2721
Z  0.1070 -0.2553  0.9609

PART 64
OFFSET  4.2503 -2.0297 -7.5274
X -0.6819 -0.7284 -0.0664
Y -0.7232  0.6578  0.2106
Z -0.1097  0.1916 -0.9753

PART 65
OFFSET -2.0067 -4.3205 -5.9472
X -0.9412 -0.2823  0.1856
Y -0.2931  0.9555 -0.0331
Z -0.1680 -0.0855 -0.9821

PART 66
OFFSET  6.0516 -4.1326 -5.9895
X -0.8730 -0.3751 -0.3119
Y  0.3909 -0.9203  0.0125
Z -0.2917 -0.1110  0.9500

PART 67
OFFSET  7.5886 -3.4722 -5.4404
X -0.8466 -0.4380 -0.3024
Y  0.4338 -0.8970  0.0848
Z -0.3084 -0.0594  0.9494

PART 68
OFFSET  8.5991 -2.9433 -5.0151
X -0.4312 -0.8619 -0.2667
Y  0.8282 -0.4954  0.2619
Z -0.3579 -0.1080  0.9275

PART 69
OFFSET  9.0861 -1.9698 -4.7138
X -0.7080  0.6974  0.1113
Y  0.7029  0.6807  0.2063
Z  0.0681  0.2243 -0.9721

PART 70
OFFSET  5.9509 -3.9447 -7.0735
X -0.3924 -0.9197  0.0149
Y  0.9189 -0.3927 -0.0367
Z  0.0396 -0.0007  0.9992

PART 71
OFFSET  6.7175 -2.1481 -7.1025
X  0.9558 -0.2880 -0.0596
Y  0.2855  0.9572 -0.0478
Z  0.0708  0.0286  0.9971

PART 72
OFFSET  5.3215 -1.7274 -7.0156
X  0.9016  0.4228 -0.0913
Y -0.4283  0.9021 -0.0525
Z  0.0602  0.0864  0.9944

PART 73
OFFSET  4.2996 -2.2063 -6.9192
X -0.4216 -0.9059  0.0400
Y -0.9011  0.4235  0.0927
Z -0.1009  0.0031 -0.9949

PART 74
OFFSET -0.2218 -2.5366 -7.1808
X -0.6749 -0.2163 -0.7055
Y -0.4979  0.8392  0.2190
Z  0.5446  0.4990 -0.6740

PART 75
OFFSET -0.3768 -3.2621 -6.2781
X -0.6749 -0.2163 -0.7055
Y -0.4979  0.8392  0.2190
Z  0.5446  0.4990 -0.6740

PART 76
OFFSET  1.5599 -4.8612 -7.4804
X -0.6749 -0.2163 -0.7055
Y -0.4979  0.8392  0.2190
Z  0.5446  0.4990 -0.6740

PART 77
