// Export filename: `C:\projects\cod\t5\xanim_export\t5_viewmodels\ak74u\ak74u_mantle.XANIM_EXPORT`
// Source filename: `D:\projects\devanim\t5\animation_assets\viewmodels\ak74u\t5_viewmodel_ak74u_animated.fbx`
// Export time: Mon May 10 12:21:48 2010

ANIMATION
VERSION 3

NUMPARTS 87
PART 0 "tag_ads"
PART 1 "tag_torso"
PART 2 "J_Shoulder_LE"
PART 3 "J_Elbow_LE"
PART 4 "J_WristTwist_LE"
PART 5 "J_Sleave_Reshape_Bottom_LE_1"
PART 6 "J_Sleave_Reshape_Bottom_LE_2"
PART 7 "J_Sleave_Reshape_Top_LE_1"
PART 8 "J_Sleave_Reshape_Top_LE_2"
PART 9 "J_Sleave_Reshape_Top_LE_3"
PART 10 "J_Wrist_LE"
PART 11 "J_Thumb_LE_0"
PART 12 "J_Thumb_LE_1"
PART 13 "J_Thumb_LE_2"
PART 14 "J_Thumb_LE_3"
PART 15 "J_PinkyPalm_LE"
PART 16 "J_Pinky_LE_0"
PART 17 "J_Pinky_LE_1"
PART 18 "J_Pinky_LE_2"
PART 19 "J_Pinky_LE_3"
PART 20 "J_RingPalm_LE"
PART 21 "J_Ring_LE_0"
PART 22 "J_Ring_LE_1"
PART 23 "J_Ring_LE_2"
PART 24 "J_Ring_LE_3"
PART 25 "J_Webbing_LE"
PART 26 "J_Index_LE_0"
PART 27 "J_Index_LE_1"
PART 28 "J_Index_LE_2"
PART 29 "J_Index_LE_3"
PART 30 "J_Mid_LE_0"
PART 31 "J_Mid_LE_1"
PART 32 "J_Mid_LE_2"
PART 33 "J_Mid_LE_3"
PART 34 "tag_knife_attach"
PART 35 "D_Sleave_Reshape_Bottom_LE_1"
PART 36 "D_Sleave_Reshape_Bottom_LE_2"
PART 37 "D_Sleave_Reshape_Top_LE_1"
PART 38 "D_Sleave_Reshape_Top_LE_2"
PART 39 "D_Sleave_Reshape_Top_LE_3"
PART 40 "tag_weapon"
PART 41 "J_Gun"
PART 42 "TAG_CLIP"
PART 43 "J_Bolt"
PART 44 "J_Trigger"
PART 45 "J_Stock"
PART 46 "J_Butt"
PART 47 "tag_scope_rail_ak47"
PART 48 "tag_scope_colt"
PART 49 "TAG_COBRA"
PART 50 "tag_suppressor"
PART 51 "J_Shoulder_RI"
PART 52 "J_Elbow_RI"
PART 53 "J_WristTwist_RI"
PART 54 "J_Sleave_Reshape_Top_RI_3"
PART 55 "J_Sleave_Reshape_Top_RI_2"
PART 56 "J_Sleave_Reshape_Top_RI_1"
PART 57 "J_Wrist_RI"
PART 58 "J_Thumb_RI_0"
PART 59 "J_Thumb_RI_1"
PART 60 "J_Thumb_RI_2"
PART 61 "J_Thumb_RI_3"
PART 62 "J_PinkyPalm_RI"
PART 63 "J_Pinky_RI_0"
PART 64 "J_Pinky_RI_1"
PART 65 "J_Pinky_RI_2"
PART 66 "J_Pinky_RI_3"
PART 67 "J_RingPalm_RI"
PART 68 "J_Ring_RI_0"
PART 69 "J_Ring_RI_1"
PART 70 "J_Ring_RI_2"
PART 71 "J_Ring_RI_3"
PART 72 "J_Webbing_RI"
PART 73 "J_Index_RI_0"
PART 74 "J_Index_RI_1"
PART 75 "J_Index_RI_2"
PART 76 "J_Index_RI_3"
PART 77 "J_Mid_RI_0"
PART 78 "J_Mid_RI_1"
PART 79 "J_Mid_RI_2"
PART 80 "J_Mid_RI_3"
PART 81 "D_Sleave_Reshape_Top_RI_3"
PART 82 "D_Sleave_Reshape_Top_RI_2"
PART 83 "D_Sleave_Reshape_Top_RI_1"
PART 84 "tag_cambone"
PART 85 "tag_camera"
PART 86 "tag_gasmask"

FRAMERATE 30
NUMFRAMES 33

FRAME 900
PART 0
OFFSET -4.6318 -0.0000 -1.3770
X  1.0000 -0.0000  0.0000
Y  0.0000  1.0000  0.0000
Z  0.0000 -0.0000  1.0000

PART 1
OFFSET -4.6318 -0.0000 -1.3770
X  1.0000 -0.0000  0.0000
Y  0.0000  1.0000  0.0000
Z  0.0000 -0.0000  1.0000

PART 2
OFFSET -3.5060  7.9373 -3.1869
X  0.7461 -0.2850 -0.6017
Y -0.1845 -0.9569  0.2245
Z -0.6397 -0.0565 -0.7665

PART 3
OFFSET  5.5176  4.4903 -10.4640
X  0.7346 -0.5192  0.4368
Y -0.4748  0.0666  0.8776
Z -0.4848 -0.8520 -0.1976

PART 4
OFFSET  11.7653  0.0739 -6.7488
X  0.7346 -0.5192  0.4368
Y  0.4737  0.8533  0.2178
Z -0.4858  0.0469  0.8728

PART 5
OFFSET  14.0325  0.5927 -6.3409
X  0.7387 -0.5173  0.4321
Y  0.4895  0.8524  0.1837
Z -0.4634  0.0758  0.8829

PART 6
OFFSET  12.7523 -1.1586 -7.5520
X  0.7387 -0.5173  0.4321
Y  0.4895  0.8524  0.1837
Z -0.4634  0.0758  0.8829

PART 7
OFFSET  12.8540 -0.1552 -4.4523
X  0.7387 -0.5173  0.4321
Y  0.4895  0.8524  0.1837
Z -0.4634  0.0758  0.8829

PART 8
OFFSET  12.0362 -1.2178 -4.5681
X  0.7387 -0.5173  0.4321
Y  0.4895  0.8524  0.1837
Z -0.4634  0.0758  0.8829

PART 9
OFFSET  11.9156 -1.5989 -5.6976
X  0.7387 -0.5173  0.4321
Y  0.4895  0.8524  0.1837
Z -0.4634  0.0758  0.8829

PART 10
OFFSET  14.0173 -1.5180 -5.4097
X  0.9191 -0.3940 -0.0056
Y  0.3863  0.8981  0.2101
Z -0.0777 -0.1952  0.9777

PART 11
OFFSET  14.7716 -0.9087 -4.8080
X  0.9164 -0.0718  0.3938
Y  0.1021  0.9932 -0.0565
Z -0.3871  0.0920  0.9174

PART 12
OFFSET  16.7377 -0.9594 -3.9127
X  0.9534 -0.2169  0.2099
Y  0.1847  0.9692  0.1628
Z -0.2387 -0.1164  0.9641

PART 13
OFFSET  18.2390 -1.3805 -3.4757
X  0.9372  0.0179  0.3484
Y -0.0260  0.9995  0.0185
Z -0.3479 -0.0264  0.9372

PART 14
OFFSET  19.2361 -1.3453 -3.0557
X  0.9099  0.2361 -0.3410
Y -0.2691 -0.2894 -0.9186
Z -0.3156  0.9276 -0.1998

PART 15
OFFSET  14.3656 -2.8525 -5.4417
X  0.5297 -0.8442 -0.0825
Y -0.1506 -0.1894  0.9703
Z -0.8347 -0.5015 -0.2275

PART 16
OFFSET  15.6589 -4.6994 -5.4750
X  0.0192  0.2072  0.9781
Y -0.3310  0.9244 -0.1894
Z -0.9434 -0.3201  0.0864

PART 17
OFFSET  15.6861 -4.4060 -4.0903
X -0.1087  0.6303  0.7687
Y -0.3434  0.7019 -0.6240
Z -0.9329 -0.3318  0.1401

PART 18
OFFSET  15.5898 -3.8472 -3.4087
X -0.0489  0.4427  0.8953
Y -0.2999  0.8485 -0.4360
Z -0.9527 -0.2899  0.0913

PART 19
OFFSET  15.5433 -3.4266 -2.5581
X  0.3635 -0.8294 -0.4243
Y -0.3153  0.3191 -0.8937
Z  0.8766  0.4587 -0.1456

PART 20
OFFSET  14.8354 -2.3151 -5.4399
X  0.7555 -0.6520 -0.0640
Y -0.1134 -0.2263  0.9674
Z -0.6452 -0.7237 -0.2450

PART 21
OFFSET  16.7029 -4.1097 -5.6636
X  0.1214 -0.2091  0.9703
Y -0.3290  0.9138  0.2381
Z -0.9365 -0.3481  0.0422

PART 22
OFFSET  16.9096 -4.4656 -4.0116
X -0.1392  0.5122  0.8475
Y -0.3400  0.7791 -0.5267
Z -0.9301 -0.3614  0.0657

PART 23
OFFSET  16.7167 -3.7557 -2.8371
X -0.1559  0.5347  0.8305
Y -0.3355  0.7622 -0.5536
Z -0.9290 -0.3650  0.0606

PART 24
OFFSET  16.5476 -3.1758 -1.9363
X  0.2737 -0.8914 -0.3612
Y -0.1453  0.3329 -0.9317
Z  0.9508  0.3075 -0.0384

PART 25
OFFSET  17.4223 -1.4113 -4.5694
X  0.7684 -0.5987  0.2259
Y  0.3565  0.1072 -0.9281
Z  0.5315  0.7937  0.2958

PART 26
OFFSET  17.9188 -2.3034 -5.6364
X  0.7357 -0.5627  0.3769
Y -0.4532  0.0045  0.8914
Z -0.5033 -0.8266 -0.2517

PART 27
OFFSET  19.2141 -3.2942 -4.9729
X  0.2841 -0.4727  0.8342
Y -0.8338  0.3078  0.4584
Z -0.4734 -0.8257 -0.3067

PART 28
OFFSET  19.5882 -3.8187 -3.9402
X -0.3523 -0.0445  0.9348
Y -0.8506  0.4319 -0.3000
Z -0.3904 -0.9008 -0.1900

PART 29
OFFSET  19.1903 -3.8690 -2.8843
X  0.7727 -0.6288 -0.0869
Y  0.1307  0.2917 -0.9475
Z  0.6211  0.7208  0.3076

PART 30
OFFSET  17.3877 -3.2707 -5.6884
X  0.4068 -0.4156  0.8135
Y -0.5266  0.6210  0.5805
Z -0.7465 -0.6646  0.0337

PART 31
OFFSET  18.1823 -4.0826 -4.0991
X -0.1948  0.2524  0.9478
Y -0.6067  0.7283 -0.3186
Z -0.7707 -0.6371  0.0113

PART 32
OFFSET  17.8978 -3.7139 -2.7147
X -0.4098  0.5010  0.7623
Y -0.4454  0.6193 -0.6465
Z -0.7960 -0.6045 -0.0306

PART 33
OFFSET  17.4284 -3.1511 -1.8511
X  0.6496 -0.7411 -0.1696
Y -0.1363  0.1060 -0.9850
Z  0.7480  0.6630 -0.0321

PART 34
OFFSET  16.1824 -3.3678 -4.0482
X -0.6875 -0.6997 -0.1944
Y  0.0777  0.1952 -0.9777
Z  0.7220 -0.6873 -0.0798

PART 35
OFFSET  13.7275  0.0423 -6.8883
X  0.7387 -0.5173  0.4321
Y  0.4895  0.8524  0.1837
Z -0.4634  0.0758  0.8829

PART 36
OFFSET  12.7523 -1.1586 -7.5520
X  0.7387 -0.5173  0.4321
Y  0.4895  0.8524  0.1837
Z -0.4634  0.0758  0.8829

PART 37
OFFSET  12.8540 -0.1552 -4.4523
X  0.7387 -0.5173  0.4321
Y  0.4895  0.8524  0.1837
Z -0.4634  0.0758  0.8829

PART 38
OFFSET  12.0362 -1.2178 -4.5681
X  0.7387 -0.5173  0.4321
Y  0.4895  0.8524  0.1837
Z -0.4634  0.0758  0.8829

PART 39
OFFSET  11.9156 -1.5989 -5.6976
X  0.7387 -0.5173  0.4321
Y  0.4895  0.8524  0.1837
Z -0.4634  0.0758  0.8829

PART 40
OFFSET  7.7688 -2.6416 -4.8099
X  1.0000 -0.0000  0.0000
Y  0.0000  1.0000  0.0000
Z  0.0000 -0.0000  1.0000

PART 41
OFFSET  7.7688 -2.6416 -4.8099
X  1.0000 -0.0000  0.0000
Y  0.0000  1.0000  0.0000
Z  0.0000 -0.0000  1.0000

PART 42
OFFSET  11.9806 -2.6266 -4.5308
X  1.0000 -0.0000  0.0000
Y  0.0000  1.0000  0.0000
Z  0.0000 -0.0000  1.0000

PART 43
OFFSET  14.3735 -3.4784 -2.7246
X  1.0000 -0.0000  0.0000
Y  0.0000  1.0000  0.0000
Z  0.0000 -0.0000  1.0000

PART 44
OFFSET  8.2185 -2.6416 -5.2190
X  1.0000 -0.0000  0.0000
Y  0.0000  1.0000  0.0000
Z  0.0000 -0.0000  1.0000

PART 45
OFFSET  5.2533 -2.6259 -3.8488
X -1.0000 -0.0000  0.0000
Y -0.0000  1.0000 -0.0000
Z -0.0000 -0.0000 -1.0000

PART 46
OFFSET  16.3098 -2.6259 -3.8483
X  0.0000 -0.0000  1.0000
Y -0.0000  1.0000  0.0000
Z -1.0000 -0.0000  0.0000

PART 47
OFFSET  8.3076 -2.6416 -1.4441
X  1.0000 -0.0000  0.0000
Y  0.0000  1.0000  0.0000
Z  0.0000 -0.0000  1.0000

PART 48
OFFSET  8.1648 -2.6416  0.3667
X  1.0000 -0.0000  0.0000
Y  0.0000  1.0000  0.0000
Z  0.0000 -0.0000  1.0000

PART 49
OFFSET  8.5602 -2.6416 -1.1895
X  1.0000 -0.0000  0.0000
Y  0.0000  1.0000  0.0000
Z  0.0000 -0.0000  1.0000

PART 50
OFFSET  24.4908 -2.6416 -3.4061
X  0.0000 -1.0000 -0.0000
Y  1.0000  0.0000  0.0000
Z  0.0000 -0.0000  1.0000

PART 51
OFFSET -3.5060 -7.9373 -3.1869
X  0.1729 -0.1385  0.9752
Y -0.0119 -0.9903 -0.1385
Z  0.9849  0.0124 -0.1728

PART 52
OFFSET -5.5969 -6.2623 -14.9803
X -0.6702 -0.2157 -0.7101
Y  0.5558  0.4882 -0.6729
Z  0.4918 -0.8457 -0.2073

PART 53
OFFSET  0.1038 -4.4273 -8.9407
X -0.6702 -0.2157 -0.7101
Y  0.7313 -0.0287 -0.6815
Z  0.1266 -0.9760  0.1770

PART 54
OFFSET -0.0516 -3.2819 -7.1155
X -0.6749 -0.2163 -0.7055
Y -0.4979  0.8392  0.2190
Z  0.5446  0.4990 -0.6740

PART 55
OFFSET -0.1211 -4.0193 -6.2874
X -0.6749 -0.2163 -0.7055
Y -0.4979  0.8392  0.2190
Z  0.5446  0.4990 -0.6740

PART 56
OFFSET  1.2577 -5.1312 -7.1113
X -0.6749 -0.2163 -0.7055
Y -0.4979  0.8392  0.2190
Z  0.5446  0.4990 -0.6740

PART 57
OFFSET  2.1586 -3.7659 -6.7638
X -1.0000 -0.0028 -0.0059
Y  0.0059  0.0081 -0.9999
Z  0.0029 -1.0000 -0.0081

PART 58
OFFSET  2.6015 -3.3619 -5.7928
X -0.7920 -0.5154 -0.3274
Y  0.3419  0.0699 -0.9371
Z  0.5058 -0.8541  0.1209

PART 59
OFFSET  4.2483 -2.2092 -4.9996
X -0.9345 -0.2363  0.2662
Y -0.1672 -0.3689 -0.9143
Z  0.3142 -0.8990  0.3052

PART 60
OFFSET  5.7118 -1.7491 -5.5180
X -0.3066  0.0796  0.9485
Y -0.8535 -0.4640 -0.2369
Z  0.4213 -0.8822  0.2103

PART 61
OFFSET  6.0386 -1.7870 -6.5493
X -0.6728  0.5299  0.5163
Y  0.1125  0.7630 -0.6365
Z -0.7312 -0.3702 -0.5730

PART 62
OFFSET  3.0105 -3.5527 -7.8279
X -0.8231 -0.0499  0.5656
Y  0.0720 -0.9973  0.0168
Z  0.5632  0.0546  0.8245

PART 63
OFFSET  4.9332 -3.3104 -8.9807
X -0.6233 -0.7270 -0.2879
Y  0.7687 -0.5021 -0.3963
Z  0.1435 -0.4683  0.8718

PART 64
OFFSET  5.8157 -2.2811 -8.5731
X  0.8183 -0.4574 -0.3480
Y  0.5671  0.7408  0.3600
Z  0.0931 -0.4919  0.8656

PART 65
OFFSET  5.0901 -1.8756 -8.2645
X  0.9595  0.2817  0.0054
Y -0.2533  0.8541  0.4543
Z  0.1234 -0.4373  0.8908

PART 66
OFFSET  4.1786 -2.1432 -8.2697
X -0.5927 -0.6884 -0.4182
Y -0.7931  0.4083  0.4521
Z -0.1405  0.5996 -0.7879

PART 67
OFFSET  3.2269 -3.6972 -7.1631
X -0.9534 -0.0112  0.3014
Y  0.0231 -0.9991  0.0359
Z  0.3007  0.0412  0.9528

PART 68
OFFSET  5.6573 -3.6962 -8.0861
X -0.5392 -0.8318 -0.1317
Y  0.8314 -0.5008 -0.2407
Z  0.1343 -0.2393  0.9616

PART 69
OFFSET  6.5753 -2.2801 -7.8619
X  0.9147 -0.3503 -0.2014
Y  0.3880  0.9007  0.1956
Z  0.1129 -0.2571  0.9598

PART 70
OFFSET  5.3076 -1.7946 -7.5828
X  0.9749  0.2168 -0.0510
Y -0.1953  0.9423  0.2721
Z  0.1070 -0.2553  0.9609

PART 71
OFFSET  4.2503 -2.0297 -7.5274
X -0.6819 -0.7284 -0.0664
Y -0.7232  0.6578  0.2106
Z -0.1097  0.1916 -0.9753

PART 72
OFFSET -2.0067 -4.3205 -5.9472
X -0.9412 -0.2823  0.1856
Y -0.2931  0.9555 -0.0331
Z -0.1680 -0.0855 -0.9821

PART 73
OFFSET  6.0516 -4.1326 -5.9895
X -0.8730 -0.3751 -0.3119
Y  0.3909 -0.9203  0.0125
Z -0.2917 -0.1110  0.9500

PART 74
OFFSET  7.5886 -3.4722 -5.4404
X -0.8466 -0.4380 -0.3024
Y  0.4338 -0.8970  0.0848
Z -0.3084 -0.0594  0.9494

PART 75
OFFSET  8.5991 -2.9433 -5.0151
X -0.4312 -0.8619 -0.2667
Y  0.8282 -0.4954  0.2619
Z -0.3579 -0.1080  0.9275

PART 76
OFFSET  9.0861 -1.9698 -4.7138
X -0.7080  0.6974  0.1113
Y  0.7029  0.6807  0.2063
Z  0.0681  0.2243 -0.9721

PART 77
OFFSET  5.9509 -3.9447 -7.0735
X -0.3924 -0.9197  0.0149
Y  0.9189 -0.3927 -0.0367
Z  0.0396 -0.0007  0.9992

PART 78
OFFSET  6.7175 -2.1481 -7.1025
X  0.9558 -0.2880 -0.0596
Y  0.2855  0.9572 -0.0478
Z  0.0708  0.0286  0.9971

PART 79
OFFSET  5.3215 -1.7274 -7.0156
X  0.9016  0.4228 -0.0913
Y -0.4283  0.9021 -0.0525
Z  0.0602  0.0864  0.9944

PART 80
OFFSET  4.2996 -2.2063 -6.9192
X -0.4216 -0.9059  0.0400
Y -0.9011  0.4235  0.0927
Z -0.1009  0.0031 -0.9949

PART 81
OFFSET -0.0516 -3.2819 -7.1154
X -0.6749 -0.2163 -0.7055
Y -0.4979  0.8392  0.2190
Z  0.5446  0.4990 -0.6740

PART 82
OFFSET -0.1212 -4.0191 -6.2873
X -0.6749 -0.2163 -0.7055
Y -0.4979  0.8392  0.2190
Z  0.5446  0.4990 -0.6740

PART 83
OFFSET  1.2577 -5.1311 -7.1113
X -0.6749 -0.2163 -0.7055
Y -0.4979  0.8392  0.2190
Z  0.5446  0.4990 -0.6740

PART 84
OFFSET  0.0000 -0.0000 -0.0000
X  1.0000 -0.0000  0.0000
Y  0.0000  1.0000  0.0000
Z  0.0000 -0.0000  1.0000

PART 85
OFFSET  0.0000 -0.0000 -0.0000
X  1.0000 -0.0000  0.0000
Y  0.0000  1.0000  0.0000
Z  0.0000 -0.0000  1.0000

PART 86
OFFSET  1.5404 -0.0000  4.1357
X  1.0000 -0.0000  0.0000
Y  0.0000  1.0000  0.0000
Z  0.0000 -0.0000  1.0000


FRAME 901
PART 0
OFFSET -4.6318 -0.0000 -1.3770
X  1.0000 -0.0000  0.0000
Y  0.0000  1.0000  0.0000
Z  0.0000 -0.0000  1.0000

PART 1
OFFSET -4.6318 -0.0000 -1.3770
X  1.0000 -0.0000  0.0000
Y  0.0000  1.0000  0.0000
Z  0.0000 -0.0000  1.0000

PART 2
OFFSET -3.5060  7.9373 -3.1869
X  0.7491 -0.2466 -0.6149
Y -0.1124 -0.9620  0.2489
Z -0.6529 -0.1173 -0.7483

PART 3
OFFSET  5.5534  4.9551 -10.6230
X  0.7470 -0.4532  0.4864
Y -0.5075  0.0839  0.8575
Z -0.4295 -0.8874 -0.1674

PART 4
OFFSET  11.9067  1.1001 -6.4858
X  0.7470 -0.4532  0.4864
Y  0.0682  0.7800  0.6220
Z -0.6613 -0.4314  0.6136

PART 5
OFFSET  14.1261  1.7683 -6.0351
X  0.7512 -0.4513  0.4818
Y  0.4346  0.8874  0.1536
Z -0.4969  0.0940  0.8627

PART 6
OFFSET  12.9878 -0.1131 -7.1914
X  0.7512 -0.4513  0.4818
Y  0.4346  0.8874  0.1536
Z -0.4969  0.0940  0.8627

PART 7
OFFSET  12.9159  1.0255 -4.1564
X  0.7512 -0.4513  0.4818
Y  0.4346  0.8874  0.1536
Z -0.4969  0.0940  0.8627

PART 8
OFFSET  12.1297 -0.1759 -4.2978
X  0.7512 -0.4513  0.4818
Y  0.4346  0.8874  0.1536
Z -0.4969  0.0940  0.8627

PART 9
OFFSET  12.0667 -0.6384 -5.4388
X  0.7512 -0.4513  0.4818
Y  0.4346  0.8874  0.1536
Z -0.4969  0.0940  0.8627

PART 10
OFFSET  14.1966 -0.2895 -4.9946
X  0.9390 -0.3426  0.0307
Y  0.2527  0.7477  0.6141
Z -0.2333 -0.5689  0.7886

PART 11
OFFSET  14.7671  0.0444 -4.0643
X  0.6821 -0.3280  0.6536
Y -0.0063  0.8911  0.4537
Z -0.7313 -0.3136  0.6057

PART 12
OFFSET  16.1976 -0.5919 -2.5748
X  0.8073 -0.3729  0.4573
Y -0.0166  0.7603  0.6493
Z -0.5898 -0.5318  0.6077

PART 13
OFFSET  17.4359 -1.2989 -1.8073
X  0.7082 -0.2296  0.6676
Y -0.1535  0.8730  0.4630
Z -0.6891 -0.4304  0.5830

PART 14
OFFSET  18.1676 -1.5520 -1.0507
X  0.9338  0.2868  0.2137
Y  0.1604  0.1982 -0.9669
Z -0.3197  0.9372  0.1391

PART 15
OFFSET  14.6735 -1.4949 -5.4668
X  0.6156 -0.7321 -0.2916
Y -0.3039 -0.5619  0.7693
Z -0.7271 -0.3850 -0.5685

PART 16
OFFSET  16.1253 -3.1527 -5.9447
X  0.1944 -0.6512  0.7336
Y -0.5053  0.5745  0.6439
Z -0.8408 -0.4958 -0.2174

PART 17
OFFSET  16.4005 -4.0746 -4.9061
X -0.0403 -0.2853  0.9576
Y -0.5748  0.7905  0.2113
Z -0.8173 -0.5419 -0.1958

PART 18
OFFSET  16.3647 -4.3276 -4.0571
X -0.0215 -0.3312  0.9433
Y -0.5208  0.8091  0.2722
Z -0.8534 -0.4854 -0.1899

PART 19
OFFSET  16.3443 -4.6423 -3.1609
X  0.4668 -0.1844 -0.8649
Y -0.4871  0.7627 -0.4255
Z  0.7381  0.6199  0.2662

PART 20
OFFSET  15.0805 -0.9939 -5.1620
X  0.8146 -0.5591 -0.1547
Y -0.2634 -0.5940  0.7601
Z -0.5168 -0.5784 -0.6311

PART 21
OFFSET  17.1237 -2.5177 -5.6739
X  0.2543 -0.7814  0.5699
Y -0.4734  0.4133  0.7779
Z -0.8434 -0.4676 -0.2648

PART 22
OFFSET  17.5566 -3.8480 -4.7037
X -0.0289 -0.4240  0.9052
Y -0.5537  0.7607  0.3387
Z -0.8322 -0.4915 -0.2567

PART 23
OFFSET  17.5166 -4.4356 -3.4491
X -0.0518 -0.4024  0.9140
Y -0.5527  0.7738  0.3094
Z -0.8317 -0.4891 -0.2625

PART 24
OFFSET  17.4604 -4.8720 -2.4579
X  0.3173 -0.1364 -0.9385
Y -0.3869  0.8849 -0.2594
Z  0.8658  0.4454  0.2280

PART 25
OFFSET  17.3674 -0.4633 -3.5021
X  0.7697 -0.6251  0.1294
Y  0.5058  0.4736 -0.7210
Z  0.3895  0.6204  0.6807

PART 26
OFFSET  18.1328 -0.8490 -4.7048
X  0.7051 -0.6538  0.2746
Y -0.6070 -0.3562  0.7104
Z -0.3667 -0.6676 -0.6480

PART 27
OFFSET  19.3742 -2.0001 -4.2213
X  0.4013 -0.7579  0.5144
Y -0.8509 -0.1006  0.5155
Z -0.3389 -0.6446 -0.6853

PART 28
OFFSET  19.8826 -2.8822 -3.5543
X -0.0478 -0.6243  0.7797
Y -0.9699  0.2156  0.1131
Z -0.2387 -0.7508 -0.6159

PART 29
OFFSET  19.8286 -3.5875 -2.6736
X  0.8240 -0.2025 -0.5291
Y -0.2129  0.7548 -0.6205
Z  0.5250  0.6239  0.5788

PART 30
OFFSET  17.7166 -1.7256 -5.2329
X  0.4699 -0.7613  0.4469
Y -0.5725  0.1226  0.8107
Z -0.6719 -0.6368 -0.3783

PART 31
OFFSET  18.6345 -3.2128 -4.3598
X  0.0063 -0.5373  0.8434
Y -0.7144  0.5877  0.3798
Z -0.6997 -0.6049 -0.3802

PART 32
OFFSET  18.6437 -3.9976 -3.1280
X -0.2223 -0.3335  0.9162
Y -0.6393  0.7593  0.1213
Z -0.7361 -0.5588 -0.3820

PART 33
OFFSET  18.3872 -4.3798 -2.0932
X  0.6258 -0.1936 -0.7555
Y -0.4001  0.7519 -0.5240
Z  0.6695  0.6302  0.3931

PART 34
OFFSET  16.2507 -2.4881 -4.0406
X -0.5697 -0.5773 -0.5850
Y  0.2333  0.5689 -0.7886
Z  0.7881 -0.5857 -0.1894

PART 35
OFFSET  13.8712  1.1741 -6.5619
X  0.7512 -0.4513  0.4818
Y  0.4346  0.8874  0.1536
Z -0.4969  0.0940  0.8627

PART 36
OFFSET  12.9878 -0.1131 -7.1914
X  0.7512 -0.4513  0.4818
Y  0.4346  0.8874  0.1536
Z -0.4969  0.0940  0.8627

PART 37
OFFSET  12.9271  1.0513 -4.1474
X  0.7512 -0.4513  0.4818
Y  0.4346  0.8874  0.1536
Z -0.4969  0.0940  0.8627

PART 38
OFFSET  12.1742 -0.0611 -4.2325
X  0.7512 -0.4513  0.4818
Y  0.4346  0.8874  0.1536
Z -0.4969  0.0940  0.8627

PART 39
OFFSET  12.1139 -0.5056 -5.3435
X  0.7512 -0.4513  0.4818
Y  0.4346  0.8874  0.1536
Z -0.4969  0.0940  0.8627

PART 40
OFFSET  7.7586 -2.7282 -4.6359
X  1.0000  0.0011 -0.0055
Y -0.0011  0.9999 -0.0115
Z  0.0055  0.0115  0.9999

PART 41
OFFSET  7.7586 -2.7282 -4.6359
X  1.0000  0.0011 -0.0055
Y -0.0011  0.9999 -0.0115
Z  0.0055  0.0115  0.9999

PART 42
OFFSET  11.9718 -2.7055 -4.3801
X  1.0000  0.0011 -0.0055
Y -0.0011  0.9999 -0.0115
Z  0.0055  0.0115  0.9999

PART 43
OFFSET  14.3756 -3.5339 -2.5775
X  1.0000  0.0011 -0.0055
Y -0.0011  0.9999 -0.0115
Z  0.0055  0.0115  0.9999

PART 44
OFFSET  8.2061 -2.7324 -5.0474
X  1.0000  0.0011 -0.0055
Y -0.0011  0.9999 -0.0115
Z  0.0055  0.0115  0.9999

PART 45
OFFSET  5.2485 -2.7040 -3.6612
X -1.0000 -0.0011  0.0055
Y -0.0011  0.9999 -0.0115
Z -0.0055 -0.0115 -0.9999

PART 46
OFFSET  16.3048 -2.6923 -3.7216
X  0.0055  0.0115  0.9999
Y -0.0011  0.9999 -0.0115
Z -1.0000 -0.0011  0.0055

PART 47
OFFSET  8.3159 -2.6888 -1.2733
X  1.0000  0.0011 -0.0055
Y -0.0011  0.9999 -0.0115
Z  0.0055  0.0115  0.9999

PART 48
OFFSET  8.1831 -2.6681  0.5381
X  1.0000  0.0011 -0.0055
Y -0.0011  0.9999 -0.0115
Z  0.0055  0.0115  0.9999

PART 49
OFFSET  8.5699 -2.6856 -1.0201
X  1.0000  0.0011 -0.0055
Y -0.0011  0.9999 -0.0115
Z  0.0055  0.0115  0.9999

PART 50
OFFSET  24.4881 -2.6943 -3.3242
X  0.0011 -0.9999  0.0115
Y  1.0000  0.0011 -0.0055
Z  0.0055  0.0115  0.9999

PART 51
OFFSET -3.5060 -7.9373 -3.1869
X  0.1579 -0.1445  0.9768
Y -0.0176 -0.9895 -0.1435
Z  0.9873  0.0055 -0.1588

PART 52
OFFSET -5.4157 -6.1901 -15.0006
X -0.6529 -0.1996 -0.7307
Y  0.5792  0.4901 -0.6514
Z  0.4881 -0.8485 -0.2044

PART 53
OFFSET  0.1375 -4.4927 -8.7858
X -0.6529 -0.1996 -0.7307
Y  0.7498 -0.0339 -0.6608
Z  0.1071 -0.9793  0.1718

PART 54
OFFSET -0.0555 -3.3674 -6.9513
X -0.6577 -0.2002 -0.7262
Y -0.4945  0.8419  0.2158
Z  0.5682  0.5011 -0.6527

PART 55
OFFSET -0.1557 -4.1138 -6.1347
X -0.6577 -0.2002 -0.7262
Y -0.4945  0.8419  0.2158
Z  0.5682  0.5011 -0.6527

PART 56
OFFSET  1.2337 -5.2312 -6.9352
X -0.6577 -0.2002 -0.7262
Y -0.4945  0.8419  0.2158
Z  0.5682  0.5011 -0.6527

PART 57
OFFSET  2.1390 -3.8808 -6.5458
X -1.0000 -0.0040 -0.0004
Y  0.0004 -0.0034 -1.0000
Z  0.0040 -1.0000  0.0034

PART 58
OFFSET  2.5869 -3.4652 -5.5820
X -0.7932 -0.5199 -0.3171
Y  0.3367  0.0594 -0.9397
Z  0.5074 -0.8521  0.1279

PART 59
OFFSET  4.2367 -2.3017 -4.8111
X -0.9328 -0.2342  0.2740
Y -0.1718 -0.3795 -0.9091
Z  0.3169 -0.8950  0.3138

PART 60
OFFSET  5.6967 -1.8461 -5.3429
X -0.3015  0.0902  0.9492
Y -0.8543 -0.4676 -0.2269
Z  0.4234 -0.8793  0.2181

PART 61
OFFSET  6.0179 -1.8955 -6.3754
X -0.6706  0.5351  0.5138
Y  0.1081  0.7558 -0.6459
Z -0.7339 -0.3775 -0.5646

PART 62
OFFSET  2.9849 -3.6790 -7.6169
X -0.8200 -0.0443  0.5707
Y  0.0732 -0.9969  0.0279
Z  0.5677  0.0646  0.8207

PART 63
OFFSET  4.9009 -3.4479 -8.7831
X -0.6241 -0.7309 -0.2761
Y  0.7671 -0.5058 -0.3947
Z  0.1488 -0.4581  0.8763

PART 64
OFFSET  5.7845 -2.4131 -8.3921
X  0.8169 -0.4605 -0.3472
Y  0.5683  0.7455  0.3483
Z  0.0984 -0.4818  0.8707

PART 65
OFFSET  5.0602 -2.0048 -8.0843
X  0.9592  0.2827 -0.0031
Y -0.2517  0.8590  0.4458
Z  0.1287 -0.4269  0.8951

PART 66
OFFSET  4.1489 -2.2734 -8.0813
X -0.5942 -0.6938 -0.4069
Y -0.7910  0.4126  0.4517
Z -0.1455  0.5903 -0.7940

PART 67
OFFSET  3.2051 -3.8155 -6.9518
X -0.9517 -0.0088  0.3068
Y  0.0244 -0.9986  0.0473
Z  0.3059  0.0525  0.9506

PART 68
OFFSET  5.6303 -3.8227 -7.8881
X -0.5390 -0.8338 -0.1191
Y  0.8306 -0.5027 -0.2395
Z  0.1398 -0.2281  0.9636

PART 69
OFFSET  6.5480 -2.4030 -7.6852
X  0.9140 -0.3516 -0.2024
Y  0.3881  0.9033  0.1831
Z  0.1185 -0.2459  0.9620

PART 70
OFFSET  5.2813 -1.9157 -7.4047
X  0.9743  0.2172 -0.0588
Y -0.1949  0.9451  0.2623
Z  0.1126 -0.2441  0.9632

PART 71
OFFSET  4.2246 -2.1513 -7.3409
X -0.6814 -0.7299 -0.0542
Y -0.7227  0.6594  0.2070
Z -0.1153  0.1802 -0.9768

PART 72
OFFSET -2.0211 -4.4304 -5.7000
X -0.9399 -0.2811  0.1940
Y -0.2943  0.9548 -0.0424
Z -0.1733 -0.0970 -0.9801

PART 73
OFFSET  6.0367 -4.2345 -5.7888
X -0.8742 -0.3796 -0.3027
Y  0.3920 -0.9197  0.0210
Z -0.2864 -0.1003  0.9528

PART 74
OFFSET  7.5759 -3.5662 -5.2558
X -0.8477 -0.4424 -0.2927
Y  0.4353 -0.8955  0.0927
Z -0.3031 -0.0488  0.9517

PART 75
OFFSET  8.5881 -3.0314 -4.8422
X -0.4317 -0.8654 -0.2544
Y  0.8302 -0.4915  0.2630
Z -0.3527 -0.0977  0.9306

PART 76
OFFSET  9.0757 -2.0539 -4.5548
X -0.7081  0.6979  0.1071
Y  0.7033  0.6837  0.1946
Z  0.0625  0.2131 -0.9750

PART 77
OFFSET  5.9298 -4.0592 -6.8743
X -0.3913 -0.9198  0.0276
Y  0.9192 -0.3921 -0.0372
Z  0.0450  0.0108  0.9989

PART 78
OFFSET  6.6942 -2.2622 -6.9282
X  0.9558 -0.2877 -0.0615
Y  0.2841  0.9569 -0.0603
Z  0.0762  0.0402  0.9963

PART 79
OFFSET  5.2982 -1.8420 -6.8384
X  0.9006  0.4227 -0.1012
Y -0.4296  0.9010 -0.0605
Z  0.0656  0.0979  0.9930

PART 80
OFFSET  4.2774 -2.3208 -6.7309
X -0.4204 -0.9058  0.0527
Y -0.9011  0.4236  0.0928
Z -0.1064 -0.0085 -0.9943

PART 81
OFFSET -0.0556 -3.3674 -6.9512
X -0.6577 -0.2002 -0.7262
Y -0.4945  0.8419  0.2158
Z  0.5682  0.5011 -0.6527

PART 82
OFFSET -0.1558 -4.1137 -6.1345
X -0.6577 -0.2002 -0.7262
Y -0.4945  0.8419  0.2158
Z  0.5682  0.5011 -0.6527

PART 83
OFFSET  1.2338 -5.2311 -6.9353
X -0.6577 -0.2002 -0.7262
Y -0.4945  0.8419  0.2158
Z  0.5682  0.5011 -0.6527

PART 84
OFFSET  0.0000 -0.0000 -0.0000
X  1.0000 -0.0000  0.0000
Y  0.0000  1.0000  0.0000
Z  0.0000 -0.0000  1.0000

PART 85
OFFSET -0.0000 -0.0000 -0.0000
X  1.0000 -0.0000 -0.0018
Y  0.0000  1.0000  0.0000
Z  0.0018 -0.0000  1.0000

PART 86
OFFSET  1.5480 -0.0000  4.1329
X  1.0000 -0.0000 -0.0018
Y  0.0000  1.0000  0.0000
Z  0.0018 -0.0000  1.0000


FRAME 902
PART 0
OFFSET -4.6318 -0.0000 -1.3770
X  1.0000 -0.0000  0.0000
Y  0.0000  1.0000  0.0000
Z  0.0000 -0.0000  1.0000

PART 1
OFFSET -4.6318 -0.0000 -1.3770
X  1.0000 -0.0000  0.0000
Y  0.0000  1.0000  0.0000
Z  0.0000 -0.0000  1.0000

PART 2
OFFSET -3.5060  7.9373 -3.1869
X  0.7673 -0.1776 -0.6162
Y  0.0339 -0.9483  0.3155
Z -0.6404 -0.2630 -0.7216

PART 3
OFFSET  5.7733  5.7898 -10.6397
X  0.7740 -0.2989  0.5582
Y -0.5591  0.0913  0.8241
Z -0.2973 -0.9499 -0.0964

PART 4
OFFSET  12.3566  3.2478 -5.8920
X  0.7740 -0.2989  0.5582
Y -0.5620  0.0817  0.8231
Z -0.2916 -0.9508 -0.1047

PART 5
OFFSET  14.4394  4.2554 -5.4205
X  0.7781 -0.2968  0.5535
Y  0.3031  0.9493  0.0830
Z -0.5501  0.1032  0.8287

PART 6
OFFSET  13.6264  2.1363 -6.4310
X  0.7781 -0.2968  0.5535
Y  0.3031  0.9493  0.0830
Z -0.5501  0.1032  0.8287

PART 7
OFFSET  13.2242  3.4617 -3.5443
X  0.7781 -0.2968  0.5535
Y  0.3031  0.9493  0.0830
Z -0.5501  0.1032  0.8287

PART 8
OFFSET  12.5716  1.9228 -3.7142
X  0.7781 -0.2968  0.5535
Y  0.3031  0.9493  0.0830
Z -0.5501  0.1032  0.8287

PART 9
OFFSET  12.6351  1.3032 -4.8729
X  0.7781 -0.2968  0.5535
Y  0.3031  0.9493  0.0830
Z -0.5501  0.1032  0.8287

PART 10
OFFSET  14.7295  2.3316 -4.1807
X  0.9663 -0.2360  0.1031
Y -0.1069 -0.0030  0.9943
Z -0.2343 -0.9717 -0.0282

PART 11
OFFSET  14.9648  1.8234 -3.1864
X  0.4343 -0.8557  0.2814
Y -0.4053  0.0934  0.9094
Z -0.8044 -0.5090 -0.3062

PART 12
OFFSET  15.8168 -0.0420 -2.5053
X  0.6328 -0.7437  0.2155
Y -0.4573 -0.1343  0.8791
Z -0.6249 -0.6548 -0.4251

PART 13
OFFSET  16.7956 -1.3080 -2.2575
X  0.4274 -0.8213  0.3780
Y -0.5349  0.1074  0.8381
Z -0.7289 -0.5603 -0.3934

PART 14
OFFSET  17.2153 -2.2199 -1.8525
X  0.6735 -0.2242  0.7044
Y  0.4670  0.8677 -0.1703
Z -0.5731  0.4436  0.6891

PART 15
OFFSET  15.6142  1.9387 -5.1637
X  0.8432 -0.2335 -0.4842
Y -0.2980 -0.9527 -0.0596
Z -0.4474  0.1945 -0.8729

PART 16
OFFSET  17.5374  1.2689 -6.1319
X  0.7124 -0.6704 -0.2075
Y -0.5081 -0.6966  0.5065
Z -0.4842 -0.2554 -0.8369

PART 17
OFFSET  18.5459  0.3198 -6.4257
X  0.4027 -0.9114  0.0844
Y -0.8053 -0.3090  0.5060
Z -0.4351 -0.2717 -0.8584

PART 18
OFFSET  18.9030 -0.4883 -6.3509
X  0.2924 -0.9444  0.1506
Y -0.8203 -0.1668  0.5470
Z -0.4915 -0.2835 -0.8235

PART 19
OFFSET  19.1808 -1.3855 -6.2078
X  0.3624  0.8680 -0.3395
Y -0.8696  0.4460  0.2120
Z  0.3354  0.2184  0.9164

PART 20
OFFSET  15.7884  2.0205 -4.4764
X  0.9510 -0.2295 -0.2074
Y -0.2492 -0.9656 -0.0739
Z -0.1833  0.1219 -0.9755

PART 21
OFFSET  18.2348  1.4643 -5.1578
X  0.6712 -0.6912 -0.2679
Y -0.5281 -0.6994  0.4815
Z -0.5202 -0.1817 -0.8345

PART 22
OFFSET  19.3775  0.2875 -5.6139
X  0.4607 -0.8849 -0.0691
Y -0.7348 -0.4239  0.5296
Z -0.4979 -0.1932 -0.8454

PART 23
OFFSET  20.0160 -0.9389 -5.7096
X  0.4338 -0.8992 -0.0574
Y -0.7493 -0.3953  0.5313
Z -0.5005 -0.1875 -0.8452

PART 24
OFFSET  20.4864 -1.9141 -5.7718
X  0.0480  0.9533 -0.2981
Y -0.8402  0.1999  0.5040
Z  0.5401  0.2263  0.8106

PART 25
OFFSET  17.4129  1.0784 -2.2992
X  0.8647 -0.4917 -0.1031
Y  0.5006  0.8604  0.0957
Z  0.0416 -0.1344  0.9901

PART 26
OFFSET  18.5010  1.7708 -3.0185
X  0.7781 -0.6251 -0.0610
Y -0.6279 -0.7765 -0.0527
Z -0.0144  0.0793 -0.9967

PART 27
OFFSET  19.8711  0.6702 -3.1259
X  0.6786 -0.7298 -0.0827
Y -0.7345 -0.6738 -0.0805
Z  0.0030  0.1154 -0.9933

PART 28
OFFSET  20.6959 -0.2241 -3.1661
X  0.4486 -0.8929  0.0390
Y -0.8831 -0.4495 -0.1346
Z  0.1377  0.0259 -0.9901

PART 29
OFFSET  21.2025 -1.2326 -3.1221
X  0.6899  0.7037 -0.1697
Y -0.7063  0.7057  0.0554
Z  0.1587  0.0817  0.9839

PART 30
OFFSET  18.4719  1.6250 -4.1131
X  0.7384 -0.6384 -0.2171
Y -0.5651 -0.7615  0.3174
Z -0.3679 -0.1117 -0.9231

PART 31
OFFSET  19.9145  0.3778 -4.5372
X  0.4665 -0.8778 -0.1087
Y -0.7861 -0.4678  0.4040
Z -0.4054 -0.1030 -0.9083

PART 32
OFFSET  20.5959 -0.9044 -4.6960
X  0.2503 -0.9680 -0.0159
Y -0.8528 -0.2282  0.4697
Z -0.4583 -0.1040 -0.8827

PART 33
OFFSET  20.8767 -2.0013 -4.7206
X  0.3820  0.8947 -0.2314
Y -0.8457  0.4394  0.3029
Z  0.3727  0.0800  0.9245

PART 34
OFFSET  17.0497  0.2125 -4.4798
X -0.2432  0.0867 -0.9661
Y  0.2343  0.9717  0.0282
Z  0.9412 -0.2195 -0.2567

PART 35
OFFSET  14.2948  3.5857 -5.8961
X  0.7781 -0.2968  0.5535
Y  0.3031  0.9493  0.0830
Z -0.5501  0.1032  0.8287

PART 36
OFFSET  13.6264  2.1363 -6.4310
X  0.7781 -0.2968  0.5535
Y  0.3031  0.9493  0.0830
Z -0.5501  0.1032  0.8287

PART 37
OFFSET  13.2486  3.5558 -3.5211
X  0.7781 -0.2968  0.5535
Y  0.3031  0.9493  0.0830
Z -0.5501  0.1032  0.8287

PART 38
OFFSET  12.6571  2.3469 -3.5265
X  0.7781 -0.2968  0.5535
Y  0.3031  0.9493  0.0830
Z -0.5501  0.1032  0.8287

PART 39
OFFSET  12.7159  1.7981 -4.5901
X  0.7781 -0.2968  0.5535
Y  0.3031  0.9493  0.0830
Z -0.5501  0.1032  0.8287

PART 40
OFFSET  7.7373 -2.9172 -4.2705
X  0.9998  0.0034 -0.0173
Y -0.0040  0.9993 -0.0368
Z  0.0172  0.0369  0.9992

PART 41
OFFSET  7.7373 -2.9172 -4.2705
X  0.9998  0.0034 -0.0173
Y -0.0040  0.9993 -0.0368
Z  0.0172  0.0369  0.9992

PART 42
OFFSET  11.9532 -2.8776 -4.0650
X  0.9998  0.0034 -0.0173
Y -0.0040  0.9993 -0.0368
Z  0.0172  0.0369  0.9992

PART 43
OFFSET  14.3802 -3.6541 -2.2704
X  0.9998  0.0034 -0.0173
Y -0.0040  0.9993 -0.0368
Z  0.0172  0.0369  0.9992

PART 44
OFFSET  8.1800 -2.9307 -4.6870
X  0.9998  0.0034 -0.0173
Y -0.0040  0.9993 -0.0368
Z  0.0172  0.0369  0.9992

PART 45
OFFSET  5.2387 -2.8746 -3.2673
X -0.9998 -0.0034  0.0173
Y -0.0040  0.9993 -0.0368
Z -0.0172 -0.0369 -0.9992

PART 46
OFFSET  16.2935 -2.8370 -3.4581
X  0.0172  0.0369  0.9992
Y -0.0040  0.9993 -0.0368
Z -0.9998 -0.0034  0.0173

PART 47
OFFSET  8.3339 -2.7913 -0.9168
X  0.9998  0.0034 -0.0173
Y -0.0040  0.9993 -0.0368
Z  0.0172  0.0369  0.9992

PART 48
OFFSET  8.2221 -2.7251  0.8950
X  0.9998  0.0034 -0.0173
Y -0.0040  0.9993 -0.0368
Z  0.0172  0.0369  0.9992

PART 49
OFFSET  8.5908 -2.7811 -0.6667
X  0.9998  0.0034 -0.0173
Y -0.0040  0.9993 -0.0368
Z  0.0172  0.0369  0.9992

PART 50
OFFSET  24.4808 -2.8087 -3.1571
X  0.0040 -0.9993  0.0368
Y  0.9998  0.0034 -0.0173
Z  0.0172  0.0369  0.9992

PART 51
OFFSET -3.5060 -7.9373 -3.1869
X  0.1219 -0.1577  0.9799
Y -0.0312 -0.9874 -0.1550
Z  0.9921 -0.0117 -0.1253

PART 52
OFFSET -4.9801 -6.0304 -15.0382
X -0.6118 -0.1641 -0.7738
Y  0.6296  0.4912 -0.6019
Z  0.4789 -0.8555 -0.1972

PART 53
OFFSET  0.2234 -4.6348 -8.4566
X -0.6118 -0.1641 -0.7738
Y  0.7881 -0.0430 -0.6140
Z  0.0675 -0.9855  0.1556

PART 54
OFFSET -0.0538 -3.5511 -6.6075
X -0.6169 -0.1647 -0.7697
Y -0.4861  0.8488  0.2080
Z  0.6190  0.5025 -0.6036

PART 55
OFFSET -0.2218 -4.3148 -5.8187
X -0.6169 -0.1647 -0.7697
Y -0.4861  0.8488  0.2080
Z  0.6190  0.5025 -0.6036

PART 56
OFFSET  1.1870 -5.4475 -6.5641
X -0.6169 -0.1647 -0.7697
Y -0.4861  0.8488  0.2080
Z  0.6190  0.5025 -0.6036

PART 57
OFFSET  2.0990 -4.1317 -6.0843
X -0.9999 -0.0064  0.0115
Y -0.0113 -0.0287 -0.9995
Z  0.0068 -0.9996  0.0286

PART 58
OFFSET  2.5569 -3.6907 -5.1367
X -0.7954 -0.5298 -0.2945
Y  0.3255  0.0364 -0.9448
Z  0.5113 -0.8474  0.1435

PART 59
OFFSET  4.2124 -2.5040 -4.4150
X -0.9289 -0.2295  0.2908
Y -0.1814 -0.4029 -0.8971
Z  0.3230 -0.8860  0.3326

PART 60
OFFSET  5.6649 -2.0584 -4.9752
X -0.2906  0.1135  0.9501
Y -0.8556 -0.4753 -0.2049
Z  0.4284 -0.8725  0.2352

PART 61
OFFSET  5.9741 -2.1331 -6.0099
X -0.6660  0.5463  0.5080
Y  0.0985  0.7394 -0.6660
Z -0.7394 -0.3935 -0.5462

PART 62
OFFSET  2.9317 -3.9551 -7.1701
X -0.8131 -0.0318  0.5812
Y  0.0763 -0.9957  0.0522
Z  0.5771  0.0868  0.8121

PART 63
OFFSET  4.8333 -3.7488 -8.3642
X -0.6252 -0.7392 -0.2502
Y  0.7638 -0.5138 -0.3908
Z  0.1603 -0.4354  0.8858

PART 64
OFFSET  5.7185 -2.7022 -8.0100
X  0.8141 -0.4672 -0.3450
Y  0.5702  0.7555  0.3226
Z  0.1099 -0.4594  0.8814

PART 65
OFFSET  4.9967 -2.2881 -7.7041
X  0.9583  0.2849 -0.0216
Y -0.2489  0.8694  0.4269
Z  0.1404 -0.4037  0.9040

PART 66
OFFSET  4.0863 -2.5588 -7.6836
X -0.5970 -0.7053 -0.3822
Y -0.7868  0.4219  0.4504
Z -0.1564  0.5697 -0.8069

PART 67
OFFSET  3.1600 -4.0741 -6.5044
X -0.9481 -0.0033  0.3181
Y  0.0277 -0.9970  0.0722
Z  0.3169  0.0773  0.9453

PART 68
OFFSET  5.5742 -4.0990 -7.4687
X -0.5380 -0.8379 -0.0916
Y  0.8291 -0.5065 -0.2365
Z  0.1517 -0.2032  0.9673

PART 69
OFFSET  6.4902 -2.6724 -7.3126
X  0.9125 -0.3544 -0.2042
Y  0.3877  0.9086  0.1556
Z  0.1304 -0.2212  0.9665

PART 70
OFFSET  5.2255 -2.1812 -7.0296
X  0.9730  0.2181 -0.0758
Y -0.1944  0.9510  0.2405
Z  0.1245 -0.2193  0.9677

PART 71
OFFSET  4.1703 -2.4177 -6.9474
X -0.6800 -0.7327 -0.0277
Y -0.7221  0.6627  0.1987
Z -0.1272  0.1551 -0.9797

PART 72
OFFSET -2.0494 -4.6700 -5.1760
X -0.9367 -0.2784  0.2121
Y -0.2975  0.9526 -0.0631
Z -0.1845 -0.1222 -0.9752

PART 73
OFFSET  6.0062 -4.4565 -5.3646
X -0.8767 -0.3893 -0.2827
Y  0.3948 -0.9179  0.0396
Z -0.2749 -0.0769  0.9584

PART 74
OFFSET  7.5497 -3.7711 -4.8668
X -0.8499 -0.4517 -0.2714
Y  0.4388 -0.8918  0.1102
Z -0.2918 -0.0254  0.9561

PART 75
OFFSET  8.5652 -3.2235 -4.4788
X -0.4322 -0.8726 -0.2273
Y  0.8346 -0.4826  0.2656
Z -0.3415 -0.0749  0.9369

PART 76
OFFSET  9.0534 -2.2378 -4.2220
X -0.7088  0.6986  0.0978
Y  0.7036  0.6902  0.1689
Z  0.0505  0.1885 -0.9808

PART 77
OFFSET  5.8861 -4.3090 -6.4528
X -0.3884 -0.9198  0.0555
Y  0.9197 -0.3907 -0.0381
Z  0.0567  0.0362  0.9977

PART 78
OFFSET  6.6449 -2.5121 -6.5612
X  0.9558 -0.2868 -0.0655
Y  0.2807  0.9558 -0.0879
Z  0.0878  0.0656  0.9940

PART 79
OFFSET  5.2489 -2.0932 -6.4656
X  0.8982  0.4222 -0.1224
Y -0.4328  0.8981 -0.0782
Z  0.0769  0.1232  0.9894

PART 80
OFFSET  4.2308 -2.5717 -6.3340
X -0.4172 -0.9052  0.0806
Y -0.9011  0.4236  0.0927
Z -0.1180 -0.0339 -0.9924

PART 81
OFFSET -0.0539 -3.5511 -6.6075
X -0.6169 -0.1647 -0.7697
Y -0.4861  0.8488  0.2080
Z  0.6190  0.5025 -0.6036

PART 82
OFFSET -0.2220 -4.3147 -5.8186
X -0.6169 -0.1647 -0.7697
Y -0.4861  0.8488  0.2080
Z  0.6190  0.5025 -0.6036

PART 83
OFFSET  1.1871 -5.4474 -6.5642
X -0.6169 -0.1647 -0.7697
Y -0.4861  0.8488  0.2080
Z  0.6190  0.5025 -0.6036

PART 84
OFFSET  0.0000 -0.0000 -0.0000
X  1.0000 -0.0000  0.0000
Y  0.0000  1.0000  0.0000
Z  0.0000 -0.0000  1.0000

PART 85
OFFSET -0.0000 -0.0000 -0.0000
X  1.0000 -0.0000 -0.0065
Y  0.0000  1.0000  0.0000
Z  0.0065 -0.0000  1.0000

PART 86
OFFSET  1.5673 -0.0000  4.1257
X  1.0000 -0.0000 -0.0065
Y  0.0000  1.0000  0.0000
Z  0.0065 -0.0000  1.0000


FRAME 903
PART 0
OFFSET -4.6318 -0.0000 -1.3770
X  1.0000 -0.0000  0.0000
Y  0.0000  1.0000  0.0000
Z  0.0000 -0.0000  1.0000

PART 1
OFFSET -4.6318 -0.0000 -1.3770
X  1.0000 -0.0000  0.0000
Y  0.0000  1.0000  0.0000
Z  0.0000 -0.0000  1.0000

PART 2
OFFSET -3.5060  7.9373 -3.1869
X  0.8065 -0.1192 -0.5790
Y  0.1473 -0.9081  0.3921
Z -0.5725 -0.4015 -0.7148

PART 3
OFFSET  6.2482  6.4957 -10.1897
X  0.8089 -0.1511  0.5682
Y -0.5642  0.0719  0.8225
Z -0.1651 -0.9859 -0.0270

PART 4
OFFSET  13.1285  5.2109 -5.3572
X  0.8089 -0.1511  0.5682
Y -0.5168 -0.6433  0.5648
Z  0.2802 -0.7506 -0.5985

PART 5
OFFSET  15.0554  6.5228 -4.9814
X  0.8127 -0.1488  0.5633
Y  0.1709  0.9852  0.0136
Z -0.5570  0.0852  0.8261

PART 6
OFFSET  14.5367  4.2474 -5.8334
X  0.8127 -0.1488  0.5633
Y  0.1709  0.9852  0.0136
Z -0.5570  0.0852  0.8261

PART 7
OFFSET  13.9550  5.6223 -3.0543
X  0.8127 -0.1488  0.5633
Y  0.1709  0.9852  0.0136
Z -0.5570  0.0852  0.8261

PART 8
OFFSET  13.5047  3.7099 -3.2278
X  0.8127 -0.1488  0.5633
Y  0.1709  0.9852  0.0136
Z -0.5570  0.0852  0.8261

PART 9
OFFSET  13.6611  2.9612 -4.4175
X  0.8127 -0.1488  0.5633
Y  0.1709  0.9852  0.0136
Z -0.5570  0.0852  0.8261

PART 10
OFFSET  15.6084  4.7478 -3.6154
X  0.9770 -0.1523  0.1491
Y -0.2129 -0.7325  0.6466
Z  0.0107 -0.6635 -0.7481

PART 11
OFFSET  15.8468  3.7000 -3.2315
X  0.5931 -0.7509 -0.2904
Y -0.5144 -0.6309  0.5808
Z -0.6193 -0.1951 -0.7605

PART 12
OFFSET  17.0410  2.0058 -3.8425
X  0.7650 -0.6095 -0.2083
Y -0.5064 -0.7690  0.3901
Z -0.3979 -0.1930 -0.8969

PART 13
OFFSET  18.2616  1.0461 -4.3024
X  0.5674 -0.7981 -0.2028
Y -0.6348 -0.5808  0.5096
Z -0.5245 -0.1604 -0.8362

PART 14
OFFSET  18.8404  0.1659 -4.5513
X  0.6249 -0.6058  0.4925
Y  0.2607  0.7565  0.5998
Z -0.7359 -0.2465  0.6307

PART 15
OFFSET  16.6653  5.2692 -4.3328
X  0.9231  0.2648 -0.2790
Y -0.0518 -0.6332 -0.7722
Z -0.3811  0.7273 -0.5708

PART 16
OFFSET  18.7884  5.6805 -4.9712
X  0.8711 -0.2457 -0.4252
Y -0.3789 -0.8871 -0.2636
Z -0.3124  0.3907 -0.8659

PART 17
OFFSET  20.0218  5.3327 -5.5731
X  0.5980 -0.6488 -0.4706
Y -0.7586 -0.6477 -0.0710
Z -0.2588  0.3994 -0.8795

PART 18
OFFSET  20.5520  4.7575 -5.9904
X  0.4922 -0.7289 -0.4759
Y -0.8118 -0.5817  0.0513
Z -0.3142  0.3612 -0.8780

PART 19
OFFSET  21.0196  4.0650 -6.4426
X  0.1786  0.8704  0.4588
Y -0.9693  0.0755  0.2340
Z  0.1690 -0.4865  0.8572

PART 20
OFFSET  16.7372  4.8415 -3.7658
X  0.9952  0.0760 -0.0612
Y  0.0000 -0.6274 -0.7787
Z -0.0976  0.7750 -0.6244

PART 21
OFFSET  19.3056  5.1677 -4.0002
X  0.8431 -0.2196 -0.4908
Y -0.3947 -0.8727 -0.2875
Z -0.3651  0.4362 -0.8225

PART 22
OFFSET  20.7411  4.7937 -4.8357
X  0.6646 -0.5143 -0.5420
Y -0.6655 -0.7372 -0.1165
Z -0.3396  0.4382 -0.8322

PART 23
OFFSET  21.6622  4.0809 -5.5869
X  0.6408 -0.5349 -0.5507
Y -0.6866 -0.7202 -0.0993
Z -0.3435  0.4417 -0.8288

PART 24
OFFSET  22.3571  3.5008 -6.1842
X -0.1497  0.8714  0.4671
Y -0.9144 -0.3018  0.2700
Z  0.3762 -0.3867  0.8420

PART 25
OFFSET  18.2879  2.7595 -2.5301
X  0.9634 -0.1862 -0.1928
Y  0.2653  0.5614  0.7838
Z -0.0377 -0.8063  0.5903

PART 26
OFFSET  19.2508  3.8483 -2.2687
X  0.9074 -0.3153 -0.2779
Y -0.4130 -0.5464 -0.7286
Z  0.0779  0.7759 -0.6260

PART 27
OFFSET  20.8484  3.2931 -2.7580
X  0.8390 -0.3797 -0.3898
Y -0.5374 -0.4653 -0.7034
Z  0.0856  0.7996 -0.5944

PART 28
OFFSET  21.8631  2.7830 -3.1958
X  0.6428 -0.5992 -0.4772
Y -0.7286 -0.2858 -0.6225
Z  0.2366  0.7478 -0.6203

PART 29
OFFSET  22.5892  2.1062 -3.7348
X  0.5150  0.6634  0.5428
Y -0.8569  0.3807  0.3477
Z  0.0240 -0.6442  0.7645

PART 30
OFFSET  19.3795  4.5402 -3.1202
X  0.8897 -0.2146 -0.4031
Y -0.3972 -0.7992 -0.4512
Z -0.2253  0.5615 -0.7962

PART 31
OFFSET  21.1175  4.1209 -3.9076
X  0.6729 -0.4803 -0.5626
Y -0.6906 -0.6805 -0.2450
Z -0.2652  0.5534 -0.7896

PART 32
OFFSET  22.1004  3.4194 -4.7294
X  0.4758 -0.6279 -0.6159
Y -0.8197 -0.5704 -0.0518
Z -0.3188  0.5295 -0.7861

PART 33
OFFSET  22.6376  2.7124 -5.4325
X  0.1791  0.8119  0.5556
Y -0.9548  0.0072  0.2972
Z  0.2373 -0.5837  0.7765

PART 34
OFFSET  18.3883  3.7185 -4.6997
X -0.1479  0.7389 -0.6574
Y -0.0107  0.6635  0.7481
Z  0.9889  0.1177 -0.0902

PART 35
OFFSET  15.0024  5.8081 -5.4080
X  0.8127 -0.1488  0.5633
Y  0.1709  0.9852  0.0136
Z -0.5570  0.0852  0.8261

PART 36
OFFSET  14.5367  4.2474 -5.8334
X  0.8127 -0.1488  0.5633
Y  0.1709  0.9852  0.0136
Z -0.5570  0.0852  0.8261

PART 37
OFFSET  13.9760  5.8026 -3.0242
X  0.8127 -0.1488  0.5633
Y  0.1709  0.9852  0.0136
Z -0.5570  0.0852  0.8261

PART 38
OFFSET  13.5549  4.5271 -2.9390
X  0.8127 -0.1488  0.5633
Y  0.1709  0.9852  0.0136
Z -0.5570  0.0852  0.8261

PART 39
OFFSET  13.6855  3.9183 -3.9627
X  0.8127 -0.1488  0.5633
Y  0.1709  0.9852  0.0136
Z -0.5570  0.0852  0.8261

PART 40
OFFSET  7.7181 -3.1028 -3.9491
X  0.9996  0.0057 -0.0283
Y -0.0075  0.9980 -0.0620
Z  0.0279  0.0622  0.9977

PART 41
OFFSET  7.7181 -3.1028 -3.9491
X  0.9996  0.0057 -0.0283
Y -0.0075  0.9980 -0.0620
Z  0.0279  0.0622  0.9977

PART 42
OFFSET  11.9358 -3.0463 -3.7908
X  0.9996  0.0057 -0.0283
Y -0.0075  0.9980 -0.0620
Z  0.0279  0.0622  0.9977

PART 43
OFFSET  14.3845 -3.7705 -2.0039
X  0.9996  0.0057 -0.0283
Y -0.0075  0.9980 -0.0620
Z  0.0279  0.0622  0.9977

PART 44
OFFSET  8.1562 -3.1256 -4.3700
X  0.9996  0.0057 -0.0283
Y -0.0075  0.9980 -0.0620
Z  0.0279  0.0622  0.9977

PART 45
OFFSET  5.2304 -3.0417 -2.9200
X -0.9996 -0.0057  0.0283
Y -0.0075  0.9980 -0.0620
Z -0.0279 -0.0622 -0.9977

PART 46
OFFSET  16.2823 -2.9784 -3.2327
X  0.0279  0.0622  0.9977
Y -0.0075  0.9980 -0.0620
Z -0.9996 -0.0057  0.0283

PART 47
OFFSET  8.3506 -2.8904 -0.6064
X  0.9996  0.0057 -0.0283
Y -0.0075  0.9980 -0.0620
Z  0.0279  0.0622  0.9977

PART 48
OFFSET  8.2584 -2.7787  1.2043
X  0.9996  0.0057 -0.0283
Y -0.0075  0.9980 -0.0620
Z  0.0279  0.0622  0.9977

PART 49
OFFSET  8.6102 -2.8732 -0.3595
X  0.9996  0.0057 -0.0283
Y -0.0075  0.9980 -0.0620
Z  0.0279  0.0622  0.9977

PART 50
OFFSET  24.4723 -2.9199 -3.0221
X  0.0075 -0.9980  0.0620
Y  0.9996  0.0057 -0.0283
Z  0.0279  0.0622  0.9977

PART 51
OFFSET -3.5060 -7.9373 -3.1869
X  0.0839 -0.1690  0.9820
Y -0.0461 -0.9851 -0.1656
Z  0.9954 -0.0314 -0.0904

PART 52
OFFSET -4.5202 -5.8934 -15.0636
X -0.5690 -0.1309 -0.8118
Y  0.6764  0.4870 -0.5526
Z  0.4677 -0.8635 -0.1885

PART 53
OFFSET  0.3196 -4.7798 -8.1587
X -0.5690 -0.1309 -0.8118
Y  0.8216 -0.0491 -0.5680
Z  0.0345 -0.9902  0.1355

PART 54
OFFSET -0.0388 -3.7286 -6.3044
X -0.5743 -0.1315 -0.8080
Y -0.4757  0.8568  0.1988
Z  0.6662  0.4986 -0.5547

PART 55
OFFSET -0.2726 -4.5041 -5.5445
X -0.5743 -0.1315 -0.8080
