// Export filename: `C:\projects\cod\t5\xanim_export\t5_viewmodels\ak74u\ak74u_grip_d2p_in.XANIM_EXPORT`
// Source filename: `D:\projects\devanim\t5\animation_assets\viewmodels\ak74u/t5_viewmodel_ak74u_animated.fbx`
// Export time: Sat Aug 28 17:51:57 2010

ANIMATION
VERSION 3

NUMPARTS 80
PART 0 "tag_ads"
PART 1 "tag_torso"
PART 2 "J_Shoulder_LE"
PART 3 "J_Elbow_LE"
PART 4 "J_WristTwist_LE"
PART 5 "J_Sleave_Reshape_Bottom_LE_1"
PART 6 "J_Sleave_Reshape_Bottom_LE_2"
PART 7 "J_Sleave_Reshape_Top_LE_1"
PART 8 "J_Sleave_Reshape_Top_LE_2"
PART 9 "J_Sleave_Reshape_Top_LE_3"
PART 10 "J_Wrist_LE"
PART 11 "J_Thumb_LE_0"
PART 12 "J_Thumb_LE_1"
PART 13 "J_Thumb_LE_2"
PART 14 "J_Thumb_LE_3"
PART 15 "J_PinkyPalm_LE"
PART 16 "J_Pinky_LE_0"
PART 17 "J_Pinky_LE_1"
PART 18 "J_Pinky_LE_2"
PART 19 "J_Pinky_LE_3"
PART 20 "J_RingPalm_LE"
PART 21 "J_Ring_LE_0"
PART 22 "J_Ring_LE_1"
PART 23 "J_Ring_LE_2"
PART 24 "J_Ring_LE_3"
PART 25 "J_Webbing_LE"
PART 26 "J_Index_LE_0"
PART 27 "J_Index_LE_1"
PART 28 "J_Index_LE_2"
PART 29 "J_Index_LE_3"
PART 30 "J_Mid_LE_0"
PART 31 "J_Mid_LE_1"
PART 32 "J_Mid_LE_2"
PART 33 "J_Mid_LE_3"
PART 34 "tag_knife_attach"
PART 35 "D_Sleave_Reshape_Bottom_LE_1"
PART 36 "D_Sleave_Reshape_Bottom_LE_2"
PART 37 "D_Sleave_Reshape_Top_LE_1"
PART 38 "D_Sleave_Reshape_Top_LE_2"
PART 39 "D_Sleave_Reshape_Top_LE_3"
PART 40 "tag_weapon"
PART 41 "J_Gun"
PART 42 "TAG_CLIP"
PART 43 "J_Bolt"
PART 44 "J_Shoulder_RI"
PART 45 "J_Elbow_RI"
PART 46 "J_WristTwist_RI"
PART 47 "J_Sleave_Reshape_Top_RI_3"
PART 48 "J_Sleave_Reshape_Top_RI_2"
PART 49 "J_Sleave_Reshape_Top_RI_1"
PART 50 "J_Wrist_RI"
PART 51 "J_Thumb_RI_0"
PART 52 "J_Thumb_RI_1"
PART 53 "J_Thumb_RI_2"
PART 54 "J_Thumb_RI_3"
PART 55 "J_PinkyPalm_RI"
PART 56 "J_Pinky_RI_0"
PART 57 "J_Pinky_RI_1"
PART 58 "J_Pinky_RI_2"
PART 59 "J_Pinky_RI_3"
PART 60 "J_RingPalm_RI"
PART 61 "J_Ring_RI_0"
PART 62 "J_Ring_RI_1"
PART 63 "J_Ring_RI_2"
PART 64 "J_Ring_RI_3"
PART 65 "J_Webbing_RI"
PART 66 "J_Index_RI_0"
PART 67 "J_Index_RI_1"
PART 68 "J_Index_RI_2"
PART 69 "J_Index_RI_3"
PART 70 "J_Mid_RI_0"
PART 71 "J_Mid_RI_1"
PART 72 "J_Mid_RI_2"
PART 73 "J_Mid_RI_3"
PART 74 "D_Sleave_Reshape_Top_RI_3"
PART 75 "D_Sleave_Reshape_Top_RI_2"
PART 76 "D_Sleave_Reshape_Top_RI_1"
PART 77 "tag_cambone"
PART 78 "tag_camera"
PART 79 "tag_gasmask"

FRAMERATE 30
NUMFRAMES 11

FRAME 4000
PART 0
OFFSET  0.0000 -0.0000 -0.0000
X  1.0000 -0.0000  0.0000
Y  0.0000  1.0000  0.0000
Z  0.0000 -0.0000  1.0000

PART 1
OFFSET -4.6318 -0.0000 -1.3770
X  1.0000 -0.0000  0.0000
Y  0.0000  1.0000  0.0000
Z  0.0000 -0.0000  1.0000

PART 2
OFFSET -3.5060  7.9373 -3.1869
X  0.8250 -0.1973 -0.5296
Y -0.1880 -0.9795  0.0720
Z -0.5329  0.0401 -0.8452

PART 3
OFFSET  6.4715  5.5513 -9.5914
X  0.8678 -0.2703 -0.4170
Y  0.2432 -0.5008  0.8307
Z -0.4334 -0.8223 -0.3689

PART 4
OFFSET  13.8522  3.2522 -13.1385
X  0.8678 -0.2703 -0.4170
Y  0.4854  0.6410  0.5946
Z  0.1066 -0.7184  0.6874

PART 5
OFFSET  15.7547  4.5027 -13.7649
X  0.8675 -0.2651 -0.4210
Y  0.4274  0.8301  0.3581
Z  0.2546 -0.4905  0.8334

PART 6
OFFSET  14.1104  3.0064 -14.8738
X  0.8675 -0.2651 -0.4210
Y  0.4274  0.8301  0.3581
Z  0.2546 -0.4905  0.8334

PART 7
OFFSET  16.2214  2.6365 -12.4179
X  0.8675 -0.2651 -0.4210
Y  0.4274  0.8301  0.3581
Z  0.2546 -0.4905  0.8334

PART 8
OFFSET  15.6133  1.4660 -12.6857
X  0.8675 -0.2651 -0.4210
Y  0.4274  0.8301  0.3581
Z  0.2546 -0.4905  0.8334

PART 9
OFFSET  14.7839  1.5518 -13.5462
X  0.8675 -0.2651 -0.4210
Y  0.4274  0.8301  0.3581
Z  0.2546 -0.4905  0.8334

PART 10
OFFSET  16.5125  2.4236 -14.4171
X  0.8614  0.4884  0.1394
Y -0.3841  0.4468  0.8080
Z  0.3324 -0.7495  0.5725

PART 11
OFFSET  16.6658  2.7667 -13.3396
X  0.6503 -0.0131  0.7596
Y -0.6791  0.4382  0.5889
Z -0.3406 -0.8988  0.2760

PART 12
OFFSET  17.9823  2.7321 -11.6263
X  0.9823 -0.1329 -0.1317
Y  0.1515  0.1520  0.9767
Z -0.1098 -0.9794  0.1694

PART 13
OFFSET  19.5468  2.3988 -11.8782
X  0.4778 -0.3274 -0.8152
Y  0.8489 -0.0668  0.5244
Z -0.2261 -0.9425  0.2460

PART 14
OFFSET  20.0676  2.0005 -12.7396
X  0.6729  0.3500 -0.6517
Y -0.3582  0.9250  0.1270
Z  0.6473  0.1480  0.7478

PART 15
OFFSET  17.7199  2.2070 -15.0485
X  0.9398  0.1132 -0.3224
Y  0.2812 -0.7923  0.5415
Z -0.1941 -0.5996 -0.7764

PART 16
OFFSET  19.8942  2.4516 -15.5934
X  0.7590 -0.3132  0.5708
Y -0.6460 -0.4719  0.6000
Z  0.0814 -0.8241 -0.5605

PART 17
OFFSET  20.9688  2.0081 -14.7853
X -0.5422 -0.5226  0.6579
Y -0.8293  0.2068 -0.5192
Z  0.1353 -0.8271 -0.5455

PART 18
OFFSET  20.4881  1.5447 -14.2020
X -0.9696 -0.2019  0.1383
Y -0.2297  0.5554 -0.7993
Z  0.0845 -0.8067 -0.5849

PART 19
OFFSET  19.5669  1.3529 -14.0706
X  0.8735 -0.0776  0.4805
Y  0.4612  0.4472 -0.7663
Z -0.1555  0.8910  0.4265

PART 20
OFFSET  17.6076  2.7160 -14.5609
X  0.9397  0.3231 -0.1121
Y  0.3312 -0.7783  0.5335
Z  0.0852 -0.5385 -0.8383

PART 21
OFFSET  20.0519  3.4918 -14.9880
X  0.6703 -0.5383  0.5109
Y -0.7421 -0.4780  0.4699
Z -0.0087 -0.6941 -0.7198

PART 22
OFFSET  21.1930  2.5754 -14.1182
X -0.6691 -0.5344  0.5164
Y -0.7430  0.4670 -0.4794
Z  0.0150 -0.7045 -0.7095

PART 23
OFFSET  20.2657  1.8347 -13.4024
X -0.9810  0.1241 -0.1491
Y  0.1930  0.7019 -0.6856
Z  0.0196 -0.7013 -0.7126

PART 24
OFFSET  19.2017  1.9693 -13.5641
X  0.6945 -0.5372  0.4787
Y  0.7193  0.5334 -0.4450
Z -0.0163  0.6534  0.7568

PART 25
OFFSET  18.7362  4.2370 -12.3977
X  0.9772  0.1647  0.1341
Y -0.0825  0.8760 -0.4753
Z -0.1957  0.4534  0.8696

PART 26
OFFSET  19.4557  4.9424 -13.4773
X  0.8633 -0.3374  0.3753
Y -0.4823 -0.7704  0.4169
Z  0.1485 -0.5409 -0.8279

PART 27
OFFSET  20.9757  4.3483 -12.8165
X -0.4948 -0.8019  0.3349
Y -0.8398  0.3422 -0.4215
Z  0.2234 -0.4898 -0.8427

PART 28
OFFSET  20.3605  3.4032 -12.3582
X -0.9843 -0.1260 -0.1239
Y -0.0190  0.7727 -0.6344
Z  0.1757 -0.6221 -0.7630

PART 29
OFFSET  19.2488  3.2610 -12.4982
X  0.3870 -0.8316  0.3984
Y  0.9008  0.4333  0.0294
Z -0.1971  0.3475  0.9167

PART 30
OFFSET  19.8402  4.2711 -14.2661
X  0.7498 -0.4263  0.5059
Y -0.6424 -0.6522  0.4024
Z  0.1584 -0.6268 -0.7629

PART 31
OFFSET  21.3050  3.4382 -13.2777
X -0.6981 -0.6095  0.3756
Y -0.7059  0.4982 -0.5035
Z  0.1198 -0.6166 -0.7781

PART 32
OFFSET  20.2853  2.5479 -12.7291
X -0.9740  0.1093 -0.1982
Y  0.2025  0.8120 -0.5473
Z  0.1011 -0.5733 -0.8131

PART 33
OFFSET  19.1827  2.6671 -12.9590
X  0.6111 -0.5658  0.5536
Y  0.7873  0.5068 -0.3511
Z -0.0819  0.6504  0.7552

PART 34
OFFSET  19.5614  2.3649 -13.6022
X  0.0532 -0.5911 -0.8048
Y -0.3324  0.7495 -0.5725
Z  0.9416  0.2979 -0.1566

PART 35
OFFSET  15.1961  4.1410 -14.2676
X  0.8675 -0.2651 -0.4210
Y  0.4274  0.8301  0.3581
Z  0.2546 -0.4905  0.8334

PART 36
OFFSET  14.1104  3.0064 -14.8738
X  0.8675 -0.2651 -0.4210
Y  0.4274  0.8301  0.3581
Z  0.2546 -0.4905  0.8334

PART 37
OFFSET  16.2214  2.6365 -12.4179
X  0.8675 -0.2651 -0.4210
Y  0.4274  0.8301  0.3581
Z  0.2546 -0.4905  0.8334

PART 38
OFFSET  15.6133  1.4660 -12.6857
X  0.8675 -0.2651 -0.4210
Y  0.4274  0.8301  0.3581
Z  0.2546 -0.4905  0.8334

PART 39
OFFSET  14.7839  1.5518 -13.5462
X  0.8675 -0.2651 -0.4210
Y  0.4274  0.8301  0.3581
Z  0.2546 -0.4905  0.8334

PART 40
OFFSET  10.7208 -1.2765 -7.5804
X  0.7570  0.5117 -0.4063
Y -0.6468  0.4986 -0.5771
Z -0.0927  0.6997  0.7084

PART 41
OFFSET  10.7208 -1.2765 -7.5804
X  0.7570  0.5117 -0.4063
Y -0.6468  0.4986 -0.5771
Z -0.0927  0.6997  0.7084

PART 42
OFFSET  13.8736  1.0815 -9.1026
X  0.7570  0.5117 -0.4063
Y -0.6468  0.4986 -0.5771
Z -0.0927  0.6997  0.7084

PART 43
OFFSET  16.0685  3.1449 -8.3038
X  0.7570  0.5117 -0.4063
Y -0.6468  0.4986 -0.5771
Z -0.0927  0.6997  0.7084

PART 44
OFFSET -3.5060 -7.9373 -3.1869
X -0.3277  0.0031  0.9448
Y -0.3582 -0.9257 -0.1212
Z  0.8742 -0.3782  0.3045

PART 45
OFFSET  0.4570 -7.9753 -14.6130
X -0.6900 -0.1325 -0.7116
Y  0.7106  0.0626 -0.7008
Z  0.1374 -0.9892  0.0510

PART 46
OFFSET  6.3259 -6.8483 -8.5608
X -0.6900 -0.1325 -0.7116
Y  0.6929  0.1632 -0.7023
Z  0.2092 -0.9777 -0.0208

PART 47
OFFSET  6.6354 -5.5717 -7.0776
X -0.6946 -0.1302 -0.7075
Y -0.1457  0.9886 -0.0389
Z  0.7045  0.0761 -0.7056

PART 48
OFFSET  6.3019 -6.1808 -6.1010
X -0.6946 -0.1302 -0.7075
Y -0.1457  0.9886 -0.0389
Z  0.7045  0.0761 -0.7056

PART 49
OFFSET  6.7059 -7.4644 -6.1138
X -0.6946 -0.1302 -0.7075
Y -0.1457  0.9886 -0.0389
Z  0.7045  0.0761 -0.7056

PART 50
OFFSET  8.4413 -6.4421 -6.3794
X -0.6066 -0.7425  0.2840
Y  0.4179 -0.6017 -0.6807
Z  0.6763 -0.2942  0.6753

PART 51
OFFSET  8.0332 -5.4066 -6.1275
X  0.1113 -0.9710  0.2117
Y  0.3794 -0.1554 -0.9121
Z  0.9185  0.1819  0.3511

PART 52
OFFSET  7.7040 -3.3059 -6.5129
X -0.4816 -0.4593  0.7464
Y  0.3435 -0.8825 -0.3214
Z  0.8063  0.1016  0.5827

PART 53
OFFSET  8.4116 -2.6285 -7.8024
X -0.4685  0.3079  0.8281
Y -0.0549 -0.9457  0.3205
Z  0.8818  0.1047  0.4599

PART 54
OFFSET  8.8788 -2.9501 -8.7244
X -0.9236 -0.0349  0.3819
Y -0.3828  0.0257 -0.9235
Z  0.0224 -0.9991 -0.0371

PART 55
OFFSET  9.2653 -6.3986 -7.4850
X -0.5528 -0.4503  0.7011
Y  0.8206 -0.1478  0.5521
Z -0.1450  0.8806  0.4512

PART 56
OFFSET  10.3857 -5.2405 -9.0624
X  0.5548 -0.5015  0.6639
Y  0.8233  0.2158 -0.5249
Z  0.1199  0.8378  0.5326

PART 57
OFFSET  9.6003 -4.5304 -10.0023
X  0.9894 -0.0624 -0.1313
Y -0.0698  0.5886 -0.8054
Z  0.1275  0.8060  0.5780

PART 58
OFFSET  8.7231 -4.4752 -9.8859
X  0.5188  0.3995 -0.7558
Y -0.8473  0.3579 -0.3925
Z  0.1137  0.8440  0.5242

PART 59
OFFSET  8.2302 -4.8547 -9.1678
X  0.1186 -0.6523  0.7487
Y -0.9592  0.1197  0.2563
Z -0.2568 -0.7485 -0.6114

PART 60
OFFSET  9.2155 -5.8765 -7.0008
X -0.5794 -0.5903  0.5620
Y  0.7695 -0.1688  0.6160
Z -0.2688  0.7893  0.5520

PART 61
OFFSET  10.7761 -4.4653 -8.5277
X  0.5126 -0.4258  0.7457
Y  0.8563  0.1897 -0.4803
Z  0.0631  0.8847  0.4618

PART 62
OFFSET  9.9035 -3.7405 -9.7972
X  0.9548  0.0830 -0.2855
Y -0.2891  0.4833 -0.8263
Z  0.0694  0.8715  0.4855

PART 63
OFFSET  8.5802 -3.8555 -9.4016
X  0.3595  0.4358 -0.8252
Y -0.9310  0.2278 -0.2853
Z  0.0636  0.8708  0.4876

PART 64
OFFSET  8.1904 -4.3281 -8.5067
X  0.2404 -0.4443  0.8630
Y -0.9706 -0.1008  0.2185
Z -0.0101 -0.8902 -0.4555

PART 65
OFFSET  5.9257 -9.1814 -4.2598
X -0.4635 -0.6641  0.5866
Y -0.8065  0.0420 -0.5897
Z  0.3670 -0.7465 -0.5551

PART 66
OFFSET  10.7411 -3.2043 -6.7217
X -0.6135 -0.6264  0.4810
Y  0.7605 -0.3043  0.5736
Z -0.2129  0.7177  0.6630

PART 67
OFFSET  11.8212 -2.1015 -7.5685
X -0.5898 -0.6314  0.5035
Y  0.7676 -0.2447  0.5924
Z -0.2509  0.7359  0.6289

PART 68
OFFSET  12.5230 -1.2892 -8.1424
X -0.5671 -0.6824  0.4612
Y  0.7761 -0.2552  0.5766
Z -0.2757  0.6849  0.6744

PART 69
OFFSET  13.1635 -0.5184 -8.6633
X -0.5936  0.6452 -0.4810
Y  0.8048  0.4768 -0.3536
Z  0.0012 -0.5969 -0.8023

PART 70
OFFSET  11.0084 -3.8835 -7.5510
X  0.3896 -0.4530  0.8019
Y  0.9133  0.3025 -0.2728
Z -0.1190  0.8386  0.5315

PART 71
OFFSET  10.2474 -2.9985 -9.1175
X  0.9894  0.1445 -0.0144
Y -0.0839  0.4879 -0.8689
Z -0.1185  0.8609  0.4948

PART 72
OFFSET  8.8022 -3.2095 -9.0965
X  0.4436  0.4651 -0.7661
Y -0.8838  0.0850 -0.4602
Z -0.1489  0.8812  0.4488

PART 73
OFFSET  8.3002 -3.7425 -8.2323
X  0.2338 -0.4672  0.8526
Y -0.9703 -0.1680  0.1740
Z  0.0619 -0.8680 -0.4927

PART 74
OFFSET  6.6353 -5.5717 -7.0775
X -0.6946 -0.1302 -0.7075
Y -0.1457  0.9886 -0.0389
Z  0.7045  0.0761 -0.7056

PART 75
OFFSET  6.3018 -6.1806 -6.1010
X -0.6946 -0.1302 -0.7075
Y -0.1457  0.9886 -0.0389
Z  0.7045  0.0761 -0.7056

PART 76
OFFSET  6.7060 -7.4644 -6.1139
X -0.6946 -0.1302 -0.7075
Y -0.1457  0.9886 -0.0389
Z  0.7045  0.0761 -0.7056

PART 77
OFFSET  0.0000 -0.0000 -0.0000
X  1.0000 -0.0000  0.0000
Y  0.0000  1.0000  0.0000
Z  0.0000 -0.0000  1.0000

PART 78
OFFSET  0.0000 -0.0000 -0.0000
X  1.0000 -0.0000  0.0000
Y  0.0000  1.0000  0.0000
Z  0.0000 -0.0000  1.0000

PART 79
OFFSET  1.5404 -0.0000  4.1357
X  1.0000 -0.0000  0.0000
Y  0.0000  1.0000  0.0000
Z  0.0000 -0.0000  1.0000


FRAME 4001
PART 0
OFFSET  0.0000 -0.0000 -0.0000
X  1.0000 -0.0000  0.0000
Y  0.0000  1.0000  0.0000
Z  0.0000 -0.0000  1.0000

PART 1
OFFSET -4.6318 -0.0000 -1.3770
X  1.0000 -0.0000  0.0000
Y  0.0000  1.0000  0.0000
Z  0.0000 -0.0000  1.0000

PART 2
OFFSET -3.4367  7.9375 -4.0003
X  0.7830 -0.1158 -0.6112
Y -0.1331 -0.9910  0.0172
Z -0.6076  0.0679 -0.7913

PART 3
OFFSET  6.0328  6.5376 -11.3916
X  0.9024 -0.3458 -0.2572
Y  0.0760 -0.4598  0.8848
Z -0.4242 -0.8179 -0.3886

PART 4
OFFSET  13.7077  3.5962 -13.5793
X  0.9024 -0.3458 -0.2572
Y  0.4274  0.6414  0.6371
Z -0.0554 -0.6848  0.7266

PART 5
OFFSET  15.7641  4.6927 -13.9591
X  0.9031 -0.3408 -0.2614
Y  0.4205  0.8254  0.3766
Z  0.0875 -0.4500  0.8887

PART 6
OFFSET  14.2176  3.2254 -15.2348
X  0.9031 -0.3408 -0.2614
Y  0.4205  0.8254  0.3766
Z  0.0875 -0.4500  0.8887

PART 7
OFFSET  15.8882  2.8929 -12.4557
X  0.9031 -0.3408 -0.2614
Y  0.4205  0.8254  0.3766
Z  0.0875 -0.4500  0.8887

PART 8
OFFSET  15.2527  1.7445 -12.7539
X  0.9031 -0.3408 -0.2614
Y  0.4205  0.8254  0.3766
Z  0.0875 -0.4500  0.8887

PART 9
OFFSET  14.5760  1.8225 -13.7396
X  0.9031 -0.3408 -0.2614
Y  0.4205  0.8254  0.3766
Z  0.0875 -0.4500  0.8887

PART 10
OFFSET  16.4741  2.5360 -14.3678
X  0.8613  0.4881  0.1413
Y -0.3830  0.4409  0.8118
Z  0.3339 -0.7533  0.5666

PART 11
OFFSET  16.6290  2.8718 -13.2882
X  0.6516 -0.0180  0.7583
Y -0.6783  0.4336  0.5932
Z -0.3395 -0.9009  0.2703

PART 12
OFFSET  17.9486  2.8261 -11.5776
X  0.9822 -0.1313 -0.1344
Y  0.1531  0.1452  0.9775
Z -0.1088 -0.9806  0.1628

PART 13
OFFSET  19.5129  2.4956 -11.8346
X  0.4766 -0.3213 -0.8183
Y  0.8498 -0.0699  0.5224
Z -0.2250 -0.9444  0.2398

PART 14
OFFSET  20.0324  2.1037 -12.6996
X  0.6715  0.3550 -0.6504
Y -0.3586  0.9238  0.1341
Z  0.6485  0.1432  0.7476

PART 15
OFFSET  17.6804  2.3247 -15.0029
X  0.9392  0.1161 -0.3232
Y  0.2827 -0.7958  0.5355
Z -0.1951 -0.5943 -0.7803

PART 16
OFFSET  19.8537  2.5746 -15.5499
X  0.7602 -0.3167  0.5672
Y -0.6446 -0.4765  0.5979
Z  0.0810 -0.8201 -0.5664

PART 17
OFFSET  20.9300  2.1263 -14.7469
X -0.5407 -0.5276  0.6552
Y -0.8303  0.2098 -0.5162
Z  0.1349 -0.8232 -0.5516

PART 18
OFFSET  20.4506  1.6585 -14.1659
X -0.9692 -0.2035  0.1386
Y -0.2314  0.5608 -0.7949
Z  0.0840 -0.8025 -0.5906

PART 19
OFFSET  19.5298  1.4651 -14.0343
X  0.8744 -0.0803  0.4784
Y  0.4596  0.4529 -0.7640
Z -0.1553  0.8879  0.4330

PART 20
OFFSET  17.5687  2.8302 -14.5115
X  0.9393  0.3245 -0.1115
Y  0.3327 -0.7817  0.5275
Z  0.0840 -0.5325 -0.8422

PART 21
OFFSET  20.0117  3.6107 -14.9375
X  0.6715 -0.5414  0.5059
Y -0.7409 -0.4818  0.4679
Z -0.0095 -0.6890 -0.7247

PART 22
OFFSET  21.1550  2.6890 -14.0762
X -0.6678 -0.5385  0.5139
Y -0.7442  0.4698 -0.4748
Z  0.0143 -0.6995 -0.7145

PART 23
OFFSET  20.2294  1.9427 -13.3640
X -0.9814  0.1245 -0.1465
Y  0.1913  0.7069 -0.6810
Z  0.0188 -0.6963 -0.7175

PART 24
OFFSET  19.1651  2.0777 -13.5228
X  0.6957 -0.5400  0.4737
Y  0.7182  0.5370 -0.4425
Z -0.0154  0.6481  0.7614

PART 25
OFFSET  18.7001  4.3368 -12.3397
X  0.9773  0.1645  0.1335
Y -0.0839  0.8792 -0.4690
Z -0.1945  0.4471  0.8731

PART 26
OFFSET  19.4172  5.0502 -13.4157
X  0.8642 -0.3394  0.3714
Y -0.4811 -0.7737  0.4123
Z  0.1474 -0.5350 -0.8319

PART 27
OFFSET  20.9388  4.4526 -12.7617
X -0.4937 -0.8045  0.3301
Y -0.8408  0.3446 -0.4176
Z  0.2222 -0.4837 -0.8466

PART 28
OFFSET  20.3251  3.5039 -12.3090
X -0.9844 -0.1258 -0.1231
Y -0.0207  0.7772 -0.6290
Z  0.1747 -0.6166 -0.7676

PART 29
OFFSET  19.2132  3.3619 -12.4480
X  0.3883 -0.8341  0.3919
Y  0.9005  0.4337  0.0308
Z -0.1957  0.3410  0.9195

PART 30
OFFSET  19.8007  4.3848 -14.2098
X  0.7510 -0.4294  0.5016
Y -0.6412 -0.6555  0.3990
Z  0.1575 -0.6213 -0.7676

PART 31
OFFSET  21.2679  3.5460 -13.2299
X -0.6971 -0.6126  0.3725
Y -0.7071  0.5012 -0.4988
Z  0.1188 -0.6111 -0.7826

PART 32
OFFSET  20.2498  2.6512 -12.6857
X -0.9745  0.1100 -0.1957
Y  0.2010  0.8160 -0.5420
Z  0.1001 -0.5675 -0.8173

PART 33
OFFSET  19.1467  2.7712 -12.9128
X  0.6124 -0.5693  0.5485
Y  0.7864  0.5098 -0.3489
Z -0.0810  0.6450  0.7599

PART 34
OFFSET  19.5244  2.4737 -13.5588
X  0.0521 -0.5855 -0.8090
Y -0.3339  0.7533 -0.5666
Z  0.9412  0.2997 -0.1562

PART 35
OFFSET  15.2683  4.3322 -14.5246
X  0.9031 -0.3408 -0.2614
Y  0.4205  0.8254  0.3766
Z  0.0875 -0.4500  0.8887

PART 36
OFFSET  14.2176  3.2254 -15.2348
X  0.9031 -0.3408 -0.2614
Y  0.4205  0.8254  0.3766
Z  0.0875 -0.4500  0.8887

PART 37
OFFSET  15.8882  2.8929 -12.4557
X  0.9031 -0.3408 -0.2614
Y  0.4205  0.8254  0.3766
Z  0.0875 -0.4500  0.8887

PART 38
OFFSET  15.2527  1.7445 -12.7539
X  0.9031 -0.3408 -0.2614
Y  0.4205  0.8254  0.3766
Z  0.0875 -0.4500  0.8887

PART 39
OFFSET  14.5760  1.8225 -13.7396
X  0.9031 -0.3408 -0.2614
Y  0.4205  0.8254  0.3766
Z  0.0875 -0.4500  0.8887

PART 40
OFFSET  10.7071 -1.2552 -7.5467
X  0.7543  0.5177 -0.4039
Y -0.6501  0.5030 -0.5695
Z -0.0917  0.6921  0.7159

PART 41
OFFSET  10.7071 -1.2552 -7.5467
X  0.7543  0.5177 -0.4039
Y -0.6501  0.5030 -0.5695
Z -0.0917  0.6921  0.7159

PART 42
OFFSET  13.8486  1.1259 -9.0564
X  0.7543  0.5177 -0.4039
Y -0.6501  0.5030 -0.5695
Z -0.0917  0.6921  0.7159

PART 43
OFFSET  16.0416  3.1862 -8.2447
X  0.7543  0.5177 -0.4039
Y -0.6501  0.5030 -0.5695
Z -0.0917  0.6921  0.7159

PART 44
OFFSET -3.5311 -7.9373 -3.1869
X -0.3288  0.0032  0.9444
Y -0.3580 -0.9258 -0.1215
Z  0.8739 -0.3780  0.3055

PART 45
OFFSET  0.4450 -7.9756 -14.6085
X -0.6913 -0.1329 -0.7102
Y  0.7093  0.0623 -0.7021
Z  0.1375 -0.9892  0.0512

PART 46
OFFSET  6.3249 -6.8455 -8.5676
X -0.6913 -0.1329 -0.7102
Y  0.6900  0.1701 -0.7035
Z  0.2143 -0.9764 -0.0259

PART 47
OFFSET  6.6371 -5.5682 -7.0856
X -0.6959 -0.1305 -0.7062
Y -0.1457  0.9886 -0.0391
Z  0.7032  0.0757 -0.7070

PART 48
OFFSET  6.3054 -6.1768 -6.1081
X -0.6959 -0.1305 -0.7062
Y -0.1457  0.9886 -0.0391
Z  0.7032  0.0757 -0.7070

PART 49
OFFSET  6.7094 -7.4604 -6.1210
X -0.6959 -0.1305 -0.7062
Y -0.1457  0.9886 -0.0391
Z  0.7032  0.0757 -0.7070

PART 50
OFFSET  8.4442 -6.4382 -6.3902
X -0.6038 -0.7469  0.2786
Y  0.4167 -0.5937 -0.6884
Z  0.6796 -0.2995  0.6697

PART 51
OFFSET  8.0347 -5.4063 -6.1262
X  0.1144 -0.9728  0.2013
Y  0.3763 -0.1451 -0.9151
Z  0.9194  0.1804  0.3495

PART 52
OFFSET  7.6991 -3.3026 -6.4888
X -0.4776 -0.4681  0.7435
Y  0.3443 -0.8783 -0.3317
Z  0.8083  0.0975  0.5807

PART 53
OFFSET  8.4002 -2.6103 -7.7738
X -0.4661  0.2982  0.8330
Y -0.0515 -0.9490  0.3109
Z  0.8832  0.1020  0.4577

PART 54
OFFSET  8.8647 -2.9213 -8.7008
X -0.9220 -0.0410  0.3850
Y -0.3864  0.0343 -0.9217
Z  0.0246 -0.9986 -0.0475

PART 55
OFFSET  9.2640 -6.3814 -7.4985
X -0.5491 -0.4588  0.6986
Y  0.8230 -0.1515  0.5474
Z -0.1453  0.8755  0.4608

PART 56
OFFSET  10.3757 -5.2044 -9.0680
X  0.5584 -0.5069  0.6566
Y  0.8208  0.2232 -0.5258
Z  0.1200  0.8326  0.5407

PART 57
OFFSET  9.5851 -4.4867 -9.9977
X  0.9890 -0.0586 -0.1357
Y -0.0742  0.5967 -0.7990
Z  0.1278  0.8003  0.5858

PART 58
OFFSET  8.7082 -4.4347 -9.8773
X  0.5150  0.4085 -0.7536
Y -0.8496  0.3598 -0.3856
Z  0.1137  0.8388  0.5324

PART 59
OFFSET  8.2189 -4.8228 -9.1614
X  0.1230 -0.6596  0.7415
Y -0.9585  0.1148  0.2611
Z -0.2574 -0.7428 -0.6181

PART 60
OFFSET  9.2147 -5.8644 -7.0087
X -0.5759 -0.5974  0.5580
Y  0.7722 -0.1733  0.6113
Z -0.2685  0.7830  0.5611

PART 61
OFFSET  10.7663 -4.4339 -8.5269
X  0.5164 -0.4322  0.7393
Y  0.8541  0.1966 -0.4816
Z  0.0628  0.8801  0.4706

PART 62
OFFSET  9.8872 -3.6981 -9.7856
X  0.9535  0.0882 -0.2882
Y -0.2933  0.4911 -0.8202
Z  0.0692  0.8666  0.4941

PART 63
OFFSET  8.5657 -3.8204 -9.3862
X  0.3553  0.4451 -0.8220
Y -0.9326  0.2285 -0.2794
Z  0.0634  0.8659  0.4963

PART 64
OFFSET  8.1803 -4.3030 -8.4947
X  0.2447 -0.4526  0.8575
Y -0.9695 -0.1053  0.2211
Z -0.0098 -0.8855 -0.4646

PART 65
OFFSET  5.9432 -9.2051 -4.2895
X -0.4597 -0.6712  0.5815
Y -0.8089  0.0461 -0.5862
Z  0.3666 -0.7399 -0.5641

PART 66
OFFSET  10.7351 -3.1915 -6.7079
X -0.6102 -0.6327  0.4768
Y  0.7633 -0.3084  0.5676
Z -0.2121  0.7103  0.6712

PART 67
OFFSET  11.8095 -2.0775 -7.5474
X -0.5864 -0.6379  0.4992
Y  0.7704 -0.2489  0.5870
Z -0.2502  0.7288  0.6374

PART 68
OFFSET  12.5072 -1.2578 -8.1155
X -0.5637 -0.6885  0.4563
Y  0.7789 -0.2593  0.5710
Z -0.2748  0.6773  0.6824

PART 69
OFFSET  13.1439 -0.4801 -8.6309
X -0.5969  0.6487 -0.4721
Y  0.8023  0.4824 -0.3517
Z -0.0004 -0.5886 -0.8084

PART 70
OFFSET  11.0009 -3.8616 -7.5451
X  0.3937 -0.4603  0.7957
Y  0.9115  0.3075 -0.2731
Z -0.1189  0.8328  0.5406

PART 71
OFFSET  10.2319 -2.9624 -9.0996
X  0.9890  0.1469 -0.0167
Y -0.0883  0.4966 -0.8635
Z -0.1186  0.8555  0.5041

PART 72
OFFSET  8.7873 -3.1770 -9.0753
X  0.4396  0.4740 -0.7629
Y -0.8857  0.0876 -0.4559
Z -0.1493  0.8761  0.4583

PART 73
OFFSET  8.2899 -3.7200 -8.2148
X  0.2381 -0.4754  0.8469
Y -0.9692 -0.1721  0.1759
Z  0.0621 -0.8628 -0.5018

PART 74
OFFSET  6.6370 -5.5681 -7.0855
X -0.6959 -0.1305 -0.7062
Y -0.1457  0.9886 -0.0391
Z  0.7032  0.0757 -0.7070

PART 75
OFFSET  6.3053 -6.1766 -6.1081
X -0.6959 -0.1305 -0.7062
Y -0.1457  0.9886 -0.0391
Z  0.7032  0.0757 -0.7070

PART 76
OFFSET  6.7094 -7.4604 -6.1211
X -0.6959 -0.1305 -0.7062
Y -0.1457  0.9886 -0.0391
Z  0.7032  0.0757 -0.7070

PART 77
OFFSET  0.0000 -0.0000 -0.0000
X  1.0000 -0.0000  0.0000
Y  0.0000  1.0000  0.0000
Z  0.0000 -0.0000  1.0000

PART 78
OFFSET -0.0000 -0.0000 -0.0000
X  1.0000  0.0000 -0.0015
Y  0.0000  1.0000  0.0030
Z  0.0015 -0.0030  1.0000

PART 79
OFFSET  1.5468 -0.0126  4.1333
X  1.0000  0.0000 -0.0015
Y  0.0000  1.0000  0.0030
Z  0.0015 -0.0030  1.0000


FRAME 4002
PART 0
OFFSET  0.0000 -0.0000 -0.0000
X  1.0000 -0.0000  0.0000
Y  0.0000  1.0000  0.0000
Z  0.0000 -0.0000  1.0000

PART 1
OFFSET -4.6318 -0.0000 -1.3770
X  1.0000 -0.0000  0.0000
Y  0.0000  1.0000  0.0000
Z  0.0000 -0.0000  1.0000

PART 2
OFFSET -3.2467  7.9382 -5.8645
X  0.7554 -0.0150 -0.6551
Y -0.0765 -0.9949 -0.0654
Z -0.6508  0.0995 -0.7527

PART 3
OFFSET  5.8890  7.7562 -13.7872
X  0.9040 -0.4258 -0.0376
Y -0.1571 -0.4127  0.8972
Z -0.3976 -0.8052 -0.4400

PART 4
OFFSET  13.5780  4.1342 -14.1067
X  0.9040 -0.4258 -0.0376
Y  0.3234  0.6238  0.7115
Z -0.2795 -0.6553  0.7017

PART 5
OFFSET  15.7533  5.0519 -14.0659
X  0.9060 -0.4212 -0.0417
Y  0.3972  0.8123  0.4271
Z -0.1460 -0.4036  0.9032

PART 6
OFFSET  14.4017  3.6324 -15.5927
X  0.9060 -0.4212 -0.0417
Y  0.3972  0.8123  0.4271
Z -0.1460 -0.4036  0.9032

PART 7
OFFSET  15.3950  3.3369 -12.5021
X  0.9060 -0.4212 -0.0417
Y  0.3972  0.8123  0.4271
Z -0.1460 -0.4036  0.9032

PART 8
OFFSET  14.7444  2.2236 -12.8876
X  0.9060 -0.4212 -0.0417
Y  0.3972  0.8123  0.4271
Z -0.1460 -0.4036  0.9032

PART 9
OFFSET  14.3068  2.2948 -14.0007
X  0.9060 -0.4212 -0.0417
Y  0.3972  0.8123  0.4271
Z -0.1460 -0.4036  0.9032

PART 10
OFFSET  16.3495  2.8287 -14.2219
X  0.8604  0.4881  0.1464
Y -0.3778  0.4181  0.8262
Z  0.3420 -0.7662  0.5441

PART 11
OFFSET  16.5124  3.1372 -13.1353
X  0.6583 -0.0347  0.7520
Y -0.6750  0.4151  0.6100
Z -0.3333 -0.9091  0.2499

PART 12
OFFSET  17.8470  3.0532 -11.4378
X  0.9815 -0.1234 -0.1462
Y  0.1610  0.1206  0.9795
Z -0.1032 -0.9850  0.1383

PART 13
OFFSET  19.4104  2.7366 -11.7168
X  0.4708 -0.2980 -0.8304
Y  0.8547 -0.0795  0.5131
Z -0.2189 -0.9513  0.2172

PART 14
OFFSET  19.9240  2.3694 -12.5961
X  0.6643  0.3747 -0.6468
Y -0.3613  0.9184  0.1610
Z  0.6544  0.1268  0.7455

PART 15
OFFSET  17.5512  2.6393 -14.8726
X  0.9358  0.1286 -0.3282
Y  0.2907 -0.8081  0.5122
Z -0.1993 -0.5748 -0.7937

PART 16
OFFSET  19.7185  2.9130 -15.4316
X  0.7665 -0.3278  0.5523
Y -0.6373 -0.4947  0.5909
Z  0.0795 -0.8049 -0.5881

PART 17
OFFSET  20.8036  2.4488 -14.6497
X -0.5327 -0.5468  0.6460
Y -0.8357  0.2194 -0.5035
Z  0.1336 -0.8080 -0.5738

PART 18
OFFSET  20.3313  1.9641 -14.0770
X -0.9671 -0.2114  0.1416
Y -0.2407  0.5801 -0.7782
Z  0.0823 -0.7866 -0.6119

PART 19
OFFSET  19.4126  1.7633 -13.9424
X  0.8789 -0.0887  0.4686
Y  0.4510  0.4746 -0.7559
Z -0.1553  0.8757  0.4571

PART 20
OFFSET  17.4416  3.1315 -14.3674
X  0.9369  0.3315 -0.1111
Y  0.3406 -0.7936  0.5042
Z  0.0790 -0.5102 -0.8564

PART 21
OFFSET  19.8774  3.9335 -14.7940
X  0.6782 -0.5512  0.4860
Y -0.7348 -0.4970  0.4616
Z -0.0129 -0.6701 -0.7421

PART 22
OFFSET  21.0320  2.9951 -13.9666
X -0.6610 -0.5546  0.5055
Y -0.7503  0.4786 -0.4561
Z  0.0110 -0.6808 -0.7324

PART 23
OFFSET  20.1159  2.2265 -13.2661
X -0.9831  0.1238 -0.1348
Y  0.1823  0.7251 -0.6641
Z  0.0155 -0.6775 -0.7354

PART 24
OFFSET  19.0497  2.3608 -13.4122
X  0.7021 -0.5489  0.4536
Y  0.7120  0.5515 -0.4346
Z -0.0116  0.6281  0.7780

PART 25
OFFSET  18.5854  4.5865 -12.1671
X  0.9777  0.1654  0.1293
Y -0.0917  0.8906 -0.4453
Z -0.1888  0.4236  0.8860

PART 26
OFFSET  19.2901  5.3307 -13.2304
X  0.8688 -0.3450  0.3551
Y -0.4742 -0.7862  0.3963
Z  0.1424 -0.5127 -0.8467

PART 27
OFFSET  20.8198  4.7232 -12.6052
X -0.4874 -0.8150  0.3134
Y -0.8458  0.3515 -0.4013
Z  0.2169 -0.4607 -0.8607

PART 28
OFFSET  20.2141  3.7604 -12.1719
X -0.9849 -0.1269 -0.1178
Y -0.0294  0.7930 -0.6085
Z  0.1707 -0.5958 -0.7848

PART 29
OFFSET  19.1017  3.6170 -12.3050
X  0.3952 -0.8422  0.3669
Y  0.8989  0.4368  0.0343
Z -0.1891  0.3162  0.9296

PART 30
OFFSET  19.6695  4.6877 -14.0447
X  0.7572 -0.4388  0.4839
Y -0.6349 -0.6684  0.3874
Z  0.1534 -0.6005 -0.7847

PART 31
OFFSET  21.1487  3.8304 -13.0995
X -0.6912 -0.6252  0.3626
Y -0.7135  0.5108 -0.4795
Z  0.1146 -0.5901 -0.7991

PART 32
OFFSET  20.1392  2.9173 -12.5699
X -0.9766  0.1107 -0.1844
Y  0.1928  0.8306 -0.5224
Z  0.0954 -0.5458 -0.8325

PART 33
OFFSET  19.0336  3.0382 -12.7843
X  0.6196 -0.5805  0.5283
Y  0.7811  0.5221 -0.3424
Z -0.0771  0.6248  0.7770

PART 34
OFFSET  19.4070  2.7592 -13.4410
X  0.0476 -0.5641 -0.8243
Y -0.3420  0.7662 -0.5441
Z  0.9385  0.3078 -0.1565

PART 35
OFFSET  15.3633  4.6973 -14.7123
X  0.9060 -0.4212 -0.0417
Y  0.3972  0.8123  0.4271
Z -0.1460 -0.4036  0.9032

PART 36
OFFSET  14.4017  3.6324 -15.5927
X  0.9060 -0.4212 -0.0417
Y  0.3972  0.8123  0.4271
Z -0.1460 -0.4036  0.9032

PART 37
OFFSET  15.3950  3.3369 -12.5021
X  0.9060 -0.4212 -0.0417
Y  0.3972  0.8123  0.4271
Z -0.1460 -0.4036  0.9032

PART 38
OFFSET  14.7444  2.2236 -12.8876
X  0.9060 -0.4212 -0.0417
Y  0.3972  0.8123  0.4271
Z -0.1460 -0.4036  0.9032

PART 39
OFFSET  14.3068  2.2948 -14.0007
X  0.9060 -0.4212 -0.0417
Y  0.3972  0.8123  0.4271
Z -0.1460 -0.4036  0.9032

PART 40
OFFSET  10.6674 -1.1978 -7.4526
X  0.7470  0.5336 -0.3966
Y -0.6589  0.5152 -0.5481
Z -0.0881  0.6707  0.7364

PART 41
OFFSET  10.6674 -1.1978 -7.4526
X  0.7470  0.5336 -0.3966
Y -0.6589  0.5152 -0.5481
Z -0.0881  0.6707  0.7364

PART 42
OFFSET  13.7792  1.2444 -8.9255
X  0.7470  0.5336 -0.3966
Y -0.6589  0.5152 -0.5481
Z -0.0881  0.6707  0.7364

PART 43
OFFSET  15.9689  3.2938 -8.0775
X  0.7470  0.5336 -0.3966
Y -0.6589  0.5152 -0.5481
Z -0.0881  0.6707  0.7364

PART 44
OFFSET -3.6042 -7.9373 -3.1869
X -0.3315  0.0032  0.9434
Y -0.3570 -0.9260 -0.1224
Z  0.8733 -0.3774  0.3081

PART 45
OFFSET  0.4050 -7.9754 -14.5969
X -0.6950 -0.1340 -0.7065
Y  0.7057  0.0615 -0.7059
Z  0.1380 -0.9891  0.0518

PART 46
OFFSET  6.3159 -6.8361 -8.5882
X -0.6950 -0.1340 -0.7065
Y  0.6821  0.1882 -0.7067
Z  0.2276 -0.9730 -0.0394

PART 47
OFFSET  6.6355 -5.5567 -7.1095
X -0.6995 -0.1316 -0.7024
Y -0.1462  0.9885 -0.0396
Z  0.6995  0.0749 -0.7107

PART 48
OFFSET  6.3091 -6.1641 -6.1295
X -0.6995 -0.1316 -0.7024
Y -0.1462  0.9885 -0.0396
Z  0.6995  0.0749 -0.7107

PART 49
OFFSET  6.7132 -7.4476 -6.1428
X -0.6995 -0.1316 -0.7024
Y -0.1462  0.9885 -0.0396
Z  0.6995  0.0749 -0.7107

PART 50
OFFSET  8.4464 -6.4254 -6.4224
X -0.5966 -0.7582  0.2633
Y  0.4128 -0.5712 -0.7094
Z  0.6882 -0.3145  0.6537

PART 51
OFFSET  8.0338 -5.4040 -6.1246
X  0.1221 -0.9775  0.1720
Y  0.3675 -0.1165 -0.9227
Z  0.9220  0.1758  0.3450

PART 52
OFFSET  7.6824 -3.2928 -6.4230
X -0.4671 -0.4921  0.7346
Y  0.3458 -0.8663 -0.3604
Z  0.8137  0.0857  0.5749

PART 53
OFFSET  8.3661 -2.5597 -7.6948
X -0.4590  0.2714  0.8460
Y -0.0428 -0.9579  0.2840
Z  0.8874  0.0942  0.4513

PART 54
OFFSET  8.8226 -2.8412 -8.6351
X -0.9177 -0.0576  0.3931
Y -0.3962  0.0584 -0.9163
Z  0.0298 -0.9966 -0.0764

PART 55
OFFSET  9.2542 -6.3319 -7.5369
X -0.5391 -0.4819  0.6907
Y  0.8296 -0.1622  0.5343
Z -0.1455  0.8611  0.4872

PART 56
OFFSET  10.3426 -5.1037 -9.0834
X  0.5682 -0.5222  0.6360
Y  0.8140  0.2431 -0.5276
Z  0.1209  0.8174  0.5632

PART 57
OFFSET  9.5382 -4.3644 -9.9838
X  0.9879 -0.0488 -0.1475
Y -0.0860  0.6189 -0.7807
Z  0.1294  0.7839  0.6072

PART 58
OFFSET  8.6624 -4.3211 -9.8530
X  0.5048  0.4330 -0.7468
Y -0.8556  0.3656 -0.3663
Z  0.1144  0.8239  0.5551

PART 59
OFFSET  8.1828 -4.7325 -9.1435
X  0.1345 -0.6799  0.7209
Y -0.9563  0.1015  0.2742
Z -0.2596 -0.7263 -0.6365

PART 60
OFFSET  9.2072 -5.8295 -7.0320
X -0.5666 -0.6167  0.5465
Y  0.7795 -0.1861  0.5981
Z -0.2671  0.7649  0.5862

PART 61
OFFSET  10.7345 -4.3467 -8.5244
X  0.5266 -0.4501  0.7212
Y  0.8478  0.2155 -0.4845
Z  0.0627  0.8666  0.4951

PART 62
OFFSET  9.8380 -3.5804 -9.7523
X  0.9499  0.1022 -0.2954
Y -0.3047  0.5127 -0.8027
Z  0.0694  0.8525  0.5181

PART 63
OFFSET  8.5215 -3.7220 -9.3429
X  0.3441  0.4706 -0.8125
Y -0.9368  0.2308 -0.2631
Z  0.0637  0.8516  0.5203

PART 64
OFFSET  8.1483 -4.2324 -8.4618
X  0.2563 -0.4755  0.8415
Y -0.9666 -0.1175  0.2280
Z -0.0096 -0.8718 -0.4897

PART 65
OFFSET  5.9834 -9.2665 -4.3764
X -0.4498 -0.6903  0.5667
Y -0.8152  0.0581 -0.5762
Z  0.3649 -0.7211 -0.5889

PART 66
OFFSET  10.7153 -3.1573 -6.6701
X -0.6015 -0.6498  0.4647
Y  0.7710 -0.3200  0.5506
Z -0.2091  0.6895  0.6935

PART 67
OFFSET  11.7744 -2.0132 -7.4883
X -0.5775 -0.6555  0.4866
Y  0.7779 -0.2610  0.5716
Z -0.2477  0.7087  0.6607

PART 68
OFFSET  12.4614 -1.1733 -8.0398
X -0.5550 -0.7047  0.4421
Y  0.7863 -0.2709  0.5553
Z -0.2715  0.6558  0.7044

PART 69
OFFSET  13.0883 -0.3773 -8.5391
X -0.6055  0.6584 -0.4470
Y  0.7958  0.4971 -0.3459
Z -0.0055 -0.5652 -0.8249

PART 70
OFFSET  10.9761 -3.8014 -7.5290
X  0.4046 -0.4805  0.7781
Y  0.9068  0.3206 -0.2735
Z -0.1180  0.8163  0.5655

PART 71
OFFSET  10.1857 -2.8626 -9.0490
X  0.9879  0.1533 -0.0226
Y -0.1002  0.5206 -0.8479
Z -0.1182  0.8399  0.5297

PART 72
OFFSET  8.7427 -3.0865 -9.0159
X  0.4289  0.4984 -0.7535
Y -0.8909  0.0953 -0.4441
Z -0.1495  0.8617  0.4849

PART 73
OFFSET  8.2574 -3.6570 -8.1663
X  0.2497 -0.4981  0.8304
Y -0.9663 -0.1829  0.1809
Z  0.0618 -0.8476 -0.5270

PART 74
OFFSET  6.6355 -5.5567 -7.1094
X -0.6995 -0.1316 -0.7024
Y -0.1462  0.9885 -0.0396
Z  0.6995  0.0749 -0.7107

PART 75
OFFSET  6.3090 -6.1639 -6.1294
X -0.6995 -0.1316 -0.7024
Y -0.1462  0.9885 -0.0396
Z  0.6995  0.0749 -0.7107

PART 76
OFFSET  6.7133 -7.4476 -6.1429
X -0.6995 -0.1316 -0.7024
Y -0.1462  0.9885 -0.0396
Z  0.6995  0.0749 -0.7107

PART 77
OFFSET  0.0000 -0.0000 -0.0000
X  1.0000 -0.0000  0.0000
Y  0.0000  1.0000  0.0000
Z  0.0000 -0.0000  1.0000

PART 78
OFFSET -0.0000 -0.0000 -0.0000
X  1.0000  0.0000 -0.0057
Y  0.0001  0.9999  0.0113
Z  0.0057 -0.0113  0.9999

PART 79
OFFSET  1.5641 -0.0466  4.1266
X  1.0000  0.0000 -0.0057
Y  0.0001  0.9999  0.0113
Z  0.0057 -0.0113  0.9999


FRAME 4003
PART 0
OFFSET  0.0000 -0.0000 -0.0000
X  1.0000 -0.0000  0.0000
Y  0.0000  1.0000  0.0000
Z  0.0000 -0.0000  1.0000

PART 1
OFFSET -4.6318 -0.0000 -1.3770
X  1.0000 -0.0000  0.0000
Y  0.0000  1.0000  0.0000
Z  0.0000 -0.0000  1.0000

PART 2
OFFSET -2.9627  7.9392 -7.9155
X  0.7574  0.0776 -0.6484
Y -0.0242 -0.9889 -0.1466
Z -0.6525  0.1268 -0.7471

PART 3
OFFSET  6.1968  8.8777 -15.7567
X  0.8606 -0.4857  0.1533
Y -0.3667 -0.3821  0.8482
Z -0.3534 -0.7862 -0.5070

PART 4
OFFSET  13.5163  4.7464 -14.4532
X  0.8606 -0.4857  0.1533
Y  0.1794  0.5707  0.8014
Z -0.4767 -0.6621  0.5782

PART 5
OFFSET  15.6949  5.5180 -13.9699
X  0.8637 -0.4813  0.1496
Y  0.3562  0.7929  0.4943
Z -0.3565 -0.3736  0.8563

PART 6
OFFSET  14.5914  4.1594 -15.7331
X  0.8637 -0.4813  0.1496
Y  0.3562  0.7929  0.4943
Z -0.3565 -0.3736  0.8563

PART 7
OFFSET  14.9041  3.8643 -12.5019
X  0.8637 -0.4813  0.1496
Y  0.3562  0.7929  0.4943
Z -0.3565 -0.3736  0.8563

PART 8
OFFSET  14.2710  2.7887 -13.0057
X  0.8637 -0.4813  0.1496
Y  0.3562  0.7929  0.4943
Z -0.3565 -0.3736  0.8563

PART 9
OFFSET  14.0780  2.8653 -14.1858
X  0.8637 -0.4813  0.1496
Y  0.3562  0.7929  0.4943
Z -0.3565 -0.3736  0.8563

PART 10
OFFSET  16.1545  3.2573 -13.9834
X  0.8595  0.4873  0.1542
Y -0.3682  0.3809  0.8481
Z  0.3546 -0.7857  0.5068

PART 11
OFFSET  16.3314  3.5215 -12.8874
X  0.6694 -0.0614  0.7404
Y -0.6685  0.3850  0.6363
Z -0.3241 -0.9209  0.2166

PART 12
OFFSET  17.6912  3.3762 -11.2142
X  0.9800 -0.1107 -0.1652
Y  0.1746  0.0810  0.9813
Z -0.0952 -0.9906  0.0987

PART 13
OFFSET  19.2522  3.0818 -11.5284
X  0.4604 -0.2601 -0.8487
Y  0.8625 -0.0950  0.4970
Z -0.2099 -0.9609  0.1806

PART 14
OFFSET  19.7552  2.7548 -12.4295
X  0.6525  0.4056 -0.6401
Y -0.3645  0.9085  0.2042
Z  0.6644  0.1001  0.7406

PART 15
OFFSET  17.3477  3.1030 -14.6586
X  0.9301  0.1484 -0.3360
Y  0.3031 -0.8267  0.4740
Z -0.2074 -0.5427 -0.8139

PART 16
OFFSET  19.5049  3.4140 -15.2368
X  0.7765 -0.3453  0.5272
Y -0.6256 -0.5230  0.5789
Z  0.0758 -0.7793 -0.6221

PART 17
OFFSET  20.6042  2.9251 -14.4904
X -0.5199 -0.5766  0.6303
Y -0.8443  0.2345 -0.4819
Z  0.1301 -0.7827 -0.6087

PART 18
OFFSET  20.1432  2.4139 -13.9316
X -0.9636 -0.2235  0.1466
Y -0.2556  0.6102 -0.7499
Z  0.0781 -0.7600 -0.6452

PART 19
OFFSET  19.2278  2.2016 -13.7923
X  0.8862 -0.1022  0.4519
Y  0.4370  0.5085 -0.7419
Z -0.1539  0.8550  0.4953

PART 20
OFFSET  17.2426  3.5730 -14.1318
X  0.9331  0.3420 -0.1107
Y  0.3527 -0.8115  0.4658
Z  0.0695 -0.4737 -0.8779

PART 21
OFFSET  19.6669  4.4083 -14.5597
X  0.6886 -0.5664  0.4529
Y -0.7249 -0.5206  0.4510
Z -0.0197 -0.6389 -0.7691

PART 22
OFFSET  20.8392  3.4441 -13.7886
X -0.6502 -0.5794  0.4915
Y -0.7598  0.4921 -0.4250
Z  0.0044 -0.6497 -0.7602

PART 23
OFFSET  19.9381  2.6410 -13.1075
X -0.9857  0.1227 -0.1154
Y  0.1682  0.7532 -0.6360
Z  0.0088 -0.6463 -0.7630

PART 24
OFFSET  18.8691  2.7742 -13.2326
X  0.7119 -0.5626  0.4203
Y  0.7022  0.5738 -0.4215
Z -0.0040  0.5952  0.8035

PART 25
OFFSET  18.4095  4.9433 -11.8896
X  0.9785  0.1664  0.1220
Y -0.1036  0.9077 -0.4066
Z -0.1784  0.3852  0.9054

PART 26
OFFSET  19.0941  5.7355 -12.9311
X  0.8760 -0.3537  0.3280
Y -0.4636 -0.8051  0.3701
Z  0.1332 -0.4762 -0.8692

PART 27
OFFSET  20.6364  5.1129 -12.3537
X -0.4778 -0.8305  0.2863
Y -0.8537  0.3622 -0.3742
Z  0.2071 -0.4232 -0.8821

PART 28
OFFSET  20.0430  4.1289 -11.9521
X -0.9857 -0.1285 -0.1088
Y -0.0431  0.8174 -0.5745
Z  0.1628 -0.5616 -0.8112

PART 29
OFFSET  18.9296  3.9837 -12.0750
X  0.4056 -0.8540  0.3259
Y  0.8967  0.4410  0.0395
Z -0.1775  0.2762  0.9446

PART 30
OFFSET  19.4655  5.1294 -13.7767
X  0.7668 -0.4534  0.4543
Y -0.6251 -0.6881  0.3684
Z  0.1456 -0.5665 -0.8111

PART 31
OFFSET  20.9635  4.2436 -12.8892
X -0.6820 -0.6442  0.3462
Y -0.7236  0.5255 -0.4476
Z  0.1065 -0.5557 -0.8245

PART 32
OFFSET  19.9673  3.3026 -12.3836
X -0.9798  0.1117 -0.1657
Y  0.1801  0.8528 -0.4902
Z  0.0865 -0.5101 -0.8557

PART 33
OFFSET  18.8581  3.4249 -12.5770
X  0.6307 -0.5978  0.4948
Y  0.7729  0.5411 -0.3315
Z -0.0695  0.5915  0.8033

PART 34
OFFSET  19.2235  3.1758 -13.2500
X  0.0390 -0.5292 -0.8476
Y -0.3546  0.7857 -0.5068
Z  0.9342  0.3203 -0.1570

PART 35
OFFSET  15.4226  5.1765 -14.6803
X  0.8637 -0.4813  0.1496
Y  0.3562  0.7929  0.4943
Z -0.3565 -0.3736  0.8563

PART 36
OFFSET  14.5914  4.1594 -15.7331
X  0.8637 -0.4813  0.1496
Y  0.3562  0.7929  0.4943
Z -0.3565 -0.3736  0.8563

PART 37
OFFSET  14.9041  3.8643 -12.5019
X  0.8637 -0.4813  0.1496
Y  0.3562  0.7929  0.4943
Z -0.3565 -0.3736  0.8563

PART 38
OFFSET  14.2710  2.7887 -13.0057
X  0.8637 -0.4813  0.1496
Y  0.3562  0.7929  0.4943
Z -0.3565 -0.3736  0.8563

PART 39
OFFSET  14.0780  2.8653 -14.1858
X  0.8637 -0.4813  0.1496
Y  0.3562  0.7929  0.4943
Z -0.3565 -0.3736  0.8563

PART 40
OFFSET  10.6046 -1.1143 -7.3086
X  0.7366  0.5565 -0.3844
Y -0.6715  0.5335 -0.5144
Z -0.0812  0.6370  0.7666

PART 41
OFFSET  10.6046 -1.1143 -7.3086
X  0.7366  0.5565 -0.3844
Y -0.6715  0.5335 -0.5144
Z -0.0812  0.6370  0.7666

PART 42
OFFSET  13.6742  1.4152 -8.7214
X  0.7366  0.5565 -0.3844
Y -0.6715  0.5335 -0.5144
Z -0.0812  0.6370  0.7666

PART 43
OFFSET  15.8622  3.4429 -7.8186
X  0.7366  0.5565 -0.3844
Y -0.6715  0.5335 -0.5144
Z -0.0812  0.6370  0.7666

PART 44
OFFSET -3.7225 -7.9373 -3.1869
X -0.3353  0.0028  0.9421
Y -0.3552 -0.9266 -0.1237
Z  0.8726 -0.3761  0.3117

PART 45
OFFSET  0.3324 -7.9712 -14.5807
X -0.7006 -0.1358 -0.7005
Y  0.6999  0.0607 -0.7117
Z  0.1392 -0.9889  0.0525

PART 46
OFFSET  6.2912 -6.8162 -8.6225
X -0.7006 -0.1358 -0.7005
Y  0.6697  0.2138 -0.7112
Z  0.2463 -0.9674 -0.0588

PART 47
OFFSET  6.6218 -5.5338 -7.1488
X -0.7051 -0.1334 -0.6964
Y -0.1473  0.9883 -0.0403
Z  0.6936  0.0742 -0.7165

PART 48
OFFSET  6.3039 -6.1397 -6.1651
X -0.7051 -0.1334 -0.6964
Y -0.1473  0.9883 -0.0403
Z  0.6936  0.0742 -0.7165

PART 49
OFFSET  6.7089 -7.4229 -6.1793
X -0.7051 -0.1334 -0.6964
Y -0.1473  0.9883 -0.0403
Z  0.6936  0.0742 -0.7165

PART 50
OFFSET  8.4390 -6.3999 -6.4749
X -0.5866 -0.7738  0.2390
Y  0.4055 -0.5361 -0.7404
Z  0.7010 -0.3374  0.6283

PART 51
OFFSET  8.0237 -5.3959 -6.1259
X  0.1320 -0.9831  0.1268
Y  0.3534 -0.0729 -0.9326
Z  0.9261  0.1679  0.3378

PART 52
OFFSET  7.6521 -3.2765 -6.3253
X -0.4516 -0.5276  0.7195
Y  0.3463 -0.8468 -0.4036
Z  0.8223  0.0669  0.5652

PART 53
OFFSET  8.3097 -2.4828 -7.5742
X -0.4473  0.2302  0.8643
Y -0.0312 -0.9697  0.2422
Z  0.8938  0.0814  0.4409

PART 54
OFFSET  8.7530 -2.7190 -8.5331
X -0.9108 -0.0822  0.4047
Y -0.4114  0.0954 -0.9065
Z  0.0358 -0.9920 -0.1207

PART 55
OFFSET  9.2280 -6.2510 -7.5968
X -0.5244 -0.5162  0.6772
Y  0.8392 -0.1788  0.5135
Z -0.1439  0.8376  0.5270

PART 56
OFFSET  10.2822 -4.9473 -9.1047
X  0.5822 -0.5451  0.6033
Y  0.8035  0.2726 -0.5291
Z  0.1240  0.7928  0.5967

PART 57
OFFSET  9.4580 -4.1755 -9.9587
X  0.9857 -0.0343 -0.1651
Y -0.1031  0.6520 -0.7512
Z  0.1334  0.7575  0.6391

PART 58
OFFSET  8.5841 -4.1451 -9.8124
X  0.4895  0.4695 -0.7349
Y -0.8641  0.3745 -0.3363
Z  0.1173  0.7996  0.5890

PART 59
OFFSET  8.1191 -4.5912 -9.1142
X  0.1511 -0.7098  0.6880
Y -0.9525  0.0816  0.2934
Z -0.2645 -0.6996 -0.6638

PART 60
OFFSET  9.1854 -5.7716 -7.0696
X -0.5531 -0.6446  0.5277
Y  0.7904 -0.2060  0.5769
Z -0.2632  0.7362  0.6235

PART 61
OFFSET  10.6775 -4.2125 -8.5191
X  0.5414 -0.4771  0.6923
Y  0.8383  0.2434 -0.4879
Z  0.0643  0.8445  0.5318

PART 62
OFFSET  9.7557 -3.4001 -9.6977
X  0.9442  0.1227 -0.3055
Y -0.3214  0.5450 -0.7744
Z  0.0715  0.8294  0.5540

PART 63
OFFSET  8.4471 -3.5702 -9.2742
X  0.3275  0.5086 -0.7963
Y -0.9426  0.2346 -0.2378
Z  0.0658  0.8284  0.5562

PART 64
OFFSET  8.0919 -4.1218 -8.4106
X  0.2733 -0.5100  0.8156
Y -0.9619 -0.1351  0.2378
Z -0.0111 -0.8495 -0.5275

PART 65
OFFSET  6.0302 -9.3478 -4.5175
X -0.4355 -0.7182  0.5427
Y -0.8248  0.0768 -0.5602
Z  0.3606 -0.6916 -0.6258

PART 66
OFFSET  10.6795 -3.1059 -6.6141
X -0.5892 -0.6744  0.4450
Y  0.7821 -0.3377  0.5237
Z -0.2029  0.6566  0.7264

PART 67
OFFSET  11.7168 -1.9184 -7.3977
X -0.5648 -0.6809  0.4663
Y  0.7889 -0.2796  0.5472
Z -0.2422  0.6769  0.6951

PART 68
OFFSET  12.3887 -1.0496 -7.9224
X -0.5426 -0.7279  0.4193
Y  0.7972 -0.2887  0.5303
Z -0.2649  0.6220  0.7369

PART 69
OFFSET  13.0015 -0.2275 -8.3960
X -0.6175  0.6725 -0.4079
Y  0.7864  0.5182 -0.3362
Z -0.0147 -0.5284 -0.8489

PART 70
OFFSET  10.9312 -3.7095 -7.5046
X  0.4206 -0.5110  0.7496
Y  0.8999  0.3396 -0.2734
Z -0.1149  0.7896  0.6027

PART 71
OFFSET  10.1094 -2.7112 -8.9690
X  0.9863  0.1621 -0.0315
Y -0.1177  0.5566 -0.8224
Z -0.1158  0.8148  0.5680

PART 72
OFFSET  8.6689 -2.9479 -8.9231
X  0.4130  0.5344 -0.7374
Y -0.8986  0.1076 -0.4253
Z -0.1480  0.8383  0.5247

PART 73
OFFSET  8.2015 -3.5591 -8.0919
X  0.2667 -0.5321  0.8036
Y -0.9619 -0.1985  0.1879
Z  0.0595 -0.8231 -0.5648

PART 74
OFFSET  6.6218 -5.5338 -7.1487
X -0.7051 -0.1334 -0.6964
Y -0.1473  0.9883 -0.0403
Z  0.6936  0.0742 -0.7165

PART 75
OFFSET  6.3038 -6.1395 -6.1650
X -0.7051 -0.1334 -0.6964
Y -0.1473  0.9883 -0.0403
Z  0.6936  0.0742 -0.7165

PART 76
