// Export filename: `C:\projects\cod\t5\xanim_export\t5_viewmodels\ak74u\ak74u_grip_first_raise.XANIM_EXPORT`
// Source filename: `D:\projects\devanim\t5\animation_assets\viewmodels\ak74u\t5_viewmodel_ak74u_animated.fbx`
// Export time: Wed Aug 11 22:21:53 2010

ANIMATION
VERSION 3

NUMPARTS 80
PART 0 "tag_ads"
PART 1 "tag_torso"
PART 2 "J_Shoulder_LE"
PART 3 "J_Elbow_LE"
PART 4 "J_WristTwist_LE"
PART 5 "J_Sleave_Reshape_Bottom_LE_1"
PART 6 "J_Sleave_Reshape_Bottom_LE_2"
PART 7 "J_Sleave_Reshape_Top_LE_1"
PART 8 "J_Sleave_Reshape_Top_LE_2"
PART 9 "J_Sleave_Reshape_Top_LE_3"
PART 10 "J_Wrist_LE"
PART 11 "J_Thumb_LE_0"
PART 12 "J_Thumb_LE_1"
PART 13 "J_Thumb_LE_2"
PART 14 "J_Thumb_LE_3"
PART 15 "J_PinkyPalm_LE"
PART 16 "J_Pinky_LE_0"
PART 17 "J_Pinky_LE_1"
PART 18 "J_Pinky_LE_2"
PART 19 "J_Pinky_LE_3"
PART 20 "J_RingPalm_LE"
PART 21 "J_Ring_LE_0"
PART 22 "J_Ring_LE_1"
PART 23 "J_Ring_LE_2"
PART 24 "J_Ring_LE_3"
PART 25 "J_Webbing_LE"
PART 26 "J_Index_LE_0"
PART 27 "J_Index_LE_1"
PART 28 "J_Index_LE_2"
PART 29 "J_Index_LE_3"
PART 30 "J_Mid_LE_0"
PART 31 "J_Mid_LE_1"
PART 32 "J_Mid_LE_2"
PART 33 "J_Mid_LE_3"
PART 34 "tag_knife_attach"
PART 35 "D_Sleave_Reshape_Bottom_LE_1"
PART 36 "D_Sleave_Reshape_Bottom_LE_2"
PART 37 "D_Sleave_Reshape_Top_LE_1"
PART 38 "D_Sleave_Reshape_Top_LE_2"
PART 39 "D_Sleave_Reshape_Top_LE_3"
PART 40 "tag_weapon"
PART 41 "J_Gun"
PART 42 "TAG_CLIP"
PART 43 "J_Bolt"
PART 44 "J_Shoulder_RI"
PART 45 "J_Elbow_RI"
PART 46 "J_WristTwist_RI"
PART 47 "J_Sleave_Reshape_Top_RI_3"
PART 48 "J_Sleave_Reshape_Top_RI_2"
PART 49 "J_Sleave_Reshape_Top_RI_1"
PART 50 "J_Wrist_RI"
PART 51 "J_Thumb_RI_0"
PART 52 "J_Thumb_RI_1"
PART 53 "J_Thumb_RI_2"
PART 54 "J_Thumb_RI_3"
PART 55 "J_PinkyPalm_RI"
PART 56 "J_Pinky_RI_0"
PART 57 "J_Pinky_RI_1"
PART 58 "J_Pinky_RI_2"
PART 59 "J_Pinky_RI_3"
PART 60 "J_RingPalm_RI"
PART 61 "J_Ring_RI_0"
PART 62 "J_Ring_RI_1"
PART 63 "J_Ring_RI_2"
PART 64 "J_Ring_RI_3"
PART 65 "J_Webbing_RI"
PART 66 "J_Index_RI_0"
PART 67 "J_Index_RI_1"
PART 68 "J_Index_RI_2"
PART 69 "J_Index_RI_3"
PART 70 "J_Mid_RI_0"
PART 71 "J_Mid_RI_1"
PART 72 "J_Mid_RI_2"
PART 73 "J_Mid_RI_3"
PART 74 "D_Sleave_Reshape_Top_RI_3"
PART 75 "D_Sleave_Reshape_Top_RI_2"
PART 76 "D_Sleave_Reshape_Top_RI_1"
PART 77 "tag_cambone"
PART 78 "tag_camera"
PART 79 "tag_gasmask"

FRAMERATE 30
NUMFRAMES 56

FRAME 3000
PART 0
OFFSET  0.0000 -0.0000 -0.0000
X  1.0000 -0.0000  0.0000
Y  0.0000  1.0000  0.0000
Z  0.0000 -0.0000  1.0000

PART 1
OFFSET -4.6318 -0.0000 -1.3770
X  1.0000 -0.0000  0.0000
Y  0.0000  1.0000  0.0000
Z  0.0000 -0.0000  1.0000

PART 2
OFFSET -1.6642  7.9373 -3.1869
X  0.5139 -0.4048 -0.7563
Y -0.5468 -0.8339  0.0749
Z -0.6610  0.3750 -0.6499

PART 3
OFFSET  4.5512  3.0411 -12.3334
X  0.5399 -0.8413  0.0260
Y -0.2382 -0.1231  0.9634
Z -0.8073 -0.5263 -0.2669

PART 4
OFFSET  9.1437 -4.1145 -12.1125
X  0.5399 -0.8413  0.0260
Y -0.1789 -0.0845  0.9802
Z -0.8225 -0.5339 -0.1961

PART 5
OFFSET  10.8734 -4.6876 -12.8543
X  0.5436 -0.8391  0.0210
Y  0.8091  0.5304  0.2530
Z -0.2234 -0.1205  0.9673

PART 6
OFFSET  9.4007 -5.1975 -13.4906
X  0.5436 -0.8391  0.0210
Y  0.8091  0.5304  0.2530
Z -0.2234 -0.1205  0.9673

PART 7
OFFSET  10.4628 -5.5001 -10.4238
X  0.5436 -0.8391  0.0210
Y  0.8091  0.5304  0.2530
Z -0.2234 -0.1205  0.9673

PART 8
OFFSET  9.2881 -6.1402 -10.5720
X  0.5436 -0.8391  0.0210
Y  0.8091  0.5304  0.2530
Z -0.2234 -0.1205  0.9673

PART 9
OFFSET  8.8198 -6.0180 -11.6681
X  0.5436 -0.8391  0.0210
Y  0.8091  0.5304  0.2530
Z -0.2234 -0.1205  0.9673

PART 10
OFFSET  10.7989 -6.6937 -12.0328
X  0.3352 -0.9332 -0.1296
Y -0.1393 -0.1851  0.9728
Z -0.9318 -0.3080 -0.1920

PART 11
OFFSET  10.4327 -7.4186 -11.2312
X -0.4446 -0.8854  0.1360
Y  0.1348  0.0839  0.9873
Z -0.8856  0.4572  0.0820

PART 12
OFFSET  9.4376 -9.2954 -10.8347
X -0.1258 -0.6609 -0.7398
Y -0.3722 -0.6599  0.6527
Z -0.9196  0.3574 -0.1630

PART 13
OFFSET  9.1537 -10.2829 -12.0863
X  0.0903  0.1470 -0.9850
Y -0.3882 -0.9056 -0.1707
Z -0.9172  0.3978 -0.0247

PART 14
OFFSET  9.2028 -10.1212 -13.1555
X  0.5758 -0.3336 -0.7464
Y  0.7607 -0.1160  0.6386
Z -0.2997 -0.9355  0.1870

PART 15
OFFSET  11.0434 -7.3474 -13.2229
X  0.3143 -0.6727 -0.6698
Y -0.9491 -0.2380 -0.2064
Z -0.0206  0.7006 -0.7133

PART 16
OFFSET  11.6363 -8.9900 -14.6494
X -0.8593 -0.5078  0.0615
Y -0.3985  0.7399  0.5419
Z -0.3207  0.4412 -0.8382

PART 17
OFFSET  10.4198 -9.7090 -14.5624
X -0.7311  0.4475  0.5150
Y  0.5834  0.8014  0.1318
Z -0.3537  0.3968 -0.8470

PART 18
OFFSET  9.7715 -9.3122 -14.1058
X -0.1112  0.8609  0.4966
Y  0.9451  0.2462 -0.2151
Z -0.3074  0.4453 -0.8409

PART 19
OFFSET  9.6658 -8.4944 -13.6340
X -0.4637 -0.8774 -0.1231
Y  0.7462 -0.3118 -0.5882
Z  0.4777 -0.3647  0.7993

PART 20
OFFSET  11.1547 -7.6327 -12.5781
X  0.3562 -0.8331 -0.4232
Y -0.9315 -0.2804 -0.2319
Z  0.0745  0.4768 -0.8758

PART 21
OFFSET  12.1106 -9.7178 -13.8016
X -0.9556 -0.2905 -0.0495
Y -0.2673  0.7837  0.5607
Z -0.1241  0.5491 -0.8265

PART 22
OFFSET  10.4837 -10.2123 -13.8858
X -0.6355  0.5935  0.4938
Y  0.7579  0.6016  0.2523
Z -0.1473  0.5346 -0.8321

PART 23
OFFSET  9.6029 -9.3898 -13.2015
X  0.3239  0.8228  0.4670
Y  0.9351 -0.2035 -0.2901
Z -0.1437  0.5306 -0.8353

PART 24
OFFSET  9.9542 -8.4974 -12.6950
X -0.8066 -0.5318 -0.2580
Y  0.5858 -0.6609 -0.4691
Z  0.0790 -0.5295  0.8446

PART 25
OFFSET  11.1116 -10.0295 -10.9907
X  0.0832 -0.9279 -0.3635
Y  0.9828  0.0161  0.1840
Z -0.1648 -0.3725  0.9133

PART 26
OFFSET  12.3463 -10.3551 -11.7328
X -0.8288 -0.4811 -0.2857
Y -0.5554  0.7696  0.3151
Z  0.0683  0.4199 -0.9050

PART 27
OFFSET  10.8871 -11.2022 -12.2359
X -0.7620  0.6281  0.1576
Y  0.6412  0.6977  0.3195
Z  0.0907  0.3445 -0.9344

PART 28
OFFSET  9.9552 -10.4595 -11.9875
X  0.1145  0.9078  0.4034
Y  0.9919 -0.0821 -0.0966
Z -0.0545  0.4112 -0.9099

PART 29
OFFSET  10.0845 -9.4341 -11.5319
X -0.9480 -0.1057 -0.3001
Y  0.1958 -0.9373 -0.2883
Z -0.2508 -0.3321  0.9093

PART 30
OFFSET  12.2945 -10.1100 -12.8087
X -0.9172 -0.3768 -0.1296
Y -0.3966  0.8314  0.3893
Z -0.0390  0.4084 -0.9120

PART 31
OFFSET  10.5027 -10.8461 -13.0619
X -0.6078  0.7129  0.3497
Y  0.7940  0.5497  0.2594
Z -0.0073  0.4354 -0.9002

PART 32
OFFSET  9.6149 -9.8048 -12.5511
X  0.3411  0.8340  0.4337
Y  0.9387 -0.3270 -0.1095
Z  0.0505  0.4445 -0.8944

PART 33
OFFSET  10.0009 -8.8568 -12.0661
X -0.8643 -0.4591 -0.2055
Y  0.5012 -0.7517 -0.4287
Z  0.0423 -0.4735  0.8798

PART 34
OFFSET  10.3628 -9.5934 -13.2011
X  0.0112  0.5045 -0.8634
Y  0.9318  0.3080  0.1920
Z  0.3628 -0.8066 -0.4666

PART 35
OFFSET  10.8734 -4.6876 -12.8543
X  0.5436 -0.8391  0.0210
Y  0.8091  0.5304  0.2530
Z -0.2234 -0.1205  0.9673

PART 36
OFFSET  9.4007 -5.1975 -13.4906
X  0.5436 -0.8391  0.0210
Y  0.8091  0.5304  0.2530
Z -0.2234 -0.1205  0.9673

PART 37
OFFSET  10.4628 -5.5001 -10.4238
X  0.5436 -0.8391  0.0210
Y  0.8091  0.5304  0.2530
Z -0.2234 -0.1205  0.9673

PART 38
OFFSET  9.2881 -6.1402 -10.5720
X  0.5436 -0.8391  0.0210
Y  0.8091  0.5304  0.2530
Z -0.2234 -0.1205  0.9673

PART 39
OFFSET  8.8198 -6.0180 -11.6681
X  0.5436 -0.8391  0.0210
Y  0.8091  0.5304  0.2530
Z -0.2234 -0.1205  0.9673

PART 40
OFFSET  3.5539 -3.8361 -6.2608
X  0.6774 -0.6044 -0.4193
Y  0.7236  0.6499  0.2324
Z  0.1321 -0.4609  0.8776

PART 41
OFFSET  3.5539 -3.8361 -6.2608
X  0.6774 -0.6044 -0.4193
Y  0.7236  0.6499  0.2324
Z  0.1321 -0.4609  0.8776

PART 42
OFFSET  6.4548 -6.5004 -7.7786
X  0.6774 -0.6044 -0.4193
Y  0.7236  0.6499  0.2324
Z  0.1321 -0.4609  0.8776

PART 43
OFFSET  7.6980 -9.3325 -7.3949
X  0.6774 -0.6044 -0.4193
Y  0.7236  0.6499  0.2324
Z  0.1321 -0.4609  0.8776

PART 44
OFFSET -3.5060 -7.9373 -3.1869
X  0.6118 -0.3788  0.6944
Y  0.1968 -0.7774 -0.5975
Z  0.7661  0.5022 -0.4010

PART 45
OFFSET -10.9048 -3.3559 -11.5852
X -0.8285 -0.2662 -0.4927
Y  0.0121  0.8711 -0.4910
Z  0.5599 -0.4128 -0.7184

PART 46
OFFSET -3.8582 -1.0918 -7.3946
X -0.8285 -0.2662 -0.4927
Y  0.5600 -0.3999 -0.7256
Z -0.0039 -0.8771  0.4804

PART 47
OFFSET -3.3166 -0.8807 -5.5005
X -0.8301 -0.2703 -0.4878
Y -0.5576  0.4010  0.7268
Z -0.0008  0.8753 -0.4836

PART 48
OFFSET -2.6705 -1.8645 -5.2759
X -0.8301 -0.2703 -0.4878
Y -0.5576  0.4010  0.7268
Z -0.0008  0.8753 -0.4836

PART 49
OFFSET -1.8438 -2.1969 -6.2843
X -0.8301 -0.2703 -0.4878
Y -0.5576  0.4010  0.7268
Z -0.0008  0.8753 -0.4836

PART 50
OFFSET -1.3183 -0.2758 -5.8841
X -0.6802  0.6052  0.4135
Y -0.1222  0.4625 -0.8781
Z -0.7227 -0.6479 -0.2407

PART 51
OFFSET -0.5976 -0.7284 -5.1239
X -0.8636  0.3721 -0.3402
Y  0.4685  0.3432 -0.8141
Z -0.1862 -0.8624 -0.4707

PART 52
OFFSET  1.2296 -1.5175 -4.2824
X -0.8989  0.2932  0.3255
Y -0.1968  0.3935 -0.8980
Z -0.3914 -0.8713 -0.2960

PART 53
OFFSET  2.7129 -1.8698 -4.8283
X -0.7525 -0.0499  0.6566
Y -0.5944  0.4807 -0.6447
Z -0.2835 -0.8755 -0.3914

PART 54
OFFSET  3.5498 -1.7840 -5.5095
X -0.4959  0.6246  0.6033
Y  0.8278  0.5500  0.1110
Z -0.2624  0.5544 -0.7898

PART 55
OFFSET -0.7275 -0.1617 -7.1257
X -0.5190  0.2044  0.8300
Y -0.6707 -0.6994 -0.2472
Z  0.5300 -0.6849  0.5000

PART 56
OFFSET  0.5980 -0.6349 -8.8874
X -0.8301  0.0814  0.5517
Y -0.4166 -0.7482 -0.5164
Z  0.3707 -0.6585  0.6549

PART 57
OFFSET  1.7732 -0.7502 -9.6684
X -0.8088 -0.5734 -0.1302
Y  0.4808 -0.5175 -0.7078
Z  0.3385 -0.6351  0.6943

PART 58
OFFSET  2.4904 -0.2418 -9.5530
X -0.3214 -0.7485 -0.5800
Y  0.8686  0.0108 -0.4954
Z  0.3771 -0.6630  0.6467

PART 59
OFFSET  2.7957  0.4694 -9.0020
X -0.3539  0.6616  0.6611
Y  0.9102  0.4061  0.0809
Z -0.2149  0.6304 -0.7460

PART 60
OFFSET -0.5976 -0.6927 -6.6666
X -0.6142  0.4300  0.6617
Y -0.7026 -0.6798 -0.2103
Z  0.3594 -0.5941  0.7196

PART 61
OFFSET  0.9275 -1.7355 -8.4956
X -0.8771  0.0483  0.4779
Y -0.3379 -0.7692 -0.5424
Z  0.3414 -0.6372  0.6909

PART 62
OFFSET  2.4207 -1.8177 -9.3092
X -0.7496 -0.6255 -0.2163
Y  0.5790 -0.4613 -0.6723
Z  0.3208 -0.6292  0.7079

PART 63
OFFSET  3.4596 -0.9508 -9.0094
X -0.2608 -0.7805 -0.5681
Y  0.9089 -0.0003 -0.4169
Z  0.3252 -0.6251  0.7096

PART 64
OFFSET  3.7425 -0.1043 -8.3933
X -0.2895  0.6089  0.7385
Y  0.8793  0.4739 -0.0461
Z -0.3781  0.6360 -0.6727

PART 65
OFFSET -4.4335  1.5048 -3.5497
X -0.8174  0.2999  0.4920
Y  0.4885  0.8133  0.3159
Z -0.3054  0.4986 -0.8113

PART 66
OFFSET  1.1559 -3.2237 -6.9224
X -0.9855  0.1233  0.1163
Y -0.1587 -0.9120 -0.3781
Z  0.0595 -0.3911  0.9184

PART 67
OFFSET  2.8910 -3.4408 -7.1272
X -0.9523 -0.3028 -0.0368
Y  0.2963 -0.8896 -0.3475
Z  0.0725 -0.3418  0.9370

PART 68
OFFSET  4.0532 -3.0934 -7.0256
X -0.8303 -0.5192 -0.2027
Y  0.5572 -0.7655 -0.3217
Z  0.0118 -0.3801  0.9249

PART 69
OFFSET  4.9910 -2.5070 -6.7966
X -0.2294  0.7531  0.6166
Y  0.9495  0.3124 -0.0284
Z -0.2140  0.5789 -0.7868

PART 70
OFFSET  1.0804 -2.5412 -7.7878
X -0.9718  0.0778  0.2227
Y -0.1749 -0.8711 -0.4589
Z  0.1583 -0.4849  0.8601

PART 71
OFFSET  2.9788 -2.6931 -8.2228
X -0.7532 -0.6264 -0.2007
Y  0.6287 -0.5959 -0.4996
Z  0.1933 -0.5025  0.8427

PART 72
OFFSET  4.0790 -1.7782 -7.9296
X -0.2801 -0.8481 -0.4497
Y  0.9279 -0.1192 -0.3532
Z  0.2459 -0.5162  0.8204

PART 73
OFFSET  4.3951 -0.8141 -7.4263
X -0.3936  0.7595  0.5180
Y  0.9063  0.4150  0.0803
Z -0.1539  0.5010 -0.8516

PART 74
OFFSET -3.3166 -0.8807 -5.5004
X -0.8301 -0.2703 -0.4878
Y -0.5576  0.4010  0.7268
Z -0.0008  0.8753 -0.4836

PART 75
OFFSET -2.6706 -1.8645 -5.2757
X -0.8301 -0.2703 -0.4878
Y -0.5576  0.4010  0.7268
Z -0.0008  0.8753 -0.4836

PART 76
OFFSET -1.8438 -2.1968 -6.2844
X -0.8301 -0.2703 -0.4878
Y -0.5576  0.4010  0.7268
Z -0.0008  0.8753 -0.4836

PART 77
OFFSET  0.0000 -0.0000 -0.0000
X  1.0000 -0.0000  0.0000
Y  0.0000  1.0000  0.0000
Z  0.0000 -0.0000  1.0000

PART 78
OFFSET  0.0000 -0.0000 -0.0000
X  1.0000 -0.0000  0.0000
Y  0.0000  1.0000  0.0000
Z  0.0000 -0.0000  1.0000

PART 79
OFFSET  1.5404 -0.0000  4.1357
X  1.0000 -0.0000  0.0000
Y  0.0000  1.0000  0.0000
Z  0.0000 -0.0000  1.0000


FRAME 3001
PART 0
OFFSET  0.0000 -0.0000 -0.0000
X  1.0000 -0.0000  0.0000
Y  0.0000  1.0000  0.0000
Z  0.0000 -0.0000  1.0000

PART 1
OFFSET -4.6318 -0.0000 -1.3770
X  1.0000 -0.0000  0.0000
Y  0.0000  1.0000  0.0000
Z  0.0000 -0.0000  1.0000

PART 2
OFFSET -1.6642  7.9373 -3.1869
X  0.5057 -0.4420 -0.7409
Y -0.5833 -0.8079  0.0839
Z -0.6356  0.3897 -0.6664

PART 3
OFFSET  4.4515  2.5914 -12.1469
X  0.5469 -0.8209 -0.1643
Y -0.1380 -0.2820  0.9494
Z -0.8257 -0.4966 -0.2675

PART 4
OFFSET  9.1032 -4.3908 -13.5443
X  0.5469 -0.8209 -0.1643
Y -0.1045 -0.2616  0.9595
Z -0.8306 -0.5076 -0.2289

PART 5
OFFSET  10.7534 -4.7944 -14.5366
X  0.5500 -0.8179 -0.1692
Y  0.8261  0.5029  0.2543
Z -0.1229 -0.2797  0.9522

PART 6
OFFSET  9.2281 -5.2320 -15.0984
X  0.5500 -0.8179 -0.1692
Y  0.8261  0.5029  0.2543
Z -0.1229 -0.2797  0.9522

PART 7
OFFSET  10.5988 -5.9962 -12.2414
X  0.5500 -0.8179 -0.1692
Y  0.8261  0.5029  0.2543
Z -0.1229 -0.2797  0.9522

PART 8
OFFSET  9.4206 -6.6332 -12.3745
X  0.5500 -0.8179 -0.1692
Y  0.8261  0.5029  0.2543
Z -0.1229 -0.2797  0.9522

PART 9
OFFSET  8.8424 -6.3484 -13.3846
X  0.5500 -0.8179 -0.1692
Y  0.8261  0.5029  0.2543
Z -0.1229 -0.2797  0.9522

PART 10
OFFSET  10.7798 -6.9075 -14.0479
X  0.3336 -0.9366 -0.1076
Y -0.1353 -0.1605  0.9777
Z -0.9329 -0.3116 -0.1803

PART 11
OFFSET  10.4162 -7.6117 -13.2268
X -0.4449 -0.8811  0.1600
Y  0.1391  0.1085  0.9843
Z -0.8847  0.4602  0.0743

PART 12
OFFSET  9.4207 -9.4767 -12.7792
X -0.1297 -0.6791 -0.7225
Y -0.3701 -0.6428  0.6706
Z -0.9199  0.3544 -0.1680

PART 13
OFFSET  9.1305 -10.4950 -14.0044
X  0.0862  0.1222 -0.9888
Y -0.3899 -0.9092 -0.1463
Z -0.9168  0.3981 -0.0308

PART 14
OFFSET  9.1751 -10.3601 -15.0776
X  0.5722 -0.3529 -0.7403
Y  0.7633 -0.1009  0.6381
Z -0.2999 -0.9302  0.2116

PART 15
OFFSET  11.0185 -7.5911 -15.2223
X  0.3107 -0.6896 -0.6541
Y -0.9502 -0.2420 -0.1963
Z -0.0229  0.6825 -0.7305

PART 16
OFFSET  11.6034 -9.2697 -16.6097
X -0.8596 -0.5051  0.0778
Y -0.3954  0.7538  0.5249
Z -0.3238  0.4204 -0.8476

PART 17
OFFSET  10.3865 -9.9848 -16.4995
X -0.7284  0.4611  0.5067
Y  0.5848  0.8038  0.1092
Z -0.3569  0.3759 -0.8552

PART 18
OFFSET  9.7406 -9.5759 -16.0502
X -0.1081  0.8732  0.4753
Y  0.9444  0.2396 -0.2252
Z -0.3105  0.4245 -0.8505

PART 19
OFFSET  9.6379 -8.7464 -15.5987
X -0.4652 -0.8796 -0.0991
Y  0.7433 -0.3274 -0.5834
Z  0.4807 -0.3451  0.8061

PART 20
OFFSET  11.1322 -7.8603 -14.5711
X  0.3534 -0.8438 -0.4038
Y -0.9327 -0.2850 -0.2208
Z  0.0712  0.4546 -0.8878

PART 21
OFFSET  12.0806 -9.9765 -15.7459
X -0.9561 -0.2905 -0.0381
Y -0.2640  0.7978  0.5420
Z -0.1270  0.5283 -0.8395

PART 22
OFFSET  10.4528 -10.4711 -15.8108
X -0.6328  0.6064  0.4815
Y  0.7596  0.6068  0.2340
Z -0.1503  0.5138 -0.8447

PART 23
OFFSET  9.5758 -9.6306 -15.1435
X  0.3268  0.8339  0.4448
Y  0.9336 -0.2118 -0.2889
Z -0.1467  0.5097 -0.8477

PART 24
OFFSET  9.9303 -8.7262 -14.6611
X -0.8083 -0.5371 -0.2411
Y  0.5830 -0.6732 -0.4549
Z  0.0820 -0.5083  0.8573

PART 25
OFFSET  11.0933 -10.2165 -12.9239
X  0.0806 -0.9368 -0.3405
Y  0.9836  0.0195  0.1793
Z -0.1613 -0.3493  0.9230

PART 26
OFFSET  12.3244 -10.5621 -13.6628
X -0.8305 -0.4871 -0.2701
Y -0.5532  0.7779  0.2981
Z  0.0649  0.3970 -0.9155

PART 27
OFFSET  10.8621 -11.4197 -14.1383
X -0.7606  0.6328  0.1450
Y  0.6433  0.7047  0.2992
Z  0.0871  0.3209 -0.9431

PART 28
OFFSET  9.9321 -10.6700 -13.9047
X  0.1172  0.9175  0.3800
Y  0.9914 -0.0857 -0.0987
Z -0.0580  0.3883 -0.9197

PART 29
OFFSET  10.0645 -9.6336 -13.4755
X -0.9494 -0.1121 -0.2933
Y  0.1935 -0.9445 -0.2656
Z -0.2472 -0.3089  0.9184

PART 30
OFFSET  12.2683 -10.3440 -14.7443
X -0.9181 -0.3788 -0.1162
Y -0.3940  0.8414  0.3700
Z -0.0424  0.3855 -0.9217

PART 31
OFFSET  10.4746 -11.0840 -14.9713
X -0.6055  0.7222  0.3343
Y  0.7958  0.5551  0.2422
Z -0.0107  0.4127 -0.9108

PART 32
OFFSET  9.5902 -10.0292 -14.4830
X  0.3439  0.8442  0.4113
Y  0.9378 -0.3307 -0.1053
Z  0.0472  0.4219 -0.9054

PART 33
OFFSET  9.9793 -9.0698 -14.0236
X -0.8657 -0.4630 -0.1902
Y  0.4985 -0.7628 -0.4118
Z  0.0456 -0.4513  0.8912

PART 34
OFFSET  10.3355 -9.8350 -15.1413
X  0.0080  0.4826 -0.8758
Y  0.9329  0.3116  0.1803
Z  0.3599 -0.8185 -0.4478

PART 35
OFFSET  10.7534 -4.7944 -14.5366
X  0.5500 -0.8179 -0.1692
Y  0.8261  0.5029  0.2543
Z -0.1229 -0.2797  0.9522

PART 36
OFFSET  9.2281 -5.2320 -15.0984
X  0.5500 -0.8179 -0.1692
Y  0.8261  0.5029  0.2543
Z -0.1229 -0.2797  0.9522

PART 37
OFFSET  10.5988 -5.9962 -12.2414
X  0.5500 -0.8179 -0.1692
Y  0.8261  0.5029  0.2543
Z -0.1229 -0.2797  0.9522

PART 38
OFFSET  9.4206 -6.6332 -12.3745
X  0.5500 -0.8179 -0.1692
Y  0.8261  0.5029  0.2543
Z -0.1229 -0.2797  0.9522

PART 39
OFFSET  8.8424 -6.3484 -13.3846
X  0.5500 -0.8179 -0.1692
Y  0.8261  0.5029  0.2543
Z -0.1229 -0.2797  0.9522

PART 40
OFFSET  3.5627 -3.8973 -8.3185
X  0.6749 -0.6155 -0.4070
Y  0.7253  0.6546  0.2129
Z  0.1354 -0.4389  0.8883

PART 41
OFFSET  3.5627 -3.8973 -8.3185
X  0.6749 -0.6155 -0.4070
Y  0.7253  0.6546  0.2129
Z  0.1354 -0.4389  0.8883

PART 42
OFFSET  6.4541 -6.6023 -9.7814
X  0.6749 -0.6155 -0.4070
Y  0.7253  0.6546  0.2129
Z  0.1354 -0.4389  0.8883

PART 43
OFFSET  7.6959 -9.4255 -9.3322
X  0.6749 -0.6155 -0.4070
Y  0.7253  0.6546  0.2129
Z  0.1354 -0.4389  0.8883

PART 44
OFFSET -3.5060 -7.9373 -3.1869
X  0.4472 -0.2432  0.8607
Y  0.4187 -0.7934 -0.4417
Z  0.7904  0.5580 -0.2530

PART 45
OFFSET -8.9145 -4.9961 -13.5965
X -0.6444 -0.4087 -0.6463
Y  0.0493  0.8212 -0.5685
Z  0.7631 -0.3982 -0.5090

PART 46
OFFSET -3.4339 -1.5195 -8.0994
X -0.6444 -0.4087 -0.6463
Y  0.6855 -0.6833 -0.2514
Z -0.3389 -0.6050  0.7205

PART 47
OFFSET -3.4172 -1.0832 -6.1668
X -0.6467 -0.4125 -0.6415
Y -0.7619  0.3875  0.5189
Z  0.0345  0.8244 -0.5649

PART 48
OFFSET -2.7542 -1.9556 -5.6818
X -0.6467 -0.4125 -0.6415
Y -0.7619  0.3875  0.5189
Z  0.0345  0.8244 -0.5649

PART 49
OFFSET -1.6686 -2.2652 -6.4143
X -0.6467 -0.4125 -0.6415
Y -0.7619  0.3875  0.5189
Z  0.0345  0.8244 -0.5649

PART 50
OFFSET -1.4585 -0.2664 -6.1180
X -0.6799  0.6219  0.3886
Y -0.1024  0.4442 -0.8900
Z -0.7261 -0.6450 -0.2383

PART 51
OFFSET -0.7556 -0.7100 -5.3360
X -0.8536  0.3740 -0.3626
Y  0.4857  0.3197 -0.8135
Z -0.1884 -0.8706 -0.4546

PART 52
OFFSET  1.0483 -1.5006 -4.4470
X -0.9007  0.3104  0.3039
Y -0.1774  0.3756 -0.9097
Z -0.3965 -0.8733 -0.2832

PART 53
OFFSET  2.5362 -1.8816 -4.9601
X -0.7638 -0.0268  0.6449
Y -0.5781  0.4728 -0.6650
Z -0.2871 -0.8808 -0.3766

PART 54
OFFSET  3.3851 -1.8203 -5.6290
X -0.4985  0.6434  0.5810
Y  0.8321  0.5430  0.1127
Z -0.2430  0.5396 -0.8061

PART 55
OFFSET -0.8461 -0.1867 -7.3517
X -0.5302  0.2286  0.8165
Y -0.6745 -0.6972 -0.2428
Z  0.5137 -0.6795  0.5238

PART 56
OFFSET  0.5027 -0.7138 -9.0802
X -0.8380  0.1030  0.5358
Y -0.4167 -0.7548 -0.5066
Z  0.3523 -0.6479  0.6754

PART 57
OFFSET  1.6892 -0.8596 -9.8388
X -0.8132 -0.5671 -0.1310
Y  0.4864 -0.5385 -0.6881
Z  0.3197 -0.6232  0.7137

PART 58
OFFSET  2.4101 -0.3568 -9.7227
X -0.3205 -0.7576 -0.5686
Y  0.8767 -0.0099 -0.4809
Z  0.3587 -0.6526  0.6674

PART 59
OFFSET  2.7146  0.3630 -9.1825
X -0.3571  0.6801  0.6403
Y  0.9134  0.3976  0.0871
Z -0.1953  0.6160 -0.7632

PART 60
OFFSET -0.7299 -0.7087 -6.8789
X -0.6199  0.4515  0.6417
Y -0.7068 -0.6764 -0.2069
Z  0.3407 -0.5819  0.7385

PART 61
OFFSET  0.8130 -1.8090 -8.6587
X -0.8842  0.0687  0.4620
Y -0.3378 -0.7772 -0.5309
Z  0.3226 -0.6255  0.7104

PART 62
OFFSET  2.3183 -1.9260 -9.4453
X -0.7531 -0.6218 -0.2149
Y  0.5846 -0.4826 -0.6522
Z  0.3018 -0.6169  0.7269

PART 63
OFFSET  3.3621 -1.0643 -9.1475
X -0.2605 -0.7900 -0.5550
Y  0.9156 -0.0198 -0.4016
Z  0.3063 -0.6127  0.7285

PART 64
OFFSET  3.6446 -0.2075 -8.5456
X -0.2945  0.6284  0.7199
Y  0.8854  0.4629 -0.0419
Z -0.3596  0.6251 -0.6928

PART 65
OFFSET -4.5908  1.6004 -3.8757
X -0.8218  0.3199  0.4715
Y  0.4926  0.8147  0.3060
Z -0.2862  0.4837 -0.8271

PART 66
OFFSET  0.9982 -3.2643 -7.0495
X -0.9858  0.1369  0.0971
Y -0.1630 -0.9184 -0.3605
Z  0.0398 -0.3712  0.9277

PART 67
OFFSET  2.7339 -3.5053 -7.2205
X -0.9550 -0.2929 -0.0460
Y  0.2917 -0.9004 -0.3228
Z  0.0531 -0.3217  0.9454

PART 68
OFFSET  3.8981 -3.1687 -7.1071
X -0.8328 -0.5142 -0.2050
Y  0.5535 -0.7787 -0.2954
Z -0.0078 -0.3595  0.9331

PART 69
OFFSET  4.8388 -2.5879 -6.8755
X -0.2308  0.7692  0.5959
Y  0.9534  0.3011 -0.0194
Z -0.1943  0.5636 -0.8028

PART 70
OFFSET  0.9448 -2.6003 -7.9309
X -0.9743  0.0936  0.2047
Y -0.1774 -0.8791 -0.4424
Z  0.1385 -0.4674  0.8732

PART 71
OFFSET  2.8483 -2.7832 -8.3307
X -0.7570 -0.6222 -0.1994
Y  0.6299 -0.6139 -0.4757
Z  0.1736 -0.4857  0.8567

PART 72
OFFSET  3.9540 -1.8744 -8.0395
X -0.2825 -0.8547 -0.4355
Y  0.9322 -0.1374 -0.3349
Z  0.2264 -0.5005  0.8356

PART 73
OFFSET  4.2729 -0.9029 -7.5524
X -0.3933  0.7752  0.4944
Y  0.9096  0.4065  0.0862
Z -0.1341  0.4836 -0.8649

PART 74
OFFSET -3.4172 -1.0832 -6.1667
X -0.6467 -0.4125 -0.6415
Y -0.7619  0.3875  0.5189
Z  0.0345  0.8244 -0.5649

PART 75
OFFSET -2.7544 -1.9556 -5.6817
X -0.6467 -0.4125 -0.6415
Y -0.7619  0.3875  0.5189
Z  0.0345  0.8244 -0.5649

PART 76
OFFSET -1.6686 -2.2651 -6.4143
X -0.6467 -0.4125 -0.6415
Y -0.7619  0.3875  0.5189
Z  0.0345  0.8244 -0.5649

PART 77
OFFSET  0.0000 -0.0000 -0.0000
X  1.0000 -0.0000  0.0000
Y  0.0000  1.0000  0.0000
Z  0.0000 -0.0000  1.0000

PART 78
OFFSET -0.0000 -0.0000 -0.0000
X  1.0000 -0.0006 -0.0008
Y  0.0006  1.0000 -0.0000
Z  0.0008  0.0000  1.0000

PART 79
OFFSET  1.5436 -0.0009  4.1346
X  1.0000 -0.0006 -0.0008
Y  0.0006  1.0000 -0.0000
Z  0.0008  0.0000  1.0000


FRAME 3002
PART 0
OFFSET  0.0000 -0.0000 -0.0000
X  1.0000 -0.0000  0.0000
Y  0.0000  1.0000  0.0000
Z  0.0000 -0.0000  1.0000

PART 1
OFFSET -4.6318 -0.0000 -1.3770
X  1.0000 -0.0000  0.0000
Y  0.0000  1.0000  0.0000
Z  0.0000 -0.0000  1.0000

PART 2
OFFSET -1.6642  7.9373 -3.1869
X  0.5193 -0.4631 -0.7182
Y -0.5525 -0.8231  0.1313
Z -0.6520  0.3287 -0.6833

PART 3
OFFSET  4.6160  2.3365 -11.8732
X  0.5825 -0.7940 -0.1741
Y -0.0928 -0.2777  0.9562
Z -0.8076 -0.5408 -0.2354

PART 4
OFFSET  9.5700 -4.4168 -13.3541
X  0.5825 -0.7940 -0.1741
Y -0.0811 -0.2699  0.9595
Z -0.8088 -0.5447 -0.2216

PART 5
OFFSET  11.2058 -4.7477 -14.3960
X  0.5852 -0.7908 -0.1792
Y  0.8071  0.5470  0.2221
Z -0.0777 -0.2746  0.9584

PART 6
OFFSET  9.6874 -5.2683 -14.9031
X  0.5852 -0.7908 -0.1792
Y  0.8071  0.5470  0.2221
Z -0.0777 -0.2746  0.9584

PART 7
OFFSET  11.1868 -5.9294 -12.0853
X  0.5852 -0.7908 -0.1792
Y  0.8071  0.5470  0.2221
Z -0.0777 -0.2746  0.9584

PART 8
OFFSET  10.0389 -6.6267 -12.1735
X  0.5852 -0.7908 -0.1792
Y  0.8071  0.5470  0.2221
Z -0.0777 -0.2746  0.9584

PART 9
OFFSET  9.4146 -6.3832 -13.1667
X  0.5852 -0.7908 -0.1792
Y  0.8071  0.5470  0.2221
Z -0.0777 -0.2746  0.9584

PART 10
OFFSET  11.3556 -6.8510 -13.8878
X  0.3923 -0.9193 -0.0297
Y -0.1501 -0.0959  0.9840
Z -0.9075 -0.3816 -0.1756

PART 11
OFFSET  11.0146 -7.5137 -13.0237
X -0.3947 -0.8929  0.2167
Y  0.1072  0.1895  0.9760
Z -0.9125  0.4085  0.0210

PART 12
OFFSET  10.1228 -9.3989 -12.4575
X -0.0699 -0.7375 -0.6718
Y -0.3474 -0.6133  0.7094
Z -0.9351  0.2830 -0.2133

PART 13
OFFSET  9.9260 -10.5211 -13.6081
X  0.1037  0.0538 -0.9931
Y -0.3303 -0.9400 -0.0854
Z -0.9382  0.3369 -0.0798

PART 14
OFFSET  9.9896 -10.4635 -14.6872
X  0.6112 -0.3704 -0.6995
Y  0.7516 -0.0057  0.6596
Z -0.2483 -0.9289  0.2749

PART 15
OFFSET  11.6650 -7.6034 -15.0021
X  0.3684 -0.7155 -0.5936
Y -0.9285 -0.3145 -0.1972
Z -0.0456  0.6239 -0.7802

PART 16
OFFSET  12.3856 -9.3404 -16.2464
X -0.8291 -0.5505  0.0978
Y -0.4535  0.7644  0.4582
Z -0.3270  0.3356 -0.8834

PART 17
OFFSET  11.2117 -10.1197 -16.1079
X -0.7677  0.4511  0.4552
Y  0.5321  0.8445  0.0604
Z -0.3572  0.2886 -0.8883

PART 18
OFFSET  10.5311 -9.7198 -15.7043
X -0.1728  0.8975  0.4057
Y  0.9336  0.2806 -0.2230
Z -0.3140  0.3402 -0.8864

PART 19
OFFSET  10.3669 -8.8671 -15.3188
X -0.4085 -0.9118 -0.0422
Y  0.7763 -0.3227 -0.5414
Z  0.4801 -0.2539  0.8397

PART 20
OFFSET  11.7782 -7.8160 -14.3301
X  0.4140 -0.8478 -0.3315
Y -0.9079 -0.3581 -0.2180
Z  0.0661  0.3912 -0.9179

PART 21
OFFSET  12.8826 -9.9503 -15.3221
X -0.9355 -0.3515 -0.0360
Y -0.3255  0.8177  0.4747
Z -0.1374  0.4558 -0.8794

PART 22
OFFSET  11.2899 -10.5487 -15.3833
X -0.6804  0.5998  0.4211
Y  0.7153  0.6686  0.2033
Z -0.1596  0.4395 -0.8839

PART 23
OFFSET  10.3470 -9.7173 -14.7997
X  0.2643  0.8832  0.3874
Y  0.9518 -0.1741 -0.2526
Z -0.1557  0.4355 -0.8866

PART 24
OFFSET  10.6336 -8.7595 -14.3796
X -0.7679 -0.6028 -0.2167
Y  0.6341 -0.6674 -0.3906
Z  0.0908 -0.4374  0.8947

PART 25
OFFSET  11.8403 -10.0418 -12.5111
X  0.1458 -0.9526 -0.2671
Y  0.9757  0.0939  0.1977
Z -0.1633 -0.2894  0.9432

PART 26
OFFSET  13.1084 -10.3637 -13.1961
X -0.7924 -0.5565 -0.2498
Y -0.6067  0.7618  0.2270
Z  0.0639  0.3314 -0.9413

PART 27
OFFSET  11.7133 -11.3436 -13.6358
X -0.8010  0.5932  0.0810
Y  0.5916  0.7636  0.2585
Z  0.0915  0.2550 -0.9626

PART 28
OFFSET  10.7340 -10.6380 -13.4788
X  0.0517  0.9486  0.3121
Y  0.9970 -0.0309 -0.0713
Z -0.0580  0.3148 -0.9474

PART 29
OFFSET  10.7924 -9.5665 -13.1263
X -0.9331 -0.1924 -0.3037
Y  0.2570 -0.9476 -0.1895
Z -0.2513 -0.2549  0.9337

PART 30
OFFSET  13.0667 -10.2301 -14.2919
X -0.8903 -0.4428 -0.1064
Y -0.4535  0.8403  0.2972
Z -0.0423  0.3128 -0.9489

PART 31
OFFSET  11.3275 -11.0953 -14.4997
X -0.6564  0.7058  0.2662
Y  0.7543  0.6200  0.2161
Z -0.0125  0.3427 -0.9394

PART 32
OFFSET  10.3686 -10.0643 -14.1109
X  0.2816  0.8921  0.3535
Y  0.9585 -0.2786 -0.0605
Z  0.0445  0.3558 -0.9335

PART 33
OFFSET  10.6872 -9.0512 -13.7171
X -0.8310 -0.5289 -0.1727
Y  0.5541 -0.7587 -0.3426
Z  0.0502 -0.3804  0.9234

PART 34
OFFSET  11.1173 -9.8733 -14.7663
X  0.0010  0.4161 -0.9093
Y  0.9075  0.3816  0.1756
Z  0.4201 -0.8254 -0.3772

PART 35
OFFSET  11.2058 -4.7477 -14.3960
X  0.5852 -0.7908 -0.1792
Y  0.8071  0.5470  0.2221
Z -0.0777 -0.2746  0.9584

PART 36
OFFSET  9.6874 -5.2683 -14.9031
X  0.5852 -0.7908 -0.1792
Y  0.8071  0.5470  0.2221
Z -0.0777 -0.2746  0.9584

PART 37
OFFSET  11.1868 -5.9294 -12.0853
X  0.5852 -0.7908 -0.1792
Y  0.8071  0.5470  0.2221
Z -0.0777 -0.2746  0.9584

PART 38
OFFSET  10.0389 -6.6267 -12.1735
X  0.5852 -0.7908 -0.1792
Y  0.8071  0.5470  0.2221
Z -0.0777 -0.2746  0.9584

PART 39
OFFSET  9.4146 -6.3832 -13.1667
X  0.5852 -0.7908 -0.1792
Y  0.8071  0.5470  0.2221
Z -0.0777 -0.2746  0.9584

PART 40
OFFSET  3.8263 -3.8804 -8.5531
X  0.7211 -0.6007 -0.3452
Y  0.6787  0.7125  0.1780
Z  0.1391 -0.3627  0.9215

PART 41
OFFSET  3.8263 -3.8804 -8.5531
X  0.7211 -0.6007 -0.3452
Y  0.6787  0.7125  0.1780
Z  0.1391 -0.3627  0.9215

PART 42
OFFSET  6.9124 -6.5009 -9.7473
X  0.7211 -0.6007 -0.3452
Y  0.6787  0.7125  0.1780
Z  0.1391 -0.3627  0.9215

PART 43
OFFSET  8.3110 -9.2002 -9.0607
X  0.7211 -0.6007 -0.3452
Y  0.6787  0.7125  0.1780
Z  0.1391 -0.3627  0.9215

PART 44
OFFSET -3.5060 -7.9373 -3.1869
X  0.1325 -0.0524  0.9898
Y  0.6357 -0.7617 -0.1254
Z  0.7605  0.6458 -0.0677

PART 45
OFFSET -5.1086 -7.3042 -15.1574
X -0.3186 -0.5887 -0.7429
Y  0.1585  0.7397 -0.6541
Z  0.9345 -0.3261 -0.1424

PART 46
OFFSET -2.3987 -2.2972 -8.8385
X -0.3186 -0.5887 -0.7429
Y  0.6218 -0.7214  0.3049
Z -0.7154 -0.3648  0.5959

PART 47
OFFSET -3.1275 -1.6243 -7.1234
X -0.3221 -0.5922 -0.7386
Y -0.9358  0.3171  0.1539
Z  0.1431  0.7408 -0.6563

PART 48
OFFSET -2.5904 -2.3056 -6.2969
X -0.3221 -0.5922 -0.7386
Y -0.9358  0.3171  0.1539
Z  0.1431  0.7408 -0.6563

PART 49
OFFSET -1.2866 -2.5195 -6.5525
X -0.3221 -0.5922 -0.7386
Y -0.9358  0.3171  0.1539
Z  0.1431  0.7408 -0.6563

PART 50
OFFSET -1.4219 -0.4925 -6.5609
X -0.7186  0.6082  0.3371
Y -0.0843  0.4051 -0.9104
Z -0.6903 -0.6826 -0.2398

PART 51
OFFSET -0.7339 -0.8767 -5.7356
X -0.8525  0.3248 -0.4097
Y  0.5048  0.3076 -0.8066
Z -0.1360 -0.8944 -0.4262

PART 52
OFFSET  1.0628 -1.5586 -4.7473
X -0.9235  0.2851  0.2566
Y -0.1557  0.3327 -0.9301
Z -0.3505 -0.8989 -0.2629

PART 53
OFFSET  2.5837 -1.8982 -5.1876
X -0.7871 -0.0330  0.6159
Y -0.5693  0.4230 -0.7050
Z -0.2373 -0.9055 -0.3517

PART 54
OFFSET  3.4554 -1.8283 -5.8256
X -0.5460  0.6445  0.5353
Y  0.8051  0.5803  0.1225
Z -0.2317  0.4978 -0.8357

PART 55
OFFSET -0.7646 -0.4355 -7.7726
X -0.5707  0.2382  0.7858
Y -0.6366 -0.7328 -0.2403
Z  0.5187 -0.6374  0.5698

PART 56
OFFSET  0.6714 -0.9735 -9.4258
X -0.8620  0.0894  0.4989
Y -0.3664 -0.7900 -0.4915
Z  0.3502 -0.6065  0.7138

PART 57
OFFSET  1.8918 -1.1002 -10.1321
X -0.7845 -0.6043 -0.1391
Y  0.5340 -0.5444 -0.6469
Z  0.3152 -0.5818  0.7498

PART 58
OFFSET  2.5874 -0.5644 -10.0088
X -0.2678 -0.7914 -0.5496
Y  0.8948  0.0072 -0.4464
Z  0.3572 -0.6113  0.7062

PART 59
OFFSET  2.8418  0.1875 -9.4867
X -0.4086  0.6892  0.5984
Y  0.8930  0.4374  0.1059
Z -0.1888  0.5777 -0.7941

PART 60
OFFSET -0.6469 -0.9338 -7.2752
X -0.6621  0.4503  0.5990
Y -0.6711 -0.7121 -0.2065
Z  0.3335 -0.5387  0.7737

PART 61
OFFSET  1.0072 -2.0382 -8.9493
X -0.9039  0.0505  0.4248
Y -0.2858 -0.8102 -0.5118
Z  0.3183 -0.5840  0.7467

PART 62
OFFSET  2.5460 -2.1242 -9.6725
X -0.7191 -0.6597 -0.2184
Y  0.6284 -0.4832 -0.6096
Z  0.2966 -0.5756  0.7620

PART 63
OFFSET  3.5427 -1.2100 -9.3698
X -0.2071 -0.8207 -0.5324
Y  0.9309  0.0020 -0.3652
Z  0.3008 -0.5713  0.7636

PART 64
OFFSET  3.7673 -0.3198 -8.7924
X -0.3472  0.6432  0.6824
Y  0.8676  0.4966 -0.0266
Z -0.3559  0.5828 -0.7305

PART 65
OFFSET -4.7114  1.3305 -4.5164
X -0.8518  0.3041  0.4266
Y  0.4479  0.8452  0.2917
Z -0.2719  0.4395 -0.8561

PART 66
OFFSET  1.1851 -3.4217 -7.2771
X -0.9935  0.1004  0.0539
Y -0.1126 -0.9375 -0.3293
Z  0.0174 -0.3333  0.9427

PART 67
OFFSET  2.9343 -3.5984 -7.3720
X -0.9403 -0.3330 -0.0706
Y  0.3392 -0.8996 -0.2751
Z  0.0281 -0.2826  0.9588

PART 68
OFFSET  4.0791 -3.2107 -7.2279
X -0.8032 -0.5551 -0.2159
Y  0.5949 -0.7663 -0.2426
Z -0.0308 -0.3233  0.9458

PART 69
OFFSET  4.9864 -2.5837 -6.9840
X -0.2842  0.7816  0.5553
Y  0.9409  0.3386  0.0049
Z -0.1842  0.5239 -0.8316

PART 70
OFFSET  1.1409 -2.7949 -8.1858
X -0.9846  0.0618  0.1634
Y -0.1252 -0.9020 -0.4133
Z  0.1219 -0.4274  0.8958

PART 71
OFFSET  3.0644 -2.9156 -8.5050
X -0.7236 -0.6597 -0.2030
Y  0.6718 -0.6057 -0.4264
Z  0.1583 -0.4449  0.8815

PART 72
OFFSET  4.1213 -1.9521 -8.2085
X -0.2313 -0.8816 -0.4113
Y  0.9494 -0.1122 -0.2933
Z  0.2125 -0.4584  0.8630

PART 73
OFFSET  4.3824 -0.9504 -7.7489
X -0.4426  0.7770  0.4476
Y  0.8889  0.4461  0.1045
Z -0.1185  0.4441 -0.8881

PART 74
OFFSET -3.1275 -1.6243 -7.1234
X -0.3221 -0.5922 -0.7386
Y -0.9358  0.3171  0.1539
Z  0.1431  0.7408 -0.6563

PART 75
OFFSET -2.5906 -2.3056 -6.2968
X -0.3221 -0.5922 -0.7386
Y -0.9358  0.3171  0.1539
Z  0.1431  0.7408 -0.6563

PART 76
OFFSET -1.2866 -2.5194 -6.5526
X -0.3221 -0.5922 -0.7386
Y -0.9358  0.3171  0.1539
Z  0.1431  0.7408 -0.6563

PART 77
OFFSET  0.0000 -0.0000 -0.0000
X  1.0000 -0.0000  0.0000
Y  0.0000  1.0000  0.0000
Z  0.0000 -0.0000  1.0000

PART 78
OFFSET -0.0000 -0.0000 -0.0000
X  1.0000 -0.0022 -0.0028
Y  0.0022  1.0000 -0.0000
Z  0.0028  0.0000  1.0000

PART 79
OFFSET  1.5520 -0.0034  4.1314
X  1.0000 -0.0022 -0.0028
Y  0.0022  1.0000 -0.0000
Z  0.0028  0.0000  1.0000


FRAME 3003
PART 0
OFFSET  0.0000 -0.0000 -0.0000
X  1.0000 -0.0000  0.0000
Y  0.0000  1.0000  0.0000
Z  0.0000 -0.0000  1.0000

PART 1
OFFSET -4.6318 -0.0000 -1.3770
X  1.0000 -0.0000  0.0000
Y  0.0000  1.0000  0.0000
Z  0.0000 -0.0000  1.0000

PART 2
OFFSET -1.6642  7.9373 -3.1869
X  0.5417 -0.4692 -0.6974
Y -0.4780 -0.8544  0.2036
Z -0.6914  0.2231 -0.6871

PART 3
OFFSET  4.8870  2.2623 -11.6213
X  0.6393 -0.7658 -0.0698
Y -0.0907 -0.1652  0.9821
Z -0.7636 -0.6215 -0.1751

PART 4
OFFSET  10.3246 -4.2509 -12.2149
X  0.6393 -0.7658 -0.0698
Y -0.1087 -0.1798  0.9777
Z -0.7612 -0.6175 -0.1982

PART 5
OFFSET  11.9981 -4.5887 -13.1925
X  0.6419 -0.7631 -0.0752
Y  0.7630  0.6260  0.1612
Z -0.0759 -0.1608  0.9841

PART 6
OFFSET  10.5292 -5.2740 -13.6466
X  0.6419 -0.7631 -0.0752
Y  0.7630  0.6260  0.1612
Z -0.0759 -0.1608  0.9841

PART 7
OFFSET  12.0190 -5.4790 -10.7547
X  0.6419 -0.7631 -0.0752
Y  0.7630  0.6260  0.1612
Z -0.0759 -0.1608  0.9841

PART 8
OFFSET  10.9242 -6.2618 -10.7677
X  0.6419 -0.7631 -0.0752
Y  0.7630  0.6260  0.1612
Z -0.0759 -0.1608  0.9841

PART 9
OFFSET  10.3028 -6.1859 -11.7894
X  0.6419 -0.7631 -0.0752
Y  0.7630  0.6260  0.1612
Z -0.0759 -0.1608  0.9841

PART 10
OFFSET  12.2845 -6.5986 -12.4289
X  0.4748 -0.8765  0.0797
Y -0.1908 -0.0141  0.9815
Z -0.8592 -0.4813 -0.1739

PART 11
OFFSET  11.9612 -7.2040 -11.5172
X -0.3229 -0.9012  0.2891
Y  0.0399  0.2923  0.9555
Z -0.9456  0.3201 -0.0585

PART 12
OFFSET  11.2158 -9.1017 -10.8011
X  0.0313 -0.8023 -0.5962
Y -0.3262 -0.5720  0.7526
Z -0.9448  0.1709 -0.2796

PART 13
OFFSET  11.1800 -10.3436 -11.8398
X  0.1489 -0.0329 -0.9883
Y -0.2392 -0.9710 -0.0037
Z -0.9595  0.2370 -0.1524

PART 14
OFFSET  11.2930 -10.3848 -12.9156
X  0.6769 -0.3766 -0.6324
Y  0.7144  0.1296  0.6876
Z -0.1770 -0.9173  0.3567

PART 15
OFFSET  12.7169 -7.4224 -13.4475
X  0.4613 -0.7313 -0.5024
Y -0.8851 -0.4189 -0.2030
Z -0.0621  0.5383 -0.8405

PART 16
OFFSET  13.6539 -9.1952 -14.4789
X -0.7799 -0.6147  0.1183
Y -0.5435  0.7586  0.3593
Z -0.3106  0.2160 -0.9257

PART 17
OFFSET  12.5498 -10.0655 -14.3115
X -0.8275  0.4180  0.3749
Y  0.4498  0.8931 -0.0030
Z -0.3361  0.1661 -0.9271

PART 18
OFFSET  11.8161 -9.6948 -13.9791
X -0.2737  0.9120  0.3054
Y  0.9145  0.3451 -0.2110
Z -0.2979  0.2216 -0.9285

PART 19
OFFSET  11.5561 -8.8284 -13.6889
X -0.3217 -0.9463  0.0332
Y  0.8289 -0.2984 -0.4732
Z  0.4577 -0.1248  0.8803

PART 20
OFFSET  12.8145 -7.5573 -12.7534
X  0.5053 -0.8327 -0.2266
Y -0.8595 -0.4621 -0.2184
Z  0.0771  0.3051 -0.9492

PART 21
OFFSET  14.1563 -9.6629 -13.4778
X -0.8969 -0.4406 -0.0393
Y -0.4218  0.8252  0.3757
Z -0.1331  0.3535 -0.9259

PART 22
OFFSET  12.6294 -10.4130 -13.5446
X -0.7523  0.5704  0.3296
Y  0.6407  0.7500  0.1643
Z -0.1535  0.3348 -0.9297

PART 23
OFFSET  11.5867 -9.6225 -13.0878
X  0.1634  0.9376  0.3069
Y  0.9752 -0.1065 -0.1938
Z -0.1490  0.3309 -0.9318

PART 24
OFFSET  11.7639 -8.6056 -12.7550
X -0.6983 -0.6911 -0.1865
Y  0.7109 -0.6387 -0.2944
Z  0.0843 -0.3382  0.9373

PART 25
OFFSET  12.9848 -9.5808 -10.7179
X  0.2447 -0.9558 -0.1632
Y  0.9519  0.2049  0.2278
Z -0.1843 -0.2111  0.9599

PART 26
OFFSET  14.3100 -9.8455 -11.3134
X -0.7251 -0.6508 -0.2251
Y -0.6838  0.7191  0.1234
Z  0.0816  0.2434 -0.9665

PART 27
OFFSET  13.0334 -10.9914 -11.7097
X -0.8544  0.5194 -0.0128
Y  0.5063  0.8378  0.2045
Z  0.1169  0.1683 -0.9788

PART 28
OFFSET  11.9876 -10.3701 -11.6657
X -0.0502  0.9750  0.2165
Y  0.9980  0.0572 -0.0262
Z -0.0379  0.2148 -0.9759

PART 29
OFFSET  11.9309 -9.2689 -11.4211
X -0.8953 -0.3086 -0.3213
Y  0.3509 -0.9328 -0.0819
Z -0.2745 -0.1861  0.9434

PART 30
OFFSET  14.3122 -9.8231 -12.4179
X -0.8400 -0.5336 -0.0981
Y -0.5421  0.8182  0.1917
Z -0.0220  0.2142 -0.9765

PART 31
OFFSET  12.6712 -10.8655 -12.6095
X -0.7303  0.6627  0.1660
Y  0.6832  0.7068  0.1837
Z  0.0044  0.2475 -0.9689

PART 32
OFFSET  11.6046 -9.8975 -12.3671
X  0.1814  0.9448  0.2730
Y  0.9816 -0.1908  0.0080
Z  0.0596  0.2665 -0.9620

PART 33
OFFSET  11.8098 -8.8255 -12.0648
X -0.7699 -0.6196 -0.1529
Y  0.6371 -0.7322 -0.2409
Z  0.0373 -0.2829  0.9584

PART 34
OFFSET  12.3653 -9.7006 -13.0067
X  0.0097  0.3244 -0.9459
Y  0.8592  0.4813  0.1739
Z  0.5116 -0.8143 -0.2740

PART 35
OFFSET  11.9981 -4.5887 -13.1925
X  0.6419 -0.7631 -0.0752
Y  0.7630  0.6260  0.1612
Z -0.0759 -0.1608  0.9841

PART 36
OFFSET  10.5292 -5.2740 -13.6466
X  0.6419 -0.7631 -0.0752
Y  0.7630  0.6260  0.1612
Z -0.0759 -0.1608  0.9841

PART 37
OFFSET  12.0190 -5.4790 -10.7547
X  0.6419 -0.7631 -0.0752
Y  0.7630  0.6260  0.1612
Z -0.0759 -0.1608  0.9841

PART 38
OFFSET  10.9242 -6.2618 -10.7677
X  0.6419 -0.7631 -0.0752
Y  0.7630  0.6260  0.1612
Z -0.0759 -0.1608  0.9841

PART 39
OFFSET  10.3028 -6.1859 -11.7894
X  0.6419 -0.7631 -0.0752
Y  0.7630  0.6260  0.1612
Z -0.0759 -0.1608  0.9841

PART 40
OFFSET  4.2557 -3.8547 -7.7401
X  0.7891 -0.5600 -0.2524
Y  0.6016  0.7876  0.1332
Z  0.1242 -0.2570  0.9584

PART 41
OFFSET  4.2557 -3.8547 -7.7401
X  0.7891 -0.5600 -0.2524
Y  0.6016  0.7876  0.1332
Z  0.1242 -0.2570  0.9584

PART 42
OFFSET  7.6228 -6.2734 -8.5338
X  0.7891 -0.5600 -0.2524
Y  0.6016  0.7876  0.1332
Z  0.1242 -0.2570  0.9584

PART 43
OFFSET  9.2229 -8.7485 -7.5203
X  0.7891 -0.5600 -0.2524
Y  0.6016  0.7876  0.1332
Z  0.1242 -0.2570  0.9584

PART 44
OFFSET -3.5060 -7.9373 -3.1869
X -0.2101  0.1231  0.9699
Y  0.7190 -0.6527  0.2386
Z  0.6625  0.7475  0.0486

PART 45
OFFSET -0.9654 -9.4262 -14.9168
X  0.0234 -0.7369 -0.6756
Y  0.2915  0.6515 -0.7004
Z  0.9563 -0.1805  0.2300

PART 46
OFFSET -1.1647 -3.1590 -9.1702
X  0.0234 -0.7369 -0.6756
Y  0.4706 -0.5881  0.6577
Z -0.8820 -0.3334  0.3330

PART 47
OFFSET -2.5087 -2.3744 -7.9438
X  0.0191 -0.7402 -0.6721
Y -0.9604  0.1732 -0.2180
Z  0.2778  0.6497 -0.7076

PART 48
OFFSET -2.2174 -2.8260 -6.8728
X  0.0191 -0.7402 -0.6721
Y -0.9604  0.1732 -0.2180
Z  0.2778  0.6497 -0.7076

PART 49
OFFSET -0.8902 -2.8512 -6.6519
X  0.0191 -0.7402 -0.6721
Y -0.9604  0.1732 -0.2180
Z  0.2778  0.6497 -0.7076

PART 50
OFFSET -1.2366 -0.9000 -7.0988
X -0.7782  0.5712  0.2610
Y -0.0620  0.3437 -0.9370
Z -0.6250 -0.7454 -0.2321

PART 51
OFFSET -0.5701 -1.1826 -6.2168
X -0.8493  0.2354 -0.4725
Y  0.5258  0.2970 -0.7971
Z -0.0473 -0.9254 -0.3760

PART 52
OFFSET  1.2127 -1.6687 -5.0966
X -0.9545  0.2294  0.1903
Y -0.1269  0.2652 -0.9558
Z -0.2697 -0.9365 -0.2240

PART 53
OFFSET  2.7764 -1.9183 -5.4357
X -0.8160 -0.0559  0.5753
Y -0.5578  0.3371 -0.7584
Z -0.1515 -0.9398 -0.3063

PART 54
OFFSET  3.6752 -1.8206 -6.0310
X -0.6200  0.6319  0.4652
Y  0.7532  0.6453  0.1274
Z -0.2197  0.4294 -0.8760

PART 55
OFFSET -0.5182 -0.8647 -8.2762
X -0.6295  0.2401  0.7390
Y -0.5679 -0.7913 -0.2266
Z  0.5304 -0.5623  0.6345

PART 56
OFFSET  1.0431 -1.3890 -9.8163
X -0.8928  0.0534  0.4472
Y -0.2806 -0.8427 -0.4595
Z  0.3523 -0.5358  0.7673

PART 57
OFFSET  2.3071 -1.4647 -10.4495
X -0.7301 -0.6686 -0.1414
Y  0.6071 -0.5396 -0.5832
Z  0.3137 -0.5117  0.7999

PART 58
OFFSET  2.9544 -0.8719 -10.3241
X -0.1790 -0.8400 -0.5122
Y  0.9156  0.0483 -0.3992
Z  0.3600 -0.5405  0.7604

PART 59
OFFSET  3.1245 -0.0739 -9.8375
X -0.4899  0.6903  0.5324
Y  0.8519  0.5087  0.1244
Z -0.1850  0.5145 -0.8373

PART 60
OFFSET -0.3931 -1.3228 -7.7433
X -0.7253  0.4335  0.5348
Y -0.6056 -0.7713 -0.1960
Z  0.3275 -0.4660  0.8219

PART 61
OFFSET  1.4273 -2.3958 -9.2576
X -0.9275  0.0072  0.3737
Y -0.1978 -0.8578 -0.4743
Z  0.3171 -0.5139  0.7971

PART 62
OFFSET  3.0064 -2.4081 -9.8938
X -0.6565 -0.7234 -0.2137
Y  0.6947 -0.4694 -0.5450
Z  0.2940 -0.5062  0.8107

PART 63
OFFSET  3.9163 -1.4055 -9.5977
X -0.1175 -0.8637 -0.4901
Y  0.9474  0.0505 -0.3161
Z  0.2978 -0.5015  0.8123

PART 64
OFFSET  4.0437 -0.4688 -9.0661
X -0.4302  0.6541  0.6221
Y  0.8298  0.5579 -0.0127
Z -0.3554  0.5108 -0.7828

PART 65
OFFSET -4.7579  0.7872 -5.3445
X -0.8940  0.2637  0.3623
Y  0.3690  0.8920  0.2611
Z -0.2543  0.3671 -0.8947

PART 66
OFFSET  1.6101 -3.6620 -7.4955
X -0.9996  0.0284 -0.0038
Y -0.0263 -0.9609 -0.2756
Z -0.0115 -0.2754  0.9613

PART 67
OFFSET  3.3701 -3.7121 -7.4888
X -0.9085 -0.4062 -0.0981
Y  0.4179 -0.8861 -0.2006
Z -0.0055 -0.2232  0.9748

PART 68
OFFSET  4.4742 -3.2318 -7.3103
X -0.7479 -0.6256 -0.2220
Y  0.6610 -0.7324 -0.1633
Z -0.0604 -0.2689  0.9613

PART 69
OFFSET  5.3190 -2.5252 -7.0595
X -0.3702  0.7891  0.4901
Y  0.9124  0.4080  0.0323
Z -0.1744  0.4591 -0.8711

PART 70
OFFSET  1.5720 -3.0945 -8.4426
X -0.9941 -0.0029  0.1082
Y -0.0367 -0.9314 -0.3621
Z  0.1019 -0.3639  0.9258

PART 71
OFFSET  3.5141 -3.0888 -8.6540
X -0.6618 -0.7229 -0.1985
Y  0.7364 -0.5774 -0.3525
Z  0.1402 -0.3795  0.9145

PART 72
OFFSET  4.4808 -2.0329 -8.3640
X -0.1440 -0.9190 -0.3669
Y  0.9700 -0.0576 -0.2364
Z  0.1961 -0.3899  0.8997

PART 73
OFFSET  4.6431 -0.9893 -7.9550
X -0.5217  0.7664  0.3748
Y  0.8473  0.5169  0.1222
Z -0.1001  0.3813 -0.9190

PART 74
OFFSET -2.5087 -2.3745 -7.9438
X  0.0191 -0.7402 -0.6721
Y -0.9604  0.1732 -0.2180
Z  0.2778  0.6497 -0.7076

PART 75
OFFSET -2.2176 -2.8260 -6.8728
X  0.0191 -0.7402 -0.6721
Y -0.9604  0.1732 -0.2180
Z  0.2778  0.6497 -0.7076

PART 76
OFFSET -0.8901 -2.8512 -6.6520
X  0.0191 -0.7402 -0.6721
