// Export filename: `C:\projects\cod\t5\xanim_export\t5_viewmodels\ak74u\ak74u_grip_putaway_quick.XANIM_EXPORT`
// Source filename: `D:\projects\devanim\t5\animation_assets\viewmodels\ak74u/t5_viewmodel_ak74u_animated.fbx`
// Export time: Sat Aug 28 17:51:45 2010

ANIMATION
VERSION 3

NUMPARTS 80
PART 0 "tag_ads"
PART 1 "tag_torso"
PART 2 "J_Shoulder_LE"
PART 3 "J_Elbow_LE"
PART 4 "J_WristTwist_LE"
PART 5 "J_Sleave_Reshape_Bottom_LE_1"
PART 6 "J_Sleave_Reshape_Bottom_LE_2"
PART 7 "J_Sleave_Reshape_Top_LE_1"
PART 8 "J_Sleave_Reshape_Top_LE_2"
PART 9 "J_Sleave_Reshape_Top_LE_3"
PART 10 "J_Wrist_LE"
PART 11 "J_Thumb_LE_0"
PART 12 "J_Thumb_LE_1"
PART 13 "J_Thumb_LE_2"
PART 14 "J_Thumb_LE_3"
PART 15 "J_PinkyPalm_LE"
PART 16 "J_Pinky_LE_0"
PART 17 "J_Pinky_LE_1"
PART 18 "J_Pinky_LE_2"
PART 19 "J_Pinky_LE_3"
PART 20 "J_RingPalm_LE"
PART 21 "J_Ring_LE_0"
PART 22 "J_Ring_LE_1"
PART 23 "J_Ring_LE_2"
PART 24 "J_Ring_LE_3"
PART 25 "J_Webbing_LE"
PART 26 "J_Index_LE_0"
PART 27 "J_Index_LE_1"
PART 28 "J_Index_LE_2"
PART 29 "J_Index_LE_3"
PART 30 "J_Mid_LE_0"
PART 31 "J_Mid_LE_1"
PART 32 "J_Mid_LE_2"
PART 33 "J_Mid_LE_3"
PART 34 "tag_knife_attach"
PART 35 "D_Sleave_Reshape_Bottom_LE_1"
PART 36 "D_Sleave_Reshape_Bottom_LE_2"
PART 37 "D_Sleave_Reshape_Top_LE_1"
PART 38 "D_Sleave_Reshape_Top_LE_2"
PART 39 "D_Sleave_Reshape_Top_LE_3"
PART 40 "tag_weapon"
PART 41 "J_Gun"
PART 42 "TAG_CLIP"
PART 43 "J_Bolt"
PART 44 "J_Shoulder_RI"
PART 45 "J_Elbow_RI"
PART 46 "J_WristTwist_RI"
PART 47 "J_Sleave_Reshape_Top_RI_3"
PART 48 "J_Sleave_Reshape_Top_RI_2"
PART 49 "J_Sleave_Reshape_Top_RI_1"
PART 50 "J_Wrist_RI"
PART 51 "J_Thumb_RI_0"
PART 52 "J_Thumb_RI_1"
PART 53 "J_Thumb_RI_2"
PART 54 "J_Thumb_RI_3"
PART 55 "J_PinkyPalm_RI"
PART 56 "J_Pinky_RI_0"
PART 57 "J_Pinky_RI_1"
PART 58 "J_Pinky_RI_2"
PART 59 "J_Pinky_RI_3"
PART 60 "J_RingPalm_RI"
PART 61 "J_Ring_RI_0"
PART 62 "J_Ring_RI_1"
PART 63 "J_Ring_RI_2"
PART 64 "J_Ring_RI_3"
PART 65 "J_Webbing_RI"
PART 66 "J_Index_RI_0"
PART 67 "J_Index_RI_1"
PART 68 "J_Index_RI_2"
PART 69 "J_Index_RI_3"
PART 70 "J_Mid_RI_0"
PART 71 "J_Mid_RI_1"
PART 72 "J_Mid_RI_2"
PART 73 "J_Mid_RI_3"
PART 74 "D_Sleave_Reshape_Top_RI_3"
PART 75 "D_Sleave_Reshape_Top_RI_2"
PART 76 "D_Sleave_Reshape_Top_RI_1"
PART 77 "tag_cambone"
PART 78 "tag_camera"
PART 79 "tag_gasmask"

FRAMERATE 30
NUMFRAMES 11

FRAME 3500
PART 0
OFFSET  0.0000 -0.0000 -0.0000
X  1.0000 -0.0000  0.0000
Y  0.0000  1.0000  0.0000
Z  0.0000 -0.0000  1.0000

PART 1
OFFSET -4.6318 -0.0000 -1.3770
X  1.0000 -0.0000  0.0000
Y  0.0000  1.0000  0.0000
Z  0.0000 -0.0000  1.0000

PART 2
OFFSET -1.6642  7.9373 -3.1869
X  0.7233 -0.2668 -0.6370
Y -0.1082 -0.9548  0.2770
Z -0.6821 -0.1315 -0.7194

PART 3
OFFSET  7.0828  4.7109 -10.8903
X  0.8419 -0.4587  0.2842
Y -0.3114  0.0172  0.9501
Z -0.4407 -0.8884 -0.1284

PART 4
OFFSET  14.2434  0.8092 -8.4727
X  0.8419 -0.4587  0.2842
Y -0.3424 -0.0470  0.9384
Z -0.4171 -0.8873 -0.1966

PART 5
OFFSET  16.4963  1.5160 -8.4668
X  0.8449 -0.4564  0.2789
Y  0.4428  0.8894  0.1139
Z -0.3000  0.0273  0.9535

PART 6
OFFSET  15.1663 -0.3265 -9.4711
X  0.8449 -0.4564  0.2789
Y  0.4428  0.8894  0.1139
Z -0.3000  0.0273  0.9535

PART 7
OFFSET  15.7460  0.6517 -6.4162
X  0.8449 -0.4564  0.2789
Y  0.4428  0.8894  0.1139
Z -0.3000  0.0273  0.9535

PART 8
OFFSET  15.0110 -0.4759 -6.4095
X  0.8449 -0.4564  0.2789
Y  0.4428  0.8894  0.1139
Z -0.3000  0.0273  0.9535

PART 9
OFFSET  14.7192 -0.8548 -7.5081
X  0.8449 -0.4564  0.2789
Y  0.4428  0.8894  0.1139
Z -0.3000  0.0273  0.9535

PART 10
OFFSET  16.8243 -0.5972 -7.6013
X  0.8454 -0.3940  0.3606
Y -0.3904  0.0049  0.9206
Z -0.3645 -0.9191 -0.1497

PART 11
OFFSET  16.6782 -1.1471 -6.6121
X  0.1769 -0.8655  0.4686
Y -0.5291  0.3178  0.7868
Z -0.8299 -0.3871 -0.4017

PART 12
OFFSET  16.9609 -3.0046 -5.5447
X  0.7292 -0.6256 -0.2774
Y -0.2044 -0.5859  0.7842
Z -0.6531 -0.5151 -0.5551

PART 13
OFFSET  18.0771 -4.0373 -6.1014
X  0.5254 -0.0018 -0.8509
Y  0.3954 -0.8850  0.2460
Z -0.7534 -0.4657 -0.4642

PART 14
OFFSET  18.6175 -4.0756 -7.0386
X  0.9533  0.1154 -0.2792
Y  0.1506  0.6196  0.7703
Z  0.2619 -0.7764  0.5733

PART 15
OFFSET  17.8841 -1.1216 -8.3121
X  0.9004 -0.3653 -0.2363
Y -0.4126 -0.8894 -0.1968
Z -0.1383  0.2747 -0.9515

PART 16
OFFSET  19.8766 -2.0916 -8.7286
X  0.1824 -0.9765  0.1148
Y -0.9743 -0.1638  0.1548
Z -0.1324 -0.1401 -0.9812

PART 17
OFFSET  20.1348 -3.4741 -8.5661
X -0.9452 -0.2896  0.1507
Y -0.3110  0.9391 -0.1462
Z -0.0992 -0.1851 -0.9777

PART 18
OFFSET  19.2968 -3.7308 -8.4325
X -0.8935  0.4466  0.0466
Y  0.4351  0.8867 -0.1563
Z -0.1112 -0.1194 -0.9866

PART 19
OFFSET  18.4479 -3.3065 -8.3881
X  0.4263 -0.8810  0.2051
Y  0.8894  0.3669 -0.2727
Z  0.1650  0.2987  0.9400

PART 20
OFFSET  17.8614 -1.0767 -7.6001
X  0.9222 -0.3820  0.0595
Y -0.3643 -0.9101 -0.1973
Z  0.1296  0.1603 -0.9785

PART 21
OFFSET  20.2822 -2.0243 -7.5866
X  0.0244 -0.9967 -0.0768
Y -0.9973 -0.0296  0.0672
Z -0.0693  0.0750 -0.9948

PART 22
OFFSET  20.3237 -3.7213 -7.7173
X -0.9898 -0.1318  0.0540
Y -0.1287  0.9901  0.0560
Z -0.0608  0.0485 -0.9970

PART 23
OFFSET  18.9519 -3.9039 -7.6425
X -0.6186  0.7824  0.0722
Y  0.7838  0.6208 -0.0125
Z -0.0546  0.0489 -0.9973

PART 24
OFFSET  18.2811 -3.0553 -7.5642
X  0.0563 -0.9933 -0.1011
Y  0.9983  0.0575 -0.0087
Z  0.0145 -0.1004  0.9948

PART 25
OFFSET  18.6151 -2.2967 -5.1081
X  0.7696 -0.6273  0.1196
Y  0.5789  0.7644  0.2839
Z -0.2695 -0.1492  0.9514

PART 26
OFFSET  19.9595 -1.7873 -5.4461
X  0.3284 -0.9432 -0.0502
Y -0.9288 -0.3127 -0.1990
Z  0.1720  0.1120 -0.9787

PART 27
OFFSET  20.5376 -3.4479 -5.5346
X -0.9210 -0.2730 -0.2780
Y -0.2894  0.9570  0.0187
Z  0.2609  0.0977 -0.9604

PART 28
OFFSET  19.4021 -3.7857 -5.8141
X -0.7592  0.6453 -0.0846
Y  0.6388  0.7637  0.0930
Z  0.1247  0.0165 -0.9921

PART 29
OFFSET  18.5446 -3.0568 -5.9097
X -0.2945 -0.8949 -0.3354
Y  0.8917 -0.3835  0.2405
Z -0.3438 -0.2283  0.9109

PART 30
OFFSET  20.2275 -1.9154 -6.5102
X  0.1439 -0.9895 -0.0094
Y -0.9835 -0.1420 -0.1117
Z  0.1092  0.0253 -0.9937

PART 31
OFFSET  20.5086 -3.8486 -6.5286
X -0.9930 -0.0691 -0.0957
Y -0.0748  0.9955  0.0573
Z  0.0913  0.0641 -0.9938

PART 32
OFFSET  19.0582 -3.9495 -6.6683
X -0.6009  0.7989  0.0264
Y  0.7912  0.5898  0.1616
Z  0.1136  0.1180 -0.9865

PART 33
OFFSET  18.3779 -3.0443 -6.6455
X -0.0519 -0.9968 -0.0604
Y  0.9980 -0.0539  0.0329
Z -0.0360 -0.0586  0.9976

PART 34
OFFSET  18.7712 -3.0687 -7.3478
X  0.0648  0.1353 -0.9887
Y  0.3645  0.9191  0.1497
Z  0.9289 -0.3701  0.0102

PART 35
OFFSET  16.1435  0.9469 -8.9640
X  0.8449 -0.4564  0.2789
Y  0.4428  0.8894  0.1139
Z -0.3000  0.0273  0.9535

PART 36
OFFSET  15.1663 -0.3265 -9.4711
X  0.8449 -0.4564  0.2789
Y  0.4428  0.8894  0.1139
Z -0.3000  0.0273  0.9535

PART 37
OFFSET  15.7460  0.6517 -6.4162
X  0.8449 -0.4564  0.2789
Y  0.4428  0.8894  0.1139
Z -0.3000  0.0273  0.9535

PART 38
OFFSET  15.0110 -0.4759 -6.4095
X  0.8449 -0.4564  0.2789
Y  0.4428  0.8894  0.1139
Z -0.3000  0.0273  0.9535

PART 39
OFFSET  14.7192 -0.8548 -7.5081
X  0.8449 -0.4564  0.2789
Y  0.4428  0.8894  0.1139
Z -0.3000  0.0273  0.9535

PART 40
OFFSET  7.7688 -2.6416 -4.8099
X  1.0000 -0.0000  0.0000
Y  0.0000  1.0000  0.0000
Z  0.0000 -0.0000  1.0000

PART 41
OFFSET  7.7688 -2.6416 -4.8099
X  1.0000 -0.0000  0.0000
Y  0.0000  1.0000  0.0000
Z  0.0000 -0.0000  1.0000

PART 42
OFFSET  11.9806 -2.6266 -4.5308
X  1.0000 -0.0000  0.0000
Y  0.0000  1.0000  0.0000
Z  0.0000 -0.0000  1.0000

PART 43
OFFSET  14.3735 -3.4784 -2.7246
X  1.0000 -0.0000  0.0000
Y  0.0000  1.0000  0.0000
Z  0.0000 -0.0000  1.0000

PART 44
OFFSET -13.9227 -7.9373 -3.1869
X -0.6053  0.0162  0.7958
Y -0.1718 -0.9789 -0.1107
Z  0.7772 -0.2037  0.5953

PART 45
OFFSET -6.6022 -8.1338 -12.8116
X -0.8222 -0.3196 -0.4710
Y  0.5121 -0.0542 -0.8572
Z  0.2484 -0.9460  0.2082

PART 46
OFFSET  0.3912 -5.4156 -8.8058
X -0.8222 -0.3196 -0.4710
Y  0.5374 -0.1634 -0.8273
Z  0.1874 -0.9334  0.3061

PART 47
OFFSET  0.9106 -3.8330 -7.7329
X -0.8259 -0.3166 -0.4664
Y -0.2534  0.9476 -0.1946
Z  0.5036 -0.0425 -0.8629

PART 48
OFFSET  0.8857 -4.2320 -6.6033
X -0.8259 -0.3166 -0.4664
Y -0.2534  0.9476 -0.1946
Z  0.5036 -0.0425 -0.8629

PART 49
OFFSET  1.4070 -5.4649 -6.4654
X -0.8259 -0.3166 -0.4664
Y -0.2534  0.9476 -0.1946
Z  0.5036 -0.0425 -0.8629

PART 50
OFFSET  2.9119 -4.4359 -7.3619
X -0.9546 -0.1418 -0.2621
Y  0.2850 -0.1775 -0.9420
Z  0.0871 -0.9739  0.2098

PART 51
OFFSET  3.0305 -3.8010 -6.4212
X -0.4986 -0.6783 -0.5397
Y  0.5783  0.2035 -0.7900
Z  0.6457 -0.7060  0.2908

PART 52
OFFSET  4.0128 -2.3183 -5.1938
X -0.9028 -0.3483  0.2521
Y -0.0610 -0.4767 -0.8770
Z  0.4256 -0.8071  0.4091

PART 53
OFFSET  5.4190 -1.6940 -5.6990
X -0.5336 -0.0214  0.8455
Y -0.6557 -0.6209 -0.4295
Z  0.5342 -0.7836  0.3173

PART 54
OFFSET  5.9827 -1.6245 -6.6205
X -0.8721  0.3596  0.3318
Y  0.0986  0.7934 -0.6007
Z -0.4792 -0.4912 -0.7274

PART 55
OFFSET  4.0072 -4.3092 -8.1912
X -0.9338 -0.2716  0.2329
Y  0.3213 -0.9230  0.2116
Z  0.1575  0.2724  0.9492

PART 56
OFFSET  6.0889 -3.5460 -8.6022
X -0.1064 -0.9920  0.0680
Y  0.9470 -0.1219 -0.2972
Z  0.3031  0.0328  0.9524

PART 57
OFFSET  6.2395 -2.1416 -8.6984
X  0.7704 -0.5952 -0.2284
Y  0.5756  0.8034 -0.1522
Z  0.2741 -0.0142  0.9616

PART 58
OFFSET  5.5564 -1.6139 -8.4959
X  0.9043  0.2998 -0.3040
Y -0.2988  0.9530  0.0509
Z  0.3049  0.0448  0.9513

PART 59
OFFSET  4.6973 -1.8987 -8.2071
X -0.5482 -0.8340  0.0630
Y -0.7690  0.5322  0.3543
Z -0.3290  0.1458 -0.9330

PART 60
OFFSET  4.0399 -4.2960 -7.4782
X -0.9690 -0.2439  0.0388
Y  0.2458 -0.9373  0.2469
Z -0.0239  0.2488  0.9683

PART 61
OFFSET  6.5638 -3.7206 -7.7173
X -0.1328 -0.9741  0.1828
Y  0.9405 -0.1821 -0.2870
Z  0.3128  0.1338  0.9403

PART 62
OFFSET  6.7899 -2.0621 -8.0285
X  0.8812 -0.4114 -0.2327
Y  0.3642  0.9048 -0.2204
Z  0.3012  0.1095  0.9472

PART 63
OFFSET  5.5686 -1.4920 -7.7060
X  0.8304  0.4610 -0.3130
Y -0.4723  0.8804  0.0436
Z  0.2956  0.1116  0.9488

PART 64
OFFSET  4.6680 -1.9919 -7.3665
X -0.3960 -0.8751  0.2782
Y -0.8751  0.4514  0.1743
Z -0.2781 -0.1744 -0.9446

PART 65
OFFSET -1.2553 -5.3980 -7.5437
X -0.9291 -0.3699 -0.0061
Y -0.3495  0.8829 -0.3136
Z  0.1213 -0.2892 -0.9496

PART 66
OFFSET  6.4488 -4.1115 -5.5522
X -0.9803 -0.1931 -0.0406
Y  0.1869 -0.9747  0.1229
Z -0.0633  0.1129  0.9916

PART 67
OFFSET  8.1748 -3.7715 -5.4807
X -0.9741 -0.2239 -0.0304
Y  0.2152 -0.9603  0.1773
Z -0.0689  0.1662  0.9837

PART 68
OFFSET  9.3549 -3.4893 -5.3840
X -0.9659 -0.2397 -0.0981
Y  0.2227 -0.9620  0.1579
Z -0.1323  0.1307  0.9826

PART 69
OFFSET  10.4459 -3.2185 -5.2731
X  0.0762  0.9832  0.1658
Y  0.9969 -0.0787  0.0085
Z  0.0214  0.1646 -0.9861

PART 70
OFFSET  6.6406 -4.1444 -6.6397
X -0.2627 -0.9406  0.2150
Y  0.9570 -0.2824 -0.0663
Z  0.1231  0.1883  0.9744

PART 71
OFFSET  7.1538 -2.3069 -7.0597
X  0.8288 -0.5596 -0.0009
Y  0.5392  0.7990 -0.2664
Z  0.1498  0.2203  0.9639

PART 72
OFFSET  5.9432 -1.4895 -7.0585
X  0.8851  0.3871 -0.2584
Y -0.4386  0.8795 -0.1846
Z  0.1558  0.2767  0.9482

PART 73
OFFSET  4.9394 -1.9293 -6.7726
X -0.4085 -0.8763  0.2554
Y -0.8912  0.4434  0.0957
Z -0.1971 -0.1885 -0.9621

PART 74
OFFSET  0.9106 -3.8330 -7.7328
X -0.8259 -0.3166 -0.4664
Y -0.2534  0.9476 -0.1946
Z  0.5036 -0.0425 -0.8629

PART 75
OFFSET  0.8856 -4.2318 -6.6032
X -0.8259 -0.3166 -0.4664
Y -0.2534  0.9476 -0.1946
Z  0.5036 -0.0425 -0.8629

PART 76
OFFSET  1.4071 -5.4649 -6.4655
X -0.8259 -0.3166 -0.4664
Y -0.2534  0.9476 -0.1946
Z  0.5036 -0.0425 -0.8629

PART 77
OFFSET  0.0000 -0.0000 -0.0000
X  1.0000 -0.0000  0.0000
Y  0.0000  1.0000  0.0000
Z  0.0000 -0.0000  1.0000

PART 78
OFFSET  0.0000 -0.0000 -0.0000
X  1.0000 -0.0000  0.0000
Y  0.0000  1.0000  0.0000
Z  0.0000 -0.0000  1.0000

PART 79
OFFSET  1.5404 -0.0000  4.1357
X  1.0000 -0.0000  0.0000
Y  0.0000  1.0000  0.0000
Z  0.0000 -0.0000  1.0000


FRAME 3501
PART 0
OFFSET  0.0000 -0.0000 -0.0000
X  1.0000 -0.0000  0.0000
Y  0.0000  1.0000  0.0000
Z  0.0000 -0.0000  1.0000

PART 1
OFFSET -4.6318 -0.0000 -1.3770
X  1.0000 -0.0000  0.0000
Y  0.0000  1.0000  0.0000
Z  0.0000 -0.0000  1.0000

PART 2
OFFSET -1.6080  7.9399 -3.3763
X  0.7101 -0.2531 -0.6571
Y -0.0904 -0.9582  0.2714
Z -0.6983 -0.1334 -0.7033

PART 3
OFFSET  6.9795  4.8789 -11.3229
X  0.8420 -0.4507  0.2964
Y -0.3208  0.0233  0.9469
Z -0.4337 -0.8924 -0.1250

PART 4
OFFSET  14.1412  1.0452 -8.8020
X  0.8420 -0.4507  0.2964
Y -0.3456 -0.0289  0.9379
Z -0.4142 -0.8922 -0.1801

PART 5
OFFSET  16.3893  1.7669 -8.7803
X  0.8451 -0.4484  0.2911
Y  0.4359  0.8932  0.1105
Z -0.3095  0.0335  0.9503

PART 6
OFFSET  15.0811 -0.0929 -9.7815
X  0.8451 -0.4484  0.2911
Y  0.4359  0.8932  0.1105
Z -0.3095  0.0335  0.9503

PART 7
OFFSET  15.6245  0.9153 -6.7297
X  0.8451 -0.4484  0.2911
Y  0.4359  0.8932  0.1105
Z -0.3095  0.0335  0.9503

PART 8
OFFSET  14.8969 -0.2169 -6.7204
X  0.8451 -0.4484  0.2911
Y  0.4359  0.8932  0.1105
Z -0.3095  0.0335  0.9503

PART 9
OFFSET  14.6183 -0.6072 -7.8185
X  0.8451 -0.4484  0.2911
Y  0.4359  0.8932  0.1105
Z -0.3095  0.0335  0.9503

PART 10
OFFSET  16.7225 -0.3366 -7.8934
X  0.8599 -0.3675  0.3542
Y -0.3755  0.0147  0.9267
Z -0.3458 -0.9299 -0.1253

PART 11
OFFSET  16.6050 -0.8695 -6.8912
X  0.2042 -0.8516  0.4827
Y -0.5234  0.3217  0.7890
Z -0.8272 -0.4138 -0.3801

PART 12
OFFSET  16.9474 -2.6982 -5.7919
X  0.7387 -0.6145 -0.2770
Y -0.1782 -0.5744  0.7990
Z -0.6501 -0.5408 -0.5338

PART 13
OFFSET  18.0777 -3.7166 -6.3466
X  0.5115 -0.0072 -0.8593
Y  0.4194 -0.8707  0.2569
Z -0.7500 -0.4918 -0.4423

PART 14
OFFSET  18.6036 -3.7617 -7.2917
X  0.9457  0.1312 -0.2972
Y  0.1488  0.6383  0.7553
Z  0.2888 -0.7585  0.5841

PART 15
OFFSET  17.7823 -0.8513 -8.6112
X  0.9045 -0.3497 -0.2440
Y -0.3953 -0.9023 -0.1722
Z -0.1599  0.2522 -0.9544

PART 16
OFFSET  19.7895 -1.7844 -9.0415
X  0.2065 -0.9696  0.1311
Y -0.9676 -0.1825  0.1742
Z -0.1450 -0.1629 -0.9759

PART 17
OFFSET  20.0819 -3.1571 -8.8558
X -0.9358 -0.3077  0.1721
Y -0.3347  0.9287 -0.1596
Z -0.1107 -0.2070 -0.9721

PART 18
OFFSET  19.2522 -3.4300 -8.7032
X -0.9026  0.4273  0.0526
Y  0.4121  0.8929 -0.1811
Z -0.1244 -0.1418 -0.9821

PART 19
OFFSET  18.3947 -3.0240 -8.6532
X  0.4496 -0.8668  0.2155
Y  0.8762  0.3813 -0.2947
Z  0.1733  0.3213  0.9310

PART 20
OFFSET  17.7702 -0.7925 -7.8999
X  0.9316 -0.3599  0.0518
Y -0.3465 -0.9219 -0.1731
Z  0.1100  0.1433 -0.9835

PART 21
OFFSET  20.2119 -1.6849 -7.9079
X  0.0459 -0.9973 -0.0574
Y -0.9951 -0.0507  0.0844
Z -0.0871  0.0533 -0.9948

PART 22
OFFSET  20.2901 -3.3828 -8.0056
X -0.9855 -0.1529  0.0730
Y -0.1504  0.9879  0.0385
Z -0.0780  0.0269 -0.9966

PART 23
OFFSET  18.9242 -3.5947 -7.9044
X -0.6350  0.7696  0.0669
Y  0.7692  0.6379 -0.0378
Z -0.0718  0.0275 -0.9970

PART 24
OFFSET  18.2355 -2.7600 -7.8318
X  0.0774 -0.9936 -0.0823
Y  0.9965  0.0798 -0.0265
Z  0.0329 -0.0799  0.9963

PART 25
OFFSET  18.5918 -1.9446 -5.3971
X  0.7855 -0.6072  0.1192
Y  0.5658  0.7828  0.2590
Z -0.2506 -0.1360  0.9585

PART 26
OFFSET  19.9185 -1.4120 -5.7675
X  0.3490 -0.9364 -0.0370
Y -0.9245 -0.3375 -0.1773
Z  0.1535  0.0960 -0.9835

PART 27
OFFSET  20.5329 -3.0606 -5.8326
X -0.9189 -0.2992 -0.2571
Y -0.3108  0.9505  0.0045
Z  0.2430  0.0841 -0.9664

PART 28
OFFSET  19.4011 -3.4295 -6.0865
X -0.7750  0.6262 -0.0848
Y  0.6226  0.7796  0.0672
Z  0.1082 -0.0007 -0.9941

PART 29
OFFSET  18.5257 -2.7222 -6.1822
X -0.2793 -0.9079 -0.3127
Y  0.9040 -0.3584  0.2332
Z -0.3237 -0.2175  0.9208

PART 30
OFFSET  20.1721 -1.5556 -6.8331
X  0.1663 -0.9860  0.0078
Y -0.9817 -0.1663 -0.0925
Z  0.0925  0.0077 -0.9957

PART 31
OFFSET  20.4970 -3.4818 -6.8179
X -0.9926 -0.0934 -0.0777
Y -0.0966  0.9946  0.0388
Z  0.0737  0.0460 -0.9962

PART 32
OFFSET  19.0472 -3.6182 -6.9314
X -0.6185  0.7855  0.0205
Y  0.7801  0.6106  0.1367
Z  0.0949  0.1006 -0.9904

PART 33
OFFSET  18.3469 -2.7282 -6.9153
X -0.0301 -0.9988 -0.0397
Y  0.9994 -0.0308  0.0173
Z -0.0185 -0.0392  0.9991

PART 34
OFFSET  18.7292 -2.7580 -7.6233
X  0.0456  0.1167 -0.9921
Y  0.3458  0.9299  0.1253
Z  0.9372 -0.3488  0.0021

PART 35
OFFSET  16.0451  1.1912 -9.2760
X  0.8451 -0.4484  0.2911
Y  0.4359  0.8932  0.1105
Z -0.3095  0.0335  0.9503

PART 36
OFFSET  15.0811 -0.0929 -9.7815
X  0.8451 -0.4484  0.2911
Y  0.4359  0.8932  0.1105
Z -0.3095  0.0335  0.9503

PART 37
OFFSET  15.6245  0.9153 -6.7297
X  0.8451 -0.4484  0.2911
Y  0.4359  0.8932  0.1105
Z -0.3095  0.0335  0.9503

PART 38
OFFSET  14.8969 -0.2169 -6.7204
X  0.8451 -0.4484  0.2911
Y  0.4359  0.8932  0.1105
Z -0.3095  0.0335  0.9503

PART 39
OFFSET  14.6183 -0.6072 -7.8185
X  0.8451 -0.4484  0.2911
Y  0.4359  0.8932  0.1105
Z -0.3095  0.0335  0.9503

PART 40
OFFSET  7.7624 -2.5275 -4.9117
X  0.9996  0.0225 -0.0166
Y -0.0228  0.9995 -0.0198
Z  0.0162  0.0202  0.9997

PART 41
OFFSET  7.7624 -2.5275 -4.9117
X  0.9996  0.0225 -0.0166
Y -0.0228  0.9995 -0.0198
Z  0.0162  0.0202  0.9997

PART 42
OFFSET  11.9767 -2.4121 -4.7030
X  0.9996  0.0225 -0.0166
Y -0.0228  0.9995 -0.0198
Z  0.0162  0.0202  0.9997

PART 43
OFFSET  14.4174 -3.1731 -2.9204
X  0.9996  0.0225 -0.0166
Y -0.0228  0.9995 -0.0198
Z  0.0162  0.0202  0.9997

PART 44
OFFSET -13.8292 -7.9373 -3.1869
X -0.5995  0.0177  0.8002
Y -0.1759 -0.9782 -0.1101
Z  0.7808 -0.2068  0.5896

PART 45
OFFSET -6.5787 -8.1515 -12.8640
X -0.8198 -0.3171 -0.4768
Y  0.5168 -0.0511 -0.8546
Z  0.2467 -0.9470  0.2058

PART 46
OFFSET  0.3939 -5.4542 -8.8083
X -0.8198 -0.3171 -0.4768
Y  0.5422 -0.1618 -0.8245
Z  0.1843 -0.9345  0.3046

PART 47
OFFSET  0.9083 -3.8763 -7.7260
X -0.8235 -0.3142 -0.4723
Y -0.2517  0.9485 -0.1921
Z  0.5084 -0.0393 -0.8602

PART 48
OFFSET  0.8769 -4.2798 -6.5982
X -0.8235 -0.3142 -0.4723
Y -0.2517  0.9485 -0.1921
Z  0.5084 -0.0393 -0.8602

PART 49
OFFSET  1.3967 -5.5137 -6.4625
X -0.8235 -0.3142 -0.4723
Y -0.2517  0.9485 -0.1921
Z  0.5084 -0.0393 -0.8602

PART 50
OFFSET  2.9071 -4.4820 -7.3464
X -0.9552 -0.1685 -0.2433
Y  0.2737 -0.1900 -0.9429
Z  0.1127 -0.9672  0.2276

PART 51
OFFSET  3.0264 -3.8257 -6.4205
X -0.4926 -0.7004 -0.5165
Y  0.5609  0.1981 -0.8038
Z  0.6653 -0.6857  0.2953

PART 52
OFFSET  3.9965 -2.2959 -5.2422
X -0.8912 -0.3629  0.2722
Y -0.0625 -0.4961 -0.8660
Z  0.4494 -0.7888  0.4194

PART 53
OFFSET  5.3811 -1.6512 -5.7804
X -0.5197 -0.0142  0.8542
Y -0.6486 -0.6442 -0.4054
Z  0.5561 -0.7647  0.3256

PART 54
OFFSET  5.9287 -1.5899 -6.7121
X -0.8745  0.3480  0.3379
Y  0.0718  0.7819 -0.6193
Z -0.4797 -0.5173 -0.7088

PART 55
OFFSET  3.9857 -4.3474 -8.1961
X -0.9238 -0.2859  0.2546
Y  0.3441 -0.9117  0.2247
Z  0.1679  0.2952  0.9406

PART 56
OFFSET  6.0436 -3.5502 -8.6588
X -0.0863 -0.9925  0.0864
Y  0.9450 -0.1090 -0.3082
Z  0.3153  0.0551  0.9474

PART 57
OFFSET  6.1658 -2.1450 -8.7812
X  0.7815 -0.5800 -0.2298
Y  0.5537  0.8146 -0.1727
Z  0.2874  0.0077  0.9578

PART 58
OFFSET  5.4729 -1.6308 -8.5774
X  0.8927  0.3160 -0.3212
Y -0.3206  0.9464  0.0400
Z  0.3166  0.0673  0.9462

PART 59
OFFSET  4.6247 -1.9310 -8.2723
X -0.5274 -0.8455  0.0838
Y -0.7765  0.5196  0.3564
Z -0.3449  0.1229 -0.9306

PART 60
OFFSET  4.0296 -4.3191 -7.4842
X -0.9628 -0.2634  0.0598
Y  0.2698 -0.9268  0.2614
Z -0.0135  0.2678  0.9634

PART 61
OFFSET  6.5364 -3.6956 -7.7766
X -0.1109 -0.9730  0.2025
Y  0.9404 -0.1686 -0.2954
Z  0.3215  0.1577  0.9337

PART 62
OFFSET  6.7252 -2.0390 -8.1213
X  0.8878 -0.3946 -0.2370
Y  0.3398  0.9091 -0.2408
Z  0.3105  0.1332  0.9412

PART 63
OFFSET  5.4949 -1.4921 -7.7929
X  0.8165  0.4724 -0.3318
Y -0.4902  0.8710  0.0336
Z  0.3049  0.1353  0.9427

PART 64
OFFSET  4.6093 -2.0044 -7.4330
X -0.3740 -0.8779  0.2991
Y -0.8822  0.4362  0.1771
Z -0.2860 -0.1976 -0.9376

PART 65
OFFSET -1.2394 -5.5411 -7.4397
X -0.9203 -0.3908  0.0167
Y -0.3746  0.8683 -0.3252
Z  0.1125 -0.3055 -0.9455

PART 66
OFFSET  6.4645 -4.0415 -5.6026
X -0.9720 -0.2339 -0.0215
Y  0.2287 -0.9635  0.1390
Z -0.0533  0.1302  0.9901

PART 67
OFFSET  8.1759 -3.6297 -5.5647
X -0.9748 -0.2221 -0.0193
Y  0.2144 -0.9577  0.1920
Z -0.0611  0.1830  0.9812

PART 68
OFFSET  9.3573 -3.3486 -5.4816
X -0.9747 -0.2032 -0.0932
Y  0.1856 -0.9679  0.1692
Z -0.1246  0.1477  0.9812

PART 69
OFFSET  10.4582 -3.1191 -5.3764
X  0.1147  0.9815  0.1535
Y  0.9931 -0.1172  0.0074
Z  0.0253  0.1516 -0.9881

PART 70
OFFSET  6.6393 -4.0921 -6.6923
X -0.2385 -0.9418  0.2371
Y  0.9622 -0.2621 -0.0734
Z  0.1313  0.2107  0.9687

PART 71
OFFSET  7.1052 -2.2523 -7.1555
X  0.8432 -0.5376 -0.0019
Y  0.5142  0.8074 -0.2894
Z  0.1571  0.2430  0.9572

PART 72
OFFSET  5.8737 -1.4670 -7.1528
X  0.8722  0.4026 -0.2778
Y -0.4618  0.8651 -0.1960
Z  0.1614  0.2992  0.9404

PART 73
OFFSET  4.8844 -1.9245 -6.8449
X -0.3841 -0.8804  0.2781
Y -0.9002  0.4240  0.0989
Z -0.2050 -0.2124 -0.9554

PART 74
OFFSET  0.9083 -3.8763 -7.7260
X -0.8235 -0.3142 -0.4723
Y -0.2517  0.9485 -0.1921
Z  0.5084 -0.0393 -0.8602

PART 75
OFFSET  0.8768 -4.2797 -6.5982
X -0.8235 -0.3142 -0.4723
Y -0.2517  0.9485 -0.1921
Z  0.5084 -0.0393 -0.8602

PART 76
OFFSET  1.3967 -5.5137 -6.4626
X -0.8235 -0.3142 -0.4723
Y -0.2517  0.9485 -0.1921
Z  0.5084 -0.0393 -0.8602

PART 77
OFFSET  0.0000 -0.0000 -0.0000
X  1.0000 -0.0000  0.0000
Y  0.0000  1.0000  0.0000
Z  0.0000 -0.0000  1.0000

PART 78
OFFSET  0.0000 -0.0000 -0.0000
X  1.0000 -0.0000  0.0000
Y  0.0000  1.0000  0.0000
Z  0.0000 -0.0000  1.0000

PART 79
OFFSET  1.5404 -0.0000  4.1357
X  1.0000 -0.0000  0.0000
Y  0.0000  1.0000  0.0000
Z  0.0000 -0.0000  1.0000


FRAME 3502
PART 0
OFFSET  0.0000 -0.0000 -0.0000
X  1.0000 -0.0000  0.0000
Y  0.0000  1.0000  0.0000
Z  0.0000 -0.0000  1.0000

PART 1
OFFSET -4.6318 -0.0000 -1.3770
X  1.0000 -0.0000  0.0000
Y  0.0000  1.0000  0.0000
Z  0.0000 -0.0000  1.0000

PART 2
OFFSET -1.4555  7.9469 -3.8904
X  0.6729 -0.2184 -0.7067
Y -0.0440 -0.9655  0.2566
Z -0.7384 -0.1415 -0.6593

PART 3
OFFSET  6.6824  5.3050 -12.4377
X  0.8430 -0.4284  0.3252
Y -0.3430  0.0375  0.9386
Z -0.4142 -0.9028 -0.1154

PART 4
OFFSET  13.8529  1.6615 -9.6716
X  0.8430 -0.4284  0.3252
Y -0.3531  0.0153  0.9355
Z -0.4057 -0.9035 -0.1384

PART 5
OFFSET  16.0863  2.4257 -9.6144
X  0.8462 -0.4261  0.3199
Y  0.4167  0.9034  0.1009
Z -0.3320  0.0479  0.9420

PART 6
OFFSET  14.8360  0.5207 -10.6045
X  0.8462 -0.4261  0.3199
Y  0.4167  0.9034  0.1009
Z -0.3320  0.0479  0.9420

PART 7
OFFSET  15.2900  1.6038 -7.5637
X  0.8462 -0.4261  0.3199
Y  0.4167  0.9034  0.1009
Z -0.3320  0.0479  0.9420

PART 8
OFFSET  14.5832  0.4585 -7.5464
X  0.8462 -0.4261  0.3199
Y  0.4167  0.9034  0.1009
Z -0.3320  0.0479  0.9420

PART 9
OFFSET  14.3374  0.0397 -8.6417
X  0.8462 -0.4261  0.3199
Y  0.4167  0.9034  0.1009
Z -0.3320  0.0479  0.9420

PART 10
OFFSET  16.4374  0.3483 -8.6746
X  0.8954 -0.2926  0.3357
Y -0.3379  0.0446  0.9401
Z -0.2901 -0.9552 -0.0589

PART 11
OFFSET  16.3950 -0.1325 -7.6405
X  0.2779 -0.8082  0.5192
Y -0.5107  0.3334  0.7925
Z -0.8136 -0.4854 -0.3201

PART 12
OFFSET  16.8984 -1.8703 -6.4589
X  0.7649 -0.5825 -0.2751
Y -0.1085 -0.5375  0.8363
Z -0.6350 -0.6098 -0.4743

PART 13
OFFSET  18.0685 -2.8469 -7.0061
X  0.4757 -0.0248 -0.8792
Y  0.4846 -0.8268  0.2855
Z -0.7341 -0.5619 -0.3813

PART 14
OFFSET  18.5576 -2.9135 -7.9695
X  0.9226  0.1722 -0.3453
Y  0.1379  0.6886  0.7119
Z  0.3604 -0.7044  0.6115

PART 15
OFFSET  17.4982 -0.1402 -9.4090
X  0.9146 -0.3064 -0.2640
Y -0.3431 -0.9334 -0.1050
Z -0.2142  0.1866 -0.9588

PART 16
OFFSET  19.5423 -0.9703 -9.8754
X  0.2735 -0.9458  0.1748
Y -0.9461 -0.2318  0.2263
Z -0.1736 -0.2273 -0.9582

PART 17
OFFSET  19.9295 -2.3094 -9.6279
X -0.9063 -0.3547  0.2297
Y -0.3999  0.8955 -0.1953
Z -0.1364 -0.2689 -0.9535

PART 18
OFFSET  19.1259 -2.6239 -9.4243
X -0.9253  0.3729  0.0688
Y  0.3462  0.9049 -0.2477
Z -0.1546 -0.2054 -0.9664

PART 19
OFFSET  18.2468 -2.2697 -9.3589
X  0.5128 -0.8235  0.2426
Y  0.8373  0.4172 -0.3534
Z  0.1898  0.3843  0.9035

PART 20
OFFSET  17.5111 -0.0415 -8.7022
X  0.9541 -0.2979  0.0304
Y -0.2933 -0.9500 -0.1070
Z  0.0607  0.0931 -0.9938

PART 21
OFFSET  20.0029 -0.7799 -8.7686
X  0.1076 -0.9942 -0.0047
Y -0.9856 -0.1073  0.1307
Z -0.1305 -0.0094 -0.9914

PART 22
OFFSET  20.1860 -2.4725 -8.7766
X -0.9699 -0.2092  0.1246
Y -0.2119  0.9772 -0.0091
Z -0.1198 -0.0352 -0.9922

PART 23
OFFSET  18.8418 -2.7625 -8.6040
X -0.6800  0.7314  0.0526
Y  0.7244  0.6811 -0.1065
Z -0.1137 -0.0343 -0.9929

PART 24
OFFSET  18.1043 -1.9693 -8.5470
X  0.1377 -0.9900 -0.0311
Y  0.9874  0.1397 -0.0746
Z  0.0782 -0.0204  0.9967

PART 25
OFFSET  18.5056 -0.9949 -6.1786
X  0.8271 -0.5496  0.1176
Y  0.5243  0.8299  0.1906
Z -0.2024 -0.0960  0.9746

PART 26
OFFSET  19.7792 -0.4033 -6.6356
X  0.4067 -0.9136 -0.0009
Y -0.9073 -0.4038 -0.1177
Z  0.1072  0.0487 -0.9930

PART 27
OFFSET  20.4953 -2.0117 -6.6372
X -0.9074 -0.3698 -0.1997
Y -0.3708  0.9281 -0.0338
Z  0.1979  0.0434 -0.9793

PART 28
OFFSET  19.3802 -2.4640 -6.8205
X -0.8165  0.5711 -0.0848
Y  0.5734  0.8193 -0.0030
Z  0.0677 -0.0511 -0.9964

PART 29
OFFSET  18.4579 -1.8189 -6.9163
X -0.2328 -0.9399 -0.2499
Y  0.9338 -0.2878  0.2125
Z -0.2716 -0.1839  0.9447

PART 30
OFFSET  19.9983 -0.5918 -7.7018
X  0.2296 -0.9718  0.0545
Y -0.9719 -0.2318 -0.0400
Z  0.0515 -0.0438 -0.9977

PART 31
OFFSET  20.4467 -2.4902 -7.5954
X -0.9869 -0.1590 -0.0288
Y -0.1587  0.9873 -0.0115
Z  0.0303 -0.0068 -0.9995

PART 32
OFFSET  19.0053 -2.7224 -7.6375
X -0.6664  0.7456  0.0046
Y  0.7441  0.6646  0.0687
Z  0.0481  0.0492 -0.9976

PART 33
OFFSET  18.2504 -1.8781 -7.6393
X  0.0326 -0.9993  0.0164
Y  0.9992  0.0322 -0.0250
Z  0.0244  0.0172  0.9996

PART 34
OFFSET  18.6050 -1.9247 -8.3608
X -0.0021  0.0622 -0.9981
Y  0.2901  0.9552  0.0589
Z  0.9570 -0.2894 -0.0200

PART 35
OFFSET  15.7643  1.8332 -10.1051
X  0.8462 -0.4261  0.3199
Y  0.4167  0.9034  0.1009
Z -0.3320  0.0479  0.9420

PART 36
OFFSET  14.8360  0.5207 -10.6045
X  0.8462 -0.4261  0.3199
Y  0.4167  0.9034  0.1009
Z -0.3320  0.0479  0.9420

PART 37
OFFSET  15.2900  1.6038 -7.5637
X  0.8462 -0.4261  0.3199
Y  0.4167  0.9034  0.1009
Z -0.3320  0.0479  0.9420

PART 38
OFFSET  14.5832  0.4585 -7.5464
X  0.8462 -0.4261  0.3199
Y  0.4167  0.9034  0.1009
Z -0.3320  0.0479  0.9420

PART 39
OFFSET  14.3374  0.0397 -8.6417
X  0.8462 -0.4261  0.3199
Y  0.4167  0.9034  0.1009
Z -0.3320  0.0479  0.9420

PART 40
OFFSET  7.7646 -2.2186 -5.1864
X  0.9946  0.0834 -0.0618
Y -0.0879  0.9934 -0.0735
Z  0.0552  0.0785  0.9954

PART 41
OFFSET  7.7646 -2.2186 -5.1864
X  0.9946  0.0834 -0.0618
Y -0.0879  0.9934 -0.0735
Z  0.0552  0.0785  0.9954

PART 42
OFFSET  11.9677 -1.8305 -5.1698
X  0.9946  0.0834 -0.0618
Y -0.0879  0.9934 -0.0735
Z  0.0552  0.0785  0.9954

PART 43
OFFSET  14.5223 -2.3353 -3.4572
X  0.9946  0.0834 -0.0618
Y -0.0879  0.9934 -0.0735
Z  0.0552  0.0785  0.9954

PART 44
OFFSET -13.7549 -7.9373 -3.1869
X -0.5974  0.0204  0.8017
Y -0.1845 -0.9764 -0.1126
Z  0.7804 -0.2151  0.5871

PART 45
OFFSET -6.5295 -8.1844 -12.8820
X -0.8193 -0.3092 -0.4829
Y  0.5211 -0.0504 -0.8520
Z  0.2391 -0.9497  0.2024

PART 46
OFFSET  0.4389 -5.5545 -8.7750
X -0.8193 -0.3092 -0.4829
Y  0.5450 -0.1581 -0.8234
Z  0.1783 -0.9378  0.2980

PART 47
OFFSET  0.9580 -3.9855 -7.6822
X -0.8230 -0.3063 -0.4783
Y -0.2443  0.9512 -0.1888
Z  0.5128 -0.0385 -0.8577

PART 48
OFFSET  0.9177 -4.3943 -6.5566
X -0.8230 -0.3063 -0.4783
Y -0.2443  0.9512 -0.1888
Z  0.5128 -0.0385 -0.8577

PART 49
OFFSET  1.4284 -5.6323 -6.4241
X -0.8230 -0.3063 -0.4783
Y -0.2443  0.9512 -0.1888
Z  0.5128 -0.0385 -0.8577

PART 50
OFFSET  2.9506 -4.6066 -7.2946
X -0.9514 -0.2411 -0.1915
Y  0.2470 -0.2265 -0.9422
Z  0.1837 -0.9437  0.2751

PART 51
OFFSET  3.0648 -3.8921 -6.4122
X -0.4678 -0.7583 -0.4541
Y  0.5144  0.1842 -0.8375
Z  0.7187 -0.6254  0.3039

PART 52
OFFSET  3.9829 -2.2394 -5.3657
X -0.8549 -0.4010  0.3292
Y -0.0640 -0.5483 -0.8339
Z  0.5149 -0.7339  0.4430

PART 53
OFFSET  5.3015 -1.5425 -5.9965
X -0.4833  0.0043  0.8754
Y -0.6220 -0.7054 -0.3399
Z  0.6161 -0.7088  0.3436

PART 54
OFFSET  5.8065 -1.5027 -6.9532
X -0.8807  0.3131  0.3555
Y -0.0028  0.7470 -0.6648
Z -0.4737 -0.5865 -0.6570

PART 55
OFFSET  3.9830 -4.4544 -8.1971
X -0.8928 -0.3260  0.3109
Y  0.4096 -0.8747  0.2592
Z  0.1875  0.3587  0.9144

PART 56
OFFSET  5.9661 -3.5625 -8.7942
X -0.0218 -0.9896  0.1421
Y  0.9374 -0.0696 -0.3412
Z  0.3475  0.1258  0.9292

PART 57
OFFSET  5.9970 -2.1615 -8.9954
X  0.8084 -0.5409 -0.2323
Y  0.4922  0.8375 -0.2373
Z  0.3229  0.0775  0.9432

PART 58
OFFSET  5.2802 -1.6819 -8.7894
X  0.8573  0.3535 -0.3741
Y -0.3795  0.9252  0.0046
Z  0.3478  0.1381  0.9274

PART 59
OFFSET  4.4657 -2.0178 -8.4340
X -0.4678 -0.8711  0.1492
Y -0.7943  0.4884  0.3614
Z -0.3877  0.0506 -0.9204

PART 60
OFFSET  4.0538 -4.3826 -7.4904
X -0.9411 -0.3176  0.1163
Y  0.3381 -0.8921  0.2998
Z  0.0085  0.3214  0.9469

PART 61
OFFSET  6.5024 -3.6257 -7.9263
X -0.0425 -0.9650  0.2588
Y  0.9374 -0.1281 -0.3238
Z  0.3457  0.2288  0.9100

PART 62
OFFSET  6.5747 -1.9828 -8.3669
X  0.9019 -0.3505 -0.2522
Y  0.2707  0.9140 -0.3021
Z  0.3365  0.2042  0.9193

PART 63
OFFSET  5.3247 -1.4970 -8.0173
X  0.7722  0.5019 -0.3896
Y -0.5425  0.8400  0.0069
Z  0.3308  0.2060  0.9210

PART 64
OFFSET  4.4872 -2.0413 -7.5947
X -0.3065 -0.8809  0.3606
Y -0.9007  0.3909  0.1894
Z -0.3078 -0.2667 -0.9133

PART 65
OFFSET -1.1196 -5.9241 -7.1475
X -0.8919 -0.4454  0.0785
Y -0.4425  0.8233 -0.3554
Z  0.0936 -0.3517 -0.9314

PART 66
OFFSET  6.5399 -3.8472 -5.7357
X -0.9506 -0.3085  0.0338
Y  0.3094 -0.9336  0.1806
Z -0.0241  0.1821  0.9830

PART 67
OFFSET  8.2136 -3.3040 -5.7952
X -0.9641 -0.2641  0.0273
Y  0.2630 -0.9358  0.2348
Z -0.0365  0.2336  0.9716

PART 68
OFFSET  9.3834 -2.9688 -5.7694
X -0.9737 -0.2212 -0.0537
Y  0.2053 -0.9554  0.2122
Z -0.0983  0.1956  0.9757

PART 69
OFFSET  10.4833 -2.7189 -5.7087
X  0.1040  0.9895  0.1004
Y  0.9946 -0.1029 -0.0163
Z -0.0058  0.1015 -0.9948

PART 70
OFFSET  6.6734 -3.9493 -6.8276
X -0.1683 -0.9396  0.2980
Y  0.9736 -0.2057 -0.0986
Z  0.1539  0.2735  0.9495

PART 71
OFFSET  7.0022 -2.1137 -7.4097
X  0.8767 -0.4810 -0.0084
Y  0.4473  0.8213 -0.3541
Z  0.1772  0.3067  0.9352

PART 72
OFFSET  5.7218 -1.4111 -7.3975
X  0.8329  0.4402 -0.3353
Y -0.5243  0.8217 -0.2236
Z  0.1771  0.3620  0.9152

PART 73
OFFSET  4.7768 -1.9117 -7.0243
X -0.3151 -0.8855  0.3414
Y -0.9216  0.3715  0.1128
Z -0.2267 -0.2791 -0.9331

PART 74
OFFSET  0.9580 -3.9854 -7.6821
X -0.8230 -0.3063 -0.4783
Y -0.2443  0.9512 -0.1888
Z  0.5128 -0.0385 -0.8577

PART 75
OFFSET  0.9176 -4.3941 -6.5565
X -0.8230 -0.3063 -0.4783
Y -0.2443  0.9512 -0.1888
Z  0.5128 -0.0385 -0.8577

PART 76
OFFSET  1.4284 -5.6323 -6.4242
X -0.8230 -0.3063 -0.4783
Y -0.2443  0.9512 -0.1888
Z  0.5128 -0.0385 -0.8577

PART 77
OFFSET  0.0000 -0.0000 -0.0000
X  1.0000 -0.0000  0.0000
Y  0.0000  1.0000  0.0000
Z  0.0000 -0.0000  1.0000

PART 78
OFFSET  0.0000 -0.0000 -0.0000
X  1.0000 -0.0000  0.0000
Y  0.0000  1.0000  0.0000
Z  0.0000 -0.0000  1.0000

PART 79
OFFSET  1.5404 -0.0000  4.1357
X  1.0000 -0.0000  0.0000
Y  0.0000  1.0000  0.0000
Z  0.0000 -0.0000  1.0000


FRAME 3503
PART 0
OFFSET  0.0000 -0.0000 -0.0000
X  1.0000 -0.0000  0.0000
Y  0.0000  1.0000  0.0000
Z  0.0000 -0.0000  1.0000

PART 1
OFFSET -4.6318 -0.0000 -1.3770
X  1.0000 -0.0000  0.0000
Y  0.0000  1.0000  0.0000
Z  0.0000 -0.0000  1.0000

PART 2
OFFSET -1.2308  7.9573 -4.6481
X  0.6154 -0.1740 -0.7688
Y  0.0198 -0.9716  0.2358
Z -0.7880 -0.1603 -0.5944

PART 3
OFFSET  6.2113  5.8528 -13.9459
X  0.8462 -0.3939  0.3589
Y -0.3688  0.0533  0.9280
Z -0.3846 -0.9176 -0.1002

PART 4
OFFSET  13.4085  2.5028 -10.8929
X  0.8462 -0.3939  0.3589
Y -0.3618  0.0700  0.9296
Z -0.3913 -0.9165 -0.0833

PART 5
OFFSET  15.6165  3.3345 -10.8001
X  0.8494 -0.3917  0.3537
Y  0.3875  0.9179  0.0858
Z -0.3582  0.0642  0.9314

PART 6
OFFSET  14.4488  1.3663 -11.7672
X  0.8494 -0.3917  0.3537
Y  0.3875  0.9179  0.0858
Z -0.3582  0.0642  0.9314

PART 7
OFFSET  14.7901  2.5465 -8.7480
X  0.8494 -0.3917  0.3537
Y  0.3875  0.9179  0.0858
Z -0.3582  0.0642  0.9314

PART 8
OFFSET  14.1167  1.3816 -8.7161
X  0.8494 -0.3917  0.3537
Y  0.3875  0.9179  0.0858
Z -0.3582  0.0642  0.9314

PART 9
OFFSET  13.9123  0.9253 -9.8051
X  0.8494 -0.3917  0.3537
Y  0.3875  0.9179  0.0858
Z -0.3582  0.0642  0.9314

PART 10
OFFSET  16.0027  1.2953 -9.7926
X  0.9361 -0.1752  0.3048
Y -0.2918  0.0963  0.9516
Z -0.1961 -0.9798  0.0390

PART 11
OFFSET  16.0616  0.9071 -8.7211
X  0.3834 -0.7286  0.5676
Y -0.5000  0.3530  0.7908
Z -0.7766 -0.5870 -0.2289

PART 12
OFFSET  16.7958 -0.6626 -7.4301
X  0.8039 -0.5296 -0.2706
Y -0.0112 -0.4684  0.8834
Z -0.5946 -0.7072 -0.3825

PART 13
OFFSET  18.0277 -1.5688 -7.9624
X  0.4300 -0.0581 -0.9010
Y  0.5786 -0.7483  0.3244
Z -0.6931 -0.6608 -0.2881

PART 14
OFFSET  18.4708 -1.6746 -8.9444
X  0.8818  0.2273 -0.4132
Y  0.1050  0.7594  0.6421
Z  0.4597 -0.6096  0.6458

PART 15
OFFSET  17.0677  0.8459 -10.5457
X  0.9257 -0.2407 -0.2916
Y -0.2533 -0.9674 -0.0055
Z -0.2808  0.0790 -0.9565

PART 16
OFFSET  19.1575  0.1749 -11.0623
X  0.3751 -0.8962  0.2369
Y -0.9054 -0.2993  0.3013
Z -0.1991 -0.3275 -0.9236

PART 17
OFFSET  19.6885 -1.0939 -10.7269
X -0.8535 -0.4170  0.3125
Y -0.4967  0.8325 -0.2455
Z -0.1578 -0.3648 -0.9176

PART 18
OFFSET  18.9318 -1.4637 -10.4498
X -0.9531  0.2881  0.0926
Y  0.2411  0.9078 -0.3431
Z -0.1829 -0.3047 -0.9347

PART 19
OFFSET  18.0263 -1.1899 -10.3619
X  0.6041 -0.7462  0.2797
Y  0.7723  0.4615 -0.4367
Z  0.1968  0.4798  0.8550

PART 20
OFFSET  17.1070  1.0082 -9.8517
X  0.9793 -0.2022 -0.0019
Y -0.2022 -0.9793 -0.0091
Z -0.0001  0.0093 -1.0000

PART 21
OFFSET  19.6532  0.5063 -10.0050
X  0.2057 -0.9759  0.0724
Y -0.9620 -0.1881  0.1981
Z -0.1797 -0.1103 -0.9775

PART 22
OFFSET  20.0034 -1.1552 -9.8818
X -0.9365 -0.2882  0.1996
Y -0.3084  0.9480 -0.0784
Z -0.1666 -0.1350 -0.9767

PART 23
OFFSET  18.7054 -1.5547 -9.6052
X -0.7458  0.6654  0.0316
Y  0.6465  0.7345 -0.2065
Z -0.1606 -0.1336 -0.9779

PART 24
OFFSET  17.8965 -0.8331 -9.5709
X  0.2339 -0.9713  0.0439
Y  0.9634  0.2254 -0.1451
Z  0.1310  0.0763  0.9884

PART 25
OFFSET  18.3200  0.3828 -7.3210
X  0.8827 -0.4559  0.1136
Y  0.4481  0.8896  0.0885
Z -0.1414 -0.0272  0.9896

PART 26
OFFSET  19.5032  1.0493 -7.9015
X  0.4951 -0.8673  0.0514
Y -0.8674 -0.4968 -0.0288
Z  0.0506 -0.0303 -0.9983

PART 27
OFFSET  20.3749 -0.4778 -7.8110
X -0.8751 -0.4706 -0.1132
Y -0.4627  0.8820 -0.0894
Z  0.1419 -0.0258 -0.9895

PART 28
OFFSET  19.3024 -1.0483 -7.8886
X -0.8726  0.4813 -0.0834
Y  0.4880  0.8664 -0.1062
Z  0.0211 -0.1333 -0.9908

PART 29
OFFSET  18.3168 -0.5046 -7.9828
X -0.1505 -0.9763 -0.1557
Y  0.9675 -0.1778  0.1796
Z -0.2030 -0.1236  0.9713

PART 30
OFFSET  19.6848  0.7877 -8.9594
X  0.3277 -0.9369  0.1220
Y -0.9448 -0.3256  0.0379
Z  0.0042 -0.1277 -0.9918

PART 31
OFFSET  20.3250 -1.0425 -8.7210
X -0.9663 -0.2538  0.0438
Y -0.2567  0.9628 -0.0848
Z -0.0207 -0.0932 -0.9954

PART 32
OFFSET  18.9136 -1.4131 -8.6570
X -0.7362  0.6765 -0.0181
Y  0.6767  0.7356 -0.0321
Z -0.0084 -0.0358 -0.9993

PART 33
OFFSET  18.0793 -0.6477 -8.6845
X  0.1328 -0.9863  0.0982
Y  0.9884  0.1244 -0.0874
Z  0.0740  0.1087  0.9913

PART 34
OFFSET  18.3991 -0.7248 -9.4195
X -0.0596 -0.0278 -0.9978
Y  0.1961  0.9798 -0.0390
Z  0.9788 -0.1980 -0.0530

PART 35
OFFSET  15.3249  2.7192 -11.2818
X  0.8494 -0.3917  0.3537
Y  0.3875  0.9179  0.0858
Z -0.3582  0.0642  0.9314

PART 36
OFFSET  14.4488  1.3663 -11.7672
X  0.8494 -0.3917  0.3537
Y  0.3875  0.9179  0.0858
Z -0.3582  0.0642  0.9314

PART 37
OFFSET  14.7901  2.5465 -8.7480
X  0.8494 -0.3917  0.3537
Y  0.3875  0.9179  0.0858
Z -0.3582  0.0642  0.9314

PART 38
OFFSET  14.1167  1.3816 -8.7161
X  0.8494 -0.3917  0.3537
Y  0.3875  0.9179  0.0858
Z -0.3582  0.0642  0.9314

PART 39
OFFSET  13.9123  0.9253 -9.8051
X  0.8494 -0.3917  0.3537
Y  0.3875  0.9179  0.0858
Z -0.3582  0.0642  0.9314

PART 40
OFFSET  7.8197 -1.7599 -5.5879
X  0.9768  0.1714 -0.1280
Y -0.1901  0.9700 -0.1513
Z  0.0983  0.1721  0.9802

PART 41
OFFSET  7.8197 -1.7599 -5.5879
X  0.9768  0.1714 -0.1280
Y -0.1901  0.9700 -0.1513
Z  0.0983  0.1721  0.9802

PART 42
OFFSET  11.9585 -0.9753 -5.8558
X  0.9768  0.1714 -0.1280
Y -0.1901  0.9700 -0.1513
Z  0.0983  0.1721  0.9802

PART 43
OFFSET  14.6354 -1.0805 -4.2630
X  0.9768  0.1714 -0.1280
Y -0.1901  0.9700 -0.1513
Z  0.0983  0.1721  0.9802

PART 44
OFFSET -13.6982 -7.9373 -3.1869
X -0.6066  0.0214  0.7947
Y -0.1940 -0.9734 -0.1218
Z  0.7710 -0.2280  0.5946

PART 45
OFFSET -6.3623 -8.1962 -12.7984
X -0.8234 -0.2959 -0.4842
Y  0.5204 -0.0538 -0.8522
Z  0.2261 -0.9537  0.1983

PART 46
OFFSET  0.6412 -5.6795 -8.6803
X -0.8234 -0.2959 -0.4842
Y  0.5412 -0.1532 -0.8268
Z  0.1705 -0.9429  0.2863

PART 47
OFFSET  1.1817 -4.1224 -7.5808
X -0.8271 -0.2930 -0.4796
Y -0.2313  0.9552 -0.1846
Z  0.5122 -0.0418 -0.8578

PART 48
OFFSET  1.1358 -4.5356 -6.4569
X -0.8271 -0.2930 -0.4796
Y -0.2313  0.9552 -0.1846
Z  0.5122 -0.0418 -0.8578

PART 49
OFFSET  1.6295 -5.7809 -6.3299
X -0.8271 -0.2930 -0.4796
Y -0.2313  0.9552 -0.1846
Z  0.5122 -0.0418 -0.8578

PART 50
OFFSET  3.1656 -4.7723 -7.1960
X -0.9313 -0.3463 -0.1132
Y  0.2196 -0.2854 -0.9329
Z  0.2908 -0.8937  0.3418

PART 51
OFFSET  3.2532 -3.9742 -6.3852
X -0.4131 -0.8369 -0.3591
Y  0.4502  0.1551 -0.8794
Z  0.7916 -0.5250  0.3126

PART 52
OFFSET  4.0558 -2.1546 -5.5398
X -0.7931 -0.4491  0.4113
Y -0.0507 -0.6243 -0.7795
Z  0.6069 -0.6391  0.4724

PART 53
OFFSET  5.2652 -1.3952 -6.3033
X -0.4362  0.0378  0.8991
Y -0.5654 -0.7888 -0.2411
Z  0.7000 -0.6135  0.3654

PART 54
OFFSET  5.7145 -1.3946 -7.2882
X -0.8882  0.2595  0.3792
Y -0.1107  0.6802 -0.7246
Z -0.4460 -0.6855 -0.5755

PART 55
OFFSET  4.1299 -4.6043 -8.1682
X -0.8390 -0.3788  0.3905
Y  0.5066 -0.8057  0.3069
Z  0.1983  0.4554  0.8679

PART 56
OFFSET  5.9819 -3.5880 -8.9569
X  0.0819 -0.9711  0.2242
Y  0.9215 -0.0119 -0.3882
Z  0.3796  0.2384  0.8939

PART 57
OFFSET  5.8660 -2.2131 -9.2743
X  0.8459 -0.4790 -0.2346
Y  0.3930  0.8571 -0.3329
Z  0.3606  0.1894  0.9133

PART 58
OFFSET  5.1160 -1.7884 -9.0662
X  0.7978  0.3999 -0.4512
Y -0.4694  0.8816 -0.0485
Z  0.3784  0.2505  0.8911

PART 59
OFFSET  4.3581 -2.1684 -8.6376
X -0.3703 -0.8956  0.2467
Y -0.8200  0.4399  0.3663
Z -0.4366 -0.0666 -0.8972

PART 60
OFFSET  4.2294 -4.4632 -7.4756
X -0.8979 -0.3929  0.1987
Y  0.4396 -0.8259  0.3530
Z  0.0254  0.4043  0.9143

PART 61
OFFSET  6.5656 -3.5217 -8.1192
X  0.0652 -0.9381  0.3401
Y  0.9284 -0.0679 -0.3653
Z  0.3658  0.3396  0.8666

PART 62
OFFSET  6.4547 -1.9245 -8.6982
X  0.9189 -0.2834 -0.2744
Y  0.1624  0.9058 -0.3914
Z  0.3595  0.3151  0.8783

PART 63
OFFSET  5.1812 -1.5317 -8.3179
X  0.6988  0.5361 -0.4736
Y -0.6217  0.7826 -0.0315
Z  0.3537  0.3165  0.8802

PART 64
OFFSET  4.4233 -2.1131 -7.8043
X -0.2000 -0.8707  0.4493
Y -0.9245  0.3196  0.2078
Z -0.3245 -0.3738 -0.8689

PART 65
OFFSET -0.7401 -6.4512 -6.6952
X -0.8378 -0.5191  0.1689
Y -0.5400  0.7426 -0.3961
Z  0.0802 -0.4231 -0.9025

PART 66
OFFSET  6.7367 -3.5398 -5.9242
X -0.9076 -0.4032  0.1170
Y  0.4198 -0.8759  0.2380
Z  0.0065  0.2651  0.9642

PART 67
OFFSET  8.3347 -2.8299 -6.1301
X -0.9360 -0.3376  0.0997
Y  0.3518 -0.8875  0.2977
Z -0.0120  0.3138  0.9494

PART 68
OFFSET  9.4719 -2.4005 -6.1937
X -0.9593 -0.2822  0.0097
Y  0.2735 -0.9202  0.2801
Z -0.0701  0.2714  0.9599

PART 69
OFFSET  10.5554 -2.0818 -6.2046
X  0.0457  0.9989  0.0140
Y  0.9975 -0.0449 -0.0538
Z -0.0531  0.0164 -0.9985

PART 70
OFFSET  6.8234 -3.7261 -7.0097
X -0.0589 -0.9211  0.3849
Y  0.9832 -0.1202 -0.1372
Z  0.1727  0.3704  0.9127

PART 71
OFFSET  6.9384 -1.9267 -7.7616
X  0.9196 -0.3924 -0.0198
Y  0.3430  0.8262 -0.4469
Z  0.1917  0.4042  0.8944

PART 72
OFFSET  5.5953 -1.3535 -7.7327
X  0.7669  0.4864 -0.4188
Y -0.6145  0.7446 -0.2607
Z  0.1850  0.4573  0.8699

PART 73
OFFSET  4.7250 -1.9070 -7.2647
X -0.2073 -0.8777  0.4320
Y -0.9475  0.2901  0.1347
Z -0.2436 -0.3814 -0.8918

PART 74
OFFSET  1.1816 -4.1224 -7.5807
X -0.8271 -0.2930 -0.4796
Y -0.2313  0.9552 -0.1846
Z  0.5122 -0.0418 -0.8578

PART 75
OFFSET  1.1357 -4.5354 -6.4569
X -0.8271 -0.2930 -0.4796
Y -0.2313  0.9552 -0.1846
Z  0.5122 -0.0418 -0.8578

PART 76
OFFSET  1.6295 -5.7809 -6.3300
X -0.8271 -0.2930 -0.4796
Y -0.2313  0.9552 -0.1846
Z  0.5122 -0.0418 -0.8578

PART 77
OFFSET  0.0000 -0.0000 -0.0000
X  1.0000 -0.0000  0.0000
