// Export filename: `C:\projects\cod\t5\xanim_export\t5_viewmodels\ak74u\ak74u_grenadier_gl_d2p_out.XANIM_EXPORT`
// Source filename: `D:\projects\devanim\t5\animation_assets\viewmodels\ak74u/t5_viewmodel_ak74u_animated2.fbx`
// Export time: Sat Aug 28 02:59:16 2010

ANIMATION
VERSION 3

NUMPARTS 80
PART 0 "tag_ads"
PART 1 "tag_torso"
PART 2 "J_Shoulder_LE"
PART 3 "J_Elbow_LE"
PART 4 "J_WristTwist_LE"
PART 5 "J_Sleave_Reshape_Bottom_LE_1"
PART 6 "J_Sleave_Reshape_Bottom_LE_2"
PART 7 "J_Sleave_Reshape_Top_LE_1"
PART 8 "J_Sleave_Reshape_Top_LE_2"
PART 9 "J_Sleave_Reshape_Top_LE_3"
PART 10 "J_Wrist_LE"
PART 11 "J_Thumb_LE_0"
PART 12 "J_Thumb_LE_1"
PART 13 "J_Thumb_LE_2"
PART 14 "J_Thumb_LE_3"
PART 15 "J_PinkyPalm_LE"
PART 16 "J_Pinky_LE_0"
PART 17 "J_Pinky_LE_1"
PART 18 "J_Pinky_LE_2"
PART 19 "J_Pinky_LE_3"
PART 20 "J_RingPalm_LE"
PART 21 "J_Ring_LE_0"
PART 22 "J_Ring_LE_1"
PART 23 "J_Ring_LE_2"
PART 24 "J_Ring_LE_3"
PART 25 "J_Webbing_LE"
PART 26 "J_Index_LE_0"
PART 27 "J_Index_LE_1"
PART 28 "J_Index_LE_2"
PART 29 "J_Index_LE_3"
PART 30 "J_Mid_LE_0"
PART 31 "J_Mid_LE_1"
PART 32 "J_Mid_LE_2"
PART 33 "J_Mid_LE_3"
PART 34 "tag_knife_attach"
PART 35 "D_Sleave_Reshape_Bottom_LE_1"
PART 36 "D_Sleave_Reshape_Bottom_LE_2"
PART 37 "D_Sleave_Reshape_Top_LE_1"
PART 38 "D_Sleave_Reshape_Top_LE_2"
PART 39 "D_Sleave_Reshape_Top_LE_3"
PART 40 "tag_weapon"
PART 41 "J_Gun"
PART 42 "TAG_CLIP"
PART 43 "J_Bolt"
PART 44 "J_Shoulder_RI"
PART 45 "J_Elbow_RI"
PART 46 "J_WristTwist_RI"
PART 47 "J_Sleave_Reshape_Top_RI_3"
PART 48 "J_Sleave_Reshape_Top_RI_2"
PART 49 "J_Sleave_Reshape_Top_RI_1"
PART 50 "J_Wrist_RI"
PART 51 "J_Thumb_RI_0"
PART 52 "J_Thumb_RI_1"
PART 53 "J_Thumb_RI_2"
PART 54 "J_Thumb_RI_3"
PART 55 "J_PinkyPalm_RI"
PART 56 "J_Pinky_RI_0"
PART 57 "J_Pinky_RI_1"
PART 58 "J_Pinky_RI_2"
PART 59 "J_Pinky_RI_3"
PART 60 "J_RingPalm_RI"
PART 61 "J_Ring_RI_0"
PART 62 "J_Ring_RI_1"
PART 63 "J_Ring_RI_2"
PART 64 "J_Ring_RI_3"
PART 65 "J_Webbing_RI"
PART 66 "J_Index_RI_0"
PART 67 "J_Index_RI_1"
PART 68 "J_Index_RI_2"
PART 69 "J_Index_RI_3"
PART 70 "J_Mid_RI_0"
PART 71 "J_Mid_RI_1"
PART 72 "J_Mid_RI_2"
PART 73 "J_Mid_RI_3"
PART 74 "D_Sleave_Reshape_Top_RI_3"
PART 75 "D_Sleave_Reshape_Top_RI_2"
PART 76 "D_Sleave_Reshape_Top_RI_1"
PART 77 "tag_cambone"
PART 78 "tag_camera"
PART 79 "tag_gasmask"

FRAMERATE 30
NUMFRAMES 11

FRAME 2375
PART 0
OFFSET  0.0000 -0.0000 -0.0000
X  1.0000 -0.0000  0.0000
Y  0.0000  1.0000  0.0000
Z  0.0000 -0.0000  1.0000

PART 1
OFFSET -4.6318 -0.0000 -1.3770
X  1.0000 -0.0000  0.0000
Y  0.0000  1.0000  0.0000
Z  0.0000 -0.0000  1.0000

PART 2
OFFSET -0.5981  7.9556 -8.9029
X  0.8053 -0.1326 -0.5779
Y -0.1038 -0.9911  0.0828
Z -0.5838 -0.0067 -0.8119

PART 3
OFFSET  9.1405  6.3522 -15.8922
X  0.8097 -0.4932  0.3180
Y -0.4412 -0.1544  0.8840
Z -0.3869 -0.8561 -0.3426

PART 4
OFFSET  16.0277  2.1577 -13.1877
X  0.8097 -0.4932  0.3180
Y -0.5137 -0.3340  0.7903
Z -0.2835 -0.8033 -0.5238

PART 5
OFFSET  18.2314  2.8753 -12.7360
X  0.8134 -0.4899  0.3136
Y  0.3909  0.8596  0.3290
Z -0.4308 -0.1450  0.8907

PART 6
OFFSET  17.1204  1.2262 -14.2254
X  0.8134 -0.4899  0.3136
Y  0.3909  0.8596  0.3290
Z -0.4308 -0.1450  0.8907

PART 7
OFFSET  17.2337  1.6540 -10.9959
X  0.8134 -0.4899  0.3136
Y  0.3909  0.8596  0.3290
Z -0.4308 -0.1450  0.8907

PART 8
OFFSET  16.5453  0.5357 -11.2907
X  0.8134 -0.4899  0.3136
Y  0.3909  0.8596  0.3290
Z -0.4308 -0.1450  0.8907

PART 9
OFFSET  16.4231  0.3542 -12.4688
X  0.8134 -0.4899  0.3136
Y  0.3909  0.8596  0.3290
Z -0.4308 -0.1450  0.8907

PART 10
OFFSET  18.5101  0.6458 -12.2128
X  0.7031 -0.5475  0.4537
Y -0.6447 -0.2217  0.7315
Z -0.2999 -0.8069 -0.5089

PART 11
OFFSET  18.0811 -0.1458 -11.5117
X -0.2528 -0.9276  0.2749
Y -0.8840  0.3370  0.3241
Z -0.3933 -0.1610 -0.9052

PART 12
OFFSET  17.4254 -2.1229 -10.9365
X  0.7572 -0.6498  0.0662
Y -0.6317 -0.7027  0.3274
Z -0.1663 -0.2897 -0.9426

PART 13
OFFSET  18.6668 -3.1624 -10.9548
X  0.9119  0.2068 -0.3546
Y  0.2779 -0.9468  0.1626
Z -0.3021 -0.2468 -0.9208

PART 14
OFFSET  19.6438 -2.9663 -11.3776
X  0.9244  0.1161  0.3632
Y -0.3803  0.3514  0.8555
Z -0.0284 -0.9290  0.3690

PART 15
OFFSET  19.7349  0.2569 -12.7150
X  0.9317 -0.3570 -0.0674
Y -0.3320 -0.7614 -0.5569
Z  0.1474  0.5412 -0.8279

PART 16
OFFSET  21.7660 -0.7174 -12.8143
X -0.4437 -0.8738 -0.1987
Y -0.8802  0.4667 -0.0868
Z  0.1686  0.1364 -0.9762

PART 17
OFFSET  21.1378 -1.9546 -13.0956
X -0.9851  0.1655 -0.0477
Y  0.1622  0.9846  0.0659
Z  0.0578  0.0571 -0.9967

PART 18
OFFSET  20.2644 -1.8079 -13.1379
X -0.9936  0.0908 -0.0666
Y  0.0818  0.9885  0.1275
Z  0.0774  0.1212 -0.9896

PART 19
OFFSET  19.3204 -1.7216 -13.2011
X  0.6975 -0.7075  0.1140
Y  0.7109  0.7031  0.0140
Z -0.0901  0.0713  0.9934

PART 20
OFFSET  19.5029  0.1017 -12.0580
X  0.8653 -0.4578  0.2041
Y -0.2857 -0.7850 -0.5497
Z  0.4118  0.4174 -0.8101

PART 21
OFFSET  21.8162 -1.0071 -11.6366
X -0.2904 -0.8778 -0.3810
Y -0.9236  0.3613 -0.1284
Z  0.2504  0.3146 -0.9156

PART 22
OFFSET  21.3218 -2.5015 -12.2852
X -0.9639  0.1650 -0.2091
Y  0.0923  0.9433  0.3189
Z  0.2499  0.2881 -0.9244

PART 23
OFFSET  19.9860 -2.2728 -12.5751
X -0.9299  0.3340 -0.1540
Y  0.2642  0.8979  0.3520
Z  0.2559  0.2866 -0.9232

PART 24
OFFSET  18.9774 -1.9106 -12.7421
X  0.6235 -0.7725 -0.1203
Y  0.7382  0.5311  0.4160
Z -0.2575 -0.3482  0.9014

PART 25
OFFSET  19.4932 -1.8265 -9.9254
X  0.7029 -0.6966  0.1439
Y  0.4658  0.6037  0.6470
Z -0.5376 -0.3877  0.7488

PART 26
OFFSET  20.8751 -1.3549 -9.7040
X  0.7408 -0.6704  0.0425
Y -0.5942 -0.6835 -0.4240
Z  0.3133  0.2889 -0.9046

PART 27
OFFSET  22.1793 -2.5352 -9.6292
X  0.1150 -0.9436 -0.3104
Y -0.9273  0.0102 -0.3743
Z  0.3564  0.3309 -0.8738

PART 28
OFFSET  22.2974 -3.7025 -9.9535
X -0.5889 -0.6990 -0.4057
Y -0.6990  0.6925 -0.1784
Z  0.4057  0.1785 -0.8964

PART 29
OFFSET  21.6323 -4.4921 -10.4118
X  0.9368 -0.3473  0.0410
Y  0.2931  0.8436  0.4499
Z -0.1909 -0.4094  0.8922

PART 30
OFFSET  21.4457 -1.2007 -10.6373
X -0.3252 -0.8036 -0.4985
Y -0.8820  0.4479 -0.1467
Z  0.3411  0.3919 -0.8544

PART 31
OFFSET  20.8103 -2.7706 -11.6111
X -0.9401  0.1660 -0.2979
Y  0.0103  0.8870  0.4616
Z  0.3408  0.4309 -0.8356

PART 32
OFFSET  19.4372 -2.5281 -12.0461
X -0.8675  0.4852 -0.1100
Y  0.3372  0.7360  0.5871
Z  0.3657  0.4722 -0.8020

PART 33
OFFSET  18.4571 -1.9758 -12.1768
X  0.4264 -0.8723 -0.2394
Y  0.8414  0.2854  0.4588
Z -0.3319 -0.3971  0.8557

PART 34
OFFSET  20.3069 -1.9487 -12.1525
X  0.3530  0.4017 -0.8450
Y  0.2999  0.8069  0.5089
Z  0.8862 -0.4331  0.1644

PART 35
OFFSET  17.9717  2.3996 -13.3699
X  0.8134 -0.4899  0.3136
Y  0.3909  0.8596  0.3290
Z -0.4308 -0.1450  0.8907

PART 36
OFFSET  17.1204  1.2262 -14.2254
X  0.8134 -0.4899  0.3136
Y  0.3909  0.8596  0.3290
Z -0.4308 -0.1450  0.8907

PART 37
OFFSET  17.2337  1.6540 -10.9959
X  0.8134 -0.4899  0.3136
Y  0.3909  0.8596  0.3290
Z -0.4308 -0.1450  0.8907

PART 38
OFFSET  16.5453  0.5357 -11.2907
X  0.8134 -0.4899  0.3136
Y  0.3909  0.8596  0.3290
Z -0.4308 -0.1450  0.8907

PART 39
OFFSET  16.4231  0.3542 -12.4688
X  0.8134 -0.4899  0.3136
Y  0.3909  0.8596  0.3290
Z -0.4308 -0.1450  0.8907

PART 40
OFFSET  7.3677 -2.5140 -5.9195
X  0.9915 -0.0606 -0.1148
Y  0.0935  0.9468  0.3078
Z  0.0900 -0.3159  0.9445

PART 41
OFFSET  7.3677 -2.5140 -5.9195
X  0.9915 -0.0606 -0.1148
Y  0.0935  0.9468  0.3078
Z  0.0900 -0.3159  0.9445

PART 42
OFFSET  11.5704 -2.8431 -6.1346
X  0.9915 -0.0606 -0.1148
Y  0.0935  0.9468  0.3078
Z  0.0900 -0.3159  0.9445

PART 43
OFFSET  14.0261 -4.3652 -4.9656
X  0.9915 -0.0606 -0.1148
Y  0.0935  0.9468  0.3078
Z  0.0900 -0.3159  0.9445

PART 44
OFFSET -3.5060 -7.9373 -3.1869
X  0.2669 -0.1306  0.9548
Y  0.0865 -0.9835 -0.1587
Z  0.9598  0.1250 -0.2512

PART 45
OFFSET -6.7341 -6.3578 -14.7345
X -0.7245 -0.3145 -0.6134
Y  0.3967  0.5374 -0.7442
Z  0.5637 -0.7825 -0.2646

PART 46
OFFSET -0.5720 -3.6829 -9.5176
X -0.7245 -0.3145 -0.6134
Y  0.6064  0.1324 -0.7841
Z  0.3278 -0.9400  0.0948

PART 47
OFFSET -0.4688 -2.7323 -7.7823
X -0.7284 -0.3156 -0.6082
Y -0.5673  0.7755  0.2770
Z  0.3843  0.5468 -0.7439

PART 48
OFFSET -0.2293 -3.6017 -6.9932
X -0.7284 -0.3156 -0.6082
Y -0.5673  0.7755  0.2770
Z  0.3843  0.5468 -0.7439

PART 49
OFFSET  0.6750 -4.4909 -7.4431
X -0.7284 -0.3156 -0.6082
Y -0.5673  0.7755  0.2770
Z  0.3843  0.5468 -0.7439

PART 50
OFFSET  1.6490 -2.7187 -7.6372
X -0.9975  0.0499  0.0505
Y -0.0343  0.2841 -0.9582
Z -0.0621 -0.9575 -0.2816

PART 51
OFFSET  2.1563 -2.6221 -6.6197
X -0.7598 -0.3087 -0.5722
Y  0.3624  0.5296 -0.7669
Z  0.5398 -0.7901 -0.2905

PART 52
OFFSET  3.7298 -1.9648 -5.2922
X -0.8476 -0.3810  0.3693
Y -0.4025  0.0082 -0.9154
Z  0.3458 -0.9245 -0.1604

PART 53
OFFSET  5.0354 -1.2456 -5.9250
X -0.2670 -0.3992  0.8771
Y -0.8641 -0.3037 -0.4013
Z  0.4266 -0.8651 -0.2638

PART 54
OFFSET  5.3193 -0.7692 -6.8547
X -0.6492  0.1985  0.7343
Y  0.0888  0.9785 -0.1860
Z -0.7554 -0.0556 -0.6529

PART 55
OFFSET  2.4688 -2.2632 -8.6491
X -0.8661 -0.3031  0.3976
Y  0.1684 -0.9256 -0.3389
Z  0.4707 -0.2266  0.8527

PART 56
OFFSET  4.4626 -1.5016 -9.3766
X -0.2870 -0.8954 -0.3404
Y  0.7785 -0.0109 -0.6276
Z  0.5582 -0.4451  0.7002

PART 57
OFFSET  4.8689 -0.2339 -8.8947
X  0.5339 -0.4493 -0.7163
Y  0.6637  0.7475  0.0258
Z  0.5238 -0.4892  0.6974

PART 58
OFFSET  4.3955  0.1645 -8.2596
X  0.8243  0.3635 -0.4341
Y -0.0674  0.8243  0.5622
Z  0.5621 -0.4341  0.7039

PART 59
OFFSET  3.6124 -0.1809 -7.8473
X -0.6694 -0.7327 -0.1227
Y -0.5103  0.3335  0.7927
Z -0.5399  0.5933 -0.5971

PART 60
OFFSET  2.7024 -2.5967 -8.0627
X -0.9478 -0.1837  0.2607
Y  0.1046 -0.9514 -0.2898
Z  0.3013 -0.2474  0.9209

PART 61
OFFSET  5.1198 -2.1042 -8.8825
X -0.2758 -0.9338 -0.2281
Y  0.7627 -0.0681 -0.6431
Z  0.5850 -0.3514  0.7310

PART 62
OFFSET  5.5893 -0.5145 -8.4941
X  0.6748 -0.2920 -0.6778
Y  0.4676  0.8797  0.0866
Z  0.5710 -0.3754  0.7301

PART 63
OFFSET  4.6541 -0.1098 -7.5548
X  0.7861  0.5126 -0.3455
Y -0.2471  0.7729  0.5844
Z  0.5666 -0.3740  0.7342

PART 64
OFFSET  3.8016 -0.6657 -7.1800
X -0.4750 -0.8799 -0.0146
Y -0.6771  0.3548  0.6447
Z -0.5621  0.3161 -0.7643

PART 65
OFFSET -2.5067 -3.2646 -6.7676
X -0.9491 -0.2743  0.1546
Y -0.2318  0.9410  0.2465
Z -0.2130  0.1981 -0.9567

PART 66
OFFSET  5.5385 -3.4830 -7.2161
X -0.9701 -0.1004  0.2209
Y  0.0068 -0.9214 -0.3886
Z  0.2425 -0.3755  0.8945

PART 67
OFFSET  7.2466 -3.3063 -7.6050
X -0.9678 -0.1325  0.2138
Y  0.0516 -0.9364 -0.3470
Z  0.2462 -0.3248  0.9132

PART 68
OFFSET  8.4381 -3.1649 -7.8095
X -0.9824 -0.1142  0.1478
Y  0.0528 -0.9289 -0.3664
Z  0.1791 -0.3522  0.9186

PART 69
OFFSET  9.5478 -3.0359 -7.9764
X  0.3225  0.7767  0.5411
Y  0.9200 -0.1228 -0.3721
Z -0.2225  0.6178 -0.7542

PART 70
OFFSET  5.4060 -2.9978 -8.1997
X -0.3815 -0.9134 -0.1418
Y  0.8193 -0.2630 -0.5095
Z  0.4281 -0.3105  0.8487

PART 71
OFFSET  6.1512 -1.2134 -7.9226
X  0.6599 -0.5306 -0.5320
Y  0.5966  0.8004 -0.0584
Z  0.4568 -0.2789  0.8447

PART 72
OFFSET  5.1874 -0.4383 -7.1456
X  0.8373  0.4189 -0.3514
Y -0.2798  0.8804  0.3829
Z  0.4698 -0.2223  0.8543

PART 73
OFFSET  4.2356 -0.9105 -6.7534
X -0.4934 -0.8693 -0.0297
Y -0.7159  0.3864  0.5815
Z -0.4940  0.3082 -0.8130

PART 74
OFFSET -0.4688 -2.7323 -7.7822
X -0.7284 -0.3156 -0.6082
Y -0.5673  0.7755  0.2770
Z  0.3843  0.5468 -0.7439

PART 75
OFFSET -0.2294 -3.6016 -6.9931
X -0.7284 -0.3156 -0.6082
Y -0.5673  0.7755  0.2770
Z  0.3843  0.5468 -0.7439

PART 76
OFFSET  0.6751 -4.4909 -7.4432
X -0.7284 -0.3156 -0.6082
Y -0.5673  0.7755  0.2770
Z  0.3843  0.5468 -0.7439

PART 77
OFFSET  0.0000 -0.0000 -0.0000
X  1.0000 -0.0000  0.0000
Y  0.0000  1.0000  0.0000
Z  0.0000 -0.0000  1.0000

PART 78
OFFSET  0.0000 -0.0000 -0.0000
X  0.9986 -0.0000  0.0523
Y  0.0046  0.9962 -0.0870
Z -0.0521  0.0872  0.9948

PART 79
OFFSET  1.3227  0.3605  4.1950
X  0.9986 -0.0000  0.0523
Y  0.0046  0.9962 -0.0870
Z -0.0521  0.0872  0.9948


FRAME 2376
PART 0
OFFSET  0.0000 -0.0000 -0.0000
X  1.0000 -0.0000  0.0000
Y  0.0000  1.0000  0.0000
Z  0.0000 -0.0000  1.0000

PART 1
OFFSET -4.6318 -0.0000 -1.3770
X  1.0000 -0.0000  0.0000
Y  0.0000  1.0000  0.0000
Z  0.0000 -0.0000  1.0000

PART 2
OFFSET -0.5006  7.9577 -9.0059
X  0.7880 -0.1382 -0.5999
Y -0.1062 -0.9904  0.0887
Z -0.6064 -0.0062 -0.7951

PART 3
OFFSET  9.0299  6.2864 -16.2611
X  0.7954 -0.5027  0.3387
Y -0.4550 -0.1261  0.8815
Z -0.4004 -0.8552 -0.3290

PART 4
OFFSET  15.7947  2.0107 -13.3805
X  0.7954 -0.5027  0.3387
Y -0.5340 -0.3168  0.7839
Z -0.2868 -0.8043 -0.5204

PART 5
OFFSET  18.0073  2.6925 -12.9167
X  0.7992 -0.4996  0.3343
Y  0.4047  0.8584  0.3154
Z -0.4445 -0.1167  0.8881

PART 6
OFFSET  16.8802  1.0346 -14.3842
X  0.7992 -0.4996  0.3343
Y  0.4047  0.8584  0.3154
Z -0.4445 -0.1167  0.8881

PART 7
OFFSET  16.9632  1.5301 -11.1635
X  0.7992 -0.4996  0.3343
Y  0.4047  0.8584  0.3154
Z -0.4445 -0.1167  0.8881

PART 8
OFFSET  16.2553  0.4200 -11.4428
X  0.7992 -0.4996  0.3343
Y  0.4047  0.8584  0.3154
Z -0.4445 -0.1167  0.8881

PART 9
OFFSET  16.1436  0.2155 -12.6181
X  0.7992 -0.4996  0.3343
Y  0.4047  0.8584  0.3154
Z -0.4445 -0.1167  0.8881

PART 10
OFFSET  18.2330  0.4695 -12.3423
X  0.7125 -0.5347  0.4544
Y -0.6378 -0.2234  0.7371
Z -0.2926 -0.8150 -0.5001

PART 11
OFFSET  17.8179 -0.3212 -11.6319
X -0.2399 -0.9283  0.2841
Y -0.8907  0.3269  0.3159
Z -0.3861 -0.1773 -0.9053

PART 12
OFFSET  17.1898 -2.3016 -11.0377
X  0.7668 -0.6372  0.0773
Y -0.6224 -0.7087  0.3322
Z -0.1569 -0.3028 -0.9400

PART 13
OFFSET  18.4472 -3.3219 -11.0380
X  0.9104  0.2169 -0.3523
Y  0.2916 -0.9404  0.1747
Z -0.2934 -0.2618 -0.9194

PART 14
OFFSET  19.4233 -3.1154 -11.4581
X  0.9206  0.1344  0.3665
Y -0.3901  0.3551  0.8496
Z -0.0159 -0.9251  0.3793

PART 15
OFFSET  19.4597  0.0915 -12.8481
X  0.9357 -0.3459 -0.0697
Y -0.3256 -0.7703 -0.5483
Z  0.1360  0.5357 -0.8334

PART 16
OFFSET  21.5023 -0.8581 -12.9506
X -0.4339 -0.8810 -0.1885
Y -0.8864  0.4549 -0.0858
Z  0.1613  0.1299 -0.9783

PART 17
OFFSET  20.8880 -2.1055 -13.2175
X -0.9873  0.1527 -0.0434
Y  0.1502  0.9870  0.0564
Z  0.0515  0.0491 -0.9975

PART 18
OFFSET  20.0126 -1.9700 -13.2560
X -0.9951  0.0778 -0.0617
Y  0.0701  0.9905  0.1184
Z  0.0703  0.1135 -0.9911

PART 19
OFFSET  19.0673 -1.8961 -13.3146
X  0.7069 -0.6977  0.1162
Y  0.7021  0.7120  0.0038
Z -0.0854  0.0789  0.9932

PART 20
OFFSET  19.2334 -0.0607 -12.1885
X  0.8721 -0.4452  0.2031
Y -0.2789 -0.7933 -0.5412
Z  0.4020  0.4154 -0.8160

PART 21
OFFSET  21.5627 -1.1368 -11.7707
X -0.2815 -0.8846 -0.3717
Y -0.9287  0.3486 -0.1263
Z  0.2413  0.3096 -0.9197

PART 22
OFFSET  21.0834 -2.6430 -12.4035
X -0.9670  0.1511 -0.2050
Y  0.0822  0.9471  0.3102
Z  0.2410  0.2831 -0.9283

PART 23
OFFSET  19.7432 -2.4335 -12.6876
X -0.9349  0.3210 -0.1516
Y  0.2549  0.9042  0.3427
Z  0.2471  0.2817 -0.9271

PART 24
OFFSET  18.7293 -2.0854 -12.8520
X  0.6325 -0.7657 -0.1172
Y  0.7338  0.5439  0.4071
Z -0.2480 -0.3435  0.9058

PART 25
OFFSET  19.2599 -1.9702 -10.0391
X  0.7123 -0.6865  0.1459
Y  0.4619  0.6151  0.6390
Z -0.5284 -0.3878  0.7552

PART 26
OFFSET  20.6369 -1.4795 -9.8298
X  0.7719 -0.6324  0.0648
Y -0.5589 -0.7237 -0.4048
Z  0.3029  0.2763 -0.9121

PART 27
OFFSET  21.9960 -2.5930 -9.7157
X  0.1845 -0.9445 -0.2719
Y -0.9212 -0.0698 -0.3828
Z  0.3426  0.3211 -0.8829

PART 28
OFFSET  22.1995 -3.7607 -9.9927
X -0.5484 -0.7410 -0.3874
Y -0.7328  0.6491 -0.2042
Z  0.4028  0.1719 -0.8990

PART 29
OFFSET  21.5800 -4.5977 -10.4302
X  0.9533 -0.2964  0.0576
Y  0.2452  0.8713  0.4252
Z -0.1762 -0.3912  0.9033

PART 30
OFFSET  21.2003 -1.3263 -10.7676
X -0.3180 -0.8119 -0.4896
Y -0.8883  0.4356 -0.1455
Z  0.3314  0.3887 -0.8597

PART 31
OFFSET  20.5792 -2.9125 -11.7241
X -0.9437  0.1516 -0.2939
Y  0.0018  0.8911  0.4538
Z  0.3307  0.4277 -0.8412

PART 32
OFFSET  19.2007 -2.6910 -12.1533
X -0.8741  0.4733 -0.1092
Y  0.3312  0.7452  0.5787
Z  0.3553  0.4697 -0.8082

PART 33
OFFSET  18.2130 -2.1521 -12.2831
X  0.4360 -0.8689 -0.2342
Y  0.8404  0.2999  0.4515
Z -0.3221 -0.3937  0.8610

PART 34
OFFSET  20.0624 -2.1017 -12.2697
X  0.3432  0.3987 -0.8505
Y  0.2926  0.8150  0.5001
Z  0.8925 -0.4205  0.1630

PART 35
OFFSET  17.7454  2.2085 -13.5434
X  0.7992 -0.4996  0.3343
Y  0.4047  0.8584  0.3154
Z -0.4445 -0.1167  0.8881

PART 36
OFFSET  16.8802  1.0346 -14.3842
X  0.7992 -0.4996  0.3343
Y  0.4047  0.8584  0.3154
Z -0.4445 -0.1167  0.8881

PART 37
OFFSET  16.9632  1.5301 -11.1635
X  0.7992 -0.4996  0.3343
Y  0.4047  0.8584  0.3154
Z -0.4445 -0.1167  0.8881

PART 38
OFFSET  16.2553  0.4200 -11.4428
X  0.7992 -0.4996  0.3343
Y  0.4047  0.8584  0.3154
Z -0.4445 -0.1167  0.8881

PART 39
OFFSET  16.1436  0.2155 -12.6181
X  0.7992 -0.4996  0.3343
Y  0.4047  0.8584  0.3154
Z -0.4445 -0.1167  0.8881

PART 40
OFFSET  7.1725 -2.7117 -5.9177
X  0.9911 -0.0535 -0.1222
Y  0.0877  0.9515  0.2949
Z  0.1005 -0.3030  0.9477

PART 41
OFFSET  7.1725 -2.7117 -5.9177
X  0.9911 -0.0535 -0.1222
Y  0.0877  0.9515  0.2949
Z  0.1005 -0.3030  0.9477

PART 42
OFFSET  11.3760 -3.0072 -6.1634
X  0.9911 -0.0535 -0.1222
Y  0.0877  0.9515  0.2949
Z  0.1005 -0.3030  0.9477

PART 43
OFFSET  13.8543 -4.4929 -4.9953
X  0.9911 -0.0535 -0.1222
Y  0.0877  0.9515  0.2949
Z  0.1005 -0.3030  0.9477

PART 44
OFFSET -3.5060 -7.9373 -3.1869
X  0.2846 -0.1142  0.9518
Y  0.0854 -0.9859 -0.1438
Z  0.9549  0.1222 -0.2708

PART 45
OFFSET -6.9475 -6.5567 -14.6983
X -0.7232 -0.3099 -0.6172
Y  0.4040  0.5350 -0.7420
Z  0.5602 -0.7860 -0.2617

PART 46
OFFSET -0.7964 -3.9210 -9.4485
X -0.7232 -0.3099 -0.6172
Y  0.6120  0.1266 -0.7806
Z  0.3201 -0.9423  0.0981

PART 47
OFFSET -0.6964 -2.9714 -7.7125
X -0.7271 -0.3109 -0.6121
Y -0.5639  0.7791  0.2741
Z  0.3916  0.5444 -0.7418

PART 48
OFFSET -0.4665 -3.8423 -6.9223
X -0.7271 -0.3109 -0.6121
Y -0.5639  0.7791  0.2741
Z  0.3916  0.5444 -0.7418

PART 49
OFFSET  0.4345 -4.7371 -7.3675
X -0.7271 -0.3109 -0.6121
Y -0.5639  0.7791  0.2741
Z  0.3916  0.5444 -0.7418

PART 50
OFFSET  1.4206 -2.9710 -7.5563
X -0.9967  0.0437  0.0680
Y -0.0532  0.2782 -0.9591
Z -0.0609 -0.9595 -0.2749

PART 51
OFFSET  1.9453 -2.8652 -6.5485
X -0.7678 -0.3170 -0.5567
Y  0.3452  0.5274 -0.7763
Z  0.5397 -0.7883 -0.2955

PART 52
OFFSET  3.5378 -2.1899 -5.2531
X -0.8384 -0.3843  0.3865
Y -0.4188  0.0002 -0.9081
Z  0.3489 -0.9232 -0.1611

PART 53
OFFSET  4.8272 -1.4661 -5.9132
X -0.2488 -0.3957  0.8840
Y -0.8691 -0.3116 -0.3841
Z  0.4275 -0.8639 -0.2664

PART 54
OFFSET  5.0914 -0.9934 -6.8505
X -0.6373  0.1986  0.7445
Y  0.0790  0.9780 -0.1932
Z -0.7665 -0.0643 -0.6390

PART 55
OFFSET  2.2193 -2.5163 -8.5852
X -0.8568 -0.3063  0.4147
Y  0.1684 -0.9265 -0.3365
Z  0.4873 -0.2185  0.8455

PART 56
OFFSET  4.1949 -1.7462 -9.3525
X -0.2871 -0.8993 -0.3300
Y  0.7673 -0.0096 -0.6413
Z  0.5735 -0.4373  0.6927

PART 57
OFFSET  4.6014 -0.4731 -8.8853
X  0.5240 -0.4501 -0.7230
Y  0.6592  0.7519  0.0096
Z  0.5393 -0.4817  0.6907

PART 58
OFFSET  4.1367 -0.0740 -8.2442
X  0.8141  0.3662 -0.4508
Y -0.0628  0.8271  0.5585
Z  0.5774 -0.4263  0.6963

PART 59
OFFSET  3.3634 -0.4219 -7.8160
X -0.6667 -0.7377 -0.1065
Y -0.4983  0.3349  0.7997
Z -0.5543  0.5862 -0.5909

PART 60
OFFSET  2.4654 -2.8448 -8.0012
X -0.9418 -0.1882  0.2786
Y  0.1057 -0.9524 -0.2861
Z  0.3192 -0.2400  0.9168

PART 61
OFFSET  4.8646 -2.3416 -8.8668
X -0.2737 -0.9369 -0.2178
Y  0.7516 -0.0670 -0.6562
Z  0.6002 -0.3432  0.7225

PART 62
OFFSET  5.3305 -0.7466 -8.4960
X  0.6645 -0.2916 -0.6880
Y  0.4633  0.8832  0.0731
Z  0.5863 -0.3674  0.7220

PART 63
OFFSET  4.4096 -0.3424 -7.5425
X  0.7764  0.5156 -0.3624
Y -0.2418  0.7748  0.5842
Z  0.5820 -0.3660  0.7262

PART 64
OFFSET  3.5675 -0.9016 -7.1494
X -0.4694 -0.8830 -0.0010
Y -0.6678  0.3543  0.6546
Z -0.5776  0.3080 -0.7560

PART 65
OFFSET -2.7153 -3.5386 -6.6096
X -0.9444 -0.2795  0.1730
Y -0.2335  0.9409  0.2451
Z -0.2313  0.1911 -0.9539

PART 66
OFFSET  5.3219 -3.7078 -7.2001
X -0.9654 -0.1053  0.2387
Y  0.0060 -0.9236 -0.3834
Z  0.2608 -0.3687  0.8922

PART 67
OFFSET  7.0216 -3.5224 -7.6204
X -0.9630 -0.1375  0.2318
Y  0.0515 -0.9381 -0.3424
Z  0.2645 -0.3178  0.9105

PART 68
OFFSET  8.2084 -3.3745 -7.8468
X -0.9789 -0.1196  0.1659
Y  0.0524 -0.9307 -0.3619
Z  0.1977 -0.3456  0.9173

PART 69
OFFSET  9.3140 -3.2394 -8.0342
X  0.3270  0.7819  0.5307
Y  0.9141 -0.1191 -0.3877
Z -0.2399  0.6119 -0.7537

PART 70
OFFSET  5.1688 -3.2293 -8.1840
X -0.3779 -0.9167 -0.1297
Y  0.8118 -0.2608 -0.5224
Z  0.4451 -0.3028  0.8427

PART 71
OFFSET  5.9071 -1.4385 -7.9306
X  0.6538 -0.5295 -0.5406
Y  0.5902  0.8039 -0.0736
Z  0.4735 -0.2709  0.8381

PART 72
OFFSET  4.9522 -0.6650 -7.1410
X  0.8281  0.4222 -0.3687
Y -0.2787  0.8808  0.3827
Z  0.4863 -0.2142  0.8471

PART 73
OFFSET  4.0106 -1.1411 -6.7292
X -0.4881 -0.8726 -0.0159
Y -0.7080  0.3852  0.5919
Z -0.5104  0.3001 -0.8059

PART 74
OFFSET -0.6964 -2.9714 -7.7125
X -0.7271 -0.3109 -0.6121
Y -0.5639  0.7791  0.2741
Z  0.3916  0.5444 -0.7418

PART 75
OFFSET -0.4667 -3.8422 -6.9222
X -0.7271 -0.3109 -0.6121
Y -0.5639  0.7791  0.2741
Z  0.3916  0.5444 -0.7418

PART 76
OFFSET  0.4346 -4.7371 -7.3676
X -0.7271 -0.3109 -0.6121
Y -0.5639  0.7791  0.2741
Z  0.3916  0.5444 -0.7418

PART 77
OFFSET  0.0000 -0.0000 -0.0000
X  1.0000 -0.0000  0.0000
Y  0.0000  1.0000  0.0000
Z  0.0000 -0.0000  1.0000

PART 78
OFFSET  0.0000 -0.0000 -0.0000
X  0.9996 -0.0000  0.0266
Y  0.0009  0.9994 -0.0335
Z -0.0266  0.0335  0.9991

PART 79
OFFSET  1.4300  0.1387  4.1729
X  0.9996 -0.0000  0.0266
Y  0.0009  0.9994 -0.0335
Z -0.0266  0.0335  0.9991


FRAME 2377
PART 0
OFFSET  0.0000 -0.0000 -0.0000
X  1.0000 -0.0000  0.0000
Y  0.0000  1.0000  0.0000
Z  0.0000 -0.0000  1.0000

PART 1
OFFSET -4.6318 -0.0000 -1.3770
X  1.0000 -0.0000  0.0000
Y  0.0000  1.0000  0.0000
Z  0.0000 -0.0000  1.0000

PART 2
OFFSET -0.4687  7.9578 -8.8762
X  0.7942 -0.1575 -0.5870
Y -0.1117 -0.9872  0.1139
Z -0.5974 -0.0249 -0.8016

PART 3
OFFSET  9.1356  6.0528 -15.9748
X  0.7872 -0.4973  0.3649
Y -0.4690 -0.0984  0.8777
Z -0.4006 -0.8620 -0.3106

PART 4
OFFSET  15.8308  1.8234 -12.8715
X  0.7872 -0.4973  0.3649
Y -0.5571 -0.3193  0.7666
Z -0.2647 -0.8067 -0.5283

PART 5
OFFSET  18.0401  2.5059 -12.3936
X  0.7910 -0.4943  0.3605
Y  0.4050  0.8647  0.2969
Z -0.4585 -0.0889  0.8842

PART 6
OFFSET  16.9253  0.8131 -13.8304
X  0.7910 -0.4943  0.3605
Y  0.4050  0.8647  0.2969
Z -0.4585 -0.0889  0.8842

PART 7
OFFSET  16.9629  1.3997 -10.6242
X  0.7910 -0.4943  0.3605
Y  0.4050  0.8647  0.2969
Z -0.4585 -0.0889  0.8842

PART 8
OFFSET  16.2526  0.2861 -10.8826
X  0.7910 -0.4943  0.3605
Y  0.4050  0.8647  0.2969
Z -0.4585 -0.0889  0.8842

PART 9
OFFSET  16.1574  0.0488 -12.0532
X  0.7910 -0.4943  0.3605
Y  0.4050  0.8647  0.2969
Z -0.4585 -0.0889  0.8842

PART 10
OFFSET  18.2439  0.2990 -11.7530
X  0.6995 -0.5104  0.5001
Y -0.6690 -0.2219  0.7093
Z -0.2511 -0.8308 -0.4967

PART 11
OFFSET  17.8099 -0.4859 -11.0474
X -0.2354 -0.9273  0.2910
Y -0.9152  0.3123  0.2548
Z -0.3272 -0.2064 -0.9222

PART 12
OFFSET  17.1924 -2.4672 -10.4453
X  0.7750 -0.6168  0.1375
Y -0.6250 -0.7159  0.3112
Z -0.0935 -0.3271 -0.9403

PART 13
OFFSET  18.4704 -3.4569 -10.3472
X  0.9247  0.2308 -0.3027
Y  0.3019 -0.9291  0.2136
Z -0.2319 -0.2889 -0.9288

PART 14
OFFSET  19.4649 -3.2363 -10.7135
X  0.8938  0.1645  0.4172
Y -0.4481  0.3642  0.8164
Z -0.0176 -0.9167  0.3993

PART 15
OFFSET  19.5015 -0.0632 -12.1897
X  0.9447 -0.3275 -0.0162
Y -0.2825 -0.7878 -0.5474
Z  0.1665  0.5217 -0.8367

PART 16
OFFSET  21.5653 -0.9716 -12.1714
X -0.4063 -0.8935 -0.1911
Y -0.8900  0.4344 -0.1389
Z  0.2071  0.1137 -0.9717

PART 17
OFFSET  20.9901 -2.2366 -12.4420
X -0.9868  0.1311 -0.0952
Y  0.1275  0.9909  0.0430
Z  0.1000  0.0303 -0.9945

PART 18
OFFSET  20.1151 -2.1204 -12.5265
X -0.9921  0.0556 -0.1122
Y  0.0443  0.9939  0.1009
Z  0.1172  0.0951 -0.9885

PART 19
OFFSET  19.1726 -2.0676 -12.6331
X  0.7141 -0.6802  0.1655
Y  0.6867  0.7266  0.0235
Z -0.1362  0.0969  0.9859

PART 20
OFFSET  19.2458 -0.2069 -11.5389
X  0.8697 -0.4226  0.2551
Y -0.2357 -0.8096 -0.5375
Z  0.4337  0.4073 -0.8037

PART 21
OFFSET  21.5726 -1.2253 -10.9844
X -0.2450 -0.8976 -0.3664
Y -0.9281  0.3264 -0.1792
Z  0.2804  0.2962 -0.9130

PART 22
OFFSET  21.1555 -2.7535 -11.6082
X -0.9585  0.1266 -0.2556
Y  0.0478  0.9547  0.2939
Z  0.2812  0.2695 -0.9210

PART 23
OFFSET  19.8271 -2.5780 -11.9624
X -0.9324  0.2982 -0.2042
Y  0.2194  0.9160  0.3357
Z  0.2872  0.2683 -0.9196

PART 24
OFFSET  18.8159 -2.2546 -12.1839
X  0.6527 -0.7544 -0.0697
Y  0.7016  0.5672  0.4313
Z -0.2858 -0.3304  0.8995

PART 25
OFFSET  19.2036 -2.0721 -9.3513
X  0.7178 -0.6683  0.1952
Y  0.4172  0.6373  0.6479
Z -0.5575 -0.3836  0.7363

PART 26
OFFSET  20.5585 -1.5485 -9.0847
X  0.7987 -0.5864  0.1350
Y -0.4958 -0.7684 -0.4046
Z  0.3410  0.2562 -0.9045

PART 27
OFFSET  21.9647 -2.5809 -8.8470
X  0.2699 -0.9396 -0.2106
Y -0.8867 -0.1572 -0.4349
Z  0.3755  0.3041 -0.8755

PART 28
OFFSET  22.2700 -3.7416 -9.0499
X -0.4810 -0.7868 -0.3868
Y -0.7541  0.5963 -0.2752
Z  0.4472  0.1593 -0.8801

PART 29
OFFSET  21.7266 -4.6303 -9.4868
X  0.9631 -0.2374  0.1268
Y  0.1692  0.9004  0.4009
Z -0.2094 -0.3646  0.9073

PART 30
OFFSET  21.1646 -1.4023 -9.9966
X -0.2769 -0.8280 -0.4875
Y -0.8885  0.4138 -0.1982
Z  0.3659  0.3783 -0.8503

PART 31
OFFSET  20.6236 -3.0199 -10.9490
X -0.9308  0.1259 -0.3432
Y -0.0385  0.8998  0.4345
Z  0.3635  0.4177 -0.8327

PART 32
OFFSET  19.2640 -2.8361 -11.4502
X -0.8769  0.4526 -0.1620
Y  0.2871  0.7634  0.5785
Z  0.3855  0.4608 -0.7994

PART 33
OFFSET  18.2734 -2.3208 -11.6398
X  0.4644 -0.8641 -0.1942
Y  0.8107  0.3265  0.4859
Z -0.3565 -0.3831  0.8522

PART 34
OFFSET  20.1185 -2.2313 -11.5363
X  0.3770  0.3887 -0.8407
Y  0.2511  0.8308  0.4967
Z  0.8915 -0.3983  0.2156

PART 35
OFFSET  17.7848  2.0058 -13.0103
X  0.7910 -0.4943  0.3605
Y  0.4050  0.8647  0.2969
Z -0.4585 -0.0889  0.8842

PART 36
OFFSET  16.9253  0.8131 -13.8304
X  0.7910 -0.4943  0.3605
Y  0.4050  0.8647  0.2969
Z -0.4585 -0.0889  0.8842

PART 37
OFFSET  16.9629  1.3997 -10.6242
X  0.7910 -0.4943  0.3605
Y  0.4050  0.8647  0.2969
Z -0.4585 -0.0889  0.8842

PART 38
OFFSET  16.2526  0.2861 -10.8826
X  0.7910 -0.4943  0.3605
Y  0.4050  0.8647  0.2969
Z -0.4585 -0.0889  0.8842

PART 39
OFFSET  16.1574  0.0488 -12.0532
X  0.7910 -0.4943  0.3605
Y  0.4050  0.8647  0.2969
Z -0.4585 -0.0889  0.8842

PART 40
OFFSET  6.9461 -2.9260 -5.7798
X  0.9965 -0.0391 -0.0741
Y  0.0581  0.9597  0.2751
Z  0.0603 -0.2784  0.9586

PART 41
OFFSET  6.9461 -2.9260 -5.7798
X  0.9965 -0.0391 -0.0741
Y  0.0581  0.9597  0.2751
Z  0.0603 -0.2784  0.9586

PART 42
OFFSET  11.1608 -3.1541 -5.8200
X  0.9965 -0.0391 -0.0741
Y  0.0581  0.9597  0.2751
Z  0.0603 -0.2784  0.9586

PART 43
OFFSET  13.6048 -4.5681 -4.5003
X  0.9965 -0.0391 -0.0741
Y  0.0581  0.9597  0.2751
Z  0.0603 -0.2784  0.9586

PART 44
OFFSET -3.5060 -7.9373 -3.1869
X  0.3076 -0.0855  0.9477
Y  0.0705 -0.9912 -0.1123
Z  0.9489  0.1014 -0.2989

PART 45
OFFSET -7.2266 -6.9039 -14.6478
X -0.7336 -0.3107 -0.6044
Y  0.4068  0.5116 -0.7568
Z  0.5443 -0.8011 -0.2489

PART 46
OFFSET -0.9868 -4.2612 -9.5074
X -0.7336 -0.3107 -0.6044
Y  0.5957  0.1340 -0.7920
Z  0.3271 -0.9410  0.0867

PART 47
OFFSET -0.8557 -3.2757 -7.7936
X -0.7375 -0.3115 -0.5991
Y -0.5481  0.7945  0.2615
Z  0.3946  0.5212 -0.7567

PART 48
OFFSET -0.6341 -4.1331 -6.9864
X -0.7375 -0.3115 -0.5991
Y -0.5481  0.7945  0.2615
Z  0.3946  0.5212 -0.7567

PART 49
OFFSET  0.2477 -5.0529 -7.4191
X -0.7375 -0.3115 -0.5991
Y -0.5481  0.7945  0.2615
Z  0.3946  0.5212 -0.7567

PART 50
OFFSET  1.2622 -3.3087 -7.6546
X -0.9991  0.0299  0.0291
Y -0.0203  0.2604 -0.9653
Z -0.0364 -0.9650 -0.2595

PART 51
OFFSET  1.7462 -3.1771 -6.6296
X -0.7412 -0.3383 -0.5798
Y  0.3672  0.5187 -0.7721
Z  0.5619 -0.7852 -0.2603

PART 52
OFFSET  3.2778 -2.4553 -5.2869
X -0.8470 -0.3900  0.3611
Y -0.3835 -0.0221 -0.9233
Z  0.3681 -0.9206 -0.1309

PART 53
OFFSET  4.5811 -1.7239 -5.9103
X -0.2769 -0.3837  0.8810
Y -0.8491 -0.3314 -0.4113
Z  0.4498 -0.8619 -0.2341

PART 54
OFFSET  4.8744 -1.2639 -6.8453
X -0.6683  0.2021  0.7159
Y  0.0724  0.9755 -0.2078
Z -0.7404 -0.0871 -0.6665

PART 55
OFFSET  2.0933 -2.8602 -8.6604
X -0.8677 -0.3118  0.3872
Y  0.1945 -0.9297 -0.3129
Z  0.4575 -0.1962  0.8673

PART 56
OFFSET  4.0857 -2.0741 -9.3656
X -0.2613 -0.9092 -0.3243
Y  0.7914 -0.0094 -0.6112
Z  0.5526 -0.4164  0.7220

PART 57
OFFSET  4.4556 -0.7870 -8.9064
X  0.5579 -0.4549 -0.6942
Y  0.6475  0.7618  0.0211
Z  0.5192 -0.4612  0.7195

PART 58
OFFSET  3.9609 -0.3837 -8.2909
X  0.8254  0.3704 -0.4259
Y -0.0961  0.8358  0.5405
Z  0.5562 -0.4052  0.7255

PART 59
OFFSET  3.1767 -0.7356 -7.8863
X -0.6514 -0.7494 -0.1185
Y -0.5335  0.3414  0.7739
Z -0.5395  0.5673 -0.6222

PART 60
OFFSET  2.3215 -3.1745 -8.0615
X -0.9490 -0.1974  0.2458
Y  0.1303 -0.9556 -0.2644
Z  0.2871 -0.2189  0.9326

PART 61
OFFSET  4.7447 -2.6507 -8.8438
X -0.2516 -0.9446 -0.2110
Y  0.7772 -0.0673 -0.6257
Z  0.5768 -0.3214  0.7510

PART 62
OFFSET  5.1731 -1.0426 -8.4847
X  0.6946 -0.2937 -0.6567
Y  0.4474  0.8912  0.0747
Z  0.5633 -0.3457  0.7504

PART 63
OFFSET  4.2104 -0.6356 -7.5745
X  0.7823  0.5207 -0.3418
Y -0.2752  0.7812  0.5603
Z  0.5588 -0.3443  0.7544

PART 64
OFFSET  3.3620 -1.2003 -7.2038
X -0.4563 -0.8898 -0.0029
Y -0.6976  0.3557  0.6220
Z -0.5525  0.2858 -0.7830

PART 65
OFFSET -2.8984 -3.9216 -6.8565
X -0.9463 -0.2906  0.1419
Y -0.2563  0.9415  0.2189
Z -0.1972  0.1707 -0.9654

PART 66
OFFSET  5.1572 -3.9803 -7.1363
X -0.9722 -0.1156  0.2035
Y  0.0340 -0.9300 -0.3660
Z  0.2316 -0.3489  0.9081

PART 67
OFFSET  6.8689 -3.7767 -7.4947
X -0.9691 -0.1479  0.1973
Y  0.0781 -0.9431 -0.3231
Z  0.2338 -0.2977  0.9256

PART 68
OFFSET  8.0613 -3.6150 -7.6783
X -0.9827 -0.1314  0.1305
Y  0.0796 -0.9361 -0.3427
Z  0.1672 -0.3263  0.9303

PART 69
OFFSET  9.1712 -3.4666 -7.8257
X  0.2951  0.7960  0.5285
Y  0.9299 -0.1121 -0.3502
Z -0.2195  0.5948 -0.7733

PART 70
OFFSET  5.0351 -3.5215 -8.1339
X -0.3595 -0.9244 -0.1273
Y  0.8350 -0.2577 -0.4862
Z  0.4167 -0.2811  0.8645

PART 71
OFFSET  5.7374 -1.7156 -7.8851
X  0.6816 -0.5291 -0.5055
Y  0.5810  0.8112 -0.0656
Z  0.4448 -0.2489  0.8603

PART 72
OFFSET  4.7418 -0.9428 -7.1468
X  0.8356  0.4280 -0.3444
Y -0.3058  0.8832  0.3557
Z  0.4564 -0.1919  0.8688

PART 73
OFFSET  3.7920 -1.4256 -6.7627
X -0.4746 -0.8800 -0.0186
Y -0.7357  0.3849  0.5573
Z -0.4833  0.2782 -0.8301

PART 74
OFFSET -0.8558 -3.2757 -7.7935
X -0.7375 -0.3115 -0.5991
Y -0.5481  0.7945  0.2615
Z  0.3946  0.5212 -0.7567

PART 75
OFFSET -0.6342 -4.1330 -6.9862
X -0.7375 -0.3115 -0.5991
Y -0.5481  0.7945  0.2615
Z  0.3946  0.5212 -0.7567

PART 76
OFFSET  0.2477 -5.0528 -7.4192
X -0.7375 -0.3115 -0.5991
Y -0.5481  0.7945  0.2615
Z  0.3946  0.5212 -0.7567

PART 77
OFFSET  0.0000 -0.0000 -0.0000
X  1.0000 -0.0000  0.0000
Y  0.0000  1.0000  0.0000
Z  0.0000 -0.0000  1.0000

PART 78
OFFSET -0.0000 -0.0000 -0.0000
X  0.9999  0.0000 -0.0112
Y  0.0005  0.9990  0.0438
Z  0.0112 -0.0438  0.9990

PART 79
OFFSET  1.5866 -0.1812  4.1143
X  0.9999  0.0000 -0.0112
Y  0.0005  0.9990  0.0438
Z  0.0112 -0.0438  0.9990


FRAME 2378
PART 0
OFFSET  0.0000 -0.0000 -0.0000
X  1.0000 -0.0000  0.0000
Y  0.0000  1.0000  0.0000
Z  0.0000 -0.0000  1.0000

PART 1
OFFSET -4.6318 -0.0000 -1.3770
X  1.0000 -0.0000  0.0000
Y  0.0000  1.0000  0.0000
Z  0.0000 -0.0000  1.0000

PART 2
OFFSET -0.4895  7.9564 -8.5662
X  0.8122 -0.1846 -0.5535
Y -0.1191 -0.9811  0.1525
Z -0.5712 -0.0579 -0.8188

PART 3
OFFSET  9.3326  5.7239 -15.2599
X  0.7836 -0.4816  0.3924
Y -0.4807 -0.0698  0.8741
Z -0.3936 -0.8736 -0.2862

PART 4
OFFSET  15.9975  1.6276 -11.9221
X  0.7836 -0.4816  0.3924
Y -0.5777 -0.3326  0.7454
Z -0.2285 -0.8108 -0.5389

PART 5
OFFSET  18.1980  2.3339 -11.4380
X  0.7875 -0.4788  0.3880
Y  0.3982  0.8759  0.2725
Z -0.4703 -0.0601  0.8805

PART 6
OFFSET  17.1083  0.5888 -12.8307
X  0.7875 -0.4788  0.3880
Y  0.3982  0.8759  0.2725
Z -0.4703 -0.0601  0.8805

PART 7
OFFSET  17.1000  1.2855 -9.6463
X  0.7875 -0.4788  0.3880
Y  0.3982  0.8759  0.2725
Z -0.4703 -0.0601  0.8805

PART 8
OFFSET  16.3968  0.1610 -9.8759
X  0.7875 -0.4788  0.3880
Y  0.3982  0.8759  0.2725
Z -0.4703 -0.0601  0.8805

PART 9
OFFSET  16.3184 -0.1167 -11.0388
X  0.7875 -0.4788  0.3880
Y  0.3982  0.8759  0.2725
Z -0.4703 -0.0601  0.8805

PART 10
OFFSET  18.3998  0.1511 -10.7190
X  0.6676 -0.4799  0.5692
Y -0.7195 -0.2194  0.6590
Z -0.1913 -0.8495 -0.4917

PART 11
OFFSET  17.9273 -0.6252 -10.0290
X -0.2379 -0.9248  0.2968
Y -0.9419  0.2943  0.1619
Z -0.2371 -0.2410 -0.9411

PART 12
OFFSET  17.3067 -2.6050 -9.4247
X  0.7743 -0.5913  0.2253
Y -0.6328 -0.7237  0.2754
Z  0.0002 -0.3558 -0.9346

PART 13
OFFSET  18.5945 -3.5563 -9.1821
X  0.9424  0.2474 -0.2253
Y  0.3040 -0.9142  0.2681
Z -0.1396 -0.3211 -0.9367

PART 14
OFFSET  19.6124 -3.3191 -9.4641
X  0.8480  0.2005  0.4906
Y -0.5291  0.3747  0.7614
Z -0.0312 -0.9052  0.4238

PART 15
OFFSET  19.6965 -0.1917 -11.0423
X  0.9499 -0.3047  0.0694
Y -0.2195 -0.8086 -0.5460
Z  0.2225  0.5034 -0.8349

PART 16
OFFSET  21.7715 -1.0488 -10.8318
X -0.3695 -0.9079 -0.1980
Y -0.8851  0.4087 -0.2225
Z  0.2830  0.0931 -0.9546

PART 17
OFFSET  21.2484 -2.3341 -11.1121
X -0.9784  0.1044 -0.1783
Y  0.1016  0.9945  0.0251
Z  0.1799  0.0065 -0.9837

PART 18
OFFSET  20.3809 -2.2415 -11.2702
X -0.9807  0.0285 -0.1935
Y  0.0139  0.9970  0.0760
Z  0.1951  0.0719 -0.9781

PART 19
OFFSET  19.4492 -2.2145 -11.4541
X  0.7131 -0.6580  0.2418
Y  0.6663  0.7434  0.0583
Z -0.2181  0.1195  0.9686

PART 20
OFFSET  19.3919 -0.3244 -10.4106
X  0.8552 -0.3944  0.3363
Y -0.1732 -0.8290 -0.5317
Z  0.4885  0.3965 -0.7773

PART 21
OFFSET  21.6878 -1.2709 -9.6414
X -0.1944 -0.9127 -0.3595
Y -0.9174  0.2989 -0.2627
Z  0.3472  0.2788 -0.8954

PART 22
OFFSET  21.3568 -2.8247 -10.2535
X -0.9370  0.0965 -0.3356
Y  0.0025  0.9629  0.2697
Z  0.3492  0.2519 -0.9026

PART 23
OFFSET  20.0582 -2.6910 -10.7186
X -0.9191  0.2699 -0.2872
Y  0.1710  0.9296  0.3264
Z  0.3551  0.2508 -0.9006

PART 24
OFFSET  19.0614 -2.3982 -11.0300
X  0.6728 -0.7398  0.0045
Y  0.6515  0.5953  0.4704
Z -0.3507 -0.3135  0.8825

PART 25
OFFSET  19.2131 -2.1318 -8.1817
X  0.7141 -0.6453  0.2714
Y  0.3488  0.6641  0.6613
Z -0.6069 -0.3776  0.6994

PART 26
OFFSET  20.5298 -1.5685 -7.8214
X  0.8119 -0.5354  0.2328
Y -0.4186 -0.8118 -0.4071
Z  0.4069  0.2331 -0.8832

PART 27
OFFSET  21.9593 -2.5111 -7.4116
X  0.3521 -0.9271 -0.1285
Y -0.8285 -0.2449 -0.5035
Z  0.4353  0.2838 -0.8544

PART 28
OFFSET  22.3609 -3.6554 -7.5159
X -0.4004 -0.8304 -0.3875
Y -0.7567  0.5381 -0.3713
Z  0.5169  0.1446 -0.8438

PART 29
OFFSET  21.9087 -4.5933 -7.9536
X  0.9588 -0.1748  0.2240
Y  0.0829  0.9261  0.3679
Z -0.2718 -0.3342  0.9025

PART 30
OFFSET  21.2048 -1.4317 -8.6852
X -0.2179 -0.8471 -0.4847
Y -0.8784  0.3867 -0.2809
Z  0.4254  0.3645 -0.8283

PART 31
OFFSET  20.7791 -3.0865 -9.6321
X -0.9023  0.0941 -0.4206
Y -0.0937  0.9098  0.4044
Z  0.4207  0.4043 -0.8121

PART 32
OFFSET  19.4611 -2.9491 -10.2465
X -0.8706  0.4266 -0.2451
Y  0.2221  0.7852  0.5781
Z  0.4391  0.4488 -0.7783

PART 33
OFFSET  18.4780 -2.4633 -10.5300
X  0.4976 -0.8573 -0.1316
Y  0.7610  0.3588  0.5404
Z -0.4161 -0.3691  0.8310

PART 34
OFFSET  20.3061 -2.3261 -10.2803
X  0.4355  0.3755 -0.8181
Y  0.1913  0.8495  0.4917
Z  0.8796 -0.3707  0.2981

PART 35
OFFSET  17.9527  1.8120 -12.0405
X  0.7875 -0.4788  0.3880
Y  0.3982  0.8759  0.2725
Z -0.4703 -0.0601  0.8805

PART 36
OFFSET  17.1083  0.5888 -12.8307
X  0.7875 -0.4788  0.3880
Y  0.3982  0.8759  0.2725
Z -0.4703 -0.0601  0.8805

PART 37
OFFSET  17.1000  1.2855 -9.6463
X  0.7875 -0.4788  0.3880
Y  0.3982  0.8759  0.2725
Z -0.4703 -0.0601  0.8805

PART 38
OFFSET  16.3968  0.1610 -9.8759
X  0.7875 -0.4788  0.3880
Y  0.3982  0.8759  0.2725
Z -0.4703 -0.0601  0.8805

PART 39
OFFSET  16.3184 -0.1167 -11.0388
X  0.7875 -0.4788  0.3880
Y  0.3982  0.8759  0.2725
Z -0.4703 -0.0601  0.8805

PART 40
OFFSET  6.7262 -3.1350 -5.5579
X  0.9998 -0.0205  0.0061
Y  0.0184  0.9684  0.2486
Z -0.0110 -0.2485  0.9686

PART 41
OFFSET  6.7262 -3.1350 -5.5579
X  0.9998 -0.0205  0.0061
Y  0.0184  0.9684  0.2486
Z -0.0110 -0.2485  0.9686

PART 42
OFFSET  10.9342 -3.2762 -5.2582
X  0.9998 -0.0205  0.0061
Y  0.0184  0.9684  0.2486
Z -0.0110 -0.2485  0.9686

PART 43
OFFSET  13.2911 -4.5990 -3.7061
X  0.9998 -0.0205  0.0061
Y  0.0184  0.9684  0.2486
Z -0.0110 -0.2485  0.9686

PART 44
OFFSET -3.5060 -7.9373 -3.1869
X  0.3292 -0.0545  0.9427
Y  0.0448 -0.9963 -0.0732
Z  0.9432  0.0664 -0.3256

PART 45
OFFSET -7.4879 -7.2784 -14.5875
X -0.7505 -0.3112 -0.5830
Y  0.4087  0.4746 -0.7795
Z  0.5194 -0.8233 -0.2290

PART 46
OFFSET -1.1049 -4.6311 -9.6286
X -0.7505 -0.3112 -0.5830
Y  0.5697  0.1427 -0.8094
Z  0.3351 -0.9396  0.0702

PART 47
OFFSET -0.9224 -3.5920 -7.9515
X -0.7543 -0.3118 -0.5777
Y -0.5230  0.8173  0.2418
Z  0.3968  0.4846 -0.7796

PART 48
OFFSET -0.7113 -4.4272 -7.1185
X -0.7543 -0.3118 -0.5777
Y -0.5230  0.8173  0.2418
Z  0.3968  0.4846 -0.7796

PART 49
OFFSET  0.1394 -5.3844 -7.5319
X -0.7543 -0.3118 -0.5777
Y -0.5230  0.8173  0.2418
Z  0.3968  0.4846 -0.7796

PART 50
OFFSET  1.1958 -3.6769 -7.8412
X -0.9990  0.0120 -0.0425
Y  0.0441  0.2365 -0.9706
Z -0.0015 -0.9716 -0.2368

PART 51
OFFSET  1.6033 -3.5116 -6.7881
X -0.6922 -0.3660 -0.6220
Y  0.4125  0.5067 -0.7571
Z  0.5922 -0.7806 -0.1998

PART 52
OFFSET  3.0229 -2.7290 -5.3591
X -0.8639 -0.3969  0.3101
Y -0.3163 -0.0516 -0.9473
Z  0.3919 -0.9164 -0.0810

PART 53
OFFSET  4.3547 -1.9887 -5.9072
X -0.3324 -0.3674  0.8686
Y -0.8120 -0.3571 -0.4618
Z  0.4798 -0.8588 -0.1796

PART 54
OFFSET  4.7061 -1.5460 -6.8304
X -0.7209  0.2068  0.6614
Y  0.0705  0.9714 -0.2269
Z -0.6894 -0.1170 -0.7148

PART 55
OFFSET  2.0888 -3.2374 -8.7967
X -0.8877 -0.3185  0.3326
Y  0.2320 -0.9332 -0.2746
Z  0.3978 -0.1666  0.9022

PART 56
OFFSET  4.1127 -2.4315 -9.3788
X -0.2221 -0.9214 -0.3188
Y  0.8330 -0.0094 -0.5532
Z  0.5067 -0.3884  0.7697

PART 57
OFFSET  4.4271 -1.1270 -8.9275
X  0.6135 -0.4610 -0.6411
Y  0.6313  0.7741  0.0475
Z  0.4744 -0.4339  0.7659

PART 58
OFFSET  3.8832 -0.7182 -8.3590
X  0.8473  0.3754 -0.3757
Y -0.1485  0.8467  0.5109
Z  0.5099 -0.3771  0.7732

PART 59
OFFSET  3.0782 -1.0748 -8.0021
X -0.6286 -0.7641 -0.1452
Y -0.5929  0.3500  0.7252
Z -0.5033  0.5419 -0.6731

PART 60
OFFSET  2.2789 -3.5329 -8.1753
X -0.9606 -0.2091  0.1830
Y  0.1649 -0.9591 -0.2301
Z  0.2236 -0.1909  0.9558

PART 61
OFFSET  4.7426 -2.9830 -8.7972
X -0.2199 -0.9539 -0.2042
Y  0.8208 -0.0679 -0.5672
Z  0.5272 -0.2923  0.7979

PART 62
OFFSET  5.1170 -1.3589 -8.4496
X  0.7445 -0.2965 -0.5982
Y  0.4259  0.9009  0.0835
Z  0.5142 -0.3169  0.7970

PART 63
OFFSET  4.0852 -0.9480 -7.6206
X  0.7958  0.5268 -0.2987
Y -0.3276  0.7893  0.5194
Z  0.5094 -0.3155  0.8006

PART 64
OFFSET  3.2222 -1.5194 -7.2966
X -0.4398 -0.8980 -0.0126
Y -0.7460  0.3575  0.5618
Z -0.5000  0.2565 -0.8272

PART 65
OFFSET -3.0002 -4.3479 -7.3242
X -0.9489 -0.3046  0.0819
Y -0.2871  0.9416  0.1761
Z -0.1308  0.1436 -0.9810

PART 66
OFFSET  5.0547 -4.2629 -7.0315
X -0.9822 -0.1288  0.1371
Y  0.0757 -0.9378 -0.3389
Z  0.1722 -0.3224  0.9308

PART 67
OFFSET  6.7839 -4.0362 -7.2728
X -0.9781 -0.1611  0.1319
Y  0.1169 -0.9491 -0.2926
Z  0.1723 -0.2708  0.9471

PART 68
OFFSET  7.9835 -3.8567 -7.3756
X -0.9871 -0.1465  0.0639
Y  0.1197 -0.9424 -0.3122
Z  0.1060 -0.3006  0.9478

PART 69
OFFSET  9.0985 -3.6912 -7.4478
X  0.2432  0.8139  0.5277
Y  0.9543 -0.1032 -0.2806
Z -0.1739  0.5717 -0.8018

PART 70
OFFSET  4.9963 -3.8308 -8.0465
X -0.3338 -0.9338 -0.1289
Y  0.8717 -0.2537 -0.4192
Z  0.3587 -0.2523  0.8987

PART 71
OFFSET  5.6484 -2.0066 -7.7947
X  0.7247 -0.5283 -0.4423
Y  0.5704  0.8201 -0.0450
Z  0.3865 -0.2197  0.8957

PART 72
OFFSET  4.5899 -1.2348 -7.1487
X  0.8506  0.4351 -0.2952
Y -0.3453  0.8856  0.3106
Z  0.3965 -0.1623  0.9036

PART 73
OFFSET  3.6234 -1.7259 -6.8205
X -0.4571 -0.8889 -0.0298
Y -0.7799  0.3845  0.4938
Z -0.4275  0.2489 -0.8690

PART 74
OFFSET -0.9224 -3.5920 -7.9514
X -0.7543 -0.3118 -0.5777
Y -0.5230  0.8173  0.2418
Z  0.3968  0.4846 -0.7796

PART 75
OFFSET -0.7115 -4.4271 -7.1184
X -0.7543 -0.3118 -0.5777
Y -0.5230  0.8173  0.2418
Z  0.3968  0.4846 -0.7796

PART 76
OFFSET  0.1395 -5.3843 -7.5320
X -0.7543 -0.3118 -0.5777
Y -0.5230  0.8173  0.2418
