// Export filename: `C:\projects\cod\t5\xanim_export\t5_viewmodels\ak74u\ak74u_grip_idle_loop.XANIM_EXPORT`
// Source filename: `D:\projects\devanim\t5\animation_assets\viewmodels\ak74u\t5_viewmodel_ak74u_animated.fbx`
// Export time: Mon Jun 21 21:20:53 2010

ANIMATION
VERSION 3

NUMPARTS 80
PART 0 "tag_ads"
PART 1 "tag_torso"
PART 2 "J_Shoulder_LE"
PART 3 "J_Elbow_LE"
PART 4 "J_WristTwist_LE"
PART 5 "J_Sleave_Reshape_Bottom_LE_1"
PART 6 "J_Sleave_Reshape_Bottom_LE_2"
PART 7 "J_Sleave_Reshape_Top_LE_1"
PART 8 "J_Sleave_Reshape_Top_LE_2"
PART 9 "J_Sleave_Reshape_Top_LE_3"
PART 10 "J_Wrist_LE"
PART 11 "J_Thumb_LE_0"
PART 12 "J_Thumb_LE_1"
PART 13 "J_Thumb_LE_2"
PART 14 "J_Thumb_LE_3"
PART 15 "J_PinkyPalm_LE"
PART 16 "J_Pinky_LE_0"
PART 17 "J_Pinky_LE_1"
PART 18 "J_Pinky_LE_2"
PART 19 "J_Pinky_LE_3"
PART 20 "J_RingPalm_LE"
PART 21 "J_Ring_LE_0"
PART 22 "J_Ring_LE_1"
PART 23 "J_Ring_LE_2"
PART 24 "J_Ring_LE_3"
PART 25 "J_Webbing_LE"
PART 26 "J_Index_LE_0"
PART 27 "J_Index_LE_1"
PART 28 "J_Index_LE_2"
PART 29 "J_Index_LE_3"
PART 30 "J_Mid_LE_0"
PART 31 "J_Mid_LE_1"
PART 32 "J_Mid_LE_2"
PART 33 "J_Mid_LE_3"
PART 34 "tag_knife_attach"
PART 35 "D_Sleave_Reshape_Bottom_LE_1"
PART 36 "D_Sleave_Reshape_Bottom_LE_2"
PART 37 "D_Sleave_Reshape_Top_LE_1"
PART 38 "D_Sleave_Reshape_Top_LE_2"
PART 39 "D_Sleave_Reshape_Top_LE_3"
PART 40 "tag_weapon"
PART 41 "J_Gun"
PART 42 "TAG_CLIP"
PART 43 "J_Bolt"
PART 44 "J_Shoulder_RI"
PART 45 "J_Elbow_RI"
PART 46 "J_WristTwist_RI"
PART 47 "J_Sleave_Reshape_Top_RI_3"
PART 48 "J_Sleave_Reshape_Top_RI_2"
PART 49 "J_Sleave_Reshape_Top_RI_1"
PART 50 "J_Wrist_RI"
PART 51 "J_Thumb_RI_0"
PART 52 "J_Thumb_RI_1"
PART 53 "J_Thumb_RI_2"
PART 54 "J_Thumb_RI_3"
PART 55 "J_PinkyPalm_RI"
PART 56 "J_Pinky_RI_0"
PART 57 "J_Pinky_RI_1"
PART 58 "J_Pinky_RI_2"
PART 59 "J_Pinky_RI_3"
PART 60 "J_RingPalm_RI"
PART 61 "J_Ring_RI_0"
PART 62 "J_Ring_RI_1"
PART 63 "J_Ring_RI_2"
PART 64 "J_Ring_RI_3"
PART 65 "J_Webbing_RI"
PART 66 "J_Index_RI_0"
PART 67 "J_Index_RI_1"
PART 68 "J_Index_RI_2"
PART 69 "J_Index_RI_3"
PART 70 "J_Mid_RI_0"
PART 71 "J_Mid_RI_1"
PART 72 "J_Mid_RI_2"
PART 73 "J_Mid_RI_3"
PART 74 "D_Sleave_Reshape_Top_RI_3"
PART 75 "D_Sleave_Reshape_Top_RI_2"
PART 76 "D_Sleave_Reshape_Top_RI_1"
PART 77 "tag_cambone"
PART 78 "tag_camera"
PART 79 "tag_gasmask"

FRAMERATE 30
NUMFRAMES 291

FRAME 3100
PART 0
OFFSET  0.0000 -0.0000 -0.0000
X  1.0000 -0.0000  0.0000
Y  0.0000  1.0000  0.0000
Z  0.0000 -0.0000  1.0000

PART 1
OFFSET -4.6318 -0.0000 -1.3770
X  1.0000 -0.0000  0.0000
Y  0.0000  1.0000  0.0000
Z  0.0000 -0.0000  1.0000

PART 2
OFFSET -1.6642  7.9373 -3.1869
X  0.7193 -0.2747 -0.6380
Y -0.1021 -0.9503  0.2941
Z -0.6871 -0.1464 -0.7116

PART 3
OFFSET  7.0353  4.6147 -10.9032
X  0.8460 -0.4504  0.2854
Y -0.3040  0.0322  0.9521
Z -0.4380 -0.8922 -0.1097

PART 4
OFFSET  14.2308  0.7837 -8.4761
X  0.8460 -0.4504  0.2854
Y -0.3415 -0.0466  0.9387
Z -0.4095 -0.8916 -0.1933

PART 5
OFFSET  16.4808  1.4996 -8.5001
X  0.8490 -0.4482  0.2800
Y  0.4400  0.8930  0.0952
Z -0.2927  0.0423  0.9553

PART 6
OFFSET  15.1505 -0.3651 -9.4623
X  0.8490 -0.4482  0.2800
Y  0.4400  0.8930  0.0952
Z -0.2927  0.0423  0.9553

PART 7
OFFSET  15.7501  0.6674 -6.4292
X  0.8490 -0.4482  0.2800
Y  0.4400  0.8930  0.0952
Z -0.2927  0.0423  0.9553

PART 8
OFFSET  15.0199 -0.4628 -6.3974
X  0.8490 -0.4482  0.2800
Y  0.4400  0.8930  0.0952
Z -0.2927  0.0423  0.9553

PART 9
OFFSET  14.7211 -0.8617 -7.4871
X  0.8490 -0.4482  0.2800
Y  0.4400  0.8930  0.0952
Z -0.2927  0.0423  0.9553

PART 10
OFFSET  16.8243 -0.5972 -7.6013
X  0.8454 -0.3940  0.3606
Y -0.3904  0.0049  0.9206
Z -0.3645 -0.9191 -0.1497

PART 11
OFFSET  16.6782 -1.1471 -6.6121
X  0.1769 -0.8655  0.4686
Y -0.3734  0.3815  0.8456
Z -0.9106 -0.3246 -0.2557

PART 12
OFFSET  16.9720 -2.9947 -5.5307
X  0.6245 -0.6925 -0.3613
Y -0.1271 -0.5465  0.8278
Z -0.7706 -0.4710 -0.4292

PART 13
OFFSET  17.9014 -4.1327 -6.2114
X  0.3854 -0.0680 -0.9203
Y  0.3560 -0.9091  0.2163
Z -0.8513 -0.4109 -0.3261

PART 14
OFFSET  18.2852 -4.2406 -7.2178
X  0.9047  0.0264 -0.4252
Y  0.3176  0.6235  0.7144
Z  0.2840 -0.7814  0.5557

PART 15
OFFSET  17.8840 -1.1216 -8.3121
X  0.9004 -0.3653 -0.2363
Y -0.4126 -0.8894 -0.1968
Z -0.1383  0.2747 -0.9515

PART 16
OFFSET  19.8766 -2.0916 -8.7286
X -0.3010 -0.9375  0.1745
Y -0.9444  0.3184  0.0819
Z -0.1324 -0.1401 -0.9812

PART 17
OFFSET  19.4505 -3.4189 -8.4816
X -0.9817 -0.1186  0.1491
Y -0.1445  0.9736 -0.1766
Z -0.1242 -0.1949 -0.9729

PART 18
OFFSET  18.5801 -3.5241 -8.3494
X -0.8038  0.5944  0.0243
Y  0.5816  0.7939 -0.1774
Z -0.1248 -0.1284 -0.9838

PART 19
OFFSET  17.8165 -2.9594 -8.3263
X  0.2677 -0.9344  0.2350
Y  0.9406  0.2006 -0.2739
Z  0.2088  0.2944  0.9326

PART 20
OFFSET  17.8614 -1.0767 -7.6001
X  0.9222 -0.3820  0.0595
Y -0.3643 -0.9101 -0.1973
Z  0.1296  0.1603 -0.9785

PART 21
OFFSET  20.2822 -2.0243 -7.5866
X -0.4510 -0.8918 -0.0358
Y -0.8898  0.4462  0.0956
Z -0.0693  0.0750 -0.9948

PART 22
OFFSET  19.5143 -3.5426 -7.6475
X -0.9963  0.0405  0.0759
Y  0.0440  0.9980  0.0443
Z -0.0739  0.0475 -0.9961

PART 23
OFFSET  18.1336 -3.4864 -7.5423
X -0.4737  0.8776  0.0734
Y  0.8781  0.4770 -0.0373
Z -0.0677  0.0468 -0.9966

PART 24
OFFSET  17.6199 -2.5345 -7.4627
X -0.1169 -0.9893 -0.0879
Y  0.9930 -0.1146 -0.0297
Z  0.0194 -0.0907  0.9957

PART 25
OFFSET  18.6151 -2.2967 -5.1081
X  0.7696 -0.6273  0.1196
Y  0.5789  0.7644  0.2839
Z -0.2695 -0.1492  0.9514

PART 26
OFFSET  19.9595 -1.7873 -5.4461
X -0.1508 -0.9788 -0.1385
Y -0.9735  0.1715 -0.1515
Z  0.1720  0.1120 -0.9787

PART 27
OFFSET  19.6939 -3.5106 -5.6900
X -0.9619 -0.1066 -0.2518
Y -0.1213  0.9917  0.0436
Z  0.2451  0.0725 -0.9668

PART 28
OFFSET  18.5096 -3.6446 -5.9375
X -0.6403  0.7666 -0.0493
Y  0.7621  0.6420  0.0841
Z  0.0961  0.0163 -0.9952

PART 29
OFFSET  17.7864 -2.7787 -5.9931
X -0.4525 -0.8245 -0.3399
Y  0.8200 -0.5345  0.2048
Z -0.3505 -0.1860  0.9179

PART 30
OFFSET  20.2275 -1.9154 -6.5102
X -0.3392 -0.9387 -0.0612
Y -0.9343  0.3438 -0.0939
Z  0.1092  0.0253 -0.9937

PART 31
OFFSET  19.5647 -3.7492 -6.6298
X -0.9893  0.1047 -0.1020
Y  0.0969  0.9921  0.0792
Z  0.1095  0.0685 -0.9916

PART 32
OFFSET  18.1198 -3.5963 -6.7787
X -0.4549  0.8896  0.0414
Y  0.8794  0.4413  0.1786
Z  0.1406  0.1176 -0.9831

PART 33
OFFSET  17.6050 -2.5882 -6.7390
X -0.2219 -0.9715 -0.0829
Y  0.9736 -0.2255  0.0365
Z -0.0541 -0.0727  0.9959

PART 34
OFFSET  18.7712 -3.0687 -7.3478
X  0.0648  0.1353 -0.9887
Y  0.3645  0.9191  0.1497
Z  0.9289 -0.3701  0.0102

PART 35
OFFSET  16.1264  0.9206 -8.9847
X  0.8490 -0.4482  0.2800
Y  0.4400  0.8930  0.0952
Z -0.2927  0.0423  0.9553

PART 36
OFFSET  15.1505 -0.3651 -9.4623
X  0.8490 -0.4482  0.2800
Y  0.4400  0.8930  0.0952
Z -0.2927  0.0423  0.9553

PART 37
OFFSET  15.7501  0.6674 -6.4292
X  0.8490 -0.4482  0.2800
Y  0.4400  0.8930  0.0952
Z -0.2927  0.0423  0.9553

PART 38
OFFSET  15.0199 -0.4628 -6.3974
X  0.8490 -0.4482  0.2800
Y  0.4400  0.8930  0.0952
Z -0.2927  0.0423  0.9553

PART 39
OFFSET  14.7211 -0.8617 -7.4871
X  0.8490 -0.4482  0.2800
Y  0.4400  0.8930  0.0952
Z -0.2927  0.0423  0.9553

PART 40
OFFSET  7.7688 -2.6416 -4.8099
X  1.0000 -0.0000  0.0000
Y  0.0000  1.0000  0.0000
Z  0.0000 -0.0000  1.0000

PART 41
OFFSET  7.7688 -2.6416 -4.8099
X  1.0000 -0.0000  0.0000
Y  0.0000  1.0000  0.0000
Z  0.0000 -0.0000  1.0000

PART 42
OFFSET  11.9806 -2.6266 -4.5308
X  1.0000 -0.0000  0.0000
Y  0.0000  1.0000  0.0000
Z  0.0000 -0.0000  1.0000

PART 43
OFFSET  14.3735 -3.4784 -2.7246
X  1.0000 -0.0000  0.0000
Y  0.0000  1.0000  0.0000
Z  0.0000 -0.0000  1.0000

PART 44
OFFSET -3.5060 -7.9373 -3.1869
X  0.1729 -0.1385  0.9752
Y -0.0119 -0.9903 -0.1385
Z  0.9849  0.0124 -0.1728

PART 45
OFFSET -5.5969 -6.2623 -14.9803
X -0.6702 -0.2157 -0.7101
Y  0.5558  0.4882 -0.6729
Z  0.4918 -0.8457 -0.2073

PART 46
OFFSET  0.1038 -4.4273 -8.9407
X -0.6702 -0.2157 -0.7101
Y  0.7313 -0.0287 -0.6815
Z  0.1266 -0.9760  0.1770

PART 47
OFFSET  0.0937 -3.5100 -7.1846
X -0.6749 -0.2163 -0.7055
Y -0.4979  0.8392  0.2190
Z  0.5446  0.4990 -0.6740

PART 48
OFFSET  0.1162 -4.4084 -6.3920
X -0.6749 -0.2163 -0.7055
Y -0.4979  0.8392  0.2190
Z  0.5446  0.4990 -0.6740

PART 49
OFFSET  0.9542 -5.4018 -6.7410
X -0.6749 -0.2163 -0.7055
Y -0.4979  0.8392  0.2190
Z  0.5446  0.4990 -0.6740

PART 50
OFFSET  2.1586 -3.7659 -6.7638
X -1.0000 -0.0028 -0.0059
Y  0.0059  0.0081 -0.9999
Z  0.0029 -1.0000 -0.0081

PART 51
OFFSET  2.6015 -3.3619 -5.7928
X -0.7920 -0.5154 -0.3274
Y  0.3419  0.0699 -0.9371
Z  0.5058 -0.8541  0.1209

PART 52
OFFSET  4.2483 -2.2092 -4.9996
X -0.9345 -0.2363  0.2662
Y -0.1672 -0.3689 -0.9143
Z  0.3142 -0.8990  0.3052

PART 53
OFFSET  5.7118 -1.7491 -5.5180
X -0.3066  0.0796  0.9485
Y -0.8535 -0.4640 -0.2369
Z  0.4213 -0.8822  0.2103

PART 54
OFFSET  6.0386 -1.7870 -6.5493
X -0.6728  0.5299  0.5163
Y  0.1125  0.7630 -0.6365
Z -0.7312 -0.3702 -0.5730

PART 55
OFFSET  3.0105 -3.5527 -7.8279
X -0.8231 -0.0499  0.5656
Y  0.0720 -0.9973  0.0168
Z  0.5632  0.0546  0.8245

PART 56
OFFSET  4.9332 -3.3104 -8.9807
X -0.6233 -0.7270 -0.2879
Y  0.7687 -0.5021 -0.3963
Z  0.1435 -0.4683  0.8718

PART 57
OFFSET  5.8157 -2.2811 -8.5731
X  0.8183 -0.4574 -0.3480
Y  0.5671  0.7408  0.3600
Z  0.0931 -0.4919  0.8656

PART 58
OFFSET  5.0901 -1.8756 -8.2645
X  0.9595  0.2817  0.0054
Y -0.2533  0.8541  0.4543
Z  0.1234 -0.4373  0.8908

PART 59
OFFSET  4.1786 -2.1432 -8.2697
X -0.5927 -0.6884 -0.4182
Y -0.7931  0.4083  0.4521
Z -0.1405  0.5996 -0.7879

PART 60
OFFSET  3.2269 -3.6972 -7.1631
X -0.9534 -0.0112  0.3014
Y  0.0231 -0.9991  0.0359
Z  0.3007  0.0412  0.9528

PART 61
OFFSET  5.6573 -3.6962 -8.0861
X -0.5392 -0.8318 -0.1317
Y  0.8314 -0.5008 -0.2407
Z  0.1343 -0.2393  0.9616

PART 62
OFFSET  6.5753 -2.2801 -7.8619
X  0.9147 -0.3503 -0.2014
Y  0.3880  0.9007  0.1956
Z  0.1129 -0.2571  0.9598

PART 63
OFFSET  5.3076 -1.7946 -7.5828
X  0.9749  0.2168 -0.0510
Y -0.1953  0.9423  0.2721
Z  0.1070 -0.2553  0.9609

PART 64
OFFSET  4.2503 -2.0297 -7.5274
X -0.6819 -0.7284 -0.0664
Y -0.7232  0.6578  0.2106
Z -0.1097  0.1916 -0.9753

PART 65
OFFSET -2.0067 -4.3205 -5.9472
X -0.9412 -0.2823  0.1856
Y -0.2931  0.9555 -0.0331
Z -0.1680 -0.0855 -0.9821

PART 66
OFFSET  6.0516 -4.1326 -5.9895
X -0.8730 -0.3751 -0.3119
Y  0.3909 -0.9203  0.0125
Z -0.2917 -0.1110  0.9500

PART 67
OFFSET  7.5886 -3.4722 -5.4404
X -0.8466 -0.4380 -0.3024
Y  0.4338 -0.8970  0.0848
Z -0.3084 -0.0594  0.9494

PART 68
OFFSET  8.5991 -2.9433 -5.0151
X -0.4312 -0.8619 -0.2667
Y  0.8282 -0.4954  0.2619
Z -0.3579 -0.1080  0.9275

PART 69
OFFSET  9.0861 -1.9698 -4.7138
X -0.7080  0.6974  0.1113
Y  0.7029  0.6807  0.2063
Z  0.0681  0.2243 -0.9721

PART 70
OFFSET  5.9509 -3.9447 -7.0735
X -0.3924 -0.9197  0.0149
Y  0.9189 -0.3927 -0.0367
Z  0.0396 -0.0007  0.9992

PART 71
OFFSET  6.7175 -2.1481 -7.1025
X  0.9558 -0.2880 -0.0596
Y  0.2855  0.9572 -0.0478
Z  0.0708  0.0286  0.9971

PART 72
OFFSET  5.3215 -1.7274 -7.0156
X  0.9016  0.4228 -0.0913
Y -0.4283  0.9021 -0.0525
Z  0.0602  0.0864  0.9944

PART 73
OFFSET  4.2996 -2.2063 -6.9192
X -0.4216 -0.9059  0.0400
Y -0.9011  0.4235  0.0927
Z -0.1009  0.0031 -0.9949

PART 74
OFFSET  0.0937 -3.5100 -7.1845
X -0.6749 -0.2163 -0.7055
Y -0.4979  0.8392  0.2190
Z  0.5446  0.4990 -0.6740

PART 75
OFFSET  0.1160 -4.4083 -6.3919
X -0.6749 -0.2163 -0.7055
Y -0.4979  0.8392  0.2190
Z  0.5446  0.4990 -0.6740

PART 76
OFFSET  0.9543 -5.4018 -6.7410
X -0.6749 -0.2163 -0.7055
Y -0.4979  0.8392  0.2190
Z  0.5446  0.4990 -0.6740

PART 77
OFFSET  0.0000 -0.0000 -0.0000
X  1.0000 -0.0000  0.0000
Y  0.0000  1.0000  0.0000
Z  0.0000 -0.0000  1.0000

PART 78
OFFSET  0.0000 -0.0000 -0.0000
X  1.0000 -0.0000  0.0000
Y  0.0000  1.0000  0.0000
Z  0.0000 -0.0000  1.0000

PART 79
OFFSET  1.5404 -0.0000  4.1357
X  1.0000 -0.0000  0.0000
Y  0.0000  1.0000  0.0000
Z  0.0000 -0.0000  1.0000


FRAME 3101
PART 0
OFFSET  0.0000 -0.0000 -0.0000
X  1.0000 -0.0000  0.0000
Y  0.0000  1.0000  0.0000
Z  0.0000 -0.0000  1.0000

PART 1
OFFSET -4.6318 -0.0000 -1.3770
X  1.0000 -0.0000  0.0000
Y  0.0000  1.0000  0.0000
Z  0.0000 -0.0000  1.0000

PART 2
OFFSET -1.6642  7.9373 -3.1869
X  0.7193 -0.2747 -0.6380
Y -0.1021 -0.9503  0.2941
Z -0.6871 -0.1464 -0.7116

PART 3
OFFSET  7.0353  4.6147 -10.9032
X  0.8460 -0.4504  0.2854
Y -0.3040  0.0322  0.9521
Z -0.4380 -0.8922 -0.1097

PART 4
OFFSET  14.2308  0.7837 -8.4761
X  0.8460 -0.4504  0.2854
Y -0.3415 -0.0466  0.9387
Z -0.4095 -0.8916 -0.1933

PART 5
OFFSET  16.4808  1.4996 -8.5001
X  0.8490 -0.4482  0.2800
Y  0.4400  0.8930  0.0952
Z -0.2927  0.0423  0.9553

PART 6
OFFSET  15.1505 -0.3651 -9.4623
X  0.8490 -0.4482  0.2800
Y  0.4400  0.8930  0.0952
Z -0.2927  0.0423  0.9553

PART 7
OFFSET  15.7501  0.6674 -6.4292
X  0.8490 -0.4482  0.2800
Y  0.4400  0.8930  0.0952
Z -0.2927  0.0423  0.9553

PART 8
OFFSET  15.0199 -0.4628 -6.3974
X  0.8490 -0.4482  0.2800
Y  0.4400  0.8930  0.0952
Z -0.2927  0.0423  0.9553

PART 9
OFFSET  14.7211 -0.8617 -7.4871
X  0.8490 -0.4482  0.2800
Y  0.4400  0.8930  0.0952
Z -0.2927  0.0423  0.9553

PART 10
OFFSET  16.8243 -0.5972 -7.6013
X  0.8454 -0.3940  0.3606
Y -0.3904  0.0049  0.9206
Z -0.3645 -0.9191 -0.1497

PART 11
OFFSET  16.6782 -1.1471 -6.6121
X  0.1769 -0.8655  0.4686
Y -0.3734  0.3815  0.8456
Z -0.9106 -0.3246 -0.2557

PART 12
OFFSET  16.9720 -2.9947 -5.5307
X  0.6245 -0.6925 -0.3613
Y -0.1271 -0.5465  0.8278
Z -0.7706 -0.4710 -0.4292

PART 13
OFFSET  17.9014 -4.1327 -6.2114
X  0.3854 -0.0680 -0.9203
Y  0.3560 -0.9091  0.2163
Z -0.8513 -0.4109 -0.3261

PART 14
OFFSET  18.2852 -4.2406 -7.2178
X  0.9047  0.0264 -0.4252
Y  0.3176  0.6235  0.7144
Z  0.2840 -0.7814  0.5557

PART 15
OFFSET  17.8840 -1.1216 -8.3121
X  0.9004 -0.3653 -0.2363
Y -0.4126 -0.8894 -0.1968
Z -0.1383  0.2747 -0.9515

PART 16
OFFSET  19.8766 -2.0916 -8.7286
X -0.3010 -0.9375  0.1745
Y -0.9444  0.3184  0.0819
Z -0.1324 -0.1401 -0.9812

PART 17
OFFSET  19.4505 -3.4189 -8.4816
X -0.9817 -0.1186  0.1491
Y -0.1445  0.9736 -0.1766
Z -0.1242 -0.1949 -0.9729

PART 18
OFFSET  18.5801 -3.5241 -8.3494
X -0.8038  0.5944  0.0243
Y  0.5816  0.7939 -0.1774
Z -0.1248 -0.1284 -0.9838

PART 19
OFFSET  17.8165 -2.9594 -8.3263
X  0.2677 -0.9344  0.2350
Y  0.9406  0.2006 -0.2739
Z  0.2088  0.2944  0.9326

PART 20
OFFSET  17.8614 -1.0767 -7.6001
X  0.9222 -0.3820  0.0595
Y -0.3643 -0.9101 -0.1973
Z  0.1296  0.1603 -0.9785

PART 21
OFFSET  20.2822 -2.0243 -7.5866
X -0.4510 -0.8918 -0.0358
Y -0.8898  0.4462  0.0956
Z -0.0693  0.0750 -0.9948

PART 22
OFFSET  19.5143 -3.5426 -7.6475
X -0.9963  0.0405  0.0759
Y  0.0440  0.9980  0.0443
Z -0.0739  0.0475 -0.9961

PART 23
OFFSET  18.1336 -3.4864 -7.5423
X -0.4737  0.8776  0.0734
Y  0.8781  0.4770 -0.0373
Z -0.0677  0.0468 -0.9966

PART 24
OFFSET  17.6199 -2.5345 -7.4627
X -0.1169 -0.9893 -0.0879
Y  0.9930 -0.1146 -0.0297
Z  0.0194 -0.0907  0.9957

PART 25
OFFSET  18.6151 -2.2967 -5.1081
X  0.7696 -0.6273  0.1196
Y  0.5789  0.7644  0.2839
Z -0.2695 -0.1492  0.9514

PART 26
OFFSET  19.9595 -1.7873 -5.4461
X -0.1508 -0.9788 -0.1385
Y -0.9735  0.1715 -0.1515
Z  0.1720  0.1120 -0.9787

PART 27
OFFSET  19.6939 -3.5106 -5.6900
X -0.9619 -0.1066 -0.2518
Y -0.1213  0.9917  0.0436
Z  0.2451  0.0725 -0.9668

PART 28
OFFSET  18.5096 -3.6446 -5.9375
X -0.6403  0.7666 -0.0493
Y  0.7621  0.6420  0.0841
Z  0.0961  0.0163 -0.9952

PART 29
OFFSET  17.7864 -2.7787 -5.9931
X -0.4525 -0.8245 -0.3399
Y  0.8200 -0.5345  0.2048
Z -0.3505 -0.1860  0.9179

PART 30
OFFSET  20.2275 -1.9154 -6.5102
X -0.3392 -0.9387 -0.0612
Y -0.9343  0.3438 -0.0939
Z  0.1092  0.0253 -0.9937

PART 31
OFFSET  19.5647 -3.7492 -6.6298
X -0.9893  0.1047 -0.1020
Y  0.0969  0.9921  0.0792
Z  0.1095  0.0685 -0.9916

PART 32
OFFSET  18.1198 -3.5963 -6.7787
X -0.4549  0.8896  0.0414
Y  0.8794  0.4413  0.1786
Z  0.1406  0.1176 -0.9831

PART 33
OFFSET  17.6050 -2.5882 -6.7390
X -0.2219 -0.9715 -0.0829
Y  0.9736 -0.2255  0.0365
Z -0.0541 -0.0727  0.9959

PART 34
OFFSET  18.7712 -3.0687 -7.3478
X  0.0648  0.1353 -0.9887
Y  0.3645  0.9191  0.1497
Z  0.9289 -0.3701  0.0102

PART 35
OFFSET  16.1264  0.9206 -8.9847
X  0.8490 -0.4482  0.2800
Y  0.4400  0.8930  0.0952
Z -0.2927  0.0423  0.9553

PART 36
OFFSET  15.1505 -0.3651 -9.4623
X  0.8490 -0.4482  0.2800
Y  0.4400  0.8930  0.0952
Z -0.2927  0.0423  0.9553

PART 37
OFFSET  15.7501  0.6674 -6.4292
X  0.8490 -0.4482  0.2800
Y  0.4400  0.8930  0.0952
Z -0.2927  0.0423  0.9553

PART 38
OFFSET  15.0199 -0.4628 -6.3974
X  0.8490 -0.4482  0.2800
Y  0.4400  0.8930  0.0952
Z -0.2927  0.0423  0.9553

PART 39
OFFSET  14.7211 -0.8617 -7.4871
X  0.8490 -0.4482  0.2800
Y  0.4400  0.8930  0.0952
Z -0.2927  0.0423  0.9553

PART 40
OFFSET  7.7688 -2.6416 -4.8099
X  1.0000 -0.0000  0.0000
Y  0.0000  1.0000  0.0000
Z  0.0000 -0.0000  1.0000

PART 41
OFFSET  7.7688 -2.6416 -4.8099
X  1.0000 -0.0000  0.0000
Y  0.0000  1.0000  0.0000
Z  0.0000 -0.0000  1.0000

PART 42
OFFSET  11.9806 -2.6266 -4.5308
X  1.0000 -0.0000  0.0000
Y  0.0000  1.0000  0.0000
Z  0.0000 -0.0000  1.0000

PART 43
OFFSET  14.3735 -3.4784 -2.7246
X  1.0000 -0.0000  0.0000
Y  0.0000  1.0000  0.0000
Z  0.0000 -0.0000  1.0000

PART 44
OFFSET -3.5060 -7.9373 -3.1869
X  0.1729 -0.1385  0.9752
Y -0.0119 -0.9903 -0.1385
Z  0.9849  0.0124 -0.1728

PART 45
OFFSET -5.5969 -6.2623 -14.9803
X -0.6702 -0.2157 -0.7101
Y  0.5558  0.4882 -0.6729
Z  0.4918 -0.8457 -0.2073

PART 46
OFFSET  0.1038 -4.4273 -8.9407
X -0.6702 -0.2157 -0.7101
Y  0.7313 -0.0287 -0.6815
Z  0.1266 -0.9760  0.1770

PART 47
OFFSET  0.0937 -3.5100 -7.1846
X -0.6749 -0.2163 -0.7055
Y -0.4979  0.8392  0.2190
Z  0.5446  0.4990 -0.6740

PART 48
OFFSET  0.1162 -4.4084 -6.3920
X -0.6749 -0.2163 -0.7055
Y -0.4979  0.8392  0.2190
Z  0.5446  0.4990 -0.6740

PART 49
OFFSET  0.9542 -5.4018 -6.7410
X -0.6749 -0.2163 -0.7055
Y -0.4979  0.8392  0.2190
Z  0.5446  0.4990 -0.6740

PART 50
OFFSET  2.1586 -3.7659 -6.7638
X -1.0000 -0.0028 -0.0059
Y  0.0059  0.0081 -0.9999
Z  0.0029 -1.0000 -0.0081

PART 51
OFFSET  2.6015 -3.3619 -5.7928
X -0.7920 -0.5154 -0.3274
Y  0.3419  0.0699 -0.9371
Z  0.5058 -0.8541  0.1209

PART 52
OFFSET  4.2483 -2.2092 -4.9996
X -0.9345 -0.2363  0.2662
Y -0.1672 -0.3689 -0.9143
Z  0.3142 -0.8990  0.3052

PART 53
OFFSET  5.7118 -1.7491 -5.5180
X -0.3066  0.0796  0.9485
Y -0.8535 -0.4640 -0.2369
Z  0.4213 -0.8822  0.2103

PART 54
OFFSET  6.0386 -1.7870 -6.5493
X -0.6728  0.5299  0.5163
Y  0.1125  0.7630 -0.6365
Z -0.7312 -0.3702 -0.5730

PART 55
OFFSET  3.0105 -3.5527 -7.8279
X -0.8231 -0.0499  0.5656
Y  0.0720 -0.9973  0.0168
Z  0.5632  0.0546  0.8245

PART 56
OFFSET  4.9332 -3.3104 -8.9807
X -0.6233 -0.7270 -0.2879
Y  0.7687 -0.5021 -0.3963
Z  0.1435 -0.4683  0.8718

PART 57
OFFSET  5.8157 -2.2811 -8.5731
X  0.8183 -0.4574 -0.3480
Y  0.5671  0.7408  0.3600
Z  0.0931 -0.4919  0.8656

PART 58
OFFSET  5.0901 -1.8756 -8.2645
X  0.9595  0.2817  0.0054
Y -0.2533  0.8541  0.4543
Z  0.1234 -0.4373  0.8908

PART 59
OFFSET  4.1786 -2.1432 -8.2697
X -0.5927 -0.6884 -0.4182
Y -0.7931  0.4083  0.4521
Z -0.1405  0.5996 -0.7879

PART 60
OFFSET  3.2269 -3.6972 -7.1631
X -0.9534 -0.0112  0.3014
Y  0.0231 -0.9991  0.0359
Z  0.3007  0.0412  0.9528

PART 61
OFFSET  5.6573 -3.6962 -8.0861
X -0.5392 -0.8318 -0.1317
Y  0.8314 -0.5008 -0.2407
Z  0.1343 -0.2393  0.9616

PART 62
OFFSET  6.5753 -2.2801 -7.8619
X  0.9147 -0.3503 -0.2014
Y  0.3880  0.9007  0.1956
Z  0.1129 -0.2571  0.9598

PART 63
OFFSET  5.3076 -1.7946 -7.5828
X  0.9749  0.2168 -0.0510
Y -0.1953  0.9423  0.2721
Z  0.1070 -0.2553  0.9609

PART 64
OFFSET  4.2503 -2.0297 -7.5274
X -0.6819 -0.7284 -0.0664
Y -0.7232  0.6578  0.2106
Z -0.1097  0.1916 -0.9753

PART 65
OFFSET -2.0067 -4.3205 -5.9472
X -0.9412 -0.2823  0.1856
Y -0.2931  0.9555 -0.0331
Z -0.1680 -0.0855 -0.9821

PART 66
OFFSET  6.0516 -4.1326 -5.9895
X -0.8730 -0.3751 -0.3119
Y  0.3909 -0.9203  0.0125
Z -0.2917 -0.1110  0.9500

PART 67
OFFSET  7.5886 -3.4722 -5.4404
X -0.8466 -0.4380 -0.3024
Y  0.4338 -0.8970  0.0848
Z -0.3084 -0.0594  0.9494

PART 68
OFFSET  8.5991 -2.9433 -5.0151
X -0.4312 -0.8619 -0.2667
Y  0.8282 -0.4954  0.2619
Z -0.3579 -0.1080  0.9275

PART 69
OFFSET  9.0861 -1.9698 -4.7138
X -0.7080  0.6974  0.1113
Y  0.7029  0.6807  0.2063
Z  0.0681  0.2243 -0.9721

PART 70
OFFSET  5.9509 -3.9447 -7.0735
X -0.3924 -0.9197  0.0149
Y  0.9189 -0.3927 -0.0367
Z  0.0396 -0.0007  0.9992

PART 71
OFFSET  6.7175 -2.1481 -7.1025
X  0.9558 -0.2880 -0.0596
Y  0.2855  0.9572 -0.0478
Z  0.0708  0.0286  0.9971

PART 72
OFFSET  5.3215 -1.7274 -7.0156
X  0.9016  0.4228 -0.0913
Y -0.4283  0.9021 -0.0525
Z  0.0602  0.0864  0.9944

PART 73
OFFSET  4.2996 -2.2063 -6.9192
X -0.4216 -0.9059  0.0400
Y -0.9011  0.4235  0.0927
Z -0.1009  0.0031 -0.9949

PART 74
OFFSET  0.0937 -3.5100 -7.1845
X -0.6749 -0.2163 -0.7055
Y -0.4979  0.8392  0.2190
Z  0.5446  0.4990 -0.6740

PART 75
OFFSET  0.1160 -4.4083 -6.3919
X -0.6749 -0.2163 -0.7055
Y -0.4979  0.8392  0.2190
Z  0.5446  0.4990 -0.6740

PART 76
OFFSET  0.9543 -5.4018 -6.7410
X -0.6749 -0.2163 -0.7055
Y -0.4979  0.8392  0.2190
Z  0.5446  0.4990 -0.6740

PART 77
OFFSET  0.0000 -0.0000 -0.0000
X  1.0000 -0.0000  0.0000
Y  0.0000  1.0000  0.0000
Z  0.0000 -0.0000  1.0000

PART 78
OFFSET  0.0000 -0.0000 -0.0000
X  1.0000 -0.0000  0.0000
Y  0.0000  1.0000  0.0000
Z  0.0000 -0.0000  1.0000

PART 79
OFFSET  1.5404 -0.0000  4.1357
X  1.0000 -0.0000  0.0000
Y  0.0000  1.0000  0.0000
Z  0.0000 -0.0000  1.0000


FRAME 3102
PART 0
OFFSET  0.0000 -0.0000 -0.0000
X  1.0000 -0.0000  0.0000
Y  0.0000  1.0000  0.0000
Z  0.0000 -0.0000  1.0000

PART 1
OFFSET -4.6318 -0.0000 -1.3770
X  1.0000 -0.0000  0.0000
Y  0.0000  1.0000  0.0000
Z  0.0000 -0.0000  1.0000

PART 2
OFFSET -1.6642  7.9373 -3.1869
X  0.7193 -0.2747 -0.6380
Y -0.1021 -0.9503  0.2941
Z -0.6871 -0.1464 -0.7116

PART 3
OFFSET  7.0353  4.6147 -10.9032
X  0.8460 -0.4504  0.2854
Y -0.3040  0.0322  0.9521
Z -0.4380 -0.8922 -0.1097

PART 4
OFFSET  14.2308  0.7837 -8.4761
X  0.8460 -0.4504  0.2854
Y -0.3415 -0.0466  0.9387
Z -0.4095 -0.8916 -0.1933

PART 5
OFFSET  16.4808  1.4996 -8.5001
X  0.8490 -0.4482  0.2800
Y  0.4400  0.8930  0.0952
Z -0.2927  0.0423  0.9553

PART 6
OFFSET  15.1505 -0.3651 -9.4623
X  0.8490 -0.4482  0.2800
Y  0.4400  0.8930  0.0952
Z -0.2927  0.0423  0.9553

PART 7
OFFSET  15.7501  0.6674 -6.4292
X  0.8490 -0.4482  0.2800
Y  0.4400  0.8930  0.0952
Z -0.2927  0.0423  0.9553

PART 8
OFFSET  15.0199 -0.4628 -6.3974
X  0.8490 -0.4482  0.2800
Y  0.4400  0.8930  0.0952
Z -0.2927  0.0423  0.9553

PART 9
OFFSET  14.7211 -0.8617 -7.4871
X  0.8490 -0.4482  0.2800
Y  0.4400  0.8930  0.0952
Z -0.2927  0.0423  0.9553

PART 10
OFFSET  16.8243 -0.5972 -7.6013
X  0.8454 -0.3940  0.3606
Y -0.3904  0.0049  0.9206
Z -0.3645 -0.9191 -0.1497

PART 11
OFFSET  16.6782 -1.1471 -6.6121
X  0.1769 -0.8655  0.4686
Y -0.3734  0.3815  0.8456
Z -0.9106 -0.3246 -0.2557

PART 12
OFFSET  16.9720 -2.9947 -5.5307
X  0.6245 -0.6925 -0.3613
Y -0.1271 -0.5465  0.8278
Z -0.7706 -0.4710 -0.4292

PART 13
OFFSET  17.9014 -4.1327 -6.2114
X  0.3854 -0.0680 -0.9203
Y  0.3560 -0.9091  0.2163
Z -0.8513 -0.4109 -0.3261

PART 14
OFFSET  18.2852 -4.2406 -7.2178
X  0.9047  0.0264 -0.4252
Y  0.3176  0.6235  0.7144
Z  0.2840 -0.7814  0.5557

PART 15
OFFSET  17.8840 -1.1216 -8.3121
X  0.9004 -0.3653 -0.2363
Y -0.4126 -0.8894 -0.1968
Z -0.1383  0.2747 -0.9515

PART 16
OFFSET  19.8766 -2.0916 -8.7286
X -0.3010 -0.9375  0.1745
Y -0.9444  0.3184  0.0819
Z -0.1324 -0.1401 -0.9812

PART 17
OFFSET  19.4505 -3.4189 -8.4816
X -0.9817 -0.1186  0.1491
Y -0.1445  0.9736 -0.1766
Z -0.1242 -0.1949 -0.9729

PART 18
OFFSET  18.5801 -3.5241 -8.3494
X -0.8038  0.5944  0.0243
Y  0.5816  0.7939 -0.1774
Z -0.1248 -0.1284 -0.9838

PART 19
OFFSET  17.8165 -2.9594 -8.3263
X  0.2677 -0.9344  0.2350
Y  0.9406  0.2006 -0.2739
Z  0.2088  0.2944  0.9326

PART 20
OFFSET  17.8614 -1.0767 -7.6001
X  0.9222 -0.3820  0.0595
Y -0.3643 -0.9101 -0.1973
Z  0.1296  0.1603 -0.9785

PART 21
OFFSET  20.2822 -2.0243 -7.5866
X -0.4510 -0.8918 -0.0358
Y -0.8898  0.4462  0.0956
Z -0.0693  0.0750 -0.9948

PART 22
OFFSET  19.5143 -3.5426 -7.6475
X -0.9963  0.0405  0.0759
Y  0.0440  0.9980  0.0443
Z -0.0739  0.0475 -0.9961

PART 23
OFFSET  18.1336 -3.4864 -7.5423
X -0.4737  0.8776  0.0734
Y  0.8781  0.4770 -0.0373
Z -0.0677  0.0468 -0.9966

PART 24
OFFSET  17.6199 -2.5345 -7.4627
X -0.1169 -0.9893 -0.0879
Y  0.9930 -0.1146 -0.0297
Z  0.0194 -0.0907  0.9957

PART 25
OFFSET  18.6151 -2.2967 -5.1081
X  0.7696 -0.6273  0.1196
Y  0.5789  0.7644  0.2839
Z -0.2695 -0.1492  0.9514

PART 26
OFFSET  19.9595 -1.7873 -5.4461
X -0.1508 -0.9788 -0.1385
Y -0.9735  0.1715 -0.1515
Z  0.1720  0.1120 -0.9787

PART 27
OFFSET  19.6939 -3.5106 -5.6900
X -0.9619 -0.1066 -0.2518
Y -0.1213  0.9917  0.0436
Z  0.2451  0.0725 -0.9668

PART 28
OFFSET  18.5096 -3.6446 -5.9375
X -0.6403  0.7666 -0.0493
Y  0.7621  0.6420  0.0841
Z  0.0961  0.0163 -0.9952

PART 29
OFFSET  17.7864 -2.7787 -5.9931
X -0.4525 -0.8245 -0.3399
Y  0.8200 -0.5345  0.2048
Z -0.3505 -0.1860  0.9179

PART 30
OFFSET  20.2275 -1.9154 -6.5102
X -0.3392 -0.9387 -0.0612
Y -0.9343  0.3438 -0.0939
Z  0.1092  0.0253 -0.9937

PART 31
OFFSET  19.5647 -3.7492 -6.6298
X -0.9893  0.1047 -0.1020
Y  0.0969  0.9921  0.0792
Z  0.1095  0.0685 -0.9916

PART 32
OFFSET  18.1198 -3.5963 -6.7787
X -0.4549  0.8896  0.0414
Y  0.8794  0.4413  0.1786
Z  0.1406  0.1176 -0.9831

PART 33
OFFSET  17.6050 -2.5882 -6.7390
X -0.2219 -0.9715 -0.0829
Y  0.9736 -0.2255  0.0365
Z -0.0541 -0.0727  0.9959

PART 34
OFFSET  18.7712 -3.0687 -7.3478
X  0.0648  0.1353 -0.9887
Y  0.3645  0.9191  0.1497
Z  0.9289 -0.3701  0.0102

PART 35
OFFSET  16.1264  0.9206 -8.9847
X  0.8490 -0.4482  0.2800
Y  0.4400  0.8930  0.0952
Z -0.2927  0.0423  0.9553

PART 36
OFFSET  15.1505 -0.3651 -9.4623
X  0.8490 -0.4482  0.2800
Y  0.4400  0.8930  0.0952
Z -0.2927  0.0423  0.9553

PART 37
OFFSET  15.7501  0.6674 -6.4292
X  0.8490 -0.4482  0.2800
Y  0.4400  0.8930  0.0952
Z -0.2927  0.0423  0.9553

PART 38
OFFSET  15.0199 -0.4628 -6.3974
X  0.8490 -0.4482  0.2800
Y  0.4400  0.8930  0.0952
Z -0.2927  0.0423  0.9553

PART 39
OFFSET  14.7211 -0.8617 -7.4871
X  0.8490 -0.4482  0.2800
Y  0.4400  0.8930  0.0952
Z -0.2927  0.0423  0.9553

PART 40
OFFSET  7.7688 -2.6416 -4.8099
X  1.0000 -0.0000  0.0000
Y  0.0000  1.0000  0.0000
Z  0.0000 -0.0000  1.0000

PART 41
OFFSET  7.7688 -2.6416 -4.8099
X  1.0000 -0.0000  0.0000
Y  0.0000  1.0000  0.0000
Z  0.0000 -0.0000  1.0000

PART 42
OFFSET  11.9806 -2.6266 -4.5308
X  1.0000 -0.0000  0.0000
Y  0.0000  1.0000  0.0000
Z  0.0000 -0.0000  1.0000

PART 43
OFFSET  14.3735 -3.4784 -2.7246
X  1.0000 -0.0000  0.0000
Y  0.0000  1.0000  0.0000
Z  0.0000 -0.0000  1.0000

PART 44
OFFSET -3.5060 -7.9373 -3.1869
X  0.1729 -0.1385  0.9752
Y -0.0119 -0.9903 -0.1385
Z  0.9849  0.0124 -0.1728

PART 45
OFFSET -5.5969 -6.2623 -14.9803
X -0.6702 -0.2157 -0.7101
Y  0.5558  0.4882 -0.6729
Z  0.4918 -0.8457 -0.2073

PART 46
OFFSET  0.1038 -4.4273 -8.9407
X -0.6702 -0.2157 -0.7101
Y  0.7313 -0.0287 -0.6815
Z  0.1266 -0.9760  0.1770

PART 47
OFFSET  0.0937 -3.5100 -7.1846
X -0.6749 -0.2163 -0.7055
Y -0.4979  0.8392  0.2190
Z  0.5446  0.4990 -0.6740

PART 48
OFFSET  0.1162 -4.4084 -6.3920
X -0.6749 -0.2163 -0.7055
Y -0.4979  0.8392  0.2190
Z  0.5446  0.4990 -0.6740

PART 49
OFFSET  0.9542 -5.4018 -6.7410
X -0.6749 -0.2163 -0.7055
Y -0.4979  0.8392  0.2190
Z  0.5446  0.4990 -0.6740

PART 50
OFFSET  2.1586 -3.7659 -6.7638
X -1.0000 -0.0028 -0.0059
Y  0.0059  0.0081 -0.9999
Z  0.0029 -1.0000 -0.0081

PART 51
OFFSET  2.6015 -3.3619 -5.7928
X -0.7920 -0.5154 -0.3274
Y  0.3419  0.0699 -0.9371
Z  0.5058 -0.8541  0.1209

PART 52
OFFSET  4.2483 -2.2092 -4.9996
X -0.9345 -0.2363  0.2662
Y -0.1672 -0.3689 -0.9143
Z  0.3142 -0.8990  0.3052

PART 53
OFFSET  5.7118 -1.7491 -5.5180
X -0.3066  0.0796  0.9485
Y -0.8535 -0.4640 -0.2369
Z  0.4213 -0.8822  0.2103

PART 54
OFFSET  6.0386 -1.7870 -6.5493
X -0.6728  0.5299  0.5163
Y  0.1125  0.7630 -0.6365
Z -0.7312 -0.3702 -0.5730

PART 55
OFFSET  3.0105 -3.5527 -7.8279
X -0.8231 -0.0499  0.5656
Y  0.0720 -0.9973  0.0168
Z  0.5632  0.0546  0.8245

PART 56
OFFSET  4.9332 -3.3104 -8.9807
X -0.6233 -0.7270 -0.2879
Y  0.7687 -0.5021 -0.3963
Z  0.1435 -0.4683  0.8718

PART 57
OFFSET  5.8157 -2.2811 -8.5731
X  0.8183 -0.4574 -0.3480
Y  0.5671  0.7408  0.3600
Z  0.0931 -0.4919  0.8656

PART 58
OFFSET  5.0901 -1.8756 -8.2645
X  0.9595  0.2817  0.0054
Y -0.2533  0.8541  0.4543
Z  0.1234 -0.4373  0.8908

PART 59
OFFSET  4.1786 -2.1432 -8.2697
X -0.5927 -0.6884 -0.4182
Y -0.7931  0.4083  0.4521
Z -0.1405  0.5996 -0.7879

PART 60
OFFSET  3.2269 -3.6972 -7.1631
X -0.9534 -0.0112  0.3014
Y  0.0231 -0.9991  0.0359
Z  0.3007  0.0412  0.9528

PART 61
OFFSET  5.6573 -3.6962 -8.0861
X -0.5392 -0.8318 -0.1317
Y  0.8314 -0.5008 -0.2407
Z  0.1343 -0.2393  0.9616

PART 62
OFFSET  6.5753 -2.2801 -7.8619
X  0.9147 -0.3503 -0.2014
Y  0.3880  0.9007  0.1956
Z  0.1129 -0.2571  0.9598

PART 63
OFFSET  5.3076 -1.7946 -7.5828
X  0.9749  0.2168 -0.0510
Y -0.1953  0.9423  0.2721
Z  0.1070 -0.2553  0.9609

PART 64
OFFSET  4.2503 -2.0297 -7.5274
X -0.6819 -0.7284 -0.0664
Y -0.7232  0.6578  0.2106
Z -0.1097  0.1916 -0.9753

PART 65
OFFSET -2.0067 -4.3205 -5.9472
X -0.9412 -0.2823  0.1856
Y -0.2931  0.9555 -0.0331
Z -0.1680 -0.0855 -0.9821

PART 66
OFFSET  6.0516 -4.1326 -5.9895
X -0.8730 -0.3751 -0.3119
Y  0.3909 -0.9203  0.0125
Z -0.2917 -0.1110  0.9500

PART 67
OFFSET  7.5886 -3.4722 -5.4404
X -0.8466 -0.4380 -0.3024
Y  0.4338 -0.8970  0.0848
Z -0.3084 -0.0594  0.9494

PART 68
OFFSET  8.5991 -2.9433 -5.0151
X -0.4312 -0.8619 -0.2667
Y  0.8282 -0.4954  0.2619
Z -0.3579 -0.1080  0.9275

PART 69
OFFSET  9.0861 -1.9698 -4.7138
X -0.7080  0.6974  0.1113
Y  0.7029  0.6807  0.2063
Z  0.0681  0.2243 -0.9721

PART 70
OFFSET  5.9509 -3.9447 -7.0735
X -0.3924 -0.9197  0.0149
Y  0.9189 -0.3927 -0.0367
Z  0.0396 -0.0007  0.9992

PART 71
OFFSET  6.7175 -2.1481 -7.1025
X  0.9558 -0.2880 -0.0596
Y  0.2855  0.9572 -0.0478
Z  0.0708  0.0286  0.9971

PART 72
OFFSET  5.3215 -1.7274 -7.0156
X  0.9016  0.4228 -0.0913
Y -0.4283  0.9021 -0.0525
Z  0.0602  0.0864  0.9944

PART 73
OFFSET  4.2996 -2.2063 -6.9192
X -0.4216 -0.9059  0.0400
Y -0.9011  0.4235  0.0927
Z -0.1009  0.0031 -0.9949

PART 74
OFFSET  0.0937 -3.5100 -7.1845
X -0.6749 -0.2163 -0.7055
Y -0.4979  0.8392  0.2190
Z  0.5446  0.4990 -0.6740

PART 75
OFFSET  0.1160 -4.4083 -6.3919
X -0.6749 -0.2163 -0.7055
Y -0.4979  0.8392  0.2190
Z  0.5446  0.4990 -0.6740

PART 76
OFFSET  0.9543 -5.4018 -6.7410
X -0.6749 -0.2163 -0.7055
Y -0.4979  0.8392  0.2190
Z  0.5446  0.4990 -0.6740

PART 77
OFFSET  0.0000 -0.0000 -0.0000
X  1.0000 -0.0000  0.0000
Y  0.0000  1.0000  0.0000
Z  0.0000 -0.0000  1.0000

PART 78
OFFSET  0.0000 -0.0000 -0.0000
X  1.0000 -0.0000  0.0000
Y  0.0000  1.0000  0.0000
Z  0.0000 -0.0000  1.0000

PART 79
OFFSET  1.5404 -0.0000  4.1357
X  1.0000 -0.0000  0.0000
Y  0.0000  1.0000  0.0000
Z  0.0000 -0.0000  1.0000


FRAME 3103
PART 0
OFFSET  0.0000 -0.0000 -0.0000
X  1.0000 -0.0000  0.0000
Y  0.0000  1.0000  0.0000
Z  0.0000 -0.0000  1.0000

PART 1
OFFSET -4.6318 -0.0000 -1.3770
X  1.0000 -0.0000  0.0000
Y  0.0000  1.0000  0.0000
Z  0.0000 -0.0000  1.0000

PART 2
OFFSET -1.6642  7.9373 -3.1869
X  0.7193 -0.2747 -0.6380
Y -0.1021 -0.9503  0.2941
Z -0.6871 -0.1464 -0.7116

PART 3
OFFSET  7.0353  4.6147 -10.9032
X  0.8460 -0.4504  0.2854
Y -0.3040  0.0322  0.9521
Z -0.4380 -0.8922 -0.1097

PART 4
OFFSET  14.2308  0.7837 -8.4761
X  0.8460 -0.4504  0.2854
Y -0.3415 -0.0466  0.9387
Z -0.4095 -0.8916 -0.1933

PART 5
OFFSET  16.4808  1.4996 -8.5001
X  0.8490 -0.4482  0.2800
Y  0.4400  0.8930  0.0952
Z -0.2927  0.0423  0.9553

PART 6
OFFSET  15.1505 -0.3651 -9.4623
X  0.8490 -0.4482  0.2800
Y  0.4400  0.8930  0.0952
Z -0.2927  0.0423  0.9553

PART 7
OFFSET  15.7501  0.6674 -6.4292
X  0.8490 -0.4482  0.2800
Y  0.4400  0.8930  0.0952
Z -0.2927  0.0423  0.9553

PART 8
OFFSET  15.0199 -0.4628 -6.3974
X  0.8490 -0.4482  0.2800
Y  0.4400  0.8930  0.0952
Z -0.2927  0.0423  0.9553

PART 9
OFFSET  14.7211 -0.8617 -7.4871
X  0.8490 -0.4482  0.2800
Y  0.4400  0.8930  0.0952
Z -0.2927  0.0423  0.9553

PART 10
OFFSET  16.8243 -0.5972 -7.6013
X  0.8454 -0.3940  0.3606
Y -0.3904  0.0049  0.9206
Z -0.3645 -0.9191 -0.1497

PART 11
OFFSET  16.6782 -1.1471 -6.6121
X  0.1769 -0.8655  0.4686
Y -0.3734  0.3815  0.8456
Z -0.9106 -0.3246 -0.2557

PART 12
OFFSET  16.9720 -2.9947 -5.5307
X  0.6245 -0.6925 -0.3613
Y -0.1271 -0.5465  0.8278
Z -0.7706 -0.4710 -0.4292

PART 13
OFFSET  17.9014 -4.1327 -6.2114
X  0.3854 -0.0680 -0.9203
Y  0.3560 -0.9091  0.2163
Z -0.8513 -0.4109 -0.3261

PART 14
OFFSET  18.2852 -4.2406 -7.2178
X  0.9047  0.0264 -0.4252
Y  0.3176  0.6235  0.7144
Z  0.2840 -0.7814  0.5557

PART 15
OFFSET  17.8840 -1.1216 -8.3121
X  0.9004 -0.3653 -0.2363
Y -0.4126 -0.8894 -0.1968
Z -0.1383  0.2747 -0.9515

PART 16
OFFSET  19.8766 -2.0916 -8.7286
X -0.3010 -0.9375  0.1745
Y -0.9444  0.3184  0.0819
Z -0.1324 -0.1401 -0.9812

PART 17
OFFSET  19.4505 -3.4189 -8.4816
X -0.9817 -0.1186  0.1491
Y -0.1445  0.9736 -0.1766
Z -0.1242 -0.1949 -0.9729

PART 18
OFFSET  18.5801 -3.5241 -8.3494
X -0.8038  0.5944  0.0243
Y  0.5816  0.7939 -0.1774
Z -0.1248 -0.1284 -0.9838

PART 19
OFFSET  17.8165 -2.9594 -8.3263
X  0.2677 -0.9344  0.2350
Y  0.9406  0.2006 -0.2739
Z  0.2088  0.2944  0.9326

PART 20
OFFSET  17.8614 -1.0767 -7.6001
X  0.9222 -0.3820  0.0595
Y -0.3643 -0.9101 -0.1973
Z  0.1296  0.1603 -0.9785

PART 21
OFFSET  20.2822 -2.0243 -7.5866
X -0.4510 -0.8918 -0.0358
Y -0.8898  0.4462  0.0956
Z -0.0693  0.0750 -0.9948

PART 22
OFFSET  19.5143 -3.5426 -7.6475
X -0.9963  0.0405  0.0759
Y  0.0440  0.9980  0.0443
Z -0.0739  0.0475 -0.9961

PART 23
OFFSET  18.1336 -3.4864 -7.5423
X -0.4737  0.8776  0.0734
Y  0.8781  0.4770 -0.0373
Z -0.0677  0.0468 -0.9966

PART 24
OFFSET  17.6199 -2.5345 -7.4627
X -0.1169 -0.9893 -0.0879
Y  0.9930 -0.1146 -0.0297
Z  0.0194 -0.0907  0.9957

PART 25
OFFSET  18.6151 -2.2967 -5.1081
X  0.7696 -0.6273  0.1196
Y  0.5789  0.7644  0.2839
Z -0.2695 -0.1492  0.9514

PART 26
OFFSET  19.9595 -1.7873 -5.4461
X -0.1508 -0.9788 -0.1385
Y -0.9735  0.1715 -0.1515
Z  0.1720  0.1120 -0.9787

PART 27
OFFSET  19.6939 -3.5106 -5.6900
X -0.9619 -0.1066 -0.2518
Y -0.1213  0.9917  0.0436
Z  0.2451  0.0725 -0.9668

PART 28
OFFSET  18.5096 -3.6446 -5.9375
X -0.6403  0.7666 -0.0493
Y  0.7621  0.6420  0.0841
Z  0.0961  0.0163 -0.9952

PART 29
OFFSET  17.7864 -2.7787 -5.9931
X -0.4525 -0.8245 -0.3399
Y  0.8200 -0.5345  0.2048
Z -0.3505 -0.1860  0.9179

PART 30
OFFSET  20.2275 -1.9154 -6.5102
X -0.3392 -0.9387 -0.0612
Y -0.9343  0.3438 -0.0939
Z  0.1092  0.0253 -0.9937

PART 31
OFFSET  19.5647 -3.7492 -6.6298
X -0.9893  0.1047 -0.1020
Y  0.0969  0.9921  0.0792
Z  0.1095  0.0685 -0.9916

PART 32
OFFSET  18.1198 -3.5963 -6.7787
X -0.4549  0.8896  0.0414
Y  0.8794  0.4413  0.1786
Z  0.1406  0.1176 -0.9831

PART 33
OFFSET  17.6050 -2.5882 -6.7390
X -0.2219 -0.9715 -0.0829
Y  0.9736 -0.2255  0.0365
Z -0.0541 -0.0727  0.9959

PART 34
OFFSET  18.7712 -3.0687 -7.3478
X  0.0648  0.1353 -0.9887
Y  0.3645  0.9191  0.1497
Z  0.9289 -0.3701  0.0102

PART 35
OFFSET  16.1264  0.9206 -8.9847
X  0.8490 -0.4482  0.2800
Y  0.4400  0.8930  0.0952
Z -0.2927  0.0423  0.9553

PART 36
OFFSET  15.1505 -0.3651 -9.4623
X  0.8490 -0.4482  0.2800
Y  0.4400  0.8930  0.0952
Z -0.2927  0.0423  0.9553

PART 37
OFFSET  15.7501  0.6674 -6.4292
X  0.8490 -0.4482  0.2800
Y  0.4400  0.8930  0.0952
Z -0.2927  0.0423  0.9553

PART 38
OFFSET  15.0199 -0.4628 -6.3974
X  0.8490 -0.4482  0.2800
Y  0.4400  0.8930  0.0952
Z -0.2927  0.0423  0.9553

PART 39
OFFSET  14.7211 -0.8617 -7.4871
X  0.8490 -0.4482  0.2800
Y  0.4400  0.8930  0.0952
Z -0.2927  0.0423  0.9553

PART 40
OFFSET  7.7688 -2.6416 -4.8099
X  1.0000 -0.0000  0.0000
Y  0.0000  1.0000  0.0000
Z  0.0000 -0.0000  1.0000

PART 41
OFFSET  7.7688 -2.6416 -4.8099
X  1.0000 -0.0000  0.0000
Y  0.0000  1.0000  0.0000
Z  0.0000 -0.0000  1.0000

PART 42
OFFSET  11.9806 -2.6266 -4.5308
X  1.0000 -0.0000  0.0000
Y  0.0000  1.0000  0.0000
Z  0.0000 -0.0000  1.0000

PART 43
OFFSET  14.3735 -3.4784 -2.7246
X  1.0000 -0.0000  0.0000
Y  0.0000  1.0000  0.0000
Z  0.0000 -0.0000  1.0000

PART 44
OFFSET -3.5060 -7.9373 -3.1869
X  0.1729 -0.1385  0.9752
Y -0.0119 -0.9903 -0.1385
Z  0.9849  0.0124 -0.1728

PART 45
OFFSET -5.5969 -6.2623 -14.9803
X -0.6702 -0.2157 -0.7101
Y  0.5558  0.4882 -0.6729
Z  0.4918 -0.8457 -0.2073

PART 46
OFFSET  0.1038 -4.4273 -8.9407
X -0.6702 -0.2157 -0.7101
Y  0.7313 -0.0287 -0.6815
Z  0.1266 -0.9760  0.1770

PART 47
OFFSET  0.0937 -3.5100 -7.1846
X -0.6749 -0.2163 -0.7055
Y -0.4979  0.8392  0.2190
Z  0.5446  0.4990 -0.6740

PART 48
OFFSET  0.1162 -4.4084 -6.3920
X -0.6749 -0.2163 -0.7055
Y -0.4979  0.8392  0.2190
Z  0.5446  0.4990 -0.6740

PART 49
OFFSET  0.9542 -5.4018 -6.7410
X -0.6749 -0.2163 -0.7055
Y -0.4979  0.8392  0.2190
Z  0.5446  0.4990 -0.6740

PART 50
OFFSET  2.1586 -3.7659 -6.7638
X -1.0000 -0.0028 -0.0059
Y  0.0059  0.0081 -0.9999
Z  0.0029 -1.0000 -0.0081

PART 51
OFFSET  2.6015 -3.3619 -5.7928
X -0.7920 -0.5154 -0.3274
Y  0.3419  0.0699 -0.9371
Z  0.5058 -0.8541  0.1209

PART 52
OFFSET  4.2483 -2.2092 -4.9996
X -0.9345 -0.2363  0.2662
Y -0.1672 -0.3689 -0.9143
Z  0.3142 -0.8990  0.3052

PART 53
OFFSET  5.7118 -1.7491 -5.5180
X -0.3066  0.0796  0.9485
Y -0.8535 -0.4640 -0.2369
Z  0.4213 -0.8822  0.2103

PART 54
OFFSET  6.0386 -1.7870 -6.5493
X -0.6728  0.5299  0.5163
Y  0.1125  0.7630 -0.6365
Z -0.7312 -0.3702 -0.5730

PART 55
OFFSET  3.0105 -3.5527 -7.8279
X -0.8231 -0.0499  0.5656
Y  0.0720 -0.9973  0.0168
Z  0.5632  0.0546  0.8245

PART 56
OFFSET  4.9332 -3.3104 -8.9807
X -0.6233 -0.7270 -0.2879
Y  0.7687 -0.5021 -0.3963
Z  0.1435 -0.4683  0.8718

PART 57
OFFSET  5.8157 -2.2811 -8.5731
X  0.8183 -0.4574 -0.3480
Y  0.5671  0.7408  0.3600
Z  0.0931 -0.4919  0.8656

PART 58
OFFSET  5.0901 -1.8756 -8.2645
X  0.9595  0.2817  0.0054
Y -0.2533  0.8541  0.4543
Z  0.1234 -0.4373  0.8908

PART 59
OFFSET  4.1786 -2.1432 -8.2697
X -0.5927 -0.6884 -0.4182
Y -0.7931  0.4083  0.4521
Z -0.1405  0.5996 -0.7879

PART 60
OFFSET  3.2269 -3.6972 -7.1631
X -0.9534 -0.0112  0.3014
Y  0.0231 -0.9991  0.0359
Z  0.3007  0.0412  0.9528

PART 61
OFFSET  5.6573 -3.6962 -8.0861
X -0.5392 -0.8318 -0.1317
Y  0.8314 -0.5008 -0.2407
Z  0.1343 -0.2393  0.9616

PART 62
OFFSET  6.5753 -2.2801 -7.8619
X  0.9147 -0.3503 -0.2014
Y  0.3880  0.9007  0.1956
Z  0.1129 -0.2571  0.9598

PART 63
OFFSET  5.3076 -1.7946 -7.5828
X  0.9749  0.2168 -0.0510
Y -0.1953  0.9423  0.2721
Z  0.1070 -0.2553  0.9609

PART 64
OFFSET  4.2503 -2.0297 -7.5274
X -0.6819 -0.7284 -0.0664
Y -0.7232  0.6578  0.2106
Z -0.1097  0.1916 -0.9753

PART 65
OFFSET -2.0067 -4.3205 -5.9472
X -0.9412 -0.2823  0.1856
Y -0.2931  0.9555 -0.0331
Z -0.1680 -0.0855 -0.9821

PART 66
OFFSET  6.0516 -4.1326 -5.9895
X -0.8730 -0.3751 -0.3119
Y  0.3909 -0.9203  0.0125
Z -0.2917 -0.1110  0.9500

PART 67
OFFSET  7.5886 -3.4722 -5.4404
X -0.8466 -0.4380 -0.3024
Y  0.4338 -0.8970  0.0848
Z -0.3084 -0.0594  0.9494

PART 68
OFFSET  8.5991 -2.9433 -5.0151
X -0.4312 -0.8619 -0.2667
Y  0.8282 -0.4954  0.2619
Z -0.3579 -0.1080  0.9275

PART 69
OFFSET  9.0861 -1.9698 -4.7138
X -0.7080  0.6974  0.1113
Y  0.7029  0.6807  0.2063
Z  0.0681  0.2243 -0.9721

PART 70
OFFSET  5.9509 -3.9447 -7.0735
X -0.3924 -0.9197  0.0149
Y  0.9189 -0.3927 -0.0367
Z  0.0396 -0.0007  0.9992

PART 71
OFFSET  6.7175 -2.1481 -7.1025
X  0.9558 -0.2880 -0.0596
Y  0.2855  0.9572 -0.0478
Z  0.0708  0.0286  0.9971

PART 72
OFFSET  5.3215 -1.7274 -7.0156
X  0.9016  0.4228 -0.0913
Y -0.4283  0.9021 -0.0525
Z  0.0602  0.0864  0.9944

PART 73
OFFSET  4.2996 -2.2063 -6.9192
X -0.4216 -0.9059  0.0400
Y -0.9011  0.4235  0.0927
Z -0.1009  0.0031 -0.9949

PART 74
OFFSET  0.0937 -3.5100 -7.1845
X -0.6749 -0.2163 -0.7055
Y -0.4979  0.8392  0.2190
Z  0.5446  0.4990 -0.6740

PART 75
OFFSET  0.1160 -4.4083 -6.3919
X -0.6749 -0.2163 -0.7055
Y -0.4979  0.8392  0.2190
Z  0.5446  0.4990 -0.6740

PART 76
OFFSET  0.9543 -5.4018 -6.7410
X -0.6749 -0.2163 -0.7055
Y -0.4979  0.8392  0.2190
Z  0.5446  0.4990 -0.6740

PART 77
OFFSET  0.0000 -0.0000 -0.0000
X  1.0000 -0.0000  0.0000
Y  0.0000  1.0000  0.0000
