// Export filename: `C:\projects\cod\t5\xanim_export\t5_viewmodels\ak74u\ak74u_grip_sprint_loop.XANIM_EXPORT`
// Source filename: `D:\projects\devanim\t5\animation_assets\viewmodels\ak74u/t5_viewmodel_ak74u_animated.fbx`
// Export time: Sat Aug 28 17:52:01 2010

ANIMATION
VERSION 3

NUMPARTS 80
PART 0 "tag_ads"
PART 1 "tag_torso"
PART 2 "J_Shoulder_LE"
PART 3 "J_Elbow_LE"
PART 4 "J_WristTwist_LE"
PART 5 "J_Sleave_Reshape_Bottom_LE_1"
PART 6 "J_Sleave_Reshape_Bottom_LE_2"
PART 7 "J_Sleave_Reshape_Top_LE_1"
PART 8 "J_Sleave_Reshape_Top_LE_2"
PART 9 "J_Sleave_Reshape_Top_LE_3"
PART 10 "J_Wrist_LE"
PART 11 "J_Thumb_LE_0"
PART 12 "J_Thumb_LE_1"
PART 13 "J_Thumb_LE_2"
PART 14 "J_Thumb_LE_3"
PART 15 "J_PinkyPalm_LE"
PART 16 "J_Pinky_LE_0"
PART 17 "J_Pinky_LE_1"
PART 18 "J_Pinky_LE_2"
PART 19 "J_Pinky_LE_3"
PART 20 "J_RingPalm_LE"
PART 21 "J_Ring_LE_0"
PART 22 "J_Ring_LE_1"
PART 23 "J_Ring_LE_2"
PART 24 "J_Ring_LE_3"
PART 25 "J_Webbing_LE"
PART 26 "J_Index_LE_0"
PART 27 "J_Index_LE_1"
PART 28 "J_Index_LE_2"
PART 29 "J_Index_LE_3"
PART 30 "J_Mid_LE_0"
PART 31 "J_Mid_LE_1"
PART 32 "J_Mid_LE_2"
PART 33 "J_Mid_LE_3"
PART 34 "tag_knife_attach"
PART 35 "D_Sleave_Reshape_Bottom_LE_1"
PART 36 "D_Sleave_Reshape_Bottom_LE_2"
PART 37 "D_Sleave_Reshape_Top_LE_1"
PART 38 "D_Sleave_Reshape_Top_LE_2"
PART 39 "D_Sleave_Reshape_Top_LE_3"
PART 40 "tag_weapon"
PART 41 "J_Gun"
PART 42 "TAG_CLIP"
PART 43 "J_Bolt"
PART 44 "J_Shoulder_RI"
PART 45 "J_Elbow_RI"
PART 46 "J_WristTwist_RI"
PART 47 "J_Sleave_Reshape_Top_RI_3"
PART 48 "J_Sleave_Reshape_Top_RI_2"
PART 49 "J_Sleave_Reshape_Top_RI_1"
PART 50 "J_Wrist_RI"
PART 51 "J_Thumb_RI_0"
PART 52 "J_Thumb_RI_1"
PART 53 "J_Thumb_RI_2"
PART 54 "J_Thumb_RI_3"
PART 55 "J_PinkyPalm_RI"
PART 56 "J_Pinky_RI_0"
PART 57 "J_Pinky_RI_1"
PART 58 "J_Pinky_RI_2"
PART 59 "J_Pinky_RI_3"
PART 60 "J_RingPalm_RI"
PART 61 "J_Ring_RI_0"
PART 62 "J_Ring_RI_1"
PART 63 "J_Ring_RI_2"
PART 64 "J_Ring_RI_3"
PART 65 "J_Webbing_RI"
PART 66 "J_Index_RI_0"
PART 67 "J_Index_RI_1"
PART 68 "J_Index_RI_2"
PART 69 "J_Index_RI_3"
PART 70 "J_Mid_RI_0"
PART 71 "J_Mid_RI_1"
PART 72 "J_Mid_RI_2"
PART 73 "J_Mid_RI_3"
PART 74 "D_Sleave_Reshape_Top_RI_3"
PART 75 "D_Sleave_Reshape_Top_RI_2"
PART 76 "D_Sleave_Reshape_Top_RI_1"
PART 77 "tag_cambone"
PART 78 "tag_camera"
PART 79 "tag_gasmask"

FRAMERATE 30
NUMFRAMES 31

FRAME 4060
PART 0
OFFSET  0.0000 -0.0000 -0.0000
X  1.0000 -0.0000  0.0000
Y  0.0000  1.0000  0.0000
Z  0.0000 -0.0000  1.0000

PART 1
OFFSET -4.6318 -0.0000 -1.3770
X  1.0000 -0.0000  0.0000
Y  0.0000  1.0000  0.0000
Z  0.0000 -0.0000  1.0000

PART 2
OFFSET -1.6642  7.9373 -3.1869
X  0.6089 -0.1498 -0.7790
Y  0.0782 -0.9659  0.2469
Z -0.7894 -0.2113 -0.5764

PART 3
OFFSET  5.7001  6.1261 -12.6075
X  0.9344 -0.3200 -0.1564
Y  0.1207 -0.1285  0.9843
Z -0.3351 -0.9387 -0.0815

PART 4
OFFSET  13.6478  3.4045 -13.9376
X  0.9344 -0.3200 -0.1564
Y  0.3340  0.6347  0.6968
Z -0.1237 -0.7034  0.7000

PART 5
OFFSET  15.5796  4.5109 -14.7248
X  0.9346 -0.3166 -0.1620
Y  0.3306  0.9413  0.0677
Z  0.1311 -0.1169  0.9845

PART 6
OFFSET  14.1992  2.5558 -15.3916
X  0.9346 -0.3166 -0.1620
Y  0.3306  0.9413  0.0677
Z  0.1311 -0.1169  0.9845

PART 7
OFFSET  15.8861  3.3371 -12.7141
X  0.9346 -0.3166 -0.1620
Y  0.3306  0.9413  0.0677
Z  0.1311 -0.1169  0.9845

PART 8
OFFSET  15.3753  2.0977 -12.5940
X  0.9346 -0.3166 -0.1620
Y  0.3306  0.9413  0.0677
Z  0.1311 -0.1169  0.9845

PART 9
OFFSET  14.6974  1.7748 -13.5277
X  0.9346 -0.3166 -0.1620
Y  0.3306  0.9413  0.0677
Z  0.1311 -0.1169  0.9845

PART 10
OFFSET  16.5125  2.4236 -14.4171
X  0.8614  0.4884  0.1394
Y -0.3841  0.4468  0.8080
Z  0.3324 -0.7495  0.5725

PART 11
OFFSET  16.6658  2.7667 -13.3396
X  0.6503 -0.0131  0.7596
Y -0.6791  0.4382  0.5889
Z -0.3406 -0.8988  0.2760

PART 12
OFFSET  17.9823  2.7321 -11.6263
X  0.9823 -0.1329 -0.1317
Y  0.1515  0.1520  0.9767
Z -0.1098 -0.9794  0.1694

PART 13
OFFSET  19.5468  2.3988 -11.8782
X  0.4778 -0.3274 -0.8152
Y  0.8489 -0.0668  0.5244
Z -0.2261 -0.9425  0.2460

PART 14
OFFSET  20.0676  2.0005 -12.7396
X  0.6729  0.3500 -0.6517
Y -0.3582  0.9250  0.1270
Z  0.6473  0.1480  0.7478

PART 15
OFFSET  17.7199  2.2070 -15.0486
X  0.9398  0.1132 -0.3224
Y  0.2812 -0.7923  0.5415
Z -0.1941 -0.5996 -0.7764

PART 16
OFFSET  19.8942  2.4516 -15.5934
X  0.7590 -0.3132  0.5708
Y -0.6460 -0.4719  0.6000
Z  0.0814 -0.8241 -0.5605

PART 17
OFFSET  20.9688  2.0081 -14.7853
X -0.5422 -0.5226  0.6579
Y -0.8293  0.2068 -0.5192
Z  0.1353 -0.8271 -0.5455

PART 18
OFFSET  20.4881  1.5447 -14.2020
X -0.9696 -0.2019  0.1383
Y -0.2297  0.5554 -0.7993
Z  0.0845 -0.8067 -0.5849

PART 19
OFFSET  19.5669  1.3529 -14.0706
X  0.8735 -0.0776  0.4805
Y  0.4612  0.4472 -0.7663
Z -0.1555  0.8910  0.4265

PART 20
OFFSET  17.6076  2.7160 -14.5609
X  0.9397  0.3231 -0.1121
Y  0.3312 -0.7783  0.5335
Z  0.0852 -0.5385 -0.8383

PART 21
OFFSET  20.0519  3.4917 -14.9880
X  0.6703 -0.5383  0.5109
Y -0.7421 -0.4780  0.4699
Z -0.0087 -0.6941 -0.7198

PART 22
OFFSET  21.1930  2.5754 -14.1182
X -0.6691 -0.5344  0.5164
Y -0.7430  0.4670 -0.4794
Z  0.0150 -0.7045 -0.7095

PART 23
OFFSET  20.2657  1.8347 -13.4024
X -0.9810  0.1241 -0.1491
Y  0.1930  0.7019 -0.6856
Z  0.0196 -0.7013 -0.7126

PART 24
OFFSET  19.2017  1.9693 -13.5641
X  0.6945 -0.5372  0.4787
Y  0.7193  0.5334 -0.4450
Z -0.0163  0.6534  0.7568

PART 25
OFFSET  18.7362  4.2370 -12.3977
X  0.9772  0.1647  0.1341
Y -0.0825  0.8760 -0.4753
Z -0.1957  0.4534  0.8696

PART 26
OFFSET  19.4557  4.9424 -13.4773
X  0.8633 -0.3374  0.3753
Y -0.4823 -0.7704  0.4169
Z  0.1485 -0.5409 -0.8279

PART 27
OFFSET  20.9757  4.3483 -12.8165
X -0.4948 -0.8019  0.3349
Y -0.8398  0.3422 -0.4215
Z  0.2234 -0.4898 -0.8427

PART 28
OFFSET  20.3606  3.4032 -12.3582
X -0.9843 -0.1260 -0.1239
Y -0.0190  0.7727 -0.6344
Z  0.1757 -0.6221 -0.7630

PART 29
OFFSET  19.2488  3.2610 -12.4982
X  0.3870 -0.8316  0.3984
Y  0.9008  0.4333  0.0294
Z -0.1971  0.3475  0.9167

PART 30
OFFSET  19.8402  4.2711 -14.2661
X  0.7498 -0.4263  0.5059
Y -0.6424 -0.6522  0.4024
Z  0.1584 -0.6268 -0.7629

PART 31
OFFSET  21.3050  3.4382 -13.2777
X -0.6981 -0.6095  0.3756
Y -0.7059  0.4982 -0.5035
Z  0.1198 -0.6166 -0.7781

PART 32
OFFSET  20.2853  2.5479 -12.7291
X -0.9740  0.1093 -0.1982
Y  0.2025  0.8120 -0.5473
Z  0.1011 -0.5733 -0.8131

PART 33
OFFSET  19.1827  2.6671 -12.9590
X  0.6111 -0.5658  0.5536
Y  0.7873  0.5068 -0.3511
Z -0.0819  0.6504  0.7552

PART 34
OFFSET  19.5614  2.3648 -13.6022
X  0.0532 -0.5911 -0.8048
Y -0.3324  0.7495 -0.5725
Z  0.9416  0.2979 -0.1566

PART 35
OFFSET  15.1260  3.9350 -15.1226
X  0.9346 -0.3166 -0.1620
Y  0.3306  0.9413  0.0677
Z  0.1311 -0.1169  0.9845

PART 36
OFFSET  14.1992  2.5558 -15.3916
X  0.9346 -0.3166 -0.1620
Y  0.3306  0.9413  0.0677
Z  0.1311 -0.1169  0.9845

PART 37
OFFSET  15.8861  3.3371 -12.7141
X  0.9346 -0.3166 -0.1620
Y  0.3306  0.9413  0.0677
Z  0.1311 -0.1169  0.9845

PART 38
OFFSET  15.3753  2.0977 -12.5940
X  0.9346 -0.3166 -0.1620
Y  0.3306  0.9413  0.0677
Z  0.1311 -0.1169  0.9845

PART 39
OFFSET  14.6974  1.7748 -13.5277
X  0.9346 -0.3166 -0.1620
Y  0.3306  0.9413  0.0677
Z  0.1311 -0.1169  0.9845

PART 40
OFFSET  10.7208 -1.2765 -7.5804
X  0.7570  0.5117 -0.4063
Y -0.6468  0.4986 -0.5771
Z -0.0927  0.6997  0.7084

PART 41
OFFSET  10.7208 -1.2765 -7.5804
X  0.7570  0.5117 -0.4063
Y -0.6468  0.4986 -0.5771
Z -0.0927  0.6997  0.7084

PART 42
OFFSET  13.8736  1.0815 -9.1026
X  0.7570  0.5117 -0.4063
Y -0.6468  0.4986 -0.5771
Z -0.0927  0.6997  0.7084

PART 43
OFFSET  16.0685  3.1449 -8.3038
X  0.7570  0.5117 -0.4063
Y -0.6468  0.4986 -0.5771
Z -0.0927  0.6997  0.7084

PART 44
OFFSET -13.9227 -7.9373 -3.1869
X -0.9106 -0.0127  0.4130
Y -0.1283 -0.9414 -0.3120
Z  0.3928 -0.3371  0.8556

PART 45
OFFSET -2.9097 -7.7832 -8.1821
X -0.9810 -0.1159 -0.1558
Y  0.1724 -0.1505 -0.9735
Z  0.0894 -0.9818  0.1676

PART 46
OFFSET  5.4339 -6.7974 -6.8570
X -0.9810 -0.1159 -0.1558
Y  0.1860 -0.7914 -0.5824
Z -0.0558 -0.6003  0.7979

PART 47
OFFSET  6.6148 -5.3955 -6.1049
X -0.9822 -0.1123 -0.1504
Y -0.0891  0.9842 -0.1532
Z  0.1653 -0.1371 -0.9767

PART 48
OFFSET  6.8804 -5.8021 -5.0095
X -0.9822 -0.1123 -0.1504
Y -0.0891  0.9842 -0.1532
Z  0.1653 -0.1371 -0.9767

PART 49
OFFSET  7.1336 -7.1234 -4.9818
X -0.9822 -0.1123 -0.1504
Y -0.0891  0.9842 -0.1532
Z  0.1653 -0.1371 -0.9767

PART 50
OFFSET  8.4412 -6.4421 -6.3794
X -0.6066 -0.7425  0.2840
Y  0.4179 -0.6017 -0.6807
Z  0.6763 -0.2942  0.6753

PART 51
OFFSET  8.0331 -5.4066 -6.1275
X  0.1113 -0.9710  0.2117
Y  0.3794 -0.1554 -0.9121
Z  0.9185  0.1819  0.3511

PART 52
OFFSET  7.7039 -3.3059 -6.5129
X -0.4816 -0.4593  0.7464
Y  0.3435 -0.8825 -0.3214
Z  0.8063  0.1016  0.5827

PART 53
OFFSET  8.4115 -2.6285 -7.8024
X -0.4685  0.3079  0.8281
Y -0.0549 -0.9457  0.3205
Z  0.8818  0.1047  0.4599

PART 54
OFFSET  8.8787 -2.9501 -8.7243
X -0.9236 -0.0349  0.3819
Y -0.3828  0.0257 -0.9235
Z  0.0224 -0.9991 -0.0371

PART 55
OFFSET  9.2653 -6.3986 -7.4850
X -0.5528 -0.4503  0.7011
Y  0.8206 -0.1478  0.5521
Z -0.1450  0.8806  0.4512

PART 56
OFFSET  10.3857 -5.2405 -9.0624
X  0.5548 -0.5015  0.6639
Y  0.8233  0.2158 -0.5249
Z  0.1199  0.8378  0.5326

PART 57
OFFSET  9.6003 -4.5305 -10.0023
X  0.9894 -0.0624 -0.1313
Y -0.0698  0.5886 -0.8054
Z  0.1275  0.8060  0.5780

PART 58
OFFSET  8.7230 -4.4752 -9.8858
X  0.5188  0.3995 -0.7558
Y -0.8473  0.3579 -0.3925
Z  0.1137  0.8440  0.5242

PART 59
OFFSET  8.2301 -4.8547 -9.1678
X  0.1186 -0.6523  0.7487
Y -0.9592  0.1197  0.2563
Z -0.2568 -0.7485 -0.6114

PART 60
OFFSET  9.2154 -5.8765 -7.0008
X -0.5794 -0.5903  0.5620
Y  0.7695 -0.1688  0.6160
Z -0.2688  0.7893  0.5520

PART 61
OFFSET  10.7761 -4.4653 -8.5277
X  0.5126 -0.4258  0.7457
Y  0.8563  0.1897 -0.4803
Z  0.0631  0.8847  0.4618

PART 62
OFFSET  9.9034 -3.7405 -9.7972
X  0.9548  0.0830 -0.2855
Y -0.2891  0.4833 -0.8263
Z  0.0694  0.8715  0.4855

PART 63
OFFSET  8.5802 -3.8555 -9.4016
X  0.3595  0.4358 -0.8252
Y -0.9310  0.2278 -0.2853
Z  0.0636  0.8708  0.4876

PART 64
OFFSET  8.1903 -4.3281 -8.5067
X  0.2404 -0.4443  0.8630
Y -0.9706 -0.1008  0.2185
Z -0.0101 -0.8902 -0.4555

PART 65
OFFSET  5.9257 -9.1814 -4.2598
X -0.4635 -0.6641  0.5866
Y -0.8065  0.0420 -0.5897
Z  0.3670 -0.7465 -0.5551

PART 66
OFFSET  10.7411 -3.2043 -6.7217
X -0.6135 -0.6264  0.4810
Y  0.7605 -0.3043  0.5736
Z -0.2129  0.7177  0.6630

PART 67
OFFSET  11.8212 -2.1015 -7.5685
X -0.5898 -0.6314  0.5035
Y  0.7676 -0.2447  0.5924
Z -0.2509  0.7359  0.6289

PART 68
OFFSET  12.5230 -1.2892 -8.1424
X -0.5671 -0.6824  0.4612
Y  0.7761 -0.2552  0.5766
Z -0.2757  0.6849  0.6744

PART 69
OFFSET  13.1635 -0.5184 -8.6633
X -0.5936  0.6452 -0.4810
Y  0.8048  0.4768 -0.3536
Z  0.0012 -0.5969 -0.8023

PART 70
OFFSET  11.0084 -3.8835 -7.5510
X  0.3896 -0.4530  0.8019
Y  0.9133  0.3025 -0.2728
Z -0.1190  0.8386  0.5315

PART 71
OFFSET  10.2473 -2.9985 -9.1175
X  0.9894  0.1445 -0.0144
Y -0.0839  0.4879 -0.8689
Z -0.1185  0.8609  0.4948

PART 72
OFFSET  8.8022 -3.2095 -9.0965
X  0.4436  0.4651 -0.7661
Y -0.8838  0.0850 -0.4602
Z -0.1489  0.8812  0.4488

PART 73
OFFSET  8.3002 -3.7425 -8.2323
X  0.2338 -0.4672  0.8526
Y -0.9703 -0.1680  0.1740
Z  0.0619 -0.8680 -0.4927

PART 74
OFFSET  6.6148 -5.3955 -6.1049
X -0.9822 -0.1123 -0.1504
Y -0.0891  0.9842 -0.1532
Z  0.1653 -0.1371 -0.9767

PART 75
OFFSET  6.8804 -5.8019 -5.0094
X -0.9822 -0.1123 -0.1504
Y -0.0891  0.9842 -0.1532
Z  0.1653 -0.1371 -0.9767

PART 76
OFFSET  7.1337 -7.1234 -4.9819
X -0.9822 -0.1123 -0.1504
Y -0.0891  0.9842 -0.1532
Z  0.1653 -0.1371 -0.9767

PART 77
OFFSET  0.0000 -0.0000 -0.0000
X  1.0000 -0.0000  0.0000
Y  0.0000  1.0000  0.0000
Z  0.0000 -0.0000  1.0000

PART 78
OFFSET  0.0000 -0.0000 -0.0000
X  1.0000 -0.0000  0.0000
Y  0.0000  1.0000  0.0000
Z  0.0000 -0.0000  1.0000

PART 79
OFFSET  1.5404 -0.0000  4.1357
X  1.0000 -0.0000  0.0000
Y  0.0000  1.0000  0.0000
Z  0.0000 -0.0000  1.0000


FRAME 4061
PART 0
OFFSET  0.0000 -0.0000 -0.0000
X  1.0000 -0.0000  0.0000
Y  0.0000  1.0000  0.0000
Z  0.0000 -0.0000  1.0000

PART 1
OFFSET -4.6318 -0.0000 -1.3770
X  1.0000 -0.0000  0.0000
Y  0.0000  1.0000  0.0000
Z  0.0000 -0.0000  1.0000

PART 2
OFFSET -1.6642  7.9373 -3.1869
X  0.6134 -0.1542 -0.7745
Y  0.0686 -0.9666  0.2468
Z -0.7868 -0.2045 -0.5824

PART 3
OFFSET  5.7544  6.0719 -12.5542
X  0.9322 -0.3266 -0.1562
Y  0.1186 -0.1322  0.9841
Z -0.3420 -0.9359 -0.0845

PART 4
OFFSET  13.6830  3.2942 -13.8830
X  0.9322 -0.3266 -0.1562
Y  0.3420  0.6528  0.6759
Z -0.1188 -0.6835  0.7202

PART 5
OFFSET  15.6239  4.3883 -14.6648
X  0.9324 -0.3232 -0.1619
Y  0.3377  0.9386  0.0708
Z  0.1290 -0.1207  0.9843

PART 6
OFFSET  14.2296  2.4456 -15.3387
X  0.9324 -0.3232 -0.1619
Y  0.3377  0.9386  0.0708
Z  0.1290 -0.1207  0.9843

PART 7
OFFSET  15.9193  3.2064 -12.6571
X  0.9324 -0.3232 -0.1619
Y  0.3377  0.9386  0.0708
Z  0.1290 -0.1207  0.9843

PART 8
OFFSET  15.3989  1.9706 -12.5411
X  0.9324 -0.3232 -0.1619
Y  0.3377  0.9386  0.0708
Z  0.1290 -0.1207  0.9843

PART 9
OFFSET  14.7197  1.6555 -13.4765
X  0.9324 -0.3232 -0.1619
Y  0.3377  0.9386  0.0708
Z  0.1290 -0.1207  0.9843

PART 10
OFFSET  16.5407  2.2931 -14.3619
X  0.8338  0.5300  0.1545
Y -0.4188  0.4250  0.8025
Z  0.3596 -0.7338  0.5763

PART 11
OFFSET  16.6593  2.6403 -13.2814
X  0.6377  0.0168  0.7701
Y -0.7094  0.4025  0.5786
Z -0.3002 -0.9153  0.2686

PART 12
OFFSET  17.9479  2.6658 -11.5468
X  0.9897 -0.0839 -0.1159
Y  0.1279  0.1565  0.9794
Z -0.0640 -0.9841  0.1656

PART 13
OFFSET  19.5309  2.4109 -11.7738
X  0.5066 -0.3011 -0.8079
Y  0.8425 -0.0263  0.5381
Z -0.1832 -0.9532  0.2403

PART 14
OFFSET  20.0846  2.0412 -12.6273
X  0.6653  0.3847 -0.6399
Y -0.4055  0.9058  0.1230
Z  0.6269  0.1776  0.7586

PART 15
OFFSET  17.7674  2.1381 -14.9740
X  0.9382  0.1604 -0.3067
Y  0.3112 -0.7790  0.5444
Z -0.1516 -0.6062 -0.7807

PART 16
OFFSET  19.9356  2.4913 -15.4827
X  0.7642 -0.2770  0.5825
Y -0.6315 -0.5049  0.5884
Z  0.1311 -0.8175 -0.5608

PART 17
OFFSET  21.0175  2.0991 -14.6580
X -0.5263 -0.5506  0.6479
Y -0.8299  0.1671 -0.5322
Z  0.1848 -0.8178 -0.5449

PART 18
OFFSET  20.5508  1.6109 -14.0836
X -0.9606 -0.2499  0.1220
Y -0.2438  0.5457 -0.8018
Z  0.1338 -0.7999 -0.5851

PART 19
OFFSET  19.6383  1.3735 -13.9677
X  0.8684 -0.0357  0.4946
Y  0.4510  0.4717 -0.7577
Z -0.2062  0.8811  0.4257

PART 20
OFFSET  17.6222  2.6396 -14.4872
X  0.9243  0.3694 -0.0960
Y  0.3605 -0.7625  0.5373
Z  0.1253 -0.5312 -0.8379

PART 21
OFFSET  20.0318  3.5363 -14.8726
X  0.6876 -0.5060  0.5207
Y -0.7251 -0.5154  0.4567
Z  0.0373 -0.6916 -0.7213

PART 22
OFFSET  21.2025  2.6748 -13.9861
X -0.6502 -0.5683  0.5043
Y -0.7573  0.4311 -0.4906
Z  0.0614 -0.7009 -0.7106

PART 23
OFFSET  20.3014  1.8873 -13.2872
X -0.9834  0.0760 -0.1649
Y  0.1692  0.7126 -0.6809
Z  0.0657 -0.6975 -0.7136

PART 24
OFFSET  19.2349  1.9696 -13.4660
X  0.7123 -0.5036  0.4889
Y  0.6992  0.5695 -0.4321
Z -0.0609  0.6496  0.7578

PART 25
OFFSET  18.6390  4.2083 -12.3027
X  0.9655  0.2124  0.1504
Y -0.1179  0.8722 -0.4747
Z -0.2320  0.4407  0.8672

PART 26
OFFSET  19.3402  4.9514 -13.3690
X  0.8727 -0.2955  0.3887
Y -0.4504 -0.7945  0.4073
Z  0.1885 -0.5306 -0.8264

PART 27
OFFSET  20.8768  4.4312 -12.6846
X -0.4600 -0.8263  0.3251
Y -0.8487  0.3016 -0.4345
Z  0.2610 -0.4757 -0.8400

PART 28
OFFSET  20.3017  3.4556 -12.2384
X -0.9747 -0.1740 -0.1403
Y -0.0468  0.7727 -0.6331
Z  0.2186 -0.6105 -0.7613

PART 29
OFFSET  19.2007  3.2590 -12.3968
X  0.4211 -0.8126  0.4030
Y  0.8777  0.4771  0.0450
Z -0.2289  0.3348  0.9141

PART 30
OFFSET  19.7701  4.3022 -14.1527
X  0.7617 -0.3903  0.5173
Y -0.6158 -0.6843  0.3905
Z  0.2016 -0.6160 -0.7615

PART 31
OFFSET  21.2581  3.5398 -13.1422
X -0.6732 -0.6443  0.3629
Y -0.7213  0.4642 -0.5140
Z  0.1627 -0.6078 -0.7773

PART 32
OFFSET  20.2748  2.5986 -12.6122
X -0.9749  0.0617 -0.2139
Y  0.1710  0.8226 -0.5423
Z  0.1425 -0.5653 -0.8125

PART 33
OFFSET  19.1716  2.6639 -12.8598
X  0.6292 -0.5366  0.5623
Y  0.7669  0.5460 -0.3371
Z -0.1262  0.6434  0.7551

PART 34
OFFSET  19.5751  2.3826 -13.4974
X  0.0954 -0.5855 -0.8050
Y -0.3596  0.7338 -0.5763
Z  0.9282  0.3445 -0.1406

PART 35
OFFSET  15.1665  3.8170 -15.0647
X  0.9324 -0.3232 -0.1619
Y  0.3377  0.9386  0.0708
Z  0.1290 -0.1207  0.9843

PART 36
OFFSET  14.2296  2.4456 -15.3387
X  0.9324 -0.3232 -0.1619
Y  0.3377  0.9386  0.0708
Z  0.1290 -0.1207  0.9843

PART 37
OFFSET  15.9193  3.2064 -12.6571
X  0.9324 -0.3232 -0.1619
Y  0.3377  0.9386  0.0708
Z  0.1290 -0.1207  0.9843

PART 38
OFFSET  15.3989  1.9706 -12.5411
X  0.9324 -0.3232 -0.1619
Y  0.3377  0.9386  0.0708
Z  0.1290 -0.1207  0.9843

PART 39
OFFSET  14.7197  1.6555 -13.4765
X  0.9324 -0.3232 -0.1619
Y  0.3377  0.9386  0.0708
Z  0.1290 -0.1207  0.9843

PART 40
OFFSET  10.8285 -1.7079 -7.6286
X  0.7373  0.5496 -0.3928
Y -0.6612  0.4677 -0.5866
Z -0.1387  0.6922  0.7082

PART 41
OFFSET  10.8285 -1.7079 -7.6286
X  0.7373  0.5496 -0.3928
Y -0.6612  0.4677 -0.5866
Z -0.1387  0.6922  0.7082

PART 42
OFFSET  13.8853  0.8071 -9.0941
X  0.7373  0.5496 -0.3928
Y -0.6612  0.4677 -0.5866
Z -0.1387  0.6922  0.7082

PART 43
OFFSET  15.9623  2.9741 -8.2553
X  0.7373  0.5496 -0.3928
Y -0.6612  0.4677 -0.5866
Z -0.1387  0.6922  0.7082

PART 44
OFFSET -13.9227 -7.9373 -3.1869
X -0.9292 -0.0009  0.3695
Y -0.1295 -0.9358 -0.3280
Z  0.3460 -0.3527  0.8694

PART 45
OFFSET -2.6845 -7.9264 -7.6550
X -0.9914 -0.0815 -0.1019
Y  0.1135 -0.1530 -0.9817
Z  0.0644 -0.9849  0.1609

PART 46
OFFSET  5.7482 -7.2331 -6.7882
X -0.9914 -0.0815 -0.1019
Y  0.1216 -0.8609 -0.4940
Z -0.0475 -0.5022  0.8635

PART 47
OFFSET  7.0164 -5.8753 -6.0998
X -0.9923 -0.0779 -0.0965
Y -0.0633  0.9872 -0.1465
Z  0.1067 -0.1393 -0.9845

PART 48
OFFSET  7.3273 -6.2945 -5.0212
X -0.9923 -0.0779 -0.0965
Y -0.0633  0.9872 -0.1465
Z  0.1067 -0.1393 -0.9845

PART 49
OFFSET  7.5359 -7.6239 -5.0096
X -0.9923 -0.0779 -0.0965
Y -0.0633  0.9872 -0.1465
Z  0.1067 -0.1393 -0.9845

PART 50
OFFSET  8.7877 -6.9831 -6.4757
X -0.5737 -0.7724  0.2725
Y  0.4581 -0.5784 -0.6750
Z  0.6790 -0.2624  0.6857

PART 51
OFFSET  8.3249 -5.9698 -6.2284
X  0.1557 -0.9649  0.2115
Y  0.4014 -0.1339 -0.9061
Z  0.9026  0.2260  0.3664

PART 52
OFFSET  7.8987 -3.8868 -6.6148
X -0.4703 -0.4846  0.7375
Y  0.3918 -0.8635 -0.3175
Z  0.7907  0.1396  0.5960

PART 53
OFFSET  8.5928 -3.1716 -7.8911
X -0.4965  0.2820  0.8210
Y -0.0133 -0.9481  0.3176
Z  0.8679  0.1467  0.4745

PART 54
OFFSET  9.0902 -3.4671 -8.8060
X -0.9268 -0.0815  0.3666
Y -0.3686  0.0094 -0.9296
Z  0.0723 -0.9966 -0.0388

PART 55
OFFSET  9.6265 -6.8959 -7.5676
X -0.5412 -0.4790  0.6911
Y  0.8178 -0.1087  0.5651
Z -0.1956  0.8710  0.4506

PART 56
OFFSET  10.7137 -5.6793 -9.1240
X  0.5680 -0.4754  0.6719
Y  0.8201  0.2577 -0.5109
Z  0.0697  0.8412  0.5362

PART 57
OFFSET  9.9096 -5.0062 -10.0752
X  0.9933 -0.0131 -0.1152
Y -0.0857  0.5868 -0.8052
Z  0.0781  0.8096  0.5817

PART 58
OFFSET  9.0290 -4.9947 -9.9730
X  0.5107  0.4268 -0.7464
Y -0.8574  0.3167 -0.4056
Z  0.0633  0.8471  0.5277

PART 59
OFFSET  8.5438 -5.4001 -9.2640
X  0.1385 -0.6478  0.7491
Y -0.9679  0.0715  0.2408
Z -0.2095 -0.7585 -0.6171

PART 60
OFFSET  9.5430 -6.3782 -7.0832
X -0.5586 -0.6198  0.5512
Y  0.7667 -0.1324  0.6282
Z -0.3164  0.7735  0.5492

PART 61
OFFSET  11.0567 -4.8874 -8.5815
X  0.5208 -0.4021  0.7531
Y  0.8536  0.2331 -0.4659
Z  0.0118  0.8854  0.4646

PART 62
OFFSET  10.1700 -4.2028 -9.8636
X  0.9540  0.1308 -0.2696
Y -0.2991  0.4708 -0.8300
Z  0.0184  0.8725  0.4883

PART 63
OFFSET  8.8478 -4.3842 -9.4899
X  0.3509  0.4553 -0.8183
Y -0.9363  0.1824 -0.3000
Z  0.0126  0.8714  0.4903

PART 64
OFFSET  8.4673 -4.8780 -8.6024
X  0.2480 -0.4344  0.8659
Y -0.9679 -0.1492  0.2024
Z  0.0413 -0.8883 -0.4574

PART 65
OFFSET  6.3765 -9.8493 -4.4032
X -0.4396 -0.6878  0.5776
Y -0.7979  0.0038 -0.6027
Z  0.4123 -0.7259 -0.5505

PART 66
OFFSET  10.9300 -3.6348 -6.7736
X -0.5895 -0.6572  0.4696
Y  0.7652 -0.2681  0.5854
Z -0.2589  0.7044  0.6609

PART 67
OFFSET  11.9680 -2.4776 -7.6004
X -0.5660 -0.6612  0.4924
Y  0.7690 -0.2082  0.6044
Z -0.2971  0.7208  0.6263

PART 68
OFFSET  12.6381 -1.6301 -8.1610
X -0.5401 -0.7109  0.4505
Y  0.7783 -0.2183  0.5887
Z -0.3202  0.6686  0.6712

PART 69
OFFSET  13.2481 -0.8271 -8.6698
X -0.6169  0.6165 -0.4893
Y  0.7859  0.5170 -0.3394
Z  0.0437 -0.5938 -0.8034

PART 70
OFFSET  11.2440 -4.2976 -7.5998
X  0.3984 -0.4355  0.8072
Y  0.9015  0.3480 -0.2572
Z -0.1689  0.8302  0.5313

PART 71
OFFSET  10.4658 -3.4468 -9.1768
X  0.9812  0.1931  0.0021
Y -0.0938  0.4856 -0.8691
Z -0.1689  0.8526  0.4946

PART 72
OFFSET  9.0326 -3.7289 -9.1799
X  0.4325  0.4886 -0.7577
Y -0.8793  0.0426 -0.4744
Z -0.1996  0.8714  0.4481

PART 73
OFFSET  8.5436 -4.2885 -8.3251
X  0.2427 -0.4576  0.8554
Y -0.9635 -0.2162  0.1578
Z  0.1127 -0.8625 -0.4934

PART 74
OFFSET  7.0163 -5.8752 -6.0997
X -0.9923 -0.0779 -0.0965
Y -0.0633  0.9872 -0.1465
Z  0.1067 -0.1393 -0.9845

PART 75
OFFSET  7.3273 -6.2943 -5.0211
X -0.9923 -0.0779 -0.0965
Y -0.0633  0.9872 -0.1465
Z  0.1067 -0.1393 -0.9845

PART 76
OFFSET  7.5359 -7.6239 -5.0097
X -0.9923 -0.0779 -0.0965
Y -0.0633  0.9872 -0.1465
Z  0.1067 -0.1393 -0.9845

PART 77
OFFSET  0.0000 -0.0000 -0.0000
X  1.0000 -0.0000  0.0000
Y  0.0000  1.0000  0.0000
Z  0.0000 -0.0000  1.0000

PART 78
OFFSET  0.0000 -0.0000 -0.0000
X  1.0000 -0.0000  0.0000
Y  0.0000  1.0000  0.0000
Z  0.0000 -0.0000  1.0000

PART 79
OFFSET  1.5404 -0.0000  4.1357
X  1.0000 -0.0000  0.0000
Y  0.0000  1.0000  0.0000
Z  0.0000 -0.0000  1.0000


FRAME 4062
PART 0
OFFSET  0.0000 -0.0000 -0.0000
X  1.0000 -0.0000  0.0000
Y  0.0000  1.0000  0.0000
Z  0.0000 -0.0000  1.0000

PART 1
OFFSET -4.6318 -0.0000 -1.3770
X  1.0000 -0.0000  0.0000
Y  0.0000  1.0000  0.0000
Z  0.0000 -0.0000  1.0000

PART 2
OFFSET -1.6642  7.9373 -3.1869
X  0.6201 -0.1639 -0.7672
Y  0.0460 -0.9686  0.2442
Z -0.7832 -0.1867 -0.5931

PART 3
OFFSET  5.8351  5.9548 -12.4655
X  0.9271 -0.3443 -0.1481
Y  0.1058 -0.1388  0.9847
Z -0.3596 -0.9285 -0.0922

PART 4
OFFSET  13.7205  3.0262 -13.7254
X  0.9271 -0.3443 -0.1481
Y  0.3487  0.6473  0.6778
Z -0.1375 -0.6800  0.7202

PART 5
OFFSET  15.6906  4.0849 -14.4823
X  0.9274 -0.3409 -0.1538
Y  0.3554  0.9314  0.0785
Z  0.1164 -0.1275  0.9850

PART 6
OFFSET  14.2652  2.1731 -15.1793
X  0.9274 -0.3409 -0.1538
Y  0.3554  0.9314  0.0785
Z  0.1164 -0.1275  0.9850

PART 7
OFFSET  15.9418  2.8888 -12.4770
X  0.9274 -0.3409 -0.1538
Y  0.3554  0.9314  0.0785
Z  0.1164 -0.1275  0.9850

PART 8
OFFSET  15.3959  1.6630 -12.3719
X  0.9274 -0.3409 -0.1538
Y  0.3554  0.9314  0.0785
Z  0.1164 -0.1275  0.9850

PART 9
OFFSET  14.7203  1.3654 -13.3157
X  0.9274 -0.3409 -0.1538
Y  0.3554  0.9314  0.0785
Z  0.1164 -0.1275  0.9850

PART 10
OFFSET  16.5626  1.9706 -14.1795
X  0.8294  0.5335  0.1659
Y -0.4262  0.4121  0.8053
Z  0.3613 -0.7386  0.5691

PART 11
OFFSET  16.6728  2.3050 -13.0940
X  0.6332  0.0113  0.7739
Y -0.7153  0.3905  0.5795
Z -0.2956 -0.9205  0.2553

PART 12
OFFSET  17.9513  2.3171 -11.3519
X  0.9909 -0.0759 -0.1112
Y  0.1213  0.1450  0.9820
Z -0.0584 -0.9865  0.1529

PART 13
OFFSET  19.5372  2.0755 -11.5729
X  0.5131 -0.2875 -0.8087
Y  0.8396 -0.0275  0.5425
Z -0.1782 -0.9574  0.2273

PART 14
OFFSET  20.0982  1.7203 -12.4278
X  0.6663  0.3971 -0.6312
Y -0.4122  0.9015  0.1320
Z  0.6214  0.1722  0.7643

PART 15
OFFSET  17.7938  1.8315 -14.7864
X  0.9388  0.1704 -0.2993
Y  0.3133 -0.7837  0.5364
Z -0.1431 -0.5973 -0.7891

PART 16
OFFSET  19.9624  2.2053 -15.2781
X  0.7627 -0.2793  0.5834
Y -0.6315 -0.5164  0.5784
Z  0.1397 -0.8095 -0.5702

PART 17
OFFSET  21.0422  1.8100 -14.4522
X -0.5263 -0.5622  0.6379
Y -0.8280  0.1683 -0.5349
Z  0.1934 -0.8097 -0.5541

PART 18
OFFSET  20.5756  1.3115 -13.8866
X -0.9595 -0.2577  0.1133
Y -0.2429  0.5541 -0.7962
Z  0.1424 -0.7916 -0.5943

PART 19
OFFSET  19.6640  1.0666 -13.7790
X  0.8658 -0.0362  0.4991
Y  0.4521  0.4841 -0.7491
Z -0.2145  0.8742  0.4355

PART 20
OFFSET  17.6425  2.3258 -14.2942
X  0.9223  0.3767 -0.0860
Y  0.3625 -0.7668  0.5297
Z  0.1336 -0.5198 -0.8438

PART 21
OFFSET  20.0482  3.2432 -14.6544
X  0.6880 -0.5080  0.5183
Y -0.7242 -0.5259  0.4460
Z  0.0460 -0.6822 -0.7297

PART 22
OFFSET  21.2195  2.3784 -13.7721
X -0.6492 -0.5789  0.4934
Y -0.7574  0.4322 -0.4895
Z  0.0701 -0.6914 -0.7190

PART 23
OFFSET  20.3198  1.5761 -13.0883
X -0.9829  0.0715 -0.1696
Y  0.1683  0.7222 -0.6709
Z  0.0744 -0.6880 -0.7219

PART 24
OFFSET  19.2538  1.6537 -13.2722
X  0.7128 -0.5050  0.4867
Y  0.6979  0.5795 -0.4208
Z -0.0695  0.6396  0.7655

PART 25
OFFSET  18.6364  3.8735 -12.0843
X  0.9632  0.2168  0.1586
Y -0.1210  0.8773 -0.4644
Z -0.2398  0.4282  0.8713

PART 26
OFFSET  19.3387  4.6346 -13.1371
X  0.8724 -0.2946  0.3900
Y -0.4474 -0.8025  0.3947
Z  0.1967 -0.5189 -0.8319

PART 27
OFFSET  20.8747  4.1160 -12.4505
X -0.4563 -0.8333  0.3120
Y -0.8482  0.3014 -0.4355
Z  0.2689 -0.4634 -0.8444

PART 28
OFFSET  20.3037  3.1311 -12.0199
X -0.9727 -0.1787 -0.1481
Y -0.0484  0.7803 -0.6236
Z  0.2269 -0.5994 -0.7676

PART 29
OFFSET  19.2050  2.9293 -12.1871
X  0.4242 -0.8148  0.3952
Y  0.8742  0.4823  0.0561
Z -0.2363  0.3217  0.9169

PART 30
OFFSET  19.7774  3.9982 -13.9264
X  0.7613 -0.3917  0.5167
Y -0.6134 -0.6932  0.3783
Z  0.2100 -0.6050 -0.7680

PART 31
OFFSET  21.2646  3.2329 -12.9170
X -0.6709 -0.6533  0.3509
Y -0.7215  0.4659 -0.5123
Z  0.1712 -0.5968 -0.7839

PART 32
OFFSET  20.2846  2.2788 -12.4045
X -0.9741  0.0579 -0.2187
Y  0.1686  0.8305 -0.5309
Z  0.1509 -0.5540 -0.8187

PART 33
OFFSET  19.1824  2.3399 -12.6577
X  0.6295 -0.5395  0.5592
Y  0.7652  0.5553 -0.3258
Z -0.1347  0.6330  0.7624

PART 34
OFFSET  19.5914  2.0692 -13.2964
X  0.1039 -0.5747 -0.8118
Y -0.3613  0.7386 -0.5691
Z  0.9267  0.3524 -0.1309

PART 35
OFFSET  15.2262  3.5245 -14.8895
X  0.9274 -0.3409 -0.1538
Y  0.3554  0.9314  0.0785
Z  0.1164 -0.1275  0.9850

PART 36
OFFSET  14.2652  2.1731 -15.1793
X  0.9274 -0.3409 -0.1538
Y  0.3554  0.9314  0.0785
Z  0.1164 -0.1275  0.9850

PART 37
OFFSET  15.9418  2.8888 -12.4770
X  0.9274 -0.3409 -0.1538
Y  0.3554  0.9314  0.0785
Z  0.1164 -0.1275  0.9850

PART 38
OFFSET  15.3959  1.6630 -12.3719
X  0.9274 -0.3409 -0.1538
Y  0.3554  0.9314  0.0785
Z  0.1164 -0.1275  0.9850

PART 39
OFFSET  14.7203  1.3654 -13.3157
X  0.9274 -0.3409 -0.1538
Y  0.3554  0.9314  0.0785
Z  0.1164 -0.1275  0.9850

PART 40
OFFSET  10.8391 -2.1525 -7.5300
X  0.7359  0.5594 -0.3816
Y -0.6609  0.4707 -0.5845
Z -0.1473  0.6823  0.7161

PART 41
OFFSET  10.8391 -2.1525 -7.5300
X  0.7359  0.5594 -0.3816
Y -0.6609  0.4707 -0.5845
Z -0.1473  0.6823  0.7161

PART 42
OFFSET  13.8873  0.4010 -8.9462
X  0.7359  0.5594 -0.3816
Y -0.6609  0.4707 -0.5845
Z -0.1473  0.6823  0.7161

PART 43
OFFSET  15.9451  2.5709 -8.0682
X  0.7359  0.5594 -0.3816
Y -0.6609  0.4707 -0.5845
Z -0.1473  0.6823  0.7161

PART 44
OFFSET -13.9227 -7.9373 -3.1869
X -0.9307  0.0164  0.3654
Y -0.1477 -0.9308 -0.3344
Z  0.3346 -0.3652  0.8687

PART 45
OFFSET -2.6666 -8.1360 -7.6055
X -0.9933 -0.0588 -0.0994
Y  0.1072 -0.1497 -0.9829
Z  0.0429 -0.9870  0.1551

PART 46
OFFSET  5.7818 -7.6355 -6.7600
X -0.9933 -0.0588 -0.0994
Y  0.0997 -0.8714 -0.4803
Z -0.0584 -0.4870  0.8715

PART 47
OFFSET  7.0819 -6.3103 -6.0676
X -0.9940 -0.0552 -0.0940
Y -0.0417  0.9892 -0.1406
Z  0.1007 -0.1359 -0.9856

PART 48
OFFSET  7.3865 -6.7427 -4.9924
X -0.9940 -0.0552 -0.0940
Y -0.0417  0.9892 -0.1406
Z  0.1007 -0.1359 -0.9856

PART 49
OFFSET  7.5654 -8.0764 -4.9890
X -0.9940 -0.0552 -0.0940
Y -0.0417  0.9892 -0.1406
Z  0.1007 -0.1359 -0.9856

PART 50
OFFSET  8.8270 -7.4551 -6.4552
X -0.5701 -0.7795  0.2595
Y  0.4658 -0.5668 -0.6795
Z  0.6768 -0.2665  0.6862

PART 51
OFFSET  8.3561 -6.4480 -6.1979
X  0.1609 -0.9664  0.2003
Y  0.4074 -0.1198 -0.9054
Z  0.8990  0.2273  0.3745

PART 52
OFFSET  7.9182 -4.3632 -6.5605
X -0.4713 -0.4970  0.7287
Y  0.3994 -0.8568 -0.3261
Z  0.7864  0.1373  0.6023

PART 53
OFFSET  8.6147 -3.6275 -7.8237
X -0.5030  0.2683  0.8216
Y -0.0088 -0.9521  0.3056
Z  0.8642  0.1465  0.4813

PART 54
OFFSET  9.1193 -3.9081 -8.7394
X -0.9283 -0.0922  0.3602
Y -0.3633  0.0187 -0.9315
Z  0.0791 -0.9956 -0.0509

PART 55
OFFSET  9.6714 -7.3486 -7.5411
X -0.5419 -0.4913  0.6819
Y  0.8153 -0.1104  0.5684
Z -0.2040  0.8640  0.4604

PART 56
OFFSET  10.7593 -6.1054 -9.0758
X  0.5673 -0.4801  0.6691
Y  0.8212  0.2695 -0.5029
Z  0.0611  0.8348  0.5471

PART 57
OFFSET  9.9561 -5.4257 -10.0231
X  0.9940 -0.0051 -0.1097
Y -0.0850  0.5963 -0.7982
Z  0.0694  0.8027  0.5923

PART 58
OFFSET  9.0749 -5.4212 -9.9258
X  0.5121  0.4395 -0.7380
Y -0.8572  0.3161 -0.4065
Z  0.0546  0.8408  0.5386

PART 59
OFFSET  8.5884 -5.8388 -9.2247
X  0.1386 -0.6562  0.7417
Y -0.9697  0.0621  0.2361
Z -0.2010 -0.7520 -0.6278

PART 60
OFFSET  9.5817 -6.8376 -7.0507
X -0.5576 -0.6304  0.5401
Y  0.7640 -0.1352  0.6309
Z -0.3246  0.7644  0.5570

PART 61
OFFSET  11.0939 -5.3181 -8.5214
X  0.5192 -0.4081  0.7509
Y  0.8547  0.2446 -0.4580
Z  0.0033  0.8796  0.4757

PART 62
OFFSET  10.2100 -4.6233 -9.7999
X  0.9547  0.1405 -0.2625
Y -0.2975  0.4793 -0.8257
Z  0.0098  0.8663  0.4993

PART 63
OFFSET  8.8869 -4.8181 -9.4361
X  0.3525  0.4679 -0.8104
Y -0.9358  0.1799 -0.3031
Z  0.0040  0.8653  0.5013

PART 64
OFFSET  8.5046 -5.3255 -8.5571
X  0.2460 -0.4436  0.8618
Y -0.9680 -0.1581  0.1949
Z  0.0498 -0.8822 -0.4683

PART 65
OFFSET  6.4232 -10.3630 -4.4328
X -0.4383 -0.6979  0.5664
Y -0.7945  0.0062 -0.6072
Z  0.4203 -0.7161 -0.5572

PART 66
OFFSET  10.9486 -4.0892 -6.6987
X -0.5878 -0.6670  0.4579
Y  0.7636 -0.2704  0.5864
Z -0.2673  0.6943  0.6682

PART 67
OFFSET  11.9835 -2.9149 -7.5049
X -0.5644 -0.6710  0.4808
Y  0.7669 -0.2107  0.6062
Z -0.3054  0.7109  0.6335

PART 68
OFFSET  12.6511 -2.0560 -8.0509
X -0.5379 -0.7201  0.4384
Y  0.7764 -0.2205  0.5904
Z -0.3284  0.6579  0.6777

PART 69
OFFSET  13.2586 -1.2426 -8.5461
X -0.6182  0.6185 -0.4850
Y  0.7843  0.5264 -0.3283
Z  0.0523 -0.5834 -0.8105

PART 70
OFFSET  11.2717 -4.7395 -7.5313
X  0.3967 -0.4430  0.8040
Y  0.9006  0.3571 -0.2476
Z -0.1774  0.8223  0.5407

PART 71
OFFSET  10.4968 -3.8740 -9.1019
X  0.9798  0.1996  0.0101
Y -0.0921  0.4959 -0.8635
Z -0.1774  0.8451  0.5043

PART 72
OFFSET  9.0656 -4.1656 -9.1168
X  0.4335  0.5010 -0.7490
Y -0.8768  0.0427 -0.4789
Z -0.2079  0.8644  0.4578

PART 73
OFFSET  8.5755 -4.7391 -8.2720
X  0.2409 -0.4667  0.8510
Y -0.9629 -0.2245  0.1495
Z  0.1213 -0.8554 -0.5035

PART 74
OFFSET  7.0819 -6.3103 -6.0675
X -0.9940 -0.0552 -0.0940
Y -0.0417  0.9892 -0.1406
Z  0.1007 -0.1359 -0.9856

PART 75
OFFSET  7.3865 -6.7425 -4.9923
X -0.9940 -0.0552 -0.0940
Y -0.0417  0.9892 -0.1406
Z  0.1007 -0.1359 -0.9856

PART 76
OFFSET  7.5654 -8.0764 -4.9891
X -0.9940 -0.0552 -0.0940
Y -0.0417  0.9892 -0.1406
Z  0.1007 -0.1359 -0.9856

PART 77
OFFSET  0.0000 -0.0000 -0.0000
X  1.0000 -0.0000  0.0000
Y  0.0000  1.0000  0.0000
Z  0.0000 -0.0000  1.0000

PART 78
OFFSET  0.0000 -0.0000 -0.0000
X  1.0000 -0.0000  0.0000
Y  0.0000  1.0000  0.0000
Z  0.0000 -0.0000  1.0000

PART 79
OFFSET  1.5404 -0.0000  4.1357
X  1.0000 -0.0000  0.0000
Y  0.0000  1.0000  0.0000
Z  0.0000 -0.0000  1.0000


FRAME 4063
PART 0
OFFSET  0.0000 -0.0000 -0.0000
X  1.0000 -0.0000  0.0000
Y  0.0000  1.0000  0.0000
Z  0.0000 -0.0000  1.0000

PART 1
OFFSET -4.6318 -0.0000 -1.3770
X  1.0000 -0.0000  0.0000
Y  0.0000  1.0000  0.0000
Z  0.0000 -0.0000  1.0000

PART 2
OFFSET -1.6642  7.9373 -3.1869
X  0.6282 -0.1764 -0.7577
Y  0.0185 -0.9703  0.2412
Z -0.7778 -0.1655 -0.6063

PART 3
OFFSET  5.9337  5.8035 -12.3510
X  0.9206 -0.3661 -0.1361
Y  0.0879 -0.1453  0.9855
Z -0.3806 -0.9192 -0.1015

PART 4
OFFSET  13.7634  2.6893 -13.5084
X  0.9206 -0.3661 -0.1361
Y  0.3537  0.6335  0.6882
Z -0.1658 -0.6817  0.7126

PART 5
OFFSET  15.7696  3.7029 -14.2319
X  0.9211 -0.3627 -0.1417
Y  0.3767  0.9222  0.0877
Z  0.0988 -0.1342  0.9860

PART 6
OFFSET  14.3086  1.8291 -14.9579
X  0.9211 -0.3627 -0.1417
Y  0.3767  0.9222  0.0877
Z  0.0988 -0.1342  0.9860

PART 7
OFFSET  15.9622  2.4930 -12.2284
X  0.9211 -0.3627 -0.1417
Y  0.3767  0.9222  0.0877
Z  0.0988 -0.1342  0.9860

PART 8
OFFSET  15.3853  1.2804 -12.1366
X  0.9211 -0.3627 -0.1417
Y  0.3767  0.9222  0.0877
Z  0.0988 -0.1342  0.9860

PART 9
OFFSET  14.7166  1.0031 -13.0914
X  0.9211 -0.3627 -0.1417
Y  0.3767  0.9222  0.0877
Z  0.0988 -0.1342  0.9860

PART 10
OFFSET  16.5855  1.5668 -13.9256
X  0.8327  0.5248  0.1766
Y -0.4253  0.4018  0.8110
Z  0.3547 -0.7504  0.5578

PART 11
OFFSET  16.6953  1.8826 -12.8345
X  0.6313 -0.0058  0.7755
Y -0.7140  0.3860  0.5841
Z -0.3027 -0.9225  0.2395

PART 12
OFFSET  17.9695  1.8573 -11.0894
X  0.9906 -0.0810 -0.1101
Y  0.1199  0.1280  0.9845
Z -0.0656 -0.9885  0.1366

PART 13
OFFSET  19.5542  1.6082 -11.3105
X  0.5131 -0.2779 -0.8121
Y  0.8380 -0.0423  0.5440
Z -0.1855 -0.9597  0.2111

PART 14
OFFSET  20.1149  1.2631 -12.1698
X  0.6706  0.4026 -0.6230
Y -0.4062  0.9021  0.1458
Z  0.6207  0.1553  0.7685

PART 15
OFFSET  17.8172  1.4290 -14.5317
X  0.9407  0.1687 -0.2942
Y  0.3064 -0.7945  0.5242
Z -0.1453 -0.5833 -0.7991

PART 16
OFFSET  19.9896  1.7956 -15.0121
X  0.7593 -0.2941  0.5805
Y -0.6365 -0.5214  0.5683
Z  0.1355 -0.8010 -0.5831

PART 17
OFFSET  21.0646  1.3792 -14.1902
X -0.5318 -0.5689  0.6273
Y -0.8255  0.1828 -0.5340
Z  0.1891 -0.8019 -0.5668

PART 18
OFFSET  20.5930  0.8748 -13.6340
X -0.9616 -0.2528  0.1068
Y -0.2370  0.5687 -0.7876
Z  0.1384 -0.7827 -0.6068

PART 19
OFFSET  19.6795  0.6346 -13.5325
X  0.8643 -0.0505  0.5005
Y  0.4574  0.4931 -0.7400
Z -0.2095  0.8685  0.4493

PART 20
OFFSET  17.6682  1.9163 -14.0319
X  0.9252  0.3715 -0.0776
Y  0.3559 -0.7779  0.5179
Z  0.1320 -0.5068 -0.8519

PART 21
OFFSET  20.0811  2.8224 -14.3713
X  0.6832 -0.5212  0.5115
Y -0.7290 -0.5280  0.4356
Z  0.0430 -0.6705 -0.7407

PART 22
OFFSET  21.2442  1.9351 -13.5005
X -0.6545 -0.5823  0.4823
Y -0.7531  0.4455 -0.4841
Z  0.0670 -0.6801 -0.7301

PART 23
OFFSET  20.3371  1.1281 -12.8320
X -0.9820  0.0812 -0.1707
Y  0.1750  0.7319 -0.6586
Z  0.0714 -0.6766 -0.7329

PART 24
OFFSET  19.2721  1.2162 -13.0172
X  0.7081 -0.5179  0.4800
Y  0.7030  0.5814 -0.4096
Z -0.0670  0.6275  0.7757

PART 25
OFFSET  18.6673  3.4206 -11.7946
X  0.9643  0.2075  0.1644
Y -0.1137  0.8856 -0.4503
Z -0.2390  0.4155  0.8776

PART 26
OFFSET  19.3776  4.1938 -12.8331
X  0.8694 -0.3070  0.3872
Y -0.4540 -0.8057  0.3805
Z  0.1952 -0.5065 -0.8398

PART 27
OFFSET  20.9082  3.6533 -12.1514
X -0.4629 -0.8351  0.2972
Y -0.8450  0.3144 -0.4326
Z  0.2678 -0.4514 -0.8512

PART 28
OFFSET  20.3292  2.6655 -11.7384
X -0.9736 -0.1694 -0.1533
Y -0.0414  0.7907 -0.6108
Z  0.2247 -0.5883 -0.7768

PART 29
OFFSET  19.2295  2.4742 -11.9115
X  0.4175 -0.8241  0.3828
Y  0.8774  0.4752  0.0661
Z -0.2363  0.3083  0.9215

PART 30
OFFSET  19.8137  3.5673 -13.6317
X  0.7573 -0.4054  0.5120
Y -0.6192 -0.6950  0.3655
Z  0.2077 -0.5938 -0.7773

PART 31
OFFSET  21.2931  2.7753 -12.6314
X -0.6764 -0.6542  0.3385
Y -0.7169  0.4793 -0.5063
Z  0.1690 -0.5851 -0.7931

PART 32
OFFSET  20.3052  1.8198 -12.1370
X -0.9731  0.0684 -0.2201
Y  0.1758  0.8378 -0.5168
Z  0.1491 -0.5416 -0.8273

PART 33
OFFSET  19.2040  1.8928 -12.3917
X  0.6244 -0.5529  0.5518
Y  0.7699  0.5551 -0.3148
Z -0.1322  0.6213  0.7723

PART 34
OFFSET  19.6127  1.6297 -13.0338
X  0.1019 -0.5620 -0.8208
Y -0.3547  0.7504 -0.5578
Z  0.9294  0.3479 -0.1229

PART 35
OFFSET  15.2977  3.1555 -14.6482
X  0.9211 -0.3627 -0.1417
Y  0.3767  0.9222  0.0877
Z  0.0988 -0.1342  0.9860

PART 36
OFFSET  14.3086  1.8291 -14.9579
X  0.9211 -0.3627 -0.1417
Y  0.3767  0.9222  0.0877
Z  0.0988 -0.1342  0.9860

PART 37
OFFSET  15.9622  2.4930 -12.2284
X  0.9211 -0.3627 -0.1417
Y  0.3767  0.9222  0.0877
Z  0.0988 -0.1342  0.9860

PART 38
OFFSET  15.3853  1.2804 -12.1366
X  0.9211 -0.3627 -0.1417
Y  0.3767  0.9222  0.0877
Z  0.0988 -0.1342  0.9860

PART 39
OFFSET  14.7166  1.0031 -13.0914
X  0.9211 -0.3627 -0.1417
Y  0.3767  0.9222  0.0877
Z  0.0988 -0.1342  0.9860

PART 40
OFFSET  10.8168 -2.6241 -7.3581
X  0.7407  0.5603 -0.3707
Y -0.6562  0.4848 -0.5783
Z -0.1443  0.6715  0.7268

PART 41
OFFSET  10.8168 -2.6241 -7.3581
X  0.7407  0.5603 -0.3707
Y -0.6562  0.4848 -0.5783
Z -0.1443  0.6715  0.7268

PART 42
OFFSET  13.8863 -0.0693 -8.7250
X  0.7407  0.5603 -0.3707
Y -0.6562  0.4848 -0.5783
Z -0.1443  0.6715  0.7268

PART 43
OFFSET  15.9569  2.0714 -7.8068
X  0.7407  0.5603 -0.3707
Y -0.6562  0.4848 -0.5783
Z -0.1443  0.6715  0.7268

PART 44
OFFSET -13.9227 -7.9373 -3.1869
X -0.9264  0.0363  0.3748
Y -0.1731 -0.9250 -0.3382
Z  0.3344 -0.3782  0.8632

PART 45
OFFSET -2.7190 -8.3765 -7.7198
X -0.9925 -0.0386 -0.1162
Y  0.1207 -0.1454 -0.9820
Z  0.0210 -0.9886  0.1490

PART 46
OFFSET  5.7224 -8.0478 -6.7313
X -0.9925 -0.0386 -0.1162
Y  0.0914 -0.8651 -0.4932
Z -0.0815 -0.5001  0.8621

PART 47
OFFSET  7.0364 -6.7530 -6.0085
X -0.9932 -0.0351 -0.1108
Y -0.0200  0.9907 -0.1345
Z  0.1145 -0.1314 -0.9847

PART 48
OFFSET  7.3145 -7.1982 -4.9314
X -0.9932 -0.0351 -0.1108
Y -0.0200  0.9907 -0.1345
Z  0.1145 -0.1314 -0.9847

PART 49
OFFSET  7.4672 -8.5352 -4.9342
X -0.9932 -0.0351 -0.1108
Y -0.0200  0.9907 -0.1345
Z  0.1145 -0.1314 -0.9847

PART 50
OFFSET  8.7650 -7.9293 -6.3750
X -0.5762 -0.7796  0.2453
Y  0.4635 -0.5589 -0.6876
Z  0.6732 -0.2825  0.6834

PART 51
OFFSET  8.3005 -6.9233 -6.1024
X  0.1537 -0.9707  0.1848
Y  0.4088 -0.1078 -0.9062
Z  0.8996  0.2148  0.3803

PART 52
OFFSET  7.8780 -4.8298 -6.4319
X -0.4766 -0.5055  0.7193
Y  0.3942 -0.8542 -0.3391
Z  0.7858  0.1219  0.6063

PART 53
OFFSET  8.5829 -4.0784 -7.6812
X -0.5032  0.2584  0.8246
Y -0.0162 -0.9569  0.2899
Z  0.8640  0.1325  0.4857

PART 54
OFFSET  9.0878 -4.3476 -8.6001
X -0.9298 -0.0916  0.3565
Y -0.3609  0.0365 -0.9319
Z  0.0723 -0.9951 -0.0670

PART 55
OFFSET  9.6128 -7.8110 -7.4570
X -0.5471 -0.4985  0.6725
Y  0.8131 -0.1254  0.5685
Z -0.1991  0.8578  0.4739

PART 56
OFFSET  10.7132 -6.5505 -8.9686
X  0.5623 -0.4949  0.6625
Y  0.8243  0.2719 -0.4965
Z  0.0656  0.8253  0.5609

PART 57
OFFSET  9.9172 -5.8498 -9.9065
X  0.9942 -0.0103 -0.1074
Y -0.0789  0.6099 -0.7886
Z  0.0736  0.7924  0.6055

PART 58
OFFSET  9.0357 -5.8408 -9.8113
X  0.5170  0.4479 -0.7295
Y -0.8540  0.3288 -0.4033
Z  0.0592  0.8314  0.5525

PART 59
OFFSET  8.5446 -6.2663 -9.1183
X  0.1321 -0.6692  0.7312
Y -0.9699  0.0650  0.2348
Z -0.2047 -0.7402 -0.6405

PART 60
OFFSET  9.5255 -7.3075 -6.9585
X -0.5633 -0.6352  0.5284
Y  0.7615 -0.1509  0.6304
Z -0.3207  0.7575  0.5687

PART 61
OFFSET  11.0519 -5.7748 -8.4006
X  0.5144 -0.4239  0.7454
Y  0.8575  0.2460 -0.4519
Z  0.0082  0.8716  0.4901

PART 62
OFFSET  10.1761 -5.0530 -9.6696
X  0.9563  0.1381 -0.2579
Y -0.2921  0.4948 -0.8184
Z  0.0146  0.8580  0.5135

PART 63
OFFSET  8.8508 -5.2444 -9.3122
X  0.3577  0.4786 -0.8018
Y -0.9338  0.1914 -0.3023
Z  0.0088  0.8569  0.5154

PART 64
OFFSET  8.4627 -5.7634 -8.4426
X  0.2407 -0.4593  0.8550
Y -0.9696 -0.1545  0.1900
Z  0.0448 -0.8747 -0.4825

PART 65
OFFSET  6.3359 -10.8529 -4.4062
X -0.4446 -0.7040  0.5538
Y -0.7929  0.0217 -0.6089
Z  0.4167 -0.7099 -0.5679

PART 66
OFFSET  10.9107 -4.5749 -6.5584
X -0.5936 -0.6702  0.4455
Y  0.7602 -0.2853  0.5837
Z -0.2641  0.6851  0.6789

PART 67
OFFSET  11.9558 -3.3949 -7.3427
X -0.5703 -0.6748  0.4684
Y  0.7639 -0.2260  0.6045
Z -0.3020  0.7025  0.6444

PART 68
OFFSET  12.6307 -2.5318 -7.8731
X -0.5440 -0.7233  0.4253
Y  0.7734 -0.2356  0.5885
Z -0.3255  0.6491  0.6876

PART 69
OFFSET  13.2451 -1.7148 -8.3534
X -0.6126  0.6307 -0.4763
Y  0.7888  0.5262 -0.3178
Z  0.0502 -0.5704 -0.8198

PART 70
OFFSET  11.2313 -5.2137 -7.4008
X  0.3916 -0.4589  0.7976
Y  0.9037  0.3548 -0.2396
Z -0.1730  0.8146  0.5536

PART 71
OFFSET  10.4663 -4.3173 -8.9588
X  0.9812  0.1925  0.0157
Y -0.0864  0.5106 -0.8555
Z -0.1727  0.8380  0.5176

PART 72
OFFSET  9.0332 -4.5984 -8.9819
X  0.4389  0.5101 -0.7397
Y -0.8753  0.0567 -0.4802
Z -0.2030  0.8582  0.4714

PART 73
OFFSET  8.5370 -5.1822 -8.1477
X  0.2355 -0.4822  0.8438
Y -0.9649 -0.2202  0.1435
Z  0.1166 -0.8479 -0.5171

PART 74
OFFSET  7.0363 -6.7530 -6.0084
X -0.9932 -0.0351 -0.1108
Y -0.0200  0.9907 -0.1345
Z  0.1145 -0.1314 -0.9847

PART 75
OFFSET  7.3145 -7.1980 -4.9313
X -0.9932 -0.0351 -0.1108
Y -0.0200  0.9907 -0.1345
Z  0.1145 -0.1314 -0.9847

PART 76
