// Export filename: `C:\projects\cod\t5\xanim_export\t5_viewmodels\ak74u\ak74u_pullout.XANIM_EXPORT`
// Source filename: `D:\projects\devanim\t5\animation_assets\viewmodels\ak74u/t5_viewmodel_ak74u_animated.fbx`
// Export time: Sat Aug 28 18:07:14 2010

ANIMATION
VERSION 3

NUMPARTS 80
PART 0 "tag_ads"
PART 1 "tag_torso"
PART 2 "J_Shoulder_LE"
PART 3 "J_Elbow_LE"
PART 4 "J_WristTwist_LE"
PART 5 "J_Sleave_Reshape_Bottom_LE_1"
PART 6 "J_Sleave_Reshape_Bottom_LE_2"
PART 7 "J_Sleave_Reshape_Top_LE_1"
PART 8 "J_Sleave_Reshape_Top_LE_2"
PART 9 "J_Sleave_Reshape_Top_LE_3"
PART 10 "J_Wrist_LE"
PART 11 "J_Thumb_LE_0"
PART 12 "J_Thumb_LE_1"
PART 13 "J_Thumb_LE_2"
PART 14 "J_Thumb_LE_3"
PART 15 "J_PinkyPalm_LE"
PART 16 "J_Pinky_LE_0"
PART 17 "J_Pinky_LE_1"
PART 18 "J_Pinky_LE_2"
PART 19 "J_Pinky_LE_3"
PART 20 "J_RingPalm_LE"
PART 21 "J_Ring_LE_0"
PART 22 "J_Ring_LE_1"
PART 23 "J_Ring_LE_2"
PART 24 "J_Ring_LE_3"
PART 25 "J_Webbing_LE"
PART 26 "J_Index_LE_0"
PART 27 "J_Index_LE_1"
PART 28 "J_Index_LE_2"
PART 29 "J_Index_LE_3"
PART 30 "J_Mid_LE_0"
PART 31 "J_Mid_LE_1"
PART 32 "J_Mid_LE_2"
PART 33 "J_Mid_LE_3"
PART 34 "tag_knife_attach"
PART 35 "D_Sleave_Reshape_Bottom_LE_1"
PART 36 "D_Sleave_Reshape_Bottom_LE_2"
PART 37 "D_Sleave_Reshape_Top_LE_1"
PART 38 "D_Sleave_Reshape_Top_LE_2"
PART 39 "D_Sleave_Reshape_Top_LE_3"
PART 40 "tag_weapon"
PART 41 "J_Gun"
PART 42 "TAG_CLIP"
PART 43 "J_Bolt"
PART 44 "J_Shoulder_RI"
PART 45 "J_Elbow_RI"
PART 46 "J_WristTwist_RI"
PART 47 "J_Sleave_Reshape_Top_RI_3"
PART 48 "J_Sleave_Reshape_Top_RI_2"
PART 49 "J_Sleave_Reshape_Top_RI_1"
PART 50 "J_Wrist_RI"
PART 51 "J_Thumb_RI_0"
PART 52 "J_Thumb_RI_1"
PART 53 "J_Thumb_RI_2"
PART 54 "J_Thumb_RI_3"
PART 55 "J_PinkyPalm_RI"
PART 56 "J_Pinky_RI_0"
PART 57 "J_Pinky_RI_1"
PART 58 "J_Pinky_RI_2"
PART 59 "J_Pinky_RI_3"
PART 60 "J_RingPalm_RI"
PART 61 "J_Ring_RI_0"
PART 62 "J_Ring_RI_1"
PART 63 "J_Ring_RI_2"
PART 64 "J_Ring_RI_3"
PART 65 "J_Webbing_RI"
PART 66 "J_Index_RI_0"
PART 67 "J_Index_RI_1"
PART 68 "J_Index_RI_2"
PART 69 "J_Index_RI_3"
PART 70 "J_Mid_RI_0"
PART 71 "J_Mid_RI_1"
PART 72 "J_Mid_RI_2"
PART 73 "J_Mid_RI_3"
PART 74 "D_Sleave_Reshape_Top_RI_3"
PART 75 "D_Sleave_Reshape_Top_RI_2"
PART 76 "D_Sleave_Reshape_Top_RI_1"
PART 77 "tag_cambone"
PART 78 "tag_camera"
PART 79 "tag_gasmask"

FRAMERATE 30
NUMFRAMES 31

FRAME 450
PART 0
OFFSET  0.0000 -0.0000 -0.0000
X  1.0000 -0.0000  0.0000
Y  0.0000  1.0000  0.0000
Z  0.0000 -0.0000  1.0000

PART 1
OFFSET -4.6318 -0.0000 -1.3770
X  1.0000 -0.0000  0.0000
Y  0.0000  1.0000  0.0000
Z  0.0000 -0.0000  1.0000

PART 2
OFFSET -3.5543  5.6875 -3.1869
X  0.0452  0.6144 -0.7877
Y  0.1378 -0.7848 -0.6042
Z -0.9894 -0.0813 -0.1202

PART 3
OFFSET -3.0075  13.1176 -12.7136
X  0.9215 -0.2681 -0.2811
Y  0.0456 -0.6439  0.7638
Z -0.3858 -0.7166 -0.5811

PART 4
OFFSET  4.8300  10.8369 -15.1041
X  0.9215 -0.2681 -0.2811
Y -0.2617 -0.9632  0.0608
Z -0.2870  0.0175 -0.9578

PART 5
OFFSET  6.8749  12.0173 -15.1265
X  0.9222 -0.2623 -0.2840
Y  0.3825  0.7266  0.5708
Z  0.0566 -0.6351  0.7704

PART 6
OFFSET  5.4255  10.8500 -16.7725
X  0.9222 -0.2623 -0.2840
Y  0.3825  0.7266  0.5708
Z  0.0566 -0.6351  0.7704

PART 7
OFFSET  6.9719  9.9301 -14.0544
X  0.9222 -0.2623 -0.2840
Y  0.3825  0.7266  0.5708
Z  0.0566 -0.6351  0.7704

PART 8
OFFSET  6.3789  8.8685 -14.6314
X  0.9222 -0.2623 -0.2840
Y  0.3825  0.7266  0.5708
Z  0.0566 -0.6351  0.7704

PART 9
OFFSET  5.7474  9.1547 -15.6085
X  0.9222 -0.2623 -0.2840
Y  0.3825  0.7266  0.5708
Z  0.0566 -0.6351  0.7704

PART 10
OFFSET  7.6550  10.0149 -15.9657
X  0.8121 -0.4524  0.3686
Y -0.4939 -0.8693  0.0212
Z  0.3108 -0.1993 -0.9293

PART 11
OFFSET  7.6713  8.8907 -16.1610
X  0.6232 -0.7817  0.0233
Y -0.7754 -0.6137  0.1488
Z -0.1021 -0.1108 -0.9886

PART 12
OFFSET  8.9331  7.1364 -16.1509
X  0.7265 -0.6582  0.1975
Y -0.6688 -0.7432 -0.0165
Z  0.1577 -0.1201 -0.9802

PART 13
OFFSET  10.1635  6.1048 -15.9408
X  0.5514 -0.8306  0.0782
Y -0.8340 -0.5511  0.0276
Z  0.0202 -0.0804 -0.9966

PART 14
OFFSET  10.7465  5.1935 -15.9014
X  0.2222 -0.6750  0.7035
Y -0.0841  0.7056  0.7036
Z -0.9714 -0.2155  0.1000

PART 15
OFFSET  8.9338  10.5226 -15.8644
X  0.9611  0.1168  0.2502
Y  0.2658 -0.1461 -0.9529
Z -0.0747  0.9823 -0.1715

PART 16
OFFSET  11.1367  10.6240 -15.3940
X  0.0307 -0.4976 -0.8668
Y -0.9749 -0.2064  0.0839
Z -0.2206  0.8425 -0.4915

PART 17
OFFSET  11.1803  9.9195 -16.6213
X -0.4268 -0.5634 -0.7074
Y -0.8831  0.0911  0.4603
Z -0.1949  0.8211 -0.5364

PART 18
OFFSET  10.8018  9.4199 -17.2485
X -0.2158 -0.5491 -0.8074
Y -0.9440 -0.0940  0.3162
Z -0.2495  0.8304 -0.4981

PART 19
OFFSET  10.5968  8.8982 -18.0155
X  0.7937  0.3589  0.4911
Y -0.6054  0.3873  0.6953
Z  0.0594 -0.8492  0.5247

PART 20
OFFSET  8.7408  9.8733 -15.6394
X  0.9264 -0.1647  0.3387
Y  0.3155 -0.1516 -0.9367
Z  0.2057  0.9746 -0.0885

PART 21
OFFSET  11.1686  9.5938 -14.7529
X  0.4266 -0.3353 -0.8400
Y -0.8815 -0.3621 -0.3032
Z -0.2025  0.8697 -0.4500

PART 22
OFFSET  11.8950  9.0230 -16.1829
X -0.3304 -0.5039 -0.7981
Y -0.9258  0.0086  0.3779
Z -0.1835  0.8637 -0.4694

PART 23
OFFSET  11.4371  8.3246 -17.2890
X -0.3611 -0.4980 -0.7885
Y -0.9148  0.0250  0.4032
Z -0.1811  0.8668 -0.4645

PART 24
OFFSET  11.0454  7.7845 -18.1441
X  0.8095  0.4363  0.3928
Y -0.5339  0.2686  0.8018
Z  0.2443 -0.8588  0.4504

PART 25
OFFSET  9.5408  7.1333 -15.2938
X  0.9460 -0.3129  0.0843
Y -0.0805  0.0251  0.9964
Z -0.3139 -0.9494 -0.0014

PART 26
OFFSET  10.3313  7.6707 -14.1680
X  0.9285 -0.3657 -0.0642
Y -0.0702 -0.0031 -0.9975
Z  0.3646  0.9307 -0.0285

PART 27
OFFSET  11.9661  7.0268 -14.2810
X  0.7038 -0.2554 -0.6629
Y -0.6071  0.2685 -0.7479
Z  0.3690  0.9288  0.0339

PART 28
OFFSET  12.7992  6.6599 -15.0890
X  0.0323 -0.0660 -0.9973
Y -0.8667  0.4952 -0.0608
Z  0.4978  0.8663 -0.0412

PART 29
OFFSET  12.8357  6.5853 -16.2155
X  0.9119 -0.1818  0.3680
Y -0.3563  0.0946  0.9296
Z -0.2038 -0.9788  0.0215

PART 30
OFFSET  10.8362  8.6262 -14.3970
X  0.7178 -0.3702 -0.5897
Y -0.6781 -0.1800 -0.7126
Z  0.1577  0.9114 -0.3802

PART 31
OFFSET  12.2385  7.9030 -15.5490
X -0.1262 -0.3542 -0.9266
Y -0.9850  0.1555  0.0747
Z  0.1177  0.9221 -0.3685

PART 32
OFFSET  12.0542  7.3856 -16.9024
X -0.4816 -0.2665 -0.8349
Y -0.8736  0.2212  0.4334
Z  0.0692  0.9381 -0.3394

PART 33
OFFSET  11.5098  7.0903 -17.8507
X  0.9229  0.0031  0.3851
Y -0.3524  0.4098  0.8413
Z -0.1552 -0.9122  0.3793

PART 34
OFFSET  10.5965  8.9532 -16.3940
X  0.1733  0.9733 -0.1507
Y -0.3108  0.1993  0.9293
Z  0.9345 -0.1142  0.3371

PART 35
OFFSET  6.4149  11.7850 -15.7823
X  0.9222 -0.2623 -0.2840
Y  0.3825  0.7266  0.5708
Z  0.0566 -0.6351  0.7704

PART 36
OFFSET  5.4255  10.8500 -16.7725
X  0.9222 -0.2623 -0.2840
Y  0.3825  0.7266  0.5708
Z  0.0566 -0.6351  0.7704

PART 37
OFFSET  6.9719  9.9301 -14.0544
X  0.9222 -0.2623 -0.2840
Y  0.3825  0.7266  0.5708
Z  0.0566 -0.6351  0.7704

PART 38
OFFSET  6.3789  8.8685 -14.6314
X  0.9222 -0.2623 -0.2840
Y  0.3825  0.7266  0.5708
Z  0.0566 -0.6351  0.7704

PART 39
OFFSET  5.7474  9.1547 -15.6085
X  0.9222 -0.2623 -0.2840
Y  0.3825  0.7266  0.5708
Z  0.0566 -0.6351  0.7704

PART 40
OFFSET  8.4462 -16.3464 -10.5940
X  0.7846 -0.4654 -0.4096
Y  0.3606  0.8800 -0.3092
Z  0.5044  0.0949  0.8582

PART 41
OFFSET  8.4462 -16.3464 -10.5940
X  0.7846 -0.4654 -0.4096
Y  0.3606  0.8800 -0.3092
Z  0.5044  0.0949  0.8582

PART 42
OFFSET  11.8969 -18.2670 -12.0843
X  0.7846 -0.4654 -0.4096
Y  0.3606  0.8800 -0.3092
Z  0.5044  0.0949  0.8582

PART 43
OFFSET  14.3782 -19.9589 -11.2511
X  0.7846 -0.4654 -0.4096
Y  0.3606  0.8800 -0.3092
Z  0.5044  0.0949  0.8582

PART 44
OFFSET -14.8016 -7.9373 -3.1869
X -0.5969  0.2576  0.7598
Y -0.7111 -0.6084 -0.3524
Z  0.3715 -0.7507  0.5463

PART 45
OFFSET -7.5829 -11.0531 -12.3763
X -0.8888  0.4195 -0.1846
Y  0.1776 -0.0561 -0.9825
Z -0.4225 -0.9060 -0.0247

PART 46
OFFSET -0.0234 -14.6210 -10.8059
X -0.8888  0.4195 -0.1846
Y -0.0254 -0.4473 -0.8940
Z -0.4576 -0.7899  0.4082

PART 47
OFFSET  1.6071 -14.1456 -9.7855
X -0.8887  0.4223 -0.1787
Y  0.4224  0.9055  0.0393
Z  0.1784 -0.0406 -0.9831

PART 48
OFFSET  1.5218 -14.8024 -8.7870
X -0.8887  0.4223 -0.1787
Y  0.4224  0.9055  0.0393
Z  0.1784 -0.0406 -0.9831

PART 49
OFFSET  1.0889 -16.0564 -9.0131
X -0.8887  0.4223 -0.1787
Y  0.4224  0.9055  0.0393
Z  0.1784 -0.0406 -0.9831

PART 50
OFFSET  2.7013 -15.9070 -10.2399
X -0.9323  0.2946  0.2099
Y -0.3155 -0.3782 -0.8703
Z -0.1770 -0.8776  0.4456

PART 51
OFFSET  3.4979 -15.3142 -9.6774
X -0.9056 -0.4191 -0.0644
Y  0.1364 -0.1442 -0.9801
Z  0.4015 -0.8964  0.1877

PART 52
OFFSET  5.4162 -14.3455 -9.4511
X -0.6951  0.1320  0.7067
Y -0.6739 -0.4620 -0.5766
Z  0.2504 -0.8770  0.4101

PART 53
OFFSET  6.4702 -14.4879 -10.6722
X -0.0023  0.2906  0.9568
Y -0.9554 -0.2833  0.0838
Z  0.2955 -0.9139  0.2783

PART 54
OFFSET  6.4753 -14.7556 -11.7211
X -0.3883  0.7432  0.5448
Y  0.0628  0.6112 -0.7890
Z -0.9194 -0.2722 -0.2840

PART 55
OFFSET  3.1882 -16.3840 -11.4394
X -0.7214  0.1999  0.6631
Y  0.0387 -0.9443  0.3268
Z  0.6915  0.2614  0.6734

PART 56
OFFSET  4.9049 -16.6793 -12.8713
X -0.3654 -0.8311  0.4193
Y  0.5439 -0.5562 -0.6284
Z  0.7554 -0.0016  0.6552

PART 57
OFFSET  5.4223 -15.5027 -13.4649
X  0.2586 -0.9149 -0.3100
Y  0.6411  0.4026 -0.6533
Z  0.7225 -0.0298  0.6907

PART 58
OFFSET  5.1930 -14.6915 -13.1900
X  0.6355 -0.2040 -0.7446
Y  0.1282  0.9790 -0.1587
Z  0.7613  0.0054  0.6483

PART 59
OFFSET  4.5892 -14.4977 -12.4826
X -0.6767 -0.4593  0.5754
Y -0.2160  0.8710  0.4413
Z -0.7039  0.1743 -0.6886

PART 60
OFFSET  3.5782 -16.3199 -10.8450
X -0.8309  0.2270  0.5081
Y -0.0098 -0.9188  0.3945
Z  0.5564  0.3228  0.7656

PART 61
OFFSET  5.6517 -16.9773 -12.2687
X -0.3300 -0.7916  0.5143
Y  0.5121 -0.6078 -0.6069
Z  0.7930  0.0630  0.6059

PART 62
OFFSET  6.2136 -15.6296 -13.1443
X  0.4020 -0.8023 -0.4413
Y  0.4802  0.5951 -0.6444
Z  0.7796  0.0472  0.6245

PART 63
OFFSET  5.6564 -14.5177 -12.5327
X  0.6282  0.0022 -0.7780
Y -0.0417  0.9987 -0.0309
Z  0.7769  0.0519  0.6275

PART 64
OFFSET  4.9751 -14.5201 -11.6889
X -0.4526 -0.5697  0.6860
Y -0.4276  0.8137  0.3937
Z -0.7825 -0.1151 -0.6119

PART 65
OFFSET -1.0068 -14.8313 -8.3914
X -0.8654  0.1064  0.4897
Y -0.1140  0.9098 -0.3990
Z -0.4880 -0.4011 -0.7752

PART 66
OFFSET  6.5061 -17.0959 -10.2359
X -0.7990  0.4641  0.3823
Y -0.2993 -0.8585  0.4165
Z  0.5215  0.2183  0.8248

PART 67
OFFSET  7.9129 -17.9130 -10.9090
X -0.8371  0.0722  0.5423
Y  0.0845 -0.9623  0.2585
Z  0.5405  0.2622  0.7994

PART 68
OFFSET  8.9634 -17.9849 -11.5197
X -0.7965 -0.2756  0.5382
Y  0.3646 -0.9290  0.0638
Z  0.4824  0.2471  0.8404

PART 69
OFFSET  9.8630 -17.6736 -12.1277
X  0.0659  0.9978  0.0036
Y  0.7970 -0.0505 -0.6018
Z -0.6004  0.0425 -0.7986

PART 70
OFFSET  6.0962 -17.3174 -11.2376
X -0.4267 -0.6885  0.5865
Y  0.5991 -0.7009 -0.3870
Z  0.6775  0.1862  0.7115

PART 71
OFFSET  6.9297 -15.9725 -12.3833
X  0.4150 -0.8948 -0.1648
Y  0.5763  0.3987 -0.7134
Z  0.7040  0.2011  0.6811

PART 72
OFFSET  6.3236 -14.6655 -12.1426
X  0.6830 -0.1039 -0.7230
Y -0.1102  0.9638 -0.2426
Z  0.7220  0.2454  0.6469

PART 73
OFFSET  5.5448 -14.5490 -11.3286
X -0.4995 -0.5517  0.6680
Y -0.4687  0.8205  0.3271
Z -0.7286 -0.1497 -0.6684

PART 74
OFFSET  1.6071 -14.1456 -9.7855
X -0.8887  0.4223 -0.1787
Y  0.4224  0.9055  0.0393
Z  0.1784 -0.0406 -0.9831

PART 75
OFFSET  1.5218 -14.8022 -8.7868
X -0.8887  0.4223 -0.1787
Y  0.4224  0.9055  0.0393
Z  0.1784 -0.0406 -0.9831

PART 76
OFFSET  1.0890 -16.0564 -9.0132
X -0.8887  0.4223 -0.1787
Y  0.4224  0.9055  0.0393
Z  0.1784 -0.0406 -0.9831

PART 77
OFFSET  0.0000 -0.0000 -0.0000
X  1.0000 -0.0000  0.0000
Y  0.0000  1.0000  0.0000
Z  0.0000 -0.0000  1.0000

PART 78
OFFSET  0.0000 -0.0000 -0.0000
X  1.0000 -0.0000  0.0000
Y  0.0000  1.0000  0.0000
Z  0.0000 -0.0000  1.0000

PART 79
OFFSET  1.5404 -0.0000  4.1357
X  1.0000 -0.0000  0.0000
Y  0.0000  1.0000  0.0000
Z  0.0000 -0.0000  1.0000


FRAME 451
PART 0
OFFSET  0.0000 -0.0000 -0.0000
X  1.0000 -0.0000  0.0000
Y  0.0000  1.0000  0.0000
Z  0.0000 -0.0000  1.0000

PART 1
OFFSET -4.6318 -0.0000 -1.3770
X  1.0000 -0.0000  0.0000
Y  0.0000  1.0000  0.0000
Z  0.0000 -0.0000  1.0000

PART 2
OFFSET -3.5549  5.6869 -3.1869
X  0.0475  0.6149 -0.7872
Y  0.1418 -0.7842 -0.6041
Z -0.9888 -0.0829 -0.1244

PART 3
OFFSET -2.9806  13.1237 -12.7067
X  0.9234 -0.2698 -0.2731
Y  0.0385 -0.6428  0.7651
Z -0.3820 -0.7170 -0.5831

PART 4
OFFSET  4.8730  10.8289 -15.0299
X  0.9234 -0.2698 -0.2731
Y -0.2618 -0.9629  0.0660
Z -0.2808  0.0106 -0.9597

PART 5
OFFSET  6.9197  12.0064 -15.0374
X  0.9242 -0.2640 -0.2761
Y  0.3788  0.7269  0.5728
Z  0.0495 -0.6340  0.7718

PART 6
OFFSET  5.4821  10.8387 -16.6934
X  0.9242 -0.2640 -0.2761
Y  0.3788  0.7269  0.5728
Z  0.0495 -0.6340  0.7718

PART 7
OFFSET  7.0050  9.9207 -13.9615
X  0.9242 -0.2640 -0.2761
Y  0.3788  0.7269  0.5728
Z  0.0495 -0.6340  0.7718

PART 8
OFFSET  6.4153  8.8590 -14.5417
X  0.9242 -0.2640 -0.2761
Y  0.3788  0.7269  0.5728
Z  0.0495 -0.6340  0.7718

PART 9
OFFSET  5.7921  9.1447 -15.5244
X  0.9242 -0.2640 -0.2761
Y  0.3788  0.7269  0.5728
Z  0.0495 -0.6340  0.7718

PART 10
OFFSET  7.7038  10.0017 -15.8673
X  0.8112 -0.4548  0.3675
Y -0.4975 -0.8671  0.0251
Z  0.3072 -0.2032 -0.9297

PART 11
OFFSET  7.7147  8.8769 -16.0595
X  0.6147 -0.7883  0.0250
Y -0.7815 -0.6045  0.1541
Z -0.1064 -0.1142 -0.9877

PART 12
OFFSET  8.9574  7.1091 -16.0452
X  0.7229 -0.6616  0.1992
Y -0.6733 -0.7393 -0.0118
Z  0.1551 -0.1256 -0.9799

PART 13
OFFSET  10.1820  6.0711 -15.8326
X  0.5441 -0.8352  0.0799
Y -0.8389 -0.5434  0.0321
Z  0.0165 -0.0845 -0.9963

PART 14
OFFSET  10.7568  5.1547 -15.7913
X  0.2181 -0.6743  0.7056
Y -0.0757  0.7091  0.7010
Z -0.9730 -0.2063  0.1036

PART 15
OFFSET  8.9850  10.5043 -15.7711
X  0.9632  0.1111  0.2447
Y  0.2597 -0.1505 -0.9539
Z -0.0691  0.9823 -0.1738

PART 16
OFFSET  11.1911  10.5923 -15.3128
X  0.0392 -0.4968 -0.8670
Y -0.9759 -0.2053  0.0735
Z -0.2145  0.8432 -0.4929

PART 17
OFFSET  11.2467  9.8889 -16.5403
X -0.4171 -0.5624 -0.7139
Y -0.8891  0.0898  0.4488
Z -0.1883  0.8220 -0.5375

PART 18
OFFSET  10.8768  9.3903 -17.1733
X -0.2119 -0.5485 -0.8088
Y -0.9465 -0.0910  0.3096
Z -0.2434  0.8312 -0.4999

PART 19
OFFSET  10.6755  8.8692 -17.9417
X  0.7914  0.3565  0.4966
Y -0.6090  0.3893  0.6911
Z  0.0530 -0.8493  0.5252

PART 20
OFFSET  8.7899  9.8564 -15.5438
X  0.9267 -0.1677  0.3364
Y  0.3121 -0.1556 -0.9372
Z  0.2095  0.9735 -0.0918

PART 21
OFFSET  11.2205  9.5671 -14.6679
X  0.4343 -0.3363 -0.8356
Y -0.8794 -0.3593 -0.3124
Z -0.1951  0.8705 -0.4518

PART 22
OFFSET  11.9599  8.9946 -16.0906
X -0.3214 -0.5026 -0.8025
Y -0.9304  0.0101  0.3663
Z -0.1760  0.8644 -0.4709

PART 23
OFFSET  11.5144  8.2980 -17.2028
X -0.3554 -0.4965 -0.7919
Y -0.9184  0.0282  0.3945
Z -0.1736  0.8676 -0.4660

PART 24
OFFSET  11.1289  7.7595 -18.0617
X  0.8073  0.4334  0.4005
Y -0.5404  0.2704  0.7968
Z  0.2370 -0.8597  0.4525

PART 25
OFFSET  9.5793  7.1140 -15.1929
X  0.9449 -0.3167  0.0824
Y -0.0775  0.0282  0.9966
Z -0.3180 -0.9481  0.0021

PART 26
OFFSET  10.3754  7.6511 -14.0709
X  0.9280 -0.3675 -0.0609
Y -0.0693 -0.0098 -0.9975
Z  0.3660  0.9300 -0.0346

PART 27
OFFSET  12.0093  7.0040 -14.1781
X  0.7073 -0.2617 -0.6567
Y -0.6026  0.2625 -0.7536
Z  0.3696  0.9288  0.0280

PART 28
OFFSET  12.8467  6.6294 -14.9782
X  0.0458 -0.0794 -0.9958
Y -0.8660  0.4938 -0.0791
Z  0.4980  0.8660 -0.0461

PART 29
OFFSET  12.8984  6.5398 -16.1029
X  0.9069 -0.1763  0.3826
Y -0.3688  0.1068  0.9234
Z -0.2037 -0.9785  0.0319

PART 30
OFFSET  10.8837  8.6038 -14.3041
X  0.7214 -0.3725 -0.5837
Y -0.6735 -0.1816 -0.7165
Z  0.1609  0.9101 -0.3819

PART 31
OFFSET  12.2930  7.8760 -15.4444
X -0.1142 -0.3580 -0.9267
Y -0.9861  0.1543  0.0620
Z  0.1208  0.9209 -0.3706

PART 32
OFFSET  12.1262  7.3531 -16.7980
X -0.4696 -0.2708 -0.8403
Y -0.8799  0.2212  0.4205
Z  0.0720  0.9369 -0.3421

PART 33
OFFSET  11.5954  7.0529 -17.7525
X  0.9175  0.0065  0.3976
Y -0.3647  0.4125  0.8348
Z -0.1586 -0.9109  0.3808

PART 34
OFFSET  10.6395  8.9263 -16.3012
X  0.1770  0.9721 -0.1540
Y -0.3072  0.2032  0.9297
Z  0.9350 -0.1172  0.3346

PART 35
OFFSET  6.4647  11.7738 -15.6966
X  0.9242 -0.2640 -0.2761
Y  0.3788  0.7269  0.5728
Z  0.0495 -0.6340  0.7718

PART 36
OFFSET  5.4821  10.8387 -16.6934
X  0.9242 -0.2640 -0.2761
Y  0.3788  0.7269  0.5728
Z  0.0495 -0.6340  0.7718

PART 37
OFFSET  7.0050  9.9207 -13.9615
X  0.9242 -0.2640 -0.2761
Y  0.3788  0.7269  0.5728
Z  0.0495 -0.6340  0.7718

PART 38
OFFSET  6.4153  8.8590 -14.5417
X  0.9242 -0.2640 -0.2761
Y  0.3788  0.7269  0.5728
Z  0.0495 -0.6340  0.7718

PART 39
OFFSET  5.7921  9.1447 -15.5244
X  0.9242 -0.2640 -0.2761
Y  0.3788  0.7269  0.5728
Z  0.0495 -0.6340  0.7718

PART 40
OFFSET  8.4508 -16.1813 -10.5046
X  0.7830 -0.4631 -0.4153
Y  0.3580  0.8815 -0.3079
Z  0.5086  0.0924  0.8560

PART 41
OFFSET  8.4508 -16.1813 -10.5046
X  0.7830 -0.4631 -0.4153
Y  0.3580  0.8815 -0.3079
Z  0.5086  0.0924  0.8560

PART 42
OFFSET  11.8961 -18.0926 -12.0193
X  0.7830 -0.4631 -0.4153
Y  0.3580  0.8815 -0.3079
Z  0.5086  0.0924  0.8560

PART 43
OFFSET  14.3835 -19.7846 -11.2046
X  0.7830 -0.4631 -0.4153
Y  0.3580  0.8815 -0.3079
Z  0.5086  0.0924  0.8560

PART 44
OFFSET -14.8066 -7.9373 -3.1869
X -0.5961  0.2536  0.7618
Y -0.7070 -0.6155 -0.3484
Z  0.3805 -0.7462  0.5462

PART 45
OFFSET -7.5968 -11.0046 -12.3995
X -0.8905  0.4101 -0.1970
Y  0.1880 -0.0627 -0.9802
Z -0.4143 -0.9099 -0.0213

PART 46
OFFSET -0.0227 -14.4926 -10.7238
X -0.8905  0.4101 -0.1970
Y -0.0083 -0.4476 -0.8942
Z -0.4549 -0.7946  0.4020

PART 47
OFFSET  1.5932 -13.9945 -9.6912
X -0.8905  0.4130 -0.1911
Y  0.4141  0.9095  0.0359
Z  0.1887 -0.0472 -0.9809

PART 48
OFFSET  1.5036 -14.6437 -8.6880
X -0.8905  0.4130 -0.1911
Y  0.4141  0.9095  0.0359
Z  0.1887 -0.0472 -0.9809

PART 49
OFFSET  1.0840 -15.9032 -8.9079
X -0.8905  0.4130 -0.1911
Y  0.4141  0.9095  0.0359
Z  0.1887 -0.0472 -0.9809

PART 50
OFFSET  2.7073 -15.7498 -10.1197
X -0.9315  0.2928  0.2157
Y -0.3195 -0.3755 -0.8700
Z -0.1738 -0.8794  0.4433

PART 51
OFFSET  3.5060 -15.1581 -9.5592
X -0.9055 -0.4200 -0.0614
Y  0.1316 -0.1404 -0.9813
Z  0.4035 -0.8966  0.1824

PART 52
OFFSET  5.4244 -14.1880 -9.3390
X -0.6916  0.1286  0.7107
Y -0.6763 -0.4607 -0.5748
Z  0.2535 -0.8782  0.4056

PART 53
OFFSET  6.4721 -14.3248 -10.5661
X  0.0023  0.2871  0.9579
Y -0.9546 -0.2847  0.0876
Z  0.2979 -0.9146  0.2734

PART 54
OFFSET  6.4723 -14.5885 -11.6159
X -0.3864  0.7408  0.5495
Y  0.0581  0.6142 -0.7870
Z -0.9205 -0.2722 -0.2803

PART 55
OFFSET  3.1886 -16.2220 -11.3235
X -0.7183  0.1966  0.6674
Y  0.0415 -0.9454  0.3232
Z  0.6945  0.2599  0.6709

PART 56
OFFSET  4.8985 -16.5099 -12.7650
X -0.3621 -0.8330  0.4182
Y  0.5413 -0.5532 -0.6332
Z  0.7589 -0.0029  0.6512

PART 57
OFFSET  5.4112 -15.3305 -13.3571
X  0.2580 -0.9135 -0.3145
Y  0.6372  0.4056 -0.6553
Z  0.7262 -0.0313  0.6868

PART 58
OFFSET  5.1824 -14.5206 -13.0782
X  0.6318 -0.2007 -0.7487
Y  0.1262  0.9796 -0.1561
Z  0.7648  0.0041  0.6443

PART 59
OFFSET  4.5821 -14.3299 -12.3670
X -0.6731 -0.4621  0.5774
Y -0.2146  0.8692  0.4454
Z -0.7077  0.1759 -0.6843

PART 60
OFFSET  3.5815 -16.1596 -10.7308
X -0.8285  0.2241  0.5131
Y -0.0067 -0.9203  0.3912
Z  0.5599  0.3207  0.7640

PART 61
OFFSET  5.6486 -16.8093 -12.1674
X -0.3263 -0.7938  0.5131
Y  0.5096 -0.6050 -0.6118
Z  0.7962  0.0618  0.6019

PART 62
OFFSET  6.2042 -15.4577 -13.0410
X  0.4005 -0.8003 -0.4462
Y  0.4761  0.5979 -0.6449
Z  0.7829  0.0459  0.6205

PART 63
OFFSET  5.6490 -14.3486 -12.4226
X  0.6241  0.0058 -0.7814
Y -0.0431  0.9987 -0.0270
Z  0.7802  0.0505  0.6235

PART 64
OFFSET  4.9722 -14.3548 -11.5752
X -0.4483 -0.5727  0.6863
Y -0.4265  0.8118  0.3989
Z -0.7856 -0.1138 -0.6082

PART 65
OFFSET -0.9926 -14.6850 -8.2486
X -0.8630  0.1036  0.4945
Y -0.1170  0.9111 -0.3952
Z -0.4915 -0.3989 -0.7742

PART 66
OFFSET  6.5134 -16.9344 -10.1393
X -0.7972  0.4628  0.3877
Y -0.2971 -0.8598  0.4154
Z  0.5256  0.2160  0.8229

PART 67
OFFSET  7.9170 -17.7492 -10.8220
X -0.8342  0.0682  0.5473
Y  0.0878 -0.9632  0.2540
Z  0.5445  0.2599  0.7975

PART 68
OFFSET  8.9641 -17.8163 -11.4389
X -0.7922 -0.2813  0.5416
Y  0.3683 -0.9280  0.0568
Z  0.4867  0.2445  0.8387

PART 69
OFFSET  9.8589 -17.4987 -12.0506
X  0.0623  0.9980  0.0083
Y  0.7935 -0.0445 -0.6069
Z -0.6054  0.0444 -0.7947

PART 70
OFFSET  6.0986 -17.1528 -11.1397
X -0.4228 -0.6911  0.5862
Y  0.5978 -0.6989 -0.3927
Z  0.6810  0.1844  0.7086

PART 71
OFFSET  6.9247 -15.8027 -12.2848
X  0.4150 -0.8938 -0.1701
Y  0.5723  0.4017 -0.7149
Z  0.7073  0.1994  0.6782

PART 72
OFFSET  6.3186 -14.4972 -12.0365
X  0.6794 -0.1005 -0.7269
Y -0.1125  0.9646 -0.2386
Z  0.7251  0.2438  0.6440

PART 73
OFFSET  5.5439 -14.3844 -11.2179
X -0.4954 -0.5546  0.6686
Y -0.4679  0.8188  0.3325
Z -0.7319 -0.1481 -0.6652

PART 74
OFFSET  1.5932 -13.9944 -9.6911
X -0.8905  0.4130 -0.1911
Y  0.4141  0.9095  0.0359
Z  0.1887 -0.0472 -0.9809

PART 75
OFFSET  1.5037 -14.6435 -8.6879
X -0.8905  0.4130 -0.1911
Y  0.4141  0.9095  0.0359
Z  0.1887 -0.0472 -0.9809

PART 76
OFFSET  1.0840 -15.9032 -8.9080
X -0.8905  0.4130 -0.1911
Y  0.4141  0.9095  0.0359
Z  0.1887 -0.0472 -0.9809

PART 77
OFFSET  0.0000 -0.0000 -0.0000
X  1.0000 -0.0000  0.0000
Y  0.0000  1.0000  0.0000
Z  0.0000 -0.0000  1.0000

PART 78
OFFSET -0.0000 -0.0000 -0.0000
X  1.0000  0.0006 -0.0003
Y -0.0006  1.0000  0.0001
Z  0.0003 -0.0001  1.0000

PART 79
OFFSET  1.5419  0.0006  4.1352
X  1.0000  0.0006 -0.0003
Y -0.0006  1.0000  0.0001
Z  0.0003 -0.0001  1.0000


FRAME 452
PART 0
OFFSET  0.0000 -0.0000 -0.0000
X  1.0000 -0.0000  0.0000
Y  0.0000  1.0000  0.0000
Z  0.0000 -0.0000  1.0000

PART 1
OFFSET -4.6318 -0.0000 -1.3770
X  1.0000 -0.0000  0.0000
Y  0.0000  1.0000  0.0000
Z  0.0000 -0.0000  1.0000

PART 2
OFFSET -3.5553  5.6866 -3.1869
X  0.0543  0.6162 -0.7857
Y  0.1530 -0.7827 -0.6033
Z -0.9867 -0.0874 -0.1368

PART 3
OFFSET -2.8981  13.1385 -12.6895
X  0.9283 -0.2748 -0.2505
Y  0.0181 -0.6395  0.7686
Z -0.3714 -0.7180 -0.5887

PART 4
OFFSET  4.9976  10.8013 -14.8199
X  0.9283 -0.2748 -0.2505
Y -0.2625 -0.9614  0.0818
Z -0.2633 -0.0102 -0.9647

PART 5
OFFSET  7.0487  11.9704 -14.7850
X  0.9292 -0.2690 -0.2534
Y  0.3684  0.7279  0.5783
Z  0.0289 -0.6308  0.7754

PART 6
OFFSET  5.6451  10.8013 -16.4688
X  0.9292 -0.2690 -0.2534
Y  0.3684  0.7279  0.5783
Z  0.0289 -0.6308  0.7754

PART 7
OFFSET  7.1004  9.8892 -13.6983
X  0.9292 -0.2690 -0.2534
Y  0.3684  0.7279  0.5783
Z  0.0289 -0.6308  0.7754

PART 8
OFFSET  6.5198  8.8274 -14.2874
X  0.9292 -0.2690 -0.2534
Y  0.3684  0.7279  0.5783
Z  0.0289 -0.6308  0.7754

PART 9
OFFSET  5.9208  9.1112 -15.2856
X  0.9292 -0.2690 -0.2534
Y  0.3684  0.7279  0.5783
Z  0.0289 -0.6308  0.7754

PART 10
OFFSET  7.8434  9.9589 -15.5877
X  0.8089 -0.4615  0.3644
Y -0.5078 -0.8606  0.0374
Z  0.2964 -0.2153 -0.9305

PART 11
OFFSET  7.8389  8.8323 -15.7698
X  0.5903 -0.8066  0.0307
Y -0.7984 -0.5777  0.1698
Z -0.1192 -0.1248 -0.9850

PART 12
OFFSET  9.0263  7.0271 -15.7413
X  0.7127 -0.6710  0.2044
Y -0.6859 -0.7277  0.0028
Z  0.1469 -0.1421 -0.9789

PART 13
OFFSET  10.2343  5.9713 -15.5212
X  0.5229 -0.8481  0.0857
Y -0.8524 -0.5209  0.0460
Z  0.0056 -0.0971 -0.9953

PART 14
OFFSET  10.7855  5.0409 -15.4733
X  0.2068 -0.6710  0.7120
Y -0.0511  0.7193  0.6928
Z -0.9770 -0.1797  0.1145

PART 15
OFFSET  9.1316  10.4464 -15.5075
X  0.9689  0.0948  0.2287
Y  0.2418 -0.1639 -0.9564
Z -0.0532  0.9819 -0.1817

PART 16
OFFSET  11.3459  10.4963 -15.0844
X  0.0628 -0.4961 -0.8660
Y -0.9783 -0.2021  0.0448
Z -0.1972  0.8445 -0.4980

PART 17
OFFSET  11.4348  9.7940 -16.3105
X -0.3896 -0.5609 -0.7305
Y -0.9052  0.0870  0.4160
Z -0.1698  0.8233 -0.5416

PART 18
OFFSET  11.0894  9.2967 -16.9582
X -0.2012 -0.5482 -0.8118
Y -0.9531 -0.0818  0.2915
Z -0.2263  0.8323 -0.5060

PART 19
OFFSET  10.8982  8.7759 -17.7294
X  0.7849  0.3503  0.5111
Y -0.6186  0.3962  0.6785
Z  0.0352 -0.8487  0.5277

PART 20
OFFSET  8.9306  9.8030 -15.2725
X  0.9275 -0.1761  0.3297
Y  0.3017 -0.1678 -0.9385
Z  0.2206  0.9700 -0.1025

PART 21
OFFSET  11.3687  9.4862 -14.4277
X  0.4552 -0.3408 -0.8226
Y -0.8731 -0.3518 -0.3374
Z -0.1744  0.8718 -0.4577

PART 22
OFFSET  12.1437  8.9059 -15.8281
X -0.2961 -0.5006 -0.8134
Y -0.9425  0.0153  0.3338
Z -0.1547  0.8655 -0.4764

PART 23
OFFSET  11.7332  8.2121 -16.9555
X -0.3395 -0.4940 -0.8005
Y -0.9282  0.0380  0.3702
Z -0.1525  0.8686 -0.4714

PART 24
OFFSET  11.3650  7.6764 -17.8236
X  0.8009  0.4258  0.4211
Y -0.5584  0.2769  0.7820
Z  0.2163 -0.8614  0.4595

PART 25
OFFSET  9.6894  7.0544 -14.9038
X  0.9417 -0.3276  0.0769
Y -0.0682  0.0381  0.9969
Z -0.3295 -0.9440  0.0136

PART 26
OFFSET  10.5020  7.5917 -13.7938
X  0.9264 -0.3729 -0.0518
Y -0.0677 -0.0299 -0.9973
Z  0.3703  0.9274 -0.0530

PART 27
OFFSET  12.1332  6.9352 -13.8849
X  0.7166 -0.2799 -0.6388
Y -0.5902  0.2447 -0.7693
Z  0.3716  0.9283  0.0101

PART 28
OFFSET  12.9818  6.5385 -14.6621
X  0.0830 -0.1180 -0.9895
Y -0.8629  0.4882 -0.1306
Z  0.4985  0.8647 -0.0613

PART 29
OFFSET  13.0755  6.4052 -15.7798
X  0.8922 -0.1591  0.4228
Y -0.4031  0.1418  0.9041
Z -0.2038 -0.9770  0.0624

PART 30
OFFSET  11.0199  8.5359 -14.0401
X  0.7310 -0.3800 -0.5667
Y -0.6608 -0.1872 -0.7268
Z  0.1701  0.9058 -0.3880

PART 31
OFFSET  12.4480  7.7935 -15.1473
X -0.0811 -0.3699 -0.9255
Y -0.9883  0.1505  0.0264
Z  0.1295  0.9168 -0.3778

PART 32
OFFSET  12.3295  7.2532 -16.4991
X -0.4359 -0.2841 -0.8540
Y -0.8965  0.2214  0.3839
Z  0.0800  0.9329 -0.3512

PART 33
OFFSET  11.8370  6.9378 -17.4691
X  0.9017  0.0168  0.4321
Y -0.3984  0.4209  0.8149
Z -0.1682 -0.9070  0.3862

PART 34
OFFSET  10.7617  8.8435 -16.0379
X  0.1875  0.9684 -0.1643
Y -0.2964  0.2153  0.9305
Z  0.9365 -0.1258  0.3274

PART 35
OFFSET  6.6082  11.7367 -15.4535
X  0.9292 -0.2690 -0.2534
Y  0.3684  0.7279  0.5783
Z  0.0289 -0.6308  0.7754

PART 36
OFFSET  5.6451  10.8013 -16.4688
X  0.9292 -0.2690 -0.2534
Y  0.3684  0.7279  0.5783
Z  0.0289 -0.6308  0.7754

PART 37
OFFSET  7.1004  9.8892 -13.6983
X  0.9292 -0.2690 -0.2534
Y  0.3684  0.7279  0.5783
Z  0.0289 -0.6308  0.7754

PART 38
OFFSET  6.5198  8.8274 -14.2874
X  0.9292 -0.2690 -0.2534
Y  0.3684  0.7279  0.5783
Z  0.0289 -0.6308  0.7754

PART 39
OFFSET  5.9208  9.1112 -15.2856
X  0.9292 -0.2690 -0.2534
Y  0.3684  0.7279  0.5783
Z  0.0289 -0.6308  0.7754

PART 40
OFFSET  8.4621 -15.7249 -10.2588
X  0.7792 -0.4565 -0.4295
Y  0.3511  0.8855 -0.3042
Z  0.5192  0.0862  0.8503

PART 41
OFFSET  8.4621 -15.7249 -10.2588
X  0.7792 -0.4565 -0.4295
Y  0.3511  0.8855 -0.3042
Z  0.5192  0.0862  0.8503

PART 42
OFFSET  11.8940 -17.6103 -11.8349
X  0.7792 -0.4565 -0.4295
Y  0.3511  0.8855 -0.3042
Z  0.5192  0.0862  0.8503

PART 43
OFFSET  14.3972 -19.3013 -11.0678
X  0.7792 -0.4565 -0.4295
Y  0.3511  0.8855 -0.3042
Z  0.5192  0.0862  0.8503

PART 44
OFFSET -14.8099 -7.9373 -3.1869
X -0.5940  0.2432  0.7668
Y -0.6951 -0.6350 -0.3371
Z  0.4050 -0.7332  0.5462

PART 45
OFFSET -7.6263 -10.8785 -12.4609
X -0.8944  0.3836 -0.2302
Y  0.2162 -0.0798 -0.9731
Z -0.3916 -0.9201 -0.0115

PART 46
OFFSET -0.0193 -14.1408 -10.5028
X -0.8944  0.3836 -0.2302
Y  0.0380 -0.4476 -0.8934
Z -0.4457 -0.8078  0.3857

PART 47
OFFSET  1.5553 -13.5801 -9.4388
X -0.8946  0.3866 -0.2244
Y  0.3910  0.9200  0.0262
Z  0.2165 -0.0643 -0.9742

PART 48
OFFSET  1.4538 -14.2089 -8.4238
X -0.8946  0.3866 -0.2244
Y  0.3910  0.9200  0.0262
Z  0.2165 -0.0643 -0.9742

PART 49
OFFSET  1.0708 -15.4829 -8.6260
X -0.8946  0.3866 -0.2244
Y  0.3910  0.9200  0.0262
Z  0.2165 -0.0643 -0.9742

PART 50
OFFSET  2.7225 -15.3166 -9.7970
X -0.9297  0.2876  0.2303
Y -0.3293 -0.3684 -0.8694
Z -0.1652 -0.8840  0.4372

PART 51
OFFSET  3.5263 -14.7275 -9.2411
X -0.9048 -0.4225 -0.0538
Y  0.1196 -0.1307 -0.9842
Z  0.4088 -0.8969  0.1688

PART 52
OFFSET  5.4441 -13.7528 -9.0361
X -0.6829  0.1196  0.7207
Y -0.6821 -0.4575 -0.5704
Z  0.2615 -0.8811  0.3940

PART 53
OFFSET  6.4765 -13.8746 -10.2777
X  0.0135  0.2781  0.9605
Y -0.9525 -0.2888  0.0970
Z  0.3044 -0.9161  0.2610

PART 54
OFFSET  6.4642 -14.1285 -11.3299
X -0.3818  0.7342  0.5613
Y  0.0460  0.6217 -0.7819
Z -0.9231 -0.2727 -0.2712

PART 55
OFFSET  3.1900 -15.7759 -11.0111
X -0.7104  0.1879  0.6783
Y  0.0488 -0.9483  0.3137
Z  0.7021  0.2560  0.6645

PART 56
OFFSET  4.8824 -16.0444 -12.4768
X -0.3539 -0.8382  0.4150
Y  0.5350 -0.5453 -0.6453
Z  0.7672 -0.0063  0.6414

PART 57
OFFSET  5.3834 -14.8577 -13.0643
X  0.2569 -0.9097 -0.3262
Y  0.6274  0.4137 -0.6597
Z  0.7351 -0.0351  0.6771

PART 58
OFFSET  5.1555 -14.0511 -12.7751
X  0.6228 -0.1916 -0.7586
Y  0.1210  0.9815 -0.1486
Z  0.7730  0.0008  0.6344

PART 59
OFFSET  4.5639 -13.8691 -12.0545
X -0.6641 -0.4697  0.5817
Y -0.2117  0.8644  0.4561
Z -0.7170  0.1797 -0.6734

PART 60
OFFSET  3.5902 -15.7177 -10.4229
X -0.8227  0.2165  0.5257
Y  0.0014 -0.9239  0.3826
Z  0.5685  0.3155  0.7598

PART 61
OFFSET  5.6410 -16.3468 -11.8916
X -0.3170 -0.7998  0.5098
Y  0.5037 -0.5974 -0.6240
Z  0.8036  0.0589  0.5922

PART 62
OFFSET  6.1807 -14.9852 -12.7596
X  0.3974 -0.7947 -0.4588
Y  0.4658  0.6054 -0.6454
Z  0.7906  0.0428  0.6108

PART 63
OFFSET  5.6300 -13.8837 -12.1238
X  0.6139  0.0152 -0.7892
Y -0.0468  0.9988 -0.0171
Z  0.7880  0.0474  0.6139

PART 64
OFFSET  4.9642 -13.9002 -11.2678
X -0.4375 -0.5807  0.6866
Y -0.4240  0.8066  0.4120
Z -0.7930 -0.1109 -0.5991

PART 65
OFFSET -0.9567 -14.2819 -7.8692
X -0.8570  0.0960  0.5064
Y -0.1251  0.9144 -0.3851
Z -0.5000 -0.3933 -0.7716

PART 66
OFFSET  6.5319 -16.4880 -9.8760
X -0.7934  0.4571  0.4019
Y -0.2895 -0.8643  0.4114
Z  0.5354  0.2101  0.8180

PART 67
OFFSET  7.9289 -17.2927 -10.5837
X -0.8272  0.0596  0.5587
Y  0.0949 -0.9653  0.2434
Z  0.5539  0.2543  0.7928

PART 68
OFFSET  8.9681 -17.3497 -11.2148
X -0.7834 -0.2908  0.5492
Y  0.3736 -0.9266  0.0422
Z  0.4966  0.2382  0.8346

PART 69
OFFSET  9.8530 -17.0212 -11.8351
X  0.0575  0.9982  0.0179
Y  0.7855 -0.0342 -0.6179
Z -0.6162  0.0496 -0.7860

PART 70
OFFSET  6.1052 -16.6984 -10.8730
X -0.4130 -0.6980  0.5850
Y  0.5950 -0.6931 -0.4068
Z  0.6895  0.1801  0.7016

PART 71
OFFSET  6.9121 -15.3349 -12.0159
X  0.4156 -0.8908 -0.1837
Y  0.5618  0.4102 -0.7184
Z  0.7153  0.1954  0.6709

PART 72
OFFSET  6.3050 -14.0338 -11.7477
X  0.6703 -0.0915 -0.7364
Y -0.1187  0.9664 -0.2280
Z  0.7325  0.2402  0.6369

PART 73
OFFSET  5.5406 -13.9312 -10.9182
X -0.4850 -0.5625  0.6696
Y -0.4662  0.8141  0.3462
Z -0.7399 -0.1443 -0.6571

PART 74
OFFSET  1.5553 -13.5801 -9.4388
X -0.8946  0.3866 -0.2244
Y  0.3910  0.9200  0.0262
Z  0.2165 -0.0643 -0.9742

PART 75
OFFSET  1.4538 -14.2087 -8.4237
X -0.8946  0.3866 -0.2244
Y  0.3910  0.9200  0.0262
Z  0.2165 -0.0643 -0.9742

PART 76
OFFSET  1.0708 -15.4829 -8.6261
X -0.8946  0.3866 -0.2244
Y  0.3910  0.9200  0.0262
Z  0.2165 -0.0643 -0.9742

PART 77
OFFSET  0.0000 -0.0000 -0.0000
X  1.0000 -0.0000  0.0000
Y  0.0000  1.0000  0.0000
Z  0.0000 -0.0000  1.0000

PART 78
OFFSET -0.0000 -0.0000 -0.0000
X  1.0000  0.0021 -0.0013
Y -0.0021  1.0000  0.0002
Z  0.0013 -0.0002  1.0000

PART 79
OFFSET  1.5458  0.0023  4.1338
X  1.0000  0.0021 -0.0013
Y -0.0021  1.0000  0.0002
Z  0.0013 -0.0002  1.0000


FRAME 453
PART 0
OFFSET  0.0000 -0.0000 -0.0000
X  1.0000 -0.0000  0.0000
Y  0.0000  1.0000  0.0000
Z  0.0000 -0.0000  1.0000

PART 1
OFFSET -4.6318 -0.0000 -1.3770
X  1.0000 -0.0000  0.0000
Y  0.0000  1.0000  0.0000
Z  0.0000 -0.0000  1.0000

PART 2
OFFSET -3.5554  5.6864 -3.1869
X  0.0663  0.6175 -0.7838
Y  0.1701 -0.7810 -0.6009
Z -0.9832 -0.0935 -0.1569

PART 3
OFFSET -2.7532  13.1539 -12.6661
X  0.9348 -0.2828 -0.2147
Y -0.0143 -0.6342  0.7730
Z -0.3548 -0.7196 -0.5969

PART 4
OFFSET  5.1980  10.7483 -14.4923
X  0.9348 -0.2828 -0.2147
Y -0.2650 -0.9581  0.1084
Z -0.2364 -0.0444 -0.9706

PART 5
OFFSET  7.2547  11.9038 -14.3910
X  0.9359 -0.2771 -0.2177
Y  0.3523  0.7294  0.5863
Z -0.0037 -0.6254  0.7803

PART 6
OFFSET  5.9049  10.7322 -16.1166
X  0.9359 -0.2771 -0.2177
Y  0.3523  0.7294  0.5863
Z -0.0037 -0.6254  0.7803

PART 7
OFFSET  7.2523  9.8300 -13.2890
X  0.9359 -0.2771 -0.2177
Y  0.3523  0.7294  0.5863
Z -0.0037 -0.6254  0.7803

PART 8
OFFSET  6.6861  8.7680 -13.8915
X  0.9359 -0.2771 -0.2177
Y  0.3523  0.7294  0.5863
Z -0.0037 -0.6254  0.7803

PART 9
OFFSET  6.1256  9.0488 -14.9127
X  0.9359 -0.2771 -0.2177
Y  0.3523  0.7294  0.5863
Z -0.0037 -0.6254  0.7803

PART 10
OFFSET  8.0638  9.8813 -15.1506
X  0.8052 -0.4714  0.3598
Y -0.5238 -0.8498  0.0591
Z  0.2779 -0.2361 -0.9312

PART 11
OFFSET  8.0346  8.7523 -15.3140
X  0.5510 -0.8334  0.0421
Y -0.8225 -0.5339  0.1958
Z -0.1407 -0.1425 -0.9797

PART 12
OFFSET  9.1338  6.8926 -15.2581
X  0.6966 -0.6849  0.2135
Y -0.7052 -0.7085  0.0280
Z  0.1321 -0.1701 -0.9765

PART 13
OFFSET  10.3153  5.8101 -15.0244
X  0.4893 -0.8667  0.0970
Y -0.8720 -0.4846  0.0694
Z -0.0132 -0.1186 -0.9929

PART 14
OFFSET  10.8290  4.8592 -14.9637
X  0.1900 -0.6635  0.7237
Y -0.0116  0.7356  0.6774
Z -0.9817 -0.1371  0.1320

PART 15
OFFSET  9.3623  10.3446 -15.0976
X  0.9768  0.0691  0.2027
Y  0.2123 -0.1863 -0.9593
Z -0.0285  0.9801 -0.1966

PART 16
OFFSET  11.5872  10.3342 -14.7311
X  0.0986 -0.4987 -0.8612
Y -0.9804 -0.1971  0.0019
Z -0.1706  0.8441 -0.5083

PART 17
OFFSET  11.7267  9.6282 -15.9503
X -0.3463 -0.5618 -0.7513
Y -0.9274  0.0844  0.3645
Z -0.1414  0.8230 -0.5502

PART 18
OFFSET  11.4196  9.1301 -16.6164
X -0.1851 -0.5511 -0.8137
Y -0.9622 -0.0667  0.2641
Z -0.1998  0.8318 -0.5179

PART 19
OFFSET  11.2438  8.6065 -17.3894
X  0.7745  0.3431  0.5315
Y -0.6325  0.4094  0.6575
Z  0.0080 -0.8454  0.5341

PART 20
OFFSET  9.1525  9.7092 -14.8491
X  0.9288 -0.1890  0.3187
Y  0.2841 -0.1888 -0.9400
Z  0.2379  0.9636 -0.1217

PART 21
OFFSET  11.6014  9.3493 -14.0543
X  0.4860 -0.3517 -0.8001
Y -0.8623 -0.3421 -0.3734
Z -0.1423  0.8714 -0.4695

PART 22
OFFSET  12.4288  8.7505 -15.4165
X -0.2569 -0.5016 -0.8261
Y -0.9587  0.0245  0.2832
Z -0.1218  0.8647 -0.4872

PART 23
OFFSET  12.0728  8.0553 -16.5613
X -0.3149 -0.4938 -0.8106
Y -0.9415  0.0545  0.3325
Z -0.1200  0.8679 -0.4821

PART 24
OFFSET  11.7313  7.5198 -17.4404
X  0.7899  0.4161  0.4505
Y -0.5849  0.2904  0.7574
Z  0.1844 -0.8617  0.4727

PART 25
OFFSET  9.8633  6.9525 -14.4467
X  0.9362 -0.3448  0.0682
Y -0.0522  0.0555  0.9971
Z -0.3476 -0.9370  0.0340

PART 26
OFFSET  10.7030  7.4915 -13.3580
X  0.9238 -0.3809 -0.0380
Y -0.0670 -0.0630 -0.9958
Z  0.3769  0.9225 -0.0837

PART 27
OFFSET  12.3296  6.8208 -13.4249
X  0.7297 -0.3084 -0.6103
Y -0.5718  0.2142 -0.7919
Z  0.3749  0.9268 -0.0201

PART 28
OFFSET  13.1938  6.3896 -14.1657
X  0.1388 -0.1793 -0.9740
Y -0.8552  0.4743 -0.2092
Z  0.4994  0.8619 -0.0875

PART 29
OFFSET  13.3506  6.1871 -15.2658
X  0.8673 -0.1273  0.4813
Y -0.4537  0.1959  0.8694
Z -0.2050 -0.9723  0.1122

PART 30
OFFSET  11.2353  8.4212 -13.6275
X  0.7445 -0.3931 -0.5397
Y -0.6417 -0.1981 -0.7409
Z  0.1843  0.8979 -0.3998

PART 31
OFFSET  12.6896  7.6534 -14.6818
X -0.0310 -0.3910 -0.9199
Y -0.9892  0.1437 -0.0278
Z  0.1430  0.9091 -0.3913

PART 32
OFFSET  12.6444  7.0822 -16.0254
X -0.3833 -0.3076 -0.8709
Y -0.9190  0.2216  0.3262
Z  0.0926  0.9254 -0.3676

PART 33
OFFSET  12.2115  6.7402 -17.0145
X  0.8750  0.0352  0.4829
Y -0.4483  0.4355  0.7806
Z -0.1828 -0.8995  0.3969

PART 34
OFFSET  10.9527  8.7016 -15.6259
X  0.2038  0.9618 -0.1830
Y -0.2779  0.2361  0.9312
Z  0.9388 -0.1389  0.3154

PART 35
OFFSET  6.8371  11.6684 -15.0734
X  0.9359 -0.2771 -0.2177
Y  0.3523  0.7294  0.5863
Z -0.0037 -0.6254  0.7803

PART 36
OFFSET  5.9049  10.7322 -16.1166
X  0.9359 -0.2771 -0.2177
Y  0.3523  0.7294  0.5863
Z -0.0037 -0.6254  0.7803

PART 37
OFFSET  7.2523  9.8300 -13.2890
X  0.9359 -0.2771 -0.2177
Y  0.3523  0.7294  0.5863
Z -0.0037 -0.6254  0.7803

PART 38
OFFSET  6.6861  8.7680 -13.8915
X  0.9359 -0.2771 -0.2177
Y  0.3523  0.7294  0.5863
Z -0.0037 -0.6254  0.7803

PART 39
OFFSET  6.1256  9.0488 -14.9127
X  0.9359 -0.2771 -0.2177
Y  0.3523  0.7294  0.5863
Z -0.0037 -0.6254  0.7803

PART 40
OFFSET  8.4762 -15.0355 -9.8902
X  0.7743 -0.4466 -0.4483
Y  0.3414  0.8913 -0.2983
Z  0.5328  0.0780  0.8426

PART 41
OFFSET  8.4762 -15.0355 -9.8902
X  0.7743 -0.4466 -0.4483
Y  0.3414  0.8913 -0.2983
Z  0.5328  0.0780  0.8426

PART 42
OFFSET  11.8914 -16.8813 -11.5475
X  0.7743 -0.4466 -0.4483
Y  0.3414  0.8913 -0.2983
Z  0.5328  0.0780  0.8426

PART 43
OFFSET  14.4158 -18.5684 -10.8442
X  0.7743 -0.4466 -0.4483
Y  0.3414  0.8913 -0.2983
Z  0.5328  0.0780  0.8426

PART 44
OFFSET -14.8115 -7.9373 -3.1869
X -0.5923  0.2290  0.7725
Y -0.6752 -0.6642 -0.3209
Z  0.4396 -0.7117  0.5480

PART 45
OFFSET -7.6480 -10.7065 -12.5292
X -0.8980  0.3421 -0.2766
Y  0.2573 -0.1017 -0.9610
Z -0.3569 -0.9342  0.0033

PART 46
OFFSET -0.0100 -13.6160 -10.1763
X -0.8980  0.3421 -0.2766
Y  0.1045 -0.4449 -0.8894
Z -0.4274 -0.8277  0.3638

PART 47
OFFSET  1.4997 -12.9635 -9.0715
X -0.8986  0.3452 -0.2709
Y  0.3557  0.9345  0.0113
Z  0.2571 -0.0862 -0.9625

PART 48
OFFSET  1.3813 -13.5639 -8.0413
X -0.8986  0.3452 -0.2709
Y  0.3557  0.9345  0.0113
Z  0.2571 -0.0862 -0.9625

PART 49
OFFSET  1.0536 -14.8572 -8.2166
X -0.8986  0.3452 -0.2709
Y  0.3557  0.9345  0.0113
Z  0.2571 -0.0862 -0.9625

PART 50
OFFSET  2.7431 -14.6647 -9.3282
X -0.9272  0.2795  0.2494
Y -0.3418 -0.3589 -0.8686
Z -0.1532 -0.8906  0.4283

PART 51
OFFSET  3.5529 -14.0785 -8.7780
X -0.9033 -0.4267 -0.0444
Y  0.1039 -0.1172 -0.9877
Z  0.4162 -0.8968  0.1502

PART 52
OFFSET  5.4687 -13.0961 -8.5920
X -0.6714  0.1065  0.7334
Y -0.6891 -0.4538 -0.5650
Z  0.2726 -0.8847  0.3781

PART 53
OFFSET  6.4809 -13.1960 -9.8520
X  0.0280  0.2656  0.9637
Y -0.9492 -0.2953  0.1090
Z  0.3135 -0.9177  0.2438

PART 54
OFFSET  6.4524 -13.4362 -10.9071
X -0.3763  0.7247  0.5772
Y  0.0298  0.6321 -0.7743
Z -0.9260 -0.2742 -0.2594

PART 55
OFFSET  3.1927 -15.1056 -10.5557
X -0.7000  0.1751  0.6924
Y  0.0590 -0.9520  0.3004
Z  0.7117  0.2512  0.6560

PART 56
OFFSET  4.8619 -15.3457 -12.0526
X -0.3424 -0.8455  0.4098
Y  0.5270 -0.5339 -0.6612
Z  0.7778 -0.0104  0.6284

PART 57
OFFSET  5.3467 -14.1487 -12.6328
X  0.2563 -0.9040 -0.3422
Y  0.6141  0.4257 -0.6646
Z  0.7465 -0.0399  0.6642

PART 58
OFFSET  5.1195 -13.3472 -12.3294
X  0.6110 -0.1783 -0.7713
Y  0.1133  0.9840 -0.1378
Z  0.7835 -0.0032  0.6214

PART 59
OFFSET  4.5390 -13.1777 -11.5967
X -0.6518 -0.4808  0.5865
Y -0.2087  0.8572  0.4708
Z -0.7291  0.1845 -0.6590

PART 60
OFFSET  3.6024 -15.0529 -9.9735
X -0.8150  0.2051  0.5420
Y  0.0126 -0.9288  0.3704
Z  0.5794  0.3087  0.7543

PART 61
OFFSET  5.6317 -15.6515 -11.4842
X -0.3042 -0.8081  0.5045
Y  0.4963 -0.5865 -0.6401
Z  0.8131  0.0556  0.5795

PART 62
OFFSET  6.1497 -14.2757 -12.3430
X  0.3938 -0.7865 -0.4757
Y  0.4518  0.6163 -0.6450
Z  0.8005  0.0392  0.5980

PART 63
OFFSET  5.6039 -13.1857 -11.6838
X  0.6006  0.0289 -0.7991
Y -0.0523  0.9986 -0.0032
Z  0.7979  0.0437  0.6012

PART 64
OFFSET  4.9525 -13.2170 -10.8172
X -0.4229 -0.5920  0.6861
Y -0.4213  0.7988  0.4295
Z -0.8023 -0.1074 -0.5872

PART 65
OFFSET -0.9090 -13.6754 -7.3263
X -0.8489  0.0847  0.5217
Y -0.1363  0.9186 -0.3710
Z -0.5107 -0.3860 -0.7683

PART 66
OFFSET  6.5568 -15.8140 -9.4855
X -0.7889  0.4478  0.4209
Y -0.2783 -0.8710  0.4050
Z  0.5479  0.2024  0.8117

PART 67
OFFSET  7.9458 -16.6024 -10.2266
X -0.8180  0.0474  0.5732
Y  0.1043 -0.9679  0.2289
Z  0.5657  0.2470  0.7868

PART 68
OFFSET  8.9746 -16.6451 -10.8757
X -0.7723 -0.3031  0.5583
Y  0.3798 -0.9248  0.0233
Z  0.5093  0.2300  0.8293

PART 69
OFFSET  9.8469 -16.3027 -11.5063
X  0.0518  0.9982  0.0305
Y  0.7751 -0.0209 -0.6315
Z -0.6297  0.0563 -0.7748

PART 70
OFFSET  6.1146 -16.0138 -10.4780
X -0.3995 -0.7078  0.5826
Y  0.5918 -0.6845 -0.4257
Z  0.7001  0.1747  0.6923

PART 71
OFFSET  6.8952 -14.6312 -11.6162
X  0.4171 -0.8861 -0.2022
Y  0.5476  0.4225 -0.7222
Z  0.7254  0.1906  0.6615

PART 72
OFFSET  6.2859 -13.3369 -11.3210
X  0.6584 -0.0782 -0.7486
Y -0.1275  0.9686 -0.2133
Z  0.7418  0.2359  0.6278

PART 73
OFFSET  5.5349 -13.2494 -10.4777
X -0.4708 -0.5738  0.6702
Y -0.4646  0.8070  0.3645
Z -0.7500 -0.1398 -0.6465

PART 74
OFFSET  1.4997 -12.9634 -9.0714
X -0.8986  0.3452 -0.2709
Y  0.3557  0.9345  0.0113
