// Export filename: `C:\projects\cod\t5\xanim_export\t5_viewmodels\ak74u\ak74u_grenadier_d2p_out.XANIM_EXPORT`
// Source filename: `D:\projects\devanim\t5\animation_assets\viewmodels\ak74u/t5_viewmodel_ak74u_animated2.fbx`
// Export time: Sat Aug 28 02:55:54 2010

ANIMATION
VERSION 3

NUMPARTS 80
PART 0 "tag_ads"
PART 1 "tag_torso"
PART 2 "J_Shoulder_LE"
PART 3 "J_Elbow_LE"
PART 4 "J_WristTwist_LE"
PART 5 "J_Sleave_Reshape_Bottom_LE_1"
PART 6 "J_Sleave_Reshape_Bottom_LE_2"
PART 7 "J_Sleave_Reshape_Top_LE_1"
PART 8 "J_Sleave_Reshape_Top_LE_2"
PART 9 "J_Sleave_Reshape_Top_LE_3"
PART 10 "J_Wrist_LE"
PART 11 "J_Thumb_LE_0"
PART 12 "J_Thumb_LE_1"
PART 13 "J_Thumb_LE_2"
PART 14 "J_Thumb_LE_3"
PART 15 "J_PinkyPalm_LE"
PART 16 "J_Pinky_LE_0"
PART 17 "J_Pinky_LE_1"
PART 18 "J_Pinky_LE_2"
PART 19 "J_Pinky_LE_3"
PART 20 "J_RingPalm_LE"
PART 21 "J_Ring_LE_0"
PART 22 "J_Ring_LE_1"
PART 23 "J_Ring_LE_2"
PART 24 "J_Ring_LE_3"
PART 25 "J_Webbing_LE"
PART 26 "J_Index_LE_0"
PART 27 "J_Index_LE_1"
PART 28 "J_Index_LE_2"
PART 29 "J_Index_LE_3"
PART 30 "J_Mid_LE_0"
PART 31 "J_Mid_LE_1"
PART 32 "J_Mid_LE_2"
PART 33 "J_Mid_LE_3"
PART 34 "tag_knife_attach"
PART 35 "D_Sleave_Reshape_Bottom_LE_1"
PART 36 "D_Sleave_Reshape_Bottom_LE_2"
PART 37 "D_Sleave_Reshape_Top_LE_1"
PART 38 "D_Sleave_Reshape_Top_LE_2"
PART 39 "D_Sleave_Reshape_Top_LE_3"
PART 40 "tag_weapon"
PART 41 "J_Gun"
PART 42 "TAG_CLIP"
PART 43 "J_Bolt"
PART 44 "J_Shoulder_RI"
PART 45 "J_Elbow_RI"
PART 46 "J_WristTwist_RI"
PART 47 "J_Sleave_Reshape_Top_RI_3"
PART 48 "J_Sleave_Reshape_Top_RI_2"
PART 49 "J_Sleave_Reshape_Top_RI_1"
PART 50 "J_Wrist_RI"
PART 51 "J_Thumb_RI_0"
PART 52 "J_Thumb_RI_1"
PART 53 "J_Thumb_RI_2"
PART 54 "J_Thumb_RI_3"
PART 55 "J_PinkyPalm_RI"
PART 56 "J_Pinky_RI_0"
PART 57 "J_Pinky_RI_1"
PART 58 "J_Pinky_RI_2"
PART 59 "J_Pinky_RI_3"
PART 60 "J_RingPalm_RI"
PART 61 "J_Ring_RI_0"
PART 62 "J_Ring_RI_1"
PART 63 "J_Ring_RI_2"
PART 64 "J_Ring_RI_3"
PART 65 "J_Webbing_RI"
PART 66 "J_Index_RI_0"
PART 67 "J_Index_RI_1"
PART 68 "J_Index_RI_2"
PART 69 "J_Index_RI_3"
PART 70 "J_Mid_RI_0"
PART 71 "J_Mid_RI_1"
PART 72 "J_Mid_RI_2"
PART 73 "J_Mid_RI_3"
PART 74 "D_Sleave_Reshape_Top_RI_3"
PART 75 "D_Sleave_Reshape_Top_RI_2"
PART 76 "D_Sleave_Reshape_Top_RI_1"
PART 77 "tag_cambone"
PART 78 "tag_camera"
PART 79 "tag_gasmask"

FRAMERATE 30
NUMFRAMES 11

FRAME 1925
PART 0
OFFSET  0.0000 -0.0000 -0.0000
X  1.0000 -0.0000  0.0000
Y  0.0000  1.0000  0.0000
Z  0.0000 -0.0000  1.0000

PART 1
OFFSET -4.6318 -0.0000 -1.3770
X  1.0000 -0.0000  0.0000
Y  0.0000  1.0000  0.0000
Z  0.0000 -0.0000  1.0000

PART 2
OFFSET -0.5981  7.9556 -8.9029
X  0.8152 -0.1666 -0.5547
Y -0.1370 -0.9860  0.0948
Z -0.5628 -0.0013 -0.8266

PART 3
OFFSET  9.2607  5.9406 -15.6117
X  0.8278 -0.4980  0.2582
Y -0.3884 -0.1768  0.9044
Z -0.4047 -0.8490 -0.3398

PART 4
OFFSET  16.3018  1.7049 -13.4155
X  0.8278 -0.4980  0.2582
Y -0.3984 -0.1980  0.8956
Z -0.3949 -0.8443 -0.3623

PART 5
OFFSET  18.5269  2.4186 -13.0764
X  0.8313 -0.4946  0.2537
Y  0.4079  0.8528  0.3260
Z -0.3777 -0.1675  0.9107

PART 6
OFFSET  17.3335  0.8018 -14.5372
X  0.8313 -0.4946  0.2537
Y  0.4079  0.8528  0.3260
Z -0.3777 -0.1675  0.9107

PART 7
OFFSET  17.6348  1.1532 -11.3107
X  0.8313 -0.4946  0.2537
Y  0.4079  0.8528  0.3260
Z -0.3777 -0.1675  0.9107

PART 8
OFFSET  16.9324  0.0399 -11.5913
X  0.8313 -0.4946  0.2537
Y  0.4079  0.8528  0.3260
Z -0.3777 -0.1675  0.9107

PART 9
OFFSET  16.7417 -0.1139 -12.7642
X  0.8313 -0.4946  0.2537
Y  0.4079  0.8528  0.3260
Z -0.3777 -0.1675  0.9107

PART 10
OFFSET  18.8397  0.1782 -12.6239
X  0.6909 -0.5008  0.5214
Y -0.6168 -0.0323  0.7864
Z -0.3770 -0.8650 -0.3312

PART 11
OFFSET  18.4004 -0.4334 -11.7664
X -0.2972 -0.8387  0.4564
Y -0.6912  0.5187  0.5032
Z -0.6587 -0.1659 -0.7339

PART 12
OFFSET  17.6534 -2.2007 -10.7722
X  0.6382 -0.7679 -0.0544
Y -0.6065 -0.5451  0.5788
Z -0.4741 -0.3364 -0.8137

PART 13
OFFSET  18.6668 -3.4456 -10.9857
X  0.7897  0.0061 -0.6135
Y  0.1690 -0.9635  0.2079
Z -0.5898 -0.2678 -0.7619

PART 14
OFFSET  19.4966 -3.4676 -11.6805
X  0.9966 -0.0220  0.0794
Y -0.0586  0.4882  0.8708
Z -0.0579 -0.8724  0.4853

PART 15
OFFSET  20.0086 -0.3859 -13.0917
X  0.9024 -0.4293 -0.0357
Y -0.4088 -0.8271 -0.3857
Z  0.1361  0.3627 -0.9219

PART 16
OFFSET  21.9663 -1.5047 -13.0849
X -0.5078 -0.8614 -0.0083
Y -0.8526  0.5039 -0.1388
Z  0.1237 -0.0634 -0.9903

PART 17
OFFSET  21.2474 -2.7244 -13.0966
X -0.9739  0.2238 -0.0381
Y  0.2269  0.9650 -0.1317
Z  0.0073 -0.1369 -0.9906

PART 18
OFFSET  20.3840 -2.5259 -13.1304
X -0.9881  0.1478 -0.0419
Y  0.1504  0.9862 -0.0687
Z  0.0312 -0.0742 -0.9968

PART 19
OFFSET  19.4452 -2.3855 -13.1702
X  0.6569 -0.7214  0.2194
Y  0.7533  0.6401 -0.1509
Z -0.0316  0.2644  0.9639

PART 20
OFFSET  19.8033 -0.3967 -12.4081
X  0.8447 -0.4719  0.2526
Y -0.3637 -0.8523 -0.3760
Z  0.3928  0.2258 -0.8915

PART 21
OFFSET  22.0619 -1.5691 -11.8765
X -0.3651 -0.9108 -0.1926
Y -0.9047  0.3959 -0.1575
Z  0.2197  0.1167 -0.9686

PART 22
OFFSET  21.4404 -3.1198 -12.2044
X -0.9615  0.1913 -0.1972
Y  0.1684  0.9775  0.1272
Z  0.2171  0.0891 -0.9721

PART 23
OFFSET  20.1078 -2.8547 -12.4777
X -0.9141  0.3648 -0.1771
Y  0.3387  0.9270  0.1614
Z  0.2230  0.0875 -0.9709

PART 24
OFFSET  19.1164 -2.4591 -12.6698
X  0.5664 -0.8241  0.0052
Y  0.7914  0.5457  0.2753
Z -0.2297 -0.1518  0.9614

PART 25
OFFSET  19.7881 -1.8806 -9.9455
X  0.6645 -0.7055  0.2463
Y  0.5371  0.6802  0.4989
Z -0.5195 -0.1992  0.8309

PART 26
OFFSET  21.2067 -1.4762 -9.8761
X -0.0807 -0.9385 -0.3356
Y -0.9426  0.1813 -0.2804
Z  0.3240  0.2938 -0.8993

PART 27
OFFSET  21.0647 -3.1286 -10.4670
X -0.9146  0.0239 -0.4037
Y -0.0794  0.9682  0.2372
Z  0.3965  0.2490 -0.8836

PART 28
OFFSET  19.9287 -3.1147 -10.9042
X -0.9459  0.2604 -0.1934
Y  0.2050  0.9420  0.2659
Z  0.2514  0.2119 -0.9444

PART 29
OFFSET  18.8603 -2.8206 -11.1226
X  0.1936 -0.8755 -0.4427
Y  0.9214  0.0073  0.3885
Z -0.3369 -0.4831  0.8081

PART 30
OFFSET  21.7346 -1.5429 -10.8443
X -0.4015 -0.8579 -0.3206
Y -0.8588  0.4743 -0.1938
Z  0.3183  0.1975 -0.9272

PART 31
OFFSET  20.9503 -3.2189 -11.4706
X -0.9425  0.1737 -0.2853
Y  0.0909  0.9553  0.2813
Z  0.3215  0.2392 -0.9162

PART 32
OFFSET  19.5736 -2.9651 -11.8874
X -0.8400  0.5167 -0.1656
Y  0.4139  0.8076  0.4200
Z  0.3507  0.2843 -0.8923

PART 33
OFFSET  18.6244 -2.3785 -12.0815
X  0.3573 -0.9302 -0.0843
Y  0.8813  0.3059  0.3603
Z -0.3093 -0.2030  0.9290

PART 34
OFFSET  20.4708 -2.4803 -12.1389
X  0.3313  0.2080 -0.9203
Y  0.3770  0.8650  0.3312
Z  0.8649 -0.4567  0.2081

PART 35
OFFSET  18.2313  1.9573 -13.7052
X  0.8313 -0.4946  0.2537
Y  0.4079  0.8528  0.3260
Z -0.3777 -0.1675  0.9107

PART 36
OFFSET  17.3335  0.8018 -14.5372
X  0.8313 -0.4946  0.2537
Y  0.4079  0.8528  0.3260
Z -0.3777 -0.1675  0.9107

PART 37
OFFSET  17.6348  1.1532 -11.3107
X  0.8313 -0.4946  0.2537
Y  0.4079  0.8528  0.3260
Z -0.3777 -0.1675  0.9107

PART 38
OFFSET  16.9324  0.0399 -11.5913
X  0.8313 -0.4946  0.2537
Y  0.4079  0.8528  0.3260
Z -0.3777 -0.1675  0.9107

PART 39
OFFSET  16.7417 -0.1139 -12.7642
X  0.8313 -0.4946  0.2537
Y  0.4079  0.8528  0.3260
Z -0.3777 -0.1675  0.9107

PART 40
OFFSET  7.7916 -2.2763 -5.9335
X  0.9915 -0.0606 -0.1148
Y  0.0830  0.9759  0.2020
Z  0.0998 -0.2098  0.9726

PART 41
OFFSET  7.7916 -2.2763 -5.9335
X  0.9915 -0.0606 -0.1148
Y  0.0830  0.9759  0.2020
Z  0.0998 -0.2098  0.9726

PART 42
OFFSET  11.9969 -2.5753 -6.1424
X  0.9915 -0.0606 -0.1148
Y  0.0830  0.9759  0.2020
Z  0.0998 -0.2098  0.9726

PART 43
OFFSET  14.4790 -3.9305 -4.8323
X  0.9915 -0.0606 -0.1148
Y  0.0830  0.9759  0.2020
Z  0.0998 -0.2098  0.9726

PART 44
OFFSET -11.8576 -7.9373 -3.1869
X -0.4532 -0.0147  0.8913
Y -0.1059 -0.9919 -0.0703
Z  0.8851 -0.1263  0.4480

PART 45
OFFSET -6.3763 -7.7591 -13.9659
X -0.7734 -0.3942 -0.4965
Y  0.5218  0.0489 -0.8516
Z  0.3600 -0.9177  0.1679

PART 46
OFFSET  0.2014 -4.4061 -9.7429
X -0.7734 -0.3942 -0.4965
Y  0.5513 -0.0314 -0.8337
Z  0.3131 -0.9185  0.2416

PART 47
OFFSET  0.5156 -2.8248 -8.5912
X -0.7774 -0.3920 -0.4919
Y -0.3653  0.9180 -0.1542
Z  0.5120  0.0598 -0.8569

PART 48
OFFSET  0.5303 -3.2769 -7.4816
X -0.7774 -0.3920 -0.4919
Y -0.3653  0.9180 -0.1542
Z  0.5120  0.0598 -0.8569

PART 49
OFFSET  1.1967 -4.4427 -7.3934
X -0.7774 -0.3920 -0.4919
Y -0.3653  0.9180 -0.1542
Z  0.5120  0.0598 -0.8569

PART 50
OFFSET  2.5723 -3.1975 -8.2207
X -0.9844 -0.0256 -0.1740
Y  0.1739  0.0072 -0.9847
Z  0.0264 -0.9996 -0.0026

PART 51
OFFSET  2.8364 -2.7825 -7.1911
X -0.6045 -0.5185 -0.6047
Y  0.5115  0.3293 -0.7937
Z  0.6107 -0.7891  0.0661

PART 52
OFFSET  4.0560 -1.6526 -5.8106
X -0.8990 -0.3381  0.2785
Y -0.1875 -0.2775 -0.9423
Z  0.3959 -0.8993  0.1860

PART 53
OFFSET  5.4517 -1.0227 -6.3372
X -0.4465 -0.1659  0.8793
Y -0.7445 -0.4761 -0.4680
Z  0.4963 -0.8636  0.0890

PART 54
OFFSET  5.9245 -0.7956 -7.2841
X -0.8018  0.3341  0.4954
Y  0.1037  0.8943 -0.4353
Z -0.5885 -0.2977 -0.7517

PART 55
OFFSET  3.5861 -2.9662 -9.1274
X -0.9252 -0.2573  0.2788
Y  0.2630 -0.9646 -0.0175
Z  0.2735  0.0572  0.9602

PART 56
OFFSET  5.6725 -2.2614 -9.6119
X -0.1811 -0.9759 -0.1220
Y  0.8992 -0.1140 -0.4224
Z  0.3983 -0.1862  0.8982

PART 57
OFFSET  5.9289 -0.8798 -9.4391
X  0.6917 -0.5796 -0.4308
Y  0.6222  0.7811 -0.0518
Z  0.3665 -0.2322  0.9010

PART 58
OFFSET  5.3156 -0.3659 -9.0572
X  0.8912  0.3016 -0.3389
Y -0.2121  0.9374  0.2763
Z  0.4010 -0.1743  0.8993

PART 59
OFFSET  4.4689 -0.6524 -8.7352
X -0.6065 -0.7939 -0.0443
Y -0.6829  0.4916  0.5403
Z -0.4072  0.3579 -0.8403

PART 60
OFFSET  3.6908 -3.1050 -8.4351
X -0.9772 -0.1875  0.0997
Y  0.1906 -0.9814  0.0226
Z  0.0936  0.0411  0.9948

PART 61
OFFSET  6.2173 -2.6462 -8.8410
X -0.1943 -0.9809 -0.0037
Y  0.8888 -0.1744 -0.4238
Z  0.4151 -0.0857  0.9057

PART 62
OFFSET  6.5481 -0.9762 -8.8347
X  0.8164 -0.4061 -0.4106
Y  0.4143  0.9072 -0.0734
Z  0.4023 -0.1102  0.9089

PART 63
OFFSET  5.4166 -0.4134 -8.2657
X  0.8304  0.4652 -0.3066
Y -0.3909  0.8786  0.2744
Z  0.3971 -0.1080  0.9114

PART 64
OFFSET  4.5160 -0.9180 -7.9331
X -0.4375 -0.8883  0.1393
Y -0.8129  0.4570  0.3611
Z -0.3845  0.0448 -0.9220

PART 65
OFFSET -1.6577 -3.8458 -8.1137
X -0.9525 -0.3034  0.0260
Y -0.3045  0.9486 -0.0865
Z  0.0016 -0.0903 -0.9959

PART 66
OFFSET  6.2867 -3.4749 -6.8010
X -0.9921 -0.1205  0.0340
Y  0.1167 -0.9882 -0.0988
Z  0.0455 -0.0940  0.9945

PART 67
OFFSET  8.0335 -3.2627 -6.8608
X -0.9875 -0.1531  0.0370
Y  0.1513 -0.9874 -0.0462
Z  0.0436 -0.0400  0.9982

PART 68
OFFSET  9.2367 -3.0791 -6.8452
X -0.9874 -0.1548 -0.0330
Y  0.1567 -0.9854 -0.0663
Z -0.0223 -0.0706  0.9973

PART 69
OFFSET  10.3520 -2.9043 -6.8079
X  0.1737  0.9201  0.3511
Y  0.9827 -0.1390 -0.1220
Z -0.0634  0.3662 -0.9284

PART 70
OFFSET  6.3656 -3.2905 -7.8874
X -0.3171 -0.9471  0.0493
Y  0.9188 -0.3197 -0.2314
Z  0.2349 -0.0281  0.9716

PART 71
OFFSET  6.9851 -1.4403 -7.9836
X  0.7752 -0.5961 -0.2090
Y  0.5743  0.8029 -0.1596
Z  0.2630  0.0037  0.9648

PART 72
OFFSET  5.8528 -0.5696 -7.6783
X  0.8840  0.3783 -0.2747
Y -0.3803  0.9236  0.0485
Z  0.2721  0.0616  0.9603

PART 73
OFFSET  4.8495 -0.9979 -7.3740
X -0.4523 -0.8840  0.1183
Y -0.8373  0.4666  0.2849
Z -0.3071  0.0298 -0.9512

PART 74
OFFSET  0.5155 -2.8248 -8.5912
X -0.7774 -0.3920 -0.4919
Y -0.3653  0.9180 -0.1542
Z  0.5120  0.0598 -0.8569

PART 75
OFFSET  0.5301 -3.2767 -7.4815
X -0.7774 -0.3920 -0.4919
Y -0.3653  0.9180 -0.1542
Z  0.5120  0.0598 -0.8569

PART 76
OFFSET  1.1967 -4.4427 -7.3935
X -0.7774 -0.3920 -0.4919
Y -0.3653  0.9180 -0.1542
Z  0.5120  0.0598 -0.8569

PART 77
OFFSET  0.0000 -0.0000 -0.0000
X  1.0000 -0.0000  0.0000
Y  0.0000  1.0000  0.0000
Z  0.0000 -0.0000  1.0000

PART 78
OFFSET  0.0000 -0.0000 -0.0000
X  0.9986 -0.0000  0.0523
Y  0.0046  0.9962 -0.0870
Z -0.0521  0.0872  0.9948

PART 79
OFFSET  1.3227  0.3605  4.1950
X  0.9986 -0.0000  0.0523
Y  0.0046  0.9962 -0.0870
Z -0.0521  0.0872  0.9948


FRAME 1926
PART 0
OFFSET  0.0000 -0.0000 -0.0000
X  1.0000 -0.0000  0.0000
Y  0.0000  1.0000  0.0000
Z  0.0000 -0.0000  1.0000

PART 1
OFFSET -4.6318 -0.0000 -1.3770
X  1.0000 -0.0000  0.0000
Y  0.0000  1.0000  0.0000
Z  0.0000 -0.0000  1.0000

PART 2
OFFSET -0.4627  7.9603 -9.1240
X  0.8003 -0.1760 -0.5732
Y -0.1441 -0.9844  0.1011
Z -0.5820  0.0016 -0.8132

PART 3
OFFSET  9.2161  5.8316 -16.0559
X  0.8155 -0.5107  0.2721
Y -0.3975 -0.1526  0.9048
Z -0.4206 -0.8461 -0.3275

PART 4
OFFSET  16.1526  1.4875 -13.7414
X  0.8155 -0.5107  0.2721
Y -0.3994 -0.1564  0.9034
Z -0.4188 -0.8454 -0.3315

PART 5
OFFSET  18.3902  2.1600 -13.4007
X  0.8190 -0.5075  0.2676
Y  0.4240  0.8496  0.3137
Z -0.3866 -0.1435  0.9110

PART 6
OFFSET  17.1716  0.5433 -14.8407
X  0.8190 -0.5075  0.2676
Y  0.4240  0.8496  0.3137
Z -0.3866 -0.1435  0.9110

PART 7
OFFSET  17.4610  0.9449 -11.6189
X  0.8190 -0.5075  0.2676
Y  0.4240  0.8496  0.3137
Z -0.3866 -0.1435  0.9110

PART 8
OFFSET  16.7368 -0.1580 -11.8845
X  0.8190 -0.5075  0.2676
Y  0.4240  0.8496  0.3137
Z -0.3866 -0.1435  0.9110

PART 9
OFFSET  16.5499 -0.3284 -13.0557
X  0.8190 -0.5075  0.2676
Y  0.4240  0.8496  0.3137
Z -0.3866 -0.1435  0.9110

PART 10
OFFSET  18.6527 -0.0782 -12.9072
X  0.7077 -0.4711  0.5266
Y -0.5999 -0.0069  0.8000
Z -0.3733 -0.8821 -0.2875

PART 11
OFFSET  18.2389 -0.6590 -12.0163
X -0.2774 -0.8225  0.4965
Y -0.6868  0.5311  0.4961
Z -0.6718 -0.2034 -0.7123

PART 12
OFFSET  17.5343 -2.3922 -10.9349
X  0.6463 -0.7622 -0.0366
Y -0.5877 -0.5277  0.6134
Z -0.4868 -0.3749 -0.7889

PART 13
OFFSET  18.5581 -3.6332 -11.1189
X  0.7766 -0.0102 -0.6299
Y  0.1850 -0.9521  0.2435
Z -0.6022 -0.3056 -0.7375

PART 14
OFFSET  19.3736 -3.6744 -11.8297
X  0.9982 -0.0074  0.0590
Y -0.0464  0.5229  0.8511
Z -0.0371 -0.8523  0.5217

PART 15
OFFSET  19.8185 -0.6478 -13.3763
X  0.9067 -0.4202 -0.0373
Y -0.4066 -0.8469 -0.3428
Z  0.1124  0.3259 -0.9387

PART 16
OFFSET  21.7894 -1.7432 -13.3654
X -0.4973 -0.8668  0.0378
Y -0.8613  0.4880 -0.1411
Z  0.1039 -0.1027 -0.9893

PART 17
OFFSET  21.0853 -2.9703 -13.3119
X -0.9771  0.2110 -0.0265
Y  0.2124  0.9612 -0.1758
Z -0.0116 -0.1774 -0.9841

PART 18
OFFSET  20.2190 -2.7832 -13.3354
X -0.9905  0.1347 -0.0269
Y  0.1369  0.9842 -0.1122
Z  0.0114 -0.1148 -0.9933

PART 19
OFFSET  19.2780 -2.6552 -13.3610
X  0.6700 -0.7043  0.2347
Y  0.7422  0.6418 -0.1929
Z -0.0147  0.3034  0.9527

PART 20
OFFSET  19.6276 -0.6328 -12.6887
X  0.8554 -0.4515  0.2537
Y -0.3610 -0.8711 -0.3330
Z  0.3714  0.1933 -0.9081

PART 21
OFFSET  21.9109 -1.7566 -12.1577
X -0.3579 -0.9221 -0.1473
Y -0.9125  0.3788 -0.1543
Z  0.1981  0.0792 -0.9770

PART 22
OFFSET  21.3016 -3.3265 -12.4086
X -0.9677  0.1721 -0.1843
Y  0.1590  0.9837  0.0835
Z  0.1957  0.0515 -0.9793

PART 23
OFFSET  19.9605 -3.0880 -12.6641
X -0.9220  0.3468 -0.1724
Y  0.3306  0.9366  0.1161
Z  0.2017  0.0500 -0.9782

PART 24
OFFSET  18.9606 -2.7118 -12.8510
X  0.5764 -0.8167  0.0268
Y  0.7903  0.5655  0.2358
Z -0.2078 -0.1147  0.9714

PART 25
OFFSET  19.6816 -2.0141 -10.1676
X  0.6781 -0.6872  0.2608
Y  0.5390  0.7061  0.4591
Z -0.4997 -0.1707  0.8492

PART 26
OFFSET  21.0964 -1.5912 -10.1450
X -0.0762 -0.9524 -0.2952
Y -0.9504  0.1589 -0.2674
Z  0.3016  0.2601 -0.9173

PART 27
OFFSET  20.9622 -3.2680 -10.6647
X -0.9230 -0.0031 -0.3848
Y -0.0863  0.9762  0.1990
Z  0.3750  0.2169 -0.9013

PART 28
OFFSET  19.8174 -3.2850 -11.0778
X -0.9529  0.2415 -0.1837
Y  0.1989  0.9544  0.2227
Z  0.2291  0.1757 -0.9574

PART 29
OFFSET  18.7411 -3.0123 -11.2853
X  0.1950 -0.8907 -0.4105
Y  0.9291  0.0337  0.3682
Z -0.3141 -0.4533  0.8342

PART 30
OFFSET  21.6048 -1.6917 -11.1207
X -0.3976 -0.8749 -0.2766
Y -0.8683  0.4562 -0.1947
Z  0.2965  0.1628 -0.9410

PART 31
OFFSET  20.8281 -3.4008 -11.6611
X -0.9503  0.1512 -0.2721
Y  0.0851  0.9670  0.2400
Z  0.2994  0.2050 -0.9319

PART 32
OFFSET  19.4400 -3.1800 -12.0585
X -0.8495  0.4999 -0.1687
Y  0.4127  0.8289  0.3777
Z  0.3286  0.2513 -0.9104

PART 33
OFFSET  18.4799 -2.6127 -12.2562
X  0.3668 -0.9287 -0.0537
Y  0.8848  0.3304  0.3286
Z -0.2875 -0.1681  0.9429

PART 34
OFFSET  20.3258 -2.6959 -12.3487
X  0.3095  0.1737 -0.9349
Y  0.3733  0.8821  0.2875
Z  0.8746 -0.4379  0.2082

PART 35
OFFSET  18.0887  1.6940 -14.0232
X  0.8190 -0.5075  0.2676
Y  0.4240  0.8496  0.3137
Z -0.3866 -0.1435  0.9110

PART 36
OFFSET  17.1716  0.5433 -14.8407
X  0.8190 -0.5075  0.2676
Y  0.4240  0.8496  0.3137
Z -0.3866 -0.1435  0.9110

PART 37
OFFSET  17.4610  0.9449 -11.6189
X  0.8190 -0.5075  0.2676
Y  0.4240  0.8496  0.3137
Z -0.3866 -0.1435  0.9110

PART 38
OFFSET  16.7368 -0.1580 -11.8845
X  0.8190 -0.5075  0.2676
Y  0.4240  0.8496  0.3137
Z -0.3866 -0.1435  0.9110

PART 39
OFFSET  16.5499 -0.3284 -13.0557
X  0.8190 -0.5075  0.2676
Y  0.4240  0.8496  0.3137
Z -0.3866 -0.1435  0.9110

PART 40
OFFSET  7.7735 -2.3864 -5.8934
X  0.9897 -0.0536 -0.1329
Y  0.0748  0.9842  0.1605
Z  0.1222 -0.1688  0.9780

PART 41
OFFSET  7.7735 -2.3864 -5.8934
X  0.9897 -0.0536 -0.1329
Y  0.0748  0.9842  0.1605
Z  0.1222 -0.1688  0.9780

PART 42
OFFSET  11.9770 -2.6445 -6.1778
X  0.9897 -0.0536 -0.1329
Y  0.0748  0.9842  0.1605
Z  0.1222 -0.1688  0.9780

PART 43
OFFSET  14.5023 -3.9159 -4.8661
X  0.9897 -0.0536 -0.1329
Y  0.0748  0.9842  0.1605
Z  0.1222 -0.1688  0.9780

PART 44
OFFSET -12.2106 -7.9373 -3.1869
X -0.4749 -0.0050  0.8800
Y -0.1222 -0.9899 -0.0716
Z  0.8715 -0.1415  0.4695

PART 45
OFFSET -6.4672 -7.8766 -13.8298
X -0.7767 -0.3816 -0.5011
Y  0.5307  0.0319 -0.8469
Z  0.3391 -0.9238  0.1777

PART 46
OFFSET  0.1393 -4.6312 -9.5679
X -0.7767 -0.3816 -0.5011
Y  0.5601 -0.0546 -0.8266
Z  0.2881 -0.9227  0.2561

PART 47
OFFSET  0.4757 -3.0486 -8.4244
X -0.7808 -0.3792 -0.4965
Y -0.3445  0.9243 -0.1641
Z  0.5212  0.0429 -0.8524

PART 48
OFFSET  0.4705 -3.4928 -7.3116
X -0.7808 -0.3792 -0.4965
Y -0.3445  0.9243 -0.1641
Z  0.5212  0.0429 -0.8524

PART 49
OFFSET  1.1115 -4.6716 -7.2089
X -0.7808 -0.3792 -0.4965
Y -0.3445  0.9243 -0.1641
Z  0.5212  0.0429 -0.8524

PART 50
OFFSET  2.5205 -3.4614 -8.0317
X -0.9874 -0.0442 -0.1522
Y  0.1536 -0.0310 -0.9876
Z  0.0389 -0.9985  0.0374

PART 51
OFFSET  2.8005 -3.0017 -7.0255
X -0.6102 -0.5498 -0.5704
Y  0.4910  0.3026 -0.8169
Z  0.6218 -0.7785  0.0853

PART 52
OFFSET  4.0336 -1.8022 -5.7178
X -0.8888 -0.3370  0.3107
Y -0.2032 -0.3179 -0.9261
Z  0.4108 -0.8862  0.2140

PART 53
OFFSET  5.4103 -1.1779 -6.2986
X -0.4263 -0.1352  0.8944
Y -0.7479 -0.5035 -0.4326
Z  0.5088 -0.8534  0.1136

PART 54
OFFSET  5.8607 -0.9841 -7.2636
X -0.7957  0.3446  0.4981
Y  0.0835  0.8769 -0.4733
Z -0.5999 -0.3350 -0.7265

PART 55
OFFSET  3.5127 -3.2554 -8.9680
X -0.9160 -0.2566  0.3083
Y  0.2747 -0.9614  0.0161
Z  0.2923  0.0995  0.9511

PART 56
OFFSET  5.5797 -2.5466 -9.5242
X -0.1712 -0.9821 -0.0785
Y  0.8918 -0.1206 -0.4361
Z  0.4188 -0.1447  0.8965

PART 57
OFFSET  5.8222 -1.1561 -9.4130
X  0.6900 -0.5886 -0.4213
Y  0.6112  0.7856 -0.0964
Z  0.3877 -0.1910  0.9018

PART 58
OFFSET  5.2104 -0.6343 -9.0395
X  0.8802  0.2979 -0.3694
Y -0.2182  0.9453  0.2424
Z  0.4214 -0.1328  0.8971

PART 59
OFFSET  4.3742 -0.9173 -8.6885
X -0.5972 -0.8021  0.0006
Y -0.6779  0.5052  0.5341
Z -0.4287  0.3185 -0.8454

PART 60
OFFSET  3.6332 -3.3646 -8.2730
X -0.9725 -0.1947  0.1276
Y  0.2033 -0.9774  0.0584
Z  0.1134  0.0827  0.9901

PART 61
OFFSET  6.1449 -2.8932 -8.7499
X -0.1820 -0.9825  0.0401
Y  0.8821 -0.1812 -0.4349
Z  0.4346 -0.0438  0.8996

PART 62
OFFSET  6.4548 -1.2205 -8.8183
X  0.8129 -0.4129 -0.4108
Y  0.4013  0.9082 -0.1188
Z  0.4221 -0.0683  0.9040

PART 63
OFFSET  5.3281 -0.6483 -8.2490
X  0.8181  0.4620 -0.3425
Y -0.3962  0.8844  0.2467
Z  0.4169 -0.0661  0.9065

PART 64
OFFSET  4.4409 -1.1494 -7.8775
X -0.4234 -0.8870  0.1843
Y -0.8110  0.4618  0.3592
Z -0.4038  0.0026 -0.9149

PART 65
OFFSET -1.6979 -4.1543 -7.8100
X -0.9479 -0.3132  0.0582
Y -0.3181  0.9406 -0.1185
Z -0.0176 -0.1309 -0.9912

PART 66
OFFSET  6.2664 -3.6371 -6.6799
X -0.9896 -0.1306  0.0596
Y  0.1270 -0.9900 -0.0610
Z  0.0670 -0.0528  0.9964

PART 67
OFFSET  8.0088 -3.4071 -6.7848
X -0.9846 -0.1630  0.0638
Y  0.1627 -0.9866 -0.0093
Z  0.0645  0.0012  0.9979

PART 68
OFFSET  9.2097 -3.2088 -6.8018
X -0.9858 -0.1676 -0.0061
Y  0.1677 -0.9854 -0.0295
Z -0.0010 -0.0301  0.9995

PART 69
OFFSET  10.3232 -3.0196 -6.7949
X  0.1693  0.9356  0.3098
Y  0.9817 -0.1323 -0.1368
Z -0.0870  0.3273 -0.9409

PART 70
OFFSET  6.3208 -3.4963 -7.7743
X -0.3041 -0.9480  0.0943
Y  0.9179 -0.3181 -0.2374
Z  0.2550  0.0143  0.9668

PART 71
OFFSET  6.9149 -1.6444 -7.9584
X  0.7782 -0.5950 -0.2008
Y  0.5608  0.8024 -0.2040
Z  0.2825  0.0461  0.9581

PART 72
OFFSET  5.7782 -0.7753 -7.6651
X  0.8733  0.3772 -0.3083
Y -0.3908  0.9203  0.0189
Z  0.2908  0.1040  0.9511

PART 73
OFFSET  4.7868 -1.2026 -7.3226
X -0.4387 -0.8836  0.1635
Y -0.8371  0.4680  0.2832
Z -0.3268 -0.0126 -0.9450

PART 74
OFFSET  0.4756 -3.0485 -8.4243
X -0.7808 -0.3792 -0.4965
Y -0.3445  0.9243 -0.1641
Z  0.5212  0.0429 -0.8524

PART 75
OFFSET  0.4704 -3.4927 -7.3115
X -0.7808 -0.3792 -0.4965
Y -0.3445  0.9243 -0.1641
Z  0.5212  0.0429 -0.8524

PART 76
OFFSET  1.1115 -4.6716 -7.2090
X -0.7808 -0.3792 -0.4965
Y -0.3445  0.9243 -0.1641
Z  0.5212  0.0429 -0.8524

PART 77
OFFSET  0.0000 -0.0000 -0.0000
X  1.0000 -0.0000  0.0000
Y  0.0000  1.0000  0.0000
Z  0.0000 -0.0000  1.0000

PART 78
OFFSET  0.0000 -0.0000 -0.0000
X  0.9996 -0.0000  0.0266
Y  0.0009  0.9994 -0.0335
Z -0.0266  0.0335  0.9991

PART 79
OFFSET  1.4300  0.1387  4.1729
X  0.9996 -0.0000  0.0266
Y  0.0009  0.9994 -0.0335
Z -0.0266  0.0335  0.9991


FRAME 1927
PART 0
OFFSET  0.0000 -0.0000 -0.0000
X  1.0000 -0.0000  0.0000
Y  0.0000  1.0000  0.0000
Z  0.0000 -0.0000  1.0000

PART 1
OFFSET -4.6318 -0.0000 -1.3770
X  1.0000 -0.0000  0.0000
Y  0.0000  1.0000  0.0000
Z  0.0000 -0.0000  1.0000

PART 2
OFFSET -0.3279  7.9675 -9.3149
X  0.8107 -0.2002 -0.5501
Y -0.1566 -0.9796  0.1258
Z -0.5641 -0.0158 -0.8256

PART 3
OFFSET  9.4770  5.5458 -15.9678
X  0.8061 -0.5102  0.2998
Y -0.4146 -0.1254  0.9013
Z -0.4222 -0.8509 -0.3126

PART 4
OFFSET  16.3335  1.2066 -13.4179
X  0.8061 -0.5102  0.2998
Y -0.4121 -0.1205  0.9031
Z -0.4246 -0.8516 -0.3074

PART 5
OFFSET  18.5707  1.8691 -13.0555
X  0.8097 -0.5071  0.2953
Y  0.4259  0.8540  0.2988
Z -0.4037 -0.1162  0.9075

PART 6
OFFSET  17.3632  0.2252 -14.4739
X  0.8097 -0.5071  0.2953
Y  0.4259  0.8540  0.2988
Z -0.4037 -0.1162  0.9075

PART 7
OFFSET  17.5998  0.7092 -11.2591
X  0.8097 -0.5071  0.2953
Y  0.4259  0.8540  0.2988
Z -0.4037 -0.1162  0.9075

PART 8
OFFSET  16.8707 -0.3943 -11.5085
X  0.8097 -0.5071  0.2953
Y  0.4259  0.8540  0.2988
Z -0.4037 -0.1162  0.9075

PART 9
OFFSET  16.7028 -0.5939 -12.6780
X  0.8097 -0.5071  0.2953
Y  0.4259  0.8540  0.2988
Z -0.4037 -0.1162  0.9075

PART 10
OFFSET  18.8049 -0.3574 -12.4989
X  0.7004 -0.4237  0.5745
Y -0.6241  0.0271  0.7809
Z -0.3464 -0.9054 -0.2454

PART 11
OFFSET  18.3754 -0.8936 -11.5876
X -0.2760 -0.7977  0.5362
Y -0.7124  0.5443  0.4430
Z -0.6452 -0.2596 -0.7185

PART 12
OFFSET  17.6727 -2.5751 -10.4264
X  0.6622 -0.7488  0.0281
Y -0.5956 -0.5033  0.6260
Z -0.4546 -0.4313 -0.7793

PART 13
OFFSET  18.7264 -3.8021 -10.5057
X  0.7958 -0.0303 -0.6049
Y  0.1965 -0.9318  0.3051
Z -0.5729 -0.3616 -0.7356

PART 14
OFFSET  19.5641 -3.8673 -11.1883
X  0.9959  0.0179  0.0889
Y -0.0832  0.5710  0.8167
Z -0.0361 -0.8207  0.5702

PART 15
OFFSET  19.9957 -0.9280 -12.8985
X  0.9156 -0.4017  0.0147
Y -0.3787 -0.8743 -0.3036
Z  0.1348  0.2725 -0.9527

PART 16
OFFSET  21.9870 -1.9775 -12.7640
X -0.4807 -0.8737  0.0745
Y -0.8662  0.4599 -0.1954
Z  0.1364 -0.1585 -0.9779

PART 17
OFFSET  21.3064 -3.2144 -12.6585
X -0.9799  0.1877 -0.0680
Y  0.1984  0.9536 -0.2264
Z  0.0223 -0.2353 -0.9717

PART 18
OFFSET  20.4376 -3.0480 -12.7187
X -0.9917  0.1112 -0.0642
Y  0.1205  0.9787 -0.1665
Z  0.0443 -0.1728 -0.9839

PART 19
OFFSET  19.4954 -2.9424 -12.7797
X  0.6765 -0.6744  0.2959
Y  0.7348  0.6454 -0.2087
Z -0.0503  0.3586  0.9321

PART 20
OFFSET  19.7834 -0.8767 -12.2189
X  0.8561 -0.4170  0.3054
Y -0.3330 -0.8969 -0.2912
Z  0.3953  0.1476 -0.9066

PART 21
OFFSET  22.0713 -1.9171 -11.5546
X -0.3346 -0.9368 -0.1027
Y -0.9147  0.3490 -0.2036
Z  0.2266  0.0259 -0.9737

PART 22
OFFSET  21.5017 -3.5120 -11.7295
X -0.9648  0.1397 -0.2229
Y  0.1366  0.9902  0.0295
Z  0.2248 -0.0020 -0.9744

PART 23
OFFSET  20.1646 -3.3183 -12.0384
X -0.9230  0.3158 -0.2200
Y  0.3080  0.9488  0.0699
Z  0.2308 -0.0033 -0.9730

PART 24
OFFSET  19.1636 -2.9758 -12.2769
X  0.5916 -0.8009  0.0925
Y  0.7711  0.5956  0.2251
Z -0.2353 -0.0618  0.9699

PART 25
OFFSET  19.7873 -2.1057 -9.6197
X  0.6833 -0.6556  0.3212
Y  0.5103  0.7436  0.4321
Z -0.5221 -0.1313  0.8427

PART 26
OFFSET  21.1919 -1.6513 -9.5803
X -0.0479 -0.9696 -0.2401
Y -0.9447  0.1221 -0.3045
Z  0.3245  0.2122 -0.9218

PART 27
OFFSET  21.1075 -3.3584 -10.0030
X -0.9104 -0.0460 -0.4111
Y -0.1120  0.9841  0.1379
Z  0.3983  0.1716 -0.9011

PART 28
OFFSET  19.9765 -3.4247 -10.4481
X -0.9514  0.2094 -0.2259
Y  0.1728  0.9700  0.1713
Z  0.2550  0.1239 -0.9590

PART 29
OFFSET  18.9019 -3.1882 -10.7033
X  0.2255 -0.9089 -0.3508
Y  0.9164  0.0757  0.3929
Z -0.3306 -0.4101  0.8500

PART 30
OFFSET  21.7321 -1.7979 -10.5327
X -0.3712 -0.8981 -0.2357
Y -0.8709  0.4248 -0.2472
Z  0.3221  0.1135 -0.9399

PART 31
OFFSET  21.0069 -3.5525 -10.9932
X -0.9443  0.1141 -0.3087
Y  0.0582  0.9811  0.1845
Z  0.3239  0.1562 -0.9331

PART 32
OFFSET  19.6276 -3.3859 -11.4441
X -0.8538  0.4704 -0.2232
Y  0.3841  0.8585  0.3398
Z  0.3515  0.2043 -0.9136

PART 33
OFFSET  18.6629 -2.8523 -11.7036
X  0.3868 -0.9221  0.0126
Y  0.8674  0.3685  0.3345
Z -0.3130 -0.1185  0.9423

PART 34
OFFSET  20.5121 -2.9004 -11.7362
X  0.3347  0.1251 -0.9340
Y  0.3464  0.9054  0.2454
Z  0.8763 -0.4057  0.2597

PART 35
OFFSET  18.2760  1.3895 -13.6708
X  0.8097 -0.5071  0.2953
Y  0.4259  0.8540  0.2988
Z -0.4037 -0.1162  0.9075

PART 36
OFFSET  17.3632  0.2252 -14.4739
X  0.8097 -0.5071  0.2953
Y  0.4259  0.8540  0.2988
Z -0.4037 -0.1162  0.9075

PART 37
OFFSET  17.5998  0.7092 -11.2591
X  0.8097 -0.5071  0.2953
Y  0.4259  0.8540  0.2988
Z -0.4037 -0.1162  0.9075

PART 38
OFFSET  16.8707 -0.3943 -11.5085
X  0.8097 -0.5071  0.2953
Y  0.4259  0.8540  0.2988
Z -0.4037 -0.1162  0.9075

PART 39
OFFSET  16.7028 -0.5939 -12.6780
X  0.8097 -0.5071  0.2953
Y  0.4259  0.8540  0.2988
Z -0.4037 -0.1162  0.9075

PART 40
OFFSET  7.7580 -2.4960 -5.6929
X  0.9943 -0.0390 -0.0996
Y  0.0494  0.9933  0.1043
Z  0.0949 -0.1086  0.9895

PART 41
OFFSET  7.7580 -2.4960 -5.6929
X  0.9943 -0.0390 -0.0996
Y  0.0494  0.9933  0.1043
Z  0.0949 -0.1086  0.9895

PART 42
OFFSET  11.9729 -2.6756 -5.8347
X  0.9943 -0.0390 -0.0996
Y  0.0494  0.9933  0.1043
Z  0.0949 -0.1086  0.9895

PART 43
OFFSET  14.4814 -3.8111 -4.3747
X  0.9943 -0.0390 -0.0996
Y  0.0494  0.9933  0.1043
Z  0.0949 -0.1086  0.9895

PART 44
OFFSET -12.5388 -7.9373 -3.1869
X -0.4975  0.0055  0.8674
Y -0.1444 -0.9866 -0.0765
Z  0.8554 -0.1633  0.4916

PART 45
OFFSET -6.5221 -8.0043 -13.6777
X -0.7882 -0.3623 -0.4975
Y  0.5306  0.0095 -0.8476
Z  0.3118 -0.9320  0.1848

PART 46
OFFSET  0.1819 -4.9226 -9.4466
X -0.7882 -0.3623 -0.4975
Y  0.5605 -0.0890 -0.8233
Z  0.2540 -0.9278  0.2733

PART 47
OFFSET  0.5661 -3.3416 -8.3159
X -0.7922 -0.3598 -0.4929
Y -0.3172  0.9328 -0.1712
Z  0.5214  0.0207 -0.8531

PART 48
OFFSET  0.5489 -3.7768 -7.1996
X -0.7922 -0.3598 -0.4929
Y -0.3172  0.9328 -0.1712
Z  0.5214  0.0207 -0.8531

PART 49
OFFSET  1.1548 -4.9732 -7.0881
X -0.7922 -0.3598 -0.4929
Y -0.3172  0.9328 -0.1712
Z  0.5214  0.0207 -0.8531

PART 50
OFFSET  2.5982 -3.8118 -7.9216
X -0.9810 -0.0752 -0.1791
Y  0.1852 -0.0851 -0.9790
Z  0.0584 -0.9935  0.0974

PART 51
OFFSET  2.8368 -3.2879 -6.9363
X -0.5805 -0.5957 -0.5551
Y  0.5101  0.2654 -0.8182
Z  0.6347 -0.7581  0.1498

PART 52
OFFSET  4.0032 -1.9867 -5.6650
X -0.8909 -0.3382  0.3031
Y -0.1674 -0.3759 -0.9114
Z  0.4221 -0.8628  0.2783

PART 53
OFFSET  5.3842 -1.3666 -6.2398
X -0.4514 -0.0923  0.8876
Y -0.7234 -0.5446 -0.4245
Z  0.5225 -0.8336  0.1790

PART 54
OFFSET  5.8607 -1.2194 -7.2006
X -0.8179  0.3551  0.4527
Y  0.0802  0.8495 -0.5215
Z -0.5698 -0.3902 -0.7233

PART 55
OFFSET  3.6148 -3.6385 -8.8380
X -0.9198 -0.2587  0.2952
Y  0.2939 -0.9524  0.0811
Z  0.2601  0.1614  0.9520

PART 56
OFFSET  5.6833 -2.9170 -9.3725
X -0.1483 -0.9886 -0.0256
Y  0.9073 -0.1258 -0.4011
Z  0.3934 -0.0827  0.9157

PART 57
OFFSET  5.8933 -1.5173 -9.3363
X  0.7149 -0.5965 -0.3648
Y  0.5975  0.7922 -0.1242
Z  0.3631 -0.1292  0.9228

PART 58
OFFSET  5.2594 -0.9885 -9.0128
X  0.8851  0.2956 -0.3596
Y -0.2452  0.9527  0.1795
Z  0.3957 -0.0707  0.9157

PART 59
OFFSET  4.4186 -1.2693 -8.6712
X -0.5802 -0.8139  0.0299
Y -0.7046  0.5201  0.4827
Z -0.4084  0.2590 -0.8753

PART 60
OFFSET  3.7157 -3.7042 -8.1344
X -0.9718 -0.2087  0.1095
Y  0.2215 -0.9675  0.1221
Z  0.0804  0.1429  0.9865

PART 61
OFFSET  6.2308 -3.2050 -8.5624
X -0.1628 -0.9823  0.0925
Y  0.8989 -0.1863 -0.3967
Z  0.4069  0.0186  0.9133

PART 62
OFFSET  6.5080 -1.5326 -8.7199
X  0.8338 -0.4177 -0.3610
Y  0.3859  0.9085 -0.1600
Z  0.3948 -0.0059  0.9187

PART 63
OFFSET  5.3525 -0.9537 -8.2197
X  0.8187  0.4595 -0.3444
Y -0.4220  0.8882  0.1820
Z  0.3895 -0.0037  0.9210

PART 64
OFFSET  4.4646 -1.4520 -7.8462
X -0.4106 -0.8840  0.2235
Y -0.8313  0.4636  0.3067
Z -0.3748 -0.0598 -0.9252

PART 65
OFFSET -1.6098 -4.5852 -7.7867
X -0.9426 -0.3305  0.0480
Y -0.3336  0.9247 -0.1834
Z  0.0163 -0.1888 -0.9819

PART 66
OFFSET  6.3026 -3.8240 -6.4493
X -0.9881 -0.1492  0.0373
Y  0.1493 -0.9888  0.0014
Z  0.0367  0.0069  0.9993

PART 67
OFFSET  8.0423 -3.5613 -6.5150
X -0.9825 -0.1811  0.0436
Y  0.1833 -0.9816  0.0539
Z  0.0330  0.0609  0.9976

PART 68
OFFSET  9.2387 -3.3375 -6.5074
X -0.9815 -0.1898 -0.0259
Y  0.1889 -0.9814  0.0337
Z -0.0318  0.0282  0.9991

PART 69
OFFSET  10.3473 -3.1231 -6.4782
X  0.1401  0.9557  0.2590
Y  0.9881 -0.1180 -0.0991
Z -0.0641  0.2698 -0.9608

PART 70
OFFSET  6.3884 -3.7460 -7.5480
X -0.2873 -0.9474  0.1408
Y  0.9313 -0.3106 -0.1904
Z  0.2241  0.0764  0.9716

PART 71
OFFSET  6.9496 -1.8952 -7.8231
X  0.7963 -0.5881 -0.1418
Y  0.5503  0.8015 -0.2340
Z  0.2513  0.1083  0.9618

PART 72
OFFSET  5.7865 -1.0362 -7.6160
X  0.8746  0.3781 -0.3035
Y -0.4101  0.9108 -0.0472
Z  0.2586  0.1658  0.9517

PART 73
OFFSET  4.7938 -1.4650 -7.2790
X -0.4252 -0.8822  0.2021
Y -0.8551  0.4648  0.2297
Z -0.2966 -0.0751 -0.9521

PART 74
OFFSET  0.5660 -3.3416 -8.3159
X -0.7922 -0.3598 -0.4929
Y -0.3172  0.9328 -0.1712
Z  0.5214  0.0207 -0.8531

PART 75
OFFSET  0.5487 -3.7766 -7.1995
X -0.7922 -0.3598 -0.4929
Y -0.3172  0.9328 -0.1712
Z  0.5214  0.0207 -0.8531

PART 76
OFFSET  1.1548 -4.9732 -7.0882
X -0.7922 -0.3598 -0.4929
Y -0.3172  0.9328 -0.1712
Z  0.5214  0.0207 -0.8531

PART 77
OFFSET  0.0000 -0.0000 -0.0000
X  1.0000 -0.0000  0.0000
Y  0.0000  1.0000  0.0000
Z  0.0000 -0.0000  1.0000

PART 78
OFFSET -0.0000 -0.0000 -0.0000
X  0.9999  0.0000 -0.0112
Y  0.0005  0.9990  0.0438
Z  0.0112 -0.0438  0.9990

PART 79
OFFSET  1.5866 -0.1812  4.1143
X  0.9999  0.0000 -0.0112
Y  0.0005  0.9990  0.0438
Z  0.0112 -0.0438  0.9990


FRAME 1928
PART 0
OFFSET  0.0000 -0.0000 -0.0000
X  1.0000 -0.0000  0.0000
Y  0.0000  1.0000  0.0000
Z  0.0000 -0.0000  1.0000

PART 1
OFFSET -4.6318 -0.0000 -1.3770
X  1.0000 -0.0000  0.0000
Y  0.0000  1.0000  0.0000
Z  0.0000 -0.0000  1.0000

PART 2
OFFSET -0.1970  7.9764 -9.4773
X  0.8356 -0.2341 -0.4970
Y -0.1739 -0.9709  0.1648
Z -0.5211 -0.0513 -0.8519

PART 3
OFFSET  9.9081  5.1453 -15.4885
X  0.8004 -0.4988  0.3326
Y -0.4324 -0.0959  0.8966
Z -0.4153 -0.8614 -0.2924

PART 4
OFFSET  16.7158  0.9031 -12.6597
X  0.8004 -0.4988  0.3326
Y -0.4292 -0.0894  0.8988
Z -0.4185 -0.8621 -0.2856

PART 5
OFFSET  18.9448  1.5806 -12.2750
X  0.8041 -0.4958  0.3280
Y  0.4192  0.8641  0.2786
Z -0.4216 -0.0865  0.9027

PART 6
OFFSET  17.7670 -0.1113 -13.6617
X  0.8041 -0.4958  0.3280
Y  0.4192  0.8641  0.2786
Z -0.4216 -0.0865  0.9027

PART 7
OFFSET  17.9392  0.4796 -10.4607
X  0.8041 -0.4958  0.3280
Y  0.4192  0.8641  0.2786
Z -0.4216 -0.0865  0.9027

PART 8
OFFSET  17.2160 -0.6326 -10.6877
X  0.8041 -0.4958  0.3280
Y  0.4192  0.8641  0.2786
Z -0.4216 -0.0865  0.9027

PART 9
OFFSET  17.0716 -0.8712 -11.8530
X  0.8041 -0.4958  0.3280
Y  0.4192  0.8641  0.2786
Z -0.4216 -0.0865  0.9027

PART 10
OFFSET  19.1695 -0.6259 -11.6401
X  0.6718 -0.3679  0.6429
Y -0.6719  0.0629  0.7380
Z -0.3119 -0.9278 -0.2049

PART 11
OFFSET  18.6952 -1.1116 -10.7228
X -0.2925 -0.7674  0.5706
Y -0.7495  0.5545  0.3616
Z -0.5939 -0.3219 -0.7374

PART 12
OFFSET  17.9562 -2.7302 -9.4965
X  0.6744 -0.7289  0.1182
Y -0.6230 -0.4757  0.6210
Z -0.3964 -0.4924 -0.7749

PART 13
OFFSET  19.0377 -3.9336 -9.4295
X  0.8323 -0.0503 -0.5521
Y  0.1961 -0.9048  0.3781
Z -0.5185 -0.4229 -0.7432

PART 14
OFFSET  19.9173 -4.0228 -10.0541
X  0.9879  0.0481  0.1477
Y -0.1454  0.6211  0.7702
Z -0.0547 -0.7823  0.6205

PART 15
OFFSET  20.3943 -1.1921 -11.9276
X  0.9210 -0.3774  0.0970
Y -0.3412 -0.9013 -0.2669
Z  0.1882  0.2127 -0.9588

PART 16
OFFSET  22.3943 -2.1814 -11.6027
X -0.4665 -0.8785  0.1035
Y -0.8616  0.4248 -0.2779
Z  0.2002 -0.2188 -0.9550

PART 17
OFFSET  21.7339 -3.4251 -11.4562
X -0.9774  0.1588 -0.1397
Y  0.1925  0.9413 -0.2772
Z  0.0875 -0.2978 -0.9506

PART 18
OFFSET  20.8673 -3.2843 -11.5801
X -0.9879  0.0824 -0.1316
Y  0.1106  0.9683 -0.2239
Z  0.1089 -0.2358 -0.9657

PART 19
OFFSET  19.9288 -3.2060 -11.7051
X  0.6704 -0.6368  0.3809
Y  0.7330  0.6482 -0.2064
Z -0.1154  0.4175  0.9013

PART 20
OFFSET  20.1391 -1.1016 -11.2672
X  0.8438 -0.3750  0.3840
Y -0.2958 -0.9219 -0.2502
Z  0.4478  0.0975 -0.8888

PART 21
OFFSET  22.4021 -2.0400 -10.3971
X -0.3083 -0.9494 -0.0600
Y -0.9072  0.3124 -0.2816
Z  0.2861 -0.0324 -0.9577

PART 22
OFFSET  21.8772 -3.6563 -10.4993
X -0.9517  0.1012 -0.2898
Y  0.1143  0.9930 -0.0285
Z  0.2849 -0.0603 -0.9566

PART 23
OFFSET  20.5582 -3.5161 -10.9010
X -0.9138  0.2780 -0.2962
Y  0.2836  0.9586  0.0248
Z  0.2908 -0.0613 -0.9548

PART 24
OFFSET  19.5672 -3.2146 -11.2222
X  0.6009 -0.7784  0.1815
Y  0.7433  0.6278  0.2311
Z -0.2939 -0.0039  0.9558

PART 25
OFFSET  20.0065 -2.1573 -8.5961
X  0.6753 -0.6162  0.4052
Y  0.4672  0.7826  0.4115
Z -0.5707 -0.0886  0.8163

PART 26
OFFSET  21.3964 -1.6671 -8.5021
X -0.0131 -0.9841 -0.1772
Y -0.9262  0.0787 -0.3687
Z  0.3768  0.1593 -0.9125

PART 27
OFFSET  21.3734 -3.3997 -8.8141
X -0.8820 -0.0951 -0.4616
Y -0.1404  0.9880  0.0647
Z  0.4499  0.1219 -0.8847

PART 28
OFFSET  20.2738 -3.5227 -9.3215
X -0.9396  0.1708 -0.2967
Y  0.1419  0.9830  0.1162
Z  0.3115  0.0671 -0.9479

PART 29
OFFSET  19.2125 -3.3298 -9.6567
X  0.2654 -0.9241 -0.2749
Y  0.8885  0.1237  0.4419
Z -0.3743 -0.3615  0.8539

PART 30
OFFSET  21.9977 -1.8625 -9.4080
X -0.3374 -0.9205 -0.1972
Y -0.8623  0.3863 -0.3274
Z  0.3776  0.0596 -0.9241

PART 31
OFFSET  21.3385 -3.6607 -9.7934
X -0.9254  0.0704 -0.3723
Y  0.0266  0.9922  0.1216
Z  0.3780  0.1027 -0.9201

PART 32
OFFSET  19.9868 -3.5578 -10.3372
X -0.8477  0.4337 -0.3056
Y  0.3446  0.8880  0.3043
Z  0.4033  0.1526 -0.9022

PART 33
OFFSET  19.0293 -3.0661 -10.6899
X  0.4041 -0.9095  0.0976
Y  0.8372  0.4107  0.3611
Z -0.3685 -0.0642  0.9274

PART 34
OFFSET  20.8776 -3.0709 -10.6069
X  0.3895  0.0718 -0.9182
Y  0.3119  0.9278  0.2049
Z  0.8666 -0.3662  0.3390

PART 35
OFFSET  18.6628  1.0803 -12.8798
X  0.8041 -0.4958  0.3280
Y  0.4192  0.8641  0.2786
Z -0.4216 -0.0865  0.9027

PART 36
OFFSET  17.7670 -0.1113 -13.6617
X  0.8041 -0.4958  0.3280
Y  0.4192  0.8641  0.2786
Z -0.4216 -0.0865  0.9027

PART 37
OFFSET  17.9392  0.4796 -10.4607
X  0.8041 -0.4958  0.3280
Y  0.4192  0.8641  0.2786
Z -0.4216 -0.0865  0.9027

PART 38
OFFSET  17.2160 -0.6326 -10.6877
X  0.8041 -0.4958  0.3280
Y  0.4192  0.8641  0.2786
Z -0.4216 -0.0865  0.9027

PART 39
OFFSET  17.0716 -0.8712 -11.8530
X  0.8041 -0.4958  0.3280
Y  0.4192  0.8641  0.2786
Z -0.4216 -0.0865  0.9027

PART 40
OFFSET  7.7616 -2.5987 -5.3983
X  0.9992 -0.0201 -0.0357
Y  0.0215  0.9989  0.0412
Z  0.0348 -0.0419  0.9985

PART 41
OFFSET  7.7616 -2.5987 -5.3983
X  0.9992 -0.0201 -0.0357
Y  0.0215  0.9989  0.0412
Z  0.0348 -0.0419  0.9985

PART 42
OFFSET  11.9799 -2.6800 -5.2693
X  0.9992 -0.0201 -0.0357
Y  0.0215  0.9989  0.0412
Z  0.0348 -0.0419  0.9985

PART 43
OFFSET  14.4153 -3.6545 -3.5863
X  0.9992 -0.0201 -0.0357
Y  0.0215  0.9989  0.0412
Z  0.0348 -0.0419  0.9985

PART 44
OFFSET -12.8394 -7.9373 -3.1869
X -0.5224  0.0146  0.8526
Y -0.1673 -0.9822 -0.0857
Z  0.8361 -0.1874  0.5156

PART 45
OFFSET -6.5212 -8.1141 -13.4977
X -0.8039 -0.3394 -0.4883
Y  0.5235 -0.0142 -0.8519
Z  0.2822 -0.9405  0.1891

PART 46
OFFSET  0.3166 -5.2273 -9.3442
X -0.8039 -0.3394 -0.4883
Y  0.5552 -0.1341 -0.8208
Z  0.2131 -0.9310  0.2963

PART 47
OFFSET  0.7626 -3.6520 -8.2283
X -0.8078 -0.3367 -0.4838
Y -0.2874  0.9416 -0.1754
Z  0.5146 -0.0027 -0.8574

PART 48
OFFSET  0.7403 -4.0785 -7.1087
X -0.8078 -0.3367 -0.4838
Y -0.2874  0.9416 -0.1754
Z  0.5146 -0.0027 -0.8574

PART 49
OFFSET  1.3071 -5.2935 -6.9933
X -0.8078 -0.3367 -0.4838
Y -0.2874  0.9416 -0.1754
Z  0.5146 -0.0027 -0.8574

PART 50
OFFSET  2.7812 -4.1867 -7.8471
X -0.9659 -0.1115 -0.2335
Y  0.2481 -0.1435 -0.9580
Z  0.0733 -0.9833  0.1663

PART 51
OFFSET  2.9462 -3.5943 -6.8858
X -0.5316 -0.6450 -0.5490
Y  0.5547  0.2248 -0.8011
Z  0.6401 -0.7304  0.2383

PART 52
OFFSET  4.0024 -2.1843 -5.6343
X -0.9008 -0.3404  0.2696
Y -0.1017 -0.4382 -0.8931
Z  0.4221 -0.8319  0.3601

PART 53
OFFSET  5.4032 -1.5678 -6.1632
X -0.5042 -0.0461  0.8624
Y -0.6835 -0.5891 -0.4311
Z  0.5279 -0.8067  0.2655

PART 54
OFFSET  5.9359 -1.4710 -7.1006
X -0.8521  0.3628  0.3772
Y  0.0947  0.8157 -0.5707
Z -0.5147 -0.4506 -0.7294

PART 55
OFFSET  3.8495 -4.0473 -8.7090
X -0.9308 -0.2623  0.2547
Y  0.3085 -0.9374  0.1618
Z  0.1963  0.2292  0.9534

PART 56
OFFSET  5.9315 -3.3096 -9.1622
X -0.1253 -0.9916  0.0309
Y  0.9332 -0.1284 -0.3356
Z  0.3367 -0.0132  0.9415

PART 57
OFFSET  6.1090 -1.9057 -9.2059
X  0.7490 -0.6005 -0.2801
Y  0.5871  0.7974 -0.1395
Z  0.3071 -0.0600  0.9498

PART 58
OFFSET  5.4449 -1.3733 -8.9576
X  0.8994  0.2941 -0.3235
Y -0.2763  0.9558  0.1007
Z  0.3388 -0.0012  0.9409

PART 59
OFFSET  4.5904 -1.6526 -8.6503
X -0.5635 -0.8247  0.0481
Y -0.7445  0.5322  0.4031
Z -0.3580  0.1913 -0.9139

PART 60
OFFSET  3.9073 -4.0647 -7.9977
X -0.9721 -0.2258  0.0633
Y  0.2340 -0.9516  0.1992
Z  0.0152  0.2085  0.9779

PART 61
OFFSET  6.4332 -3.5306 -8.3028
X -0.1473 -0.9781  0.1472
Y  0.9258 -0.1887 -0.3276
Z  0.3482  0.0880  0.9333

PART 62
OFFSET  6.6840 -1.8654 -8.5534
X  0.8635 -0.4189 -0.2807
Y  0.3757  0.9058 -0.1958
Z  0.3363  0.0636  0.9396

PART 63
OFFSET  5.4872 -1.2848 -8.1643
X  0.8287  0.4569 -0.3232
Y -0.4514  0.8871  0.0966
Z  0.3308  0.0658  0.9414

PART 64
OFFSET  4.5884 -1.7804 -7.8138
X -0.4048 -0.8779  0.2559
Y -0.8586  0.4612  0.2238
Z -0.3145 -0.1291 -0.9404

PART 65
OFFSET -1.4095 -5.0565 -7.9195
X -0.9365 -0.3506  0.0119
Y -0.3411  0.9021 -0.2643
Z  0.0820 -0.2515 -0.9644

PART 66
OFFSET  6.3852 -4.0094 -6.1529
X -0.9851 -0.1715 -0.0135
Y  0.1700 -0.9825  0.0760
Z -0.0263  0.0725  0.9970

PART 67
OFFSET  8.1196 -3.7075 -6.1291
X -0.9792 -0.2028 -0.0048
Y  0.2005 -0.9711  0.1298
Z -0.0310  0.1262  0.9915

PART 68
OFFSET  9.3081 -3.4533 -6.0630
X -0.9736 -0.2159 -0.0734
Y  0.2073 -0.9721  0.1101
Z -0.0951  0.0920  0.9912

PART 69
OFFSET  10.4079 -3.2094 -5.9801
X  0.1031  0.9737  0.2033
Y  0.9946 -0.0990 -0.0303
Z -0.0094  0.2053 -0.9787

PART 70
OFFSET  6.5382 -4.0006 -7.2470
X -0.2753 -0.9433  0.1853
Y  0.9478 -0.2986 -0.1120
Z  0.1610  0.1449  0.9763

PART 71
OFFSET  7.0759 -2.1578 -7.6091
X  0.8160 -0.5756 -0.0535
Y  0.5466  0.7984 -0.2523
Z  0.1880  0.1767  0.9662

PART 72
OFFSET  5.8841 -1.3171 -7.5310
X  0.8837  0.3797 -0.2737
Y -0.4257  0.8951 -0.1325
Z  0.1947  0.2336  0.9527

PART 73
OFFSET  4.8816 -1.7482 -7.2278
X -0.4182 -0.8778  0.2336
Y -0.8776  0.4568  0.1456
Z -0.2345 -0.1441 -0.9614

PART 74
OFFSET  0.7626 -3.6520 -8.2282
X -0.8078 -0.3367 -0.4838
Y -0.2874  0.9416 -0.1754
Z  0.5146 -0.0027 -0.8574

PART 75
OFFSET  0.7402 -4.0783 -7.1086
X -0.8078 -0.3367 -0.4838
Y -0.2874  0.9416 -0.1754
Z  0.5146 -0.0027 -0.8574

PART 76
OFFSET  1.3071 -5.2935 -6.9934
X -0.8078 -0.3367 -0.4838
