// Export filename: `C:\projects\cod\t5\xanim_export\t5_viewmodels\ak74u\ak74u_idle_loop.XANIM_EXPORT`
// Source filename: `D:\projects\devanim\t5\animation_assets\viewmodels\ak74u\t5_viewmodel_ak74u_animated.fbx`
// Export time: Tue Jun 22 12:14:47 2010

ANIMATION
VERSION 3

NUMPARTS 80
PART 0 "tag_ads"
PART 1 "tag_torso"
PART 2 "J_Shoulder_LE"
PART 3 "J_Elbow_LE"
PART 4 "J_WristTwist_LE"
PART 5 "J_Sleave_Reshape_Bottom_LE_1"
PART 6 "J_Sleave_Reshape_Bottom_LE_2"
PART 7 "J_Sleave_Reshape_Top_LE_1"
PART 8 "J_Sleave_Reshape_Top_LE_2"
PART 9 "J_Sleave_Reshape_Top_LE_3"
PART 10 "J_Wrist_LE"
PART 11 "J_Thumb_LE_0"
PART 12 "J_Thumb_LE_1"
PART 13 "J_Thumb_LE_2"
PART 14 "J_Thumb_LE_3"
PART 15 "J_PinkyPalm_LE"
PART 16 "J_Pinky_LE_0"
PART 17 "J_Pinky_LE_1"
PART 18 "J_Pinky_LE_2"
PART 19 "J_Pinky_LE_3"
PART 20 "J_RingPalm_LE"
PART 21 "J_Ring_LE_0"
PART 22 "J_Ring_LE_1"
PART 23 "J_Ring_LE_2"
PART 24 "J_Ring_LE_3"
PART 25 "J_Webbing_LE"
PART 26 "J_Index_LE_0"
PART 27 "J_Index_LE_1"
PART 28 "J_Index_LE_2"
PART 29 "J_Index_LE_3"
PART 30 "J_Mid_LE_0"
PART 31 "J_Mid_LE_1"
PART 32 "J_Mid_LE_2"
PART 33 "J_Mid_LE_3"
PART 34 "tag_knife_attach"
PART 35 "D_Sleave_Reshape_Bottom_LE_1"
PART 36 "D_Sleave_Reshape_Bottom_LE_2"
PART 37 "D_Sleave_Reshape_Top_LE_1"
PART 38 "D_Sleave_Reshape_Top_LE_2"
PART 39 "D_Sleave_Reshape_Top_LE_3"
PART 40 "tag_weapon"
PART 41 "J_Gun"
PART 42 "TAG_CLIP"
PART 43 "J_Bolt"
PART 44 "J_Shoulder_RI"
PART 45 "J_Elbow_RI"
PART 46 "J_WristTwist_RI"
PART 47 "J_Sleave_Reshape_Top_RI_3"
PART 48 "J_Sleave_Reshape_Top_RI_2"
PART 49 "J_Sleave_Reshape_Top_RI_1"
PART 50 "J_Wrist_RI"
PART 51 "J_Thumb_RI_0"
PART 52 "J_Thumb_RI_1"
PART 53 "J_Thumb_RI_2"
PART 54 "J_Thumb_RI_3"
PART 55 "J_PinkyPalm_RI"
PART 56 "J_Pinky_RI_0"
PART 57 "J_Pinky_RI_1"
PART 58 "J_Pinky_RI_2"
PART 59 "J_Pinky_RI_3"
PART 60 "J_RingPalm_RI"
PART 61 "J_Ring_RI_0"
PART 62 "J_Ring_RI_1"
PART 63 "J_Ring_RI_2"
PART 64 "J_Ring_RI_3"
PART 65 "J_Webbing_RI"
PART 66 "J_Index_RI_0"
PART 67 "J_Index_RI_1"
PART 68 "J_Index_RI_2"
PART 69 "J_Index_RI_3"
PART 70 "J_Mid_RI_0"
PART 71 "J_Mid_RI_1"
PART 72 "J_Mid_RI_2"
PART 73 "J_Mid_RI_3"
PART 74 "D_Sleave_Reshape_Top_RI_3"
PART 75 "D_Sleave_Reshape_Top_RI_2"
PART 76 "D_Sleave_Reshape_Top_RI_1"
PART 77 "tag_cambone"
PART 78 "tag_camera"
PART 79 "tag_gasmask"

FRAMERATE 30
NUMFRAMES 291

FRAME 100
PART 0
OFFSET  0.0000 -0.0000 -0.0000
X  1.0000 -0.0000  0.0000
Y  0.0000  1.0000  0.0000
Z  0.0000 -0.0000  1.0000

PART 1
OFFSET -4.6318 -0.0000 -1.3770
X  1.0000 -0.0000  0.0000
Y  0.0000  1.0000  0.0000
Z  0.0000 -0.0000  1.0000

PART 2
OFFSET -1.2907  7.9373 -3.1869
X  0.7461 -0.2850 -0.6017
Y -0.1845 -0.9569  0.2245
Z -0.6397 -0.0565 -0.7665

PART 3
OFFSET  7.7330  4.4903 -10.4639
X  0.7346 -0.5193  0.4368
Y -0.4747  0.0666  0.8776
Z -0.4848 -0.8520 -0.1976

PART 4
OFFSET  13.9808  0.0738 -6.7487
X  0.7346 -0.5193  0.4368
Y  0.4737  0.8533  0.2178
Z -0.4858  0.0469  0.8728

PART 5
OFFSET  16.2479  0.5926 -6.3409
X  0.7387 -0.5173  0.4321
Y  0.4895  0.8524  0.1837
Z -0.4634  0.0758  0.8829

PART 6
OFFSET  14.9678 -1.1587 -7.5520
X  0.7387 -0.5173  0.4321
Y  0.4895  0.8524  0.1837
Z -0.4634  0.0758  0.8829

PART 7
OFFSET  15.0695 -0.1553 -4.4523
X  0.7387 -0.5173  0.4321
Y  0.4895  0.8524  0.1837
Z -0.4634  0.0758  0.8829

PART 8
OFFSET  14.2517 -1.2179 -4.5681
X  0.7387 -0.5173  0.4321
Y  0.4895  0.8524  0.1837
Z -0.4634  0.0758  0.8829

PART 9
OFFSET  14.1311 -1.5990 -5.6976
X  0.7387 -0.5173  0.4321
Y  0.4895  0.8524  0.1837
Z -0.4634  0.0758  0.8829

PART 10
OFFSET  16.2327 -1.5180 -5.4097
X  0.9191 -0.3940 -0.0056
Y  0.3863  0.8981  0.2101
Z -0.0777 -0.1952  0.9777

PART 11
OFFSET  16.9871 -0.9087 -4.8081
X  0.9164 -0.0718  0.3938
Y  0.1021  0.9932 -0.0565
Z -0.3871  0.0920  0.9174

PART 12
OFFSET  18.9532 -0.9595 -3.9128
X  0.9534 -0.2169  0.2099
Y  0.1847  0.9692  0.1628
Z -0.2387 -0.1164  0.9641

PART 13
OFFSET  20.4545 -1.3806 -3.4757
X  0.9372  0.0179  0.3484
Y -0.0260  0.9995  0.0185
Z -0.3479 -0.0264  0.9372

PART 14
OFFSET  21.4516 -1.3454 -3.0558
X  0.9099  0.2361 -0.3410
Y -0.2691 -0.2894 -0.9186
Z -0.3156  0.9276 -0.1998

PART 15
OFFSET  16.5811 -2.8526 -5.4417
X  0.5297 -0.8442 -0.0825
Y -0.1506 -0.1894  0.9703
Z -0.8347 -0.5015 -0.2275

PART 16
OFFSET  17.8743 -4.6995 -5.4751
X  0.0192  0.2072  0.9781
Y -0.3310  0.9244 -0.1894
Z -0.9434 -0.3201  0.0864

PART 17
OFFSET  17.9016 -4.4061 -4.0903
X -0.1087  0.6303  0.7687
Y -0.3434  0.7019 -0.6240
Z -0.9329 -0.3318  0.1401

PART 18
OFFSET  17.8052 -3.8473 -3.4087
X -0.0489  0.4427  0.8953
Y -0.2999  0.8485 -0.4360
Z -0.9527 -0.2899  0.0913

PART 19
OFFSET  17.7588 -3.4267 -2.5581
X  0.3635 -0.8294 -0.4243
Y -0.3153  0.3191 -0.8937
Z  0.8766  0.4587 -0.1456

PART 20
OFFSET  17.0508 -2.3151 -5.4399
X  0.7555 -0.6520 -0.0640
Y -0.1134 -0.2263  0.9674
Z -0.6452 -0.7237 -0.2450

PART 21
OFFSET  18.9184 -4.1097 -5.6636
X  0.1214 -0.2091  0.9703
Y -0.3290  0.9138  0.2381
Z -0.9365 -0.3481  0.0422

PART 22
OFFSET  19.1251 -4.4657 -4.0117
X -0.1392  0.5122  0.8475
Y -0.3400  0.7791 -0.5267
Z -0.9301 -0.3614  0.0657

PART 23
OFFSET  18.9321 -3.7558 -2.8371
X -0.1559  0.5347  0.8305
Y -0.3355  0.7622 -0.5536
Z -0.9290 -0.3650  0.0606

PART 24
OFFSET  18.7631 -3.1759 -1.9363
X  0.2737 -0.8914 -0.3612
Y -0.1453  0.3329 -0.9317
Z  0.9508  0.3075 -0.0384

PART 25
OFFSET  19.6377 -1.4113 -4.5694
X  0.7684 -0.5987  0.2259
Y  0.3565  0.1072 -0.9281
Z  0.5315  0.7937  0.2958

PART 26
OFFSET  20.1342 -2.3035 -5.6365
X  0.7357 -0.5627  0.3769
Y -0.4532  0.0045  0.8914
Z -0.5033 -0.8266 -0.2517

PART 27
OFFSET  21.4296 -3.2943 -4.9729
X  0.2841 -0.4727  0.8342
Y -0.8338  0.3078  0.4584
Z -0.4734 -0.8257 -0.3067

PART 28
OFFSET  21.8037 -3.8188 -3.9402
X -0.3523 -0.0445  0.9348
Y -0.8506  0.4319 -0.3000
Z -0.3904 -0.9008 -0.1900

PART 29
OFFSET  21.4057 -3.8691 -2.8843
X  0.7727 -0.6288 -0.0869
Y  0.1307  0.2917 -0.9475
Z  0.6211  0.7208  0.3076

PART 30
OFFSET  19.6032 -3.2708 -5.6884
X  0.4068 -0.4156  0.8135
Y -0.5266  0.6210  0.5805
Z -0.7465 -0.6646  0.0337

PART 31
OFFSET  20.3978 -4.0826 -4.0991
X -0.1948  0.2524  0.9478
Y -0.6067  0.7283 -0.3186
Z -0.7707 -0.6371  0.0113

PART 32
OFFSET  20.1133 -3.7139 -2.7147
X -0.4098  0.5010  0.7623
Y -0.4454  0.6193 -0.6465
Z -0.7960 -0.6045 -0.0306

PART 33
OFFSET  19.6439 -3.1512 -1.8511
X  0.6496 -0.7411 -0.1696
Y -0.1363  0.1060 -0.9850
Z  0.7480  0.6630 -0.0321

PART 34
OFFSET  18.3979 -3.3678 -4.0482
X -0.6875 -0.6997 -0.1944
Y  0.0777  0.1952 -0.9777
Z  0.7220 -0.6873 -0.0798

PART 35
OFFSET  15.9430  0.0422 -6.8883
X  0.7387 -0.5173  0.4321
Y  0.4895  0.8524  0.1837
Z -0.4634  0.0758  0.8829

PART 36
OFFSET  14.9678 -1.1587 -7.5520
X  0.7387 -0.5173  0.4321
Y  0.4895  0.8524  0.1837
Z -0.4634  0.0758  0.8829

PART 37
OFFSET  15.0695 -0.1553 -4.4523
X  0.7387 -0.5173  0.4321
Y  0.4895  0.8524  0.1837
Z -0.4634  0.0758  0.8829

PART 38
OFFSET  14.2517 -1.2179 -4.5681
X  0.7387 -0.5173  0.4321
Y  0.4895  0.8524  0.1837
Z -0.4634  0.0758  0.8829

PART 39
OFFSET  14.1311 -1.5990 -5.6976
X  0.7387 -0.5173  0.4321
Y  0.4895  0.8524  0.1837
Z -0.4634  0.0758  0.8829

PART 40
OFFSET  7.7688 -2.6416 -4.8099
X  1.0000 -0.0000  0.0000
Y  0.0000  1.0000  0.0000
Z  0.0000 -0.0000  1.0000

PART 41
OFFSET  7.7688 -2.6416 -4.8099
X  1.0000 -0.0000  0.0000
Y  0.0000  1.0000  0.0000
Z  0.0000 -0.0000  1.0000

PART 42
OFFSET  11.9806 -2.6266 -4.5308
X  1.0000 -0.0000  0.0000
Y  0.0000  1.0000  0.0000
Z  0.0000 -0.0000  1.0000

PART 43
OFFSET  14.3735 -3.4784 -2.7246
X  1.0000 -0.0000  0.0000
Y  0.0000  1.0000  0.0000
Z  0.0000 -0.0000  1.0000

PART 44
OFFSET -3.5060 -7.9373 -3.1869
X  0.1729 -0.1385  0.9752
Y -0.0119 -0.9903 -0.1385
Z  0.9849  0.0124 -0.1728

PART 45
OFFSET -5.5969 -6.2623 -14.9803
X -0.6702 -0.2157 -0.7101
Y  0.5558  0.4882 -0.6729
Z  0.4918 -0.8457 -0.2073

PART 46
OFFSET  0.1038 -4.4273 -8.9407
X -0.6702 -0.2157 -0.7101
Y  0.7313 -0.0287 -0.6815
Z  0.1266 -0.9760  0.1770

PART 47
OFFSET  0.0937 -3.5100 -7.1846
X -0.6749 -0.2163 -0.7055
Y -0.4979  0.8392  0.2190
Z  0.5446  0.4990 -0.6740

PART 48
OFFSET  0.1162 -4.4084 -6.3920
X -0.6749 -0.2163 -0.7055
Y -0.4979  0.8392  0.2190
Z  0.5446  0.4990 -0.6740

PART 49
OFFSET  0.9542 -5.4018 -6.7410
X -0.6749 -0.2163 -0.7055
Y -0.4979  0.8392  0.2190
Z  0.5446  0.4990 -0.6740

PART 50
OFFSET  2.1586 -3.7659 -6.7638
X -1.0000 -0.0028 -0.0059
Y  0.0059  0.0081 -0.9999
Z  0.0029 -1.0000 -0.0081

PART 51
OFFSET  2.6015 -3.3619 -5.7928
X -0.7920 -0.5154 -0.3274
Y  0.3419  0.0699 -0.9371
Z  0.5058 -0.8541  0.1209

PART 52
OFFSET  4.2483 -2.2092 -4.9996
X -0.9345 -0.2363  0.2662
Y -0.1672 -0.3689 -0.9143
Z  0.3142 -0.8990  0.3052

PART 53
OFFSET  5.7118 -1.7491 -5.5180
X -0.3066  0.0796  0.9485
Y -0.8535 -0.4640 -0.2369
Z  0.4213 -0.8822  0.2103

PART 54
OFFSET  6.0386 -1.7870 -6.5493
X -0.6728  0.5299  0.5163
Y  0.1125  0.7630 -0.6365
Z -0.7312 -0.3702 -0.5730

PART 55
OFFSET  3.0105 -3.5527 -7.8279
X -0.8231 -0.0499  0.5656
Y  0.0720 -0.9973  0.0168
Z  0.5632  0.0546  0.8245

PART 56
OFFSET  4.9332 -3.3104 -8.9807
X -0.6233 -0.7270 -0.2879
Y  0.7687 -0.5021 -0.3963
Z  0.1435 -0.4683  0.8718

PART 57
OFFSET  5.8157 -2.2811 -8.5731
X  0.8183 -0.4574 -0.3480
Y  0.5671  0.7408  0.3600
Z  0.0931 -0.4919  0.8656

PART 58
OFFSET  5.0901 -1.8756 -8.2645
X  0.9595  0.2817  0.0054
Y -0.2533  0.8541  0.4543
Z  0.1234 -0.4373  0.8908

PART 59
OFFSET  4.1786 -2.1432 -8.2697
X -0.5927 -0.6884 -0.4182
Y -0.7931  0.4083  0.4521
Z -0.1405  0.5996 -0.7879

PART 60
OFFSET  3.2269 -3.6972 -7.1631
X -0.9534 -0.0112  0.3014
Y  0.0231 -0.9991  0.0359
Z  0.3007  0.0412  0.9528

PART 61
OFFSET  5.6573 -3.6962 -8.0861
X -0.5392 -0.8318 -0.1317
Y  0.8314 -0.5008 -0.2407
Z  0.1343 -0.2393  0.9616

PART 62
OFFSET  6.5753 -2.2801 -7.8619
X  0.9147 -0.3503 -0.2014
Y  0.3880  0.9007  0.1956
Z  0.1129 -0.2571  0.9598

PART 63
OFFSET  5.3076 -1.7946 -7.5828
X  0.9749  0.2168 -0.0510
Y -0.1953  0.9423  0.2721
Z  0.1070 -0.2553  0.9609

PART 64
OFFSET  4.2503 -2.0297 -7.5274
X -0.6819 -0.7284 -0.0664
Y -0.7232  0.6578  0.2106
Z -0.1097  0.1916 -0.9753

PART 65
OFFSET -2.0067 -4.3205 -5.9472
X -0.9412 -0.2823  0.1856
Y -0.2931  0.9555 -0.0331
Z -0.1680 -0.0855 -0.9821

PART 66
OFFSET  6.0516 -4.1326 -5.9895
X -0.8730 -0.3751 -0.3119
Y  0.3909 -0.9203  0.0125
Z -0.2917 -0.1110  0.9500

PART 67
OFFSET  7.5886 -3.4722 -5.4404
X -0.8466 -0.4380 -0.3024
Y  0.4338 -0.8970  0.0848
Z -0.3084 -0.0594  0.9494

PART 68
OFFSET  8.5991 -2.9433 -5.0151
X -0.4312 -0.8619 -0.2667
Y  0.8282 -0.4954  0.2619
Z -0.3579 -0.1080  0.9275

PART 69
OFFSET  9.0861 -1.9698 -4.7138
X -0.7080  0.6974  0.1113
Y  0.7029  0.6807  0.2063
Z  0.0681  0.2243 -0.9721

PART 70
OFFSET  5.9509 -3.9447 -7.0735
X -0.3924 -0.9197  0.0149
Y  0.9189 -0.3927 -0.0367
Z  0.0396 -0.0007  0.9992

PART 71
OFFSET  6.7175 -2.1481 -7.1025
X  0.9558 -0.2880 -0.0596
Y  0.2855  0.9572 -0.0478
Z  0.0708  0.0286  0.9971

PART 72
OFFSET  5.3215 -1.7274 -7.0156
X  0.9016  0.4228 -0.0913
Y -0.4283  0.9021 -0.0525
Z  0.0602  0.0864  0.9944

PART 73
OFFSET  4.2996 -2.2063 -6.9192
X -0.4216 -0.9059  0.0400
Y -0.9011  0.4235  0.0927
Z -0.1009  0.0031 -0.9949

PART 74
OFFSET  0.0937 -3.5100 -7.1845
X -0.6749 -0.2163 -0.7055
Y -0.4979  0.8392  0.2190
Z  0.5446  0.4990 -0.6740

PART 75
OFFSET  0.1160 -4.4083 -6.3919
X -0.6749 -0.2163 -0.7055
Y -0.4979  0.8392  0.2190
Z  0.5446  0.4990 -0.6740

PART 76
OFFSET  0.9543 -5.4018 -6.7410
X -0.6749 -0.2163 -0.7055
Y -0.4979  0.8392  0.2190
Z  0.5446  0.4990 -0.6740

PART 77
OFFSET  0.0000 -0.0000 -0.0000
X  1.0000 -0.0000  0.0000
Y  0.0000  1.0000  0.0000
Z  0.0000 -0.0000  1.0000

PART 78
OFFSET  0.0000 -0.0000 -0.0000
X  1.0000 -0.0000  0.0000
Y  0.0000  1.0000  0.0000
Z  0.0000 -0.0000  1.0000

PART 79
OFFSET  1.5404 -0.0000  4.1357
X  1.0000 -0.0000  0.0000
Y  0.0000  1.0000  0.0000
Z  0.0000 -0.0000  1.0000


FRAME 101
PART 0
OFFSET  0.0000 -0.0000 -0.0000
X  1.0000 -0.0000  0.0000
Y  0.0000  1.0000  0.0000
Z  0.0000 -0.0000  1.0000

PART 1
OFFSET -4.6318 -0.0000 -1.3770
X  1.0000 -0.0000  0.0000
Y  0.0000  1.0000  0.0000
Z  0.0000 -0.0000  1.0000

PART 2
OFFSET -1.2907  7.9373 -3.1869
X  0.7461 -0.2850 -0.6017
Y -0.1845 -0.9569  0.2245
Z -0.6397 -0.0565 -0.7665

PART 3
OFFSET  7.7330  4.4903 -10.4639
X  0.7346 -0.5193  0.4368
Y -0.4747  0.0666  0.8776
Z -0.4848 -0.8520 -0.1976

PART 4
OFFSET  13.9808  0.0738 -6.7487
X  0.7346 -0.5193  0.4368
Y  0.4737  0.8533  0.2178
Z -0.4858  0.0469  0.8728

PART 5
OFFSET  16.2479  0.5926 -6.3409
X  0.7387 -0.5173  0.4321
Y  0.4895  0.8524  0.1837
Z -0.4634  0.0758  0.8829

PART 6
OFFSET  14.9678 -1.1587 -7.5520
X  0.7387 -0.5173  0.4321
Y  0.4895  0.8524  0.1837
Z -0.4634  0.0758  0.8829

PART 7
OFFSET  15.0695 -0.1553 -4.4523
X  0.7387 -0.5173  0.4321
Y  0.4895  0.8524  0.1837
Z -0.4634  0.0758  0.8829

PART 8
OFFSET  14.2517 -1.2179 -4.5681
X  0.7387 -0.5173  0.4321
Y  0.4895  0.8524  0.1837
Z -0.4634  0.0758  0.8829

PART 9
OFFSET  14.1311 -1.5990 -5.6976
X  0.7387 -0.5173  0.4321
Y  0.4895  0.8524  0.1837
Z -0.4634  0.0758  0.8829

PART 10
OFFSET  16.2327 -1.5180 -5.4097
X  0.9191 -0.3940 -0.0056
Y  0.3863  0.8981  0.2101
Z -0.0777 -0.1952  0.9777

PART 11
OFFSET  16.9871 -0.9087 -4.8081
X  0.9164 -0.0718  0.3938
Y  0.1021  0.9932 -0.0565
Z -0.3871  0.0920  0.9174

PART 12
OFFSET  18.9532 -0.9595 -3.9128
X  0.9534 -0.2169  0.2099
Y  0.1847  0.9692  0.1628
Z -0.2387 -0.1164  0.9641

PART 13
OFFSET  20.4545 -1.3806 -3.4757
X  0.9372  0.0179  0.3484
Y -0.0260  0.9995  0.0185
Z -0.3479 -0.0264  0.9372

PART 14
OFFSET  21.4516 -1.3454 -3.0558
X  0.9099  0.2361 -0.3410
Y -0.2691 -0.2894 -0.9186
Z -0.3156  0.9276 -0.1998

PART 15
OFFSET  16.5811 -2.8526 -5.4417
X  0.5297 -0.8442 -0.0825
Y -0.1506 -0.1894  0.9703
Z -0.8347 -0.5015 -0.2275

PART 16
OFFSET  17.8743 -4.6995 -5.4751
X  0.0192  0.2072  0.9781
Y -0.3310  0.9244 -0.1894
Z -0.9434 -0.3201  0.0864

PART 17
OFFSET  17.9016 -4.4061 -4.0903
X -0.1087  0.6303  0.7687
Y -0.3434  0.7019 -0.6240
Z -0.9329 -0.3318  0.1401

PART 18
OFFSET  17.8052 -3.8473 -3.4087
X -0.0489  0.4427  0.8953
Y -0.2999  0.8485 -0.4360
Z -0.9527 -0.2899  0.0913

PART 19
OFFSET  17.7588 -3.4267 -2.5581
X  0.3635 -0.8294 -0.4243
Y -0.3153  0.3191 -0.8937
Z  0.8766  0.4587 -0.1456

PART 20
OFFSET  17.0508 -2.3151 -5.4399
X  0.7555 -0.6520 -0.0640
Y -0.1134 -0.2263  0.9674
Z -0.6452 -0.7237 -0.2450

PART 21
OFFSET  18.9184 -4.1097 -5.6636
X  0.1214 -0.2091  0.9703
Y -0.3290  0.9138  0.2381
Z -0.9365 -0.3481  0.0422

PART 22
OFFSET  19.1251 -4.4657 -4.0117
X -0.1392  0.5122  0.8475
Y -0.3400  0.7791 -0.5267
Z -0.9301 -0.3614  0.0657

PART 23
OFFSET  18.9321 -3.7558 -2.8371
X -0.1559  0.5347  0.8305
Y -0.3355  0.7622 -0.5536
Z -0.9290 -0.3650  0.0606

PART 24
OFFSET  18.7631 -3.1759 -1.9363
X  0.2737 -0.8914 -0.3612
Y -0.1453  0.3329 -0.9317
Z  0.9508  0.3075 -0.0384

PART 25
OFFSET  19.6377 -1.4113 -4.5694
X  0.7684 -0.5987  0.2259
Y  0.3565  0.1072 -0.9281
Z  0.5315  0.7937  0.2958

PART 26
OFFSET  20.1342 -2.3035 -5.6365
X  0.7357 -0.5627  0.3769
Y -0.4532  0.0045  0.8914
Z -0.5033 -0.8266 -0.2517

PART 27
OFFSET  21.4296 -3.2943 -4.9729
X  0.2841 -0.4727  0.8342
Y -0.8338  0.3078  0.4584
Z -0.4734 -0.8257 -0.3067

PART 28
OFFSET  21.8037 -3.8188 -3.9402
X -0.3523 -0.0445  0.9348
Y -0.8506  0.4319 -0.3000
Z -0.3904 -0.9008 -0.1900

PART 29
OFFSET  21.4057 -3.8691 -2.8843
X  0.7727 -0.6288 -0.0869
Y  0.1307  0.2917 -0.9475
Z  0.6211  0.7208  0.3076

PART 30
OFFSET  19.6032 -3.2708 -5.6884
X  0.4068 -0.4156  0.8135
Y -0.5266  0.6210  0.5805
Z -0.7465 -0.6646  0.0337

PART 31
OFFSET  20.3978 -4.0826 -4.0991
X -0.1948  0.2524  0.9478
Y -0.6067  0.7283 -0.3186
Z -0.7707 -0.6371  0.0113

PART 32
OFFSET  20.1133 -3.7139 -2.7147
X -0.4098  0.5010  0.7623
Y -0.4454  0.6193 -0.6465
Z -0.7960 -0.6045 -0.0306

PART 33
OFFSET  19.6439 -3.1512 -1.8511
X  0.6496 -0.7411 -0.1696
Y -0.1363  0.1060 -0.9850
Z  0.7480  0.6630 -0.0321

PART 34
OFFSET  18.3979 -3.3678 -4.0482
X -0.6875 -0.6997 -0.1944
Y  0.0777  0.1952 -0.9777
Z  0.7220 -0.6873 -0.0798

PART 35
OFFSET  15.9430  0.0422 -6.8883
X  0.7387 -0.5173  0.4321
Y  0.4895  0.8524  0.1837
Z -0.4634  0.0758  0.8829

PART 36
OFFSET  14.9678 -1.1587 -7.5520
X  0.7387 -0.5173  0.4321
Y  0.4895  0.8524  0.1837
Z -0.4634  0.0758  0.8829

PART 37
OFFSET  15.0695 -0.1553 -4.4523
X  0.7387 -0.5173  0.4321
Y  0.4895  0.8524  0.1837
Z -0.4634  0.0758  0.8829

PART 38
OFFSET  14.2517 -1.2179 -4.5681
X  0.7387 -0.5173  0.4321
Y  0.4895  0.8524  0.1837
Z -0.4634  0.0758  0.8829

PART 39
OFFSET  14.1311 -1.5990 -5.6976
X  0.7387 -0.5173  0.4321
Y  0.4895  0.8524  0.1837
Z -0.4634  0.0758  0.8829

PART 40
OFFSET  7.7688 -2.6416 -4.8099
X  1.0000 -0.0000  0.0000
Y  0.0000  1.0000  0.0000
Z  0.0000 -0.0000  1.0000

PART 41
OFFSET  7.7688 -2.6416 -4.8099
X  1.0000 -0.0000  0.0000
Y  0.0000  1.0000  0.0000
Z  0.0000 -0.0000  1.0000

PART 42
OFFSET  11.9806 -2.6266 -4.5308
X  1.0000 -0.0000  0.0000
Y  0.0000  1.0000  0.0000
Z  0.0000 -0.0000  1.0000

PART 43
OFFSET  14.3735 -3.4784 -2.7246
X  1.0000 -0.0000  0.0000
Y  0.0000  1.0000  0.0000
Z  0.0000 -0.0000  1.0000

PART 44
OFFSET -3.5060 -7.9373 -3.1869
X  0.1729 -0.1385  0.9752
Y -0.0119 -0.9903 -0.1385
Z  0.9849  0.0124 -0.1728

PART 45
OFFSET -5.5969 -6.2623 -14.9803
X -0.6702 -0.2157 -0.7101
Y  0.5558  0.4882 -0.6729
Z  0.4918 -0.8457 -0.2073

PART 46
OFFSET  0.1038 -4.4273 -8.9407
X -0.6702 -0.2157 -0.7101
Y  0.7313 -0.0287 -0.6815
Z  0.1266 -0.9760  0.1770

PART 47
OFFSET  0.0937 -3.5100 -7.1846
X -0.6749 -0.2163 -0.7055
Y -0.4979  0.8392  0.2190
Z  0.5446  0.4990 -0.6740

PART 48
OFFSET  0.1162 -4.4084 -6.3920
X -0.6749 -0.2163 -0.7055
Y -0.4979  0.8392  0.2190
Z  0.5446  0.4990 -0.6740

PART 49
OFFSET  0.9542 -5.4018 -6.7410
X -0.6749 -0.2163 -0.7055
Y -0.4979  0.8392  0.2190
Z  0.5446  0.4990 -0.6740

PART 50
OFFSET  2.1586 -3.7659 -6.7638
X -1.0000 -0.0028 -0.0059
Y  0.0059  0.0081 -0.9999
Z  0.0029 -1.0000 -0.0081

PART 51
OFFSET  2.6015 -3.3619 -5.7928
X -0.7920 -0.5154 -0.3274
Y  0.3419  0.0699 -0.9371
Z  0.5058 -0.8541  0.1209

PART 52
OFFSET  4.2483 -2.2092 -4.9996
X -0.9345 -0.2363  0.2662
Y -0.1672 -0.3689 -0.9143
Z  0.3142 -0.8990  0.3052

PART 53
OFFSET  5.7118 -1.7491 -5.5180
X -0.3066  0.0796  0.9485
Y -0.8535 -0.4640 -0.2369
Z  0.4213 -0.8822  0.2103

PART 54
OFFSET  6.0386 -1.7870 -6.5493
X -0.6728  0.5299  0.5163
Y  0.1125  0.7630 -0.6365
Z -0.7312 -0.3702 -0.5730

PART 55
OFFSET  3.0105 -3.5527 -7.8279
X -0.8231 -0.0499  0.5656
Y  0.0720 -0.9973  0.0168
Z  0.5632  0.0546  0.8245

PART 56
OFFSET  4.9332 -3.3104 -8.9807
X -0.6233 -0.7270 -0.2879
Y  0.7687 -0.5021 -0.3963
Z  0.1435 -0.4683  0.8718

PART 57
OFFSET  5.8157 -2.2811 -8.5731
X  0.8183 -0.4574 -0.3480
Y  0.5671  0.7408  0.3600
Z  0.0931 -0.4919  0.8656

PART 58
OFFSET  5.0901 -1.8756 -8.2645
X  0.9595  0.2817  0.0054
Y -0.2533  0.8541  0.4543
Z  0.1234 -0.4373  0.8908

PART 59
OFFSET  4.1786 -2.1432 -8.2697
X -0.5927 -0.6884 -0.4182
Y -0.7931  0.4083  0.4521
Z -0.1405  0.5996 -0.7879

PART 60
OFFSET  3.2269 -3.6972 -7.1631
X -0.9534 -0.0112  0.3014
Y  0.0231 -0.9991  0.0359
Z  0.3007  0.0412  0.9528

PART 61
OFFSET  5.6573 -3.6962 -8.0861
X -0.5392 -0.8318 -0.1317
Y  0.8314 -0.5008 -0.2407
Z  0.1343 -0.2393  0.9616

PART 62
OFFSET  6.5753 -2.2801 -7.8619
X  0.9147 -0.3503 -0.2014
Y  0.3880  0.9007  0.1956
Z  0.1129 -0.2571  0.9598

PART 63
OFFSET  5.3076 -1.7946 -7.5828
X  0.9749  0.2168 -0.0510
Y -0.1953  0.9423  0.2721
Z  0.1070 -0.2553  0.9609

PART 64
OFFSET  4.2503 -2.0297 -7.5274
X -0.6819 -0.7284 -0.0664
Y -0.7232  0.6578  0.2106
Z -0.1097  0.1916 -0.9753

PART 65
OFFSET -2.0067 -4.3205 -5.9472
X -0.9412 -0.2823  0.1856
Y -0.2931  0.9555 -0.0331
Z -0.1680 -0.0855 -0.9821

PART 66
OFFSET  6.0516 -4.1326 -5.9895
X -0.8730 -0.3751 -0.3119
Y  0.3909 -0.9203  0.0125
Z -0.2917 -0.1110  0.9500

PART 67
OFFSET  7.5886 -3.4722 -5.4404
X -0.8466 -0.4380 -0.3024
Y  0.4338 -0.8970  0.0848
Z -0.3084 -0.0594  0.9494

PART 68
OFFSET  8.5991 -2.9433 -5.0151
X -0.4312 -0.8619 -0.2667
Y  0.8282 -0.4954  0.2619
Z -0.3579 -0.1080  0.9275

PART 69
OFFSET  9.0861 -1.9698 -4.7138
X -0.7080  0.6974  0.1113
Y  0.7029  0.6807  0.2063
Z  0.0681  0.2243 -0.9721

PART 70
OFFSET  5.9509 -3.9447 -7.0735
X -0.3924 -0.9197  0.0149
Y  0.9189 -0.3927 -0.0367
Z  0.0396 -0.0007  0.9992

PART 71
OFFSET  6.7175 -2.1481 -7.1025
X  0.9558 -0.2880 -0.0596
Y  0.2855  0.9572 -0.0478
Z  0.0708  0.0286  0.9971

PART 72
OFFSET  5.3215 -1.7274 -7.0156
X  0.9016  0.4228 -0.0913
Y -0.4283  0.9021 -0.0525
Z  0.0602  0.0864  0.9944

PART 73
OFFSET  4.2996 -2.2063 -6.9192
X -0.4216 -0.9059  0.0400
Y -0.9011  0.4235  0.0927
Z -0.1009  0.0031 -0.9949

PART 74
OFFSET  0.0937 -3.5100 -7.1845
X -0.6749 -0.2163 -0.7055
Y -0.4979  0.8392  0.2190
Z  0.5446  0.4990 -0.6740

PART 75
OFFSET  0.1160 -4.4083 -6.3919
X -0.6749 -0.2163 -0.7055
Y -0.4979  0.8392  0.2190
Z  0.5446  0.4990 -0.6740

PART 76
OFFSET  0.9543 -5.4018 -6.7410
X -0.6749 -0.2163 -0.7055
Y -0.4979  0.8392  0.2190
Z  0.5446  0.4990 -0.6740

PART 77
OFFSET  0.0000 -0.0000 -0.0000
X  1.0000 -0.0000  0.0000
Y  0.0000  1.0000  0.0000
Z  0.0000 -0.0000  1.0000

PART 78
OFFSET  0.0000 -0.0000 -0.0000
X  1.0000 -0.0000  0.0000
Y  0.0000  1.0000  0.0000
Z  0.0000 -0.0000  1.0000

PART 79
OFFSET  1.5404 -0.0000  4.1357
X  1.0000 -0.0000  0.0000
Y  0.0000  1.0000  0.0000
Z  0.0000 -0.0000  1.0000


FRAME 102
PART 0
OFFSET  0.0000 -0.0000 -0.0000
X  1.0000 -0.0000  0.0000
Y  0.0000  1.0000  0.0000
Z  0.0000 -0.0000  1.0000

PART 1
OFFSET -4.6318 -0.0000 -1.3770
X  1.0000 -0.0000  0.0000
Y  0.0000  1.0000  0.0000
Z  0.0000 -0.0000  1.0000

PART 2
OFFSET -1.2907  7.9373 -3.1869
X  0.7461 -0.2850 -0.6017
Y -0.1845 -0.9569  0.2245
Z -0.6397 -0.0565 -0.7665

PART 3
OFFSET  7.7330  4.4903 -10.4639
X  0.7346 -0.5193  0.4368
Y -0.4747  0.0666  0.8776
Z -0.4848 -0.8520 -0.1976

PART 4
OFFSET  13.9808  0.0738 -6.7487
X  0.7346 -0.5193  0.4368
Y  0.4737  0.8533  0.2178
Z -0.4858  0.0469  0.8728

PART 5
OFFSET  16.2479  0.5926 -6.3409
X  0.7387 -0.5173  0.4321
Y  0.4895  0.8524  0.1837
Z -0.4634  0.0758  0.8829

PART 6
OFFSET  14.9678 -1.1587 -7.5520
X  0.7387 -0.5173  0.4321
Y  0.4895  0.8524  0.1837
Z -0.4634  0.0758  0.8829

PART 7
OFFSET  15.0695 -0.1553 -4.4523
X  0.7387 -0.5173  0.4321
Y  0.4895  0.8524  0.1837
Z -0.4634  0.0758  0.8829

PART 8
OFFSET  14.2517 -1.2179 -4.5681
X  0.7387 -0.5173  0.4321
Y  0.4895  0.8524  0.1837
Z -0.4634  0.0758  0.8829

PART 9
OFFSET  14.1311 -1.5990 -5.6976
X  0.7387 -0.5173  0.4321
Y  0.4895  0.8524  0.1837
Z -0.4634  0.0758  0.8829

PART 10
OFFSET  16.2327 -1.5180 -5.4097
X  0.9191 -0.3940 -0.0056
Y  0.3863  0.8981  0.2101
Z -0.0777 -0.1952  0.9777

PART 11
OFFSET  16.9871 -0.9087 -4.8081
X  0.9164 -0.0718  0.3938
Y  0.1021  0.9932 -0.0565
Z -0.3871  0.0920  0.9174

PART 12
OFFSET  18.9532 -0.9595 -3.9128
X  0.9534 -0.2169  0.2099
Y  0.1847  0.9692  0.1628
Z -0.2387 -0.1164  0.9641

PART 13
OFFSET  20.4545 -1.3806 -3.4757
X  0.9372  0.0179  0.3484
Y -0.0260  0.9995  0.0185
Z -0.3479 -0.0264  0.9372

PART 14
OFFSET  21.4516 -1.3454 -3.0558
X  0.9099  0.2361 -0.3410
Y -0.2691 -0.2894 -0.9186
Z -0.3156  0.9276 -0.1998

PART 15
OFFSET  16.5811 -2.8526 -5.4417
X  0.5297 -0.8442 -0.0825
Y -0.1506 -0.1894  0.9703
Z -0.8347 -0.5015 -0.2275

PART 16
OFFSET  17.8743 -4.6995 -5.4751
X  0.0192  0.2072  0.9781
Y -0.3310  0.9244 -0.1894
Z -0.9434 -0.3201  0.0864

PART 17
OFFSET  17.9016 -4.4061 -4.0903
X -0.1087  0.6303  0.7687
Y -0.3434  0.7019 -0.6240
Z -0.9329 -0.3318  0.1401

PART 18
OFFSET  17.8052 -3.8473 -3.4087
X -0.0489  0.4427  0.8953
Y -0.2999  0.8485 -0.4360
Z -0.9527 -0.2899  0.0913

PART 19
OFFSET  17.7588 -3.4267 -2.5581
X  0.3635 -0.8294 -0.4243
Y -0.3153  0.3191 -0.8937
Z  0.8766  0.4587 -0.1456

PART 20
OFFSET  17.0508 -2.3151 -5.4399
X  0.7555 -0.6520 -0.0640
Y -0.1134 -0.2263  0.9674
Z -0.6452 -0.7237 -0.2450

PART 21
OFFSET  18.9184 -4.1097 -5.6636
X  0.1214 -0.2091  0.9703
Y -0.3290  0.9138  0.2381
Z -0.9365 -0.3481  0.0422

PART 22
OFFSET  19.1251 -4.4657 -4.0117
X -0.1392  0.5122  0.8475
Y -0.3400  0.7791 -0.5267
Z -0.9301 -0.3614  0.0657

PART 23
OFFSET  18.9321 -3.7558 -2.8371
X -0.1559  0.5347  0.8305
Y -0.3355  0.7622 -0.5536
Z -0.9290 -0.3650  0.0606

PART 24
OFFSET  18.7631 -3.1759 -1.9363
X  0.2737 -0.8914 -0.3612
Y -0.1453  0.3329 -0.9317
Z  0.9508  0.3075 -0.0384

PART 25
OFFSET  19.6377 -1.4113 -4.5694
X  0.7684 -0.5987  0.2259
Y  0.3565  0.1072 -0.9281
Z  0.5315  0.7937  0.2958

PART 26
OFFSET  20.1342 -2.3035 -5.6365
X  0.7357 -0.5627  0.3769
Y -0.4532  0.0045  0.8914
Z -0.5033 -0.8266 -0.2517

PART 27
OFFSET  21.4296 -3.2943 -4.9729
X  0.2841 -0.4727  0.8342
Y -0.8338  0.3078  0.4584
Z -0.4734 -0.8257 -0.3067

PART 28
OFFSET  21.8037 -3.8188 -3.9402
X -0.3523 -0.0445  0.9348
Y -0.8506  0.4319 -0.3000
Z -0.3904 -0.9008 -0.1900

PART 29
OFFSET  21.4057 -3.8691 -2.8843
X  0.7727 -0.6288 -0.0869
Y  0.1307  0.2917 -0.9475
Z  0.6211  0.7208  0.3076

PART 30
OFFSET  19.6032 -3.2708 -5.6884
X  0.4068 -0.4156  0.8135
Y -0.5266  0.6210  0.5805
Z -0.7465 -0.6646  0.0337

PART 31
OFFSET  20.3978 -4.0826 -4.0991
X -0.1948  0.2524  0.9478
Y -0.6067  0.7283 -0.3186
Z -0.7707 -0.6371  0.0113

PART 32
OFFSET  20.1133 -3.7139 -2.7147
X -0.4098  0.5010  0.7623
Y -0.4454  0.6193 -0.6465
Z -0.7960 -0.6045 -0.0306

PART 33
OFFSET  19.6439 -3.1512 -1.8511
X  0.6496 -0.7411 -0.1696
Y -0.1363  0.1060 -0.9850
Z  0.7480  0.6630 -0.0321

PART 34
OFFSET  18.3979 -3.3678 -4.0482
X -0.6875 -0.6997 -0.1944
Y  0.0777  0.1952 -0.9777
Z  0.7220 -0.6873 -0.0798

PART 35
OFFSET  15.9430  0.0422 -6.8883
X  0.7387 -0.5173  0.4321
Y  0.4895  0.8524  0.1837
Z -0.4634  0.0758  0.8829

PART 36
OFFSET  14.9678 -1.1587 -7.5520
X  0.7387 -0.5173  0.4321
Y  0.4895  0.8524  0.1837
Z -0.4634  0.0758  0.8829

PART 37
OFFSET  15.0695 -0.1553 -4.4523
X  0.7387 -0.5173  0.4321
Y  0.4895  0.8524  0.1837
Z -0.4634  0.0758  0.8829

PART 38
OFFSET  14.2517 -1.2179 -4.5681
X  0.7387 -0.5173  0.4321
Y  0.4895  0.8524  0.1837
Z -0.4634  0.0758  0.8829

PART 39
OFFSET  14.1311 -1.5990 -5.6976
X  0.7387 -0.5173  0.4321
Y  0.4895  0.8524  0.1837
Z -0.4634  0.0758  0.8829

PART 40
OFFSET  7.7688 -2.6416 -4.8099
X  1.0000 -0.0000  0.0000
Y  0.0000  1.0000  0.0000
Z  0.0000 -0.0000  1.0000

PART 41
OFFSET  7.7688 -2.6416 -4.8099
X  1.0000 -0.0000  0.0000
Y  0.0000  1.0000  0.0000
Z  0.0000 -0.0000  1.0000

PART 42
OFFSET  11.9806 -2.6266 -4.5308
X  1.0000 -0.0000  0.0000
Y  0.0000  1.0000  0.0000
Z  0.0000 -0.0000  1.0000

PART 43
OFFSET  14.3735 -3.4784 -2.7246
X  1.0000 -0.0000  0.0000
Y  0.0000  1.0000  0.0000
Z  0.0000 -0.0000  1.0000

PART 44
OFFSET -3.5060 -7.9373 -3.1869
X  0.1729 -0.1385  0.9752
Y -0.0119 -0.9903 -0.1385
Z  0.9849  0.0124 -0.1728

PART 45
OFFSET -5.5969 -6.2623 -14.9803
X -0.6702 -0.2157 -0.7101
Y  0.5558  0.4882 -0.6729
Z  0.4918 -0.8457 -0.2073

PART 46
OFFSET  0.1038 -4.4273 -8.9407
X -0.6702 -0.2157 -0.7101
Y  0.7313 -0.0287 -0.6815
Z  0.1266 -0.9760  0.1770

PART 47
OFFSET  0.0937 -3.5100 -7.1846
X -0.6749 -0.2163 -0.7055
Y -0.4979  0.8392  0.2190
Z  0.5446  0.4990 -0.6740

PART 48
OFFSET  0.1162 -4.4084 -6.3920
X -0.6749 -0.2163 -0.7055
Y -0.4979  0.8392  0.2190
Z  0.5446  0.4990 -0.6740

PART 49
OFFSET  0.9542 -5.4018 -6.7410
X -0.6749 -0.2163 -0.7055
Y -0.4979  0.8392  0.2190
Z  0.5446  0.4990 -0.6740

PART 50
OFFSET  2.1586 -3.7659 -6.7638
X -1.0000 -0.0028 -0.0059
Y  0.0059  0.0081 -0.9999
Z  0.0029 -1.0000 -0.0081

PART 51
OFFSET  2.6015 -3.3619 -5.7928
X -0.7920 -0.5154 -0.3274
Y  0.3419  0.0699 -0.9371
Z  0.5058 -0.8541  0.1209

PART 52
OFFSET  4.2483 -2.2092 -4.9996
X -0.9345 -0.2363  0.2662
Y -0.1672 -0.3689 -0.9143
Z  0.3142 -0.8990  0.3052

PART 53
OFFSET  5.7118 -1.7491 -5.5180
X -0.3066  0.0796  0.9485
Y -0.8535 -0.4640 -0.2369
Z  0.4213 -0.8822  0.2103

PART 54
OFFSET  6.0386 -1.7870 -6.5493
X -0.6728  0.5299  0.5163
Y  0.1125  0.7630 -0.6365
Z -0.7312 -0.3702 -0.5730

PART 55
OFFSET  3.0105 -3.5527 -7.8279
X -0.8231 -0.0499  0.5656
Y  0.0720 -0.9973  0.0168
Z  0.5632  0.0546  0.8245

PART 56
OFFSET  4.9332 -3.3104 -8.9807
X -0.6233 -0.7270 -0.2879
Y  0.7687 -0.5021 -0.3963
Z  0.1435 -0.4683  0.8718

PART 57
OFFSET  5.8157 -2.2811 -8.5731
X  0.8183 -0.4574 -0.3480
Y  0.5671  0.7408  0.3600
Z  0.0931 -0.4919  0.8656

PART 58
OFFSET  5.0901 -1.8756 -8.2645
X  0.9595  0.2817  0.0054
Y -0.2533  0.8541  0.4543
Z  0.1234 -0.4373  0.8908

PART 59
OFFSET  4.1786 -2.1432 -8.2697
X -0.5927 -0.6884 -0.4182
Y -0.7931  0.4083  0.4521
Z -0.1405  0.5996 -0.7879

PART 60
OFFSET  3.2269 -3.6972 -7.1631
X -0.9534 -0.0112  0.3014
Y  0.0231 -0.9991  0.0359
Z  0.3007  0.0412  0.9528

PART 61
OFFSET  5.6573 -3.6962 -8.0861
X -0.5392 -0.8318 -0.1317
Y  0.8314 -0.5008 -0.2407
Z  0.1343 -0.2393  0.9616

PART 62
OFFSET  6.5753 -2.2801 -7.8619
X  0.9147 -0.3503 -0.2014
Y  0.3880  0.9007  0.1956
Z  0.1129 -0.2571  0.9598

PART 63
OFFSET  5.3076 -1.7946 -7.5828
X  0.9749  0.2168 -0.0510
Y -0.1953  0.9423  0.2721
Z  0.1070 -0.2553  0.9609

PART 64
OFFSET  4.2503 -2.0297 -7.5274
X -0.6819 -0.7284 -0.0664
Y -0.7232  0.6578  0.2106
Z -0.1097  0.1916 -0.9753

PART 65
OFFSET -2.0067 -4.3205 -5.9472
X -0.9412 -0.2823  0.1856
Y -0.2931  0.9555 -0.0331
Z -0.1680 -0.0855 -0.9821

PART 66
OFFSET  6.0516 -4.1326 -5.9895
X -0.8730 -0.3751 -0.3119
Y  0.3909 -0.9203  0.0125
Z -0.2917 -0.1110  0.9500

PART 67
OFFSET  7.5886 -3.4722 -5.4404
X -0.8466 -0.4380 -0.3024
Y  0.4338 -0.8970  0.0848
Z -0.3084 -0.0594  0.9494

PART 68
OFFSET  8.5991 -2.9433 -5.0151
X -0.4312 -0.8619 -0.2667
Y  0.8282 -0.4954  0.2619
Z -0.3579 -0.1080  0.9275

PART 69
OFFSET  9.0861 -1.9698 -4.7138
X -0.7080  0.6974  0.1113
Y  0.7029  0.6807  0.2063
Z  0.0681  0.2243 -0.9721

PART 70
OFFSET  5.9509 -3.9447 -7.0735
X -0.3924 -0.9197  0.0149
Y  0.9189 -0.3927 -0.0367
Z  0.0396 -0.0007  0.9992

PART 71
OFFSET  6.7175 -2.1481 -7.1025
X  0.9558 -0.2880 -0.0596
Y  0.2855  0.9572 -0.0478
Z  0.0708  0.0286  0.9971

PART 72
OFFSET  5.3215 -1.7274 -7.0156
X  0.9016  0.4228 -0.0913
Y -0.4283  0.9021 -0.0525
Z  0.0602  0.0864  0.9944

PART 73
OFFSET  4.2996 -2.2063 -6.9192
X -0.4216 -0.9059  0.0400
Y -0.9011  0.4235  0.0927
Z -0.1009  0.0031 -0.9949

PART 74
OFFSET  0.0937 -3.5100 -7.1845
X -0.6749 -0.2163 -0.7055
Y -0.4979  0.8392  0.2190
Z  0.5446  0.4990 -0.6740

PART 75
OFFSET  0.1160 -4.4083 -6.3919
X -0.6749 -0.2163 -0.7055
Y -0.4979  0.8392  0.2190
Z  0.5446  0.4990 -0.6740

PART 76
OFFSET  0.9543 -5.4018 -6.7410
X -0.6749 -0.2163 -0.7055
Y -0.4979  0.8392  0.2190
Z  0.5446  0.4990 -0.6740

PART 77
OFFSET  0.0000 -0.0000 -0.0000
X  1.0000 -0.0000  0.0000
Y  0.0000  1.0000  0.0000
Z  0.0000 -0.0000  1.0000

PART 78
OFFSET  0.0000 -0.0000 -0.0000
X  1.0000 -0.0000  0.0000
Y  0.0000  1.0000  0.0000
Z  0.0000 -0.0000  1.0000

PART 79
OFFSET  1.5404 -0.0000  4.1357
X  1.0000 -0.0000  0.0000
Y  0.0000  1.0000  0.0000
Z  0.0000 -0.0000  1.0000


FRAME 103
PART 0
OFFSET  0.0000 -0.0000 -0.0000
X  1.0000 -0.0000  0.0000
Y  0.0000  1.0000  0.0000
Z  0.0000 -0.0000  1.0000

PART 1
OFFSET -4.6318 -0.0000 -1.3770
X  1.0000 -0.0000  0.0000
Y  0.0000  1.0000  0.0000
Z  0.0000 -0.0000  1.0000

PART 2
OFFSET -1.2907  7.9373 -3.1869
X  0.7461 -0.2850 -0.6017
Y -0.1845 -0.9569  0.2245
Z -0.6397 -0.0565 -0.7665

PART 3
OFFSET  7.7330  4.4903 -10.4639
X  0.7346 -0.5193  0.4368
Y -0.4747  0.0666  0.8776
Z -0.4848 -0.8520 -0.1976

PART 4
OFFSET  13.9808  0.0738 -6.7487
X  0.7346 -0.5193  0.4368
Y  0.4737  0.8533  0.2178
Z -0.4858  0.0469  0.8728

PART 5
OFFSET  16.2479  0.5926 -6.3409
X  0.7387 -0.5173  0.4321
Y  0.4895  0.8524  0.1837
Z -0.4634  0.0758  0.8829

PART 6
OFFSET  14.9678 -1.1587 -7.5520
X  0.7387 -0.5173  0.4321
Y  0.4895  0.8524  0.1837
Z -0.4634  0.0758  0.8829

PART 7
OFFSET  15.0695 -0.1553 -4.4523
X  0.7387 -0.5173  0.4321
Y  0.4895  0.8524  0.1837
Z -0.4634  0.0758  0.8829

PART 8
OFFSET  14.2517 -1.2179 -4.5681
X  0.7387 -0.5173  0.4321
Y  0.4895  0.8524  0.1837
Z -0.4634  0.0758  0.8829

PART 9
OFFSET  14.1311 -1.5990 -5.6976
X  0.7387 -0.5173  0.4321
Y  0.4895  0.8524  0.1837
Z -0.4634  0.0758  0.8829

PART 10
OFFSET  16.2327 -1.5180 -5.4097
X  0.9191 -0.3940 -0.0056
Y  0.3863  0.8981  0.2101
Z -0.0777 -0.1952  0.9777

PART 11
OFFSET  16.9871 -0.9087 -4.8081
X  0.9164 -0.0718  0.3938
Y  0.1021  0.9932 -0.0565
Z -0.3871  0.0920  0.9174

PART 12
OFFSET  18.9532 -0.9595 -3.9128
X  0.9534 -0.2169  0.2099
Y  0.1847  0.9692  0.1628
Z -0.2387 -0.1164  0.9641

PART 13
OFFSET  20.4545 -1.3806 -3.4757
X  0.9372  0.0179  0.3484
Y -0.0260  0.9995  0.0185
Z -0.3479 -0.0264  0.9372

PART 14
OFFSET  21.4516 -1.3454 -3.0558
X  0.9099  0.2361 -0.3410
Y -0.2691 -0.2894 -0.9186
Z -0.3156  0.9276 -0.1998

PART 15
OFFSET  16.5811 -2.8526 -5.4417
X  0.5297 -0.8442 -0.0825
Y -0.1506 -0.1894  0.9703
Z -0.8347 -0.5015 -0.2275

PART 16
OFFSET  17.8743 -4.6995 -5.4751
X  0.0192  0.2072  0.9781
Y -0.3310  0.9244 -0.1894
Z -0.9434 -0.3201  0.0864

PART 17
OFFSET  17.9016 -4.4061 -4.0903
X -0.1087  0.6303  0.7687
Y -0.3434  0.7019 -0.6240
Z -0.9329 -0.3318  0.1401

PART 18
OFFSET  17.8052 -3.8473 -3.4087
X -0.0489  0.4427  0.8953
Y -0.2999  0.8485 -0.4360
Z -0.9527 -0.2899  0.0913

PART 19
OFFSET  17.7588 -3.4267 -2.5581
X  0.3635 -0.8294 -0.4243
Y -0.3153  0.3191 -0.8937
Z  0.8766  0.4587 -0.1456

PART 20
OFFSET  17.0508 -2.3151 -5.4399
X  0.7555 -0.6520 -0.0640
Y -0.1134 -0.2263  0.9674
Z -0.6452 -0.7237 -0.2450

PART 21
OFFSET  18.9184 -4.1097 -5.6636
X  0.1214 -0.2091  0.9703
Y -0.3290  0.9138  0.2381
Z -0.9365 -0.3481  0.0422

PART 22
OFFSET  19.1251 -4.4657 -4.0117
X -0.1392  0.5122  0.8475
Y -0.3400  0.7791 -0.5267
Z -0.9301 -0.3614  0.0657

PART 23
OFFSET  18.9321 -3.7558 -2.8371
X -0.1559  0.5347  0.8305
Y -0.3355  0.7622 -0.5536
Z -0.9290 -0.3650  0.0606

PART 24
OFFSET  18.7631 -3.1759 -1.9363
X  0.2737 -0.8914 -0.3612
Y -0.1453  0.3329 -0.9317
Z  0.9508  0.3075 -0.0384

PART 25
OFFSET  19.6377 -1.4113 -4.5694
X  0.7684 -0.5987  0.2259
Y  0.3565  0.1072 -0.9281
Z  0.5315  0.7937  0.2958

PART 26
OFFSET  20.1342 -2.3035 -5.6365
X  0.7357 -0.5627  0.3769
Y -0.4532  0.0045  0.8914
Z -0.5033 -0.8266 -0.2517

PART 27
OFFSET  21.4296 -3.2943 -4.9729
X  0.2841 -0.4727  0.8342
Y -0.8338  0.3078  0.4584
Z -0.4734 -0.8257 -0.3067

PART 28
OFFSET  21.8037 -3.8188 -3.9402
X -0.3523 -0.0445  0.9348
Y -0.8506  0.4319 -0.3000
Z -0.3904 -0.9008 -0.1900

PART 29
OFFSET  21.4057 -3.8691 -2.8843
X  0.7727 -0.6288 -0.0869
Y  0.1307  0.2917 -0.9475
Z  0.6211  0.7208  0.3076

PART 30
OFFSET  19.6032 -3.2708 -5.6884
X  0.4068 -0.4156  0.8135
Y -0.5266  0.6210  0.5805
Z -0.7465 -0.6646  0.0337

PART 31
OFFSET  20.3978 -4.0826 -4.0991
X -0.1948  0.2524  0.9478
Y -0.6067  0.7283 -0.3186
Z -0.7707 -0.6371  0.0113

PART 32
OFFSET  20.1133 -3.7139 -2.7147
X -0.4098  0.5010  0.7623
Y -0.4454  0.6193 -0.6465
Z -0.7960 -0.6045 -0.0306

PART 33
OFFSET  19.6439 -3.1512 -1.8511
X  0.6496 -0.7411 -0.1696
Y -0.1363  0.1060 -0.9850
Z  0.7480  0.6630 -0.0321

PART 34
OFFSET  18.3979 -3.3678 -4.0482
X -0.6875 -0.6997 -0.1944
Y  0.0777  0.1952 -0.9777
Z  0.7220 -0.6873 -0.0798

PART 35
OFFSET  15.9430  0.0422 -6.8883
X  0.7387 -0.5173  0.4321
Y  0.4895  0.8524  0.1837
Z -0.4634  0.0758  0.8829

PART 36
OFFSET  14.9678 -1.1587 -7.5520
X  0.7387 -0.5173  0.4321
Y  0.4895  0.8524  0.1837
Z -0.4634  0.0758  0.8829

PART 37
OFFSET  15.0695 -0.1553 -4.4523
X  0.7387 -0.5173  0.4321
Y  0.4895  0.8524  0.1837
Z -0.4634  0.0758  0.8829

PART 38
OFFSET  14.2517 -1.2179 -4.5681
X  0.7387 -0.5173  0.4321
Y  0.4895  0.8524  0.1837
Z -0.4634  0.0758  0.8829

PART 39
OFFSET  14.1311 -1.5990 -5.6976
X  0.7387 -0.5173  0.4321
Y  0.4895  0.8524  0.1837
Z -0.4634  0.0758  0.8829

PART 40
OFFSET  7.7688 -2.6416 -4.8099
X  1.0000 -0.0000  0.0000
Y  0.0000  1.0000  0.0000
Z  0.0000 -0.0000  1.0000

PART 41
OFFSET  7.7688 -2.6416 -4.8099
X  1.0000 -0.0000  0.0000
Y  0.0000  1.0000  0.0000
Z  0.0000 -0.0000  1.0000

PART 42
OFFSET  11.9806 -2.6266 -4.5308
X  1.0000 -0.0000  0.0000
Y  0.0000  1.0000  0.0000
Z  0.0000 -0.0000  1.0000

PART 43
OFFSET  14.3735 -3.4784 -2.7246
X  1.0000 -0.0000  0.0000
Y  0.0000  1.0000  0.0000
Z  0.0000 -0.0000  1.0000

PART 44
OFFSET -3.5060 -7.9373 -3.1869
X  0.1729 -0.1385  0.9752
Y -0.0119 -0.9903 -0.1385
Z  0.9849  0.0124 -0.1728

PART 45
OFFSET -5.5969 -6.2623 -14.9803
X -0.6702 -0.2157 -0.7101
Y  0.5558  0.4882 -0.6729
Z  0.4918 -0.8457 -0.2073

PART 46
OFFSET  0.1038 -4.4273 -8.9407
X -0.6702 -0.2157 -0.7101
Y  0.7313 -0.0287 -0.6815
Z  0.1266 -0.9760  0.1770

PART 47
OFFSET  0.0937 -3.5100 -7.1846
X -0.6749 -0.2163 -0.7055
Y -0.4979  0.8392  0.2190
Z  0.5446  0.4990 -0.6740

PART 48
OFFSET  0.1162 -4.4084 -6.3920
X -0.6749 -0.2163 -0.7055
Y -0.4979  0.8392  0.2190
Z  0.5446  0.4990 -0.6740

PART 49
OFFSET  0.9542 -5.4018 -6.7410
X -0.6749 -0.2163 -0.7055
Y -0.4979  0.8392  0.2190
Z  0.5446  0.4990 -0.6740

PART 50
OFFSET  2.1586 -3.7659 -6.7638
X -1.0000 -0.0028 -0.0059
Y  0.0059  0.0081 -0.9999
Z  0.0029 -1.0000 -0.0081

PART 51
OFFSET  2.6015 -3.3619 -5.7928
X -0.7920 -0.5154 -0.3274
Y  0.3419  0.0699 -0.9371
Z  0.5058 -0.8541  0.1209

PART 52
OFFSET  4.2483 -2.2092 -4.9996
X -0.9345 -0.2363  0.2662
Y -0.1672 -0.3689 -0.9143
Z  0.3142 -0.8990  0.3052

PART 53
OFFSET  5.7118 -1.7491 -5.5180
X -0.3066  0.0796  0.9485
Y -0.8535 -0.4640 -0.2369
Z  0.4213 -0.8822  0.2103

PART 54
OFFSET  6.0386 -1.7870 -6.5493
X -0.6728  0.5299  0.5163
Y  0.1125  0.7630 -0.6365
Z -0.7312 -0.3702 -0.5730

PART 55
OFFSET  3.0105 -3.5527 -7.8279
X -0.8231 -0.0499  0.5656
Y  0.0720 -0.9973  0.0168
Z  0.5632  0.0546  0.8245

PART 56
OFFSET  4.9332 -3.3104 -8.9807
X -0.6233 -0.7270 -0.2879
Y  0.7687 -0.5021 -0.3963
Z  0.1435 -0.4683  0.8718

PART 57
OFFSET  5.8157 -2.2811 -8.5731
X  0.8183 -0.4574 -0.3480
Y  0.5671  0.7408  0.3600
Z  0.0931 -0.4919  0.8656

PART 58
OFFSET  5.0901 -1.8756 -8.2645
X  0.9595  0.2817  0.0054
Y -0.2533  0.8541  0.4543
Z  0.1234 -0.4373  0.8908

PART 59
OFFSET  4.1786 -2.1432 -8.2697
X -0.5927 -0.6884 -0.4182
Y -0.7931  0.4083  0.4521
Z -0.1405  0.5996 -0.7879

PART 60
OFFSET  3.2269 -3.6972 -7.1631
X -0.9534 -0.0112  0.3014
Y  0.0231 -0.9991  0.0359
Z  0.3007  0.0412  0.9528

PART 61
OFFSET  5.6573 -3.6962 -8.0861
X -0.5392 -0.8318 -0.1317
Y  0.8314 -0.5008 -0.2407
Z  0.1343 -0.2393  0.9616

PART 62
OFFSET  6.5753 -2.2801 -7.8619
X  0.9147 -0.3503 -0.2014
Y  0.3880  0.9007  0.1956
Z  0.1129 -0.2571  0.9598

PART 63
OFFSET  5.3076 -1.7946 -7.5828
X  0.9749  0.2168 -0.0510
Y -0.1953  0.9423  0.2721
Z  0.1070 -0.2553  0.9609

PART 64
OFFSET  4.2503 -2.0297 -7.5274
X -0.6819 -0.7284 -0.0664
Y -0.7232  0.6578  0.2106
Z -0.1097  0.1916 -0.9753

PART 65
OFFSET -2.0067 -4.3205 -5.9472
X -0.9412 -0.2823  0.1856
Y -0.2931  0.9555 -0.0331
Z -0.1680 -0.0855 -0.9821

PART 66
OFFSET  6.0516 -4.1326 -5.9895
X -0.8730 -0.3751 -0.3119
Y  0.3909 -0.9203  0.0125
Z -0.2917 -0.1110  0.9500

PART 67
OFFSET  7.5886 -3.4722 -5.4404
X -0.8466 -0.4380 -0.3024
Y  0.4338 -0.8970  0.0848
Z -0.3084 -0.0594  0.9494

PART 68
OFFSET  8.5991 -2.9433 -5.0151
X -0.4312 -0.8619 -0.2667
Y  0.8282 -0.4954  0.2619
Z -0.3579 -0.1080  0.9275

PART 69
OFFSET  9.0861 -1.9698 -4.7138
X -0.7080  0.6974  0.1113
Y  0.7029  0.6807  0.2063
Z  0.0681  0.2243 -0.9721

PART 70
OFFSET  5.9509 -3.9447 -7.0735
X -0.3924 -0.9197  0.0149
Y  0.9189 -0.3927 -0.0367
Z  0.0396 -0.0007  0.9992

PART 71
OFFSET  6.7175 -2.1481 -7.1025
X  0.9558 -0.2880 -0.0596
Y  0.2855  0.9572 -0.0478
Z  0.0708  0.0286  0.9971

PART 72
OFFSET  5.3215 -1.7274 -7.0156
X  0.9016  0.4228 -0.0913
Y -0.4283  0.9021 -0.0525
Z  0.0602  0.0864  0.9944

PART 73
OFFSET  4.2996 -2.2063 -6.9192
X -0.4216 -0.9059  0.0400
Y -0.9011  0.4235  0.0927
Z -0.1009  0.0031 -0.9949

PART 74
OFFSET  0.0937 -3.5100 -7.1845
X -0.6749 -0.2163 -0.7055
Y -0.4979  0.8392  0.2190
Z  0.5446  0.4990 -0.6740

PART 75
OFFSET  0.1160 -4.4083 -6.3919
X -0.6749 -0.2163 -0.7055
Y -0.4979  0.8392  0.2190
Z  0.5446  0.4990 -0.6740

PART 76
OFFSET  0.9543 -5.4018 -6.7410
X -0.6749 -0.2163 -0.7055
Y -0.4979  0.8392  0.2190
Z  0.5446  0.4990 -0.6740

PART 77
OFFSET  0.0000 -0.0000 -0.0000
X  1.0000 -0.0000  0.0000
Y  0.0000  1.0000  0.0000
