// Export filename: `C:\projects\cod\t5\xanim_export\t5_viewmodels\ak74u\ak74u_putaway_quick.XANIM_EXPORT`
// Source filename: `D:\projects\devanim\t5\animation_assets\viewmodels/ak74u/t5_viewmodel_ak74u_animated.fbx`
// Export time: Fri Aug 27 02:39:44 2010

ANIMATION
VERSION 3

NUMPARTS 80
PART 0 "tag_ads"
PART 1 "tag_torso"
PART 2 "J_Shoulder_LE"
PART 3 "J_Elbow_LE"
PART 4 "J_WristTwist_LE"
PART 5 "J_Sleave_Reshape_Bottom_LE_1"
PART 6 "J_Sleave_Reshape_Bottom_LE_2"
PART 7 "J_Sleave_Reshape_Top_LE_1"
PART 8 "J_Sleave_Reshape_Top_LE_2"
PART 9 "J_Sleave_Reshape_Top_LE_3"
PART 10 "J_Wrist_LE"
PART 11 "J_Thumb_LE_0"
PART 12 "J_Thumb_LE_1"
PART 13 "J_Thumb_LE_2"
PART 14 "J_Thumb_LE_3"
PART 15 "J_PinkyPalm_LE"
PART 16 "J_Pinky_LE_0"
PART 17 "J_Pinky_LE_1"
PART 18 "J_Pinky_LE_2"
PART 19 "J_Pinky_LE_3"
PART 20 "J_RingPalm_LE"
PART 21 "J_Ring_LE_0"
PART 22 "J_Ring_LE_1"
PART 23 "J_Ring_LE_2"
PART 24 "J_Ring_LE_3"
PART 25 "J_Webbing_LE"
PART 26 "J_Index_LE_0"
PART 27 "J_Index_LE_1"
PART 28 "J_Index_LE_2"
PART 29 "J_Index_LE_3"
PART 30 "J_Mid_LE_0"
PART 31 "J_Mid_LE_1"
PART 32 "J_Mid_LE_2"
PART 33 "J_Mid_LE_3"
PART 34 "tag_knife_attach"
PART 35 "D_Sleave_Reshape_Bottom_LE_1"
PART 36 "D_Sleave_Reshape_Bottom_LE_2"
PART 37 "D_Sleave_Reshape_Top_LE_1"
PART 38 "D_Sleave_Reshape_Top_LE_2"
PART 39 "D_Sleave_Reshape_Top_LE_3"
PART 40 "tag_weapon"
PART 41 "J_Gun"
PART 42 "TAG_CLIP"
PART 43 "J_Bolt"
PART 44 "J_Shoulder_RI"
PART 45 "J_Elbow_RI"
PART 46 "J_WristTwist_RI"
PART 47 "J_Sleave_Reshape_Top_RI_3"
PART 48 "J_Sleave_Reshape_Top_RI_2"
PART 49 "J_Sleave_Reshape_Top_RI_1"
PART 50 "J_Wrist_RI"
PART 51 "J_Thumb_RI_0"
PART 52 "J_Thumb_RI_1"
PART 53 "J_Thumb_RI_2"
PART 54 "J_Thumb_RI_3"
PART 55 "J_PinkyPalm_RI"
PART 56 "J_Pinky_RI_0"
PART 57 "J_Pinky_RI_1"
PART 58 "J_Pinky_RI_2"
PART 59 "J_Pinky_RI_3"
PART 60 "J_RingPalm_RI"
PART 61 "J_Ring_RI_0"
PART 62 "J_Ring_RI_1"
PART 63 "J_Ring_RI_2"
PART 64 "J_Ring_RI_3"
PART 65 "J_Webbing_RI"
PART 66 "J_Index_RI_0"
PART 67 "J_Index_RI_1"
PART 68 "J_Index_RI_2"
PART 69 "J_Index_RI_3"
PART 70 "J_Mid_RI_0"
PART 71 "J_Mid_RI_1"
PART 72 "J_Mid_RI_2"
PART 73 "J_Mid_RI_3"
PART 74 "D_Sleave_Reshape_Top_RI_3"
PART 75 "D_Sleave_Reshape_Top_RI_2"
PART 76 "D_Sleave_Reshape_Top_RI_1"
PART 77 "tag_cambone"
PART 78 "tag_camera"
PART 79 "tag_gasmask"

FRAMERATE 30
NUMFRAMES 11

FRAME 500
PART 0
OFFSET  0.0000 -0.0000 -0.0000
X  1.0000 -0.0000  0.0000
Y  0.0000  1.0000  0.0000
Z  0.0000 -0.0000  1.0000

PART 1
OFFSET -4.6318 -0.0000 -1.3770
X  1.0000 -0.0000  0.0000
Y  0.0000  1.0000  0.0000
Z  0.0000 -0.0000  1.0000

PART 2
OFFSET -3.4552  5.7860 -3.1869
X  0.7213 -0.1791 -0.6691
Y -0.0259 -0.9723  0.2323
Z -0.6921 -0.1502 -0.7060

PART 3
OFFSET  5.2684  3.6204 -11.2783
X  0.7892 -0.4051  0.4615
Y -0.4862  0.0468  0.8726
Z -0.3751 -0.9131 -0.1600

PART 4
OFFSET  11.9811  0.1747 -7.3529
X  0.7892 -0.4051  0.4615
Y -0.0651  0.6921  0.7188
Z -0.6106 -0.5974  0.5199

PART 5
OFFSET  14.1643  0.9857 -6.9636
X  0.7931 -0.4029  0.4567
Y  0.3798  0.9134  0.1462
Z -0.4761  0.0575  0.8775

PART 6
OFFSET  13.1181 -0.9618 -8.0974
X  0.7931 -0.4029  0.4567
Y  0.3798  0.9134  0.1462
Z -0.4761  0.0575  0.8775

PART 7
OFFSET  13.0716  0.1836 -5.0459
X  0.7931 -0.4029  0.4567
Y  0.3798  0.9134  0.1462
Z -0.4761  0.0575  0.8775

PART 8
OFFSET  12.3911 -0.9756 -5.1155
X  0.7931 -0.4029  0.4567
Y  0.3798  0.9134  0.1462
Z -0.4761  0.0575  0.8775

PART 9
OFFSET  12.3271 -1.4185 -6.2270
X  0.7931 -0.4029  0.4567
Y  0.3798  0.9134  0.1462
Z -0.4761  0.0575  0.8775

PART 10
OFFSET  14.4006 -1.0672 -5.9381
X  0.9667 -0.2298  0.1127
Y  0.0805  0.6910  0.7184
Z -0.2430 -0.6854  0.6864

PART 11
OFFSET  14.8134 -0.7852 -4.9122
X  0.9184 -0.0615  0.3909
Y -0.0432  0.9664  0.2535
Z -0.3933 -0.2497  0.8848

PART 12
OFFSET  16.7690 -0.8354 -3.9942
X  0.9437 -0.3298 -0.0251
Y  0.2857  0.7745  0.5643
Z -0.1667 -0.5398  0.8252

PART 13
OFFSET  18.2568 -1.4745 -3.9760
X  0.9406 -0.0697  0.3324
Y -0.0586  0.9308  0.3609
Z -0.3345 -0.3589  0.8713

PART 14
OFFSET  19.2576 -1.5505 -3.5706
X  0.8971  0.3709 -0.2400
Y -0.2715  0.0344 -0.9618
Z -0.3485  0.9280  0.1315

PART 15
OFFSET  15.0834 -2.1401 -6.4732
X  0.7680 -0.6332 -0.0962
Y -0.4096 -0.6010  0.6863
Z -0.4924 -0.4877 -0.7209

PART 16
OFFSET  16.8304 -3.5654 -6.5002
X -0.1608 -0.2300  0.9598
Y -0.6523  0.7546  0.0715
Z -0.7407 -0.6146 -0.2714

PART 17
OFFSET  16.6027 -3.8911 -5.1413
X -0.3868  0.0722  0.9193
Y -0.5714  0.7638 -0.3003
Z -0.7238 -0.6414 -0.2542

PART 18
OFFSET  16.2597 -3.8271 -4.3262
X -0.5341  0.3094  0.7868
Y -0.3766  0.7461 -0.5491
Z -0.7569 -0.5896 -0.2819

PART 19
OFFSET  15.7523 -3.5332 -3.5788
X  0.7544 -0.6197 -0.2163
Y -0.0363  0.2896 -0.9565
Z  0.6554  0.7294  0.1960

PART 20
OFFSET  15.3834 -1.6357 -6.0668
X  0.8938 -0.4350 -0.1092
Y -0.2660 -0.7102  0.6518
Z -0.3611 -0.5535 -0.7505

PART 21
OFFSET  17.6092 -2.9715 -6.2075
X -0.0369 -0.6344  0.7721
Y -0.6211  0.6199  0.4796
Z -0.7829 -0.4618 -0.4169

PART 22
OFFSET  17.5464 -4.0516 -4.8930
X -0.5182  0.1351  0.8445
Y -0.3556  0.8640 -0.3564
Z -0.7778 -0.4850 -0.3998

PART 23
OFFSET  16.8281 -3.8644 -3.7226
X -0.6177  0.4454  0.6481
Y -0.1337  0.7527 -0.6447
Z -0.7749 -0.4849 -0.4054

PART 24
OFFSET  16.1582 -3.3814 -3.0197
X  0.5444 -0.8187 -0.1827
Y  0.2779  0.3815 -0.8816
Z  0.7915  0.4292  0.4352

PART 25
OFFSET  17.3782 -1.0459 -4.0820
X  0.8264 -0.5404  0.1580
Y  0.5163  0.6155 -0.5955
Z  0.2246  0.5737  0.7877

PART 26
OFFSET  18.3184 -1.1868 -5.2122
X  0.4989 -0.8592  0.1131
Y -0.5974 -0.2464  0.7632
Z -0.6279 -0.4483 -0.6362

PART 27
OFFSET  19.1968 -2.6996 -5.0131
X -0.1904 -0.7831  0.5920
Y -0.7859  0.4830  0.3861
Z -0.5883 -0.3917 -0.7074

PART 28
OFFSET  19.0010 -3.6279 -4.2504
X -0.6180 -0.1922  0.7624
Y -0.4802  0.8600 -0.1725
Z -0.6225 -0.4727 -0.6237

PART 29
OFFSET  18.3030 -3.8449 -3.3893
X  0.4596 -0.8467 -0.2679
Y  0.5235  0.5020 -0.6885
Z  0.7174  0.1762  0.6740

PART 30
OFFSET  18.0844 -2.0348 -5.8805
X  0.1709 -0.7992  0.5763
Y -0.7404  0.2817  0.6102
Z -0.6500 -0.5310 -0.5436

PART 31
OFFSET  18.4182 -3.5961 -4.7546
X -0.5227 -0.1938  0.8302
Y -0.5159  0.8472 -0.1271
Z -0.6787 -0.4948 -0.5428

PART 32
OFFSET  17.6547 -3.8791 -3.5420
X -0.7243  0.3651  0.5849
Y -0.0555  0.8147 -0.5772
Z -0.6872 -0.4505 -0.5699

PART 33
OFFSET  16.8296 -3.4694 -2.8832
X  0.6347 -0.7715 -0.0434
Y  0.3714  0.3538 -0.8584
Z  0.6776  0.5288  0.5111

PART 34
OFFSET  16.6079 -3.1071 -4.9736
X -0.4185 -0.5643 -0.7116
Y  0.2430  0.6854 -0.6864
Z  0.8751 -0.4602 -0.1498

PART 35
OFFSET  13.9334  0.3782 -7.4863
X  0.7931 -0.4029  0.4567
Y  0.3798  0.9134  0.1462
Z -0.4761  0.0575  0.8775

PART 36
OFFSET  13.1181 -0.9618 -8.0974
X  0.7931 -0.4029  0.4567
Y  0.3798  0.9134  0.1462
Z -0.4761  0.0575  0.8775

PART 37
OFFSET  13.0716  0.1836 -5.0459
X  0.7931 -0.4029  0.4567
Y  0.3798  0.9134  0.1462
Z -0.4761  0.0575  0.8775

PART 38
OFFSET  12.3911 -0.9756 -5.1155
X  0.7931 -0.4029  0.4567
Y  0.3798  0.9134  0.1462
Z -0.4761  0.0575  0.8775

PART 39
OFFSET  12.3271 -1.4185 -6.2270
X  0.7931 -0.4029  0.4567
Y  0.3798  0.9134  0.1462
Z -0.4761  0.0575  0.8775

PART 40
OFFSET  7.7688 -2.6416 -4.8099
X  1.0000 -0.0000  0.0000
Y  0.0000  1.0000  0.0000
Z  0.0000 -0.0000  1.0000

PART 41
OFFSET  7.7688 -2.6416 -4.8099
X  1.0000 -0.0000  0.0000
Y  0.0000  1.0000  0.0000
Z  0.0000 -0.0000  1.0000

PART 42
OFFSET  11.9806 -2.6266 -4.5308
X  1.0000 -0.0000  0.0000
Y  0.0000  1.0000  0.0000
Z  0.0000 -0.0000  1.0000

PART 43
OFFSET  14.3735 -3.4784 -2.7246
X  1.0000 -0.0000  0.0000
Y  0.0000  1.0000  0.0000
Z  0.0000 -0.0000  1.0000

PART 44
OFFSET -13.9227 -7.9373 -3.1869
X -0.6053  0.0162  0.7958
Y -0.1718 -0.9789 -0.1107
Z  0.7772 -0.2037  0.5953

PART 45
OFFSET -6.6022 -8.1338 -12.8116
X -0.8222 -0.3196 -0.4710
Y  0.5121 -0.0542 -0.8572
Z  0.2484 -0.9460  0.2082

PART 46
OFFSET  0.3912 -5.4156 -8.8058
X -0.8222 -0.3196 -0.4710
Y  0.5374 -0.1634 -0.8273
Z  0.1874 -0.9334  0.3061

PART 47
OFFSET  0.9106 -3.8330 -7.7329
X -0.8259 -0.3166 -0.4664
Y -0.2534  0.9476 -0.1946
Z  0.5036 -0.0425 -0.8629

PART 48
OFFSET  0.8857 -4.2320 -6.6033
X -0.8259 -0.3166 -0.4664
Y -0.2534  0.9476 -0.1946
Z  0.5036 -0.0425 -0.8629

PART 49
OFFSET  1.4070 -5.4649 -6.4654
X -0.8259 -0.3166 -0.4664
Y -0.2534  0.9476 -0.1946
Z  0.5036 -0.0425 -0.8629

PART 50
OFFSET  2.9119 -4.4359 -7.3619
X -0.9546 -0.1418 -0.2621
Y  0.2850 -0.1775 -0.9420
Z  0.0871 -0.9739  0.2098

PART 51
OFFSET  3.0305 -3.8010 -6.4212
X -0.4986 -0.6783 -0.5397
Y  0.5783  0.2035 -0.7900
Z  0.6457 -0.7060  0.2908

PART 52
OFFSET  4.0128 -2.3183 -5.1938
X -0.9028 -0.3483  0.2521
Y -0.0610 -0.4767 -0.8770
Z  0.4256 -0.8071  0.4091

PART 53
OFFSET  5.4190 -1.6940 -5.6990
X -0.5336 -0.0214  0.8455
Y -0.6557 -0.6209 -0.4295
Z  0.5342 -0.7836  0.3173

PART 54
OFFSET  5.9827 -1.6245 -6.6205
X -0.8721  0.3596  0.3318
Y  0.0986  0.7934 -0.6007
Z -0.4792 -0.4912 -0.7274

PART 55
OFFSET  4.0072 -4.3092 -8.1912
X -0.9338 -0.2716  0.2329
Y  0.3213 -0.9230  0.2116
Z  0.1575  0.2724  0.9492

PART 56
OFFSET  6.0889 -3.5460 -8.6022
X -0.1064 -0.9920  0.0680
Y  0.9470 -0.1219 -0.2972
Z  0.3031  0.0328  0.9524

PART 57
OFFSET  6.2395 -2.1416 -8.6984
X  0.7704 -0.5952 -0.2284
Y  0.5756  0.8034 -0.1522
Z  0.2741 -0.0142  0.9616

PART 58
OFFSET  5.5564 -1.6139 -8.4959
X  0.9043  0.2998 -0.3040
Y -0.2988  0.9530  0.0509
Z  0.3049  0.0448  0.9513

PART 59
OFFSET  4.6973 -1.8987 -8.2071
X -0.5482 -0.8340  0.0630
Y -0.7690  0.5322  0.3543
Z -0.3290  0.1458 -0.9330

PART 60
OFFSET  4.0399 -4.2960 -7.4782
X -0.9690 -0.2439  0.0388
Y  0.2458 -0.9373  0.2469
Z -0.0239  0.2488  0.9683

PART 61
OFFSET  6.5638 -3.7206 -7.7173
X -0.1328 -0.9741  0.1828
Y  0.9405 -0.1821 -0.2870
Z  0.3128  0.1338  0.9403

PART 62
OFFSET  6.7899 -2.0621 -8.0285
X  0.8812 -0.4114 -0.2327
Y  0.3642  0.9048 -0.2204
Z  0.3012  0.1095  0.9472

PART 63
OFFSET  5.5686 -1.4920 -7.7060
X  0.8304  0.4610 -0.3130
Y -0.4723  0.8804  0.0436
Z  0.2956  0.1116  0.9488

PART 64
OFFSET  4.6680 -1.9919 -7.3665
X -0.3960 -0.8751  0.2782
Y -0.8751  0.4514  0.1743
Z -0.2781 -0.1744 -0.9446

PART 65
OFFSET -1.2553 -5.3980 -7.5437
X -0.9291 -0.3699 -0.0061
Y -0.3495  0.8829 -0.3136
Z  0.1213 -0.2892 -0.9496

PART 66
OFFSET  6.4488 -4.1115 -5.5522
X -0.9803 -0.1931 -0.0406
Y  0.1869 -0.9747  0.1229
Z -0.0633  0.1129  0.9916

PART 67
OFFSET  8.1748 -3.7715 -5.4807
X -0.9741 -0.2239 -0.0304
Y  0.2152 -0.9603  0.1773
Z -0.0689  0.1662  0.9837

PART 68
OFFSET  9.3549 -3.4893 -5.3840
X -0.9659 -0.2397 -0.0981
Y  0.2227 -0.9620  0.1579
Z -0.1323  0.1307  0.9826

PART 69
OFFSET  10.4459 -3.2185 -5.2731
X  0.0762  0.9832  0.1658
Y  0.9969 -0.0787  0.0085
Z  0.0214  0.1646 -0.9861

PART 70
OFFSET  6.6406 -4.1444 -6.6397
X -0.2627 -0.9406  0.2150
Y  0.9570 -0.2824 -0.0663
Z  0.1231  0.1883  0.9744

PART 71
OFFSET  7.1538 -2.3069 -7.0597
X  0.8288 -0.5596 -0.0009
Y  0.5392  0.7990 -0.2664
Z  0.1498  0.2203  0.9639

PART 72
OFFSET  5.9432 -1.4895 -7.0585
X  0.8851  0.3871 -0.2584
Y -0.4386  0.8795 -0.1846
Z  0.1558  0.2767  0.9482

PART 73
OFFSET  4.9394 -1.9293 -6.7726
X -0.4085 -0.8763  0.2554
Y -0.8912  0.4434  0.0957
Z -0.1971 -0.1885 -0.9621

PART 74
OFFSET  0.9106 -3.8330 -7.7328
X -0.8259 -0.3166 -0.4664
Y -0.2534  0.9476 -0.1946
Z  0.5036 -0.0425 -0.8629

PART 75
OFFSET  0.8856 -4.2318 -6.6032
X -0.8259 -0.3166 -0.4664
Y -0.2534  0.9476 -0.1946
Z  0.5036 -0.0425 -0.8629

PART 76
OFFSET  1.4071 -5.4649 -6.4655
X -0.8259 -0.3166 -0.4664
Y -0.2534  0.9476 -0.1946
Z  0.5036 -0.0425 -0.8629

PART 77
OFFSET  0.0000 -0.0000 -0.0000
X  1.0000 -0.0000  0.0000
Y  0.0000  1.0000  0.0000
Z  0.0000 -0.0000  1.0000

PART 78
OFFSET  0.0000 -0.0000 -0.0000
X  1.0000 -0.0000  0.0000
Y  0.0000  1.0000  0.0000
Z  0.0000 -0.0000  1.0000

PART 79
OFFSET  1.5404 -0.0000  4.1357
X  1.0000 -0.0000  0.0000
Y  0.0000  1.0000  0.0000
Z  0.0000 -0.0000  1.0000


FRAME 501
PART 0
OFFSET  0.0000 -0.0000 -0.0000
X  1.0000 -0.0000  0.0000
Y  0.0000  1.0000  0.0000
Z  0.0000 -0.0000  1.0000

PART 1
OFFSET -4.6318 -0.0000 -1.3770
X  1.0000 -0.0000  0.0000
Y  0.0000  1.0000  0.0000
Z  0.0000 -0.0000  1.0000

PART 2
OFFSET -3.4552  5.7860 -3.1869
X  0.7084 -0.1697 -0.6851
Y -0.0081 -0.9725  0.2326
Z -0.7057 -0.1592 -0.6904

PART 3
OFFSET  5.1125  3.7331 -11.4719
X  0.7972 -0.3941  0.4572
Y -0.4795  0.0467  0.8763
Z -0.3667 -0.9179 -0.1518

PART 4
OFFSET  11.8934  0.3809 -7.5828
X  0.7972 -0.3941  0.4572
Y -0.0582  0.7037  0.7081
Z -0.6009 -0.5912  0.5381

PART 5
OFFSET  14.0709  1.2171 -7.2161
X  0.8011 -0.3919  0.4524
Y  0.3713  0.9182  0.1379
Z -0.4695  0.0575  0.8811

PART 6
OFFSET  13.0361 -0.7477 -8.3302
X  0.8011 -0.3919  0.4524
Y  0.3713  0.9182  0.1379
Z -0.4695  0.0575  0.8811

PART 7
OFFSET  13.0026  0.4144 -5.2850
X  0.8011 -0.3919  0.4524
Y  0.3713  0.9182  0.1379
Z -0.4695  0.0575  0.8811

PART 8
OFFSET  12.3339 -0.7522 -5.3425
X  0.8011 -0.3919  0.4524
Y  0.3713  0.9182  0.1379
Z -0.4695  0.0575  0.8811

PART 9
OFFSET  12.2655 -1.2021 -6.4509
X  0.8011 -0.3919  0.4524
Y  0.3713  0.9182  0.1379
Z -0.4695  0.0575  0.8811

PART 10
OFFSET  14.3374 -0.8274 -6.1811
X  0.9734 -0.2056  0.1011
Y  0.0763  0.7070  0.7031
Z -0.2161 -0.6767  0.7039

PART 11
OFFSET  14.7602 -0.5155 -5.1680
X  0.8651 -0.1016  0.4912
Y -0.0708  0.9447  0.3201
Z -0.4966 -0.3117  0.8101

PART 12
OFFSET  16.5924 -0.6577 -4.0311
X  0.9450 -0.3062  0.1146
Y  0.1691  0.7578  0.6302
Z -0.2798 -0.5762  0.7679

PART 13
OFFSET  18.0766 -1.2618 -3.7977
X  0.8976 -0.1950  0.3953
Y -0.0129  0.8849  0.4657
Z -0.4406 -0.4231  0.7917

PART 14
OFFSET  19.0269 -1.4769 -3.3260
X  0.9430  0.3102 -0.1208
Y -0.1798  0.1692 -0.9690
Z -0.2802  0.9355  0.2153

PART 15
OFFSET  15.0357 -1.8952 -6.7061
X  0.7738 -0.6163 -0.1463
Y -0.3598 -0.6178  0.6991
Z -0.5213 -0.4883 -0.6998

PART 16
OFFSET  16.8062 -3.2845 -6.8472
X  0.0591 -0.4289  0.9014
Y -0.7362  0.5911  0.3295
Z -0.6741 -0.6831 -0.2809

PART 17
OFFSET  16.8898 -3.8918 -5.5710
X -0.2012 -0.1749  0.9638
Y -0.7320  0.6807 -0.0293
Z -0.6509 -0.7114 -0.2650

PART 18
OFFSET  16.7114 -4.0468 -4.7165
X -0.4398  0.0915  0.8934
Y -0.5670  0.7432 -0.3552
Z -0.6965 -0.6628 -0.2750

PART 19
OFFSET  16.2935 -3.9599 -3.8677
X  0.7930 -0.4407 -0.4206
Y -0.2330  0.4184 -0.8778
Z  0.5628  0.7942  0.2291

PART 20
OFFSET  15.3307 -1.3761 -6.3149
X  0.9016 -0.4169 -0.1155
Y -0.2391 -0.7027  0.6701
Z -0.3605 -0.5765 -0.7332

PART 21
OFFSET  17.5968 -2.6307 -6.5370
X  0.1556 -0.6865  0.7103
Y -0.6446  0.4743  0.5996
Z -0.7485 -0.5512 -0.3687

PART 22
OFFSET  17.8618 -3.7994 -5.3277
X -0.3386 -0.1395  0.9305
Y -0.5836  0.8069 -0.0914
Z -0.7380 -0.5740 -0.3547

PART 23
OFFSET  17.3924 -3.9928 -4.0381
X -0.5186  0.1351  0.8443
Y -0.4348  0.8086 -0.3965
Z -0.7363 -0.5726 -0.3605

PART 24
OFFSET  16.8300 -3.8462 -3.1224
X  0.6370 -0.6008 -0.4830
Y -0.0269  0.6088 -0.7928
Z  0.7704  0.5180  0.3716

PART 25
OFFSET  17.3434 -0.7015 -4.3756
X  0.8410 -0.5184  0.1549
Y  0.4924  0.6148 -0.6161
Z  0.2241  0.5944  0.7723

PART 26
OFFSET  18.2682 -0.8440 -5.5183
X  0.5778 -0.7953  0.1832
Y -0.6203 -0.2821  0.7319
Z -0.5304 -0.5365 -0.6564

PART 27
OFFSET  19.2855 -2.2443 -5.1957
X  0.0143 -0.8322  0.5543
Y -0.8675  0.2653  0.4207
Z -0.4971 -0.4869 -0.7182

PART 28
OFFSET  19.3331 -3.2264 -4.4783
X -0.4213 -0.4801  0.7695
Y -0.7598  0.6501 -0.0104
Z -0.4953 -0.5890 -0.6386

PART 29
OFFSET  18.8573 -3.7687 -3.6091
X  0.6837 -0.5963 -0.4208
Y  0.2371  0.7268 -0.6447
Z  0.6902  0.3410  0.6382

PART 30
OFFSET  18.0428 -1.7104 -6.1656
X  0.3337 -0.7796  0.5301
Y -0.7227  0.1495  0.6748
Z -0.6053 -0.6082 -0.5135

PART 31
OFFSET  18.6947 -3.2333 -5.1301
X -0.2974 -0.4284  0.8532
Y -0.7111  0.6957  0.1014
Z -0.6371 -0.5766 -0.5116

PART 32
OFFSET  18.2602 -3.8590 -3.8838
X -0.6249  0.0015  0.7807
Y -0.4142  0.8470 -0.3332
Z -0.6618 -0.5316 -0.5287

PART 33
OFFSET  17.5480 -3.8616 -3.0031
X  0.7860 -0.5082 -0.3520
Y  0.0357  0.6058 -0.7948
Z  0.6172  0.6122  0.4943

PART 34
OFFSET  16.6060 -2.7971 -5.2132
X -0.4170 -0.5879 -0.6932
Y  0.2161  0.6767 -0.7039
Z  0.8828 -0.4433 -0.1551

PART 35
OFFSET  13.8423  0.6042 -7.7335
X  0.8011 -0.3919  0.4524
Y  0.3713  0.9182  0.1379
Z -0.4695  0.0575  0.8811

PART 36
OFFSET  13.0361 -0.7477 -8.3302
X  0.8011 -0.3919  0.4524
Y  0.3713  0.9182  0.1379
Z -0.4695  0.0575  0.8811

PART 37
OFFSET  13.0026  0.4144 -5.2850
X  0.8011 -0.3919  0.4524
Y  0.3713  0.9182  0.1379
Z -0.4695  0.0575  0.8811

PART 38
OFFSET  12.3339 -0.7522 -5.3425
X  0.8011 -0.3919  0.4524
Y  0.3713  0.9182  0.1379
Z -0.4695  0.0575  0.8811

PART 39
OFFSET  12.2655 -1.2021 -6.4509
X  0.8011 -0.3919  0.4524
Y  0.3713  0.9182  0.1379
Z -0.4695  0.0575  0.8811

PART 40
OFFSET  7.7624 -2.5275 -4.9117
X  0.9996  0.0225 -0.0166
Y -0.0228  0.9995 -0.0198
Z  0.0162  0.0202  0.9997

PART 41
OFFSET  7.7624 -2.5275 -4.9117
X  0.9996  0.0225 -0.0166
Y -0.0228  0.9995 -0.0198
Z  0.0162  0.0202  0.9997

PART 42
OFFSET  11.9767 -2.4121 -4.7030
X  0.9996  0.0225 -0.0166
Y -0.0228  0.9995 -0.0198
Z  0.0162  0.0202  0.9997

PART 43
OFFSET  14.4174 -3.1731 -2.9204
X  0.9996  0.0225 -0.0166
Y -0.0228  0.9995 -0.0198
Z  0.0162  0.0202  0.9997

PART 44
OFFSET -13.8272 -7.9373 -3.1869
X -0.5994  0.0177  0.8003
Y -0.1759 -0.9782 -0.1101
Z  0.7809 -0.2068  0.5895

PART 45
OFFSET -6.5781 -8.1515 -12.8651
X -0.8197 -0.3171 -0.4769
Y  0.5169 -0.0510 -0.8545
Z  0.2467 -0.9470  0.2057

PART 46
OFFSET  0.3941 -5.4542 -8.8085
X -0.8197 -0.3171 -0.4769
Y  0.5423 -0.1618 -0.8245
Z  0.1843 -0.9345  0.3046

PART 47
OFFSET  0.9083 -3.8764 -7.7262
X -0.8235 -0.3142 -0.4724
Y -0.2518  0.9485 -0.1921
Z  0.5084 -0.0392 -0.8602

PART 48
OFFSET  0.8768 -4.2800 -6.5984
X -0.8235 -0.3142 -0.4724
Y -0.2518  0.9485 -0.1921
Z  0.5084 -0.0392 -0.8602

PART 49
OFFSET  1.3966 -5.5138 -6.4627
X -0.8235 -0.3142 -0.4724
Y -0.2518  0.9485 -0.1921
Z  0.5084 -0.0392 -0.8602

PART 50
OFFSET  2.9071 -4.4820 -7.3464
X -0.9552 -0.1685 -0.2433
Y  0.2737 -0.1900 -0.9429
Z  0.1127 -0.9672  0.2276

PART 51
OFFSET  3.0264 -3.8257 -6.4205
X -0.4927 -0.7004 -0.5164
Y  0.5609  0.1981 -0.8038
Z  0.6653 -0.6857  0.2953

PART 52
OFFSET  3.9966 -2.2959 -5.2423
X -0.8912 -0.3629  0.2722
Y -0.0625 -0.4961 -0.8660
Z  0.4493 -0.7888  0.4195

PART 53
OFFSET  5.3812 -1.6512 -5.7804
X -0.5197 -0.0142  0.8542
Y -0.6486 -0.6442 -0.4053
Z  0.5560 -0.7647  0.3256

PART 54
OFFSET  5.9288 -1.5899 -6.7121
X -0.8745  0.3480  0.3379
Y  0.0718  0.7819 -0.6193
Z -0.4797 -0.5173 -0.7087

PART 55
OFFSET  3.9857 -4.3474 -8.1961
X -0.9238 -0.2859  0.2547
Y  0.3440 -0.9117  0.2247
Z  0.1679  0.2952  0.9406

PART 56
OFFSET  6.0436 -3.5503 -8.6589
X -0.0864 -0.9925  0.0864
Y  0.9451 -0.1091 -0.3082
Z  0.3153  0.0550  0.9474

PART 57
OFFSET  6.1660 -2.1451 -8.7811
X  0.7816 -0.5799 -0.2298
Y  0.5537  0.8146 -0.1726
Z  0.2873  0.0076  0.9578

PART 58
OFFSET  5.4730 -1.6309 -8.5774
X  0.8928  0.3160 -0.3211
Y -0.3206  0.9464  0.0400
Z  0.3166  0.0672  0.9462

PART 59
OFFSET  4.6248 -1.9311 -8.2723
X -0.5274 -0.8455  0.0837
Y -0.7765  0.5196  0.3564
Z -0.3448  0.1230 -0.9306

PART 60
OFFSET  4.0296 -4.3191 -7.4842
X -0.9628 -0.2634  0.0598
Y  0.2698 -0.9268  0.2614
Z -0.0135  0.2678  0.9634

PART 61
OFFSET  6.5364 -3.6957 -7.7766
X -0.1109 -0.9730  0.2024
Y  0.9404 -0.1687 -0.2953
Z  0.3214  0.1576  0.9337

PART 62
OFFSET  6.7253 -2.0391 -8.1213
X  0.8878 -0.3946 -0.2370
Y  0.3398  0.9092 -0.2407
Z  0.3104  0.1332  0.9412

PART 63
OFFSET  5.4950 -1.4923 -7.7929
X  0.8166  0.4724 -0.3317
Y -0.4902  0.8710  0.0335
Z  0.3048  0.1352  0.9428

PART 64
OFFSET  4.6093 -2.0045 -7.4331
X -0.3740 -0.8779  0.2990
Y -0.8822  0.4362  0.1771
Z -0.2859 -0.1976 -0.9377

PART 65
OFFSET -1.2394 -5.5411 -7.4397
X -0.9203 -0.3908  0.0167
Y -0.3746  0.8683 -0.3252
Z  0.1125 -0.3055 -0.9455

PART 66
OFFSET  6.4645 -4.0415 -5.6026
X -0.9719 -0.2342 -0.0216
Y  0.2291 -0.9634  0.1390
Z -0.0533  0.1302  0.9901

PART 67
OFFSET  8.1758 -3.6290 -5.5647
X -0.9750 -0.2216 -0.0195
Y  0.2138 -0.9578  0.1920
Z -0.0612  0.1830  0.9812

PART 68
OFFSET  9.3573 -3.3486 -5.4814
X -0.9749 -0.2019 -0.0935
Y  0.1843 -0.9682  0.1691
Z -0.1247  0.1477  0.9811

PART 69
OFFSET  10.4585 -3.1205 -5.3757
X  0.1159  0.9813  0.1537
Y  0.9929 -0.1185  0.0077
Z  0.0258  0.1517 -0.9881

PART 70
OFFSET  6.6393 -4.0921 -6.6923
X -0.2385 -0.9418  0.2371
Y  0.9622 -0.2621 -0.0733
Z  0.1312  0.2107  0.9687

PART 71
OFFSET  7.1052 -2.2523 -7.1555
X  0.8432 -0.5376 -0.0019
Y  0.5141  0.8074 -0.2893
Z  0.1570  0.2430  0.9572

PART 72
OFFSET  5.8736 -1.4671 -7.1528
X  0.8722  0.4027 -0.2778
Y -0.4618  0.8651 -0.1960
Z  0.1614  0.2992  0.9404

PART 73
OFFSET  4.8844 -1.9247 -6.8450
X -0.3841 -0.8804  0.2781
Y -0.9002  0.4240  0.0988
Z -0.2049 -0.2124 -0.9555

PART 74
OFFSET  0.9083 -3.8763 -7.7261
X -0.8235 -0.3142 -0.4724
Y -0.2518  0.9485 -0.1921
Z  0.5084 -0.0392 -0.8602

PART 75
OFFSET  0.8767 -4.2798 -6.5983
X -0.8235 -0.3142 -0.4724
Y -0.2518  0.9485 -0.1921
Z  0.5084 -0.0392 -0.8602

PART 76
OFFSET  1.3967 -5.5138 -6.4628
X -0.8235 -0.3142 -0.4724
Y -0.2518  0.9485 -0.1921
Z  0.5084 -0.0392 -0.8602

PART 77
OFFSET  0.0000 -0.0000 -0.0000
X  1.0000 -0.0000  0.0000
Y  0.0000  1.0000  0.0000
Z  0.0000 -0.0000  1.0000

PART 78
OFFSET  0.0000 -0.0000 -0.0000
X  1.0000 -0.0000  0.0000
Y  0.0000  1.0000  0.0000
Z  0.0000 -0.0000  1.0000

PART 79
OFFSET  1.5404 -0.0000  4.1357
X  1.0000 -0.0000  0.0000
Y  0.0000  1.0000  0.0000
Z  0.0000 -0.0000  1.0000


FRAME 502
PART 0
OFFSET  0.0000 -0.0000 -0.0000
X  1.0000 -0.0000  0.0000
Y  0.0000  1.0000  0.0000
Z  0.0000 -0.0000  1.0000

PART 1
OFFSET -4.6318 -0.0000 -1.3770
X  1.0000 -0.0000  0.0000
Y  0.0000  1.0000  0.0000
Z  0.0000 -0.0000  1.0000

PART 2
OFFSET -3.4552  5.7860 -3.1869
X  0.6721 -0.1474 -0.7257
Y  0.0402 -0.9713  0.2345
Z -0.7394 -0.1867 -0.6469

PART 3
OFFSET  4.6730  4.0039 -11.9629
X  0.8199 -0.3625  0.4432
Y -0.4589  0.0467  0.8872
Z -0.3423 -0.9308 -0.1280

PART 4
OFFSET  11.6465  0.9210 -8.1934
X  0.8199 -0.3625  0.4432
Y -0.0393  0.7367  0.6751
Z -0.5712 -0.5709  0.5898

PART 5
OFFSET  13.8061  1.8280 -7.8949
X  0.8235 -0.3602  0.4382
Y  0.3465  0.9311  0.1140
Z -0.4491  0.0580  0.8916

PART 6
OFFSET  12.8042 -0.1851 -8.9515
X  0.8235 -0.3602  0.4382
Y  0.3465  0.9311  0.1140
Z -0.4491  0.0580  0.8916

PART 7
OFFSET  12.8106  1.0257 -5.9251
X  0.8235 -0.3602  0.4382
Y  0.3465  0.9311  0.1140
Z -0.4491  0.0580  0.8916

PART 8
OFFSET  12.1764 -0.1612 -5.9473
X  0.8235 -0.3602  0.4382
Y  0.3465  0.9311  0.1140
Z -0.4491  0.0580  0.8916

PART 9
OFFSET  12.0943 -0.6312 -7.0464
X  0.8235 -0.3602  0.4382
Y  0.3465  0.9311  0.1140
Z -0.4491  0.0580  0.8916

PART 10
OFFSET  14.1600 -0.1902 -6.8348
X  0.9879 -0.1388  0.0694
Y  0.0590  0.7495  0.6593
Z -0.1435 -0.6472  0.7487

PART 11
OFFSET  14.6024  0.2050 -5.8599
X  0.7655 -0.1877  0.6155
Y -0.1516  0.8769  0.4560
Z -0.6254 -0.4424  0.6428

PART 12
OFFSET  16.2043 -0.1372 -4.4504
X  0.9017 -0.2765  0.3325
Y -0.0470  0.7017  0.7109
Z -0.4298 -0.6566  0.6197

PART 13
OFFSET  17.6146 -0.6989 -3.8867
X  0.8247 -0.4021  0.3977
Y  0.0282  0.7316  0.6812
Z -0.5649 -0.5505  0.6147

PART 14
OFFSET  18.4810 -1.1465 -3.4169
X  0.9774  0.2076  0.0391
Y -0.0556  0.4314 -0.9004
Z -0.2038  0.8779  0.4332

PART 15
OFFSET  14.9037 -1.2410 -7.3307
X  0.7841 -0.5731 -0.2382
Y -0.2409 -0.6348  0.7341
Z -0.5720 -0.5183 -0.6358

PART 16
OFFSET  16.7193 -2.5310 -7.6834
X  0.5267 -0.5734  0.6275
Y -0.6685  0.1765  0.7224
Z -0.5250 -0.8000 -0.2903

PART 17
OFFSET  17.4650 -3.3428 -6.7949
X  0.2810 -0.4527  0.8462
Y -0.8283  0.3309  0.4521
Z -0.4847 -0.8280 -0.2820

PART 18
OFFSET  17.7141 -3.7442 -6.0447
X -0.1139 -0.2352  0.9652
Y -0.8330  0.5520  0.0362
Z -0.5414 -0.7999 -0.2588

PART 19
OFFSET  17.6059 -3.9677 -5.1277
X  0.6884 -0.0509 -0.7236
Y -0.6240  0.4670 -0.6265
Z  0.3699  0.8828  0.2897

PART 20
OFFSET  15.1803 -0.6831 -6.9818
X  0.9211 -0.3662 -0.1320
Y -0.1662 -0.6765  0.7174
Z -0.3520 -0.6389 -0.6840

PART 21
OFFSET  17.5205 -1.7468 -7.3695
X  0.5260 -0.6625  0.5334
Y -0.5544  0.2085  0.8057
Z -0.6450 -0.7195 -0.2576

PART 22
OFFSET  18.4160 -2.8746 -6.4615
X  0.2074 -0.4676  0.8593
Y -0.7519  0.4857  0.4458
Z -0.6258 -0.7386 -0.2508

PART 23
OFFSET  18.7034 -3.5226 -5.2706
X  0.0004 -0.3292  0.9442
Y -0.7790  0.5920  0.2068
Z -0.6270 -0.7357 -0.2562

PART 24
OFFSET  18.7039 -3.8797 -4.2465
X  0.4138 -0.1046 -0.9044
Y -0.6108  0.7047 -0.3610
Z  0.6751  0.7017  0.2277

PART 25
OFFSET  17.2222  0.2251 -5.1728
X  0.8782 -0.4555  0.1459
Y  0.4266  0.6077 -0.6698
Z  0.2165  0.6505  0.7280

PART 26
OFFSET  18.1072  0.0748 -6.3455
X  0.6966 -0.6401  0.3242
Y -0.6472 -0.3655  0.6690
Z -0.3097 -0.6758 -0.6688

PART 27
OFFSET  19.3336 -1.0522 -5.7747
X  0.4191 -0.7508  0.5106
Y -0.8616 -0.1515  0.4845
Z -0.2864 -0.6429 -0.7103

PART 28
OFFSET  19.8605 -1.9258 -5.1109
X  0.1822 -0.6692  0.7204
Y -0.9624  0.0287  0.2700
Z -0.2014 -0.7425 -0.6389

PART 29
OFFSET  20.0663 -2.6818 -4.2972
X  0.7529 -0.0169 -0.6580
Y -0.4330  0.7402 -0.5144
Z  0.4957  0.6722  0.5500

PART 30
OFFSET  17.9121 -0.8397 -6.9338
X  0.6310 -0.6526  0.4194
Y -0.5975 -0.0641  0.7993
Z -0.4947 -0.7550 -0.4304

PART 31
OFFSET  19.1448 -2.1145 -6.1145
X  0.2774 -0.6253  0.7294
Y -0.8011  0.2686  0.5349
Z -0.5304 -0.7327 -0.4265

PART 32
OFFSET  19.5500 -3.0279 -5.0490
X -0.0286 -0.4944  0.8688
Y -0.8160  0.5136  0.2654
Z -0.5774 -0.7013 -0.4181

PART 33
OFFSET  19.5141 -3.5931 -4.0682
X  0.5800  0.0959 -0.8089
Y -0.6474  0.6570 -0.3863
Z  0.4944  0.7478  0.4431

PART 34
OFFSET  16.5878 -1.9568 -5.8612
X -0.4060 -0.6514 -0.6410
Y  0.1435  0.6472 -0.7487
Z  0.9025 -0.3959 -0.1693

PART 35
OFFSET  13.5834  1.2001 -8.3966
X  0.8235 -0.3602  0.4382
Y  0.3465  0.9311  0.1140
Z -0.4491  0.0580  0.8916

PART 36
OFFSET  12.8042 -0.1851 -8.9515
X  0.8235 -0.3602  0.4382
Y  0.3465  0.9311  0.1140
Z -0.4491  0.0580  0.8916

PART 37
OFFSET  12.8106  1.0257 -5.9251
X  0.8235 -0.3602  0.4382
Y  0.3465  0.9311  0.1140
Z -0.4491  0.0580  0.8916

PART 38
OFFSET  12.1764 -0.1612 -5.9473
X  0.8235 -0.3602  0.4382
Y  0.3465  0.9311  0.1140
Z -0.4491  0.0580  0.8916

PART 39
OFFSET  12.0943 -0.6312 -7.0464
X  0.8235 -0.3602  0.4382
Y  0.3465  0.9311  0.1140
Z -0.4491  0.0580  0.8916

PART 40
OFFSET  7.7646 -2.2186 -5.1864
X  0.9946  0.0834 -0.0618
Y -0.0879  0.9934 -0.0735
Z  0.0552  0.0785  0.9954

PART 41
OFFSET  7.7646 -2.2186 -5.1864
X  0.9946  0.0834 -0.0618
Y -0.0879  0.9934 -0.0735
Z  0.0552  0.0785  0.9954

PART 42
OFFSET  11.9677 -1.8305 -5.1698
X  0.9946  0.0834 -0.0618
Y -0.0879  0.9934 -0.0735
Z  0.0552  0.0785  0.9954

PART 43
OFFSET  14.5223 -2.3353 -3.4572
X  0.9946  0.0834 -0.0618
Y -0.0879  0.9934 -0.0735
Z  0.0552  0.0785  0.9954

PART 44
OFFSET -13.7473 -7.9373 -3.1869
X -0.5970  0.0204  0.8020
Y -0.1845 -0.9764 -0.1125
Z  0.7807 -0.2152  0.5867

PART 45
OFFSET -6.5271 -8.1845 -12.8859
X -0.8191 -0.3092 -0.4832
Y  0.5214 -0.0501 -0.8518
Z  0.2392 -0.9497  0.2023

PART 46
OFFSET  0.4395 -5.5545 -8.7760
X -0.8191 -0.3092 -0.4832
Y  0.5453 -0.1580 -0.8232
Z  0.1782 -0.9378  0.2980

PART 47
OFFSET  0.9581 -3.9857 -7.6827
X -0.8228 -0.3063 -0.4787
Y -0.2443  0.9512 -0.1886
Z  0.5131 -0.0383 -0.8575

PART 48
OFFSET  0.9174 -4.3948 -6.5572
X -0.8228 -0.3063 -0.4787
Y -0.2443  0.9512 -0.1886
Z  0.5131 -0.0383 -0.8575

PART 49
OFFSET  1.4282 -5.6327 -6.4248
X -0.8228 -0.3063 -0.4787
Y -0.2443  0.9512 -0.1886
Z  0.5131 -0.0383 -0.8575

PART 50
OFFSET  2.9506 -4.6066 -7.2946
X -0.9514 -0.2411 -0.1915
Y  0.2470 -0.2265 -0.9422
Z  0.1837 -0.9437  0.2751

PART 51
OFFSET  3.0648 -3.8921 -6.4122
X -0.4679 -0.7583 -0.4540
Y  0.5145  0.1840 -0.8375
Z  0.7186 -0.6254  0.3040

PART 52
OFFSET  3.9830 -2.2393 -5.3659
X -0.8549 -0.4010  0.3291
Y -0.0638 -0.5483 -0.8338
Z  0.5148 -0.7339  0.4432

PART 53
OFFSET  5.3018 -1.5425 -5.9966
X -0.4834  0.0044  0.8754
Y -0.6220 -0.7054 -0.3399
Z  0.6160 -0.7088  0.3437

PART 54
OFFSET  5.8069 -1.5029 -6.9532
X -0.8807  0.3132  0.3554
Y -0.0027  0.7469 -0.6649
Z -0.4737 -0.5865 -0.6570

PART 55
OFFSET  3.9830 -4.4544 -8.1971
X -0.8928 -0.3258  0.3110
Y  0.4095 -0.8747  0.2592
Z  0.1876  0.3587  0.9144

PART 56
OFFSET  5.9662 -3.5629 -8.7944
X -0.0221 -0.9896  0.1419
Y  0.9375 -0.0698 -0.3410
Z  0.3474  0.1255  0.9293

PART 57
OFFSET  5.9975 -2.1618 -8.9952
X  0.8085 -0.5407 -0.2324
Y  0.4921  0.8377 -0.2369
Z  0.3228  0.0772  0.9433

PART 58
OFFSET  5.2807 -1.6824 -8.7892
X  0.8574  0.3537 -0.3739
Y -0.3796  0.9252  0.0048
Z  0.3476  0.1378  0.9275

PART 59
OFFSET  4.4661 -2.0184 -8.4340
X -0.4678 -0.8712  0.1488
Y -0.7944  0.4882  0.3614
Z -0.3875  0.0509 -0.9205

PART 60
OFFSET  4.0538 -4.3827 -7.4904
X -0.9411 -0.3175  0.1163
Y  0.3380 -0.8921  0.2998
Z  0.0086  0.3215  0.9469

PART 61
OFFSET  6.5025 -3.6260 -7.9263
X -0.0428 -0.9650  0.2586
Y  0.9375 -0.1283 -0.3235
Z  0.3454  0.2286  0.9102

PART 62
OFFSET  6.5753 -1.9830 -8.3666
X  0.9020 -0.3504 -0.2521
Y  0.2707  0.9141 -0.3019
Z  0.3362  0.2040  0.9194

PART 63
OFFSET  5.3251 -1.4975 -8.0173
X  0.7724  0.5018 -0.3893
Y -0.5424  0.8401  0.0069
Z  0.3305  0.2058  0.9211

PART 64
OFFSET  4.4874 -2.0417 -7.5951
X -0.3068 -0.8809  0.3603
Y -0.9007  0.3910  0.1892
Z -0.3075 -0.2665 -0.9134

PART 65
OFFSET -1.1196 -5.9241 -7.1475
X -0.8919 -0.4454  0.0785
Y -0.4425  0.8233 -0.3554
Z  0.0936 -0.3517 -0.9314

PART 66
OFFSET  6.5399 -3.8472 -5.7357
X -0.9502 -0.3099  0.0338
Y  0.3108 -0.9332  0.1805
Z -0.0244  0.1820  0.9830

PART 67
OFFSET  8.2128 -3.3015 -5.7952
X -0.9646 -0.2622  0.0264
Y  0.2610 -0.9363  0.2349
Z -0.0368  0.2335  0.9717

PART 68
OFFSET  9.3832 -2.9686 -5.7683
X -0.9747 -0.2164 -0.0552
Y  0.2004 -0.9565  0.2120
Z -0.0987  0.1956  0.9757

PART 69
OFFSET  10.4842 -2.7241 -5.7059
X  0.1087  0.9889  0.1010
Y  0.9941 -0.1077 -0.0149
Z -0.0039  0.1021 -0.9948

PART 70
OFFSET  6.6734 -3.9493 -6.8276
X -0.1684 -0.9396  0.2979
Y  0.9737 -0.2057 -0.0984
Z  0.1537  0.2735  0.9495

PART 71
OFFSET  7.0024 -2.1137 -7.4095
X  0.8768 -0.4808 -0.0082
Y  0.4471  0.8215 -0.3539
Z  0.1769  0.3066  0.9352

PART 72
OFFSET  5.7217 -1.4115 -7.3975
X  0.8330  0.4403 -0.3351
Y -0.5243  0.8216 -0.2237
Z  0.1768  0.3620  0.9153

PART 73
OFFSET  4.7767 -1.9122 -7.0246
X -0.3151 -0.8856  0.3413
Y -0.9216  0.3714  0.1126
Z -0.2265 -0.2791 -0.9332

PART 74
OFFSET  0.9580 -3.9856 -7.6826
X -0.8228 -0.3063 -0.4787
Y -0.2443  0.9512 -0.1886
Z  0.5131 -0.0383 -0.8575

PART 75
OFFSET  0.9173 -4.3946 -6.5571
X -0.8228 -0.3063 -0.4787
Y -0.2443  0.9512 -0.1886
Z  0.5131 -0.0383 -0.8575

PART 76
OFFSET  1.4283 -5.6327 -6.4249
X -0.8228 -0.3063 -0.4787
Y -0.2443  0.9512 -0.1886
Z  0.5131 -0.0383 -0.8575

PART 77
OFFSET  0.0000 -0.0000 -0.0000
X  1.0000 -0.0000  0.0000
Y  0.0000  1.0000  0.0000
Z  0.0000 -0.0000  1.0000

PART 78
OFFSET  0.0000 -0.0000 -0.0000
X  1.0000 -0.0000  0.0000
Y  0.0000  1.0000  0.0000
Z  0.0000 -0.0000  1.0000

PART 79
OFFSET  1.5404 -0.0000  4.1357
X  1.0000 -0.0000  0.0000
Y  0.0000  1.0000  0.0000
Z  0.0000 -0.0000  1.0000


FRAME 503
PART 0
OFFSET  0.0000 -0.0000 -0.0000
X  1.0000 -0.0000  0.0000
Y  0.0000  1.0000  0.0000
Z  0.0000 -0.0000  1.0000

PART 1
OFFSET -4.6318 -0.0000 -1.3770
X  1.0000 -0.0000  0.0000
Y  0.0000  1.0000  0.0000
Z  0.0000 -0.0000  1.0000

PART 2
OFFSET -3.4552  5.7860 -3.1869
X  0.6162 -0.1229 -0.7779
Y  0.1116 -0.9642  0.2407
Z -0.7796 -0.2352 -0.5804

PART 3
OFFSET  3.9971  4.2998 -12.5952
X  0.8548 -0.3102  0.4161
Y -0.4225  0.0495  0.9050
Z -0.3014 -0.9494 -0.0887

PART 4
OFFSET  11.2674  1.6611 -9.0564
X  0.8548 -0.3102  0.4161
Y -0.0128  0.7888  0.6145
Z -0.5188 -0.5306  0.6703

PART 5
OFFSET  13.3906  2.6785 -8.8764
X  0.8581 -0.3079  0.4109
Y  0.3050  0.9494  0.0745
Z -0.4131  0.0613  0.9086

PART 6
OFFSET  12.4447  0.5910 -9.8356
X  0.8581 -0.3079  0.4109
Y  0.3050  0.9494  0.0745
Z -0.4131  0.0613  0.9086

PART 7
OFFSET  12.5204  1.8849 -6.8447
X  0.8581 -0.3079  0.4109
Y  0.3050  0.9494  0.0745
Z -0.4131  0.0613  0.9086

PART 8
OFFSET  11.9448  0.6688 -6.8084
X  0.8581 -0.3079  0.4109
Y  0.3050  0.9494  0.0745
Z -0.4131  0.0613  0.9086

PART 9
OFFSET  11.8392  0.1649 -7.8903
X  0.8581 -0.3079  0.4109
Y  0.3050  0.9494  0.0745
Z -0.4131  0.0613  0.9086

PART 10
OFFSET  13.8879  0.7101 -7.7809
X  0.9991 -0.0378  0.0215
Y  0.0179  0.8077  0.5893
Z -0.0396 -0.5884  0.8076

PART 11
OFFSET  14.3383  1.2309 -6.8709
X  0.7515 -0.1704  0.6373
Y -0.2346  0.8339  0.4995
Z -0.6166 -0.5249  0.5868

PART 12
OFFSET  15.9023  0.9173 -5.4131
X  0.8895 -0.2048  0.4085
Y -0.1695  0.6823  0.7111
Z -0.4244 -0.7018  0.5722

PART 13
OFFSET  17.3008  0.4675 -4.7319
X  0.8376 -0.4297  0.3374
Y  0.0288  0.6515  0.7581
Z -0.5456 -0.6252  0.5581

PART 14
OFFSET  18.1821 -0.0147 -4.3286
X  0.9747  0.2187  0.0468
Y -0.0779  0.5280 -0.8456
Z -0.2097  0.8206  0.5317

PART 15
OFFSET  14.7061 -0.3057 -8.2306
X  0.8072 -0.5173 -0.2842
Y -0.1091 -0.6039  0.7895
Z -0.5801 -0.6063 -0.5440

PART 16
OFFSET  16.5909 -1.4538 -8.6930
X  0.7863 -0.4599  0.4127
Y -0.4761 -0.0253  0.8790
Z -0.3938 -0.8876 -0.2389

PART 17
OFFSET  17.7041 -2.1049 -8.1087
X  0.5975 -0.4067  0.6911
Y -0.7253  0.0934  0.6820
Z -0.3419 -0.9088 -0.2392

PART 18
OFFSET  18.2339 -2.4654 -7.4960
X  0.1611 -0.2813  0.9460
Y -0.9045  0.3415  0.2556
Z -0.3949 -0.8968 -0.1994

PART 19
OFFSET  18.3870 -2.7327 -6.5973
X  0.5017  0.1305 -0.8552
Y -0.8364  0.3254 -0.4410
Z  0.2208  0.9365  0.2724

PART 20
OFFSET  14.9433  0.3050 -7.9470
X  0.9450 -0.2876 -0.1557
Y -0.0608 -0.6224  0.7804
Z -0.3213 -0.7280 -0.6056

PART 21
OFFSET  17.3496 -0.5358 -8.4583
X  0.7443 -0.5302  0.4060
Y -0.4122  0.1136  0.9040
Z -0.5254 -0.8402 -0.1340

PART 22
OFFSET  18.6168 -1.4385 -7.7670
X  0.5722 -0.4426  0.6904
Y -0.6483  0.2715  0.7113
Z -0.5023 -0.8546 -0.1316

PART 23
OFFSET  19.4097 -2.0519 -6.8101
X  0.4122 -0.3772  0.8293
Y -0.7579  0.3632  0.5419
Z -0.5056 -0.8519 -0.1362

PART 24
OFFSET  19.8568 -2.4610 -5.9107
X  0.0703  0.0597 -0.9957
Y -0.8348  0.5500 -0.0260
Z  0.5461  0.8330  0.0885

PART 25
OFFSET  16.9749  1.5606 -6.3462
X  0.9255 -0.3554  0.1308
Y  0.3289  0.5831 -0.7429
Z  0.1877  0.7305  0.6566

PART 26
OFFSET  17.8090  1.3907 -7.5530
X  0.7791 -0.4805  0.4027
Y -0.6084 -0.4245  0.6706
Z -0.1512 -0.7674 -0.6230

PART 27
OFFSET  19.1807  0.5448 -6.8440
X  0.6604 -0.5584  0.5021
Y -0.7390 -0.3644  0.5667
Z -0.1335 -0.7452 -0.6533

PART 28
OFFSET  19.9917 -0.0888 -6.1939
X  0.5655 -0.4850  0.6670
Y -0.8247 -0.3329  0.4572
Z  0.0003 -0.8087 -0.5882

PART 29
OFFSET  20.6305 -0.6366 -5.4405
X  0.5605  0.2309 -0.7953
Y -0.7810  0.4668 -0.4148
Z  0.2755  0.8537  0.4420

PART 30
OFFSET  17.6759  0.4129 -8.0497
X  0.8073 -0.4819  0.3408
Y -0.4500 -0.1289  0.8837
Z -0.3819 -0.8667 -0.3209

PART 31
OFFSET  19.2529 -0.5285 -7.3840
X  0.6318 -0.5233  0.5719
Y -0.6519  0.0404  0.7572
Z -0.4193 -0.8512 -0.3156

PART 32
OFFSET  20.1758 -1.2928 -6.5487
X  0.4373 -0.5055  0.7438
Y -0.7670  0.2222  0.6019
Z -0.4696 -0.8337 -0.2905

PART 33
OFFSET  20.6682 -1.8713 -5.7088
X  0.1846  0.2990 -0.9362
Y -0.9010  0.4319 -0.0397
Z  0.3925  0.8509  0.3491

PART 34
OFFSET  16.5265 -0.7243 -6.8096
X -0.3715 -0.7416 -0.5585
Y  0.0396  0.5884 -0.8076
Z  0.9276 -0.3221 -0.1892

PART 35
OFFSET  13.1779  2.0269 -9.3515
X  0.8581 -0.3079  0.4109
Y  0.3050  0.9494  0.0745
Z -0.4131  0.0613  0.9086

PART 36
OFFSET  12.4447  0.5910 -9.8356
X  0.8581 -0.3079  0.4109
Y  0.3050  0.9494  0.0745
Z -0.4131  0.0613  0.9086

PART 37
OFFSET  12.5204  1.8849 -6.8447
X  0.8581 -0.3079  0.4109
Y  0.3050  0.9494  0.0745
Z -0.4131  0.0613  0.9086

PART 38
OFFSET  11.9448  0.6688 -6.8084
X  0.8581 -0.3079  0.4109
Y  0.3050  0.9494  0.0745
Z -0.4131  0.0613  0.9086

PART 39
OFFSET  11.8392  0.1649 -7.8903
X  0.8581 -0.3079  0.4109
Y  0.3050  0.9494  0.0745
Z -0.4131  0.0613  0.9086

PART 40
OFFSET  7.8197 -1.7599 -5.5879
X  0.9768  0.1714 -0.1280
Y -0.1901  0.9700 -0.1513
Z  0.0983  0.1721  0.9802

PART 41
OFFSET  7.8197 -1.7599 -5.5879
X  0.9768  0.1714 -0.1280
Y -0.1901  0.9700 -0.1513
Z  0.0983  0.1721  0.9802

PART 42
OFFSET  11.9585 -0.9753 -5.8558
X  0.9768  0.1714 -0.1280
Y -0.1901  0.9700 -0.1513
Z  0.0983  0.1721  0.9802

PART 43
OFFSET  14.6354 -1.0805 -4.2630
X  0.9768  0.1714 -0.1280
Y -0.1901  0.9700 -0.1513
Z  0.0983  0.1721  0.9802

PART 44
OFFSET -13.6820 -7.9373 -3.1869
X -0.6057  0.0214  0.7954
Y -0.1942 -0.9734 -0.1216
Z  0.7717 -0.2281  0.5937

PART 45
OFFSET -6.3573 -8.1965 -12.8068
X -0.8230 -0.2959 -0.4849
Y  0.5211 -0.0532 -0.8519
Z  0.2263 -0.9537  0.1980

PART 46
OFFSET  0.6425 -5.6795 -8.6826
X -0.8230 -0.2959 -0.4849
Y  0.5419 -0.1528 -0.8264
Z  0.1705 -0.9429  0.2861

PART 47
OFFSET  1.1817 -4.1228 -7.5819
X -0.8267 -0.2930 -0.4803
Y -0.2314  0.9552 -0.1844
Z  0.5129 -0.0412 -0.8575

PART 48
OFFSET  1.1352 -4.5365 -6.4583
X -0.8267 -0.2930 -0.4803
Y -0.2314  0.9552 -0.1844
Z  0.5129 -0.0412 -0.8575

PART 49
OFFSET  1.6292 -5.7818 -6.3314
X -0.8267 -0.2930 -0.4803
Y -0.2314  0.9552 -0.1844
Z  0.5129 -0.0412 -0.8575

PART 50
OFFSET  3.1656 -4.7723 -7.1960
X -0.9313 -0.3463 -0.1132
Y  0.2196 -0.2854 -0.9329
Z  0.2908 -0.8937  0.3418

PART 51
OFFSET  3.2532 -3.9742 -6.3852
X -0.4133 -0.8369 -0.3589
Y  0.4503  0.1547 -0.8794
Z  0.7915 -0.5250  0.3129

PART 52
OFFSET  4.0561 -2.1544 -5.5404
X -0.7933 -0.4491  0.4110
Y -0.0504 -0.6244 -0.7795
Z  0.6067 -0.6391  0.4727

PART 53
OFFSET  5.2658 -1.3951 -6.3034
X -0.4363  0.0382  0.8990
Y -0.5655 -0.7888 -0.2410
Z  0.6999 -0.6135  0.3658

PART 54
OFFSET  5.7152 -1.3949 -7.2882
X -0.8882  0.2597  0.3790
Y -0.1105  0.6800 -0.7248
Z -0.4460 -0.6857 -0.5753

PART 55
OFFSET  4.1299 -4.6043 -8.1683
X -0.8391 -0.3785  0.3906
Y  0.5064 -0.8058  0.3070
Z  0.1986  0.4554  0.8678

PART 56
OFFSET  5.9822 -3.5887 -8.9572
X  0.0812 -0.9713  0.2237
Y  0.9217 -0.0123 -0.3877
Z  0.3793  0.2377  0.8942

PART 57
OFFSET  5.8673 -2.2136 -9.2739
X  0.8461 -0.4786 -0.2348
Y  0.3929  0.8575 -0.3321
Z  0.3603  0.1888  0.9136

PART 58
OFFSET  5.1171 -1.7893 -9.0657
X  0.7979  0.4004 -0.4506
Y -0.4695  0.8816 -0.0480
Z  0.3780  0.2499  0.8914

PART 59
OFFSET  4.3590 -2.1697 -8.6377
X -0.3702 -0.8958  0.2459
Y -0.8201  0.4395  0.3664
Z -0.4363 -0.0660 -0.8974

PART 60
OFFSET  4.2294 -4.4632 -7.4756
X -0.8980 -0.3927  0.1986
Y  0.4394 -0.8260  0.3530
Z  0.0254  0.4043  0.9143

PART 61
OFFSET  6.5659 -3.5223 -8.1191
X  0.0646 -0.9383  0.3398
Y  0.9287 -0.0682 -0.3646
Z  0.3653  0.3391  0.8669

PART 62
OFFSET  6.4559 -1.9249 -8.6977
X  0.9191 -0.2831 -0.2741
Y  0.1625  0.9060 -0.3909
Z  0.3590  0.3147  0.8787

PART 63
OFFSET  5.1821 -1.5326 -8.3178
X  0.6992  0.5361 -0.4729
Y -0.6215  0.7828 -0.0316
Z  0.3532  0.3161  0.8805

PART 64
OFFSET  4.4238 -2.1140 -7.8049
X -0.2005 -0.8708  0.4489
Y -0.9245  0.3197  0.2073
Z -0.3241 -0.3734 -0.8692

PART 65
OFFSET -0.7401 -6.4512 -6.6952
X -0.8378 -0.5191  0.1689
Y -0.5400  0.7426 -0.3961
Z  0.0802 -0.4231 -0.9025

PART 66
OFFSET  6.7367 -3.5398 -5.9242
X -0.9063 -0.4061  0.1171
Y  0.4226 -0.8746  0.2375
Z  0.0060  0.2648  0.9643

PART 67
OFFSET  8.3324 -2.8248 -6.1304
X -0.9376 -0.3338  0.0976
Y  0.3476 -0.8890  0.2981
Z -0.0127  0.3134  0.9495

PART 68
OFFSET  9.4714 -2.4000 -6.1914
X -0.9622 -0.2723  0.0058
Y  0.2630 -0.9232  0.2804
Z -0.0710  0.2713  0.9599

PART 69
OFFSET  10.5582 -2.0924 -6.1979
X  0.0559  0.9983  0.0150
Y  0.9972 -0.0551 -0.0500
Z -0.0491  0.0178 -0.9986

PART 70
OFFSET  6.8234 -3.7261 -7.0097
X -0.0590 -0.9211  0.3848
Y  0.9833 -0.1201 -0.1367
Z  0.1721  0.3703  0.9128

PART 71
OFFSET  6.9387 -1.9266 -7.7613
X  0.9198 -0.3918 -0.0196
Y  0.3426  0.8265 -0.4466
Z  0.1912  0.4041  0.8945

PART 72
OFFSET  5.5952 -1.3543 -7.7327
X  0.7670  0.4866 -0.4183
Y -0.6146  0.7444 -0.2609
Z  0.1844  0.4572  0.8700

PART 73
OFFSET  4.7248 -1.9081 -7.2653
X -0.2073 -0.8778  0.4318
Y -0.9476  0.2899  0.1343
Z -0.2430 -0.3813 -0.8919

PART 74
OFFSET  1.1817 -4.1228 -7.5818
X -0.8267 -0.2930 -0.4803
Y -0.2314  0.9552 -0.1844
Z  0.5129 -0.0412 -0.8575

PART 75
OFFSET  1.1351 -4.5363 -6.4582
X -0.8267 -0.2930 -0.4803
Y -0.2314  0.9552 -0.1844
Z  0.5129 -0.0412 -0.8575

PART 76
OFFSET  1.6292 -5.7818 -6.3315
X -0.8267 -0.2930 -0.4803
Y -0.2314  0.9552 -0.1844
Z  0.5129 -0.0412 -0.8575

PART 77
OFFSET  0.0000 -0.0000 -0.0000
X  1.0000 -0.0000  0.0000
Y  0.0000  1.0000  0.0000
