// Export filename: `C:\projects\cod\t5\xanim_export\t5_viewmodels\ak74u\ak74u_grenadier_d2p_loop.XANIM_EXPORT`
// Source filename: `D:\projects\devanim\t5\animation_assets\viewmodels\ak74u/t5_viewmodel_ak74u_animated2.fbx`
// Export time: Sat Aug 28 02:55:53 2010

ANIMATION
VERSION 3

NUMPARTS 80
PART 0 "tag_ads"
PART 1 "tag_torso"
PART 2 "J_Shoulder_LE"
PART 3 "J_Elbow_LE"
PART 4 "J_WristTwist_LE"
PART 5 "J_Sleave_Reshape_Bottom_LE_1"
PART 6 "J_Sleave_Reshape_Bottom_LE_2"
PART 7 "J_Sleave_Reshape_Top_LE_1"
PART 8 "J_Sleave_Reshape_Top_LE_2"
PART 9 "J_Sleave_Reshape_Top_LE_3"
PART 10 "J_Wrist_LE"
PART 11 "J_Thumb_LE_0"
PART 12 "J_Thumb_LE_1"
PART 13 "J_Thumb_LE_2"
PART 14 "J_Thumb_LE_3"
PART 15 "J_PinkyPalm_LE"
PART 16 "J_Pinky_LE_0"
PART 17 "J_Pinky_LE_1"
PART 18 "J_Pinky_LE_2"
PART 19 "J_Pinky_LE_3"
PART 20 "J_RingPalm_LE"
PART 21 "J_Ring_LE_0"
PART 22 "J_Ring_LE_1"
PART 23 "J_Ring_LE_2"
PART 24 "J_Ring_LE_3"
PART 25 "J_Webbing_LE"
PART 26 "J_Index_LE_0"
PART 27 "J_Index_LE_1"
PART 28 "J_Index_LE_2"
PART 29 "J_Index_LE_3"
PART 30 "J_Mid_LE_0"
PART 31 "J_Mid_LE_1"
PART 32 "J_Mid_LE_2"
PART 33 "J_Mid_LE_3"
PART 34 "tag_knife_attach"
PART 35 "D_Sleave_Reshape_Bottom_LE_1"
PART 36 "D_Sleave_Reshape_Bottom_LE_2"
PART 37 "D_Sleave_Reshape_Top_LE_1"
PART 38 "D_Sleave_Reshape_Top_LE_2"
PART 39 "D_Sleave_Reshape_Top_LE_3"
PART 40 "tag_weapon"
PART 41 "J_Gun"
PART 42 "TAG_CLIP"
PART 43 "J_Bolt"
PART 44 "J_Shoulder_RI"
PART 45 "J_Elbow_RI"
PART 46 "J_WristTwist_RI"
PART 47 "J_Sleave_Reshape_Top_RI_3"
PART 48 "J_Sleave_Reshape_Top_RI_2"
PART 49 "J_Sleave_Reshape_Top_RI_1"
PART 50 "J_Wrist_RI"
PART 51 "J_Thumb_RI_0"
PART 52 "J_Thumb_RI_1"
PART 53 "J_Thumb_RI_2"
PART 54 "J_Thumb_RI_3"
PART 55 "J_PinkyPalm_RI"
PART 56 "J_Pinky_RI_0"
PART 57 "J_Pinky_RI_1"
PART 58 "J_Pinky_RI_2"
PART 59 "J_Pinky_RI_3"
PART 60 "J_RingPalm_RI"
PART 61 "J_Ring_RI_0"
PART 62 "J_Ring_RI_1"
PART 63 "J_Ring_RI_2"
PART 64 "J_Ring_RI_3"
PART 65 "J_Webbing_RI"
PART 66 "J_Index_RI_0"
PART 67 "J_Index_RI_1"
PART 68 "J_Index_RI_2"
PART 69 "J_Index_RI_3"
PART 70 "J_Mid_RI_0"
PART 71 "J_Mid_RI_1"
PART 72 "J_Mid_RI_2"
PART 73 "J_Mid_RI_3"
PART 74 "D_Sleave_Reshape_Top_RI_3"
PART 75 "D_Sleave_Reshape_Top_RI_2"
PART 76 "D_Sleave_Reshape_Top_RI_1"
PART 77 "tag_cambone"
PART 78 "tag_camera"
PART 79 "tag_gasmask"

FRAMERATE 30
NUMFRAMES 16

FRAME 1910
PART 0
OFFSET  0.0000 -0.0000 -0.0000
X  1.0000 -0.0000  0.0000
Y  0.0000  1.0000  0.0000
Z  0.0000 -0.0000  1.0000

PART 1
OFFSET -4.6318 -0.0000 -1.3770
X  1.0000 -0.0000  0.0000
Y  0.0000  1.0000  0.0000
Z  0.0000 -0.0000  1.0000

PART 2
OFFSET -0.5981  7.9556 -8.9029
X  0.5800  0.2290 -0.7818
Y  0.2958 -0.9534 -0.0598
Z -0.7590 -0.1966 -0.6207

PART 3
OFFSET  6.4160  10.7254 -18.3577
X  0.8684 -0.2866  0.4046
Y -0.4778 -0.2659  0.8373
Z -0.1324 -0.9204 -0.3678

PART 4
OFFSET  13.8025  8.2878 -14.9168
X  0.8684 -0.2866  0.4046
Y -0.4838 -0.3117  0.8178
Z -0.1082 -0.9059 -0.4094

PART 5
OFFSET  15.7109  9.5112 -14.2559
X  0.8716 -0.2825  0.4006
Y  0.1368  0.9250  0.3546
Z -0.4707 -0.2543  0.8449

PART 6
OFFSET  15.1864  7.6588 -15.8264
X  0.8716 -0.2825  0.4006
Y  0.1368  0.9250  0.3546
Z -0.4707 -0.2543  0.8449

PART 7
OFFSET  14.8669  8.0664 -12.6082
X  0.8716 -0.2825  0.4006
Y  0.1368  0.9250  0.3546
Z -0.4707 -0.2543  0.8449

PART 8
OFFSET  14.5019  6.8182 -12.9550
X  0.8716 -0.2825  0.4006
Y  0.1368  0.9250  0.3546
Z -0.4707 -0.2543  0.8449

PART 9
OFFSET  14.5465  6.6254 -14.1368
X  0.8716 -0.2825  0.4006
Y  0.1368  0.9250  0.3546
Z -0.4707 -0.2543  0.8449

PART 10
OFFSET  16.4648  7.4092 -13.6765
X  0.7255  0.3378  0.5996
Y -0.5371 -0.2669  0.8002
Z  0.4304 -0.9026 -0.0123

PART 11
OFFSET  16.4496  6.9330 -12.6396
X  0.3180 -0.6185  0.7186
Y -0.9298 -0.0552  0.3639
Z -0.1854 -0.7838 -0.5926

PART 12
OFFSET  17.0327  5.5492 -11.0856
X  0.9895 -0.0194  0.1431
Y -0.1231 -0.6324  0.7648
Z  0.0756 -0.7744 -0.6281

PART 13
OFFSET  18.6460  5.4688 -10.9705
X  0.6394  0.4242 -0.6413
Y  0.7665 -0.4176  0.4880
Z -0.0608 -0.8035 -0.5921

PART 14
OFFSET  19.3477  5.8836 -11.6828
X  0.6690  0.7432  0.0076
Y -0.5524  0.4904  0.6740
Z  0.4973 -0.4551  0.7387

PART 15
OFFSET  17.7408  7.7985 -14.0284
X  0.9199  0.3906  0.0343
Y  0.3921 -0.9170 -0.0733
Z  0.0028  0.0809 -0.9967

PART 16
OFFSET  19.8554  8.5519 -13.8152
X  0.2799 -0.9113  0.3019
Y -0.9075 -0.3538 -0.2266
Z  0.3133 -0.2105 -0.9260

PART 17
OFFSET  20.2517  7.2617 -13.3877
X -0.8064 -0.5903 -0.0339
Y -0.5164  0.7310 -0.4460
Z  0.2881 -0.3422 -0.8944

PART 18
OFFSET  19.5367  6.7382 -13.4178
X -0.7606 -0.6491 -0.0125
Y -0.5947  0.7044 -0.3875
Z  0.2603 -0.2873 -0.9218

PART 19
OFFSET  18.8141  6.1216 -13.4296
X  0.9175  0.0958  0.3861
Y  0.0734  0.9131 -0.4010
Z -0.3909  0.3962  0.8308

PART 20
OFFSET  17.4834  7.8214 -13.3630
X  0.8580  0.3980  0.3248
Y  0.4386 -0.8967 -0.0596
Z  0.2675  0.1936 -0.9439

PART 21
OFFSET  19.7401  8.9030 -12.6589
X  0.4455 -0.8854  0.1325
Y -0.8613 -0.4642 -0.2064
Z  0.2442 -0.0222 -0.9695

PART 22
OFFSET  20.4985  7.3955 -12.4333
X -0.7451 -0.6436 -0.1751
Y -0.6130  0.7642 -0.2007
Z  0.2629 -0.0422 -0.9639

PART 23
OFFSET  19.4659  6.5035 -12.6759
X -0.8417 -0.4957 -0.2144
Y -0.4689  0.8677 -0.1652
Z  0.2679 -0.0385 -0.9627

PART 24
OFFSET  18.5531  5.9660 -12.9084
X  0.9706 -0.0914  0.2226
Y  0.0871  0.9958  0.0291
Z -0.2243 -0.0088  0.9745

PART 25
OFFSET  18.0793  7.5430 -10.5641
X  0.9062  0.1185  0.4060
Y -0.2216  0.9506  0.2172
Z -0.3602 -0.2868  0.8877

PART 26
OFFSET  18.7268  8.8596 -10.7320
X  0.6827 -0.7306 -0.0153
Y -0.7097 -0.6579 -0.2520
Z  0.1740  0.1829 -0.9676

PART 27
OFFSET  19.9287  7.5733 -10.7590
X -0.5548 -0.7675 -0.3211
Y -0.7929  0.6046 -0.0752
Z  0.2519  0.2129 -0.9440

PART 28
OFFSET  19.2390  6.6273 -11.0920
X -0.7850 -0.5882 -0.1944
Y -0.5888  0.8060 -0.0610
Z  0.1926  0.0666 -0.9790

PART 29
OFFSET  18.3523  5.9629 -11.3116
X  0.8413 -0.5174 -0.1570
Y  0.5398  0.7879  0.2964
Z -0.0297 -0.3341  0.9421

PART 30
OFFSET  19.3093  8.9513 -11.6662
X  0.4069 -0.9135 -0.0026
Y -0.8801 -0.3913 -0.2688
Z  0.2445  0.1117 -0.9632

PART 31
OFFSET  20.1042  7.1668 -11.6713
X -0.7033 -0.6638 -0.2543
Y -0.6777  0.7341 -0.0421
Z  0.2147  0.1428 -0.9662

PART 32
OFFSET  19.0769  6.1971 -12.0428
X -0.9032 -0.3437 -0.2569
Y -0.3810  0.9178  0.1115
Z  0.1974  0.1986 -0.9600

PART 33
OFFSET  18.0556  5.8086 -12.3406
X  0.9233 -0.3354  0.1871
Y  0.3037  0.9359  0.1785
Z -0.2350 -0.1079  0.9660

PART 34
OFFSET  19.3771  7.0935 -12.5007
X  0.2444  0.1296 -0.9610
Y -0.4304  0.9026  0.0123
Z  0.8689  0.4106  0.2764

PART 35
OFFSET  15.6389  8.9937 -14.9060
X  0.8716 -0.2825  0.4006
Y  0.1368  0.9250  0.3546
Z -0.4707 -0.2543  0.8449

PART 36
OFFSET  15.1864  7.6588 -15.8264
X  0.8716 -0.2825  0.4006
Y  0.1368  0.9250  0.3546
Z -0.4707 -0.2543  0.8449

PART 37
OFFSET  14.8669  8.0664 -12.6082
X  0.8716 -0.2825  0.4006
Y  0.1368  0.9250  0.3546
Z -0.4707 -0.2543  0.8449

PART 38
OFFSET  14.5019  6.8182 -12.9550
X  0.8716 -0.2825  0.4006
Y  0.1368  0.9250  0.3546
Z -0.4707 -0.2543  0.8449

PART 39
OFFSET  14.5465  6.6254 -14.1368
X  0.8716 -0.2825  0.4006
Y  0.1368  0.9250  0.3546
Z -0.4707 -0.2543  0.8449

PART 40
OFFSET  9.6440 -0.6664 -5.8131
X  0.7222  0.6731 -0.1589
Y -0.6907  0.7141 -0.1142
Z  0.0366  0.1923  0.9807

PART 41
OFFSET  9.6440 -0.6664 -5.8131
X  0.7222  0.6731 -0.1589
Y -0.6907  0.7141 -0.1142
Z  0.0366  0.1923  0.9807

PART 42
OFFSET  12.6858  2.2331 -6.2103
X  0.7222  0.6731 -0.1589
Y -0.6907  0.7141 -0.1142
Z  0.0366  0.1923  0.9807

PART 43
OFFSET  15.0684  3.5829 -4.7221
X  0.7222  0.6731 -0.1589
Y -0.6907  0.7141 -0.1142
Z  0.0366  0.1923  0.9807

PART 44
OFFSET -5.5711 -7.9373 -3.1869
X -0.3360 -0.0141  0.9418
Y -0.3097 -0.9426 -0.1246
Z  0.8895 -0.3335  0.3123

PART 45
OFFSET -1.5080 -7.7672 -14.5766
X -0.7597 -0.1780 -0.6255
Y  0.6229  0.0774 -0.7785
Z  0.1870 -0.9810  0.0521

PART 46
OFFSET  4.9532 -6.2534 -9.2566
X -0.7597 -0.1780 -0.6255
Y  0.5501  0.3370 -0.7641
Z  0.3468 -0.9245 -0.1581

PART 47
OFFSET  5.3711 -4.9317 -7.8409
X -0.7639 -0.1757 -0.6210
Y -0.1938  0.9803 -0.0391
Z  0.6156  0.0905 -0.7829

PART 48
OFFSET  5.1787 -5.5325 -6.8222
X -0.7639 -0.1757 -0.6210
Y -0.1938  0.9803 -0.0391
Z  0.6156  0.0905 -0.7829

PART 49
OFFSET  5.6363 -6.7975 -6.8588
X -0.7639 -0.1757 -0.6210
Y -0.1938  0.9803 -0.0391
Z  0.6156  0.0905 -0.7829

PART 50
OFFSET  7.2821 -5.7077 -7.3390
X -0.6011 -0.7942 -0.0891
Y  0.2940 -0.1160 -0.9488
Z  0.7432 -0.5965  0.3032

PART 51
OFFSET  6.9637 -4.9936 -6.5078
X  0.0886 -0.9238 -0.3726
Y  0.2482  0.3827 -0.8899
Z  0.9646 -0.0136  0.2632

PART 52
OFFSET  6.6940 -3.0376 -5.6297
X -0.4023 -0.8080  0.4305
Y  0.2531 -0.5500 -0.7959
Z  0.8798 -0.2112  0.4258

PART 53
OFFSET  7.2600 -1.7424 -6.4198
X -0.3397 -0.2119  0.9164
Y -0.0604 -0.9674 -0.2461
Z  0.9386 -0.1390  0.3158

PART 54
OFFSET  7.5854 -1.4904 -7.4211
X -0.8661 -0.2665  0.4229
Y -0.4987  0.5174 -0.6954
Z -0.0335 -0.8132 -0.5811

PART 55
OFFSET  7.9553 -5.0393 -8.3408
X -0.4783 -0.7778  0.4078
Y  0.8773 -0.4022  0.2619
Z -0.0397  0.4830  0.8747

PART 56
OFFSET  8.9167 -3.1721 -9.1618
X  0.6108 -0.7669  0.1969
Y  0.7573  0.4932 -0.4280
Z  0.2311  0.4105  0.8821

PART 57
OFFSET  8.0520 -2.0863 -9.4405
X  0.9592  0.0497 -0.2784
Y -0.1448  0.9319 -0.3325
Z  0.2429  0.3592  0.9011

PART 58
OFFSET  7.2015 -2.1304 -9.1937
X  0.4349  0.7643 -0.4761
Y -0.8721  0.4891 -0.0115
Z  0.2241  0.4202  0.8793

PART 59
OFFSET  6.7883 -2.8565 -8.7414
X  0.1824 -0.9524  0.2441
Y -0.9100 -0.0695  0.4088
Z -0.3724 -0.2967 -0.8794

PART 60
OFFSET  7.9960 -4.8708 -7.6483
X -0.5300 -0.8190  0.2199
Y  0.8340 -0.4564  0.3102
Z -0.1537  0.3478  0.9249

PART 61
OFFSET  9.4127 -2.8070 -8.3495
X  0.5836 -0.7499  0.3117
Y  0.7945  0.4479 -0.4101
Z  0.1679  0.4869  0.8571

PART 62
OFFSET  8.4191 -1.5303 -8.8801
X  0.9121  0.2547 -0.3212
Y -0.3700  0.8489 -0.3774
Z  0.1766  0.4631  0.8686

PART 63
OFFSET  7.1550 -1.8832 -8.4349
X  0.2699  0.8280 -0.4915
Y -0.9476  0.3191  0.0172
Z  0.1711  0.4611  0.8707

PART 64
OFFSET  6.8623 -2.7812 -7.9018
X  0.3286 -0.8380  0.4357
Y -0.9375 -0.2332  0.2584
Z -0.1149 -0.4934 -0.8622

PART 65
OFFSET  4.9303 -9.2348 -6.7453
X -0.4158 -0.8907  0.1839
Y -0.8737  0.3350 -0.3528
Z  0.2527 -0.3074 -0.9174

PART 66
OFFSET  9.6787 -2.7473 -6.1634
X -0.5762 -0.8056  0.1380
Y  0.8126 -0.5466  0.2022
Z -0.0875  0.2286  0.9696

PART 67
OFFSET  10.6932 -1.3289 -6.4064
X -0.5501 -0.8214  0.1505
Y  0.8252 -0.5068  0.2494
Z -0.1286  0.2614  0.9566

PART 68
OFFSET  11.3541 -0.3144 -6.5313
X -0.5357 -0.8402  0.0846
Y  0.8310 -0.5067  0.2294
Z -0.1498  0.1932  0.9697

PART 69
OFFSET  11.9591  0.6346 -6.6269
X -0.6180  0.7853  0.0381
Y  0.7747  0.6165 -0.1410
Z -0.1343 -0.0576 -0.9893

PART 70
OFFSET  9.8002 -2.8508 -7.2566
X  0.4678 -0.8072  0.3600
Y  0.8838  0.4298 -0.1848
Z -0.0056  0.4047  0.9144

PART 71
OFFSET  8.8864 -1.2739 -7.9599
X  0.9850  0.1581 -0.0686
Y -0.1722  0.8822 -0.4382
Z -0.0087  0.4434  0.8963

PART 72
OFFSET  7.4476 -1.5048 -7.8597
X  0.3624  0.8225 -0.4383
Y -0.9310  0.2974 -0.2118
Z -0.0439  0.4848  0.8735

PART 73
OFFSET  7.0368 -2.4397 -7.3697
X  0.3195 -0.8516  0.4155
Y -0.9464 -0.2649  0.1848
Z -0.0473 -0.4523 -0.8906

PART 74
OFFSET  5.3710 -4.9317 -7.8408
X -0.7639 -0.1757 -0.6210
Y -0.1938  0.9803 -0.0391
Z  0.6156  0.0905 -0.7829

PART 75
OFFSET  5.1786 -5.5324 -6.8221
X -0.7639 -0.1757 -0.6210
Y -0.1938  0.9803 -0.0391
Z  0.6156  0.0905 -0.7829

PART 76
OFFSET  5.6363 -6.7975 -6.8589
X -0.7639 -0.1757 -0.6210
Y -0.1938  0.9803 -0.0391
Z  0.6156  0.0905 -0.7829

PART 77
OFFSET  0.0000 -0.0000 -0.0000
X  1.0000 -0.0000  0.0000
Y  0.0000  1.0000  0.0000
Z  0.0000 -0.0000  1.0000

PART 78
OFFSET -0.0000 -0.0000 -0.0000
X  0.9986  0.0000 -0.0523
Y  0.0055  0.9945  0.1044
Z  0.0520 -0.1045  0.9932

PART 79
OFFSET  1.7536 -0.4323  4.0268
X  0.9986  0.0000 -0.0523
Y  0.0055  0.9945  0.1044
Z  0.0520 -0.1045  0.9932


FRAME 1911
PART 0
OFFSET  0.0000 -0.0000 -0.0000
X  1.0000 -0.0000  0.0000
Y  0.0000  1.0000  0.0000
Z  0.0000 -0.0000  1.0000

PART 1
OFFSET -4.6318 -0.0000 -1.3770
X  1.0000 -0.0000  0.0000
Y  0.0000  1.0000  0.0000
Z  0.0000 -0.0000  1.0000

PART 2
OFFSET -0.3955  7.9582 -9.1335
X  0.6178  0.2264 -0.7530
Y  0.3170 -0.9481 -0.0249
Z -0.7196 -0.2234 -0.6575

PART 3
OFFSET  7.0763  10.6960 -18.2406
X  0.8370 -0.2677  0.4772
Y -0.5390 -0.2536  0.8032
Z -0.0940 -0.9295 -0.3566

PART 4
OFFSET  14.1955  8.4188 -14.1818
X  0.8370 -0.2677  0.4772
Y -0.5463 -0.3594  0.7566
Z -0.0311 -0.8940 -0.4471

PART 5
OFFSET  16.0342  9.6781 -13.4017
X  0.8405 -0.2637  0.4734
Y  0.0994  0.9338  0.3437
Z -0.5326 -0.2418  0.8111

PART 6
OFFSET  15.6525  7.7868 -14.9668
X  0.8405 -0.2637  0.4734
Y  0.0994  0.9338  0.3437
Z -0.5326 -0.2418  0.8111

PART 7
OFFSET  15.0785  8.2590 -11.7930
X  0.8405 -0.2637  0.4734
Y  0.0994  0.9338  0.3437
Z -0.5326 -0.2418  0.8111

PART 8
OFFSET  14.7542  6.9995 -12.1396
X  0.8405 -0.2637  0.4734
Y  0.0994  0.9338  0.3437
Z -0.5326 -0.2418  0.8111

PART 9
OFFSET  14.8929  6.7821 -13.3097
X  0.8405 -0.2637  0.4734
Y  0.0994  0.9338  0.3437
Z -0.5326 -0.2418  0.8111

PART 10
OFFSET  16.7615  7.5980 -12.7189
X  0.7289  0.2543  0.6356
Y -0.5635 -0.3043  0.7680
Z  0.3887 -0.9180 -0.0785

PART 11
OFFSET  16.7052  7.0417 -11.7241
X  0.2759 -0.6882  0.6710
Y -0.9380 -0.0402  0.3444
Z -0.2101 -0.7244 -0.6566

PART 12
OFFSET  17.1952  5.5123 -10.2782
X  0.9847 -0.0775  0.1558
Y -0.1661 -0.6849  0.7094
Z  0.0518 -0.7245 -0.6873

PART 13
OFFSET  18.8006  5.3470 -10.1460
X  0.6700  0.4434 -0.5954
Y  0.7373 -0.4909  0.4641
Z -0.0865 -0.7500 -0.6558

PART 14
OFFSET  19.5338  5.7838 -10.8120
X  0.7021  0.7079  0.0774
Y -0.5419  0.4605  0.7031
Z  0.4620 -0.5355  0.7069

PART 15
OFFSET  18.0603  7.9535 -13.0193
X  0.9361  0.3428  0.0794
Y  0.3510 -0.9257 -0.1412
Z  0.0251  0.1600 -0.9868

PART 16
OFFSET  20.2029  8.5868 -12.7145
X  0.2322 -0.9447  0.2316
Y -0.9183 -0.2914 -0.2679
Z  0.3205 -0.1505 -0.9352

PART 17
OFFSET  20.5316  7.2493 -12.3866
X -0.8319 -0.5470 -0.0934
Y -0.4739  0.7879 -0.3933
Z  0.2887 -0.2829 -0.9147

PART 18
OFFSET  19.7941  6.7643 -12.4694
X -0.7892 -0.6094 -0.0761
Y -0.5545  0.7603 -0.3382
Z  0.2640 -0.2248 -0.9380

PART 19
OFFSET  19.0443  6.1854 -12.5417
X  0.9136  0.0213  0.4062
Y  0.1226  0.9378 -0.3249
Z -0.3878  0.3466  0.8541

PART 20
OFFSET  17.7919  7.9353 -12.3581
X  0.8691  0.3299  0.3686
Y  0.3981 -0.9088 -0.1252
Z  0.2936  0.2555 -0.9211

PART 21
OFFSET  20.0823  8.8495 -11.5356
X  0.4019 -0.9132  0.0673
Y -0.8777 -0.4051 -0.2559
Z  0.2610  0.0437 -0.9644

PART 22
OFFSET  20.7665  7.2948 -11.4209
X -0.7704 -0.5917 -0.2374
Y -0.5735  0.8058 -0.1475
Z  0.2786  0.0225 -0.9601

PART 23
OFFSET  19.6988  6.4747 -11.7500
X -0.8593 -0.4367 -0.2661
Y -0.4255  0.8992 -0.1017
Z  0.2837  0.0259 -0.9586

PART 24
OFFSET  18.7668  6.0011 -12.0386
X  0.9611 -0.1546  0.2290
Y  0.1321  0.9851  0.1105
Z -0.2426 -0.0760  0.9671

PART 25
OFFSET  18.3222  7.4065 -9.5822
X  0.9029  0.0428  0.4277
Y -0.1818  0.9397  0.2898
Z -0.3895 -0.3394  0.8562

PART 26
OFFSET  19.0323  8.7003 -9.6337
X  0.6486 -0.7584 -0.0640
Y -0.7343 -0.6014 -0.3148
Z  0.2002  0.2512 -0.9470

PART 27
OFFSET  20.1743  7.3651 -9.7464
X -0.5833 -0.7124 -0.3902
Y -0.7629  0.6455 -0.0380
Z  0.2789  0.2754 -0.9200

PART 28
OFFSET  19.4483  6.4823 -10.1648
X -0.8074 -0.5331 -0.2529
Y -0.5500  0.8351 -0.0046
Z  0.2137  0.1353 -0.9675

PART 29
OFFSET  18.5363  5.8801 -10.4505
X  0.8194 -0.5423 -0.1856
Y  0.5698  0.7354  0.3669
Z -0.0625 -0.4064  0.9115

PART 30
OFFSET  19.6357  8.8387 -10.5488
X  0.3646 -0.9285 -0.0701
Y -0.8920 -0.3266 -0.3126
Z  0.2673  0.1765 -0.9473

PART 31
OFFSET  20.3480  7.0248 -10.6858
X -0.7281 -0.6075 -0.3175
Y -0.6425  0.7663  0.0071
Z  0.2389  0.2091 -0.9482

PART 32
OFFSET  19.2844  6.1375 -11.1495
X -0.9131 -0.2791 -0.2972
Y -0.3406  0.9229  0.1795
Z  0.2242  0.2651 -0.9378

PART 33
OFFSET  18.2521  5.8226 -11.4929
X  0.9033 -0.3924  0.1732
Y  0.3429  0.9033  0.2578
Z -0.2576 -0.1735  0.9505

PART 34
OFFSET  19.6338  7.0524 -11.5292
X  0.2680  0.1942 -0.9437
Y -0.3887  0.9180  0.0785
Z  0.8815  0.3458  0.3215

PART 35
OFFSET  16.0183  9.1462 -14.0438
X  0.8405 -0.2637  0.4734
Y  0.0994  0.9338  0.3437
Z -0.5326 -0.2418  0.8111

PART 36
OFFSET  15.6525  7.7868 -14.9668
X  0.8405 -0.2637  0.4734
Y  0.0994  0.9338  0.3437
Z -0.5326 -0.2418  0.8111

PART 37
OFFSET  15.0785  8.2590 -11.7930
X  0.8405 -0.2637  0.4734
Y  0.0994  0.9338  0.3437
Z -0.5326 -0.2418  0.8111

PART 38
OFFSET  14.7542  6.9995 -12.1396
X  0.8405 -0.2637  0.4734
Y  0.0994  0.9338  0.3437
Z -0.5326 -0.2418  0.8111

PART 39
OFFSET  14.8929  6.7821 -13.3097
X  0.8405 -0.2637  0.4734
Y  0.0994  0.9338  0.3437
Z -0.5326 -0.2418  0.8111

PART 40
OFFSET  9.4255 -0.7307 -5.6260
X  0.7559  0.6479 -0.0939
Y -0.6541  0.7534 -0.0675
Z  0.0270  0.1124  0.9933

PART 41
OFFSET  9.4255 -0.7307 -5.6260
X  0.7559  0.6479 -0.0939
Y -0.6541  0.7534 -0.0675
Z  0.0270  0.1124  0.9933

PART 42
OFFSET  12.6070  2.0408 -5.7453
X  0.7559  0.6479 -0.0939
Y -0.6541  0.7534 -0.0675
Z  0.0270  0.1124  0.9933

PART 43
OFFSET  15.0218  3.1525 -4.1186
X  0.7559  0.6479 -0.0939
Y -0.6541  0.7534 -0.0675
Z  0.0270  0.1124  0.9933

PART 44
OFFSET -5.9460 -7.9373 -3.1869
X -0.3224 -0.0173  0.9464
Y -0.2971 -0.9474 -0.1185
Z  0.8987 -0.3194  0.3004

PART 45
OFFSET -2.0465 -7.7287 -14.6330
X -0.7696 -0.1912 -0.6092
Y  0.6056  0.0840 -0.7914
Z  0.2025 -0.9780  0.0512

PART 46
OFFSET  4.4993 -6.1024 -9.4514
X -0.7696 -0.1912 -0.6092
Y  0.5446  0.3016 -0.7826
Z  0.3334 -0.9341 -0.1280

PART 47
OFFSET  4.9265 -4.7700 -8.0485
X -0.7738 -0.1890 -0.6046
Y -0.2090  0.9772 -0.0381
Z  0.5980  0.0969 -0.7956

PART 48
OFFSET  4.7639 -5.3703 -7.0243
X -0.7738 -0.1890 -0.6046
Y -0.2090  0.9772 -0.0381
Z  0.5980  0.0969 -0.7956

PART 49
OFFSET  5.2393 -6.6285 -7.0665
X -0.7738 -0.1890 -0.6046
Y -0.2090  0.9772 -0.0381
Z  0.5980  0.0969 -0.7956

PART 50
OFFSET  6.8587 -5.5162 -7.5837
X -0.6359 -0.7548 -0.1611
Y  0.3060 -0.0550 -0.9504
Z  0.7085 -0.6537  0.2659

PART 51
OFFSET  6.5585 -4.8552 -6.7032
X  0.0522 -0.8948 -0.4435
Y  0.2827  0.4392 -0.8528
Z  0.9578 -0.0809  0.2758

PART 52
OFFSET  6.3644 -2.9637 -5.6764
X -0.4478 -0.8190  0.3587
Y  0.2420 -0.4972 -0.8332
Z  0.8608 -0.2863  0.4209

PART 53
OFFSET  7.0054 -1.6392 -6.3524
X -0.3665 -0.2668  0.8914
Y -0.1011 -0.9409 -0.3232
Z  0.9249 -0.2086  0.3179

PART 54
OFFSET  7.3611 -1.3251 -7.3253
X -0.8855 -0.2568  0.3872
Y -0.4607  0.5940 -0.6595
Z -0.0606 -0.7623 -0.6444

PART 55
OFFSET  7.5813 -4.8043 -8.5188
X -0.5219 -0.7834  0.3374
Y  0.8523 -0.4635  0.2423
Z -0.0335  0.4140  0.9097

PART 56
OFFSET  8.6446 -2.9269 -9.1740
X  0.5703 -0.8086  0.1445
Y  0.7876  0.4883 -0.3759
Z  0.2334  0.3282  0.9153

PART 57
OFFSET  7.8372 -1.7820 -9.3785
X  0.9655  0.0250 -0.2591
Y -0.0945  0.9611 -0.2595
Z  0.2425  0.2750  0.9304

PART 58
OFFSET  6.9812 -1.8042 -9.1488
X  0.4792  0.7776 -0.4071
Y -0.8478  0.5301  0.0143
Z  0.2269  0.3383  0.9133

PART 59
OFFSET  6.5259 -2.5429 -8.7621
X  0.1329 -0.9764  0.1703
Y -0.9198 -0.0574  0.3882
Z -0.3693 -0.2082 -0.9057

PART 60
OFFSET  7.6167 -4.6930 -7.8146
X -0.5719 -0.8072  0.1460
Y  0.8056 -0.5192  0.2854
Z -0.1546  0.2809  0.9472

PART 61
OFFSET  9.1418 -2.6512 -8.3279
X  0.5417 -0.7994  0.2598
Y  0.8223  0.4399 -0.3611
Z  0.1744  0.4092  0.8956

PART 62
OFFSET  8.2195 -1.2902 -8.7702
X  0.9290  0.2348 -0.2862
Y -0.3225  0.8929 -0.3142
Z  0.1817  0.3842  0.9052

PART 63
OFFSET  6.9320 -1.6156 -8.3736
X  0.3177  0.8501 -0.4200
Y -0.9317  0.3622  0.0283
Z  0.1761  0.3823  0.9071

PART 64
OFFSET  6.5874 -2.5376 -7.9181
X  0.2806 -0.8846  0.3726
Y -0.9521 -0.2073  0.2249
Z -0.1217 -0.4178 -0.9003

PART 65
OFFSET  4.3330 -8.9613 -7.3080
X -0.4605 -0.8813  0.1062
Y -0.8502  0.4035 -0.3382
Z  0.2552 -0.2460 -0.9351

PART 66
OFFSET  9.3690 -2.7768 -6.1402
X -0.6159 -0.7852  0.0647
Y  0.7821 -0.5994  0.1703
Z -0.0949  0.1555  0.9833

PART 67
OFFSET  10.4534 -1.3943 -6.2542
X -0.5908 -0.8032  0.0764
Y  0.7956 -0.5642  0.2207
Z -0.1342  0.1912  0.9723

PART 68
OFFSET  11.1634 -0.4062 -6.2881
X -0.5760 -0.8174  0.0094
Y  0.8019 -0.5628  0.2008
Z -0.1589  0.1232  0.9796

PART 69
OFFSET  11.8140  0.5170 -6.2986
X -0.5810  0.8088  0.0912
Y  0.8053  0.5875 -0.0798
Z -0.1181  0.0270 -0.9926

PART 70
OFFSET  9.5061 -2.7996 -7.2362
X  0.4225 -0.8547  0.3017
Y  0.9064  0.3998 -0.1367
Z -0.0038  0.3312  0.9436

PART 71
OFFSET  8.6808 -1.1299 -7.8256
X  0.9925  0.1153 -0.0410
Y -0.1222  0.9213 -0.3691
Z -0.0048  0.3714  0.9285

PART 72
OFFSET  7.2311 -1.2983 -7.7658
X  0.4089  0.8360 -0.3659
Y -0.9118  0.3577 -0.2015
Z -0.0376  0.4160  0.9086

PART 73
OFFSET  6.7677 -2.2479 -7.3579
X  0.2713 -0.8961  0.3512
Y -0.9611 -0.2326  0.1488
Z -0.0517 -0.3779 -0.9244

PART 74
OFFSET  4.9265 -4.7700 -8.0485
X -0.7738 -0.1890 -0.6046
Y -0.2090  0.9772 -0.0381
Z  0.5980  0.0969 -0.7956

PART 75
OFFSET  4.7638 -5.3701 -7.0242
X -0.7738 -0.1890 -0.6046
Y -0.2090  0.9772 -0.0381
Z  0.5980  0.0969 -0.7956

PART 76
OFFSET  5.2393 -6.6285 -7.0666
X -0.7738 -0.1890 -0.6046
Y -0.2090  0.9772 -0.0381
Z  0.5980  0.0969 -0.7956

PART 77
OFFSET  0.0000 -0.0000 -0.0000
X  1.0000 -0.0000  0.0000
Y  0.0000  1.0000  0.0000
Z  0.0000 -0.0000  1.0000

PART 78
OFFSET -0.0000 -0.0000 -0.0000
X  0.9988 -0.0000 -0.0496
Y  0.0049  0.9950  0.0996
Z  0.0493 -0.0997  0.9938

PART 79
OFFSET  1.7425 -0.4123  4.0338
X  0.9988 -0.0000 -0.0496
Y  0.0049  0.9950  0.0996
Z  0.0493 -0.0997  0.9938


FRAME 1912
PART 0
OFFSET  0.0000 -0.0000 -0.0000
X  1.0000 -0.0000  0.0000
Y  0.0000  1.0000  0.0000
Z  0.0000 -0.0000  1.0000

PART 1
OFFSET -4.6318 -0.0000 -1.3770
X  1.0000 -0.0000  0.0000
Y  0.0000  1.0000  0.0000
Z  0.0000 -0.0000  1.0000

PART 2
OFFSET -0.0791  7.9597 -9.3490
X  0.6802  0.2184 -0.6997
Y  0.3221 -0.9465  0.0176
Z -0.6585 -0.2374 -0.7142

PART 3
OFFSET  8.1471  10.6013 -17.8116
X  0.7927 -0.2559  0.5532
Y -0.6067 -0.2442  0.7565
Z -0.0585 -0.9353 -0.3489

PART 4
OFFSET  14.8897  8.4244 -13.1062
X  0.7927 -0.2559  0.5532
Y -0.6084 -0.3877  0.6925
Z  0.0372 -0.8856 -0.4630

PART 5
OFFSET  16.6474  9.7053 -12.1869
X  0.7965 -0.2519  0.5496
Y  0.0650  0.9395  0.3364
Z -0.6011 -0.2322  0.7647

PART 6
OFFSET  16.4127  7.7883 -13.7498
X  0.7965 -0.2519  0.5496
Y  0.0650  0.9395  0.3364
Z -0.6011 -0.2322  0.7647

PART 7
OFFSET  15.5593  8.3058 -10.6467
X  0.7965 -0.2519  0.5496
Y  0.0650  0.9395  0.3364
Z -0.6011 -0.2322  0.7647

PART 8
OFFSET  15.2719  7.0395 -11.0007
X  0.7965 -0.2519  0.5496
Y  0.0650  0.9395  0.3364
Z -0.6011 -0.2322  0.7647

PART 9
OFFSET  15.5140  6.8049 -12.1505
X  0.7965 -0.2519  0.5496
Y  0.0650  0.9395  0.3364
Z -0.6011 -0.2322  0.7647

PART 10
OFFSET  17.3200  7.6397 -11.4103
X  0.7157  0.1462  0.6829
Y -0.6128 -0.3377  0.7145
Z  0.3351 -0.9298 -0.1522

PART 11
OFFSET  17.1882  6.9977 -10.4760
X  0.2051 -0.7643  0.6114
Y -0.9523 -0.0115  0.3050
Z -0.2260 -0.6448 -0.7302

PART 12
OFFSET  17.5231  5.3115 -9.1668
X  0.9708 -0.1551  0.1830
Y -0.2371 -0.7360  0.6341
Z  0.0364 -0.6589 -0.7513

PART 13
OFFSET  19.1086  5.0313 -8.9933
X  0.7202  0.4529 -0.5256
Y  0.6859 -0.5787  0.4412
Z -0.1043 -0.6782 -0.7274

PART 14
OFFSET  19.8942  5.4801 -9.5874
X  0.7400  0.6507  0.1702
Y -0.5419  0.4268  0.7240
Z  0.3985 -0.6280  0.6685

PART 15
OFFSET  18.6495  7.9371 -11.6281
X  0.9510  0.2727  0.1455
Y  0.2996 -0.9292 -0.2165
Z  0.0762  0.2495 -0.9654

PART 16
OFFSET  20.8119  8.3996 -11.1871
X  0.1644 -0.9752  0.1482
Y -0.9223 -0.2052 -0.3275
Z  0.3498 -0.0828 -0.9332

PART 17
OFFSET  21.0446  7.0189 -10.9773
X -0.8590 -0.4811 -0.1753
Y -0.4082  0.8501 -0.3327
Z  0.3091 -0.2142 -0.9266

PART 18
OFFSET  20.2830  6.5924 -11.1328
X -0.8209 -0.5474 -0.1625
Y -0.4925  0.8228 -0.2835
Z  0.2889 -0.1527 -0.9451

PART 19
OFFSET  19.5031  6.0723 -11.2872
X  0.8953 -0.0758  0.4390
Y  0.1930  0.9541 -0.2289
Z -0.4015  0.2896  0.8689

PART 20
OFFSET  18.3529  7.8746 -10.9819
X  0.8713  0.2372  0.4296
Y  0.3469 -0.9169 -0.1973
Z  0.3471  0.3210 -0.8812

PART 21
OFFSET  20.6582  8.5583 -9.9935
X  0.3424 -0.9395 -0.0061
Y -0.8892 -0.3219 -0.3250
Z  0.3034  0.1167 -0.9457

PART 22
OFFSET  21.2411  6.9587 -10.0039
X -0.7943 -0.5160 -0.3207
Y -0.5167  0.8514 -0.0901
Z  0.3195  0.0941 -0.9429

PART 23
OFFSET  20.1402  6.2436 -10.4484
X -0.8724 -0.3535 -0.3376
Y -0.3654  0.9304 -0.0302
Z  0.3247  0.0970 -0.9408

PART 24
OFFSET  19.1941  5.8602 -10.8145
X  0.9394 -0.2370  0.2475
Y  0.1871  0.9598  0.2092
Z -0.2872 -0.1502  0.9460

PART 25
OFFSET  18.7331  7.0557 -8.2521
X  0.8851 -0.0557  0.4621
Y -0.1363  0.9182  0.3718
Z -0.4450 -0.3921  0.8051

PART 26
OFFSET  19.5222  8.3001 -8.1538
X  0.6034 -0.7894 -0.1130
Y -0.7557 -0.5207 -0.3972
Z  0.2547  0.3251 -0.9107

PART 27
OFFSET  20.5845  6.9102 -8.3528
X -0.6087 -0.6337 -0.4774
Y -0.7199  0.6941 -0.0034
Z  0.3335  0.3416 -0.8787

PART 28
OFFSET  19.8243  6.1191 -8.8798
X -0.8270 -0.4539 -0.3318
Y -0.4975  0.8657  0.0557
Z  0.2619  0.2111 -0.9417

PART 29
OFFSET  18.8902  5.6064 -9.2546
X  0.7920 -0.5743 -0.2071
Y  0.5975  0.6595  0.4560
Z -0.1253 -0.4849  0.8655

PART 30
OFFSET  20.1707  8.4841 -9.0290
X  0.3101 -0.9395 -0.1457
Y -0.8963 -0.2378 -0.3744
Z  0.3171  0.2466 -0.9158

PART 31
OFFSET  20.7764  6.6488 -9.3136
X -0.7498 -0.5269 -0.4003
Y -0.5944  0.8021  0.0574
Z  0.2908  0.2810 -0.9146

PART 32
OFFSET  19.6813  5.8792 -9.8983
X -0.9151 -0.1906 -0.3553
Y -0.2910  0.9222  0.2548
Z  0.2791  0.3365 -0.8994

PART 33
OFFSET  18.6470  5.6650 -10.3072
X  0.8697 -0.4644  0.1672
Y  0.3861  0.8512  0.3554
Z -0.3074 -0.2446  0.9196

PART 34
OFFSET  20.1013  6.8011 -10.1756
X  0.3187  0.2638 -0.9104
Y -0.3351  0.9298  0.1522
Z  0.8867  0.2566  0.3847

PART 35
OFFSET  16.6903  9.1635 -12.8196
X  0.7965 -0.2519  0.5496
Y  0.0650  0.9395  0.3364
Z -0.6011 -0.2322  0.7647

PART 36
OFFSET  16.4127  7.7883 -13.7498
X  0.7965 -0.2519  0.5496
Y  0.0650  0.9395  0.3364
Z -0.6011 -0.2322  0.7647

PART 37
OFFSET  15.5593  8.3058 -10.6467
X  0.7965 -0.2519  0.5496
Y  0.0650  0.9395  0.3364
Z -0.6011 -0.2322  0.7647

PART 38
OFFSET  15.2719  7.0395 -11.0007
X  0.7965 -0.2519  0.5496
Y  0.0650  0.9395  0.3364
Z -0.6011 -0.2322  0.7647

PART 39
OFFSET  15.5140  6.8049 -12.1505
X  0.7965 -0.2519  0.5496
Y  0.0650  0.9395  0.3364
Z -0.6011 -0.2322  0.7647

PART 40
OFFSET  9.1933 -0.8066 -5.4076
X  0.7979  0.6027 -0.0047
Y -0.6027  0.7977 -0.0192
Z -0.0078  0.0182  0.9998

PART 41
OFFSET  9.1933 -0.8066 -5.4076
X  0.7979  0.6027 -0.0047
Y -0.6027  0.7977 -0.0192
Z -0.0078  0.0182  0.9998

PART 42
OFFSET  12.5428  1.7490 -5.1486
X  0.7979  0.6027 -0.0047
Y -0.6027  0.7977 -0.0192
Z -0.0078  0.0182  0.9998

PART 43
OFFSET  14.9515  2.5446 -3.3377
X  0.7979  0.6027 -0.0047
Y -0.6027  0.7977 -0.0192
Z -0.0078  0.0182  0.9998

PART 44
OFFSET -6.3398 -7.9373 -3.1869
X -0.3070 -0.0240  0.9514
Y -0.2771 -0.9541 -0.1135
Z  0.9105 -0.2985  0.2862

PART 45
OFFSET -2.6272 -7.6469 -14.6932
X -0.7818 -0.2105 -0.5869
Y  0.5812  0.0947 -0.8082
Z  0.2257 -0.9730  0.0483

PART 46
OFFSET  4.0224 -5.8569 -9.7011
X -0.7818 -0.2105 -0.5869
Y  0.5368  0.2517 -0.8053
Z  0.3172 -0.9446 -0.0838

PART 47
OFFSET  4.4586 -4.5105 -8.3146
X -0.7859 -0.2083 -0.5822
Y -0.2318  0.9721 -0.0350
Z  0.5733  0.1075 -0.8123

PART 48
OFFSET  4.3381 -5.1106 -7.2845
X -0.7859 -0.2083 -0.5822
Y -0.2318  0.9721 -0.0350
Z  0.5733  0.1075 -0.8123

PART 49
OFFSET  4.8402 -6.3581 -7.3364
X -0.7859 -0.2083 -0.5822
Y -0.2318  0.9721 -0.0350
Z  0.5733  0.1075 -0.8123

PART 50
OFFSET  6.4192 -5.2117 -7.9017
X -0.6742 -0.6932 -0.2548
Y  0.3417  0.0131 -0.9397
Z  0.6548 -0.7206  0.2281

PART 51
OFFSET  6.1239 -4.6166 -6.9739
X  0.0152 -0.8514 -0.5242
Y  0.3450  0.4966 -0.7965
Z  0.9385 -0.1688  0.3013

PART 52
OFFSET  6.0045 -2.8194 -5.7800
X -0.5125 -0.8174  0.2630
Y  0.2455 -0.4330 -0.8673
Z  0.8229 -0.3799  0.4225

PART 53
OFFSET  6.7542 -1.4831 -6.3036
X -0.4195 -0.3233  0.8482
Y -0.1456 -0.8984 -0.4144
Z  0.8960 -0.2974  0.3298

PART 54
OFFSET  7.1693 -1.1046 -7.2289
X -0.9152 -0.2328  0.3289
Y -0.3948  0.6814 -0.6163
Z -0.0807 -0.6939 -0.7155

PART 55
OFFSET  7.2233 -4.4655 -8.7384
X -0.5833 -0.7753  0.2425
Y  0.8110 -0.5389  0.2278
Z -0.0459  0.3295  0.9430

PART 56
OFFSET  8.4276 -2.6095 -9.1738
X  0.5124 -0.8543  0.0875
Y  0.8315  0.4681 -0.2993
Z  0.2147  0.2261  0.9501

PART 57
OFFSET  7.7022 -1.4000 -9.2977
X  0.9753 -0.0146 -0.2206
Y -0.0237  0.9851 -0.1703
Z  0.2198  0.1713  0.9604

PART 58
OFFSET  6.8374 -1.3871 -9.1022
X  0.5433  0.7787 -0.3139
Y -0.8132  0.5810  0.0340
Z  0.2089  0.2368  0.9488

PART 59
OFFSET  6.3213 -2.1268 -8.8039
X  0.0648 -0.9946  0.0816
Y -0.9371 -0.0325  0.3476
Z -0.3430 -0.0989 -0.9341

PART 60
OFFSET  7.2359 -4.4223 -8.0260
X -0.6265 -0.7779  0.0480
Y  0.7591 -0.5951  0.2637
Z -0.1766  0.2017  0.9634

PART 61
OFFSET  8.9049 -2.4464 -8.2880
X  0.4797 -0.8538  0.2021
Y  0.8624  0.4164 -0.2879
Z  0.1616  0.3124  0.9361

PART 62
OFFSET  8.0882 -0.9927 -8.6321
X  0.9530  0.1987 -0.2289
Y -0.2530  0.9374 -0.2395
Z  0.1670  0.2861  0.9435

PART 63
OFFSET  6.7675 -1.2681 -8.3148
X  0.3872  0.8625 -0.3257
Y -0.9078  0.4184  0.0289
Z  0.1612  0.2845  0.9450

PART 64
OFFSET  6.3476 -2.2036 -7.9616
X  0.2092 -0.9317  0.2968
Y -0.9717 -0.1642  0.1697
Z -0.1094 -0.3239 -0.9397

PART 65
OFFSET  3.6753 -8.4941 -8.0454
X -0.5184 -0.8551  0.0054
Y -0.8085  0.4880 -0.3288
Z  0.2785 -0.1748 -0.9444

PART 66
OFFSET  9.0317 -2.7882 -6.1153
X -0.6656 -0.7456 -0.0323
Y  0.7356 -0.6627  0.1407
Z -0.1263  0.0699  0.9895

PART 67
OFFSET  10.2036 -1.4754 -6.0584
X -0.6422 -0.7663 -0.0215
Y  0.7491 -0.6332  0.1947
Z -0.1628  0.1089  0.9806

PART 68
OFFSET  10.9743 -0.5372 -5.9727
X -0.6255 -0.7751 -0.0890
Y  0.7562 -0.6304  0.1753
Z -0.1920  0.0424  0.9805

PART 69
OFFSET  11.6808  0.3383 -5.8722
X -0.5331  0.8333  0.1465
Y  0.8428  0.5382  0.0054
Z -0.0744  0.1263 -0.9892

PART 70
OFFSET  9.2131 -2.7187 -7.2029
X  0.3556 -0.9048  0.2343
Y  0.9344  0.3503 -0.0654
Z -0.0229  0.2421  0.9700

PART 71
OFFSET  8.5185 -0.9511 -7.6605
X  0.9986  0.0531  0.0060
Y -0.0492  0.9575 -0.2842
Z -0.0208  0.2835  0.9587

PART 72
OFFSET  7.0599 -1.0286 -7.6692
X  0.4750  0.8376 -0.2700
Y -0.8786  0.4340 -0.1994
Z -0.0499  0.3319  0.9420

PART 73
OFFSET  6.5217 -1.9793 -7.3703
X  0.2001 -0.9406  0.2741
Y -0.9791 -0.1817  0.0913
Z -0.0361 -0.2867 -0.9573

PART 74
OFFSET  4.4585 -4.5104 -8.3145
X -0.7859 -0.2083 -0.5822
Y -0.2318  0.9721 -0.0350
Z  0.5733  0.1075 -0.8123

PART 75
OFFSET  4.3379 -5.1104 -7.2844
X -0.7859 -0.2083 -0.5822
Y -0.2318  0.9721 -0.0350
Z  0.5733  0.1075 -0.8123

PART 76
OFFSET  4.8402 -6.3580 -7.3365
X -0.7859 -0.2083 -0.5822
Y -0.2318  0.9721 -0.0350
Z  0.5733  0.1075 -0.8123

PART 77
OFFSET  0.0000 -0.0000 -0.0000
X  1.0000 -0.0000  0.0000
Y  0.0000  1.0000  0.0000
Z  0.0000 -0.0000  1.0000

PART 78
OFFSET -0.0000 -0.0000 -0.0000
X  0.9991  0.0000 -0.0434
Y  0.0038  0.9961  0.0882
Z  0.0432 -0.0883  0.9952

PART 79
OFFSET  1.7177 -0.3651  4.0489
X  0.9991  0.0000 -0.0434
Y  0.0038  0.9961  0.0882
Z  0.0432 -0.0883  0.9952


FRAME 1913
PART 0
OFFSET  0.0000 -0.0000 -0.0000
X  1.0000 -0.0000  0.0000
Y  0.0000  1.0000  0.0000
Z  0.0000 -0.0000  1.0000

PART 1
OFFSET -4.6318 -0.0000 -1.3770
X  1.0000 -0.0000  0.0000
Y  0.0000  1.0000  0.0000
Z  0.0000 -0.0000  1.0000

PART 2
OFFSET  0.3182  7.9603 -9.5455
X  0.7588  0.2022 -0.6192
Y  0.3041 -0.9506  0.0623
Z -0.5760 -0.2355 -0.7828

PART 3
OFFSET  9.4948  10.4051 -17.0339
X  0.7399 -0.2546  0.6227
Y -0.6719 -0.2357  0.7021
Z -0.0320 -0.9379 -0.3454

PART 4
OFFSET  15.7881  8.2399 -11.7378
X  0.7399 -0.2546  0.6227
Y -0.6669 -0.3987  0.6295
Z  0.0880 -0.8810 -0.4648

PART 5
OFFSET  17.4642  9.5213 -10.6776
X  0.7440 -0.2506  0.6194
Y  0.0396  0.9419  0.3335
Z -0.6670 -0.2236  0.7107

PART 6
OFFSET  17.3588  7.5926 -12.2401
X  0.7440 -0.2506  0.6194
Y  0.0396  0.9419  0.3335
Z -0.6670 -0.2236  0.7107

PART 7
OFFSET  16.2385  8.1386 -9.2281
X  0.7440 -0.2506  0.6194
Y  0.0396  0.9419  0.3335
Z -0.6670 -0.2236  0.7107

PART 8
OFFSET  15.9774  6.8706 -9.5961
X  0.7440 -0.2506  0.6194
Y  0.0396  0.9419  0.3335
Z -0.6670 -0.2236  0.7107

PART 9
OFFSET  16.3186  6.6258 -10.7184
X  0.7440 -0.2506  0.6194
Y  0.0396  0.9419  0.3335
Z -0.6670 -0.2236  0.7107

PART 10
OFFSET  18.0564  7.4594 -9.8288
X  0.6802  0.0236  0.7327
Y -0.6784 -0.3585  0.6413
Z  0.2778 -0.9332 -0.2278

PART 11
OFFSET  17.8218  6.7409 -8.9739
X  0.1123 -0.8339  0.5404
Y -0.9679  0.0312  0.2493
Z -0.2247 -0.5510 -0.8036

PART 12
OFFSET  17.9550  4.9139 -7.8276
X  0.9442 -0.2458  0.2194
Y -0.3274 -0.7744  0.5414
Z  0.0368 -0.5830 -0.8116

PART 13
OFFSET  19.5029  4.4981 -7.5967
X  0.7816  0.4461 -0.4361
Y  0.6147 -0.6697  0.4167
Z -0.1061 -0.5938 -0.7976

PART 14
OFFSET  20.3538  4.9419 -8.0976
X  0.7718  0.5727  0.2763
Y -0.5547  0.3939  0.7330
Z  0.3109 -0.7190  0.6216

PART 15
OFFSET  19.4145  7.6746 -9.9416
X  0.9569  0.1839  0.2248
Y  0.2465 -0.9236 -0.2937
Z  0.1536  0.3364 -0.9291

PART 16
OFFSET  21.5723  7.9256 -9.3372
X  0.0859 -0.9947  0.0564
Y -0.9122 -0.1013 -0.3970
Z  0.4006 -0.0174 -0.9161

PART 17
OFFSET  21.6939  6.5173 -9.2573
X -0.8780 -0.3948 -0.2707
Y -0.3259  0.9072 -0.2660
Z  0.3505 -0.1453 -0.9252

PART 18
OFFSET  20.9154  6.1673 -9.4973
X -0.8456 -0.4647 -0.2626
Y -0.4148  0.8818 -0.2245
Z  0.3359 -0.0809 -0.9384

PART 19
OFFSET  20.1121  5.7259 -9.7468
X  0.8586 -0.1864  0.4775
Y  0.2734  0.9545 -0.1191
Z -0.4336  0.2328  0.8705

PART 20
OFFSET  19.0745  7.5719 -9.3225
X  0.8573  0.1269  0.4989
Y  0.2933 -0.9169 -0.2707
Z  0.4231  0.3784 -0.8233

PART 21
OFFSET  21.3559  7.9778 -8.1440
X  0.2752 -0.9578 -0.0834
Y -0.8876 -0.2199 -0.4047
Z  0.3693  0.1854 -0.9106

PART 22
OFFSET  21.8245  6.3472 -8.2859
X -0.8070 -0.4200 -0.4150
Y -0.4489  0.8930 -0.0308
Z  0.3836  0.1614 -0.9093

PART 23
OFFSET  20.7060  5.7651 -8.8611
X -0.8723 -0.2513 -0.4195
Y -0.2965  0.9540  0.0451
Z  0.3888  0.1637 -0.9067

PART 24
OFFSET  19.7600  5.4925 -9.3160
X  0.9032 -0.3310  0.2733
Y  0.2406  0.9177  0.3163
Z -0.3555 -0.2199  0.9084

PART 25
OFFSET  19.2250  6.4628 -6.6741
X  0.8484 -0.1680  0.5020
Y -0.0944  0.8851  0.4558
Z -0.5208 -0.4341  0.7351

PART 26
OFFSET  20.0920  7.6278 -6.4057
X  0.5523 -0.8182 -0.1598
Y -0.7641 -0.4202 -0.4894
Z  0.3333  0.3924 -0.8573

PART 27
OFFSET  21.0644  6.1873 -6.6870
X -0.6207 -0.5356 -0.5726
Y -0.6677  0.7439  0.0280
Z  0.4109  0.3997 -0.8194

PART 28
OFFSET  20.2849  5.5119 -7.3333
X -0.8345 -0.3549 -0.4215
Y -0.4380  0.8914  0.1165
Z  0.3344  0.2818 -0.8993

PART 29
OFFSET  19.3423  5.1110 -7.8094
X  0.7611 -0.6099 -0.2209
Y  0.6128  0.5642  0.5533
Z -0.2128 -0.5565  0.8031

PART 30
OFFSET  20.8052  7.8468 -7.2204
X  0.2518 -0.9416 -0.2238
Y -0.8856 -0.1310 -0.4455
Z  0.3902  0.3103 -0.8669

PART 31
OFFSET  21.2970  6.0074 -7.6575
X -0.7585 -0.4265 -0.4928
Y -0.5390  0.8356  0.1064
Z  0.3664  0.3463 -0.8636

PART 32
OFFSET  20.1892  5.3845 -8.3773
X -0.9023 -0.0846 -0.4228
Y -0.2408  0.9122  0.3314
Z  0.3576  0.4008 -0.8435

PART 33
OFFSET  19.1700  5.2908 -8.8623
X  0.8228 -0.5434  0.1664
Y  0.4220  0.7804  0.4614
Z -0.3806 -0.3094  0.8715

PART 34
OFFSET  20.6894  6.2945 -8.5353
X  0.3926  0.3267 -0.8597
Y -0.2778  0.9332  0.2278
Z  0.8768  0.1494  0.4572

PART 35
OFFSET  17.5600  8.9742 -11.2998
X  0.7440 -0.2506  0.6194
Y  0.0396  0.9419  0.3335
Z -0.6670 -0.2236  0.7107

PART 36
OFFSET  17.3588  7.5926 -12.2401
X  0.7440 -0.2506  0.6194
Y  0.0396  0.9419  0.3335
Z -0.6670 -0.2236  0.7107

PART 37
OFFSET  16.2385  8.1386 -9.2281
X  0.7440 -0.2506  0.6194
Y  0.0396  0.9419  0.3335
Z -0.6670 -0.2236  0.7107

PART 38
OFFSET  15.9774  6.8706 -9.5961
X  0.7440 -0.2506  0.6194
Y  0.0396  0.9419  0.3335
Z -0.6670 -0.2236  0.7107

PART 39
OFFSET  16.3186  6.6258 -10.7184
X  0.7440 -0.2506  0.6194
Y  0.0396  0.9419  0.3335
Z -0.6670 -0.2236  0.7107

PART 40
OFFSET  8.9921 -0.8738 -5.1672
X  0.8377  0.5368  0.1002
Y -0.5417  0.8401  0.0287
Z -0.0688 -0.0784  0.9945

PART 41
OFFSET  8.9921 -0.8738 -5.1672
X  0.8377  0.5368  0.1002
Y -0.5417  0.8401  0.0287
Z -0.0688 -0.0784  0.9945

PART 42
OFFSET  12.4931  1.3778 -4.4669
X  0.8377  0.5368  0.1002
Y -0.5417  0.8401  0.0287
Z -0.0688 -0.0784  0.9945

PART 43
OFFSET  14.8349  1.8052 -2.4552
X  0.8377  0.5368  0.1002
Y -0.5417  0.8401  0.0287
Z -0.0688 -0.0784  0.9945

PART 44
OFFSET -6.7497 -7.9373 -3.1869
X -0.2998 -0.0348  0.9534
Y -0.2493 -0.9618 -0.1135
Z  0.9209 -0.2717  0.2796

PART 45
OFFSET -3.1241 -7.5159 -14.7169
X -0.7947 -0.2357 -0.5594
Y  0.5509  0.1070 -0.8277
Z  0.2549 -0.9659  0.0449

PART 46
OFFSET  3.6348 -5.5110 -9.9587
X -0.7947 -0.2357 -0.5594
Y  0.5242  0.1984 -0.8282
Z  0.3062 -0.9514 -0.0341

PART 47
OFFSET  4.0783 -4.1454 -8.5934
X -0.7986 -0.2337 -0.5546
Y -0.2606  0.9649 -0.0314
Z  0.5425  0.1195 -0.8315

PART 48
OFFSET  4.0096 -4.7433 -7.5573
X -0.7986 -0.2337 -0.5546
Y -0.2606  0.9649 -0.0314
Z  0.5425  0.1195 -0.8315

PART 49
OFFSET  4.5451 -5.9762 -7.6206
X -0.7986 -0.2337 -0.5546
Y -0.2606  0.9649 -0.0314
Z  0.5425  0.1195 -0.8315

PART 50
OFFSET  6.0709 -4.7884 -8.2436
X -0.7048 -0.6110 -0.3604
Y  0.3997  0.0777 -0.9134
Z  0.5861 -0.7878  0.1894

PART 51
OFFSET  5.7616 -4.2651 -7.2779
X -0.0131 -0.7952 -0.6062
Y  0.4286  0.5433 -0.7219
Z  0.9034 -0.2693  0.3337

PART 52
OFFSET  5.6969 -2.5883 -5.9162
X -0.5850 -0.7970  0.1502
Y  0.2675 -0.3645 -0.8920
Z  0.7657 -0.4816  0.4264

PART 53
OFFSET  6.5715 -1.2695 -6.2597
X -0.4936 -0.3707  0.7868
Y -0.1834 -0.8399 -0.5107
Z  0.8502 -0.3964  0.3466

PART 54
OFFSET  7.0694 -0.8363 -7.1177
X -0.9482 -0.1921  0.2529
Y -0.3059  0.7665 -0.5648
Z -0.0853 -0.6129 -0.7856

PART 55
OFFSET  6.9769 -4.0289 -8.9550
X -0.6512 -0.7477  0.1302
Y  0.7546 -0.6196  0.2162
Z -0.0809  0.2390  0.9676

PART 56
OFFSET  8.3356 -2.2382 -9.1331
X  0.4436 -0.8958  0.0285
Y  0.8798  0.4292 -0.2042
Z  0.1707  0.1156  0.9785

PART 57
OFFSET  7.7076 -0.9700 -9.1734
X  0.9836 -0.0686 -0.1670
Y  0.0574  0.9959 -0.0706
Z  0.1712  0.0599  0.9834

PART 58
OFFSET  6.8356 -0.9092 -9.0253
X  0.6160  0.7611 -0.2031
Y -0.7701  0.6361  0.0480
Z  0.1657  0.1268  0.9780

PART 59
OFFSET  6.2503 -1.6323 -8.8324
X -0.0117 -0.9998 -0.0163
Y -0.9568  0.0065  0.2905
Z -0.2904  0.0190 -0.9567

PART 60
OFFSET  6.9481 -4.0562 -8.2422
X -0.6823 -0.7281 -0.0656
Y  0.6967 -0.6748  0.2433
Z -0.2214  0.1203  0.9677

PART 61
OFFSET  8.7672 -2.1993 -8.2105
X  0.4039 -0.9040  0.1405
Y  0.9062  0.3744 -0.1964
Z  0.1249  0.2067  0.9704

PART 62
OFFSET  8.0796 -0.6603 -8.4497
X  0.9771  0.1457 -0.1549
Y -0.1699  0.9729 -0.1567
Z  0.1279  0.1794  0.9754

PART 63
OFFSET  6.7254 -0.8622 -8.2350
X  0.4674  0.8575 -0.2148
Y -0.8756  0.4826  0.0213
Z  0.1219  0.1781  0.9764

PART 64
OFFSET  6.2184 -1.7922 -8.0020
X  0.1232 -0.9695  0.2119
Y -0.9897 -0.1042  0.0986
Z -0.0735 -0.2218 -0.9723

PART 65
OFFSET  3.1136 -7.8193 -8.8698
X -0.5775 -0.8090 -0.1098
Y -0.7495  0.5787 -0.3215
Z  0.3236 -0.1034 -0.9405

PART 66
OFFSET  8.7337 -2.7590 -6.0800
X -0.7139 -0.6853 -0.1442
Y  0.6761 -0.7281  0.1130
Z -0.1824 -0.0169  0.9831

PART 67
OFFSET  9.9905 -1.5525 -5.8261
X -0.6927 -0.7086 -0.1343
Y  0.6883 -0.7051  0.1703
Z -0.2154  0.0255  0.9762

PART 68
OFFSET  10.8196 -0.6895 -5.6035
X -0.6726 -0.7121 -0.2013
Y  0.6968 -0.7010  0.1517
Z -0.2492 -0.0382  0.9677

PART 69
OFFSET  11.5792  0.1149 -5.3761
X -0.4802  0.8539  0.2007
Y  0.8772  0.4683  0.1062
Z -0.0034  0.2271 -0.9739

PART 70
OFFSET  8.9870 -2.5985 -7.1433
X  0.2747 -0.9480  0.1605
Y  0.9593  0.2816  0.0219
Z -0.0659  0.1479  0.9868

PART 71
OFFSET  8.4504 -0.7465 -7.4568
X  0.9975 -0.0251  0.0661
Y  0.0372  0.9815 -0.1879
Z -0.0602  0.1899  0.9800

PART 72
OFFSET  6.9934 -0.7098 -7.5534
X  0.5495  0.8206 -0.1572
Y -0.8312  0.5179 -0.2023
Z -0.0846  0.2418  0.9666

PART 73
OFFSET  6.3710 -1.6405 -7.3824
X  0.1149 -0.9754  0.1879
Y -0.9934 -0.1134  0.0186
Z  0.0032 -0.1888 -0.9820

PART 74
OFFSET  4.0783 -4.1454 -8.5934
X -0.7986 -0.2337 -0.5546
Y -0.2606  0.9649 -0.0314
Z  0.5425  0.1195 -0.8315

PART 75
OFFSET  4.0094 -4.7432 -7.5572
X -0.7986 -0.2337 -0.5546
Y -0.2606  0.9649 -0.0314
Z  0.5425  0.1195 -0.8315

PART 76
OFFSET  4.5452 -5.9762 -7.6207
X -0.7986 -0.2337 -0.5546
Y -0.2606  0.9649 -0.0314
