// Export filename: `C:\projects\cod\t5\xanim_export\t5_viewmodels\ak74u\ak74u_grenadier_first_raise.XANIM_EXPORT`
// Source filename: `D:\projects\devanim\t5\animation_assets\viewmodels\ak74u\t5_viewmodel_ak74u_animated.fbx`
// Export time: Wed Aug 11 21:42:30 2010

ANIMATION
VERSION 3

NUMPARTS 80
PART 0 "tag_ads"
PART 1 "tag_torso"
PART 2 "J_Shoulder_LE"
PART 3 "J_Elbow_LE"
PART 4 "J_WristTwist_LE"
PART 5 "J_Sleave_Reshape_Bottom_LE_1"
PART 6 "J_Sleave_Reshape_Bottom_LE_2"
PART 7 "J_Sleave_Reshape_Top_LE_1"
PART 8 "J_Sleave_Reshape_Top_LE_2"
PART 9 "J_Sleave_Reshape_Top_LE_3"
PART 10 "J_Wrist_LE"
PART 11 "J_Thumb_LE_0"
PART 12 "J_Thumb_LE_1"
PART 13 "J_Thumb_LE_2"
PART 14 "J_Thumb_LE_3"
PART 15 "J_PinkyPalm_LE"
PART 16 "J_Pinky_LE_0"
PART 17 "J_Pinky_LE_1"
PART 18 "J_Pinky_LE_2"
PART 19 "J_Pinky_LE_3"
PART 20 "J_RingPalm_LE"
PART 21 "J_Ring_LE_0"
PART 22 "J_Ring_LE_1"
PART 23 "J_Ring_LE_2"
PART 24 "J_Ring_LE_3"
PART 25 "J_Webbing_LE"
PART 26 "J_Index_LE_0"
PART 27 "J_Index_LE_1"
PART 28 "J_Index_LE_2"
PART 29 "J_Index_LE_3"
PART 30 "J_Mid_LE_0"
PART 31 "J_Mid_LE_1"
PART 32 "J_Mid_LE_2"
PART 33 "J_Mid_LE_3"
PART 34 "tag_knife_attach"
PART 35 "D_Sleave_Reshape_Bottom_LE_1"
PART 36 "D_Sleave_Reshape_Bottom_LE_2"
PART 37 "D_Sleave_Reshape_Top_LE_1"
PART 38 "D_Sleave_Reshape_Top_LE_2"
PART 39 "D_Sleave_Reshape_Top_LE_3"
PART 40 "tag_weapon"
PART 41 "J_Gun"
PART 42 "TAG_CLIP"
PART 43 "J_Bolt"
PART 44 "J_Shoulder_RI"
PART 45 "J_Elbow_RI"
PART 46 "J_WristTwist_RI"
PART 47 "J_Sleave_Reshape_Top_RI_3"
PART 48 "J_Sleave_Reshape_Top_RI_2"
PART 49 "J_Sleave_Reshape_Top_RI_1"
PART 50 "J_Wrist_RI"
PART 51 "J_Thumb_RI_0"
PART 52 "J_Thumb_RI_1"
PART 53 "J_Thumb_RI_2"
PART 54 "J_Thumb_RI_3"
PART 55 "J_PinkyPalm_RI"
PART 56 "J_Pinky_RI_0"
PART 57 "J_Pinky_RI_1"
PART 58 "J_Pinky_RI_2"
PART 59 "J_Pinky_RI_3"
PART 60 "J_RingPalm_RI"
PART 61 "J_Ring_RI_0"
PART 62 "J_Ring_RI_1"
PART 63 "J_Ring_RI_2"
PART 64 "J_Ring_RI_3"
PART 65 "J_Webbing_RI"
PART 66 "J_Index_RI_0"
PART 67 "J_Index_RI_1"
PART 68 "J_Index_RI_2"
PART 69 "J_Index_RI_3"
PART 70 "J_Mid_RI_0"
PART 71 "J_Mid_RI_1"
PART 72 "J_Mid_RI_2"
PART 73 "J_Mid_RI_3"
PART 74 "D_Sleave_Reshape_Top_RI_3"
PART 75 "D_Sleave_Reshape_Top_RI_2"
PART 76 "D_Sleave_Reshape_Top_RI_1"
PART 77 "tag_cambone"
PART 78 "tag_camera"
PART 79 "tag_gasmask"

FRAMERATE 30
NUMFRAMES 56

FRAME 1100
PART 0
OFFSET  0.0000 -0.0000 -0.0000
X  1.0000 -0.0000  0.0000
Y  0.0000  1.0000  0.0000
Z  0.0000 -0.0000  1.0000

PART 1
OFFSET -4.6318 -0.0000 -1.3770
X  1.0000 -0.0000  0.0000
Y  0.0000  1.0000  0.0000
Z  0.0000 -0.0000  1.0000

PART 2
OFFSET -1.0115  7.9373 -5.7336
X  0.5377 -0.4479 -0.7143
Y -0.5693 -0.8178  0.0842
Z -0.6219  0.3614 -0.6947

PART 3
OFFSET  5.4913  2.5202 -14.3725
X  0.5684 -0.8126 -0.1292
Y -0.1618 -0.2643  0.9508
Z -0.8067 -0.5195 -0.2817

PART 4
OFFSET  10.3256 -4.3910 -15.4714
X  0.5684 -0.8126 -0.1292
Y -0.1552 -0.2601  0.9530
Z -0.8080 -0.5216 -0.2740

PART 5
OFFSET  12.0138 -4.7809 -16.4034
X  0.5715 -0.8095 -0.1341
Y  0.8073  0.5255  0.2684
Z -0.1468 -0.2616  0.9539

PART 6
OFFSET  10.5160 -5.2625 -17.0019
X  0.5715 -0.8095 -0.1341
Y  0.8073  0.5255  0.2684
Z -0.1468 -0.2616  0.9539

PART 7
OFFSET  11.8123 -5.9361 -14.0879
X  0.5715 -0.8095 -0.1341
Y  0.8073  0.5255  0.2684
Z -0.1468 -0.2616  0.9539

PART 8
OFFSET  10.6521 -6.6005 -14.2430
X  0.5715 -0.8095 -0.1341
Y  0.8073  0.5255  0.2684
Z -0.1468 -0.2616  0.9539

PART 9
OFFSET  10.0999 -6.3497 -15.2764
X  0.5715 -0.8095 -0.1341
Y  0.8073  0.5255  0.2684
Z -0.1468 -0.2616  0.9539

PART 10
OFFSET  12.0681 -6.8820 -15.8675
X  0.2956 -0.9238  0.2434
Y -0.3031  0.1510  0.9409
Z -0.9059 -0.3519 -0.2354

PART 11
OFFSET  11.5365 -7.2964 -14.9466
X -0.6605 -0.5737  0.4843
Y -0.0631  0.6852  0.7256
Z -0.7481  0.4487 -0.4888

PART 12
OFFSET  10.0632 -8.4410 -13.8563
X -0.0397 -0.9540 -0.2973
Y -0.6713 -0.1949  0.7151
Z -0.7401  0.2280 -0.6327

PART 13
OFFSET  9.9563 -9.9439 -14.4497
X  0.4502 -0.3170 -0.8348
Y -0.4531 -0.8867  0.0923
Z -0.7694  0.3367 -0.5428

PART 14
OFFSET  10.4002 -10.2863 -15.3757
X  0.7332 -0.6330 -0.2485
Y  0.4601  0.1927  0.8667
Z -0.5007 -0.7498  0.4325

PART 15
OFFSET  12.4597 -7.8965 -16.7165
X  0.3765 -0.8587 -0.3476
Y -0.9166 -0.2907 -0.2747
Z  0.1348  0.4220 -0.8965

PART 16
OFFSET  13.1736 -9.9230 -17.4008
X -0.9298 -0.3505  0.1122
Y -0.3295  0.9286  0.1705
Z -0.1640  0.1216 -0.9790

PART 17
OFFSET  11.8572 -10.4192 -17.2419
X -0.5774  0.7630  0.2905
Y  0.7606  0.6320 -0.1483
Z -0.2968  0.1353 -0.9453

PART 18
OFFSET  11.3453 -9.7427 -16.9843
X -0.6378  0.7145  0.2876
Y  0.7318  0.6786 -0.0630
Z -0.2402  0.1703 -0.9557

PART 19
OFFSET  10.7394 -9.0639 -16.7111
X  0.0631 -0.9971 -0.0422
Y  0.9325  0.0740 -0.3534
Z  0.3555 -0.0171  0.9345

PART 20
OFFSET  12.4498 -7.9502 -16.0048
X  0.3689 -0.9276 -0.0587
Y -0.8976 -0.3392 -0.2814
Z  0.2411  0.1565 -0.9578

PART 21
OFFSET  13.4629 -10.3269 -16.2933
X -0.8969 -0.4282 -0.1106
Y -0.4414  0.8822  0.1641
Z  0.0273  0.1960 -0.9802

PART 22
OFFSET  11.9359 -11.0559 -16.4816
X -0.6237  0.7700  0.1345
Y  0.7817  0.6129  0.1159
Z  0.0068  0.1774 -0.9841

PART 23
OFFSET  11.0716 -9.9887 -16.2951
X -0.4726  0.8689  0.1470
Y  0.8812  0.4640  0.0905
Z  0.0104  0.1723 -0.9850

PART 24
OFFSET  10.5590 -9.0464 -16.1357
X -0.1156 -0.9685 -0.2206
Y  0.9915 -0.1257  0.0321
Z -0.0588 -0.2150  0.9748

PART 25
OFFSET  12.0124 -9.6787 -13.7492
X  0.0848 -0.9962 -0.0184
Y  0.9402  0.0739  0.3326
Z -0.3300 -0.0455  0.9429

PART 26
OFFSET  13.3279 -10.2369 -14.1218
X -0.7372 -0.5843 -0.3392
Y -0.6342  0.7716  0.0493
Z  0.2329  0.2514 -0.9394

PART 27
OFFSET  12.0299 -11.2657 -14.7189
X -0.7419  0.6652 -0.0844
Y  0.6178  0.7271  0.2995
Z  0.2606  0.1700 -0.9504

PART 28
OFFSET  11.1121 -10.4674 -14.7638
X -0.5668  0.8124  0.1366
Y  0.8155  0.5297  0.2332
Z  0.1171  0.2436 -0.9628

PART 29
OFFSET  10.4719 -9.5497 -14.6095
X -0.5187 -0.6741 -0.5258
Y  0.7637 -0.6418  0.0694
Z -0.3843 -0.3656  0.8477

PART 30
OFFSET  13.4627 -10.3653 -15.2107
X -0.9170 -0.3345 -0.2171
Y -0.3650  0.9234  0.1190
Z  0.1606  0.1884 -0.9689

PART 31
OFFSET  11.6712 -11.0188 -15.6348
X -0.6401  0.7670  0.0442
Y  0.7438  0.6043  0.2854
Z  0.1922  0.2156 -0.9574

PART 32
OFFSET  10.7362 -9.8985 -15.5703
X -0.3178  0.9375  0.1418
Y  0.9152  0.2642  0.3044
Z  0.2479  0.2265 -0.9419

PART 33
OFFSET  10.3774 -8.8353 -15.4166
X -0.3567 -0.9021 -0.2429
Y  0.9209 -0.3832  0.0711
Z -0.1572 -0.1984  0.9674

PART 34
OFFSET  11.6523 -10.0042 -16.0733
X  0.1784  0.1869 -0.9660
Y  0.9059  0.3519  0.2354
Z  0.3840 -0.9172 -0.1066

PART 35
OFFSET  12.0138 -4.7809 -16.4034
X  0.5715 -0.8095 -0.1341
Y  0.8073  0.5255  0.2684
Z -0.1468 -0.2616  0.9539

PART 36
OFFSET  10.5160 -5.2625 -17.0019
X  0.5715 -0.8095 -0.1341
Y  0.8073  0.5255  0.2684
Z -0.1468 -0.2616  0.9539

PART 37
OFFSET  11.8123 -5.9361 -14.0879
X  0.5715 -0.8095 -0.1341
Y  0.8073  0.5255  0.2684
Z -0.1468 -0.2616  0.9539

PART 38
OFFSET  10.6521 -6.6005 -14.2430
X  0.5715 -0.8095 -0.1341
Y  0.8073  0.5255  0.2684
Z -0.1468 -0.2616  0.9539

PART 39
OFFSET  10.0999 -6.3497 -15.2764
X  0.5715 -0.8095 -0.1341
Y  0.8073  0.5255  0.2684
Z -0.1468 -0.2616  0.9539

PART 40
OFFSET  3.5539 -3.8361 -6.2608
X  0.6774 -0.6044 -0.4193
Y  0.7236  0.6499  0.2324
Z  0.1321 -0.4609  0.8776

PART 41
OFFSET  3.5539 -3.8361 -6.2608
X  0.6774 -0.6044 -0.4193
Y  0.7236  0.6499  0.2324
Z  0.1321 -0.4609  0.8776

PART 42
OFFSET  6.4548 -6.5004 -7.7786
X  0.6774 -0.6044 -0.4193
Y  0.7236  0.6499  0.2324
Z  0.1321 -0.4609  0.8776

PART 43
OFFSET  7.6980 -9.3325 -7.3949
X  0.6774 -0.6044 -0.4193
Y  0.7236  0.6499  0.2324
Z  0.1321 -0.4609  0.8776

PART 44
OFFSET -3.5060 -7.9373 -3.1869
X  0.6118 -0.3788  0.6944
Y  0.1968 -0.7774 -0.5975
Z  0.7661  0.5022 -0.4010

PART 45
OFFSET -10.9048 -3.3559 -11.5852
X -0.8285 -0.2662 -0.4927
Y  0.0121  0.8711 -0.4910
Z  0.5599 -0.4128 -0.7184

PART 46
OFFSET -3.8582 -1.0918 -7.3946
X -0.8285 -0.2662 -0.4927
Y  0.5600 -0.3999 -0.7256
Z -0.0039 -0.8771  0.4804

PART 47
OFFSET -3.3166 -0.8807 -5.5005
X -0.8301 -0.2703 -0.4878
Y -0.5576  0.4010  0.7268
Z -0.0008  0.8753 -0.4836

PART 48
OFFSET -2.6705 -1.8645 -5.2759
X -0.8301 -0.2703 -0.4878
Y -0.5576  0.4010  0.7268
Z -0.0008  0.8753 -0.4836

PART 49
OFFSET -1.8438 -2.1969 -6.2843
X -0.8301 -0.2703 -0.4878
Y -0.5576  0.4010  0.7268
Z -0.0008  0.8753 -0.4836

PART 50
OFFSET -1.3183 -0.2758 -5.8841
X -0.6802  0.6052  0.4135
Y -0.1222  0.4625 -0.8781
Z -0.7227 -0.6479 -0.2407

PART 51
OFFSET -0.5976 -0.7284 -5.1239
X -0.8636  0.3721 -0.3402
Y  0.4685  0.3432 -0.8141
Z -0.1862 -0.8624 -0.4707

PART 52
OFFSET  1.2296 -1.5175 -4.2824
X -0.8989  0.2932  0.3255
Y -0.1968  0.3935 -0.8980
Z -0.3914 -0.8713 -0.2960

PART 53
OFFSET  2.7129 -1.8698 -4.8283
X -0.7525 -0.0499  0.6566
Y -0.5944  0.4807 -0.6447
Z -0.2835 -0.8755 -0.3914

PART 54
OFFSET  3.5498 -1.7840 -5.5095
X -0.4959  0.6246  0.6033
Y  0.8278  0.5500  0.1110
Z -0.2624  0.5544 -0.7898

PART 55
OFFSET -0.7275 -0.1617 -7.1257
X -0.5190  0.2044  0.8300
Y -0.6707 -0.6994 -0.2472
Z  0.5300 -0.6849  0.5000

PART 56
OFFSET  0.5980 -0.6349 -8.8874
X -0.8301  0.0814  0.5517
Y -0.4166 -0.7482 -0.5164
Z  0.3707 -0.6585  0.6549

PART 57
OFFSET  1.7732 -0.7502 -9.6684
X -0.8088 -0.5734 -0.1302
Y  0.4808 -0.5175 -0.7078
Z  0.3385 -0.6351  0.6943

PART 58
OFFSET  2.4904 -0.2418 -9.5530
X -0.3214 -0.7485 -0.5800
Y  0.8686  0.0108 -0.4954
Z  0.3771 -0.6630  0.6467

PART 59
OFFSET  2.7957  0.4694 -9.0020
X -0.3539  0.6616  0.6611
Y  0.9102  0.4061  0.0809
Z -0.2149  0.6304 -0.7460

PART 60
OFFSET -0.5976 -0.6927 -6.6666
X -0.6142  0.4300  0.6617
Y -0.7026 -0.6798 -0.2103
Z  0.3594 -0.5941  0.7196

PART 61
OFFSET  0.9275 -1.7355 -8.4956
X -0.8771  0.0483  0.4779
Y -0.3379 -0.7692 -0.5424
Z  0.3414 -0.6372  0.6909

PART 62
OFFSET  2.4207 -1.8177 -9.3092
X -0.7496 -0.6255 -0.2163
Y  0.5790 -0.4613 -0.6723
Z  0.3208 -0.6292  0.7079

PART 63
OFFSET  3.4596 -0.9508 -9.0094
X -0.2608 -0.7805 -0.5681
Y  0.9089 -0.0003 -0.4169
Z  0.3252 -0.6251  0.7096

PART 64
OFFSET  3.7425 -0.1043 -8.3933
X -0.2895  0.6089  0.7385
Y  0.8793  0.4739 -0.0461
Z -0.3781  0.6360 -0.6727

PART 65
OFFSET -4.4335  1.5048 -3.5497
X -0.8174  0.2999  0.4920
Y  0.4885  0.8133  0.3159
Z -0.3054  0.4986 -0.8113

PART 66
OFFSET  1.1559 -3.2237 -6.9224
X -0.9855  0.1233  0.1163
Y -0.1587 -0.9120 -0.3781
Z  0.0595 -0.3911  0.9184

PART 67
OFFSET  2.8910 -3.4408 -7.1272
X -0.9523 -0.3028 -0.0368
Y  0.2963 -0.8896 -0.3475
Z  0.0725 -0.3418  0.9370

PART 68
OFFSET  4.0532 -3.0934 -7.0256
X -0.8303 -0.5192 -0.2027
Y  0.5572 -0.7655 -0.3217
Z  0.0118 -0.3801  0.9249

PART 69
OFFSET  4.9910 -2.5070 -6.7966
X -0.2294  0.7531  0.6166
Y  0.9495  0.3124 -0.0284
Z -0.2140  0.5789 -0.7868

PART 70
OFFSET  1.0804 -2.5412 -7.7878
X -0.9718  0.0778  0.2227
Y -0.1749 -0.8711 -0.4589
Z  0.1583 -0.4849  0.8601

PART 71
OFFSET  2.9788 -2.6931 -8.2228
X -0.7532 -0.6264 -0.2007
Y  0.6287 -0.5959 -0.4996
Z  0.1933 -0.5025  0.8427

PART 72
OFFSET  4.0790 -1.7782 -7.9296
X -0.2801 -0.8481 -0.4497
Y  0.9279 -0.1192 -0.3532
Z  0.2459 -0.5162  0.8204

PART 73
OFFSET  4.3951 -0.8141 -7.4263
X -0.3936  0.7595  0.5180
Y  0.9063  0.4150  0.0803
Z -0.1539  0.5010 -0.8516

PART 74
OFFSET -3.3166 -0.8807 -5.5004
X -0.8301 -0.2703 -0.4878
Y -0.5576  0.4010  0.7268
Z -0.0008  0.8753 -0.4836

PART 75
OFFSET -2.6706 -1.8645 -5.2757
X -0.8301 -0.2703 -0.4878
Y -0.5576  0.4010  0.7268
Z -0.0008  0.8753 -0.4836

PART 76
OFFSET -1.8438 -2.1968 -6.2844
X -0.8301 -0.2703 -0.4878
Y -0.5576  0.4010  0.7268
Z -0.0008  0.8753 -0.4836

PART 77
OFFSET  0.0000 -0.0000 -0.0000
X  1.0000 -0.0000  0.0000
Y  0.0000  1.0000  0.0000
Z  0.0000 -0.0000  1.0000

PART 78
OFFSET  0.0000 -0.0000 -0.0000
X  1.0000 -0.0000  0.0000
Y  0.0000  1.0000  0.0000
Z  0.0000 -0.0000  1.0000

PART 79
OFFSET  1.5404 -0.0000  4.1357
X  1.0000 -0.0000  0.0000
Y  0.0000  1.0000  0.0000
Z  0.0000 -0.0000  1.0000


FRAME 1101
PART 0
OFFSET  0.0000 -0.0000 -0.0000
X  1.0000 -0.0000  0.0000
Y  0.0000  1.0000  0.0000
Z  0.0000 -0.0000  1.0000

PART 1
OFFSET -4.6318 -0.0000 -1.3770
X  1.0000 -0.0000  0.0000
Y  0.0000  1.0000  0.0000
Z  0.0000 -0.0000  1.0000

PART 2
OFFSET -0.5224  7.9373 -6.3553
X  0.5165 -0.5020 -0.6938
Y -0.6048 -0.7874  0.1194
Z -0.6062  0.3579 -0.7102

PART 3
OFFSET  5.7237  1.8667 -14.7455
X  0.5541 -0.7891 -0.2651
Y -0.0734 -0.3635  0.9287
Z -0.8292 -0.4951 -0.2594

PART 4
OFFSET  10.4368 -4.8449 -17.0002
X  0.5541 -0.7891 -0.2651
Y -0.1011 -0.3799  0.9195
Z -0.8263 -0.4827 -0.2903

PART 5
OFFSET  12.0320 -5.1191 -18.1187
X  0.5568 -0.7855 -0.2699
Y  0.8286  0.5026  0.2468
Z -0.0582 -0.3611  0.9307

PART 6
OFFSET  10.4854 -5.5503 -18.6245
X  0.5568 -0.7855 -0.2699
Y  0.8286  0.5026  0.2468
Z -0.0582 -0.3611  0.9307

PART 7
OFFSET  12.0449 -6.5112 -15.9283
X  0.5568 -0.7855 -0.2699
Y  0.8286  0.5026  0.2468
Z -0.0582 -0.3611  0.9307

PART 8
OFFSET  10.8754 -7.1671 -16.0450
X  0.5568 -0.7855 -0.2699
Y  0.8286  0.5026  0.2468
Z -0.0582 -0.3611  0.9307

PART 9
OFFSET  10.2302 -6.8154 -16.9915
X  0.5568 -0.7855 -0.2699
Y  0.8286  0.5026  0.2468
Z -0.0582 -0.3611  0.9307

PART 10
OFFSET  12.1356 -7.2640 -17.8129
X  0.2891 -0.9188  0.2688
Y -0.3103  0.1758  0.9343
Z -0.9056 -0.3535 -0.2342

PART 11
OFFSET  11.5944 -7.6528 -16.8866
X -0.6673 -0.5584  0.4928
Y -0.0659  0.7034  0.7078
Z -0.7419  0.4398 -0.5062

PART 12
OFFSET  10.1066 -8.7632 -15.7806
X -0.0418 -0.9609 -0.2738
Y -0.6782 -0.1739  0.7140
Z -0.7337  0.2155 -0.6444

PART 13
OFFSET  9.9974 -10.2799 -16.3373
X  0.4556 -0.3397 -0.8228
Y -0.4581 -0.8820  0.1105
Z -0.7632  0.3265 -0.5575

PART 14
OFFSET  10.4474 -10.6473 -17.2507
X  0.7322 -0.6423 -0.2265
Y  0.4537  0.2121  0.8655
Z -0.5079 -0.7365  0.4467

PART 15
OFFSET  12.5294 -8.3011 -18.6331
X  0.3753 -0.8688 -0.3230
Y -0.9156 -0.2932 -0.2751
Z  0.1443  0.3989 -0.9055

PART 16
OFFSET  13.2393 -10.3473 -19.2607
X -0.9324 -0.3433  0.1130
Y -0.3265  0.9341  0.1445
Z -0.1552  0.0979 -0.9830

PART 17
OFFSET  11.9192 -10.8334 -19.1007
X -0.5761  0.7727  0.2665
Y  0.7649  0.6246 -0.1576
Z -0.2882  0.1131 -0.9509

PART 18
OFFSET  11.4084 -10.1483 -18.8644
X -0.6367  0.7244  0.2643
Y  0.7356  0.6734 -0.0737
Z -0.2313  0.1475 -0.9616

PART 19
OFFSET  10.8035 -9.4601 -18.6132
X  0.0587 -0.9981 -0.0169
Y  0.9358  0.0609 -0.3472
Z  0.3476  0.0046  0.9376

PART 20
OFFSET  12.5133 -8.3370 -17.9204
X  0.3650 -0.9305 -0.0325
Y -0.8969 -0.3420 -0.2805
Z  0.2499  0.1315 -0.9593

PART 21
OFFSET  13.5174 -10.7248 -18.1410
X -0.8980 -0.4267 -0.1075
Y -0.4385  0.8880  0.1384
Z  0.0364  0.1714 -0.9845

PART 22
OFFSET  11.9886 -11.4512 -18.3241
X -0.6211  0.7760  0.1100
Y  0.7836  0.6120  0.1072
Z  0.0159  0.1528 -0.9881

PART 23
OFFSET  11.1278 -10.3758 -18.1716
X -0.4697  0.8745  0.1214
Y  0.8826  0.4621  0.0864
Z  0.0194  0.1477 -0.9888

PART 24
OFFSET  10.6184 -9.4274 -18.0399
X -0.1184 -0.9731 -0.1974
Y  0.9906 -0.1294  0.0436
Z -0.0680 -0.1904  0.9793

PART 25
OFFSET  12.0488 -10.0067 -15.6263
X  0.0802 -0.9968  0.0071
Y  0.9377  0.0779  0.3386
Z -0.3380 -0.0205  0.9409

PART 26
OFFSET  13.3647 -10.5801 -15.9737
X -0.7372 -0.5892 -0.3308
Y -0.6309  0.7755  0.0247
Z  0.2420  0.2269 -0.9434

PART 27
OFFSET  12.0668 -11.6174 -16.5560
X -0.7380  0.6663 -0.1072
Y  0.6188  0.7315  0.2865
Z  0.2693  0.1451 -0.9521

PART 28
OFFSET  11.1533 -10.8163 -16.6285
X -0.5640  0.8182  0.1116
Y  0.8160  0.5316  0.2269
Z  0.1263  0.2190 -0.9675

PART 29
OFFSET  10.5162 -9.8921 -16.5025
X -0.5175 -0.6847 -0.5133
Y  0.7601 -0.6433  0.0918
Z -0.3931 -0.3426  0.8533

PART 30
OFFSET  13.5080 -10.7362 -17.0579
X -0.9168 -0.3356 -0.2164
Y -0.3615  0.9277  0.0929
Z  0.1696  0.1634 -0.9719

PART 31
OFFSET  11.7170 -11.3918 -17.4807
X -0.6368  0.7708  0.0197
Y  0.7443  0.6079  0.2766
Z  0.2013  0.1908 -0.9608

PART 32
OFFSET  10.7869 -10.2659 -17.4520
X -0.3145  0.9422  0.1157
Y  0.9138  0.2675  0.3055
Z  0.2568  0.2018 -0.9452

PART 33
OFFSET  10.4318 -9.1976 -17.3279
X -0.3589 -0.9062 -0.2234
Y  0.9184 -0.3856  0.0884
Z -0.1662 -0.1735  0.9707

PART 34
OFFSET  11.7065 -10.3884 -17.9445
X  0.1874  0.1620 -0.9688
Y  0.9056  0.3535  0.2342
Z  0.3804 -0.9213 -0.0804

PART 35
OFFSET  12.0320 -5.1191 -18.1187
X  0.5568 -0.7855 -0.2699
Y  0.8286  0.5026  0.2468
Z -0.0582 -0.3611  0.9307

PART 36
OFFSET  10.4854 -5.5503 -18.6245
X  0.5568 -0.7855 -0.2699
Y  0.8286  0.5026  0.2468
Z -0.0582 -0.3611  0.9307

PART 37
OFFSET  12.0449 -6.5112 -15.9283
X  0.5568 -0.7855 -0.2699
Y  0.8286  0.5026  0.2468
Z -0.0582 -0.3611  0.9307

PART 38
OFFSET  10.8754 -7.1671 -16.0450
X  0.5568 -0.7855 -0.2699
Y  0.8286  0.5026  0.2468
Z -0.0582 -0.3611  0.9307

PART 39
OFFSET  10.2302 -6.8154 -16.9915
X  0.5568 -0.7855 -0.2699
Y  0.8286  0.5026  0.2468
Z -0.0582 -0.3611  0.9307

PART 40
OFFSET  3.5561 -3.9406 -8.3575
X  0.6780 -0.6177 -0.3984
Y  0.7248  0.6522  0.2222
Z  0.1226 -0.4394  0.8899

PART 41
OFFSET  3.5561 -3.9406 -8.3575
X  0.6780 -0.6177 -0.3984
Y  0.7248  0.6522  0.2222
Z  0.1226 -0.4394  0.8899

PART 42
OFFSET  6.4568 -6.6551 -9.7839
X  0.6780 -0.6177 -0.3984
Y  0.7248  0.6522  0.2222
Z  0.1226 -0.4394  0.8899

PART 43
OFFSET  7.6832 -9.4825 -9.3194
X  0.6780 -0.6177 -0.3984
Y  0.7248  0.6522  0.2222
Z  0.1226 -0.4394  0.8899

PART 44
OFFSET -3.5060 -7.9373 -3.1869
X  0.4472 -0.2432  0.8607
Y  0.4187 -0.7934 -0.4417
Z  0.7904  0.5580 -0.2530

PART 45
OFFSET -8.9145 -4.9961 -13.5965
X -0.6444 -0.4087 -0.6463
Y  0.0493  0.8212 -0.5685
Z  0.7631 -0.3982 -0.5090

PART 46
OFFSET -3.4339 -1.5195 -8.0994
X -0.6444 -0.4087 -0.6463
Y  0.6855 -0.6833 -0.2514
Z -0.3389 -0.6050  0.7205

PART 47
OFFSET -3.4172 -1.0832 -6.1668
X -0.6467 -0.4125 -0.6415
Y -0.7619  0.3875  0.5189
Z  0.0345  0.8244 -0.5649

PART 48
OFFSET -2.7542 -1.9556 -5.6818
X -0.6467 -0.4125 -0.6415
Y -0.7619  0.3875  0.5189
Z  0.0345  0.8244 -0.5649

PART 49
OFFSET -1.6686 -2.2652 -6.4143
X -0.6467 -0.4125 -0.6415
Y -0.7619  0.3875  0.5189
Z  0.0345  0.8244 -0.5649

PART 50
OFFSET -1.4585 -0.2664 -6.1180
X -0.6799  0.6219  0.3886
Y -0.1024  0.4442 -0.8900
Z -0.7261 -0.6450 -0.2383

PART 51
OFFSET -0.7556 -0.7100 -5.3360
X -0.8536  0.3740 -0.3626
Y  0.4857  0.3197 -0.8135
Z -0.1884 -0.8706 -0.4546

PART 52
OFFSET  1.0483 -1.5006 -4.4470
X -0.9007  0.3104  0.3039
Y -0.1774  0.3756 -0.9097
Z -0.3965 -0.8733 -0.2832

PART 53
OFFSET  2.5362 -1.8816 -4.9601
X -0.7638 -0.0268  0.6449
Y -0.5781  0.4728 -0.6650
Z -0.2871 -0.8808 -0.3766

PART 54
OFFSET  3.3851 -1.8203 -5.6290
X -0.4985  0.6434  0.5810
Y  0.8321  0.5430  0.1127
Z -0.2430  0.5396 -0.8061

PART 55
OFFSET -0.8461 -0.1867 -7.3517
X -0.5302  0.2286  0.8165
Y -0.6745 -0.6972 -0.2428
Z  0.5137 -0.6795  0.5238

PART 56
OFFSET  0.5027 -0.7138 -9.0802
X -0.8380  0.1030  0.5358
Y -0.4167 -0.7548 -0.5066
Z  0.3523 -0.6479  0.6754

PART 57
OFFSET  1.6892 -0.8596 -9.8388
X -0.8132 -0.5671 -0.1310
Y  0.4864 -0.5385 -0.6881
Z  0.3197 -0.6232  0.7137

PART 58
OFFSET  2.4101 -0.3568 -9.7227
X -0.3205 -0.7576 -0.5686
Y  0.8767 -0.0099 -0.4809
Z  0.3587 -0.6526  0.6674

PART 59
OFFSET  2.7146  0.3630 -9.1825
X -0.3571  0.6801  0.6403
Y  0.9134  0.3976  0.0871
Z -0.1953  0.6160 -0.7632

PART 60
OFFSET -0.7299 -0.7087 -6.8789
X -0.6199  0.4515  0.6417
Y -0.7068 -0.6764 -0.2069
Z  0.3407 -0.5819  0.7385

PART 61
OFFSET  0.8130 -1.8090 -8.6587
X -0.8842  0.0687  0.4620
Y -0.3378 -0.7772 -0.5309
Z  0.3226 -0.6255  0.7104

PART 62
OFFSET  2.3183 -1.9260 -9.4453
X -0.7531 -0.6218 -0.2149
Y  0.5846 -0.4826 -0.6522
Z  0.3018 -0.6169  0.7269

PART 63
OFFSET  3.3621 -1.0643 -9.1475
X -0.2605 -0.7900 -0.5550
Y  0.9156 -0.0198 -0.4016
Z  0.3063 -0.6127  0.7285

PART 64
OFFSET  3.6446 -0.2075 -8.5456
X -0.2945  0.6284  0.7199
Y  0.8854  0.4629 -0.0419
Z -0.3596  0.6251 -0.6928

PART 65
OFFSET -4.5908  1.6004 -3.8757
X -0.8218  0.3199  0.4715
Y  0.4926  0.8147  0.3060
Z -0.2862  0.4837 -0.8271

PART 66
OFFSET  0.9982 -3.2643 -7.0495
X -0.9858  0.1369  0.0971
Y -0.1630 -0.9184 -0.3605
Z  0.0398 -0.3712  0.9277

PART 67
OFFSET  2.7339 -3.5053 -7.2205
X -0.9550 -0.2929 -0.0460
Y  0.2917 -0.9004 -0.3228
Z  0.0531 -0.3217  0.9454

PART 68
OFFSET  3.8981 -3.1687 -7.1071
X -0.8328 -0.5142 -0.2050
Y  0.5535 -0.7787 -0.2954
Z -0.0078 -0.3595  0.9331

PART 69
OFFSET  4.8388 -2.5879 -6.8755
X -0.2308  0.7692  0.5959
Y  0.9534  0.3011 -0.0194
Z -0.1943  0.5636 -0.8028

PART 70
OFFSET  0.9448 -2.6003 -7.9309
X -0.9743  0.0936  0.2047
Y -0.1774 -0.8791 -0.4424
Z  0.1385 -0.4674  0.8732

PART 71
OFFSET  2.8483 -2.7832 -8.3307
X -0.7570 -0.6222 -0.1994
Y  0.6299 -0.6139 -0.4757
Z  0.1736 -0.4857  0.8567

PART 72
OFFSET  3.9540 -1.8744 -8.0395
X -0.2825 -0.8547 -0.4355
Y  0.9322 -0.1374 -0.3349
Z  0.2264 -0.5005  0.8356

PART 73
OFFSET  4.2729 -0.9029 -7.5524
X -0.3933  0.7752  0.4944
Y  0.9096  0.4065  0.0862
Z -0.1341  0.4836 -0.8649

PART 74
OFFSET -3.4172 -1.0832 -6.1667
X -0.6467 -0.4125 -0.6415
Y -0.7619  0.3875  0.5189
Z  0.0345  0.8244 -0.5649

PART 75
OFFSET -2.7544 -1.9556 -5.6817
X -0.6467 -0.4125 -0.6415
Y -0.7619  0.3875  0.5189
Z  0.0345  0.8244 -0.5649

PART 76
OFFSET -1.6686 -2.2651 -6.4143
X -0.6467 -0.4125 -0.6415
Y -0.7619  0.3875  0.5189
Z  0.0345  0.8244 -0.5649

PART 77
OFFSET  0.0000 -0.0000 -0.0000
X  1.0000 -0.0000  0.0000
Y  0.0000  1.0000  0.0000
Z  0.0000 -0.0000  1.0000

PART 78
OFFSET -0.0000 -0.0000 -0.0000
X  1.0000 -0.0006 -0.0008
Y  0.0006  1.0000 -0.0000
Z  0.0008  0.0000  1.0000

PART 79
OFFSET  1.5436 -0.0009  4.1346
X  1.0000 -0.0006 -0.0008
Y  0.0006  1.0000 -0.0000
Z  0.0008  0.0000  1.0000


FRAME 1102
PART 0
OFFSET  0.0000 -0.0000 -0.0000
X  1.0000 -0.0000  0.0000
Y  0.0000  1.0000  0.0000
Z  0.0000 -0.0000  1.0000

PART 1
OFFSET -4.6318 -0.0000 -1.3770
X  1.0000 -0.0000  0.0000
Y  0.0000  1.0000  0.0000
Z  0.0000 -0.0000  1.0000

PART 2
OFFSET -0.0005  7.9373 -7.0746
X  0.5064 -0.5090 -0.6960
Y -0.5534 -0.8109  0.1905
Z -0.6614  0.2887 -0.6923

PART 3
OFFSET  6.1235  1.7809 -15.4924
X  0.5800 -0.7944 -0.1805
Y -0.0508 -0.2564  0.9652
Z -0.8130 -0.5506 -0.1891

PART 4
OFFSET  11.0564 -4.9756 -17.0279
X  0.5800 -0.7944 -0.1805
Y -0.1148 -0.2991  0.9473
Z -0.8065 -0.5287 -0.2646

PART 5
OFFSET  12.6493 -5.3206 -18.1299
X  0.5825 -0.7913 -0.1858
Y  0.8120  0.5565  0.1757
Z -0.0356 -0.2532  0.9668

PART 6
OFFSET  11.1145 -5.8614 -18.5609
X  0.5825 -0.7913 -0.1858
Y  0.8120  0.5565  0.1757
Z -0.0356 -0.2532  0.9668

PART 7
OFFSET  12.7350 -6.4496 -15.7945
X  0.5825 -0.7913 -0.1858
Y  0.8120  0.5565  0.1757
Z -0.0356 -0.2532  0.9668

PART 8
OFFSET  11.5892 -7.1553 -15.8186
X  0.5825 -0.7913 -0.1858
Y  0.8120  0.5565  0.1757
Z -0.0356 -0.2532  0.9668

PART 9
OFFSET  10.9222 -6.9380 -16.7900
X  0.5825 -0.7913 -0.1858
Y  0.8120  0.5565  0.1757
Z -0.0356 -0.2532  0.9668

PART 10
OFFSET  12.8344 -7.4109 -17.5813
X  0.3361 -0.8768  0.3438
Y -0.3452  0.2250  0.9112
Z -0.8763 -0.4250 -0.2271

PART 11
OFFSET  12.2927 -7.7627 -16.6406
X -0.6458 -0.5604  0.5185
Y -0.1268  0.7484  0.6510
Z -0.7529  0.3547 -0.5544

PART 12
OFFSET  10.8446 -8.8776 -15.4875
X  0.0231 -0.9793 -0.2013
Y -0.6856 -0.1620  0.7098
Z -0.7277  0.1216 -0.6751

PART 13
OFFSET  10.8412 -10.4352 -15.9304
X  0.4971 -0.3710 -0.7844
Y -0.4074 -0.8979  0.1665
Z -0.7661  0.2368 -0.5975

PART 14
OFFSET  11.3368 -10.8408 -16.8031
X  0.7751 -0.6110 -0.1609
Y  0.4168  0.3031  0.8570
Z -0.4749 -0.7313  0.4896

PART 15
OFFSET  13.3114 -8.4796 -18.3118
X  0.4350 -0.8656 -0.2480
Y -0.8887 -0.3686 -0.2726
Z  0.1445  0.3390 -0.9296

PART 16
OFFSET  14.1588 -10.5191 -18.7670
X -0.9129 -0.3908  0.1177
Y -0.3854  0.9204  0.0663
Z -0.1343  0.0151 -0.9908

PART 17
OFFSET  12.8663 -11.0723 -18.6003
X -0.6282  0.7534  0.1945
Y  0.7302  0.6572 -0.1871
Z -0.2688  0.0244 -0.9629

PART 18
OFFSET  12.3093 -10.4044 -18.4279
X -0.6857  0.7014  0.1946
Y  0.6958  0.7101 -0.1078
Z -0.2138  0.0614 -0.9749

PART 19
OFFSET  11.6579 -9.7380 -18.2431
X  0.1186 -0.9911  0.0599
Y  0.9395  0.0925 -0.3298
Z  0.3213  0.0954  0.9421

PART 20
OFFSET  13.2782 -8.4636 -17.5990
X  0.4206 -0.9061  0.0460
Y -0.8670 -0.4164 -0.2738
Z  0.2673  0.0753 -0.9607

PART 21
OFFSET  14.4287 -10.7949 -17.6162
X -0.8677 -0.4880 -0.0950
Y -0.4943  0.8671  0.0611
Z  0.0526  0.1000 -0.9936

PART 22
OFFSET  12.9515 -11.6256 -17.7779
X -0.6690  0.7423  0.0372
Y  0.7425  0.6653  0.0782
Z  0.0333  0.0799 -0.9962

PART 23
OFFSET  12.0242 -10.5969 -17.7264
X -0.5241  0.8505  0.0445
Y  0.8508  0.5206  0.0709
Z  0.0372  0.0750 -0.9965

PART 24
OFFSET  11.4558 -9.6745 -17.6782
X -0.0548 -0.9905 -0.1260
Y  0.9951 -0.0646  0.0754
Z -0.0828 -0.1212  0.9892

PART 25
OFFSET  12.8528 -9.9844 -15.1963
X  0.1394 -0.9867  0.0842
Y  0.9219  0.1603  0.3526
Z -0.3614  0.0285  0.9320

PART 26
OFFSET  14.2094 -10.4998 -15.4699
X -0.6915 -0.6563 -0.3017
Y -0.6765  0.7349 -0.0480
Z  0.2533  0.1709 -0.9522

PART 27
OFFSET  12.9919 -11.6554 -16.0011
X -0.7733  0.6098 -0.1737
Y  0.5661  0.7874  0.2442
Z  0.2857  0.0905 -0.9540

PART 28
OFFSET  12.0345 -10.9195 -16.1543
X -0.6147  0.7879  0.0368
Y  0.7764  0.5962  0.2043
Z  0.1390  0.1542 -0.9782

PART 29
OFFSET  11.3401 -10.0296 -16.1127
X -0.4617 -0.7513 -0.4715
Y  0.7944 -0.5868  0.1571
Z -0.3947 -0.3020  0.8677

PART 30
OFFSET  14.3909 -10.7266 -16.5357
X -0.8890 -0.4065 -0.2109
Y -0.4187  0.9080  0.0145
Z  0.1856  0.1012 -0.9774

PART 31
OFFSET  12.6542 -11.5207 -16.9478
X -0.6820  0.7295 -0.0528
Y  0.6990  0.6713  0.2465
Z  0.2153  0.1312 -0.9677

PART 32
OFFSET  11.6581 -10.4552 -17.0250
X -0.3732  0.9270  0.0372
Y  0.8877  0.3452  0.3047
Z  0.2697  0.1467 -0.9517

PART 33
OFFSET  11.2367 -9.4045 -16.9898
X -0.2980 -0.9407 -0.1623
Y  0.9371 -0.3207  0.1377
Z -0.1816 -0.1110  0.9771

PART 34
OFFSET  12.5964 -10.5569 -17.4861
X  0.2034  0.1010 -0.9739
Y  0.8763  0.4250  0.2271
Z  0.4368 -0.8996 -0.0021

PART 35
OFFSET  12.6493 -5.3206 -18.1299
X  0.5825 -0.7913 -0.1858
Y  0.8120  0.5565  0.1757
Z -0.0356 -0.2532  0.9668

PART 36
OFFSET  11.1145 -5.8614 -18.5609
X  0.5825 -0.7913 -0.1858
Y  0.8120  0.5565  0.1757
Z -0.0356 -0.2532  0.9668

PART 37
OFFSET  12.7350 -6.4496 -15.7945
X  0.5825 -0.7913 -0.1858
Y  0.8120  0.5565  0.1757
Z -0.0356 -0.2532  0.9668

PART 38
OFFSET  11.5892 -7.1553 -15.8186
X  0.5825 -0.7913 -0.1858
Y  0.8120  0.5565  0.1757
Z -0.0356 -0.2532  0.9668

PART 39
OFFSET  10.9222 -6.9380 -16.7900
X  0.5825 -0.7913 -0.1858
Y  0.8120  0.5565  0.1757
Z -0.0356 -0.2532  0.9668

PART 40
OFFSET  3.8206 -3.9313 -8.5980
X  0.7241 -0.6026 -0.3354
Y  0.6783  0.7102  0.1885
Z  0.1246 -0.3640  0.9230

PART 41
OFFSET  3.8206 -3.9313 -8.5980
X  0.7241 -0.6026 -0.3354
Y  0.6783  0.7102  0.1885
Z  0.1246 -0.3640  0.9230

PART 42
OFFSET  6.9155 -6.5602 -9.7501
X  0.7241 -0.6026 -0.3354
Y  0.6783  0.7102  0.1885
Z  0.1246 -0.3640  0.9230

PART 43
OFFSET  8.2956 -9.2646 -9.0461
X  0.7241 -0.6026 -0.3354
Y  0.6783  0.7102  0.1885
Z  0.1246 -0.3640  0.9230

PART 44
OFFSET -3.5060 -7.9373 -3.1869
X  0.1325 -0.0524  0.9898
Y  0.6357 -0.7617 -0.1254
Z  0.7605  0.6458 -0.0677

PART 45
OFFSET -5.1086 -7.3042 -15.1574
X -0.3186 -0.5887 -0.7429
Y  0.1585  0.7397 -0.6541
Z  0.9345 -0.3261 -0.1424

PART 46
OFFSET -2.3987 -2.2972 -8.8385
X -0.3186 -0.5887 -0.7429
Y  0.6218 -0.7214  0.3049
Z -0.7154 -0.3648  0.5959

PART 47
OFFSET -3.1275 -1.6243 -7.1234
X -0.3221 -0.5922 -0.7386
Y -0.9358  0.3171  0.1539
Z  0.1431  0.7408 -0.6563

PART 48
OFFSET -2.5904 -2.3056 -6.2969
X -0.3221 -0.5922 -0.7386
Y -0.9358  0.3171  0.1539
Z  0.1431  0.7408 -0.6563

PART 49
OFFSET -1.2866 -2.5195 -6.5525
X -0.3221 -0.5922 -0.7386
Y -0.9358  0.3171  0.1539
Z  0.1431  0.7408 -0.6563

PART 50
OFFSET -1.4219 -0.4925 -6.5609
X -0.7186  0.6082  0.3371
Y -0.0843  0.4051 -0.9104
Z -0.6903 -0.6826 -0.2398

PART 51
OFFSET -0.7339 -0.8767 -5.7356
X -0.8525  0.3248 -0.4097
Y  0.5048  0.3076 -0.8066
Z -0.1360 -0.8944 -0.4262

PART 52
OFFSET  1.0628 -1.5586 -4.7473
X -0.9235  0.2851  0.2566
Y -0.1557  0.3327 -0.9301
Z -0.3505 -0.8989 -0.2629

PART 53
OFFSET  2.5837 -1.8982 -5.1876
X -0.7871 -0.0330  0.6159
Y -0.5693  0.4230 -0.7050
Z -0.2373 -0.9055 -0.3517

PART 54
OFFSET  3.4554 -1.8283 -5.8256
X -0.5460  0.6445  0.5353
Y  0.8051  0.5803  0.1225
Z -0.2317  0.4978 -0.8357

PART 55
OFFSET -0.7646 -0.4355 -7.7726
X -0.5707  0.2382  0.7858
Y -0.6366 -0.7328 -0.2403
Z  0.5187 -0.6374  0.5698

PART 56
OFFSET  0.6714 -0.9735 -9.4258
X -0.8620  0.0894  0.4989
Y -0.3664 -0.7900 -0.4915
Z  0.3502 -0.6065  0.7138

PART 57
OFFSET  1.8918 -1.1002 -10.1321
X -0.7845 -0.6043 -0.1391
Y  0.5340 -0.5444 -0.6469
Z  0.3152 -0.5818  0.7498

PART 58
OFFSET  2.5874 -0.5644 -10.0088
X -0.2678 -0.7914 -0.5496
Y  0.8948  0.0072 -0.4464
Z  0.3572 -0.6113  0.7062

PART 59
OFFSET  2.8418  0.1875 -9.4867
X -0.4086  0.6892  0.5984
Y  0.8930  0.4374  0.1059
Z -0.1888  0.5777 -0.7941

PART 60
OFFSET -0.6469 -0.9338 -7.2752
X -0.6621  0.4503  0.5990
Y -0.6711 -0.7121 -0.2065
Z  0.3335 -0.5387  0.7737

PART 61
OFFSET  1.0072 -2.0382 -8.9493
X -0.9039  0.0505  0.4248
Y -0.2858 -0.8102 -0.5118
Z  0.3183 -0.5840  0.7467

PART 62
OFFSET  2.5460 -2.1242 -9.6725
X -0.7191 -0.6597 -0.2184
Y  0.6284 -0.4832 -0.6096
Z  0.2966 -0.5756  0.7620

PART 63
OFFSET  3.5427 -1.2100 -9.3698
X -0.2071 -0.8207 -0.5324
Y  0.9309  0.0020 -0.3652
Z  0.3008 -0.5713  0.7636

PART 64
OFFSET  3.7673 -0.3198 -8.7924
X -0.3472  0.6432  0.6824
Y  0.8676  0.4966 -0.0266
Z -0.3559  0.5828 -0.7305

PART 65
OFFSET -4.7114  1.3305 -4.5164
X -0.8518  0.3041  0.4266
Y  0.4479  0.8452  0.2917
Z -0.2719  0.4395 -0.8561

PART 66
OFFSET  1.1851 -3.4217 -7.2771
X -0.9935  0.1004  0.0539
Y -0.1126 -0.9375 -0.3293
Z  0.0174 -0.3333  0.9427

PART 67
OFFSET  2.9343 -3.5984 -7.3720
X -0.9403 -0.3330 -0.0706
Y  0.3392 -0.8996 -0.2751
Z  0.0281 -0.2826  0.9588

PART 68
OFFSET  4.0791 -3.2107 -7.2279
X -0.8032 -0.5551 -0.2159
Y  0.5949 -0.7663 -0.2426
Z -0.0308 -0.3233  0.9458

PART 69
OFFSET  4.9864 -2.5837 -6.9840
X -0.2842  0.7816  0.5553
Y  0.9409  0.3386  0.0049
Z -0.1842  0.5239 -0.8316

PART 70
OFFSET  1.1409 -2.7949 -8.1858
X -0.9846  0.0618  0.1634
Y -0.1252 -0.9020 -0.4133
Z  0.1219 -0.4274  0.8958

PART 71
OFFSET  3.0644 -2.9156 -8.5050
X -0.7236 -0.6597 -0.2030
Y  0.6718 -0.6057 -0.4264
Z  0.1583 -0.4449  0.8815

PART 72
OFFSET  4.1213 -1.9521 -8.2085
X -0.2313 -0.8816 -0.4113
Y  0.9494 -0.1122 -0.2933
Z  0.2125 -0.4584  0.8630

PART 73
OFFSET  4.3824 -0.9504 -7.7489
X -0.4426  0.7770  0.4476
Y  0.8889  0.4461  0.1045
Z -0.1185  0.4441 -0.8881

PART 74
OFFSET -3.1275 -1.6243 -7.1234
X -0.3221 -0.5922 -0.7386
Y -0.9358  0.3171  0.1539
Z  0.1431  0.7408 -0.6563

PART 75
OFFSET -2.5906 -2.3056 -6.2968
X -0.3221 -0.5922 -0.7386
Y -0.9358  0.3171  0.1539
Z  0.1431  0.7408 -0.6563

PART 76
OFFSET -1.2866 -2.5194 -6.5526
X -0.3221 -0.5922 -0.7386
Y -0.9358  0.3171  0.1539
Z  0.1431  0.7408 -0.6563

PART 77
OFFSET  0.0000 -0.0000 -0.0000
X  1.0000 -0.0000  0.0000
Y  0.0000  1.0000  0.0000
Z  0.0000 -0.0000  1.0000

PART 78
OFFSET -0.0000 -0.0000 -0.0000
X  1.0000 -0.0022 -0.0028
Y  0.0022  1.0000 -0.0000
Z  0.0028  0.0000  1.0000

PART 79
OFFSET  1.5520 -0.0034  4.1314
X  1.0000 -0.0022 -0.0028
Y  0.0022  1.0000 -0.0000
Z  0.0028  0.0000  1.0000


FRAME 1103
PART 0
OFFSET  0.0000 -0.0000 -0.0000
X  1.0000 -0.0000  0.0000
Y  0.0000  1.0000  0.0000
Z  0.0000 -0.0000  1.0000

PART 1
OFFSET -4.6318 -0.0000 -1.3770
X  1.0000 -0.0000  0.0000
Y  0.0000  1.0000  0.0000
Z  0.0000 -0.0000  1.0000

PART 2
OFFSET  0.4730  7.9373 -7.7562
X  0.5039 -0.5279 -0.6836
Y -0.4590 -0.8342  0.3058
Z -0.7317  0.1597 -0.6627

PART 3
OFFSET  6.5676  1.5528 -16.0240
X  0.6381 -0.7699  0.0006
Y -0.0579 -0.0472  0.9972
Z -0.7678 -0.6364 -0.0747

PART 4
OFFSET  11.9951 -4.9959 -16.0189
X  0.6381 -0.7699  0.0006
Y -0.1768 -0.1458  0.9734
Z -0.7494 -0.6212 -0.2291

PART 5
OFFSET  13.6361 -5.4508 -17.0043
X  0.6406 -0.7679 -0.0052
Y  0.7667  0.6392  0.0604
Z -0.0431 -0.0426  0.9982

PART 6
OFFSET  12.1542 -6.1822 -17.3249
X  0.6406 -0.7679 -0.0052
Y  0.7667  0.6392  0.0604
Z -0.0431 -0.0426  0.9982

PART 7
OFFSET  13.7392 -6.0452 -14.4799
X  0.6406 -0.7679 -0.0052
Y  0.7667  0.6392  0.0604
Z -0.0431 -0.0426  0.9982

PART 8
OFFSET  12.6461 -6.8217 -14.3637
X  0.6406 -0.7679 -0.0052
Y  0.7667  0.6392  0.0604
Z -0.0431 -0.0426  0.9982

PART 9
OFFSET  11.9911 -6.8665 -15.3660
X  0.6406 -0.7679 -0.0052
Y  0.7667  0.6392  0.0604
Z -0.0431 -0.0426  0.9982

PART 10
OFFSET  13.9513 -7.3563 -16.0171
X  0.3983 -0.8031  0.4432
Y -0.4059  0.2789  0.8703
Z -0.8225 -0.5265 -0.2149

PART 11
OFFSET  13.4011 -7.6645 -15.0661
X -0.6153 -0.5661  0.5486
Y -0.2243  0.7929  0.5666
Z -0.7557  0.2256 -0.6148

PART 12
OFFSET  12.0089 -8.7944 -13.8599
X  0.1214 -0.9876 -0.0999
Y -0.6999 -0.1565  0.6968
Z -0.7038 -0.0146 -0.7102

PART 13
OFFSET  12.1677 -10.3809 -14.1423
X  0.5644 -0.3968 -0.7239
Y -0.3312 -0.9121  0.2417
Z -0.7561  0.1034 -0.6462

PART 14
OFFSET  12.7379 -10.8208 -14.9506
X  0.8341 -0.5472 -0.0694
Y  0.3475  0.4236  0.8366
Z -0.4284 -0.7219  0.5435

PART 15
OFFSET  14.5568 -8.4409 -16.6174
X  0.5230 -0.8403 -0.1427
Y -0.8380 -0.4763 -0.2663
Z  0.1558  0.2588 -0.9533

PART 16
OFFSET  15.6064 -10.4251 -16.8319
X -0.8780 -0.4625  0.1231
Y -0.4702  0.8816 -0.0417
Z -0.0893 -0.0945 -0.9915

PART 17
OFFSET  14.3633 -11.0799 -16.6575
X -0.7025  0.7055  0.0938
Y  0.6751  0.7023 -0.2258
Z -0.2252 -0.0953 -0.9696

PART 18
OFFSET  13.7405 -10.4544 -16.5744
X -0.7549  0.6486  0.0970
Y  0.6325  0.7592 -0.1537
Z -0.1733 -0.0546 -0.9833

PART 19
OFFSET  13.0233 -9.8382 -16.4822
X  0.2055 -0.9648  0.1644
Y  0.9414  0.1489 -0.3027
Z  0.2676  0.2170  0.9388

PART 20
OFFSET  14.4895 -8.3586 -15.9115
X  0.4988 -0.8531  0.1532
Y -0.8119 -0.5217 -0.2619
Z  0.3033  0.0063 -0.9529

PART 21
OFFSET  15.8470 -10.5603 -15.6498
X -0.8143 -0.5753 -0.0769
Y -0.5735  0.8179 -0.0454
Z  0.0890  0.0071 -0.9960

PART 22
OFFSET  14.4606 -11.5397 -15.7807
X -0.7348  0.6753 -0.0629
Y  0.6744  0.7374  0.0376
Z  0.0718 -0.0148 -0.9973

PART 23
OFFSET  13.4421 -10.6037 -15.8679
X -0.6009  0.7970 -0.0614
Y  0.7957  0.6037  0.0490
Z  0.0761 -0.0194 -0.9969

PART 24
OFFSET  12.7905 -9.7394 -15.9345
X  0.0415 -0.9988 -0.0268
Y  0.9923  0.0381  0.1181
Z -0.1169 -0.0315  0.9926

PART 25
OFFSET  14.0939 -9.6713 -13.3843
X  0.2246 -0.9560  0.1889
Y  0.8863  0.2810  0.3682
Z -0.4051  0.0847  0.9104

PART 26
OFFSET  15.5030 -10.0794 -13.5540
X -0.6142 -0.7455 -0.2588
Y -0.7377  0.6589 -0.1472
Z  0.2803  0.1005 -0.9546

PART 27
OFFSET  14.4215 -11.3919 -14.0097
X -0.8168  0.5136 -0.2630
Y  0.4802  0.8577  0.1837
Z  0.3199  0.0238 -0.9471

PART 28
OFFSET  13.4092 -10.7690 -14.2719
X -0.6849  0.7256 -0.0659
Y  0.7087  0.6845  0.1712
Z  0.1693  0.0705 -0.9830

PART 29
OFFSET  12.6356 -9.9494 -14.3464
X -0.3691 -0.8343 -0.4096
Y  0.8364 -0.4903  0.2450
Z -0.4052 -0.2521  0.8788

PART 30
OFFSET  15.7533 -10.3908 -14.5840
X -0.8376 -0.5079 -0.2012
Y -0.4998  0.8611 -0.0931
Z  0.2205  0.0225 -0.9751

PART 31
OFFSET  14.1170 -11.3831 -14.9770
X -0.7424  0.6526 -0.1516
Y  0.6229  0.7556  0.2026
Z  0.2468  0.0560 -0.9674

PART 32
OFFSET  13.0327 -10.4299 -15.1984
X -0.4574  0.8865 -0.0708
Y  0.8376  0.4562  0.3006
Z  0.2988  0.0782 -0.9511

PART 33
OFFSET  12.5162 -9.4256 -15.2856
X -0.2034 -0.9761 -0.0769
Y  0.9551 -0.2151  0.2039
Z -0.2156 -0.0320  0.9760

PART 34
OFFSET  13.9966 -10.4863 -15.6120
X  0.2380  0.0244 -0.9710
Y  0.8225  0.5265  0.2149
Z  0.5165 -0.8498  0.1052

PART 35
OFFSET  13.6361 -5.4508 -17.0043
X  0.6406 -0.7679 -0.0052
Y  0.7667  0.6392  0.0604
Z -0.0431 -0.0426  0.9982

PART 36
OFFSET  12.1542 -6.1822 -17.3249
X  0.6406 -0.7679 -0.0052
Y  0.7667  0.6392  0.0604
Z -0.0431 -0.0426  0.9982

PART 37
OFFSET  13.7392 -6.0452 -14.4799
X  0.6406 -0.7679 -0.0052
Y  0.7667  0.6392  0.0604
Z -0.0431 -0.0426  0.9982

PART 38
OFFSET  12.6461 -6.8217 -14.3637
X  0.6406 -0.7679 -0.0052
Y  0.7667  0.6392  0.0604
Z -0.0431 -0.0426  0.9982

PART 39
OFFSET  11.9911 -6.8665 -15.3660
X  0.6406 -0.7679 -0.0052
Y  0.7667  0.6392  0.0604
Z -0.0431 -0.0426  0.9982

PART 40
OFFSET  4.2537 -3.8905 -7.7708
X  0.7907 -0.5608 -0.2457
Y  0.6014  0.7865  0.1403
Z  0.1145 -0.2587  0.9591

PART 41
OFFSET  4.2537 -3.8905 -7.7708
X  0.7907 -0.5608 -0.2457
Y  0.6014  0.7865  0.1403
Z  0.1145 -0.2587  0.9591

PART 42
OFFSET  7.6249 -6.3128 -8.5356
X  0.7907 -0.5608 -0.2457
Y  0.6014  0.7865  0.1403
Z  0.1145 -0.2587  0.9591

PART 43
OFFSET  9.2115 -8.7918 -7.5106
X  0.7907 -0.5608 -0.2457
Y  0.6014  0.7865  0.1403
Z  0.1145 -0.2587  0.9591

PART 44
OFFSET -3.5060 -7.9373 -3.1869
X -0.2101  0.1231  0.9699
Y  0.7190 -0.6527  0.2386
Z  0.6625  0.7475  0.0486

PART 45
OFFSET -0.9654 -9.4262 -14.9168
X  0.0234 -0.7369 -0.6756
Y  0.2915  0.6515 -0.7004
Z  0.9563 -0.1805  0.2300

PART 46
OFFSET -1.1647 -3.1590 -9.1702
X  0.0234 -0.7369 -0.6756
Y  0.4706 -0.5881  0.6577
Z -0.8820 -0.3334  0.3330

PART 47
OFFSET -2.5087 -2.3744 -7.9438
X  0.0191 -0.7402 -0.6721
Y -0.9604  0.1732 -0.2180
Z  0.2778  0.6497 -0.7076

PART 48
OFFSET -2.2174 -2.8260 -6.8728
X  0.0191 -0.7402 -0.6721
Y -0.9604  0.1732 -0.2180
Z  0.2778  0.6497 -0.7076

PART 49
OFFSET -0.8902 -2.8512 -6.6519
X  0.0191 -0.7402 -0.6721
Y -0.9604  0.1732 -0.2180
Z  0.2778  0.6497 -0.7076

PART 50
OFFSET -1.2366 -0.9000 -7.0988
X -0.7782  0.5712  0.2610
Y -0.0620  0.3437 -0.9370
Z -0.6250 -0.7454 -0.2321

PART 51
OFFSET -0.5701 -1.1826 -6.2168
X -0.8493  0.2354 -0.4725
Y  0.5258  0.2970 -0.7971
Z -0.0473 -0.9254 -0.3760

PART 52
OFFSET  1.2127 -1.6687 -5.0966
X -0.9545  0.2294  0.1903
Y -0.1269  0.2652 -0.9558
Z -0.2697 -0.9365 -0.2240

PART 53
OFFSET  2.7764 -1.9183 -5.4357
X -0.8160 -0.0559  0.5753
Y -0.5578  0.3371 -0.7584
Z -0.1515 -0.9398 -0.3063

PART 54
OFFSET  3.6752 -1.8206 -6.0310
X -0.6200  0.6319  0.4652
Y  0.7532  0.6453  0.1274
Z -0.2197  0.4294 -0.8760

PART 55
OFFSET -0.5182 -0.8647 -8.2762
X -0.6295  0.2401  0.7390
Y -0.5679 -0.7913 -0.2266
Z  0.5304 -0.5623  0.6345

PART 56
OFFSET  1.0431 -1.3890 -9.8163
X -0.8928  0.0534  0.4472
Y -0.2806 -0.8427 -0.4595
Z  0.3523 -0.5358  0.7673

PART 57
OFFSET  2.3071 -1.4647 -10.4495
X -0.7301 -0.6686 -0.1414
Y  0.6071 -0.5396 -0.5832
Z  0.3137 -0.5117  0.7999

PART 58
OFFSET  2.9544 -0.8719 -10.3241
X -0.1790 -0.8400 -0.5122
Y  0.9156  0.0483 -0.3992
Z  0.3600 -0.5405  0.7604

PART 59
OFFSET  3.1245 -0.0739 -9.8375
X -0.4899  0.6903  0.5324
Y  0.8519  0.5087  0.1244
Z -0.1850  0.5145 -0.8373

PART 60
OFFSET -0.3931 -1.3228 -7.7433
X -0.7253  0.4335  0.5348
Y -0.6056 -0.7713 -0.1960
Z  0.3275 -0.4660  0.8219

PART 61
OFFSET  1.4273 -2.3958 -9.2576
X -0.9275  0.0072  0.3737
Y -0.1978 -0.8578 -0.4743
Z  0.3171 -0.5139  0.7971

PART 62
OFFSET  3.0064 -2.4081 -9.8938
X -0.6565 -0.7234 -0.2137
Y  0.6947 -0.4694 -0.5450
Z  0.2940 -0.5062  0.8107

PART 63
OFFSET  3.9163 -1.4055 -9.5977
X -0.1175 -0.8637 -0.4901
Y  0.9474  0.0505 -0.3161
Z  0.2978 -0.5015  0.8123

PART 64
OFFSET  4.0437 -0.4688 -9.0661
X -0.4302  0.6541  0.6221
Y  0.8298  0.5579 -0.0127
Z -0.3554  0.5108 -0.7828

PART 65
OFFSET -4.7579  0.7872 -5.3445
X -0.8940  0.2637  0.3623
Y  0.3690  0.8920  0.2611
Z -0.2543  0.3671 -0.8947

PART 66
OFFSET  1.6101 -3.6620 -7.4955
X -0.9996  0.0284 -0.0038
Y -0.0263 -0.9609 -0.2756
Z -0.0115 -0.2754  0.9613

PART 67
OFFSET  3.3701 -3.7121 -7.4888
X -0.9085 -0.4062 -0.0981
Y  0.4179 -0.8861 -0.2006
Z -0.0055 -0.2232  0.9748

PART 68
OFFSET  4.4742 -3.2318 -7.3103
X -0.7479 -0.6256 -0.2220
Y  0.6610 -0.7324 -0.1633
Z -0.0604 -0.2689  0.9613

PART 69
OFFSET  5.3190 -2.5252 -7.0595
X -0.3702  0.7891  0.4901
Y  0.9124  0.4080  0.0323
Z -0.1744  0.4591 -0.8711

PART 70
OFFSET  1.5720 -3.0945 -8.4426
X -0.9941 -0.0029  0.1082
Y -0.0367 -0.9314 -0.3621
Z  0.1019 -0.3639  0.9258

PART 71
OFFSET  3.5141 -3.0888 -8.6540
X -0.6618 -0.7229 -0.1985
Y  0.7364 -0.5774 -0.3525
Z  0.1402 -0.3795  0.9145

PART 72
OFFSET  4.4808 -2.0329 -8.3640
X -0.1440 -0.9190 -0.3669
Y  0.9700 -0.0576 -0.2364
Z  0.1961 -0.3899  0.8997

PART 73
OFFSET  4.6431 -0.9893 -7.9550
X -0.5217  0.7664  0.3748
Y  0.8473  0.5169  0.1222
Z -0.1001  0.3813 -0.9190

PART 74
OFFSET -2.5087 -2.3745 -7.9438
X  0.0191 -0.7402 -0.6721
Y -0.9604  0.1732 -0.2180
Z  0.2778  0.6497 -0.7076

PART 75
OFFSET -2.2176 -2.8260 -6.8728
X  0.0191 -0.7402 -0.6721
Y -0.9604  0.1732 -0.2180
Z  0.2778  0.6497 -0.7076

PART 76
