// Export filename: `C:\projects\cod\t5\xanim_export\t5_viewmodels\ak74u\ak74u_dualclip_reload_empty_quick.XANIM_EXPORT`
// Source filename: `D:\projects\devanim\t5\animation_assets\viewmodels\ak74u/t5_viewmodel_ak74u_animated.fbx`
// Export time: Sat Aug 28 20:06:51 2010

ANIMATION
VERSION 3

NUMPARTS 80
PART 0 "tag_ads"
PART 1 "tag_torso"
PART 2 "J_Shoulder_LE"
PART 3 "J_Elbow_LE"
PART 4 "J_WristTwist_LE"
PART 5 "J_Sleave_Reshape_Bottom_LE_1"
PART 6 "J_Sleave_Reshape_Bottom_LE_2"
PART 7 "J_Sleave_Reshape_Top_LE_1"
PART 8 "J_Sleave_Reshape_Top_LE_2"
PART 9 "J_Sleave_Reshape_Top_LE_3"
PART 10 "J_Wrist_LE"
PART 11 "J_Thumb_LE_0"
PART 12 "J_Thumb_LE_1"
PART 13 "J_Thumb_LE_2"
PART 14 "J_Thumb_LE_3"
PART 15 "J_PinkyPalm_LE"
PART 16 "J_Pinky_LE_0"
PART 17 "J_Pinky_LE_1"
PART 18 "J_Pinky_LE_2"
PART 19 "J_Pinky_LE_3"
PART 20 "J_RingPalm_LE"
PART 21 "J_Ring_LE_0"
PART 22 "J_Ring_LE_1"
PART 23 "J_Ring_LE_2"
PART 24 "J_Ring_LE_3"
PART 25 "J_Webbing_LE"
PART 26 "J_Index_LE_0"
PART 27 "J_Index_LE_1"
PART 28 "J_Index_LE_2"
PART 29 "J_Index_LE_3"
PART 30 "J_Mid_LE_0"
PART 31 "J_Mid_LE_1"
PART 32 "J_Mid_LE_2"
PART 33 "J_Mid_LE_3"
PART 34 "tag_knife_attach"
PART 35 "D_Sleave_Reshape_Bottom_LE_1"
PART 36 "D_Sleave_Reshape_Bottom_LE_2"
PART 37 "D_Sleave_Reshape_Top_LE_1"
PART 38 "D_Sleave_Reshape_Top_LE_2"
PART 39 "D_Sleave_Reshape_Top_LE_3"
PART 40 "tag_weapon"
PART 41 "J_Gun"
PART 42 "J_Bolt"
PART 43 "TAG_DUAL_CLIP"
PART 44 "J_Shoulder_RI"
PART 45 "J_Elbow_RI"
PART 46 "J_WristTwist_RI"
PART 47 "J_Sleave_Reshape_Top_RI_3"
PART 48 "J_Sleave_Reshape_Top_RI_2"
PART 49 "J_Sleave_Reshape_Top_RI_1"
PART 50 "J_Wrist_RI"
PART 51 "J_Thumb_RI_0"
PART 52 "J_Thumb_RI_1"
PART 53 "J_Thumb_RI_2"
PART 54 "J_Thumb_RI_3"
PART 55 "J_PinkyPalm_RI"
PART 56 "J_Pinky_RI_0"
PART 57 "J_Pinky_RI_1"
PART 58 "J_Pinky_RI_2"
PART 59 "J_Pinky_RI_3"
PART 60 "J_RingPalm_RI"
PART 61 "J_Ring_RI_0"
PART 62 "J_Ring_RI_1"
PART 63 "J_Ring_RI_2"
PART 64 "J_Ring_RI_3"
PART 65 "J_Webbing_RI"
PART 66 "J_Index_RI_0"
PART 67 "J_Index_RI_1"
PART 68 "J_Index_RI_2"
PART 69 "J_Index_RI_3"
PART 70 "J_Mid_RI_0"
PART 71 "J_Mid_RI_1"
PART 72 "J_Mid_RI_2"
PART 73 "J_Mid_RI_3"
PART 74 "D_Sleave_Reshape_Top_RI_3"
PART 75 "D_Sleave_Reshape_Top_RI_2"
PART 76 "D_Sleave_Reshape_Top_RI_1"
PART 77 "tag_cambone"
PART 78 "tag_camera"
PART 79 "tag_gasmask"

FRAMERATE 30
NUMFRAMES 84

FRAME 5000
PART 0
OFFSET  0.0000 -0.0000 -0.0000
X  1.0000 -0.0000  0.0000
Y  0.0000  1.0000  0.0000
Z  0.0000 -0.0000  1.0000

PART 1
OFFSET -4.6318 -0.0000 -1.3770
X  1.0000 -0.0000  0.0000
Y  0.0000  1.0000  0.0000
Z  0.0000 -0.0000  1.0000

PART 2
OFFSET -3.4552  5.7860 -3.1869
X  0.7274 -0.1644 -0.6663
Y -0.0321 -0.9780  0.2063
Z -0.6855 -0.1287 -0.7166

PART 3
OFFSET  5.3416  3.7975 -11.2445
X  0.7829 -0.4204  0.4586
Y -0.4949  0.0259  0.8686
Z -0.3770 -0.9070 -0.1878

PART 4
OFFSET  12.0005  0.2216 -7.3440
X  0.7829 -0.4204  0.4586
Y -0.0516  0.6907  0.7213
Z -0.6200 -0.5884  0.5190

PART 5
OFFSET  14.1828  1.0130 -6.9115
X  0.7869 -0.4181  0.4539
Y  0.3819  0.9077  0.1740
Z -0.4848  0.0364  0.8739

PART 6
OFFSET  13.1405 -0.8996 -8.1066
X  0.7869 -0.4181  0.4539
Y  0.3819  0.9077  0.1740
Z -0.4848  0.0364  0.8739

PART 7
OFFSET  13.0675  0.1652 -5.0267
X  0.7869 -0.4181  0.4539
Y  0.3819  0.9077  0.1740
Z -0.4848  0.0364  0.8739

PART 8
OFFSET  12.3833 -0.9888 -5.1336
X  0.7869 -0.4181  0.4539
Y  0.3819  0.9077  0.1740
Z -0.4848  0.0364  0.8739

PART 9
OFFSET  12.3288 -1.4021 -6.2570
X  0.7869 -0.4181  0.4539
Y  0.3819  0.9077  0.1740
Z -0.4848  0.0364  0.8739

PART 10
OFFSET  14.4006 -1.0672 -5.9381
X  0.9667 -0.2298  0.1127
Y  0.0805  0.6910  0.7184
Z -0.2430 -0.6854  0.6864

PART 11
OFFSET  14.8134 -0.7852 -4.9122
X  0.9184 -0.0615  0.3909
Y -0.0432  0.9664  0.2535
Z -0.3933 -0.2497  0.8848

PART 12
OFFSET  16.7690 -0.8354 -3.9942
X  0.9437 -0.3298 -0.0251
Y  0.2857  0.7745  0.5643
Z -0.1667 -0.5398  0.8252

PART 13
OFFSET  18.2568 -1.4745 -3.9760
X  0.9406 -0.0697  0.3324
Y -0.0586  0.9308  0.3609
Z -0.3345 -0.3589  0.8713

PART 14
OFFSET  19.2576 -1.5505 -3.5706
X  0.8971  0.3709 -0.2400
Y -0.2715  0.0344 -0.9618
Z -0.3485  0.9280  0.1315

PART 15
OFFSET  15.0834 -2.1401 -6.4732
X  0.7680 -0.6332 -0.0962
Y -0.4096 -0.6010  0.6863
Z -0.4924 -0.4877 -0.7209

PART 16
OFFSET  16.8304 -3.5654 -6.5002
X -0.1608 -0.2300  0.9598
Y -0.6523  0.7546  0.0715
Z -0.7407 -0.6146 -0.2714

PART 17
OFFSET  16.6027 -3.8911 -5.1413
X -0.3868  0.0722  0.9193
Y -0.5714  0.7638 -0.3003
Z -0.7238 -0.6414 -0.2542

PART 18
OFFSET  16.2597 -3.8271 -4.3262
X -0.5341  0.3094  0.7867
Y -0.3766  0.7461 -0.5491
Z -0.7569 -0.5896 -0.2819

PART 19
OFFSET  15.7523 -3.5332 -3.5788
X  0.7544 -0.6197 -0.2163
Y -0.0363  0.2896 -0.9565
Z  0.6554  0.7294  0.1960

PART 20
OFFSET  15.3834 -1.6357 -6.0668
X  0.8938 -0.4350 -0.1092
Y -0.2660 -0.7102  0.6518
Z -0.3611 -0.5535 -0.7505

PART 21
OFFSET  17.6092 -2.9715 -6.2075
X -0.0369 -0.6344  0.7721
Y -0.6211  0.6199  0.4796
Z -0.7829 -0.4618 -0.4169

PART 22
OFFSET  17.5464 -4.0516 -4.8930
X -0.5182  0.1351  0.8445
Y -0.3556  0.8640 -0.3564
Z -0.7778 -0.4850 -0.3998

PART 23
OFFSET  16.8281 -3.8644 -3.7226
X -0.6177  0.4454  0.6481
Y -0.1337  0.7527 -0.6447
Z -0.7749 -0.4849 -0.4054

PART 24
OFFSET  16.1582 -3.3814 -3.0197
X  0.5444 -0.8187 -0.1827
Y  0.2779  0.3815 -0.8816
Z  0.7915  0.4292  0.4352

PART 25
OFFSET  17.3782 -1.0459 -4.0821
X  0.8264 -0.5404  0.1580
Y  0.5163  0.6155 -0.5955
Z  0.2246  0.5737  0.7877

PART 26
OFFSET  18.3184 -1.1868 -5.2122
X  0.4989 -0.8592  0.1131
Y -0.5974 -0.2464  0.7632
Z -0.6279 -0.4483 -0.6362

PART 27
OFFSET  19.1968 -2.6996 -5.0131
X -0.1904 -0.7831  0.5920
Y -0.7859  0.4830  0.3861
Z -0.5883 -0.3917 -0.7074

PART 28
OFFSET  19.0010 -3.6279 -4.2504
X -0.6180 -0.1922  0.7624
Y -0.4802  0.8600 -0.1725
Z -0.6225 -0.4727 -0.6237

PART 29
OFFSET  18.3030 -3.8449 -3.3893
X  0.4596 -0.8467 -0.2679
Y  0.5235  0.5020 -0.6885
Z  0.7174  0.1762  0.6740

PART 30
OFFSET  18.0844 -2.0348 -5.8805
X  0.1709 -0.7992  0.5763
Y -0.7404  0.2817  0.6102
Z -0.6500 -0.5310 -0.5436

PART 31
OFFSET  18.4182 -3.5961 -4.7546
X -0.5227 -0.1938  0.8302
Y -0.5159  0.8472 -0.1271
Z -0.6787 -0.4948 -0.5428

PART 32
OFFSET  17.6547 -3.8791 -3.5420
X -0.7243  0.3651  0.5849
Y -0.0555  0.8147 -0.5772
Z -0.6872 -0.4505 -0.5699

PART 33
OFFSET  16.8296 -3.4694 -2.8833
X  0.6347 -0.7715 -0.0434
Y  0.3714  0.3538 -0.8584
Z  0.6776  0.5288  0.5111

PART 34
OFFSET  16.6079 -3.1071 -4.9736
X -0.4185 -0.5643 -0.7116
Y  0.2430  0.6854 -0.6864
Z  0.8751 -0.4602 -0.1498

PART 35
OFFSET  13.9549  0.4204 -7.4523
X  0.7869 -0.4181  0.4539
Y  0.3819  0.9077  0.1740
Z -0.4848  0.0364  0.8739

PART 36
OFFSET  13.1405 -0.8996 -8.1066
X  0.7869 -0.4181  0.4539
Y  0.3819  0.9077  0.1740
Z -0.4848  0.0364  0.8739

PART 37
OFFSET  13.0675  0.1652 -5.0267
X  0.7869 -0.4181  0.4539
Y  0.3819  0.9077  0.1740
Z -0.4848  0.0364  0.8739

PART 38
OFFSET  12.3833 -0.9888 -5.1336
X  0.7869 -0.4181  0.4539
Y  0.3819  0.9077  0.1740
Z -0.4848  0.0364  0.8739

PART 39
OFFSET  12.3288 -1.4021 -6.2570
X  0.7869 -0.4181  0.4539
Y  0.3819  0.9077  0.1740
Z -0.4848  0.0364  0.8739

PART 40
OFFSET  7.7688 -2.6416 -4.8099
X  1.0000 -0.0000  0.0000
Y  0.0000  1.0000  0.0000
Z  0.0000 -0.0000  1.0000

PART 41
OFFSET  7.7688 -2.6416 -4.8099
X  1.0000 -0.0000  0.0000
Y  0.0000  1.0000  0.0000
Z  0.0000 -0.0000  1.0000

PART 42
OFFSET  14.3735 -3.4784 -2.7246
X  1.0000 -0.0000  0.0000
Y  0.0000  1.0000  0.0000
Z  0.0000 -0.0000  1.0000

PART 43
OFFSET  11.9805 -2.6266 -4.5307
X  1.0000 -0.0000  0.0000
Y  0.0000  1.0000  0.0000
Z  0.0000 -0.0000  1.0000

PART 44
OFFSET -13.9227 -7.9373 -3.1869
X -0.6053  0.0162  0.7958
Y -0.1718 -0.9789 -0.1107
Z  0.7772 -0.2037  0.5953

PART 45
OFFSET -6.6022 -8.1338 -12.8116
X -0.8222 -0.3196 -0.4710
Y  0.5121 -0.0542 -0.8572
Z  0.2484 -0.9460  0.2082

PART 46
OFFSET  0.3912 -5.4156 -8.8058
X -0.8222 -0.3196 -0.4710
Y  0.5374 -0.1634 -0.8273
Z  0.1874 -0.9334  0.3061

PART 47
OFFSET  0.9106 -3.8330 -7.7329
X -0.8259 -0.3166 -0.4664
Y -0.2534  0.9476 -0.1946
Z  0.5036 -0.0425 -0.8629

PART 48
OFFSET  0.8857 -4.2320 -6.6033
X -0.8259 -0.3166 -0.4664
Y -0.2534  0.9476 -0.1946
Z  0.5036 -0.0425 -0.8629

PART 49
OFFSET  1.4070 -5.4649 -6.4654
X -0.8259 -0.3166 -0.4664
Y -0.2534  0.9476 -0.1946
Z  0.5036 -0.0425 -0.8629

PART 50
OFFSET  2.9119 -4.4359 -7.3619
X -0.9546 -0.1418 -0.2621
Y  0.2850 -0.1775 -0.9420
Z  0.0871 -0.9739  0.2098

PART 51
OFFSET  3.0305 -3.8010 -6.4212
X -0.4986 -0.6783 -0.5397
Y  0.5783  0.2035 -0.7900
Z  0.6457 -0.7060  0.2908

PART 52
OFFSET  4.0128 -2.3183 -5.1938
X -0.9028 -0.3483  0.2521
Y -0.0610 -0.4767 -0.8770
Z  0.4256 -0.8071  0.4091

PART 53
OFFSET  5.4190 -1.6940 -5.6990
X -0.5336 -0.0214  0.8455
Y -0.6557 -0.6209 -0.4295
Z  0.5342 -0.7836  0.3173

PART 54
OFFSET  5.9827 -1.6245 -6.6205
X -0.8721  0.3596  0.3318
Y  0.0986  0.7934 -0.6007
Z -0.4792 -0.4912 -0.7274

PART 55
OFFSET  4.0072 -4.3092 -8.1912
X -0.9338 -0.2716  0.2329
Y  0.3213 -0.9230  0.2116
Z  0.1575  0.2724  0.9492

PART 56
OFFSET  6.0889 -3.5460 -8.6022
X -0.1064 -0.9920  0.0680
Y  0.9470 -0.1219 -0.2972
Z  0.3031  0.0328  0.9524

PART 57
OFFSET  6.2395 -2.1416 -8.6984
X  0.7704 -0.5952 -0.2284
Y  0.5756  0.8034 -0.1522
Z  0.2741 -0.0142  0.9616

PART 58
OFFSET  5.5564 -1.6139 -8.4959
X  0.9043  0.2998 -0.3040
Y -0.2988  0.9530  0.0509
Z  0.3049  0.0448  0.9513

PART 59
OFFSET  4.6973 -1.8987 -8.2071
X -0.5482 -0.8340  0.0630
Y -0.7690  0.5322  0.3543
Z -0.3290  0.1458 -0.9330

PART 60
OFFSET  4.0399 -4.2960 -7.4782
X -0.9690 -0.2439  0.0388
Y  0.2458 -0.9373  0.2469
Z -0.0239  0.2488  0.9683

PART 61
OFFSET  6.5638 -3.7206 -7.7173
X -0.1328 -0.9741  0.1828
Y  0.9405 -0.1821 -0.2870
Z  0.3128  0.1338  0.9403

PART 62
OFFSET  6.7899 -2.0621 -8.0285
X  0.8812 -0.4114 -0.2327
Y  0.3642  0.9048 -0.2204
Z  0.3012  0.1095  0.9472

PART 63
OFFSET  5.5686 -1.4920 -7.7060
X  0.8304  0.4610 -0.3130
Y -0.4723  0.8804  0.0436
Z  0.2956  0.1116  0.9488

PART 64
OFFSET  4.6680 -1.9919 -7.3665
X -0.3960 -0.8751  0.2782
Y -0.8751  0.4514  0.1743
Z -0.2781 -0.1744 -0.9446

PART 65
OFFSET -1.2553 -5.3980 -7.5437
X -0.9291 -0.3699 -0.0061
Y -0.3495  0.8829 -0.3136
Z  0.1213 -0.2892 -0.9496

PART 66
OFFSET  6.4488 -4.1115 -5.5522
X -0.9803 -0.1931 -0.0406
Y  0.1869 -0.9747  0.1229
Z -0.0633  0.1129  0.9916

PART 67
OFFSET  8.1748 -3.7715 -5.4807
X -0.9741 -0.2239 -0.0304
Y  0.2152 -0.9603  0.1773
Z -0.0689  0.1662  0.9837

PART 68
OFFSET  9.3549 -3.4893 -5.3840
X -0.9659 -0.2397 -0.0981
Y  0.2227 -0.9620  0.1579
Z -0.1323  0.1307  0.9826

PART 69
OFFSET  10.4459 -3.2185 -5.2731
X  0.0762  0.9832  0.1658
Y  0.9969 -0.0787  0.0085
Z  0.0214  0.1646 -0.9861

PART 70
OFFSET  6.6406 -4.1444 -6.6397
X -0.2627 -0.9406  0.2150
Y  0.9570 -0.2824 -0.0663
Z  0.1231  0.1883  0.9744

PART 71
OFFSET  7.1538 -2.3069 -7.0597
X  0.8288 -0.5596 -0.0009
Y  0.5392  0.7990 -0.2664
Z  0.1498  0.2203  0.9639

PART 72
OFFSET  5.9432 -1.4895 -7.0585
X  0.8851  0.3871 -0.2584
Y -0.4386  0.8795 -0.1846
Z  0.1558  0.2767  0.9482

PART 73
OFFSET  4.9394 -1.9293 -6.7726
X -0.4085 -0.8763  0.2554
Y -0.8912  0.4434  0.0957
Z -0.1971 -0.1885 -0.9621

PART 74
OFFSET  0.9106 -3.8330 -7.7328
X -0.8259 -0.3166 -0.4664
Y -0.2534  0.9476 -0.1946
Z  0.5036 -0.0425 -0.8629

PART 75
OFFSET  0.8856 -4.2318 -6.6032
X -0.8259 -0.3166 -0.4664
Y -0.2534  0.9476 -0.1946
Z  0.5036 -0.0425 -0.8629

PART 76
OFFSET  1.4071 -5.4649 -6.4655
X -0.8259 -0.3166 -0.4664
Y -0.2534  0.9476 -0.1946
Z  0.5036 -0.0425 -0.8629

PART 77
OFFSET  0.0000 -0.0000 -0.0000
X  1.0000 -0.0000  0.0000
Y  0.0000  1.0000  0.0000
Z  0.0000 -0.0000  1.0000

PART 78
OFFSET  0.0000 -0.0000 -0.0000
X  1.0000 -0.0000  0.0000
Y  0.0000  1.0000  0.0000
Z  0.0000 -0.0000  1.0000

PART 79
OFFSET  1.5404 -0.0000  4.1357
X  1.0000 -0.0000  0.0000
Y  0.0000  1.0000  0.0000
Z  0.0000 -0.0000  1.0000


FRAME 5001
PART 0
OFFSET  0.0000 -0.0000 -0.0000
X  1.0000 -0.0000  0.0000
Y  0.0000  1.0000  0.0000
Z  0.0000 -0.0000  1.0000

PART 1
OFFSET -4.6318 -0.0000 -1.3770
X  1.0000 -0.0000  0.0000
Y  0.0000  1.0000  0.0000
Z  0.0000 -0.0000  1.0000

PART 2
OFFSET -3.3999  5.9526 -3.1395
X  0.7020 -0.1607 -0.6939
Y -0.0171 -0.9777  0.2091
Z -0.7120 -0.1350 -0.6891

PART 3
OFFSET  5.0895  4.0097 -11.5310
X  0.7789 -0.4122  0.4726
Y -0.5007  0.0450  0.8645
Z -0.3776 -0.9100 -0.1713

PART 4
OFFSET  11.7147  0.5037 -7.5114
X  0.7789 -0.4122  0.4726
Y -0.1093  0.6528  0.7496
Z -0.6175 -0.6355  0.4635

PART 5
OFFSET  13.8956  1.2997 -7.0808
X  0.7829 -0.4100  0.4679
Y  0.3826  0.9104  0.1575
Z -0.4906  0.0556  0.8696

PART 6
OFFSET  12.8575 -0.6354 -8.2427
X  0.7829 -0.4100  0.4679
Y  0.3826  0.9104  0.1575
Z -0.4906  0.0556  0.8696

PART 7
OFFSET  12.7659  0.4938 -5.1863
X  0.7829 -0.4100  0.4679
Y  0.3826  0.9104  0.1575
Z -0.4906  0.0556  0.8696

PART 8
OFFSET  12.0801 -0.6610 -5.2737
X  0.7829 -0.4100  0.4679
Y  0.3826  0.9104  0.1575
Z -0.4906  0.0556  0.8696

PART 9
OFFSET  12.0323 -1.0975 -6.3885
X  0.7829 -0.4100  0.4679
Y  0.3826  0.9104  0.1575
Z -0.4906  0.0556  0.8696

PART 10
OFFSET  14.1027 -0.7600 -6.0626
X  0.9652 -0.2290  0.1265
Y  0.0554  0.6514  0.7567
Z -0.2557 -0.7234  0.6414

PART 11
OFFSET  14.4853 -0.5315 -5.0121
X  0.8721 -0.0422  0.4874
Y -0.1318  0.9391  0.3173
Z -0.4711 -0.3410  0.8135

PART 12
OFFSET  16.3279 -0.5479 -3.8833
X  0.9572 -0.2850  0.0503
Y  0.1851  0.7364  0.6507
Z -0.2225 -0.6135  0.7577

PART 13
OFFSET  17.8372 -1.1207 -3.7561
X  0.9104 -0.0548  0.4101
Y -0.1395  0.8925  0.4290
Z -0.3895 -0.4477  0.8049

PART 14
OFFSET  18.8015 -1.1853 -3.2685
X  0.8935  0.4311 -0.1259
Y -0.1881  0.1047 -0.9766
Z -0.4078  0.8962  0.1746

PART 15
OFFSET  14.8084 -1.7975 -6.6362
X  0.7747 -0.6187 -0.1301
Y -0.4061 -0.6447  0.6476
Z -0.4846 -0.4489 -0.7508

PART 16
OFFSET  16.5699 -3.2014 -6.7398
X -0.0446 -0.4042  0.9136
Y -0.6917  0.6723  0.2637
Z -0.7208 -0.6202 -0.3096

PART 17
OFFSET  16.5068 -3.7737 -5.4464
X -0.2767 -0.1350  0.9514
Y -0.6573  0.7488 -0.0849
Z -0.7010 -0.6489 -0.2960

PART 18
OFFSET  16.2615 -3.8934 -4.6028
X -0.4461  0.0920  0.8903
Y -0.5023  0.7976 -0.3341
Z -0.7408 -0.5962 -0.3095

PART 19
OFFSET  15.8377 -3.8060 -3.7570
X  0.7636 -0.4849 -0.4264
Y -0.1857  0.4675 -0.8642
Z  0.6184  0.7391  0.2669

PART 20
OFFSET  15.0932 -1.3140 -6.1950
X  0.9000 -0.4224 -0.1082
Y -0.2776 -0.7464  0.6048
Z -0.3362 -0.5143 -0.7890

PART 21
OFFSET  17.3381 -2.6129 -6.3723
X  0.0653 -0.7424  0.6668
Y -0.6622  0.4676  0.5855
Z -0.7464 -0.4798 -0.4611

PART 22
OFFSET  17.4493 -3.8768 -5.2370
X -0.4500 -0.1264  0.8840
Y -0.5027  0.8541 -0.1337
Z -0.7381 -0.5045 -0.4479

PART 23
OFFSET  16.8256 -4.0520 -4.0119
X -0.5924  0.1535  0.7909
Y -0.3281  0.8506 -0.4109
Z -0.7358 -0.5029 -0.4536

PART 24
OFFSET  16.1831 -3.8855 -3.1542
X  0.6366 -0.6364 -0.4356
Y  0.1027  0.6297 -0.7700
Z  0.7643  0.4455  0.4662

PART 25
OFFSET  17.0289 -0.8195 -4.1273
X  0.8263 -0.5426  0.1510
Y  0.5271  0.6505 -0.5469
Z  0.1985  0.5315  0.8235

PART 26
OFFSET  18.0003 -0.8923 -5.2373
X  0.5724 -0.8187  0.0447
Y -0.5776 -0.3639  0.7307
Z -0.5820 -0.4441 -0.6812

PART 27
OFFSET  19.0081 -2.3338 -5.1585
X -0.0622 -0.8713  0.4868
Y -0.8327  0.3142  0.4559
Z -0.5502 -0.3770 -0.7451

PART 28
OFFSET  18.9659 -3.3701 -4.5215
X -0.5111 -0.4368  0.7403
Y -0.6431  0.7658  0.0079
Z -0.5703 -0.4720 -0.6723

PART 29
OFFSET  18.3886 -3.8636 -3.6853
X  0.5865 -0.6818 -0.4372
Y  0.3668  0.7049 -0.6071
Z  0.7221  0.1957  0.6635

PART 30
OFFSET  17.7914 -1.7043 -5.9567
X  0.2729 -0.8338  0.4799
Y -0.7408  0.1361  0.6578
Z -0.6138 -0.5350 -0.5806

PART 31
OFFSET  18.3244 -3.3332 -5.0193
X -0.4138 -0.4039  0.8159
Y -0.6418  0.7650  0.0533
Z -0.6457 -0.5016 -0.5758

PART 32
OFFSET  17.7200 -3.9232 -3.8276
X -0.6959  0.0819  0.7135
Y -0.2763  0.8865 -0.3712
Z -0.6629 -0.4555 -0.5943

PART 33
OFFSET  16.9274 -3.8343 -3.0235
X  0.7525 -0.5999 -0.2720
Y  0.1864  0.5900 -0.7856
Z  0.6317  0.5404  0.5558

PART 34
OFFSET  16.2999 -2.8343 -5.1501
X -0.3945 -0.5276 -0.7523
Y  0.2557  0.7234 -0.6414
Z  0.8826 -0.4454 -0.1505

PART 35
OFFSET  13.6701  0.6964 -7.6106
X  0.7829 -0.4100  0.4679
Y  0.3826  0.9104  0.1575
Z -0.4906  0.0556  0.8696

PART 36
OFFSET  12.8575 -0.6354 -8.2427
X  0.7829 -0.4100  0.4679
Y  0.3826  0.9104  0.1575
Z -0.4906  0.0556  0.8696

PART 37
OFFSET  12.7659  0.4938 -5.1863
X  0.7829 -0.4100  0.4679
Y  0.3826  0.9104  0.1575
Z -0.4906  0.0556  0.8696

PART 38
OFFSET  12.0801 -0.6610 -5.2737
X  0.7829 -0.4100  0.4679
Y  0.3826  0.9104  0.1575
Z -0.4906  0.0556  0.8696

PART 39
OFFSET  12.0323 -1.0975 -6.3885
X  0.7829 -0.4100  0.4679
Y  0.3826  0.9104  0.1575
Z -0.4906  0.0556  0.8696

PART 40
OFFSET  7.7799 -2.6481 -4.7624
X  1.0000 -0.0041  0.0066
Y  0.0040  0.9998  0.0176
Z -0.0067 -0.0176  0.9998

PART 41
OFFSET  7.7799 -2.6481 -4.7624
X  1.0000 -0.0041  0.0066
Y  0.0040  0.9998  0.0176
Z -0.0067 -0.0176  0.9998

PART 42
OFFSET  14.3671 -3.5485 -2.6485
X  1.0000 -0.0041  0.0066
Y  0.0040  0.9998  0.0176
Z -0.0067 -0.0176  0.9998

PART 43
OFFSET  11.9897 -2.6553 -4.4551
X  1.0000 -0.0041  0.0066
Y  0.0040  0.9998  0.0176
Z -0.0067 -0.0176  0.9998

PART 44
OFFSET -13.9227 -7.9373 -3.1869
X -0.6070  0.0149  0.7946
Y -0.1677 -0.9797 -0.1097
Z  0.7768 -0.1998  0.5972

PART 45
OFFSET -6.5820 -8.1176 -12.7965
X -0.8223 -0.3232 -0.4683
Y  0.5103 -0.0548 -0.8582
Z  0.2517 -0.9447  0.2100

PART 46
OFFSET  0.4121 -5.3683 -8.8133
X -0.8223 -0.3232 -0.4683
Y  0.5340 -0.1540 -0.8313
Z  0.1966 -0.9337  0.2993

PART 47
OFFSET  0.9291 -3.7814 -7.7455
X -0.8260 -0.3203 -0.4638
Y -0.2567  0.9463 -0.1963
Z  0.5018 -0.0431 -0.8639

PART 48
OFFSET  0.9080 -4.1776 -6.6149
X -0.8260 -0.3203 -0.4638
Y -0.2567  0.9463 -0.1963
Z  0.5018 -0.0431 -0.8639

PART 49
OFFSET  1.4333 -5.4086 -6.4751
X -0.8260 -0.3203 -0.4638
Y -0.2567  0.9463 -0.1963
Z  0.5018 -0.0431 -0.8639

PART 50
OFFSET  2.9330 -4.3773 -7.3776
X -0.9534 -0.1332 -0.2709
Y  0.2906 -0.1621 -0.9430
Z  0.0818 -0.9777  0.1932

PART 51
OFFSET  3.0479 -3.7595 -6.4251
X -0.4977 -0.6667 -0.5548
Y  0.5844  0.2150 -0.7825
Z  0.6409 -0.7137  0.2826

PART 52
OFFSET  4.0279 -2.3026 -5.1654
X -0.9059 -0.3490  0.2400
Y -0.0570 -0.4610 -0.8856
Z  0.4197 -0.8159  0.3977

PART 53
OFFSET  5.4399 -1.6754 -5.6501
X -0.5393 -0.0340  0.8414
Y -0.6553 -0.6106 -0.4447
Z  0.5289 -0.7912  0.3070

PART 54
OFFSET  6.0101 -1.5920 -6.5665
X -0.8729  0.3573  0.3323
Y  0.1058  0.8034 -0.5860
Z -0.4763 -0.4764 -0.7391

PART 55
OFFSET  4.0344 -4.2405 -8.1972
X -0.9364 -0.2718  0.2219
Y  0.3161 -0.9279  0.1975
Z  0.1522  0.2551  0.9549

PART 56
OFFSET  6.1217 -3.4789 -8.5810
X -0.1108 -0.9926  0.0498
Y  0.9485 -0.1206 -0.2930
Z  0.2969  0.0148  0.9548

PART 57
OFFSET  6.2787 -2.0736 -8.6515
X  0.7695 -0.5943 -0.2337
Y  0.5798  0.8036 -0.1342
Z  0.2676 -0.0322  0.9630

PART 58
OFFSET  5.5963 -1.5467 -8.4443
X  0.9075  0.3014 -0.2927
Y -0.2953  0.9531  0.0657
Z  0.2988  0.0268  0.9540

PART 59
OFFSET  4.7342 -1.8330 -8.1662
X -0.5519 -0.8327  0.0447
Y -0.7692  0.5290  0.3585
Z -0.3221  0.1635 -0.9325

PART 60
OFFSET  4.0623 -4.2400 -7.4839
X -0.9702 -0.2406  0.0281
Y  0.2404 -0.9425  0.2320
Z -0.0293  0.2319  0.9723

PART 61
OFFSET  6.5901 -3.6709 -7.6962
X -0.1379 -0.9766  0.1648
Y  0.9416 -0.1809 -0.2839
Z  0.3071  0.1160  0.9446

PART 62
OFFSET  6.8249 -2.0082 -7.9767
X  0.8811 -0.4109 -0.2341
Y  0.3693  0.9071 -0.2021
Z  0.2953  0.0916  0.9510

PART 63
OFFSET  5.6037 -1.4387 -7.6523
X  0.8343  0.4630 -0.2993
Y -0.4691  0.8814  0.0559
Z  0.2897  0.0937  0.9525

PART 64
OFFSET  4.6989 -1.9408 -7.3276
X -0.4013 -0.8782  0.2601
Y -0.8745  0.4519  0.1764
Z -0.2725 -0.1567 -0.9493

PART 65
OFFSET -1.2367 -5.3189 -7.6038
X -0.9305 -0.3659 -0.0187
Y -0.3438  0.8897 -0.3003
Z  0.1265 -0.2730 -0.9537

PART 66
OFFSET  6.4590 -4.0992 -5.5391
X -0.9808 -0.1883 -0.0505
Y  0.1822 -0.9774  0.1070
Z -0.0695  0.0957  0.9930

PART 67
OFFSET  8.1859 -3.7677 -5.4502
X -0.9748 -0.2193 -0.0408
Y  0.2101 -0.9642  0.1618
Z -0.0748  0.1492  0.9860

PART 68
OFFSET  9.3664 -3.4920 -5.3408
X -0.9662 -0.2339 -0.1087
Y  0.2178 -0.9656  0.1424
Z -0.1383  0.1139  0.9838

PART 69
OFFSET  10.4577 -3.2278 -5.2179
X  0.0790  0.9798  0.1835
Y  0.9965 -0.0830  0.0137
Z  0.0287  0.1818 -0.9829

PART 70
OFFSET  6.6579 -4.1139 -6.6258
X -0.2679 -0.9432  0.1967
Y  0.9563 -0.2852 -0.0649
Z  0.1173  0.1707  0.9783

PART 71
OFFSET  7.1813 -2.2714 -7.0100
X  0.8265 -0.5629 -0.0053
Y  0.5441  0.8013 -0.2487
Z  0.1442  0.2027  0.9686

PART 72
OFFSET  5.9740 -1.4492 -7.0023
X  0.8883  0.3879 -0.2457
Y -0.4338  0.8844 -0.1720
Z  0.1506  0.2594  0.9540

PART 73
OFFSET  4.9666 -1.8898 -6.7309
X -0.4137 -0.8789  0.2373
Y -0.8901  0.4453  0.0976
Z -0.1914 -0.1708 -0.9665

PART 74
OFFSET  0.9290 -3.7814 -7.7455
X -0.8260 -0.3203 -0.4638
Y -0.2567  0.9463 -0.1963
Z  0.5018 -0.0431 -0.8639

PART 75
OFFSET  0.9079 -4.1775 -6.6148
X -0.8260 -0.3203 -0.4638
Y -0.2567  0.9463 -0.1963
Z  0.5018 -0.0431 -0.8639

PART 76
OFFSET  1.4334 -5.4086 -6.4752
X -0.8260 -0.3203 -0.4638
Y -0.2567  0.9463 -0.1963
Z  0.5018 -0.0431 -0.8639

PART 77
OFFSET  0.0000 -0.0000 -0.0000
X  1.0000 -0.0000  0.0000
Y  0.0000  1.0000  0.0000
Z  0.0000 -0.0000  1.0000

PART 78
OFFSET -0.0000 -0.0000 -0.0000
X  1.0000 -0.0009 -0.0003
Y  0.0009  1.0000 -0.0007
Z  0.0003  0.0007  1.0000

PART 79
OFFSET  1.5416  0.0013  4.1353
X  1.0000 -0.0009 -0.0003
Y  0.0009  1.0000 -0.0007
Z  0.0003  0.0007  1.0000


FRAME 5002
PART 0
OFFSET  0.0000 -0.0000 -0.0000
X  1.0000 -0.0000  0.0000
Y  0.0000  1.0000  0.0000
Z  0.0000 -0.0000  1.0000

PART 1
OFFSET -4.6318 -0.0000 -1.3770
X  1.0000 -0.0000  0.0000
Y  0.0000  1.0000  0.0000
Z  0.0000 -0.0000  1.0000

PART 2
OFFSET -3.2573  6.3822 -3.0173
X  0.6339 -0.1556 -0.7576
Y  0.0197 -0.9760  0.2169
Z -0.7732 -0.1524 -0.6156

PART 3
OFFSET  4.4089  4.5003 -12.1797
X  0.7731 -0.3875  0.5021
Y -0.5099  0.0911  0.8554
Z -0.3772 -0.9174 -0.1272

PART 4
OFFSET  10.9846  1.2043 -7.9090
X  0.7731 -0.3875  0.5021
Y -0.2470  0.5452  0.8011
Z -0.5842 -0.7434  0.3258

PART 5
OFFSET  13.1620  2.0197 -7.4973
X  0.7772 -0.3855  0.4973
Y  0.3823  0.9170  0.1135
Z -0.4998  0.1020  0.8601

PART 6
OFFSET  12.1334  0.0270 -8.5667
X  0.7772 -0.3855  0.4973
Y  0.3823  0.9170  0.1135
Z -0.4998  0.1020  0.8601

PART 7
OFFSET  12.0107  1.3160 -5.5753
X  0.7772 -0.3855  0.4973
Y  0.3823  0.9170  0.1135
Z -0.4998  0.1020  0.8601

PART 8
OFFSET  11.3239  0.1590 -5.6092
X  0.7772 -0.3855  0.4973
Y  0.3823  0.9170  0.1135
Z -0.4998  0.1020  0.8601

PART 9
OFFSET  11.2875 -0.3357 -6.6999
X  0.7772 -0.3855  0.4973
Y  0.3823  0.9170  0.1135
Z -0.4998  0.1020  0.8601

PART 10
OFFSET  13.3548  0.0164 -6.3697
X  0.9595 -0.2292  0.1638
Y -0.0148  0.5395  0.8418
Z -0.2813 -0.8101  0.5143

PART 11
OFFSET  13.6566  0.1013 -5.2725
X  0.7063 -0.0696  0.7045
Y -0.3400  0.8396  0.4237
Z -0.6210 -0.5388  0.5693

PART 12
OFFSET  15.1122  0.0050 -3.6782
X  0.9402 -0.2300  0.2511
Y -0.0708  0.5891  0.8049
Z -0.3330 -0.7746  0.5376

PART 13
OFFSET  16.5970 -0.4882 -3.2607
X  0.8015 -0.0745  0.5933
Y -0.3362  0.7644  0.5502
Z -0.4945 -0.6404  0.5877

PART 14
OFFSET  17.4354 -0.5851 -2.5828
X  0.8401  0.5139  0.1738
Y  0.0134  0.3007 -0.9536
Z -0.5423  0.8034  0.2457

PART 15
OFFSET  14.1257 -0.9191 -7.0286
X  0.7979 -0.5666 -0.2055
Y -0.3928 -0.7475  0.5358
Z -0.4572 -0.3468 -0.8190

PART 16
OFFSET  15.9369 -2.2334 -7.3054
X  0.2617 -0.7108  0.6529
Y -0.7028  0.3233  0.6337
Z -0.6615 -0.6247 -0.4149

PART 17
OFFSET  16.3075 -3.2396 -6.3810
X  0.0518 -0.5673  0.8218
Y -0.7723  0.4990  0.3932
Z -0.6332 -0.6551 -0.4123

PART 18
OFFSET  16.3534 -3.7427 -5.6523
X -0.1315 -0.4251  0.8955
Y -0.7177  0.6640  0.2098
Z -0.6838 -0.6152 -0.3925

PART 19
OFFSET  16.2285 -4.1465 -4.8016
X  0.6501 -0.0027 -0.7599
Y -0.5436  0.6971 -0.4675
Z  0.5310  0.7170  0.4517

PART 20
OFFSET  14.3661 -0.4978 -6.5049
X  0.9160 -0.3887 -0.0996
Y -0.3000 -0.8282  0.4734
Z -0.2665 -0.4037 -0.8752

PART 21
OFFSET  16.6655 -1.6858 -6.7506
X  0.3431 -0.8636  0.3693
Y -0.6865  0.0378  0.7261
Z -0.6410 -0.5027 -0.5800

PART 22
OFFSET  17.2496 -3.1561 -6.1218
X -0.1319 -0.6566  0.7426
Y -0.7696  0.5400  0.3408
Z -0.6247 -0.5266 -0.5766

PART 23
OFFSET  17.0669 -4.0662 -5.0927
X -0.2865 -0.5388  0.7922
Y -0.7264  0.6613  0.1870
Z -0.6247 -0.5219 -0.5809

PART 24
OFFSET  16.7561 -4.6505 -4.2335
X  0.6190  0.0380 -0.7845
Y -0.4034  0.8724 -0.2760
Z  0.6739  0.4873  0.5553

PART 25
OFFSET  16.1383 -0.2679 -4.2526
X  0.8274 -0.5453  0.1343
Y  0.5472  0.7290 -0.4112
Z  0.1263  0.4137  0.9016

PART 26
OFFSET  17.1869 -0.1689 -5.2878
X  0.7387 -0.6696 -0.0774
Y -0.4971 -0.6187  0.6083
Z -0.4552 -0.4109 -0.7899

PART 27
OFFSET  18.4875 -1.3478 -5.4240
X  0.2769 -0.9355  0.2196
Y -0.8514 -0.1329  0.5074
Z -0.4455 -0.3275 -0.8332

PART 28
OFFSET  18.8512 -2.4651 -5.1064
X -0.1001 -0.8458  0.5241
Y -0.8990  0.3025  0.3166
Z -0.4263 -0.4395 -0.7906

PART 29
OFFSET  18.7381 -3.4204 -4.5144
X  0.7243 -0.1214 -0.6788
Y -0.1173  0.9483 -0.2948
Z  0.6795  0.2931  0.6726

PART 30
OFFSET  17.0501 -0.8751 -6.1263
X  0.5177 -0.8192  0.2467
Y -0.6840 -0.2231  0.6945
Z -0.5139 -0.5283 -0.6758

PART 31
OFFSET  18.0615 -2.4755 -5.6443
X -0.0481 -0.7752  0.6298
Y -0.8322  0.3798  0.4040
Z -0.5524 -0.5047 -0.6634

PART 32
OFFSET  17.9913 -3.6078 -4.7244
X -0.3717 -0.5700  0.7328
Y -0.7183  0.6766  0.1619
Z -0.5881 -0.4662 -0.6609

PART 33
OFFSET  17.5666 -4.2571 -3.8992
X  0.7814  0.0347 -0.6230
Y -0.3535  0.8474 -0.3961
Z  0.5142  0.5297  0.6745

PART 34
OFFSET  15.5354 -2.1305 -5.5956
X -0.3269 -0.4230 -0.8451
Y  0.2813  0.8101 -0.5143
Z  0.9022 -0.4059 -0.1458

PART 35
OFFSET  12.9413  1.3895 -7.9970
X  0.7772 -0.3855  0.4973
Y  0.3823  0.9170  0.1135
Z -0.4998  0.1020  0.8601

PART 36
OFFSET  12.1334  0.0270 -8.5667
X  0.7772 -0.3855  0.4973
Y  0.3823  0.9170  0.1135
Z -0.4998  0.1020  0.8601

PART 37
OFFSET  12.0107  1.3160 -5.5753
X  0.7772 -0.3855  0.4973
Y  0.3823  0.9170  0.1135
Z -0.4998  0.1020  0.8601

PART 38
OFFSET  11.3239  0.1590 -5.6092
X  0.7772 -0.3855  0.4973
Y  0.3823  0.9170  0.1135
Z -0.4998  0.1020  0.8601

PART 39
OFFSET  11.2875 -0.3357 -6.6999
X  0.7772 -0.3855  0.4973
Y  0.3823  0.9170  0.1135
Z -0.4998  0.1020  0.8601

PART 40
OFFSET  7.8112 -2.6663 -4.6363
X  0.9996 -0.0152  0.0244
Y  0.0136  0.9978  0.0651
Z -0.0253 -0.0648  0.9976

PART 41
OFFSET  7.8112 -2.6663 -4.6363
X  0.9996 -0.0152  0.0244
Y  0.0136  0.9978  0.0651
Z -0.0253 -0.0648  0.9976

PART 42
OFFSET  14.3491 -3.7366 -2.4495
X  0.9996 -0.0152  0.0244
Y  0.0136  0.9978  0.0651
Z -0.0253 -0.0648  0.9976

PART 43
OFFSET  12.0144 -2.7334 -4.2541
X  0.9996 -0.0152  0.0244
Y  0.0136  0.9978  0.0651
Z -0.0253 -0.0648  0.9976

PART 44
OFFSET -13.9227 -7.9373 -3.1869
X -0.6120  0.0112  0.7908
Y -0.1563 -0.9819 -0.1071
Z  0.7753 -0.1891  0.6027

PART 45
OFFSET -6.5211 -8.0728 -12.7504
X -0.8225 -0.3332 -0.4609
Y  0.5054 -0.0568 -0.8610
Z  0.2607 -0.9412  0.2151

PART 46
OFFSET  0.4749 -5.2389 -8.8304
X -0.8225 -0.3332 -0.4609
Y  0.5236 -0.1273 -0.8424
Z  0.2220 -0.9342  0.2792

PART 47
OFFSET  0.9857 -3.6404 -7.7770
X -0.8263 -0.3302 -0.4563
Y -0.2656  0.9428 -0.2014
Z  0.4967 -0.0452 -0.8667

PART 48
OFFSET  0.9748 -4.0288 -6.6435
X -0.8263 -0.3302 -0.4563
Y -0.2656  0.9428 -0.2014
Z  0.4967 -0.0452 -0.8667

PART 49
OFFSET  1.5110 -5.2545 -6.4984
X -0.8263 -0.3302 -0.4563
Y -0.2656  0.9428 -0.2014
Z  0.4967 -0.0452 -0.8667

PART 50
OFFSET  2.9966 -4.2175 -7.4174
X -0.9495 -0.1100 -0.2940
Y  0.3063 -0.1204 -0.9443
Z  0.0685 -0.9866  0.1480

PART 51
OFFSET  3.1000 -3.6467 -6.4347
X -0.4939 -0.6343 -0.5947
Y  0.6008  0.2455 -0.7608
Z  0.6285 -0.7331  0.2598

PART 52
OFFSET  4.0710 -2.2617 -5.0898
X -0.9136 -0.3502  0.2068
Y -0.0452 -0.4179 -0.9074
Z  0.4041 -0.8383  0.3659

PART 53
OFFSET  5.4978 -1.6275 -5.5188
X -0.5551 -0.0680  0.8290
Y -0.6530 -0.5818 -0.4849
Z  0.5153 -0.8105  0.2785

PART 54
OFFSET  6.0856 -1.5070 -6.4198
X -0.8753  0.3505  0.3331
Y  0.1245  0.8290 -0.5452
Z -0.4673 -0.4357 -0.7693

PART 55
OFFSET  4.1142 -4.0539 -8.2097
X -0.9430 -0.2719  0.1919
Y  0.3032 -0.9396  0.1588
Z  0.1371  0.2079  0.9685

PART 56
OFFSET  6.2158 -3.2975 -8.5192
X -0.1215 -0.9926  0.0006
Y  0.9525 -0.1168 -0.2813
Z  0.2793 -0.0336  0.9596

PART 57
OFFSET  6.3879 -1.8922 -8.5201
X  0.7678 -0.5908 -0.2478
Y  0.5901  0.8028 -0.0855
Z  0.2495 -0.0806  0.9650

PART 58
OFFSET  5.7071 -1.3684 -8.3004
X  0.9157  0.3051 -0.2617
Y -0.2870  0.9521  0.1056
Z  0.2813 -0.0216  0.9594

PART 59
OFFSET  4.8372 -1.6583 -8.0518
X -0.5609 -0.8279 -0.0049
Y -0.7704  0.5197  0.3693
Z -0.3032  0.2109 -0.9293

PART 60
OFFSET  4.1290 -4.0875 -7.4968
X -0.9729 -0.2312 -0.0008
Y  0.2267 -0.9550  0.1913
Z -0.0450  0.1859  0.9815

PART 61
OFFSET  6.6658 -3.5363 -7.6363
X -0.1506 -0.9818  0.1157
Y  0.9449 -0.1774 -0.2752
Z  0.2907  0.0678  0.9544

PART 62
OFFSET  6.9222 -1.8647 -7.8332
X  0.8812 -0.4088 -0.2375
Y  0.3820  0.9116 -0.1521
Z  0.2786  0.0433  0.9594

PART 63
OFFSET  5.7009 -1.2981 -7.5042
X  0.8442  0.4676 -0.2620
Y -0.4613  0.8828  0.0893
Z  0.2730  0.0454  0.9609

PART 64
OFFSET  4.7853 -1.8053 -7.2200
X -0.4148 -0.8852  0.2109
Y -0.8730  0.4524  0.1819
Z -0.2565 -0.1086 -0.9604

PART 65
OFFSET -1.1773 -5.1023 -7.7631
X -0.9335 -0.3546 -0.0528
Y -0.3294  0.9066 -0.2638
Z  0.1414 -0.2289 -0.9631

PART 66
OFFSET  6.4906 -4.0647 -5.5048
X -0.9815 -0.1751 -0.0770
Y  0.1705 -0.9833  0.0637
Z -0.0869  0.0494  0.9950

PART 67
OFFSET  8.2188 -3.7564 -5.3692
X -0.9760 -0.2066 -0.0687
Y  0.1975 -0.9730  0.1196
Z -0.0915  0.1031  0.9904

PART 68
OFFSET  9.3997 -3.4990 -5.2255
X -0.9663 -0.2181 -0.1371
Y  0.2055 -0.9735  0.1003
Z -0.1553  0.0687  0.9855

PART 69
OFFSET  10.4911 -3.2526 -5.0707
X  0.0853  0.9691  0.2313
Y  0.9952 -0.0942  0.0277
Z  0.0486  0.2278 -0.9725

PART 70
OFFSET  6.7094 -4.0301 -6.5871
X -0.2808 -0.9485  0.1468
Y  0.9544 -0.2921 -0.0612
Z  0.1009  0.1229  0.9873

PART 71
OFFSET  7.2580 -2.1772 -6.8739
X  0.8209 -0.5709 -0.0171
Y  0.5565  0.8063 -0.2006
Z  0.1283  0.1551  0.9795

PART 72
OFFSET  6.0590 -1.3434 -6.8489
X  0.8965  0.3895 -0.2110
Y -0.4218  0.8962 -0.1375
Z  0.1355  0.2123  0.9678

PART 73
OFFSET  5.0424 -1.7854 -6.6169
X -0.4267 -0.8847  0.1878
Y -0.8872  0.4497  0.1026
Z -0.1752 -0.1228 -0.9768

PART 74
OFFSET  0.9856 -3.6404 -7.7770
X -0.8263 -0.3302 -0.4563
Y -0.2656  0.9428 -0.2014
Z  0.4967 -0.0452 -0.8667

PART 75
OFFSET  0.9747 -4.0286 -6.6435
X -0.8263 -0.3302 -0.4563
Y -0.2656  0.9428 -0.2014
Z  0.4967 -0.0452 -0.8667

PART 76
OFFSET  1.5110 -5.2545 -6.4985
X -0.8263 -0.3302 -0.4563
Y -0.2656  0.9428 -0.2014
Z  0.4967 -0.0452 -0.8667

PART 77
OFFSET  0.0000 -0.0000 -0.0000
X  1.0000 -0.0000  0.0000
Y  0.0000  1.0000  0.0000
Z  0.0000 -0.0000  1.0000

PART 78
OFFSET -0.0000 -0.0000 -0.0000
X  1.0000 -0.0034 -0.0011
Y  0.0034  1.0000 -0.0025
Z  0.0011  0.0024  1.0000

PART 79
OFFSET  1.5451  0.0049  4.1340
X  1.0000 -0.0034 -0.0011
Y  0.0034  1.0000 -0.0025
Z  0.0011  0.0024  1.0000


FRAME 5003
PART 0
OFFSET  0.0000 -0.0000 -0.0000
X  1.0000 -0.0000  0.0000
Y  0.0000  1.0000  0.0000
Z  0.0000 -0.0000  1.0000

PART 1
OFFSET -4.6318 -0.0000 -1.3770
X  1.0000 -0.0000  0.0000
Y  0.0000  1.0000  0.0000
Z  0.0000 -0.0000  1.0000

PART 2
OFFSET -3.0622  6.9696 -2.8502
X  0.5352 -0.1590 -0.8296
Y  0.0673 -0.9710  0.2296
Z -0.8420 -0.1787 -0.5090

PART 3
OFFSET  3.4108  5.0462 -12.8832
X  0.7748 -0.3459  0.5292
Y -0.5117  0.1485  0.8462
Z -0.3713 -0.9265 -0.0619

PART 4
OFFSET  10.0008  2.1043 -8.3822
X  0.7748 -0.3459  0.5292
Y -0.3974  0.3846  0.8332
Z -0.4917 -0.8558  0.1605

PART 5
OFFSET  12.1724  2.9607 -8.0274
X  0.7789 -0.3442  0.5243
Y  0.3764  0.9252  0.0483
Z -0.5017  0.1598  0.8502

PART 6
OFFSET  11.1579  0.8905 -8.9532
X  0.7789 -0.3442  0.5243
Y  0.3764  0.9252  0.0483
Z -0.5017  0.1598  0.8502

PART 7
OFFSET  11.0227  2.3884 -6.0613
X  0.7789 -0.3442  0.5243
Y  0.3764  0.9252  0.0483
Z -0.5017  0.1598  0.8502

PART 8
OFFSET  10.3433  1.2275 -6.0134
X  0.7789 -0.3442  0.5243
Y  0.3764  0.9252  0.0483
Z -0.5017  0.1598  0.8502

PART 9
OFFSET  10.3115  0.6562 -7.0661
X  0.7789 -0.3442  0.5243
Y  0.3764  0.9252  0.0483
Z -0.5017  0.1598  0.8502

PART 10
OFFSET  12.3761  1.0440 -6.7598
X  0.9474 -0.2343  0.2180
Y -0.1212  0.3679  0.9220
Z -0.2962 -0.8999  0.3201

PART 11
OFFSET  12.5637  0.9241 -5.6406
X  0.4248 -0.2383  0.8734
Y -0.5642  0.6848  0.4613
Z -0.7079 -0.6887  0.1565

PART 12
OFFSET  13.3847  0.4399 -3.7012
X  0.8321 -0.2794  0.4791
Y -0.3840  0.3331  0.8611
Z -0.4002 -0.9006  0.1699

PART 13
OFFSET  14.7061 -0.1318 -2.9600
X  0.6116 -0.2067  0.7637
Y -0.5648  0.5618  0.6044
Z -0.5540 -0.8010  0.2269

PART 14
OFFSET  15.3326 -0.3824 -2.1136
X  0.6909  0.4777  0.5426
Y  0.2366  0.5597 -0.7942
Z -0.6831  0.6771  0.2737

PART 15
OFFSET  13.2477  0.2700 -7.4978
X  0.8404 -0.4672 -0.2746
Y -0.3608 -0.8605  0.3596
Z -0.4043 -0.2031 -0.8918

PART 16
OFFSET  15.1507 -0.8556 -7.9409
X  0.6267 -0.7568  0.1860
Y -0.5413 -0.2510  0.8025
Z -0.5606 -0.6035 -0.5670

PART 17
OFFSET  16.0379 -1.9270 -7.6776
X  0.4965 -0.7750  0.3908
Y -0.6944 -0.0845  0.7146
Z -0.5208 -0.6262 -0.5802

PART 18
OFFSET  16.4781 -2.6142 -7.3310
X  0.3597 -0.7749  0.5198
Y -0.7383  0.1042  0.6663
Z -0.5705 -0.6235 -0.5346

PART 19
OFFSET  16.8199 -3.3503 -6.8372
X  0.2709  0.6174 -0.7386
Y -0.8610  0.4985  0.1010
Z  0.4305  0.6085  0.6666

PART 20
OFFSET  13.4169  0.5886 -6.8818
X  0.9370 -0.3413 -0.0737
Y -0.3099 -0.9102  0.2748
Z -0.1609 -0.2347 -0.9587

PART 21
OFFSET  15.7975 -0.4194 -7.1556
X  0.6828 -0.7297  0.0363
Y -0.5558 -0.4866  0.6741
Z -0.4742 -0.4804 -0.7378

PART 22
OFFSET  16.9601 -1.6617 -7.0939
X  0.4215 -0.8514  0.3122
Y -0.7873 -0.1727  0.5918
Z -0.4500 -0.4953 -0.7431

PART 23
OFFSET  17.5442 -2.8416 -6.6612
X  0.3804 -0.8618  0.3356
Y -0.8060 -0.1310  0.5772
Z -0.4534 -0.4901 -0.7444

PART 24
OFFSET  17.9568 -3.7762 -6.2972
X  0.1265  0.7568 -0.6413
Y -0.8581  0.4078  0.3120
Z  0.4976  0.5109  0.7010

PART 25
OFFSET  14.9455  0.4235 -4.4523
X  0.8325 -0.5418  0.1158
Y  0.5537  0.8066 -0.2067
Z  0.0185  0.2362  0.9715

PART 26
OFFSET  16.0864  0.7430 -5.3339
X  0.9016 -0.4158 -0.1193
Y -0.3398 -0.8514  0.3996
Z -0.2677 -0.3197 -0.9089

PART 27
OFFSET  17.6738  0.0109 -5.5440
X  0.6735 -0.7388 -0.0214
Y -0.6811 -0.6317  0.3703
Z -0.2871 -0.2348 -0.9287

PART 28
OFFSET  18.5100 -0.8730 -5.5136
X  0.5135 -0.8383  0.1832
Y -0.8298 -0.4309  0.3546
Z -0.2183 -0.3341 -0.9169

PART 29
OFFSET  19.0901 -1.8199 -5.3067
X  0.5205  0.5679 -0.6376
Y -0.7041  0.7079  0.0556
Z  0.4829  0.4200  0.7683

PART 30
OFFSET  16.0637  0.2075 -6.2999
X  0.7804 -0.6250  0.0215
Y -0.5084 -0.6141  0.6037
Z -0.3641 -0.4820 -0.7969

PART 31
OFFSET  17.5882 -1.0134 -6.2579
X  0.4739 -0.8402  0.2635
Y -0.7807 -0.2624  0.5672
Z -0.4074 -0.4745 -0.7803

PART 32
OFFSET  18.2803 -2.2407 -5.8730
X  0.3149 -0.8825  0.3494
Y -0.8331 -0.0806  0.5473
Z -0.4548 -0.4634 -0.7606

PART 33
OFFSET  18.6343 -3.2434 -5.4831
X  0.3197  0.7578 -0.5688
Y -0.8718  0.4704  0.1367
Z  0.3711  0.4522  0.8110

PART 34
OFFSET  14.5586 -1.1608 -6.1777
X -0.2231 -0.2607 -0.9393
Y  0.2962  0.8999 -0.3201
Z  0.9287 -0.3496 -0.1236

PART 35
OFFSET  11.9564  2.2952 -8.4811
X  0.7789 -0.3442  0.5243
Y  0.3764  0.9252  0.0483
Z -0.5017  0.1598  0.8502

PART 36
OFFSET  11.1579  0.8905 -8.9532
X  0.7789 -0.3442  0.5243
Y  0.3764  0.9252  0.0483
Z -0.5017  0.1598  0.8502

PART 37
OFFSET  11.0227  2.3884 -6.0613
X  0.7789 -0.3442  0.5243
Y  0.3764  0.9252  0.0483
Z -0.5017  0.1598  0.8502

PART 38
OFFSET  10.3433  1.2275 -6.0134
X  0.7789 -0.3442  0.5243
Y  0.3764  0.9252  0.0483
Z -0.5017  0.1598  0.8502

PART 39
OFFSET  10.3115  0.6562 -7.0661
X  0.7789 -0.3442  0.5243
Y  0.3764  0.9252  0.0483
Z -0.5017  0.1598  0.8502

PART 40
OFFSET  7.8607 -2.6948 -4.4560
X  0.9982 -0.0313  0.0502
Y  0.0243  0.9906  0.1346
Z -0.0540 -0.1331  0.9896

PART 41
OFFSET  7.8607 -2.6948 -4.4560
X  0.9982 -0.0313  0.0502
Y  0.0243  0.9906  0.1346
Z -0.0540 -0.1331  0.9896

PART 42
OFFSET  14.3209 -4.0082 -2.1734
X  0.9982 -0.0313  0.0502
Y  0.0243  0.9906  0.1346
Z -0.0540 -0.1331  0.9896

PART 43
OFFSET  12.0503 -2.8490 -3.9662
X  0.9982 -0.0313  0.0502
Y  0.0243  0.9906  0.1346
Z -0.0540 -0.1331  0.9896

PART 44
OFFSET -13.9227 -7.9373 -3.1869
X -0.6208  0.0054  0.7840
Y -0.1392 -0.9848 -0.1034
Z  0.7715 -0.1734  0.6121

PART 45
OFFSET -6.4150 -8.0029 -12.6681
X -0.8229 -0.3476 -0.4495
Y  0.4981 -0.0606 -0.8650
Z  0.2735 -0.9357  0.2230

PART 46
OFFSET  0.5837 -5.0461 -8.8449
X -0.8229 -0.3476 -0.4495
Y  0.5050 -0.0846 -0.8590
Z  0.2606 -0.9338  0.2452

PART 47
OFFSET  1.0857 -3.4302 -7.8141
X -0.8266 -0.3447 -0.4449
Y -0.2783  0.9374 -0.2093
Z  0.4892 -0.0492 -0.8708

PART 48
OFFSET  1.0897 -3.8061 -6.6763
X -0.8266 -0.3447 -0.4449
Y -0.2783  0.9374 -0.2093
Z  0.4892 -0.0492 -0.8708

PART 49
OFFSET  1.6412 -5.0239 -6.5226
X -0.8266 -0.3447 -0.4449
Y -0.2783  0.9374 -0.2093
Z  0.4892 -0.0492 -0.8708

PART 50
OFFSET  3.1063 -3.9803 -7.4669
X -0.9422 -0.0757 -0.3264
Y  0.3310 -0.0593 -0.9418
Z  0.0519 -0.9954  0.0809

PART 51
OFFSET  3.1894 -3.4803 -6.4445
X -0.4851 -0.5845 -0.6504
Y  0.6249  0.2887 -0.7254
Z  0.6117 -0.7583  0.2252

PART 52
OFFSET  4.1399 -2.2057 -4.9810
X -0.9233 -0.3503  0.1573
Y -0.0252 -0.3535 -0.9351
Z  0.3832 -0.8673  0.3176

PART 53
OFFSET  5.5860 -1.5641 -5.3263
X -0.5788 -0.1170  0.8070
Y -0.6465 -0.5374 -0.5416
Z  0.4971 -0.8352  0.2354

PART 54
OFFSET  6.2002 -1.3902 -6.2006
X -0.8798  0.3393  0.3329
Y  0.1501  0.8628 -0.4827
Z -0.4511 -0.3747 -0.8100

PART 55
OFFSET  4.2476 -3.7787 -8.2155
X -0.9513 -0.2708  0.1470
Y  0.2868 -0.9526  0.1013
Z  0.1126  0.1386  0.9839

PART 56
OFFSET  6.3663 -3.0332 -8.4150
X -0.1340 -0.9884 -0.0716
Y  0.9584 -0.1109 -0.2630
Z  0.2520 -0.1038  0.9621

PART 57
OFFSET  6.5561 -1.6339 -8.3137
X  0.7669 -0.5834 -0.2675
Y  0.6023  0.7981 -0.0136
Z  0.2214 -0.1507  0.9635

PART 58
OFFSET  5.8761 -1.1167 -8.0765
X  0.9264  0.3091 -0.2151
Y -0.2779  0.9466  0.1636
Z  0.2542 -0.0918  0.9628

PART 59
OFFSET  4.9960 -1.4103 -7.8722
X -0.5709 -0.8174 -0.0774
Y -0.7738  0.5041  0.3836
Z -0.2745  0.2789 -0.9202

PART 60
OFFSET  4.2421 -3.8616 -7.5065
X -0.9753 -0.2164 -0.0431
Y  0.2093 -0.9691  0.1305
Z -0.0700  0.1183  0.9905

PART 61
OFFSET  6.7885 -3.3388 -7.5389
X -0.1661 -0.9852  0.0431
Y  0.9499 -0.1716 -0.2613
Z  0.2648 -0.0024  0.9643

PART 62
OFFSET  7.0713 -1.6616 -7.6124
X  0.8822 -0.4042 -0.2414
Y  0.3975  0.9143 -0.0781
Z  0.2523 -0.0271  0.9673

PART 63
OFFSET  5.8486 -1.1014 -7.2778
X  0.8570  0.4723 -0.2060
Y -0.4524  0.8811  0.1379
Z  0.2466 -0.0250  0.9688

PART 64
OFFSET  4.9191 -1.6137 -7.0543
X -0.4316 -0.8915  0.1377
Y -0.8720  0.4514  0.1893
Z -0.2309 -0.0383 -0.9722

PART 65
OFFSET -1.0671 -4.7786 -7.9855
X -0.9361 -0.3365 -0.1024
Y -0.3105  0.9273 -0.2090
Z  0.1653 -0.1639 -0.9725

PART 66
OFFSET  6.5473 -4.0107 -5.4547
X -0.9811 -0.1552 -0.1154
Y  0.1562 -0.9877 -0.0002
Z -0.1140 -0.0182  0.9933

PART 67
OFFSET  8.2747 -3.7375 -5.2515
X -0.9762 -0.1872 -0.1091
Y  0.1819 -0.9817  0.0570
Z -0.1178  0.0358  0.9924

PART 68
OFFSET  9.4544 -3.5077 -5.0586
X -0.9647 -0.1941 -0.1779
Y  0.1904 -0.9810  0.0380
Z -0.1819  0.0028  0.9833

PART 69
OFFSET  10.5440 -3.2885 -4.8576
X  0.0910  0.9495  0.3002
Y  0.9927 -0.1103  0.0479
Z  0.0786  0.2937 -0.9527

PART 70
OFFSET  6.7966 -3.9045 -6.5258
X -0.2967 -0.9522  0.0730
Y  0.9520 -0.3009 -0.0556
Z  0.0749  0.0530  0.9958

PART 71
OFFSET  7.3763 -2.0444 -6.6683
X  0.8138 -0.5802 -0.0346
Y  0.5720  0.8100 -0.1290
Z  0.1029  0.0852  0.9910

PART 72
OFFSET  6.1877 -1.1970 -6.6178
X  0.9069  0.3901 -0.1592
Y -0.4064  0.9096 -0.0863
Z  0.1111  0.1430  0.9835

PART 73
OFFSET  5.1595 -1.6392 -6.4446
X -0.4429 -0.8893  0.1143
Y -0.8840  0.4544  0.1096
Z -0.1494 -0.0525 -0.9874

PART 74
OFFSET  1.0856 -3.4302 -7.8140
X -0.8266 -0.3447 -0.4449
Y -0.2783  0.9374 -0.2093
Z  0.4892 -0.0492 -0.8708

PART 75
OFFSET  1.0895 -3.8059 -6.6762
X -0.8266 -0.3447 -0.4449
Y -0.2783  0.9374 -0.2093
Z  0.4892 -0.0492 -0.8708

PART 76
OFFSET  1.6413 -5.0239 -6.5227
X -0.8266 -0.3447 -0.4449
Y -0.2783  0.9374 -0.2093
Z  0.4892 -0.0492 -0.8708

PART 77
OFFSET  0.0000 -0.0000 -0.0000
X  1.0000 -0.0000  0.0000
