// Export filename: `C:\projects\cod\t5\xanim_export\t5_viewmodels\ak74u\ak74u_grenadier_putaway_quick.XANIM_EXPORT`
// Source filename: `D:\projects\devanim\t5\animation_assets\viewmodels\ak74u/t5_viewmodel_ak74u_animated2.fbx`
// Export time: Fri Aug 27 22:27:09 2010

ANIMATION
VERSION 3

NUMPARTS 80
PART 0 "tag_ads"
PART 1 "tag_torso"
PART 2 "J_Shoulder_LE"
PART 3 "J_Elbow_LE"
PART 4 "J_WristTwist_LE"
PART 5 "J_Sleave_Reshape_Bottom_LE_1"
PART 6 "J_Sleave_Reshape_Bottom_LE_2"
PART 7 "J_Sleave_Reshape_Top_LE_1"
PART 8 "J_Sleave_Reshape_Top_LE_2"
PART 9 "J_Sleave_Reshape_Top_LE_3"
PART 10 "J_Wrist_LE"
PART 11 "J_Thumb_LE_0"
PART 12 "J_Thumb_LE_1"
PART 13 "J_Thumb_LE_2"
PART 14 "J_Thumb_LE_3"
PART 15 "J_PinkyPalm_LE"
PART 16 "J_Pinky_LE_0"
PART 17 "J_Pinky_LE_1"
PART 18 "J_Pinky_LE_2"
PART 19 "J_Pinky_LE_3"
PART 20 "J_RingPalm_LE"
PART 21 "J_Ring_LE_0"
PART 22 "J_Ring_LE_1"
PART 23 "J_Ring_LE_2"
PART 24 "J_Ring_LE_3"
PART 25 "J_Webbing_LE"
PART 26 "J_Index_LE_0"
PART 27 "J_Index_LE_1"
PART 28 "J_Index_LE_2"
PART 29 "J_Index_LE_3"
PART 30 "J_Mid_LE_0"
PART 31 "J_Mid_LE_1"
PART 32 "J_Mid_LE_2"
PART 33 "J_Mid_LE_3"
PART 34 "tag_knife_attach"
PART 35 "D_Sleave_Reshape_Bottom_LE_1"
PART 36 "D_Sleave_Reshape_Bottom_LE_2"
PART 37 "D_Sleave_Reshape_Top_LE_1"
PART 38 "D_Sleave_Reshape_Top_LE_2"
PART 39 "D_Sleave_Reshape_Top_LE_3"
PART 40 "tag_weapon"
PART 41 "J_Gun"
PART 42 "TAG_CLIP"
PART 43 "J_Bolt"
PART 44 "J_Shoulder_RI"
PART 45 "J_Elbow_RI"
PART 46 "J_WristTwist_RI"
PART 47 "J_Sleave_Reshape_Top_RI_3"
PART 48 "J_Sleave_Reshape_Top_RI_2"
PART 49 "J_Sleave_Reshape_Top_RI_1"
PART 50 "J_Wrist_RI"
PART 51 "J_Thumb_RI_0"
PART 52 "J_Thumb_RI_1"
PART 53 "J_Thumb_RI_2"
PART 54 "J_Thumb_RI_3"
PART 55 "J_PinkyPalm_RI"
PART 56 "J_Pinky_RI_0"
PART 57 "J_Pinky_RI_1"
PART 58 "J_Pinky_RI_2"
PART 59 "J_Pinky_RI_3"
PART 60 "J_RingPalm_RI"
PART 61 "J_Ring_RI_0"
PART 62 "J_Ring_RI_1"
PART 63 "J_Ring_RI_2"
PART 64 "J_Ring_RI_3"
PART 65 "J_Webbing_RI"
PART 66 "J_Index_RI_0"
PART 67 "J_Index_RI_1"
PART 68 "J_Index_RI_2"
PART 69 "J_Index_RI_3"
PART 70 "J_Mid_RI_0"
PART 71 "J_Mid_RI_1"
PART 72 "J_Mid_RI_2"
PART 73 "J_Mid_RI_3"
PART 74 "D_Sleave_Reshape_Top_RI_3"
PART 75 "D_Sleave_Reshape_Top_RI_2"
PART 76 "D_Sleave_Reshape_Top_RI_1"
PART 77 "tag_cambone"
PART 78 "tag_camera"
PART 79 "tag_gasmask"

FRAMERATE 30
NUMFRAMES 11

FRAME 1500
PART 0
OFFSET  0.0000 -0.0000 -0.0000
X  1.0000 -0.0000  0.0000
Y  0.0000  1.0000  0.0000
Z  0.0000 -0.0000  1.0000

PART 1
OFFSET -4.6318 -0.0000 -1.3770
X  1.0000 -0.0000  0.0000
Y  0.0000  1.0000  0.0000
Z  0.0000 -0.0000  1.0000

PART 2
OFFSET  0.3425  8.0297 -9.9517
X  0.8134 -0.3247 -0.4827
Y -0.1524 -0.9197  0.3617
Z -0.5614 -0.2207 -0.7976

PART 3
OFFSET  10.1798  4.1033 -15.7889
X  0.7973 -0.4144  0.4388
Y -0.4360  0.1071  0.8935
Z -0.4173 -0.9038 -0.0953

PART 4
OFFSET  16.9615  0.5784 -12.0571
X  0.7973 -0.4144  0.4388
Y -0.4913 -0.0235  0.8707
Z -0.3505 -0.9098 -0.2223

PART 5
OFFSET  19.1915  1.3184 -11.8229
X  0.8011 -0.4126  0.4337
Y  0.4212  0.9033  0.0812
Z -0.4253  0.1176  0.8974

PART 6
OFFSET  18.0128 -0.6364 -12.8037
X  0.8011 -0.4126  0.4337
Y  0.4212  0.9033  0.0812
Z -0.4253  0.1176  0.8974

PART 7
OFFSET  18.1751  0.6514 -9.8136
X  0.8011 -0.4126  0.4337
Y  0.4212  0.9033  0.0812
Z -0.4253  0.1176  0.8974

PART 8
OFFSET  17.4488 -0.4815 -9.7907
X  0.8011 -0.4126  0.4337
Y  0.4212  0.9033  0.0812
Z -0.4253  0.1176  0.8974

PART 9
OFFSET  17.3079 -0.9730 -10.8744
X  0.8011 -0.4126  0.4337
Y  0.4212  0.9033  0.0812
Z -0.4253  0.1176  0.8974

PART 10
OFFSET  19.4058 -0.6921 -10.7120
X  0.6564 -0.3299  0.6784
Y -0.6912  0.0974  0.7161
Z -0.3023 -0.9390 -0.1641

PART 11
OFFSET  18.9100 -1.1321 -9.7831
X -0.3038 -0.7383  0.6022
Y -0.7611  0.5682  0.3127
Z -0.5730 -0.3633 -0.7346

PART 12
OFFSET  18.1465 -2.6888 -8.4934
X  0.6743 -0.7178  0.1735
Y -0.6368 -0.4463  0.6287
Z -0.3738 -0.5344 -0.7581

PART 13
OFFSET  19.2312 -3.8808 -8.3357
X  0.8466 -0.0742 -0.5270
Y  0.1902 -0.8827  0.4298
Z -0.4971 -0.4641 -0.7332

PART 14
OFFSET  20.1272 -3.9972 -8.9319
X  0.9834  0.0615  0.1705
Y -0.1682  0.6595  0.7326
Z -0.0674 -0.7492  0.6589

PART 15
OFFSET  20.6403 -1.2653 -10.9379
X  0.9198 -0.3664  0.1404
Y -0.3301 -0.9160 -0.2282
Z  0.2122  0.1635 -0.9634

PART 16
OFFSET  22.6355 -2.2247 -10.5101
X -0.4651 -0.8746  0.1372
Y -0.8559  0.4047 -0.3219
Z  0.2260 -0.2671 -0.9368

PART 17
OFFSET  21.9771 -3.4629 -10.3159
X -0.9741  0.1456 -0.1730
Y  0.1955  0.9267 -0.3209
Z  0.1136 -0.3465 -0.9312

PART 18
OFFSET  21.1134 -3.3339 -10.4693
X -0.9845  0.0697 -0.1612
Y  0.1121  0.9559 -0.2713
Z  0.1352 -0.2852 -0.9489

PART 19
OFFSET  20.1781 -3.2676 -10.6224
X  0.6631 -0.6122  0.4308
Y  0.7352  0.6408 -0.2210
Z -0.1408  0.4633  0.8750

PART 20
OFFSET  20.3676 -1.1421 -10.2899
X  0.8351 -0.3495  0.4247
Y -0.2851 -0.9354 -0.2092
Z  0.4704  0.0537 -0.8808

PART 21
OFFSET  22.6112 -2.0206 -9.3138
X -0.3024 -0.9530 -0.0182
Y -0.9010  0.2920 -0.3209
Z  0.3111 -0.0806 -0.9470

PART 22
OFFSET  22.0964 -3.6431 -9.3448
X -0.9443  0.0804 -0.3192
Y  0.1105  0.9909 -0.0775
Z  0.3101 -0.1084 -0.9445

PART 23
OFFSET  20.7877 -3.5317 -9.7872
X -0.9070  0.2569 -0.3338
Y  0.2786  0.9602 -0.0180
Z  0.3159 -0.1093 -0.9425

PART 24
OFFSET  19.8041 -3.2531 -10.1493
X  0.5995 -0.7644  0.2374
Y  0.7342  0.6433  0.2171
Z -0.3187  0.0442  0.9468

PART 25
OFFSET  20.1700 -2.0578 -7.5716
X  0.6672 -0.5903  0.4542
Y  0.4528  0.8057  0.3820
Z -0.5914 -0.0492  0.8049

PART 26
OFFSET  21.5548 -1.5552 -7.4674
X -0.0041 -0.9921 -0.1258
Y -0.9166  0.0540 -0.3961
Z  0.3998  0.1137 -0.9095

PART 27
OFFSET  21.5476 -3.3019 -7.6889
X -0.8692 -0.1242 -0.4786
Y -0.1465  0.9892  0.0094
Z  0.4723  0.0782 -0.8780

PART 28
OFFSET  20.4623 -3.4576 -8.2174
X -0.9323  0.1496 -0.3294
Y  0.1345  0.9886  0.0683
Z  0.3358  0.0194 -0.9417

PART 29
OFFSET  19.4092 -3.2886 -8.5895
X  0.2766 -0.9356 -0.2193
Y  0.8761  0.1517  0.4576
Z -0.3949 -0.3187  0.8617

PART 30
OFFSET  22.1803 -1.7941 -8.3461
X -0.3280 -0.9314 -0.1575
Y -0.8552  0.3636 -0.3693
Z  0.4013  0.0135 -0.9159

PART 31
OFFSET  21.5395 -3.6137 -8.6538
X -0.9157  0.0455 -0.3993
Y  0.0190  0.9973  0.0702
Z  0.4014  0.0568 -0.9141

PART 32
OFFSET  20.2020 -3.5472 -9.2370
X -0.8413  0.4122 -0.3496
Y  0.3326  0.9047  0.2662
Z  0.4260  0.1077 -0.8983

PART 33
OFFSET  19.2519 -3.0802 -9.6395
X  0.4054 -0.9008  0.1554
Y  0.8257  0.4339  0.3606
Z -0.3923 -0.0179  0.9197

PART 34
OFFSET  21.0973 -3.0699 -9.5087
X  0.4130  0.0261 -0.9104
Y  0.3023  0.9390  0.1641
Z  0.8591 -0.3430  0.3799

PART 35
OFFSET  18.9099  0.6969 -12.3024
X  0.8011 -0.4126  0.4337
Y  0.4212  0.9033  0.0812
Z -0.4253  0.1176  0.8974

PART 36
OFFSET  18.0128 -0.6364 -12.8037
X  0.8011 -0.4126  0.4337
Y  0.4212  0.9033  0.0812
Z -0.4253  0.1176  0.8974

PART 37
OFFSET  18.1751  0.6514 -9.8136
X  0.8011 -0.4126  0.4337
Y  0.4212  0.9033  0.0812
Z -0.4253  0.1176  0.8974

PART 38
OFFSET  17.4488 -0.4815 -9.7907
X  0.8011 -0.4126  0.4337
Y  0.4212  0.9033  0.0812
Z -0.4253  0.1176  0.8974

PART 39
OFFSET  17.3080 -0.9730 -10.8744
X  0.8011 -0.4126  0.4337
Y  0.4212  0.9033  0.0812
Z -0.4253  0.1176  0.8974

PART 40
OFFSET  7.7688 -2.6416 -4.8099
X  1.0000 -0.0000  0.0000
Y  0.0000  1.0000  0.0000
Z  0.0000 -0.0000  1.0000

PART 41
OFFSET  7.7688 -2.6416 -4.8099
X  1.0000 -0.0000  0.0000
Y  0.0000  1.0000  0.0000
Z  0.0000 -0.0000  1.0000

PART 42
OFFSET  11.9806 -2.6266 -4.5308
X  1.0000 -0.0000  0.0000
Y  0.0000  1.0000  0.0000
Z  0.0000 -0.0000  1.0000

PART 43
OFFSET  14.3735 -3.4784 -2.7246
X  1.0000 -0.0000  0.0000
Y  0.0000  1.0000  0.0000
Z  0.0000 -0.0000  1.0000

PART 44
OFFSET -13.9227 -7.9373 -3.1869
X -0.6053  0.0162  0.7958
Y -0.1718 -0.9789 -0.1107
Z  0.7772 -0.2037  0.5953

PART 45
OFFSET -6.6022 -8.1338 -12.8116
X -0.8222 -0.3196 -0.4710
Y  0.5121 -0.0542 -0.8572
Z  0.2484 -0.9460  0.2082

PART 46
OFFSET  0.3912 -5.4156 -8.8058
X -0.8222 -0.3196 -0.4710
Y  0.5374 -0.1634 -0.8273
Z  0.1874 -0.9334  0.3061

PART 47
OFFSET  0.9106 -3.8330 -7.7329
X -0.8259 -0.3166 -0.4664
Y -0.2534  0.9476 -0.1946
Z  0.5036 -0.0425 -0.8629

PART 48
OFFSET  0.8857 -4.2320 -6.6033
X -0.8259 -0.3166 -0.4664
Y -0.2534  0.9476 -0.1946
Z  0.5036 -0.0425 -0.8629

PART 49
OFFSET  1.4070 -5.4649 -6.4654
X -0.8259 -0.3166 -0.4664
Y -0.2534  0.9476 -0.1946
Z  0.5036 -0.0425 -0.8629

PART 50
OFFSET  2.9119 -4.4359 -7.3619
X -0.9546 -0.1418 -0.2621
Y  0.2850 -0.1775 -0.9420
Z  0.0871 -0.9739  0.2098

PART 51
OFFSET  3.0305 -3.8010 -6.4212
X -0.4986 -0.6783 -0.5397
Y  0.5783  0.2035 -0.7900
Z  0.6457 -0.7060  0.2908

PART 52
OFFSET  4.0128 -2.3183 -5.1938
X -0.9028 -0.3483  0.2521
Y -0.0610 -0.4767 -0.8770
Z  0.4256 -0.8071  0.4091

PART 53
OFFSET  5.4190 -1.6940 -5.6990
X -0.5336 -0.0214  0.8455
Y -0.6557 -0.6209 -0.4295
Z  0.5342 -0.7836  0.3173

PART 54
OFFSET  5.9827 -1.6245 -6.6205
X -0.8721  0.3596  0.3318
Y  0.0986  0.7934 -0.6007
Z -0.4792 -0.4912 -0.7274

PART 55
OFFSET  4.0072 -4.3091 -8.1912
X -0.9338 -0.2716  0.2329
Y  0.3213 -0.9230  0.2116
Z  0.1575  0.2724  0.9492

PART 56
OFFSET  6.0889 -3.5460 -8.6022
X -0.1064 -0.9920  0.0680
Y  0.9470 -0.1219 -0.2972
Z  0.3031  0.0328  0.9524

PART 57
OFFSET  6.2395 -2.1416 -8.6984
X  0.7704 -0.5952 -0.2284
Y  0.5756  0.8034 -0.1522
Z  0.2741 -0.0142  0.9616

PART 58
OFFSET  5.5564 -1.6139 -8.4959
X  0.9043  0.2998 -0.3040
Y -0.2988  0.9530  0.0509
Z  0.3049  0.0448  0.9513

PART 59
OFFSET  4.6973 -1.8987 -8.2071
X -0.5482 -0.8340  0.0630
Y -0.7690  0.5322  0.3543
Z -0.3290  0.1458 -0.9330

PART 60
OFFSET  4.0399 -4.2960 -7.4782
X -0.9690 -0.2439  0.0388
Y  0.2458 -0.9373  0.2469
Z -0.0239  0.2488  0.9683

PART 61
OFFSET  6.5638 -3.7206 -7.7173
X -0.1328 -0.9741  0.1828
Y  0.9405 -0.1821 -0.2870
Z  0.3128  0.1338  0.9403

PART 62
OFFSET  6.7899 -2.0621 -8.0285
X  0.8812 -0.4114 -0.2327
Y  0.3642  0.9048 -0.2204
Z  0.3012  0.1095  0.9472

PART 63
OFFSET  5.5686 -1.4919 -7.7060
X  0.8304  0.4610 -0.3130
Y -0.4723  0.8804  0.0436
Z  0.2956  0.1116  0.9488

PART 64
OFFSET  4.6680 -1.9919 -7.3665
X -0.3960 -0.8751  0.2782
Y -0.8751  0.4514  0.1743
Z -0.2781 -0.1744 -0.9446

PART 65
OFFSET -1.2553 -5.3980 -7.5437
X -0.9291 -0.3699 -0.0061
Y -0.3495  0.8829 -0.3136
Z  0.1213 -0.2892 -0.9496

PART 66
OFFSET  6.4488 -4.1115 -5.5522
X -0.9803 -0.1931 -0.0406
Y  0.1869 -0.9747  0.1229
Z -0.0633  0.1129  0.9916

PART 67
OFFSET  8.1748 -3.7715 -5.4807
X -0.9741 -0.2239 -0.0304
Y  0.2152 -0.9603  0.1773
Z -0.0689  0.1662  0.9837

PART 68
OFFSET  9.3549 -3.4893 -5.3840
X -0.9659 -0.2397 -0.0981
Y  0.2227 -0.9620  0.1579
Z -0.1323  0.1307  0.9826

PART 69
OFFSET  10.4459 -3.2185 -5.2731
X  0.0762  0.9832  0.1658
Y  0.9969 -0.0787  0.0085
Z  0.0214  0.1646 -0.9861

PART 70
OFFSET  6.6405 -4.1444 -6.6397
X -0.2627 -0.9406  0.2150
Y  0.9570 -0.2824 -0.0663
Z  0.1231  0.1883  0.9744

PART 71
OFFSET  7.1538 -2.3069 -7.0597
X  0.8288 -0.5596 -0.0009
Y  0.5392  0.7990 -0.2664
Z  0.1498  0.2203  0.9639

PART 72
OFFSET  5.9432 -1.4895 -7.0585
X  0.8851  0.3871 -0.2584
Y -0.4386  0.8795 -0.1846
Z  0.1558  0.2767  0.9482

PART 73
OFFSET  4.9394 -1.9293 -6.7726
X -0.4085 -0.8763  0.2554
Y -0.8912  0.4434  0.0957
Z -0.1971 -0.1885 -0.9621

PART 74
OFFSET  0.9106 -3.8330 -7.7328
X -0.8259 -0.3166 -0.4664
Y -0.2534  0.9476 -0.1946
Z  0.5036 -0.0425 -0.8629

PART 75
OFFSET  0.8856 -4.2318 -6.6032
X -0.8259 -0.3166 -0.4664
Y -0.2534  0.9476 -0.1946
Z  0.5036 -0.0425 -0.8629

PART 76
OFFSET  1.4071 -5.4649 -6.4655
X -0.8259 -0.3166 -0.4664
Y -0.2534  0.9476 -0.1946
Z  0.5036 -0.0425 -0.8629

PART 77
OFFSET  0.0000 -0.0000 -0.0000
X  1.0000 -0.0000  0.0000
Y  0.0000  1.0000  0.0000
Z  0.0000 -0.0000  1.0000

PART 78
OFFSET  0.0000 -0.0000 -0.0000
X  1.0000 -0.0000  0.0000
Y  0.0000  1.0000  0.0000
Z  0.0000 -0.0000  1.0000

PART 79
OFFSET  1.5404 -0.0000  4.1357
X  1.0000 -0.0000  0.0000
Y  0.0000  1.0000  0.0000
Z  0.0000 -0.0000  1.0000


FRAME 1501
PART 0
OFFSET  0.0000 -0.0000 -0.0000
X  1.0000 -0.0000  0.0000
Y  0.0000  1.0000  0.0000
Z  0.0000 -0.0000  1.0000

PART 1
OFFSET -4.6318 -0.0000 -1.3770
X  1.0000 -0.0000  0.0000
Y  0.0000  1.0000  0.0000
Z  0.0000 -0.0000  1.0000

PART 2
OFFSET  0.3425  8.0297 -9.9517
X  0.7995 -0.3107 -0.5141
Y -0.1306 -0.9253  0.3560
Z -0.5863 -0.2174 -0.7803

PART 3
OFFSET  10.0112  4.2726 -16.1697
X  0.7989 -0.4069  0.4430
Y -0.4390  0.1091  0.8919
Z -0.4113 -0.9069 -0.0915

PART 4
OFFSET  16.8058  0.8113 -12.4021
X  0.7989 -0.4069  0.4430
Y -0.4901 -0.0134  0.8716
Z -0.3487 -0.9134 -0.2101

PART 5
OFFSET  19.0304  1.5669 -12.1663
X  0.8026 -0.4051  0.4379
Y  0.4153  0.9064  0.0774
Z -0.4283  0.1197  0.8957

PART 6
OFFSET  17.8668 -0.4007 -13.1395
X  0.8026 -0.4051  0.4379
Y  0.4153  0.9064  0.0774
Z -0.4283  0.1197  0.8957

PART 7
OFFSET  18.0133  0.9041 -10.1561
X  0.8026 -0.4051  0.4379
Y  0.4153  0.9064  0.0774
Z -0.4283  0.1197  0.8957

PART 8
OFFSET  17.2942 -0.2332 -10.1289
X  0.8026 -0.4051  0.4379
Y  0.4153  0.9064  0.0774
Z -0.4283  0.1197  0.8957

PART 9
OFFSET  17.1592 -0.7314 -11.2102
X  0.8026 -0.4051  0.4379
Y  0.4153  0.9064  0.0774
Z -0.4283  0.1197  0.8957

PART 10
OFFSET  19.2549 -0.4363 -11.0442
X  0.6747 -0.3013  0.6738
Y -0.6815  0.0963  0.7254
Z -0.2834 -0.9487 -0.1404

PART 11
OFFSET  18.7843 -0.8684 -10.0986
X -0.2771 -0.7326  0.6217
Y -0.7688  0.5572  0.3139
Z -0.5764 -0.3909 -0.7176

PART 12
OFFSET  18.0775 -2.4155 -8.7657
X  0.6933 -0.6988  0.1765
Y -0.6162 -0.4477  0.6479
Z -0.3737 -0.5579 -0.7410

PART 13
OFFSET  19.1916 -3.5793 -8.6025
X  0.8394 -0.0657 -0.5395
Y  0.2173 -0.8693  0.4440
Z -0.4981 -0.4899 -0.7154

PART 14
OFFSET  20.0803 -3.6876 -9.2110
X  0.9844  0.0870  0.1528
Y -0.1714  0.6702  0.7221
Z -0.0396 -0.7370  0.6747

PART 15
OFFSET  20.4983 -0.9860 -11.2791
X  0.9301 -0.3427  0.1323
Y -0.3127 -0.9276 -0.2044
Z  0.1928  0.1488 -0.9699

PART 16
OFFSET  22.5216 -1.8914 -10.8656
X -0.4427 -0.8819  0.1622
Y -0.8700  0.3787 -0.3156
Z  0.2168 -0.2808 -0.9349

PART 17
OFFSET  21.8948 -3.1399 -10.6360
X -0.9798  0.1201 -0.1596
Y  0.1691  0.9242 -0.3425
Z  0.1064 -0.3626 -0.9259

PART 18
OFFSET  21.0260 -3.0334 -10.7775
X -0.9883  0.0442 -0.1461
Y  0.0858  0.9525 -0.2921
Z  0.1263 -0.3012 -0.9452

PART 19
OFFSET  20.0871 -2.9914 -10.9163
X  0.6838 -0.5882  0.4318
Y  0.7167  0.6526 -0.2459
Z -0.1371  0.4776  0.8678

PART 20
OFFSET  20.2333 -0.8558 -10.6292
X  0.8497 -0.3220  0.4176
Y -0.2670 -0.9456 -0.1859
Z  0.4547  0.0464 -0.8894

PART 21
OFFSET  22.5120 -1.6637 -9.6734
X -0.2808 -0.9597  0.0057
Y -0.9125  0.2651 -0.3116
Z  0.2975 -0.0927 -0.9502

PART 22
OFFSET  22.0339 -3.2976 -9.6636
X -0.9509  0.0526 -0.3050
Y  0.0866  0.9913 -0.0989
Z  0.2971 -0.1205 -0.9472

PART 23
OFFSET  20.7160 -3.2247 -10.0863
X -0.9179  0.2296 -0.3237
Y  0.2563  0.9657 -0.0417
Z  0.3031 -0.1212 -0.9452

PART 24
OFFSET  19.7205 -2.9757 -10.4374
X  0.6206 -0.7457  0.2426
Y  0.7227  0.6639  0.1920
Z -0.3042  0.0561  0.9509

PART 25
OFFSET  20.1008 -1.7206 -7.8904
X  0.6878 -0.5659  0.4546
Y  0.4404  0.8232  0.3583
Z -0.5770 -0.0463  0.8154

PART 26
OFFSET  21.4752 -1.1850 -7.8193
X  0.0166 -0.9942 -0.1060
Y -0.9239  0.0253 -0.3818
Z  0.3823  0.1042 -0.9181

PART 27
OFFSET  21.5043 -2.9355 -8.0059
X -0.8738 -0.1534 -0.4616
Y -0.1688  0.9856 -0.0078
Z  0.4561  0.0711 -0.8871

PART 28
OFFSET  20.4144 -3.1262 -8.5131
X -0.9407  0.1218 -0.3167
Y  0.1129  0.9925  0.0464
Z  0.3200  0.0079 -0.9474

PART 29
OFFSET  19.3519 -2.9886 -8.8709
X  0.2943 -0.9334 -0.2053
Y  0.8797  0.1806  0.4399
Z -0.3735 -0.3100  0.8743

PART 30
OFFSET  22.0917 -1.4274 -8.7033
X -0.3092 -0.9416 -0.1335
Y -0.8692  0.3367 -0.3622
Z  0.3860  0.0041 -0.9225

PART 31
OFFSET  21.4877 -3.2669 -8.9641
X -0.9228  0.0168 -0.3848
Y -0.0027  0.9987  0.0501
Z  0.3852  0.0473 -0.9216

PART 32
OFFSET  20.1398 -3.2423 -9.5262
X -0.8561  0.3860 -0.3437
Y  0.3161  0.9172  0.2427
Z  0.4089  0.0991 -0.9072

PART 33
OFFSET  19.1729 -2.8051 -9.9220
X  0.4284 -0.8881  0.1665
Y  0.8213  0.4595  0.3382
Z -0.3769 -0.0081  0.9262

PART 34
OFFSET  21.0195 -2.7506 -9.8222
X  0.3975  0.0170 -0.9174
Y  0.2834  0.9487  0.1404
Z  0.8727 -0.3158  0.3723

PART 35
OFFSET  18.7541  0.9410 -12.6432
X  0.8026 -0.4051  0.4379
Y  0.4153  0.9064  0.0774
Z -0.4283  0.1197  0.8957

PART 36
OFFSET  17.8668 -0.4007 -13.1395
X  0.8026 -0.4051  0.4379
Y  0.4153  0.9064  0.0774
Z -0.4283  0.1197  0.8957

PART 37
OFFSET  18.0133  0.9041 -10.1561
X  0.8026 -0.4051  0.4379
Y  0.4153  0.9064  0.0774
Z -0.4283  0.1197  0.8957

PART 38
OFFSET  17.2942 -0.2332 -10.1289
X  0.8026 -0.4051  0.4379
Y  0.4153  0.9064  0.0774
Z -0.4283  0.1197  0.8957

PART 39
OFFSET  17.1592 -0.7314 -11.2102
X  0.8026 -0.4051  0.4379
Y  0.4153  0.9064  0.0774
Z -0.4283  0.1197  0.8957

PART 40
OFFSET  7.7624 -2.5275 -4.9117
X  0.9996  0.0225 -0.0166
Y -0.0228  0.9995 -0.0198
Z  0.0162  0.0202  0.9997

PART 41
OFFSET  7.7624 -2.5275 -4.9117
X  0.9996  0.0225 -0.0166
Y -0.0228  0.9995 -0.0198
Z  0.0162  0.0202  0.9997

PART 42
OFFSET  11.9767 -2.4121 -4.7030
X  0.9996  0.0225 -0.0166
Y -0.0228  0.9995 -0.0198
Z  0.0162  0.0202  0.9997

PART 43
OFFSET  14.4174 -3.1731 -2.9204
X  0.9996  0.0225 -0.0166
Y -0.0228  0.9995 -0.0198
Z  0.0162  0.0202  0.9997

PART 44
OFFSET -13.8292 -7.9373 -3.1869
X -0.5995  0.0177  0.8002
Y -0.1759 -0.9782 -0.1101
Z  0.7808 -0.2068  0.5896

PART 45
OFFSET -6.5787 -8.1515 -12.8640
X -0.8198 -0.3171 -0.4768
Y  0.5168 -0.0511 -0.8546
Z  0.2467 -0.9470  0.2058

PART 46
OFFSET  0.3939 -5.4542 -8.8083
X -0.8198 -0.3171 -0.4768
Y  0.5422 -0.1618 -0.8245
Z  0.1843 -0.9345  0.3046

PART 47
OFFSET  0.9083 -3.8763 -7.7260
X -0.8235 -0.3142 -0.4723
Y -0.2517  0.9485 -0.1921
Z  0.5084 -0.0393 -0.8602

PART 48
OFFSET  0.8769 -4.2798 -6.5982
X -0.8235 -0.3142 -0.4723
Y -0.2517  0.9485 -0.1921
Z  0.5084 -0.0393 -0.8602

PART 49
OFFSET  1.3967 -5.5137 -6.4625
X -0.8235 -0.3142 -0.4723
Y -0.2517  0.9485 -0.1921
Z  0.5084 -0.0393 -0.8602

PART 50
OFFSET  2.9071 -4.4820 -7.3464
X -0.9552 -0.1685 -0.2433
Y  0.2737 -0.1900 -0.9429
Z  0.1127 -0.9672  0.2276

PART 51
OFFSET  3.0264 -3.8257 -6.4205
X -0.4926 -0.7004 -0.5165
Y  0.5609  0.1981 -0.8038
Z  0.6653 -0.6857  0.2953

PART 52
OFFSET  3.9965 -2.2959 -5.2422
X -0.8912 -0.3629  0.2722
Y -0.0625 -0.4961 -0.8660
Z  0.4494 -0.7888  0.4194

PART 53
OFFSET  5.3811 -1.6512 -5.7804
X -0.5197 -0.0142  0.8542
Y -0.6486 -0.6442 -0.4054
Z  0.5561 -0.7647  0.3256

PART 54
OFFSET  5.9287 -1.5899 -6.7121
X -0.8745  0.3480  0.3379
Y  0.0718  0.7819 -0.6193
Z -0.4797 -0.5173 -0.7088

PART 55
OFFSET  3.9857 -4.3474 -8.1961
X -0.9238 -0.2859  0.2546
Y  0.3441 -0.9117  0.2247
Z  0.1679  0.2952  0.9406

PART 56
OFFSET  6.0436 -3.5502 -8.6588
X -0.0863 -0.9925  0.0864
Y  0.9450 -0.1090 -0.3082
Z  0.3153  0.0551  0.9474

PART 57
OFFSET  6.1658 -2.1450 -8.7812
X  0.7815 -0.5800 -0.2298
Y  0.5537  0.8146 -0.1727
Z  0.2874  0.0077  0.9578

PART 58
OFFSET  5.4729 -1.6308 -8.5774
X  0.8927  0.3160 -0.3212
Y -0.3206  0.9464  0.0400
Z  0.3166  0.0673  0.9462

PART 59
OFFSET  4.6247 -1.9310 -8.2723
X -0.5274 -0.8455  0.0838
Y -0.7765  0.5196  0.3564
Z -0.3449  0.1229 -0.9306

PART 60
OFFSET  4.0296 -4.3191 -7.4842
X -0.9628 -0.2634  0.0598
Y  0.2698 -0.9268  0.2614
Z -0.0135  0.2678  0.9634

PART 61
OFFSET  6.5364 -3.6956 -7.7766
X -0.1109 -0.9730  0.2025
Y  0.9404 -0.1686 -0.2954
Z  0.3215  0.1577  0.9337

PART 62
OFFSET  6.7252 -2.0390 -8.1213
X  0.8878 -0.3946 -0.2370
Y  0.3398  0.9091 -0.2408
Z  0.3105  0.1332  0.9412

PART 63
OFFSET  5.4949 -1.4921 -7.7929
X  0.8165  0.4724 -0.3318
Y -0.4902  0.8710  0.0336
Z  0.3049  0.1353  0.9427

PART 64
OFFSET  4.6093 -2.0044 -7.4330
X -0.3740 -0.8779  0.2991
Y -0.8822  0.4362  0.1771
Z -0.2860 -0.1976 -0.9376

PART 65
OFFSET -1.2394 -5.5411 -7.4397
X -0.9203 -0.3908  0.0167
Y -0.3746  0.8683 -0.3252
Z  0.1125 -0.3055 -0.9455

PART 66
OFFSET  6.4645 -4.0415 -5.6026
X -0.9720 -0.2339 -0.0215
Y  0.2287 -0.9635  0.1390
Z -0.0533  0.1302  0.9901

PART 67
OFFSET  8.1759 -3.6297 -5.5647
X -0.9748 -0.2221 -0.0193
Y  0.2144 -0.9577  0.1920
Z -0.0611  0.1830  0.9812

PART 68
OFFSET  9.3573 -3.3486 -5.4816
X -0.9747 -0.2032 -0.0932
Y  0.1856 -0.9679  0.1692
Z -0.1246  0.1477  0.9812

PART 69
OFFSET  10.4582 -3.1191 -5.3764
X  0.1147  0.9815  0.1535
Y  0.9931 -0.1172  0.0074
Z  0.0253  0.1516 -0.9881

PART 70
OFFSET  6.6393 -4.0921 -6.6923
X -0.2385 -0.9418  0.2371
Y  0.9622 -0.2621 -0.0734
Z  0.1313  0.2107  0.9687

PART 71
OFFSET  7.1052 -2.2523 -7.1555
X  0.8432 -0.5376 -0.0019
Y  0.5142  0.8074 -0.2894
Z  0.1571  0.2430  0.9572

PART 72
OFFSET  5.8737 -1.4670 -7.1528
X  0.8722  0.4026 -0.2778
Y -0.4618  0.8651 -0.1960
Z  0.1614  0.2992  0.9404

PART 73
OFFSET  4.8844 -1.9245 -6.8449
X -0.3841 -0.8804  0.2781
Y -0.9002  0.4240  0.0989
Z -0.2050 -0.2124 -0.9554

PART 74
OFFSET  0.9083 -3.8763 -7.7260
X -0.8235 -0.3142 -0.4723
Y -0.2517  0.9485 -0.1921
Z  0.5084 -0.0393 -0.8602

PART 75
OFFSET  0.8768 -4.2797 -6.5982
X -0.8235 -0.3142 -0.4723
Y -0.2517  0.9485 -0.1921
Z  0.5084 -0.0393 -0.8602

PART 76
OFFSET  1.3967 -5.5137 -6.4626
X -0.8235 -0.3142 -0.4723
Y -0.2517  0.9485 -0.1921
Z  0.5084 -0.0393 -0.8602

PART 77
OFFSET  0.0000 -0.0000 -0.0000
X  1.0000 -0.0000  0.0000
Y  0.0000  1.0000  0.0000
Z  0.0000 -0.0000  1.0000

PART 78
OFFSET  0.0000 -0.0000 -0.0000
X  1.0000 -0.0000  0.0000
Y  0.0000  1.0000  0.0000
Z  0.0000 -0.0000  1.0000

PART 79
OFFSET  1.5404 -0.0000  4.1357
X  1.0000 -0.0000  0.0000
Y  0.0000  1.0000  0.0000
Z  0.0000 -0.0000  1.0000


FRAME 1502
PART 0
OFFSET  0.0000 -0.0000 -0.0000
X  1.0000 -0.0000  0.0000
Y  0.0000  1.0000  0.0000
Z  0.0000 -0.0000  1.0000

PART 1
OFFSET -4.6318 -0.0000 -1.3770
X  1.0000 -0.0000  0.0000
Y  0.0000  1.0000  0.0000
Z  0.0000 -0.0000  1.0000

PART 2
OFFSET  0.3425  8.0297 -9.9517
X  0.7584 -0.2748 -0.5911
Y -0.0752 -0.9377  0.3393
Z -0.6475 -0.2129 -0.7317

PART 3
OFFSET  9.5140  4.7067 -17.1004
X  0.8061 -0.3873  0.4474
Y -0.4409  0.1113  0.8907
Z -0.3948 -0.9152 -0.0810

PART 4
OFFSET  16.3703  1.4123 -13.2950
X  0.8061 -0.3873  0.4474
Y -0.4817  0.0098  0.8763
Z -0.3438 -0.9219 -0.1786

PART 5
OFFSET  18.5808  2.2107 -13.0684
X  0.8098 -0.3855  0.4423
Y  0.3988  0.9146  0.0670
Z -0.4303  0.1221  0.8944

PART 6
OFFSET  17.4530  0.2114 -14.0188
X  0.8098 -0.3855  0.4423
Y  0.3988  0.9146  0.0670
Z -0.4303  0.1221  0.8944

PART 7
OFFSET  17.5759  1.5527 -11.0504
X  0.8098 -0.3855  0.4423
Y  0.3988  0.9146  0.0670
Z -0.4303  0.1221  0.8944

PART 8
OFFSET  16.8775  0.4028 -11.0101
X  0.8098 -0.3855  0.4423
Y  0.3988  0.9146  0.0670
Z -0.4303  0.1221  0.8944

PART 9
OFFSET  16.7516 -0.1101 -12.0856
X  0.8098 -0.3855  0.4423
Y  0.3988  0.9146  0.0670
Z -0.4303  0.1221  0.8944

PART 10
OFFSET  18.8415  0.2249 -11.9234
X  0.7194 -0.2197  0.6590
Y -0.6564  0.0954  0.7483
Z -0.2273 -0.9709 -0.0756

PART 11
OFFSET  18.4383 -0.1806 -10.9359
X -0.2041 -0.7115  0.6724
Y -0.7897  0.5256  0.3165
Z -0.5786 -0.4664 -0.6691

PART 12
OFFSET  17.8869 -1.6894 -9.4905
X  0.7433 -0.6432  0.1838
Y -0.5595 -0.4471  0.6979
Z -0.3667 -0.6216 -0.6922

PART 13
OFFSET  19.0792 -2.7707 -9.3129
X  0.8194 -0.0445 -0.5714
Y  0.2905 -0.8272  0.4809
Z -0.4941 -0.5601 -0.6650

PART 14
OFFSET  19.9477 -2.8585 -9.9531
X  0.9821  0.1565  0.1044
Y -0.1848  0.6987  0.6911
Z  0.0352 -0.6981  0.7151

PART 15
OFFSET  20.1072 -0.2594 -12.1824
X  0.9548 -0.2763  0.1099
Y -0.2604 -0.9554 -0.1394
Z  0.1435  0.1045 -0.9841

PART 16
OFFSET  22.1996 -1.0125 -11.8093
X -0.3782 -0.8968  0.2296
Y -0.9046  0.3054 -0.2973
Z  0.1965 -0.3201 -0.9268

PART 17
OFFSET  21.6642 -2.2822 -11.4843
X -0.9912  0.0498 -0.1227
Y  0.0953  0.9117 -0.3997
Z  0.0920 -0.4078 -0.9084

PART 18
OFFSET  20.7853 -2.2380 -11.5931
X -0.9942 -0.0255 -0.1047
Y  0.0125  0.9377 -0.3473
Z  0.1071 -0.3465 -0.9319

PART 19
OFFSET  19.8409 -2.2622 -11.6926
X  0.7371 -0.5190  0.4329
Y  0.6627  0.6805 -0.3125
Z -0.1324  0.5172  0.8456

PART 20
OFFSET  19.8609 -0.1087 -11.5295
X  0.8848 -0.2442  0.3968
Y -0.2129 -0.9694 -0.1219
Z  0.4145  0.0234 -0.9098

PART 21
OFFSET  22.2235 -0.7177 -10.6320
X -0.2181 -0.9734  0.0706
Y -0.9395  0.1898 -0.2852
Z  0.2642 -0.1285 -0.9559

PART 22
OFFSET  21.8523 -2.3749 -10.5118
X -0.9639 -0.0240 -0.2653
Y  0.0186  0.9875 -0.1568
Z  0.2658 -0.1560 -0.9513

PART 23
OFFSET  20.5164 -2.4081 -10.8795
X -0.9431  0.1533 -0.2951
Y  0.1917  0.9757 -0.1057
Z  0.2718 -0.1563 -0.9496

PART 24
OFFSET  19.4937 -2.2418 -11.1996
X  0.6765 -0.6907  0.2555
Y  0.6857  0.7173  0.1234
Z -0.2685  0.0917  0.9589

PART 25
OFFSET  19.8950 -0.8214 -8.7443
X  0.7406 -0.4951  0.4543
Y  0.4006  0.8681  0.2930
Z -0.5394 -0.0350  0.8413

PART 26
OFFSET  21.2339 -0.1985 -8.7631
X  0.0762 -0.9957 -0.0520
Y -0.9383 -0.0539 -0.3416
Z  0.3374  0.0748 -0.9384

PART 27
OFFSET  21.3680 -1.9516 -8.8547
X -0.8800 -0.2334 -0.4136
Y -0.2321  0.9712 -0.0544
Z  0.4144  0.0481 -0.9088

PART 28
OFFSET  20.2730 -2.2383 -9.3023
X -0.9586  0.0450 -0.2813
Y  0.0507  0.9986 -0.0130
Z  0.2803 -0.0267 -0.9595

PART 29
OFFSET  19.1902 -2.1875 -9.6200
X  0.3452 -0.9236 -0.1666
Y  0.8833  0.2597  0.3902
Z -0.3171 -0.2818  0.9055

PART 30
OFFSET  21.8285 -0.4526 -9.6588
X -0.2531 -0.9650 -0.0680
Y -0.9029  0.2609 -0.3415
Z  0.3473 -0.0250 -0.9374

PART 31
OFFSET  21.3340 -2.3379 -9.7917
X -0.9368 -0.0625 -0.3442
Y -0.0649  0.9979 -0.0046
Z  0.3438  0.0181 -0.9389

PART 32
OFFSET  19.9657 -2.4292 -10.2945
X -0.8923  0.3119 -0.3263
Y  0.2660  0.9474  0.1780
Z  0.3647  0.0720 -0.9284

PART 33
OFFSET  18.9574 -2.0761 -10.6708
X  0.4910 -0.8489  0.1959
Y  0.8030  0.5282  0.2761
Z -0.3378  0.0218  0.9410

PART 34
OFFSET  20.7992 -1.9017 -10.6553
X  0.3582 -0.0111 -0.9336
Y  0.2273  0.9709  0.0756
Z  0.9056 -0.2392  0.3503

PART 35
OFFSET  18.3159  1.5745 -13.5380
X  0.8098 -0.3855  0.4423
Y  0.3988  0.9146  0.0670
Z -0.4303  0.1221  0.8944

PART 36
OFFSET  17.4530  0.2114 -14.0188
X  0.8098 -0.3855  0.4423
Y  0.3988  0.9146  0.0670
Z -0.4303  0.1221  0.8944

PART 37
OFFSET  17.5759  1.5527 -11.0504
X  0.8098 -0.3855  0.4423
Y  0.3988  0.9146  0.0670
Z -0.4303  0.1221  0.8944

PART 38
OFFSET  16.8775  0.4028 -11.0101
X  0.8098 -0.3855  0.4423
Y  0.3988  0.9146  0.0670
Z -0.4303  0.1221  0.8944

PART 39
OFFSET  16.7516 -0.1101 -12.0856
X  0.8098 -0.3855  0.4423
Y  0.3988  0.9146  0.0670
Z -0.4303  0.1221  0.8944

PART 40
OFFSET  7.7646 -2.2186 -5.1864
X  0.9946  0.0834 -0.0618
Y -0.0879  0.9934 -0.0735
Z  0.0552  0.0785  0.9954

PART 41
OFFSET  7.7646 -2.2186 -5.1864
X  0.9946  0.0834 -0.0618
Y -0.0879  0.9934 -0.0735
Z  0.0552  0.0785  0.9954

PART 42
OFFSET  11.9677 -1.8305 -5.1698
X  0.9946  0.0834 -0.0618
Y -0.0879  0.9934 -0.0735
Z  0.0552  0.0785  0.9954

PART 43
OFFSET  14.5223 -2.3353 -3.4572
X  0.9946  0.0834 -0.0618
Y -0.0879  0.9934 -0.0735
Z  0.0552  0.0785  0.9954

PART 44
OFFSET -13.7549 -7.9373 -3.1869
X -0.5974  0.0204  0.8017
Y -0.1845 -0.9764 -0.1126
Z  0.7804 -0.2151  0.5871

PART 45
OFFSET -6.5295 -8.1844 -12.8820
X -0.8193 -0.3092 -0.4829
Y  0.5211 -0.0504 -0.8520
Z  0.2391 -0.9497  0.2024

PART 46
OFFSET  0.4389 -5.5545 -8.7750
X -0.8193 -0.3092 -0.4829
Y  0.5450 -0.1581 -0.8234
Z  0.1783 -0.9378  0.2980

PART 47
OFFSET  0.9580 -3.9855 -7.6822
X -0.8230 -0.3063 -0.4783
Y -0.2443  0.9512 -0.1888
Z  0.5128 -0.0385 -0.8576

PART 48
OFFSET  0.9177 -4.3943 -6.5566
X -0.8230 -0.3063 -0.4783
Y -0.2443  0.9512 -0.1888
Z  0.5128 -0.0385 -0.8576

PART 49
OFFSET  1.4284 -5.6323 -6.4241
X -0.8230 -0.3063 -0.4783
Y -0.2443  0.9512 -0.1888
Z  0.5128 -0.0385 -0.8576

PART 50
OFFSET  2.9506 -4.6066 -7.2946
X -0.9514 -0.2411 -0.1915
Y  0.2470 -0.2265 -0.9422
Z  0.1837 -0.9437  0.2751

PART 51
OFFSET  3.0648 -3.8921 -6.4122
X -0.4678 -0.7583 -0.4541
Y  0.5144  0.1842 -0.8375
Z  0.7187 -0.6254  0.3039

PART 52
OFFSET  3.9829 -2.2394 -5.3657
X -0.8549 -0.4010  0.3292
Y -0.0640 -0.5483 -0.8339
Z  0.5149 -0.7339  0.4430

PART 53
OFFSET  5.3015 -1.5425 -5.9965
X -0.4833  0.0043  0.8754
Y -0.6220 -0.7054 -0.3399
Z  0.6161 -0.7088  0.3436

PART 54
OFFSET  5.8065 -1.5027 -6.9532
X -0.8807  0.3131  0.3555
Y -0.0028  0.7470 -0.6648
Z -0.4737 -0.5865 -0.6570

PART 55
OFFSET  3.9830 -4.4544 -8.1971
X -0.8928 -0.3260  0.3109
Y  0.4096 -0.8747  0.2592
Z  0.1875  0.3587  0.9144

PART 56
OFFSET  5.9661 -3.5625 -8.7942
X -0.0218 -0.9896  0.1421
Y  0.9374 -0.0696 -0.3412
Z  0.3475  0.1258  0.9292

PART 57
OFFSET  5.9970 -2.1615 -8.9954
X  0.8084 -0.5409 -0.2323
Y  0.4922  0.8375 -0.2373
Z  0.3229  0.0775  0.9432

PART 58
OFFSET  5.2802 -1.6819 -8.7894
X  0.8573  0.3535 -0.3741
Y -0.3795  0.9252  0.0046
Z  0.3478  0.1381  0.9274

PART 59
OFFSET  4.4657 -2.0178 -8.4340
X -0.4678 -0.8711  0.1492
Y -0.7943  0.4884  0.3614
Z -0.3877  0.0506 -0.9204

PART 60
OFFSET  4.0538 -4.3826 -7.4904
X -0.9411 -0.3176  0.1163
Y  0.3381 -0.8921  0.2998
Z  0.0085  0.3214  0.9469

PART 61
OFFSET  6.5024 -3.6257 -7.9263
X -0.0425 -0.9650  0.2588
Y  0.9374 -0.1281 -0.3238
Z  0.3457  0.2288  0.9100

PART 62
OFFSET  6.5747 -1.9828 -8.3669
X  0.9019 -0.3505 -0.2522
Y  0.2707  0.9140 -0.3021
Z  0.3365  0.2042  0.9193

PART 63
OFFSET  5.3247 -1.4970 -8.0173
X  0.7722  0.5019 -0.3896
Y -0.5425  0.8400  0.0069
Z  0.3308  0.2060  0.9210

PART 64
OFFSET  4.4872 -2.0413 -7.5947
X -0.3065 -0.8809  0.3606
Y -0.9007  0.3909  0.1894
Z -0.3078 -0.2667 -0.9133

PART 65
OFFSET -1.1196 -5.9241 -7.1475
X -0.8919 -0.4454  0.0785
Y -0.4425  0.8233 -0.3554
Z  0.0936 -0.3517 -0.9314

PART 66
OFFSET  6.5399 -3.8472 -5.7357
X -0.9506 -0.3085  0.0338
Y  0.3094 -0.9336  0.1806
Z -0.0241  0.1821  0.9830

PART 67
OFFSET  8.2136 -3.3040 -5.7952
X -0.9641 -0.2641  0.0273
Y  0.2630 -0.9358  0.2348
Z -0.0365  0.2336  0.9716

PART 68
OFFSET  9.3834 -2.9688 -5.7694
X -0.9737 -0.2212 -0.0537
Y  0.2053 -0.9554  0.2122
Z -0.0983  0.1956  0.9757

PART 69
OFFSET  10.4833 -2.7189 -5.7087
X  0.1040  0.9895  0.1004
Y  0.9946 -0.1029 -0.0163
Z -0.0058  0.1015 -0.9948

PART 70
OFFSET  6.6734 -3.9493 -6.8276
X -0.1683 -0.9396  0.2980
Y  0.9736 -0.2057 -0.0986
Z  0.1539  0.2735  0.9495

PART 71
OFFSET  7.0022 -2.1137 -7.4097
X  0.8767 -0.4810 -0.0084
Y  0.4473  0.8213 -0.3541
Z  0.1772  0.3067  0.9352

PART 72
OFFSET  5.7218 -1.4111 -7.3975
X  0.8329  0.4402 -0.3353
Y -0.5243  0.8217 -0.2236
Z  0.1771  0.3620  0.9152

PART 73
OFFSET  4.7768 -1.9117 -7.0243
X -0.3151 -0.8855  0.3414
Y -0.9216  0.3715  0.1128
Z -0.2267 -0.2791 -0.9331

PART 74
OFFSET  0.9580 -3.9854 -7.6821
X -0.8230 -0.3063 -0.4783
Y -0.2443  0.9512 -0.1888
Z  0.5128 -0.0385 -0.8576

PART 75
OFFSET  0.9176 -4.3941 -6.5565
X -0.8230 -0.3063 -0.4783
Y -0.2443  0.9512 -0.1888
Z  0.5128 -0.0385 -0.8576

PART 76
OFFSET  1.4284 -5.6323 -6.4242
X -0.8230 -0.3063 -0.4783
Y -0.2443  0.9512 -0.1888
Z  0.5128 -0.0385 -0.8576

PART 77
OFFSET  0.0000 -0.0000 -0.0000
X  1.0000 -0.0000  0.0000
Y  0.0000  1.0000  0.0000
Z  0.0000 -0.0000  1.0000

PART 78
OFFSET  0.0000 -0.0000 -0.0000
X  1.0000 -0.0000  0.0000
Y  0.0000  1.0000  0.0000
Z  0.0000 -0.0000  1.0000

PART 79
OFFSET  1.5404 -0.0000  4.1357
X  1.0000 -0.0000  0.0000
Y  0.0000  1.0000  0.0000
Z  0.0000 -0.0000  1.0000


FRAME 1503
PART 0
OFFSET  0.0000 -0.0000 -0.0000
X  1.0000 -0.0000  0.0000
Y  0.0000  1.0000  0.0000
Z  0.0000 -0.0000  1.0000

PART 1
OFFSET -4.6318 -0.0000 -1.3770
X  1.0000 -0.0000  0.0000
Y  0.0000  1.0000  0.0000
Z  0.0000 -0.0000  1.0000

PART 2
OFFSET  0.3425  8.0297 -9.9517
X  0.6919 -0.2279 -0.6851
Y -0.0024 -0.9496  0.3134
Z -0.7220 -0.2152 -0.6576

PART 3
OFFSET  8.7102  5.2740 -18.2372
X  0.8233 -0.3598  0.4390
Y -0.4304  0.1085  0.8961
Z -0.3701 -0.9267 -0.0655

PART 4
OFFSET  15.7128  2.2135 -14.5035
X  0.8233 -0.3598  0.4390
Y -0.4570  0.0385  0.8886
Z -0.3367 -0.9322 -0.1327

PART 5
OFFSET  17.9032  3.0757 -14.3190
X  0.8269 -0.3579  0.4338
Y  0.3739  0.9261  0.0514
Z -0.4201  0.1197  0.8995

PART 6
OFFSET  16.8178  1.0356 -15.2313
X  0.8269 -0.3579  0.4338
Y  0.3739  0.9261  0.0514
Z -0.4201  0.1197  0.8995

PART 7
OFFSET  16.9477  2.4116 -12.2792
X  0.8269 -0.3579  0.4338
Y  0.3739  0.9261  0.0514
Z -0.4201  0.1197  0.8995

PART 8
OFFSET  16.2825  1.2433 -12.2163
X  0.8269 -0.3579  0.4338
Y  0.3739  0.9261  0.0514
Z -0.4201  0.1197  0.8995

PART 9
OFFSET  16.1549  0.7155 -13.2844
X  0.8269 -0.3579  0.4338
Y  0.3739  0.9261  0.0514
Z -0.4201  0.1197  0.8995

PART 10
OFFSET  18.2368  1.1104 -13.1578
X  0.7706 -0.0907  0.6308
Y -0.6233  0.0992  0.7757
Z -0.1330 -0.9909  0.0199

PART 11
OFFSET  17.9273  0.7585 -12.1173
X -0.0973 -0.6646  0.7408
Y -0.8208  0.4745  0.3179
Z -0.5629 -0.5771 -0.5917

PART 12
OFFSET  17.6041 -0.6605 -10.5199
X  0.8122 -0.5508  0.1923
Y -0.4755 -0.4339  0.7653
Z -0.3381 -0.7130 -0.6143

PART 13
OFFSET  18.9057 -1.6037 -10.3239
X  0.7893 -0.0175 -0.6137
Y  0.3958 -0.7497  0.5304
Z -0.4694 -0.6616 -0.5848

PART 14
OFFSET  19.7446 -1.6657 -11.0053
X  0.9657  0.2576  0.0319
Y -0.2177  0.7370  0.6399
Z  0.1413 -0.6249  0.7678

PART 15
OFFSET  19.5294  0.7271 -13.4505
X  0.9819 -0.1736  0.0753
Y -0.1707 -0.9844 -0.0428
Z  0.0815  0.0292 -0.9962

PART 16
OFFSET  21.7028  0.2122 -13.1415
X -0.2746 -0.9045  0.3263
Y -0.9447  0.1904 -0.2671
Z  0.1795 -0.3816 -0.9067

PART 17
OFFSET  21.3140 -1.0684 -12.6796
X -0.9962 -0.0555 -0.0669
Y -0.0167  0.8772 -0.4798
Z  0.0853 -0.4769 -0.8748

PART 18
OFFSET  20.4308 -1.1177 -12.7389
X -0.9907 -0.1289 -0.0425
Y -0.0989  0.8998 -0.4249
Z  0.0930 -0.4168 -0.9043

PART 19
OFFSET  19.4895 -1.2401 -12.7792
X  0.8064 -0.4060  0.4300
Y  0.5747  0.7096 -0.4077
Z -0.1396  0.5759  0.8055

PART 20
OFFSET  19.3032  0.9115 -12.7990
X  0.9240 -0.1228  0.3622
Y -0.1212 -0.9923 -0.0271
Z  0.3627 -0.0189 -0.9317

PART 21
OFFSET  21.7578  0.6119 -11.9967
X -0.1161 -0.9794  0.1650
Y -0.9672  0.0736 -0.2433
Z  0.2262 -0.1878 -0.9558

PART 22
OFFSET  21.5602 -1.0556 -11.7158
X -0.9690 -0.1389 -0.2042
Y -0.0880  0.9668 -0.2399
Z  0.2307 -0.2146 -0.9491

PART 23
OFFSET  20.2172 -1.2480 -11.9987
X -0.9676  0.0362 -0.2500
Y  0.0879  0.9761 -0.1986
Z  0.2368 -0.2141 -0.9477

PART 24
OFFSET  19.1678 -1.2087 -12.2698
X  0.7542 -0.5978  0.2716
Y  0.6163  0.7872  0.0215
Z -0.2267  0.1512  0.9622

PART 25
OFFSET  19.5514  0.4571 -9.9709
X  0.8086 -0.3801  0.4491
Y  0.3267  0.9249  0.1946
Z -0.4893 -0.0106  0.8721

PART 26
OFFSET  20.8188  1.2000 -10.1221
X  0.1722 -0.9847  0.0273
Y -0.9446 -0.1730 -0.2791
Z  0.2795  0.0223 -0.9599

PART 27
OFFSET  21.1220 -0.5337 -10.0740
X -0.8725 -0.3518 -0.3391
Y -0.3302  0.9360 -0.1217
Z  0.3602  0.0058 -0.9329

PART 28
OFFSET  20.0395 -0.9618 -10.4296
X -0.9715 -0.0714 -0.2261
Y -0.0498  0.9938 -0.0998
Z  0.2319 -0.0857 -0.9690

PART 29
OFFSET  18.9422 -1.0424 -10.6850
X  0.4264 -0.8979 -0.1088
Y  0.8720  0.3761  0.3134
Z -0.2405 -0.2285  0.9434

PART 30
OFFSET  21.3889  0.9243 -11.0273
X -0.1589 -0.9869  0.0285
Y -0.9408  0.1426 -0.3075
Z  0.2994 -0.0757 -0.9511

PART 31
OFFSET  21.0786 -1.0037 -10.9716
X -0.9424 -0.1815 -0.2810
Y -0.1641  0.9828 -0.0844
Z  0.2915 -0.0334 -0.9560

PART 32
OFFSET  19.7021 -1.2688 -11.3820
X -0.9346  0.1955 -0.2973
Y  0.1791  0.9804  0.0815
Z  0.3074  0.0229 -0.9513

PART 33
OFFSET  18.6457 -1.0480 -11.7256
X  0.5825 -0.7776  0.2367
Y  0.7595  0.6245  0.1821
Z -0.2894  0.0737  0.9544

PART 34
OFFSET  20.4593 -0.6991 -11.8352
X  0.3090 -0.0605 -0.9491
Y  0.1330  0.9909 -0.0199
Z  0.9417 -0.1201  0.3143

PART 35
OFFSET  17.6492  2.4274 -14.7780
X  0.8269 -0.3579  0.4338
Y  0.3739  0.9261  0.0514
Z -0.4201  0.1197  0.8995

PART 36
OFFSET  16.8178  1.0356 -15.2313
X  0.8269 -0.3579  0.4338
Y  0.3739  0.9261  0.0514
Z -0.4201  0.1197  0.8995

PART 37
OFFSET  16.9477  2.4116 -12.2792
X  0.8269 -0.3579  0.4338
Y  0.3739  0.9261  0.0514
Z -0.4201  0.1197  0.8995

PART 38
OFFSET  16.2825  1.2433 -12.2163
X  0.8269 -0.3579  0.4338
Y  0.3739  0.9261  0.0514
Z -0.4201  0.1197  0.8995

PART 39
OFFSET  16.1549  0.7155 -13.2844
X  0.8269 -0.3579  0.4338
Y  0.3739  0.9261  0.0514
Z -0.4201  0.1197  0.8995

PART 40
OFFSET  7.8197 -1.7599 -5.5879
X  0.9768  0.1714 -0.1280
Y -0.1901  0.9700 -0.1513
Z  0.0983  0.1721  0.9802

PART 41
OFFSET  7.8197 -1.7599 -5.5879
X  0.9768  0.1714 -0.1280
Y -0.1901  0.9700 -0.1513
Z  0.0983  0.1721  0.9802

PART 42
OFFSET  11.9585 -0.9753 -5.8558
X  0.9768  0.1714 -0.1280
Y -0.1901  0.9700 -0.1513
Z  0.0983  0.1721  0.9802

PART 43
OFFSET  14.6354 -1.0805 -4.2630
X  0.9768  0.1714 -0.1280
Y -0.1901  0.9700 -0.1513
Z  0.0983  0.1721  0.9802

PART 44
OFFSET -13.6982 -7.9373 -3.1869
X -0.6066  0.0214  0.7947
Y -0.1940 -0.9734 -0.1218
Z  0.7710 -0.2280  0.5946

PART 45
OFFSET -6.3623 -8.1962 -12.7984
X -0.8234 -0.2959 -0.4842
Y  0.5204 -0.0538 -0.8522
Z  0.2261 -0.9537  0.1983

PART 46
OFFSET  0.6412 -5.6795 -8.6803
X -0.8234 -0.2959 -0.4842
Y  0.5412 -0.1532 -0.8268
Z  0.1705 -0.9429  0.2863

PART 47
OFFSET  1.1817 -4.1224 -7.5808
X -0.8271 -0.2930 -0.4796
Y -0.2313  0.9552 -0.1846
Z  0.5122 -0.0418 -0.8578

PART 48
OFFSET  1.1358 -4.5356 -6.4569
X -0.8271 -0.2930 -0.4796
Y -0.2313  0.9552 -0.1846
Z  0.5122 -0.0418 -0.8578

PART 49
OFFSET  1.6295 -5.7809 -6.3299
X -0.8271 -0.2930 -0.4796
Y -0.2313  0.9552 -0.1846
Z  0.5122 -0.0418 -0.8578

PART 50
OFFSET  3.1656 -4.7723 -7.1960
X -0.9313 -0.3463 -0.1132
Y  0.2196 -0.2854 -0.9329
Z  0.2908 -0.8937  0.3418

PART 51
OFFSET  3.2532 -3.9742 -6.3852
X -0.4131 -0.8369 -0.3591
Y  0.4502  0.1551 -0.8794
Z  0.7916 -0.5250  0.3126

PART 52
OFFSET  4.0558 -2.1546 -5.5398
X -0.7931 -0.4491  0.4113
Y -0.0507 -0.6243 -0.7795
Z  0.6069 -0.6391  0.4724

PART 53
OFFSET  5.2652 -1.3952 -6.3033
X -0.4362  0.0378  0.8991
Y -0.5654 -0.7888 -0.2411
Z  0.7000 -0.6135  0.3654

PART 54
OFFSET  5.7145 -1.3946 -7.2882
X -0.8882  0.2595  0.3792
Y -0.1107  0.6802 -0.7246
Z -0.4460 -0.6855 -0.5755

PART 55
OFFSET  4.1299 -4.6043 -8.1682
X -0.8390 -0.3788  0.3905
Y  0.5066 -0.8057  0.3069
Z  0.1983  0.4554  0.8679

PART 56
OFFSET  5.9819 -3.5880 -8.9569
X  0.0819 -0.9711  0.2242
Y  0.9215 -0.0119 -0.3882
Z  0.3796  0.2384  0.8939

PART 57
OFFSET  5.8660 -2.2131 -9.2743
X  0.8459 -0.4790 -0.2346
Y  0.3930  0.8571 -0.3329
Z  0.3606  0.1894  0.9133

PART 58
OFFSET  5.1160 -1.7884 -9.0662
X  0.7978  0.3999 -0.4512
Y -0.4694  0.8816 -0.0485
Z  0.3784  0.2505  0.8911

PART 59
OFFSET  4.3581 -2.1684 -8.6376
X -0.3703 -0.8956  0.2467
Y -0.8200  0.4399  0.3663
Z -0.4366 -0.0666 -0.8972

PART 60
OFFSET  4.2294 -4.4632 -7.4756
X -0.8979 -0.3929  0.1987
Y  0.4396 -0.8259  0.3530
Z  0.0254  0.4043  0.9143

PART 61
OFFSET  6.5656 -3.5217 -8.1192
X  0.0652 -0.9381  0.3401
Y  0.9284 -0.0679 -0.3653
Z  0.3658  0.3396  0.8666

PART 62
OFFSET  6.4547 -1.9245 -8.6982
X  0.9189 -0.2834 -0.2744
Y  0.1624  0.9058 -0.3914
Z  0.3595  0.3151  0.8783

PART 63
OFFSET  5.1812 -1.5317 -8.3179
X  0.6988  0.5361 -0.4736
Y -0.6217  0.7826 -0.0315
Z  0.3537  0.3165  0.8802

PART 64
OFFSET  4.4233 -2.1131 -7.8043
X -0.2000 -0.8707  0.4493
Y -0.9245  0.3196  0.2078
Z -0.3245 -0.3738 -0.8689

PART 65
OFFSET -0.7401 -6.4512 -6.6952
X -0.8378 -0.5191  0.1689
Y -0.5400  0.7426 -0.3961
Z  0.0802 -0.4231 -0.9025

PART 66
OFFSET  6.7367 -3.5398 -5.9242
X -0.9076 -0.4032  0.1170
Y  0.4198 -0.8759  0.2380
Z  0.0065  0.2651  0.9642

PART 67
OFFSET  8.3347 -2.8299 -6.1301
X -0.9360 -0.3376  0.0997
Y  0.3518 -0.8875  0.2977
Z -0.0120  0.3138  0.9494

PART 68
OFFSET  9.4719 -2.4005 -6.1937
X -0.9593 -0.2822  0.0097
Y  0.2735 -0.9202  0.2801
Z -0.0701  0.2714  0.9599

PART 69
OFFSET  10.5554 -2.0818 -6.2046
X  0.0457  0.9989  0.0140
Y  0.9975 -0.0449 -0.0538
Z -0.0531  0.0164 -0.9985

PART 70
OFFSET  6.8234 -3.7261 -7.0097
X -0.0589 -0.9211  0.3849
Y  0.9832 -0.1202 -0.1372
Z  0.1727  0.3704  0.9127

PART 71
OFFSET  6.9384 -1.9267 -7.7616
X  0.9196 -0.3924 -0.0198
Y  0.3430  0.8262 -0.4469
Z  0.1917  0.4042  0.8944

PART 72
OFFSET  5.5953 -1.3535 -7.7327
X  0.7669  0.4864 -0.4188
Y -0.6145  0.7446 -0.2607
Z  0.1850  0.4573  0.8699

PART 73
OFFSET  4.7250 -1.9070 -7.2647
X -0.2073 -0.8777  0.4320
Y -0.9475  0.2901  0.1347
Z -0.2436 -0.3814 -0.8918

PART 74
OFFSET  1.1816 -4.1224 -7.5807
X -0.8271 -0.2930 -0.4796
Y -0.2313  0.9552 -0.1846
Z  0.5122 -0.0418 -0.8578

PART 75
OFFSET  1.1357 -4.5354 -6.4569
X -0.8271 -0.2930 -0.4796
Y -0.2313  0.9552 -0.1846
Z  0.5122 -0.0418 -0.8578

PART 76
OFFSET  1.6295 -5.7810 -6.3299
X -0.8271 -0.2930 -0.4796
Y -0.2313  0.9552 -0.1846
