// Export filename: `C:\projects\cod\t5\xanim_export\t5_viewmodels\ak74u\ak74u_grenadier_sprint_out.XANIM_EXPORT`
// Source filename: `D:\projects\devanim\t5\animation_assets\viewmodels\ak74u/t5_viewmodel_ak74u_animated2.fbx`
// Export time: Fri Aug 27 23:42:44 2010

ANIMATION
VERSION 3

NUMPARTS 80
PART 0 "tag_ads"
PART 1 "tag_torso"
PART 2 "J_Shoulder_LE"
PART 3 "J_Elbow_LE"
PART 4 "J_WristTwist_LE"
PART 5 "J_Sleave_Reshape_Bottom_LE_1"
PART 6 "J_Sleave_Reshape_Bottom_LE_2"
PART 7 "J_Sleave_Reshape_Top_LE_1"
PART 8 "J_Sleave_Reshape_Top_LE_2"
PART 9 "J_Sleave_Reshape_Top_LE_3"
PART 10 "J_Wrist_LE"
PART 11 "J_Thumb_LE_0"
PART 12 "J_Thumb_LE_1"
PART 13 "J_Thumb_LE_2"
PART 14 "J_Thumb_LE_3"
PART 15 "J_PinkyPalm_LE"
PART 16 "J_Pinky_LE_0"
PART 17 "J_Pinky_LE_1"
PART 18 "J_Pinky_LE_2"
PART 19 "J_Pinky_LE_3"
PART 20 "J_RingPalm_LE"
PART 21 "J_Ring_LE_0"
PART 22 "J_Ring_LE_1"
PART 23 "J_Ring_LE_2"
PART 24 "J_Ring_LE_3"
PART 25 "J_Webbing_LE"
PART 26 "J_Index_LE_0"
PART 27 "J_Index_LE_1"
PART 28 "J_Index_LE_2"
PART 29 "J_Index_LE_3"
PART 30 "J_Mid_LE_0"
PART 31 "J_Mid_LE_1"
PART 32 "J_Mid_LE_2"
PART 33 "J_Mid_LE_3"
PART 34 "tag_knife_attach"
PART 35 "D_Sleave_Reshape_Bottom_LE_1"
PART 36 "D_Sleave_Reshape_Bottom_LE_2"
PART 37 "D_Sleave_Reshape_Top_LE_1"
PART 38 "D_Sleave_Reshape_Top_LE_2"
PART 39 "D_Sleave_Reshape_Top_LE_3"
PART 40 "tag_weapon"
PART 41 "J_Gun"
PART 42 "TAG_CLIP"
PART 43 "J_Bolt"
PART 44 "J_Shoulder_RI"
PART 45 "J_Elbow_RI"
PART 46 "J_WristTwist_RI"
PART 47 "J_Sleave_Reshape_Top_RI_3"
PART 48 "J_Sleave_Reshape_Top_RI_2"
PART 49 "J_Sleave_Reshape_Top_RI_1"
PART 50 "J_Wrist_RI"
PART 51 "J_Thumb_RI_0"
PART 52 "J_Thumb_RI_1"
PART 53 "J_Thumb_RI_2"
PART 54 "J_Thumb_RI_3"
PART 55 "J_PinkyPalm_RI"
PART 56 "J_Pinky_RI_0"
PART 57 "J_Pinky_RI_1"
PART 58 "J_Pinky_RI_2"
PART 59 "J_Pinky_RI_3"
PART 60 "J_RingPalm_RI"
PART 61 "J_Ring_RI_0"
PART 62 "J_Ring_RI_1"
PART 63 "J_Ring_RI_2"
PART 64 "J_Ring_RI_3"
PART 65 "J_Webbing_RI"
PART 66 "J_Index_RI_0"
PART 67 "J_Index_RI_1"
PART 68 "J_Index_RI_2"
PART 69 "J_Index_RI_3"
PART 70 "J_Mid_RI_0"
PART 71 "J_Mid_RI_1"
PART 72 "J_Mid_RI_2"
PART 73 "J_Mid_RI_3"
PART 74 "D_Sleave_Reshape_Top_RI_3"
PART 75 "D_Sleave_Reshape_Top_RI_2"
PART 76 "D_Sleave_Reshape_Top_RI_1"
PART 77 "tag_cambone"
PART 78 "tag_camera"
PART 79 "tag_gasmask"

FRAMERATE 30
NUMFRAMES 11

FRAME 1990
PART 0
OFFSET  0.0000 -0.0000 -0.0000
X  1.0000 -0.0000  0.0000
Y  0.0000  1.0000  0.0000
Z  0.0000 -0.0000  1.0000

PART 1
OFFSET -4.6318 -0.0000 -1.3770
X  1.0000 -0.0000  0.0000
Y  0.0000  1.0000  0.0000
Z  0.0000 -0.0000  1.0000

PART 2
OFFSET  0.3425  8.0297 -9.9517
X  0.6400 -0.1979 -0.7425
Y  0.0456 -0.9548  0.2938
Z -0.7670 -0.2219 -0.6020

PART 3
OFFSET  8.0826  5.6364 -18.9309
X  0.9277 -0.3557  0.1137
Y -0.1255 -0.0102  0.9920
Z -0.3517 -0.9346 -0.0541

PART 4
OFFSET  15.9727  2.6111 -17.9635
X  0.9277 -0.3557  0.1137
Y  0.1321  0.5974  0.7910
Z -0.3493 -0.7187  0.6012

PART 5
OFFSET  18.0892  3.5737 -18.3752
X  0.9294 -0.3531  0.1080
Y  0.3508  0.9356  0.0395
Z -0.1150  0.0012  0.9934

PART 6
OFFSET  16.8142  1.5807 -19.1333
X  0.9294 -0.3531  0.1080
Y  0.3508  0.9356  0.0395
Z -0.1150  0.0012  0.9934

PART 7
OFFSET  17.8458  2.6473 -16.2310
X  0.9294 -0.3531  0.1080
Y  0.3508  0.9356  0.0395
Z -0.1150  0.0012  0.9934

PART 8
OFFSET  17.2605  1.4425 -16.0998
X  0.9294 -0.3531  0.1080
Y  0.3508  0.9356  0.0395
Z -0.1150  0.0012  0.9934

PART 9
OFFSET  16.8114  1.0223 -17.1281
X  0.9294 -0.3531  0.1080
Y  0.3508  0.9356  0.0395
Z -0.1150  0.0012  0.9934

PART 10
OFFSET  18.8166  1.5207 -17.6149
X  0.6474  0.6461  0.4043
Y -0.6526  0.1959  0.7319
Z  0.3937 -0.7377  0.5485

PART 11
OFFSET  18.6397  1.6975 -16.5014
X  0.1917 -0.1023  0.9761
Y -0.9727  0.1126  0.2028
Z -0.1307 -0.9884 -0.0779

PART 12
OFFSET  18.9490  1.4330 -14.3792
X  0.9586  0.1086  0.2632
Y -0.2517 -0.1085  0.9617
Z  0.1330 -0.9881 -0.0767

PART 13
OFFSET  20.5264  1.5041 -14.0203
X  0.7377  0.0275 -0.6745
Y  0.6750 -0.0421  0.7366
Z -0.0081 -0.9987 -0.0496

PART 14
OFFSET  21.3353  1.4874 -14.7394
X  0.6889  0.6532 -0.3143
Y -0.6219  0.7554  0.2067
Z  0.3724  0.0530  0.9265

PART 15
OFFSET  20.1428  1.7085 -17.9456
X  0.9203  0.3862 -0.0628
Y  0.3637 -0.7852  0.5011
Z  0.1442 -0.4840 -0.8631

PART 16
OFFSET  22.2341  2.5505 -17.8996
X  0.2009 -0.5781  0.7909
Y -0.8799 -0.4614 -0.1138
Z  0.4307 -0.6730 -0.6013

PART 17
OFFSET  22.5185  1.7320 -16.7799
X -0.8155 -0.5469  0.1892
Y -0.4216  0.3375 -0.8416
Z  0.3964 -0.7661 -0.5059

PART 18
OFFSET  21.7954  1.2471 -16.6121
X -0.7754 -0.5818  0.2456
Y -0.5083  0.3442 -0.7894
Z  0.3747 -0.7369 -0.5626

PART 19
OFFSET  21.0588  0.6944 -16.3788
X  0.8579  0.3355  0.3891
Y  0.1626  0.5411 -0.8251
Z -0.4873  0.7712  0.4097

PART 20
OFFSET  19.7965  2.0839 -17.4469
X  0.8189  0.5502  0.1633
Y  0.4086 -0.7587  0.5074
Z  0.4031 -0.3488 -0.8461

PART 21
OFFSET  21.9727  3.4768 -17.1600
X  0.3892 -0.6427  0.6600
Y -0.8412 -0.5399 -0.0298
Z  0.3755 -0.5436 -0.7507

PART 22
OFFSET  22.6352  2.3827 -16.0364
X -0.7372 -0.6665  0.1111
Y -0.5500  0.4964 -0.6716
Z  0.3924 -0.5562 -0.7325

PART 23
OFFSET  21.6135  1.4590 -15.8824
X -0.8218 -0.5696 -0.0162
Y -0.4085  0.6087 -0.6801
Z  0.3973 -0.5523 -0.7329

PART 24
OFFSET  20.7223  0.8413 -15.9000
X  0.9262  0.0918  0.3658
Y  0.1196  0.8483 -0.5158
Z -0.3576  0.5214  0.7747

PART 25
OFFSET  19.9872  3.4281 -14.9124
X  0.8448  0.3649  0.3913
Y -0.2138  0.9007 -0.3783
Z -0.4905  0.2359  0.8389

PART 26
OFFSET  20.7007  4.4601 -15.6914
X  0.6502 -0.5847  0.4851
Y -0.6921 -0.7193  0.0607
Z  0.3134 -0.3751 -0.8724

PART 27
OFFSET  21.8456  3.4306 -14.8373
X -0.5333 -0.8416  0.0857
Y -0.7515  0.4248 -0.5047
Z  0.3883 -0.3336 -0.8590

PART 28
OFFSET  21.1737  2.4278 -14.6809
X -0.7719 -0.6330  0.0591
Y -0.5439  0.6095 -0.5768
Z  0.3290 -0.4774 -0.8148

PART 29
OFFSET  20.3018  1.7129 -14.6141
X  0.8349 -0.4784  0.2722
Y  0.5227  0.8441 -0.1194
Z -0.1727  0.2419  0.9548

PART 30
OFFSET  21.4103  4.0464 -16.4301
X  0.3687 -0.7425  0.5593
Y -0.8483 -0.5147 -0.1240
Z  0.3799 -0.4287 -0.8197

PART 31
OFFSET  22.1306  2.5959 -15.3376
X -0.6856 -0.7252  0.0629
Y -0.6372  0.5561 -0.5335
Z  0.3519 -0.4059 -0.8434

PART 32
OFFSET  21.1292  1.5366 -15.2457
X -0.8711 -0.4696 -0.1437
Y -0.3580  0.8076 -0.4686
Z  0.3361 -0.3568 -0.8716

PART 33
OFFSET  20.1452  1.0016 -15.4143
X  0.8751 -0.1329  0.4652
Y  0.3110  0.8911 -0.3304
Z -0.3707  0.4338  0.8212

PART 34
OFFSET  21.5235  2.0426 -16.0774
X  0.3802 -0.4126 -0.8278
Y -0.3937  0.7377 -0.5485
Z  0.8370  0.5344  0.1180

PART 35
OFFSET  17.7165  2.9631 -18.8039
X  0.9294 -0.3531  0.1080
Y  0.3508  0.9356  0.0395
Z -0.1150  0.0012  0.9934

PART 36
OFFSET  16.8142  1.5807 -19.1333
X  0.9294 -0.3531  0.1080
Y  0.3508  0.9356  0.0395
Z -0.1150  0.0012  0.9934

PART 37
OFFSET  17.8458  2.6473 -16.2310
X  0.9294 -0.3531  0.1080
Y  0.3508  0.9356  0.0395
Z -0.1150  0.0012  0.9934

PART 38
OFFSET  17.2605  1.4425 -16.0998
X  0.9294 -0.3531  0.1080
Y  0.3508  0.9356  0.0395
Z -0.1150  0.0012  0.9934

PART 39
OFFSET  16.8114  1.0223 -17.1281
X  0.9294 -0.3531  0.1080
Y  0.3508  0.9356  0.0395
Z -0.1150  0.0012  0.9934

PART 40
OFFSET  10.7208 -1.2765 -7.5804
X  0.7570  0.5117 -0.4063
Y -0.6468  0.4986 -0.5771
Z -0.0927  0.6997  0.7084

PART 41
OFFSET  10.7208 -1.2765 -7.5804
X  0.7570  0.5117 -0.4063
Y -0.6468  0.4986 -0.5771
Z -0.0927  0.6997  0.7084

PART 42
OFFSET  13.8736  1.0815 -9.1026
X  0.7570  0.5117 -0.4063
Y -0.6468  0.4986 -0.5771
Z -0.0927  0.6997  0.7084

PART 43
OFFSET  16.0685  3.1449 -8.3038
X  0.7570  0.5117 -0.4063
Y -0.6468  0.4986 -0.5771
Z -0.0927  0.6997  0.7084

PART 44
OFFSET -13.9227 -7.9373 -3.1869
X -0.9106 -0.0126  0.4130
Y -0.1284 -0.9414 -0.3120
Z  0.3927 -0.3372  0.8556

PART 45
OFFSET -2.9096 -7.7844 -8.1819
X -0.9810 -0.1160 -0.1558
Y  0.1724 -0.1505 -0.9735
Z  0.0895 -0.9818  0.1677

PART 46
OFFSET  5.4339 -6.7977 -6.8569
X -0.9810 -0.1160 -0.1558
Y  0.1861 -0.7913 -0.5824
Z -0.0557 -0.6003  0.7978

PART 47
OFFSET  6.6147 -5.3957 -6.1049
X -0.9822 -0.1124 -0.1504
Y -0.0892  0.9842 -0.1532
Z  0.1653 -0.1371 -0.9767

PART 48
OFFSET  6.8804 -5.8021 -5.0095
X -0.9822 -0.1124 -0.1504
Y -0.0892  0.9842 -0.1532
Z  0.1653 -0.1371 -0.9767

PART 49
OFFSET  7.1337 -7.1235 -4.9818
X -0.9822 -0.1124 -0.1504
Y -0.0892  0.9842 -0.1532
Z  0.1653 -0.1371 -0.9767

PART 50
OFFSET  8.4412 -6.4421 -6.3794
X -0.6066 -0.7425  0.2840
Y  0.4179 -0.6017 -0.6807
Z  0.6763 -0.2942  0.6753

PART 51
OFFSET  8.0331 -5.4066 -6.1275
X  0.1113 -0.9710  0.2117
Y  0.3794 -0.1554 -0.9121
Z  0.9185  0.1819  0.3511

PART 52
OFFSET  7.7040 -3.3059 -6.5129
X -0.4816 -0.4593  0.7464
Y  0.3435 -0.8825 -0.3214
Z  0.8063  0.1016  0.5827

PART 53
OFFSET  8.4115 -2.6285 -7.8024
X -0.4685  0.3079  0.8281
Y -0.0549 -0.9457  0.3205
Z  0.8818  0.1047  0.4599

PART 54
OFFSET  8.8787 -2.9501 -8.7243
X -0.9236 -0.0349  0.3819
Y -0.3828  0.0257 -0.9235
Z  0.0224 -0.9991 -0.0371

PART 55
OFFSET  9.2653 -6.3986 -7.4850
X -0.5528 -0.4503  0.7011
Y  0.8206 -0.1478  0.5521
Z -0.1450  0.8806  0.4512

PART 56
OFFSET  10.3857 -5.2405 -9.0624
X  0.5548 -0.5015  0.6639
Y  0.8233  0.2158 -0.5249
Z  0.1199  0.8378  0.5326

PART 57
OFFSET  9.6003 -4.5305 -10.0023
X  0.9894 -0.0624 -0.1313
Y -0.0698  0.5886 -0.8054
Z  0.1275  0.8060  0.5780

PART 58
OFFSET  8.7230 -4.4752 -9.8858
X  0.5188  0.3995 -0.7558
Y -0.8473  0.3579 -0.3925
Z  0.1137  0.8440  0.5242

PART 59
OFFSET  8.2301 -4.8547 -9.1678
X  0.1186 -0.6523  0.7487
Y -0.9592  0.1197  0.2563
Z -0.2568 -0.7485 -0.6114

PART 60
OFFSET  9.2154 -5.8765 -7.0008
X -0.5794 -0.5903  0.5620
Y  0.7695 -0.1688  0.6160
Z -0.2688  0.7893  0.5520

PART 61
OFFSET  10.7761 -4.4653 -8.5277
X  0.5126 -0.4258  0.7457
Y  0.8563  0.1897 -0.4803
Z  0.0631  0.8847  0.4618

PART 62
OFFSET  9.9034 -3.7405 -9.7972
X  0.9548  0.0830 -0.2855
Y -0.2891  0.4833 -0.8263
Z  0.0694  0.8715  0.4855

PART 63
OFFSET  8.5802 -3.8555 -9.4016
X  0.3595  0.4358 -0.8252
Y -0.9310  0.2278 -0.2853
Z  0.0636  0.8708  0.4876

PART 64
OFFSET  8.1903 -4.3281 -8.5067
X  0.2404 -0.4443  0.8630
Y -0.9706 -0.1008  0.2185
Z -0.0101 -0.8902 -0.4555

PART 65
OFFSET  5.9257 -9.1814 -4.2598
X -0.4635 -0.6641  0.5866
Y -0.8065  0.0420 -0.5897
Z  0.3670 -0.7465 -0.5551

PART 66
OFFSET  10.7411 -3.2043 -6.7217
X -0.6135 -0.6264  0.4810
Y  0.7605 -0.3043  0.5736
Z -0.2129  0.7177  0.6630

PART 67
OFFSET  11.8212 -2.1015 -7.5685
X -0.5898 -0.6314  0.5035
Y  0.7676 -0.2447  0.5924
Z -0.2509  0.7359  0.6289

PART 68
OFFSET  12.5230 -1.2892 -8.1424
X -0.5671 -0.6824  0.4612
Y  0.7761 -0.2552  0.5766
Z -0.2757  0.6849  0.6744

PART 69
OFFSET  13.1635 -0.5184 -8.6633
X -0.5936  0.6452 -0.4810
Y  0.8048  0.4768 -0.3536
Z  0.0012 -0.5969 -0.8023

PART 70
OFFSET  11.0084 -3.8835 -7.5510
X  0.3896 -0.4530  0.8019
Y  0.9133  0.3025 -0.2728
Z -0.1190  0.8386  0.5315

PART 71
OFFSET  10.2473 -2.9985 -9.1175
X  0.9894  0.1445 -0.0144
Y -0.0839  0.4879 -0.8689
Z -0.1185  0.8609  0.4948

PART 72
OFFSET  8.8022 -3.2095 -9.0965
X  0.4436  0.4651 -0.7661
Y -0.8838  0.0850 -0.4602
Z -0.1489  0.8812  0.4488

PART 73
OFFSET  8.3002 -3.7425 -8.2323
X  0.2338 -0.4672  0.8526
Y -0.9703 -0.1680  0.1740
Z  0.0619 -0.8680 -0.4927

PART 74
OFFSET  6.6147 -5.3957 -6.1049
X -0.9822 -0.1124 -0.1504
Y -0.0892  0.9842 -0.1532
Z  0.1653 -0.1371 -0.9767

PART 75
OFFSET  6.8803 -5.8019 -5.0094
X -0.9822 -0.1124 -0.1504
Y -0.0892  0.9842 -0.1532
Z  0.1653 -0.1371 -0.9767

PART 76
OFFSET  7.1337 -7.1235 -4.9819
X -0.9822 -0.1124 -0.1504
Y -0.0892  0.9842 -0.1532
Z  0.1653 -0.1371 -0.9767

PART 77
OFFSET  0.0000 -0.0000 -0.0000
X  1.0000 -0.0000  0.0000
Y  0.0000  1.0000  0.0000
Z  0.0000 -0.0000  1.0000

PART 78
OFFSET  0.0000 -0.0000 -0.0000
X  1.0000 -0.0000  0.0000
Y  0.0000  1.0000  0.0000
Z  0.0000 -0.0000  1.0000

PART 79
OFFSET  1.5404 -0.0000  4.1357
X  1.0000 -0.0000  0.0000
Y  0.0000  1.0000  0.0000
Z  0.0000 -0.0000  1.0000


FRAME 1991
PART 0
OFFSET  0.0000 -0.0000 -0.0000
X  1.0000 -0.0000  0.0000
Y  0.0000  1.0000  0.0000
Z  0.0000 -0.0000  1.0000

PART 1
OFFSET -4.6318 -0.0000 -1.3770
X  1.0000 -0.0000  0.0000
Y  0.0000  1.0000  0.0000
Z  0.0000 -0.0000  1.0000

PART 2
OFFSET  0.3425  8.0297 -9.9517
X  0.6427 -0.2014 -0.7392
Y  0.0351 -0.9561  0.2911
Z -0.7653 -0.2130 -0.6074

PART 3
OFFSET  8.1149  5.5935 -18.8913
X  0.9213 -0.3647  0.1352
Y -0.1475 -0.0058  0.9890
Z -0.3599 -0.9311 -0.0592

PART 4
OFFSET  15.9506  2.4917 -17.7410
X  0.9213 -0.3647  0.1352
Y  0.0850  0.5280  0.8450
Z -0.3796 -0.7670  0.5174

PART 5
OFFSET  18.0853  3.4316 -18.1085
X  0.9231 -0.3621  0.1295
Y  0.3594  0.9321  0.0446
Z -0.1368  0.0054  0.9906

PART 6
OFFSET  16.8073  1.4492 -18.8889
X  0.9231 -0.3621  0.1295
Y  0.3594  0.9321  0.0446
Z -0.1368  0.0054  0.9906

PART 7
OFFSET  17.7853  2.5143 -15.9676
X  0.9231 -0.3621  0.1295
Y  0.3594  0.9321  0.0446
Z -0.1368  0.0054  0.9906

PART 8
OFFSET  17.1849  1.3159 -15.8460
X  0.9231 -0.3621  0.1295
Y  0.3594  0.9321  0.0446
Z -0.1368  0.0054  0.9906

PART 9
OFFSET  16.7544  0.8970 -16.8828
X  0.9231 -0.3621  0.1295
Y  0.3594  0.9321  0.0446
Z -0.1368  0.0054  0.9906

PART 10
OFFSET  18.7749  1.3737 -17.3264
X  0.6784  0.5881  0.4404
Y -0.6475  0.1953  0.7366
Z  0.3472 -0.7849  0.5132

PART 11
OFFSET  18.5978  1.5044 -16.2067
X  0.1767 -0.1613  0.9710
Y -0.9668  0.1564  0.2019
Z -0.1844 -0.9744 -0.1283

PART 12
OFFSET  18.8723  1.1177 -14.0984
X  0.9607  0.0417  0.2745
Y -0.2662 -0.1421  0.9534
Z  0.0788 -0.9890 -0.1254

PART 13
OFFSET  20.4479  1.0828 -13.7262
X  0.7443  0.0199 -0.6675
Y  0.6648 -0.1163  0.7379
Z -0.0629 -0.9930 -0.0998

PART 14
OFFSET  21.2612  1.0569 -14.4401
X  0.7269  0.6286 -0.2766
Y -0.5810  0.7776  0.2404
Z  0.3662 -0.0141  0.9304

PART 15
OFFSET  20.1124  1.5036 -17.6388
X  0.9408  0.3370 -0.0374
Y  0.3151 -0.8283  0.4633
Z  0.1252 -0.4477 -0.8854

PART 16
OFFSET  22.2466  2.2243 -17.5370
X  0.1612 -0.6271  0.7621
Y -0.9030 -0.4054 -0.1425
Z  0.3983 -0.6651 -0.6316

PART 17
OFFSET  22.4749  1.3365 -16.4580
X -0.8463 -0.5094  0.1562
Y -0.3945  0.4020 -0.8263
Z  0.3581 -0.7609 -0.5412

PART 18
OFFSET  21.7246  0.8849 -16.3195
X -0.8086 -0.5492  0.2110
Y -0.4811  0.4109 -0.7744
Z  0.3386 -0.7277 -0.5965

PART 19
OFFSET  20.9563  0.3632 -16.1190
X  0.8716  0.2674  0.4110
Y  0.1999  0.5716 -0.7958
Z -0.4477  0.7757  0.4447

PART 20
OFFSET  19.7828  1.8723 -17.1240
X  0.8465  0.4949  0.1960
Y  0.3613 -0.8046  0.4713
Z  0.3909 -0.3282 -0.8599

PART 21
OFFSET  22.0300  3.1258 -16.7535
X  0.3469 -0.6954  0.6293
Y -0.8695 -0.4901 -0.0623
Z  0.3517 -0.5256 -0.7746

PART 22
OFFSET  22.6206  1.9418 -15.6821
X -0.7740 -0.6291  0.0727
Y -0.5155  0.5591 -0.6493
Z  0.3678 -0.5401 -0.7570

PART 23
OFFSET  21.5480  1.0700 -15.5813
X -0.8518 -0.5214 -0.0501
Y -0.3679  0.6637 -0.6513
Z  0.3729 -0.5363 -0.7572

PART 24
OFFSET  20.6241  0.5045 -15.6356
X  0.9264  0.0217  0.3759
Y  0.1711  0.8650 -0.4717
Z -0.3354  0.5013  0.7976

PART 25
OFFSET  20.0242  3.0759 -14.5241
X  0.8601  0.2973  0.4146
Y -0.1601  0.9289 -0.3339
Z -0.4844  0.2208  0.8465

PART 26
OFFSET  20.8009  4.1041 -15.2455
X  0.6124 -0.6435  0.4593
Y -0.7313 -0.6817  0.0200
Z  0.3002 -0.3481 -0.8881

PART 27
OFFSET  21.8791  2.9711 -14.4369
X -0.5798 -0.8138  0.0399
Y -0.7222  0.4907 -0.4876
Z  0.3772 -0.3115 -0.8722

PART 28
OFFSET  21.1513  2.0007 -14.3354
X -0.8063 -0.5911  0.0222
Y -0.5040  0.6668 -0.5489
Z  0.3096 -0.4538 -0.8356

PART 29
OFFSET  20.2406  1.3330 -14.3103
X  0.8046 -0.5372  0.2532
Y  0.5697  0.8186 -0.0734
Z -0.1679  0.2033  0.9646

PART 30
OFFSET  21.4933  3.6887 -15.9995
X  0.3219 -0.7888  0.5236
Y -0.8743 -0.4598 -0.1552
Z  0.3632 -0.4079 -0.8377

PART 31
OFFSET  22.1221  2.1477 -14.9766
X -0.7253 -0.6881  0.0220
Y -0.6005  0.6167 -0.5090
Z  0.3367 -0.3823 -0.8605

PART 32
OFFSET  21.0628  1.1426 -14.9446
X -0.8944 -0.4126 -0.1728
Y -0.3085  0.8486 -0.4298
Z  0.3239 -0.3311 -0.8863

PART 33
OFFSET  20.0523  0.6724 -15.1462
X  0.8621 -0.2045  0.4636
Y  0.3629  0.8878 -0.2832
Z -0.3537  0.4123  0.8396

PART 34
OFFSET  21.4921  1.6667 -15.7472
X  0.3644 -0.3914 -0.8450
Y -0.3472  0.7849 -0.5132
Z  0.8641  0.4804  0.1501

PART 35
OFFSET  17.7160  2.8235 -18.5436
X  0.9231 -0.3621  0.1295
Y  0.3594  0.9321  0.0446
Z -0.1368  0.0054  0.9906

PART 36
OFFSET  16.8073  1.4492 -18.8889
X  0.9231 -0.3621  0.1295
Y  0.3594  0.9321  0.0446
Z -0.1368  0.0054  0.9906

PART 37
OFFSET  17.7853  2.5143 -15.9676
X  0.9231 -0.3621  0.1295
Y  0.3594  0.9321  0.0446
Z -0.1368  0.0054  0.9906

PART 38
OFFSET  17.1849  1.3159 -15.8460
X  0.9231 -0.3621  0.1295
Y  0.3594  0.9321  0.0446
Z -0.1368  0.0054  0.9906

PART 39
OFFSET  16.7544  0.8970 -16.8828
X  0.9231 -0.3621  0.1295
Y  0.3594  0.9321  0.0446
Z -0.1368  0.0054  0.9906

PART 40
OFFSET  10.4443 -1.4645 -7.4977
X  0.7879  0.4883 -0.3752
Y -0.6128  0.5620 -0.5555
Z -0.0604  0.6676  0.7421

PART 41
OFFSET  10.4443 -1.4645 -7.4977
X  0.7879  0.4883 -0.3752
Y -0.6128  0.5620 -0.5555
Z -0.0604  0.6676  0.7421

PART 42
OFFSET  13.7367  0.7870 -8.8791
X  0.7879  0.4883 -0.3752
Y -0.6128  0.5620 -0.5555
Z -0.0604  0.6676  0.7421

PART 43
OFFSET  16.0350  2.6826 -7.9634
X  0.7879  0.4883 -0.3752
Y -0.6128  0.5620 -0.5555
Z -0.0604  0.6676  0.7421

PART 44
OFFSET -13.9227 -7.9373 -3.1869
X -0.8749  0.0036  0.4843
Y -0.1664 -0.9413 -0.2937
Z  0.4548 -0.3375  0.8242

PART 45
OFFSET -3.3416 -7.9806 -9.0437
X -0.9691 -0.1238 -0.2136
Y  0.2304 -0.1433 -0.9625
Z  0.0885 -0.9819  0.1674

PART 46
OFFSET  4.9006 -6.9279 -7.2273
X -0.9691 -0.1238 -0.2136
Y  0.2378 -0.6996 -0.6738
Z -0.0660 -0.7037  0.7074

PART 47
OFFSET  6.0225 -5.5199 -6.4000
X -0.9707 -0.1202 -0.2083
Y -0.0891  0.9842 -0.1530
Z  0.2234 -0.1299 -0.9660

PART 48
OFFSET  6.2273 -5.9303 -5.2930
X -0.9707 -0.1202 -0.2083
Y -0.0891  0.9842 -0.1530
Z  0.2234 -0.1299 -0.9660

PART 49
OFFSET  6.4907 -7.2495 -5.2576
X -0.9707 -0.1202 -0.2083
Y -0.0891  0.9842 -0.1530
Z  0.2234 -0.1299 -0.9660

PART 50
OFFSET  7.8714 -6.5484 -6.5726
X -0.6494 -0.7208  0.2424
Y  0.3902 -0.5894 -0.7073
Z  0.6527 -0.3647  0.6640

PART 51
OFFSET  7.5190 -5.5056 -6.2716
X  0.0555 -0.9850  0.1634
Y  0.3786 -0.1306 -0.9163
Z  0.9239  0.1127  0.3657

PART 52
OFFSET  7.3101 -3.3733 -6.5531
X -0.5131 -0.4683  0.7193
Y  0.2971 -0.8831 -0.3631
Z  0.8053  0.0274  0.5923

PART 53
OFFSET  8.0660 -2.6730 -7.8022
X -0.4584  0.2918  0.8395
Y -0.1101 -0.9559  0.2722
Z  0.8819  0.0323  0.4703

PART 54
OFFSET  8.5232 -2.9738 -8.7362
X -0.9276 -0.0023  0.3737
Y -0.3723  0.0930 -0.9235
Z -0.0326 -0.9957 -0.0871

PART 55
OFFSET  8.7068 -6.4959 -7.6693
X -0.5834 -0.4532  0.6740
Y  0.8060 -0.2206  0.5492
Z -0.1002  0.8637  0.4940

PART 56
OFFSET  9.9041 -5.3248 -9.1792
X  0.5200 -0.5641  0.6414
Y  0.8388  0.1955 -0.5081
Z  0.1612  0.8022  0.5748

PART 57
OFFSET  9.1679 -4.5262 -10.0873
X  0.9856 -0.1108 -0.1279
Y -0.0297  0.6310 -0.7752
Z  0.1666  0.7678  0.6186

PART 58
OFFSET  8.2941 -4.4280 -9.9739
X  0.5471  0.4071 -0.7314
Y -0.8225  0.4236 -0.3795
Z  0.1553  0.8092  0.5666

PART 59
OFFSET  7.7743 -4.8148 -9.2790
X  0.0754 -0.6944  0.7157
Y -0.9534  0.1601  0.2558
Z -0.2922 -0.7016 -0.6499

PART 60
OFFSET  8.6815 -5.9966 -7.1598
X -0.6164 -0.5844  0.5278
Y  0.7532 -0.2419  0.6117
Z -0.2298  0.7746  0.5893

PART 61
OFFSET  10.3319 -4.6003 -8.6038
X  0.4813 -0.4903  0.7266
Y  0.8699  0.1653 -0.4647
Z  0.1077  0.8557  0.5061

PART 62
OFFSET  9.5124 -3.7656 -9.8408
X  0.9605  0.0438 -0.2748
Y -0.2542  0.5393 -0.8028
Z  0.1130  0.8410  0.5291

PART 63
OFFSET  8.1812 -3.8262 -9.4600
X  0.3906  0.4556 -0.7999
Y -0.9143  0.2932 -0.2795
Z  0.1072  0.8405  0.5311

PART 64
OFFSET  7.7576 -4.3203 -8.5925
X  0.2075 -0.4995  0.8411
Y -0.9767 -0.0573  0.2069
Z -0.0552 -0.8644 -0.4997

PART 65
OFFSET  5.1887 -9.2455 -4.6096
X -0.5049 -0.6656  0.5495
Y -0.7975  0.1162 -0.5920
Z  0.3302 -0.7372 -0.5895

PART 66
OFFSET  10.3500 -3.4308 -6.7369
X -0.6516 -0.6144  0.4449
Y  0.7371 -0.3745  0.5625
Z -0.1790  0.6945  0.6969

PART 67
OFFSET  11.4973 -2.3491 -7.5202
X -0.6285 -0.6218  0.4673
Y  0.7474 -0.3163  0.5843
Z -0.2155  0.7165  0.6635

PART 68
OFFSET  12.2482 -1.5496 -8.0480
X -0.6082 -0.6719  0.4227
Y  0.7555 -0.3265  0.5680
Z -0.2436  0.6648  0.7062

PART 69
OFFSET  12.9352 -0.7907 -8.5254
X -0.5525  0.7005 -0.4517
Y  0.8331  0.4483 -0.3239
Z -0.0244 -0.5553 -0.8313

PART 70
OFFSET  10.5870 -4.0817 -7.5975
X  0.3565 -0.5134  0.7806
Y  0.9311  0.2643 -0.2514
Z -0.0773  0.8164  0.5722

PART 71
OFFSET  9.8906 -3.0787 -9.1224
X  0.9960  0.0896 -0.0008
Y -0.0487  0.5345 -0.8438
Z -0.0752  0.8404  0.5367

PART 72
OFFSET  8.4358 -3.2096 -9.1214
X  0.4757  0.4773 -0.7388
Y -0.8734  0.1569 -0.4610
Z -0.1041  0.8646  0.4915

PART 73
OFFSET  7.8971 -3.7562 -8.2883
X  0.1997 -0.5215  0.8296
Y -0.9797 -0.1221  0.1591
Z  0.0184 -0.8445 -0.5353

PART 74
OFFSET  6.0225 -5.5198 -6.4000
X -0.9707 -0.1202 -0.2083
Y -0.0891  0.9842 -0.1530
Z  0.2234 -0.1299 -0.9660

PART 75
OFFSET  6.2273 -5.9301 -5.2930
X -0.9707 -0.1202 -0.2083
Y -0.0891  0.9842 -0.1530
Z  0.2234 -0.1299 -0.9660

PART 76
OFFSET  6.4907 -7.2495 -5.2577
X -0.9707 -0.1202 -0.2083
Y -0.0891  0.9842 -0.1530
Z  0.2234 -0.1299 -0.9660

PART 77
OFFSET  0.0000 -0.0000 -0.0000
X  1.0000 -0.0000  0.0000
Y  0.0000  1.0000  0.0000
Z  0.0000 -0.0000  1.0000

PART 78
OFFSET  0.0000 -0.0000 -0.0000
X  1.0000 -0.0000  0.0000
Y  0.0000  1.0000  0.0000
Z  0.0000 -0.0000  1.0000

PART 79
OFFSET  1.5404 -0.0000  4.1357
X  1.0000 -0.0000  0.0000
Y  0.0000  1.0000  0.0000
Z  0.0000 -0.0000  1.0000


FRAME 1992
PART 0
OFFSET  0.0000 -0.0000 -0.0000
X  1.0000 -0.0000  0.0000
Y  0.0000  1.0000  0.0000
Z  0.0000 -0.0000  1.0000

PART 1
OFFSET -4.6318 -0.0000 -1.3770
X  1.0000 -0.0000  0.0000
Y  0.0000  1.0000  0.0000
Z  0.0000 -0.0000  1.0000

PART 2
OFFSET  0.3425  8.0297 -9.9517
X  0.6468 -0.2063 -0.7342
Y  0.0220 -0.9573  0.2883
Z -0.7623 -0.2027 -0.6147

PART 3
OFFSET  8.1652  5.5352 -18.8311
X  0.9107 -0.3753  0.1728
Y -0.1846  0.0044  0.9828
Z -0.3696 -0.9269 -0.0652

PART 4
OFFSET  15.9108  2.3431 -17.3616
X  0.9107 -0.3753  0.1728
Y  0.0034  0.4249  0.9052
Z -0.4131 -0.8238  0.3882

PART 5
OFFSET  18.0699  3.2524 -17.6559
X  0.9128 -0.3728  0.1671
Y  0.3696  0.9278  0.0506
Z -0.1739  0.0156  0.9846

PART 6
OFFSET  16.7962  1.2799 -18.4680
X  0.9128 -0.3728  0.1671
Y  0.3696  0.9278  0.0506
Z -0.1739  0.0156  0.9846

PART 7
OFFSET  17.6776  2.3573 -15.5205
X  0.9128 -0.3728  0.1671
Y  0.3696  0.9278  0.0506
Z -0.1739  0.0156  0.9846

PART 8
OFFSET  17.0575  1.1677 -15.4120
X  0.9128 -0.3728  0.1671
Y  0.3696  0.9278  0.0506
Z -0.1739  0.0156  0.9846

PART 9
OFFSET  16.6607  0.7456 -16.4609
X  0.9128 -0.3728  0.1671
Y  0.3696  0.9278  0.0506
Z -0.1739  0.0156  0.9846

PART 10
OFFSET  18.7026  1.1925 -16.8319
X  0.7187  0.4965  0.4867
Y -0.6378  0.1922  0.7458
Z  0.2767 -0.8465  0.4548

PART 11
OFFSET  18.5240  1.2538 -15.7065
X  0.1521 -0.2468  0.9571
Y -0.9532  0.2193  0.2080
Z -0.2612 -0.9439 -0.2019

PART 12
OFFSET  18.7425  0.6905 -13.6317
X  0.9578 -0.0572  0.2818
Y -0.2876 -0.1903  0.9387
Z -0.0001 -0.9801 -0.1987

PART 13
OFFSET  20.3059  0.4998 -13.2550
X  0.7510  0.0087 -0.6603
Y  0.6449 -0.2245  0.7305
Z -0.1419 -0.9744 -0.1742

PART 14
OFFSET  21.1224  0.4607 -13.9646
X  0.7784  0.5861 -0.2250
Y -0.5189  0.8024  0.2950
Z  0.3534 -0.1129  0.9286

PART 15
OFFSET  20.0497  1.2358 -17.1267
X  0.9653  0.2610 -0.0071
Y  0.2418 -0.8833  0.4016
Z  0.0985 -0.3894 -0.9158

PART 16
OFFSET  22.2339  1.7706 -16.9601
X  0.1014 -0.6930  0.7138
Y -0.9311 -0.3188 -0.1772
Z  0.3503 -0.6467 -0.6775

PART 17
OFFSET  22.3774  0.7896 -15.9495
X -0.8864 -0.4489  0.1132
Y -0.3514  0.4931 -0.7959
Z  0.3014 -0.7453 -0.5948

PART 18
OFFSET  21.5915  0.3916 -15.8491
X -0.8527 -0.4956  0.1651
Y -0.4376  0.5050 -0.7439
Z  0.2853 -0.7066 -0.6475

PART 19
OFFSET  20.7814 -0.0792 -15.6923
X  0.8856  0.1642  0.4344
Y  0.2544  0.6109 -0.7497
Z -0.3884  0.7745  0.4993

PART 20
OFFSET  19.7452  1.5909 -16.5875
X  0.8815  0.4084  0.2369
Y  0.2897 -0.8641  0.4116
Z  0.3728 -0.2942 -0.8800

PART 21
OFFSET  22.0821  2.6261 -16.1125
X  0.2824 -0.7662  0.5773
Y -0.9055 -0.4116 -0.1033
Z  0.3168 -0.4935 -0.8100

PART 22
OFFSET  22.5629  1.3217 -15.1297
X -0.8231 -0.5675  0.0214
Y -0.4612  0.6459 -0.6083
Z  0.3314 -0.5106 -0.7934

PART 23
OFFSET  21.4221  0.5351 -15.1000
X -0.8906 -0.4451 -0.0935
Y -0.3056  0.7380 -0.6017
Z  0.3368 -0.5073 -0.7933

PART 24
OFFSET  20.4563  0.0525 -15.2014
X  0.9208 -0.0818  0.3813
Y  0.2458  0.8808 -0.4047
Z -0.3027  0.4664  0.8312

PART 25
OFFSET  20.0538  2.5745 -13.9035
X  0.8766  0.1946  0.4402
Y -0.0807  0.9611 -0.2643
Z -0.4745  0.1961  0.8581

PART 26
OFFSET  20.9192  3.5867 -14.5419
X  0.5531 -0.7236  0.4130
Y -0.7843 -0.6194 -0.0350
Z  0.2811 -0.3045 -0.9101

PART 27
OFFSET  21.8931  2.3127 -13.8148
X -0.6441 -0.7645 -0.0242
Y -0.6746  0.5827 -0.4532
Z  0.3606 -0.2756 -0.8911

PART 28
OFFSET  21.0881  1.4000 -13.7901
X -0.8517 -0.5234 -0.0263
Y -0.4422  0.7446 -0.5000
Z  0.2813 -0.4142 -0.8656

PART 29
OFFSET  20.1261  0.8088 -13.8198
X  0.7556 -0.6183  0.2165
Y  0.6348  0.7726 -0.0089
Z -0.1617  0.1442  0.9762

PART 30
OFFSET  21.5842  3.1734 -15.3213
X  0.2511 -0.8491  0.4647
Y -0.9069 -0.3742 -0.1937
Z  0.3384 -0.3728 -0.8640

PART 31
OFFSET  22.0747  1.5146 -14.4134
X -0.7787 -0.6265 -0.0334
Y -0.5429  0.6996 -0.4645
Z  0.3144 -0.3436 -0.8849

PART 32
OFFSET  20.9373  0.5996 -14.4622
X -0.9228 -0.3244 -0.2078
Y -0.2339  0.9005 -0.3666
Z  0.3061 -0.2897 -0.9069

PART 33
OFFSET  19.8944  0.2295 -14.7038
X  0.8375 -0.3079  0.4515
Y  0.4366  0.8738 -0.2140
Z -0.3286  0.3763  0.8662

PART 34
OFFSET  21.4166  1.1450 -15.2211
X  0.3410 -0.3560 -0.8700
Y -0.2767  0.8465 -0.4548
Z  0.8984  0.3959  0.1902

PART 35
OFFSET  17.7093  2.6453 -18.0997
X  0.9128 -0.3728  0.1671
Y  0.3696  0.9278  0.0506
Z -0.1739  0.0156  0.9846

PART 36
OFFSET  16.7962  1.2799 -18.4680
X  0.9128 -0.3728  0.1671
Y  0.3696  0.9278  0.0506
Z -0.1739  0.0156  0.9846

PART 37
OFFSET  17.6776  2.3573 -15.5205
X  0.9128 -0.3728  0.1671
Y  0.3696  0.9278  0.0506
Z -0.1739  0.0156  0.9846

PART 38
OFFSET  17.0575  1.1677 -15.4120
X  0.9128 -0.3728  0.1671
Y  0.3696  0.9278  0.0506
Z -0.1739  0.0156  0.9846

PART 39
OFFSET  16.6607  0.7456 -16.4609
X  0.9128 -0.3728  0.1671
Y  0.3696  0.9278  0.0506
Z -0.1739  0.0156  0.9846

PART 40
OFFSET  10.0595 -1.6789 -7.2868
X  0.8290  0.4490 -0.3335
Y -0.5591  0.6498 -0.5150
Z -0.0146  0.6134  0.7897

PART 41
OFFSET  10.0595 -1.6789 -7.2868
X  0.8290  0.4490 -0.3335
Y -0.5591  0.6498 -0.5150
Z -0.0146  0.6134  0.7897

PART 42
OFFSET  13.5385  0.3931 -8.4786
X  0.8290  0.4490 -0.3335
Y -0.5591  0.6498 -0.5150
Z -0.0146  0.6134  0.7897

PART 43
OFFSET  15.9721  2.0219 -7.4116
X  0.8290  0.4490 -0.3335
Y -0.5591  0.6498 -0.5150
Z -0.0146  0.6134  0.7897

PART 44
OFFSET -13.9227 -7.9373 -3.1869
X -0.8267  0.0192  0.5624
Y -0.2042 -0.9416 -0.2679
Z  0.5243 -0.3363  0.7823

PART 45
OFFSET -3.9250 -8.1700 -9.9879
X -0.9505 -0.1365 -0.2791
Y  0.2969 -0.1344 -0.9454
Z  0.0915 -0.9815  0.1682

PART 46
OFFSET  4.1595 -7.0092 -7.6140
X -0.9505 -0.1365 -0.2791
Y  0.3059 -0.5676 -0.7643
Z -0.0541 -0.8119  0.5813

PART 47
OFFSET  5.2022 -5.5900 -6.7060
X -0.9525 -0.1330 -0.2739
Y -0.0931  0.9837 -0.1538
Z  0.2899 -0.1210 -0.9494

PART 48
OFFSET  5.3379 -6.0040 -5.5898
X -0.9525 -0.1330 -0.2739
Y -0.0931  0.9837 -0.1538
Z  0.2899 -0.1210 -0.9494

PART 49
OFFSET  5.6178 -7.3194 -5.5430
X -0.9525 -0.1330 -0.2739
Y -0.0931  0.9837 -0.1538
Z  0.2899 -0.1210 -0.9494

PART 50
OFFSET  7.0735 -6.5908 -6.7584
X -0.7082 -0.6815  0.1844
Y  0.3492 -0.5651 -0.7475
Z  0.6136 -0.4650  0.6382

PART 51
OFFSET  6.8032 -5.5480 -6.3820
X -0.0262 -0.9956  0.0894
Y  0.3771 -0.0927 -0.9215
Z  0.9258  0.0095  0.3779

PART 52
OFFSET  6.7707 -3.3907 -6.5040
X -0.5574 -0.4770  0.6795
Y  0.2287 -0.8750 -0.4267
Z  0.7981 -0.0824  0.5968

PART 53
OFFSET  7.5947 -2.6635 -7.6933
X -0.4427  0.2651  0.8566
Y -0.1902 -0.9613  0.1993
Z  0.8763 -0.0747  0.4760

PART 54
OFFSET  8.0366 -2.9305 -8.6448
X -0.9289  0.0456  0.3676
Y -0.3531  0.1913 -0.9158
Z -0.1121 -0.9805 -0.1616

PART 55
OFFSET  7.9227 -6.5253 -7.8437
X -0.6257 -0.4529  0.6352
Y  0.7793 -0.3257  0.5354
Z -0.0356  0.8299  0.5567

PART 56
OFFSET  9.2277 -5.3469 -9.2554
X  0.4654 -0.6506  0.6001
Y  0.8576  0.1637 -0.4877
Z  0.2191  0.7416  0.6341

PART 57
OFFSET  8.5689 -4.4257 -10.1050
X  0.9748 -0.1809 -0.1307
Y  0.0302  0.6871 -0.7259
Z  0.2212  0.7036  0.6753

PART 58
OFFSET  7.7046 -4.2653 -9.9891
X  0.5865  0.4143 -0.6960
Y -0.7812  0.5162 -0.3509
Z  0.2139  0.7495  0.6265

PART 59
OFFSET  7.1474 -4.6590 -9.3279
X  0.0109 -0.7494  0.6620
Y -0.9401  0.2178  0.2621
Z -0.3406 -0.6253 -0.7021

PART 60
OFFSET  7.9321 -6.0647 -7.2984
X -0.6675 -0.5698  0.4794
Y  0.7242 -0.3472  0.5958
Z -0.1730  0.7449  0.6444

PART 61
OFFSET  9.7062 -4.7043 -8.6251
X  0.4319 -0.5805  0.6903
Y  0.8856  0.1279 -0.4465
Z  0.1708  0.8042  0.5693

PART 62
OFFSET  8.9710 -3.7161 -9.8005
X  0.9639 -0.0144 -0.2657
Y -0.2007  0.6163 -0.7615
Z  0.1747  0.7874  0.5912

PART 63
OFFSET  7.6350 -3.6961 -9.4322
X  0.4352  0.4804 -0.7615
Y -0.8844  0.3867 -0.2615
Z  0.1689  0.7872  0.5931

PART 64
OFFSET  7.1630 -4.2171 -8.6063
X  0.1569 -0.5758  0.8024
Y -0.9804  0.0073  0.1970
Z -0.1193 -0.8176 -0.5633

PART 65
OFFSET  4.1595 -9.1984 -5.0169
X -0.5633 -0.6612  0.4955
Y -0.7788  0.2245 -0.5858
Z  0.2761 -0.7158 -0.6414

PART 66
OFFSET  9.7978 -3.6820 -6.6758
X -0.7041 -0.5905  0.3943
Y  0.6980 -0.4740  0.5367
Z -0.1301  0.6531  0.7460

PART 67
OFFSET  11.0376 -2.6422 -7.3700
X -0.6820 -0.6015  0.4161
Y  0.7127 -0.4186  0.5629
Z -0.1644  0.6804  0.7142

PART 68
OFFSET  11.8566 -1.8697 -7.8325
X -0.6653 -0.6496  0.3680
Y  0.7201 -0.4283  0.5459
Z -0.1970  0.6282  0.7527

PART 69
OFFSET  12.6081 -1.1359 -8.2482
X -0.4889  0.7748 -0.4009
Y  0.8703  0.4017 -0.2851
Z -0.0599 -0.4883 -0.8706

PART 70
OFFSET  9.9911 -4.2843 -7.5816
X  0.3050 -0.5973  0.7418
Y  0.9522  0.2055 -0.2260
Z -0.0175  0.7753  0.6314

PART 71
OFFSET  9.3953 -3.1175 -9.0307
X  0.9999  0.0080  0.0111
Y  0.0042  0.5978 -0.8016
Z -0.0130  0.8016  0.5977

PART 72
OFFSET  7.9348 -3.1292 -9.0470
X  0.5211  0.4904 -0.6985
Y -0.8526  0.2614 -0.4525
Z -0.0393  0.8314  0.5543

PART 73
OFFSET  7.3443 -3.6903 -8.2601
X  0.1475 -0.5961  0.7892
Y -0.9881 -0.0534  0.1444
Z -0.0440 -0.8011 -0.5969

PART 74
OFFSET  5.2022 -5.5900 -6.7060
X -0.9525 -0.1330 -0.2739
Y -0.0931  0.9837 -0.1538
Z  0.2899 -0.1210 -0.9494

PART 75
OFFSET  5.3378 -6.0038 -5.5897
X -0.9525 -0.1330 -0.2739
Y -0.0931  0.9837 -0.1538
Z  0.2899 -0.1210 -0.9494

PART 76
OFFSET  5.6178 -7.3194 -5.5431
X -0.9525 -0.1330 -0.2739
Y -0.0931  0.9837 -0.1538
Z  0.2899 -0.1210 -0.9494

PART 77
OFFSET  0.0000 -0.0000 -0.0000
X  1.0000 -0.0000  0.0000
Y  0.0000  1.0000  0.0000
Z  0.0000 -0.0000  1.0000

PART 78
OFFSET  0.0000 -0.0000 -0.0000
X  1.0000 -0.0000  0.0000
Y  0.0000  1.0000  0.0000
Z  0.0000 -0.0000  1.0000

PART 79
OFFSET  1.5404 -0.0000  4.1357
X  1.0000 -0.0000  0.0000
Y  0.0000  1.0000  0.0000
Z  0.0000 -0.0000  1.0000


FRAME 1993
PART 0
OFFSET  0.0000 -0.0000 -0.0000
X  1.0000 -0.0000  0.0000
Y  0.0000  1.0000  0.0000
Z  0.0000 -0.0000  1.0000

PART 1
OFFSET -4.6318 -0.0000 -1.3770
X  1.0000 -0.0000  0.0000
Y  0.0000  1.0000  0.0000
Z  0.0000 -0.0000  1.0000

PART 2
OFFSET  0.3425  8.0297 -9.9517
X  0.6566 -0.2139 -0.7233
Y  0.0065 -0.9573  0.2890
Z -0.7543 -0.1945 -0.6271

PART 3
OFFSET  8.2828  5.4430 -18.6994
X  0.8963 -0.3849  0.2202
Y -0.2306  0.0198  0.9729
Z -0.3788 -0.9227 -0.0710

PART 4
OFFSET  15.9061  2.1690 -16.8261
X  0.8963 -0.3849  0.2202
Y -0.0990  0.3105  0.9454
Z -0.4323 -0.8692  0.2402

PART 5
OFFSET  18.0890  3.0460 -17.0296
X  0.8987 -0.3825  0.2146
Y  0.3796  0.9234  0.0564
Z -0.2198  0.0308  0.9751

PART 6
OFFSET  16.8279  1.0799 -17.8761
X  0.8987 -0.3825  0.2146
Y  0.3796  0.9234  0.0564
Z -0.2198  0.0308  0.9751

PART 7
OFFSET  17.5845  2.1842 -14.9041
X  0.8987 -0.3825  0.2146
Y  0.3796  0.9234  0.0564
Z -0.2198  0.0308  0.9751

PART 8
OFFSET  16.9436  1.0044 -14.8101
X  0.8987 -0.3825  0.2146
Y  0.3796  0.9234  0.0564
Z -0.2198  0.0308  0.9751

PART 9
OFFSET  16.5909  0.5738 -15.8711
X  0.8987 -0.3825  0.2146
Y  0.3796  0.9234  0.0564
Z -0.2198  0.0308  0.9751

PART 10
OFFSET  18.6538  0.9890 -16.1509
X  0.7551  0.3773  0.5362
Y -0.6286  0.1840  0.7556
Z  0.1864 -0.9076  0.3761

PART 11
OFFSET  18.4634  0.9636 -15.0261
X  0.1118 -0.3474  0.9310
Y -0.9310  0.2910  0.2204
Z -0.3475 -0.8914 -0.2909

PART 12
OFFSET  18.5924  0.1935 -13.0111
X  0.9430 -0.1759  0.2825
Y -0.3200 -0.2469  0.9147
Z -0.0911 -0.9530 -0.2891

PART 13
OFFSET  20.1236 -0.1824 -12.6420
X  0.7591 -0.0039 -0.6509
Y  0.6081 -0.3524  0.7113
Z -0.2322 -0.9358 -0.2652

PART 14
OFFSET  20.9443 -0.2354 -13.3460
X  0.8348  0.5257 -0.1636
Y -0.4440  0.8186  0.3644
Z  0.3255 -0.2316  0.9167

PART 15
OFFSET  20.0035  0.9277 -16.4303
X  0.9859  0.1653  0.0245
Y  0.1490 -0.9358  0.3195
Z  0.0757 -0.3113 -0.9473

PART 16
OFFSET  22.2260  1.2297 -16.1982
X  0.0224 -0.7622  0.6470
Y -0.9544 -0.2089 -0.2131
Z  0.2976 -0.6127 -0.7321

PART 17
OFFSET  22.2577  0.1506 -15.2822
X -0.9272 -0.3689  0.0643
Y -0.2890  0.5960 -0.7492
Z  0.2381 -0.7132 -0.6592

PART 18
OFFSET  21.4356 -0.1764 -15.2252
X -0.8991 -0.4232  0.1118
Y -0.3746  0.6115 -0.6970
Z  0.2266 -0.6685 -0.7083

PART 19
OFFSET  20.5814 -0.5785 -15.1189
X  0.8900  0.0365  0.4544
Y  0.3244  0.6495 -0.6877
Z -0.3203  0.7595  0.5662

PART 20
OFFSET  19.7258  1.2598 -15.8627
X  0.9127  0.2971  0.2805
Y  0.1983 -0.9224  0.3315
Z  0.3572 -0.2470 -0.9008

PART 21
OFFSET  22.1433  2.0144 -15.2757
X  0.1977 -0.8398  0.5056
Y -0.9391 -0.3102 -0.1480
Z  0.2811 -0.4455 -0.8500

PART 22
OFFSET  22.4799  0.5846 -14.4150
X -0.8741 -0.4842 -0.0377
Y -0.3868  0.7409 -0.5490
Z  0.2938 -0.4653 -0.8350

PART 23
OFFSET  21.2685 -0.0865 -14.4673
X -0.9276 -0.3457 -0.1412
Y -0.2232  0.8164 -0.5327
Z  0.2994 -0.4626 -0.8345

PART 24
OFFSET  20.2624 -0.4615 -14.6204
X  0.9022 -0.2058  0.3789
Y  0.3362  0.8861 -0.3191
Z -0.2701  0.4153  0.8687

PART 25
OFFSET  20.0832  1.9578 -13.0965
X  0.8838  0.0670  0.4630
Y  0.0166  0.9846 -0.1743
Z -0.4675  0.1617  0.8691

PART 26
OFFSET  21.0525  2.9352 -13.6313
X  0.4740 -0.8089  0.3480
Y -0.8396 -0.5343 -0.0984
Z  0.2655 -0.2455 -0.9323

PART 27
OFFSET  21.8870  1.5111 -13.0187
X -0.7143 -0.6927 -0.1001
Y -0.6078  0.6848 -0.4021
Z  0.3471 -0.2264 -0.9101

PART 28
OFFSET  20.9976  0.6827 -13.0851
X -0.8975 -0.4334 -0.0813
Y -0.3601  0.8269 -0.4319
Z  0.2544 -0.3583 -0.8983

PART 29
OFFSET  19.9838  0.1932 -13.1769
X  0.6888 -0.7062  0.1637
Y  0.7063  0.7047  0.0678
Z -0.1632  0.0689  0.9842

PART 30
OFFSET  21.6874  2.5325 -14.4408
X  0.1605 -0.9086  0.3856
Y -0.9354 -0.2647 -0.2346
Z  0.3152 -0.3230 -0.8924

PART 31
OFFSET  22.0009  0.7575 -13.6876
X -0.8348 -0.5419 -0.0974
Y -0.4653  0.7889 -0.4014
Z  0.2944 -0.2898 -0.9107

PART 32
OFFSET  20.7816 -0.0341 -13.8299
X -0.9462 -0.2125 -0.2441
Y -0.1401  0.9489 -0.2829
Z  0.2917 -0.2335 -0.9276

PART 33
OFFSET  19.7121 -0.2770 -14.1127
X  0.7964 -0.4282  0.4272
Y  0.5222  0.8431 -0.1284
Z -0.3051  0.3253  0.8950

PART 34
OFFSET  21.3237  0.5295 -14.5311
X  0.3195 -0.3060 -0.8968
Y -0.1864  0.9076 -0.3761
Z  0.9291  0.2873  0.2330

PART 35
OFFSET  17.7413  2.4379 -17.4823
X  0.8987 -0.3825  0.2146
Y  0.3796  0.9234  0.0564
Z -0.2198  0.0308  0.9751

PART 36
OFFSET  16.8279  1.0799 -17.8761
X  0.8987 -0.3825  0.2146
Y  0.3796  0.9234  0.0564
Z -0.2198  0.0308  0.9751

PART 37
OFFSET  17.5845  2.1842 -14.9041
X  0.8987 -0.3825  0.2146
Y  0.3796  0.9234  0.0564
Z -0.2198  0.0308  0.9751

PART 38
OFFSET  16.9436  1.0044 -14.8101
X  0.8987 -0.3825  0.2146
Y  0.3796  0.9234  0.0564
Z -0.2198  0.0308  0.9751

PART 39
OFFSET  16.5909  0.5738 -15.8711
X  0.8987 -0.3825  0.2146
Y  0.3796  0.9234  0.0564
Z -0.2198  0.0308  0.9751

PART 40
OFFSET  9.6178 -1.8920 -6.9799
X  0.8738  0.3949 -0.2840
Y -0.4853  0.7457 -0.4565
Z  0.0315  0.5367  0.8432

PART 41
OFFSET  9.6178 -1.8920 -6.9799
X  0.8738  0.3949 -0.2840
Y -0.4853  0.7457 -0.4565
Z  0.0315  0.5367  0.8432

PART 42
OFFSET  13.2994 -0.0680 -7.9474
X  0.8738  0.3949 -0.2840
Y -0.4853  0.7457 -0.4565
Z  0.0315  0.5367  0.8432

PART 43
OFFSET  15.8605  1.2110 -6.7151
X  0.8738  0.3949 -0.2840
Y -0.4853  0.7457 -0.4565
Z  0.0315  0.5367  0.8432

PART 44
OFFSET -13.9227 -7.9373 -3.1869
X -0.7729  0.0307  0.6337
Y -0.2323 -0.9432 -0.2376
Z  0.5904 -0.3309  0.7361

PART 45
OFFSET -4.5749 -8.3084 -10.8513
X -0.9281 -0.1548 -0.3386
Y  0.3583 -0.1243 -0.9253
Z  0.1011 -0.9801  0.1708

PART 46
OFFSET  3.3191 -6.9919 -7.9715
X -0.9281 -0.1548 -0.3386
Y  0.3717 -0.4360 -0.8196
Z -0.0208 -0.8866  0.4622

PART 47
OFFSET  4.2732 -5.5555 -6.9958
X -0.9305 -0.1513 -0.3335
Y -0.1036  0.9822 -0.1565
Z  0.3513 -0.1111 -0.9297

PART 48
OFFSET  4.3472 -5.9712 -5.8744
X -0.9305 -0.1513 -0.3335
Y -0.1036  0.9822 -0.1565
Z  0.3513 -0.1111 -0.9297

PART 49
OFFSET  4.6508 -7.2808 -5.8140
X -0.9305 -0.1513 -0.3335
Y -0.1036  0.9822 -0.1565
Z  0.3513 -0.1111 -0.9297

PART 50
OFFSET  6.1645 -6.5174 -6.9335
X -0.7735 -0.6233  0.1148
Y  0.3055 -0.5253 -0.7942
Z  0.5553 -0.5792  0.5968

PART 51
OFFSET  5.9896 -5.4923 -6.4638
X -0.1235 -0.9923 -0.0038
Y  0.3816 -0.0439 -0.9233
Z  0.9160 -0.1154  0.3841

PART 52
OFFSET  6.1670 -3.3400 -6.3847
X -0.6119 -0.4809  0.6280
Y  0.1504 -0.8502 -0.5045
Z  0.7765 -0.2142  0.5926

PART 53
OFFSET  7.0768 -2.5904 -7.4949
X -0.4292  0.2271  0.8742
Y -0.2851 -0.9525  0.1075
Z  0.8570 -0.2031  0.4736

PART 54
OFFSET  7.5065 -2.8105 -8.4638
X -0.9261  0.1018  0.3633
Y -0.3178  0.3082 -0.8967
Z -0.2032 -0.9459 -0.2530

PART 55
OFFSET  7.0339 -6.4355 -8.0016
X -0.6768 -0.4462  0.5855
Y  0.7353 -0.4479  0.5086
Z  0.0353  0.7748  0.6313

PART 56
OFFSET  8.4694 -5.2650 -9.2876
X  0.3906 -0.7452  0.5404
Y  0.8773  0.1235 -0.4638
Z  0.2789  0.6553  0.7020

PART 57
OFFSET  7.9164 -4.2099 -10.0527
X  0.9548 -0.2622 -0.1396
Y  0.1082  0.7447 -0.6586
Z  0.2767  0.6137  0.7395

PART 58
OFFSET  7.0698 -3.9774 -9.9289
X  0.6350  0.4175 -0.6500
Y -0.7220  0.6199 -0.3073
Z  0.2747  0.6644  0.6951

PART 59
OFFSET  6.4665 -4.3741 -9.3114
X -0.0722 -0.8045  0.5895
Y -0.9190  0.2833  0.2741
Z -0.3876 -0.5219 -0.7598

PART 60
OFFSET  7.0785 -6.0301 -7.4157
X -0.7271 -0.5437  0.4192
Y  0.6775 -0.4694  0.5663
Z -0.1111  0.6958  0.7096

PART 61
OFFSET  8.9971 -4.7328 -8.5967
X  0.3625 -0.6807  0.6366
Y  0.9011  0.0816 -0.4259
Z  0.2380  0.7280  0.6430

PART 62
OFFSET  8.3799 -3.5738 -9.6804
X  0.9623 -0.0837 -0.2586
Y -0.1278  0.7003 -0.7023
Z  0.2399  0.7090  0.6632

PART 63
OFFSET  7.0462 -3.4578 -9.3220
X  0.4920  0.5037 -0.7101
Y -0.8386  0.4934 -0.2310
Z  0.2340  0.7092  0.6651

PART 64
OFFSET  6.5126 -4.0040 -8.5518
X  0.0875 -0.6596  0.7465
Y -0.9782  0.0846  0.1894
Z -0.1881 -0.7468 -0.6379

PART 65
OFFSET  2.9845 -8.9778 -5.4643
X -0.6325 -0.6459  0.4275
Y -0.7437  0.3521 -0.5682
Z  0.2165 -0.6773 -0.7031

PART 66
OFFSET  9.1544 -3.9077 -6.5601
X -0.7642 -0.5529  0.3323
Y  0.6402 -0.5870  0.4955
Z -0.0789  0.5914  0.8025

PART 67
OFFSET  10.4998 -2.9343 -7.1451
X -0.7435 -0.5679  0.3532
Y  0.6597 -0.5360  0.5268
Z -0.1099  0.6247  0.7731

PART 68
OFFSET  11.3970 -2.2060 -7.5275
X -0.7307 -0.6128  0.3009
Y  0.6664 -0.5447  0.5091
Z -0.1480  0.5725  0.8064

PART 69
OFFSET  12.2224 -1.5138 -7.8673
X -0.4054  0.8522 -0.3307
Y  0.9095  0.3395 -0.2399
Z -0.0922 -0.3980 -0.9127

PART 70
OFFSET  9.3037 -4.4402 -7.5164
X  0.2337 -0.6897  0.6853
Y  0.9712  0.1317 -0.1987
Z  0.0468  0.7120  0.7006

PART 71
OFFSET  8.8471 -3.0928 -8.8551
X  0.9957 -0.0905  0.0194
Y  0.0749  0.6657 -0.7424
Z  0.0543  0.7407  0.6696

PART 72
OFFSET  7.3927 -2.9605 -8.8835
X  0.5774  0.4995 -0.6459
Y -0.8159  0.3836 -0.4326
Z  0.0317  0.7768  0.6290

PART 73
OFFSET  6.7381 -3.5314 -8.1566
X  0.0764 -0.6777  0.7314
Y -0.9909  0.0301  0.1314
Z -0.1110 -0.7348 -0.6692

PART 74
OFFSET  4.2731 -5.5555 -6.9958
X -0.9305 -0.1513 -0.3335
Y -0.1036  0.9822 -0.1565
Z  0.3513 -0.1111 -0.9297

PART 75
OFFSET  4.3472 -5.9710 -5.8744
X -0.9305 -0.1513 -0.3335
Y -0.1036  0.9822 -0.1565
Z  0.3513 -0.1111 -0.9297

PART 76
