// Export filename: `C:\projects\cod\t5\xanim_export\t5_viewmodels\ak74u\ak74u_grenadier_gl_fire.XANIM_EXPORT`
// Source filename: `D:\projects\devanim\t5\animation_assets\viewmodels\ak74u/t5_viewmodel_ak74u_animated2.fbx`
// Export time: Sat Aug 28 00:18:27 2010

ANIMATION
VERSION 3

NUMPARTS 80
PART 0 "tag_ads"
PART 1 "tag_torso"
PART 2 "J_Shoulder_LE"
PART 3 "J_Elbow_LE"
PART 4 "J_WristTwist_LE"
PART 5 "J_Sleave_Reshape_Bottom_LE_1"
PART 6 "J_Sleave_Reshape_Bottom_LE_2"
PART 7 "J_Sleave_Reshape_Top_LE_1"
PART 8 "J_Sleave_Reshape_Top_LE_2"
PART 9 "J_Sleave_Reshape_Top_LE_3"
PART 10 "J_Wrist_LE"
PART 11 "J_Thumb_LE_0"
PART 12 "J_Thumb_LE_1"
PART 13 "J_Thumb_LE_2"
PART 14 "J_Thumb_LE_3"
PART 15 "J_PinkyPalm_LE"
PART 16 "J_Pinky_LE_0"
PART 17 "J_Pinky_LE_1"
PART 18 "J_Pinky_LE_2"
PART 19 "J_Pinky_LE_3"
PART 20 "J_RingPalm_LE"
PART 21 "J_Ring_LE_0"
PART 22 "J_Ring_LE_1"
PART 23 "J_Ring_LE_2"
PART 24 "J_Ring_LE_3"
PART 25 "J_Webbing_LE"
PART 26 "J_Index_LE_0"
PART 27 "J_Index_LE_1"
PART 28 "J_Index_LE_2"
PART 29 "J_Index_LE_3"
PART 30 "J_Mid_LE_0"
PART 31 "J_Mid_LE_1"
PART 32 "J_Mid_LE_2"
PART 33 "J_Mid_LE_3"
PART 34 "tag_knife_attach"
PART 35 "D_Sleave_Reshape_Bottom_LE_1"
PART 36 "D_Sleave_Reshape_Bottom_LE_2"
PART 37 "D_Sleave_Reshape_Top_LE_1"
PART 38 "D_Sleave_Reshape_Top_LE_2"
PART 39 "D_Sleave_Reshape_Top_LE_3"
PART 40 "tag_weapon"
PART 41 "J_Gun"
PART 42 "TAG_CLIP"
PART 43 "J_Bolt"
PART 44 "J_Shoulder_RI"
PART 45 "J_Elbow_RI"
PART 46 "J_WristTwist_RI"
PART 47 "J_Sleave_Reshape_Top_RI_3"
PART 48 "J_Sleave_Reshape_Top_RI_2"
PART 49 "J_Sleave_Reshape_Top_RI_1"
PART 50 "J_Wrist_RI"
PART 51 "J_Thumb_RI_0"
PART 52 "J_Thumb_RI_1"
PART 53 "J_Thumb_RI_2"
PART 54 "J_Thumb_RI_3"
PART 55 "J_PinkyPalm_RI"
PART 56 "J_Pinky_RI_0"
PART 57 "J_Pinky_RI_1"
PART 58 "J_Pinky_RI_2"
PART 59 "J_Pinky_RI_3"
PART 60 "J_RingPalm_RI"
PART 61 "J_Ring_RI_0"
PART 62 "J_Ring_RI_1"
PART 63 "J_Ring_RI_2"
PART 64 "J_Ring_RI_3"
PART 65 "J_Webbing_RI"
PART 66 "J_Index_RI_0"
PART 67 "J_Index_RI_1"
PART 68 "J_Index_RI_2"
PART 69 "J_Index_RI_3"
PART 70 "J_Mid_RI_0"
PART 71 "J_Mid_RI_1"
PART 72 "J_Mid_RI_2"
PART 73 "J_Mid_RI_3"
PART 74 "D_Sleave_Reshape_Top_RI_3"
PART 75 "D_Sleave_Reshape_Top_RI_2"
PART 76 "D_Sleave_Reshape_Top_RI_1"
PART 77 "tag_cambone"
PART 78 "tag_camera"
PART 79 "tag_gasmask"

FRAMERATE 30
NUMFRAMES 18

FRAME 2092
PART 0
OFFSET  0.0000 -0.0000 -0.0000
X  1.0000 -0.0000  0.0000
Y  0.0000  1.0000  0.0000
Z  0.0000 -0.0000  1.0000

PART 1
OFFSET -4.6318 -0.0000 -1.3770
X  1.0000 -0.0000  0.0000
Y  0.0000  1.0000  0.0000
Z  0.0000 -0.0000  1.0000

PART 2
OFFSET -1.0115  7.9373 -5.7336
X  0.7429 -0.2656 -0.6145
Y -0.0996 -0.9516  0.2908
Z -0.6620 -0.1548 -0.7333

PART 3
OFFSET  7.9724  4.7255 -13.1656
X  0.8327 -0.4390  0.3375
Y -0.3572  0.0399  0.9332
Z -0.4231 -0.8976 -0.1236

PART 4
OFFSET  15.0547  0.9914 -10.2952
X  0.8327 -0.4390  0.3375
Y -0.5071 -0.3596  0.7833
Z -0.2225 -0.8234 -0.5220

PART 5
OFFSET  17.2960  1.7286 -10.2016
X  0.8360 -0.4368  0.3322
Y  0.4259  0.8982  0.1093
Z -0.3461  0.0502  0.9368

PART 6
OFFSET  16.0386 -0.1594 -11.2149
X  0.8360 -0.4368  0.3322
Y  0.4259  0.8982  0.1093
Z -0.3461  0.0502  0.9368

PART 7
OFFSET  16.4579  0.9126 -8.1653
X  0.8360 -0.4368  0.3322
Y  0.4259  0.8982  0.1093
Z -0.3461  0.0502  0.9368

PART 8
OFFSET  15.7373 -0.2242 -8.1612
X  0.8360 -0.4368  0.3322
Y  0.4259  0.8982  0.1093
Z -0.3461  0.0502  0.9368

PART 9
OFFSET  15.5036 -0.6380 -9.2611
X  0.8360 -0.4368  0.3322
Y  0.4259  0.8982  0.1093
Z -0.3461  0.0502  0.9368

PART 10
OFFSET  17.6075 -0.3546 -9.2606
X  0.5909 -0.3987  0.7013
Y -0.8012 -0.1881  0.5681
Z -0.0946 -0.8976 -0.4305

PART 11
OFFSET  17.0613 -1.0840 -8.5736
X -0.2536 -0.9035  0.3454
Y -0.9656  0.2575 -0.0354
Z -0.0570 -0.3425 -0.9378

PART 12
OFFSET  16.4145 -3.0271 -7.8840
X  0.7426 -0.5246  0.4164
Y -0.6453 -0.7268  0.2351
Z  0.1793 -0.4433 -0.8783

PART 13
OFFSET  17.6719 -3.8803 -7.3242
X  0.9579  0.2748 -0.0828
Y  0.2841 -0.8666  0.4102
Z  0.0409 -0.4165 -0.9082

PART 14
OFFSET  18.7145 -3.6169 -7.4484
X  0.7394  0.2918  0.6068
Y -0.6693  0.4170  0.6150
Z -0.0736 -0.8608  0.5036

PART 15
OFFSET  18.9462 -0.6719 -9.3624
X  0.9378 -0.2580  0.2322
Y -0.1156 -0.8630 -0.4919
Z  0.3273  0.4344 -0.8391

PART 16
OFFSET  20.9915 -1.4208 -8.7787
X -0.3118 -0.9364 -0.1609
Y -0.8543  0.3504 -0.3839
Z  0.4158  0.0178 -0.9093

PART 17
OFFSET  20.5501 -2.7466 -9.0064
X -0.9447  0.0478 -0.3245
Y  0.0695  0.9960 -0.0558
Z  0.3205 -0.0753 -0.9442

PART 18
OFFSET  19.7125 -2.7043 -9.2941
X -0.9426 -0.0293 -0.3326
Y -0.0246  0.9995 -0.0183
Z  0.3329 -0.0091 -0.9429

PART 19
OFFSET  18.8170 -2.7321 -9.6100
X  0.6883 -0.6037  0.4022
Y  0.6301  0.7723  0.0810
Z -0.3595  0.1977  0.9120

PART 20
OFFSET  18.5570 -0.7593 -8.7705
X  0.8078 -0.3270  0.4904
Y -0.0714 -0.8801 -0.4693
Z  0.5851  0.3441 -0.7343

PART 21
OFFSET  20.7421 -1.5375 -7.5965
X -0.1150 -0.9486 -0.2947
Y -0.8775  0.2361 -0.4175
Z  0.4657  0.2105 -0.8596

PART 22
OFFSET  20.5462 -3.1526 -8.0982
X -0.8807  0.0273 -0.4728
Y -0.0631  0.9827  0.1742
Z  0.4694  0.1832 -0.8638

PART 23
OFFSET  19.3256 -3.1148 -8.7535
X -0.8747  0.2050 -0.4391
Y  0.0963  0.9616  0.2571
Z  0.4749  0.1826 -0.8609

PART 24
OFFSET  18.3769 -2.8924 -9.2297
X  0.6850 -0.7083  0.1706
Y  0.5597  0.6616  0.4990
Z -0.4663 -0.2464  0.8496

PART 25
OFFSET  18.1063 -2.3633 -6.4272
X  0.6846 -0.5883  0.4303
Y  0.2308  0.7350  0.6376
Z -0.6914 -0.3372  0.6390

PART 26
OFFSET  19.3409 -1.7162 -5.9392
X  0.8166 -0.3658  0.4465
Y -0.2447 -0.9200 -0.3062
Z  0.5228  0.1407 -0.8407

PART 27
OFFSET  20.7786 -2.3603 -5.1530
X  0.5269 -0.8377  0.1436
Y -0.6587 -0.5093 -0.5539
Z  0.5371  0.1973 -0.8201

PART 28
OFFSET  21.3865 -3.3906 -4.9286
X -0.2120 -0.9367 -0.2788
Y -0.7402  0.3402 -0.5800
Z  0.6381  0.0834 -0.7654

PART 29
OFFSET  21.1471 -4.4486 -5.2436
X  0.9167  0.0213  0.3990
Y -0.1064  0.9755  0.1924
Z -0.3852 -0.2188  0.8965

PART 30
OFFSET  20.1300 -1.6307 -6.7076
X -0.1220 -0.8957 -0.4276
Y -0.8386  0.3234 -0.4383
Z  0.5309  0.3051 -0.7906

PART 31
OFFSET  19.8918 -3.3805 -7.5429
X -0.8340  0.0186 -0.5515
Y -0.1763  0.9380  0.2983
Z  0.5228  0.3460 -0.7790

PART 32
OFFSET  18.6736 -3.3533 -8.3484
X -0.8372  0.3667 -0.4057
Y  0.1142  0.8427  0.5261
Z  0.5348  0.3941 -0.7474

PART 33
OFFSET  17.7291 -2.9357 -8.8136
X  0.5348 -0.8447  0.0229
Y  0.6644  0.4371  0.6062
Z -0.5220 -0.3090  0.7950

PART 34
OFFSET  19.4972 -2.7019 -8.3213
X  0.5391  0.3174 -0.7801
Y  0.0946  0.8976  0.4305
Z  0.8369 -0.3059  0.4539

PART 35
OFFSET  16.9746  1.1409 -10.6985
X  0.8360 -0.4368  0.3322
Y  0.4259  0.8982  0.1093
Z -0.3461  0.0502  0.9368

PART 36
OFFSET  16.0386 -0.1594 -11.2149
X  0.8360 -0.4368  0.3322
Y  0.4259  0.8982  0.1093
Z -0.3461  0.0502  0.9368

PART 37
OFFSET  16.4579  0.9126 -8.1653
X  0.8360 -0.4368  0.3322
Y  0.4259  0.8982  0.1093
Z -0.3461  0.0502  0.9368

PART 38
OFFSET  15.7373 -0.2242 -8.1612
X  0.8360 -0.4368  0.3322
Y  0.4259  0.8982  0.1093
Z -0.3461  0.0502  0.9368

PART 39
OFFSET  15.5036 -0.6380 -9.2611
X  0.8360 -0.4368  0.3322
Y  0.4259  0.8982  0.1093
Z -0.3461  0.0502  0.9368

PART 40
OFFSET  5.3789 -3.4276 -5.4275
X  0.9894  0.0070  0.1450
Y -0.0284  0.9889  0.1459
Z -0.1424 -0.1485  0.9786

PART 41
OFFSET  5.3789 -3.4276 -5.4275
X  0.9894  0.0070  0.1450
Y -0.0284  0.9889  0.1459
Z -0.1424 -0.1485  0.9786

PART 42
OFFSET  9.5059 -3.4248 -4.5414
X  0.9894  0.0070  0.1450
Y -0.0284  0.9889  0.1459
Z -0.1424 -0.1485  0.9786

PART 43
OFFSET  11.6405 -4.5186 -2.5513
X  0.9894  0.0070  0.1450
Y -0.0284  0.9889  0.1459
Z -0.1424 -0.1485  0.9786

PART 44
OFFSET -3.5060 -7.9373 -3.1869
X  0.4610  0.0458  0.8862
Y  0.0729 -0.9972  0.0136
Z  0.8844  0.0583 -0.4631

PART 45
OFFSET -9.0819 -8.4912 -13.9044
X -0.7968 -0.3632 -0.4829
Y  0.3185  0.4267 -0.8465
Z  0.5135 -0.8283 -0.2243

PART 46
OFFSET -2.3046 -5.4020 -9.7975
X -0.7968 -0.3632 -0.4829
Y  0.4818  0.1004 -0.8705
Z  0.3647 -0.9263  0.0950

PART 47
OFFSET -1.9819 -4.2470 -8.2203
X -0.8001 -0.3635 -0.4772
Y -0.5157  0.8231  0.2378
Z  0.3063  0.4364 -0.8460

PART 48
OFFSET -1.6700 -5.0193 -7.3588
X -0.8001 -0.3635 -0.4772
Y -0.5157  0.8231  0.2378
Z  0.3063  0.4364 -0.8460

PART 49
OFFSET -0.8419 -5.9882 -7.7904
X -0.8001 -0.3635 -0.4772
Y -0.5157  0.8231  0.2378
Z  0.3063  0.4364 -0.8460

PART 50
OFFSET  0.1382 -4.2885 -8.3172
X -0.9885 -0.0089 -0.1512
Y  0.1480  0.1566 -0.9765
Z  0.0324 -0.9876 -0.1534

PART 51
OFFSET  0.4268 -4.0300 -7.2438
X -0.6170 -0.4279 -0.6605
Y  0.4885  0.4497 -0.7477
Z  0.6170 -0.7840 -0.0685

PART 52
OFFSET  1.6752 -3.1080 -5.7402
X -0.8893 -0.3849  0.2469
Y -0.2105 -0.1348 -0.9683
Z  0.4060 -0.9130  0.0389

PART 53
OFFSET  3.0528 -2.3923 -6.2009
X -0.4223 -0.3004  0.8552
Y -0.7537 -0.4079 -0.5154
Z  0.5036 -0.8622 -0.0541

PART 54
OFFSET  3.4993 -2.0211 -7.1145
X -0.7906  0.2481  0.5599
Y  0.0868  0.9505 -0.2985
Z -0.6062 -0.1874 -0.7729

PART 55
OFFSET  1.1266 -3.9137 -9.2039
X -0.9160 -0.3054  0.2600
Y  0.2683 -0.9484 -0.1688
Z  0.2982 -0.0848  0.9507

PART 56
OFFSET  3.1953 -3.1236 -9.6290
X -0.1783 -0.9483 -0.2627
Y  0.8885 -0.0405 -0.4571
Z  0.4228 -0.3149  0.8498

PART 57
OFFSET  3.4477 -1.7810 -9.2571
X  0.6837 -0.5015 -0.5301
Y  0.6159  0.7862  0.0506
Z  0.3914 -0.3611  0.8464

PART 58
OFFSET  2.8416 -1.3364 -8.7870
X  0.8802  0.3578 -0.3119
Y -0.2105  0.8832  0.4192
Z  0.4255 -0.3033  0.8526

PART 59
OFFSET  2.0054 -1.6763 -8.4907
X -0.6026 -0.7842 -0.1479
Y -0.6715  0.3982  0.6249
Z -0.4312  0.4759 -0.7666

PART 60
OFFSET  1.2502 -4.1537 -8.5431
X -0.9731 -0.2100  0.0948
Y  0.1970 -0.9718 -0.1299
Z  0.1194 -0.1077  0.9870

PART 61
OFFSET  3.7623 -3.6143 -8.9385
X -0.1884 -0.9712 -0.1462
Y  0.8784 -0.1001 -0.4673
Z  0.4392 -0.2165  0.8719

PART 62
OFFSET  4.0831 -1.9609 -8.6896
X  0.8078 -0.3318 -0.4872
Y  0.4067  0.9120  0.0534
Z  0.4266 -0.2413  0.8717

PART 63
OFFSET  2.9635 -1.5011 -8.0144
X  0.8193  0.5142 -0.2539
Y -0.3889  0.8235  0.4130
Z  0.4214 -0.2396  0.8746

PART 64
OFFSET  2.0750 -2.0587 -7.7390
X -0.4284 -0.9035  0.0151
Y -0.8059  0.3896  0.4459
Z -0.4088  0.1788 -0.8950

PART 65
OFFSET -4.0834 -4.9873 -8.2031
X -0.9497 -0.3133  0.0039
Y -0.3124  0.9478  0.0646
Z -0.0239  0.0601 -0.9979

PART 66
OFFSET  3.8902 -4.7389 -7.0485
X -0.9902 -0.1341  0.0403
Y  0.1200 -0.9610 -0.2490
Z  0.0721 -0.2417  0.9677

PART 67
OFFSET  5.6336 -4.5029 -7.1194
X -0.9853 -0.1667  0.0383
Y  0.1560 -0.9677 -0.1978
Z  0.0700 -0.1889  0.9795

PART 68
OFFSET  6.8356 -4.3117 -7.1064
X -0.9870 -0.1578 -0.0312
Y  0.1608 -0.9627 -0.2175
Z  0.0043 -0.2197  0.9756

PART 69
OFFSET  7.9504 -4.1334 -7.0712
X  0.1773  0.8587  0.4809
Y  0.9800 -0.1094 -0.1660
Z -0.0900  0.5007 -0.8609

PART 70
OFFSET  3.9396 -4.3928 -8.0965
X -0.3100 -0.9469 -0.0857
Y  0.9144 -0.2722 -0.2997
Z  0.2604 -0.1712  0.9502

PART 71
OFFSET  4.5451 -2.5431 -7.9291
X  0.7731 -0.5503 -0.3155
Y  0.5651  0.8234 -0.0515
Z  0.2881 -0.1385  0.9475

PART 72
OFFSET  3.4160 -1.7393 -7.4683
X  0.8742  0.4240 -0.2368
Y -0.3844  0.9021  0.1961
Z  0.2967 -0.0804  0.9516

PART 73
OFFSET  2.4236 -2.2183 -7.2068
X -0.4437 -0.8962 -0.0046
Y -0.8324  0.4103  0.3726
Z -0.3320  0.1691 -0.9280

PART 74
OFFSET -1.9819 -4.2470 -8.2202
X -0.8001 -0.3635 -0.4772
Y -0.5157  0.8231  0.2378
Z  0.3063  0.4364 -0.8460

PART 75
OFFSET -1.6701 -5.0191 -7.3586
X -0.8001 -0.3635 -0.4772
Y -0.5157  0.8231  0.2378
Z  0.3063  0.4364 -0.8460

PART 76
OFFSET -0.8418 -5.9881 -7.7905
X -0.8001 -0.3635 -0.4772
Y -0.5157  0.8231  0.2378
Z  0.3063  0.4364 -0.8460

PART 77
OFFSET  0.0000 -0.0000 -0.0000
X  1.0000 -0.0000  0.0000
Y  0.0000  1.0000  0.0000
Z  0.0000 -0.0000  1.0000

PART 78
OFFSET  0.0000 -0.0000 -0.0000
X  1.0000 -0.0000  0.0000
Y  0.0000  1.0000  0.0000
Z  0.0000 -0.0000  1.0000

PART 79
OFFSET  1.5404 -0.0000  4.1357
X  1.0000 -0.0000  0.0000
Y  0.0000  1.0000  0.0000
Z  0.0000 -0.0000  1.0000


FRAME 2093
PART 0
OFFSET  0.0000 -0.0000 -0.0000
X  1.0000 -0.0000  0.0000
Y  0.0000  1.0000  0.0000
Z  0.0000 -0.0000  1.0000

PART 1
OFFSET -4.6318 -0.0000 -1.3770
X  1.0000 -0.0000  0.0000
Y  0.0000  1.0000  0.0000
Z  0.0000 -0.0000  1.0000

PART 2
OFFSET -1.0115  7.9373 -5.7336
X  0.7087 -0.2520 -0.6590
Y -0.0950 -0.9596  0.2648
Z -0.6991 -0.1251 -0.7040

PART 3
OFFSET  7.5595  4.8901 -13.7032
X  0.8125 -0.4541  0.3656
Y -0.3847  0.0537  0.9215
Z -0.4380 -0.8894 -0.1311

PART 4
OFFSET  14.4701  1.0281 -10.5932
X  0.8125 -0.4541  0.3656
Y -0.5402 -0.3504  0.7651
Z -0.2193 -0.8192 -0.5300

PART 5
OFFSET  16.7224  1.7189 -10.4352
X  0.8160 -0.4519  0.3605
Y  0.4412  0.8898  0.1168
Z -0.3735  0.0638  0.9254

PART 6
OFFSET  15.4571 -0.1493 -11.4751
X  0.8160 -0.4519  0.3605
Y  0.4412  0.8898  0.1168
Z -0.3735  0.0638  0.9254

PART 7
OFFSET  15.8053  0.9344 -8.4207
X  0.8160 -0.4519  0.3605
Y  0.4412  0.8898  0.1168
Z -0.3735  0.0638  0.9254

PART 8
OFFSET  15.0611 -0.1869 -8.4318
X  0.8160 -0.4519  0.3605
Y  0.4412  0.8898  0.1168
Z -0.3735  0.0638  0.9254

PART 9
OFFSET  14.8525 -0.6033 -9.5358
X  0.8160 -0.4519  0.3605
Y  0.4412  0.8898  0.1168
Z -0.3735  0.0638  0.9254

PART 10
OFFSET  16.9609 -0.3639 -9.4722
X  0.5855 -0.3987  0.7058
Y -0.8055 -0.1881  0.5620
Z -0.0913 -0.8976 -0.4313

PART 11
OFFSET  16.4094 -1.0934 -8.7895
X -0.2562 -0.9036  0.3434
Y -0.9653  0.2575 -0.0428
Z -0.0498 -0.3425 -0.9382

PART 12
OFFSET  15.7574 -3.0365 -8.1049
X  0.7394 -0.5246  0.4220
Y -0.6471 -0.7269  0.2301
Z  0.1860 -0.4432 -0.8769

PART 13
OFFSET  17.0105 -3.8897 -7.5356
X  0.9585  0.2748 -0.0755
Y  0.2809 -0.8666  0.4123
Z  0.0479 -0.4164 -0.9079

PART 14
OFFSET  18.0540 -3.6264 -7.6518
X  0.7347  0.2918  0.6124
Y -0.6740  0.4170  0.6099
Z -0.0774 -0.8608  0.5030

PART 15
OFFSET  18.3004 -0.6813 -9.5638
X  0.9360 -0.2581  0.2394
Y -0.1119 -0.8629 -0.4928
Z  0.3338  0.4345 -0.8366

PART 16
OFFSET  20.3411 -1.4302 -8.9645
X -0.3105 -0.9364 -0.1633
Y -0.8514  0.3504 -0.3904
Z  0.4228  0.0178 -0.9061

PART 17
OFFSET  19.9014 -2.7560 -9.1957
X -0.9422  0.0478 -0.3317
Y  0.0699  0.9960 -0.0552
Z  0.3277 -0.0752 -0.9418

PART 18
OFFSET  19.0661 -2.7136 -9.4898
X -0.9401 -0.0293 -0.3398
Y -0.0245  0.9995 -0.0184
Z  0.3401 -0.0090 -0.9403

PART 19
OFFSET  18.1730 -2.7414 -9.8126
X  0.6852 -0.6038  0.4074
Y  0.6294  0.7723  0.0859
Z -0.3665  0.1976  0.9092

PART 20
OFFSET  17.9066 -0.7687 -8.9749
X  0.8040 -0.3271  0.4965
Y -0.0678 -0.8801 -0.4699
Z  0.5907  0.3442 -0.7298

PART 21
OFFSET  20.0826 -1.5469 -7.7843
X -0.1128 -0.9486 -0.2956
Y -0.8742  0.2361 -0.4242
Z  0.4722  0.2106 -0.8560

PART 22
OFFSET  19.8906 -3.1620 -8.2876
X -0.8771  0.0273 -0.4796
Y -0.0644  0.9827  0.1737
Z  0.4760  0.1832 -0.8601

PART 23
OFFSET  18.6750 -3.1241 -8.9522
X -0.8713  0.2050 -0.4458
Y  0.0943  0.9616  0.2579
Z  0.4815  0.1826 -0.8572

PART 24
OFFSET  17.7300 -2.9018 -9.4357
X  0.6837 -0.7083  0.1758
Y  0.5559  0.6615  0.5033
Z -0.4728 -0.2464  0.8460

PART 25
OFFSET  17.4380 -2.3728 -6.6353
X  0.6813 -0.5883  0.4355
Y  0.2259  0.7349  0.6394
Z -0.6962 -0.3372  0.6337

PART 26
OFFSET  18.6688 -1.7258 -6.1378
X  0.8131 -0.3658  0.4528
Y -0.2423 -0.9200 -0.3081
Z  0.5292  0.1408 -0.8367

PART 27
OFFSET  20.1004 -2.3699 -5.3407
X  0.4271 -0.9018  0.0657
Y -0.7190 -0.3827 -0.5801
Z  0.5483  0.2005 -0.8119

PART 28
OFFSET  20.5863 -3.4784 -5.2115
X -0.4196 -0.8036 -0.4222
Y -0.6478  0.5909 -0.4809
Z  0.6359  0.0717 -0.7685

PART 29
OFFSET  20.1124 -4.3860 -5.6884
X  0.9002 -0.2517  0.3554
Y  0.1177  0.9263  0.3578
Z -0.4193 -0.2803  0.8635

PART 30
OFFSET  19.4638 -1.6402 -6.9001
X -0.1187 -0.8957 -0.4286
Y -0.8352  0.3235 -0.4447
Z  0.5370  0.3052 -0.7865

PART 31
OFFSET  19.2320 -3.3899 -7.7374
X -0.8298  0.0186 -0.5578
Y -0.1786  0.9380  0.2970
Z  0.5288  0.3461 -0.7750

PART 32
OFFSET  18.0200 -3.3627 -8.5521
X -0.8341  0.3668 -0.4121
Y  0.1102  0.8427  0.5270
Z  0.5405  0.3941 -0.7433

PART 33
OFFSET  17.0791 -2.9451 -9.0245
X  0.5346 -0.8447  0.0269
Y  0.6598  0.4371  0.6113
Z -0.5281 -0.3091  0.7910

PART 34
OFFSET  18.8433 -2.7113 -8.5187
X  0.5451  0.3174 -0.7760
Y  0.0913  0.8976  0.4313
Z  0.8334 -0.3059  0.4603

PART 35
OFFSET  16.4041  1.1347 -10.9381
X  0.8160 -0.4519  0.3605
Y  0.4412  0.8898  0.1168
Z -0.3735  0.0638  0.9254

PART 36
OFFSET  15.4571 -0.1493 -11.4751
X  0.8160 -0.4519  0.3605
Y  0.4412  0.8898  0.1168
Z -0.3735  0.0638  0.9254

PART 37
OFFSET  15.8053  0.9344 -8.4207
X  0.8160 -0.4519  0.3605
Y  0.4412  0.8898  0.1168
Z -0.3735  0.0638  0.9254

PART 38
OFFSET  15.0611 -0.1869 -8.4318
X  0.8160 -0.4519  0.3605
Y  0.4412  0.8898  0.1168
Z -0.3735  0.0638  0.9254

PART 39
OFFSET  14.8525 -0.6033 -9.5358
X  0.8160 -0.4519  0.3605
Y  0.4412  0.8898  0.1168
Z -0.3735  0.0638  0.9254

PART 40
OFFSET  4.7034 -3.4372 -5.7330
X  0.9883  0.0070  0.1526
Y -0.0295  0.9889  0.1458
Z -0.1499 -0.1486  0.9775

PART 41
OFFSET  4.7034 -3.4372 -5.7330
X  0.9883  0.0070  0.1526
Y -0.0295  0.9889  0.1458
Z -0.1499 -0.1486  0.9775

PART 42
OFFSET  8.8235 -3.4345 -4.8154
X  0.9883  0.0070  0.1526
Y -0.0295  0.9889  0.1458
Z -0.1499 -0.1486  0.9775

PART 43
OFFSET  10.9428 -4.5284 -2.8090
X  0.9883  0.0070  0.1526
Y -0.0295  0.9889  0.1458
Z -0.1499 -0.1486  0.9775

PART 44
OFFSET -3.5060 -7.9373 -3.1869
X  0.5298  0.0987  0.8424
Y  0.1277 -0.9912  0.0358
Z  0.8384  0.0886 -0.5377

PART 45
OFFSET -9.9134 -9.1314 -13.3742
X -0.8122 -0.4177 -0.4072
Y  0.2272  0.4163 -0.8804
Z  0.5373 -0.8076 -0.2433

PART 46
OFFSET -3.0051 -5.5785 -9.9111
X -0.8122 -0.4177 -0.4072
Y  0.4036  0.1015 -0.9093
Z  0.4211 -0.9029  0.0862

PART 47
OFFSET -2.6200 -4.3612 -8.3960
X -0.8150 -0.4180 -0.4012
Y -0.5382  0.8027  0.2570
Z  0.2146  0.4254 -0.8792

PART 48
OFFSET -2.2002 -5.0900 -7.5425
X -0.8150 -0.4180 -0.4012
Y -0.5382  0.8027  0.2570
Z  0.2146  0.4254 -0.8792

PART 49
OFFSET -1.3587 -6.0283 -8.0140
X -0.8150 -0.4180 -0.4012
Y -0.5382  0.8027  0.2570
Z  0.2146  0.4254 -0.8792

PART 50
OFFSET -0.5150 -4.2979 -8.6628
X -0.9873 -0.0089 -0.1588
Y  0.1554  0.1566 -0.9754
Z  0.0335 -0.9876 -0.1532

PART 51
OFFSET -0.2347 -4.0395 -7.5872
X -0.6120 -0.4278 -0.6652
Y  0.4942  0.4498 -0.7439
Z  0.6175 -0.7840 -0.0638

PART 52
OFFSET  1.0022 -3.1176 -6.0740
X -0.8912 -0.3850  0.2401
Y -0.2030 -0.1348 -0.9699
Z  0.4057 -0.9130  0.0419

PART 53
OFFSET  2.3833 -2.4019 -6.5241
X -0.4288 -0.3004  0.8520
Y -0.7497 -0.4078 -0.5212
Z  0.5040 -0.8622 -0.0503

PART 54
OFFSET  2.8367 -2.0306 -7.4342
X -0.7948  0.2480  0.5538
Y  0.0891  0.9505 -0.2978
Z -0.6003 -0.1873 -0.7776

PART 55
OFFSET  0.4801 -3.9231 -9.5419
X -0.9180 -0.3054  0.2530
Y  0.2696 -0.9484 -0.1668
Z  0.2909 -0.0849  0.9530

PART 56
OFFSET  2.5520 -3.1329 -9.9511
X -0.1763 -0.9483 -0.2641
Y  0.8920 -0.0404 -0.4502
Z  0.4163 -0.3149  0.8530

PART 57
OFFSET  2.8016 -1.7904 -9.5772
X  0.6877 -0.5015 -0.5249
Y  0.6155  0.7862  0.0553
Z  0.3849 -0.3612  0.8494

PART 58
OFFSET  2.1918 -1.3458 -9.1118
X  0.8825  0.3578 -0.3052
Y -0.2137  0.8831  0.4176
Z  0.4189 -0.3034  0.8559

PART 59
OFFSET  1.3534 -1.6857 -8.8219
X -0.6015 -0.7842 -0.1525
Y -0.6763  0.3981  0.6198
Z -0.4253  0.4759 -0.7698

PART 60
OFFSET  0.5986 -4.1631 -8.8801
X -0.9738 -0.2100  0.0873
Y  0.1980 -0.9718 -0.1284
Z  0.1118 -0.1077  0.9879

PART 61
OFFSET  3.1137 -3.6236 -9.2563
X -0.1873 -0.9711 -0.1477
Y  0.8820 -0.1000 -0.4606
Z  0.4325 -0.2165  0.8752

PART 62
OFFSET  3.4326 -1.9703 -9.0049
X  0.8115 -0.3317 -0.4810
Y  0.4063  0.9120  0.0565
Z  0.4199 -0.2413  0.8749

PART 63
OFFSET  2.3079 -1.5105 -8.3382
X  0.8212  0.5142 -0.2476
Y -0.3920  0.8235  0.4100
Z  0.4147 -0.2397  0.8778

PART 64
OFFSET  1.4173 -2.0681 -8.0697
X -0.4285 -0.9035  0.0118
Y -0.8093  0.3895  0.4397
Z -0.4019  0.1789 -0.8980

PART 65
OFFSET -4.7375 -4.9967 -8.5810
X -0.9497 -0.3133 -0.0034
Y -0.3129  0.9478  0.0623
Z -0.0163  0.0602 -0.9981

PART 66
OFFSET  3.2272 -4.7484 -7.3654
X -0.9904 -0.1341  0.0327
Y  0.1219 -0.9610 -0.2481
Z  0.0647 -0.2418  0.9682

PART 67
OFFSET  4.9710 -4.5124 -7.4230
X -0.9855 -0.1667  0.0307
Y  0.1575 -0.9677 -0.1966
Z  0.0625 -0.1890  0.9800

PART 68
OFFSET  6.1729 -4.3212 -7.4008
X -0.9867 -0.1578 -0.0388
Y  0.1625 -0.9627 -0.2163
Z -0.0032 -0.2197  0.9756

PART 69
OFFSET  7.2874 -4.1429 -7.3570
X  0.1736  0.8586  0.4823
Y  0.9813 -0.1094 -0.1585
Z -0.0834  0.5008 -0.8616

PART 70
OFFSET  3.2845 -4.4023 -8.4130
X -0.3093 -0.9469 -0.0881
Y  0.9166 -0.2722 -0.2927
Z  0.2531 -0.1713  0.9522

PART 71
OFFSET  3.8888 -2.5525 -8.2409
X  0.7755 -0.5503 -0.3096
Y  0.5655  0.8234 -0.0471
Z  0.2809 -0.1386  0.9497

PART 72
OFFSET  2.7561 -1.7488 -7.7887
X  0.8759  0.4240 -0.2300
Y -0.3859  0.9021  0.1932
Z  0.2895 -0.0805  0.9538

PART 73
OFFSET  1.7617 -2.2278 -7.5348
X -0.4437 -0.8962 -0.0080
Y -0.8352  0.4102  0.3663
Z -0.3249  0.1692 -0.9305

PART 74
OFFSET -2.6200 -4.3612 -8.3959
X -0.8150 -0.4180 -0.4012
Y -0.5382  0.8027  0.2570
Z  0.2146  0.4254 -0.8792

PART 75
OFFSET -2.2003 -5.0899 -7.5423
X -0.8150 -0.4180 -0.4012
Y -0.5382  0.8027  0.2570
Z  0.2146  0.4254 -0.8792

PART 76
OFFSET -1.3587 -6.0283 -8.0141
X -0.8150 -0.4180 -0.4012
Y -0.5382  0.8027  0.2570
Z  0.2146  0.4254 -0.8792

PART 77
OFFSET  0.0000 -0.0000 -0.0000
X  1.0000 -0.0000  0.0000
Y  0.0000  1.0000  0.0000
Z  0.0000 -0.0000  1.0000

PART 78
OFFSET  0.0000 -0.0000 -0.0000
X  1.0000 -0.0000  0.0000
Y  0.0000  1.0000  0.0000
Z  0.0000 -0.0000  1.0000

PART 79
OFFSET  1.5404 -0.0000  4.1357
X  1.0000 -0.0000  0.0000
Y  0.0000  1.0000  0.0000
Z  0.0000 -0.0000  1.0000


FRAME 2094
PART 0
OFFSET  0.0000 -0.0000 -0.0000
X  1.0000 -0.0000  0.0000
Y  0.0000  1.0000  0.0000
Z  0.0000 -0.0000  1.0000

PART 1
OFFSET -4.6318 -0.0000 -1.3770
X  1.0000 -0.0000  0.0000
Y  0.0000  1.0000  0.0000
Z  0.0000 -0.0000  1.0000

PART 2
OFFSET -1.0115  7.9373 -5.7336
X  0.6674 -0.2344 -0.7068
Y -0.0939 -0.9681  0.2323
Z -0.7387 -0.0887 -0.6682

PART 3
OFFSET  7.0605  5.1030 -14.2817
X  0.7879 -0.4735  0.3937
Y -0.4124  0.0692  0.9084
Z -0.4573 -0.8781 -0.1407

PART 4
OFFSET  13.7621  1.0759 -10.9329
X  0.7879 -0.4735  0.3937
Y -0.5759 -0.3402  0.7434
Z -0.2180 -0.8125 -0.5407

PART 5
OFFSET  16.0260  1.7073 -10.7061
X  0.7916 -0.4715  0.3887
Y  0.4610  0.8783  0.1265
Z -0.4011  0.0790  0.9126

PART 6
OFFSET  14.7448 -0.1324 -11.7769
X  0.7916 -0.4715  0.3887
Y  0.4610  0.8783  0.1265
Z -0.4011  0.0790  0.9126

PART 7
OFFSET  15.0242  0.9591 -8.7182
X  0.7916 -0.4715  0.3887
Y  0.4610  0.8783  0.1265
Z -0.4011  0.0790  0.9126

PART 8
OFFSET  14.2509 -0.1421 -8.7478
X  0.7916 -0.4715  0.3887
Y  0.4610  0.8783  0.1265
Z -0.4011  0.0790  0.9126

PART 9
OFFSET  14.0667 -0.5590 -9.8559
X  0.7916 -0.4715  0.3887
Y  0.4610  0.8783  0.1265
Z -0.4011  0.0790  0.9126

PART 10
OFFSET  16.1775 -0.3756 -9.7259
X  0.5793 -0.3987  0.7109
Y -0.8104 -0.1881  0.5548
Z -0.0875 -0.8976 -0.4321

PART 11
OFFSET  15.6202 -1.1050 -9.0481
X -0.2592 -0.9036  0.3411
Y -0.9649  0.2575 -0.0512
Z -0.0415 -0.3424 -0.9386

PART 12
OFFSET  14.9622 -3.0483 -8.3694
X  0.7356 -0.5247  0.4284
Y -0.6491 -0.7269  0.2244
Z  0.1937 -0.4432 -0.8753

PART 13
OFFSET  16.2102 -3.9015 -7.7891
X  0.9592  0.2748 -0.0671
Y  0.2773 -0.8667  0.4147
Z  0.0559 -0.4164 -0.9075

PART 14
OFFSET  17.2547 -3.6381 -7.8961
X  0.7293  0.2917  0.6189
Y -0.6793  0.4169  0.6039
Z -0.0818 -0.8609  0.5022

PART 15
OFFSET  17.5178 -0.6929 -9.8057
X  0.9339 -0.2581  0.2476
Y -0.1075 -0.8629 -0.4938
Z  0.3411  0.4345 -0.8336

PART 16
OFFSET  19.5532 -1.4419 -9.1886
X -0.3091 -0.9364 -0.1661
Y -0.8479  0.3504 -0.3978
Z  0.4307  0.0179 -0.9023

PART 17
OFFSET  19.1156 -2.7677 -9.4237
X -0.9392  0.0478 -0.3399
Y  0.0704  0.9960 -0.0545
Z  0.3360 -0.0751 -0.9389

PART 18
OFFSET  18.2828 -2.7253 -9.7251
X -0.9370 -0.0293 -0.3480
Y -0.0243  0.9995 -0.0186
Z  0.3484 -0.0090 -0.9373

PART 19
OFFSET  17.3926 -2.7531 -10.0557
X  0.6816 -0.6038  0.4134
Y  0.6287  0.7723  0.0915
Z -0.3745  0.1975  0.9059

PART 20
OFFSET  17.1189 -0.7803 -9.2203
X  0.7997 -0.3271  0.5035
Y -0.0637 -0.8801 -0.4705
Z  0.5971  0.3442 -0.7246

PART 21
OFFSET  19.2844 -1.5587 -8.0107
X -0.1102 -0.9486 -0.2966
Y -0.8705  0.2362 -0.4319
Z  0.4797  0.2106 -0.8518

PART 22
OFFSET  19.0968 -3.1737 -8.5157
X -0.8728  0.0273 -0.4872
Y -0.0659  0.9827  0.1732
Z  0.4835  0.1833 -0.8559

PART 23
OFFSET  17.8871 -3.1358 -9.1910
X -0.8674  0.2051 -0.4534
Y  0.0921  0.9615  0.2588
Z  0.4890  0.1827 -0.8529

PART 24
OFFSET  16.9464 -2.9134 -9.6827
X  0.6821 -0.7083  0.1817
Y  0.5515  0.6615  0.5082
Z -0.4802 -0.2465  0.8418

PART 25
OFFSET  16.6297 -2.3846 -6.8850
X  0.6775 -0.5884  0.4414
Y  0.2203  0.7349  0.6414
Z -0.7018 -0.3373  0.6275

PART 26
OFFSET  17.8561 -1.7376 -6.3767
X  0.8091 -0.3658  0.4599
Y -0.2396 -0.9200 -0.3103
Z  0.5366  0.1408 -0.8320

PART 27
OFFSET  19.2807 -2.3818 -5.5670
X  0.3202 -0.9472 -0.0157
Y -0.7636 -0.2483 -0.5961
Z  0.5607  0.2028 -0.8028

PART 28
OFFSET  19.6360 -3.5456 -5.5373
X -0.5912 -0.6049 -0.5335
Y -0.4996  0.7939 -0.3465
Z  0.6331  0.0617 -0.7716

PART 29
OFFSET  18.9682 -4.2288 -6.1399
X  0.8215 -0.5025  0.2694
Y  0.3245  0.8007  0.5036
Z -0.4688 -0.3263  0.8208

PART 30
OFFSET  18.6578 -1.6520 -7.1319
X -0.1149 -0.8956 -0.4297
Y -0.8313  0.3235 -0.4520
Z  0.5438  0.3052 -0.7817

PART 31
OFFSET  18.4334 -3.4017 -7.9713
X -0.8248  0.0187 -0.5651
Y -0.1812  0.9380  0.2955
Z  0.5356  0.3461 -0.7703

PART 32
OFFSET  17.2286 -3.3744 -8.7967
X -0.8304  0.3668 -0.4194
Y  0.1056  0.8427  0.5280
Z  0.5471  0.3942 -0.7385

PART 33
OFFSET  16.2919 -2.9568 -9.2773
X  0.5344 -0.8447  0.0315
Y  0.6544  0.4370  0.6171
Z -0.5350 -0.3091  0.7863

PART 34
OFFSET  18.0516 -2.7230 -8.7560
X  0.5519  0.3175 -0.7711
Y  0.0875  0.8976  0.4321
Z  0.8293 -0.3059  0.4676

PART 35
OFFSET  15.7083  1.1289 -11.2161
X  0.7916 -0.4715  0.3887
Y  0.4610  0.8783  0.1265
Z -0.4011  0.0790  0.9126

PART 36
OFFSET  14.7448 -0.1324 -11.7769
X  0.7916 -0.4715  0.3887
Y  0.4610  0.8783  0.1265
Z -0.4011  0.0790  0.9126

PART 37
OFFSET  15.0242  0.9591 -8.7182
X  0.7916 -0.4715  0.3887
Y  0.4610  0.8783  0.1265
Z -0.4011  0.0790  0.9126

PART 38
OFFSET  14.2509 -0.1421 -8.7478
X  0.7916 -0.4715  0.3887
Y  0.4610  0.8783  0.1265
Z -0.4011  0.0790  0.9126

PART 39
OFFSET  14.0667 -0.5590 -9.8559
X  0.7916 -0.4715  0.3887
Y  0.4610  0.8783  0.1265
Z -0.4011  0.0790  0.9126

PART 40
OFFSET  3.8877 -3.4491 -6.0946
X  0.9869  0.0070  0.1612
Y -0.0308  0.9889  0.1456
Z -0.1584 -0.1486  0.9761

PART 41
OFFSET  3.8877 -3.4491 -6.0946
X  0.9869  0.0070  0.1612
Y -0.0308  0.9889  0.1456
Z -0.1584 -0.1486  0.9761

PART 42
OFFSET  7.9996 -3.4464 -5.1408
X  0.9869  0.0070  0.1612
Y -0.0308  0.9889  0.1456
Z -0.1584 -0.1486  0.9761

PART 43
OFFSET  10.1012 -4.5404 -3.1160
X  0.9869  0.0070  0.1612
Y -0.0308  0.9889  0.1456
Z -0.1584 -0.1486  0.9761

PART 44
OFFSET -3.5060 -7.9373 -3.1869
X  0.5985  0.1669  0.7835
Y  0.2001 -0.9782  0.0555
Z  0.7757  0.1236 -0.6189

PART 45
OFFSET -10.7446 -9.9552 -12.6628
X -0.8158 -0.4879 -0.3105
Y  0.1111  0.3946 -0.9121
Z  0.5675 -0.7786 -0.2677

PART 46
OFFSET -3.8058 -5.8053 -10.0220
X -0.8158 -0.4879 -0.3105
Y  0.3007  0.1008 -0.9484
Z  0.4940 -0.8671  0.0645

PART 47
OFFSET -3.3644 -4.5043 -8.5944
X -0.8180 -0.4881 -0.3043
Y -0.5668  0.7742  0.2817
Z  0.0981  0.4029 -0.9100

PART 48
OFFSET -2.8135 -5.1677 -7.7625
X -0.8180 -0.4881 -0.3043
Y -0.5668  0.7742  0.2817
Z  0.0981  0.4029 -0.9100

PART 49
OFFSET -1.9566 -6.0653 -8.2829
X -0.8180 -0.4881 -0.3043
Y -0.5668  0.7742  0.2817
Z  0.0981  0.4029 -0.9100

PART 50
OFFSET -1.3048 -4.3096 -9.0701
X -0.9858 -0.0089 -0.1674
Y  0.1640  0.1567 -0.9739
Z  0.0349 -0.9876 -0.1530

PART 51
OFFSET -1.0339 -4.0513 -7.9921
X -0.6061 -0.4278 -0.6706
Y  0.5007  0.4498 -0.7396
Z  0.6180 -0.7840 -0.0584

PART 52
OFFSET  0.1896 -3.1294 -6.4680
X -0.8932 -0.3850  0.2322
Y -0.1945 -0.1347 -0.9716
Z  0.4053 -0.9130  0.0454

PART 53
OFFSET  1.5746 -2.4137 -6.9059
X -0.4363 -0.3005  0.8481
Y -0.7451 -0.4078 -0.5278
Z  0.5045 -0.8622 -0.0460

PART 54
OFFSET  2.0360 -2.0424 -7.8120
X -0.7997  0.2480  0.5468
Y  0.0917  0.9505 -0.2969
Z -0.5934 -0.1873 -0.7828

PART 55
OFFSET -0.3020 -3.9347 -9.9404
X -0.9202 -0.3054  0.2449
Y  0.2710 -0.9484 -0.1645
Z  0.2825 -0.0849  0.9555

PART 56
OFFSET  1.7734 -3.1445 -10.3313
X -0.1740 -0.9482 -0.2657
Y  0.8959 -0.0404 -0.4424
Z  0.4088 -0.3150  0.8566

PART 57
OFFSET  2.0197 -1.8020 -9.9552
X  0.6923 -0.5015 -0.5189
Y  0.6150  0.7862  0.0608
Z  0.3774 -0.3612  0.8527

PART 58
OFFSET  1.4058 -1.3574 -9.4951
X  0.8852  0.3578 -0.2974
Y -0.2173  0.8831  0.4158
Z  0.4114 -0.3034  0.8595

PART 59
OFFSET  0.5649 -1.6974 -9.2126
X -0.6001 -0.7842 -0.1579
Y -0.6817  0.3981  0.6139
Z -0.4185  0.4760 -0.7735

PART 60
OFFSET -0.1893 -4.1748 -9.2776
X -0.9745 -0.2100  0.0788
Y  0.1991 -0.9717 -0.1267
Z  0.1031 -0.1078  0.9888

PART 61
OFFSET  2.3290 -3.6353 -9.6317
X -0.1860 -0.9711 -0.1494
Y  0.8860 -0.1000 -0.4528
Z  0.4248 -0.2166  0.8790

PART 62
OFFSET  2.6457 -1.9819 -9.3774
X  0.8157 -0.3317 -0.4739
Y  0.4058  0.9120  0.0602
Z  0.4122 -0.2414  0.8785

PART 63
OFFSET  1.5151 -1.5222 -8.7206
X  0.8233  0.5142 -0.2403
Y -0.3956  0.8235  0.4066
Z  0.4070 -0.2397  0.8814

PART 64
OFFSET  0.6222 -2.0799 -8.4599
X -0.4286 -0.9035  0.0080
Y -0.8131  0.3895  0.4326
Z -0.3940  0.1789 -0.9015

PART 65
OFFSET -5.5278 -5.0084 -9.0254
X -0.9496 -0.3133 -0.0117
Y -0.3134  0.9477  0.0596
Z -0.0076  0.0602 -0.9982

PART 66
OFFSET  2.4258 -4.7601 -7.7399
X -0.9907 -0.1341  0.0240
Y  0.1241 -0.9610 -0.2471
Z  0.0562 -0.2418  0.9687

PART 67
OFFSET  4.1701 -4.5241 -7.7822
X -0.9858 -0.1667  0.0220
Y  0.1592 -0.9677 -0.1953
Z  0.0539 -0.1890  0.9805

PART 68
OFFSET  5.3717 -4.3330 -7.7494
X -0.9863 -0.1578 -0.0474
Y  0.1644 -0.9627 -0.2149
Z -0.0118 -0.2198  0.9755

PART 69
OFFSET  6.4858 -4.1547 -7.6958
X  0.1694  0.8586  0.4838
Y  0.9826 -0.1094 -0.1499
Z -0.0758  0.5008 -0.8622

PART 70
OFFSET  2.4924 -4.4140 -8.7870
X -0.3085 -0.9469 -0.0908
Y  0.9192 -0.2722 -0.2846
Z  0.2448 -0.1713  0.9543

PART 71
OFFSET  3.0951 -2.5642 -8.6095
X  0.7782 -0.5503 -0.3028
Y  0.5659  0.8234 -0.0421
Z  0.2725 -0.1386  0.9521

PART 72
OFFSET  1.9585 -1.7605 -8.1672
X  0.8779  0.4240 -0.2223
Y -0.3876  0.9021  0.1899
Z  0.2811 -0.0806  0.9563

PART 73
OFFSET  0.9619 -2.2396 -7.9220
X -0.4436 -0.8962 -0.0119
Y -0.8384  0.4102  0.3589
Z -0.3168  0.1692 -0.9333

PART 74
OFFSET -3.3645 -4.5043 -8.5944
X -0.8180 -0.4881 -0.3043
Y -0.5668  0.7742  0.2817
Z  0.0981  0.4029 -0.9100

PART 75
OFFSET -2.8136 -5.1676 -7.7623
X -0.8180 -0.4881 -0.3043
Y -0.5668  0.7742  0.2817
Z  0.0981  0.4029 -0.9100

PART 76
OFFSET -1.9565 -6.0653 -8.2830
X -0.8180 -0.4881 -0.3043
Y -0.5668  0.7742  0.2817
Z  0.0981  0.4029 -0.9100

PART 77
OFFSET  0.0000 -0.0000 -0.0000
X  1.0000 -0.0000  0.0000
Y  0.0000  1.0000  0.0000
Z  0.0000 -0.0000  1.0000

PART 78
OFFSET  0.0000 -0.0000 -0.0000
X  1.0000 -0.0000  0.0000
Y  0.0000  1.0000  0.0000
Z  0.0000 -0.0000  1.0000

PART 79
OFFSET  1.5404 -0.0000  4.1357
X  1.0000 -0.0000  0.0000
Y  0.0000  1.0000  0.0000
Z  0.0000 -0.0000  1.0000


FRAME 2095
PART 0
OFFSET  0.0000 -0.0000 -0.0000
X  1.0000 -0.0000  0.0000
Y  0.0000  1.0000  0.0000
Z  0.0000 -0.0000  1.0000

PART 1
OFFSET -4.6318 -0.0000 -1.3770
X  1.0000 -0.0000  0.0000
Y  0.0000  1.0000  0.0000
Z  0.0000 -0.0000  1.0000

PART 2
OFFSET -1.0115  7.9373 -5.7336
X  0.6586 -0.2304 -0.7163
Y -0.0944 -0.9697  0.2252
Z -0.7465 -0.0807 -0.6604

PART 3
OFFSET  6.9539  5.1505 -14.3967
X  0.7824 -0.4779  0.3994
Y -0.4179  0.0726  0.9056
Z -0.4617 -0.8754 -0.1429

PART 4
OFFSET  13.6085  1.0862 -10.9997
X  0.7824 -0.4779  0.3994
Y -0.5833 -0.3376  0.7387
Z -0.2182 -0.8110 -0.5429

PART 5
OFFSET  15.8746  1.7040 -10.7585
X  0.7861 -0.4759  0.3944
Y  0.4655  0.8757  0.1288
Z -0.4066  0.0823  0.9099

PART 6
OFFSET  14.5895 -0.1289 -11.8361
X  0.7861 -0.4759  0.3944
Y  0.4655  0.8757  0.1288
Z -0.4066  0.0823  0.9099

PART 7
OFFSET  14.8552  0.9639 -8.7766
X  0.7861 -0.4759  0.3944
Y  0.4655  0.8757  0.1288
Z -0.4066  0.0823  0.9099

PART 8
OFFSET  14.0754 -0.1326 -8.8102
X  0.7861 -0.4759  0.3944
Y  0.4655  0.8757  0.1288
Z -0.4066  0.0823  0.9099

PART 9
OFFSET  13.8960 -0.5495 -9.9192
X  0.7861 -0.4759  0.3944
Y  0.4655  0.8757  0.1288
Z -0.4066  0.0823  0.9099

PART 10
OFFSET  16.0071 -0.3787 -9.7753
X  0.5788 -0.3987  0.7113
Y -0.8108 -0.1881  0.5543
Z -0.0872 -0.8976 -0.4322

PART 11
OFFSET  15.4492 -1.1082 -9.0979
X -0.2594 -0.9036  0.3409
Y -0.9649  0.2575 -0.0519
Z -0.0409 -0.3424 -0.9387

PART 12
OFFSET  14.7908 -3.0515 -8.4196
X  0.7354 -0.5247  0.4289
Y -0.6492 -0.7269  0.2239
Z  0.1943 -0.4432 -0.8751

PART 13
OFFSET  16.0384 -3.9047 -7.8385
X  0.9592  0.2748 -0.0664
Y  0.2770 -0.8667  0.4149
Z  0.0565 -0.4164 -0.9074

PART 14
OFFSET  17.0830 -3.6413 -7.9448
X  0.7289  0.2917  0.6194
Y -0.6797  0.4169  0.6035
Z -0.0822 -0.8609  0.5022

PART 15
OFFSET  17.3474 -0.6961 -9.8543
X  0.9337 -0.2581  0.2482
Y -0.1072 -0.8629 -0.4939
Z  0.3417  0.4345 -0.8334

PART 16
OFFSET  19.3823 -1.4451 -9.2357
X -0.3090 -0.9364 -0.1663
Y -0.8476  0.3504 -0.3984
Z  0.4313  0.0179 -0.9020

PART 17
OFFSET  18.9449 -2.7708 -9.4712
X -0.9390  0.0478 -0.3406
Y  0.0705  0.9960 -0.0545
Z  0.3366 -0.0751 -0.9386

PART 18
OFFSET  18.1123 -2.7285 -9.7731
X -0.9368 -0.0293 -0.3486
Y -0.0243  0.9995 -0.0186
Z  0.3490 -0.0090 -0.9371

PART 19
OFFSET  17.2224 -2.7563 -10.1043
X  0.6813 -0.6038  0.4139
Y  0.6286  0.7723  0.0919
Z -0.3751  0.1975  0.9057

PART 20
OFFSET  16.9480 -0.7835 -9.2691
X  0.7993 -0.3271  0.5041
Y -0.0634 -0.8801 -0.4706
Z  0.5976  0.3442 -0.7242

PART 21
OFFSET  19.1127 -1.5619 -8.0580
X -0.1100 -0.9486 -0.2967
Y -0.8702  0.2362 -0.4325
Z  0.4803  0.2106 -0.8514

PART 22
OFFSET  18.9255 -3.1769 -8.5632
X -0.8725  0.0273 -0.4878
Y -0.0660  0.9827  0.1732
Z  0.4841  0.1833 -0.8556

PART 23
OFFSET  17.7162 -3.1390 -9.2393
X -0.8671  0.2051 -0.4540
Y  0.0919  0.9615  0.2588
Z  0.4896  0.1827 -0.8526

PART 24
OFFSET  16.7759 -2.9166 -9.7316
X  0.6820 -0.7083  0.1822
Y  0.5511  0.6615  0.5086
Z -0.4808 -0.2465  0.8415

PART 25
OFFSET  16.4573 -2.3878 -6.9341
X  0.6772 -0.5884  0.4419
Y  0.2199  0.7349  0.6416
Z -0.7022 -0.3373  0.6270

PART 26
OFFSET  17.6834 -1.7408 -6.4250
X  0.8088 -0.3658  0.4604
Y -0.2394 -0.9200 -0.3104
Z  0.5371  0.1408 -0.8317

PART 27
OFFSET  19.1074 -2.3850 -5.6144
X  0.3429 -0.9394  0.0024
Y -0.7541 -0.2768 -0.5956
Z  0.5601  0.2025 -0.8033

PART 28
OFFSET  19.4903 -3.5392 -5.5627
X -0.5579 -0.6509 -0.5149
Y -0.5334  0.7565 -0.3783
Z  0.6357  0.0636 -0.7693

PART 29
OFFSET  18.8601 -4.2744 -6.1443
X  0.8420 -0.4532  0.2927
Y  0.2826  0.8327  0.4762
Z -0.4596 -0.3183  0.8292

PART 30
OFFSET  18.4856 -1.6552 -7.1797
X -0.1146 -0.8956 -0.4298
Y -0.8310  0.3235 -0.4526
Z  0.5444  0.3052 -0.7813

PART 31
OFFSET  18.2617 -3.4049 -8.0192
X -0.8244  0.0187 -0.5656
Y -0.1814  0.9380  0.2954
Z  0.5361  0.3461 -0.7699

PART 32
OFFSET  17.0575 -3.3776 -8.8454
X -0.8301  0.3668 -0.4199
Y  0.1052  0.8427  0.5281
Z  0.5476  0.3942 -0.7381

PART 33
OFFSET  16.1211 -2.9600 -9.3266
X  0.5343 -0.8447  0.0319
Y  0.6540  0.4370  0.6175
Z -0.5355 -0.3091  0.7859

PART 34
OFFSET  17.8804 -2.7262 -8.8042
X  0.5524  0.3175 -0.7708
Y  0.0872  0.8976  0.4322
Z  0.8290 -0.3059  0.4681

PART 35
OFFSET  15.5568  1.1271 -11.2701
X  0.7861 -0.4759  0.3944
Y  0.4655  0.8757  0.1288
Z -0.4066  0.0823  0.9099

PART 36
OFFSET  14.5895 -0.1289 -11.8361
X  0.7861 -0.4759  0.3944
Y  0.4655  0.8757  0.1288
Z -0.4066  0.0823  0.9099

PART 37
OFFSET  14.8552  0.9639 -8.7766
X  0.7861 -0.4759  0.3944
Y  0.4655  0.8757  0.1288
Z -0.4066  0.0823  0.9099

PART 38
OFFSET  14.0754 -0.1326 -8.8102
X  0.7861 -0.4759  0.3944
Y  0.4655  0.8757  0.1288
Z -0.4066  0.0823  0.9099

PART 39
OFFSET  13.8960 -0.5495 -9.9192
X  0.7861 -0.4759  0.3944
Y  0.4655  0.8757  0.1288
Z -0.4066  0.0823  0.9099

PART 40
OFFSET  3.7147 -3.4523 -6.1524
X  0.9868  0.0070  0.1619
Y -0.0309  0.9889  0.1455
Z -0.1591 -0.1486  0.9760

PART 41
OFFSET  3.7147 -3.4523 -6.1524
X  0.9868  0.0070  0.1619
Y -0.0309  0.9889  0.1455
Z -0.1591 -0.1486  0.9760

PART 42
OFFSET  7.8260 -3.4496 -5.1958
X  0.9868  0.0070  0.1619
Y -0.0309  0.9889  0.1455
Z -0.1591 -0.1486  0.9760

PART 43
OFFSET  9.9262 -4.5436 -3.1696
X  0.9868  0.0070  0.1619
Y -0.0309  0.9889  0.1455
Z -0.1591 -0.1486  0.9760

PART 44
OFFSET -3.5060 -7.9373 -3.1869
X  0.6105  0.1814  0.7710
Y  0.2169 -0.9745  0.0576
Z  0.7618  0.1321 -0.6343

PART 45
OFFSET -10.8890 -10.1317 -12.5110
X -0.8135 -0.5029 -0.2921
Y  0.0875  0.3906 -0.9164
Z  0.5749 -0.7710 -0.2738

PART 46
OFFSET -3.9697 -5.8545 -10.0268
X -0.8135 -0.5029 -0.2921
Y  0.2807  0.1003 -0.9545
Z  0.5093 -0.8585  0.0596

PART 47
OFFSET -3.5226 -4.5375 -8.6157
X -0.8156 -0.5031 -0.2858
Y -0.5738  0.7668  0.2877
Z  0.0744  0.3987 -0.9141

PART 48
OFFSET -2.9455 -5.1868 -7.7904
X -0.8156 -0.5031 -0.2858
Y -0.5738  0.7668  0.2877
Z  0.0744  0.3987 -0.9141

PART 49
OFFSET -2.0841 -6.0738 -8.3215
X -0.8156 -0.5031 -0.2858
Y -0.5738  0.7668  0.2877
Z  0.0744  0.3987 -0.9141

PART 50
OFFSET -1.4757 -4.3128 -9.1314
X -0.9857 -0.0089 -0.1681
Y  0.1647  0.1567 -0.9738
Z  0.0350 -0.9876 -0.1530

PART 51
OFFSET -1.2056 -4.0545 -8.0532
X -0.6056 -0.4278 -0.6710
Y  0.5012  0.4498 -0.7392
Z  0.6180 -0.7840 -0.0580

PART 52
OFFSET  0.0169 -3.1326 -6.5283
X -0.8934 -0.3850  0.2316
Y -0.1939 -0.1347 -0.9717
Z  0.4053 -0.9130  0.0457

PART 53
OFFSET  1.4022 -2.4169 -6.9653
X -0.4369 -0.3005  0.8478
Y -0.7447 -0.4078 -0.5283
Z  0.5045 -0.8622 -0.0456

PART 54
OFFSET  1.8642 -2.0456 -7.8711
X -0.8000  0.2480  0.5463
Y  0.0919  0.9505 -0.2968
Z -0.5929 -0.1873 -0.7832

PART 55
OFFSET -0.4724 -3.9379 -10.0010
X -0.9203 -0.3054  0.2443
Y  0.2711 -0.9484 -0.1643
Z  0.2819 -0.0849  0.9557

PART 56
OFFSET  1.6033 -3.1477 -10.3906
X -0.1738 -0.9482 -0.2658
Y  0.8962 -0.0404 -0.4418
Z  0.4082 -0.3150  0.8568

PART 57
OFFSET  1.8493 -1.8052 -10.0142
X  0.6926 -0.5015 -0.5184
Y  0.6150  0.7862  0.0612
Z  0.3769 -0.3612  0.8529

PART 58
OFFSET  1.2352 -1.3606 -9.5546
X  0.8854  0.3578 -0.2968
Y -0.2176  0.8831  0.4156
Z  0.4108 -0.3034  0.8598

PART 59
OFFSET  0.3941 -1.7006 -9.2726
X -0.6000 -0.7842 -0.1583
Y -0.6821  0.3981  0.6134
Z -0.4180  0.4760 -0.7738

PART 60
OFFSET -0.3601 -4.1780 -9.3382
X -0.9746 -0.2100  0.0781
Y  0.1992 -0.9717 -0.1266
Z  0.1025 -0.1078  0.9889

PART 61
OFFSET  2.1585 -3.6385 -9.6905
X -0.1859 -0.9711 -0.1495
Y  0.8863 -0.1000 -0.4522
Z  0.4242 -0.2166  0.8793

PART 62
OFFSET  2.4749 -1.9851 -9.4360
X  0.8160 -0.3317 -0.4733
Y  0.4058  0.9120  0.0604
Z  0.4116 -0.2414  0.8788

PART 63
OFFSET  1.3440 -1.5254 -8.7800
X  0.8235  0.5142 -0.2398
Y -0.3959  0.8235  0.4064
Z  0.4064 -0.2397  0.8817

PART 64
OFFSET  0.4509 -2.0831 -8.5199
X -0.4286 -0.9035  0.0077
Y -0.8134  0.3895  0.4321
Z -0.3934  0.1789 -0.9018

PART 65
OFFSET -5.6988 -5.0116 -9.0896
X -0.9496 -0.3133 -0.0124
Y -0.3134  0.9477  0.0594
Z -0.0069  0.0602 -0.9982

PART 66
OFFSET  2.2540 -4.7634 -7.7987
X -0.9907 -0.1341  0.0233
Y  0.1242 -0.9610 -0.2470
Z  0.0555 -0.2418  0.9687

PART 67
OFFSET  3.9983 -4.5273 -7.8398
X -0.9858 -0.1667  0.0214
Y  0.1594 -0.9677 -0.1952
Z  0.0532 -0.1890  0.9805

PART 68
OFFSET  5.1999 -4.3362 -7.8062
X -0.9863 -0.1578 -0.0481
Y  0.1645 -0.9627 -0.2148
Z -0.0124 -0.2198  0.9755

PART 69
OFFSET  6.3139 -4.1579 -7.7519
X  0.1690  0.8586  0.4839
Y  0.9827 -0.1094 -0.1492
Z -0.0752  0.5008 -0.8623

PART 70
OFFSET  2.3212 -4.4172 -8.8457
X -0.3085 -0.9469 -0.0911
Y  0.9194 -0.2722 -0.2840
Z  0.2441 -0.1713  0.9545

PART 71
OFFSET  2.9239 -2.5674 -8.6678
X  0.7784 -0.5502 -0.3023
Y  0.5659  0.8234 -0.0417
Z  0.2719 -0.1386  0.9523

PART 72
OFFSET  1.7870 -1.7637 -8.2263
X  0.8781  0.4240 -0.2217
Y -0.3877  0.9021  0.1896
Z  0.2804 -0.0806  0.9565

PART 73
OFFSET  0.7902 -2.2428 -7.9818
X -0.4436 -0.8962 -0.0123
Y -0.8386  0.4102  0.3584
Z -0.3161  0.1692 -0.9335

PART 74
OFFSET -3.5226 -4.5375 -8.6156
X -0.8156 -0.5031 -0.2858
Y -0.5738  0.7668  0.2877
Z  0.0744  0.3987 -0.9141

PART 75
OFFSET -2.9456 -5.1867 -7.7902
X -0.8156 -0.5031 -0.2858
Y -0.5738  0.7668  0.2877
Z  0.0744  0.3987 -0.9141

PART 76
OFFSET -2.0841 -6.0737 -8.3216
X -0.8156 -0.5031 -0.2858
Y -0.5738  0.7668  0.2877
Z  0.0744  0.3987 -0.9141

PART 77
OFFSET  0.0000 -0.0000 -0.0000
X  1.0000 -0.0000  0.0000
