// Export filename: `C:\projects\cod\t5\xanim_export\t5_viewmodels\ak74u\ak74u_dualclip_grip_reload.XANIM_EXPORT`
// Source filename: `D:\projects\devanim\t5\animation_assets\viewmodels\ak74u/t5_viewmodel_ak74u_animated.fbx`
// Export time: Sat Aug 28 19:56:26 2010

ANIMATION
VERSION 3

NUMPARTS 80
PART 0 "tag_ads"
PART 1 "tag_torso"
PART 2 "J_Shoulder_LE"
PART 3 "J_Elbow_LE"
PART 4 "J_WristTwist_LE"
PART 5 "J_Sleave_Reshape_Bottom_LE_1"
PART 6 "J_Sleave_Reshape_Bottom_LE_2"
PART 7 "J_Sleave_Reshape_Top_LE_1"
PART 8 "J_Sleave_Reshape_Top_LE_2"
PART 9 "J_Sleave_Reshape_Top_LE_3"
PART 10 "J_Wrist_LE"
PART 11 "J_Thumb_LE_0"
PART 12 "J_Thumb_LE_1"
PART 13 "J_Thumb_LE_2"
PART 14 "J_Thumb_LE_3"
PART 15 "J_PinkyPalm_LE"
PART 16 "J_Pinky_LE_0"
PART 17 "J_Pinky_LE_1"
PART 18 "J_Pinky_LE_2"
PART 19 "J_Pinky_LE_3"
PART 20 "J_RingPalm_LE"
PART 21 "J_Ring_LE_0"
PART 22 "J_Ring_LE_1"
PART 23 "J_Ring_LE_2"
PART 24 "J_Ring_LE_3"
PART 25 "J_Webbing_LE"
PART 26 "J_Index_LE_0"
PART 27 "J_Index_LE_1"
PART 28 "J_Index_LE_2"
PART 29 "J_Index_LE_3"
PART 30 "J_Mid_LE_0"
PART 31 "J_Mid_LE_1"
PART 32 "J_Mid_LE_2"
PART 33 "J_Mid_LE_3"
PART 34 "tag_knife_attach"
PART 35 "D_Sleave_Reshape_Bottom_LE_1"
PART 36 "D_Sleave_Reshape_Bottom_LE_2"
PART 37 "D_Sleave_Reshape_Top_LE_1"
PART 38 "D_Sleave_Reshape_Top_LE_2"
PART 39 "D_Sleave_Reshape_Top_LE_3"
PART 40 "tag_weapon"
PART 41 "J_Gun"
PART 42 "J_Bolt"
PART 43 "TAG_DUAL_CLIP"
PART 44 "J_Shoulder_RI"
PART 45 "J_Elbow_RI"
PART 46 "J_WristTwist_RI"
PART 47 "J_Sleave_Reshape_Top_RI_3"
PART 48 "J_Sleave_Reshape_Top_RI_2"
PART 49 "J_Sleave_Reshape_Top_RI_1"
PART 50 "J_Wrist_RI"
PART 51 "J_Thumb_RI_0"
PART 52 "J_Thumb_RI_1"
PART 53 "J_Thumb_RI_2"
PART 54 "J_Thumb_RI_3"
PART 55 "J_PinkyPalm_RI"
PART 56 "J_Pinky_RI_0"
PART 57 "J_Pinky_RI_1"
PART 58 "J_Pinky_RI_2"
PART 59 "J_Pinky_RI_3"
PART 60 "J_RingPalm_RI"
PART 61 "J_Ring_RI_0"
PART 62 "J_Ring_RI_1"
PART 63 "J_Ring_RI_2"
PART 64 "J_Ring_RI_3"
PART 65 "J_Webbing_RI"
PART 66 "J_Index_RI_0"
PART 67 "J_Index_RI_1"
PART 68 "J_Index_RI_2"
PART 69 "J_Index_RI_3"
PART 70 "J_Mid_RI_0"
PART 71 "J_Mid_RI_1"
PART 72 "J_Mid_RI_2"
PART 73 "J_Mid_RI_3"
PART 74 "D_Sleave_Reshape_Top_RI_3"
PART 75 "D_Sleave_Reshape_Top_RI_2"
PART 76 "D_Sleave_Reshape_Top_RI_1"
PART 77 "tag_cambone"
PART 78 "tag_camera"
PART 79 "tag_gasmask"

FRAMERATE 30
NUMFRAMES 91

FRAME 5500
PART 0
OFFSET  0.0000 -0.0000 -0.0000
X  1.0000 -0.0000  0.0000
Y  0.0000  1.0000  0.0000
Z  0.0000 -0.0000  1.0000

PART 1
OFFSET -4.6318 -0.0000 -1.3770
X  1.0000 -0.0000  0.0000
Y  0.0000  1.0000  0.0000
Z  0.0000 -0.0000  1.0000

PART 2
OFFSET -1.6642  7.9373 -3.1869
X  0.7233 -0.2668 -0.6370
Y -0.1082 -0.9548  0.2770
Z -0.6820 -0.1315 -0.7194

PART 3
OFFSET  7.0828  4.7109 -10.8903
X  0.8419 -0.4587  0.2842
Y -0.3114  0.0172  0.9501
Z -0.4407 -0.8884 -0.1284

PART 4
OFFSET  14.2434  0.8091 -8.4727
X  0.8419 -0.4587  0.2842
Y -0.3424 -0.0470  0.9384
Z -0.4171 -0.8873 -0.1966

PART 5
OFFSET  16.4963  1.5160 -8.4668
X  0.8449 -0.4564  0.2789
Y  0.4428  0.8894  0.1139
Z -0.3000  0.0273  0.9535

PART 6
OFFSET  15.1663 -0.3265 -9.4711
X  0.8449 -0.4564  0.2789
Y  0.4428  0.8894  0.1139
Z -0.3000  0.0273  0.9535

PART 7
OFFSET  15.7460  0.6517 -6.4162
X  0.8449 -0.4564  0.2789
Y  0.4428  0.8894  0.1139
Z -0.3000  0.0273  0.9535

PART 8
OFFSET  15.0110 -0.4759 -6.4095
X  0.8449 -0.4564  0.2789
Y  0.4428  0.8894  0.1139
Z -0.3000  0.0273  0.9535

PART 9
OFFSET  14.7192 -0.8548 -7.5081
X  0.8449 -0.4564  0.2789
Y  0.4428  0.8894  0.1139
Z -0.3000  0.0273  0.9535

PART 10
OFFSET  16.8243 -0.5972 -7.6013
X  0.8454 -0.3940  0.3606
Y -0.3904  0.0049  0.9206
Z -0.3645 -0.9191 -0.1497

PART 11
OFFSET  16.6782 -1.1471 -6.6121
X  0.1769 -0.8655  0.4686
Y -0.5291  0.3178  0.7868
Z -0.8299 -0.3871 -0.4017

PART 12
OFFSET  16.9610 -3.0046 -5.5447
X  0.7292 -0.6256 -0.2774
Y -0.2044 -0.5859  0.7842
Z -0.6531 -0.5151 -0.5551

PART 13
OFFSET  18.0771 -4.0373 -6.1014
X  0.5254 -0.0018 -0.8509
Y  0.3954 -0.8850  0.2460
Z -0.7534 -0.4657 -0.4642

PART 14
OFFSET  18.6175 -4.0756 -7.0386
X  0.9533  0.1154 -0.2792
Y  0.1506  0.6196  0.7703
Z  0.2619 -0.7764  0.5733

PART 15
OFFSET  17.8841 -1.1216 -8.3121
X  0.9004 -0.3653 -0.2363
Y -0.4126 -0.8894 -0.1968
Z -0.1383  0.2747 -0.9515

PART 16
OFFSET  19.8766 -2.0916 -8.7286
X  0.1824 -0.9765  0.1148
Y -0.9743 -0.1638  0.1548
Z -0.1324 -0.1401 -0.9812

PART 17
OFFSET  20.1349 -3.4741 -8.5661
X -0.9452 -0.2896  0.1507
Y -0.3110  0.9391 -0.1462
Z -0.0992 -0.1851 -0.9777

PART 18
OFFSET  19.2968 -3.7309 -8.4325
X -0.8935  0.4466  0.0466
Y  0.4351  0.8867 -0.1563
Z -0.1112 -0.1194 -0.9866

PART 19
OFFSET  18.4479 -3.3065 -8.3881
X  0.4263 -0.8810  0.2051
Y  0.8894  0.3669 -0.2727
Z  0.1650  0.2987  0.9400

PART 20
OFFSET  17.8614 -1.0767 -7.6001
X  0.9222 -0.3820  0.0595
Y -0.3643 -0.9101 -0.1973
Z  0.1296  0.1603 -0.9785

PART 21
OFFSET  20.2822 -2.0243 -7.5866
X  0.0244 -0.9967 -0.0768
Y -0.9973 -0.0296  0.0672
Z -0.0693  0.0750 -0.9948

PART 22
OFFSET  20.3237 -3.7213 -7.7173
X -0.9898 -0.1318  0.0540
Y -0.1287  0.9901  0.0560
Z -0.0608  0.0485 -0.9970

PART 23
OFFSET  18.9519 -3.9039 -7.6425
X -0.6186  0.7824  0.0722
Y  0.7838  0.6208 -0.0125
Z -0.0546  0.0489 -0.9973

PART 24
OFFSET  18.2811 -3.0553 -7.5642
X  0.0563 -0.9933 -0.1011
Y  0.9983  0.0575 -0.0087
Z  0.0145 -0.1004  0.9948

PART 25
OFFSET  18.6152 -2.2967 -5.1081
X  0.7696 -0.6273  0.1196
Y  0.5789  0.7644  0.2839
Z -0.2695 -0.1492  0.9514

PART 26
OFFSET  19.9595 -1.7873 -5.4461
X  0.3284 -0.9432 -0.0502
Y -0.9288 -0.3127 -0.1990
Z  0.1720  0.1120 -0.9787

PART 27
OFFSET  20.5376 -3.4479 -5.5346
X -0.9210 -0.2730 -0.2780
Y -0.2894  0.9570  0.0187
Z  0.2609  0.0977 -0.9604

PART 28
OFFSET  19.4021 -3.7858 -5.8141
X -0.7592  0.6453 -0.0846
Y  0.6388  0.7637  0.0930
Z  0.1247  0.0165 -0.9921

PART 29
OFFSET  18.5446 -3.0568 -5.9098
X -0.2945 -0.8949 -0.3354
Y  0.8917 -0.3835  0.2405
Z -0.3438 -0.2283  0.9109

PART 30
OFFSET  20.2275 -1.9154 -6.5102
X  0.1439 -0.9895 -0.0094
Y -0.9835 -0.1420 -0.1117
Z  0.1092  0.0253 -0.9937

PART 31
OFFSET  20.5086 -3.8486 -6.5286
X -0.9930 -0.0691 -0.0957
Y -0.0748  0.9955  0.0573
Z  0.0913  0.0641 -0.9938

PART 32
OFFSET  19.0582 -3.9495 -6.6683
X -0.6009  0.7989  0.0264
Y  0.7912  0.5898  0.1616
Z  0.1136  0.1180 -0.9865

PART 33
OFFSET  18.3779 -3.0443 -6.6455
X -0.0519 -0.9968 -0.0604
Y  0.9980 -0.0539  0.0329
Z -0.0360 -0.0586  0.9976

PART 34
OFFSET  18.7712 -3.0687 -7.3478
X  0.0648  0.1353 -0.9887
Y  0.3645  0.9191  0.1497
Z  0.9289 -0.3701  0.0102

PART 35
OFFSET  16.1435  0.9469 -8.9640
X  0.8449 -0.4564  0.2789
Y  0.4428  0.8894  0.1139
Z -0.3000  0.0273  0.9535

PART 36
OFFSET  15.1663 -0.3265 -9.4711
X  0.8449 -0.4564  0.2789
Y  0.4428  0.8894  0.1139
Z -0.3000  0.0273  0.9535

PART 37
OFFSET  15.7460  0.6517 -6.4162
X  0.8449 -0.4564  0.2789
Y  0.4428  0.8894  0.1139
Z -0.3000  0.0273  0.9535

PART 38
OFFSET  15.0110 -0.4759 -6.4095
X  0.8449 -0.4564  0.2789
Y  0.4428  0.8894  0.1139
Z -0.3000  0.0273  0.9535

PART 39
OFFSET  14.7192 -0.8548 -7.5081
X  0.8449 -0.4564  0.2789
Y  0.4428  0.8894  0.1139
Z -0.3000  0.0273  0.9535

PART 40
OFFSET  7.7688 -2.6416 -4.8099
X  1.0000 -0.0000  0.0000
Y  0.0000  1.0000  0.0000
Z  0.0000 -0.0000  1.0000

PART 41
OFFSET  7.7688 -2.6416 -4.8099
X  1.0000 -0.0000  0.0000
Y  0.0000  1.0000  0.0000
Z  0.0000 -0.0000  1.0000

PART 42
OFFSET  14.3735 -3.4784 -2.7246
X  1.0000 -0.0000  0.0000
Y  0.0000  1.0000  0.0000
Z  0.0000 -0.0000  1.0000

PART 43
OFFSET  11.9805 -2.6266 -4.5307
X  1.0000 -0.0000  0.0000
Y  0.0000  1.0000  0.0000
Z  0.0000 -0.0000  1.0000

PART 44
OFFSET -13.9227 -7.9373 -3.1869
X -0.6053  0.0162  0.7958
Y -0.1718 -0.9789 -0.1107
Z  0.7772 -0.2037  0.5953

PART 45
OFFSET -6.6022 -8.1338 -12.8116
X -0.8222 -0.3196 -0.4710
Y  0.5121 -0.0542 -0.8572
Z  0.2484 -0.9460  0.2082

PART 46
OFFSET  0.3912 -5.4156 -8.8058
X -0.8222 -0.3196 -0.4710
Y  0.5374 -0.1634 -0.8273
Z  0.1874 -0.9334  0.3061

PART 47
OFFSET  0.9106 -3.8330 -7.7329
X -0.8259 -0.3166 -0.4664
Y -0.2534  0.9476 -0.1946
Z  0.5036 -0.0425 -0.8629

PART 48
OFFSET  0.8857 -4.2320 -6.6033
X -0.8259 -0.3166 -0.4664
Y -0.2534  0.9476 -0.1946
Z  0.5036 -0.0425 -0.8629

PART 49
OFFSET  1.4070 -5.4649 -6.4654
X -0.8259 -0.3166 -0.4664
Y -0.2534  0.9476 -0.1946
Z  0.5036 -0.0425 -0.8629

PART 50
OFFSET  2.9119 -4.4359 -7.3619
X -0.9546 -0.1418 -0.2621
Y  0.2850 -0.1775 -0.9420
Z  0.0871 -0.9739  0.2098

PART 51
OFFSET  3.0305 -3.8010 -6.4212
X -0.4986 -0.6783 -0.5397
Y  0.5783  0.2035 -0.7900
Z  0.6457 -0.7060  0.2908

PART 52
OFFSET  4.0128 -2.3183 -5.1938
X -0.9028 -0.3483  0.2521
Y -0.0610 -0.4767 -0.8770
Z  0.4256 -0.8071  0.4091

PART 53
OFFSET  5.4190 -1.6940 -5.6990
X -0.5336 -0.0214  0.8455
Y -0.6557 -0.6209 -0.4295
Z  0.5342 -0.7836  0.3173

PART 54
OFFSET  5.9827 -1.6245 -6.6205
X -0.8721  0.3596  0.3318
Y  0.0986  0.7934 -0.6007
Z -0.4792 -0.4912 -0.7274

PART 55
OFFSET  4.0072 -4.3092 -8.1912
X -0.9338 -0.2716  0.2329
Y  0.3213 -0.9230  0.2116
Z  0.1575  0.2724  0.9492

PART 56
OFFSET  6.0889 -3.5460 -8.6022
X -0.1064 -0.9920  0.0680
Y  0.9470 -0.1219 -0.2972
Z  0.3031  0.0328  0.9524

PART 57
OFFSET  6.2395 -2.1416 -8.6984
X  0.7704 -0.5952 -0.2284
Y  0.5756  0.8034 -0.1522
Z  0.2741 -0.0142  0.9616

PART 58
OFFSET  5.5564 -1.6139 -8.4959
X  0.9043  0.2998 -0.3040
Y -0.2988  0.9530  0.0509
Z  0.3049  0.0448  0.9513

PART 59
OFFSET  4.6973 -1.8987 -8.2071
X -0.5482 -0.8340  0.0630
Y -0.7690  0.5322  0.3543
Z -0.3290  0.1458 -0.9330

PART 60
OFFSET  4.0399 -4.2960 -7.4782
X -0.9690 -0.2439  0.0388
Y  0.2458 -0.9373  0.2469
Z -0.0239  0.2488  0.9683

PART 61
OFFSET  6.5638 -3.7206 -7.7173
X -0.1328 -0.9741  0.1828
Y  0.9405 -0.1821 -0.2870
Z  0.3128  0.1338  0.9403

PART 62
OFFSET  6.7899 -2.0621 -8.0285
X  0.8812 -0.4114 -0.2327
Y  0.3642  0.9048 -0.2204
Z  0.3012  0.1095  0.9472

PART 63
OFFSET  5.5686 -1.4920 -7.7060
X  0.8304  0.4610 -0.3130
Y -0.4723  0.8804  0.0436
Z  0.2956  0.1116  0.9488

PART 64
OFFSET  4.6680 -1.9919 -7.3665
X -0.3960 -0.8751  0.2782
Y -0.8751  0.4514  0.1743
Z -0.2781 -0.1744 -0.9446

PART 65
OFFSET -1.2553 -5.3980 -7.5437
X -0.9291 -0.3699 -0.0061
Y -0.3495  0.8829 -0.3136
Z  0.1213 -0.2892 -0.9496

PART 66
OFFSET  6.4488 -4.1115 -5.5522
X -0.9803 -0.1931 -0.0406
Y  0.1869 -0.9747  0.1229
Z -0.0633  0.1129  0.9916

PART 67
OFFSET  8.1748 -3.7715 -5.4807
X -0.9741 -0.2239 -0.0304
Y  0.2152 -0.9603  0.1773
Z -0.0689  0.1662  0.9837

PART 68
OFFSET  9.3549 -3.4893 -5.3840
X -0.9659 -0.2397 -0.0981
Y  0.2227 -0.9620  0.1579
Z -0.1323  0.1307  0.9826

PART 69
OFFSET  10.4459 -3.2185 -5.2731
X  0.0762  0.9832  0.1658
Y  0.9969 -0.0787  0.0085
Z  0.0214  0.1646 -0.9861

PART 70
OFFSET  6.6406 -4.1444 -6.6397
X -0.2627 -0.9406  0.2150
Y  0.9570 -0.2824 -0.0663
Z  0.1231  0.1883  0.9744

PART 71
OFFSET  7.1538 -2.3069 -7.0597
X  0.8288 -0.5596 -0.0009
Y  0.5392  0.7990 -0.2664
Z  0.1498  0.2203  0.9639

PART 72
OFFSET  5.9432 -1.4895 -7.0585
X  0.8851  0.3871 -0.2584
Y -0.4386  0.8795 -0.1846
Z  0.1558  0.2767  0.9482

PART 73
OFFSET  4.9394 -1.9293 -6.7726
X -0.4085 -0.8763  0.2554
Y -0.8912  0.4434  0.0957
Z -0.1971 -0.1885 -0.9621

PART 74
OFFSET  0.9106 -3.8330 -7.7328
X -0.8259 -0.3166 -0.4664
Y -0.2534  0.9476 -0.1946
Z  0.5036 -0.0425 -0.8629

PART 75
OFFSET  0.8856 -4.2318 -6.6032
X -0.8259 -0.3166 -0.4664
Y -0.2534  0.9476 -0.1946
Z  0.5036 -0.0425 -0.8629

PART 76
OFFSET  1.4071 -5.4649 -6.4655
X -0.8259 -0.3166 -0.4664
Y -0.2534  0.9476 -0.1946
Z  0.5036 -0.0425 -0.8629

PART 77
OFFSET  0.0000 -0.0000 -0.0000
X  1.0000 -0.0000  0.0000
Y  0.0000  1.0000  0.0000
Z  0.0000 -0.0000  1.0000

PART 78
OFFSET  0.0000 -0.0000 -0.0000
X  1.0000 -0.0000  0.0000
Y  0.0000  1.0000  0.0000
Z  0.0000 -0.0000  1.0000

PART 79
OFFSET  1.5404 -0.0000  4.1357
X  1.0000 -0.0000  0.0000
Y  0.0000  1.0000  0.0000
Z  0.0000 -0.0000  1.0000


FRAME 5501
PART 0
OFFSET  0.0000 -0.0000 -0.0000
X  1.0000 -0.0000  0.0000
Y  0.0000  1.0000  0.0000
Z  0.0000 -0.0000  1.0000

PART 1
OFFSET -4.6318 -0.0000 -1.3770
X  1.0000 -0.0000  0.0000
Y  0.0000  1.0000  0.0000
Z  0.0000 -0.0000  1.0000

PART 2
OFFSET -1.6642  7.9373 -3.1869
X  0.7125 -0.2402 -0.6592
Y -0.1012 -0.9649  0.2422
Z -0.6943 -0.1059 -0.7119

PART 3
OFFSET  6.9531  5.0318 -11.1594
X  0.8292 -0.4672  0.3069
Y -0.3435  0.0072  0.9391
Z -0.4410 -0.8841 -0.1545

PART 4
OFFSET  14.0057  1.0579 -8.5495
X  0.8292 -0.4672  0.3069
Y -0.3782 -0.0648  0.9234
Z -0.4116 -0.8818 -0.2305

PART 5
OFFSET  16.2610  1.7513 -8.4582
X  0.8324 -0.4648  0.3017
Y  0.4435  0.8852  0.1401
Z -0.3322  0.0172  0.9431

PART 6
OFFSET  14.9558 -0.0707 -9.5303
X  0.8324 -0.4648  0.3017
Y  0.4435  0.8852  0.1401
Z -0.3322  0.0172  0.9431

PART 7
OFFSET  15.4366  0.8660 -6.4454
X  0.8324 -0.4648  0.3017
Y  0.4435  0.8852  0.1401
Z -0.3322  0.0172  0.9431

PART 8
OFFSET  14.6957 -0.2572 -6.4778
X  0.8324 -0.4648  0.3017
Y  0.4435  0.8852  0.1401
Z -0.3322  0.0172  0.9431

PART 9
OFFSET  14.4393 -0.6207 -7.5904
X  0.8324 -0.4648  0.3017
Y  0.4435  0.8852  0.1401
Z -0.3322  0.0172  0.9431

PART 10
OFFSET  16.5478 -0.3744 -7.6088
X  0.8492 -0.4080  0.3353
Y -0.3812 -0.0340  0.9239
Z -0.3655 -0.9123 -0.1844

PART 11
OFFSET  16.4118 -0.9654 -6.6421
X  0.1961 -0.8790  0.4347
Y -0.5177  0.2837  0.8072
Z -0.8328 -0.3833 -0.3994

PART 12
OFFSET  16.7369 -2.8551 -5.6457
X  0.7283 -0.6252 -0.2806
Y -0.2059 -0.5902  0.7806
Z -0.6536 -0.5107 -0.5585

PART 13
OFFSET  17.8517 -3.8864 -6.2078
X  0.5438 -0.0414 -0.8382
Y  0.3708 -0.8841  0.2842
Z -0.7529 -0.4654 -0.4654

PART 14
OFFSET  18.4116 -3.9676 -7.1307
X  0.9614  0.0862 -0.2612
Y  0.1469  0.6420  0.7525
Z  0.2325 -0.7619  0.6046

PART 15
OFFSET  17.6006 -0.8677 -8.3515
X  0.8967 -0.3567 -0.2623
Y -0.4170 -0.8793 -0.2299
Z -0.1487  0.3155 -0.9372

PART 16
OFFSET  19.5857 -1.8228 -8.8326
X  0.2235 -0.9731  0.0564
Y -0.9607 -0.2101  0.1816
Z -0.1649 -0.0948 -0.9818

PART 17
OFFSET  19.9021 -3.2005 -8.7527
X -0.9095 -0.3777  0.1736
Y -0.3949  0.9155 -0.0769
Z -0.1299 -0.1385 -0.9818

PART 18
OFFSET  19.0957 -3.5354 -8.5988
X -0.9360  0.3326  0.1153
Y  0.3195  0.9402 -0.1181
Z -0.1477 -0.0737 -0.9863

PART 19
OFFSET  18.2065 -3.2194 -8.4893
X  0.5367 -0.8339  0.1286
Y  0.8249  0.4865 -0.2880
Z  0.1776  0.2606  0.9490

PART 20
OFFSET  17.5851 -0.8526 -7.6380
X  0.9230 -0.3833  0.0343
Y -0.3658 -0.9014 -0.2316
Z  0.1197  0.2012 -0.9722

PART 21
OFFSET  20.0042 -1.8034 -7.6861
X  0.0675 -0.9902 -0.1223
Y -0.9933 -0.0783  0.0855
Z -0.0942  0.1157 -0.9888

PART 22
OFFSET  20.1192 -3.4892 -7.8943
X -0.9720 -0.2268  0.0623
Y -0.2194  0.9698  0.1064
Z -0.0845  0.0897 -0.9924

PART 23
OFFSET  18.7721 -3.8034 -7.8080
X -0.7113  0.6927  0.1195
Y  0.6985  0.7155  0.0103
Z -0.0783  0.0908 -0.9928

PART 24
OFFSET  18.0007 -3.0522 -7.6784
X  0.1799 -0.9718 -0.1526
Y  0.9826  0.1847 -0.0174
Z  0.0451 -0.1468  0.9881

PART 25
OFFSET  18.3643 -2.1752 -5.2069
X  0.7710 -0.6310  0.0856
Y  0.5813  0.7524  0.3098
Z -0.2599 -0.1891  0.9469

PART 26
OFFSET  19.7049 -1.6508 -5.5368
X  0.3602 -0.9290 -0.0848
Y -0.9201 -0.3388 -0.1966
Z  0.1539  0.1488 -0.9768

PART 27
OFFSET  20.3391 -3.2864 -5.6860
X -0.8922 -0.3559 -0.2781
Y -0.3810  0.9237  0.0404
Z  0.2425  0.1420 -0.9597

PART 28
OFFSET  19.2398 -3.7277 -5.9658
X -0.8396  0.5387 -0.0696
Y  0.5309  0.8409  0.1050
Z  0.1151  0.0513 -0.9920

PART 29
OFFSET  18.2914 -3.1192 -6.0444
X -0.1735 -0.9201 -0.3512
Y  0.9366 -0.2644  0.2298
Z -0.3043 -0.2891  0.9077

PART 30
OFFSET  19.9623 -1.7341 -6.6079
X  0.1790 -0.9825 -0.0515
Y -0.9799 -0.1734 -0.0983
Z  0.0876  0.0681 -0.9938

PART 31
OFFSET  20.3120 -3.6534 -6.7085
X -0.9823 -0.1670 -0.0849
Y -0.1747  0.9802  0.0931
Z  0.0677  0.1063 -0.9920

PART 32
OFFSET  18.8772 -3.8973 -6.8325
X -0.7086  0.7035  0.0547
Y  0.7006  0.6921  0.1740
Z  0.0845  0.1616 -0.9832

PART 33
OFFSET  18.0748 -3.0999 -6.7777
X  0.0905 -0.9918 -0.0902
Y  0.9958  0.0886  0.0244
Z -0.0162 -0.0920  0.9956

PART 34
OFFSET  18.4984 -2.8526 -7.4785
X  0.0548  0.1767 -0.9827
Y  0.3655  0.9123  0.1844
Z  0.9292 -0.3693 -0.0146

PART 35
OFFSET  15.9222  1.1905 -8.9742
X  0.8324 -0.4648  0.3017
Y  0.4435  0.8852  0.1401
Z -0.3322  0.0172  0.9431

PART 36
OFFSET  14.9558 -0.0707 -9.5303
X  0.8324 -0.4648  0.3017
Y  0.4435  0.8852  0.1401
Z -0.3322  0.0172  0.9431

PART 37
OFFSET  15.4366  0.8660 -6.4454
X  0.8324 -0.4648  0.3017
Y  0.4435  0.8852  0.1401
Z -0.3322  0.0172  0.9431

PART 38
OFFSET  14.6957 -0.2572 -6.4778
X  0.8324 -0.4648  0.3017
Y  0.4435  0.8852  0.1401
Z -0.3322  0.0172  0.9431

PART 39
OFFSET  14.4393 -0.6207 -7.5904
X  0.8324 -0.4648  0.3017
Y  0.4435  0.8852  0.1401
Z -0.3322  0.0172  0.9431

PART 40
OFFSET  7.8252 -2.7041 -4.8924
X  1.0000  0.0041 -0.0058
Y -0.0041  1.0000  0.0022
Z  0.0059 -0.0021  1.0000

PART 41
OFFSET  7.8252 -2.7041 -4.8924
X  1.0000  0.0041 -0.0058
Y -0.0041  1.0000  0.0022
Z  0.0059 -0.0021  1.0000

PART 42
OFFSET  14.4454 -3.5183 -2.8476
X  1.0000  0.0041 -0.0058
Y -0.0041  1.0000  0.0022
Z  0.0059 -0.0021  1.0000

PART 43
OFFSET  12.0384 -2.6724 -4.6378
X  1.0000  0.0041 -0.0058
Y -0.0041  1.0000  0.0022
Z  0.0059 -0.0021  1.0000

PART 44
OFFSET -13.8943 -7.9096 -3.2793
X -0.6062  0.0196  0.7951
Y -0.1779 -0.9777 -0.1115
Z  0.7752 -0.2091  0.5962

PART 45
OFFSET -6.5632 -8.1468 -12.8950
X -0.8231 -0.3141 -0.4732
Y  0.5137 -0.0566 -0.8561
Z  0.2421 -0.9477  0.2079

PART 46
OFFSET  0.4375 -5.4756 -8.8704
X -0.8231 -0.3141 -0.4732
Y  0.5368 -0.1581 -0.8288
Z  0.1855 -0.9362  0.2987

PART 47
OFFSET  0.9641 -3.8972 -7.7949
X -0.8268 -0.3111 -0.4686
Y -0.2471  0.9493 -0.1943
Z  0.5053 -0.0448 -0.8618

PART 48
OFFSET  0.9342 -4.2970 -6.6657
X -0.8268 -0.3111 -0.4686
Y -0.2471  0.9493 -0.1943
Z  0.5053 -0.0448 -0.8618

PART 49
OFFSET  1.4476 -5.5333 -6.5278
X -0.8268 -0.3111 -0.4686
Y -0.2471  0.9493 -0.1943
Z  0.5053 -0.0448 -0.8618

PART 50
OFFSET  2.9608 -4.5128 -7.4198
X -0.9555 -0.1451 -0.2568
Y  0.2802 -0.1743 -0.9440
Z  0.0922 -0.9739  0.2072

PART 51
OFFSET  3.0823 -3.8794 -6.4784
X -0.4990 -0.6792 -0.5382
Y  0.5728  0.2076 -0.7930
Z  0.6503 -0.7040  0.2855

PART 52
OFFSET  4.0658 -2.3953 -5.2537
X -0.8999 -0.3525  0.2566
Y -0.0642 -0.4751 -0.8776
Z  0.4313 -0.8063  0.4049

PART 53
OFFSET  5.4664 -1.7642 -5.7657
X -0.5285 -0.0254  0.8485
Y -0.6557 -0.6227 -0.4270
Z  0.5392 -0.7821  0.3125

PART 54
OFFSET  6.0245 -1.6904 -6.6903
X -0.8716  0.3553  0.3377
Y  0.0918  0.7951 -0.5996
Z -0.4815 -0.4916 -0.7256

PART 55
OFFSET  4.0507 -4.3798 -8.2552
X -0.9313 -0.2759  0.2378
Y  0.3262 -0.9222  0.2077
Z  0.1619  0.2710  0.9488

PART 56
OFFSET  6.1268 -3.6073 -8.6767
X -0.1020 -0.9926  0.0665
Y  0.9457 -0.1174 -0.3030
Z  0.3085  0.0320  0.9507

PART 57
OFFSET  6.2712 -2.2020 -8.7708
X  0.7715 -0.5916 -0.2342
Y  0.5714  0.8061 -0.1538
Z  0.2798 -0.0151  0.9599

PART 58
OFFSET  5.5871 -1.6775 -8.5632
X  0.9013  0.3041 -0.3086
Y -0.3024  0.9516  0.0547
Z  0.3103  0.0440  0.9496

PART 59
OFFSET  4.7309 -1.9665 -8.2700
X -0.5444 -0.8364  0.0644
Y -0.7690  0.5283  0.3599
Z -0.3350  0.1464 -0.9308

PART 60
OFFSET  4.0875 -4.3680 -7.5424
X -0.9678 -0.2479  0.0439
Y  0.2511 -0.9369  0.2434
Z -0.0192  0.2466  0.9689

PART 61
OFFSET  6.6077 -3.7818 -7.7950
X -0.1278 -0.9751  0.1815
Y  0.9395 -0.1776 -0.2929
Z  0.3178  0.1331  0.9388

PART 62
OFFSET  6.8252 -2.1217 -8.1040
X  0.8815 -0.4073 -0.2387
Y  0.3592  0.9068 -0.2206
Z  0.3063  0.1087  0.9457

PART 63
OFFSET  5.6035 -1.5572 -7.7731
X  0.8266  0.4650 -0.3168
Y -0.4756  0.8783  0.0483
Z  0.3007  0.1108  0.9472

PART 64
OFFSET  4.7069 -2.0616 -7.4294
X -0.3908 -0.8773  0.2786
Y -0.8759  0.4475  0.1804
Z -0.2829 -0.1736 -0.9433

PART 65
OFFSET -1.2034 -5.4915 -7.5794
X -0.9276 -0.3737 -0.0014
Y -0.3549  0.8822 -0.3096
Z  0.1170 -0.2867 -0.9509

PART 66
OFFSET  6.5069 -4.1777 -5.6302
X -0.9798 -0.1970 -0.0353
Y  0.1916 -0.9742  0.1197
Z -0.0580  0.1105  0.9922

PART 67
OFFSET  8.2319 -3.8309 -5.5680
X -0.9734 -0.2278 -0.0252
Y  0.2201 -0.9598  0.1740
Z -0.0638  0.1638  0.9844

PART 68
OFFSET  9.4114 -3.5440 -5.4776
X -0.9655 -0.2434 -0.0930
Y  0.2275 -0.9614  0.1545
Z -0.1270  0.1280  0.9836

PART 69
OFFSET  10.5019 -3.2691 -5.3725
X  0.0732  0.9832  0.1674
Y  0.9972 -0.0747  0.0025
Z  0.0150  0.1668 -0.9859

PART 70
OFFSET  6.6924 -4.2076 -6.7188
X -0.2576 -0.9421  0.2145
Y  0.9577 -0.2784 -0.0725
Z  0.1280  0.1868  0.9740

PART 71
OFFSET  7.1957 -2.3671 -7.1379
X  0.8310 -0.5562 -0.0070
Y  0.5343  0.8017 -0.2678
Z  0.1545  0.2188  0.9634

PART 72
OFFSET  5.9819 -1.5547 -7.1278
X  0.8820  0.3913 -0.2627
Y -0.4432  0.8781 -0.1801
Z  0.1602  0.2753  0.9479

PART 73
OFFSET  4.9815 -1.9992 -6.8370
X -0.4034 -0.8785  0.2559
Y -0.8924  0.4395  0.1019
Z -0.2020 -0.1873 -0.9613

PART 74
OFFSET  0.9641 -3.8972 -7.7948
X -0.8268 -0.3111 -0.4686
Y -0.2471  0.9493 -0.1943
Z  0.5053 -0.0448 -0.8618

PART 75
OFFSET  0.9341 -4.2969 -6.6656
X -0.8268 -0.3111 -0.4686
Y -0.2471  0.9493 -0.1943
Z  0.5053 -0.0448 -0.8618

PART 76
OFFSET  1.4476 -5.5333 -6.5279
X -0.8268 -0.3111 -0.4686
Y -0.2471  0.9493 -0.1943
Z  0.5053 -0.0448 -0.8618

PART 77
OFFSET  0.0000 -0.0000 -0.0000
X  1.0000 -0.0000  0.0000
Y  0.0000  1.0000  0.0000
Z  0.0000 -0.0000  1.0000

PART 78
OFFSET  0.0000 -0.0000 -0.0000
X  1.0000 -0.0003  0.0008
Y  0.0003  1.0000 -0.0002
Z -0.0008  0.0002  1.0000

PART 79
OFFSET  1.5371  0.0004  4.1370
X  1.0000 -0.0003  0.0008
Y  0.0003  1.0000 -0.0002
Z -0.0008  0.0002  1.0000


FRAME 5502
PART 0
OFFSET  0.0000 -0.0000 -0.0000
X  1.0000 -0.0000  0.0000
Y  0.0000  1.0000  0.0000
Z  0.0000 -0.0000  1.0000

PART 1
OFFSET -4.6318 -0.0000 -1.3770
X  1.0000 -0.0000  0.0000
Y  0.0000  1.0000  0.0000
Z  0.0000 -0.0000  1.0000

PART 2
OFFSET -1.6642  7.9373 -3.1869
X  0.6889 -0.1645 -0.7059
Y -0.0868 -0.9856  0.1450
Z -0.7197 -0.0386 -0.6933

PART 3
OFFSET  6.6672  5.9478 -11.7246
X  0.7922 -0.4966  0.3548
Y -0.4213 -0.0245  0.9066
Z -0.4415 -0.8677 -0.2286

PART 4
OFFSET  13.4052  1.7244 -8.7072
X  0.7922 -0.4966  0.3548
Y -0.4617 -0.1075  0.8805
Z -0.3991 -0.8613 -0.3145

PART 5
OFFSET  15.6563  2.3666 -8.3979
X  0.7959 -0.4940  0.3500
Y  0.4452  0.8693  0.2146
Z -0.4102 -0.0150  0.9119

PART 6
OFFSET  14.4152  0.6179 -9.6527
X  0.7959 -0.4940  0.3500
Y  0.4452  0.8693  0.2146
Z -0.4102 -0.0150  0.9119

PART 7
OFFSET  14.6498  1.4161 -6.5010
X  0.7959 -0.4940  0.3500
Y  0.4452  0.8693  0.2146
Z -0.4102 -0.0150  0.9119

PART 8
OFFSET  13.8951  0.3108 -6.6435
X  0.7959 -0.4940  0.3500
Y  0.4452  0.8693  0.2146
Z -0.4102 -0.0150  0.9119

PART 9
OFFSET  13.7274 -0.0011 -7.7882
X  0.7959 -0.4940  0.3500
Y  0.4452  0.8693  0.2146
Z -0.4102 -0.0150  0.9119

PART 10
OFFSET  15.8338  0.2021 -7.6196
X  0.8535 -0.4445  0.2720
Y -0.3632 -0.1331  0.9221
Z -0.3737 -0.8858 -0.2751

PART 11
OFFSET  15.7137 -0.4900 -6.7203
X  0.2328 -0.9065  0.3523
Y -0.4927  0.2024  0.8463
Z -0.8385 -0.3706 -0.3996

PART 12
OFFSET  16.1202 -2.4466 -5.8979
X  0.7238 -0.6327 -0.2753
Y -0.2246 -0.5932  0.7731
Z -0.6524 -0.4977 -0.5715

PART 13
OFFSET  17.2290 -3.4883 -6.4524
X  0.5954 -0.1581 -0.7877
Y  0.2889 -0.8727  0.3936
Z -0.7497 -0.4619 -0.4739

PART 14
OFFSET  17.8434 -3.6953 -7.3192
X  0.9806  0.0001 -0.1960
Y  0.1392  0.7034  0.6971
Z  0.1379 -0.7108  0.6897

PART 15
OFFSET  16.8694 -0.2105 -8.4324
X  0.8854 -0.3343 -0.3230
Y -0.4338 -0.8440 -0.3155
Z -0.1671  0.4194 -0.8923

PART 16
OFFSET  18.8298 -1.1263 -9.0668
X  0.3175 -0.9427 -0.1026
Y -0.9164 -0.3328  0.2222
Z -0.2436  0.0235 -0.9696

PART 17
OFFSET  19.2793 -2.4610 -9.2121
X -0.7840 -0.5959  0.1737
Y -0.5860  0.8029  0.1096
Z -0.2048 -0.0159 -0.9787

PART 18
OFFSET  18.5842 -2.9894 -9.0581
X -0.9716 -0.0005  0.2365
Y  0.0097  0.9991  0.0420
Z -0.2363  0.0431 -0.9707

PART 19
OFFSET  17.6611 -2.9899 -8.8334
X  0.7713 -0.6330 -0.0669
Y  0.6027  0.7600 -0.2432
Z  0.2048  0.1472  0.9677

PART 20
OFFSET  16.8679 -0.2731 -7.7214
X  0.9215 -0.3875 -0.0260
Y -0.3748 -0.8698 -0.3208
Z  0.1017  0.3054 -0.9468

PART 21
OFFSET  19.2750 -1.2356 -7.9162
X  0.1732 -0.9538 -0.2453
Y -0.9731 -0.2042  0.1070
Z -0.1521  0.2202 -0.9635

PART 22
OFFSET  19.5698 -2.8595 -8.3339
X -0.8872 -0.4602  0.0345
Y -0.4399  0.8659  0.2382
Z -0.1394  0.1961 -0.9706

PART 23
OFFSET  18.3403 -3.4973 -8.2861
X -0.8927  0.4013  0.2052
Y  0.4304  0.8941  0.1238
Z -0.1338  0.1988 -0.9709

PART 24
OFFSET  17.3722 -3.0621 -8.0636
X  0.4789 -0.8298 -0.2866
Y  0.8696  0.4931  0.0254
Z  0.1202 -0.2614  0.9577

PART 25
OFFSET  17.6877 -1.8544 -5.4643
X  0.7693 -0.6388  0.0011
Y  0.5911  0.7125  0.3781
Z -0.2423 -0.2902  0.9258

PART 26
OFFSET  19.0243 -1.3012 -5.7620
X  0.4376 -0.8827 -0.1713
Y -0.8920 -0.4021 -0.2064
Z  0.1133  0.2432 -0.9633

PART 27
OFFSET  19.7947 -2.8553 -6.0636
X -0.7746 -0.5509 -0.3106
Y -0.6006  0.7946  0.0884
Z  0.1982  0.2550 -0.9464

PART 28
OFFSET  18.8410 -3.5406 -6.3837
X -0.9735  0.2197 -0.0636
Y  0.2071  0.9648  0.1620
Z  0.0970  0.1445 -0.9847

PART 29
OFFSET  17.7414 -3.2924 -6.4556
X  0.1572 -0.9018 -0.4025
Y  0.9688  0.0616  0.2402
Z -0.1919 -0.4277  0.8833

PART 30
OFFSET  19.2603 -1.2683 -6.8407
X  0.2641 -0.9507 -0.1625
Y -0.9637 -0.2535 -0.0831
Z  0.0378  0.1786 -0.9832

PART 31
OFFSET  19.7763 -3.1255 -7.1582
X -0.9065 -0.4098 -0.1018
Y -0.4221  0.8866  0.1890
Z  0.0128  0.2143 -0.9767

PART 32
OFFSET  18.4523 -3.7241 -7.3070
X -0.9162  0.3893  0.0949
Y  0.4005  0.8805  0.2537
Z  0.0152  0.2704 -0.9626

PART 33
OFFSET  17.4144 -3.2819 -7.2065
X  0.4458 -0.8782 -0.1733
Y  0.8948  0.4422  0.0609
Z  0.0231 -0.1822  0.9830

PART 34
OFFSET  17.7739 -2.2812 -7.7983
X  0.0365  0.2823 -0.9586
Y  0.3737  0.8858  0.2751
Z  0.9268 -0.3683 -0.0732

PART 35
OFFSET  15.3526  1.8348 -8.9641
X  0.7959 -0.4940  0.3500
Y  0.4452  0.8693  0.2146
Z -0.4102 -0.0150  0.9119

PART 36
OFFSET  14.4152  0.6179 -9.6527
X  0.7959 -0.4940  0.3500
Y  0.4452  0.8693  0.2146
Z -0.4102 -0.0150  0.9119

PART 37
OFFSET  14.6498  1.4161 -6.5010
X  0.7959 -0.4940  0.3500
Y  0.4452  0.8693  0.2146
Z -0.4102 -0.0150  0.9119

PART 38
OFFSET  13.8951  0.3108 -6.6435
X  0.7959 -0.4940  0.3500
Y  0.4452  0.8693  0.2146
Z -0.4102 -0.0150  0.9119

PART 39
OFFSET  13.7274 -0.0011 -7.7882
X  0.7959 -0.4940  0.3500
Y  0.4452  0.8693  0.2146
Z -0.4102 -0.0150  0.9119

PART 40
OFFSET  7.9595 -2.8558 -5.0865
X  0.9998  0.0137 -0.0151
Y -0.0136  0.9999  0.0086
Z  0.0152 -0.0084  0.9998

PART 41
OFFSET  7.9595 -2.8558 -5.0865
X  0.9998  0.0137 -0.0151
Y -0.0136  0.9999  0.0086
Z  0.0152 -0.0084  0.9998

PART 42
OFFSET  14.6059 -3.6194 -3.1082
X  0.9998  0.0137 -0.0151
Y -0.0136  0.9999  0.0086
Z  0.0152 -0.0084  0.9998

PART 43
OFFSET  12.1745 -2.7854 -4.8707
X  0.9998  0.0137 -0.0151
Y -0.0136  0.9999  0.0086
Z  0.0152 -0.0084  0.9998

PART 44
OFFSET -13.8134 -7.8309 -3.5423
X -0.6088  0.0280  0.7928
Y -0.1931 -0.9745 -0.1139
Z  0.7695 -0.2224  0.5987

PART 45
OFFSET -6.4507 -8.1696 -13.1307
X -0.8245 -0.3003 -0.4797
Y  0.5188 -0.0624 -0.8526
Z  0.2261 -0.9518  0.2072

PART 46
OFFSET  0.5617 -5.6157 -9.0509
X -0.8245 -0.3003 -0.4797
Y  0.5365 -0.1449 -0.8314
Z  0.1801 -0.9428  0.2806

PART 47
OFFSET  1.1050 -4.0482 -7.9678
X -0.8282 -0.2973 -0.4751
Y -0.2312  0.9535 -0.1936
Z  0.5106 -0.0505 -0.8583

PART 48
OFFSET  1.0610 -4.4502 -6.8398
X -0.8282 -0.2973 -0.4751
Y -0.2312  0.9535 -0.1936
Z  0.5106 -0.0505 -0.8583

PART 49
OFFSET  1.5544 -5.6945 -6.7014
X -0.8282 -0.2973 -0.4751
Y -0.2312  0.9535 -0.1936
Z  0.5106 -0.0505 -0.8583

PART 50
OFFSET  3.0893 -4.6951 -7.5804
X -0.9564 -0.1527 -0.2489
Y  0.2731 -0.1657 -0.9476
Z  0.1034 -0.9743  0.2001

PART 51
OFFSET  3.2136 -4.0666 -6.6362
X -0.4975 -0.6805 -0.5379
Y  0.5634  0.2180 -0.7969
Z  0.6596 -0.6995  0.2750

PART 52
OFFSET  4.1942 -2.5808 -5.4111
X -0.8941 -0.3628  0.2627
Y -0.0678 -0.4701 -0.8800
Z  0.4427 -0.8046  0.3957

PART 53
OFFSET  5.5839 -1.9332 -5.9320
X -0.5204 -0.0358  0.8532
Y -0.6536 -0.6263 -0.4249
Z  0.5495 -0.7788  0.3025

PART 54
OFFSET  6.1326 -1.8482 -6.8612
X -0.8718  0.3448  0.3479
Y  0.0787  0.7996 -0.5953
Z -0.4835 -0.4916 -0.7243

PART 55
OFFSET  4.1701 -4.5465 -8.4249
X -0.9264 -0.2863  0.2446
Y  0.3369 -0.9203  0.1988
Z  0.1682  0.2666  0.9490

PART 56
OFFSET  6.2347 -3.7515 -8.8607
X -0.0919 -0.9939  0.0611
Y  0.9439 -0.1065 -0.3125
Z  0.3171  0.0290  0.9480

PART 57
OFFSET  6.3648 -2.3443 -8.9472
X  0.7749 -0.5827 -0.2451
Y  0.5623  0.8125 -0.1540
Z  0.2888 -0.0185  0.9572

PART 58
OFFSET  5.6778 -1.8277 -8.7299
X  0.8954  0.3147 -0.3150
Y -0.3109  0.9483  0.0636
Z  0.3187  0.0410  0.9470

PART 59
OFFSET  4.8271 -2.1267 -8.4306
X -0.5358 -0.8419  0.0641
Y -0.7707  0.5186  0.3703
Z -0.3450  0.1490 -0.9267

PART 60
OFFSET  4.2134 -4.5388 -7.7125
X -0.9649 -0.2575  0.0513
Y  0.2622 -0.9359  0.2351
Z -0.0125  0.2403  0.9706

PART 61
OFFSET  6.7254 -3.9269 -7.9846
X -0.1168 -0.9774  0.1764
Y  0.9384 -0.1668 -0.3027
Z  0.3252  0.1302  0.9366

PART 62
OFFSET  6.9242 -2.2630 -8.2850
X  0.8831 -0.3973 -0.2495
Y  0.3485  0.9116 -0.2181
Z  0.3141  0.1057  0.9435

PART 63
OFFSET  5.7003 -1.7123 -7.9392
X  0.8192  0.4749 -0.3215
Y -0.4835  0.8734  0.0582
Z  0.3085  0.1077  0.9451

PART 64
OFFSET  4.8118 -2.2273 -7.5905
X -0.3798 -0.8827  0.2766
Y -0.8784  0.4379  0.1913
Z -0.2900 -0.1703 -0.9417

PART 65
OFFSET -1.0667 -5.7127 -7.7077
X -0.9239 -0.3825  0.0047
Y -0.3661  0.8806 -0.3007
Z  0.1108 -0.2795 -0.9537

PART 66
OFFSET  6.6485 -4.3374 -5.8215
X -0.9781 -0.2062 -0.0275
Y  0.2019 -0.9730  0.1117
Z -0.0498  0.1037  0.9934

PART 67
OFFSET  8.3707 -3.9744 -5.7730
X -0.9714 -0.2369 -0.0177
Y  0.2308 -0.9588  0.1658
Z -0.0562  0.1570  0.9860

PART 68
OFFSET  9.5482 -3.6768 -5.6917
X -0.9639 -0.2521 -0.0856
Y  0.2381 -0.9602  0.1463
Z -0.1191  0.1206  0.9855

PART 69
OFFSET  10.6369 -3.3921 -5.5949
X  0.0654  0.9827  0.1730
Y  0.9979 -0.0651 -0.0071
Z  0.0042  0.1731 -0.9849

PART 70
OFFSET  6.8242 -4.3586 -6.9120
X -0.2466 -0.9459  0.2109
Y  0.9596 -0.2687 -0.0831
Z  0.1353  0.1819  0.9740

PART 71
OFFSET  7.3060 -2.5108 -7.3239
X  0.8362 -0.5481 -0.0182
Y  0.5242  0.8085 -0.2676
Z  0.1614  0.2143  0.9634

PART 72
OFFSET  6.0846 -1.7101 -7.2974
X  0.8757  0.4013 -0.2684
Y -0.4532  0.8750 -0.1704
Z  0.1664  0.2709  0.9481

PART 73
OFFSET  5.0913 -2.1660 -7.0003
X -0.3927 -0.8839  0.2540
Y -0.8956  0.4303  0.1129
Z -0.2091 -0.1832 -0.9606

PART 74
OFFSET  1.1049 -4.0481 -7.9677
X -0.8282 -0.2973 -0.4751
Y -0.2312  0.9535 -0.1936
Z  0.5106 -0.0505 -0.8583

PART 75
OFFSET  1.0609 -4.4500 -6.8398
X -0.8282 -0.2973 -0.4751
Y -0.2312  0.9535 -0.1936
Z  0.5106 -0.0505 -0.8583

PART 76
OFFSET  1.5545 -5.6945 -6.7015
X -0.8282 -0.2973 -0.4751
Y -0.2312  0.9535 -0.1936
Z  0.5106 -0.0505 -0.8583

PART 77
OFFSET  0.0000 -0.0000 -0.0000
X  1.0000 -0.0000  0.0000
Y  0.0000  1.0000  0.0000
Z  0.0000 -0.0000  1.0000

PART 78
OFFSET  0.0000 -0.0000 -0.0000
X  1.0000 -0.0011  0.0031
Y  0.0011  1.0000 -0.0008
Z -0.0031  0.0008  1.0000

PART 79
OFFSET  1.5277  0.0015  4.1405
X  1.0000 -0.0011  0.0031
Y  0.0011  1.0000 -0.0008
Z -0.0031  0.0008  1.0000


FRAME 5503
PART 0
OFFSET  0.0000 -0.0000 -0.0000
X  1.0000 -0.0000  0.0000
Y  0.0000  1.0000  0.0000
Z  0.0000 -0.0000  1.0000

PART 1
OFFSET -4.6318 -0.0000 -1.3770
X  1.0000 -0.0000  0.0000
Y  0.0000  1.0000  0.0000
Z  0.0000 -0.0000  1.0000

PART 2
OFFSET -1.6642  7.9373 -3.1869
X  0.6659 -0.0431 -0.7448
Y -0.0725 -0.9973 -0.0071
Z -0.7425  0.0587 -0.6672

PART 3
OFFSET  6.3889  7.4164 -12.1946
X  0.7318 -0.5550  0.3957
Y -0.5198 -0.0789  0.8506
Z -0.4408 -0.8281 -0.3462

PART 4
OFFSET  12.6128  2.6962 -8.8292
X  0.7318 -0.5550  0.3957
Y -0.5578 -0.1541  0.8155
Z -0.3916 -0.8175 -0.4223

PART 5
OFFSET  14.8350  3.2196 -8.2265
X  0.7360 -0.5522  0.3915
Y  0.4462  0.8307  0.3329
Z -0.5091 -0.0703  0.8578

PART 6
OFFSET  13.6856  1.6277 -9.7488
X  0.7360 -0.5522  0.3915
Y  0.4462  0.8307  0.3329
Z -0.5091 -0.0703  0.8578

PART 7
OFFSET  13.5947  2.1638 -6.5349
X  0.7360 -0.5522  0.3915
Y  0.4462  0.8307  0.3329
Z -0.5091 -0.0703  0.8578

PART 8
OFFSET  12.8256  1.1050 -6.8493
X  0.7360 -0.5522  0.3915
Y  0.4462  0.8307  0.3329
Z -0.5091 -0.0703  0.8578

PART 9
OFFSET  12.7760  0.8918 -8.0274
X  0.7360 -0.5522  0.3915
Y  0.4462  0.8307  0.3329
Z -0.5091 -0.0703  0.8578

PART 10
OFFSET  14.8561  0.9949 -7.6162
X  0.8476 -0.4952  0.1904
Y -0.3547 -0.2622  0.8975
Z -0.3946 -0.8283 -0.3979

PART 11
OFFSET  14.7331  0.1790 -6.8278
X  0.2565 -0.9321  0.2558
Y -0.4735  0.1096  0.8740
Z -0.8427 -0.3452 -0.4132

PART 12
OFFSET  15.1923 -1.8406 -6.2116
X  0.7098 -0.6631 -0.2378
Y -0.2827 -0.5773  0.7660
Z -0.6452 -0.4765 -0.5972

PART 13
OFFSET  16.2827 -2.9300 -6.7081
X  0.6577 -0.3482 -0.6679
Y  0.1281 -0.8221  0.5547
Z -0.7423 -0.4504 -0.4961

PART 14
OFFSET  16.9622 -3.3412 -7.4437
X  0.9887 -0.1372 -0.0600
Y  0.1457  0.7892  0.5965
Z -0.0344 -0.5986  0.8003

PART 15
OFFSET  15.8734  0.6891 -8.4965
X  0.8683 -0.3053 -0.3910
Y -0.4654 -0.7740 -0.4294
Z -0.1715  0.5548 -0.8141

PART 16
OFFSET  17.7923 -0.1724 -9.3090
X  0.4197 -0.8485 -0.3222
Y -0.8433 -0.4959  0.2073
Z -0.3356  0.1847 -0.9237

PART 17
OFFSET  18.3866 -1.3738 -9.7652
X -0.5559 -0.8304  0.0374
Y -0.7778  0.5355  0.3291
Z -0.2933  0.1538 -0.9436

PART 18
OFFSET  17.8936 -2.1100 -9.7320
X -0.8571 -0.4674  0.2164
Y -0.3874  0.8619  0.3273
Z -0.3395  0.1967 -0.9198

PART 19
OFFSET  17.0793 -2.5541 -9.5264
X  0.9479 -0.2120 -0.2380
Y  0.2162  0.9763 -0.0084
Z  0.2341 -0.0435  0.9712

PART 20
OFFSET  15.8792  0.5216 -7.8026
X  0.9132 -0.3958 -0.0969
Y -0.3959 -0.8056 -0.4407
Z  0.0964  0.4408 -0.8924

PART 21
OFFSET  18.2553 -0.4669 -8.1706
X  0.3050 -0.8588 -0.4116
Y -0.9280 -0.3652  0.0742
Z -0.2141  0.3593 -0.9083

PART 22
OFFSET  18.7746 -1.9290 -8.8714
X -0.6929 -0.7120 -0.1135
Y -0.6934  0.6148  0.3759
Z -0.1978  0.3391 -0.9197

PART 23
OFFSET  17.8143 -2.9158 -9.0288
X -0.9811 -0.0693  0.1806
Y -0.0017  0.9366  0.3505
Z -0.1935  0.3436 -0.9190

PART 24
OFFSET  16.7503 -2.9910 -8.8329
X  0.7953 -0.4613 -0.3934
Y  0.5693  0.7914  0.2228
Z  0.2086 -0.4011  0.8920

PART 25
OFFSET  16.6944 -1.3920 -5.8176
X  0.7564 -0.6456 -0.1051
Y  0.6097  0.6377  0.4708
Z -0.2369 -0.4202  0.8760

PART 26
OFFSET  18.0380 -0.8248 -6.0497
X  0.5339 -0.7996 -0.2751
Y -0.8423 -0.4744 -0.2559
Z  0.0741  0.3683 -0.9268

PART 27
OFFSET  18.9780 -2.2325 -6.5339
X -0.5243 -0.7431 -0.4159
Y -0.8387  0.5350  0.1014
Z  0.1471  0.4021 -0.9037

PART 28
OFFSET  18.3317 -3.1603 -6.9847
X -0.9560 -0.2465 -0.1589
Y -0.2800  0.9284  0.2441
Z  0.0873  0.2779 -0.9566

PART 29
OFFSET  17.2518 -3.4387 -7.1641
X  0.5885 -0.6797 -0.4378
Y  0.8079  0.4734  0.3510
Z -0.0314 -0.5603  0.8277

PART 30
OFFSET  18.2617 -0.6361 -7.1149
X  0.3699 -0.8763 -0.3088
Y -0.9290 -0.3538 -0.1087
Z -0.0140  0.3271 -0.9449

PART 31
OFFSET  18.9843 -2.3479 -7.7182
X -0.7007 -0.6768 -0.2255
Y -0.7120  0.6435  0.2811
Z -0.0451  0.3575 -0.9328

PART 32
OFFSET  17.9607 -3.3365 -8.0476
X -0.9931 -0.1158  0.0161
Y -0.0989  0.9059  0.4117
Z -0.0623  0.4073 -0.9112

PART 33
OFFSET  16.8355 -3.4654 -8.0361
X  0.8287 -0.5159 -0.2171
Y  0.5574  0.7960  0.2360
Z  0.0511 -0.3165  0.9472

PART 34
OFFSET  16.7441 -1.4687 -8.1901
X  0.0306  0.4209 -0.9066
Y  0.3946  0.8283  0.3979
Z  0.9184 -0.3699 -0.1407

PART 35
OFFSET  14.5792  2.7470 -8.8644
X  0.7360 -0.5522  0.3915
Y  0.4462  0.8307  0.3329
Z -0.5091 -0.0703  0.8578

PART 36
OFFSET  13.6856  1.6277 -9.7488
X  0.7360 -0.5522  0.3915
Y  0.4462  0.8307  0.3329
Z -0.5091 -0.0703  0.8578

PART 37
OFFSET  13.5947  2.1638 -6.5349
X  0.7360 -0.5522  0.3915
Y  0.4462  0.8307  0.3329
Z -0.5091 -0.0703  0.8578

PART 38
OFFSET  12.8256  1.1050 -6.8493
X  0.7360 -0.5522  0.3915
Y  0.4462  0.8307  0.3329
Z -0.5091 -0.0703  0.8578

PART 39
OFFSET  12.7760  0.8918 -8.0274
X  0.7360 -0.5522  0.3915
Y  0.4462  0.8307  0.3329
Z -0.5091 -0.0703  0.8578

PART 40
OFFSET  8.1182 -3.0433 -5.3124
X  0.9996  0.0249 -0.0151
Y -0.0246  0.9995  0.0191
Z  0.0156 -0.0188  0.9997

PART 41
OFFSET  8.1182 -3.0433 -5.3124
X  0.9996  0.0249 -0.0151
Y -0.0246  0.9995  0.0191
Z  0.0156 -0.0188  0.9997

PART 42
OFFSET  14.7732 -3.7544 -3.3437
X  0.9996  0.0249 -0.0151
Y -0.0246  0.9995  0.0191
Z  0.0156 -0.0188  0.9997

PART 43
OFFSET  12.3322 -2.9287 -5.0968
X  0.9996  0.0249 -0.0151
Y -0.0246  0.9995  0.0191
Z  0.0156 -0.0188  0.9997

PART 44
OFFSET -13.6866 -7.7074 -3.9547
X -0.6130  0.0389  0.7891
Y -0.2126 -0.9701 -0.1174
Z  0.7609 -0.2397  0.6029

PART 45
OFFSET -6.2729 -8.1775 -13.4981
X -0.8245 -0.2824 -0.4903
Y  0.5274 -0.0696 -0.8468
Z  0.2050 -0.9568  0.2064

PART 46
OFFSET  0.7400 -5.7755 -9.3277
X -0.8245 -0.2824 -0.4903
Y  0.5390 -0.1283 -0.8325
Z  0.1722 -0.9507  0.2580

PART 47
OFFSET  1.3011 -4.2227 -8.2325
X -0.8282 -0.2794 -0.4858
Y -0.2102  0.9585 -0.1928
Z  0.5195 -0.0575 -0.8525

PART 48
OFFSET  1.2360 -4.6276 -7.1066
X -0.8282 -0.2794 -0.4858
Y -0.2102  0.9585 -0.1928
Z  0.5195 -0.0575 -0.8525

PART 49
OFFSET  1.7034 -5.8818 -6.9671
X -0.8282 -0.2794 -0.4858
Y -0.2102  0.9585 -0.1928
Z  0.5195 -0.0575 -0.8525

PART 50
OFFSET  3.2677 -4.9097 -7.8245
X -0.9548 -0.1606 -0.2503
Y  0.2745 -0.1526 -0.9494
Z  0.1142 -0.9752  0.1898

PART 51
OFFSET  3.3853 -4.2899 -6.8736
X -0.4901 -0.6803 -0.5450
Y  0.5607  0.2326 -0.7947
Z  0.6674 -0.6951  0.2674

PART 52
OFFSET  4.3499 -2.8064 -5.6332
X -0.8900 -0.3753  0.2590
Y -0.0629 -0.4615 -0.8849
Z  0.4517 -0.8038  0.3871

PART 53
OFFSET  5.7323 -2.1380 -6.1475
X -0.5196 -0.0505  0.8529
Y -0.6468 -0.6289 -0.4314
Z  0.5582 -0.7758  0.2941

PART 54
OFFSET  6.2796 -2.0372 -7.0759
X -0.8754  0.3315  0.3518
Y  0.0696  0.8067 -0.5868
Z -0.4783 -0.4892 -0.7293

PART 55
OFFSET  4.3465 -4.7402 -8.6676
X -0.9231 -0.2991  0.2418
Y  0.3471 -0.9186  0.1890
Z  0.1655  0.2584  0.9517

PART 56
OFFSET  6.4021 -3.9180 -9.0954
X -0.0809 -0.9954  0.0506
Y  0.9450 -0.0927 -0.3138
Z  0.3170  0.0224  0.9481

PART 57
OFFSET  6.5166 -2.5086 -9.1670
X  0.7812 -0.5715 -0.2514
Y  0.5532  0.8202 -0.1455
Z  0.2893 -0.0254  0.9569

PART 58
OFFSET  5.8240 -2.0020 -8.9441
X  0.8918  0.3279 -0.3119
Y -0.3213  0.9441  0.0737
Z  0.3186  0.0345  0.9473

PART 59
OFFSET  4.9768 -2.3134 -8.6479
X -0.5264 -0.8484  0.0553
Y -0.7762  0.5061  0.3760
Z -0.3470  0.1550 -0.9250

PART 60
OFFSET  4.3900 -4.7397 -7.9551
X -0.9620 -0.2686  0.0488
Y  0.2726 -0.9354  0.2252
Z -0.0149  0.2299  0.9731

PART 61
OFFSET  6.8949 -4.0972 -8.2213
X -0.1059 -0.9804  0.1661
Y  0.9401 -0.1532 -0.3046
Z  0.3241  0.1239  0.9379

PART 62
OFFSET  7.0753 -2.4281 -8.5041
X  0.8874 -0.3849 -0.2539
Y  0.3384  0.9176 -0.2085
Z  0.3132  0.0991  0.9445

PART 63
OFFSET  5.8455 -1.8946 -8.1523
X  0.8138  0.4873 -0.3166
Y -0.4931  0.8674  0.0676
Z  0.3076  0.1011  0.9461

PART 64
OFFSET  4.9629 -2.4231 -7.8089
X -0.3700 -0.8897  0.2674
Y -0.8831  0.4262  0.1961
Z -0.2884 -0.1636 -0.9434

PART 65
OFFSET -0.8769 -5.9717 -7.9616
X -0.9197 -0.3927  0.0009
Y -0.3759  0.8797 -0.2913
Z  0.1136 -0.2682 -0.9566

PART 66
OFFSET  6.8234 -4.5314 -6.0627
X -0.9758 -0.2166 -0.0295
Y  0.2127 -0.9718  0.1014
Z -0.0506  0.0927  0.9944

PART 67
OFFSET  8.5414 -4.1500 -6.0108
X -0.9687 -0.2474 -0.0199
Y  0.2415 -0.9579  0.1556
Z -0.0576  0.1459  0.9876

PART 68
OFFSET  9.7156 -3.8403 -5.9266
X -0.9611 -0.2618 -0.0881
Y  0.2487 -0.9590  0.1361
Z -0.1201  0.1089  0.9868

PART 69
OFFSET  10.8011 -3.5446 -5.8270
X  0.0546  0.9815  0.1834
Y  0.9985 -0.0540 -0.0081
Z  0.0020  0.1836 -0.9830

PART 70
OFFSET  6.9989 -4.5392 -7.1534
X -0.2361 -0.9507  0.2009
Y  0.9625 -0.2572 -0.0862
Z  0.1336  0.1730  0.9758

PART 71
OFFSET  7.4601 -2.6818 -7.5458
X  0.8422 -0.5387 -0.0242
Y  0.5151  0.8170 -0.2592
Z  0.1593  0.2058  0.9655

PART 72
OFFSET  6.2300 -1.8950 -7.5106
X  0.8712  0.4138 -0.2643
Y -0.4629  0.8717 -0.1611
Z  0.1637  0.2627  0.9509

PART 73
OFFSET  5.2419 -2.3650 -7.2181
X -0.3828 -0.8908  0.2448
Y -0.9002  0.4192  0.1176
Z -0.2074 -0.1753 -0.9624

PART 74
OFFSET  1.3010 -4.2226 -8.2325
X -0.8282 -0.2794 -0.4858
Y -0.2102  0.9585 -0.1928
Z  0.5195 -0.0575 -0.8525

PART 75
OFFSET  1.2359 -4.6274 -7.1066
X -0.8282 -0.2794 -0.4858
Y -0.2102  0.9585 -0.1928
Z  0.5195 -0.0575 -0.8525

PART 76
OFFSET  1.7034 -5.8818 -6.9672
X -0.8282 -0.2794 -0.4858
Y -0.2102  0.9585 -0.1928
Z  0.5195 -0.0575 -0.8525

PART 77
OFFSET  0.0000 -0.0000 -0.0000
X  1.0000 -0.0000  0.0000
