// Export filename: `C:\projects\cod\t5\xanim_export\t5_viewmodels\ak74u\ak74u_grenadier_gl_d2p_in.XANIM_EXPORT`
// Source filename: `D:\projects\devanim\t5\animation_assets\viewmodels\ak74u/t5_viewmodel_ak74u_animated2.fbx`
// Export time: Sat Aug 28 02:59:15 2010

ANIMATION
VERSION 3

NUMPARTS 80
PART 0 "tag_ads"
PART 1 "tag_torso"
PART 2 "J_Shoulder_LE"
PART 3 "J_Elbow_LE"
PART 4 "J_WristTwist_LE"
PART 5 "J_Sleave_Reshape_Bottom_LE_1"
PART 6 "J_Sleave_Reshape_Bottom_LE_2"
PART 7 "J_Sleave_Reshape_Top_LE_1"
PART 8 "J_Sleave_Reshape_Top_LE_2"
PART 9 "J_Sleave_Reshape_Top_LE_3"
PART 10 "J_Wrist_LE"
PART 11 "J_Thumb_LE_0"
PART 12 "J_Thumb_LE_1"
PART 13 "J_Thumb_LE_2"
PART 14 "J_Thumb_LE_3"
PART 15 "J_PinkyPalm_LE"
PART 16 "J_Pinky_LE_0"
PART 17 "J_Pinky_LE_1"
PART 18 "J_Pinky_LE_2"
PART 19 "J_Pinky_LE_3"
PART 20 "J_RingPalm_LE"
PART 21 "J_Ring_LE_0"
PART 22 "J_Ring_LE_1"
PART 23 "J_Ring_LE_2"
PART 24 "J_Ring_LE_3"
PART 25 "J_Webbing_LE"
PART 26 "J_Index_LE_0"
PART 27 "J_Index_LE_1"
PART 28 "J_Index_LE_2"
PART 29 "J_Index_LE_3"
PART 30 "J_Mid_LE_0"
PART 31 "J_Mid_LE_1"
PART 32 "J_Mid_LE_2"
PART 33 "J_Mid_LE_3"
PART 34 "tag_knife_attach"
PART 35 "D_Sleave_Reshape_Bottom_LE_1"
PART 36 "D_Sleave_Reshape_Bottom_LE_2"
PART 37 "D_Sleave_Reshape_Top_LE_1"
PART 38 "D_Sleave_Reshape_Top_LE_2"
PART 39 "D_Sleave_Reshape_Top_LE_3"
PART 40 "tag_weapon"
PART 41 "J_Gun"
PART 42 "TAG_CLIP"
PART 43 "J_Bolt"
PART 44 "J_Shoulder_RI"
PART 45 "J_Elbow_RI"
PART 46 "J_WristTwist_RI"
PART 47 "J_Sleave_Reshape_Top_RI_3"
PART 48 "J_Sleave_Reshape_Top_RI_2"
PART 49 "J_Sleave_Reshape_Top_RI_1"
PART 50 "J_Wrist_RI"
PART 51 "J_Thumb_RI_0"
PART 52 "J_Thumb_RI_1"
PART 53 "J_Thumb_RI_2"
PART 54 "J_Thumb_RI_3"
PART 55 "J_PinkyPalm_RI"
PART 56 "J_Pinky_RI_0"
PART 57 "J_Pinky_RI_1"
PART 58 "J_Pinky_RI_2"
PART 59 "J_Pinky_RI_3"
PART 60 "J_RingPalm_RI"
PART 61 "J_Ring_RI_0"
PART 62 "J_Ring_RI_1"
PART 63 "J_Ring_RI_2"
PART 64 "J_Ring_RI_3"
PART 65 "J_Webbing_RI"
PART 66 "J_Index_RI_0"
PART 67 "J_Index_RI_1"
PART 68 "J_Index_RI_2"
PART 69 "J_Index_RI_3"
PART 70 "J_Mid_RI_0"
PART 71 "J_Mid_RI_1"
PART 72 "J_Mid_RI_2"
PART 73 "J_Mid_RI_3"
PART 74 "D_Sleave_Reshape_Top_RI_3"
PART 75 "D_Sleave_Reshape_Top_RI_2"
PART 76 "D_Sleave_Reshape_Top_RI_1"
PART 77 "tag_cambone"
PART 78 "tag_camera"
PART 79 "tag_gasmask"

FRAMERATE 30
NUMFRAMES 11

FRAME 2350
PART 0
OFFSET  0.0000 -0.0000 -0.0000
X  1.0000 -0.0000  0.0000
Y  0.0000  1.0000  0.0000
Z  0.0000 -0.0000  1.0000

PART 1
OFFSET -4.6318 -0.0000 -1.3770
X  1.0000 -0.0000  0.0000
Y  0.0000  1.0000  0.0000
Z  0.0000 -0.0000  1.0000

PART 2
OFFSET -3.5060  7.9373 -3.1869
X  0.8164 -0.2348 -0.5277
Y -0.2248 -0.9708  0.0841
Z -0.5320  0.0500 -0.8453

PART 3
OFFSET  6.3669  5.0981 -9.5686
X  0.8164 -0.2346 -0.5277
Y  0.3431 -0.5379  0.7700
Z -0.4644 -0.8097 -0.3587

PART 4
OFFSET  13.3110  3.1029 -14.0565
X  0.8164 -0.2346 -0.5277
Y  0.5339  0.6548  0.5350
Z  0.2200 -0.7185  0.6598

PART 5
OFFSET  15.1147  4.4146 -14.8320
X  0.8156 -0.2291 -0.5313
Y  0.4571  0.8180  0.3490
Z  0.3546 -0.5276  0.7720

PART 6
OFFSET  13.3690  2.9490 -15.8204
X  0.8156 -0.2291 -0.5313
Y  0.4571  0.8180  0.3490
Z  0.3546 -0.5276  0.7720

PART 7
OFFSET  15.7542  2.4910 -13.6464
X  0.8156 -0.2291 -0.5313
Y  0.4571  0.8180  0.3490
Z  0.3546 -0.5276  0.7720

PART 8
OFFSET  15.1317  1.3256 -13.9027
X  0.8156 -0.2291 -0.5313
Y  0.4571  0.8180  0.3490
Z  0.3546 -0.5276  0.7720

PART 9
OFFSET  14.2073  1.4408 -14.6564
X  0.8156 -0.2291 -0.5313
Y  0.4571  0.8180  0.3490
Z  0.3546 -0.5276  0.7720

PART 10
OFFSET  15.8139  2.3838 -15.6741
X  0.6474  0.6461  0.4043
Y -0.6526  0.1959  0.7319
Z  0.3937 -0.7377  0.5485

PART 11
OFFSET  15.6370  2.5606 -14.5607
X  0.1917 -0.1023  0.9761
Y -0.9727  0.1126  0.2028
Z -0.1307 -0.9884 -0.0779

PART 12
OFFSET  15.9463  2.2962 -12.4384
X  0.9586  0.1086  0.2632
Y -0.2517 -0.1085  0.9617
Z  0.1330 -0.9881 -0.0767

PART 13
OFFSET  17.5237  2.3672 -12.0795
X  0.7377  0.0275 -0.6745
Y  0.6750 -0.0421  0.7366
Z -0.0081 -0.9987 -0.0496

PART 14
OFFSET  18.3326  2.3505 -12.7987
X  0.6889  0.6532 -0.3143
Y -0.6219  0.7554  0.2067
Z  0.3724  0.0530  0.9265

PART 15
OFFSET  17.1401  2.5716 -16.0049
X  0.9203  0.3862 -0.0628
Y  0.3637 -0.7852  0.5011
Z  0.1442 -0.4840 -0.8631

PART 16
OFFSET  19.2314  3.4136 -15.9588
X  0.2009 -0.5781  0.7909
Y -0.8799 -0.4614 -0.1138
Z  0.4307 -0.6730 -0.6013

PART 17
OFFSET  19.5158  2.5952 -14.8391
X -0.8155 -0.5469  0.1892
Y -0.4216  0.3375 -0.8416
Z  0.3964 -0.7661 -0.5059

PART 18
OFFSET  18.7927  2.1102 -14.6714
X -0.7754 -0.5818  0.2456
Y -0.5083  0.3442 -0.7894
Z  0.3747 -0.7369 -0.5626

PART 19
OFFSET  18.0561  1.5575 -14.4380
X  0.8579  0.3355  0.3891
Y  0.1626  0.5411 -0.8251
Z -0.4873  0.7712  0.4097

PART 20
OFFSET  16.7938  2.9470 -15.5061
X  0.8189  0.5502  0.1633
Y  0.4086 -0.7587  0.5074
Z  0.4031 -0.3488 -0.8461

PART 21
OFFSET  18.9700  4.3400 -15.2193
X  0.3892 -0.6427  0.6600
Y -0.8412 -0.5399 -0.0298
Z  0.3755 -0.5436 -0.7507

PART 22
OFFSET  19.6325  3.2458 -14.0957
X -0.7372 -0.6665  0.1111
Y -0.5500  0.4964 -0.6716
Z  0.3924 -0.5562 -0.7325

PART 23
OFFSET  18.6108  2.3222 -13.9417
X -0.8218 -0.5696 -0.0162
Y -0.4085  0.6087 -0.6801
Z  0.3973 -0.5523 -0.7329

PART 24
OFFSET  17.7196  1.7044 -13.9593
X  0.9262  0.0918  0.3658
Y  0.1196  0.8483 -0.5158
Z -0.3576  0.5214  0.7747

PART 25
OFFSET  16.9845  4.2912 -12.9717
X  0.8448  0.3649  0.3913
Y -0.2138  0.9007 -0.3783
Z -0.4905  0.2359  0.8389

PART 26
OFFSET  17.6981  5.3233 -13.7506
X  0.6502 -0.5847  0.4851
Y -0.6921 -0.7193  0.0607
Z  0.3134 -0.3751 -0.8724

PART 27
OFFSET  18.8429  4.2938 -12.8966
X -0.5333 -0.8416  0.0857
Y -0.7515  0.4248 -0.5047
Z  0.3883 -0.3336 -0.8590

PART 28
OFFSET  18.1710  3.2909 -12.7401
X -0.7719 -0.6330  0.0591
Y -0.5439  0.6095 -0.5768
Z  0.3290 -0.4774 -0.8148

PART 29
OFFSET  17.2991  2.5760 -12.6734
X  0.8349 -0.4784  0.2722
Y  0.5227  0.8441 -0.1194
Z -0.1727  0.2419  0.9548

PART 30
OFFSET  18.4076  4.9095 -14.4894
X  0.3687 -0.7425  0.5593
Y -0.8483 -0.5147 -0.1240
Z  0.3799 -0.4287 -0.8197

PART 31
OFFSET  19.1279  3.4590 -13.3968
X -0.6856 -0.7252  0.0629
Y -0.6372  0.5561 -0.5335
Z  0.3519 -0.4059 -0.8434

PART 32
OFFSET  18.1265  2.3997 -13.3049
X -0.8711 -0.4696 -0.1437
Y -0.3580  0.8076 -0.4686
Z  0.3361 -0.3568 -0.8716

PART 33
OFFSET  17.1425  1.8647 -13.4735
X  0.8751 -0.1329  0.4652
Y  0.3110  0.8911 -0.3304
Z -0.3707  0.4338  0.8212

PART 34
OFFSET  18.5208  2.9057 -14.1366
X  0.3802 -0.4126 -0.8278
Y -0.3937  0.7377 -0.5485
Z  0.8370  0.5344  0.1180

PART 35
OFFSET  14.5056  4.0695 -15.2852
X  0.8156 -0.2291 -0.5313
Y  0.4571  0.8180  0.3490
Z  0.3546 -0.5276  0.7720

PART 36
OFFSET  13.3690  2.9490 -15.8204
X  0.8156 -0.2291 -0.5313
Y  0.4571  0.8180  0.3490
Z  0.3546 -0.5276  0.7720

PART 37
OFFSET  15.7542  2.4910 -13.6464
X  0.8156 -0.2291 -0.5313
Y  0.4571  0.8180  0.3490
Z  0.3546 -0.5276  0.7720

PART 38
OFFSET  15.1317  1.3256 -13.9027
X  0.8156 -0.2291 -0.5313
Y  0.4571  0.8180  0.3490
Z  0.3546 -0.5276  0.7720

PART 39
OFFSET  14.2073  1.4408 -14.6564
X  0.8156 -0.2291 -0.5313
Y  0.4571  0.8180  0.3490
Z  0.3546 -0.5276  0.7720

PART 40
OFFSET  10.7208 -1.2765 -7.5804
X  0.7570  0.5117 -0.4063
Y -0.6468  0.4986 -0.5771
Z -0.0927  0.6997  0.7084

PART 41
OFFSET  10.7208 -1.2765 -7.5804
X  0.7570  0.5117 -0.4063
Y -0.6468  0.4986 -0.5771
Z -0.0927  0.6997  0.7084

PART 42
OFFSET  13.8736  1.0815 -9.1026
X  0.7570  0.5117 -0.4063
Y -0.6468  0.4986 -0.5771
Z -0.0927  0.6997  0.7084

PART 43
OFFSET  16.0685  3.1449 -8.3038
X  0.7570  0.5117 -0.4063
Y -0.6468  0.4986 -0.5771
Z -0.0927  0.6997  0.7084

PART 44
OFFSET -3.5060 -7.9373 -3.1869
X -0.3277  0.0031  0.9448
Y -0.3582 -0.9257 -0.1212
Z  0.8742 -0.3782  0.3045

PART 45
OFFSET  0.4570 -7.9753 -14.6130
X -0.6900 -0.1325 -0.7116
Y  0.7106  0.0626 -0.7008
Z  0.1374 -0.9892  0.0510

PART 46
OFFSET  6.3259 -6.8483 -8.5608
X -0.6900 -0.1325 -0.7116
Y  0.6929  0.1632 -0.7023
Z  0.2092 -0.9777 -0.0208

PART 47
OFFSET  6.6354 -5.5717 -7.0776
X -0.6946 -0.1302 -0.7075
Y -0.1457  0.9886 -0.0389
Z  0.7045  0.0761 -0.7056

PART 48
OFFSET  6.3019 -6.1808 -6.1010
X -0.6946 -0.1302 -0.7075
Y -0.1457  0.9886 -0.0389
Z  0.7045  0.0761 -0.7056

PART 49
OFFSET  6.7059 -7.4644 -6.1138
X -0.6946 -0.1302 -0.7075
Y -0.1457  0.9886 -0.0389
Z  0.7045  0.0761 -0.7056

PART 50
OFFSET  8.4412 -6.4421 -6.3794
X -0.6066 -0.7425  0.2840
Y  0.4179 -0.6017 -0.6807
Z  0.6763 -0.2942  0.6753

PART 51
OFFSET  8.0332 -5.4066 -6.1275
X  0.1113 -0.9710  0.2117
Y  0.3794 -0.1554 -0.9121
Z  0.9185  0.1819  0.3511

PART 52
OFFSET  7.7040 -3.3059 -6.5129
X -0.4816 -0.4593  0.7464
Y  0.3435 -0.8825 -0.3214
Z  0.8063  0.1016  0.5827

PART 53
OFFSET  8.4116 -2.6285 -7.8024
X -0.4685  0.3079  0.8281
Y -0.0549 -0.9457  0.3205
Z  0.8818  0.1047  0.4599

PART 54
OFFSET  8.8788 -2.9501 -8.7244
X -0.9236 -0.0349  0.3819
Y -0.3828  0.0257 -0.9235
Z  0.0224 -0.9991 -0.0371

PART 55
OFFSET  9.2653 -6.3986 -7.4850
X -0.5528 -0.4503  0.7011
Y  0.8206 -0.1478  0.5521
Z -0.1450  0.8806  0.4512

PART 56
OFFSET  10.3857 -5.2405 -9.0624
X  0.5548 -0.5015  0.6639
Y  0.8233  0.2158 -0.5249
Z  0.1199  0.8378  0.5326

PART 57
OFFSET  9.6003 -4.5305 -10.0023
X  0.9894 -0.0624 -0.1313
Y -0.0698  0.5886 -0.8054
Z  0.1275  0.8060  0.5780

PART 58
OFFSET  8.7231 -4.4752 -9.8859
X  0.5188  0.3995 -0.7558
Y -0.8473  0.3579 -0.3925
Z  0.1137  0.8440  0.5242

PART 59
OFFSET  8.2302 -4.8547 -9.1678
X  0.1186 -0.6523  0.7487
Y -0.9592  0.1197  0.2563
Z -0.2568 -0.7485 -0.6114

PART 60
OFFSET  9.2155 -5.8765 -7.0008
X -0.5794 -0.5903  0.5620
Y  0.7695 -0.1688  0.6160
Z -0.2688  0.7893  0.5520

PART 61
OFFSET  10.7761 -4.4653 -8.5278
X  0.5126 -0.4258  0.7457
Y  0.8563  0.1897 -0.4803
Z  0.0631  0.8847  0.4618

PART 62
OFFSET  9.9035 -3.7405 -9.7972
X  0.9548  0.0830 -0.2855
Y -0.2891  0.4833 -0.8263
Z  0.0694  0.8715  0.4855

PART 63
OFFSET  8.5802 -3.8555 -9.4016
X  0.3595  0.4358 -0.8252
Y -0.9310  0.2278 -0.2853
Z  0.0636  0.8708  0.4876

PART 64
OFFSET  8.1904 -4.3281 -8.5067
X  0.2404 -0.4443  0.8630
Y -0.9706 -0.1008  0.2185
Z -0.0101 -0.8902 -0.4555

PART 65
OFFSET  5.9257 -9.1814 -4.2598
X -0.4635 -0.6641  0.5866
Y -0.8065  0.0420 -0.5897
Z  0.3670 -0.7465 -0.5551

PART 66
OFFSET  10.7411 -3.2043 -6.7217
X -0.6135 -0.6264  0.4810
Y  0.7605 -0.3043  0.5736
Z -0.2129  0.7177  0.6630

PART 67
OFFSET  11.8212 -2.1015 -7.5685
X -0.5898 -0.6314  0.5035
Y  0.7676 -0.2447  0.5924
Z -0.2509  0.7359  0.6289

PART 68
OFFSET  12.5230 -1.2892 -8.1424
X -0.5671 -0.6824  0.4612
Y  0.7761 -0.2552  0.5766
Z -0.2757  0.6849  0.6744

PART 69
OFFSET  13.1635 -0.5184 -8.6633
X -0.5936  0.6452 -0.4810
Y  0.8048  0.4768 -0.3536
Z  0.0012 -0.5969 -0.8023

PART 70
OFFSET  11.0084 -3.8835 -7.5510
X  0.3896 -0.4530  0.8019
Y  0.9133  0.3025 -0.2728
Z -0.1190  0.8386  0.5315

PART 71
OFFSET  10.2474 -2.9985 -9.1175
X  0.9894  0.1445 -0.0144
Y -0.0839  0.4879 -0.8689
Z -0.1185  0.8609  0.4948

PART 72
OFFSET  8.8022 -3.2095 -9.0965
X  0.4436  0.4651 -0.7661
Y -0.8838  0.0850 -0.4602
Z -0.1489  0.8812  0.4488

PART 73
OFFSET  8.3002 -3.7425 -8.2323
X  0.2338 -0.4672  0.8526
Y -0.9703 -0.1680  0.1740
Z  0.0619 -0.8680 -0.4927

PART 74
OFFSET  6.6353 -5.5717 -7.0775
X -0.6946 -0.1302 -0.7075
Y -0.1457  0.9886 -0.0389
Z  0.7045  0.0761 -0.7056

PART 75
OFFSET  6.3018 -6.1806 -6.1010
X -0.6946 -0.1302 -0.7075
Y -0.1457  0.9886 -0.0389
Z  0.7045  0.0761 -0.7056

PART 76
OFFSET  6.7060 -7.4644 -6.1139
X -0.6946 -0.1302 -0.7075
Y -0.1457  0.9886 -0.0389
Z  0.7045  0.0761 -0.7056

PART 77
OFFSET  0.0000 -0.0000 -0.0000
X  1.0000 -0.0000  0.0000
Y  0.0000  1.0000  0.0000
Z  0.0000 -0.0000  1.0000

PART 78
OFFSET  0.0000 -0.0000 -0.0000
X  1.0000 -0.0000  0.0000
Y  0.0000  1.0000  0.0000
Z  0.0000 -0.0000  1.0000

PART 79
OFFSET  1.5404 -0.0000  4.1357
X  1.0000 -0.0000  0.0000
Y  0.0000  1.0000  0.0000
Z  0.0000 -0.0000  1.0000


FRAME 2351
PART 0
OFFSET  0.0000 -0.0000 -0.0000
X  1.0000 -0.0000  0.0000
Y  0.0000  1.0000  0.0000
Z  0.0000 -0.0000  1.0000

PART 1
OFFSET -4.6318 -0.0000 -1.3770
X  1.0000 -0.0000  0.0000
Y  0.0000  1.0000  0.0000
Z  0.0000 -0.0000  1.0000

PART 2
OFFSET -3.4367  7.9375 -4.0003
X  0.8291 -0.2345 -0.5075
Y -0.2312 -0.9703  0.0705
Z -0.5090  0.0589 -0.8588

PART 3
OFFSET  6.5906  5.1016 -10.1380
X  0.8292 -0.2343 -0.5075
Y  0.3201 -0.5453  0.7747
Z -0.4582 -0.8048 -0.3771

PART 4
OFFSET  13.6433  3.1088 -14.4543
X  0.8292 -0.2343 -0.5075
Y  0.5213  0.6519  0.5508
Z  0.2018 -0.7212  0.6627

PART 5
OFFSET  15.4729  4.4181 -15.1714
X  0.8285 -0.2288 -0.5111
Y  0.4512  0.8133  0.3674
Z  0.3315 -0.5350  0.7771

PART 6
OFFSET  13.7477  2.9681 -16.2172
X  0.8285 -0.2288 -0.5111
Y  0.4512  0.8133  0.3674
Z  0.3315 -0.5350  0.7771

PART 7
OFFSET  16.0720  2.4827 -13.9839
X  0.8285 -0.2288 -0.5111
Y  0.4512  0.8133  0.3674
Z  0.3315 -0.5350  0.7771

PART 8
OFFSET  15.4514  1.3221 -14.2658
X  0.8285 -0.2288 -0.5111
Y  0.4512  0.8133  0.3674
Z  0.3315 -0.5350  0.7771

PART 9
OFFSET  14.5480  1.4472 -15.0429
X  0.8285 -0.2288 -0.5111
Y  0.4512  0.8133  0.3674
Z  0.3315 -0.5350  0.7771

PART 10
OFFSET  16.1854  2.3905 -16.0101
X  0.6474  0.6435  0.4084
Y -0.6501  0.1866  0.7366
Z  0.3978 -0.7424  0.5391

PART 11
OFFSET  16.0126  2.5552 -14.8942
X  0.1960 -0.1120  0.9742
Y -0.9723  0.1072  0.2079
Z -0.1277 -0.9879 -0.0879

PART 12
OFFSET  16.3314  2.2693 -12.7761
X  0.9593  0.1090  0.2605
Y -0.2475 -0.1196  0.9615
Z  0.1359 -0.9868 -0.0877

PART 13
OFFSET  17.9100  2.3419 -12.4228
X  0.7349  0.0371 -0.6772
Y  0.6782 -0.0476  0.7334
Z -0.0050 -0.9982 -0.0601

PART 14
OFFSET  18.7161  2.3355 -13.1453
X  0.6855  0.6588 -0.3101
Y -0.6235  0.7510  0.2172
Z  0.3760  0.0444  0.9256

PART 15
OFFSET  17.5097  2.5852 -16.3443
X  0.9190  0.3892 -0.0625
Y  0.3678 -0.7895  0.4913
Z  0.1419 -0.4745 -0.8687

PART 16
OFFSET  19.5991  3.4320 -16.2980
X  0.2056 -0.5858  0.7839
Y -0.8792 -0.4624 -0.1150
Z  0.4299 -0.6655 -0.6101

PART 17
OFFSET  19.8901  2.6026 -15.1881
X -0.8134 -0.5510  0.1868
Y -0.4259  0.3453 -0.8363
Z  0.3963 -0.7598 -0.5155

PART 18
OFFSET  19.1690  2.1141 -15.0225
X -0.7729 -0.5863  0.2427
Y -0.5124  0.3511 -0.7837
Z  0.3743 -0.7300 -0.5718

PART 19
OFFSET  18.4347  1.5571 -14.7920
X  0.8587  0.3336  0.3891
Y  0.1578  0.5501 -0.8200
Z -0.4876  0.7656  0.4197

PART 20
OFFSET  17.1646  2.9544 -15.8402
X  0.8182  0.5506  0.1657
Y  0.4126 -0.7629  0.4978
Z  0.4004 -0.3389 -0.8513

PART 21
OFFSET  19.3384  4.3499 -15.5477
X  0.3935 -0.6485  0.6516
Y -0.8399 -0.5417 -0.0320
Z  0.3737 -0.5347 -0.7579

PART 22
OFFSET  20.0083  3.2458 -14.4384
X -0.7351 -0.6695  0.1072
Y -0.5540  0.5020 -0.6641
Z  0.3908 -0.5475 -0.7399

PART 23
OFFSET  18.9896  2.3179 -14.2899
X -0.8204 -0.5715 -0.0188
Y -0.4128  0.6148 -0.6720
Z  0.3956 -0.5435 -0.7403

PART 24
OFFSET  18.0998  1.6981 -14.3103
X  0.9274  0.0903  0.3629
Y  0.1153  0.8540 -0.5073
Z -0.3557  0.5124  0.7816

PART 25
OFFSET  17.3623  4.2725 -13.2927
X  0.8455  0.3629  0.3917
Y -0.2176  0.9040 -0.3680
Z -0.4876  0.2259  0.8433

PART 26
OFFSET  18.0700  5.3145 -14.0636
X  0.6555 -0.5858  0.4766
Y -0.6881 -0.7233  0.0573
Z  0.3112 -0.3656 -0.8772

PART 27
OFFSET  19.2241  4.2831 -13.2244
X -0.5273 -0.8458  0.0814
Y -0.7570  0.4241 -0.4971
Z  0.3859 -0.3237 -0.8639

PART 28
OFFSET  18.5597  3.2746 -13.0729
X -0.7682 -0.6377  0.0571
Y -0.5499  0.6117 -0.5687
Z  0.3277 -0.4683 -0.8205

PART 29
OFFSET  17.6919  2.5543 -13.0085
X  0.8387 -0.4763  0.2640
Y  0.5175  0.8480 -0.1142
Z -0.1695  0.2325  0.9577

PART 30
OFFSET  18.7776  4.9103 -14.8096
X  0.3729 -0.7474  0.5499
Y -0.8476 -0.5156 -0.1259
Z  0.3776 -0.4191 -0.8257

PART 31
OFFSET  19.5060  3.4503 -13.7353
X -0.6835 -0.7276  0.0581
Y -0.6408  0.5601 -0.5250
Z  0.3495 -0.3961 -0.8491

PART 32
OFFSET  18.5077  2.3875 -13.6504
X -0.8705 -0.4703 -0.1451
Y -0.3620  0.8115 -0.4587
Z  0.3334 -0.3468 -0.8767

PART 33
OFFSET  17.5244  1.8518 -13.8206
X  0.8774 -0.1355  0.4602
Y  0.3074  0.8954 -0.3223
Z -0.3684  0.4242  0.8272

PART 34
OFFSET  18.8972  2.9032 -14.4784
X  0.3778 -0.4029 -0.8336
Y -0.3978  0.7424 -0.5391
Z  0.8361  0.5353  0.1202

PART 35
OFFSET  14.8745  4.0792 -15.6432
X  0.8285 -0.2288 -0.5111
Y  0.4512  0.8133  0.3674
Z  0.3315 -0.5350  0.7771

PART 36
OFFSET  13.7477  2.9681 -16.2172
X  0.8285 -0.2288 -0.5111
Y  0.4512  0.8133  0.3674
Z  0.3315 -0.5350  0.7771

PART 37
OFFSET  16.0720  2.4827 -13.9839
X  0.8285 -0.2288 -0.5111
Y  0.4512  0.8133  0.3674
Z  0.3315 -0.5350  0.7771

PART 38
OFFSET  15.4514  1.3221 -14.2658
X  0.8285 -0.2288 -0.5111
Y  0.4512  0.8133  0.3674
Z  0.3315 -0.5350  0.7771

PART 39
OFFSET  14.5480  1.4472 -15.0429
X  0.8285 -0.2288 -0.5111
Y  0.4512  0.8133  0.3674
Z  0.3315 -0.5350  0.7771

PART 40
OFFSET  10.7036 -1.2552 -7.5467
X  0.7543  0.5177 -0.4039
Y -0.6501  0.5030 -0.5695
Z -0.0917  0.6921  0.7159

PART 41
OFFSET  10.7036 -1.2552 -7.5467
X  0.7543  0.5177 -0.4039
Y -0.6501  0.5030 -0.5695
Z -0.0917  0.6921  0.7159

PART 42
OFFSET  13.8451  1.1259 -9.0564
X  0.7543  0.5177 -0.4039
Y -0.6501  0.5030 -0.5695
Z -0.0917  0.6921  0.7159

PART 43
OFFSET  16.0382  3.1862 -8.2447
X  0.7543  0.5177 -0.4039
Y -0.6501  0.5030 -0.5695
Z -0.0917  0.6921  0.7159

PART 44
OFFSET -3.5060 -7.9373 -3.1869
X -0.3269  0.0029  0.9451
Y -0.3580 -0.9258 -0.1210
Z  0.8746 -0.3779  0.3037

PART 45
OFFSET  0.4474 -7.9721 -14.6163
X -0.6906 -0.1326 -0.7110
Y  0.7100  0.0630 -0.7014
Z  0.1378 -0.9892  0.0507

PART 46
OFFSET  6.3211 -6.8440 -8.5691
X -0.6906 -0.1326 -0.7110
Y  0.6902  0.1728 -0.7027
Z  0.2161 -0.9760 -0.0278

PART 47
OFFSET  6.6314 -5.5675 -7.0859
X -0.6952 -0.1303 -0.7069
Y -0.1460  0.9885 -0.0386
Z  0.7038  0.0764 -0.7062

PART 48
OFFSET  6.2990 -6.1769 -6.1092
X -0.6952 -0.1303 -0.7069
Y -0.1460  0.9885 -0.0386
Z  0.7038  0.0764 -0.7062

PART 49
OFFSET  6.7034 -7.4603 -6.1225
X -0.6952 -0.1303 -0.7069
Y -0.1460  0.9885 -0.0386
Z  0.7038  0.0764 -0.7062

PART 50
OFFSET  8.4382 -6.4373 -6.3894
X -0.6042 -0.7464  0.2790
Y  0.4159 -0.5940 -0.6886
Z  0.6797 -0.3000  0.6694

PART 51
OFFSET  8.0296 -5.4051 -6.1252
X  0.1138 -0.9729  0.2013
Y  0.3758 -0.1454 -0.9152
Z  0.9197  0.1797  0.3490

PART 52
OFFSET  7.6954 -3.3012 -6.4877
X -0.4776 -0.4677  0.7437
Y  0.3435 -0.8786 -0.3319
Z  0.8086  0.0970  0.5803

PART 53
OFFSET  8.3964 -2.6094 -7.7731
X -0.4655  0.2986  0.8332
Y -0.0521 -0.9490  0.3110
Z  0.8835  0.1014  0.4572

PART 54
OFFSET  8.8602 -2.9209 -8.7003
X -0.9219 -0.0403  0.3854
Y -0.3868  0.0346 -0.9215
Z  0.0238 -0.9986 -0.0474

PART 55
OFFSET  9.2575 -6.3812 -7.4980
X -0.5491 -0.4584  0.6988
Y  0.8232 -0.1521  0.5471
Z -0.1445  0.8757  0.4608

PART 56
OFFSET  10.3693 -5.2051 -9.0682
X  0.5584 -0.5073  0.6564
Y  0.8207  0.2225 -0.5262
Z  0.1209  0.8325  0.5407

PART 57
OFFSET  9.5788 -4.4868 -9.9974
X  0.9889 -0.0594 -0.1361
Y -0.0742  0.5967 -0.7990
Z  0.1287  0.8002  0.5857

PART 58
OFFSET  8.7020 -4.4342 -9.8767
X  0.5150  0.4081 -0.7538
Y -0.8495  0.3605 -0.3852
Z  0.1145  0.8388  0.5323

PART 59
OFFSET  8.2127 -4.8219 -9.1605
X  0.1228 -0.6597  0.7414
Y -0.9582  0.1155  0.2616
Z -0.2582 -0.7426 -0.6180

PART 60
OFFSET  9.2089 -5.8641 -7.0083
X -0.5761 -0.5970  0.5583
Y  0.7723 -0.1739  0.6110
Z -0.2677  0.7832  0.5612

PART 61
OFFSET  10.7608 -4.4349 -8.5273
X  0.5164 -0.4325  0.7391
Y  0.8540  0.1960 -0.4820
Z  0.0636  0.8801  0.4706

PART 62
OFFSET  9.8816 -3.6985 -9.7856
X  0.9534  0.0875 -0.2887
Y -0.2934  0.4913 -0.8201
Z  0.0701  0.8666  0.4941

PART 63
OFFSET  8.5602 -3.8197 -9.3855
X  0.3553  0.4448 -0.8222
Y -0.9326  0.2292 -0.2790
Z  0.0643  0.8658  0.4962

PART 64
OFFSET  8.1749 -4.3021 -8.4938
X  0.2448 -0.4527  0.8574
Y -0.9695 -0.1046  0.2216
Z -0.0106 -0.8855 -0.4645

PART 65
OFFSET  5.9361 -9.2023 -4.2873
X -0.4600 -0.6708  0.5818
Y -0.8091  0.0467 -0.5858
Z  0.3658 -0.7402 -0.5643

PART 66
OFFSET  10.7314 -3.1924 -6.7083
X -0.6104 -0.6322  0.4771
Y  0.7634 -0.3090  0.5673
Z -0.2112  0.7105  0.6712

PART 67
OFFSET  11.8062 -2.0793 -7.5483
X -0.5867 -0.6375  0.4995
Y  0.7705 -0.2495  0.5866
Z -0.2493  0.7290  0.6375

PART 68
OFFSET  12.5043 -1.2600 -8.1168
X -0.5640 -0.6880  0.4566
Y  0.7790 -0.2599  0.5706
Z -0.2740  0.6776  0.6825

PART 69
OFFSET  13.1413 -0.4829 -8.6326
X -0.5967  0.6491 -0.4718
Y  0.8025  0.4817 -0.3521
Z -0.0013 -0.5887 -0.8084

PART 70
OFFSET  10.9963 -3.8627 -7.5456
X  0.3937 -0.4605  0.7956
Y  0.9116  0.3068 -0.2736
Z -0.1181  0.8330  0.5406

PART 71
OFFSET  10.2272 -2.9630 -9.0998
X  0.9891  0.1462 -0.0171
Y -0.0884  0.4966 -0.8635
Z -0.1177  0.8556  0.5041

PART 72
OFFSET  8.7825 -3.1765 -9.0748
X  0.4396  0.4737 -0.7631
Y -0.8858  0.0882 -0.4555
Z -0.1484  0.8763  0.4584

PART 73
OFFSET  8.2850 -3.7191 -8.2140
X  0.2382 -0.4756  0.8468
Y -0.9693 -0.1714  0.1764
Z  0.0612 -0.8628 -0.5018

PART 74
OFFSET  6.6314 -5.5674 -7.0859
X -0.6952 -0.1303 -0.7069
Y -0.1460  0.9885 -0.0386
Z  0.7038  0.0764 -0.7062

PART 75
OFFSET  6.2989 -6.1767 -6.1091
X -0.6952 -0.1303 -0.7069
Y -0.1460  0.9885 -0.0386
Z  0.7038  0.0764 -0.7062

PART 76
OFFSET  6.7035 -7.4603 -6.1226
X -0.6952 -0.1303 -0.7069
Y -0.1460  0.9885 -0.0386
Z  0.7038  0.0764 -0.7062

PART 77
OFFSET  0.0000 -0.0000 -0.0000
X  1.0000 -0.0000  0.0000
Y  0.0000  1.0000  0.0000
Z  0.0000 -0.0000  1.0000

PART 78
OFFSET -0.0000 -0.0000 -0.0000
X  1.0000  0.0000 -0.0015
Y  0.0000  1.0000  0.0030
Z  0.0015 -0.0030  1.0000

PART 79
OFFSET  1.5468 -0.0126  4.1333
X  1.0000  0.0000 -0.0015
Y  0.0000  1.0000  0.0030
Z  0.0015 -0.0030  1.0000


FRAME 2352
PART 0
OFFSET  0.0000 -0.0000 -0.0000
X  1.0000 -0.0000  0.0000
Y  0.0000  1.0000  0.0000
Z  0.0000 -0.0000  1.0000

PART 1
OFFSET -4.6318 -0.0000 -1.3770
X  1.0000 -0.0000  0.0000
Y  0.0000  1.0000  0.0000
Z  0.0000 -0.0000  1.0000

PART 2
OFFSET -3.2467  7.9382 -5.8645
X  0.8587 -0.2315 -0.4571
Y -0.2441 -0.9692  0.0323
Z -0.4505  0.0838 -0.8888

PART 3
OFFSET  7.1389  5.1388 -11.3931
X  0.8588 -0.2313 -0.4571
Y  0.2633 -0.5662  0.7811
Z -0.4395 -0.7912 -0.4254

PART 4
OFFSET  14.4435  3.1716 -15.2809
X  0.8588 -0.2313 -0.4571
Y  0.4881  0.6405  0.5929
Z  0.1557 -0.7323  0.6630

PART 5
OFFSET  16.3280  4.4778 -15.8448
X  0.8584 -0.2257 -0.4606
Y  0.4332  0.7999  0.4154
Z  0.2746 -0.5561  0.7844

PART 6
OFFSET  14.6630  3.0702 -17.0359
X  0.8584 -0.2257 -0.4606
Y  0.4332  0.7999  0.4154
Z  0.2746 -0.5561  0.7844

PART 7
OFFSET  16.8300  2.5095 -14.6663
X  0.8584 -0.2257 -0.4606
Y  0.4332  0.7999  0.4154
Z  0.2746 -0.5561  0.7844

PART 8
OFFSET  16.2191  1.3622 -15.0157
X  0.8584 -0.2257 -0.4606
Y  0.4332  0.7999  0.4154
Z  0.2746 -0.5561  0.7844

PART 9
OFFSET  15.3702  1.5146 -15.8475
X  0.8584 -0.2257 -0.4606
Y  0.4332  0.7999  0.4154
Z  0.2746 -0.5561  0.7844

PART 10
OFFSET  17.0764  2.4626 -16.6823
X  0.6481  0.6355  0.4198
Y -0.6427  0.1606  0.7491
Z  0.4086 -0.7552  0.5125

PART 11
OFFSET  16.9154  2.5934 -15.5601
X  0.2079 -0.1391  0.9682
Y -0.9707  0.0923  0.2217
Z -0.1202 -0.9860 -0.1158

PART 12
OFFSET  17.2604  2.2476 -13.4551
X  0.9612  0.1097  0.2530
Y -0.2356 -0.1502  0.9602
Z  0.1434 -0.9825 -0.1185

PART 13
OFFSET  18.8422  2.3237 -13.1171
X  0.7269  0.0637 -0.6838
Y  0.6867 -0.0633  0.7241
Z  0.0029 -0.9960 -0.0898

PART 14
OFFSET  19.6401  2.3459 -13.8484
X  0.6763  0.6737 -0.2979
Y -0.6274  0.7387  0.2463
Z  0.3860  0.0203  0.9223

PART 15
OFFSET  18.3955  2.6757 -17.0255
X  0.9158  0.3969 -0.0614
Y  0.3783 -0.8011  0.4637
Z  0.1348 -0.4479 -0.8838

PART 16
OFFSET  20.4799  3.5345 -16.9779
X  0.2182 -0.6072  0.7640
Y -0.8775 -0.4646 -0.1186
Z  0.4270 -0.6445 -0.6342

PART 17
OFFSET  20.7889  2.6748 -15.8963
X -0.8077 -0.5615  0.1797
Y -0.4376  0.3668 -0.8209
Z  0.3950 -0.7417 -0.5420

PART 18
OFFSET  20.0727  2.1769 -15.7369
X -0.7664 -0.5982  0.2340
Y -0.5235  0.3706 -0.7672
Z  0.3722 -0.7105 -0.5972

PART 19
OFFSET  19.3446  1.6086 -15.5146
X  0.8610  0.3277  0.3890
Y  0.1450  0.5749 -0.8053
Z -0.4875  0.7497  0.4475

PART 20
OFFSET  18.0539  3.0277 -16.5070
X  0.8166  0.5509  0.1725
Y  0.4230 -0.7744  0.4705
Z  0.3928 -0.3112 -0.8654

PART 21
OFFSET  20.2222  4.4282 -16.1981
X  0.4050 -0.6648  0.6278
Y -0.8369 -0.5461 -0.0384
Z  0.3683 -0.5098 -0.7775

PART 22
OFFSET  20.9116  3.2965 -15.1293
X -0.7296 -0.6771  0.0957
Y -0.5647  0.5176 -0.6428
Z  0.3857 -0.5230 -0.7600

PART 23
OFFSET  19.9005  2.3580 -14.9967
X -0.8170 -0.5761 -0.0264
Y -0.4243  0.6315 -0.6490
Z  0.3905 -0.5190 -0.7604

PART 24
OFFSET  19.0145  1.7332 -15.0253
X  0.9310  0.0857  0.3549
Y  0.1042  0.8692 -0.4833
Z -0.3499  0.4869  0.8003

PART 25
OFFSET  18.2726  4.2718 -13.9241
X  0.8477  0.3568  0.3926
Y -0.2274  0.9130 -0.3388
Z -0.4793  0.1979  0.8550

PART 26
OFFSET  18.9649  5.3405 -14.6721
X  0.6697 -0.5884  0.4531
Y -0.6773 -0.7341  0.0477
Z  0.3046 -0.3388 -0.8902

PART 27
OFFSET  20.1440  4.3045 -13.8744
X -0.5105 -0.8571  0.0691
Y -0.7720  0.4215 -0.4757
Z  0.3786 -0.2962 -0.8769

PART 28
OFFSET  19.5004  3.2806 -13.7371
X -0.7579 -0.6504  0.0509
Y -0.5663  0.6172 -0.5462
Z  0.3238 -0.4428 -0.8361

PART 29
OFFSET  18.6443  2.5459 -13.6796
X  0.8490 -0.4700  0.2413
Y  0.5034  0.8583 -0.0996
Z -0.1603  0.2060  0.9653

PART 30
OFFSET  19.6664  4.9630 -15.4376
X  0.3838 -0.7607  0.5235
Y -0.8457 -0.5172 -0.1314
Z  0.3707 -0.3923 -0.8418

PART 31
OFFSET  20.4162  3.4770 -14.4149
X -0.6783 -0.7335  0.0444
Y -0.6503  0.5710 -0.5011
Z  0.3422 -0.3688 -0.8642

PART 32
OFFSET  19.4255  2.4057 -14.3500
X -0.8692 -0.4716 -0.1490
Y -0.3723  0.8222 -0.4305
Z  0.3255 -0.3187 -0.8902

PART 33
OFFSET  18.4437  1.8688 -14.5247
X  0.8834 -0.1432  0.4461
Y  0.2981  0.9064 -0.2993
Z -0.3615  0.3974  0.8434

PART 34
OFFSET  19.8023  2.9480 -15.1668
X  0.3707 -0.3758 -0.8493
Y -0.4086  0.7552 -0.5125
Z  0.8341  0.5370  0.1264

PART 35
OFFSET  15.7592  4.1560 -16.3629
X  0.8584 -0.2257 -0.4606
Y  0.4332  0.7999  0.4154
Z  0.2746 -0.5561  0.7844

PART 36
OFFSET  14.6630  3.0702 -17.0359
X  0.8584 -0.2257 -0.4606
Y  0.4332  0.7999  0.4154
Z  0.2746 -0.5561  0.7844

PART 37
OFFSET  16.8300  2.5095 -14.6663
X  0.8584 -0.2257 -0.4606
Y  0.4332  0.7999  0.4154
Z  0.2746 -0.5561  0.7844

PART 38
OFFSET  16.2191  1.3622 -15.0157
X  0.8584 -0.2257 -0.4606
Y  0.4332  0.7999  0.4154
Z  0.2746 -0.5561  0.7844

PART 39
OFFSET  15.3702  1.5146 -15.8475
X  0.8584 -0.2257 -0.4606
Y  0.4332  0.7999  0.4154
Z  0.2746 -0.5561  0.7844

PART 40
OFFSET  10.6545 -1.1978 -7.4526
X  0.7470  0.5336 -0.3966
Y -0.6589  0.5152 -0.5481
Z -0.0881  0.6707  0.7364

PART 41
OFFSET  10.6545 -1.1978 -7.4526
X  0.7470  0.5336 -0.3966
Y -0.6589  0.5152 -0.5481
Z -0.0881  0.6707  0.7364

PART 42
OFFSET  13.7663  1.2444 -8.9255
X  0.7470  0.5336 -0.3966
Y -0.6589  0.5152 -0.5481
Z -0.0881  0.6707  0.7364

PART 43
OFFSET  15.9560  3.2938 -8.0775
X  0.7470  0.5336 -0.3966
Y -0.6589  0.5152 -0.5481
Z -0.0881  0.6707  0.7364

PART 44
OFFSET -3.5060 -7.9373 -3.1869
X -0.3242  0.0020  0.9460
Y -0.3573 -0.9262 -0.1205
Z  0.8759 -0.3770  0.3010

PART 45
OFFSET  0.4150 -7.9619 -14.6275
X -0.6921 -0.1331 -0.7094
Y  0.7082  0.0642 -0.7030
Z  0.1391 -0.9890  0.0498

PART 46
OFFSET  6.3018 -6.8301 -8.5937
X -0.6921 -0.1331 -0.7094
Y  0.6827  0.1982 -0.7033
Z  0.2342 -0.9711 -0.0463

PART 47
OFFSET  6.6141 -5.5541 -7.1106
X -0.6967 -0.1307 -0.7053
Y -0.1473  0.9884 -0.0377
Z  0.7021  0.0776 -0.7079

PART 48
OFFSET  6.2848 -6.1644 -6.1334
X -0.6967 -0.1307 -0.7053
Y -0.1473  0.9884 -0.0377
Z  0.7021  0.0776 -0.7079

PART 49
OFFSET  6.6907 -7.4473 -6.1484
X -0.6967 -0.1307 -0.7053
Y -0.1473  0.9884 -0.0377
Z  0.7021  0.0776 -0.7079

PART 50
OFFSET  8.4236 -6.4222 -6.4189
X -0.5982 -0.7564  0.2646
Y  0.4098 -0.5725 -0.7101
Z  0.6886 -0.3164  0.6525

PART 51
OFFSET  8.0145 -5.3995 -6.1205
X  0.1196 -0.9778  0.1720
Y  0.3654 -0.1178 -0.9234
Z  0.9232  0.1732  0.3432

PART 52
OFFSET  7.6687 -3.2874 -6.4186
X -0.4671 -0.4906  0.7356
Y  0.3426 -0.8674 -0.3609
Z  0.8151  0.0835  0.5733

PART 53
OFFSET  8.3519 -2.5565 -7.6919
X -0.4566  0.2729  0.8468
Y -0.0450 -0.9577  0.2843
Z  0.8885  0.0917  0.4495

PART 54
OFFSET  8.8058 -2.8395 -8.6330
X -0.9171 -0.0548  0.3949
Y -0.3978  0.0594 -0.9155
Z  0.0267 -0.9967 -0.0763

PART 55
OFFSET  9.2295 -6.3312 -7.5350
X -0.5392 -0.4803  0.6918
Y  0.8301 -0.1645  0.5328
Z -0.1421  0.8616  0.4874

PART 56
OFFSET  10.3184 -5.1065 -9.0838
X  0.5679 -0.5237  0.6350
Y  0.8136  0.2407 -0.5292
Z  0.1244  0.8172  0.5628

PART 57
OFFSET  9.5144 -4.3650 -9.9828
X  0.9874 -0.0517 -0.1494
Y -0.0857  0.6190 -0.7807
Z  0.1328  0.7837  0.6068

PART 58
OFFSET  8.6389 -4.3192 -9.8503
X  0.5046  0.4314 -0.7479
Y -0.8553  0.3681 -0.3647
Z  0.1179  0.8237  0.5547

PART 59
OFFSET  8.1596 -4.7291 -9.1398
X  0.1340 -0.6801  0.7207
Y -0.9555  0.1043  0.2760
Z -0.2629 -0.7256 -0.6359

PART 60
OFFSET  9.1848 -5.8285 -7.0301
X -0.5673 -0.6149  0.5478
Y  0.7801 -0.1883  0.5966
Z -0.2637  0.7658  0.5865

PART 61
OFFSET  10.7136 -4.3505 -8.5258
X  0.5267 -0.4515  0.7203
Y  0.8475  0.2130 -0.4862
Z  0.0661  0.8665  0.4948

PART 62
OFFSET  9.8169 -3.5819 -9.7520
X  0.9496  0.0993 -0.2972
Y -0.3048  0.5134 -0.8022
Z  0.0729  0.8524  0.5178

PART 63
OFFSET  8.5008 -3.7195 -9.3401
X  0.3439  0.4695 -0.8132
Y -0.9366  0.2334 -0.2613
Z  0.0672  0.8515  0.5200

PART 64
OFFSET  8.1278 -4.2287 -8.4581
X  0.2566 -0.4761  0.8411
Y -0.9664 -0.1146  0.2299
Z -0.0130 -0.8719 -0.4895

PART 65
OFFSET  5.9564 -9.2557 -4.3675
X -0.4506 -0.6889  0.5677
Y -0.8162  0.0603 -0.5747
Z  0.3617 -0.7223 -0.5895

PART 66
OFFSET  10.7014 -3.1607 -6.6717
X -0.6025 -0.6480  0.4660
Y  0.7712 -0.3221  0.5492
Z -0.2058  0.6902  0.6937

PART 67
OFFSET  11.7622 -2.0198 -7.4922
X -0.5785 -0.6537  0.4879
Y  0.7783 -0.2632  0.5701
Z -0.2443  0.7095  0.6610

PART 68
OFFSET  12.4506 -1.1820 -8.0451
X -0.5561 -0.7030  0.4433
Y  0.7866 -0.2731  0.5538
Z -0.2682  0.6567  0.7048

PART 69
OFFSET  13.0787 -0.3880 -8.5459
X -0.6045  0.6601 -0.4460
Y  0.7965  0.4947 -0.3475
Z -0.0088 -0.5653 -0.8248

PART 70
OFFSET  10.9587 -3.8057 -7.5310
X  0.4047 -0.4816  0.7774
Y  0.9072  0.3180 -0.2754
Z -0.1146  0.8167  0.5656

PART 71
OFFSET  10.1680 -2.8649 -9.0496
X  0.9883  0.1505 -0.0246
Y -0.1004  0.5207 -0.8478
Z -0.1147  0.8404  0.5297

PART 72
OFFSET  8.7245 -3.0847 -9.0137
X  0.4289  0.4970 -0.7544
Y -0.8915  0.0978 -0.4424
Z -0.1461  0.8622  0.4850

PART 73
OFFSET  8.2392 -3.6535 -8.1630
X  0.2499 -0.4987  0.8300
Y -0.9665 -0.1801  0.1828
Z  0.0583 -0.8479 -0.5270

PART 74
OFFSET  6.6141 -5.5540 -7.1105
X -0.6967 -0.1307 -0.7053
Y -0.1473  0.9884 -0.0377
Z  0.7021  0.0776 -0.7079

PART 75
OFFSET  6.2847 -6.1642 -6.1333
X -0.6967 -0.1307 -0.7053
Y -0.1473  0.9884 -0.0377
Z  0.7021  0.0776 -0.7079

PART 76
OFFSET  6.6908 -7.4473 -6.1485
X -0.6967 -0.1307 -0.7053
Y -0.1473  0.9884 -0.0377
Z  0.7021  0.0776 -0.7079

PART 77
OFFSET  0.0000 -0.0000 -0.0000
X  1.0000 -0.0000  0.0000
Y  0.0000  1.0000  0.0000
Z  0.0000 -0.0000  1.0000

PART 78
OFFSET -0.0000 -0.0000 -0.0000
X  1.0000  0.0000 -0.0057
Y  0.0001  0.9999  0.0113
Z  0.0057 -0.0113  0.9999

PART 79
OFFSET  1.5641 -0.0466  4.1266
X  1.0000  0.0000 -0.0057
Y  0.0001  0.9999  0.0113
Z  0.0057 -0.0113  0.9999


FRAME 2353
PART 0
OFFSET  0.0000 -0.0000 -0.0000
X  1.0000 -0.0000  0.0000
Y  0.0000  1.0000  0.0000
Z  0.0000 -0.0000  1.0000

PART 1
OFFSET -4.6318 -0.0000 -1.3770
X  1.0000 -0.0000  0.0000
Y  0.0000  1.0000  0.0000
Z  0.0000 -0.0000  1.0000

PART 2
OFFSET -2.9627  7.9392 -7.9155
X  0.8919 -0.2221 -0.3939
Y -0.2511 -0.9677 -0.0229
Z -0.3761  0.1193 -0.9189

PART 3
OFFSET  7.8240  5.2529 -12.6790
X  0.8920 -0.2219 -0.3938
Y  0.1956 -0.5959  0.7789
Z -0.4075 -0.7718 -0.4882

PART 4
OFFSET  15.4108  3.3652 -16.0287
X  0.8920 -0.2219 -0.3938
Y  0.4415  0.6151  0.6533
Z  0.0972 -0.7566  0.6466

PART 5
OFFSET  17.3421  4.6749 -16.3896
X  0.8919 -0.2163 -0.3971
Y  0.4022  0.7809  0.4780
Z  0.2067 -0.5861  0.7834

PART 6
OFFSET  15.7722  3.3247 -17.7625
X  0.8919 -0.2163 -0.3971
Y  0.4022  0.7809  0.4780
Z  0.2067 -0.5861  0.7834

PART 7
OFFSET  17.7356  2.6616 -15.2464
X  0.8919 -0.2163 -0.3971
Y  0.4022  0.7809  0.4780
Z  0.2067 -0.5861  0.7834

PART 8
OFFSET  17.1491  1.5327 -15.6858
X  0.8919 -0.2163 -0.3971
Y  0.4022  0.7809  0.4780
Z  0.2067 -0.5861  0.7834

PART 9
OFFSET  16.3717  1.7218 -16.5778
X  0.8919 -0.2163 -0.3971
Y  0.4022  0.7809  0.4780
Z  0.2067 -0.5861  0.7834

PART 10
OFFSET  18.1454  2.6848 -17.2360
X  0.6502  0.6218  0.4367
Y -0.6306  0.1210  0.7666
Z  0.4238 -0.7738  0.4708

PART 11
OFFSET  18.0032  2.7636 -16.1065
X  0.2262 -0.1804  0.9572
Y -0.9678  0.0698  0.2418
Z -0.1104 -0.9811 -0.1588

PART 12
OFFSET  18.3886  2.3267 -14.0255
X  0.9641  0.1103  0.2417
Y -0.2172 -0.1968  0.9561
Z  0.1530 -0.9742 -0.1657

PART 13
OFFSET  19.9750  2.4074 -13.7109
X  0.7142  0.1040 -0.6922
Y  0.6998 -0.0875  0.7089
Z  0.0132 -0.9907 -0.1353

PART 14
OFFSET  20.7598  2.4731 -14.4536
X  0.6629  0.6952 -0.2780
Y -0.6319  0.7187  0.2903
Z  0.4016 -0.0168  0.9157

PART 15
OFFSET  19.4564  2.9250 -17.5921
X  0.9113  0.4075 -0.0593
Y  0.3930 -0.8177  0.4205
Z  0.1228 -0.4065 -0.9053

PART 16
OFFSET  21.5342  3.7994 -17.5420
X  0.2367 -0.6389  0.7320
Y -0.8756 -0.4667 -0.1243
Z  0.4210 -0.6115 -0.6699

PART 17
OFFSET  21.8693  2.8949 -16.5057
X -0.7998 -0.5763  0.1682
Y -0.4551  0.3994 -0.7958
Z  0.3915 -0.7130 -0.5817

PART 18
OFFSET  21.1602  2.3839 -16.3566
X -0.7572 -0.6150  0.2201
Y -0.5401  0.3999 -0.7405
Z  0.3674 -0.6796 -0.6350

PART 19
OFFSET  20.4409  1.7997 -16.1475
X  0.8650  0.3176  0.3884
Y  0.1260  0.6118 -0.7809
Z -0.4856  0.7244  0.4892

PART 20
OFFSET  19.1211  3.2502 -17.0524
X  0.8150  0.5499  0.1830
Y  0.4376 -0.7909  0.4277
Z  0.3799 -0.2684 -0.8852

PART 21
OFFSET  21.2830  4.6549 -16.7184
X  0.4215 -0.6886  0.5900
Y -0.8329 -0.5513 -0.0485
Z  0.3587 -0.4710 -0.8059

PART 22
OFFSET  22.0006  3.4825 -15.7138
X -0.7222 -0.6873  0.0777
Y -0.5803  0.5409 -0.6089
Z  0.3765 -0.4849 -0.7894

PART 23
OFFSET  20.9997  2.5300 -15.6061
X -0.8125 -0.5816 -0.0381
Y -0.4409  0.6562 -0.6124
Z  0.3812 -0.4808 -0.7896

PART 24
OFFSET  20.1184  1.8992 -15.6474
X  0.9364  0.0781  0.3422
Y  0.0885  0.8910 -0.4453
Z -0.3397  0.4473  0.8274

PART 25
OFFSET  19.3754  4.3789 -14.4203
X  0.8515  0.3464  0.3935
Y -0.2409  0.9252 -0.2933
Z -0.4657  0.1549  0.8713

PART 26
OFFSET  20.0456  5.4864 -15.1312
X  0.6906 -0.5911  0.4168
Y -0.6611 -0.7496  0.0321
Z  0.2935 -0.2977 -0.9084

PART 27
OFFSET  21.2614  4.4456 -14.3974
X -0.4847 -0.8733  0.0492
Y -0.7942  0.4158 -0.4432
Z  0.3666 -0.2539 -0.8951

PART 28
OFFSET  20.6499  3.3994 -14.2832
X -0.7421 -0.6690  0.0404
Y -0.5907  0.6243 -0.5112
Z  0.3168 -0.4033 -0.8585

PART 29
OFFSET  19.8116  2.6437 -14.2376
X  0.8639 -0.4592  0.2069
Y  0.4822  0.8727 -0.0763
Z -0.1455  0.1656  0.9754

PART 30
OFFSET  20.7364  5.1500 -15.9249
X  0.3993 -0.7800  0.4819
Y -0.8436 -0.5184 -0.1400
Z  0.3590 -0.3507 -0.8650

PART 31
OFFSET  21.5164  3.6263 -14.9835
X -0.6713 -0.7408  0.0231
Y -0.6637  0.5871 -0.4635
Z  0.3298 -0.3265 -0.8858

PART 32
OFFSET  20.5359  2.5443 -14.9498
X -0.8678 -0.4722 -0.1550
Y -0.3866  0.8374 -0.3865
Z  0.3123 -0.2755 -0.9092

PART 33
OFFSET  19.5555  2.0069 -15.1315
X  0.8924 -0.1551  0.4238
Y  0.2853  0.9216 -0.2632
Z -0.3498  0.3558  0.8666

PART 34
OFFSET  20.8937  3.1261 -15.7477
X  0.3587 -0.3339 -0.8717
Y -0.4238  0.7738 -0.4708
Z  0.8317  0.5383  0.1360

PART 35
OFFSET  16.8157  4.3766 -16.9636
X  0.8919 -0.2163 -0.3971
Y  0.4022  0.7809  0.4780
Z  0.2067 -0.5861  0.7834

PART 36
OFFSET  15.7722  3.3247 -17.7625
X  0.8919 -0.2163 -0.3971
Y  0.4022  0.7809  0.4780
Z  0.2067 -0.5861  0.7834

PART 37
OFFSET  17.7356  2.6616 -15.2464
X  0.8919 -0.2163 -0.3971
Y  0.4022  0.7809  0.4780
Z  0.2067 -0.5861  0.7834

PART 38
OFFSET  17.1491  1.5327 -15.6858
X  0.8919 -0.2163 -0.3971
Y  0.4022  0.7809  0.4780
Z  0.2067 -0.5861  0.7834

PART 39
OFFSET  16.3717  1.7218 -16.5778
X  0.8919 -0.2163 -0.3971
Y  0.4022  0.7809  0.4780
Z  0.2067 -0.5861  0.7834

PART 40
OFFSET  10.5778 -1.1143 -7.3086
X  0.7366  0.5565 -0.3844
Y -0.6715  0.5335 -0.5144
Z -0.0812  0.6370  0.7666

PART 41
OFFSET  10.5778 -1.1143 -7.3086
X  0.7366  0.5565 -0.3844
Y -0.6715  0.5335 -0.5144
Z -0.0812  0.6370  0.7666

PART 42
OFFSET  13.6475  1.4152 -8.7214
X  0.7366  0.5565 -0.3844
Y -0.6715  0.5335 -0.5144
Z -0.0812  0.6370  0.7666

PART 43
OFFSET  15.8354  3.4429 -7.8186
X  0.7366  0.5565 -0.3844
Y -0.6715  0.5335 -0.5144
Z -0.0812  0.6370  0.7666

PART 44
OFFSET -3.5060 -7.9373 -3.1869
X -0.3193  0.0004  0.9477
Y -0.3558 -0.9269 -0.1195
Z  0.8783 -0.3754  0.2961

PART 45
OFFSET  0.3554 -7.9418 -14.6478
X -0.6944 -0.1338 -0.7070
Y  0.7055  0.0667 -0.7055
Z  0.1416 -0.9888  0.0481

PART 46
OFFSET  6.2615 -6.8035 -8.6341
X -0.6944 -0.1338 -0.7070
Y  0.6711  0.2343 -0.7034
Z  0.2598 -0.9629 -0.0729

PART 47
OFFSET  6.5763 -5.5285 -7.1505
X -0.6990 -0.1315 -0.7029
Y -0.1497  0.9881 -0.0359
Z  0.6993  0.0801 -0.7103

PART 48
OFFSET  6.2520 -6.1408 -6.1729
X -0.6990 -0.1315 -0.7029
Y -0.1497  0.9881 -0.0359
Z  0.6993  0.0801 -0.7103

PART 49
OFFSET  6.6608 -7.4228 -6.1910
X -0.6990 -0.1315 -0.7029
Y -0.1497  0.9881 -0.0359
Z  0.6993  0.0801 -0.7103

PART 50
OFFSET  8.3903 -6.3932 -6.4665
X -0.5903 -0.7700  0.2421
Y  0.3988 -0.5390 -0.7419
Z  0.7018 -0.3414  0.6253

PART 51
OFFSET  7.9829 -5.3865 -6.1162
X  0.1265 -0.9838  0.1268
Y  0.3487 -0.0756 -0.9342
Z  0.9287  0.1624  0.3335

PART 52
OFFSET  7.6234 -3.2650 -6.3152
X -0.4516 -0.5244  0.7219
Y  0.3392 -0.8492 -0.4047
Z  0.8252  0.0621  0.5614

PART 53
OFFSET  8.2802 -2.4760 -7.5675
X -0.4419  0.2335  0.8662
Y -0.0361 -0.9694  0.2429
Z  0.8963  0.0761  0.4368

PART 54
OFFSET  8.7177 -2.7155 -8.5283
X -0.9094 -0.0763  0.4089
Y -0.4149  0.0975 -0.9046
Z  0.0292 -0.9923 -0.1203

PART 55
OFFSET  9.1751 -6.2498 -7.5921
X -0.5244 -0.5125  0.6799
Y  0.8405 -0.1837  0.5098
Z -0.1364  0.8388  0.5271

PART 56
OFFSET  10.2305 -4.9535 -9.1055
X  0.5816 -0.5483  0.6009
Y  0.8028  0.2673 -0.5330
Z  0.1316  0.7924  0.5957

PART 57
OFFSET  9.4071 -4.1772 -9.9563
X  0.9847 -0.0405 -0.1696
Y -0.1025  0.6522 -0.7511
Z  0.1410  0.7570  0.6380

PART 58
OFFSET  8.5341 -4.1413 -9.8059
X  0.4890  0.4661 -0.7374
Y -0.8633  0.3797 -0.3325
Z  0.1250  0.7992  0.5880

PART 59
OFFSET  8.0695 -4.5841 -9.1054
X  0.1499 -0.7104  0.6877
Y -0.9506  0.0877  0.2977
Z -0.2718 -0.6984 -0.6621

PART 60
OFFSET  9.1379 -5.7699 -7.0650
X -0.5547 -0.6409  0.5306
Y  0.7918 -0.2105  0.5734
Z -0.2558  0.7382  0.6242

PART 61
OFFSET  10.6330 -4.2208 -8.5222
X  0.5416 -0.4801  0.6900
Y  0.8375  0.2380 -0.4918
Z  0.0719  0.8443  0.5310

PART 62
OFFSET  9.7108 -3.4035 -9.6970
X  0.9436  0.1167 -0.3099
Y -0.3215  0.5465 -0.7732
Z  0.0792  0.8293  0.5532

PART 63
OFFSET  8.4031 -3.5652 -9.2675
X  0.3270  0.5062 -0.7980
Y -0.9422  0.2403 -0.2337
Z  0.0735  0.8283  0.5554

PART 64
OFFSET  8.0485 -4.1141 -8.4020
X  0.2739 -0.5112  0.8146
Y -0.9616 -0.1291  0.2423
Z -0.0187 -0.8497 -0.5269

PART 65
OFFSET  5.9724 -9.3252 -4.4964
X -0.4374 -0.7152  0.5451
Y -0.8269  0.0816 -0.5564
Z  0.3535 -0.6942 -0.6271

PART 66
OFFSET  10.6505 -3.1132 -6.6179
X -0.5913 -0.6705  0.4481
Y  0.7824 -0.3422  0.5203
Z -0.1956  0.6583  0.7269

PART 67
OFFSET  11.6915 -1.9327 -7.4069
X -0.5668 -0.6771  0.4693
Y  0.7897 -0.2842  0.5437
Z -0.2348  0.6788  0.6958

PART 68
OFFSET  12.3664 -1.0683 -7.9351
X -0.5451 -0.7243  0.4222
Y  0.7978 -0.2933  0.5268
Z -0.2577  0.6240  0.7377

PART 69
OFFSET  12.9821 -0.2502 -8.4120
X -0.6152  0.6761 -0.4055
Y  0.7881  0.5131 -0.3401
Z -0.0218 -0.5288 -0.8485

PART 70
OFFSET  10.8943 -3.7188 -7.5091
X  0.4209 -0.5132  0.7480
Y  0.9008  0.3339 -0.2777
Z -0.1072  0.7907  0.6028

PART 71
OFFSET  10.0721 -2.7163 -8.9704
X  0.9871  0.1560 -0.0361
Y -0.1180  0.5568 -0.8222
Z -0.1082  0.8159  0.5680

PART 72
OFFSET  8.6303 -2.9441 -8.9177
X  0.4129  0.5315 -0.7396
Y -0.8999  0.1129 -0.4213
Z -0.1404  0.8395  0.5249

PART 73
OFFSET  8.1631 -3.5519 -8.0840
X  0.2671 -0.5333  0.8027
Y -0.9623 -0.1924  0.1924
Z  0.0518 -0.8238 -0.5646

PART 74
OFFSET  6.5763 -5.5285 -7.1505
X -0.6990 -0.1315 -0.7029
Y -0.1497  0.9881 -0.0359
Z  0.6993  0.0801 -0.7103

PART 75
OFFSET  6.2519 -6.1406 -6.1728
X -0.6990 -0.1315 -0.7029
Y -0.1497  0.9881 -0.0359
Z  0.6993  0.0801 -0.7103

PART 76
