// Export filename: `C:\projects\cod\t5\xanim_export\t5_viewmodels\ak74u\ak74u_dualclip_reload_quick.XANIM_EXPORT`
// Source filename: `D:\projects\devanim\t5\animation_assets\viewmodels\ak74u/t5_viewmodel_ak74u_animated.fbx`
// Export time: Sat Aug 28 20:04:40 2010

ANIMATION
VERSION 3

NUMPARTS 80
PART 0 "tag_ads"
PART 1 "tag_torso"
PART 2 "J_Shoulder_LE"
PART 3 "J_Elbow_LE"
PART 4 "J_WristTwist_LE"
PART 5 "J_Sleave_Reshape_Bottom_LE_1"
PART 6 "J_Sleave_Reshape_Bottom_LE_2"
PART 7 "J_Sleave_Reshape_Top_LE_1"
PART 8 "J_Sleave_Reshape_Top_LE_2"
PART 9 "J_Sleave_Reshape_Top_LE_3"
PART 10 "J_Wrist_LE"
PART 11 "J_Thumb_LE_0"
PART 12 "J_Thumb_LE_1"
PART 13 "J_Thumb_LE_2"
PART 14 "J_Thumb_LE_3"
PART 15 "J_PinkyPalm_LE"
PART 16 "J_Pinky_LE_0"
PART 17 "J_Pinky_LE_1"
PART 18 "J_Pinky_LE_2"
PART 19 "J_Pinky_LE_3"
PART 20 "J_RingPalm_LE"
PART 21 "J_Ring_LE_0"
PART 22 "J_Ring_LE_1"
PART 23 "J_Ring_LE_2"
PART 24 "J_Ring_LE_3"
PART 25 "J_Webbing_LE"
PART 26 "J_Index_LE_0"
PART 27 "J_Index_LE_1"
PART 28 "J_Index_LE_2"
PART 29 "J_Index_LE_3"
PART 30 "J_Mid_LE_0"
PART 31 "J_Mid_LE_1"
PART 32 "J_Mid_LE_2"
PART 33 "J_Mid_LE_3"
PART 34 "tag_knife_attach"
PART 35 "D_Sleave_Reshape_Bottom_LE_1"
PART 36 "D_Sleave_Reshape_Bottom_LE_2"
PART 37 "D_Sleave_Reshape_Top_LE_1"
PART 38 "D_Sleave_Reshape_Top_LE_2"
PART 39 "D_Sleave_Reshape_Top_LE_3"
PART 40 "tag_weapon"
PART 41 "J_Gun"
PART 42 "J_Bolt"
PART 43 "TAG_DUAL_CLIP"
PART 44 "J_Shoulder_RI"
PART 45 "J_Elbow_RI"
PART 46 "J_WristTwist_RI"
PART 47 "J_Sleave_Reshape_Top_RI_3"
PART 48 "J_Sleave_Reshape_Top_RI_2"
PART 49 "J_Sleave_Reshape_Top_RI_1"
PART 50 "J_Wrist_RI"
PART 51 "J_Thumb_RI_0"
PART 52 "J_Thumb_RI_1"
PART 53 "J_Thumb_RI_2"
PART 54 "J_Thumb_RI_3"
PART 55 "J_PinkyPalm_RI"
PART 56 "J_Pinky_RI_0"
PART 57 "J_Pinky_RI_1"
PART 58 "J_Pinky_RI_2"
PART 59 "J_Pinky_RI_3"
PART 60 "J_RingPalm_RI"
PART 61 "J_Ring_RI_0"
PART 62 "J_Ring_RI_1"
PART 63 "J_Ring_RI_2"
PART 64 "J_Ring_RI_3"
PART 65 "J_Webbing_RI"
PART 66 "J_Index_RI_0"
PART 67 "J_Index_RI_1"
PART 68 "J_Index_RI_2"
PART 69 "J_Index_RI_3"
PART 70 "J_Mid_RI_0"
PART 71 "J_Mid_RI_1"
PART 72 "J_Mid_RI_2"
PART 73 "J_Mid_RI_3"
PART 74 "D_Sleave_Reshape_Top_RI_3"
PART 75 "D_Sleave_Reshape_Top_RI_2"
PART 76 "D_Sleave_Reshape_Top_RI_1"
PART 77 "tag_cambone"
PART 78 "tag_camera"
PART 79 "tag_gasmask"

FRAMERATE 30
NUMFRAMES 56

FRAME 4900
PART 0
OFFSET  0.0000 -0.0000 -0.0000
X  1.0000 -0.0000  0.0000
Y  0.0000  1.0000  0.0000
Z  0.0000 -0.0000  1.0000

PART 1
OFFSET -4.6318 -0.0000 -1.3770
X  1.0000 -0.0000  0.0000
Y  0.0000  1.0000  0.0000
Z  0.0000 -0.0000  1.0000

PART 2
OFFSET -3.4552  5.7860 -3.1869
X  0.7274 -0.1644 -0.6663
Y -0.0321 -0.9780  0.2063
Z -0.6855 -0.1287 -0.7166

PART 3
OFFSET  5.3416  3.7975 -11.2445
X  0.7829 -0.4204  0.4586
Y -0.4949  0.0259  0.8686
Z -0.3770 -0.9070 -0.1878

PART 4
OFFSET  12.0005  0.2216 -7.3440
X  0.7829 -0.4204  0.4586
Y -0.0516  0.6907  0.7213
Z -0.6200 -0.5884  0.5190

PART 5
OFFSET  14.1828  1.0130 -6.9115
X  0.7869 -0.4181  0.4539
Y  0.3819  0.9077  0.1740
Z -0.4848  0.0364  0.8739

PART 6
OFFSET  13.1405 -0.8996 -8.1066
X  0.7869 -0.4181  0.4539
Y  0.3819  0.9077  0.1740
Z -0.4848  0.0364  0.8739

PART 7
OFFSET  13.0675  0.1652 -5.0267
X  0.7869 -0.4181  0.4539
Y  0.3819  0.9077  0.1740
Z -0.4848  0.0364  0.8739

PART 8
OFFSET  12.3833 -0.9888 -5.1336
X  0.7869 -0.4181  0.4539
Y  0.3819  0.9077  0.1740
Z -0.4848  0.0364  0.8739

PART 9
OFFSET  12.3288 -1.4021 -6.2570
X  0.7869 -0.4181  0.4539
Y  0.3819  0.9077  0.1740
Z -0.4848  0.0364  0.8739

PART 10
OFFSET  14.4006 -1.0672 -5.9381
X  0.9667 -0.2298  0.1127
Y  0.0805  0.6910  0.7184
Z -0.2430 -0.6854  0.6864

PART 11
OFFSET  14.8134 -0.7852 -4.9122
X  0.9184 -0.0615  0.3909
Y -0.0432  0.9664  0.2535
Z -0.3933 -0.2497  0.8848

PART 12
OFFSET  16.7690 -0.8354 -3.9942
X  0.9437 -0.3298 -0.0251
Y  0.2857  0.7745  0.5643
Z -0.1667 -0.5398  0.8252

PART 13
OFFSET  18.2568 -1.4745 -3.9760
X  0.9406 -0.0697  0.3324
Y -0.0586  0.9308  0.3609
Z -0.3345 -0.3589  0.8713

PART 14
OFFSET  19.2576 -1.5505 -3.5706
X  0.8971  0.3709 -0.2400
Y -0.2715  0.0344 -0.9618
Z -0.3485  0.9280  0.1315

PART 15
OFFSET  15.0834 -2.1401 -6.4732
X  0.7680 -0.6332 -0.0962
Y -0.4096 -0.6010  0.6863
Z -0.4924 -0.4877 -0.7209

PART 16
OFFSET  16.8304 -3.5654 -6.5002
X -0.1608 -0.2300  0.9598
Y -0.6523  0.7546  0.0715
Z -0.7407 -0.6146 -0.2714

PART 17
OFFSET  16.6027 -3.8911 -5.1413
X -0.3868  0.0722  0.9193
Y -0.5714  0.7638 -0.3003
Z -0.7238 -0.6414 -0.2542

PART 18
OFFSET  16.2597 -3.8271 -4.3262
X -0.5341  0.3094  0.7867
Y -0.3766  0.7461 -0.5491
Z -0.7569 -0.5896 -0.2819

PART 19
OFFSET  15.7523 -3.5332 -3.5788
X  0.7544 -0.6197 -0.2163
Y -0.0363  0.2896 -0.9565
Z  0.6554  0.7294  0.1960

PART 20
OFFSET  15.3834 -1.6357 -6.0668
X  0.8938 -0.4350 -0.1092
Y -0.2660 -0.7102  0.6518
Z -0.3611 -0.5535 -0.7505

PART 21
OFFSET  17.6092 -2.9715 -6.2075
X -0.0369 -0.6344  0.7721
Y -0.6211  0.6199  0.4796
Z -0.7829 -0.4618 -0.4169

PART 22
OFFSET  17.5464 -4.0516 -4.8930
X -0.5182  0.1351  0.8445
Y -0.3556  0.8640 -0.3564
Z -0.7778 -0.4850 -0.3998

PART 23
OFFSET  16.8281 -3.8644 -3.7226
X -0.6177  0.4454  0.6481
Y -0.1337  0.7527 -0.6447
Z -0.7749 -0.4849 -0.4054

PART 24
OFFSET  16.1582 -3.3814 -3.0197
X  0.5444 -0.8187 -0.1827
Y  0.2779  0.3815 -0.8816
Z  0.7915  0.4292  0.4352

PART 25
OFFSET  17.3782 -1.0459 -4.0821
X  0.8264 -0.5404  0.1580
Y  0.5163  0.6155 -0.5955
Z  0.2246  0.5737  0.7877

PART 26
OFFSET  18.3184 -1.1868 -5.2122
X  0.4989 -0.8592  0.1131
Y -0.5974 -0.2464  0.7632
Z -0.6279 -0.4483 -0.6362

PART 27
OFFSET  19.1968 -2.6996 -5.0131
X -0.1904 -0.7831  0.5920
Y -0.7859  0.4830  0.3861
Z -0.5883 -0.3917 -0.7074

PART 28
OFFSET  19.0010 -3.6279 -4.2504
X -0.6180 -0.1922  0.7624
Y -0.4802  0.8600 -0.1725
Z -0.6225 -0.4727 -0.6237

PART 29
OFFSET  18.3030 -3.8449 -3.3893
X  0.4596 -0.8467 -0.2679
Y  0.5235  0.5020 -0.6885
Z  0.7174  0.1762  0.6740

PART 30
OFFSET  18.0844 -2.0348 -5.8805
X  0.1709 -0.7992  0.5763
Y -0.7404  0.2817  0.6102
Z -0.6500 -0.5310 -0.5436

PART 31
OFFSET  18.4182 -3.5961 -4.7546
X -0.5227 -0.1938  0.8302
Y -0.5159  0.8472 -0.1271
Z -0.6787 -0.4948 -0.5428

PART 32
OFFSET  17.6547 -3.8791 -3.5420
X -0.7243  0.3651  0.5849
Y -0.0555  0.8147 -0.5772
Z -0.6872 -0.4505 -0.5699

PART 33
OFFSET  16.8296 -3.4694 -2.8833
X  0.6347 -0.7715 -0.0434
Y  0.3714  0.3538 -0.8584
Z  0.6776  0.5288  0.5111

PART 34
OFFSET  16.6079 -3.1071 -4.9736
X -0.4185 -0.5643 -0.7116
Y  0.2430  0.6854 -0.6864
Z  0.8751 -0.4602 -0.1498

PART 35
OFFSET  13.9549  0.4204 -7.4523
X  0.7869 -0.4181  0.4539
Y  0.3819  0.9077  0.1740
Z -0.4848  0.0364  0.8739

PART 36
OFFSET  13.1405 -0.8996 -8.1066
X  0.7869 -0.4181  0.4539
Y  0.3819  0.9077  0.1740
Z -0.4848  0.0364  0.8739

PART 37
OFFSET  13.0675  0.1652 -5.0267
X  0.7869 -0.4181  0.4539
Y  0.3819  0.9077  0.1740
Z -0.4848  0.0364  0.8739

PART 38
OFFSET  12.3833 -0.9888 -5.1336
X  0.7869 -0.4181  0.4539
Y  0.3819  0.9077  0.1740
Z -0.4848  0.0364  0.8739

PART 39
OFFSET  12.3288 -1.4021 -6.2570
X  0.7869 -0.4181  0.4539
Y  0.3819  0.9077  0.1740
Z -0.4848  0.0364  0.8739

PART 40
OFFSET  7.7688 -2.6416 -4.8099
X  1.0000 -0.0000  0.0000
Y  0.0000  1.0000  0.0000
Z  0.0000 -0.0000  1.0000

PART 41
OFFSET  7.7688 -2.6416 -4.8099
X  1.0000 -0.0000  0.0000
Y  0.0000  1.0000  0.0000
Z  0.0000 -0.0000  1.0000

PART 42
OFFSET  14.3735 -3.4784 -2.7246
X  1.0000 -0.0000  0.0000
Y  0.0000  1.0000  0.0000
Z  0.0000 -0.0000  1.0000

PART 43
OFFSET  11.9805 -2.6266 -4.5307
X  1.0000 -0.0000  0.0000
Y  0.0000  1.0000  0.0000
Z  0.0000 -0.0000  1.0000

PART 44
OFFSET -13.9227 -7.9373 -3.1869
X -0.6053  0.0162  0.7958
Y -0.1718 -0.9789 -0.1107
Z  0.7772 -0.2037  0.5953

PART 45
OFFSET -6.6022 -8.1338 -12.8116
X -0.8222 -0.3196 -0.4710
Y  0.5121 -0.0542 -0.8572
Z  0.2484 -0.9460  0.2082

PART 46
OFFSET  0.3912 -5.4156 -8.8058
X -0.8222 -0.3196 -0.4710
Y  0.5374 -0.1634 -0.8273
Z  0.1874 -0.9334  0.3061

PART 47
OFFSET  0.9106 -3.8330 -7.7329
X -0.8259 -0.3166 -0.4664
Y -0.2534  0.9476 -0.1946
Z  0.5036 -0.0425 -0.8629

PART 48
OFFSET  0.8857 -4.2320 -6.6033
X -0.8259 -0.3166 -0.4664
Y -0.2534  0.9476 -0.1946
Z  0.5036 -0.0425 -0.8629

PART 49
OFFSET  1.4070 -5.4649 -6.4654
X -0.8259 -0.3166 -0.4664
Y -0.2534  0.9476 -0.1946
Z  0.5036 -0.0425 -0.8629

PART 50
OFFSET  2.9119 -4.4359 -7.3619
X -0.9546 -0.1418 -0.2621
Y  0.2850 -0.1775 -0.9420
Z  0.0871 -0.9739  0.2098

PART 51
OFFSET  3.0305 -3.8010 -6.4212
X -0.4986 -0.6783 -0.5397
Y  0.5783  0.2035 -0.7900
Z  0.6457 -0.7060  0.2908

PART 52
OFFSET  4.0128 -2.3183 -5.1938
X -0.9028 -0.3483  0.2521
Y -0.0610 -0.4767 -0.8770
Z  0.4256 -0.8071  0.4091

PART 53
OFFSET  5.4190 -1.6940 -5.6990
X -0.5336 -0.0214  0.8455
Y -0.6557 -0.6209 -0.4295
Z  0.5342 -0.7836  0.3173

PART 54
OFFSET  5.9827 -1.6245 -6.6205
X -0.8721  0.3596  0.3318
Y  0.0986  0.7934 -0.6007
Z -0.4792 -0.4912 -0.7274

PART 55
OFFSET  4.0072 -4.3092 -8.1912
X -0.9338 -0.2716  0.2329
Y  0.3213 -0.9230  0.2116
Z  0.1575  0.2724  0.9492

PART 56
OFFSET  6.0889 -3.5460 -8.6022
X -0.1064 -0.9920  0.0680
Y  0.9470 -0.1219 -0.2972
Z  0.3031  0.0328  0.9524

PART 57
OFFSET  6.2395 -2.1416 -8.6984
X  0.7704 -0.5952 -0.2284
Y  0.5756  0.8034 -0.1522
Z  0.2741 -0.0142  0.9616

PART 58
OFFSET  5.5564 -1.6139 -8.4959
X  0.9043  0.2998 -0.3040
Y -0.2988  0.9530  0.0509
Z  0.3049  0.0448  0.9513

PART 59
OFFSET  4.6973 -1.8987 -8.2071
X -0.5482 -0.8340  0.0630
Y -0.7690  0.5322  0.3543
Z -0.3290  0.1458 -0.9330

PART 60
OFFSET  4.0399 -4.2960 -7.4782
X -0.9690 -0.2439  0.0388
Y  0.2458 -0.9373  0.2469
Z -0.0239  0.2488  0.9683

PART 61
OFFSET  6.5638 -3.7206 -7.7173
X -0.1328 -0.9741  0.1828
Y  0.9405 -0.1821 -0.2870
Z  0.3128  0.1338  0.9403

PART 62
OFFSET  6.7899 -2.0621 -8.0285
X  0.8812 -0.4114 -0.2327
Y  0.3642  0.9048 -0.2204
Z  0.3012  0.1095  0.9472

PART 63
OFFSET  5.5686 -1.4920 -7.7060
X  0.8304  0.4610 -0.3130
Y -0.4723  0.8804  0.0436
Z  0.2956  0.1116  0.9488

PART 64
OFFSET  4.6680 -1.9919 -7.3665
X -0.3960 -0.8751  0.2782
Y -0.8751  0.4514  0.1743
Z -0.2781 -0.1744 -0.9446

PART 65
OFFSET -1.2553 -5.3980 -7.5437
X -0.9291 -0.3699 -0.0061
Y -0.3495  0.8829 -0.3136
Z  0.1213 -0.2892 -0.9496

PART 66
OFFSET  6.4488 -4.1115 -5.5522
X -0.9803 -0.1931 -0.0406
Y  0.1869 -0.9747  0.1229
Z -0.0633  0.1129  0.9916

PART 67
OFFSET  8.1748 -3.7715 -5.4807
X -0.9741 -0.2239 -0.0304
Y  0.2152 -0.9603  0.1773
Z -0.0689  0.1662  0.9837

PART 68
OFFSET  9.3549 -3.4893 -5.3840
X -0.9659 -0.2397 -0.0981
Y  0.2227 -0.9620  0.1579
Z -0.1323  0.1307  0.9826

PART 69
OFFSET  10.4459 -3.2185 -5.2731
X  0.0762  0.9832  0.1658
Y  0.9969 -0.0787  0.0085
Z  0.0214  0.1646 -0.9861

PART 70
OFFSET  6.6406 -4.1444 -6.6397
X -0.2627 -0.9406  0.2150
Y  0.9570 -0.2824 -0.0663
Z  0.1231  0.1883  0.9744

PART 71
OFFSET  7.1538 -2.3069 -7.0597
X  0.8288 -0.5596 -0.0009
Y  0.5392  0.7990 -0.2664
Z  0.1498  0.2203  0.9639

PART 72
OFFSET  5.9432 -1.4895 -7.0585
X  0.8851  0.3871 -0.2584
Y -0.4386  0.8795 -0.1846
Z  0.1558  0.2767  0.9482

PART 73
OFFSET  4.9394 -1.9293 -6.7726
X -0.4085 -0.8763  0.2554
Y -0.8912  0.4434  0.0957
Z -0.1971 -0.1885 -0.9621

PART 74
OFFSET  0.9106 -3.8330 -7.7328
X -0.8259 -0.3166 -0.4664
Y -0.2534  0.9476 -0.1946
Z  0.5036 -0.0425 -0.8629

PART 75
OFFSET  0.8856 -4.2318 -6.6032
X -0.8259 -0.3166 -0.4664
Y -0.2534  0.9476 -0.1946
Z  0.5036 -0.0425 -0.8629

PART 76
OFFSET  1.4071 -5.4649 -6.4655
X -0.8259 -0.3166 -0.4664
Y -0.2534  0.9476 -0.1946
Z  0.5036 -0.0425 -0.8629

PART 77
OFFSET  0.0000 -0.0000 -0.0000
X  1.0000 -0.0000  0.0000
Y  0.0000  1.0000  0.0000
Z  0.0000 -0.0000  1.0000

PART 78
OFFSET  0.0000 -0.0000 -0.0000
X  1.0000 -0.0000  0.0000
Y  0.0000  1.0000  0.0000
Z  0.0000 -0.0000  1.0000

PART 79
OFFSET  1.5404 -0.0000  4.1357
X  1.0000 -0.0000  0.0000
Y  0.0000  1.0000  0.0000
Z  0.0000 -0.0000  1.0000


FRAME 4901
PART 0
OFFSET  0.0000 -0.0000 -0.0000
X  1.0000 -0.0000  0.0000
Y  0.0000  1.0000  0.0000
Z  0.0000 -0.0000  1.0000

PART 1
OFFSET -4.6318 -0.0000 -1.3770
X  1.0000 -0.0000  0.0000
Y  0.0000  1.0000  0.0000
Z  0.0000 -0.0000  1.0000

PART 2
OFFSET -3.3999  5.9526 -3.1395
X  0.7015 -0.1604 -0.6943
Y -0.0167 -0.9778  0.2090
Z -0.7124 -0.1350 -0.6886

PART 3
OFFSET  5.0845  4.0129 -11.5368
X  0.7788 -0.4121  0.4729
Y -0.5009  0.0452  0.8643
Z -0.3775 -0.9100 -0.1712

PART 4
OFFSET  11.7088  0.5079 -7.5149
X  0.7788 -0.4121  0.4729
Y -0.1105  0.6520  0.7501
Z -0.6174 -0.6365  0.4622

PART 5
OFFSET  13.8895  1.3041 -7.0838
X  0.7828 -0.4098  0.4682
Y  0.3825  0.9104  0.1575
Z -0.4908  0.0558  0.8695

PART 6
OFFSET  12.8518 -0.6313 -8.2456
X  0.7828 -0.4098  0.4682
Y  0.3825  0.9104  0.1575
Z -0.4908  0.0558  0.8695

PART 7
OFFSET  12.7594  0.4985 -5.1894
X  0.7828 -0.4098  0.4682
Y  0.3825  0.9104  0.1575
Z -0.4908  0.0558  0.8695

PART 8
OFFSET  12.0736 -0.6563 -5.2768
X  0.7828 -0.4098  0.4682
Y  0.3825  0.9104  0.1575
Z -0.4908  0.0558  0.8695

PART 9
OFFSET  12.0262 -1.0931 -6.3915
X  0.7828 -0.4098  0.4682
Y  0.3825  0.9104  0.1575
Z -0.4908  0.0558  0.8695

PART 10
OFFSET  14.0964 -0.7554 -6.0652
X  0.9654 -0.2288  0.1249
Y  0.0561  0.6504  0.7575
Z -0.2546 -0.7243  0.6407

PART 11
OFFSET  14.4803 -0.5281 -5.0149
X  0.8728 -0.0426  0.4862
Y -0.1318  0.9386  0.3187
Z -0.4699 -0.3422  0.8137

PART 12
OFFSET  16.3245 -0.5453 -3.8886
X  0.9574 -0.2847  0.0486
Y  0.1857  0.7356  0.6514
Z -0.2213 -0.6146  0.7571

PART 13
OFFSET  17.8342 -1.1177 -3.7642
X  0.9109 -0.0550  0.4088
Y -0.1393  0.8919  0.4303
Z -0.3883 -0.4490  0.8048

PART 14
OFFSET  18.7991 -1.1826 -3.2779
X  0.8932  0.4316 -0.1265
Y -0.1894  0.1059 -0.9762
Z -0.4079  0.8958  0.1763

PART 15
OFFSET  14.8018 -1.7918 -6.6411
X  0.7748 -0.6183 -0.1320
Y -0.4050 -0.6457  0.6473
Z -0.4854 -0.4481 -0.7507

PART 16
OFFSET  16.5637 -3.1949 -6.7489
X -0.0432 -0.4055  0.9131
Y -0.6916  0.6717  0.2656
Z -0.7210 -0.6200 -0.3095

PART 17
OFFSET  16.5025 -3.7690 -5.4562
X -0.2754 -0.1364  0.9516
Y -0.6577  0.7487 -0.0830
Z -0.7011 -0.6488 -0.2959

PART 18
OFFSET  16.2583 -3.8899 -4.6124
X -0.4449  0.0907  0.8910
Y -0.5030  0.7978 -0.3324
Z -0.7410 -0.5961 -0.3093

PART 19
OFFSET  15.8357 -3.8038 -3.7660
X  0.7632 -0.4840 -0.4281
Y -0.1871  0.4686 -0.8634
Z  0.6185  0.7390  0.2671

PART 20
OFFSET  15.0870 -1.3088 -6.1997
X  0.9000 -0.4219 -0.1099
Y -0.2765 -0.7473  0.6042
Z -0.3370 -0.5134 -0.7892

PART 21
OFFSET  17.3322 -2.6066 -6.3816
X  0.0665 -0.7432  0.6657
Y -0.6616  0.4666  0.5870
Z -0.7469 -0.4795 -0.4607

PART 22
OFFSET  17.4454 -3.8720 -5.2482
X -0.4488 -0.1278  0.8844
Y -0.5032  0.8541 -0.1319
Z -0.7385 -0.5042 -0.4476

PART 23
OFFSET  16.8233 -4.0491 -4.0225
X -0.5915  0.1522  0.7918
Y -0.3289  0.8510 -0.4093
Z -0.7362 -0.5026 -0.4533

PART 24
OFFSET  16.1819 -3.8840 -3.1637
X  0.6363 -0.6356 -0.4373
Y  0.1014  0.6308 -0.7693
Z  0.7648  0.4451  0.4658

PART 25
OFFSET  17.0252 -0.8163 -4.1339
X  0.8267 -0.5425  0.1492
Y  0.5261  0.6514 -0.5467
Z  0.1994  0.5304  0.8239

PART 26
OFFSET  17.9952 -0.8873 -5.2452
X  0.5728 -0.8186  0.0429
Y -0.5765 -0.3651  0.7310
Z -0.5827 -0.4434 -0.6811

PART 27
OFFSET  19.0036 -2.3285 -5.1697
X -0.0613 -0.8720  0.4857
Y -0.8322  0.3133  0.4575
Z -0.5511 -0.3762 -0.7449

PART 28
OFFSET  18.9626 -3.3657 -4.5340
X -0.5099 -0.4380  0.7403
Y -0.6434  0.7655  0.0098
Z -0.5710 -0.4713 -0.6722

PART 29
OFFSET  18.3867 -3.8605 -3.6977
X  0.5861 -0.6810 -0.4389
Y  0.3658  0.7058 -0.6067
Z  0.7229  0.1951  0.6628

PART 30
OFFSET  17.7856 -1.6984 -5.9654
X  0.2738 -0.8344  0.4784
Y -0.7400  0.1350  0.6589
Z -0.6144 -0.5344 -0.5805

PART 31
OFFSET  18.3206 -3.3284 -5.0309
X -0.4126 -0.4052  0.8159
Y -0.6420  0.7647  0.0551
Z -0.6462 -0.5010 -0.5756

PART 32
OFFSET  17.7179 -3.9202 -3.8392
X -0.6950  0.0806  0.7145
Y -0.2772  0.8869 -0.3697
Z -0.6635 -0.4549 -0.5940

PART 33
OFFSET  16.9263 -3.8327 -3.0339
X  0.7523 -0.5992 -0.2738
Y  0.1851  0.5911 -0.7850
Z  0.6323  0.5399  0.5556

PART 34
OFFSET  16.2956 -2.8301 -5.1583
X -0.3953 -0.5267 -0.7525
Y  0.2546  0.7243 -0.6407
Z  0.8826 -0.4449 -0.1522

PART 35
OFFSET  13.6642  0.7007 -7.6136
X  0.7828 -0.4098  0.4682
Y  0.3825  0.9104  0.1575
Z -0.4908  0.0558  0.8695

PART 36
OFFSET  12.8518 -0.6313 -8.2456
X  0.7828 -0.4098  0.4682
Y  0.3825  0.9104  0.1575
Z -0.4908  0.0558  0.8695

PART 37
OFFSET  12.7594  0.4985 -5.1894
X  0.7828 -0.4098  0.4682
Y  0.3825  0.9104  0.1575
Z -0.4908  0.0558  0.8695

PART 38
OFFSET  12.0736 -0.6563 -5.2768
X  0.7828 -0.4098  0.4682
Y  0.3825  0.9104  0.1575
Z -0.4908  0.0558  0.8695

PART 39
OFFSET  12.0262 -1.0931 -6.3915
X  0.7828 -0.4098  0.4682
Y  0.3825  0.9104  0.1575
Z -0.4908  0.0558  0.8695

PART 40
OFFSET  7.7799 -2.6481 -4.7624
X  1.0000 -0.0041  0.0066
Y  0.0040  0.9998  0.0176
Z -0.0067 -0.0176  0.9998

PART 41
OFFSET  7.7799 -2.6481 -4.7624
X  1.0000 -0.0041  0.0066
Y  0.0040  0.9998  0.0176
Z -0.0067 -0.0176  0.9998

PART 42
OFFSET  14.3671 -3.5485 -2.6485
X  1.0000 -0.0041  0.0066
Y  0.0040  0.9998  0.0176
Z -0.0067 -0.0176  0.9998

PART 43
OFFSET  11.9897 -2.6553 -4.4551
X  1.0000 -0.0041  0.0066
Y  0.0040  0.9998  0.0176
Z -0.0067 -0.0176  0.9998

PART 44
OFFSET -13.9227 -7.9373 -3.1869
X -0.6068  0.0142  0.7947
Y -0.1679 -0.9796 -0.1107
Z  0.7769 -0.2006  0.5968

PART 45
OFFSET -6.5842 -8.1096 -12.7983
X -0.8225 -0.3225 -0.4685
Y  0.5101 -0.0541 -0.8584
Z  0.2516 -0.9450  0.2090

PART 46
OFFSET  0.4115 -5.3662 -8.8138
X -0.8225 -0.3225 -0.4685
Y  0.5339 -0.1540 -0.8314
Z  0.1960 -0.9339  0.2989

PART 47
OFFSET  0.9292 -3.7805 -7.7445
X -0.8262 -0.3196 -0.4639
Y -0.2565  0.9466 -0.1953
Z  0.5016 -0.0424 -0.8641

PART 48
OFFSET  0.9082 -4.1779 -6.6142
X -0.8262 -0.3196 -0.4639
Y -0.2565  0.9466 -0.1953
Z  0.5016 -0.0424 -0.8641

PART 49
OFFSET  1.4333 -5.4092 -6.4758
X -0.8262 -0.3196 -0.4639
Y -0.2565  0.9466 -0.1953
Z  0.5016 -0.0424 -0.8641

PART 50
OFFSET  2.9330 -4.3773 -7.3776
X -0.9534 -0.1332 -0.2709
Y  0.2906 -0.1621 -0.9430
Z  0.0818 -0.9777  0.1932

PART 51
OFFSET  3.0479 -3.7595 -6.4251
X -0.4977 -0.6667 -0.5548
Y  0.5844  0.2150 -0.7825
Z  0.6409 -0.7137  0.2826

PART 52
OFFSET  4.0279 -2.3026 -5.1654
X -0.9059 -0.3490  0.2400
Y -0.0570 -0.4610 -0.8856
Z  0.4197 -0.8159  0.3977

PART 53
OFFSET  5.4399 -1.6754 -5.6501
X -0.5393 -0.0340  0.8414
Y -0.6553 -0.6106 -0.4447
Z  0.5289 -0.7912  0.3070

PART 54
OFFSET  6.0101 -1.5920 -6.5665
X -0.8729  0.3573  0.3323
Y  0.1058  0.8034 -0.5860
Z -0.4763 -0.4764 -0.7391

PART 55
OFFSET  4.0344 -4.2405 -8.1972
X -0.9364 -0.2718  0.2219
Y  0.3161 -0.9279  0.1975
Z  0.1522  0.2551  0.9549

PART 56
OFFSET  6.1218 -3.4789 -8.5810
X -0.1108 -0.9926  0.0498
Y  0.9485 -0.1206 -0.2930
Z  0.2969  0.0148  0.9548

PART 57
OFFSET  6.2787 -2.0736 -8.6515
X  0.7695 -0.5943 -0.2337
Y  0.5798  0.8036 -0.1342
Z  0.2676 -0.0322  0.9630

PART 58
OFFSET  5.5963 -1.5467 -8.4443
X  0.9075  0.3014 -0.2927
Y -0.2953  0.9531  0.0657
Z  0.2988  0.0268  0.9540

PART 59
OFFSET  4.7342 -1.8330 -8.1662
X -0.5519 -0.8327  0.0447
Y -0.7692  0.5290  0.3585
Z -0.3221  0.1635 -0.9325

PART 60
OFFSET  4.0623 -4.2400 -7.4839
X -0.9702 -0.2406  0.0281
Y  0.2404 -0.9425  0.2320
Z -0.0293  0.2319  0.9723

PART 61
OFFSET  6.5901 -3.6709 -7.6962
X -0.1379 -0.9766  0.1648
Y  0.9416 -0.1809 -0.2839
Z  0.3071  0.1160  0.9446

PART 62
OFFSET  6.8249 -2.0082 -7.9767
X  0.8811 -0.4109 -0.2341
Y  0.3693  0.9071 -0.2021
Z  0.2953  0.0916  0.9510

PART 63
OFFSET  5.6037 -1.4387 -7.6523
X  0.8343  0.4630 -0.2993
Y -0.4691  0.8814  0.0559
Z  0.2897  0.0937  0.9525

PART 64
OFFSET  4.6989 -1.9408 -7.3276
X -0.4013 -0.8782  0.2601
Y -0.8745  0.4519  0.1764
Z -0.2725 -0.1567 -0.9493

PART 65
OFFSET -1.2367 -5.3189 -7.6038
X -0.9305 -0.3659 -0.0187
Y -0.3438  0.8897 -0.3003
Z  0.1265 -0.2730 -0.9537

PART 66
OFFSET  6.4590 -4.0992 -5.5391
X -0.9808 -0.1883 -0.0505
Y  0.1822 -0.9774  0.1070
Z -0.0695  0.0957  0.9930

PART 67
OFFSET  8.1859 -3.7677 -5.4502
X -0.9748 -0.2193 -0.0408
Y  0.2101 -0.9642  0.1618
Z -0.0748  0.1492  0.9860

PART 68
OFFSET  9.3664 -3.4920 -5.3408
X -0.9662 -0.2339 -0.1087
Y  0.2178 -0.9656  0.1424
Z -0.1383  0.1139  0.9838

PART 69
OFFSET  10.4577 -3.2278 -5.2179
X  0.0790  0.9798  0.1835
Y  0.9965 -0.0830  0.0137
Z  0.0287  0.1818 -0.9829

PART 70
OFFSET  6.6579 -4.1139 -6.6258
X -0.2679 -0.9432  0.1967
Y  0.9563 -0.2852 -0.0649
Z  0.1173  0.1707  0.9783

PART 71
OFFSET  7.1813 -2.2714 -7.0100
X  0.8265 -0.5629 -0.0053
Y  0.5441  0.8013 -0.2487
Z  0.1442  0.2027  0.9686

PART 72
OFFSET  5.9740 -1.4492 -7.0023
X  0.8883  0.3879 -0.2457
Y -0.4338  0.8844 -0.1720
Z  0.1506  0.2594  0.9540

PART 73
OFFSET  4.9666 -1.8898 -6.7309
X -0.4137 -0.8789  0.2373
Y -0.8901  0.4453  0.0976
Z -0.1914 -0.1708 -0.9665

PART 74
OFFSET  0.9291 -3.7805 -7.7444
X -0.8262 -0.3196 -0.4639
Y -0.2565  0.9466 -0.1953
Z  0.5016 -0.0424 -0.8641

PART 75
OFFSET  0.9081 -4.1777 -6.6142
X -0.8262 -0.3196 -0.4639
Y -0.2565  0.9466 -0.1953
Z  0.5016 -0.0424 -0.8641

PART 76
OFFSET  1.4333 -5.4092 -6.4759
X -0.8262 -0.3196 -0.4639
Y -0.2565  0.9466 -0.1953
Z  0.5016 -0.0424 -0.8641

PART 77
OFFSET  0.0000 -0.0000 -0.0000
X  1.0000 -0.0000  0.0000
Y  0.0000  1.0000  0.0000
Z  0.0000 -0.0000  1.0000

PART 78
OFFSET -0.0000 -0.0000 -0.0000
X  1.0000 -0.0009 -0.0003
Y  0.0009  1.0000 -0.0007
Z  0.0003  0.0007  1.0000

PART 79
OFFSET  1.5416  0.0013  4.1353
X  1.0000 -0.0009 -0.0003
Y  0.0009  1.0000 -0.0007
Z  0.0003  0.0007  1.0000


FRAME 4902
PART 0
OFFSET  0.0000 -0.0000 -0.0000
X  1.0000 -0.0000  0.0000
Y  0.0000  1.0000  0.0000
Z  0.0000 -0.0000  1.0000

PART 1
OFFSET -4.6318 -0.0000 -1.3770
X  1.0000 -0.0000  0.0000
Y  0.0000  1.0000  0.0000
Z  0.0000 -0.0000  1.0000

PART 2
OFFSET -3.2573  6.3822 -3.0173
X  0.6324 -0.1549 -0.7590
Y  0.0207 -0.9761  0.2164
Z -0.7743 -0.1526 -0.6141

PART 3
OFFSET  4.3914  4.5093 -12.1962
X  0.7729 -0.3870  0.5028
Y -0.5104  0.0915  0.8550
Z -0.3769 -0.9175 -0.1268

PART 4
OFFSET  10.9653  1.2176 -7.9195
X  0.7729 -0.3870  0.5028
Y -0.2505  0.5419  0.8022
Z -0.5830 -0.7460  0.3219

PART 5
OFFSET  13.1422  2.0338 -7.5070
X  0.7770 -0.3850  0.4981
Y  0.3820  0.9172  0.1131
Z -0.5004  0.1024  0.8597

PART 6
OFFSET  12.1148  0.0402 -8.5758
X  0.7770 -0.3850  0.4981
Y  0.3820  0.9172  0.1131
Z -0.5004  0.1024  0.8597

PART 7
OFFSET  11.9899  1.3310 -5.5852
X  0.7770 -0.3850  0.4981
Y  0.3820  0.9172  0.1131
Z -0.5004  0.1024  0.8597

PART 8
OFFSET  11.3035  0.1738 -5.6188
X  0.7770 -0.3850  0.4981
Y  0.3820  0.9172  0.1131
Z -0.5004  0.1024  0.8597

PART 9
OFFSET  11.2678 -0.3217 -6.7092
X  0.7770 -0.3850  0.4981
Y  0.3820  0.9172  0.1131
Z -0.5004  0.1024  0.8597

PART 10
OFFSET  13.3348  0.0311 -6.3780
X  0.9605 -0.2286  0.1587
Y -0.0119  0.5360  0.8442
Z -0.2780 -0.8127  0.5121

PART 11
OFFSET  13.6412  0.1118 -5.2817
X  0.7093 -0.0716  0.7012
Y -0.3393  0.8373  0.4287
Z -0.6178 -0.5420  0.5696

PART 12
OFFSET  15.1036  0.0108 -3.6940
X  0.9416 -0.2298  0.2461
Y -0.0682  0.5856  0.8077
Z -0.3297 -0.7773  0.5358

PART 13
OFFSET  16.5909 -0.4821 -3.2849
X  0.8042 -0.0759  0.5896
Y -0.3349  0.7616  0.5548
Z -0.4911 -0.6436  0.5870

PART 14
OFFSET  17.4323 -0.5806 -2.6110
X  0.8401  0.5143  0.1724
Y  0.0089  0.3048 -0.9524
Z -0.5424  0.8016  0.2514

PART 15
OFFSET  14.1041 -0.9005 -7.0441
X  0.7978 -0.5646 -0.2113
Y -0.3895 -0.7502  0.5343
Z -0.4602 -0.3440 -0.8185

PART 16
OFFSET  15.9160 -2.2110 -7.3341
X  0.2655 -0.7131  0.6488
Y -0.7005  0.3197  0.6380
Z -0.6624 -0.6239 -0.4147

PART 17
OFFSET  16.2919 -3.2207 -6.4156
X  0.0561 -0.5707  0.8192
Y -0.7713  0.4963  0.3985
Z -0.6340 -0.6542 -0.4124

PART 18
OFFSET  16.3416 -3.7267 -5.6892
X -0.1272 -0.4291  0.8943
Y -0.7178  0.6621  0.2156
Z -0.6846 -0.6144 -0.3922

PART 19
OFFSET  16.2208 -4.1344 -4.8397
X  0.6468  0.0014 -0.7626
Y -0.5465  0.6983 -0.4622
Z  0.5319  0.7158  0.4525

PART 20
OFFSET  14.3463 -0.4811 -6.5197
X  0.9160 -0.3870 -0.1051
Y -0.2969 -0.8306  0.4712
Z -0.2697 -0.4004 -0.8758

PART 21
OFFSET  16.6462 -1.6648 -6.7801
X  0.3459 -0.8647  0.3642
Y -0.6835  0.0337  0.7292
Z -0.6428 -0.5011 -0.5794

PART 22
OFFSET  17.2350 -3.1369 -6.1600
X -0.1278 -0.6600  0.7403
Y -0.7689  0.5374  0.3463
Z -0.6265 -0.5250 -0.5761

PART 23
OFFSET  17.0578 -4.0516 -5.1340
X -0.2824 -0.5425  0.7912
Y -0.7265  0.6595  0.1929
Z -0.6265 -0.5203 -0.5804

PART 24
OFFSET  16.7515 -4.6400 -4.2759
X  0.6156  0.0421 -0.7870
Y -0.4057  0.8730 -0.2706
Z  0.6756  0.4859  0.5545

PART 25
OFFSET  16.1277 -0.2582 -4.2739
X  0.8287 -0.5447  0.1285
Y  0.5445  0.7315 -0.4105
Z  0.1296  0.4101  0.9028

PART 26
OFFSET  17.1717 -0.1534 -5.3131
X  0.7393 -0.6682 -0.0833
Y -0.4937 -0.6220  0.6078
Z -0.4580 -0.4082 -0.7897

PART 27
OFFSET  18.4733 -1.3299 -5.4598
X  0.2791 -0.9360  0.2145
Y -0.8490 -0.1362  0.5105
Z -0.4486 -0.3246 -0.8327

PART 28
OFFSET  18.8399 -2.4480 -5.1485
X -0.0967 -0.8481  0.5209
Y -0.8981  0.3000  0.3216
Z -0.4290 -0.4368 -0.7907

PART 29
OFFSET  18.7307 -3.4060 -4.5601
X  0.7215 -0.1175 -0.6823
Y -0.1198  0.9494 -0.2903
Z  0.6819  0.2912  0.6709

PART 30
OFFSET  17.0324 -0.8562 -6.1540
X  0.5199 -0.8195  0.2410
Y -0.6807 -0.2270  0.6965
Z -0.5161 -0.5262 -0.6759

PART 31
OFFSET  18.0479 -2.4572 -5.6831
X -0.0443 -0.7780  0.6267
Y -0.8310  0.3770  0.4091
Z -0.5545 -0.5027 -0.6632

PART 32
OFFSET  17.9832 -3.5935 -4.7677
X -0.3678 -0.5736  0.7319
Y -0.7186  0.6749  0.1678
Z -0.5902 -0.4642 -0.6604

PART 33
OFFSET  17.5629 -4.2469 -3.9435
X  0.7787  0.0384 -0.6262
Y -0.3563  0.8486 -0.3910
Z  0.5164  0.5276  0.6745

PART 34
OFFSET  15.5216 -2.1160 -5.6222
X -0.3299 -0.4199 -0.8455
Y  0.2780  0.8127 -0.5121
Z  0.9021 -0.4040 -0.1514

PART 35
OFFSET  12.9220  1.4032 -8.0064
X  0.7770 -0.3850  0.4981
Y  0.3820  0.9172  0.1131
Z -0.5004  0.1024  0.8597

PART 36
OFFSET  12.1148  0.0402 -8.5758
X  0.7770 -0.3850  0.4981
Y  0.3820  0.9172  0.1131
Z -0.5004  0.1024  0.8597

PART 37
OFFSET  11.9899  1.3310 -5.5852
X  0.7770 -0.3850  0.4981
Y  0.3820  0.9172  0.1131
Z -0.5004  0.1024  0.8597

PART 38
OFFSET  11.3035  0.1738 -5.6188
X  0.7770 -0.3850  0.4981
Y  0.3820  0.9172  0.1131
Z -0.5004  0.1024  0.8597

PART 39
OFFSET  11.2678 -0.3217 -6.7092
X  0.7770 -0.3850  0.4981
Y  0.3820  0.9172  0.1131
Z -0.5004  0.1024  0.8597

PART 40
OFFSET  7.8112 -2.6663 -4.6363
X  0.9996 -0.0152  0.0244
Y  0.0136  0.9978  0.0651
Z -0.0253 -0.0648  0.9976

PART 41
OFFSET  7.8112 -2.6663 -4.6363
X  0.9996 -0.0152  0.0244
Y  0.0136  0.9978  0.0651
Z -0.0253 -0.0648  0.9976

PART 42
OFFSET  14.3491 -3.7366 -2.4495
X  0.9996 -0.0152  0.0244
Y  0.0136  0.9978  0.0651
Z -0.0253 -0.0648  0.9976

PART 43
OFFSET  12.0144 -2.7334 -4.2541
X  0.9996 -0.0152  0.0244
Y  0.0136  0.9978  0.0651
Z -0.0253 -0.0648  0.9976

PART 44
OFFSET -13.9227 -7.9373 -3.1869
X -0.6113  0.0086  0.7914
Y -0.1574 -0.9813 -0.1109
Z  0.7756 -0.1924  0.6012

PART 45
OFFSET -6.5298 -8.0413 -12.7575
X -0.8233 -0.3305 -0.4615
Y  0.5046 -0.0538 -0.8617
Z  0.2599 -0.9423  0.2110

PART 46
OFFSET  0.4726 -5.2306 -8.8323
X -0.8233 -0.3305 -0.4615
Y  0.5233 -0.1272 -0.8426
Z  0.2198 -0.9352  0.2776

PART 47
OFFSET  0.9859 -3.6369 -7.7729
X -0.8270 -0.3275 -0.4569
Y -0.2648  0.9439 -0.1973
Z  0.4959 -0.0422 -0.8673

PART 48
OFFSET  0.9757 -4.0299 -6.6409
X -0.8270 -0.3275 -0.4569
Y -0.2648  0.9439 -0.1973
Z  0.4959 -0.0422 -0.8673

PART 49
OFFSET  1.5107 -5.2567 -6.5013
X -0.8270 -0.3275 -0.4569
Y -0.2648  0.9439 -0.1973
Z  0.4959 -0.0422 -0.8673

PART 50
OFFSET  2.9966 -4.2175 -7.4174
X -0.9495 -0.1100 -0.2940
Y  0.3063 -0.1204 -0.9443
Z  0.0685 -0.9866  0.1480

PART 51
OFFSET  3.1000 -3.6468 -6.4347
X -0.4939 -0.6343 -0.5947
Y  0.6008  0.2455 -0.7608
Z  0.6285 -0.7331  0.2598

PART 52
OFFSET  4.0710 -2.2617 -5.0898
X -0.9136 -0.3502  0.2068
Y -0.0452 -0.4179 -0.9074
Z  0.4041 -0.8383  0.3659

PART 53
OFFSET  5.4978 -1.6275 -5.5188
X -0.5551 -0.0680  0.8290
Y -0.6530 -0.5818 -0.4849
Z  0.5153 -0.8105  0.2785

PART 54
OFFSET  6.0856 -1.5070 -6.4198
X -0.8753  0.3505  0.3331
Y  0.1245  0.8290 -0.5452
Z -0.4673 -0.4357 -0.7693

PART 55
OFFSET  4.1142 -4.0539 -8.2097
X -0.9430 -0.2719  0.1919
Y  0.3032 -0.9396  0.1588
Z  0.1371  0.2079  0.9685

PART 56
OFFSET  6.2158 -3.2975 -8.5192
X -0.1215 -0.9926  0.0006
Y  0.9525 -0.1168 -0.2813
Z  0.2793 -0.0336  0.9596

PART 57
OFFSET  6.3879 -1.8922 -8.5201
X  0.7678 -0.5908 -0.2478
Y  0.5901  0.8028 -0.0855
Z  0.2495 -0.0806  0.9650

PART 58
OFFSET  5.7071 -1.3684 -8.3004
X  0.9157  0.3051 -0.2617
Y -0.2870  0.9521  0.1056
Z  0.2813 -0.0216  0.9594

PART 59
OFFSET  4.8372 -1.6583 -8.0518
X -0.5609 -0.8279 -0.0049
Y -0.7704  0.5197  0.3693
Z -0.3032  0.2109 -0.9293

PART 60
OFFSET  4.1290 -4.0875 -7.4968
X -0.9729 -0.2312 -0.0008
Y  0.2267 -0.9550  0.1913
Z -0.0450  0.1859  0.9815

PART 61
OFFSET  6.6658 -3.5363 -7.6363
X -0.1506 -0.9818  0.1157
Y  0.9449 -0.1774 -0.2752
Z  0.2907  0.0678  0.9544

PART 62
OFFSET  6.9222 -1.8647 -7.8332
X  0.8812 -0.4088 -0.2375
Y  0.3820  0.9116 -0.1521
Z  0.2786  0.0433  0.9594

PART 63
OFFSET  5.7009 -1.2981 -7.5042
X  0.8442  0.4676 -0.2620
Y -0.4613  0.8828  0.0893
Z  0.2730  0.0454  0.9609

PART 64
OFFSET  4.7853 -1.8053 -7.2200
X -0.4148 -0.8852  0.2109
Y -0.8730  0.4524  0.1819
Z -0.2565 -0.1086 -0.9604

PART 65
OFFSET -1.1773 -5.1023 -7.7631
X -0.9335 -0.3546 -0.0528
Y -0.3294  0.9066 -0.2638
Z  0.1414 -0.2289 -0.9631

PART 66
OFFSET  6.4906 -4.0648 -5.5048
X -0.9815 -0.1751 -0.0770
Y  0.1705 -0.9833  0.0637
Z -0.0869  0.0494  0.9950

PART 67
OFFSET  8.2188 -3.7564 -5.3692
X -0.9760 -0.2066 -0.0687
Y  0.1975 -0.9730  0.1196
Z -0.0915  0.1031  0.9904

PART 68
OFFSET  9.3997 -3.4990 -5.2255
X -0.9663 -0.2181 -0.1371
Y  0.2055 -0.9735  0.1003
Z -0.1553  0.0687  0.9855

PART 69
OFFSET  10.4911 -3.2526 -5.0707
X  0.0853  0.9691  0.2313
Y  0.9952 -0.0942  0.0277
Z  0.0486  0.2278 -0.9725

PART 70
OFFSET  6.7094 -4.0301 -6.5871
X -0.2808 -0.9485  0.1468
Y  0.9544 -0.2921 -0.0612
Z  0.1009  0.1229  0.9873

PART 71
OFFSET  7.2580 -2.1772 -6.8739
X  0.8209 -0.5709 -0.0171
Y  0.5565  0.8063 -0.2006
Z  0.1283  0.1551  0.9795

PART 72
OFFSET  6.0590 -1.3434 -6.8489
X  0.8965  0.3895 -0.2110
Y -0.4218  0.8962 -0.1375
Z  0.1355  0.2123  0.9678

PART 73
OFFSET  5.0424 -1.7854 -6.6169
X -0.4267 -0.8847  0.1878
Y -0.8872  0.4497  0.1026
Z -0.1752 -0.1228 -0.9768

PART 74
OFFSET  0.9859 -3.6369 -7.7728
X -0.8270 -0.3275 -0.4569
Y -0.2648  0.9439 -0.1973
Z  0.4959 -0.0422 -0.8673

PART 75
OFFSET  0.9755 -4.0297 -6.6409
X -0.8270 -0.3275 -0.4569
Y -0.2648  0.9439 -0.1973
Z  0.4959 -0.0422 -0.8673

PART 76
OFFSET  1.5108 -5.2567 -6.5014
X -0.8270 -0.3275 -0.4569
Y -0.2648  0.9439 -0.1973
Z  0.4959 -0.0422 -0.8673

PART 77
OFFSET  0.0000 -0.0000 -0.0000
X  1.0000 -0.0000  0.0000
Y  0.0000  1.0000  0.0000
Z  0.0000 -0.0000  1.0000

PART 78
OFFSET -0.0000 -0.0000 -0.0000
X  1.0000 -0.0034 -0.0011
Y  0.0034  1.0000 -0.0025
Z  0.0011  0.0024  1.0000

PART 79
OFFSET  1.5451  0.0049  4.1340
X  1.0000 -0.0034 -0.0011
Y  0.0034  1.0000 -0.0025
Z  0.0011  0.0024  1.0000


FRAME 4903
PART 0
OFFSET  0.0000 -0.0000 -0.0000
X  1.0000 -0.0000  0.0000
Y  0.0000  1.0000  0.0000
Z  0.0000 -0.0000  1.0000

PART 1
OFFSET -4.6318 -0.0000 -1.3770
X  1.0000 -0.0000  0.0000
Y  0.0000  1.0000  0.0000
Z  0.0000 -0.0000  1.0000

PART 2
OFFSET -3.0622  6.9696 -2.8502
X  0.5325 -0.1580 -0.8315
Y  0.0691 -0.9710  0.2288
Z -0.8436 -0.1793 -0.5062

PART 3
OFFSET  3.3778  5.0582 -12.9067
X  0.7747 -0.3448  0.5300
Y -0.5123  0.1490  0.8458
Z -0.3706 -0.9268 -0.0612

PART 4
OFFSET  9.9673  2.1258 -8.3986
X  0.7747 -0.3448  0.5300
Y -0.4018  0.3788  0.8337
Z -0.4882 -0.8589  0.1550

PART 5
OFFSET  12.1381  2.9842 -8.0435
X  0.7788 -0.3431  0.5251
Y  0.3757  0.9255  0.0475
Z -0.5023  0.1603  0.8497

PART 6
OFFSET  11.1256  0.9122 -8.9677
X  0.7788 -0.3431  0.5251
Y  0.3757  0.9255  0.0475
Z -0.5023  0.1603  0.8497

PART 7
OFFSET  10.9877  2.4131 -6.0775
X  0.7788 -0.3431  0.5251
Y  0.3757  0.9255  0.0475
Z -0.5023  0.1603  0.8497

PART 8
OFFSET  10.3090  1.2518 -6.0287
X  0.7788 -0.3431  0.5251
Y  0.3757  0.9255  0.0475
Z -0.5023  0.1603  0.8497

PART 9
OFFSET  10.2783  0.6793 -7.0809
X  0.7788 -0.3431  0.5251
Y  0.3757  0.9255  0.0475
Z -0.5023  0.1603  0.8497

PART 10
OFFSET  12.3424  1.0689 -6.7738
X  0.9496 -0.2332  0.2096
Y -0.1156  0.3611  0.9253
Z -0.2915 -0.9029  0.3159

PART 11
OFFSET  12.5383  0.9417 -5.6568
X  0.4317 -0.2432  0.8686
Y -0.5627  0.6800  0.4700
Z -0.7050 -0.6917  0.1567

PART 12
OFFSET  13.3744  0.4463 -3.7267
X  0.8362 -0.2804  0.4712
Y -0.3788  0.3260  0.8662
Z -0.3965 -0.9028  0.1664

PART 13
OFFSET  14.7026 -0.1269 -2.9990
X  0.6176 -0.2104  0.7578
Y -0.5620  0.5560  0.6124
Z -0.5502 -0.8041  0.2252

PART 14
OFFSET  15.3357 -0.3818 -2.1588
X  0.6935  0.4758  0.5409
Y  0.2295  0.5659 -0.7919
Z -0.6829  0.6733  0.2833

PART 15
OFFSET  13.2107  0.3024 -7.5233
X  0.8397 -0.4629 -0.2839
Y -0.3559 -0.8640  0.3561
Z -0.4101 -0.1980 -0.8903

PART 16
OFFSET  15.1135 -0.8148 -7.9878
X  0.6300 -0.7564  0.1762
Y -0.5349 -0.2581  0.8045
Z -0.5630 -0.6011 -0.5672

PART 17
OFFSET  16.0054 -1.8857 -7.7383
X  0.5014 -0.7764  0.3819
Y -0.6891 -0.0914  0.7189
Z -0.5233 -0.6236 -0.5808

PART 18
OFFSET  16.4500 -2.5740 -7.3997
X  0.3655 -0.7775  0.5118
Y -0.7338  0.0976  0.6723
Z -0.5726 -0.6213 -0.5349

PART 19
OFFSET  16.7972 -3.3127 -6.9135
X  0.2639  0.6233 -0.7361
Y -0.8616  0.4955  0.1106
Z  0.4336  0.6050  0.6677

PART 20
OFFSET  13.3835  0.6172 -6.9064
X  0.9374 -0.3383 -0.0828
Y -0.3055 -0.9129  0.2706
Z -0.1671 -0.2284 -0.9591

PART 21
OFFSET  15.7648 -0.3824 -7.2042
X  0.6850 -0.7280  0.0263
Y -0.5496 -0.4928  0.6746
Z -0.4782 -0.4766 -0.7377

PART 22
OFFSET  16.9311 -1.6218 -7.1594
X  0.4260 -0.8524  0.3032
Y -0.7826 -0.1790  0.5962
Z -0.4539 -0.4913 -0.7434

PART 23
OFFSET  17.5214 -2.8032 -6.7391
X  0.3851 -0.8630  0.3269
Y -0.8015 -0.1372  0.5820
Z -0.4574 -0.4861 -0.7446

PART 24
OFFSET  17.9391 -3.7392 -6.3846
X  0.1199  0.7616 -0.6369
Y -0.8570  0.4032  0.3209
Z  0.5012  0.5074  0.7010

PART 25
OFFSET  14.9298  0.4394 -4.4890
X  0.8347 -0.5403  0.1061
Y  0.5501  0.8096 -0.2050
Z  0.0248  0.2295  0.9730

PART 26
OFFSET  16.0635  0.7681 -5.3764
X  0.9018 -0.4125 -0.1286
Y -0.3346 -0.8551  0.3960
Z -0.2733 -0.3141 -0.9092

PART 27
OFFSET  17.6513  0.0418 -5.6029
X  0.6753 -0.7368 -0.0314
Y -0.6768 -0.6361  0.3707
Z -0.2931 -0.2291 -0.9282

PART 28
OFFSET  18.4902 -0.8400 -5.5847
X  0.5171 -0.8382  0.1737
Y -0.8261 -0.4356  0.3575
Z -0.2240 -0.3283 -0.9176

PART 29
OFFSET  19.0742 -1.7867 -5.3885
X  0.5144  0.5737 -0.6373
Y -0.7056  0.7056  0.0656
Z  0.4873  0.4160  0.7678

PART 30
OFFSET  16.0354  0.2393 -6.3460
X  0.7822 -0.6230  0.0116
Y -0.5025 -0.6196  0.6030
Z -0.3684 -0.4775 -0.7977

PART 31
OFFSET  17.5634 -0.9777 -6.3233
X  0.4780 -0.8408  0.2542
Y -0.7759 -0.2685  0.5709
Z -0.4117 -0.4701 -0.7807

PART 32
OFFSET  18.2616 -2.2058 -5.9520
X  0.3197 -0.8840  0.3410
Y -0.8289 -0.0867  0.5526
Z -0.4590 -0.4593 -0.7605

PART 33
OFFSET  18.6210 -3.2102 -5.5716
X  0.3136  0.7626 -0.5658
Y -0.8721  0.4671  0.1462
Z  0.3757  0.4476  0.8115

PART 34
OFFSET  14.5349 -1.1339 -6.2227
X -0.2291 -0.2547 -0.9395
Y  0.2915  0.9029 -0.3159
Z  0.9287 -0.3462 -0.1326

PART 35
OFFSET  11.9228  2.3180 -8.4967
X  0.7788 -0.3431  0.5251
Y  0.3757  0.9255  0.0475
Z -0.5023  0.1603  0.8497

PART 36
OFFSET  11.1256  0.9122 -8.9677
X  0.7788 -0.3431  0.5251
Y  0.3757  0.9255  0.0475
Z -0.5023  0.1603  0.8497

PART 37
OFFSET  10.9877  2.4131 -6.0775
X  0.7788 -0.3431  0.5251
Y  0.3757  0.9255  0.0475
Z -0.5023  0.1603  0.8497

PART 38
OFFSET  10.3090  1.2518 -6.0287
X  0.7788 -0.3431  0.5251
Y  0.3757  0.9255  0.0475
Z -0.5023  0.1603  0.8497

PART 39
OFFSET  10.2783  0.6793 -7.0809
X  0.7788 -0.3431  0.5251
Y  0.3757  0.9255  0.0475
Z -0.5023  0.1603  0.8497

PART 40
OFFSET  7.8607 -2.6948 -4.4560
X  0.9982 -0.0313  0.0502
Y  0.0243  0.9906  0.1346
Z -0.0540 -0.1331  0.9896

PART 41
OFFSET  7.8607 -2.6948 -4.4560
X  0.9982 -0.0313  0.0502
Y  0.0243  0.9906  0.1346
Z -0.0540 -0.1331  0.9896

PART 42
OFFSET  14.3209 -4.0082 -2.1734
X  0.9982 -0.0313  0.0502
Y  0.0243  0.9906  0.1346
Z -0.0540 -0.1331  0.9896

PART 43
OFFSET  12.0503 -2.8490 -3.9662
X  0.9982 -0.0313  0.0502
Y  0.0243  0.9906  0.1346
Z -0.0540 -0.1331  0.9896

PART 44
OFFSET -13.9227 -7.9373 -3.1869
X -0.6191 -0.0003  0.7853
Y -0.1417 -0.9835 -0.1122
Z  0.7724 -0.1808  0.6089

PART 45
OFFSET -6.4353 -7.9332 -12.6844
X -0.8246 -0.3416 -0.4509
Y  0.4961 -0.0538 -0.8666
Z  0.2718 -0.9383  0.2139

PART 46
OFFSET  0.5783 -5.0276 -8.8492
X -0.8246 -0.3416 -0.4509
Y  0.5047 -0.0843 -0.8592
Z  0.2555 -0.9361  0.2419

PART 47
OFFSET  1.0862 -3.4224 -7.8047
X -0.8283 -0.3387 -0.4463
Y -0.2765  0.9399 -0.2001
Z  0.4873 -0.0423 -0.8722

PART 48
OFFSET  1.0917 -3.8087 -6.6704
X -0.8283 -0.3387 -0.4463
Y -0.2765  0.9399 -0.2001
Z  0.4873 -0.0423 -0.8722

PART 49
OFFSET  1.6408 -5.0291 -6.5291
X -0.8283 -0.3387 -0.4463
Y -0.2765  0.9399 -0.2001
Z  0.4873 -0.0423 -0.8722

PART 50
OFFSET  3.1063 -3.9803 -7.4669
X -0.9422 -0.0757 -0.3264
Y  0.3310 -0.0593 -0.9418
Z  0.0519 -0.9954  0.0809

PART 51
OFFSET  3.1894 -3.4803 -6.4445
X -0.4851 -0.5845 -0.6504
Y  0.6249  0.2887 -0.7254
Z  0.6117 -0.7583  0.2252

PART 52
OFFSET  4.1399 -2.2057 -4.9810
X -0.9233 -0.3503  0.1573
Y -0.0252 -0.3535 -0.9351
Z  0.3832 -0.8673  0.3176

PART 53
OFFSET  5.5860 -1.5641 -5.3263
X -0.5788 -0.1170  0.8070
Y -0.6465 -0.5374 -0.5416
Z  0.4971 -0.8352  0.2354

PART 54
OFFSET  6.2002 -1.3902 -6.2006
X -0.8798  0.3393  0.3329
Y  0.1501  0.8628 -0.4827
Z -0.4511 -0.3747 -0.8100

PART 55
OFFSET  4.2476 -3.7787 -8.2155
X -0.9513 -0.2708  0.1470
Y  0.2868 -0.9526  0.1013
Z  0.1126  0.1386  0.9839

PART 56
OFFSET  6.3663 -3.0332 -8.4150
X -0.1340 -0.9884 -0.0716
Y  0.9584 -0.1109 -0.2630
Z  0.2520 -0.1038  0.9621

PART 57
OFFSET  6.5561 -1.6339 -8.3137
X  0.7669 -0.5834 -0.2675
Y  0.6023  0.7981 -0.0136
Z  0.2214 -0.1507  0.9635

PART 58
OFFSET  5.8761 -1.1167 -8.0765
X  0.9264  0.3091 -0.2151
Y -0.2779  0.9466  0.1636
Z  0.2542 -0.0918  0.9628

PART 59
OFFSET  4.9960 -1.4103 -7.8722
X -0.5709 -0.8174 -0.0774
Y -0.7738  0.5041  0.3836
Z -0.2745  0.2789 -0.9202

PART 60
OFFSET  4.2421 -3.8616 -7.5065
X -0.9753 -0.2164 -0.0431
Y  0.2093 -0.9691  0.1305
Z -0.0700  0.1183  0.9905

PART 61
OFFSET  6.7885 -3.3388 -7.5389
X -0.1661 -0.9852  0.0431
Y  0.9499 -0.1716 -0.2613
Z  0.2648 -0.0024  0.9643

PART 62
OFFSET  7.0713 -1.6616 -7.6124
X  0.8822 -0.4042 -0.2414
Y  0.3975  0.9143 -0.0781
Z  0.2523 -0.0271  0.9673

PART 63
OFFSET  5.8486 -1.1014 -7.2778
X  0.8570  0.4723 -0.2060
Y -0.4524  0.8811  0.1379
Z  0.2466 -0.0250  0.9688

PART 64
OFFSET  4.9191 -1.6137 -7.0543
X -0.4316 -0.8915  0.1377
Y -0.8720  0.4514  0.1893
Z -0.2309 -0.0383 -0.9722

PART 65
OFFSET -1.0671 -4.7786 -7.9855
X -0.9361 -0.3365 -0.1024
Y -0.3105  0.9273 -0.2090
Z  0.1653 -0.1639 -0.9725

PART 66
OFFSET  6.5473 -4.0106 -5.4547
X -0.9811 -0.1552 -0.1154
Y  0.1562 -0.9877 -0.0002
Z -0.1140 -0.0182  0.9933

PART 67
OFFSET  8.2747 -3.7375 -5.2515
X -0.9762 -0.1872 -0.1091
Y  0.1819 -0.9817  0.0570
Z -0.1178  0.0358  0.9924

PART 68
OFFSET  9.4544 -3.5077 -5.0586
X -0.9647 -0.1941 -0.1779
Y  0.1904 -0.9810  0.0380
Z -0.1819  0.0028  0.9833

PART 69
OFFSET  10.5440 -3.2885 -4.8576
X  0.0910  0.9495  0.3002
Y  0.9927 -0.1103  0.0479
Z  0.0786  0.2937 -0.9527

PART 70
OFFSET  6.7966 -3.9045 -6.5258
X -0.2967 -0.9522  0.0730
Y  0.9520 -0.3009 -0.0556
Z  0.0749  0.0530  0.9958

PART 71
OFFSET  7.3763 -2.0444 -6.6683
X  0.8138 -0.5802 -0.0346
Y  0.5720  0.8100 -0.1290
Z  0.1029  0.0852  0.9910

PART 72
OFFSET  6.1877 -1.1970 -6.6178
X  0.9069  0.3901 -0.1592
Y -0.4064  0.9096 -0.0863
Z  0.1111  0.1430  0.9835

PART 73
OFFSET  5.1595 -1.6392 -6.4446
X -0.4429 -0.8893  0.1143
Y -0.8840  0.4544  0.1096
Z -0.1494 -0.0525 -0.9874

PART 74
OFFSET  1.0862 -3.4224 -7.8046
X -0.8283 -0.3387 -0.4463
Y -0.2765  0.9399 -0.2001
Z  0.4873 -0.0423 -0.8722

PART 75
OFFSET  1.0916 -3.8085 -6.6703
X -0.8283 -0.3387 -0.4463
Y -0.2765  0.9399 -0.2001
Z  0.4873 -0.0423 -0.8722

PART 76
OFFSET  1.6409 -5.0291 -6.5292
X -0.8283 -0.3387 -0.4463
Y -0.2765  0.9399 -0.2001
Z  0.4873 -0.0423 -0.8722

PART 77
OFFSET  0.0000 -0.0000 -0.0000
X  1.0000 -0.0000  0.0000
