// Export filename: `C:\projects\cod\t5\xanim_export\t5_viewmodels\ak74u\ak74u_grenadier_togrenade.XANIM_EXPORT`
// Source filename: `D:\projects\devanim\t5\animation_assets\viewmodels\ak74u/t5_viewmodel_ak74u_animated2.fbx`
// Export time: Sat Aug 28 00:09:50 2010

ANIMATION
VERSION 3

NUMPARTS 80
PART 0 "tag_ads"
PART 1 "tag_torso"
PART 2 "J_Shoulder_LE"
PART 3 "J_Elbow_LE"
PART 4 "J_WristTwist_LE"
PART 5 "J_Sleave_Reshape_Bottom_LE_1"
PART 6 "J_Sleave_Reshape_Bottom_LE_2"
PART 7 "J_Sleave_Reshape_Top_LE_1"
PART 8 "J_Sleave_Reshape_Top_LE_2"
PART 9 "J_Sleave_Reshape_Top_LE_3"
PART 10 "J_Wrist_LE"
PART 11 "J_Thumb_LE_0"
PART 12 "J_Thumb_LE_1"
PART 13 "J_Thumb_LE_2"
PART 14 "J_Thumb_LE_3"
PART 15 "J_PinkyPalm_LE"
PART 16 "J_Pinky_LE_0"
PART 17 "J_Pinky_LE_1"
PART 18 "J_Pinky_LE_2"
PART 19 "J_Pinky_LE_3"
PART 20 "J_RingPalm_LE"
PART 21 "J_Ring_LE_0"
PART 22 "J_Ring_LE_1"
PART 23 "J_Ring_LE_2"
PART 24 "J_Ring_LE_3"
PART 25 "J_Webbing_LE"
PART 26 "J_Index_LE_0"
PART 27 "J_Index_LE_1"
PART 28 "J_Index_LE_2"
PART 29 "J_Index_LE_3"
PART 30 "J_Mid_LE_0"
PART 31 "J_Mid_LE_1"
PART 32 "J_Mid_LE_2"
PART 33 "J_Mid_LE_3"
PART 34 "tag_knife_attach"
PART 35 "D_Sleave_Reshape_Bottom_LE_1"
PART 36 "D_Sleave_Reshape_Bottom_LE_2"
PART 37 "D_Sleave_Reshape_Top_LE_1"
PART 38 "D_Sleave_Reshape_Top_LE_2"
PART 39 "D_Sleave_Reshape_Top_LE_3"
PART 40 "tag_weapon"
PART 41 "J_Gun"
PART 42 "TAG_CLIP"
PART 43 "J_Bolt"
PART 44 "J_Shoulder_RI"
PART 45 "J_Elbow_RI"
PART 46 "J_WristTwist_RI"
PART 47 "J_Sleave_Reshape_Top_RI_3"
PART 48 "J_Sleave_Reshape_Top_RI_2"
PART 49 "J_Sleave_Reshape_Top_RI_1"
PART 50 "J_Wrist_RI"
PART 51 "J_Thumb_RI_0"
PART 52 "J_Thumb_RI_1"
PART 53 "J_Thumb_RI_2"
PART 54 "J_Thumb_RI_3"
PART 55 "J_PinkyPalm_RI"
PART 56 "J_Pinky_RI_0"
PART 57 "J_Pinky_RI_1"
PART 58 "J_Pinky_RI_2"
PART 59 "J_Pinky_RI_3"
PART 60 "J_RingPalm_RI"
PART 61 "J_Ring_RI_0"
PART 62 "J_Ring_RI_1"
PART 63 "J_Ring_RI_2"
PART 64 "J_Ring_RI_3"
PART 65 "J_Webbing_RI"
PART 66 "J_Index_RI_0"
PART 67 "J_Index_RI_1"
PART 68 "J_Index_RI_2"
PART 69 "J_Index_RI_3"
PART 70 "J_Mid_RI_0"
PART 71 "J_Mid_RI_1"
PART 72 "J_Mid_RI_2"
PART 73 "J_Mid_RI_3"
PART 74 "D_Sleave_Reshape_Top_RI_3"
PART 75 "D_Sleave_Reshape_Top_RI_2"
PART 76 "D_Sleave_Reshape_Top_RI_1"
PART 77 "tag_cambone"
PART 78 "tag_camera"
PART 79 "tag_gasmask"

FRAMERATE 30
NUMFRAMES 21

FRAME 2060
PART 0
OFFSET  0.0000 -0.0000 -0.0000
X  1.0000 -0.0000  0.0000
Y  0.0000  1.0000  0.0000
Z  0.0000 -0.0000  1.0000

PART 1
OFFSET -4.6318 -0.0000 -1.3770
X  1.0000 -0.0000  0.0000
Y  0.0000  1.0000  0.0000
Z  0.0000 -0.0000  1.0000

PART 2
OFFSET  0.3425  8.0297 -9.9517
X  0.8134 -0.3247 -0.4827
Y -0.1524 -0.9197  0.3617
Z -0.5614 -0.2207 -0.7976

PART 3
OFFSET  10.1798  4.1033 -15.7889
X  0.7973 -0.4144  0.4388
Y -0.4360  0.1071  0.8935
Z -0.4173 -0.9038 -0.0953

PART 4
OFFSET  16.9615  0.5784 -12.0571
X  0.7973 -0.4144  0.4388
Y -0.4913 -0.0235  0.8707
Z -0.3505 -0.9098 -0.2223

PART 5
OFFSET  19.1915  1.3184 -11.8229
X  0.8011 -0.4126  0.4337
Y  0.4212  0.9033  0.0812
Z -0.4253  0.1176  0.8974

PART 6
OFFSET  18.0128 -0.6364 -12.8037
X  0.8011 -0.4126  0.4337
Y  0.4212  0.9033  0.0812
Z -0.4253  0.1176  0.8974

PART 7
OFFSET  18.1751  0.6514 -9.8136
X  0.8011 -0.4126  0.4337
Y  0.4212  0.9033  0.0812
Z -0.4253  0.1176  0.8974

PART 8
OFFSET  17.4488 -0.4815 -9.7907
X  0.8011 -0.4126  0.4337
Y  0.4212  0.9033  0.0812
Z -0.4253  0.1176  0.8974

PART 9
OFFSET  17.3079 -0.9730 -10.8744
X  0.8011 -0.4126  0.4337
Y  0.4212  0.9033  0.0812
Z -0.4253  0.1176  0.8974

PART 10
OFFSET  19.4058 -0.6921 -10.7120
X  0.6564 -0.3299  0.6784
Y -0.6912  0.0974  0.7161
Z -0.3023 -0.9390 -0.1641

PART 11
OFFSET  18.9100 -1.1321 -9.7831
X -0.3038 -0.7383  0.6022
Y -0.7611  0.5682  0.3127
Z -0.5730 -0.3633 -0.7346

PART 12
OFFSET  18.1465 -2.6888 -8.4934
X  0.6743 -0.7178  0.1735
Y -0.6368 -0.4463  0.6287
Z -0.3738 -0.5344 -0.7581

PART 13
OFFSET  19.2312 -3.8808 -8.3357
X  0.8466 -0.0742 -0.5270
Y  0.1902 -0.8827  0.4298
Z -0.4971 -0.4641 -0.7332

PART 14
OFFSET  20.1272 -3.9972 -8.9319
X  0.9834  0.0615  0.1705
Y -0.1682  0.6595  0.7326
Z -0.0674 -0.7492  0.6589

PART 15
OFFSET  20.6403 -1.2653 -10.9379
X  0.9198 -0.3664  0.1404
Y -0.3301 -0.9160 -0.2282
Z  0.2122  0.1635 -0.9634

PART 16
OFFSET  22.6355 -2.2247 -10.5101
X -0.4651 -0.8746  0.1372
Y -0.8559  0.4047 -0.3219
Z  0.2260 -0.2671 -0.9368

PART 17
OFFSET  21.9771 -3.4629 -10.3159
X -0.9741  0.1456 -0.1730
Y  0.1955  0.9267 -0.3209
Z  0.1136 -0.3465 -0.9312

PART 18
OFFSET  21.1134 -3.3339 -10.4693
X -0.9845  0.0697 -0.1612
Y  0.1121  0.9559 -0.2713
Z  0.1352 -0.2852 -0.9489

PART 19
OFFSET  20.1781 -3.2676 -10.6224
X  0.6631 -0.6122  0.4308
Y  0.7352  0.6408 -0.2210
Z -0.1408  0.4633  0.8750

PART 20
OFFSET  20.3676 -1.1421 -10.2899
X  0.8351 -0.3495  0.4247
Y -0.2851 -0.9354 -0.2092
Z  0.4704  0.0537 -0.8808

PART 21
OFFSET  22.6112 -2.0206 -9.3138
X -0.3024 -0.9530 -0.0182
Y -0.9010  0.2920 -0.3209
Z  0.3111 -0.0806 -0.9470

PART 22
OFFSET  22.0964 -3.6431 -9.3448
X -0.9443  0.0804 -0.3192
Y  0.1105  0.9909 -0.0775
Z  0.3101 -0.1084 -0.9445

PART 23
OFFSET  20.7877 -3.5317 -9.7872
X -0.9070  0.2569 -0.3338
Y  0.2786  0.9602 -0.0180
Z  0.3159 -0.1093 -0.9425

PART 24
OFFSET  19.8041 -3.2531 -10.1493
X  0.5995 -0.7644  0.2374
Y  0.7342  0.6433  0.2171
Z -0.3187  0.0442  0.9468

PART 25
OFFSET  20.1700 -2.0578 -7.5716
X  0.6672 -0.5903  0.4542
Y  0.4528  0.8057  0.3820
Z -0.5914 -0.0492  0.8049

PART 26
OFFSET  21.5548 -1.5552 -7.4674
X -0.0041 -0.9921 -0.1258
Y -0.9166  0.0540 -0.3961
Z  0.3998  0.1137 -0.9095

PART 27
OFFSET  21.5476 -3.3019 -7.6889
X -0.8692 -0.1242 -0.4786
Y -0.1465  0.9892  0.0094
Z  0.4723  0.0782 -0.8780

PART 28
OFFSET  20.4623 -3.4576 -8.2174
X -0.9323  0.1496 -0.3294
Y  0.1345  0.9886  0.0683
Z  0.3358  0.0194 -0.9417

PART 29
OFFSET  19.4092 -3.2886 -8.5895
X  0.2766 -0.9356 -0.2193
Y  0.8761  0.1517  0.4576
Z -0.3949 -0.3187  0.8617

PART 30
OFFSET  22.1803 -1.7941 -8.3461
X -0.3280 -0.9314 -0.1575
Y -0.8552  0.3636 -0.3693
Z  0.4013  0.0135 -0.9159

PART 31
OFFSET  21.5395 -3.6137 -8.6538
X -0.9157  0.0455 -0.3993
Y  0.0190  0.9973  0.0702
Z  0.4014  0.0568 -0.9141

PART 32
OFFSET  20.2020 -3.5472 -9.2370
X -0.8413  0.4122 -0.3496
Y  0.3326  0.9047  0.2662
Z  0.4260  0.1077 -0.8983

PART 33
OFFSET  19.2519 -3.0802 -9.6395
X  0.4054 -0.9008  0.1554
Y  0.8257  0.4339  0.3606
Z -0.3923 -0.0179  0.9197

PART 34
OFFSET  21.0973 -3.0699 -9.5087
X  0.4130  0.0261 -0.9104
Y  0.3023  0.9390  0.1641
Z  0.8591 -0.3430  0.3799

PART 35
OFFSET  18.9099  0.6969 -12.3024
X  0.8011 -0.4126  0.4337
Y  0.4212  0.9033  0.0812
Z -0.4253  0.1176  0.8974

PART 36
OFFSET  18.0128 -0.6364 -12.8037
X  0.8011 -0.4126  0.4337
Y  0.4212  0.9033  0.0812
Z -0.4253  0.1176  0.8974

PART 37
OFFSET  18.1751  0.6514 -9.8136
X  0.8011 -0.4126  0.4337
Y  0.4212  0.9033  0.0812
Z -0.4253  0.1176  0.8974

PART 38
OFFSET  17.4488 -0.4815 -9.7907
X  0.8011 -0.4126  0.4337
Y  0.4212  0.9033  0.0812
Z -0.4253  0.1176  0.8974

PART 39
OFFSET  17.3080 -0.9730 -10.8744
X  0.8011 -0.4126  0.4337
Y  0.4212  0.9033  0.0812
Z -0.4253  0.1176  0.8974

PART 40
OFFSET  7.7688 -2.6416 -4.8099
X  1.0000 -0.0000  0.0000
Y  0.0000  1.0000  0.0000
Z  0.0000 -0.0000  1.0000

PART 41
OFFSET  7.7688 -2.6416 -4.8099
X  1.0000 -0.0000  0.0000
Y  0.0000  1.0000  0.0000
Z  0.0000 -0.0000  1.0000

PART 42
OFFSET  11.9806 -2.6266 -4.5308
X  1.0000 -0.0000  0.0000
Y  0.0000  1.0000  0.0000
Z  0.0000 -0.0000  1.0000

PART 43
OFFSET  14.3735 -3.4784 -2.7246
X  1.0000 -0.0000  0.0000
Y  0.0000  1.0000  0.0000
Z  0.0000 -0.0000  1.0000

PART 44
OFFSET -13.9227 -7.9373 -3.1869
X -0.6053  0.0162  0.7958
Y -0.1718 -0.9789 -0.1107
Z  0.7772 -0.2037  0.5953

PART 45
OFFSET -6.6022 -8.1338 -12.8116
X -0.8222 -0.3196 -0.4710
Y  0.5121 -0.0542 -0.8572
Z  0.2484 -0.9460  0.2082

PART 46
OFFSET  0.3912 -5.4156 -8.8058
X -0.8222 -0.3196 -0.4710
Y  0.5374 -0.1634 -0.8273
Z  0.1874 -0.9334  0.3061

PART 47
OFFSET  0.9106 -3.8330 -7.7329
X -0.8259 -0.3166 -0.4664
Y -0.2534  0.9476 -0.1946
Z  0.5036 -0.0425 -0.8629

PART 48
OFFSET  0.8857 -4.2320 -6.6033
X -0.8259 -0.3166 -0.4664
Y -0.2534  0.9476 -0.1946
Z  0.5036 -0.0425 -0.8629

PART 49
OFFSET  1.4070 -5.4649 -6.4654
X -0.8259 -0.3166 -0.4664
Y -0.2534  0.9476 -0.1946
Z  0.5036 -0.0425 -0.8629

PART 50
OFFSET  2.9119 -4.4359 -7.3619
X -0.9546 -0.1418 -0.2621
Y  0.2850 -0.1775 -0.9420
Z  0.0871 -0.9739  0.2098

PART 51
OFFSET  3.0305 -3.8010 -6.4212
X -0.4986 -0.6783 -0.5397
Y  0.5783  0.2035 -0.7900
Z  0.6457 -0.7060  0.2908

PART 52
OFFSET  4.0128 -2.3183 -5.1938
X -0.9028 -0.3483  0.2521
Y -0.0610 -0.4767 -0.8770
Z  0.4256 -0.8071  0.4091

PART 53
OFFSET  5.4190 -1.6940 -5.6990
X -0.5336 -0.0214  0.8455
Y -0.6557 -0.6209 -0.4295
Z  0.5342 -0.7836  0.3173

PART 54
OFFSET  5.9827 -1.6245 -6.6205
X -0.8721  0.3596  0.3318
Y  0.0986  0.7934 -0.6007
Z -0.4792 -0.4912 -0.7274

PART 55
OFFSET  4.0072 -4.3091 -8.1912
X -0.9338 -0.2716  0.2329
Y  0.3213 -0.9230  0.2116
Z  0.1575  0.2724  0.9492

PART 56
OFFSET  6.0889 -3.5460 -8.6022
X -0.1064 -0.9920  0.0680
Y  0.9470 -0.1219 -0.2972
Z  0.3031  0.0328  0.9524

PART 57
OFFSET  6.2395 -2.1416 -8.6984
X  0.7704 -0.5952 -0.2284
Y  0.5756  0.8034 -0.1522
Z  0.2741 -0.0142  0.9616

PART 58
OFFSET  5.5564 -1.6139 -8.4959
X  0.9043  0.2998 -0.3040
Y -0.2988  0.9530  0.0509
Z  0.3049  0.0448  0.9513

PART 59
OFFSET  4.6973 -1.8987 -8.2071
X -0.5482 -0.8340  0.0630
Y -0.7690  0.5322  0.3543
Z -0.3290  0.1458 -0.9330

PART 60
OFFSET  4.0399 -4.2960 -7.4782
X -0.9690 -0.2439  0.0388
Y  0.2458 -0.9373  0.2469
Z -0.0239  0.2488  0.9683

PART 61
OFFSET  6.5638 -3.7206 -7.7173
X -0.1328 -0.9741  0.1828
Y  0.9405 -0.1821 -0.2870
Z  0.3128  0.1338  0.9403

PART 62
OFFSET  6.7899 -2.0621 -8.0285
X  0.8812 -0.4114 -0.2327
Y  0.3642  0.9048 -0.2204
Z  0.3012  0.1095  0.9472

PART 63
OFFSET  5.5686 -1.4919 -7.7060
X  0.8304  0.4610 -0.3130
Y -0.4723  0.8804  0.0436
Z  0.2956  0.1116  0.9488

PART 64
OFFSET  4.6680 -1.9919 -7.3665
X -0.3960 -0.8751  0.2782
Y -0.8751  0.4514  0.1743
Z -0.2781 -0.1744 -0.9446

PART 65
OFFSET -1.2553 -5.3980 -7.5437
X -0.9291 -0.3699 -0.0061
Y -0.3495  0.8829 -0.3136
Z  0.1213 -0.2892 -0.9496

PART 66
OFFSET  6.4488 -4.1115 -5.5522
X -0.9803 -0.1931 -0.0406
Y  0.1869 -0.9747  0.1229
Z -0.0633  0.1129  0.9916

PART 67
OFFSET  8.1748 -3.7715 -5.4807
X -0.9741 -0.2239 -0.0304
Y  0.2152 -0.9603  0.1773
Z -0.0689  0.1662  0.9837

PART 68
OFFSET  9.3549 -3.4893 -5.3840
X -0.9659 -0.2397 -0.0981
Y  0.2227 -0.9620  0.1579
Z -0.1323  0.1307  0.9826

PART 69
OFFSET  10.4459 -3.2185 -5.2731
X  0.0762  0.9832  0.1658
Y  0.9969 -0.0787  0.0085
Z  0.0214  0.1646 -0.9861

PART 70
OFFSET  6.6405 -4.1444 -6.6397
X -0.2627 -0.9406  0.2150
Y  0.9570 -0.2824 -0.0663
Z  0.1231  0.1883  0.9744

PART 71
OFFSET  7.1538 -2.3069 -7.0597
X  0.8288 -0.5596 -0.0009
Y  0.5392  0.7990 -0.2664
Z  0.1498  0.2203  0.9639

PART 72
OFFSET  5.9432 -1.4895 -7.0585
X  0.8851  0.3871 -0.2584
Y -0.4386  0.8795 -0.1846
Z  0.1558  0.2767  0.9482

PART 73
OFFSET  4.9394 -1.9293 -6.7726
X -0.4085 -0.8763  0.2554
Y -0.8912  0.4434  0.0957
Z -0.1971 -0.1885 -0.9621

PART 74
OFFSET  0.9106 -3.8330 -7.7328
X -0.8259 -0.3166 -0.4664
Y -0.2534  0.9476 -0.1946
Z  0.5036 -0.0425 -0.8629

PART 75
OFFSET  0.8856 -4.2318 -6.6032
X -0.8259 -0.3166 -0.4664
Y -0.2534  0.9476 -0.1946
Z  0.5036 -0.0425 -0.8629

PART 76
OFFSET  1.4071 -5.4649 -6.4655
X -0.8259 -0.3166 -0.4664
Y -0.2534  0.9476 -0.1946
Z  0.5036 -0.0425 -0.8629

PART 77
OFFSET  0.0000 -0.0000 -0.0000
X  1.0000 -0.0000  0.0000
Y  0.0000  1.0000  0.0000
Z  0.0000 -0.0000  1.0000

PART 78
OFFSET  0.0000 -0.0000 -0.0000
X  1.0000 -0.0000  0.0000
Y  0.0000  1.0000  0.0000
Z  0.0000 -0.0000  1.0000

PART 79
OFFSET  1.5404 -0.0000  4.1357
X  1.0000 -0.0000  0.0000
Y  0.0000  1.0000  0.0000
Z  0.0000 -0.0000  1.0000


FRAME 2061
PART 0
OFFSET  0.0000 -0.0000 -0.0000
X  1.0000 -0.0000  0.0000
Y  0.0000  1.0000  0.0000
Z  0.0000 -0.0000  1.0000

PART 1
OFFSET -4.6318 -0.0000 -1.3770
X  1.0000 -0.0000  0.0000
Y  0.0000  1.0000  0.0000
Z  0.0000 -0.0000  1.0000

PART 2
OFFSET  0.3327  8.0290 -9.9211
X  0.8125 -0.3213 -0.4864
Y -0.1471 -0.9204  0.3622
Z -0.5641 -0.2228 -0.7951

PART 3
OFFSET  10.1589  4.1433 -15.8041
X  0.7957 -0.4100  0.4457
Y -0.4420  0.1101  0.8903
Z -0.4141 -0.9054 -0.0936

PART 4
OFFSET  16.9270  0.6560 -12.0130
X  0.7957 -0.4100  0.4457
Y -0.4995 -0.0280  0.8659
Z -0.3425 -0.9116 -0.2271

PART 5
OFFSET  19.1534  1.4036 -11.7683
X  0.7995 -0.4082  0.4407
Y  0.4181  0.9049  0.0796
Z -0.4312  0.1206  0.8941

PART 6
OFFSET  17.9865 -0.5593 -12.7471
X  0.7995 -0.4082  0.4407
Y  0.4181  0.9049  0.0796
Z -0.4312  0.1206  0.8941

PART 7
OFFSET  18.1264  0.7432 -9.7623
X  0.7995 -0.4082  0.4407
Y  0.4181  0.9049  0.0796
Z -0.4312  0.1206  0.8941

PART 8
OFFSET  17.4032 -0.3917 -9.7386
X  0.7995 -0.4082  0.4407
Y  0.4181  0.9049  0.0796
Z -0.4312  0.1206  0.8941

PART 9
OFFSET  17.2705 -0.8888 -10.8207
X  0.7995 -0.4082  0.4407
Y  0.4181  0.9049  0.0796
Z -0.4312  0.1206  0.8941

PART 10
OFFSET  19.3665 -0.6010 -10.6465
X  0.6583 -0.3340  0.6746
Y -0.6904  0.0891  0.7179
Z -0.2999 -0.9384 -0.1719

PART 11
OFFSET  18.8733 -1.0506 -9.7209
X -0.3009 -0.7444  0.5960
Y -0.7623  0.5633  0.3187
Z -0.5730 -0.3585 -0.7370

PART 12
OFFSET  18.1160 -2.6208 -8.4439
X  0.6766 -0.7173  0.1663
Y -0.6347 -0.4537  0.6256
Z -0.3733 -0.5288 -0.7622

PART 13
OFFSET  19.2043 -3.8110 -8.2982
X  0.8461 -0.0671 -0.5288
Y  0.1933 -0.8859  0.4217
Z -0.4967 -0.4591 -0.7366

PART 14
OFFSET  20.0998 -3.9196 -8.8966
X  0.9835  0.0628  0.1697
Y -0.1691  0.6526  0.7386
Z -0.0643 -0.7551  0.6524

PART 15
OFFSET  20.6023 -1.1687 -10.8791
X  0.9210 -0.3650  0.1359
Y -0.3277 -0.9149 -0.2358
Z  0.2104  0.1726 -0.9623

PART 16
OFFSET  22.6009 -2.1261 -10.4625
X -0.4624 -0.8771  0.1301
Y -0.8575  0.4051 -0.3171
Z  0.2255 -0.2582 -0.9394

PART 17
OFFSET  21.9463 -3.3678 -10.2784
X -0.9748  0.1443 -0.1704
Y  0.1924  0.9300 -0.3130
Z  0.1133 -0.3379 -0.9343

PART 18
OFFSET  21.0820 -3.2399 -10.4294
X -0.9849  0.0683 -0.1592
Y  0.1090  0.9586 -0.2630
Z  0.1347 -0.2764 -0.9516

PART 19
OFFSET  20.1463 -3.1750 -10.5807
X  0.6654 -0.6140  0.4245
Y  0.7331  0.6448 -0.2164
Z -0.1409  0.4552  0.8792

PART 20
OFFSET  20.3301 -1.0519 -10.2297
X  0.8367 -0.3508  0.4205
Y -0.2827 -0.9343 -0.2171
Z  0.4690  0.0628 -0.8810

PART 21
OFFSET  22.5776 -1.9325 -9.2645
X -0.2997 -0.9537 -0.0262
Y -0.9023  0.2923 -0.3170
Z  0.3100 -0.0714 -0.9480

PART 22
OFFSET  22.0674 -3.5561 -9.3091
X -0.9449  0.0805 -0.3172
Y  0.1076  0.9918 -0.0689
Z  0.3091 -0.0992 -0.9459

PART 23
OFFSET  20.7578 -3.4446 -9.7487
X -0.9082  0.2572 -0.3303
Y  0.2758  0.9612 -0.0099
Z  0.3149 -0.1001 -0.9438

PART 24
OFFSET  19.7729 -3.1657 -10.1069
X  0.6020 -0.7647  0.2299
Y  0.7327  0.6435  0.2217
Z -0.3175  0.0349  0.9476

PART 25
OFFSET  20.1390 -1.9921 -7.5193
X  0.6696 -0.5924  0.4481
Y  0.4510  0.8036  0.3885
Z -0.5902 -0.0580  0.8052

PART 26
OFFSET  21.5224 -1.4865 -7.4126
X -0.0014 -0.9909 -0.1345
Y -0.9173  0.0548 -0.3944
Z  0.3982  0.1228 -0.9090

PART 27
OFFSET  21.5200 -3.2311 -7.6494
X -0.8695 -0.1224 -0.4785
Y -0.1493  0.9886  0.0183
Z  0.4709  0.0873 -0.8779

PART 28
OFFSET  20.4343 -3.3853 -8.1779
X -0.9331  0.1498 -0.3268
Y  0.1317  0.9883  0.0768
Z  0.3345  0.0286 -0.9420

PART 29
OFFSET  19.3803 -3.2161 -8.5470
X  0.2789 -0.9329 -0.2279
Y  0.8763  0.1502  0.4577
Z -0.3928 -0.3274  0.8594

PART 30
OFFSET  22.1475 -1.7158 -8.2942
X -0.3256 -0.9310 -0.1653
Y -0.8568  0.3644 -0.3649
Z  0.4000  0.0228 -0.9163

PART 31
OFFSET  21.5114 -3.5345 -8.6170
X -0.9164  0.0464 -0.3976
Y  0.0162  0.9967  0.0790
Z  0.4000  0.0660 -0.9141

PART 32
OFFSET  20.1729 -3.4667 -9.1978
X -0.8430  0.4129 -0.3448
Y  0.3304  0.9033  0.2738
Z  0.4245  0.1168 -0.8979

PART 33
OFFSET  19.2209 -2.9989 -9.5949
X  0.4082 -0.9010  0.1469
Y  0.8249  0.4330  0.3633
Z -0.3910 -0.0271  0.9200

PART 34
OFFSET  21.0665 -2.9845 -9.4665
X  0.4117  0.0353 -0.9107
Y  0.2999  0.9384  0.1719
Z  0.8606 -0.3438  0.3757

PART 35
OFFSET  18.8767  0.7789 -12.2467
X  0.7995 -0.4082  0.4407
Y  0.4181  0.9049  0.0796
Z -0.4312  0.1206  0.8941

PART 36
OFFSET  17.9865 -0.5593 -12.7471
X  0.7995 -0.4082  0.4407
Y  0.4181  0.9049  0.0796
Z -0.4312  0.1206  0.8941

PART 37
OFFSET  18.1264  0.7432 -9.7623
X  0.7995 -0.4082  0.4407
Y  0.4181  0.9049  0.0796
Z -0.4312  0.1206  0.8941

PART 38
OFFSET  17.4032 -0.3917 -9.7386
X  0.7995 -0.4082  0.4407
Y  0.4181  0.9049  0.0796
Z -0.4312  0.1206  0.8941

PART 39
OFFSET  17.2705 -0.8888 -10.8207
X  0.7995 -0.4082  0.4407
Y  0.4181  0.9049  0.0796
Z -0.4312  0.1206  0.8941

PART 40
OFFSET  7.7419 -2.6621 -4.7414
X  1.0000  0.0029 -0.0014
Y -0.0029  1.0000  0.0088
Z  0.0014 -0.0088  1.0000

PART 41
OFFSET  7.7419 -2.6621 -4.7414
X  1.0000  0.0029 -0.0014
Y -0.0029  1.0000  0.0088
Z  0.0014 -0.0088  1.0000

PART 42
OFFSET  11.9540 -2.6374 -4.4679
X  1.0000  0.0029 -0.0014
Y -0.0029  1.0000  0.0088
Z  0.0014 -0.0088  1.0000

PART 43
OFFSET  14.3519 -3.4982 -2.6726
X  1.0000  0.0029 -0.0014
Y -0.0029  1.0000  0.0088
Z  0.0014 -0.0088  1.0000

PART 44
OFFSET -13.8472 -7.9373 -3.1869
X -0.6012  0.0165  0.7989
Y -0.1734 -0.9787 -0.1102
Z  0.7800 -0.2048  0.5913

PART 45
OFFSET -6.5758 -8.1374 -12.8486
X -0.8173 -0.3193 -0.4797
Y  0.5199 -0.0497 -0.8528
Z  0.2484 -0.9464  0.2066

PART 46
OFFSET  0.3756 -5.4219 -8.7687
X -0.8173 -0.3193 -0.4797
Y  0.5438 -0.1518 -0.8254
Z  0.1907 -0.9354  0.2977

PART 47
OFFSET  0.8821 -3.8427 -7.6846
X -0.8211 -0.3164 -0.4752
Y -0.2536  0.9479 -0.1929
Z  0.5114 -0.0379 -0.8585

PART 48
OFFSET  0.8479 -4.2463 -6.5569
X -0.8211 -0.3164 -0.4752
Y -0.2536  0.9479 -0.1929
Z  0.5114 -0.0379 -0.8585

PART 49
OFFSET  1.3704 -5.4788 -6.4194
X -0.8211 -0.3164 -0.4752
Y -0.2536  0.9479 -0.1929
Z  0.5114 -0.0379 -0.8585

PART 50
OFFSET  2.8812 -4.4430 -7.2981
X -0.9552 -0.1412 -0.2602
Y  0.2821 -0.1670 -0.9447
Z  0.0900 -0.9758  0.1994

PART 51
OFFSET  3.0017 -3.8177 -6.3512
X -0.4990 -0.6738 -0.5450
Y  0.5751  0.2130 -0.7899
Z  0.6483 -0.7075  0.2812

PART 52
OFFSET  3.9849 -2.3455 -5.1120
X -0.9012 -0.3530  0.2516
Y -0.0630 -0.4677 -0.8816
Z  0.4289 -0.8104  0.3992

PART 53
OFFSET  5.3879 -1.7129 -5.6155
X -0.5306 -0.0314  0.8471
Y -0.6558 -0.6179 -0.4337
Z  0.5370 -0.7856  0.3073

PART 54
OFFSET  5.9483 -1.6325 -6.5381
X -0.8718  0.3541  0.3385
Y  0.0947  0.7998 -0.5928
Z -0.4807 -0.4847 -0.7308

PART 55
OFFSET  3.9733 -4.3052 -8.1298
X -0.9324 -0.2761  0.2333
Y  0.3241 -0.9245  0.2009
Z  0.1602  0.2629  0.9514

PART 56
OFFSET  6.0518 -3.5331 -8.5400
X -0.1039 -0.9929  0.0581
Y  0.9462 -0.1167 -0.3017
Z  0.3064  0.0236  0.9516

PART 57
OFFSET  6.1990 -2.1274 -8.6222
X  0.7710 -0.5911 -0.2372
Y  0.5733  0.8063 -0.1458
Z  0.2775 -0.0236  0.9604

PART 58
OFFSET  5.5154 -1.6034 -8.4119
X  0.9025  0.3050 -0.3040
Y -0.3008  0.9517  0.0618
Z  0.3082  0.0356  0.9507

PART 59
OFFSET  4.6580 -1.8931 -8.1231
X -0.5461 -0.8359  0.0562
Y -0.7689  0.5267  0.3624
Z -0.3325  0.1547 -0.9303

PART 60
OFFSET  4.0085 -4.2994 -7.4168
X -0.9683 -0.2465  0.0396
Y  0.2488 -0.9393  0.2363
Z -0.0210  0.2387  0.9709

PART 61
OFFSET  6.5303 -3.7158 -7.6586
X -0.1300 -0.9763  0.1731
Y  0.9399 -0.1769 -0.2921
Z  0.3158  0.1248  0.9406

PART 62
OFFSET  6.7516 -2.0537 -7.9534
X  0.8813 -0.4070 -0.2400
Y  0.3614  0.9079 -0.2123
Z  0.3043  0.1003  0.9473

PART 63
OFFSET  5.5301 -1.4896 -7.6208
X  0.8282  0.4661 -0.3111
Y -0.4741  0.8788  0.0544
Z  0.2987  0.1025  0.9488

PART 64
OFFSET  4.6318 -1.9951 -7.2834
X -0.3931 -0.8788  0.2705
Y -0.8755  0.4476  0.1820
Z -0.2810 -0.1653 -0.9454

PART 65
OFFSET -1.2845 -5.4127 -7.4755
X -0.9282 -0.3719 -0.0067
Y -0.3525  0.8853 -0.3032
Z  0.1187 -0.2790 -0.9529

PART 66
OFFSET  6.4236 -4.1293 -5.4974
X -0.9902 -0.1315 -0.0464
Y  0.1258 -0.9860  0.1094
Z -0.0601  0.1025  0.9929

PART 67
OFFSET  8.1671 -3.8978 -5.4157
X -0.9658 -0.2586 -0.0201
Y  0.2518 -0.9533  0.1669
Z -0.0624  0.1561  0.9858

PART 68
OFFSET  9.3374 -3.5740 -5.3314
X -0.9578 -0.2736 -0.0881
Y  0.2591 -0.9545  0.1474
Z -0.1244  0.1183  0.9851

PART 69
OFFSET  10.4193 -3.2650 -5.2318
X  0.0429  0.9840  0.1727
Y  0.9991 -0.0428 -0.0044
Z  0.0030  0.1728 -0.9850

PART 70
OFFSET  6.6117 -4.1506 -6.5858
X -0.2598 -0.9434  0.2061
Y  0.9574 -0.2795 -0.0725
Z  0.1261  0.1785  0.9758

PART 71
OFFSET  7.1193 -2.3076 -6.9885
X  0.8300 -0.5577 -0.0096
Y  0.5364  0.8029 -0.2599
Z  0.1526  0.2106  0.9656

PART 72
OFFSET  5.9070 -1.4931 -6.9746
X  0.8833  0.3918 -0.2574
Y -0.4412  0.8804 -0.1739
Z  0.1585  0.2672  0.9505

PART 73
OFFSET  4.9051 -1.9381 -6.6898
X -0.4057 -0.8798  0.2477
Y -0.8919  0.4403  0.1034
Z -0.2000 -0.1790 -0.9633

PART 74
OFFSET  0.8821 -3.8426 -7.6846
X -0.8211 -0.3164 -0.4752
Y -0.2536  0.9479 -0.1929
Z  0.5114 -0.0379 -0.8585

PART 75
OFFSET  0.8478 -4.2461 -6.5569
X -0.8211 -0.3164 -0.4752
Y -0.2536  0.9479 -0.1929
Z  0.5114 -0.0379 -0.8585

PART 76
OFFSET  1.3705 -5.4788 -6.4195
X -0.8211 -0.3164 -0.4752
Y -0.2536  0.9479 -0.1929
Z  0.5114 -0.0379 -0.8585

PART 77
OFFSET  0.0000 -0.0000 -0.0000
X  1.0000 -0.0000  0.0000
Y  0.0000  1.0000  0.0000
Z  0.0000 -0.0000  1.0000

PART 78
OFFSET -0.0000 -0.0000 -0.0000
X  1.0000 -0.0000 -0.0026
Y  0.0000  1.0000  0.0026
Z  0.0026 -0.0026  1.0000

PART 79
OFFSET  1.5513 -0.0109  4.1317
X  1.0000 -0.0000 -0.0026
Y  0.0000  1.0000  0.0026
Z  0.0026 -0.0026  1.0000


FRAME 2062
PART 0
OFFSET  0.0000 -0.0000 -0.0000
X  1.0000 -0.0000  0.0000
Y  0.0000  1.0000  0.0000
Z  0.0000 -0.0000  1.0000

PART 1
OFFSET -4.6318 -0.0000 -1.3770
X  1.0000 -0.0000  0.0000
Y  0.0000  1.0000  0.0000
Z  0.0000 -0.0000  1.0000

PART 2
OFFSET  0.3046  8.0271 -9.8335
X  0.8101 -0.3127 -0.4960
Y -0.1334 -0.9220  0.3634
Z -0.5709 -0.2283 -0.7886

PART 3
OFFSET  10.1018  4.2457 -15.8318
X  0.7915 -0.3985  0.4634
Y -0.4571  0.1173  0.8817
Z -0.4057 -0.9096 -0.0893

PART 4
OFFSET  16.8337  0.8559 -11.8907
X  0.7915 -0.3985  0.4634
Y -0.5198 -0.0401  0.8534
Z -0.3215 -0.9163 -0.2389

PART 5
OFFSET  19.0502  1.6234 -11.6194
X  0.7953 -0.3967  0.4583
Y  0.4100  0.9090  0.0753
Z -0.4465  0.1280  0.8856

PART 6
OFFSET  17.9140 -0.3599 -12.5930
X  0.7953 -0.3967  0.4583
Y  0.4100  0.9090  0.0753
Z -0.4465  0.1280  0.8856

PART 7
OFFSET  17.9959  0.9793 -9.6223
X  0.7953 -0.3967  0.4583
Y  0.4100  0.9090  0.0753
Z -0.4465  0.1280  0.8856

PART 8
OFFSET  17.2809 -0.1607 -9.5964
X  0.7953 -0.3967  0.4583
Y  0.4100  0.9090  0.0753
Z -0.4465  0.1280  0.8856

PART 9
OFFSET  17.1695 -0.6717 -10.6744
X  0.7953 -0.3967  0.4583
Y  0.4100  0.9090  0.0753
Z -0.4465  0.1280  0.8856

PART 10
OFFSET  19.2602 -0.3659 -10.4702
X  0.6631 -0.3445  0.6646
Y -0.6886  0.0674  0.7220
Z -0.2935 -0.9364 -0.1925

PART 11
OFFSET  18.7734 -0.8403 -9.5535
X -0.2934 -0.7602  0.5797
Y -0.7654  0.5501  0.3341
Z -0.5729 -0.3457 -0.7432

PART 12
OFFSET  18.0321 -2.4450 -8.3105
X  0.6824 -0.7159  0.1475
Y -0.6292 -0.4726  0.6170
Z -0.3721 -0.5139 -0.7730

PART 13
OFFSET  19.1296 -3.6301 -8.1958
X  0.8447 -0.0486 -0.5330
Y  0.2013 -0.8939  0.4006
Z -0.4959 -0.4457 -0.7453

PART 14
OFFSET  20.0239 -3.7183 -8.7995
X  0.9836  0.0662  0.1679
Y -0.1714  0.6341  0.7540
Z -0.0565 -0.7704  0.6350

PART 15
OFFSET  20.4993 -0.9188 -10.7198
X  0.9242 -0.3612  0.1245
Y -0.3218 -0.9116 -0.2557
Z  0.2058  0.1963 -0.9587

PART 16
OFFSET  22.5063 -1.8707 -10.3319
X -0.4555 -0.8832  0.1114
Y -0.8616  0.4059 -0.3049
Z  0.2241 -0.2348 -0.9458

PART 17
OFFSET  21.8614 -3.1212 -10.1742
X -0.9764  0.1409 -0.1638
Y  0.1845  0.9384 -0.2922
Z  0.1126 -0.3155 -0.9422

PART 18
OFFSET  20.9957 -2.9962 -10.3195
X -0.9859  0.0646 -0.1544
Y  0.1010  0.9652 -0.2412
Z  0.1334 -0.2534 -0.9581

PART 19
OFFSET  20.0591 -2.9348 -10.4661
X  0.6714 -0.6187  0.4081
Y  0.7276  0.6551 -0.2039
Z -0.1412  0.4338  0.8899

PART 20
OFFSET  20.2285 -0.8191 -10.0669
X  0.8407 -0.3542  0.4095
Y -0.2765 -0.9312 -0.2376
Z  0.4655  0.0865 -0.8808

PART 21
OFFSET  22.4857 -1.7049 -9.1296
X -0.2928 -0.9550 -0.0472
Y -0.9055  0.2928 -0.3073
Z  0.3073 -0.0473 -0.9504

PART 22
OFFSET  21.9873 -3.3308 -9.2099
X -0.9466  0.0807 -0.3122
Y  0.1000  0.9939 -0.0464
Z  0.3065 -0.0751 -0.9489

PART 23
OFFSET  20.6754 -3.2190 -9.6426
X -0.9111  0.2580 -0.3213
Y  0.2687  0.9632  0.0113
Z  0.3124 -0.0761 -0.9469

PART 24
OFFSET  19.6872 -2.9392 -9.9911
X  0.6084 -0.7653  0.2103
Y  0.7287  0.6436  0.2341
Z -0.3145  0.0108  0.9492

PART 25
OFFSET  20.0536 -1.8227 -7.3783
X  0.6754 -0.5975  0.4321
Y  0.4464  0.7977  0.4054
Z -0.5870 -0.0809  0.8056

PART 26
OFFSET  21.4336 -1.3094 -7.2646
X  0.0054 -0.9875 -0.1573
Y -0.9190  0.0571 -0.3900
Z  0.3941  0.1467 -0.9073

PART 27
OFFSET  21.4432 -3.0482 -7.5415
X -0.8702 -0.1179 -0.4784
Y -0.1565  0.9868  0.0415
Z  0.4672  0.1110 -0.8772

PART 28
OFFSET  20.3569 -3.1982 -8.0697
X -0.9353  0.1503 -0.3202
Y  0.1247  0.9872  0.0991
Z  0.3310  0.0528 -0.9421

PART 29
OFFSET  19.3004 -3.0284 -8.4314
X  0.2850 -0.9253 -0.2502
Y  0.8768  0.1461  0.4582
Z -0.3874 -0.3500  0.8529

PART 30
OFFSET  22.0573 -1.5138 -8.1532
X -0.3193 -0.9293 -0.1856
Y -0.8607  0.3663 -0.3536
Z  0.3966  0.0468 -0.9168

PART 31
OFFSET  21.4335 -3.3292 -8.5158
X -0.9181  0.0487 -0.3934
Y  0.0091  0.9948  0.1019
Z  0.3963  0.0899 -0.9137

PART 32
OFFSET  20.0926 -3.2581 -9.0904
X -0.8472  0.4144 -0.3325
Y  0.3247  0.8992  0.2934
Z  0.4205  0.1406 -0.8963

PART 33
OFFSET  19.1358 -2.7883 -9.4735
X  0.4154 -0.9011  0.1248
Y  0.8229  0.4307  0.3705
Z -0.3876 -0.0512  0.9204

PART 34
OFFSET  20.9817 -2.7632 -9.3509
X  0.4083  0.0593 -0.9109
Y  0.2935  0.9364  0.1925
Z  0.8644 -0.3460  0.3649

PART 35
OFFSET  18.7859  0.9910 -12.0945
X  0.7953 -0.3967  0.4583
Y  0.4100  0.9090  0.0753
Z -0.4465  0.1280  0.8856

PART 36
OFFSET  17.9140 -0.3599 -12.5930
X  0.7953 -0.3967  0.4583
Y  0.4100  0.9090  0.0753
Z -0.4465  0.1280  0.8856

PART 37
OFFSET  17.9959  0.9793 -9.6223
X  0.7953 -0.3967  0.4583
Y  0.4100  0.9090  0.0753
Z -0.4465  0.1280  0.8856

PART 38
OFFSET  17.2809 -0.1607 -9.5964
X  0.7953 -0.3967  0.4583
Y  0.4100  0.9090  0.0753
Z -0.4465  0.1280  0.8856

PART 39
OFFSET  17.1695 -0.6717 -10.6744
X  0.7953 -0.3967  0.4583
Y  0.4100  0.9090  0.0753
Z -0.4465  0.1280  0.8856

PART 40
OFFSET  7.6684 -2.7165 -4.5658
X  0.9999  0.0103 -0.0046
Y -0.0102  0.9994  0.0318
Z  0.0049 -0.0318  0.9995

PART 41
OFFSET  7.6684 -2.7165 -4.5658
X  0.9999  0.0103 -0.0046
Y -0.0102  0.9994  0.0318
Z  0.0049 -0.0318  0.9995

PART 42
OFFSET  11.8811 -2.6668 -4.3055
X  0.9999  0.0103 -0.0046
Y -0.0102  0.9994  0.0318
Z  0.0049 -0.0318  0.9995

PART 43
OFFSET  14.2914 -3.5508 -2.5384
X  0.9999  0.0103 -0.0046
Y -0.0102  0.9994  0.0318
Z  0.0049 -0.0318  0.9995

PART 44
OFFSET -13.6310 -7.9373 -3.1869
X -0.5895  0.0172  0.8076
Y -0.1775 -0.9781 -0.1088
Z  0.7880 -0.2075  0.5797

PART 45
OFFSET -6.5014 -8.1452 -12.9536
X -0.8035 -0.3184 -0.5029
Y  0.5407 -0.0370 -0.8404
Z  0.2490 -0.9472  0.2019

PART 46
OFFSET  0.3330 -5.4370 -8.6759
X -0.8035 -0.3184 -0.5029
Y  0.5607 -0.1213 -0.8191
Z  0.1998 -0.9402  0.2760

PART 47
OFFSET  0.8037 -3.8674 -7.5622
X -0.8074 -0.3156 -0.4985
Y -0.2544  0.9486 -0.1884
Z  0.5323 -0.0253 -0.8462

PART 48
OFFSET  0.7446 -4.2841 -6.4403
X -0.8074 -0.3156 -0.4985
Y -0.2544  0.9486 -0.1884
Z  0.5323 -0.0253 -0.8462

PART 49
OFFSET  1.2710 -5.5150 -6.3040
X -0.8074 -0.3156 -0.4985
Y -0.2544  0.9486 -0.1884
Z  0.5323 -0.0253 -0.8462

PART 50
OFFSET  2.7964 -4.4609 -7.1340
X -0.9568 -0.1396 -0.2551
Y  0.2741 -0.1394 -0.9516
Z  0.0973 -0.9803  0.1716

PART 51
OFFSET  2.9223 -3.8610 -6.1715
X -0.5003 -0.6615 -0.5586
Y  0.5664  0.2380 -0.7891
Z  0.6549 -0.7112  0.2556

PART 52
OFFSET  3.9091 -2.4177 -4.9014
X -0.8968 -0.3650  0.2502
Y -0.0687 -0.4437 -0.8935
Z  0.4372 -0.8185  0.3728

PART 53
OFFSET  5.3037 -1.7633 -5.4004
X -0.5224 -0.0577  0.8508
Y -0.6564 -0.6096 -0.4444
Z  0.5443 -0.7906  0.2806

PART 54
OFFSET  5.8548 -1.6543 -6.3257
X -0.8705  0.3396  0.3562
Y  0.0846  0.8163 -0.5714
Z -0.4848 -0.4673 -0.7393

PART 55
OFFSET  3.8798 -4.2939 -7.9717
X -0.9286 -0.2879  0.2343
Y  0.3311 -0.9277  0.1724
Z  0.1677  0.2377  0.9568

PART 56
OFFSET  5.9500 -3.4987 -8.3799
X -0.0978 -0.9947  0.0317
Y  0.9440 -0.1028 -0.3136
Z  0.3152 -0.0007  0.9490

PART 57
OFFSET  6.0885 -2.0904 -8.4248
X  0.7720 -0.5798 -0.2606
Y  0.5673  0.8133 -0.1290
Z  0.2867 -0.0483  0.9568

PART 58
OFFSET  5.4040 -1.5763 -8.1938
X  0.8979  0.3185 -0.3039
Y -0.3055  0.9479  0.0908
Z  0.3170  0.0113  0.9484

PART 59
OFFSET  4.5510 -1.8789 -7.9051
X -0.5408 -0.8403  0.0383
Y -0.7684  0.5121  0.3839
Z -0.3422  0.1782 -0.9226

PART 60
OFFSET  3.9217 -4.3074 -7.2592
X -0.9665 -0.2532  0.0419
Y  0.2563 -0.9439  0.2081
Z -0.0132  0.2118  0.9772

PART 61
OFFSET  6.4378 -3.7027 -7.5084
X -0.1229 -0.9814  0.1474
Y  0.9380 -0.1634 -0.3056
Z  0.3240  0.1008  0.9407

PART 62
OFFSET  6.6470 -2.0318 -7.7594
X  0.8813 -0.3951 -0.2593
Y  0.3543  0.9155 -0.1906
Z  0.3127  0.0761  0.9468

PART 63
OFFSET  5.4256 -1.4843 -7.4001
X  0.8226  0.4793 -0.3058
Y -0.4785  0.8742  0.0829
Z  0.3071  0.0781  0.9485

PART 64
OFFSET  4.5334 -2.0041 -7.0684
X -0.3856 -0.8882  0.2499
Y -0.8762  0.4373  0.2024
Z -0.2890 -0.1409 -0.9469

PART 65
OFFSET -1.3653 -5.4496 -7.2991
X -0.9262 -0.3770 -0.0083
Y -0.3603  0.8912 -0.2754
Z  0.1112 -0.2521 -0.9613

PART 66
OFFSET  6.3539 -4.1760 -5.3585
X -0.9954 -0.0851 -0.0449
Y  0.0814 -0.9936  0.0789
Z -0.0513  0.0748  0.9959

PART 67
OFFSET  8.1064 -4.0262 -5.2795
X -0.9571 -0.2896 -0.0118
Y  0.2853 -0.9485  0.1380
Z -0.0511  0.1287  0.9904

PART 68
OFFSET  9.2668 -3.6663 -5.2050
X -0.9497 -0.3026 -0.0802
Y  0.2923 -0.9490  0.1183
Z -0.1119  0.0889  0.9897

PART 69
OFFSET  10.3396 -3.3246 -5.1144
X  0.0138  0.9802  0.1977
Y  0.9997 -0.0098 -0.0212
Z -0.0188  0.1979 -0.9800

PART 70
OFFSET  6.5318 -4.1663 -6.4488
X -0.2526 -0.9502  0.1825
Y  0.9582 -0.2719 -0.0891
Z  0.1343  0.1524  0.9792

PART 71
OFFSET  7.0253 -2.3100 -6.8054
X  0.8330 -0.5523 -0.0326
Y  0.5295  0.8129 -0.2428
Z  0.1606  0.1849  0.9695

PART 72
OFFSET  5.8086 -1.5032 -6.7577
X  0.8786  0.4038 -0.2548
Y -0.4477  0.8823 -0.1455
Z  0.1660  0.2419  0.9560

PART 73
OFFSET  4.8120 -1.9618 -6.4760
X -0.3984 -0.8886  0.2272
Y -0.8933  0.4321  0.1237
Z -0.2081 -0.1537 -0.9660

PART 74
OFFSET  0.8037 -3.8674 -7.5621
X -0.8074 -0.3156 -0.4985
Y -0.2544  0.9486 -0.1884
Z  0.5323 -0.0253 -0.8462

PART 75
OFFSET  0.7445 -4.2839 -6.4402
X -0.8074 -0.3156 -0.4985
Y -0.2544  0.9486 -0.1884
Z  0.5323 -0.0253 -0.8462

PART 76
OFFSET  1.2710 -5.5150 -6.3040
X -0.8074 -0.3156 -0.4985
Y -0.2544  0.9486 -0.1884
Z  0.5323 -0.0253 -0.8462

PART 77
OFFSET  0.0000 -0.0000 -0.0000
X  1.0000 -0.0000  0.0000
Y  0.0000  1.0000  0.0000
Z  0.0000 -0.0000  1.0000

PART 78
OFFSET -0.0000 -0.0000 -0.0000
X  1.0000  0.0000 -0.0092
Y  0.0001  1.0000  0.0092
Z  0.0092 -0.0092  0.9999

PART 79
OFFSET  1.5785 -0.0381  4.1212
X  1.0000  0.0000 -0.0092
Y  0.0001  1.0000  0.0092
Z  0.0092 -0.0092  0.9999


FRAME 2063
PART 0
OFFSET  0.0000 -0.0000 -0.0000
X  1.0000 -0.0000  0.0000
Y  0.0000  1.0000  0.0000
Z  0.0000 -0.0000  1.0000

PART 1
OFFSET -4.6318 -0.0000 -1.3770
X  1.0000 -0.0000  0.0000
Y  0.0000  1.0000  0.0000
Z  0.0000 -0.0000  1.0000

PART 2
OFFSET  0.2603  8.0241 -9.6954
X  0.8068 -0.3010 -0.5084
Y -0.1148 -0.9239  0.3649
Z -0.5796 -0.2361 -0.7800

PART 3
OFFSET  10.0174  4.3835 -15.8442
X  0.7853 -0.3827  0.4868
Y -0.4775  0.1262  0.8695
Z -0.3942 -0.9152 -0.0836

PART 4
OFFSET  16.6963  1.1287 -11.7040
X  0.7853 -0.3827  0.4868
Y -0.5460 -0.0571  0.8359
Z -0.2921 -0.9221 -0.2538

PART 5
OFFSET  18.8981  1.9243 -11.3968
X  0.7892 -0.3809  0.4818
Y  0.3988  0.9144  0.0697
Z -0.4671  0.1371  0.8735

PART 6
OFFSET  17.8043 -0.0862 -12.3631
X  0.7892 -0.3809  0.4818
Y  0.3988  0.9144  0.0697
Z -0.4671  0.1371  0.8735

PART 7
OFFSET  17.8071  1.3002 -9.4131
X  0.7892 -0.3809  0.4818
Y  0.3988  0.9144  0.0697
Z -0.4671  0.1371  0.8735

PART 8
OFFSET  17.1036  0.1531 -9.3846
X  0.7892 -0.3809  0.4818
Y  0.3988  0.9144  0.0697
Z -0.4671  0.1371  0.8735

PART 9
OFFSET  17.0212 -0.3759 -10.4565
X  0.7892 -0.3809  0.4818
Y  0.3988  0.9144  0.0697
Z -0.4671  0.1371  0.8735

PART 10
OFFSET  19.1036 -0.0444 -10.2117
X  0.6694 -0.3589  0.6505
Y -0.6861  0.0372  0.7266
Z -0.2850 -0.9326 -0.2213

PART 11
OFFSET  18.6256 -0.5529 -9.3088
X -0.2832 -0.7813  0.5562
Y -0.7694  0.5313  0.3547
Z -0.5726 -0.3274 -0.7516

PART 12
OFFSET  17.9058 -2.2041 -8.1151
X  0.6902 -0.7133  0.1216
Y -0.6217 -0.4985  0.6041
Z -0.3703 -0.4926 -0.7876

PART 13
OFFSET  19.0156 -3.3811 -8.0429
X  0.8428 -0.0229 -0.5377
Y  0.2120 -0.9042  0.3708
Z -0.4946 -0.4265 -0.7572

PART 14
OFFSET  19.9080 -3.4408 -8.6527
X  0.9836  0.0707  0.1659
Y -0.1744  0.6078  0.7747
Z -0.0461 -0.7909  0.6102

PART 15
OFFSET  20.3471 -0.5765 -10.4840
X  0.9283 -0.3556  0.1091
Y -0.3138 -0.9062 -0.2836
Z  0.1997  0.2290 -0.9527

PART 16
OFFSET  22.3652 -1.5199 -10.1350
X -0.4461 -0.8909  0.0848
Y -0.8669  0.4067 -0.2882
Z  0.2223 -0.2021 -0.9538

PART 17
OFFSET  21.7335 -2.7813 -10.0150
X -0.9784  0.1362 -0.1553
Y  0.1738  0.9491 -0.2626
Z  0.1116 -0.2839 -0.9523

PART 18
OFFSET  20.8660 -2.6605 -10.1526
X -0.9872  0.0595 -0.1482
Y  0.0903  0.9734 -0.2105
Z  0.1318 -0.2212 -0.9663

PART 19
OFFSET  19.9282 -2.6039 -10.2934
X  0.6793 -0.6246  0.3853
Y  0.7201  0.6686 -0.1856
Z -0.1416  0.4035  0.9039

PART 20
OFFSET  20.0781 -0.5004 -9.8271
X  0.8460 -0.3586  0.3945
Y -0.2683 -0.9258 -0.2663
Z  0.4608  0.1194 -0.8794

PART 21
OFFSET  22.3482 -1.3930 -8.9279
X -0.2834 -0.9559 -0.0766
Y -0.9097  0.2933 -0.2941
Z  0.3036 -0.0136 -0.9527

PART 22
OFFSET  21.8657 -3.0205 -9.0584
X -0.9487  0.0811 -0.3056
Y  0.0899  0.9958 -0.0148
Z  0.3031 -0.0415 -0.9520

PART 23
OFFSET  20.5508 -2.9081 -9.4819
X -0.9151  0.2589 -0.3092
Y  0.2591  0.9650  0.0412
Z  0.3090 -0.0425 -0.9501

PART 24
OFFSET  19.5584 -2.6273 -9.8173
X  0.6169 -0.7654  0.1831
Y  0.7232  0.6431  0.2517
Z -0.3104 -0.0229  0.9503

PART 25
OFFSET  19.9250 -1.5916 -7.1715
X  0.6833 -0.6042  0.4100
Y  0.4402  0.7888  0.4290
Z -0.5826 -0.1127  0.8049

PART 26
OFFSET  21.3003 -1.0683 -7.0469
X  0.0146 -0.9819 -0.1890
Y -0.9213  0.0602 -0.3843
Z  0.3887  0.1797 -0.9037

PART 27
OFFSET  21.3261 -2.7970 -7.3796
X -0.8711 -0.1113 -0.4784
Y -0.1662  0.9833  0.0738
Z  0.4622  0.1438 -0.8750

PART 28
OFFSET  20.2390 -2.9410 -7.9080
X -0.9382  0.1510 -0.3114
Y  0.1153  0.9848  0.1303
Z  0.3264  0.0863 -0.9413

PART 29
OFFSET  19.1793 -2.7704 -8.2598
X  0.2932 -0.9138 -0.2810
Y  0.8772  0.1402  0.4591
Z -0.3801 -0.3811  0.8428

PART 30
OFFSET  21.9221 -1.2377 -7.9441
X -0.3108 -0.9261 -0.2141
Y -0.8658  0.3688 -0.3382
Z  0.3921  0.0802 -0.9164

PART 31
OFFSET  21.3150 -3.0468 -8.3623
X -0.9202  0.0520 -0.3880
Y -0.0004  0.9910  0.1338
Z  0.3914  0.1232 -0.9119

PART 32
OFFSET  19.9709 -2.9708 -8.9290
X -0.8527  0.4163 -0.3156
Y  0.3170  0.8925  0.3208
Z  0.4152  0.1736 -0.8930

PART 33
OFFSET  19.0078 -2.4987 -9.2929
X  0.4249 -0.9003  0.0941
Y  0.8202  0.4269  0.3808
Z -0.3830 -0.0846  0.9198

PART 34
OFFSET  20.8538 -2.4588 -9.1770
X  0.4037  0.0927 -0.9102
Y  0.2850  0.9326  0.2213
Z  0.8694 -0.3487  0.3501

PART 35
OFFSET  18.6509  1.2816 -11.8674
X  0.7892 -0.3809  0.4818
Y  0.3988  0.9144  0.0697
Z -0.4671  0.1371  0.8735

PART 36
OFFSET  17.8043 -0.0862 -12.3631
X  0.7892 -0.3809  0.4818
Y  0.3988  0.9144  0.0697
Z -0.4671  0.1371  0.8735

PART 37
OFFSET  17.8071  1.3002 -9.4131
X  0.7892 -0.3809  0.4818
Y  0.3988  0.9144  0.0697
Z -0.4671  0.1371  0.8735

PART 38
OFFSET  17.1036  0.1531 -9.3846
X  0.7892 -0.3809  0.4818
Y  0.3988  0.9144  0.0697
Z -0.4671  0.1371  0.8735

PART 39
OFFSET  17.0212 -0.3759 -10.4565
X  0.7892 -0.3809  0.4818
Y  0.3988  0.9144  0.0697
Z -0.4671  0.1371  0.8735

PART 40
OFFSET  7.5586 -2.7940 -4.3280
X  0.9998  0.0206 -0.0083
Y -0.0200  0.9977  0.0640
Z  0.0096 -0.0638  0.9979

PART 41
OFFSET  7.5586 -2.7940 -4.3280
X  0.9998  0.0206 -0.0083
Y -0.0200  0.9977  0.0640
Z  0.0096 -0.0638  0.9979

PART 42
OFFSET  11.7717 -2.7100 -4.0833
X  0.9998  0.0206 -0.0083
Y -0.0200  0.9977  0.0640
Z  0.0096 -0.0638  0.9979

PART 43
OFFSET  14.1984 -3.6258 -2.3552
X  0.9998  0.0206 -0.0083
Y -0.0200  0.9977  0.0640
Z  0.0096 -0.0638  0.9979

PART 44
OFFSET -13.2899 -7.9373 -3.1869
X -0.5709  0.0176  0.8208
Y -0.1829 -0.9774 -0.1063
Z  0.8004 -0.2108  0.5612

PART 45
OFFSET -6.3853 -8.1500 -13.1138
X -0.7824 -0.3168 -0.5361
Y  0.5701 -0.0179 -0.8214
Z  0.2506 -0.9483  0.1946

PART 46
OFFSET  0.2696 -5.4554 -8.5537
X -0.7824 -0.3168 -0.5361
Y  0.5850 -0.0786 -0.8072
Z  0.2136 -0.9452  0.2469

PART 47
OFFSET  0.6863 -3.9010 -7.3980
X -0.7865 -0.3141 -0.5318
Y -0.2566  0.9494 -0.1813
Z  0.5618 -0.0062 -0.8273

PART 48
OFFSET  0.5919 -4.3373 -6.2860
X -0.7865 -0.3141 -0.5318
Y -0.2566  0.9494 -0.1813
Z  0.5618 -0.0062 -0.8273

PART 49
OFFSET  1.1246 -5.5657 -6.1520
X -0.7865 -0.3141 -0.5318
Y -0.2566  0.9494 -0.1813
Z  0.5618 -0.0062 -0.8273

PART 50
OFFSET  2.6682 -4.4842 -6.9101
X -0.9592 -0.1371 -0.2472
Y  0.2617 -0.1000 -0.9599
Z  0.1069 -0.9855  0.1319

PART 51
OFFSET  2.8033 -3.9213 -5.9267
X -0.5032 -0.6432 -0.5771
Y  0.5535  0.2730 -0.7868
Z  0.6636 -0.7154  0.2186

PART 52
OFFSET  3.7970 -2.5209 -4.6148
X -0.8905 -0.3815  0.2480
Y -0.0780 -0.4091 -0.9092
Z  0.4483 -0.8289  0.3345

PART 53
OFFSET  5.1797 -1.8365 -5.1069
X -0.5100 -0.0949  0.8549
Y -0.6581 -0.5970 -0.4588
Z  0.5540 -0.7966  0.2420

PART 54
OFFSET  5.7170 -1.6873 -6.0347
X -0.8679  0.3186  0.3811
Y  0.0706  0.8386 -0.5402
Z -0.4917 -0.4419 -0.7503

PART 55
OFFSET  3.7386 -4.2761 -7.7554
X -0.9231 -0.3041  0.2356
Y  0.3403 -0.9311  0.1315
Z  0.1794  0.2015  0.9629

PART 56
OFFSET  5.7969 -3.4494 -8.1606
X -0.0901 -0.9959 -0.0058
Y  0.9402 -0.0831 -0.3303
Z  0.3285 -0.0352  0.9439

PART 57
OFFSET  5.9245 -2.0394 -8.1523
X  0.7725 -0.5631 -0.2936
Y  0.5595  0.8222 -0.1048
Z  0.3004 -0.0833  0.9502

PART 58
OFFSET  5.2396 -1.5401 -7.8920
X  0.8912  0.3372 -0.3035
Y -0.3111  0.9412  0.1319
Z  0.3301 -0.0231  0.9437

PART 59
OFFSET  4.3929 -1.8604 -7.6037
X -0.5341 -0.8454  0.0129
Y -0.7667  0.4906  0.4141
Z -0.3564  0.2113 -0.9101

PART 60
OFFSET  3.7905 -4.3171 -7.0446
X -0.9640 -0.2622  0.0452
Y  0.2661 -0.9493  0.1675
Z -0.0010  0.1735  0.9848

PART 61
OFFSET  6.2984 -3.6833 -7.3045
X -0.1136 -0.9873  0.1107
Y  0.9348 -0.1439 -0.3246
Z  0.3364  0.0666  0.9394

PART 62
OFFSET  6.4918 -2.0023 -7.4929
X  0.8804 -0.3777 -0.2866
Y  0.3449  0.9250 -0.1595
Z  0.3254  0.0416  0.9447

PART 63
OFFSET  5.2715 -1.4789 -7.0956
X  0.8147  0.4973 -0.2981
Y -0.4837  0.8665  0.1236
Z  0.3198  0.0435  0.9465

PART 64
OFFSET  4.3879 -2.0182 -6.7723
X -0.3755 -0.9003  0.2202
Y -0.8765  0.4222  0.2313
Z -0.3012 -0.1062 -0.9476

PART 65
OFFSET -1.4879 -5.4985 -7.0567
X -0.9234 -0.3837 -0.0103
Y -0.3707  0.8984 -0.2354
Z  0.0996 -0.2136 -0.9718

PART 66
OFFSET  6.2481 -4.2407 -5.1737
X -0.9980 -0.0520 -0.0360
Y  0.0507 -0.9980  0.0375
Z -0.0379  0.0356  0.9986

PART 67
OFFSET  8.0053 -4.1491 -5.1103
X -0.9486 -0.3163 -0.0059
Y  0.3143 -0.9444  0.0964
Z -0.0361  0.0896  0.9953

PART 68
OFFSET  9.1563 -3.7591 -5.0427
X -0.9422 -0.3264 -0.0749
Y  0.3210 -0.9440  0.0766
Z -0.0957  0.0481  0.9942

PART 69
OFFSET  10.2206 -3.3904 -4.9580
X -0.0099  0.9720  0.2349
Y  0.9990  0.0197 -0.0393
Z -0.0428  0.2343 -0.9712

PART 70
OFFSET  6.4106 -4.1871 -6.2651
X -0.2430 -0.9585  0.1487
Y  0.9588 -0.2606 -0.1128
Z  0.1469  0.1152  0.9824

PART 71
OFFSET  6.8854 -2.3145 -6.5556
X  0.8365 -0.5440 -0.0656
Y  0.5200  0.8258 -0.2180
Z  0.1728  0.1483  0.9737

PART 72
OFFSET  5.6636 -1.5198 -6.4598
X  0.8720  0.4204 -0.2508
Y -0.4562  0.8837 -0.1048
Z  0.1776  0.2058  0.9623

PART 73
OFFSET  4.6745 -1.9968 -6.1826
X -0.3886 -0.8999  0.1978
Y -0.8946  0.4199  0.1528
Z -0.2205 -0.1175 -0.9683

PART 74
OFFSET  0.6863 -3.9010 -7.3980
X -0.7865 -0.3141 -0.5318
Y -0.2566  0.9494 -0.1813
Z  0.5618 -0.0062 -0.8273

PART 75
OFFSET  0.5918 -4.3371 -6.2860
X -0.7865 -0.3141 -0.5318
Y -0.2566  0.9494 -0.1813
Z  0.5618 -0.0062 -0.8273

PART 76
OFFSET  1.1247 -5.5657 -6.1520
X -0.7865 -0.3141 -0.5318
Y -0.2566  0.9494 -0.1813
Z  0.5618 -0.0062 -0.8273

PART 77
