// Export filename: `C:\projects\cod\t5\xanim_export\t5_viewmodels\ak74u\ak74u_dualclip_grip_reload_empty.XANIM_EXPORT`
// Source filename: `D:\projects\devanim\t5\animation_assets\viewmodels\ak74u/t5_viewmodel_ak74u_animated.fbx`
// Export time: Sat Aug 28 19:56:31 2010

ANIMATION
VERSION 3

NUMPARTS 80
PART 0 "tag_ads"
PART 1 "tag_torso"
PART 2 "J_Shoulder_LE"
PART 3 "J_Elbow_LE"
PART 4 "J_WristTwist_LE"
PART 5 "J_Sleave_Reshape_Bottom_LE_1"
PART 6 "J_Sleave_Reshape_Bottom_LE_2"
PART 7 "J_Sleave_Reshape_Top_LE_1"
PART 8 "J_Sleave_Reshape_Top_LE_2"
PART 9 "J_Sleave_Reshape_Top_LE_3"
PART 10 "J_Wrist_LE"
PART 11 "J_Thumb_LE_0"
PART 12 "J_Thumb_LE_1"
PART 13 "J_Thumb_LE_2"
PART 14 "J_Thumb_LE_3"
PART 15 "J_PinkyPalm_LE"
PART 16 "J_Pinky_LE_0"
PART 17 "J_Pinky_LE_1"
PART 18 "J_Pinky_LE_2"
PART 19 "J_Pinky_LE_3"
PART 20 "J_RingPalm_LE"
PART 21 "J_Ring_LE_0"
PART 22 "J_Ring_LE_1"
PART 23 "J_Ring_LE_2"
PART 24 "J_Ring_LE_3"
PART 25 "J_Webbing_LE"
PART 26 "J_Index_LE_0"
PART 27 "J_Index_LE_1"
PART 28 "J_Index_LE_2"
PART 29 "J_Index_LE_3"
PART 30 "J_Mid_LE_0"
PART 31 "J_Mid_LE_1"
PART 32 "J_Mid_LE_2"
PART 33 "J_Mid_LE_3"
PART 34 "tag_knife_attach"
PART 35 "D_Sleave_Reshape_Bottom_LE_1"
PART 36 "D_Sleave_Reshape_Bottom_LE_2"
PART 37 "D_Sleave_Reshape_Top_LE_1"
PART 38 "D_Sleave_Reshape_Top_LE_2"
PART 39 "D_Sleave_Reshape_Top_LE_3"
PART 40 "tag_weapon"
PART 41 "J_Gun"
PART 42 "J_Bolt"
PART 43 "TAG_DUAL_CLIP"
PART 44 "J_Shoulder_RI"
PART 45 "J_Elbow_RI"
PART 46 "J_WristTwist_RI"
PART 47 "J_Sleave_Reshape_Top_RI_3"
PART 48 "J_Sleave_Reshape_Top_RI_2"
PART 49 "J_Sleave_Reshape_Top_RI_1"
PART 50 "J_Wrist_RI"
PART 51 "J_Thumb_RI_0"
PART 52 "J_Thumb_RI_1"
PART 53 "J_Thumb_RI_2"
PART 54 "J_Thumb_RI_3"
PART 55 "J_PinkyPalm_RI"
PART 56 "J_Pinky_RI_0"
PART 57 "J_Pinky_RI_1"
PART 58 "J_Pinky_RI_2"
PART 59 "J_Pinky_RI_3"
PART 60 "J_RingPalm_RI"
PART 61 "J_Ring_RI_0"
PART 62 "J_Ring_RI_1"
PART 63 "J_Ring_RI_2"
PART 64 "J_Ring_RI_3"
PART 65 "J_Webbing_RI"
PART 66 "J_Index_RI_0"
PART 67 "J_Index_RI_1"
PART 68 "J_Index_RI_2"
PART 69 "J_Index_RI_3"
PART 70 "J_Mid_RI_0"
PART 71 "J_Mid_RI_1"
PART 72 "J_Mid_RI_2"
PART 73 "J_Mid_RI_3"
PART 74 "D_Sleave_Reshape_Top_RI_3"
PART 75 "D_Sleave_Reshape_Top_RI_2"
PART 76 "D_Sleave_Reshape_Top_RI_1"
PART 77 "tag_cambone"
PART 78 "tag_camera"
PART 79 "tag_gasmask"

FRAMERATE 30
NUMFRAMES 121

FRAME 5600
PART 0
OFFSET  0.0000 -0.0000 -0.0000
X  1.0000 -0.0000  0.0000
Y  0.0000  1.0000  0.0000
Z  0.0000 -0.0000  1.0000

PART 1
OFFSET -4.6318 -0.0000 -1.3770
X  1.0000 -0.0000  0.0000
Y  0.0000  1.0000  0.0000
Z  0.0000 -0.0000  1.0000

PART 2
OFFSET -1.6642  7.9373 -3.1869
X  0.7233 -0.2668 -0.6370
Y -0.1082 -0.9548  0.2770
Z -0.6820 -0.1315 -0.7194

PART 3
OFFSET  7.0828  4.7109 -10.8903
X  0.8419 -0.4587  0.2842
Y -0.3114  0.0172  0.9501
Z -0.4407 -0.8884 -0.1284

PART 4
OFFSET  14.2434  0.8091 -8.4727
X  0.8419 -0.4587  0.2842
Y -0.3424 -0.0470  0.9384
Z -0.4171 -0.8873 -0.1966

PART 5
OFFSET  16.4963  1.5160 -8.4668
X  0.8449 -0.4564  0.2789
Y  0.4428  0.8894  0.1139
Z -0.3000  0.0273  0.9535

PART 6
OFFSET  15.1663 -0.3265 -9.4711
X  0.8449 -0.4564  0.2789
Y  0.4428  0.8894  0.1139
Z -0.3000  0.0273  0.9535

PART 7
OFFSET  15.7460  0.6517 -6.4162
X  0.8449 -0.4564  0.2789
Y  0.4428  0.8894  0.1139
Z -0.3000  0.0273  0.9535

PART 8
OFFSET  15.0110 -0.4759 -6.4095
X  0.8449 -0.4564  0.2789
Y  0.4428  0.8894  0.1139
Z -0.3000  0.0273  0.9535

PART 9
OFFSET  14.7192 -0.8548 -7.5081
X  0.8449 -0.4564  0.2789
Y  0.4428  0.8894  0.1139
Z -0.3000  0.0273  0.9535

PART 10
OFFSET  16.8243 -0.5972 -7.6013
X  0.8454 -0.3940  0.3606
Y -0.3904  0.0049  0.9206
Z -0.3645 -0.9191 -0.1497

PART 11
OFFSET  16.6782 -1.1471 -6.6121
X  0.1769 -0.8655  0.4686
Y -0.5291  0.3178  0.7868
Z -0.8299 -0.3871 -0.4017

PART 12
OFFSET  16.9610 -3.0046 -5.5447
X  0.7292 -0.6256 -0.2774
Y -0.2044 -0.5859  0.7842
Z -0.6531 -0.5151 -0.5551

PART 13
OFFSET  18.0771 -4.0373 -6.1014
X  0.5254 -0.0018 -0.8509
Y  0.3954 -0.8850  0.2460
Z -0.7534 -0.4657 -0.4642

PART 14
OFFSET  18.6175 -4.0756 -7.0386
X  0.9533  0.1154 -0.2792
Y  0.1506  0.6196  0.7703
Z  0.2619 -0.7764  0.5733

PART 15
OFFSET  17.8841 -1.1216 -8.3121
X  0.9004 -0.3653 -0.2363
Y -0.4126 -0.8894 -0.1968
Z -0.1383  0.2747 -0.9515

PART 16
OFFSET  19.8766 -2.0916 -8.7286
X  0.1824 -0.9765  0.1148
Y -0.9743 -0.1638  0.1548
Z -0.1324 -0.1401 -0.9812

PART 17
OFFSET  20.1349 -3.4741 -8.5661
X -0.9452 -0.2896  0.1507
Y -0.3110  0.9391 -0.1462
Z -0.0992 -0.1851 -0.9777

PART 18
OFFSET  19.2968 -3.7309 -8.4325
X -0.8935  0.4466  0.0466
Y  0.4351  0.8867 -0.1563
Z -0.1112 -0.1194 -0.9866

PART 19
OFFSET  18.4479 -3.3065 -8.3881
X  0.4263 -0.8810  0.2051
Y  0.8894  0.3669 -0.2727
Z  0.1650  0.2987  0.9400

PART 20
OFFSET  17.8614 -1.0767 -7.6001
X  0.9222 -0.3820  0.0595
Y -0.3643 -0.9101 -0.1973
Z  0.1296  0.1603 -0.9785

PART 21
OFFSET  20.2822 -2.0243 -7.5866
X  0.0244 -0.9967 -0.0768
Y -0.9973 -0.0296  0.0672
Z -0.0693  0.0750 -0.9948

PART 22
OFFSET  20.3237 -3.7213 -7.7173
X -0.9898 -0.1318  0.0540
Y -0.1287  0.9901  0.0560
Z -0.0608  0.0485 -0.9970

PART 23
OFFSET  18.9519 -3.9039 -7.6425
X -0.6186  0.7824  0.0722
Y  0.7838  0.6208 -0.0125
Z -0.0546  0.0489 -0.9973

PART 24
OFFSET  18.2811 -3.0553 -7.5642
X  0.0563 -0.9933 -0.1011
Y  0.9983  0.0575 -0.0087
Z  0.0145 -0.1004  0.9948

PART 25
OFFSET  18.6152 -2.2967 -5.1081
X  0.7696 -0.6273  0.1196
Y  0.5789  0.7644  0.2839
Z -0.2695 -0.1492  0.9514

PART 26
OFFSET  19.9595 -1.7873 -5.4461
X  0.3284 -0.9432 -0.0502
Y -0.9288 -0.3127 -0.1990
Z  0.1720  0.1120 -0.9787

PART 27
OFFSET  20.5376 -3.4479 -5.5346
X -0.9210 -0.2730 -0.2780
Y -0.2894  0.9570  0.0187
Z  0.2609  0.0977 -0.9604

PART 28
OFFSET  19.4021 -3.7858 -5.8141
X -0.7592  0.6453 -0.0846
Y  0.6388  0.7637  0.0930
Z  0.1247  0.0165 -0.9921

PART 29
OFFSET  18.5446 -3.0568 -5.9098
X -0.2945 -0.8949 -0.3354
Y  0.8917 -0.3835  0.2405
Z -0.3438 -0.2283  0.9109

PART 30
OFFSET  20.2275 -1.9154 -6.5102
X  0.1439 -0.9895 -0.0094
Y -0.9835 -0.1420 -0.1117
Z  0.1092  0.0253 -0.9937

PART 31
OFFSET  20.5086 -3.8486 -6.5286
X -0.9930 -0.0691 -0.0957
Y -0.0748  0.9955  0.0573
Z  0.0913  0.0641 -0.9938

PART 32
OFFSET  19.0582 -3.9495 -6.6683
X -0.6009  0.7989  0.0264
Y  0.7912  0.5898  0.1616
Z  0.1136  0.1180 -0.9865

PART 33
OFFSET  18.3779 -3.0443 -6.6455
X -0.0519 -0.9968 -0.0604
Y  0.9980 -0.0539  0.0329
Z -0.0360 -0.0586  0.9976

PART 34
OFFSET  18.7712 -3.0687 -7.3478
X  0.0648  0.1353 -0.9887
Y  0.3645  0.9191  0.1497
Z  0.9289 -0.3701  0.0102

PART 35
OFFSET  16.1435  0.9469 -8.9640
X  0.8449 -0.4564  0.2789
Y  0.4428  0.8894  0.1139
Z -0.3000  0.0273  0.9535

PART 36
OFFSET  15.1663 -0.3265 -9.4711
X  0.8449 -0.4564  0.2789
Y  0.4428  0.8894  0.1139
Z -0.3000  0.0273  0.9535

PART 37
OFFSET  15.7460  0.6517 -6.4162
X  0.8449 -0.4564  0.2789
Y  0.4428  0.8894  0.1139
Z -0.3000  0.0273  0.9535

PART 38
OFFSET  15.0110 -0.4759 -6.4095
X  0.8449 -0.4564  0.2789
Y  0.4428  0.8894  0.1139
Z -0.3000  0.0273  0.9535

PART 39
OFFSET  14.7192 -0.8548 -7.5081
X  0.8449 -0.4564  0.2789
Y  0.4428  0.8894  0.1139
Z -0.3000  0.0273  0.9535

PART 40
OFFSET  7.7688 -2.6416 -4.8099
X  1.0000 -0.0000  0.0000
Y  0.0000  1.0000  0.0000
Z  0.0000 -0.0000  1.0000

PART 41
OFFSET  7.7688 -2.6416 -4.8099
X  1.0000 -0.0000  0.0000
Y  0.0000  1.0000  0.0000
Z  0.0000 -0.0000  1.0000

PART 42
OFFSET  14.3735 -3.4784 -2.7246
X  1.0000 -0.0000  0.0000
Y  0.0000  1.0000  0.0000
Z  0.0000 -0.0000  1.0000

PART 43
OFFSET  11.9805 -2.6266 -4.5307
X  1.0000 -0.0000  0.0000
Y  0.0000  1.0000  0.0000
Z  0.0000 -0.0000  1.0000

PART 44
OFFSET -13.9227 -7.9373 -3.1869
X -0.6053  0.0162  0.7958
Y -0.1718 -0.9789 -0.1107
Z  0.7772 -0.2037  0.5953

PART 45
OFFSET -6.6022 -8.1338 -12.8116
X -0.8222 -0.3196 -0.4710
Y  0.5121 -0.0542 -0.8572
Z  0.2484 -0.9460  0.2082

PART 46
OFFSET  0.3912 -5.4156 -8.8058
X -0.8222 -0.3196 -0.4710
Y  0.5374 -0.1634 -0.8273
Z  0.1874 -0.9334  0.3061

PART 47
OFFSET  0.9106 -3.8330 -7.7329
X -0.8259 -0.3166 -0.4664
Y -0.2534  0.9476 -0.1946
Z  0.5036 -0.0425 -0.8629

PART 48
OFFSET  0.8857 -4.2320 -6.6033
X -0.8259 -0.3166 -0.4664
Y -0.2534  0.9476 -0.1946
Z  0.5036 -0.0425 -0.8629

PART 49
OFFSET  1.4070 -5.4649 -6.4654
X -0.8259 -0.3166 -0.4664
Y -0.2534  0.9476 -0.1946
Z  0.5036 -0.0425 -0.8629

PART 50
OFFSET  2.9119 -4.4359 -7.3619
X -0.9546 -0.1418 -0.2621
Y  0.2850 -0.1775 -0.9420
Z  0.0871 -0.9739  0.2098

PART 51
OFFSET  3.0305 -3.8010 -6.4212
X -0.4986 -0.6783 -0.5397
Y  0.5783  0.2035 -0.7900
Z  0.6457 -0.7060  0.2908

PART 52
OFFSET  4.0128 -2.3183 -5.1938
X -0.9028 -0.3483  0.2521
Y -0.0610 -0.4767 -0.8770
Z  0.4256 -0.8071  0.4091

PART 53
OFFSET  5.4190 -1.6940 -5.6990
X -0.5336 -0.0214  0.8455
Y -0.6557 -0.6209 -0.4295
Z  0.5342 -0.7836  0.3173

PART 54
OFFSET  5.9827 -1.6245 -6.6205
X -0.8721  0.3596  0.3318
Y  0.0986  0.7934 -0.6007
Z -0.4792 -0.4912 -0.7274

PART 55
OFFSET  4.0072 -4.3092 -8.1912
X -0.9338 -0.2716  0.2329
Y  0.3213 -0.9230  0.2116
Z  0.1575  0.2724  0.9492

PART 56
OFFSET  6.0889 -3.5460 -8.6022
X -0.1064 -0.9920  0.0680
Y  0.9470 -0.1219 -0.2972
Z  0.3031  0.0328  0.9524

PART 57
OFFSET  6.2395 -2.1416 -8.6984
X  0.7704 -0.5952 -0.2284
Y  0.5756  0.8034 -0.1522
Z  0.2741 -0.0142  0.9616

PART 58
OFFSET  5.5564 -1.6139 -8.4959
X  0.9043  0.2998 -0.3040
Y -0.2988  0.9530  0.0509
Z  0.3049  0.0448  0.9513

PART 59
OFFSET  4.6973 -1.8987 -8.2071
X -0.5482 -0.8340  0.0630
Y -0.7690  0.5322  0.3543
Z -0.3290  0.1458 -0.9330

PART 60
OFFSET  4.0399 -4.2960 -7.4782
X -0.9690 -0.2439  0.0388
Y  0.2458 -0.9373  0.2469
Z -0.0239  0.2488  0.9683

PART 61
OFFSET  6.5638 -3.7206 -7.7173
X -0.1328 -0.9741  0.1828
Y  0.9405 -0.1821 -0.2870
Z  0.3128  0.1338  0.9403

PART 62
OFFSET  6.7899 -2.0621 -8.0285
X  0.8812 -0.4114 -0.2327
Y  0.3642  0.9048 -0.2204
Z  0.3012  0.1095  0.9472

PART 63
OFFSET  5.5686 -1.4920 -7.7060
X  0.8304  0.4610 -0.3130
Y -0.4723  0.8804  0.0436
Z  0.2956  0.1116  0.9488

PART 64
OFFSET  4.6680 -1.9919 -7.3665
X -0.3960 -0.8751  0.2782
Y -0.8751  0.4514  0.1743
Z -0.2781 -0.1744 -0.9446

PART 65
OFFSET -1.2553 -5.3980 -7.5437
X -0.9291 -0.3699 -0.0061
Y -0.3495  0.8829 -0.3136
Z  0.1213 -0.2892 -0.9496

PART 66
OFFSET  6.4488 -4.1115 -5.5522
X -0.9803 -0.1931 -0.0406
Y  0.1869 -0.9747  0.1229
Z -0.0633  0.1129  0.9916

PART 67
OFFSET  8.1748 -3.7715 -5.4807
X -0.9741 -0.2239 -0.0304
Y  0.2152 -0.9603  0.1773
Z -0.0689  0.1662  0.9837

PART 68
OFFSET  9.3549 -3.4893 -5.3840
X -0.9659 -0.2397 -0.0981
Y  0.2227 -0.9620  0.1579
Z -0.1323  0.1307  0.9826

PART 69
OFFSET  10.4459 -3.2185 -5.2731
X  0.0762  0.9832  0.1658
Y  0.9969 -0.0787  0.0085
Z  0.0214  0.1646 -0.9861

PART 70
OFFSET  6.6406 -4.1444 -6.6397
X -0.2627 -0.9406  0.2150
Y  0.9570 -0.2824 -0.0663
Z  0.1231  0.1883  0.9744

PART 71
OFFSET  7.1538 -2.3069 -7.0597
X  0.8288 -0.5596 -0.0009
Y  0.5392  0.7990 -0.2664
Z  0.1498  0.2203  0.9639

PART 72
OFFSET  5.9432 -1.4895 -7.0585
X  0.8851  0.3871 -0.2584
Y -0.4386  0.8795 -0.1846
Z  0.1558  0.2767  0.9482

PART 73
OFFSET  4.9394 -1.9293 -6.7726
X -0.4085 -0.8763  0.2554
Y -0.8912  0.4434  0.0957
Z -0.1971 -0.1885 -0.9621

PART 74
OFFSET  0.9106 -3.8330 -7.7328
X -0.8259 -0.3166 -0.4664
Y -0.2534  0.9476 -0.1946
Z  0.5036 -0.0425 -0.8629

PART 75
OFFSET  0.8856 -4.2318 -6.6032
X -0.8259 -0.3166 -0.4664
Y -0.2534  0.9476 -0.1946
Z  0.5036 -0.0425 -0.8629

PART 76
OFFSET  1.4071 -5.4649 -6.4655
X -0.8259 -0.3166 -0.4664
Y -0.2534  0.9476 -0.1946
Z  0.5036 -0.0425 -0.8629

PART 77
OFFSET  0.0000 -0.0000 -0.0000
X  1.0000 -0.0000  0.0000
Y  0.0000  1.0000  0.0000
Z  0.0000 -0.0000  1.0000

PART 78
OFFSET  0.0000 -0.0000 -0.0000
X  1.0000 -0.0000  0.0000
Y  0.0000  1.0000  0.0000
Z  0.0000 -0.0000  1.0000

PART 79
OFFSET  1.5404 -0.0000  4.1357
X  1.0000 -0.0000  0.0000
Y  0.0000  1.0000  0.0000
Z  0.0000 -0.0000  1.0000


FRAME 5601
PART 0
OFFSET  0.0000 -0.0000 -0.0000
X  1.0000 -0.0000  0.0000
Y  0.0000  1.0000  0.0000
Z  0.0000 -0.0000  1.0000

PART 1
OFFSET -4.6318 -0.0000 -1.3770
X  1.0000 -0.0000  0.0000
Y  0.0000  1.0000  0.0000
Z  0.0000 -0.0000  1.0000

PART 2
OFFSET -1.6653  7.9360 -3.1869
X  0.7140 -0.2440 -0.6563
Y -0.1037 -0.9638  0.2454
Z -0.6924 -0.1072 -0.7135

PART 3
OFFSET  6.9695  4.9856 -11.1240
X  0.8301 -0.4677  0.3037
Y -0.3398  0.0077  0.9405
Z -0.4422 -0.8839 -0.1525

PART 4
OFFSET  14.0297  1.0077 -8.5408
X  0.8301 -0.4677  0.3037
Y -0.3749 -0.0649  0.9248
Z -0.4128 -0.8815 -0.2292

PART 5
OFFSET  16.2858  1.6996 -8.4585
X  0.8333 -0.4653  0.2985
Y  0.4447  0.8850  0.1381
Z -0.3284  0.0176  0.9444

PART 6
OFFSET  14.9752 -0.1218 -9.5251
X  0.8333 -0.4653  0.2985
Y  0.4447  0.8850  0.1381
Z -0.3284  0.0176  0.9444

PART 7
OFFSET  15.4687  0.8153 -6.4423
X  0.8333 -0.4653  0.2985
Y  0.4447  0.8850  0.1381
Z -0.3284  0.0176  0.9444

PART 8
OFFSET  14.7269 -0.3073 -6.4716
X  0.8333 -0.4653  0.2985
Y  0.4447  0.8850  0.1381
Z -0.3284  0.0176  0.9444

PART 9
OFFSET  14.4659 -0.6710 -7.5830
X  0.8333 -0.4653  0.2985
Y  0.4447  0.8850  0.1381
Z -0.3284  0.0176  0.9444

PART 10
OFFSET  16.5744 -0.4261 -7.6098
X  0.8494 -0.4070  0.3360
Y -0.3810 -0.0324  0.9240
Z -0.3651 -0.9129 -0.1826

PART 11
OFFSET  16.4389 -1.0153 -6.6419
X  0.1767 -0.8675  0.4650
Y -0.5245  0.3168  0.7902
Z -0.8328 -0.3836 -0.3990

PART 12
OFFSET  16.7215 -2.8769 -5.5817
X  0.7229 -0.6428 -0.2534
Y -0.2234 -0.5645  0.7946
Z -0.6538 -0.5178 -0.5517

PART 13
OFFSET  17.8287 -3.9389 -6.1000
X  0.5516 -0.0686 -0.8313
Y  0.3576 -0.8810  0.3099
Z -0.7536 -0.4682 -0.4614

PART 14
OFFSET  18.3968 -4.0494 -7.0148
X  0.9649  0.0686 -0.2534
Y  0.1469  0.6589  0.7378
Z  0.2176 -0.7491  0.6257

PART 15
OFFSET  17.6274 -0.9202 -8.3517
X  0.8969 -0.3565 -0.2616
Y -0.4163 -0.8801 -0.2281
Z -0.1489  0.3135 -0.9378

PART 16
OFFSET  19.6133 -1.8748 -8.8309
X  0.2201 -0.9736  0.0598
Y -0.9618 -0.2064  0.1798
Z -0.1627 -0.0971 -0.9819

PART 17
OFFSET  19.9249 -3.2533 -8.7462
X -0.9130 -0.3699  0.1720
Y -0.3874  0.9183 -0.0814
Z -0.1279 -0.1410 -0.9817

PART 18
OFFSET  19.1153 -3.5812 -8.5936
X -0.9326  0.3435  0.1108
Y  0.3305  0.9361 -0.1208
Z -0.1452 -0.0761 -0.9865

PART 19
OFFSET  18.2294 -3.2548 -8.4884
X  0.5268 -0.8394  0.1338
Y  0.8313  0.4760 -0.2872
Z  0.1774  0.2625  0.9485

PART 20
OFFSET  17.6120 -0.9038 -7.6383
X  0.9232 -0.3828  0.0349
Y -0.3654 -0.9020 -0.2298
Z  0.1194  0.1994 -0.9726

PART 21
OFFSET  20.0318 -1.8529 -7.6852
X  0.0637 -0.9907 -0.1200
Y -0.9936 -0.0742  0.0849
Z -0.0930  0.1139 -0.9891

PART 22
OFFSET  20.1402 -3.5396 -7.8895
X -0.9739 -0.2181  0.0625
Y -0.2110  0.9720  0.1037
Z -0.0834  0.0878 -0.9926

PART 23
OFFSET  18.7904 -3.8419 -7.8029
X -0.7029  0.7015  0.1174
Y  0.7071  0.7071  0.0083
Z -0.0772  0.0888 -0.9931

PART 24
OFFSET  18.0281 -3.0810 -7.6755
X  0.1682 -0.9743 -0.1498
Y  0.9848  0.1727 -0.0178
Z  0.0432 -0.1445  0.9886

PART 25
OFFSET  18.3922 -2.2214 -5.2048
X  0.7714 -0.6305  0.0866
Y  0.5810  0.7532  0.3083
Z -0.2596 -0.1875  0.9473

PART 26
OFFSET  19.7325 -1.6970 -5.5359
X  0.3575 -0.9301 -0.0839
Y -0.9210 -0.3363 -0.1964
Z  0.1545  0.1475 -0.9769

PART 27
OFFSET  20.3620 -3.3347 -5.6835
X -0.8956 -0.3477 -0.2776
Y -0.3725  0.9271  0.0407
Z  0.2432  0.1399 -0.9598

PART 28
OFFSET  19.2584 -3.7658 -5.9627
X -0.8327  0.5495 -0.0686
Y  0.5417  0.8340  0.1048
Z  0.1148  0.0501 -0.9921

PART 29
OFFSET  18.3179 -3.1451 -6.0402
X -0.1857 -0.9177 -0.3513
Y  0.9334 -0.2765  0.2289
Z -0.3072 -0.2854  0.9078

PART 30
OFFSET  19.9898 -1.7822 -6.6068
X  0.1760 -0.9831 -0.0498
Y -0.9804 -0.1705 -0.0987
Z  0.0886  0.0662 -0.9939

PART 31
OFFSET  20.3336 -3.7028 -6.7040
X -0.9838 -0.1576 -0.0848
Y -0.1653  0.9820  0.0918
Z  0.0688  0.1044 -0.9922

PART 32
OFFSET  18.8966 -3.9330 -6.8279
X -0.6989  0.7132  0.0545
Y  0.7101  0.6826  0.1730
Z  0.0862  0.1596 -0.9834

PART 33
OFFSET  18.1052 -3.1246 -6.7733
X  0.0768 -0.9930 -0.0894
Y  0.9969  0.0750  0.0237
Z -0.0169 -0.0910  0.9957

PART 34
OFFSET  18.5262 -2.9031 -7.4751
X  0.0545  0.1748 -0.9831
Y  0.3651  0.9129  0.1826
Z  0.9294 -0.3689 -0.0140

PART 35
OFFSET  15.9445  1.1389 -8.9731
X  0.8333 -0.4653  0.2985
Y  0.4447  0.8850  0.1381
Z -0.3284  0.0176  0.9444

PART 36
OFFSET  14.9752 -0.1218 -9.5251
X  0.8333 -0.4653  0.2985
Y  0.4447  0.8850  0.1381
Z -0.3284  0.0176  0.9444

PART 37
OFFSET  15.4687  0.8153 -6.4423
X  0.8333 -0.4653  0.2985
Y  0.4447  0.8850  0.1381
Z -0.3284  0.0176  0.9444

PART 38
OFFSET  14.7269 -0.3073 -6.4716
X  0.8333 -0.4653  0.2985
Y  0.4447  0.8850  0.1381
Z -0.3284  0.0176  0.9444

PART 39
OFFSET  14.4659 -0.6710 -7.5830
X  0.8333 -0.4653  0.2985
Y  0.4447  0.8850  0.1381
Z -0.3284  0.0176  0.9444

PART 40
OFFSET  7.8193 -2.6974 -4.8838
X  1.0000  0.0037 -0.0054
Y -0.0036  1.0000  0.0019
Z  0.0054 -0.0019  1.0000

PART 41
OFFSET  7.8193 -2.6974 -4.8838
X  1.0000  0.0037 -0.0054
Y -0.0036  1.0000  0.0019
Z  0.0054 -0.0019  1.0000

PART 42
OFFSET  14.4381 -3.5139 -2.8356
X  1.0000  0.0037 -0.0054
Y -0.0036  1.0000  0.0019
Z  0.0054 -0.0019  1.0000

PART 43
OFFSET  12.0324 -2.6675 -4.6272
X  1.0000  0.0037 -0.0054
Y -0.0036  1.0000  0.0019
Z  0.0054 -0.0019  1.0000

PART 44
OFFSET -13.8970 -7.9123 -3.2705
X -0.6061  0.0193  0.7952
Y -0.1773 -0.9778 -0.1114
Z  0.7754 -0.2085  0.5961

PART 45
OFFSET -6.5669 -8.1453 -12.8870
X -0.8229 -0.3146 -0.4731
Y  0.5137 -0.0563 -0.8561
Z  0.2427 -0.9475  0.2080

PART 46
OFFSET  0.4324 -5.4693 -8.8633
X -0.8229 -0.3146 -0.4731
Y  0.5370 -0.1586 -0.8286
Z  0.1857 -0.9359  0.2995

PART 47
OFFSET  0.9582 -3.8905 -7.7879
X -0.8266 -0.3117 -0.4685
Y -0.2477  0.9491 -0.1943
Z  0.5053 -0.0446 -0.8618

PART 48
OFFSET  0.9286 -4.2902 -6.6587
X -0.8266 -0.3117 -0.4685
Y -0.2477  0.9491 -0.1943
Z  0.5053 -0.0446 -0.8618

PART 49
OFFSET  1.4428 -5.5261 -6.5207
X -0.8266 -0.3117 -0.4685
Y -0.2477  0.9491 -0.1943
Z  0.5053 -0.0446 -0.8618

PART 50
OFFSET  2.9553 -4.5047 -7.4130
X -0.9554 -0.1448 -0.2572
Y  0.2806 -0.1747 -0.9438
Z  0.0917 -0.9739  0.2075

PART 51
OFFSET  3.0767 -3.8711 -6.4717
X -0.4990 -0.6791 -0.5383
Y  0.5733  0.2071 -0.7927
Z  0.6499 -0.7042  0.2860

PART 52
OFFSET  4.0601 -2.3871 -5.2469
X -0.9002 -0.3521  0.2563
Y -0.0640 -0.4753 -0.8775
Z  0.4308 -0.8063  0.4053

PART 53
OFFSET  5.4613 -1.7568 -5.7584
X -0.5289 -0.0249  0.8483
Y -0.6557 -0.6225 -0.4272
Z  0.5387 -0.7822  0.3129

PART 54
OFFSET  6.0198 -1.6834 -6.6828
X -0.8716  0.3558  0.3371
Y  0.0924  0.7949 -0.5997
Z -0.4813 -0.4916 -0.7257

PART 55
OFFSET  4.0457 -4.3724 -8.2479
X -0.9315 -0.2755  0.2374
Y  0.3258 -0.9223  0.2081
Z  0.1616  0.2712  0.9489

PART 56
OFFSET  6.1223 -3.6009 -8.6686
X -0.1024 -0.9925  0.0667
Y  0.9458 -0.1179 -0.3025
Z  0.3081  0.0321  0.9508

PART 57
OFFSET  6.2673 -2.1957 -8.7630
X  0.7713 -0.5920 -0.2337
Y  0.5718  0.8058 -0.1538
Z  0.2793 -0.0150  0.9601

PART 58
OFFSET  5.5834 -1.6709 -8.5559
X  0.9015  0.3037 -0.3083
Y -0.3020  0.9518  0.0543
Z  0.3099  0.0441  0.9497

PART 59
OFFSET  4.7269 -1.9594 -8.2630
X -0.5448 -0.8361  0.0644
Y -0.7690  0.5287  0.3594
Z -0.3345  0.1463 -0.9310

PART 60
OFFSET  4.0821 -4.3604 -7.5351
X -0.9679 -0.2475  0.0435
Y  0.2506 -0.9369  0.2438
Z -0.0196  0.2469  0.9688

PART 61
OFFSET  6.6026 -3.7754 -7.7867
X -0.1283 -0.9750  0.1817
Y  0.9396 -0.1781 -0.2924
Z  0.3174  0.1332  0.9389

PART 62
OFFSET  6.8210 -2.1155 -8.0960
X  0.8815 -0.4078 -0.2382
Y  0.3597  0.9066 -0.2207
Z  0.3059  0.1088  0.9458

PART 63
OFFSET  5.5994 -1.5504 -7.7658
X  0.8270  0.4646 -0.3166
Y -0.4753  0.8785  0.0478
Z  0.3003  0.1109  0.9474

PART 64
OFFSET  4.7025 -2.0542 -7.4225
X -0.3913 -0.8771  0.2787
Y -0.8758  0.4479  0.1798
Z -0.2826 -0.1737 -0.9434

PART 65
OFFSET -1.2093 -5.4817 -7.5743
X -0.9277 -0.3733 -0.0018
Y -0.3544  0.8822 -0.3100
Z  0.1173 -0.2870 -0.9507

PART 66
OFFSET  6.5007 -4.1707 -5.6218
X -0.9798 -0.1966 -0.0357
Y  0.1911 -0.9742  0.1201
Z -0.0584  0.1108  0.9921

PART 67
OFFSET  8.2258 -3.8245 -5.5589
X -0.9735 -0.2274 -0.0256
Y  0.2196 -0.9599  0.1743
Z -0.0642  0.1641  0.9844

PART 68
OFFSET  9.4054 -3.5382 -5.4680
X -0.9655 -0.2430 -0.0934
Y  0.2270 -0.9615  0.1549
Z -0.1275  0.1283  0.9835

PART 69
OFFSET  10.4959 -3.2637 -5.3624
X  0.0735  0.9832  0.1672
Y  0.9972 -0.0751  0.0030
Z  0.0155  0.1665 -0.9859

PART 70
OFFSET  6.6867 -4.2009 -6.7103
X -0.2581 -0.9420  0.2146
Y  0.9576 -0.2788 -0.0720
Z  0.1276  0.1870  0.9740

PART 71
OFFSET  7.1909 -2.3607 -7.1296
X  0.8308 -0.5565 -0.0064
Y  0.5348  0.8014 -0.2678
Z  0.1542  0.2190  0.9635

PART 72
OFFSET  5.9775 -1.5478 -7.1203
X  0.8823  0.3908 -0.2624
Y -0.4428  0.8783 -0.1806
Z  0.1599  0.2755  0.9479

PART 73
OFFSET  4.9768 -1.9918 -6.8299
X -0.4039 -0.8782  0.2560
Y -0.8923  0.4399  0.1013
Z -0.2016 -0.1875 -0.9614

PART 74
OFFSET  0.9581 -3.8904 -7.7879
X -0.8266 -0.3117 -0.4685
Y -0.2477  0.9491 -0.1943
Z  0.5053 -0.0446 -0.8618

PART 75
OFFSET  0.9285 -4.2900 -6.6586
X -0.8266 -0.3117 -0.4685
Y -0.2477  0.9491 -0.1943
Z  0.5053 -0.0446 -0.8618

PART 76
OFFSET  1.4429 -5.5261 -6.5208
X -0.8266 -0.3117 -0.4685
Y -0.2477  0.9491 -0.1943
Z  0.5053 -0.0446 -0.8618

PART 77
OFFSET  0.0000 -0.0000 -0.0000
X  1.0000 -0.0000  0.0000
Y  0.0000  1.0000  0.0000
Z  0.0000 -0.0000  1.0000

PART 78
OFFSET  0.0000 -0.0000 -0.0000
X  1.0000 -0.0003  0.0007
Y  0.0003  1.0000 -0.0002
Z -0.0007  0.0002  1.0000

PART 79
OFFSET  1.5374  0.0003  4.1369
X  1.0000 -0.0003  0.0007
Y  0.0003  1.0000 -0.0002
Z -0.0007  0.0002  1.0000


FRAME 5602
PART 0
OFFSET  0.0000 -0.0000 -0.0000
X  1.0000 -0.0000  0.0000
Y  0.0000  1.0000  0.0000
Z  0.0000 -0.0000  1.0000

PART 1
OFFSET -4.6318 -0.0000 -1.3770
X  1.0000 -0.0000  0.0000
Y  0.0000  1.0000  0.0000
Z  0.0000 -0.0000  1.0000

PART 2
OFFSET -1.6684  7.9323 -3.1869
X  0.6934 -0.1784 -0.6981
Y -0.0951 -0.9830  0.1568
Z -0.7142 -0.0423 -0.6986

PART 3
OFFSET  6.7178  5.7748 -11.6296
X  0.7956 -0.4973  0.3462
Y -0.4102 -0.0217  0.9117
Z -0.4459 -0.8673 -0.2212

PART 4
OFFSET  13.4843  1.5454 -8.6854
X  0.7956 -0.4973  0.3462
Y -0.4525 -0.1077  0.8852
Z -0.4029 -0.8609 -0.3107

PART 5
OFFSET  15.7402  2.1840 -8.4052
X  0.7992 -0.4947  0.3413
Y  0.4495  0.8690  0.2071
Z -0.3991 -0.0121  0.9168

PART 6
OFFSET  14.4806  0.4349 -9.6406
X  0.7992 -0.4947  0.3413
Y  0.4495  0.8690  0.2071
Z -0.3991 -0.0121  0.9168

PART 7
OFFSET  14.7553  1.2396 -6.4939
X  0.7992 -0.4947  0.3413
Y  0.4495  0.8690  0.2071
Z -0.3991 -0.0121  0.9168

PART 8
OFFSET  13.9968  0.1355 -6.6246
X  0.7992 -0.4947  0.3413
Y  0.4495  0.8690  0.2071
Z -0.3991 -0.0121  0.9168

PART 9
OFFSET  13.8146 -0.1786 -7.7665
X  0.7992 -0.4947  0.3413
Y  0.4495  0.8690  0.2071
Z -0.3991 -0.0121  0.9168

PART 10
OFFSET  15.9232  0.0210 -7.6242
X  0.8548 -0.4409  0.2738
Y -0.3618 -0.1279  0.9235
Z -0.3722 -0.8884 -0.2689

PART 11
OFFSET  15.8058 -0.6656 -6.7202
X  0.1698 -0.8727  0.4577
Y -0.5171  0.3165  0.7953
Z -0.8389 -0.3717 -0.3975

PART 12
OFFSET  16.0739 -2.5380 -5.6752
X  0.7028 -0.6875 -0.1826
Y -0.2803 -0.5035  0.8173
Z -0.6538 -0.5232 -0.5466

PART 13
OFFSET  17.1520 -3.6764 -6.0799
X  0.6117 -0.2465 -0.7517
Y  0.2423 -0.8462  0.4746
Z -0.7531 -0.4725 -0.4579

PART 14
OFFSET  17.7831 -3.9790 -6.9057
X  0.9852 -0.0528 -0.1630
Y  0.1463  0.7545  0.6398
Z  0.0892 -0.6542  0.7510

PART 15
OFFSET  16.9587 -0.3948 -8.4356
X  0.8862 -0.3338 -0.3213
Y -0.4314 -0.8474 -0.3095
Z -0.1689  0.4128 -0.8950

PART 16
OFFSET  18.9216 -1.3087 -9.0650
X  0.3072 -0.9474 -0.0900
Y -0.9216 -0.3198  0.2201
Z -0.2373  0.0154 -0.9713

PART 17
OFFSET  19.3565 -2.6500 -9.1925
X -0.8012 -0.5717  0.1770
Y -0.5644  0.8201  0.0940
Z -0.1989 -0.0245 -0.9797

PART 18
OFFSET  18.6462 -3.1569 -9.0356
X -0.9723  0.0412  0.2303
Y  0.0482  0.9985  0.0250
Z -0.2289  0.0354 -0.9728

PART 19
OFFSET  17.7225 -3.1178 -8.8168
X  0.7465 -0.6634 -0.0511
Y  0.6331  0.7318 -0.2523
Z  0.2048  0.1560  0.9663

PART 20
OFFSET  16.9582 -0.4527 -7.7242
X  0.9223 -0.3857 -0.0247
Y -0.3734 -0.8727 -0.3147
Z  0.0998  0.2994 -0.9489

PART 21
OFFSET  19.3678 -1.4093 -7.9165
X  0.1604 -0.9581 -0.2371
Y -0.9758 -0.1902  0.1082
Z -0.1488  0.2140 -0.9654

PART 22
OFFSET  19.6410 -3.0405 -8.3202
X -0.9003 -0.4333  0.0418
Y -0.4133  0.8811  0.2299
Z -0.1365  0.1897 -0.9723

PART 23
OFFSET  18.3932 -3.6410 -8.2623
X -0.8745  0.4399  0.2045
Y  0.4672  0.8772  0.1106
Z -0.1307  0.1922 -0.9726

PART 24
OFFSET  17.4448 -3.1639 -8.0405
X  0.4432 -0.8521 -0.2785
Y  0.8891  0.4575  0.0151
Z  0.1146 -0.2543  0.9603

PART 25
OFFSET  17.7843 -2.0176 -5.4581
X  0.7707 -0.6372  0.0042
Y  0.5900  0.7162  0.3727
Z -0.2405 -0.2847  0.9280

PART 26
OFFSET  19.1193 -1.4635 -5.7610
X  0.4285 -0.8877 -0.1687
Y -0.8963 -0.3939 -0.2038
Z  0.1145  0.2385 -0.9644

PART 27
OFFSET  19.8737 -3.0264 -6.0580
X -0.7934 -0.5266 -0.3053
Y -0.5749  0.8131  0.0914
Z  0.2001  0.2481 -0.9479

PART 28
OFFSET  18.8970 -3.6816 -6.3716
X -0.9634  0.2623 -0.0559
Y  0.2507  0.9548  0.1597
Z  0.0953  0.1398 -0.9856

PART 29
OFFSET  17.8089 -3.3853 -6.4347
X  0.1141 -0.9080 -0.4032
Y  0.9724  0.0190  0.2324
Z -0.2034 -0.4186  0.8851

PART 30
OFFSET  19.3538 -1.4371 -6.8402
X  0.2542 -0.9544 -0.1563
Y -0.9663 -0.2439 -0.0820
Z  0.0402  0.1719 -0.9843

PART 31
OFFSET  19.8504 -3.3016 -7.1456
X -0.9198 -0.3806 -0.0958
Y -0.3921  0.9011  0.1853
Z  0.0158  0.2080 -0.9780

PART 32
OFFSET  18.5070 -3.8575 -7.2855
X -0.8963  0.4321  0.0998
Y  0.4430  0.8623  0.2454
Z  0.0200  0.2641 -0.9643

PART 33
OFFSET  17.4916 -3.3669 -7.1795
X  0.4031 -0.8989 -0.1716
Y  0.9149  0.4004  0.0513
Z  0.0226 -0.1777  0.9838

PART 34
OFFSET  17.8684 -2.4594 -7.7893
X  0.0347  0.2762 -0.9605
Y  0.3722  0.8884  0.2689
Z  0.9275 -0.3668 -0.0720

PART 35
OFFSET  15.4287  1.6515 -8.9663
X  0.7992 -0.4947  0.3413
Y  0.4495  0.8690  0.2071
Z -0.3991 -0.0121  0.9168

PART 36
OFFSET  14.4806  0.4349 -9.6406
X  0.7992 -0.4947  0.3413
Y  0.4495  0.8690  0.2071
Z -0.3991 -0.0121  0.9168

PART 37
OFFSET  14.7553  1.2396 -6.4939
X  0.7992 -0.4947  0.3413
Y  0.4495  0.8690  0.2071
Z -0.3991 -0.0121  0.9168

PART 38
OFFSET  13.9968  0.1355 -6.6246
X  0.7992 -0.4947  0.3413
Y  0.4495  0.8690  0.2071
Z -0.3991 -0.0121  0.9168

PART 39
OFFSET  13.8146 -0.1786 -7.7665
X  0.7992 -0.4947  0.3413
Y  0.4495  0.8690  0.2071
Z -0.3991 -0.0121  0.9168

PART 40
OFFSET  7.9416 -2.8351 -5.0608
X  0.9998  0.0124 -0.0144
Y -0.0123  0.9999  0.0075
Z  0.0145 -0.0074  0.9999

PART 41
OFFSET  7.9416 -2.8351 -5.0608
X  0.9998  0.0124 -0.0144
Y -0.0123  0.9999  0.0075
Z  0.0145 -0.0074  0.9999

PART 42
OFFSET  14.5857 -3.6050 -3.0775
X  0.9998  0.0124 -0.0144
Y -0.0123  0.9999  0.0075
Z  0.0145 -0.0074  0.9999

PART 43
OFFSET  12.1565 -2.7698 -4.8423
X  0.9998  0.0124 -0.0144
Y -0.0123  0.9999  0.0075
Z  0.0145 -0.0074  0.9999

PART 44
OFFSET -13.8237 -7.8409 -3.5090
X -0.6085  0.0269  0.7931
Y -0.1911 -0.9750 -0.1135
Z  0.7702 -0.2207  0.5984

PART 45
OFFSET -6.4648 -8.1666 -13.1008
X -0.8241 -0.3021 -0.4792
Y  0.5185 -0.0615 -0.8529
Z  0.2282 -0.9513  0.2074

PART 46
OFFSET  0.5443 -5.5970 -9.0250
X -0.8241 -0.3021 -0.4792
Y  0.5369 -0.1466 -0.8308
Z  0.1808 -0.9419  0.2830

PART 47
OFFSET  1.0847 -4.0280 -7.9424
X -0.8278 -0.2991 -0.4747
Y -0.2333  0.9529 -0.1937
Z  0.5103 -0.0496 -0.8586

PART 48
OFFSET  1.0422 -4.4299 -6.8144
X -0.8278 -0.2991 -0.4747
Y -0.2333  0.9529 -0.1937
Z  0.5103 -0.0496 -0.8586

PART 49
OFFSET  1.5382 -5.6731 -6.6759
X -0.8278 -0.2991 -0.4747
Y -0.2333  0.9529 -0.1937
Z  0.5103 -0.0496 -0.8586

PART 50
OFFSET  3.0706 -4.6708 -7.5559
X -0.9565 -0.1517 -0.2493
Y  0.2734 -0.1670 -0.9473
Z  0.1021 -0.9742  0.2012

PART 51
OFFSET  3.1951 -4.0414 -6.6122
X -0.4980 -0.6805 -0.5376
Y  0.5642  0.2165 -0.7967
Z  0.6585 -0.7001  0.2761

PART 52
OFFSET  4.1767 -2.5557 -5.3880
X -0.8947 -0.3614  0.2625
Y -0.0678 -0.4709 -0.8796
Z  0.4414 -0.8048  0.3968

PART 53
OFFSET  5.5676 -1.9103 -5.9087
X -0.5209 -0.0343  0.8529
Y -0.6542 -0.6259 -0.4247
Z  0.5483 -0.7792  0.3036

PART 54
OFFSET  6.1170 -1.8269 -6.8377
X -0.8716  0.3463  0.3470
Y  0.0801  0.7989 -0.5961
Z -0.4837 -0.4917 -0.7241

PART 55
OFFSET  4.1521 -4.5243 -8.3999
X -0.9269 -0.2849  0.2443
Y  0.3356 -0.9205  0.2000
Z  0.1679  0.2674  0.9489

PART 56
OFFSET  6.2180 -3.7324 -8.8351
X -0.0932 -0.9937  0.0620
Y  0.9440 -0.1080 -0.3118
Z  0.3165  0.0295  0.9481

PART 57
OFFSET  6.3499 -2.3255 -8.9229
X  0.7743 -0.5839 -0.2440
Y  0.5634  0.8116 -0.1544
Z  0.2882 -0.0179  0.9574

PART 58
OFFSET  5.6634 -1.8078 -8.7066
X  0.8960  0.3132 -0.3147
Y -0.3098  0.9488  0.0624
Z  0.3182  0.0416  0.9471

PART 59
OFFSET  4.8122 -2.1054 -8.4076
X -0.5369 -0.8412  0.0646
Y -0.7702  0.5199  0.3693
Z -0.3443  0.1485 -0.9271

PART 60
OFFSET  4.1950 -4.5160 -7.6874
X -0.9653 -0.2562  0.0509
Y  0.2609 -0.9360  0.2363
Z -0.0128  0.2414  0.9704

PART 61
OFFSET  6.7079 -3.9076 -7.9585
X -0.1181 -0.9770  0.1774
Y  0.9384 -0.1683 -0.3019
Z  0.3248  0.1308  0.9367

PART 62
OFFSET  6.9090 -2.2441 -8.2605
X  0.8828 -0.3987 -0.2485
Y  0.3498  0.9109 -0.2188
Z  0.3136  0.1062  0.9436

PART 63
OFFSET  5.6856 -1.6916 -7.9161
X  0.8200  0.4736 -0.3215
Y -0.4824  0.8741  0.0570
Z  0.3080  0.1083  0.9452

PART 64
OFFSET  4.7962 -2.2052 -7.5674
X -0.3811 -0.8820  0.2773
Y -0.8780  0.4392  0.1903
Z -0.2896 -0.1709 -0.9418

PART 65
OFFSET -1.0866 -5.6832 -7.6847
X -0.9244 -0.3813  0.0045
Y -0.3648  0.8808 -0.3018
Z  0.1111 -0.2807 -0.9534

PART 66
OFFSET  6.6292 -4.3157 -5.7950
X -0.9784 -0.2050 -0.0279
Y  0.2006 -0.9731  0.1129
Z -0.0503  0.1048  0.9932

PART 67
OFFSET  8.3517 -3.9549 -5.7459
X -0.9717 -0.2357 -0.0180
Y  0.2295 -0.9589  0.1669
Z -0.0566  0.1581  0.9858

PART 68
OFFSET  9.5295 -3.6587 -5.6641
X -0.9642 -0.2509 -0.0860
Y  0.2368 -0.9603  0.1474
Z -0.1196  0.1218  0.9853

PART 69
OFFSET  10.6186 -3.3753 -5.5669
X  0.0665  0.9828  0.1721
Y  0.9978 -0.0664 -0.0064
Z  0.0051  0.1721 -0.9851

PART 70
OFFSET  6.8055 -4.3383 -6.8854
X -0.2479 -0.9454  0.2117
Y  0.9593 -0.2700 -0.0822
Z  0.1349  0.1827  0.9739

PART 71
OFFSET  7.2899 -2.4915 -7.2989
X  0.8355 -0.5492 -0.0171
Y  0.5254  0.8075 -0.2681
Z  0.1610  0.2150  0.9632

PART 72
OFFSET  6.0695 -1.6893 -7.2740
X  0.8764  0.4000 -0.2682
Y -0.4520  0.8754 -0.1716
Z  0.1662  0.2716  0.9479

PART 73
OFFSET  5.0754 -2.1436 -6.9770
X -0.3939 -0.8831  0.2547
Y -0.8951  0.4315  0.1119
Z -0.2087 -0.1839 -0.9605

PART 74
OFFSET  1.0847 -4.0280 -7.9424
X -0.8278 -0.2991 -0.4747
Y -0.2333  0.9529 -0.1937
Z  0.5103 -0.0496 -0.8586

PART 75
OFFSET  1.0420 -4.4297 -6.8143
X -0.8278 -0.2991 -0.4747
Y -0.2333  0.9529 -0.1937
Z  0.5103 -0.0496 -0.8586

PART 76
OFFSET  1.5383 -5.6731 -6.6760
X -0.8278 -0.2991 -0.4747
Y -0.2333  0.9529 -0.1937
Z  0.5103 -0.0496 -0.8586

PART 77
OFFSET  0.0000 -0.0000 -0.0000
X  1.0000 -0.0000  0.0000
Y  0.0000  1.0000  0.0000
Z  0.0000 -0.0000  1.0000

PART 78
OFFSET  0.0000 -0.0000 -0.0000
X  1.0000 -0.0010  0.0028
Y  0.0010  1.0000 -0.0007
Z -0.0028  0.0007  1.0000

PART 79
OFFSET  1.5289  0.0013  4.1400
X  1.0000 -0.0010  0.0028
Y  0.0010  1.0000 -0.0007
Z -0.0028  0.0007  1.0000


FRAME 5603
PART 0
OFFSET  0.0000 -0.0000 -0.0000
X  1.0000 -0.0000  0.0000
Y  0.0000  1.0000  0.0000
Z  0.0000 -0.0000  1.0000

PART 1
OFFSET -4.6318 -0.0000 -1.3770
X  1.0000 -0.0000  0.0000
Y  0.0000  1.0000  0.0000
Z  0.0000 -0.0000  1.0000

PART 2
OFFSET -1.6736  7.9261 -3.1869
X  0.6737 -0.0723 -0.7355
Y -0.0882 -0.9960  0.0172
Z -0.7337  0.0533 -0.6773

PART 3
OFFSET  6.4738  7.0512 -12.0817
X  0.7384 -0.5537  0.3849
Y -0.5023 -0.0709  0.8618
Z -0.4499 -0.8297 -0.3305

PART 4
OFFSET  12.7545  2.3419 -8.8080
X  0.7384 -0.5537  0.3849
Y -0.5451 -0.1542  0.8241
Z -0.3969 -0.8183 -0.4157

PART 5
OFFSET  14.9900  2.8643 -8.2555
X  0.7427 -0.5510  0.3807
Y  0.4549  0.8322  0.3170
Z -0.4914 -0.0622  0.8687

PART 6
OFFSET  13.8056  1.2634 -9.7410
X  0.7427 -0.5510  0.3807
Y  0.4549  0.8322  0.3170
Z -0.4914 -0.0622  0.8687

PART 7
OFFSET  13.7823  1.8252 -6.5302
X  0.7427 -0.5510  0.3807
Y  0.4549  0.8322  0.3170
Z -0.4914 -0.0622  0.8687

PART 8
OFFSET  13.0044  0.7658 -6.8203
X  0.7427 -0.5510  0.3807
Y  0.4549  0.8322  0.3170
Z -0.4914 -0.0622  0.8687

PART 9
OFFSET  12.9300  0.5434 -7.9953
X  0.7427 -0.5510  0.3807
Y  0.4549  0.8322  0.3170
Z -0.4914 -0.0622  0.8687

PART 10
OFFSET  15.0183  0.6445 -7.6280
X  0.8511 -0.4885  0.1926
Y -0.3495 -0.2533  0.9021
Z -0.3919 -0.8350 -0.3863

PART 11
OFFSET  14.9030 -0.1625 -6.8295
X  0.1444 -0.8798  0.4530
Y -0.5160  0.3237  0.7931
Z -0.8444 -0.3482 -0.4072

PART 12
OFFSET  15.1160 -2.0480 -5.7955
X  0.6598 -0.7486 -0.0658
Y -0.3747 -0.4036  0.8347
Z -0.6514 -0.5261 -0.5467

PART 13
OFFSET  16.1306 -3.2913 -6.0126
X  0.6585 -0.4911 -0.5703
Y  0.0430 -0.7320  0.6800
Z -0.7513 -0.4723 -0.4609

PART 14
OFFSET  16.8090 -3.8564 -6.6389
X  0.9776 -0.2100  0.0152
Y  0.1776  0.8614  0.4759
Z -0.1130 -0.4626  0.8794

PART 15
OFFSET  16.0335  0.3336 -8.5090
X  0.8693 -0.3041 -0.3896
Y -0.4612 -0.7825 -0.4183
Z -0.1776  0.5434 -0.8205

PART 16
OFFSET  17.9561 -0.5247 -9.3161
X  0.4034 -0.8646 -0.2997
Y -0.8547 -0.4729  0.2141
Z -0.3268  0.1698 -0.9297

PART 17
OFFSET  18.5272 -1.7488 -9.7404
X -0.5971 -0.7997  0.0635
Y -0.7499  0.5845  0.3101
Z -0.2850  0.1375 -0.9486

PART 18
OFFSET  17.9978 -2.4578 -9.6841
X -0.8870 -0.3967  0.2365
Y -0.3241  0.8995  0.2932
Z -0.3291  0.1834 -0.9263

PART 19
OFFSET  17.1552 -2.8347 -9.4594
X  0.9294 -0.2878 -0.2310
Y  0.2845  0.9575 -0.0479
Z  0.2350 -0.0212  0.9718

PART 20
OFFSET  16.0432  0.1744 -7.8132
X  0.9149 -0.3921 -0.0961
Y -0.3935 -0.8129 -0.4294
Z  0.0902  0.4306 -0.8980

PART 21
OFFSET  18.4244 -0.8020 -8.1804
X  0.2820 -0.8731 -0.3978
Y -0.9361 -0.3413  0.0856
Z -0.2105  0.3482 -0.9135

PART 22
OFFSET  18.9044 -2.2884 -8.8576
X -0.7315 -0.6765 -0.0854
Y -0.6534  0.6597  0.3713
Z -0.1948  0.3274 -0.9246

PART 23
OFFSET  17.8906 -3.2259 -8.9760
X -0.9789  0.0080  0.2044
Y  0.0752  0.9434  0.3231
Z -0.1902  0.3316 -0.9240

PART 24
OFFSET  16.8290 -3.2172 -8.7543
X  0.7497 -0.5291 -0.3975
Y  0.6307  0.7531  0.1870
Z  0.2004 -0.3909  0.8984

PART 25
OFFSET  16.8770 -1.7111 -5.8092
X  0.7594 -0.6428 -0.1007
Y  0.6083  0.6465  0.4605
Z -0.2309 -0.4110  0.8819

PART 26
OFFSET  18.2166 -1.1396 -6.0538
X  0.5172 -0.8112 -0.2729
Y -0.8526 -0.4609 -0.2461
Z  0.0739  0.3600 -0.9300

PART 27
OFFSET  19.1273 -2.5678 -6.5342
X -0.5750 -0.7132 -0.4009
Y -0.8044  0.5824  0.1178
Z  0.1495  0.3902 -0.9085

PART 28
OFFSET  18.4191 -3.4585 -6.9664
X -0.9770 -0.1687 -0.1307
Y -0.1969  0.9486  0.2478
Z  0.0822  0.2678 -0.9600

PART 29
OFFSET  17.3156 -3.6490 -7.1140
X  0.5189 -0.7261 -0.4512
Y  0.8532  0.4072  0.3260
Z -0.0529 -0.5541  0.8308

PART 30
OFFSET  18.4347 -0.9625 -7.1222
X  0.3516 -0.8872 -0.2989
Y -0.9361 -0.3373 -0.0999
Z -0.0122  0.3149 -0.9490

PART 31
OFFSET  19.1215 -2.6956 -7.7061
X -0.7439 -0.6371 -0.2018
Y -0.6670  0.6886  0.2845
Z -0.0423  0.3462 -0.9372

PART 32
OFFSET  18.0350 -3.6262 -8.0008
X -0.9984 -0.0314  0.0476
Y -0.0098  0.9171  0.3985
Z -0.0562  0.3974 -0.9159

PART 33
OFFSET  16.9039 -3.6596 -7.9537
X  0.7754 -0.5871 -0.2325
Y  0.6291  0.7497  0.2053
Z  0.0538 -0.3054  0.9507

PART 34
OFFSET  16.9169 -1.8158 -8.1807
X  0.0245  0.4103 -0.9116
Y  0.3919  0.8350  0.3863
Z  0.9197 -0.3667 -0.1403

PART 35
OFFSET  14.7199  2.3874 -8.8841
X  0.7427 -0.5510  0.3807
Y  0.4549  0.8322  0.3170
Z -0.4914 -0.0622  0.8687

PART 36
OFFSET  13.8056  1.2634 -9.7410
X  0.7427 -0.5510  0.3807
Y  0.4549  0.8322  0.3170
Z -0.4914 -0.0622  0.8687

PART 37
OFFSET  13.7823  1.8252 -6.5302
X  0.7427 -0.5510  0.3807
Y  0.4549  0.8322  0.3170
Z -0.4914 -0.0622  0.8687

PART 38
OFFSET  13.0044  0.7658 -6.8203
X  0.7427 -0.5510  0.3807
Y  0.4549  0.8322  0.3170
Z -0.4914 -0.0622  0.8687

PART 39
OFFSET  12.9300  0.5434 -7.9953
X  0.7427 -0.5510  0.3807
Y  0.4549  0.8322  0.3170
Z -0.4914 -0.0622  0.8687

PART 40
OFFSET  8.0911 -3.0101 -5.2742
X  0.9996  0.0230 -0.0166
Y -0.0227  0.9996  0.0169
Z  0.0170 -0.0165  0.9997

PART 41
OFFSET  8.0911 -3.0101 -5.2742
X  0.9996  0.0230 -0.0166
Y -0.0227  0.9996  0.0169
Z  0.0170 -0.0165  0.9997

PART 42
OFFSET  14.7476 -3.7291 -3.3134
X  0.9996  0.0230 -0.0166
Y -0.0227  0.9996  0.0169
Z  0.0170 -0.0165  0.9997

PART 43
OFFSET  12.3056 -2.9028 -5.0648
X  0.9996  0.0230 -0.0166
Y -0.0227  0.9996  0.0169
Z  0.0170 -0.0165  0.9997

PART 44
OFFSET -13.7083 -7.7285 -3.8843
X -0.6123  0.0371  0.7897
Y -0.2093 -0.9709 -0.1167
Z  0.7624 -0.2368  0.6022

PART 45
OFFSET -6.3027 -8.1767 -13.4352
X -0.8241 -0.2855 -0.4892
Y  0.5266 -0.0682 -0.8474
Z  0.2086 -0.9559  0.2066

PART 46
OFFSET  0.7070 -5.7484 -9.2747
X -0.8241 -0.2855 -0.4892
Y  0.5392 -0.1310 -0.8319
Z  0.1734 -0.9494  0.2619

PART 47
OFFSET  1.2640 -4.1931 -8.1810
X -0.8278 -0.2825 -0.4847
Y -0.2138  0.9576 -0.1930
Z  0.5186 -0.0562 -0.8532

PART 48
OFFSET  1.2018 -4.5978 -7.0549
X -0.8278 -0.2825 -0.4847
Y -0.2138  0.9576 -0.1930
Z  0.5186 -0.0562 -0.8532

PART 49
OFFSET  1.6737 -5.8503 -6.9153
X -0.8278 -0.2825 -0.4847
Y -0.2138  0.9576 -0.1930
Z  0.5186 -0.0562 -0.8532

PART 50
OFFSET  3.2335 -4.8732 -7.7751
X -0.9554 -0.1594 -0.2486
Y  0.2729 -0.1553 -0.9494
Z  0.1127 -0.9749  0.1918

PART 51
OFFSET  3.3537 -4.2514 -6.8259
X -0.4922 -0.6806 -0.5427
Y  0.5600  0.2298 -0.7960
Z  0.6665 -0.6957  0.2680

PART 52
OFFSET  4.3228 -2.7669 -5.5901
X -0.8903 -0.3731  0.2612
Y -0.0650 -0.4634 -0.8838
Z  0.4508 -0.8038  0.3883

PART 53
OFFSET  5.7056 -2.1022 -6.1079
X -0.5185 -0.0476  0.8537
Y -0.6486 -0.6287 -0.4290
Z  0.5572 -0.7762  0.2951

PART 54
OFFSET  6.2519 -2.0045 -7.0374
X -0.8743  0.3339  0.3523
Y  0.0703  0.8053 -0.5887
Z -0.4802 -0.4900 -0.7275

PART 55
OFFSET  4.3114 -4.7076 -8.6202
X -0.9233 -0.2968  0.2438
Y  0.3457 -0.9188  0.1906
Z  0.1674  0.2603  0.9509

PART 56
OFFSET  6.3679 -3.8901 -9.0528
X -0.0827 -0.9952  0.0530
Y  0.9443 -0.0952 -0.3149
Z  0.3184  0.0240  0.9476

PART 57
OFFSET  6.4850 -2.4811 -9.1277
X  0.7798 -0.5735 -0.2512
Y  0.5545  0.8189 -0.1481
Z  0.2907 -0.0238  0.9565

PART 58
OFFSET  5.7936 -1.9727 -8.9050
X  0.8919  0.3255 -0.3139
Y -0.3195  0.9449  0.0720
Z  0.3200  0.0361  0.9467

PART 59
OFFSET  4.9463 -2.2819 -8.6068
X -0.5279 -0.8473  0.0580
Y -0.7747  0.5084  0.3759
Z -0.3480  0.1536 -0.9248

PART 60
OFFSET  4.3560 -4.7055 -7.9077
X -0.9624 -0.2667  0.0508
Y  0.2712 -0.9354  0.2269
Z -0.0130  0.2321  0.9726

PART 61
OFFSET  6.8617 -4.0683 -8.1790
X -0.1075 -0.9798  0.1685
Y  0.9394 -0.1556 -0.3056
Z  0.3257  0.1254  0.9371

PART 62
OFFSET  7.0448 -2.4001 -8.4658
X  0.8863 -0.3871 -0.2542
Y  0.3398  0.9165 -0.2111
Z  0.3147  0.1007  0.9438

PART 63
OFFSET  5.8165 -1.8636 -8.1135
X  0.8142  0.4851 -0.3189
Y -0.4914  0.8684  0.0663
Z  0.3091  0.1027  0.9455

PART 64
OFFSET  4.9334 -2.3897 -7.7676
X -0.3712 -0.8884  0.2699
Y -0.8821  0.4282  0.1964
Z -0.2901 -0.1652 -0.9426

PART 65
OFFSET -0.9132 -5.9277 -7.9039
X -0.9204 -0.3910  0.0031
Y -0.3747  0.8797 -0.2927
Z  0.1117 -0.2706 -0.9562

PART 66
OFFSET  6.7924 -4.4974 -6.0192
X -0.9762 -0.2149 -0.0276
Y  0.2110 -0.9720  0.1033
Z -0.0490  0.0950  0.9943

PART 67
OFFSET  8.5113 -4.1191 -5.9707
X -0.9692 -0.2457 -0.0180
Y  0.2399 -0.9579  0.1574
Z -0.0559  0.1483  0.9874

PART 68
OFFSET  9.6861 -3.8114 -5.8888
X -0.9617 -0.2602 -0.0861
Y  0.2471 -0.9591  0.1379
Z -0.1185  0.1113  0.9867

PART 69
OFFSET  10.7724 -3.5175 -5.7915
X  0.0567  0.9818  0.1811
Y  0.9984 -0.0559 -0.0094
Z  0.0009  0.1813 -0.9834

PART 70
OFFSET  6.9664 -4.5080 -7.1102
X -0.2376 -0.9498  0.2034
Y  0.9619 -0.2592 -0.0870
Z  0.1353  0.1750  0.9752

PART 71
OFFSET  7.4305 -2.6524 -7.5075
X  0.8411 -0.5403 -0.0241
Y  0.5163  0.8154 -0.2618
Z  0.1611  0.2077  0.9648

PART 72
OFFSET  6.2019 -1.8633 -7.4723
X  0.8715  0.4116 -0.2665
Y -0.4615  0.8722 -0.1624
Z  0.1656  0.2645  0.9501

PART 73
OFFSET  5.2133 -2.3307 -7.1773
X -0.3841 -0.8895  0.2473
Y -0.8993  0.4211  0.1180
Z -0.2091 -0.1771 -0.9617

PART 74
OFFSET  1.2640 -4.1931 -8.1810
X -0.8278 -0.2825 -0.4847
Y -0.2138  0.9576 -0.1930
Z  0.5186 -0.0562 -0.8532

PART 75
OFFSET  1.2017 -4.5976 -7.0548
X -0.8278 -0.2825 -0.4847
Y -0.2138  0.9576 -0.1930
Z  0.5186 -0.0562 -0.8532

PART 76
OFFSET  1.6737 -5.8503 -6.9154
X -0.8278 -0.2825 -0.4847
Y -0.2138  0.9576 -0.1930
Z  0.5186 -0.0562 -0.8532

PART 77
OFFSET  0.0000 -0.0000 -0.0000
X  1.0000 -0.0000  0.0000
