// Export filename: `C:\projects\cod\t5\xanim_export\t5_viewmodels\ak74u\ak74u_pullout_quick.XANIM_EXPORT`
// Source filename: `D:\projects\devanim\t5\animation_assets\viewmodels/ak74u/t5_viewmodel_ak74u_animated.fbx`
// Export time: Fri Aug 27 02:39:45 2010

ANIMATION
VERSION 3

NUMPARTS 80
PART 0 "tag_ads"
PART 1 "tag_torso"
PART 2 "J_Shoulder_LE"
PART 3 "J_Elbow_LE"
PART 4 "J_WristTwist_LE"
PART 5 "J_Sleave_Reshape_Bottom_LE_1"
PART 6 "J_Sleave_Reshape_Bottom_LE_2"
PART 7 "J_Sleave_Reshape_Top_LE_1"
PART 8 "J_Sleave_Reshape_Top_LE_2"
PART 9 "J_Sleave_Reshape_Top_LE_3"
PART 10 "J_Wrist_LE"
PART 11 "J_Thumb_LE_0"
PART 12 "J_Thumb_LE_1"
PART 13 "J_Thumb_LE_2"
PART 14 "J_Thumb_LE_3"
PART 15 "J_PinkyPalm_LE"
PART 16 "J_Pinky_LE_0"
PART 17 "J_Pinky_LE_1"
PART 18 "J_Pinky_LE_2"
PART 19 "J_Pinky_LE_3"
PART 20 "J_RingPalm_LE"
PART 21 "J_Ring_LE_0"
PART 22 "J_Ring_LE_1"
PART 23 "J_Ring_LE_2"
PART 24 "J_Ring_LE_3"
PART 25 "J_Webbing_LE"
PART 26 "J_Index_LE_0"
PART 27 "J_Index_LE_1"
PART 28 "J_Index_LE_2"
PART 29 "J_Index_LE_3"
PART 30 "J_Mid_LE_0"
PART 31 "J_Mid_LE_1"
PART 32 "J_Mid_LE_2"
PART 33 "J_Mid_LE_3"
PART 34 "tag_knife_attach"
PART 35 "D_Sleave_Reshape_Bottom_LE_1"
PART 36 "D_Sleave_Reshape_Bottom_LE_2"
PART 37 "D_Sleave_Reshape_Top_LE_1"
PART 38 "D_Sleave_Reshape_Top_LE_2"
PART 39 "D_Sleave_Reshape_Top_LE_3"
PART 40 "tag_weapon"
PART 41 "J_Gun"
PART 42 "TAG_CLIP"
PART 43 "J_Bolt"
PART 44 "J_Shoulder_RI"
PART 45 "J_Elbow_RI"
PART 46 "J_WristTwist_RI"
PART 47 "J_Sleave_Reshape_Top_RI_3"
PART 48 "J_Sleave_Reshape_Top_RI_2"
PART 49 "J_Sleave_Reshape_Top_RI_1"
PART 50 "J_Wrist_RI"
PART 51 "J_Thumb_RI_0"
PART 52 "J_Thumb_RI_1"
PART 53 "J_Thumb_RI_2"
PART 54 "J_Thumb_RI_3"
PART 55 "J_PinkyPalm_RI"
PART 56 "J_Pinky_RI_0"
PART 57 "J_Pinky_RI_1"
PART 58 "J_Pinky_RI_2"
PART 59 "J_Pinky_RI_3"
PART 60 "J_RingPalm_RI"
PART 61 "J_Ring_RI_0"
PART 62 "J_Ring_RI_1"
PART 63 "J_Ring_RI_2"
PART 64 "J_Ring_RI_3"
PART 65 "J_Webbing_RI"
PART 66 "J_Index_RI_0"
PART 67 "J_Index_RI_1"
PART 68 "J_Index_RI_2"
PART 69 "J_Index_RI_3"
PART 70 "J_Mid_RI_0"
PART 71 "J_Mid_RI_1"
PART 72 "J_Mid_RI_2"
PART 73 "J_Mid_RI_3"
PART 74 "D_Sleave_Reshape_Top_RI_3"
PART 75 "D_Sleave_Reshape_Top_RI_2"
PART 76 "D_Sleave_Reshape_Top_RI_1"
PART 77 "tag_cambone"
PART 78 "tag_camera"
PART 79 "tag_gasmask"

FRAMERATE 30
NUMFRAMES 31

FRAME 525
PART 0
OFFSET  0.0000 -0.0000 -0.0000
X  1.0000 -0.0000  0.0000
Y  0.0000  1.0000  0.0000
Z  0.0000 -0.0000  1.0000

PART 1
OFFSET -4.6318 -0.0000 -1.3770
X  1.0000 -0.0000  0.0000
Y  0.0000  1.0000  0.0000
Z  0.0000 -0.0000  1.0000

PART 2
OFFSET -3.4552  5.7860 -3.1869
X  0.3975 -0.2712 -0.8766
Y  0.6728 -0.5634  0.4795
Z -0.6239 -0.7804 -0.0415

PART 3
OFFSET  1.3527  2.5057 -13.7882
X  0.9579  0.2870  0.0088
Y -0.1201  0.3726  0.9202
Z  0.2608 -0.8825  0.3914

PART 4
OFFSET  9.4999  4.9468 -13.7133
X  0.9579  0.2870  0.0088
Y -0.2852  0.9545 -0.0871
Z -0.0334  0.0809  0.9962

PART 5
OFFSET  10.6669  6.5749 -14.9634
X  0.9579  0.2872  0.0022
Y -0.2618  0.8762 -0.4046
Z -0.1181  0.3869  0.9145

PART 6
OFFSET  10.8126  4.1255 -14.5740
X  0.9579  0.2872  0.0022
Y -0.2618  0.8762 -0.4046
Z -0.1181  0.3869  0.9145

PART 7
OFFSET  10.9576  6.7449 -12.6393
X  0.9579  0.2872  0.0022
Y -0.2618  0.8762 -0.4046
Z -0.1181  0.3869  0.9145

PART 8
OFFSET  11.1818  5.6276 -11.9231
X  0.9579  0.2872  0.0022
Y -0.2618  0.8762 -0.4046
Z -0.1181  0.3869  0.9145

PART 9
OFFSET  11.0873  4.6248 -12.5721
X  0.9579  0.2872  0.0022
Y -0.2618  0.8762 -0.4046
Z -0.1181  0.3869  0.9145

PART 10
OFFSET  12.4365  5.8266 -13.6864
X  0.7197  0.6017 -0.3465
Y -0.6313  0.7748  0.0341
Z  0.2890  0.1942  0.9374

PART 11
OFFSET  12.2696  6.9247 -13.4244
X  0.5089  0.8281 -0.2353
Y -0.8417  0.4214 -0.3376
Z -0.1804  0.3698  0.9114

PART 12
OFFSET  13.2737  8.7742 -13.9151
X  0.8104  0.4571 -0.3664
Y -0.5534  0.8026 -0.2228
Z  0.1922  0.3833  0.9034

PART 13
OFFSET  14.6366  9.5072 -14.3922
X  0.5384  0.7948 -0.2801
Y -0.8408  0.4842 -0.2422
Z -0.0569  0.3659  0.9289

PART 14
OFFSET  15.2019  10.3917 -14.6566
X  0.2607  0.4515 -0.8533
Y -0.0161 -0.8818 -0.4714
Z -0.9653  0.1366 -0.2227

PART 15
OFFSET  13.7799  5.5454 -13.8266
X  0.9644  0.2183 -0.1491
Y  0.1258  0.1170  0.9851
Z  0.2325 -0.9688  0.0854

PART 16
OFFSET  15.9284  6.1915 -14.0532
X -0.0756  0.5706  0.8178
Y -0.9907 -0.1360  0.0033
Z  0.1131 -0.8099  0.5755

PART 17
OFFSET  15.8214  6.9993 -12.8954
X -0.4400  0.4848  0.7559
Y -0.8868 -0.3670 -0.2809
Z  0.1412 -0.7939  0.5914

PART 18
OFFSET  15.4312  7.4291 -12.2252
X -0.6913  0.3591  0.6270
Y -0.7174 -0.4440 -0.5368
Z  0.0856 -0.8210  0.5645

PART 19
OFFSET  14.7744  7.7702 -11.6295
X  0.9668  0.1228 -0.2242
Y -0.0859 -0.6700 -0.7374
Z -0.2408  0.7322 -0.6372

PART 20
OFFSET  13.4783  6.1655 -14.0111
X  0.8805  0.3358 -0.3346
Y  0.3016  0.1477  0.9419
Z  0.3657 -0.9303  0.0288

PART 21
OFFSET  15.8500  7.0348 -14.6256
X  0.3517  0.3956  0.8484
Y -0.9361  0.1564  0.3151
Z -0.0080 -0.9050  0.4253

PART 22
OFFSET  16.4488  7.7083 -13.1811
X -0.5528  0.3663  0.7485
Y -0.8332 -0.2542 -0.4910
Z  0.0104 -0.8951  0.4457

PART 23
OFFSET  15.6826  8.2159 -12.1438
X -0.8240  0.2400  0.5133
Y -0.5665 -0.3697 -0.7365
Z  0.0130 -0.8976  0.4405

PART 24
OFFSET  14.7890  8.4761 -11.5871
X  0.9993 -0.0296  0.0218
Y  0.0081 -0.4015 -0.9158
Z  0.0359  0.9154 -0.4010

PART 25
OFFSET  13.8075  9.0157 -14.1980
X  0.8796  0.4703 -0.0720
Y -0.0918  0.0194 -0.9956
Z -0.4668  0.8823  0.0602

PART 26
OFFSET  14.6571  8.6832 -15.3593
X  0.9541  0.1567  0.2552
Y -0.2791  0.1567  0.9474
Z  0.1084 -0.9751  0.1933

PART 27
OFFSET  16.3370  8.9591 -14.9100
X  0.4137  0.1282  0.9013
Y -0.9051 -0.0490  0.4224
Z  0.0983 -0.9905  0.0958

PART 28
OFFSET  16.8340  9.1751 -13.8201
X -0.3342  0.1582  0.9292
Y -0.9337 -0.1903 -0.3034
Z  0.1289 -0.9689  0.2113

PART 29
OFFSET  16.4566  9.3538 -12.7706
X  0.9879 -0.1522  0.0308
Y  0.0193 -0.0768 -0.9969
Z  0.1541  0.9854 -0.0729

PART 30
OFFSET  15.3171  7.8134 -15.1911
X  0.6369  0.3277  0.6978
Y -0.7570  0.0948  0.6465
Z  0.1457 -0.9400  0.3085

PART 31
OFFSET  16.5615  8.4537 -13.8280
X -0.2900  0.2660  0.9193
Y -0.9518 -0.1806 -0.2479
Z  0.1001 -0.9469  0.3055

PART 32
OFFSET  16.1379  8.8421 -12.4852
X -0.8100  0.1073  0.5765
Y -0.5829 -0.2555 -0.7714
Z  0.0646 -0.9608  0.2695

PART 33
OFFSET  15.2214  8.9570 -11.8298
X  0.9893  0.1424  0.0334
Y  0.0799 -0.3355 -0.9387
Z -0.1224  0.9312 -0.3432

PART 34
OFFSET  15.1682  7.3364 -13.2157
X  0.3346 -0.9379  0.0912
Y -0.2890 -0.1942 -0.9374
Z  0.8969  0.2873 -0.3360

PART 35
OFFSET  10.7309  5.7456 -15.0238
X  0.9579  0.2872  0.0022
Y -0.2618  0.8762 -0.4046
Z -0.1181  0.3869  0.9145

PART 36
OFFSET  10.8126  4.1255 -14.5740
X  0.9579  0.2872  0.0022
Y -0.2618  0.8762 -0.4046
Z -0.1181  0.3869  0.9145

PART 37
OFFSET  10.9576  6.7449 -12.6393
X  0.9579  0.2872  0.0022
Y -0.2618  0.8762 -0.4046
Z -0.1181  0.3869  0.9145

PART 38
OFFSET  11.1818  5.6276 -11.9231
X  0.9579  0.2872  0.0022
Y -0.2618  0.8762 -0.4046
Z -0.1181  0.3869  0.9145

PART 39
OFFSET  11.0873  4.6248 -12.5721
X  0.9579  0.2872  0.0022
Y -0.2618  0.8762 -0.4046
Z -0.1181  0.3869  0.9145

PART 40
OFFSET  9.6880  2.3080 -8.4140
X  0.5747  0.5968 -0.5600
Y -0.7997  0.2639 -0.5393
Z -0.1741  0.7577  0.6289

PART 41
OFFSET  9.6880  2.3080 -8.4140
X  0.5747  0.5968 -0.5600
Y -0.7997  0.2639 -0.5393
Z -0.1741  0.7577  0.6289

PART 42
OFFSET  12.0478  5.0371 -10.6051
X  0.5747  0.5968 -0.5600
Y -0.7997  0.2639 -0.5393
Z -0.1741  0.7577  0.6289

PART 43
OFFSET  13.7896  7.6090 -10.3498
X  0.5747  0.5968 -0.5600
Y -0.7997  0.2639 -0.5393
Z -0.1741  0.7577  0.6289

PART 44
OFFSET -13.9227 -7.9373 -3.1869
X -0.9482 -0.1783  0.2630
Y  0.0939 -0.9480 -0.3042
Z  0.3035 -0.2638  0.9156

PART 45
OFFSET -2.4554 -5.7809 -6.3670
X -0.9706 -0.2405 -0.0031
Y  0.0522 -0.1982 -0.9788
Z  0.2348 -0.9502  0.2050

PART 46
OFFSET  5.8003 -3.7353 -6.3408
X -0.9706 -0.2405 -0.0031
Y  0.2209 -0.8864 -0.4067
Z  0.0951 -0.3954  0.9136

PART 47
OFFSET  6.8889 -2.1551 -5.8472
X -0.9716 -0.2367  0.0022
Y -0.2328  0.9536 -0.1909
Z  0.0431 -0.1860 -0.9816

PART 48
OFFSET  7.3540 -2.4488 -4.7827
X -0.9716 -0.2367  0.0022
Y -0.2328  0.9536 -0.1909
Z  0.0431 -0.1860 -0.9816

PART 49
OFFSET  7.7728 -3.7262 -4.7219
X -0.9716 -0.2367  0.0022
Y -0.2328  0.9536 -0.1909
Z  0.0431 -0.1860 -0.9816

PART 50
OFFSET  8.7760 -2.9980 -6.3314
X -0.3895 -0.8057  0.4462
Y  0.4697 -0.5905 -0.6563
Z  0.7923 -0.0461  0.6084

PART 51
OFFSET  8.1727 -2.0468 -6.1486
X  0.3498 -0.8855  0.3056
Y  0.3071 -0.1998 -0.9305
Z  0.8850  0.4194  0.2021

PART 52
OFFSET  7.3379 -0.1392 -6.7265
X -0.2842 -0.4397  0.8520
Y  0.4988 -0.8267 -0.2603
Z  0.8188  0.3510  0.4543

PART 53
OFFSET  7.7347  0.4820 -8.1683
X -0.4367  0.3166  0.8421
Y  0.1945 -0.8807  0.4319
Z  0.8783  0.3524  0.3230

PART 54
OFFSET  8.1635  0.1386 -9.1011
X -0.8465 -0.1742  0.5031
Y -0.4732 -0.1870 -0.8609
Z  0.2440 -0.9668  0.0758

PART 55
OFFSET  9.4485 -2.9392 -7.5347
X -0.3600 -0.4525  0.8159
Y  0.8859  0.1085  0.4510
Z -0.2926  0.8851  0.3618

PART 56
OFFSET  10.1060 -1.8068 -9.3704
X  0.7203 -0.2738  0.6374
Y  0.6935  0.3078 -0.6514
Z -0.0178  0.9112  0.4116

PART 57
OFFSET  9.0863 -1.4192 -10.2728
X  0.9585  0.1296 -0.2540
Y -0.2852  0.4402 -0.8514
Z  0.0015  0.8885  0.4589

PART 58
OFFSET  8.2365 -1.5341 -10.0475
X  0.3328  0.3885 -0.8593
Y -0.9426  0.1117 -0.3146
Z -0.0262  0.9147  0.4034

PART 59
OFFSET  7.9203 -1.9032 -9.2312
X  0.3409 -0.4995  0.7964
Y -0.9291 -0.0500  0.3664
Z -0.1432 -0.8649 -0.4812

PART 60
OFFSET  9.3326 -2.3759 -7.1117
X -0.3686 -0.6133  0.6986
Y  0.8478  0.0864  0.5232
Z -0.3812  0.7851  0.4881

PART 61
OFFSET  10.3645 -0.8989 -8.9857
X  0.6708 -0.1978  0.7147
Y  0.7360  0.2958 -0.6089
Z -0.0909  0.9345  0.3440

PART 62
OFFSET  9.2224 -0.5621 -10.2026
X  0.8759  0.2410 -0.4179
Y -0.4759  0.2892 -0.8306
Z -0.0793  0.9264  0.3680

PART 63
OFFSET  8.0085 -0.8962 -9.6233
X  0.1630  0.3801 -0.9105
Y -0.9830 -0.0165 -0.1829
Z -0.0845  0.9248  0.3709

PART 64
OFFSET  7.8316 -1.3084 -8.6359
X  0.4238 -0.2565  0.8687
Y -0.8942 -0.2711  0.3562
Z  0.1441 -0.9278 -0.3442

PART 65
OFFSET  7.1823 -5.8767 -3.5933
X -0.2370 -0.6567  0.7159
Y -0.8523 -0.2131 -0.4777
Z  0.4663 -0.7234 -0.5092

PART 66
OFFSET  10.2341  0.5698 -7.3489
X -0.4019 -0.6668  0.6276
Y  0.8654 -0.0526  0.4983
Z -0.2993  0.7434  0.5982

PART 67
OFFSET  10.9416  1.7438 -8.4538
X -0.3755 -0.6635  0.6471
Y  0.8607  0.0093  0.5090
Z -0.3437  0.7481  0.5676

PART 68
OFFSET  11.3772  2.5959 -9.2061
X -0.3463 -0.7141  0.6084
Y  0.8698 -0.0014  0.4935
Z -0.3515  0.7001  0.6215

PART 69
OFFSET  11.7684  3.4024 -9.8933
X -0.7713  0.4306 -0.4687
Y  0.6343  0.5806 -0.5104
Z  0.0524 -0.6910 -0.7210

PART 70
OFFSET  10.5599 -0.1485 -8.1224
X  0.5638 -0.2421  0.7896
Y  0.7873  0.4464 -0.4253
Z -0.2495  0.8615  0.4423

PART 71
OFFSET  9.4586  0.3245 -9.6650
X  0.9239  0.3463 -0.1629
Y -0.2827  0.3308 -0.9004
Z -0.2579  0.8779  0.4035

PART 72
OFFSET  8.1091 -0.1813 -9.4272
X  0.2441  0.4346 -0.8669
Y -0.9232 -0.1695 -0.3449
Z -0.2968  0.8845  0.3599

PART 73
OFFSET  7.8341 -0.6799 -8.4481
X  0.4215 -0.2815  0.8620
Y -0.8834 -0.3424  0.3201
Z  0.2050 -0.8964 -0.3930

PART 74
OFFSET  6.8889 -2.1551 -5.8472
X -0.9716 -0.2367  0.0022
Y -0.2328  0.9536 -0.1909
Z  0.0431 -0.1860 -0.9816

PART 75
OFFSET  7.3539 -2.4486 -4.7826
X -0.9716 -0.2367  0.0022
Y -0.2328  0.9536 -0.1909
Z  0.0431 -0.1860 -0.9816

PART 76
OFFSET  7.7728 -3.7262 -4.7220
X -0.9716 -0.2367  0.0022
Y -0.2328  0.9536 -0.1909
Z  0.0431 -0.1860 -0.9816

PART 77
OFFSET  0.0000 -0.0000 -0.0000
X  1.0000 -0.0000  0.0000
Y  0.0000  1.0000  0.0000
Z  0.0000 -0.0000  1.0000

PART 78
OFFSET  0.0000 -0.0000 -0.0000
X  1.0000 -0.0000  0.0000
Y  0.0000  1.0000  0.0000
Z  0.0000 -0.0000  1.0000

PART 79
OFFSET  1.5404 -0.0000  4.1357
X  1.0000 -0.0000  0.0000
Y  0.0000  1.0000  0.0000
Z  0.0000 -0.0000  1.0000


FRAME 526
PART 0
OFFSET  0.0000 -0.0000 -0.0000
X  1.0000 -0.0000  0.0000
Y  0.0000  1.0000  0.0000
Z  0.0000 -0.0000  1.0000

PART 1
OFFSET -4.6318 -0.0000 -1.3770
X  1.0000 -0.0000  0.0000
Y  0.0000  1.0000  0.0000
Z  0.0000 -0.0000  1.0000

PART 2
OFFSET -3.4552  5.7860 -3.1869
X  0.3974 -0.2668 -0.8780
Y  0.6655 -0.5749  0.4760
Z -0.6317 -0.7735 -0.0509

PART 3
OFFSET  1.3512  2.5591 -13.8052
X  0.9602  0.2788  0.0188
Y -0.1236  0.3636  0.9233
Z  0.2506 -0.8889  0.3836

PART 4
OFFSET  9.5179  4.9302 -13.6453
X  0.9602  0.2788  0.0188
Y -0.2766  0.9579 -0.0770
Z -0.0395  0.0688  0.9969

PART 5
OFFSET  10.7075  6.5619 -14.8691
X  0.9602  0.2790  0.0122
Y -0.2515  0.8828 -0.3968
Z -0.1215  0.3780  0.9178

PART 6
OFFSET  10.8299  4.1073 -14.5054
X  0.9602  0.2790  0.0122
Y -0.2515  0.8828 -0.3968
Z -0.1215  0.3780  0.9178

PART 7
OFFSET  10.9827  6.7042 -12.5412
X  0.9602  0.2790  0.0122
Y -0.2515  0.8828 -0.3968
Z -0.1215  0.3780  0.9178

PART 8
OFFSET  11.1924  5.5773 -11.8357
X  0.9602  0.2790  0.0122
Y -0.2515  0.8828 -0.3968
Z -0.1215  0.3780  0.9178

PART 9
OFFSET  11.0941  4.5825 -12.4963
X  0.9602  0.2790  0.0122
Y -0.2515  0.8828 -0.3968
Z -0.1215  0.3780  0.9178

PART 10
OFFSET  12.4615  5.7848 -13.5877
X  0.7264  0.5978 -0.3390
Y -0.6233  0.7809  0.0411
Z  0.2893  0.1815  0.9399

PART 11
OFFSET  12.3055  6.8818 -13.3146
X  0.5178  0.8252 -0.2258
Y -0.8367  0.4335 -0.3346
Z -0.1782  0.3622  0.9149

PART 12
OFFSET  13.3295  8.7258 -13.7843
X  0.8158  0.4525 -0.3603
Y -0.5447  0.8105 -0.2153
Z  0.1946  0.3719  0.9077

PART 13
OFFSET  14.7007  9.4496 -14.2514
X  0.5471  0.7921 -0.2709
Y -0.8353  0.4954 -0.2385
Z -0.0547  0.3567  0.9326

PART 14
OFFSET  15.2756  10.3309 -14.5057
X  0.2669  0.4576 -0.8482
Y -0.0244 -0.8766 -0.4806
Z -0.9634  0.1489 -0.2228

PART 15
OFFSET  13.8021  5.4912 -13.7286
X  0.9669  0.2099 -0.1452
Y  0.1253  0.1054  0.9865
Z  0.2223 -0.9720  0.0756

PART 16
OFFSET  15.9575  6.1173 -13.9449
X -0.0711  0.5628  0.8235
Y -0.9921 -0.1257  0.0003
Z  0.1037 -0.8170  0.5672

PART 17
OFFSET  15.8569  6.9141 -12.7789
X -0.4363  0.4814  0.7602
Y -0.8901 -0.3548 -0.2861
Z  0.1320 -0.8014  0.5833

PART 18
OFFSET  15.4700  7.3409 -12.1050
X -0.6887  0.3596  0.6296
Y -0.7211 -0.4309 -0.5426
Z  0.0762 -0.8276  0.5561

PART 19
OFFSET  14.8158  7.6826 -11.5068
X  0.9684  0.1151 -0.2214
Y -0.0916 -0.6613 -0.7445
Z -0.2321  0.7412 -0.6299

PART 20
OFFSET  13.5072  6.1163 -13.9071
X  0.8845  0.3301 -0.3296
Y  0.3015  0.1347  0.9439
Z  0.3560 -0.9343  0.0196

PART 21
OFFSET  15.8889  6.9673 -14.5086
X  0.3543  0.3831  0.8531
Y -0.9350  0.1628  0.3152
Z -0.0181 -0.9093  0.4158

PART 22
OFFSET  16.4921  7.6195 -13.0562
X -0.5503  0.3642  0.7514
Y -0.8350 -0.2404 -0.4950
Z  0.0004 -0.8998  0.4364

PART 23
OFFSET  15.7294  8.1242 -12.0149
X -0.8223  0.2431  0.5144
Y -0.5690 -0.3561 -0.7412
Z  0.0030 -0.9023  0.4312

PART 24
OFFSET  14.8375  8.3878 -11.4570
X  0.9989 -0.0402  0.0231
Y  0.0055 -0.3920 -0.9200
Z  0.0460  0.9191 -0.3913

PART 25
OFFSET  13.8662  8.9647 -14.0637
X  0.8845  0.4619 -0.0656
Y -0.0899  0.0307 -0.9955
Z -0.4578  0.8864  0.0687

PART 26
OFFSET  14.7144  8.6356 -15.2270
X  0.9552  0.1441  0.2583
Y -0.2791  0.1497  0.9485
Z  0.0980 -0.9782  0.1832

PART 27
OFFSET  16.3963  8.8893 -14.7722
X  0.4135  0.1146  0.9033
Y -0.9063 -0.0440  0.4204
Z  0.0879 -0.9924  0.0856

PART 28
OFFSET  16.8936  9.0889 -13.6793
X -0.3341  0.1519  0.9302
Y -0.9351 -0.1775 -0.3069
Z  0.1185 -0.9723  0.2014

PART 29
OFFSET  16.5162  9.2605 -12.6286
X  0.9862 -0.1627  0.0308
Y  0.0202 -0.0666 -0.9976
Z  0.1644  0.9844 -0.0624

PART 30
OFFSET  15.3651  7.7573 -15.0669
X  0.6391  0.3138  0.7022
Y -0.7571  0.0959  0.6462
Z  0.1354 -0.9446  0.2989

PART 31
OFFSET  16.6136  8.3704 -13.6951
X -0.2888  0.2594  0.9216
Y -0.9532 -0.1682 -0.2514
Z  0.0898 -0.9510  0.2958

PART 32
OFFSET  16.1918  8.7492 -12.3490
X -0.8099  0.1096  0.5763
Y -0.5841 -0.2414 -0.7749
Z  0.0541 -0.9642  0.2595

PART 33
OFFSET  15.2753  8.8667 -11.6939
X  0.9906  0.1317  0.0365
Y  0.0781 -0.3265 -0.9420
Z -0.1122  0.9360 -0.3337

PART 34
OFFSET  15.2078  7.2612 -13.0968
X  0.3248 -0.9422  0.0819
Y -0.2893 -0.1815 -0.9399
Z  0.9005  0.2815 -0.3316

PART 35
OFFSET  10.7650  5.7328 -14.9381
X  0.9602  0.2790  0.0122
Y -0.2515  0.8828 -0.3968
Z -0.1215  0.3780  0.9178

PART 36
OFFSET  10.8299  4.1073 -14.5054
X  0.9602  0.2790  0.0122
Y -0.2515  0.8828 -0.3968
Z -0.1215  0.3780  0.9178

PART 37
OFFSET  10.9827  6.7042 -12.5412
X  0.9602  0.2790  0.0122
Y -0.2515  0.8828 -0.3968
Z -0.1215  0.3780  0.9178

PART 38
OFFSET  11.1924  5.5773 -11.8357
X  0.9602  0.2790  0.0122
Y -0.2515  0.8828 -0.3968
Z -0.1215  0.3780  0.9178

PART 39
OFFSET  11.0941  4.5825 -12.4963
X  0.9602  0.2790  0.0122
Y -0.2515  0.8828 -0.3968
Z -0.1215  0.3780  0.9178

PART 40
OFFSET  9.6676  2.2401 -8.3568
X  0.5818  0.5966 -0.5528
Y -0.7959  0.2778 -0.5379
Z -0.1673  0.7529  0.6365

PART 41
OFFSET  9.6676  2.2401 -8.3568
X  0.5818  0.5966 -0.5528
Y -0.7959  0.2778 -0.5379
Z -0.1673  0.7529  0.6365

PART 42
OFFSET  12.0592  4.9673 -10.5154
X  0.5818  0.5966 -0.5528
Y -0.7959  0.2778 -0.5379
Z -0.1673  0.7529  0.6365

PART 43
OFFSET  13.8271  7.5182 -10.2304
X  0.5818  0.5966 -0.5528
Y -0.7959  0.2778 -0.5379
Z -0.1673  0.7529  0.6365

PART 44
OFFSET -13.9227 -7.9373 -3.1869
X -0.9427 -0.1692  0.2876
Y  0.0788 -0.9503 -0.3011
Z  0.3242 -0.2612  0.9092

PART 45
OFFSET -2.5219 -5.8906 -6.6646
X -0.9696 -0.2431 -0.0288
Y  0.0771 -0.1914 -0.9785
Z  0.2324 -0.9509  0.2044

PART 46
OFFSET  5.7247 -3.8228 -6.4195
X -0.9696 -0.2431 -0.0288
Y  0.2306 -0.8675 -0.4409
Z  0.0822 -0.4341  0.8971

PART 47
OFFSET  6.7961 -2.2431 -5.8884
X -0.9706 -0.2394 -0.0235
Y -0.2307  0.9543 -0.1902
Z  0.0680 -0.1792 -0.9815

PART 48
OFFSET  7.2355 -2.5427 -4.8146
X -0.9706 -0.2394 -0.0235
Y -0.2307  0.9543 -0.1902
Z  0.0680 -0.1792 -0.9815

PART 49
OFFSET  7.6564 -3.8194 -4.7521
X -0.9706 -0.2394 -0.0235
Y -0.2307  0.9543 -0.1902
Z  0.0680 -0.1792 -0.9815

PART 50
OFFSET  8.6971 -3.0775 -6.3312
X -0.3986 -0.8062  0.4371
Y  0.4647 -0.5885 -0.6616
Z  0.7907 -0.0606  0.6092

PART 51
OFFSET  8.1034 -2.1220 -6.1395
X  0.3402 -0.8923  0.2969
Y  0.3066 -0.1932 -0.9320
Z  0.8890  0.4081  0.2078

PART 52
OFFSET  7.2893 -0.2000 -6.6987
X -0.2902 -0.4456  0.8469
Y  0.4906 -0.8291 -0.2681
Z  0.8216  0.3377  0.4592

PART 53
OFFSET  7.6950  0.4320 -8.1333
X -0.4348  0.3123  0.8446
Y  0.1847 -0.8871  0.4230
Z  0.8814  0.3399  0.3281

PART 54
OFFSET  8.1218  0.0939 -9.0689
X -0.8491 -0.1706  0.4999
Y -0.4737 -0.1730 -0.8635
Z  0.2339 -0.9700  0.0661

PART 55
OFFSET  9.3723 -3.0131 -7.5327
X -0.3660 -0.4573  0.8105
Y  0.8862  0.0946  0.4535
Z -0.2841  0.8843  0.3706

PART 56
OFFSET  10.0446 -1.8685 -9.3555
X  0.7163 -0.2877  0.6357
Y  0.6977  0.3073 -0.6471
Z -0.0092  0.9071  0.4209

PART 57
OFFSET  9.0304 -1.4611 -10.2554
X  0.9602  0.1223 -0.2511
Y -0.2791  0.4519 -0.8473
Z  0.0098  0.8836  0.4681

PART 58
OFFSET  8.1790 -1.5696 -10.0328
X  0.3384  0.3938 -0.8546
Y -0.9408  0.1247 -0.3150
Z -0.0175  0.9107  0.4127

PART 59
OFFSET  7.8576 -1.9437 -9.2209
X  0.3343 -0.5112  0.7918
Y -0.9302 -0.0442  0.3643
Z -0.1512 -0.8583 -0.4903

PART 60
OFFSET  9.2615 -2.4532 -7.1040
X -0.3761 -0.6167  0.6916
Y  0.8478  0.0722  0.5254
Z -0.3739  0.7839  0.4957

PART 61
OFFSET  10.3118 -0.9675 -8.9609
X  0.6676 -0.2121  0.7137
Y  0.7400  0.2944 -0.6047
Z -0.0818  0.9318  0.3535

PART 62
OFFSET  9.1753 -0.6063 -10.1760
X  0.8791  0.2362 -0.4140
Y -0.4714  0.3027 -0.8284
Z -0.0704  0.9234  0.3774

PART 63
OFFSET  7.9569 -0.9337 -9.6023
X  0.1685  0.3877 -0.9062
Y -0.9828 -0.0044 -0.1846
Z -0.0756  0.9218  0.3803

PART 64
OFFSET  7.7741 -1.3542 -8.6194
X  0.4196 -0.2698  0.8667
Y -0.8976 -0.2654  0.3520
Z  0.1351 -0.9256 -0.3536

PART 65
OFFSET  7.0690 -5.9679 -3.6259
X -0.2451 -0.6616  0.7086
Y -0.8536 -0.1993 -0.4813
Z  0.4597 -0.7229 -0.5159

PART 66
OFFSET  10.1938  0.4854 -7.3090
X -0.4103 -0.6690  0.6197
Y  0.8637 -0.0671  0.4995
Z -0.2926  0.7402  0.6054

PART 67
OFFSET  10.9162  1.6633 -8.4001
X -0.3830 -0.6662  0.6399
Y  0.8601 -0.0045  0.5101
Z -0.3369  0.7458  0.5747

PART 68
OFFSET  11.3614  2.5185 -9.1431
X -0.3535 -0.7167  0.6012
Y  0.8694 -0.0145  0.4939
Z -0.3453  0.6973  0.6282

PART 69
OFFSET  11.7607  3.3280 -9.8222
X -0.7669  0.4425 -0.4649
Y  0.6401  0.5796 -0.5043
Z  0.0463 -0.6843 -0.7277

PART 70
OFFSET  10.5136 -0.2282 -8.0895
X  0.5599 -0.2561  0.7880
Y  0.7927  0.4425 -0.4194
Z -0.2413  0.8594  0.4508

PART 71
OFFSET  9.4198  0.2722 -9.6289
X  0.9277  0.3383 -0.1577
Y -0.2776  0.3431 -0.8974
Z -0.2494  0.8763  0.4122

PART 72
OFFSET  8.0647 -0.2219 -9.3986
X  0.2501  0.4410 -0.8620
Y -0.9243 -0.1563 -0.3481
Z -0.2882  0.8838  0.3685

PART 73
OFFSET  7.7829 -0.7277 -8.4251
X  0.4170 -0.2948  0.8597
Y -0.8874 -0.3364  0.3151
Z  0.1963 -0.8944 -0.4019

PART 74
OFFSET  6.7961 -2.2430 -5.8884
X -0.9706 -0.2394 -0.0235
Y -0.2307  0.9543 -0.1902
Z  0.0680 -0.1792 -0.9815

PART 75
OFFSET  7.2354 -2.5425 -4.8146
X -0.9706 -0.2394 -0.0235
Y -0.2307  0.9543 -0.1902
Z  0.0680 -0.1792 -0.9815

PART 76
OFFSET  7.6564 -3.8194 -4.7522
X -0.9706 -0.2394 -0.0235
Y -0.2307  0.9543 -0.1902
Z  0.0680 -0.1792 -0.9815

PART 77
OFFSET  0.0000 -0.0000 -0.0000
X  1.0000 -0.0000  0.0000
Y  0.0000  1.0000  0.0000
Z  0.0000 -0.0000  1.0000

PART 78
OFFSET  0.0000 -0.0000 -0.0000
X  1.0000 -0.0000  0.0000
Y  0.0000  1.0000  0.0000
Z  0.0000 -0.0000  1.0000

PART 79
OFFSET  1.5404 -0.0000  4.1357
X  1.0000 -0.0000  0.0000
Y  0.0000  1.0000  0.0000
Z  0.0000 -0.0000  1.0000


FRAME 527
PART 0
OFFSET  0.0000 -0.0000 -0.0000
X  1.0000 -0.0000  0.0000
Y  0.0000  1.0000  0.0000
Z  0.0000 -0.0000  1.0000

PART 1
OFFSET -4.6318 -0.0000 -1.3770
X  1.0000 -0.0000  0.0000
Y  0.0000  1.0000  0.0000
Z  0.0000 -0.0000  1.0000

PART 2
OFFSET -3.4552  5.7860 -3.1869
X  0.3981 -0.2545 -0.8813
Y  0.6449 -0.6056  0.4662
Z -0.6524 -0.7539 -0.0770

PART 3
OFFSET  1.3592  2.7084 -13.8458
X  0.9657  0.2556  0.0464
Y -0.1345  0.3391  0.9311
Z  0.2223 -0.9054  0.3618

PART 4
OFFSET  9.5726  4.8825 -13.4513
X  0.9657  0.2556  0.0464
Y -0.2534  0.9662 -0.0482
Z -0.0571  0.0348  0.9978

PART 5
OFFSET  10.8242  6.5212 -14.6017
X  0.9658  0.2561  0.0398
Y -0.2230  0.8997 -0.3753
Z -0.1319  0.3536  0.9261

PART 6
OFFSET  10.8831  4.0547 -14.3091
X  0.9658  0.2561  0.0398
Y -0.2230  0.8997 -0.3753
Z -0.1319  0.3536  0.9261

PART 7
OFFSET  11.0541  6.5885 -12.2656
X  0.9658  0.2561  0.0398
Y -0.2230  0.8997 -0.3753
Z -0.1319  0.3536  0.9261

PART 8
OFFSET  11.2234  5.4369 -11.5899
X  0.9658  0.2561  0.0398
Y -0.2230  0.8997 -0.3753
Z -0.1319  0.3536  0.9261

PART 9
OFFSET  11.1163  4.4644 -12.2817
X  0.9658  0.2561  0.0398
Y -0.2230  0.8997 -0.3753
Z -0.1319  0.3536  0.9261

PART 10
OFFSET  12.5330  5.6661 -13.3091
X  0.7452  0.5861 -0.3180
Y -0.6007  0.7971  0.0614
Z  0.2895  0.1453  0.9461

PART 11
OFFSET  12.4074  6.7586 -13.0044
X  0.5427  0.8160 -0.1991
Y -0.8221  0.4673 -0.3253
Z -0.1725  0.3402  0.9244

PART 12
OFFSET  13.4867  8.5851 -13.4150
X  0.8304  0.4390 -0.3431
Y -0.5199  0.8320 -0.1938
Z  0.2004  0.3393  0.9191

PART 13
OFFSET  14.8807  9.2822 -13.8545
X  0.5712  0.7834 -0.2449
Y -0.8194  0.5262 -0.2275
Z -0.0494  0.3307  0.9425

PART 14
OFFSET  15.4822  10.1535 -14.0801
X  0.2845  0.4744 -0.8331
Y -0.0471 -0.8610 -0.5064
Z -0.9575  0.1833 -0.2226

PART 15
OFFSET  13.8653  5.3379 -13.4527
X  0.9733  0.1859 -0.1346
Y  0.1230  0.0727  0.9897
Z  0.1938 -0.9799  0.0479

PART 16
OFFSET  16.0391  5.9072 -13.6408
X -0.0592  0.5402  0.8395
Y -0.9953 -0.0968 -0.0079
Z  0.0770 -0.8360  0.5434

PART 17
OFFSET  15.9553  6.6720 -12.4523
X -0.4262  0.4714  0.7721
Y -0.8984 -0.3203 -0.3004
Z  0.1057 -0.8217  0.5600

PART 18
OFFSET  15.5774  7.0899 -11.7678
X -0.6813  0.3609  0.6368
Y -0.7303 -0.3937 -0.5583
Z  0.0493 -0.8455  0.5318

PART 19
OFFSET  14.9301  7.4328 -11.1627
X  0.9725  0.0934 -0.2135
Y -0.1067 -0.6362 -0.7641
Z -0.2072  0.7658 -0.6088

PART 20
OFFSET  13.5896  5.9763 -13.6140
X  0.8954  0.3138 -0.3158
Y  0.3002  0.0982  0.9488
Z  0.3288 -0.9444 -0.0063

PART 21
OFFSET  15.9981  6.7750 -14.1795
X  0.3607  0.3474  0.8656
Y -0.9315  0.1805  0.3157
Z -0.0466 -0.9202  0.3887

PART 22
OFFSET  16.6121  7.3664 -12.7058
X -0.5435  0.3578  0.7593
Y -0.8389 -0.2014 -0.5056
Z -0.0280 -0.9118  0.4096

PART 23
OFFSET  15.8588  7.8623 -11.6535
X -0.8177  0.2517  0.5177
Y -0.5751 -0.3175 -0.7539
Z -0.0254 -0.9142  0.4044

PART 24
OFFSET  14.9720  8.1353 -11.0920
X  0.9972 -0.0698  0.0264
Y -0.0009 -0.3648 -0.9311
Z  0.0746  0.9285 -0.3639

PART 25
OFFSET  14.0316  8.8164 -13.6849
X  0.8978  0.4377 -0.0480
Y -0.0837  0.0625 -0.9945
Z -0.4323  0.8969  0.0928

PART 26
OFFSET  14.8761  8.4970 -14.8536
X  0.9576  0.1087  0.2667
Y -0.2797  0.1299  0.9513
Z  0.0687 -0.9856  0.1548

PART 27
OFFSET  16.5621  8.6883 -14.3840
X  0.4118  0.0759  0.9081
Y -0.9094 -0.0300  0.4149
Z  0.0587 -0.9967  0.0567

PART 28
OFFSET  17.0592  8.8412 -13.2835
X -0.3345  0.1342  0.9328
Y -0.9382 -0.1412 -0.3161
Z  0.0893 -0.9808  0.1731

PART 29
OFFSET  16.6814  8.9928 -12.2299
X  0.9809 -0.1921  0.0304
Y  0.0236 -0.0378 -0.9990
Z  0.1931  0.9806 -0.0326

PART 30
OFFSET  15.5002  7.5959 -14.7166
X  0.6442  0.2744  0.7140
Y -0.7574  0.0989  0.6454
Z  0.1065 -0.9565  0.2715

PART 31
OFFSET  16.7586  8.1319 -13.3218
X -0.2861  0.2405  0.9275
Y -0.9563 -0.1330 -0.2605
Z  0.0607 -0.9615  0.2680

PART 32
OFFSET  16.3408  8.4832 -11.9670
X -0.8094  0.1161  0.5757
Y -0.5867 -0.2015 -0.7843
Z  0.0249 -0.9726  0.2312

PART 33
OFFSET  15.4247  8.6080 -11.3128
X  0.9938  0.1018  0.0448
Y  0.0736 -0.3008 -0.9508
Z -0.0833  0.9482 -0.3064

PART 34
OFFSET  15.3183  7.0470 -12.7626
X  0.2969 -0.9533  0.0556
Y -0.2895 -0.1453 -0.9461
Z  0.9100  0.2649 -0.3191

PART 35
OFFSET  10.8642  5.6933 -14.6943
X  0.9658  0.2561  0.0398
Y -0.2230  0.8997 -0.3753
Z -0.1319  0.3536  0.9261

PART 36
OFFSET  10.8831  4.0547 -14.3091
X  0.9658  0.2561  0.0398
Y -0.2230  0.8997 -0.3753
Z -0.1319  0.3536  0.9261

PART 37
OFFSET  11.0541  6.5885 -12.2656
X  0.9658  0.2561  0.0398
Y -0.2230  0.8997 -0.3753
Z -0.1319  0.3536  0.9261

PART 38
OFFSET  11.2234  5.4369 -11.5899
X  0.9658  0.2561  0.0398
Y -0.2230  0.8997 -0.3753
Z -0.1319  0.3536  0.9261

PART 39
OFFSET  11.1163  4.4644 -12.2817
X  0.9658  0.2561  0.0398
Y -0.2230  0.8997 -0.3753
Z -0.1319  0.3536  0.9261

PART 40
OFFSET  9.6101  2.0521 -8.1975
X  0.6017  0.5954 -0.5324
Y -0.7847  0.3165 -0.5330
Z -0.1489  0.7384  0.6577

PART 41
OFFSET  9.6101  2.0521 -8.1975
X  0.6017  0.5954 -0.5324
Y -0.7847  0.3165 -0.5330
Z -0.1489  0.7384  0.6577

PART 42
OFFSET  12.0910  4.7708 -10.2641
X  0.6017  0.5954 -0.5324
Y -0.7847  0.3165 -0.5330
Z -0.1489  0.7384  0.6577

PART 43
OFFSET  13.9303  7.2598 -9.8961
X  0.6017  0.5954 -0.5324
Y -0.7847  0.3165 -0.5330
Z -0.1489  0.7384  0.6577

PART 44
OFFSET -13.9227 -7.9373 -3.1869
X -0.9284 -0.1480  0.3409
Y  0.0445 -0.9549 -0.2935
Z  0.3690 -0.2573  0.8931

PART 45
OFFSET -2.6952 -6.1472 -7.3101
X -0.9654 -0.2467 -0.0844
Y  0.1304 -0.1766 -0.9756
Z  0.2258 -0.9528  0.2027

PART 46
OFFSET  5.5160 -4.0487 -6.5926
X -0.9654 -0.2467 -0.0844
Y  0.2536 -0.8134 -0.5234
Z  0.0605 -0.5267  0.8479

PART 47
OFFSET  6.5495 -2.4725 -5.9818
X -0.9668 -0.2430 -0.0791
Y -0.2249  0.9560 -0.1884
Z  0.1214 -0.1644 -0.9789

PART 48
OFFSET  6.9321 -2.7861 -4.8905
X -0.9668 -0.2430 -0.0791
Y -0.2249  0.9560 -0.1884
Z  0.1214 -0.1644 -0.9789

PART 49
OFFSET  7.3554 -4.0618 -4.8239
X -0.9668 -0.2430 -0.0791
Y -0.2249  0.9560 -0.1884
Z  0.1214 -0.1644 -0.9789

PART 50
OFFSET  8.4756 -3.2923 -6.3339
X -0.4241 -0.8068  0.4114
Y  0.4510 -0.5821 -0.6766
Z  0.7854 -0.1014  0.6107

PART 51
OFFSET  7.9088 -2.3260 -6.1168
X  0.3127 -0.9101  0.2719
Y  0.3057 -0.1746 -0.9360
Z  0.8993  0.3758  0.2236

PART 52
OFFSET  7.1535 -0.3655 -6.6224
X -0.3074 -0.4615  0.8322
Y  0.4678 -0.8349 -0.2902
Z  0.8287  0.3001  0.4725

PART 53
OFFSET  7.5848  0.2961 -8.0361
X -0.4300  0.2998  0.8516
Y  0.1567 -0.9041  0.3974
Z  0.8891  0.3043  0.3418

PART 54
OFFSET  8.0064 -0.0267 -8.9794
X -0.8562 -0.1605  0.4910
Y -0.4740 -0.1337 -0.8703
Z  0.2053 -0.9779  0.0384

PART 55
OFFSET  9.1587 -3.2123 -7.5300
X -0.3832 -0.4701  0.7951
Y  0.8862  0.0555  0.4600
Z -0.2604  0.8809  0.3953

PART 56
OFFSET  9.8732 -2.0346 -9.3152
X  0.7045 -0.3266  0.6301
Y  0.7096  0.3057 -0.6349
Z  0.0147  0.8943  0.4471

PART 57
OFFSET  8.8758 -1.5721 -10.2073
X  0.9647  0.1016 -0.2429
Y -0.2612  0.4842 -0.8350
Z  0.0328  0.8690  0.4937

PART 58
OFFSET  8.0204 -1.6622 -9.9919
X  0.3543  0.4085 -0.8412
Y -0.9351  0.1611 -0.3156
Z  0.0066  0.8984  0.4390

PART 59
OFFSET  7.6838 -2.0503 -9.1927
X  0.3151 -0.5435  0.7781
Y -0.9331 -0.0277  0.3585
Z -0.1733 -0.8390 -0.5158

PART 60
OFFSET  9.0619 -2.6622 -7.0855
X -0.3973 -0.6256  0.6714
Y  0.8468  0.0322  0.5310
Z -0.3538  0.7795  0.5169

PART 61
OFFSET  10.1643 -1.1538 -8.8932
X  0.6575 -0.2520  0.7101
Y  0.7513  0.2902 -0.5927
Z -0.0567  0.9232  0.3802

PART 62
OFFSET  9.0449 -0.7247 -10.1021
X  0.8878  0.2224 -0.4029
Y -0.4580  0.3402 -0.8213
Z -0.0456  0.9137  0.4039

PART 63
OFFSET  7.8145 -1.0329 -9.5437
X  0.1844  0.4088 -0.8938
Y -0.9815  0.0295 -0.1890
Z -0.0509  0.9121  0.4067

PART 64
OFFSET  7.6146 -1.4763 -8.5743
X  0.4071 -0.3069  0.8603
Y -0.9067 -0.2494  0.3402
Z  0.1101 -0.9185 -0.3798

PART 65
OFFSET  6.7503 -6.2123 -3.7223
X -0.2679 -0.6747  0.6877
Y -0.8564 -0.1602 -0.4908
Z  0.4413 -0.7205 -0.5350

PART 66
OFFSET  10.0798  0.2527 -7.1996
X -0.4342 -0.6744  0.5973
Y  0.8581 -0.1078  0.5021
Z -0.2742  0.7305  0.6254

PART 67
OFFSET  10.8442  1.4400 -8.2512
X -0.4042 -0.6731  0.6193
Y  0.8575 -0.0434  0.5126
Z -0.3181  0.7383  0.5947

PART 68
OFFSET  11.3163  2.3031 -8.9680
X -0.3737 -0.7234  0.5806
Y  0.8676 -0.0512  0.4946
Z -0.3281  0.6885  0.6467

PART 69
OFFSET  11.7384  3.1202 -9.6237
X -0.7538  0.4754 -0.4536
Y  0.6564  0.5761 -0.4871
Z  0.0298 -0.6650 -0.7463

PART 70
OFFSET  10.3830 -0.4466 -7.9993
X  0.5481 -0.2952  0.7826
Y  0.8074  0.4312 -0.4027
Z -0.2186  0.8526  0.4747

PART 71
OFFSET  9.3123  0.1302 -9.5281
X  0.9381  0.3154 -0.1434
Y -0.2626  0.3771 -0.8882
Z -0.2260  0.8708  0.4366

PART 72
OFFSET  7.9421 -0.3305 -9.3187
X  0.2674  0.4584 -0.8476
Y -0.9266 -0.1190 -0.3567
Z -0.2643  0.8807  0.3930

PART 73
OFFSET  7.6405 -0.8560 -8.3618
X  0.4037 -0.3318  0.8526
Y -0.8985 -0.3194  0.3012
Z  0.1724 -0.8876 -0.4271

PART 74
OFFSET  6.5495 -2.4724 -5.9817
X -0.9668 -0.2430 -0.0791
Y -0.2249  0.9560 -0.1884
Z  0.1214 -0.1644 -0.9789

PART 75
OFFSET  6.9321 -2.7859 -4.8904
X -0.9668 -0.2430 -0.0791
Y -0.2249  0.9560 -0.1884
Z  0.1214 -0.1644 -0.9789

PART 76
OFFSET  7.3555 -4.0618 -4.8240
X -0.9668 -0.2430 -0.0791
Y -0.2249  0.9560 -0.1884
Z  0.1214 -0.1644 -0.9789

PART 77
OFFSET  0.0000 -0.0000 -0.0000
X  1.0000 -0.0000  0.0000
Y  0.0000  1.0000  0.0000
Z  0.0000 -0.0000  1.0000

PART 78
OFFSET  0.0000 -0.0000 -0.0000
X  1.0000 -0.0000  0.0000
Y  0.0000  1.0000  0.0000
Z  0.0000 -0.0000  1.0000

PART 79
OFFSET  1.5404 -0.0000  4.1357
X  1.0000 -0.0000  0.0000
Y  0.0000  1.0000  0.0000
Z  0.0000 -0.0000  1.0000


FRAME 528
PART 0
OFFSET  0.0000 -0.0000 -0.0000
X  1.0000 -0.0000  0.0000
Y  0.0000  1.0000  0.0000
Z  0.0000 -0.0000  1.0000

PART 1
OFFSET -4.6318 -0.0000 -1.3770
X  1.0000 -0.0000  0.0000
Y  0.0000  1.0000  0.0000
Z  0.0000 -0.0000  1.0000

PART 2
OFFSET -3.4552  5.7860 -3.1869
X  0.4019 -0.2359 -0.8848
Y  0.6127 -0.6488  0.4513
Z -0.6805 -0.7235 -0.1163

PART 3
OFFSET  1.4058  2.9335 -13.8872
X  0.9716  0.2200  0.0875
Y -0.1535  0.3039  0.9403
Z  0.1803 -0.9270  0.3290

PART 4
OFFSET  9.6695  4.8046 -13.1433
X  0.9716  0.2200  0.0875
Y -0.2207  0.9753 -0.0020
Z -0.0857 -0.0173  0.9962

PART 5
OFFSET  11.0114  6.4463 -14.1822
X  0.9720  0.2207  0.0809
Y -0.1808  0.9219 -0.3427
Z -0.1503  0.3185  0.9359

PART 6
OFFSET  10.9791  3.9692 -13.9949
X  0.9720  0.2207  0.0809
Y -0.1808  0.9219 -0.3427
Z -0.1503  0.3185  0.9359

PART 7
OFFSET  11.1673  6.4070 -11.8393
X  0.9720  0.2207  0.0809
Y -0.1808  0.9219 -0.3427
Z -0.1503  0.3185  0.9359

PART 8
OFFSET  11.2762  5.2227 -11.2092
X  0.9720  0.2207  0.0809
Y -0.1808  0.9219 -0.3427
Z -0.1503  0.3185  0.9359

PART 9
OFFSET  11.1596  4.2846 -11.9455
X  0.9720  0.2207  0.0809
Y -0.1808  0.9219 -0.3427
Z -0.1503  0.3185  0.9359

PART 10
OFFSET  12.6480  5.4790 -12.8752
X  0.7731  0.5663 -0.2856
Y -0.5656  0.8194  0.0936
Z  0.2870  0.0892  0.9538

PART 11
OFFSET  12.5678  6.5611 -12.5217
X  0.5798  0.7993 -0.1576
Y -0.7977  0.5176 -0.3094
Z -0.1657  0.3051  0.9378

PART 12
OFFSET  13.7302  8.3547 -12.8406
X  0.8520  0.4168 -0.3168
Y -0.4810  0.8622 -0.1591
Z  0.2068  0.2879  0.9350

PART 13
OFFSET  15.1574  9.0084 -13.2379
X  0.6073  0.7676 -0.2048
Y -0.7933  0.5718 -0.2089
Z -0.0433  0.2893  0.9562

PART 14
OFFSET  15.7987  9.8615 -13.4191
X  0.3126  0.4986 -0.8085
Y -0.0804 -0.8342 -0.5456
Z -0.9465  0.2356 -0.2207

PART 15
OFFSET  13.9658  5.0989 -13.0243
X  0.9817  0.1484 -0.1191
Y  0.1171  0.0221  0.9929
Z  0.1500 -0.9887  0.0043

PART 16
OFFSET  16.1641  5.5791 -13.1709
X -0.0429  0.5036  0.8629
Y -0.9985 -0.0521 -0.0193
Z  0.0352 -0.8624  0.5050

PART 17
OFFSET  16.1034  6.2921 -11.9492
X -0.4120  0.4543  0.7898
Y -0.9089 -0.2661 -0.3211
Z  0.0643 -0.8502  0.5225

PART 18
OFFSET  15.7380  6.6949 -11.2489
X -0.6705  0.3614  0.6479
Y -0.7419 -0.3351 -0.5808
Z  0.0072 -0.8701  0.4928

PART 19
OFFSET  15.1010  7.0382 -10.6334
X  0.9775  0.0597 -0.2022
Y -0.1277 -0.5955 -0.7931
Z -0.1678  0.8011 -0.5745

PART 20
OFFSET  13.7199  5.7556 -13.1581
X  0.9112  0.2878 -0.2948
Y  0.2957  0.0415  0.9544
Z  0.2869 -0.9568 -0.0473

PART 21
OFFSET  16.1662  6.4715 -13.6695
X  0.3678  0.2914  0.8831
Y -0.9255  0.2072  0.3171
Z -0.0906 -0.9339  0.3458

PART 22
OFFSET  16.7923  6.9675 -12.1661
X -0.5341  0.3467  0.7711
Y -0.8424 -0.1408 -0.5202
Z -0.0718 -0.9274  0.3672

PART 23
OFFSET  16.0521  7.4480 -11.0974
X -0.8105  0.2640  0.5229
Y -0.5817 -0.2571 -0.7717
Z -0.0693 -0.9296  0.3619

PART 24
OFFSET  15.1731  7.7343 -10.5303
X  0.9929 -0.1151  0.0302
Y -0.0085 -0.3217 -0.9468
Z  0.1187  0.9398 -0.3204

PART 25
OFFSET  14.2871  8.5736 -13.0958
X  0.9166  0.3992 -0.0216
Y -0.0718  0.1113 -0.9912
Z -0.3932  0.9101  0.1307

PART 26
OFFSET  15.1273  8.2705 -14.2719
X  0.9590  0.0538  0.2781
Y -0.2823  0.0988  0.9542
Z  0.0239 -0.9937  0.1099

PART 27
OFFSET  16.8158  8.3652 -13.7822
X  0.4065  0.0162  0.9135
Y -0.9135 -0.0084  0.4067
Z  0.0143 -0.9998  0.0114

PART 28
OFFSET  17.3091  8.4457 -12.6724
X -0.3367  0.1064  0.9356
Y -0.9406 -0.0849 -0.3289
Z  0.0444 -0.9907  0.1286

PART 29
OFFSET  16.9288  8.5659 -11.6156
X  0.9712 -0.2367  0.0285
Y  0.0309  0.0066 -0.9995
Z  0.2364  0.9716  0.0137

PART 30
OFFSET  15.7099  7.3372 -14.1719
X  0.6491  0.2128  0.7303
Y -0.7582  0.1030  0.6439
Z  0.0618 -0.9717  0.2282

PART 31
OFFSET  16.9780  7.7530 -12.7452
X -0.2836  0.2105  0.9356
Y -0.9588 -0.0784 -0.2730
Z  0.0159 -0.9744  0.2241

PART 32
OFFSET  16.5638  8.0605 -11.3787
X -0.8087  0.1257  0.5747
Y -0.5879 -0.1394 -0.7968
Z -0.0200 -0.9822  0.1866

PART 33
OFFSET  15.6482  8.1959 -10.7260
X  0.9969  0.0554  0.0564
Y  0.0689 -0.2603 -0.9631
Z -0.0387  0.9639 -0.2633

PART 34
OFFSET  15.4863  6.7087 -12.2465
X  0.2542 -0.9671  0.0139
Y -0.2870 -0.0892 -0.9538
Z  0.9236  0.2384 -0.3002

PART 35
OFFSET  11.0270  5.6222 -14.3092
X  0.9720  0.2207  0.0809
Y -0.1808  0.9219 -0.3427
Z -0.1503  0.3185  0.9359

PART 36
OFFSET  10.9791  3.9692 -13.9949
X  0.9720  0.2207  0.0809
Y -0.1808  0.9219 -0.3427
Z -0.1503  0.3185  0.9359

PART 37
OFFSET  11.1673  6.4070 -11.8393
X  0.9720  0.2207  0.0809
Y -0.1808  0.9219 -0.3427
Z -0.1503  0.3185  0.9359

PART 38
OFFSET  11.2762  5.2227 -11.2092
X  0.9720  0.2207  0.0809
Y -0.1808  0.9219 -0.3427
Z -0.1503  0.3185  0.9359

PART 39
OFFSET  11.1596  4.2846 -11.9455
X  0.9720  0.2207  0.0809
Y -0.1808  0.9219 -0.3427
Z -0.1503  0.3185  0.9359

PART 40
OFFSET  9.5227  1.7697 -7.9552
X  0.6321  0.5917 -0.5003
Y -0.7652  0.3749 -0.5234
Z -0.1222  0.7137  0.6897

PART 41
OFFSET  9.5227  1.7697 -7.9552
X  0.6321  0.5917 -0.5003
Y -0.7652  0.3749 -0.5234
Z -0.1222  0.7137  0.6897

PART 42
OFFSET  12.1395  4.4668 -9.8776
X  0.6321  0.5917 -0.5003
Y -0.7652  0.3749 -0.5234
Z -0.1222  0.7137  0.6897

PART 43
OFFSET  14.0832  6.8524 -9.3831
X  0.6321  0.5917 -0.5003
Y -0.7652  0.3749 -0.5234
Z -0.1222  0.7137  0.6897

PART 44
OFFSET -13.9227 -7.9373 -3.1869
X -0.9078 -0.1218  0.4014
Y  0.0035 -0.9591 -0.2831
Z  0.4195 -0.2556  0.8710

PART 45
OFFSET -2.9444 -6.4638 -8.0417
X -0.9577 -0.2476 -0.1465
Y  0.1896 -0.1602 -0.9687
Z  0.2164 -0.9555  0.2004

PART 46
OFFSET  5.2013 -4.3574 -6.7956
X -0.9577 -0.2476 -0.1465
Y  0.2838 -0.7284 -0.6236
Z  0.0477 -0.6388  0.7679

PART 47
OFFSET  6.1906 -2.7890 -6.0978
X -0.9594 -0.2441 -0.1413
Y -0.2164  0.9584 -0.1860
Z  0.1808 -0.1479 -0.9723

PART 48
OFFSET  6.5078 -3.1197 -4.9906
X -0.9594 -0.2441 -0.1413
Y -0.2164  0.9584 -0.1860
Z  0.1808 -0.1479 -0.9723

PART 49
OFFSET  6.9307 -4.3952 -4.9195
X -0.9594 -0.2441 -0.1413
Y -0.2164  0.9584 -0.1860
Z  0.1808 -0.1479 -0.9723

PART 50
OFFSET  8.1373 -3.5982 -6.3464
X -0.4629 -0.8050  0.3710
Y  0.4310 -0.5701 -0.6994
Z  0.7746 -0.1638  0.6109

PART 51
OFFSET  7.6115 -2.6186 -6.0892
X  0.2699 -0.9345  0.2319
Y  0.3059 -0.1451 -0.9409
Z  0.9130  0.3249  0.2467

PART 52
OFFSET  6.9477 -0.6055 -6.5094
X -0.3349 -0.4846  0.8081
Y  0.4330 -0.8408 -0.3248
Z  0.8369  0.2412  0.4914

PART 53
OFFSET  7.4204  0.0996 -7.8884
X -0.4238  0.2796  0.8615
Y  0.1132 -0.9274  0.3566
Z  0.8987  0.2486  0.3614

PART 54
OFFSET  7.8357 -0.1984 -8.8427
X -0.8668 -0.1445  0.4773
Y -0.4718 -0.0728 -0.8787
Z  0.1617 -0.9868 -0.0051

PART 55
OFFSET  8.8340 -3.4944 -7.5327
X -0.4105 -0.4884  0.7700
Y  0.8836 -0.0047  0.4681
Z -0.2250  0.8726  0.4335

PART 56
OFFSET  9.6152 -2.2693 -9.2571
X  0.6839 -0.3854  0.6194
Y  0.7278  0.3024 -0.6155
Z  0.0499  0.8718  0.4873

PART 57
OFFSET  8.6469 -1.7237 -10.1340
X  0.9705  0.0694 -0.2309
Y -0.2318  0.5324 -0.8141
Z  0.0664  0.8437  0.5328

PART 58
OFFSET  7.7865 -1.7852 -9.9293
X  0.3797  0.4297 -0.8193
Y -0.9242  0.2164 -0.3148
Z  0.0421  0.8766  0.4793

PART 59
OFFSET  7.4257 -2.1935 -9.1510
X  0.2836 -0.5913  0.7549
Y -0.9367 -0.0023  0.3501
Z -0.2053 -0.8064 -0.5546

PART 60
OFFSET  8.7575 -2.9613 -7.0642
X -0.4304 -0.6372  0.6393
Y  0.8426 -0.0295  0.5378
Z -0.3238  0.7701  0.5496

PART 61
OFFSET  9.9411 -1.4225 -8.7932
X  0.6395 -0.3126  0.7023
Y  0.7685  0.2830 -0.5738
Z -0.0194  0.9068  0.4212

PART 62
OFFSET  8.8523 -0.8903 -9.9890
X  0.9004  0.2005 -0.3861
Y -0.4350  0.3968 -0.8083
Z -0.0089  0.8957  0.4445

PART 63
OFFSET  7.6045 -1.1682 -9.4539
X  0.2101  0.4400 -0.8731
Y -0.9776  0.0815 -0.1942
Z -0.0143  0.8943  0.4472

PART 64
OFFSET  7.3766 -1.6454 -8.5070
X  0.3856 -0.3630  0.8482
Y -0.9198 -0.2239  0.3223
Z  0.0729 -0.9045 -0.4203

PART 65
OFFSET  6.2615 -6.5545 -3.8835
X -0.3035 -0.6928  0.6542
Y -0.8582 -0.0996 -0.5036
Z  0.4140 -0.7143 -0.5643

PART 66
OFFSET  9.9037 -0.0922 -7.0375
X -0.4710 -0.6802  0.5618
Y  0.8468 -0.1700  0.5040
Z -0.2473  0.7131  0.6560

PART 67
OFFSET  10.7329  1.1053 -8.0265
X -0.4371 -0.6818  0.5866
Y  0.8512 -0.1029  0.5146
Z -0.2905  0.7243  0.6253

PART 68
OFFSET  11.2466  1.9782 -8.7017
X -0.4048 -0.7321  0.5479
Y  0.8628 -0.1072  0.4941
Z -0.3029  0.6727  0.6750

PART 69
OFFSET  11.7038  2.8051 -9.3206
X -0.7323  0.5243 -0.4345
Y  0.6810  0.5696 -0.4602
Z  0.0062 -0.6329 -0.7742

PART 70
OFFSET  10.1830 -0.7672 -7.8662
X  0.5275 -0.3544  0.7721
Y  0.8292  0.4126 -0.3771
Z -0.1849  0.8392  0.5115

PART 71
OFFSET  9.1525 -0.0748 -9.3746
X  0.9524  0.2792 -0.1221
Y -0.2373  0.4283 -0.8719
Z -0.1912  0.8594  0.4742

PART 72
OFFSET  7.7613 -0.4827 -9.1963
X  0.2950  0.4839 -0.8239
Y -0.9277 -0.0612 -0.3682
Z -0.2286  0.8730  0.4308

PART 73
OFFSET  7.4282 -1.0369 -8.2665
X  0.3809 -0.3877  0.8394
Y -0.9144 -0.2922  0.2800
Z  0.1367 -0.8742 -0.4658

PART 74
OFFSET  6.1906 -2.7890 -6.0978
X -0.9594 -0.2441 -0.1413
Y -0.2164  0.9584 -0.1860
Z  0.1808 -0.1479 -0.9723

PART 75
OFFSET  6.5077 -3.1195 -4.9906
X -0.9594 -0.2441 -0.1413
Y -0.2164  0.9584 -0.1860
Z  0.1808 -0.1479 -0.9723

PART 76
OFFSET  6.9307 -4.3953 -4.9196
