// Export filename: `C:\projects\cod\t5\xanim_export\t5_viewmodels\ak74u\ak74u_grenadier_gl_pullout.XANIM_EXPORT`
// Source filename: `D:\projects\devanim\t5\animation_assets\viewmodels\ak74u/t5_viewmodel_ak74u_animated2.fbx`
// Export time: Sat Aug 28 02:11:50 2010

ANIMATION
VERSION 3

NUMPARTS 80
PART 0 "tag_ads"
PART 1 "tag_torso"
PART 2 "J_Shoulder_LE"
PART 3 "J_Elbow_LE"
PART 4 "J_WristTwist_LE"
PART 5 "J_Sleave_Reshape_Bottom_LE_1"
PART 6 "J_Sleave_Reshape_Bottom_LE_2"
PART 7 "J_Sleave_Reshape_Top_LE_1"
PART 8 "J_Sleave_Reshape_Top_LE_2"
PART 9 "J_Sleave_Reshape_Top_LE_3"
PART 10 "J_Wrist_LE"
PART 11 "J_Thumb_LE_0"
PART 12 "J_Thumb_LE_1"
PART 13 "J_Thumb_LE_2"
PART 14 "J_Thumb_LE_3"
PART 15 "J_PinkyPalm_LE"
PART 16 "J_Pinky_LE_0"
PART 17 "J_Pinky_LE_1"
PART 18 "J_Pinky_LE_2"
PART 19 "J_Pinky_LE_3"
PART 20 "J_RingPalm_LE"
PART 21 "J_Ring_LE_0"
PART 22 "J_Ring_LE_1"
PART 23 "J_Ring_LE_2"
PART 24 "J_Ring_LE_3"
PART 25 "J_Webbing_LE"
PART 26 "J_Index_LE_0"
PART 27 "J_Index_LE_1"
PART 28 "J_Index_LE_2"
PART 29 "J_Index_LE_3"
PART 30 "J_Mid_LE_0"
PART 31 "J_Mid_LE_1"
PART 32 "J_Mid_LE_2"
PART 33 "J_Mid_LE_3"
PART 34 "tag_knife_attach"
PART 35 "D_Sleave_Reshape_Bottom_LE_1"
PART 36 "D_Sleave_Reshape_Bottom_LE_2"
PART 37 "D_Sleave_Reshape_Top_LE_1"
PART 38 "D_Sleave_Reshape_Top_LE_2"
PART 39 "D_Sleave_Reshape_Top_LE_3"
PART 40 "tag_weapon"
PART 41 "J_Gun"
PART 42 "TAG_CLIP"
PART 43 "J_Bolt"
PART 44 "J_Shoulder_RI"
PART 45 "J_Elbow_RI"
PART 46 "J_WristTwist_RI"
PART 47 "J_Sleave_Reshape_Top_RI_3"
PART 48 "J_Sleave_Reshape_Top_RI_2"
PART 49 "J_Sleave_Reshape_Top_RI_1"
PART 50 "J_Wrist_RI"
PART 51 "J_Thumb_RI_0"
PART 52 "J_Thumb_RI_1"
PART 53 "J_Thumb_RI_2"
PART 54 "J_Thumb_RI_3"
PART 55 "J_PinkyPalm_RI"
PART 56 "J_Pinky_RI_0"
PART 57 "J_Pinky_RI_1"
PART 58 "J_Pinky_RI_2"
PART 59 "J_Pinky_RI_3"
PART 60 "J_RingPalm_RI"
PART 61 "J_Ring_RI_0"
PART 62 "J_Ring_RI_1"
PART 63 "J_Ring_RI_2"
PART 64 "J_Ring_RI_3"
PART 65 "J_Webbing_RI"
PART 66 "J_Index_RI_0"
PART 67 "J_Index_RI_1"
PART 68 "J_Index_RI_2"
PART 69 "J_Index_RI_3"
PART 70 "J_Mid_RI_0"
PART 71 "J_Mid_RI_1"
PART 72 "J_Mid_RI_2"
PART 73 "J_Mid_RI_3"
PART 74 "D_Sleave_Reshape_Top_RI_3"
PART 75 "D_Sleave_Reshape_Top_RI_2"
PART 76 "D_Sleave_Reshape_Top_RI_1"
PART 77 "tag_cambone"
PART 78 "tag_camera"
PART 79 "tag_gasmask"

FRAMERATE 30
NUMFRAMES 21

FRAME 2270
PART 0
OFFSET  0.0000 -0.0000 -0.0000
X  1.0000 -0.0000  0.0000
Y  0.0000  1.0000  0.0000
Z  0.0000 -0.0000  1.0000

PART 1
OFFSET -4.6318 -0.0000 -1.3770
X  1.0000 -0.0000  0.0000
Y  0.0000  1.0000  0.0000
Z  0.0000 -0.0000  1.0000

PART 2
OFFSET -1.0115  7.9373 -5.7336
X  0.0692 -0.0636 -0.9956
Y  0.4786 -0.8735  0.0890
Z -0.8753 -0.4827 -0.0300

PART 3
OFFSET -0.1748  7.1684 -17.7740
X  0.9871 -0.0435 -0.1543
Y  0.1566  0.0552  0.9861
Z -0.0344 -0.9975  0.0613

PART 4
OFFSET  8.2206  6.7984 -19.0864
X  0.9871 -0.0435 -0.1543
Y  0.1510 -0.0711  0.9860
Z -0.0539 -0.9965 -0.0636

PART 5
OFFSET  9.7231  8.3098 -20.1030
X  0.9862 -0.0411 -0.1604
Y  0.0293  0.9967 -0.0750
Z  0.1629  0.0693  0.9842

PART 6
OFFSET  8.9999  5.9564 -20.4362
X  0.9862 -0.0411 -0.1604
Y  0.0293  0.9967 -0.0750
Z  0.1629  0.0693  0.9842

PART 7
OFFSET  10.3768  7.5810 -17.9684
X  0.9862 -0.0411 -0.1604
Y  0.0293  0.9967 -0.0750
Z  0.1629  0.0693  0.9842

PART 8
OFFSET  10.2668  6.2758 -17.6590
X  0.9862 -0.0411 -0.1604
Y  0.0293  0.9967 -0.0750
Z  0.1629  0.0693  0.9842

PART 9
OFFSET  9.7166  5.6347 -18.5087
X  0.9862 -0.0411 -0.1604
Y  0.0293  0.9967 -0.0750
Z  0.1629  0.0693  0.9842

PART 10
OFFSET  11.2466  6.6650 -19.5594
X  0.9187  0.3050  0.2509
Y -0.2149 -0.1469  0.9655
Z  0.3313 -0.9410 -0.0694

PART 11
OFFSET  11.5885  6.2740 -18.5432
X  0.5208 -0.5914  0.6156
Y -0.8341 -0.1992  0.5143
Z -0.1815 -0.7814 -0.5971

PART 12
OFFSET  12.6191  4.9346 -17.1966
X  0.9927  0.1165 -0.0303
Y  0.1010 -0.6693  0.7361
Z  0.0654 -0.7338 -0.6762

PART 13
OFFSET  14.2230  5.0803 -17.3652
X  0.4523  0.5325 -0.7155
Y  0.8900 -0.3210  0.3237
Z -0.0572 -0.7832 -0.6191

PART 14
OFFSET  14.7246  5.6149 -18.1617
X  0.5540  0.8301 -0.0637
Y -0.4840  0.3835  0.7865
Z  0.6773 -0.4049  0.6142

PART 15
OFFSET  12.3211  6.8901 -20.3949
X  0.8902  0.2935 -0.3485
Y  0.2720 -0.9560 -0.1102
Z -0.3654  0.0033 -0.9308

PART 16
OFFSET  14.4079  7.4318 -21.0558
X  0.3094 -0.9097  0.2770
Y -0.9482 -0.2731  0.1622
Z -0.0719 -0.3128 -0.9471

PART 17
OFFSET  14.8458  6.1438 -20.6637
X -0.7989 -0.5034  0.3293
Y -0.5944  0.7447 -0.3036
Z -0.0924 -0.4382 -0.8941

PART 18
OFFSET  14.1375  5.6975 -20.3717
X -0.7525 -0.5648  0.3388
Y -0.6467  0.7310 -0.2178
Z -0.1246 -0.3830 -0.9153

PART 19
OFFSET  13.4227  5.1609 -20.0499
X  0.9995  0.0285  0.0100
Y -0.0197  0.8669 -0.4981
Z -0.0228  0.4977  0.8670

PART 20
OFFSET  12.3341  6.9910 -19.6884
X  0.9423  0.3296 -0.0582
Y  0.3215 -0.9397 -0.1168
Z -0.0932  0.0914 -0.9914

PART 21
OFFSET  14.7588  7.8808 -19.9841
X  0.4007 -0.9144  0.0570
Y -0.9056 -0.3858  0.1762
Z -0.1391 -0.1222 -0.9827

PART 22
OFFSET  15.4410  6.3240 -19.8871
X -0.7987 -0.5735  0.1823
Y -0.5894  0.8066 -0.0452
Z -0.1211 -0.1435 -0.9822

PART 23
OFFSET  14.3340  5.5292 -19.6345
X -0.8925 -0.4197  0.1650
Y -0.4358  0.8968 -0.0766
Z -0.1159 -0.1402 -0.9833

PART 24
OFFSET  13.3661  5.0740 -19.4555
X  0.9745 -0.1753 -0.1398
Y  0.1599  0.9804 -0.1150
Z  0.1573  0.0897  0.9835

PART 25
OFFSET  13.9151  6.8675 -17.2901
X  0.9981  0.0537  0.0300
Y -0.0582  0.9825  0.1770
Z -0.0200 -0.1784  0.9838

PART 26
OFFSET  14.5413  8.0922 -17.8278
X  0.9558  0.2805 -0.0882
Y  0.2898 -0.9492  0.1222
Z -0.0494 -0.1424 -0.9886

PART 27
OFFSET  16.2241  8.5860 -17.9830
X  0.9368 -0.3481 -0.0340
Y -0.3433 -0.9337  0.1014
Z -0.0670 -0.0834 -0.9943

PART 28
OFFSET  17.3671  8.1679 -17.9639
X  0.3329 -0.9345  0.1263
Y -0.9383 -0.3416 -0.0541
Z  0.0937 -0.1005 -0.9905

PART 29
OFFSET  17.7431  7.1124 -17.8212
X  0.7650  0.5843 -0.2708
Y -0.6077  0.7942 -0.0030
Z  0.2133  0.1669  0.9626

PART 30
OFFSET  14.7359  8.0502 -18.9144
X  0.3125 -0.9486 -0.0507
Y -0.9414 -0.3164  0.1173
Z -0.1273  0.0110 -0.9918

PART 31
OFFSET  15.3463  6.1971 -19.0134
X -0.7912 -0.6040  0.0960
Y -0.5919  0.7957  0.1284
Z -0.1539  0.0448 -0.9871

PART 32
OFFSET  14.1907  5.3149 -18.8732
X -0.9550 -0.2659  0.1315
Y -0.2474  0.9586  0.1413
Z -0.1636  0.1025 -0.9812

PART 33
OFFSET  13.1081  5.0138 -18.7313
X  0.9007 -0.4149 -0.1284
Y  0.4120  0.9098 -0.0497
Z  0.1374 -0.0081  0.9905

PART 34
OFFSET  14.3581  6.1370 -19.5052
X -0.1253  0.0290 -0.9917
Y -0.3313  0.9410  0.0694
Z  0.9352  0.3372 -0.1083

PART 35
OFFSET  9.4648  7.5738 -20.3983
X  0.9862 -0.0411 -0.1604
Y  0.0293  0.9967 -0.0750
Z  0.1629  0.0693  0.9842

PART 36
OFFSET  8.9999  5.9564 -20.4362
X  0.9862 -0.0411 -0.1604
Y  0.0293  0.9967 -0.0750
Z  0.1629  0.0693  0.9842

PART 37
OFFSET  10.3768  7.5810 -17.9684
X  0.9862 -0.0411 -0.1604
Y  0.0293  0.9967 -0.0750
Z  0.1629  0.0693  0.9842

PART 38
OFFSET  10.2668  6.2758 -17.6590
X  0.9862 -0.0411 -0.1604
Y  0.0293  0.9967 -0.0750
Z  0.1629  0.0693  0.9842

PART 39
OFFSET  9.7166  5.6347 -18.5087
X  0.9862 -0.0411 -0.1604
Y  0.0293  0.9967 -0.0750
Z  0.1629  0.0693  0.9842

PART 40
OFFSET  6.2556  1.6803 -8.4276
X  0.7272  0.4657 -0.5043
Y -0.5803  0.8095 -0.0893
Z  0.3667  0.3576  0.8589

PART 41
OFFSET  6.2556  1.6803 -8.4276
X  0.7272  0.4657 -0.5043
Y -0.5803  0.8095 -0.0893
Z  0.3667  0.3576  0.8589

PART 42
OFFSET  9.4121  3.7535 -10.3133
X  0.7272  0.4657 -0.5043
Y -0.5803  0.8095 -0.0893
Z  0.3667  0.3576  0.8589

PART 43
OFFSET  12.3088  4.8241 -9.8928
X  0.7272  0.4657 -0.5043
Y -0.5803  0.8095 -0.0893
Z  0.3667  0.3576  0.8589

PART 44
OFFSET -3.5060 -7.9373 -3.1869
X  0.2019 -0.1801  0.9627
Y  0.0767 -0.9770 -0.1989
Z  0.9764  0.1140 -0.1834

PART 45
OFFSET -5.9477 -5.7589 -14.8297
X -0.6965 -0.2781 -0.6614
Y  0.4440  0.5572 -0.7018
Z  0.5637 -0.7824 -0.2646

PART 46
OFFSET -0.0234 -3.3935 -9.2039
X -0.6965 -0.2781 -0.6614
Y  0.5762  0.3325 -0.7466
Z  0.4276 -0.9012 -0.0713

PART 47
OFFSET  0.0047 -2.5099 -7.4307
X -0.7007 -0.2793 -0.6565
Y -0.5680  0.7751  0.2765
Z  0.4317  0.5667 -0.7018

PART 48
OFFSET  0.1881 -3.4122 -6.6639
X -0.7007 -0.2793 -0.6565
Y -0.5680  0.7751  0.2765
Z  0.4317  0.5667 -0.7018

PART 49
OFFSET  1.0998 -4.3008 -7.0998
X -0.7007 -0.2793 -0.6565
Y -0.5680  0.7751  0.2765
Z  0.4317  0.5667 -0.7018

PART 50
OFFSET  2.1119 -2.5409 -7.1760
X -0.7277 -0.4701  0.4995
Y -0.3671 -0.3482 -0.8625
Z  0.5794 -0.8110  0.0809

PART 51
OFFSET  2.5556 -1.6604 -6.6016
X -0.4060 -0.9136 -0.0226
Y -0.2301  0.1261 -0.9650
Z  0.8845 -0.3865 -0.2614

PART 52
OFFSET  3.4054  0.3200 -6.4419
X -0.2744 -0.5008  0.8209
Y -0.4274 -0.7012 -0.5706
Z  0.8614 -0.5075 -0.0216

PART 53
OFFSET  3.7264  1.1434 -7.7988
X  0.2231  0.0692  0.9723
Y -0.4568 -0.8738  0.1670
Z  0.8611 -0.4814 -0.1633

PART 54
OFFSET  3.4535  1.1055 -8.8457
X -0.4826  0.1802  0.8571
Y -0.6463  0.5872 -0.4874
Z -0.5911 -0.7891 -0.1669

PART 55
OFFSET  2.2175 -2.3521 -8.5386
X -0.3373 -0.4444  0.8299
Y  0.7104 -0.6986 -0.0853
Z  0.6177  0.5609  0.5513

PART 56
OFFSET  2.9782 -1.1864 -10.3126
X  0.3693 -0.9215  0.1202
Y  0.4592  0.0686 -0.8857
Z  0.8079  0.3823  0.4485

PART 57
OFFSET  2.4553  0.1183 -10.4827
X  0.5788 -0.3959 -0.7129
Y -0.0496  0.8555 -0.5154
Z  0.8140  0.3336  0.4755

PART 58
OFFSET  1.9421  0.4693 -9.8506
X  0.2604  0.4420 -0.8584
Y -0.5352  0.8061  0.2527
Z  0.8036  0.3936  0.4465

PART 59
OFFSET  1.6947  0.0493 -9.0352
X  0.0206 -0.9010  0.4333
Y -0.4701  0.3738  0.7996
Z -0.8824 -0.2201 -0.4158

PART 60
OFFSET  2.7024 -2.1306 -8.0640
X -0.4985 -0.4833  0.7196
Y  0.6910 -0.7228 -0.0067
Z  0.5234  0.4939  0.6943

PART 61
OFFSET  3.9338 -0.9656 -10.0350
X  0.4209 -0.8802  0.2193
Y  0.4856  0.0144 -0.8741
Z  0.7662  0.4744  0.4335

PART 62
OFFSET  3.2172  0.5330 -10.4084
X  0.5742 -0.1975 -0.7946
Y -0.2700  0.8705 -0.4114
Z  0.7729  0.4508  0.4465

PART 63
OFFSET  2.4215  0.8066 -9.3072
X  0.1434  0.5669 -0.8112
Y -0.6223  0.6890  0.3715
Z  0.7695  0.4516  0.4516

PART 64
OFFSET  2.2660  0.1918 -8.4273
X  0.2759 -0.8358  0.4746
Y -0.6245  0.2195  0.7495
Z -0.7307 -0.5032 -0.4614

PART 65
OFFSET -0.2959 -4.6376 -4.3245
X -0.4526 -0.6004  0.6593
Y -0.7797  0.6252  0.0341
Z -0.4327 -0.4986 -0.7511

PART 66
OFFSET  5.4396 -0.7481 -8.4417
X -0.5782 -0.4621  0.6724
Y  0.5865 -0.8084 -0.0513
Z  0.5673  0.3647  0.7384

PART 67
OFFSET  6.4576  0.0655 -9.6256
X -0.5553 -0.4858  0.6750
Y  0.6347 -0.7720 -0.0335
Z  0.5374  0.4099  0.7370

PART 68
OFFSET  7.1653  0.6810 -10.4015
X -0.5883 -0.5170  0.6217
Y  0.6274 -0.7769 -0.0524
Z  0.5102  0.3593  0.7815

PART 69
OFFSET  7.8298  1.2650 -11.1037
X -0.2314  0.9707  0.0647
Y  0.6752  0.2081 -0.7076
Z -0.7004 -0.1200 -0.7036

PART 70
OFFSET  4.8598 -1.0305 -9.3387
X  0.3456 -0.8766  0.3349
Y  0.6811 -0.0111 -0.7321
Z  0.6455  0.4811  0.5932

PART 71
OFFSET  4.1846  0.6820 -9.9928
X  0.7518 -0.2830 -0.5956
Y -0.1463  0.8092 -0.5691
Z  0.6430  0.5150  0.5669

PART 72
OFFSET  3.0866  1.0953 -9.1229
X  0.2436  0.5297 -0.8125
Y -0.7506  0.6335  0.1880
Z  0.6143  0.5640  0.5519

PART 73
OFFSET  2.8059  0.4919 -8.2064
X  0.2534 -0.8468  0.4677
Y -0.6834  0.1855  0.7061
Z -0.6847 -0.4985 -0.5317

PART 74
OFFSET  0.0046 -2.5099 -7.4307
X -0.7007 -0.2793 -0.6565
Y -0.5680  0.7751  0.2765
Z  0.4317  0.5667 -0.7018

PART 75
OFFSET  0.1879 -3.4121 -6.6637
X -0.7007 -0.2793 -0.6565
Y -0.5680  0.7751  0.2765
Z  0.4317  0.5667 -0.7018

PART 76
OFFSET  1.0999 -4.3007 -7.0999
X -0.7007 -0.2793 -0.6565
Y -0.5680  0.7751  0.2765
Z  0.4317  0.5667 -0.7018

PART 77
OFFSET  0.0000 -0.0000 -0.0000
X  1.0000 -0.0000  0.0000
Y  0.0000  1.0000  0.0000
Z  0.0000 -0.0000  1.0000

PART 78
OFFSET  0.0000 -0.0000 -0.0000
X  1.0000 -0.0000  0.0000
Y  0.0000  1.0000  0.0000
Z  0.0000 -0.0000  1.0000

PART 79
OFFSET  1.5404 -0.0000  4.1357
X  1.0000 -0.0000  0.0000
Y  0.0000  1.0000  0.0000
Z  0.0000 -0.0000  1.0000


FRAME 2271
PART 0
OFFSET  0.0000 -0.0000 -0.0000
X  1.0000 -0.0000  0.0000
Y  0.0000  1.0000  0.0000
Z  0.0000 -0.0000  1.0000

PART 1
OFFSET -4.6318 -0.0000 -1.3770
X  1.0000 -0.0000  0.0000
Y  0.0000  1.0000  0.0000
Z  0.0000 -0.0000  1.0000

PART 2
OFFSET -1.0115  7.9373 -5.7336
X  0.0821 -0.0634 -0.9946
Y  0.4768 -0.8739  0.0951
Z -0.8752 -0.4820 -0.0416

PART 3
OFFSET -0.0182  7.1708 -17.7622
X  0.9902 -0.0437 -0.1326
Y  0.1349  0.0552  0.9893
Z -0.0359 -0.9975  0.0606

PART 4
OFFSET  8.4040  6.7988 -18.8897
X  0.9902 -0.0437 -0.1326
Y  0.1281 -0.0922  0.9875
Z -0.0554 -0.9948 -0.0856

PART 5
OFFSET  9.9287  8.3098 -19.8732
X  0.9895 -0.0413 -0.1386
Y  0.0312  0.9967 -0.0744
Z  0.1413  0.0693  0.9875

PART 6
OFFSET  9.2126  5.9566 -20.2221
X  0.9895 -0.0413 -0.1386
Y  0.0312  0.9967 -0.0744
Z  0.1413  0.0693  0.9875

PART 7
OFFSET  10.5352  7.5810 -17.7247
X  0.9895 -0.0413 -0.1386
Y  0.0312  0.9967 -0.0744
Z  0.1413  0.0693  0.9875

PART 8
OFFSET  10.4181  6.2758 -17.4177
X  0.9895 -0.0413 -0.1386
Y  0.0312  0.9967 -0.0744
Z  0.1413  0.0693  0.9875

PART 9
OFFSET  9.8866  5.6348 -18.2793
X  0.9895 -0.0413 -0.1386
Y  0.0312  0.9967 -0.0744
Z  0.1413  0.0693  0.9875

PART 10
OFFSET  11.4396  6.6647 -19.2961
X  0.9190  0.2864  0.2709
Y -0.2327 -0.1607  0.9592
Z  0.3183 -0.9445 -0.0810

PART 11
OFFSET  11.7592  6.2506 -18.2819
X  0.5019 -0.6101  0.6131
Y -0.8452 -0.1956  0.4973
Z -0.1835 -0.7678 -0.6138

PART 12
OFFSET  12.7478  4.8719 -16.9434
X  0.9947  0.1019 -0.0124
Y  0.0791 -0.6838  0.7254
Z  0.0654 -0.7226 -0.6882

PART 13
OFFSET  14.3562  4.9962 -17.0838
X  0.4717  0.5382 -0.6985
Y  0.8798 -0.3402  0.3320
Z -0.0589 -0.7711 -0.6339

PART 14
OFFSET  14.8785  5.5372 -17.8626
X  0.5673  0.8225 -0.0400
Y -0.4909  0.3768  0.7855
Z  0.6612 -0.4260  0.6175

PART 15
OFFSET  12.5307  6.8882 -20.1103
X  0.9000  0.2860 -0.3289
Y  0.2595 -0.9579 -0.1231
Z -0.3503  0.0254 -0.9363

PART 16
OFFSET  14.6357  7.4098 -20.7281
X  0.2912 -0.9191  0.2654
Y -0.9547 -0.2615  0.1422
Z -0.0613 -0.2948 -0.9536

PART 17
OFFSET  15.0480  6.1085 -20.3523
X -0.8115 -0.4969  0.3074
Y -0.5782  0.7589 -0.2995
Z -0.0845 -0.4208 -0.9032

PART 18
OFFSET  14.3285  5.6679 -20.0798
X -0.7662 -0.5592  0.3166
Y -0.6321  0.7445 -0.2149
Z -0.1155 -0.3648 -0.9239

PART 19
OFFSET  13.6006  5.1367 -19.7790
X  0.9996  0.0131  0.0264
Y  0.0013  0.8758 -0.4827
Z -0.0294  0.4825  0.8754

PART 20
OFFSET  12.5338  6.9764 -19.4020
X  0.9479  0.3163 -0.0373
Y  0.3093 -0.9422 -0.1286
Z -0.0758  0.1104 -0.9910

PART 21
OFFSET  14.9760  7.8343 -19.6431
X  0.3860 -0.9213  0.0468
Y -0.9140 -0.3751  0.1548
Z -0.1250 -0.1026 -0.9868

PART 22
OFFSET  15.6331  6.2658 -19.5633
X -0.8100 -0.5644  0.1592
Y -0.5765  0.8161 -0.0400
Z -0.1074 -0.1242 -0.9864

PART 23
OFFSET  14.5105  5.4836 -19.3426
X -0.9013 -0.4089  0.1432
Y -0.4211  0.9045 -0.0673
Z -0.1020 -0.1210 -0.9874

PART 24
OFFSET  13.5331  5.0401 -19.1873
X  0.9739 -0.1876 -0.1275
Y  0.1763  0.9798 -0.0948
Z  0.1427  0.0698  0.9873

PART 25
OFFSET  14.0738  6.7863 -16.9815
X  0.9982  0.0380  0.0468
Y -0.0463  0.9800  0.1937
Z -0.0386 -0.1955  0.9799

PART 26
OFFSET  14.7268  8.0107 -17.4870
X  0.9612  0.2674 -0.0679
Y  0.2736 -0.9556  0.1097
Z -0.0355 -0.1240 -0.9916

PART 27
OFFSET  16.4191  8.4815 -17.6066
X  0.9320 -0.3616 -0.0253
Y -0.3588 -0.9301  0.0791
Z -0.0522 -0.0647 -0.9965

PART 28
OFFSET  17.5553  8.0457 -17.5768
X  0.3169 -0.9415  0.1147
Y -0.9423 -0.3263 -0.0752
Z  0.1082 -0.0843 -0.9905

PART 29
OFFSET  17.9132  6.9823 -17.4473
X  0.7779  0.5773 -0.2481
Y -0.5956  0.8033  0.0016
Z  0.2002  0.1465  0.9687

PART 30
OFFSET  14.9383  7.9850 -18.5710
X  0.2991 -0.9522 -0.0628
Y -0.9477 -0.3040  0.0966
Z -0.1111  0.0306 -0.9933

PART 31
OFFSET  15.5225  6.1249 -18.6936
X -0.8016 -0.5935  0.0725
Y -0.5820  0.8022  0.1333
Z -0.1373  0.0646 -0.9884

PART 32
OFFSET  14.3517  5.2580 -18.5877
X -0.9609 -0.2536  0.1115
Y -0.2353  0.9595  0.1546
Z -0.1462  0.1223 -0.9817

PART 33
OFFSET  13.2626  4.9710 -18.4685
X  0.8964 -0.4262 -0.1215
Y  0.4263  0.9042 -0.0268
Z  0.1213 -0.0278  0.9922

PART 34
OFFSET  14.5416  6.0885 -19.2021
X -0.1088  0.0485 -0.9929
Y -0.3183  0.9445  0.0810
Z  0.9417  0.3248 -0.0874

PART 35
OFFSET  9.6769  7.5739 -20.1741
X  0.9895 -0.0413 -0.1386
Y  0.0312  0.9967 -0.0744
Z  0.1413  0.0693  0.9875

PART 36
OFFSET  9.2126  5.9566 -20.2221
X  0.9895 -0.0413 -0.1386
Y  0.0312  0.9967 -0.0744
Z  0.1413  0.0693  0.9875

PART 37
OFFSET  10.5352  7.5810 -17.7247
X  0.9895 -0.0413 -0.1386
Y  0.0312  0.9967 -0.0744
Z  0.1413  0.0693  0.9875

PART 38
OFFSET  10.4181  6.2758 -17.4177
X  0.9895 -0.0413 -0.1386
Y  0.0312  0.9967 -0.0744
Z  0.1413  0.0693  0.9875

PART 39
OFFSET  9.8866  5.6348 -18.2793
X  0.9895 -0.0413 -0.1386
Y  0.0312  0.9967 -0.0744
Z  0.1413  0.0693  0.9875

PART 40
OFFSET  6.1956  1.5597 -8.3365
X  0.7421  0.4634 -0.4843
Y -0.5666  0.8197 -0.0839
Z  0.3581  0.3366  0.8709

PART 41
OFFSET  6.1956  1.5597 -8.3365
X  0.7421  0.4634 -0.4843
Y -0.5666  0.8197 -0.0839
Z  0.3581  0.3366  0.8709

PART 42
OFFSET  9.4127  3.6178 -10.1342
X  0.7421  0.4634 -0.4843
Y -0.5666  0.8197 -0.0839
Z  0.3581  0.3366  0.8709

PART 43
OFFSET  12.3179  4.6366 -9.6486
X  0.7421  0.4634 -0.4843
Y -0.5666  0.8197 -0.0839
Z  0.3581  0.3366  0.8709

PART 44
OFFSET -3.5060 -7.9373 -3.1869
X  0.2170 -0.1691  0.9614
Y  0.0792 -0.9786 -0.1900
Z  0.9729  0.1174 -0.1990

PART 45
OFFSET -6.1309 -5.8922 -14.8140
X -0.7001 -0.2828 -0.6557
Y  0.4379  0.5553 -0.7070
Z  0.5641 -0.7821 -0.2649

PART 46
OFFSET -0.1765 -3.4866 -9.2372
X -0.7001 -0.2828 -0.6557
Y  0.5752  0.3208 -0.7525
Z  0.4232 -0.9039 -0.0619

PART 47
OFFSET -0.1393 -2.5953 -7.4681
X -0.7042 -0.2840 -0.6507
Y -0.5683  0.7748  0.2769
Z  0.4256  0.5648 -0.7070

PART 48
OFFSET  0.0516 -3.4937 -6.6986
X -0.7042 -0.2840 -0.6507
Y -0.5683  0.7748  0.2769
Z  0.4256  0.5648 -0.7070

PART 49
OFFSET  0.9629 -4.3817 -7.1367
X -0.7042 -0.2840 -0.6507
Y -0.5683  0.7748  0.2769
Z  0.4256  0.5648 -0.7070

PART 50
OFFSET  1.9696 -2.6195 -7.2271
X -0.7426 -0.4677  0.4793
Y -0.3583 -0.3272 -0.8744
Z  0.5658 -0.8211  0.0754

PART 51
OFFSET  2.4171 -1.7562 -6.6299
X -0.4191 -0.9068 -0.0455
Y -0.2126  0.1467 -0.9661
Z  0.8827 -0.3952 -0.2542

PART 52
OFFSET  3.2937  0.2079 -6.4212
X -0.2951 -0.5110  0.8073
Y -0.4286 -0.6844 -0.5899
Z  0.8539 -0.5201 -0.0171

PART 53
OFFSET  3.6489  1.0503 -7.7577
X  0.2084  0.0485  0.9768
Y -0.4724 -0.8695  0.1439
Z  0.8564 -0.4915 -0.1583

PART 54
OFFSET  3.3924  1.0351 -8.8093
X -0.4936  0.1723  0.8524
Y -0.6295  0.6055 -0.4869
Z -0.6001 -0.7769 -0.1905

PART 55
OFFSET  2.1001 -2.4082 -8.5842
X -0.3572 -0.4538  0.8163
Y  0.7012 -0.7077 -0.0866
Z  0.6170  0.5415  0.5710

PART 56
OFFSET  2.9066 -1.2229 -10.3246
X  0.3536 -0.9290  0.1094
Y  0.4744  0.0773 -0.8769
Z  0.8062  0.3619  0.4681

PART 57
OFFSET  2.4061  0.0924 -10.4795
X  0.5842 -0.3920 -0.7107
Y -0.0285  0.8652 -0.5006
Z  0.8111  0.3127  0.4943

PART 58
OFFSET  1.8881  0.4399 -9.8494
X  0.2808  0.4532 -0.8460
Y -0.5271  0.8095  0.2587
Z  0.8021  0.3733  0.4662

PART 59
OFFSET  1.6213  0.0094 -9.0457
X  0.0001 -0.9088  0.4173
Y -0.4773  0.3667  0.7986
Z -0.8788 -0.1992 -0.4337

PART 60
OFFSET  2.5805 -2.2025 -8.0980
X -0.5173 -0.4884  0.7028
Y  0.6802 -0.7330 -0.0087
Z  0.5194  0.4735  0.7113

PART 61
OFFSET  3.8608 -1.0216 -10.0279
X  0.4041 -0.8902  0.2101
Y  0.4998  0.0225 -0.8659
Z  0.7661  0.4549  0.4540

PART 62
OFFSET  3.1728  0.4941 -10.3856
X  0.5839 -0.1920 -0.7888
Y -0.2503  0.8817 -0.3999
Z  0.7723  0.4309  0.4668

PART 63
OFFSET  2.3636  0.7602 -9.2924
X  0.1649  0.5790 -0.7985
Y -0.6179  0.6916  0.3739
Z  0.7688  0.4317  0.4718

PART 64
OFFSET  2.1847  0.1323 -8.4264
X  0.2557 -0.8482  0.4638
Y -0.6332  0.2156  0.7434
Z -0.7305 -0.4838 -0.4820

PART 65
OFFSET -0.5149 -4.7296 -4.4524
X -0.4721 -0.6051  0.6411
Y -0.7707  0.6363  0.0330
Z -0.4279 -0.4785 -0.7668

PART 66
OFFSET  5.3438 -0.8553 -8.4072
X -0.5958 -0.4651  0.6547
Y  0.5751 -0.8162 -0.0565
Z  0.5606  0.3429  0.7537

PART 67
OFFSET  6.3928 -0.0364 -9.5600
X -0.5733 -0.4892  0.6573
Y  0.6236 -0.7809 -0.0373
Z  0.5315  0.3885  0.7527

PART 68
OFFSET  7.1220  0.5819 -10.3134
X -0.6059 -0.5190  0.6029
Y  0.6165 -0.7853 -0.0564
Z  0.5028  0.3375  0.7958

PART 69
OFFSET  7.8064  1.1681 -10.9944
X -0.2179  0.9728  0.0785
Y  0.6896  0.2103 -0.6930
Z -0.6906 -0.0968 -0.7167

PART 70
OFFSET  4.7744 -1.1129 -9.3183
X  0.3271 -0.8875  0.3245
Y  0.6926 -0.0085 -0.7213
Z  0.6429  0.4606  0.6119

PART 71
OFFSET  4.1355  0.6209 -9.9522
X  0.7570 -0.2838 -0.5886
Y -0.1250  0.8213 -0.5567
Z  0.6414  0.4950  0.5862

PART 72
OFFSET  3.0298  1.0354 -9.0925
X  0.2645  0.5402 -0.7988
Y -0.7440  0.6414  0.1874
Z  0.6136  0.5447  0.5716

PART 73
OFFSET  2.7254  0.4202 -8.1916
X  0.2331 -0.8587  0.4563
Y -0.6918  0.1833  0.6984
Z -0.6834 -0.4785 -0.5514

PART 74
OFFSET -0.1393 -2.5953 -7.4681
X -0.7042 -0.2840 -0.6507
Y -0.5683  0.7748  0.2769
Z  0.4256  0.5648 -0.7070

PART 75
OFFSET  0.0514 -3.4936 -6.6985
X -0.7042 -0.2840 -0.6507
Y -0.5683  0.7748  0.2769
Z  0.4256  0.5648 -0.7070

PART 76
OFFSET  0.9629 -4.3817 -7.1367
X -0.7042 -0.2840 -0.6507
Y -0.5683  0.7748  0.2769
Z  0.4256  0.5648 -0.7070

PART 77
OFFSET  0.0000 -0.0000 -0.0000
X  1.0000 -0.0000  0.0000
Y  0.0000  1.0000  0.0000
Z  0.0000 -0.0000  1.0000

PART 78
OFFSET  0.0000 -0.0000 -0.0000
X  1.0000 -0.0000  0.0000
Y  0.0000  1.0000  0.0000
Z  0.0000 -0.0000  1.0000

PART 79
OFFSET  1.5404 -0.0000  4.1357
X  1.0000 -0.0000  0.0000
Y  0.0000  1.0000  0.0000
Z  0.0000 -0.0000  1.0000


FRAME 2272
PART 0
OFFSET  0.0000 -0.0000 -0.0000
X  1.0000 -0.0000  0.0000
Y  0.0000  1.0000  0.0000
Z  0.0000 -0.0000  1.0000

PART 1
OFFSET -4.6318 -0.0000 -1.3770
X  1.0000 -0.0000  0.0000
Y  0.0000  1.0000  0.0000
Z  0.0000 -0.0000  1.0000

PART 2
OFFSET -1.0115  7.9373 -5.7336
X  0.1203 -0.0618 -0.9908
Y  0.4676 -0.8769  0.1115
Z -0.8757 -0.4767 -0.0766

PART 3
OFFSET  0.4431  7.1896 -17.7164
X  0.9962 -0.0481 -0.0726
Y  0.0751  0.0535  0.9957
Z -0.0441 -0.9974  0.0569

PART 4
OFFSET  8.9162  6.7800 -18.3335
X  0.9962 -0.0481 -0.0726
Y  0.0648 -0.1460  0.9872
Z -0.0581 -0.9881 -0.1424

PART 5
OFFSET  10.5044  8.2852 -19.2209
X  0.9959 -0.0457 -0.0787
Y  0.0402  0.9967 -0.0710
Z  0.0816  0.0675  0.9944

PART 6
OFFSET  9.8000  5.9356 -19.6158
X  0.9959 -0.0457 -0.0787
Y  0.0402  0.9967 -0.0710
Z  0.0816  0.0675  0.9944

PART 7
OFFSET  10.9767  7.5511 -17.0407
X  0.9959 -0.0457 -0.0787
Y  0.0402  0.9967 -0.0710
Z  0.0816  0.0675  0.9944

PART 8
OFFSET  10.8353  6.2461 -16.7432
X  0.9959 -0.0457 -0.0787
Y  0.0402  0.9967 -0.0710
Z  0.0816  0.0675  0.9944

PART 9
OFFSET  10.3539  5.6086 -17.6362
X  0.9959 -0.0457 -0.0787
Y  0.0402  0.9967 -0.0710
Z  0.0816  0.0675  0.9944

PART 10
OFFSET  11.9702  6.6324 -18.5559
X  0.9164  0.2352  0.3238
Y -0.2817 -0.1957  0.9393
Z  0.2843 -0.9520 -0.1131

PART 11
OFFSET  12.2273  6.1585 -17.5502
X  0.4495 -0.6583  0.6038
Y -0.8738 -0.1836  0.4504
Z -0.1857 -0.7300 -0.6578

PART 12
OFFSET  13.0999  4.6789 -16.2390
X  0.9975  0.0611  0.0354
Y  0.0195 -0.7197  0.6940
Z  0.0679 -0.6916 -0.7191

PART 13
OFFSET  14.7166  4.7431 -16.3038
X  0.5233  0.5503 -0.6506
Y  0.8500 -0.3914  0.3526
Z -0.0606 -0.7375 -0.6726

PART 14
OFFSET  15.2943  5.2978 -17.0321
X  0.6004  0.7993  0.0245
Y -0.5106  0.3595  0.7811
Z  0.6155 -0.4814  0.6240

PART 15
OFFSET  13.1048  6.8486 -19.3106
X  0.9244  0.2637 -0.2756
Y  0.2269 -0.9610 -0.1582
Z -0.3065  0.0837 -0.9482

PART 16
OFFSET  15.2542  7.3110 -19.8111
X  0.2427 -0.9418  0.2327
Y -0.9696 -0.2281  0.0880
Z -0.0298 -0.2470 -0.9686

PART 17
OFFSET  15.5979  5.9776 -19.4816
X -0.8434 -0.4768  0.2477
Y -0.5339  0.7954 -0.2869
Z -0.0602 -0.3742 -0.9254

PART 18
OFFSET  14.8501  5.5549 -19.2620
X -0.8010 -0.5412  0.2558
Y -0.5921  0.7792 -0.2054
Z -0.0881 -0.3160 -0.9447

PART 19
OFFSET  14.0891  5.0407 -19.0190
X  0.9971 -0.0295  0.0700
Y  0.0573  0.8966 -0.4390
Z -0.0498  0.4418  0.8957

PART 20
OFFSET  13.0794  6.9032 -18.5993
X  0.9603  0.2782  0.0190
Y  0.2776 -0.9472 -0.1608
Z -0.0267  0.1597 -0.9868

PART 21
OFFSET  15.5617  7.6698 -18.6930
X  0.3471 -0.9377  0.0186
Y -0.9340 -0.3438  0.0969
Z -0.0844 -0.0510 -0.9951

PART 22
OFFSET  16.1526  6.0735 -18.6614
X -0.8379 -0.5373  0.0966
Y -0.5417  0.8402 -0.0251
Z -0.0677 -0.0733 -0.9950

PART 23
OFFSET  14.9914  5.3289 -18.5275
X -0.9221 -0.3776  0.0843
Y -0.3818  0.9233 -0.0413
Z -0.0622 -0.0703 -0.9956

PART 24
OFFSET  13.9913  4.9194 -18.4362
X  0.9706 -0.2215 -0.0944
Y  0.2187  0.9750 -0.0393
Z  0.1008  0.0175  0.9948

PART 25
OFFSET  14.5004  6.5365 -16.1268
X  0.9958 -0.0056  0.0916
Y -0.0165  0.9709  0.2389
Z -0.0902 -0.2394  0.9667

PART 26
OFFSET  15.2230  7.7551 -16.5437
X  0.9730  0.2303 -0.0134
Y  0.2307 -0.9701  0.0748
Z  0.0042 -0.0759 -0.9971

PART 27
OFFSET  16.9361  8.1607 -16.5672
X  0.9173 -0.3983 -0.0027
Y -0.3982 -0.9171  0.0183
Z -0.0098 -0.0157 -0.9998

PART 28
OFFSET  18.0518  7.6774 -16.5098
X  0.2742 -0.9581  0.0823
Y -0.9500 -0.2832 -0.1314
Z  0.1493 -0.0422 -0.9879

PART 29
OFFSET  18.3615  6.5952 -16.4168
X  0.8103  0.5557 -0.1860
Y -0.5631  0.8262  0.0150
Z  0.1620  0.0926  0.9824

PART 30
OFFSET  15.4818  7.7716 -17.6175
X  0.2640 -0.9597 -0.0960
Y -0.9623 -0.2688  0.0408
Z -0.0650  0.0816 -0.9945

PART 31
OFFSET  15.9976  5.8967 -17.8051
X -0.8267 -0.5626  0.0090
Y -0.5554  0.8185  0.1469
Z -0.0900  0.1165 -0.9891

PART 32
OFFSET  14.7901  5.0749 -17.7920
X -0.9741 -0.2186  0.0576
Y -0.2042  0.9602  0.1908
Z -0.0970  0.1741 -0.9799

PART 33
OFFSET  13.6863  4.8279 -17.7339
X  0.8836 -0.4568 -0.1034
Y  0.4622  0.8860  0.0356
Z  0.0754 -0.0792  0.9940

PART 34
OFFSET  15.0398  5.9247 -18.3565
X -0.0621  0.0994 -0.9931
Y -0.2843  0.9520  0.1131
Z  0.9567  0.2894 -0.0309

PART 35
OFFSET  10.2679  7.5508 -19.5375
X  0.9959 -0.0457 -0.0787
Y  0.0402  0.9967 -0.0710
Z  0.0816  0.0675  0.9944

PART 36
OFFSET  9.8000  5.9356 -19.6158
X  0.9959 -0.0457 -0.0787
Y  0.0402  0.9967 -0.0710
Z  0.0816  0.0675  0.9944

PART 37
OFFSET  10.9767  7.5511 -17.0407
X  0.9959 -0.0457 -0.0787
Y  0.0402  0.9967 -0.0710
Z  0.0816  0.0675  0.9944

PART 38
OFFSET  10.8353  6.2461 -16.7432
X  0.9959 -0.0457 -0.0787
Y  0.0402  0.9967 -0.0710
Z  0.0816  0.0675  0.9944

PART 39
OFFSET  10.3539  5.6086 -17.6362
X  0.9959 -0.0457 -0.0787
Y  0.0402  0.9967 -0.0710
Z  0.0816  0.0675  0.9944

PART 40
OFFSET  6.0424  1.2409 -8.0933
X  0.7808  0.4545 -0.4288
Y -0.5297  0.8455 -0.0683
Z  0.3315  0.2804  0.9008

PART 41
OFFSET  6.0424  1.2409 -8.0933
X  0.7808  0.4545 -0.4288
Y -0.5297  0.8455 -0.0683
Z  0.3315  0.2804  0.9008

PART 42
OFFSET  9.4153  3.2462 -9.6487
X  0.7808  0.4545 -0.4288
Y -0.5297  0.8455 -0.0683
Z  0.3315  0.2804  0.9008

PART 43
OFFSET  12.3334  4.1201 -8.9895
X  0.7808  0.4545 -0.4288
Y -0.5297  0.8455 -0.0683
Z  0.3315  0.2804  0.9008

PART 44
OFFSET -3.5060 -7.9373 -3.1869
X  0.2567 -0.1398  0.9563
Y  0.0868 -0.9821 -0.1669
Z  0.9626  0.1259 -0.2400

PART 45
OFFSET -6.6110 -6.2460 -14.7524
X -0.7105 -0.2972 -0.6379
Y  0.4190  0.5496 -0.7227
Z  0.5654 -0.7808 -0.2660

PART 46
OFFSET -0.5681 -3.7184 -9.3269
X -0.7105 -0.2972 -0.6379
Y  0.5691  0.2906 -0.7692
Z  0.4140 -0.9095 -0.0374

PART 47
OFFSET -0.5034 -2.8037 -7.5706
X -0.7145 -0.2983 -0.6328
Y -0.5693  0.7736  0.2781
Z  0.4066  0.5590 -0.7226

PART 48
OFFSET -0.2896 -3.6904 -6.7935
X -0.7145 -0.2983 -0.6328
Y -0.5693  0.7736  0.2781
Z  0.4066  0.5590 -0.7226

PART 49
OFFSET  0.6203 -4.5765 -7.2381
X -0.7145 -0.2983 -0.6328
Y -0.5693  0.7736  0.2781
Z  0.4066  0.5590 -0.7226

PART 50
OFFSET  1.6100 -2.8074 -7.3713
X -0.7812 -0.4586  0.4236
Y -0.3311 -0.2708 -0.9039
Z  0.5292 -0.8464  0.0597

PART 51
OFFSET  2.0637 -1.9922 -6.7141
X -0.4519 -0.8856 -0.1075
Y -0.1630  0.2005 -0.9661
Z  0.8770 -0.4191 -0.2349

PART 52
OFFSET  3.0064 -0.0780 -6.3726
X -0.3509 -0.5356  0.7681
Y -0.4281 -0.6377 -0.6403
Z  0.8328 -0.5536 -0.0055

PART 53
OFFSET  3.4541  0.8107 -7.6502
X  0.1660 -0.0060  0.9861
Y -0.5122 -0.8551  0.0810
Z  0.8427 -0.5185 -0.1450

PART 54
OFFSET  3.2448  0.8554 -8.7113
X -0.5243  0.1525  0.8378
Y -0.5827  0.6532 -0.4836
Z -0.6209 -0.7417 -0.2536

PART 55
OFFSET  1.8096 -2.5383 -8.7097
X -0.4111 -0.4764  0.7772
Y  0.6761 -0.7312 -0.0906
Z  0.6114  0.4882  0.6227

PART 56
OFFSET  2.7394 -1.3071 -10.3541
X  0.3116 -0.9469  0.0792
Y  0.5161  0.0986 -0.8509
Z  0.7979  0.3060  0.5194

PART 57
OFFSET  2.2984  0.0335 -10.4663
X  0.5998 -0.3821 -0.7031
Y  0.0280  0.8881 -0.4587
Z  0.7997  0.2554  0.5434

PART 58
OFFSET  1.7666  0.3723 -9.8429
X  0.3362  0.4803 -0.8101
Y -0.5060  0.8176  0.2748
Z  0.7943  0.3176  0.5179

PART 59
OFFSET  1.4472 -0.0840 -9.0733
X -0.0543 -0.9265  0.3723
Y -0.4980  0.3483  0.7942
Z -0.8655 -0.1422 -0.4803

PART 60
OFFSET  2.2753 -2.3757 -8.1938
X -0.5671 -0.4989  0.6553
Y  0.6506 -0.7593 -0.0151
Z  0.5051  0.4178  0.7552

PART 61
OFFSET  3.6865 -1.1596 -10.0071
X  0.3590 -0.9151  0.1838
Y  0.5387  0.0424 -0.8414
Z  0.7622  0.4011  0.5082

PART 62
OFFSET  3.0753  0.3983 -10.3200
X  0.6108 -0.1789 -0.7713
Y -0.1973  0.9091 -0.3670
Z  0.7668  0.3763  0.5200

PART 63
OFFSET  2.2287  0.6462 -9.2510
X  0.2232  0.6084 -0.7616
Y -0.6065  0.6983  0.3801
Z  0.7631  0.3770  0.5249

PART 64
OFFSET  1.9867 -0.0136 -8.4251
X  0.2011 -0.8789  0.4326
Y -0.6570  0.2066  0.7250
Z -0.7265 -0.4301 -0.5359

PART 65
OFFSET -1.0776 -4.9405 -4.8120
X -0.5238 -0.6144  0.5900
Y -0.7459  0.6654  0.0307
Z -0.4114 -0.4240 -0.8068

PART 66
OFFSET  5.1005 -1.1309 -8.3180
X -0.6424 -0.4703  0.6051
Y  0.5446 -0.8357 -0.0713
Z  0.5392  0.2837  0.7930

PART 67
OFFSET  6.2315 -0.3029 -9.3833
X -0.6210 -0.4953  0.6074
Y  0.5935 -0.8034 -0.0483
Z  0.5119  0.3305  0.7929

PART 68
OFFSET  7.0176  0.3193 -10.0736
X -0.6523 -0.5211  0.5503
Y  0.5871 -0.8066 -0.0679
Z  0.4793  0.2788  0.8322

PART 69
OFFSET  7.7545  0.9079 -10.6952
X -0.1828  0.9763  0.1162
Y  0.7278  0.2139 -0.6516
Z -0.6610 -0.0345 -0.7496

PART 70
OFFSET  4.5630 -1.3218 -9.2641
X  0.2770 -0.9145  0.2947
Y  0.7235 -0.0033 -0.6903
Z  0.6323  0.4045  0.6607

PART 71
OFFSET  4.0217  0.4648 -9.8399
X  0.7710 -0.2870 -0.5686
Y -0.0675  0.8509 -0.5210
Z  0.6333  0.4400  0.6366

PART 72
OFFSET  2.8956  0.8840 -9.0094
X  0.3212  0.5657 -0.7595
Y -0.7259  0.6621  0.1861
Z  0.6082  0.4915  0.6233

PART 73
OFFSET  2.5271  0.2403 -8.1535
X  0.1785 -0.8881  0.4237
Y -0.7148  0.1789  0.6761
Z -0.6762 -0.4235 -0.6029

PART 74
OFFSET -0.5034 -2.8037 -7.5705
X -0.7145 -0.2983 -0.6328
Y -0.5693  0.7736  0.2781
Z  0.4066  0.5590 -0.7226

PART 75
OFFSET -0.2898 -3.6903 -6.7933
X -0.7145 -0.2983 -0.6328
Y -0.5693  0.7736  0.2781
Z  0.4066  0.5590 -0.7226

PART 76
OFFSET  0.6204 -4.5765 -7.2382
X -0.7145 -0.2983 -0.6328
Y -0.5693  0.7736  0.2781
Z  0.4066  0.5590 -0.7226

PART 77
OFFSET  0.0000 -0.0000 -0.0000
X  1.0000 -0.0000  0.0000
Y  0.0000  1.0000  0.0000
Z  0.0000 -0.0000  1.0000

PART 78
OFFSET  0.0000 -0.0000 -0.0000
X  1.0000 -0.0000  0.0000
Y  0.0000  1.0000  0.0000
Z  0.0000 -0.0000  1.0000

PART 79
OFFSET  1.5404 -0.0000  4.1357
X  1.0000 -0.0000  0.0000
Y  0.0000  1.0000  0.0000
Z  0.0000 -0.0000  1.0000


FRAME 2273
PART 0
OFFSET  0.0000 -0.0000 -0.0000
X  1.0000 -0.0000  0.0000
Y  0.0000  1.0000  0.0000
Z  0.0000 -0.0000  1.0000

PART 1
OFFSET -4.6318 -0.0000 -1.3770
X  1.0000 -0.0000  0.0000
Y  0.0000  1.0000  0.0000
Z  0.0000 -0.0000  1.0000

PART 2
OFFSET -1.0115  7.9373 -5.7336
X  0.1843 -0.0591 -0.9811
Y  0.4457 -0.8846  0.1370
Z -0.8760 -0.4625 -0.1367

PART 3
OFFSET  1.2169  7.2227 -17.5989
X  0.9979 -0.0623  0.0173
Y -0.0143  0.0492  0.9987
Z -0.0631 -0.9968  0.0482

PART 4
OFFSET  9.7045  6.6929 -17.4514
X  0.9979 -0.0623  0.0173
Y -0.0305 -0.2163  0.9758
Z -0.0570 -0.9743 -0.2178

PART 5
OFFSET  11.3874  8.1778 -18.1852
X  0.9981 -0.0598  0.0112
Y  0.0604  0.9962 -0.0626
Z -0.0075  0.0631  0.9980

PART 6
OFFSET  10.6884  5.8400 -18.6525
X  0.9981 -0.0598  0.0112
Y  0.0604  0.9962 -0.0626
Z -0.0075  0.0631  0.9980

PART 7
OFFSET  11.6507  7.4300 -15.9746
X  0.9981 -0.0598  0.0112
Y  0.0604  0.9962 -0.0626
Z -0.0075  0.0631  0.9980

PART 8
OFFSET  11.4647  6.1262 -15.6970
X  0.9981 -0.0598  0.0112
Y  0.0604  0.9962 -0.0626
Z -0.0075  0.0631  0.9980

PART 9
OFFSET  11.0569  5.4986 -16.6326
X  0.9981 -0.0598  0.0112
Y  0.0604  0.9962 -0.0626
Z -0.0075  0.0631  0.9980

PART 10
OFFSET  12.7638  6.5020 -17.3982
X  0.9037  0.1579  0.3980
Y -0.3558 -0.2403  0.9032
Z  0.2383 -0.9578 -0.1610

PART 11
OFFSET  12.9248  5.9479 -16.4137
X  0.3700 -0.7226  0.5839
Y -0.9114 -0.1604  0.3791
Z -0.1803 -0.6724 -0.7179

PART 12
OFFSET  13.6223  4.3351 -15.1559
X  0.9946 -0.0012  0.1039
Y -0.0679 -0.7640  0.6417
Z  0.0786 -0.6453 -0.7599

PART 13
OFFSET  15.2408  4.3064 -15.1116
X  0.5963  0.5599 -0.5752
Y  0.8009 -0.4641  0.3785
Z -0.0551 -0.6864 -0.7252

PART 14
OFFSET  15.8967  4.8726 -15.7604
X  0.6406  0.7586  0.1192
Y -0.5422  0.3369  0.7698
Z  0.5438 -0.5577  0.6271

PART 15
OFFSET  13.9576  6.6993 -18.0610
X  0.9543  0.2255 -0.1962
Y  0.1837 -0.9602 -0.2102
Z -0.2358  0.1645 -0.9578

PART 16
OFFSET  16.1585  7.0644 -18.3881
X  0.1737 -0.9680  0.1813
Y -0.9845 -0.1750  0.0091
Z  0.0230 -0.1801 -0.9834

PART 17
OFFSET  16.4045  5.6939 -18.1315
X -0.8834 -0.4408  0.1587
Y -0.4682  0.8432 -0.2643
Z -0.0173 -0.3078 -0.9513

PART 18
OFFSET  15.6212  5.3031 -17.9907
X -0.8454 -0.5081  0.1649
Y -0.5326  0.8252 -0.1881
Z -0.0405 -0.2469 -0.9682

PART 19
OFFSET  14.8181  4.8204 -17.8341
X  0.9868 -0.0937  0.1319
Y  0.1368  0.9187 -0.3705
Z -0.0865  0.3836  0.9194

PART 20
OFFSET  13.8866  6.7081 -17.3508
X  0.9707  0.2183  0.1004
Y  0.2351 -0.9493 -0.2086
Z  0.0498  0.2261 -0.9728

PART 21
OFFSET  16.4081  7.3293 -17.2301
X  0.2926 -0.9559 -0.0248
Y -0.9561 -0.2929  0.0120
Z -0.0188  0.0202 -0.9996

PART 22
OFFSET  16.9062  5.7018 -17.2724
X -0.8709 -0.4914  0.0044
Y -0.4914  0.8710 -0.0010
Z -0.0033 -0.0030 -1.0000

PART 23
OFFSET  15.6992  5.0208 -17.2664
X -0.9452 -0.3264 -0.0021
Y -0.3264  0.9452 -0.0011
Z  0.0023 -0.0003 -1.0000

PART 24
OFFSET  14.6741  4.6668 -17.2687
X  0.9610 -0.2725 -0.0469
Y  0.2745  0.9606  0.0433
Z  0.0332 -0.0545  0.9980

PART 25
OFFSET  15.1125  6.0939 -14.8236
X  0.9853 -0.0712  0.1550
Y  0.0209  0.9522  0.3048
Z -0.1693 -0.2971  0.9397

PART 26
OFFSET  15.9282  7.2921 -15.1065
X  0.9829  0.1720  0.0656
Y  0.1710 -0.9850  0.0213
Z  0.0683 -0.0098 -0.9976

PART 27
OFFSET  17.6587  7.5950 -14.9909
X  0.8919 -0.4514  0.0285
Y -0.4486 -0.8908 -0.0718
Z  0.0578  0.0512 -0.9970

PART 28
OFFSET  18.7395  7.0431 -14.8956
X  0.2145 -0.9762  0.0325
Y -0.9530 -0.2164 -0.2120
Z  0.2140  0.0145 -0.9767

PART 29
OFFSET  18.9817  5.9404 -14.8589
X  0.8507  0.5173 -0.0939
Y -0.5163  0.8557  0.0365
Z  0.0993  0.0174  0.9949

PART 30
OFFSET  16.2605  7.3641 -16.1576
X  0.2165 -0.9653 -0.1458
Y -0.9763 -0.2128 -0.0403
Z  0.0079  0.1511 -0.9885

PART 31
OFFSET  16.6834  5.4783 -16.4425
X -0.8552 -0.5115 -0.0839
Y -0.5181  0.8387  0.1678
Z -0.0155  0.1870 -0.9822

PART 32
OFFSET  15.4342  4.7312 -16.5650
X -0.9864 -0.1632 -0.0209
Y -0.1633  0.9559  0.2441
Z -0.0199  0.2442 -0.9695

PART 33
OFFSET  14.3170  4.5474 -16.5957
X  0.8619 -0.5010 -0.0779
Y  0.5070  0.8525  0.1274
Z  0.0026 -0.1493  0.9888

PART 34
OFFSET  15.7687  5.6001 -17.0512
X  0.0117  0.1685 -0.9856
Y -0.2383  0.9578  0.1610
Z  0.9711  0.2330  0.0513

PART 35
OFFSET  11.1701  7.4479 -18.5251
X  0.9981 -0.0598  0.0112
Y  0.0604  0.9962 -0.0626
Z -0.0075  0.0631  0.9980

PART 36
OFFSET  10.6884  5.8400 -18.6525
X  0.9981 -0.0598  0.0112
Y  0.0604  0.9962 -0.0626
Z -0.0075  0.0631  0.9980

PART 37
OFFSET  11.6507  7.4300 -15.9746
X  0.9981 -0.0598  0.0112
Y  0.0604  0.9962 -0.0626
Z -0.0075  0.0631  0.9980

PART 38
OFFSET  11.4647  6.1262 -15.6970
X  0.9981 -0.0598  0.0112
Y  0.0604  0.9962 -0.0626
Z -0.0075  0.0631  0.9980

PART 39
OFFSET  11.0569  5.4986 -16.6326
X  0.9981 -0.0598  0.0112
Y  0.0604  0.9962 -0.0626
Z -0.0075  0.0631  0.9980

PART 40
OFFSET  5.8442  0.7935 -7.7439
X  0.8322  0.4344 -0.3445
Y -0.4762  0.8783 -0.0429
Z  0.2840  0.1997  0.9378

PART 41
OFFSET  5.8442  0.7935 -7.7439
X  0.8322  0.4344 -0.3445
Y -0.4762  0.8783 -0.0429
Z  0.2840  0.1997  0.9378

PART 42
OFFSET  9.4215  2.6919 -8.9339
X  0.8322  0.4344 -0.3445
Y -0.4762  0.8783 -0.0429
Z  0.2840  0.1997  0.9378

PART 43
OFFSET  12.3315  3.3439 -8.0281
X  0.8322  0.4344 -0.3445
Y -0.4762  0.8783 -0.0429
Z  0.2840  0.1997  0.9378

PART 44
OFFSET -3.5060 -7.9373 -3.1869
X  0.3098 -0.0994  0.9456
Y  0.0996 -0.9857 -0.1363
Z  0.9456  0.1364 -0.2955

PART 45
OFFSET -7.2533 -6.7352 -14.6226
X -0.7267 -0.3210 -0.6073
Y  0.3868  0.5394 -0.7479
Z  0.5677 -0.7785 -0.2678

PART 46
OFFSET -1.0723 -4.0051 -9.4570
X -0.7267 -0.3210 -0.6073
Y  0.5529  0.2514 -0.7944
Z  0.4077 -0.9131 -0.0053

PART 47
OFFSET -0.9630 -3.0513 -7.7238
X -0.7306 -0.3221 -0.6021
Y -0.5711  0.7715  0.2803
Z  0.3743  0.5486 -0.7476

PART 48
OFFSET -0.7107 -3.9177 -6.9354
X -0.7306 -0.3221 -0.6021
Y -0.5711  0.7715  0.2803
Z  0.3743  0.5486 -0.7476

PART 49
OFFSET  0.1969 -4.8005 -7.3910
X -0.7306 -0.3221 -0.6021
Y -0.5711  0.7715  0.2803
Z  0.3743  0.5486 -0.7476

PART 50
OFFSET  1.1556 -3.0211 -7.5951
X -0.8325 -0.4380  0.3391
Y -0.2829 -0.1900 -0.9401
Z  0.4762 -0.8786  0.0343

PART 51
OFFSET  1.6076 -2.2799 -6.8545
X -0.4918 -0.8478 -0.1983
Y -0.0851  0.2734 -0.9581
Z  0.8665 -0.4543 -0.2066

PART 52
OFFSET  2.6292 -0.4524 -6.3195
X -0.4318 -0.5634  0.7044
Y -0.4179 -0.5671 -0.7098
Z  0.7993 -0.6008  0.0094

PART 53
OFFSET  3.2118  0.4906 -7.4999
X  0.0975 -0.0812  0.9919
Y -0.5630 -0.8263 -0.0123
Z  0.8207 -0.5573 -0.1263

PART 54
OFFSET  3.0784  0.6180 -8.5666
X -0.5712  0.1277  0.8108
Y -0.5112  0.7175 -0.4732
Z -0.6422 -0.6847 -0.3446

PART 55
OFFSET  1.4609 -2.6764 -8.8956
X -0.4891 -0.5014  0.7137
Y  0.6392 -0.7628 -0.0978
Z  0.5934  0.4084  0.6936

PART 56
OFFSET  2.5679 -1.3968 -10.3862
X  0.2525 -0.9670  0.0326
Y  0.5778  0.1237 -0.8068
Z  0.7761  0.2226  0.5900

PART 57
OFFSET  2.2104 -0.0276 -10.4323
X  0.6245 -0.3699 -0.6879
Y  0.1085  0.9133 -0.3926
Z  0.7735  0.1705  0.6104

PART 58
OFFSET  1.6567  0.3003 -9.8224
X  0.4169  0.5120 -0.7511
Y -0.4776  0.8264  0.2982
Z  0.7733  0.2344  0.5891

PART 59
OFFSET  1.2607 -0.1861 -9.1088
X -0.1309 -0.9443  0.3021
Y -0.5311  0.3241  0.7829
Z -0.8371 -0.0580 -0.5439

PART 60
OFFSET  1.8986 -2.5764 -8.3406
X -0.6374 -0.5064  0.5808
Y  0.6071 -0.7942 -0.0262
Z  0.4745  0.3359  0.8136

PART 61
OFFSET  3.4957 -1.3295 -9.9693
X  0.2944 -0.9451  0.1420
Y  0.5966  0.0657 -0.7998
Z  0.7466  0.3202  0.5832

PART 62
OFFSET  2.9945  0.2795 -10.2110
X  0.6514 -0.1636 -0.7409
Y -0.1211  0.9416 -0.3143
Z  0.7491  0.2944  0.5935

PART 63
OFFSET  2.0917  0.5062 -9.1842
X  0.3082  0.6431 -0.7010
Y -0.5915  0.7067  0.3882
Z  0.7451  0.2950  0.5982

PART 64
OFFSET  1.7575 -0.1912 -8.4238
X  0.1221 -0.9161  0.3820
Y -0.6927  0.1970  0.6938
Z -0.7108 -0.3493 -0.6105

PART 65
OFFSET -1.8149 -5.1544 -5.3704
X -0.5962 -0.6197  0.5104
Y -0.7083  0.7053  0.0290
Z -0.3780 -0.3442 -0.8594

PART 66
OFFSET  4.7901 -1.4975 -8.1946
X -0.7074 -0.4700  0.5279
Y  0.5011 -0.8602 -0.0944
Z  0.4985  0.1977  0.8440

PART 67
OFFSET  6.0355 -0.6700 -9.1241
X -0.6876 -0.4964  0.5299
Y  0.5500 -0.8325 -0.0661
Z  0.4739  0.2460  0.8455

PART 68
OFFSET  6.9003 -0.0516 -9.7169
X -0.7163 -0.5165  0.4692
Y  0.5449 -0.8341 -0.0863
Z  0.4359  0.1938  0.8789

PART 69
OFFSET  7.7094  0.5318 -10.2468
X -0.1361  0.9756  0.1724
Y  0.7814  0.2126 -0.5866
Z -0.6090  0.0549 -0.7913

PART 70
OFFSET  4.3089 -1.5928 -9.1845
X  0.2052 -0.9470  0.2472
Y  0.7678 -0.0009 -0.6407
Z  0.6070  0.3212  0.7269

PART 71
OFFSET  3.9081  0.2572 -9.6673
X  0.7910 -0.2943 -0.5364
Y  0.0155  0.8861 -0.4633
Z  0.6116  0.3582  0.7055

PART 72
OFFSET  2.7526  0.6871 -8.8839
X  0.4033  0.5945 -0.6957
Y -0.6992  0.6906  0.1849
Z  0.5903  0.4119  0.6942

PART 73
OFFSET  2.2913  0.0113 -8.1008
X  0.0996 -0.9233  0.3710
Y -0.7484  0.1761  0.6394
Z -0.6557 -0.3414 -0.6735

PART 74
OFFSET -0.9631 -3.0513 -7.7238
X -0.7306 -0.3221 -0.6021
Y -0.5711  0.7715  0.2803
Z  0.3743  0.5486 -0.7476

PART 75
OFFSET -0.7109 -3.9176 -6.9353
X -0.7306 -0.3221 -0.6021
Y -0.5711  0.7715  0.2803
Z  0.3743  0.5486 -0.7476

PART 76
OFFSET  0.1970 -4.8005 -7.3911
X -0.7306 -0.3221 -0.6021
