// Export filename: `C:\projects\cod\t5\xanim_export\t5_viewmodels\ak74u\ak74u_grenadier_pullout.XANIM_EXPORT`
// Source filename: `D:\projects\devanim\t5\animation_assets\viewmodels\ak74u/t5_viewmodel_ak74u_animated2.fbx`
// Export time: Fri Aug 27 22:27:02 2010

ANIMATION
VERSION 3

NUMPARTS 80
PART 0 "tag_ads"
PART 1 "tag_torso"
PART 2 "J_Shoulder_LE"
PART 3 "J_Elbow_LE"
PART 4 "J_WristTwist_LE"
PART 5 "J_Sleave_Reshape_Bottom_LE_1"
PART 6 "J_Sleave_Reshape_Bottom_LE_2"
PART 7 "J_Sleave_Reshape_Top_LE_1"
PART 8 "J_Sleave_Reshape_Top_LE_2"
PART 9 "J_Sleave_Reshape_Top_LE_3"
PART 10 "J_Wrist_LE"
PART 11 "J_Thumb_LE_0"
PART 12 "J_Thumb_LE_1"
PART 13 "J_Thumb_LE_2"
PART 14 "J_Thumb_LE_3"
PART 15 "J_PinkyPalm_LE"
PART 16 "J_Pinky_LE_0"
PART 17 "J_Pinky_LE_1"
PART 18 "J_Pinky_LE_2"
PART 19 "J_Pinky_LE_3"
PART 20 "J_RingPalm_LE"
PART 21 "J_Ring_LE_0"
PART 22 "J_Ring_LE_1"
PART 23 "J_Ring_LE_2"
PART 24 "J_Ring_LE_3"
PART 25 "J_Webbing_LE"
PART 26 "J_Index_LE_0"
PART 27 "J_Index_LE_1"
PART 28 "J_Index_LE_2"
PART 29 "J_Index_LE_3"
PART 30 "J_Mid_LE_0"
PART 31 "J_Mid_LE_1"
PART 32 "J_Mid_LE_2"
PART 33 "J_Mid_LE_3"
PART 34 "tag_knife_attach"
PART 35 "D_Sleave_Reshape_Bottom_LE_1"
PART 36 "D_Sleave_Reshape_Bottom_LE_2"
PART 37 "D_Sleave_Reshape_Top_LE_1"
PART 38 "D_Sleave_Reshape_Top_LE_2"
PART 39 "D_Sleave_Reshape_Top_LE_3"
PART 40 "tag_weapon"
PART 41 "J_Gun"
PART 42 "TAG_CLIP"
PART 43 "J_Bolt"
PART 44 "J_Shoulder_RI"
PART 45 "J_Elbow_RI"
PART 46 "J_WristTwist_RI"
PART 47 "J_Sleave_Reshape_Top_RI_3"
PART 48 "J_Sleave_Reshape_Top_RI_2"
PART 49 "J_Sleave_Reshape_Top_RI_1"
PART 50 "J_Wrist_RI"
PART 51 "J_Thumb_RI_0"
PART 52 "J_Thumb_RI_1"
PART 53 "J_Thumb_RI_2"
PART 54 "J_Thumb_RI_3"
PART 55 "J_PinkyPalm_RI"
PART 56 "J_Pinky_RI_0"
PART 57 "J_Pinky_RI_1"
PART 58 "J_Pinky_RI_2"
PART 59 "J_Pinky_RI_3"
PART 60 "J_RingPalm_RI"
PART 61 "J_Ring_RI_0"
PART 62 "J_Ring_RI_1"
PART 63 "J_Ring_RI_2"
PART 64 "J_Ring_RI_3"
PART 65 "J_Webbing_RI"
PART 66 "J_Index_RI_0"
PART 67 "J_Index_RI_1"
PART 68 "J_Index_RI_2"
PART 69 "J_Index_RI_3"
PART 70 "J_Mid_RI_0"
PART 71 "J_Mid_RI_1"
PART 72 "J_Mid_RI_2"
PART 73 "J_Mid_RI_3"
PART 74 "D_Sleave_Reshape_Top_RI_3"
PART 75 "D_Sleave_Reshape_Top_RI_2"
PART 76 "D_Sleave_Reshape_Top_RI_1"
PART 77 "tag_cambone"
PART 78 "tag_camera"
PART 79 "tag_gasmask"

FRAMERATE 30
NUMFRAMES 31

FRAME 1450
PART 0
OFFSET  0.0000 -0.0000 -0.0000
X  1.0000 -0.0000  0.0000
Y  0.0000  1.0000  0.0000
Z  0.0000 -0.0000  1.0000

PART 1
OFFSET -4.6318 -0.0000 -1.3770
X  1.0000 -0.0000  0.0000
Y  0.0000  1.0000  0.0000
Z  0.0000 -0.0000  1.0000

PART 2
OFFSET -1.0115  7.9373 -5.7336
X  0.0372  0.5712 -0.8199
Y  0.1655 -0.8127 -0.5587
Z -0.9855 -0.1149 -0.1247

PART 3
OFFSET -0.5622  14.8457 -15.6499
X  0.9065 -0.4220 -0.0120
Y -0.2206 -0.4977  0.8388
Z -0.3600 -0.7578 -0.5442

PART 4
OFFSET  7.1479  11.2561 -15.7517
X  0.9065 -0.4220 -0.0120
Y -0.4219 -0.9066  0.0099
Z -0.0150 -0.0039 -0.9999

PART 5
OFFSET  9.3095  12.1610 -15.4616
X  0.9088 -0.4170 -0.0155
Y  0.3605  0.7660  0.5322
Z -0.2100 -0.4892  0.8465

PART 6
OFFSET  8.0814  10.8996 -17.2146
X  0.9088 -0.4170 -0.0155
Y  0.3605  0.7660  0.5322
Z -0.2100 -0.4892  0.8465

PART 7
OFFSET  8.8459  10.3028 -14.1026
X  0.9088 -0.4170 -0.0155
Y  0.3605  0.7660  0.5322
Z -0.2100 -0.4892  0.8465

PART 8
OFFSET  8.2311  9.2335 -14.6413
X  0.9088 -0.4170 -0.0155
Y  0.3605  0.7660  0.5322
Z -0.2100 -0.4892  0.8465

PART 9
OFFSET  7.8763  9.4137 -15.7715
X  0.9088 -0.4170 -0.0155
Y  0.3605  0.7660  0.5322
Z -0.2100 -0.4892  0.8465

PART 10
OFFSET  9.9270  9.9623 -15.7884
X  0.8121 -0.4524  0.3686
Y -0.4939 -0.8693  0.0212
Z  0.3108 -0.1993 -0.9293

PART 11
OFFSET  9.9433  8.8381 -15.9837
X  0.6232 -0.7817  0.0233
Y -0.7754 -0.6137  0.1488
Z -0.1021 -0.1108 -0.9886

PART 12
OFFSET  11.2051  7.0838 -15.9736
X  0.7265 -0.6582  0.1975
Y -0.6688 -0.7432 -0.0165
Z  0.1577 -0.1201 -0.9802

PART 13
OFFSET  12.4355  6.0522 -15.7635
X  0.5514 -0.8306  0.0782
Y -0.8340 -0.5511  0.0276
Z  0.0202 -0.0804 -0.9966

PART 14
OFFSET  13.0185  5.1409 -15.7241
X  0.2222 -0.6750  0.7035
Y -0.0841  0.7056  0.7036
Z -0.9714 -0.2155  0.1000

PART 15
OFFSET  11.2058  10.4700 -15.6870
X  0.9611  0.1168  0.2502
Y  0.2658 -0.1461 -0.9529
Z -0.0747  0.9823 -0.1715

PART 16
OFFSET  13.4088  10.5714 -15.2167
X  0.0307 -0.4976 -0.8668
Y -0.9749 -0.2064  0.0839
Z -0.2206  0.8425 -0.4915

PART 17
OFFSET  13.4523  9.8669 -16.4440
X -0.4268 -0.5634 -0.7074
Y -0.8831  0.0911  0.4603
Z -0.1949  0.8211 -0.5364

PART 18
OFFSET  13.0738  9.3673 -17.0711
X -0.2158 -0.5491 -0.8074
Y -0.9440 -0.0940  0.3162
Z -0.2495  0.8304 -0.4981

PART 19
OFFSET  12.8689  8.8457 -17.8382
X  0.7937  0.3589  0.4911
Y -0.6054  0.3873  0.6953
Z  0.0594 -0.8492  0.5247

PART 20
OFFSET  11.0128  9.8207 -15.4621
X  0.9264 -0.1647  0.3387
Y  0.3155 -0.1516 -0.9367
Z  0.2057  0.9746 -0.0885

PART 21
OFFSET  13.4406  9.5413 -14.5755
X  0.4266 -0.3353 -0.8400
Y -0.8815 -0.3621 -0.3032
Z -0.2025  0.8697 -0.4500

PART 22
OFFSET  14.1670  8.9704 -16.0056
X -0.3304 -0.5039 -0.7981
Y -0.9258  0.0086  0.3779
Z -0.1835  0.8637 -0.4694

PART 23
OFFSET  13.7091  8.2720 -17.1117
X -0.3611 -0.4980 -0.7885
Y -0.9148  0.0250  0.4032
Z -0.1811  0.8668 -0.4645

PART 24
OFFSET  13.3175  7.7320 -17.9667
X  0.8095  0.4363  0.3928
Y -0.5339  0.2686  0.8018
Z  0.2443 -0.8588  0.4504

PART 25
OFFSET  11.8129  7.0808 -15.1165
X  0.9460 -0.3129  0.0843
Y -0.0805  0.0251  0.9964
Z -0.3139 -0.9494 -0.0014

PART 26
OFFSET  12.6033  7.6181 -13.9907
X  0.9285 -0.3657 -0.0642
Y -0.0702 -0.0031 -0.9975
Z  0.3646  0.9307 -0.0285

PART 27
OFFSET  14.2381  6.9742 -14.1037
X  0.7038 -0.2554 -0.6629
Y -0.6071  0.2685 -0.7479
Z  0.3690  0.9288  0.0339

PART 28
OFFSET  15.0713  6.6073 -14.9117
X  0.0323 -0.0660 -0.9973
Y -0.8667  0.4952 -0.0608
Z  0.4978  0.8663 -0.0412

PART 29
OFFSET  15.1077  6.5327 -16.0381
X  0.9119 -0.1818  0.3680
Y -0.3563  0.0946  0.9296
Z -0.2038 -0.9788  0.0215

PART 30
OFFSET  13.1082  8.5736 -14.2197
X  0.7178 -0.3702 -0.5897
Y -0.6781 -0.1800 -0.7126
Z  0.1577  0.9114 -0.3802

PART 31
OFFSET  14.5105  7.8504 -15.3716
X -0.1262 -0.3542 -0.9266
Y -0.9850  0.1555  0.0747
Z  0.1177  0.9221 -0.3685

PART 32
OFFSET  14.3262  7.3330 -16.7251
X -0.4816 -0.2665 -0.8349
Y -0.8736  0.2212  0.4334
Z  0.0692  0.9381 -0.3394

PART 33
OFFSET  13.7819  7.0377 -17.6734
X  0.9229  0.0031  0.3851
Y -0.3524  0.4098  0.8413
Z -0.1552 -0.9122  0.3793

PART 34
OFFSET  12.8685  8.9007 -16.2167
X  0.1733  0.9733 -0.1507
Y -0.3108  0.1993  0.9293
Z  0.9345 -0.1142  0.3371

PART 35
OFFSET  8.9700  11.8718 -16.1663
X  0.9088 -0.4170 -0.0155
Y  0.3605  0.7660  0.5322
Z -0.2100 -0.4892  0.8465

PART 36
OFFSET  8.0814  10.8996 -17.2146
X  0.9088 -0.4170 -0.0155
Y  0.3605  0.7660  0.5322
Z -0.2100 -0.4892  0.8465

PART 37
OFFSET  8.8459  10.3028 -14.1026
X  0.9088 -0.4170 -0.0155
Y  0.3605  0.7660  0.5322
Z -0.2100 -0.4892  0.8465

PART 38
OFFSET  8.2311  9.2335 -14.6413
X  0.9088 -0.4170 -0.0155
Y  0.3605  0.7660  0.5322
Z -0.2100 -0.4892  0.8465

PART 39
OFFSET  7.8763  9.4137 -15.7715
X  0.9088 -0.4170 -0.0155
Y  0.3605  0.7660  0.5322
Z -0.2100 -0.4892  0.8465

PART 40
OFFSET  8.4462 -16.3464 -10.5940
X  0.7846 -0.4654 -0.4096
Y  0.3606  0.8800 -0.3092
Z  0.5044  0.0949  0.8582

PART 41
OFFSET  8.4462 -16.3464 -10.5940
X  0.7846 -0.4654 -0.4096
Y  0.3606  0.8800 -0.3092
Z  0.5044  0.0949  0.8582

PART 42
OFFSET  11.8969 -18.2670 -12.0843
X  0.7846 -0.4654 -0.4096
Y  0.3606  0.8800 -0.3092
Z  0.5044  0.0949  0.8582

PART 43
OFFSET  14.3782 -19.9589 -11.2511
X  0.7846 -0.4654 -0.4096
Y  0.3606  0.8800 -0.3092
Z  0.5044  0.0949  0.8582

PART 44
OFFSET -14.8016 -7.9373 -3.1869
X -0.5969  0.2576  0.7598
Y -0.7112 -0.6084 -0.3524
Z  0.3715 -0.7507  0.5463

PART 45
OFFSET -7.5830 -11.0532 -12.3763
X -0.8888  0.4195 -0.1846
Y  0.1776 -0.0561 -0.9825
Z -0.4225 -0.9060 -0.0247

PART 46
OFFSET -0.0234 -14.6210 -10.8059
X -0.8888  0.4195 -0.1846
Y -0.0254 -0.4473 -0.8940
Z -0.4576 -0.7899  0.4082

PART 47
OFFSET  1.6070 -14.1456 -9.7855
X -0.8887  0.4223 -0.1787
Y  0.4224  0.9056  0.0393
Z  0.1784 -0.0406 -0.9831

PART 48
OFFSET  1.5218 -14.8024 -8.7870
X -0.8887  0.4223 -0.1787
Y  0.4224  0.9056  0.0393
Z  0.1784 -0.0406 -0.9831

PART 49
OFFSET  1.0889 -16.0564 -9.0131
X -0.8887  0.4223 -0.1787
Y  0.4224  0.9056  0.0393
Z  0.1784 -0.0406 -0.9831

PART 50
OFFSET  2.7013 -15.9070 -10.2399
X -0.9323  0.2946  0.2099
Y -0.3155 -0.3782 -0.8703
Z -0.1770 -0.8776  0.4456

PART 51
OFFSET  3.4978 -15.3142 -9.6774
X -0.9056 -0.4191 -0.0644
Y  0.1364 -0.1442 -0.9801
Z  0.4015 -0.8964  0.1877

PART 52
OFFSET  5.4162 -14.3455 -9.4511
X -0.6951  0.1320  0.7067
Y -0.6739 -0.4620 -0.5766
Z  0.2504 -0.8770  0.4101

PART 53
OFFSET  6.4702 -14.4879 -10.6722
X -0.0023  0.2906  0.9568
Y -0.9554 -0.2833  0.0838
Z  0.2955 -0.9139  0.2783

PART 54
OFFSET  6.4753 -14.7555 -11.7211
X -0.3883  0.7432  0.5448
Y  0.0628  0.6112 -0.7890
Z -0.9194 -0.2722 -0.2840

PART 55
OFFSET  3.1881 -16.3840 -11.4394
X -0.7214  0.1999  0.6631
Y  0.0387 -0.9443  0.3268
Z  0.6915  0.2614  0.6734

PART 56
OFFSET  4.9049 -16.6793 -12.8713
X -0.3654 -0.8311  0.4193
Y  0.5439 -0.5562 -0.6284
Z  0.7554 -0.0016  0.6552

PART 57
OFFSET  5.4223 -15.5027 -13.4649
X  0.2586 -0.9149 -0.3100
Y  0.6411  0.4026 -0.6533
Z  0.7225 -0.0298  0.6907

PART 58
OFFSET  5.1930 -14.6915 -13.1900
X  0.6355 -0.2040 -0.7446
Y  0.1282  0.9790 -0.1587
Z  0.7613  0.0054  0.6483

PART 59
OFFSET  4.5892 -14.4977 -12.4826
X -0.6767 -0.4593  0.5754
Y -0.2160  0.8710  0.4413
Z -0.7039  0.1743 -0.6886

PART 60
OFFSET  3.5782 -16.3199 -10.8450
X -0.8309  0.2270  0.5081
Y -0.0098 -0.9188  0.3945
Z  0.5564  0.3228  0.7656

PART 61
OFFSET  5.6517 -16.9773 -12.2687
X -0.3300 -0.7916  0.5143
Y  0.5121 -0.6078 -0.6069
Z  0.7930  0.0630  0.6059

PART 62
OFFSET  6.2136 -15.6296 -13.1443
X  0.4020 -0.8023 -0.4413
Y  0.4802  0.5951 -0.6444
Z  0.7796  0.0472  0.6245

PART 63
OFFSET  5.6564 -14.5177 -12.5327
X  0.6282  0.0022 -0.7780
Y -0.0417  0.9987 -0.0309
Z  0.7769  0.0519  0.6275

PART 64
OFFSET  4.9751 -14.5201 -11.6889
X -0.4526 -0.5697  0.6860
Y -0.4276  0.8137  0.3937
Z -0.7825 -0.1151 -0.6119

PART 65
OFFSET -1.0068 -14.8313 -8.3914
X -0.8654  0.1064  0.4897
Y -0.1140  0.9098 -0.3990
Z -0.4880 -0.4011 -0.7752

PART 66
OFFSET  6.5061 -17.0959 -10.2359
X -0.7990  0.4641  0.3823
Y -0.2993 -0.8585  0.4165
Z  0.5215  0.2183  0.8248

PART 67
OFFSET  7.9129 -17.9130 -10.9090
X -0.8371  0.0722  0.5423
Y  0.0845 -0.9623  0.2585
Z  0.5405  0.2622  0.7994

PART 68
OFFSET  8.9634 -17.9849 -11.5197
X -0.7965 -0.2756  0.5382
Y  0.3646 -0.9290  0.0638
Z  0.4824  0.2471  0.8404

PART 69
OFFSET  9.8630 -17.6736 -12.1277
X  0.0659  0.9978  0.0036
Y  0.7970 -0.0505 -0.6018
Z -0.6004  0.0425 -0.7986

PART 70
OFFSET  6.0962 -17.3174 -11.2376
X -0.4267 -0.6885  0.5865
Y  0.5991 -0.7009 -0.3870
Z  0.6775  0.1862  0.7115

PART 71
OFFSET  6.9297 -15.9725 -12.3833
X  0.4150 -0.8948 -0.1648
Y  0.5763  0.3987 -0.7134
Z  0.7040  0.2011  0.6811

PART 72
OFFSET  6.3236 -14.6655 -12.1426
X  0.6830 -0.1039 -0.7230
Y -0.1102  0.9638 -0.2426
Z  0.7220  0.2454  0.6469

PART 73
OFFSET  5.5448 -14.5490 -11.3286
X -0.4995 -0.5517  0.6680
Y -0.4687  0.8205  0.3271
Z -0.7286 -0.1497 -0.6684

PART 74
OFFSET  1.6071 -14.1456 -9.7855
X -0.8887  0.4223 -0.1787
Y  0.4224  0.9056  0.0393
Z  0.1784 -0.0406 -0.9831

PART 75
OFFSET  1.5218 -14.8022 -8.7868
X -0.8887  0.4223 -0.1787
Y  0.4224  0.9056  0.0393
Z  0.1784 -0.0406 -0.9831

PART 76
OFFSET  1.0889 -16.0564 -9.0132
X -0.8887  0.4223 -0.1787
Y  0.4224  0.9056  0.0393
Z  0.1784 -0.0406 -0.9831

PART 77
OFFSET  0.0000 -0.0000 -0.0000
X  1.0000 -0.0000  0.0000
Y  0.0000  1.0000  0.0000
Z  0.0000 -0.0000  1.0000

PART 78
OFFSET  0.0000 -0.0000 -0.0000
X  1.0000 -0.0000  0.0000
Y  0.0000  1.0000  0.0000
Z  0.0000 -0.0000  1.0000

PART 79
OFFSET  1.5404 -0.0000  4.1357
X  1.0000 -0.0000  0.0000
Y  0.0000  1.0000  0.0000
Z  0.0000 -0.0000  1.0000


FRAME 1451
PART 0
OFFSET  0.0000 -0.0000 -0.0000
X  1.0000 -0.0000  0.0000
Y  0.0000  1.0000  0.0000
Z  0.0000 -0.0000  1.0000

PART 1
OFFSET -4.6318 -0.0000 -1.3770
X  1.0000 -0.0000  0.0000
Y  0.0000  1.0000  0.0000
Z  0.0000 -0.0000  1.0000

PART 2
OFFSET -0.9990  7.9379 -5.7736
X  0.0366  0.5722 -0.8193
Y  0.1662 -0.8119 -0.5597
Z -0.9854 -0.1157 -0.1248

PART 3
OFFSET -0.5567  14.8584 -15.6819
X  0.9060 -0.4231 -0.0092
Y -0.2237 -0.4972  0.8383
Z -0.3593 -0.7575 -0.5451

PART 4
OFFSET  7.1494  11.2595 -15.7602
X  0.9060 -0.4231 -0.0092
Y -0.4231 -0.9061  0.0095
Z -0.0124 -0.0047 -0.9999

PART 5
OFFSET  9.3112  12.1618 -15.4640
X  0.9083 -0.4181 -0.0127
Y  0.3599  0.7657  0.5330
Z -0.2131 -0.4887  0.8460

PART 6
OFFSET  8.0867  10.9014 -17.2202
X  0.9083 -0.4181 -0.0127
Y  0.3599  0.7657  0.5330
Z -0.2131 -0.4887  0.8460

PART 7
OFFSET  8.8413  10.3045 -14.1058
X  0.9083 -0.4181 -0.0127
Y  0.3599  0.7657  0.5330
Z -0.2131 -0.4887  0.8460

PART 8
OFFSET  8.2269  9.2358 -14.6461
X  0.9083 -0.4181 -0.0127
Y  0.3599  0.7657  0.5330
Z -0.2131 -0.4887  0.8460

PART 9
OFFSET  7.8757  9.4161 -15.7774
X  0.9083 -0.4181 -0.0127
Y  0.3599  0.7657  0.5330
Z -0.2131 -0.4887  0.8460

PART 10
OFFSET  9.9270  9.9623 -15.7884
X  0.8121 -0.4524  0.3686
Y -0.4939 -0.8693  0.0212
Z  0.3108 -0.1993 -0.9293

PART 11
OFFSET  9.9433  8.8381 -15.9837
X  0.6180 -0.7858  0.0246
Y -0.7794 -0.6083  0.1501
Z -0.1030 -0.1119 -0.9884

PART 12
OFFSET  11.1935  7.0755 -15.9706
X  0.7252 -0.6591  0.1995
Y -0.6701 -0.7421 -0.0159
Z  0.1585 -0.1222 -0.9798

PART 13
OFFSET  12.4218  6.0422 -15.7574
X  0.5474 -0.8331  0.0792
Y -0.8367 -0.5470  0.0282
Z  0.0198 -0.0816 -0.9965

PART 14
OFFSET  13.0005  5.1282 -15.7169
X  0.2189 -0.6753  0.7043
Y -0.0808  0.7068  0.7028
Z -0.9724 -0.2107  0.1002

PART 15
OFFSET  11.2058  10.4700 -15.6871
X  0.9620  0.1145  0.2479
Y  0.2632 -0.1467 -0.9535
Z -0.0728  0.9825 -0.1713

PART 16
OFFSET  13.4101  10.5662 -15.2220
X  0.0458 -0.4938 -0.8684
Y -0.9752 -0.2106  0.0683
Z -0.2166  0.8437 -0.4912

PART 17
OFFSET  13.4750  9.8671 -16.4515
X -0.4092 -0.5624 -0.7185
Y -0.8924  0.0826  0.4436
Z -0.1901  0.8227 -0.5357

PART 18
OFFSET  13.1122  9.3684 -17.0885
X -0.2016 -0.5467 -0.8127
Y -0.9482 -0.0991  0.3019
Z -0.2456  0.8314 -0.4984

PART 19
OFFSET  12.9207  8.8490 -17.8606
X  0.7849  0.3601  0.5042
Y -0.6171  0.3821  0.6879
Z  0.0551 -0.8511  0.5222

PART 20
OFFSET  11.0128  9.8207 -15.4621
X  0.9264 -0.1647  0.3387
Y  0.3155 -0.1516 -0.9367
Z  0.2057  0.9746 -0.0885

PART 21
OFFSET  13.4420  9.5394 -14.5799
X  0.4399 -0.3314 -0.8347
Y -0.8761 -0.3628 -0.3177
Z -0.1975  0.8710 -0.4499

PART 22
OFFSET  14.1909  8.9751 -16.0009
X -0.3133 -0.5017 -0.8063
Y -0.9328  0.0032  0.3604
Z -0.1782  0.8650 -0.4690

PART 23
OFFSET  13.7567  8.2798 -17.1184
X -0.3456 -0.4959 -0.7967
Y -0.9218  0.0203  0.3873
Z -0.1759  0.8681 -0.4641

PART 24
OFFSET  13.3819  7.7420 -17.9823
X  0.8010  0.4374  0.4087
Y -0.5487  0.2635  0.7934
Z  0.2394 -0.8598  0.4511

PART 25
OFFSET  11.8129  7.0808 -15.1165
X  0.9460 -0.3129  0.0843
Y -0.0805  0.0251  0.9964
Z -0.3139 -0.9494 -0.0014

PART 26
OFFSET  12.6033  7.6181 -13.9907
X  0.9297 -0.3634 -0.0592
Y -0.0664 -0.0074 -0.9978
Z  0.3622  0.9316 -0.0310

PART 27
OFFSET  14.2403  6.9782 -14.0949
X  0.7103 -0.2569 -0.6553
Y -0.6015  0.2621 -0.7547
Z  0.3656  0.9302  0.0317

PART 28
OFFSET  15.0816  6.6095 -14.8935
X  0.0490 -0.0764 -0.9959
Y -0.8679  0.4903 -0.0803
Z  0.4944  0.8682 -0.0423

PART 29
OFFSET  15.1370  6.5232 -16.0183
X  0.9065 -0.1735  0.3848
Y -0.3720  0.1027  0.9226
Z -0.1996 -0.9795  0.0285

PART 30
OFFSET  13.1082  8.5736 -14.2197
X  0.7260 -0.3675 -0.5812
Y -0.6692 -0.1832 -0.7201
Z  0.1582  0.9118 -0.3789

PART 31
OFFSET  14.5266  7.8557 -15.3552
X -0.1062 -0.3566 -0.9282
Y -0.9873  0.1485  0.0559
Z  0.1179  0.9224 -0.3678

PART 32
OFFSET  14.3715  7.3349 -16.7110
X -0.4609 -0.2720 -0.8448
Y -0.8848  0.2147  0.4136
Z  0.0689  0.9380 -0.3396

PART 33
OFFSET  13.8507  7.0334 -17.6704
X  0.9141  0.0115  0.4053
Y -0.3743  0.4084  0.8326
Z -0.1560 -0.9127  0.3776

PART 34
OFFSET  12.8685  8.9007 -16.2167
X  0.1733  0.9733 -0.1507
Y -0.3108  0.1993  0.9293
Z  0.9345 -0.1142  0.3371

PART 35
OFFSET  8.9734  11.8728 -16.1696
X  0.9083 -0.4181 -0.0127
Y  0.3599  0.7657  0.5330
Z -0.2131 -0.4887  0.8460

PART 36
OFFSET  8.0867  10.9014 -17.2202
X  0.9083 -0.4181 -0.0127
Y  0.3599  0.7657  0.5330
Z -0.2131 -0.4887  0.8460

PART 37
OFFSET  8.8413  10.3045 -14.1058
X  0.9083 -0.4181 -0.0127
Y  0.3599  0.7657  0.5330
Z -0.2131 -0.4887  0.8460

PART 38
OFFSET  8.2269  9.2358 -14.6461
X  0.9083 -0.4181 -0.0127
Y  0.3599  0.7657  0.5330
Z -0.2131 -0.4887  0.8460

PART 39
OFFSET  7.8757  9.4161 -15.7774
X  0.9083 -0.4181 -0.0127
Y  0.3599  0.7657  0.5330
Z -0.2131 -0.4887  0.8460

PART 40
OFFSET  8.4508 -16.1813 -10.5046
X  0.7830 -0.4631 -0.4153
Y  0.3580  0.8815 -0.3079
Z  0.5086  0.0924  0.8560

PART 41
OFFSET  8.4508 -16.1813 -10.5046
X  0.7830 -0.4631 -0.4153
Y  0.3580  0.8815 -0.3079
Z  0.5086  0.0924  0.8560

PART 42
OFFSET  11.8961 -18.0926 -12.0193
X  0.7830 -0.4631 -0.4153
Y  0.3580  0.8815 -0.3079
Z  0.5086  0.0924  0.8560

PART 43
OFFSET  14.3835 -19.7846 -11.2046
X  0.7830 -0.4631 -0.4153
Y  0.3580  0.8815 -0.3079
Z  0.5086  0.0924  0.8560

PART 44
OFFSET -14.8066 -7.9373 -3.1869
X -0.5961  0.2536  0.7618
Y -0.7070 -0.6155 -0.3484
Z  0.3805 -0.7462  0.5462

PART 45
OFFSET -7.5969 -11.0047 -12.3995
X -0.8905  0.4101 -0.1970
Y  0.1880 -0.0627 -0.9802
Z -0.4143 -0.9099 -0.0213

PART 46
OFFSET -0.0227 -14.4926 -10.7238
X -0.8905  0.4101 -0.1970
Y -0.0083 -0.4476 -0.8942
Z -0.4549 -0.7946  0.4020

PART 47
OFFSET  1.5932 -13.9945 -9.6912
X -0.8905  0.4130 -0.1911
Y  0.4141  0.9095  0.0359
Z  0.1887 -0.0472 -0.9809

PART 48
OFFSET  1.5036 -14.6437 -8.6880
X -0.8905  0.4130 -0.1911
Y  0.4141  0.9095  0.0359
Z  0.1887 -0.0472 -0.9809

PART 49
OFFSET  1.0840 -15.9032 -8.9079
X -0.8905  0.4130 -0.1911
Y  0.4141  0.9095  0.0359
Z  0.1887 -0.0472 -0.9809

PART 50
OFFSET  2.7073 -15.7498 -10.1197
X -0.9315  0.2928  0.2157
Y -0.3195 -0.3755 -0.8700
Z -0.1738 -0.8794  0.4433

PART 51
OFFSET  3.5060 -15.1581 -9.5592
X -0.9055 -0.4200 -0.0614
Y  0.1316 -0.1404 -0.9813
Z  0.4035 -0.8966  0.1824

PART 52
OFFSET  5.4243 -14.1880 -9.3390
X -0.6916  0.1286  0.7107
Y -0.6763 -0.4607 -0.5748
Z  0.2535 -0.8782  0.4056

PART 53
OFFSET  6.4721 -14.3248 -10.5661
X  0.0023  0.2871  0.9579
Y -0.9546 -0.2847  0.0876
Z  0.2979 -0.9146  0.2734

PART 54
OFFSET  6.4723 -14.5885 -11.6159
X -0.3864  0.7408  0.5495
Y  0.0581  0.6142 -0.7870
Z -0.9205 -0.2722 -0.2803

PART 55
OFFSET  3.1886 -16.2220 -11.3235
X -0.7183  0.1966  0.6674
Y  0.0415 -0.9454  0.3232
Z  0.6945  0.2599  0.6709

PART 56
OFFSET  4.8985 -16.5099 -12.7650
X -0.3621 -0.8330  0.4182
Y  0.5413 -0.5532 -0.6332
Z  0.7589 -0.0029  0.6512

PART 57
OFFSET  5.4112 -15.3305 -13.3571
X  0.2580 -0.9135 -0.3145
Y  0.6372  0.4056 -0.6553
Z  0.7262 -0.0313  0.6868

PART 58
OFFSET  5.1824 -14.5206 -13.0782
X  0.6318 -0.2007 -0.7487
Y  0.1262  0.9796 -0.1561
Z  0.7648  0.0041  0.6443

PART 59
OFFSET  4.5821 -14.3299 -12.3670
X -0.6731 -0.4621  0.5774
Y -0.2146  0.8692  0.4454
Z -0.7077  0.1759 -0.6843

PART 60
OFFSET  3.5815 -16.1596 -10.7308
X -0.8285  0.2241  0.5131
Y -0.0067 -0.9203  0.3912
Z  0.5599  0.3207  0.7640

PART 61
OFFSET  5.6486 -16.8093 -12.1674
X -0.3263 -0.7938  0.5131
Y  0.5096 -0.6050 -0.6118
Z  0.7962  0.0618  0.6019

PART 62
OFFSET  6.2042 -15.4577 -13.0410
X  0.4005 -0.8003 -0.4462
Y  0.4761  0.5979 -0.6449
Z  0.7829  0.0459  0.6205

PART 63
OFFSET  5.6490 -14.3486 -12.4226
X  0.6241  0.0058 -0.7814
Y -0.0431  0.9987 -0.0270
Z  0.7802  0.0505  0.6235

PART 64
OFFSET  4.9722 -14.3548 -11.5752
X -0.4483 -0.5727  0.6863
Y -0.4265  0.8118  0.3989
Z -0.7856 -0.1138 -0.6082

PART 65
OFFSET -0.9926 -14.6850 -8.2486
X -0.8630  0.1036  0.4945
Y -0.1170  0.9111 -0.3952
Z -0.4915 -0.3989 -0.7742

PART 66
OFFSET  6.5134 -16.9344 -10.1393
X -0.7972  0.4628  0.3877
Y -0.2971 -0.8598  0.4154
Z  0.5256  0.2160  0.8229

PART 67
OFFSET  7.9170 -17.7492 -10.8220
X -0.8342  0.0682  0.5473
Y  0.0878 -0.9632  0.2540
Z  0.5445  0.2599  0.7975

PART 68
OFFSET  8.9641 -17.8163 -11.4389
X -0.7922 -0.2813  0.5416
Y  0.3683 -0.9280  0.0568
Z  0.4867  0.2445  0.8387

PART 69
OFFSET  9.8589 -17.4987 -12.0506
X  0.0623  0.9980  0.0083
Y  0.7935 -0.0445 -0.6069
Z -0.6054  0.0444 -0.7947

PART 70
OFFSET  6.0986 -17.1528 -11.1397
X -0.4228 -0.6911  0.5862
Y  0.5978 -0.6989 -0.3927
Z  0.6810  0.1844  0.7086

PART 71
OFFSET  6.9247 -15.8027 -12.2848
X  0.4150 -0.8938 -0.1701
Y  0.5723  0.4017 -0.7149
Z  0.7073  0.1994  0.6782

PART 72
OFFSET  6.3186 -14.4972 -12.0365
X  0.6794 -0.1005 -0.7269
Y -0.1125  0.9646 -0.2386
Z  0.7251  0.2438  0.6440

PART 73
OFFSET  5.5439 -14.3844 -11.2179
X -0.4954 -0.5546  0.6686
Y -0.4679  0.8188  0.3325
Z -0.7319 -0.1481 -0.6652

PART 74
OFFSET  1.5932 -13.9944 -9.6911
X -0.8905  0.4130 -0.1911
Y  0.4141  0.9095  0.0359
Z  0.1887 -0.0472 -0.9809

PART 75
OFFSET  1.5037 -14.6435 -8.6879
X -0.8905  0.4130 -0.1911
Y  0.4141  0.9095  0.0359
Z  0.1887 -0.0472 -0.9809

PART 76
OFFSET  1.0840 -15.9032 -8.9080
X -0.8905  0.4130 -0.1911
Y  0.4141  0.9095  0.0359
Z  0.1887 -0.0472 -0.9809

PART 77
OFFSET  0.0000 -0.0000 -0.0000
X  1.0000 -0.0000  0.0000
Y  0.0000  1.0000  0.0000
Z  0.0000 -0.0000  1.0000

PART 78
OFFSET -0.0000 -0.0000 -0.0000
X  1.0000  0.0006 -0.0003
Y -0.0006  1.0000  0.0001
Z  0.0003 -0.0001  1.0000

PART 79
OFFSET  1.5419  0.0006  4.1352
X  1.0000  0.0006 -0.0003
Y -0.0006  1.0000  0.0001
Z  0.0003 -0.0001  1.0000


FRAME 1452
PART 0
OFFSET  0.0000 -0.0000 -0.0000
X  1.0000 -0.0000  0.0000
Y  0.0000  1.0000  0.0000
Z  0.0000 -0.0000  1.0000

PART 1
OFFSET -4.6318 -0.0000 -1.3770
X  1.0000 -0.0000  0.0000
Y  0.0000  1.0000  0.0000
Z  0.0000 -0.0000  1.0000

PART 2
OFFSET -0.9796  7.9385 -5.8363
X  0.0355  0.5733 -0.8186
Y  0.1679 -0.8109 -0.5606
Z -0.9852 -0.1176 -0.1250

PART 3
OFFSET -0.5507  14.8721 -15.7360
X  0.9055 -0.4243 -0.0045
Y -0.2283 -0.4961  0.8377
Z -0.3577 -0.7575 -0.5461

PART 4
OFFSET  7.1510  11.2631 -15.7745
X  0.9055 -0.4243 -0.0045
Y -0.4243 -0.9055  0.0092
Z -0.0080 -0.0064 -0.9999

PART 5
OFFSET  9.3126  12.1629 -15.4690
X  0.9078 -0.4193 -0.0080
Y  0.3584  0.7658  0.5340
Z -0.2177 -0.4876  0.8455

PART 6
OFFSET  8.0947  10.9025 -17.2298
X  0.9078 -0.4193 -0.0080
Y  0.3584  0.7658  0.5340
Z -0.2177 -0.4876  0.8455

PART 7
OFFSET  8.8339  10.3075 -14.1113
X  0.9078 -0.4193 -0.0080
Y  0.3584  0.7658  0.5340
Z -0.2177 -0.4876  0.8455

PART 8
OFFSET  8.2206  9.2392 -14.6534
X  0.9078 -0.4193 -0.0080
Y  0.3584  0.7658  0.5340
Z -0.2177 -0.4876  0.8455

PART 9
OFFSET  7.8749  9.4188 -15.7865
X  0.9078 -0.4193 -0.0080
Y  0.3584  0.7658  0.5340
Z -0.2177 -0.4876  0.8455

PART 10
OFFSET  9.9270  9.9623 -15.7884
X  0.8121 -0.4524  0.3686
Y -0.4939 -0.8693  0.0212
Z  0.3108 -0.1993 -0.9293

PART 11
OFFSET  9.9433  8.8381 -15.9837
X  0.6032 -0.7971  0.0283
Y -0.7906 -0.5928  0.1534
Z -0.1055 -0.1150 -0.9878

PART 12
OFFSET  11.1602  7.0525 -15.9622
X  0.7213 -0.6615  0.2050
Y -0.6737 -0.7389 -0.0140
Z  0.1607 -0.1280 -0.9787

PART 13
OFFSET  12.3829  6.0143 -15.7400
X  0.5359 -0.8403  0.0820
Y -0.8441 -0.5354  0.0297
Z  0.0189 -0.0851 -0.9962

PART 14
OFFSET  12.9490  5.0926 -15.6965
X  0.2095 -0.6759  0.7065
Y -0.0712  0.7101  0.7005
Z -0.9752 -0.1971  0.1006

PART 15
OFFSET  11.2058  10.4700 -15.6871
X  0.9644  0.1081  0.2414
Y  0.2557 -0.1485 -0.9553
Z -0.0674  0.9830 -0.1708

PART 16
OFFSET  13.4138  10.5514 -15.2370
X  0.0885 -0.4830 -0.8712
Y -0.9747 -0.2223  0.0242
Z -0.2054  0.8470 -0.4904

PART 17
OFFSET  13.5392  9.8677 -16.4704
X -0.3580 -0.5591 -0.7478
Y -0.9168  0.0589  0.3949
Z -0.1767  0.8270 -0.5337

PART 18
OFFSET  13.2217  9.3719 -17.1334
X -0.1610 -0.5399 -0.8262
Y -0.9588 -0.1131  0.2607
Z -0.2342  0.8341 -0.4995

PART 19
OFFSET  13.0688  8.8590 -17.9183
X  0.7589  0.3634  0.5404
Y -0.6498  0.3674  0.6654
Z  0.0432 -0.8561  0.5150

PART 20
OFFSET  11.0128  9.8207 -15.4621
X  0.9264 -0.1647  0.3387
Y  0.3155 -0.1516 -0.9367
Z  0.2057  0.9746 -0.0885

PART 21
OFFSET  13.4457  9.5341 -14.5920
X  0.4769 -0.3207 -0.8184
Y -0.8596 -0.3645 -0.3580
Z -0.1835  0.8742 -0.4496

PART 22
OFFSET  14.2576  8.9880 -15.9852
X -0.2641 -0.4954 -0.8275
Y -0.9506 -0.0116  0.3103
Z -0.1633  0.8686 -0.4679

PART 23
OFFSET  13.8916  8.3014 -17.1321
X -0.3009 -0.4901 -0.8181
Y -0.9399  0.0073  0.3413
Z -0.1613  0.8717 -0.4628

PART 24
OFFSET  13.5653  7.7699 -18.0194
X  0.7755  0.4402  0.4525
Y -0.5898  0.2494  0.7681
Z  0.2253 -0.8626  0.4530

PART 25
OFFSET  11.8129  7.0808 -15.1165
X  0.9460 -0.3129  0.0843
Y -0.0805  0.0251  0.9964
Z -0.3139 -0.9494 -0.0014

PART 26
OFFSET  12.6033  7.6181 -13.9907
X  0.9331 -0.3569 -0.0450
Y -0.0555 -0.0192 -0.9983
Z  0.3554  0.9340 -0.0377

PART 27
OFFSET  14.2461  6.9897 -14.0700
X  0.7287 -0.2604 -0.6334
Y -0.5851  0.2440 -0.7734
Z  0.3560  0.9341  0.0254

PART 28
OFFSET  15.1103  6.6164 -14.8416
X  0.0966 -0.1048 -0.9898
Y -0.8693  0.4754 -0.1352
Z  0.4847  0.8735 -0.0452

PART 29
OFFSET  15.2194  6.4980 -15.9596
X  0.8897 -0.1494  0.4315
Y -0.4160  0.1244  0.9008
Z -0.1882 -0.9809  0.0485

PART 30
OFFSET  13.1083  8.5736 -14.2197
X  0.7487 -0.3597 -0.5569
Y -0.6434 -0.1921 -0.7410
Z  0.1596  0.9131 -0.3753

PART 31
OFFSET  14.5708  7.8709 -15.3076
X -0.0493 -0.3625 -0.9307
Y -0.9917  0.1284  0.0026
Z  0.1186  0.9231 -0.3658

PART 32
OFFSET  14.4988  7.3414 -16.6670
X -0.4008 -0.2867 -0.8702
Y -0.9136  0.1957  0.3564
Z  0.0681  0.9378 -0.3403

PART 33
OFFSET  14.0460  7.0233 -17.6552
X  0.8865  0.0349  0.4614
Y -0.4349  0.4032  0.8051
Z -0.1580 -0.9144  0.3727

PART 34
OFFSET  12.8685  8.9007 -16.2167
X  0.1733  0.9733 -0.1507
Y -0.3108  0.1993  0.9293
Z  0.9345 -0.1142  0.3371

PART 35
OFFSET  8.9777  11.8737 -16.1759
X  0.9078 -0.4193 -0.0080
Y  0.3584  0.7658  0.5340
Z -0.2177 -0.4876  0.8455

PART 36
OFFSET  8.0947  10.9025 -17.2298
X  0.9078 -0.4193 -0.0080
Y  0.3584  0.7658  0.5340
Z -0.2177 -0.4876  0.8455

PART 37
OFFSET  8.8339  10.3075 -14.1113
X  0.9078 -0.4193 -0.0080
Y  0.3584  0.7658  0.5340
Z -0.2177 -0.4876  0.8455

PART 38
OFFSET  8.2206  9.2392 -14.6534
X  0.9078 -0.4193 -0.0080
Y  0.3584  0.7658  0.5340
Z -0.2177 -0.4876  0.8455

PART 39
OFFSET  7.8749  9.4188 -15.7865
X  0.9078 -0.4193 -0.0080
Y  0.3584  0.7658  0.5340
Z -0.2177 -0.4876  0.8455

PART 40
OFFSET  8.4621 -15.7249 -10.2588
X  0.7792 -0.4565 -0.4295
Y  0.3511  0.8855 -0.3042
Z  0.5192  0.0862  0.8503

PART 41
OFFSET  8.4621 -15.7249 -10.2588
X  0.7792 -0.4565 -0.4295
Y  0.3511  0.8855 -0.3042
Z  0.5192  0.0862  0.8503

PART 42
OFFSET  11.8940 -17.6103 -11.8349
X  0.7792 -0.4565 -0.4295
Y  0.3511  0.8855 -0.3042
Z  0.5192  0.0862  0.8503

PART 43
OFFSET  14.3972 -19.3013 -11.0678
X  0.7792 -0.4565 -0.4295
Y  0.3511  0.8855 -0.3042
Z  0.5192  0.0862  0.8503

PART 44
OFFSET -14.8099 -7.9373 -3.1869
X -0.5940  0.2432  0.7668
Y -0.6951 -0.6350 -0.3371
Z  0.4050 -0.7332  0.5462

PART 45
OFFSET -7.6263 -10.8785 -12.4609
X -0.8944  0.3836 -0.2302
Y  0.2162 -0.0798 -0.9731
Z -0.3916 -0.9201 -0.0115

PART 46
OFFSET -0.0193 -14.1408 -10.5028
X -0.8944  0.3836 -0.2302
Y  0.0380 -0.4476 -0.8934
Z -0.4457 -0.8078  0.3857

PART 47
OFFSET  1.5553 -13.5801 -9.4388
X -0.8946  0.3866 -0.2244
Y  0.3910  0.9200  0.0262
Z  0.2165 -0.0643 -0.9742

PART 48
OFFSET  1.4538 -14.2089 -8.4238
X -0.8946  0.3866 -0.2244
Y  0.3910  0.9200  0.0262
Z  0.2165 -0.0643 -0.9742

PART 49
OFFSET  1.0708 -15.4829 -8.6260
X -0.8946  0.3866 -0.2244
Y  0.3910  0.9200  0.0262
Z  0.2165 -0.0643 -0.9742

PART 50
OFFSET  2.7225 -15.3166 -9.7970
X -0.9297  0.2876  0.2303
Y -0.3293 -0.3684 -0.8694
Z -0.1652 -0.8840  0.4372

PART 51
OFFSET  3.5263 -14.7275 -9.2411
X -0.9048 -0.4225 -0.0538
Y  0.1196 -0.1307 -0.9842
Z  0.4088 -0.8969  0.1688

PART 52
OFFSET  5.4441 -13.7528 -9.0361
X -0.6829  0.1196  0.7207
Y -0.6821 -0.4575 -0.5704
Z  0.2615 -0.8811  0.3940

PART 53
OFFSET  6.4765 -13.8746 -10.2777
X  0.0135  0.2781  0.9605
Y -0.9525 -0.2888  0.0970
Z  0.3044 -0.9161  0.2610

PART 54
OFFSET  6.4642 -14.1285 -11.3299
X -0.3818  0.7342  0.5613
Y  0.0460  0.6217 -0.7819
Z -0.9231 -0.2727 -0.2712

PART 55
OFFSET  3.1900 -15.7759 -11.0111
X -0.7104  0.1879  0.6783
Y  0.0488 -0.9483  0.3137
Z  0.7021  0.2560  0.6645

PART 56
OFFSET  4.8824 -16.0444 -12.4768
X -0.3539 -0.8382  0.4150
Y  0.5350 -0.5453 -0.6453
Z  0.7672 -0.0063  0.6414

PART 57
OFFSET  5.3834 -14.8577 -13.0643
X  0.2569 -0.9097 -0.3262
Y  0.6274  0.4137 -0.6597
Z  0.7351 -0.0351  0.6771

PART 58
OFFSET  5.1555 -14.0511 -12.7751
X  0.6228 -0.1916 -0.7586
Y  0.1210  0.9815 -0.1486
Z  0.7730  0.0008  0.6344

PART 59
OFFSET  4.5639 -13.8691 -12.0545
X -0.6641 -0.4697  0.5817
Y -0.2117  0.8644  0.4561
Z -0.7170  0.1797 -0.6734

PART 60
OFFSET  3.5902 -15.7177 -10.4229
X -0.8227  0.2165  0.5257
Y  0.0014 -0.9239  0.3826
Z  0.5685  0.3155  0.7598

PART 61
OFFSET  5.6410 -16.3468 -11.8916
X -0.3170 -0.7998  0.5098
Y  0.5037 -0.5974 -0.6240
Z  0.8036  0.0589  0.5922

PART 62
OFFSET  6.1807 -14.9852 -12.7596
X  0.3974 -0.7947 -0.4588
Y  0.4658  0.6054 -0.6454
Z  0.7906  0.0428  0.6108

PART 63
OFFSET  5.6300 -13.8837 -12.1238
X  0.6139  0.0152 -0.7892
Y -0.0468  0.9988 -0.0171
Z  0.7880  0.0474  0.6139

PART 64
OFFSET  4.9642 -13.9002 -11.2678
X -0.4375 -0.5807  0.6866
Y -0.4240  0.8066  0.4120
Z -0.7930 -0.1109 -0.5991

PART 65
OFFSET -0.9567 -14.2819 -7.8692
X -0.8570  0.0960  0.5064
Y -0.1251  0.9144 -0.3851
Z -0.5000 -0.3933 -0.7716

PART 66
OFFSET  6.5319 -16.4880 -9.8760
X -0.7934  0.4571  0.4019
Y -0.2895 -0.8643  0.4114
Z  0.5354  0.2101  0.8180

PART 67
OFFSET  7.9289 -17.2927 -10.5837
X -0.8272  0.0596  0.5587
Y  0.0949 -0.9653  0.2434
Z  0.5539  0.2543  0.7928

PART 68
OFFSET  8.9681 -17.3497 -11.2148
X -0.7834 -0.2908  0.5492
Y  0.3736 -0.9266  0.0422
Z  0.4966  0.2382  0.8346

PART 69
OFFSET  9.8530 -17.0212 -11.8351
X  0.0575  0.9982  0.0179
Y  0.7855 -0.0342 -0.6179
Z -0.6162  0.0496 -0.7860

PART 70
OFFSET  6.1052 -16.6984 -10.8730
X -0.4130 -0.6980  0.5850
Y  0.5950 -0.6931 -0.4068
Z  0.6895  0.1801  0.7016

PART 71
OFFSET  6.9121 -15.3349 -12.0159
X  0.4156 -0.8908 -0.1837
Y  0.5618  0.4102 -0.7184
Z  0.7153  0.1954  0.6709

PART 72
OFFSET  6.3050 -14.0338 -11.7477
X  0.6703 -0.0915 -0.7364
Y -0.1187  0.9664 -0.2280
Z  0.7325  0.2402  0.6369

PART 73
OFFSET  5.5406 -13.9312 -10.9183
X -0.4850 -0.5625  0.6696
Y -0.4662  0.8141  0.3462
Z -0.7399 -0.1443 -0.6571

PART 74
OFFSET  1.5553 -13.5801 -9.4388
X -0.8946  0.3866 -0.2244
Y  0.3910  0.9200  0.0262
Z  0.2165 -0.0643 -0.9742

PART 75
OFFSET  1.4538 -14.2087 -8.4237
X -0.8946  0.3866 -0.2244
Y  0.3910  0.9200  0.0262
Z  0.2165 -0.0643 -0.9742

PART 76
OFFSET  1.0708 -15.4829 -8.6261
X -0.8946  0.3866 -0.2244
Y  0.3910  0.9200  0.0262
Z  0.2165 -0.0643 -0.9742

PART 77
OFFSET  0.0000 -0.0000 -0.0000
X  1.0000 -0.0000  0.0000
Y  0.0000  1.0000  0.0000
Z  0.0000 -0.0000  1.0000

PART 78
OFFSET -0.0000 -0.0000 -0.0000
X  1.0000  0.0021 -0.0013
Y -0.0021  1.0000  0.0002
Z  0.0013 -0.0002  1.0000

PART 79
OFFSET  1.5458  0.0023  4.1338
X  1.0000  0.0021 -0.0013
Y -0.0021  1.0000  0.0002
Z  0.0013 -0.0002  1.0000


FRAME 1453
PART 0
OFFSET  0.0000 -0.0000 -0.0000
X  1.0000 -0.0000  0.0000
Y  0.0000  1.0000  0.0000
Z  0.0000 -0.0000  1.0000

PART 1
OFFSET -4.6318 -0.0000 -1.3770
X  1.0000 -0.0000  0.0000
Y  0.0000  1.0000  0.0000
Z  0.0000 -0.0000  1.0000

PART 2
OFFSET -0.9540  7.9391 -5.9200
X  0.0339  0.5745 -0.8178
Y  0.1705 -0.8096 -0.5616
Z -0.9848 -0.1204 -0.1254

PART 3
OFFSET -0.5440  14.8865 -15.8108
X  0.9049 -0.4256  0.0019
Y -0.2343 -0.4944  0.8371
Z -0.3553 -0.7579 -0.5471

PART 4
OFFSET  7.1528  11.2669 -15.7944
X  0.9049 -0.4256  0.0019
Y -0.4256 -0.9049  0.0089
Z -0.0020 -0.0089 -1.0000

PART 5
OFFSET  9.3136  12.1643 -15.4765
X  0.9073 -0.4205 -0.0016
Y  0.3560  0.7662  0.5350
Z -0.2238 -0.4860  0.8448

PART 6
OFFSET  8.1052  10.9026 -17.2430
X  0.9073 -0.4205 -0.0016
Y  0.3560  0.7662  0.5350
Z -0.2238 -0.4860  0.8448

PART 7
OFFSET  8.8237  10.3118 -14.1189
X  0.9073 -0.4205 -0.0016
Y  0.3560  0.7662  0.5350
Z -0.2238 -0.4860  0.8448

PART 8
OFFSET  8.2124  9.2433 -14.6632
X  0.9073 -0.4205 -0.0016
Y  0.3560  0.7662  0.5350
Z -0.2238 -0.4860  0.8448

PART 9
OFFSET  7.8742  9.4216 -15.7988
X  0.9073 -0.4205 -0.0016
Y  0.3560  0.7662  0.5350
Z -0.2238 -0.4860  0.8448

PART 10
OFFSET  9.9270  9.9623 -15.7885
X  0.8121 -0.4524  0.3686
Y -0.4939 -0.8693  0.0212
Z  0.3108 -0.1993 -0.9293

PART 11
OFFSET  9.9434  8.8381 -15.9837
X  0.5798 -0.8141  0.0342
Y -0.8074 -0.5684  0.1583
Z -0.1094 -0.1194 -0.9868

PART 12
OFFSET  11.1078  7.0181 -15.9490
X  0.7153 -0.6654  0.2136
Y -0.6793 -0.7338 -0.0110
Z  0.1640 -0.1373 -0.9769

PART 13
OFFSET  12.3214  5.9723 -15.7129
X  0.5179 -0.8511  0.0865
Y -0.8553 -0.5172  0.0321
Z  0.0174 -0.0906 -0.9957

PART 14
OFFSET  12.8677  5.0390 -15.6644
X  0.1949 -0.6766  0.7101
Y -0.0564  0.7150  0.6968
Z -0.9792 -0.1758  0.1012

PART 15
OFFSET  11.2058  10.4700 -15.6871
X  0.9679  0.0981  0.2313
Y  0.2442 -0.1511 -0.9579
Z -0.0590  0.9836 -0.1702

PART 16
OFFSET  13.4192  10.5287 -15.2601
X  0.1550 -0.4663 -0.8710
Y -0.9699 -0.2394 -0.0444
Z -0.1878  0.8516 -0.4893

PART 17
OFFSET  13.6385  9.8686 -16.4932
X -0.2756 -0.5526 -0.7866
Y -0.9485  0.0235  0.3158
Z -0.1560  0.8331 -0.5306

PART 18
OFFSET  13.3942  9.3786 -17.1906
X -0.0965 -0.5293 -0.8429
Y -0.9715 -0.1341  0.1954
Z -0.2165  0.8378 -0.5013

PART 19
OFFSET  13.3025  8.8758 -17.9914
X  0.7150  0.3678  0.5945
Y -0.6987  0.3452  0.6266
Z  0.0252 -0.8634  0.5038

PART 20
OFFSET  11.0128  9.8207 -15.4621
X  0.9264 -0.1647  0.3387
Y  0.3155 -0.1516 -0.9367
Z  0.2057  0.9746 -0.0885

PART 21
OFFSET  13.4514  9.5259 -14.6106
X  0.5328 -0.3052 -0.7892
Y -0.8306 -0.3668 -0.4189
Z -0.1616  0.8788 -0.4490

PART 22
OFFSET  14.3585  9.0063 -15.9543
X -0.1855 -0.4855 -0.8543
Y -0.9726 -0.0332  0.2301
Z -0.1401  0.8736 -0.4660

PART 23
OFFSET  14.1014  8.3334 -17.1384
X -0.2292 -0.4810 -0.8462
Y -0.9635 -0.0118  0.2676
Z -0.1387  0.8766 -0.4607

PART 24
OFFSET  13.8529  7.8117 -18.0561
X  0.7313  0.4439  0.5178
Y -0.6511  0.2284  0.7238
Z  0.2031 -0.8665  0.4561

PART 25
OFFSET  11.8129  7.0808 -15.1165
X  0.9460 -0.3129  0.0843
Y -0.0805  0.0251  0.9964
Z -0.3139 -0.9494 -0.0014

PART 26
OFFSET  12.6034  7.6181 -13.9907
X  0.9378 -0.3464 -0.0232
Y -0.0383 -0.0369 -0.9986
Z  0.3451  0.9374 -0.0479

PART 27
OFFSET  14.2545  7.0082 -14.0315
X  0.7563 -0.2646 -0.5983
Y -0.5582  0.2161 -0.8011
Z  0.3413  0.9398  0.0158

PART 28
OFFSET  15.1532  6.6294 -14.7599
X  0.1709 -0.1463 -0.9744
Y -0.8661  0.4492 -0.2194
Z  0.4698  0.8814 -0.0499

PART 29
OFFSET  15.3463  6.4642 -15.8604
X  0.8583 -0.1099  0.5012
Y -0.4833  0.1547  0.8617
Z -0.1723 -0.9818  0.0796

PART 30
OFFSET  13.1083  8.5736 -14.2197
X  0.7820 -0.3474 -0.5174
Y -0.6018 -0.2053 -0.7718
Z  0.1619  0.9150 -0.3696

PART 31
OFFSET  14.6360  7.8950 -15.2306
X  0.0393 -0.3695 -0.9284
Y -0.9920  0.0970 -0.0806
Z  0.1199  0.9242 -0.3627

PART 32
OFFSET  14.6934  7.3553 -16.5866
X -0.3037 -0.3068 -0.9020
Y -0.9504  0.1646  0.2640
Z  0.0675  0.9374 -0.3416

PART 33
OFFSET  14.3506  7.0143 -17.6108
X  0.8356  0.0702  0.5449
Y -0.5253  0.3925  0.7550
Z -0.1608 -0.9171  0.3648

PART 34
OFFSET  12.8686  8.9007 -16.2167
X  0.1733  0.9733 -0.1507
Y -0.3108  0.1993  0.9293
Z  0.9345 -0.1142  0.3371

PART 35
OFFSET  8.9829  11.8743 -16.1851
X  0.9073 -0.4205 -0.0016
Y  0.3560  0.7662  0.5350
Z -0.2238 -0.4860  0.8448

PART 36
OFFSET  8.1052  10.9026 -17.2430
X  0.9073 -0.4205 -0.0016
Y  0.3560  0.7662  0.5350
Z -0.2238 -0.4860  0.8448

PART 37
OFFSET  8.8237  10.3118 -14.1189
X  0.9073 -0.4205 -0.0016
Y  0.3560  0.7662  0.5350
Z -0.2238 -0.4860  0.8448

PART 38
OFFSET  8.2124  9.2433 -14.6632
X  0.9073 -0.4205 -0.0016
Y  0.3560  0.7662  0.5350
Z -0.2238 -0.4860  0.8448

PART 39
OFFSET  7.8742  9.4216 -15.7988
X  0.9073 -0.4205 -0.0016
Y  0.3560  0.7662  0.5350
Z -0.2238 -0.4860  0.8448

PART 40
OFFSET  8.4762 -15.0355 -9.8902
X  0.7743 -0.4466 -0.4483
Y  0.3414  0.8913 -0.2983
Z  0.5328  0.0780  0.8426

PART 41
OFFSET  8.4762 -15.0355 -9.8902
X  0.7743 -0.4466 -0.4483
Y  0.3414  0.8913 -0.2983
Z  0.5328  0.0780  0.8426

PART 42
OFFSET  11.8914 -16.8813 -11.5475
X  0.7743 -0.4466 -0.4483
Y  0.3414  0.8913 -0.2983
Z  0.5328  0.0780  0.8426

PART 43
OFFSET  14.4158 -18.5684 -10.8442
X  0.7743 -0.4466 -0.4483
Y  0.3414  0.8913 -0.2983
Z  0.5328  0.0780  0.8426

PART 44
OFFSET -14.8115 -7.9373 -3.1869
X -0.5923  0.2290  0.7725
Y -0.6752 -0.6642 -0.3209
Z  0.4396 -0.7117  0.5480

PART 45
OFFSET -7.6480 -10.7065 -12.5292
X -0.8980  0.3421 -0.2766
Y  0.2573 -0.1017 -0.9610
Z -0.3569 -0.9342  0.0033

PART 46
OFFSET -0.0100 -13.6160 -10.1763
X -0.8980  0.3421 -0.2766
Y  0.1045 -0.4449 -0.8894
Z -0.4274 -0.8277  0.3638

PART 47
OFFSET  1.4997 -12.9635 -9.0715
X -0.8986  0.3452 -0.2709
Y  0.3557  0.9345  0.0113
Z  0.2571 -0.0862 -0.9625

PART 48
OFFSET  1.3814 -13.5639 -8.0413
X -0.8986  0.3452 -0.2709
Y  0.3557  0.9345  0.0113
Z  0.2571 -0.0862 -0.9625

PART 49
OFFSET  1.0536 -14.8572 -8.2166
X -0.8986  0.3452 -0.2709
Y  0.3557  0.9345  0.0113
Z  0.2571 -0.0862 -0.9625

PART 50
OFFSET  2.7431 -14.6647 -9.3282
X -0.9272  0.2795  0.2494
Y -0.3418 -0.3589 -0.8686
Z -0.1532 -0.8906  0.4283

PART 51
OFFSET  3.5529 -14.0785 -8.7780
X -0.9033 -0.4267 -0.0444
Y  0.1039 -0.1172 -0.9877
Z  0.4162 -0.8968  0.1502

PART 52
OFFSET  5.4687 -13.0961 -8.5920
X -0.6714  0.1065  0.7334
Y -0.6891 -0.4538 -0.5650
Z  0.2726 -0.8847  0.3781

PART 53
OFFSET  6.4809 -13.1960 -9.8520
X  0.0280  0.2656  0.9637
Y -0.9492 -0.2953  0.1090
Z  0.3135 -0.9177  0.2438

PART 54
OFFSET  6.4524 -13.4362 -10.9071
X -0.3763  0.7247  0.5772
Y  0.0298  0.6321 -0.7743
Z -0.9260 -0.2742 -0.2594

PART 55
OFFSET  3.1927 -15.1056 -10.5557
X -0.7000  0.1751  0.6924
Y  0.0590 -0.9520  0.3004
Z  0.7117  0.2512  0.6560

PART 56
OFFSET  4.8619 -15.3457 -12.0526
X -0.3424 -0.8455  0.4098
Y  0.5270 -0.5339 -0.6612
Z  0.7778 -0.0104  0.6284

PART 57
OFFSET  5.3467 -14.1487 -12.6328
X  0.2563 -0.9040 -0.3422
Y  0.6141  0.4257 -0.6646
Z  0.7465 -0.0399  0.6642

PART 58
OFFSET  5.1195 -13.3472 -12.3294
X  0.6110 -0.1783 -0.7713
Y  0.1133  0.9840 -0.1378
Z  0.7835 -0.0032  0.6214

PART 59
OFFSET  4.5390 -13.1777 -11.5967
X -0.6518 -0.4808  0.5865
Y -0.2087  0.8572  0.4708
Z -0.7291  0.1845 -0.6590

PART 60
OFFSET  3.6024 -15.0529 -9.9735
X -0.8150  0.2051  0.5420
Y  0.0126 -0.9288  0.3704
Z  0.5794  0.3087  0.7543

PART 61
OFFSET  5.6317 -15.6515 -11.4842
X -0.3042 -0.8081  0.5045
Y  0.4963 -0.5865 -0.6401
Z  0.8131  0.0556  0.5795

PART 62
OFFSET  6.1497 -14.2757 -12.3430
X  0.3938 -0.7865 -0.4757
Y  0.4518  0.6163 -0.6450
Z  0.8005  0.0392  0.5980

PART 63
OFFSET  5.6039 -13.1857 -11.6838
X  0.6006  0.0289 -0.7991
Y -0.0523  0.9986 -0.0032
Z  0.7979  0.0437  0.6012

PART 64
OFFSET  4.9525 -13.2170 -10.8172
X -0.4229 -0.5920  0.6861
Y -0.4213  0.7988  0.4295
Z -0.8023 -0.1074 -0.5872

PART 65
OFFSET -0.9090 -13.6754 -7.3263
X -0.8489  0.0847  0.5217
Y -0.1363  0.9186 -0.3710
Z -0.5107 -0.3860 -0.7683

PART 66
OFFSET  6.5568 -15.8140 -9.4855
X -0.7889  0.4478  0.4209
Y -0.2783 -0.8710  0.4050
Z  0.5479  0.2024  0.8117

PART 67
OFFSET  7.9458 -16.6024 -10.2266
X -0.8180  0.0474  0.5732
Y  0.1043 -0.9679  0.2289
Z  0.5657  0.2470  0.7868

PART 68
OFFSET  8.9746 -16.6451 -10.8757
X -0.7723 -0.3031  0.5583
Y  0.3798 -0.9248  0.0233
Z  0.5093  0.2300  0.8293

PART 69
OFFSET  9.8469 -16.3027 -11.5063
X  0.0518  0.9982  0.0305
Y  0.7751 -0.0209 -0.6315
Z -0.6297  0.0563 -0.7748

PART 70
OFFSET  6.1146 -16.0138 -10.4780
X -0.3995 -0.7078  0.5826
Y  0.5918 -0.6845 -0.4257
Z  0.7001  0.1747  0.6923

PART 71
OFFSET  6.8952 -14.6312 -11.6162
X  0.4171 -0.8861 -0.2022
Y  0.5476  0.4225 -0.7222
Z  0.7254  0.1906  0.6615

PART 72
OFFSET  6.2859 -13.3369 -11.3210
X  0.6584 -0.0782 -0.7486
Y -0.1275  0.9686 -0.2133
Z  0.7418  0.2359  0.6278

PART 73
OFFSET  5.5349 -13.2494 -10.4777
X -0.4708 -0.5738  0.6702
Y -0.4646  0.8070  0.3645
Z -0.7500 -0.1398 -0.6465

PART 74
OFFSET  1.4997 -12.9634 -9.0714
X -0.8986  0.3452 -0.2709
