// Export filename: `C:\projects\cod\t5\xanim_export\t5_viewmodels\ak74u\ak74u_sprint_in.XANIM_EXPORT`
// Source filename: `D:\projects\devanim\t5\animation_assets\viewmodels\ak74u/t5_viewmodel_ak74u_animated2.fbx`
// Export time: Fri Aug 27 21:34:52 2010

ANIMATION
VERSION 3

NUMPARTS 80
PART 0 "tag_ads"
PART 1 "tag_torso"
PART 2 "J_Shoulder_LE"
PART 3 "J_Elbow_LE"
PART 4 "J_WristTwist_LE"
PART 5 "J_Sleave_Reshape_Bottom_LE_1"
PART 6 "J_Sleave_Reshape_Bottom_LE_2"
PART 7 "J_Sleave_Reshape_Top_LE_1"
PART 8 "J_Sleave_Reshape_Top_LE_2"
PART 9 "J_Sleave_Reshape_Top_LE_3"
PART 10 "J_Wrist_LE"
PART 11 "J_Thumb_LE_0"
PART 12 "J_Thumb_LE_1"
PART 13 "J_Thumb_LE_2"
PART 14 "J_Thumb_LE_3"
PART 15 "J_PinkyPalm_LE"
PART 16 "J_Pinky_LE_0"
PART 17 "J_Pinky_LE_1"
PART 18 "J_Pinky_LE_2"
PART 19 "J_Pinky_LE_3"
PART 20 "J_RingPalm_LE"
PART 21 "J_Ring_LE_0"
PART 22 "J_Ring_LE_1"
PART 23 "J_Ring_LE_2"
PART 24 "J_Ring_LE_3"
PART 25 "J_Webbing_LE"
PART 26 "J_Index_LE_0"
PART 27 "J_Index_LE_1"
PART 28 "J_Index_LE_2"
PART 29 "J_Index_LE_3"
PART 30 "J_Mid_LE_0"
PART 31 "J_Mid_LE_1"
PART 32 "J_Mid_LE_2"
PART 33 "J_Mid_LE_3"
PART 34 "tag_knife_attach"
PART 35 "D_Sleave_Reshape_Bottom_LE_1"
PART 36 "D_Sleave_Reshape_Bottom_LE_2"
PART 37 "D_Sleave_Reshape_Top_LE_1"
PART 38 "D_Sleave_Reshape_Top_LE_2"
PART 39 "D_Sleave_Reshape_Top_LE_3"
PART 40 "tag_weapon"
PART 41 "J_Gun"
PART 42 "TAG_CLIP"
PART 43 "J_Bolt"
PART 44 "J_Shoulder_RI"
PART 45 "J_Elbow_RI"
PART 46 "J_WristTwist_RI"
PART 47 "J_Sleave_Reshape_Top_RI_3"
PART 48 "J_Sleave_Reshape_Top_RI_2"
PART 49 "J_Sleave_Reshape_Top_RI_1"
PART 50 "J_Wrist_RI"
PART 51 "J_Thumb_RI_0"
PART 52 "J_Thumb_RI_1"
PART 53 "J_Thumb_RI_2"
PART 54 "J_Thumb_RI_3"
PART 55 "J_PinkyPalm_RI"
PART 56 "J_Pinky_RI_0"
PART 57 "J_Pinky_RI_1"
PART 58 "J_Pinky_RI_2"
PART 59 "J_Pinky_RI_3"
PART 60 "J_RingPalm_RI"
PART 61 "J_Ring_RI_0"
PART 62 "J_Ring_RI_1"
PART 63 "J_Ring_RI_2"
PART 64 "J_Ring_RI_3"
PART 65 "J_Webbing_RI"
PART 66 "J_Index_RI_0"
PART 67 "J_Index_RI_1"
PART 68 "J_Index_RI_2"
PART 69 "J_Index_RI_3"
PART 70 "J_Mid_RI_0"
PART 71 "J_Mid_RI_1"
PART 72 "J_Mid_RI_2"
PART 73 "J_Mid_RI_3"
PART 74 "D_Sleave_Reshape_Top_RI_3"
PART 75 "D_Sleave_Reshape_Top_RI_2"
PART 76 "D_Sleave_Reshape_Top_RI_1"
PART 77 "tag_cambone"
PART 78 "tag_camera"
PART 79 "tag_gasmask"

FRAMERATE 30
NUMFRAMES 11

FRAME 1000
PART 0
OFFSET  0.0000 -0.0000 -0.0000
X  1.0000 -0.0000  0.0000
Y  0.0000  1.0000  0.0000
Z  0.0000 -0.0000  1.0000

PART 1
OFFSET -4.6318 -0.0000 -1.3770
X  1.0000 -0.0000  0.0000
Y  0.0000  1.0000  0.0000
Z  0.0000 -0.0000  1.0000

PART 2
OFFSET -3.4552  5.7860 -3.1869
X  0.7274 -0.1644 -0.6663
Y -0.0321 -0.9780  0.2063
Z -0.6855 -0.1287 -0.7166

PART 3
OFFSET  5.3416  3.7975 -11.2445
X  0.7829 -0.4204  0.4586
Y -0.4949  0.0259  0.8686
Z -0.3770 -0.9070 -0.1878

PART 4
OFFSET  12.0005  0.2216 -7.3440
X  0.7829 -0.4204  0.4586
Y -0.0516  0.6907  0.7213
Z -0.6200 -0.5884  0.5190

PART 5
OFFSET  14.1828  1.0130 -6.9115
X  0.7869 -0.4181  0.4539
Y  0.3819  0.9077  0.1740
Z -0.4848  0.0364  0.8739

PART 6
OFFSET  13.1405 -0.8996 -8.1066
X  0.7869 -0.4181  0.4539
Y  0.3819  0.9077  0.1740
Z -0.4848  0.0364  0.8739

PART 7
OFFSET  13.0675  0.1652 -5.0267
X  0.7869 -0.4181  0.4539
Y  0.3819  0.9077  0.1740
Z -0.4848  0.0364  0.8739

PART 8
OFFSET  12.3833 -0.9888 -5.1336
X  0.7869 -0.4181  0.4539
Y  0.3819  0.9077  0.1740
Z -0.4848  0.0364  0.8739

PART 9
OFFSET  12.3288 -1.4021 -6.2570
X  0.7869 -0.4181  0.4539
Y  0.3819  0.9077  0.1740
Z -0.4848  0.0364  0.8739

PART 10
OFFSET  14.4006 -1.0672 -5.9381
X  0.9667 -0.2298  0.1127
Y  0.0805  0.6910  0.7184
Z -0.2430 -0.6854  0.6864

PART 11
OFFSET  14.8134 -0.7852 -4.9122
X  0.9184 -0.0615  0.3909
Y -0.0432  0.9664  0.2535
Z -0.3933 -0.2497  0.8848

PART 12
OFFSET  16.7690 -0.8354 -3.9942
X  0.9437 -0.3298 -0.0251
Y  0.2857  0.7745  0.5643
Z -0.1667 -0.5398  0.8252

PART 13
OFFSET  18.2568 -1.4745 -3.9760
X  0.9406 -0.0697  0.3324
Y -0.0586  0.9308  0.3609
Z -0.3345 -0.3589  0.8713

PART 14
OFFSET  19.2576 -1.5505 -3.5706
X  0.8971  0.3709 -0.2400
Y -0.2715  0.0344 -0.9618
Z -0.3485  0.9280  0.1315

PART 15
OFFSET  15.0834 -2.1401 -6.4732
X  0.7680 -0.6332 -0.0962
Y -0.4096 -0.6010  0.6863
Z -0.4924 -0.4877 -0.7209

PART 16
OFFSET  16.8304 -3.5654 -6.5002
X -0.1608 -0.2300  0.9598
Y -0.6523  0.7546  0.0715
Z -0.7407 -0.6146 -0.2714

PART 17
OFFSET  16.6027 -3.8911 -5.1413
X -0.3868  0.0722  0.9193
Y -0.5714  0.7638 -0.3003
Z -0.7238 -0.6414 -0.2542

PART 18
OFFSET  16.2597 -3.8271 -4.3262
X -0.5341  0.3094  0.7868
Y -0.3766  0.7461 -0.5491
Z -0.7569 -0.5896 -0.2819

PART 19
OFFSET  15.7523 -3.5332 -3.5788
X  0.7544 -0.6197 -0.2163
Y -0.0363  0.2896 -0.9565
Z  0.6554  0.7294  0.1960

PART 20
OFFSET  15.3834 -1.6357 -6.0668
X  0.8938 -0.4350 -0.1092
Y -0.2660 -0.7102  0.6518
Z -0.3611 -0.5535 -0.7505

PART 21
OFFSET  17.6092 -2.9715 -6.2075
X -0.0369 -0.6344  0.7721
Y -0.6211  0.6199  0.4796
Z -0.7829 -0.4618 -0.4169

PART 22
OFFSET  17.5464 -4.0516 -4.8930
X -0.5182  0.1351  0.8445
Y -0.3556  0.8640 -0.3564
Z -0.7778 -0.4850 -0.3998

PART 23
OFFSET  16.8281 -3.8644 -3.7226
X -0.6177  0.4454  0.6481
Y -0.1337  0.7527 -0.6447
Z -0.7749 -0.4849 -0.4054

PART 24
OFFSET  16.1582 -3.3814 -3.0197
X  0.5444 -0.8187 -0.1827
Y  0.2779  0.3815 -0.8816
Z  0.7915  0.4292  0.4352

PART 25
OFFSET  17.3782 -1.0459 -4.0820
X  0.8264 -0.5404  0.1580
Y  0.5163  0.6155 -0.5955
Z  0.2246  0.5737  0.7877

PART 26
OFFSET  18.3184 -1.1868 -5.2122
X  0.4989 -0.8592  0.1131
Y -0.5974 -0.2464  0.7632
Z -0.6279 -0.4483 -0.6362

PART 27
OFFSET  19.1968 -2.6996 -5.0131
X -0.1904 -0.7831  0.5920
Y -0.7859  0.4830  0.3861
Z -0.5883 -0.3917 -0.7074

PART 28
OFFSET  19.0010 -3.6279 -4.2504
X -0.6180 -0.1922  0.7624
Y -0.4802  0.8600 -0.1725
Z -0.6225 -0.4727 -0.6237

PART 29
OFFSET  18.3030 -3.8449 -3.3893
X  0.4596 -0.8467 -0.2679
Y  0.5235  0.5020 -0.6885
Z  0.7174  0.1762  0.6740

PART 30
OFFSET  18.0844 -2.0348 -5.8805
X  0.1709 -0.7992  0.5763
Y -0.7404  0.2817  0.6102
Z -0.6500 -0.5310 -0.5436

PART 31
OFFSET  18.4182 -3.5961 -4.7546
X -0.5227 -0.1938  0.8302
Y -0.5159  0.8472 -0.1271
Z -0.6787 -0.4948 -0.5428

PART 32
OFFSET  17.6547 -3.8791 -3.5420
X -0.7243  0.3651  0.5849
Y -0.0555  0.8147 -0.5772
Z -0.6872 -0.4505 -0.5699

PART 33
OFFSET  16.8296 -3.4694 -2.8832
X  0.6347 -0.7715 -0.0434
Y  0.3714  0.3538 -0.8584
Z  0.6776  0.5288  0.5111

PART 34
OFFSET  16.6079 -3.1071 -4.9736
X -0.4185 -0.5643 -0.7116
Y  0.2430  0.6854 -0.6864
Z  0.8751 -0.4602 -0.1498

PART 35
OFFSET  13.9549  0.4204 -7.4523
X  0.7869 -0.4181  0.4539
Y  0.3819  0.9077  0.1740
Z -0.4848  0.0364  0.8739

PART 36
OFFSET  13.1405 -0.8996 -8.1066
X  0.7869 -0.4181  0.4539
Y  0.3819  0.9077  0.1740
Z -0.4848  0.0364  0.8739

PART 37
OFFSET  13.0675  0.1652 -5.0267
X  0.7869 -0.4181  0.4539
Y  0.3819  0.9077  0.1740
Z -0.4848  0.0364  0.8739

PART 38
OFFSET  12.3833 -0.9888 -5.1336
X  0.7869 -0.4181  0.4539
Y  0.3819  0.9077  0.1740
Z -0.4848  0.0364  0.8739

PART 39
OFFSET  12.3288 -1.4021 -6.2570
X  0.7869 -0.4181  0.4539
Y  0.3819  0.9077  0.1740
Z -0.4848  0.0364  0.8739

PART 40
OFFSET  7.7688 -2.6416 -4.8099
X  1.0000 -0.0000  0.0000
Y  0.0000  1.0000  0.0000
Z  0.0000 -0.0000  1.0000

PART 41
OFFSET  7.7688 -2.6416 -4.8099
X  1.0000 -0.0000  0.0000
Y  0.0000  1.0000  0.0000
Z  0.0000 -0.0000  1.0000

PART 42
OFFSET  11.9806 -2.6266 -4.5308
X  1.0000 -0.0000  0.0000
Y  0.0000  1.0000  0.0000
Z  0.0000 -0.0000  1.0000

PART 43
OFFSET  14.3735 -3.4784 -2.7246
X  1.0000 -0.0000  0.0000
Y  0.0000  1.0000  0.0000
Z  0.0000 -0.0000  1.0000

PART 44
OFFSET -13.9227 -7.9373 -3.1869
X -0.6053  0.0162  0.7958
Y -0.1718 -0.9789 -0.1107
Z  0.7772 -0.2037  0.5953

PART 45
OFFSET -6.6022 -8.1338 -12.8116
X -0.8222 -0.3196 -0.4710
Y  0.5121 -0.0542 -0.8572
Z  0.2484 -0.9460  0.2082

PART 46
OFFSET  0.3912 -5.4156 -8.8058
X -0.8222 -0.3196 -0.4710
Y  0.5374 -0.1634 -0.8273
Z  0.1874 -0.9334  0.3061

PART 47
OFFSET  0.9106 -3.8330 -7.7329
X -0.8259 -0.3166 -0.4664
Y -0.2534  0.9476 -0.1946
Z  0.5036 -0.0425 -0.8629

PART 48
OFFSET  0.8857 -4.2320 -6.6033
X -0.8259 -0.3166 -0.4664
Y -0.2534  0.9476 -0.1946
Z  0.5036 -0.0425 -0.8629

PART 49
OFFSET  1.4070 -5.4649 -6.4654
X -0.8259 -0.3166 -0.4664
Y -0.2534  0.9476 -0.1946
Z  0.5036 -0.0425 -0.8629

PART 50
OFFSET  2.9119 -4.4359 -7.3619
X -0.9546 -0.1418 -0.2621
Y  0.2850 -0.1775 -0.9420
Z  0.0871 -0.9739  0.2098

PART 51
OFFSET  3.0305 -3.8010 -6.4212
X -0.4986 -0.6783 -0.5397
Y  0.5783  0.2035 -0.7900
Z  0.6457 -0.7060  0.2908

PART 52
OFFSET  4.0128 -2.3183 -5.1938
X -0.9028 -0.3483  0.2521
Y -0.0610 -0.4767 -0.8770
Z  0.4256 -0.8071  0.4091

PART 53
OFFSET  5.4190 -1.6940 -5.6990
X -0.5336 -0.0214  0.8455
Y -0.6557 -0.6209 -0.4295
Z  0.5342 -0.7836  0.3173

PART 54
OFFSET  5.9827 -1.6245 -6.6205
X -0.8721  0.3596  0.3318
Y  0.0986  0.7934 -0.6007
Z -0.4792 -0.4912 -0.7274

PART 55
OFFSET  4.0072 -4.3091 -8.1912
X -0.9338 -0.2716  0.2329
Y  0.3213 -0.9230  0.2116
Z  0.1575  0.2724  0.9492

PART 56
OFFSET  6.0889 -3.5460 -8.6022
X -0.1064 -0.9920  0.0680
Y  0.9470 -0.1219 -0.2972
Z  0.3031  0.0328  0.9524

PART 57
OFFSET  6.2395 -2.1416 -8.6984
X  0.7704 -0.5952 -0.2284
Y  0.5756  0.8034 -0.1522
Z  0.2741 -0.0142  0.9616

PART 58
OFFSET  5.5564 -1.6139 -8.4959
X  0.9043  0.2998 -0.3040
Y -0.2988  0.9530  0.0509
Z  0.3049  0.0448  0.9513

PART 59
OFFSET  4.6973 -1.8987 -8.2071
X -0.5482 -0.8340  0.0630
Y -0.7690  0.5322  0.3543
Z -0.3290  0.1458 -0.9330

PART 60
OFFSET  4.0399 -4.2960 -7.4782
X -0.9690 -0.2439  0.0388
Y  0.2458 -0.9373  0.2469
Z -0.0239  0.2488  0.9683

PART 61
OFFSET  6.5638 -3.7206 -7.7173
X -0.1328 -0.9741  0.1828
Y  0.9405 -0.1821 -0.2870
Z  0.3128  0.1338  0.9403

PART 62
OFFSET  6.7899 -2.0621 -8.0285
X  0.8812 -0.4114 -0.2327
Y  0.3642  0.9048 -0.2204
Z  0.3012  0.1095  0.9472

PART 63
OFFSET  5.5686 -1.4919 -7.7060
X  0.8304  0.4610 -0.3130
Y -0.4723  0.8804  0.0436
Z  0.2956  0.1116  0.9488

PART 64
OFFSET  4.6680 -1.9919 -7.3665
X -0.3960 -0.8751  0.2782
Y -0.8751  0.4514  0.1743
Z -0.2781 -0.1744 -0.9446

PART 65
OFFSET -1.2553 -5.3980 -7.5437
X -0.9291 -0.3699 -0.0061
Y -0.3495  0.8829 -0.3136
Z  0.1213 -0.2892 -0.9496

PART 66
OFFSET  6.4488 -4.1115 -5.5522
X -0.9803 -0.1931 -0.0406
Y  0.1869 -0.9747  0.1229
Z -0.0633  0.1129  0.9916

PART 67
OFFSET  8.1748 -3.7715 -5.4807
X -0.9741 -0.2239 -0.0304
Y  0.2152 -0.9603  0.1773
Z -0.0689  0.1662  0.9837

PART 68
OFFSET  9.3549 -3.4893 -5.3840
X -0.9659 -0.2397 -0.0981
Y  0.2227 -0.9620  0.1579
Z -0.1323  0.1307  0.9826

PART 69
OFFSET  10.4459 -3.2185 -5.2731
X  0.0762  0.9832  0.1658
Y  0.9969 -0.0787  0.0085
Z  0.0214  0.1646 -0.9861

PART 70
OFFSET  6.6405 -4.1444 -6.6397
X -0.2627 -0.9406  0.2150
Y  0.9570 -0.2824 -0.0663
Z  0.1231  0.1883  0.9744

PART 71
OFFSET  7.1538 -2.3069 -7.0597
X  0.8288 -0.5596 -0.0009
Y  0.5392  0.7990 -0.2664
Z  0.1498  0.2203  0.9639

PART 72
OFFSET  5.9432 -1.4895 -7.0585
X  0.8851  0.3871 -0.2584
Y -0.4386  0.8795 -0.1846
Z  0.1558  0.2767  0.9482

PART 73
OFFSET  4.9394 -1.9293 -6.7726
X -0.4085 -0.8763  0.2554
Y -0.8912  0.4434  0.0957
Z -0.1971 -0.1885 -0.9621

PART 74
OFFSET  0.9106 -3.8330 -7.7328
X -0.8259 -0.3166 -0.4664
Y -0.2534  0.9476 -0.1946
Z  0.5036 -0.0425 -0.8629

PART 75
OFFSET  0.8856 -4.2318 -6.6032
X -0.8259 -0.3166 -0.4664
Y -0.2534  0.9476 -0.1946
Z  0.5036 -0.0425 -0.8629

PART 76
OFFSET  1.4071 -5.4649 -6.4655
X -0.8259 -0.3166 -0.4664
Y -0.2534  0.9476 -0.1946
Z  0.5036 -0.0425 -0.8629

PART 77
OFFSET  0.0000 -0.0000 -0.0000
X  1.0000 -0.0000  0.0000
Y  0.0000  1.0000  0.0000
Z  0.0000 -0.0000  1.0000

PART 78
OFFSET  0.0000 -0.0000 -0.0000
X  1.0000 -0.0000  0.0000
Y  0.0000  1.0000  0.0000
Z  0.0000 -0.0000  1.0000

PART 79
OFFSET  1.5404 -0.0000  4.1357
X  1.0000 -0.0000  0.0000
Y  0.0000  1.0000  0.0000
Z  0.0000 -0.0000  1.0000


FRAME 1001
PART 0
OFFSET  0.0000 -0.0000 -0.0000
X  1.0000 -0.0000  0.0000
Y  0.0000  1.0000  0.0000
Z  0.0000 -0.0000  1.0000

PART 1
OFFSET -4.6318 -0.0000 -1.3770
X  1.0000 -0.0000  0.0000
Y  0.0000  1.0000  0.0000
Z  0.0000 -0.0000  1.0000

PART 2
OFFSET -3.4134  5.7860 -3.1869
X  0.7224 -0.1567 -0.6735
Y -0.0258 -0.9794  0.2002
Z -0.6910 -0.1273 -0.7115

PART 3
OFFSET  5.3229  3.8906 -11.3323
X  0.7867 -0.4196  0.4529
Y -0.4909  0.0198  0.8710
Z -0.3744 -0.9075 -0.1904

PART 4
OFFSET  12.0138  0.3216 -7.4805
X  0.7867 -0.4196  0.4529
Y -0.0336  0.7033  0.7101
Z -0.6165 -0.5738  0.5392

PART 5
OFFSET  14.1950  1.1192 -7.0545
X  0.7906 -0.4172  0.4482
Y  0.3792  0.9083  0.1766
Z -0.4808  0.0303  0.8763

PART 6
OFFSET  13.1544 -0.7916 -8.2540
X  0.7906 -0.4172  0.4482
Y  0.3792  0.9083  0.1766
Z -0.4808  0.0303  0.8763

PART 7
OFFSET  13.0919  0.2580 -5.1686
X  0.7906 -0.4172  0.4482
Y  0.3792  0.9083  0.1766
Z -0.4808  0.0303  0.8763

PART 8
OFFSET  12.4116 -0.8981 -5.2779
X  0.7906 -0.4172  0.4482
Y  0.3792  0.9083  0.1766
Z -0.4808  0.0303  0.8763

PART 9
OFFSET  12.3534 -1.3061 -6.4030
X  0.7906 -0.4172  0.4482
Y  0.3792  0.9083  0.1766
Z -0.4808  0.0303  0.8763

PART 10
OFFSET  14.4254 -0.9649 -6.0922
X  0.9703 -0.2180  0.1051
Y  0.0826  0.7065  0.7029
Z -0.2275 -0.6733  0.7035

PART 11
OFFSET  14.8482 -0.6576 -5.0778
X  0.9238 -0.0444  0.3803
Y -0.0496  0.9710  0.2340
Z -0.3797 -0.2350  0.8948

PART 12
OFFSET  16.8156 -0.6696 -4.1839
X  0.9466 -0.3211 -0.0304
Y  0.2851  0.7888  0.5445
Z -0.1509 -0.5240  0.8382

PART 13
OFFSET  18.3098 -1.2938 -4.1716
X  0.9453 -0.0537  0.3217
Y -0.0633  0.9375  0.3423
Z -0.3200 -0.3439  0.8828

PART 14
OFFSET  19.3163 -1.3516 -3.7774
X  0.8903  0.3745 -0.2590
Y -0.2839  0.0117 -0.9588
Z -0.3560  0.9271  0.1167

PART 15
OFFSET  15.1120 -2.0419 -6.6137
X  0.7730 -0.6276 -0.0929
Y -0.3949 -0.5906  0.7038
Z -0.4965 -0.5073 -0.7043

PART 16
OFFSET  16.8727 -3.4505 -6.6335
X -0.1465 -0.2115  0.9663
Y -0.6588  0.7495  0.0642
Z -0.7379 -0.6272 -0.2492

PART 17
OFFSET  16.6653 -3.7500 -5.2654
X -0.3759  0.0875  0.9225
Y -0.5827  0.7518 -0.3088
Z -0.7206 -0.6536 -0.2316

PART 18
OFFSET  16.3320 -3.6724 -4.4474
X -0.5272  0.3205  0.7869
Y -0.3909  0.7308 -0.5596
Z -0.7544 -0.6027 -0.2600

PART 19
OFFSET  15.8311 -3.3679 -3.6998
X  0.7578 -0.6168 -0.2130
Y -0.0512  0.2693 -0.9617
Z  0.6505  0.7397  0.1725

PART 20
OFFSET  15.4121 -1.5263 -6.2217
X  0.8966 -0.4285 -0.1116
Y -0.2507 -0.6990  0.6697
Z -0.3650 -0.5725 -0.7342

PART 21
OFFSET  17.6492 -2.8431 -6.3632
X -0.0209 -0.6185  0.7855
Y -0.6211  0.6237  0.4746
Z -0.7834 -0.4780 -0.3972

PART 22
OFFSET  17.6136 -3.8962 -5.0259
X -0.5089  0.1476  0.8481
Y -0.3686  0.8530 -0.3696
Z -0.7779 -0.5007 -0.3797

PART 23
OFFSET  16.9083 -3.6916 -3.8505
X -0.6139  0.4528  0.6466
Y -0.1493  0.7377 -0.6584
Z -0.7751 -0.5008 -0.3853

PART 24
OFFSET  16.2424 -3.2006 -3.1492
X  0.5502 -0.8170 -0.1726
Y  0.2630  0.3657 -0.8928
Z  0.7926  0.4458  0.4161

PART 25
OFFSET  17.4257 -0.8760 -4.2752
X  0.8337 -0.5290  0.1586
Y  0.5026  0.6080 -0.6146
Z  0.2287  0.5921  0.7727

PART 26
OFFSET  18.3530 -1.0313 -5.4141
X  0.5088 -0.8518  0.1245
Y -0.5853 -0.2363  0.7757
Z -0.6313 -0.4675 -0.6188

PART 27
OFFSET  19.2488 -2.5311 -5.1950
X -0.1752 -0.7724  0.6105
Y -0.7858  0.4833  0.3860
Z -0.5932 -0.4121 -0.6916

PART 28
OFFSET  19.0719 -3.4451 -4.4108
X -0.6064 -0.1822  0.7740
Y -0.4909  0.8515 -0.1841
Z -0.6255 -0.4916 -0.6058

PART 29
OFFSET  18.3870 -3.6509 -3.5365
X  0.4646 -0.8476 -0.2562
Y  0.5098  0.4926 -0.7053
Z  0.7241  0.1971  0.6610

PART 30
OFFSET  18.1191 -1.8953 -6.0616
X  0.1861 -0.7853  0.5905
Y -0.7355  0.2872  0.6137
Z -0.6515 -0.5485 -0.5242

PART 31
OFFSET  18.4826 -3.4294 -4.9081
X -0.5103 -0.1815  0.8406
Y -0.5259  0.8393 -0.1380
Z -0.6805 -0.5125 -0.5237

PART 32
OFFSET  17.7372 -3.6945 -3.6802
X -0.7205  0.3701  0.5864
Y -0.0708  0.8019 -0.5932
Z -0.6898 -0.4689 -0.5516

PART 33
OFFSET  16.9163 -3.2792 -3.0196
X  0.6418 -0.7660 -0.0355
Y  0.3570  0.3394 -0.8702
Z  0.6787  0.5459  0.4913

PART 34
OFFSET  16.6648 -2.9627 -5.1140
X -0.4218 -0.5830 -0.6944
Y  0.2275  0.6733 -0.7035
Z  0.8777 -0.4547 -0.1514

PART 35
OFFSET  13.9668  0.5284 -7.5971
X  0.7906 -0.4172  0.4482
Y  0.3792  0.9083  0.1766
Z -0.4808  0.0303  0.8763

PART 36
OFFSET  13.1544 -0.7916 -8.2540
X  0.7906 -0.4172  0.4482
Y  0.3792  0.9083  0.1766
Z -0.4808  0.0303  0.8763

PART 37
OFFSET  13.0919  0.2580 -5.1686
X  0.7906 -0.4172  0.4482
Y  0.3792  0.9083  0.1766
Z -0.4808  0.0303  0.8763

PART 38
OFFSET  12.4116 -0.8981 -5.2779
X  0.7906 -0.4172  0.4482
Y  0.3792  0.9083  0.1766
Z -0.4808  0.0303  0.8763

PART 39
OFFSET  12.3534 -1.3061 -6.4030
X  0.7906 -0.4172  0.4482
Y  0.3792  0.9083  0.1766
Z -0.4808  0.0303  0.8763

PART 40
OFFSET  7.8079 -2.5964 -4.8747
X  0.9999  0.0119 -0.0105
Y -0.0121  0.9998 -0.0157
Z  0.0103  0.0158  0.9998

PART 41
OFFSET  7.8079 -2.5964 -4.8747
X  0.9999  0.0119 -0.0105
Y -0.0121  0.9998 -0.0157
Z  0.0103  0.0158  0.9998

PART 42
OFFSET  12.0218 -2.5269 -4.6400
X  0.9999  0.0119 -0.0105
Y -0.0121  0.9998 -0.0157
Z  0.0103  0.0158  0.9998

PART 43
OFFSET  14.4433 -3.3215 -2.8460
X  0.9999  0.0119 -0.0105
Y -0.0121  0.9998 -0.0157
Z  0.0103  0.0158  0.9998

PART 44
OFFSET -13.9227 -7.9373 -3.1869
X -0.6069  0.0171  0.7946
Y -0.1749 -0.9781 -0.1125
Z  0.7753 -0.2072  0.5966

PART 45
OFFSET -6.5832 -8.1445 -12.7969
X -0.8236 -0.3160 -0.4710
Y  0.5116 -0.0555 -0.8574
Z  0.2448 -0.9471  0.2074

PART 46
OFFSET  0.4220 -5.4571 -8.7910
X -0.8236 -0.3160 -0.4710
Y  0.5369 -0.1670 -0.8269
Z  0.1826 -0.9340  0.3072

PART 47
OFFSET  0.9479 -3.8775 -7.7169
X -0.8273 -0.3130 -0.4664
Y -0.2498  0.9487 -0.1937
Z  0.5031 -0.0437 -0.8631

PART 48
OFFSET  0.9218 -4.2773 -6.5876
X -0.8273 -0.3130 -0.4664
Y -0.2498  0.9487 -0.1937
Z  0.5031 -0.0437 -0.8631

PART 49
OFFSET  1.4384 -5.5124 -6.4510
X -0.8273 -0.3130 -0.4664
Y -0.2498  0.9487 -0.1937
Z  0.5031 -0.0437 -0.8631

PART 50
OFFSET  2.9469 -4.4885 -7.3471
X -0.9554 -0.1573 -0.2498
Y  0.2774 -0.1889 -0.9420
Z  0.1009 -0.9693  0.2241

PART 51
OFFSET  3.0676 -3.8374 -6.4177
X -0.4959 -0.6926 -0.5237
Y  0.5676  0.1979 -0.7992
Z  0.6572 -0.6936  0.2950

PART 52
OFFSET  4.0445 -2.3239 -5.2242
X -0.8959 -0.3550  0.2670
Y -0.0643 -0.4912 -0.8687
Z  0.4395 -0.7954  0.4173

PART 53
OFFSET  5.4378 -1.6910 -5.7538
X -0.5245 -0.0144  0.8513
Y -0.6526 -0.6354 -0.4128
Z  0.5468 -0.7720  0.3239

PART 54
OFFSET  5.9911 -1.6294 -6.6822
X -0.8729  0.3544  0.3352
Y  0.0828  0.7849 -0.6141
Z -0.4807 -0.5083 -0.7145

PART 55
OFFSET  4.0320 -4.3619 -8.1897
X -0.9280 -0.2790  0.2469
Y  0.3345 -0.9157  0.2227
Z  0.1640  0.2893  0.9431

PART 56
OFFSET  6.1000 -3.5806 -8.6344
X -0.0937 -0.9920  0.0847
Y  0.9453 -0.1154 -0.3052
Z  0.3125  0.0514  0.9485

PART 57
OFFSET  6.2327 -2.1762 -8.7543
X  0.7751 -0.5896 -0.2271
Y  0.5643  0.8077 -0.1708
Z  0.2842  0.0043  0.9588

PART 58
OFFSET  5.5454 -1.6535 -8.5529
X  0.8974  0.3057 -0.3181
Y -0.3097  0.9500  0.0391
Z  0.3142  0.0635  0.9472

PART 59
OFFSET  4.6928 -1.9439 -8.2507
X -0.5374 -0.8394  0.0818
Y -0.7716  0.5285  0.3539
Z -0.3403  0.1271 -0.9317

PART 60
OFFSET  4.0719 -4.3371 -7.4774
X -0.9656 -0.2548  0.0528
Y  0.2596 -0.9303  0.2590
Z -0.0169  0.2638  0.9644

PART 61
OFFSET  6.5861 -3.7355 -7.7520
X -0.1192 -0.9726  0.1995
Y  0.9396 -0.1754 -0.2939
Z  0.3209  0.1524  0.9348

PART 62
OFFSET  6.7890 -2.0796 -8.0915
X  0.8837 -0.4045 -0.2355
Y  0.3510  0.9055 -0.2384
Z  0.3097  0.1280  0.9422

PART 63
OFFSET  5.5643 -1.5190 -7.7652
X  0.8215  0.4658 -0.3289
Y -0.4824  0.8753  0.0347
Z  0.3040  0.1301  0.9437

PART 64
OFFSET  4.6733 -2.0241 -7.4085
X -0.3825 -0.8752  0.2960
Y -0.8787  0.4437  0.1764
Z -0.2857 -0.1927 -0.9388

PART 65
OFFSET -1.2100 -5.5028 -7.4700
X -0.9245 -0.3810  0.0095
Y -0.3633  0.8736 -0.3237
Z  0.1150 -0.3027 -0.9461

PART 66
OFFSET  6.4981 -4.0934 -5.5800
X -0.9783 -0.2054 -0.0273
Y  0.1999 -0.9703  0.1362
Z -0.0545  0.1278  0.9903

PART 67
OFFSET  8.2206 -3.7319 -5.5319
X -0.9716 -0.2359 -0.0167
Y  0.2285 -0.9548  0.1901
Z -0.0607  0.1809  0.9816

PART 68
OFFSET  9.3981 -3.4341 -5.4520
X -0.9639 -0.2527 -0.0842
Y  0.2359 -0.9567  0.1706
Z -0.1237  0.1446  0.9817

PART 69
OFFSET  10.4868 -3.1487 -5.3569
X  0.0661  0.9866  0.1495
Y  0.9978 -0.0667 -0.0007
Z  0.0093  0.1492 -0.9888

PART 70
OFFSET  6.6791 -4.1413 -6.6688
X -0.2491 -0.9402  0.2325
Y  0.9596 -0.2720 -0.0719
Z  0.1308  0.2052  0.9699

PART 71
OFFSET  7.1657 -2.3047 -7.1229
X  0.8354 -0.5496 -0.0008
Y  0.5267  0.8010 -0.2845
Z  0.1570  0.2373  0.9587

PART 72
OFFSET  5.9455 -1.5018 -7.1218
X  0.8777  0.3935 -0.2737
Y -0.4510  0.8712 -0.1938
Z  0.1622  0.2935  0.9421

PART 73
OFFSET  4.9500 -1.9490 -6.8185
X -0.3953 -0.8769  0.2734
Y -0.8955  0.4342  0.0981
Z -0.2047 -0.2061 -0.9569

PART 74
OFFSET  0.9479 -3.8774 -7.7169
X -0.8273 -0.3130 -0.4664
Y -0.2498  0.9487 -0.1937
Z  0.5031 -0.0437 -0.8631

PART 75
OFFSET  0.9217 -4.2771 -6.5876
X -0.8273 -0.3130 -0.4664
Y -0.2498  0.9487 -0.1937
Z  0.5031 -0.0437 -0.8631

PART 76
OFFSET  1.4384 -5.5124 -6.4511
X -0.8273 -0.3130 -0.4664
Y -0.2498  0.9487 -0.1937
Z  0.5031 -0.0437 -0.8631

PART 77
OFFSET  0.0000 -0.0000 -0.0000
X  1.0000 -0.0000  0.0000
Y  0.0000  1.0000  0.0000
Z  0.0000 -0.0000  1.0000

PART 78
OFFSET  0.0000 -0.0000 -0.0000
X  1.0000 -0.0000  0.0000
Y  0.0000  1.0000  0.0000
Z  0.0000 -0.0000  1.0000

PART 79
OFFSET  1.5404 -0.0000  4.1357
X  1.0000 -0.0000  0.0000
Y  0.0000  1.0000  0.0000
Z  0.0000 -0.0000  1.0000


FRAME 1002
PART 0
OFFSET  0.0000 -0.0000 -0.0000
X  1.0000 -0.0000  0.0000
Y  0.0000  1.0000  0.0000
Z  0.0000 -0.0000  1.0000

PART 1
OFFSET -4.6318 -0.0000 -1.3770
X  1.0000 -0.0000  0.0000
Y  0.0000  1.0000  0.0000
Z  0.0000 -0.0000  1.0000

PART 2
OFFSET -3.3767  5.7860 -3.1869
X  0.7077 -0.1427 -0.6919
Y -0.0063 -0.9806  0.1958
Z -0.7065 -0.1342 -0.6949

PART 3
OFFSET  5.1824  4.0600 -11.5550
X  0.8017 -0.4099  0.4350
Y -0.4729  0.0101  0.8811
Z -0.3655 -0.9121 -0.1857

PART 4
OFFSET  12.0014  0.5739 -7.8550
X  0.8017 -0.4099  0.4350
Y  0.0046  0.7320  0.6813
Z -0.5977 -0.5442  0.5888

PART 5
OFFSET  14.1796  1.4009 -7.4716
X  0.8055 -0.4074  0.4303
Y  0.3700  0.9130  0.1718
Z -0.4628  0.0208  0.8862

PART 6
OFFSET  13.1413 -0.5206 -8.6558
X  0.8055 -0.4074  0.4303
Y  0.3700  0.9130  0.1718
Z -0.4628  0.0208  0.8862

PART 7
OFFSET  13.1282  0.5183 -5.5662
X  0.8055 -0.4074  0.4303
Y  0.3700  0.9130  0.1718
Z -0.4628  0.0208  0.8862

PART 8
OFFSET  12.4620 -0.6470 -5.6654
X  0.8055 -0.4074  0.4303
Y  0.3700  0.9130  0.1718
Z -0.4628  0.0208  0.8862

PART 9
OFFSET  12.3862 -1.0522 -6.7904
X  0.8055 -0.4074  0.4303
Y  0.3700  0.9130  0.1718
Z -0.4628  0.0208  0.8862

PART 10
OFFSET  14.4593 -0.6827 -6.5214
X  0.9795 -0.1819  0.0862
Y  0.0793  0.7423  0.6654
Z -0.1851 -0.6449  0.7415

PART 11
OFFSET  14.9004 -0.3131 -5.5360
X  0.9352  0.0033  0.3541
Y -0.0749  0.9792  0.1886
Z -0.3461 -0.2029  0.9160

PART 12
OFFSET  16.8918 -0.2194 -4.7021
X  0.9554 -0.2922 -0.0434
Y  0.2743  0.8231  0.4973
Z -0.1096 -0.4870  0.8665

PART 13
OFFSET  18.4055 -0.7948 -4.7048
X  0.9553 -0.0081  0.2954
Y -0.0843  0.9506  0.2987
Z -0.2832 -0.3103  0.9075

PART 14
OFFSET  19.4242 -0.8016 -4.3387
X  0.8698  0.3893 -0.3033
Y -0.3113 -0.0441 -0.9493
Z -0.3829  0.9201  0.0828

PART 15
OFFSET  15.1658 -1.7618 -7.0111
X  0.7903 -0.6067 -0.0859
Y -0.3550 -0.5676  0.7428
Z -0.4994 -0.5565 -0.6640

PART 16
OFFSET  16.9707 -3.1135 -7.0163
X -0.1118 -0.1686  0.9793
Y -0.6811  0.7306  0.0480
Z -0.7236 -0.6616 -0.1965

PART 17
OFFSET  16.8123 -3.3522 -5.6298
X -0.3522  0.1206  0.9281
Y -0.6157  0.7171 -0.3268
Z -0.7049 -0.6865 -0.1783

PART 18
OFFSET  16.5001 -3.2453 -4.8068
X -0.5149  0.3418  0.7862
Y -0.4306  0.6899 -0.5820
Z -0.7413 -0.6381 -0.2080

PART 19
OFFSET  16.0109 -2.9205 -4.0600
X  0.7713 -0.6022 -0.2059
Y -0.0874  0.2202 -0.9715
Z  0.6304  0.7673  0.1172

PART 20
OFFSET  15.4598 -1.2184 -6.6535
X  0.9067 -0.4050 -0.1178
Y -0.2084 -0.6730  0.7096
Z -0.3667 -0.6189 -0.6946

PART 21
OFFSET  17.7341 -2.4694 -6.7988
X  0.0219 -0.5798  0.8145
Y -0.6276  0.6262  0.4626
Z -0.7783 -0.5213 -0.3502

PART 22
OFFSET  17.7713 -3.4565 -5.4121
X -0.4891  0.1727  0.8549
Y -0.4069  0.8218 -0.3988
Z -0.7715 -0.5429 -0.3317

PART 23
OFFSET  17.0934 -3.2171 -4.2272
X -0.6099  0.4642  0.6423
Y -0.1922  0.6996 -0.6882
Z -0.7688 -0.5432 -0.3374

PART 24
OFFSET  16.4320 -2.7136 -3.5306
X  0.5717 -0.8067 -0.1497
Y  0.2253  0.3298 -0.9168
Z  0.7890  0.4903  0.3703

PART 25
OFFSET  17.5056 -0.4107 -4.8017
X  0.8548 -0.4941  0.1586
Y  0.4646  0.5927 -0.6578
Z  0.2310  0.6360  0.7363

PART 26
OFFSET  18.4046 -0.5921 -5.9592
X  0.5399 -0.8283  0.1498
Y -0.5548 -0.2164  0.8033
Z -0.6330 -0.5168 -0.5764

PART 27
OFFSET  19.3553 -2.0504 -5.6955
X -0.1322 -0.7468  0.6518
Y -0.7899  0.4766  0.3859
Z -0.5988 -0.4638 -0.6529

PART 28
OFFSET  19.2309 -2.9302 -4.8635
X -0.5778 -0.1632  0.7997
Y -0.5237  0.8256 -0.2098
Z -0.6260 -0.5401 -0.5625

PART 29
OFFSET  18.5783 -3.1145 -3.9602
X  0.4848 -0.8441 -0.2291
Y  0.4730  0.4734 -0.7431
Z  0.7357  0.2519  0.6287

PART 30
OFFSET  18.1809 -1.4936 -6.5573
X  0.2286 -0.7493  0.6216
Y -0.7268  0.2935  0.6210
Z -0.6477 -0.5937 -0.4775

PART 31
OFFSET  18.6275 -2.9574 -5.3430
X -0.4799 -0.1562  0.8633
Y -0.5570  0.8145 -0.1622
Z -0.6779 -0.5587 -0.4779

PART 32
OFFSET  17.9265 -3.1856 -4.0820
X -0.7153  0.3755  0.5894
Y -0.1141  0.7694 -0.6286
Z -0.6894 -0.5168 -0.5075

PART 33
OFFSET  17.1115 -2.7645 -3.4177
X  0.6654 -0.7463 -0.0180
Y  0.3207  0.3076 -0.8958
Z  0.6741  0.5903  0.4440

PART 34
OFFSET  16.7902 -2.5588 -5.5163
X -0.4220 -0.6293 -0.6527
Y  0.1851  0.6449 -0.7415
Z  0.8875 -0.4337 -0.1557

PART 35
OFFSET  13.9486  0.8086 -8.0113
X  0.8055 -0.4074  0.4303
Y  0.3700  0.9130  0.1718
Z -0.4628  0.0208  0.8862

PART 36
OFFSET  13.1413 -0.5206 -8.6558
X  0.8055 -0.4074  0.4303
Y  0.3700  0.9130  0.1718
Z -0.4628  0.0208  0.8862

PART 37
OFFSET  13.1282  0.5183 -5.5662
X  0.8055 -0.4074  0.4303
Y  0.3700  0.9130  0.1718
Z -0.4628  0.0208  0.8862

PART 38
OFFSET  12.4620 -0.6470 -5.6654
X  0.8055 -0.4074  0.4303
Y  0.3700  0.9130  0.1718
Z -0.4628  0.0208  0.8862

PART 39
OFFSET  12.3862 -1.0522 -6.7904
X  0.8055 -0.4074  0.4303
Y  0.3700  0.9130  0.1718
Z -0.4628  0.0208  0.8862

PART 40
OFFSET  7.9219 -2.4768 -5.0521
X  0.9982  0.0449 -0.0392
Y -0.0471  0.9972 -0.0588
Z  0.0364  0.0605  0.9975

PART 41
OFFSET  7.9219 -2.4768 -5.0521
X  0.9982  0.0449 -0.0392
Y -0.0471  0.9972 -0.0588
Z  0.0364  0.0605  0.9975

PART 42
OFFSET  12.1357 -2.2559 -4.9395
X  0.9982  0.0449 -0.0392
Y -0.0471  0.9972 -0.0588
Z  0.0364  0.0605  0.9975

PART 43
OFFSET  14.6303 -2.8886 -3.1815
X  0.9982  0.0449 -0.0392
Y -0.0471  0.9972 -0.0588
Z  0.0364  0.0605  0.9975

PART 44
OFFSET -13.9227 -7.9373 -3.1869
X -0.6125  0.0194  0.7903
Y -0.1834 -0.9759 -0.1182
Z  0.7689 -0.2173  0.6013

PART 45
OFFSET -6.5155 -8.1716 -12.7441
X -0.8280 -0.3053 -0.4703
Y  0.5095 -0.0594 -0.8584
Z  0.2342 -0.9504  0.2048

PART 46
OFFSET  0.5269 -5.5745 -8.7439
X -0.8280 -0.3053 -0.4703
Y  0.5345 -0.1764 -0.8265
Z  0.1694 -0.9358  0.3093

PART 47
OFFSET  1.0728 -4.0035 -7.6671
X -0.8317 -0.3024 -0.4657
Y -0.2391  0.9520 -0.1911
Z  0.5012 -0.0476 -0.8640

PART 48
OFFSET  1.0440 -4.4056 -6.5387
X -0.8317 -0.3024 -0.4657
Y -0.2391  0.9520 -0.1911
Z  0.5012 -0.0476 -0.8640

PART 49
OFFSET  1.5465 -5.6469 -6.4057
X -0.8317 -0.3024 -0.4657
Y -0.2391  0.9520 -0.1911
Z  0.5012 -0.0476 -0.8640

PART 50
OFFSET  3.0653 -4.6384 -7.3020
X -0.9557 -0.2001 -0.2157
Y  0.2585 -0.2212 -0.9403
Z  0.1404 -0.9545  0.2631

PART 51
OFFSET  3.1880 -3.9430 -6.4056
X -0.4854 -0.7314 -0.4790
Y  0.5389  0.1811 -0.8227
Z  0.6885 -0.6574  0.3063

PART 52
OFFSET  4.1434 -2.3462 -5.3070
X -0.8756 -0.3726  0.3073
Y -0.0703 -0.5311 -0.8444
Z  0.4778 -0.7610  0.4389

PART 53
OFFSET  5.4993 -1.6912 -5.9026
X -0.5008  0.0059  0.8655
Y -0.6409 -0.6746 -0.3663
Z  0.5817 -0.7382  0.3416

PART 54
OFFSET  6.0252 -1.6523 -6.8480
X -0.8755  0.3395  0.3440
Y  0.0391  0.7592 -0.6497
Z -0.4817 -0.5553 -0.6779

PART 55
OFFSET  4.1225 -4.5130 -8.1796
X -0.9109 -0.2986  0.2849
Y  0.3719 -0.8932  0.2528
Z  0.1790  0.3362  0.9246

PART 56
OFFSET  6.1495 -3.6835 -8.7159
X -0.0570 -0.9898  0.1303
Y  0.9402 -0.0971 -0.3264
Z  0.3357  0.1039  0.9362

PART 57
OFFSET  6.2302 -2.2822 -8.9004
X  0.7888 -0.5728 -0.2230
Y  0.5312  0.8178 -0.2216
Z  0.3093  0.0563  0.9493

PART 58
OFFSET  5.5308 -1.7743 -8.7027
X  0.8775  0.3211 -0.3563
Y -0.3413  0.9399  0.0065
Z  0.3369  0.1159  0.9344

PART 59
OFFSET  4.6972 -2.0794 -8.3642
X -0.5056 -0.8524  0.1333
Y -0.7798  0.5176  0.3522
Z -0.3692  0.0741 -0.9264

PART 60
OFFSET  4.1805 -4.4553 -7.4704
X -0.9544 -0.2843  0.0910
Y  0.2986 -0.9087  0.2918
Z -0.0003  0.3056  0.9522

PART 61
OFFSET  6.6641 -3.7828 -7.8416
X -0.0800 -0.9663  0.2448
Y  0.9369 -0.1567 -0.3124
Z  0.3402  0.2044  0.9179

PART 62
OFFSET  6.8003 -2.1377 -8.2584
X  0.8906 -0.3848 -0.2425
Y  0.3129  0.9053 -0.2873
Z  0.3300  0.1800  0.9266

PART 63
OFFSET  5.5660 -1.6044 -7.9224
X  0.7958  0.4780 -0.3718
Y -0.5114  0.8593  0.0102
Z  0.3244  0.1820  0.9282

PART 64
OFFSET  4.7029 -2.1228 -7.5191
X -0.3439 -0.8735  0.3445
Y -0.8885  0.4214  0.1816
Z -0.3038 -0.2436 -0.9211

PART 65
OFFSET -1.0558 -5.7957 -7.2636
X -0.9102 -0.4109  0.0521
Y -0.4019  0.8458 -0.3510
Z  0.1002 -0.3404 -0.9349

PART 66
OFFSET  6.6465 -4.0466 -5.6545
X -0.9710 -0.2390  0.0092
Y  0.2370 -0.9561  0.1726
Z -0.0324  0.1698  0.9850

PART 67
OFFSET  8.3561 -3.6259 -5.6707
X -0.9630 -0.2688  0.0210
Y  0.2665 -0.9372  0.2249
Z -0.0408  0.2222  0.9742

PART 68
OFFSET  9.5243 -3.2856 -5.6371
X -0.9564 -0.2883 -0.0460
Y  0.2734 -0.9397  0.2053
Z -0.1024  0.1838  0.9776

PART 69
OFFSET  10.6046 -2.9600 -5.5851
X  0.0358  0.9939  0.1046
Y  0.9991 -0.0332 -0.0259
Z -0.0223  0.1054 -0.9942

PART 70
OFFSET  6.7999 -4.1367 -6.7448
X -0.2101 -0.9367  0.2800
Y  0.9662 -0.2427 -0.0870
Z  0.1495  0.2523  0.9560

PART 71
OFFSET  7.2103 -2.3068 -7.2919
X  0.8536 -0.5209 -0.0005
Y  0.4908  0.8048 -0.3338
Z  0.1742  0.2847  0.9426

PART 72
OFFSET  5.9634 -1.5460 -7.2913
X  0.8559  0.4101 -0.3152
Y -0.4860  0.8462 -0.2187
Z  0.1770  0.3403  0.9235

PART 73
OFFSET  4.9925 -2.0123 -6.9410
X -0.3572 -0.8767  0.3223
Y -0.9070  0.4079  0.1043
Z -0.2229 -0.2551 -0.9409

PART 74
OFFSET  1.0728 -4.0035 -7.6671
X -0.8317 -0.3024 -0.4657
Y -0.2391  0.9520 -0.1911
Z  0.5012 -0.0476 -0.8640

PART 75
OFFSET  1.0439 -4.4054 -6.5386
X -0.8317 -0.3024 -0.4657
Y -0.2391  0.9520 -0.1911
Z  0.5012 -0.0476 -0.8640

PART 76
OFFSET  1.5465 -5.6469 -6.4058
X -0.8317 -0.3024 -0.4657
Y -0.2391  0.9520 -0.1911
Z  0.5012 -0.0476 -0.8640

PART 77
OFFSET  0.0000 -0.0000 -0.0000
X  1.0000 -0.0000  0.0000
Y  0.0000  1.0000  0.0000
Z  0.0000 -0.0000  1.0000

PART 78
OFFSET  0.0000 -0.0000 -0.0000
X  1.0000 -0.0000  0.0000
Y  0.0000  1.0000  0.0000
Z  0.0000 -0.0000  1.0000

PART 79
OFFSET  1.5404 -0.0000  4.1357
X  1.0000 -0.0000  0.0000
Y  0.0000  1.0000  0.0000
Z  0.0000 -0.0000  1.0000


FRAME 1003
PART 0
OFFSET  0.0000 -0.0000 -0.0000
X  1.0000 -0.0000  0.0000
Y  0.0000  1.0000  0.0000
Z  0.0000 -0.0000  1.0000

PART 1
OFFSET -4.6318 -0.0000 -1.3770
X  1.0000 -0.0000  0.0000
Y  0.0000  1.0000  0.0000
Z  0.0000 -0.0000  1.0000

PART 2
OFFSET -3.3449  5.7860 -3.1869
X  0.6858 -0.1253 -0.7169
Y  0.0225 -0.9809  0.1930
Z -0.7275 -0.1485 -0.6699

PART 3
OFFSET  4.9488  4.2701 -11.8575
X  0.8250 -0.3928  0.4062
Y -0.4425 -0.0020  0.8968
Z -0.3515 -0.9196 -0.1754

PART 4
OFFSET  11.9661  0.9289 -8.4026
X  0.8250 -0.3928  0.4062
Y  0.0578  0.7738  0.6308
Z -0.5621 -0.4970  0.6611

PART 5
OFFSET  14.1374  1.8032 -8.0919
X  0.8286 -0.3903  0.4013
Y  0.3555  0.9207  0.1614
Z -0.4325  0.0089  0.9016

PART 6
OFFSET  13.1017 -0.1386 -9.2447
X  0.8286 -0.3903  0.4013
Y  0.3555  0.9207  0.1614
Z -0.4325  0.0089  0.9016

PART 7
OFFSET  13.1718  0.8942 -6.1538
X  0.8286 -0.3903  0.4013
Y  0.3555  0.9207  0.1614
Z -0.4325  0.0089  0.9016

PART 8
OFFSET  12.5285 -0.2854 -6.2331
X  0.8286 -0.3903  0.4013
Y  0.3555  0.9207  0.1614
Z -0.4325  0.0089  0.9016

PART 9
OFFSET  12.4230 -0.6902 -7.3559
X  0.8286 -0.3903  0.4013
Y  0.3555  0.9207  0.1614
Z -0.4325  0.0089  0.9016

PART 10
OFFSET  14.4954 -0.2753 -7.1573
X  0.9904 -0.1250  0.0584
Y  0.0641  0.7915  0.6078
Z -0.1222 -0.5982  0.7920

PART 11
OFFSET  14.9526  0.1867 -6.2193
X  0.9463  0.0767  0.3142
Y -0.1204  0.9852  0.1222
Z -0.3001 -0.1535  0.9415

PART 12
OFFSET  16.9659  0.4419 -5.4768
X  0.9674 -0.2454 -0.0620
Y  0.2480  0.8698  0.4265
Z -0.0507 -0.4280  0.9024

PART 13
OFFSET  18.5072 -0.0541 -5.5013
X  0.9648  0.0621  0.2556
Y -0.1242  0.9642  0.2344
Z -0.2319 -0.2579  0.9379

PART 14
OFFSET  19.5377  0.0176 -5.1779
X  0.8356  0.4102 -0.3655
Y -0.3438 -0.1285 -0.9302
Z -0.4285  0.9029  0.0337

PART 15
OFFSET  15.2403 -1.3495 -7.5986
X  0.8180 -0.5702 -0.0755
Y -0.2959 -0.5298  0.7948
Z -0.4932 -0.6279 -0.6021

PART 16
OFFSET  17.1138 -2.6042 -7.5831
X -0.0659 -0.1028  0.9925
Y -0.7172  0.6965  0.0245
Z -0.6938 -0.7102 -0.1196

PART 17
OFFSET  17.0206 -2.7497 -6.1779
X -0.3232  0.1693  0.9311
Y -0.6652  0.6592 -0.3507
Z -0.6731 -0.7327 -0.1004

PART 18
OFFSET  16.7340 -2.5996 -5.3524
X -0.5028  0.3711  0.7807
Y -0.4886  0.6231 -0.6108
Z -0.7131 -0.6885 -0.1320

PART 19
OFFSET  16.2564 -2.2471 -4.6107
X  0.7944 -0.5754 -0.1946
Y -0.1354  0.1446 -0.9802
Z  0.5921  0.8050  0.0370

PART 20
OFFSET  15.5177 -0.7675 -7.2924
X  0.9221 -0.3656 -0.1263
Y -0.1451 -0.6297  0.7632
Z -0.3586 -0.6854 -0.6337

PART 21
OFFSET  17.8491 -1.9079 -7.4430
X  0.0835 -0.5175  0.8516
Y -0.6426  0.6252  0.4429
Z -0.7616 -0.5843 -0.2803

PART 22
OFFSET  17.9913 -2.7889 -5.9931
X -0.4654  0.2089  0.8601
Y -0.4652  0.7690 -0.4385
Z -0.7530 -0.6042 -0.2607

PART 23
OFFSET  17.3463 -2.4993 -4.8011
X -0.6095  0.4777  0.6327
Y -0.2552  0.6373 -0.7271
Z -0.7506 -0.6047 -0.2665

PART 24
OFFSET  16.6852 -1.9812 -4.1150
X  0.6083 -0.7852 -0.1161
Y  0.1727  0.2737 -0.9462
Z  0.7747  0.5555  0.3021

PART 25
OFFSET  17.5849  0.2755 -5.5878
X  0.8855 -0.4370  0.1576
Y  0.4071  0.5666 -0.7164
Z  0.2238  0.6986  0.6796

PART 26
OFFSET  18.4484  0.0570 -6.7657
X  0.5890 -0.7866  0.1853
Y -0.5119 -0.1858  0.8387
Z -0.6253 -0.5888 -0.5121

PART 27
OFFSET  19.4855 -1.3280 -6.4396
X -0.0673 -0.7035  0.7075
Y -0.7995  0.4623  0.3836
Z -0.5969 -0.5398 -0.5935

PART 28
OFFSET  19.4399 -2.1504 -5.5434
X -0.5378 -0.1342  0.8323
Y -0.5749  0.7805 -0.2456
Z -0.6166 -0.6106 -0.4969

PART 29
OFFSET  18.8325 -2.3021 -4.6033
X  0.5206 -0.8326 -0.1890
Y  0.4187  0.4419 -0.7934
Z  0.7441  0.3339  0.5786

PART 30
OFFSET  18.2514 -0.8957 -7.2893
X  0.2917 -0.6897  0.6627
Y -0.7178  0.3001  0.6283
Z -0.6322 -0.6590 -0.4075

PART 31
OFFSET  18.8213 -2.2431 -5.9946
X -0.4381 -0.1177  0.8912
Y -0.6057  0.7712 -0.1960
Z -0.6642 -0.6256 -0.4091

PART 32
OFFSET  18.1813 -2.4149 -4.6929
X -0.7119  0.3801  0.5905
Y -0.1788  0.7150 -0.6758
Z -0.6791 -0.5867 -0.4411

PART 33
OFFSET  17.3703 -1.9891 -4.0268
X  0.7035 -0.7107  0.0071
Y  0.2699  0.2580 -0.9277
Z  0.6574  0.6545  0.3733

PART 34
OFFSET  16.9600 -1.9524 -6.1197
X -0.4116 -0.6956 -0.5889
Y  0.1222  0.5982 -0.7920
Z  0.9031 -0.3979 -0.1613

PART 35
OFFSET  13.9011  1.2070 -8.6250
X  0.8286 -0.3903  0.4013
Y  0.3555  0.9207  0.1614
Z -0.4325  0.0089  0.9016

PART 36
OFFSET  13.1017 -0.1386 -9.2447
X  0.8286 -0.3903  0.4013
Y  0.3555  0.9207  0.1614
Z -0.4325  0.0089  0.9016

PART 37
OFFSET  13.1718  0.8942 -6.1538
X  0.8286 -0.3903  0.4013
Y  0.3555  0.9207  0.1614
Z -0.4325  0.0089  0.9016

PART 38
OFFSET  12.5285 -0.2854 -6.2331
X  0.8286 -0.3903  0.4013
Y  0.3555  0.9207  0.1614
Z -0.4325  0.0089  0.9016

PART 39
OFFSET  12.4230 -0.6902 -7.3559
X  0.8286 -0.3903  0.4013
Y  0.3555  0.9207  0.1614
Z -0.4325  0.0089  0.9016

PART 40
OFFSET  8.1113 -2.3059 -5.3163
X  0.9921  0.0947 -0.0817
Y -0.1043  0.9869 -0.1228
Z  0.0690  0.1304  0.9891

PART 41
OFFSET  8.1113 -2.3059 -5.3163
X  0.9921  0.0947 -0.0817
Y -0.1043  0.9869 -0.1228
Z  0.0690  0.1304  0.9891

PART 42
OFFSET  12.3077 -1.8560 -5.3863
X  0.9921  0.0947 -0.0817
Y -0.1043  0.9869 -0.1228
Z  0.0690  0.1304  0.9891

PART 43
OFFSET  14.8954 -2.2346 -3.6909
X  0.9921  0.0947 -0.0817
Y -0.1043  0.9869 -0.1228
Z  0.0690  0.1304  0.9891

PART 44
OFFSET -13.9227 -7.9373 -3.1869
X -0.6246  0.0220  0.7807
Y -0.1956 -0.9721 -0.1291
Z  0.7561 -0.2333  0.6115

PART 45
OFFSET -6.3693 -8.2029 -12.6282
X -0.8359 -0.2881 -0.4671
Y  0.5040 -0.0663 -0.8611
Z  0.2171 -0.9553  0.2006

PART 46
OFFSET  0.7407 -5.7526 -8.6550
X -0.8359 -0.2881 -0.4671
Y  0.5281 -0.1904 -0.8276
Z  0.1495 -0.9385  0.3113

PART 47
OFFSET  1.3216 -4.1957 -7.5760
X -0.8395 -0.2851 -0.4625
Y -0.2220  0.9570 -0.1869
Z  0.4959 -0.0542 -0.8667

PART 48
OFFSET  1.2907 -4.6008 -6.4487
X -0.8395 -0.2851 -0.4625
Y -0.2220  0.9570 -0.1869
Z  0.4959 -0.0542 -0.8667

PART 49
OFFSET  1.7703 -5.8518 -6.3222
X -0.8395 -0.2851 -0.4625
Y -0.2220  0.9570 -0.1869
Z  0.4959 -0.0542 -0.8667

PART 50
OFFSET  3.3034 -4.8693 -7.2229
X -0.9504 -0.2645 -0.1638
Y  0.2362 -0.2710 -0.9331
Z  0.2024 -0.9255  0.3200

PART 51
OFFSET  3.4199 -4.1088 -6.3801
X -0.4612 -0.7870 -0.4097
Y  0.4980  0.1526 -0.8537
Z  0.7344 -0.5978  0.3215

PART 52
OFFSET  4.3246 -2.3924 -5.4287
X -0.8420 -0.3964  0.3659
Y -0.0713 -0.5906 -0.8038
Z  0.5347 -0.7029  0.4690

PART 53
OFFSET  5.6197 -1.7091 -6.1199
X -0.4688  0.0386  0.8825
Y -0.6154 -0.7309 -0.2950
Z  0.6336 -0.6814  0.3664

PART 54
OFFSET  6.1082 -1.7073 -7.0860
X -0.8799  0.3156  0.3553
Y -0.0264  0.7140 -0.6996
Z -0.4745 -0.6250 -0.6199

PART 55
OFFSET  4.3197 -4.7487 -8.1482
X -0.8821 -0.3261  0.3400
Y  0.4296 -0.8530  0.2964
Z  0.1934  0.4076  0.8925

PART 56
OFFSET  6.2770 -3.8521 -8.8186
X  0.0026 -0.9802  0.1978
Y  0.9318 -0.0695 -0.3564
Z  0.3631  0.1852  0.9132

PART 57
OFFSET  6.2734 -2.4643 -9.0986
X  0.8107 -0.5443 -0.2158
Y  0.4768  0.8276 -0.2963
Z  0.3398  0.1373  0.9304

PART 58
OFFSET  5.5546 -1.9817 -8.9073
X  0.8449  0.3418 -0.4114
Y -0.3923  0.9188 -0.0423
Z  0.3636  0.1971  0.9105

PART 59
OFFSET  4.7519 -2.3064 -8.5165
X -0.4525 -0.8668  0.2096
Y -0.7940  0.4986  0.3479
Z -0.4060 -0.0090 -0.9138

PART 60
OFFSET  4.4000 -4.6396 -7.4473
X -0.9333 -0.3274  0.1476
Y  0.3587 -0.8696  0.3393
Z  0.0172  0.3696  0.9290

PART 61
OFFSET  6.8276 -3.8640 -7.9608
X -0.0175 -0.9501  0.3113
Y  0.9323 -0.1281 -0.3384
Z  0.3614  0.2843  0.8880

PART 62
OFFSET  6.8575 -2.2464 -8.4908
X  0.9012 -0.3530 -0.2517
Y  0.2518  0.8988 -0.3589
Z  0.3529  0.2601  0.8988

PART 63
OFFSET  5.6085 -1.7572 -8.1420
X  0.7542  0.4928 -0.4341
Y -0.5574  0.8298 -0.0264
Z  0.3472  0.2619  0.9005

PART 64
OFFSET  4.7906 -2.2916 -7.6712
X -0.2824 -0.8649  0.4150
Y -0.9033  0.3854  0.1885
Z -0.3230 -0.3217 -0.8901

PART 65
OFFSET -0.7433 -6.2370 -6.9439
X -0.8836 -0.4538  0.1154
Y -0.4605  0.7974 -0.3900
Z  0.0850 -0.3977 -0.9136

PART 66
OFFSET  6.9037 -3.9783 -5.7620
X -0.9553 -0.2887  0.0637
Y  0.2955 -0.9282  0.2260
Z -0.0062  0.2347  0.9720

PART 67
OFFSET  8.5857 -3.4701 -5.8741
X -0.9452 -0.3171  0.0771
Y  0.3259 -0.9043  0.2758
Z -0.0178  0.2858  0.9581

PART 68
OFFSET  9.7337 -3.0672 -5.9096
X -0.9401 -0.3408  0.0113
Y  0.3322 -0.9078  0.2562
Z -0.0770  0.2446  0.9666

PART 69
OFFSET  10.7955 -2.6823 -5.9224
X -0.0155  0.9992  0.0369
Y  0.9978  0.0178 -0.0634
Z -0.0640  0.0359 -0.9973

PART 70
OFFSET  7.0223 -4.1345 -6.8492
X -0.1477 -0.9252  0.3497
Y  0.9744 -0.1968 -0.1091
Z  0.1698  0.3246  0.9305

PART 71
OFFSET  7.3108 -2.3272 -7.5323
X  0.8806 -0.4739  0.0001
Y  0.4332  0.8048 -0.4057
Z  0.1922  0.3573  0.9140

PART 72
OFFSET  6.0247 -1.6349 -7.5325
X  0.8199  0.4321 -0.3755
Y -0.5396  0.8025 -0.2548
Z  0.1912  0.4115  0.8911

PART 73
OFFSET  5.0943 -2.1267 -7.1137
X -0.2963 -0.8702  0.3937
Y -0.9238  0.3657  0.1130
Z -0.2423 -0.3302 -0.9123

PART 74
OFFSET  1.3215 -4.1956 -7.5759
X -0.8395 -0.2851 -0.4625
Y -0.2220  0.9570 -0.1869
Z  0.4959 -0.0542 -0.8667

PART 75
OFFSET  1.2906 -4.6006 -6.4487
X -0.8395 -0.2851 -0.4625
Y -0.2220  0.9570 -0.1869
Z  0.4959 -0.0542 -0.8667

PART 76
OFFSET  1.7703 -5.8518 -6.3223
X -0.8395 -0.2851 -0.4625
Y -0.2220  0.9570 -0.1869
Z  0.4959 -0.0542 -0.8667

PART 77
OFFSET  0.0000 -0.0000 -0.0000
X  1.0000 -0.0000  0.0000
Y  0.0000  1.0000  0.0000
