// Export filename: `C:\projects\cod\t5\xanim_export\t5_viewmodels\ak74u\ak74u_dualclip_grip_reload_empty_quick.XANIM_EXPORT`
// Source filename: `D:\projects\devanim\t5\animation_assets\viewmodels\ak74u/t5_viewmodel_ak74u_animated.fbx`
// Export time: Sat Aug 28 20:04:47 2010

ANIMATION
VERSION 3

NUMPARTS 80
PART 0 "tag_ads"
PART 1 "tag_torso"
PART 2 "J_Shoulder_LE"
PART 3 "J_Elbow_LE"
PART 4 "J_WristTwist_LE"
PART 5 "J_Sleave_Reshape_Bottom_LE_1"
PART 6 "J_Sleave_Reshape_Bottom_LE_2"
PART 7 "J_Sleave_Reshape_Top_LE_1"
PART 8 "J_Sleave_Reshape_Top_LE_2"
PART 9 "J_Sleave_Reshape_Top_LE_3"
PART 10 "J_Wrist_LE"
PART 11 "J_Thumb_LE_0"
PART 12 "J_Thumb_LE_1"
PART 13 "J_Thumb_LE_2"
PART 14 "J_Thumb_LE_3"
PART 15 "J_PinkyPalm_LE"
PART 16 "J_Pinky_LE_0"
PART 17 "J_Pinky_LE_1"
PART 18 "J_Pinky_LE_2"
PART 19 "J_Pinky_LE_3"
PART 20 "J_RingPalm_LE"
PART 21 "J_Ring_LE_0"
PART 22 "J_Ring_LE_1"
PART 23 "J_Ring_LE_2"
PART 24 "J_Ring_LE_3"
PART 25 "J_Webbing_LE"
PART 26 "J_Index_LE_0"
PART 27 "J_Index_LE_1"
PART 28 "J_Index_LE_2"
PART 29 "J_Index_LE_3"
PART 30 "J_Mid_LE_0"
PART 31 "J_Mid_LE_1"
PART 32 "J_Mid_LE_2"
PART 33 "J_Mid_LE_3"
PART 34 "tag_knife_attach"
PART 35 "D_Sleave_Reshape_Bottom_LE_1"
PART 36 "D_Sleave_Reshape_Bottom_LE_2"
PART 37 "D_Sleave_Reshape_Top_LE_1"
PART 38 "D_Sleave_Reshape_Top_LE_2"
PART 39 "D_Sleave_Reshape_Top_LE_3"
PART 40 "tag_weapon"
PART 41 "J_Gun"
PART 42 "J_Bolt"
PART 43 "TAG_DUAL_CLIP"
PART 44 "J_Shoulder_RI"
PART 45 "J_Elbow_RI"
PART 46 "J_WristTwist_RI"
PART 47 "J_Sleave_Reshape_Top_RI_3"
PART 48 "J_Sleave_Reshape_Top_RI_2"
PART 49 "J_Sleave_Reshape_Top_RI_1"
PART 50 "J_Wrist_RI"
PART 51 "J_Thumb_RI_0"
PART 52 "J_Thumb_RI_1"
PART 53 "J_Thumb_RI_2"
PART 54 "J_Thumb_RI_3"
PART 55 "J_PinkyPalm_RI"
PART 56 "J_Pinky_RI_0"
PART 57 "J_Pinky_RI_1"
PART 58 "J_Pinky_RI_2"
PART 59 "J_Pinky_RI_3"
PART 60 "J_RingPalm_RI"
PART 61 "J_Ring_RI_0"
PART 62 "J_Ring_RI_1"
PART 63 "J_Ring_RI_2"
PART 64 "J_Ring_RI_3"
PART 65 "J_Webbing_RI"
PART 66 "J_Index_RI_0"
PART 67 "J_Index_RI_1"
PART 68 "J_Index_RI_2"
PART 69 "J_Index_RI_3"
PART 70 "J_Mid_RI_0"
PART 71 "J_Mid_RI_1"
PART 72 "J_Mid_RI_2"
PART 73 "J_Mid_RI_3"
PART 74 "D_Sleave_Reshape_Top_RI_3"
PART 75 "D_Sleave_Reshape_Top_RI_2"
PART 76 "D_Sleave_Reshape_Top_RI_1"
PART 77 "tag_cambone"
PART 78 "tag_camera"
PART 79 "tag_gasmask"

FRAMERATE 30
NUMFRAMES 84

FRAME 5900
PART 0
OFFSET  0.0000 -0.0000 -0.0000
X  1.0000 -0.0000  0.0000
Y  0.0000  1.0000  0.0000
Z  0.0000 -0.0000  1.0000

PART 1
OFFSET -4.6318 -0.0000 -1.3770
X  1.0000 -0.0000  0.0000
Y  0.0000  1.0000  0.0000
Z  0.0000 -0.0000  1.0000

PART 2
OFFSET -1.6642  7.9373 -3.1869
X  0.7233 -0.2668 -0.6370
Y -0.1082 -0.9548  0.2770
Z -0.6820 -0.1315 -0.7194

PART 3
OFFSET  7.0828  4.7109 -10.8903
X  0.8419 -0.4587  0.2842
Y -0.3114  0.0172  0.9501
Z -0.4407 -0.8884 -0.1284

PART 4
OFFSET  14.2434  0.8091 -8.4727
X  0.8419 -0.4587  0.2842
Y -0.3424 -0.0470  0.9384
Z -0.4171 -0.8873 -0.1966

PART 5
OFFSET  16.4963  1.5160 -8.4668
X  0.8449 -0.4564  0.2789
Y  0.4428  0.8894  0.1139
Z -0.3000  0.0273  0.9535

PART 6
OFFSET  15.1663 -0.3265 -9.4711
X  0.8449 -0.4564  0.2789
Y  0.4428  0.8894  0.1139
Z -0.3000  0.0273  0.9535

PART 7
OFFSET  15.7460  0.6517 -6.4162
X  0.8449 -0.4564  0.2789
Y  0.4428  0.8894  0.1139
Z -0.3000  0.0273  0.9535

PART 8
OFFSET  15.0110 -0.4759 -6.4095
X  0.8449 -0.4564  0.2789
Y  0.4428  0.8894  0.1139
Z -0.3000  0.0273  0.9535

PART 9
OFFSET  14.7192 -0.8548 -7.5081
X  0.8449 -0.4564  0.2789
Y  0.4428  0.8894  0.1139
Z -0.3000  0.0273  0.9535

PART 10
OFFSET  16.8243 -0.5972 -7.6013
X  0.8454 -0.3940  0.3606
Y -0.3904  0.0049  0.9206
Z -0.3645 -0.9191 -0.1497

PART 11
OFFSET  16.6782 -1.1471 -6.6121
X  0.1769 -0.8655  0.4686
Y -0.5291  0.3178  0.7868
Z -0.8299 -0.3871 -0.4017

PART 12
OFFSET  16.9610 -3.0046 -5.5447
X  0.7292 -0.6256 -0.2774
Y -0.2044 -0.5859  0.7842
Z -0.6531 -0.5151 -0.5551

PART 13
OFFSET  18.0771 -4.0373 -6.1014
X  0.5254 -0.0018 -0.8509
Y  0.3954 -0.8850  0.2460
Z -0.7534 -0.4657 -0.4642

PART 14
OFFSET  18.6175 -4.0756 -7.0386
X  0.9533  0.1154 -0.2792
Y  0.1506  0.6196  0.7703
Z  0.2619 -0.7764  0.5733

PART 15
OFFSET  17.8841 -1.1216 -8.3121
X  0.9004 -0.3653 -0.2363
Y -0.4126 -0.8894 -0.1968
Z -0.1383  0.2747 -0.9515

PART 16
OFFSET  19.8766 -2.0916 -8.7286
X  0.1824 -0.9765  0.1148
Y -0.9743 -0.1638  0.1548
Z -0.1324 -0.1401 -0.9812

PART 17
OFFSET  20.1349 -3.4741 -8.5661
X -0.9452 -0.2896  0.1507
Y -0.3110  0.9391 -0.1462
Z -0.0992 -0.1851 -0.9777

PART 18
OFFSET  19.2968 -3.7309 -8.4325
X -0.8935  0.4466  0.0466
Y  0.4351  0.8867 -0.1563
Z -0.1112 -0.1194 -0.9866

PART 19
OFFSET  18.4479 -3.3065 -8.3881
X  0.4263 -0.8810  0.2051
Y  0.8894  0.3669 -0.2727
Z  0.1650  0.2987  0.9400

PART 20
OFFSET  17.8614 -1.0767 -7.6001
X  0.9222 -0.3820  0.0595
Y -0.3643 -0.9101 -0.1973
Z  0.1296  0.1603 -0.9785

PART 21
OFFSET  20.2822 -2.0243 -7.5866
X  0.0244 -0.9967 -0.0768
Y -0.9973 -0.0296  0.0672
Z -0.0693  0.0750 -0.9948

PART 22
OFFSET  20.3237 -3.7213 -7.7173
X -0.9898 -0.1318  0.0540
Y -0.1287  0.9901  0.0560
Z -0.0608  0.0485 -0.9970

PART 23
OFFSET  18.9519 -3.9039 -7.6425
X -0.6186  0.7824  0.0722
Y  0.7838  0.6208 -0.0125
Z -0.0546  0.0489 -0.9973

PART 24
OFFSET  18.2811 -3.0553 -7.5642
X  0.0563 -0.9933 -0.1011
Y  0.9983  0.0575 -0.0087
Z  0.0145 -0.1004  0.9948

PART 25
OFFSET  18.6152 -2.2967 -5.1081
X  0.7696 -0.6273  0.1196
Y  0.5789  0.7644  0.2839
Z -0.2695 -0.1492  0.9514

PART 26
OFFSET  19.9595 -1.7873 -5.4461
X  0.3284 -0.9432 -0.0502
Y -0.9288 -0.3127 -0.1990
Z  0.1720  0.1120 -0.9787

PART 27
OFFSET  20.5376 -3.4479 -5.5346
X -0.9210 -0.2730 -0.2780
Y -0.2894  0.9570  0.0187
Z  0.2609  0.0977 -0.9604

PART 28
OFFSET  19.4021 -3.7858 -5.8141
X -0.7592  0.6453 -0.0846
Y  0.6388  0.7637  0.0930
Z  0.1247  0.0165 -0.9921

PART 29
OFFSET  18.5446 -3.0568 -5.9098
X -0.2945 -0.8949 -0.3354
Y  0.8917 -0.3835  0.2405
Z -0.3438 -0.2283  0.9109

PART 30
OFFSET  20.2275 -1.9154 -6.5102
X  0.1439 -0.9895 -0.0094
Y -0.9835 -0.1420 -0.1117
Z  0.1092  0.0253 -0.9937

PART 31
OFFSET  20.5086 -3.8486 -6.5286
X -0.9930 -0.0691 -0.0957
Y -0.0748  0.9955  0.0573
Z  0.0913  0.0641 -0.9938

PART 32
OFFSET  19.0582 -3.9495 -6.6683
X -0.6009  0.7989  0.0264
Y  0.7912  0.5898  0.1616
Z  0.1136  0.1180 -0.9865

PART 33
OFFSET  18.3779 -3.0443 -6.6455
X -0.0519 -0.9968 -0.0604
Y  0.9980 -0.0539  0.0329
Z -0.0360 -0.0586  0.9976

PART 34
OFFSET  18.7712 -3.0687 -7.3478
X  0.0648  0.1353 -0.9887
Y  0.3645  0.9191  0.1497
Z  0.9289 -0.3701  0.0102

PART 35
OFFSET  16.1435  0.9469 -8.9640
X  0.8449 -0.4564  0.2789
Y  0.4428  0.8894  0.1139
Z -0.3000  0.0273  0.9535

PART 36
OFFSET  15.1663 -0.3265 -9.4711
X  0.8449 -0.4564  0.2789
Y  0.4428  0.8894  0.1139
Z -0.3000  0.0273  0.9535

PART 37
OFFSET  15.7460  0.6517 -6.4162
X  0.8449 -0.4564  0.2789
Y  0.4428  0.8894  0.1139
Z -0.3000  0.0273  0.9535

PART 38
OFFSET  15.0110 -0.4759 -6.4095
X  0.8449 -0.4564  0.2789
Y  0.4428  0.8894  0.1139
Z -0.3000  0.0273  0.9535

PART 39
OFFSET  14.7192 -0.8548 -7.5081
X  0.8449 -0.4564  0.2789
Y  0.4428  0.8894  0.1139
Z -0.3000  0.0273  0.9535

PART 40
OFFSET  7.7688 -2.6416 -4.8099
X  1.0000 -0.0000  0.0000
Y  0.0000  1.0000  0.0000
Z  0.0000 -0.0000  1.0000

PART 41
OFFSET  7.7688 -2.6416 -4.8099
X  1.0000 -0.0000  0.0000
Y  0.0000  1.0000  0.0000
Z  0.0000 -0.0000  1.0000

PART 42
OFFSET  14.3735 -3.4784 -2.7246
X  1.0000 -0.0000  0.0000
Y  0.0000  1.0000  0.0000
Z  0.0000 -0.0000  1.0000

PART 43
OFFSET  11.9805 -2.6266 -4.5307
X  1.0000 -0.0000  0.0000
Y  0.0000  1.0000  0.0000
Z  0.0000 -0.0000  1.0000

PART 44
OFFSET -13.9227 -7.9373 -3.1869
X -0.6053  0.0162  0.7958
Y -0.1718 -0.9789 -0.1107
Z  0.7772 -0.2037  0.5953

PART 45
OFFSET -6.6022 -8.1338 -12.8116
X -0.8222 -0.3196 -0.4710
Y  0.5121 -0.0542 -0.8572
Z  0.2484 -0.9460  0.2082

PART 46
OFFSET  0.3912 -5.4156 -8.8058
X -0.8222 -0.3196 -0.4710
Y  0.5374 -0.1634 -0.8273
Z  0.1874 -0.9334  0.3061

PART 47
OFFSET  0.9106 -3.8330 -7.7329
X -0.8259 -0.3166 -0.4664
Y -0.2534  0.9476 -0.1946
Z  0.5036 -0.0425 -0.8629

PART 48
OFFSET  0.8857 -4.2320 -6.6033
X -0.8259 -0.3166 -0.4664
Y -0.2534  0.9476 -0.1946
Z  0.5036 -0.0425 -0.8629

PART 49
OFFSET  1.4070 -5.4649 -6.4654
X -0.8259 -0.3166 -0.4664
Y -0.2534  0.9476 -0.1946
Z  0.5036 -0.0425 -0.8629

PART 50
OFFSET  2.9119 -4.4359 -7.3619
X -0.9546 -0.1418 -0.2621
Y  0.2850 -0.1775 -0.9420
Z  0.0871 -0.9739  0.2098

PART 51
OFFSET  3.0305 -3.8010 -6.4212
X -0.4986 -0.6783 -0.5397
Y  0.5783  0.2035 -0.7900
Z  0.6457 -0.7060  0.2908

PART 52
OFFSET  4.0128 -2.3183 -5.1938
X -0.9028 -0.3483  0.2521
Y -0.0610 -0.4767 -0.8770
Z  0.4256 -0.8071  0.4091

PART 53
OFFSET  5.4190 -1.6940 -5.6990
X -0.5336 -0.0214  0.8455
Y -0.6557 -0.6209 -0.4295
Z  0.5342 -0.7836  0.3173

PART 54
OFFSET  5.9827 -1.6245 -6.6205
X -0.8721  0.3596  0.3318
Y  0.0986  0.7934 -0.6007
Z -0.4792 -0.4912 -0.7274

PART 55
OFFSET  4.0072 -4.3092 -8.1912
X -0.9338 -0.2716  0.2329
Y  0.3213 -0.9230  0.2116
Z  0.1575  0.2724  0.9492

PART 56
OFFSET  6.0889 -3.5460 -8.6022
X -0.1064 -0.9920  0.0680
Y  0.9470 -0.1219 -0.2972
Z  0.3031  0.0328  0.9524

PART 57
OFFSET  6.2395 -2.1416 -8.6984
X  0.7704 -0.5952 -0.2284
Y  0.5756  0.8034 -0.1522
Z  0.2741 -0.0142  0.9616

PART 58
OFFSET  5.5564 -1.6139 -8.4959
X  0.9043  0.2998 -0.3040
Y -0.2988  0.9530  0.0509
Z  0.3049  0.0448  0.9513

PART 59
OFFSET  4.6973 -1.8987 -8.2071
X -0.5482 -0.8340  0.0630
Y -0.7690  0.5322  0.3543
Z -0.3290  0.1458 -0.9330

PART 60
OFFSET  4.0399 -4.2960 -7.4782
X -0.9690 -0.2439  0.0388
Y  0.2458 -0.9373  0.2469
Z -0.0239  0.2488  0.9683

PART 61
OFFSET  6.5638 -3.7206 -7.7173
X -0.1328 -0.9741  0.1828
Y  0.9405 -0.1821 -0.2870
Z  0.3128  0.1338  0.9403

PART 62
OFFSET  6.7899 -2.0621 -8.0285
X  0.8812 -0.4114 -0.2327
Y  0.3642  0.9048 -0.2204
Z  0.3012  0.1095  0.9472

PART 63
OFFSET  5.5686 -1.4920 -7.7060
X  0.8304  0.4610 -0.3130
Y -0.4723  0.8804  0.0436
Z  0.2956  0.1116  0.9488

PART 64
OFFSET  4.6680 -1.9919 -7.3665
X -0.3960 -0.8751  0.2782
Y -0.8751  0.4514  0.1743
Z -0.2781 -0.1744 -0.9446

PART 65
OFFSET -1.2553 -5.3980 -7.5437
X -0.9291 -0.3699 -0.0061
Y -0.3495  0.8829 -0.3136
Z  0.1213 -0.2892 -0.9496

PART 66
OFFSET  6.4488 -4.1115 -5.5522
X -0.9803 -0.1931 -0.0406
Y  0.1869 -0.9747  0.1229
Z -0.0633  0.1129  0.9916

PART 67
OFFSET  8.1748 -3.7715 -5.4807
X -0.9741 -0.2239 -0.0304
Y  0.2152 -0.9603  0.1773
Z -0.0689  0.1662  0.9837

PART 68
OFFSET  9.3549 -3.4893 -5.3840
X -0.9659 -0.2397 -0.0981
Y  0.2227 -0.9620  0.1579
Z -0.1323  0.1307  0.9826

PART 69
OFFSET  10.4459 -3.2185 -5.2731
X  0.0762  0.9832  0.1658
Y  0.9969 -0.0787  0.0085
Z  0.0214  0.1646 -0.9861

PART 70
OFFSET  6.6406 -4.1444 -6.6397
X -0.2627 -0.9406  0.2150
Y  0.9570 -0.2824 -0.0663
Z  0.1231  0.1883  0.9744

PART 71
OFFSET  7.1538 -2.3069 -7.0597
X  0.8288 -0.5596 -0.0009
Y  0.5392  0.7990 -0.2664
Z  0.1498  0.2203  0.9639

PART 72
OFFSET  5.9432 -1.4895 -7.0585
X  0.8851  0.3871 -0.2584
Y -0.4386  0.8795 -0.1846
Z  0.1558  0.2767  0.9482

PART 73
OFFSET  4.9394 -1.9293 -6.7726
X -0.4085 -0.8763  0.2554
Y -0.8912  0.4434  0.0957
Z -0.1971 -0.1885 -0.9621

PART 74
OFFSET  0.9106 -3.8330 -7.7328
X -0.8259 -0.3166 -0.4664
Y -0.2534  0.9476 -0.1946
Z  0.5036 -0.0425 -0.8629

PART 75
OFFSET  0.8856 -4.2318 -6.6032
X -0.8259 -0.3166 -0.4664
Y -0.2534  0.9476 -0.1946
Z  0.5036 -0.0425 -0.8629

PART 76
OFFSET  1.4071 -5.4649 -6.4655
X -0.8259 -0.3166 -0.4664
Y -0.2534  0.9476 -0.1946
Z  0.5036 -0.0425 -0.8629

PART 77
OFFSET  0.0000 -0.0000 -0.0000
X  1.0000 -0.0000  0.0000
Y  0.0000  1.0000  0.0000
Z  0.0000 -0.0000  1.0000

PART 78
OFFSET  0.0000 -0.0000 -0.0000
X  1.0000 -0.0000  0.0000
Y  0.0000  1.0000  0.0000
Z  0.0000 -0.0000  1.0000

PART 79
OFFSET  1.5404 -0.0000  4.1357
X  1.0000 -0.0000  0.0000
Y  0.0000  1.0000  0.0000
Z  0.0000 -0.0000  1.0000


FRAME 5901
PART 0
OFFSET  0.0000 -0.0000 -0.0000
X  1.0000 -0.0000  0.0000
Y  0.0000  1.0000  0.0000
Z  0.0000 -0.0000  1.0000

PART 1
OFFSET -4.6318 -0.0000 -1.3770
X  1.0000 -0.0000  0.0000
Y  0.0000  1.0000  0.0000
Z  0.0000 -0.0000  1.0000

PART 2
OFFSET -1.7081  7.9847 -3.1395
X  0.6982 -0.2505 -0.6706
Y -0.0901 -0.9601  0.2648
Z -0.7102 -0.1245 -0.6929

PART 3
OFFSET  6.7361  4.9552 -11.2500
X  0.8330 -0.4558  0.3136
Y -0.3360  0.0334  0.9413
Z -0.4395 -0.8894 -0.1254

PART 4
OFFSET  13.8211  1.0781 -8.5831
X  0.8330 -0.4558  0.3136
Y -0.3713 -0.0404  0.9276
Z -0.4102 -0.8891 -0.2029

PART 5
OFFSET  16.0750  1.7801 -8.5299
X  0.8362 -0.4536  0.3083
Y  0.4419  0.8902  0.1110
Z -0.3247  0.0435  0.9448

PART 6
OFFSET  14.7668 -0.0756 -9.5385
X  0.8362 -0.4536  0.3083
Y  0.4419  0.8902  0.1110
Z -0.3247  0.0435  0.9448

PART 7
OFFSET  15.2692  0.9510 -6.4858
X  0.8362 -0.4536  0.3083
Y  0.4419  0.8902  0.1110
Z -0.3247  0.0435  0.9448

PART 8
OFFSET  14.5314 -0.1747 -6.4800
X  0.8362 -0.4536  0.3083
Y  0.4419  0.8902  0.1110
Z -0.3247  0.0435  0.9448

PART 9
OFFSET  14.2674 -0.5709 -7.5795
X  0.8362 -0.4536  0.3083
Y  0.4419  0.8902  0.1110
Z -0.3247  0.0435  0.9448

PART 10
OFFSET  16.3749 -0.3193 -7.6219
X  0.8509 -0.3833  0.3592
Y -0.3897 -0.0019  0.9210
Z -0.3523 -0.9236 -0.1510

PART 11
OFFSET  16.2369 -0.8728 -6.6335
X  0.1877 -0.8366  0.5147
Y -0.5570  0.3409  0.7573
Z -0.8090 -0.4288 -0.4020

PART 12
OFFSET  16.5413 -2.6680 -5.4696
X  0.7512 -0.6332 -0.1865
Y -0.2371 -0.5226  0.8189
Z -0.6160 -0.5710 -0.5427

PART 13
OFFSET  17.6992 -3.7229 -5.8803
X  0.6128 -0.1724 -0.7712
Y  0.3259 -0.8339  0.4454
Z -0.7199 -0.5243 -0.4548

PART 14
OFFSET  18.3344 -3.9475 -6.7276
X  0.9819  0.0377 -0.1854
Y  0.0955  0.7473  0.6575
Z  0.1633 -0.6634  0.7303

PART 15
OFFSET  17.4409 -0.8284 -8.3345
X  0.9057 -0.3516 -0.2370
Y -0.3976 -0.8983 -0.1869
Z -0.1471  0.2635 -0.9534

PART 16
OFFSET  19.4485 -1.7668 -8.7510
X  0.3049 -0.9459  0.1110
Y -0.9401 -0.2803  0.1941
Z -0.1525 -0.1635 -0.9747

PART 17
OFFSET  19.8802 -3.1060 -8.5939
X -0.8313 -0.5164  0.2058
Y -0.5441  0.8317 -0.1108
Z -0.1139 -0.2040 -0.9723

PART 18
OFFSET  19.1432 -3.5638 -8.4114
X -0.9820  0.1444  0.1217
Y  0.1240  0.9791 -0.1614
Z -0.1425 -0.1434 -0.9794

PART 19
OFFSET  18.2102 -3.4266 -8.2958
X  0.6939 -0.7043  0.1499
Y  0.7075  0.6281 -0.3239
Z  0.1340  0.3308  0.9341

PART 20
OFFSET  17.4183 -0.7849 -7.6224
X  0.9273 -0.3697  0.0581
Y -0.3522 -0.9146 -0.1986
Z  0.1266  0.1637 -0.9784

PART 21
OFFSET  19.8503 -1.7036 -7.6140
X  0.1622 -0.9850 -0.0581
Y -0.9838 -0.1660  0.0674
Z -0.0760  0.0462 -0.9960

PART 22
OFFSET  20.1265 -3.3806 -7.7128
X -0.9153 -0.3998  0.0499
Y -0.3978  0.9164  0.0447
Z -0.0636  0.0210 -0.9978

PART 23
OFFSET  18.8580 -3.9346 -7.6436
X -0.8757  0.4789  0.0619
Y  0.4794  0.8776 -0.0073
Z -0.0578  0.0233 -0.9981

PART 24
OFFSET  17.9083 -3.4152 -7.5765
X  0.4407 -0.8925 -0.0956
Y  0.8967  0.4426  0.0015
Z  0.0410 -0.0864  0.9954

PART 25
OFFSET  18.1904 -1.9990 -5.1331
X  0.7780 -0.6171  0.1179
Y  0.5689  0.7716  0.2847
Z -0.2667 -0.1544  0.9513

PART 26
OFFSET  19.5275 -1.4710 -5.4714
X  0.4387 -0.8983 -0.0225
Y -0.8833 -0.4266 -0.1944
Z  0.1650  0.1051 -0.9807

PART 27
OFFSET  20.3000 -3.0527 -5.5109
X -0.8089 -0.5206 -0.2731
Y -0.5315  0.8462 -0.0388
Z  0.2513  0.1138 -0.9612

PART 28
OFFSET  19.3013 -3.6925 -5.7846
X -0.9386  0.3183 -0.1331
Y  0.3143  0.9480  0.0502
Z  0.1422  0.0053 -0.9898

PART 29
OFFSET  18.2411 -3.3330 -5.9350
X  0.0618 -0.9579 -0.2804
Y  0.9618 -0.0179  0.2732
Z -0.2667 -0.2866  0.9202

PART 30
OFFSET  19.7963 -1.5938 -6.5359
X  0.2675 -0.9633  0.0215
Y -0.9591 -0.2684 -0.0902
Z  0.0927  0.0036 -0.9957

PART 31
OFFSET  20.3189 -3.4757 -6.4939
X -0.9350 -0.3460 -0.0779
Y -0.3480  0.9374  0.0136
Z  0.0684  0.0398 -0.9969

PART 32
OFFSET  18.9532 -3.9810 -6.6078
X -0.8603  0.5095 -0.0151
Y  0.5042  0.8549  0.1221
Z  0.0751  0.0974 -0.9924

PART 33
OFFSET  17.9790 -3.4038 -6.6320
X  0.3329 -0.9430 -0.0029
Y  0.9426  0.3326  0.0288
Z -0.0262 -0.0124  0.9996

PART 34
OFFSET  18.3549 -2.7650 -7.3743
X  0.0621  0.1379 -0.9885
Y  0.3523  0.9236  0.1510
Z  0.9338 -0.3576  0.0088

PART 35
OFFSET  15.7338  1.2038 -9.0268
X  0.8362 -0.4536  0.3083
Y  0.4419  0.8902  0.1110
Z -0.3247  0.0435  0.9448

PART 36
OFFSET  14.7668 -0.0756 -9.5385
X  0.8362 -0.4536  0.3083
Y  0.4419  0.8902  0.1110
Z -0.3247  0.0435  0.9448

PART 37
OFFSET  15.2692  0.9510 -6.4858
X  0.8362 -0.4536  0.3083
Y  0.4419  0.8902  0.1110
Z -0.3247  0.0435  0.9448

PART 38
OFFSET  14.5314 -0.1747 -6.4800
X  0.8362 -0.4536  0.3083
Y  0.4419  0.8902  0.1110
Z -0.3247  0.0435  0.9448

PART 39
OFFSET  14.2674 -0.5709 -7.5795
X  0.8362 -0.4536  0.3083
Y  0.4419  0.8902  0.1110
Z -0.3247  0.0435  0.9448

PART 40
OFFSET  7.7799 -2.6481 -4.7624
X  1.0000 -0.0041  0.0066
Y  0.0040  0.9998  0.0176
Z -0.0067 -0.0176  0.9998

PART 41
OFFSET  7.7799 -2.6481 -4.7624
X  1.0000 -0.0041  0.0066
Y  0.0040  0.9998  0.0176
Z -0.0067 -0.0176  0.9998

PART 42
OFFSET  14.3671 -3.5485 -2.6485
X  1.0000 -0.0041  0.0066
Y  0.0040  0.9998  0.0176
Z -0.0067 -0.0176  0.9998

PART 43
OFFSET  11.9897 -2.6553 -4.4551
X  1.0000 -0.0041  0.0066
Y  0.0040  0.9998  0.0176
Z -0.0067 -0.0176  0.9998

PART 44
OFFSET -13.9227 -7.9373 -3.1869
X -0.6070  0.0149  0.7946
Y -0.1677 -0.9797 -0.1097
Z  0.7768 -0.1998  0.5972

PART 45
OFFSET -6.5820 -8.1176 -12.7965
X -0.8223 -0.3232 -0.4683
Y  0.5103 -0.0548 -0.8582
Z  0.2517 -0.9447  0.2100

PART 46
OFFSET  0.4121 -5.3683 -8.8133
X -0.8223 -0.3232 -0.4683
Y  0.5340 -0.1540 -0.8313
Z  0.1966 -0.9337  0.2993

PART 47
OFFSET  0.9291 -3.7814 -7.7455
X -0.8260 -0.3203 -0.4638
Y -0.2567  0.9463 -0.1963
Z  0.5018 -0.0431 -0.8639

PART 48
OFFSET  0.9080 -4.1776 -6.6149
X -0.8260 -0.3203 -0.4638
Y -0.2567  0.9463 -0.1963
Z  0.5018 -0.0431 -0.8639

PART 49
OFFSET  1.4333 -5.4086 -6.4751
X -0.8260 -0.3203 -0.4638
Y -0.2567  0.9463 -0.1963
Z  0.5018 -0.0431 -0.8639

PART 50
OFFSET  2.9330 -4.3773 -7.3776
X -0.9534 -0.1332 -0.2709
Y  0.2906 -0.1621 -0.9430
Z  0.0818 -0.9777  0.1932

PART 51
OFFSET  3.0479 -3.7595 -6.4251
X -0.4977 -0.6667 -0.5548
Y  0.5844  0.2150 -0.7825
Z  0.6409 -0.7137  0.2826

PART 52
OFFSET  4.0279 -2.3026 -5.1654
X -0.9059 -0.3490  0.2400
Y -0.0570 -0.4610 -0.8856
Z  0.4197 -0.8159  0.3977

PART 53
OFFSET  5.4399 -1.6754 -5.6501
X -0.5393 -0.0340  0.8414
Y -0.6553 -0.6106 -0.4447
Z  0.5289 -0.7912  0.3070

PART 54
OFFSET  6.0101 -1.5920 -6.5665
X -0.8729  0.3573  0.3323
Y  0.1058  0.8034 -0.5860
Z -0.4763 -0.4764 -0.7391

PART 55
OFFSET  4.0344 -4.2405 -8.1972
X -0.9364 -0.2718  0.2219
Y  0.3161 -0.9279  0.1975
Z  0.1522  0.2551  0.9549

PART 56
OFFSET  6.1217 -3.4789 -8.5810
X -0.1108 -0.9926  0.0498
Y  0.9485 -0.1206 -0.2930
Z  0.2969  0.0148  0.9548

PART 57
OFFSET  6.2787 -2.0736 -8.6515
X  0.7695 -0.5943 -0.2337
Y  0.5798  0.8036 -0.1342
Z  0.2676 -0.0322  0.9630

PART 58
OFFSET  5.5963 -1.5467 -8.4443
X  0.9075  0.3014 -0.2927
Y -0.2953  0.9531  0.0657
Z  0.2988  0.0268  0.9540

PART 59
OFFSET  4.7342 -1.8330 -8.1662
X -0.5519 -0.8327  0.0447
Y -0.7692  0.5290  0.3585
Z -0.3221  0.1635 -0.9325

PART 60
OFFSET  4.0623 -4.2400 -7.4839
X -0.9702 -0.2406  0.0281
Y  0.2404 -0.9425  0.2320
Z -0.0293  0.2319  0.9723

PART 61
OFFSET  6.5901 -3.6709 -7.6962
X -0.1379 -0.9766  0.1648
Y  0.9416 -0.1809 -0.2839
Z  0.3071  0.1160  0.9446

PART 62
OFFSET  6.8249 -2.0082 -7.9767
X  0.8811 -0.4109 -0.2341
Y  0.3693  0.9071 -0.2021
Z  0.2953  0.0916  0.9510

PART 63
OFFSET  5.6037 -1.4387 -7.6523
X  0.8343  0.4630 -0.2993
Y -0.4691  0.8814  0.0559
Z  0.2897  0.0937  0.9525

PART 64
OFFSET  4.6989 -1.9408 -7.3276
X -0.4013 -0.8782  0.2601
Y -0.8745  0.4519  0.1764
Z -0.2725 -0.1567 -0.9493

PART 65
OFFSET -1.2367 -5.3189 -7.6038
X -0.9305 -0.3659 -0.0187
Y -0.3438  0.8897 -0.3003
Z  0.1265 -0.2730 -0.9537

PART 66
OFFSET  6.4590 -4.0992 -5.5391
X -0.9808 -0.1883 -0.0505
Y  0.1822 -0.9774  0.1070
Z -0.0695  0.0957  0.9930

PART 67
OFFSET  8.1859 -3.7677 -5.4502
X -0.9748 -0.2193 -0.0408
Y  0.2101 -0.9642  0.1618
Z -0.0748  0.1492  0.9860

PART 68
OFFSET  9.3664 -3.4920 -5.3408
X -0.9662 -0.2339 -0.1087
Y  0.2178 -0.9656  0.1424
Z -0.1383  0.1139  0.9838

PART 69
OFFSET  10.4577 -3.2278 -5.2179
X  0.0790  0.9798  0.1835
Y  0.9965 -0.0830  0.0137
Z  0.0287  0.1818 -0.9829

PART 70
OFFSET  6.6579 -4.1139 -6.6258
X -0.2679 -0.9432  0.1967
Y  0.9563 -0.2852 -0.0649
Z  0.1173  0.1707  0.9783

PART 71
OFFSET  7.1813 -2.2714 -7.0100
X  0.8265 -0.5629 -0.0053
Y  0.5441  0.8013 -0.2487
Z  0.1442  0.2027  0.9686

PART 72
OFFSET  5.9740 -1.4492 -7.0023
X  0.8883  0.3879 -0.2457
Y -0.4338  0.8844 -0.1720
Z  0.1506  0.2594  0.9540

PART 73
OFFSET  4.9666 -1.8898 -6.7309
X -0.4137 -0.8789  0.2373
Y -0.8901  0.4453  0.0976
Z -0.1914 -0.1708 -0.9665

PART 74
OFFSET  0.9290 -3.7814 -7.7455
X -0.8260 -0.3203 -0.4638
Y -0.2567  0.9463 -0.1963
Z  0.5018 -0.0431 -0.8639

PART 75
OFFSET  0.9079 -4.1775 -6.6148
X -0.8260 -0.3203 -0.4638
Y -0.2567  0.9463 -0.1963
Z  0.5018 -0.0431 -0.8639

PART 76
OFFSET  1.4334 -5.4086 -6.4752
X -0.8260 -0.3203 -0.4638
Y -0.2567  0.9463 -0.1963
Z  0.5018 -0.0431 -0.8639

PART 77
OFFSET  0.0000 -0.0000 -0.0000
X  1.0000 -0.0000  0.0000
Y  0.0000  1.0000  0.0000
Z  0.0000 -0.0000  1.0000

PART 78
OFFSET -0.0000 -0.0000 -0.0000
X  1.0000 -0.0009 -0.0003
Y  0.0009  1.0000 -0.0007
Z  0.0003  0.0007  1.0000

PART 79
OFFSET  1.5416  0.0013  4.1353
X  1.0000 -0.0009 -0.0003
Y  0.0009  1.0000 -0.0007
Z  0.0003  0.0007  1.0000


FRAME 5902
PART 0
OFFSET  0.0000 -0.0000 -0.0000
X  1.0000 -0.0000  0.0000
Y  0.0000  1.0000  0.0000
Z  0.0000 -0.0000  1.0000

PART 1
OFFSET -4.6318 -0.0000 -1.3770
X  1.0000 -0.0000  0.0000
Y  0.0000  1.0000  0.0000
Z  0.0000 -0.0000  1.0000

PART 2
OFFSET -1.8214  8.1070 -3.0173
X  0.6337 -0.2119 -0.7440
Y -0.0493 -0.9709  0.2345
Z -0.7720 -0.1119 -0.6257

PART 3
OFFSET  5.8428  5.5443 -12.0149
X  0.8121 -0.4461  0.3761
Y -0.3879  0.0688  0.9192
Z -0.4359 -0.8923 -0.1172

PART 4
OFFSET  12.7502  1.7497 -8.8162
X  0.8121 -0.4461  0.3761
Y -0.4349 -0.0331  0.8999
Z -0.3890 -0.8944 -0.2209

PART 5
OFFSET  15.0007  2.4474 -8.6628
X  0.8156 -0.4441  0.3709
Y  0.4392  0.8925  0.1029
Z -0.3767  0.0790  0.9230

PART 6
OFFSET  13.7424  0.5592 -9.6745
X  0.8156 -0.4441  0.3709
Y  0.4392  0.8925  0.1029
Z -0.3767  0.0790  0.9230

PART 7
OFFSET  14.0784  1.6960 -6.6380
X  0.8156 -0.4441  0.3709
Y  0.4392  0.8925  0.1029
Z -0.3767  0.0790  0.9230

PART 8
OFFSET  13.3363  0.5731 -6.6323
X  0.8156 -0.4441  0.3709
Y  0.4392  0.8925  0.1029
Z -0.3767  0.0790  0.9230

PART 9
OFFSET  13.1322  0.1375 -7.7297
X  0.8156 -0.4441  0.3709
Y  0.4392  0.8925  0.1029
Z -0.3767  0.0790  0.9230

PART 10
OFFSET  15.2399  0.3820 -7.6633
X  0.8629 -0.3578  0.3570
Y -0.3896 -0.0209  0.9207
Z -0.3219 -0.9336 -0.1575

PART 11
OFFSET  15.1198 -0.1825 -6.6788
X  0.1945 -0.7640  0.6152
Y -0.6325  0.3817  0.6740
Z -0.7498 -0.5202 -0.4090

PART 12
OFFSET  15.4347 -1.8220 -5.3068
X  0.7842 -0.6190  0.0422
Y -0.3443 -0.3775  0.8596
Z -0.5162 -0.6887 -0.5092

PART 13
OFFSET  16.6634 -2.8759 -5.3469
X  0.7736 -0.4816 -0.4120
Y  0.0614 -0.5901  0.8050
Z -0.6307 -0.6480 -0.4269

PART 14
OFFSET  17.4721 -3.4364 -5.7982
X  0.9888 -0.0608  0.1360
Y  0.0141  0.9469  0.3213
Z -0.1483 -0.3158  0.9372

PART 15
OFFSET  16.3222 -0.0870 -8.3789
X  0.9183 -0.3171 -0.2372
Y -0.3600 -0.9179 -0.1669
Z -0.1648  0.2387 -0.9570

PART 16
OFFSET  18.3652 -0.9467 -8.7930
X  0.5711 -0.8178  0.0712
Y -0.7975 -0.5323  0.2839
Z -0.1943 -0.2189 -0.9562

PART 17
OFFSET  19.1738 -2.1045 -8.6922
X -0.3553 -0.8908  0.2834
Y -0.9233  0.3817  0.0422
Z -0.1457 -0.2467 -0.9581

PART 18
OFFSET  18.8588 -2.8943 -8.4409
X -0.7736 -0.5632  0.2903
Y -0.6000  0.7985 -0.0497
Z -0.2038 -0.2127 -0.9556

PART 19
OFFSET  18.1239 -3.4294 -8.1651
X  0.9978 -0.0397 -0.0527
Y  0.0191  0.9384 -0.3451
Z  0.0631  0.3434  0.9371

PART 20
OFFSET  16.2980 -0.0493 -7.6665
X  0.9389 -0.3397  0.0560
Y -0.3221 -0.9242 -0.2050
Z  0.1214  0.1744 -0.9772

PART 21
OFFSET  18.7557 -0.8965 -7.6670
X  0.4755 -0.8794 -0.0235
Y -0.8754 -0.4757  0.0860
Z -0.0868 -0.0204 -0.9960

PART 22
OFFSET  19.5653 -2.3937 -7.7070
X -0.4687 -0.8808  0.0664
Y -0.8809  0.4717  0.0396
Z -0.0662 -0.0399 -0.9970

PART 23
OFFSET  18.9157 -3.6144 -7.6150
X -0.8944 -0.4415  0.0720
Y -0.4428  0.8966 -0.0027
Z -0.0634 -0.0343 -0.9974

PART 24
OFFSET  17.9457 -4.0933 -7.5369
X  0.9826 -0.1521 -0.1065
Y  0.1529  0.9882 -0.0007
Z  0.1054 -0.0156  0.9943

PART 25
OFFSET  17.1086 -1.2545 -5.1852
X  0.7977 -0.5922  0.1141
Y  0.5433  0.7878  0.2903
Z -0.2617 -0.1696  0.9501

PART 26
OFFSET  18.4278 -0.6809 -5.5192
X  0.6748 -0.7371  0.0356
Y -0.7223 -0.6696 -0.1729
Z  0.1513  0.0910 -0.9843

PART 27
OFFSET  19.6160 -1.9787 -5.4565
X -0.3182 -0.9246 -0.2094
Y -0.9239  0.3519 -0.1501
Z  0.2125  0.1458 -0.9662

PART 28
OFFSET  19.2163 -3.1116 -5.6524
X -0.8229 -0.5468 -0.1546
Y -0.5385  0.8373 -0.0948
Z  0.1813  0.0052 -0.9834

PART 29
OFFSET  18.2868 -3.7292 -5.8270
X  0.8050 -0.5764 -0.1407
Y  0.5922  0.7663  0.2492
Z -0.0358 -0.2840  0.9582

PART 30
OFFSET  18.7008 -0.7875 -6.5844
X  0.5454 -0.8352  0.0709
Y -0.8362 -0.5480 -0.0223
Z  0.0575 -0.0471 -0.9972

PART 31
OFFSET  19.7662 -2.4190 -6.4459
X -0.5142 -0.8576  0.0081
Y -0.8574  0.5138 -0.0281
Z  0.0200 -0.0214 -0.9996

PART 32
OFFSET  19.0152 -3.6717 -6.4341
X -0.9185 -0.3954 -0.0023
Y -0.3953  0.9181  0.0285
Z -0.0092  0.0271 -0.9996

PART 33
OFFSET  17.9751 -4.1200 -6.4437
X  0.9574 -0.2850  0.0474
Y  0.2873  0.9565 -0.0513
Z -0.0307  0.0627  0.9976

PART 34
OFFSET  17.2987 -1.9994 -7.4315
X  0.0578  0.1466 -0.9875
Y  0.3219  0.9336  0.1575
Z  0.9450 -0.3270  0.0068

PART 35
OFFSET  14.6851  1.8541 -9.1566
X  0.8156 -0.4441  0.3709
Y  0.4392  0.8925  0.1029
Z -0.3767  0.0790  0.9230

PART 36
OFFSET  13.7424  0.5592 -9.6745
X  0.8156 -0.4441  0.3709
Y  0.4392  0.8925  0.1029
Z -0.3767  0.0790  0.9230

PART 37
OFFSET  14.0784  1.6960 -6.6380
X  0.8156 -0.4441  0.3709
Y  0.4392  0.8925  0.1029
Z -0.3767  0.0790  0.9230

PART 38
OFFSET  13.3363  0.5731 -6.6323
X  0.8156 -0.4441  0.3709
Y  0.4392  0.8925  0.1029
Z -0.3767  0.0790  0.9230

PART 39
OFFSET  13.1322  0.1375 -7.7297
X  0.8156 -0.4441  0.3709
Y  0.4392  0.8925  0.1029
Z -0.3767  0.0790  0.9230

PART 40
OFFSET  7.8112 -2.6663 -4.6363
X  0.9996 -0.0152  0.0244
Y  0.0136  0.9978  0.0651
Z -0.0253 -0.0648  0.9976

PART 41
OFFSET  7.8112 -2.6663 -4.6363
X  0.9996 -0.0152  0.0244
Y  0.0136  0.9978  0.0651
Z -0.0253 -0.0648  0.9976

PART 42
OFFSET  14.3491 -3.7366 -2.4495
X  0.9996 -0.0152  0.0244
Y  0.0136  0.9978  0.0651
Z -0.0253 -0.0648  0.9976

PART 43
OFFSET  12.0144 -2.7334 -4.2541
X  0.9996 -0.0152  0.0244
Y  0.0136  0.9978  0.0651
Z -0.0253 -0.0648  0.9976

PART 44
OFFSET -13.9227 -7.9373 -3.1869
X -0.6120  0.0112  0.7908
Y -0.1563 -0.9819 -0.1071
Z  0.7753 -0.1891  0.6027

PART 45
OFFSET -6.5211 -8.0728 -12.7504
X -0.8225 -0.3332 -0.4609
Y  0.5054 -0.0568 -0.8610
Z  0.2607 -0.9412  0.2151

PART 46
OFFSET  0.4749 -5.2389 -8.8304
X -0.8225 -0.3332 -0.4609
Y  0.5236 -0.1273 -0.8424
Z  0.2220 -0.9342  0.2792

PART 47
OFFSET  0.9857 -3.6404 -7.7770
X -0.8263 -0.3302 -0.4563
Y -0.2656  0.9428 -0.2014
Z  0.4967 -0.0452 -0.8667

PART 48
OFFSET  0.9748 -4.0288 -6.6435
X -0.8263 -0.3302 -0.4563
Y -0.2656  0.9428 -0.2014
Z  0.4967 -0.0452 -0.8667

PART 49
OFFSET  1.5110 -5.2545 -6.4984
X -0.8263 -0.3302 -0.4563
Y -0.2656  0.9428 -0.2014
Z  0.4967 -0.0452 -0.8667

PART 50
OFFSET  2.9966 -4.2175 -7.4174
X -0.9495 -0.1100 -0.2940
Y  0.3063 -0.1204 -0.9443
Z  0.0685 -0.9866  0.1480

PART 51
OFFSET  3.1000 -3.6467 -6.4347
X -0.4939 -0.6343 -0.5947
Y  0.6008  0.2455 -0.7608
Z  0.6285 -0.7331  0.2598

PART 52
OFFSET  4.0710 -2.2617 -5.0898
X -0.9136 -0.3502  0.2068
Y -0.0452 -0.4179 -0.9074
Z  0.4041 -0.8383  0.3659

PART 53
OFFSET  5.4978 -1.6275 -5.5188
X -0.5551 -0.0680  0.8290
Y -0.6530 -0.5818 -0.4849
Z  0.5153 -0.8105  0.2785

PART 54
OFFSET  6.0856 -1.5070 -6.4198
X -0.8753  0.3505  0.3331
Y  0.1245  0.8290 -0.5452
Z -0.4673 -0.4357 -0.7693

PART 55
OFFSET  4.1142 -4.0539 -8.2097
X -0.9430 -0.2719  0.1919
Y  0.3032 -0.9396  0.1588
Z  0.1371  0.2079  0.9685

PART 56
OFFSET  6.2158 -3.2975 -8.5192
X -0.1215 -0.9926  0.0006
Y  0.9525 -0.1168 -0.2813
Z  0.2793 -0.0336  0.9596

PART 57
OFFSET  6.3879 -1.8922 -8.5201
X  0.7678 -0.5908 -0.2478
Y  0.5901  0.8028 -0.0855
Z  0.2495 -0.0806  0.9650

PART 58
OFFSET  5.7071 -1.3684 -8.3004
X  0.9157  0.3051 -0.2617
Y -0.2870  0.9521  0.1056
Z  0.2813 -0.0216  0.9594

PART 59
OFFSET  4.8372 -1.6583 -8.0518
X -0.5609 -0.8279 -0.0049
Y -0.7704  0.5197  0.3693
Z -0.3032  0.2109 -0.9293

PART 60
OFFSET  4.1290 -4.0875 -7.4968
X -0.9729 -0.2312 -0.0008
Y  0.2267 -0.9550  0.1913
Z -0.0450  0.1859  0.9815

PART 61
OFFSET  6.6658 -3.5363 -7.6363
X -0.1506 -0.9818  0.1157
Y  0.9449 -0.1774 -0.2752
Z  0.2907  0.0678  0.9544

PART 62
OFFSET  6.9222 -1.8647 -7.8332
X  0.8812 -0.4088 -0.2375
Y  0.3820  0.9116 -0.1521
Z  0.2786  0.0433  0.9594

PART 63
OFFSET  5.7009 -1.2981 -7.5042
X  0.8442  0.4676 -0.2620
Y -0.4613  0.8828  0.0893
Z  0.2730  0.0454  0.9609

PART 64
OFFSET  4.7853 -1.8053 -7.2200
X -0.4148 -0.8852  0.2109
Y -0.8730  0.4524  0.1819
Z -0.2565 -0.1086 -0.9604

PART 65
OFFSET -1.1773 -5.1023 -7.7631
X -0.9335 -0.3546 -0.0528
Y -0.3294  0.9066 -0.2638
Z  0.1414 -0.2289 -0.9631

PART 66
OFFSET  6.4906 -4.0647 -5.5048
X -0.9815 -0.1751 -0.0770
Y  0.1705 -0.9833  0.0637
Z -0.0869  0.0494  0.9950

PART 67
OFFSET  8.2188 -3.7564 -5.3692
X -0.9760 -0.2066 -0.0687
Y  0.1975 -0.9730  0.1196
Z -0.0915  0.1031  0.9904

PART 68
OFFSET  9.3997 -3.4990 -5.2255
X -0.9663 -0.2181 -0.1371
Y  0.2055 -0.9735  0.1003
Z -0.1553  0.0687  0.9855

PART 69
OFFSET  10.4911 -3.2526 -5.0707
X  0.0853  0.9691  0.2313
Y  0.9952 -0.0942  0.0277
Z  0.0486  0.2278 -0.9725

PART 70
OFFSET  6.7094 -4.0301 -6.5871
X -0.2808 -0.9485  0.1468
Y  0.9544 -0.2921 -0.0612
Z  0.1009  0.1229  0.9873

PART 71
OFFSET  7.2580 -2.1772 -6.8739
X  0.8209 -0.5709 -0.0171
Y  0.5565  0.8063 -0.2006
Z  0.1283  0.1551  0.9795

PART 72
OFFSET  6.0590 -1.3434 -6.8489
X  0.8965  0.3895 -0.2110
Y -0.4218  0.8962 -0.1375
Z  0.1355  0.2123  0.9678

PART 73
OFFSET  5.0424 -1.7854 -6.6169
X -0.4267 -0.8847  0.1878
Y -0.8872  0.4497  0.1026
Z -0.1752 -0.1228 -0.9768

PART 74
OFFSET  0.9856 -3.6404 -7.7770
X -0.8263 -0.3302 -0.4563
Y -0.2656  0.9428 -0.2014
Z  0.4967 -0.0452 -0.8667

PART 75
OFFSET  0.9747 -4.0286 -6.6435
X -0.8263 -0.3302 -0.4563
Y -0.2656  0.9428 -0.2014
Z  0.4967 -0.0452 -0.8667

PART 76
OFFSET  1.5110 -5.2545 -6.4985
X -0.8263 -0.3302 -0.4563
Y -0.2656  0.9428 -0.2014
Z  0.4967 -0.0452 -0.8667

PART 77
OFFSET  0.0000 -0.0000 -0.0000
X  1.0000 -0.0000  0.0000
Y  0.0000  1.0000  0.0000
Z  0.0000 -0.0000  1.0000

PART 78
OFFSET -0.0000 -0.0000 -0.0000
X  1.0000 -0.0034 -0.0011
Y  0.0034  1.0000 -0.0025
Z  0.0011  0.0024  1.0000

PART 79
OFFSET  1.5451  0.0049  4.1340
X  1.0000 -0.0034 -0.0011
Y  0.0034  1.0000 -0.0025
Z  0.0011  0.0024  1.0000


FRAME 5903
PART 0
OFFSET  0.0000 -0.0000 -0.0000
X  1.0000 -0.0000  0.0000
Y  0.0000  1.0000  0.0000
Z  0.0000 -0.0000  1.0000

PART 1
OFFSET -4.6318 -0.0000 -1.3770
X  1.0000 -0.0000  0.0000
Y  0.0000  1.0000  0.0000
Z  0.0000 -0.0000  1.0000

PART 2
OFFSET -1.9762  8.2741 -2.8502
X  0.5449 -0.1654 -0.8220
Y -0.0027 -0.9807  0.1956
Z -0.8385 -0.1044 -0.5348

PART 3
OFFSET  4.6141  6.2733 -12.7913
X  0.7886 -0.4291  0.4404
Y -0.4398  0.1070  0.8917
Z -0.4297 -0.8969 -0.1044

PART 4
OFFSET  11.3217  2.6238 -9.0455
X  0.7886 -0.4291  0.4404
Y -0.5033 -0.0389  0.8633
Z -0.3533 -0.9024 -0.2466

PART 5
OFFSET  13.5607  3.3297 -8.7928
X  0.7924 -0.4272  0.4354
Y  0.4338  0.8965  0.0903
Z -0.4289  0.1173  0.8957

PART 6
OFFSET  12.3598  1.3993 -9.7947
X  0.7924 -0.4272  0.4354
Y  0.4338  0.8965  0.0903
Z -0.4289  0.1173  0.8957

PART 7
OFFSET  12.5229  2.6631 -6.7945
X  0.7924 -0.4272  0.4354
Y  0.4338  0.8965  0.0903
Z -0.4289  0.1173  0.8957

PART 8
OFFSET  11.7801  1.5407 -6.7841
X  0.7924 -0.4272  0.4354
Y  0.4338  0.8965  0.0903
Z -0.4289  0.1173  0.8957

PART 9
OFFSET  11.6387  1.0591 -7.8721
X  0.7924 -0.4272  0.4354
Y  0.4338  0.8965  0.0903
Z -0.4289  0.1173  0.8957

PART 10
OFFSET  13.7394  1.3084 -7.6954
X  0.8747 -0.3275  0.3571
Y -0.3936 -0.0502  0.9179
Z -0.2827 -0.9435 -0.1728

PART 11
OFFSET  13.6370  0.7252 -6.7198
X  0.1634 -0.6812  0.7136
Y -0.7304  0.4028  0.5517
Z -0.6632 -0.6114 -0.4317

PART 12
OFFSET  13.8797 -0.7386 -5.1488
X  0.7663 -0.5568  0.3205
Y -0.5151 -0.2343  0.8245
Z -0.3840 -0.7969 -0.4663

PART 13
OFFSET  15.1045 -1.7128 -4.7328
X  0.7651 -0.6154  0.1893
Y -0.3850 -0.2017  0.9006
Z -0.5161 -0.7620 -0.3913

PART 14
OFFSET  15.9017 -2.4166 -4.5307
X  0.8170 -0.0064  0.5767
Y  0.0654  0.9945 -0.0816
Z -0.5730  0.1044  0.8129

PART 15
OFFSET  14.8439  0.8942 -8.4109
X  0.9333 -0.2723 -0.2341
Y -0.3115 -0.9382 -0.1506
Z -0.1787  0.2135 -0.9605

PART 16
OFFSET  16.9286  0.1362 -8.8156
X  0.8135 -0.5810 -0.0259
Y -0.5335 -0.7632  0.3646
Z -0.2316 -0.2828 -0.9308

PART 17
OFFSET  18.0803 -0.6864 -8.8522
X  0.3621 -0.9071  0.2145
Y -0.9151 -0.3022  0.2669
Z -0.1773 -0.2929 -0.9396

PART 18
OFFSET  18.4014 -1.4906 -8.6620
X  0.0313 -0.9515  0.3060
Y -0.9700  0.0450  0.2391
Z -0.2412 -0.3043 -0.9215

PART 19
OFFSET  18.4311 -2.3946 -8.3713
X  0.6198  0.7436 -0.2509
Y -0.7829  0.6078 -0.1329
Z  0.0537  0.2788  0.9589

PART 20
OFFSET  14.8142  0.9206 -7.6982
X  0.9516 -0.3020  0.0569
Y -0.2830 -0.9335 -0.2202
Z  0.1196  0.1934 -0.9738

PART 21
OFFSET  17.3013  0.1637 -7.7006
X  0.7807 -0.6249 -0.0105
Y -0.6186 -0.7750  0.1289
Z -0.0887 -0.0941 -0.9916

PART 22
OFFSET  18.6303 -0.9001 -7.7185
X  0.3106 -0.9472  0.0795
Y -0.9485 -0.3034  0.0907
Z -0.0618 -0.1036 -0.9927

PART 23
OFFSET  19.0607 -2.2129 -7.6083
X  0.0394 -0.9947  0.0954
Y -0.9972 -0.0330  0.0678
Z -0.0642 -0.0978 -0.9931

PART 24
OFFSET  19.1035 -3.2916 -7.5048
X  0.5342  0.8290 -0.1658
Y -0.8358  0.5473  0.0434
Z  0.1267  0.1154  0.9852

PART 25
OFFSET  15.6595 -0.2868 -5.2296
X  0.8205 -0.5608  0.1104
Y  0.5091  0.8049  0.3049
Z -0.2599 -0.1939  0.9460

PART 26
OFFSET  16.9561  0.3449 -5.5472
X  0.8827 -0.4613  0.0892
Y -0.4481 -0.8837 -0.1354
Z  0.1413  0.0796 -0.9868

PART 27
OFFSET  18.5103 -0.4674 -5.3902
X  0.4286 -0.8998 -0.0817
Y -0.8909 -0.4059 -0.2041
Z  0.1505  0.1603 -0.9755

PART 28
OFFSET  19.0222 -1.5709 -5.4302
X  0.0927 -0.9955 -0.0210
Y -0.9741 -0.0863 -0.2092
Z  0.2064  0.0399 -0.9776

PART 29
OFFSET  19.1269 -2.6954 -5.4540
X  0.9072  0.4132 -0.0793
Y -0.4065  0.9094  0.0880
Z  0.1085 -0.0476  0.9930

PART 30
OFFSET  17.2390  0.2650 -6.6121
X  0.8127 -0.5771  0.0805
Y -0.5821 -0.8101  0.0700
Z  0.0248 -0.1037 -0.9943

PART 31
OFFSET  18.8267 -0.8624 -6.4548
X  0.2687 -0.9593  0.0873
Y -0.9630 -0.2655  0.0466
Z -0.0215 -0.0966 -0.9951

PART 32
OFFSET  19.2192 -2.2635 -6.3273
X -0.0353 -0.9956  0.0865
Y -0.9966  0.0416  0.0713
Z -0.0746 -0.0837 -0.9937

PART 33
OFFSET  19.1794 -3.3917 -6.2364
X  0.6684  0.7422 -0.0484
Y -0.7434  0.6646 -0.0752
Z -0.0236  0.0862  0.9960

PART 34
OFFSET  15.8922 -0.9904 -7.4851
X  0.0573  0.1632 -0.9849
Y  0.2827  0.9435  0.1728
Z  0.9575 -0.2884  0.0079

PART 35
OFFSET  13.2731  2.7158 -9.2785
X  0.7924 -0.4272  0.4354
Y  0.4338  0.8965  0.0903
Z -0.4289  0.1173  0.8957

PART 36
OFFSET  12.3598  1.3993 -9.7947
X  0.7924 -0.4272  0.4354
Y  0.4338  0.8965  0.0903
Z -0.4289  0.1173  0.8957

PART 37
OFFSET  12.5229  2.6631 -6.7945
X  0.7924 -0.4272  0.4354
Y  0.4338  0.8965  0.0903
Z -0.4289  0.1173  0.8957

PART 38
OFFSET  11.7801  1.5407 -6.7841
X  0.7924 -0.4272  0.4354
Y  0.4338  0.8965  0.0903
Z -0.4289  0.1173  0.8957

PART 39
OFFSET  11.6387  1.0591 -7.8721
X  0.7924 -0.4272  0.4354
Y  0.4338  0.8965  0.0903
Z -0.4289  0.1173  0.8957

PART 40
OFFSET  7.8607 -2.6948 -4.4560
X  0.9982 -0.0313  0.0502
Y  0.0243  0.9906  0.1346
Z -0.0540 -0.1331  0.9896

PART 41
OFFSET  7.8607 -2.6948 -4.4560
X  0.9982 -0.0313  0.0502
Y  0.0243  0.9906  0.1346
Z -0.0540 -0.1331  0.9896

PART 42
OFFSET  14.3209 -4.0082 -2.1734
X  0.9982 -0.0313  0.0502
Y  0.0243  0.9906  0.1346
Z -0.0540 -0.1331  0.9896

PART 43
OFFSET  12.0503 -2.8490 -3.9662
X  0.9982 -0.0313  0.0502
Y  0.0243  0.9906  0.1346
Z -0.0540 -0.1331  0.9896

PART 44
OFFSET -13.9227 -7.9373 -3.1869
X -0.6208  0.0054  0.7840
Y -0.1392 -0.9848 -0.1034
Z  0.7715 -0.1734  0.6121

PART 45
OFFSET -6.4150 -8.0029 -12.6681
X -0.8229 -0.3476 -0.4495
Y  0.4981 -0.0606 -0.8650
Z  0.2735 -0.9357  0.2230

PART 46
OFFSET  0.5837 -5.0461 -8.8449
X -0.8229 -0.3476 -0.4495
Y  0.5050 -0.0846 -0.8590
Z  0.2606 -0.9338  0.2452

PART 47
OFFSET  1.0857 -3.4302 -7.8141
X -0.8266 -0.3447 -0.4449
Y -0.2783  0.9374 -0.2093
Z  0.4892 -0.0492 -0.8708

PART 48
OFFSET  1.0897 -3.8061 -6.6763
X -0.8266 -0.3447 -0.4449
Y -0.2783  0.9374 -0.2093
Z  0.4892 -0.0492 -0.8708

PART 49
OFFSET  1.6412 -5.0239 -6.5226
X -0.8266 -0.3447 -0.4449
Y -0.2783  0.9374 -0.2093
Z  0.4892 -0.0492 -0.8708

PART 50
OFFSET  3.1063 -3.9803 -7.4669
X -0.9422 -0.0757 -0.3264
Y  0.3310 -0.0593 -0.9418
Z  0.0519 -0.9954  0.0809

PART 51
OFFSET  3.1894 -3.4803 -6.4445
X -0.4851 -0.5845 -0.6504
Y  0.6249  0.2887 -0.7254
Z  0.6117 -0.7583  0.2252

PART 52
OFFSET  4.1399 -2.2057 -4.9810
X -0.9233 -0.3503  0.1573
Y -0.0252 -0.3535 -0.9351
Z  0.3832 -0.8673  0.3176

PART 53
OFFSET  5.5860 -1.5641 -5.3263
X -0.5788 -0.1170  0.8070
Y -0.6465 -0.5374 -0.5416
Z  0.4971 -0.8352  0.2354

PART 54
OFFSET  6.2002 -1.3902 -6.2006
X -0.8798  0.3393  0.3329
Y  0.1501  0.8628 -0.4827
Z -0.4511 -0.3747 -0.8100

PART 55
OFFSET  4.2476 -3.7787 -8.2155
X -0.9513 -0.2708  0.1470
Y  0.2868 -0.9526  0.1013
Z  0.1126  0.1386  0.9839

PART 56
OFFSET  6.3663 -3.0332 -8.4150
X -0.1340 -0.9884 -0.0716
Y  0.9584 -0.1109 -0.2630
Z  0.2520 -0.1038  0.9621

PART 57
OFFSET  6.5561 -1.6339 -8.3137
X  0.7669 -0.5834 -0.2675
Y  0.6023  0.7981 -0.0136
Z  0.2214 -0.1507  0.9635

PART 58
OFFSET  5.8761 -1.1167 -8.0765
X  0.9264  0.3091 -0.2151
Y -0.2779  0.9466  0.1636
Z  0.2542 -0.0918  0.9628

PART 59
OFFSET  4.9960 -1.4103 -7.8722
X -0.5709 -0.8174 -0.0774
Y -0.7738  0.5041  0.3836
Z -0.2745  0.2789 -0.9202

PART 60
OFFSET  4.2421 -3.8616 -7.5065
X -0.9753 -0.2164 -0.0431
Y  0.2093 -0.9691  0.1305
Z -0.0700  0.1183  0.9905

PART 61
OFFSET  6.7885 -3.3388 -7.5389
X -0.1661 -0.9852  0.0431
Y  0.9499 -0.1716 -0.2613
Z  0.2648 -0.0024  0.9643

PART 62
OFFSET  7.0713 -1.6616 -7.6124
X  0.8822 -0.4042 -0.2414
Y  0.3975  0.9143 -0.0781
Z  0.2523 -0.0271  0.9673

PART 63
OFFSET  5.8486 -1.1014 -7.2778
X  0.8570  0.4723 -0.2060
Y -0.4524  0.8811  0.1379
Z  0.2466 -0.0250  0.9688

PART 64
OFFSET  4.9191 -1.6137 -7.0543
X -0.4316 -0.8915  0.1377
Y -0.8720  0.4514  0.1893
Z -0.2309 -0.0383 -0.9722

PART 65
OFFSET -1.0671 -4.7786 -7.9855
X -0.9361 -0.3365 -0.1024
Y -0.3105  0.9273 -0.2090
Z  0.1653 -0.1639 -0.9725

PART 66
OFFSET  6.5473 -4.0107 -5.4547
X -0.9811 -0.1552 -0.1154
Y  0.1562 -0.9877 -0.0002
Z -0.1140 -0.0182  0.9933

PART 67
OFFSET  8.2747 -3.7375 -5.2515
X -0.9762 -0.1872 -0.1091
Y  0.1819 -0.9817  0.0570
Z -0.1178  0.0358  0.9924

PART 68
OFFSET  9.4544 -3.5077 -5.0586
X -0.9647 -0.1941 -0.1779
Y  0.1904 -0.9810  0.0380
Z -0.1819  0.0028  0.9833

PART 69
OFFSET  10.5440 -3.2885 -4.8576
X  0.0910  0.9495  0.3002
Y  0.9927 -0.1103  0.0479
Z  0.0786  0.2937 -0.9527

PART 70
OFFSET  6.7966 -3.9045 -6.5258
X -0.2967 -0.9522  0.0730
Y  0.9520 -0.3009 -0.0556
Z  0.0749  0.0530  0.9958

PART 71
OFFSET  7.3763 -2.0444 -6.6683
X  0.8138 -0.5802 -0.0346
Y  0.5720  0.8100 -0.1290
Z  0.1029  0.0852  0.9910

PART 72
OFFSET  6.1877 -1.1970 -6.6178
X  0.9069  0.3901 -0.1592
Y -0.4064  0.9096 -0.0863
Z  0.1111  0.1430  0.9835

PART 73
OFFSET  5.1595 -1.6392 -6.4446
X -0.4429 -0.8893  0.1143
Y -0.8840  0.4544  0.1096
Z -0.1494 -0.0525 -0.9874

PART 74
OFFSET  1.0856 -3.4302 -7.8140
X -0.8266 -0.3447 -0.4449
Y -0.2783  0.9374 -0.2093
Z  0.4892 -0.0492 -0.8708

PART 75
OFFSET  1.0895 -3.8059 -6.6762
X -0.8266 -0.3447 -0.4449
Y -0.2783  0.9374 -0.2093
Z  0.4892 -0.0492 -0.8708

PART 76
OFFSET  1.6413 -5.0239 -6.5227
X -0.8266 -0.3447 -0.4449
Y -0.2783  0.9374 -0.2093
Z  0.4892 -0.0492 -0.8708

PART 77
OFFSET  0.0000 -0.0000 -0.0000
X  1.0000 -0.0000  0.0000
