// Export filename: `C:\projects\cod\t5\xanim_export\t5_viewmodels\ak74u\ak74u_dualclip_grip_reload_quick.XANIM_EXPORT`
// Source filename: `D:\projects\devanim\t5\animation_assets\viewmodels\ak74u/t5_viewmodel_ak74u_animated.fbx`
// Export time: Sat Aug 28 20:02:21 2010

ANIMATION
VERSION 3

NUMPARTS 80
PART 0 "tag_ads"
PART 1 "tag_torso"
PART 2 "J_Shoulder_LE"
PART 3 "J_Elbow_LE"
PART 4 "J_WristTwist_LE"
PART 5 "J_Sleave_Reshape_Bottom_LE_1"
PART 6 "J_Sleave_Reshape_Bottom_LE_2"
PART 7 "J_Sleave_Reshape_Top_LE_1"
PART 8 "J_Sleave_Reshape_Top_LE_2"
PART 9 "J_Sleave_Reshape_Top_LE_3"
PART 10 "J_Wrist_LE"
PART 11 "J_Thumb_LE_0"
PART 12 "J_Thumb_LE_1"
PART 13 "J_Thumb_LE_2"
PART 14 "J_Thumb_LE_3"
PART 15 "J_PinkyPalm_LE"
PART 16 "J_Pinky_LE_0"
PART 17 "J_Pinky_LE_1"
PART 18 "J_Pinky_LE_2"
PART 19 "J_Pinky_LE_3"
PART 20 "J_RingPalm_LE"
PART 21 "J_Ring_LE_0"
PART 22 "J_Ring_LE_1"
PART 23 "J_Ring_LE_2"
PART 24 "J_Ring_LE_3"
PART 25 "J_Webbing_LE"
PART 26 "J_Index_LE_0"
PART 27 "J_Index_LE_1"
PART 28 "J_Index_LE_2"
PART 29 "J_Index_LE_3"
PART 30 "J_Mid_LE_0"
PART 31 "J_Mid_LE_1"
PART 32 "J_Mid_LE_2"
PART 33 "J_Mid_LE_3"
PART 34 "tag_knife_attach"
PART 35 "D_Sleave_Reshape_Bottom_LE_1"
PART 36 "D_Sleave_Reshape_Bottom_LE_2"
PART 37 "D_Sleave_Reshape_Top_LE_1"
PART 38 "D_Sleave_Reshape_Top_LE_2"
PART 39 "D_Sleave_Reshape_Top_LE_3"
PART 40 "tag_weapon"
PART 41 "J_Gun"
PART 42 "J_Bolt"
PART 43 "TAG_DUAL_CLIP"
PART 44 "J_Shoulder_RI"
PART 45 "J_Elbow_RI"
PART 46 "J_WristTwist_RI"
PART 47 "J_Sleave_Reshape_Top_RI_3"
PART 48 "J_Sleave_Reshape_Top_RI_2"
PART 49 "J_Sleave_Reshape_Top_RI_1"
PART 50 "J_Wrist_RI"
PART 51 "J_Thumb_RI_0"
PART 52 "J_Thumb_RI_1"
PART 53 "J_Thumb_RI_2"
PART 54 "J_Thumb_RI_3"
PART 55 "J_PinkyPalm_RI"
PART 56 "J_Pinky_RI_0"
PART 57 "J_Pinky_RI_1"
PART 58 "J_Pinky_RI_2"
PART 59 "J_Pinky_RI_3"
PART 60 "J_RingPalm_RI"
PART 61 "J_Ring_RI_0"
PART 62 "J_Ring_RI_1"
PART 63 "J_Ring_RI_2"
PART 64 "J_Ring_RI_3"
PART 65 "J_Webbing_RI"
PART 66 "J_Index_RI_0"
PART 67 "J_Index_RI_1"
PART 68 "J_Index_RI_2"
PART 69 "J_Index_RI_3"
PART 70 "J_Mid_RI_0"
PART 71 "J_Mid_RI_1"
PART 72 "J_Mid_RI_2"
PART 73 "J_Mid_RI_3"
PART 74 "D_Sleave_Reshape_Top_RI_3"
PART 75 "D_Sleave_Reshape_Top_RI_2"
PART 76 "D_Sleave_Reshape_Top_RI_1"
PART 77 "tag_cambone"
PART 78 "tag_camera"
PART 79 "tag_gasmask"

FRAMERATE 30
NUMFRAMES 56

FRAME 5800
PART 0
OFFSET  0.0000 -0.0000 -0.0000
X  1.0000 -0.0000  0.0000
Y  0.0000  1.0000  0.0000
Z  0.0000 -0.0000  1.0000

PART 1
OFFSET -4.6318 -0.0000 -1.3770
X  1.0000 -0.0000  0.0000
Y  0.0000  1.0000  0.0000
Z  0.0000 -0.0000  1.0000

PART 2
OFFSET -1.6642  7.9373 -3.1869
X  0.7233 -0.2668 -0.6370
Y -0.1082 -0.9548  0.2770
Z -0.6820 -0.1315 -0.7194

PART 3
OFFSET  7.0828  4.7109 -10.8903
X  0.8419 -0.4587  0.2842
Y -0.3114  0.0172  0.9501
Z -0.4407 -0.8884 -0.1284

PART 4
OFFSET  14.2434  0.8091 -8.4727
X  0.8419 -0.4587  0.2842
Y -0.3424 -0.0470  0.9384
Z -0.4171 -0.8873 -0.1966

PART 5
OFFSET  16.4963  1.5160 -8.4668
X  0.8449 -0.4564  0.2789
Y  0.4428  0.8894  0.1139
Z -0.3000  0.0273  0.9535

PART 6
OFFSET  15.1663 -0.3265 -9.4711
X  0.8449 -0.4564  0.2789
Y  0.4428  0.8894  0.1139
Z -0.3000  0.0273  0.9535

PART 7
OFFSET  15.7460  0.6517 -6.4162
X  0.8449 -0.4564  0.2789
Y  0.4428  0.8894  0.1139
Z -0.3000  0.0273  0.9535

PART 8
OFFSET  15.0110 -0.4759 -6.4095
X  0.8449 -0.4564  0.2789
Y  0.4428  0.8894  0.1139
Z -0.3000  0.0273  0.9535

PART 9
OFFSET  14.7192 -0.8548 -7.5081
X  0.8449 -0.4564  0.2789
Y  0.4428  0.8894  0.1139
Z -0.3000  0.0273  0.9535

PART 10
OFFSET  16.8243 -0.5972 -7.6013
X  0.8454 -0.3940  0.3606
Y -0.3904  0.0049  0.9206
Z -0.3645 -0.9191 -0.1497

PART 11
OFFSET  16.6782 -1.1471 -6.6121
X  0.1769 -0.8655  0.4686
Y -0.5291  0.3178  0.7868
Z -0.8299 -0.3871 -0.4017

PART 12
OFFSET  16.9610 -3.0046 -5.5447
X  0.7292 -0.6256 -0.2774
Y -0.2044 -0.5859  0.7842
Z -0.6531 -0.5151 -0.5551

PART 13
OFFSET  18.0771 -4.0373 -6.1014
X  0.5254 -0.0018 -0.8509
Y  0.3954 -0.8850  0.2460
Z -0.7534 -0.4657 -0.4642

PART 14
OFFSET  18.6175 -4.0756 -7.0386
X  0.9533  0.1154 -0.2792
Y  0.1506  0.6196  0.7703
Z  0.2619 -0.7764  0.5733

PART 15
OFFSET  17.8841 -1.1216 -8.3121
X  0.9004 -0.3653 -0.2363
Y -0.4126 -0.8894 -0.1968
Z -0.1383  0.2747 -0.9515

PART 16
OFFSET  19.8766 -2.0916 -8.7286
X  0.1824 -0.9765  0.1148
Y -0.9743 -0.1638  0.1548
Z -0.1324 -0.1401 -0.9812

PART 17
OFFSET  20.1349 -3.4741 -8.5661
X -0.9452 -0.2896  0.1507
Y -0.3110  0.9391 -0.1462
Z -0.0992 -0.1851 -0.9777

PART 18
OFFSET  19.2968 -3.7309 -8.4325
X -0.8935  0.4466  0.0466
Y  0.4351  0.8867 -0.1563
Z -0.1112 -0.1194 -0.9866

PART 19
OFFSET  18.4479 -3.3065 -8.3881
X  0.4263 -0.8810  0.2051
Y  0.8894  0.3669 -0.2727
Z  0.1650  0.2987  0.9400

PART 20
OFFSET  17.8614 -1.0767 -7.6001
X  0.9222 -0.3820  0.0595
Y -0.3643 -0.9101 -0.1973
Z  0.1296  0.1603 -0.9785

PART 21
OFFSET  20.2822 -2.0243 -7.5866
X  0.0244 -0.9967 -0.0768
Y -0.9973 -0.0296  0.0672
Z -0.0693  0.0750 -0.9948

PART 22
OFFSET  20.3237 -3.7213 -7.7173
X -0.9898 -0.1318  0.0540
Y -0.1287  0.9901  0.0560
Z -0.0608  0.0485 -0.9970

PART 23
OFFSET  18.9519 -3.9039 -7.6425
X -0.6186  0.7824  0.0722
Y  0.7838  0.6208 -0.0125
Z -0.0546  0.0489 -0.9973

PART 24
OFFSET  18.2811 -3.0553 -7.5642
X  0.0563 -0.9933 -0.1011
Y  0.9983  0.0575 -0.0087
Z  0.0145 -0.1004  0.9948

PART 25
OFFSET  18.6152 -2.2967 -5.1081
X  0.7696 -0.6273  0.1196
Y  0.5789  0.7644  0.2839
Z -0.2695 -0.1492  0.9514

PART 26
OFFSET  19.9595 -1.7873 -5.4461
X  0.3284 -0.9432 -0.0502
Y -0.9288 -0.3127 -0.1990
Z  0.1720  0.1120 -0.9787

PART 27
OFFSET  20.5376 -3.4479 -5.5346
X -0.9210 -0.2730 -0.2780
Y -0.2894  0.9570  0.0187
Z  0.2609  0.0977 -0.9604

PART 28
OFFSET  19.4021 -3.7858 -5.8141
X -0.7592  0.6453 -0.0846
Y  0.6388  0.7637  0.0930
Z  0.1247  0.0165 -0.9921

PART 29
OFFSET  18.5446 -3.0568 -5.9098
X -0.2945 -0.8949 -0.3354
Y  0.8917 -0.3835  0.2405
Z -0.3438 -0.2283  0.9109

PART 30
OFFSET  20.2275 -1.9154 -6.5102
X  0.1439 -0.9895 -0.0094
Y -0.9835 -0.1420 -0.1117
Z  0.1092  0.0253 -0.9937

PART 31
OFFSET  20.5086 -3.8486 -6.5286
X -0.9930 -0.0691 -0.0957
Y -0.0748  0.9955  0.0573
Z  0.0913  0.0641 -0.9938

PART 32
OFFSET  19.0582 -3.9495 -6.6683
X -0.6009  0.7989  0.0264
Y  0.7912  0.5898  0.1616
Z  0.1136  0.1180 -0.9865

PART 33
OFFSET  18.3779 -3.0443 -6.6455
X -0.0519 -0.9968 -0.0604
Y  0.9980 -0.0539  0.0329
Z -0.0360 -0.0586  0.9976

PART 34
OFFSET  18.7712 -3.0687 -7.3478
X  0.0648  0.1353 -0.9887
Y  0.3645  0.9191  0.1497
Z  0.9289 -0.3701  0.0102

PART 35
OFFSET  16.1435  0.9469 -8.9640
X  0.8449 -0.4564  0.2789
Y  0.4428  0.8894  0.1139
Z -0.3000  0.0273  0.9535

PART 36
OFFSET  15.1663 -0.3265 -9.4711
X  0.8449 -0.4564  0.2789
Y  0.4428  0.8894  0.1139
Z -0.3000  0.0273  0.9535

PART 37
OFFSET  15.7460  0.6517 -6.4162
X  0.8449 -0.4564  0.2789
Y  0.4428  0.8894  0.1139
Z -0.3000  0.0273  0.9535

PART 38
OFFSET  15.0110 -0.4759 -6.4095
X  0.8449 -0.4564  0.2789
Y  0.4428  0.8894  0.1139
Z -0.3000  0.0273  0.9535

PART 39
OFFSET  14.7192 -0.8548 -7.5081
X  0.8449 -0.4564  0.2789
Y  0.4428  0.8894  0.1139
Z -0.3000  0.0273  0.9535

PART 40
OFFSET  7.7688 -2.6416 -4.8099
X  1.0000 -0.0000  0.0000
Y  0.0000  1.0000  0.0000
Z  0.0000 -0.0000  1.0000

PART 41
OFFSET  7.7688 -2.6416 -4.8099
X  1.0000 -0.0000  0.0000
Y  0.0000  1.0000  0.0000
Z  0.0000 -0.0000  1.0000

PART 42
OFFSET  14.3735 -3.4784 -2.7246
X  1.0000 -0.0000  0.0000
Y  0.0000  1.0000  0.0000
Z  0.0000 -0.0000  1.0000

PART 43
OFFSET  11.9805 -2.6266 -4.5307
X  1.0000 -0.0000  0.0000
Y  0.0000  1.0000  0.0000
Z  0.0000 -0.0000  1.0000

PART 44
OFFSET -13.9227 -7.9373 -3.1869
X -0.6053  0.0162  0.7958
Y -0.1718 -0.9789 -0.1107
Z  0.7772 -0.2037  0.5953

PART 45
OFFSET -6.6022 -8.1338 -12.8116
X -0.8222 -0.3196 -0.4710
Y  0.5121 -0.0542 -0.8572
Z  0.2484 -0.9460  0.2082

PART 46
OFFSET  0.3912 -5.4156 -8.8058
X -0.8222 -0.3196 -0.4710
Y  0.5374 -0.1634 -0.8273
Z  0.1874 -0.9334  0.3061

PART 47
OFFSET  0.9106 -3.8330 -7.7329
X -0.8259 -0.3166 -0.4664
Y -0.2534  0.9476 -0.1946
Z  0.5036 -0.0425 -0.8629

PART 48
OFFSET  0.8857 -4.2320 -6.6033
X -0.8259 -0.3166 -0.4664
Y -0.2534  0.9476 -0.1946
Z  0.5036 -0.0425 -0.8629

PART 49
OFFSET  1.4070 -5.4649 -6.4654
X -0.8259 -0.3166 -0.4664
Y -0.2534  0.9476 -0.1946
Z  0.5036 -0.0425 -0.8629

PART 50
OFFSET  2.9119 -4.4359 -7.3619
X -0.9546 -0.1418 -0.2621
Y  0.2850 -0.1775 -0.9420
Z  0.0871 -0.9739  0.2098

PART 51
OFFSET  3.0305 -3.8010 -6.4212
X -0.4986 -0.6783 -0.5397
Y  0.5783  0.2035 -0.7900
Z  0.6457 -0.7060  0.2908

PART 52
OFFSET  4.0128 -2.3183 -5.1938
X -0.9028 -0.3483  0.2521
Y -0.0610 -0.4767 -0.8770
Z  0.4256 -0.8071  0.4091

PART 53
OFFSET  5.4190 -1.6940 -5.6990
X -0.5336 -0.0214  0.8455
Y -0.6557 -0.6209 -0.4295
Z  0.5342 -0.7836  0.3173

PART 54
OFFSET  5.9827 -1.6245 -6.6205
X -0.8721  0.3596  0.3318
Y  0.0986  0.7934 -0.6007
Z -0.4792 -0.4912 -0.7274

PART 55
OFFSET  4.0072 -4.3092 -8.1912
X -0.9338 -0.2716  0.2329
Y  0.3213 -0.9230  0.2116
Z  0.1575  0.2724  0.9492

PART 56
OFFSET  6.0889 -3.5460 -8.6022
X -0.1064 -0.9920  0.0680
Y  0.9470 -0.1219 -0.2972
Z  0.3031  0.0328  0.9524

PART 57
OFFSET  6.2395 -2.1416 -8.6984
X  0.7704 -0.5952 -0.2284
Y  0.5756  0.8034 -0.1522
Z  0.2741 -0.0142  0.9616

PART 58
OFFSET  5.5564 -1.6139 -8.4959
X  0.9043  0.2998 -0.3040
Y -0.2988  0.9530  0.0509
Z  0.3049  0.0448  0.9513

PART 59
OFFSET  4.6973 -1.8987 -8.2071
X -0.5482 -0.8340  0.0630
Y -0.7690  0.5322  0.3543
Z -0.3290  0.1458 -0.9330

PART 60
OFFSET  4.0399 -4.2960 -7.4782
X -0.9690 -0.2439  0.0388
Y  0.2458 -0.9373  0.2469
Z -0.0239  0.2488  0.9683

PART 61
OFFSET  6.5638 -3.7206 -7.7173
X -0.1328 -0.9741  0.1828
Y  0.9405 -0.1821 -0.2870
Z  0.3128  0.1338  0.9403

PART 62
OFFSET  6.7899 -2.0621 -8.0285
X  0.8812 -0.4114 -0.2327
Y  0.3642  0.9048 -0.2204
Z  0.3012  0.1095  0.9472

PART 63
OFFSET  5.5686 -1.4920 -7.7060
X  0.8304  0.4610 -0.3130
Y -0.4723  0.8804  0.0436
Z  0.2956  0.1116  0.9488

PART 64
OFFSET  4.6680 -1.9919 -7.3665
X -0.3960 -0.8751  0.2782
Y -0.8751  0.4514  0.1743
Z -0.2781 -0.1744 -0.9446

PART 65
OFFSET -1.2553 -5.3980 -7.5437
X -0.9291 -0.3699 -0.0061
Y -0.3495  0.8829 -0.3136
Z  0.1213 -0.2892 -0.9496

PART 66
OFFSET  6.4488 -4.1115 -5.5522
X -0.9803 -0.1931 -0.0406
Y  0.1869 -0.9747  0.1229
Z -0.0633  0.1129  0.9916

PART 67
OFFSET  8.1748 -3.7715 -5.4807
X -0.9741 -0.2239 -0.0304
Y  0.2152 -0.9603  0.1773
Z -0.0689  0.1662  0.9837

PART 68
OFFSET  9.3549 -3.4893 -5.3840
X -0.9659 -0.2397 -0.0981
Y  0.2227 -0.9620  0.1579
Z -0.1323  0.1307  0.9826

PART 69
OFFSET  10.4459 -3.2185 -5.2731
X  0.0762  0.9832  0.1658
Y  0.9969 -0.0787  0.0085
Z  0.0214  0.1646 -0.9861

PART 70
OFFSET  6.6406 -4.1444 -6.6397
X -0.2627 -0.9406  0.2150
Y  0.9570 -0.2824 -0.0663
Z  0.1231  0.1883  0.9744

PART 71
OFFSET  7.1538 -2.3069 -7.0597
X  0.8288 -0.5596 -0.0009
Y  0.5392  0.7990 -0.2664
Z  0.1498  0.2203  0.9639

PART 72
OFFSET  5.9432 -1.4895 -7.0585
X  0.8851  0.3871 -0.2584
Y -0.4386  0.8795 -0.1846
Z  0.1558  0.2767  0.9482

PART 73
OFFSET  4.9394 -1.9293 -6.7726
X -0.4085 -0.8763  0.2554
Y -0.8912  0.4434  0.0957
Z -0.1971 -0.1885 -0.9621

PART 74
OFFSET  0.9106 -3.8330 -7.7328
X -0.8259 -0.3166 -0.4664
Y -0.2534  0.9476 -0.1946
Z  0.5036 -0.0425 -0.8629

PART 75
OFFSET  0.8856 -4.2318 -6.6032
X -0.8259 -0.3166 -0.4664
Y -0.2534  0.9476 -0.1946
Z  0.5036 -0.0425 -0.8629

PART 76
OFFSET  1.4071 -5.4649 -6.4655
X -0.8259 -0.3166 -0.4664
Y -0.2534  0.9476 -0.1946
Z  0.5036 -0.0425 -0.8629

PART 77
OFFSET  0.0000 -0.0000 -0.0000
X  1.0000 -0.0000  0.0000
Y  0.0000  1.0000  0.0000
Z  0.0000 -0.0000  1.0000

PART 78
OFFSET  0.0000 -0.0000 -0.0000
X  1.0000 -0.0000  0.0000
Y  0.0000  1.0000  0.0000
Z  0.0000 -0.0000  1.0000

PART 79
OFFSET  1.5404 -0.0000  4.1357
X  1.0000 -0.0000  0.0000
Y  0.0000  1.0000  0.0000
Z  0.0000 -0.0000  1.0000


FRAME 5801
PART 0
OFFSET  0.0000 -0.0000 -0.0000
X  1.0000 -0.0000  0.0000
Y  0.0000  1.0000  0.0000
Z  0.0000 -0.0000  1.0000

PART 1
OFFSET -4.6318 -0.0000 -1.3770
X  1.0000 -0.0000  0.0000
Y  0.0000  1.0000  0.0000
Z  0.0000 -0.0000  1.0000

PART 2
OFFSET -1.7081  7.9847 -3.1395
X  0.6978 -0.2502 -0.6712
Y -0.0898 -0.9602  0.2646
Z -0.7106 -0.1244 -0.6925

PART 3
OFFSET  6.7310  4.9590 -11.2567
X  0.8329 -0.4558  0.3139
Y -0.3363  0.0335  0.9411
Z -0.4395 -0.8895 -0.1254

PART 4
OFFSET  13.8152  1.0825 -8.5868
X  0.8329 -0.4558  0.3139
Y -0.3719 -0.0409  0.9274
Z -0.4098 -0.8892 -0.2036

PART 5
OFFSET  16.0690  1.7846 -8.5329
X  0.8361 -0.4535  0.3086
Y  0.4419  0.8902  0.1109
Z -0.3250  0.0436  0.9447

PART 6
OFFSET  14.7612 -0.0714 -9.5417
X  0.8361 -0.4535  0.3086
Y  0.4419  0.8902  0.1109
Z -0.3250  0.0436  0.9447

PART 7
OFFSET  15.2625  0.9558 -6.4890
X  0.8361 -0.4535  0.3086
Y  0.4419  0.8902  0.1109
Z -0.3250  0.0436  0.9447

PART 8
OFFSET  14.5248 -0.1699 -6.4832
X  0.8361 -0.4535  0.3086
Y  0.4419  0.8902  0.1109
Z -0.3250  0.0436  0.9447

PART 9
OFFSET  14.2612 -0.5663 -7.5828
X  0.8361 -0.4535  0.3086
Y  0.4419  0.8902  0.1109
Z -0.3250  0.0436  0.9447

PART 10
OFFSET  16.3686 -0.3147 -7.6244
X  0.8516 -0.3831  0.3579
Y -0.3886 -0.0032  0.9214
Z -0.3519 -0.9237 -0.1516

PART 11
OFFSET  16.2322 -0.8694 -6.6365
X  0.1695 -0.8472  0.5034
Y -0.5642  0.3354  0.7545
Z -0.8081 -0.4119 -0.4212

PART 12
OFFSET  16.4967 -2.6871 -5.4983
X  0.7461 -0.6394 -0.1858
Y -0.2559 -0.5330  0.8065
Z -0.6147 -0.5542 -0.5613

PART 13
OFFSET  17.6476 -3.7496 -5.9092
X  0.6222 -0.1674 -0.7648
Y  0.3089 -0.8452  0.4362
Z -0.7193 -0.5076 -0.4742

PART 14
OFFSET  18.2928 -3.9682 -6.7505
X  0.9850  0.0284 -0.1700
Y  0.0947  0.7352  0.6712
Z  0.1441 -0.6773  0.7215

PART 15
OFFSET  17.4342 -0.8222 -8.3388
X  0.9057 -0.3507 -0.2384
Y -0.3972 -0.8984 -0.1875
Z -0.1484  0.2645 -0.9529

PART 16
OFFSET  19.4420 -1.7588 -8.7586
X  0.3057 -0.9458  0.1096
Y -0.9397 -0.2811  0.1948
Z -0.1535 -0.1625 -0.9747

PART 17
OFFSET  19.8748 -3.0978 -8.6035
X -0.8307 -0.5172  0.2061
Y -0.5448  0.8314 -0.1092
Z -0.1149 -0.2030 -0.9724

PART 18
OFFSET  19.1383 -3.5564 -8.4208
X -0.9820  0.1436  0.1230
Y  0.1231  0.9793 -0.1605
Z -0.1435 -0.1424 -0.9794

PART 19
OFFSET  18.2054 -3.4200 -8.3039
X  0.6945 -0.7040  0.1483
Y  0.7067  0.6289 -0.3240
Z  0.1348  0.3298  0.9344

PART 20
OFFSET  17.4124 -0.7796 -7.6266
X  0.9276 -0.3692  0.0567
Y -0.3518 -0.9146 -0.1992
Z  0.1254  0.1648 -0.9783

PART 21
OFFSET  19.8450 -1.6966 -7.6220
X  0.1628 -0.9849 -0.0593
Y -0.9836 -0.1667  0.0683
Z -0.0771  0.0472 -0.9959

PART 22
OFFSET  20.1222 -3.3733 -7.7230
X -0.9149 -0.4004  0.0505
Y -0.3984  0.9161  0.0462
Z -0.0648  0.0221 -0.9977

PART 23
OFFSET  18.8542 -3.9283 -7.6530
X -0.8759  0.4782  0.0634
Y  0.4788  0.8779 -0.0068
Z -0.0589  0.0244 -0.9980

PART 24
OFFSET  17.9042 -3.4096 -7.5843
X  0.4413 -0.8921 -0.0971
Y  0.8964  0.4433  0.0010
Z  0.0422 -0.0875  0.9953

PART 25
OFFSET  18.1881 -1.9959 -5.1396
X  0.7786 -0.6167  0.1163
Y  0.5687  0.7717  0.2849
Z -0.2655 -0.1557  0.9515

PART 26
OFFSET  19.5244 -1.4667 -5.4788
X  0.4393 -0.8980 -0.0240
Y -0.8833 -0.4269 -0.1939
Z  0.1639  0.1063 -0.9807

PART 27
OFFSET  20.2979 -3.0477 -5.5210
X -0.8089 -0.5208 -0.2728
Y -0.5321  0.8459 -0.0372
Z  0.2502  0.1150 -0.9613

PART 28
OFFSET  19.2994 -3.6879 -5.7942
X -0.9390  0.3178 -0.1317
Y  0.3137  0.9481  0.0509
Z  0.1411  0.0065 -0.9900

PART 29
OFFSET  18.2388 -3.3289 -5.9430
X  0.0621 -0.9575 -0.2816
Y  0.9621 -0.0176  0.2721
Z -0.2655 -0.2878  0.9202

PART 30
OFFSET  19.7921 -1.5880 -6.5437
X  0.2682 -0.9631  0.0201
Y -0.9590 -0.2689 -0.0895
Z  0.0916  0.0047 -0.9958

PART 31
OFFSET  20.3161 -3.4696 -6.5045
X -0.9349 -0.3465 -0.0773
Y -0.3486  0.9371  0.0150
Z  0.0672  0.0410 -0.9969

PART 32
OFFSET  18.9506 -3.9757 -6.6173
X -0.8607  0.5090 -0.0136
Y  0.5037  0.8551  0.1225
Z  0.0739  0.0986 -0.9924

PART 33
OFFSET  17.9760 -3.3992 -6.6398
X  0.3335 -0.9427 -0.0044
Y  0.9424  0.3332  0.0282
Z -0.0251 -0.0135  0.9996

PART 34
OFFSET  18.3506 -2.7593 -7.3818
X  0.0609  0.1390 -0.9884
Y  0.3519  0.9237  0.1516
Z  0.9341 -0.3570  0.0073

PART 35
OFFSET  15.7280  1.2081 -9.0299
X  0.8361 -0.4535  0.3086
Y  0.4419  0.8902  0.1109
Z -0.3250  0.0436  0.9447

PART 36
OFFSET  14.7612 -0.0714 -9.5417
X  0.8361 -0.4535  0.3086
Y  0.4419  0.8902  0.1109
Z -0.3250  0.0436  0.9447

PART 37
OFFSET  15.2625  0.9558 -6.4890
X  0.8361 -0.4535  0.3086
Y  0.4419  0.8902  0.1109
Z -0.3250  0.0436  0.9447

PART 38
OFFSET  14.5248 -0.1699 -6.4832
X  0.8361 -0.4535  0.3086
Y  0.4419  0.8902  0.1109
Z -0.3250  0.0436  0.9447

PART 39
OFFSET  14.2612 -0.5663 -7.5828
X  0.8361 -0.4535  0.3086
Y  0.4419  0.8902  0.1109
Z -0.3250  0.0436  0.9447

PART 40
OFFSET  7.7799 -2.6481 -4.7624
X  1.0000 -0.0041  0.0066
Y  0.0040  0.9998  0.0176
Z -0.0067 -0.0176  0.9998

PART 41
OFFSET  7.7799 -2.6481 -4.7624
X  1.0000 -0.0041  0.0066
Y  0.0040  0.9998  0.0176
Z -0.0067 -0.0176  0.9998

PART 42
OFFSET  14.3671 -3.5485 -2.6485
X  1.0000 -0.0041  0.0066
Y  0.0040  0.9998  0.0176
Z -0.0067 -0.0176  0.9998

PART 43
OFFSET  11.9897 -2.6553 -4.4551
X  1.0000 -0.0041  0.0066
Y  0.0040  0.9998  0.0176
Z -0.0067 -0.0176  0.9998

PART 44
OFFSET -13.9227 -7.9373 -3.1869
X -0.6068  0.0142  0.7947
Y -0.1679 -0.9796 -0.1107
Z  0.7769 -0.2006  0.5968

PART 45
OFFSET -6.5842 -8.1096 -12.7983
X -0.8225 -0.3225 -0.4685
Y  0.5101 -0.0541 -0.8584
Z  0.2516 -0.9450  0.2090

PART 46
OFFSET  0.4115 -5.3662 -8.8138
X -0.8225 -0.3225 -0.4685
Y  0.5339 -0.1540 -0.8314
Z  0.1960 -0.9339  0.2989

PART 47
OFFSET  0.9292 -3.7805 -7.7445
X -0.8262 -0.3196 -0.4639
Y -0.2565  0.9466 -0.1953
Z  0.5016 -0.0424 -0.8641

PART 48
OFFSET  0.9082 -4.1779 -6.6142
X -0.8262 -0.3196 -0.4639
Y -0.2565  0.9466 -0.1953
Z  0.5016 -0.0424 -0.8641

PART 49
OFFSET  1.4333 -5.4092 -6.4758
X -0.8262 -0.3196 -0.4639
Y -0.2565  0.9466 -0.1953
Z  0.5016 -0.0424 -0.8641

PART 50
OFFSET  2.9330 -4.3773 -7.3776
X -0.9534 -0.1332 -0.2709
Y  0.2906 -0.1621 -0.9430
Z  0.0818 -0.9777  0.1932

PART 51
OFFSET  3.0479 -3.7595 -6.4251
X -0.4977 -0.6667 -0.5548
Y  0.5844  0.2150 -0.7825
Z  0.6409 -0.7137  0.2826

PART 52
OFFSET  4.0279 -2.3026 -5.1654
X -0.9059 -0.3490  0.2400
Y -0.0570 -0.4610 -0.8856
Z  0.4197 -0.8159  0.3977

PART 53
OFFSET  5.4399 -1.6754 -5.6501
X -0.5393 -0.0340  0.8414
Y -0.6553 -0.6106 -0.4447
Z  0.5289 -0.7912  0.3070

PART 54
OFFSET  6.0101 -1.5920 -6.5665
X -0.8729  0.3573  0.3323
Y  0.1058  0.8034 -0.5860
Z -0.4763 -0.4764 -0.7391

PART 55
OFFSET  4.0344 -4.2405 -8.1972
X -0.9364 -0.2718  0.2219
Y  0.3161 -0.9279  0.1975
Z  0.1522  0.2551  0.9549

PART 56
OFFSET  6.1218 -3.4789 -8.5810
X -0.1108 -0.9926  0.0498
Y  0.9485 -0.1206 -0.2930
Z  0.2969  0.0148  0.9548

PART 57
OFFSET  6.2787 -2.0736 -8.6515
X  0.7695 -0.5943 -0.2337
Y  0.5798  0.8036 -0.1342
Z  0.2676 -0.0322  0.9630

PART 58
OFFSET  5.5963 -1.5467 -8.4443
X  0.9075  0.3014 -0.2927
Y -0.2953  0.9531  0.0657
Z  0.2988  0.0268  0.9540

PART 59
OFFSET  4.7342 -1.8330 -8.1662
X -0.5519 -0.8327  0.0447
Y -0.7692  0.5290  0.3585
Z -0.3221  0.1635 -0.9325

PART 60
OFFSET  4.0623 -4.2400 -7.4839
X -0.9702 -0.2406  0.0281
Y  0.2404 -0.9425  0.2320
Z -0.0293  0.2319  0.9723

PART 61
OFFSET  6.5901 -3.6709 -7.6962
X -0.1379 -0.9766  0.1648
Y  0.9416 -0.1809 -0.2839
Z  0.3071  0.1160  0.9446

PART 62
OFFSET  6.8249 -2.0082 -7.9767
X  0.8811 -0.4109 -0.2341
Y  0.3693  0.9071 -0.2021
Z  0.2953  0.0916  0.9510

PART 63
OFFSET  5.6037 -1.4387 -7.6523
X  0.8343  0.4630 -0.2993
Y -0.4691  0.8814  0.0559
Z  0.2897  0.0937  0.9525

PART 64
OFFSET  4.6989 -1.9408 -7.3276
X -0.4013 -0.8782  0.2601
Y -0.8745  0.4519  0.1764
Z -0.2725 -0.1567 -0.9493

PART 65
OFFSET -1.2367 -5.3189 -7.6038
X -0.9305 -0.3659 -0.0187
Y -0.3438  0.8897 -0.3003
Z  0.1265 -0.2730 -0.9537

PART 66
OFFSET  6.4590 -4.0992 -5.5391
X -0.9808 -0.1883 -0.0505
Y  0.1822 -0.9774  0.1070
Z -0.0695  0.0957  0.9930

PART 67
OFFSET  8.1859 -3.7677 -5.4502
X -0.9748 -0.2193 -0.0408
Y  0.2101 -0.9642  0.1618
Z -0.0748  0.1492  0.9860

PART 68
OFFSET  9.3664 -3.4920 -5.3408
X -0.9662 -0.2339 -0.1087
Y  0.2178 -0.9656  0.1424
Z -0.1383  0.1139  0.9838

PART 69
OFFSET  10.4577 -3.2278 -5.2179
X  0.0790  0.9798  0.1835
Y  0.9965 -0.0830  0.0137
Z  0.0287  0.1818 -0.9829

PART 70
OFFSET  6.6579 -4.1139 -6.6258
X -0.2679 -0.9432  0.1967
Y  0.9563 -0.2852 -0.0649
Z  0.1173  0.1707  0.9783

PART 71
OFFSET  7.1813 -2.2714 -7.0100
X  0.8265 -0.5629 -0.0053
Y  0.5441  0.8013 -0.2487
Z  0.1442  0.2027  0.9686

PART 72
OFFSET  5.9740 -1.4492 -7.0023
X  0.8883  0.3879 -0.2457
Y -0.4338  0.8844 -0.1720
Z  0.1506  0.2594  0.9540

PART 73
OFFSET  4.9666 -1.8898 -6.7309
X -0.4137 -0.8789  0.2373
Y -0.8901  0.4453  0.0976
Z -0.1914 -0.1708 -0.9665

PART 74
OFFSET  0.9291 -3.7805 -7.7444
X -0.8262 -0.3196 -0.4639
Y -0.2565  0.9466 -0.1953
Z  0.5016 -0.0424 -0.8641

PART 75
OFFSET  0.9081 -4.1777 -6.6142
X -0.8262 -0.3196 -0.4639
Y -0.2565  0.9466 -0.1953
Z  0.5016 -0.0424 -0.8641

PART 76
OFFSET  1.4333 -5.4092 -6.4759
X -0.8262 -0.3196 -0.4639
Y -0.2565  0.9466 -0.1953
Z  0.5016 -0.0424 -0.8641

PART 77
OFFSET  0.0000 -0.0000 -0.0000
X  1.0000 -0.0000  0.0000
Y  0.0000  1.0000  0.0000
Z  0.0000 -0.0000  1.0000

PART 78
OFFSET -0.0000 -0.0000 -0.0000
X  1.0000 -0.0009 -0.0003
Y  0.0009  1.0000 -0.0007
Z  0.0003  0.0007  1.0000

PART 79
OFFSET  1.5416  0.0013  4.1353
X  1.0000 -0.0009 -0.0003
Y  0.0009  1.0000 -0.0007
Z  0.0003  0.0007  1.0000


FRAME 5802
PART 0
OFFSET  0.0000 -0.0000 -0.0000
X  1.0000 -0.0000  0.0000
Y  0.0000  1.0000  0.0000
Z  0.0000 -0.0000  1.0000

PART 1
OFFSET -4.6318 -0.0000 -1.3770
X  1.0000 -0.0000  0.0000
Y  0.0000  1.0000  0.0000
Z  0.0000 -0.0000  1.0000

PART 2
OFFSET -1.8214  8.1070 -3.0173
X  0.6323 -0.2109 -0.7455
Y -0.0484 -0.9711  0.2337
Z -0.7732 -0.1117 -0.6242

PART 3
OFFSET  5.8256  5.5560 -12.0328
X  0.8119 -0.4459  0.3769
Y -0.3886  0.0692  0.9188
Z -0.4357 -0.8924 -0.1171

PART 4
OFFSET  12.7309  1.7636 -8.8271
X  0.8119 -0.4459  0.3769
Y -0.4366 -0.0351  0.8990
Z -0.3876 -0.8944 -0.2232

PART 5
OFFSET  14.9813  2.4617 -8.6722
X  0.8154 -0.4438  0.3717
Y  0.4390  0.8926  0.1028
Z -0.3774  0.0794  0.9226

PART 6
OFFSET  13.7239  0.5729 -9.6840
X  0.8154 -0.4438  0.3717
Y  0.4390  0.8926  0.1028
Z -0.3774  0.0794  0.9226

PART 7
OFFSET  14.0575  1.7111 -6.6478
X  0.8154 -0.4438  0.3717
Y  0.4390  0.8926  0.1028
Z -0.3774  0.0794  0.9226

PART 8
OFFSET  13.3155  0.5882 -6.6422
X  0.8154 -0.4438  0.3717
Y  0.4390  0.8926  0.1028
Z -0.3774  0.0794  0.9226

PART 9
OFFSET  13.1123  0.1520 -7.7395
X  0.8154 -0.4438  0.3717
Y  0.4390  0.8926  0.1028
Z -0.3774  0.0794  0.9226

PART 10
OFFSET  15.2199  0.3967 -7.6716
X  0.8650 -0.3572  0.3525
Y -0.3862 -0.0251  0.9221
Z -0.3205 -0.9337 -0.1597

PART 11
OFFSET  15.1047 -0.1716 -6.6887
X  0.1387 -0.8055  0.5761
Y -0.6469  0.3668  0.6686
Z -0.7499 -0.4654 -0.4702

PART 12
OFFSET  15.2977 -1.8991 -5.4049
X  0.7581 -0.6511  0.0380
Y -0.3956 -0.4128  0.8204
Z -0.5185 -0.6370 -0.5705

PART 13
OFFSET  16.4870 -2.9968 -5.4565
X  0.7725 -0.4872 -0.4073
Y  0.0039 -0.6377  0.7703
Z -0.6350 -0.5966 -0.4908

PART 14
OFFSET  17.2934 -3.5619 -5.9063
X  0.9789 -0.1078  0.1733
Y  0.0351  0.9254  0.3775
Z -0.2011 -0.3634  0.9097

PART 15
OFFSET  16.3006 -0.0673 -8.3929
X  0.9181 -0.3142 -0.2418
Y -0.3587 -0.9181 -0.1689
Z -0.1689  0.2418 -0.9555

PART 16
OFFSET  18.3439 -0.9210 -8.8176
X  0.5732 -0.8168  0.0661
Y -0.7953 -0.5351  0.2849
Z -0.1973 -0.2158 -0.9563

PART 17
OFFSET  19.1554 -2.0773 -8.7240
X -0.3523 -0.8926  0.2815
Y -0.9240  0.3795  0.0469
Z -0.1487 -0.2436 -0.9584

PART 18
OFFSET  18.8431 -2.8687 -8.4745
X -0.7713 -0.5660  0.2911
Y -0.6019  0.7973 -0.0446
Z -0.2069 -0.2096 -0.9556

PART 19
OFFSET  18.1103 -3.4064 -8.1979
X  0.9977 -0.0373 -0.0565
Y  0.0158  0.9397 -0.3418
Z  0.0658  0.3401  0.9381

PART 20
OFFSET  16.2789 -0.0322 -7.6803
X  0.9398 -0.3378  0.0513
Y -0.3209 -0.9242 -0.2072
Z  0.1174  0.1782 -0.9770

PART 21
OFFSET  18.7385 -0.8740 -7.6929
X  0.4774 -0.8782 -0.0284
Y -0.8740 -0.4779  0.0875
Z -0.0904 -0.0169 -0.9958

PART 22
OFFSET  19.5512 -2.3692 -7.7413
X -0.4666 -0.8821  0.0649
Y -0.8817  0.4697  0.0446
Z -0.0698 -0.0364 -0.9969

PART 23
OFFSET  18.9045 -3.5917 -7.6514
X -0.8931 -0.4437  0.0737
Y -0.4448  0.8956  0.0022
Z -0.0670 -0.0308 -0.9973

PART 24
OFFSET  17.9359 -4.0730 -7.5714
X  0.9825 -0.1496 -0.1107
Y  0.1508  0.9886  0.0024
Z  0.1091 -0.0190  0.9939

PART 25
OFFSET  17.1013 -1.2447 -5.2064
X  0.7994 -0.5908  0.1090
Y  0.5426  0.7879  0.2911
Z -0.2579 -0.1736  0.9505

PART 26
OFFSET  18.4181 -0.6669 -5.5432
X  0.6765 -0.7358  0.0304
Y -0.7215 -0.6705 -0.1727
Z  0.1475  0.0949 -0.9845

PART 27
OFFSET  19.6092 -1.9624 -5.4896
X -0.3169 -0.9245 -0.2116
Y -0.9252  0.3504 -0.1454
Z  0.2086  0.1497 -0.9665

PART 28
OFFSET  19.2113 -3.0954 -5.6881
X -0.8223 -0.5480 -0.1535
Y -0.5407  0.8364 -0.0898
Z  0.1776  0.0092 -0.9841

PART 29
OFFSET  18.2825 -3.7144 -5.8616
X  0.8057 -0.5741 -0.1458
Y  0.5914  0.7667  0.2498
Z -0.0317 -0.2875  0.9572

PART 30
OFFSET  18.6873 -0.7690 -6.6097
X  0.5475 -0.8342  0.0659
Y -0.8351 -0.5497 -0.0213
Z  0.0539 -0.0434 -0.9976

PART 31
OFFSET  19.7568 -2.3988 -6.4811
X -0.5123 -0.8588  0.0068
Y -0.8586  0.5120 -0.0231
Z  0.0163 -0.0177 -0.9997

PART 32
OFFSET  19.0085 -3.6531 -6.4711
X -0.9177 -0.3974 -0.0003
Y -0.3972  0.9171  0.0333
Z -0.0129  0.0307 -0.9994

PART 33
OFFSET  17.9694 -4.1036 -6.4785
X  0.9581 -0.2831  0.0428
Y  0.2850  0.9573 -0.0489
Z -0.0272  0.0590  0.9979

PART 34
OFFSET  17.2847 -1.9809 -7.4561
X  0.0539  0.1503 -0.9872
Y  0.3205  0.9337  0.1597
Z  0.9457 -0.3250  0.0021

PART 35
OFFSET  14.6661  1.8681 -9.1660
X  0.8154 -0.4438  0.3717
Y  0.4390  0.8926  0.1028
Z -0.3774  0.0794  0.9226

PART 36
OFFSET  13.7239  0.5729 -9.6840
X  0.8154 -0.4438  0.3717
Y  0.4390  0.8926  0.1028
Z -0.3774  0.0794  0.9226

PART 37
OFFSET  14.0575  1.7111 -6.6478
X  0.8154 -0.4438  0.3717
Y  0.4390  0.8926  0.1028
Z -0.3774  0.0794  0.9226

PART 38
OFFSET  13.3155  0.5882 -6.6422
X  0.8154 -0.4438  0.3717
Y  0.4390  0.8926  0.1028
Z -0.3774  0.0794  0.9226

PART 39
OFFSET  13.1123  0.1520 -7.7395
X  0.8154 -0.4438  0.3717
Y  0.4390  0.8926  0.1028
Z -0.3774  0.0794  0.9226

PART 40
OFFSET  7.8112 -2.6663 -4.6363
X  0.9996 -0.0152  0.0244
Y  0.0136  0.9978  0.0651
Z -0.0253 -0.0648  0.9976

PART 41
OFFSET  7.8112 -2.6663 -4.6363
X  0.9996 -0.0152  0.0244
Y  0.0136  0.9978  0.0651
Z -0.0253 -0.0648  0.9976

PART 42
OFFSET  14.3491 -3.7366 -2.4495
X  0.9996 -0.0152  0.0244
Y  0.0136  0.9978  0.0651
Z -0.0253 -0.0648  0.9976

PART 43
OFFSET  12.0144 -2.7334 -4.2541
X  0.9996 -0.0152  0.0244
Y  0.0136  0.9978  0.0651
Z -0.0253 -0.0648  0.9976

PART 44
OFFSET -13.9227 -7.9373 -3.1869
X -0.6113  0.0086  0.7914
Y -0.1574 -0.9813 -0.1109
Z  0.7756 -0.1924  0.6012

PART 45
OFFSET -6.5298 -8.0413 -12.7575
X -0.8233 -0.3305 -0.4615
Y  0.5046 -0.0538 -0.8617
Z  0.2599 -0.9423  0.2110

PART 46
OFFSET  0.4726 -5.2306 -8.8323
X -0.8233 -0.3305 -0.4615
Y  0.5233 -0.1272 -0.8426
Z  0.2198 -0.9352  0.2776

PART 47
OFFSET  0.9859 -3.6369 -7.7729
X -0.8270 -0.3275 -0.4569
Y -0.2648  0.9439 -0.1973
Z  0.4959 -0.0422 -0.8673

PART 48
OFFSET  0.9757 -4.0299 -6.6409
X -0.8270 -0.3275 -0.4569
Y -0.2648  0.9439 -0.1973
Z  0.4959 -0.0422 -0.8673

PART 49
OFFSET  1.5107 -5.2567 -6.5013
X -0.8270 -0.3275 -0.4569
Y -0.2648  0.9439 -0.1973
Z  0.4959 -0.0422 -0.8673

PART 50
OFFSET  2.9966 -4.2175 -7.4174
X -0.9495 -0.1100 -0.2940
Y  0.3063 -0.1204 -0.9443
Z  0.0685 -0.9866  0.1480

PART 51
OFFSET  3.1000 -3.6468 -6.4347
X -0.4939 -0.6343 -0.5947
Y  0.6008  0.2455 -0.7608
Z  0.6285 -0.7331  0.2598

PART 52
OFFSET  4.0710 -2.2617 -5.0898
X -0.9136 -0.3502  0.2068
Y -0.0452 -0.4179 -0.9074
Z  0.4041 -0.8383  0.3659

PART 53
OFFSET  5.4978 -1.6275 -5.5188
X -0.5551 -0.0680  0.8290
Y -0.6530 -0.5818 -0.4849
Z  0.5153 -0.8105  0.2785

PART 54
OFFSET  6.0856 -1.5070 -6.4198
X -0.8753  0.3505  0.3331
Y  0.1245  0.8290 -0.5452
Z -0.4673 -0.4357 -0.7693

PART 55
OFFSET  4.1142 -4.0539 -8.2097
X -0.9430 -0.2719  0.1919
Y  0.3032 -0.9396  0.1588
Z  0.1371  0.2079  0.9685

PART 56
OFFSET  6.2158 -3.2975 -8.5192
X -0.1215 -0.9926  0.0006
Y  0.9525 -0.1168 -0.2813
Z  0.2793 -0.0336  0.9596

PART 57
OFFSET  6.3879 -1.8922 -8.5201
X  0.7678 -0.5908 -0.2478
Y  0.5901  0.8028 -0.0855
Z  0.2495 -0.0806  0.9650

PART 58
OFFSET  5.7071 -1.3684 -8.3004
X  0.9157  0.3051 -0.2617
Y -0.2870  0.9521  0.1056
Z  0.2813 -0.0216  0.9594

PART 59
OFFSET  4.8372 -1.6583 -8.0518
X -0.5609 -0.8279 -0.0049
Y -0.7704  0.5197  0.3693
Z -0.3032  0.2109 -0.9293

PART 60
OFFSET  4.1290 -4.0875 -7.4968
X -0.9729 -0.2312 -0.0008
Y  0.2267 -0.9550  0.1913
Z -0.0450  0.1859  0.9815

PART 61
OFFSET  6.6658 -3.5363 -7.6363
X -0.1506 -0.9818  0.1157
Y  0.9449 -0.1774 -0.2752
Z  0.2907  0.0678  0.9544

PART 62
OFFSET  6.9222 -1.8647 -7.8332
X  0.8812 -0.4088 -0.2375
Y  0.3820  0.9116 -0.1521
Z  0.2786  0.0433  0.9594

PART 63
OFFSET  5.7009 -1.2981 -7.5042
X  0.8442  0.4676 -0.2620
Y -0.4613  0.8828  0.0893
Z  0.2730  0.0454  0.9609

PART 64
OFFSET  4.7853 -1.8053 -7.2200
X -0.4148 -0.8852  0.2109
Y -0.8730  0.4524  0.1819
Z -0.2565 -0.1086 -0.9604

PART 65
OFFSET -1.1773 -5.1023 -7.7631
X -0.9335 -0.3546 -0.0528
Y -0.3294  0.9066 -0.2638
Z  0.1414 -0.2289 -0.9631

PART 66
OFFSET  6.4906 -4.0648 -5.5048
X -0.9815 -0.1751 -0.0770
Y  0.1705 -0.9833  0.0637
Z -0.0869  0.0494  0.9950

PART 67
OFFSET  8.2188 -3.7564 -5.3692
X -0.9760 -0.2066 -0.0687
Y  0.1975 -0.9730  0.1196
Z -0.0915  0.1031  0.9904

PART 68
OFFSET  9.3997 -3.4990 -5.2255
X -0.9663 -0.2181 -0.1371
Y  0.2055 -0.9735  0.1003
Z -0.1553  0.0687  0.9855

PART 69
OFFSET  10.4911 -3.2526 -5.0707
X  0.0853  0.9691  0.2313
Y  0.9952 -0.0942  0.0277
Z  0.0486  0.2278 -0.9725

PART 70
OFFSET  6.7094 -4.0301 -6.5871
X -0.2808 -0.9485  0.1468
Y  0.9544 -0.2921 -0.0612
Z  0.1009  0.1229  0.9873

PART 71
OFFSET  7.2580 -2.1772 -6.8739
X  0.8209 -0.5709 -0.0171
Y  0.5565  0.8063 -0.2006
Z  0.1283  0.1551  0.9795

PART 72
OFFSET  6.0590 -1.3434 -6.8489
X  0.8965  0.3895 -0.2110
Y -0.4218  0.8962 -0.1375
Z  0.1355  0.2123  0.9678

PART 73
OFFSET  5.0424 -1.7854 -6.6169
X -0.4267 -0.8847  0.1878
Y -0.8872  0.4497  0.1026
Z -0.1752 -0.1228 -0.9768

PART 74
OFFSET  0.9859 -3.6369 -7.7728
X -0.8270 -0.3275 -0.4569
Y -0.2648  0.9439 -0.1973
Z  0.4959 -0.0422 -0.8673

PART 75
OFFSET  0.9755 -4.0297 -6.6409
X -0.8270 -0.3275 -0.4569
Y -0.2648  0.9439 -0.1973
Z  0.4959 -0.0422 -0.8673

PART 76
OFFSET  1.5108 -5.2567 -6.5014
X -0.8270 -0.3275 -0.4569
Y -0.2648  0.9439 -0.1973
Z  0.4959 -0.0422 -0.8673

PART 77
OFFSET  0.0000 -0.0000 -0.0000
X  1.0000 -0.0000  0.0000
Y  0.0000  1.0000  0.0000
Z  0.0000 -0.0000  1.0000

PART 78
OFFSET -0.0000 -0.0000 -0.0000
X  1.0000 -0.0034 -0.0011
Y  0.0034  1.0000 -0.0025
Z  0.0011  0.0024  1.0000

PART 79
OFFSET  1.5451  0.0049  4.1340
X  1.0000 -0.0034 -0.0011
Y  0.0034  1.0000 -0.0025
Z  0.0011  0.0024  1.0000


FRAME 5803
PART 0
OFFSET  0.0000 -0.0000 -0.0000
X  1.0000 -0.0000  0.0000
Y  0.0000  1.0000  0.0000
Z  0.0000 -0.0000  1.0000

PART 1
OFFSET -4.6318 -0.0000 -1.3770
X  1.0000 -0.0000  0.0000
Y  0.0000  1.0000  0.0000
Z  0.0000 -0.0000  1.0000

PART 2
OFFSET -1.9762  8.2741 -2.8502
X  0.5423 -0.1639 -0.8240
Y -0.0013 -0.9809  0.1943
Z -0.8402 -0.1043 -0.5322

PART 3
OFFSET  4.5829  6.2921 -12.8157
X  0.7884 -0.4285  0.4413
Y -0.4405  0.1074  0.8913
Z -0.4293 -0.8971 -0.1041

PART 4
OFFSET  11.2887  2.6471 -9.0622
X  0.7884 -0.4285  0.4413
Y -0.5056 -0.0428  0.8617
Z -0.3504 -0.9025 -0.2505

PART 5
OFFSET  13.5272  3.3539 -8.8082
X  0.7922 -0.4267  0.4363
Y  0.4334  0.8967  0.0901
Z -0.4296  0.1177  0.8953

PART 6
OFFSET  12.3278  1.4225 -9.8098
X  0.7922 -0.4267  0.4363
Y  0.4334  0.8967  0.0901
Z -0.4296  0.1177  0.8953

PART 7
OFFSET  12.4880  2.6882 -6.8102
X  0.7922 -0.4267  0.4363
Y  0.4334  0.8967  0.0901
Z -0.4296  0.1177  0.8953

PART 8
OFFSET  11.7456  1.5656 -6.7998
X  0.7922 -0.4267  0.4363
Y  0.4334  0.8967  0.0901
Z -0.4296  0.1177  0.8953

PART 9
OFFSET  11.6052  1.0832 -7.8876
X  0.7922 -0.4267  0.4363
Y  0.4334  0.8967  0.0901
Z -0.4296  0.1177  0.8953

PART 10
OFFSET  13.7057  1.3333 -7.7093
X  0.8782 -0.3265  0.3494
Y -0.3875 -0.0574  0.9201
Z -0.2804 -0.9434 -0.1769

PART 11
OFFSET  13.6117  0.7437 -6.7368
X  0.0779 -0.7636  0.6409
Y -0.7394  0.3869  0.5509
Z -0.6687 -0.5169 -0.5345

PART 12
OFFSET  13.6689 -0.8943 -5.3285
X  0.7108 -0.6366  0.2991
Y -0.5792 -0.2885  0.7624
Z -0.3991 -0.7152 -0.5738

PART 13
OFFSET  14.8062 -1.9849 -4.9553
X  0.7146 -0.6804  0.1623
Y -0.4526 -0.2728  0.8490
Z -0.5334 -0.6802 -0.5029

PART 14
OFFSET  15.5469 -2.7565 -4.7884
X  0.7769 -0.1216  0.6178
Y  0.1279  0.9912  0.0342
Z -0.6165  0.0525  0.7856

PART 15
OFFSET  14.8070  0.9278 -8.4346
X  0.9327 -0.2674 -0.2418
Y -0.3091 -0.9384 -0.1544
Z -0.1856  0.2188 -0.9579

PART 16
OFFSET  16.8919  0.1800 -8.8574
X  0.8154 -0.5778 -0.0348
Y -0.5283 -0.7674  0.3633
Z -0.2366 -0.2778 -0.9310

PART 17
OFFSET  18.0463 -0.6381 -8.9066
X  0.3668 -0.9071  0.2065
Y -0.9123 -0.3072  0.2708
Z -0.1822 -0.2877 -0.9402

PART 18
OFFSET  18.3715 -1.4424 -8.7235
X  0.0368 -0.9533  0.2998
Y -0.9686  0.0399  0.2456
Z -0.2461 -0.2994 -0.9218

PART 19
OFFSET  18.4064 -2.3480 -8.4387
X  0.6155  0.7474 -0.2502
Y -0.7859  0.6057 -0.1240
Z  0.0588  0.2730  0.9602

PART 20
OFFSET  14.7818  0.9496 -7.7215
X  0.9531 -0.2988  0.0489
Y -0.2811 -0.9331 -0.2242
Z  0.1126  0.2000 -0.9733

PART 21
OFFSET  17.2716  0.2019 -7.7446
X  0.7828 -0.6219 -0.0195
Y -0.6150 -0.7781  0.1280
Z -0.0948 -0.0883 -0.9916

PART 22
OFFSET  18.6044 -0.8569 -7.7778
X  0.3145 -0.9465  0.0716
Y -0.9468 -0.3074  0.0949
Z -0.0678 -0.0976 -0.9929

PART 23
OFFSET  19.0403 -2.1688 -7.6785
X  0.0436 -0.9951  0.0890
Y -0.9966 -0.0371  0.0740
Z -0.0703 -0.0919 -0.9933

PART 24
OFFSET  19.0876 -3.2480 -7.5821
X  0.5301  0.8320 -0.1640
Y -0.8375  0.5439  0.0522
Z  0.1326  0.1097  0.9851

PART 25
OFFSET  15.6475 -0.2701 -5.2660
X  0.8233 -0.5585  0.1017
Y  0.5081  0.8049  0.3066
Z -0.2531 -0.2008  0.9464

PART 26
OFFSET  16.9397  0.3683 -5.5880
X  0.8850 -0.4586  0.0806
Y -0.4458 -0.8844 -0.1381
Z  0.1346  0.0862 -0.9871

PART 27
OFFSET  18.4978 -0.4392 -5.4460
X  0.4314 -0.8977 -0.0901
Y -0.8907 -0.4079 -0.2009
Z  0.1436  0.1669 -0.9755

PART 28
OFFSET  19.0135 -1.5406 -5.4963
X  0.0962 -0.9950 -0.0279
Y -0.9751 -0.0886 -0.2035
Z  0.2000  0.0467 -0.9787

PART 29
OFFSET  19.1222 -2.6644 -5.5277
X  0.9051  0.4170 -0.0825
Y -0.4092  0.9073  0.0964
Z  0.1151 -0.0534  0.9919

PART 30
OFFSET  17.2160  0.2961 -6.6551
X  0.8153 -0.5746  0.0717
Y -0.5787 -0.8126  0.0686
Z  0.0188 -0.0974 -0.9951

PART 31
OFFSET  18.8088 -0.8263 -6.5152
X  0.2728 -0.9588  0.0796
Y -0.9617 -0.2693  0.0511
Z -0.0276 -0.0905 -0.9955

PART 32
OFFSET  19.2072 -2.2268 -6.3989
X -0.0311 -0.9963  0.0805
Y -0.9962  0.0374  0.0780
Z -0.0807 -0.0777 -0.9937

PART 33
OFFSET  19.1721 -3.3557 -6.3149
X  0.6653  0.7450 -0.0480
Y -0.7463  0.6623 -0.0662
Z -0.0175  0.0799  0.9967

PART 34
OFFSET  15.8682 -0.9588 -7.5273
X  0.0503  0.1696 -0.9842
Y  0.2804  0.9434  0.1769
Z  0.9586 -0.2849 -0.0001

PART 35
OFFSET  13.2402  2.7396 -9.2937
X  0.7922 -0.4267  0.4363
Y  0.4334  0.8967  0.0901
Z -0.4296  0.1177  0.8953

PART 36
OFFSET  12.3278  1.4225 -9.8098
X  0.7922 -0.4267  0.4363
Y  0.4334  0.8967  0.0901
Z -0.4296  0.1177  0.8953

PART 37
OFFSET  12.4880  2.6882 -6.8102
X  0.7922 -0.4267  0.4363
Y  0.4334  0.8967  0.0901
Z -0.4296  0.1177  0.8953

PART 38
OFFSET  11.7456  1.5656 -6.7998
X  0.7922 -0.4267  0.4363
Y  0.4334  0.8967  0.0901
Z -0.4296  0.1177  0.8953

PART 39
OFFSET  11.6052  1.0832 -7.8876
X  0.7922 -0.4267  0.4363
Y  0.4334  0.8967  0.0901
Z -0.4296  0.1177  0.8953

PART 40
OFFSET  7.8607 -2.6948 -4.4560
X  0.9982 -0.0313  0.0502
Y  0.0243  0.9906  0.1346
Z -0.0540 -0.1331  0.9896

PART 41
OFFSET  7.8607 -2.6948 -4.4560
X  0.9982 -0.0313  0.0502
Y  0.0243  0.9906  0.1346
Z -0.0540 -0.1331  0.9896

PART 42
OFFSET  14.3209 -4.0082 -2.1734
X  0.9982 -0.0313  0.0502
Y  0.0243  0.9906  0.1346
Z -0.0540 -0.1331  0.9896

PART 43
OFFSET  12.0503 -2.8490 -3.9662
X  0.9982 -0.0313  0.0502
Y  0.0243  0.9906  0.1346
Z -0.0540 -0.1331  0.9896

PART 44
OFFSET -13.9227 -7.9373 -3.1869
X -0.6191 -0.0003  0.7853
Y -0.1417 -0.9835 -0.1122
Z  0.7724 -0.1808  0.6089

PART 45
OFFSET -6.4353 -7.9332 -12.6844
X -0.8246 -0.3416 -0.4509
Y  0.4961 -0.0538 -0.8666
Z  0.2718 -0.9383  0.2139

PART 46
OFFSET  0.5783 -5.0276 -8.8492
X -0.8246 -0.3416 -0.4509
Y  0.5047 -0.0843 -0.8592
Z  0.2555 -0.9361  0.2419

PART 47
OFFSET  1.0862 -3.4224 -7.8047
X -0.8283 -0.3387 -0.4463
Y -0.2765  0.9399 -0.2001
Z  0.4873 -0.0423 -0.8722

PART 48
OFFSET  1.0917 -3.8087 -6.6704
X -0.8283 -0.3387 -0.4463
Y -0.2765  0.9399 -0.2001
Z  0.4873 -0.0423 -0.8722

PART 49
OFFSET  1.6408 -5.0291 -6.5291
X -0.8283 -0.3387 -0.4463
Y -0.2765  0.9399 -0.2001
Z  0.4873 -0.0423 -0.8722

PART 50
OFFSET  3.1063 -3.9803 -7.4669
X -0.9422 -0.0757 -0.3264
Y  0.3310 -0.0593 -0.9418
Z  0.0519 -0.9954  0.0809

PART 51
OFFSET  3.1894 -3.4803 -6.4445
X -0.4851 -0.5845 -0.6504
Y  0.6249  0.2887 -0.7254
Z  0.6117 -0.7583  0.2252

PART 52
OFFSET  4.1399 -2.2057 -4.9810
X -0.9233 -0.3503  0.1573
Y -0.0252 -0.3535 -0.9351
Z  0.3832 -0.8673  0.3176

PART 53
OFFSET  5.5860 -1.5641 -5.3263
X -0.5788 -0.1170  0.8070
Y -0.6465 -0.5374 -0.5416
Z  0.4971 -0.8352  0.2354

PART 54
OFFSET  6.2002 -1.3902 -6.2006
X -0.8798  0.3393  0.3329
Y  0.1501  0.8628 -0.4827
Z -0.4511 -0.3747 -0.8100

PART 55
OFFSET  4.2476 -3.7787 -8.2155
X -0.9513 -0.2708  0.1470
Y  0.2868 -0.9526  0.1013
Z  0.1126  0.1386  0.9839

PART 56
OFFSET  6.3663 -3.0332 -8.4150
X -0.1340 -0.9884 -0.0716
Y  0.9584 -0.1109 -0.2630
Z  0.2520 -0.1038  0.9621

PART 57
OFFSET  6.5561 -1.6339 -8.3137
X  0.7669 -0.5834 -0.2675
Y  0.6023  0.7981 -0.0136
Z  0.2214 -0.1507  0.9635

PART 58
OFFSET  5.8761 -1.1167 -8.0765
X  0.9264  0.3091 -0.2151
Y -0.2779  0.9466  0.1636
Z  0.2542 -0.0918  0.9628

PART 59
OFFSET  4.9960 -1.4103 -7.8722
X -0.5709 -0.8174 -0.0774
Y -0.7738  0.5041  0.3836
Z -0.2745  0.2789 -0.9202

PART 60
OFFSET  4.2421 -3.8616 -7.5065
X -0.9753 -0.2164 -0.0431
Y  0.2093 -0.9691  0.1305
Z -0.0700  0.1183  0.9905

PART 61
OFFSET  6.7885 -3.3388 -7.5389
X -0.1661 -0.9852  0.0431
Y  0.9499 -0.1716 -0.2613
Z  0.2648 -0.0024  0.9643

PART 62
OFFSET  7.0713 -1.6616 -7.6124
X  0.8822 -0.4042 -0.2414
Y  0.3975  0.9143 -0.0781
Z  0.2523 -0.0271  0.9673

PART 63
OFFSET  5.8486 -1.1014 -7.2778
X  0.8570  0.4723 -0.2060
Y -0.4524  0.8811  0.1379
Z  0.2466 -0.0250  0.9688

PART 64
OFFSET  4.9191 -1.6137 -7.0543
X -0.4316 -0.8915  0.1377
Y -0.8720  0.4514  0.1893
Z -0.2309 -0.0383 -0.9722

PART 65
OFFSET -1.0671 -4.7786 -7.9855
X -0.9361 -0.3365 -0.1024
Y -0.3105  0.9273 -0.2090
Z  0.1653 -0.1639 -0.9725

PART 66
OFFSET  6.5473 -4.0106 -5.4547
X -0.9811 -0.1552 -0.1154
Y  0.1562 -0.9877 -0.0002
Z -0.1140 -0.0182  0.9933

PART 67
OFFSET  8.2747 -3.7375 -5.2515
X -0.9762 -0.1872 -0.1091
Y  0.1819 -0.9817  0.0570
Z -0.1178  0.0358  0.9924

PART 68
OFFSET  9.4544 -3.5077 -5.0586
X -0.9647 -0.1941 -0.1779
Y  0.1904 -0.9810  0.0380
Z -0.1819  0.0028  0.9833

PART 69
OFFSET  10.5440 -3.2885 -4.8576
X  0.0910  0.9495  0.3002
Y  0.9927 -0.1103  0.0479
Z  0.0786  0.2937 -0.9527

PART 70
OFFSET  6.7966 -3.9045 -6.5258
X -0.2967 -0.9522  0.0730
Y  0.9520 -0.3009 -0.0556
Z  0.0749  0.0530  0.9958

PART 71
OFFSET  7.3763 -2.0444 -6.6683
X  0.8138 -0.5802 -0.0346
Y  0.5720  0.8100 -0.1290
Z  0.1029  0.0852  0.9910

PART 72
OFFSET  6.1877 -1.1970 -6.6178
X  0.9069  0.3901 -0.1592
Y -0.4064  0.9096 -0.0863
Z  0.1111  0.1430  0.9835

PART 73
OFFSET  5.1595 -1.6392 -6.4446
X -0.4429 -0.8893  0.1143
Y -0.8840  0.4544  0.1096
Z -0.1494 -0.0525 -0.9874

PART 74
OFFSET  1.0862 -3.4224 -7.8046
X -0.8283 -0.3387 -0.4463
Y -0.2765  0.9399 -0.2001
Z  0.4873 -0.0423 -0.8722

PART 75
OFFSET  1.0916 -3.8085 -6.6703
X -0.8283 -0.3387 -0.4463
Y -0.2765  0.9399 -0.2001
Z  0.4873 -0.0423 -0.8722

PART 76
OFFSET  1.6409 -5.0291 -6.5292
X -0.8283 -0.3387 -0.4463
Y -0.2765  0.9399 -0.2001
Z  0.4873 -0.0423 -0.8722

PART 77
OFFSET  0.0000 -0.0000 -0.0000
X  1.0000 -0.0000  0.0000
