// Export filename: `C:\projects\cod\t5\xanim_export\t5_viewmodels\ak74u\ak74u_grenadier_putaway.XANIM_EXPORT`
// Source filename: `D:\projects\devanim\t5\animation_assets\viewmodels\ak74u/t5_viewmodel_ak74u_animated2.fbx`
// Export time: Fri Aug 27 22:27:01 2010

ANIMATION
VERSION 3

NUMPARTS 80
PART 0 "tag_ads"
PART 1 "tag_torso"
PART 2 "J_Shoulder_LE"
PART 3 "J_Elbow_LE"
PART 4 "J_WristTwist_LE"
PART 5 "J_Sleave_Reshape_Bottom_LE_1"
PART 6 "J_Sleave_Reshape_Bottom_LE_2"
PART 7 "J_Sleave_Reshape_Top_LE_1"
PART 8 "J_Sleave_Reshape_Top_LE_2"
PART 9 "J_Sleave_Reshape_Top_LE_3"
PART 10 "J_Wrist_LE"
PART 11 "J_Thumb_LE_0"
PART 12 "J_Thumb_LE_1"
PART 13 "J_Thumb_LE_2"
PART 14 "J_Thumb_LE_3"
PART 15 "J_PinkyPalm_LE"
PART 16 "J_Pinky_LE_0"
PART 17 "J_Pinky_LE_1"
PART 18 "J_Pinky_LE_2"
PART 19 "J_Pinky_LE_3"
PART 20 "J_RingPalm_LE"
PART 21 "J_Ring_LE_0"
PART 22 "J_Ring_LE_1"
PART 23 "J_Ring_LE_2"
PART 24 "J_Ring_LE_3"
PART 25 "J_Webbing_LE"
PART 26 "J_Index_LE_0"
PART 27 "J_Index_LE_1"
PART 28 "J_Index_LE_2"
PART 29 "J_Index_LE_3"
PART 30 "J_Mid_LE_0"
PART 31 "J_Mid_LE_1"
PART 32 "J_Mid_LE_2"
PART 33 "J_Mid_LE_3"
PART 34 "tag_knife_attach"
PART 35 "D_Sleave_Reshape_Bottom_LE_1"
PART 36 "D_Sleave_Reshape_Bottom_LE_2"
PART 37 "D_Sleave_Reshape_Top_LE_1"
PART 38 "D_Sleave_Reshape_Top_LE_2"
PART 39 "D_Sleave_Reshape_Top_LE_3"
PART 40 "tag_weapon"
PART 41 "J_Gun"
PART 42 "TAG_CLIP"
PART 43 "J_Bolt"
PART 44 "J_Shoulder_RI"
PART 45 "J_Elbow_RI"
PART 46 "J_WristTwist_RI"
PART 47 "J_Sleave_Reshape_Top_RI_3"
PART 48 "J_Sleave_Reshape_Top_RI_2"
PART 49 "J_Sleave_Reshape_Top_RI_1"
PART 50 "J_Wrist_RI"
PART 51 "J_Thumb_RI_0"
PART 52 "J_Thumb_RI_1"
PART 53 "J_Thumb_RI_2"
PART 54 "J_Thumb_RI_3"
PART 55 "J_PinkyPalm_RI"
PART 56 "J_Pinky_RI_0"
PART 57 "J_Pinky_RI_1"
PART 58 "J_Pinky_RI_2"
PART 59 "J_Pinky_RI_3"
PART 60 "J_RingPalm_RI"
PART 61 "J_Ring_RI_0"
PART 62 "J_Ring_RI_1"
PART 63 "J_Ring_RI_2"
PART 64 "J_Ring_RI_3"
PART 65 "J_Webbing_RI"
PART 66 "J_Index_RI_0"
PART 67 "J_Index_RI_1"
PART 68 "J_Index_RI_2"
PART 69 "J_Index_RI_3"
PART 70 "J_Mid_RI_0"
PART 71 "J_Mid_RI_1"
PART 72 "J_Mid_RI_2"
PART 73 "J_Mid_RI_3"
PART 74 "D_Sleave_Reshape_Top_RI_3"
PART 75 "D_Sleave_Reshape_Top_RI_2"
PART 76 "D_Sleave_Reshape_Top_RI_1"
PART 77 "tag_cambone"
PART 78 "tag_camera"
PART 79 "tag_gasmask"

FRAMERATE 30
NUMFRAMES 26

FRAME 1400
PART 0
OFFSET  0.0000 -0.0000 -0.0000
X  1.0000 -0.0000  0.0000
Y  0.0000  1.0000  0.0000
Z  0.0000 -0.0000  1.0000

PART 1
OFFSET -4.6318 -0.0000 -1.3770
X  1.0000 -0.0000  0.0000
Y  0.0000  1.0000  0.0000
Z  0.0000 -0.0000  1.0000

PART 2
OFFSET  0.3425  8.0297 -9.9517
X  0.8134 -0.3247 -0.4827
Y -0.1524 -0.9197  0.3617
Z -0.5614 -0.2207 -0.7976

PART 3
OFFSET  10.1798  4.1033 -15.7889
X  0.7973 -0.4144  0.4388
Y -0.4360  0.1071  0.8935
Z -0.4173 -0.9038 -0.0953

PART 4
OFFSET  16.9615  0.5784 -12.0571
X  0.7973 -0.4144  0.4388
Y -0.4913 -0.0235  0.8707
Z -0.3505 -0.9098 -0.2223

PART 5
OFFSET  19.1915  1.3184 -11.8229
X  0.8011 -0.4126  0.4337
Y  0.4212  0.9033  0.0812
Z -0.4253  0.1176  0.8974

PART 6
OFFSET  18.0128 -0.6364 -12.8037
X  0.8011 -0.4126  0.4337
Y  0.4212  0.9033  0.0812
Z -0.4253  0.1176  0.8974

PART 7
OFFSET  18.1751  0.6514 -9.8136
X  0.8011 -0.4126  0.4337
Y  0.4212  0.9033  0.0812
Z -0.4253  0.1176  0.8974

PART 8
OFFSET  17.4488 -0.4815 -9.7907
X  0.8011 -0.4126  0.4337
Y  0.4212  0.9033  0.0812
Z -0.4253  0.1176  0.8974

PART 9
OFFSET  17.3079 -0.9730 -10.8744
X  0.8011 -0.4126  0.4337
Y  0.4212  0.9033  0.0812
Z -0.4253  0.1176  0.8974

PART 10
OFFSET  19.4058 -0.6921 -10.7120
X  0.6564 -0.3299  0.6784
Y -0.6912  0.0974  0.7161
Z -0.3023 -0.9390 -0.1641

PART 11
OFFSET  18.9100 -1.1321 -9.7831
X -0.3038 -0.7383  0.6022
Y -0.7611  0.5682  0.3127
Z -0.5730 -0.3633 -0.7346

PART 12
OFFSET  18.1465 -2.6888 -8.4934
X  0.6743 -0.7178  0.1735
Y -0.6368 -0.4463  0.6287
Z -0.3738 -0.5344 -0.7581

PART 13
OFFSET  19.2312 -3.8808 -8.3357
X  0.8466 -0.0742 -0.5270
Y  0.1902 -0.8827  0.4298
Z -0.4971 -0.4641 -0.7332

PART 14
OFFSET  20.1272 -3.9972 -8.9319
X  0.9834  0.0615  0.1705
Y -0.1682  0.6595  0.7326
Z -0.0674 -0.7492  0.6589

PART 15
OFFSET  20.6403 -1.2653 -10.9379
X  0.9198 -0.3664  0.1404
Y -0.3301 -0.9160 -0.2282
Z  0.2122  0.1635 -0.9634

PART 16
OFFSET  22.6356 -2.2247 -10.5101
X -0.4651 -0.8746  0.1372
Y -0.8559  0.4047 -0.3219
Z  0.2260 -0.2671 -0.9368

PART 17
OFFSET  21.9771 -3.4629 -10.3159
X -0.9741  0.1456 -0.1730
Y  0.1955  0.9267 -0.3209
Z  0.1136 -0.3465 -0.9312

PART 18
OFFSET  21.1134 -3.3339 -10.4693
X -0.9845  0.0697 -0.1612
Y  0.1121  0.9559 -0.2713
Z  0.1352 -0.2852 -0.9489

PART 19
OFFSET  20.1781 -3.2676 -10.6224
X  0.6631 -0.6122  0.4308
Y  0.7352  0.6408 -0.2210
Z -0.1408  0.4633  0.8750

PART 20
OFFSET  20.3676 -1.1421 -10.2899
X  0.8351 -0.3495  0.4247
Y -0.2851 -0.9354 -0.2092
Z  0.4704  0.0537 -0.8808

PART 21
OFFSET  22.6112 -2.0206 -9.3138
X -0.3024 -0.9530 -0.0182
Y -0.9010  0.2920 -0.3209
Z  0.3111 -0.0806 -0.9470

PART 22
OFFSET  22.0964 -3.6431 -9.3448
X -0.9443  0.0804 -0.3192
Y  0.1105  0.9909 -0.0775
Z  0.3101 -0.1084 -0.9445

PART 23
OFFSET  20.7877 -3.5317 -9.7872
X -0.9070  0.2569 -0.3338
Y  0.2786  0.9602 -0.0180
Z  0.3159 -0.1093 -0.9425

PART 24
OFFSET  19.8041 -3.2531 -10.1493
X  0.5995 -0.7644  0.2374
Y  0.7342  0.6433  0.2171
Z -0.3187  0.0442  0.9468

PART 25
OFFSET  20.1700 -2.0578 -7.5716
X  0.6672 -0.5903  0.4542
Y  0.4528  0.8057  0.3820
Z -0.5914 -0.0492  0.8049

PART 26
OFFSET  21.5548 -1.5552 -7.4674
X -0.0041 -0.9921 -0.1258
Y -0.9166  0.0540 -0.3961
Z  0.3998  0.1137 -0.9095

PART 27
OFFSET  21.5476 -3.3019 -7.6889
X -0.8692 -0.1242 -0.4786
Y -0.1465  0.9892  0.0094
Z  0.4723  0.0782 -0.8780

PART 28
OFFSET  20.4623 -3.4576 -8.2174
X -0.9323  0.1496 -0.3294
Y  0.1345  0.9886  0.0683
Z  0.3358  0.0194 -0.9417

PART 29
OFFSET  19.4092 -3.2886 -8.5895
X  0.2766 -0.9356 -0.2193
Y  0.8761  0.1517  0.4576
Z -0.3949 -0.3187  0.8617

PART 30
OFFSET  22.1803 -1.7941 -8.3461
X -0.3280 -0.9314 -0.1575
Y -0.8552  0.3636 -0.3693
Z  0.4013  0.0135 -0.9159

PART 31
OFFSET  21.5395 -3.6137 -8.6538
X -0.9157  0.0455 -0.3993
Y  0.0190  0.9973  0.0702
Z  0.4014  0.0568 -0.9141

PART 32
OFFSET  20.2020 -3.5472 -9.2370
X -0.8413  0.4122 -0.3496
Y  0.3326  0.9047  0.2662
Z  0.4260  0.1077 -0.8983

PART 33
OFFSET  19.2519 -3.0802 -9.6395
X  0.4054 -0.9008  0.1554
Y  0.8257  0.4339  0.3606
Z -0.3923 -0.0179  0.9197

PART 34
OFFSET  21.0973 -3.0699 -9.5087
X  0.4130  0.0261 -0.9104
Y  0.3023  0.9390  0.1641
Z  0.8591 -0.3430  0.3799

PART 35
OFFSET  18.9099  0.6969 -12.3024
X  0.8011 -0.4126  0.4337
Y  0.4212  0.9033  0.0812
Z -0.4253  0.1176  0.8974

PART 36
OFFSET  18.0128 -0.6364 -12.8037
X  0.8011 -0.4126  0.4337
Y  0.4212  0.9033  0.0812
Z -0.4253  0.1176  0.8974

PART 37
OFFSET  18.1751  0.6514 -9.8136
X  0.8011 -0.4126  0.4337
Y  0.4212  0.9033  0.0812
Z -0.4253  0.1176  0.8974

PART 38
OFFSET  17.4488 -0.4815 -9.7907
X  0.8011 -0.4126  0.4337
Y  0.4212  0.9033  0.0812
Z -0.4253  0.1176  0.8974

PART 39
OFFSET  17.3080 -0.9730 -10.8744
X  0.8011 -0.4126  0.4337
Y  0.4212  0.9033  0.0812
Z -0.4253  0.1176  0.8974

PART 40
OFFSET  7.7688 -2.6416 -4.8099
X  1.0000 -0.0000  0.0000
Y  0.0000  1.0000  0.0000
Z  0.0000 -0.0000  1.0000

PART 41
OFFSET  7.7688 -2.6416 -4.8099
X  1.0000 -0.0000  0.0000
Y  0.0000  1.0000  0.0000
Z  0.0000 -0.0000  1.0000

PART 42
OFFSET  11.9806 -2.6266 -4.5308
X  1.0000 -0.0000  0.0000
Y  0.0000  1.0000  0.0000
Z  0.0000 -0.0000  1.0000

PART 43
OFFSET  14.3735 -3.4784 -2.7246
X  1.0000 -0.0000  0.0000
Y  0.0000  1.0000  0.0000
Z  0.0000 -0.0000  1.0000

PART 44
OFFSET -13.9227 -7.9373 -3.1869
X -0.6053  0.0162  0.7958
Y -0.1718 -0.9789 -0.1107
Z  0.7772 -0.2037  0.5953

PART 45
OFFSET -6.6022 -8.1338 -12.8116
X -0.8222 -0.3196 -0.4710
Y  0.5121 -0.0542 -0.8572
Z  0.2484 -0.9460  0.2082

PART 46
OFFSET  0.3912 -5.4156 -8.8058
X -0.8222 -0.3196 -0.4710
Y  0.5374 -0.1634 -0.8273
Z  0.1874 -0.9334  0.3061

PART 47
OFFSET  0.9106 -3.8330 -7.7329
X -0.8259 -0.3166 -0.4664
Y -0.2534  0.9476 -0.1946
Z  0.5036 -0.0425 -0.8629

PART 48
OFFSET  0.8857 -4.2320 -6.6033
X -0.8259 -0.3166 -0.4664
Y -0.2534  0.9476 -0.1946
Z  0.5036 -0.0425 -0.8629

PART 49
OFFSET  1.4070 -5.4649 -6.4654
X -0.8259 -0.3166 -0.4664
Y -0.2534  0.9476 -0.1946
Z  0.5036 -0.0425 -0.8629

PART 50
OFFSET  2.9119 -4.4359 -7.3619
X -0.9546 -0.1418 -0.2621
Y  0.2850 -0.1775 -0.9420
Z  0.0871 -0.9739  0.2098

PART 51
OFFSET  3.0305 -3.8010 -6.4212
X -0.4986 -0.6783 -0.5397
Y  0.5783  0.2035 -0.7900
Z  0.6457 -0.7060  0.2908

PART 52
OFFSET  4.0128 -2.3183 -5.1938
X -0.9028 -0.3483  0.2521
Y -0.0610 -0.4767 -0.8770
Z  0.4256 -0.8071  0.4091

PART 53
OFFSET  5.4190 -1.6940 -5.6990
X -0.5336 -0.0214  0.8455
Y -0.6557 -0.6209 -0.4295
Z  0.5342 -0.7836  0.3173

PART 54
OFFSET  5.9827 -1.6245 -6.6205
X -0.8721  0.3596  0.3318
Y  0.0986  0.7934 -0.6007
Z -0.4792 -0.4912 -0.7274

PART 55
OFFSET  4.0072 -4.3091 -8.1912
X -0.9338 -0.2716  0.2329
Y  0.3213 -0.9230  0.2116
Z  0.1575  0.2724  0.9492

PART 56
OFFSET  6.0889 -3.5460 -8.6022
X -0.1064 -0.9920  0.0680
Y  0.9470 -0.1219 -0.2972
Z  0.3031  0.0328  0.9524

PART 57
OFFSET  6.2395 -2.1416 -8.6984
X  0.7704 -0.5952 -0.2284
Y  0.5756  0.8034 -0.1522
Z  0.2741 -0.0142  0.9616

PART 58
OFFSET  5.5564 -1.6139 -8.4959
X  0.9043  0.2998 -0.3040
Y -0.2988  0.9530  0.0509
Z  0.3049  0.0448  0.9513

PART 59
OFFSET  4.6973 -1.8987 -8.2071
X -0.5482 -0.8340  0.0630
Y -0.7690  0.5322  0.3543
Z -0.3290  0.1458 -0.9330

PART 60
OFFSET  4.0399 -4.2960 -7.4782
X -0.9690 -0.2439  0.0388
Y  0.2458 -0.9373  0.2469
Z -0.0239  0.2488  0.9683

PART 61
OFFSET  6.5638 -3.7206 -7.7173
X -0.1328 -0.9741  0.1828
Y  0.9405 -0.1821 -0.2870
Z  0.3128  0.1338  0.9403

PART 62
OFFSET  6.7899 -2.0621 -8.0285
X  0.8812 -0.4114 -0.2327
Y  0.3642  0.9048 -0.2204
Z  0.3012  0.1095  0.9472

PART 63
OFFSET  5.5686 -1.4919 -7.7060
X  0.8304  0.4610 -0.3130
Y -0.4723  0.8804  0.0436
Z  0.2956  0.1116  0.9488

PART 64
OFFSET  4.6680 -1.9919 -7.3665
X -0.3960 -0.8751  0.2782
Y -0.8751  0.4514  0.1743
Z -0.2781 -0.1744 -0.9446

PART 65
OFFSET -1.2553 -5.3980 -7.5437
X -0.9291 -0.3699 -0.0061
Y -0.3495  0.8829 -0.3136
Z  0.1213 -0.2892 -0.9496

PART 66
OFFSET  6.4488 -4.1115 -5.5522
X -0.9803 -0.1931 -0.0406
Y  0.1869 -0.9747  0.1229
Z -0.0633  0.1129  0.9916

PART 67
OFFSET  8.1748 -3.7715 -5.4807
X -0.9741 -0.2239 -0.0304
Y  0.2152 -0.9603  0.1773
Z -0.0689  0.1662  0.9837

PART 68
OFFSET  9.3549 -3.4893 -5.3840
X -0.9659 -0.2397 -0.0981
Y  0.2227 -0.9620  0.1579
Z -0.1323  0.1307  0.9826

PART 69
OFFSET  10.4459 -3.2185 -5.2731
X  0.0762  0.9832  0.1658
Y  0.9969 -0.0787  0.0085
Z  0.0214  0.1646 -0.9861

PART 70
OFFSET  6.6405 -4.1444 -6.6397
X -0.2627 -0.9406  0.2150
Y  0.9570 -0.2824 -0.0663
Z  0.1231  0.1883  0.9744

PART 71
OFFSET  7.1538 -2.3069 -7.0597
X  0.8288 -0.5596 -0.0009
Y  0.5392  0.7990 -0.2664
Z  0.1498  0.2203  0.9639

PART 72
OFFSET  5.9432 -1.4895 -7.0585
X  0.8851  0.3871 -0.2584
Y -0.4386  0.8795 -0.1846
Z  0.1558  0.2767  0.9482

PART 73
OFFSET  4.9394 -1.9293 -6.7726
X -0.4085 -0.8763  0.2554
Y -0.8912  0.4434  0.0957
Z -0.1971 -0.1885 -0.9621

PART 74
OFFSET  0.9106 -3.8330 -7.7328
X -0.8259 -0.3166 -0.4664
Y -0.2534  0.9476 -0.1946
Z  0.5036 -0.0425 -0.8629

PART 75
OFFSET  0.8856 -4.2318 -6.6032
X -0.8259 -0.3166 -0.4664
Y -0.2534  0.9476 -0.1946
Z  0.5036 -0.0425 -0.8629

PART 76
OFFSET  1.4071 -5.4649 -6.4655
X -0.8259 -0.3166 -0.4664
Y -0.2534  0.9476 -0.1946
Z  0.5036 -0.0425 -0.8629

PART 77
OFFSET  0.0000 -0.0000 -0.0000
X  1.0000 -0.0000  0.0000
Y  0.0000  1.0000  0.0000
Z  0.0000 -0.0000  1.0000

PART 78
OFFSET  0.0000 -0.0000 -0.0000
X  1.0000 -0.0000  0.0000
Y  0.0000  1.0000  0.0000
Z  0.0000 -0.0000  1.0000

PART 79
OFFSET  1.5404 -0.0000  4.1357
X  1.0000 -0.0000  0.0000
Y  0.0000  1.0000  0.0000
Z  0.0000 -0.0000  1.0000


FRAME 1401
PART 0
OFFSET  0.0000 -0.0000 -0.0000
X  1.0000 -0.0000  0.0000
Y  0.0000  1.0000  0.0000
Z  0.0000 -0.0000  1.0000

PART 1
OFFSET -4.6318 -0.0000 -1.3770
X  1.0000 -0.0000  0.0000
Y  0.0000  1.0000  0.0000
Z  0.0000 -0.0000  1.0000

PART 2
OFFSET  0.3408  8.0296 -9.9461
X  0.8192 -0.3125 -0.4809
Y -0.1494 -0.9258  0.3472
Z -0.5537 -0.2126 -0.8051

PART 3
OFFSET  10.2481  4.2497 -15.7616
X  0.7969 -0.4158  0.4382
Y -0.4430  0.0910  0.8919
Z -0.4108 -0.9049 -0.1117

PART 4
OFFSET  17.0260  0.7129 -12.0344
X  0.7969 -0.4158  0.4382
Y -0.4955 -0.0349  0.8679
Z -0.3456 -0.9088 -0.2338

PART 5
OFFSET  19.2495  1.4635 -11.7734
X  0.8007 -0.4139  0.4332
Y  0.4148  0.9046  0.0976
Z -0.4323  0.1015  0.8960

PART 6
OFFSET  18.0904 -0.4840 -12.7914
X  0.8007 -0.4139  0.4332
Y  0.4148  0.9046  0.0976
Z -0.4323  0.1015  0.8960

PART 7
OFFSET  18.2234  0.7602 -9.7815
X  0.8007 -0.4139  0.4332
Y  0.4148  0.9046  0.0976
Z -0.4323  0.1015  0.8960

PART 8
OFFSET  17.5043 -0.3775 -9.7806
X  0.8007 -0.4139  0.4332
Y  0.4148  0.9046  0.0976
Z -0.4323  0.1015  0.8960

PART 9
OFFSET  17.3742 -0.8537 -10.8723
X  0.8007 -0.4139  0.4332
Y  0.4148  0.9046  0.0976
Z -0.4323  0.1015  0.8960

PART 10
OFFSET  19.4690 -0.5619 -10.6910
X  0.6500 -0.3318  0.6837
Y -0.7000  0.0888  0.7086
Z -0.2958 -0.9392 -0.1745

PART 11
OFFSET  18.9644 -1.0111 -9.7712
X -0.3074 -0.7442  0.5931
Y -0.7675  0.5623  0.3078
Z -0.5626 -0.3606 -0.7440

PART 12
OFFSET  18.1933 -2.5809 -8.5021
X  0.6757 -0.7158  0.1762
Y -0.6420 -0.4539  0.6178
Z -0.3623 -0.5306 -0.7663

PART 13
OFFSET  19.2818 -3.7688 -8.3403
X  0.8531 -0.0663 -0.5175
Y  0.1894 -0.8849  0.4255
Z -0.4862 -0.4610 -0.7424

PART 14
OFFSET  20.1853 -3.8767 -8.9267
X  0.9811  0.0649  0.1825
Y -0.1800  0.6533  0.7354
Z -0.0715 -0.7543  0.6526

PART 15
OFFSET  20.7088 -1.1276 -10.9064
X  0.9198 -0.3631  0.1485
Y -0.3229 -0.9158 -0.2388
Z  0.2227  0.1716 -0.9597

PART 16
OFFSET  22.7035 -2.0807 -10.4622
X -0.4625 -0.8777  0.1253
Y -0.8540  0.4030 -0.3290
Z  0.2383 -0.2591 -0.9360

PART 17
OFFSET  22.0487 -3.3234 -10.2849
X -0.9727  0.1423 -0.1834
Y  0.1948  0.9300 -0.3118
Z  0.1262 -0.3390 -0.9323

PART 18
OFFSET  21.1863 -3.1973 -10.4475
X -0.9828  0.0662 -0.1723
Y  0.1107  0.9584 -0.2630
Z  0.1477 -0.2775 -0.9493

PART 19
OFFSET  20.2526 -3.1344 -10.6111
X  0.6609 -0.6122  0.4341
Y  0.7347  0.6459 -0.2076
Z -0.1533  0.4561  0.8766

PART 20
OFFSET  20.4279 -1.0104 -10.2608
X  0.8318 -0.3487  0.4320
Y -0.2781 -0.9352 -0.2194
Z  0.4805  0.0624 -0.8748

PART 21
OFFSET  22.6641 -1.8855 -9.2648
X -0.2976 -0.9543 -0.0288
Y -0.8985  0.2901 -0.3293
Z  0.3226 -0.0722 -0.9438

PART 22
OFFSET  22.1574 -3.5102 -9.3138
X -0.9408  0.0783 -0.3297
Y  0.1067  0.9919 -0.0689
Z  0.3217 -0.1000 -0.9416

PART 23
OFFSET  20.8535 -3.4017 -9.7708
X -0.9042  0.2550 -0.3426
Y  0.2742  0.9617 -0.0077
Z  0.3275 -0.1009 -0.9394

PART 24
OFFSET  19.8729 -3.1251 -10.1423
X  0.6003 -0.7632  0.2389
Y  0.7285  0.6451  0.2304
Z -0.3300  0.0357  0.9433

PART 25
OFFSET  20.2028 -1.9472 -7.5518
X  0.6647 -0.5905  0.4577
Y  0.4444  0.8049  0.3932
Z -0.6006 -0.0580  0.7974

PART 26
OFFSET  21.5838 -1.4388 -7.4277
X  0.0022 -0.9911 -0.1331
Y -0.9121  0.0526 -0.4065
Z  0.4099  0.1223 -0.9039

PART 27
OFFSET  21.5876 -3.1838 -7.6620
X -0.8629 -0.1247 -0.4898
Y -0.1513  0.9884  0.0149
Z  0.4822  0.0869 -0.8717

PART 28
OFFSET  20.5093 -3.3407 -8.2044
X -0.9290  0.1476 -0.3393
Y  0.1289  0.9887  0.0771
Z  0.3468  0.0279 -0.9375

PART 29
OFFSET  19.4599 -3.1740 -8.5876
X  0.2836 -0.9327 -0.2229
Y  0.8699  0.1525  0.4690
Z -0.4034 -0.3269  0.8546

PART 30
OFFSET  22.2208 -1.6683 -8.3006
X -0.3217 -0.9318 -0.1682
Y -0.8525  0.3623 -0.3767
Z  0.4119  0.0222 -0.9109

PART 31
OFFSET  21.5924 -3.4886 -8.6292
X -0.9111  0.0442 -0.4097
Y  0.0133  0.9969  0.0778
Z  0.4119  0.0654 -0.9089

PART 32
OFFSET  20.2615 -3.4241 -9.2276
X -0.8391  0.4108 -0.3565
Y  0.3251  0.9043  0.2768
Z  0.4361  0.1164 -0.8924

PART 33
OFFSET  19.3140 -2.9586 -9.6379
X  0.4079 -0.9000  0.1536
Y  0.8193  0.4351  0.3735
Z -0.4030 -0.0265  0.9148

PART 34
OFFSET  21.1577 -2.9406 -9.4852
X  0.4236  0.0348 -0.9052
Y  0.2958  0.9392  0.1745
Z  0.8562 -0.3417  0.3875

PART 35
OFFSET  18.9753  0.8474 -12.2641
X  0.8007 -0.4139  0.4332
Y  0.4148  0.9046  0.0976
Z -0.4323  0.1015  0.8960

PART 36
OFFSET  18.0904 -0.4840 -12.7914
X  0.8007 -0.4139  0.4332
Y  0.4148  0.9046  0.0976
Z -0.4323  0.1015  0.8960

PART 37
OFFSET  18.2234  0.7602 -9.7815
X  0.8007 -0.4139  0.4332
Y  0.4148  0.9046  0.0976
Z -0.4323  0.1015  0.8960

PART 38
OFFSET  17.5043 -0.3775 -9.7806
X  0.8007 -0.4139  0.4332
Y  0.4148  0.9046  0.0976
Z -0.4323  0.1015  0.8960

PART 39
OFFSET  17.3742 -0.8537 -10.8723
X  0.8007 -0.4139  0.4332
Y  0.4148  0.9046  0.0976
Z -0.4323  0.1015  0.8960

PART 40
OFFSET  7.7729 -2.6099 -4.9410
X  0.9999  0.0047  0.0118
Y -0.0048  1.0000  0.0073
Z -0.0118 -0.0074  0.9999

PART 41
OFFSET  7.7729 -2.6099 -4.9410
X  0.9999  0.0047  0.0118
Y -0.0048  1.0000  0.0073
Z -0.0118 -0.0074  0.9999

PART 42
OFFSET  11.9809 -2.5771 -4.6121
X  0.9999  0.0047  0.0118
Y -0.0048  1.0000  0.0073
Z -0.0118 -0.0074  0.9999

PART 43
OFFSET  14.3565 -3.4308 -2.7841
X  0.9999  0.0047  0.0118
Y -0.0048  1.0000  0.0073
Z -0.0118 -0.0074  0.9999

PART 44
OFFSET -13.9236 -7.9373 -3.1869
X -0.6019  0.0163  0.7984
Y -0.1697 -0.9796 -0.1080
Z  0.7803 -0.2004  0.5924

PART 45
OFFSET -6.6439 -8.1340 -12.8424
X -0.8296 -0.3220 -0.4562
Y  0.4984 -0.0586 -0.8649
Z  0.2518 -0.9449  0.2091

PART 46
OFFSET  0.4118 -5.3954 -8.9619
X -0.8296 -0.3220 -0.4562
Y  0.5228 -0.1607 -0.8372
Z  0.1963 -0.9330  0.3016

PART 47
OFFSET  0.9480 -3.8073 -7.9054
X -0.8332 -0.3190 -0.4516
Y -0.2566  0.9466 -0.1953
Z  0.4898 -0.0469 -0.8706

PART 48
OFFSET  0.9411 -4.2005 -6.7736
X -0.8332 -0.3190 -0.4516
Y -0.2566  0.9466 -0.1953
Z  0.4898 -0.0469 -0.8706

PART 49
OFFSET  1.4647 -5.4327 -6.6377
X -0.8332 -0.3190 -0.4516
Y -0.2566  0.9466 -0.1953
Z  0.4898 -0.0469 -0.8706

PART 50
OFFSET  2.9550 -4.4082 -7.5632
X -0.9507 -0.1444 -0.2744
Y  0.2969 -0.1692 -0.9398
Z  0.0893 -0.9750  0.2037

PART 51
OFFSET  3.0595 -3.7797 -6.6165
X -0.4889 -0.6767 -0.5505
Y  0.5866  0.2121 -0.7816
Z  0.6457 -0.7051  0.2932

PART 52
OFFSET  4.0201 -2.3015 -5.3668
X -0.9040 -0.3544  0.2389
Y -0.0484 -0.4705 -0.8811
Z  0.4247 -0.8081  0.4082

PART 53
OFFSET  5.4291 -1.6669 -5.8507
X -0.5434 -0.0302  0.8389
Y -0.6476 -0.6208 -0.4418
Z  0.5342 -0.7834  0.3178

PART 54
OFFSET  6.0033 -1.5879 -6.7650
X -0.8777  0.3530  0.3241
Y  0.1018  0.7983 -0.5936
Z -0.4683 -0.4880 -0.7366

PART 55
OFFSET  4.0594 -4.2702 -8.3785
X -0.9352 -0.2777  0.2199
Y  0.3232 -0.9231  0.2086
Z  0.1450  0.2661  0.9530

PART 56
OFFSET  6.1420 -3.4942 -8.7593
X -0.1024 -0.9930  0.0595
Y  0.9510 -0.1152 -0.2869
Z  0.2918  0.0272  0.9561

PART 57
OFFSET  6.2870 -2.0883 -8.8435
X  0.7759 -0.5899 -0.2237
Y  0.5735  0.8072 -0.1396
Z  0.2629 -0.0200  0.9646

PART 58
OFFSET  5.5990 -1.5653 -8.6452
X  0.9063  0.3063 -0.2911
Y -0.3040  0.9511  0.0543
Z  0.2935  0.0393  0.9551

PART 59
OFFSET  4.7380 -1.8563 -8.3686
X -0.5449 -0.8370  0.0504
Y -0.7756  0.5259  0.3491
Z -0.3187  0.1511 -0.9357

PART 60
OFFSET  4.0836 -4.2621 -7.6651
X -0.9682 -0.2488  0.0256
Y  0.2474 -0.9380  0.2429
Z -0.0364  0.2415  0.9697

PART 61
OFFSET  6.6074 -3.6730 -7.8702
X -0.1302 -0.9761  0.1741
Y  0.9446 -0.1755 -0.2772
Z  0.3012  0.1284  0.9449

PART 62
OFFSET  6.8291 -2.0113 -8.1666
X  0.8859 -0.4055 -0.2253
Y  0.3624  0.9082 -0.2095
Z  0.2896  0.1039  0.9515

PART 63
OFFSET  5.6014 -1.4492 -7.8543
X  0.8318  0.4672 -0.2998
Y -0.4770  0.8778  0.0445
Z  0.2840  0.1060  0.9530

PART 64
OFFSET  4.6993 -1.9559 -7.5291
X -0.3950 -0.8790  0.2671
Y -0.8793  0.4460  0.1673
Z -0.2662 -0.1688 -0.9490

PART 65
OFFSET -1.2051 -5.3886 -7.8012
X -0.9271 -0.3742 -0.0198
Y -0.3500  0.8836 -0.3112
Z  0.1339 -0.2816 -0.9501

PART 66
OFFSET  6.4688 -4.0805 -5.7096
X -0.9789 -0.1972 -0.0536
Y  0.1899 -0.9747  0.1180
Z -0.0755  0.1053  0.9916

PART 67
OFFSET  8.1923 -3.7332 -5.6152
X -0.9726 -0.2284 -0.0435
Y  0.2179 -0.9606  0.1728
Z -0.0812  0.1586  0.9840

PART 68
OFFSET  9.3697 -3.4459 -5.5027
X -0.9634 -0.2440 -0.1112
Y  0.2260 -0.9620  0.1535
Z -0.1444  0.1228  0.9819

PART 69
OFFSET  10.4579 -3.1702 -5.3771
X  0.0690  0.9824  0.1738
Y  0.9971 -0.0735  0.0196
Z  0.0320  0.1719 -0.9846

PART 70
OFFSET  6.6735 -4.1045 -6.7950
X -0.2607 -0.9434  0.2050
Y  0.9591 -0.2774 -0.0571
Z  0.1107  0.1817  0.9771

PART 71
OFFSET  7.1827 -2.2615 -7.1954
X  0.8314 -0.5557  0.0048
Y  0.5384  0.8034 -0.2542
Z  0.1374  0.2139  0.9671

PART 72
OFFSET  5.9684 -1.4498 -7.2024
X  0.8862  0.3932 -0.2451
Y -0.4406  0.8788 -0.1833
Z  0.1434  0.2704  0.9520

PART 73
OFFSET  4.9634 -1.8964 -6.9316
X -0.4073 -0.8801  0.2442
Y -0.8944  0.4385  0.0884
Z -0.1849 -0.1824 -0.9657

PART 74
OFFSET  0.9480 -3.8073 -7.9054
X -0.8332 -0.3190 -0.4516
Y -0.2566  0.9466 -0.1953
Z  0.4898 -0.0469 -0.8706

PART 75
OFFSET  0.9410 -4.2003 -6.7735
X -0.8332 -0.3190 -0.4516
Y -0.2566  0.9466 -0.1953
Z  0.4898 -0.0469 -0.8706

PART 76
OFFSET  1.4647 -5.4327 -6.6378
X -0.8332 -0.3190 -0.4516
Y -0.2566  0.9466 -0.1953
Z  0.4898 -0.0469 -0.8706

PART 77
OFFSET  0.0000 -0.0000 -0.0000
X  1.0000 -0.0000  0.0000
Y  0.0000  1.0000  0.0000
Z  0.0000 -0.0000  1.0000

PART 78
OFFSET  0.0000 -0.0000 -0.0000
X  1.0000 -0.0000  0.0000
Y  0.0000  1.0000  0.0000
Z  0.0000 -0.0000  1.0000

PART 79
OFFSET  1.5404 -0.0000  4.1357
X  1.0000 -0.0000  0.0000
Y  0.0000  1.0000  0.0000
Z  0.0000 -0.0000  1.0000


FRAME 1402
PART 0
OFFSET  0.0000 -0.0000 -0.0000
X  1.0000 -0.0000  0.0000
Y  0.0000  1.0000  0.0000
Z  0.0000 -0.0000  1.0000

PART 1
OFFSET -4.6318 -0.0000 -1.3770
X  1.0000 -0.0000  0.0000
Y  0.0000  1.0000  0.0000
Z  0.0000 -0.0000  1.0000

PART 2
OFFSET  0.3355  8.0292 -9.9298
X  0.8295 -0.2922 -0.4760
Y -0.1395 -0.9336  0.3301
Z -0.5408 -0.2074 -0.8152

PART 3
OFFSET  10.3673  4.4952 -15.6861
X  0.7997 -0.4114  0.4373
Y -0.4516  0.0679  0.8896
Z -0.3956 -0.9089 -0.1315

PART 4
OFFSET  17.1692  0.9963 -11.9666
X  0.7997 -0.4114  0.4373
Y -0.5035 -0.0627  0.8617
Z -0.3271 -0.9093 -0.2573

PART 5
OFFSET  19.3785  1.7764 -11.6733
X  0.8035 -0.4093  0.4324
Y  0.3998  0.9090  0.1175
Z -0.4411  0.0785  0.8940

PART 6
OFFSET  18.2583 -0.1699 -12.7361
X  0.8035 -0.4093  0.4324
Y  0.3998  0.9090  0.1175
Z -0.4411  0.0785  0.8940

PART 7
OFFSET  18.3474  1.0212 -9.7032
X  0.8035 -0.4093  0.4324
Y  0.3998  0.9090  0.1175
Z -0.4411  0.0785  0.8940

PART 8
OFFSET  17.6461 -0.1274 -9.7289
X  0.8035 -0.4093  0.4324
Y  0.3998  0.9090  0.1175
Z -0.4411  0.0785  0.8940

PART 9
OFFSET  17.5324 -0.5856 -10.8302
X  0.8035 -0.4093  0.4324
Y  0.3998  0.9090  0.1175
Z -0.4411  0.0785  0.8940

PART 10
OFFSET  19.6209 -0.2648 -10.6259
X  0.6336 -0.3373  0.6963
Y -0.7212  0.0684  0.6894
Z -0.2801 -0.9389 -0.1999

PART 11
OFFSET  19.0949 -0.7361 -9.7295
X -0.3161 -0.7581  0.5704
Y -0.7824  0.5484  0.2953
Z -0.5367 -0.3529 -0.7664

PART 12
OFFSET  18.3049 -2.3369 -8.5118
X  0.6783 -0.7117  0.1829
Y -0.6545 -0.4720  0.5906
Z -0.3340 -0.5203 -0.7860

PART 13
OFFSET  19.4015 -3.5160 -8.3398
X  0.8684 -0.0477 -0.4935
Y  0.1869 -0.8905  0.4149
Z -0.4592 -0.4525 -0.7644

PART 14
OFFSET  20.3228 -3.6034 -8.9014
X  0.9746  0.0720  0.2122
Y -0.2086  0.6378  0.7415
Z -0.0820 -0.7669  0.6366

PART 15
OFFSET  20.8726 -0.8132 -10.8153
X  0.9192 -0.3559  0.1688
Y -0.3056 -0.9147 -0.2645
Z  0.2485  0.1915 -0.9495

PART 16
OFFSET  22.8641 -1.7528 -10.3302
X -0.4560 -0.8848  0.0959
Y -0.8486  0.3998 -0.3465
Z  0.2682 -0.2394 -0.9331

PART 17
OFFSET  22.2185 -3.0055 -10.1944
X -0.9685  0.1352 -0.2091
Y  0.1933  0.9375 -0.2892
Z  0.1570 -0.3205 -0.9341

PART 18
OFFSET  21.3598 -2.8856 -10.3798
X -0.9781  0.0589 -0.1996
Y  0.1075  0.9642 -0.2423
Z  0.1782 -0.2585 -0.9494

PART 19
OFFSET  20.4306 -2.8297 -10.5695
X  0.6549 -0.6129  0.4421
Y  0.7331  0.6574 -0.1745
Z -0.1837  0.4384  0.8798

PART 20
OFFSET  20.5718 -0.7108 -10.1761
X  0.8228 -0.3476  0.4497
Y -0.2611 -0.9339 -0.2442
Z  0.5049  0.0835 -0.8591

PART 21
OFFSET  22.7879 -1.5800 -9.1311
X -0.2859 -0.9567 -0.0546
Y -0.8918  0.2865 -0.3501
Z  0.3506 -0.0514 -0.9351

PART 22
OFFSET  22.3011 -3.2088 -9.2241
X -0.9317  0.0742 -0.3556
Y  0.0975  0.9941 -0.0479
Z  0.3499 -0.0793 -0.9334

PART 23
OFFSET  21.0099 -3.1059 -9.7169
X -0.8967  0.2516 -0.3642
Y  0.2635  0.9645  0.0176
Z  0.3557 -0.0802 -0.9311

PART 24
OFFSET  20.0374 -2.8331 -10.1119
X  0.6017 -0.7610  0.2426
Y  0.7142  0.6485  0.2632
Z -0.3576  0.0149  0.9338

PART 25
OFFSET  20.2788 -1.6993 -7.4921
X  0.6577 -0.5917  0.4662
Y  0.4237  0.8023  0.4204
Z -0.6228 -0.0790  0.7784

PART 26
OFFSET  21.6498 -1.1786 -7.3186
X  0.0172 -0.9884 -0.1508
Y -0.9005  0.0502 -0.4319
Z  0.4345  0.1432 -0.8892

PART 27
OFFSET  21.6800 -2.9188 -7.5840
X -0.8469 -0.1250 -0.5169
Y -0.1628  0.9863  0.0282
Z  0.5063  0.1080 -0.8556

PART 28
OFFSET  20.6197 -3.0773 -8.1604
X -0.9204  0.1438 -0.3635
Y  0.1155  0.9884  0.0986
Z  0.3735  0.0488 -0.9263

PART 29
OFFSET  19.5801 -2.9148 -8.5711
X  0.3004 -0.9254 -0.2312
Y  0.8542  0.1532  0.4969
Z -0.4244 -0.3468  0.8365

PART 30
OFFSET  22.3144 -1.3852 -8.1765
X -0.3062 -0.9319 -0.1942
Y -0.8453  0.3600 -0.3949
Z  0.4379  0.0433 -0.8980

PART 31
OFFSET  21.7162 -3.2058 -8.5560
X -0.8993  0.0419 -0.4353
Y -0.0001  0.9954  0.0960
Z  0.4373  0.0864 -0.8952

PART 32
OFFSET  20.4026 -3.1446 -9.1917
X -0.8330  0.4083 -0.3734
Y  0.3068  0.9025  0.3024
Z  0.4604  0.1373 -0.8770

PART 33
OFFSET  19.4622 -2.6818 -9.6210
X  0.4134 -0.8983  0.1492
Y  0.8032  0.4369  0.4050
Z -0.4290 -0.0476  0.9020

PART 34
OFFSET  21.3004 -2.6469 -9.4144
X  0.4492  0.0559 -0.8917
Y  0.2801  0.9389  0.1999
Z  0.8484 -0.3396  0.4061

PART 35
OFFSET  19.1180  1.1652 -12.1774
X  0.8035 -0.4093  0.4324
Y  0.3998  0.9090  0.1175
Z -0.4411  0.0785  0.8940

PART 36
OFFSET  18.2583 -0.1699 -12.7361
X  0.8035 -0.4093  0.4324
Y  0.3998  0.9090  0.1175
Z -0.4411  0.0785  0.8940

PART 37
OFFSET  18.3474  1.0212 -9.7032
X  0.8035 -0.4093  0.4324
Y  0.3998  0.9090  0.1175
Z -0.4411  0.0785  0.8940

PART 38
OFFSET  17.6461 -0.1274 -9.7289
X  0.8035 -0.4093  0.4324
Y  0.3998  0.9090  0.1175
Z -0.4411  0.0785  0.8940

PART 39
OFFSET  17.5324 -0.5856 -10.8302
X  0.8035 -0.4093  0.4324
Y  0.3998  0.9090  0.1175
Z -0.4411  0.0785  0.8940

PART 40
OFFSET  7.7866 -2.5425 -5.2575
X  0.9990  0.0152  0.0411
Y -0.0162  0.9996  0.0252
Z -0.0407 -0.0258  0.9988

PART 41
OFFSET  7.7866 -2.5425 -5.2575
X  0.9990  0.0152  0.0411
Y -0.0162  0.9996  0.0252
Z -0.0407 -0.0258  0.9988

PART 42
OFFSET  11.9828 -2.4707 -4.8054
X  0.9990  0.0152  0.0411
Y -0.0162  0.9996  0.0252
Z -0.0407 -0.0258  0.9988

PART 43
OFFSET  14.3138 -3.3324 -2.9245
X  0.9990  0.0152  0.0411
Y -0.0162  0.9996  0.0252
Z -0.0407 -0.0258  0.9988

PART 44
OFFSET -13.9263 -7.9373 -3.1869
X -0.5950  0.0160  0.8036
Y -0.1643 -0.9811 -0.1021
Z  0.7867 -0.1928  0.5864

PART 45
OFFSET -6.7302 -8.1308 -12.9050
X -0.8467 -0.3273 -0.4195
Y  0.4644 -0.0698 -0.8829
Z  0.2597 -0.9424  0.2110

PART 46
OFFSET  0.4715 -5.3473 -9.3371
X -0.8467 -0.3273 -0.4195
Y  0.4857 -0.1538 -0.8605
Z  0.2171 -0.9323  0.2892

PART 47
OFFSET  1.0485 -3.7463 -8.3225
X -0.8502 -0.3242 -0.4148
Y -0.2639  0.9442 -0.1971
Z  0.4556 -0.0581 -0.8883

PART 48
OFFSET  1.0857 -4.1252 -7.1863
X -0.8502 -0.3242 -0.4148
Y -0.2639  0.9442 -0.1971
Z  0.4556 -0.0581 -0.8883

PART 49
OFFSET  1.6141 -5.3558 -7.0554
X -0.8502 -0.3242 -0.4148
Y -0.2639  0.9442 -0.1971
Z  0.4556 -0.0581 -0.8883

PART 50
OFFSET  3.0673 -4.3440 -8.0511
X -0.9407 -0.1495 -0.3045
Y  0.3259 -0.1487 -0.9336
Z  0.0943 -0.9775  0.1886

PART 51
OFFSET  3.1372 -3.7318 -7.0906
X -0.4651 -0.6716 -0.5767
Y  0.6065  0.2327 -0.7602
Z  0.6448 -0.7034  0.2991

PART 52
OFFSET  4.0445 -2.2665 -5.7869
X -0.9065 -0.3684  0.2061
Y -0.0176 -0.4547 -0.8905
Z  0.4217 -0.8109  0.4058

PART 53
OFFSET  5.4597 -1.6081 -6.2182
X -0.5671 -0.0514  0.8221
Y -0.6275 -0.6195 -0.4716
Z  0.5335 -0.7833  0.3191

PART 54
OFFSET  6.0592 -1.5062 -7.1137
X -0.8906  0.3375  0.3047
Y  0.1100  0.8101 -0.5759
Z -0.4412 -0.4794 -0.7586

PART 55
OFFSET  4.1932 -4.1792 -8.8312
X -0.9380 -0.2918  0.1874
Y  0.3274 -0.9232  0.2013
Z  0.1143  0.2502  0.9614

PART 56
OFFSET  6.2771 -3.3740 -9.1370
X -0.0928 -0.9949  0.0387
Y  0.9601 -0.0997 -0.2611
Z  0.2637  0.0129  0.9645

PART 57
OFFSET  6.4086 -1.9654 -9.1918
X  0.7886 -0.5774 -0.2115
Y  0.5682  0.8157 -0.1084
Z  0.2351 -0.0347  0.9714

PART 58
OFFSET  5.7094 -1.4535 -9.0043
X  0.9109  0.3212 -0.2591
Y -0.3160  0.9467  0.0624
Z  0.2654  0.0250  0.9638

PART 59
OFFSET  4.8440 -1.7586 -8.7581
X -0.5367 -0.8436  0.0196
Y -0.7912  0.5112  0.3357
Z -0.2932  0.1646 -0.9418

PART 60
OFFSET  4.1967 -4.1840 -8.1174
X -0.9657 -0.2596 -0.0072
Y  0.2508 -0.9395  0.2331
Z -0.0673  0.2233  0.9724

PART 61
OFFSET  6.7185 -3.5642 -8.2381
X -0.1242 -0.9804  0.1527
Y  0.9542 -0.1602 -0.2528
Z  0.2723  0.1143  0.9554

PART 62
OFFSET  6.9299 -1.8950 -8.4981
X  0.8965 -0.3919 -0.2067
Y  0.3582  0.9156 -0.1826
Z  0.2608  0.0896  0.9612

PART 63
OFFSET  5.6875 -1.3518 -8.2116
X  0.8347  0.4815 -0.2671
Y -0.4880  0.8716  0.0463
Z  0.2551  0.0917  0.9626

PART 64
OFFSET  4.7821 -1.8741 -7.9219
X -0.3926 -0.8879  0.2397
Y -0.8887  0.4334  0.1496
Z -0.2367 -0.1543 -0.9592

PART 65
OFFSET -1.0729 -5.3642 -8.4280
X -0.9219 -0.3837 -0.0535
Y -0.3507  0.8853 -0.3053
Z  0.1645 -0.2627 -0.9507

PART 66
OFFSET  6.5220 -4.0126 -6.0901
X -0.9748 -0.2060 -0.0856
Y  0.1967 -0.9747  0.1059
Z -0.1053  0.0864  0.9907

PART 67
OFFSET  8.2382 -3.6498 -5.9394
X -0.9682 -0.2386 -0.0757
Y  0.2242 -0.9610  0.1618
Z -0.1113  0.1397  0.9839

PART 68
OFFSET  9.4085 -3.3513 -5.7876
X -0.9566 -0.2539 -0.1432
Y  0.2338 -0.9617  0.1429
Z -0.1740  0.1032  0.9793

PART 69
OFFSET  10.4889 -3.0646 -5.6259
X  0.0514  0.9798  0.1930
Y  0.9970 -0.0616  0.0471
Z  0.0580  0.1900 -0.9801

PART 70
OFFSET  6.7583 -4.0146 -7.1693
X -0.2559 -0.9497  0.1803
Y  0.9634 -0.2660 -0.0342
Z  0.0804  0.1650  0.9830

PART 71
OFFSET  7.2582 -2.1592 -7.5216
X  0.8370 -0.5468  0.0190
Y  0.5366  0.8136 -0.2239
Z  0.1070  0.1976  0.9744

PART 72
OFFSET  6.0356 -1.3605 -7.5494
X  0.8885  0.4070 -0.2121
Y -0.4449  0.8773 -0.1802
Z  0.1128  0.2545  0.9605

PART 73
OFFSET  5.0283 -1.8227 -7.3160
X -0.4043 -0.8887  0.2164
Y -0.9014  0.4272  0.0703
Z -0.1549 -0.1666 -0.9738

PART 74
OFFSET  1.0485 -3.7462 -8.3224
X -0.8502 -0.3242 -0.4148
Y -0.2639  0.9442 -0.1971
Z  0.4556 -0.0581 -0.8883

PART 75
OFFSET  1.0856 -4.1250 -7.1863
X -0.8502 -0.3242 -0.4148
Y -0.2639  0.9442 -0.1971
Z  0.4556 -0.0581 -0.8883

PART 76
OFFSET  1.6141 -5.3558 -7.0555
X -0.8502 -0.3242 -0.4148
Y -0.2639  0.9442 -0.1971
Z  0.4556 -0.0581 -0.8883

PART 77
OFFSET  0.0000 -0.0000 -0.0000
X  1.0000 -0.0000  0.0000
Y  0.0000  1.0000  0.0000
Z  0.0000 -0.0000  1.0000

PART 78
OFFSET  0.0000 -0.0000 -0.0000
X  1.0000 -0.0000  0.0000
Y  0.0000  1.0000  0.0000
Z  0.0000 -0.0000  1.0000

PART 79
OFFSET  1.5404 -0.0000  4.1357
X  1.0000 -0.0000  0.0000
Y  0.0000  1.0000  0.0000
Z  0.0000 -0.0000  1.0000


FRAME 1403
PART 0
OFFSET  0.0000 -0.0000 -0.0000
X  1.0000 -0.0000  0.0000
Y  0.0000  1.0000  0.0000
Z  0.0000 -0.0000  1.0000

PART 1
OFFSET -4.6318 -0.0000 -1.3770
X  1.0000 -0.0000  0.0000
Y  0.0000  1.0000  0.0000
Z  0.0000 -0.0000  1.0000

PART 2
OFFSET  0.3270  8.0286 -9.9032
X  0.8429 -0.2681 -0.4665
Y -0.1303 -0.9429  0.3065
Z -0.5221 -0.1976 -0.8297

PART 3
OFFSET  10.5209  4.7862 -15.5453
X  0.8025 -0.4087  0.4347
Y -0.4615  0.0366  0.8864
Z -0.3782 -0.9119 -0.1592

PART 4
OFFSET  17.3466  1.3103 -11.8480
X  0.8025 -0.4087  0.4347
Y -0.5120 -0.0976  0.8534
Z -0.3063 -0.9074 -0.2876

PART 5
OFFSET  19.5387  2.1209 -11.5117
X  0.8063 -0.4064  0.4298
Y  0.3825  0.9125  0.1452
Z -0.4512  0.0473  0.8912

PART 6
OFFSET  18.4637  0.1839 -12.6363
X  0.8063 -0.4064  0.4298
Y  0.3825  0.9125  0.1452
Z -0.4512  0.0473  0.8912

PART 7
OFFSET  18.5017  1.2964 -9.5727
X  0.8063 -0.4064  0.4298
Y  0.3825  0.9125  0.1452
Z -0.4512  0.0473  0.8912

PART 8
OFFSET  17.8213  0.1368 -9.6355
X  0.8063 -0.4064  0.4298
Y  0.3825  0.9125  0.1452
Z -0.4512  0.0473  0.8912

PART 9
OFFSET  17.7265 -0.2943 -10.7495
X  0.8063 -0.4064  0.4298
Y  0.3825  0.9125  0.1452
Z -0.4512  0.0473  0.8912

PART 10
OFFSET  19.8069  0.0575 -10.5153
X  0.6116 -0.3459  0.7115
Y -0.7470  0.0440  0.6634
Z -0.2608 -0.9372 -0.2315

PART 11
OFFSET  19.2540 -0.4405 -9.6501
X -0.3274 -0.7747  0.5409
Y -0.7995  0.5323  0.2784
Z -0.5036 -0.3413 -0.7937

PART 12
OFFSET  18.4396 -2.0782 -8.4993
X  0.6799 -0.7078  0.1919
Y -0.6700 -0.4931  0.5549
Z -0.2982 -0.5058 -0.8095

PART 13
OFFSET  19.5438 -3.2481 -8.3133
X  0.8866 -0.0262 -0.4618
Y  0.1825 -0.8976  0.4012
Z -0.4250 -0.4400 -0.7910

PART 14
OFFSET  20.4862 -3.3118 -8.8421
X  0.9651  0.0784  0.2499
Y -0.2438  0.6180  0.7475
Z -0.0959 -0.7823  0.6155

PART 15
OFFSET  21.0715 -0.4718 -10.6704
X  0.9167 -0.3490  0.1948
Y -0.2842 -0.9118 -0.2964
Z  0.2810  0.2163 -0.9350

PART 16
OFFSET  23.0553 -1.3993 -10.1330
X -0.4482 -0.8920  0.0588
Y -0.8401  0.3978 -0.3686
Z  0.3055 -0.2146 -0.9277

PART 17
OFFSET  22.4208 -2.6622 -10.0498
X -0.9617  0.1287 -0.2419
Y  0.1922  0.9462 -0.2605
Z  0.1954 -0.2970 -0.9347

PART 18
OFFSET  21.5681 -2.5480 -10.2642
X -0.9707  0.0521 -0.2345
Y  0.1043  0.9707 -0.2162
Z  0.2164 -0.2344 -0.9478

PART 19
OFFSET  20.6459 -2.4985 -10.4871
X  0.6457 -0.6154  0.4522
Y  0.7308  0.6697 -0.1321
Z -0.2215  0.4157  0.8821

PART 20
OFFSET  20.7460 -0.3878 -10.0407
X  0.8098 -0.3484  0.4720
Y -0.2402 -0.9310 -0.2749
Z  0.5352  0.1092 -0.8376

PART 21
OFFSET  22.9326 -1.2551 -8.9340
X -0.2717 -0.9584 -0.0869
Y -0.8818  0.2841 -0.3765
Z  0.3855 -0.0257 -0.9223

PART 22
OFFSET  22.4700 -2.8869 -9.0819
X -0.9188  0.0716 -0.3883
Y  0.0868  0.9960 -0.0217
Z  0.3851 -0.0536 -0.9213

PART 23
OFFSET  21.1966 -2.7876 -9.6200
X -0.8857  0.2495 -0.3915
Y  0.2506  0.9668  0.0493
Z  0.3909 -0.0545 -0.9188

PART 24
OFFSET  20.2361 -2.5170 -10.0446
X  0.6017 -0.7594  0.2474
Y  0.6959  0.6505  0.3042
Z -0.3920 -0.0109  0.9199

PART 25
OFFSET  20.3664 -1.4414 -7.3926
X  0.6474 -0.5946  0.4768
Y  0.3979  0.7972  0.4540
Z -0.6501 -0.1042  0.7527

PART 26
OFFSET  21.7235 -0.9090 -7.1564
X  0.0350 -0.9844 -0.1724
Y -0.8845  0.0498 -0.4639
Z  0.4653  0.1687 -0.8689

PART 27
OFFSET  21.7852 -2.6422 -7.4599
X -0.8256 -0.1228 -0.5508
Y -0.1760  0.9834  0.0445
Z  0.5361  0.1337 -0.8335

PART 28
OFFSET  20.7490 -2.7996 -8.0789
X -0.9081  0.1415 -0.3942
Y  0.0995  0.9871  0.1252
Z  0.4068  0.0745 -0.9105

PART 29
OFFSET  19.7233 -2.6397 -8.5241
X  0.3203 -0.9162 -0.2408
Y  0.8333  0.1515  0.5317
Z -0.4506 -0.3710  0.8120

PART 30
OFFSET  22.4218 -1.0879 -7.9935
X -0.2872 -0.9307 -0.2266
Y -0.8345  0.3592 -0.4178
Z  0.4702  0.0691 -0.8798

PART 31
OFFSET  21.8608 -2.9061 -8.4361
X -0.8831  0.0415 -0.4674
Y -0.0161  0.9928  0.1185
Z  0.4689  0.1122 -0.8761

PART 32
OFFSET  20.5709 -2.8455 -9.1188
X -0.8237  0.4071 -0.3948
Y  0.2841  0.8987  0.3340
Z  0.4907  0.1629 -0.8559

PART 33
OFFSET  19.6413 -2.3839 -9.5722
X  0.4187 -0.8966  0.1441
Y  0.7821  0.4367  0.4445
Z -0.4614 -0.0734  0.8841

PART 34
OFFSET  21.4701 -2.3324 -9.2965
X  0.4811  0.0817 -0.8728
Y  0.2608  0.9372  0.2315
Z  0.8370 -0.3390  0.4296

PART 35
OFFSET  19.2941  1.5186 -12.0342
X  0.8063 -0.4064  0.4298
Y  0.3825  0.9125  0.1452
Z -0.4512  0.0473  0.8912

PART 36
OFFSET  18.4637  0.1839 -12.6363
X  0.8063 -0.4064  0.4298
Y  0.3825  0.9125  0.1452
Z -0.4512  0.0473  0.8912

PART 37
OFFSET  18.5017  1.2964 -9.5727
X  0.8063 -0.4064  0.4298
Y  0.3825  0.9125  0.1452
Z -0.4512  0.0473  0.8912

PART 38
OFFSET  17.8213  0.1368 -9.6355
X  0.8063 -0.4064  0.4298
Y  0.3825  0.9125  0.1452
Z -0.4512  0.0473  0.8912

PART 39
OFFSET  17.7265 -0.2943 -10.7495
X  0.8063 -0.4064  0.4298
Y  0.3825  0.9125  0.1452
Z -0.4512  0.0473  0.8912

PART 40
OFFSET  7.8117 -2.4812 -5.6442
X  0.9966  0.0258  0.0785
Y -0.0296  0.9984  0.0472
Z -0.0772 -0.0494  0.9958

PART 41
OFFSET  7.8117 -2.4812 -5.6442
X  0.9966  0.0258  0.0785
Y -0.0296  0.9984  0.0472
Z -0.0772 -0.0494  0.9958

PART 42
OFFSET  11.9871 -2.3711 -5.0347
X  0.9966  0.0258  0.0785
Y -0.0296  0.9984  0.0472
Z -0.0772 -0.0494  0.9958

PART 43
OFFSET  14.2576 -3.2489 -3.0884
X  0.9966  0.0258  0.0785
Y -0.0296  0.9984  0.0472
Z -0.0772 -0.0494  0.9958

PART 44
OFFSET -13.9308 -7.9373 -3.1869
X -0.5891  0.0150  0.8079
Y -0.1573 -0.9828 -0.0965
Z  0.7926 -0.1839  0.5813

PART 45
OFFSET -6.8062 -8.1183 -12.9577
X -0.8666 -0.3324 -0.3721
Y  0.4205 -0.0849 -0.9033
Z  0.2687 -0.9393  0.2133

PART 46
OFFSET  0.5648 -5.2912 -9.7925
X -0.8666 -0.3324 -0.3721
Y  0.4368 -0.1450 -0.8878
Z  0.2411 -0.9319  0.2709

PART 47
OFFSET  1.1926 -3.6752 -8.8335
X -0.8699 -0.3293 -0.3673
Y -0.2722  0.9414 -0.1993
Z  0.4114 -0.0733 -0.9085

PART 48
OFFSET  1.2850 -4.0358 -7.6945
X -0.8699 -0.3293 -0.3673
Y -0.2722  0.9414 -0.1993
Z  0.4114 -0.0733 -0.9085

PART 49
OFFSET  1.8178 -5.2652 -7.5697
X -0.8699 -0.3293 -0.3673
Y -0.2722  0.9414 -0.1993
Z  0.4114 -0.0733 -0.9085

PART 50
OFFSET  3.2216 -4.2722 -8.6517
X -0.9269 -0.1533 -0.3427
Y  0.3620 -0.1233 -0.9240
Z  0.0994 -0.9805  0.1698

PART 51
OFFSET  3.2484 -3.6817 -7.6756
X -0.4350 -0.6635 -0.6087
Y  0.6312  0.2574 -0.7316
Z  0.6421 -0.7026  0.3068

PART 52
OFFSET  4.0885 -2.2366 -6.3060
X -0.9088 -0.3836  0.1638
Y  0.0209 -0.4342 -0.9006
Z  0.4166 -0.8151  0.4026

PART 53
OFFSET  5.5102 -1.5519 -6.6694
X -0.5964 -0.0771  0.7990
Y -0.6019 -0.6157 -0.5086
Z  0.5312 -0.7842  0.3208

PART 54
OFFSET  6.1411 -1.4222 -7.5394
X -0.9054  0.3200  0.2790
Y  0.1210  0.8244 -0.5528
Z -0.4069 -0.4668 -0.7852

PART 55
OFFSET  4.3734 -4.0764 -9.3854
X -0.9405 -0.3070  0.1457
Y  0.3313 -0.9237  0.1924
Z  0.0755  0.2292  0.9705

PART 56
OFFSET  6.4570 -3.2400 -9.5950
X -0.0816 -0.9966  0.0128
Y  0.9703 -0.0824 -0.2275
Z  0.2278 -0.0061  0.9737

PART 57
OFFSET  6.5725 -1.8291 -9.6131
X  0.8029 -0.5633 -0.1950
Y  0.5617  0.8245 -0.0688
Z  0.1996 -0.0543  0.9784

PART 58
OFFSET  5.8606 -1.3296 -9.4402
X  0.9158  0.3375 -0.2179
Y -0.3298  0.9413  0.0720
Z  0.2294  0.0060  0.9733

PART 59
OFFSET  4.9906 -1.6503 -9.2332
X -0.5265 -0.8499 -0.0193
Y -0.8093  0.4942  0.3175
Z -0.2603  0.1828 -0.9481

PART 60
OFFSET  4.3506 -4.0976 -8.6723
X -0.9614 -0.2706 -0.0490
Y  0.2538 -0.9417  0.2209
Z -0.1059  0.2000  0.9741

PART 61
OFFSET  6.8672 -3.4458 -8.6849
X -0.1173 -0.9851  0.1258
Y  0.9648 -0.1431 -0.2208
Z  0.2355  0.0955  0.9672

PART 62
OFFSET  7.0670 -1.7686 -8.8991
X  0.9083 -0.3766 -0.1821
Y  0.3532  0.9237 -0.1485
Z  0.2241  0.0705  0.9720

PART 63
OFFSET  5.8082 -1.2467 -8.6467
X  0.8379  0.4973 -0.2250
Y -0.5002  0.8646  0.0479
Z  0.2184  0.0724  0.9732

PART 64
OFFSET  4.8995 -1.7860 -8.4026
X -0.3900 -0.8977  0.2049
Y -0.8990  0.4194  0.1264
Z -0.1994 -0.1349 -0.9706

PART 65
OFFSET -0.8888 -5.3315 -9.2055
X -0.9145 -0.3930 -0.0965
Y -0.3502  0.8880 -0.2980
Z  0.2028 -0.2387 -0.9497

PART 66
OFFSET  6.5971 -3.9462 -6.5565
X -0.9685 -0.2144 -0.1264
Y  0.2039 -0.9748  0.0909
Z -0.1427  0.0622  0.9878

PART 67
OFFSET  8.3023 -3.5688 -6.3339
X -0.9615 -0.2490 -0.1167
Y  0.2310 -0.9616  0.1484
Z -0.1491  0.1157  0.9820

PART 68
OFFSET  9.4621 -3.2591 -6.1324
X -0.9468 -0.2642 -0.1838
Y  0.2430 -0.9613  0.1301
Z -0.2111  0.0785  0.9743

PART 69
OFFSET  10.5315 -2.9607 -5.9248
X  0.0295  0.9759  0.2164
Y  0.9954 -0.0484  0.0823
Z  0.0908  0.2130 -0.9728

PART 70
OFFSET  6.8731 -3.9205 -7.6259
X -0.2505 -0.9566  0.1491
Y  0.9672 -0.2540 -0.0045
Z  0.0421  0.1431  0.9888

PART 71
OFFSET  7.3624 -2.0518 -7.9172
X  0.8424 -0.5375  0.0376
Y  0.5344  0.8246 -0.1853
Z  0.0686  0.1762  0.9820

PART 72
OFFSET  6.1320 -1.2667 -7.9722
X  0.8905  0.4221 -0.1698
Y -0.4488  0.8760 -0.1766
Z  0.0742  0.2335  0.9695

PART 73
OFFSET  5.1226 -1.7457 -7.7869
X -0.4009 -0.8981  0.1810
Y -0.9086  0.4150  0.0465
Z -0.1169 -0.1458 -0.9824

PART 74
OFFSET  1.1926 -3.6751 -8.8334
X -0.8699 -0.3293 -0.3673
Y -0.2722  0.9414 -0.1993
Z  0.4114 -0.0733 -0.9085

PART 75
OFFSET  1.2849 -4.0356 -7.6945
X -0.8699 -0.3293 -0.3673
Y -0.2722  0.9414 -0.1993
Z  0.4114 -0.0733 -0.9085

PART 76
OFFSET  1.8179 -5.2652 -7.5698
X -0.8699 -0.3293 -0.3673
Y -0.2722  0.9414 -0.1993
Z  0.4114 -0.0733 -0.9085

PART 77
