// Export filename: `C:\projects\cod\t5\xanim_export\t5_viewmodels\ak74u\ak74u_grenadier_gl_sprint_out.XANIM_EXPORT`
// Source filename: `D:\projects\devanim\t5\animation_assets\viewmodels\ak74u/t5_viewmodel_ak74u_animated2.fbx`
// Export time: Sat Aug 28 03:02:58 2010

ANIMATION
VERSION 3

NUMPARTS 80
PART 0 "tag_ads"
PART 1 "tag_torso"
PART 2 "J_Shoulder_LE"
PART 3 "J_Elbow_LE"
PART 4 "J_WristTwist_LE"
PART 5 "J_Sleave_Reshape_Bottom_LE_1"
PART 6 "J_Sleave_Reshape_Bottom_LE_2"
PART 7 "J_Sleave_Reshape_Top_LE_1"
PART 8 "J_Sleave_Reshape_Top_LE_2"
PART 9 "J_Sleave_Reshape_Top_LE_3"
PART 10 "J_Wrist_LE"
PART 11 "J_Thumb_LE_0"
PART 12 "J_Thumb_LE_1"
PART 13 "J_Thumb_LE_2"
PART 14 "J_Thumb_LE_3"
PART 15 "J_PinkyPalm_LE"
PART 16 "J_Pinky_LE_0"
PART 17 "J_Pinky_LE_1"
PART 18 "J_Pinky_LE_2"
PART 19 "J_Pinky_LE_3"
PART 20 "J_RingPalm_LE"
PART 21 "J_Ring_LE_0"
PART 22 "J_Ring_LE_1"
PART 23 "J_Ring_LE_2"
PART 24 "J_Ring_LE_3"
PART 25 "J_Webbing_LE"
PART 26 "J_Index_LE_0"
PART 27 "J_Index_LE_1"
PART 28 "J_Index_LE_2"
PART 29 "J_Index_LE_3"
PART 30 "J_Mid_LE_0"
PART 31 "J_Mid_LE_1"
PART 32 "J_Mid_LE_2"
PART 33 "J_Mid_LE_3"
PART 34 "tag_knife_attach"
PART 35 "D_Sleave_Reshape_Bottom_LE_1"
PART 36 "D_Sleave_Reshape_Bottom_LE_2"
PART 37 "D_Sleave_Reshape_Top_LE_1"
PART 38 "D_Sleave_Reshape_Top_LE_2"
PART 39 "D_Sleave_Reshape_Top_LE_3"
PART 40 "tag_weapon"
PART 41 "J_Gun"
PART 42 "TAG_CLIP"
PART 43 "J_Bolt"
PART 44 "J_Shoulder_RI"
PART 45 "J_Elbow_RI"
PART 46 "J_WristTwist_RI"
PART 47 "J_Sleave_Reshape_Top_RI_3"
PART 48 "J_Sleave_Reshape_Top_RI_2"
PART 49 "J_Sleave_Reshape_Top_RI_1"
PART 50 "J_Wrist_RI"
PART 51 "J_Thumb_RI_0"
PART 52 "J_Thumb_RI_1"
PART 53 "J_Thumb_RI_2"
PART 54 "J_Thumb_RI_3"
PART 55 "J_PinkyPalm_RI"
PART 56 "J_Pinky_RI_0"
PART 57 "J_Pinky_RI_1"
PART 58 "J_Pinky_RI_2"
PART 59 "J_Pinky_RI_3"
PART 60 "J_RingPalm_RI"
PART 61 "J_Ring_RI_0"
PART 62 "J_Ring_RI_1"
PART 63 "J_Ring_RI_2"
PART 64 "J_Ring_RI_3"
PART 65 "J_Webbing_RI"
PART 66 "J_Index_RI_0"
PART 67 "J_Index_RI_1"
PART 68 "J_Index_RI_2"
PART 69 "J_Index_RI_3"
PART 70 "J_Mid_RI_0"
PART 71 "J_Mid_RI_1"
PART 72 "J_Mid_RI_2"
PART 73 "J_Mid_RI_3"
PART 74 "D_Sleave_Reshape_Top_RI_3"
PART 75 "D_Sleave_Reshape_Top_RI_2"
PART 76 "D_Sleave_Reshape_Top_RI_1"
PART 77 "tag_cambone"
PART 78 "tag_camera"
PART 79 "tag_gasmask"

FRAMERATE 30
NUMFRAMES 11

FRAME 2440
PART 0
OFFSET  0.0000 -0.0000 -0.0000
X  1.0000 -0.0000  0.0000
Y  0.0000  1.0000  0.0000
Z  0.0000 -0.0000  1.0000

PART 1
OFFSET -4.6318 -0.0000 -1.3770
X  1.0000 -0.0000  0.0000
Y  0.0000  1.0000  0.0000
Z  0.0000 -0.0000  1.0000

PART 2
OFFSET -1.0115  7.9373 -5.7336
X  0.8226 -0.2677 -0.5017
Y -0.0830 -0.9293  0.3598
Z -0.5626 -0.2543 -0.7867

PART 3
OFFSET  8.9367  4.7000 -11.8011
X  0.8226 -0.2675 -0.5017
Y  0.4417 -0.2549  0.8602
Z -0.3580 -0.9292 -0.0916

PART 4
OFFSET  15.9335  2.4251 -16.0686
X  0.8226 -0.2675 -0.5017
Y  0.5411  0.6394  0.5463
Z  0.1747 -0.7209  0.6707

PART 5
OFFSET  17.5069  3.6853 -17.2981
X  0.8210 -0.2634 -0.5066
Y  0.3493  0.9335  0.0806
Z  0.4517 -0.2431  0.8584

PART 6
OFFSET  15.9517  1.7953 -17.7243
X  0.8210 -0.2634 -0.5066
Y  0.3493  0.9335  0.0806
Z  0.4517 -0.2431  0.8584

PART 7
OFFSET  18.4511  2.2636 -15.6850
X  0.8210 -0.2634 -0.5066
Y  0.3493  0.9335  0.0806
Z  0.4517 -0.2431  0.8584

PART 8
OFFSET  17.9903  1.0042 -15.5707
X  0.8210 -0.2634 -0.5066
Y  0.3493  0.9335  0.0806
Z  0.4517 -0.2431  0.8584

PART 9
OFFSET  17.0335  0.7881 -16.2588
X  0.8210 -0.2634 -0.5066
Y  0.3493  0.9335  0.0806
Z  0.4517 -0.2431  0.8584

PART 10
OFFSET  18.4554  1.6051 -17.6068
X  0.6558  0.6587  0.3689
Y -0.5515  0.0841  0.8300
Z  0.5156 -0.7477  0.4184

PART 11
OFFSET  18.4300  1.6755 -16.4681
X  0.3367 -0.1671  0.9267
Y -0.9108 -0.3074  0.2756
Z  0.2388 -0.9368 -0.2557

PART 12
OFFSET  19.0790  1.2321 -14.4551
X  0.8738  0.4317  0.2239
Y -0.0704 -0.3432  0.9366
Z  0.4812 -0.8342 -0.2695

PART 13
OFFSET  20.5477  1.8561 -14.1798
X  0.5834  0.4151 -0.6981
Y  0.7286  0.1123  0.6757
Z  0.3588 -0.9028 -0.2369

PART 14
OFFSET  21.2074  2.2655 -14.9341
X  0.3503  0.9095 -0.2239
Y -0.8275  0.4125  0.3809
Z  0.4388  0.0519  0.8971

PART 15
OFFSET  19.7050  1.9212 -18.0987
X  0.8746  0.4599 -0.1533
Y  0.4823 -0.7934  0.3714
Z  0.0492 -0.3988 -0.9157

PART 16
OFFSET  21.7222  2.9154 -18.2642
X  0.3499 -0.6239  0.6988
Y -0.8553 -0.5170 -0.0334
Z  0.3821 -0.5860 -0.7146

PART 17
OFFSET  22.2175  2.0320 -17.2749
X -0.7426 -0.6219  0.2487
Y -0.5596  0.3721 -0.7405
Z  0.3680 -0.6891 -0.6243

PART 18
OFFSET  21.5591  1.4806 -17.0544
X -0.6925 -0.6581  0.2955
Y -0.6381  0.3677 -0.6765
Z  0.3366 -0.6571 -0.6745

PART 19
OFFSET  20.9012  0.8554 -16.7737
X  0.8816  0.3676  0.2962
Y  0.0065  0.6180 -0.7861
Z -0.4720  0.6949  0.5425

PART 20
OFFSET  19.4108  2.2264 -17.5244
X  0.7965  0.5965  0.0987
Y  0.5258 -0.7640  0.3739
Z  0.2985 -0.2459 -0.9222

PART 21
OFFSET  21.5108  3.7549 -17.4133
X  0.5211 -0.6628  0.5377
Y -0.7999 -0.5989  0.0369
Z  0.2976 -0.4494 -0.8423

PART 22
OFFSET  22.3979  2.6264 -16.4979
X -0.6687 -0.7282  0.1498
Y -0.6721  0.5060 -0.5405
Z  0.3178 -0.4622 -0.8279

PART 23
OFFSET  21.4711  1.6171 -16.2902
X -0.7769 -0.6280  0.0448
Y -0.5409  0.6293 -0.5581
Z  0.3223 -0.4578 -0.8286

PART 24
OFFSET  20.6286  0.9360 -16.2416
X  0.9614  0.1326  0.2413
Y -0.0112  0.8946 -0.4468
Z -0.2751  0.4268  0.8615

PART 25
OFFSET  19.8778  3.3684 -14.9274
X  0.8670  0.3956  0.3030
Y -0.3240  0.9095 -0.2604
Z -0.3786  0.1276  0.9167

PART 26
OFFSET  20.4031  4.5129 -15.6987
X  0.8307  0.5482  0.0967
Y  0.4030 -0.7120  0.5750
Z  0.3841 -0.4387 -0.8124

PART 27
OFFSET  21.8657  5.4782 -15.5285
X  0.9203 -0.0027  0.3912
Y -0.1564 -0.9192  0.3614
Z  0.3586 -0.3938 -0.8464

PART 28
OFFSET  22.9627  5.4988 -15.0014
X  0.4368 -0.6830  0.5855
Y -0.7451 -0.6393 -0.1899
Z  0.5040 -0.3533 -0.7881

PART 29
OFFSET  23.4561  4.7274 -14.3401
X  0.6722  0.7001 -0.2409
Y -0.7029  0.5014 -0.5045
Z -0.2324  0.5085  0.8291

PART 30
OFFSET  21.0239  4.2173 -16.5633
X  0.4929 -0.7553  0.4320
Y -0.8222 -0.5667 -0.0527
Z  0.2846 -0.3293 -0.9003

PART 31
OFFSET  21.9867  2.7418 -15.7194
X -0.6210 -0.7787  0.0897
Y -0.7422  0.5473 -0.3868
Z  0.2521 -0.3068 -0.9178

PART 32
OFFSET  21.0797  1.6044 -15.5883
X -0.8505 -0.5220 -0.0648
Y -0.4734  0.8133 -0.3381
Z  0.2292 -0.2569 -0.9389

PART 33
OFFSET  20.1185  1.0108 -15.6681
X  0.9399 -0.1028  0.3257
Y  0.2017  0.9366 -0.2864
Z -0.2756  0.3349  0.9010

PART 34
OFFSET  21.3163  2.2061 -16.4161
X  0.2826 -0.3125 -0.9069
Y -0.5156  0.7477 -0.4184
Z  0.8089  0.5859  0.0502

PART 35
OFFSET  16.9371  3.1540 -17.5958
X  0.8210 -0.2634 -0.5066
Y  0.3493  0.9335  0.0806
Z  0.4517 -0.2431  0.8584

PART 36
OFFSET  15.9517  1.7953 -17.7243
X  0.8210 -0.2634 -0.5066
Y  0.3493  0.9335  0.0806
Z  0.4517 -0.2431  0.8584

PART 37
OFFSET  18.4511  2.2636 -15.6850
X  0.8210 -0.2634 -0.5066
Y  0.3493  0.9335  0.0806
Z  0.4517 -0.2431  0.8584

PART 38
OFFSET  17.9903  1.0042 -15.5707
X  0.8210 -0.2634 -0.5066
Y  0.3493  0.9335  0.0806
Z  0.4517 -0.2431  0.8584

PART 39
OFFSET  17.0335  0.7881 -16.2588
X  0.8210 -0.2634 -0.5066
Y  0.3493  0.9335  0.0806
Z  0.4517 -0.2431  0.8584

PART 40
OFFSET  10.7208 -1.2765 -7.5804
X  0.7570  0.5117 -0.4063
Y -0.6468  0.4986 -0.5771
Z -0.0927  0.6997  0.7084

PART 41
OFFSET  10.7208 -1.2765 -7.5804
X  0.7570  0.5117 -0.4063
Y -0.6468  0.4986 -0.5771
Z -0.0927  0.6997  0.7084

PART 42
OFFSET  13.8736  1.0815 -9.1026
X  0.7570  0.5117 -0.4063
Y -0.6468  0.4986 -0.5771
Z -0.0927  0.6997  0.7084

PART 43
OFFSET  16.0685  3.1449 -8.3038
X  0.7570  0.5117 -0.4063
Y -0.6468  0.4986 -0.5771
Z -0.0927  0.6997  0.7084

PART 44
OFFSET -3.5060 -7.9373 -3.1869
X -0.2859 -0.0264  0.9579
Y -0.3298 -0.9359 -0.1242
Z  0.8997 -0.3514  0.2589

PART 45
OFFSET -0.0478 -7.6183 -14.7714
X -0.6421 -0.1334 -0.7549
Y  0.7464  0.1159 -0.6553
Z  0.1749 -0.9843  0.0251

PART 46
OFFSET  5.4137 -6.4839 -8.3506
X -0.6421 -0.1334 -0.7549
Y  0.7127  0.2590 -0.6519
Z  0.2825 -0.9566 -0.0713

PART 47
OFFSET  5.5849 -5.2511 -6.8090
X -0.6470 -0.1314 -0.7511
Y -0.1838  0.9829 -0.0136
Z  0.7400  0.1293 -0.6601

PART 48
OFFSET  5.2215 -5.9080 -5.8751
X -0.6470 -0.1314 -0.7511
Y -0.1838  0.9829 -0.0136
Z  0.7400  0.1293 -0.6601

PART 49
OFFSET  5.6781 -7.1735 -5.9080
X -0.6470 -0.1314 -0.7511
Y -0.1838  0.9829 -0.0136
Z  0.7400  0.1293 -0.6601

PART 50
OFFSET  7.3822 -6.0750 -6.0363
X -0.7546 -0.5173  0.4037
Y  0.0919 -0.6926 -0.7155
Z  0.6497 -0.5028  0.5702

PART 51
OFFSET  7.3662 -4.9675 -5.7616
X -0.1663 -0.9595  0.2272
Y  0.1586 -0.2535 -0.9542
Z  0.9732 -0.1227  0.1943

PART 52
OFFSET  7.6551 -2.8648 -6.1675
X -0.4739 -0.2949  0.8297
Y -0.0076 -0.9408 -0.3388
Z  0.8806 -0.1669  0.4436

PART 53
OFFSET  8.3210 -2.4262 -7.5769
X -0.2077  0.4275  0.8798
Y -0.2963 -0.8847  0.3599
Z  0.9322 -0.1860  0.3104

PART 54
OFFSET  8.5080 -2.8649 -8.5487
X -0.8132  0.2527  0.5242
Y -0.4995  0.1591 -0.8516
Z -0.2986 -0.9544 -0.0031

PART 55
OFFSET  7.9879 -6.2773 -7.2592
X -0.5451 -0.2632  0.7960
Y  0.8107 -0.4075  0.4204
Z  0.2137  0.8744  0.4355

PART 56
OFFSET  9.1443 -5.5085 -9.0358
X  0.4691 -0.6609  0.5859
Y  0.7531 -0.0472 -0.6562
Z  0.4614  0.7490  0.4755

PART 57
OFFSET  8.4803 -4.5728 -9.8653
X  0.8848 -0.3695 -0.2838
Y -0.0109  0.5926 -0.8054
Z  0.4658  0.7157  0.5203

PART 58
OFFSET  7.6957 -4.2452 -9.6136
X  0.4885  0.2266 -0.8426
Y -0.7439  0.6129 -0.2664
Z  0.4560  0.7570  0.4679

PART 59
OFFSET  7.2317 -4.4605 -8.8131
X  0.0274 -0.6675  0.7441
Y -0.8183  0.4125  0.4002
Z -0.5741 -0.6199 -0.5349

PART 60
OFFSET  8.1835 -5.7734 -6.7929
X -0.6364 -0.3856  0.6681
Y  0.7666 -0.4123  0.4923
Z  0.0856  0.8254  0.5580

PART 61
OFFSET  9.8394 -4.9044 -8.5988
X  0.4666 -0.5769  0.6704
Y  0.7830 -0.0832 -0.6165
Z  0.4114  0.8125  0.4129

PART 62
OFFSET  9.0450 -3.9221 -9.7401
X  0.8731 -0.2184 -0.4358
Y -0.2525  0.5622 -0.7875
Z  0.4170  0.7976  0.4357

PART 63
OFFSET  7.8350 -3.6195 -9.1361
X  0.3395  0.3123 -0.8872
Y -0.8457  0.5143 -0.1426
Z  0.4117  0.7987  0.4388

PART 64
OFFSET  7.4667 -3.9582 -8.1739
X  0.2251 -0.5104  0.8299
Y -0.9044  0.2075  0.3729
Z -0.3626 -0.8345 -0.4149

PART 65
OFFSET  4.5120 -7.9116 -3.4453
X -0.5471 -0.4925  0.6768
Y -0.8368  0.3033 -0.4558
Z  0.0192 -0.8157 -0.5781

PART 66
OFFSET  10.4947 -3.7240 -6.8579
X -0.6746 -0.2946  0.6769
Y  0.7016 -0.5410  0.4638
Z  0.2296  0.7878  0.5716

PART 67
OFFSET  11.6824 -3.2053 -8.0496
X -0.6500 -0.3070  0.6951
Y  0.7346 -0.4879  0.4715
Z  0.1944  0.8171  0.5427

PART 68
OFFSET  12.4845 -2.7825 -8.8617
X -0.6721 -0.3562  0.6491
Y  0.7222 -0.5089  0.4685
Z  0.1635  0.7837  0.5993

PART 69
OFFSET  13.2436 -2.3801 -9.5949
X -0.3872  0.7958 -0.4656
Y  0.8291  0.0796 -0.5534
Z -0.4033 -0.6003 -0.6906

PART 70
OFFSET  10.3974 -4.4403 -7.6933
X  0.3521 -0.5648  0.7464
Y  0.9052  0.0028 -0.4249
Z  0.2379  0.8252  0.5122

PART 71
OFFSET  9.7096 -3.3370 -9.1514
X  0.9687 -0.1751 -0.1762
Y -0.0660  0.5024 -0.8621
Z  0.2394  0.8467  0.4751

PART 72
OFFSET  8.2948 -3.0813 -8.8941
X  0.4370  0.3127 -0.8433
Y -0.8746  0.3665 -0.3174
Z  0.2098  0.8763  0.4337

PART 73
OFFSET  7.7977 -3.4414 -7.9422
X  0.2101 -0.5299  0.8216
Y -0.9324  0.1443  0.3315
Z -0.2942 -0.8357 -0.4638

PART 74
OFFSET  5.5849 -5.2511 -6.8090
X -0.6470 -0.1314 -0.7511
Y -0.1838  0.9829 -0.0136
Z  0.7400  0.1293 -0.6601

PART 75
OFFSET  5.2214 -5.9079 -5.8750
X -0.6470 -0.1314 -0.7511
Y -0.1838  0.9829 -0.0136
Z  0.7400  0.1293 -0.6601

PART 76
OFFSET  5.6782 -7.1735 -5.9081
X -0.6470 -0.1314 -0.7511
Y -0.1838  0.9829 -0.0136
Z  0.7400  0.1293 -0.6601

PART 77
OFFSET  0.0000 -0.0000 -0.0000
X  1.0000 -0.0000  0.0000
Y  0.0000  1.0000  0.0000
Z  0.0000 -0.0000  1.0000

PART 78
OFFSET  0.0000 -0.0000 -0.0000
X  1.0000 -0.0000  0.0000
Y  0.0000  1.0000  0.0000
Z  0.0000 -0.0000  1.0000

PART 79
OFFSET  1.5404 -0.0000  4.1357
X  1.0000 -0.0000  0.0000
Y  0.0000  1.0000  0.0000
Z  0.0000 -0.0000  1.0000


FRAME 2441
PART 0
OFFSET  0.0000 -0.0000 -0.0000
X  1.0000 -0.0000  0.0000
Y  0.0000  1.0000  0.0000
Z  0.0000 -0.0000  1.0000

PART 1
OFFSET -4.6318 -0.0000 -1.3770
X  1.0000 -0.0000  0.0000
Y  0.0000  1.0000  0.0000
Z  0.0000 -0.0000  1.0000

PART 2
OFFSET -1.0115  7.9373 -5.7336
X  0.7972 -0.2585 -0.5455
Y -0.0693 -0.9369  0.3427
Z -0.5997 -0.2354 -0.7648

PART 3
OFFSET  8.6302  4.8105 -12.3307
X  0.8503 -0.2902 -0.4392
Y  0.3791 -0.2412  0.8934
Z -0.3652 -0.9261 -0.0951

PART 4
OFFSET  15.8621  2.3424 -16.0659
X  0.8503 -0.2902 -0.4392
Y  0.5229  0.5612  0.6416
Z  0.0603 -0.7751  0.6289

PART 5
OFFSET  17.5334  3.5524 -17.2139
X  0.8490 -0.2862 -0.4442
Y  0.3573  0.9303  0.0835
Z  0.3894 -0.2296  0.8920

PART 6
OFFSET  15.9816  1.6746 -17.7024
X  0.8490 -0.2862 -0.4442
Y  0.3573  0.9303  0.0835
Z  0.3894 -0.2296  0.8920

PART 7
OFFSET  18.3455  2.1552 -15.5100
X  0.8490 -0.2862 -0.4442
Y  0.3573  0.9303  0.0835
Z  0.3894 -0.2296  0.8920

PART 8
OFFSET  17.8589  0.9052 -15.3994
X  0.8490 -0.2862 -0.4442
Y  0.3573  0.9303  0.0835
Z  0.3894 -0.2296  0.8920

PART 9
OFFSET  16.9472  0.6866 -16.1455
X  0.8490 -0.2862 -0.4442
Y  0.3573  0.9303  0.0835
Z  0.3894 -0.2296  0.8920

PART 10
OFFSET  18.4687  1.4528 -17.4122
X  0.6883  0.5942  0.4162
Y -0.5563  0.0641  0.8285
Z  0.4656 -0.8018  0.3747

PART 11
OFFSET  18.4326  1.4528 -16.2716
X  0.3144 -0.2448  0.9172
Y -0.9307 -0.2697  0.2470
Z  0.1869 -0.9313 -0.3126

PART 12
OFFSET  19.0286  0.8458 -14.2852
X  0.8945  0.3644  0.2589
Y -0.1024 -0.3968  0.9122
Z  0.4351 -0.8425 -0.3177

PART 13
OFFSET  20.5275  1.3633 -13.9572
X  0.6156  0.4230 -0.6649
Y  0.7251  0.0262  0.6881
Z  0.3085 -0.9057 -0.2906

PART 14
OFFSET  21.2197  1.7797 -14.6778
X  0.4057  0.8995 -0.1623
Y -0.8069  0.4359  0.3987
Z  0.4294 -0.0308  0.9026

PART 15
OFFSET  19.7408  1.7249 -17.8715
X  0.9019  0.4162 -0.1157
Y  0.4303 -0.8423  0.3245
Z  0.0376 -0.3425 -0.9388

PART 16
OFFSET  21.8146  2.6066 -17.9549
X  0.3038 -0.6863  0.6608
Y -0.8836 -0.4624 -0.0741
Z  0.3564 -0.5614 -0.7469

PART 17
OFFSET  22.2446  1.6349 -17.0193
X -0.7808 -0.5914  0.2017
Y -0.5273  0.4504 -0.7205
Z  0.3352 -0.6689 -0.6635

PART 18
OFFSET  21.5524  1.1106 -16.8404
X -0.7335 -0.6333  0.2466
Y -0.6067  0.4466 -0.6576
Z  0.3063 -0.6320 -0.7119

PART 19
OFFSET  20.8555  0.5089 -16.6061
X  0.8976  0.2954  0.3271
Y  0.0527  0.6649 -0.7451
Z -0.4376  0.6861  0.5812

PART 20
OFFSET  19.4575  2.0102 -17.2817
X  0.8287  0.5410  0.1438
Y  0.4754 -0.8158  0.3293
Z  0.2955 -0.2045 -0.9332

PART 21
OFFSET  21.6416  3.4018 -17.0542
X  0.4745 -0.7250  0.4992
Y -0.8340 -0.5518 -0.0086
Z  0.2817 -0.4122 -0.8664

PART 22
OFFSET  22.4494  2.1675 -16.2043
X -0.7120 -0.6954  0.0970
Y -0.6344  0.5779 -0.5133
Z  0.3009 -0.4270 -0.8527

PART 23
OFFSET  21.4626  1.2036 -16.0699
X -0.8128 -0.5826 -0.0024
Y -0.4960  0.6940 -0.5218
Z  0.3057 -0.4229 -0.8531

PART 24
OFFSET  20.5812  0.5718 -16.0725
X  0.9643  0.0601  0.2581
Y  0.0468  0.9200 -0.3890
Z -0.2608  0.3872  0.8843

PART 25
OFFSET  19.9568  2.9566 -14.6130
X  0.8847  0.3237  0.3355
Y -0.2669  0.9417 -0.2049
Z -0.3823  0.0917  0.9195

PART 26
OFFSET  20.5580  4.1144 -15.3050
X  0.8600  0.4910  0.1390
Y  0.3532 -0.7694  0.5322
Z  0.3683 -0.4086 -0.8351

PART 27
OFFSET  22.0722  4.9789 -15.0602
X  0.9134 -0.0818  0.3987
Y -0.2144 -0.9293  0.3007
Z  0.3459 -0.3601 -0.8664

PART 28
OFFSET  23.1616  4.9014 -14.5229
X  0.3885 -0.7431  0.5448
Y -0.7787 -0.5809 -0.2370
Z  0.4926 -0.3321 -0.8044

PART 29
OFFSET  23.6005  4.0620 -13.9075
X  0.7150  0.6729 -0.1896
Y -0.6658  0.5728 -0.4780
Z -0.2130  0.4681  0.8576

PART 30
OFFSET  21.1716  3.8377 -16.1810
X  0.4423 -0.8088  0.3876
Y -0.8532 -0.5127 -0.0962
Z  0.2765 -0.2881 -0.9168

PART 31
OFFSET  22.0356  2.2577 -15.4239
X -0.6665 -0.7447  0.0343
Y -0.7039  0.6135 -0.3580
Z  0.2456 -0.2627 -0.9331

PART 32
OFFSET  21.0621  1.1699 -15.3738
X -0.8786 -0.4657 -0.1058
Y -0.4207  0.8596 -0.2900
Z  0.2260 -0.2103 -0.9512

PART 33
OFFSET  20.0689  0.6403 -15.5001
X  0.9280 -0.1785  0.3271
Y  0.2597  0.9393 -0.2243
Z -0.2672  0.2932  0.9180

PART 34
OFFSET  21.3441  1.8074 -16.1595
X  0.2756 -0.2709 -0.9223
Y -0.4656  0.8018 -0.3747
Z  0.8410  0.5327  0.0948

PART 35
OFFSET  16.9768  3.0223 -17.5376
X  0.8490 -0.2862 -0.4442
Y  0.3573  0.9303  0.0835
Z  0.3894 -0.2296  0.8920

PART 36
OFFSET  15.9816  1.6746 -17.7024
X  0.8490 -0.2862 -0.4442
Y  0.3573  0.9303  0.0835
Z  0.3894 -0.2296  0.8920

PART 37
OFFSET  18.3455  2.1552 -15.5100
X  0.8490 -0.2862 -0.4442
Y  0.3573  0.9303  0.0835
Z  0.3894 -0.2296  0.8920

PART 38
OFFSET  17.8589  0.9052 -15.3994
X  0.8490 -0.2862 -0.4442
Y  0.3573  0.9303  0.0835
Z  0.3894 -0.2296  0.8920

PART 39
OFFSET  16.9472  0.6866 -16.1455
X  0.8490 -0.2862 -0.4442
Y  0.3573  0.9303  0.0835
Z  0.3894 -0.2296  0.8920

PART 40
OFFSET  10.2604 -1.5266 -7.5421
X  0.7908  0.4907 -0.3659
Y -0.6091  0.5713 -0.5501
Z -0.0609  0.6579  0.7506

PART 41
OFFSET  10.2604 -1.5266 -7.5421
X  0.7908  0.4907 -0.3659
Y -0.6091  0.5713 -0.5501
Z -0.0609  0.6579  0.7506

PART 42
OFFSET  13.5649  0.7322 -8.8820
X  0.7908  0.4907 -0.3659
Y -0.6091  0.5713 -0.5501
Z -0.0609  0.6579  0.7506

PART 43
OFFSET  15.8661  2.6079 -7.9333
X  0.7908  0.4907 -0.3659
Y -0.6091  0.5713 -0.5501
Z -0.0609  0.6579  0.7506

PART 44
OFFSET -3.5060 -7.9373 -3.1869
X -0.2162 -0.0142  0.9762
Y -0.3384 -0.9368 -0.0886
Z  0.9158 -0.3495  0.1977

PART 45
OFFSET -0.8913 -7.7655 -14.9935
X -0.6498 -0.1347 -0.7481
Y  0.7395  0.1154 -0.6632
Z  0.1757 -0.9841  0.0246

PART 46
OFFSET  4.6355 -6.6200 -8.6308
X -0.6498 -0.1347 -0.7481
Y  0.7210  0.2024 -0.6627
Z  0.2406 -0.9700 -0.0344

PART 47
OFFSET  4.8220 -5.3851 -7.0927
X -0.6547 -0.1327 -0.7442
Y -0.1844  0.9828 -0.0129
Z  0.7331  0.1288 -0.6679

PART 48
OFFSET  4.4686 -6.0410 -6.1542
X -0.6547 -0.1327 -0.7442
Y -0.1844  0.9828 -0.0129
Z  0.7331  0.1288 -0.6679

PART 49
OFFSET  4.9254 -7.3062 -6.1902
X -0.6547 -0.1327 -0.7442
Y -0.1844  0.9828 -0.0129
Z  0.7331  0.1288 -0.6679

PART 50
OFFSET  6.6276 -6.2071 -6.3374
X -0.7887 -0.4962  0.3630
Y  0.0606 -0.6503 -0.7572
Z  0.6118 -0.5752  0.5430

PART 51
OFFSET  6.6727 -5.1201 -5.9929
X -0.2250 -0.9604  0.1641
Y  0.1558 -0.2018 -0.9670
Z  0.9618 -0.1920  0.1951

PART 52
OFFSET  7.0892 -3.0168 -6.2615
X -0.5010 -0.3181  0.8049
Y -0.0582 -0.9155 -0.3980
Z  0.8635 -0.2462  0.4401

PART 53
OFFSET  7.7977 -2.5303 -7.6339
X -0.1937  0.3828  0.9033
Y -0.3521 -0.8865  0.3001
Z  0.9157 -0.2599  0.3065

PART 54
OFFSET  7.9713 -2.9172 -8.6298
X -0.8038  0.2668  0.5318
Y -0.4783  0.2417 -0.8443
Z -0.3538 -0.9329 -0.0667

PART 55
OFFSET  7.2362 -6.3673 -7.5652
X -0.5698 -0.2802  0.7726
Y  0.7800 -0.4804  0.4010
Z  0.2588  0.8311  0.4923

PART 56
OFFSET  8.4584 -5.5578 -9.2785
X  0.4221 -0.7230  0.5469
Y  0.7574 -0.0502 -0.6510
Z  0.4981  0.6890  0.5265

PART 57
OFFSET  7.8609 -4.5341 -10.0527
X  0.8653 -0.4025 -0.2986
Y  0.0341  0.6418 -0.7661
Z  0.5001  0.6527  0.5691

PART 58
OFFSET  7.0936 -4.1772 -9.7879
X  0.5117  0.2500 -0.8220
Y -0.7033  0.6713 -0.2337
Z  0.4934  0.6977  0.5194

PART 59
OFFSET  6.6075 -4.4147 -9.0070
X -0.0212 -0.7135  0.7003
Y -0.7979  0.4341  0.4181
Z -0.6024 -0.5499 -0.5786

PART 60
OFFSET  7.4548 -5.9063 -7.0659
X -0.6664 -0.3887  0.6363
Y  0.7348 -0.4871  0.4721
Z  0.1265  0.7821  0.6102

PART 61
OFFSET  9.1819 -5.0246 -8.7975
X  0.4234 -0.6446  0.6366
Y  0.7847 -0.0903 -0.6133
Z  0.4528  0.7592  0.4676

PART 62
OFFSET  8.4610 -3.9271 -9.8812
X  0.8644 -0.2417 -0.4408
Y -0.2090  0.6247 -0.7524
Z  0.4572  0.7425  0.4895

PART 63
OFFSET  7.2630 -3.5921 -9.2703
X  0.3686  0.3470 -0.8624
Y -0.8123  0.5713 -0.1173
Z  0.4520  0.7438  0.4925

PART 64
OFFSET  6.8632 -3.9685 -8.3350
X  0.1842 -0.5741  0.7978
Y -0.8954  0.2367  0.3771
Z -0.4053 -0.7838 -0.4705

PART 65
OFFSET  3.6218 -8.0305 -3.8952
X -0.5837 -0.5010  0.6390
Y -0.8117  0.3804 -0.4432
Z -0.0210 -0.7774 -0.6287

PART 66
OFFSET  9.8824 -3.9970 -6.9790
X -0.7011 -0.3021  0.6459
Y  0.6629 -0.6097  0.4345
Z  0.2625  0.7328  0.6277

PART 67
OFFSET  11.1168 -3.4652 -8.1162
X -0.6776 -0.3171  0.6636
Y  0.6987 -0.5592  0.4463
Z  0.2296  0.7660  0.6005

PART 68
OFFSET  11.9546 -3.0332 -8.8864
X -0.7008 -0.3623  0.6145
Y  0.6859 -0.5788  0.4410
Z  0.1959  0.7305  0.6542

PART 69
OFFSET  12.7462 -2.6240 -9.5805
X -0.3359  0.8460 -0.4141
Y  0.8411  0.0715 -0.5362
Z -0.4240 -0.5284 -0.7355

PART 70
OFFSET  9.7543 -4.6523 -7.8592
X  0.3088 -0.6305  0.7121
Y  0.9093 -0.0239 -0.4155
Z  0.2791  0.7758  0.5659

PART 71
OFFSET  9.1510 -3.4205 -9.2503
X  0.9590 -0.2206 -0.1780
Y -0.0254  0.5588 -0.8289
Z  0.2823  0.7995  0.5302

PART 72
OFFSET  7.7503 -3.0983 -8.9903
X  0.4654  0.3389 -0.8176
Y -0.8475  0.4368 -0.3014
Z  0.2550  0.8333  0.4905

PART 73
OFFSET  7.2208 -3.4878 -8.0679
X  0.1682 -0.5921  0.7881
Y -0.9266  0.1780  0.3314
Z -0.3365 -0.7859 -0.5187

PART 74
OFFSET  4.8219 -5.3851 -7.0926
X -0.6547 -0.1327 -0.7442
Y -0.1844  0.9828 -0.0129
Z  0.7331  0.1288 -0.6679

PART 75
OFFSET  4.4685 -6.0408 -6.1541
X -0.6547 -0.1327 -0.7442
Y -0.1844  0.9828 -0.0129
Z  0.7331  0.1288 -0.6679

PART 76
OFFSET  4.9255 -7.3062 -6.1902
X -0.6547 -0.1327 -0.7442
Y -0.1844  0.9828 -0.0129
Z  0.7331  0.1288 -0.6679

PART 77
OFFSET  0.0000 -0.0000 -0.0000
X  1.0000 -0.0000  0.0000
Y  0.0000  1.0000  0.0000
Z  0.0000 -0.0000  1.0000

PART 78
OFFSET  0.0000 -0.0000 -0.0000
X  1.0000 -0.0000  0.0000
Y  0.0000  1.0000  0.0000
Z  0.0000 -0.0000  1.0000

PART 79
OFFSET  1.5404 -0.0000  4.1357
X  1.0000 -0.0000  0.0000
Y  0.0000  1.0000  0.0000
Z  0.0000 -0.0000  1.0000


FRAME 2442
PART 0
OFFSET  0.0000 -0.0000 -0.0000
X  1.0000 -0.0000  0.0000
Y  0.0000  1.0000  0.0000
Z  0.0000 -0.0000  1.0000

PART 1
OFFSET -4.6318 -0.0000 -1.3770
X  1.0000 -0.0000  0.0000
Y  0.0000  1.0000  0.0000
Z  0.0000 -0.0000  1.0000

PART 2
OFFSET -1.0115  7.9373 -5.7336
X  0.7304 -0.2264 -0.6445
Y -0.0294 -0.9530  0.3014
Z -0.6824 -0.2012 -0.7027

PART 3
OFFSET  7.8214  5.1994 -13.5275
X  0.8981 -0.3323 -0.2882
Y  0.2330 -0.1963  0.9525
Z -0.3731 -0.9225 -0.0989

PART 4
OFFSET  15.4600  2.3733 -15.9786
X  0.8981 -0.3323 -0.2882
Y  0.4138  0.4165  0.8095
Z -0.1490 -0.8462  0.5115

PART 5
OFFSET  17.3193  3.4805 -16.9232
X  0.8977 -0.3286 -0.2936
Y  0.3671  0.9262  0.0860
Z  0.2437 -0.1850  0.9521

PART 6
OFFSET  15.8058  1.6091 -17.5390
X  0.8977 -0.3286 -0.2936
Y  0.3671  0.9262  0.0860
Z  0.2437 -0.1850  0.9521

PART 7
OFFSET  17.8248  2.1689 -15.0419
X  0.8977 -0.3286 -0.2936
Y  0.3671  0.9262  0.0860
Z  0.2437 -0.1850  0.9521

PART 8
OFFSET  17.2915  0.9375 -14.9387
X  0.8977 -0.3286 -0.2936
Y  0.3671  0.9262  0.0860
Z  0.2437 -0.1850  0.9521

PART 9
OFFSET  16.4968  0.6942 -15.8018
X  0.8977 -0.3286 -0.2936
Y  0.3671  0.9262  0.0860
Z  0.2437 -0.1850  0.9521

PART 10
OFFSET  18.2132  1.3546 -16.8621
X  0.7282  0.4920  0.4770
Y -0.5634  0.0334  0.8255
Z  0.3903 -0.8699  0.3015

PART 11
OFFSET  18.1574  1.2510 -15.7270
X  0.2767 -0.3553  0.8929
Y -0.9542 -0.2116  0.2115
Z  0.1137 -0.9105 -0.3976

PART 12
OFFSET  18.6656  0.4125 -13.8013
X  0.9172  0.2612  0.3007
Y -0.1512 -0.4702  0.8695
Z  0.3685 -0.8430 -0.3918

PART 13
OFFSET  20.1966  0.7678 -13.4116
X  0.6604  0.4295 -0.6160
Y  0.7126 -0.0999  0.6944
Z  0.2367 -0.8975 -0.3720

PART 14
OFFSET  20.9337  1.1895 -14.0829
X  0.4823  0.8730 -0.0726
Y -0.7744  0.4637  0.4305
Z  0.4095 -0.1514  0.8997

PART 15
OFFSET  19.5115  1.5594 -17.2814
X  0.9355  0.3470 -0.0672
Y  0.3525 -0.9025  0.2475
Z  0.0252 -0.2552 -0.9666

PART 16
OFFSET  21.6529  2.2655 -17.2613
X  0.2337 -0.7684  0.5958
Y -0.9177 -0.3767 -0.1259
Z  0.3212 -0.5173 -0.7932

PART 17
OFFSET  21.9837  1.1776 -16.4178
X -0.8309 -0.5391  0.1374
Y -0.4751  0.5590 -0.6796
Z  0.2896 -0.6300 -0.7206

PART 18
OFFSET  21.2470  0.6996 -16.2959
X -0.7882 -0.5890  0.1786
Y -0.5556  0.5561 -0.6181
Z  0.2647 -0.5864 -0.7655

PART 19
OFFSET  20.4982  0.1401 -16.1263
X  0.9134  0.1862  0.3621
Y  0.1212  0.7247 -0.6783
Z -0.3887  0.6634  0.6394

PART 20
OFFSET  19.2428  1.8113 -16.6700
X  0.8684  0.4527  0.2023
Y  0.3996 -0.8805  0.2552
Z  0.2936 -0.1408 -0.9455

PART 21
OFFSET  21.5314  2.9848 -16.2911
X  0.4033 -0.8062  0.4329
Y -0.8769 -0.4756 -0.0688
Z  0.2613 -0.3519 -0.8988

PART 22
OFFSET  22.2181  1.6123 -15.5542
X -0.7693 -0.6384  0.0240
Y -0.5747  0.6752 -0.4624
Z  0.2790 -0.3695 -0.8864

PART 23
OFFSET  21.1519  0.7275 -15.5209
X -0.8585 -0.5086 -0.0652
Y -0.4269  0.7794 -0.4585
Z  0.2841 -0.3658 -0.8863

PART 24
OFFSET  20.2208  0.1759 -15.5917
X  0.9612 -0.0465  0.2718
Y  0.1305  0.9451 -0.2997
Z -0.2429  0.3236  0.9145

PART 25
OFFSET  19.7728  2.4582 -13.9191
X  0.9027  0.2146  0.3730
Y -0.1835  0.9760 -0.1174
Z -0.3893  0.0375  0.9204

PART 26
OFFSET  20.4809  3.6204 -14.4927
X  0.8955  0.4010  0.1930
Y  0.2782 -0.8430  0.4604
Z  0.3473 -0.3586 -0.8665

PART 27
OFFSET  22.0576  4.3263 -14.1528
X  0.8963 -0.1960  0.3979
Y -0.2967 -0.9317  0.2093
Z  0.3297 -0.3057 -0.8933

PART 28
OFFSET  23.1271  4.1066 -13.6149
X  0.3154 -0.8211  0.4757
Y -0.8203 -0.4879 -0.2983
Z  0.4771 -0.2961 -0.8275

PART 29
OFFSET  23.4834  3.1791 -13.0776
X  0.7721  0.6245 -0.1183
Y -0.6071  0.6695 -0.4280
Z -0.1881  0.4023  0.8960

PART 30
OFFSET  21.0844  3.3756 -15.3851
X  0.3662 -0.8762  0.3135
Y -0.8913 -0.4270 -0.1524
Z  0.2674 -0.2236 -0.9373

PART 31
OFFSET  21.7997  1.6640 -14.7727
X -0.7270 -0.6853 -0.0427
Y -0.6437  0.7019 -0.3050
Z  0.2390 -0.1942 -0.9514

PART 32
OFFSET  20.7378  0.6630 -14.8350
X -0.9125 -0.3774 -0.1577
Y -0.3422  0.9156 -0.2113
Z  0.2242 -0.1389 -0.9646

PART 33
OFFSET  19.7062  0.2339 -15.0203
X  0.9039 -0.2865  0.3176
Y  0.3413  0.9306 -0.1320
Z -0.2577  0.2277  0.9390

PART 34
OFFSET  21.0859  1.3449 -15.5541
X  0.2680 -0.2060 -0.9411
Y -0.3903  0.8699 -0.3015
Z  0.8808  0.4481  0.1528

PART 35
OFFSET  16.8029  2.9438 -17.2984
X  0.8977 -0.3286 -0.2936
Y  0.3671  0.9262  0.0860
Z  0.2437 -0.1850  0.9521

PART 36
OFFSET  15.8058  1.6091 -17.5390
X  0.8977 -0.3286 -0.2936
Y  0.3671  0.9262  0.0860
Z  0.2437 -0.1850  0.9521

PART 37
OFFSET  17.8248  2.1689 -15.0419
X  0.8977 -0.3286 -0.2936
Y  0.3671  0.9262  0.0860
Z  0.2437 -0.1850  0.9521

PART 38
OFFSET  17.2915  0.9375 -14.9387
X  0.8977 -0.3286 -0.2936
Y  0.3671  0.9262  0.0860
Z  0.2437 -0.1850  0.9521

PART 39
OFFSET  16.4968  0.6942 -15.8018
X  0.8977 -0.3286 -0.2936
Y  0.3671  0.9262  0.0860
Z  0.2437 -0.1850  0.9521

PART 40
OFFSET  9.6130 -1.8259 -7.3967
X  0.8354  0.4537 -0.3103
Y -0.5494  0.6700 -0.4994
Z -0.0187  0.5876  0.8089

PART 41
OFFSET  9.6130 -1.8259 -7.3967
X  0.8354  0.4537 -0.3103
Y -0.5494  0.6700 -0.4994
Z -0.0187  0.5876  0.8089

PART 42
OFFSET  13.1179  0.2592 -8.4853
X  0.8354  0.4537 -0.3103
Y -0.5494  0.6700 -0.4994
Z -0.0187  0.5876  0.8089

PART 43
OFFSET  15.5511  1.8355 -7.3415
X  0.8354  0.4537 -0.3103
Y -0.5494  0.6700 -0.4994
Z -0.0187  0.5876  0.8089

PART 44
OFFSET -3.5060 -7.9373 -3.1869
X -0.1178 -0.0051  0.9930
Y -0.3367 -0.9405 -0.0448
Z  0.9342 -0.3397  0.1091

PART 45
OFFSET -2.0813 -7.8755 -15.1964
X -0.6622 -0.1385 -0.7364
Y  0.7258  0.1260 -0.6763
Z  0.1865 -0.9823  0.0171

PART 46
OFFSET  3.5507 -6.6974 -8.9327
X -0.6622 -0.1385 -0.7364
Y  0.7230  0.1401 -0.6765
Z  0.1969 -0.9804  0.0073

PART 47
OFFSET  3.7527 -5.4669 -7.3930
X -0.6670 -0.1366 -0.7324
Y -0.1950  0.9808 -0.0053
Z  0.7191  0.1393 -0.6808

PART 48
OFFSET  3.4238 -6.1304 -6.4509
X -0.6670 -0.1366 -0.7324
Y -0.1950  0.9808 -0.0053
Z  0.7191  0.1393 -0.6808

PART 49
OFFSET  3.8933 -7.3906 -6.5008
X -0.6670 -0.1366 -0.7324
Y -0.1950  0.9808 -0.0053
Z  0.7191  0.1393 -0.6808

PART 50
OFFSET  5.5807 -6.2728 -6.6750
X -0.8337 -0.4591  0.3069
Y  0.0192 -0.5795 -0.8148
Z  0.5519 -0.6734  0.4919

PART 51
OFFSET  5.7106 -5.2306 -6.2287
X -0.3075 -0.9490  0.0704
Y  0.1553 -0.1230 -0.9802
Z  0.9388 -0.2904  0.1852

PART 52
OFFSET  6.3063 -3.1544 -6.2931
X -0.5398 -0.3482  0.7664
Y -0.1277 -0.8660 -0.4834
Z  0.8320 -0.3588  0.4231

PART 53
OFFSET  7.0770 -2.6037 -7.6065
X -0.1767  0.3117  0.9336
Y -0.4303 -0.8776  0.2115
Z  0.8852 -0.3643  0.2892

PART 54
OFFSET  7.2350 -2.9092 -8.6329
X -0.7878  0.2833  0.5470
Y -0.4416  0.3594 -0.8221
Z -0.4294 -0.8892 -0.1580

PART 55
OFFSET  6.1951 -6.3687 -7.9065
X -0.6046 -0.3018  0.7371
Y  0.7299 -0.5804  0.3611
Z  0.3188  0.7564  0.5712

PART 56
OFFSET  7.5106 -5.5094 -9.5238
X  0.3504 -0.8042  0.4800
Y  0.7618 -0.0533 -0.6456
Z  0.5448  0.5919  0.5940

PART 57
OFFSET  7.0145 -4.3707 -10.2034
X  0.8337 -0.4449 -0.3271
Y  0.1011  0.7054 -0.7016
Z  0.5429  0.5518  0.6330

PART 58
OFFSET  6.2753 -3.9762 -9.9133
X  0.5452  0.2813 -0.7897
Y -0.6405  0.7476 -0.1758
Z  0.5409  0.6016  0.5877

PART 59
OFFSET  5.7574 -4.2435 -9.1631
X -0.0931 -0.7715  0.6294
Y -0.7660  0.4594  0.4497
Z -0.6361 -0.4402 -0.6337

PART 60
OFFSET  6.4428 -5.9766 -7.3638
X -0.7076 -0.3884  0.5903
Y  0.6830 -0.5898  0.4308
Z  0.1808  0.7080  0.6826

PART 61
OFFSET  8.2676 -5.0868 -8.9877
X  0.3568 -0.7349  0.5767
Y  0.7849 -0.0989 -0.6116
Z  0.5065  0.6709  0.5416

PART 62
OFFSET  7.6602 -3.8356 -9.9695
X  0.8487 -0.2720 -0.4535
Y -0.1428  0.7078 -0.6919
Z  0.5092  0.6520  0.5619

PART 63
OFFSET  6.4839 -3.4586 -9.3411
X  0.4114  0.3935 -0.8221
Y -0.7594  0.6467 -0.0705
Z  0.5040  0.6533  0.5649

PART 64
OFFSET  6.0377 -3.8854 -8.4494
X  0.1215 -0.6597  0.7416
Y -0.8789  0.2756  0.3892
Z -0.4612 -0.6991 -0.5464

PART 65
OFFSET  2.3906 -8.0544 -4.4450
X -0.6346 -0.5071  0.5831
Y -0.7692  0.4877 -0.4129
Z -0.0750 -0.7106 -0.6996

PART 66
OFFSET  9.0198 -4.2971 -7.0736
X -0.7376 -0.3065  0.6016
Y  0.6021 -0.7018  0.3808
Z  0.3055  0.6431  0.7022

PART 67
OFFSET  10.3185 -3.7575 -8.1329
X -0.7158 -0.3250  0.6181
Y  0.6415 -0.6558  0.3981
Z  0.2759  0.6814  0.6779

PART 68
OFFSET  11.2055 -3.3210 -8.8431
X -0.7407 -0.3639  0.5648
Y  0.6282 -0.6732  0.3900
Z  0.2383  0.6437  0.7273

PART 69
OFFSET  12.0421 -2.9099 -9.4810
X -0.2590  0.9073 -0.3314
Y  0.8558  0.0564 -0.5143
Z -0.4479 -0.4167 -0.7910

PART 70
OFFSET  8.8527 -4.8539 -8.0130
X  0.2424 -0.7183  0.6521
Y  0.9112 -0.0622 -0.4073
Z  0.3331  0.6930  0.6394

PART 71
OFFSET  8.3791 -3.4507 -9.2870
X  0.9401 -0.2837 -0.1890
Y  0.0360  0.6339 -0.7726
Z  0.3389  0.7195  0.6062

PART 72
OFFSET  7.0059 -3.0364 -9.0110
X  0.5064  0.3731 -0.7774
Y -0.8026  0.5335 -0.2668
Z  0.3153  0.7591  0.5696

PART 73
OFFSET  6.4296 -3.4639 -8.1347
X  0.1042 -0.6754  0.7301
Y -0.9141  0.2243  0.3379
Z -0.3920 -0.7026 -0.5939

PART 74
OFFSET  3.7527 -5.4669 -7.3929
X -0.6670 -0.1366 -0.7324
Y -0.1950  0.9808 -0.0053
Z  0.7191  0.1393 -0.6808

PART 75
OFFSET  3.4237 -6.1302 -6.4509
X -0.6670 -0.1366 -0.7324
Y -0.1950  0.9808 -0.0053
Z  0.7191  0.1393 -0.6808

PART 76
OFFSET  3.8934 -7.3906 -6.5009
X -0.6670 -0.1366 -0.7324
Y -0.1950  0.9808 -0.0053
Z  0.7191  0.1393 -0.6808

PART 77
OFFSET  0.0000 -0.0000 -0.0000
X  1.0000 -0.0000  0.0000
Y  0.0000  1.0000  0.0000
Z  0.0000 -0.0000  1.0000

PART 78
OFFSET  0.0000 -0.0000 -0.0000
X  1.0000 -0.0000  0.0000
Y  0.0000  1.0000  0.0000
Z  0.0000 -0.0000  1.0000

PART 79
OFFSET  1.5404 -0.0000  4.1357
X  1.0000 -0.0000  0.0000
Y  0.0000  1.0000  0.0000
Z  0.0000 -0.0000  1.0000


FRAME 2443
PART 0
OFFSET  0.0000 -0.0000 -0.0000
X  1.0000 -0.0000  0.0000
Y  0.0000  1.0000  0.0000
Z  0.0000 -0.0000  1.0000

PART 1
OFFSET -4.6318 -0.0000 -1.3770
X  1.0000 -0.0000  0.0000
Y  0.0000  1.0000  0.0000
Z  0.0000 -0.0000  1.0000

PART 2
OFFSET -1.0115  7.9373 -5.7336
X  0.6916 -0.2090 -0.6914
Y -0.0138 -0.9609  0.2766
Z -0.7222 -0.1817 -0.6674

PART 3
OFFSET  7.3521  5.4102 -14.0957
X  0.9171 -0.3599 -0.1712
Y  0.1206 -0.1588  0.9799
Z -0.3799 -0.9194 -0.1023

PART 4
OFFSET  15.1527  2.3487 -15.5521
X  0.9171 -0.3599 -0.1712
Y  0.2659  0.2323  0.9356
Z -0.2970 -0.9036  0.3087

PART 5
OFFSET  17.1300  3.3816 -16.3260
X  0.9174 -0.3565 -0.1768
Y  0.3755  0.9226  0.0887
Z  0.1315 -0.1477  0.9802

PART 6
OFFSET  15.6538  1.5116 -17.0308
X  0.9174 -0.3565 -0.1768
Y  0.3755  0.9226  0.0887
Z  0.1315 -0.1477  0.9802

PART 7
OFFSET  17.3928  2.1442 -14.3474
X  0.9174 -0.3565 -0.1768
Y  0.3755  0.9226  0.0887
Z  0.1315 -0.1477  0.9802

PART 8
OFFSET  16.8242  0.9279 -14.2543
X  0.9174 -0.3565 -0.1768
Y  0.3755  0.9226  0.0887
Z  0.1315 -0.1477  0.9802

PART 9
OFFSET  16.1259  0.6611 -15.1907
X  0.9174 -0.3565 -0.1768
Y  0.3755  0.9226  0.0887
Z  0.1315 -0.1477  0.9802

PART 10
OFFSET  17.9643  1.2452 -16.0771
X  0.7602  0.3589  0.5415
Y -0.5782 -0.0063  0.8159
Z  0.2962 -0.9334  0.2027

PART 11
OFFSET  17.8699  1.0173 -14.9629
X  0.2182 -0.4817  0.8487
Y -0.9753 -0.1387  0.1720
Z  0.0348 -0.8653 -0.5001

PART 12
OFFSET  18.2454 -0.0842 -13.1421
X  0.9304  0.1323  0.3420
Y -0.2181 -0.5501  0.8061
Z  0.2947 -0.8246 -0.4829

PART 13
OFFSET  19.7933  0.0698 -12.6922
X  0.7144  0.4299 -0.5521
Y  0.6818 -0.2497  0.6876
Z  0.1577 -0.8676 -0.4715

PART 14
OFFSET  20.5846  0.4908 -13.2991
X  0.5665  0.8232  0.0370
Y -0.7364  0.4855  0.4712
Z  0.3699 -0.2942  0.8813

PART 15
OFFSET  19.2866  1.3669 -16.4515
X  0.9661  0.2577 -0.0130
Y  0.2569 -0.9556  0.1447
Z  0.0248 -0.1431 -0.9894

PART 16
OFFSET  21.4852  1.8497 -16.3190
X  0.1428 -0.8514  0.5046
Y -0.9465 -0.2666 -0.1819
Z  0.2894 -0.4517 -0.8439

PART 17
OFFSET  21.6873  0.6442 -15.6045
X -0.8826 -0.4661  0.0617
Y -0.4012  0.6781 -0.6158
Z  0.2452 -0.5682 -0.7855

PART 18
OFFSET  20.9048  0.2309 -15.5498
X -0.8459 -0.5244  0.0973
Y -0.4832  0.6762 -0.5562
Z  0.2258 -0.5175 -0.8253

PART 19
OFFSET  20.1012 -0.2672 -15.4574
X  0.9176  0.0514  0.3941
Y  0.2081  0.7825 -0.5868
Z -0.3385  0.6205  0.7074

PART 20
OFFSET  19.0282  1.5720 -15.8185
X  0.9028  0.3378  0.2660
Y  0.3056 -0.9394  0.1556
Z  0.3024 -0.0592 -0.9513

PART 21
OFFSET  21.4095  2.4607 -15.2729
X  0.3121 -0.8868  0.3408
Y -0.9170 -0.3750 -0.1362
Z  0.2486 -0.2700 -0.9302

PART 22
OFFSET  21.9408  0.9509 -14.6927
X -0.8280 -0.5573 -0.0618
Y -0.4946  0.7778 -0.3878
Z  0.2642 -0.2906 -0.9197

PART 23
OFFSET  20.7932  0.1785 -14.7783
X -0.9019 -0.4098 -0.1364
Y -0.3375  0.8657 -0.3697
Z  0.2696 -0.2874 -0.9191

PART 24
OFFSET  19.8151 -0.2660 -14.9262
X  0.9450 -0.1728  0.2777
Y  0.2291  0.9557 -0.1849
Z -0.2334  0.2384  0.9427

PART 25
OFFSET  19.5486  1.8412 -13.0036
X  0.9095  0.0793  0.4081
Y -0.0849  0.9964 -0.0046
Z -0.4070 -0.0305  0.9129

PART 26
OFFSET  20.3805  2.9856 -13.4270
X  0.9250  0.2850  0.2511
Y  0.1833 -0.9140  0.3620
Z  0.3327 -0.2889 -0.8977

PART 27
OFFSET  22.0091  3.4874 -12.9848
X  0.8626 -0.3287  0.3845
Y -0.3910 -0.9155  0.0944
Z  0.3210 -0.2317 -0.9183

PART 28
OFFSET  23.0383  3.1019 -12.4617
X  0.2220 -0.8978  0.3804
Y -0.8560 -0.3663 -0.3649
Z  0.4669 -0.2446 -0.8498

PART 29
OFFSET  23.2891  2.0878 -12.0320
X  0.8318  0.5541 -0.0335
Y -0.5282  0.7714 -0.3548
Z -0.1708  0.3128  0.9343

PART 30
OFFSET  20.9798  2.7867 -14.3335
X  0.2713 -0.9385  0.2135
Y -0.9244 -0.3159 -0.2138
Z  0.2681 -0.1394 -0.9533

PART 31
OFFSET  21.5098  0.9533 -13.9164
X -0.7888 -0.6001 -0.1329
Y -0.5646  0.7929 -0.2294
Z  0.2430 -0.1059 -0.9642

PART 32
OFFSET  20.3577  0.0767 -14.1105
X -0.9406 -0.2641 -0.2135
Y -0.2462  0.9633 -0.1071
Z  0.2340 -0.0482 -0.9710

PART 33
OFFSET  19.2942 -0.2234 -14.3591
X  0.8635 -0.4097  0.2942
Y  0.4333  0.9011 -0.0171
Z -0.2581  0.1423  0.9556

PART 34
OFFSET  20.7884  0.7991 -14.7397
X  0.2705 -0.1216 -0.9550
Y -0.2962  0.9334 -0.2027
Z  0.9160  0.3377  0.2165

PART 35
OFFSET  16.6470  2.8381 -16.7345
X  0.9174 -0.3565 -0.1768
Y  0.3755  0.9226  0.0887
Z  0.1315 -0.1477  0.9802

PART 36
OFFSET  15.6538  1.5116 -17.0308
X  0.9174 -0.3565 -0.1768
Y  0.3755  0.9226  0.0887
Z  0.1315 -0.1477  0.9802

PART 37
OFFSET  17.3928  2.1442 -14.3474
X  0.9174 -0.3565 -0.1768
Y  0.3755  0.9226  0.0887
Z  0.1315 -0.1477  0.9802

PART 38
OFFSET  16.8242  0.9279 -14.2543
X  0.9174 -0.3565 -0.1768
Y  0.3755  0.9226  0.0887
Z  0.1315 -0.1477  0.9802

PART 39
OFFSET  16.1259  0.6611 -15.1907
X  0.9174 -0.3565 -0.1768
Y  0.3755  0.9226  0.0887
Z  0.1315 -0.1477  0.9802

PART 40
OFFSET  8.8589 -2.1362 -7.1703
X  0.8831  0.4012 -0.2433
Y -0.4689  0.7744 -0.4248
Z  0.0180  0.4892  0.8720

PART 41
OFFSET  8.8589 -2.1362 -7.1703
X  0.8831  0.4012 -0.2433
Y -0.4689  0.7744 -0.4248
Z  0.0180  0.4892  0.8720

PART 42
OFFSET  12.5761 -0.2981 -7.9581
X  0.8831  0.4012 -0.2433
Y -0.4689  0.7744 -0.4248
Z  0.0180  0.4892  0.8720

PART 43
OFFSET  15.1211  0.8861 -6.6037
X  0.8831  0.4012 -0.2433
Y -0.4689  0.7744 -0.4248
Z  0.0180  0.4892  0.8720

PART 44
OFFSET -3.5060 -7.9373 -3.1869
X  0.0023 -0.0007  1.0000
Y -0.3152 -0.9490  0.0001
Z  0.9490 -0.3152 -0.0024

PART 45
OFFSET -3.5338 -7.9292 -15.2808
X -0.6854 -0.1483 -0.7129
Y  0.6965  0.1523 -0.7012
Z  0.2126 -0.9771 -0.0011

PART 46
OFFSET  2.2956 -6.6682 -9.2170
X -0.6854 -0.1483 -0.7129
Y  0.7105  0.0785 -0.6993
Z  0.1596 -0.9858  0.0516

PART 47
OFFSET  2.5229 -5.4491 -7.6718
X -0.6901 -0.1465 -0.7087
Y -0.2206  0.9753  0.0132
Z  0.6893  0.1655 -0.7054

PART 48
OFFSET  2.2468 -6.1309 -6.7259
X -0.6901 -0.1465 -0.7087
Y -0.2206  0.9753  0.0132
Z  0.6893  0.1655 -0.7054

PART 49
OFFSET  2.7468 -7.3776 -6.8076
X -0.6901 -0.1465 -0.7087
Y -0.2206  0.9753  0.0132
Z  0.6893  0.1655 -0.7054

PART 50
OFFSET  4.3968 -6.2137 -7.0313
X -0.8818 -0.4063  0.2394
Y -0.0166 -0.4806 -0.8768
Z  0.4713 -0.7771  0.4170

PART 51
OFFSET  4.6159 -5.2481 -6.4641
X -0.3998 -0.9155 -0.0457
Y  0.1674 -0.0239 -0.9856
Z  0.9012 -0.4017  0.1628

PART 52
OFFSET  5.4118 -3.2479 -6.2761
X -0.5903 -0.3790  0.7127
Y -0.1988 -0.7874 -0.5835
Z  0.7823 -0.4861  0.3895

PART 53
OFFSET  6.2654 -2.6286 -7.5050
X -0.1692  0.2179  0.9612
Y -0.5187 -0.8490  0.1011
Z  0.8381 -0.4814  0.2567

PART 54
OFFSET  6.4189 -2.8278 -8.5579
X -0.7701  0.2951  0.5655
Y -0.3836  0.4939 -0.7803
Z -0.5096 -0.8179 -0.2672

PART 55
OFFSET  5.0300 -6.2274 -8.2570
X -0.6496 -0.3232  0.6882
Y  0.6607 -0.6878  0.3006
Z  0.3762  0.6500  0.6603

PART 56
OFFSET  6.4632 -5.3221 -9.7439
X  0.2584 -0.8851  0.3871
Y  0.7692 -0.0539 -0.6368
Z  0.5845  0.4623  0.6669

PART 57
OFFSET  6.0974 -4.0690 -10.2919
X  0.7946 -0.4848 -0.3655
Y  0.1869  0.7681 -0.6125
Z  0.5777  0.4183  0.7009

PART 58
OFFSET  5.3929 -3.6392 -9.9678
X  0.5897  0.3150 -0.7436
Y -0.5602  0.8228 -0.0957
Z  0.5817  0.4730  0.6617

PART 59
OFFSET  4.8326 -3.9385 -9.2614
X -0.1835 -0.8259  0.5332
Y -0.7289  0.4782  0.4899
Z -0.6596 -0.2987 -0.6897

PART 60
OFFSET  5.3007 -5.9272 -7.6687
X -0.7567 -0.3817  0.5308
Y  0.6114 -0.7005  0.3680
Z  0.2313  0.6030  0.7634

PART 61
OFFSET  7.2439 -5.0417 -9.1515
X  0.2690 -0.8284  0.4913
Y  0.7869 -0.1052 -0.6081
Z  0.5554  0.5502  0.6236

PART 62
OFFSET  6.7859 -3.6313 -9.9880
X  0.8295 -0.3009 -0.4705
Y -0.0558  0.7936 -0.6059
Z  0.5556  0.5289  0.6415

PART 63
OFFSET  5.6362 -3.2144 -9.3360
X  0.4684  0.4430 -0.7645
Y -0.6910  0.7228 -0.0046
Z  0.5505  0.5304  0.6446

PART 64
OFFSET  5.1282 -3.6948 -8.5068
X  0.0381 -0.7497  0.6607
Y -0.8576  0.3148  0.4067
Z -0.5129 -0.5821 -0.6310

PART 65
OFFSET  0.9933 -7.9150 -5.0702
X -0.6955 -0.5055  0.5107
Y -0.7075  0.6062 -0.3634
Z -0.1259 -0.6141 -0.7791

PART 66
OFFSET  8.0205 -4.5568 -7.1477
X -0.7822 -0.3048  0.5434
Y  0.5217 -0.7973  0.3036
Z  0.3407  0.5210  0.7826

PART 67
OFFSET  9.3976 -4.0201 -8.1045
X -0.7627 -0.3272  0.5579
Y  0.5645 -0.7577  0.3273
Z  0.3156  0.5646  0.7626

PART 68
OFFSET  10.3439 -3.5880 -8.7364
X -0.7885 -0.3579  0.5001
Y  0.5510 -0.7723  0.3162
Z  0.2731  0.5249  0.8062

PART 69
OFFSET  11.2346 -3.1838 -9.3012
X -0.1639  0.9613 -0.2215
Y  0.8733  0.0370 -0.4858
Z -0.4588 -0.2731 -0.8456

PART 70
OFFSET  7.8239 -4.9821 -8.1482
X  0.1550 -0.8093  0.5666
Y  0.9109 -0.1050 -0.3991
Z  0.3825  0.5780  0.7209

PART 71
OFFSET  7.5212 -3.4012 -9.2551
X  0.9126 -0.3520 -0.2079
Y  0.1169  0.7121 -0.6922
Z  0.3917  0.6074  0.6911

PART 72
OFFSET  6.1882 -2.8871 -8.9514
X  0.5597  0.4081 -0.7212
Y -0.7400  0.6379 -0.2134
Z  0.3729  0.6531  0.6591

PART 73
OFFSET  5.5511 -3.3535 -8.1394
X  0.0196 -0.7621  0.6472
Y -0.8962  0.2735  0.3492
Z -0.4432 -0.5868 -0.6777

PART 74
OFFSET  2.5228 -5.4491 -7.6717
X -0.6901 -0.1465 -0.7087
Y -0.2206  0.9753  0.0132
Z  0.6893  0.1655 -0.7054

PART 75
OFFSET  2.2467 -6.1307 -6.7258
X -0.6901 -0.1465 -0.7087
Y -0.2206  0.9753  0.0132
Z  0.6893  0.1655 -0.7054

PART 76
OFFSET  2.7469 -7.3776 -6.8077
