// Export filename: `C:\projects\cod\t5\xanim_export\t5_viewmodels\ak74u\ak74u_grip_sprint_in.XANIM_EXPORT`
// Source filename: `D:\projects\devanim\t5\animation_assets\viewmodels\ak74u/t5_viewmodel_ak74u_animated.fbx`
// Export time: Sat Aug 28 17:51:59 2010

ANIMATION
VERSION 3

NUMPARTS 80
PART 0 "tag_ads"
PART 1 "tag_torso"
PART 2 "J_Shoulder_LE"
PART 3 "J_Elbow_LE"
PART 4 "J_WristTwist_LE"
PART 5 "J_Sleave_Reshape_Bottom_LE_1"
PART 6 "J_Sleave_Reshape_Bottom_LE_2"
PART 7 "J_Sleave_Reshape_Top_LE_1"
PART 8 "J_Sleave_Reshape_Top_LE_2"
PART 9 "J_Sleave_Reshape_Top_LE_3"
PART 10 "J_Wrist_LE"
PART 11 "J_Thumb_LE_0"
PART 12 "J_Thumb_LE_1"
PART 13 "J_Thumb_LE_2"
PART 14 "J_Thumb_LE_3"
PART 15 "J_PinkyPalm_LE"
PART 16 "J_Pinky_LE_0"
PART 17 "J_Pinky_LE_1"
PART 18 "J_Pinky_LE_2"
PART 19 "J_Pinky_LE_3"
PART 20 "J_RingPalm_LE"
PART 21 "J_Ring_LE_0"
PART 22 "J_Ring_LE_1"
PART 23 "J_Ring_LE_2"
PART 24 "J_Ring_LE_3"
PART 25 "J_Webbing_LE"
PART 26 "J_Index_LE_0"
PART 27 "J_Index_LE_1"
PART 28 "J_Index_LE_2"
PART 29 "J_Index_LE_3"
PART 30 "J_Mid_LE_0"
PART 31 "J_Mid_LE_1"
PART 32 "J_Mid_LE_2"
PART 33 "J_Mid_LE_3"
PART 34 "tag_knife_attach"
PART 35 "D_Sleave_Reshape_Bottom_LE_1"
PART 36 "D_Sleave_Reshape_Bottom_LE_2"
PART 37 "D_Sleave_Reshape_Top_LE_1"
PART 38 "D_Sleave_Reshape_Top_LE_2"
PART 39 "D_Sleave_Reshape_Top_LE_3"
PART 40 "tag_weapon"
PART 41 "J_Gun"
PART 42 "TAG_CLIP"
PART 43 "J_Bolt"
PART 44 "J_Shoulder_RI"
PART 45 "J_Elbow_RI"
PART 46 "J_WristTwist_RI"
PART 47 "J_Sleave_Reshape_Top_RI_3"
PART 48 "J_Sleave_Reshape_Top_RI_2"
PART 49 "J_Sleave_Reshape_Top_RI_1"
PART 50 "J_Wrist_RI"
PART 51 "J_Thumb_RI_0"
PART 52 "J_Thumb_RI_1"
PART 53 "J_Thumb_RI_2"
PART 54 "J_Thumb_RI_3"
PART 55 "J_PinkyPalm_RI"
PART 56 "J_Pinky_RI_0"
PART 57 "J_Pinky_RI_1"
PART 58 "J_Pinky_RI_2"
PART 59 "J_Pinky_RI_3"
PART 60 "J_RingPalm_RI"
PART 61 "J_Ring_RI_0"
PART 62 "J_Ring_RI_1"
PART 63 "J_Ring_RI_2"
PART 64 "J_Ring_RI_3"
PART 65 "J_Webbing_RI"
PART 66 "J_Index_RI_0"
PART 67 "J_Index_RI_1"
PART 68 "J_Index_RI_2"
PART 69 "J_Index_RI_3"
PART 70 "J_Mid_RI_0"
PART 71 "J_Mid_RI_1"
PART 72 "J_Mid_RI_2"
PART 73 "J_Mid_RI_3"
PART 74 "D_Sleave_Reshape_Top_RI_3"
PART 75 "D_Sleave_Reshape_Top_RI_2"
PART 76 "D_Sleave_Reshape_Top_RI_1"
PART 77 "tag_cambone"
PART 78 "tag_camera"
PART 79 "tag_gasmask"

FRAMERATE 30
NUMFRAMES 11

FRAME 4050
PART 0
OFFSET  0.0000 -0.0000 -0.0000
X  1.0000 -0.0000  0.0000
Y  0.0000  1.0000  0.0000
Z  0.0000 -0.0000  1.0000

PART 1
OFFSET -4.6318 -0.0000 -1.3770
X  1.0000 -0.0000  0.0000
Y  0.0000  1.0000  0.0000
Z  0.0000 -0.0000  1.0000

PART 2
OFFSET -1.6642  7.9373 -3.1869
X  0.7233 -0.2668 -0.6370
Y -0.1082 -0.9548  0.2770
Z -0.6821 -0.1315 -0.7194

PART 3
OFFSET  7.0828  4.7109 -10.8903
X  0.8419 -0.4587  0.2842
Y -0.3114  0.0172  0.9501
Z -0.4407 -0.8884 -0.1284

PART 4
OFFSET  14.2434  0.8092 -8.4727
X  0.8419 -0.4587  0.2842
Y -0.3424 -0.0470  0.9384
Z -0.4171 -0.8873 -0.1966

PART 5
OFFSET  16.4963  1.5160 -8.4668
X  0.8449 -0.4564  0.2789
Y  0.4428  0.8894  0.1139
Z -0.3000  0.0273  0.9535

PART 6
OFFSET  15.1663 -0.3265 -9.4711
X  0.8449 -0.4564  0.2789
Y  0.4428  0.8894  0.1139
Z -0.3000  0.0273  0.9535

PART 7
OFFSET  15.7460  0.6517 -6.4162
X  0.8449 -0.4564  0.2789
Y  0.4428  0.8894  0.1139
Z -0.3000  0.0273  0.9535

PART 8
OFFSET  15.0110 -0.4759 -6.4095
X  0.8449 -0.4564  0.2789
Y  0.4428  0.8894  0.1139
Z -0.3000  0.0273  0.9535

PART 9
OFFSET  14.7192 -0.8548 -7.5081
X  0.8449 -0.4564  0.2789
Y  0.4428  0.8894  0.1139
Z -0.3000  0.0273  0.9535

PART 10
OFFSET  16.8243 -0.5972 -7.6013
X  0.8454 -0.3940  0.3606
Y -0.3904  0.0049  0.9206
Z -0.3645 -0.9191 -0.1497

PART 11
OFFSET  16.6782 -1.1471 -6.6121
X  0.1769 -0.8655  0.4686
Y -0.5291  0.3178  0.7868
Z -0.8299 -0.3871 -0.4017

PART 12
OFFSET  16.9609 -3.0046 -5.5447
X  0.7292 -0.6256 -0.2774
Y -0.2044 -0.5859  0.7842
Z -0.6531 -0.5151 -0.5551

PART 13
OFFSET  18.0771 -4.0373 -6.1014
X  0.5254 -0.0018 -0.8509
Y  0.3954 -0.8850  0.2460
Z -0.7534 -0.4657 -0.4642

PART 14
OFFSET  18.6175 -4.0756 -7.0386
X  0.9533  0.1154 -0.2792
Y  0.1506  0.6196  0.7703
Z  0.2619 -0.7764  0.5733

PART 15
OFFSET  17.8841 -1.1216 -8.3121
X  0.9004 -0.3653 -0.2363
Y -0.4126 -0.8894 -0.1968
Z -0.1383  0.2747 -0.9515

PART 16
OFFSET  19.8766 -2.0916 -8.7286
X  0.1824 -0.9765  0.1148
Y -0.9743 -0.1638  0.1548
Z -0.1324 -0.1401 -0.9812

PART 17
OFFSET  20.1348 -3.4741 -8.5661
X -0.9452 -0.2896  0.1507
Y -0.3110  0.9391 -0.1462
Z -0.0992 -0.1851 -0.9777

PART 18
OFFSET  19.2968 -3.7308 -8.4325
X -0.8935  0.4466  0.0466
Y  0.4351  0.8867 -0.1563
Z -0.1112 -0.1194 -0.9866

PART 19
OFFSET  18.4479 -3.3065 -8.3881
X  0.4263 -0.8810  0.2051
Y  0.8894  0.3669 -0.2727
Z  0.1650  0.2987  0.9400

PART 20
OFFSET  17.8614 -1.0767 -7.6001
X  0.9222 -0.3820  0.0595
Y -0.3643 -0.9101 -0.1973
Z  0.1296  0.1603 -0.9785

PART 21
OFFSET  20.2822 -2.0243 -7.5866
X  0.0244 -0.9967 -0.0768
Y -0.9973 -0.0296  0.0672
Z -0.0693  0.0750 -0.9948

PART 22
OFFSET  20.3237 -3.7213 -7.7173
X -0.9898 -0.1318  0.0540
Y -0.1287  0.9901  0.0560
Z -0.0608  0.0485 -0.9970

PART 23
OFFSET  18.9519 -3.9039 -7.6425
X -0.6186  0.7824  0.0722
Y  0.7838  0.6208 -0.0125
Z -0.0546  0.0489 -0.9973

PART 24
OFFSET  18.2811 -3.0553 -7.5642
X  0.0563 -0.9933 -0.1011
Y  0.9983  0.0575 -0.0087
Z  0.0145 -0.1004  0.9948

PART 25
OFFSET  18.6151 -2.2967 -5.1081
X  0.7696 -0.6273  0.1196
Y  0.5789  0.7644  0.2839
Z -0.2695 -0.1492  0.9514

PART 26
OFFSET  19.9595 -1.7873 -5.4461
X  0.3284 -0.9432 -0.0502
Y -0.9288 -0.3127 -0.1990
Z  0.1720  0.1120 -0.9787

PART 27
OFFSET  20.5376 -3.4479 -5.5346
X -0.9210 -0.2730 -0.2780
Y -0.2894  0.9570  0.0187
Z  0.2609  0.0977 -0.9604

PART 28
OFFSET  19.4021 -3.7857 -5.8141
X -0.7592  0.6453 -0.0846
Y  0.6388  0.7637  0.0930
Z  0.1247  0.0165 -0.9921

PART 29
OFFSET  18.5446 -3.0568 -5.9097
X -0.2945 -0.8949 -0.3354
Y  0.8917 -0.3835  0.2405
Z -0.3438 -0.2283  0.9109

PART 30
OFFSET  20.2275 -1.9154 -6.5102
X  0.1439 -0.9895 -0.0094
Y -0.9835 -0.1420 -0.1117
Z  0.1092  0.0253 -0.9937

PART 31
OFFSET  20.5086 -3.8486 -6.5286
X -0.9930 -0.0691 -0.0957
Y -0.0748  0.9955  0.0573
Z  0.0913  0.0641 -0.9938

PART 32
OFFSET  19.0582 -3.9495 -6.6683
X -0.6009  0.7989  0.0264
Y  0.7912  0.5898  0.1616
Z  0.1136  0.1180 -0.9865

PART 33
OFFSET  18.3779 -3.0443 -6.6455
X -0.0519 -0.9968 -0.0604
Y  0.9980 -0.0539  0.0329
Z -0.0360 -0.0586  0.9976

PART 34
OFFSET  18.7712 -3.0687 -7.3478
X  0.0648  0.1353 -0.9887
Y  0.3645  0.9191  0.1497
Z  0.9289 -0.3701  0.0102

PART 35
OFFSET  16.1435  0.9469 -8.9640
X  0.8449 -0.4564  0.2789
Y  0.4428  0.8894  0.1139
Z -0.3000  0.0273  0.9535

PART 36
OFFSET  15.1663 -0.3265 -9.4711
X  0.8449 -0.4564  0.2789
Y  0.4428  0.8894  0.1139
Z -0.3000  0.0273  0.9535

PART 37
OFFSET  15.7460  0.6517 -6.4162
X  0.8449 -0.4564  0.2789
Y  0.4428  0.8894  0.1139
Z -0.3000  0.0273  0.9535

PART 38
OFFSET  15.0110 -0.4759 -6.4095
X  0.8449 -0.4564  0.2789
Y  0.4428  0.8894  0.1139
Z -0.3000  0.0273  0.9535

PART 39
OFFSET  14.7192 -0.8548 -7.5081
X  0.8449 -0.4564  0.2789
Y  0.4428  0.8894  0.1139
Z -0.3000  0.0273  0.9535

PART 40
OFFSET  7.7688 -2.6416 -4.8099
X  1.0000 -0.0000  0.0000
Y  0.0000  1.0000  0.0000
Z  0.0000 -0.0000  1.0000

PART 41
OFFSET  7.7688 -2.6416 -4.8099
X  1.0000 -0.0000  0.0000
Y  0.0000  1.0000  0.0000
Z  0.0000 -0.0000  1.0000

PART 42
OFFSET  11.9806 -2.6266 -4.5308
X  1.0000 -0.0000  0.0000
Y  0.0000  1.0000  0.0000
Z  0.0000 -0.0000  1.0000

PART 43
OFFSET  14.3735 -3.4784 -2.7246
X  1.0000 -0.0000  0.0000
Y  0.0000  1.0000  0.0000
Z  0.0000 -0.0000  1.0000

PART 44
OFFSET -13.9227 -7.9373 -3.1869
X -0.6053  0.0162  0.7958
Y -0.1718 -0.9789 -0.1107
Z  0.7772 -0.2037  0.5953

PART 45
OFFSET -6.6022 -8.1338 -12.8116
X -0.8222 -0.3196 -0.4710
Y  0.5121 -0.0542 -0.8572
Z  0.2484 -0.9460  0.2082

PART 46
OFFSET  0.3912 -5.4156 -8.8058
X -0.8222 -0.3196 -0.4710
Y  0.5374 -0.1634 -0.8273
Z  0.1874 -0.9334  0.3061

PART 47
OFFSET  0.9106 -3.8330 -7.7329
X -0.8259 -0.3166 -0.4664
Y -0.2534  0.9476 -0.1946
Z  0.5036 -0.0425 -0.8629

PART 48
OFFSET  0.8857 -4.2320 -6.6033
X -0.8259 -0.3166 -0.4664
Y -0.2534  0.9476 -0.1946
Z  0.5036 -0.0425 -0.8629

PART 49
OFFSET  1.4070 -5.4649 -6.4654
X -0.8259 -0.3166 -0.4664
Y -0.2534  0.9476 -0.1946
Z  0.5036 -0.0425 -0.8629

PART 50
OFFSET  2.9119 -4.4359 -7.3619
X -0.9546 -0.1418 -0.2621
Y  0.2850 -0.1775 -0.9420
Z  0.0871 -0.9739  0.2098

PART 51
OFFSET  3.0305 -3.8010 -6.4212
X -0.4986 -0.6783 -0.5397
Y  0.5783  0.2035 -0.7900
Z  0.6457 -0.7060  0.2908

PART 52
OFFSET  4.0128 -2.3183 -5.1938
X -0.9028 -0.3483  0.2521
Y -0.0610 -0.4767 -0.8770
Z  0.4256 -0.8071  0.4091

PART 53
OFFSET  5.4190 -1.6940 -5.6990
X -0.5336 -0.0214  0.8455
Y -0.6557 -0.6209 -0.4295
Z  0.5342 -0.7836  0.3173

PART 54
OFFSET  5.9827 -1.6245 -6.6205
X -0.8721  0.3596  0.3318
Y  0.0986  0.7934 -0.6007
Z -0.4792 -0.4912 -0.7274

PART 55
OFFSET  4.0072 -4.3092 -8.1912
X -0.9338 -0.2716  0.2329
Y  0.3213 -0.9230  0.2116
Z  0.1575  0.2724  0.9492

PART 56
OFFSET  6.0889 -3.5460 -8.6022
X -0.1064 -0.9920  0.0680
Y  0.9470 -0.1219 -0.2972
Z  0.3031  0.0328  0.9524

PART 57
OFFSET  6.2395 -2.1416 -8.6984
X  0.7704 -0.5952 -0.2284
Y  0.5756  0.8034 -0.1522
Z  0.2741 -0.0142  0.9616

PART 58
OFFSET  5.5564 -1.6139 -8.4959
X  0.9043  0.2998 -0.3040
Y -0.2988  0.9530  0.0509
Z  0.3049  0.0448  0.9513

PART 59
OFFSET  4.6973 -1.8987 -8.2071
X -0.5482 -0.8340  0.0630
Y -0.7690  0.5322  0.3543
Z -0.3290  0.1458 -0.9330

PART 60
OFFSET  4.0399 -4.2960 -7.4782
X -0.9690 -0.2439  0.0388
Y  0.2458 -0.9373  0.2469
Z -0.0239  0.2488  0.9683

PART 61
OFFSET  6.5638 -3.7206 -7.7173
X -0.1328 -0.9741  0.1828
Y  0.9405 -0.1821 -0.2870
Z  0.3128  0.1338  0.9403

PART 62
OFFSET  6.7899 -2.0621 -8.0285
X  0.8812 -0.4114 -0.2327
Y  0.3642  0.9048 -0.2204
Z  0.3012  0.1095  0.9472

PART 63
OFFSET  5.5686 -1.4920 -7.7060
X  0.8304  0.4610 -0.3130
Y -0.4723  0.8804  0.0436
Z  0.2956  0.1116  0.9488

PART 64
OFFSET  4.6680 -1.9919 -7.3665
X -0.3960 -0.8751  0.2782
Y -0.8751  0.4514  0.1743
Z -0.2781 -0.1744 -0.9446

PART 65
OFFSET -1.2553 -5.3980 -7.5437
X -0.9291 -0.3699 -0.0061
Y -0.3495  0.8829 -0.3136
Z  0.1213 -0.2892 -0.9496

PART 66
OFFSET  6.4488 -4.1115 -5.5522
X -0.9803 -0.1931 -0.0406
Y  0.1869 -0.9747  0.1229
Z -0.0633  0.1129  0.9916

PART 67
OFFSET  8.1748 -3.7715 -5.4807
X -0.9741 -0.2239 -0.0304
Y  0.2152 -0.9603  0.1773
Z -0.0689  0.1662  0.9837

PART 68
OFFSET  9.3549 -3.4893 -5.3840
X -0.9659 -0.2397 -0.0981
Y  0.2227 -0.9620  0.1579
Z -0.1323  0.1307  0.9826

PART 69
OFFSET  10.4459 -3.2185 -5.2731
X  0.0762  0.9832  0.1658
Y  0.9969 -0.0787  0.0085
Z  0.0214  0.1646 -0.9861

PART 70
OFFSET  6.6406 -4.1444 -6.6397
X -0.2627 -0.9406  0.2150
Y  0.9570 -0.2824 -0.0663
Z  0.1231  0.1883  0.9744

PART 71
OFFSET  7.1538 -2.3069 -7.0597
X  0.8288 -0.5596 -0.0009
Y  0.5392  0.7990 -0.2664
Z  0.1498  0.2203  0.9639

PART 72
OFFSET  5.9432 -1.4895 -7.0585
X  0.8851  0.3871 -0.2584
Y -0.4386  0.8795 -0.1846
Z  0.1558  0.2767  0.9482

PART 73
OFFSET  4.9394 -1.9293 -6.7726
X -0.4085 -0.8763  0.2554
Y -0.8912  0.4434  0.0957
Z -0.1971 -0.1885 -0.9621

PART 74
OFFSET  0.9106 -3.8330 -7.7328
X -0.8259 -0.3166 -0.4664
Y -0.2534  0.9476 -0.1946
Z  0.5036 -0.0425 -0.8629

PART 75
OFFSET  0.8856 -4.2318 -6.6032
X -0.8259 -0.3166 -0.4664
Y -0.2534  0.9476 -0.1946
Z  0.5036 -0.0425 -0.8629

PART 76
OFFSET  1.4071 -5.4649 -6.4655
X -0.8259 -0.3166 -0.4664
Y -0.2534  0.9476 -0.1946
Z  0.5036 -0.0425 -0.8629

PART 77
OFFSET  0.0000 -0.0000 -0.0000
X  1.0000 -0.0000  0.0000
Y  0.0000  1.0000  0.0000
Z  0.0000 -0.0000  1.0000

PART 78
OFFSET  0.0000 -0.0000 -0.0000
X  1.0000 -0.0000  0.0000
Y  0.0000  1.0000  0.0000
Z  0.0000 -0.0000  1.0000

PART 79
OFFSET  1.5404 -0.0000  4.1357
X  1.0000 -0.0000  0.0000
Y  0.0000  1.0000  0.0000
Z  0.0000 -0.0000  1.0000


FRAME 4051
PART 0
OFFSET  0.0000 -0.0000 -0.0000
X  1.0000 -0.0000  0.0000
Y  0.0000  1.0000  0.0000
Z  0.0000 -0.0000  1.0000

PART 1
OFFSET -4.6318 -0.0000 -1.3770
X  1.0000 -0.0000  0.0000
Y  0.0000  1.0000  0.0000
Z  0.0000 -0.0000  1.0000

PART 2
OFFSET -1.6642  7.9373 -3.1869
X  0.7179 -0.2609 -0.6454
Y -0.1006 -0.9563  0.2747
Z -0.6889 -0.1323 -0.7127

PART 3
OFFSET  7.0176  4.7820 -10.9928
X  0.8462 -0.4555  0.2766
Y -0.3040  0.0136  0.9526
Z -0.4377 -0.8901 -0.1270

PART 4
OFFSET  14.2148  0.9076 -8.6405
X  0.8462 -0.4555  0.2766
Y -0.3291 -0.0385  0.9435
Z -0.4191 -0.8894 -0.1825

PART 5
OFFSET  16.4644  1.6248 -8.6507
X  0.8492 -0.4531  0.2712
Y  0.4396  0.8911  0.1125
Z -0.2927  0.0237  0.9559

PART 6
OFFSET  15.1350 -0.2215 -9.6488
X  0.8492 -0.4531  0.2712
Y  0.4396  0.8911  0.1125
Z -0.2927  0.0237  0.9559

PART 7
OFFSET  15.7342  0.7523 -6.5963
X  0.8492 -0.4531  0.2712
Y  0.4396  0.8911  0.1125
Z -0.2927  0.0237  0.9559

PART 8
OFFSET  15.0045 -0.3786 -6.5865
X  0.8492 -0.4531  0.2712
Y  0.4396  0.8911  0.1125
Z -0.2927  0.0237  0.9559

PART 9
OFFSET  14.7058 -0.7564 -7.6836
X  0.8492 -0.4531  0.2712
Y  0.4396  0.8911  0.1125
Z -0.2927  0.0237  0.9559

PART 10
OFFSET  16.8089 -0.4889 -7.7927
X  0.8538 -0.3782  0.3579
Y -0.3809  0.0148  0.9245
Z -0.3549 -0.9256 -0.1314

PART 11
OFFSET  16.6796 -1.0247 -6.7935
X  0.1922 -0.8558  0.4803
Y -0.5248  0.3239  0.7872
Z -0.8293 -0.4033 -0.3869

PART 12
OFFSET  16.9957 -2.8616 -5.7001
X  0.7337 -0.6212 -0.2752
Y -0.1892 -0.5758  0.7954
Z -0.6525 -0.5316 -0.5400

PART 13
OFFSET  18.1184 -3.8897 -6.2522
X  0.5166 -0.0090 -0.8562
Y  0.4085 -0.8762  0.2557
Z -0.7525 -0.4819 -0.4489

PART 14
OFFSET  18.6496 -3.9364 -7.1943
X  0.9489  0.1223 -0.2910
Y  0.1510  0.6335  0.7589
Z  0.2771 -0.7640  0.5826

PART 15
OFFSET  17.8675 -1.0119 -8.5063
X  0.9022 -0.3583 -0.2400
Y -0.4038 -0.8973 -0.1785
Z -0.1514  0.2579 -0.9542

PART 16
OFFSET  19.8672 -1.9645 -8.9284
X  0.1953 -0.9723  0.1282
Y -0.9706 -0.1729  0.1676
Z -0.1408 -0.1572 -0.9775

PART 17
OFFSET  20.1437 -3.3411 -8.7469
X -0.9401 -0.2984  0.1651
Y -0.3238  0.9329 -0.1577
Z -0.1070 -0.2017 -0.9736

PART 18
OFFSET  19.3102 -3.6057 -8.6005
X -0.8983  0.4367  0.0490
Y  0.4227  0.8892 -0.1748
Z -0.1199 -0.1363 -0.9834

PART 19
OFFSET  18.4568 -3.1908 -8.5539
X  0.4390 -0.8725  0.2145
Y  0.8820  0.3731 -0.2878
Z  0.1710  0.3155  0.9334

PART 20
OFFSET  17.8517 -0.9559 -7.7949
X  0.9273 -0.3700  0.0559
Y -0.3553 -0.9174 -0.1791
Z  0.1175  0.1463 -0.9822

PART 21
OFFSET  20.2837 -1.8744 -7.7919
X  0.0356 -0.9975 -0.0614
Y -0.9961 -0.0404  0.0782
Z -0.0804  0.0584 -0.9950

PART 22
OFFSET  20.3443 -3.5726 -7.8964
X -0.9875 -0.1426  0.0664
Y -0.1401  0.9893  0.0418
Z -0.0717  0.0320 -0.9969

PART 23
OFFSET  18.9757 -3.7703 -7.8044
X -0.6272  0.7761  0.0664
Y  0.7761  0.6298 -0.0304
Z -0.0654  0.0324 -0.9973

PART 24
OFFSET  18.2955 -2.9286 -7.7324
X  0.0673 -0.9940 -0.0861
Y  0.9974  0.0692 -0.0201
Z  0.0259 -0.0845  0.9961

PART 25
OFFSET  18.6457 -2.1273 -5.2921
X  0.7783 -0.6161  0.1214
Y  0.5725  0.7756  0.2657
Z -0.2579 -0.1373  0.9564

PART 26
OFFSET  19.9802 -1.6073 -5.6522
X  0.3392 -0.9399 -0.0389
Y -0.9269 -0.3269 -0.1843
Z  0.1605  0.0985 -0.9821

PART 27
OFFSET  20.5774 -3.2622 -5.7206
X -0.9204 -0.2883 -0.2640
Y -0.3007  0.9537  0.0067
Z  0.2498  0.0856 -0.9645

PART 28
OFFSET  19.4432 -3.6179 -5.9829
X -0.7678  0.6348 -0.0868
Y  0.6305  0.7726  0.0743
Z  0.1142  0.0023 -0.9935

PART 29
OFFSET  18.5760 -2.9008 -6.0809
X -0.2871 -0.9035 -0.3182
Y  0.8987 -0.3691  0.2371
Z -0.3317 -0.2179  0.9179

PART 30
OFFSET  20.2387 -1.7491 -6.7168
X  0.1557 -0.9878  0.0046
Y -0.9829 -0.1554 -0.0991
Z  0.0986  0.0109 -0.9951

PART 31
OFFSET  20.5430 -3.6788 -6.7078
X -0.9930 -0.0824 -0.0841
Y -0.0862  0.9954  0.0425
Z  0.0802  0.0494 -0.9955

PART 32
OFFSET  19.0925 -3.7992 -6.8307
X -0.6102  0.7920  0.0201
Y  0.7857  0.6016  0.1440
Z  0.1020  0.1037 -0.9894

PART 33
OFFSET  18.4016 -2.9019 -6.8150
X -0.0405 -0.9982 -0.0442
Y  0.9989 -0.0415  0.0232
Z -0.0250 -0.0432  0.9988

PART 34
OFFSET  18.7879 -2.9328 -7.5209
X  0.0529  0.1204 -0.9913
Y  0.3549  0.9256  0.1314
Z  0.9334 -0.3588  0.0063

PART 35
OFFSET  16.1103  1.0552 -9.1464
X  0.8492 -0.4531  0.2712
Y  0.4396  0.8911  0.1125
Z -0.2927  0.0237  0.9559

PART 36
OFFSET  15.1350 -0.2215 -9.6488
X  0.8492 -0.4531  0.2712
Y  0.4396  0.8911  0.1125
Z -0.2927  0.0237  0.9559

PART 37
OFFSET  15.7342  0.7523 -6.5963
X  0.8492 -0.4531  0.2712
Y  0.4396  0.8911  0.1125
Z -0.2927  0.0237  0.9559

PART 38
OFFSET  15.0045 -0.3786 -6.5865
X  0.8492 -0.4531  0.2712
Y  0.4396  0.8911  0.1125
Z -0.2927  0.0237  0.9559

PART 39
OFFSET  14.7058 -0.7564 -7.6836
X  0.8492 -0.4531  0.2712
Y  0.4396  0.8911  0.1125
Z -0.2927  0.0237  0.9559

PART 40
OFFSET  7.8079 -2.5964 -4.8747
X  0.9999  0.0119 -0.0105
Y -0.0121  0.9998 -0.0157
Z  0.0103  0.0158  0.9998

PART 41
OFFSET  7.8079 -2.5964 -4.8747
X  0.9999  0.0119 -0.0105
Y -0.0121  0.9998 -0.0157
Z  0.0103  0.0158  0.9998

PART 42
OFFSET  12.0218 -2.5269 -4.6400
X  0.9999  0.0119 -0.0105
Y -0.0121  0.9998 -0.0157
Z  0.0103  0.0158  0.9998

PART 43
OFFSET  14.4433 -3.3215 -2.8460
X  0.9999  0.0119 -0.0105
Y -0.0121  0.9998 -0.0157
Z  0.0103  0.0158  0.9998

PART 44
OFFSET -13.9227 -7.9373 -3.1869
X -0.6069  0.0171  0.7946
Y -0.1749 -0.9781 -0.1125
Z  0.7753 -0.2072  0.5966

PART 45
OFFSET -6.5832 -8.1445 -12.7969
X -0.8236 -0.3160 -0.4710
Y  0.5116 -0.0555 -0.8574
Z  0.2448 -0.9471  0.2074

PART 46
OFFSET  0.4220 -5.4571 -8.7910
X -0.8236 -0.3160 -0.4710
Y  0.5369 -0.1670 -0.8269
Z  0.1826 -0.9340  0.3072

PART 47
OFFSET  0.9479 -3.8775 -7.7169
X -0.8273 -0.3130 -0.4664
Y -0.2498  0.9487 -0.1937
Z  0.5031 -0.0437 -0.8631

PART 48
OFFSET  0.9218 -4.2773 -6.5876
X -0.8273 -0.3130 -0.4664
Y -0.2498  0.9487 -0.1937
Z  0.5031 -0.0437 -0.8631

PART 49
OFFSET  1.4384 -5.5124 -6.4510
X -0.8273 -0.3130 -0.4664
Y -0.2498  0.9487 -0.1937
Z  0.5031 -0.0437 -0.8631

PART 50
OFFSET  2.9469 -4.4885 -7.3471
X -0.9554 -0.1573 -0.2498
Y  0.2774 -0.1889 -0.9420
Z  0.1009 -0.9693  0.2241

PART 51
OFFSET  3.0676 -3.8374 -6.4177
X -0.4959 -0.6926 -0.5237
Y  0.5676  0.1979 -0.7992
Z  0.6572 -0.6936  0.2950

PART 52
OFFSET  4.0445 -2.3239 -5.2242
X -0.8959 -0.3550  0.2670
Y -0.0643 -0.4912 -0.8687
Z  0.4395 -0.7954  0.4173

PART 53
OFFSET  5.4378 -1.6910 -5.7538
X -0.5245 -0.0144  0.8513
Y -0.6526 -0.6354 -0.4128
Z  0.5468 -0.7720  0.3239

PART 54
OFFSET  5.9911 -1.6294 -6.6822
X -0.8729  0.3544  0.3352
Y  0.0828  0.7849 -0.6141
Z -0.4807 -0.5083 -0.7145

PART 55
OFFSET  4.0320 -4.3619 -8.1897
X -0.9280 -0.2790  0.2469
Y  0.3345 -0.9157  0.2227
Z  0.1640  0.2893  0.9431

PART 56
OFFSET  6.1000 -3.5806 -8.6344
X -0.0937 -0.9920  0.0847
Y  0.9453 -0.1154 -0.3052
Z  0.3125  0.0514  0.9485

PART 57
OFFSET  6.2327 -2.1762 -8.7543
X  0.7751 -0.5896 -0.2271
Y  0.5643  0.8077 -0.1708
Z  0.2842  0.0043  0.9588

PART 58
OFFSET  5.5454 -1.6535 -8.5529
X  0.8974  0.3057 -0.3181
Y -0.3097  0.9500  0.0391
Z  0.3142  0.0635  0.9472

PART 59
OFFSET  4.6928 -1.9439 -8.2507
X -0.5374 -0.8394  0.0818
Y -0.7716  0.5285  0.3539
Z -0.3403  0.1271 -0.9317

PART 60
OFFSET  4.0719 -4.3371 -7.4774
X -0.9656 -0.2548  0.0528
Y  0.2596 -0.9303  0.2590
Z -0.0169  0.2638  0.9644

PART 61
OFFSET  6.5861 -3.7355 -7.7520
X -0.1192 -0.9726  0.1995
Y  0.9396 -0.1754 -0.2939
Z  0.3209  0.1524  0.9348

PART 62
OFFSET  6.7890 -2.0796 -8.0915
X  0.8837 -0.4045 -0.2355
Y  0.3510  0.9055 -0.2384
Z  0.3097  0.1280  0.9422

PART 63
OFFSET  5.5643 -1.5190 -7.7652
X  0.8215  0.4658 -0.3289
Y -0.4824  0.8753  0.0347
Z  0.3040  0.1301  0.9437

PART 64
OFFSET  4.6733 -2.0242 -7.4085
X -0.3825 -0.8752  0.2960
Y -0.8787  0.4437  0.1764
Z -0.2857 -0.1927 -0.9388

PART 65
OFFSET -1.2100 -5.5028 -7.4700
X -0.9245 -0.3810  0.0095
Y -0.3633  0.8736 -0.3237
Z  0.1150 -0.3027 -0.9461

PART 66
OFFSET  6.4981 -4.0934 -5.5800
X -0.9783 -0.2054 -0.0273
Y  0.1999 -0.9703  0.1362
Z -0.0545  0.1278  0.9903

PART 67
OFFSET  8.2206 -3.7319 -5.5319
X -0.9716 -0.2359 -0.0167
Y  0.2285 -0.9548  0.1901
Z -0.0607  0.1809  0.9816

PART 68
OFFSET  9.3981 -3.4341 -5.4520
X -0.9639 -0.2527 -0.0842
Y  0.2359 -0.9567  0.1706
Z -0.1237  0.1446  0.9817

PART 69
OFFSET  10.4868 -3.1487 -5.3569
X  0.0661  0.9866  0.1495
Y  0.9978 -0.0667 -0.0007
Z  0.0093  0.1492 -0.9888

PART 70
OFFSET  6.6791 -4.1413 -6.6688
X -0.2491 -0.9402  0.2325
Y  0.9596 -0.2720 -0.0719
Z  0.1308  0.2052  0.9699

PART 71
OFFSET  7.1657 -2.3047 -7.1229
X  0.8354 -0.5496 -0.0008
Y  0.5267  0.8010 -0.2845
Z  0.1570  0.2373  0.9587

PART 72
OFFSET  5.9455 -1.5018 -7.1218
X  0.8777  0.3935 -0.2737
Y -0.4510  0.8712 -0.1938
Z  0.1622  0.2935  0.9421

PART 73
OFFSET  4.9500 -1.9490 -6.8185
X -0.3953 -0.8769  0.2734
Y -0.8955  0.4342  0.0981
Z -0.2047 -0.2061 -0.9569

PART 74
OFFSET  0.9479 -3.8775 -7.7169
X -0.8273 -0.3130 -0.4664
Y -0.2498  0.9487 -0.1937
Z  0.5031 -0.0437 -0.8631

PART 75
OFFSET  0.9217 -4.2771 -6.5876
X -0.8273 -0.3130 -0.4664
Y -0.2498  0.9487 -0.1937
Z  0.5031 -0.0437 -0.8631

PART 76
OFFSET  1.4384 -5.5124 -6.4511
X -0.8273 -0.3130 -0.4664
Y -0.2498  0.9487 -0.1937
Z  0.5031 -0.0437 -0.8631

PART 77
OFFSET  0.0000 -0.0000 -0.0000
X  1.0000 -0.0000  0.0000
Y  0.0000  1.0000  0.0000
Z  0.0000 -0.0000  1.0000

PART 78
OFFSET  0.0000 -0.0000 -0.0000
X  1.0000 -0.0000  0.0000
Y  0.0000  1.0000  0.0000
Z  0.0000 -0.0000  1.0000

PART 79
OFFSET  1.5404 -0.0000  4.1357
X  1.0000 -0.0000  0.0000
Y  0.0000  1.0000  0.0000
Z  0.0000 -0.0000  1.0000


FRAME 4052
PART 0
OFFSET  0.0000 -0.0000 -0.0000
X  1.0000 -0.0000  0.0000
Y  0.0000  1.0000  0.0000
Z  0.0000 -0.0000  1.0000

PART 1
OFFSET -4.6318 -0.0000 -1.3770
X  1.0000 -0.0000  0.0000
Y  0.0000  1.0000  0.0000
Z  0.0000 -0.0000  1.0000

PART 2
OFFSET -1.6642  7.9373 -3.1869
X  0.7031 -0.2455 -0.6674
Y -0.0805 -0.9600  0.2683
Z -0.7065 -0.1349 -0.6947

PART 3
OFFSET  6.8391  4.9682 -11.2578
X  0.8577 -0.4467  0.2546
Y -0.2829  0.0036  0.9591
Z -0.4294 -0.8947 -0.1233

PART 4
OFFSET  14.1340  1.1687 -9.0920
X  0.8577 -0.4467  0.2546
Y -0.2914 -0.0143  0.9565
Z -0.4236 -0.8946 -0.1424

PART 5
OFFSET  16.3739  1.9139 -9.1472
X  0.8605 -0.4443  0.2492
Y  0.4310  0.8958  0.1088
Z -0.2716  0.0138  0.9623

PART 6
OFFSET  15.0454  0.0577 -10.1281
X  0.8605 -0.4443  0.2492
Y  0.4310  0.8958  0.1088
Z -0.2716  0.0138  0.9623

PART 7
OFFSET  15.7003  1.0191 -7.0831
X  0.8605 -0.4443  0.2492
Y  0.4310  0.8958  0.1088
Z -0.2716  0.0138  0.9623

PART 8
OFFSET  14.9850 -0.1209 -7.0647
X  0.8605 -0.4443  0.2492
Y  0.4310  0.8958  0.1088
Z -0.2716  0.0138  0.9623

PART 9
OFFSET  14.6667 -0.4952 -8.1575
X  0.8605 -0.4443  0.2492
Y  0.4310  0.8958  0.1088
Z -0.2716  0.0138  0.9623

PART 10
OFFSET  16.7634 -0.2008 -8.3114
X  0.8756 -0.3331  0.3498
Y -0.3564  0.0431  0.9333
Z -0.3260 -0.9419 -0.0810

PART 11
OFFSET  16.6794 -0.6958 -7.2866
X  0.2345 -0.8267  0.5114
Y -0.5145  0.3408  0.7869
Z -0.8248 -0.4476 -0.3454

PART 12
OFFSET  17.0881 -2.4707 -6.1237
X  0.7472 -0.6079 -0.2685
Y -0.1478 -0.5459  0.8247
Z -0.6479 -0.5766 -0.4978

PART 13
OFFSET  18.2307 -3.4841 -6.6621
X  0.4936 -0.0297 -0.8692
Y  0.4453 -0.8498  0.2819
Z -0.7470 -0.5263 -0.4062

PART 14
OFFSET  18.7378 -3.5548 -7.6158
X  0.9360  0.1410 -0.3226
Y  0.1492  0.6712  0.7261
Z  0.3189 -0.7277  0.6072

PART 15
OFFSET  17.8201 -0.7192 -9.0311
X  0.9074 -0.3382 -0.2495
Y -0.3771 -0.9173 -0.1278
Z -0.1856  0.2101 -0.9599

PART 16
OFFSET  19.8396 -1.6222 -9.4676
X  0.2323 -0.9586  0.1648
Y -0.9592 -0.1977  0.2022
Z -0.1613 -0.2050 -0.9654

PART 17
OFFSET  20.1685 -2.9793 -9.2343
X -0.9244 -0.3221  0.2044
Y -0.3601  0.9136 -0.1889
Z -0.1259 -0.2482 -0.9605

PART 18
OFFSET  19.3489 -3.2649 -9.0531
X -0.9113  0.4081  0.0553
Y  0.3868  0.8943 -0.2251
Z -0.1413 -0.1837 -0.9728

PART 19
OFFSET  18.4832 -2.8772 -9.0006
X  0.4746 -0.8469  0.2397
Y  0.8606  0.3893 -0.3284
Z  0.1848  0.3622  0.9136

PART 20
OFFSET  17.8213 -0.6323 -8.3226
X  0.9408 -0.3360  0.0457
Y -0.3279 -0.9358 -0.1290
Z  0.0861  0.1064 -0.9906

PART 21
OFFSET  20.2830 -1.4678 -8.3482
X  0.0685 -0.9975 -0.0190
Y -0.9917 -0.0702  0.1079
Z -0.1089  0.0114 -0.9940

PART 22
OFFSET  20.3996 -3.1660 -8.3806
X -0.9799 -0.1725  0.1004
Y -0.1731  0.9849  0.0027
Z -0.0993 -0.0147 -0.9949

PART 23
OFFSET  19.0416 -3.4051 -8.2415
X -0.6517  0.7568  0.0503
Y  0.7527  0.6535 -0.0796
Z -0.0931 -0.0141 -0.9956

PART 24
OFFSET  18.3348 -2.5843 -8.1870
X  0.0994 -0.9940 -0.0447
Y  0.9935  0.1016 -0.0512
Z  0.0554 -0.0393  0.9977

PART 25
OFFSET  18.7219 -1.6642 -5.7946
X  0.8021 -0.5837  0.1261
Y  0.5522  0.8054  0.2155
Z -0.2273 -0.1033  0.9683

PART 26
OFFSET  20.0275 -1.1164 -6.2144
X  0.3704 -0.9288 -0.0075
Y -0.9196 -0.3656 -0.1438
Z  0.1308  0.0602 -0.9896

PART 27
OFFSET  20.6797 -2.7517 -6.2277
X -0.9166 -0.3304 -0.2251
Y -0.3333  0.9425 -0.0262
Z  0.2209  0.0510 -0.9740

PART 28
OFFSET  19.5520 -3.1564 -6.4422
X -0.7914  0.6043 -0.0926
Y  0.6051  0.7958  0.0229
Z  0.0875 -0.0380 -0.9954

PART 29
OFFSET  18.6581 -2.4739 -6.5469
X -0.2640 -0.9258 -0.2705
Y  0.9169 -0.3279  0.2275
Z -0.2993 -0.1879  0.9355

PART 30
OFFSET  20.2623 -1.2965 -7.2788
X  0.1900 -0.9808  0.0431
Y -0.9792 -0.1925 -0.0646
Z  0.0716 -0.0300 -0.9970

PART 31
OFFSET  20.6334 -3.2127 -7.1945
X -0.9915 -0.1193 -0.0525
Y -0.1195  0.9928  0.0016
Z  0.0519  0.0079 -0.9986

PART 32
OFFSET  19.1852 -3.3869 -7.2712
X -0.6365  0.7713  0.0029
Y  0.7679  0.6334  0.0956
Z  0.0719  0.0631 -0.9954

PART 33
OFFSET  18.4643 -2.5133 -7.2750
X -0.0070 -1.0000  0.0004
Y  1.0000 -0.0070 -0.0031
Z  0.0031  0.0003  1.0000

PART 34
OFFSET  18.8325 -2.5626 -7.9895
X  0.0223  0.0780 -0.9967
Y  0.3260  0.9419  0.0810
Z  0.9451 -0.3267 -0.0045

PART 35
OFFSET  16.0159  1.3432 -9.6388
X  0.8605 -0.4443  0.2492
Y  0.4310  0.8958  0.1088
Z -0.2716  0.0138  0.9623

PART 36
OFFSET  15.0454  0.0577 -10.1281
X  0.8605 -0.4443  0.2492
Y  0.4310  0.8958  0.1088
Z -0.2716  0.0138  0.9623

PART 37
OFFSET  15.7003  1.0191 -7.0831
X  0.8605 -0.4443  0.2492
Y  0.4310  0.8958  0.1088
Z -0.2716  0.0138  0.9623

PART 38
OFFSET  14.9850 -0.1209 -7.0647
X  0.8605 -0.4443  0.2492
Y  0.4310  0.8958  0.1088
Z -0.2716  0.0138  0.9623

PART 39
OFFSET  14.6667 -0.4952 -8.1575
X  0.8605 -0.4443  0.2492
Y  0.4310  0.8958  0.1088
Z -0.2716  0.0138  0.9623

PART 40
OFFSET  7.9219 -2.4768 -5.0521
X  0.9982  0.0449 -0.0392
Y -0.0471  0.9972 -0.0588
Z  0.0364  0.0605  0.9975

PART 41
OFFSET  7.9219 -2.4768 -5.0521
X  0.9982  0.0449 -0.0392
Y -0.0471  0.9972 -0.0588
Z  0.0364  0.0605  0.9975

PART 42
OFFSET  12.1357 -2.2559 -4.9395
X  0.9982  0.0449 -0.0392
Y -0.0471  0.9972 -0.0588
Z  0.0364  0.0605  0.9975

PART 43
OFFSET  14.6303 -2.8886 -3.1815
X  0.9982  0.0449 -0.0392
Y -0.0471  0.9972 -0.0588
Z  0.0364  0.0605  0.9975

PART 44
OFFSET -13.9227 -7.9373 -3.1869
X -0.6125  0.0194  0.7903
Y -0.1834 -0.9759 -0.1182
Z  0.7689 -0.2173  0.6013

PART 45
OFFSET -6.5155 -8.1716 -12.7441
X -0.8280 -0.3053 -0.4703
Y  0.5095 -0.0594 -0.8584
Z  0.2342 -0.9504  0.2048

PART 46
OFFSET  0.5269 -5.5745 -8.7439
X -0.8280 -0.3053 -0.4703
Y  0.5345 -0.1764 -0.8265
Z  0.1694 -0.9358  0.3093

PART 47
OFFSET  1.0728 -4.0035 -7.6671
X -0.8317 -0.3024 -0.4657
Y -0.2391  0.9520 -0.1911
Z  0.5012 -0.0476 -0.8640

PART 48
OFFSET  1.0440 -4.4056 -6.5387
X -0.8317 -0.3024 -0.4657
Y -0.2391  0.9520 -0.1911
Z  0.5012 -0.0476 -0.8640

PART 49
OFFSET  1.5465 -5.6469 -6.4057
X -0.8317 -0.3024 -0.4657
Y -0.2391  0.9520 -0.1911
Z  0.5012 -0.0476 -0.8640

PART 50
OFFSET  3.0653 -4.6384 -7.3020
X -0.9557 -0.2001 -0.2157
Y  0.2585 -0.2212 -0.9403
Z  0.1404 -0.9545  0.2631

PART 51
OFFSET  3.1880 -3.9430 -6.4056
X -0.4854 -0.7314 -0.4790
Y  0.5389  0.1811 -0.8227
Z  0.6885 -0.6574  0.3063

PART 52
OFFSET  4.1434 -2.3462 -5.3070
X -0.8756 -0.3726  0.3073
Y -0.0703 -0.5311 -0.8444
Z  0.4778 -0.7610  0.4389

PART 53
OFFSET  5.4993 -1.6912 -5.9026
X -0.5008  0.0059  0.8655
Y -0.6409 -0.6746 -0.3663
Z  0.5817 -0.7382  0.3416

PART 54
OFFSET  6.0252 -1.6523 -6.8480
X -0.8755  0.3395  0.3440
Y  0.0391  0.7592 -0.6497
Z -0.4817 -0.5553 -0.6779

PART 55
OFFSET  4.1225 -4.5130 -8.1796
X -0.9109 -0.2986  0.2849
Y  0.3719 -0.8932  0.2528
Z  0.1790  0.3362  0.9246

PART 56
OFFSET  6.1495 -3.6835 -8.7159
X -0.0570 -0.9898  0.1303
Y  0.9402 -0.0971 -0.3264
Z  0.3357  0.1039  0.9362

PART 57
OFFSET  6.2302 -2.2822 -8.9004
X  0.7888 -0.5728 -0.2230
Y  0.5312  0.8178 -0.2216
Z  0.3093  0.0563  0.9493

PART 58
OFFSET  5.5308 -1.7743 -8.7026
X  0.8775  0.3211 -0.3563
Y -0.3413  0.9399  0.0065
Z  0.3369  0.1159  0.9344

PART 59
OFFSET  4.6972 -2.0794 -8.3642
X -0.5056 -0.8524  0.1333
Y -0.7798  0.5176  0.3522
Z -0.3692  0.0741 -0.9264

PART 60
OFFSET  4.1805 -4.4553 -7.4704
X -0.9544 -0.2843  0.0910
Y  0.2986 -0.9087  0.2918
Z -0.0003  0.3056  0.9522

PART 61
OFFSET  6.6641 -3.7828 -7.8416
X -0.0800 -0.9663  0.2448
Y  0.9369 -0.1567 -0.3124
Z  0.3402  0.2044  0.9179

PART 62
OFFSET  6.8003 -2.1377 -8.2584
X  0.8906 -0.3848 -0.2425
Y  0.3129  0.9053 -0.2873
Z  0.3300  0.1800  0.9266

PART 63
OFFSET  5.5660 -1.6044 -7.9224
X  0.7958  0.4780 -0.3718
Y -0.5114  0.8593  0.0102
Z  0.3244  0.1820  0.9282

PART 64
OFFSET  4.7029 -2.1228 -7.5191
X -0.3439 -0.8735  0.3445
Y -0.8885  0.4214  0.1816
Z -0.3038 -0.2436 -0.9211

PART 65
OFFSET -1.0558 -5.7957 -7.2636
X -0.9102 -0.4109  0.0521
Y -0.4019  0.8458 -0.3510
Z  0.1002 -0.3404 -0.9349

PART 66
OFFSET  6.6465 -4.0466 -5.6545
X -0.9710 -0.2390  0.0092
Y  0.2370 -0.9561  0.1726
Z -0.0324  0.1698  0.9850

PART 67
OFFSET  8.3561 -3.6259 -5.6707
X -0.9630 -0.2688  0.0210
Y  0.2665 -0.9372  0.2249
Z -0.0408  0.2222  0.9742

PART 68
OFFSET  9.5243 -3.2856 -5.6371
X -0.9564 -0.2883 -0.0460
Y  0.2734 -0.9397  0.2053
Z -0.1024  0.1838  0.9776

PART 69
OFFSET  10.6046 -2.9600 -5.5851
X  0.0358  0.9939  0.1046
Y  0.9991 -0.0332 -0.0259
Z -0.0223  0.1054 -0.9942

PART 70
OFFSET  6.7999 -4.1367 -6.7448
X -0.2101 -0.9367  0.2800
Y  0.9662 -0.2427 -0.0870
Z  0.1495  0.2523  0.9560

PART 71
OFFSET  7.2103 -2.3068 -7.2919
X  0.8536 -0.5209 -0.0005
Y  0.4908  0.8048 -0.3338
Z  0.1742  0.2847  0.9426

PART 72
OFFSET  5.9634 -1.5460 -7.2913
X  0.8559  0.4101 -0.3152
Y -0.4860  0.8462 -0.2187
Z  0.1770  0.3403  0.9235

PART 73
OFFSET  4.9925 -2.0123 -6.9410
X -0.3572 -0.8767  0.3223
Y -0.9070  0.4079  0.1043
Z -0.2229 -0.2551 -0.9409

PART 74
OFFSET  1.0728 -4.0035 -7.6670
X -0.8317 -0.3024 -0.4657
Y -0.2391  0.9520 -0.1911
Z  0.5012 -0.0476 -0.8640

PART 75
OFFSET  1.0439 -4.4054 -6.5386
X -0.8317 -0.3024 -0.4657
Y -0.2391  0.9520 -0.1911
Z  0.5012 -0.0476 -0.8640

PART 76
OFFSET  1.5465 -5.6469 -6.4058
X -0.8317 -0.3024 -0.4657
Y -0.2391  0.9520 -0.1911
Z  0.5012 -0.0476 -0.8640

PART 77
OFFSET  0.0000 -0.0000 -0.0000
X  1.0000 -0.0000  0.0000
Y  0.0000  1.0000  0.0000
Z  0.0000 -0.0000  1.0000

PART 78
OFFSET  0.0000 -0.0000 -0.0000
X  1.0000 -0.0000  0.0000
Y  0.0000  1.0000  0.0000
Z  0.0000 -0.0000  1.0000

PART 79
OFFSET  1.5404 -0.0000  4.1357
X  1.0000 -0.0000  0.0000
Y  0.0000  1.0000  0.0000
Z  0.0000 -0.0000  1.0000


FRAME 4053
PART 0
OFFSET  0.0000 -0.0000 -0.0000
X  1.0000 -0.0000  0.0000
Y  0.0000  1.0000  0.0000
Z  0.0000 -0.0000  1.0000

PART 1
OFFSET -4.6318 -0.0000 -1.3770
X  1.0000 -0.0000  0.0000
Y  0.0000  1.0000  0.0000
Z  0.0000 -0.0000  1.0000

PART 2
OFFSET -1.6642  7.9373 -3.1869
X  0.6815 -0.2245 -0.6965
Y -0.0527 -0.9643  0.2593
Z -0.7299 -0.1401 -0.6690

PART 3
OFFSET  6.5775  5.2219 -11.6109
X  0.8739 -0.4336  0.2197
Y -0.2491 -0.0113  0.9684
Z -0.4174 -0.9011 -0.1179

PART 4
OFFSET  14.0106  1.5342 -9.7421
X  0.8739 -0.4336  0.2197
Y -0.2320  0.0253  0.9724
Z -0.4271 -0.9008 -0.0785

PART 5
OFFSET  16.2335  2.3207 -9.8672
X  0.8765 -0.4310  0.2143
Y  0.4184  0.9023  0.1033
Z -0.2379 -0.0009  0.9713

PART 6
OFFSET  14.9048  0.4507 -10.8213
X  0.8765 -0.4310  0.2143
Y  0.4184  0.9023  0.1033
Z -0.2379 -0.0009  0.9713

PART 7
OFFSET  15.6488  1.3927 -7.7907
X  0.8765 -0.4310  0.2143
Y  0.4184  0.9023  0.1033
Z -0.2379 -0.0009  0.9713

PART 8
OFFSET  14.9551  0.2398 -7.7597
X  0.8765 -0.4310  0.2143
Y  0.4184  0.9023  0.1033
Z -0.2379 -0.0009  0.9713

PART 9
OFFSET  14.6054 -0.1291 -8.8448
X  0.8765 -0.4310  0.2143
Y  0.4184  0.9023  0.1033
Z -0.2379 -0.0009  0.9713

PART 10
OFFSET  16.6898  0.2051 -9.0685
X  0.9048 -0.2618  0.3360
Y -0.3243  0.0880  0.9419
Z -0.2761 -0.9611 -0.0053

PART 11
OFFSET  16.6704 -0.2225 -8.0106
X  0.2981 -0.7763  0.5554
Y -0.5038  0.3662  0.7824
Z -0.8108 -0.5130 -0.2819

PART 12
OFFSET  17.2184 -1.8897 -6.7498
X  0.7695 -0.5846 -0.2571
Y -0.0875 -0.4953  0.8643
Z -0.6326 -0.6426 -0.4323

PART 13
OFFSET  18.3951 -2.8759 -7.2648
X  0.4627 -0.0630 -0.8843
Y  0.5016 -0.8039  0.3197
Z -0.7310 -0.5915 -0.3404

PART 14
OFFSET  18.8705 -2.9848 -8.2312
X  0.9145  0.1678 -0.3682
Y  0.1380  0.7262  0.6735
Z  0.3804 -0.6667  0.6410

PART 15
OFFSET  17.7468 -0.3049 -9.7937
X  0.9151 -0.3062 -0.2624
Y -0.3301 -0.9425 -0.0516
Z -0.2315  0.1339 -0.9636

PART 16
OFFSET  19.7961 -1.1279 -10.2494
X  0.2907 -0.9315  0.2186
Y -0.9389 -0.2337  0.2529
Z -0.1845 -0.2788 -0.9425

PART 17
OFFSET  20.2077 -2.4467 -9.9399
X -0.8972 -0.3556  0.2619
Y -0.4166  0.8783 -0.2345
Z -0.1466 -0.3195 -0.9362

PART 18
OFFSET  19.4122 -2.7620 -9.7077
X -0.9298  0.3623  0.0643
Y  0.3284  0.8959 -0.2991
Z -0.1660 -0.2570 -0.9520

PART 19
OFFSET  18.5289 -2.4178 -9.6466
X  0.5290 -0.8024  0.2763
Y  0.8253  0.4108 -0.3875
Z  0.1974  0.4330  0.8795

PART 20
OFFSET  17.7688 -0.1698 -9.0932
X  0.9589 -0.2820  0.0304
Y -0.2801 -0.9585 -0.0535
Z  0.0443  0.0428 -0.9981

PART 21
OFFSET  20.2704 -0.8741 -9.1613
X  0.1228 -0.9914  0.0445
Y -0.9817 -0.1148  0.1517
Z -0.1453 -0.0623 -0.9874

PART 22
OFFSET  20.4795 -2.5620 -9.0855
X -0.9646 -0.2167  0.1505
Y -0.2271  0.9723 -0.0557
Z -0.1342 -0.0879 -0.9870

PART 23
OFFSET  19.1427 -2.8624 -8.8770
X -0.6903  0.7231  0.0259
Y  0.7121  0.6853 -0.1527
Z -0.1281 -0.0870 -0.9879

PART 24
OFFSET  18.3940 -2.0782 -8.8489
X  0.1525 -0.9881  0.0174
Y  0.9839  0.1501 -0.0973
Z  0.0935  0.0320  0.9951

PART 25
OFFSET  18.8159 -0.9776 -6.5402
X  0.8372 -0.5306  0.1325
Y  0.5142  0.8462  0.1395
Z -0.1861 -0.0487  0.9813

PART 26
OFFSET  20.0732 -0.3916 -7.0470
X  0.4207 -0.9063  0.0393
Y -0.9026 -0.4225 -0.0825
Z  0.0914 -0.0008 -0.9958

PART 27
OFFSET  20.8139 -1.9874 -6.9777
X -0.9045 -0.3929 -0.1661
Y -0.3856  0.9196 -0.0754
Z  0.1824 -0.0041 -0.9832

PART 28
OFFSET  19.7033 -2.4647 -7.1199
X -0.8264  0.5540 -0.1009
Y  0.5606  0.8263 -0.0541
Z  0.0535 -0.1013 -0.9934

PART 29
OFFSET  18.7698 -1.8390 -7.2339
X -0.2220 -0.9548 -0.1978
Y  0.9413 -0.2628  0.2121
Z -0.2544 -0.1391  0.9570

PART 30
OFFSET  20.2790 -0.6315 -8.1056
X  0.2453 -0.9642  0.1005
Y -0.9687 -0.2478 -0.0126
Z  0.0371 -0.0942 -0.9949

PART 31
OFFSET  20.7583 -2.5152 -7.9093
X -0.9846 -0.1747 -0.0050
Y -0.1741  0.9829 -0.0595
Z  0.0153 -0.0577 -0.9982

PART 32
OFFSET  19.3201 -2.7703 -7.9165
X -0.6777  0.7350 -0.0229
Y  0.7347  0.6780  0.0227
Z  0.0323 -0.0014 -0.9995

PART 33
OFFSET  18.5523 -1.9383 -7.9496
X  0.0483 -0.9966  0.0669
Y  0.9981  0.0455 -0.0424
Z  0.0393  0.0689  0.9969

PART 34
OFFSET  18.8966 -2.0168 -8.6733
X -0.0181  0.0108 -0.9998
Y  0.2761  0.9611  0.0053
Z  0.9609 -0.2760 -0.0204

PART 35
OFFSET  15.8687  1.7486 -10.3522
X  0.8765 -0.4310  0.2143
Y  0.4184  0.9023  0.1033
Z -0.2379 -0.0009  0.9713

PART 36
OFFSET  14.9048  0.4507 -10.8213
X  0.8765 -0.4310  0.2143
Y  0.4184  0.9023  0.1033
Z -0.2379 -0.0009  0.9713

PART 37
OFFSET  15.6488  1.3927 -7.7907
X  0.8765 -0.4310  0.2143
Y  0.4184  0.9023  0.1033
Z -0.2379 -0.0009  0.9713

PART 38
OFFSET  14.9551  0.2398 -7.7597
X  0.8765 -0.4310  0.2143
Y  0.4184  0.9023  0.1033
Z -0.2379 -0.0009  0.9713

PART 39
OFFSET  14.6054 -0.1291 -8.8448
X  0.8765 -0.4310  0.2143
Y  0.4184  0.9023  0.1033
Z -0.2379 -0.0009  0.9713

PART 40
OFFSET  8.1113 -2.3059 -5.3163
X  0.9921  0.0947 -0.0817
Y -0.1043  0.9869 -0.1228
Z  0.0690  0.1304  0.9891

PART 41
OFFSET  8.1113 -2.3059 -5.3163
X  0.9921  0.0947 -0.0817
Y -0.1043  0.9869 -0.1228
Z  0.0690  0.1304  0.9891

PART 42
OFFSET  12.3077 -1.8560 -5.3863
X  0.9921  0.0947 -0.0817
Y -0.1043  0.9869 -0.1228
Z  0.0690  0.1304  0.9891

PART 43
OFFSET  14.8954 -2.2346 -3.6909
X  0.9921  0.0947 -0.0817
Y -0.1043  0.9869 -0.1228
Z  0.0690  0.1304  0.9891

PART 44
OFFSET -13.9227 -7.9373 -3.1869
X -0.6246  0.0220  0.7807
Y -0.1956 -0.9721 -0.1291
Z  0.7561 -0.2333  0.6115

PART 45
OFFSET -6.3693 -8.2029 -12.6282
X -0.8359 -0.2881 -0.4671
Y  0.5040 -0.0663 -0.8611
Z  0.2171 -0.9553  0.2006

PART 46
OFFSET  0.7407 -5.7525 -8.6550
X -0.8359 -0.2881 -0.4671
Y  0.5281 -0.1904 -0.8276
Z  0.1495 -0.9385  0.3113

PART 47
OFFSET  1.3216 -4.1957 -7.5760
X -0.8395 -0.2851 -0.4625
Y -0.2220  0.9570 -0.1869
Z  0.4959 -0.0542 -0.8667

PART 48
OFFSET  1.2907 -4.6008 -6.4487
X -0.8395 -0.2851 -0.4625
Y -0.2220  0.9570 -0.1869
Z  0.4959 -0.0542 -0.8667

PART 49
OFFSET  1.7703 -5.8518 -6.3222
X -0.8395 -0.2851 -0.4625
Y -0.2220  0.9570 -0.1869
Z  0.4959 -0.0542 -0.8667

PART 50
OFFSET  3.3034 -4.8693 -7.2229
X -0.9504 -0.2645 -0.1638
Y  0.2362 -0.2710 -0.9331
Z  0.2024 -0.9255  0.3200

PART 51
OFFSET  3.4199 -4.1088 -6.3801
X -0.4612 -0.7870 -0.4097
Y  0.4980  0.1526 -0.8537
Z  0.7344 -0.5978  0.3215

PART 52
OFFSET  4.3246 -2.3924 -5.4287
X -0.8420 -0.3964  0.3659
Y -0.0713 -0.5906 -0.8038
Z  0.5347 -0.7029  0.4690

PART 53
OFFSET  5.6197 -1.7091 -6.1199
X -0.4688  0.0386  0.8825
Y -0.6154 -0.7309 -0.2950
Z  0.6336 -0.6814  0.3664

PART 54
OFFSET  6.1082 -1.7073 -7.0860
X -0.8799  0.3156  0.3553
Y -0.0264  0.7140 -0.6996
Z -0.4745 -0.6250 -0.6199

PART 55
OFFSET  4.3197 -4.7487 -8.1482
X -0.8821 -0.3261  0.3400
Y  0.4296 -0.8530  0.2964
Z  0.1934  0.4076  0.8925

PART 56
OFFSET  6.2770 -3.8521 -8.8186
X  0.0026 -0.9802  0.1978
Y  0.9318 -0.0695 -0.3564
Z  0.3631  0.1852  0.9132

PART 57
OFFSET  6.2734 -2.4643 -9.0986
X  0.8107 -0.5443 -0.2158
Y  0.4768  0.8276 -0.2963
Z  0.3398  0.1373  0.9304

PART 58
OFFSET  5.5546 -1.9817 -8.9073
X  0.8449  0.3418 -0.4114
Y -0.3923  0.9188 -0.0423
Z  0.3636  0.1971  0.9105

PART 59
OFFSET  4.7519 -2.3064 -8.5165
X -0.4525 -0.8668  0.2096
Y -0.7940  0.4986  0.3479
Z -0.4060 -0.0090 -0.9138

PART 60
OFFSET  4.4000 -4.6396 -7.4473
X -0.9333 -0.3274  0.1476
Y  0.3587 -0.8696  0.3393
Z  0.0172  0.3696  0.9290

PART 61
OFFSET  6.8276 -3.8640 -7.9608
X -0.0175 -0.9501  0.3113
Y  0.9323 -0.1281 -0.3384
Z  0.3614  0.2843  0.8880

PART 62
OFFSET  6.8575 -2.2464 -8.4908
X  0.9012 -0.3530 -0.2517
Y  0.2518  0.8988 -0.3589
Z  0.3529  0.2601  0.8988

PART 63
OFFSET  5.6085 -1.7572 -8.1420
X  0.7542  0.4928 -0.4341
Y -0.5574  0.8298 -0.0264
Z  0.3472  0.2619  0.9005

PART 64
OFFSET  4.7906 -2.2916 -7.6712
X -0.2824 -0.8649  0.4150
Y -0.9033  0.3854  0.1885
Z -0.3230 -0.3217 -0.8901

PART 65
OFFSET -0.7433 -6.2370 -6.9439
X -0.8836 -0.4538  0.1154
Y -0.4605  0.7974 -0.3900
Z  0.0850 -0.3977 -0.9136

PART 66
OFFSET  6.9037 -3.9783 -5.7620
X -0.9553 -0.2887  0.0637
Y  0.2955 -0.9282  0.2260
Z -0.0062  0.2347  0.9720

PART 67
OFFSET  8.5857 -3.4701 -5.8741
X -0.9452 -0.3171  0.0771
Y  0.3259 -0.9043  0.2758
Z -0.0178  0.2858  0.9581

PART 68
OFFSET  9.7337 -3.0672 -5.9096
X -0.9401 -0.3408  0.0113
Y  0.3322 -0.9078  0.2562
Z -0.0770  0.2446  0.9666

PART 69
OFFSET  10.7955 -2.6823 -5.9224
X -0.0155  0.9992  0.0369
Y  0.9978  0.0178 -0.0634
Z -0.0640  0.0359 -0.9973

PART 70
OFFSET  7.0223 -4.1345 -6.8492
X -0.1477 -0.9252  0.3497
Y  0.9744 -0.1968 -0.1091
Z  0.1698  0.3246  0.9305

PART 71
OFFSET  7.3108 -2.3272 -7.5323
X  0.8806 -0.4739  0.0001
Y  0.4332  0.8048 -0.4057
Z  0.1922  0.3573  0.9140

PART 72
OFFSET  6.0247 -1.6349 -7.5325
X  0.8199  0.4321 -0.3755
Y -0.5396  0.8025 -0.2548
Z  0.1912  0.4115  0.8911

PART 73
OFFSET  5.0943 -2.1267 -7.1137
X -0.2963 -0.8702  0.3937
Y -0.9238  0.3657  0.1130
Z -0.2423 -0.3302 -0.9123

PART 74
OFFSET  1.3215 -4.1956 -7.5759
X -0.8395 -0.2851 -0.4625
Y -0.2220  0.9570 -0.1869
Z  0.4959 -0.0542 -0.8667

PART 75
OFFSET  1.2906 -4.6006 -6.4487
X -0.8395 -0.2851 -0.4625
Y -0.2220  0.9570 -0.1869
Z  0.4959 -0.0542 -0.8667

PART 76
OFFSET  1.7703 -5.8518 -6.3223
X -0.8395 -0.2851 -0.4625
Y -0.2220  0.9570 -0.1869
Z  0.4959 -0.0542 -0.8667

PART 77
OFFSET  0.0000 -0.0000 -0.0000
X  1.0000 -0.0000  0.0000
