// Export filename: `C:\projects\cod\t5\xanim_export\t5_viewmodels\ak74u\ak74u_d2p_in.XANIM_EXPORT`
// Source filename: `D:\projects\devanim\t5\animation_assets\viewmodels\ak74u/t5_viewmodel_ak74u_animated2.fbx`
// Export time: Fri Aug 27 23:42:39 2010

ANIMATION
VERSION 3

NUMPARTS 80
PART 0 "tag_ads"
PART 1 "tag_torso"
PART 2 "J_Shoulder_LE"
PART 3 "J_Elbow_LE"
PART 4 "J_WristTwist_LE"
PART 5 "J_Sleave_Reshape_Bottom_LE_1"
PART 6 "J_Sleave_Reshape_Bottom_LE_2"
PART 7 "J_Sleave_Reshape_Top_LE_1"
PART 8 "J_Sleave_Reshape_Top_LE_2"
PART 9 "J_Sleave_Reshape_Top_LE_3"
PART 10 "J_Wrist_LE"
PART 11 "J_Thumb_LE_0"
PART 12 "J_Thumb_LE_1"
PART 13 "J_Thumb_LE_2"
PART 14 "J_Thumb_LE_3"
PART 15 "J_PinkyPalm_LE"
PART 16 "J_Pinky_LE_0"
PART 17 "J_Pinky_LE_1"
PART 18 "J_Pinky_LE_2"
PART 19 "J_Pinky_LE_3"
PART 20 "J_RingPalm_LE"
PART 21 "J_Ring_LE_0"
PART 22 "J_Ring_LE_1"
PART 23 "J_Ring_LE_2"
PART 24 "J_Ring_LE_3"
PART 25 "J_Webbing_LE"
PART 26 "J_Index_LE_0"
PART 27 "J_Index_LE_1"
PART 28 "J_Index_LE_2"
PART 29 "J_Index_LE_3"
PART 30 "J_Mid_LE_0"
PART 31 "J_Mid_LE_1"
PART 32 "J_Mid_LE_2"
PART 33 "J_Mid_LE_3"
PART 34 "tag_knife_attach"
PART 35 "D_Sleave_Reshape_Bottom_LE_1"
PART 36 "D_Sleave_Reshape_Bottom_LE_2"
PART 37 "D_Sleave_Reshape_Top_LE_1"
PART 38 "D_Sleave_Reshape_Top_LE_2"
PART 39 "D_Sleave_Reshape_Top_LE_3"
PART 40 "tag_weapon"
PART 41 "J_Gun"
PART 42 "TAG_CLIP"
PART 43 "J_Bolt"
PART 44 "J_Shoulder_RI"
PART 45 "J_Elbow_RI"
PART 46 "J_WristTwist_RI"
PART 47 "J_Sleave_Reshape_Top_RI_3"
PART 48 "J_Sleave_Reshape_Top_RI_2"
PART 49 "J_Sleave_Reshape_Top_RI_1"
PART 50 "J_Wrist_RI"
PART 51 "J_Thumb_RI_0"
PART 52 "J_Thumb_RI_1"
PART 53 "J_Thumb_RI_2"
PART 54 "J_Thumb_RI_3"
PART 55 "J_PinkyPalm_RI"
PART 56 "J_Pinky_RI_0"
PART 57 "J_Pinky_RI_1"
PART 58 "J_Pinky_RI_2"
PART 59 "J_Pinky_RI_3"
PART 60 "J_RingPalm_RI"
PART 61 "J_Ring_RI_0"
PART 62 "J_Ring_RI_1"
PART 63 "J_Ring_RI_2"
PART 64 "J_Ring_RI_3"
PART 65 "J_Webbing_RI"
PART 66 "J_Index_RI_0"
PART 67 "J_Index_RI_1"
PART 68 "J_Index_RI_2"
PART 69 "J_Index_RI_3"
PART 70 "J_Mid_RI_0"
PART 71 "J_Mid_RI_1"
PART 72 "J_Mid_RI_2"
PART 73 "J_Mid_RI_3"
PART 74 "D_Sleave_Reshape_Top_RI_3"
PART 75 "D_Sleave_Reshape_Top_RI_2"
PART 76 "D_Sleave_Reshape_Top_RI_1"
PART 77 "tag_cambone"
PART 78 "tag_camera"
PART 79 "tag_gasmask"

FRAMERATE 30
NUMFRAMES 11

FRAME 950
PART 0
OFFSET  0.0000 -0.0000 -0.0000
X  1.0000 -0.0000  0.0000
Y  0.0000  1.0000  0.0000
Z  0.0000 -0.0000  1.0000

PART 1
OFFSET -4.6318 -0.0000 -1.3770
X  1.0000 -0.0000  0.0000
Y  0.0000  1.0000  0.0000
Z  0.0000 -0.0000  1.0000

PART 2
OFFSET -3.5060  7.9373 -3.1869
X  0.6736 -0.0280 -0.7386
Y -0.0724 -0.9970 -0.0282
Z -0.7355  0.0725 -0.6736

PART 3
OFFSET  4.6406  7.5990 -12.1189
X  0.8804 -0.4741  0.0118
Y -0.1840 -0.3185  0.9299
Z -0.4371 -0.8208 -0.3676

PART 4
OFFSET  12.1286  3.5663 -12.0188
X  0.8804 -0.4741  0.0118
Y  0.4730  0.8758 -0.0960
Z  0.0352  0.0900  0.9953

PART 5
OFFSET  14.3491  4.3688 -12.0400
X  0.8827 -0.4700  0.0072
Y  0.4373  0.8266  0.3542
Z -0.1724 -0.3095  0.9351

PART 6
OFFSET  12.9331  2.8859 -13.4429
X  0.8827 -0.4700  0.0072
Y  0.4373  0.8266  0.3542
Z -0.1724 -0.3095  0.9351

PART 7
OFFSET  13.8913  2.8280 -10.3279
X  0.8827 -0.4700  0.0072
Y  0.4373  0.8266  0.3542
Z -0.1724 -0.3095  0.9351

PART 8
OFFSET  13.1848  1.7191 -10.6154
X  0.8827 -0.4700  0.0072
Y  0.4373  0.8266  0.3542
Z -0.1724 -0.3095  0.9351

PART 9
OFFSET  12.7582  1.7092 -11.7350
X  0.8827 -0.4700  0.0072
Y  0.4373  0.8266  0.3542
Z -0.1724 -0.3095  0.9351

PART 10
OFFSET  14.8275  2.1127 -11.9828
X  0.8700  0.4589 -0.1803
Y -0.4526  0.8884  0.0775
Z  0.1957  0.0142  0.9806

PART 11
OFFSET  14.8625  3.1823 -11.5865
X  0.6988  0.7128 -0.0607
Y -0.6812  0.6371 -0.3606
Z -0.2183  0.2933  0.9307

PART 12
OFFSET  16.2902  4.8003 -11.7018
X  0.9301  0.3009 -0.2109
Y -0.3370  0.9272 -0.1633
Z  0.1464  0.2229  0.9638

PART 13
OFFSET  17.8281  5.2557 -11.9246
X  0.7263  0.6791 -0.1064
Y -0.6798  0.6866 -0.2577
Z -0.1019  0.2595  0.9604

PART 14
OFFSET  18.5973  6.0136 -12.0001
X  0.4615  0.4761 -0.7486
Y -0.1386 -0.7948 -0.5909
Z -0.8763  0.3764 -0.3008

PART 15
OFFSET  16.0878  1.5527 -12.0201
X  0.9998  0.0100 -0.0148
Y  0.0150 -0.0291  0.9995
Z  0.0095 -0.9995 -0.0292

PART 16
OFFSET  18.3348  1.7171 -11.9265
X -0.0620  0.4746  0.8780
Y -0.9885  0.0925 -0.1198
Z -0.1380 -0.8754  0.4634

PART 17
OFFSET  18.2470  2.3890 -10.6833
X -0.4247  0.4813  0.7668
Y -0.8987 -0.1217 -0.4214
Z -0.1095 -0.8681  0.4842

PART 18
OFFSET  17.8704  2.8157 -10.0035
X -0.6774  0.4314  0.5958
Y -0.7167 -0.2050 -0.6665
Z -0.1655 -0.8786  0.4481

PART 19
OFFSET  17.2269  3.2256 -9.4375
X  0.9920 -0.0743 -0.1021
Y -0.1261 -0.5434 -0.8300
Z  0.0062  0.8362 -0.5484

PART 20
OFFSET  15.9511  2.2420 -12.1452
X  0.9681  0.1640 -0.1895
Y  0.1975 -0.0342  0.9797
Z  0.1542 -0.9859 -0.0655

PART 21
OFFSET  18.5131  2.6165 -12.3783
X  0.3108  0.2050  0.9281
Y -0.9156  0.3268  0.2344
Z -0.2553 -0.9226  0.2893

PART 22
OFFSET  19.0422  2.9656 -10.7982
X -0.5580  0.3930  0.7309
Y -0.7950 -0.0005 -0.6067
Z -0.2381 -0.9195  0.3127

PART 23
OFFSET  18.2689  3.5103 -9.7853
X -0.8158  0.3594  0.4531
Y -0.5283 -0.1442 -0.8367
Z -0.2354 -0.9220  0.3075

PART 24
OFFSET  17.3841  3.9001 -9.2939
X  0.9586 -0.2574  0.1219
Y  0.0454 -0.2844 -0.9576
Z  0.2812  0.9235 -0.2610

PART 25
OFFSET  16.8957  4.9456 -11.8900
X  0.9605  0.2640  0.0880
Y  0.0480  0.1545 -0.9868
Z -0.2741  0.9521  0.1357

PART 26
OFFSET  17.8033  4.5657 -12.9913
X  0.9229 -0.0940  0.3733
Y -0.3636  0.1054  0.9256
Z -0.1264 -0.9900  0.0631

PART 27
OFFSET  19.4283  4.4002 -12.3341
X  0.3075 -0.0737  0.9487
Y -0.9431  0.1088  0.3141
Z -0.1264 -0.9913 -0.0361

PART 28
OFFSET  19.8097  4.3708 -11.1786
X -0.4142  0.1214  0.9021
Y -0.9038  0.0624 -0.4234
Z -0.1077 -0.9906  0.0839

PART 29
OFFSET  19.3419  4.5079 -10.1597
X  0.9204 -0.3745  0.1121
Y  0.1355  0.0365 -0.9901
Z  0.3667  0.9265  0.0843

PART 30
OFFSET  18.2366  3.5556 -12.8803
X  0.5928  0.0922  0.8000
Y -0.7993  0.1885  0.5706
Z -0.0982 -0.9777  0.1855

PART 31
OFFSET  19.3948  3.7357 -11.3174
X -0.3474  0.2168  0.9123
Y -0.9267  0.0695 -0.3693
Z -0.1434 -0.9737  0.1768

PART 32
OFFSET  18.8874  4.0523 -9.9848
X -0.8387  0.2206  0.4979
Y -0.5154 -0.0260 -0.8566
Z -0.1760 -0.9750  0.1355

PART 33
OFFSET  17.9366  4.2953 -9.4193
X  0.9835 -0.0902  0.1566
Y  0.1319 -0.2342 -0.9632
Z  0.1236  0.9680 -0.2184

PART 34
OFFSET  17.7283  2.8999 -11.0191
X  0.1141 -0.9934 -0.0084
Y -0.1957 -0.0142 -0.9806
Z  0.9740  0.1136 -0.1961

PART 35
OFFSET  13.9446  3.9764 -12.6548
X  0.8827 -0.4700  0.0072
Y  0.4373  0.8266  0.3542
Z -0.1724 -0.3095  0.9351

PART 36
OFFSET  12.9331  2.8859 -13.4429
X  0.8827 -0.4700  0.0072
Y  0.4373  0.8266  0.3542
Z -0.1724 -0.3095  0.9351

PART 37
OFFSET  13.8913  2.8280 -10.3279
X  0.8827 -0.4700  0.0072
Y  0.4373  0.8266  0.3542
Z -0.1724 -0.3095  0.9351

PART 38
OFFSET  13.1848  1.7191 -10.6154
X  0.8827 -0.4700  0.0072
Y  0.4373  0.8266  0.3542
Z -0.1724 -0.3095  0.9351

PART 39
OFFSET  12.7581  1.7092 -11.7350
X  0.8827 -0.4700  0.0072
Y  0.4373  0.8266  0.3542
Z -0.1724 -0.3095  0.9351

PART 40
OFFSET  10.7208 -1.2765 -7.5804
X  0.7570  0.5117 -0.4063
Y -0.6468  0.4986 -0.5771
Z -0.0927  0.6997  0.7084

PART 41
OFFSET  10.7208 -1.2765 -7.5804
X  0.7570  0.5117 -0.4063
Y -0.6468  0.4986 -0.5771
Z -0.0927  0.6997  0.7084

PART 42
OFFSET  13.8736  1.0815 -9.1026
X  0.7570  0.5117 -0.4063
Y -0.6468  0.4986 -0.5771
Z -0.0927  0.6997  0.7084

PART 43
OFFSET  16.0685  3.1449 -8.3038
X  0.7570  0.5117 -0.4063
Y -0.6468  0.4986 -0.5771
Z -0.0927  0.6997  0.7084

PART 44
OFFSET -3.5060 -7.9373 -3.1869
X -0.3277  0.0031  0.9448
Y -0.3582 -0.9257 -0.1212
Z  0.8742 -0.3782  0.3045

PART 45
OFFSET  0.4570 -7.9753 -14.6130
X -0.6900 -0.1325 -0.7116
Y  0.7106  0.0626 -0.7008
Z  0.1374 -0.9892  0.0510

PART 46
OFFSET  6.3259 -6.8483 -8.5608
X -0.6900 -0.1325 -0.7116
Y  0.6929  0.1632 -0.7023
Z  0.2092 -0.9777 -0.0208

PART 47
OFFSET  6.6354 -5.5717 -7.0776
X -0.6946 -0.1302 -0.7075
Y -0.1457  0.9886 -0.0389
Z  0.7045  0.0761 -0.7056

PART 48
OFFSET  6.3019 -6.1808 -6.1010
X -0.6946 -0.1302 -0.7075
Y -0.1457  0.9886 -0.0389
Z  0.7045  0.0761 -0.7056

PART 49
OFFSET  6.7059 -7.4644 -6.1138
X -0.6946 -0.1302 -0.7075
Y -0.1457  0.9886 -0.0389
Z  0.7045  0.0761 -0.7056

PART 50
OFFSET  8.4412 -6.4421 -6.3794
X -0.6066 -0.7425  0.2840
Y  0.4179 -0.6017 -0.6807
Z  0.6763 -0.2942  0.6753

PART 51
OFFSET  8.0332 -5.4066 -6.1275
X  0.1113 -0.9710  0.2117
Y  0.3794 -0.1554 -0.9121
Z  0.9185  0.1819  0.3511

PART 52
OFFSET  7.7040 -3.3059 -6.5129
X -0.4816 -0.4593  0.7464
Y  0.3435 -0.8825 -0.3214
Z  0.8063  0.1016  0.5827

PART 53
OFFSET  8.4116 -2.6285 -7.8024
X -0.4685  0.3079  0.8281
Y -0.0549 -0.9457  0.3205
Z  0.8818  0.1047  0.4599

PART 54
OFFSET  8.8788 -2.9501 -8.7244
X -0.9236 -0.0349  0.3819
Y -0.3828  0.0257 -0.9235
Z  0.0224 -0.9991 -0.0371

PART 55
OFFSET  9.2653 -6.3986 -7.4850
X -0.5528 -0.4503  0.7011
Y  0.8206 -0.1478  0.5521
Z -0.1450  0.8806  0.4512

PART 56
OFFSET  10.3857 -5.2405 -9.0624
X  0.5548 -0.5015  0.6639
Y  0.8233  0.2158 -0.5249
Z  0.1199  0.8378  0.5326

PART 57
OFFSET  9.6003 -4.5305 -10.0023
X  0.9894 -0.0624 -0.1313
Y -0.0698  0.5886 -0.8054
Z  0.1275  0.8060  0.5780

PART 58
OFFSET  8.7231 -4.4752 -9.8859
X  0.5188  0.3995 -0.7558
Y -0.8473  0.3579 -0.3925
Z  0.1137  0.8440  0.5242

PART 59
OFFSET  8.2302 -4.8547 -9.1678
X  0.1186 -0.6523  0.7487
Y -0.9592  0.1197  0.2563
Z -0.2568 -0.7485 -0.6114

PART 60
OFFSET  9.2155 -5.8765 -7.0008
X -0.5794 -0.5903  0.5620
Y  0.7695 -0.1688  0.6160
Z -0.2688  0.7893  0.5520

PART 61
OFFSET  10.7761 -4.4653 -8.5278
X  0.5126 -0.4258  0.7457
Y  0.8563  0.1897 -0.4803
Z  0.0631  0.8847  0.4618

PART 62
OFFSET  9.9035 -3.7405 -9.7972
X  0.9548  0.0830 -0.2855
Y -0.2891  0.4833 -0.8263
Z  0.0694  0.8715  0.4855

PART 63
OFFSET  8.5802 -3.8555 -9.4016
X  0.3595  0.4358 -0.8252
Y -0.9310  0.2278 -0.2853
Z  0.0636  0.8708  0.4876

PART 64
OFFSET  8.1904 -4.3281 -8.5067
X  0.2404 -0.4443  0.8630
Y -0.9706 -0.1008  0.2185
Z -0.0101 -0.8902 -0.4555

PART 65
OFFSET  5.9257 -9.1814 -4.2598
X -0.4635 -0.6641  0.5866
Y -0.8065  0.0420 -0.5897
Z  0.3670 -0.7465 -0.5551

PART 66
OFFSET  10.7411 -3.2043 -6.7217
X -0.6135 -0.6264  0.4810
Y  0.7605 -0.3043  0.5736
Z -0.2129  0.7177  0.6630

PART 67
OFFSET  11.8212 -2.1015 -7.5685
X -0.5898 -0.6314  0.5035
Y  0.7676 -0.2447  0.5924
Z -0.2509  0.7359  0.6289

PART 68
OFFSET  12.5230 -1.2892 -8.1424
X -0.5671 -0.6824  0.4612
Y  0.7761 -0.2552  0.5766
Z -0.2757  0.6849  0.6744

PART 69
OFFSET  13.1635 -0.5184 -8.6633
X -0.5936  0.6452 -0.4810
Y  0.8048  0.4768 -0.3536
Z  0.0012 -0.5969 -0.8023

PART 70
OFFSET  11.0084 -3.8835 -7.5510
X  0.3896 -0.4530  0.8019
Y  0.9133  0.3025 -0.2728
Z -0.1190  0.8386  0.5315

PART 71
OFFSET  10.2474 -2.9985 -9.1175
X  0.9894  0.1445 -0.0144
Y -0.0839  0.4879 -0.8689
Z -0.1185  0.8609  0.4948

PART 72
OFFSET  8.8022 -3.2095 -9.0965
X  0.4436  0.4651 -0.7661
Y -0.8838  0.0850 -0.4602
Z -0.1489  0.8812  0.4488

PART 73
OFFSET  8.3002 -3.7425 -8.2323
X  0.2338 -0.4672  0.8526
Y -0.9703 -0.1680  0.1740
Z  0.0619 -0.8680 -0.4927

PART 74
OFFSET  6.6353 -5.5717 -7.0775
X -0.6946 -0.1302 -0.7075
Y -0.1457  0.9886 -0.0389
Z  0.7045  0.0761 -0.7056

PART 75
OFFSET  6.3018 -6.1806 -6.1010
X -0.6946 -0.1302 -0.7075
Y -0.1457  0.9886 -0.0389
Z  0.7045  0.0761 -0.7056

PART 76
OFFSET  6.7060 -7.4644 -6.1139
X -0.6946 -0.1302 -0.7075
Y -0.1457  0.9886 -0.0389
Z  0.7045  0.0761 -0.7056

PART 77
OFFSET  0.0000 -0.0000 -0.0000
X  1.0000 -0.0000  0.0000
Y  0.0000  1.0000  0.0000
Z  0.0000 -0.0000  1.0000

PART 78
OFFSET  0.0000 -0.0000 -0.0000
X  1.0000 -0.0000  0.0000
Y  0.0000  1.0000  0.0000
Z  0.0000 -0.0000  1.0000

PART 79
OFFSET  1.5404 -0.0000  4.1357
X  1.0000 -0.0000  0.0000
Y  0.0000  1.0000  0.0000
Z  0.0000 -0.0000  1.0000


FRAME 951
PART 0
OFFSET  0.0000 -0.0000 -0.0000
X  1.0000 -0.0000  0.0000
Y  0.0000  1.0000  0.0000
Z  0.0000 -0.0000  1.0000

PART 1
OFFSET -4.6318 -0.0000 -1.3770
X  1.0000 -0.0000  0.0000
Y  0.0000  1.0000  0.0000
Z  0.0000 -0.0000  1.0000

PART 2
OFFSET -3.5059  7.9321 -3.1869
X  0.6706 -0.0208 -0.7415
Y -0.0658 -0.9973 -0.0315
Z -0.7388  0.0699 -0.6702

PART 3
OFFSET  4.6049  7.6803 -12.1543
X  0.8802 -0.4740  0.0229
Y -0.1936 -0.3146  0.9292
Z -0.4332 -0.8224 -0.3688

PART 4
OFFSET  12.0917  3.6490 -11.9592
X  0.8802 -0.4740  0.0229
Y  0.4741  0.8763 -0.0856
Z  0.0204  0.0862  0.9961

PART 5
OFFSET  14.3123  4.4517 -11.9605
X  0.8826 -0.4698  0.0184
Y  0.4335  0.8282  0.3553
Z -0.1822 -0.3056  0.9346

PART 6
OFFSET  12.9111  2.9628 -13.3719
X  0.8826 -0.4698  0.0184
Y  0.4335  0.8282  0.3553
Z -0.1822 -0.3056  0.9346

PART 7
OFFSET  13.8367  2.9181 -10.2468
X  0.8826 -0.4698  0.0184
Y  0.4335  0.8282  0.3553
Z -0.1822 -0.3056  0.9346

PART 8
OFFSET  13.1334  1.8079 -10.5370
X  0.8826 -0.4698  0.0184
Y  0.4335  0.8282  0.3553
Z -0.1822 -0.3056  0.9346

PART 9
OFFSET  12.7184  1.7932 -11.6610
X  0.8826 -0.4698  0.0184
Y  0.4335  0.8282  0.3553
Z -0.1822 -0.3056  0.9346

PART 10
OFFSET  14.7902  2.1959 -11.8888
X  0.8711  0.4589 -0.1747
Y -0.4502  0.8885  0.0889
Z  0.1960  0.0012  0.9806

PART 11
OFFSET  14.8281  3.2603 -11.4790
X  0.7006  0.7117 -0.0519
Y -0.6796  0.6434 -0.3523
Z -0.2173  0.2820  0.9345

PART 12
OFFSET  16.2600  4.8759 -11.5740
X  0.9308  0.3011 -0.2073
Y -0.3346  0.9301 -0.1514
Z  0.1472  0.2103  0.9665

PART 13
OFFSET  17.7991  5.3301 -11.7914
X  0.7280  0.6785 -0.0980
Y -0.6781  0.6916 -0.2487
Z -0.1010  0.2475  0.9636

PART 14
OFFSET  18.5702  6.0869 -11.8575
X  0.4626  0.4844 -0.7426
Y -0.1408 -0.7868 -0.6009
Z -0.8753  0.3825 -0.2958

PART 15
OFFSET  16.0491  1.6332 -11.9336
X  0.9999  0.0075 -0.0149
Y  0.0152 -0.0418  0.9990
Z  0.0069 -0.9991 -0.0419

PART 16
OFFSET  18.2965  1.7905 -11.8385
X -0.0605  0.4635  0.8840
Y -0.9883  0.0966 -0.1183
Z -0.1402 -0.8808  0.4522

PART 17
OFFSET  18.2108  2.4467 -10.5869
X -0.4233  0.4726  0.7730
Y -0.8991 -0.1140 -0.4227
Z -0.1117 -0.8739  0.4731

PART 18
OFFSET  17.8355  2.8658 -9.9016
X -0.6761  0.4256  0.6014
Y -0.7174 -0.1946 -0.6689
Z -0.1677 -0.8837  0.4369

PART 19
OFFSET  17.1931  3.2701 -9.3302
X  0.9918 -0.0756 -0.1033
Y -0.1277 -0.5324 -0.8368
Z  0.0082  0.8431 -0.5377

PART 20
OFFSET  15.9141  2.3244 -12.0499
X  0.9685  0.1639 -0.1876
Y  0.1977 -0.0472  0.9791
Z  0.1516 -0.9854 -0.0781

PART 21
OFFSET  18.4770  2.6952 -12.2789
X  0.3115  0.1924  0.9306
Y -0.9146  0.3262  0.2388
Z -0.2576 -0.9255  0.2776

PART 22
OFFSET  19.0074  3.0227 -10.6947
X -0.5568  0.3852  0.7360
Y -0.7951  0.0093 -0.6064
Z -0.2404 -0.9228  0.3011

PART 23
OFFSET  18.2358  3.5565 -9.6747
X -0.8147  0.3558  0.4578
Y -0.5288 -0.1322 -0.8384
Z -0.2377 -0.9252  0.2959

PART 24
OFFSET  17.3521  3.9423 -9.1781
X  0.9579 -0.2615  0.1183
Y  0.0444 -0.2723 -0.9612
Z  0.2836  0.9260 -0.2493

PART 25
OFFSET  16.8659  5.0220 -11.7606
X  0.9612  0.2603  0.0911
Y  0.0481  0.1669 -0.9848
Z -0.2716  0.9510  0.1479

PART 26
OFFSET  17.7722  4.6538 -12.8669
X  0.9228 -0.1012  0.3718
Y -0.3631  0.0946  0.9269
Z -0.1289 -0.9904  0.0505

PART 27
OFFSET  19.3969  4.4757 -12.2123
X  0.3075 -0.0866  0.9476
Y -0.9428  0.1073  0.3157
Z -0.1290 -0.9905 -0.0486

PART 28
OFFSET  19.7786  4.4306 -11.0573
X -0.4137  0.1110  0.9036
Y -0.9037  0.0701 -0.4223
Z -0.1102 -0.9913  0.0713

PART 29
OFFSET  19.3113  4.5560 -10.0366
X  0.9195 -0.3783  0.1071
Y  0.1353  0.0487 -0.9896
Z  0.3691  0.9244  0.0960

PART 30
OFFSET  18.2029  3.6412 -12.7688
X  0.5933  0.0805  0.8010
Y -0.7987  0.1833  0.5731
Z -0.1007 -0.9798  0.1730

PART 31
OFFSET  19.3619  3.7984 -11.2040
X -0.3466  0.2060  0.9151
Y -0.9266  0.0766 -0.3682
Z -0.1459 -0.9755  0.1644

PART 32
OFFSET  18.8556  4.0994 -9.8674
X -0.8380  0.2164  0.5009
Y -0.5157 -0.0138 -0.8567
Z -0.1785 -0.9762  0.1232

PART 33
OFFSET  17.9056  4.3376 -9.2986
X  0.9833 -0.0948  0.1552
Y  0.1311 -0.2223 -0.9661
Z  0.1260  0.9704 -0.2061

PART 34
OFFSET  17.6934  2.9632 -10.9160
X  0.1115 -0.9935 -0.0211
Y -0.1960 -0.0012 -0.9806
Z  0.9742  0.1135 -0.1949

PART 35
OFFSET  13.9143  4.0567 -12.5778
X  0.8826 -0.4698  0.0184
Y  0.4335  0.8282  0.3553
Z -0.1822 -0.3056  0.9346

PART 36
OFFSET  12.9111  2.9628 -13.3719
X  0.8826 -0.4698  0.0184
Y  0.4335  0.8282  0.3553
Z -0.1822 -0.3056  0.9346

PART 37
OFFSET  13.8367  2.9181 -10.2468
X  0.8826 -0.4698  0.0184
Y  0.4335  0.8282  0.3553
Z -0.1822 -0.3056  0.9346

PART 38
OFFSET  13.1334  1.8079 -10.5370
X  0.8826 -0.4698  0.0184
Y  0.4335  0.8282  0.3553
Z -0.1822 -0.3056  0.9346

PART 39
OFFSET  12.7184  1.7932 -11.6610
X  0.8826 -0.4698  0.0184
Y  0.4335  0.8282  0.3553
Z -0.1822 -0.3056  0.9346

PART 40
OFFSET  10.6761 -1.2627 -7.5315
X  0.7572  0.5167 -0.3997
Y -0.6470  0.5091 -0.5676
Z -0.0898  0.6884  0.7198

PART 41
OFFSET  10.6761 -1.2627 -7.5315
X  0.7572  0.5167 -0.3997
Y -0.6470  0.5091 -0.5676
Z -0.0898  0.6884  0.7198

PART 42
OFFSET  13.8304  1.1131 -9.0225
X  0.7572  0.5167 -0.3997
Y -0.6470  0.5091 -0.5676
Z -0.0898  0.6884  0.7198

PART 43
OFFSET  16.0313  3.1590 -8.1953
X  0.7572  0.5167 -0.3997
Y -0.6470  0.5091 -0.5676
Z -0.0898  0.6884  0.7198

PART 44
OFFSET -3.5311 -7.9373 -3.1869
X -0.3242  0.0036  0.9460
Y -0.3585 -0.9259 -0.1194
Z  0.8754 -0.3778  0.3015

PART 45
OFFSET  0.3899 -7.9805 -14.6275
X -0.6913 -0.1329 -0.7103
Y  0.7093  0.0627 -0.7021
Z  0.1378 -0.9891  0.0510

PART 46
OFFSET  6.2693 -6.8499 -8.5863
X -0.6913 -0.1329 -0.7103
Y  0.6913  0.1645 -0.7036
Z  0.2103 -0.9774 -0.0218

PART 47
OFFSET  6.5811 -5.5727 -7.1040
X -0.6959 -0.1306 -0.7062
Y -0.1461  0.9885 -0.0389
Z  0.7032  0.0761 -0.7069

PART 48
OFFSET  6.2496 -6.1817 -6.1267
X -0.6959 -0.1306 -0.7062
Y -0.1461  0.9885 -0.0389
Z  0.7032  0.0761 -0.7069

PART 49
OFFSET  6.6540 -7.4651 -6.1398
X -0.6959 -0.1306 -0.7062
Y -0.1461  0.9885 -0.0389
Z  0.7032  0.0761 -0.7069

PART 50
OFFSET  8.3885 -6.4423 -6.4088
X -0.6075 -0.7458  0.2733
Y  0.4152 -0.5915 -0.6912
Z  0.6772 -0.3064  0.6690

PART 51
OFFSET  7.9831 -5.4102 -6.1395
X  0.1098 -0.9745  0.1958
Y  0.3771 -0.1414 -0.9153
Z  0.9196  0.1743  0.3520

PART 52
OFFSET  7.6574 -3.3029 -6.4902
X -0.4809 -0.4703  0.7400
Y  0.3409 -0.8779 -0.3363
Z  0.8078  0.0906  0.5825

PART 53
OFFSET  8.3636 -2.6063 -7.7702
X -0.4661  0.2954  0.8340
Y -0.0562 -0.9506  0.3053
Z  0.8830  0.0955  0.4596

PART 54
OFFSET  8.8282 -2.9139 -8.6982
X -0.9228 -0.0391  0.3833
Y -0.3848  0.0414 -0.9221
Z  0.0202 -0.9984 -0.0532

PART 55
OFFSET  9.2103 -6.3827 -7.5154
X -0.5522 -0.4604  0.6950
Y  0.8215 -0.1583  0.5478
Z -0.1422  0.8735  0.4656

PART 56
OFFSET  10.3296 -5.2016 -9.0764
X  0.5552 -0.5132  0.6545
Y  0.8226  0.2226 -0.5232
Z  0.1228  0.8289  0.5458

PART 57
OFFSET  9.5437 -4.4749 -10.0030
X  0.9890 -0.0622 -0.1345
Y -0.0703  0.6017 -0.7956
Z  0.1304  0.7963  0.5907

PART 58
OFFSET  8.6668 -4.4198 -9.8838
X  0.5180  0.4106 -0.7504
Y -0.8474  0.3658 -0.3848
Z  0.1165  0.8352  0.5374

PART 59
OFFSET  8.1747 -4.8098 -9.1709
X  0.1189 -0.6645  0.7378
Y -0.9584  0.1175  0.2603
Z -0.2597 -0.7380 -0.6228

PART 60
OFFSET  9.1625 -5.8683 -7.0228
X -0.5794 -0.5981  0.5537
Y  0.7704 -0.1803  0.6115
Z -0.2659  0.7809  0.5653

PART 61
OFFSET  10.7228 -4.4360 -8.5302
X  0.5133 -0.4388  0.7376
Y  0.8557  0.1956 -0.4791
Z  0.0659  0.8771  0.4759

PART 62
OFFSET  9.8489 -3.6890 -9.7859
X  0.9543  0.0856 -0.2862
Y -0.2899  0.4972 -0.8178
Z  0.0723  0.8634  0.4993

PART 63
OFFSET  8.5263 -3.8077 -9.3893
X  0.3586  0.4483 -0.8188
Y -0.9311  0.2342 -0.2795
Z  0.0665  0.8627  0.5014

PART 64
OFFSET  8.1374 -4.2938 -8.5012
X  0.2414 -0.4586  0.8552
Y -0.9703 -0.1023  0.2190
Z -0.0129 -0.8827 -0.4697

PART 65
OFFSET  5.8719 -9.2103 -4.3281
X -0.4636 -0.6725  0.5769
Y -0.8077  0.0531 -0.5872
Z  0.3642 -0.7382 -0.5678

PART 66
OFFSET  10.6943 -3.2041 -6.7040
X -0.6137 -0.6328  0.4722
Y  0.7611 -0.3151  0.5670
Z -0.2100  0.7073  0.6750

PART 67
OFFSET  11.7748 -2.0900 -7.5353
X -0.5900 -0.6382  0.4945
Y  0.7683 -0.2557  0.5867
Z -0.2480  0.7261  0.6413

PART 68
OFFSET  12.4771 -1.2700 -8.0976
X -0.5675 -0.6886  0.4514
Y  0.7769 -0.2661  0.5707
Z -0.2729  0.6746  0.6859

PART 69
OFFSET  13.1180 -0.4922 -8.6075
X -0.5933  0.6541 -0.4692
Y  0.8050  0.4808 -0.3476
Z -0.0017 -0.5839 -0.8118

PART 70
OFFSET  10.9584 -3.8704 -7.5447
X  0.3904 -0.4666  0.7936
Y  0.9133  0.3050 -0.2699
Z -0.1161  0.8302  0.5452

PART 71
OFFSET  10.1958 -2.9587 -9.0951
X  0.9897  0.1427 -0.0143
Y -0.0848  0.5020 -0.8607
Z -0.1156  0.8530  0.5089

PART 72
OFFSET  8.7502 -3.1671 -9.0743
X  0.4429  0.4765 -0.7595
Y -0.8846  0.0942 -0.4568
Z -0.1462  0.8741  0.4632

PART 73
OFFSET  8.2490 -3.7129 -8.2177
X  0.2347 -0.4814  0.8445
Y -0.9703 -0.1688  0.1734
Z  0.0591 -0.8601 -0.5067

PART 74
OFFSET  6.5810 -5.5727 -7.1039
X -0.6959 -0.1306 -0.7062
Y -0.1461  0.9885 -0.0389
Z  0.7032  0.0761 -0.7069

PART 75
OFFSET  6.2495 -6.1815 -6.1266
X -0.6959 -0.1306 -0.7062
Y -0.1461  0.9885 -0.0389
Z  0.7032  0.0761 -0.7069

PART 76
OFFSET  6.6540 -7.4651 -6.1399
X -0.6959 -0.1306 -0.7062
Y -0.1461  0.9885 -0.0389
Z  0.7032  0.0761 -0.7069

PART 77
OFFSET  0.0000 -0.0000 -0.0000
X  1.0000 -0.0000  0.0000
Y  0.0000  1.0000  0.0000
Z  0.0000 -0.0000  1.0000

PART 78
OFFSET -0.0000 -0.0000 -0.0000
X  1.0000  0.0000 -0.0015
Y  0.0000  1.0000  0.0030
Z  0.0015 -0.0030  1.0000

PART 79
OFFSET  1.5468 -0.0126  4.1333
X  1.0000  0.0000 -0.0015
Y  0.0000  1.0000  0.0030
Z  0.0015 -0.0030  1.0000


FRAME 952
PART 0
OFFSET  0.0000 -0.0000 -0.0000
X  1.0000 -0.0000  0.0000
Y  0.0000  1.0000  0.0000
Z  0.0000 -0.0000  1.0000

PART 1
OFFSET -4.6318 -0.0000 -1.3770
X  1.0000 -0.0000  0.0000
Y  0.0000  1.0000  0.0000
Z  0.0000 -0.0000  1.0000

PART 2
OFFSET -3.5056  7.9170 -3.1869
X  0.6619 -0.0019 -0.7496
Y -0.0485 -0.9980 -0.0403
Z -0.7480  0.0630 -0.6607

PART 3
OFFSET  4.4994  7.8939 -12.2524
X  0.8788 -0.4741  0.0540
Y -0.2207 -0.3036  0.9269
Z -0.4230 -0.8265 -0.3714

PART 4
OFFSET  11.9742  3.8618 -11.7933
X  0.8788 -0.4741  0.0540
Y  0.4766  0.8774 -0.0542
Z -0.0217  0.0734  0.9971

PART 5
OFFSET  14.1946  4.6635 -11.7398
X  0.8813 -0.4700  0.0495
Y  0.4236  0.8321  0.3579
Z -0.2094 -0.2945  0.9324

PART 6
OFFSET  12.8337  3.1586 -13.1736
X  0.8813 -0.4700  0.0495
Y  0.4236  0.8321  0.3579
Z -0.2094 -0.2945  0.9324

PART 7
OFFSET  13.6685  3.1504 -10.0226
X  0.8813 -0.4700  0.0495
Y  0.4236  0.8321  0.3579
Z -0.2094 -0.2945  0.9324

PART 8
OFFSET  12.9729  2.0371 -10.3200
X  0.8813 -0.4700  0.0495
Y  0.4236  0.8321  0.3579
Z -0.2094 -0.2945  0.9324

PART 9
OFFSET  12.5906  2.0094 -11.4552
X  0.8813 -0.4700  0.0495
Y  0.4236  0.8321  0.3579
Z -0.2094 -0.2945  0.9324

PART 10
OFFSET  14.6685  2.4085 -11.6278
X  0.8729  0.4609 -0.1600
Y -0.4448  0.8866  0.1272
Z  0.2005 -0.0399  0.9789

PART 11
OFFSET  14.7142  3.4550 -11.1751
X  0.7044  0.7093 -0.0262
Y -0.6776  0.6610 -0.3225
Z -0.2115  0.2449  0.9462

PART 12
OFFSET  16.1548  5.0653 -11.2110
X  0.9315  0.3042 -0.1993
Y -0.3300  0.9373 -0.1117
Z  0.1528  0.1699  0.9735

PART 13
OFFSET  17.6954  5.5195 -11.4171
X  0.7314  0.6779 -0.0737
Y -0.6753  0.7049 -0.2171
Z -0.0952  0.2086  0.9734

PART 14
OFFSET  18.4705  6.2742 -11.4560
X  0.4619  0.5117 -0.7244
Y -0.1480 -0.7608 -0.6318
Z -0.8745  0.3990 -0.2757

PART 15
OFFSET  15.9239  1.8412 -11.7015
X  0.9998  0.0027 -0.0194
Y  0.0195 -0.0826  0.9964
Z  0.0011 -0.9966 -0.0827

PART 16
OFFSET  18.1726  1.9822 -11.6109
X -0.0539  0.4274  0.9025
Y -0.9882  0.1067 -0.1095
Z -0.1431 -0.8978  0.4166

PART 17
OFFSET  18.0963  2.5873 -10.3332
X -0.4171  0.4430  0.7936
Y -0.9016 -0.0917 -0.4226
Z -0.1145 -0.8918  0.4377

PART 18
OFFSET  17.7265  2.9800 -9.6295
X -0.6710  0.4044  0.6215
Y -0.7216 -0.1632 -0.6728
Z -0.1707 -0.8999  0.4013

PART 19
OFFSET  17.0891  3.3642 -9.0391
X  0.9909 -0.0767 -0.1110
Y -0.1345 -0.4972 -0.8572
Z  0.0106  0.8643 -0.5029

PART 20
OFFSET  15.7923  2.5373 -11.7889
X  0.9685  0.1661 -0.1855
Y  0.2019 -0.0882  0.9754
Z  0.1457 -0.9822 -0.1189

PART 21
OFFSET  18.3562  2.9030 -12.0149
X  0.3169  0.1525  0.9361
Y -0.9117  0.3212  0.2563
Z -0.2616 -0.9346  0.2409

PART 22
OFFSET  18.8957  3.1627 -10.4212
X -0.5512  0.3579  0.7537
Y -0.7978  0.0384 -0.6017
Z -0.2443 -0.9330  0.2643

PART 23
OFFSET  18.1317  3.6587 -9.3766
X -0.8106  0.3412  0.4759
Y -0.5334 -0.0950 -0.8405
Z -0.2416 -0.9352  0.2590

PART 24
OFFSET  17.2526  4.0288 -8.8605
X  0.9570 -0.2713  0.1030
Y  0.0385 -0.2331 -0.9717
Z  0.2876  0.9338 -0.2127

PART 25
OFFSET  16.7606  5.2156 -11.3944
X  0.9631  0.2511  0.0970
Y  0.0446  0.2067 -0.9774
Z -0.2655  0.9456  0.1878

PART 26
OFFSET  17.6598  4.8879 -12.5191
X  0.9239 -0.1213  0.3629
Y -0.3583  0.0587  0.9318
Z -0.1343 -0.9909  0.0107

PART 27
OFFSET  19.2865  4.6743 -11.8801
X  0.3113 -0.1268  0.9418
Y -0.9407  0.0995  0.3244
Z -0.1348 -0.9869 -0.0884

PART 28
OFFSET  19.6731  4.5801 -10.7298
X -0.4089  0.0763  0.9094
Y -0.9052  0.0922 -0.4148
Z -0.1155 -0.9928  0.0313

PART 29
OFFSET  19.2113  4.6662 -9.7026
X  0.9178 -0.3873  0.0872
Y  0.1311  0.0883 -0.9874
Z  0.3748  0.9177  0.1318

PART 30
OFFSET  18.0852  3.8698 -12.4645
X  0.5974  0.0445  0.8007
Y -0.7950  0.1642  0.5840
Z -0.1055 -0.9854  0.1334

PART 31
OFFSET  19.2522  3.9566 -10.9002
X -0.3412  0.1704  0.9244
Y -0.9278  0.0966 -0.3603
Z -0.1507 -0.9806  0.1252

PART 32
OFFSET  18.7538  4.2056 -9.5500
X -0.8345  0.2004  0.5133
Y -0.5196  0.0240 -0.8540
Z -0.1835 -0.9794  0.0841

PART 33
OFFSET  17.8078  4.4256 -8.9674
X  0.9835 -0.1064  0.1465
Y  0.1254 -0.1834 -0.9750
Z  0.1306  0.9773 -0.1670

PART 34
OFFSET  17.5803  3.1196 -10.6384
X  0.1058 -0.9924 -0.0621
Y -0.2005  0.0399 -0.9789
Z  0.9740  0.1160 -0.1948

PART 35
OFFSET  13.8143  4.2614 -12.3637
X  0.8813 -0.4700  0.0495
Y  0.4236  0.8321  0.3579
Z -0.2094 -0.2945  0.9324

PART 36
OFFSET  12.8337  3.1586 -13.1736
X  0.8813 -0.4700  0.0495
Y  0.4236  0.8321  0.3579
Z -0.2094 -0.2945  0.9324

PART 37
OFFSET  13.6685  3.1504 -10.0226
X  0.8813 -0.4700  0.0495
Y  0.4236  0.8321  0.3579
Z -0.2094 -0.2945  0.9324

PART 38
OFFSET  12.9729  2.0371 -10.3200
X  0.8813 -0.4700  0.0495
Y  0.4236  0.8321  0.3579
Z -0.2094 -0.2945  0.9324

PART 39
OFFSET  12.5906  2.0094 -11.4552
X  0.8813 -0.4700  0.0495
Y  0.4236  0.8321  0.3579
Z -0.2094 -0.2945  0.9324

PART 40
OFFSET  10.5550 -1.2243 -7.3989
X  0.7573  0.5300 -0.3816
Y -0.6479  0.5367 -0.5405
Z -0.0817  0.6566  0.7498

PART 41
OFFSET  10.5550 -1.2243 -7.3989
X  0.7573  0.5300 -0.3816
Y -0.6479  0.5367 -0.5405
Z -0.0817  0.6566  0.7498

PART 42
OFFSET  13.7121  1.1992 -8.8047
X  0.7573  0.5300 -0.3816
Y -0.6479  0.5367 -0.5405
Z -0.0817  0.6566  0.7498

PART 43
OFFSET  15.9286  3.1961 -7.9031
X  0.7573  0.5300 -0.3816
Y -0.6479  0.5367 -0.5405
Z -0.0817  0.6566  0.7498

PART 44
OFFSET -3.6042 -7.9373 -3.1869
X -0.3152  0.0044  0.9490
Y -0.3586 -0.9264 -0.1148
Z  0.8787 -0.3765  0.2936

PART 45
OFFSET  0.2075 -7.9905 -14.6643
X -0.6949 -0.1343 -0.7065
Y  0.7055  0.0631 -0.7059
Z  0.1394 -0.9889  0.0509

PART 46
OFFSET  6.1176 -6.8486 -8.6553
X -0.6949 -0.1343 -0.7065
Y  0.6863  0.1696 -0.7073
Z  0.2148 -0.9763 -0.0257

PART 47
OFFSET  6.4356 -5.5701 -7.1754
X -0.6994 -0.1319 -0.7024
Y -0.1475  0.9883 -0.0387
Z  0.6993  0.0765 -0.7107

PART 48
OFFSET  6.1101 -6.1789 -6.1960
X -0.6994 -0.1319 -0.7024
Y -0.1475  0.9883 -0.0387
Z  0.6993  0.0765 -0.7107

PART 49
OFFSET  6.5161 -7.4618 -6.2105
X -0.6994 -0.1319 -0.7024
Y -0.1475  0.9883 -0.0387
Z  0.6993  0.0765 -0.7107

PART 50
OFFSET  8.2478 -6.4369 -6.4894
X -0.6096 -0.7541  0.2443
Y  0.4078 -0.5627 -0.7191
Z  0.6798 -0.3388  0.6505

PART 51
OFFSET  7.8495 -5.4157 -6.1724
X  0.1060 -0.9827  0.1522
Y  0.3706 -0.1030 -0.9231
Z  0.9227  0.1542  0.3533

PART 52
OFFSET  7.5324 -3.2935 -6.4284
X -0.4786 -0.4999  0.7218
Y  0.3343 -0.8639 -0.3767
Z  0.8119  0.0610  0.5806

PART 53
OFFSET  8.2341 -2.5448 -7.6811
X -0.4593  0.2608  0.8491
Y -0.0592 -0.9628  0.2637
Z  0.8863  0.0709  0.4576

PART 54
OFFSET  8.6913 -2.8138 -8.6248
X -0.9206 -0.0514  0.3872
Y -0.3903  0.0836 -0.9169
Z  0.0147 -0.9952 -0.0971

PART 55
OFFSET  9.0629 -6.3329 -7.5976
X -0.5502 -0.4878  0.6777
Y  0.8241 -0.1862  0.5350
Z -0.1348  0.8529  0.5044

PART 56
OFFSET  10.1785 -5.0899 -9.1126
X  0.5566 -0.5441  0.6278
Y  0.8205  0.2413 -0.5183
Z  0.1305  0.8035  0.5808

PART 57
OFFSET  9.3905 -4.3195 -10.0014
X  0.9878 -0.0611 -0.1435
Y -0.0722  0.6363 -0.7680
Z  0.1382  0.7690  0.6241

PART 58
OFFSET  8.5147 -4.2653 -9.8741
X  0.5154  0.4406 -0.7350
Y -0.8479  0.3865 -0.3629
Z  0.1242  0.8103  0.5728

PART 59
OFFSET  8.0251 -4.6839 -9.1758
X  0.1201 -0.6968  0.7072
Y -0.9561  0.1107  0.2714
Z -0.2674 -0.7087 -0.6529

PART 60
OFFSET  9.0209 -5.8404 -7.0826
X -0.5790 -0.6190  0.5307
Y  0.7733 -0.2107  0.5980
Z -0.2584  0.7566  0.6007

PART 61
OFFSET  10.5791 -4.3509 -8.5359
X  0.5157 -0.4732  0.7143
Y  0.8536  0.2123 -0.4756
Z  0.0734  0.8550  0.5134

PART 62
OFFSET  9.7011 -3.5453 -9.7520
X  0.9529  0.0935 -0.2884
Y -0.2924  0.5340 -0.7933
Z  0.0798  0.8403  0.5362

PART 63
OFFSET  8.3804 -3.6748 -9.3524
X  0.3557  0.4820 -0.8007
Y -0.9316  0.2508 -0.2629
Z  0.0741  0.8395  0.5383

PART 64
OFFSET  7.9946 -4.1976 -8.4839
X  0.2444 -0.4969  0.8327
Y -0.9695 -0.1071  0.2206
Z -0.0204 -0.8612 -0.5079

PART 65
OFFSET  5.7302 -9.2812 -4.5156
X -0.4634 -0.6949  0.5499
Y -0.8111  0.0828 -0.5790
Z  0.3568 -0.7143 -0.6020

PART 66
OFFSET  10.5683 -3.2001 -6.6573
X -0.6140 -0.6499  0.4480
Y  0.7630 -0.3433  0.5477
Z -0.2021  0.6781  0.7067

PART 67
OFFSET  11.6494 -2.0559 -7.4461
X -0.5902 -0.6564  0.4699
Y  0.7707 -0.2850  0.5699
Z -0.2402  0.6985  0.6741

PART 68
OFFSET  12.3523 -1.2155 -7.9764
X -0.5682 -0.7050  0.4245
Y  0.7791 -0.2946  0.5534
Z -0.2651  0.6451  0.7166

PART 69
OFFSET  12.9940 -0.4192 -8.4559
X -0.5929  0.6769 -0.4362
Y  0.8052  0.4917 -0.3314
Z -0.0099 -0.5477 -0.8366

PART 70
OFFSET  10.8238 -3.8302 -7.5281
X  0.3929 -0.5029  0.7699
Y  0.9132  0.3121 -0.2622
Z -0.1084  0.8060  0.5818

PART 71
OFFSET  10.0561 -2.8478 -9.0321
X  0.9903  0.1383 -0.0144
Y -0.0876  0.5396 -0.8373
Z -0.1080  0.8304  0.5465

PART 72
OFFSET  8.6097 -3.0498 -9.0111
X  0.4406  0.5072 -0.7407
Y -0.8869  0.1184 -0.4465
Z -0.1387  0.8537  0.5020

PART 73
OFFSET  8.1111 -3.6302 -8.1760
X  0.2375 -0.5191  0.8210
Y -0.9700 -0.1715  0.1722
Z  0.0515 -0.8373 -0.5443

PART 74
OFFSET  6.4356 -5.5701 -7.1754
X -0.6994 -0.1319 -0.7024
Y -0.1475  0.9883 -0.0387
Z  0.6993  0.0765 -0.7107

PART 75
OFFSET  6.1100 -6.1787 -6.1959
X -0.6994 -0.1319 -0.7024
Y -0.1475  0.9883 -0.0387
Z  0.6993  0.0765 -0.7107

PART 76
OFFSET  6.5161 -7.4618 -6.2106
X -0.6994 -0.1319 -0.7024
Y -0.1475  0.9883 -0.0387
Z  0.6993  0.0765 -0.7107

PART 77
OFFSET  0.0000 -0.0000 -0.0000
X  1.0000 -0.0000  0.0000
Y  0.0000  1.0000  0.0000
Z  0.0000 -0.0000  1.0000

PART 78
OFFSET -0.0000 -0.0000 -0.0000
X  1.0000  0.0000 -0.0057
Y  0.0001  0.9999  0.0113
Z  0.0057 -0.0113  0.9999

PART 79
OFFSET  1.5641 -0.0466  4.1266
X  1.0000  0.0000 -0.0057
Y  0.0001  0.9999  0.0113
Z  0.0057 -0.0113  0.9999


FRAME 953
PART 0
OFFSET  0.0000 -0.0000 -0.0000
X  1.0000 -0.0000  0.0000
Y  0.0000  1.0000  0.0000
Z  0.0000 -0.0000  1.0000

PART 1
OFFSET -4.6318 -0.0000 -1.3770
X  1.0000 -0.0000  0.0000
Y  0.0000  1.0000  0.0000
Z  0.0000 -0.0000  1.0000

PART 2
OFFSET -3.5050  7.8926 -3.1869
X  0.6493  0.0247 -0.7601
Y -0.0232 -0.9984 -0.0522
Z -0.7602  0.0516 -0.6477

PART 3
OFFSET  4.3479  8.1908 -12.3796
X  0.8754 -0.4731  0.0991
Y -0.2600 -0.2880  0.9217
Z -0.4075 -0.8326 -0.3751

PART 4
OFFSET  11.7938  4.1673 -11.5364
X  0.8754 -0.4731  0.0991
Y  0.4759  0.8795 -0.0061
Z -0.0843  0.0525  0.9951

PART 5
OFFSET  14.0104  4.9699 -11.4024
X  0.8781 -0.4690  0.0947
Y  0.4087  0.8380  0.3615
Z -0.2489 -0.2788  0.9275

PART 6
OFFSET  12.7105  3.4410 -12.8671
X  0.8781 -0.4690  0.0947
Y  0.4087  0.8380  0.3615
Z -0.2489 -0.2788  0.9275

PART 7
OFFSET  13.4110  3.4858 -9.6839
X  0.8781 -0.4690  0.0947
Y  0.4087  0.8380  0.3615
Z -0.2489 -0.2788  0.9275

PART 8
OFFSET  12.7279  2.3677 -9.9917
X  0.8781 -0.4690  0.0947
Y  0.4087  0.8380  0.3615
Z -0.2489 -0.2788  0.9275

PART 9
OFFSET  12.3941  2.3208 -11.1415
X  0.8781 -0.4690  0.0947
Y  0.4087  0.8380  0.3615
Z -0.2489 -0.2788  0.9275

PART 10
OFFSET  14.4776  2.7171 -11.2325
X  0.8745  0.4645 -0.1393
Y -0.4376  0.8797  0.1862
Z  0.2090 -0.1019  0.9726

PART 11
OFFSET  14.5346  3.7331 -10.7161
X  0.7089  0.7052  0.0113
Y -0.6760  0.6839 -0.2744
Z -0.2012  0.1868  0.9616

PART 12
OFFSET  15.9857  5.3335 -10.6655
X  0.9317  0.3102 -0.1888
Y -0.3246  0.9445 -0.0502
Z  0.1628  0.1080  0.9807

PART 13
OFFSET  17.5274  5.7901 -10.8575
X  0.7353  0.6767 -0.0384
Y -0.6724  0.7212 -0.1665
Z -0.0850  0.1482  0.9853

PART 14
OFFSET  18.3073  6.5409 -10.8568
X  0.4588  0.5529 -0.6955
Y -0.1588 -0.7191 -0.6765
Z -0.8742  0.4208 -0.2421

PART 15
OFFSET  15.7285  2.1476 -11.3532
X  0.9996 -0.0023 -0.0286
Y  0.0280 -0.1446  0.9891
Z -0.0065 -0.9895 -0.1444

PART 16
OFFSET  17.9788  2.2687 -11.2752
X -0.0428  0.3707  0.9278
Y -0.9884  0.1195 -0.0934
Z -0.1455 -0.9210  0.3613

PART 17
OFFSET  17.9182  2.7936 -9.9617
X -0.4069  0.3953  0.8235
Y -0.9060 -0.0596 -0.4190
Z -0.1166 -0.9166  0.3825

PART 18
OFFSET  17.5574  3.1441 -9.2315
X -0.6626  0.3691  0.6517
Y -0.7287 -0.1165 -0.6748
Z -0.1731 -0.9220  0.3462

PART 19
OFFSET  16.9280  3.4948 -8.6124
X  0.9893 -0.0758 -0.1249
Y -0.1457 -0.4420 -0.8851
Z  0.0119  0.8938 -0.4483

PART 20
OFFSET  15.6008  2.8486 -11.3959
X  0.9679  0.1713 -0.1839
Y  0.2101 -0.1499  0.9661
Z  0.1379 -0.9737 -0.1811

PART 21
OFFSET  18.1650  3.2118 -11.6230
X  0.3263  0.0921  0.9408
Y -0.9071  0.3103  0.2843
Z -0.2658 -0.9462  0.1848

PART 22
OFFSET  18.7206  3.3685 -10.0213
X -0.5419  0.3137  0.7797
Y -0.8029  0.0807 -0.5906
Z -0.2482 -0.9461  0.2081

PART 23
OFFSET  17.9695  3.8033 -8.9408
X -0.8039  0.3160  0.5038
Y -0.5416 -0.0392 -0.8397
Z -0.2456 -0.9479  0.2027

PART 24
OFFSET  17.0976  4.1460 -8.3944
X  0.9560 -0.2832  0.0769
Y  0.0281 -0.1725 -0.9846
Z  0.2921  0.9434 -0.1569

PART 25
OFFSET  16.5908  5.4911 -10.8449
X  0.9656  0.2386  0.1034
Y  0.0372  0.2668 -0.9630
Z -0.2573  0.9338  0.2487

PART 26
OFFSET  17.4776  5.2284 -11.9963
X  0.9263 -0.1494  0.3460
Y -0.3495  0.0028  0.9369
Z -0.1409 -0.9888 -0.0496

PART 27
OFFSET  19.1084  4.9654 -11.3872
X  0.3189 -0.1871  0.9291
Y -0.9370  0.0849  0.3388
Z -0.1423 -0.9787 -0.1482

PART 28
OFFSET  19.5048  4.7974 -10.2486
X -0.4001  0.0221  0.9162
Y -0.9083  0.1235 -0.3997
Z -0.1220 -0.9921 -0.0293

PART 29
OFFSET  19.0529  4.8224 -9.2138
X  0.9159 -0.3977  0.0543
Y  0.1227  0.1487 -0.9812
Z  0.3822  0.9054  0.1850

PART 30
OFFSET  17.8965  4.2063 -12.0090
X  0.6049 -0.0091  0.7963
Y -0.7886  0.1325  0.6005
Z -0.1110 -0.9911  0.0729

PART 31
OFFSET  19.0782  4.1884 -10.4534
X -0.3317  0.1147  0.9364
Y -0.9304  0.1246 -0.3448
Z -0.1562 -0.9856  0.0654

PART 32
OFFSET  18.5937  4.3560 -9.0857
X -0.8284  0.1733  0.5327
Y -0.5272  0.0803 -0.8460
Z -0.1894 -0.9816  0.0248

PART 33
OFFSET  17.6545  4.5452 -8.4816
X  0.9840 -0.1214  0.1303
Y  0.1153 -0.1231 -0.9857
Z  0.1357  0.9849 -0.1072

PART 34
OFFSET  17.4031  3.3471 -10.2284
X  0.0985 -0.9873 -0.1246
Y -0.2090  0.1019 -0.9726
Z  0.9729  0.1219 -0.1964

PART 35
OFFSET  13.6566  4.5573 -12.0350
X  0.8781 -0.4690  0.0947
Y  0.4087  0.8380  0.3615
Z -0.2489 -0.2788  0.9275

PART 36
OFFSET  12.7105  3.4410 -12.8671
X  0.8781 -0.4690  0.0947
Y  0.4087  0.8380  0.3615
Z -0.2489 -0.2788  0.9275

PART 37
OFFSET  13.4110  3.4858 -9.6839
X  0.8781 -0.4690  0.0947
Y  0.4087  0.8380  0.3615
Z -0.2489 -0.2788  0.9275

PART 38
OFFSET  12.7279  2.3677 -9.9917
X  0.8781 -0.4690  0.0947
Y  0.4087  0.8380  0.3615
Z -0.2489 -0.2788  0.9275

PART 39
OFFSET  12.3941  2.3208 -11.1415
X  0.8781 -0.4690  0.0947
Y  0.4087  0.8380  0.3615
Z -0.2489 -0.2788  0.9275

PART 40
OFFSET  10.3779 -1.1653 -7.2033
X  0.7566  0.5494 -0.3546
Y -0.6502  0.5743 -0.4975
Z -0.0697  0.6069  0.7917

PART 41
OFFSET  10.3779 -1.1653 -7.2033
X  0.7566  0.5494 -0.3546
Y -0.6502  0.5743 -0.4975
Z -0.0697  0.6069  0.7917

PART 42
OFFSET  13.5353  1.3267 -8.4833
X  0.7566  0.5494 -0.3546
Y -0.6502  0.5743 -0.4975
Z -0.0697  0.6069  0.7917

PART 43
OFFSET  15.7737  3.2484 -7.4783
X  0.7566  0.5494 -0.3546
Y -0.6502  0.5743 -0.4975
Z -0.0697  0.6069  0.7917

PART 44
OFFSET -3.7225 -7.9373 -3.1869
X -0.3029  0.0047  0.9530
Y -0.3576 -0.9275 -0.1091
Z  0.8834 -0.3739  0.2826

PART 45
OFFSET -0.0592 -7.9941 -14.7125
X -0.7006 -0.1366 -0.7003
Y  0.6991  0.0647 -0.7120
Z  0.1426 -0.9885  0.0502

PART 46
OFFSET  5.8998 -6.8319 -8.7558
X -0.7006 -0.1366 -0.7003
Y  0.6773  0.1813 -0.7130
Z  0.2244 -0.9739 -0.0345

PART 47
OFFSET  6.2271 -5.5516 -7.2795
X -0.7052 -0.1343 -0.6962
Y -0.1507  0.9879 -0.0380
Z  0.6929  0.0781 -0.7168

PART 48
OFFSET  5.9119 -6.1608 -6.2970
X -0.7052 -0.1343 -0.6962
Y -0.1507  0.9879 -0.0380
Z  0.6929  0.0781 -0.7168

PART 49
OFFSET  6.3213 -7.4425 -6.3143
X -0.7052 -0.1343 -0.6962
Y -0.1507  0.9879 -0.0380
Z  0.6929  0.0781 -0.7168

PART 50
OFFSET  8.0477 -6.4129 -6.6088
X -0.6118 -0.7649  0.2015
Y  0.3966 -0.5170 -0.7585
Z  0.6844 -0.3841  0.6197

PART 51
OFFSET  7.6591 -5.4122 -6.2219
X  0.1014 -0.9910  0.0870
Y  0.3602 -0.0449 -0.9318
Z  0.9273  0.1258  0.3524

PART 52
OFFSET  7.3528 -3.2761 -6.3362
X -0.4742 -0.5430  0.6930
Y  0.3249 -0.8395 -0.4355
Z  0.8183  0.0186  0.5745

PART 53
OFFSET  8.0460 -2.4516 -7.5453
X -0.4487  0.2077  0.8692
Y -0.0624 -0.9775  0.2014
Z  0.8915  0.0361  0.4516

PART 54
OFFSET  8.4915 -2.6613 -8.5094
X -0.9167 -0.0713  0.3931
Y -0.3994  0.1452 -0.9052
Z  0.0074 -0.9868 -0.1616

PART 55
OFFSET  8.8517 -6.2417 -7.7168
X -0.5461 -0.5276  0.6506
Y  0.8285 -0.2252  0.5128
Z -0.1241  0.8191  0.5601

PART 56
OFFSET  9.9591 -4.9092 -9.1600
X  0.5597 -0.5869  0.5850
Y  0.8165  0.2699 -0.5104
Z  0.1417  0.7634  0.6302

PART 57
OFFSET  9.1667 -4.0783 -9.9883
X  0.9858 -0.0572 -0.1579
Y -0.0763  0.6853 -0.7243
Z  0.1496  0.7261  0.6712

PART 58
OFFSET  8.2926 -4.0276 -9.8482
X  0.5104  0.4845 -0.7105
Y -0.8492  0.4140 -0.3278
Z  0.1353  0.7707  0.6227

PART 59
OFFSET  7.8077 -4.4879 -9.1733
X  0.1231 -0.7419  0.6591
Y -0.9525  0.0982  0.2884
Z -0.2787 -0.6633 -0.6945

PART 60
OFFSET  8.8183 -5.7834 -7.1705
X -0.5773 -0.6489  0.4957
Y  0.7782 -0.2534  0.5746
Z -0.2473  0.7174  0.6513

PART 61
OFFSET  10.3704 -4.2115 -8.5410
X  0.5202 -0.5214  0.6764
Y  0.8499  0.2379 -0.4701
Z  0.0842  0.8194  0.5669

PART 62
OFFSET  9.4848 -3.3237 -9.6926
X  0.9504  0.1066 -0.2921
Y -0.2974  0.5860 -0.7538
Z  0.0908  0.8033  0.5886

PART 63
OFFSET  8.1676 -3.4715 -9.2878
X  0.3503  0.5310 -0.7716
Y -0.9328  0.2726 -0.2359
Z  0.0850  0.8024  0.5908

PART 64
OFFSET  7.7876 -4.0474 -8.4510
X  0.2500 -0.5513  0.7960
Y -0.9677 -0.1158  0.2238
Z -0.0312 -0.8263 -0.5624

PART 65
OFFSET  5.5330 -9.3652 -4.7964
X -0.4620 -0.7265  0.5086
Y -0.8166  0.1247 -0.5635
Z  0.3460 -0.6757 -0.6509

PART 66
OFFSET  10.3867 -3.1851 -6.5917
X -0.6133 -0.6741  0.4115
Y  0.7665 -0.3825  0.5159
Z -0.1904  0.6319  0.7513

PART 67
OFFSET  11.4665 -1.9982 -7.3163
X -0.5894 -0.6822  0.4327
Y  0.7748 -0.3257  0.5418
Z -0.2287  0.6546  0.7205

PART 68
OFFSET  12.1691 -1.1291 -7.7986
X -0.5681 -0.7279  0.3840
Y  0.7830 -0.3343  0.5246
Z -0.2535  0.5987  0.7598

PART 69
OFFSET  12.8108 -0.3069 -8.2324
X -0.5931  0.7071 -0.3849
Y  0.8048  0.5076 -0.3076
Z -0.0221 -0.4922 -0.8702

PART 70
OFFSET  10.6289 -3.7587 -7.5043
X  0.3978 -0.5540  0.7313
Y  0.9123  0.3233 -0.2514
Z -0.0972  0.7672  0.6341

PART 71
OFFSET  9.8517 -2.6764 -8.9329
X  0.9909  0.1334 -0.0162
Y -0.0930  0.5934 -0.7995
Z -0.0970  0.7938  0.6004

PART 72
OFFSET  8.4043 -2.8713 -8.9092
X  0.4360  0.5517 -0.7110
Y -0.8908  0.1521 -0.4282
Z -0.1281  0.8200  0.5578

PART 73
OFFSET  7.9109 -3.5019 -8.1082
X  0.2429 -0.5727  0.7830
Y -0.9692 -0.1769  0.1712
Z  0.0405 -0.8005 -0.5980

PART 74
OFFSET  6.2271 -5.5516 -7.2795
X -0.7052 -0.1343 -0.6962
Y -0.1507  0.9879 -0.0380
Z  0.6929  0.0781 -0.7168

PART 75
OFFSET  5.9118 -6.1606 -6.2969
X -0.7052 -0.1343 -0.6962
Y -0.1507  0.9879 -0.0380
Z  0.6929  0.0781 -0.7168

PART 76
OFFSET  6.3214 -7.4425 -6.3143
X -0.7052 -0.1343 -0.6962
