// Export filename: `C:\projects\cod\t5\xanim_export\t5_viewmodels\ak74u\ak74u_last_shot.XANIM_EXPORT`
// Source filename: `D:\projects\devanim\t5\animation_assets\viewmodels\ak74u\t5_viewmodel_ak74u_animated.fbx`
// Export time: Tue Jun 22 12:14:52 2010

ANIMATION
VERSION 3

NUMPARTS 80
PART 0 "tag_ads"
PART 1 "tag_torso"
PART 2 "J_Shoulder_LE"
PART 3 "J_Elbow_LE"
PART 4 "J_WristTwist_LE"
PART 5 "J_Sleave_Reshape_Bottom_LE_1"
PART 6 "J_Sleave_Reshape_Bottom_LE_2"
PART 7 "J_Sleave_Reshape_Top_LE_1"
PART 8 "J_Sleave_Reshape_Top_LE_2"
PART 9 "J_Sleave_Reshape_Top_LE_3"
PART 10 "J_Wrist_LE"
PART 11 "J_Thumb_LE_0"
PART 12 "J_Thumb_LE_1"
PART 13 "J_Thumb_LE_2"
PART 14 "J_Thumb_LE_3"
PART 15 "J_PinkyPalm_LE"
PART 16 "J_Pinky_LE_0"
PART 17 "J_Pinky_LE_1"
PART 18 "J_Pinky_LE_2"
PART 19 "J_Pinky_LE_3"
PART 20 "J_RingPalm_LE"
PART 21 "J_Ring_LE_0"
PART 22 "J_Ring_LE_1"
PART 23 "J_Ring_LE_2"
PART 24 "J_Ring_LE_3"
PART 25 "J_Webbing_LE"
PART 26 "J_Index_LE_0"
PART 27 "J_Index_LE_1"
PART 28 "J_Index_LE_2"
PART 29 "J_Index_LE_3"
PART 30 "J_Mid_LE_0"
PART 31 "J_Mid_LE_1"
PART 32 "J_Mid_LE_2"
PART 33 "J_Mid_LE_3"
PART 34 "tag_knife_attach"
PART 35 "D_Sleave_Reshape_Bottom_LE_1"
PART 36 "D_Sleave_Reshape_Bottom_LE_2"
PART 37 "D_Sleave_Reshape_Top_LE_1"
PART 38 "D_Sleave_Reshape_Top_LE_2"
PART 39 "D_Sleave_Reshape_Top_LE_3"
PART 40 "tag_weapon"
PART 41 "J_Gun"
PART 42 "TAG_CLIP"
PART 43 "J_Bolt"
PART 44 "J_Shoulder_RI"
PART 45 "J_Elbow_RI"
PART 46 "J_WristTwist_RI"
PART 47 "J_Sleave_Reshape_Top_RI_3"
PART 48 "J_Sleave_Reshape_Top_RI_2"
PART 49 "J_Sleave_Reshape_Top_RI_1"
PART 50 "J_Wrist_RI"
PART 51 "J_Thumb_RI_0"
PART 52 "J_Thumb_RI_1"
PART 53 "J_Thumb_RI_2"
PART 54 "J_Thumb_RI_3"
PART 55 "J_PinkyPalm_RI"
PART 56 "J_Pinky_RI_0"
PART 57 "J_Pinky_RI_1"
PART 58 "J_Pinky_RI_2"
PART 59 "J_Pinky_RI_3"
PART 60 "J_RingPalm_RI"
PART 61 "J_Ring_RI_0"
PART 62 "J_Ring_RI_1"
PART 63 "J_Ring_RI_2"
PART 64 "J_Ring_RI_3"
PART 65 "J_Webbing_RI"
PART 66 "J_Index_RI_0"
PART 67 "J_Index_RI_1"
PART 68 "J_Index_RI_2"
PART 69 "J_Index_RI_3"
PART 70 "J_Mid_RI_0"
PART 71 "J_Mid_RI_1"
PART 72 "J_Mid_RI_2"
PART 73 "J_Mid_RI_3"
PART 74 "D_Sleave_Reshape_Top_RI_3"
PART 75 "D_Sleave_Reshape_Top_RI_2"
PART 76 "D_Sleave_Reshape_Top_RI_1"
PART 77 "tag_cambone"
PART 78 "tag_camera"
PART 79 "tag_gasmask"

FRAMERATE 30
NUMFRAMES 7

FRAME 580
PART 0
OFFSET  0.0000 -0.0000 -0.0000
X  1.0000 -0.0000  0.0000
Y  0.0000  1.0000  0.0000
Z  0.0000 -0.0000  1.0000

PART 1
OFFSET -4.6318 -0.0000 -1.3770
X  1.0000 -0.0000  0.0000
Y  0.0000  1.0000  0.0000
Z  0.0000 -0.0000  1.0000

PART 2
OFFSET -1.2907  7.9373 -3.1869
X  0.7461 -0.2850 -0.6017
Y -0.1845 -0.9569  0.2245
Z -0.6397 -0.0565 -0.7665

PART 3
OFFSET  7.7330  4.4903 -10.4639
X  0.7346 -0.5193  0.4368
Y -0.4747  0.0666  0.8776
Z -0.4848 -0.8520 -0.1976

PART 4
OFFSET  13.9808  0.0738 -6.7487
X  0.7346 -0.5193  0.4368
Y  0.4737  0.8533  0.2178
Z -0.4858  0.0469  0.8728

PART 5
OFFSET  16.2479  0.5926 -6.3409
X  0.7387 -0.5173  0.4321
Y  0.4895  0.8524  0.1837
Z -0.4634  0.0758  0.8829

PART 6
OFFSET  14.9678 -1.1587 -7.5520
X  0.7387 -0.5173  0.4321
Y  0.4895  0.8524  0.1837
Z -0.4634  0.0758  0.8829

PART 7
OFFSET  15.0695 -0.1553 -4.4523
X  0.7387 -0.5173  0.4321
Y  0.4895  0.8524  0.1837
Z -0.4634  0.0758  0.8829

PART 8
OFFSET  14.2517 -1.2179 -4.5681
X  0.7387 -0.5173  0.4321
Y  0.4895  0.8524  0.1837
Z -0.4634  0.0758  0.8829

PART 9
OFFSET  14.1311 -1.5990 -5.6976
X  0.7387 -0.5173  0.4321
Y  0.4895  0.8524  0.1837
Z -0.4634  0.0758  0.8829

PART 10
OFFSET  16.2327 -1.5180 -5.4097
X  0.9191 -0.3940 -0.0056
Y  0.3863  0.8981  0.2101
Z -0.0777 -0.1952  0.9777

PART 11
OFFSET  16.9871 -0.9087 -4.8081
X  0.9164 -0.0718  0.3938
Y  0.1021  0.9932 -0.0565
Z -0.3871  0.0920  0.9174

PART 12
OFFSET  18.9532 -0.9595 -3.9128
X  0.9534 -0.2169  0.2099
Y  0.1847  0.9692  0.1628
Z -0.2387 -0.1164  0.9641

PART 13
OFFSET  20.4545 -1.3806 -3.4757
X  0.9372  0.0179  0.3484
Y -0.0260  0.9995  0.0185
Z -0.3479 -0.0264  0.9372

PART 14
OFFSET  21.4516 -1.3454 -3.0558
X  0.9099  0.2361 -0.3410
Y -0.2691 -0.2894 -0.9186
Z -0.3156  0.9276 -0.1998

PART 15
OFFSET  16.5811 -2.8526 -5.4417
X  0.5297 -0.8442 -0.0825
Y -0.1506 -0.1894  0.9703
Z -0.8347 -0.5015 -0.2275

PART 16
OFFSET  17.8743 -4.6995 -5.4751
X  0.0192  0.2072  0.9781
Y -0.3310  0.9244 -0.1894
Z -0.9434 -0.3201  0.0864

PART 17
OFFSET  17.9016 -4.4061 -4.0903
X -0.1087  0.6303  0.7687
Y -0.3434  0.7019 -0.6240
Z -0.9329 -0.3318  0.1401

PART 18
OFFSET  17.8052 -3.8473 -3.4087
X -0.0489  0.4427  0.8953
Y -0.2999  0.8485 -0.4360
Z -0.9527 -0.2899  0.0913

PART 19
OFFSET  17.7588 -3.4267 -2.5581
X  0.3635 -0.8294 -0.4243
Y -0.3153  0.3191 -0.8937
Z  0.8766  0.4587 -0.1456

PART 20
OFFSET  17.0508 -2.3151 -5.4399
X  0.7555 -0.6520 -0.0640
Y -0.1134 -0.2263  0.9674
Z -0.6452 -0.7237 -0.2450

PART 21
OFFSET  18.9184 -4.1097 -5.6636
X  0.1214 -0.2091  0.9703
Y -0.3290  0.9138  0.2381
Z -0.9365 -0.3481  0.0422

PART 22
OFFSET  19.1251 -4.4657 -4.0117
X -0.1392  0.5122  0.8475
Y -0.3400  0.7791 -0.5267
Z -0.9301 -0.3614  0.0657

PART 23
OFFSET  18.9321 -3.7558 -2.8371
X -0.1559  0.5347  0.8305
Y -0.3355  0.7622 -0.5536
Z -0.9290 -0.3650  0.0606

PART 24
OFFSET  18.7631 -3.1759 -1.9363
X  0.2737 -0.8914 -0.3612
Y -0.1453  0.3329 -0.9317
Z  0.9508  0.3075 -0.0384

PART 25
OFFSET  19.6377 -1.4113 -4.5694
X  0.7684 -0.5987  0.2259
Y  0.3565  0.1072 -0.9281
Z  0.5315  0.7937  0.2958

PART 26
OFFSET  20.1342 -2.3035 -5.6365
X  0.7357 -0.5627  0.3769
Y -0.4532  0.0045  0.8914
Z -0.5033 -0.8266 -0.2517

PART 27
OFFSET  21.4296 -3.2943 -4.9729
X  0.2841 -0.4727  0.8342
Y -0.8338  0.3078  0.4584
Z -0.4734 -0.8257 -0.3067

PART 28
OFFSET  21.8037 -3.8188 -3.9402
X -0.3523 -0.0445  0.9348
Y -0.8506  0.4319 -0.3000
Z -0.3904 -0.9008 -0.1900

PART 29
OFFSET  21.4057 -3.8691 -2.8843
X  0.7727 -0.6288 -0.0869
Y  0.1307  0.2917 -0.9475
Z  0.6211  0.7208  0.3076

PART 30
OFFSET  19.6032 -3.2708 -5.6884
X  0.4068 -0.4156  0.8135
Y -0.5266  0.6210  0.5805
Z -0.7465 -0.6646  0.0337

PART 31
OFFSET  20.3978 -4.0826 -4.0991
X -0.1948  0.2524  0.9478
Y -0.6067  0.7283 -0.3186
Z -0.7707 -0.6371  0.0113

PART 32
OFFSET  20.1133 -3.7139 -2.7147
X -0.4098  0.5010  0.7623
Y -0.4454  0.6193 -0.6465
Z -0.7960 -0.6045 -0.0306

PART 33
OFFSET  19.6439 -3.1512 -1.8511
X  0.6496 -0.7411 -0.1696
Y -0.1363  0.1060 -0.9850
Z  0.7480  0.6630 -0.0321

PART 34
OFFSET  18.3979 -3.3678 -4.0482
X -0.6875 -0.6997 -0.1944
Y  0.0777  0.1952 -0.9777
Z  0.7220 -0.6873 -0.0798

PART 35
OFFSET  15.9430  0.0422 -6.8883
X  0.7387 -0.5173  0.4321
Y  0.4895  0.8524  0.1837
Z -0.4634  0.0758  0.8829

PART 36
OFFSET  14.9678 -1.1587 -7.5520
X  0.7387 -0.5173  0.4321
Y  0.4895  0.8524  0.1837
Z -0.4634  0.0758  0.8829

PART 37
OFFSET  15.0695 -0.1553 -4.4523
X  0.7387 -0.5173  0.4321
Y  0.4895  0.8524  0.1837
Z -0.4634  0.0758  0.8829

PART 38
OFFSET  14.2517 -1.2179 -4.5681
X  0.7387 -0.5173  0.4321
Y  0.4895  0.8524  0.1837
Z -0.4634  0.0758  0.8829

PART 39
OFFSET  14.1311 -1.5990 -5.6976
X  0.7387 -0.5173  0.4321
Y  0.4895  0.8524  0.1837
Z -0.4634  0.0758  0.8829

PART 40
OFFSET  7.7688 -2.6416 -4.8099
X  1.0000 -0.0000  0.0000
Y  0.0000  1.0000  0.0000
Z  0.0000 -0.0000  1.0000

PART 41
OFFSET  7.7688 -2.6416 -4.8099
X  1.0000 -0.0000  0.0000
Y  0.0000  1.0000  0.0000
Z  0.0000 -0.0000  1.0000

PART 42
OFFSET  11.9806 -2.6266 -4.5308
X  1.0000 -0.0000  0.0000
Y  0.0000  1.0000  0.0000
Z  0.0000 -0.0000  1.0000

PART 43
OFFSET  14.3735 -3.4784 -2.7246
X  1.0000 -0.0000  0.0000
Y  0.0000  1.0000  0.0000
Z  0.0000 -0.0000  1.0000

PART 44
OFFSET -3.5060 -7.9373 -3.1869
X  0.1729 -0.1385  0.9752
Y -0.0119 -0.9903 -0.1385
Z  0.9849  0.0124 -0.1728

PART 45
OFFSET -5.5969 -6.2623 -14.9803
X -0.6702 -0.2157 -0.7101
Y  0.5558  0.4882 -0.6729
Z  0.4918 -0.8457 -0.2073

PART 46
OFFSET  0.1038 -4.4273 -8.9407
X -0.6702 -0.2157 -0.7101
Y  0.7313 -0.0287 -0.6815
Z  0.1266 -0.9760  0.1770

PART 47
OFFSET  0.0937 -3.5100 -7.1846
X -0.6749 -0.2163 -0.7055
Y -0.4979  0.8392  0.2190
Z  0.5446  0.4990 -0.6740

PART 48
OFFSET  0.1162 -4.4084 -6.3920
X -0.6749 -0.2163 -0.7055
Y -0.4979  0.8392  0.2190
Z  0.5446  0.4990 -0.6740

PART 49
OFFSET  0.9542 -5.4018 -6.7410
X -0.6749 -0.2163 -0.7055
Y -0.4979  0.8392  0.2190
Z  0.5446  0.4990 -0.6740

PART 50
OFFSET  2.1586 -3.7659 -6.7638
X -1.0000 -0.0028 -0.0059
Y  0.0059  0.0081 -0.9999
Z  0.0029 -1.0000 -0.0081

PART 51
OFFSET  2.6015 -3.3619 -5.7928
X -0.7920 -0.5154 -0.3274
Y  0.3419  0.0699 -0.9371
Z  0.5058 -0.8541  0.1209

PART 52
OFFSET  4.2483 -2.2092 -4.9996
X -0.9345 -0.2363  0.2662
Y -0.1672 -0.3689 -0.9143
Z  0.3142 -0.8990  0.3052

PART 53
OFFSET  5.7118 -1.7491 -5.5180
X -0.3066  0.0796  0.9485
Y -0.8535 -0.4640 -0.2369
Z  0.4213 -0.8822  0.2103

PART 54
OFFSET  6.0386 -1.7870 -6.5493
X -0.6728  0.5299  0.5163
Y  0.1125  0.7630 -0.6365
Z -0.7312 -0.3702 -0.5730

PART 55
OFFSET  3.0105 -3.5527 -7.8279
X -0.8231 -0.0499  0.5656
Y  0.0720 -0.9973  0.0168
Z  0.5632  0.0546  0.8245

PART 56
OFFSET  4.9332 -3.3104 -8.9807
X -0.6233 -0.7270 -0.2879
Y  0.7687 -0.5021 -0.3963
Z  0.1435 -0.4683  0.8718

PART 57
OFFSET  5.8157 -2.2811 -8.5731
X  0.8183 -0.4574 -0.3480
Y  0.5671  0.7408  0.3600
Z  0.0931 -0.4919  0.8656

PART 58
OFFSET  5.0901 -1.8756 -8.2645
X  0.9595  0.2817  0.0054
Y -0.2533  0.8541  0.4543
Z  0.1234 -0.4373  0.8908

PART 59
OFFSET  4.1786 -2.1432 -8.2697
X -0.5927 -0.6884 -0.4182
Y -0.7931  0.4083  0.4521
Z -0.1405  0.5996 -0.7879

PART 60
OFFSET  3.2269 -3.6972 -7.1631
X -0.9534 -0.0112  0.3014
Y  0.0231 -0.9991  0.0359
Z  0.3007  0.0412  0.9528

PART 61
OFFSET  5.6573 -3.6962 -8.0861
X -0.5392 -0.8318 -0.1317
Y  0.8314 -0.5008 -0.2407
Z  0.1343 -0.2393  0.9616

PART 62
OFFSET  6.5753 -2.2801 -7.8619
X  0.9147 -0.3503 -0.2014
Y  0.3880  0.9007  0.1956
Z  0.1129 -0.2571  0.9598

PART 63
OFFSET  5.3076 -1.7946 -7.5828
X  0.9749  0.2168 -0.0510
Y -0.1953  0.9423  0.2721
Z  0.1070 -0.2553  0.9609

PART 64
OFFSET  4.2503 -2.0297 -7.5274
X -0.6819 -0.7284 -0.0664
Y -0.7232  0.6578  0.2106
Z -0.1097  0.1916 -0.9753

PART 65
OFFSET -2.0067 -4.3205 -5.9472
X -0.9412 -0.2823  0.1856
Y -0.2931  0.9555 -0.0331
Z -0.1680 -0.0855 -0.9821

PART 66
OFFSET  6.0516 -4.1326 -5.9895
X -0.8730 -0.3751 -0.3119
Y  0.3909 -0.9203  0.0125
Z -0.2917 -0.1110  0.9500

PART 67
OFFSET  7.5886 -3.4722 -5.4404
X -0.6963 -0.6659 -0.2679
Y  0.6481 -0.7437  0.1640
Z -0.3084 -0.0594  0.9494

PART 68
OFFSET  8.4164 -2.6663 -5.0571
X  0.0712 -0.9922 -0.1024
Y  0.9366  0.0312  0.3490
Z -0.3431 -0.1208  0.9315

PART 69
OFFSET  8.3360 -1.5456 -4.9414
X -0.9652  0.2609 -0.0197
Y  0.2587  0.9629  0.0765
Z  0.0389  0.0688 -0.9969

PART 70
OFFSET  5.9509 -3.9447 -7.0735
X -0.3924 -0.9197  0.0149
Y  0.9189 -0.3927 -0.0367
Z  0.0396 -0.0007  0.9992

PART 71
OFFSET  6.7175 -2.1481 -7.1025
X  0.9558 -0.2880 -0.0596
Y  0.2855  0.9572 -0.0478
Z  0.0708  0.0286  0.9971

PART 72
OFFSET  5.3215 -1.7274 -7.0156
X  0.9016  0.4228 -0.0913
Y -0.4283  0.9021 -0.0525
Z  0.0602  0.0864  0.9944

PART 73
OFFSET  4.2996 -2.2063 -6.9192
X -0.4216 -0.9059  0.0400
Y -0.9011  0.4235  0.0927
Z -0.1009  0.0031 -0.9949

PART 74
OFFSET  0.0937 -3.5100 -7.1845
X -0.6749 -0.2163 -0.7055
Y -0.4979  0.8392  0.2190
Z  0.5446  0.4990 -0.6740

PART 75
OFFSET  0.1160 -4.4083 -6.3919
X -0.6749 -0.2163 -0.7055
Y -0.4979  0.8392  0.2190
Z  0.5446  0.4990 -0.6740

PART 76
OFFSET  0.9543 -5.4018 -6.7410
X -0.6749 -0.2163 -0.7055
Y -0.4979  0.8392  0.2190
Z  0.5446  0.4990 -0.6740

PART 77
OFFSET  0.0000 -0.0000 -0.0000
X  1.0000 -0.0000  0.0000
Y  0.0000  1.0000  0.0000
Z  0.0000 -0.0000  1.0000

PART 78
OFFSET  0.0000 -0.0000 -0.0000
X  1.0000 -0.0000  0.0000
Y  0.0000  1.0000  0.0000
Z  0.0000 -0.0000  1.0000

PART 79
OFFSET  1.5404 -0.0000  4.1357
X  1.0000 -0.0000  0.0000
Y  0.0000  1.0000  0.0000
Z  0.0000 -0.0000  1.0000


FRAME 581
PART 0
OFFSET  0.0000 -0.0000 -0.0000
X  1.0000 -0.0000  0.0000
Y  0.0000  1.0000  0.0000
Z  0.0000 -0.0000  1.0000

PART 1
OFFSET -4.6318 -0.0000 -1.3770
X  1.0000 -0.0000  0.0000
Y  0.0000  1.0000  0.0000
Z  0.0000 -0.0000  1.0000

PART 2
OFFSET -1.2907  7.9373 -3.1869
X  0.7201 -0.2835 -0.6333
Y -0.2064 -0.9589  0.1946
Z -0.6625 -0.0094 -0.7490

PART 3
OFFSET  7.4179  4.5081 -10.8462
X  0.6635 -0.5446  0.5130
Y -0.5425  0.1221  0.8312
Z -0.5153 -0.8298 -0.2144

PART 4
OFFSET  13.0611 -0.1239 -6.4826
X  0.6635 -0.5446  0.5130
Y  0.4778  0.8361  0.2696
Z -0.5758  0.0663  0.8149

PART 5
OFFSET  15.3121  0.2810 -5.8957
X  0.6681 -0.5430  0.5087
Y  0.5212  0.8295  0.2010
Z -0.5310  0.1308  0.8372

PART 6
OFFSET  14.0387 -1.4355 -7.1625
X  0.6681 -0.5430  0.5087
Y  0.5212  0.8295  0.2010
Z -0.5310  0.1308  0.8372

PART 7
OFFSET  13.9368 -0.3369 -4.0953
X  0.6681 -0.5430  0.5087
Y  0.5212  0.8295  0.2010
Z -0.5310  0.1308  0.8372

PART 8
OFFSET  13.0710 -1.3555 -4.2510
X  0.6681 -0.5430  0.5087
Y  0.5212  0.8295  0.2010
Z -0.5310  0.1308  0.8372

PART 9
OFFSET  13.0242 -1.7666 -5.3755
X  0.6681 -0.5430  0.5087
Y  0.5212  0.8295  0.2010
Z -0.5310  0.1308  0.8372

PART 10
OFFSET  15.0951 -1.7934 -4.9098
X  0.9089 -0.4160  0.0275
Y  0.3955  0.8812  0.2590
Z -0.1320 -0.2245  0.9655

PART 11
OFFSET  15.8314 -1.2223 -4.2510
X  0.8932 -0.1068  0.4368
Y  0.1275  0.9917 -0.0182
Z -0.4313  0.0719  0.8994

PART 12
OFFSET  17.7476 -1.3498 -3.2601
X  0.9362 -0.2468  0.2502
Y  0.1982  0.9587  0.2040
Z -0.2903 -0.1414  0.9464

PART 13
OFFSET  19.2146 -1.8213 -2.7624
X  0.9183 -0.0162  0.3955
Y -0.0041  0.9987  0.0504
Z -0.3958 -0.0479  0.9171

PART 14
OFFSET  20.1895 -1.8240 -2.2918
X  0.9313  0.2246 -0.2868
Y -0.2284 -0.2532 -0.9401
Z -0.2838  0.9410 -0.1845

PART 15
OFFSET  15.4142 -3.1344 -4.9687
X  0.5138 -0.8538 -0.0838
Y -0.2043 -0.2167  0.9546
Z -0.8332 -0.4734 -0.2857

PART 16
OFFSET  16.6650 -5.0103 -4.9983
X -0.0260  0.1752  0.9842
Y -0.2997  0.9379 -0.1749
Z -0.9537 -0.2995  0.0281

PART 17
OFFSET  16.6281 -4.7622 -3.6049
X -0.1334  0.6078  0.7828
Y -0.2949  0.7298 -0.6168
Z -0.9462 -0.3132  0.0819

PART 18
OFFSET  16.5099 -4.2234 -2.9108
X -0.0845  0.4148  0.9060
Y -0.2578  0.8691 -0.4220
Z -0.9625 -0.2693  0.0335

PART 19
OFFSET  16.4296 -3.8293 -2.0501
X  0.3657 -0.8240 -0.4329
Y -0.2619  0.3552 -0.8974
Z  0.8931  0.4415 -0.0859

PART 20
OFFSET  15.8953 -2.6089 -4.9253
X  0.7428 -0.6679 -0.0475
Y -0.1678 -0.2544  0.9524
Z -0.6482 -0.6994 -0.3010

PART 21
OFFSET  17.7305 -4.4405 -5.1144
X  0.0669 -0.2430  0.9677
Y -0.3198  0.9135  0.2515
Z -0.9451 -0.3263 -0.0166

PART 22
OFFSET  17.8443 -4.8542 -3.4668
X -0.1706  0.4880  0.8560
Y -0.2948  0.8037 -0.5170
Z -0.9402 -0.3405  0.0067

PART 23
OFFSET  17.6078 -4.1778 -2.2805
X -0.1859  0.5114  0.8390
Y -0.2893  0.7875 -0.5442
Z -0.9390 -0.3439  0.0016

PART 24
OFFSET  17.4062 -3.6232 -1.3706
X  0.2714 -0.8858 -0.3765
Y -0.0899  0.3661 -0.9262
Z  0.9583  0.2852  0.0197

PART 25
OFFSET  18.4543 -1.7970 -3.8962
X  0.7420 -0.6243  0.2443
Y  0.4058  0.1282 -0.9049
Z  0.5336  0.7706  0.3484

PART 26
OFFSET  18.9842 -2.6663 -4.9660
X  0.7025 -0.5924  0.3945
Y -0.4979 -0.0130  0.8671
Z -0.5085 -0.8056 -0.3041

PART 27
OFFSET  20.2210 -3.7092 -4.2714
X  0.2302 -0.5060  0.8312
Y -0.8489  0.3132  0.4258
Z -0.4758 -0.8036 -0.3575

PART 28
OFFSET  20.5298 -4.2756 -3.2392
X -0.4006 -0.0658  0.9139
Y -0.8241  0.4620 -0.3279
Z -0.4006 -0.8845 -0.2393

PART 29
OFFSET  20.0774 -4.3500 -2.2069
X  0.7616 -0.6444 -0.0688
Y  0.1856  0.3186 -0.9295
Z  0.6209  0.6952  0.3623

PART 30
OFFSET  18.4346 -3.6182 -5.0767
X  0.3551 -0.4513  0.8187
Y -0.5413  0.6147  0.5736
Z -0.7622 -0.6469 -0.0260

PART 31
OFFSET  19.1283 -4.4998 -3.4773
X -0.2371  0.2266  0.9447
Y -0.5728  0.7528 -0.3244
Z -0.7846 -0.6181 -0.0487

PART 32
OFFSET  18.7819 -4.1688 -2.0975
X -0.4367  0.4862  0.7569
Y -0.3976  0.6504 -0.6472
Z -0.8070 -0.5836 -0.0907

PART 33
OFFSET  18.2819 -3.6227 -1.2404
X  0.6404 -0.7510 -0.1612
Y -0.0833  0.1408 -0.9865
Z  0.7635  0.6452  0.0276

PART 34
OFFSET  17.1452 -3.7383 -3.5034
X -0.6925 -0.6761 -0.2519
Y  0.1320  0.2245 -0.9655
Z  0.7093 -0.7018 -0.0662

PART 35
OFFSET  15.0229 -0.2695 -6.4515
X  0.6681 -0.5430  0.5087
Y  0.5212  0.8295  0.2010
Z -0.5310  0.1308  0.8372

PART 36
OFFSET  14.0387 -1.4355 -7.1625
X  0.6681 -0.5430  0.5087
Y  0.5212  0.8295  0.2010
Z -0.5310  0.1308  0.8372

PART 37
OFFSET  13.9368 -0.3369 -4.0953
X  0.6681 -0.5430  0.5087
Y  0.5212  0.8295  0.2010
Z -0.5310  0.1308  0.8372

PART 38
OFFSET  13.0710 -1.3555 -4.2510
X  0.6681 -0.5430  0.5087
Y  0.5212  0.8295  0.2010
Z -0.5310  0.1308  0.8372

PART 39
OFFSET  13.0242 -1.7666 -5.3755
X  0.6681 -0.5430  0.5087
Y  0.5212  0.8295  0.2010
Z -0.5310  0.1308  0.8372

PART 40
OFFSET  6.5882 -2.7284 -4.7744
X  0.9984 -0.0244  0.0503
Y  0.0228  0.9992  0.0333
Z -0.0511 -0.0321  0.9982

PART 41
OFFSET  6.5882 -2.7284 -4.7744
X  0.9984 -0.0244  0.0503
Y  0.0228  0.9992  0.0333
Z -0.0511 -0.0321  0.9982

PART 42
OFFSET  10.7794 -2.8253 -4.2833
X  0.9984 -0.0244  0.0503
Y  0.0228  0.9992  0.0333
Z -0.0511 -0.0321  0.9982

PART 43
OFFSET  13.0569 -3.7928 -2.3884
X  0.9984 -0.0244  0.0503
Y  0.0228  0.9992  0.0333
Z -0.0511 -0.0321  0.9982

PART 44
OFFSET -3.5060 -7.9373 -3.1869
X  0.2923 -0.0963  0.9515
Y  0.0661 -0.9905 -0.1205
Z  0.9541  0.0981 -0.2831

PART 45
OFFSET -7.0405 -6.7729 -14.6940
X -0.7001 -0.2697 -0.6611
Y  0.4634  0.5327 -0.7081
Z  0.5432 -0.8021 -0.2480

PART 46
OFFSET -1.0855 -4.4789 -9.0712
X -0.7001 -0.2697 -0.6611
Y  0.6915 -0.0256 -0.7219
Z  0.1778 -0.9626  0.2044

PART 47
OFFSET -1.0431 -3.5667 -7.3128
X -0.7044 -0.2707 -0.6562
Y -0.5478  0.7952  0.2600
Z  0.4514  0.5426 -0.7084

PART 48
OFFSET -0.8893 -4.4607 -6.5299
X -0.7044 -0.2707 -0.6562
Y -0.5478  0.7952  0.2600
Z  0.4514  0.5426 -0.7084

PART 49
OFFSET -0.0002 -5.3815 -6.9453
X -0.7044 -0.2707 -0.6562
Y -0.5478  0.7952  0.2600
Z  0.4514  0.5426 -0.7084

PART 50
OFFSET  1.0610 -3.6520 -7.0444
X -0.9982  0.0218 -0.0563
Y  0.0572  0.0400 -0.9976
Z -0.0195 -0.9990 -0.0412

PART 51
OFFSET  1.4628 -3.2903 -6.0395
X -0.7858 -0.4851 -0.3838
Y  0.3909  0.0915 -0.9159
Z  0.4794 -0.8697  0.1177

PART 52
OFFSET  3.0927 -2.2043 -5.1265
X -0.9520 -0.2218  0.2108
Y -0.1286 -0.3351 -0.9333
Z  0.2776 -0.9157  0.2906

PART 53
OFFSET  4.5909 -1.7637 -5.5550
X -0.3528  0.0567  0.9340
Y -0.8507 -0.4352 -0.2949
Z  0.3898 -0.8986  0.2017

PART 54
OFFSET  4.9690 -1.7764 -6.5692
X -0.6861  0.5293  0.4991
Y  0.1622  0.7801 -0.6043
Z -0.7092 -0.3336 -0.6210

PART 55
OFFSET  1.9708 -3.4257 -8.0566
X -0.8519 -0.0479  0.5215
Y  0.0483 -0.9988 -0.0128
Z  0.5215  0.0143  0.8531

PART 56
OFFSET  3.9549 -3.1936 -9.1026
X -0.6242 -0.7020 -0.3430
Y  0.7763 -0.5078 -0.3736
Z  0.0881 -0.4994  0.8619

PART 57
OFFSET  4.8386 -2.1998 -8.6170
X  0.8244 -0.4659 -0.3214
Y  0.5647  0.7148  0.4125
Z  0.0375 -0.5216  0.8524

PART 58
OFFSET  4.1077 -1.7867 -8.3321
X  0.9641  0.2578  0.0630
Y -0.2566  0.8450  0.4692
Z  0.0677 -0.4685  0.8809

PART 59
OFFSET  3.1917 -2.0317 -8.3919
X -0.5861 -0.6599 -0.4701
Y -0.8056  0.4128  0.4249
Z -0.0863  0.6278 -0.7736

PART 60
OFFSET  2.1496 -3.5966 -7.3870
X -0.9676  0.0024  0.2525
Y -0.0015 -1.0000  0.0038
Z  0.2525  0.0033  0.9676

PART 61
OFFSET  4.6233 -3.6255 -8.1860
X -0.5506 -0.8137 -0.1863
Y  0.8310 -0.5130 -0.2151
Z  0.0795 -0.2732  0.9587

PART 62
OFFSET  5.5607 -2.2401 -7.8689
X  0.9156 -0.3659 -0.1667
Y  0.3979  0.8842  0.2447
Z  0.0578 -0.2904  0.9552

PART 63
OFFSET  4.2918 -1.7330 -7.6379
X  0.9809  0.1944  0.0054
Y -0.1874  0.9375  0.2931
Z  0.0519 -0.2885  0.9561

PART 64
OFFSET  3.2279 -1.9438 -7.6437
X -0.6940 -0.7090 -0.1248
Y -0.7178  0.6682  0.1957
Z -0.0554  0.2254 -0.9727

PART 65
OFFSET -3.1522 -4.1305 -6.4574
X -0.9557 -0.2650  0.1285
Y -0.2692  0.9630 -0.0160
Z -0.1195 -0.0498 -0.9916

PART 66
OFFSET  4.9000 -4.1384 -6.0879
X -0.8642 -0.3434 -0.3677
Y  0.3687 -0.9295  0.0016
Z -0.3424 -0.1342  0.9299

PART 67
OFFSET  6.4216 -3.5338 -5.4405
X -0.6967 -0.6397 -0.3246
Y  0.6218 -0.7642  0.1716
Z -0.3578 -0.0822  0.9302

PART 68
OFFSET  7.2468 -2.7610 -4.9894
X  0.0537 -0.9898 -0.1317
Y  0.9180 -0.0029  0.3965
Z -0.3929 -0.1421  0.9085

PART 69
OFFSET  7.1862 -1.6430 -4.8407
X -0.9567  0.2849 -0.0595
Y  0.2763  0.9534  0.1215
Z  0.0914  0.0997 -0.9908

PART 70
OFFSET  4.8591 -3.9135 -7.1687
X -0.4135 -0.9098 -0.0355
Y  0.9104 -0.4137 -0.0034
Z -0.0116 -0.0337  0.9994

PART 71
OFFSET  5.6669 -2.1361 -7.0993
X  0.9508 -0.3092 -0.0209
Y  0.3093  0.9510 -0.0015
Z  0.0204 -0.0051  0.9998

PART 72
OFFSET  4.2782 -1.6844 -7.0688
X  0.9145  0.4033 -0.0317
Y -0.4044  0.9135 -0.0439
Z  0.0113  0.0530  0.9985

PART 73
OFFSET  3.2421 -2.1410 -7.0399
X -0.4436 -0.8961 -0.0115
Y -0.8948  0.4422  0.0613
Z -0.0499  0.0375 -0.9981

PART 74
OFFSET -1.0431 -3.5667 -7.3128
X -0.7044 -0.2707 -0.6562
Y -0.5478  0.7952  0.2600
Z  0.4514  0.5426 -0.7084

PART 75
OFFSET -0.8895 -4.4606 -6.5298
X -0.7044 -0.2707 -0.6562
Y -0.5478  0.7952  0.2600
Z  0.4514  0.5426 -0.7084

PART 76
OFFSET -0.0002 -5.3815 -6.9454
X -0.7044 -0.2707 -0.6562
Y -0.5478  0.7952  0.2600
Z  0.4514  0.5426 -0.7084

PART 77
OFFSET  0.0000 -0.0000 -0.0000
X  1.0000 -0.0000  0.0000
Y  0.0000  1.0000  0.0000
Z  0.0000 -0.0000  1.0000

PART 78
OFFSET  0.0000 -0.0000 -0.0000
X  1.0000 -0.0000  0.0000
Y  0.0000  1.0000  0.0000
Z  0.0000 -0.0000  1.0000

PART 79
OFFSET  1.5404 -0.0000  4.1357
X  1.0000 -0.0000  0.0000
Y  0.0000  1.0000  0.0000
Z  0.0000 -0.0000  1.0000


FRAME 582
PART 0
OFFSET  0.0000 -0.0000 -0.0000
X  1.0000 -0.0000  0.0000
Y  0.0000  1.0000  0.0000
Z  0.0000 -0.0000  1.0000

PART 1
OFFSET -4.6318 -0.0000 -1.3770
X  1.0000 -0.0000  0.0000
Y  0.0000  1.0000  0.0000
Z  0.0000 -0.0000  1.0000

PART 2
OFFSET -1.2907  7.9373 -3.1869
X  0.7255 -0.2852 -0.6263
Y -0.2036 -0.9583  0.2004
Z -0.6573 -0.0179 -0.7534

PART 3
OFFSET  7.4840  4.4887 -10.7614
X  0.6793 -0.5416  0.4953
Y -0.5275  0.1090  0.8426
Z -0.5103 -0.8336 -0.2116

PART 4
OFFSET  13.2615 -0.1175 -6.5488
X  0.6793 -0.5416  0.4953
Y  0.4846  0.8378  0.2515
Z -0.5512  0.0692  0.8315

PART 5
OFFSET  15.5190  0.3073 -6.0021
X  0.6838 -0.5399  0.4908
Y  0.5159  0.8334  0.1981
Z -0.5160  0.1178  0.8484

PART 6
OFFSET  14.2400 -1.4123 -7.2589
X  0.6838 -0.5399  0.4908
Y  0.5159  0.8334  0.1981
Z -0.5160  0.1178  0.8484

PART 7
OFFSET  14.1858 -0.3411 -4.1808
X  0.6838 -0.5399  0.4908
Y  0.5159  0.8334  0.1981
Z -0.5160  0.1178  0.8484

PART 8
OFFSET  13.3283 -1.3680 -4.3286
X  0.6838 -0.5399  0.4908
Y  0.5159  0.8334  0.1981
Z -0.5160  0.1178  0.8484

PART 9
OFFSET  13.2641 -1.7699 -5.4555
X  0.6838 -0.5399  0.4908
Y  0.5159  0.8334  0.1981
Z -0.5160  0.1178  0.8484

PART 10
OFFSET  15.3439 -1.7777 -5.0303
X  0.9097 -0.4147  0.0206
Y  0.3980  0.8850  0.2418
Z -0.1185 -0.2117  0.9701

PART 11
OFFSET  16.0886 -1.1972 -4.3895
X  0.8992 -0.1001  0.4259
Y  0.1261  0.9915 -0.0331
Z -0.4189  0.0835  0.9042

PART 12
OFFSET  18.0183 -1.3097 -3.4234
X  0.9398 -0.2426  0.2406
Y  0.1999  0.9615  0.1885
Z -0.2770 -0.1291  0.9521

PART 13
OFFSET  19.4926 -1.7731 -2.9397
X  0.9237 -0.0100  0.3830
Y -0.0046  0.9993  0.0371
Z -0.3831 -0.0360  0.9230

PART 14
OFFSET  20.4738 -1.7686 -2.4826
X  0.9270  0.2217 -0.3025
Y -0.2410 -0.2659 -0.9334
Z -0.2873  0.9382 -0.1931

PART 15
OFFSET  15.6636 -3.1191 -5.0757
X  0.5136 -0.8543 -0.0795
Y -0.1909 -0.2041  0.9602
Z -0.8365 -0.4780 -0.2679

PART 16
OFFSET  16.9160 -4.9940 -5.0976
X -0.0127  0.1883  0.9820
Y -0.3032  0.9352 -0.1832
Z -0.9529 -0.3000  0.0452

PART 17
OFFSET  16.8980 -4.7274 -3.7073
X -0.1233  0.6180  0.7764
Y -0.3042  0.7212 -0.6224
Z -0.9446 -0.3129  0.0991

PART 18
OFFSET  16.7887 -4.1795 -3.0188
X -0.0725  0.4268  0.9014
Y -0.2646  0.8632 -0.4300
Z -0.9616 -0.2697  0.0504

PART 19
OFFSET  16.7199 -3.7740 -2.1625
X  0.3606 -0.8293 -0.4268
Y -0.2746  0.3429 -0.8983
Z  0.8914  0.4412 -0.1041

PART 20
OFFSET  16.1447 -2.5926 -5.0460
X  0.7428 -0.6677 -0.0488
Y -0.1544 -0.2418  0.9579
Z -0.6515 -0.7040 -0.2828

PART 21
OFFSET  17.9792 -4.4249 -5.2359
X  0.0805 -0.2300  0.9699
Y -0.3173  0.9165  0.2437
Z -0.9449 -0.3274  0.0007

PART 22
OFFSET  18.1161 -4.8164 -3.5847
X -0.1594  0.4993  0.8517
Y -0.3027  0.7964 -0.5235
Z -0.9397 -0.3413  0.0242

PART 23
OFFSET  17.8952 -4.1245 -2.4044
X -0.1749  0.5224  0.8346
Y -0.2977  0.7799 -0.5506
Z -0.9385 -0.3447  0.0191

PART 24
OFFSET  17.7055 -3.5579 -1.4993
X  0.2672 -0.8905 -0.3683
Y -0.1030  0.3536 -0.9297
Z  0.9581  0.2863  0.0027

PART 25
OFFSET  18.7167 -1.7646 -4.0631
X  0.7460 -0.6203  0.2423
Y  0.3931  0.1165 -0.9121
Z  0.5375  0.7757  0.3308

PART 26
OFFSET  19.2328 -2.6476 -5.1284
X  0.7085 -0.5864  0.3926
Y -0.4859 -0.0019  0.8740
Z -0.5117 -0.8100 -0.2863

PART 27
OFFSET  20.4803 -3.6801 -4.4372
X  0.2422 -0.4947  0.8346
Y -0.8433  0.3180  0.4332
Z -0.4798 -0.8088 -0.3401

PART 28
OFFSET  20.8039 -4.2323 -3.4018
X -0.3879 -0.0540  0.9201
Y -0.8290  0.4568 -0.3226
Z -0.4029 -0.8879 -0.2219

PART 29
OFFSET  20.3658 -4.2933 -2.3625
X  0.7613 -0.6445 -0.0707
Y  0.1724  0.3064 -0.9362
Z  0.6250  0.7005  0.3444

PART 30
OFFSET  18.6828 -3.6014 -5.2189
X  0.3668 -0.4400  0.8197
Y -0.5341  0.6218  0.5728
Z -0.7617 -0.6479 -0.0069

PART 31
OFFSET  19.3994 -4.4610 -3.6176
X -0.2244  0.2390  0.9448
Y -0.5781  0.7478 -0.3264
Z -0.7845 -0.6194 -0.0297

PART 32
OFFSET  19.0717 -4.1119 -2.2377
X -0.4268  0.4958  0.7563
Y -0.4072  0.6414 -0.6502
Z -0.8075 -0.5855 -0.0718

PART 33
OFFSET  18.5829 -3.5550 -1.3811
X  0.6389 -0.7524 -0.1600
Y -0.0970  0.1276 -0.9871
Z  0.7631  0.6462  0.0085

PART 34
OFFSET  17.4153 -3.7018 -3.6265
X -0.6951 -0.6800 -0.2333
Y  0.1185  0.2117 -0.9701
Z  0.7091 -0.7020 -0.0666

PART 35
OFFSET  15.2250 -0.2416 -6.5570
X  0.6838 -0.5399  0.4908
Y  0.5159  0.8334  0.1981
Z -0.5160  0.1178  0.8484

PART 36
OFFSET  14.2400 -1.4123 -7.2589
X  0.6838 -0.5399  0.4908
Y  0.5159  0.8334  0.1981
Z -0.5160  0.1178  0.8484

PART 37
OFFSET  14.1858 -0.3411 -4.1808
X  0.6838 -0.5399  0.4908
Y  0.5159  0.8334  0.1981
Z -0.5160  0.1178  0.8484

PART 38
OFFSET  13.3283 -1.3680 -4.3286
X  0.6838 -0.5399  0.4908
Y  0.5159  0.8334  0.1981
Z -0.5160  0.1178  0.8484

PART 39
OFFSET  13.2641 -1.7699 -5.4555
X  0.6838 -0.5399  0.4908
Y  0.5159  0.8334  0.1981
Z -0.5160  0.1178  0.8484

PART 40
OFFSET  6.8407 -2.7188 -4.7654
X  0.9991 -0.0228  0.0369
Y  0.0221  0.9996  0.0196
Z -0.0373 -0.0188  0.9991

PART 41
OFFSET  6.8407 -2.7188 -4.7654
X  0.9991 -0.0228  0.0369
Y  0.0221  0.9996  0.0196
Z -0.0373 -0.0188  0.9991

PART 42
OFFSET  11.0384 -2.8052 -4.3308
X  0.9991 -0.0228  0.0369
Y  0.0221  0.9996  0.0196
Z -0.0373 -0.0188  0.9991

PART 43
OFFSET  13.3428 -3.7453 -2.4547
X  0.9991 -0.0228  0.0369
Y  0.0221  0.9996  0.0196
Z -0.0373 -0.0188  0.9991

PART 44
OFFSET -3.5060 -7.9373 -3.1869
X  0.2654 -0.1089  0.9580
Y  0.0492 -0.9908 -0.1263
Z  0.9629  0.0806 -0.2576

PART 45
OFFSET -6.7156 -6.6199 -14.7725
X -0.6913 -0.2543 -0.6763
Y  0.4877  0.5265 -0.6964
Z  0.5331 -0.8113 -0.2399

PART 46
OFFSET -0.8356 -4.4573 -9.0200
X -0.6913 -0.2543 -0.6763
Y  0.7053 -0.0341 -0.7081
Z  0.1570 -0.9665  0.2029

PART 47
OFFSET -0.8123 -3.5522 -7.2576
X -0.6957 -0.2552 -0.6715
Y -0.5381  0.8044  0.2518
Z  0.4759  0.5365 -0.6969

PART 48
OFFSET -0.6914 -4.4517 -6.4752
X -0.6957 -0.2552 -0.6715
Y -0.5381  0.8044  0.2518
Z  0.4759  0.5365 -0.6969

PART 49
OFFSET  0.1888 -5.3875 -6.8759
X -0.6957 -0.2552 -0.6715
Y -0.5381  0.8044  0.2518
Z  0.4759  0.5365 -0.6969

PART 50
OFFSET  1.2838 -3.6778 -6.9466
X -0.9989  0.0201 -0.0429
Y  0.0434  0.0268 -0.9987
Z -0.0189 -0.9994 -0.0276

PART 51
OFFSET  1.6990 -3.3023 -5.9522
X -0.7904 -0.4909 -0.3664
Y  0.3781  0.0796 -0.9223
Z  0.4819 -0.8676  0.1227

PART 52
OFFSET  3.3401 -2.2027 -5.0762
X -0.9488 -0.2198  0.2268
Y -0.1410 -0.3477 -0.9269
Z  0.2826 -0.9115  0.2989

PART 53
OFFSET  4.8317 -1.7665 -5.5312
X -0.3399  0.0688  0.9379
Y -0.8542 -0.4399 -0.2773
Z  0.3935 -0.8954  0.2083

PART 54
OFFSET  5.1959 -1.7924 -6.5503
X -0.6797  0.5353  0.5014
Y  0.1530  0.7721 -0.6168
Z -0.7173 -0.3425 -0.6067

PART 55
OFFSET  2.1793 -3.4642 -7.9741
X -0.8446 -0.0417  0.5338
Y  0.0492 -0.9988 -0.0001
Z  0.5331  0.0262  0.8456

PART 56
OFFSET  4.1486 -3.2442 -9.0503
X -0.6281 -0.7071 -0.3249
Y  0.7716 -0.5120 -0.3774
Z  0.1005 -0.4878  0.8672

PART 57
OFFSET  5.0378 -2.2431 -8.5902
X  0.8204 -0.4694 -0.3265
Y  0.5696  0.7207  0.3951
Z  0.0498 -0.5101  0.8587

PART 58
OFFSET  4.3104 -1.8270 -8.3008
X  0.9646  0.2595  0.0463
Y -0.2511  0.8509  0.4614
Z  0.0803 -0.4567  0.8860

PART 59
OFFSET  3.3940 -2.0736 -8.3448
X -0.5918 -0.6667 -0.4532
Y -0.8002  0.4177  0.4305
Z -0.0977  0.6173 -0.7806

PART 60
OFFSET  2.3675 -3.6260 -7.3048
X -0.9640  0.0049  0.2658
Y -0.0004 -0.9999  0.0171
Z  0.2658  0.0164  0.9639

PART 61
OFFSET  4.8301 -3.6632 -8.1373
X -0.5522 -0.8167 -0.1678
Y  0.8285 -0.5151 -0.2197
Z  0.0930 -0.2603  0.9610

PART 62
OFFSET  5.7702 -2.2728 -7.8517
X  0.9136 -0.3673 -0.1744
Y  0.4003  0.8877  0.2274
Z  0.0713 -0.2776  0.9580

PART 63
OFFSET  4.5040 -1.7638 -7.6099
X  0.9807  0.1954 -0.0107
Y -0.1844  0.9412  0.2831
Z  0.0654 -0.2757  0.9590

PART 64
OFFSET  3.4404 -1.9757 -7.5983
X -0.6949 -0.7113 -0.1058
Y -0.7158  0.6701  0.1966
Z -0.0690  0.2123 -0.9748

PART 65
OFFSET -2.9203 -4.1524 -6.2953
X -0.9535 -0.2642  0.1451
Y -0.2704  0.9624 -0.0251
Z -0.1331 -0.0632 -0.9891

PART 66
OFFSET  5.1362 -4.1478 -6.0366
X -0.8688 -0.3491 -0.3512
Y  0.3697 -0.9291  0.0089
Z -0.3294 -0.1221  0.9363

PART 67
OFFSET  6.6658 -3.5331 -5.4183
X -0.7180 -0.6225 -0.3112
Y  0.6046 -0.7794  0.1643
Z -0.3449 -0.0702  0.9360

PART 68
OFFSET  7.5178 -2.7806 -4.9831
X -0.0004 -0.9902 -0.1400
Y  0.9242 -0.0538  0.3780
Z -0.3818 -0.1292  0.9152

PART 69
OFFSET  7.5183 -1.6622 -4.8249
X -0.9416  0.3346 -0.0383
Y  0.3279  0.9367  0.1229
Z  0.0770  0.1032 -0.9917

PART 70
OFFSET  5.0801 -3.9373 -7.1196
X -0.4130 -0.9106 -0.0177
Y  0.9108 -0.4128 -0.0105
Z  0.0022 -0.0204  0.9998

PART 71
OFFSET  5.8869 -2.1585 -7.0851
X  0.9507 -0.3086 -0.0299
Y  0.3081  0.9512 -0.0184
Z  0.0341  0.0083  0.9994

PART 72
OFFSET  4.4982 -1.7077 -7.0414
X  0.9135  0.4037 -0.0497
Y -0.4060  0.9125 -0.0505
Z  0.0250  0.0663  0.9975

PART 73
OFFSET  3.4631 -2.1648 -6.9922
X -0.4428 -0.8966  0.0066
Y -0.8944  0.4421  0.0677
Z -0.0636  0.0241 -0.9977

PART 74
OFFSET -0.8124 -3.5523 -7.2576
X -0.6957 -0.2552 -0.6715
Y -0.5381  0.8044  0.2518
Z  0.4759  0.5365 -0.6969

PART 75
OFFSET -0.6915 -4.4516 -6.4751
X -0.6957 -0.2552 -0.6715
Y -0.5381  0.8044  0.2518
Z  0.4759  0.5365 -0.6969

PART 76
OFFSET  0.1888 -5.3874 -6.8760
X -0.6957 -0.2552 -0.6715
Y -0.5381  0.8044  0.2518
Z  0.4759  0.5365 -0.6969

PART 77
OFFSET  0.0000 -0.0000 -0.0000
X  1.0000 -0.0000  0.0000
Y  0.0000  1.0000  0.0000
Z  0.0000 -0.0000  1.0000

PART 78
OFFSET  0.0000 -0.0000 -0.0000
X  1.0000 -0.0000  0.0000
Y  0.0000  1.0000  0.0000
Z  0.0000 -0.0000  1.0000

PART 79
OFFSET  1.5404 -0.0000  4.1357
X  1.0000 -0.0000  0.0000
Y  0.0000  1.0000  0.0000
Z  0.0000 -0.0000  1.0000


FRAME 583
PART 0
OFFSET  0.0000 -0.0000 -0.0000
X  1.0000 -0.0000  0.0000
Y  0.0000  1.0000  0.0000
Z  0.0000 -0.0000  1.0000

PART 1
OFFSET -4.6318 -0.0000 -1.3770
X  1.0000 -0.0000  0.0000
Y  0.0000  1.0000  0.0000
Z  0.0000 -0.0000  1.0000

PART 2
OFFSET -1.2907  7.9373 -3.1869
X  0.7327 -0.2839 -0.6185
Y -0.1945 -0.9583  0.2095
Z -0.6521 -0.0332 -0.7574

PART 3
OFFSET  7.5708  4.5034 -10.6665
X  0.7028 -0.5327  0.4715
Y -0.5063  0.0910  0.8575
Z -0.4997 -0.8414 -0.2058

PART 4
OFFSET  13.5483 -0.0279 -6.6565
X  0.7028 -0.5327  0.4715
Y  0.4911  0.8428  0.2203
Z -0.5147  0.0767  0.8539

PART 5
OFFSET  15.8112  0.4358 -6.1671
X  0.7072 -0.5310  0.4669
Y  0.5050  0.8415  0.1921
Z -0.4949  0.0999  0.8632

PART 6
OFFSET  14.5318 -1.2968 -7.4054
X  0.7072 -0.5310  0.4669
Y  0.5050  0.8415  0.1921
Z -0.4949  0.0999  0.8632

PART 7
OFFSET  14.5409 -0.2551 -4.3167
X  0.7072 -0.5310  0.4669
Y  0.5050  0.8415  0.1921
Z -0.4949  0.0999  0.8632

PART 8
OFFSET  13.6996 -1.2971 -4.4512
X  0.7072 -0.5310  0.4669
Y  0.5050  0.8415  0.1921
Z -0.4949  0.0999  0.8632

PART 9
OFFSET  13.6124 -1.6899 -5.5798
X  0.7072 -0.5310  0.4669
Y  0.5050  0.8415  0.1921
Z -0.4949  0.0999  0.8632

PART 10
OFFSET  15.7028 -1.6611 -5.2112
X  0.9122 -0.4097  0.0060
Y  0.3991  0.8919  0.2125
Z -0.0924 -0.1915  0.9771

PART 11
OFFSET  16.4604 -1.0632 -4.6022
X  0.9104 -0.0865  0.4046
Y  0.1197  0.9911 -0.0575
Z -0.3961  0.1008  0.9127

PART 12
OFFSET  18.4149 -1.1453 -3.6840
X  0.9470 -0.2326  0.2214
Y  0.1993  0.9663  0.1628
Z -0.2518 -0.1100  0.9615

PART 13
OFFSET  19.9036 -1.5909 -3.2286
X  0.9333  0.0028  0.3592
Y -0.0091  0.9998  0.0159
Z -0.3591 -0.0181  0.9331

PART 14
OFFSET  20.8962 -1.5717 -2.7972
X  0.9177  0.2198 -0.3309
Y -0.2634 -0.2870 -0.9210
Z -0.2974  0.9324 -0.2055

PART 15
OFFSET  16.0287 -3.0015 -5.2362
X  0.5161 -0.8533 -0.0745
Y -0.1651 -0.1844  0.9689
Z -0.8405 -0.4878 -0.2360

PART 16
OFFSET  17.2905 -4.8702 -5.2503
X  0.0115  0.2093  0.9778
Y -0.3129  0.9295 -0.1953
Z -0.9497 -0.3038  0.0761

PART 17
OFFSET  17.3067 -4.5739 -3.8660
X -0.1068  0.6339  0.7660
Y -0.3241  0.7062 -0.6295
Z -0.9400 -0.3155  0.1300

PART 18
OFFSET  17.2120 -4.0119 -3.1868
X -0.0517  0.4457  0.8937
Y -0.2803  0.8524 -0.4413
Z -0.9585 -0.2733  0.0808

PART 19
OFFSET  17.1629 -3.5885 -2.3378
X  0.3541 -0.8365 -0.4182
Y -0.2995  0.3222 -0.8981
Z  0.8859  0.4433 -0.1364

PART 20
OFFSET  16.5075 -2.4721 -5.2301
X  0.7450 -0.6649 -0.0537
Y -0.1285 -0.2220  0.9665
Z -0.6546 -0.7132 -0.2508

PART 21
OFFSET  18.3466 -4.2988 -5.4281
X  0.1066 -0.2087  0.9721
Y -0.3161  0.9199  0.2322
Z -0.9427 -0.3320  0.0321

PART 22
OFFSET  18.5280 -4.6542 -3.7730
X -0.1403  0.5166  0.8447
Y -0.3205  0.7835 -0.5324
Z -0.9368 -0.3454  0.0557

PART 23
OFFSET  18.3336 -3.9382 -2.6024
X -0.1563  0.5393  0.8275
Y -0.3160  0.7664 -0.5592
Z -0.9358 -0.3489  0.0506

PART 24
OFFSET  18.1641 -3.3533 -1.7050
X  0.2626 -0.8968 -0.3560
Y -0.1288  0.3331 -0.9341
Z  0.9563  0.2911 -0.0280

PART 25
OFFSET  19.0992 -1.6104 -4.3316
X  0.7554 -0.6112  0.2362
Y  0.3690  0.0989 -0.9242
Z  0.5415  0.7853  0.3002

PART 26
OFFSET  19.5927 -2.5135 -5.3908
X  0.7216 -0.5743  0.3867
Y -0.4633  0.0144  0.8861
Z -0.5144 -0.8185 -0.2557

PART 27
OFFSET  20.8632 -3.5246 -4.7101
X  0.2663 -0.4755  0.8385
Y -0.8337  0.3230  0.4479
Z -0.4838 -0.8183 -0.3104

PART 28
OFFSET  21.2163 -4.0529 -3.6719
X -0.3638 -0.0362  0.9308
Y -0.8395  0.4456 -0.3108
Z -0.4035 -0.8945 -0.1925

PART 29
OFFSET  20.8053 -4.0938 -2.6206
X  0.7628 -0.6421 -0.0765
Y  0.1467  0.2871 -0.9466
Z  0.6298  0.7109  0.3132

PART 30
OFFSET  19.0458 -3.4717 -5.4467
X  0.3902 -0.4205  0.8191
Y -0.5226  0.6313  0.5730
Z -0.7580 -0.6517  0.0265

PART 31
OFFSET  19.8080 -4.2931 -3.8465
X -0.2014  0.2580  0.9449
Y -0.5904  0.7378 -0.3273
Z -0.7816 -0.6238  0.0038

PART 32
OFFSET  19.5139 -3.9162 -2.4663
X -0.4100  0.5098  0.7563
Y -0.4273  0.6253 -0.6531
Z -0.8058 -0.5909 -0.0385

PART 33
OFFSET  19.0441 -3.3434 -1.6095
X  0.6388 -0.7525 -0.1604
Y -0.1230  0.1059 -0.9867
Z  0.7595  0.6500 -0.0249

PART 34
OFFSET  17.8201 -3.5442 -3.8205
X -0.6971 -0.6883 -0.2008
Y  0.0924  0.1915 -0.9771
Z  0.7110 -0.6997 -0.0699

PART 35
OFFSET  15.5129 -0.1136 -6.7191
X  0.7072 -0.5310  0.4669
Y  0.5050  0.8415  0.1921
Z -0.4949  0.0999  0.8632

PART 36
OFFSET  14.5318 -1.2968 -7.4054
X  0.7072 -0.5310  0.4669
Y  0.5050  0.8415  0.1921
Z -0.4949  0.0999  0.8632

PART 37
OFFSET  14.5409 -0.2551 -4.3167
X  0.7072 -0.5310  0.4669
Y  0.5050  0.8415  0.1921
Z -0.4949  0.0999  0.8632

PART 38
OFFSET  13.6996 -1.2971 -4.4512
X  0.7072 -0.5310  0.4669
Y  0.5050  0.8415  0.1921
Z -0.4949  0.0999  0.8632

PART 39
OFFSET  13.6124 -1.6899 -5.5798
X  0.7072 -0.5310  0.4669
Y  0.5050  0.8415  0.1921
Z -0.4949  0.0999  0.8632

PART 40
OFFSET  7.2145 -2.6387 -4.7073
X  0.9998 -0.0170  0.0116
Y  0.0171  0.9999 -0.0022
Z -0.0116  0.0024  0.9999

PART 41
OFFSET  7.2145 -2.6387 -4.7073
X  0.9998 -0.0170  0.0116
Y  0.0171  0.9999 -0.0022
Z -0.0116  0.0024  0.9999

PART 42
OFFSET  11.4224 -2.6948 -4.3793
X  0.9998 -0.0170  0.0116
Y  0.0171  0.9999 -0.0022
Z -0.0116  0.0024  0.9999

PART 43
OFFSET  13.7794 -3.5829 -2.5436
X  0.9998 -0.0170  0.0116
Y  0.0171  0.9999 -0.0022
Z -0.0116  0.0024  0.9999

PART 44
OFFSET -3.5060 -7.9373 -3.1869
X  0.2198 -0.1333  0.9664
Y  0.0305 -0.9892 -0.1434
Z  0.9751  0.0610 -0.2133

PART 45
OFFSET -6.1638 -6.3253 -14.8745
X -0.6717 -0.2293 -0.7044
Y  0.5244  0.5245 -0.6708
Z  0.5233 -0.8200 -0.2321

PART 46
OFFSET -0.4504 -4.3750 -8.8833
X -0.6717 -0.2293 -0.7044
Y  0.7301 -0.0438 -0.6820
Z  0.1256 -0.9724  0.1968

PART 47
OFFSET -0.4711 -3.4944 -7.1085
X -0.6763 -0.2302 -0.6997
Y -0.5288  0.8130  0.2437
Z  0.5128  0.5349 -0.6715

PART 48
OFFSET -0.3988 -4.4069 -6.3351
X -0.6763 -0.2302 -0.6997
Y -0.5288  0.8130  0.2437
Z  0.5128  0.5349 -0.6715

PART 49
OFFSET  0.4742 -5.3570 -6.7171
X -0.6763 -0.2302 -0.6997
Y -0.5288  0.8130  0.2437
Z  0.5128  0.5349 -0.6715

PART 50
OFFSET  1.6090 -3.6720 -6.7238
X -0.9997  0.0142 -0.0175
Y  0.0176  0.0056 -0.9998
Z -0.0141 -0.9999 -0.0058

PART 51
OFFSET  2.0474 -3.2732 -5.7486
X -0.7968 -0.5026 -0.3354
Y  0.3539  0.0617 -0.9332
Z  0.4897 -0.8623  0.1287

PART 52
OFFSET  3.7044 -2.1469 -4.9389
X -0.9414 -0.2197  0.2558
Y -0.1628 -0.3682 -0.9154
Z  0.2953 -0.9034  0.3108

PART 53
OFFSET  5.1814 -1.7130 -5.4413
X -0.3162  0.0872  0.9447
Y -0.8585 -0.4500 -0.2458
Z  0.4037 -0.8888  0.2171

PART 54
OFFSET  5.5194 -1.7590 -6.4686
X -0.6696  0.5425  0.5072
Y  0.1329  0.7594 -0.6369
Z -0.7307 -0.3591 -0.5806

PART 55
OFFSET  2.4767 -3.4760 -7.7784
X -0.8304 -0.0345  0.5561
Y  0.0548 -0.9983  0.0199
Z  0.5545  0.0470  0.8309

PART 56
OFFSET  4.4164 -3.2692 -8.9093
X -0.6323 -0.7170 -0.2935
Y  0.7645 -0.5161 -0.3862
Z  0.1254 -0.4686  0.8745

PART 57
OFFSET  5.3116 -2.2542 -8.4937
X  0.8144 -0.4722 -0.3374
Y  0.5755  0.7319  0.3649
Z  0.0747 -0.4913  0.8678

PART 58
OFFSET  4.5895 -1.8356 -8.1946
X  0.9640  0.2653  0.0159
Y -0.2439  0.8594  0.4494
Z  0.1056 -0.4371  0.8932

PART 59
OFFSET  3.6737 -2.0876 -8.2097
X -0.5995 -0.6792 -0.4235
Y -0.7912  0.4228  0.4419
Z -0.1211  0.6000 -0.7908

PART 60
OFFSET  2.6829 -3.6224 -7.1108
X -0.9569  0.0058  0.2903
Y  0.0056 -0.9992  0.0384
Z  0.2903  0.0384  0.9562

PART 61
OFFSET  5.1234 -3.6652 -8.0055
X -0.5518 -0.8228 -0.1361
Y  0.8254 -0.5155 -0.2299
Z  0.1190 -0.2392  0.9636

PART 62
OFFSET  6.0628 -2.2643 -7.7738
X  0.9109 -0.3663 -0.1900
Y  0.4010  0.8944  0.1981
Z  0.0974 -0.2566  0.9616

PART 63
OFFSET  4.8004 -1.7566 -7.5105
X  0.9790  0.2000 -0.0401
Y -0.1823  0.9461  0.2677
Z  0.0915 -0.2547  0.9627

PART 64
OFFSET  3.7387 -1.9735 -7.4669
X -0.6934 -0.7168 -0.0727
Y -0.7142  0.6705  0.2007
Z -0.0951  0.1910 -0.9770

PART 65
OFFSET -2.5744 -4.1535 -5.9545
X -0.9480 -0.2657  0.1752
Y -0.2763  0.9603 -0.0386
Z -0.1580 -0.0850 -0.9838

PART 66
OFFSET  5.4860 -4.1031 -5.9035
X -0.8756 -0.3609 -0.3212
Y  0.3750 -0.9268  0.0192
Z -0.3046 -0.1037  0.9468

PART 67
OFFSET  7.0275 -3.4677 -5.3380
X -0.7625 -0.5783 -0.2900
Y  0.5620 -0.8142  0.1458
Z -0.3204 -0.0518  0.9459

PART 68
OFFSET  7.9351 -2.7678 -4.9281
X -0.1266 -0.9783 -0.1640
Y  0.9238 -0.1765  0.3398
Z -0.3613 -0.1085  0.9261

PART 69
OFFSET  8.0781 -1.6628 -4.7428
X -0.8943  0.4473  0.0072
Y  0.4442  0.8860  0.1327
Z  0.0530  0.1219 -0.9911

PART 70
OFFSET  5.4010 -3.9162 -6.9890
X -0.4082 -0.9128  0.0124
Y  0.9125 -0.4084 -0.0251
Z  0.0280  0.0010  0.9996

PART 71
OFFSET  6.1985 -2.1330 -7.0131
X  0.9513 -0.3044 -0.0478
Y  0.3023  0.9521 -0.0466
Z  0.0597  0.0299  0.9978

PART 72
OFFSET  4.8089 -1.6883 -6.9433
X  0.9097  0.4071 -0.0818
Y -0.4122  0.9091 -0.0594
Z  0.0502  0.0878  0.9949

PART 73
OFFSET  3.7780 -2.1495 -6.8577
X -0.4375 -0.8985  0.0371
Y -0.8948  0.4390  0.0813
Z -0.0893  0.0024 -0.9960

PART 74
OFFSET -0.4712 -3.4945 -7.1084
X -0.6763 -0.2302 -0.6997
Y -0.5288  0.8130  0.2437
Z  0.5128  0.5349 -0.6715

PART 75
OFFSET -0.3990 -4.4068 -6.3350
X -0.6763 -0.2302 -0.6997
Y -0.5288  0.8130  0.2437
Z  0.5128  0.5349 -0.6715

PART 76
OFFSET  0.4743 -5.3570 -6.7171
X -0.6763 -0.2302 -0.6997
Y -0.5288  0.8130  0.2437
Z  0.5128  0.5349 -0.6715

PART 77
OFFSET  0.0000 -0.0000 -0.0000
X  1.0000 -0.0000  0.0000
Y  0.0000  1.0000  0.0000
