// Export filename: `C:\projects\cod\t5\xanim_export\t5_viewmodels\ak74u\ak74u_sprint_loop.XANIM_EXPORT`
// Source filename: `D:\projects\devanim\t5\animation_assets\viewmodels\ak74u/t5_viewmodel_ak74u_animated2.fbx`
// Export time: Fri Aug 27 21:34:53 2010

ANIMATION
VERSION 3

NUMPARTS 80
PART 0 "tag_ads"
PART 1 "tag_torso"
PART 2 "J_Shoulder_LE"
PART 3 "J_Elbow_LE"
PART 4 "J_WristTwist_LE"
PART 5 "J_Sleave_Reshape_Bottom_LE_1"
PART 6 "J_Sleave_Reshape_Bottom_LE_2"
PART 7 "J_Sleave_Reshape_Top_LE_1"
PART 8 "J_Sleave_Reshape_Top_LE_2"
PART 9 "J_Sleave_Reshape_Top_LE_3"
PART 10 "J_Wrist_LE"
PART 11 "J_Thumb_LE_0"
PART 12 "J_Thumb_LE_1"
PART 13 "J_Thumb_LE_2"
PART 14 "J_Thumb_LE_3"
PART 15 "J_PinkyPalm_LE"
PART 16 "J_Pinky_LE_0"
PART 17 "J_Pinky_LE_1"
PART 18 "J_Pinky_LE_2"
PART 19 "J_Pinky_LE_3"
PART 20 "J_RingPalm_LE"
PART 21 "J_Ring_LE_0"
PART 22 "J_Ring_LE_1"
PART 23 "J_Ring_LE_2"
PART 24 "J_Ring_LE_3"
PART 25 "J_Webbing_LE"
PART 26 "J_Index_LE_0"
PART 27 "J_Index_LE_1"
PART 28 "J_Index_LE_2"
PART 29 "J_Index_LE_3"
PART 30 "J_Mid_LE_0"
PART 31 "J_Mid_LE_1"
PART 32 "J_Mid_LE_2"
PART 33 "J_Mid_LE_3"
PART 34 "tag_knife_attach"
PART 35 "D_Sleave_Reshape_Bottom_LE_1"
PART 36 "D_Sleave_Reshape_Bottom_LE_2"
PART 37 "D_Sleave_Reshape_Top_LE_1"
PART 38 "D_Sleave_Reshape_Top_LE_2"
PART 39 "D_Sleave_Reshape_Top_LE_3"
PART 40 "tag_weapon"
PART 41 "J_Gun"
PART 42 "TAG_CLIP"
PART 43 "J_Bolt"
PART 44 "J_Shoulder_RI"
PART 45 "J_Elbow_RI"
PART 46 "J_WristTwist_RI"
PART 47 "J_Sleave_Reshape_Top_RI_3"
PART 48 "J_Sleave_Reshape_Top_RI_2"
PART 49 "J_Sleave_Reshape_Top_RI_1"
PART 50 "J_Wrist_RI"
PART 51 "J_Thumb_RI_0"
PART 52 "J_Thumb_RI_1"
PART 53 "J_Thumb_RI_2"
PART 54 "J_Thumb_RI_3"
PART 55 "J_PinkyPalm_RI"
PART 56 "J_Pinky_RI_0"
PART 57 "J_Pinky_RI_1"
PART 58 "J_Pinky_RI_2"
PART 59 "J_Pinky_RI_3"
PART 60 "J_RingPalm_RI"
PART 61 "J_Ring_RI_0"
PART 62 "J_Ring_RI_1"
PART 63 "J_Ring_RI_2"
PART 64 "J_Ring_RI_3"
PART 65 "J_Webbing_RI"
PART 66 "J_Index_RI_0"
PART 67 "J_Index_RI_1"
PART 68 "J_Index_RI_2"
PART 69 "J_Index_RI_3"
PART 70 "J_Mid_RI_0"
PART 71 "J_Mid_RI_1"
PART 72 "J_Mid_RI_2"
PART 73 "J_Mid_RI_3"
PART 74 "D_Sleave_Reshape_Top_RI_3"
PART 75 "D_Sleave_Reshape_Top_RI_2"
PART 76 "D_Sleave_Reshape_Top_RI_1"
PART 77 "tag_cambone"
PART 78 "tag_camera"
PART 79 "tag_gasmask"

FRAMERATE 30
NUMFRAMES 31

FRAME 1010
PART 0
OFFSET  0.0000 -0.0000 -0.0000
X  1.0000 -0.0000  0.0000
Y  0.0000  1.0000  0.0000
Z  0.0000 -0.0000  1.0000

PART 1
OFFSET -4.6318 -0.0000 -1.3770
X  1.0000 -0.0000  0.0000
Y  0.0000  1.0000  0.0000
Z  0.0000 -0.0000  1.0000

PART 2
OFFSET -3.2418  5.7860 -3.1869
X  0.5745 -0.0748 -0.8151
Y  0.2038 -0.9514  0.2309
Z -0.7928 -0.2988 -0.5313

PART 3
OFFSET  3.7056  4.8820 -13.0449
X  0.9677 -0.2348  0.0912
Y -0.1055 -0.0490  0.9932
Z -0.2288 -0.9708 -0.0722

PART 4
OFFSET  11.9367  2.8848 -12.2689
X  0.9677 -0.2348  0.0912
Y  0.2415  0.9678 -0.0705
Z -0.0717  0.0902  0.9933

PART 5
OFFSET  13.9032  4.1230 -12.6874
X  0.9690 -0.2319  0.0855
Y  0.2275  0.9721  0.0577
Z -0.0965 -0.0364  0.9947

PART 6
OFFSET  12.8835  1.9992 -13.4762
X  0.9690 -0.2319  0.0855
Y  0.2275  0.9721  0.0577
Z -0.0965 -0.0364  0.9947

PART 7
OFFSET  13.8199  3.1242 -10.5637
X  0.9690 -0.2319  0.0855
Y  0.2275  0.9721  0.0577
Z -0.0965 -0.0364  0.9947

PART 8
OFFSET  13.3977  1.8509 -10.4540
X  0.9690 -0.2319  0.0855
Y  0.2275  0.9721  0.0577
Z -0.0965 -0.0364  0.9947

PART 9
OFFSET  12.9885  1.3995 -11.4857
X  0.9690 -0.2319  0.0855
Y  0.2275  0.9721  0.0577
Z -0.0965 -0.0364  0.9947

PART 10
OFFSET  14.9035  2.1649 -11.9892
X  0.8746  0.4505 -0.1793
Y -0.4497  0.8919  0.0478
Z  0.1814  0.0388  0.9826

PART 11
OFFSET  14.9375  3.2442 -11.6203
X  0.7028  0.7081 -0.0688
Y -0.6730  0.6303 -0.3869
Z -0.2306  0.3182  0.9195

PART 12
OFFSET  16.3739  4.8529 -11.7562
X  0.9344  0.2915 -0.2049
Y -0.3304  0.9241 -0.1921
Z  0.1333  0.2472  0.9597

PART 13
OFFSET  17.9170  5.2960 -11.9680
X  0.7308  0.6731 -0.1132
Y -0.6729  0.6825 -0.2853
Z -0.1148  0.2847  0.9517

PART 14
OFFSET  18.6906  6.0486 -12.0518
X  0.4745  0.4547 -0.7537
Y -0.1335 -0.8092 -0.5722
Z -0.8701  0.3721 -0.3233

PART 15
OFFSET  16.1617  1.5990 -11.9935
X  1.0000  0.0055 -0.0003
Y  0.0003 -0.0032  1.0000
Z  0.0055 -1.0000 -0.0032

PART 16
OFFSET  18.4078  1.7565 -11.8711
X -0.0727  0.4974  0.8645
Y -0.9862  0.0934 -0.1367
Z -0.1487 -0.8625  0.4837

PART 17
OFFSET  18.3049  2.4607 -10.6471
X -0.4337  0.5027  0.7478
Y -0.8929 -0.1289 -0.4313
Z -0.1205 -0.8548  0.5048

PART 18
OFFSET  17.9203  2.9065 -9.9841
X -0.6841  0.4495  0.5744
Y -0.7078 -0.2192 -0.6715
Z -0.1759 -0.8660  0.4681

PART 19
OFFSET  17.2704  3.3335 -9.4385
X  0.9930 -0.0810 -0.0855
Y -0.1164 -0.5642 -0.8174
Z  0.0180  0.8217 -0.5697

PART 20
OFFSET  16.0299  2.2854 -12.1384
X  0.9715  0.1551 -0.1794
Y  0.1830 -0.0096  0.9831
Z  0.1507 -0.9879 -0.0377

PART 21
OFFSET  18.5967  2.6432 -12.3433
X  0.2981  0.2277  0.9270
Y -0.9174  0.3366  0.2123
Z -0.2636 -0.9137  0.3092

PART 22
OFFSET  19.1042  3.0309 -10.7651
X -0.5668  0.4141  0.7122
Y -0.7860 -0.0129 -0.6181
Z -0.2468 -0.9101  0.3328

PART 23
OFFSET  18.3186  3.6048 -9.7781
X -0.8207  0.3744  0.4316
Y -0.5166 -0.1637 -0.8404
Z -0.2440 -0.9127  0.3278

PART 24
OFFSET  17.4285  4.0109 -9.3101
X  0.9555 -0.2581  0.1426
Y  0.0581 -0.3093 -0.9492
Z  0.2891  0.9153 -0.2806

PART 25
OFFSET  16.9828  4.9908 -11.9393
X  0.9603  0.2622  0.0953
Y  0.0631  0.1287 -0.9897
Z -0.2718  0.9564  0.1070

PART 26
OFFSET  17.9047  4.5788 -13.0169
X  0.9170 -0.0881  0.3892
Y -0.3766  0.1308  0.9171
Z -0.1317 -0.9875  0.0868

PART 27
OFFSET  19.5192  4.4237 -12.3317
X  0.2932 -0.0504  0.9547
Y -0.9471  0.1208  0.2973
Z -0.1303 -0.9914 -0.0123

PART 28
OFFSET  19.8835  4.4226 -11.1703
X -0.4268  0.1464  0.8924
Y -0.8972  0.0551 -0.4381
Z -0.1133 -0.9877  0.1078

PART 29
OFFSET  19.4014  4.5880 -10.1623
X  0.9170 -0.3752  0.1353
Y  0.1501  0.0103 -0.9886
Z  0.3695  0.9269  0.0657

PART 30
OFFSET  18.3318  3.5701 -12.8734
X  0.5815  0.1104  0.8060
Y -0.8067  0.2065  0.5537
Z -0.1053 -0.9722  0.2092

PART 31
OFFSET  19.4678  3.7858 -11.2987
X -0.3597  0.2417  0.9012
Y -0.9209  0.0637 -0.3846
Z -0.1504 -0.9682  0.1997

PART 32
OFFSET  18.9424  4.1389 -9.9824
X -0.8449  0.2369  0.4796
Y -0.5029 -0.0461 -0.8631
Z -0.1823 -0.9704  0.1581

PART 33
OFFSET  17.9845  4.4004 -9.4374
X  0.9807 -0.0902  0.1734
Y  0.1449 -0.2596 -0.9548
Z  0.1311  0.9615 -0.2415

PART 34
OFFSET  17.7934  2.9649 -11.0036
X  0.1098 -0.9938  0.0190
Y -0.1814 -0.0388 -0.9826
Z  0.9773  0.1045 -0.1846

PART 35
OFFSET  13.6051  3.4791 -13.1257
X  0.9690 -0.2319  0.0855
Y  0.2275  0.9721  0.0577
Z -0.0965 -0.0364  0.9947

PART 36
OFFSET  12.8835  1.9992 -13.4762
X  0.9690 -0.2319  0.0855
Y  0.2275  0.9721  0.0577
Z -0.0965 -0.0364  0.9947

PART 37
OFFSET  13.8199  3.1242 -10.5637
X  0.9690 -0.2319  0.0855
Y  0.2275  0.9721  0.0577
Z -0.0965 -0.0364  0.9947

PART 38
OFFSET  13.3977  1.8509 -10.4540
X  0.9690 -0.2319  0.0855
Y  0.2275  0.9721  0.0577
Z -0.0965 -0.0364  0.9947

PART 39
OFFSET  12.9885  1.3995 -11.4857
X  0.9690 -0.2319  0.0855
Y  0.2275  0.9721  0.0577
Z -0.0965 -0.0364  0.9947

PART 40
OFFSET  10.7208 -1.2765 -7.5804
X  0.7570  0.5117 -0.4063
Y -0.6468  0.4986 -0.5771
Z -0.0927  0.6997  0.7084

PART 41
OFFSET  10.7208 -1.2765 -7.5804
X  0.7570  0.5117 -0.4063
Y -0.6468  0.4986 -0.5771
Z -0.0927  0.6997  0.7084

PART 42
OFFSET  13.8736  1.0815 -9.1026
X  0.7570  0.5117 -0.4063
Y -0.6468  0.4986 -0.5771
Z -0.0927  0.6997  0.7084

PART 43
OFFSET  16.0685  3.1449 -8.3038
X  0.7570  0.5117 -0.4063
Y -0.6468  0.4986 -0.5771
Z -0.0927  0.6997  0.7084

PART 44
OFFSET -13.9227 -7.9373 -3.1869
X -0.9106 -0.0126  0.4130
Y -0.1284 -0.9414 -0.3120
Z  0.3927 -0.3372  0.8556

PART 45
OFFSET -2.9096 -7.7844 -8.1819
X -0.9810 -0.1160 -0.1558
Y  0.1724 -0.1505 -0.9735
Z  0.0895 -0.9818  0.1677

PART 46
OFFSET  5.4339 -6.7977 -6.8569
X -0.9810 -0.1160 -0.1558
Y  0.1861 -0.7913 -0.5824
Z -0.0557 -0.6003  0.7978

PART 47
OFFSET  6.6147 -5.3957 -6.1049
X -0.9822 -0.1124 -0.1504
Y -0.0892  0.9842 -0.1532
Z  0.1653 -0.1371 -0.9767

PART 48
OFFSET  6.8804 -5.8021 -5.0095
X -0.9822 -0.1124 -0.1504
Y -0.0892  0.9842 -0.1532
Z  0.1653 -0.1371 -0.9767

PART 49
OFFSET  7.1337 -7.1235 -4.9818
X -0.9822 -0.1124 -0.1504
Y -0.0892  0.9842 -0.1532
Z  0.1653 -0.1371 -0.9767

PART 50
OFFSET  8.4412 -6.4421 -6.3794
X -0.6066 -0.7425  0.2840
Y  0.4179 -0.6017 -0.6807
Z  0.6763 -0.2942  0.6753

PART 51
OFFSET  8.0331 -5.4066 -6.1275
X  0.1113 -0.9710  0.2117
Y  0.3794 -0.1554 -0.9121
Z  0.9185  0.1819  0.3511

PART 52
OFFSET  7.7040 -3.3059 -6.5129
X -0.4816 -0.4593  0.7464
Y  0.3435 -0.8825 -0.3214
Z  0.8063  0.1016  0.5827

PART 53
OFFSET  8.4115 -2.6285 -7.8024
X -0.4685  0.3079  0.8281
Y -0.0549 -0.9457  0.3205
Z  0.8818  0.1047  0.4599

PART 54
OFFSET  8.8787 -2.9501 -8.7243
X -0.9236 -0.0349  0.3819
Y -0.3828  0.0257 -0.9235
Z  0.0224 -0.9991 -0.0371

PART 55
OFFSET  9.2653 -6.3986 -7.4850
X -0.5528 -0.4503  0.7011
Y  0.8206 -0.1478  0.5521
Z -0.1450  0.8806  0.4512

PART 56
OFFSET  10.3857 -5.2405 -9.0624
X  0.5548 -0.5015  0.6639
Y  0.8233  0.2158 -0.5249
Z  0.1199  0.8378  0.5326

PART 57
OFFSET  9.6003 -4.5305 -10.0023
X  0.9894 -0.0624 -0.1313
Y -0.0698  0.5886 -0.8054
Z  0.1275  0.8060  0.5780

PART 58
OFFSET  8.7230 -4.4752 -9.8858
X  0.5188  0.3995 -0.7558
Y -0.8473  0.3579 -0.3925
Z  0.1137  0.8440  0.5242

PART 59
OFFSET  8.2301 -4.8547 -9.1678
X  0.1186 -0.6523  0.7487
Y -0.9592  0.1197  0.2563
Z -0.2568 -0.7485 -0.6114

PART 60
OFFSET  9.2154 -5.8765 -7.0008
X -0.5794 -0.5903  0.5620
Y  0.7695 -0.1688  0.6160
Z -0.2688  0.7893  0.5520

PART 61
OFFSET  10.7761 -4.4653 -8.5277
X  0.5126 -0.4258  0.7457
Y  0.8563  0.1897 -0.4803
Z  0.0631  0.8847  0.4618

PART 62
OFFSET  9.9034 -3.7405 -9.7972
X  0.9548  0.0830 -0.2855
Y -0.2891  0.4833 -0.8263
Z  0.0694  0.8715  0.4855

PART 63
OFFSET  8.5802 -3.8555 -9.4016
X  0.3595  0.4358 -0.8252
Y -0.9310  0.2278 -0.2853
Z  0.0636  0.8708  0.4876

PART 64
OFFSET  8.1903 -4.3281 -8.5067
X  0.2404 -0.4443  0.8630
Y -0.9706 -0.1008  0.2185
Z -0.0101 -0.8902 -0.4555

PART 65
OFFSET  5.9257 -9.1814 -4.2598
X -0.4635 -0.6641  0.5866
Y -0.8065  0.0420 -0.5897
Z  0.3670 -0.7465 -0.5551

PART 66
OFFSET  10.7411 -3.2043 -6.7217
X -0.6135 -0.6264  0.4810
Y  0.7605 -0.3043  0.5736
Z -0.2129  0.7177  0.6630

PART 67
OFFSET  11.8212 -2.1015 -7.5685
X -0.5898 -0.6314  0.5035
Y  0.7676 -0.2447  0.5924
Z -0.2509  0.7359  0.6289

PART 68
OFFSET  12.5230 -1.2892 -8.1424
X -0.5671 -0.6824  0.4612
Y  0.7761 -0.2552  0.5766
Z -0.2757  0.6849  0.6744

PART 69
OFFSET  13.1635 -0.5184 -8.6633
X -0.5936  0.6452 -0.4810
Y  0.8048  0.4768 -0.3536
Z  0.0012 -0.5969 -0.8023

PART 70
OFFSET  11.0084 -3.8835 -7.5510
X  0.3896 -0.4530  0.8019
Y  0.9133  0.3025 -0.2728
Z -0.1190  0.8386  0.5315

PART 71
OFFSET  10.2473 -2.9985 -9.1175
X  0.9894  0.1445 -0.0144
Y -0.0839  0.4879 -0.8689
Z -0.1185  0.8609  0.4948

PART 72
OFFSET  8.8022 -3.2095 -9.0965
X  0.4436  0.4651 -0.7661
Y -0.8838  0.0850 -0.4602
Z -0.1489  0.8812  0.4488

PART 73
OFFSET  8.3002 -3.7425 -8.2323
X  0.2338 -0.4672  0.8526
Y -0.9703 -0.1680  0.1740
Z  0.0619 -0.8680 -0.4927

PART 74
OFFSET  6.6147 -5.3957 -6.1049
X -0.9822 -0.1124 -0.1504
Y -0.0892  0.9842 -0.1532
Z  0.1653 -0.1371 -0.9767

PART 75
OFFSET  6.8803 -5.8019 -5.0094
X -0.9822 -0.1124 -0.1504
Y -0.0892  0.9842 -0.1532
Z  0.1653 -0.1371 -0.9767

PART 76
OFFSET  7.1337 -7.1235 -4.9819
X -0.9822 -0.1124 -0.1504
Y -0.0892  0.9842 -0.1532
Z  0.1653 -0.1371 -0.9767

PART 77
OFFSET  0.0000 -0.0000 -0.0000
X  1.0000 -0.0000  0.0000
Y  0.0000  1.0000  0.0000
Z  0.0000 -0.0000  1.0000

PART 78
OFFSET  0.0000 -0.0000 -0.0000
X  1.0000 -0.0000  0.0000
Y  0.0000  1.0000  0.0000
Z  0.0000 -0.0000  1.0000

PART 79
OFFSET  1.5404 -0.0000  4.1357
X  1.0000 -0.0000  0.0000
Y  0.0000  1.0000  0.0000
Z  0.0000 -0.0000  1.0000


FRAME 1011
PART 0
OFFSET  0.0000 -0.0000 -0.0000
X  1.0000 -0.0000  0.0000
Y  0.0000  1.0000  0.0000
Z  0.0000 -0.0000  1.0000

PART 1
OFFSET -4.6318 -0.0000 -1.3770
X  1.0000 -0.0000  0.0000
Y  0.0000  1.0000  0.0000
Z  0.0000 -0.0000  1.0000

PART 2
OFFSET -3.2416  5.7860 -3.1869
X  0.5796 -0.0732 -0.8116
Y  0.1830 -0.9588  0.2171
Z -0.7941 -0.2743 -0.5423

PART 3
OFFSET  3.7678  4.9012 -13.0026
X  0.9627 -0.2552  0.0900
Y -0.1097 -0.0641  0.9919
Z -0.2473 -0.9648 -0.0897

PART 4
OFFSET  11.9559  2.7307 -12.2372
X  0.9627 -0.2552  0.0900
Y  0.2620  0.9622 -0.0746
Z -0.0676  0.0954  0.9931

PART 5
OFFSET  13.9475  3.9374 -12.6284
X  0.9640 -0.2521  0.0843
Y  0.2462  0.9663  0.0752
Z -0.1004 -0.0517  0.9936

PART 6
OFFSET  12.8893  1.8478 -13.4568
X  0.9640 -0.2521  0.0843
Y  0.2462  0.9663  0.0752
Z -0.1004 -0.0517  0.9936

PART 7
OFFSET  13.8378  2.9039 -10.5225
X  0.9640 -0.2521  0.0843
Y  0.2462  0.9663  0.0752
Z -0.1004 -0.0517  0.9936

PART 8
OFFSET  13.3906  1.6374 -10.4361
X  0.9640 -0.2521  0.0843
Y  0.2462  0.9663  0.0752
Z -0.1004 -0.0517  0.9936

PART 9
OFFSET  12.9761  1.2120 -11.4768
X  0.9640 -0.2521  0.0843
Y  0.2462  0.9663  0.0752
Z -0.1004 -0.0517  0.9936

PART 10
OFFSET  14.9072  1.9484 -11.9613
X  0.8540  0.4937 -0.1640
Y -0.4939  0.8685  0.0423
Z  0.1633  0.0449  0.9856

PART 11
OFFSET  14.8818  3.0271 -11.5896
X  0.6680  0.7421 -0.0559
Y -0.6970  0.5975 -0.3966
Z -0.2610  0.3038  0.9163

PART 12
OFFSET  16.2391  4.7050 -11.6987
X  0.9221  0.3378 -0.1889
Y -0.3725  0.9072 -0.1956
Z  0.1053  0.2508  0.9623

PART 13
OFFSET  17.7617  5.2243 -11.8843
X  0.6984  0.7087 -0.0999
Y -0.7010  0.6493 -0.2949
Z -0.1442  0.2760  0.9503

PART 14
OFFSET  18.4984  6.0144 -11.9539
X  0.4637  0.4797 -0.7449
Y -0.0840 -0.8132 -0.5759
Z -0.8820  0.3296 -0.3368

PART 15
OFFSET  16.1918  1.4453 -11.9461
X  0.9984  0.0548  0.0161
Y -0.0158 -0.0061  0.9999
Z  0.0549 -0.9985 -0.0052

PART 16
OFFSET  18.4250  1.7132 -11.7865
X -0.1112  0.4907  0.8642
Y -0.9873  0.0450 -0.1526
Z -0.1138 -0.8702  0.4795

PART 17
OFFSET  18.2676  2.4079 -10.5630
X -0.4701  0.4786  0.7416
Y -0.8784 -0.1715 -0.4462
Z -0.0863 -0.8611  0.5010

PART 18
OFFSET  17.8507  2.8323 -9.9055
X -0.7147  0.4136  0.5640
Y -0.6851 -0.2520 -0.6835
Z -0.1405 -0.8749  0.4634

PART 19
OFFSET  17.1717  3.2251 -9.3697
X  0.9971 -0.0316 -0.0694
Y -0.0750 -0.5669 -0.8204
Z -0.0134  0.8232 -0.5676

PART 20
OFFSET  16.0286  2.1248 -12.0917
X  0.9654  0.2033 -0.1631
Y  0.1673 -0.0034  0.9859
Z  0.1999 -0.9791 -0.0373

PART 21
OFFSET  18.5776  2.6094 -12.2539
X  0.2714  0.2395  0.9322
Y -0.9362  0.2903  0.1980
Z -0.2232 -0.9265  0.3030

PART 22
OFFSET  19.0396  3.0172 -10.6668
X -0.5981  0.3836  0.7036
Y -0.7742 -0.0499 -0.6309
Z -0.2069 -0.9221  0.3269

PART 23
OFFSET  18.2106  3.5488 -9.6916
X -0.8451  0.3322  0.4188
Y -0.4942 -0.1866 -0.8491
Z -0.2039 -0.9246  0.3219

PART 24
OFFSET  17.2941  3.9091 -9.2374
X  0.9647 -0.2111  0.1577
Y  0.0887 -0.3034 -0.9487
Z  0.2481  0.9292 -0.2739

PART 25
OFFSET  16.8433  4.8733 -11.8715
X  0.9445  0.3090  0.1116
Y  0.0728  0.1344 -0.9882
Z -0.3204  0.9415  0.1045

PART 26
OFFSET  17.8019  4.5104 -12.9347
X  0.9137 -0.0438  0.4039
Y -0.3975  0.1095  0.9110
Z -0.0842 -0.9930  0.0826

PART 27
OFFSET  19.4107  4.4332 -12.2235
X  0.2798 -0.0386  0.9593
Y -0.9566  0.0731  0.2819
Z -0.0810 -0.9966 -0.0164

PART 28
OFFSET  19.7557  4.4468 -11.0563
X -0.4480  0.1226  0.8856
Y -0.8916  0.0120 -0.4527
Z -0.0661 -0.9924  0.1039

PART 29
OFFSET  19.2497  4.5853 -10.0560
X  0.9321 -0.3299  0.1496
Y  0.1655  0.0205 -0.9860
Z  0.3222  0.9438  0.0737

PART 30
OFFSET  18.2759  3.5236 -12.7863
X  0.5621  0.1367  0.8157
Y -0.8248  0.1649  0.5408
Z -0.0606 -0.9768  0.2054

PART 31
OFFSET  19.3740  3.7907 -11.1928
X -0.3858  0.2211  0.8957
Y -0.9165  0.0192 -0.3995
Z -0.1056 -0.9751  0.1952

PART 32
OFFSET  18.8105  4.1137 -9.8845
X -0.8632  0.1935  0.4662
Y -0.4859 -0.0684 -0.8713
Z -0.1367 -0.9787  0.1531

PART 33
OFFSET  17.8322  4.3260 -9.3548
X  0.9810 -0.0421  0.1892
Y  0.1731 -0.2494 -0.9528
Z  0.0873  0.9675 -0.2374

PART 34
OFFSET  17.7377  2.8872 -10.9268
X  0.1584 -0.9872  0.0187
Y -0.1633 -0.0449 -0.9856
Z  0.9738  0.1531 -0.1683

PART 35
OFFSET  13.6383  3.3071 -13.0786
X  0.9640 -0.2521  0.0843
Y  0.2462  0.9663  0.0752
Z -0.1004 -0.0517  0.9936

PART 36
OFFSET  12.8893  1.8478 -13.4568
X  0.9640 -0.2521  0.0843
Y  0.2462  0.9663  0.0752
Z -0.1004 -0.0517  0.9936

PART 37
OFFSET  13.8378  2.9039 -10.5225
X  0.9640 -0.2521  0.0843
Y  0.2462  0.9663  0.0752
Z -0.1004 -0.0517  0.9936

PART 38
OFFSET  13.3906  1.6374 -10.4361
X  0.9640 -0.2521  0.0843
Y  0.2462  0.9663  0.0752
Z -0.1004 -0.0517  0.9936

PART 39
OFFSET  12.9761  1.2120 -11.4768
X  0.9640 -0.2521  0.0843
Y  0.2462  0.9663  0.0752
Z -0.1004 -0.0517  0.9936

PART 40
OFFSET  10.8285 -1.7079 -7.6286
X  0.7373  0.5496 -0.3928
Y -0.6612  0.4677 -0.5866
Z -0.1387  0.6922  0.7082

PART 41
OFFSET  10.8285 -1.7079 -7.6286
X  0.7373  0.5496 -0.3928
Y -0.6612  0.4677 -0.5866
Z -0.1387  0.6922  0.7082

PART 42
OFFSET  13.8853  0.8071 -9.0941
X  0.7373  0.5496 -0.3928
Y -0.6612  0.4677 -0.5866
Z -0.1387  0.6922  0.7082

PART 43
OFFSET  15.9623  2.9741 -8.2553
X  0.7373  0.5496 -0.3928
Y -0.6612  0.4677 -0.5866
Z -0.1387  0.6922  0.7082

PART 44
OFFSET -13.9227 -7.9373 -3.1869
X -0.9293 -0.0008  0.3694
Y -0.1296 -0.9357 -0.3280
Z  0.3459 -0.3527  0.8694

PART 45
OFFSET -2.6844 -7.9279 -7.6548
X -0.9914 -0.0816 -0.1019
Y  0.1135 -0.1530 -0.9817
Z  0.0646 -0.9848  0.1610

PART 46
OFFSET  5.7482 -7.2334 -6.7881
X -0.9914 -0.0816 -0.1019
Y  0.1217 -0.8609 -0.4941
Z -0.0474 -0.5023  0.8634

PART 47
OFFSET  7.0162 -5.8755 -6.0998
X -0.9923 -0.0780 -0.0965
Y -0.0634  0.9872 -0.1466
Z  0.1067 -0.1393 -0.9845

PART 48
OFFSET  7.3273 -6.2946 -5.0212
X -0.9923 -0.0780 -0.0965
Y -0.0634  0.9872 -0.1466
Z  0.1067 -0.1393 -0.9845

PART 49
OFFSET  7.5360 -7.6240 -5.0095
X -0.9923 -0.0780 -0.0965
Y -0.0634  0.9872 -0.1466
Z  0.1067 -0.1393 -0.9845

PART 50
OFFSET  8.7877 -6.9831 -6.4757
X -0.5737 -0.7724  0.2725
Y  0.4581 -0.5784 -0.6750
Z  0.6790 -0.2624  0.6857

PART 51
OFFSET  8.3249 -5.9698 -6.2284
X  0.1557 -0.9649  0.2115
Y  0.4014 -0.1339 -0.9061
Z  0.9026  0.2260  0.3664

PART 52
OFFSET  7.8987 -3.8868 -6.6148
X -0.4703 -0.4846  0.7375
Y  0.3918 -0.8635 -0.3175
Z  0.7907  0.1396  0.5960

PART 53
OFFSET  8.5928 -3.1716 -7.8911
X -0.4965  0.2820  0.8210
Y -0.0133 -0.9481  0.3176
Z  0.8679  0.1467  0.4745

PART 54
OFFSET  9.0902 -3.4671 -8.8060
X -0.9268 -0.0815  0.3666
Y -0.3686  0.0094 -0.9296
Z  0.0723 -0.9966 -0.0388

PART 55
OFFSET  9.6265 -6.8959 -7.5676
X -0.5412 -0.4790  0.6911
Y  0.8178 -0.1087  0.5651
Z -0.1956  0.8710  0.4506

PART 56
OFFSET  10.7137 -5.6793 -9.1240
X  0.5680 -0.4754  0.6719
Y  0.8201  0.2577 -0.5109
Z  0.0697  0.8412  0.5362

PART 57
OFFSET  9.9096 -5.0062 -10.0752
X  0.9933 -0.0131 -0.1152
Y -0.0857  0.5868 -0.8052
Z  0.0781  0.8096  0.5817

PART 58
OFFSET  9.0290 -4.9947 -9.9730
X  0.5107  0.4268 -0.7464
Y -0.8574  0.3167 -0.4056
Z  0.0633  0.8471  0.5277

PART 59
OFFSET  8.5438 -5.4001 -9.2640
X  0.1385 -0.6478  0.7491
Y -0.9679  0.0715  0.2408
Z -0.2095 -0.7585 -0.6171

PART 60
OFFSET  9.5430 -6.3782 -7.0832
X -0.5586 -0.6198  0.5512
Y  0.7667 -0.1324  0.6282
Z -0.3164  0.7735  0.5492

PART 61
OFFSET  11.0567 -4.8874 -8.5815
X  0.5208 -0.4021  0.7531
Y  0.8536  0.2331 -0.4659
Z  0.0118  0.8854  0.4646

PART 62
OFFSET  10.1700 -4.2029 -9.8636
X  0.9540  0.1308 -0.2696
Y -0.2991  0.4708 -0.8300
Z  0.0184  0.8725  0.4883

PART 63
OFFSET  8.8478 -4.3842 -9.4899
X  0.3509  0.4553 -0.8183
Y -0.9363  0.1824 -0.3000
Z  0.0126  0.8714  0.4903

PART 64
OFFSET  8.4673 -4.8780 -8.6024
X  0.2480 -0.4344  0.8659
Y -0.9679 -0.1492  0.2024
Z  0.0413 -0.8883 -0.4574

PART 65
OFFSET  6.3765 -9.8493 -4.4032
X -0.4396 -0.6878  0.5776
Y -0.7979  0.0038 -0.6027
Z  0.4123 -0.7259 -0.5505

PART 66
OFFSET  10.9300 -3.6348 -6.7736
X -0.5895 -0.6572  0.4696
Y  0.7652 -0.2681  0.5854
Z -0.2589  0.7044  0.6609

PART 67
OFFSET  11.9680 -2.4776 -7.6004
X -0.5660 -0.6612  0.4924
Y  0.7690 -0.2082  0.6044
Z -0.2971  0.7208  0.6263

PART 68
OFFSET  12.6381 -1.6301 -8.1610
X -0.5401 -0.7109  0.4505
Y  0.7783 -0.2183  0.5887
Z -0.3202  0.6686  0.6712

PART 69
OFFSET  13.2481 -0.8271 -8.6698
X -0.6169  0.6165 -0.4893
Y  0.7859  0.5170 -0.3394
Z  0.0437 -0.5938 -0.8034

PART 70
OFFSET  11.2440 -4.2976 -7.5998
X  0.3984 -0.4355  0.8072
Y  0.9015  0.3480 -0.2572
Z -0.1689  0.8302  0.5313

PART 71
OFFSET  10.4658 -3.4468 -9.1768
X  0.9812  0.1931  0.0021
Y -0.0938  0.4856 -0.8691
Z -0.1689  0.8526  0.4946

PART 72
OFFSET  9.0326 -3.7289 -9.1799
X  0.4325  0.4886 -0.7577
Y -0.8793  0.0426 -0.4744
Z -0.1996  0.8714  0.4481

PART 73
OFFSET  8.5436 -4.2885 -8.3251
X  0.2427 -0.4576  0.8554
Y -0.9635 -0.2162  0.1578
Z  0.1127 -0.8625 -0.4934

PART 74
OFFSET  7.0162 -5.8754 -6.0998
X -0.9923 -0.0780 -0.0965
Y -0.0634  0.9872 -0.1466
Z  0.1067 -0.1393 -0.9845

PART 75
OFFSET  7.3272 -6.2944 -5.0211
X -0.9923 -0.0780 -0.0965
Y -0.0634  0.9872 -0.1466
Z  0.1067 -0.1393 -0.9845

PART 76
OFFSET  7.5360 -7.6240 -5.0096
X -0.9923 -0.0780 -0.0965
Y -0.0634  0.9872 -0.1466
Z  0.1067 -0.1393 -0.9845

PART 77
OFFSET  0.0000 -0.0000 -0.0000
X  1.0000 -0.0000  0.0000
Y  0.0000  1.0000  0.0000
Z  0.0000 -0.0000  1.0000

PART 78
OFFSET  0.0000 -0.0000 -0.0000
X  1.0000 -0.0000  0.0000
Y  0.0000  1.0000  0.0000
Z  0.0000 -0.0000  1.0000

PART 79
OFFSET  1.5404 -0.0000  4.1357
X  1.0000 -0.0000  0.0000
Y  0.0000  1.0000  0.0000
Z  0.0000 -0.0000  1.0000


FRAME 1012
PART 0
OFFSET  0.0000 -0.0000 -0.0000
X  1.0000 -0.0000  0.0000
Y  0.0000  1.0000  0.0000
Z  0.0000 -0.0000  1.0000

PART 1
OFFSET -4.6318 -0.0000 -1.3770
X  1.0000 -0.0000  0.0000
Y  0.0000  1.0000  0.0000
Z  0.0000 -0.0000  1.0000

PART 2
OFFSET -3.2444  5.7860 -3.1869
X  0.5899 -0.0727 -0.8042
Y  0.1496 -0.9688  0.1973
Z -0.7935 -0.2367 -0.5606

PART 3
OFFSET  3.8899  4.9068 -12.9128
X  0.9530 -0.2871  0.0968
Y -0.1257 -0.0839  0.9885
Z -0.2757 -0.9542 -0.1160

PART 4
OFFSET  11.9954  2.4645 -12.0895
X  0.9530 -0.2871  0.0968
Y  0.2941  0.9534 -0.0668
Z -0.0731  0.0921  0.9931

PART 5
OFFSET  14.0286  3.6173 -12.4250
X  0.9545 -0.2840  0.0912
Y  0.2748  0.9561  0.1015
Z -0.1160 -0.0718  0.9906

PART 6
OFFSET  12.9183  1.5818 -13.3172
X  0.9545 -0.2840  0.0912
Y  0.2748  0.9561  0.1015
Z -0.1160 -0.0718  0.9906

PART 7
OFFSET  13.8572  2.5386 -10.3461
X  0.9545 -0.2840  0.0912
Y  0.2748  0.9561  0.1015
Z -0.1160 -0.0718  0.9906

PART 8
OFFSET  13.3699  1.2850 -10.2960
X  0.9545 -0.2840  0.0912
Y  0.2748  0.9561  0.1015
Z -0.1160 -0.0718  0.9906

PART 9
OFFSET  12.9573  0.8973 -11.3520
X  0.9545 -0.2840  0.0912
Y  0.2748  0.9561  0.1015
Z -0.1160 -0.0718  0.9906

PART 10
OFFSET  14.9169  1.5843 -11.7928
X  0.8516  0.5014 -0.1529
Y -0.5000  0.8646  0.0507
Z  0.1576  0.0333  0.9869

PART 11
OFFSET  14.8823  2.6578 -11.4074
X  0.6632  0.7472 -0.0426
Y -0.6988  0.5979 -0.3928
Z -0.2680  0.2902  0.9187

PART 12
OFFSET  16.2288  4.3460 -11.4873
X  0.9208  0.3464 -0.1794
Y -0.3775  0.9071 -0.1860
Z  0.0984  0.2390  0.9660

PART 13
OFFSET  17.7488  4.8778 -11.6578
X  0.6942  0.7146 -0.0869
Y -0.7038  0.6484 -0.2904
Z -0.1512  0.2627  0.9530

PART 14
OFFSET  18.4806  5.6736 -11.7130
X  0.4645  0.4923 -0.7361
Y -0.0754 -0.8062 -0.5868
Z -0.8823  0.3281 -0.3374

PART 15
OFFSET  16.2048  1.0896 -11.7769
X  0.9979  0.0613  0.0224
Y -0.0212 -0.0191  0.9996
Z  0.0617 -0.9979 -0.0177

PART 16
OFFSET  18.4352  1.3702 -11.6015
X -0.1192  0.4788  0.8698
Y -0.9867  0.0404 -0.1575
Z -0.1106 -0.8770  0.4676

PART 17
OFFSET  18.2664  2.0480 -10.3701
X -0.4774  0.4658  0.7451
Y -0.8747 -0.1716 -0.4532
Z -0.0832 -0.8681  0.4894

PART 18
OFFSET  17.8431  2.4610 -9.7095
X -0.7206  0.4015  0.5653
Y -0.6797 -0.2477 -0.6904
Z -0.1372 -0.8818  0.4513

PART 19
OFFSET  17.1585  2.8424 -9.1724
X  0.9976 -0.0241 -0.0642
Y -0.0667 -0.5567 -0.8280
Z -0.0158  0.8303 -0.5570

PART 20
OFFSET  16.0378  1.7698 -11.9147
X  0.9649  0.2119 -0.1551
Y  0.1619 -0.0150  0.9867
Z  0.2067 -0.9772 -0.0488

PART 21
OFFSET  18.5843  2.2734 -12.0564
X  0.2646  0.2292  0.9367
Y -0.9392  0.2814  0.1965
Z -0.2186 -0.9318  0.2898

PART 22
OFFSET  19.0348  2.6637 -10.4617
X -0.6045  0.3705  0.7052
Y -0.7704 -0.0469 -0.6358
Z -0.2025 -0.9276  0.3138

PART 23
OFFSET  18.1970  3.1772 -9.4843
X -0.8496  0.3211  0.4184
Y -0.4882 -0.1789 -0.8542
Z -0.1995 -0.9300  0.3088

PART 24
OFFSET  17.2756  3.5255 -9.0306
X  0.9652 -0.2067  0.1603
Y  0.0960 -0.2905 -0.9521
Z  0.2433  0.9343 -0.2605

PART 25
OFFSET  16.8328  4.5206 -11.6546
X  0.9418  0.3138  0.1208
Y  0.0773  0.1477 -0.9860
Z -0.3273  0.9379  0.1148

PART 26
OFFSET  17.7996  4.1778 -12.7170
X  0.9118 -0.0430  0.4084
Y -0.4032  0.0951  0.9102
Z -0.0779 -0.9945  0.0693

PART 27
OFFSET  19.4049  4.1021 -11.9979
X  0.2748 -0.0491  0.9603
Y -0.9586  0.0630  0.2775
Z -0.0741 -0.9968 -0.0297

PART 28
OFFSET  19.7434  4.1030 -10.8287
X -0.4536  0.1082  0.8846
Y -0.8892  0.0119 -0.4574
Z -0.0600 -0.9941  0.0908

PART 29
OFFSET  19.2311  4.2252 -9.8296
X  0.9335 -0.3256  0.1505
Y  0.1707  0.0343 -0.9847
Z  0.3154  0.9449  0.0876

PART 30
OFFSET  18.2794  3.1923 -12.5787
X  0.5567  0.1299  0.8205
Y -0.8289  0.1524  0.5383
Z -0.0551 -0.9797  0.1925

PART 31
OFFSET  19.3670  3.4461 -10.9758
X -0.3922  0.2070  0.8963
Y -0.9144  0.0183 -0.4043
Z -0.1001 -0.9782  0.1821

PART 32
OFFSET  18.7941  3.7484 -9.6666
X -0.8671  0.1817  0.4639
Y -0.4807 -0.0604 -0.8748
Z -0.1310 -0.9815  0.1397

PART 33
OFFSET  17.8115  3.9473 -9.1397
X  0.9802 -0.0380  0.1941
Y  0.1800 -0.2359 -0.9550
Z  0.0821  0.9710 -0.2244

PART 34
OFFSET  17.7353  2.5285 -10.7306
X  0.1650 -0.9863  0.0069
Y -0.1576 -0.0333 -0.9869
Z  0.9736  0.1617 -0.1609

PART 35
OFFSET  13.7066  3.0077 -12.8943
X  0.9545 -0.2840  0.0912
Y  0.2748  0.9561  0.1015
Z -0.1160 -0.0718  0.9906

PART 36
OFFSET  12.9183  1.5818 -13.3172
X  0.9545 -0.2840  0.0912
Y  0.2748  0.9561  0.1015
Z -0.1160 -0.0718  0.9906

PART 37
OFFSET  13.8572  2.5386 -10.3461
X  0.9545 -0.2840  0.0912
Y  0.2748  0.9561  0.1015
Z -0.1160 -0.0718  0.9906

PART 38
OFFSET  13.3700  1.2850 -10.2960
X  0.9545 -0.2840  0.0912
Y  0.2748  0.9561  0.1015
Z -0.1160 -0.0718  0.9906

PART 39
OFFSET  12.9573  0.8973 -11.3520
X  0.9545 -0.2840  0.0912
Y  0.2748  0.9561  0.1015
Z -0.1160 -0.0718  0.9906

PART 40
OFFSET  10.8391 -2.1525 -7.5300
X  0.7359  0.5594 -0.3816
Y -0.6609  0.4707 -0.5845
Z -0.1473  0.6823  0.7161

PART 41
OFFSET  10.8391 -2.1525 -7.5300
X  0.7359  0.5594 -0.3816
Y -0.6609  0.4707 -0.5845
Z -0.1473  0.6823  0.7161

PART 42
OFFSET  13.8873  0.4010 -8.9462
X  0.7359  0.5594 -0.3816
Y -0.6609  0.4707 -0.5845
Z -0.1473  0.6823  0.7161

PART 43
OFFSET  15.9451  2.5709 -8.0682
X  0.7359  0.5594 -0.3816
Y -0.6609  0.4707 -0.5845
Z -0.1473  0.6823  0.7161

PART 44
OFFSET -13.9227 -7.9373 -3.1869
X -0.9307  0.0165  0.3653
Y -0.1478 -0.9308 -0.3344
Z  0.3345 -0.3652  0.8687

PART 45
OFFSET -2.6666 -8.1374 -7.6053
X -0.9933 -0.0590 -0.0994
Y  0.1072 -0.1498 -0.9829
Z  0.0431 -0.9870  0.1551

PART 46
OFFSET  5.7818 -7.6359 -6.7599
X -0.9933 -0.0590 -0.0994
Y  0.0998 -0.8714 -0.4804
Z -0.0583 -0.4871  0.8714

PART 47
OFFSET  7.0817 -6.3106 -6.0676
X -0.9940 -0.0554 -0.0940
Y -0.0418  0.9892 -0.1407
Z  0.1007 -0.1359 -0.9856

PART 48
OFFSET  7.3865 -6.7428 -4.9924
X -0.9940 -0.0554 -0.0940
Y -0.0418  0.9892 -0.1407
Z  0.1007 -0.1359 -0.9856

PART 49
OFFSET  7.5655 -8.0765 -4.9890
X -0.9940 -0.0554 -0.0940
Y -0.0418  0.9892 -0.1407
Z  0.1007 -0.1359 -0.9856

PART 50
OFFSET  8.8270 -7.4551 -6.4552
X -0.5701 -0.7795  0.2595
Y  0.4658 -0.5668 -0.6795
Z  0.6768 -0.2665  0.6862

PART 51
OFFSET  8.3561 -6.4480 -6.1979
X  0.1609 -0.9664  0.2003
Y  0.4074 -0.1198 -0.9054
Z  0.8990  0.2273  0.3745

PART 52
OFFSET  7.9182 -4.3632 -6.5605
X -0.4713 -0.4970  0.7287
Y  0.3994 -0.8568 -0.3261
Z  0.7864  0.1373  0.6023

PART 53
OFFSET  8.6147 -3.6275 -7.8237
X -0.5030  0.2683  0.8216
Y -0.0088 -0.9521  0.3056
Z  0.8642  0.1465  0.4813

PART 54
OFFSET  9.1193 -3.9081 -8.7394
X -0.9283 -0.0922  0.3602
Y -0.3633  0.0187 -0.9315
Z  0.0791 -0.9956 -0.0509

PART 55
OFFSET  9.6714 -7.3486 -7.5411
X -0.5419 -0.4913  0.6819
Y  0.8153 -0.1104  0.5684
Z -0.2040  0.8640  0.4604

PART 56
OFFSET  10.7593 -6.1054 -9.0758
X  0.5673 -0.4801  0.6691
Y  0.8212  0.2695 -0.5029
Z  0.0611  0.8348  0.5471

PART 57
OFFSET  9.9561 -5.4257 -10.0231
X  0.9940 -0.0051 -0.1097
Y -0.0850  0.5963 -0.7982
Z  0.0694  0.8027  0.5923

PART 58
OFFSET  9.0749 -5.4212 -9.9258
X  0.5121  0.4395 -0.7380
Y -0.8572  0.3161 -0.4065
Z  0.0546  0.8408  0.5386

PART 59
OFFSET  8.5884 -5.8388 -9.2247
X  0.1386 -0.6562  0.7417
Y -0.9697  0.0621  0.2361
Z -0.2010 -0.7520 -0.6278

PART 60
OFFSET  9.5817 -6.8376 -7.0507
X -0.5576 -0.6304  0.5401
Y  0.7640 -0.1352  0.6309
Z -0.3246  0.7644  0.5570

PART 61
OFFSET  11.0939 -5.3181 -8.5214
X  0.5192 -0.4081  0.7509
Y  0.8547  0.2446 -0.4580
Z  0.0033  0.8796  0.4757

PART 62
OFFSET  10.2100 -4.6233 -9.7999
X  0.9547  0.1405 -0.2625
Y -0.2975  0.4793 -0.8257
Z  0.0098  0.8663  0.4993

PART 63
OFFSET  8.8869 -4.8181 -9.4361
X  0.3525  0.4679 -0.8104
Y -0.9358  0.1799 -0.3031
Z  0.0040  0.8653  0.5013

PART 64
OFFSET  8.5046 -5.3255 -8.5571
X  0.2460 -0.4436  0.8618
Y -0.9680 -0.1581  0.1949
Z  0.0498 -0.8822 -0.4683

PART 65
OFFSET  6.4232 -10.3630 -4.4328
X -0.4383 -0.6979  0.5664
Y -0.7945  0.0062 -0.6072
Z  0.4203 -0.7161 -0.5572

PART 66
OFFSET  10.9486 -4.0892 -6.6987
X -0.5878 -0.6670  0.4579
Y  0.7636 -0.2704  0.5864
Z -0.2673  0.6943  0.6682

PART 67
OFFSET  11.9835 -2.9149 -7.5049
X -0.5644 -0.6710  0.4808
Y  0.7669 -0.2107  0.6062
Z -0.3054  0.7109  0.6335

PART 68
OFFSET  12.6511 -2.0560 -8.0509
X -0.5379 -0.7201  0.4384
Y  0.7764 -0.2205  0.5904
Z -0.3284  0.6579  0.6777

PART 69
OFFSET  13.2586 -1.2426 -8.5461
X -0.6182  0.6185 -0.4850
Y  0.7843  0.5264 -0.3283
Z  0.0523 -0.5834 -0.8105

PART 70
OFFSET  11.2717 -4.7395 -7.5313
X  0.3967 -0.4430  0.8040
Y  0.9006  0.3571 -0.2476
Z -0.1774  0.8223  0.5407

PART 71
OFFSET  10.4967 -3.8740 -9.1019
X  0.9798  0.1996  0.0101
Y -0.0921  0.4959 -0.8635
Z -0.1774  0.8451  0.5043

PART 72
OFFSET  9.0656 -4.1656 -9.1168
X  0.4335  0.5010 -0.7490
Y -0.8768  0.0427 -0.4789
Z -0.2079  0.8644  0.4578

PART 73
OFFSET  8.5755 -4.7390 -8.2720
X  0.2409 -0.4667  0.8510
Y -0.9629 -0.2245  0.1495
Z  0.1213 -0.8554 -0.5035

PART 74
OFFSET  7.0817 -6.3105 -6.0675
X -0.9940 -0.0554 -0.0940
Y -0.0418  0.9892 -0.1407
Z  0.1007 -0.1359 -0.9856

PART 75
OFFSET  7.3864 -6.7426 -4.9923
X -0.9940 -0.0554 -0.0940
Y -0.0418  0.9892 -0.1407
Z  0.1007 -0.1359 -0.9856

PART 76
OFFSET  7.5655 -8.0765 -4.9891
X -0.9940 -0.0554 -0.0940
Y -0.0418  0.9892 -0.1407
Z  0.1007 -0.1359 -0.9856

PART 77
OFFSET  0.0000 -0.0000 -0.0000
X  1.0000 -0.0000  0.0000
Y  0.0000  1.0000  0.0000
Z  0.0000 -0.0000  1.0000

PART 78
OFFSET  0.0000 -0.0000 -0.0000
X  1.0000 -0.0000  0.0000
Y  0.0000  1.0000  0.0000
Z  0.0000 -0.0000  1.0000

PART 79
OFFSET  1.5404 -0.0000  4.1357
X  1.0000 -0.0000  0.0000
Y  0.0000  1.0000  0.0000
Z  0.0000 -0.0000  1.0000


FRAME 1013
PART 0
OFFSET  0.0000 -0.0000 -0.0000
X  1.0000 -0.0000  0.0000
Y  0.0000  1.0000  0.0000
Z  0.0000 -0.0000  1.0000

PART 1
OFFSET -4.6318 -0.0000 -1.3770
X  1.0000 -0.0000  0.0000
Y  0.0000  1.0000  0.0000
Z  0.0000 -0.0000  1.0000

PART 2
OFFSET -3.2499  5.7860 -3.1869
X  0.6034 -0.0746 -0.7940
Y  0.1119 -0.9778  0.1769
Z -0.7896 -0.1956 -0.5816

PART 3
OFFSET  4.0470  4.8835 -12.7892
X  0.9405 -0.3225  0.1071
Y -0.1474 -0.1029  0.9837
Z -0.3062 -0.9410 -0.1443

PART 4
OFFSET  12.0461  2.1404 -11.8779
X  0.9405 -0.3225  0.1071
Y  0.3295  0.9425 -0.0552
Z -0.0832  0.0872  0.9927

PART 5
OFFSET  14.1240  3.2290 -12.1479
X  0.9422 -0.3193  0.1017
Y  0.3057  0.9432  0.1298
Z -0.1374 -0.0912  0.9863

PART 6
OFFSET  12.9613  1.2552 -13.1097
X  0.9422 -0.3193  0.1017
Y  0.3057  0.9432  0.1298
Z -0.1374 -0.0912  0.9863

PART 7
OFFSET  13.8758  2.1079 -10.0994
X  0.9422 -0.3193  0.1017
Y  0.3057  0.9432  0.1298
Z -0.1374 -0.0912  0.9863

PART 8
OFFSET  13.3446  0.8712 -10.0889
X  0.9422 -0.3193  0.1017
Y  0.3057  0.9432  0.1298
Z -0.1374 -0.0912  0.9863

PART 9
OFFSET  12.9391  0.5233 -11.1613
X  0.9422 -0.3193  0.1017
Y  0.3057  0.9432  0.1298
Z -0.1374 -0.0912  0.9863

PART 10
OFFSET  14.9294  1.1516 -11.5494
X  0.8553  0.4981 -0.1426
Y -0.4941  0.8670  0.0644
Z  0.1558  0.0154  0.9877

PART 11
OFFSET  14.9012  2.2187 -11.1458
X  0.6684  0.7432 -0.0286
Y -0.6938  0.6093 -0.3839
Z -0.2679  0.2764  0.9229

PART 12
OFFSET  16.2595  3.8987 -11.1944
X  0.9235  0.3430 -0.1717
Y -0.3709  0.9127 -0.1713
Z  0.0980  0.2219  0.9701

PART 13
OFFSET  17.7834  4.4229 -11.3528
X  0.6992  0.7111 -0.0733
Y -0.6987  0.6580 -0.2807
Z -0.1514  0.2475  0.9570

PART 14
OFFSET  18.5207  5.2144 -11.3930
X  0.4694  0.5016 -0.7267
Y -0.0797 -0.7956 -0.6006
Z -0.8794  0.3398 -0.3335

PART 15
OFFSET  16.2137  0.6479 -11.5394
X  0.9982  0.0540  0.0254
Y -0.0235 -0.0359  0.9991
Z  0.0549 -0.9979 -0.0346

PART 16
OFFSET  18.4457  0.9101 -11.3549
X -0.1178  0.4647  0.8776
Y -0.9861  0.0499 -0.1587
Z -0.1175 -0.8841  0.4524

PART 17
OFFSET  18.2789  1.5681 -10.1124
X -0.4758  0.4564  0.7519
Y -0.8749 -0.1579 -0.4578
Z -0.0902 -0.8757  0.4744

PART 18
OFFSET  17.8571  1.9727 -9.4457
X -0.7190  0.3967  0.5706
Y -0.6799 -0.2312 -0.6959
Z -0.1442 -0.8883  0.4360

PART 19
OFFSET  17.1740  2.3496 -8.9036
X  0.9976 -0.0298 -0.0627
Y -0.0688 -0.5421 -0.8375
Z -0.0090  0.8398 -0.5429

PART 20
OFFSET  16.0517  1.3314 -11.6659
X  0.9667  0.2078 -0.1496
Y  0.1597 -0.0329  0.9866
Z  0.2001 -0.9776 -0.0650

PART 21
OFFSET  18.6019  1.8199 -11.7940
X  0.2642  0.2115  0.9410
Y -0.9377  0.2845  0.1994
Z -0.2256 -0.9351  0.2735

PART 22
OFFSET  19.0518  2.1799 -10.1920
X -0.6034  0.3626  0.7102
Y -0.7694 -0.0308 -0.6380
Z -0.2095 -0.9314  0.2976

PART 23
OFFSET  18.2154  2.6825 -9.2077
X -0.8483  0.3198  0.4221
Y -0.4877 -0.1610 -0.8581
Z -0.2065 -0.9337  0.2925

PART 24
OFFSET  17.2955  3.0293 -8.7499
X  0.9634 -0.2160  0.1587
Y  0.0960 -0.2749 -0.9567
Z  0.2503  0.9369 -0.2441

PART 25
OFFSET  16.8650  4.0719 -11.3574
X  0.9436  0.3052  0.1280
Y  0.0803  0.1639 -0.9832
Z -0.3211  0.9381  0.1301

PART 26
OFFSET  17.8316  3.7406 -12.4237
X  0.9106 -0.0562  0.4094
Y -0.4044  0.0823  0.9108
Z -0.0849 -0.9950  0.0523

PART 27
OFFSET  19.4349  3.6416 -11.7028
X  0.2724 -0.0673  0.9598
Y -0.9588  0.0649  0.2767
Z -0.0809 -0.9956 -0.0468

PART 28
OFFSET  19.7710  3.6203 -10.5331
X -0.4547  0.0962  0.8854
Y -0.8881  0.0258 -0.4589
Z -0.0670 -0.9950  0.0737

PART 29
OFFSET  19.2574  3.7290 -9.5330
X  0.9309 -0.3345  0.1468
Y  0.1730  0.0499 -0.9837
Z  0.3217  0.9411  0.1043

PART 30
OFFSET  18.3044  2.7496 -12.3012
X  0.5559  0.1121  0.8237
Y -0.8289  0.1489  0.5392
Z -0.0622 -0.9825  0.1757

PART 31
OFFSET  19.3903  2.9686 -10.6921
X -0.3926  0.1944  0.8989
Y -0.9134  0.0315 -0.4058
Z -0.1072 -0.9804  0.1652

PART 32
OFFSET  18.8168  3.2526 -9.3791
X -0.8668  0.1798  0.4652
Y -0.4792 -0.0422 -0.8767
Z -0.1380 -0.9828  0.1227

PART 33
OFFSET  17.8345  3.4493 -8.8507
X  0.9795 -0.0481  0.1954
Y  0.1803 -0.2209 -0.9585
Z  0.0892  0.9741 -0.2077

PART 34
OFFSET  17.7519  2.0582 -10.4657
X  0.1582 -0.9874 -0.0096
Y -0.1558 -0.0154 -0.9877
Z  0.9750  0.1577 -0.1562

PART 35
OFFSET  13.7901  2.6423 -12.6377
X  0.9422 -0.3193  0.1017
Y  0.3057  0.9432  0.1298
Z -0.1374 -0.0912  0.9863

PART 36
OFFSET  12.9613  1.2552 -13.1097
X  0.9422 -0.3193  0.1017
Y  0.3057  0.9432  0.1298
Z -0.1374 -0.0912  0.9863

PART 37
OFFSET  13.8758  2.1079 -10.0994
X  0.9422 -0.3193  0.1017
Y  0.3057  0.9432  0.1298
Z -0.1374 -0.0912  0.9863

PART 38
OFFSET  13.3446  0.8712 -10.0889
X  0.9422 -0.3193  0.1017
Y  0.3057  0.9432  0.1298
Z -0.1374 -0.0912  0.9863

PART 39
OFFSET  12.9391  0.5233 -11.1613
X  0.9422 -0.3193  0.1017
Y  0.3057  0.9432  0.1298
Z -0.1374 -0.0912  0.9863

PART 40
OFFSET  10.8168 -2.6241 -7.3581
X  0.7407  0.5603 -0.3707
Y -0.6562  0.4848 -0.5783
Z -0.1443  0.6715  0.7268

PART 41
OFFSET  10.8168 -2.6241 -7.3581
X  0.7407  0.5603 -0.3707
Y -0.6562  0.4848 -0.5783
Z -0.1443  0.6715  0.7268

PART 42
OFFSET  13.8863 -0.0693 -8.7250
X  0.7407  0.5603 -0.3707
Y -0.6562  0.4848 -0.5783
Z -0.1443  0.6715  0.7268

PART 43
OFFSET  15.9569  2.0714 -7.8068
X  0.7407  0.5603 -0.3707
Y -0.6562  0.4848 -0.5783
Z -0.1443  0.6715  0.7268

PART 44
OFFSET -13.9227 -7.9373 -3.1869
X -0.9264  0.0364  0.3748
Y -0.1732 -0.9250 -0.3382
Z  0.3344 -0.3782  0.8632

PART 45
OFFSET -2.7190 -8.3779 -7.7196
X -0.9925 -0.0388 -0.1162
Y  0.1207 -0.1454 -0.9820
Z  0.0212 -0.9886  0.1490

PART 46
OFFSET  5.7224 -8.0482 -6.7313
X -0.9925 -0.0388 -0.1162
Y  0.0915 -0.8650 -0.4933
Z -0.0814 -0.5002  0.8621

PART 47
OFFSET  7.0362 -6.7532 -6.0085
X -0.9932 -0.0352 -0.1107
Y -0.0201  0.9907 -0.1346
Z  0.1144 -0.1314 -0.9847

PART 48
OFFSET  7.3145 -7.1983 -4.9314
X -0.9932 -0.0352 -0.1107
Y -0.0201  0.9907 -0.1346
Z  0.1144 -0.1314 -0.9847

PART 49
OFFSET  7.4673 -8.5353 -4.9342
X -0.9932 -0.0352 -0.1107
Y -0.0201  0.9907 -0.1346
Z  0.1144 -0.1314 -0.9847

PART 50
OFFSET  8.7650 -7.9293 -6.3750
X -0.5762 -0.7796  0.2453
Y  0.4635 -0.5589 -0.6876
Z  0.6732 -0.2825  0.6834

PART 51
OFFSET  8.3005 -6.9233 -6.1024
X  0.1537 -0.9707  0.1848
Y  0.4088 -0.1078 -0.9062
Z  0.8996  0.2148  0.3803

PART 52
OFFSET  7.8780 -4.8298 -6.4319
X -0.4766 -0.5055  0.7193
Y  0.3942 -0.8542 -0.3391
Z  0.7858  0.1219  0.6063

PART 53
OFFSET  8.5829 -4.0784 -7.6812
X -0.5032  0.2584  0.8246
Y -0.0162 -0.9569  0.2899
Z  0.8640  0.1325  0.4857

PART 54
OFFSET  9.0878 -4.3476 -8.6001
X -0.9298 -0.0916  0.3565
Y -0.3609  0.0365 -0.9319
Z  0.0723 -0.9951 -0.0670

PART 55
OFFSET  9.6128 -7.8110 -7.4570
X -0.5471 -0.4985  0.6725
Y  0.8131 -0.1254  0.5685
Z -0.1991  0.8578  0.4739

PART 56
OFFSET  10.7132 -6.5505 -8.9686
X  0.5623 -0.4949  0.6625
Y  0.8243  0.2719 -0.4965
Z  0.0656  0.8253  0.5609

PART 57
OFFSET  9.9172 -5.8498 -9.9065
X  0.9942 -0.0103 -0.1074
Y -0.0789  0.6099 -0.7886
Z  0.0736  0.7924  0.6055

PART 58
OFFSET  9.0357 -5.8408 -9.8113
X  0.5170  0.4479 -0.7295
Y -0.8540  0.3288 -0.4033
Z  0.0592  0.8314  0.5525

PART 59
OFFSET  8.5446 -6.2663 -9.1183
X  0.1321 -0.6692  0.7312
Y -0.9699  0.0650  0.2348
Z -0.2047 -0.7402 -0.6405

PART 60
OFFSET  9.5255 -7.3075 -6.9585
X -0.5633 -0.6352  0.5284
Y  0.7615 -0.1509  0.6304
Z -0.3207  0.7575  0.5687

PART 61
OFFSET  11.0519 -5.7748 -8.4006
X  0.5144 -0.4239  0.7454
Y  0.8575  0.2460 -0.4519
Z  0.0082  0.8716  0.4901

PART 62
OFFSET  10.1761 -5.0530 -9.6696
X  0.9563  0.1381 -0.2579
Y -0.2921  0.4948 -0.8184
Z  0.0146  0.8580  0.5135

PART 63
OFFSET  8.8508 -5.2444 -9.3122
X  0.3577  0.4786 -0.8018
Y -0.9338  0.1914 -0.3023
Z  0.0088  0.8569  0.5154

PART 64
OFFSET  8.4627 -5.7635 -8.4426
X  0.2407 -0.4593  0.8550
Y -0.9696 -0.1545  0.1900
Z  0.0448 -0.8747 -0.4825

PART 65
OFFSET  6.3359 -10.8529 -4.4062
X -0.4446 -0.7040  0.5538
Y -0.7929  0.0217 -0.6089
Z  0.4167 -0.7099 -0.5679

PART 66
OFFSET  10.9107 -4.5749 -6.5584
X -0.5936 -0.6702  0.4455
Y  0.7602 -0.2853  0.5837
Z -0.2641  0.6851  0.6789

PART 67
OFFSET  11.9558 -3.3949 -7.3427
X -0.5703 -0.6748  0.4684
Y  0.7639 -0.2260  0.6045
Z -0.3020  0.7025  0.6444

PART 68
OFFSET  12.6307 -2.5318 -7.8731
X -0.5440 -0.7233  0.4253
Y  0.7734 -0.2356  0.5885
Z -0.3255  0.6491  0.6876

PART 69
OFFSET  13.2451 -1.7148 -8.3534
X -0.6126  0.6307 -0.4763
Y  0.7888  0.5262 -0.3178
Z  0.0502 -0.5704 -0.8198

PART 70
OFFSET  11.2313 -5.2137 -7.4008
X  0.3916 -0.4589  0.7976
Y  0.9037  0.3548 -0.2396
Z -0.1730  0.8146  0.5536

PART 71
OFFSET  10.4663 -4.3173 -8.9588
X  0.9812  0.1925  0.0157
Y -0.0864  0.5106 -0.8555
Z -0.1727  0.8380  0.5176

PART 72
OFFSET  9.0332 -4.5985 -8.9819
X  0.4389  0.5101 -0.7397
Y -0.8753  0.0567 -0.4802
Z -0.2030  0.8582  0.4714

PART 73
OFFSET  8.5370 -5.1822 -8.1477
X  0.2355 -0.4822  0.8438
Y -0.9649 -0.2202  0.1435
Z  0.1166 -0.8479 -0.5171

PART 74
OFFSET  7.0362 -6.7532 -6.0085
X -0.9932 -0.0352 -0.1107
Y -0.0201  0.9907 -0.1346
Z  0.1144 -0.1314 -0.9847

PART 75
OFFSET  7.3145 -7.1981 -4.9313
X -0.9932 -0.0352 -0.1107
Y -0.0201  0.9907 -0.1346
Z  0.1144 -0.1314 -0.9847

PART 76
OFFSET  7.4674 -8.5353 -4.9343
