// Export filename: `C:\projects\cod\t5\xanim_export\t5_viewmodels\ak74u\ak74u_grenadier_pullout_quick.XANIM_EXPORT`
// Source filename: `D:\projects\devanim\t5\animation_assets\viewmodels\ak74u/t5_viewmodel_ak74u_animated2.fbx`
// Export time: Fri Aug 27 22:27:10 2010

ANIMATION
VERSION 3

NUMPARTS 80
PART 0 "tag_ads"
PART 1 "tag_torso"
PART 2 "J_Shoulder_LE"
PART 3 "J_Elbow_LE"
PART 4 "J_WristTwist_LE"
PART 5 "J_Sleave_Reshape_Bottom_LE_1"
PART 6 "J_Sleave_Reshape_Bottom_LE_2"
PART 7 "J_Sleave_Reshape_Top_LE_1"
PART 8 "J_Sleave_Reshape_Top_LE_2"
PART 9 "J_Sleave_Reshape_Top_LE_3"
PART 10 "J_Wrist_LE"
PART 11 "J_Thumb_LE_0"
PART 12 "J_Thumb_LE_1"
PART 13 "J_Thumb_LE_2"
PART 14 "J_Thumb_LE_3"
PART 15 "J_PinkyPalm_LE"
PART 16 "J_Pinky_LE_0"
PART 17 "J_Pinky_LE_1"
PART 18 "J_Pinky_LE_2"
PART 19 "J_Pinky_LE_3"
PART 20 "J_RingPalm_LE"
PART 21 "J_Ring_LE_0"
PART 22 "J_Ring_LE_1"
PART 23 "J_Ring_LE_2"
PART 24 "J_Ring_LE_3"
PART 25 "J_Webbing_LE"
PART 26 "J_Index_LE_0"
PART 27 "J_Index_LE_1"
PART 28 "J_Index_LE_2"
PART 29 "J_Index_LE_3"
PART 30 "J_Mid_LE_0"
PART 31 "J_Mid_LE_1"
PART 32 "J_Mid_LE_2"
PART 33 "J_Mid_LE_3"
PART 34 "tag_knife_attach"
PART 35 "D_Sleave_Reshape_Bottom_LE_1"
PART 36 "D_Sleave_Reshape_Bottom_LE_2"
PART 37 "D_Sleave_Reshape_Top_LE_1"
PART 38 "D_Sleave_Reshape_Top_LE_2"
PART 39 "D_Sleave_Reshape_Top_LE_3"
PART 40 "tag_weapon"
PART 41 "J_Gun"
PART 42 "TAG_CLIP"
PART 43 "J_Bolt"
PART 44 "J_Shoulder_RI"
PART 45 "J_Elbow_RI"
PART 46 "J_WristTwist_RI"
PART 47 "J_Sleave_Reshape_Top_RI_3"
PART 48 "J_Sleave_Reshape_Top_RI_2"
PART 49 "J_Sleave_Reshape_Top_RI_1"
PART 50 "J_Wrist_RI"
PART 51 "J_Thumb_RI_0"
PART 52 "J_Thumb_RI_1"
PART 53 "J_Thumb_RI_2"
PART 54 "J_Thumb_RI_3"
PART 55 "J_PinkyPalm_RI"
PART 56 "J_Pinky_RI_0"
PART 57 "J_Pinky_RI_1"
PART 58 "J_Pinky_RI_2"
PART 59 "J_Pinky_RI_3"
PART 60 "J_RingPalm_RI"
PART 61 "J_Ring_RI_0"
PART 62 "J_Ring_RI_1"
PART 63 "J_Ring_RI_2"
PART 64 "J_Ring_RI_3"
PART 65 "J_Webbing_RI"
PART 66 "J_Index_RI_0"
PART 67 "J_Index_RI_1"
PART 68 "J_Index_RI_2"
PART 69 "J_Index_RI_3"
PART 70 "J_Mid_RI_0"
PART 71 "J_Mid_RI_1"
PART 72 "J_Mid_RI_2"
PART 73 "J_Mid_RI_3"
PART 74 "D_Sleave_Reshape_Top_RI_3"
PART 75 "D_Sleave_Reshape_Top_RI_2"
PART 76 "D_Sleave_Reshape_Top_RI_1"
PART 77 "tag_cambone"
PART 78 "tag_camera"
PART 79 "tag_gasmask"

FRAMERATE 30
NUMFRAMES 31

FRAME 1520
PART 0
OFFSET  0.0000 -0.0000 -0.0000
X  1.0000 -0.0000  0.0000
Y  0.0000  1.0000  0.0000
Z  0.0000 -0.0000  1.0000

PART 1
OFFSET -4.6318 -0.0000 -1.3770
X  1.0000 -0.0000  0.0000
Y  0.0000  1.0000  0.0000
Z  0.0000 -0.0000  1.0000

PART 2
OFFSET  0.3425  8.0297 -9.9517
X  0.3395 -0.1193 -0.9330
Y  0.3694 -0.8953  0.2489
Z -0.8650 -0.4292 -0.2599

PART 3
OFFSET  4.4489  6.5867 -21.2352
X  0.9848 -0.1116  0.1332
Y -0.1226  0.0968  0.9877
Z -0.1231 -0.9890  0.0817

PART 4
OFFSET  12.8249  5.6375 -20.1023
X  0.9848 -0.1116  0.1332
Y -0.0269  0.6595  0.7512
Z -0.1717 -0.7433  0.6465

PART 5
OFFSET  14.6586  6.9995 -20.7005
X  0.9858 -0.1095  0.1271
Y  0.1221  0.9878 -0.0962
Z -0.1150  0.1104  0.9872

PART 6
OFFSET  13.8877  4.6804 -21.1477
X  0.9858 -0.1095  0.1271
Y  0.1221  0.9878 -0.0962
Z -0.1150  0.1104  0.9872

PART 7
OFFSET  14.6324  6.3443 -18.4455
X  0.9858 -0.1095  0.1271
Y  0.1221  0.9878 -0.0962
Z -0.1150  0.1104  0.9872

PART 8
OFFSET  14.3448  5.0661 -18.1374
X  0.9858 -0.1095  0.1271
Y  0.1221  0.9878 -0.0962
Z -0.1150  0.1104  0.9872

PART 9
OFFSET  14.0095  4.4164 -19.0867
X  0.9858 -0.1095  0.1271
Y  0.1221  0.9878 -0.0962
Z -0.1150  0.1104  0.9872

PART 10
OFFSET  15.8440  5.2954 -19.6939
X  0.5229  0.8188  0.2370
Y -0.5997  0.1558  0.7849
Z  0.6057 -0.5526  0.5725

PART 11
OFFSET  15.7492  5.5872 -18.5948
X  0.3110  0.0801  0.9470
Y -0.9462 -0.0674  0.3164
Z  0.0891 -0.9945  0.0548

PART 12
OFFSET  16.3307  5.6979 -16.5165
X  0.9313  0.3445  0.1186
Y -0.1185 -0.0215  0.9927
Z  0.3445 -0.9385  0.0208

PART 13
OFFSET  17.8797  6.1502 -16.3819
X  0.6376  0.0863 -0.7655
Y  0.7403  0.2062  0.6398
Z  0.2131 -0.9747  0.0676

PART 14
OFFSET  18.5916  6.2025 -17.1957
X  0.4863  0.7323 -0.4766
Y -0.7516  0.6288  0.1993
Z  0.4456  0.2614  0.8562

PART 15
OFFSET  17.0511  5.7096 -20.2181
X  0.7971  0.5586 -0.2292
Y  0.5825 -0.6116  0.5354
Z  0.1589 -0.5602 -0.8129

PART 16
OFFSET  18.8904  6.9714 -20.5489
X  0.4082 -0.4045  0.8184
Y -0.7595 -0.6479  0.0586
Z  0.5066 -0.6455 -0.5716

PART 17
OFFSET  19.4683  6.3988 -19.3903
X -0.6461 -0.6740  0.3582
Y -0.5728  0.1181 -0.8111
Z  0.5044 -0.7292 -0.4624

PART 18
OFFSET  18.8955  5.8012 -19.0727
X -0.5934 -0.6913  0.4123
Y -0.6528  0.1136 -0.7490
Z  0.4709 -0.7136 -0.5187

PART 19
OFFSET  18.3317  5.1444 -18.6810
X  0.7956  0.5606  0.2298
Y -0.0514  0.4404 -0.8963
Z -0.6037  0.7013  0.3792

PART 20
OFFSET  16.6829  6.0705 -19.7243
X  0.6855  0.7280 -0.0121
Y  0.6206 -0.5755  0.5325
Z  0.3807 -0.3725 -0.8463

PART 21
OFFSET  18.5049  7.9172 -19.8931
X  0.5915 -0.4458  0.6719
Y -0.6954 -0.7038  0.1452
Z  0.4081 -0.5532 -0.7263

PART 22
OFFSET  19.5118  7.1583 -18.7492
X -0.5513 -0.7842  0.2847
Y -0.7153  0.2688 -0.6450
Z  0.4293 -0.5592 -0.7092

PART 23
OFFSET  18.7477  6.0714 -18.3546
X -0.6685 -0.7264  0.1594
Y -0.6046  0.4060 -0.6852
Z  0.4331 -0.5544 -0.7107

PART 24
OFFSET  18.0227  5.2835 -18.1818
X  0.9144  0.3360  0.2259
Y -0.1303  0.7724 -0.6216
Z -0.3833  0.5389  0.7501

PART 25
OFFSET  16.8285  7.7706 -17.4102
X  0.7764  0.5866  0.2304
Y -0.4506  0.7723 -0.4478
Z -0.4406  0.2439  0.8639

PART 26
OFFSET  17.2042  8.8086 -18.3913
X  0.8129 -0.3595  0.4582
Y -0.5009 -0.8330  0.2350
Z  0.2972 -0.4206 -0.8572

PART 27
OFFSET  18.6354  8.1756 -17.5845
X -0.3169 -0.9142  0.2527
Y -0.8768  0.1807 -0.4456
Z  0.3617 -0.3627 -0.8588

PART 28
OFFSET  18.2282  7.0862 -17.2251
X -0.5980 -0.7665  0.2342
Y -0.7251  0.3929 -0.5655
Z  0.3414 -0.5080 -0.7908

PART 29
OFFSET  17.5527  6.2204 -16.9606
X  0.9453 -0.2480  0.2118
Y  0.3025  0.9097 -0.2847
Z -0.1221  0.3332  0.9349

PART 30
OFFSET  17.9077  8.4531 -19.1653
X  0.5838 -0.5609  0.5870
Y -0.7179 -0.6943  0.0505
Z  0.3792 -0.4509 -0.8080

PART 31
OFFSET  19.0481  7.3573 -18.0186
X -0.4931 -0.8370  0.2371
Y -0.7989  0.3278 -0.5043
Z  0.3444 -0.4381 -0.8303

PART 32
OFFSET  18.3278  6.1347 -17.6722
X -0.7522 -0.6582  0.0289
Y -0.5787  0.6390 -0.5068
Z  0.3151 -0.3980 -0.8616

PART 33
OFFSET  17.4785  5.3859 -17.6452
X  0.9263  0.1220  0.3566
Y  0.0648  0.8805 -0.4695
Z -0.3712  0.4580  0.8077

PART 34
OFFSET  18.5080  6.5891 -18.6019
X  0.3749 -0.4364 -0.8179
Y -0.6057  0.5526 -0.5725
Z  0.7018  0.7101 -0.0572

PART 35
OFFSET  14.4404  6.2662 -21.0326
X  0.9858 -0.1095  0.1271
Y  0.1221  0.9878 -0.0962
Z -0.1150  0.1104  0.9872

PART 36
OFFSET  13.8877  4.6804 -21.1477
X  0.9858 -0.1095  0.1271
Y  0.1221  0.9878 -0.0962
Z -0.1150  0.1104  0.9872

PART 37
OFFSET  14.6324  6.3443 -18.4455
X  0.9858 -0.1095  0.1271
Y  0.1221  0.9878 -0.0962
Z -0.1150  0.1104  0.9872

PART 38
OFFSET  14.3448  5.0661 -18.1374
X  0.9858 -0.1095  0.1271
Y  0.1221  0.9878 -0.0962
Z -0.1150  0.1104  0.9872

PART 39
OFFSET  14.0095  4.4164 -19.0867
X  0.9858 -0.1095  0.1271
Y  0.1221  0.9878 -0.0962
Z -0.1150  0.1104  0.9872

PART 40
OFFSET  9.6880  2.3080 -8.4140
X  0.5747  0.5968 -0.5600
Y -0.7997  0.2639 -0.5393
Z -0.1741  0.7577  0.6289

PART 41
OFFSET  9.6880  2.3080 -8.4140
X  0.5747  0.5968 -0.5600
Y -0.7997  0.2639 -0.5393
Z -0.1741  0.7577  0.6289

PART 42
OFFSET  12.0478  5.0371 -10.6051
X  0.5747  0.5968 -0.5600
Y -0.7997  0.2639 -0.5393
Z -0.1741  0.7577  0.6289

PART 43
OFFSET  13.7896  7.6090 -10.3498
X  0.5747  0.5968 -0.5600
Y -0.7997  0.2639 -0.5393
Z -0.1741  0.7577  0.6289

PART 44
OFFSET -13.9227 -7.9373 -3.1869
X -0.9482 -0.1781  0.2629
Y  0.0937 -0.9480 -0.3042
Z  0.3034 -0.2638  0.9156

PART 45
OFFSET -2.4549 -5.7829 -6.3665
X -0.9706 -0.2407 -0.0030
Y  0.0522 -0.1983 -0.9788
Z  0.2350 -0.9501  0.2050

PART 46
OFFSET  5.8005 -3.7358 -6.3407
X -0.9706 -0.2407 -0.0030
Y  0.2211 -0.8863 -0.4069
Z  0.0952 -0.3956  0.9135

PART 47
OFFSET  6.8887 -2.1554 -5.8472
X -0.9715 -0.2369  0.0022
Y -0.2329  0.9536 -0.1909
Z  0.0431 -0.1860 -0.9816

PART 48
OFFSET  7.3539 -2.4490 -4.7826
X -0.9715 -0.2369  0.0022
Y -0.2329  0.9536 -0.1909
Z  0.0431 -0.1860 -0.9816

PART 49
OFFSET  7.7730 -3.7263 -4.7219
X -0.9715 -0.2369  0.0022
Y -0.2329  0.9536 -0.1909
Z  0.0431 -0.1860 -0.9816

PART 50
OFFSET  8.7760 -2.9980 -6.3314
X -0.3895 -0.8057  0.4462
Y  0.4697 -0.5905 -0.6563
Z  0.7923 -0.0461  0.6084

PART 51
OFFSET  8.1727 -2.0468 -6.1486
X  0.3498 -0.8855  0.3056
Y  0.3071 -0.1998 -0.9305
Z  0.8850  0.4194  0.2021

PART 52
OFFSET  7.3379 -0.1392 -6.7265
X -0.2842 -0.4397  0.8520
Y  0.4988 -0.8267 -0.2603
Z  0.8188  0.3510  0.4543

PART 53
OFFSET  7.7347  0.4820 -8.1683
X -0.4367  0.3166  0.8421
Y  0.1945 -0.8807  0.4319
Z  0.8783  0.3524  0.3230

PART 54
OFFSET  8.1635  0.1386 -9.1011
X -0.8465 -0.1742  0.5031
Y -0.4732 -0.1870 -0.8609
Z  0.2440 -0.9668  0.0758

PART 55
OFFSET  9.4485 -2.9392 -7.5347
X -0.3600 -0.4525  0.8159
Y  0.8859  0.1085  0.4510
Z -0.2926  0.8851  0.3618

PART 56
OFFSET  10.1060 -1.8068 -9.3704
X  0.7203 -0.2738  0.6374
Y  0.6935  0.3078 -0.6514
Z -0.0178  0.9112  0.4116

PART 57
OFFSET  9.0863 -1.4192 -10.2728
X  0.9585  0.1296 -0.2540
Y -0.2852  0.4402 -0.8514
Z  0.0015  0.8885  0.4589

PART 58
OFFSET  8.2365 -1.5341 -10.0475
X  0.3328  0.3885 -0.8593
Y -0.9426  0.1117 -0.3146
Z -0.0262  0.9147  0.4034

PART 59
OFFSET  7.9203 -1.9032 -9.2312
X  0.3409 -0.4995  0.7964
Y -0.9291 -0.0500  0.3664
Z -0.1432 -0.8649 -0.4812

PART 60
OFFSET  9.3326 -2.3759 -7.1117
X -0.3686 -0.6133  0.6986
Y  0.8478  0.0864  0.5232
Z -0.3812  0.7851  0.4881

PART 61
OFFSET  10.3645 -0.8989 -8.9857
X  0.6708 -0.1978  0.7147
Y  0.7360  0.2958 -0.6089
Z -0.0909  0.9345  0.3440

PART 62
OFFSET  9.2224 -0.5621 -10.2026
X  0.8759  0.2410 -0.4179
Y -0.4759  0.2892 -0.8306
Z -0.0793  0.9264  0.3680

PART 63
OFFSET  8.0085 -0.8962 -9.6233
X  0.1630  0.3801 -0.9105
Y -0.9830 -0.0165 -0.1829
Z -0.0845  0.9248  0.3709

PART 64
OFFSET  7.8316 -1.3083 -8.6359
X  0.4238 -0.2565  0.8687
Y -0.8942 -0.2711  0.3562
Z  0.1441 -0.9278 -0.3442

PART 65
OFFSET  7.1823 -5.8766 -3.5933
X -0.2370 -0.6567  0.7159
Y -0.8523 -0.2131 -0.4777
Z  0.4663 -0.7234 -0.5092

PART 66
OFFSET  10.2341  0.5698 -7.3489
X -0.4019 -0.6668  0.6276
Y  0.8654 -0.0526  0.4983
Z -0.2993  0.7434  0.5982

PART 67
OFFSET  10.9416  1.7438 -8.4538
X -0.3755 -0.6635  0.6471
Y  0.8607  0.0093  0.5090
Z -0.3437  0.7481  0.5676

PART 68
OFFSET  11.3772  2.5959 -9.2061
X -0.3463 -0.7141  0.6084
Y  0.8698 -0.0014  0.4935
Z -0.3515  0.7001  0.6215

PART 69
OFFSET  11.7684  3.4024 -9.8933
X -0.7713  0.4306 -0.4687
Y  0.6343  0.5806 -0.5104
Z  0.0524 -0.6910 -0.7210

PART 70
OFFSET  10.5599 -0.1485 -8.1224
X  0.5638 -0.2421  0.7896
Y  0.7873  0.4464 -0.4253
Z -0.2495  0.8615  0.4423

PART 71
OFFSET  9.4586  0.3245 -9.6650
X  0.9239  0.3463 -0.1629
Y -0.2827  0.3308 -0.9004
Z -0.2579  0.8779  0.4035

PART 72
OFFSET  8.1091 -0.1813 -9.4272
X  0.2441  0.4346 -0.8669
Y -0.9232 -0.1695 -0.3449
Z -0.2968  0.8845  0.3599

PART 73
OFFSET  7.8342 -0.6798 -8.4481
X  0.4215 -0.2815  0.8620
Y -0.8834 -0.3424  0.3201
Z  0.2050 -0.8964 -0.3930

PART 74
OFFSET  6.8887 -2.1554 -5.8471
X -0.9715 -0.2369  0.0022
Y -0.2329  0.9536 -0.1909
Z  0.0431 -0.1860 -0.9816

PART 75
OFFSET  7.3539 -2.4488 -4.7826
X -0.9715 -0.2369  0.0022
Y -0.2329  0.9536 -0.1909
Z  0.0431 -0.1860 -0.9816

PART 76
OFFSET  7.7730 -3.7264 -4.7220
X -0.9715 -0.2369  0.0022
Y -0.2329  0.9536 -0.1909
Z  0.0431 -0.1860 -0.9816

PART 77
OFFSET  0.0000 -0.0000 -0.0000
X  1.0000 -0.0000  0.0000
Y  0.0000  1.0000  0.0000
Z  0.0000 -0.0000  1.0000

PART 78
OFFSET  0.0000 -0.0000 -0.0000
X  1.0000 -0.0000  0.0000
Y  0.0000  1.0000  0.0000
Z  0.0000 -0.0000  1.0000

PART 79
OFFSET  1.5404 -0.0000  4.1357
X  1.0000 -0.0000  0.0000
Y  0.0000  1.0000  0.0000
Z  0.0000 -0.0000  1.0000


FRAME 1521
PART 0
OFFSET  0.0000 -0.0000 -0.0000
X  1.0000 -0.0000  0.0000
Y  0.0000  1.0000  0.0000
Z  0.0000 -0.0000  1.0000

PART 1
OFFSET -4.6318 -0.0000 -1.3770
X  1.0000 -0.0000  0.0000
Y  0.0000  1.0000  0.0000
Z  0.0000 -0.0000  1.0000

PART 2
OFFSET  0.3425  8.0297 -9.9517
X  0.3431 -0.1193 -0.9317
Y  0.3670 -0.8960  0.2499
Z -0.8646 -0.4277 -0.2636

PART 3
OFFSET  4.4918  6.5866 -21.2194
X  0.9836 -0.1128  0.1404
Y -0.1297  0.0969  0.9868
Z -0.1249 -0.9889  0.0806

PART 4
OFFSET  12.8582  5.6269 -20.0253
X  0.9836 -0.1128  0.1404
Y -0.0355  0.6426  0.7654
Z -0.1766 -0.7578  0.6281

PART 5
OFFSET  14.6979  6.9867 -20.6099
X  0.9847 -0.1107  0.1343
Y  0.1240  0.9877 -0.0952
Z -0.1221  0.1104  0.9864

PART 6
OFFSET  13.9274  4.6686 -21.0630
X  0.9847 -0.1107  0.1343
Y  0.1240  0.9877 -0.0952
Z -0.1221  0.1104  0.9864

PART 7
OFFSET  14.6543  6.3313 -18.3552
X  0.9847 -0.1107  0.1343
Y  0.1240  0.9877 -0.0952
Z -0.1221  0.1104  0.9864

PART 8
OFFSET  14.3629  5.0534 -18.0493
X  0.9847 -0.1107  0.1343
Y  0.1240  0.9877 -0.0952
Z -0.1221  0.1104  0.9864

PART 9
OFFSET  14.0338  4.4042 -19.0012
X  0.9847 -0.1107  0.1343
Y  0.1240  0.9877 -0.0952
Z -0.1221  0.1104  0.9864

PART 10
OFFSET  15.8737  5.2810 -19.5949
X  0.5310  0.8108  0.2464
Y -0.5994  0.1539  0.7855
Z  0.5990 -0.5648  0.5677

PART 11
OFFSET  15.7800  5.5623 -18.4929
X  0.3101  0.0670  0.9483
Y -0.9474 -0.0609  0.3141
Z  0.0788 -0.9959  0.0446

PART 12
OFFSET  16.3590  5.6453 -16.4126
X  0.9346  0.3336  0.1237
Y -0.1205 -0.0306  0.9922
Z  0.3348 -0.9422  0.0116

PART 13
OFFSET  17.9124  6.0801 -16.2707
X  0.6398  0.0877 -0.7635
Y  0.7413  0.1919  0.6432
Z  0.2029 -0.9775  0.0577

PART 14
OFFSET  18.6262  6.1335 -17.0829
X  0.4947  0.7322 -0.4682
Y -0.7454  0.6344  0.2046
Z  0.4468  0.2478  0.8596

PART 15
OFFSET  17.0859  5.6882 -20.1127
X  0.8033  0.5527 -0.2220
Y  0.5752 -0.6232  0.5299
Z  0.1545 -0.5534 -0.8185

PART 16
OFFSET  18.9388  6.9342 -20.4273
X  0.4026 -0.4172  0.8148
Y -0.7662 -0.6406  0.0506
Z  0.5008 -0.6447 -0.5775

PART 17
OFFSET  19.5087  6.3436 -19.2738
X -0.6536 -0.6710  0.3500
Y -0.5702  0.1324 -0.8108
Z  0.4977 -0.7295 -0.4691

PART 18
OFFSET  18.9292  5.7486 -18.9634
X -0.6012 -0.6893  0.4041
Y -0.6503  0.1282 -0.7488
Z  0.4644 -0.7130 -0.5253

PART 19
OFFSET  18.3580  5.0937 -18.5795
X  0.8009  0.5499  0.2369
Y -0.0453  0.4502 -0.8918
Z -0.5971  0.7035  0.3855

PART 20
OFFSET  16.7207  6.0476 -19.6158
X  0.6930  0.7209 -0.0033
Y  0.6137 -0.5875  0.5275
Z  0.3783 -0.3676 -0.8495

PART 21
OFFSET  18.5619  7.8771 -19.7623
X  0.5857 -0.4589  0.6682
Y -0.7029 -0.6980  0.1368
Z  0.4036 -0.5498 -0.7313

PART 22
OFFSET  19.5590  7.0958 -18.6247
X -0.5599 -0.7814  0.2756
Y -0.7114  0.2829 -0.6433
Z  0.4247 -0.5562 -0.7143

PART 23
OFFSET  18.7830  6.0129 -18.2428
X -0.6762 -0.7211  0.1507
Y -0.5992  0.4194 -0.6819
Z  0.4285 -0.5515 -0.7157

PART 24
OFFSET  18.0496  5.2308 -18.0794
X  0.9174  0.3241  0.2309
Y -0.1212  0.7802 -0.6137
Z -0.3790  0.5350  0.7550

PART 25
OFFSET  16.8798  7.7220 -17.2838
X  0.7821  0.5761  0.2378
Y -0.4418  0.7815 -0.4405
Z -0.4396  0.2394  0.8657

PART 26
OFFSET  17.2679  8.7662 -18.2533
X  0.8083 -0.3727  0.4558
Y -0.5099 -0.8301  0.2255
Z  0.2943 -0.4147 -0.8611

PART 27
OFFSET  18.6911  8.1100 -17.4509
X -0.3267 -0.9134  0.2426
Y -0.8741  0.1945 -0.4451
Z  0.3594 -0.3575 -0.8620

PART 28
OFFSET  18.2720  7.0212 -17.1036
X -0.6063 -0.7627  0.2252
Y -0.7200  0.4063 -0.5626
Z  0.3376 -0.5033 -0.7955

PART 29
OFFSET  17.5872  6.1597 -16.8492
X  0.9423 -0.2600  0.2108
Y  0.3124  0.9094 -0.2746
Z -0.1203  0.3246  0.9382

PART 30
OFFSET  17.9690  8.4115 -19.0299
X  0.5769 -0.5730  0.5821
Y -0.7252 -0.6873  0.0421
Z  0.3759 -0.4464 -0.8120

PART 31
OFFSET  19.0960  7.2920 -17.8928
X -0.5022 -0.8343  0.2276
Y -0.7946  0.3413 -0.5022
Z  0.3413 -0.4330 -0.8343

PART 32
OFFSET  18.3626  6.0734 -17.5604
X -0.7591 -0.6507  0.0208
Y -0.5711  0.6502 -0.5010
Z  0.3124 -0.3922 -0.8652

PART 33
OFFSET  17.5055  5.3332 -17.5426
X  0.9269  0.1087  0.3593
Y  0.0747  0.8847 -0.4602
Z -0.3679  0.4534  0.8118

PART 34
OFFSET  18.5490  6.5356 -18.4850
X  0.3718 -0.4317 -0.8218
Y -0.5990  0.5648 -0.5677
Z  0.7092  0.7033 -0.0486

PART 35
OFFSET  14.4812  6.2538 -20.9437
X  0.9847 -0.1107  0.1343
Y  0.1240  0.9877 -0.0952
Z -0.1221  0.1104  0.9864

PART 36
OFFSET  13.9274  4.6686 -21.0630
X  0.9847 -0.1107  0.1343
Y  0.1240  0.9877 -0.0952
Z -0.1221  0.1104  0.9864

PART 37
OFFSET  14.6543  6.3313 -18.3552
X  0.9847 -0.1107  0.1343
Y  0.1240  0.9877 -0.0952
Z -0.1221  0.1104  0.9864

PART 38
OFFSET  14.3629  5.0534 -18.0493
X  0.9847 -0.1107  0.1343
Y  0.1240  0.9877 -0.0952
Z -0.1221  0.1104  0.9864

PART 39
OFFSET  14.0338  4.4042 -19.0012
X  0.9847 -0.1107  0.1343
Y  0.1240  0.9877 -0.0952
Z -0.1221  0.1104  0.9864

PART 40
OFFSET  9.6676  2.2401 -8.3568
X  0.5818  0.5966 -0.5528
Y -0.7959  0.2778 -0.5379
Z -0.1673  0.7529  0.6365

PART 41
OFFSET  9.6676  2.2401 -8.3568
X  0.5818  0.5966 -0.5528
Y -0.7959  0.2778 -0.5379
Z -0.1673  0.7529  0.6365

PART 42
OFFSET  12.0592  4.9673 -10.5154
X  0.5818  0.5966 -0.5528
Y -0.7959  0.2778 -0.5379
Z -0.1673  0.7529  0.6365

PART 43
OFFSET  13.8271  7.5182 -10.2304
X  0.5818  0.5966 -0.5528
Y -0.7959  0.2778 -0.5379
Z -0.1673  0.7529  0.6365

PART 44
OFFSET -13.9227 -7.9373 -3.1869
X -0.9427 -0.1691  0.2875
Y  0.0786 -0.9503 -0.3011
Z  0.3242 -0.2613  0.9092

PART 45
OFFSET -2.5214 -5.8925 -6.6641
X -0.9695 -0.2433 -0.0288
Y  0.0771 -0.1915 -0.9785
Z  0.2325 -0.9509  0.2044

PART 46
OFFSET  5.7249 -3.8233 -6.4194
X -0.9695 -0.2433 -0.0288
Y  0.2307 -0.8673 -0.4410
Z  0.0823 -0.4342  0.8970

PART 47
OFFSET  6.7960 -2.2434 -5.8884
X -0.9706 -0.2395 -0.0235
Y -0.2309  0.9542 -0.1902
Z  0.0680 -0.1792 -0.9815

PART 48
OFFSET  7.2354 -2.5429 -4.8146
X -0.9706 -0.2395 -0.0235
Y -0.2309  0.9542 -0.1902
Z  0.0680 -0.1792 -0.9815

PART 49
OFFSET  7.6566 -3.8195 -4.7520
X -0.9706 -0.2395 -0.0235
Y -0.2309  0.9542 -0.1902
Z  0.0680 -0.1792 -0.9815

PART 50
OFFSET  8.6972 -3.0775 -6.3312
X -0.3986 -0.8062  0.4371
Y  0.4647 -0.5885 -0.6616
Z  0.7907 -0.0606  0.6092

PART 51
OFFSET  8.1034 -2.1220 -6.1395
X  0.3402 -0.8923  0.2969
Y  0.3066 -0.1932 -0.9320
Z  0.8890  0.4081  0.2078

PART 52
OFFSET  7.2893 -0.2000 -6.6987
X -0.2902 -0.4456  0.8469
Y  0.4906 -0.8291 -0.2681
Z  0.8216  0.3377  0.4592

PART 53
OFFSET  7.6950  0.4320 -8.1333
X -0.4348  0.3123  0.8446
Y  0.1847 -0.8871  0.4230
Z  0.8814  0.3399  0.3281

PART 54
OFFSET  8.1218  0.0939 -9.0689
X -0.8491 -0.1706  0.4999
Y -0.4737 -0.1730 -0.8635
Z  0.2339 -0.9700  0.0661

PART 55
OFFSET  9.3723 -3.0131 -7.5327
X -0.3660 -0.4573  0.8105
Y  0.8862  0.0946  0.4535
Z -0.2841  0.8843  0.3706

PART 56
OFFSET  10.0446 -1.8685 -9.3555
X  0.7163 -0.2877  0.6357
Y  0.6977  0.3073 -0.6471
Z -0.0092  0.9071  0.4209

PART 57
OFFSET  9.0304 -1.4611 -10.2554
X  0.9602  0.1223 -0.2511
Y -0.2791  0.4519 -0.8473
Z  0.0098  0.8836  0.4681

PART 58
OFFSET  8.1790 -1.5696 -10.0328
X  0.3384  0.3938 -0.8546
Y -0.9408  0.1247 -0.3150
Z -0.0175  0.9107  0.4127

PART 59
OFFSET  7.8576 -1.9437 -9.2209
X  0.3343 -0.5112  0.7918
Y -0.9302 -0.0442  0.3643
Z -0.1512 -0.8583 -0.4903

PART 60
OFFSET  9.2615 -2.4532 -7.1040
X -0.3761 -0.6167  0.6916
Y  0.8478  0.0722  0.5254
Z -0.3739  0.7839  0.4957

PART 61
OFFSET  10.3118 -0.9675 -8.9609
X  0.6676 -0.2121  0.7137
Y  0.7400  0.2944 -0.6047
Z -0.0818  0.9318  0.3535

PART 62
OFFSET  9.1753 -0.6063 -10.1760
X  0.8791  0.2362 -0.4140
Y -0.4714  0.3027 -0.8284
Z -0.0704  0.9234  0.3774

PART 63
OFFSET  7.9569 -0.9337 -9.6023
X  0.1685  0.3877 -0.9062
Y -0.9828 -0.0044 -0.1846
Z -0.0756  0.9218  0.3803

PART 64
OFFSET  7.7741 -1.3542 -8.6194
X  0.4196 -0.2698  0.8667
Y -0.8976 -0.2654  0.3520
Z  0.1351 -0.9256 -0.3536

PART 65
OFFSET  7.0690 -5.9679 -3.6259
X -0.2451 -0.6616  0.7086
Y -0.8536 -0.1993 -0.4813
Z  0.4597 -0.7229 -0.5159

PART 66
OFFSET  10.1938  0.4854 -7.3090
X -0.4103 -0.6690  0.6197
Y  0.8637 -0.0671  0.4995
Z -0.2926  0.7402  0.6054

PART 67
OFFSET  10.9162  1.6633 -8.4001
X -0.3830 -0.6662  0.6399
Y  0.8601 -0.0045  0.5101
Z -0.3369  0.7458  0.5747

PART 68
OFFSET  11.3614  2.5185 -9.1431
X -0.3535 -0.7167  0.6012
Y  0.8694 -0.0145  0.4939
Z -0.3453  0.6973  0.6282

PART 69
OFFSET  11.7607  3.3280 -9.8222
X -0.7669  0.4425 -0.4649
Y  0.6401  0.5796 -0.5043
Z  0.0463 -0.6843 -0.7277

PART 70
OFFSET  10.5136 -0.2282 -8.0895
X  0.5599 -0.2561  0.7880
Y  0.7927  0.4425 -0.4194
Z -0.2413  0.8594  0.4508

PART 71
OFFSET  9.4198  0.2722 -9.6289
X  0.9277  0.3383 -0.1577
Y -0.2776  0.3431 -0.8974
Z -0.2494  0.8763  0.4122

PART 72
OFFSET  8.0647 -0.2219 -9.3986
X  0.2501  0.4410 -0.8620
Y -0.9243 -0.1563 -0.3481
Z -0.2882  0.8838  0.3685

PART 73
OFFSET  7.7829 -0.7277 -8.4251
X  0.4170 -0.2948  0.8597
Y -0.8874 -0.3364  0.3151
Z  0.1963 -0.8944 -0.4019

PART 74
OFFSET  6.7960 -2.2433 -5.8883
X -0.9706 -0.2395 -0.0235
Y -0.2309  0.9542 -0.1902
Z  0.0680 -0.1792 -0.9815

PART 75
OFFSET  7.2354 -2.5427 -4.8146
X -0.9706 -0.2395 -0.0235
Y -0.2309  0.9542 -0.1902
Z  0.0680 -0.1792 -0.9815

PART 76
OFFSET  7.6566 -3.8195 -4.7521
X -0.9706 -0.2395 -0.0235
Y -0.2309  0.9542 -0.1902
Z  0.0680 -0.1792 -0.9815

PART 77
OFFSET  0.0000 -0.0000 -0.0000
X  1.0000 -0.0000  0.0000
Y  0.0000  1.0000  0.0000
Z  0.0000 -0.0000  1.0000

PART 78
OFFSET  0.0000 -0.0000 -0.0000
X  1.0000 -0.0000  0.0000
Y  0.0000  1.0000  0.0000
Z  0.0000 -0.0000  1.0000

PART 79
OFFSET  1.5404 -0.0000  4.1357
X  1.0000 -0.0000  0.0000
Y  0.0000  1.0000  0.0000
Z  0.0000 -0.0000  1.0000


FRAME 1522
PART 0
OFFSET  0.0000 -0.0000 -0.0000
X  1.0000 -0.0000  0.0000
Y  0.0000  1.0000  0.0000
Z  0.0000 -0.0000  1.0000

PART 1
OFFSET -4.6318 -0.0000 -1.3770
X  1.0000 -0.0000  0.0000
Y  0.0000  1.0000  0.0000
Z  0.0000 -0.0000  1.0000

PART 2
OFFSET  0.3425  8.0297 -9.9517
X  0.3537 -0.1195 -0.9277
Y  0.3604 -0.8978  0.2530
Z -0.8632 -0.4238 -0.2745

PART 3
OFFSET  4.6196  6.5845 -21.1713
X  0.9802 -0.1162  0.1606
Y -0.1497  0.0971  0.9840
Z -0.1299 -0.9885  0.0778

PART 4
OFFSET  12.9562  5.5961 -19.8055
X  0.9802 -0.1162  0.1606
Y -0.0608  0.5946  0.8017
Z -0.1886 -0.7956  0.5757

PART 5
OFFSET  14.8122  6.9497 -20.3518
X  0.9814 -0.1141  0.1545
Y  0.1293  0.9873 -0.0924
Z -0.1420  0.1106  0.9837

PART 6
OFFSET  14.0433  4.6344 -20.8213
X  0.9814 -0.1141  0.1545
Y  0.1293  0.9873 -0.0924
Z -0.1420  0.1106  0.9837

PART 7
OFFSET  14.7200  6.2940 -18.0987
X  0.9814 -0.1141  0.1545
Y  0.1293  0.9873 -0.0924
Z -0.1420  0.1106  0.9837

PART 8
OFFSET  14.4180  5.0171 -17.7992
X  0.9814 -0.1141  0.1545
Y  0.1293  0.9873 -0.0924
Z -0.1420  0.1106  0.9837

PART 9
OFFSET  14.1064  4.3692 -18.7578
X  0.9814 -0.1141  0.1545
Y  0.1293  0.9873 -0.0924
Z -0.1420  0.1106  0.9837

PART 10
OFFSET  15.9611  5.2398 -19.3133
X  0.5529  0.7874  0.2725
Y -0.5989  0.1481  0.7870
Z  0.5794 -0.5983  0.5535

PART 11
OFFSET  15.8697  5.4912 -18.2039
X  0.3069  0.0301  0.9513
Y -0.9504 -0.0425  0.3080
Z  0.0497 -0.9986  0.0156

PART 12
OFFSET  16.4398  5.4964 -16.1195
X  0.9432  0.3025  0.1377
Y -0.1266 -0.0562  0.9904
Z  0.3073 -0.9515 -0.0147

PART 13
OFFSET  18.0044  5.8815 -15.9580
X  0.6461  0.0915 -0.7578
Y  0.7431  0.1513  0.6518
Z  0.1743 -0.9842  0.0298

PART 14
OFFSET  18.7237  5.9379 -16.7650
X  0.5181  0.7309 -0.4442
Y -0.7278  0.6495  0.2199
Z  0.4492  0.2094  0.8685

PART 15
OFFSET  17.1873  5.6266 -19.8135
X  0.8201  0.5354 -0.2020
Y  0.5542 -0.6549  0.5138
Z  0.1428 -0.5333 -0.8338

PART 16
OFFSET  19.0770  6.8270 -20.0830
X  0.3860 -0.4524  0.8039
Y -0.7847 -0.6193  0.0283
Z  0.4851 -0.6417 -0.5940

PART 17
OFFSET  19.6235  6.1864 -18.9448
X -0.6746 -0.6617  0.3272
Y -0.5618  0.1727 -0.8091
Z  0.4789 -0.7296 -0.4882

PART 18
OFFSET  19.0254  5.5998 -18.6547
X -0.6231 -0.6831  0.3809
Y -0.6423  0.1689 -0.7476
Z  0.4464 -0.7105 -0.5440

PART 19
OFFSET  18.4335  4.9508 -18.2928
X  0.8152  0.5192  0.2566
Y -0.0276  0.4773 -0.8783
Z -0.5785  0.7089  0.4034

PART 20
OFFSET  16.8300  5.9818 -19.3078
X  0.7136  0.7003  0.0210
Y  0.5936 -0.6203  0.5127
Z  0.3721 -0.3534 -0.8583

PART 21
OFFSET  18.7240  7.7605 -19.3921
X  0.5686 -0.4951  0.6569
Y -0.7235 -0.6810  0.1130
Z  0.3914 -0.5395 -0.7454

PART 22
OFFSET  19.6921  6.9176 -18.2736
X -0.5837 -0.7725  0.2499
Y -0.6995  0.3222 -0.6379
Z  0.4123 -0.5471 -0.7285

PART 23
OFFSET  18.8831  5.8469 -17.9273
X -0.6976 -0.7053  0.1264
Y -0.5832  0.4565 -0.6719
Z  0.4162 -0.5424 -0.7297

PART 24
OFFSET  18.1265  5.0820 -17.7902
X  0.9252  0.2904  0.2444
Y -0.0953  0.8011 -0.5909
Z -0.3674  0.5234  0.7688

PART 25
OFFSET  17.0250  7.5817 -16.9268
X  0.7971  0.5459  0.2581
Y -0.4167  0.8066 -0.4192
Z -0.4370  0.2266  0.8704

PART 26
OFFSET  17.4483  8.6421 -17.8634
X  0.7948 -0.4092  0.4482
Y -0.5349 -0.8212  0.1987
Z  0.2868 -0.3976 -0.8716

PART 27
OFFSET  18.8476  7.9216 -17.0743
X -0.3543 -0.9103  0.2141
Y -0.8657  0.2327 -0.4431
Z  0.3535 -0.3423 -0.8705

PART 28
OFFSET  18.3954  6.8358 -16.7611
X -0.6293 -0.7510  0.1999
Y -0.7050  0.4433 -0.5535
Z  0.3271 -0.4893 -0.8085

PART 29
OFFSET  17.6846  5.9875 -16.5353
X  0.9333 -0.2934  0.2072
Y  0.3400  0.9076 -0.2463
Z -0.1158  0.3003  0.9468

PART 30
OFFSET  18.1430  8.2902 -18.6469
X  0.5570 -0.6064  0.5675
Y -0.7449 -0.6669  0.0186
Z  0.3672 -0.4331 -0.8232

PART 31
OFFSET  19.2311  7.1056 -17.5383
X -0.5273 -0.8257  0.2006
Y -0.7817  0.3788 -0.4955
Z  0.3331 -0.4181 -0.8451

PART 32
OFFSET  18.4610  5.8995 -17.2453
X -0.7777 -0.6287 -0.0017
Y -0.5494  0.6810 -0.4841
Z  0.3056 -0.3755 -0.8750

PART 33
OFFSET  17.5828  5.1844 -17.2531
X  0.9277  0.0711  0.3665
Y  0.1027  0.8952 -0.4336
Z -0.3589  0.4399  0.8232

PART 34
OFFSET  18.6656  6.3831 -18.1550
X  0.3635 -0.4181 -0.8325
Y -0.5794  0.5983 -0.5535
Z  0.7295  0.6835 -0.0247

PART 35
OFFSET  14.6000  6.2176 -20.6902
X  0.9814 -0.1141  0.1545
Y  0.1293  0.9873 -0.0924
Z -0.1420  0.1106  0.9837

PART 36
OFFSET  14.0433  4.6344 -20.8213
X  0.9814 -0.1141  0.1545
Y  0.1293  0.9873 -0.0924
Z -0.1420  0.1106  0.9837

PART 37
OFFSET  14.7200  6.2940 -18.0987
X  0.9814 -0.1141  0.1545
Y  0.1293  0.9873 -0.0924
Z -0.1420  0.1106  0.9837

PART 38
OFFSET  14.4180  5.0171 -17.7992
X  0.9814 -0.1141  0.1545
Y  0.1293  0.9873 -0.0924
Z -0.1420  0.1106  0.9837

PART 39
OFFSET  14.1064  4.3692 -18.7578
X  0.9814 -0.1141  0.1545
Y  0.1293  0.9873 -0.0924
Z -0.1420  0.1106  0.9837

PART 40
OFFSET  9.6101  2.0521 -8.1975
X  0.6017  0.5954 -0.5324
Y -0.7847  0.3165 -0.5330
Z -0.1489  0.7384  0.6577

PART 41
OFFSET  9.6101  2.0521 -8.1975
X  0.6017  0.5954 -0.5324
Y -0.7847  0.3165 -0.5330
Z -0.1489  0.7384  0.6577

PART 42
OFFSET  12.0910  4.7708 -10.2641
X  0.6017  0.5954 -0.5324
Y -0.7847  0.3165 -0.5330
Z -0.1489  0.7384  0.6577

PART 43
OFFSET  13.9303  7.2598 -9.8961
X  0.6017  0.5954 -0.5324
Y -0.7847  0.3165 -0.5330
Z -0.1489  0.7384  0.6577

PART 44
OFFSET -13.9227 -7.9373 -3.1869
X -0.9284 -0.1479  0.3409
Y  0.0444 -0.9549 -0.2935
Z  0.3689 -0.2573  0.8931

PART 45
OFFSET -2.6948 -6.1488 -7.3097
X -0.9654 -0.2469 -0.0843
Y  0.1304 -0.1767 -0.9756
Z  0.2259 -0.9528  0.2028

PART 46
OFFSET  5.5161 -4.0491 -6.5925
X -0.9654 -0.2469 -0.0843
Y  0.2537 -0.8133 -0.5236
Z  0.0607 -0.5268  0.8478

PART 47
OFFSET  6.5494 -2.4727 -5.9818
X -0.9668 -0.2432 -0.0791
Y -0.2251  0.9559 -0.1885
Z  0.1214 -0.1644 -0.9789

PART 48
OFFSET  6.9321 -2.7863 -4.8904
X -0.9668 -0.2432 -0.0791
Y -0.2251  0.9559 -0.1885
Z  0.1214 -0.1644 -0.9789

PART 49
OFFSET  7.3556 -4.0618 -4.8239
X -0.9668 -0.2432 -0.0791
Y -0.2251  0.9559 -0.1885
Z  0.1214 -0.1644 -0.9789

PART 50
OFFSET  8.4757 -3.2923 -6.3339
X -0.4241 -0.8068  0.4114
Y  0.4510 -0.5821 -0.6766
Z  0.7854 -0.1014  0.6107

PART 51
OFFSET  7.9088 -2.3260 -6.1168
X  0.3127 -0.9101  0.2719
Y  0.3057 -0.1746 -0.9360
Z  0.8993  0.3758  0.2236

PART 52
OFFSET  7.1535 -0.3655 -6.6224
X -0.3074 -0.4615  0.8322
Y  0.4678 -0.8349 -0.2902
Z  0.8287  0.3001  0.4725

PART 53
OFFSET  7.5848  0.2961 -8.0361
X -0.4300  0.2998  0.8516
Y  0.1567 -0.9041  0.3974
Z  0.8891  0.3043  0.3418

PART 54
OFFSET  8.0064 -0.0267 -8.9794
X -0.8562 -0.1605  0.4910
Y -0.4740 -0.1337 -0.8703
Z  0.2053 -0.9779  0.0384

PART 55
OFFSET  9.1587 -3.2123 -7.5300
X -0.3832 -0.4701  0.7951
Y  0.8862  0.0555  0.4600
Z -0.2604  0.8809  0.3953

PART 56
OFFSET  9.8732 -2.0346 -9.3152
X  0.7045 -0.3266  0.6301
Y  0.7096  0.3057 -0.6349
Z  0.0147  0.8943  0.4471

PART 57
OFFSET  8.8758 -1.5721 -10.2073
X  0.9647  0.1016 -0.2429
Y -0.2612  0.4842 -0.8350
Z  0.0328  0.8690  0.4937

PART 58
OFFSET  8.0204 -1.6622 -9.9919
X  0.3543  0.4085 -0.8412
Y -0.9351  0.1611 -0.3156
Z  0.0066  0.8984  0.4390

PART 59
OFFSET  7.6839 -2.0503 -9.1927
X  0.3151 -0.5435  0.7781
Y -0.9331 -0.0277  0.3585
Z -0.1733 -0.8390 -0.5158

PART 60
OFFSET  9.0619 -2.6622 -7.0855
X -0.3973 -0.6256  0.6714
Y  0.8468  0.0322  0.5310
Z -0.3538  0.7795  0.5169

PART 61
OFFSET  10.1643 -1.1538 -8.8932
X  0.6575 -0.2520  0.7101
Y  0.7513  0.2902 -0.5927
Z -0.0567  0.9232  0.3802

PART 62
OFFSET  9.0450 -0.7247 -10.1021
X  0.8878  0.2224 -0.4029
Y -0.4580  0.3402 -0.8213
Z -0.0456  0.9137  0.4039

PART 63
OFFSET  7.8145 -1.0329 -9.5437
X  0.1844  0.4088 -0.8938
Y -0.9815  0.0295 -0.1890
Z -0.0509  0.9121  0.4067

PART 64
OFFSET  7.6146 -1.4763 -8.5743
X  0.4071 -0.3069  0.8603
Y -0.9067 -0.2494  0.3402
Z  0.1101 -0.9185 -0.3798

PART 65
OFFSET  6.7503 -6.2123 -3.7223
X -0.2679 -0.6747  0.6877
Y -0.8564 -0.1602 -0.4908
Z  0.4413 -0.7205 -0.5350

PART 66
OFFSET  10.0798  0.2527 -7.1996
X -0.4342 -0.6744  0.5973
Y  0.8581 -0.1078  0.5021
Z -0.2742  0.7305  0.6254

PART 67
OFFSET  10.8442  1.4401 -8.2512
X -0.4042 -0.6731  0.6193
Y  0.8575 -0.0434  0.5126
Z -0.3181  0.7383  0.5947

PART 68
OFFSET  11.3164  2.3031 -8.9680
X -0.3737 -0.7234  0.5806
Y  0.8676 -0.0512  0.4946
Z -0.3281  0.6885  0.6467

PART 69
OFFSET  11.7384  3.1202 -9.6237
X -0.7538  0.4754 -0.4536
Y  0.6564  0.5761 -0.4871
Z  0.0298 -0.6650 -0.7463

PART 70
OFFSET  10.3830 -0.4466 -7.9993
X  0.5481 -0.2952  0.7826
Y  0.8074  0.4312 -0.4027
Z -0.2186  0.8526  0.4747

PART 71
OFFSET  9.3123  0.1302 -9.5281
X  0.9381  0.3154 -0.1434
Y -0.2626  0.3771 -0.8882
Z -0.2260  0.8708  0.4366

PART 72
OFFSET  7.9421 -0.3305 -9.3187
X  0.2674  0.4584 -0.8476
Y -0.9266 -0.1190 -0.3567
Z -0.2643  0.8807  0.3930

PART 73
OFFSET  7.6405 -0.8560 -8.3618
X  0.4037 -0.3318  0.8526
Y -0.8985 -0.3194  0.3012
Z  0.1724 -0.8876 -0.4271

PART 74
OFFSET  6.5494 -2.4727 -5.9818
X -0.9668 -0.2432 -0.0791
Y -0.2251  0.9559 -0.1885
Z  0.1214 -0.1644 -0.9789

PART 75
OFFSET  6.9320 -2.7861 -4.8904
X -0.9668 -0.2432 -0.0791
Y -0.2251  0.9559 -0.1885
Z  0.1214 -0.1644 -0.9789

PART 76
OFFSET  7.3556 -4.0619 -4.8240
X -0.9668 -0.2432 -0.0791
Y -0.2251  0.9559 -0.1885
Z  0.1214 -0.1644 -0.9789

PART 77
OFFSET  0.0000 -0.0000 -0.0000
X  1.0000 -0.0000  0.0000
Y  0.0000  1.0000  0.0000
Z  0.0000 -0.0000  1.0000

PART 78
OFFSET  0.0000 -0.0000 -0.0000
X  1.0000 -0.0000  0.0000
Y  0.0000  1.0000  0.0000
Z  0.0000 -0.0000  1.0000

PART 79
OFFSET  1.5404 -0.0000  4.1357
X  1.0000 -0.0000  0.0000
Y  0.0000  1.0000  0.0000
Z  0.0000 -0.0000  1.0000


FRAME 1523
PART 0
OFFSET  0.0000 -0.0000 -0.0000
X  1.0000 -0.0000  0.0000
Y  0.0000  1.0000  0.0000
Z  0.0000 -0.0000  1.0000

PART 1
OFFSET -4.6318 -0.0000 -1.3770
X  1.0000 -0.0000  0.0000
Y  0.0000  1.0000  0.0000
Z  0.0000 -0.0000  1.0000

PART 2
OFFSET  0.3425  8.0297 -9.9517
X  0.3717 -0.1203 -0.9205
Y  0.3499 -0.9003  0.2589
Z -0.8599 -0.4183 -0.2926

PART 3
OFFSET  4.8380  6.5754 -21.0844
X  0.9740 -0.1211  0.1915
Y -0.1803  0.0980  0.9787
Z -0.1373 -0.9878  0.0736

PART 4
OFFSET  13.1222  5.5456 -19.4555
X  0.9740 -0.1211  0.1915
Y -0.1020  0.5206  0.8477
Z -0.2023 -0.8452  0.4947

PART 5
OFFSET  15.0013  6.8899 -19.9427
X  0.9754 -0.1189  0.1855
Y  0.1371  0.9866 -0.0882
Z -0.1725  0.1115  0.9787

PART 6
OFFSET  14.2360  4.5783 -20.4364
X  0.9754 -0.1189  0.1855
Y  0.1371  0.9866 -0.0882
Z -0.1725  0.1115  0.9787

PART 7
OFFSET  14.8346  6.2349 -17.6936
X  0.9754 -0.1189  0.1855
Y  0.1371  0.9866 -0.0882
Z -0.1725  0.1115  0.9787

PART 8
OFFSET  14.5168  4.9595 -17.4039
X  0.9754 -0.1189  0.1855
Y  0.1371  0.9866 -0.0882
Z -0.1725  0.1115  0.9787

PART 9
OFFSET  14.2325  4.3131 -18.3719
X  0.9754 -0.1189  0.1855
Y  0.1371  0.9866 -0.0882
Z -0.1725  0.1115  0.9787

PART 10
OFFSET  16.1082  5.1744 -18.8684
X  0.5845  0.7489  0.3122
Y -0.5989  0.1386  0.7887
Z  0.5474 -0.6480  0.5295

PART 11
OFFSET  16.0179  5.3789 -17.7493
X  0.2993 -0.0268  0.9538
Y -0.9541 -0.0142  0.2990
Z  0.0056 -0.9995 -0.0299

PART 12
OFFSET  16.5688  5.2640 -15.6630
X  0.9543  0.2538  0.1580
Y -0.1379 -0.0955  0.9858
Z  0.2653 -0.9625 -0.0561

PART 13
OFFSET  18.1473  5.5716 -15.4729
X  0.6563  0.0970 -0.7482
Y  0.7431  0.0884  0.6633
Z  0.1305 -0.9913 -0.0141

PART 14
OFFSET  18.8756  5.6326 -16.2714
X  0.5538  0.7266 -0.4066
Y -0.7005  0.6705  0.2443
Z  0.4501  0.1495  0.8803

PART 15
OFFSET  17.3547  5.5287 -19.3417
X  0.8446  0.5071 -0.1715
Y  0.5201 -0.7015  0.4872
Z  0.1267 -0.5007 -0.8563

PART 16
OFFSET  19.2978  6.6550 -19.5427
X  0.3584 -0.5052  0.7851
Y -0.8114 -0.5845 -0.0056
Z  0.4617 -0.6350 -0.6194

PART 17
OFFSET  19.8052  5.9398 -18.4312
X -0.7060 -0.6453  0.2918
Y -0.5463  0.2340 -0.8042
Z  0.4507 -0.7272 -0.5178

PART 18
OFFSET  19.1793  5.3677 -18.1725
X -0.6559 -0.6714  0.3449
Y -0.6275  0.2311 -0.7436
Z  0.4196 -0.7041 -0.5729

PART 19
OFFSET  18.5561  4.7298 -17.8448
X  0.8349  0.4703  0.2858
Y  0.0014  0.5175 -0.8557
Z -0.5504  0.7148  0.4314

PART 20
OFFSET  17.0088  5.8761 -18.8228
X  0.7435  0.6662  0.0581
Y  0.5611 -0.6687  0.4879
Z  0.3639 -0.3302 -0.8710

PART 21
OFFSET  18.9800  7.5709 -18.8122
X  0.5403 -0.5492  0.6376
Y -0.7538 -0.6527  0.0766
Z  0.3740 -0.5220 -0.7666

PART 22
OFFSET  19.8998  6.6359 -17.7268
X -0.6194 -0.7564  0.2102
Y -0.6789  0.3816 -0.6273
Z  0.3944 -0.5312 -0.7498

PART 23
OFFSET  19.0414  5.5876 -17.4355
X -0.7291 -0.6786  0.0890
Y -0.5565  0.5120 -0.6544
Z  0.3985 -0.5266 -0.7509

PART 24
OFFSET  18.2507  4.8516 -17.3390
X  0.9348  0.2377  0.2639
Y -0.0546  0.8305 -0.5543
Z -0.3509  0.5037  0.7894

PART 25
OFFSET  17.2525  7.3558 -16.3697
X  0.8180  0.4977  0.2885
Y -0.3769  0.8426 -0.3847
Z -0.4345  0.2060  0.8768

PART 26
OFFSET  17.7305  8.4379 -17.2537
X  0.7719 -0.4641  0.4345
Y -0.5723 -0.8049  0.1571
Z  0.2768 -0.3699 -0.8868

PART 27
OFFSET  19.0896  7.6209 -16.4887
X -0.3959 -0.9025  0.1697
Y -0.8506  0.2908 -0.4380
Z  0.3460 -0.3178 -0.8828

PART 28
OFFSET  18.5872  6.5431 -16.2288
X -0.6635 -0.7307  0.1609
Y -0.6798  0.4989 -0.5376
Z  0.3125 -0.4661 -0.8277

PART 29
OFFSET  17.8378  5.7178 -16.0470
X  0.9175 -0.3436  0.2001
Y  0.3818  0.9019 -0.2021
Z -0.1110  0.2618  0.9587

PART 30
OFFSET  18.4161  8.0915 -18.0477
X  0.5246 -0.6557  0.5430
Y -0.7737 -0.6333 -0.0172
Z  0.3552 -0.4111 -0.8395

PART 31
OFFSET  19.4409  6.8106 -16.9869
X -0.5649 -0.8097  0.1589
Y -0.7597  0.4352 -0.4831
Z  0.3220 -0.3936 -0.8610

PART 32
OFFSET  18.6159  5.6278 -16.7549
X -0.8045 -0.5928 -0.0360
Y -0.5145  0.7260 -0.4563
Z  0.2966 -0.3486 -0.8891

PART 33
OFFSET  17.7071  4.9534 -16.8016
X  0.9266  0.0132  0.3759
Y  0.1459  0.9086 -0.3914
Z -0.3467  0.4175  0.8400

PART 34
OFFSET  18.8498  6.1427 -17.6400
X  0.3523 -0.3955 -0.8482
Y -0.5474  0.6480 -0.5295
Z  0.7591  0.6509  0.0118

PART 35
OFFSET  14.7962  6.1588 -20.2876
X  0.9754 -0.1189  0.1855
Y  0.1371  0.9866 -0.0882
Z -0.1725  0.1115  0.9787

PART 36
OFFSET  14.2360  4.5783 -20.4364
X  0.9754 -0.1189  0.1855
Y  0.1371  0.9866 -0.0882
Z -0.1725  0.1115  0.9787

PART 37
OFFSET  14.8346  6.2349 -17.6936
X  0.9754 -0.1189  0.1855
Y  0.1371  0.9866 -0.0882
Z -0.1725  0.1115  0.9787

PART 38
OFFSET  14.5168  4.9595 -17.4039
X  0.9754 -0.1189  0.1855
Y  0.1371  0.9866 -0.0882
Z -0.1725  0.1115  0.9787

PART 39
OFFSET  14.2325  4.3131 -18.3719
X  0.9754 -0.1189  0.1855
Y  0.1371  0.9866 -0.0882
Z -0.1725  0.1115  0.9787

PART 40
OFFSET  9.5227  1.7697 -7.9552
X  0.6321  0.5917 -0.5003
Y -0.7652  0.3749 -0.5234
Z -0.1222  0.7137  0.6897

PART 41
OFFSET  9.5227  1.7697 -7.9552
X  0.6321  0.5917 -0.5003
Y -0.7652  0.3749 -0.5234
Z -0.1222  0.7137  0.6897

PART 42
OFFSET  12.1395  4.4668 -9.8776
X  0.6321  0.5917 -0.5003
Y -0.7652  0.3749 -0.5234
Z -0.1222  0.7137  0.6897

PART 43
OFFSET  14.0832  6.8524 -9.3831
X  0.6321  0.5917 -0.5003
Y -0.7652  0.3749 -0.5234
Z -0.1222  0.7137  0.6897

PART 44
OFFSET -13.9227 -7.9373 -3.1869
X -0.9078 -0.1217  0.4014
Y  0.0034 -0.9591 -0.2831
Z  0.4194 -0.2556  0.8711

PART 45
OFFSET -2.9441 -6.4651 -8.0414
X -0.9577 -0.2478 -0.1465
Y  0.1896 -0.1602 -0.9687
Z  0.2165 -0.9555  0.2004

PART 46
OFFSET  5.2013 -4.3578 -6.7955
X -0.9577 -0.2478 -0.1465
Y  0.2838 -0.7283 -0.6237
Z  0.0478 -0.6388  0.7678

PART 47
OFFSET  6.1905 -2.7892 -6.0979
X -0.9594 -0.2442 -0.1413
Y -0.2165  0.9584 -0.1861
Z  0.1808 -0.1479 -0.9723

PART 48
OFFSET  6.5077 -3.1198 -4.9907
X -0.9594 -0.2442 -0.1413
Y -0.2165  0.9584 -0.1861
Z  0.1808 -0.1479 -0.9723

PART 49
OFFSET  6.9308 -4.3953 -4.9195
X -0.9594 -0.2442 -0.1413
Y -0.2165  0.9584 -0.1861
Z  0.1808 -0.1479 -0.9723

PART 50
OFFSET  8.1373 -3.5982 -6.3464
X -0.4629 -0.8050  0.3710
Y  0.4310 -0.5701 -0.6994
Z  0.7746 -0.1638  0.6109

PART 51
OFFSET  7.6115 -2.6186 -6.0892
X  0.2699 -0.9345  0.2319
Y  0.3059 -0.1451 -0.9409
Z  0.9130  0.3249  0.2467

PART 52
OFFSET  6.9477 -0.6055 -6.5094
X -0.3349 -0.4846  0.8081
Y  0.4330 -0.8408 -0.3248
Z  0.8369  0.2412  0.4914

PART 53
OFFSET  7.4204  0.0996 -7.8884
X -0.4238  0.2796  0.8615
Y  0.1132 -0.9274  0.3566
Z  0.8987  0.2486  0.3614

PART 54
OFFSET  7.8357 -0.1983 -8.8427
X -0.8668 -0.1445  0.4773
Y -0.4718 -0.0728 -0.8787
Z  0.1617 -0.9868 -0.0051

PART 55
OFFSET  8.8340 -3.4944 -7.5327
X -0.4105 -0.4884  0.7700
Y  0.8836 -0.0047  0.4681
Z -0.2250  0.8726  0.4335

PART 56
OFFSET  9.6152 -2.2693 -9.2571
X  0.6839 -0.3854  0.6194
Y  0.7278  0.3024 -0.6155
Z  0.0499  0.8718  0.4873

PART 57
OFFSET  8.6469 -1.7236 -10.1340
X  0.9705  0.0694 -0.2309
Y -0.2318  0.5324 -0.8141
Z  0.0664  0.8437  0.5328

PART 58
OFFSET  7.7865 -1.7852 -9.9293
X  0.3797  0.4297 -0.8193
Y -0.9242  0.2164 -0.3148
Z  0.0421  0.8766  0.4793

PART 59
OFFSET  7.4257 -2.1935 -9.1510
X  0.2836 -0.5913  0.7549
Y -0.9367 -0.0023  0.3501
Z -0.2053 -0.8064 -0.5546

PART 60
OFFSET  8.7575 -2.9613 -7.0642
X -0.4304 -0.6372  0.6393
Y  0.8426 -0.0295  0.5378
Z -0.3238  0.7701  0.5496

PART 61
OFFSET  9.9411 -1.4225 -8.7932
X  0.6395 -0.3126  0.7023
Y  0.7685  0.2830 -0.5738
Z -0.0194  0.9068  0.4212

PART 62
OFFSET  8.8523 -0.8903 -9.9890
X  0.9004  0.2005 -0.3861
Y -0.4350  0.3968 -0.8083
Z -0.0089  0.8957  0.4445

PART 63
OFFSET  7.6044 -1.1682 -9.4539
X  0.2101  0.4400 -0.8731
Y -0.9776  0.0815 -0.1942
Z -0.0143  0.8943  0.4472

PART 64
OFFSET  7.3766 -1.6454 -8.5070
X  0.3856 -0.3630  0.8482
Y -0.9198 -0.2239  0.3223
Z  0.0729 -0.9045 -0.4203

PART 65
OFFSET  6.2615 -6.5545 -3.8835
X -0.3035 -0.6928  0.6542
Y -0.8582 -0.0996 -0.5036
Z  0.4140 -0.7143 -0.5643

PART 66
OFFSET  9.9037 -0.0922 -7.0375
X -0.4710 -0.6802  0.5618
Y  0.8468 -0.1700  0.5040
Z -0.2473  0.7131  0.6560

PART 67
OFFSET  10.7329  1.1053 -8.0265
X -0.4371 -0.6818  0.5866
Y  0.8512 -0.1029  0.5146
Z -0.2905  0.7243  0.6253

PART 68
OFFSET  11.2466  1.9782 -8.7017
X -0.4048 -0.7321  0.5479
Y  0.8628 -0.1072  0.4941
Z -0.3029  0.6727  0.6750

PART 69
OFFSET  11.7038  2.8051 -9.3206
X -0.7323  0.5243 -0.4345
Y  0.6810  0.5696 -0.4602
Z  0.0062 -0.6329 -0.7742

PART 70
OFFSET  10.1830 -0.7672 -7.8662
X  0.5275 -0.3544  0.7721
Y  0.8292  0.4126 -0.3771
Z -0.1849  0.8392  0.5115

PART 71
OFFSET  9.1525 -0.0748 -9.3746
X  0.9524  0.2792 -0.1221
Y -0.2373  0.4283 -0.8719
Z -0.1912  0.8594  0.4742

PART 72
OFFSET  7.7613 -0.4827 -9.1963
X  0.2950  0.4839 -0.8239
Y -0.9277 -0.0612 -0.3682
Z -0.2286  0.8730  0.4308

PART 73
OFFSET  7.4282 -1.0369 -8.2664
X  0.3809 -0.3877  0.8394
Y -0.9144 -0.2922  0.2800
Z  0.1367 -0.8742 -0.4658

PART 74
OFFSET  6.1905 -2.7892 -6.0978
X -0.9594 -0.2442 -0.1413
Y -0.2165  0.9584 -0.1861
Z  0.1808 -0.1479 -0.9723

PART 75
OFFSET  6.5077 -3.1196 -4.9906
X -0.9594 -0.2442 -0.1413
Y -0.2165  0.9584 -0.1861
Z  0.1808 -0.1479 -0.9723

PART 76
