// Export filename: `C:\projects\cod\t5\xanim_export\t5_viewmodels\ak74u\ak74u_d2p_out.XANIM_EXPORT`
// Source filename: `D:\projects\devanim\t5\animation_assets\viewmodels\ak74u/t5_viewmodel_ak74u_animated2.fbx`
// Export time: Fri Aug 27 21:23:25 2010

ANIMATION
VERSION 3

NUMPARTS 80
PART 0 "tag_ads"
PART 1 "tag_torso"
PART 2 "J_Shoulder_LE"
PART 3 "J_Elbow_LE"
PART 4 "J_WristTwist_LE"
PART 5 "J_Sleave_Reshape_Bottom_LE_1"
PART 6 "J_Sleave_Reshape_Bottom_LE_2"
PART 7 "J_Sleave_Reshape_Top_LE_1"
PART 8 "J_Sleave_Reshape_Top_LE_2"
PART 9 "J_Sleave_Reshape_Top_LE_3"
PART 10 "J_Wrist_LE"
PART 11 "J_Thumb_LE_0"
PART 12 "J_Thumb_LE_1"
PART 13 "J_Thumb_LE_2"
PART 14 "J_Thumb_LE_3"
PART 15 "J_PinkyPalm_LE"
PART 16 "J_Pinky_LE_0"
PART 17 "J_Pinky_LE_1"
PART 18 "J_Pinky_LE_2"
PART 19 "J_Pinky_LE_3"
PART 20 "J_RingPalm_LE"
PART 21 "J_Ring_LE_0"
PART 22 "J_Ring_LE_1"
PART 23 "J_Ring_LE_2"
PART 24 "J_Ring_LE_3"
PART 25 "J_Webbing_LE"
PART 26 "J_Index_LE_0"
PART 27 "J_Index_LE_1"
PART 28 "J_Index_LE_2"
PART 29 "J_Index_LE_3"
PART 30 "J_Mid_LE_0"
PART 31 "J_Mid_LE_1"
PART 32 "J_Mid_LE_2"
PART 33 "J_Mid_LE_3"
PART 34 "tag_knife_attach"
PART 35 "D_Sleave_Reshape_Bottom_LE_1"
PART 36 "D_Sleave_Reshape_Bottom_LE_2"
PART 37 "D_Sleave_Reshape_Top_LE_1"
PART 38 "D_Sleave_Reshape_Top_LE_2"
PART 39 "D_Sleave_Reshape_Top_LE_3"
PART 40 "tag_weapon"
PART 41 "J_Gun"
PART 42 "TAG_CLIP"
PART 43 "J_Bolt"
PART 44 "J_Shoulder_RI"
PART 45 "J_Elbow_RI"
PART 46 "J_WristTwist_RI"
PART 47 "J_Sleave_Reshape_Top_RI_3"
PART 48 "J_Sleave_Reshape_Top_RI_2"
PART 49 "J_Sleave_Reshape_Top_RI_1"
PART 50 "J_Wrist_RI"
PART 51 "J_Thumb_RI_0"
PART 52 "J_Thumb_RI_1"
PART 53 "J_Thumb_RI_2"
PART 54 "J_Thumb_RI_3"
PART 55 "J_PinkyPalm_RI"
PART 56 "J_Pinky_RI_0"
PART 57 "J_Pinky_RI_1"
PART 58 "J_Pinky_RI_2"
PART 59 "J_Pinky_RI_3"
PART 60 "J_RingPalm_RI"
PART 61 "J_Ring_RI_0"
PART 62 "J_Ring_RI_1"
PART 63 "J_Ring_RI_2"
PART 64 "J_Ring_RI_3"
PART 65 "J_Webbing_RI"
PART 66 "J_Index_RI_0"
PART 67 "J_Index_RI_1"
PART 68 "J_Index_RI_2"
PART 69 "J_Index_RI_3"
PART 70 "J_Mid_RI_0"
PART 71 "J_Mid_RI_1"
PART 72 "J_Mid_RI_2"
PART 73 "J_Mid_RI_3"
PART 74 "D_Sleave_Reshape_Top_RI_3"
PART 75 "D_Sleave_Reshape_Top_RI_2"
PART 76 "D_Sleave_Reshape_Top_RI_1"
PART 77 "tag_cambone"
PART 78 "tag_camera"
PART 79 "tag_gasmask"

FRAMERATE 30
NUMFRAMES 11

FRAME 975
PART 0
OFFSET  0.0000 -0.0000 -0.0000
X  1.0000 -0.0000  0.0000
Y  0.0000  1.0000  0.0000
Z  0.0000 -0.0000  1.0000

PART 1
OFFSET -4.6318 -0.0000 -1.3770
X  1.0000 -0.0000  0.0000
Y  0.0000  1.0000  0.0000
Z  0.0000 -0.0000  1.0000

PART 2
OFFSET -3.4653  6.2125 -3.1869
X  0.7138 -0.1237 -0.6894
Y -0.0656 -0.9918  0.1101
Z -0.6973 -0.0334 -0.7160

PART 3
OFFSET  5.1670  4.7161 -11.5240
X  0.7999 -0.4873  0.3503
Y -0.4366 -0.0719  0.8968
Z -0.4119 -0.8703 -0.2702

PART 4
OFFSET  11.9701  0.5710 -8.5443
X  0.7999 -0.4873  0.3503
Y -0.0235  0.5579  0.8296
Z -0.5997 -0.6718  0.4348

PART 5
OFFSET  14.1957  1.2643 -8.1678
X  0.8036 -0.4845  0.3457
Y  0.4158  0.8726  0.2563
Z -0.4259 -0.0622  0.9026

PART 6
OFFSET  13.0286 -0.4685 -9.5124
X  0.8036 -0.4845  0.3457
Y  0.4158  0.8726  0.2563
Z -0.4259 -0.0622  0.9026

PART 7
OFFSET  13.1836  0.2122 -6.3284
X  0.8036 -0.4845  0.3457
Y  0.4158  0.8726  0.2563
Z -0.4259 -0.0622  0.9026

PART 8
OFFSET  12.4641 -0.9077 -6.5277
X  0.8036 -0.4845  0.3457
Y  0.4158  0.8726  0.2563
Z -0.4259 -0.0622  0.9026

PART 9
OFFSET  12.3260 -1.1792 -7.6865
X  0.8036 -0.4845  0.3457
Y  0.4158  0.8726  0.2563
Z -0.4259 -0.0622  0.9026

PART 10
OFFSET  14.4222 -0.9230 -7.4703
X  0.9495 -0.3095 -0.0510
Y  0.2163  0.5281  0.8211
Z -0.2272 -0.7907  0.5684

PART 11
OFFSET  14.9648 -0.8772 -6.4674
X  0.9459 -0.1969  0.2578
Y  0.0683  0.8977  0.4354
Z -0.3171 -0.3942  0.8626

PART 12
OFFSET  16.9952 -1.2345 -5.8197
X  0.9034 -0.3785 -0.2015
Y  0.4104  0.6272  0.6620
Z -0.1242 -0.6807  0.7219

PART 13
OFFSET  18.4152 -1.9592 -6.1037
X  0.9609 -0.1948  0.1965
Y  0.0614  0.8425  0.5352
Z -0.2698 -0.5022  0.8216

PART 14
OFFSET  19.4430 -2.1786 -5.8444
X  0.8953  0.3524 -0.2724
Y -0.3683  0.2418 -0.8977
Z -0.2505  0.9041  0.3463

PART 15
OFFSET  14.9482 -1.9102 -8.2778
X  0.6954 -0.6498 -0.3069
Y -0.3849 -0.6974  0.6045
Z -0.6069 -0.3022 -0.7351

PART 16
OFFSET  16.5518 -3.4117 -8.7862
X -0.0772 -0.4049  0.9111
Y -0.5729  0.7659  0.2918
Z -0.8160 -0.4994 -0.2910

PART 17
OFFSET  16.4426 -3.9849 -7.4963
X -0.2790 -0.0867  0.9564
Y -0.5315  0.8434 -0.0786
Z -0.7998 -0.5302 -0.2814

PART 18
OFFSET  16.1952 -4.0618 -6.6483
X -0.4184  0.1811  0.8900
Y -0.3666  0.8628 -0.3480
Z -0.8310 -0.4719 -0.2946

PART 19
OFFSET  15.7977 -3.8897 -5.8028
X  0.6703 -0.6120 -0.4197
Y -0.1125  0.4752 -0.8727
Z  0.7335  0.6322  0.2497

PART 20
OFFSET  15.3325 -1.5169 -7.8227
X  0.8358 -0.4615 -0.2973
Y -0.2559 -0.8066  0.5328
Z -0.4857 -0.3692 -0.7923

PART 21
OFFSET  17.4061 -2.9392 -8.4830
X -0.0096 -0.7712  0.6366
Y -0.5102  0.5513  0.6601
Z -0.8600 -0.3185 -0.3987

PART 22
OFFSET  17.3898 -4.2520 -7.3993
X -0.4117 -0.0019  0.9113
Y -0.3150  0.9387 -0.1404
Z -0.8552 -0.3448 -0.3870

PART 23
OFFSET  16.8192 -4.2546 -6.1362
X -0.5042  0.3470  0.7908
Y -0.1356  0.8726 -0.4693
Z -0.8529 -0.3439 -0.3928

PART 24
OFFSET  16.2724 -3.8783 -5.2786
X  0.4486 -0.7996 -0.3992
Y  0.2146  0.5299 -0.8204
Z  0.8676  0.2824  0.4093

PART 25
OFFSET  17.5710 -1.4624 -6.0191
X  0.7884 -0.6132 -0.0488
Y  0.5016  0.6867 -0.5262
Z  0.3562  0.3904  0.8490

PART 26
OFFSET  18.3697 -1.4368 -7.2611
X  0.4315 -0.8950 -0.1132
Y -0.5319 -0.3537  0.7694
Z -0.7286 -0.2718 -0.6287

PART 27
OFFSET  19.1293 -3.0126 -7.4603
X -0.1937 -0.8710  0.4515
Y -0.6953  0.4466  0.5631
Z -0.6921 -0.2049 -0.6921

PART 28
OFFSET  18.9359 -4.0590 -6.8694
X -0.5477 -0.2992  0.7814
Y -0.4193  0.9063  0.0532
Z -0.7241 -0.2985 -0.6218

PART 29
OFFSET  18.3173 -4.3969 -5.9868
X  0.3531 -0.8047 -0.4773
Y  0.4889  0.5936 -0.6392
Z  0.7977 -0.0076  0.6030

PART 30
OFFSET  17.9930 -2.1186 -8.0445
X  0.1611 -0.9069  0.3893
Y -0.6440  0.2024  0.7378
Z -0.7479 -0.3696 -0.5514

PART 31
OFFSET  18.3077 -3.8903 -7.2839
X -0.4463 -0.3203  0.8356
Y -0.4509  0.8871  0.0993
Z -0.7730 -0.3324 -0.5403

PART 32
OFFSET  17.6559 -4.3582 -6.0634
X -0.6234  0.2879  0.7269
Y -0.0455  0.9148 -0.4013
Z -0.7805 -0.2833 -0.5572

PART 33
OFFSET  16.9443 -4.0348 -5.2437
X  0.5570 -0.7869 -0.2655
Y  0.3073  0.4922 -0.8144
Z  0.7716  0.3721  0.5160

PART 34
OFFSET  16.5338 -3.2517 -7.1850
X -0.5394 -0.3838 -0.7495
Y  0.2272  0.7907 -0.5684
Z  0.8108 -0.4769 -0.3393

PART 35
OFFSET  13.9178  0.7466 -8.7597
X  0.8036 -0.4845  0.3457
Y  0.4158  0.8726  0.2563
Z -0.4259 -0.0622  0.9026

PART 36
OFFSET  13.0286 -0.4685 -9.5124
X  0.8036 -0.4845  0.3457
Y  0.4158  0.8726  0.2563
Z -0.4259 -0.0622  0.9026

PART 37
OFFSET  13.1836  0.2122 -6.3284
X  0.8036 -0.4845  0.3457
Y  0.4158  0.8726  0.2563
Z -0.4259 -0.0622  0.9026

PART 38
OFFSET  12.4641 -0.9077 -6.5277
X  0.8036 -0.4845  0.3457
Y  0.4158  0.8726  0.2563
Z -0.4259 -0.0622  0.9026

PART 39
OFFSET  12.3260 -1.1792 -7.6866
X  0.8036 -0.4845  0.3457
Y  0.4158  0.8726  0.2563
Z -0.4259 -0.0622  0.9026

PART 40
OFFSET  7.7916 -2.2763 -5.9335
X  0.9915 -0.0606 -0.1148
Y  0.0830  0.9759  0.2020
Z  0.0998 -0.2098  0.9726

PART 41
OFFSET  7.7916 -2.2763 -5.9335
X  0.9915 -0.0606 -0.1148
Y  0.0830  0.9759  0.2020
Z  0.0998 -0.2098  0.9726

PART 42
OFFSET  11.9969 -2.5753 -6.1424
X  0.9915 -0.0606 -0.1148
Y  0.0830  0.9759  0.2020
Z  0.0998 -0.2098  0.9726

PART 43
OFFSET  14.4790 -3.9305 -4.8323
X  0.9915 -0.0606 -0.1148
Y  0.0830  0.9759  0.2020
Z  0.0998 -0.2098  0.9726

PART 44
OFFSET -11.8576 -7.9373 -3.1869
X -0.4532 -0.0147  0.8913
Y -0.1059 -0.9919 -0.0703
Z  0.8851 -0.1263  0.4480

PART 45
OFFSET -6.3763 -7.7591 -13.9659
X -0.7734 -0.3942 -0.4965
Y  0.5218  0.0489 -0.8516
Z  0.3600 -0.9177  0.1679

PART 46
OFFSET  0.2014 -4.4061 -9.7429
X -0.7734 -0.3942 -0.4965
Y  0.5513 -0.0314 -0.8337
Z  0.3131 -0.9185  0.2416

PART 47
OFFSET  0.5156 -2.8248 -8.5912
X -0.7774 -0.3920 -0.4919
Y -0.3653  0.9180 -0.1542
Z  0.5120  0.0598 -0.8569

PART 48
OFFSET  0.5303 -3.2769 -7.4816
X -0.7774 -0.3920 -0.4919
Y -0.3653  0.9180 -0.1542
Z  0.5120  0.0598 -0.8569

PART 49
OFFSET  1.1967 -4.4427 -7.3934
X -0.7774 -0.3920 -0.4919
Y -0.3653  0.9180 -0.1542
Z  0.5120  0.0598 -0.8569

PART 50
OFFSET  2.5723 -3.1975 -8.2207
X -0.9844 -0.0256 -0.1740
Y  0.1739  0.0072 -0.9847
Z  0.0264 -0.9996 -0.0026

PART 51
OFFSET  2.8364 -2.7825 -7.1911
X -0.6045 -0.5185 -0.6047
Y  0.5115  0.3293 -0.7937
Z  0.6107 -0.7891  0.0661

PART 52
OFFSET  4.0560 -1.6526 -5.8106
X -0.8990 -0.3381  0.2785
Y -0.1875 -0.2775 -0.9423
Z  0.3959 -0.8993  0.1860

PART 53
OFFSET  5.4517 -1.0227 -6.3372
X -0.4465 -0.1659  0.8793
Y -0.7445 -0.4761 -0.4680
Z  0.4963 -0.8636  0.0890

PART 54
OFFSET  5.9245 -0.7956 -7.2841
X -0.8018  0.3341  0.4954
Y  0.1037  0.8943 -0.4353
Z -0.5885 -0.2977 -0.7517

PART 55
OFFSET  3.5861 -2.9662 -9.1274
X -0.9252 -0.2573  0.2788
Y  0.2630 -0.9646 -0.0175
Z  0.2735  0.0572  0.9602

PART 56
OFFSET  5.6725 -2.2614 -9.6119
X -0.1811 -0.9759 -0.1220
Y  0.8992 -0.1140 -0.4224
Z  0.3983 -0.1862  0.8982

PART 57
OFFSET  5.9289 -0.8798 -9.4391
X  0.6917 -0.5796 -0.4308
Y  0.6222  0.7811 -0.0518
Z  0.3665 -0.2322  0.9010

PART 58
OFFSET  5.3156 -0.3659 -9.0572
X  0.8912  0.3016 -0.3389
Y -0.2121  0.9374  0.2763
Z  0.4010 -0.1743  0.8993

PART 59
OFFSET  4.4689 -0.6524 -8.7352
X -0.6065 -0.7939 -0.0443
Y -0.6829  0.4916  0.5403
Z -0.4072  0.3579 -0.8403

PART 60
OFFSET  3.6908 -3.1050 -8.4351
X -0.9772 -0.1875  0.0997
Y  0.1906 -0.9814  0.0226
Z  0.0936  0.0411  0.9948

PART 61
OFFSET  6.2173 -2.6462 -8.8410
X -0.1943 -0.9809 -0.0037
Y  0.8888 -0.1744 -0.4238
Z  0.4151 -0.0857  0.9057

PART 62
OFFSET  6.5481 -0.9762 -8.8347
X  0.8164 -0.4061 -0.4106
Y  0.4143  0.9072 -0.0734
Z  0.4023 -0.1102  0.9089

PART 63
OFFSET  5.4166 -0.4134 -8.2657
X  0.8304  0.4652 -0.3066
Y -0.3909  0.8786  0.2744
Z  0.3971 -0.1080  0.9114

PART 64
OFFSET  4.5160 -0.9180 -7.9331
X -0.4375 -0.8883  0.1393
Y -0.8129  0.4570  0.3611
Z -0.3845  0.0448 -0.9220

PART 65
OFFSET -1.6577 -3.8458 -8.1137
X -0.9525 -0.3034  0.0260
Y -0.3045  0.9486 -0.0865
Z  0.0016 -0.0903 -0.9959

PART 66
OFFSET  6.2867 -3.4749 -6.8010
X -0.9921 -0.1205  0.0340
Y  0.1167 -0.9882 -0.0988
Z  0.0455 -0.0940  0.9945

PART 67
OFFSET  8.0335 -3.2627 -6.8608
X -0.9875 -0.1531  0.0370
Y  0.1513 -0.9874 -0.0462
Z  0.0436 -0.0400  0.9982

PART 68
OFFSET  9.2367 -3.0791 -6.8452
X -0.9874 -0.1548 -0.0330
Y  0.1567 -0.9854 -0.0663
Z -0.0223 -0.0706  0.9973

PART 69
OFFSET  10.3520 -2.9043 -6.8079
X  0.1737  0.9201  0.3511
Y  0.9827 -0.1390 -0.1220
Z -0.0634  0.3662 -0.9284

PART 70
OFFSET  6.3656 -3.2905 -7.8874
X -0.3171 -0.9471  0.0493
Y  0.9188 -0.3197 -0.2314
Z  0.2349 -0.0281  0.9716

PART 71
OFFSET  6.9851 -1.4403 -7.9836
X  0.7752 -0.5961 -0.2090
Y  0.5743  0.8029 -0.1596
Z  0.2630  0.0037  0.9648

PART 72
OFFSET  5.8528 -0.5696 -7.6783
X  0.8840  0.3783 -0.2747
Y -0.3803  0.9236  0.0485
Z  0.2721  0.0616  0.9603

PART 73
OFFSET  4.8495 -0.9979 -7.3740
X -0.4523 -0.8840  0.1183
Y -0.8373  0.4666  0.2849
Z -0.3071  0.0298 -0.9512

PART 74
OFFSET  0.5155 -2.8248 -8.5912
X -0.7774 -0.3920 -0.4919
Y -0.3653  0.9180 -0.1542
Z  0.5120  0.0598 -0.8569

PART 75
OFFSET  0.5301 -3.2767 -7.4815
X -0.7774 -0.3920 -0.4919
Y -0.3653  0.9180 -0.1542
Z  0.5120  0.0598 -0.8569

PART 76
OFFSET  1.1967 -4.4427 -7.3935
X -0.7774 -0.3920 -0.4919
Y -0.3653  0.9180 -0.1542
Z  0.5120  0.0598 -0.8569

PART 77
OFFSET  0.0000 -0.0000 -0.0000
X  1.0000 -0.0000  0.0000
Y  0.0000  1.0000  0.0000
Z  0.0000 -0.0000  1.0000

PART 78
OFFSET  0.0000 -0.0000 -0.0000
X  0.9986 -0.0000  0.0523
Y  0.0046  0.9962 -0.0870
Z -0.0521  0.0872  0.9948

PART 79
OFFSET  1.3227  0.3605  4.1950
X  0.9986 -0.0000  0.0523
Y  0.0046  0.9962 -0.0870
Z -0.0521  0.0872  0.9948


FRAME 976
PART 0
OFFSET  0.0000 -0.0000 -0.0000
X  1.0000 -0.0000  0.0000
Y  0.0000  1.0000  0.0000
Z  0.0000 -0.0000  1.0000

PART 1
OFFSET -4.6318 -0.0000 -1.3770
X  1.0000 -0.0000  0.0000
Y  0.0000  1.0000  0.0000
Z  0.0000 -0.0000  1.0000

PART 2
OFFSET -3.4636  6.1396 -3.1869
X  0.7063 -0.1241 -0.6969
Y -0.0657 -0.9918  0.1101
Z -0.7048 -0.0320 -0.7086

PART 3
OFFSET  5.0786  4.6387 -11.6155
X  0.8012 -0.4889  0.3451
Y -0.4304 -0.0701  0.8999
Z -0.4158 -0.8695 -0.2665

PART 4
OFFSET  11.8933  0.4807 -8.6805
X  0.8012 -0.4889  0.3451
Y  0.0092  0.5866  0.8098
Z -0.5983 -0.6457  0.4745

PART 5
OFFSET  14.1230  1.1692 -8.3205
X  0.8049 -0.4860  0.3404
Y  0.4196  0.8718  0.2526
Z -0.4196 -0.0605  0.9057

PART 6
OFFSET  12.9425 -0.5621 -9.6551
X  0.8049 -0.4860  0.3404
Y  0.4196  0.8718  0.2526
Z -0.4196 -0.0605  0.9057

PART 7
OFFSET  13.1216  0.1210 -6.4729
X  0.8049 -0.4860  0.3404
Y  0.4196  0.8718  0.2526
Z -0.4196 -0.0605  0.9057

PART 8
OFFSET  12.3982 -0.9974 -6.6661
X  0.8049 -0.4860  0.3404
Y  0.4196  0.8718  0.2526
Z -0.4196 -0.0605  0.9057

PART 9
OFFSET  12.2513 -1.2696 -7.8237
X  0.8049 -0.4860  0.3404
Y  0.4196  0.8718  0.2526
Z -0.4196 -0.0605  0.9057

PART 10
OFFSET  14.3495 -1.0180 -7.6226
X  0.9522 -0.2999 -0.0580
Y  0.2256  0.5628  0.7952
Z -0.2058 -0.7703  0.6035

PART 11
OFFSET  14.9111 -0.9261 -6.6334
X  0.9532 -0.1752  0.2462
Y  0.0653  0.9149  0.3983
Z -0.2950 -0.3636  0.8836

PART 12
OFFSET  16.9582 -1.2331 -6.0132
X  0.9040 -0.3753 -0.2046
Y  0.4153  0.6577  0.6284
Z -0.1012 -0.6531  0.7505

PART 13
OFFSET  18.3815 -1.9513 -6.2970
X  0.9670 -0.1753  0.1846
Y  0.0611  0.8637  0.5003
Z -0.2472 -0.4725  0.8460

PART 14
OFFSET  19.4170 -2.1479 -6.0502
X  0.8852  0.3521 -0.3040
Y -0.3889  0.2017 -0.8989
Z -0.2552  0.9140  0.3155

PART 15
OFFSET  14.8721 -2.0300 -8.4012
X  0.6975 -0.6530 -0.2951
Y -0.3640 -0.6776  0.6391
Z -0.6173 -0.3383 -0.7103

PART 16
OFFSET  16.4845 -3.5311 -8.8824
X -0.0540 -0.3694  0.9277
Y -0.5768  0.7699  0.2730
Z -0.8151 -0.5203 -0.2547

PART 17
OFFSET  16.4080 -4.0541 -7.5689
X -0.2590 -0.0522  0.9645
Y -0.5437  0.8332 -0.1009
Z -0.7983 -0.5505 -0.2442

PART 18
OFFSET  16.1784 -4.1003 -6.7138
X -0.4031  0.2112  0.8905
Y -0.3844  0.8439 -0.3741
Z -0.8305 -0.4931 -0.2590

PART 19
OFFSET  15.7954 -3.8997 -5.8679
X  0.6697 -0.6200 -0.4087
Y -0.1358  0.4389 -0.8882
Z  0.7301  0.6504  0.2098

PART 20
OFFSET  15.2602 -1.6144 -7.9697
X  0.8357 -0.4628 -0.2957
Y -0.2350 -0.7880  0.5691
Z -0.4964 -0.4061 -0.7672

PART 21
OFFSET  17.3384 -3.0366 -8.6153
X  0.0128 -0.7454  0.6665
Y -0.5041  0.5708  0.6481
Z -0.8635 -0.3443 -0.3685

PART 22
OFFSET  17.3603 -4.3057 -7.4806
X -0.3936  0.0292  0.9188
Y -0.3297  0.9285 -0.1708
Z -0.8581 -0.3701 -0.3559

PART 23
OFFSET  16.8147 -4.2652 -6.2072
X -0.4929  0.3719  0.7866
Y -0.1560  0.8516 -0.5004
Z -0.8560 -0.3694 -0.3618

PART 24
OFFSET  16.2802 -3.8619 -5.3541
X  0.4508 -0.8094 -0.3764
Y  0.1916  0.4996 -0.8448
Z  0.8718  0.3087  0.3803

PART 25
OFFSET  17.5328 -1.4617 -6.2151
X  0.7951 -0.6052 -0.0405
Y  0.4823  0.6713 -0.5628
Z  0.3678  0.4279  0.8256

PART 26
OFFSET  18.3066 -1.4757 -7.4730
X  0.4406 -0.8935 -0.0866
Y -0.5121 -0.3294  0.7933
Z -0.7373 -0.3052 -0.6027

PART 27
OFFSET  19.0823 -3.0488 -7.6254
X -0.1736 -0.8547  0.4892
Y -0.6898  0.4601  0.5590
Z -0.7029 -0.2404 -0.6695

PART 28
OFFSET  18.9139 -4.0733 -6.9900
X -0.5283 -0.2746  0.8034
Y -0.4297  0.9026  0.0260
Z -0.7323 -0.3315 -0.5949

PART 29
OFFSET  18.3172 -4.3835 -6.0825
X  0.3539 -0.8186 -0.4523
Y  0.4686  0.5737 -0.6718
Z  0.8094  0.0258  0.5867

PART 30
OFFSET  17.9233 -2.1924 -8.2212
X  0.1803 -0.8888  0.4214
Y -0.6319  0.2236  0.7421
Z -0.7538 -0.4001 -0.5213

PART 31
OFFSET  18.2756 -3.9287 -7.3981
X -0.4256 -0.2924  0.8564
Y -0.4602  0.8848  0.0734
Z -0.7792 -0.3628 -0.5111

PART 32
OFFSET  17.6540 -4.3557 -6.1472
X -0.6127  0.3089  0.7275
Y -0.0651  0.8976 -0.4360
Z -0.7877 -0.3145 -0.5298

PART 33
OFFSET  16.9545 -4.0087 -5.3267
X  0.5617 -0.7901 -0.2455
Y  0.2849  0.4633 -0.8392
Z  0.7767  0.4014  0.4853

PART 34
OFFSET  16.4959 -3.3081 -7.2886
X -0.5491 -0.4196 -0.7228
Y  0.2058  0.7703 -0.6035
Z  0.8100 -0.4802 -0.3366

PART 35
OFFSET  13.8398  0.6516 -8.9099
X  0.8049 -0.4860  0.3404
Y  0.4196  0.8718  0.2526
Z -0.4196 -0.0605  0.9057

PART 36
OFFSET  12.9425 -0.5621 -9.6551
X  0.8049 -0.4860  0.3404
Y  0.4196  0.8718  0.2526
Z -0.4196 -0.0605  0.9057

PART 37
OFFSET  13.1216  0.1210 -6.4729
X  0.8049 -0.4860  0.3404
Y  0.4196  0.8718  0.2526
Z -0.4196 -0.0605  0.9057

PART 38
OFFSET  12.3982 -0.9974 -6.6661
X  0.8049 -0.4860  0.3404
Y  0.4196  0.8718  0.2526
Z -0.4196 -0.0605  0.9057

PART 39
OFFSET  12.2513 -1.2696 -7.8237
X  0.8049 -0.4860  0.3404
Y  0.4196  0.8718  0.2526
Z -0.4196 -0.0605  0.9057

PART 40
OFFSET  7.7735 -2.3864 -5.8934
X  0.9897 -0.0536 -0.1329
Y  0.0748  0.9842  0.1605
Z  0.1222 -0.1688  0.9780

PART 41
OFFSET  7.7735 -2.3864 -5.8934
X  0.9897 -0.0536 -0.1329
Y  0.0748  0.9842  0.1605
Z  0.1222 -0.1688  0.9780

PART 42
OFFSET  11.9770 -2.6445 -6.1778
X  0.9897 -0.0536 -0.1329
Y  0.0748  0.9842  0.1605
Z  0.1222 -0.1688  0.9780

PART 43
OFFSET  14.5023 -3.9159 -4.8661
X  0.9897 -0.0536 -0.1329
Y  0.0748  0.9842  0.1605
Z  0.1222 -0.1688  0.9780

PART 44
OFFSET -12.2106 -7.9373 -3.1869
X -0.4749 -0.0050  0.8800
Y -0.1222 -0.9899 -0.0716
Z  0.8715 -0.1415  0.4695

PART 45
OFFSET -6.4672 -7.8766 -13.8298
X -0.7767 -0.3816 -0.5011
Y  0.5307  0.0319 -0.8469
Z  0.3391 -0.9238  0.1777

PART 46
OFFSET  0.1393 -4.6312 -9.5679
X -0.7767 -0.3816 -0.5011
Y  0.5601 -0.0546 -0.8266
Z  0.2881 -0.9227  0.2561

PART 47
OFFSET  0.4757 -3.0486 -8.4244
X -0.7808 -0.3792 -0.4965
Y -0.3445  0.9243 -0.1641
Z  0.5212  0.0429 -0.8524

PART 48
OFFSET  0.4705 -3.4928 -7.3116
X -0.7808 -0.3792 -0.4965
Y -0.3445  0.9243 -0.1641
Z  0.5212  0.0429 -0.8524

PART 49
OFFSET  1.1115 -4.6716 -7.2089
X -0.7808 -0.3792 -0.4965
Y -0.3445  0.9243 -0.1641
Z  0.5212  0.0429 -0.8524

PART 50
OFFSET  2.5205 -3.4614 -8.0317
X -0.9874 -0.0442 -0.1522
Y  0.1536 -0.0310 -0.9876
Z  0.0389 -0.9985  0.0374

PART 51
OFFSET  2.8005 -3.0017 -7.0255
X -0.6102 -0.5498 -0.5704
Y  0.4910  0.3026 -0.8169
Z  0.6218 -0.7785  0.0853

PART 52
OFFSET  4.0336 -1.8022 -5.7178
X -0.8888 -0.3370  0.3107
Y -0.2032 -0.3179 -0.9261
Z  0.4108 -0.8862  0.2140

PART 53
OFFSET  5.4103 -1.1779 -6.2986
X -0.4263 -0.1352  0.8944
Y -0.7479 -0.5035 -0.4326
Z  0.5088 -0.8534  0.1136

PART 54
OFFSET  5.8607 -0.9841 -7.2636
X -0.7957  0.3446  0.4981
Y  0.0835  0.8769 -0.4733
Z -0.5999 -0.3350 -0.7265

PART 55
OFFSET  3.5127 -3.2554 -8.9680
X -0.9160 -0.2566  0.3083
Y  0.2747 -0.9614  0.0161
Z  0.2923  0.0995  0.9511

PART 56
OFFSET  5.5797 -2.5466 -9.5242
X -0.1712 -0.9821 -0.0785
Y  0.8918 -0.1206 -0.4361
Z  0.4188 -0.1447  0.8965

PART 57
OFFSET  5.8222 -1.1561 -9.4130
X  0.6900 -0.5886 -0.4213
Y  0.6112  0.7856 -0.0964
Z  0.3877 -0.1910  0.9018

PART 58
OFFSET  5.2104 -0.6343 -9.0395
X  0.8802  0.2979 -0.3694
Y -0.2182  0.9453  0.2424
Z  0.4214 -0.1328  0.8971

PART 59
OFFSET  4.3742 -0.9173 -8.6885
X -0.5972 -0.8021  0.0006
Y -0.6779  0.5052  0.5341
Z -0.4287  0.3185 -0.8454

PART 60
OFFSET  3.6332 -3.3646 -8.2730
X -0.9725 -0.1947  0.1276
Y  0.2033 -0.9774  0.0584
Z  0.1134  0.0827  0.9901

PART 61
OFFSET  6.1449 -2.8932 -8.7499
X -0.1820 -0.9825  0.0401
Y  0.8821 -0.1812 -0.4349
Z  0.4346 -0.0438  0.8996

PART 62
OFFSET  6.4548 -1.2205 -8.8183
X  0.8129 -0.4129 -0.4108
Y  0.4013  0.9082 -0.1188
Z  0.4221 -0.0683  0.9040

PART 63
OFFSET  5.3281 -0.6483 -8.2490
X  0.8181  0.4620 -0.3425
Y -0.3962  0.8844  0.2467
Z  0.4169 -0.0661  0.9065

PART 64
OFFSET  4.4409 -1.1494 -7.8775
X -0.4234 -0.8870  0.1843
Y -0.8110  0.4618  0.3592
Z -0.4038  0.0026 -0.9149

PART 65
OFFSET -1.6979 -4.1543 -7.8100
X -0.9479 -0.3132  0.0582
Y -0.3181  0.9406 -0.1185
Z -0.0176 -0.1309 -0.9912

PART 66
OFFSET  6.2664 -3.6371 -6.6799
X -0.9896 -0.1306  0.0596
Y  0.1270 -0.9900 -0.0610
Z  0.0670 -0.0528  0.9964

PART 67
OFFSET  8.0088 -3.4071 -6.7848
X -0.9846 -0.1630  0.0638
Y  0.1627 -0.9866 -0.0093
Z  0.0645  0.0012  0.9979

PART 68
OFFSET  9.2097 -3.2088 -6.8018
X -0.9858 -0.1676 -0.0061
Y  0.1677 -0.9854 -0.0295
Z -0.0010 -0.0301  0.9995

PART 69
OFFSET  10.3232 -3.0196 -6.7949
X  0.1693  0.9356  0.3098
Y  0.9817 -0.1323 -0.1368
Z -0.0870  0.3273 -0.9409

PART 70
OFFSET  6.3208 -3.4963 -7.7743
X -0.3041 -0.9480  0.0943
Y  0.9179 -0.3181 -0.2374
Z  0.2550  0.0143  0.9668

PART 71
OFFSET  6.9149 -1.6444 -7.9584
X  0.7782 -0.5950 -0.2008
Y  0.5608  0.8024 -0.2040
Z  0.2825  0.0461  0.9581

PART 72
OFFSET  5.7782 -0.7753 -7.6651
X  0.8733  0.3772 -0.3083
Y -0.3908  0.9203  0.0189
Z  0.2908  0.1040  0.9511

PART 73
OFFSET  4.7868 -1.2026 -7.3226
X -0.4387 -0.8836  0.1635
Y -0.8371  0.4680  0.2832
Z -0.3268 -0.0126 -0.9450

PART 74
OFFSET  0.4756 -3.0485 -8.4243
X -0.7808 -0.3792 -0.4965
Y -0.3445  0.9243 -0.1641
Z  0.5212  0.0429 -0.8524

PART 75
OFFSET  0.4704 -3.4927 -7.3115
X -0.7808 -0.3792 -0.4965
Y -0.3445  0.9243 -0.1641
Z  0.5212  0.0429 -0.8524

PART 76
OFFSET  1.1115 -4.6716 -7.2090
X -0.7808 -0.3792 -0.4965
Y -0.3445  0.9243 -0.1641
Z  0.5212  0.0429 -0.8524

PART 77
OFFSET  0.0000 -0.0000 -0.0000
X  1.0000 -0.0000  0.0000
Y  0.0000  1.0000  0.0000
Z  0.0000 -0.0000  1.0000

PART 78
OFFSET  0.0000 -0.0000 -0.0000
X  0.9996 -0.0000  0.0266
Y  0.0009  0.9994 -0.0335
Z -0.0266  0.0335  0.9991

PART 79
OFFSET  1.4300  0.1387  4.1729
X  0.9996 -0.0000  0.0266
Y  0.0009  0.9994 -0.0335
Z -0.0266  0.0335  0.9991


FRAME 977
PART 0
OFFSET  0.0000 -0.0000 -0.0000
X  1.0000 -0.0000  0.0000
Y  0.0000  1.0000  0.0000
Z  0.0000 -0.0000  1.0000

PART 1
OFFSET -4.6318 -0.0000 -1.3770
X  1.0000 -0.0000  0.0000
Y  0.0000  1.0000  0.0000
Z  0.0000 -0.0000  1.0000

PART 2
OFFSET -3.4620  6.0718 -3.1869
X  0.7108 -0.1315 -0.6910
Y -0.0621 -0.9903  0.1245
Z -0.7006 -0.0456 -0.7121

PART 3
OFFSET  5.1346  4.4816 -11.5435
X  0.7965 -0.4808  0.3666
Y -0.4439 -0.0532  0.8945
Z -0.4106 -0.8752 -0.2558

PART 4
OFFSET  11.9093  0.3922 -8.4253
X  0.7965 -0.4808  0.3666
Y  0.0181  0.6250  0.7804
Z -0.6044 -0.6150  0.5065

PART 5
OFFSET  14.1324  1.0910 -8.0451
X  0.8003 -0.4781  0.3620
Y  0.4146  0.8772  0.2419
Z -0.4332 -0.0435  0.9003

PART 6
OFFSET  12.9745 -0.6678 -9.3635
X  0.8003 -0.4781  0.3620
Y  0.4146  0.8772  0.2419
Z -0.4332 -0.0435  0.9003

PART 7
OFFSET  13.1045  0.0774 -6.1928
X  0.8003 -0.4781  0.3620
Y  0.4146  0.8772  0.2419
Z -0.4332 -0.0435  0.9003

PART 8
OFFSET  12.3854 -1.0457 -6.3751
X  0.8003 -0.4781  0.3620
Y  0.4146  0.8772  0.2419
Z -0.4332 -0.0435  0.9003

PART 9
OFFSET  12.2564 -1.3406 -7.5293
X  0.8003 -0.4781  0.3620
Y  0.4146  0.8772  0.2419
Z -0.4332 -0.0435  0.9003

PART 10
OFFSET  14.3511 -1.0818 -7.3014
X  0.9597 -0.2809 -0.0111
Y  0.1881  0.6122  0.7680
Z -0.2089 -0.7391  0.6403

PART 11
OFFSET  14.8785 -0.9209 -6.3023
X  0.9483 -0.1391  0.2852
Y  0.0332  0.9374  0.3466
Z -0.3156 -0.3192  0.8936

PART 12
OFFSET  16.9106 -1.1452 -5.6025
X  0.9178 -0.3657 -0.1546
Y  0.3810  0.7018  0.6019
Z -0.1116 -0.6113  0.7835

PART 13
OFFSET  18.3571 -1.8459 -5.8002
X  0.9641 -0.1424  0.2242
Y  0.0268  0.8920  0.4512
Z -0.2643 -0.4290  0.8638

PART 14
OFFSET  19.3880 -2.0043 -5.5105
X  0.8870  0.3543 -0.2963
Y -0.3640  0.1412 -0.9206
Z -0.2843  0.9244  0.2542

PART 15
OFFSET  14.9196 -2.1244 -8.0037
X  0.7202 -0.6527 -0.2352
Y -0.3700 -0.6481  0.6656
Z -0.5869 -0.3923 -0.7083

PART 16
OFFSET  16.5778 -3.6133 -8.3474
X -0.0761 -0.3170  0.9454
Y -0.6013  0.7709  0.2101
Z -0.7954 -0.5525 -0.2493

PART 17
OFFSET  16.4701 -4.0622 -7.0090
X -0.2887 -0.0030  0.9574
Y -0.5575  0.8135 -0.1656
Z -0.7783 -0.5816 -0.2365

PART 18
OFFSET  16.2141 -4.0648 -6.1601
X -0.4359  0.2524  0.8639
Y -0.3898  0.8122 -0.4339
Z -0.8112 -0.5259 -0.2557

PART 19
OFFSET  15.8000 -3.8251 -5.3394
X  0.6954 -0.6269 -0.3514
Y -0.1163  0.3843 -0.9158
Z  0.7091  0.6777  0.1944

PART 20
OFFSET  15.2848 -1.6761 -7.5852
X  0.8543 -0.4598 -0.2426
Y -0.2366 -0.7594  0.6061
Z -0.4629 -0.4604 -0.7575

PART 21
OFFSET  17.4121 -3.0851 -8.0830
X  0.0070 -0.7057  0.7085
Y -0.5366  0.5952  0.5982
Z -0.8438 -0.3844 -0.3745

PART 22
OFFSET  17.4241 -4.2866 -6.8769
X -0.4235  0.0726  0.9030
Y -0.3434  0.9095 -0.2342
Z -0.8383 -0.4093 -0.3602

PART 23
OFFSET  16.8372 -4.1860 -5.6254
X -0.5256  0.4048  0.7482
Y -0.1577  0.8179 -0.5533
Z -0.8360 -0.4088 -0.3661

PART 24
OFFSET  16.2671 -3.7469 -4.8140
X  0.4796 -0.8190 -0.3149
Y  0.2082  0.4549 -0.8659
Z  0.8524  0.3497  0.3886

PART 25
OFFSET  17.4961 -1.3718 -5.7730
X  0.8085 -0.5882  0.0191
Y  0.4859  0.6490 -0.5854
Z  0.3320  0.4826  0.8105

PART 26
OFFSET  18.3100 -1.4399 -7.0034
X  0.4618 -0.8867 -0.0212
Y -0.5303 -0.2952  0.7947
Z -0.7110 -0.3558 -0.6066

PART 27
OFFSET  19.1231 -3.0011 -7.0407
X -0.1713 -0.8291  0.5321
Y -0.7169  0.4754  0.5099
Z -0.6758 -0.2942 -0.6759

PART 28
OFFSET  18.9559 -3.9912 -6.3527
X -0.5480 -0.2403  0.8012
Y -0.4492  0.8926 -0.0395
Z -0.7057 -0.3815 -0.5971

PART 29
OFFSET  18.3369 -4.2626 -5.4477
X  0.3854 -0.8348 -0.3931
Y  0.4778  0.5450 -0.6890
Z  0.7894  0.0777  0.6089

PART 30
OFFSET  17.9662 -2.2066 -7.7205
X  0.1853 -0.8590  0.4773
Y -0.6600  0.2511  0.7081
Z -0.7281 -0.4462 -0.5204

PART 31
OFFSET  18.3282 -3.8847 -6.7880
X -0.4467 -0.2527  0.8583
Y -0.4807  0.8768  0.0080
Z -0.7546 -0.4091 -0.5131

PART 32
OFFSET  17.6757 -4.2538 -5.5344
X -0.6421  0.3358  0.6892
Y -0.0699  0.8696 -0.4889
Z -0.7634 -0.3621 -0.5349

PART 33
OFFSET  16.9432 -3.8766 -4.7573
X  0.5858 -0.7898 -0.1820
Y  0.3019  0.4210 -0.8553
Z  0.7521  0.4461  0.4851

PART 34
OFFSET  16.5332 -3.2996 -6.7695
X -0.5166 -0.4726 -0.7140
Y  0.2089  0.7391 -0.6403
Z  0.8304 -0.4800 -0.2831

PART 35
OFFSET  13.8588  0.5616 -8.6285
X  0.8003 -0.4781  0.3620
Y  0.4146  0.8772  0.2419
Z -0.4332 -0.0435  0.9003

PART 36
OFFSET  12.9745 -0.6678 -9.3635
X  0.8003 -0.4781  0.3620
Y  0.4146  0.8772  0.2419
Z -0.4332 -0.0435  0.9003

PART 37
OFFSET  13.1045  0.0774 -6.1928
X  0.8003 -0.4781  0.3620
Y  0.4146  0.8772  0.2419
Z -0.4332 -0.0435  0.9003

PART 38
OFFSET  12.3854 -1.0457 -6.3751
X  0.8003 -0.4781  0.3620
Y  0.4146  0.8772  0.2419
Z -0.4332 -0.0435  0.9003

PART 39
OFFSET  12.2564 -1.3406 -7.5293
X  0.8003 -0.4781  0.3620
Y  0.4146  0.8772  0.2419
Z -0.4332 -0.0435  0.9003

PART 40
OFFSET  7.7580 -2.4960 -5.6929
X  0.9943 -0.0390 -0.0996
Y  0.0494  0.9933  0.1043
Z  0.0949 -0.1086  0.9895

PART 41
OFFSET  7.7580 -2.4960 -5.6929
X  0.9943 -0.0390 -0.0996
Y  0.0494  0.9933  0.1043
Z  0.0949 -0.1086  0.9895

PART 42
OFFSET  11.9729 -2.6756 -5.8347
X  0.9943 -0.0390 -0.0996
Y  0.0494  0.9933  0.1043
Z  0.0949 -0.1086  0.9895

PART 43
OFFSET  14.4814 -3.8111 -4.3747
X  0.9943 -0.0390 -0.0996
Y  0.0494  0.9933  0.1043
Z  0.0949 -0.1086  0.9895

PART 44
OFFSET -12.5388 -7.9373 -3.1869
X -0.4975  0.0055  0.8674
Y -0.1444 -0.9866 -0.0765
Z  0.8554 -0.1633  0.4916

PART 45
OFFSET -6.5221 -8.0043 -13.6777
X -0.7882 -0.3623 -0.4975
Y  0.5306  0.0095 -0.8476
Z  0.3118 -0.9320  0.1848

PART 46
OFFSET  0.1819 -4.9226 -9.4466
X -0.7882 -0.3623 -0.4975
Y  0.5605 -0.0890 -0.8233
Z  0.2540 -0.9278  0.2733

PART 47
OFFSET  0.5661 -3.3416 -8.3159
X -0.7922 -0.3598 -0.4929
Y -0.3172  0.9328 -0.1712
Z  0.5214  0.0207 -0.8531

PART 48
OFFSET  0.5489 -3.7768 -7.1996
X -0.7922 -0.3598 -0.4929
Y -0.3172  0.9328 -0.1712
Z  0.5214  0.0207 -0.8531

PART 49
OFFSET  1.1548 -4.9732 -7.0881
X -0.7922 -0.3598 -0.4929
Y -0.3172  0.9328 -0.1712
Z  0.5214  0.0207 -0.8531

PART 50
OFFSET  2.5982 -3.8118 -7.9216
X -0.9810 -0.0752 -0.1791
Y  0.1852 -0.0851 -0.9790
Z  0.0584 -0.9935  0.0974

PART 51
OFFSET  2.8368 -3.2879 -6.9363
X -0.5805 -0.5957 -0.5551
Y  0.5101  0.2654 -0.8182
Z  0.6347 -0.7581  0.1498

PART 52
OFFSET  4.0032 -1.9867 -5.6650
X -0.8909 -0.3382  0.3031
Y -0.1674 -0.3759 -0.9114
Z  0.4221 -0.8628  0.2783

PART 53
OFFSET  5.3842 -1.3666 -6.2398
X -0.4514 -0.0923  0.8876
Y -0.7234 -0.5446 -0.4245
Z  0.5225 -0.8336  0.1790

PART 54
OFFSET  5.8607 -1.2194 -7.2006
X -0.8179  0.3551  0.4527
Y  0.0802  0.8495 -0.5215
Z -0.5698 -0.3902 -0.7233

PART 55
OFFSET  3.6148 -3.6385 -8.8380
X -0.9198 -0.2587  0.2952
Y  0.2939 -0.9524  0.0811
Z  0.2601  0.1614  0.9520

PART 56
OFFSET  5.6833 -2.9170 -9.3725
X -0.1483 -0.9886 -0.0256
Y  0.9073 -0.1258 -0.4011
Z  0.3934 -0.0827  0.9157

PART 57
OFFSET  5.8933 -1.5173 -9.3363
X  0.7149 -0.5965 -0.3648
Y  0.5975  0.7922 -0.1242
Z  0.3631 -0.1292  0.9228

PART 58
OFFSET  5.2594 -0.9885 -9.0128
X  0.8851  0.2956 -0.3596
Y -0.2452  0.9527  0.1795
Z  0.3957 -0.0707  0.9157

PART 59
OFFSET  4.4186 -1.2693 -8.6712
X -0.5802 -0.8139  0.0299
Y -0.7046  0.5201  0.4827
Z -0.4084  0.2590 -0.8753

PART 60
OFFSET  3.7157 -3.7042 -8.1344
X -0.9718 -0.2087  0.1095
Y  0.2215 -0.9675  0.1221
Z  0.0804  0.1429  0.9865

PART 61
OFFSET  6.2308 -3.2050 -8.5624
X -0.1628 -0.9823  0.0925
Y  0.8989 -0.1863 -0.3967
Z  0.4069  0.0186  0.9133

PART 62
OFFSET  6.5080 -1.5326 -8.7199
X  0.8338 -0.4177 -0.3610
Y  0.3859  0.9085 -0.1600
Z  0.3948 -0.0059  0.9187

PART 63
OFFSET  5.3525 -0.9537 -8.2197
X  0.8187  0.4595 -0.3444
Y -0.4220  0.8882  0.1820
Z  0.3895 -0.0037  0.9210

PART 64
OFFSET  4.4646 -1.4520 -7.8462
X -0.4106 -0.8840  0.2235
Y -0.8313  0.4636  0.3067
Z -0.3748 -0.0598 -0.9252

PART 65
OFFSET -1.6098 -4.5852 -7.7867
X -0.9426 -0.3305  0.0480
Y -0.3336  0.9247 -0.1834
Z  0.0163 -0.1888 -0.9819

PART 66
OFFSET  6.3026 -3.8240 -6.4493
X -0.9881 -0.1492  0.0373
Y  0.1493 -0.9888  0.0014
Z  0.0367  0.0069  0.9993

PART 67
OFFSET  8.0423 -3.5613 -6.5150
X -0.9825 -0.1811  0.0436
Y  0.1833 -0.9816  0.0539
Z  0.0330  0.0609  0.9976

PART 68
OFFSET  9.2387 -3.3375 -6.5074
X -0.9815 -0.1898 -0.0259
Y  0.1889 -0.9814  0.0337
Z -0.0318  0.0282  0.9991

PART 69
OFFSET  10.3473 -3.1231 -6.4782
X  0.1401  0.9557  0.2590
Y  0.9881 -0.1180 -0.0991
Z -0.0641  0.2698 -0.9608

PART 70
OFFSET  6.3884 -3.7460 -7.5480
X -0.2873 -0.9474  0.1408
Y  0.9313 -0.3106 -0.1904
Z  0.2241  0.0764  0.9716

PART 71
OFFSET  6.9496 -1.8952 -7.8231
X  0.7963 -0.5881 -0.1418
Y  0.5503  0.8015 -0.2340
Z  0.2513  0.1083  0.9618

PART 72
OFFSET  5.7865 -1.0362 -7.6160
X  0.8746  0.3781 -0.3035
Y -0.4101  0.9108 -0.0472
Z  0.2586  0.1658  0.9517

PART 73
OFFSET  4.7938 -1.4650 -7.2790
X -0.4252 -0.8822  0.2021
Y -0.8551  0.4648  0.2297
Z -0.2966 -0.0751 -0.9521

PART 74
OFFSET  0.5660 -3.3416 -8.3159
X -0.7922 -0.3598 -0.4929
Y -0.3172  0.9328 -0.1712
Z  0.5214  0.0207 -0.8531

PART 75
OFFSET  0.5487 -3.7766 -7.1995
X -0.7922 -0.3598 -0.4929
Y -0.3172  0.9328 -0.1712
Z  0.5214  0.0207 -0.8531

PART 76
OFFSET  1.1548 -4.9732 -7.0882
X -0.7922 -0.3598 -0.4929
Y -0.3172  0.9328 -0.1712
Z  0.5214  0.0207 -0.8531

PART 77
OFFSET  0.0000 -0.0000 -0.0000
X  1.0000 -0.0000  0.0000
Y  0.0000  1.0000  0.0000
Z  0.0000 -0.0000  1.0000

PART 78
OFFSET -0.0000 -0.0000 -0.0000
X  0.9999  0.0000 -0.0112
Y  0.0005  0.9990  0.0438
Z  0.0112 -0.0438  0.9990

PART 79
OFFSET  1.5866 -0.1812  4.1143
X  0.9999  0.0000 -0.0112
Y  0.0005  0.9990  0.0438
Z  0.0112 -0.0438  0.9990


FRAME 978
PART 0
OFFSET  0.0000 -0.0000 -0.0000
X  1.0000 -0.0000  0.0000
Y  0.0000  1.0000  0.0000
Z  0.0000 -0.0000  1.0000

PART 1
OFFSET -4.6318 -0.0000 -1.3770
X  1.0000 -0.0000  0.0000
Y  0.0000  1.0000  0.0000
Z  0.0000 -0.0000  1.0000

PART 2
OFFSET -3.4605  6.0098 -3.1869
X  0.7235 -0.1441 -0.6751
Y -0.0576 -0.9872  0.1490
Z -0.6879 -0.0689 -0.7226

PART 3
OFFSET  5.2900  4.2672 -11.3511
X  0.7879 -0.4659  0.4028
Y -0.4681 -0.0280  0.8832
Z -0.4002 -0.8844 -0.2401

PART 4
OFFSET  11.9913  0.3049 -7.9254
X  0.7879 -0.4659  0.4028
Y  0.0113  0.6649  0.7469
Z -0.6157 -0.5839  0.5291

PART 5
OFFSET  14.2006  1.0250 -7.5060
X  0.7918 -0.4632  0.3981
Y  0.4046  0.8860  0.2263
Z -0.4576 -0.0181  0.8890

PART 6
OFFSET  13.0858 -0.7783 -8.8014
X  0.7918 -0.4632  0.3981
Y  0.4046  0.8860  0.2263
Z -0.4576 -0.0181  0.8890

PART 7
OFFSET  13.1259  0.0635 -5.6525
X  0.7918 -0.4632  0.3981
Y  0.4046  0.8860  0.2263
Z -0.4576 -0.0181  0.8890

PART 8
OFFSET  12.4162 -1.0678 -5.8201
X  0.7918 -0.4632  0.3981
Y  0.4046  0.8860  0.2263
Z -0.4576 -0.0181  0.8890

PART 9
OFFSET  12.3201 -1.3982 -6.9679
X  0.7918 -0.4632  0.3981
Y  0.4046  0.8860  0.2263
Z -0.4576 -0.0181  0.8890

PART 10
OFFSET  14.4067 -1.1233 -6.6907
X  0.9643 -0.2561  0.0667
Y  0.1255  0.6643  0.7368
Z -0.2330 -0.7022  0.6728

PART 11
OFFSET  14.8660 -0.8857 -5.6734
X  0.9311 -0.0962  0.3519
Y -0.0093  0.9581  0.2864
Z -0.3647 -0.2700  0.8911

PART 12
OFFSET  16.8540 -1.0127 -4.8359
X  0.9335 -0.3509 -0.0734
Y  0.3266  0.7482  0.5775
Z -0.1478 -0.5631  0.8131

PART 13
OFFSET  18.3250 -1.6869 -4.8977
X  0.9508 -0.1030  0.2923
Y -0.0213  0.9192  0.3932
Z -0.3092 -0.3800  0.8718

PART 14
OFFSET  19.3386 -1.8000 -4.5350
X  0.8961  0.3575 -0.2632
Y -0.3078  0.0731 -0.9487
Z -0.3200  0.9310  0.1755

PART 15
OFFSET  15.0412 -2.1933 -7.2873
X  0.7477 -0.6475 -0.1472
Y -0.3974 -0.6140  0.6820
Z -0.5320 -0.4514 -0.7163

PART 16
OFFSET  16.7500 -3.6577 -7.4302
X -0.1290 -0.2583  0.9574
Y -0.6301  0.7669  0.1220
Z -0.7657 -0.5875 -0.2617

PART 17
OFFSET  16.5673 -4.0234 -6.0747
X -0.3488  0.0503  0.9358
Y -0.5635  0.7867 -0.2523
Z -0.7489 -0.6153 -0.2461

PART 18
OFFSET  16.2580 -3.9788 -5.2449
X -0.4952  0.2953  0.8170
Y -0.3791  0.7728 -0.5091
Z -0.7817 -0.5618 -0.2708

PART 19
OFFSET  15.7875 -3.6982 -4.4687
X  0.7298 -0.6297 -0.2662
Y -0.0663  0.3224 -0.9443
Z  0.6804  0.7068  0.1935

PART 20
OFFSET  15.3693 -1.7101 -6.8769
X  0.8778 -0.4520 -0.1588
Y -0.2580 -0.7253  0.6383
Z -0.4037 -0.5193 -0.7532

PART 21
OFFSET  17.5541 -3.0924 -7.1494
X -0.0226 -0.6590  0.7518
Y -0.5863  0.6178  0.5239
Z -0.8097 -0.4290 -0.4003

PART 22
OFFSET  17.5156 -4.2143 -5.8694
X -0.4815  0.1188  0.8684
Y -0.3476  0.8837 -0.3136
Z -0.8046 -0.4528 -0.3842

PART 23
OFFSET  16.8483 -4.0497 -4.6659
X -0.5808  0.4378  0.6863
Y -0.1400  0.7768 -0.6140
Z -0.8019 -0.4527 -0.3899

PART 24
OFFSET  16.2185 -3.5749 -3.9216
X  0.5164 -0.8247 -0.2308
Y  0.2528  0.4043 -0.8790
Z  0.8182  0.3956  0.4172

PART 25
OFFSET  17.4539 -1.2345 -4.9547
X  0.8183 -0.5647  0.1073
Y  0.5079  0.6228 -0.5951
Z  0.2692  0.5414  0.7965

PART 26
OFFSET  18.3456 -1.3594 -6.1253
X  0.4814 -0.8741  0.0651
Y -0.5732 -0.2578  0.7778
Z -0.6631 -0.4118 -0.6251

PART 27
OFFSET  19.1932 -2.8983 -6.0107
X -0.1867 -0.7979  0.5732
Y -0.7580  0.4881  0.4326
Z -0.6249 -0.3538 -0.6959

PART 28
OFFSET  19.0043 -3.8468 -5.2716
X -0.5924 -0.2031  0.7796
Y -0.4651  0.8764 -0.1251
Z -0.6578 -0.4367 -0.6136

PART 29
OFFSET  18.3351 -4.0762 -4.3910
X  0.4277 -0.8478 -0.3135
Y  0.5086  0.5124 -0.6919
Z  0.7473  0.1365  0.6504

PART 30
OFFSET  18.0648 -2.1787 -6.8110
X  0.1733 -0.8219  0.5426
Y -0.7089  0.2784  0.6480
Z -0.6837 -0.4970 -0.5344

PART 31
OFFSET  18.4033 -3.7843 -5.7510
X -0.4947 -0.2092  0.8435
Y -0.4993  0.8629 -0.0788
Z -0.7114 -0.4601 -0.5313

PART 32
OFFSET  17.6807 -4.0899 -4.5189
X -0.6917  0.3622  0.6248
Y -0.0576  0.8347 -0.5477
Z -0.7199 -0.4148 -0.5565

PART 33
OFFSET  16.8922 -3.6832 -3.8148
X  0.6132 -0.7843 -0.0937
Y  0.3464  0.3736 -0.8605
Z  0.7099  0.4952  0.5008

PART 34
OFFSET  16.5985 -3.2458 -5.8818
X -0.4598 -0.5301 -0.7125
Y  0.2330  0.7022 -0.6728
Z  0.8569 -0.4754 -0.1993

PART 35
OFFSET  13.9451  0.4769 -8.0803
X  0.7918 -0.4632  0.3981
Y  0.4046  0.8860  0.2263
Z -0.4576 -0.0181  0.8890

PART 36
OFFSET  13.0858 -0.7783 -8.8014
X  0.7918 -0.4632  0.3981
Y  0.4046  0.8860  0.2263
Z -0.4576 -0.0181  0.8890

PART 37
OFFSET  13.1259  0.0635 -5.6525
X  0.7918 -0.4632  0.3981
Y  0.4046  0.8860  0.2263
Z -0.4576 -0.0181  0.8890

PART 38
OFFSET  12.4162 -1.0678 -5.8201
X  0.7918 -0.4632  0.3981
Y  0.4046  0.8860  0.2263
Z -0.4576 -0.0181  0.8890

PART 39
OFFSET  12.3201 -1.3982 -6.9679
X  0.7918 -0.4632  0.3981
Y  0.4046  0.8860  0.2263
Z -0.4576 -0.0181  0.8890

PART 40
OFFSET  7.7616 -2.5987 -5.3983
X  0.9992 -0.0201 -0.0357
Y  0.0215  0.9989  0.0412
Z  0.0348 -0.0419  0.9985

PART 41
OFFSET  7.7616 -2.5987 -5.3983
X  0.9992 -0.0201 -0.0357
Y  0.0215  0.9989  0.0412
Z  0.0348 -0.0419  0.9985

PART 42
OFFSET  11.9799 -2.6800 -5.2693
X  0.9992 -0.0201 -0.0357
Y  0.0215  0.9989  0.0412
Z  0.0348 -0.0419  0.9985

PART 43
OFFSET  14.4153 -3.6545 -3.5863
X  0.9992 -0.0201 -0.0357
Y  0.0215  0.9989  0.0412
Z  0.0348 -0.0419  0.9985

PART 44
OFFSET -12.8394 -7.9373 -3.1869
X -0.5224  0.0146  0.8526
Y -0.1673 -0.9822 -0.0857
Z  0.8361 -0.1874  0.5156

PART 45
OFFSET -6.5212 -8.1141 -13.4977
X -0.8039 -0.3394 -0.4883
Y  0.5235 -0.0142 -0.8519
Z  0.2822 -0.9405  0.1891

PART 46
OFFSET  0.3166 -5.2273 -9.3442
X -0.8039 -0.3394 -0.4883
Y  0.5552 -0.1341 -0.8208
Z  0.2131 -0.9310  0.2963

PART 47
OFFSET  0.7626 -3.6520 -8.2283
X -0.8078 -0.3367 -0.4838
Y -0.2874  0.9416 -0.1754
Z  0.5146 -0.0027 -0.8574

PART 48
OFFSET  0.7403 -4.0785 -7.1087
X -0.8078 -0.3367 -0.4838
Y -0.2874  0.9416 -0.1754
Z  0.5146 -0.0027 -0.8574

PART 49
OFFSET  1.3071 -5.2935 -6.9933
X -0.8078 -0.3367 -0.4838
Y -0.2874  0.9416 -0.1754
Z  0.5146 -0.0027 -0.8574

PART 50
OFFSET  2.7812 -4.1867 -7.8471
X -0.9659 -0.1115 -0.2335
Y  0.2481 -0.1435 -0.9580
Z  0.0733 -0.9833  0.1663

PART 51
OFFSET  2.9462 -3.5943 -6.8858
X -0.5316 -0.6450 -0.5490
Y  0.5547  0.2248 -0.8011
Z  0.6401 -0.7304  0.2383

PART 52
OFFSET  4.0024 -2.1843 -5.6343
X -0.9008 -0.3404  0.2696
Y -0.1017 -0.4382 -0.8931
Z  0.4221 -0.8319  0.3601

PART 53
OFFSET  5.4032 -1.5678 -6.1632
X -0.5042 -0.0461  0.8624
Y -0.6835 -0.5891 -0.4311
Z  0.5279 -0.8067  0.2655

PART 54
OFFSET  5.9359 -1.4710 -7.1006
X -0.8521  0.3628  0.3772
Y  0.0947  0.8157 -0.5707
Z -0.5147 -0.4506 -0.7294

PART 55
OFFSET  3.8495 -4.0473 -8.7090
X -0.9308 -0.2623  0.2547
Y  0.3085 -0.9374  0.1618
Z  0.1963  0.2292  0.9534

PART 56
OFFSET  5.9315 -3.3096 -9.1622
X -0.1253 -0.9916  0.0309
Y  0.9332 -0.1284 -0.3356
Z  0.3367 -0.0132  0.9415

PART 57
OFFSET  6.1090 -1.9057 -9.2059
X  0.7490 -0.6005 -0.2801
Y  0.5871  0.7974 -0.1395
Z  0.3071 -0.0600  0.9498

PART 58
OFFSET  5.4449 -1.3733 -8.9576
X  0.8994  0.2941 -0.3235
Y -0.2763  0.9558  0.1007
Z  0.3388 -0.0012  0.9409

PART 59
OFFSET  4.5904 -1.6526 -8.6503
X -0.5635 -0.8247  0.0481
Y -0.7445  0.5322  0.4031
Z -0.3580  0.1913 -0.9139

PART 60
OFFSET  3.9073 -4.0647 -7.9977
X -0.9721 -0.2258  0.0633
Y  0.2340 -0.9516  0.1992
Z  0.0152  0.2085  0.9779

PART 61
OFFSET  6.4332 -3.5306 -8.3028
X -0.1473 -0.9781  0.1472
Y  0.9258 -0.1887 -0.3276
Z  0.3482  0.0880  0.9333

PART 62
OFFSET  6.6840 -1.8654 -8.5534
X  0.8635 -0.4189 -0.2807
Y  0.3757  0.9058 -0.1958
Z  0.3363  0.0636  0.9396

PART 63
OFFSET  5.4872 -1.2848 -8.1643
X  0.8287  0.4569 -0.3232
Y -0.4514  0.8871  0.0966
Z  0.3308  0.0658  0.9414

PART 64
OFFSET  4.5884 -1.7804 -7.8138
X -0.4048 -0.8779  0.2559
Y -0.8586  0.4612  0.2238
Z -0.3145 -0.1291 -0.9404

PART 65
OFFSET -1.4095 -5.0565 -7.9195
X -0.9365 -0.3506  0.0119
Y -0.3411  0.9021 -0.2643
Z  0.0820 -0.2515 -0.9644

PART 66
OFFSET  6.3852 -4.0094 -6.1529
X -0.9851 -0.1715 -0.0135
Y  0.1700 -0.9825  0.0760
Z -0.0263  0.0725  0.9970

PART 67
OFFSET  8.1196 -3.7075 -6.1291
X -0.9792 -0.2028 -0.0048
Y  0.2005 -0.9711  0.1298
Z -0.0310  0.1262  0.9915

PART 68
OFFSET  9.3081 -3.4533 -6.0630
X -0.9736 -0.2159 -0.0734
Y  0.2073 -0.9721  0.1101
Z -0.0951  0.0920  0.9912

PART 69
OFFSET  10.4079 -3.2094 -5.9801
X  0.1031  0.9737  0.2033
Y  0.9946 -0.0990 -0.0303
Z -0.0094  0.2053 -0.9787

PART 70
OFFSET  6.5382 -4.0006 -7.2470
X -0.2753 -0.9433  0.1853
Y  0.9478 -0.2986 -0.1120
Z  0.1610  0.1449  0.9763

PART 71
OFFSET  7.0759 -2.1578 -7.6091
X  0.8160 -0.5756 -0.0535
Y  0.5466  0.7984 -0.2523
Z  0.1880  0.1767  0.9662

PART 72
OFFSET  5.8841 -1.3171 -7.5310
X  0.8837  0.3797 -0.2737
Y -0.4257  0.8951 -0.1325
Z  0.1947  0.2336  0.9527

PART 73
OFFSET  4.8816 -1.7482 -7.2278
X -0.4182 -0.8778  0.2336
Y -0.8776  0.4568  0.1456
Z -0.2345 -0.1441 -0.9614

PART 74
OFFSET  0.7626 -3.6520 -8.2282
X -0.8078 -0.3367 -0.4838
Y -0.2874  0.9416 -0.1754
Z  0.5146 -0.0027 -0.8574

PART 75
OFFSET  0.7402 -4.0783 -7.1086
X -0.8078 -0.3367 -0.4838
Y -0.2874  0.9416 -0.1754
Z  0.5146 -0.0027 -0.8574

PART 76
OFFSET  1.3071 -5.2935 -6.9934
X -0.8078 -0.3367 -0.4838
Y -0.2874  0.9416 -0.1754
Z  0.5146 -0.0027 -0.8574

PART 77
OFFSET  0.0000 -0.0000 -0.0000
X  1.0000 -0.0000  0.0000
Y  0.0000  1.0000  0.0000
