// Export filename: `C:\projects\cod\t5\xanim_export\t5_viewmodels\ak74u\ak74u_sprint_out.XANIM_EXPORT`
// Source filename: `D:\projects\devanim\t5\animation_assets\viewmodels\ak74u/t5_viewmodel_ak74u_animated2.fbx`
// Export time: Fri Aug 27 21:34:54 2010

ANIMATION
VERSION 3

NUMPARTS 80
PART 0 "tag_ads"
PART 1 "tag_torso"
PART 2 "J_Shoulder_LE"
PART 3 "J_Elbow_LE"
PART 4 "J_WristTwist_LE"
PART 5 "J_Sleave_Reshape_Bottom_LE_1"
PART 6 "J_Sleave_Reshape_Bottom_LE_2"
PART 7 "J_Sleave_Reshape_Top_LE_1"
PART 8 "J_Sleave_Reshape_Top_LE_2"
PART 9 "J_Sleave_Reshape_Top_LE_3"
PART 10 "J_Wrist_LE"
PART 11 "J_Thumb_LE_0"
PART 12 "J_Thumb_LE_1"
PART 13 "J_Thumb_LE_2"
PART 14 "J_Thumb_LE_3"
PART 15 "J_PinkyPalm_LE"
PART 16 "J_Pinky_LE_0"
PART 17 "J_Pinky_LE_1"
PART 18 "J_Pinky_LE_2"
PART 19 "J_Pinky_LE_3"
PART 20 "J_RingPalm_LE"
PART 21 "J_Ring_LE_0"
PART 22 "J_Ring_LE_1"
PART 23 "J_Ring_LE_2"
PART 24 "J_Ring_LE_3"
PART 25 "J_Webbing_LE"
PART 26 "J_Index_LE_0"
PART 27 "J_Index_LE_1"
PART 28 "J_Index_LE_2"
PART 29 "J_Index_LE_3"
PART 30 "J_Mid_LE_0"
PART 31 "J_Mid_LE_1"
PART 32 "J_Mid_LE_2"
PART 33 "J_Mid_LE_3"
PART 34 "tag_knife_attach"
PART 35 "D_Sleave_Reshape_Bottom_LE_1"
PART 36 "D_Sleave_Reshape_Bottom_LE_2"
PART 37 "D_Sleave_Reshape_Top_LE_1"
PART 38 "D_Sleave_Reshape_Top_LE_2"
PART 39 "D_Sleave_Reshape_Top_LE_3"
PART 40 "tag_weapon"
PART 41 "J_Gun"
PART 42 "TAG_CLIP"
PART 43 "J_Bolt"
PART 44 "J_Shoulder_RI"
PART 45 "J_Elbow_RI"
PART 46 "J_WristTwist_RI"
PART 47 "J_Sleave_Reshape_Top_RI_3"
PART 48 "J_Sleave_Reshape_Top_RI_2"
PART 49 "J_Sleave_Reshape_Top_RI_1"
PART 50 "J_Wrist_RI"
PART 51 "J_Thumb_RI_0"
PART 52 "J_Thumb_RI_1"
PART 53 "J_Thumb_RI_2"
PART 54 "J_Thumb_RI_3"
PART 55 "J_PinkyPalm_RI"
PART 56 "J_Pinky_RI_0"
PART 57 "J_Pinky_RI_1"
PART 58 "J_Pinky_RI_2"
PART 59 "J_Pinky_RI_3"
PART 60 "J_RingPalm_RI"
PART 61 "J_Ring_RI_0"
PART 62 "J_Ring_RI_1"
PART 63 "J_Ring_RI_2"
PART 64 "J_Ring_RI_3"
PART 65 "J_Webbing_RI"
PART 66 "J_Index_RI_0"
PART 67 "J_Index_RI_1"
PART 68 "J_Index_RI_2"
PART 69 "J_Index_RI_3"
PART 70 "J_Mid_RI_0"
PART 71 "J_Mid_RI_1"
PART 72 "J_Mid_RI_2"
PART 73 "J_Mid_RI_3"
PART 74 "D_Sleave_Reshape_Top_RI_3"
PART 75 "D_Sleave_Reshape_Top_RI_2"
PART 76 "D_Sleave_Reshape_Top_RI_1"
PART 77 "tag_cambone"
PART 78 "tag_camera"
PART 79 "tag_gasmask"

FRAMERATE 30
NUMFRAMES 11

FRAME 1040
PART 0
OFFSET  0.0000 -0.0000 -0.0000
X  1.0000 -0.0000  0.0000
Y  0.0000  1.0000  0.0000
Z  0.0000 -0.0000  1.0000

PART 1
OFFSET -4.6318 -0.0000 -1.3770
X  1.0000 -0.0000  0.0000
Y  0.0000  1.0000  0.0000
Z  0.0000 -0.0000  1.0000

PART 2
OFFSET -3.6686  5.7860 -3.1869
X  0.5786 -0.1726 -0.7972
Y  0.2807 -0.8755  0.3933
Z -0.7658 -0.4513 -0.4581

PART 3
OFFSET  3.3287  3.6986 -12.8276
X  0.9872 -0.1416  0.0736
Y -0.0575  0.1145  0.9918
Z -0.1488 -0.9833  0.1049

PART 4
OFFSET  11.7252  2.4945 -12.2019
X  0.9872 -0.1416  0.0736
Y  0.1422  0.9898 -0.0033
Z -0.0724  0.0137  0.9973

PART 5
OFFSET  13.5598  3.7879 -12.9343
X  0.9879 -0.1396  0.0674
Y  0.1468  0.9819 -0.1193
Z -0.0495  0.1278  0.9906

PART 6
OFFSET  12.6898  1.4890 -13.2959
X  0.9879 -0.1396  0.0674
Y  0.1468  0.9819 -0.1193
Z -0.0495  0.1278  0.9906

PART 7
OFFSET  13.6541  3.1654 -10.6719
X  0.9879 -0.1396  0.0674
Y  0.1468  0.9819 -0.1193
Z -0.0495  0.1278  0.9906

PART 8
OFFSET  13.3462  1.9015 -10.3262
X  0.9879 -0.1396  0.0674
Y  0.1468  0.9819 -0.1193
Z -0.0495  0.1278  0.9906

PART 9
OFFSET  12.9320  1.2499 -11.2425
X  0.9879 -0.1396  0.0674
Y  0.1468  0.9819 -0.1193
Z -0.0495  0.1278  0.9906

PART 10
OFFSET  14.7516  2.0604 -11.9763
X  0.8653  0.4673 -0.1813
Y -0.4550  0.8840  0.1071
Z  0.2103 -0.0101  0.9776

PART 11
OFFSET  14.7882  3.1196 -11.5532
X  0.6949  0.7172 -0.0527
Y -0.6891  0.6431 -0.3339
Z -0.2055  0.2683  0.9411

PART 12
OFFSET  16.2074  4.7464 -11.6479
X  0.9256  0.3103 -0.2169
Y -0.3432  0.9296 -0.1343
Z  0.1599  0.1987  0.9669

PART 13
OFFSET  17.7400  5.2142 -11.8817
X  0.7218  0.6848 -0.0997
Y -0.6864  0.6900 -0.2297
Z -0.0886  0.2343  0.9681

PART 14
OFFSET  18.5048  5.9772 -11.9491
X  0.4483  0.4973 -0.7428
Y -0.1442 -0.7799 -0.6091
Z -0.8822  0.3801 -0.2779

PART 15
OFFSET  16.0135  1.5072 -12.0468
X  0.9995  0.0148 -0.0294
Y  0.0301 -0.0547  0.9980
Z  0.0132 -0.9984 -0.0551

PART 16
OFFSET  18.2609  1.6791 -11.9824
X -0.0508  0.4515  0.8908
Y -0.9905  0.0911 -0.1026
Z -0.1275 -0.8876  0.4426

PART 17
OFFSET  18.1891  2.3184 -10.7212
X -0.4151  0.4595  0.7852
Y -0.9044 -0.1148 -0.4110
Z -0.0987 -0.8807  0.4632

PART 18
OFFSET  17.8210  2.7258 -10.0250
X -0.6702  0.4130  0.6167
Y -0.7258 -0.1909 -0.6609
Z -0.1552 -0.8905  0.4277

PART 19
OFFSET  17.1843  3.1181 -9.4391
X  0.9907 -0.0672 -0.1187
Y -0.1363 -0.5224 -0.8417
Z -0.0054  0.8500 -0.5267

PART 20
OFFSET  15.8721  2.1989 -12.1521
X  0.9645  0.1731 -0.1996
Y  0.2123 -0.0585  0.9754
Z  0.1572 -0.9832 -0.0932

PART 21
OFFSET  18.4288  2.5907 -12.4135
X  0.3238  0.1825  0.9284
Y -0.9133  0.3166  0.2563
Z -0.2472 -0.9308  0.2692

PART 22
OFFSET  18.9801  2.9013 -10.8330
X -0.5486  0.3716  0.7490
Y -0.8040  0.0116 -0.5946
Z -0.2297 -0.9283  0.2924

PART 23
OFFSET  18.2198  3.4163 -9.7949
X -0.8104  0.3440  0.4743
Y -0.5401 -0.1250 -0.8322
Z -0.2270 -0.9306  0.2871

PART 24
OFFSET  17.3409  3.7894 -9.2806
X  0.9613 -0.2562  0.1009
Y  0.0322 -0.2595 -0.9652
Z  0.2735  0.9311 -0.2412

PART 25
OFFSET  16.8094  4.8992 -11.8413
X  0.9606  0.2659  0.0805
Y  0.0326  0.1800 -0.9831
Z -0.2759  0.9470  0.1643

PART 26
OFFSET  17.7020  4.5518 -12.9654
X  0.9288 -0.0995  0.3570
Y -0.3501  0.0800  0.9333
Z -0.1214 -0.9918  0.0394

PART 27
OFFSET  19.3373  4.3767 -12.3369
X  0.3219 -0.0967  0.9418
Y -0.9388  0.0965  0.3308
Z -0.1229 -0.9906 -0.0597

PART 28
OFFSET  19.7361  4.3192 -11.1883
X -0.4011  0.0963  0.9109
Y -0.9103  0.0692 -0.4082
Z -0.1024 -0.9929  0.0599

PART 29
OFFSET  19.2830  4.4280 -10.1594
X  0.9235 -0.3731  0.0887
Y  0.1205  0.0625 -0.9907
Z  0.3641  0.9257  0.1027

PART 30
OFFSET  18.1410  3.5411 -12.8869
X  0.6044  0.0742  0.7932
Y -0.7914  0.1702  0.5871
Z -0.0915 -0.9826  0.1616

PART 31
OFFSET  19.3217  3.6861 -11.3372
X -0.3345  0.1917  0.9227
Y -0.9324  0.0748 -0.3536
Z -0.1368 -0.9786  0.1537

PART 32
OFFSET  18.8330  3.9660 -9.9895
X -0.8320  0.2040  0.5159
Y -0.5280 -0.0063 -0.8492
Z -0.1700 -0.9790  0.1130

PART 33
OFFSET  17.8899  4.1901 -9.4039
X  0.9861 -0.0898  0.1396
Y  0.1184 -0.2087 -0.9708
Z  0.1163  0.9738 -0.1952

PART 34
OFFSET  17.6633  2.8355 -11.0359
X  0.1180 -0.9924 -0.0357
Y -0.2103  0.0101 -0.9776
Z  0.9705  0.1229 -0.2075

PART 35
OFFSET  13.2983  3.0576 -13.2406
X  0.9879 -0.1396  0.0674
Y  0.1468  0.9819 -0.1193
Z -0.0495  0.1278  0.9906

PART 36
OFFSET  12.6898  1.4890 -13.2959
X  0.9879 -0.1396  0.0674
Y  0.1468  0.9819 -0.1193
Z -0.0495  0.1278  0.9906

PART 37
OFFSET  13.6541  3.1654 -10.6719
X  0.9879 -0.1396  0.0674
Y  0.1468  0.9819 -0.1193
Z -0.0495  0.1278  0.9906

PART 38
OFFSET  13.3462  1.9015 -10.3262
X  0.9879 -0.1396  0.0674
Y  0.1468  0.9819 -0.1193
Z -0.0495  0.1278  0.9906

PART 39
OFFSET  12.9320  1.2499 -11.2425
X  0.9879 -0.1396  0.0674
Y  0.1468  0.9819 -0.1193
Z -0.0495  0.1278  0.9906

PART 40
OFFSET  10.7208 -1.2765 -7.5804
X  0.7570  0.5117 -0.4063
Y -0.6468  0.4986 -0.5771
Z -0.0927  0.6997  0.7084

PART 41
OFFSET  10.7208 -1.2765 -7.5804
X  0.7570  0.5117 -0.4063
Y -0.6468  0.4986 -0.5771
Z -0.0927  0.6997  0.7084

PART 42
OFFSET  13.8736  1.0815 -9.1026
X  0.7570  0.5117 -0.4063
Y -0.6468  0.4986 -0.5771
Z -0.0927  0.6997  0.7084

PART 43
OFFSET  16.0685  3.1449 -8.3038
X  0.7570  0.5117 -0.4063
Y -0.6468  0.4986 -0.5771
Z -0.0927  0.6997  0.7084

PART 44
OFFSET -13.9227 -7.9373 -3.1869
X -0.9106 -0.0126  0.4130
Y -0.1284 -0.9414 -0.3120
Z  0.3927 -0.3372  0.8556

PART 45
OFFSET -2.9096 -7.7844 -8.1819
X -0.9810 -0.1160 -0.1558
Y  0.1724 -0.1505 -0.9735
Z  0.0895 -0.9818  0.1677

PART 46
OFFSET  5.4339 -6.7977 -6.8569
X -0.9810 -0.1160 -0.1558
Y  0.1861 -0.7913 -0.5824
Z -0.0557 -0.6003  0.7978

PART 47
OFFSET  6.6147 -5.3957 -6.1049
X -0.9822 -0.1124 -0.1504
Y -0.0892  0.9842 -0.1532
Z  0.1653 -0.1371 -0.9767

PART 48
OFFSET  6.8804 -5.8021 -5.0095
X -0.9822 -0.1124 -0.1504
Y -0.0892  0.9842 -0.1532
Z  0.1653 -0.1371 -0.9767

PART 49
OFFSET  7.1337 -7.1235 -4.9818
X -0.9822 -0.1124 -0.1504
Y -0.0892  0.9842 -0.1532
Z  0.1653 -0.1371 -0.9767

PART 50
OFFSET  8.4412 -6.4421 -6.3794
X -0.6066 -0.7425  0.2840
Y  0.4179 -0.6017 -0.6807
Z  0.6763 -0.2942  0.6753

PART 51
OFFSET  8.0331 -5.4066 -6.1275
X  0.1113 -0.9710  0.2117
Y  0.3794 -0.1554 -0.9121
Z  0.9185  0.1819  0.3511

PART 52
OFFSET  7.7040 -3.3059 -6.5129
X -0.4816 -0.4593  0.7464
Y  0.3435 -0.8825 -0.3214
Z  0.8063  0.1016  0.5827

PART 53
OFFSET  8.4115 -2.6285 -7.8024
X -0.4685  0.3079  0.8281
Y -0.0549 -0.9457  0.3205
Z  0.8818  0.1047  0.4599

PART 54
OFFSET  8.8787 -2.9501 -8.7243
X -0.9236 -0.0349  0.3819
Y -0.3828  0.0257 -0.9235
Z  0.0224 -0.9991 -0.0371

PART 55
OFFSET  9.2653 -6.3986 -7.4850
X -0.5528 -0.4503  0.7011
Y  0.8206 -0.1478  0.5521
Z -0.1450  0.8806  0.4512

PART 56
OFFSET  10.3857 -5.2405 -9.0624
X  0.5548 -0.5015  0.6639
Y  0.8233  0.2158 -0.5249
Z  0.1199  0.8378  0.5326

PART 57
OFFSET  9.6003 -4.5305 -10.0023
X  0.9894 -0.0624 -0.1313
Y -0.0698  0.5886 -0.8054
Z  0.1275  0.8060  0.5780

PART 58
OFFSET  8.7230 -4.4752 -9.8858
X  0.5188  0.3995 -0.7558
Y -0.8473  0.3579 -0.3925
Z  0.1137  0.8440  0.5242

PART 59
OFFSET  8.2301 -4.8547 -9.1678
X  0.1186 -0.6523  0.7487
Y -0.9592  0.1197  0.2563
Z -0.2568 -0.7485 -0.6114

PART 60
OFFSET  9.2154 -5.8765 -7.0008
X -0.5794 -0.5903  0.5620
Y  0.7695 -0.1688  0.6160
Z -0.2688  0.7893  0.5520

PART 61
OFFSET  10.7761 -4.4653 -8.5277
X  0.5126 -0.4258  0.7457
Y  0.8563  0.1897 -0.4803
Z  0.0631  0.8847  0.4618

PART 62
OFFSET  9.9034 -3.7405 -9.7972
X  0.9548  0.0830 -0.2855
Y -0.2891  0.4833 -0.8263
Z  0.0694  0.8715  0.4855

PART 63
OFFSET  8.5802 -3.8555 -9.4016
X  0.3595  0.4358 -0.8252
Y -0.9310  0.2278 -0.2853
Z  0.0636  0.8708  0.4876

PART 64
OFFSET  8.1903 -4.3281 -8.5067
X  0.2404 -0.4443  0.8630
Y -0.9706 -0.1008  0.2185
Z -0.0101 -0.8902 -0.4555

PART 65
OFFSET  5.9257 -9.1814 -4.2598
X -0.4635 -0.6641  0.5866
Y -0.8065  0.0420 -0.5897
Z  0.3670 -0.7465 -0.5551

PART 66
OFFSET  10.7411 -3.2043 -6.7217
X -0.6135 -0.6264  0.4810
Y  0.7605 -0.3043  0.5736
Z -0.2129  0.7177  0.6630

PART 67
OFFSET  11.8212 -2.1015 -7.5685
X -0.5898 -0.6314  0.5035
Y  0.7676 -0.2447  0.5924
Z -0.2509  0.7359  0.6289

PART 68
OFFSET  12.5230 -1.2892 -8.1424
X -0.5671 -0.6824  0.4612
Y  0.7761 -0.2552  0.5766
Z -0.2757  0.6849  0.6744

PART 69
OFFSET  13.1635 -0.5184 -8.6633
X -0.5936  0.6452 -0.4810
Y  0.8048  0.4768 -0.3536
Z  0.0012 -0.5969 -0.8023

PART 70
OFFSET  11.0084 -3.8835 -7.5510
X  0.3896 -0.4530  0.8019
Y  0.9133  0.3025 -0.2728
Z -0.1190  0.8386  0.5315

PART 71
OFFSET  10.2473 -2.9985 -9.1175
X  0.9894  0.1445 -0.0144
Y -0.0839  0.4879 -0.8689
Z -0.1185  0.8609  0.4948

PART 72
OFFSET  8.8022 -3.2095 -9.0965
X  0.4436  0.4651 -0.7661
Y -0.8838  0.0850 -0.4602
Z -0.1489  0.8812  0.4488

PART 73
OFFSET  8.3002 -3.7425 -8.2323
X  0.2338 -0.4672  0.8526
Y -0.9703 -0.1680  0.1740
Z  0.0619 -0.8680 -0.4927

PART 74
OFFSET  6.6147 -5.3957 -6.1049
X -0.9822 -0.1124 -0.1504
Y -0.0892  0.9842 -0.1532
Z  0.1653 -0.1371 -0.9767

PART 75
OFFSET  6.8803 -5.8019 -5.0094
X -0.9822 -0.1124 -0.1504
Y -0.0892  0.9842 -0.1532
Z  0.1653 -0.1371 -0.9767

PART 76
OFFSET  7.1337 -7.1235 -4.9819
X -0.9822 -0.1124 -0.1504
Y -0.0892  0.9842 -0.1532
Z  0.1653 -0.1371 -0.9767

PART 77
OFFSET  0.0000 -0.0000 -0.0000
X  1.0000 -0.0000  0.0000
Y  0.0000  1.0000  0.0000
Z  0.0000 -0.0000  1.0000

PART 78
OFFSET  0.0000 -0.0000 -0.0000
X  1.0000 -0.0000  0.0000
Y  0.0000  1.0000  0.0000
Z  0.0000 -0.0000  1.0000

PART 79
OFFSET  1.5404 -0.0000  4.1357
X  1.0000 -0.0000  0.0000
Y  0.0000  1.0000  0.0000
Z  0.0000 -0.0000  1.0000


FRAME 1041
PART 0
OFFSET  0.0000 -0.0000 -0.0000
X  1.0000 -0.0000  0.0000
Y  0.0000  1.0000  0.0000
Z  0.0000 -0.0000  1.0000

PART 1
OFFSET -4.6318 -0.0000 -1.3770
X  1.0000 -0.0000  0.0000
Y  0.0000  1.0000  0.0000
Z  0.0000 -0.0000  1.0000

PART 2
OFFSET -3.6652  5.7860 -3.1869
X  0.5796 -0.1648 -0.7981
Y  0.2552 -0.8934  0.3698
Z -0.7739 -0.4180 -0.4758

PART 3
OFFSET  3.3446  3.7929 -12.8385
X  0.9810 -0.1672  0.0989
Y -0.0844  0.0915  0.9922
Z -0.1749 -0.9817  0.0757

PART 4
OFFSET  11.6880  2.3708 -11.9974
X  0.9810 -0.1672  0.0989
Y  0.1624  0.9852  0.0547
Z -0.1066 -0.0376  0.9936

PART 5
OFFSET  13.5736  3.6370 -12.6430
X  0.9819 -0.1650  0.0927
Y  0.1734  0.9807 -0.0902
Z -0.0761  0.1046  0.9916

PART 6
OFFSET  12.6611  1.3694 -13.0877
X  0.9819 -0.1650  0.0927
Y  0.1734  0.9807 -0.0902
Z -0.0761  0.1046  0.9916

PART 7
OFFSET  13.5855  2.9572 -10.3952
X  0.9819 -0.1650  0.0927
Y  0.1734  0.9807 -0.0902
Z -0.0761  0.1046  0.9916

PART 8
OFFSET  13.2379  1.6931 -10.0906
X  0.9819 -0.1650  0.0927
Y  0.1734  0.9807 -0.0902
Z -0.0761  0.1046  0.9916

PART 9
OFFSET  12.8360  1.0743 -11.0347
X  0.9819 -0.1650  0.0927
Y  0.1734  0.9807 -0.0902
Z -0.0761  0.1046  0.9916

PART 10
OFFSET  14.6953  1.8583 -11.6943
X  0.8915  0.4267 -0.1520
Y -0.4063  0.9017  0.1480
Z  0.2002 -0.0702  0.9772

PART 11
OFFSET  14.7865  2.8916 -11.2186
X  0.7340  0.6790 -0.0122
Y -0.6493  0.6963 -0.3060
Z -0.1993  0.2325  0.9520

PART 12
OFFSET  16.2945  4.4393 -11.2226
X  0.9433  0.2685 -0.1949
Y -0.2898  0.9528 -0.0901
Z  0.1616  0.1415  0.9767

PART 13
OFFSET  17.8528  4.8318 -11.4226
X  0.7596  0.6476 -0.0606
Y -0.6449  0.7378 -0.1996
Z -0.0846  0.1907  0.9780

PART 14
OFFSET  18.6594  5.5534 -11.4467
X  0.4822  0.5075 -0.7141
Y -0.1814 -0.7396 -0.6482
Z -0.8571  0.4420 -0.2645

PART 15
OFFSET  15.9252  1.2397 -11.7838
X  0.9990 -0.0396 -0.0219
Y  0.0176 -0.1055  0.9943
Z -0.0417 -0.9936 -0.1047

PART 16
OFFSET  18.1780  1.2825 -11.6959
X -0.0341  0.4091  0.9119
Y -0.9829  0.1512 -0.1046
Z -0.1807 -0.8999  0.3970

PART 17
OFFSET  18.1298  1.8617 -10.4049
X -0.3965  0.4426  0.8043
Y -0.9054 -0.0437 -0.4222
Z -0.1518 -0.8956  0.4181

PART 18
OFFSET  17.7782  2.2541 -9.6918
X -0.6521  0.4187  0.6320
Y -0.7290 -0.1172 -0.6744
Z -0.2083 -0.9005  0.3817

PART 19
OFFSET  17.1588  2.6519 -9.0913
X  0.9865 -0.1165 -0.1153
Y -0.1571 -0.4718 -0.8676
Z  0.0467  0.8740 -0.4837

PART 20
OFFSET  15.8234  1.9425 -11.8554
X  0.9744  0.1287 -0.1842
Y  0.1995 -0.1184  0.9727
Z  0.1034 -0.9846 -0.1410

PART 21
OFFSET  18.4002  2.2034 -12.0799
X  0.3246  0.1180  0.9384
Y -0.8967  0.3541  0.2657
Z -0.3009 -0.9277  0.2208

PART 22
OFFSET  18.9529  2.4043 -10.4822
X -0.5342  0.3642  0.7629
Y -0.7964  0.0858 -0.5986
Z -0.2835 -0.9274  0.2442

PART 23
OFFSET  18.2125  2.9091 -9.4249
X -0.7945  0.3649  0.4854
Y -0.5383 -0.0534 -0.8410
Z -0.2809 -0.9295  0.2389

PART 24
OFFSET  17.3508  3.3048 -8.8984
X  0.9447 -0.3142  0.0945
Y  0.0269 -0.2129 -0.9767
Z  0.3270  0.9252 -0.1927

PART 25
OFFSET  16.9059  4.5676 -11.4042
X  0.9731  0.2075  0.1001
Y  0.0518  0.2263 -0.9727
Z -0.2245  0.9517  0.2094

PART 26
OFFSET  17.7884  4.2269 -12.5382
X  0.9184 -0.1687  0.3578
Y -0.3540  0.0532  0.9337
Z -0.1765 -0.9842 -0.0109

PART 27
OFFSET  19.4055  3.9299 -11.9083
X  0.3072 -0.1609  0.9380
Y -0.9351  0.1323  0.3289
Z -0.1770 -0.9781 -0.1099

PART 28
OFFSET  19.7897  3.7937 -10.7613
X -0.4038  0.0734  0.9119
Y -0.9012  0.1400 -0.4103
Z -0.1578 -0.9874  0.0096

PART 29
OFFSET  19.3336  3.8766 -9.7313
X  0.9006 -0.4280  0.0762
Y  0.1331  0.1046 -0.9856
Z  0.4139  0.8977  0.1512

PART 30
OFFSET  18.1700  3.1906 -12.5072
X  0.6000  0.0011  0.8000
Y -0.7863  0.1849  0.5895
Z -0.1473 -0.9828  0.1118

PART 31
OFFSET  19.3422  3.1928 -10.9444
X -0.3321  0.1642  0.9288
Y -0.9234  0.1441 -0.3557
Z -0.1923 -0.9758  0.1038

PART 32
OFFSET  18.8571  3.4326 -9.5877
X -0.8243  0.2244  0.5198
Y -0.5195  0.0652 -0.8520
Z -0.2250 -0.9723  0.0629

PART 33
OFFSET  17.9223  3.6798 -8.9979
X  0.9783 -0.1515  0.1416
Y  0.1158 -0.1668 -0.9792
Z  0.1720  0.9743 -0.1456

PART 34
OFFSET  17.6365  2.4222 -10.6969
X  0.0632 -0.9944 -0.0843
Y -0.2002  0.0702 -0.9772
Z  0.9777  0.0787 -0.1947

PART 35
OFFSET  13.3043  2.9210 -12.9751
X  0.9819 -0.1650  0.0927
Y  0.1734  0.9807 -0.0902
Z -0.0761  0.1046  0.9916

PART 36
OFFSET  12.6611  1.3694 -13.0877
X  0.9819 -0.1650  0.0927
Y  0.1734  0.9807 -0.0902
Z -0.0761  0.1046  0.9916

PART 37
OFFSET  13.5855  2.9572 -10.3952
X  0.9819 -0.1650  0.0927
Y  0.1734  0.9807 -0.0902
Z -0.0761  0.1046  0.9916

PART 38
OFFSET  13.2379  1.6931 -10.0906
X  0.9819 -0.1650  0.0927
Y  0.1734  0.9807 -0.0902
Z -0.0761  0.1046  0.9916

PART 39
OFFSET  12.8360  1.0743 -11.0347
X  0.9819 -0.1650  0.0927
Y  0.1734  0.9807 -0.0902
Z -0.0761  0.1046  0.9916

PART 40
OFFSET  10.4443 -1.4645 -7.4977
X  0.7879  0.4883 -0.3752
Y -0.6128  0.5620 -0.5555
Z -0.0604  0.6676  0.7421

PART 41
OFFSET  10.4443 -1.4645 -7.4977
X  0.7879  0.4883 -0.3752
Y -0.6128  0.5620 -0.5555
Z -0.0604  0.6676  0.7421

PART 42
OFFSET  13.7367  0.7870 -8.8791
X  0.7879  0.4883 -0.3752
Y -0.6128  0.5620 -0.5555
Z -0.0604  0.6676  0.7421

PART 43
OFFSET  16.0350  2.6826 -7.9634
X  0.7879  0.4883 -0.3752
Y -0.6128  0.5620 -0.5555
Z -0.0604  0.6676  0.7421

PART 44
OFFSET -13.9227 -7.9373 -3.1869
X -0.8749  0.0036  0.4843
Y -0.1664 -0.9413 -0.2937
Z  0.4548 -0.3375  0.8242

PART 45
OFFSET -3.3416 -7.9806 -9.0437
X -0.9691 -0.1238 -0.2136
Y  0.2304 -0.1433 -0.9625
Z  0.0885 -0.9819  0.1674

PART 46
OFFSET  4.9006 -6.9279 -7.2273
X -0.9691 -0.1238 -0.2136
Y  0.2378 -0.6996 -0.6738
Z -0.0660 -0.7037  0.7074

PART 47
OFFSET  6.0225 -5.5199 -6.4000
X -0.9707 -0.1202 -0.2083
Y -0.0891  0.9842 -0.1530
Z  0.2234 -0.1299 -0.9660

PART 48
OFFSET  6.2273 -5.9303 -5.2930
X -0.9707 -0.1202 -0.2083
Y -0.0891  0.9842 -0.1530
Z  0.2234 -0.1299 -0.9660

PART 49
OFFSET  6.4907 -7.2495 -5.2576
X -0.9707 -0.1202 -0.2083
Y -0.0891  0.9842 -0.1530
Z  0.2234 -0.1299 -0.9660

PART 50
OFFSET  7.8714 -6.5484 -6.5726
X -0.6494 -0.7208  0.2424
Y  0.3902 -0.5894 -0.7073
Z  0.6527 -0.3647  0.6640

PART 51
OFFSET  7.5190 -5.5056 -6.2716
X  0.0555 -0.9850  0.1634
Y  0.3786 -0.1306 -0.9163
Z  0.9239  0.1127  0.3657

PART 52
OFFSET  7.3101 -3.3733 -6.5531
X -0.5131 -0.4683  0.7193
Y  0.2971 -0.8831 -0.3631
Z  0.8053  0.0274  0.5923

PART 53
OFFSET  8.0660 -2.6730 -7.8022
X -0.4584  0.2918  0.8395
Y -0.1101 -0.9559  0.2722
Z  0.8819  0.0323  0.4703

PART 54
OFFSET  8.5232 -2.9738 -8.7362
X -0.9276 -0.0023  0.3737
Y -0.3723  0.0930 -0.9235
Z -0.0326 -0.9957 -0.0871

PART 55
OFFSET  8.7068 -6.4959 -7.6693
X -0.5834 -0.4532  0.6740
Y  0.8060 -0.2206  0.5492
Z -0.1002  0.8637  0.4940

PART 56
OFFSET  9.9041 -5.3248 -9.1792
X  0.5200 -0.5641  0.6414
Y  0.8388  0.1955 -0.5081
Z  0.1612  0.8022  0.5748

PART 57
OFFSET  9.1679 -4.5262 -10.0873
X  0.9856 -0.1108 -0.1279
Y -0.0297  0.6310 -0.7752
Z  0.1666  0.7678  0.6186

PART 58
OFFSET  8.2941 -4.4280 -9.9739
X  0.5471  0.4071 -0.7314
Y -0.8225  0.4236 -0.3795
Z  0.1553  0.8092  0.5666

PART 59
OFFSET  7.7743 -4.8148 -9.2790
X  0.0754 -0.6944  0.7157
Y -0.9534  0.1601  0.2558
Z -0.2922 -0.7016 -0.6499

PART 60
OFFSET  8.6815 -5.9966 -7.1598
X -0.6164 -0.5844  0.5278
Y  0.7532 -0.2419  0.6117
Z -0.2298  0.7746  0.5893

PART 61
OFFSET  10.3319 -4.6003 -8.6038
X  0.4813 -0.4903  0.7266
Y  0.8699  0.1653 -0.4647
Z  0.1077  0.8557  0.5061

PART 62
OFFSET  9.5124 -3.7656 -9.8408
X  0.9605  0.0438 -0.2748
Y -0.2542  0.5393 -0.8028
Z  0.1130  0.8410  0.5291

PART 63
OFFSET  8.1812 -3.8262 -9.4600
X  0.3906  0.4556 -0.7999
Y -0.9143  0.2932 -0.2795
Z  0.1072  0.8405  0.5311

PART 64
OFFSET  7.7576 -4.3203 -8.5925
X  0.2075 -0.4995  0.8411
Y -0.9767 -0.0573  0.2069
Z -0.0552 -0.8644 -0.4997

PART 65
OFFSET  5.1887 -9.2455 -4.6096
X -0.5049 -0.6656  0.5495
Y -0.7975  0.1162 -0.5920
Z  0.3302 -0.7372 -0.5895

PART 66
OFFSET  10.3500 -3.4308 -6.7369
X -0.6516 -0.6144  0.4449
Y  0.7371 -0.3745  0.5625
Z -0.1790  0.6945  0.6969

PART 67
OFFSET  11.4973 -2.3491 -7.5202
X -0.6285 -0.6218  0.4673
Y  0.7474 -0.3163  0.5843
Z -0.2155  0.7165  0.6635

PART 68
OFFSET  12.2482 -1.5496 -8.0480
X -0.6082 -0.6719  0.4227
Y  0.7555 -0.3265  0.5680
Z -0.2436  0.6648  0.7062

PART 69
OFFSET  12.9352 -0.7907 -8.5254
X -0.5525  0.7005 -0.4517
Y  0.8331  0.4483 -0.3239
Z -0.0244 -0.5553 -0.8313

PART 70
OFFSET  10.5870 -4.0817 -7.5975
X  0.3565 -0.5134  0.7806
Y  0.9311  0.2643 -0.2514
Z -0.0773  0.8164  0.5722

PART 71
OFFSET  9.8906 -3.0787 -9.1224
X  0.9960  0.0896 -0.0008
Y -0.0487  0.5345 -0.8438
Z -0.0752  0.8404  0.5367

PART 72
OFFSET  8.4358 -3.2096 -9.1214
X  0.4757  0.4773 -0.7388
Y -0.8734  0.1569 -0.4610
Z -0.1041  0.8646  0.4915

PART 73
OFFSET  7.8971 -3.7562 -8.2883
X  0.1997 -0.5215  0.8296
Y -0.9797 -0.1221  0.1591
Z  0.0184 -0.8445 -0.5353

PART 74
OFFSET  6.0225 -5.5198 -6.4000
X -0.9707 -0.1202 -0.2083
Y -0.0891  0.9842 -0.1530
Z  0.2234 -0.1299 -0.9660

PART 75
OFFSET  6.2273 -5.9301 -5.2930
X -0.9707 -0.1202 -0.2083
Y -0.0891  0.9842 -0.1530
Z  0.2234 -0.1299 -0.9660

PART 76
OFFSET  6.4907 -7.2495 -5.2577
X -0.9707 -0.1202 -0.2083
Y -0.0891  0.9842 -0.1530
Z  0.2234 -0.1299 -0.9660

PART 77
OFFSET  0.0000 -0.0000 -0.0000
X  1.0000 -0.0000  0.0000
Y  0.0000  1.0000  0.0000
Z  0.0000 -0.0000  1.0000

PART 78
OFFSET  0.0000 -0.0000 -0.0000
X  1.0000 -0.0000  0.0000
Y  0.0000  1.0000  0.0000
Z  0.0000 -0.0000  1.0000

PART 79
OFFSET  1.5404 -0.0000  4.1357
X  1.0000 -0.0000  0.0000
Y  0.0000  1.0000  0.0000
Z  0.0000 -0.0000  1.0000


FRAME 1042
PART 0
OFFSET  0.0000 -0.0000 -0.0000
X  1.0000 -0.0000  0.0000
Y  0.0000  1.0000  0.0000
Z  0.0000 -0.0000  1.0000

PART 1
OFFSET -4.6318 -0.0000 -1.3770
X  1.0000 -0.0000  0.0000
Y  0.0000  1.0000  0.0000
Z  0.0000 -0.0000  1.0000

PART 2
OFFSET -3.6584  5.7860 -3.1869
X  0.5834 -0.1549 -0.7973
Y  0.2213 -0.9142  0.3395
Z -0.7814 -0.3745 -0.4991

PART 3
OFFSET  3.3971  3.9132 -12.8293
X  0.9695 -0.2008  0.1408
Y -0.1300  0.0658  0.9893
Z -0.2079 -0.9774  0.0377

PART 4
OFFSET  11.6429  2.2055 -11.6321
X  0.9695 -0.2008  0.1408
Y  0.1809  0.9732  0.1423
Z -0.1655 -0.1125  0.9798

PART 5
OFFSET  13.5950  3.4295 -12.1482
X  0.9708 -0.1985  0.1347
Y  0.2070  0.9769 -0.0523
Z -0.1212  0.0787  0.9895

PART 6
OFFSET  12.6374  1.2054 -12.7040
X  0.9708 -0.1985  0.1347
Y  0.2070  0.9769 -0.0523
Z -0.1212  0.0787  0.9895

PART 7
OFFSET  13.4766  2.6859 -9.9238
X  0.9708 -0.1985  0.1347
Y  0.2070  0.9769 -0.0523
Z -0.1212  0.0787  0.9895

PART 8
OFFSET  13.0766  1.4252 -9.6743
X  0.9708 -0.1985  0.1347
Y  0.2070  0.9769 -0.0523
Z -0.1212  0.0787  0.9895

PART 9
OFFSET  12.7030  0.8466 -10.6548
X  0.9708 -0.1985  0.1347
Y  0.2070  0.9769 -0.0523
Z -0.1212  0.0787  0.9895

PART 10
OFFSET  14.6150  1.5900 -11.2006
X  0.9249  0.3624 -0.1150
Y -0.3335  0.9186  0.2120
Z  0.1825 -0.1578  0.9705

PART 11
OFFSET  14.7841  2.5747 -10.6492
X  0.7867  0.6159  0.0422
Y -0.5871  0.7676 -0.2572
Z -0.1908  0.1776  0.9654

PART 12
OFFSET  16.4125  3.9902 -10.5301
X  0.9642  0.2041 -0.1692
Y -0.2106  0.9774 -0.0209
Z  0.1611  0.0558  0.9854

PART 13
OFFSET  17.9997  4.2676 -10.6917
X  0.8102  0.5860 -0.0082
Y -0.5806  0.8006 -0.1481
Z -0.0802  0.1247  0.9889

PART 14
OFFSET  18.8624  4.9207 -10.6578
X  0.5300  0.5175 -0.6718
Y -0.2332 -0.6728 -0.7021
Z -0.8153  0.5288 -0.2359

PART 15
OFFSET  15.7916  0.8812 -11.3288
X  0.9927 -0.1193 -0.0192
Y -0.0026 -0.1793  0.9838
Z -0.1209 -0.9765 -0.1783

PART 16
OFFSET  18.0393  0.7333 -11.2253
X -0.0114  0.3425  0.9394
Y -0.9662  0.2383 -0.0986
Z -0.2577 -0.9088  0.3282

PART 17
OFFSET  18.0232  1.2182 -9.8952
X -0.3686  0.4133  0.8326
Y -0.9010  0.0615 -0.4294
Z -0.2287 -0.9085  0.3497

PART 18
OFFSET  17.6964  1.5847 -9.1570
X -0.6233  0.4231  0.6576
Y -0.7282 -0.0075 -0.6853
Z -0.2850 -0.9060  0.3128

PART 19
OFFSET  17.1042  1.9867 -8.5322
X  0.9751 -0.1879 -0.1180
Y -0.1847 -0.3924 -0.9010
Z  0.1230  0.9004 -0.4174

PART 20
OFFSET  15.7479  1.5934 -11.3487
X  0.9837  0.0618 -0.1687
Y  0.1780 -0.2053  0.9624
Z  0.0248 -0.9767 -0.2130

PART 21
OFFSET  18.3398  1.6586 -11.5388
X  0.3222  0.0219  0.9464
Y -0.8681  0.4057  0.2861
Z -0.3777 -0.9137  0.1498

PART 22
OFFSET  18.8884  1.6960 -9.9275
X -0.5117  0.3497  0.7848
Y -0.7798  0.1943 -0.5951
Z -0.3605 -0.9165  0.1733

PART 23
OFFSET  18.1792  2.1806 -8.8399
X -0.7679  0.3920  0.5066
Y -0.5311  0.0526 -0.8457
Z -0.3581 -0.9185  0.1678

PART 24
OFFSET  17.3463  2.6057 -8.2904
X  0.9149 -0.3964  0.0762
Y  0.0209 -0.1422 -0.9896
Z  0.4031  0.9070 -0.1218

PART 25
OFFSET  17.0344  4.0811 -10.6983
X  0.9855  0.1194  0.1206
Y  0.0813  0.2920 -0.9530
Z -0.1491  0.9489  0.2781

PART 26
OFFSET  17.8995  3.7535 -11.8494
X  0.8975 -0.2689  0.3495
Y -0.3593  0.0133  0.9331
Z -0.2556 -0.9631 -0.0847

PART 27
OFFSET  19.4798  3.2800 -11.2342
X  0.2822 -0.2539  0.9252
Y -0.9250  0.1838  0.3325
Z -0.2544 -0.9496 -0.1830

PART 28
OFFSET  19.8382  3.0291 -10.0983
X -0.4071  0.0391  0.9126
Y -0.8820  0.2429 -0.4038
Z -0.2374 -0.9693 -0.0644

PART 29
OFFSET  19.3785  3.0732 -9.0676
X  0.8619 -0.5046  0.0494
Y  0.1526  0.1654 -0.9744
Z  0.4835  0.8474  0.2195

PART 30
OFFSET  18.1955  2.6900 -11.8931
X  0.5888 -0.1066  0.8012
Y -0.7755  0.2048  0.5972
Z -0.2278 -0.9730  0.0379

PART 31
OFFSET  19.3457  2.4817 -10.3279
X -0.3285  0.1222  0.9366
Y -0.9045  0.2448 -0.3492
Z -0.2719 -0.9618  0.0302

PART 32
OFFSET  18.8659  2.6603 -8.9599
X -0.8094  0.2522  0.5304
Y -0.5026  0.1697 -0.8477
Z -0.3038 -0.9527 -0.0106

PART 33
OFFSET  17.9474  2.9391 -8.3587
X  0.9611 -0.2409  0.1354
Y  0.1133 -0.1034 -0.9882
Z  0.2521  0.9650 -0.0721

PART 34
OFFSET  17.5804  1.8370 -10.1477
X -0.0166 -0.9874 -0.1574
Y -0.1825  0.1578 -0.9705
Z  0.9831  0.0126 -0.1828

PART 35
OFFSET  13.3208  2.7320 -12.5142
X  0.9708 -0.1985  0.1347
Y  0.2070  0.9769 -0.0523
Z -0.1212  0.0787  0.9895

PART 36
OFFSET  12.6374  1.2054 -12.7040
X  0.9708 -0.1985  0.1347
Y  0.2070  0.9769 -0.0523
Z -0.1212  0.0787  0.9895

PART 37
OFFSET  13.4766  2.6859 -9.9238
X  0.9708 -0.1985  0.1347
Y  0.2070  0.9769 -0.0523
Z -0.1212  0.0787  0.9895

PART 38
OFFSET  13.0766  1.4252 -9.6743
X  0.9708 -0.1985  0.1347
Y  0.2070  0.9769 -0.0523
Z -0.1212  0.0787  0.9895

PART 39
OFFSET  12.7030  0.8466 -10.6548
X  0.9708 -0.1985  0.1347
Y  0.2070  0.9769 -0.0523
Z -0.1212  0.0787  0.9895

PART 40
OFFSET  10.0595 -1.6789 -7.2868
X  0.8290  0.4490 -0.3335
Y -0.5591  0.6498 -0.5150
Z -0.0146  0.6134  0.7897

PART 41
OFFSET  10.0595 -1.6789 -7.2868
X  0.8290  0.4490 -0.3335
Y -0.5591  0.6498 -0.5150
Z -0.0146  0.6134  0.7897

PART 42
OFFSET  13.5385  0.3931 -8.4786
X  0.8290  0.4490 -0.3335
Y -0.5591  0.6498 -0.5150
Z -0.0146  0.6134  0.7897

PART 43
OFFSET  15.9721  2.0219 -7.4116
X  0.8290  0.4490 -0.3335
Y -0.5591  0.6498 -0.5150
Z -0.0146  0.6134  0.7897

PART 44
OFFSET -13.9227 -7.9373 -3.1869
X -0.8267  0.0192  0.5624
Y -0.2042 -0.9416 -0.2679
Z  0.5243 -0.3363  0.7823

PART 45
OFFSET -3.9250 -8.1700 -9.9879
X -0.9505 -0.1365 -0.2791
Y  0.2969 -0.1344 -0.9454
Z  0.0915 -0.9815  0.1682

PART 46
OFFSET  4.1595 -7.0092 -7.6140
X -0.9505 -0.1365 -0.2791
Y  0.3059 -0.5676 -0.7643
Z -0.0541 -0.8119  0.5813

PART 47
OFFSET  5.2022 -5.5900 -6.7060
X -0.9525 -0.1330 -0.2739
Y -0.0931  0.9837 -0.1538
Z  0.2899 -0.1210 -0.9494

PART 48
OFFSET  5.3379 -6.0040 -5.5898
X -0.9525 -0.1330 -0.2739
Y -0.0931  0.9837 -0.1538
Z  0.2899 -0.1210 -0.9494

PART 49
OFFSET  5.6178 -7.3194 -5.5430
X -0.9525 -0.1330 -0.2739
Y -0.0931  0.9837 -0.1538
Z  0.2899 -0.1210 -0.9494

PART 50
OFFSET  7.0735 -6.5908 -6.7584
X -0.7082 -0.6815  0.1844
Y  0.3492 -0.5651 -0.7475
Z  0.6136 -0.4650  0.6382

PART 51
OFFSET  6.8032 -5.5480 -6.3820
X -0.0262 -0.9956  0.0894
Y  0.3771 -0.0927 -0.9215
Z  0.9258  0.0095  0.3779

PART 52
OFFSET  6.7707 -3.3907 -6.5040
X -0.5574 -0.4770  0.6795
Y  0.2287 -0.8750 -0.4267
Z  0.7981 -0.0824  0.5968

PART 53
OFFSET  7.5947 -2.6635 -7.6933
X -0.4427  0.2651  0.8566
Y -0.1902 -0.9613  0.1993
Z  0.8763 -0.0747  0.4760

PART 54
OFFSET  8.0366 -2.9305 -8.6448
X -0.9289  0.0456  0.3676
Y -0.3531  0.1913 -0.9158
Z -0.1121 -0.9805 -0.1616

PART 55
OFFSET  7.9227 -6.5253 -7.8437
X -0.6257 -0.4529  0.6352
Y  0.7793 -0.3257  0.5354
Z -0.0356  0.8299  0.5567

PART 56
OFFSET  9.2277 -5.3469 -9.2554
X  0.4654 -0.6506  0.6001
Y  0.8576  0.1637 -0.4877
Z  0.2191  0.7416  0.6341

PART 57
OFFSET  8.5689 -4.4257 -10.1050
X  0.9748 -0.1809 -0.1307
Y  0.0302  0.6871 -0.7259
Z  0.2212  0.7036  0.6753

PART 58
OFFSET  7.7046 -4.2653 -9.9891
X  0.5865  0.4143 -0.6960
Y -0.7812  0.5162 -0.3509
Z  0.2139  0.7495  0.6265

PART 59
OFFSET  7.1474 -4.6590 -9.3279
X  0.0109 -0.7494  0.6620
Y -0.9401  0.2178  0.2621
Z -0.3406 -0.6253 -0.7021

PART 60
OFFSET  7.9321 -6.0647 -7.2984
X -0.6675 -0.5698  0.4794
Y  0.7242 -0.3472  0.5958
Z -0.1730  0.7449  0.6444

PART 61
OFFSET  9.7062 -4.7043 -8.6251
X  0.4319 -0.5805  0.6903
Y  0.8856  0.1279 -0.4465
Z  0.1708  0.8042  0.5693

PART 62
OFFSET  8.9710 -3.7161 -9.8005
X  0.9639 -0.0144 -0.2657
Y -0.2007  0.6163 -0.7615
Z  0.1747  0.7874  0.5912

PART 63
OFFSET  7.6350 -3.6961 -9.4322
X  0.4352  0.4804 -0.7615
Y -0.8844  0.3867 -0.2615
Z  0.1689  0.7872  0.5931

PART 64
OFFSET  7.1630 -4.2171 -8.6063
X  0.1569 -0.5758  0.8024
Y -0.9804  0.0073  0.1970
Z -0.1193 -0.8176 -0.5633

PART 65
OFFSET  4.1595 -9.1984 -5.0169
X -0.5633 -0.6612  0.4955
Y -0.7788  0.2245 -0.5858
Z  0.2761 -0.7158 -0.6414

PART 66
OFFSET  9.7978 -3.6820 -6.6758
X -0.7041 -0.5905  0.3943
Y  0.6980 -0.4740  0.5367
Z -0.1301  0.6531  0.7460

PART 67
OFFSET  11.0376 -2.6422 -7.3700
X -0.6820 -0.6015  0.4161
Y  0.7127 -0.4186  0.5629
Z -0.1644  0.6804  0.7142

PART 68
OFFSET  11.8566 -1.8697 -7.8325
X -0.6653 -0.6496  0.3680
Y  0.7201 -0.4283  0.5459
Z -0.1970  0.6282  0.7527

PART 69
OFFSET  12.6081 -1.1359 -8.2482
X -0.4889  0.7748 -0.4009
Y  0.8703  0.4017 -0.2851
Z -0.0599 -0.4883 -0.8706

PART 70
OFFSET  9.9911 -4.2843 -7.5816
X  0.3050 -0.5973  0.7418
Y  0.9522  0.2055 -0.2260
Z -0.0175  0.7753  0.6314

PART 71
OFFSET  9.3953 -3.1175 -9.0307
X  0.9999  0.0080  0.0111
Y  0.0042  0.5978 -0.8016
Z -0.0130  0.8016  0.5977

PART 72
OFFSET  7.9348 -3.1292 -9.0470
X  0.5211  0.4904 -0.6985
Y -0.8526  0.2614 -0.4525
Z -0.0393  0.8314  0.5543

PART 73
OFFSET  7.3443 -3.6903 -8.2601
X  0.1475 -0.5961  0.7892
Y -0.9881 -0.0534  0.1444
Z -0.0440 -0.8011 -0.5969

PART 74
OFFSET  5.2022 -5.5900 -6.7060
X -0.9525 -0.1330 -0.2739
Y -0.0931  0.9837 -0.1538
Z  0.2899 -0.1210 -0.9494

PART 75
OFFSET  5.3378 -6.0038 -5.5897
X -0.9525 -0.1330 -0.2739
Y -0.0931  0.9837 -0.1538
Z  0.2899 -0.1210 -0.9494

PART 76
OFFSET  5.6178 -7.3194 -5.5431
X -0.9525 -0.1330 -0.2739
Y -0.0931  0.9837 -0.1538
Z  0.2899 -0.1210 -0.9494

PART 77
OFFSET  0.0000 -0.0000 -0.0000
X  1.0000 -0.0000  0.0000
Y  0.0000  1.0000  0.0000
Z  0.0000 -0.0000  1.0000

PART 78
OFFSET  0.0000 -0.0000 -0.0000
X  1.0000 -0.0000  0.0000
Y  0.0000  1.0000  0.0000
Z  0.0000 -0.0000  1.0000

PART 79
OFFSET  1.5404 -0.0000  4.1357
X  1.0000 -0.0000  0.0000
Y  0.0000  1.0000  0.0000
Z  0.0000 -0.0000  1.0000


FRAME 1043
PART 0
OFFSET  0.0000 -0.0000 -0.0000
X  1.0000 -0.0000  0.0000
Y  0.0000  1.0000  0.0000
Z  0.0000 -0.0000  1.0000

PART 1
OFFSET -4.6318 -0.0000 -1.3770
X  1.0000 -0.0000  0.0000
Y  0.0000  1.0000  0.0000
Z  0.0000 -0.0000  1.0000

PART 2
OFFSET -3.6479  5.7860 -3.1869
X  0.5928 -0.1454 -0.7921
Y  0.1827 -0.9336  0.3082
Z -0.7843 -0.3274 -0.5269

PART 3
OFFSET  3.5217  4.0271 -12.7663
X  0.9518 -0.2387  0.1926
Y -0.1877  0.0434  0.9813
Z -0.2426 -0.9701 -0.0034

PART 4
OFFSET  11.6172  1.9969 -11.1282
X  0.9518 -0.2387  0.1926
Y  0.1872  0.9495  0.2517
Z -0.2430 -0.2035  0.9484

PART 5
OFFSET  13.6372  3.1646 -11.4905
X  0.9536 -0.2363  0.1867
Y  0.2426  0.9701 -0.0112
Z -0.1785  0.0560  0.9823

PART 6
OFFSET  12.6409  0.9917 -12.1675
X  0.9536 -0.2363  0.1867
Y  0.2426  0.9701 -0.0112
Z -0.1785  0.0560  0.9823

PART 7
OFFSET  13.3587  2.3654 -9.2999
X  0.9536 -0.2363  0.1867
Y  0.2426  0.9701 -0.0112
Z -0.1785  0.0560  0.9823

PART 8
OFFSET  12.9021  1.1134 -9.1118
X  0.9536 -0.2363  0.1867
Y  0.2426  0.9701 -0.0112
Z -0.1785  0.0560  0.9823

PART 9
OFFSET  12.5695  0.5752 -10.1294
X  0.9536 -0.2363  0.1867
Y  0.2426  0.9701 -0.0112
Z -0.1785  0.0560  0.9823

PART 10
OFFSET  14.5351  1.2651 -10.5377
X  0.9574  0.2792 -0.0738
Y -0.2468  0.9238  0.2927
Z  0.1499 -0.2620  0.9533

PART 11
OFFSET  14.7892  2.1745 -9.8970
X  0.8417  0.5297  0.1048
Y -0.5057  0.8414 -0.1904
Z -0.1891  0.1073  0.9761

PART 12
OFFSET  16.5445  3.4074 -9.6355
X  0.9821  0.1234 -0.1420
Y -0.1148  0.9911  0.0672
Z  0.1491 -0.0497  0.9876

PART 13
OFFSET  18.1536  3.5419 -9.7582
X  0.8631  0.5024  0.0521
Y -0.4979  0.8636 -0.0787
Z -0.0845  0.0420  0.9955

PART 14
OFFSET  19.0746  4.1018 -9.6576
X  0.5888  0.5219 -0.6172
Y -0.2852 -0.5804 -0.7628
Z -0.7563  0.6251 -0.1929

PART 15
OFFSET  15.6398  0.4592 -10.7210
X  0.9767 -0.2136 -0.0221
Y -0.0365 -0.2665  0.9631
Z -0.2116 -0.9399 -0.2681

PART 16
OFFSET  17.8606  0.0835 -10.6134
X  0.0058  0.2555  0.9668
Y -0.9368  0.3396 -0.0841
Z -0.3498 -0.9052  0.2414

PART 17
OFFSET  17.8688  0.4453 -9.2446
X -0.3410  0.3703  0.8641
Y -0.8835  0.1879 -0.4292
Z -0.3213 -0.9097  0.2631

PART 18
OFFSET  17.5665  0.7736 -8.4785
X -0.5905  0.4207  0.6887
Y -0.7138  0.1258 -0.6889
Z -0.3765 -0.8984  0.2261

PART 19
OFFSET  17.0055  1.1733 -7.8243
X  0.9542 -0.2708 -0.1269
Y -0.2065 -0.2893 -0.9347
Z  0.2164  0.9181 -0.3320

PART 20
OFFSET  15.6654  1.1711 -10.6758
X  0.9878 -0.0196 -0.1544
Y  0.1410 -0.3080  0.9409
Z -0.0660 -0.9512 -0.3015

PART 21
OFFSET  18.2544  0.9996 -10.8383
X  0.3067 -0.0954  0.9470
Y -0.8295  0.4610  0.3151
Z -0.4667 -0.8822  0.0623

PART 22
OFFSET  18.7766  0.8372 -9.2260
X -0.4888  0.3256  0.8094
Y -0.7472  0.3226 -0.5810
Z -0.4503 -0.8888  0.0856

PART 23
OFFSET  18.0992  1.2884 -8.1043
X -0.7349  0.4177  0.5343
Y -0.5091  0.1806 -0.8415
Z -0.4480 -0.8905  0.0799

PART 24
OFFSET  17.3021  1.7414 -7.5248
X  0.8709 -0.4892  0.0469
Y  0.0238 -0.0533 -0.9983
Z  0.4908  0.8706 -0.0348

PART 25
OFFSET  17.1750  3.4520 -9.7896
X  0.9902  0.0111  0.1390
Y  0.1252  0.3677 -0.9215
Z -0.0614  0.9299  0.3628

PART 26
OFFSET  18.0238  3.1470 -10.9590
X  0.8613 -0.3859  0.3305
Y -0.3721 -0.0362  0.9275
Z -0.3459 -0.9218 -0.1748

PART 27
OFFSET  19.5402  2.4675 -10.3771
X  0.2406 -0.3629  0.9002
Y -0.9084  0.2424  0.3406
Z -0.3418 -0.8997 -0.2714

PART 28
OFFSET  19.8535  2.0810 -9.2662
X -0.4168 -0.0041  0.9090
Y -0.8475  0.3635 -0.3869
Z -0.3288 -0.9316 -0.1550

PART 29
OFFSET  19.3828  2.0764 -8.2394
X  0.8082 -0.5888  0.0098
Y  0.1843  0.2372 -0.9538
Z  0.5593  0.7727  0.3002

PART 30
OFFSET  18.2163  2.0680 -11.0977
X  0.5621 -0.2357  0.7928
Y -0.7621  0.2247  0.6072
Z -0.3213 -0.9455 -0.0533

PART 31
OFFSET  19.3144  1.6075 -9.5489
X -0.3309  0.0685  0.9412
Y -0.8706  0.3626 -0.3325
Z -0.3641 -0.9294 -0.0604

PART 32
OFFSET  18.8310  1.7075 -8.1742
X -0.7901  0.2811  0.5448
Y -0.4694  0.2940 -0.8326
Z -0.3942 -0.9135 -0.1004

PART 33
OFFSET  17.9337  2.0192 -7.5574
X  0.9309 -0.3450  0.1205
Y  0.1195 -0.0241 -0.9925
Z  0.3453  0.9383  0.0187

PART 34
OFFSET  17.4922  1.1248 -9.4429
X -0.1093 -0.9627 -0.2474
Y -0.1499  0.2620 -0.9533
Z  0.9826 -0.0671 -0.1730

PART 35
OFFSET  13.3624  2.4875 -11.8924
X  0.9536 -0.2363  0.1867
Y  0.2426  0.9701 -0.0112
Z -0.1785  0.0560  0.9823

PART 36
OFFSET  12.6409  0.9917 -12.1675
X  0.9536 -0.2363  0.1867
Y  0.2426  0.9701 -0.0112
Z -0.1785  0.0560  0.9823

PART 37
OFFSET  13.3587  2.3654 -9.2999
X  0.9536 -0.2363  0.1867
Y  0.2426  0.9701 -0.0112
Z -0.1785  0.0560  0.9823

PART 38
OFFSET  12.9021  1.1134 -9.1118
X  0.9536 -0.2363  0.1867
Y  0.2426  0.9701 -0.0112
Z -0.1785  0.0560  0.9823

PART 39
OFFSET  12.5695  0.5752 -10.1294
X  0.9536 -0.2363  0.1867
Y  0.2426  0.9701 -0.0112
Z -0.1785  0.0560  0.9823

PART 40
OFFSET  9.6178 -1.8920 -6.9799
X  0.8738  0.3949 -0.2840
Y -0.4853  0.7457 -0.4565
Z  0.0315  0.5367  0.8432

PART 41
OFFSET  9.6178 -1.8920 -6.9799
X  0.8738  0.3949 -0.2840
Y -0.4853  0.7457 -0.4565
Z  0.0315  0.5367  0.8432

PART 42
OFFSET  13.2994 -0.0680 -7.9474
X  0.8738  0.3949 -0.2840
Y -0.4853  0.7457 -0.4565
Z  0.0315  0.5367  0.8432

PART 43
OFFSET  15.8605  1.2110 -6.7151
X  0.8738  0.3949 -0.2840
Y -0.4853  0.7457 -0.4565
Z  0.0315  0.5367  0.8432

PART 44
OFFSET -13.9227 -7.9373 -3.1869
X -0.7729  0.0307  0.6337
Y -0.2323 -0.9432 -0.2376
Z  0.5904 -0.3309  0.7361

PART 45
OFFSET -4.5749 -8.3084 -10.8513
X -0.9281 -0.1548 -0.3386
Y  0.3583 -0.1243 -0.9253
Z  0.1011 -0.9801  0.1708

PART 46
OFFSET  3.3191 -6.9919 -7.9715
X -0.9281 -0.1548 -0.3386
Y  0.3717 -0.4360 -0.8196
Z -0.0208 -0.8866  0.4622

PART 47
OFFSET  4.2732 -5.5555 -6.9958
X -0.9305 -0.1513 -0.3335
Y -0.1036  0.9822 -0.1565
Z  0.3513 -0.1111 -0.9297

PART 48
OFFSET  4.3472 -5.9712 -5.8744
X -0.9305 -0.1513 -0.3335
Y -0.1036  0.9822 -0.1565
Z  0.3513 -0.1111 -0.9297

PART 49
OFFSET  4.6508 -7.2808 -5.8140
X -0.9305 -0.1513 -0.3335
Y -0.1036  0.9822 -0.1565
Z  0.3513 -0.1111 -0.9297

PART 50
OFFSET  6.1645 -6.5174 -6.9335
X -0.7735 -0.6233  0.1148
Y  0.3055 -0.5253 -0.7942
Z  0.5553 -0.5792  0.5968

PART 51
OFFSET  5.9896 -5.4923 -6.4638
X -0.1235 -0.9923 -0.0038
Y  0.3816 -0.0439 -0.9233
Z  0.9160 -0.1154  0.3841

PART 52
OFFSET  6.1670 -3.3400 -6.3847
X -0.6119 -0.4809  0.6280
Y  0.1504 -0.8502 -0.5045
Z  0.7765 -0.2142  0.5926

PART 53
OFFSET  7.0768 -2.5904 -7.4949
X -0.4292  0.2271  0.8742
Y -0.2851 -0.9525  0.1075
Z  0.8570 -0.2031  0.4736

PART 54
OFFSET  7.5065 -2.8105 -8.4638
X -0.9261  0.1018  0.3633
Y -0.3178  0.3082 -0.8967
Z -0.2032 -0.9459 -0.2530

PART 55
OFFSET  7.0339 -6.4355 -8.0016
X -0.6768 -0.4462  0.5855
Y  0.7353 -0.4479  0.5086
Z  0.0353  0.7748  0.6313

PART 56
OFFSET  8.4694 -5.2650 -9.2876
X  0.3906 -0.7452  0.5404
Y  0.8773  0.1235 -0.4638
Z  0.2789  0.6553  0.7020

PART 57
OFFSET  7.9164 -4.2099 -10.0527
X  0.9548 -0.2622 -0.1396
Y  0.1082  0.7447 -0.6586
Z  0.2767  0.6137  0.7395

PART 58
OFFSET  7.0698 -3.9774 -9.9289
X  0.6350  0.4175 -0.6500
Y -0.7220  0.6199 -0.3073
Z  0.2747  0.6644  0.6951

PART 59
OFFSET  6.4665 -4.3741 -9.3114
X -0.0722 -0.8045  0.5895
Y -0.9190  0.2833  0.2741
Z -0.3876 -0.5219 -0.7598

PART 60
OFFSET  7.0785 -6.0301 -7.4157
X -0.7271 -0.5437  0.4192
Y  0.6775 -0.4694  0.5663
Z -0.1111  0.6958  0.7096

PART 61
OFFSET  8.9971 -4.7328 -8.5967
X  0.3625 -0.6807  0.6366
Y  0.9011  0.0816 -0.4259
Z  0.2380  0.7280  0.6430

PART 62
OFFSET  8.3799 -3.5738 -9.6804
X  0.9623 -0.0837 -0.2586
Y -0.1278  0.7003 -0.7023
Z  0.2399  0.7090  0.6632

PART 63
OFFSET  7.0462 -3.4578 -9.3220
X  0.4920  0.5037 -0.7101
Y -0.8386  0.4934 -0.2310
Z  0.2340  0.7092  0.6651

PART 64
OFFSET  6.5126 -4.0040 -8.5518
X  0.0875 -0.6596  0.7465
Y -0.9782  0.0846  0.1894
Z -0.1881 -0.7468 -0.6379

PART 65
OFFSET  2.9845 -8.9778 -5.4643
X -0.6325 -0.6459  0.4275
Y -0.7437  0.3521 -0.5682
Z  0.2165 -0.6773 -0.7031

PART 66
OFFSET  9.1544 -3.9077 -6.5601
X -0.7642 -0.5529  0.3323
Y  0.6402 -0.5870  0.4955
Z -0.0789  0.5914  0.8025

PART 67
OFFSET  10.4998 -2.9343 -7.1451
X -0.7435 -0.5679  0.3532
Y  0.6597 -0.5360  0.5268
Z -0.1099  0.6247  0.7731

PART 68
OFFSET  11.3970 -2.2060 -7.5275
X -0.7307 -0.6128  0.3009
Y  0.6664 -0.5447  0.5091
Z -0.1480  0.5725  0.8064

PART 69
OFFSET  12.2224 -1.5138 -7.8673
X -0.4054  0.8522 -0.3307
Y  0.9095  0.3395 -0.2399
Z -0.0922 -0.3980 -0.9127

PART 70
OFFSET  9.3037 -4.4402 -7.5164
X  0.2337 -0.6897  0.6853
Y  0.9712  0.1317 -0.1987
Z  0.0468  0.7120  0.7006

PART 71
OFFSET  8.8471 -3.0928 -8.8551
X  0.9957 -0.0905  0.0194
Y  0.0749  0.6657 -0.7424
Z  0.0543  0.7407  0.6696

PART 72
OFFSET  7.3927 -2.9605 -8.8835
X  0.5774  0.4995 -0.6459
Y -0.8159  0.3836 -0.4326
Z  0.0317  0.7768  0.6290

PART 73
OFFSET  6.7381 -3.5314 -8.1566
X  0.0764 -0.6777  0.7314
Y -0.9909  0.0301  0.1314
Z -0.1110 -0.7348 -0.6692

PART 74
OFFSET  4.2731 -5.5555 -6.9958
X -0.9305 -0.1513 -0.3335
Y -0.1036  0.9822 -0.1565
Z  0.3513 -0.1111 -0.9297

PART 75
OFFSET  4.3472 -5.9710 -5.8744
X -0.9305 -0.1513 -0.3335
Y -0.1036  0.9822 -0.1565
Z  0.3513 -0.1111 -0.9297

PART 76
OFFSET  4.6509 -7.2808 -5.8141
X -0.9305 -0.1513 -0.3335
Y -0.1036  0.9822 -0.1565
