// Export filename: `C:\projects\cod\t5\xanim_export\t5_viewmodels\ak74u\ak74u_grip_d2p_loop.XANIM_EXPORT`
// Source filename: `D:\projects\devanim\t5\animation_assets\viewmodels\ak74u/t5_viewmodel_ak74u_animated.fbx`
// Export time: Sat Aug 28 17:51:58 2010

ANIMATION
VERSION 3

NUMPARTS 80
PART 0 "tag_ads"
PART 1 "tag_torso"
PART 2 "J_Shoulder_LE"
PART 3 "J_Elbow_LE"
PART 4 "J_WristTwist_LE"
PART 5 "J_Sleave_Reshape_Bottom_LE_1"
PART 6 "J_Sleave_Reshape_Bottom_LE_2"
PART 7 "J_Sleave_Reshape_Top_LE_1"
PART 8 "J_Sleave_Reshape_Top_LE_2"
PART 9 "J_Sleave_Reshape_Top_LE_3"
PART 10 "J_Wrist_LE"
PART 11 "J_Thumb_LE_0"
PART 12 "J_Thumb_LE_1"
PART 13 "J_Thumb_LE_2"
PART 14 "J_Thumb_LE_3"
PART 15 "J_PinkyPalm_LE"
PART 16 "J_Pinky_LE_0"
PART 17 "J_Pinky_LE_1"
PART 18 "J_Pinky_LE_2"
PART 19 "J_Pinky_LE_3"
PART 20 "J_RingPalm_LE"
PART 21 "J_Ring_LE_0"
PART 22 "J_Ring_LE_1"
PART 23 "J_Ring_LE_2"
PART 24 "J_Ring_LE_3"
PART 25 "J_Webbing_LE"
PART 26 "J_Index_LE_0"
PART 27 "J_Index_LE_1"
PART 28 "J_Index_LE_2"
PART 29 "J_Index_LE_3"
PART 30 "J_Mid_LE_0"
PART 31 "J_Mid_LE_1"
PART 32 "J_Mid_LE_2"
PART 33 "J_Mid_LE_3"
PART 34 "tag_knife_attach"
PART 35 "D_Sleave_Reshape_Bottom_LE_1"
PART 36 "D_Sleave_Reshape_Bottom_LE_2"
PART 37 "D_Sleave_Reshape_Top_LE_1"
PART 38 "D_Sleave_Reshape_Top_LE_2"
PART 39 "D_Sleave_Reshape_Top_LE_3"
PART 40 "tag_weapon"
PART 41 "J_Gun"
PART 42 "TAG_CLIP"
PART 43 "J_Bolt"
PART 44 "J_Shoulder_RI"
PART 45 "J_Elbow_RI"
PART 46 "J_WristTwist_RI"
PART 47 "J_Sleave_Reshape_Top_RI_3"
PART 48 "J_Sleave_Reshape_Top_RI_2"
PART 49 "J_Sleave_Reshape_Top_RI_1"
PART 50 "J_Wrist_RI"
PART 51 "J_Thumb_RI_0"
PART 52 "J_Thumb_RI_1"
PART 53 "J_Thumb_RI_2"
PART 54 "J_Thumb_RI_3"
PART 55 "J_PinkyPalm_RI"
PART 56 "J_Pinky_RI_0"
PART 57 "J_Pinky_RI_1"
PART 58 "J_Pinky_RI_2"
PART 59 "J_Pinky_RI_3"
PART 60 "J_RingPalm_RI"
PART 61 "J_Ring_RI_0"
PART 62 "J_Ring_RI_1"
PART 63 "J_Ring_RI_2"
PART 64 "J_Ring_RI_3"
PART 65 "J_Webbing_RI"
PART 66 "J_Index_RI_0"
PART 67 "J_Index_RI_1"
PART 68 "J_Index_RI_2"
PART 69 "J_Index_RI_3"
PART 70 "J_Mid_RI_0"
PART 71 "J_Mid_RI_1"
PART 72 "J_Mid_RI_2"
PART 73 "J_Mid_RI_3"
PART 74 "D_Sleave_Reshape_Top_RI_3"
PART 75 "D_Sleave_Reshape_Top_RI_2"
PART 76 "D_Sleave_Reshape_Top_RI_1"
PART 77 "tag_cambone"
PART 78 "tag_camera"
PART 79 "tag_gasmask"

FRAMERATE 30
NUMFRAMES 16

FRAME 4010
PART 0
OFFSET  0.0000 -0.0000 -0.0000
X  1.0000 -0.0000  0.0000
Y  0.0000  1.0000  0.0000
Z  0.0000 -0.0000  1.0000

PART 1
OFFSET -4.6318 -0.0000 -1.3770
X  1.0000 -0.0000  0.0000
Y  0.0000  1.0000  0.0000
Z  0.0000 -0.0000  1.0000

PART 2
OFFSET -0.5981  7.9556 -8.9029
X  0.6360  0.2100 -0.7425
Y  0.2800 -0.9595 -0.0315
Z -0.7191 -0.1879 -0.6691

PART 3
OFFSET  7.0939  10.4956 -17.8831
X  0.6594 -0.3548  0.6628
Y -0.7412 -0.1595  0.6521
Z -0.1256 -0.9212 -0.3682

PART 4
OFFSET  12.7027  7.4781 -12.2459
X  0.6594 -0.3548  0.6628
Y -0.7516 -0.3305  0.5709
Z  0.0165 -0.8746 -0.4846

PART 5
OFFSET  14.4513  8.5227 -11.0515
X  0.6642 -0.3513  0.6599
Y  0.1344  0.9244  0.3569
Z -0.7354 -0.1484  0.6612

PART 6
OFFSET  14.2104  6.6458 -12.6614
X  0.6642 -0.3513  0.6599
Y  0.1344  0.9244  0.3569
Z -0.7354 -0.1484  0.6612

PART 7
OFFSET  12.9694  7.2840 -9.7156
X  0.6642 -0.3513  0.6599
Y  0.1344  0.9244  0.3569
Z -0.7354 -0.1484  0.6612

PART 8
OFFSET  12.5774  6.0645 -10.1285
X  0.6642 -0.3513  0.6599
Y  0.1344  0.9244  0.3569
Z -0.7354 -0.1484  0.6612

PART 9
OFFSET  12.9591  5.7953 -11.2319
X  0.6642 -0.3513  0.6599
Y  0.1344  0.9244  0.3569
Z -0.7354 -0.1484  0.6612

PART 10
OFFSET  14.7244  6.3904 -10.2141
X  0.8986  0.3523  0.2616
Y -0.2569 -0.0610  0.9645
Z  0.3557 -0.9339  0.0357

PART 11
OFFSET  15.0267  6.1066 -9.1510
X  0.7358 -0.4067  0.5415
Y -0.5763  0.0441  0.8161
Z -0.3557 -0.9125 -0.2019

PART 12
OFFSET  16.5372  5.1827 -7.9122
X  0.9498 -0.0257 -0.3117
Y  0.2774 -0.3915  0.8774
Z -0.1446 -0.9198 -0.3647

PART 13
OFFSET  18.0378  5.0616 -8.5086
X  0.3557  0.1673 -0.9195
Y  0.9010 -0.3229  0.2898
Z -0.2484 -0.9315 -0.2656

PART 14
OFFSET  18.4265  5.1943 -9.5102
X  0.6078  0.6553 -0.4484
Y -0.2863  0.7076  0.6460
Z  0.7406 -0.2642  0.6178

PART 15
OFFSET  15.8317  6.5650 -11.0183
X  0.8987  0.2835 -0.3346
Y  0.2988 -0.9543 -0.0061
Z -0.3210 -0.0945 -0.9423

PART 16
OFFSET  17.9343  7.0988 -11.6336
X  0.8034 -0.5574  0.2095
Y -0.5945 -0.7302  0.3368
Z -0.0348 -0.3951 -0.9180

PART 17
OFFSET  19.0718  6.3096 -11.3369
X -0.4875 -0.8023  0.3444
Y -0.8729  0.4387 -0.2136
Z  0.0203 -0.4048 -0.9142

PART 18
OFFSET  18.6395  5.5983 -11.0316
X -0.9556 -0.2605  0.1375
Y -0.2926  0.8929 -0.3423
Z -0.0336 -0.3673 -0.9295

PART 19
OFFSET  17.7316  5.3508 -10.9010
X  0.9195 -0.3082  0.2441
Y  0.3898  0.7952 -0.4643
Z -0.0511  0.5221  0.8513

PART 20
OFFSET  15.8090  6.7324 -10.3247
X  0.9362  0.3483 -0.0471
Y  0.3482 -0.9374 -0.0120
Z -0.0483 -0.0051 -0.9988

PART 21
OFFSET  18.2239  7.6564 -10.5950
X  0.6952 -0.7170  0.0516
Y -0.7058 -0.6673  0.2375
Z -0.1359 -0.2015 -0.9700

PART 22
OFFSET  19.4075  6.4357 -10.5072
X -0.6311 -0.7387  0.2367
Y -0.7676  0.6387 -0.0534
Z -0.1117 -0.2154 -0.9701

PART 23
OFFSET  18.5328  5.4120 -10.1791
X -0.9831  0.1685  0.0721
Y  0.1484  0.9628 -0.2256
Z -0.1074 -0.2111 -0.9715

PART 24
OFFSET  17.4666  5.5947 -10.1009
X  0.7154 -0.6984  0.0220
Y  0.6895  0.7004 -0.1842
Z  0.1132  0.1470  0.9826

PART 25
OFFSET  17.2773  6.8790 -7.8571
X  0.9941  0.0835  0.0695
Y -0.0890  0.9928  0.0796
Z -0.0624 -0.0853  0.9944

PART 26
OFFSET  17.8999  8.0641 -8.4806
X  0.8816 -0.4716  0.0193
Y -0.4717 -0.8817  0.0030
Z  0.0156 -0.0118 -0.9998

PART 27
OFFSET  19.4521  7.2338 -8.4466
X -0.4959 -0.8646 -0.0806
Y -0.8636  0.5007 -0.0585
Z  0.0909  0.0406 -0.9950

PART 28
OFFSET  18.8437  6.1802 -8.4842
X -0.9976 -0.0563 -0.0395
Y -0.0513  0.9918 -0.1169
Z  0.0457 -0.1146 -0.9924

PART 29
OFFSET  17.7169  6.1166 -8.5287
X  0.3840 -0.9092 -0.1608
Y  0.9211  0.3651  0.1350
Z -0.0641 -0.1999  0.9777

PART 30
OFFSET  18.1465  7.9252 -9.5485
X  0.7799 -0.6184  0.0963
Y -0.6253 -0.7768  0.0752
Z  0.0283 -0.1188 -0.9925

PART 31
OFFSET  19.6701  6.7170 -9.3603
X -0.6813 -0.7273  0.0829
Y -0.7319  0.6786 -0.0619
Z -0.0112 -0.1028 -0.9946

PART 32
OFFSET  18.6750  5.6547 -9.2393
X -0.9830  0.1824  0.0222
Y  0.1810  0.9821 -0.0527
Z -0.0314 -0.0478 -0.9984

PART 33
OFFSET  17.5613  5.8603 -9.2211
X  0.6401 -0.7640  0.0805
Y  0.7668  0.6288 -0.1289
Z  0.0479  0.1442  0.9884

PART 34
OFFSET  17.8411  5.9551 -9.9703
X -0.0790 -0.0681 -0.9945
Y -0.3557  0.9339 -0.0357
Z  0.9313  0.3509 -0.0980

PART 35
OFFSET  14.5193  7.9771 -11.6787
X  0.6642 -0.3513  0.6599
Y  0.1344  0.9244  0.3569
Z -0.7354 -0.1484  0.6612

PART 36
OFFSET  14.2104  6.6458 -12.6614
X  0.6642 -0.3513  0.6599
Y  0.1344  0.9244  0.3569
Z -0.7354 -0.1484  0.6612

PART 37
OFFSET  12.9694  7.2840 -9.7156
X  0.6642 -0.3513  0.6599
Y  0.1344  0.9244  0.3569
Z -0.7354 -0.1484  0.6612

PART 38
OFFSET  12.5774  6.0645 -10.1285
X  0.6642 -0.3513  0.6599
Y  0.1344  0.9244  0.3569
Z -0.7354 -0.1484  0.6612

PART 39
OFFSET  12.9591  5.7953 -11.2319
X  0.6642 -0.3513  0.6599
Y  0.1344  0.9244  0.3569
Z -0.7354 -0.1484  0.6612

PART 40
OFFSET  9.6440 -0.6664 -5.8131
X  0.7222  0.6731 -0.1589
Y -0.6907  0.7141 -0.1142
Z  0.0366  0.1923  0.9807

PART 41
OFFSET  9.6440 -0.6664 -5.8131
X  0.7222  0.6731 -0.1589
Y -0.6907  0.7141 -0.1142
Z  0.0366  0.1923  0.9807

PART 42
OFFSET  12.6858  2.2331 -6.2103
X  0.7222  0.6731 -0.1589
Y -0.6907  0.7141 -0.1142
Z  0.0366  0.1923  0.9807

PART 43
OFFSET  15.0684  3.5829 -4.7221
X  0.7222  0.6731 -0.1589
Y -0.6907  0.7141 -0.1142
Z  0.0366  0.1923  0.9807

PART 44
OFFSET -5.5711 -7.9373 -3.1869
X -0.3360 -0.0141  0.9418
Y -0.3097 -0.9426 -0.1246
Z  0.8895 -0.3335  0.3123

PART 45
OFFSET -1.5080 -7.7672 -14.5766
X -0.7597 -0.1780 -0.6255
Y  0.6229  0.0774 -0.7785
Z  0.1870 -0.9810  0.0521

PART 46
OFFSET  4.9532 -6.2534 -9.2566
X -0.7597 -0.1780 -0.6255
Y  0.5501  0.3370 -0.7641
Z  0.3468 -0.9245 -0.1581

PART 47
OFFSET  5.3711 -4.9317 -7.8409
X -0.7639 -0.1758 -0.6210
Y -0.1938  0.9803 -0.0391
Z  0.6156  0.0905 -0.7829

PART 48
OFFSET  5.1787 -5.5325 -6.8222
X -0.7639 -0.1758 -0.6210
Y -0.1938  0.9803 -0.0391
Z  0.6156  0.0905 -0.7829

PART 49
OFFSET  5.6363 -6.7975 -6.8588
X -0.7639 -0.1758 -0.6210
Y -0.1938  0.9803 -0.0391
Z  0.6156  0.0905 -0.7829

PART 50
OFFSET  7.2821 -5.7077 -7.3390
X -0.6011 -0.7942 -0.0891
Y  0.2940 -0.1160 -0.9488
Z  0.7432 -0.5965  0.3032

PART 51
OFFSET  6.9637 -4.9936 -6.5078
X  0.0886 -0.9238 -0.3726
Y  0.2482  0.3827 -0.8899
Z  0.9646 -0.0136  0.2632

PART 52
OFFSET  6.6940 -3.0376 -5.6297
X -0.4023 -0.8080  0.4305
Y  0.2531 -0.5500 -0.7959
Z  0.8798 -0.2112  0.4258

PART 53
OFFSET  7.2600 -1.7424 -6.4198
X -0.3397 -0.2119  0.9164
Y -0.0604 -0.9674 -0.2461
Z  0.9386 -0.1390  0.3158

PART 54
OFFSET  7.5854 -1.4904 -7.4211
X -0.8661 -0.2665  0.4229
Y -0.4987  0.5174 -0.6954
Z -0.0335 -0.8132 -0.5811

PART 55
OFFSET  7.9553 -5.0393 -8.3408
X -0.4783 -0.7778  0.4078
Y  0.8773 -0.4022  0.2619
Z -0.0397  0.4830  0.8747

PART 56
OFFSET  8.9167 -3.1721 -9.1618
X  0.6108 -0.7669  0.1969
Y  0.7573  0.4932 -0.4280
Z  0.2311  0.4105  0.8821

PART 57
OFFSET  8.0520 -2.0863 -9.4405
X  0.9592  0.0497 -0.2784
Y -0.1448  0.9319 -0.3325
Z  0.2429  0.3592  0.9011

PART 58
OFFSET  7.2015 -2.1304 -9.1937
X  0.4349  0.7643 -0.4761
Y -0.8721  0.4891 -0.0115
Z  0.2241  0.4202  0.8793

PART 59
OFFSET  6.7883 -2.8565 -8.7414
X  0.1824 -0.9524  0.2441
Y -0.9100 -0.0695  0.4088
Z -0.3724 -0.2967 -0.8794

PART 60
OFFSET  7.9960 -4.8708 -7.6483
X -0.5300 -0.8190  0.2199
Y  0.8340 -0.4564  0.3102
Z -0.1537  0.3478  0.9249

PART 61
OFFSET  9.4127 -2.8070 -8.3495
X  0.5836 -0.7499  0.3117
Y  0.7945  0.4479 -0.4101
Z  0.1679  0.4869  0.8571

PART 62
OFFSET  8.4191 -1.5303 -8.8801
X  0.9121  0.2547 -0.3212
Y -0.3700  0.8489 -0.3774
Z  0.1766  0.4631  0.8686

PART 63
OFFSET  7.1550 -1.8832 -8.4349
X  0.2699  0.8280 -0.4915
Y -0.9476  0.3191  0.0172
Z  0.1711  0.4611  0.8707

PART 64
OFFSET  6.8623 -2.7812 -7.9018
X  0.3286 -0.8380  0.4357
Y -0.9375 -0.2332  0.2584
Z -0.1149 -0.4934 -0.8622

PART 65
OFFSET  4.9303 -9.2348 -6.7453
X -0.4158 -0.8907  0.1839
Y -0.8737  0.3350 -0.3528
Z  0.2527 -0.3074 -0.9174

PART 66
OFFSET  9.6787 -2.7473 -6.1634
X -0.5762 -0.8056  0.1380
Y  0.8126 -0.5466  0.2022
Z -0.0875  0.2286  0.9696

PART 67
OFFSET  10.6932 -1.3289 -6.4064
X -0.5501 -0.8214  0.1505
Y  0.8252 -0.5068  0.2494
Z -0.1286  0.2614  0.9566

PART 68
OFFSET  11.3541 -0.3144 -6.5313
X -0.5357 -0.8402  0.0846
Y  0.8310 -0.5067  0.2294
Z -0.1498  0.1932  0.9697

PART 69
OFFSET  11.9591  0.6346 -6.6269
X -0.6180  0.7853  0.0381
Y  0.7747  0.6165 -0.1410
Z -0.1343 -0.0576 -0.9893

PART 70
OFFSET  9.8002 -2.8508 -7.2566
X  0.4678 -0.8072  0.3600
Y  0.8838  0.4298 -0.1848
Z -0.0056  0.4047  0.9144

PART 71
OFFSET  8.8864 -1.2739 -7.9599
X  0.9850  0.1581 -0.0686
Y -0.1722  0.8822 -0.4382
Z -0.0087  0.4434  0.8963

PART 72
OFFSET  7.4476 -1.5048 -7.8597
X  0.3624  0.8225 -0.4383
Y -0.9310  0.2974 -0.2118
Z -0.0439  0.4848  0.8735

PART 73
OFFSET  7.0368 -2.4397 -7.3697
X  0.3195 -0.8516  0.4155
Y -0.9464 -0.2649  0.1848
Z -0.0473 -0.4523 -0.8906

PART 74
OFFSET  5.3710 -4.9317 -7.8408
X -0.7639 -0.1758 -0.6210
Y -0.1938  0.9803 -0.0391
Z  0.6156  0.0905 -0.7829

PART 75
OFFSET  5.1786 -5.5324 -6.8221
X -0.7639 -0.1758 -0.6210
Y -0.1938  0.9803 -0.0391
Z  0.6156  0.0905 -0.7829

PART 76
OFFSET  5.6363 -6.7975 -6.8589
X -0.7639 -0.1758 -0.6210
Y -0.1938  0.9803 -0.0391
Z  0.6156  0.0905 -0.7829

PART 77
OFFSET  0.0000 -0.0000 -0.0000
X  1.0000 -0.0000  0.0000
Y  0.0000  1.0000  0.0000
Z  0.0000 -0.0000  1.0000

PART 78
OFFSET -0.0000 -0.0000 -0.0000
X  0.9986  0.0000 -0.0523
Y  0.0055  0.9945  0.1044
Z  0.0520 -0.1045  0.9932

PART 79
OFFSET  1.7536 -0.4323  4.0268
X  0.9986  0.0000 -0.0523
Y  0.0055  0.9945  0.1044
Z  0.0520 -0.1045  0.9932


FRAME 4011
PART 0
OFFSET  0.0000 -0.0000 -0.0000
X  1.0000 -0.0000  0.0000
Y  0.0000  1.0000  0.0000
Z  0.0000 -0.0000  1.0000

PART 1
OFFSET -4.6318 -0.0000 -1.3770
X  1.0000 -0.0000  0.0000
Y  0.0000  1.0000  0.0000
Z  0.0000 -0.0000  1.0000

PART 2
OFFSET -0.3955  7.9582 -9.1335
X  0.6821  0.1967 -0.7043
Y  0.2830 -0.9591  0.0062
Z -0.6743 -0.2035 -0.7098

PART 3
OFFSET  7.8534  10.3366 -17.6517
X  0.6102 -0.3404  0.7154
Y -0.7858 -0.1458  0.6010
Z -0.1003 -0.9289 -0.3565

PART 4
OFFSET  13.0437  7.4412 -11.5673
X  0.6102 -0.3404  0.7154
Y -0.7896 -0.3346  0.5143
Z  0.0643 -0.8787 -0.4730

PART 5
OFFSET  14.7043  8.5115 -10.2741
X  0.6152 -0.3370  0.7127
Y  0.1098  0.9319  0.3458
Z -0.7807 -0.1344  0.6103

PART 6
OFFSET  14.5760  6.6006 -11.8567
X  0.6152 -0.3370  0.7127
Y  0.1098  0.9319  0.3458
Z -0.7807 -0.1344  0.6103

PART 7
OFFSET  13.1297  7.3012 -9.0208
X  0.6152 -0.3370  0.7127
Y  0.1098  0.9319  0.3458
Z -0.7807 -0.1344  0.6103

PART 8
OFFSET  12.7664  6.0730 -9.4346
X  0.6152 -0.3370  0.7127
Y  0.1098  0.9319  0.3458
Z -0.7807 -0.1344  0.6103

PART 9
OFFSET  13.2253  5.7805 -10.5021
X  0.6152 -0.3370  0.7127
Y  0.1098  0.9319  0.3458
Z -0.7807 -0.1344  0.6103

PART 10
OFFSET  14.9145  6.3976 -9.3742
X  0.9091  0.2867  0.3023
Y -0.2777 -0.1240  0.9526
Z  0.3106 -0.9500 -0.0331

PART 11
OFFSET  15.1830  6.0169 -8.3325
X  0.7054 -0.4831  0.5187
Y -0.5889  0.0078  0.8082
Z -0.3944 -0.8755 -0.2790

PART 12
OFFSET  16.6245  4.9265 -7.1481
X  0.9533 -0.0471 -0.2984
Y  0.2420 -0.4721  0.8477
Z -0.1808 -0.8803 -0.4386

PART 13
OFFSET  18.1288  4.7800 -7.7295
X  0.3805  0.2215 -0.8978
Y  0.8791 -0.3879  0.2769
Z -0.2870 -0.8947 -0.3423

PART 14
OFFSET  18.5421  4.9720 -8.7114
X  0.6464  0.6582 -0.3858
Y -0.2648  0.6678  0.6956
Z  0.7155 -0.3475  0.6060

PART 15
OFFSET  16.0438  6.5809 -10.1452
X  0.9172  0.2650 -0.2974
Y  0.2536 -0.9642 -0.0772
Z -0.3072 -0.0046 -0.9516

PART 16
OFFSET  18.1806  7.0588 -10.6843
X  0.7721 -0.6104  0.1768
Y -0.6345 -0.7247  0.2688
Z -0.0360 -0.3197 -0.9468

PART 17
OFFSET  19.2737  6.1946 -10.4340
X -0.5312 -0.8023  0.2723
Y -0.8470  0.4959 -0.1913
Z  0.0185 -0.3323 -0.9430

PART 18
OFFSET  18.8027  5.4833 -10.1926
X -0.9693 -0.2238  0.1019
Y -0.2437  0.9301 -0.2748
Z -0.0333 -0.2912 -0.9561

PART 19
OFFSET  17.8819  5.2707 -10.0958
X  0.8991 -0.3706  0.2328
Y  0.4356  0.8094 -0.3939
Z -0.0425  0.4555  0.8892

PART 20
OFFSET  16.0159  6.6943 -9.4410
X  0.9523  0.3052 -0.0051
Y  0.3038 -0.9493 -0.0810
Z -0.0296  0.0756 -0.9967

PART 21
OFFSET  18.4763  7.5185 -9.6005
X  0.6596 -0.7516  0.0051
Y -0.7409 -0.6489  0.1732
Z -0.1269 -0.1180 -0.9849

PART 22
OFFSET  19.5992  6.2388 -9.5919
X -0.6696 -0.7235  0.1678
Y -0.7355  0.6774 -0.0142
Z -0.1034 -0.1330 -0.9857

PART 23
OFFSET  18.6712  5.2360 -9.3593
X -0.9752  0.2097  0.0703
Y  0.1979  0.9693 -0.1463
Z -0.0989 -0.1287 -0.9867

PART 24
OFFSET  17.6136  5.4635 -9.2830
X  0.6811 -0.7318 -0.0226
Y  0.7251  0.6785 -0.1176
Z  0.1014  0.0637  0.9928

PART 25
OFFSET  17.4425  6.5754 -6.9475
X  0.9954  0.0296  0.0910
Y -0.0436  0.9867  0.1567
Z -0.0851 -0.1599  0.9835

PART 26
OFFSET  18.1320  7.7742 -7.4656
X  0.8579 -0.5138 -0.0048
Y -0.5127 -0.8554 -0.0741
Z  0.0340  0.0660 -0.9972

PART 27
OFFSET  19.6424  6.8696 -7.4740
X -0.5344 -0.8306 -0.1564
Y -0.8378  0.5450 -0.0317
Z  0.1116  0.1141 -0.9872

PART 28
OFFSET  18.9859  5.8529 -7.6042
X -0.9983 -0.0046 -0.0589
Y -0.0023  0.9993 -0.0386
Z  0.0590 -0.0384 -0.9975

PART 29
OFFSET  17.8583  5.8477 -7.6708
X  0.3437 -0.9114 -0.2265
Y  0.9346  0.3083  0.1775
Z -0.0919 -0.2727  0.9577

PART 30
OFFSET  18.3919  7.7077 -8.5372
X  0.7479 -0.6612  0.0588
Y -0.6625 -0.7491  0.0038
Z  0.0415 -0.0418 -0.9983

PART 31
OFFSET  19.8531  6.4161 -8.4224
X -0.7163 -0.6977  0.0146
Y -0.6978  0.7160 -0.0190
Z  0.0028 -0.0238 -0.9997

PART 32
OFFSET  18.8069  5.3971 -8.4011
X -0.9735  0.2275  0.0217
Y  0.2280  0.9732  0.0281
Z -0.0147  0.0323 -0.9994

PART 33
OFFSET  17.7040  5.6543 -8.3836
X  0.6018 -0.7981  0.0293
Y  0.7979  0.5991 -0.0670
Z  0.0359  0.0637  0.9973

PART 34
OFFSET  18.0021  5.7940 -9.1185
X -0.0633  0.0141 -0.9979
Y -0.3106  0.9500  0.0331
Z  0.9484  0.3120 -0.0557

PART 35
OFFSET  14.8160  7.9527 -10.8831
X  0.6152 -0.3370  0.7127
Y  0.1098  0.9319  0.3458
Z -0.7807 -0.1344  0.6103

PART 36
OFFSET  14.5760  6.6006 -11.8567
X  0.6152 -0.3370  0.7127
Y  0.1098  0.9319  0.3458
Z -0.7807 -0.1344  0.6103

PART 37
OFFSET  13.1297  7.3012 -9.0208
X  0.6152 -0.3370  0.7127
Y  0.1098  0.9319  0.3458
Z -0.7807 -0.1344  0.6103

PART 38
OFFSET  12.7664  6.0730 -9.4346
X  0.6152 -0.3370  0.7127
Y  0.1098  0.9319  0.3458
Z -0.7807 -0.1344  0.6103

PART 39
OFFSET  13.2253  5.7805 -10.5021
X  0.6152 -0.3370  0.7127
Y  0.1098  0.9319  0.3458
Z -0.7807 -0.1344  0.6103

PART 40
OFFSET  9.4255 -0.7307 -5.6260
X  0.7559  0.6479 -0.0939
Y -0.6541  0.7534 -0.0675
Z  0.0270  0.1124  0.9933

PART 41
OFFSET  9.4255 -0.7307 -5.6260
X  0.7559  0.6479 -0.0939
Y -0.6541  0.7534 -0.0675
Z  0.0270  0.1124  0.9933

PART 42
OFFSET  12.6070  2.0408 -5.7453
X  0.7559  0.6479 -0.0939
Y -0.6541  0.7534 -0.0675
Z  0.0270  0.1124  0.9933

PART 43
OFFSET  15.0218  3.1525 -4.1186
X  0.7559  0.6479 -0.0939
Y -0.6541  0.7534 -0.0675
Z  0.0270  0.1124  0.9933

PART 44
OFFSET -5.9460 -7.9373 -3.1869
X -0.3224 -0.0173  0.9464
Y -0.2971 -0.9474 -0.1185
Z  0.8987 -0.3194  0.3004

PART 45
OFFSET -2.0465 -7.7287 -14.6330
X -0.7696 -0.1912 -0.6092
Y  0.6056  0.0840 -0.7914
Z  0.2025 -0.9780  0.0512

PART 46
OFFSET  4.4993 -6.1024 -9.4514
X -0.7696 -0.1912 -0.6092
Y  0.5446  0.3016 -0.7826
Z  0.3334 -0.9341 -0.1280

PART 47
OFFSET  4.9265 -4.7700 -8.0485
X -0.7738 -0.1890 -0.6046
Y -0.2090  0.9772 -0.0381
Z  0.5980  0.0969 -0.7956

PART 48
OFFSET  4.7639 -5.3703 -7.0243
X -0.7738 -0.1890 -0.6046
Y -0.2090  0.9772 -0.0381
Z  0.5980  0.0969 -0.7956

PART 49
OFFSET  5.2393 -6.6285 -7.0665
X -0.7738 -0.1890 -0.6046
Y -0.2090  0.9772 -0.0381
Z  0.5980  0.0969 -0.7956

PART 50
OFFSET  6.8587 -5.5162 -7.5837
X -0.6359 -0.7548 -0.1611
Y  0.3060 -0.0550 -0.9504
Z  0.7085 -0.6537  0.2659

PART 51
OFFSET  6.5585 -4.8552 -6.7032
X  0.0522 -0.8948 -0.4435
Y  0.2827  0.4392 -0.8528
Z  0.9578 -0.0809  0.2758

PART 52
OFFSET  6.3644 -2.9637 -5.6764
X -0.4478 -0.8190  0.3587
Y  0.2420 -0.4972 -0.8332
Z  0.8608 -0.2863  0.4209

PART 53
OFFSET  7.0054 -1.6392 -6.3524
X -0.3665 -0.2668  0.8914
Y -0.1011 -0.9409 -0.3232
Z  0.9249 -0.2086  0.3179

PART 54
OFFSET  7.3611 -1.3251 -7.3253
X -0.8855 -0.2568  0.3872
Y -0.4607  0.5940 -0.6595
Z -0.0606 -0.7623 -0.6444

PART 55
OFFSET  7.5813 -4.8043 -8.5188
X -0.5219 -0.7834  0.3374
Y  0.8523 -0.4635  0.2423
Z -0.0335  0.4140  0.9097

PART 56
OFFSET  8.6446 -2.9269 -9.1740
X  0.5703 -0.8086  0.1445
Y  0.7876  0.4883 -0.3759
Z  0.2334  0.3282  0.9153

PART 57
OFFSET  7.8372 -1.7820 -9.3785
X  0.9655  0.0250 -0.2591
Y -0.0945  0.9611 -0.2595
Z  0.2425  0.2750  0.9304

PART 58
OFFSET  6.9812 -1.8042 -9.1488
X  0.4792  0.7776 -0.4071
Y -0.8478  0.5301  0.0143
Z  0.2269  0.3383  0.9133

PART 59
OFFSET  6.5259 -2.5429 -8.7621
X  0.1329 -0.9764  0.1703
Y -0.9198 -0.0574  0.3882
Z -0.3693 -0.2082 -0.9057

PART 60
OFFSET  7.6167 -4.6930 -7.8146
X -0.5719 -0.8072  0.1460
Y  0.8056 -0.5192  0.2854
Z -0.1546  0.2809  0.9472

PART 61
OFFSET  9.1418 -2.6512 -8.3279
X  0.5417 -0.7994  0.2598
Y  0.8223  0.4399 -0.3611
Z  0.1744  0.4092  0.8956

PART 62
OFFSET  8.2195 -1.2902 -8.7702
X  0.9290  0.2348 -0.2862
Y -0.3225  0.8929 -0.3142
Z  0.1817  0.3842  0.9052

PART 63
OFFSET  6.9320 -1.6156 -8.3736
X  0.3177  0.8501 -0.4200
Y -0.9317  0.3622  0.0283
Z  0.1761  0.3823  0.9071

PART 64
OFFSET  6.5874 -2.5376 -7.9181
X  0.2806 -0.8846  0.3726
Y -0.9521 -0.2073  0.2249
Z -0.1217 -0.4178 -0.9003

PART 65
OFFSET  4.3330 -8.9613 -7.3080
X -0.4605 -0.8813  0.1062
Y -0.8502  0.4035 -0.3382
Z  0.2552 -0.2460 -0.9351

PART 66
OFFSET  9.3690 -2.7768 -6.1402
X -0.6159 -0.7852  0.0647
Y  0.7821 -0.5994  0.1703
Z -0.0949  0.1555  0.9833

PART 67
OFFSET  10.4534 -1.3943 -6.2542
X -0.5908 -0.8032  0.0764
Y  0.7956 -0.5642  0.2207
Z -0.1342  0.1912  0.9723

PART 68
OFFSET  11.1634 -0.4062 -6.2881
X -0.5760 -0.8174  0.0094
Y  0.8019 -0.5628  0.2008
Z -0.1589  0.1232  0.9796

PART 69
OFFSET  11.8140  0.5170 -6.2986
X -0.5810  0.8088  0.0912
Y  0.8053  0.5875 -0.0798
Z -0.1181  0.0270 -0.9926

PART 70
OFFSET  9.5061 -2.7996 -7.2362
X  0.4225 -0.8547  0.3017
Y  0.9064  0.3998 -0.1367
Z -0.0038  0.3312  0.9436

PART 71
OFFSET  8.6808 -1.1299 -7.8256
X  0.9925  0.1153 -0.0410
Y -0.1222  0.9213 -0.3691
Z -0.0048  0.3714  0.9285

PART 72
OFFSET  7.2311 -1.2983 -7.7658
X  0.4089  0.8360 -0.3659
Y -0.9118  0.3577 -0.2015
Z -0.0376  0.4160  0.9086

PART 73
OFFSET  6.7677 -2.2479 -7.3579
X  0.2713 -0.8961  0.3512
Y -0.9611 -0.2326  0.1488
Z -0.0517 -0.3779 -0.9244

PART 74
OFFSET  4.9265 -4.7700 -8.0485
X -0.7738 -0.1890 -0.6046
Y -0.2090  0.9772 -0.0381
Z  0.5980  0.0969 -0.7956

PART 75
OFFSET  4.7638 -5.3701 -7.0242
X -0.7738 -0.1890 -0.6046
Y -0.2090  0.9772 -0.0381
Z  0.5980  0.0969 -0.7956

PART 76
OFFSET  5.2393 -6.6285 -7.0666
X -0.7738 -0.1890 -0.6046
Y -0.2090  0.9772 -0.0381
Z  0.5980  0.0969 -0.7956

PART 77
OFFSET  0.0000 -0.0000 -0.0000
X  1.0000 -0.0000  0.0000
Y  0.0000  1.0000  0.0000
Z  0.0000 -0.0000  1.0000

PART 78
OFFSET -0.0000 -0.0000 -0.0000
X  0.9988 -0.0000 -0.0496
Y  0.0049  0.9950  0.0996
Z  0.0493 -0.0997  0.9938

PART 79
OFFSET  1.7425 -0.4123  4.0338
X  0.9988 -0.0000 -0.0496
Y  0.0049  0.9950  0.0996
Z  0.0493 -0.0997  0.9938


FRAME 4012
PART 0
OFFSET  0.0000 -0.0000 -0.0000
X  1.0000 -0.0000  0.0000
Y  0.0000  1.0000  0.0000
Z  0.0000 -0.0000  1.0000

PART 1
OFFSET -4.6318 -0.0000 -1.3770
X  1.0000 -0.0000  0.0000
Y  0.0000  1.0000  0.0000
Z  0.0000 -0.0000  1.0000

PART 2
OFFSET -0.0791  7.9597 -9.3490
X  0.7440  0.1780 -0.6440
Y  0.2706 -0.9616  0.0468
Z -0.6109 -0.2091 -0.7636

PART 3
OFFSET  8.9193  10.1125 -17.1373
X  0.5486 -0.3328  0.7670
Y -0.8324 -0.1311  0.5384
Z -0.0786 -0.9338 -0.3490

PART 4
OFFSET  13.5851  7.2817 -10.6135
X  0.5486 -0.3328  0.7670
Y -0.8307 -0.3209  0.4549
Z  0.0948 -0.8867 -0.4525

PART 5
OFFSET  15.1454  8.3619 -9.2084
X  0.5537 -0.3295  0.7647
Y  0.0890  0.9366  0.3390
Z -0.8279 -0.1196  0.5479

PART 6
OFFSET  15.1292  6.4269 -10.7666
X  0.5537 -0.3295  0.7647
Y  0.0890  0.9366  0.3390
Z -0.8279 -0.1196  0.5479

PART 7
OFFSET  13.4665  7.1820 -8.0664
X  0.5537 -0.3295  0.7647
Y  0.0890  0.9366  0.3390
Z -0.8279 -0.1196  0.5479

PART 8
OFFSET  13.1281  5.9497 -8.4889
X  0.5537 -0.3295  0.7647
Y  0.0890  0.9366  0.3390
Z -0.8279 -0.1196  0.5479

PART 9
OFFSET  13.6684  5.6371 -9.5117
X  0.5537 -0.3295  0.7647
Y  0.0890  0.9366  0.3390
Z -0.8279 -0.1196  0.5479

PART 10
OFFSET  15.2669  6.2614 -8.2621
X  0.9116  0.1972  0.3607
Y -0.3246 -0.1929  0.9260
Z  0.2521 -0.9612 -0.1118

PART 11
OFFSET  15.4672  5.7693 -7.2522
X  0.6517 -0.5742  0.4956
Y -0.6207 -0.0282  0.7835
Z -0.4359 -0.8182 -0.3748

PART 12
OFFSET  16.7872  4.4818 -6.1254
X  0.9602 -0.0819 -0.2669
Y  0.1764 -0.5633  0.8072
Z -0.2165 -0.8222 -0.5264

PART 13
OFFSET  18.3026  4.2911 -6.6634
X  0.4310  0.2779 -0.8585
Y  0.8409 -0.4688  0.2704
Z -0.3273 -0.8384 -0.4358

PART 14
OFFSET  18.7680  4.5453 -7.6072
X  0.7017  0.6471 -0.2981
Y -0.2519  0.6167  0.7458
Z  0.6665 -0.4482  0.5957

PART 15
OFFSET  16.4369  6.4405 -8.9710
X  0.9436  0.2305 -0.2377
Y  0.1962 -0.9676 -0.1592
Z -0.2666  0.1035 -0.9582

PART 16
OFFSET  18.6199  6.8247 -9.3849
X  0.7246 -0.6735  0.1458
Y -0.6890 -0.7031  0.1758
Z -0.0159 -0.2279 -0.9736

PART 17
OFFSET  19.6458  5.8711 -9.1785
X -0.5910 -0.7873  0.1756
Y -0.8058  0.5661 -0.1738
Z  0.0375 -0.2442 -0.9690

PART 18
OFFSET  19.1218  5.1730 -9.0228
X -0.9847 -0.1681  0.0452
Y -0.1737  0.9655 -0.1939
Z -0.0110 -0.1988 -0.9800

PART 19
OFFSET  18.1863  5.0133 -8.9798
X  0.8638 -0.4488  0.2289
Y  0.5011  0.8119 -0.2993
Z -0.0515  0.3733  0.9263

PART 20
OFFSET  16.3864  6.4899 -8.2607
X  0.9688  0.2411  0.0582
Y  0.2474 -0.9557 -0.1597
Z  0.0171  0.1691 -0.9854

PART 21
OFFSET  18.8978  7.1618 -8.2525
X  0.6108 -0.7906 -0.0425
Y -0.7863 -0.6121  0.0840
Z -0.0924 -0.0179 -0.9956

PART 22
OFFSET  19.9377  5.8158 -8.3248
X -0.7197 -0.6904  0.0742
Y -0.6908  0.7227  0.0236
Z -0.0699 -0.0343 -0.9970

PART 23
OFFSET  18.9403  4.8590 -8.2220
X -0.9624  0.2660  0.0547
Y  0.2636  0.9635 -0.0464
Z -0.0651 -0.0303 -0.9974

PART 24
OFFSET  17.8965  5.1475 -8.1626
X  0.6347 -0.7698 -0.0674
Y  0.7701  0.6373 -0.0265
Z  0.0633 -0.0350  0.9974

PART 25
OFFSET  17.6968  6.0478 -5.7399
X  0.9906 -0.0445  0.1292
Y  0.0112  0.9687  0.2479
Z -0.1362 -0.2441  0.9601

PART 26
OFFSET  18.4805  7.2414 -6.1168
X  0.8238 -0.5665 -0.0226
Y -0.5612 -0.8093 -0.1733
Z  0.0799  0.1554 -0.9846

PART 27
OFFSET  19.9309  6.2441 -6.1565
X -0.5779 -0.7757 -0.2537
Y -0.8003  0.5995 -0.0100
Z  0.1598  0.1972 -0.9672

PART 28
OFFSET  19.2186  5.2891 -6.4061
X -0.9933  0.0665 -0.0950
Y  0.0613  0.9965  0.0563
Z  0.0984  0.0500 -0.9939

PART 29
OFFSET  18.0967  5.3642 -6.5135
X  0.2957 -0.9072 -0.2994
Y  0.9436  0.2285  0.2395
Z -0.1489 -0.3533  0.9236

PART 30
OFFSET  18.7807  7.2572 -7.1798
X  0.7023 -0.7115  0.0227
Y -0.7072 -0.7011 -0.0911
Z  0.0808  0.0479 -0.9956

PART 31
OFFSET  20.1527  5.8673 -7.1354
X -0.7582 -0.6474 -0.0775
Y -0.6506  0.7590  0.0238
Z  0.0434  0.0685 -0.9967

PART 32
OFFSET  19.0453  4.9216 -7.2486
X -0.9576  0.2880  0.0081
Y  0.2866  0.9494  0.1285
Z  0.0293  0.1253 -0.9917

PART 33
OFFSET  17.9607  5.2481 -7.2465
X  0.5493 -0.8352 -0.0249
Y  0.8356  0.5490  0.0189
Z -0.0022 -0.0312  0.9995

PART 34
OFFSET  18.2976  5.4351 -7.9536
X -0.0202  0.1103 -0.9937
Y -0.2521  0.9612  0.1118
Z  0.9675  0.2528  0.0084

PART 35
OFFSET  15.3010  7.7928 -9.7978
X  0.5537 -0.3295  0.7647
Y  0.0890  0.9366  0.3390
Z -0.8279 -0.1196  0.5479

PART 36
OFFSET  15.1292  6.4269 -10.7666
X  0.5537 -0.3295  0.7647
Y  0.0890  0.9366  0.3390
Z -0.8279 -0.1196  0.5479

PART 37
OFFSET  13.4665  7.1820 -8.0664
X  0.5537 -0.3295  0.7647
Y  0.0890  0.9366  0.3390
Z -0.8279 -0.1196  0.5479

PART 38
OFFSET  13.1281  5.9497 -8.4889
X  0.5537 -0.3295  0.7647
Y  0.0890  0.9366  0.3390
Z -0.8279 -0.1196  0.5479

PART 39
OFFSET  13.6684  5.6371 -9.5117
X  0.5537 -0.3295  0.7647
Y  0.0890  0.9366  0.3390
Z -0.8279 -0.1196  0.5479

PART 40
OFFSET  9.1933 -0.8066 -5.4076
X  0.7979  0.6027 -0.0047
Y -0.6027  0.7977 -0.0192
Z -0.0078  0.0182  0.9998

PART 41
OFFSET  9.1933 -0.8066 -5.4076
X  0.7979  0.6027 -0.0047
Y -0.6027  0.7977 -0.0192
Z -0.0078  0.0182  0.9998

PART 42
OFFSET  12.5428  1.7490 -5.1486
X  0.7979  0.6027 -0.0047
Y -0.6027  0.7977 -0.0192
Z -0.0078  0.0182  0.9998

PART 43
OFFSET  14.9515  2.5446 -3.3377
X  0.7979  0.6027 -0.0047
Y -0.6027  0.7977 -0.0192
Z -0.0078  0.0182  0.9998

PART 44
OFFSET -6.3398 -7.9373 -3.1869
X -0.3070 -0.0240  0.9514
Y -0.2771 -0.9541 -0.1135
Z  0.9105 -0.2985  0.2862

PART 45
OFFSET -2.6272 -7.6469 -14.6932
X -0.7818 -0.2105 -0.5869
Y  0.5812  0.0947 -0.8082
Z  0.2257 -0.9730  0.0483

PART 46
OFFSET  4.0224 -5.8569 -9.7011
X -0.7818 -0.2105 -0.5869
Y  0.5368  0.2517 -0.8053
Z  0.3172 -0.9446 -0.0838

PART 47
OFFSET  4.4586 -4.5105 -8.3146
X -0.7859 -0.2083 -0.5822
Y -0.2318  0.9721 -0.0350
Z  0.5733  0.1075 -0.8123

PART 48
OFFSET  4.3381 -5.1106 -7.2845
X -0.7859 -0.2083 -0.5822
Y -0.2318  0.9721 -0.0350
Z  0.5733  0.1075 -0.8123

PART 49
OFFSET  4.8402 -6.3581 -7.3364
X -0.7859 -0.2083 -0.5822
Y -0.2318  0.9721 -0.0350
Z  0.5733  0.1075 -0.8123

PART 50
OFFSET  6.4192 -5.2117 -7.9017
X -0.6742 -0.6932 -0.2548
Y  0.3417  0.0131 -0.9397
Z  0.6548 -0.7206  0.2281

PART 51
OFFSET  6.1239 -4.6166 -6.9739
X  0.0152 -0.8514 -0.5242
Y  0.3450  0.4966 -0.7965
Z  0.9385 -0.1688  0.3013

PART 52
OFFSET  6.0045 -2.8194 -5.7800
X -0.5125 -0.8174  0.2630
Y  0.2455 -0.4330 -0.8673
Z  0.8229 -0.3799  0.4225

PART 53
OFFSET  6.7542 -1.4831 -6.3036
X -0.4195 -0.3233  0.8482
Y -0.1456 -0.8984 -0.4144
Z  0.8960 -0.2974  0.3298

PART 54
OFFSET  7.1693 -1.1045 -7.2289
X -0.9152 -0.2328  0.3289
Y -0.3948  0.6814 -0.6163
Z -0.0807 -0.6939 -0.7155

PART 55
OFFSET  7.2233 -4.4655 -8.7384
X -0.5833 -0.7753  0.2425
Y  0.8110 -0.5389  0.2278
Z -0.0459  0.3295  0.9430

PART 56
OFFSET  8.4276 -2.6095 -9.1738
X  0.5124 -0.8543  0.0875
Y  0.8315  0.4681 -0.2993
Z  0.2147  0.2261  0.9501

PART 57
OFFSET  7.7022 -1.4000 -9.2977
X  0.9753 -0.0146 -0.2206
Y -0.0237  0.9851 -0.1703
Z  0.2198  0.1713  0.9604

PART 58
OFFSET  6.8374 -1.3871 -9.1022
X  0.5433  0.7787 -0.3139
Y -0.8132  0.5810  0.0340
Z  0.2089  0.2368  0.9488

PART 59
OFFSET  6.3213 -2.1268 -8.8039
X  0.0648 -0.9946  0.0816
Y -0.9371 -0.0325  0.3476
Z -0.3430 -0.0989 -0.9341

PART 60
OFFSET  7.2359 -4.4223 -8.0260
X -0.6265 -0.7779  0.0480
Y  0.7591 -0.5951  0.2637
Z -0.1766  0.2017  0.9634

PART 61
OFFSET  8.9049 -2.4464 -8.2880
X  0.4797 -0.8538  0.2021
Y  0.8624  0.4164 -0.2879
Z  0.1616  0.3124  0.9361

PART 62
OFFSET  8.0882 -0.9927 -8.6321
X  0.9530  0.1987 -0.2289
Y -0.2530  0.9374 -0.2395
Z  0.1670  0.2861  0.9435

PART 63
OFFSET  6.7675 -1.2681 -8.3148
X  0.3872  0.8625 -0.3257
Y -0.9078  0.4184  0.0289
Z  0.1612  0.2845  0.9450

PART 64
OFFSET  6.3476 -2.2036 -7.9616
X  0.2092 -0.9317  0.2968
Y -0.9717 -0.1642  0.1697
Z -0.1094 -0.3239 -0.9397

PART 65
OFFSET  3.6753 -8.4941 -8.0454
X -0.5184 -0.8551  0.0054
Y -0.8085  0.4880 -0.3288
Z  0.2785 -0.1748 -0.9444

PART 66
OFFSET  9.0317 -2.7882 -6.1153
X -0.6656 -0.7456 -0.0323
Y  0.7356 -0.6627  0.1407
Z -0.1263  0.0699  0.9895

PART 67
OFFSET  10.2036 -1.4754 -6.0584
X -0.6422 -0.7663 -0.0215
Y  0.7491 -0.6332  0.1947
Z -0.1628  0.1089  0.9806

PART 68
OFFSET  10.9743 -0.5372 -5.9727
X -0.6255 -0.7751 -0.0890
Y  0.7562 -0.6304  0.1753
Z -0.1920  0.0424  0.9805

PART 69
OFFSET  11.6808  0.3383 -5.8722
X -0.5331  0.8333  0.1465
Y  0.8428  0.5382  0.0054
Z -0.0744  0.1263 -0.9892

PART 70
OFFSET  9.2131 -2.7187 -7.2029
X  0.3556 -0.9048  0.2343
Y  0.9344  0.3503 -0.0654
Z -0.0229  0.2421  0.9700

PART 71
OFFSET  8.5185 -0.9511 -7.6605
X  0.9986  0.0531  0.0060
Y -0.0492  0.9575 -0.2842
Z -0.0208  0.2835  0.9587

PART 72
OFFSET  7.0599 -1.0286 -7.6692
X  0.4750  0.8376 -0.2700
Y -0.8786  0.4340 -0.1994
Z -0.0499  0.3319  0.9420

PART 73
OFFSET  6.5217 -1.9793 -7.3703
X  0.2001 -0.9406  0.2741
Y -0.9791 -0.1817  0.0913
Z -0.0361 -0.2867 -0.9573

PART 74
OFFSET  4.4585 -4.5104 -8.3145
X -0.7859 -0.2083 -0.5822
Y -0.2318  0.9721 -0.0350
Z  0.5733  0.1075 -0.8123

PART 75
OFFSET  4.3379 -5.1104 -7.2844
X -0.7859 -0.2083 -0.5822
Y -0.2318  0.9721 -0.0350
Z  0.5733  0.1075 -0.8123

PART 76
OFFSET  4.8402 -6.3580 -7.3365
X -0.7859 -0.2083 -0.5822
Y -0.2318  0.9721 -0.0350
Z  0.5733  0.1075 -0.8123

PART 77
OFFSET  0.0000 -0.0000 -0.0000
X  1.0000 -0.0000  0.0000
Y  0.0000  1.0000  0.0000
Z  0.0000 -0.0000  1.0000

PART 78
OFFSET -0.0000 -0.0000 -0.0000
X  0.9991  0.0000 -0.0434
Y  0.0038  0.9961  0.0882
Z  0.0432 -0.0883  0.9952

PART 79
OFFSET  1.7177 -0.3651  4.0489
X  0.9991  0.0000 -0.0434
Y  0.0038  0.9961  0.0882
Z  0.0432 -0.0883  0.9952


FRAME 4013
PART 0
OFFSET  0.0000 -0.0000 -0.0000
X  1.0000 -0.0000  0.0000
Y  0.0000  1.0000  0.0000
Z  0.0000 -0.0000  1.0000

PART 1
OFFSET -4.6318 -0.0000 -1.3770
X  1.0000 -0.0000  0.0000
Y  0.0000  1.0000  0.0000
Z  0.0000 -0.0000  1.0000

PART 2
OFFSET  0.3182  7.9603 -9.5455
X  0.8133  0.1518 -0.5617
Y  0.2396 -0.9671  0.0855
Z -0.5302 -0.2041 -0.8229

PART 3
OFFSET  10.1545  9.7965 -16.3380
X  0.4811 -0.3327  0.8111
Y -0.8743 -0.1144  0.4717
Z -0.0642 -0.9361 -0.3459

PART 4
OFFSET  14.2462  6.9665 -9.4394
X  0.4811 -0.3327  0.8111
Y -0.8702 -0.2931  0.3959
Z  0.1060 -0.8963 -0.4306

PART 5
OFFSET  15.7054  8.0390 -7.9241
X  0.4865 -0.3295  0.8092
Y  0.0753  0.9385  0.3368
Z -0.8704 -0.1029  0.4814

PART 6
OFFSET  15.7850  6.0891 -9.4617
X  0.4865 -0.3295  0.8092
Y  0.0753  0.9385  0.3368
Z -0.8704 -0.1029  0.4814

PART 7
OFFSET  13.9243  6.8935 -6.9090
X  0.4865 -0.3295  0.8092
Y  0.0753  0.9385  0.3368
Z -0.8704 -0.1029  0.4814

PART 8
OFFSET  13.6027  5.6619 -7.3463
X  0.4865 -0.3295  0.8092
Y  0.0753  0.9385  0.3368
Z -0.8704 -0.1029  0.4814

PART 9
OFFSET  14.2179  5.3319 -8.3201
X  0.4865 -0.3295  0.8092
Y  0.0753  0.9385  0.3368
Z -0.8704 -0.1029  0.4814

PART 10
OFFSET  15.7210  5.9465 -6.9528
X  0.8991  0.0902  0.4283
Y -0.3947 -0.2563  0.8824
Z  0.1893 -0.9624 -0.1948

PART 11
OFFSET  15.8224  5.3446 -5.9886
X  0.5768 -0.6683  0.4697
Y -0.6688 -0.0562  0.7413
Z -0.4690 -0.7418 -0.4793

PART 12
OFFSET  16.9743  3.8556 -4.9277
X  0.9667 -0.1295 -0.2208
Y  0.0850 -0.6510  0.7543
Z -0.2414 -0.7480 -0.6183

PART 13
OFFSET  18.5028  3.6016 -5.3983
X  0.5024  0.3259 -0.8009
Y  0.7868 -0.5564  0.2671
Z -0.3585 -0.7643 -0.5360

PART 14
OFFSET  19.0430  3.9096 -6.2843
X  0.7633  0.6169 -0.1918
Y -0.2532  0.5589  0.7896
Z  0.5944 -0.5541  0.5828

PART 15
OFFSET  16.9427  6.1028 -7.5745
X  0.9706  0.1789 -0.1609
Y  0.1362 -0.9598 -0.2456
Z -0.1983  0.2165 -0.9559

PART 16
OFFSET  19.1691  6.3555 -7.8268
X  0.6642 -0.7385  0.1162
Y -0.7470 -0.6616  0.0654
Z  0.0286 -0.1303 -0.9911

PART 17
OFFSET  20.1095  5.3100 -7.6623
X -0.6555 -0.7527  0.0620
Y -0.7509  0.6408 -0.1594
Z  0.0803 -0.1511 -0.9853

PART 18
OFFSET  19.5283  4.6427 -7.6073
X -0.9951 -0.0951 -0.0262
Y -0.0919  0.9903 -0.1041
Z  0.0359 -0.1012 -0.9942

PART 19
OFFSET  18.5829  4.5523 -7.6322
X  0.8136 -0.5343  0.2292
Y  0.5755  0.7960 -0.1874
Z -0.0824  0.2844  0.9552

PART 20
OFFSET  16.8517  6.0866 -6.8667
X  0.9780  0.1587  0.1355
Y  0.1880 -0.9519 -0.2421
Z  0.0905  0.2623 -0.9607

PART 21
OFFSET  19.3992  6.5586 -6.6524
X  0.5543 -0.8276 -0.0889
Y -0.8317 -0.5547 -0.0219
Z -0.0312  0.0861 -0.9958

PART 22
OFFSET  20.3429  5.1497 -6.8039
X -0.7703 -0.6366 -0.0359
Y -0.6376  0.7681  0.0589
Z -0.0099  0.0683 -0.9976

PART 23
OFFSET  19.2753  4.2673 -6.8537
X -0.9425  0.3329  0.0285
Y  0.3341  0.9402  0.0662
Z -0.0048  0.0719 -0.9974

PART 24
OFFSET  18.2531  4.6284 -6.8228
X  0.5811 -0.8063 -0.1102
Y  0.8138  0.5755  0.0807
Z -0.0016 -0.1366  0.9906

PART 25
OFFSET  17.9675  5.3017 -4.3358
X  0.9749 -0.1332  0.1782
Y  0.0648  0.9363  0.3452
Z -0.2128 -0.3250  0.9214

PART 26
OFFSET  18.8564  6.4623 -4.5458
X  0.7811 -0.6235 -0.0347
Y -0.6057 -0.7429 -0.2851
Z  0.1520  0.2437 -0.9579

PART 27
OFFSET  20.2315  5.3645 -4.6070
X -0.6149 -0.7004 -0.3625
Y -0.7533  0.6577  0.0070
Z  0.2335  0.2774 -0.9320

PART 28
OFFSET  19.4699  4.4962 -4.9910
X -0.9781  0.1519 -0.1422
Y  0.1287  0.9786  0.1604
Z  0.1635  0.1386 -0.9768

PART 29
OFFSET  18.3651  4.6678 -5.1516
X  0.2483 -0.8939 -0.3733
Y  0.9408  0.1306  0.3129
Z -0.2310 -0.4289  0.8733

PART 30
OFFSET  19.2226  6.5581 -5.5837
X  0.6470 -0.7624 -0.0111
Y -0.7484 -0.6322 -0.2005
Z  0.1459  0.1381 -0.9796

PART 31
OFFSET  20.4865  5.0686 -5.6054
X -0.7961 -0.5763 -0.1843
Y -0.5950  0.8011  0.0651
Z  0.1102  0.1615 -0.9807

PART 32
OFFSET  19.3236  4.2268 -5.8747
X -0.9332  0.3590 -0.0153
Y  0.3451  0.9074  0.2398
Z  0.1000  0.2185 -0.9707

PART 33
OFFSET  18.2671  4.6342 -5.8990
X  0.4888 -0.8688 -0.0794
Y  0.8699  0.4784  0.1204
Z -0.0667 -0.1279  0.9895

PART 34
OFFSET  18.6599  4.8626 -6.5639
X  0.0497  0.2076 -0.9770
Y -0.1893  0.9624  0.1948
Z  0.9807  0.1753  0.0871

PART 35
OFFSET  15.8991  7.4620 -8.4943
X  0.4865 -0.3295  0.8092
Y  0.0753  0.9385  0.3368
Z -0.8704 -0.1029  0.4814

PART 36
OFFSET  15.7850  6.0891 -9.4617
X  0.4865 -0.3295  0.8092
Y  0.0753  0.9385  0.3368
Z -0.8704 -0.1029  0.4814

PART 37
OFFSET  13.9243  6.8935 -6.9090
X  0.4865 -0.3295  0.8092
Y  0.0753  0.9385  0.3368
Z -0.8704 -0.1029  0.4814

PART 38
OFFSET  13.6027  5.6619 -7.3463
X  0.4865 -0.3295  0.8092
Y  0.0753  0.9385  0.3368
Z -0.8704 -0.1029  0.4814

PART 39
OFFSET  14.2179  5.3319 -8.3201
X  0.4865 -0.3295  0.8092
Y  0.0753  0.9385  0.3368
Z -0.8704 -0.1029  0.4814

PART 40
OFFSET  8.9921 -0.8738 -5.1672
X  0.8377  0.5368  0.1002
Y -0.5417  0.8401  0.0287
Z -0.0688 -0.0784  0.9945

PART 41
OFFSET  8.9921 -0.8738 -5.1672
X  0.8377  0.5368  0.1002
Y -0.5417  0.8401  0.0287
Z -0.0688 -0.0784  0.9945

PART 42
OFFSET  12.4931  1.3778 -4.4669
X  0.8377  0.5368  0.1002
Y -0.5417  0.8401  0.0287
Z -0.0688 -0.0784  0.9945

PART 43
OFFSET  14.8349  1.8052 -2.4552
X  0.8377  0.5368  0.1002
Y -0.5417  0.8401  0.0287
Z -0.0688 -0.0784  0.9945

PART 44
OFFSET -6.7497 -7.9373 -3.1869
X -0.2998 -0.0348  0.9534
Y -0.2493 -0.9618 -0.1135
Z  0.9209 -0.2717  0.2796

PART 45
OFFSET -3.1241 -7.5159 -14.7169
X -0.7947 -0.2357 -0.5594
Y  0.5509  0.1070 -0.8277
Z  0.2549 -0.9659  0.0449

PART 46
OFFSET  3.6348 -5.5110 -9.9587
X -0.7947 -0.2357 -0.5594
Y  0.5242  0.1984 -0.8282
Z  0.3062 -0.9514 -0.0341

PART 47
OFFSET  4.0783 -4.1454 -8.5934
X -0.7986 -0.2337 -0.5546
Y -0.2606  0.9649 -0.0314
Z  0.5425  0.1195 -0.8315

PART 48
OFFSET  4.0096 -4.7433 -7.5573
X -0.7986 -0.2337 -0.5546
Y -0.2606  0.9649 -0.0314
Z  0.5425  0.1195 -0.8315

PART 49
OFFSET  4.5451 -5.9762 -7.6206
X -0.7986 -0.2337 -0.5546
Y -0.2606  0.9649 -0.0314
Z  0.5425  0.1195 -0.8315

PART 50
OFFSET  6.0709 -4.7884 -8.2437
X -0.7048 -0.6110 -0.3604
Y  0.3997  0.0777 -0.9134
Z  0.5861 -0.7878  0.1894

PART 51
OFFSET  5.7616 -4.2651 -7.2779
X -0.0131 -0.7952 -0.6062
Y  0.4286  0.5433 -0.7219
Z  0.9034 -0.2693  0.3337

PART 52
OFFSET  5.6969 -2.5883 -5.9162
X -0.5850 -0.7970  0.1502
Y  0.2675 -0.3645 -0.8920
Z  0.7657 -0.4816  0.4264

PART 53
OFFSET  6.5715 -1.2695 -6.2597
X -0.4936 -0.3707  0.7868
Y -0.1834 -0.8399 -0.5107
Z  0.8502 -0.3964  0.3466

PART 54
OFFSET  7.0694 -0.8363 -7.1177
X -0.9482 -0.1921  0.2529
Y -0.3059  0.7665 -0.5648
Z -0.0853 -0.6129 -0.7856

PART 55
OFFSET  6.9769 -4.0289 -8.9550
X -0.6512 -0.7477  0.1302
Y  0.7546 -0.6196  0.2162
Z -0.0809  0.2390  0.9676

PART 56
OFFSET  8.3356 -2.2382 -9.1331
X  0.4436 -0.8958  0.0285
Y  0.8798  0.4292 -0.2042
Z  0.1707  0.1156  0.9785

PART 57
OFFSET  7.7076 -0.9700 -9.1734
X  0.9836 -0.0686 -0.1670
Y  0.0574  0.9959 -0.0706
Z  0.1712  0.0599  0.9834

PART 58
OFFSET  6.8356 -0.9092 -9.0253
X  0.6160  0.7611 -0.2031
Y -0.7701  0.6361  0.0480
Z  0.1657  0.1268  0.9780

PART 59
OFFSET  6.2503 -1.6323 -8.8324
X -0.0117 -0.9998 -0.0163
Y -0.9568  0.0065  0.2905
Z -0.2904  0.0190 -0.9567

PART 60
OFFSET  6.9481 -4.0562 -8.2422
X -0.6823 -0.7281 -0.0656
Y  0.6967 -0.6748  0.2433
Z -0.2214  0.1203  0.9677

PART 61
OFFSET  8.7672 -2.1993 -8.2105
X  0.4039 -0.9040  0.1405
Y  0.9062  0.3744 -0.1964
Z  0.1249  0.2067  0.9704

PART 62
OFFSET  8.0796 -0.6603 -8.4497
X  0.9771  0.1457 -0.1549
Y -0.1699  0.9729 -0.1567
Z  0.1279  0.1794  0.9754

PART 63
OFFSET  6.7254 -0.8622 -8.2350
X  0.4674  0.8575 -0.2148
Y -0.8756  0.4826  0.0213
Z  0.1219  0.1781  0.9764

PART 64
OFFSET  6.2184 -1.7922 -8.0020
X  0.1232 -0.9695  0.2119
Y -0.9897 -0.1042  0.0986
Z -0.0735 -0.2218 -0.9723

PART 65
OFFSET  3.1136 -7.8193 -8.8698
X -0.5775 -0.8090 -0.1098
Y -0.7495  0.5787 -0.3215
Z  0.3236 -0.1034 -0.9405

PART 66
OFFSET  8.7337 -2.7590 -6.0800
X -0.7139 -0.6853 -0.1442
Y  0.6761 -0.7281  0.1130
Z -0.1824 -0.0169  0.9831

PART 67
OFFSET  9.9905 -1.5525 -5.8261
X -0.6927 -0.7086 -0.1343
Y  0.6883 -0.7051  0.1703
Z -0.2154  0.0255  0.9762

PART 68
OFFSET  10.8196 -0.6895 -5.6035
X -0.6726 -0.7121 -0.2013
Y  0.6968 -0.7010  0.1517
Z -0.2492 -0.0382  0.9677

PART 69
OFFSET  11.5792  0.1149 -5.3761
X -0.4802  0.8539  0.2007
Y  0.8772  0.4683  0.1062
Z -0.0034  0.2271 -0.9739

PART 70
OFFSET  8.9870 -2.5985 -7.1433
X  0.2747 -0.9480  0.1605
Y  0.9593  0.2816  0.0219
Z -0.0659  0.1479  0.9868

PART 71
OFFSET  8.4504 -0.7465 -7.4568
X  0.9975 -0.0251  0.0661
Y  0.0372  0.9815 -0.1879
Z -0.0602  0.1899  0.9800

PART 72
OFFSET  6.9934 -0.7098 -7.5534
X  0.5495  0.8206 -0.1572
Y -0.8312  0.5179 -0.2023
Z -0.0846  0.2418  0.9666

PART 73
OFFSET  6.3710 -1.6405 -7.3824
X  0.1149 -0.9754  0.1879
Y -0.9934 -0.1134  0.0186
Z  0.0032 -0.1888 -0.9820

PART 74
OFFSET  4.0783 -4.1454 -8.5934
X -0.7986 -0.2337 -0.5546
Y -0.2606  0.9649 -0.0314
Z  0.5425  0.1195 -0.8315

PART 75
OFFSET  4.0094 -4.7432 -7.5572
X -0.7986 -0.2337 -0.5546
Y -0.2606  0.9649 -0.0314
Z  0.5425  0.1195 -0.8315

PART 76
OFFSET  4.5452 -5.9762 -7.6207
X -0.7986 -0.2337 -0.5546
Y -0.2606  0.9649 -0.0314
Z  0.5425  0.1195 -0.8315

PART 77
OFFSET  0.0000 -0.0000 -0.0000
