// Export filename: 'c:/trees/cod3/cod3/model_export/viewmodels/modern_weapons/viewmodel_briefcase_bomb_animated.XMODEL_EXPORT'
// Source filename: 'c:/trees/cod3/cod3_animation_source/viewmodels/modern_weapons/briefcase_bomb/viewmodel_briefcase_bomb_gunsleeves.mb'
// Export time: Mon Jul 09 16:27:55 2007
MODEL
VERSION 6

NUMBONES 78
BONE 0 -1 "tag_view"
BONE 1 0 "tag_ads"
BONE 2 0 "tag_cambone"
BONE 3 2 "tag_camera"
BONE 4 1 "tag_torso"
BONE 5 4 "J_Shoulder_LE"
BONE 6 4 "J_Shoulder_RI"
BONE 7 3 "tag_gasmask"
BONE 8 3 "tag_gasmask2"
BONE 9 4 "tag_weapon"
BONE 10 5 "J_Elbow_LE"
BONE 11 6 "J_Elbow_RI"
BONE 12 9 "J_Gun"
BONE 13 12 "J_Handle"
BONE 14 12 "J_Open"
BONE 15 10 "J_Sleave_Reshape_Bottom_LE_1"
BONE 16 10 "J_Sleave_Reshape_Bottom_LE_2"
BONE 17 10 "J_Sleave_Reshape_Top_LE_1"
BONE 18 10 "J_Sleave_Reshape_Top_LE_2"
BONE 19 10 "J_Sleave_Reshape_Top_LE_3"
BONE 20 11 "J_Sleave_Reshape_Top_RI_1"
BONE 21 11 "J_Sleave_Reshape_Top_RI_2"
BONE 22 11 "J_Sleave_Reshape_Top_RI_3"
BONE 23 12 "J_Support_Base"
BONE 24 10 "J_Wrist_LE"
BONE 25 11 "J_Wrist_RI"
BONE 26 10 "J_WristTwist_LE"
BONE 27 11 "J_WristTwist_RI"
BONE 28 24 "J_Index_LE_0"
BONE 29 25 "J_Index_RI_0"
BONE 30 14 "J_Locks"
BONE 31 24 "J_Mid_LE_0"
BONE 32 25 "J_Mid_RI_0"
BONE 33 24 "J_PinkyPalm_LE"
BONE 34 25 "J_PinkyPalm_RI"
BONE 35 24 "J_RingPalm_LE"
BONE 36 25 "J_RingPalm_RI"
BONE 37 23 "J_Support_Mid"
BONE 38 24 "J_Thumb_LE_0"
BONE 39 25 "J_Thumb_RI_0"
BONE 40 24 "J_Webbing_LE"
BONE 41 25 "J_Webbing_RI"
BONE 42 24 "tag_knife_attach"
BONE 43 28 "J_Index_LE_1"
BONE 44 29 "J_Index_RI_1"
BONE 45 31 "J_Mid_LE_1"
BONE 46 32 "J_Mid_RI_1"
BONE 47 33 "J_Pinky_LE_0"
BONE 48 34 "J_Pinky_RI_0"
BONE 49 35 "J_Ring_LE_0"
BONE 50 36 "J_Ring_RI_0"
BONE 51 37 "J_Support_End"
BONE 52 38 "J_Thumb_LE_1"
BONE 53 39 "J_Thumb_RI_1"
BONE 54 43 "J_Index_LE_2"
BONE 55 44 "J_Index_RI_2"
BONE 56 45 "J_Mid_LE_2"
BONE 57 46 "J_Mid_RI_2"
BONE 58 47 "J_Pinky_LE_1"
BONE 59 48 "J_Pinky_RI_1"
BONE 60 49 "J_Ring_LE_1"
BONE 61 50 "J_Ring_RI_1"
BONE 62 52 "J_Thumb_LE_2"
BONE 63 53 "J_Thumb_RI_2"
BONE 64 54 "J_Index_LE_3"
BONE 65 55 "J_Index_RI_3"
BONE 66 56 "J_Mid_LE_3"
BONE 67 57 "J_Mid_RI_3"
BONE 68 58 "J_Pinky_LE_2"
BONE 69 59 "J_Pinky_RI_2"
BONE 70 60 "J_Ring_LE_2"
BONE 71 61 "J_Ring_RI_2"
BONE 72 62 "J_Thumb_LE_3"
BONE 73 63 "J_Thumb_RI_3"
BONE 74 68 "J_Pinky_LE_3"
BONE 75 69 "J_Pinky_RI_3"
BONE 76 70 "J_Ring_LE_3"
BONE 77 71 "J_Ring_RI_3"

BONE 0
OFFSET 0.000000, 0.000000, 0.000000
SCALE 1.000000, 1.000000, 1.000000
X 1.000000, 0.000000, 0.000000
Y 0.000000, 1.000000, 0.000000
Z 0.000000, 0.000000, 1.000000

BONE 1
OFFSET 0.000000, 0.000000, 0.000000
SCALE 1.000000, 1.000000, 1.000000
X 1.000000, 0.000000, 0.000000
Y 0.000000, 1.000000, 0.000000
Z 0.000000, 0.000000, 1.000000

BONE 2
OFFSET 0.000000, 0.000000, 0.000000
SCALE 1.000000, 1.000000, 1.000000
X 1.000000, 0.000000, 0.000000
Y 0.000000, 1.000000, 0.000000
Z 0.000000, 0.000000, 1.000000

BONE 3
OFFSET 0.000000, 0.000000, 0.000000
SCALE 1.000000, 1.000000, 1.000000
X 1.000000, 0.000000, 0.000000
Y 0.000000, 1.000000, 0.000000
Z 0.000000, 0.000000, 1.000000

BONE 4
OFFSET -4.631834, 0.000000, -1.376955
SCALE 1.000000, 1.000000, 1.000000
X 1.000000, 0.000000, 0.000000
Y 0.000000, 1.000000, 0.000000
Z 0.000000, 0.000000, 1.000000

BONE 5
OFFSET -3.506030, 7.937290, -3.186910
SCALE 1.000000, 1.000000, 1.000000
X 0.472986, 0.011374, -0.880996
Y 0.446745, -0.864941, 0.228681
Z -0.759409, -0.501744, -0.414187

BONE 6
OFFSET -3.506032, -7.937284, -3.186909
SCALE 1.000000, 1.000000, 1.000000
X -0.472986, 0.011374, 0.880996
Y -0.446745, -0.864941, -0.228681
Z 0.759409, -0.501744, 0.414187

BONE 7
OFFSET 1.540442, 0.000000, 4.135746
SCALE 1.000000, 1.000000, 1.000000
X 1.000000, 0.000000, 0.000000
Y 0.000000, 1.000000, 0.000000
Z 0.000000, 0.000000, 1.000000

BONE 8
OFFSET -4.631834, 0.000000, -1.376955
SCALE 1.000000, 1.000000, 1.000000
X 1.000000, 0.000000, 0.000000
Y 0.000000, 1.000000, 0.000000
Z 0.000000, 0.000000, 1.000000

BONE 9
OFFSET 10.527968, 0.000000, -8.129675
SCALE 1.000000, 1.000000, 1.000000
X 1.000000, 0.000000, 0.000000
Y 0.000000, 1.000000, 0.000000
Z 0.000000, 0.000000, 1.000000

BONE 10
OFFSET 2.214219, 8.074842, -13.841592
SCALE 1.000000, 1.000000, 1.000000
X 0.999978, -0.002833, 0.005930
Y -0.005970, -0.014367, 0.999879
Z -0.002747, -0.999893, -0.014384

BONE 11
OFFSET 2.214221, -8.074842, -13.841575
SCALE 1.000000, 1.000000, 1.000000
X -0.999978, -0.002833, -0.005930
Y 0.005970, -0.014367, -0.999879
Z 0.002747, -0.999893, 0.014384

BONE 12
OFFSET 0.000000, 0.000000, 0.000000
SCALE 1.000000, 1.000000, 1.000000
X 1.000000, 0.000000, 0.000000
Y 0.000000, 1.000000, 0.000000
Z 0.000000, 0.000000, 1.000000

BONE 13
OFFSET -7.453368, 0.000000, 2.005491
SCALE 1.000000, 1.000000, 1.000000
X 1.000000, 0.000000, 0.000000
Y 0.000000, 1.000000, 0.000000
Z 0.000000, 0.000000, 1.000000

BONE 14
OFFSET 7.000286, 0.000000, 2.713238
SCALE 1.000000, 1.000000, 1.000000
X 1.000000, 0.000000, 0.000000
Y 0.000000, 1.000000, 0.000000
Z 0.000000, 0.000000, 1.000000

BONE 15
OFFSET 12.125037, 8.958635, -14.825972
SCALE 1.000000, 1.000000, 1.000000
X 1.000000, 0.000000, 0.000000
Y 0.000000, 1.000000, 0.000000
Z 0.000000, 0.000000, 1.000000

BONE 16
OFFSET 11.739065, 7.335669, -15.051069
SCALE 1.000000, 1.000000, 1.000000
X 1.000000, 0.000000, 0.000000
Y 0.000000, 1.000000, 0.000000
Z 0.000000, 0.000000, 1.000000

BONE 17
OFFSET 12.634503, 8.810233, -12.285378
SCALE 1.000000, 1.000000, 1.000000
X 1.000000, 0.000000, 0.000000
Y 0.000000, 1.000000, 0.000000
Z 0.000000, 0.000000, 1.000000

BONE 18
OFFSET 12.530005, 7.482795, -12.089205
SCALE 1.000000, 1.000000, 1.000000
X 1.000000, 0.000000, 0.000000
Y 0.000000, 1.000000, 0.000000
Z 0.000000, 0.000000, 1.000000

BONE 19
OFFSET 12.149994, 6.891432, -13.059547
SCALE 1.000000, 1.000000, 1.000000
X 1.000000, 0.000000, 0.000000
Y 0.000000, 1.000000, 0.000000
Z 0.000000, 0.000000, 1.000000

BONE 20
OFFSET 12.634488, -8.810236, -12.285394
SCALE 1.000000, 1.000000, 1.000000
X -1.000000, 0.000000, -0.000000
Y 0.000000, 1.000000, 0.000000
Z 0.000000, 0.000000, -1.000000

BONE 21
OFFSET 12.530000, -7.482795, -12.089212
SCALE 1.000000, 1.000000, 1.000000
X -1.000000, 0.000000, -0.000000
Y 0.000000, 1.000000, 0.000000
Z 0.000000, 0.000000, -1.000000

BONE 22
OFFSET 12.150000, -6.891418, -13.059566
SCALE 1.000000, 1.000000, 1.000000
X -1.000000, 0.000000, -0.000000
Y 0.000000, 1.000000, 0.000000
Z 0.000000, 0.000000, -1.000000

BONE 23
OFFSET 3.473949, 0.000000, 1.891725
SCALE 1.000000, 1.000000, 1.000000
X 0.750759, 0.000000, 0.660576
Y 0.000000, 1.000000, -0.000000
Z -0.660576, 0.000000, 0.750759

BONE 24
OFFSET 13.785073, 8.042067, -13.772971
SCALE 1.000000, 1.000000, 1.000000
X 0.996700, -0.023076, 0.077825
Y -0.077652, 0.008297, 0.996946
Z -0.023651, -0.999699, 0.006478

BONE 25
OFFSET 13.785079, -8.042048, -13.772953
SCALE 1.000000, 1.000000, 1.000000
X -0.996700, -0.023076, -0.077825
Y 0.077652, 0.008297, -0.996946
Z 0.023651, -0.999699, -0.006478

BONE 26
OFFSET 10.719465, 8.050750, -13.791152
SCALE 1.000000, 1.000000, 1.000000
X 0.999978, -0.002833, 0.005930
Y -0.005970, -0.014367, 0.999879
Z -0.002747, -0.999893, -0.014384

BONE 27
OFFSET 10.719449, -8.050748, -13.791142
SCALE 1.000000, 1.000000, 1.000000
X -0.999978, -0.002833, -0.005930
Y 0.005970, -0.014367, -0.999879
Z 0.002747, -0.999893, 0.014384

BONE 28
OFFSET 17.618980, 8.329933, -12.720215
SCALE 1.000000, 1.000000, 1.000000
X 0.770359, -0.621881, 0.140748
Y -0.611755, -0.783111, -0.111771
Z 0.179730, 0.000000, -0.983716

BONE 29
OFFSET 17.618977, -8.329922, -12.720197
SCALE 1.000000, 1.000000, 1.000000
X -0.770359, -0.621881, -0.140748
Y 0.611755, -0.783111, 0.111771
Z -0.179730, -0.000000, 0.983716

BONE 30
OFFSET 7.238115, 0.000000, 16.873940
SCALE 1.000000, 1.000000, 1.000000
X 1.000000, 0.000000, 0.000000
Y 0.000000, 1.000000, 0.000000
Z 0.000000, 0.000000, 1.000000

BONE 31
OFFSET 17.592691, 8.144073, -13.808888
SCALE 1.000000, 1.000000, 1.000000
X 0.786575, -0.616967, 0.025504
Y -0.616643, -0.786989, -0.019994
Z 0.032407, 0.000000, -0.999475

BONE 32
OFFSET 17.592678, -8.144055, -13.808898
SCALE 1.000000, 1.000000, 1.000000
X -0.786575, -0.616967, -0.025504
Y 0.616643, -0.786989, 0.019994
Z -0.032407, -0.000000, 0.999475

BONE 33
OFFSET 14.706850, 7.811601, -14.773290
SCALE 1.000000, 1.000000, 1.000000
X 0.860527, -0.066586, -0.505035
Y -0.090728, -0.995602, -0.023327
Z -0.501261, 0.065894, -0.862784

BONE 34
OFFSET 14.706850, -7.811614, -14.773307
SCALE 1.000000, 1.000000, 1.000000
X -0.860527, -0.066586, 0.505035
Y 0.090728, -0.995602, 0.023327
Z 0.501261, 0.065894, 0.862784

BONE 35
OFFSET 14.877762, 7.951642, -14.094536
SCALE 1.000000, 1.000000, 1.000000
X 0.972219, -0.030530, -0.232073
Y -0.040633, -0.998417, -0.038880
Z -0.230519, 0.047230, -0.971921

BONE 36
OFFSET 14.877756, -7.951653, -14.094527
SCALE 1.000000, 1.000000, 1.000000
X -0.972219, -0.030530, 0.232073
Y 0.040633, -0.998417, 0.038880
Z 0.230519, 0.047230, 0.971921

BONE 37
OFFSET 5.423884, 0.000000, 3.607429
SCALE 1.000000, 1.000000, 1.000000
X 0.747880, 0.000000, 0.663834
Y 0.000000, 1.000000, -0.000000
Z -0.663834, 0.000000, 0.747880

BONE 38
OFFSET 14.148777, 7.629210, -12.773211
SCALE 1.000000, 1.000000, 1.000000
X 0.614049, -0.475564, 0.629907
Y -0.500882, 0.381986, 0.776662
Z -0.609968, -0.792418, -0.003644

BONE 39
OFFSET 14.148780, -7.629212, -12.773229
SCALE 1.000000, 1.000000, 1.000000
X -0.614049, -0.475564, -0.629907
Y 0.500882, 0.381986, -0.776662
Z 0.609968, -0.792418, 0.003644

BONE 40
OFFSET 16.721630, 7.448270, -11.946650
SCALE 1.000000, 1.000000, 1.000000
X 0.946229, -0.301294, -0.117786
Y 0.309193, 0.949386, 0.055376
Z 0.095139, -0.088817, 0.991494

BONE 41
OFFSET 9.583885, -8.680950, -13.257301
SCALE 1.000000, 1.000000, 1.000000
X -0.946229, -0.301294, 0.117786
Y -0.309193, 0.949386, -0.055376
Z -0.095139, -0.088817, -0.991494

BONE 42
OFFSET 16.493113, 6.451591, -14.089364
SCALE 1.000000, 1.000000, 1.000000
X -0.281344, 0.000438, -0.959607
Y 0.023651, 0.999699, -0.006478
Z 0.959316, -0.024519, -0.281269

BONE 43
OFFSET 18.975315, 7.235017, -12.472406
SCALE 1.000000, 1.000000, 1.000000
X 0.426042, -0.903354, 0.049392
Y -0.880239, -0.426513, -0.208005
Z 0.208969, 0.045142, -0.976880

BONE 44
OFFSET 18.975315, -7.235000, -12.472402
SCALE 1.000000, 1.000000, 1.000000
X -0.426042, -0.903354, -0.049392
Y 0.880239, -0.426513, 0.208005
Z -0.208969, 0.045142, 0.976880

BONE 45
OFFSET 19.129311, 6.938792, -13.759066
SCALE 1.000000, 1.000000, 1.000000
X 0.028169, -0.999543, -0.010950
Y -0.999561, -0.028267, 0.008848
Z -0.009153, 0.010696, -0.999901

BONE 46
OFFSET 19.129292, -6.938779, -13.759055
SCALE 1.000000, 1.000000, 1.000000
X -0.028169, -0.999543, 0.010950
Y 0.999561, -0.028267, -0.008848
Z 0.009153, 0.010696, 0.999901

BONE 47
OFFSET 16.702198, 7.530317, -15.785225
SCALE 1.000000, 1.000000, 1.000000
X 0.856282, -0.436541, -0.276069
Y -0.415481, -0.899684, 0.133953
Z -0.306851, -0.000000, -0.951758

BONE 48
OFFSET 16.702206, -7.530315, -15.785236
SCALE 1.000000, 1.000000, 1.000000
X -0.856282, -0.436541, 0.276069
Y 0.415481, -0.899684, -0.133953
Z 0.306851, -0.000000, 0.951758

BONE 49
OFFSET 17.367678, 7.901457, -14.840354
SCALE 1.000000, 1.000000, 1.000000
X 0.831745, -0.508839, -0.221999
Y -0.491628, -0.860862, 0.131219
Z -0.257880, -0.000000, -0.966177

BONE 50
OFFSET 17.367678, -7.901457, -14.840354
SCALE 1.000000, 1.000000, 1.000000
X -0.831745, -0.508839, 0.221999
Y 0.491628, -0.860862, -0.131219
Z 0.257880, -0.000000, 0.966177

BONE 51
OFFSET 7.368555, 0.000000, 5.333558
SCALE 1.000000, 1.000000, 1.000000
X 0.747880, 0.000000, 0.663834
Y 0.000000, 1.000000, -0.000000
Z -0.663834, 0.000000, 0.747880

BONE 52
OFFSET 15.389911, 6.597012, -11.336607
SCALE 1.000000, 1.000000, 1.000000
X 0.914596, -0.402924, 0.034161
Y -0.078983, -0.095150, 0.992325
Z -0.396581, -0.910274, -0.118848

BONE 53
OFFSET 15.389921, -6.597008, -11.336615
SCALE 1.000000, 1.000000, 1.000000
X -0.914596, -0.402924, -0.034161
Y 0.078983, -0.095150, -0.992325
Z 0.396581, -0.910274, 0.118848

BONE 54
OFFSET 19.480556, 6.134072, -12.353014
SCALE 1.000000, 1.000000, 1.000000
X 0.139847, -0.988437, 0.058612
Y -0.965352, -0.149273, -0.214039
Z 0.220313, -0.026648, -0.975065

BONE 55
OFFSET 19.480551, -6.134055, -12.353031
SCALE 1.000000, 1.000000, 1.000000
X -0.139847, -0.988437, -0.058612
Y 0.965352, -0.149273, 0.214039
Z -0.220313, -0.026648, 0.975065

BONE 56
OFFSET 19.170456, 5.478823, -13.775060
SCALE 1.000000, 1.000000, 1.000000
X -0.530249, -0.847838, 0.002716
Y -0.845552, 0.529049, 0.071753
Z -0.062271, 0.035750, -0.997419

BONE 57
OFFSET 19.170473, -5.478819, -13.775079
SCALE 1.000000, 1.000000, 1.000000
X 0.530249, -0.847838, -0.002716
Y 0.845552, 0.529049, -0.071753
Z 0.062271, 0.035750, 0.997419

BONE 58
OFFSET 17.914511, 6.912269, -16.176081
SCALE 1.000000, 1.000000, 1.000000
X 0.129509, -0.990999, -0.033881
Y -0.958733, -0.133868, 0.250818
Z -0.253096, 0.000000, -0.967441

BONE 59
OFFSET 17.914528, -6.912283, -16.176064
SCALE 1.000000, 1.000000, 1.000000
X -0.129509, -0.990999, 0.033881
Y 0.958733, -0.133868, -0.250818
Z 0.253096, -0.000000, 0.967441

BONE 60
OFFSET 18.783724, 7.035159, -15.218307
SCALE 1.000000, 1.000000, 1.000000
X 0.018696, -0.999823, 0.001993
Y -0.972646, -0.017726, 0.231616
Z -0.231540, -0.006269, -0.972805

BONE 61
OFFSET 18.783741, -7.035158, -15.218307
SCALE 1.000000, 1.000000, 1.000000
X -0.018696, -0.999823, -0.001993
Y 0.972646, -0.017726, -0.231616
Z 0.231540, -0.006269, 0.972805

BONE 62
OFFSET 16.826696, 5.850290, -11.353966
SCALE 1.000000, 1.000000, 1.000000
X 0.780284, -0.439636, -0.444835
Y 0.353937, -0.276002, 0.893617
Z -0.515641, -0.854718, -0.059757

BONE 63
OFFSET 16.826693, -5.850276, -11.353976
SCALE 1.000000, 1.000000, 1.000000
X -0.780284, -0.439636, 0.444835
Y -0.353937, -0.276002, -0.893617
Z 0.515641, -0.854718, 0.059757

BONE 64
OFFSET 19.638519, 5.017599, -12.286811
SCALE 1.000000, 1.000000, 1.000000
X 0.887890, 0.449028, -0.100123
Y -0.450278, 0.892820, 0.011023
Z 0.094341, 0.035295, 0.994914

BONE 65
OFFSET 19.638504, -5.017599, -12.286811
SCALE 1.000000, 1.000000, 1.000000
X -0.887890, 0.449028, 0.100123
Y 0.450278, 0.892820, -0.011023
Z -0.094341, 0.035295, -0.994914

BONE 66
OFFSET 18.570051, 4.518455, -13.779097
SCALE 1.000000, 1.000000, 1.000000
X 0.950632, 0.309916, 0.015845
Y -0.309563, 0.950639, -0.021349
Z -0.021679, 0.015390, 0.999647

BONE 67
OFFSET 18.570040, -4.518465, -13.779095
SCALE 1.000000, 1.000000, 1.000000
X -0.950632, 0.309916, -0.015845
Y 0.309563, 0.950639, 0.021349
Z 0.021679, 0.015390, -0.999647

BONE 68
OFFSET 18.029337, 6.033617, -16.206121
SCALE 1.000000, 1.000000, 1.000000
X -0.508594, -0.843981, 0.170374
Y -0.800272, 0.536372, 0.268083
Z -0.317641, -0.000000, -0.948211

BONE 69
OFFSET 18.029331, -6.033622, -16.206102
SCALE 1.000000, 1.000000, 1.000000
X 0.508594, -0.843981, -0.170374
Y 0.800272, 0.536372, -0.268083
Z 0.317641, -0.000000, 0.948211

BONE 70
OFFSET 18.809635, 5.649475, -15.215545
SCALE 1.000000, 1.000000, 1.000000
X -0.560939, -0.817051, 0.133323
Y -0.794907, 0.576565, 0.188932
Z -0.231237, 0.000000, -0.972898

BONE 71
OFFSET 18.809647, -5.649488, -15.215551
SCALE 1.000000, 1.000000, 1.000000
X 0.560939, -0.817051, -0.133323
Y 0.794907, 0.576565, -0.188932
Z 0.231237, 0.000000, 0.972898

BONE 72
OFFSET 17.652914, 5.331044, -11.822542
SCALE 1.000000, 1.000000, 1.000000
X 0.980154, 0.167623, -0.105833
Y -0.164811, 0.985710, 0.034839
Z 0.110161, -0.016705, 0.993773

BONE 73
OFFSET 17.652914, -5.331063, -11.822559
SCALE 1.000000, 1.000000, 1.000000
X -0.980154, 0.167623, 0.105833
Y 0.164811, 0.985710, -0.034839
Z -0.110161, -0.016705, -0.993773

BONE 74
OFFSET 17.546160, 5.231812, -16.044260
SCALE 1.000000, 1.000000, 1.000000
X 0.937314, 0.308816, -0.161479
Y -0.317012, 0.948035, -0.027072
Z 0.144727, 0.076566, 0.986505

BONE 75
OFFSET 17.546143, -5.231811, -16.044252
SCALE 1.000000, 1.000000, 1.000000
X -0.937314, 0.308816, 0.161479
Y 0.317012, 0.948035, 0.027072
Z -0.144727, 0.076566, -0.986505

BONE 76
OFFSET 18.201283, 4.763361, -15.070953
SCALE 1.000000, 1.000000, 1.000000
X 0.902287, 0.340068, -0.265014
Y -0.319075, 0.940102, 0.120000
Z 0.289948, -0.023715, 0.956748

BONE 77
OFFSET 18.201300, -4.763347, -15.070945
SCALE 1.000000, 1.000000, 1.000000
X -0.902287, 0.340068, 0.265014
Y 0.319075, 0.940102, -0.120000
Z -0.289948, -0.023715, -0.956748

NUMVERTS 2208
VERT 0
OFFSET 12.298988, -8.474463, -12.248507
BONES 2
BONE 27 0.889176
BONE 25 0.110824

VERT 1
OFFSET 12.234099, -8.981012, -12.420366
BONES 3
BONE 27 0.870013
BONE 25 0.067789
BONE 39 0.062197

VERT 2
OFFSET 12.103724, -9.276258, -13.221378
BONES 3
BONE 27 0.883609
BONE 25 0.064555
BONE 39 0.051835

VERT 3
OFFSET 12.034305, -8.713728, -14.560603
BONES 2
BONE 27 0.910000
BONE 25 0.090000

VERT 4
OFFSET 12.215301, -7.977517, -15.005465
BONES 2
BONE 27 0.870000
BONE 25 0.130000

VERT 5
OFFSET 12.354482, -7.569266, -14.801332
BONES 2
BONE 27 0.877024
BONE 25 0.122976

VERT 6
OFFSET 12.403535, -7.207191, -14.244135
BONES 3
BONE 27 0.759018
BONE 25 0.202735
BONE 39 0.038247

VERT 7
OFFSET 12.415397, -7.078580, -13.771096
BONES 3
BONE 27 0.694670
BONE 25 0.238239
BONE 39 0.067091

VERT 8
OFFSET 12.431259, -7.272386, -12.916772
BONES 3
BONE 27 0.765845
BONE 25 0.094162
BONE 39 0.139993

VERT 9
OFFSET 12.453933, -7.723816, -12.377635
BONES 2
BONE 27 0.884519
BONE 25 0.115481

VERT 10
OFFSET 12.419413, -7.119509, -13.355879
BONES 3
BONE 27 0.699255
BONE 25 0.193197
BONE 39 0.107548

VERT 11
OFFSET 12.375933, -7.310319, -14.562042
BONES 2
BONE 27 0.811277
BONE 25 0.188723

VERT 12
OFFSET 12.099751, -8.373067, -14.928639
BONES 2
BONE 27 0.864776
BONE 25 0.135224

VERT 13
OFFSET 12.013538, -9.118176, -13.853884
BONES 3
BONE 27 0.892664
BONE 25 0.078015
BONE 39 0.029321

VERT 14
OFFSET 12.068147, -8.564603, -14.809873
BONES 2
BONE 27 0.870245
BONE 25 0.129755

VERT 15
OFFSET 12.137485, -9.234678, -12.736545
BONES 3
BONE 27 0.879356
BONE 25 0.064517
BONE 39 0.056127

VERT 16
OFFSET 10.262006, -8.799285, -12.029251
BONES 1
BONE 27 1.000000

VERT 17
OFFSET 10.259990, -9.263601, -12.316976
BONES 1
BONE 27 1.000000

VERT 18
OFFSET 10.257642, -9.515472, -12.674067
BONES 1
BONE 27 1.000000

VERT 19
OFFSET 10.209477, -8.992865, -14.609656
BONES 1
BONE 27 1.000000

VERT 20
OFFSET 10.215597, -8.794975, -14.857541
BONES 1
BONE 27 1.000000

VERT 21
OFFSET 10.219335, -8.085044, -15.038700
BONES 1
BONE 27 1.000000

VERT 22
OFFSET 10.248493, -7.509801, -14.937346
BONES 1
BONE 27 1.000000

VERT 23
OFFSET 10.249037, -7.298531, -14.579425
BONES 1
BONE 27 1.000000

VERT 24
OFFSET 10.261827, -7.115807, -14.266432
BONES 1
BONE 27 1.000000

VERT 25
OFFSET 10.274866, -7.003472, -13.749322
BONES 1
BONE 27 1.000000

VERT 26
OFFSET 10.275541, -7.030190, -13.306730
BONES 1
BONE 27 1.000000

VERT 27
OFFSET 10.273887, -7.198980, -12.895105
BONES 1
BONE 27 1.000000

VERT 28
OFFSET 10.292451, -7.877753, -12.048868
BONES 1
BONE 27 1.000000

VERT 29
OFFSET 10.221658, -8.607725, -14.987474
BONES 1
BONE 27 1.000000

VERT 30
OFFSET 10.236773, -9.602686, -13.103509
BONES 1
BONE 27 1.000000

VERT 31
OFFSET 10.228315, -9.416119, -13.791006
BONES 1
BONE 27 1.000000

VERT 32
OFFSET 16.186464, -6.864580, -12.139648
BONES 5
BONE 25 0.028992
BONE 39 0.559949
BONE 53 0.384818
BONE 63 0.010053
BONE 29 0.016188

VERT 33
OFFSET 17.051514, -7.239197, -12.616390
BONES 3
BONE 39 0.110920
BONE 53 0.044428
BONE 29 0.844652

VERT 34
OFFSET 16.193182, -8.116465, -11.902267
BONES 7
BONE 25 0.242701
BONE 39 0.468651
BONE 53 0.079118
BONE 29 0.208889
BONE 44 0.000568
BONE 32 0.000073
BONE 46 0.000001

VERT 35
OFFSET 16.378157, -7.283648, -11.976890
BONES 3
BONE 39 0.559790
BONE 53 0.198624
BONE 29 0.241586

VERT 36
OFFSET 15.626453, -6.339280, -12.387101
BONES 5
BONE 25 0.031681
BONE 39 0.644489
BONE 53 0.297830
BONE 29 0.025974
BONE 44 0.000026

VERT 37
OFFSET 14.137323, -6.607707, -11.887167
BONES 2
BONE 39 0.888413
BONE 53 0.111587

VERT 38
OFFSET 14.479533, -7.687201, -11.765125
BONES 2
BONE 39 0.966167
BONE 53 0.033833

VERT 39
OFFSET 13.734463, -8.104407, -12.104309
BONES 4
BONE 27 0.120000
BONE 25 0.336685
BONE 39 0.539650
BONE 53 0.003665

VERT 40
OFFSET 13.623546, -8.744431, -12.411375
BONES 3
BONE 27 0.367059
BONE 25 0.343663
BONE 39 0.289277

VERT 41
OFFSET 13.572850, -9.039784, -13.233805
BONES 3
BONE 27 0.457589
BONE 25 0.425359
BONE 39 0.117052

VERT 42
OFFSET 13.561105, -8.799117, -14.417157
BONES 3
BONE 27 0.397483
BONE 25 0.576142
BONE 39 0.026376

VERT 43
OFFSET 13.589626, -7.960265, -15.217852
BONES 3
BONE 27 0.200000
BONE 25 0.768024
BONE 39 0.031976

VERT 44
OFFSET 14.885530, -8.653934, -12.494929
BONES 5
BONE 27 0.027021
BONE 25 0.522895
BONE 39 0.336664
BONE 53 0.003371
BONE 29 0.110050

VERT 45
OFFSET 15.111586, -8.811947, -13.438839
BONES 4
BONE 25 0.928767
BONE 39 0.000707
BONE 29 0.022896
BONE 32 0.047630

VERT 46
OFFSET 15.106475, -8.634631, -14.442729
BONES 3
BONE 25 0.964871
BONE 34 0.002835
BONE 50 0.032294

VERT 47
OFFSET 14.947891, -7.869739, -15.668038
BONES 3
BONE 25 0.572840
BONE 34 0.418838
BONE 48 0.008322

VERT 48
OFFSET 16.191092, -8.761465, -12.615264
BONES 2
BONE 25 0.765566
BONE 29 0.234434

VERT 49
OFFSET 16.130280, -8.776523, -13.673675
BONES 3
BONE 25 0.835199
BONE 29 0.039000
BONE 32 0.125801

VERT 50
OFFSET 15.983134, -8.518213, -14.647356
BONES 3
BONE 25 0.863246
BONE 34 0.011038
BONE 50 0.125716

VERT 51
OFFSET 15.639650, -7.806600, -15.807277
BONES 3
BONE 25 0.403269
BONE 34 0.407305
BONE 48 0.189427

VERT 52
OFFSET 15.699865, -7.401431, -16.029608
BONES 3
BONE 25 0.011778
BONE 34 0.756839
BONE 48 0.231383

VERT 53
OFFSET 17.585623, -8.695596, -12.953198
BONES 1
BONE 29 1.000000

VERT 54
OFFSET 17.109373, -8.765864, -13.980902
BONES 5
BONE 25 0.552136
BONE 34 0.003895
BONE 50 0.033955
BONE 29 0.022889
BONE 32 0.387125

VERT 55
OFFSET 17.150879, -8.234232, -15.067947
BONES 3
BONE 25 0.400661
BONE 34 0.054439
BONE 50 0.544901

VERT 56
OFFSET 16.952568, -7.694092, -16.047518
BONES 1
BONE 48 1.000000

VERT 57
OFFSET 13.396222, -7.000065, -14.410346
BONES 3
BONE 27 0.021100
BONE 25 0.790044
BONE 39 0.188856

VERT 58
OFFSET 13.389820, -7.028442, -13.893886
BONES 3
BONE 27 0.120000
BONE 25 0.561310
BONE 39 0.318690

VERT 59
OFFSET 13.297951, -7.234872, -12.980605
BONES 2
BONE 27 0.111333
BONE 39 0.888667

VERT 60
OFFSET 13.538063, -7.525449, -12.295781
BONES 3
BONE 27 0.180000
BONE 25 0.218169
BONE 39 0.601831

VERT 61
OFFSET 14.383780, -6.656418, -14.597365
BONES 4
BONE 25 0.704741
BONE 39 0.034385
BONE 34 0.251605
BONE 48 0.009268

VERT 62
OFFSET 14.404189, -6.722106, -13.859031
BONES 2
BONE 25 0.640446
BONE 39 0.359554

VERT 63
OFFSET 13.893193, -6.438047, -12.796336
BONES 2
BONE 39 0.991338
BONE 53 0.008662

VERT 64
OFFSET 15.958809, -7.011034, -14.651737
BONES 9
BONE 25 0.531897
BONE 39 0.000003
BONE 34 0.396199
BONE 48 0.019084
BONE 59 0.000175
BONE 50 0.050461
BONE 61 0.000304
BONE 32 0.001849
BONE 46 0.000028

VERT 65
OFFSET 15.837788, -7.039514, -13.501331
BONES 2
BONE 25 0.438922
BONE 39 0.561078

VERT 66
OFFSET 16.696758, -7.022703, -14.776118
BONES 9
BONE 25 0.225130
BONE 39 0.000016
BONE 34 0.188167
BONE 48 0.116963
BONE 59 0.001511
BONE 50 0.289063
BONE 61 0.001444
BONE 32 0.175051
BONE 46 0.002654

VERT 67
OFFSET 16.946775, -7.348493, -13.684254
BONES 10
BONE 25 0.485047
BONE 39 0.002259
BONE 34 0.080035
BONE 48 0.023694
BONE 59 0.000294
BONE 50 0.084928
BONE 61 0.000511
BONE 29 0.077635
BONE 32 0.242378
BONE 46 0.003220

VERT 68
OFFSET 15.813248, -6.827910, -13.317077
BONES 2
BONE 25 0.196708
BONE 39 0.803292

VERT 69
OFFSET 14.381367, -6.615714, -13.636548
BONES 2
BONE 25 0.373194
BONE 39 0.626806

VERT 70
OFFSET 13.334964, -7.126603, -13.466006
BONES 3
BONE 27 0.050000
BONE 25 0.305615
BONE 39 0.644385

VERT 71
OFFSET 16.840668, -6.850523, -15.726766
BONES 3
BONE 34 0.154286
BONE 48 0.830382
BONE 59 0.015331

VERT 72
OFFSET 15.856363, -6.800872, -15.465421
BONES 4
BONE 25 0.244751
BONE 39 0.000541
BONE 34 0.638718
BONE 48 0.115989

VERT 73
OFFSET 14.208300, -7.019657, -15.440938
BONES 2
BONE 25 0.953083
BONE 39 0.046917

VERT 74
OFFSET 17.641644, -7.800532, -12.161054
BONES 5
BONE 25 0.005300
BONE 39 0.003788
BONE 53 0.000881
BONE 29 0.989955
BONE 44 0.000076

VERT 75
OFFSET 17.921883, -8.286697, -12.503515
BONES 1
BONE 29 1.000000

VERT 76
OFFSET 18.009516, -8.249617, -12.895910
BONES 3
BONE 25 0.001287
BONE 29 0.998646
BONE 44 0.000067

VERT 77
OFFSET 17.991009, -8.254601, -13.710134
BONES 3
BONE 25 0.006270
BONE 32 0.993726
BONE 46 0.000004

VERT 78
OFFSET 17.998373, -8.214157, -14.076468
BONES 3
BONE 25 0.003434
BONE 32 0.996564
BONE 46 0.000002

VERT 79
OFFSET 17.832279, -7.966685, -14.813404
BONES 2
BONE 34 0.028621
BONE 50 0.971379

VERT 80
OFFSET 17.708630, -7.979849, -15.198525
BONES 2
BONE 34 0.042434
BONE 50 0.957566

VERT 81
OFFSET 17.142120, -7.178269, -15.445218
BONES 6
BONE 25 0.003392
BONE 34 0.083580
BONE 48 0.834429
BONE 59 0.002985
BONE 50 0.075614
BONE 61 0.000000

VERT 82
OFFSET 17.088217, -7.629982, -15.481758
BONES 6
BONE 25 0.028716
BONE 34 0.075839
BONE 48 0.561550
BONE 59 0.000000
BONE 50 0.333895
BONE 61 0.000000

VERT 83
OFFSET 16.442183, -7.868650, -15.886733
BONES 3
BONE 25 0.191242
BONE 34 0.262095
BONE 48 0.546663

VERT 84
OFFSET 15.756960, -8.174019, -15.533132
BONES 3
BONE 25 0.510864
BONE 34 0.206236
BONE 48 0.282899

VERT 85
OFFSET 14.965509, -8.231551, -15.317298
BONES 3
BONE 25 0.790842
BONE 34 0.151776
BONE 48 0.057381

VERT 86
OFFSET 13.638486, -8.271993, -15.096313
BONES 3
BONE 27 0.223164
BONE 25 0.752683
BONE 39 0.024154

VERT 87
OFFSET 17.070053, -7.994343, -12.116303
BONES 5
BONE 25 0.145947
BONE 39 0.066572
BONE 53 0.017456
BONE 29 0.768775
BONE 44 0.001250

VERT 88
OFFSET 14.349801, -6.352483, -13.172003
BONES 2
BONE 25 0.026874
BONE 39 0.973126

VERT 89
OFFSET 15.623806, -6.431221, -12.686500
BONES 5
BONE 25 0.013298
BONE 39 0.810836
BONE 53 0.115704
BONE 29 0.060029
BONE 44 0.000133

VERT 90
OFFSET 17.301464, -8.299338, -14.719673
BONES 4
BONE 25 0.355276
BONE 34 0.041664
BONE 50 0.542170
BONE 32 0.060889

VERT 91
OFFSET 17.162632, -8.755095, -13.698785
BONES 5
BONE 25 0.578328
BONE 34 0.002680
BONE 50 0.023363
BONE 29 0.024221
BONE 32 0.371408

VERT 92
OFFSET 17.544249, -8.669917, -12.645314
BONES 1
BONE 29 1.000000

VERT 93
OFFSET 16.615309, -7.964303, -15.636387
BONES 3
BONE 25 0.272543
BONE 34 0.170999
BONE 48 0.556458

VERT 94
OFFSET 17.715841, -7.374080, -13.098685
BONES 5
BONE 25 0.049782
BONE 29 0.788648
BONE 44 0.010925
BONE 32 0.148821
BONE 46 0.001824

VERT 95
OFFSET 16.965279, -7.324864, -13.032590
BONES 7
BONE 25 0.446032
BONE 39 0.019376
BONE 53 0.000420
BONE 29 0.530129
BONE 44 0.000942
BONE 32 0.003064
BONE 46 0.000038

VERT 96
OFFSET 17.742571, -7.312252, -13.367070
BONES 5
BONE 25 0.024954
BONE 29 0.185799
BONE 44 0.000818
BONE 32 0.782216
BONE 46 0.006213

VERT 97
OFFSET 16.934246, -7.373219, -13.384796
BONES 5
BONE 25 0.440989
BONE 39 0.000871
BONE 29 0.183479
BONE 32 0.370124
BONE 46 0.004536

VERT 98
OFFSET 17.749428, -7.150421, -14.148725
BONES 5
BONE 25 0.018179
BONE 50 0.209209
BONE 61 0.000648
BONE 32 0.767820
BONE 46 0.004145

VERT 99
OFFSET 16.892960, -7.292134, -14.028510
BONES 9
BONE 25 0.436370
BONE 39 0.001988
BONE 34 0.162553
BONE 48 0.048122
BONE 59 0.000597
BONE 50 0.172491
BONE 61 0.001039
BONE 32 0.174199
BONE 46 0.002641

VERT 100
OFFSET 17.704622, -7.163199, -14.389199
BONES 9
BONE 25 0.124927
BONE 39 0.000003
BONE 34 0.008484
BONE 48 0.010548
BONE 59 0.000139
BONE 50 0.612408
BONE 61 0.003593
BONE 32 0.237327
BONE 46 0.002572

VERT 101
OFFSET 16.774191, -7.113710, -14.466903
BONES 9
BONE 25 0.284464
BONE 39 0.000014
BONE 34 0.207090
BONE 48 0.061307
BONE 59 0.000761
BONE 50 0.219750
BONE 61 0.001323
BONE 32 0.221926
BONE 46 0.003365

VERT 102
OFFSET 16.950020, -6.987731, -15.372575
BONES 6
BONE 25 0.008647
BONE 34 0.193048
BONE 48 0.634688
BONE 59 0.005275
BONE 50 0.158176
BONE 61 0.000166

VERT 103
OFFSET 16.276295, -7.666308, -16.061611
BONES 3
BONE 25 0.184231
BONE 34 0.410576
BONE 48 0.405193

VERT 104
OFFSET 16.570543, -6.901417, -15.069097
BONES 9
BONE 25 0.154379
BONE 39 0.000005
BONE 34 0.255290
BONE 48 0.365359
BONE 59 0.002206
BONE 50 0.203515
BONE 61 0.000649
BONE 32 0.018319
BONE 46 0.000278

VERT 105
OFFSET 17.418341, -7.869775, -12.180523
BONES 5
BONE 25 0.041028
BONE 39 0.029326
BONE 53 0.006822
BONE 29 0.922238
BONE 44 0.000586

VERT 106
OFFSET 17.724281, -8.510795, -12.597806
BONES 3
BONE 25 0.029691
BONE 29 0.970297
BONE 44 0.000012

VERT 107
OFFSET 17.789661, -8.510775, -12.919181
BONES 3
BONE 25 0.046831
BONE 29 0.953137
BONE 44 0.000032

VERT 108
OFFSET 17.819099, -8.430446, -13.776479
BONES 1
BONE 32 1.000000

VERT 109
OFFSET 17.837252, -8.408206, -13.997710
BONES 1
BONE 32 1.000000

VERT 110
OFFSET 17.558592, -8.171512, -14.752608
BONES 4
BONE 25 0.052147
BONE 34 0.039340
BONE 50 0.899575
BONE 32 0.008937

VERT 111
OFFSET 17.450781, -8.157572, -15.030132
BONES 3
BONE 25 0.062404
BONE 34 0.055636
BONE 50 0.881961

VERT 112
OFFSET 16.839045, -7.842649, -15.685849
BONES 5
BONE 25 0.065846
BONE 34 0.098381
BONE 48 0.800523
BONE 59 0.000000
BONE 50 0.035250

VERT 113
OFFSET 16.690521, -7.763602, -15.966480
BONES 1
BONE 48 1.000000

VERT 114
OFFSET 16.492655, -7.567504, -16.120052
BONES 3
BONE 34 0.289278
BONE 48 0.710713
BONE 59 0.000010

VERT 115
OFFSET 16.552383, -6.740544, -15.687199
BONES 3
BONE 34 0.427666
BONE 48 0.566595
BONE 59 0.005739

VERT 116
OFFSET 17.182039, -7.090738, -15.136703
BONES 9
BONE 25 0.027746
BONE 39 0.000001
BONE 34 0.131736
BONE 48 0.462645
BONE 59 0.003345
BONE 50 0.367643
BONE 61 0.000409
BONE 32 0.006378
BONE 46 0.000097

VERT 117
OFFSET 17.130432, -6.934798, -14.791705
BONES 9
BONE 25 0.177128
BONE 39 0.000014
BONE 34 0.158697
BONE 48 0.157731
BONE 59 0.001707
BONE 50 0.370649
BONE 61 0.001457
BONE 32 0.130635
BONE 46 0.001981

VERT 118
OFFSET 17.292290, -7.015457, -14.437884
BONES 9
BONE 25 0.170202
BONE 39 0.000005
BONE 34 0.016224
BONE 48 0.020171
BONE 59 0.000265
BONE 50 0.479004
BONE 61 0.002891
BONE 32 0.306589
BONE 46 0.004649

VERT 119
OFFSET 17.426846, -7.087328, -14.066914
BONES 7
BONE 25 0.304075
BONE 39 0.000477
BONE 50 0.024112
BONE 61 0.000075
BONE 29 0.072787
BONE 32 0.592907
BONE 46 0.005566

VERT 120
OFFSET 17.458275, -7.187660, -13.754286
BONES 5
BONE 25 0.367006
BONE 39 0.000688
BONE 29 0.104943
BONE 32 0.523122
BONE 46 0.004241

VERT 121
OFFSET 17.398109, -7.264534, -13.341671
BONES 5
BONE 25 0.304900
BONE 39 0.000401
BONE 29 0.061179
BONE 32 0.627100
BONE 46 0.006421

VERT 122
OFFSET 17.380735, -7.204767, -13.000698
BONES 7
BONE 25 0.149939
BONE 39 0.018001
BONE 53 0.000937
BONE 29 0.698927
BONE 44 0.012139
BONE 32 0.118603
BONE 46 0.001454

VERT 123
OFFSET 17.423044, -7.219423, -12.610472
BONES 2
BONE 25 0.039309
BONE 29 0.960691

VERT 124
OFFSET 17.376219, -7.385424, -12.269458
BONES 5
BONE 39 0.030150
BONE 53 0.008654
BONE 29 0.960934
BONE 32 0.000258
BONE 46 0.000003

VERT 125
OFFSET 16.735529, -6.961074, -16.067556
BONES 3
BONE 34 0.159959
BONE 48 0.826017
BONE 59 0.014024

VERT 126
OFFSET 16.298298, -6.869669, -16.011261
BONES 5
BONE 25 0.054853
BONE 39 0.000271
BONE 34 0.500010
BONE 48 0.442762
BONE 59 0.002103

VERT 127
OFFSET 15.764062, -6.864575, -15.907525
BONES 4
BONE 25 0.238475
BONE 39 0.000645
BONE 34 0.616004
BONE 48 0.144875

VERT 128
OFFSET 15.874618, -6.868809, -15.112185
BONES 4
BONE 25 0.452888
BONE 39 0.004279
BONE 34 0.441763
BONE 48 0.101071

VERT 129
OFFSET 14.401107, -6.706870, -15.170303
BONES 4
BONE 25 0.721461
BONE 39 0.040352
BONE 34 0.227310
BONE 48 0.010877

VERT 130
OFFSET 14.337753, -6.503872, -13.474828
BONES 2
BONE 25 0.123800
BONE 39 0.876200

VERT 131
OFFSET 13.758448, -6.664327, -13.285101
BONES 1
BONE 39 1.000000

VERT 132
OFFSET 13.459504, -6.919346, -12.772160
BONES 2
BONE 39 0.997395
BONE 53 0.002605

VERT 133
OFFSET 13.657032, -7.243212, -12.185328
BONES 3
BONE 27 0.020000
BONE 39 0.957415
BONE 53 0.022585

VERT 134
OFFSET 14.057292, -7.937778, -11.975048
BONES 5
BONE 27 0.008369
BONE 25 0.161950
BONE 39 0.778111
BONE 53 0.017486
BONE 29 0.034085

VERT 135
OFFSET 14.741992, -7.334430, -11.518497
BONES 2
BONE 39 0.930471
BONE 53 0.069529

VERT 136
OFFSET 15.808939, -7.597338, -11.530792
BONES 4
BONE 25 0.176892
BONE 39 0.594892
BONE 53 0.227850
BONE 29 0.000365

VERT 137
OFFSET 14.516681, -6.413551, -11.680520
BONES 2
BONE 39 0.779485
BONE 53 0.220515

VERT 138
OFFSET 14.516856, -6.166904, -12.107780
BONES 2
BONE 39 0.812342
BONE 53 0.187658

VERT 139
OFFSET 14.767684, -6.126048, -12.558420
BONES 2
BONE 39 0.829277
BONE 53 0.170723

VERT 140
OFFSET 14.951380, -6.381844, -13.078533
BONES 3
BONE 25 0.013369
BONE 39 0.953986
BONE 53 0.032645

VERT 141
OFFSET 15.044103, -6.762771, -13.585711
BONES 2
BONE 25 0.044873
BONE 39 0.955127

VERT 142
OFFSET 15.096908, -6.892807, -13.745642
BONES 3
BONE 25 0.570967
BONE 39 0.326407
BONE 34 0.102627

VERT 143
OFFSET 15.096654, -6.669418, -14.830849
BONES 3
BONE 25 0.541059
BONE 34 0.425512
BONE 48 0.033429

VERT 144
OFFSET 15.020274, -6.662093, -15.314168
BONES 4
BONE 25 0.480963
BONE 39 0.001148
BONE 34 0.486069
BONE 48 0.031820

VERT 145
OFFSET 15.023527, -6.897327, -15.727821
BONES 4
BONE 25 0.705513
BONE 39 0.003722
BONE 34 0.257774
BONE 48 0.032991

VERT 146
OFFSET 15.028386, -6.568674, -13.345316
BONES 2
BONE 25 0.044858
BONE 39 0.955142

VERT 147
OFFSET 15.688489, -6.643303, -13.014573
BONES 5
BONE 25 0.023433
BONE 39 0.808479
BONE 53 0.104904
BONE 29 0.063036
BONE 44 0.000147

VERT 148
OFFSET 16.595306, -7.145493, -12.451653
BONES 3
BONE 39 0.361417
BONE 53 0.157206
BONE 29 0.481377

VERT 149
OFFSET 16.747906, -7.436997, -12.147054
BONES 3
BONE 39 0.312038
BONE 53 0.112090
BONE 29 0.575872

VERT 150
OFFSET 15.965660, -7.890241, -11.704473
BONES 7
BONE 25 0.241750
BONE 39 0.567272
BONE 53 0.087418
BONE 29 0.103320
BONE 44 0.000218
BONE 32 0.000022
BONE 46 0.000000

VERT 151
OFFSET 15.175094, -7.523052, -11.428212
BONES 3
BONE 25 0.101124
BONE 39 0.743007
BONE 53 0.155869

VERT 152
OFFSET 15.025750, -7.811224, -11.659640
BONES 3
BONE 25 0.250724
BONE 39 0.738425
BONE 53 0.010851

VERT 153
OFFSET 14.956171, -8.111244, -11.921962
BONES 4
BONE 25 0.293545
BONE 39 0.588895
BONE 53 0.088221
BONE 29 0.029339

VERT 154
OFFSET 15.923003, -7.121951, -14.142954
BONES 3
BONE 25 0.872746
BONE 39 0.034612
BONE 34 0.092642

VERT 155
OFFSET 15.147732, -6.875282, -14.221050
BONES 2
BONE 25 0.710272
BONE 34 0.289728

VERT 156
OFFSET 17.855867, -8.122897, -13.422812
BONES 5
BONE 25 0.161658
BONE 29 0.154865
BONE 44 0.000049
BONE 32 0.683385
BONE 46 0.000044

VERT 157
OFFSET 17.771124, -8.340643, -13.425465
BONES 5
BONE 25 0.281148
BONE 29 0.318495
BONE 44 0.000100
BONE 32 0.400234
BONE 46 0.000022

VERT 158
OFFSET 17.521664, -8.606515, -13.476656
BONES 4
BONE 25 0.388965
BONE 29 0.116072
BONE 32 0.494936
BONE 46 0.000028

VERT 159
OFFSET 16.162851, -8.771771, -13.155772
BONES 5
BONE 27 0.001150
BONE 25 0.779061
BONE 39 0.009194
BONE 29 0.141348
BONE 32 0.069248

VERT 160
OFFSET 17.548304, -8.645422, -13.238376
BONES 2
BONE 25 0.274567
BONE 29 0.725433

VERT 161
OFFSET 17.783964, -8.357376, -13.276573
BONES 3
BONE 25 0.110200
BONE 29 0.889447
BONE 44 0.000353

VERT 162
OFFSET 17.873987, -8.128431, -13.245975
BONES 3
BONE 25 0.021742
BONE 29 0.977660
BONE 44 0.000598

VERT 163
OFFSET 17.585400, -8.346856, -12.334828
BONES 1
BONE 29 1.000000

VERT 164
OFFSET 17.425085, -8.534916, -12.416296
BONES 3
BONE 25 0.198110
BONE 29 0.801884
BONE 44 0.000006

VERT 165
OFFSET 16.221857, -8.464914, -12.313265
BONES 5
BONE 25 0.591227
BONE 39 0.206763
BONE 53 0.015988
BONE 29 0.185990
BONE 44 0.000032

VERT 166
OFFSET 14.856923, -8.363015, -12.133275
BONES 5
BONE 27 0.010509
BONE 25 0.369477
BONE 39 0.509900
BONE 53 0.050710
BONE 29 0.059404

VERT 167
OFFSET 14.233292, -7.845049, -11.868547
BONES 5
BONE 27 0.002221
BONE 25 0.131088
BONE 39 0.806176
BONE 53 0.042664
BONE 29 0.017851

VERT 168
OFFSET 13.791422, -6.962491, -12.051461
BONES 2
BONE 39 0.953006
BONE 53 0.046994

VERT 169
OFFSET 17.911451, -7.977274, -14.328326
BONES 5
BONE 25 0.011604
BONE 50 0.050863
BONE 61 0.000157
BONE 32 0.937142
BONE 46 0.000233

VERT 170
OFFSET 17.682261, -8.206436, -14.346951
BONES 4
BONE 25 0.014399
BONE 34 0.004943
BONE 50 0.097059
BONE 32 0.883599

VERT 171
OFFSET 17.422014, -8.502131, -14.327456
BONES 5
BONE 25 0.282011
BONE 34 0.020296
BONE 50 0.176944
BONE 29 0.007650
BONE 32 0.513099

VERT 172
OFFSET 16.053925, -8.644629, -14.162380
BONES 5
BONE 25 0.839960
BONE 34 0.004872
BONE 50 0.034994
BONE 29 0.000632
BONE 32 0.119543

VERT 173
OFFSET 17.336435, -8.342362, -14.571534
BONES 4
BONE 25 0.420029
BONE 34 0.030984
BONE 50 0.393876
BONE 32 0.155111

VERT 174
OFFSET 17.619135, -8.144978, -14.499617
BONES 4
BONE 25 0.007254
BONE 34 0.023428
BONE 50 0.439411
BONE 32 0.529907

VERT 175
OFFSET 17.811771, -7.804636, -14.479029
BONES 6
BONE 25 0.021998
BONE 34 0.012824
BONE 50 0.571092
BONE 61 0.000105
BONE 32 0.393968
BONE 46 0.000013

VERT 176
OFFSET 17.334581, -7.802877, -15.278232
BONES 6
BONE 25 0.008356
BONE 34 0.081188
BONE 48 0.067421
BONE 59 0.000066
BONE 50 0.842231
BONE 61 0.000738

VERT 177
OFFSET 17.141396, -7.979934, -15.285946
BONES 6
BONE 25 0.069758
BONE 34 0.077934
BONE 48 0.180999
BONE 59 0.000000
BONE 50 0.671310
BONE 61 0.000000

VERT 178
OFFSET 17.002436, -8.126925, -15.247764
BONES 4
BONE 25 0.373144
BONE 34 0.058374
BONE 48 0.138112
BONE 50 0.430370

VERT 179
OFFSET 15.847201, -8.341122, -15.137025
BONES 4
BONE 25 0.681793
BONE 34 0.115792
BONE 48 0.122941
BONE 50 0.079474

VERT 180
OFFSET 16.803343, -8.012625, -15.452681
BONES 4
BONE 25 0.335960
BONE 34 0.152875
BONE 48 0.345129
BONE 50 0.166035

VERT 181
OFFSET 17.000948, -7.907254, -15.413491
BONES 6
BONE 25 0.048293
BONE 34 0.083952
BONE 48 0.370102
BONE 59 0.000000
BONE 50 0.497653
BONE 61 0.000000

VERT 182
OFFSET 17.555815, -8.655881, -13.769779
BONES 3
BONE 25 0.165570
BONE 29 0.006681
BONE 32 0.827749

VERT 183
OFFSET 17.542845, -8.641090, -14.048435
BONES 5
BONE 25 0.215818
BONE 34 0.009869
BONE 50 0.086037
BONE 29 0.007042
BONE 32 0.681234

VERT 184
OFFSET 17.251038, -8.765941, -12.675816
BONES 2
BONE 25 0.203926
BONE 29 0.796074

VERT 185
OFFSET 17.269707, -8.785051, -12.932571
BONES 2
BONE 25 0.240020
BONE 29 0.759980

VERT 186
OFFSET 16.870623, -8.407930, -14.748246
BONES 3
BONE 25 0.609617
BONE 34 0.031509
BONE 50 0.358874

VERT 187
OFFSET 16.769207, -8.338220, -14.929317
BONES 3
BONE 25 0.632852
BONE 34 0.043674
BONE 50 0.323474

VERT 188
OFFSET 17.746162, -8.104276, -12.271923
BONES 1
BONE 29 1.000000

VERT 189
OFFSET 16.741081, -7.239893, -16.231750
BONES 3
BONE 34 0.206815
BONE 48 0.792306
BONE 59 0.000879

VERT 190
OFFSET 16.768353, -7.517402, -16.192987
BONES 3
BONE 34 0.153412
BONE 48 0.846564
BONE 59 0.000024

VERT 191
OFFSET 17.093294, -7.713374, -15.766007
BONES 1
BONE 48 1.000000

VERT 192
OFFSET 14.579778, -6.829190, -11.491643
BONES 2
BONE 39 0.888613
BONE 53 0.111387

VERT 193
OFFSET 14.217471, -7.138364, -11.746977
BONES 2
BONE 39 0.960095
BONE 53 0.039905

VERT 194
OFFSET 14.001936, -7.403426, -11.903339
BONES 2
BONE 39 0.976329
BONE 53 0.023671

VERT 195
OFFSET 13.831889, -7.636596, -12.025966
BONES 3
BONE 27 0.020000
BONE 39 0.962187
BONE 53 0.017813

VERT 196
OFFSET 16.444323, -7.255895, -16.182156
BONES 3
BONE 34 0.423929
BONE 48 0.575734
BONE 59 0.000336

VERT 197
OFFSET 16.236565, -7.334961, -16.140490
BONES 3
BONE 25 0.000383
BONE 34 0.502251
BONE 48 0.497365

VERT 198
OFFSET 15.125614, -8.775763, -13.978373
BONES 4
BONE 25 0.947604
BONE 34 0.001662
BONE 50 0.010600
BONE 32 0.040133

VERT 199
OFFSET 13.570096, -8.944969, -13.873466
BONES 3
BONE 27 0.430793
BONE 25 0.536810
BONE 39 0.032397

VERT 200
OFFSET 15.005959, -8.453292, -14.940815
BONES 4
BONE 25 0.918259
BONE 34 0.029745
BONE 48 0.031581
BONE 50 0.020415

VERT 201
OFFSET 13.607393, -8.506300, -14.806590
BONES 3
BONE 27 0.246380
BONE 25 0.730966
BONE 39 0.022654

VERT 202
OFFSET 14.984622, -8.805369, -12.925926
BONES 5
BONE 27 0.007794
BONE 25 0.818848
BONE 39 0.062628
