// Export filename: `C:\projects\cod\t5\xanim_export\t5_viewmodels\spas12\spas12_fire.XANIM_EXPORT`
// Source filename: `D:\projects\devanim\t5\animation_assets\viewmodels/spas12/ViewModel_Spas12_animated.fbx`
// Export time: Sat Sep 11 16:00:36 2010

ANIMATION
VERSION 3

NUMPARTS 78
PART 0 "tag_ads"
PART 1 "tag_torso"
PART 2 "J_Shoulder_LE"
PART 3 "J_Elbow_LE"
PART 4 "J_WristTwist_LE"
PART 5 "J_Sleave_Reshape_Bottom_LE_1"
PART 6 "J_Sleave_Reshape_Bottom_LE_2"
PART 7 "J_Sleave_Reshape_Top_LE_1"
PART 8 "J_Sleave_Reshape_Top_LE_2"
PART 9 "J_Sleave_Reshape_Top_LE_3"
PART 10 "J_Wrist_LE"
PART 11 "J_Thumb_LE_0"
PART 12 "J_Thumb_LE_1"
PART 13 "J_Thumb_LE_2"
PART 14 "J_Thumb_LE_3"
PART 15 "J_PinkyPalm_LE"
PART 16 "J_Pinky_LE_0"
PART 17 "J_Pinky_LE_1"
PART 18 "J_Pinky_LE_2"
PART 19 "J_Pinky_LE_3"
PART 20 "J_RingPalm_LE"
PART 21 "J_Ring_LE_0"
PART 22 "J_Ring_LE_1"
PART 23 "J_Ring_LE_2"
PART 24 "J_Ring_LE_3"
PART 25 "J_Webbing_LE"
PART 26 "J_Index_LE_0"
PART 27 "J_Index_LE_1"
PART 28 "J_Index_LE_2"
PART 29 "J_Index_LE_3"
PART 30 "J_Mid_LE_0"
PART 31 "J_Mid_LE_1"
PART 32 "J_Mid_LE_2"
PART 33 "J_Mid_LE_3"
PART 34 "tag_knife_attach"
PART 35 "tag_weapon"
PART 36 "J_Gun"
PART 37 "TAG_CLIP"
PART 38 "J_Bolt"
PART 39 "J_pump"
PART 40 "J_ring"
PART 41 "J_stock"
PART 42 "J_stocktop"
PART 43 "J_Load"
PART 44 "tag_iron_sights"
PART 45 "J_Shoulder_RI"
PART 46 "J_Elbow_RI"
PART 47 "J_WristTwist_RI"
PART 48 "J_Sleave_Reshape_Top_RI_3"
PART 49 "J_Sleave_Reshape_Top_RI_2"
PART 50 "J_Sleave_Reshape_Top_RI_1"
PART 51 "J_Wrist_RI"
PART 52 "J_Thumb_RI_0"
PART 53 "J_Thumb_RI_1"
PART 54 "J_Thumb_RI_2"
PART 55 "J_Thumb_RI_3"
PART 56 "J_PinkyPalm_RI"
PART 57 "J_Pinky_RI_0"
PART 58 "J_Pinky_RI_1"
PART 59 "J_Pinky_RI_2"
PART 60 "J_Pinky_RI_3"
PART 61 "J_RingPalm_RI"
PART 62 "J_Ring_RI_0"
PART 63 "J_Ring_RI_1"
PART 64 "J_Ring_RI_2"
PART 65 "J_Ring_RI_3"
PART 66 "J_Webbing_RI"
PART 67 "J_Index_RI_0"
PART 68 "J_Index_RI_1"
PART 69 "J_Index_RI_2"
PART 70 "J_Index_RI_3"
PART 71 "J_Mid_RI_0"
PART 72 "J_Mid_RI_1"
PART 73 "J_Mid_RI_2"
PART 74 "J_Mid_RI_3"
PART 75 "tag_cambone"
PART 76 "tag_camera"
PART 77 "tag_gasmask"

FRAMERATE 30
NUMFRAMES 10

FRAME 70
PART 0
OFFSET  0.0000 -0.0000 -0.0000
X  1.0000 -0.0000  0.0000
Y  0.0000  1.0000  0.0000
Z  0.0000 -0.0000  1.0000

PART 1
OFFSET -4.6318 -0.0000 -1.3770
X  1.0000 -0.0000  0.0000
Y  0.0000  1.0000  0.0000
Z  0.0000 -0.0000  1.0000

PART 2
OFFSET -2.1458  5.0340 -5.9168
X  0.9027  0.0111 -0.4301
Y -0.0579 -0.9875 -0.1469
Z -0.4264  0.1575 -0.8907

PART 3
OFFSET  8.7714  5.1685 -11.1188
X  0.6922 -0.5722  0.4398
Y -0.6705 -0.2843  0.6853
Z -0.2671 -0.7692 -0.5805

PART 4
OFFSET  14.6586  0.3014 -7.3780
X  0.6922 -0.5722  0.4398
Y  0.2513  0.7624  0.5963
Z -0.6765 -0.3022  0.6715

PART 5
OFFSET  16.2843  1.1645 -6.9709
X  0.6969 -0.5684  0.4373
Y  0.2748  0.7749  0.5693
Z -0.6624 -0.2766  0.6962

PART 6
OFFSET  16.0073 -0.4838 -8.2164
X  0.6969 -0.5684  0.4373
Y  0.2748  0.7749  0.5693
Z -0.6624 -0.2766  0.6962

PART 7
OFFSET  14.9156  0.0572 -5.0639
X  0.6969 -0.5684  0.4373
Y  0.2748  0.7749  0.5693
Z -0.6624 -0.2766  0.6962

PART 8
OFFSET  14.6369 -1.6386 -5.7248
X  0.6969 -0.5684  0.4373
Y  0.2748  0.7749  0.5693
Z -0.6624 -0.2766  0.6962

PART 9
OFFSET  14.8524 -1.6124 -6.9031
X  0.6969 -0.5684  0.4373
Y  0.2748  0.7749  0.5693
Z -0.6624 -0.2766  0.6962

PART 10
OFFSET  16.7806 -1.4529 -6.0297
X  0.9561 -0.2551 -0.1444
Y  0.2902  0.7545  0.5887
Z -0.0412 -0.6047  0.7954

PART 11
OFFSET  17.4739 -1.0878 -5.2000
X  0.8948 -0.0929  0.4368
Y -0.0934  0.9176  0.3864
Z -0.4367 -0.3865  0.8123

PART 12
OFFSET  19.3710 -1.2182 -4.1737
X  0.9573 -0.2890 -0.0040
Y  0.2129  0.6956  0.6862
Z -0.1955 -0.6578  0.7274

PART 13
OFFSET  20.8819 -1.7998 -4.1397
X  0.9595  0.0172  0.2811
Y -0.1601  0.8544  0.4944
Z -0.2317 -0.5194  0.8225

PART 14
OFFSET  21.9062 -1.7905 -3.7896
X  0.8241  0.5224 -0.2190
Y -0.3302  0.1290 -0.9351
Z -0.4602  0.8429  0.2788

PART 15
OFFSET  17.2706 -2.5988 -6.6215
X  0.4856 -0.8741  0.0104
Y -0.3966 -0.2097  0.8937
Z -0.7790 -0.4382 -0.4485

PART 16
OFFSET  18.4265 -4.5247 -6.4231
X -0.2030 -0.3776  0.9035
Y -0.6387  0.7504  0.1701
Z -0.7422 -0.5425 -0.3935

PART 17
OFFSET  18.1392 -5.0592 -5.1440
X -0.6098  0.3398  0.7160
Y -0.2952  0.7410 -0.6031
Z -0.7355 -0.5792 -0.3516

PART 18
OFFSET  17.5985 -4.7580 -4.5092
X -0.5625  0.1899  0.8047
Y -0.3523  0.8255 -0.4410
Z -0.7480 -0.5315 -0.3974

PART 19
OFFSET  17.0641 -4.5775 -3.7447
X  0.7595 -0.5866 -0.2812
Y  0.0015  0.4338 -0.9010
Z  0.6505  0.6839  0.3303

PART 20
OFFSET  17.6795 -2.0691 -6.3731
X  0.8205 -0.4781 -0.3134
Y -0.0735 -0.6319  0.7716
Z -0.5669 -0.6100 -0.5536

PART 21
OFFSET  19.6090 -3.7720 -6.7411
X  0.2127 -0.7634  0.6099
Y -0.6728  0.3382  0.6580
Z -0.7086 -0.5503 -0.4417

PART 22
OFFSET  19.9712 -5.0717 -5.7028
X -0.6327  0.2090  0.7456
Y -0.3384  0.7914 -0.5090
Z -0.6965 -0.5744 -0.4300

PART 23
OFFSET  19.0943 -4.7821 -4.6694
X -0.6066  0.1383  0.7829
Y -0.3898  0.8065 -0.4445
Z -0.6929 -0.5748 -0.4353

PART 24
OFFSET  18.4365 -4.6320 -3.8203
X  0.6856 -0.6023 -0.4089
Y  0.0584  0.6054 -0.7938
Z  0.7257  0.5203  0.4502

PART 25
OFFSET  20.1666 -1.3654 -5.1139
X  0.8320 -0.5541 -0.0286
Y  0.3285  0.5335 -0.7794
Z  0.4471  0.6390  0.6259

PART 26
OFFSET  20.7402 -1.6530 -6.4441
X  0.7227 -0.6863  0.0819
Y -0.6038 -0.5693  0.5580
Z -0.3363 -0.4527 -0.8258

PART 27
OFFSET  22.0126 -2.8614 -6.2999
X  0.6747 -0.7357  0.0595
Y -0.6548 -0.5594  0.5083
Z -0.3407 -0.3819 -0.8591

PART 28
OFFSET  22.8535 -3.7325 -6.1755
X  0.4151 -0.8410  0.3469
Y -0.8685 -0.2529  0.4263
Z -0.2708 -0.4783 -0.8354

PART 29
OFFSET  23.3225 -4.6825 -5.7836
X  0.5727  0.3675 -0.7328
Y -0.6157  0.7830 -0.0885
Z  0.5412  0.5019  0.6747

PART 30
OFFSET  20.3160 -2.5528 -6.9246
X  0.6022 -0.7352  0.3111
Y -0.5087 -0.0532  0.8593
Z -0.6152 -0.6757 -0.4060

PART 31
OFFSET  21.4925 -3.9891 -6.3170
X  0.0066 -0.5335  0.8458
Y -0.7577  0.5493  0.3524
Z -0.6526 -0.6431 -0.4006

PART 32
OFFSET  21.5021 -4.7683 -5.0816
X -0.4599 -0.0734  0.8849
Y -0.5636  0.7943 -0.2270
Z -0.6862 -0.6031 -0.4066

PART 33
OFFSET  20.9768 -4.8563 -4.0821
X  0.7565 -0.4125 -0.5076
Y -0.1860  0.6083 -0.7716
Z  0.6270  0.6781  0.3834

PART 34
OFFSET  19.1536 -3.4726 -5.5265
X -0.6108 -0.6147 -0.4990
Y  0.0412  0.6047 -0.7954
Z  0.7907 -0.5064 -0.3441

PART 35
OFFSET  10.6714 -3.3397 -3.5839
X  1.0000 -0.0000  0.0000
Y  0.0000  1.0000  0.0000
Z  0.0000 -0.0000  1.0000

PART 36
OFFSET  10.6714 -3.3397 -3.5839
X  1.0000 -0.0000  0.0000
Y  0.0000  1.0000  0.0000
Z  0.0000 -0.0000  1.0000

PART 37
OFFSET -116.8620 -3.3229 -4.3119
X  0.0000 -0.0000 -1.0000
Y  0.0000  1.0000  0.0000
Z  1.0000 -0.0000  0.0000

PART 38
OFFSET  10.6842 -3.3397 -3.1520
X  1.0000 -0.0000  0.0000
Y  0.0000  1.0000  0.0000
Z  0.0000 -0.0000  1.0000

PART 39
OFFSET  15.9385 -3.3448 -5.9054
X  1.0000 -0.0000  0.0000
Y  0.0000  1.0000  0.0000
Z  0.0000 -0.0000  1.0000

PART 40
OFFSET  3.0927 -2.2645 -3.5479
X  0.6820 -0.0000  0.7314
Y -0.0000  1.0000  0.0000
Z -0.7314 -0.0000  0.6820

PART 41
OFFSET  3.0927 -2.1356 -3.5479
X  1.0000 -0.0000  0.0000
Y  0.0000  1.0000  0.0000
Z  0.0000 -0.0000  1.0000

PART 42
OFFSET  14.7631 -3.3448 -1.5284
X  1.0000 -0.0000  0.0000
Y  0.0000  1.0000  0.0000
Z  0.0000 -0.0000  1.0000

PART 43
OFFSET  8.0992 -3.3229 -4.9793
X  1.0000 -0.0000  0.0000
Y -0.0000  1.0000  0.0000
Z -0.0000 -0.0000  1.0000

PART 44
OFFSET  13.4247 -3.3397 -1.8315
X  0.0000 -0.9659  0.2588
Y  1.0000  0.0000  0.0000
Z -0.0000  0.2588  0.9659

PART 45
OFFSET -12.9782 -7.9373 -1.9159
X -0.2660 -0.0816  0.9605
Y -0.2787 -0.9473 -0.1577
Z  0.9228 -0.3097  0.2293

PART 46
OFFSET -9.7608 -6.9502 -13.5321
X -0.8555 -0.1935 -0.4802
Y  0.4636  0.1268 -0.8769
Z  0.2306 -0.9729 -0.0188

PART 47
OFFSET -2.4840 -5.3046 -9.4476
X -0.8555 -0.1935 -0.4802
Y  0.4940 -0.0277 -0.8690
Z  0.1548 -0.9807  0.1193

PART 48
OFFSET -1.8604 -4.0065 -8.0869
X -0.8589 -0.1916 -0.4749
Y -0.2348  0.9715  0.0328
Z  0.4551  0.1396 -0.8794

PART 49
OFFSET -1.8367 -4.6438 -7.0725
X -0.8589 -0.1916 -0.4749
Y -0.2348  0.9715  0.0328
Z  0.4551  0.1396 -0.8794

PART 50
OFFSET -1.3462 -5.8859 -7.2387
X -0.8589 -0.1916 -0.4749
Y -0.2348  0.9715  0.0328
Z  0.4551  0.1396 -0.8794

PART 51
OFFSET  0.1388 -4.7114 -7.9754
X -0.9500 -0.0002 -0.3123
Y  0.3123  0.0086 -0.9499
Z  0.0029 -1.0000 -0.0081

PART 52
OFFSET  0.2636 -4.3091 -6.9149
X -0.5540 -0.6571 -0.5111
Y  0.6448  0.0496 -0.7627
Z  0.5266 -0.7521  0.3962

PART 53
OFFSET  1.3654 -2.8541 -5.7579
X -0.9324 -0.3586 -0.0440
Y  0.2177 -0.4604 -0.8606
Z  0.2884 -0.8120  0.5074

PART 54
OFFSET  2.8514 -2.2117 -5.7951
X -0.7772 -0.0528  0.6271
Y -0.4690 -0.6158 -0.6331
Z  0.4196 -0.7861  0.4538

PART 55
OFFSET  3.6806 -2.1082 -6.4832
X -0.9399  0.3391  0.0409
Y  0.2704  0.8119 -0.5174
Z -0.2087 -0.4752 -0.8548

PART 56
OFFSET  1.2765 -4.5000 -8.7267
X -0.9571 -0.0480  0.2859
Y  0.0610 -0.9975  0.0368
Z  0.2834  0.0527  0.9576

PART 57
OFFSET  3.4607 -4.2621 -9.2340
X -0.4674 -0.8480 -0.2497
Y  0.8830 -0.4615 -0.0853
Z -0.0429 -0.2604  0.9646

PART 58
OFFSET  4.1224 -3.0615 -8.8805
X  0.4539 -0.8636 -0.2193
Y  0.8910  0.4372  0.1225
Z -0.0099 -0.2510  0.9679

PART 59
OFFSET  3.7199 -2.2957 -8.6860
X  0.9924  0.1214 -0.0197
Y -0.1143  0.9694  0.2174
Z  0.0455 -0.2135  0.9759

PART 60
OFFSET  2.7771 -2.4111 -8.6674
X -0.6939 -0.6705 -0.2626
Y -0.7192  0.6267  0.3001
Z -0.0367  0.3970 -0.9171

PART 61
OFFSET  1.2783 -4.6453 -8.0278
X -0.9999 -0.0089 -0.0055
Y  0.0086 -0.9992  0.0400
Z -0.0059  0.0400  0.9992

PART 62
OFFSET  3.8746 -4.6503 -8.1610
X -0.3010 -0.9489 -0.0947
Y  0.9535 -0.3008 -0.0170
Z -0.0124 -0.0954  0.9954

PART 63
OFFSET  4.3870 -3.0347 -7.9997
X  0.7069 -0.7044 -0.0636
Y  0.7067  0.6999  0.1035
Z -0.0284 -0.1181  0.9926

PART 64
OFFSET  3.4073 -2.0584 -7.9117
X  0.9210  0.3824  0.0746
Y -0.3882  0.9169  0.0923
Z -0.0331 -0.1139  0.9929

PART 65
OFFSET  2.4085 -2.4732 -7.9926
X -0.5344 -0.8427 -0.0650
Y -0.8441  0.5361 -0.0099
Z  0.0432  0.0496 -0.9978

PART 66
OFFSET -4.0775 -5.2555 -8.4763
X -0.9534 -0.2799 -0.1124
Y -0.2666  0.9563 -0.1201
Z  0.1411 -0.0846 -0.9864

PART 67
OFFSET  3.6059 -5.0887 -6.0450
X -0.9418 -0.3132 -0.1223
Y  0.3173 -0.9482 -0.0152
Z -0.1112 -0.0532  0.9924

PART 68
OFFSET  5.2641 -4.5373 -5.8296
X -0.2895 -0.9565 -0.0366
Y  0.9491 -0.2918  0.1184
Z -0.1239 -0.0004  0.9923

PART 69
OFFSET  5.6085 -3.3746 -5.7249
X  0.6155 -0.7879  0.0192
Y  0.7783  0.6114  0.1431
Z -0.1245 -0.0731  0.9895

PART 70
OFFSET  4.9133 -2.4846 -5.7466
X -0.9379 -0.3160  0.1429
Y -0.3321  0.9371 -0.1077
Z -0.0998 -0.1485 -0.9839

PART 71
OFFSET  3.8429 -4.9001 -7.1074
X -0.4634 -0.8838 -0.0645
Y  0.8779 -0.4678  0.1024
Z -0.1207 -0.0092  0.9926

PART 72
OFFSET  4.7483 -3.1736 -6.9813
X  0.6673 -0.7414  0.0715
Y  0.7397  0.6709  0.0530
Z -0.0873  0.0175  0.9960

PART 73
OFFSET  3.7737 -2.0907 -7.0857
X  0.9793  0.1961  0.0508
Y -0.1915  0.9779 -0.0838
Z -0.0661  0.0723  0.9952

PART 74
OFFSET  2.6649 -2.3126 -7.1503
X -0.6244 -0.7796 -0.0490
Y -0.7796  0.6258 -0.0223
Z  0.0481  0.0243 -0.9985

PART 75
OFFSET  0.0000 -0.0000 -0.0000
X  1.0000 -0.0000  0.0000
Y  0.0000  1.0000  0.0000
Z  0.0000 -0.0000  1.0000

PART 76
OFFSET  0.0000 -0.0000 -0.0000
X  1.0000 -0.0000  0.0000
Y  0.0000  1.0000  0.0000
Z  0.0000 -0.0000  1.0000

PART 77
OFFSET  1.5404 -0.0000  4.1357
X  1.0000 -0.0000  0.0000
Y  0.0000  1.0000  0.0000
Z  0.0000 -0.0000  1.0000


FRAME 71
PART 0
OFFSET  0.0000 -0.0000 -0.0000
X  1.0000 -0.0000  0.0000
Y  0.0000  1.0000  0.0000
Z  0.0000 -0.0000  1.0000

PART 1
OFFSET -4.6318 -0.0000 -1.3770
X  1.0000 -0.0000  0.0000
Y  0.0000  1.0000  0.0000
Z  0.0000 -0.0000  1.0000

PART 2
OFFSET -2.1458  5.0340 -5.9168
X  0.8764  0.0320 -0.4805
Y -0.0532 -0.9853 -0.1625
Z -0.4786  0.1679 -0.8618

PART 3
OFFSET  8.4534  5.4206 -11.7281
X  0.6257 -0.6086  0.4879
Y -0.7243 -0.2210  0.6531
Z -0.2897 -0.7621 -0.5791

PART 4
OFFSET  13.7750  0.2439 -7.5779
X  0.6257 -0.6086  0.4879
Y  0.2721  0.7565  0.5947
Z -0.7311 -0.2393  0.6389

PART 5
OFFSET  15.4338  1.0010 -7.0996
X  0.6308 -0.6052  0.4856
Y  0.2983  0.7669  0.5683
Z -0.7163 -0.2136  0.6643

PART 6
OFFSET  15.1074 -0.6525 -8.3260
X  0.6308 -0.6052  0.4856
Y  0.2983  0.7669  0.5683
Z -0.7163 -0.2136  0.6643

PART 7
OFFSET  13.8910  0.0362 -5.2489
X  0.6308 -0.6052  0.4856
Y  0.2983  0.7669  0.5683
Z -0.7163 -0.2136  0.6643

PART 8
OFFSET  13.5285 -1.6509 -5.8908
X  0.6308 -0.6052  0.4856
Y  0.2983  0.7669  0.5683
Z -0.7163 -0.2136  0.6643

PART 9
OFFSET  13.8075 -1.6672 -7.0560
X  0.6308 -0.6052  0.4856
Y  0.2983  0.7669  0.5683
Z -0.7163 -0.2136  0.6643

PART 10
OFFSET  15.6931 -1.6220 -6.0820
X  0.9581 -0.2551 -0.1305
Y  0.2816  0.7545  0.5928
Z -0.0527 -0.6047  0.7947

PART 11
OFFSET  16.3742 -1.2570 -5.2423
X  0.8883 -0.0929  0.4498
Y -0.0990  0.9176  0.3850
Z -0.4484 -0.3865  0.8059

PART 12
OFFSET  18.2563 -1.3873 -4.1885
X  0.9573 -0.2890  0.0099
Y  0.2029  0.6956  0.6892
Z -0.2060 -0.6578  0.7245

PART 13
OFFSET  19.7665 -1.9689 -4.1325
X  0.9553  0.0172  0.2950
Y -0.1673  0.8544  0.4920
Z -0.2436 -0.5194  0.8191

PART 14
OFFSET  20.7857 -1.9596 -3.7677
X  0.8272  0.5224 -0.2070
Y -0.3166  0.1290 -0.9398
Z -0.4642  0.8429  0.2720

PART 15
OFFSET  16.1917 -2.7679 -6.6666
X  0.4854 -0.8741  0.0175
Y -0.4095 -0.2097  0.8879
Z -0.7724 -0.4382 -0.4597

PART 16
OFFSET  17.3446 -4.6938 -6.4515
X -0.2161 -0.3776  0.9004
Y -0.6411  0.7504  0.1608
Z -0.7364 -0.5425 -0.4042

PART 17
OFFSET  17.0387 -5.2284 -5.1767
X -0.6202  0.3398  0.7071
Y -0.2864  0.7410 -0.6073
Z -0.7303 -0.5792 -0.3622

PART 18
OFFSET  16.4888 -4.9271 -4.5498
X -0.5741  0.1899  0.7965
Y -0.3458  0.8255 -0.4461
Z -0.7422 -0.5315 -0.4082

PART 19
OFFSET  15.9434 -4.7467 -3.7931
X  0.7635 -0.5866 -0.2701
Y  0.0146  0.4338 -0.9009
Z  0.6456  0.6839  0.3398

PART 20
OFFSET  16.5969 -2.2382 -6.4123
X  0.8249 -0.4781 -0.3015
Y -0.0847 -0.6319  0.7704
Z -0.5588 -0.6100 -0.5618

PART 21
OFFSET  18.5316 -3.9411 -6.7522
X  0.2039 -0.7634  0.6129
Y -0.6823  0.3382  0.6482
Z -0.7021 -0.5503 -0.4519

PART 22
OFFSET  18.8787 -5.2408 -5.7087
X -0.6435  0.2090  0.7364
Y -0.3310  0.7914 -0.5139
Z -0.6902 -0.5744 -0.4401

PART 23
OFFSET  17.9868 -4.9512 -4.6882
X -0.6179  0.1383  0.7740
Y -0.3833  0.8065 -0.4502
Z -0.6865 -0.5748 -0.4453

PART 24
OFFSET  17.3167 -4.8012 -3.8487
X  0.6914 -0.6023 -0.3989
Y  0.0700  0.6054 -0.7928
Z  0.7190  0.5203  0.4607

PART 25
OFFSET  19.0655 -1.5345 -5.1171
X  0.8323 -0.5541 -0.0165
Y  0.3398  0.5335 -0.7745
Z  0.4379  0.6390  0.6323

PART 26
OFFSET  19.6583 -1.8221 -6.4388
X  0.7214 -0.6863  0.0924
Y -0.6119 -0.5693  0.5491
Z -0.3243 -0.4527 -0.8306

PART 27
OFFSET  20.9285 -3.0305 -6.2761
X  0.6738 -0.7357  0.0693
Y -0.6621 -0.5594  0.4987
Z -0.3281 -0.3819 -0.8640

PART 28
OFFSET  21.7675 -3.9016 -6.1395
X  0.4101 -0.8410  0.3529
Y -0.8746 -0.2529  0.4136
Z -0.2586 -0.4783 -0.8393

PART 29
OFFSET  22.2307 -4.8516 -5.7409
X  0.5833  0.3675 -0.7244
Y -0.6144  0.7830 -0.0975
Z  0.5313  0.5019  0.6825

PART 30
OFFSET  19.2412 -2.7219 -6.9254
X  0.5976 -0.7352  0.3198
Y -0.5211 -0.0532  0.8518
Z -0.6093 -0.6757 -0.4149

PART 31
OFFSET  20.4087 -4.1582 -6.3007
X -0.0057 -0.5335  0.8458
Y -0.7627  0.5493  0.3413
Z -0.6467 -0.6431 -0.4100

PART 32
OFFSET  20.4004 -4.9374 -5.0654
X -0.4727 -0.0734  0.8782
Y -0.5602  0.7943 -0.2352
Z -0.6802 -0.6031 -0.4166

PART 33
OFFSET  19.8606 -5.0254 -4.0736
X  0.7638 -0.4125 -0.4965
Y -0.1748  0.6083 -0.7742
Z  0.6214  0.6781  0.3925

PART 34
OFFSET  18.0585 -3.6417 -5.5443
X -0.6035 -0.6147 -0.5078
Y  0.0527  0.6047 -0.7947
Z  0.7956 -0.5064 -0.3325

PART 35
OFFSET  9.5490 -3.5089 -3.7252
X  0.9999 -0.0000  0.0145
Y -0.0000  1.0000  0.0000
Z -0.0145 -0.0000  0.9999

PART 36
OFFSET  9.5490 -3.5089 -3.7252
X  0.9999 -0.0000  0.0145
Y -0.0000  1.0000  0.0000
Z -0.0145 -0.0000  0.9999

PART 37
OFFSET -117.9603 -3.4920 -6.3069
X  0.0145 -0.0000 -0.9999
Y  0.0000  1.0000  0.0000
Z  0.9999 -0.0000  0.0145

PART 38
OFFSET  7.3439 -3.5089 -3.3254
X  0.9999 -0.0000  0.0145
Y -0.0000  1.0000  0.0000
Z -0.0145 -0.0000  0.9999

PART 39
OFFSET  14.8493 -3.5139 -5.9699
X  0.9999 -0.0000  0.0145
Y -0.0000  1.0000  0.0000
Z -0.0145 -0.0000  0.9999

PART 40
OFFSET  1.9705 -2.4336 -3.7994
X  0.6713 -0.0000  0.7412
Y -0.0000  1.0000  0.0000
Z -0.7412 -0.0000  0.6713

PART 41
OFFSET  1.9705 -2.3047 -3.7994
X  0.9999 -0.0000  0.0145
Y -0.0000  1.0000  0.0000
Z -0.0145 -0.0000  0.9999

PART 42
OFFSET  13.6104 -3.5139 -1.6105
X  0.9999 -0.0000  0.0145
Y -0.0000  1.0000  0.0000
Z -0.0145 -0.0000  0.9999

PART 43
OFFSET  6.9973 -3.4920 -5.1579
X  0.9999 -0.0000  0.0145
Y  0.0000  1.0000 -0.0000
Z -0.0145  0.0000  0.9999

PART 44
OFFSET  12.2765 -3.5089 -1.9330
X -0.0038 -0.9659  0.2588
Y  0.9999  0.0000  0.0145
Z -0.0140  0.2588  0.9658

PART 45
OFFSET -12.9782 -7.9373 -1.9159
X -0.1778 -0.0641  0.9820
Y -0.2846 -0.9519 -0.1136
Z  0.9420 -0.2997  0.1510

PART 46
OFFSET -10.8277 -7.1624 -13.7918
X -0.8563 -0.1972 -0.4773
Y  0.4597  0.1301 -0.8785
Z  0.2353 -0.9717 -0.0208

PART 47
OFFSET -3.5441 -5.4851 -9.7325
X -0.8563 -0.1972 -0.4773
Y  0.4915 -0.0279 -0.8704
Z  0.1583 -0.9800  0.1208

PART 48
OFFSET -2.9219 -4.1855 -8.3726
X -0.8597 -0.1953 -0.4719
Y -0.2395  0.9703  0.0348
Z  0.4511  0.1429 -0.8809

PART 49
OFFSET -2.8913 -4.8239 -7.3590
X -0.8597 -0.1953 -0.4719
Y -0.2395  0.9703  0.0348
Z  0.4511  0.1429 -0.8809

PART 50
OFFSET -2.3952 -6.0633 -7.5285
X -0.8597 -0.1953 -0.4719
Y -0.2395  0.9703  0.0348
Z  0.4511  0.1429 -0.8809

PART 51
OFFSET -0.9188 -4.8806 -8.2693
X -0.9453 -0.0002 -0.3261
Y  0.3261  0.0086 -0.9453
Z  0.0030 -1.0000 -0.0081

PART 52
OFFSET -0.8095 -4.4782 -7.2071
X -0.5465 -0.6571 -0.5191
Y  0.6558  0.0496 -0.7533
Z  0.5208 -0.7521  0.4038

PART 53
OFFSET  0.2755 -3.0232 -6.0342
X -0.9317 -0.3586 -0.0575
Y  0.2302 -0.4604 -0.8573
Z  0.2810 -0.8120  0.5116

PART 54
OFFSET  1.7618 -2.3808 -6.0498
X -0.7862 -0.0528  0.6157
Y -0.4598 -0.6158 -0.6398
Z  0.4129 -0.7861  0.4599

PART 55
OFFSET  2.6009 -2.2773 -6.7258
X -0.9403  0.3391  0.0273
Y  0.2779  0.8119 -0.5134
Z -0.1962 -0.4752 -0.8577

PART 56
OFFSET  0.2297 -4.6691 -9.0040
X -0.9611 -0.0480  0.2719
Y  0.0605 -0.9975  0.0377
Z  0.2694  0.0527  0.9616

PART 57
OFFSET  2.4210 -4.4313 -9.4795
X -0.4637 -0.8480 -0.2565
Y  0.8842 -0.4615 -0.0725
Z -0.0569 -0.2604  0.9638

PART 58
OFFSET  3.0775 -3.2306 -9.1164
X  0.4571 -0.8636 -0.2127
Y  0.8891  0.4372  0.1354
Z -0.0240 -0.2510  0.9677

PART 59
OFFSET  2.6723 -2.4649 -8.9278
X  0.9926  0.1214 -0.0052
Y -0.1174  0.9694  0.2157
Z  0.0313 -0.2135  0.9764

PART 60
OFFSET  1.7293 -2.5803 -8.9228
X -0.6900 -0.6705 -0.2726
Y -0.7234  0.6267  0.2896
Z -0.0233  0.3970 -0.9175

PART 61
OFFSET  0.2213 -4.8144 -8.3051
X -0.9998 -0.0089 -0.0201
Y  0.0080 -0.9992  0.0401
Z -0.0204  0.0400  0.9990

PART 62
OFFSET  2.8192 -4.8194 -8.4006
X -0.2996 -0.9489 -0.0991
Y  0.9537 -0.3008 -0.0031
Z -0.0268 -0.0954  0.9951

PART 63
OFFSET  3.3293 -3.2039 -8.2319
X  0.7078 -0.7044 -0.0533
Y  0.7052  0.6999  0.1137
Z -0.0428 -0.1181  0.9921

PART 64
OFFSET  2.3484 -2.2276 -8.1581
X  0.9198  0.3824  0.0880
Y -0.3895  0.9169  0.0866
Z -0.0476 -0.1139  0.9923

PART 65
OFFSET  1.3509 -2.6423 -8.2535
X -0.5334 -0.8427 -0.0728
Y -0.8439  0.5361 -0.0222
Z  0.0577  0.0496 -0.9971

PART 66
OFFSET -5.1274 -5.4247 -8.8315
X -0.9517 -0.2799 -0.1262
Y -0.2648  0.9563 -0.1240
Z  0.1554 -0.0846 -0.9842

PART 67
OFFSET  2.5199 -5.2579 -6.2887
X -0.9399 -0.3132 -0.1360
Y  0.3175 -0.9482 -0.0106
Z -0.1256 -0.0532  0.9907

PART 68
OFFSET  4.1747 -4.7065 -6.0493
X -0.2889 -0.9565 -0.0408
Y  0.9473 -0.2918  0.1321
Z -0.1383 -0.0004  0.9904

PART 69
OFFSET  4.5176 -3.5437 -5.9395
X  0.6151 -0.7879  0.0282
Y  0.7761  0.6114  0.1544
Z -0.1389 -0.0731  0.9876

PART 70
OFFSET  3.8228 -2.6537 -5.9714
X -0.9399 -0.3160  0.1292
Y -0.3305  0.9371 -0.1125
Z -0.0855 -0.1485 -0.9852

PART 71
OFFSET  2.7723 -5.0692 -7.3476
X -0.4625 -0.8838 -0.0713
Y  0.8763 -0.4678  0.1152
Z -0.1351 -0.0092  0.9908

PART 72
OFFSET  3.6757 -3.3427 -7.2083
X  0.6662 -0.7414  0.0812
Y  0.7388  0.6709  0.0638
Z -0.1017  0.0175  0.9947

PART 73
OFFSET  2.7027 -2.2598 -7.3269
X  0.9784  0.1961  0.0650
Y -0.1902  0.9779 -0.0865
Z -0.0805  0.0723  0.9941

PART 74
OFFSET  1.5950 -2.4818 -7.4076
X -0.6236 -0.7796 -0.0581
Y -0.7792  0.6258 -0.0336
Z  0.0626  0.0243 -0.9977

PART 75
OFFSET  0.0000 -0.0000 -0.0000
X  1.0000 -0.0000  0.0000
Y  0.0000  1.0000  0.0000
Z  0.0000 -0.0000  1.0000

PART 76
OFFSET  0.0000 -0.0000 -0.0000
X  1.0000 -0.0000  0.0000
Y  0.0000  1.0000  0.0000
Z  0.0000 -0.0000  1.0000

PART 77
OFFSET  1.5404 -0.0000  4.1357
X  1.0000 -0.0000  0.0000
Y  0.0000  1.0000  0.0000
Z  0.0000 -0.0000  1.0000


FRAME 72
PART 0
OFFSET  0.0000 -0.0000 -0.0000
X  1.0000 -0.0000  0.0000
Y  0.0000  1.0000  0.0000
Z  0.0000 -0.0000  1.0000

PART 1
OFFSET -4.6318 -0.0000 -1.3770
X  1.0000 -0.0000  0.0000
Y  0.0000  1.0000  0.0000
Z  0.0000 -0.0000  1.0000

PART 2
OFFSET -2.1458  5.0340 -5.9168
X  0.8803  0.0336 -0.4732
Y -0.0486 -0.9858 -0.1604
Z -0.4719  0.1642 -0.8662

PART 3
OFFSET  8.5006  5.4401 -11.6398
X  0.6149 -0.6079  0.5022
Y -0.7363 -0.2146  0.6418
Z -0.2824 -0.7644 -0.5796

PART 4
OFFSET  13.7310  0.2693 -7.3680
X  0.6149 -0.6079  0.5022
Y  0.2227  0.7449  0.6290
Z -0.7565 -0.2749  0.5934

PART 5
OFFSET  15.3840  1.0233 -6.8654
X  0.6201 -0.6045  0.5000
Y  0.2912  0.7692  0.5689
Z -0.7285 -0.2072  0.6530

PART 6
OFFSET  15.0728 -0.6362 -8.0877
X  0.6201 -0.6045  0.5000
Y  0.2912  0.7692  0.5689
Z -0.7285 -0.2072  0.6530

PART 7
OFFSET  13.8059  0.0749 -5.0361
X  0.6201 -0.6045  0.5000
Y  0.2912  0.7692  0.5689
Z -0.7285 -0.2072  0.6530

PART 8
OFFSET  13.4485 -1.6147 -5.6744
X  0.6201 -0.6045  0.5000
Y  0.2912  0.7692  0.5689
Z -0.7285 -0.2072  0.6530

PART 9
OFFSET  13.7475 -1.6388 -6.8345
X  0.6201 -0.6045  0.5000
Y  0.2912  0.7692  0.5689
Z -0.7285 -0.2072  0.6530

PART 10
OFFSET  15.6162 -1.5945 -5.8282
X  0.9602 -0.2557 -0.1123
Y  0.2687  0.7360  0.6214
Z -0.0763 -0.6269  0.7754

PART 11
OFFSET  16.2761 -1.2567 -4.9607
X  0.8756 -0.1098  0.4703
Y -0.1056  0.9067  0.4083
Z -0.4713 -0.4072  0.7823

PART 12
OFFSET  18.1289 -1.4258 -3.8615
X  0.9555 -0.2936  0.0270
Y  0.1872  0.6747  0.7140
Z -0.2278 -0.6772  0.6997

PART 13
OFFSET  19.6348 -2.0159 -3.7821
X  0.9472  0.0043  0.3206
Y -0.1770  0.8408  0.5117
Z -0.2674 -0.5414  0.7971

PART 14
OFFSET  20.6438 -2.0217 -3.3902
X  0.8345  0.5242 -0.1699
Y -0.2909  0.1572 -0.9438
Z -0.4680  0.8370  0.2836

PART 15
OFFSET  16.1256 -2.7256 -6.4319
X  0.4813 -0.8765  0.0054
Y -0.4339 -0.2329  0.8703
Z -0.7616 -0.4213 -0.4924

PART 16
OFFSET  17.2648 -4.6622 -6.2415
X -0.2415 -0.4020  0.8832
Y -0.6422  0.7485  0.1651
Z -0.7275 -0.5273 -0.4390

PART 17
OFFSET  16.9229 -5.2314 -4.9910
X -0.6374  0.3224  0.6998
Y -0.2672  0.7594 -0.5933
Z -0.7227 -0.5652 -0.3979

PART 18
OFFSET  16.3577 -4.9456 -4.3706
X -0.5944  0.1698  0.7861
Y -0.3306  0.8395 -0.4313
Z -0.7331 -0.5162 -0.4428

PART 19
OFFSET  15.7931 -4.7842 -3.6238
X  0.7681 -0.5822 -0.2664
Y  0.0403  0.4592 -0.8874
Z  0.6390  0.6709  0.3762

PART 20
OFFSET  16.5260 -2.2053 -6.1519
X  0.8308 -0.4732 -0.2930
Y -0.1077 -0.6532  0.7495
Z -0.5461 -0.5911 -0.5936

PART 21
OFFSET  18.4623 -3.9069 -6.4889
X  0.1845 -0.7815  0.5960
Y -0.6980  0.3228  0.6393
Z -0.6920 -0.5339 -0.4859

PART 22
OFFSET  18.7763 -5.2374 -5.4742
X -0.6621  0.1909  0.7247
Y -0.3141  0.8073 -0.4996
Z -0.6805 -0.5584 -0.4745

PART 23
OFFSET  17.8588 -4.9728 -4.4698
X -0.6377  0.1191  0.7610
Y -0.3680  0.8208 -0.4369
Z -0.6766 -0.5587 -0.4796

PART 24
OFFSET  17.1671 -4.8436 -3.6445
X  0.6994 -0.5939 -0.3975
Y  0.0934  0.6274 -0.7731
Z  0.7086  0.5036  0.4943

PART 25
OFFSET  18.9619 -1.5503 -4.7721
X  0.8303 -0.5573 -0.0102
Y  0.3624  0.5538 -0.7497
Z  0.4234  0.6187  0.6617

PART 26
OFFSET  19.5886 -1.8030 -6.0853
X  0.7160 -0.6920  0.0918
Y -0.6285 -0.5818  0.5162
Z -0.3038 -0.4273 -0.8515

PART 27
OFFSET  20.8493 -3.0214 -5.9236
X  0.6688 -0.7405  0.0660
Y -0.6773 -0.5703  0.4648
Z -0.3065 -0.3556 -0.8830

PART 28
OFFSET  21.6809 -3.9001 -5.7897
X  0.3972 -0.8526  0.3394
Y -0.8863 -0.2604  0.3829
Z -0.2381 -0.4529 -0.8592

PART 29
OFFSET  22.1296 -4.8631 -5.4063
X  0.6038  0.3853 -0.6978
Y -0.6085  0.7883 -0.0913
Z  0.5149  0.4797  0.7104

PART 30
OFFSET  19.1811 -2.6865 -6.6084
X  0.5860 -0.7468  0.3144
Y -0.5439 -0.0749  0.8358
Z -0.6007 -0.6608 -0.4501

PART 31
OFFSET  20.3259 -4.1455 -5.9943
X -0.0303 -0.5573  0.8297
Y -0.7694  0.5429  0.3366
Z -0.6381 -0.6282 -0.4453

PART 32
OFFSET  20.2816 -4.9596 -4.7823
X -0.4962 -0.0961  0.8629
Y -0.5506  0.8033 -0.2272
Z -0.6713 -0.5878 -0.4515

PART 33
OFFSET  19.7152 -5.0732 -3.8081
X  0.7751 -0.4018 -0.4877
Y -0.1517  0.6309 -0.7609
Z  0.6134  0.6637  0.4280

PART 34
OFFSET  17.9584 -3.6398 -5.2860
X -0.5922 -0.5972 -0.5410
Y  0.0763  0.6269 -0.7754
Z  0.8022 -0.5004 -0.3257

PART 35
OFFSET  9.4041 -3.5189 -3.6902
X  0.9991 -0.0051  0.0410
Y  0.0039  0.9996  0.0286
Z -0.0412 -0.0284  0.9987

PART 36
OFFSET  9.4041 -3.5189 -3.6902
X  0.9991 -0.0051  0.0410
Y  0.0039  0.9996  0.0286
Z -0.0412 -0.0284  0.9987

PART 37
OFFSET -117.9902 -2.8299 -9.6516
X  0.0412  0.0284 -0.9987
Y  0.0039  0.9996  0.0286
Z  0.9991 -0.0051  0.0410

PART 38
OFFSET  8.2941 -3.5255 -3.3037
X  0.9991 -0.0051  0.0410
Y  0.0039  0.9996  0.0286
Z -0.0412 -0.0284  0.9987

PART 39
OFFSET  14.7622 -3.4849 -5.7927
X  0.9991 -0.0051  0.0410
Y  0.0039  0.9996  0.0286
Z -0.0412 -0.0284  0.9987

PART 40
OFFSET  1.8345 -2.4064 -3.9345
X  0.6513 -0.0243  0.7584
Y  0.0039  0.9996  0.0286
Z -0.7588 -0.0156  0.6511

PART 41
OFFSET  1.8351 -2.2775 -3.9309
X  0.9989 -0.0052  0.0459
Y  0.0039  0.9996  0.0286
Z -0.0460 -0.0284  0.9985

PART 42
OFFSET  13.3953 -3.6048 -1.4134
X  0.9987 -0.0054  0.0512
Y  0.0039  0.9996  0.0286
Z -0.0513 -0.0284  0.9983

PART 43
OFFSET  6.8915 -3.4492 -5.1890
X  0.9991 -0.0051  0.0410
Y  0.0039  0.9996  0.0286
Z -0.0412 -0.0284  0.9987

PART 44
OFFSET  12.0828 -3.5827 -1.8270
X -0.0145 -0.9729  0.2309
Y  0.9991 -0.0051  0.0410
Z -0.0388  0.2313  0.9721

PART 45
OFFSET -12.9782 -7.9373 -1.9159
X -0.1666 -0.0678  0.9837
Y -0.2752 -0.9548 -0.1124
Z  0.9468 -0.2894  0.1404

PART 46
OFFSET -10.9635 -7.1172 -13.8125
X -0.8659 -0.2079 -0.4550
Y  0.4356  0.1337 -0.8901
Z  0.2459 -0.9690 -0.0252

PART 47
OFFSET -3.5988 -5.3488 -9.9426
X -0.8659 -0.2079 -0.4550
Y  0.4663 -0.0062 -0.8846
Z  0.1811 -0.9781  0.1023

PART 48
OFFSET -2.9572 -4.0395 -8.6012
X -0.8691 -0.2060 -0.4496
Y -0.2497  0.9675  0.0392
Z  0.4269  0.1463 -0.8924

PART 49
OFFSET -2.8935 -4.6755 -7.5876
X -0.8691 -0.2060 -0.4496
Y -0.2497  0.9675  0.0392
Z  0.4269  0.1463 -0.8924

PART 50
OFFSET -2.3877 -5.9095 -7.7676
X -0.8691 -0.2060 -0.4496
Y -0.2497  0.9675  0.0392
Z  0.4269  0.1463 -0.8924

PART 51
OFFSET -0.9443 -4.7114 -8.5477
X -0.9363  0.0135 -0.3509
Y  0.3512  0.0340 -0.9357
Z -0.0007 -0.9993 -0.0366

PART 52
OFFSET -0.8617 -4.3400 -7.4719
X -0.5351 -0.6395 -0.5520
Y  0.6758  0.0680 -0.7339
Z  0.5069 -0.7658  0.3958

PART 53
OFFSET  0.1973 -2.9241 -6.2295
X -0.9312 -0.3525 -0.0925
Y  0.2511 -0.4369 -0.8637
Z  0.2640 -0.8276  0.4954

PART 54
OFFSET  1.6861 -2.2885 -6.1872
X -0.8025 -0.0666  0.5929
Y -0.4450 -0.5952 -0.6692
Z  0.3974 -0.8008  0.4480

PART 55
OFFSET  2.5433 -2.1697 -6.8375
X -0.9394  0.3426  0.0120
Y  0.2947  0.8249 -0.4824
Z -0.1752 -0.4496 -0.8759

PART 56
OFFSET  0.2242 -4.4845 -9.2453
X -0.9682 -0.0512  0.2448
Y  0.0555 -0.9984  0.0107
Z  0.2439  0.0240  0.9695

PART 57
OFFSET  2.4283 -4.2435 -9.6555
X -0.4601 -0.8382 -0.2928
Y  0.8839 -0.4634 -0.0622
Z -0.0836 -0.2874  0.9541

PART 58
OFFSET  3.0797 -3.0568 -9.2409
X  0.4592 -0.8594 -0.2251
Y  0.8869  0.4290  0.1714
Z -0.0507 -0.2784  0.9591

PART 59
OFFSET  2.6725 -2.2949 -9.0414
X  0.9928  0.1169  0.0246
Y -0.1193  0.9634  0.2402
Z  0.0044 -0.2414  0.9704

PART 60
OFFSET  1.7293 -2.4059 -9.0647
X -0.6851 -0.6592 -0.3099
Y -0.7284  0.6216  0.2881
Z  0.0027  0.4231 -0.9061

PART 61
OFFSET  0.1966 -4.6496 -8.5514
X -0.9989 -0.0036 -0.0468
Y  0.0030 -0.9999  0.0117
Z -0.0469  0.0116  0.9988

PART 62
OFFSET  2.7962 -4.6641 -8.5779
X -0.3006 -0.9443 -0.1341
Y  0.9522 -0.3051  0.0136
Z -0.0537 -0.1236  0.9909

PART 63
OFFSET  3.3079 -3.0564 -8.3497
X  0.7061 -0.7060 -0.0546
Y  0.7046  0.6930  0.1524
Z -0.0697 -0.1461  0.9868

PART 64
OFFSET  2.3293 -2.0781 -8.2740
X  0.9186  0.3754  0.1233
Y -0.3881  0.9159  0.1024
Z -0.0744 -0.1419  0.9871

PART 65
OFFSET  1.3330 -2.4852 -8.4077
X -0.5346 -0.8378 -0.1109
Y -0.8409  0.5405 -0.0292
Z  0.0844  0.0777 -0.9934

PART 66
OFFSET -5.1385 -5.2196 -9.2366
X -0.9491 -0.2717 -0.1594
Y -0.2577  0.9607 -0.1036
Z  0.1813 -0.0572 -0.9818

PART 67
OFFSET  2.4389 -5.1611 -6.4882
X -0.9372 -0.3048 -0.1698
Y  0.3139 -0.9490 -0.0293
Z -0.1522 -0.0808  0.9850

PART 68
OFFSET  4.0889 -4.6245 -6.1892
X -0.2915 -0.9536 -0.0758
Y  0.9423 -0.2999  0.1488
Z -0.1646 -0.0280  0.9860

PART 69
OFFSET  4.4333 -3.4670 -6.0373
X  0.6110 -0.7913  0.0219
Y  0.7741  0.6031  0.1924
Z -0.1654 -0.1005  0.9811

PART 70
OFFSET  3.7431 -2.5732 -6.0620
X -0.9443 -0.3151  0.0952
Y -0.3237  0.9414 -0.0944
Z -0.0598 -0.1200 -0.9910

PART 71
OFFSET  2.7202 -4.9436 -7.5341
X -0.4639 -0.8792 -0.1088
Y  0.8711 -0.4750  0.1249
Z -0.1615 -0.0368  0.9862

PART 72
OFFSET  3.6264 -3.2260 -7.3216
X  0.6608 -0.7465  0.0776
Y  0.7395  0.6653  0.1025
Z -0.1281 -0.0104  0.9917

PART 73
OFFSET  2.6611 -2.1356 -7.4350
X  0.9771  0.1896  0.0965
Y -0.1840  0.9809 -0.0636
Z -0.1067  0.0443  0.9933

PART 74
OFFSET  1.5551 -2.3500 -7.5513
X -0.6249 -0.7747 -0.0969
Y -0.7756  0.6302 -0.0364
Z  0.0893  0.0524 -0.9946

PART 75
OFFSET  0.0000 -0.0000 -0.0000
X  1.0000 -0.0000  0.0000
Y  0.0000  1.0000  0.0000
Z  0.0000 -0.0000  1.0000

PART 76
OFFSET  0.0000 -0.0000 -0.0000
X  1.0000 -0.0000  0.0000
Y  0.0000  1.0000  0.0000
Z  0.0000 -0.0000  1.0000

PART 77
OFFSET  1.5404 -0.0000  4.1357
X  1.0000 -0.0000  0.0000
Y  0.0000  1.0000  0.0000
Z  0.0000 -0.0000  1.0000


FRAME 73
PART 0
OFFSET  0.0000 -0.0000 -0.0000
X  1.0000 -0.0000  0.0000
Y  0.0000  1.0000  0.0000
Z  0.0000 -0.0000  1.0000

PART 1
OFFSET -4.6318 -0.0000 -1.3770
X  1.0000 -0.0000  0.0000
Y  0.0000  1.0000  0.0000
Z  0.0000 -0.0000  1.0000

PART 2
OFFSET -2.1458  5.0340 -5.9168
X  0.8860  0.0284 -0.4628
Y -0.0504 -0.9863 -0.1570
Z -0.4610  0.1625 -0.8724

PART 3
OFFSET  8.5693  5.3780 -11.5142
X  0.6294 -0.6014  0.4921
Y -0.7255 -0.2280  0.6493
Z -0.2783 -0.7657 -0.5798

PART 4
OFFSET  13.9227  0.2630 -7.3285
X  0.6294 -0.6014  0.4921
Y  0.2279  0.7483  0.6230
Z -0.7429 -0.2800  0.6080

PART 5
OFFSET  15.5706  1.0383 -6.8419
X  0.6345 -0.5979  0.4898
Y  0.2869  0.7706  0.5690
Z -0.7177 -0.2205  0.6605

PART 6
OFFSET  15.2687 -0.6199 -8.0682
X  0.6345 -0.5979  0.4898
Y  0.2869  0.7706  0.5690
Z -0.7177 -0.2205  0.6605

PART 7
OFFSET  14.0279  0.0591 -4.9987
X  0.6345 -0.5979  0.4898
Y  0.2869  0.7706  0.5690
Z -0.7177 -0.2205  0.6605

PART 8
OFFSET  13.6871 -1.6325 -5.6407
X  0.6345 -0.5979  0.4898
Y  0.2869  0.7706  0.5690
Z -0.7177 -0.2205  0.6605

PART 9
OFFSET  13.9727 -1.6471 -6.8043
X  0.6345 -0.5979  0.4898
Y  0.2869  0.7706  0.5690
Z -0.7177 -0.2205  0.6605

PART 10
OFFSET  15.8523 -1.5807 -5.8199
X  0.9599 -0.2559 -0.1141
Y  0.2705  0.7400  0.6158
Z -0.0732 -0.6220  0.7796

PART 11
OFFSET  16.5151 -1.2370 -4.9568
X  0.8774 -0.1063  0.4679
Y -0.1047  0.9092  0.4029
Z -0.4683 -0.4025  0.7866

PART 12
OFFSET  18.3719 -1.3981 -3.8631
X  0.9558 -0.2929  0.0255
Y  0.1893  0.6793  0.7090
Z -0.2250 -0.6728  0.7048

PART 13
OFFSET  19.8784 -1.9869 -3.7854
X  0.9483  0.0068  0.3172
Y -0.1756  0.8439  0.5069
Z -0.2642 -0.5364  0.8015

PART 14
OFFSET  20.8888 -1.9897 -3.3971
X  0.8336  0.5235 -0.1762
Y -0.2943  0.1510 -0.9437
Z -0.4674  0.8385  0.2800

PART 15
OFFSET  16.3602 -2.7154 -6.4182
X  0.4818 -0.8762  0.0092
Y -0.4306 -0.2276  0.8734
Z -0.7631 -0.4248 -0.4870

PART 16
OFFSET  17.5012 -4.6501 -6.2194
X -0.2381 -0.3965  0.8866
Y -0.6421  0.7492  0.1626
Z -0.7287 -0.5305 -0.4330

PART 17
OFFSET  17.1640 -5.2115 -4.9642
X -0.6351  0.3265  0.7000
Y -0.2697  0.7554 -0.5971
Z -0.7238 -0.5681 -0.3917

PART 18
OFFSET  16.6009 -4.9220 -4.3435
X -0.5917  0.1745  0.7871
Y -0.3326  0.8365 -0.4355
Z -0.7344 -0.5194 -0.4369

PART 19
OFFSET  16.0388 -4.7562 -3.5958
X  0.7675 -0.5835 -0.2654
Y  0.0369  0.4536 -0.8905
Z  0.6400  0.6736  0.3696

PART 20
OFFSET  16.7613 -2.1930 -6.1429
X  0.8300 -0.4746 -0.2930
Y -0.1046 -0.6485  0.7540
Z -0.5478 -0.5952 -0.5879

PART 21
OFFSET  18.6974 -3.8957 -6.4759
X  0.1870 -0.7776  0.6003
Y -0.6959  0.3265  0.6397
Z -0.6934 -0.5374 -0.4801

PART 22
OFFSET  19.0157 -5.2195 -5.4539
X -0.6596  0.1952  0.7258
Y -0.3163  0.8039 -0.5036
Z -0.6818 -0.5618 -0.4685

PART 23
OFFSET  18.1016 -4.9490 -4.4479
X -0.6351  0.1236  0.7625
Y -0.3700  0.8178 -0.4408
Z -0.6780 -0.5621 -0.4736

PART 24
OFFSET  17.4128 -4.8149 -3.6210
X  0.6984 -0.5961 -0.3962
Y  0.0903  0.6225 -0.7774
Z  0.7100  0.5071  0.4886

PART 25
OFFSET  19.2018 -1.5280 -4.7759
X  0.8305 -0.5569 -0.0096
Y  0.3595  0.5492 -0.7545
Z  0.4254  0.6231  0.6563

PART 26
OFFSET  19.8239 -1.7886 -6.0897
X  0.7167 -0.6911  0.0937
Y -0.6264 -0.5788  0.5221
Z -0.3066 -0.4329 -0.8477

PART 27
OFFSET  21.0858 -3.0054 -5.9248
X  0.6694 -0.7397  0.0684
Y -0.6754 -0.5677  0.4708
Z -0.3094 -0.3613 -0.8796

PART 28
OFFSET  21.9184 -3.8827 -5.7882
X  0.3989 -0.8503  0.3435
Y -0.8848 -0.2585  0.3877
Z -0.2409 -0.4585 -0.8554

PART 29
OFFSET  22.3690 -4.8431 -5.4003
X  0.6011  0.3811 -0.7024
Y -0.6092  0.7874 -0.0942
Z  0.5172  0.4845  0.7055

PART 30
OFFSET  19.4150 -2.6757 -6.6057
X  0.5875 -0.7445  0.3170
Y -0.5409 -0.0699  0.8382
Z -0.6019 -0.6639 -0.4437

PART 31
OFFSET  20.5628 -4.1302 -5.9864
X -0.0271 -0.5521  0.8334
Y -0.7685  0.5447  0.3358
Z -0.6393 -0.6313 -0.4390

PART 32
OFFSET  20.5233 -4.9365 -4.7691
X -0.4931 -0.0909  0.8652
Y -0.5519  0.8015 -0.2303
Z -0.6725 -0.5910 -0.4454

PART 33
OFFSET  19.9604 -5.0442 -3.7922
X  0.7736 -0.4044 -0.4879
Y -0.1548  0.6260 -0.7643
Z  0.6145  0.6668  0.4216

PART 34
OFFSET  18.1976 -3.6212 -5.2729
X -0.5937 -0.6009 -0.5351
Y  0.0732  0.6220 -0.7796
Z  0.8013 -0.5021 -0.3253

PART 35
OFFSET  9.6489 -3.4947 -3.6476
X  0.9993 -0.0043  0.0375
Y  0.0035  0.9997  0.0222
Z -0.0376 -0.0221  0.9990

PART 36
OFFSET  9.6489 -3.4947 -3.6476
X  0.9993 -0.0043  0.0375
Y  0.0035  0.9997  0.0222
Z -0.0376 -0.0221  0.9990

PART 37
OFFSET -117.7660 -2.9121 -9.1607
X  0.0376  0.0221 -0.9990
Y  0.0035  0.9997  0.0222
Z  0.9993 -0.0043  0.0375

PART 38
OFFSET  9.6455 -3.5043 -3.2156
X  0.9993 -0.0043  0.0375
Y  0.0035  0.9997  0.0222
Z -0.0376 -0.0221  0.9990

PART 39
OFFSET  14.9995 -3.4712 -5.7693
X  0.9993 -0.0043  0.0375
Y  0.0035  0.9997  0.0222
Z -0.0376 -0.0221  0.9990

PART 40
OFFSET  2.0779 -2.3879 -3.8721
X  0.6540 -0.0191  0.7563
Y  0.0035  0.9997  0.0222
Z -0.7565 -0.0119  0.6539

PART 41
OFFSET  2.0784 -2.2589 -3.8692
X  0.9987 -0.0046  0.0511
Y  0.0035  0.9997  0.0222
Z -0.0512 -0.0220  0.9984

PART 42
OFFSET  13.6259 -3.5662 -1.2836
X  0.9976 -0.0050  0.0689
Y  0.0035  0.9997  0.0222
Z -0.0690 -0.0219  0.9974

PART 43
OFFSET  7.1310 -3.4359 -5.1378
X  0.9993 -0.0043  0.0375
Y  0.0035  0.9997  0.0222
Z -0.0376 -0.0221  0.9990

PART 44
OFFSET  12.3343 -3.5452 -1.7936
X -0.0131 -0.9714  0.2371
Y  0.9993 -0.0043  0.0375
Z -0.0354  0.2374  0.9708

PART 45
OFFSET -12.9782 -7.9373 -1.9159
X -0.1865 -0.0701  0.9799
Y -0.2774 -0.9531 -0.1210
Z  0.9425 -0.2944  0.1583

PART 46
OFFSET -10.7227 -7.0890 -13.7673
X -0.8648 -0.2044 -0.4586
Y  0.4401  0.1311 -0.8883
Z  0.2417 -0.9701 -0.0234

PART 47
OFFSET -3.3672 -5.3504 -9.8666
X -0.8648 -0.2044 -0.4586
Y  0.4706 -0.0113 -0.8823
Z  0.1752 -0.9788  0.1059

PART 48
OFFSET -2.7256 -4.0430 -8.5233
X -0.8681 -0.2025 -0.4532
Y -0.2456  0.9687  0.0375
Z  0.4314  0.1438 -0.8906

PART 49
OFFSET -2.6691 -4.6786 -7.5090
X -0.8681 -0.2025 -0.4532
Y -0.2456  0.9687  0.0375
Z  0.4314  0.1438 -0.8906

PART 50
OFFSET -2.1680 -5.9149 -7.6860
X -0.8681 -0.2025 -0.4532
Y -0.2456  0.9687  0.0375
Z  0.4314  0.1438 -0.8906

PART 51
OFFSET -0.7160 -4.7237 -8.4606
X -0.9376  0.0108 -0.3477
Y  0.3478  0.0282 -0.9371
Z -0.0003 -0.9995 -0.0302

PART 52
OFFSET -0.6298 -4.3454 -7.3875
X -0.5367 -0.6433 -0.5460
Y  0.6732  0.0637 -0.7367
Z  0.5087 -0.7630  0.3989

PART 53
OFFSET  0.4328 -2.9211 -6.1579
X -0.9314 -0.3535 -0.0869
Y  0.2483 -0.4423 -0.8618
Z  0.2663 -0.8243  0.4997

PART 54
OFFSET  1.9214 -2.2844 -6.1250
X -0.8004 -0.0633  0.5961
Y -0.4470 -0.5996 -0.6638
Z  0.3995 -0.7978  0.4517

PART 55
OFFSET  2.7762 -2.1693 -6.7790
X -0.9395  0.3422  0.0131
Y  0.2925  0.8220 -0.4887
Z -0.1780 -0.4553 -0.8724

PART 56
OFFSET  0.4499 -4.5007 -9.1638
X -0.9673 -0.0502  0.2486
Y  0.0561 -0.9983  0.0169
Z  0.2473  0.0303  0.9685

PART 57
OFFSET  2.6524 -4.2611 -9.5834
X -0.4606 -0.8403 -0.2858
Y  0.8840 -0.4633 -0.0624
Z -0.0800 -0.2814  0.9562

PART 58
OFFSET  3.3046 -3.0714 -9.1786
X  0.4589 -0.8605 -0.2213
Y  0.8873  0.4305  0.1655
Z -0.0472 -0.2723  0.9611

PART 59
OFFSET  2.8977 -2.3084 -8.9825
X  0.9929  0.1176  0.0203
Y -0.1190  0.9648  0.2344
Z  0.0080 -0.2352  0.9719

PART 60
OFFSET  1.9545 -2.4201 -9.0018
X -0.6858 -0.6616 -0.3032
Y -0.7278  0.6230  0.2867
Z -0.0008  0.4173 -0.9087

PART 61
OFFSET  0.4249 -4.6614 -8.4687
X -0.9991 -0.0044 -0.0433
Y  0.0036 -0.9998  0.0181
Z -0.0433  0.0179  0.9989

PART 62
OFFSET  3.0243 -4.6746 -8.5044
X -0.3005 -0.9453 -0.1270
Y  0.9525 -0.3044  0.0121
Z -0.0501 -0.1173  0.9918

PART 63
OFFSET  3.5360 -3.0652 -8.2882
X  0.7063 -0.7059 -0.0526
Y  0.7048  0.6944  0.1454
Z -0.0661 -0.1398  0.9880

PART 64
OFFSET  2.5571 -2.0869 -8.2153
X  0.9188  0.3767  0.1176
Y -0.3882  0.9164  0.0980
Z -0.0709 -0.1357  0.9882

PART 65
OFFSET  1.5605 -2.4954 -8.3428
X -0.5346 -0.8387 -0.1037
Y -0.8413  0.5398 -0.0297
Z  0.0809  0.0714 -0.9942

PART 66
OFFSET -4.9123 -5.2385 -9.1314
X -0.9495 -0.2732 -0.1543
Y -0.2586  0.9599 -0.1088
Z  0.1778 -0.0634 -0.9820

PART 67
OFFSET  2.6748 -5.1585 -6.4103
X -0.9376 -0.3063 -0.1645
Y  0.3143 -0.9490 -0.0244
Z -0.1487 -0.0746  0.9861

PART 68
OFFSET  4.3255 -4.6191 -6.1206
X -0.2912 -0.9542 -0.0687
Y  0.9430 -0.2984  0.1474
Z -0.1611 -0.0218  0.9867

PART 69
OFFSET  4.6698 -3.4605 -5.9773
X  0.6116 -0.7908  0.0248
Y  0.7745  0.6047  0.1858
Z -0.1619 -0.0944  0.9823

PART 70
OFFSET  3.9790 -2.5672 -6.0053
X -0.9437 -0.3150  0.1005
Y -0.3246  0.9406 -0.0993
Z -0.0633 -0.1263 -0.9900

PART 71
OFFSET  2.9522 -4.9474 -7.4586
X -0.4638 -0.8801 -0.1015
Y  0.8718 -0.4738  0.1249
Z -0.1580 -0.0306  0.9870

PART 72
OFFSET  3.8582 -3.2281 -7.2603
X  0.6615 -0.7456  0.0800
Y  0.7395  0.6663  0.0956
Z -0.1246 -0.0041  0.9922

PART 73
OFFSET  2.8920 -2.1389 -7.3771
X  0.9773  0.1907  0.0918
Y -0.1848  0.9803 -0.0691
Z -0.1032  0.0506  0.9934

PART 74
OFFSET  1.7856 -2.3546 -7.4882
X -0.6248 -0.7756 -0.0898
Y -0.7761  0.6295 -0.0376
Z  0.0857  0.0461 -0.9953

PART 75
OFFSET  0.0000 -0.0000 -0.0000
X  1.0000 -0.0000  0.0000
Y  0.0000  1.0000  0.0000
Z  0.0000 -0.0000  1.0000

PART 76
OFFSET  0.0000 -0.0000 -0.0000
X  1.0000 -0.0000  0.0000
Y  0.0000  1.0000  0.0000
Z  0.0000 -0.0000  1.0000

PART 77
OFFSET  1.5404 -0.0000  4.1357
X  1.0000 -0.0000  0.0000
Y  0.0000  1.0000  0.0000
Z  0.0000 -0.0000  1.0000


FRAME 74
PART 0
OFFSET  0.0000 -0.0000 -0.0000
X  1.0000 -0.0000  0.0000
Y  0.0000  1.0000  0.0000
Z  0.0000 -0.0000  1.0000

PART 1
OFFSET -4.6318 -0.0000 -1.3770
X  1.0000 -0.0000  0.0000
Y  0.0000  1.0000  0.0000
Z  0.0000 -0.0000  1.0000

PART 2
OFFSET -2.1458  5.0340 -5.9168
X  0.8931  0.0204 -0.4494
Y -0.0543 -0.9868 -0.1527
Z -0.4466  0.1608 -0.8802

PART 3
OFFSET  8.6552  5.2804 -11.3521
X  0.6555 -0.5905  0.4708
Y -0.7036 -0.2510  0.6648
Z -0.2744 -0.7670 -0.5801

PART 4
OFFSET  14.2301  0.2576 -7.3479
X  0.6555 -0.5905  0.4708
Y  0.2451  0.7559  0.6070
Z -0.7144 -0.2825  0.6402

PART 5
OFFSET  15.8708  1.0677 -6.8945
X  0.6604 -0.5869  0.4684
Y  0.2826  0.7722  0.5691
Z -0.6957 -0.2435  0.6758

PART 6
OFFSET  15.5779 -0.5862 -8.1288
X  0.6604 -0.5869  0.4684
Y  0.2826  0.7722  0.5691
Z -0.6957 -0.2435  0.6758

PART 7
OFFSET  14.3978  0.0355 -5.0234
