// Export filename: `C:\projects\cod\t5\xanim_export\t5_viewmodels\spas12\spas12_ads_rechamber.XANIM_EXPORT`
// Source filename: `D:\projects\devanim\t5\animation_assets\viewmodels/spas12/ViewModel_Spas12_animated.fbx`
// Export time: Wed Sep 16 17:55:45 2009

ANIMATION
VERSION 3

NUMPARTS 93
PART 0 "tag_torso"
PART 1 "J_Shoulder_LE"
PART 2 "J_Elbow_LE"
PART 3 "J_WristTwist_LE"
PART 4 "J_Sleave_Reshape_Bottom_LE_1"
PART 5 "J_Sleave_Reshape_Bottom_LE_2"
PART 6 "J_Sleave_Reshape_Top_LE_1"
PART 7 "J_Sleave_Reshape_Top_LE_2"
PART 8 "J_Sleave_Reshape_Top_LE_3"
PART 9 "J_Wrist_LE"
PART 10 "J_Thumb_LE_0"
PART 11 "J_Thumb_LE_1"
PART 12 "J_Thumb_LE_2"
PART 13 "J_Thumb_LE_3"
PART 14 "J_PinkyPalm_LE"
PART 15 "J_Pinky_LE_0"
PART 16 "J_Pinky_LE_1"
PART 17 "J_Pinky_LE_2"
PART 18 "J_Pinky_LE_3"
PART 19 "J_RingPalm_LE"
PART 20 "J_Ring_LE_0"
PART 21 "J_Ring_LE_1"
PART 22 "J_Ring_LE_2"
PART 23 "J_Ring_LE_3"
PART 24 "J_Webbing_LE"
PART 25 "J_Index_LE_0"
PART 26 "J_Index_LE_1"
PART 27 "J_Index_LE_2"
PART 28 "J_Index_LE_3"
PART 29 "J_Mid_LE_0"
PART 30 "J_Mid_LE_1"
PART 31 "J_Mid_LE_2"
PART 32 "J_Mid_LE_3"
PART 33 "tag_knife_attach"
PART 34 "J_Shoulder_RI"
PART 35 "J_Elbow_RI"
PART 36 "J_WristTwist_RI"
PART 37 "J_Sleave_Reshape_Top_RI_3"
PART 38 "J_Sleave_Reshape_Top_RI_2"
PART 39 "J_Sleave_Reshape_Top_RI_1"
PART 40 "J_Wrist_RI"
PART 41 "J_Thumb_RI_0"
PART 42 "J_Thumb_RI_1"
PART 43 "J_Thumb_RI_2"
PART 44 "J_Thumb_RI_3"
PART 45 "J_PinkyPalm_RI"
PART 46 "J_Pinky_RI_0"
PART 47 "J_Pinky_RI_1"
PART 48 "J_Pinky_RI_2"
PART 49 "J_Pinky_RI_3"
PART 50 "J_RingPalm_RI"
PART 51 "J_Ring_RI_0"
PART 52 "J_Ring_RI_1"
PART 53 "J_Ring_RI_2"
PART 54 "J_Ring_RI_3"
PART 55 "J_Webbing_RI"
PART 56 "J_Index_RI_0"
PART 57 "J_Index_RI_1"
PART 58 "J_Index_RI_2"
PART 59 "J_Index_RI_3"
PART 60 "J_Mid_RI_0"
PART 61 "J_Mid_RI_1"
PART 62 "J_Mid_RI_2"
PART 63 "J_Mid_RI_3"
PART 64 "tag_weapon"
PART 65 "J_Gun"
PART 66 "tag_brass"
PART 67 "tag_flash"
PART 68 "tag_clip"
PART 69 "tag_bolt"
PART 70 "tag_pump"
PART 71 "tag_stock"
PART 72 "tag_ring"
PART 73 "tag_stocktop"
PART 74 "tag_Load"
PART 75 "tag_iron_sights"
PART 76 "tag_scope_acog"
PART 77 "tag_laser_rifle"
PART 78 "TAG_REFLEX"
PART 79 "tag_suppressor"
PART 80 "tag_flash3"
PART 81 "TAG_GRIP"
PART 82 "tag_side_saddle"
PART 83 "tag_ammo_1"
PART 84 "tag_ammo_2"
PART 85 "tag_ammo_3"
PART 86 "tag_ammo_4"
PART 87 "tag_ammo_5"
PART 88 "tag_ammo_6"
PART 89 "tag_cambone"
PART 90 "tag_camera"
PART 91 "tag_gasmask"
PART 92 "tag_ads"

FRAMERATE 30
NUMFRAMES 15

FRAME 45
PART 0
OFFSET -4.6318 -0.0000 -1.3770
SCALE 1 1 1
X  1.0000 -0.0000  0.0000
Y  0.0000  1.0000  0.0000
Z  0.0000 -0.0000  1.0000

PART 1
OFFSET -1.0379  7.9373 -5.9168
SCALE 1 1 1
X  0.7774 -0.2980 -0.5540
Y -0.1706 -0.9475  0.2704
Z -0.6055 -0.1157 -0.7874

PART 2
OFFSET  8.3636  4.3332 -12.6164
SCALE 1 1 1
X  0.7105 -0.4711  0.5228
Y -0.5365  0.1182  0.8356
Z -0.4554 -0.8742 -0.1688

PART 3
OFFSET  14.4065  0.3267 -8.1696
SCALE 1 1 1
X  0.7105 -0.4711  0.5228
Y  0.4510  0.8751  0.1756
Z -0.5402  0.1111  0.8342

PART 4
OFFSET  16.7957  1.0012 -8.1424
SCALE 1 1 1
X  0.7149 -0.4693  0.5183
Y  0.4610  0.8737  0.1553
Z -0.5257  0.1279  0.8410

PART 5
OFFSET  15.4681 -0.9378 -8.8118
SCALE 1 1 1
X  0.7149 -0.4693  0.5183
Y  0.4610  0.8737  0.1553
Z -0.5257  0.1279  0.8410

PART 6
OFFSET  15.9784  1.5704 -5.5165
SCALE 1 1 1
X  0.7149 -0.4693  0.5183
Y  0.4610  0.8737  0.1553
Z -0.5257  0.1279  0.8410

PART 7
OFFSET  14.5434 -0.6744 -5.7716
SCALE 1 1 1
X  0.7149 -0.4693  0.5183
Y  0.4610  0.8737  0.1553
Z -0.5257  0.1279  0.8410

PART 8
OFFSET  14.5102 -1.2641 -6.9929
SCALE 1 1 1
X  0.7149 -0.4693  0.5183
Y  0.4610  0.8737  0.1553
Z -0.5257  0.1279  0.8410

PART 9
OFFSET  16.5846 -1.1174 -6.5668
SCALE 1 1 1
X  0.6721 -0.7374 -0.0671
Y  0.7371  0.6577  0.1551
Z -0.0702 -0.1537  0.9856

PART 10
OFFSET  17.5695 -0.8776 -6.0427
SCALE 1 1 1
X  0.8414 -0.0884  0.5331
Y  0.1387  0.9888 -0.0549
Z -0.5223  0.1202  0.8443

PART 11
OFFSET  19.3700 -0.9630 -4.8507
SCALE 1 1 1
X  0.8998 -0.2493  0.3580
Y  0.1953  0.9640  0.1804
Z -0.3901 -0.0924  0.9161

PART 12
OFFSET  20.7673 -1.4333 -4.1809
SCALE 1 1 1
X  0.7570 -0.4952  0.4263
Y  0.4322  0.8688  0.2418
Z -0.4901  0.0013  0.8717

PART 13
OFFSET  21.5707 -1.9540 -3.6759
SCALE 1 1 1
X  0.9627 -0.1874 -0.1954
Y -0.1942  0.0250 -0.9807
Z  0.1886  0.9820 -0.0123

PART 14
OFFSET  16.3498 -2.4768 -6.5905
SCALE 1 1 1
X  0.1537 -0.9752  0.1590
Y  0.0680  0.1710  0.9829
Z -0.9858 -0.1402  0.0926

PART 15
OFFSET  16.8471 -4.6266 -6.1262
SCALE 1 1 1
X  0.4239 -0.4166  0.8042
Y -0.2530  0.7981  0.5468
Z -0.8697 -0.4353  0.2329

PART 16
OFFSET  17.4472 -5.2164 -4.9876
SCALE 1 1 1
X  0.2053  0.1641  0.9648
Y -0.5010  0.8645 -0.0405
Z -0.8408 -0.4751  0.2597

PART 17
OFFSET  17.6292 -5.0708 -4.1321
SCALE 1 1 1
X  0.0634  0.4075  0.9110
Y -0.4816  0.8120 -0.3297
Z -0.8741 -0.4178  0.2477

PART 18
OFFSET  17.6894 -4.6837 -3.2666
SCALE 1 1 1
X  0.3802 -0.7610 -0.5257
Y -0.5148  0.2980 -0.8038
Z  0.7684  0.5762 -0.2784

PART 19
OFFSET  16.9974 -2.1804 -6.6398
SCALE 1 1 1
X  0.4128 -0.9047 -0.1056
Y -0.1163 -0.1673  0.9790
Z -0.9034 -0.3918 -0.1742

PART 20
OFFSET  17.9970 -4.5792 -6.5692
SCALE 1 1 1
X  0.2866 -0.4236  0.8593
Y -0.2848  0.8187  0.4985
Z -0.9147 -0.3876  0.1140

PART 21
OFFSET  18.4848 -5.3003 -5.1062
SCALE 1 1 1
X  0.0996  0.1000  0.9900
Y -0.4149  0.9085 -0.0500
Z -0.9044 -0.4058  0.1320

PART 22
OFFSET  18.6228 -5.1617 -3.7341
SCALE 1 1 1
X -0.1073  0.5036  0.8573
Y -0.4121  0.7622 -0.4993
Z -0.9048 -0.4068  0.1258

PART 23
OFFSET  18.5065 -4.6156 -2.8044
SCALE 1 1 1
X  0.2788 -0.8680 -0.4110
Y -0.2369  0.3526 -0.9053
Z  0.9307  0.3497 -0.1073

PART 24
OFFSET  19.7892 -2.4288 -5.9993
SCALE 1 1 1
X  0.4703 -0.8638  0.1809
Y  0.2912 -0.0416 -0.9558
Z  0.8331  0.5021  0.2320

PART 25
OFFSET  19.7855 -3.4377 -7.0778
SCALE 1 1 1
X  0.2215 -0.7358  0.6400
Y -0.1961  0.6093  0.7684
Z -0.9553 -0.2956 -0.0093

PART 26
OFFSET  20.1754 -4.7332 -5.9510
SCALE 1 1 1
X  0.0275 -0.2427  0.9697
Y -0.3362  0.9113  0.2376
Z -0.9414 -0.3326 -0.0566

PART 27
OFFSET  20.2659 -5.0081 -4.7687
SCALE 1 1 1
X -0.0598  0.2182  0.9741
Y -0.3251  0.9184 -0.2257
Z -0.9438 -0.3301  0.0160

PART 28
OFFSET  20.1984 -4.7616 -3.6685
SCALE 1 1 1
X  0.0475 -0.9929 -0.1089
Y  0.0855  0.1126 -0.9900
Z  0.9952  0.0377  0.0902

PART 29
OFFSET  18.9015 -4.1001 -7.0621
SCALE 1 1 1
X  0.2752 -0.6185  0.7360
Y -0.2129  0.7073  0.6740
Z -0.9375 -0.3422  0.0630

PART 30
OFFSET  19.4391 -5.3084 -5.6242
SCALE 1 1 1
X  0.0338  0.0462  0.9984
Y -0.3070  0.9511 -0.0336
Z -0.9511 -0.3053  0.0463

PART 31
OFFSET  19.4885 -5.2410 -4.1660
SCALE 1 1 1
X -0.1308  0.4888  0.8625
Y -0.1247  0.8550 -0.5034
Z -0.9835 -0.1734 -0.0508

PART 32
OFFSET  19.3335 -4.6892 -3.1891
SCALE 1 1 1
X  0.2428 -0.9098 -0.3366
Y -0.0846  0.3258 -0.9417
Z  0.9664  0.2571  0.0022

PART 33
OFFSET  17.9025 -3.7054 -5.3305
SCALE 1 1 1
X -0.9278 -0.3530 -0.1211
Y  0.0702  0.1537 -0.9856
Z  0.3665 -0.9229 -0.1178

PART 34
OFFSET -12.9782 -7.9373 -1.9159
SCALE 1 1 1
X -0.2660 -0.0816  0.9605
Y -0.2787 -0.9473 -0.1577
Z  0.9228 -0.3097  0.2293

PART 35
OFFSET -9.7608 -6.9502 -13.5321
SCALE 1 1 1
X -0.8555 -0.1935 -0.4802
Y  0.4636  0.1268 -0.8769
Z  0.2306 -0.9729 -0.0188

PART 36
OFFSET -2.4840 -5.3046 -9.4476
SCALE 1 1 1
X -0.8555 -0.1935 -0.4802
Y  0.4940 -0.0277 -0.8690
Z  0.1548 -0.9807  0.1193

PART 37
OFFSET -1.8604 -4.0064 -8.0869
SCALE 1 1 1
X -0.8589 -0.1916 -0.4749
Y -0.2348  0.9715  0.0328
Z  0.4551  0.1396 -0.8794

PART 38
OFFSET -1.8368 -4.6437 -7.0724
SCALE 1 1 1
X -0.8589 -0.1916 -0.4749
Y -0.2348  0.9715  0.0328
Z  0.4551  0.1396 -0.8794

PART 39
OFFSET -1.3461 -5.8859 -7.2388
SCALE 1 1 1
X -0.8589 -0.1916 -0.4749
Y -0.2348  0.9715  0.0328
Z  0.4551  0.1396 -0.8794

PART 40
OFFSET  0.1388 -4.7114 -7.9754
SCALE 1 1 1
X -0.9500 -0.0002 -0.3123
Y  0.3123  0.0086 -0.9499
Z  0.0029 -1.0000 -0.0081

PART 41
OFFSET  0.2636 -4.3091 -6.9149
SCALE 1 1 1
X -0.5540 -0.6571 -0.5111
Y  0.6448  0.0496 -0.7627
Z  0.5266 -0.7521  0.3962

PART 42
OFFSET  1.3654 -2.8541 -5.7579
SCALE 1 1 1
X -0.9324 -0.3586 -0.0440
Y  0.2177 -0.4604 -0.8606
Z  0.2884 -0.8120  0.5074

PART 43
OFFSET  2.8514 -2.2117 -5.7951
SCALE 1 1 1
X -0.7772 -0.0528  0.6271
Y -0.4690 -0.6158 -0.6331
Z  0.4196 -0.7861  0.4538

PART 44
OFFSET  3.6806 -2.1082 -6.4832
SCALE 1 1 1
X -0.9399  0.3391  0.0409
Y  0.2704  0.8119 -0.5174
Z -0.2087 -0.4752 -0.8548

PART 45
OFFSET  1.2765 -4.5000 -8.7267
SCALE 1 1 1
X -0.9571 -0.0480  0.2859
Y  0.0610 -0.9975  0.0368
Z  0.2834  0.0527  0.9576

PART 46
OFFSET  3.4607 -4.2621 -9.2340
SCALE 1 1 1
X -0.4674 -0.8480 -0.2497
Y  0.8830 -0.4615 -0.0853
Z -0.0429 -0.2604  0.9646

PART 47
OFFSET  4.1224 -3.0615 -8.8805
SCALE 1 1 1
X  0.4539 -0.8636 -0.2193
Y  0.8910  0.4372  0.1225
Z -0.0099 -0.2510  0.9679

PART 48
OFFSET  3.7199 -2.2957 -8.6860
SCALE 1 1 1
X  0.9924  0.1214 -0.0197
Y -0.1143  0.9694  0.2174
Z  0.0455 -0.2135  0.9759

PART 49
OFFSET  2.7771 -2.4111 -8.6674
SCALE 1 1 1
X -0.6939 -0.6705 -0.2626
Y -0.7192  0.6267  0.3001
Z -0.0367  0.3970 -0.9171

PART 50
OFFSET  1.2783 -4.6453 -8.0278
SCALE 1 1 1
X -0.9999 -0.0089 -0.0055
Y  0.0086 -0.9992  0.0400
Z -0.0059  0.0400  0.9992

PART 51
OFFSET  3.8746 -4.6503 -8.1610
SCALE 1 1 1
X -0.3010 -0.9489 -0.0947
Y  0.9535 -0.3008 -0.0170
Z -0.0124 -0.0954  0.9954

PART 52
OFFSET  4.3870 -3.0347 -7.9997
SCALE 1 1 1
X  0.7069 -0.7044 -0.0636
Y  0.7067  0.6999  0.1035
Z -0.0284 -0.1181  0.9926

PART 53
OFFSET  3.4073 -2.0584 -7.9117
SCALE 1 1 1
X  0.9210  0.3824  0.0746
Y -0.3882  0.9169  0.0923
Z -0.0331 -0.1139  0.9929

PART 54
OFFSET  2.4085 -2.4732 -7.9926
SCALE 1 1 1
X -0.5344 -0.8427 -0.0650
Y -0.8441  0.5361 -0.0099
Z  0.0432  0.0496 -0.9978

PART 55
OFFSET -4.0775 -5.2555 -8.4763
SCALE 1 1 1
X -0.9534 -0.2799 -0.1124
Y -0.2666  0.9563 -0.1201
Z  0.1411 -0.0846 -0.9864

PART 56
OFFSET  3.6059 -5.0887 -6.0450
SCALE 1 1 1
X -0.9418 -0.3132 -0.1223
Y  0.3173 -0.9482 -0.0152
Z -0.1112 -0.0532  0.9924

PART 57
OFFSET  5.2641 -4.5373 -5.8296
SCALE 1 1 1
X -0.2895 -0.9565 -0.0366
Y  0.9491 -0.2918  0.1184
Z -0.1239 -0.0004  0.9923

PART 58
OFFSET  5.6085 -3.3746 -5.7249
SCALE 1 1 1
X  0.6155 -0.7879  0.0192
Y  0.7783  0.6114  0.1431
Z -0.1245 -0.0731  0.9895

PART 59
OFFSET  4.9133 -2.4846 -5.7466
SCALE 1 1 1
X -0.9379 -0.3160  0.1429
Y -0.3321  0.9371 -0.1077
Z -0.0998 -0.1485 -0.9839

PART 60
OFFSET  3.8429 -4.9001 -7.1074
SCALE 1 1 1
X -0.4634 -0.8838 -0.0645
Y  0.8779 -0.4678  0.1024
Z -0.1207 -0.0092  0.9926

PART 61
OFFSET  4.7483 -3.1736 -6.9813
SCALE 1 1 1
X  0.6673 -0.7414  0.0715
Y  0.7397  0.6709  0.0530
Z -0.0873  0.0175  0.9960

PART 62
OFFSET  3.7737 -2.0907 -7.0857
SCALE 1 1 1
X  0.9793  0.1961  0.0508
Y -0.1915  0.9779 -0.0838
Z -0.0661  0.0723  0.9952

PART 63
OFFSET  2.6649 -2.3126 -7.1503
SCALE 1 1 1
X -0.6244 -0.7796 -0.0490
Y -0.7796  0.6258 -0.0223
Z  0.0481  0.0243 -0.9985

PART 64
OFFSET  10.6714 -3.3397 -3.5839
SCALE 1 1 1
X  1.0000 -0.0000  0.0000
Y  0.0000  1.0000  0.0000
Z  0.0000 -0.0000  1.0000

PART 65
OFFSET  10.6714 -3.3397 -3.5839
SCALE 1 1 1
X  1.0000 -0.0000  0.0000
Y  0.0000  1.0000  0.0000
Z  0.0000 -0.0000  1.0000

PART 66
OFFSET  9.5585 -3.6537 -3.2837
SCALE 1 1 1
X  0.0000 -0.9659  0.2588
Y  1.0000  0.0000 -0.0000
Z  0.0000  0.2588  0.9659

PART 67
OFFSET  33.8883 -3.3220 -3.1664
SCALE 1 1 1
X  1.0000 -0.0000  0.0000
Y  0.0000  1.0000  0.0000
Z  0.0000 -0.0000  1.0000

PART 68
OFFSET  10.6714 -3.2649 -4.3898
SCALE 1 1 1
X  1.0000 -0.0000  0.0000
Y  0.0000  1.0000  0.0000
Z  0.0000 -0.0000  1.0000

PART 69
OFFSET  10.6842 -3.3397 -3.1520
SCALE 1 1 1
X  1.0000 -0.0000  0.0000
Y  0.0000  1.0000  0.0000
Z  0.0000 -0.0000  1.0000

PART 70
OFFSET  16.3285 -3.3448 -5.9054
SCALE 1 1 1
X  1.0000 -0.0000  0.0000
Y  0.0000  1.0000  0.0000
Z  0.0000 -0.0000  1.0000

PART 71
OFFSET  3.0927 -2.1356 -3.5479
SCALE 1 1 1
X  1.0000 -0.0000  0.0000
Y  0.0000  1.0000  0.0000
Z  0.0000 -0.0000  1.0000

PART 72
OFFSET  3.0927 -2.2645 -3.5479
SCALE 1 1 1
X  0.6820 -0.0000  0.7314
Y -0.0000  1.0000  0.0000
Z -0.7314 -0.0000  0.6820

PART 73
OFFSET  14.7631 -3.3448 -1.5284
SCALE 1 1 1
X  1.0000 -0.0000  0.0000
Y  0.0000  1.0000  0.0000
Z  0.0000 -0.0000  1.0000

PART 74
OFFSET  8.0992 -3.3229 -4.9793
SCALE 1 1 1
X  1.0000 -0.0000  0.0000
Y  0.0000  1.0000  0.0000
Z  0.0000 -0.0000  1.0000

PART 75
OFFSET  13.4247 -3.3397 -1.8315
SCALE 1 1 1
X  0.0000 -0.9659  0.2588
Y  1.0000  0.0000  0.0000
Z -0.0000  0.2588  0.9659

PART 76
OFFSET  12.3189 -3.3397 -1.7830
SCALE 1 1 1
X  1.0000 -0.0000  0.0000
Y  0.0000  1.0000  0.0000
Z  0.0000 -0.0000  1.0000

PART 77
OFFSET  18.6037 -4.2623 -2.6850
SCALE 1 1 1
X  1.0000 -0.0000  0.0000
Y  0.0000  0.7071  0.7071
Z  0.0000 -0.7071  0.7071

PART 78
OFFSET  12.1267 -3.3397 -1.2071
SCALE 1 1 1
X  1.0000 -0.0000  0.0000
Y  0.0000  1.0000  0.0000
Z  0.0000 -0.0000  1.0000

PART 79
OFFSET  33.8883 -3.3220 -3.1664
SCALE 1 1 1
X  0.0000 -1.0000 -0.0000
Y  1.0000  0.0000  0.0000
Z -0.0000 -0.0000  1.0000

PART 80
OFFSET  40.4230 -3.3220 -3.1664
SCALE 1 1 1
X -0.0000 -1.0000 -0.0000
Y  1.0000 -0.0000 -0.0000
Z -0.0000 -0.0000  1.0000

PART 81
OFFSET  22.7848 -3.3220 -5.8650
SCALE 1 1 1
X  1.0000 -0.0000  0.0000
Y  0.0000  1.0000  0.0000
Z  0.0000 -0.0000  1.0000

PART 82
OFFSET  8.8624 -2.5847 -3.4796
SCALE 1 1 1
X  1.0000 -0.0000  0.0000
Y  0.0000  1.0000  0.0000
Z  0.0000 -0.0000  1.0000

PART 83
OFFSET  10.7085 -2.1487 -4.3845
SCALE 1 1 1
X  1.0000 -0.0000  0.0000
Y  0.0000  1.0000  0.0000
Z  0.0000 -0.0000  1.0000

PART 84
OFFSET  9.9857 -2.1487 -4.3845
SCALE 1 1 1
X  1.0000 -0.0000  0.0000
Y  0.0000  1.0000  0.0000
Z  0.0000 -0.0000  1.0000

PART 85
OFFSET  9.2614 -2.1487 -4.3845
SCALE 1 1 1
X  1.0000 -0.0000  0.0000
Y  0.0000  1.0000  0.0000
Z  0.0000 -0.0000  1.0000

PART 86
OFFSET  8.5370 -2.1487 -4.3845
SCALE 1 1 1
X  1.0000 -0.0000  0.0000
Y  0.0000  1.0000  0.0000
Z  0.0000 -0.0000  1.0000

PART 87
OFFSET  7.8127 -2.1487 -4.3845
SCALE 1 1 1
X  1.0000 -0.0000  0.0000
Y  0.0000  1.0000  0.0000
Z  0.0000 -0.0000  1.0000

PART 88
OFFSET  7.0883 -2.1487 -4.3845
SCALE 1 1 1
X  1.0000 -0.0000  0.0000
Y  0.0000  1.0000  0.0000
Z  0.0000 -0.0000  1.0000

PART 89
OFFSET  0.0000 -0.0000 -0.0000
SCALE 1 1 1
X  1.0000 -0.0000  0.0000
Y  0.0000  1.0000  0.0000
Z  0.0000 -0.0000  1.0000

PART 90
OFFSET  0.0000 -0.0000 -0.0000
SCALE 1 1 1
X  1.0000 -0.0000  0.0000
Y  0.0000  1.0000  0.0000
Z  0.0000 -0.0000  1.0000

PART 91
OFFSET  1.5404 -0.0000  4.1357
SCALE 1 1 1
X  1.0000 -0.0000  0.0000
Y  0.0000  1.0000  0.0000
Z  0.0000 -0.0000  1.0000

PART 92
OFFSET  0.0000 -0.0000 -0.0000
SCALE 1 1 1
X  1.0000 -0.0000  0.0000
Y  0.0000  1.0000  0.0000
Z  0.0000 -0.0000  1.0000


FRAME 46
PART 0
OFFSET -4.6318 -0.0000 -1.3770
SCALE 1 1 1
X  1.0000 -0.0000  0.0000
Y  0.0000  1.0000  0.0000
Z  0.0000 -0.0000  1.0000

PART 1
OFFSET -1.0379  7.9373 -5.9168
SCALE 1 1 1
X  0.7444 -0.2976 -0.5978
Y -0.1733 -0.9506  0.2575
Z -0.6449 -0.0881 -0.7592

PART 2
OFFSET  7.9646  4.3380 -13.1462
SCALE 1 1 1
X  0.6748 -0.4811  0.5597
Y -0.5625  0.1558  0.8120
Z -0.4778 -0.8627 -0.1655

PART 3
OFFSET  13.7038  0.2465 -8.3855
SCALE 1 1 1
X  0.6748 -0.4811  0.5597
Y  0.4896  0.8592  0.1482
Z -0.5522  0.1740  0.8153

PART 4
OFFSET  16.1115  0.8435 -8.2846
SCALE 1 1 1
X  0.6794 -0.4796  0.5553
Y  0.4839  0.8618  0.1522
Z -0.5515  0.1653  0.8176

PART 5
OFFSET  14.7453 -1.0670 -8.9583
SCALE 1 1 1
X  0.6794 -0.4796  0.5553
Y  0.4839  0.8618  0.1522
Z -0.5515  0.1653  0.8176

PART 6
OFFSET  15.2181  1.5026 -5.7049
SCALE 1 1 1
X  0.6794 -0.4796  0.5553
Y  0.4839  0.8618  0.1522
Z -0.5515  0.1653  0.8176

PART 7
OFFSET  13.7194 -0.6999 -5.9616
SCALE 1 1 1
X  0.6794 -0.4796  0.5553
Y  0.4839  0.8618  0.1522
Z -0.5515  0.1653  0.8176

PART 8
OFFSET  13.7111 -1.3177 -7.1694
SCALE 1 1 1
X  0.6794 -0.4796  0.5553
Y  0.4839  0.8618  0.1522
Z -0.5515  0.1653  0.8176

PART 9
OFFSET  15.7724 -1.2283 -6.6696
SCALE 1 1 1
X  0.6715 -0.7399 -0.0412
Y  0.7373  0.6615  0.1375
Z -0.0745 -0.1227  0.9896

PART 10
OFFSET  16.7553 -0.9731 -6.1490
SCALE 1 1 1
X  0.8391 -0.0726  0.5392
Y  0.1401  0.9865 -0.0853
Z -0.5257  0.1471  0.8379

PART 11
OFFSET  18.5507 -1.0231 -4.9474
SCALE 1 1 1
X  0.8980 -0.2389  0.3694
Y  0.1957  0.9690  0.1509
Z -0.3940 -0.0632  0.9169

PART 12
OFFSET  19.9446 -1.4737 -4.2573
SCALE 1 1 1
X  0.7546 -0.4824  0.4448
Y  0.4322  0.8754  0.2162
Z -0.4938  0.0291  0.8691

PART 13
OFFSET  20.7453 -1.9792 -3.7328
SCALE 1 1 1
X  0.9633 -0.1944 -0.1853
Y -0.1900 -0.0055 -0.9818
Z  0.1898  0.9809 -0.0422

PART 14
OFFSET  15.5361 -2.5874 -6.6517
SCALE 1 1 1
X  0.1519 -0.9699  0.1901
Y  0.0641  0.2016  0.9774
Z -0.9863 -0.1362  0.0928

PART 15
OFFSET  16.0288 -4.7221 -6.1181
SCALE 1 1 1
X  0.4200 -0.3916  0.8187
Y -0.2544  0.8151  0.5205
Z -0.8711 -0.4268  0.2428

PART 16
OFFSET  16.6234 -5.2766 -4.9591
SCALE 1 1 1
X  0.2014  0.1941  0.9601
Y -0.4998  0.8633 -0.0697
Z -0.8424 -0.4658  0.2709

PART 17
OFFSET  16.8020 -5.1046 -4.1078
SCALE 1 1 1
X  0.0601  0.4357  0.8981
Y -0.4792  0.8018 -0.3570
Z -0.8756 -0.4089  0.2570

PART 18
OFFSET  16.8591 -4.6906 -3.2547
SCALE 1 1 1
X  0.3815 -0.7775 -0.4999
Y -0.5111  0.2733 -0.8149
Z  0.7702  0.5664 -0.2931

PART 19
OFFSET  16.1841 -2.2934 -6.7075
SCALE 1 1 1
X  0.4121 -0.9080 -0.0755
Y -0.1206 -0.1364  0.9833
Z -0.9031 -0.3962 -0.1657

PART 20
OFFSET  17.1806 -4.6899 -6.5576
SCALE 1 1 1
X  0.2824 -0.3967  0.8734
Y -0.2859  0.8343  0.4714
Z -0.9157 -0.3829  0.1222

PART 21
OFFSET  17.6614 -5.3654 -5.0707
SCALE 1 1 1
X  0.0956  0.1308  0.9868
Y -0.4137  0.9069 -0.0802
Z -0.9054 -0.4005  0.1408

PART 22
OFFSET  17.7939 -5.1840 -3.7030
SCALE 1 1 1
X -0.1102  0.5303  0.8406
Y -0.4091  0.7466 -0.5246
Z -0.9058 -0.4017  0.1346

PART 23
OFFSET  17.6743 -4.6089 -2.7914
SCALE 1 1 1
X  0.2795 -0.8807 -0.3824
Y -0.2327  0.3243 -0.9169
Z  0.9315  0.3452 -0.1143

PART 24
OFFSET  18.9730 -2.5246 -6.0477
SCALE 1 1 1
X  0.4685 -0.8582  0.2098
Y  0.2952 -0.0718 -0.9527
Z  0.8327  0.5083  0.2197

PART 25
OFFSET  18.9725 -3.5668 -7.0941
SCALE 1 1 1
X  0.2179 -0.7156  0.6636
Y -0.1985  0.6332  0.7481
Z -0.9556 -0.2948 -0.0041

PART 26
OFFSET  19.3562 -4.8267 -5.9257
SCALE 1 1 1
X  0.0231 -0.2123  0.9769
Y -0.3361  0.9187  0.2075
Z -0.9415 -0.3332 -0.0501

PART 27
OFFSET  19.4415 -5.0646 -4.7350
SCALE 1 1 1
X -0.0636  0.2487  0.9665
Y -0.3230  0.9112 -0.2557
Z -0.9442 -0.3285  0.0224

PART 28
OFFSET  19.3696 -4.7837 -3.6433
SCALE 1 1 1
X  0.0467 -0.9959 -0.0775
Y  0.0898  0.0815 -0.9926
Z  0.9949  0.0394  0.0932

PART 29
OFFSET  18.0877 -4.2275 -7.0614
SCALE 1 1 1
X  0.2714 -0.5955  0.7562
Y -0.2149  0.7283  0.6507
Z -0.9382 -0.3391  0.0697

PART 30
OFFSET  18.6179 -5.3907 -5.5842
SCALE 1 1 1
X  0.0297  0.0774  0.9966
Y -0.3057  0.9499 -0.0647
Z -0.9517 -0.3027  0.0518

PART 31
OFFSET  18.6612 -5.2777 -4.1285
SCALE 1 1 1
X -0.1338  0.5157  0.8462
Y -0.1216  0.8389 -0.5305
Z -0.9835 -0.1739 -0.0495

PART 32
OFFSET  18.5028 -4.6954 -3.1701
SCALE 1 1 1
X  0.2431 -0.9202 -0.3069
Y -0.0802  0.2962 -0.9517
Z  0.9667  0.2560 -0.0018

PART 33
OFFSET  17.0820 -3.7777 -5.3472
SCALE 1 1 1
X -0.9277 -0.3556 -0.1139
Y  0.0745  0.1227 -0.9896
Z  0.3659 -0.9265 -0.0873

PART 34
OFFSET -12.9782 -7.9373 -1.9159
SCALE 1 1 1
X -0.2714 -0.0760  0.9595
Y -0.2876 -0.9449 -0.1562
Z  0.9185 -0.3183  0.2346

PART 35
OFFSET -9.6956 -7.0183 -13.5194
SCALE 1 1 1
X -0.8601 -0.1876 -0.4744
Y  0.4598  0.1174 -0.8802
Z  0.2208 -0.9752 -0.0148

PART 36
OFFSET -2.3799 -5.4231 -9.4847
SCALE 1 1 1
X -0.8601 -0.1876 -0.4744
Y  0.4912 -0.0541 -0.8693
Z  0.1374 -0.9808  0.1387

PART 37
OFFSET -1.7358 -4.1239 -8.1346
SCALE 1 1 1
X -0.8635 -0.1856 -0.4691
Y -0.2249  0.9739  0.0288
Z  0.4515  0.1303 -0.8827

PART 38
OFFSET -1.7128 -4.7558 -7.1168
SCALE 1 1 1
X -0.8635 -0.1856 -0.4691
Y -0.2249  0.9739  0.0288
Z  0.4515  0.1303 -0.8827

PART 39
OFFSET -1.2354 -6.0037 -7.2792
SCALE 1 1 1
X -0.8635 -0.1856 -0.4691
Y -0.2249  0.9739  0.0288
Z  0.4515  0.1303 -0.8827

PART 40
OFFSET  0.2569 -4.8481 -8.0305
SCALE 1 1 1
X -0.9487 -0.0090 -0.3162
Y  0.3163 -0.0215 -0.9484
Z  0.0017 -0.9997  0.0232

PART 41
OFFSET  0.3777 -4.4129 -6.9825
SCALE 1 1 1
X -0.5527 -0.6722 -0.4926
Y  0.6480  0.0250 -0.7612
Z  0.5240 -0.7399  0.4218

PART 42
OFFSET  1.4765 -2.9235 -5.8670
SCALE 1 1 1
X -0.9327 -0.3588 -0.0367
Y  0.2207 -0.4874 -0.8448
Z  0.2853 -0.7960  0.5338

PART 43
OFFSET  2.9634 -2.2842 -5.9180
SCALE 1 1 1
X -0.7798 -0.0323  0.6251
Y -0.4671 -0.6348 -0.6155
Z  0.4167 -0.7720  0.4800

PART 44
OFFSET  3.7956 -2.2032 -6.6055
SCALE 1 1 1
X -0.9396  0.3412  0.0263
Y  0.2736  0.7950 -0.5414
Z -0.2057 -0.5015 -0.8404

PART 45
OFFSET  1.3980 -4.6615 -8.7832
SCALE 1 1 1
X -0.9583 -0.0380  0.2832
Y  0.0597 -0.9959  0.0683
Z  0.2794  0.0823  0.9566

PART 46
OFFSET  3.5846 -4.4420 -9.2885
SCALE 1 1 1
X -0.4674 -0.8550 -0.2250
Y  0.8828 -0.4649 -0.0671
Z -0.0472 -0.2300  0.9720

PART 47
OFFSET  4.2463 -3.2316 -8.9699
SCALE 1 1 1
X  0.4538 -0.8706 -0.1902
Y  0.8910  0.4399  0.1125
Z -0.0143 -0.2206  0.9753

PART 48
OFFSET  3.8439 -2.4597 -8.8012
SCALE 1 1 1
X  0.9926  0.1197 -0.0193
Y -0.1141  0.9758  0.1864
Z  0.0411 -0.1829  0.9823

PART 49
OFFSET  2.9009 -2.5734 -8.7830
SCALE 1 1 1
X -0.6936 -0.6777 -0.2444
Y -0.7197  0.6366  0.2773
Z -0.0324  0.3682 -0.9292

PART 50
OFFSET  1.3967 -4.7849 -8.0801
SCALE 1 1 1
X -0.9999 -0.0080 -0.0095
Y  0.0073 -0.9974  0.0713
Z -0.0100  0.0712  0.9974

PART 51
OFFSET  3.9935 -4.7968 -8.2020
SCALE 1 1 1
X -0.3017 -0.9511 -0.0662
Y  0.9532 -0.3022 -0.0035
Z -0.0167 -0.0642  0.9978

PART 52
OFFSET  4.5073 -3.1775 -8.0893
SCALE 1 1 1
X  0.7063 -0.7068 -0.0385
Y  0.7071  0.7020  0.0845
Z -0.0327 -0.0869  0.9957

PART 53
OFFSET  3.5284 -2.1979 -8.0360
SCALE 1 1 1
X  0.9211  0.3836  0.0665
Y -0.3875  0.9198  0.0619
Z -0.0374 -0.0827  0.9959

PART 54
OFFSET  2.5293 -2.6139 -8.1081
SCALE 1 1 1
X -0.5352 -0.8438 -0.0408
Y -0.8434  0.5364 -0.0303
Z  0.0474  0.0182 -0.9987

PART 55
OFFSET -3.9579 -5.4032 -8.5319
SCALE 1 1 1
X -0.9533 -0.2823 -0.1076
Y -0.2649  0.9523 -0.1511
Z  0.1451 -0.1156 -0.9826

PART 56
OFFSET  3.7155 -5.1685 -6.0745
SCALE 1 1 1
X -0.9416 -0.3159 -0.1164
Y  0.3162 -0.9486  0.0158
Z -0.1154 -0.0219  0.9931

PART 57
OFFSET  5.3734 -4.6123 -5.8695
SCALE 1 1 1
X -0.2905 -0.9568 -0.0078
Y  0.9483 -0.2889  0.1314
Z -0.1280  0.0308  0.9913

PART 58
OFFSET  5.7187 -3.4472 -5.7998
SCALE 1 1 1
X  0.6144 -0.7876  0.0465
Y  0.7784  0.6148  0.1272
Z -0.1288 -0.0419  0.9908

PART 59
OFFSET  5.0247 -2.5576 -5.8523
SCALE 1 1 1
X -0.9389 -0.3104  0.1487
Y -0.3305  0.9336 -0.1384
Z -0.0959 -0.1791 -0.9791

PART 60
OFFSET  3.9572 -5.0134 -7.1413
SCALE 1 1 1
X -0.4642 -0.8849 -0.0388
Y  0.8769 -0.4653  0.1207
Z -0.1249  0.0220  0.9919

PART 61
OFFSET  4.8641 -3.2848 -7.0655
SCALE 1 1 1
X  0.6661 -0.7395  0.0975
Y  0.7403  0.6714  0.0351
Z -0.0914  0.0488  0.9946

PART 62
OFFSET  3.8912 -2.2047 -7.2079
SCALE 1 1 1
X  0.9793  0.1965  0.0487
Y -0.1900  0.9750 -0.1152
Z -0.0702  0.1035  0.9922

PART 63
OFFSET  2.7824 -2.4273 -7.2702
SCALE 1 1 1
X -0.6251 -0.7801 -0.0272
Y -0.7788  0.6256 -0.0452
Z  0.0523 -0.0070 -0.9986

PART 64
OFFSET  10.7727 -3.3507 -3.6396
SCALE 1 1 1
X  1.0000 -0.0011  0.0042
Y  0.0012  0.9995 -0.0313
Z -0.0042  0.0313  0.9995

PART 65
OFFSET  10.7727 -3.3507 -3.6396
SCALE 1 1 1
X  1.0000 -0.0011  0.0042
Y  0.0012  0.9995 -0.0313
Z -0.0042  0.0313  0.9995

PART 66
OFFSET  9.6582 -3.6539 -3.3344
SCALE 1 1 1
X -0.0022 -0.9573  0.2889
Y  1.0000 -0.0011  0.0042
Z -0.0037  0.2889  0.9573

PART 67
OFFSET  33.9877 -3.3446 -3.1248
SCALE 1 1 1
X  1.0000 -0.0011  0.0042
Y  0.0012  0.9995 -0.0313
Z -0.0042  0.0313  0.9995

PART 68
OFFSET  10.7762 -3.3012 -4.4474
SCALE 1 1 1
X  1.0000 -0.0011  0.0042
Y  0.0012  0.9995 -0.0313
Z -0.0042  0.0313  0.9995

PART 69
OFFSET  10.7838 -3.3372 -3.2079
SCALE 1 1 1
X  1.0000 -0.0011  0.0042
Y  0.0012  0.9995 -0.0313
Z -0.0042  0.0313  0.9995

PART 70
OFFSET  15.5690 -3.4336 -5.9395
SCALE 1 1 1
X  1.0000 -0.0011  0.0042
Y  0.0012  0.9995 -0.0313
Z -0.0042  0.0313  0.9995

PART 71
OFFSET  3.1953 -2.1380 -3.6733
SCALE 1 1 1
X  1.0000 -0.0011  0.0042
Y  0.0012  0.9995 -0.0313
Z -0.0042  0.0313  0.9995

PART 72
OFFSET  3.1952 -2.2669 -3.6693
SCALE 1 1 1
X  0.6789  0.0222  0.7339
Y  0.0012  0.9995 -0.0313
Z -0.7342  0.0221  0.6786

PART 73
OFFSET  14.8557 -3.2958 -1.5677
SCALE 1 1 1
X  1.0000 -0.0011  0.0042
Y  0.0012  0.9995 -0.0313
Z -0.0042  0.0313  0.9995

PART 74
OFFSET  8.2064 -3.3748 -5.0457
SCALE 1 1 1
X  1.0000 -0.0011  0.0042
Y  0.0012  0.9995 -0.0313
Z -0.0042  0.0313  0.9995

PART 75
OFFSET  13.5186 -3.2988 -1.8765
SCALE 1 1 1
X -0.0022 -0.9573  0.2889
Y  1.0000 -0.0011  0.0042
Z -0.0037  0.2889  0.9573

PART 76
OFFSET  12.4127 -3.2961 -1.8327
SCALE 1 1 1
X  1.0000 -0.0011  0.0042
Y  0.0012  0.9995 -0.0313
Z -0.0042  0.0313  0.9995

PART 77
OFFSET  18.7001 -4.2531 -2.6787
SCALE 1 1 1
X  1.0000 -0.0011  0.0042
Y -0.0021  0.7289  0.6846
Z -0.0038 -0.6846  0.7289

PART 78
OFFSET  12.2180 -3.2778 -1.2578
SCALE 1 1 1
X  1.0000 -0.0011  0.0042
Y  0.0012  0.9995 -0.0313
Z -0.0042  0.0313  0.9995

PART 79
OFFSET  33.9877 -3.3446 -3.1248
SCALE 1 1 1
X -0.0012 -0.9995  0.0313
Y  1.0000 -0.0011  0.0042
Z -0.0042  0.0313  0.9995

PART 80
OFFSET  40.5223 -3.3516 -3.0972
SCALE 1 1 1
X -0.0012 -0.9995  0.0313
Y  1.0000 -0.0011  0.0042
Z -0.0042  0.0313  0.9995

PART 81
OFFSET  22.0251 -3.4164 -5.8726
SCALE 1 1 1
X  1.0000 -0.0011  0.0042
Y  0.0012  0.9995 -0.0313
Z -0.0042  0.0313  0.9995

PART 82
OFFSET  8.9642 -2.5908 -3.5667
SCALE 1 1 1
X  1.0000 -0.0011  0.0042
Y  0.0012  0.9995 -0.0313
Z -0.0042  0.0313  0.9995

PART 83
OFFSET  10.8146 -2.1854 -4.4769
SCALE 1 1 1
X  1.0000 -0.0011  0.0042
Y  0.0012  0.9995 -0.0313
Z -0.0042  0.0313  0.9995

PART 84
OFFSET  10.0919 -2.1846 -4.4800
SCALE 1 1 1
X  1.0000 -0.0011  0.0042
Y  0.0012  0.9995 -0.0313
Z -0.0042  0.0313  0.9995

PART 85
OFFSET  9.3675 -2.1839 -4.4830
SCALE 1 1 1
X  1.0000 -0.0011  0.0042
Y  0.0012  0.9995 -0.0313
Z -0.0042  0.0313  0.9995

PART 86
OFFSET  8.6432 -2.1831 -4.4861
SCALE 1 1 1
X  1.0000 -0.0011  0.0042
Y  0.0012  0.9995 -0.0313
Z -0.0042  0.0313  0.9995

PART 87
OFFSET  7.9188 -2.1823 -4.4891
SCALE 1 1 1
X  1.0000 -0.0011  0.0042
Y  0.0012  0.9995 -0.0313
Z -0.0042  0.0313  0.9995

PART 88
OFFSET  7.1945 -2.1816 -4.4922
SCALE 1 1 1
X  1.0000 -0.0011  0.0042
Y  0.0012  0.9995 -0.0313
Z -0.0042  0.0313  0.9995

PART 89
OFFSET  0.0000 -0.0000 -0.0000
SCALE 1 1 1
X  1.0000 -0.0000  0.0000
Y  0.0000  1.0000  0.0000
Z  0.0000 -0.0000  1.0000

PART 90
OFFSET  0.0000 -0.0000 -0.0000
SCALE 1 1 1
X  1.0000 -0.0000  0.0000
Y  0.0000  1.0000  0.0000
Z  0.0000 -0.0000  1.0000

PART 91
OFFSET  1.5404 -0.0000  4.1357
SCALE 1 1 1
X  1.0000 -0.0000  0.0000
Y  0.0000  1.0000  0.0000
Z  0.0000 -0.0000  1.0000

PART 92
OFFSET  0.0000 -0.0000 -0.0000
SCALE 1 1 1
X  1.0000 -0.0000  0.0000
Y  0.0000  1.0000  0.0000
Z  0.0000 -0.0000  1.0000


FRAME 47
PART 0
OFFSET -4.6318 -0.0000 -1.3770
SCALE 1 1 1
X  1.0000 -0.0000  0.0000
Y  0.0000  1.0000  0.0000
Z  0.0000 -0.0000  1.0000

PART 1
OFFSET -1.0379  7.9373 -5.9168
SCALE 1 1 1
X  0.6758 -0.2957 -0.6751
Y -0.1868 -0.9548  0.2312
Z -0.7130 -0.0302 -0.7005

PART 2
OFFSET  7.1357  4.3611 -14.0818
SCALE 1 1 1
X  0.6024 -0.4955  0.6258
Y -0.6020  0.2327  0.7638
Z -0.5241 -0.8368 -0.1582

PART 3
OFFSET  12.2590  0.1463 -8.7592
SCALE 1 1 1
X  0.6024 -0.4955  0.6258
Y  0.5562  0.8229  0.1162
Z -0.5725  0.2781  0.7713

PART 4
OFFSET  14.6904  0.5888 -8.5217
SCALE 1 1 1
X  0.6074 -0.4946  0.6216
Y  0.5310  0.8348  0.1454
Z -0.5909  0.2418  0.7697

PART 5
OFFSET  13.2430 -1.2596 -9.1991
SCALE 1 1 1
X  0.6074 -0.4946  0.6216
Y  0.5310  0.8348  0.1454
Z -0.5909  0.2418  0.7697

PART 6
OFFSET  13.6785  1.4333 -6.0417
SCALE 1 1 1
X  0.6074 -0.4946  0.6216
Y  0.5310  0.8348  0.1454
Z -0.5909  0.2418  0.7697

PART 7
OFFSET  12.0521 -0.6765 -6.2993
SCALE 1 1 1
X  0.6074 -0.4946  0.6216
Y  0.5310  0.8348  0.1454
Z -0.5909  0.2418  0.7697

PART 8
OFFSET  12.0800 -1.3521 -7.4754
SCALE 1 1 1
X  0.6074 -0.4946  0.6216
Y  0.5310  0.8348  0.1454
Z -0.5909  0.2418  0.7697

PART 9
OFFSET  14.1056 -1.3728 -6.8408
SCALE 1 1 1
X  0.6704 -0.7419 -0.0044
Y  0.7372  0.6655  0.1171
Z -0.0839 -0.0818  0.9931

PART 10
OFFSET  15.0842 -1.0980 -6.3220
SCALE 1 1 1
X  0.8339 -0.0516  0.5495
Y  0.1428  0.9819 -0.1245
Z -0.5331  0.1823  0.8262

PART 11
OFFSET  16.8682 -1.1011 -5.1027
SCALE 1 1 1
X  0.8941 -0.2248  0.3873
Y  0.1961  0.9741  0.1128
Z -0.4026 -0.0249  0.9150

PART 12
OFFSET  18.2548 -1.5250 -4.3816
SCALE 1 1 1
X  0.7495 -0.4648  0.4713
Y  0.4319  0.8830  0.1841
Z -0.5017  0.0656  0.8625

PART 13
OFFSET  19.0497 -2.0097 -3.8293
SCALE 1 1 1
X  0.9646 -0.2033 -0.1682
Y -0.1809 -0.0456 -0.9824
Z  0.1921  0.9781 -0.0808

PART 14
OFFSET  13.8666 -2.7297 -6.7692
SCALE 1 1 1
X  0.1483 -0.9615  0.2313
Y  0.0554  0.2416  0.9688
Z -0.9874 -0.1308  0.0891

PART 15
OFFSET  14.3503 -4.8415 -6.1437
SCALE 1 1 1
X  0.4117 -0.3583  0.8380
Y -0.2576  0.8362  0.4841
Z -0.8741 -0.4152  0.2520

PART 16
OFFSET  14.9332 -5.3487 -4.9574
SCALE 1 1 1
X  0.1929  0.2331  0.9531
Y -0.4975  0.8605 -0.1098
Z -0.8458 -0.4530  0.2819

PART 17
OFFSET  15.1042 -5.1420 -4.1123
SCALE 1 1 1
X  0.0526  0.4722  0.8799
Y -0.4744  0.7872 -0.3941
Z -0.8788 -0.3967  0.2654

PART 18
OFFSET  15.1541 -4.6934 -3.2764
SCALE 1 1 1
X  0.3847 -0.7980 -0.4640
Y -0.5030  0.2403 -0.8302
Z  0.7740  0.5527 -0.3090

PART 19
OFFSET  14.5157 -2.4393 -6.8310
SCALE 1 1 1
X  0.4111 -0.9109 -0.0342
Y -0.1299 -0.0957  0.9869
Z -0.9023 -0.4013 -0.1577

PART 20
OFFSET  15.5062 -4.8290 -6.5734
SCALE 1 1 1
X  0.2736 -0.3609  0.8916
Y -0.2887  0.8534  0.4340
Z -0.9175 -0.3762  0.1293

PART 21
OFFSET  15.9720 -5.4435 -5.0555
SCALE 1 1 1
X  0.0866  0.1712  0.9814
Y -0.4112  0.9034 -0.1213
Z -0.9074 -0.3930  0.1487

PART 22
OFFSET  16.0921 -5.2062 -3.6953
SCALE 1 1 1
X -0.1170  0.5646  0.8170
Y -0.4028  0.7250 -0.5587
Z -0.9078 -0.3945  0.1426

PART 23
OFFSET  15.9652 -4.5939 -2.8092
SCALE 1 1 1
X  0.2813 -0.8961 -0.3432
Y -0.2236  0.2866 -0.9316
Z  0.9332  0.3388 -0.1197

PART 24
OFFSET  17.2979 -2.6473 -6.1363
SCALE 1 1 1
X  0.4649 -0.8495  0.2493
Y  0.3039 -0.1114 -0.9462
Z  0.8316  0.5156  0.2063

PART 25
OFFSET  17.3052 -3.7316 -7.1389
SCALE 1 1 1
X  0.2104 -0.6880  0.6945
Y -0.2043  0.6638  0.7195
Z -0.9560 -0.2933 -0.0009

PART 26
OFFSET  17.6756 -4.9430 -5.9161
SCALE 1 1 1
X  0.0136 -0.1719  0.9850
Y -0.3363  0.9269  0.1664
Z -0.9417 -0.3335 -0.0452

PART 27
OFFSET  17.7494 -5.1317 -4.7159
SCALE 1 1 1
X -0.0721  0.2883  0.9548
Y -0.3190  0.9004 -0.2960
Z -0.9450 -0.3259  0.0271

PART 28
OFFSET  17.6680 -4.8061 -3.6374
SCALE 1 1 1
X  0.0456 -0.9983 -0.0361
Y  0.0991  0.0404 -0.9943
Z  0.9940  0.0417  0.1008

PART 29
OFFSET  16.4189 -4.3890 -7.0873
SCALE 1 1 1
X  0.2632 -0.5642  0.7825
Y -0.2196  0.7548  0.6181
Z -0.9394 -0.3345  0.0748

PART 30
OFFSET  16.9332 -5.4913 -5.5586
SCALE 1 1 1
X  0.0206  0.1183  0.9928
Y -0.3033  0.9469 -0.1065
Z -0.9527 -0.2989  0.0554

PART 31
OFFSET  16.9632 -5.3186 -4.1085
SCALE 1 1 1
X -0.1407  0.5503  0.8230
Y -0.1151  0.8166 -0.5657
Z -0.9833 -0.1743 -0.0515

PART 32
OFFSET  16.7970 -4.6971 -3.1763
SCALE 1 1 1
X  0.2443 -0.9324 -0.2665
Y -0.0709  0.2569 -0.9638
Z  0.9671  0.2543 -0.0033

PART 33
OFFSET  15.3981 -3.8676 -5.4025
SCALE 1 1 1
X -0.9272 -0.3586 -0.1079
Y  0.0839  0.0818 -0.9931
Z  0.3650 -0.9299 -0.0457

PART 34
OFFSET -12.9782 -7.9373 -1.9159
SCALE 1 1 1
X -0.2696 -0.0676  0.9606
Y -0.2991 -0.9423 -0.1502
Z  0.9153 -0.3278  0.2339

PART 35
OFFSET -9.7174 -7.1203 -13.5332
SCALE 1 1 1
X -0.8676 -0.1809 -0.4632
Y  0.4511  0.1056 -0.8862
Z  0.2093 -0.9778 -0.0100

PART 36
OFFSET -2.3385 -5.5813 -9.5931
SCALE 1 1 1
X -0.8676 -0.1809 -0.4632
Y  0.4836 -0.0894 -0.8707
Z  0.1161 -0.9794  0.1650

PART 37
OFFSET -1.6640 -4.2799 -8.2600
SCALE 1 1 1
X -0.8708 -0.1789 -0.4579
Y -0.2133  0.9767  0.0241
Z  0.4429  0.1186 -0.8887

PART 38
OFFSET -1.6368 -4.9046 -7.2379
SCALE 1 1 1
X -0.8708 -0.1789 -0.4579
Y -0.2133  0.9767  0.0241
Z  0.4429  0.1186 -0.8887

PART 39
OFFSET -1.1758 -6.1592 -7.3964
SCALE 1 1 1
X -0.8708 -0.1789 -0.4579
Y -0.2133  0.9767  0.0241
Z  0.4429  0.1186 -0.8887

PART 40
OFFSET  0.3212 -5.0266 -8.1730
SCALE 1 1 1
X -0.9457 -0.0206 -0.3244
Y  0.3250 -0.0610 -0.9437
Z -0.0004 -0.9979  0.0643

PART 41
OFFSET  0.4331 -4.5488 -7.1428
SCALE 1 1 1
X -0.5493 -0.6911 -0.4697
Y  0.6551 -0.0073 -0.7555
Z  0.5187 -0.7227  0.4568

PART 42
OFFSET  1.5243 -3.0164 -6.0792
SCALE 1 1 1
X -0.9330 -0.3587 -0.0306
Y  0.2276 -0.5221 -0.8220
Z  0.2788 -0.7738  0.5687

PART 43
OFFSET  3.0128 -2.3819 -6.1426
SCALE 1 1 1
X -0.7857 -0.0054  0.6186
Y -0.4626 -0.6589 -0.5932
Z  0.4108 -0.7522  0.5152

PART 44
OFFSET  3.8515 -2.3305 -6.8250
SCALE 1 1 1
X -0.9392  0.3434  0.0035
Y  0.2801  0.7717 -0.5711
Z -0.1988 -0.5354 -0.8209

PART 45
OFFSET  1.4696 -4.8728 -8.9220
SCALE 1 1 1
X -0.9610 -0.0249  0.2755
Y  0.0572 -0.9923  0.1097
Z  0.2707  0.1212  0.9550

PART 46
OFFSET  3.6611 -4.6775 -9.4155
SCALE 1 1 1
X -0.4669 -0.8628 -0.1940
Y  0.8825 -0.4686 -0.0397
Z -0.0567 -0.1897  0.9802

PART 47
OFFSET  4.3221 -3.4560 -9.1408
SCALE 1 1 1
X  0.4539 -0.8783 -0.1500
Y  0.8907  0.4428  0.1026
Z -0.0237 -0.1802  0.9833

PART 48
OFFSET  3.9196 -2.6772 -9.0078
SCALE 1 1 1
X  0.9930  0.1173 -0.0149
Y -0.1139  0.9828  0.1451
Z  0.0317 -0.1424  0.9893

PART 49
OFFSET  2.9763 -2.7887 -8.9937
SCALE 1 1 1
X -0.6925 -0.6861 -0.2227
Y -0.7210  0.6485  0.2441
Z -0.0231  0.3297 -0.9438

PART 50
OFFSET  1.4615 -4.9671 -8.2145
SCALE 1 1 1
X -0.9998 -0.0069 -0.0185
Y  0.0047 -0.9937  0.1123
Z -0.0191  0.1122  0.9935

PART 51
OFFSET  4.0593 -4.9879 -8.3116
SCALE 1 1 1
X -0.3029 -0.9526 -0.0298
Y  0.9527 -0.3035  0.0178
Z -0.0260 -0.0230  0.9994

PART 52
OFFSET  4.5750 -3.3662 -8.2608
SCALE 1 1 1
X  0.7053 -0.7089 -0.0028
Y  0.7076  0.7038  0.0621
Z -0.0421 -0.0458  0.9981

PART 53
OFFSET  3.5975 -2.3837 -8.2570
SCALE 1 1 1
X  0.9212  0.3846  0.0593
Y -0.3863  0.9221  0.0204
Z -0.0468 -0.0416  0.9980

PART 54
OFFSET  2.5984 -2.8008 -8.3212
SCALE 1 1 1
X -0.5364 -0.8439 -0.0111
Y -0.8421  0.5360 -0.0602
Z  0.0567 -0.0229 -0.9981

PART 55
OFFSET -3.8898 -5.5955 -8.6905
SCALE 1 1 1
X -0.9528 -0.2850 -0.1048
Y -0.2617  0.9457 -0.1927
Z  0.1540 -0.1561 -0.9757

PART 56
OFFSET  3.7609 -5.2713 -6.1733
SCALE 1 1 1
X -0.9411 -0.3190 -0.1121
Y  0.3143 -0.9476  0.0578
Z -0.1247  0.0191  0.9920

PART 57
OFFSET  5.4179 -4.7097 -5.9759
SCALE 1 1 1
X -0.2922 -0.9559  0.0288
Y  0.9465 -0.2847  0.1521
Z -0.1372  0.0717  0.9880

PART 58
OFFSET  5.7647 -3.5433 -5.9509
SCALE 1 1 1
X  0.6125 -0.7859  0.0846
Y  0.7783  0.6183  0.1090
Z -0.1380 -0.0009  0.9904

PART 59
OFFSET  5.0729 -2.6555 -6.0465
SCALE 1 1 1
X -0.9408 -0.3026  0.1526
Y -0.3275  0.9276 -0.1798
Z -0.0872 -0.2191 -0.9718

PART 60
OFFSET  4.0127 -5.1607 -7.2433
SCALE 1 1 1
X -0.4655 -0.8850 -0.0067
Y  0.8748 -0.4613  0.1479
Z -0.1340  0.0630  0.9890

PART 61
OFFSET  4.9221 -3.4317 -7.2302
SCALE 1 1 1
X  0.6638 -0.7358  0.1340
Y  0.7412  0.6712  0.0144
Z -0.1005  0.0898  0.9909

PART 62
OFFSET  3.9526 -2.3569 -7.4259
SCALE 1 1 1
X  0.9792  0.1969  0.0498
Y -0.1871  0.9697 -0.1569
Z -0.0792  0.1444  0.9864

PART 63
OFFSET  2.8441 -2.5803 -7.4894
SCALE 1 1 1
X -0.6263 -0.7796 -0.0010
Y -0.7772  0.6244 -0.0782
Z  0.0615 -0.0482 -0.9969

PART 64
OFFSET  10.7987 -3.3655 -3.7494
SCALE 1 1 1
X  0.9999 -0.0024  0.0136
Y  0.0034  0.9974 -0.0724
Z -0.0134  0.0724  0.9973

PART 65
OFFSET  10.7987 -3.3655 -3.7494
SCALE 1 1 1
X  0.9999 -0.0024  0.0136
Y  0.0034  0.9974 -0.0724
Z -0.0134  0.0724  0.9973

PART 66
OFFSET  9.6808 -3.6542 -3.4424
SCALE 1 1 1
X -0.0067 -0.9446  0.3280
Y  0.9999 -0.0024  0.0136
Z -0.0121  0.3281  0.9446

PART 67
OFFSET  34.0078 -3.3728 -3.0187
SCALE 1 1 1
X  0.9999 -0.0024  0.0136
Y  0.0034  0.9974 -0.0724
Z -0.0134  0.0724  0.9973

PART 68
OFFSET  10.8097 -3.3492 -4.5585
SCALE 1 1 1
X  0.9999 -0.0024  0.0136
Y  0.0034  0.9974 -0.0724
Z -0.0134  0.0724  0.9973

PART 69
OFFSET  10.8057 -3.3343 -3.3185
SCALE 1 1 1
X  0.9999 -0.0024  0.0136
Y  0.0034  0.9974 -0.0724
Z -0.0134  0.0724  0.9973

PART 70
OFFSET  13.9994 -3.5462 -6.0211
SCALE 1 1 1
X  0.9999 -0.0024  0.0136
Y  0.0034  0.9974 -0.0724
Z -0.0134  0.0724  0.9973

PART 71
OFFSET  3.2242 -2.1438 -3.9037
SCALE 1 1 1
X  0.9999 -0.0024  0.0136
Y  0.0034  0.9974 -0.0724
Z -0.0134  0.0724  0.9973

PART 72
OFFSET  3.2238 -2.2725 -3.8944
SCALE 1 1 1
X  0.6721  0.0513  0.7386
Y  0.0034  0.9974 -0.0724
Z -0.7404  0.0511  0.6702

PART 73
OFFSET  14.8624 -3.2314 -1.6436
SCALE 1 1 1
X  0.9999 -0.0024  0.0136
Y  0.0034  0.9974 -0.0724
Z -0.0134  0.0724  0.9973

PART 74
OFFSET  8.2454 -3.4436 -5.1773
SCALE 1 1 1
X  0.9999 -0.0024  0.0136
Y  0.0034  0.9974 -0.0724
Z -0.0134  0.0724  0.9973

PART 75
OFFSET  13.5282 -3.2451 -1.9644
SCALE 1 1 1
X -0.0067 -0.9446  0.3280
Y  0.9999 -0.0024  0.0136
Z -0.0121  0.3281  0.9446

PART 76
OFFSET  12.4219 -3.2390 -1.9311
SCALE 1 1 1
X  0.9999 -0.0024  0.0136
Y  0.0034  0.9974 -0.0724
Z -0.0134  0.0724  0.9973

PART 77
OFFSET  18.7151 -4.2394 -2.6783
SCALE 1 1 1
X  0.9999 -0.0024  0.0136
Y -0.0071  0.7565  0.6540
Z -0.0118 -0.6540  0.7564

PART 78
OFFSET  12.2220 -3.1968 -1.3593
SCALE 1 1 1
X  0.9999 -0.0024  0.0136
Y  0.0034  0.9974 -0.0724
Z -0.0134  0.0724  0.9973

PART 79
OFFSET  34.0078 -3.3728 -3.0187
SCALE 1 1 1
X -0.0034 -0.9974  0.0724
Y  0.9999 -0.0024  0.0136
Z -0.0134  0.0724  0.9973

PART 80
OFFSET  40.5419 -3.3884 -2.9298
SCALE 1 1 1
X -0.0034 -0.9974  0.0724
Y  0.9999 -0.0024  0.0136
Z -0.0134  0.0724  0.9973

PART 81
OFFSET  20.4546 -3.5359 -5.8947
SCALE 1 1 1
X  0.9999 -0.0024  0.0136
Y  0.0034  0.9974 -0.0724
Z -0.0134  0.0724  0.9973

PART 82
OFFSET  8.9910 -2.6005 -3.7247
SCALE 1 1 1
X  0.9999 -0.0024  0.0136
Y  0.0034  0.9974 -0.0724
Z -0.0134  0.0724  0.9973

PART 83
OFFSET  10.8505 -2.2357 -4.6335
SCALE 1 1 1
X  0.9999 -0.0024  0.0136
Y  0.0034  0.9974 -0.0724
Z -0.0134  0.0724  0.9973

PART 84
OFFSET  10.1278 -2.2340 -4.6434
SCALE 1 1 1
X  0.9999 -0.0024  0.0136
Y  0.0034  0.9974 -0.0724
Z -0.0134  0.0724  0.9973

PART 85
OFFSET  9.4035 -2.2322 -4.6532
SCALE 1 1 1
X  0.9999 -0.0024  0.0136
Y  0.0034  0.9974 -0.0724
Z -0.0134  0.0724  0.9973

PART 86
OFFSET  8.6792 -2.2305 -4.6631
SCALE 1 1 1
X  0.9999 -0.0024  0.0136
Y  0.0034  0.9974 -0.0724
Z -0.0134  0.0724  0.9973

PART 87
OFFSET  7.9550 -2.2288 -4.6729
SCALE 1 1 1
X  0.9999 -0.0024  0.0136
Y  0.0034  0.9974 -0.0724
Z -0.0134  0.0724  0.9973

PART 88
OFFSET  7.2307 -2.2271 -4.6828
SCALE 1 1 1
X  0.9999 -0.0024  0.0136
Y  0.0034  0.9974 -0.0724
Z -0.0134  0.0724  0.9973

PART 89
OFFSET  0.0000 -0.0000 -0.0000
SCALE 1 1 1
X  1.0000 -0.0000  0.0000
Y  0.0000  1.0000  0.0000
Z  0.0000 -0.0000  1.0000

PART 90
OFFSET  0.0000 -0.0000 -0.0000
SCALE 1 1 1
X  1.0000 -0.0000  0.0000
Y  0.0000  1.0000  0.0000
Z  0.0000 -0.0000  1.0000

PART 91
OFFSET  1.5404 -0.0000  4.1357
SCALE 1 1 1
X  1.0000 -0.0000  0.0000
Y  0.0000  1.0000  0.0000
Z  0.0000 -0.0000  1.0000

PART 92
OFFSET  0.0000 -0.0000 -0.0000
SCALE 1 1 1
X  1.0000 -0.0000  0.0000
Y  0.0000  1.0000  0.0000
Z  0.0000 -0.0000  1.0000


FRAME 48
PART 0
OFFSET -4.6318 -0.0000 -1.3770
SCALE 1 1 1
X  1.0000 -0.0000  0.0000
Y  0.0000  1.0000  0.0000
Z  0.0000 -0.0000  1.0000

PART 1
OFFSET -1.0379  7.9373 -5.9168
SCALE 1 1 1
X  0.6331 -0.2943 -0.7159
Y -0.2006 -0.9557  0.2155
Z -0.7476  0.0072 -0.6641

PART 2
OFFSET  6.6190  4.3779 -14.5751
SCALE 1 1 1
X  0.5594 -0.5018  0.6597
Y -0.6168  0.2796  0.7358
Z -0.5537 -0.8186 -0.1531

PART 3
OFFSET  11.3773  0.1099 -8.9640
SCALE 1 1 1
X  0.5594 -0.5018  0.6597
Y  0.5896  0.8003  0.1088
Z -0.5826  0.3281  0.7436

PART 4
OFFSET  13.8160  0.4576 -8.6546
SCALE 1 1 1
X  0.5646 -0.5012  0.6557
Y  0.5609  0.8159  0.1407
Z -0.6055  0.2884  0.7418

PART 5
OFFSET  12.3148 -1.3479 -9.3306
SCALE 1 1 1
X  0.5646 -0.5012  0.6557
Y  0.5609  0.8159  0.1407
Z -0.6055  0.2884  0.7418

PART 6
OFFSET  12.7585  1.4149 -6.2353
SCALE 1 1 1
X  0.5646 -0.5012  0.6557
Y  0.5609  0.8159  0.1407
Z -0.6055  0.2884  0.7418

PART 7
OFFSET  11.0533 -0.6320 -6.4909
SCALE 1 1 1
X  0.5646 -0.5012  0.6557
Y  0.5609  0.8159  0.1407
Z -0.6055  0.2884  0.7418

PART 8
OFFSET  11.0918 -1.3420 -7.6463
