// Export filename: `C:\projects\cod\t5\xanim_export\t5_viewmodels\spas12\spas12_pullout_quick.XANIM_EXPORT`
// Source filename: `D:\projects\devanim\t5\animation_assets\viewmodels/spas12/ViewModel_Spas12_animated.fbx`
// Export time: Sat Sep 11 16:00:41 2010

ANIMATION
VERSION 3

NUMPARTS 78
PART 0 "tag_ads"
PART 1 "tag_torso"
PART 2 "J_Shoulder_LE"
PART 3 "J_Elbow_LE"
PART 4 "J_WristTwist_LE"
PART 5 "J_Sleave_Reshape_Bottom_LE_1"
PART 6 "J_Sleave_Reshape_Bottom_LE_2"
PART 7 "J_Sleave_Reshape_Top_LE_1"
PART 8 "J_Sleave_Reshape_Top_LE_2"
PART 9 "J_Sleave_Reshape_Top_LE_3"
PART 10 "J_Wrist_LE"
PART 11 "J_Thumb_LE_0"
PART 12 "J_Thumb_LE_1"
PART 13 "J_Thumb_LE_2"
PART 14 "J_Thumb_LE_3"
PART 15 "J_PinkyPalm_LE"
PART 16 "J_Pinky_LE_0"
PART 17 "J_Pinky_LE_1"
PART 18 "J_Pinky_LE_2"
PART 19 "J_Pinky_LE_3"
PART 20 "J_RingPalm_LE"
PART 21 "J_Ring_LE_0"
PART 22 "J_Ring_LE_1"
PART 23 "J_Ring_LE_2"
PART 24 "J_Ring_LE_3"
PART 25 "J_Webbing_LE"
PART 26 "J_Index_LE_0"
PART 27 "J_Index_LE_1"
PART 28 "J_Index_LE_2"
PART 29 "J_Index_LE_3"
PART 30 "J_Mid_LE_0"
PART 31 "J_Mid_LE_1"
PART 32 "J_Mid_LE_2"
PART 33 "J_Mid_LE_3"
PART 34 "tag_knife_attach"
PART 35 "tag_weapon"
PART 36 "J_Gun"
PART 37 "TAG_CLIP"
PART 38 "J_Bolt"
PART 39 "J_pump"
PART 40 "J_ring"
PART 41 "J_stock"
PART 42 "J_stocktop"
PART 43 "J_Load"
PART 44 "tag_iron_sights"
PART 45 "J_Shoulder_RI"
PART 46 "J_Elbow_RI"
PART 47 "J_WristTwist_RI"
PART 48 "J_Sleave_Reshape_Top_RI_3"
PART 49 "J_Sleave_Reshape_Top_RI_2"
PART 50 "J_Sleave_Reshape_Top_RI_1"
PART 51 "J_Wrist_RI"
PART 52 "J_Thumb_RI_0"
PART 53 "J_Thumb_RI_1"
PART 54 "J_Thumb_RI_2"
PART 55 "J_Thumb_RI_3"
PART 56 "J_PinkyPalm_RI"
PART 57 "J_Pinky_RI_0"
PART 58 "J_Pinky_RI_1"
PART 59 "J_Pinky_RI_2"
PART 60 "J_Pinky_RI_3"
PART 61 "J_RingPalm_RI"
PART 62 "J_Ring_RI_0"
PART 63 "J_Ring_RI_1"
PART 64 "J_Ring_RI_2"
PART 65 "J_Ring_RI_3"
PART 66 "J_Webbing_RI"
PART 67 "J_Index_RI_0"
PART 68 "J_Index_RI_1"
PART 69 "J_Index_RI_2"
PART 70 "J_Index_RI_3"
PART 71 "J_Mid_RI_0"
PART 72 "J_Mid_RI_1"
PART 73 "J_Mid_RI_2"
PART 74 "J_Mid_RI_3"
PART 75 "tag_cambone"
PART 76 "tag_camera"
PART 77 "tag_gasmask"

FRAMERATE 30
NUMFRAMES 21

FRAME 280
PART 0
OFFSET  0.0000 -0.0000 -0.0000
X  1.0000 -0.0000  0.0000
Y  0.0000  1.0000  0.0000
Z  0.0000 -0.0000  1.0000

PART 1
OFFSET -4.6318 -0.0000 -1.3770
X  1.0000 -0.0000  0.0000
Y  0.0000  1.0000  0.0000
Z  0.0000 -0.0000  1.0000

PART 2
OFFSET -2.1458  5.0340 -5.9168
X  0.4035  0.4740 -0.7827
Y  0.2767 -0.8785 -0.3894
Z -0.8722 -0.0594 -0.4856

PART 3
OFFSET  2.7336  10.7661 -15.3825
X  0.9469 -0.3105  0.0833
Y -0.2463 -0.5344  0.8085
Z -0.2065 -0.7861 -0.5825

PART 4
OFFSET  10.7876  8.1252 -14.6743
X  0.9469 -0.3105  0.0833
Y -0.3093 -0.9506 -0.0274
Z  0.0877  0.0002 -0.9962

PART 5
OFFSET  12.0908  9.4872 -14.6836
X  0.9489 -0.3051  0.0800
Y  0.2074  0.7946  0.5706
Z -0.2377 -0.5249  0.8173

PART 6
OFFSET  11.9063  7.9072 -16.0305
X  0.9489 -0.3051  0.0800
Y  0.2074  0.7946  0.5706
Z -0.2377 -0.5249  0.8173

PART 7
OFFSET  11.9396  7.8803 -12.6510
X  0.9489 -0.3051  0.0800
Y  0.2074  0.7946  0.5706
Z -0.2377 -0.5249  0.8173

PART 8
OFFSET  11.9833  6.2281 -13.4625
X  0.9489 -0.3051  0.0800
Y  0.2074  0.7946  0.5706
Z -0.2377 -0.5249  0.8173

PART 9
OFFSET  11.7307  6.3835 -14.6234
X  0.9489 -0.3051  0.0800
Y  0.2074  0.7946  0.5706
Z -0.2377 -0.5249  0.8173

PART 10
OFFSET  13.6905  7.1734 -14.4191
X  0.8454 -0.5000 -0.1878
Y -0.5059 -0.8624  0.0182
Z -0.1710  0.0796 -0.9820

PART 11
OFFSET  13.5124  6.1489 -14.8892
X  0.0279 -0.8389 -0.5435
Y -0.8787 -0.2798  0.3867
Z -0.4765  0.4668 -0.7450

PART 12
OFFSET  13.4584  4.3366 -16.0649
X  0.3143 -0.8363 -0.4492
Y -0.9084 -0.4024  0.1136
Z -0.2758  0.3724 -0.8862

PART 13
OFFSET  13.9892  3.0522 -16.8961
X  0.2534 -0.7917 -0.5559
Y -0.8936 -0.4117  0.1790
Z -0.3705  0.4513 -0.8118

PART 14
OFFSET  14.2311  2.2097 -17.5314
X  0.2410 -0.9592  0.1480
Y  0.4025  0.2375  0.8841
Z -0.8831 -0.1535  0.4433

PART 15
OFFSET  14.9131  7.6898 -14.7959
X  0.8904  0.0519 -0.4522
Y -0.4435 -0.1239 -0.8877
Z -0.1021  0.9909 -0.0873

PART 16
OFFSET  16.8742  7.6469 -15.9080
X  0.6914 -0.1482 -0.7071
Y -0.7081 -0.3329 -0.6226
Z -0.1432  0.9312 -0.3351

PART 17
OFFSET  17.8531  7.4371 -16.9091
X  0.6405 -0.2184 -0.7362
Y -0.7626 -0.2942 -0.5761
Z -0.0908  0.9304 -0.3550

PART 18
OFFSET  18.4210  7.2435 -17.5619
X  0.5147 -0.2627 -0.8161
Y -0.8446 -0.3189 -0.4300
Z -0.1473  0.9107 -0.3860

PART 19
OFFSET  18.9100  6.9939 -18.3372
X  0.1578  0.2694  0.9500
Y -0.9875  0.0434  0.1518
Z -0.0004 -0.9621  0.2728

PART 20
OFFSET  14.7867  6.9956 -14.6880
X  0.9589 -0.2105 -0.1902
Y -0.1660  0.1276 -0.9778
Z  0.2301  0.9692  0.0875

PART 21
OFFSET  17.2031  6.5227 -15.5221
X  0.7283 -0.2252 -0.6472
Y -0.6716 -0.0468 -0.7394
Z  0.1362  0.9732 -0.1853

PART 22
OFFSET  18.4430  6.1393 -16.6240
X  0.7035 -0.2509 -0.6650
Y -0.6923 -0.0302 -0.7210
Z  0.1608  0.9676 -0.1949

PART 23
OFFSET  19.4180  5.7917 -17.5456
X  0.5330 -0.2453 -0.8098
Y -0.8315  0.0254 -0.5550
Z  0.1567  0.9691 -0.1904

PART 24
OFFSET  19.9961  5.5257 -18.4239
X  0.0460  0.2341  0.9711
Y -0.9926  0.1197  0.0181
Z -0.1120 -0.9648  0.2379

PART 25
OFFSET  15.4018  4.3055 -15.4955
X  0.8458 -0.2815 -0.4533
Y  0.3894 -0.2551  0.8850
Z -0.3647 -0.9250 -0.1061

PART 26
OFFSET  16.6668  4.5452 -14.7721
X  0.8871 -0.3016 -0.3493
Y -0.3604  0.0200 -0.9326
Z  0.2882  0.9532 -0.0910

PART 27
OFFSET  18.2288  4.0142 -15.3872
X  0.7669 -0.2671 -0.5836
Y -0.5689  0.1381 -0.8107
Z  0.2971  0.9537 -0.0461

PART 28
OFFSET  19.1430  3.6316 -16.0939
X  0.7042 -0.3243 -0.6316
Y -0.6242  0.1411 -0.7684
Z  0.3383  0.9354 -0.1031

PART 29
OFFSET  19.9385  3.2653 -16.8072
X  0.4294  0.2413  0.8703
Y -0.8973  0.2235  0.3807
Z -0.1026 -0.9444  0.3125

PART 30
OFFSET  17.0949  5.5484 -14.9480
X  0.8181 -0.2689 -0.5084
Y -0.5354 -0.0334 -0.8439
Z  0.2099  0.9626 -0.1713

PART 31
OFFSET  18.6931  5.0231 -15.9411
X  0.7470 -0.2401 -0.6200
Y -0.6426 -0.0212 -0.7659
Z  0.1708  0.9705 -0.1701

PART 32
OFFSET  19.7841  4.6724 -16.8467
X  0.5627 -0.1851 -0.8057
Y -0.8266 -0.1136 -0.5512
Z  0.0106  0.9761 -0.2169

PART 33
OFFSET  20.4221  4.4697 -17.7603
X  0.0958  0.1521  0.9837
Y -0.9912  0.1050  0.0803
Z -0.0910 -0.9828  0.1608

PART 34
OFFSET  15.9947  6.4040 -16.4345
X  0.1727  0.9837  0.0497
Y  0.1710 -0.0796  0.9820
Z  0.9700 -0.1611 -0.1820

PART 35
OFFSET  8.2465 -9.2588 -7.7080
X  0.5675 -0.3406 -0.7496
Y -0.2834  0.7740 -0.5662
Z  0.7730  0.5338  0.3428

PART 36
OFFSET  8.2465 -9.2588 -7.7080
X  0.5675 -0.3406 -0.7496
Y -0.2834  0.7740 -0.5662
Z  0.7730  0.5338  0.3428

PART 37
OFFSET -64.7014  33.8011  87.6322
X -0.7730 -0.5338 -0.3428
Y -0.2834  0.7740 -0.5662
Z  0.5675 -0.3406 -0.7496

PART 38
OFFSET  8.5876 -9.0327 -7.5696
X  0.5675 -0.3406 -0.7496
Y -0.2834  0.7740 -0.5662
Z  0.7730  0.5338  0.3428

PART 39
OFFSET  9.4426 -12.2958 -12.4490
X  0.5675 -0.3406 -0.7496
Y -0.2834  0.7740 -0.5662
Z  0.7730  0.5338  0.3428

PART 40
OFFSET  3.6684 -5.8262 -2.6234
X  0.9524  0.1581 -0.2606
Y -0.2834  0.7740 -0.5662
Z  0.1121  0.6131  0.7820

PART 41
OFFSET  3.6318 -5.7264 -2.6964
X  0.5675 -0.3406 -0.7496
Y -0.2834  0.7740 -0.5662
Z  0.7730  0.5338  0.3428

PART 42
OFFSET  12.1590 -9.5591 -10.0677
X  0.5675 -0.3406 -0.7496
Y -0.2834  0.7740 -0.5662
Z  0.7730  0.5338  0.3428

PART 43
OFFSET  5.7031 -9.1146 -6.2677
X  0.5675 -0.3406 -0.7496
Y -0.2834  0.7740 -0.5662
Z  0.7730  0.5338  0.3428

PART 44
OFFSET  11.1637 -9.2612 -9.1712
X  0.4738 -0.6095  0.6356
Y  0.5675 -0.3406 -0.7496
Z  0.6733  0.7159  0.1845

PART 45
OFFSET -12.9782 -7.9373 -1.9159
X -0.6296  0.1555  0.7612
Y -0.4826 -0.8460 -0.2264
Z  0.6088 -0.5099  0.6078

PART 46
OFFSET -5.3634 -9.8181 -11.1213
X -0.3998 -0.0640 -0.9144
Y  0.9106 -0.1419 -0.3882
Z -0.1049 -0.9878  0.1150

PART 47
OFFSET -1.9630 -9.2737 -3.3442
X -0.3998 -0.0640 -0.9144
Y  0.9130  0.0608 -0.4034
Z  0.0814 -0.9961  0.0341

PART 48
OFFSET -1.9413 -7.9459 -1.8738
X -0.4049 -0.0604 -0.9123
Y  0.0930  0.9899 -0.1068
Z  0.9096 -0.1281 -0.3952

PART 49
OFFSET -2.7250 -8.3842 -1.0804
X -0.4049 -0.0604 -0.9123
Y  0.0930  0.9899 -0.1068
Z  0.9096 -0.1281 -0.3952

PART 50
OFFSET -2.6278 -9.7169 -0.9207
X -0.4049 -0.0604 -0.9123
Y  0.0930  0.9899 -0.1068
Z  0.9096 -0.1281 -0.3952

PART 51
OFFSET -0.7373 -9.0774 -0.5411
X -0.7805  0.1567  0.6052
Y -0.5595 -0.6068 -0.5646
Z  0.2788 -0.7793  0.5613

PART 52
OFFSET  0.0393 -8.2424 -0.4989
X -0.5233 -0.5928  0.6122
Y -0.2377 -0.5883 -0.7729
Z  0.8183 -0.5500  0.1670

PART 53
OFFSET  1.1467 -6.8739 -1.7522
X -0.4616  0.0165  0.8870
Y -0.4112 -0.8899 -0.1974
Z  0.7860 -0.4559  0.4175

PART 54
OFFSET  1.7793 -6.9026 -3.2426
X  0.0586  0.5586  0.8274
Y -0.5811 -0.6548  0.4833
Z  0.8117 -0.5091  0.2862

PART 55
OFFSET  1.6886 -7.4722 -4.1586
X -0.5979  0.6044  0.5265
Y -0.4766  0.2601 -0.8398
Z -0.6445 -0.7530  0.1325

PART 56
OFFSET -0.7323 -9.7022 -1.7711
X -0.3086  0.4414  0.8426
Y  0.3458 -0.7732  0.5317
Z  0.8861  0.4554  0.0860

PART 57
OFFSET  0.0477 -10.5328 -3.7169
X -0.2180 -0.6305  0.7450
Y  0.5660 -0.7035 -0.4298
Z  0.7951  0.3279  0.5102

PART 58
OFFSET  0.3563 -9.6402 -4.7717
X  0.3328 -0.9401  0.0736
Y  0.4765  0.1003 -0.8735
Z  0.8138  0.3258  0.4813

PART 59
OFFSET  0.0612 -8.8067 -4.8369
X  0.5136 -0.2545 -0.8194
Y -0.1715  0.9053 -0.3887
Z  0.8407  0.3402  0.4213

PART 60
OFFSET -0.4268 -8.5649 -4.0584
X -0.4067 -0.4228  0.8098
Y -0.3538  0.8902  0.2871
Z -0.8423 -0.1697 -0.5117

PART 61
OFFSET -0.1498 -9.4422 -1.4506
X -0.5693  0.3308  0.7527
Y  0.3190 -0.7549  0.5730
Z  0.7577  0.5663  0.3243

PART 62
OFFSET  1.2221 -10.4014 -3.4396
X  0.0249 -0.6825  0.7305
Y  0.6133 -0.5666 -0.5503
Z  0.7895  0.4617  0.4045

PART 63
OFFSET  1.1798 -9.2395 -4.6833
X  0.5517 -0.8199 -0.1528
Y  0.2827  0.3562 -0.8906
Z  0.7847  0.4481  0.4284

PART 64
OFFSET  0.4152 -8.1032 -4.4715
X  0.4720  0.0221 -0.8813
Y -0.4089  0.8912 -0.1966
Z  0.7811  0.4531  0.4297

PART 65
OFFSET -0.0967 -8.1272 -3.5157
X -0.1147 -0.5049  0.8555
Y -0.6387  0.6971  0.3258
Z -0.7609 -0.5090 -0.4025

PART 66
OFFSET -3.3633 -8.3299  2.7559
X -0.5487  0.0481  0.8347
Y -0.5152  0.7668 -0.3828
Z -0.6585 -0.6400 -0.3960

PART 67
OFFSET  2.8296 -9.5198 -2.2647
X -0.5403  0.0131  0.8414
Y  0.4370 -0.8501  0.2938
Z  0.7191  0.5264  0.4536

PART 68
OFFSET  3.7809 -9.5428 -3.7461
X  0.0785 -0.6612  0.7461
Y  0.7129 -0.4859 -0.5057
Z  0.6969  0.5715  0.4332

PART 69
OFFSET  3.7278 -8.7042 -4.6267
X  0.5875 -0.8092 -0.0086
Y  0.3791  0.2845 -0.8805
Z  0.7150  0.5140  0.4739

PART 70
OFFSET  3.0643 -7.7902 -4.6170
X -0.3323  0.1511  0.9310
Y -0.5373  0.7809 -0.3186
Z -0.7751 -0.6061 -0.1783

PART 71
OFFSET  2.0894 -10.0216 -2.9134
X -0.0625 -0.5606  0.8257
Y  0.7100 -0.6064 -0.3580
Z  0.7015  0.5639  0.4359

PART 72
OFFSET  2.2114 -8.9264 -4.5264
X  0.6441 -0.7629 -0.0559
Y  0.2707  0.2956 -0.9162
Z  0.7155  0.5749  0.3969

PART 73
OFFSET  1.2707 -7.8120 -4.4448
X  0.5395 -0.1546 -0.8277
Y -0.4506  0.7774 -0.4389
Z  0.7113  0.6097  0.3497

PART 74
OFFSET  0.6544 -7.6406 -3.5101
X -0.1713 -0.4169  0.8926
Y -0.6371  0.7380  0.2224
Z -0.7515 -0.5306 -0.3921

PART 75
OFFSET  0.0000 -0.0000 -0.0000
X  1.0000 -0.0000  0.0000
Y  0.0000  1.0000  0.0000
Z  0.0000 -0.0000  1.0000

PART 76
OFFSET  0.0000 -0.0000 -0.0000
X  1.0000 -0.0000  0.0000
Y  0.0000  1.0000  0.0000
Z  0.0000 -0.0000  1.0000

PART 77
OFFSET  1.5404 -0.0000  4.1357
X  1.0000 -0.0000  0.0000
Y  0.0000  1.0000  0.0000
Z  0.0000 -0.0000  1.0000


FRAME 281
PART 0
OFFSET  0.0000 -0.0000 -0.0000
X  1.0000 -0.0000  0.0000
Y  0.0000  1.0000  0.0000
Z  0.0000 -0.0000  1.0000

PART 1
OFFSET -4.6318 -0.0000 -1.3770
X  1.0000 -0.0000  0.0000
Y  0.0000  1.0000  0.0000
Z  0.0000 -0.0000  1.0000

PART 2
OFFSET -2.1458  5.0340 -5.9168
X  0.4006  0.4752 -0.7834
Y  0.2774 -0.8778 -0.3906
Z -0.8732 -0.0608 -0.4835

PART 3
OFFSET  2.6995  10.7815 -15.3906
X  0.9480 -0.3081  0.0798
Y -0.2422 -0.5358  0.8089
Z -0.2065 -0.7861 -0.5825

PART 4
OFFSET  10.7626  8.1608 -14.7118
X  0.9480 -0.3081  0.0798
Y -0.3065 -0.9513 -0.0324
Z  0.0859  0.0063 -0.9963

PART 5
OFFSET  12.0623  9.5262 -14.7243
X  0.9500 -0.3027  0.0766
Y  0.2072  0.7946  0.5706
Z -0.2336 -0.5262  0.8176

PART 6
OFFSET  11.8773  7.9469 -16.0720
X  0.9500 -0.3027  0.0766
Y  0.2072  0.7946  0.5706
Z -0.2336 -0.5262  0.8176

PART 7
OFFSET  11.9220  7.9171 -12.6927
X  0.9500 -0.3027  0.0766
Y  0.2072  0.7946  0.5706
Z -0.2336 -0.5262  0.8176

PART 8
OFFSET  11.9673  6.2658 -13.5057
X  0.9500 -0.3027  0.0766
Y  0.2072  0.7946  0.5706
Z -0.2336 -0.5262  0.8176

PART 9
OFFSET  11.7104  6.4215 -14.6656
X  0.9500 -0.3027  0.0766
Y  0.2072  0.7946  0.5706
Z -0.2336 -0.5262  0.8176

PART 10
OFFSET  13.6688  7.2163 -14.4672
X  0.8418 -0.5053 -0.1896
Y -0.5120 -0.8588  0.0157
Z -0.1707  0.0839 -0.9817

PART 11
OFFSET  13.4833  6.1946 -14.9404
X  0.0299 -0.8349 -0.5496
Y -0.8803 -0.2825  0.3811
Z -0.4734  0.4724 -0.7434

PART 12
OFFSET  13.4337  4.3911 -16.1298
X  0.3186 -0.8318 -0.4547
Y -0.9081 -0.4053  0.1052
Z -0.2718  0.3793 -0.8844

PART 13
OFFSET  13.9717  3.1150 -16.9691
X  0.2732 -0.7793 -0.5640
Y -0.8891 -0.4283  0.1611
Z -0.3672  0.4575 -0.8099

PART 14
OFFSET  14.2352  2.2860 -17.6134
X  0.2543 -0.9574  0.1371
Y  0.3872  0.2307  0.8927
Z -0.8862 -0.1739  0.4294

PART 15
OFFSET  14.8949  7.7252 -14.8428
X  0.8906  0.0470 -0.4523
Y -0.4446 -0.1180 -0.8879
Z -0.0951  0.9919 -0.0842

PART 16
OFFSET  16.8554  7.6719 -15.9556
X  0.6742 -0.1598 -0.7210
Y -0.7261 -0.3219 -0.6076
Z -0.1350  0.9332 -0.3331

PART 17
OFFSET  17.8099  7.4456 -16.9764
X  0.6055 -0.2350 -0.7604
Y -0.7915 -0.2775 -0.5445
Z -0.0831  0.9315 -0.3540

PART 18
OFFSET  18.3467  7.2373 -17.6506
X  0.4623 -0.2810 -0.8410
Y -0.8754 -0.2956 -0.3824
Z -0.1411  0.9130 -0.3827

PART 19
OFFSET  18.7859  6.9703 -18.4496
X  0.2164  0.2685  0.9387
Y -0.9762  0.0731  0.2042
Z -0.0138 -0.9605  0.2779

PART 20
OFFSET  14.7637  7.0316 -14.7370
X  0.9574 -0.2166 -0.1911
Y -0.1653  0.1318 -0.9774
Z  0.2369  0.9673  0.0904

PART 21
OFFSET  17.1765  6.5443 -15.5733
X  0.7107 -0.2292 -0.6651
Y -0.6888 -0.0344 -0.7241
Z  0.1430  0.9728 -0.1823

PART 22
OFFSET  18.3864  6.1541 -16.7056
X  0.6706 -0.2548 -0.6967
Y -0.7227 -0.0125 -0.6910
Z  0.1673  0.9669 -0.1925

PART 23
OFFSET  19.3158  5.8010 -17.6712
X  0.4805 -0.2445 -0.8423
Y -0.8617  0.0474 -0.5053
Z  0.1634  0.9685 -0.1879

PART 24
OFFSET  19.8369  5.5359 -18.5847
X  0.1066  0.2209  0.9695
Y -0.9875  0.1373  0.0773
Z -0.1160 -0.9656  0.2327

PART 25
OFFSET  15.3595  4.3398 -15.5529
X  0.8436 -0.2860 -0.4544
Y  0.3878 -0.2606  0.8841
Z -0.3713 -0.9221 -0.1089

PART 26
OFFSET  16.6264  4.5683 -14.8292
X  0.8768 -0.3046 -0.3722
Y -0.3810  0.0323 -0.9240
Z  0.2934  0.9519 -0.0877

PART 27
OFFSET  18.1701  4.0321 -15.4845
X  0.7403 -0.2638 -0.6183
Y -0.5997  0.1566 -0.7848
Z  0.3039  0.9518 -0.0423

PART 28
OFFSET  19.0516  3.6535 -16.2337
X  0.6635 -0.3168 -0.6778
Y -0.6651  0.1650 -0.7283
Z  0.3426  0.9340 -0.1012

PART 29
OFFSET  19.8011  3.2956 -16.9992
X  0.4808  0.2169  0.8496
Y -0.8716  0.2238  0.4361
Z -0.0955 -0.9502  0.2966

PART 30
OFFSET  17.0615  5.5690 -15.0021
X  0.8037 -0.2728 -0.5288
Y -0.5544 -0.0208 -0.8320
Z  0.2159  0.9618 -0.1680

PART 31
OFFSET  18.6316  5.0360 -16.0351
X  0.7165 -0.2424 -0.6542
Y -0.6748 -0.0032 -0.7380
Z  0.1768  0.9702 -0.1658

PART 32
OFFSET  19.6781  4.6820 -16.9906
X  0.5116 -0.1841 -0.8393
Y -0.8591 -0.0928 -0.5034
Z  0.0148  0.9785 -0.2056

PART 33
OFFSET  20.2582  4.4805 -17.9422
X  0.1555  0.1379  0.9782
Y -0.9829  0.1203  0.1392
Z -0.0985 -0.9831  0.1542

PART 34
OFFSET  15.9670  6.4369 -16.4857
X  0.1797  0.9823  0.0527
Y  0.1707 -0.0839  0.9817
Z  0.9688 -0.1674 -0.1828

PART 35
OFFSET  8.3116 -8.9681 -7.3379
X  0.6051 -0.3412 -0.7194
Y -0.2717  0.7608 -0.5894
Z  0.7484  0.5521  0.3676

PART 36
OFFSET  8.3116 -8.9681 -7.3379
X  0.6051 -0.3412 -0.7194
Y -0.2717  0.7608 -0.5894
Z  0.7484  0.5521  0.3676

PART 37
OFFSET -69.4030  34.1547  84.1288
X -0.7484 -0.5521 -0.3676
Y -0.2717  0.7608 -0.5894
Z  0.6051 -0.3412 -0.7194

PART 38
OFFSET  8.6426 -8.7340 -7.1883
X  0.6051 -0.3412 -0.7194
Y -0.2717  0.7608 -0.5894
Z  0.7484  0.5521  0.3676

PART 39
OFFSET  9.7625 -12.0506 -11.9773
X  0.6051 -0.3412 -0.7194
Y -0.2717  0.7608 -0.5894
Z  0.7484  0.5521  0.3676

PART 40
OFFSET  3.4608 -5.5444 -2.5064
X  0.9600  0.1711 -0.2217
Y -0.2717  0.7608 -0.5894
Z  0.0679  0.6260  0.7768

PART 41
OFFSET  3.4258 -5.4463 -2.5824
X  0.6051 -0.3412 -0.7194
Y -0.2717  0.7608 -0.5894
Z  0.7484  0.5521  0.3676

PART 42
OFFSET  12.3269 -9.2332 -9.5227
X  0.6051 -0.3412 -0.7194
Y -0.2717  0.7608 -0.5894
Z  0.7484  0.5521  0.3676

PART 43
OFFSET  5.7063 -8.8480 -6.0104
X  0.6051 -0.3412 -0.7194
Y -0.2717  0.7608 -0.5894
Z  0.7484  0.5521  0.3676

PART 44
OFFSET  11.2889 -8.9400 -8.6743
X  0.4562 -0.5920  0.6644
Y  0.6051 -0.3412 -0.7194
Z  0.6526  0.7302  0.2026

PART 45
OFFSET -12.9782 -7.9373 -1.9159
X -0.6239  0.1386  0.7691
Y -0.4706 -0.8524 -0.2281
Z  0.6239 -0.5043  0.5970

PART 46
OFFSET -5.4324 -9.6138 -11.2171
X -0.3852 -0.0667 -0.9204
Y  0.9187 -0.1215 -0.3757
Z -0.0868 -0.9903  0.1081

PART 47
OFFSET -2.1560 -9.0468 -3.3885
X -0.3852 -0.0667 -0.9204
Y  0.9199  0.0522 -0.3888
Z  0.0740 -0.9964  0.0412

PART 48
OFFSET -2.1821 -7.7274 -1.9107
X -0.3904 -0.0632 -0.9185
Y  0.0747  0.9922 -0.1000
Z  0.9176 -0.1077 -0.3827

PART 49
OFFSET -2.9683 -8.1858 -1.1312
X -0.3904 -0.0632 -0.9185
Y  0.0747  0.9922 -0.1000
Z  0.9176 -0.1077 -0.3827

PART 50
OFFSET -2.8468 -9.5172 -0.9774
X -0.3904 -0.0632 -0.9185
Y  0.0747  0.9922 -0.1000
Z  0.9176 -0.1077 -0.3827

PART 51
OFFSET -0.9751 -8.8425 -0.5668
X -0.8085  0.1515  0.5687
Y -0.5243 -0.6245 -0.5790
Z  0.2674 -0.7662  0.5843

PART 52
OFFSET -0.2153 -7.9934 -0.5038
X -0.5392 -0.5931  0.5980
Y -0.1942 -0.6033 -0.7735
Z  0.8195 -0.5331  0.2101

PART 53
OFFSET  0.9220 -6.6237 -1.7287
X -0.4997  0.0210  0.8660
Y -0.3872 -0.8997 -0.2016
Z  0.7749 -0.4360  0.4577

PART 54
OFFSET  1.6187 -6.6624 -3.1899
X  0.0134  0.5712  0.8207
Y -0.5903 -0.6580  0.4676
Z  0.8071 -0.4907  0.3283

PART 55
OFFSET  1.5773 -7.2465 -4.1004
X -0.6302  0.6013  0.4913
Y -0.4442  0.2398 -0.8632
Z -0.6368 -0.7622  0.1159

PART 56
OFFSET -0.9064 -9.4845 -1.7861
X -0.3521  0.4478  0.8219
Y  0.3355 -0.7594  0.5575
Z  0.8738  0.4720  0.1171

PART 57
OFFSET -0.0292 -10.3288 -3.6840
X -0.2392 -0.6236  0.7443
Y  0.5958 -0.6995 -0.3946
Z  0.7667  0.3490  0.5389

PART 58
OFFSET  0.3096 -9.4460 -4.7377
X  0.3452 -0.9330  0.1018
Y  0.5120  0.0963 -0.8536
Z  0.7866  0.3468  0.5109

PART 59
OFFSET  0.0035 -8.6187 -4.8279
X  0.5528 -0.2571 -0.7927
Y -0.1699  0.8965 -0.4092
Z  0.8159  0.3608  0.4519

PART 60
OFFSET -0.5217 -8.3745 -4.0749
X -0.4341 -0.4183  0.7978
Y -0.3808  0.8878  0.2583
Z -0.8164 -0.1917 -0.5448

PART 61
OFFSET -0.3428 -9.2098 -1.4448
X -0.6068  0.3314  0.7225
Y  0.3067 -0.7410  0.5974
Z  0.7334  0.5840  0.3480

PART 62
OFFSET  1.1298 -10.1729 -3.3585
X  0.0048 -0.6715  0.7410
Y  0.6460 -0.5635 -0.5149
Z  0.7633  0.4811  0.4311

PART 63
OFFSET  1.1215 -9.0297 -4.6200
X  0.5716 -0.8122 -0.1167
Y  0.3149  0.3485 -0.8829
Z  0.7577  0.4679  0.4549

PART 64
OFFSET  0.3294 -7.9040 -4.4583
X  0.5092  0.0179 -0.8605
Y -0.4150  0.8810 -0.2272
Z  0.7540  0.4728  0.4560

PART 65
OFFSET -0.2228 -7.9234 -3.5250
X -0.1430 -0.4947  0.8572
Y -0.6638  0.6904  0.2876
Z -0.7341 -0.5279 -0.4271

PART 66
OFFSET -3.7532 -8.0945  2.6028
X -0.5849  0.0503  0.8095
Y -0.5110  0.7522 -0.4160
Z -0.6298 -0.6570 -0.4143

PART 67
OFFSET  2.6699 -9.2467 -2.1289
X -0.5763  0.0155  0.8171
Y  0.4382 -0.8381  0.3250
Z  0.6898  0.5454  0.4762

PART 68
OFFSET  3.6846 -9.2740 -3.5676
X  0.0574 -0.6491  0.7585
Y  0.7421 -0.4805 -0.4673
Z  0.6678  0.5897  0.4542

PART 69
OFFSET  3.6554 -8.4491 -4.4621
X  0.6009 -0.7988  0.0287
Y  0.4119  0.2786 -0.8676
Z  0.6851  0.5332  0.4964

PART 70
OFFSET  2.9767 -7.5468 -4.4946
X -0.3747  0.1585  0.9135
Y -0.5362  0.7668 -0.3530
Z -0.7564 -0.6221 -0.2023

PART 71
OFFSET  1.9670 -9.7706 -2.8012
X -0.0886 -0.5499  0.8305
Y  0.7349 -0.5989 -0.3181
Z  0.6723  0.5822  0.4572

PART 72
OFFSET  2.1400 -8.6963 -4.4237
X  0.6587 -0.7522 -0.0168
Y  0.3050  0.2873 -0.9080
Z  0.6879  0.5930  0.4186

PART 73
OFFSET  1.1779 -7.5976 -4.3992
X  0.5772 -0.1569 -0.8014
Y -0.4443  0.7631 -0.4694
Z  0.6852  0.6270  0.3708

PART 74
OFFSET  0.5190 -7.4238 -3.4945
X -0.2027 -0.4072  0.8906
Y -0.6585  0.7298  0.1838
Z -0.7248 -0.5492 -0.4160

PART 75
OFFSET  0.0000 -0.0000 -0.0000
X  1.0000 -0.0000  0.0000
Y  0.0000  1.0000  0.0000
Z  0.0000 -0.0000  1.0000

PART 76
OFFSET  0.0000 -0.0000 -0.0000
X  1.0000 -0.0000  0.0000
Y  0.0000  1.0000  0.0000
Z  0.0000 -0.0000  1.0000

PART 77
OFFSET  1.5404 -0.0000  4.1357
X  1.0000 -0.0000  0.0000
Y  0.0000  1.0000  0.0000
Z  0.0000 -0.0000  1.0000


FRAME 282
PART 0
OFFSET  0.0000 -0.0000 -0.0000
X  1.0000 -0.0000  0.0000
Y  0.0000  1.0000  0.0000
Z  0.0000 -0.0000  1.0000

PART 1
OFFSET -4.6318 -0.0000 -1.3770
X  1.0000 -0.0000  0.0000
Y  0.0000  1.0000  0.0000
Z  0.0000 -0.0000  1.0000

PART 2
OFFSET -2.1458  5.0340 -5.9168
X  0.3951  0.4776 -0.7847
Y  0.2784 -0.8763 -0.3932
Z -0.8754 -0.0631 -0.4792

PART 3
OFFSET  2.6325  10.8103 -15.4072
X  0.9500 -0.3038  0.0728
Y -0.2342 -0.5383  0.8095
Z -0.2067 -0.7861 -0.5825

PART 4
OFFSET  10.7123  8.2266 -14.7878
X  0.9500 -0.3038  0.0728
Y -0.3019 -0.9527 -0.0358
Z  0.0803  0.0121 -0.9967

PART 5
OFFSET  12.0054  9.5981 -14.8066
X  0.9519 -0.2984  0.0696
Y  0.2074  0.7946  0.5706
Z -0.2256 -0.5288  0.8183

PART 6
OFFSET  11.8188  8.0204 -16.1558
X  0.9519 -0.2984  0.0696
Y  0.2074  0.7946  0.5706
Z -0.2256 -0.5288  0.8183

PART 7
OFFSET  11.8865  7.9848 -12.7769
X  0.9519 -0.2984  0.0696
Y  0.2074  0.7946  0.5706
Z -0.2256 -0.5288  0.8183

PART 8
OFFSET  11.9341  6.3352 -13.5932
X  0.9519 -0.2984  0.0696
Y  0.2074  0.7946  0.5706
Z -0.2256 -0.5288  0.8183

PART 9
OFFSET  11.6686  6.4917 -14.7511
X  0.9519 -0.2984  0.0696
Y  0.2074  0.7946  0.5706
Z -0.2256 -0.5288  0.8183

PART 10
OFFSET  13.6245  7.2954 -14.5645
X  0.8336 -0.5174 -0.1932
Y -0.5244 -0.8513  0.0172
Z -0.1734  0.0870 -0.9810

PART 11
OFFSET  13.4223  6.2768 -15.0376
X  0.0364 -0.8283 -0.5591
Y -0.8822 -0.2894  0.3713
Z -0.4694  0.4798 -0.7413

PART 12
OFFSET  13.3866  4.4873 -16.2484
X  0.3323 -0.8215 -0.4634
Y -0.9050 -0.4161  0.0887
Z -0.2657  0.3899 -0.8817

PART 13
OFFSET  13.9472  3.2295 -17.1004
X  0.3241 -0.7489 -0.5780
Y -0.8737 -0.4712  0.1206
Z -0.3626  0.4659 -0.8071

PART 14
OFFSET  14.2662  2.4329 -17.7603
X  0.2922 -0.9492  0.1167
Y  0.3498  0.2196  0.9107
Z -0.8901 -0.2253  0.3962

PART 15
OFFSET  14.8564  7.7866 -14.9447
X  0.8894  0.0343 -0.4558
Y -0.4498 -0.1109 -0.8862
Z -0.0809  0.9932 -0.0832

PART 16
OFFSET  16.8115  7.7053 -16.0653
X  0.6311 -0.1854 -0.7532
Y -0.7661 -0.3016 -0.5676
Z -0.1219  0.9352 -0.3324

PART 17
OFFSET  17.7049  7.4428 -17.1317
X  0.5202 -0.2697 -0.8103
Y -0.8510 -0.2429 -0.4656
Z -0.0712  0.9318 -0.3559

PART 18
OFFSET  18.1662  7.2037 -17.8502
X  0.3311 -0.3194 -0.8879
Y -0.9342 -0.2431 -0.2609
Z -0.1325  0.9159 -0.3788

PART 19
OFFSET  18.4808  6.9002 -18.6937
X  0.3524  0.2644  0.8977
Y -0.9351  0.1377  0.3265
Z -0.0373 -0.9545  0.2958

PART 20
OFFSET  14.7155  7.0949 -14.8388
X  0.9533 -0.2305 -0.1951
Y -0.1673  0.1348 -0.9766
Z  0.2514  0.9637  0.0900

PART 21
OFFSET  17.1176  6.5729 -15.6849
X  0.6685 -0.2400 -0.7039
Y -0.7271 -0.0117 -0.6865
Z  0.1565  0.9707 -0.1823

PART 22
OFFSET  18.2556  6.1643 -16.8834
X  0.5914 -0.2637 -0.7621
Y -0.7860  0.0226 -0.6178
Z  0.1801  0.9643 -0.1939

PART 23
OFFSET  19.0753  5.7988 -17.9395
X  0.3518 -0.2412 -0.9044
Y -0.9192  0.0934 -0.3825
Z  0.1767  0.9660 -0.1889

PART 24
OFFSET  19.4568  5.5372 -18.9204
X  0.2455  0.1918  0.9502
Y -0.9615  0.1732  0.2135
Z -0.1236 -0.9660  0.2269

PART 25
OFFSET  15.2687  4.3952 -15.6586
X  0.8376 -0.2980 -0.4579
Y  0.3875 -0.2668  0.8824
Z -0.3852 -0.9165 -0.1080

PART 26
OFFSET  16.5417  4.6047 -14.9398
X  0.8503 -0.3141 -0.4224
Y -0.4281  0.0544 -0.9021
Z  0.3063  0.9478 -0.0882

PART 27
OFFSET  18.0387  4.0517 -15.6835
X  0.6731 -0.2586 -0.6929
Y -0.6665  0.1940 -0.7198
Z  0.3206  0.9463 -0.0417

PART 28
OFFSET  18.8374  3.6799 -16.5234
X  0.5596 -0.2995 -0.7728
Y -0.7498  0.2144 -0.6260
Z  0.3532  0.9297 -0.1045

PART 29
OFFSET  19.4695  3.3416 -17.3963
X  0.5940  0.1654  0.7873
Y -0.8001  0.2227  0.5569
Z -0.0832 -0.9607  0.2647

PART 30
OFFSET  16.9906  5.5990 -15.1139
X  0.7683 -0.2841 -0.5736
Y -0.5978  0.0022 -0.8017
Z  0.2290  0.9588 -0.1681

PART 31
OFFSET  18.4915  5.0441 -16.2345
X  0.6424 -0.2486 -0.7249
Y -0.7424  0.0326 -0.6691
Z  0.1900  0.9681 -0.1636

PART 32
OFFSET  19.4298  4.6810 -17.2933
X  0.3859 -0.1825 -0.9043
Y -0.9222 -0.0495 -0.3835
Z  0.0253  0.9820 -0.1874

PART 33
OFFSET  19.8677  4.4813 -18.3186
X  0.2915  0.1088  0.9504
Y -0.9496  0.1526  0.2738
Z -0.1153 -0.9823  0.1478

PART 34
OFFSET  15.9030  6.4838 -16.5926
X  0.1942  0.9795  0.0525
Y  0.1734 -0.0870  0.9810
Z  0.9655 -0.1814 -0.1867

PART 35
OFFSET  8.4824 -8.3545 -6.5587
X  0.6857 -0.3353 -0.6461
Y -0.2342  0.7388 -0.6320
Z  0.6892  0.5846  0.4281

PART 36
OFFSET  8.4824 -8.3545 -6.5587
X  0.6857 -0.3353 -0.6461
Y -0.2342  0.7388 -0.6320
Z  0.6892  0.5846  0.4281

PART 37
OFFSET -79.4743  33.9926  75.5122
X -0.6892 -0.5846 -0.4281
Y -0.2342  0.7388 -0.6320
Z  0.6857 -0.3353 -0.6461

PART 38
OFFSET  8.7888 -8.1063 -6.3822
X  0.6857 -0.3353 -0.6461
Y -0.2342  0.7388 -0.6320
Z  0.6892  0.5846  0.4281

PART 39
OFFSET  10.4954 -11.4814 -10.9521
X  0.6857 -0.3353 -0.6461
Y -0.2342  0.7388 -0.6320
Z  0.6892  0.5846  0.4281

PART 40
OFFSET  3.0586 -4.9980 -2.3266
X  0.9717  0.1989 -0.1275
Y -0.2342  0.7388 -0.6320
Z -0.0315  0.6439  0.7644

PART 41
OFFSET  3.0284 -4.9027 -2.4081
X  0.6857 -0.3353 -0.6461
Y -0.2342  0.7388 -0.6320
Z  0.6892  0.5846  0.4281

PART 42
OFFSET  12.7058 -8.5284 -8.3191
X  0.6857 -0.3353 -0.6461
Y -0.2342  0.7388 -0.6320
Z  0.6892  0.5846  0.4281

PART 43
OFFSET  5.7529 -8.2954 -5.5049
X  0.6857 -0.3353 -0.6461
Y -0.2342  0.7388 -0.6320
Z  0.6892  0.5846  0.4281

PART 44
OFFSET  11.5780 -8.2531 -7.5874
X  0.4046 -0.5623  0.7212
Y  0.6857 -0.3353 -0.6461
Z  0.6051  0.7559  0.2499

PART 45
OFFSET -12.9782 -7.9373 -1.9159
X -0.6014  0.1045  0.7921
Y -0.4491 -0.8642 -0.2269
Z  0.6608 -0.4922  0.5666

PART 46
OFFSET -5.7055 -9.2015 -11.4957
X -0.3682 -0.0689 -0.9272
Y  0.9284 -0.0804 -0.3627
Z -0.0495 -0.9944  0.0936

PART 47
OFFSET -2.5740 -8.6151 -3.6095
X -0.3682 -0.0689 -0.9272
Y  0.9291  0.0102 -0.3697
Z  0.0349 -0.9976  0.0603

PART 48
OFFSET -2.6744 -7.3182 -2.1150
X -0.3736 -0.0657 -0.9253
Y  0.0372  0.9956 -0.0858
Z  0.9269 -0.0665 -0.3695

PART 49
OFFSET -3.4538 -7.8177 -1.3541
X -0.3736 -0.0657 -0.9253
Y  0.0372  0.9956 -0.0858
Z  0.9269 -0.0665 -0.3695

PART 50
OFFSET -3.2826 -9.1453 -1.2160
X -0.3736 -0.0657 -0.9253
Y  0.0372  0.9956 -0.0858
Z  0.9269 -0.0665 -0.3695

PART 51
OFFSET -1.4453 -8.4038 -0.7670
X -0.8666  0.1358  0.4802
Y -0.4425 -0.6537 -0.6138
Z  0.2306 -0.7444  0.6266

PART 52
OFFSET -0.7231 -7.5283 -0.6479
X -0.5782 -0.5985  0.5544
Y -0.0951 -0.6255 -0.7744
Z  0.8103 -0.5006  0.3047

PART 53
OFFSET  0.4891 -6.1464 -1.7840
X -0.5857  0.0220  0.8102
Y -0.3360 -0.9163 -0.2180
Z  0.7376 -0.3999  0.5441

PART 54
OFFSET  1.3320 -6.1918 -3.1659
X -0.0884  0.5882  0.8039
Y -0.6137 -0.6678  0.4212
Z  0.7846 -0.4561  0.4200

PART 55
OFFSET  1.4021 -6.7956 -4.0616
X -0.6957  0.5896  0.4104
Y -0.3613  0.2067 -0.9093
Z -0.6209 -0.7808  0.0692

PART 56
OFFSET -1.2324 -9.0682 -1.9572
X -0.4480  0.4525  0.7710
Y  0.3008 -0.7358  0.6067
Z  0.8419  0.5037  0.1935

PART 57
OFFSET -0.1401 -9.9214 -3.7358
X -0.2940 -0.6158  0.7310
Y  0.6548 -0.6869 -0.3153
Z  0.6963  0.3859  0.6051

PART 58
OFFSET  0.2762 -9.0496 -4.7707
X  0.3624 -0.9184  0.1586
Y  0.5930  0.0959 -0.7995
Z  0.7191  0.3838  0.5794

PART 59
OFFSET -0.0451 -8.2353 -4.9114
X  0.6385 -0.2545 -0.7263
Y -0.1556  0.8816 -0.4457
Z  0.7537  0.3976  0.5233

PART 60
OFFSET -0.6517 -7.9935 -4.2214
X -0.4997 -0.4162  0.7596
Y -0.4331  0.8796  0.1970
Z -0.7501 -0.2305 -0.6198

PART 61
OFFSET -0.7155 -8.7676 -1.5674
X -0.6874  0.3255  0.6492
Y  0.2675 -0.7177  0.6430
Z  0.6752  0.6156  0.4063

PART 62
OFFSET  0.9742 -9.7196 -3.2986
X -0.0495 -0.6555  0.7536
Y  0.7126 -0.5518 -0.4332
Z  0.6998  0.5156  0.4944

PART 63
OFFSET  1.0584 -8.6037 -4.5816
X  0.6059 -0.7946 -0.0387
Y  0.3920  0.3406 -0.8546
Z  0.6922  0.5026  0.5179

PART 64
OFFSET  0.2186 -7.5024 -4.5279
X  0.5934  0.0173 -0.8047
Y -0.4173  0.8615 -0.2892
Z  0.6883  0.5074  0.5185

PART 65
OFFSET -0.4249 -7.5212 -3.6552
X -0.2139 -0.4814  0.8500
Y -0.7112  0.6733  0.2023
Z -0.6697 -0.5612 -0.4864

PART 66
OFFSET -4.5543 -7.6849  2.0864
X -0.6657  0.0472  0.7447
Y -0.4895  0.7256 -0.4835
Z -0.5632 -0.6865 -0.4599

PART 67
OFFSET  2.3509 -8.7164 -1.9421
X -0.6568  0.0129  0.7540
Y  0.4291 -0.8158  0.3877
Z  0.6201  0.5782  0.5303

PART 68
OFFSET  3.5072 -8.7391 -3.2697
X  0.0003 -0.6309  0.7758
Y  0.8007 -0.4646 -0.3781
Z  0.5990  0.6213  0.5051

PART 69
OFFSET  3.5433 -7.9343 -4.1822
X  0.6198 -0.7772  0.1086
Y  0.4891  0.2744 -0.8279
Z  0.6137  0.5663  0.5502

PART 70
OFFSET  2.8432 -7.0564 -4.3048
X -0.4707  0.1646  0.8668
Y -0.5214  0.7406 -0.4238
Z -0.7117 -0.6514 -0.2628

PART 71
OFFSET  1.7370 -9.2776 -2.6693
X -0.1553 -0.5353  0.8303
Y  0.7821 -0.5801 -0.2277
Z  0.6035  0.6140  0.5087

PART 72
OFFSET  2.0405 -8.2319 -4.2913
X  0.6804 -0.7296  0.0680
Y  0.3867  0.2786 -0.8791
Z  0.6225  0.6245  0.4717

PART 73
OFFSET  1.0466 -7.1662 -4.3907
X  0.6606 -0.1538 -0.7348
Y -0.4180  0.7377 -0.5302
Z  0.6236  0.6574  0.4230

PART 74
OFFSET  0.2938 -6.9962 -3.5617
X -0.2794 -0.3953  0.8751
Y -0.6965  0.7107  0.0986
Z -0.6609 -0.5820 -0.4739

PART 75
OFFSET  0.0000 -0.0000 -0.0000
X  1.0000 -0.0000  0.0000
Y  0.0000  1.0000  0.0000
Z  0.0000 -0.0000  1.0000

PART 76
OFFSET  0.0000 -0.0000 -0.0000
X  1.0000 -0.0000  0.0000
Y  0.0000  1.0000  0.0000
Z  0.0000 -0.0000  1.0000

PART 77
OFFSET  1.5404 -0.0000  4.1357
X  1.0000 -0.0000  0.0000
Y  0.0000  1.0000  0.0000
Z  0.0000 -0.0000  1.0000


FRAME 283
PART 0
OFFSET  0.0000 -0.0000 -0.0000
X  1.0000 -0.0000  0.0000
Y  0.0000  1.0000  0.0000
Z  0.0000 -0.0000  1.0000

PART 1
OFFSET -4.6318 -0.0000 -1.3770
X  1.0000 -0.0000  0.0000
Y  0.0000  1.0000  0.0000
Z  0.0000 -0.0000  1.0000

PART 2
OFFSET -2.1458  5.0340 -5.9168
X  0.3911  0.4790 -0.7858
Y  0.2780 -0.8755 -0.3953
Z -0.8773 -0.0639 -0.4756

PART 3
OFFSET  2.5847  10.8273 -15.4207
X  0.9510 -0.3017  0.0674
Y -0.2287 -0.5399  0.8100
Z -0.2080 -0.7858 -0.5825

PART 4
OFFSET  10.6735  8.2611 -14.8472
X  0.9510 -0.3017  0.0674
Y -0.3010 -0.9534 -0.0205
Z  0.0705 -0.0008 -0.9975

PART 5
OFFSET  11.9634  9.6355 -14.8709
X  0.9529 -0.2963  0.0642
Y  0.2086  0.7943  0.5706
Z -0.2201 -0.5304  0.8187

PART 6
OFFSET  11.7732  8.0592 -16.2213
X  0.9529 -0.2963  0.0642
Y  0.2086  0.7943  0.5706
Z -0.2201 -0.5304  0.8187

PART 7
OFFSET  11.8588  8.0193 -12.8429
X  0.9529 -0.2963  0.0642
Y  0.2086  0.7943  0.5706
Z -0.2201 -0.5304  0.8187

PART 8
OFFSET  11.9058  6.3708 -13.6617
X  0.9529 -0.2963  0.0642
Y  0.2086  0.7943  0.5706
Z -0.2201 -0.5304  0.8187

PART 9
OFFSET  11.6339  6.5284 -14.8179
X  0.9529 -0.2963  0.0642
Y  0.2086  0.7943  0.5706
Z -0.2201 -0.5304  0.8187

PART 10
OFFSET  13.5890  7.3362 -14.6405
X  0.8247 -0.5304 -0.1963
Y -0.5344 -0.8444  0.0363
Z -0.1850  0.0749 -0.9799

PART 11
OFFSET  13.3683  6.3134 -15.0961
X  0.0488 -0.8270 -0.5601
Y -0.8797 -0.3012  0.3681
Z -0.4731  0.4748 -0.7421

PART 12
OFFSET  13.3594  4.5253 -16.3093
X  0.3569 -0.8100 -0.4653
Y -0.8954 -0.4387  0.0769
Z -0.2664  0.3892 -0.8818

PART 13
OFFSET  13.9592  3.2874 -17.1639
X  0.3971 -0.7073 -0.5848
Y -0.8416 -0.5348  0.0752
Z -0.3660  0.4623 -0.8077

PART 14
OFFSET  14.3576  2.5346 -17.8320
X  0.3548 -0.9293  0.1026
Y  0.3005  0.2173  0.9287
Z -0.8853 -0.2987  0.3564

PART 15
OFFSET  14.8217  7.8067 -15.0435
X  0.8838  0.0167 -0.4675
Y -0.4626 -0.1182 -0.8787
Z -0.0700  0.9929 -0.0967

PART 16
OFFSET  16.7610  7.6852 -16.1876
X  0.5636 -0.2244 -0.7950
Y -0.8180 -0.2854 -0.4994
Z -0.1149  0.9318 -0.3444

PART 17
OFFSET  17.5589  7.3675 -17.3132
X  0.3898 -0.3189 -0.8639
Y -0.9185 -0.2022 -0.3398
Z -0.0663  0.9260 -0.3717

PART 18
OFFSET  17.9045  7.0848 -18.0792
X  0.1334 -0.3693 -0.9197
Y -0.9824 -0.1719 -0.0734
Z -0.1310  0.9133 -0.3857

PART 19
OFFSET  18.0312  6.7340 -18.9529
X  0.5336  0.2583  0.8053
Y -0.8440  0.2233  0.4876
Z -0.0539 -0.9399  0.3372

PART 20
OFFSET  14.6738  7.1184 -14.9257
X  0.9479 -0.2450 -0.2038
Y -0.1782  0.1228 -0.9763
Z  0.2642  0.9617  0.0727

PART 21
OFFSET  17.0582  6.5547 -15.7947
X  0.6037 -0.2586 -0.7541
Y -0.7797  0.0053 -0.6261
Z  0.1659  0.9660 -0.1984

PART 22
OFFSET  18.0861  6.1144 -17.0785
X  0.4693 -0.2775 -0.8383
Y -0.8627  0.0585 -0.5023
Z  0.1884  0.9590 -0.2120

PART 23
OFFSET  18.7364  5.7298 -18.2404
X  0.1580 -0.2366 -0.9587
Y -0.9698  0.1455 -0.1958
Z  0.1858  0.9606 -0.2065

PART 24
OFFSET  18.9078  5.4732 -19.2801
X  0.4336  0.1580  0.8871
Y -0.8922  0.2134  0.3981
Z -0.1264 -0.9641  0.2335

PART 25
OFFSET  15.1836  4.4005 -15.7130
X  0.8279 -0.3149 -0.4641
Y  0.3956 -0.2588  0.8812
Z -0.3976 -0.9132 -0.0896

PART 26
OFFSET  16.4682  4.6047 -15.0136
X  0.8084 -0.3266 -0.4898
Y -0.4963  0.0695 -0.8654
Z  0.3167  0.9426 -0.1059

PART 27
OFFSET  17.8915  4.0297 -15.8760
X  0.5662 -0.2519 -0.7848
Y -0.7523  0.2310 -0.6170
Z  0.3367  0.9398 -0.0588

PART 28
OFFSET  18.5594  3.6663 -16.8265
X  0.3943 -0.2731 -0.8775
Y -0.8455  0.2664 -0.4628
Z  0.3601  0.9244 -0.1259

PART 29
OFFSET  19.0047  3.3579 -17.8176
X  0.7362  0.1084  0.6680
Y -0.6735  0.2140  0.7075
Z -0.0662 -0.9708  0.2306

PART 30
OFFSET  16.9269  5.5908 -15.2079
X  0.7133 -0.3012 -0.6329
Y -0.6591  0.0189 -0.7518
Z  0.2384  0.9534 -0.1850

PART 31
OFFSET  18.3203  5.0024 -16.4442
X  0.5269 -0.2580 -0.8098
Y -0.8261  0.0686 -0.5593
Z  0.1999  0.9637 -0.1770

PART 32
OFFSET  19.0899  4.6255 -17.6271
X  0.1947 -0.1808 -0.9641
Y -0.9803 -0.0018 -0.1976
Z  0.0341  0.9835 -0.1776

PART 33
OFFSET  19.3113  4.4276 -18.7201
X  0.4747  0.0769  0.8768
Y -0.8705  0.1881  0.4548
Z -0.1299 -0.9791  0.1562

PART 34
OFFSET  15.8311  6.4674 -16.6854
X  0.2067  0.9777  0.0357
Y  0.1850 -0.0749  0.9799
Z  0.9607 -0.1960 -0.1964

PART 35
OFFSET  8.7139 -7.7653 -5.8441
X  0.7630 -0.3210 -0.5611
Y -0.1748  0.7332 -0.6572
Z  0.6224  0.5994  0.5033

PART 36
OFFSET  8.7139 -7.7653 -5.8441
X  0.7630 -0.3210 -0.5611
Y -0.1748  0.7332 -0.6572
Z  0.6224  0.5994  0.5033

PART 37
OFFSET -89.0444  32.7530  65.3379
X -0.6224 -0.5994 -0.5033
Y -0.1748  0.7332 -0.6572
Z  0.7630 -0.3210 -0.5611

PART 38
OFFSET  8.9925 -7.5105 -5.6339
X  0.7630 -0.3210 -0.5611
Y -0.1748  0.7332 -0.6572
Z  0.6224  0.5994  0.5033

PART 39
OFFSET  11.2886 -10.8515 -9.9645
X  0.7630 -0.3210 -0.5611
Y -0.1748  0.7332 -0.6572
Z  0.6224  0.5994  0.5033

PART 40
OFFSET  2.7662 -4.5223 -2.2801
X  0.9755  0.2195 -0.0146
Y -0.1748  0.7332 -0.6572
Z -0.1335  0.6436  0.7536

PART 41
OFFSET  2.7436 -4.4277 -2.3648
X  0.7630 -0.3210 -0.5611
Y -0.1748  0.7332 -0.6572
Z  0.6224  0.5994  0.5033

PART 42
OFFSET  13.1158 -7.8504 -7.1021
X  0.7630 -0.3210 -0.5611
Y -0.1748  0.7332 -0.6572
Z  0.6224  0.5994  0.5033

PART 43
OFFSET  5.8800 -7.7636 -5.1142
X  0.7630 -0.3210 -0.5611
Y -0.1748  0.7332 -0.6572
Z  0.6224  0.5994  0.5033

PART 44
OFFSET  11.9052 -7.5987 -6.5070
X  0.3299 -0.5531  0.7650
Y  0.7630 -0.3210 -0.5611
Z  0.5559  0.7688  0.3161

PART 45
OFFSET -12.9782 -7.9373 -1.9159
X -0.5583  0.0725  0.8265
Y -0.4335 -0.8749 -0.2161
Z  0.7074 -0.4789  0.5199

PART 46
OFFSET -6.2262 -8.8137 -11.9111
X -0.3812 -0.0684 -0.9220
Y  0.9244 -0.0415 -0.3791
Z -0.0123 -0.9968  0.0791

PART 47
OFFSET -2.9841 -8.2318 -4.0694
X -0.3812 -0.0684 -0.9220
Y  0.9233 -0.0798 -0.3758
Z -0.0478 -0.9945  0.0936

PART 48
OFFSET -3.1054 -6.9617 -2.5536
X -0.3867 -0.0654 -0.9199
Y  0.0001  0.9975 -0.0710
Z  0.9222 -0.0276 -0.3857

PART 49
OFFSET -3.8534 -7.5001 -1.7878
X -0.3867 -0.0654 -0.9199
Y  0.0001  0.9975 -0.0710
Z  0.9222 -0.0276 -0.3857

PART 50
OFFSET -3.6324 -8.8226 -1.6730
X -0.3867 -0.0654 -0.9199
Y  0.0001  0.9975 -0.0710
Z  0.9222 -0.0276 -0.3857

PART 51
OFFSET -1.8155 -8.0221 -1.2429
X -0.9191  0.1176  0.3760
Y -0.3544 -0.6634 -0.6590
Z  0.1719 -0.7390  0.6514

PART 52
OFFSET -1.1306 -7.1314 -1.0436
X -0.6259 -0.6103  0.4855
Y  0.0086 -0.6278 -0.7783
Z  0.7798 -0.4830  0.3982

PART 53
OFFSET  0.1759 -5.7248 -2.0356
X -0.6761  0.0100  0.7367
Y -0.2890 -0.9234 -0.2527
Z  0.6777 -0.3838  0.6272

PART 54
OFFSET  1.1742 -5.7531 -3.3103
X -0.1934  0.5867  0.7864
Y -0.6442 -0.6805  0.3492
Z  0.7400 -0.4391  0.5096

PART 55
OFFSET  1.3605 -6.3558 -4.1899
X -0.7509  0.5749  0.3251
Y -0.2576  0.1984 -0.9457
Z -0.6082 -0.7938 -0.0009

PART 56
OFFSET -1.4520 -8.6826 -2.3983
X -0.5439  0.4434  0.7124
Y  0.2438 -0.7289  0.6398
Z  0.8030  0.5217  0.2883

PART 57
OFFSET -0.1429 -9.5135 -4.0356
X -0.3638 -0.6214  0.6939
Y  0.7012 -0.6730 -0.2351
Z  0.6131  0.4010  0.6806

PART 58
OFFSET  0.3722 -8.6337 -5.0179
X  0.3608 -0.9104  0.2024
Y  0.6796  0.1080 -0.7256
Z  0.6387  0.3994  0.6577

PART 59
OFFSET  0.0523 -7.8265 -5.1974
X  0.7237 -0.2414 -0.6465
Y -0.1213  0.8778 -0.4635
Z  0.6794  0.4139  0.6060

PART 60
OFFSET -0.6353 -7.5972 -4.5832
X -0.5756 -0.4263  0.6978
Y -0.4714  0.8703  0.1427
Z -0.6681 -0.2468 -0.7019

PART 61
OFFSET -0.9903 -8.3708 -1.9521
X -0.7648  0.3112  0.5641
Y  0.2061 -0.7114  0.6719
Z  0.6104  0.6301  0.4799

PART 62
OFFSET  0.9086 -9.2878 -3.4726
X -0.1228 -0.6559  0.7448
Y  0.7695 -0.5368 -0.3459
Z  0.6267  0.5307  0.5706

PART 63
OFFSET  1.1176 -8.1711 -4.7407
X  0.6229 -0.7815  0.0343
Y  0.4813  0.3483 -0.8044
Z  0.6167  0.5176  0.5931

PART 64
OFFSET  0.2543 -7.0880 -4.7882
X  0.6823  0.0294 -0.7305
Y -0.3990  0.8523 -0.3383
Z  0.6126  0.5223  0.5932

PART 65
OFFSET -0.4857 -7.1199 -3.9960
X -0.3009 -0.4853  0.8210
Y -0.7439  0.6581  0.1163
Z -0.5967 -0.5757 -0.5590

PART 66
OFFSET -5.2490 -7.3678  1.2283
X -0.7485  0.0335  0.6623
Y -0.4453  0.7147 -0.5393
Z -0.4915 -0.6986 -0.5200

PART 67
OFFSET  2.0972 -8.2546 -1.9688
X -0.7399 -0.0006  0.6727
Y  0.3983 -0.8062  0.4374
Z  0.5421  0.5916  0.5968

PART 68
OFFSET  3.3999 -8.2535 -3.1531
X -0.0765 -0.6303  0.7726
Y  0.8488 -0.4477 -0.2812
Z  0.5232  0.6343  0.5692

PART 69
OFFSET  3.5247 -7.4488 -4.0578
X  0.6193 -0.7638  0.1821
Y  0.5760  0.2842 -0.7665
Z  0.5336  0.5795  0.6159

PART 70
OFFSET  2.8252 -6.5861 -4.2635
X -0.5715  0.1551  0.8058
Y -0.4842  0.7291 -0.4837
Z -0.6626 -0.6666 -0.3416

PART 71
OFFSET  1.5838 -8.8292 -2.7605
X -0.2393 -0.5379  0.8083
Y  0.8153 -0.5635 -0.1336
Z  0.5273  0.6270  0.5734

PART 72
OFFSET  2.0513 -7.7784 -4.3396
X  0.6832 -0.7150  0.1488
Y  0.4801  0.2862 -0.8292
Z  0.5503  0.6379  0.5388

PART 73
OFFSET  1.0534 -6.7341 -4.5569
X  0.7445 -0.1402 -0.6528
Y -0.3691  0.7283 -0.5774
Z  0.5563  0.6708  0.4904

PART 74
OFFSET  0.2061 -6.5796 -3.8214
X -0.3706 -0.4006  0.8380
Y -0.7181  0.6958  0.0150
Z -0.5890 -0.5962 -0.5455

PART 75
OFFSET  0.0000 -0.0000 -0.0000
X  1.0000 -0.0000  0.0000
Y  0.0000  1.0000  0.0000
Z  0.0000 -0.0000  1.0000

PART 76
OFFSET  0.0000 -0.0000 -0.0000
X  1.0000 -0.0000  0.0000
Y  0.0000  1.0000  0.0000
Z  0.0000 -0.0000  1.0000

PART 77
OFFSET  1.5404 -0.0000  4.1357
X  1.0000 -0.0000  0.0000
Y  0.0000  1.0000  0.0000
Z  0.0000 -0.0000  1.0000


FRAME 284
PART 0
OFFSET  0.0000 -0.0000 -0.0000
X  1.0000 -0.0000  0.0000
Y  0.0000  1.0000  0.0000
Z  0.0000 -0.0000  1.0000

PART 1
OFFSET -4.6318 -0.0000 -1.3770
X  1.0000 -0.0000  0.0000
Y  0.0000  1.0000  0.0000
Z  0.0000 -0.0000  1.0000

PART 2
OFFSET -2.1458  5.0340 -5.9168
X  0.3930  0.4775 -0.7859
Y  0.2747 -0.8766 -0.3952
Z -0.8776 -0.0605 -0.4756

PART 3
OFFSET  2.6073  10.8083 -15.4210
X  0.9494 -0.3063  0.0688
Y -0.2324 -0.5385  0.8099
Z -0.2110 -0.7850 -0.5825

PART 4
OFFSET  10.6828  8.2032 -14.8356
X  0.9494 -0.3063  0.0688
Y -0.3089 -0.9506  0.0310
Z  0.0559 -0.0507 -0.9971

PART 5
OFFSET  11.9794  9.5713 -14.8582
X  0.9514 -0.3009  0.0656
Y  0.2116  0.7935  0.5706
Z -0.2237 -0.5289  0.8186

PART 6
