// Export filename: `C:\projects\cod\t5\xanim_export\t5_viewmodels\spas12\spas12_grip_reload_loop.XANIM_EXPORT`
// Source filename: `D:\projects\devanim\t5\animation_assets\viewmodels/spas12/ViewModel_Spas12_animated.fbx`
// Export time: Wed Sep 16 15:48:48 2009

ANIMATION
VERSION 3

NUMPARTS 93
PART 0 "tag_torso"
PART 1 "J_Shoulder_LE"
PART 2 "J_Elbow_LE"
PART 3 "J_WristTwist_LE"
PART 4 "J_Sleave_Reshape_Bottom_LE_1"
PART 5 "J_Sleave_Reshape_Bottom_LE_2"
PART 6 "J_Sleave_Reshape_Top_LE_1"
PART 7 "J_Sleave_Reshape_Top_LE_2"
PART 8 "J_Sleave_Reshape_Top_LE_3"
PART 9 "J_Wrist_LE"
PART 10 "J_Thumb_LE_0"
PART 11 "J_Thumb_LE_1"
PART 12 "J_Thumb_LE_2"
PART 13 "J_Thumb_LE_3"
PART 14 "J_PinkyPalm_LE"
PART 15 "J_Pinky_LE_0"
PART 16 "J_Pinky_LE_1"
PART 17 "J_Pinky_LE_2"
PART 18 "J_Pinky_LE_3"
PART 19 "J_RingPalm_LE"
PART 20 "J_Ring_LE_0"
PART 21 "J_Ring_LE_1"
PART 22 "J_Ring_LE_2"
PART 23 "J_Ring_LE_3"
PART 24 "J_Webbing_LE"
PART 25 "J_Index_LE_0"
PART 26 "J_Index_LE_1"
PART 27 "J_Index_LE_2"
PART 28 "J_Index_LE_3"
PART 29 "J_Mid_LE_0"
PART 30 "J_Mid_LE_1"
PART 31 "J_Mid_LE_2"
PART 32 "J_Mid_LE_3"
PART 33 "tag_knife_attach"
PART 34 "J_Shoulder_RI"
PART 35 "J_Elbow_RI"
PART 36 "J_WristTwist_RI"
PART 37 "J_Sleave_Reshape_Top_RI_3"
PART 38 "J_Sleave_Reshape_Top_RI_2"
PART 39 "J_Sleave_Reshape_Top_RI_1"
PART 40 "J_Wrist_RI"
PART 41 "J_Thumb_RI_0"
PART 42 "J_Thumb_RI_1"
PART 43 "J_Thumb_RI_2"
PART 44 "J_Thumb_RI_3"
PART 45 "J_PinkyPalm_RI"
PART 46 "J_Pinky_RI_0"
PART 47 "J_Pinky_RI_1"
PART 48 "J_Pinky_RI_2"
PART 49 "J_Pinky_RI_3"
PART 50 "J_RingPalm_RI"
PART 51 "J_Ring_RI_0"
PART 52 "J_Ring_RI_1"
PART 53 "J_Ring_RI_2"
PART 54 "J_Ring_RI_3"
PART 55 "J_Webbing_RI"
PART 56 "J_Index_RI_0"
PART 57 "J_Index_RI_1"
PART 58 "J_Index_RI_2"
PART 59 "J_Index_RI_3"
PART 60 "J_Mid_RI_0"
PART 61 "J_Mid_RI_1"
PART 62 "J_Mid_RI_2"
PART 63 "J_Mid_RI_3"
PART 64 "tag_weapon"
PART 65 "J_Gun"
PART 66 "tag_brass"
PART 67 "tag_flash"
PART 68 "tag_clip"
PART 69 "tag_bolt"
PART 70 "tag_pump"
PART 71 "tag_stock"
PART 72 "tag_ring"
PART 73 "tag_stocktop"
PART 74 "tag_Load"
PART 75 "tag_iron_sights"
PART 76 "tag_scope_acog"
PART 77 "tag_laser_rifle"
PART 78 "TAG_REFLEX"
PART 79 "tag_suppressor"
PART 80 "tag_flash3"
PART 81 "TAG_GRIP"
PART 82 "tag_side_saddle"
PART 83 "tag_ammo_1"
PART 84 "tag_ammo_2"
PART 85 "tag_ammo_3"
PART 86 "tag_ammo_4"
PART 87 "tag_ammo_5"
PART 88 "tag_ammo_6"
PART 89 "tag_cambone"
PART 90 "tag_camera"
PART 91 "tag_gasmask"
PART 92 "tag_ads"

FRAMERATE 30
NUMFRAMES 18

FRAME 326
PART 0
OFFSET -4.6318 -0.0000 -1.3770
SCALE 1 1 1
X  1.0000 -0.0000  0.0000
Y  0.0000  1.0000  0.0000
Z  0.0000 -0.0000  1.0000

PART 1
OFFSET  0.1218  5.5976 -6.6823
SCALE 1 1 1
X  0.1562  0.1217 -0.9802
Y  0.2666 -0.9607 -0.0769
Z -0.9511 -0.2493 -0.1825

PART 2
OFFSET  2.0104  7.0699 -18.5368
SCALE 1 1 1
X  0.3479 -0.2442  0.9051
Y -0.9020  0.1758  0.3942
Z -0.2554 -0.9536 -0.1591

PART 3
OFFSET  4.9698  4.9925 -10.8382
SCALE 1 1 1
X  0.3479 -0.2442  0.9051
Y -0.9198 -0.2755  0.2793
Z  0.1812 -0.9298 -0.3205

PART 4
OFFSET  6.9485  6.0488 -9.7737
SCALE 1 1 1
X  0.3540 -0.2427  0.9032
Y  0.2674  0.9517  0.1509
Z -0.8962  0.1881  0.4018

PART 5
OFFSET  6.2687  3.8275 -10.5314
SCALE 1 1 1
X  0.3540 -0.2427  0.9032
Y  0.2674  0.9517  0.1509
Z -0.8962  0.1881  0.4018

PART 6
OFFSET  4.8405  6.9378 -8.1445
SCALE 1 1 1
X  0.3540 -0.2427  0.9032
Y  0.2674  0.9517  0.1509
Z -0.8962  0.1881  0.4018

PART 7
OFFSET  3.8653  4.4769 -8.5392
SCALE 1 1 1
X  0.3540 -0.2427  0.9032
Y  0.2674  0.9517  0.1509
Z -0.8962  0.1881  0.4018

PART 8
OFFSET  4.5106  3.6796 -9.4271
SCALE 1 1 1
X  0.3540 -0.2427  0.9032
Y  0.2674  0.9517  0.1509
Z -0.8962  0.1881  0.4018

PART 9
OFFSET  6.0365  4.2437 -8.0633
SCALE 1 1 1
X  0.7446 -0.4409  0.5012
Y -0.6670 -0.5203  0.5333
Z  0.0257 -0.7314 -0.6815

PART 10
OFFSET  5.7383  3.2429 -7.6030
SCALE 1 1 1
X  0.0129 -0.9698  0.2437
Y -0.9197  0.0841  0.3834
Z -0.3923 -0.2291 -0.8908

PART 11
OFFSET  5.6526  1.1459 -7.0884
SCALE 1 1 1
X  0.5185 -0.8210  0.2389
Y -0.8390 -0.4345  0.3276
Z -0.1651 -0.3703 -0.9141

PART 12
OFFSET  6.5212 -0.1951 -6.8247
SCALE 1 1 1
X  0.8685 -0.4816 -0.1174
Y -0.4069 -0.8279  0.3861
Z -0.2831 -0.2876 -0.9150

PART 13
OFFSET  7.4405 -0.7431 -6.9869
SCALE 1 1 1
X  0.7391 -0.3414  0.5807
Y -0.1647  0.7443  0.6473
Z -0.6531 -0.5741  0.4939

PART 14
OFFSET  7.3860  4.2799 -8.3480
SCALE 1 1 1
X  0.9479 -0.3123 -0.0633
Y -0.2951 -0.7852 -0.5444
Z  0.1203  0.5347 -0.8364

PART 15
OFFSET  9.4620  3.4041 -8.4351
SCALE 1 1 1
X -0.1056 -0.9396 -0.3256
Y -0.9714  0.1675 -0.1683
Z  0.2127  0.2985 -0.9304

PART 16
OFFSET  9.3124  2.0738 -8.8961
SCALE 1 1 1
X -0.7770 -0.5356 -0.3308
Y -0.5857  0.8076  0.0680
Z  0.2307  0.2466 -0.9412

PART 17
OFFSET  8.6236  1.5989 -9.1894
SCALE 1 1 1
X -0.9753  0.1561 -0.1564
Y  0.0977  0.9396  0.3282
Z  0.1982  0.3048 -0.9316

PART 18
OFFSET  7.6970  1.7472 -9.3380
SCALE 1 1 1
X  0.6559 -0.7533  0.0483
Y  0.7264  0.6474  0.2307
Z -0.2050 -0.1162  0.9718

PART 19
OFFSET  7.1029  3.9393 -7.7882
SCALE 1 1 1
X  0.9136 -0.2642  0.3090
Y  0.0396 -0.6986 -0.7144
Z  0.4046  0.6649 -0.6278

PART 20
OFFSET  9.4798  3.0279 -7.2608
SCALE 1 1 1
X -0.0989 -0.8548 -0.5095
Y -0.9614  0.2142 -0.1727
Z  0.2567  0.4727 -0.8430

PART 21
OFFSET  9.3114  1.5726 -8.1282
SCALE 1 1 1
X -0.7196 -0.4992 -0.4828
Y -0.6429  0.7416  0.1915
Z  0.2624  0.4482 -0.8546

PART 22
OFFSET  8.3141  0.8808 -8.7973
SCALE 1 1 1
X -0.8991  0.4346 -0.0520
Y  0.3467  0.7796  0.5216
Z  0.2672  0.4510 -0.8516

PART 23
OFFSET  7.3390  1.3522 -8.8536
SCALE 1 1 1
X  0.5518 -0.7792 -0.2973
Y  0.7875  0.3695  0.4932
Z -0.2745 -0.5063  0.8175

PART 24
OFFSET  7.2867  1.6664 -6.0369
SCALE 1 1 1
X  0.8368 -0.5175  0.1789
Y  0.1658  0.5508  0.8180
Z -0.5219 -0.6548  0.5467

PART 25
OFFSET  8.4254  2.4052 -5.4550
SCALE 1 1 1
X  0.2813 -0.8122 -0.5110
Y -0.9155 -0.0675 -0.3967
Z  0.2877  0.5794 -0.7626

PART 26
OFFSET  8.9207  0.9751 -6.3548
SCALE 1 1 1
X -0.4363 -0.5952 -0.6748
Y -0.8289  0.5576  0.0441
Z  0.3500  0.5786 -0.7367

PART 27
OFFSET  8.3691  0.2163 -7.1304
SCALE 1 1 1
X -0.9454  0.0659 -0.3193
Y -0.1232  0.8347  0.5368
Z  0.3019  0.5468 -0.7809

PART 28
OFFSET  7.3013  0.2907 -7.4910
SCALE 1 1 1
X  0.5039 -0.6211 -0.6003
Y  0.8160  0.1142  0.5667
Z -0.2834 -0.7754  0.5644

PART 29
OFFSET  9.0742  2.8855 -6.2093
SCALE 1 1 1
X  0.1288 -0.8594 -0.4948
Y -0.9370  0.0580 -0.3445
Z  0.3248  0.5080 -0.7978

PART 30
OFFSET  9.3258  1.2066 -7.1759
SCALE 1 1 1
X -0.6683 -0.4648 -0.5808
Y -0.6792  0.6997  0.2214
Z  0.3035  0.5425 -0.7833

PART 31
OFFSET  8.3497  0.5277 -8.0243
SCALE 1 1 1
X -0.9564  0.2733 -0.1025
Y  0.1190  0.6856  0.7182
Z  0.2666  0.6747 -0.6883

PART 32
OFFSET  7.2682  0.8415 -8.1457
SCALE 1 1 1
X  0.6403 -0.6906 -0.3362
Y  0.7246  0.3981  0.5625
Z -0.2547 -0.6038  0.7553

PART 33
OFFSET  8.4539  2.2143 -8.0305
SCALE 1 1 1
X  0.3591  0.6430 -0.6765
Y -0.0257  0.7314  0.6815
Z  0.9330 -0.2274  0.2791

PART 34
OFFSET -12.9782 -7.9373 -1.9159
SCALE 1 1 1
X -0.2590 -0.1722  0.9504
Y -0.1510 -0.9647 -0.2159
Z  0.9540 -0.1994  0.2238

PART 35
OFFSET -9.8459 -5.8549 -13.4100
SCALE 1 1 1
X -0.8368 -0.2841 -0.4681
Y  0.4157  0.2268 -0.8808
Z  0.3564 -0.9316 -0.0717

PART 36
OFFSET -2.7289 -3.4384 -9.4286
SCALE 1 1 1
X -0.8368 -0.2841 -0.4681
Y -0.2354  0.9585 -0.1609
Z  0.4944 -0.0245 -0.8689

PART 37
OFFSET -2.2409 -2.1311 -8.0220
SCALE 1 1 1
X -0.8402 -0.2829 -0.4626
Y -0.3600  0.9290  0.0856
Z  0.4056  0.2385 -0.8824

PART 38
OFFSET -2.1023 -2.8045 -7.0406
SCALE 1 1 1
X -0.8402 -0.2829 -0.4626
Y -0.3600  0.9290  0.0856
Z  0.4056  0.2385 -0.8824

PART 39
OFFSET -1.4572 -3.9613 -7.2790
SCALE 1 1 1
X -0.8402 -0.2829 -0.4626
Y -0.3600  0.9290  0.0856
Z  0.4056  0.2385 -0.8824

PART 40
OFFSET -0.1636 -2.5674 -7.9936
SCALE 1 1 1
X -0.9692  0.0181 -0.2455
Y  0.0374  0.9965 -0.0742
Z  0.2433 -0.0811 -0.9665

PART 41
OFFSET  0.1364 -3.5039 -7.4147
SCALE 1 1 1
X -0.4930  0.2647 -0.8288
Y  0.3873  0.9198  0.0634
Z  0.7791 -0.2898 -0.5559

PART 42
OFFSET  1.1182 -4.1508 -5.6015
SCALE 1 1 1
X -0.7947 -0.2643 -0.5465
Y  0.0867  0.8416 -0.5330
Z  0.6008 -0.4710 -0.6459

PART 43
OFFSET  2.3389 -3.6212 -4.6787
SCALE 1 1 1
X -0.5460 -0.8298 -0.1149
Y -0.4560  0.4095 -0.7902
Z  0.7027 -0.3791 -0.6020

PART 44
OFFSET  2.9050 -2.7134 -4.5136
SCALE 1 1 1
X -0.9485 -0.2847  0.1391
Y -0.0820  0.6446  0.7601
Z -0.3061  0.7095 -0.6348

PART 45
OFFSET  0.6474 -1.4993 -7.6700
SCALE 1 1 1
X -0.8056 -0.5576 -0.2004
Y  0.3089 -0.1065 -0.9451
Z  0.5056 -0.8233  0.2580

PART 46
OFFSET  2.4931 -0.3534 -7.0661
SCALE 1 1 1
X -0.2965  0.0242 -0.9547
Y  0.9134  0.2993 -0.2760
Z  0.2791 -0.9539 -0.1109

PART 47
OFFSET  2.9129 -0.3877 -5.7144
SCALE 1 1 1
X  0.5751  0.2647 -0.7741
Y  0.7577  0.1844  0.6260
Z  0.3084 -0.9465 -0.0945

PART 48
OFFSET  2.4030 -0.6223 -5.0281
SCALE 1 1 1
X  0.8913  0.3212  0.3199
Y -0.2844 -0.1535  0.9463
Z  0.3531 -0.9345 -0.0455

PART 49
OFFSET  1.5562 -0.9275 -5.3320
SCALE 1 1 1
X -0.5543 -0.0141 -0.8322
Y -0.7436 -0.4407  0.5028
Z -0.3739  0.8975  0.2338

PART 50
OFFSET  0.8697 -2.1769 -7.7016
SCALE 1 1 1
X -0.9324 -0.2893 -0.2167
Y  0.2613 -0.1251 -0.9571
Z  0.2498 -0.9490  0.1923

PART 51
OFFSET  3.2582 -1.2877 -7.1889
SCALE 1 1 1
X -0.0756 -0.0834 -0.9936
Y  0.9583  0.2694 -0.0955
Z  0.2756 -0.9594  0.0596

PART 52
OFFSET  3.3869 -1.1457 -5.4972
SCALE 1 1 1
X  0.8138  0.2050 -0.5438
Y  0.5170  0.1720  0.8386
Z  0.2654 -0.9635  0.0339

PART 53
OFFSET  2.2590 -1.4298 -4.7436
SCALE 1 1 1
X  0.7863  0.2339  0.5718
Y -0.5604 -0.1196  0.8195
Z  0.2601 -0.9649  0.0370

PART 54
OFFSET  1.4062 -1.6835 -5.3638
SCALE 1 1 1
X -0.3113 -0.1707 -0.9348
Y -0.9204 -0.1905  0.3413
Z -0.2364  0.9667 -0.0979

PART 55
OFFSET -4.0987 -3.3784 -9.4707
SCALE 1 1 1
X -0.8515 -0.1983 -0.4854
Y -0.5128  0.1217  0.8498
Z -0.1094  0.9726 -0.2053

PART 56
OFFSET  3.6752 -3.4196 -7.3401
SCALE 1 1 1
X -0.8352 -0.1884 -0.5167
Y  0.5223  0.0227 -0.8525
Z  0.1723 -0.9818  0.0794

PART 57
OFFSET  5.1457 -3.0879 -6.4304
SCALE 1 1 1
X -0.0476 -0.1360 -0.9896
Y  0.9879  0.1401 -0.0668
Z  0.1477 -0.9808  0.1277

PART 58
OFFSET  5.2125 -2.9821 -5.2197
SCALE 1 1 1
X  0.7707  0.0919 -0.6305
Y  0.6157  0.1473  0.7741
Z  0.1640 -0.9848  0.0570

PART 59
OFFSET  4.3420 -3.0859 -4.5075
SCALE 1 1 1
X -0.7606 -0.4399 -0.4775
Y -0.5660  0.0890  0.8196
Z -0.3181  0.8936 -0.3166

PART 60
OFFSET  3.5688 -2.3220 -7.2734
SCALE 1 1 1
X -0.2350 -0.1540 -0.9597
Y  0.9599  0.1185 -0.2540
Z  0.1529 -0.9809  0.1200

PART 61
OFFSET  4.0278 -2.0212 -5.3986
SCALE 1 1 1
X  0.8216  0.0616 -0.5667
Y  0.5414  0.2270  0.8095
Z  0.1785 -0.9719  0.1532

PART 62
OFFSET  2.8278 -2.1111 -4.5708
SCALE 1 1 1
X  0.8796  0.2570  0.4003
Y -0.4383  0.1111  0.8919
Z  0.1847 -0.9600  0.2104

PART 63
OFFSET  1.8299 -2.3953 -5.0250
SCALE 1 1 1
X -0.4063 -0.2067 -0.8900
Y -0.8854 -0.1517  0.4394
Z -0.2259  0.9666 -0.1213

PART 64
OFFSET  10.4963 -3.5287 -3.8046
SCALE 1 1 1
X  0.9331  0.2938  0.2073
Y -0.2428  0.0897  0.9659
Z  0.2652 -0.9516  0.1550

PART 65
OFFSET  10.4963 -3.5287 -3.8046
SCALE 1 1 1
X  0.9331  0.2938  0.2073
Y -0.2428  0.0897  0.9659
Z  0.2652 -0.9516  0.1550

PART 66
OFFSET  9.6136 -4.1696 -4.2920
SCALE 1 1 1
X  0.3032 -0.3329 -0.8929
Y  0.9331  0.2938  0.2073
Z  0.1934 -0.8960  0.3997

PART 67
OFFSET  32.2667  2.8974  1.0896
SCALE 1 1 1
X  0.9331  0.2938  0.2073
Y -0.2428  0.0897  0.9659
Z  0.2652 -0.9516  0.1550

PART 68
OFFSET  7.1085 -0.5873 -8.2017
SCALE 1 1 1
X  0.9518  0.2144  0.2194
Y -0.2428  0.0897  0.9659
Z  0.1874 -0.9726  0.1374

PART 69
OFFSET  10.6228 -3.9360 -3.7350
SCALE 1 1 1
X  0.9331  0.2938  0.2073
Y -0.2428  0.0897  0.9659
Z  0.2652 -0.9516  0.1550

PART 70
OFFSET  15.1605  0.3422 -2.9968
SCALE 1 1 1
X  0.9331  0.2938  0.2073
Y -0.2428  0.0897  0.9659
Z  0.2652 -0.9516  0.1550

PART 71
OFFSET  3.1416 -5.6819 -4.2068
SCALE 1 1 1
X  0.9331  0.2938  0.2073
Y -0.2428  0.0897  0.9659
Z  0.2652 -0.9516  0.1550

PART 72
OFFSET  3.1729 -5.6935 -4.3314
SCALE 1 1 1
X  0.8304 -0.4956  0.2547
Y -0.2428  0.0897  0.9659
Z -0.5015 -0.8639 -0.0459

PART 73
OFFSET  14.8606 -4.2830 -2.6428
SCALE 1 1 1
X  0.9331  0.2938  0.2073
Y -0.2428  0.0897  0.9659
Z  0.2652 -0.9516  0.1550

PART 74
OFFSET  7.7218 -2.9551 -4.5378
SCALE 1 1 1
X  0.9331  0.2938  0.2073
Y -0.2428  0.0897  0.9659
Z  0.2652 -0.9516  0.1550

PART 75
OFFSET  13.5302 -4.3874 -2.9623
SCALE 1 1 1
X  0.3032 -0.3329 -0.8929
Y  0.9331  0.2938  0.2073
Z  0.1934 -0.8960  0.3997

PART 76
OFFSET  12.5112 -4.7584 -3.1840
SCALE 1 1 1
X  0.9331  0.2938  0.2073
Y -0.2428  0.0897  0.9659
Z  0.2652 -0.9516  0.1550

PART 77
OFFSET  18.3604 -2.1362 -2.9122
SCALE 1 1 1
X  0.9331  0.2938  0.2073
Y  0.0159 -0.6095  0.7926
Z  0.3592 -0.7363 -0.5734

PART 78
OFFSET  12.4846 -5.3630 -3.1345
SCALE 1 1 1
X  0.9331  0.2938  0.2073
Y -0.2428  0.0897  0.9659
Z  0.2652 -0.9516  0.1550

PART 79
OFFSET  32.2667  2.8974  1.0896
SCALE 1 1 1
X  0.2428 -0.0897 -0.9659
Y  0.9331  0.2938  0.2073
Z  0.2652 -0.9516  0.1550

PART 80
OFFSET  38.3643  4.8175  2.4441
SCALE 1 1 1
X  0.2428 -0.0897 -0.9659
Y  0.9331  0.2938  0.2073
Z  0.2652 -0.9516  0.1550

PART 81
OFFSET  21.1901  2.2030 -1.6302
SCALE 1 1 1
X  0.9331  0.2938  0.2073
Y -0.2428  0.0897  0.9659
Z  0.2652 -0.9516  0.1550

PART 82
OFFSET  8.6526 -4.0918 -3.4341
SCALE 1 1 1
X  0.9331  0.2938  0.2073
Y -0.2428  0.0897  0.9659
Z  0.2652 -0.9516  0.1550

PART 83
OFFSET  10.0294 -2.6492 -2.7706
SCALE 1 1 1
X  0.9331  0.2938  0.2073
Y -0.2428  0.0897  0.9659
Z  0.2652 -0.9516  0.1550

PART 84
OFFSET  9.3549 -2.8615 -2.9204
SCALE 1 1 1
X  0.9331  0.2938  0.2073
Y -0.2428  0.0897  0.9659
Z  0.2652 -0.9516  0.1550

PART 85
OFFSET  8.6790 -3.0744 -3.0705
SCALE 1 1 1
X  0.9331  0.2938  0.2073
Y -0.2428  0.0897  0.9659
Z  0.2652 -0.9516  0.1550

PART 86
OFFSET  8.0031 -3.2872 -3.2207
SCALE 1 1 1
X  0.9331  0.2938  0.2073
Y -0.2428  0.0897  0.9659
Z  0.2652 -0.9516  0.1550

PART 87
OFFSET  7.3272 -3.5001 -3.3708
SCALE 1 1 1
X  0.9331  0.2938  0.2073
Y -0.2428  0.0897  0.9659
Z  0.2652 -0.9516  0.1550

PART 88
OFFSET  6.6513 -3.7129 -3.5210
SCALE 1 1 1
X  0.9331  0.2938  0.2073
Y -0.2428  0.0897  0.9659
Z  0.2652 -0.9516  0.1550

PART 89
OFFSET  0.0000 -0.0000 -0.0000
SCALE 1 1 1
X  1.0000 -0.0000  0.0000
Y  0.0000  1.0000  0.0000
Z  0.0000 -0.0000  1.0000

PART 90
OFFSET  0.0000 -0.0000 -0.0000
SCALE 1 1 1
X  1.0000 -0.0000  0.0000
Y  0.0000  1.0000  0.0000
Z  0.0000 -0.0000  1.0000

PART 91
OFFSET  1.5404 -0.0000  4.1357
SCALE 1 1 1
X  1.0000 -0.0000  0.0000
Y  0.0000  1.0000  0.0000
Z  0.0000 -0.0000  1.0000

PART 92
OFFSET  0.0000 -0.0000 -0.0000
SCALE 1 1 1
X  1.0000 -0.0000  0.0000
Y  0.0000  1.0000  0.0000
Z  0.0000 -0.0000  1.0000


FRAME 327
PART 0
OFFSET -4.6318 -0.0000 -1.3770
SCALE 1 1 1
X  1.0000 -0.0000  0.0000
Y  0.0000  1.0000  0.0000
Z  0.0000 -0.0000  1.0000

PART 1
OFFSET  0.1218  5.5976 -6.6823
SCALE 1 1 1
X  0.4276  0.0406 -0.9031
Y  0.1937 -0.9799  0.0477
Z -0.8830 -0.1953 -0.4269

PART 2
OFFSET  5.2931  6.0885 -17.6038
SCALE 1 1 1
X  0.0666 -0.2030  0.9769
Y -0.9567  0.2651  0.1203
Z -0.2834 -0.9426 -0.1766

PART 3
OFFSET  5.8593  4.3617 -9.2948
SCALE 1 1 1
X  0.0666 -0.2030  0.9769
Y -0.9978 -0.0104  0.0658
Z -0.0032 -0.9791 -0.2033

PART 4
OFFSET  7.5573  5.3516 -7.7778
SCALE 1 1 1
X  0.0731 -0.2020  0.9767
Y  0.2970  0.9393  0.1721
Z -0.9521  0.2775  0.1286

PART 5
OFFSET  6.9210  3.1345 -8.5840
SCALE 1 1 1
X  0.0731 -0.2020  0.9767
Y  0.2970  0.9393  0.1721
Z -0.9521  0.2775  0.1286

PART 6
OFFSET  5.1703  6.4970 -6.8407
SCALE 1 1 1
X  0.0731 -0.2020  0.9767
Y  0.2970  0.9393  0.1721
Z -0.9521  0.2775  0.1286

PART 7
OFFSET  4.1316  4.0875 -7.3684
SCALE 1 1 1
X  0.0731 -0.2020  0.9767
Y  0.2970  0.9393  0.1721
Z -0.9521  0.2775  0.1286

PART 8
OFFSET  4.9230  3.1868 -8.0030
SCALE 1 1 1
X  0.0731 -0.2020  0.9767
Y  0.2970  0.9393  0.1721
Z -0.9521  0.2775  0.1286

PART 9
OFFSET  6.0634  3.7392 -6.2999
SCALE 1 1 1
X  0.7706 -0.4795  0.4199
Y -0.6372 -0.5637  0.5256
Z -0.0153 -0.6726 -0.7399

PART 10
OFFSET  5.7888  2.7034 -5.9075
SCALE 1 1 1
X  0.0241 -0.9864  0.1625
Y -0.8970  0.0504  0.4392
Z -0.4414 -0.1564 -0.8836

PART 11
OFFSET  5.7268  0.5712 -5.5621
SCALE 1 1 1
X  0.5261 -0.8382  0.1434
Y -0.8224 -0.4586  0.3367
Z -0.2165 -0.2951 -0.9306

PART 12
OFFSET  6.6010 -0.7877 -5.4549
SCALE 1 1 1
X  0.8568 -0.4745 -0.2017
Y -0.3929 -0.8542  0.3404
Z -0.3338 -0.2124 -0.9184

PART 13
OFFSET  7.5056 -1.3251 -5.7093
SCALE 1 1 1
X  0.7660 -0.3899  0.5112
Y -0.1236  0.6910  0.7122
Z -0.6309 -0.6087  0.4811

PART 14
OFFSET  7.3946  3.8011 -6.6569
SCALE 1 1 1
X  0.9418 -0.3045 -0.1427
Y -0.3279 -0.7381 -0.5896
Z  0.0742  0.6021 -0.7950

PART 15
OFFSET  9.4597  2.9388 -6.9340
SCALE 1 1 1
X -0.1222 -0.9105 -0.3951
Y -0.9792  0.1757 -0.1020
Z  0.1623  0.3744 -0.9130

PART 16
OFFSET  9.2866  1.6498 -7.4933
SCALE 1 1 1
X -0.7922 -0.5122 -0.3318
Y -0.5832  0.7956  0.1643
Z  0.1798  0.3237 -0.9289

PART 17
OFFSET  8.5843  1.1957 -7.7875
SCALE 1 1 1
X -0.9831  0.1573 -0.0934
Y  0.1080  0.9113  0.3974
Z  0.1476  0.3806 -0.9129

PART 18
OFFSET  7.6503  1.3451 -7.8762
SCALE 1 1 1
X  0.6628 -0.7474 -0.0460
Y  0.7328  0.6348  0.2448
Z -0.1537 -0.1960  0.9685

PART 19
OFFSET  7.1428  3.4150 -6.1119
SCALE 1 1 1
X  0.9289 -0.2873  0.2337
Y -0.0031 -0.6372 -0.7707
Z  0.3703  0.7151 -0.5928

PART 20
OFFSET  9.5430  2.4671 -5.7976
SCALE 1 1 1
X -0.1258 -0.8112 -0.5710
Y -0.9694  0.2230 -0.1031
Z  0.2110  0.5406 -0.8144

PART 21
OFFSET  9.3288  1.0860 -6.7698
SCALE 1 1 1
X -0.7433 -0.4630 -0.4829
Y -0.6332  0.7199  0.2843
Z  0.2161  0.5171 -0.8282

PART 22
OFFSET  8.2987  0.4443 -7.4391
SCALE 1 1 1
X -0.9038  0.4272  0.0270
Y  0.3666  0.7399  0.5641
Z  0.2210  0.5197 -0.8253

PART 23
OFFSET  7.3185  0.9076 -7.4099
SCALE 1 1 1
X  0.5420 -0.7471 -0.3849
Y  0.8084  0.3384  0.4816
Z -0.2296 -0.5722  0.7874

PART 24
OFFSET  7.4189  1.0056 -4.5674
SCALE 1 1 1
X  0.8440 -0.5292  0.0877
Y  0.2137  0.4817  0.8499
Z -0.4920 -0.6986  0.5196

PART 25
OFFSET  8.5911  1.6957 -3.9923
SCALE 1 1 1
X  0.2537 -0.7666 -0.5898
Y -0.9356 -0.0396 -0.3509
Z  0.2457  0.6408 -0.7273

PART 26
OFFSET  9.0378  0.3459 -5.0307
SCALE 1 1 1
X -0.4704 -0.5415 -0.6967
Y -0.8265  0.5471  0.1328
Z  0.3093  0.6383 -0.7049

PART 27
OFFSET  8.4471 -0.3512 -5.8349
SCALE 1 1 1
X -0.9606  0.0817 -0.2655
Y -0.1008  0.7883  0.6070
Z  0.2589  0.6099 -0.7490

PART 28
OFFSET  7.3620 -0.2590 -6.1348
SCALE 1 1 1
X  0.4765 -0.5666 -0.6722
Y  0.8429  0.0770  0.5326
Z -0.2500 -0.8204  0.5143

PART 29
OFFSET  9.1974  2.2377 -4.7400
SCALE 1 1 1
X  0.1023 -0.8158 -0.5692
Y -0.9544  0.0808 -0.2874
Z  0.2804  0.5727 -0.7703

PART 30
OFFSET  9.3973  0.6440 -5.8520
SCALE 1 1 1
X -0.6975 -0.4208 -0.5801
Y -0.6678  0.6753  0.3131
Z  0.2600  0.6057 -0.7520

PART 31
OFFSET  8.3786  0.0293 -6.6992
SCALE 1 1 1
X -0.9619  0.2715 -0.0328
Y  0.1511  0.6276  0.7637
Z  0.2279  0.7296 -0.6447

PART 32
OFFSET  7.2906  0.3415 -6.7415
SCALE 1 1 1
X  0.6265 -0.6557 -0.4214
Y  0.7497  0.3591  0.5558
Z -0.2131 -0.6642  0.7166

PART 33
OFFSET  8.4725  1.7181 -6.5722
SCALE 1 1 1
X  0.3220  0.6972 -0.6405
Y  0.0153  0.6726  0.7399
Z  0.9466 -0.2481  0.2059

PART 34
OFFSET -12.9782 -7.9373 -1.9159
SCALE 1 1 1
X -0.2661 -0.1843  0.9462
Y -0.1370 -0.9644 -0.2264
Z  0.9542 -0.1899  0.2313

PART 35
OFFSET -9.7605 -5.7085 -13.3588
SCALE 1 1 1
X -0.8146 -0.2820 -0.5068
Y  0.4479  0.2493 -0.8586
Z  0.3685 -0.9264 -0.0768

PART 36
OFFSET -2.8317 -3.3101 -9.0483
SCALE 1 1 1
X -0.8146 -0.2820 -0.5068
Y -0.2986  0.9531 -0.0503
Z  0.4972  0.1103 -0.8606

PART 37
OFFSET -2.4132 -2.0284 -7.5964
SCALE 1 1 1
X -0.8183 -0.2809 -0.5015
Y -0.3726  0.9236  0.0906
Z  0.4377  0.2610 -0.8604

PART 38
OFFSET -2.3066 -2.7210 -6.6245
SCALE 1 1 1
X -0.8183 -0.2809 -0.5015
Y -0.3726  0.9236  0.0906
Z  0.4377  0.2610 -0.8604

PART 39
OFFSET -1.6407 -3.8665 -6.8612
SCALE 1 1 1
X -0.8183 -0.2809 -0.5015
Y -0.3726  0.9236  0.0906
Z  0.4377  0.2610 -0.8604

PART 40
OFFSET -0.3343 -2.4455 -7.4946
SCALE 1 1 1
X -0.9770  0.0149 -0.2129
Y  0.0074  0.9993  0.0357
Z  0.2133  0.0333 -0.9764

PART 41
OFFSET  0.0104 -3.4303 -7.0323
SCALE 1 1 1
X -0.5273  0.3388 -0.7792
Y  0.3637  0.9188  0.1534
Z  0.7679 -0.2025 -0.6077

PART 42
OFFSET  1.0692 -4.2418 -5.3323
SCALE 1 1 1
X -0.8047 -0.2271 -0.5485
Y  0.0457  0.8975 -0.4387
Z  0.5919 -0.3781 -0.7118

PART 43
OFFSET  2.3048 -3.7793 -4.3934
SCALE 1 1 1
X -0.5265 -0.8287 -0.1898
Y -0.4931  0.4795 -0.7259
Z  0.6926 -0.2885 -0.6611

PART 44
OFFSET  2.8508 -2.8781 -4.1455
SCALE 1 1 1
X -0.9351 -0.3276  0.1349
Y -0.0745  0.5542  0.8290
Z -0.3464  0.7652 -0.5427

PART 45
OFFSET  0.4572 -1.3948 -7.0788
SCALE 1 1 1
X -0.7961 -0.5569 -0.2369
Y  0.2802  0.0077 -0.9599
Z  0.5364 -0.8306  0.1499

PART 46
OFFSET  2.2897 -0.2655 -6.4070
SCALE 1 1 1
X -0.3285  0.1199 -0.9369
Y  0.8951  0.3561 -0.2683
Z  0.3014 -0.9267 -0.2243

PART 47
OFFSET  2.7548 -0.4352 -5.0806
SCALE 1 1 1
X  0.5416  0.3659 -0.7568
Y  0.7727  0.1379  0.6196
Z  0.3311 -0.9204 -0.2081

PART 48
OFFSET  2.2745 -0.7597 -4.4096
SCALE 1 1 1
X  0.8922  0.3116  0.3268
Y -0.2485 -0.2655  0.9315
Z  0.3770 -0.9124 -0.1594

PART 49
OFFSET  1.4269 -1.0557 -4.7201
SCALE 1 1 1
X -0.5810  0.0603 -0.8117
Y -0.7141 -0.5162  0.4728
Z -0.3905  0.8543  0.3430

PART 50
OFFSET  0.6970 -2.0575 -7.1921
SCALE 1 1 1
X -0.9307 -0.2926 -0.2195
Y  0.2328 -0.0109 -0.9725
Z  0.2821 -0.9562  0.0782

PART 51
OFFSET  3.0757 -1.1564 -6.6555
SCALE 1 1 1
X -0.1062  0.0241 -0.9941
Y  0.9468  0.3079 -0.0936
Z  0.3038 -0.9511 -0.0555

PART 52
OFFSET  3.2565 -1.1974 -4.9631
SCALE 1 1 1
X  0.7894  0.2888 -0.5417
Y  0.5395  0.0946  0.8366
Z  0.2929 -0.9527 -0.0811

PART 53
OFFSET  2.1625 -1.5977 -4.2123
SCALE 1 1 1
X  0.7981  0.1939  0.5705
Y -0.5294 -0.2264  0.8176
Z  0.2877 -0.9545 -0.0781

PART 54
OFFSET  1.2969 -1.8080 -4.8310
SCALE 1 1 1
X -0.3373 -0.0765 -0.9383
Y -0.9030 -0.2554  0.3454
Z -0.2661  0.9638  0.0171

PART 55
OFFSET -4.2922 -3.2109 -8.9343
SCALE 1 1 1
X -0.8613 -0.1700 -0.4788
Y -0.4875  0.0115  0.8730
Z -0.1429  0.9854 -0.0928

PART 56
OFFSET  3.5461 -3.2447 -7.0547
SCALE 1 1 1
X -0.8463 -0.1563 -0.5092
Y  0.4929  0.1326 -0.8599
Z  0.2019 -0.9788 -0.0352

PART 57
OFFSET  5.0363 -2.9696 -6.1581
SCALE 1 1 1
X -0.0766 -0.0277 -0.9967
Y  0.9809  0.1772 -0.0803
Z  0.1788 -0.9838  0.0136

PART 58
OFFSET  5.1402 -2.9956 -4.9457
SCALE 1 1 1
X  0.7466  0.1846 -0.6392
Y  0.6367  0.0803  0.7669
Z  0.1929 -0.9795 -0.0576

PART 59
OFFSET  4.2970 -3.2041 -4.2237
SCALE 1 1 1
X -0.7636 -0.4081 -0.5004
Y -0.5408 -0.0194  0.8410
Z -0.3529  0.9127 -0.2059

PART 60
OFFSET  3.4117 -2.1650 -6.8635
SCALE 1 1 1
X -0.2623 -0.0547 -0.9634
Y  0.9473  0.1755 -0.2679
Z  0.1838 -0.9830  0.0058

PART 61
OFFSET  3.9242 -2.0581 -4.9814
SCALE 1 1 1
X  0.8004  0.1490 -0.5807
Y  0.5614  0.1533  0.8132
Z  0.2102 -0.9769  0.0390

PART 62
OFFSET  2.7552 -2.2758 -4.1332
SCALE 1 1 1
X  0.8850  0.2386  0.3998
Y -0.4114 -0.0013  0.9114
Z  0.2180 -0.9711  0.0970

PART 63
OFFSET  1.7510 -2.5392 -4.5861
SCALE 1 1 1
X -0.4297 -0.1200 -0.8949
Y -0.8658 -0.2266  0.4461
Z -0.2563  0.9666 -0.0066

PART 64
OFFSET  10.4809 -3.5302 -3.7585
SCALE 1 1 1
X  0.9310  0.2981  0.2106
Y -0.2130 -0.0247  0.9767
Z  0.2964 -0.9542  0.0405

PART 65
OFFSET  10.4809 -3.5302 -3.7585
SCALE 1 1 1
X  0.9310  0.2981  0.2106
Y -0.2130 -0.0247  0.9767
Z  0.2964 -0.9542  0.0405

PART 66
OFFSET  9.6006 -4.1407 -4.2874
SCALE 1 1 1
X  0.2825 -0.2231 -0.9330
Y  0.9310  0.2981  0.2106
Z  0.2311 -0.9281  0.2919

PART 67
OFFSET  32.2161  2.9917  1.1656
SCALE 1 1 1
X  0.9310  0.2981  0.2106
Y -0.2130 -0.0247  0.9767
Z  0.2964 -0.9542  0.0405

PART 68
OFFSET  7.5209 -1.2194 -6.0210
SCALE 1 1 1
X  0.9709  0.1066  0.2145
Y -0.2130 -0.0247  0.9767
Z  0.1094 -0.9940 -0.0013

PART 69
OFFSET  10.6209 -3.9385 -3.7383
SCALE 1 1 1
X  0.9310  0.2981  0.2106
Y -0.2130 -0.0247  0.9767
Z  0.2964 -0.9542  0.0405

PART 70
OFFSET  15.0608  0.3714 -2.6660
SCALE 1 1 1
X  0.9310  0.2981  0.2106
Y -0.2130 -0.0247  0.9767
Z  0.2964 -0.9542  0.0405

PART 71
OFFSET  3.1792 -5.8535 -4.1771
SCALE 1 1 1
X  0.9310  0.2981  0.2106
Y -0.2130 -0.0247  0.9767
Z  0.2964 -0.9542  0.0405

PART 72
OFFSET  3.2066 -5.8503 -4.3031
SCALE 1 1 1
X  0.8517 -0.4946  0.1733
Y -0.2130 -0.0247  0.9767
Z -0.4788 -0.8688 -0.1264

PART 73
OFFSET  14.9005 -4.2718 -2.8185
SCALE 1 1 1
X  0.9310  0.2981  0.2106
Y -0.2130 -0.0247  0.9767
Z  0.2964 -0.9542  0.0405

PART 74
OFFSET  7.6690 -2.9658 -4.3403
SCALE 1 1 1
X  0.9310  0.2981  0.2106
Y -0.2130 -0.0247  0.9767
Z  0.2964 -0.9542  0.0405

PART 75
OFFSET  13.5636 -4.3816 -3.1077
SCALE 1 1 1
X  0.2825 -0.2231 -0.9330
Y  0.9310  0.2981  0.2106
Z  0.2311 -0.9281  0.2919

PART 76
OFFSET  12.5485 -4.7575 -3.3386
SCALE 1 1 1
X  0.9310  0.2981  0.2106
Y -0.2130 -0.0247  0.9767
Z  0.2964 -0.9542  0.0405

PART 77
OFFSET  18.3289 -2.0007 -2.9525
SCALE 1 1 1
X  0.9310  0.2981  0.2106
Y  0.0589 -0.6922  0.7193
Z  0.3602 -0.6572 -0.6620

PART 78
OFFSET  12.5402 -5.3644 -3.3558
SCALE 1 1 1
X  0.9310  0.2981  0.2106
Y -0.2130 -0.0247  0.9767
Z  0.2964 -0.9542  0.0405

PART 79
OFFSET  32.2161  2.9917  1.1656
SCALE 1 1 1
X  0.2130  0.0247 -0.9767
Y  0.9310  0.2981  0.2106
Z  0.2964 -0.9542  0.0405

PART 80
OFFSET  38.3000  4.9396  2.5420
SCALE 1 1 1
X  0.2130  0.0247 -0.9767
Y  0.9310  0.2981  0.2106
Z  0.2964 -0.9542  0.0405

PART 81
OFFSET  21.0789  2.2569 -1.2822
SCALE 1 1 1
X  0.9310  0.2981  0.2106
Y -0.2130 -0.0247  0.9767
Z  0.2964 -0.9542  0.0405

PART 82
OFFSET  8.6667 -4.1876 -3.3978
SCALE 1 1 1
X  0.9310  0.2981  0.2106
Y -0.2130 -0.0247  0.9767
Z  0.2964 -0.9542  0.0405

PART 83
OFFSET  10.0245 -2.7847 -2.6198
SCALE 1 1 1
X  0.9310  0.2981  0.2106
Y -0.2130 -0.0247  0.9767
Z  0.2964 -0.9542  0.0405

PART 84
OFFSET  9.3516 -3.0001 -2.7720
SCALE 1 1 1
X  0.9310  0.2981  0.2106
Y -0.2130 -0.0247  0.9767
Z  0.2964 -0.9542  0.0405

PART 85
OFFSET  8.6772 -3.2161 -2.9246
SCALE 1 1 1
X  0.9310  0.2981  0.2106
Y -0.2130 -0.0247  0.9767
Z  0.2964 -0.9542  0.0405

PART 86
OFFSET  8.0028 -3.4320 -3.0771
SCALE 1 1 1
X  0.9310  0.2981  0.2106
Y -0.2130 -0.0247  0.9767
Z  0.2964 -0.9542  0.0405

PART 87
OFFSET  7.3284 -3.6479 -3.2297
SCALE 1 1 1
X  0.9310  0.2981  0.2106
Y -0.2130 -0.0247  0.9767
Z  0.2964 -0.9542  0.0405

PART 88
OFFSET  6.6541 -3.8638 -3.3823
SCALE 1 1 1
X  0.9310  0.2981  0.2106
Y -0.2130 -0.0247  0.9767
Z  0.2964 -0.9542  0.0405

PART 89
OFFSET  0.0000 -0.0000 -0.0000
SCALE 1 1 1
X  1.0000 -0.0000  0.0000
Y  0.0000  1.0000  0.0000
Z  0.0000 -0.0000  1.0000

PART 90
OFFSET  0.0000 -0.0000 -0.0000
SCALE 1 1 1
X  1.0000 -0.0000  0.0000
Y  0.0000  1.0000  0.0000
Z  0.0000 -0.0000  1.0000

PART 91
OFFSET  1.5404 -0.0000  4.1357
SCALE 1 1 1
X  1.0000 -0.0000  0.0000
Y  0.0000  1.0000  0.0000
Z  0.0000 -0.0000  1.0000

PART 92
OFFSET  0.0000 -0.0000 -0.0000
SCALE 1 1 1
X  1.0000 -0.0000  0.0000
Y  0.0000  1.0000  0.0000
Z  0.0000 -0.0000  1.0000


FRAME 328
PART 0
OFFSET -4.6318 -0.0000 -1.3770
SCALE 1 1 1
X  1.0000 -0.0000  0.0000
Y  0.0000  1.0000  0.0000
Z  0.0000 -0.0000  1.0000

PART 1
OFFSET  0.1218  5.5976 -6.6823
SCALE 1 1 1
X  0.5853 -0.0246 -0.8104
Y  0.1391 -0.9817  0.1302
Z -0.7988 -0.1889 -0.5712

PART 2
OFFSET  7.2003  5.3004 -16.4838
SCALE 1 1 1
X -0.0793 -0.1630  0.9834
Y -0.9545  0.2970 -0.0277
Z -0.2875 -0.9409 -0.1791

PART 3
OFFSET  6.5259  3.9139 -8.1192
SCALE 1 1 1
X -0.0793 -0.1630  0.9834
Y -0.9808  0.1890 -0.0478
Z -0.1781 -0.9684 -0.1749

PART 4
OFFSET  8.0248  4.9192 -6.4143
SCALE 1 1 1
X -0.0728 -0.1622  0.9841
Y  0.3015  0.9370  0.1767
Z -0.9507  0.3095 -0.0193

PART 5
OFFSET  7.4339  2.6886 -7.2179
SCALE 1 1 1
X -0.0728 -0.1622  0.9841
Y  0.3015  0.9370  0.1767
Z -0.9507  0.3095 -0.0193

PART 6
OFFSET  5.5697  6.1705 -5.8720
SCALE 1 1 1
X -0.0728 -0.1622  0.9841
Y  0.3015  0.9370  0.1767
Z -0.9507  0.3095 -0.0193

PART 7
OFFSET  4.5346  3.7711 -6.4502
SCALE 1 1 1
X -0.0728 -0.1622  0.9841
Y  0.3015  0.9370  0.1767
Z -0.9507  0.3095 -0.0193

PART 8
OFFSET  5.3767  2.8221 -6.9305
SCALE 1 1 1
X -0.0728 -0.1622  0.9841
Y  0.3015  0.9370  0.1767
Z -0.9507  0.3095 -0.0193

PART 9
OFFSET  6.2828  3.4142 -5.1044
SCALE 1 1 1
X  0.7826 -0.5060  0.3627
Y -0.6203 -0.5843  0.5233
Z -0.0529 -0.6345 -0.7711

PART 10
OFFSET  6.0146  2.3622 -4.7528
SCALE 1 1 1
X  0.0214 -0.9934  0.1129
Y -0.8781  0.0353  0.4771
Z -0.4779 -0.1093 -0.8716

PART 11
OFFSET  5.9466  0.2160 -4.5101
SCALE 1 1 1
X  0.5208 -0.8497  0.0821
Y -0.8142 -0.4655  0.3469
Z -0.2566 -0.2476 -0.9343

PART 12
OFFSET  6.8073 -1.1557 -4.5029
SCALE 1 1 1
X  0.8408 -0.4764 -0.2570
Y -0.3929 -0.8637  0.3156
Z -0.3723 -0.1644 -0.9134

PART 13
OFFSET  7.6928 -1.6931 -4.8173
SCALE 1 1 1
X  0.7789 -0.4241  0.4621
Y -0.0851  0.6584  0.7478
Z -0.6214 -0.6218  0.4767

PART 14
OFFSET  7.5985  3.4834 -5.5137
SCALE 1 1 1
X  0.9319 -0.3043 -0.1972
Y -0.3596 -0.7050 -0.6113
Z  0.0470  0.6406 -0.7664

PART 15
OFFSET  9.6415  2.6200 -5.9201
SCALE 1 1 1
X -0.1429 -0.8894 -0.4343
Y -0.9812  0.1848 -0.0555
Z  0.1297  0.4182 -0.8991

PART 16
OFFSET  9.4391  1.3609 -6.5350
SCALE 1 1 1
X -0.8066 -0.4930 -0.3262
Y -0.5727  0.7883  0.2249
Z  0.1462  0.3682 -0.9182

PART 17
OFFSET  8.7240  0.9238 -6.8242
SCALE 1 1 1
X -0.9858  0.1601 -0.0505
Y  0.1224  0.8912  0.4368
Z  0.1150  0.4244 -0.8981

PART 18
OFFSET  7.7874  1.0759 -6.8722
SCALE 1 1 1
X  0.6606 -0.7433 -0.1057
Y  0.7413  0.6234  0.2488
Z -0.1190 -0.2427  0.9628

PART 19
OFFSET  7.3658  3.0724 -4.9784
SCALE 1 1 1
X  0.9349 -0.3059  0.1798
Y -0.0416 -0.5977 -0.8006
Z  0.3523  0.7411 -0.5716

PART 20
OFFSET  9.7675  2.0912 -4.8132
SCALE 1 1 1
X -0.1531 -0.7818 -0.6044
Y -0.9711  0.2325 -0.0547
Z  0.1833  0.5785 -0.7948

PART 21
OFFSET  9.5069  0.7602 -5.8422
SCALE 1 1 1
X -0.7633 -0.4364 -0.4763
Y -0.6182  0.7076  0.3423
Z  0.1877  0.5557 -0.8099

PART 22
OFFSET  8.4490  0.1553 -6.5024
SCALE 1 1 1
X -0.9024  0.4239  0.0777
Y  0.3855  0.7133  0.5853
Z  0.1927  0.5581 -0.8071

PART 23
OFFSET  7.4704  0.6151 -6.4181
SCALE 1 1 1
X  0.5286 -0.7273 -0.4377
Y  0.8244  0.3167  0.4692
Z -0.2026 -0.6088  0.7670

PART 24
OFFSET  7.6822  0.5866 -3.5688
SCALE 1 1 1
X  0.8416 -0.5395  0.0256
Y  0.2537  0.4368  0.8631
Z -0.4768 -0.7199  0.5045

PART 25
OFFSET  8.8841  1.2378 -3.0100
SCALE 1 1 1
X  0.2258 -0.7380 -0.6359
Y -0.9487 -0.0182 -0.3157
Z  0.2215  0.6746 -0.7042

PART 26
OFFSET  9.2816 -0.0616 -4.1297
SCALE 1 1 1
X -0.4992 -0.5055 -0.7037
Y -0.8180  0.5428  0.1903
Z  0.2858  0.6707 -0.6845

PART 27
OFFSET  8.6574 -0.7169 -4.9436
SCALE 1 1 1
X -0.9692  0.0939 -0.2279
Y -0.0785  0.7587  0.6467
Z  0.2336  0.6446 -0.7279

PART 28
OFFSET  7.5627 -0.6108 -5.2010
SCALE 1 1 1
X  0.4521 -0.5342 -0.7144
Y  0.8610  0.0519  0.5060
Z -0.2332 -0.8438  0.4834

PART 29
OFFSET  9.4641  1.8118 -3.7547
SCALE 1 1 1
X  0.0749 -0.7875 -0.6118
Y -0.9644  0.0989 -0.2454
Z  0.2537  0.6084 -0.7520

PART 30
OFFSET  9.6105  0.2734 -4.9498
SCALE 1 1 1
X -0.7211 -0.3901 -0.5726
Y -0.6520  0.6614  0.3706
Z  0.2342  0.6406 -0.7313

PART 31
OFFSET  8.5572 -0.2963 -5.7861
SCALE 1 1 1
X -0.9620  0.2728  0.0133
Y  0.1784  0.5908  0.7868
Z  0.2068  0.7593 -0.6170

PART 32
OFFSET  7.4690  0.0177 -5.7760
SCALE 1 1 1
X  0.6104 -0.6351 -0.4733
Y  0.7691  0.3324  0.5459
Z -0.1894 -0.6973  0.6913

PART 33
OFFSET  8.6583  1.3904 -5.5783
SCALE 1 1 1
X  0.3019  0.7259 -0.6180
Y  0.0529  0.6345  0.7711
Z  0.9519 -0.2655  0.1532

PART 34
OFFSET -12.9782 -7.9373 -1.9159
SCALE 1 1 1
X -0.2757 -0.1968  0.9409
Y -0.1236 -0.9634 -0.2378
Z  0.9533 -0.1819  0.2413

PART 35
OFFSET -9.6436 -5.5567 -13.2946
SCALE 1 1 1
X -0.7933 -0.2788 -0.5412
Y  0.4760  0.2701 -0.8370
Z  0.3796 -0.9216 -0.0816

PART 36
OFFSET -2.8959 -3.1851 -8.6918
SCALE 1 1 1
X -0.7933 -0.2788 -0.5412
Y -0.3520  0.9354  0.0341
Z  0.4967  0.2176 -0.8402

PART 37
OFFSET -2.5415 -1.9288 -7.2011
SCALE 1 1 1
X -0.7972 -0.2779 -0.5359
Y -0.3841  0.9184  0.0951
Z  0.4657  0.2817 -0.8389

PART 38
OFFSET -2.4634 -2.6397 -6.2397
SCALE 1 1 1
X -0.7972 -0.2779 -0.5359
Y -0.3841  0.9184  0.0951
Z  0.4657  0.2817 -0.8389

PART 39
OFFSET -1.7788 -3.7745 -6.4746
SCALE 1 1 1
X -0.7972 -0.2779 -0.5359
Y -0.3841  0.9184  0.0951
Z  0.4657  0.2817 -0.8389

PART 40
OFFSET -0.4638 -2.3302 -7.0328
SCALE 1 1 1
X -0.9829  0.0152 -0.1833
Y -0.0071  0.9927  0.1204
Z  0.1838  0.1197 -0.9756

PART 41
OFFSET -0.0902 -3.3441 -6.6659
SCALE 1 1 1
X -0.5553  0.3940 -0.7324
Y  0.3537  0.9089  0.2208
Z  0.7527 -0.1365 -0.6441

PART 42
OFFSET  1.0309 -4.2774 -5.0716
SCALE 1 1 1
X -0.8170 -0.1944 -0.5429
Y  0.0187  0.9321 -0.3618
Z  0.5764 -0.3058 -0.7578

PART 43
OFFSET  2.2864 -3.8737 -4.1319
SCALE 1 1 1
X -0.5188 -0.8191 -0.2448
Y -0.5218  0.5303 -0.6683
Z  0.6772 -0.2190 -0.7025

PART 44
OFFSET  2.8253 -2.9870 -3.8236
SCALE 1 1 1
X -0.9255 -0.3547  0.1328
Y -0.0586  0.4806  0.8750
Z -0.3742  0.8020 -0.4656

PART 45
OFFSET  0.3232 -1.3042 -6.5515
SCALE 1 1 1
X -0.7940 -0.5491 -0.2610
Y  0.2516  0.0940 -0.9633
Z  0.5535 -0.8304  0.0635

PART 46
OFFSET  2.1568 -0.2029 -5.8378
SCALE 1 1 1
X -0.3579  0.1928 -0.9136
Y  0.8811  0.3936 -0.2621
Z  0.3091 -0.8988 -0.3108

PART 47
OFFSET  2.6635 -0.4760 -4.5443
SCALE 1 1 1
X  0.5132  0.4384 -0.7378
Y  0.7884  0.0989  0.6071
Z  0.3391 -0.8933 -0.2949

PART 48
OFFSET  2.2085 -0.8647 -3.8901
SCALE 1 1 1
X  0.8965  0.2989  0.3269
Y -0.2167 -0.3478  0.9122
Z  0.3863 -0.8886 -0.2471

PART 49
OFFSET  1.3567 -1.1486 -4.2007
SCALE 1 1 1
X -0.6056  0.1183 -0.7869
Y -0.6917 -0.5672  0.4470
Z -0.3935  0.8150  0.4253

PART 50
OFFSET  0.5698 -1.9506 -6.7275
SCALE 1 1 1
X -0.9321 -0.2897 -0.2173
Y  0.2040  0.0757 -0.9760
Z  0.2992 -0.9541 -0.0114

PART 51
OFFSET  2.9490 -1.0553 -6.1833
SCALE 1 1 1
X -0.1359  0.1062 -0.9850
Y  0.9387  0.3317 -0.0937
Z  0.3168 -0.9374 -0.1448

PART 52
OFFSET  3.1803 -1.2362 -4.5063
SCALE 1 1 1
X  0.7684  0.3478 -0.5372
Y  0.5625  0.0332  0.8261
Z  0.3052 -0.9370 -0.1701

PART 53
OFFSET  2.1154 -1.7182 -3.7618
SCALE 1 1 1
X  0.8115  0.1593  0.5622
Y -0.5014 -0.3043  0.8099
Z  0.3001 -0.9391 -0.1671

PART 54
OFFSET  1.2353 -1.8910 -4.3716
SCALE 1 1 1
X -0.3637 -0.0028 -0.9315
Y -0.8883 -0.3000  0.3477
Z -0.2804  0.9539  0.1066

PART 55
OFFSET -4.4502 -3.0423 -8.4205
SCALE 1 1 1
X -0.8723 -0.1444 -0.4671
Y -0.4616 -0.0712  0.8842
Z -0.1610  0.9869 -0.0045

PART 56
OFFSET  3.4400 -3.0935 -6.7719
SCALE 1 1 1
X -0.8585 -0.1279 -0.4966
Y  0.4651  0.2138 -0.8590
Z  0.2160 -0.9685 -0.1240

PART 57
OFFSET  4.9514 -2.8684 -5.8975
SCALE 1 1 1
X -0.1056  0.0553 -0.9929
Y  0.9752  0.2011 -0.0925
Z  0.1945 -0.9780 -0.0752

PART 58
OFFSET  5.0916 -2.9951 -4.6950
SCALE 1 1 1
X  0.7244  0.2515 -0.6419
Y  0.6578  0.0266  0.7527
Z  0.2064 -0.9675 -0.1461

PART 59
OFFSET  4.2734 -3.2791 -3.9700
SCALE 1 1 1
X -0.7716 -0.3780 -0.5116
Y -0.5153 -0.1002  0.8511
Z -0.3730  0.9204 -0.1174

PART 60
OFFSET  3.2944 -2.0364 -6.4858
SCALE 1 1 1
X -0.2898  0.0223 -0.9568
Y  0.9361  0.2147 -0.2785
Z  0.1992 -0.9764 -0.0831

PART 61
OFFSET  3.8606 -2.0800 -4.6166
SCALE 1 1 1
X  0.7804  0.2121 -0.5882
Y  0.5828  0.0940  0.8072
Z  0.2265 -0.9727 -0.0502

PART 62
OFFSET  2.7207 -2.3898 -3.7574
SCALE 1 1 1
X  0.8926  0.2199  0.3936
Y -0.3842 -0.0859  0.9192
Z  0.2359 -0.9717  0.0078

PART 63
OFFSET  1.7078 -2.6320 -4.2027
SCALE 1 1 1
X -0.4541 -0.0516 -0.8895
Y -0.8486 -0.2791  0.4494
Z -0.2715  0.9589  0.0830

PART 64
OFFSET  10.4729 -3.5316 -3.7085
SCALE 1 1 1
X  0.9321  0.2960  0.2089
Y -0.1837 -0.1112  0.9767
Z  0.3123 -0.9487 -0.0493

PART 65
OFFSET  10.4729 -3.5316 -3.7085
SCALE 1 1 1
X  0.9321  0.2960  0.2089
Y -0.1837 -0.1112  0.9767
Z  0.3123 -0.9487 -0.0493

PART 66
OFFSET  9.5870 -4.1109 -4.2624
SCALE 1 1 1
X  0.2582 -0.1382 -0.9562
Y  0.9321  0.2960  0.2089
Z  0.2541 -0.9452  0.2052

PART 67
OFFSET  32.2397  2.9417  1.1394
SCALE 1 1 1
X  0.9321  0.2960  0.2089
Y -0.1837 -0.1112  0.9767
Z  0.3123 -0.9487 -0.0493

PART 68
OFFSET  8.2136 -2.0191 -4.3692
SCALE 1 1 1
X  0.9820  0.0238  0.1874
Y -0.1837 -0.1112  0.9767
Z  0.0440 -0.9935 -0.1048

PART 69
OFFSET  10.6198 -3.9375 -3.7271
SCALE 1 1 1
X  0.9321  0.2960  0.2089
Y -0.1837 -0.1112  0.9767
Z  0.3123 -0.9487 -0.0493

PART 70
OFFSET  15.0217  0.3457 -2.4171
SCALE 1 1 1
X  0.9321  0.2960  0.2089
Y -0.1837 -0.1112  0.9767
Z  0.3123 -0.9487 -0.0493

PART 71
OFFSET  3.1991 -5.9426 -4.1177
SCALE 1 1 1
X  0.9321  0.2960  0.2089
Y -0.1837 -0.1112  0.9767
Z  0.3123 -0.9487 -0.0493

PART 72
OFFSET  3.2228 -5.9283 -4.2437
SCALE 1 1 1
X  0.8641 -0.4920  0.1065
Y -0.1837 -0.1112  0.9767
Z -0.4687 -0.8635 -0.1864

PART 73
OFFSET  14.9294 -4.2701 -2.9597
SCALE 1 1 1
X  0.9321  0.2960  0.2089
Y -0.1837 -0.1112  0.9767
Z  0.3123 -0.9487 -0.0493

PART 74
OFFSET  7.6365 -2.9709 -4.1607
SCALE 1 1 1
X  0.9321  0.2960  0.2089
Y -0.1837 -0.1112  0.9767
Z  0.3123 -0.9487 -0.0493

PART 75
OFFSET  13.5864 -4.3792 -3.2195
SCALE 1 1 1
X  0.2582 -0.1382 -0.9562
Y  0.9321  0.2960  0.2089
Z  0.2541 -0.9452  0.2052

PART 76
OFFSET  12.5709 -4.7525 -3.4529
SCALE 1 1 1
X  0.9321  0.2960  0.2089
Y -0.1837 -0.1112  0.9767
Z  0.3123 -0.9487 -0.0493

PART 77
OFFSET  18.3165 -1.9342 -2.9963
SCALE 1 1 1
X  0.9321  0.2960  0.2089
Y  0.0910 -0.7494  0.6558
Z  0.3507 -0.5922 -0.7254

PART 78
OFFSET  12.5716 -5.3558 -3.5215
SCALE 1 1 1
X  0.9321  0.2960  0.2089
Y -0.1837 -0.1112  0.9767
Z  0.3123 -0.9487 -0.0493

PART 79
OFFSET  32.2397  2.9417  1.1394
SCALE 1 1 1
X  0.1837  0.1112 -0.9767
Y  0.9321  0.2960  0.2089
Z  0.3123 -0.9487 -0.0493

PART 80
OFFSET  38.3305  4.8757  2.5049
SCALE 1 1 1
X  0.1837  0.1112 -0.9767
Y  0.9321  0.2960  0.2089
Z  0.3123 -0.9487 -0.0493

PART 81
OFFSET  21.0478  2.2157 -1.0477
SCALE 1 1 1
X  0.9321  0.2960  0.2089
Y -0.1837 -0.1112  0.9767
Z  0.3123 -0.9487 -0.0493

PART 82
OFFSET  8.6807 -4.2498 -3.3541
SCALE 1 1 1
X  0.9321  0.2960  0.2089
Y -0.1837 -0.1112  0.9767
Z  0.3123 -0.9487 -0.0493

PART 83
OFFSET  10.0388 -2.8935 -2.4980
SCALE 1 1 1
X  0.9321  0.2960  0.2089
Y -0.1837 -0.1112  0.9767
Z  0.3123 -0.9487 -0.0493

PART 84
OFFSET  9.3651 -3.1074 -2.6491
SCALE 1 1 1
X  0.9321  0.2960  0.2089
Y -0.1837 -0.1112  0.9767
Z  0.3123 -0.9487 -0.0493

PART 85
OFFSET  8.6900 -3.3218 -2.8004
SCALE 1 1 1
X  0.9321  0.2960  0.2089
Y -0.1837 -0.1112  0.9767
Z  0.3123 -0.9487 -0.0493

PART 86
OFFSET  8.0148 -3.5362 -2.9518
SCALE 1 1 1
X  0.9321  0.2960  0.2089
Y -0.1837 -0.1112  0.9767
Z  0.3123 -0.9487 -0.0493

PART 87
OFFSET  7.3397 -3.7505 -3.1031
SCALE 1 1 1
X  0.9321  0.2960  0.2089
Y -0.1837 -0.1112  0.9767
Z  0.3123 -0.9487 -0.0493

PART 88
OFFSET  6.6645 -3.9649 -3.2545
SCALE 1 1 1
X  0.9321  0.2960  0.2089
Y -0.1837 -0.1112  0.9767
Z  0.3123 -0.9487 -0.0493

PART 89
OFFSET  0.0000 -0.0000 -0.0000
SCALE 1 1 1
X  1.0000 -0.0000  0.0000
Y  0.0000  1.0000  0.0000
Z  0.0000 -0.0000  1.0000

PART 90
OFFSET  0.0000 -0.0000 -0.0000
SCALE 1 1 1
X  1.0000 -0.0000  0.0000
Y  0.0000  1.0000  0.0000
Z  0.0000 -0.0000  1.0000

PART 91
OFFSET  1.5404 -0.0000  4.1357
SCALE 1 1 1
X  1.0000 -0.0000  0.0000
Y  0.0000  1.0000  0.0000
Z  0.0000 -0.0000  1.0000

PART 92
OFFSET  0.0000 -0.0000 -0.0000
SCALE 1 1 1
X  1.0000 -0.0000  0.0000
Y  0.0000  1.0000  0.0000
Z  0.0000 -0.0000  1.0000


FRAME 329
PART 0
OFFSET -4.6318 -0.0000 -1.3770
SCALE 1 1 1
X  1.0000 -0.0000  0.0000
Y  0.0000  1.0000  0.0000
Z  0.0000 -0.0000  1.0000

PART 1
OFFSET  0.1218  5.5976 -6.6823
SCALE 1 1 1
X  0.6455 -0.0488 -0.7622
Y  0.1309 -0.9761  0.1734
Z -0.7525 -0.2117 -0.6237

PART 2
OFFSET  7.9283  5.0076 -15.9003
SCALE 1 1 1
X -0.1046 -0.1453  0.9838
Y -0.9569  0.2842 -0.0598
Z -0.2709 -0.9477 -0.1688

PART 3
OFFSET  7.0384  3.7718 -7.5323
SCALE 1 1 1
X -0.1046 -0.1453  0.9838
Y -0.9675  0.2438 -0.0669
Z -0.2302 -0.9589 -0.1661

PART 4
OFFSET  8.4769  4.8284 -5.8065
SCALE 1 1 1
X -0.0982 -0.1444  0.9846
Y  0.2849  0.9439  0.1668
Z -0.9535  0.2969 -0.0515

PART 5
OFFSET  7.9360  2.5755 -6.5828
SCALE 1 1 1
X -0.0982 -0.1444  0.9846
Y  0.2849  0.9439  0.1668
Z -0.9535  0.2969 -0.0515

PART 6
OFFSET  5.9925  6.0583 -5.3564
SCALE 1 1 1
X -0.0982 -0.1444  0.9846
Y  0.2849  0.9439  0.1668
Z -0.9535  0.2969 -0.0515

PART 7
OFFSET  5.0033  3.6353 -5.9165
SCALE 1 1 1
X -0.0982 -0.1444  0.9846
Y  0.2849  0.9439  0.1668
Z -0.9535  0.2969 -0.0515

PART 8
OFFSET  5.8701  2.6882 -6.3549
SCALE 1 1 1
X -0.0982 -0.1444  0.9846
Y  0.2849  0.9439  0.1668
Z -0.9535  0.2969 -0.0515

PART 9
