// Export filename: `C:\projects\cod\t5\xanim_export\t5_viewmodels\spas12\spas12_rechamber.XANIM_EXPORT`
// Source filename: `D:\projects\devanim\t5\animation_assets\viewmodels/spas12/ViewModel_Spas12_animated.fbx`
// Export time: Tue Apr 27 13:49:29 2010

ANIMATION
VERSION 3

NUMPARTS 80
PART 0 "tag_ads"
PART 1 "tag_torso"
PART 2 "J_Shoulder_LE"
PART 3 "J_Elbow_LE"
PART 4 "J_WristTwist_LE"
PART 5 "J_Sleave_Reshape_Bottom_LE_1"
PART 6 "J_Sleave_Reshape_Bottom_LE_2"
PART 7 "J_Sleave_Reshape_Top_LE_1"
PART 8 "J_Sleave_Reshape_Top_LE_2"
PART 9 "J_Sleave_Reshape_Top_LE_3"
PART 10 "J_Wrist_LE"
PART 11 "J_Thumb_LE_0"
PART 12 "J_Thumb_LE_1"
PART 13 "J_Thumb_LE_2"
PART 14 "J_Thumb_LE_3"
PART 15 "J_PinkyPalm_LE"
PART 16 "J_Pinky_LE_0"
PART 17 "J_Pinky_LE_1"
PART 18 "J_Pinky_LE_2"
PART 19 "J_Pinky_LE_3"
PART 20 "J_RingPalm_LE"
PART 21 "J_Ring_LE_0"
PART 22 "J_Ring_LE_1"
PART 23 "J_Ring_LE_2"
PART 24 "J_Ring_LE_3"
PART 25 "J_Webbing_LE"
PART 26 "J_Index_LE_0"
PART 27 "J_Index_LE_1"
PART 28 "J_Index_LE_2"
PART 29 "J_Index_LE_3"
PART 30 "J_Mid_LE_0"
PART 31 "J_Mid_LE_1"
PART 32 "J_Mid_LE_2"
PART 33 "J_Mid_LE_3"
PART 34 "tag_knife_attach"
PART 35 "tag_weapon"
PART 36 "J_Gun"
PART 37 "TAG_CLIP"
PART 38 "J_Bolt"
PART 39 "J_pump"
PART 40 "TAG_GRIP"
PART 41 "J_ring"
PART 42 "J_stock"
PART 43 "J_stocktop"
PART 44 "J_Load"
PART 45 "tag_iron_sights"
PART 46 "tag_suppressor"
PART 47 "J_Shoulder_RI"
PART 48 "J_Elbow_RI"
PART 49 "J_WristTwist_RI"
PART 50 "J_Sleave_Reshape_Top_RI_3"
PART 51 "J_Sleave_Reshape_Top_RI_2"
PART 52 "J_Sleave_Reshape_Top_RI_1"
PART 53 "J_Wrist_RI"
PART 54 "J_Thumb_RI_0"
PART 55 "J_Thumb_RI_1"
PART 56 "J_Thumb_RI_2"
PART 57 "J_Thumb_RI_3"
PART 58 "J_PinkyPalm_RI"
PART 59 "J_Pinky_RI_0"
PART 60 "J_Pinky_RI_1"
PART 61 "J_Pinky_RI_2"
PART 62 "J_Pinky_RI_3"
PART 63 "J_RingPalm_RI"
PART 64 "J_Ring_RI_0"
PART 65 "J_Ring_RI_1"
PART 66 "J_Ring_RI_2"
PART 67 "J_Ring_RI_3"
PART 68 "J_Webbing_RI"
PART 69 "J_Index_RI_0"
PART 70 "J_Index_RI_1"
PART 71 "J_Index_RI_2"
PART 72 "J_Index_RI_3"
PART 73 "J_Mid_RI_0"
PART 74 "J_Mid_RI_1"
PART 75 "J_Mid_RI_2"
PART 76 "J_Mid_RI_3"
PART 77 "tag_cambone"
PART 78 "tag_camera"
PART 79 "tag_gasmask"

FRAMERATE 30
NUMFRAMES 39

FRAME 100
PART 0
OFFSET -4.6318 -0.0000 -1.3770
X  1.0000 -0.0000  0.0000
Y  0.0000  1.0000  0.0000
Z  0.0000 -0.0000  1.0000

PART 1
OFFSET -4.6318 -0.0000 -1.3770
X  1.0000 -0.0000  0.0000
Y  0.0000  1.0000  0.0000
Z  0.0000 -0.0000  1.0000

PART 2
OFFSET -2.1458  5.0340 -5.9168
X  0.8860  0.0235 -0.4631
Y -0.0558 -0.9861 -0.1568
Z -0.4603  0.1648 -0.8723

PART 3
OFFSET  8.5693  5.3179 -11.5177
X  0.6927 -0.5806  0.4279
Y -0.6635 -0.2805  0.6936
Z -0.2827 -0.7643 -0.5795

PART 4
OFFSET  14.4610  0.3796 -7.8785
X  0.6927 -0.5806  0.4279
Y  0.5746  0.8028  0.1592
Z -0.4360  0.1355  0.8897

PART 5
OFFSET  16.6847  1.1869 -7.1252
X  0.6974 -0.5768  0.4253
Y  0.2902  0.7699  0.5683
Z -0.6553 -0.2729  0.7044

PART 6
OFFSET  15.7902 -0.4153 -8.7387
X  0.6974 -0.5768  0.4253
Y  0.2902  0.7699  0.5683
Z -0.6553 -0.2729  0.7044

PART 7
OFFSET  15.4170  0.5598 -4.6988
X  0.6974 -0.5768  0.4253
Y  0.2902  0.7699  0.5683
Z -0.6553 -0.2729  0.7044

PART 8
OFFSET  14.4059 -1.4987 -6.0784
X  0.6974 -0.5768  0.4253
Y  0.2902  0.7699  0.5683
Z -0.6553 -0.2729  0.7044

PART 9
OFFSET  14.6428 -1.5379 -7.4136
X  0.6974 -0.5768  0.4253
Y  0.2902  0.7699  0.5683
Z -0.6553 -0.2729  0.7044

PART 10
OFFSET  16.5846 -1.4004 -6.5668
X  0.6721 -0.7374 -0.0671
Y  0.7371  0.6577  0.1551
Z -0.0702 -0.1537  0.9856

PART 11
OFFSET  17.5695 -1.1605 -6.0427
X  0.8504  0.0004  0.5261
Y  0.0629  0.9928 -0.1024
Z -0.5223  0.1202  0.8443

PART 12
OFFSET  19.3819 -1.0538 -4.8707
X  0.8681 -0.3698  0.3311
Y  0.3046  0.9236  0.2329
Z -0.3919 -0.1014  0.9144

PART 13
OFFSET  20.7213 -1.7172 -4.2477
X  0.8743 -0.0720  0.4800
Y  0.0657  0.9974  0.0299
Z -0.4809  0.0055  0.8767

PART 14
OFFSET  21.6458 -1.7779 -3.6879
X  0.9679  0.1489 -0.2027
Y -0.1592 -0.2611 -0.9521
Z -0.1947  0.9538 -0.2290

PART 15
OFFSET  16.3498 -2.7597 -6.5905
X  0.1537 -0.9752  0.1590
Y  0.0680  0.1710  0.9829
Z -0.9858 -0.1402  0.0926

PART 16
OFFSET  16.8471 -4.9095 -6.1262
X  0.3705 -0.2636  0.8907
Y -0.3263  0.8609  0.3905
Z -0.8697 -0.4353  0.2329

PART 17
OFFSET  17.3715 -5.2827 -4.8652
X  0.0728  0.3930  0.9167
Y -0.5351  0.7910 -0.2966
Z -0.8417 -0.4689  0.2679

PART 18
OFFSET  17.4361 -4.9342 -4.0524
X  0.1099  0.3096  0.9445
Y -0.4694  0.8538 -0.2252
Z -0.8761 -0.4186  0.2392

PART 19
OFFSET  17.5405 -4.6401 -3.1551
X  0.3373 -0.7122 -0.6156
Y -0.5358  0.3924 -0.7476
Z  0.7740  0.5820 -0.2493

PART 20
OFFSET  16.9973 -2.4633 -6.6398
X  0.4128 -0.9047 -0.1056
Y -0.1163 -0.1673  0.9790
Z -0.9034 -0.3918 -0.1742

PART 21
OFFSET  17.9970 -4.8621 -6.5692
X  0.2497 -0.3205  0.9137
Y -0.3177  0.8643  0.3900
Z -0.9147 -0.3876  0.1140

PART 22
OFFSET  18.4220 -5.4079 -5.0136
X  0.0017  0.3128  0.9498
Y -0.4253  0.8598 -0.2824
Z -0.9050 -0.4035  0.1345

PART 23
OFFSET  18.4244 -4.9743 -3.6972
X -0.0118  0.3261  0.9453
Y -0.4255  0.8538 -0.2999
Z -0.9049 -0.4058  0.1287

PART 24
OFFSET  18.4115 -4.6206 -2.6721
X  0.2083 -0.7749 -0.5968
Y -0.3026  0.5292 -0.7927
Z  0.9301  0.3457 -0.1242

PART 25
OFFSET  19.7892 -2.7118 -5.9993
X  0.4703 -0.8638  0.1809
Y  0.2912 -0.0416 -0.9558
Z  0.8331  0.5021  0.2320

PART 26
OFFSET  19.7855 -3.7206 -7.0778
X  0.1953 -0.6540  0.7308
Y -0.2222  0.6963  0.6825
Z -0.9553 -0.2956 -0.0093

PART 27
OFFSET  20.1293 -4.8722 -5.7911
X -0.0215 -0.0915  0.9956
Y -0.3428  0.9361  0.0786
Z -0.9392 -0.3396 -0.0515

PART 28
OFFSET  20.1602 -4.9627 -4.5776
X -0.1065  0.3645  0.9251
Y -0.3089  0.8722 -0.3792
Z -0.9451 -0.3261  0.0197

PART 29
OFFSET  20.0399 -4.5510 -3.5327
X  0.0477 -0.9978  0.0467
Y  0.1346 -0.0399 -0.9901
Z  0.9897  0.0535  0.1324

PART 30
OFFSET  18.9015 -4.3831 -7.0621
X  0.2316 -0.4787  0.8469
Y -0.2597  0.8085  0.5280
Z -0.9375 -0.3422  0.0630

PART 31
OFFSET  19.3540 -5.3182 -5.4076
X -0.0330  0.2254  0.9737
Y -0.3097  0.9240 -0.2244
Z -0.9503 -0.3090  0.0394

PART 32
OFFSET  19.3058 -4.9889 -3.9854
X -0.1317  0.2546  0.9580
Y -0.1682  0.9467 -0.2747
Z -0.9769 -0.1973 -0.0819

PART 33
OFFSET  19.1498 -4.7026 -2.9008
X  0.2709 -0.7873 -0.5539
Y -0.1166  0.5443 -0.8307
Z  0.9555  0.2896  0.0556

PART 34
OFFSET  17.9025 -3.9884 -5.3305
X -0.9278 -0.3530 -0.1211
Y  0.0702  0.1537 -0.9856
Z  0.3665 -0.9229 -0.1178

PART 35
OFFSET  10.6714 -3.3397 -3.5839
X  1.0000 -0.0000  0.0000
Y  0.0000  1.0000  0.0000
Z  0.0000 -0.0000  1.0000

PART 36
OFFSET  10.6714 -3.3397 -3.5839
X  1.0000 -0.0000  0.0000
Y  0.0000  1.0000  0.0000
Z  0.0000 -0.0000  1.0000

PART 37
OFFSET -116.8620 -3.3229 -4.3119
X  0.0000 -0.0000 -1.0000
Y  0.0000  1.0000  0.0000
Z  1.0000 -0.0000  0.0000

PART 38
OFFSET  10.6842 -3.3397 -3.1520
X  1.0000 -0.0000  0.0000
Y  0.0000  1.0000  0.0000
Z  0.0000 -0.0000  1.0000

PART 39
OFFSET  15.9385 -3.3448 -5.9054
X  1.0000 -0.0000  0.0000
Y  0.0000  1.0000  0.0000
Z  0.0000 -0.0000  1.0000

PART 40
OFFSET  22.3687 -3.3397 -5.7765
X  1.0000 -0.0000  0.0000
Y  0.0000  1.0000  0.0000
Z  0.0000 -0.0000  1.0000

PART 41
OFFSET  3.0927 -2.2645 -3.5479
X  0.6820 -0.0000  0.7314
Y -0.0000  1.0000  0.0000
Z -0.7314 -0.0000  0.6820

PART 42
OFFSET  3.0927 -2.1356 -3.5479
X  1.0000 -0.0000  0.0000
Y  0.0000  1.0000  0.0000
Z  0.0000 -0.0000  1.0000

PART 43
OFFSET  14.7631 -3.3448 -1.5284
X  1.0000 -0.0000  0.0000
Y  0.0000  1.0000  0.0000
Z  0.0000 -0.0000  1.0000

PART 44
OFFSET  8.0992 -3.3229 -4.9793
X  1.0000 -0.0000  0.0000
Y -0.0000  1.0000  0.0000
Z -0.0000 -0.0000  1.0000

PART 45
OFFSET  13.4247 -3.3397 -1.8315
X  0.0000 -0.9659  0.2588
Y  1.0000  0.0000  0.0000
Z -0.0000  0.2588  0.9659

PART 46
OFFSET  33.8883 -3.3397 -3.1708
X  0.0000 -1.0000 -0.0000
Y  1.0000  0.0000  0.0000
Z -0.0000 -0.0000  1.0000

PART 47
OFFSET -12.9782 -7.9373 -1.9159
X -0.2660 -0.0816  0.9605
Y -0.2787 -0.9473 -0.1577
Z  0.9228 -0.3097  0.2293

PART 48
OFFSET -9.7608 -6.9502 -13.5321
X -0.8555 -0.1935 -0.4802
Y  0.4636  0.1268 -0.8769
Z  0.2306 -0.9729 -0.0188

PART 49
OFFSET -2.4840 -5.3046 -9.4476
X -0.8555 -0.1935 -0.4802
Y  0.4940 -0.0277 -0.8690
Z  0.1548 -0.9807  0.1193

PART 50
OFFSET -1.8648 -4.0003 -8.0815
X -0.8589 -0.1916 -0.4749
Y -0.2348  0.9715  0.0328
Z  0.4551  0.1396 -0.8794

PART 51
OFFSET -1.8470 -4.6214 -7.0632
X -0.8589 -0.1916 -0.4749
Y -0.2348  0.9715  0.0328
Z  0.4551  0.1396 -0.8794

PART 52
OFFSET -1.3374 -5.8834 -7.2554
X -0.8589 -0.1916 -0.4749
Y -0.2348  0.9715  0.0328
Z  0.4551  0.1396 -0.8794

PART 53
OFFSET  0.1388 -4.7114 -7.9754
X -0.9500 -0.0002 -0.3123
Y  0.3123  0.0086 -0.9499
Z  0.0029 -1.0000 -0.0081

PART 54
OFFSET  0.2636 -4.3091 -6.9149
X -0.5540 -0.6571 -0.5111
Y  0.6448  0.0496 -0.7627
Z  0.5266 -0.7521  0.3962

PART 55
OFFSET  1.3654 -2.8541 -5.7579
X -0.9324 -0.3586 -0.0440
Y  0.2177 -0.4604 -0.8606
Z  0.2884 -0.8120  0.5074

PART 56
OFFSET  2.8514 -2.2117 -5.7951
X -0.7772 -0.0528  0.6271
Y -0.4690 -0.6158 -0.6331
Z  0.4196 -0.7861  0.4538

PART 57
OFFSET  3.6806 -2.1082 -6.4832
X -0.9399  0.3391  0.0409
Y  0.2704  0.8119 -0.5174
Z -0.2087 -0.4752 -0.8548

PART 58
OFFSET  1.2765 -4.5000 -8.7267
X -0.9571 -0.0480  0.2859
Y  0.0610 -0.9975  0.0368
Z  0.2834  0.0527  0.9576

PART 59
OFFSET  3.4607 -4.2621 -9.2340
X -0.4674 -0.8480 -0.2497
Y  0.8830 -0.4615 -0.0853
Z -0.0429 -0.2604  0.9646

PART 60
OFFSET  4.1224 -3.0615 -8.8805
X  0.4539 -0.8636 -0.2193
Y  0.8910  0.4372  0.1225
Z -0.0099 -0.2510  0.9679

PART 61
OFFSET  3.7199 -2.2957 -8.6860
X  0.9924  0.1214 -0.0197
Y -0.1143  0.9694  0.2174
Z  0.0455 -0.2135  0.9759

PART 62
OFFSET  2.7771 -2.4111 -8.6674
X -0.6939 -0.6705 -0.2626
Y -0.7192  0.6267  0.3001
Z -0.0367  0.3970 -0.9171

PART 63
OFFSET  1.2783 -4.6453 -8.0278
X -0.9999 -0.0089 -0.0055
Y  0.0086 -0.9992  0.0400
Z -0.0059  0.0400  0.9992

PART 64
OFFSET  3.8746 -4.6503 -8.1610
X -0.3010 -0.9489 -0.0947
Y  0.9535 -0.3008 -0.0170
Z -0.0124 -0.0954  0.9954

PART 65
OFFSET  4.3870 -3.0347 -7.9997
X  0.7069 -0.7044 -0.0636
Y  0.7067  0.6999  0.1035
Z -0.0284 -0.1181  0.9926

PART 66
OFFSET  3.4073 -2.0584 -7.9117
X  0.9210  0.3824  0.0746
Y -0.3882  0.9169  0.0923
Z -0.0331 -0.1139  0.9929

PART 67
OFFSET  2.4085 -2.4732 -7.9926
X -0.5344 -0.8427 -0.0650
Y -0.8441  0.5361 -0.0099
Z  0.0432  0.0496 -0.9978

PART 68
OFFSET -4.0775 -5.2555 -8.4763
X -0.9534 -0.2799 -0.1124
Y -0.2666  0.9563 -0.1201
Z  0.1411 -0.0846 -0.9864

PART 69
OFFSET  3.6059 -5.0887 -6.0450
X -0.9418 -0.3132 -0.1223
Y  0.3173 -0.9482 -0.0152
Z -0.1112 -0.0532  0.9924

PART 70
OFFSET  5.2641 -4.5373 -5.8296
X -0.2895 -0.9565 -0.0366
Y  0.9491 -0.2918  0.1184
Z -0.1239 -0.0004  0.9923

PART 71
OFFSET  5.6085 -3.3746 -5.7249
X  0.6155 -0.7879  0.0192
Y  0.7783  0.6114  0.1431
Z -0.1245 -0.0731  0.9895

PART 72
OFFSET  4.9133 -2.4846 -5.7466
X -0.9379 -0.3160  0.1429
Y -0.3321  0.9371 -0.1077
Z -0.0998 -0.1485 -0.9839

PART 73
OFFSET  3.8429 -4.9001 -7.1074
X -0.4634 -0.8838 -0.0645
Y  0.8779 -0.4678  0.1024
Z -0.1207 -0.0092  0.9926

PART 74
OFFSET  4.7483 -3.1736 -6.9813
X  0.6673 -0.7414  0.0715
Y  0.7397  0.6709  0.0530
Z -0.0873  0.0175  0.9960

PART 75
OFFSET  3.7737 -2.0907 -7.0857
X  0.9793  0.1961  0.0508
Y -0.1915  0.9779 -0.0838
Z -0.0661  0.0723  0.9952

PART 76
OFFSET  2.6649 -2.3126 -7.1503
X -0.6244 -0.7796 -0.0490
Y -0.7796  0.6258 -0.0223
Z  0.0481  0.0243 -0.9985

PART 77
OFFSET  0.0000 -0.0000 -0.0000
X  1.0000 -0.0000  0.0000
Y  0.0000  1.0000  0.0000
Z  0.0000 -0.0000  1.0000

PART 78
OFFSET  0.0000 -0.0000 -0.0000
X  1.0000 -0.0000  0.0000
Y  0.0000  1.0000  0.0000
Z  0.0000 -0.0000  1.0000

PART 79
OFFSET  1.5404 -0.0000  4.1357
X  1.0000 -0.0000  0.0000
Y  0.0000  1.0000  0.0000
Z  0.0000 -0.0000  1.0000


FRAME 101
PART 0
OFFSET -4.6318 -0.0000 -1.3770
X  1.0000 -0.0000  0.0000
Y  0.0000  1.0000  0.0000
Z  0.0000 -0.0000  1.0000

PART 1
OFFSET -4.6318 -0.0000 -1.3770
X  1.0000 -0.0000  0.0000
Y  0.0000  1.0000  0.0000
Z  0.0000 -0.0000  1.0000

PART 2
OFFSET -2.1022  5.1482 -5.9168
X  0.8788  0.0193 -0.4768
Y -0.0535 -0.9889 -0.1385
Z -0.4742  0.1472 -0.8680

PART 3
OFFSET  8.5259  5.3813 -11.6833
X  0.6886 -0.5752  0.4416
Y -0.6656 -0.2597  0.6996
Z -0.2877 -0.7757 -0.5616

PART 4
OFFSET  14.3826  0.4894 -7.9269
X  0.6886 -0.5752  0.4416
Y  0.5751  0.8041  0.1506
Z -0.4417  0.1503  0.8845

PART 5
OFFSET  16.6115  1.2990 -7.1916
X  0.6933 -0.5715  0.4390
Y  0.2953  0.7810  0.5503
Z -0.6573 -0.2519  0.7103

PART 6
OFFSET  15.7066 -0.3343 -8.7676
X  0.6933 -0.5715  0.4390
Y  0.2953  0.7810  0.5503
Z -0.6573 -0.2519  0.7103

PART 7
OFFSET  15.3388  0.7375 -4.7518
X  0.6933 -0.5715  0.4390
Y  0.2953  0.7810  0.5503
Z -0.6573 -0.2519  0.7103

PART 8
OFFSET  14.3141 -1.3458 -6.0834
X  0.6933 -0.5715  0.4390
Y  0.2953  0.7810  0.5503
Z -0.6573 -0.2519  0.7103

PART 9
OFFSET  14.5512 -1.4178 -7.4172
X  0.6933 -0.5715  0.4390
Y  0.2953  0.7810  0.5503
Z -0.6573 -0.2519  0.7103

PART 10
OFFSET  16.4936 -1.2738 -6.5729
X  0.6854 -0.7262 -0.0542
Y  0.7246  0.6728  0.1496
Z -0.0722 -0.1418  0.9873

PART 11
OFFSET  17.4715 -1.0094 -6.0476
X  0.8476  0.0193  0.5302
Y  0.0485  0.9923 -0.1137
Z -0.5284  0.1221  0.8402

PART 12
OFFSET  19.2761 -0.8619 -4.8679
X  0.8744 -0.3451  0.3411
Y  0.2827  0.9337  0.2198
Z -0.3943 -0.0958  0.9140

PART 13
OFFSET  20.6267 -1.4853 -4.2281
X  0.8720 -0.0669  0.4849
Y  0.0626  0.9977  0.0252
Z -0.4855  0.0084  0.8742

PART 14
OFFSET  21.5485 -1.5404 -3.6633
X  0.9684  0.1508 -0.1984
Y -0.1535 -0.2663 -0.9516
Z -0.1963  0.9520 -0.2347

PART 15
OFFSET  16.2831 -2.6373 -6.5794
X  0.1702 -0.9701  0.1728
Y  0.0603  0.1853  0.9808
Z -0.9836 -0.1565  0.0900

PART 16
OFFSET  16.8162 -4.7715 -6.0840
X  0.3732 -0.2511  0.8931
Y -0.3408  0.8583  0.3837
Z -0.8629 -0.4476  0.2348

PART 17
OFFSET  17.3447 -5.1270 -4.8196
X  0.0668  0.3982  0.9149
Y -0.5471  0.7814 -0.3001
Z -0.8344 -0.4805  0.2700

PART 18
OFFSET  17.4039 -4.7740 -4.0084
X  0.0981  0.3279  0.9396
Y -0.4839  0.8407 -0.2429
Z -0.8696 -0.4309  0.2411

PART 19
OFFSET  17.4971 -4.4625 -3.1158
X  0.3545 -0.7163 -0.6011
Y -0.5383  0.3693 -0.7575
Z  0.7645  0.5921 -0.2547

PART 20
OFFSET  16.9255 -2.3301 -6.6298
X  0.4293 -0.8985 -0.0916
Y -0.1179 -0.1563  0.9806
Z -0.8954 -0.4102 -0.1731

PART 21
OFFSET  17.9672 -4.7095 -6.5225
X  0.2525 -0.3079  0.9173
Y -0.3336  0.8622  0.3812
Z -0.9082 -0.4023  0.1150

PART 22
OFFSET  18.3972 -5.2337 -4.9608
X -0.0045  0.3176  0.9482
Y -0.4393  0.8512 -0.2872
Z -0.8983 -0.4178  0.1357

PART 23
OFFSET  18.3909 -4.7935 -3.6466
X -0.0260  0.3455  0.9381
Y -0.4390  0.8391 -0.3212
Z -0.8981 -0.4202  0.1299

PART 24
OFFSET  18.3627 -4.4188 -2.6293
X  0.2279 -0.7831 -0.5787
Y -0.3058  0.5067 -0.8061
Z  0.9244  0.3607 -0.1240

PART 25
OFFSET  19.7183 -2.5201 -5.9733
X  0.4847 -0.8528  0.1946
Y  0.2965 -0.0491 -0.9538
Z  0.8229  0.5200  0.2290

PART 26
OFFSET  19.7376 -3.5432 -7.0381
X  0.2045 -0.6440  0.7372
Y -0.2368  0.6982  0.6756
Z -0.9498 -0.3127 -0.0097

PART 27
OFFSET  20.0977 -4.6771 -5.7403
X -0.0226 -0.0844  0.9962
Y -0.3597  0.9304  0.0707
Z -0.9328 -0.3567 -0.0514

PART 28
OFFSET  20.1268 -4.7580 -4.5261
X -0.1155  0.3694  0.9221
Y -0.3233  0.8637 -0.3866
Z -0.9392 -0.3428  0.0197

PART 29
OFFSET  19.9963 -4.3408 -3.4846
X  0.0653 -0.9964  0.0543
Y  0.1381 -0.0449 -0.9894
Z  0.9883  0.0721  0.1346

PART 30
OFFSET  18.8655 -4.2210 -7.0176
X  0.2380 -0.4689  0.8506
Y -0.2749  0.8075  0.5220
Z -0.9316 -0.3580  0.0633

PART 31
OFFSET  19.3304 -5.1370 -5.3559
X -0.0389  0.2311  0.9722
Y -0.3252  0.9170 -0.2310
Z -0.9448 -0.3252  0.0394

PART 32
OFFSET  19.2735 -4.7995 -3.9359
X -0.1413  0.2743  0.9512
Y -0.1816  0.9374 -0.2973
Z -0.9732 -0.2147 -0.0826

PART 33
OFFSET  19.1067 -4.4910 -2.8590
X  0.2865 -0.7953 -0.5342
Y -0.1205  0.5232 -0.8436
Z  0.9505  0.3061  0.0541

PART 34
OFFSET  17.8513 -3.8212 -5.2960
X -0.9207 -0.3710 -0.1206
Y  0.0722  0.1418 -0.9873
Z  0.3834 -0.9177 -0.1038

PART 35
OFFSET  10.6016 -3.2784 -3.5912
X  0.9998  0.0178  0.0045
Y -0.0178  0.9998 -0.0134
Z -0.0048  0.0133  0.9999

PART 36
OFFSET  10.6016 -3.2784 -3.5912
X  0.9998  0.0178  0.0045
Y -0.0178  0.9998 -0.0134
Z -0.0048  0.0133  0.9999

PART 37
OFFSET -116.9070 -5.5455 -4.8989
X  0.0048 -0.0133 -0.9999
Y -0.0178  0.9998 -0.0134
Z  0.9998  0.0178  0.0045

PART 38
OFFSET  10.6124 -3.2724 -3.1593
X  0.9998  0.0178  0.0045
Y -0.0178  0.9998 -0.0134
Z -0.0048  0.0133  0.9999

PART 39
OFFSET  15.8790 -3.2205 -5.8884
X  0.9998  0.0178  0.0045
Y -0.0178  0.9998 -0.0134
Z -0.0048  0.0133  0.9999

PART 40
OFFSET  22.3074 -3.0990 -5.7304
X  0.9998  0.0178  0.0045
Y -0.0178  0.9998 -0.0134
Z -0.0048  0.0133  0.9999

PART 41
OFFSET  3.0048 -2.3381 -3.6040
X  0.6784  0.0219  0.7344
Y -0.0178  0.9998 -0.0134
Z -0.7345 -0.0040  0.6786

PART 42
OFFSET  3.0026 -2.2091 -3.6057
X  0.9998  0.0178  0.0045
Y -0.0178  0.9998 -0.0134
Z -0.0048  0.0133  0.9999

PART 43
OFFSET  14.6828 -3.1831 -1.5172
X  0.9998  0.0178  0.0045
Y -0.0178  0.9998 -0.0134
Z -0.0048  0.0133  0.9999

PART 44
OFFSET  8.0361 -3.3260 -4.9984
X  0.9998  0.0178  0.0045
Y -0.0178  0.9998 -0.0134
Z -0.0048  0.0133  0.9999

PART 45
OFFSET  13.3460 -3.2059 -1.8265
X  0.0159 -0.9622  0.2717
Y  0.9998  0.0178  0.0045
Z -0.0092  0.2716  0.9624

PART 46
OFFSET  33.8126 -2.8588 -3.0725
X  0.0178 -0.9998  0.0134
Y  0.9998  0.0178  0.0045
Z -0.0048  0.0133  0.9999

PART 47
OFFSET -12.9782 -7.9373 -1.9159
X -0.2620 -0.0732  0.9623
Y -0.2899 -0.9451 -0.1508
Z  0.9205 -0.3184  0.2263

PART 48
OFFSET -9.8102 -7.0517 -13.5538
X -0.8578 -0.1863 -0.4790
Y  0.4645  0.1176 -0.8777
Z  0.2199 -0.9754 -0.0144

PART 49
OFFSET -2.5139 -5.4672 -9.4800
X -0.8578 -0.1863 -0.4790
Y  0.4920 -0.0286 -0.8701
Z  0.1484 -0.9821  0.1162

PART 50
OFFSET -1.8798 -4.1634 -8.1202
X -0.8612 -0.1843 -0.4737
Y -0.2241  0.9742  0.0283
Z  0.4562  0.1305 -0.8802

PART 51
OFFSET -1.8684 -4.7797 -7.0990
X -0.8612 -0.1843 -0.4737
Y -0.2241  0.9742  0.0283
Z  0.4562  0.1305 -0.8802

PART 52
OFFSET -1.3726 -6.0484 -7.2858
X -0.8612 -0.1843 -0.4737
Y -0.2241  0.9742  0.0283
Z  0.4562  0.1305 -0.8802

PART 53
OFFSET  0.1160 -4.8961 -8.0116
X -0.9483 -0.0213 -0.3166
Y  0.3166  0.0015 -0.9485
Z  0.0207 -0.9998  0.0053

PART 54
OFFSET  0.2285 -4.4775 -6.9560
X -0.5398 -0.6737 -0.5048
Y  0.6475  0.0509 -0.7604
Z  0.5380 -0.7373  0.4087

PART 55
OFFSET  1.2988 -2.9878 -5.8137
X -0.9257 -0.3758 -0.0434
Y  0.2299 -0.4679 -0.8533
Z  0.3003 -0.7999  0.5196

PART 56
OFFSET  2.7733 -2.3195 -5.8527
X -0.7791 -0.0583  0.6242
Y -0.4550 -0.6325 -0.6269
Z  0.4313 -0.7724  0.4662

PART 57
OFFSET  3.6038 -2.2104 -6.5384
X -0.9459  0.3228  0.0321
Y  0.2584  0.8096 -0.5270
Z -0.1961 -0.4902 -0.8493

PART 58
OFFSET  1.2533 -4.6744 -8.7605
X -0.9574 -0.0613  0.2821
Y  0.0786 -0.9956  0.0505
Z  0.2778  0.0705  0.9580

PART 59
OFFSET  3.4353 -4.4044 -9.2610
X -0.4511 -0.8595 -0.2404
Y  0.8915 -0.4468 -0.0751
Z -0.0428 -0.2482  0.9678

PART 60
OFFSET  4.0739 -3.1876 -8.9206
X  0.4703 -0.8582 -0.2056
Y  0.8825  0.4546  0.1207
Z -0.0101 -0.2382  0.9712

PART 61
OFFSET  3.6570 -2.4266 -8.7383
X  0.9902  0.1388 -0.0168
Y -0.1325  0.9700  0.2039
Z  0.0446 -0.1996  0.9789

PART 62
OFFSET  2.7163 -2.5585 -8.7224
X -0.6806 -0.6862 -0.2567
Y -0.7316  0.6177  0.2884
Z -0.0393  0.3841 -0.9225

PART 63
OFFSET  1.2543 -4.8104 -8.0597
X -0.9996 -0.0268 -0.0100
Y  0.0262 -0.9982  0.0534
Z -0.0114  0.0532  0.9985

PART 64
OFFSET  3.8509 -4.7708 -8.1810
X -0.2836 -0.9553 -0.0833
Y  0.9588 -0.2839 -0.0086
Z -0.0154 -0.0823  0.9965

PART 65
OFFSET  4.3338 -3.1444 -8.0391
X  0.7196 -0.6925 -0.0509
Y  0.6937  0.7137  0.0973
Z -0.0310 -0.1053  0.9940

PART 66
OFFSET  3.3365 -2.1846 -7.9686
X  0.9137  0.3997  0.0737
Y -0.4049  0.9110  0.0782
Z -0.0359 -0.1013  0.9942

PART 67
OFFSET  2.3456 -2.6181 -8.0485
X -0.5191 -0.8529 -0.0561
Y -0.8534  0.5208 -0.0209
Z  0.0471  0.0370 -0.9982

PART 68
OFFSET -4.0875 -5.5220 -8.5244
X -0.9478 -0.2983 -0.1130
Y -0.2830  0.9497 -0.1342
Z  0.1473 -0.0952 -0.9845

PART 69
OFFSET  3.5800 -5.1858 -6.0606
X -0.9355 -0.3315 -0.1224
Y  0.3342 -0.9425 -0.0011
Z -0.1150 -0.0419  0.9925

PART 70
OFFSET  5.2270 -4.6020 -5.8451
X -0.2723 -0.9619 -0.0251
Y  0.9536 -0.2732  0.1266
Z -0.1286  0.0106  0.9916

PART 71
OFFSET  5.5502 -3.4320 -5.7544
X  0.6293 -0.7765  0.0326
Y  0.7666  0.6270  0.1384
Z -0.1279 -0.0621  0.9898

PART 72
OFFSET  4.8394 -2.5550 -5.7912
X -0.9329 -0.3307  0.1428
Y -0.3482  0.9295 -0.1218
Z -0.0925 -0.1634 -0.9822

PART 73
OFFSET  3.8187 -5.0071 -7.1243
X -0.4474 -0.8927 -0.0548
Y  0.8855 -0.4507  0.1127
Z -0.1253  0.0019  0.9921

PART 74
OFFSET  4.6926 -3.2632 -7.0173
X  0.6800 -0.7283  0.0844
Y  0.7274  0.6846  0.0474
Z -0.0923  0.0292  0.9953

PART 75
OFFSET  3.6994 -2.1993 -7.1407
X  0.9754  0.2142  0.0526
Y -0.2084  0.9731 -0.0977
Z -0.0721  0.0844  0.9938

PART 76
OFFSET  2.5951 -2.4419 -7.2073
X -0.6102 -0.7912 -0.0414
Y -0.7905  0.6115 -0.0343
Z  0.0524  0.0118 -0.9986

PART 77
OFFSET  0.0000 -0.0000 -0.0000
X  1.0000 -0.0000  0.0000
Y  0.0000  1.0000  0.0000
Z  0.0000 -0.0000  1.0000

PART 78
OFFSET  0.0000 -0.0000 -0.0000
X  1.0000  0.0000  0.0011
Y -0.0000  1.0000  0.0012
Z -0.0011 -0.0012  1.0000

PART 79
OFFSET  1.5360 -0.0051  4.1374
X  1.0000  0.0000  0.0011
Y -0.0000  1.0000  0.0012
Z -0.0011 -0.0012  1.0000


FRAME 102
PART 0
OFFSET -4.6318 -0.0000 -1.3770
X  1.0000 -0.0000  0.0000
Y  0.0000  1.0000  0.0000
Z  0.0000 -0.0000  1.0000

PART 1
OFFSET -4.6318 -0.0000 -1.3770
X  1.0000 -0.0000  0.0000
Y  0.0000  1.0000  0.0000
Z  0.0000 -0.0000  1.0000

PART 2
OFFSET -2.0643  5.2475 -5.9168
X  0.8663  0.0323 -0.4984
Y -0.0363 -0.9912 -0.1273
Z -0.4982  0.1283 -0.8575

PART 3
OFFSET  8.4129  5.6379 -11.9449
X  0.6792 -0.5684  0.4644
Y -0.6763 -0.2388  0.6968
Z -0.2851 -0.7873 -0.5466

PART 4
OFFSET  14.1896  0.8036 -7.9949
X  0.6792 -0.5684  0.4644
Y  0.5819  0.8026  0.1312
Z -0.4473  0.1812  0.8758

PART 5
OFFSET  16.4137  1.6175 -7.2499
X  0.6840 -0.5648  0.4617
Y  0.2929  0.7923  0.5352
Z -0.6681 -0.2308  0.7073

PART 6
OFFSET  15.5193 -0.0479 -8.7981
X  0.6840 -0.5648  0.4617
Y  0.2929  0.7923  0.5352
Z -0.6681 -0.2308  0.7073

PART 7
OFFSET  15.1056  1.1225 -4.8144
X  0.6840 -0.5648  0.4617
Y  0.2929  0.7923  0.5352
Z -0.6681 -0.2308  0.7073

PART 8
OFFSET  14.0856 -0.9862 -6.1089
X  0.6840 -0.5648  0.4617
Y  0.2929  0.7923  0.5352
Z -0.6681 -0.2308  0.7073

PART 9
OFFSET  14.3397 -1.0917 -7.4374
X  0.6840 -0.5648  0.4617
Y  0.2929  0.7923  0.5352
Z -0.6681 -0.2308  0.7073

PART 10
OFFSET  16.2717 -0.9388 -6.5712
X  0.7188 -0.6949 -0.0190
Y  0.6904  0.7104  0.1369
Z -0.0817 -0.1115  0.9904

PART 11
OFFSET  17.2278 -0.6117 -6.0409
X  0.8371  0.0743  0.5420
Y  0.0067  0.9893 -0.1459
Z -0.5470  0.1258  0.8276

PART 12
OFFSET  19.0043 -0.3457 -4.8398
X  0.8847 -0.2881  0.3664
Y  0.2322  0.9540  0.1897
Z -0.4042 -0.0827  0.9109

PART 13
OFFSET  20.3735 -0.8770 -4.1577
X  0.8657 -0.0234  0.5000
Y  0.0279  0.9996 -0.0015
Z -0.4998  0.0152  0.8660

PART 14
OFFSET  21.2873 -0.8846 -3.5774
X  0.9658  0.1789 -0.1875
Y -0.1286 -0.2972 -0.9461
Z -0.2250  0.9379 -0.2640

PART 15
OFFSET  16.1242 -2.3100 -6.5337
X  0.2118 -0.9548  0.2087
Y  0.0357  0.2209  0.9746
Z -0.9767 -0.1989  0.0809

PART 16
OFFSET  16.7467 -4.3992 -5.9571
X  0.3720 -0.2080  0.9046
Y -0.3839  0.8528  0.3540
Z -0.8451 -0.4790  0.2374

PART 17
OFFSET  17.2734 -4.6938 -4.6764
X  0.0381  0.4251  0.9043
Y -0.5772  0.7481 -0.3273
Z -0.8157 -0.5095  0.2739

PART 18
OFFSET  17.3072 -4.3169 -3.8746
X  0.0660  0.3667  0.9280
Y -0.5182  0.8074 -0.2821
Z -0.8527 -0.4623  0.2433

PART 19
OFFSET  17.3699 -3.9685 -2.9929
X  0.3982 -0.7204 -0.5679
Y -0.5415  0.3151 -0.7794
Z  0.7405  0.6178 -0.2646

PART 20
OFFSET  16.7525 -1.9752 -6.5852
X  0.4716 -0.8802 -0.0542
Y -0.1266 -0.1283  0.9836
Z -0.8727 -0.4570 -0.1719

PART 21
OFFSET  17.9006 -4.2987 -6.3805
X  0.2529 -0.2679  0.9297
Y -0.3781  0.8571  0.3498
Z -0.8906 -0.4400  0.1155

PART 22
OFFSET  18.3311 -4.7548 -4.7977
X -0.0311  0.3428  0.9389
Y -0.4735  0.8222 -0.3159
Z -0.8803 -0.4544  0.1367

PART 23
OFFSET  18.2880 -4.2797 -3.4965
X -0.0604  0.3809  0.9226
Y -0.4714  0.8038 -0.3628
Z -0.8798 -0.4569  0.1310

PART 24
OFFSET  18.2225 -3.8666 -2.4959
X  0.2755 -0.7938 -0.5422
Y -0.3133  0.4591 -0.8313
Z  0.9088  0.3989 -0.1222

PART 25
OFFSET  19.5400 -2.0130 -5.8815
X  0.5201 -0.8223  0.2310
Y  0.3139 -0.0675 -0.9470
Z  0.7943  0.5651  0.2230

PART 26
OFFSET  19.6237 -3.0694 -6.9100
X  0.2229 -0.6113  0.7594
Y -0.2787  0.7065  0.6506
Z -0.9341 -0.3567 -0.0129

PART 27
OFFSET  20.0162 -4.1457 -5.5731
X -0.0331 -0.0563  0.9979
Y -0.4031  0.9143  0.0382
Z -0.9145 -0.4010 -0.0530

PART 28
OFFSET  20.0315 -4.1898 -4.3567
X -0.1457  0.3904  0.9091
Y -0.3572  0.8361 -0.4163
Z -0.9226 -0.3853  0.0176

PART 29
OFFSET  19.8669 -3.7489 -3.3299
X  0.1103 -0.9903  0.0848
Y  0.1543 -0.0672 -0.9857
Z  0.9818  0.1219  0.1453

PART 30
OFFSET  18.7834 -3.7860 -6.8789
X  0.2472 -0.4329  0.8669
Y -0.3187  0.8085  0.4947
Z -0.9150 -0.3986  0.0619

PART 31
OFFSET  19.2663 -4.6318 -5.1854
X -0.0629  0.2564  0.9645
Y -0.3635  0.8941 -0.2615
Z -0.9295 -0.3671  0.0369

PART 32
OFFSET  19.1744 -4.2572 -3.7766
X -0.1698  0.3070  0.9364
Y -0.2177  0.9151 -0.3394
Z -0.9611 -0.2615 -0.0886

PART 33
OFFSET  18.9754 -3.9120 -2.7164
X  0.3307 -0.8031 -0.4956
Y -0.1288  0.4818 -0.8668
Z  0.9349  0.3505  0.0559

PART 34
OFFSET  17.7241 -3.3757 -5.1872
X -0.9006 -0.4173 -0.1213
Y  0.0817  0.1115 -0.9904
Z  0.4268 -0.9019 -0.0664

PART 35
OFFSET  10.4302 -3.1131 -3.6090
X  0.9977  0.0644  0.0186
Y -0.0635  0.9968 -0.0482
Z -0.0217  0.0469  0.9987

PART 36
OFFSET  10.4302 -3.1131 -3.6090
X  0.9977  0.0644  0.0186
Y -0.0635  0.9968 -0.0482
Z -0.0217  0.0469  0.9987

PART 37
OFFSET -116.8014 -11.3461 -6.7127
X  0.0217 -0.0469 -0.9987
Y -0.0635  0.9968 -0.0482
Z  0.9977  0.0644  0.0186

PART 38
OFFSET  10.4337 -3.0920 -3.1774
X  0.9977  0.0644  0.0186
Y -0.0635  0.9968 -0.0482
Z -0.0217  0.0469  0.9987

PART 39
OFFSET  15.7361 -2.8877 -5.8289
X  0.9977  0.0644  0.0186
Y -0.0635  0.9968 -0.0482
Z -0.0217  0.0469  0.9987

PART 40
OFFSET  22.1487 -2.4623 -5.5807
X  0.9977  0.0644  0.0186
Y -0.0635  0.9968 -0.0482
Z -0.0217  0.0469  0.9987

PART 41
OFFSET  2.7995 -2.5278 -3.7660
X  0.6646  0.0782  0.7431
Y -0.0635  0.9968 -0.0482
Z -0.7445 -0.0151  0.6675

PART 42
OFFSET  2.7913 -2.3992 -3.7722
X  0.9977  0.0644  0.0186
Y -0.0635  0.9968 -0.0482
Z -0.0217  0.0469  0.9987

PART 43
OFFSET  14.4684 -2.7581 -1.4798
X  0.9977  0.0644  0.0186
Y -0.0635  0.9968 -0.0482
Z -0.0217  0.0469  0.9987

PART 44
OFFSET  7.8929 -3.3274 -5.0513
X  0.9977  0.0644  0.0186
Y -0.0635  0.9968 -0.0482
Z -0.0217  0.0469  0.9987

PART 45
OFFSET  13.1393 -2.8535 -1.8076
X  0.0557 -0.9507  0.3050
Y  0.9977  0.0644  0.0186
Z -0.0374  0.3033  0.9522

PART 46
OFFSET  33.5859 -1.5980 -2.7638
X  0.0635 -0.9968  0.0482
Y  0.9977  0.0644  0.0186
Z -0.0217  0.0469  0.9987

PART 47
OFFSET -12.9782 -7.9373 -1.9159
X -0.2540 -0.0523  0.9658
Y -0.3183 -0.9384 -0.1346
Z  0.9133 -0.3416  0.2217

PART 48
OFFSET -9.9063 -7.3042 -13.5960
X -0.8651 -0.1676 -0.4728
Y  0.4636  0.0930 -0.8811
Z  0.1917 -0.9815 -0.0028

PART 49
OFFSET -2.5486 -5.8787 -9.5743
X -0.8651 -0.1676 -0.4728
Y  0.4841 -0.0318 -0.8744
Z  0.1315 -0.9853  0.1086

PART 50
OFFSET -1.8710 -4.5764 -8.2340
X -0.8683 -0.1655 -0.4676
Y -0.1959  0.9805  0.0168
Z  0.4557  0.1062 -0.8838

PART 51
OFFSET -1.8727 -5.1796 -7.2050
X -0.8683 -0.1655 -0.4676
Y -0.1959  0.9805  0.0168
Z  0.4557  0.1062 -0.8838

PART 52
OFFSET -1.4141 -6.4645 -7.3779
X -0.8683 -0.1655 -0.4676
Y -0.1959  0.9805  0.0168
Z  0.4557  0.1062 -0.8838

PART 53
OFFSET  0.1034 -5.3649 -8.1247
X -0.9411 -0.0761 -0.3296
Y  0.3317 -0.0159 -0.9433
Z  0.0665 -0.9970  0.0402

PART 54
OFFSET  0.1793 -4.9060 -7.0826
X -0.5000 -0.7147 -0.4891
Y  0.6567  0.0552 -0.7521
Z  0.5645 -0.6972  0.4418

PART 55
OFFSET  1.1613 -3.3304 -5.9767
X -0.9066 -0.4196 -0.0440
Y  0.2651 -0.4853 -0.8332
Z  0.3283 -0.7671  0.5512

PART 56
OFFSET  2.6040 -2.5961 -6.0171
X -0.7857 -0.0733  0.6143
Y -0.4152 -0.6737 -0.6113
Z  0.4587 -0.7353  0.4989

PART 57
OFFSET  3.4397 -2.4717 -6.6939
X -0.9601  0.2794  0.0070
Y  0.2295  0.8025 -0.5508
Z -0.1595 -0.5272 -0.8346

PART 58
OFFSET  1.2414 -5.1160 -8.8639
X -0.9581 -0.0961  0.2700
Y  0.1234 -0.9886  0.0860
Z  0.2586  0.1157  0.9590

PART 59
OFFSET  3.4165 -4.7620 -9.3413
X -0.4071 -0.8872 -0.2172
Y  0.9122 -0.4072 -0.0465
Z -0.0472 -0.2171  0.9750

PART 60
OFFSET  3.9929 -3.5060 -9.0338
X  0.5125 -0.8419 -0.1689
Y  0.8586  0.4990  0.1179
Z -0.0149 -0.2055  0.9786

PART 61
OFFSET  3.5385 -2.7595 -8.8840
X  0.9829  0.1840 -0.0070
Y -0.1803  0.9691  0.1683
Z  0.0378 -0.1641  0.9857

PART 62
OFFSET  2.6048 -2.9344 -8.8774
X -0.6441 -0.7254 -0.2428
Y -0.7638  0.5925  0.2561
Z -0.0419  0.3504 -0.9357

PART 63
OFFSET  1.2372 -5.2280 -8.1589
X -0.9970 -0.0735 -0.0237
Y  0.0712 -0.9936  0.0883
Z -0.0301  0.0863  0.9958

PART 64
OFFSET  3.8309 -5.0720 -8.2433
X -0.2381 -0.9697 -0.0545
Y  0.9708 -0.2392  0.0153
Z -0.0279 -0.0492  0.9984

PART 65
OFFSET  4.2362 -3.4210 -8.1506
X  0.7514 -0.6596 -0.0164
Y  0.6585  0.7480  0.0828
Z -0.0424 -0.0730  0.9964

PART 66
OFFSET  3.1948 -2.5068 -8.1279
X  0.8930  0.4440  0.0732
Y -0.4475  0.8933  0.0407
Z -0.0473 -0.0691  0.9965

PART 67
OFFSET  2.2263 -2.9883 -8.2074
X -0.4784 -0.8775 -0.0343
Y -0.8760  0.4796 -0.0515
Z  0.0616  0.0054 -0.9981

PART 68
OFFSET -4.0580 -6.2024 -8.6772
X -0.9311 -0.3457 -0.1165
Y -0.3241  0.9304 -0.1710
Z  0.1675 -0.1215 -0.9784

PART 69
OFFSET  3.5448 -5.4271 -6.1140
X -0.9171 -0.3786 -0.1246
Y  0.3771 -0.9255  0.0364
Z -0.1291 -0.0136  0.9915

PART 70
OFFSET  5.1596 -4.7605 -5.8946
X -0.2273 -0.9738  0.0042
Y  0.9629 -0.2242  0.1499
Z -0.1451  0.0381  0.9887

PART 71
OFFSET  5.4271 -3.5744 -5.8397
X  0.6637 -0.7449  0.0687
Y  0.7346  0.6663  0.1279
Z -0.1410 -0.0345  0.9894

PART 72
OFFSET  4.6775 -2.7330 -5.9172
X -0.9189 -0.3687  0.1404
Y -0.3885  0.9076 -0.1589
Z -0.0689 -0.2006 -0.9772

PART 73
OFFSET  3.7923 -5.2736 -7.1797
X -0.4049 -0.9138 -0.0305
Y  0.9034 -0.4050  0.1412
Z -0.1414  0.0296  0.9895

PART 74
OFFSET  4.5833 -3.4883 -7.1201
X  0.7113 -0.6927  0.1195
Y  0.6943  0.7189  0.0344
Z -0.1098  0.0585  0.9922

PART 75
OFFSET  3.5445 -2.4766 -7.2947
X  0.9635  0.2609  0.0595
Y -0.2513  0.9585 -0.1343
Z -0.0921  0.1145  0.9891

PART 76
OFFSET  2.4537 -2.7723 -7.3692
X -0.5724 -0.8196 -0.0230
Y -0.8171  0.5726 -0.0670
Z  0.0681 -0.0195 -0.9975

PART 77
OFFSET  0.0000 -0.0000 -0.0000
X  1.0000 -0.0000  0.0000
Y  0.0000  1.0000  0.0000
Z  0.0000 -0.0000  1.0000

PART 78
OFFSET  0.0000 -0.0000 -0.0000
X  1.0000 -0.0000  0.0040
Y -0.0000  1.0000  0.0046
Z -0.0040 -0.0046  1.0000

PART 79
OFFSET  1.5239 -0.0190  4.1418
X  1.0000 -0.0000  0.0040
Y -0.0000  1.0000  0.0046
Z -0.0040 -0.0046  1.0000


FRAME 103
PART 0
OFFSET -4.6318 -0.0000 -1.3770
X  1.0000 -0.0000  0.0000
Y  0.0000  1.0000  0.0000
Z  0.0000 -0.0000  1.0000

PART 1
OFFSET -4.6318 -0.0000 -1.3770
X  1.0000 -0.0000  0.0000
Y  0.0000  1.0000  0.0000
Z  0.0000 -0.0000  1.0000

PART 2
OFFSET -2.0319  5.3325 -5.9168
X  0.8516  0.0554 -0.5212
Y -0.0091 -0.9927 -0.1204
Z -0.5241  0.1073 -0.8449

PART 3
OFFSET  8.2676  6.0027 -12.2203
X  0.6680 -0.5585  0.4918
Y -0.6915 -0.2217  0.6875
Z -0.2749 -0.7994 -0.5343

PART 4
OFFSET  13.9496  1.2528 -8.0375
X  0.6680 -0.5585  0.4918
Y  0.5868  0.8018  0.1134
Z -0.4576  0.2128  0.8633

PART 5
OFFSET  16.1589  2.0805 -7.2641
X  0.6729 -0.5549  0.4891
Y  0.2830  0.8040  0.5229
Z -0.6835 -0.2135  0.6981

PART 6
OFFSET  15.2945  0.3810 -8.7922
X  0.6729 -0.5549  0.4891
Y  0.2830  0.8040  0.5229
Z -0.6835 -0.2135  0.6981

PART 7
OFFSET  14.7983  1.6438 -4.8463
X  0.6729 -0.5549  0.4891
Y  0.2830  0.8040  0.5229
Z -0.6835 -0.2135  0.6981

PART 8
OFFSET  13.8020 -0.4928 -6.1133
X  0.6729 -0.5549  0.4891
Y  0.2830  0.8040  0.5229
Z -0.6835 -0.2135  0.6981

PART 9
OFFSET  14.0841 -0.6294 -7.4333
X  0.6729 -0.5549  0.4891
Y  0.2830  0.8040  0.5229
Z -0.6835 -0.2135  0.6981

PART 10
OFFSET  15.9976 -0.4593 -6.5298
X  0.7614 -0.6475  0.0329
Y  0.6398  0.7586  0.1227
Z -0.1044 -0.0724  0.9919

PART 11
OFFSET  16.9147 -0.0482 -5.9893
X  0.8140  0.1503  0.5610
Y -0.0498  0.9804 -0.1904
Z -0.5787  0.1270  0.8056

PART 12
OFFSET  18.6341  0.3811 -4.7529
X  0.8903 -0.2105  0.4039
Y  0.1627  0.9752  0.1498
Z -0.4254 -0.0676  0.9025

PART 13
OFFSET  20.0140 -0.0245 -4.0088
X  0.8502  0.0440  0.5247
Y -0.0262  0.9988 -0.0414
Z -0.5258  0.0215  0.8503

PART 14
OFFSET  20.9089  0.0411 -3.4032
X  0.9600  0.2245 -0.1674
Y -0.0837 -0.3406 -0.9365
Z -0.2673  0.9130 -0.3082

PART 15
OFFSET  15.9356 -1.8341 -6.4329
X  0.2650 -0.9290  0.2584
Y -0.0077  0.2659  0.9640
Z -0.9642 -0.2575  0.0633

PART 16
OFFSET  16.6706 -3.8513 -5.7434
X  0.3588 -0.1471  0.9217
Y -0.4457  0.8406  0.3077
Z -0.8201 -0.5213  0.2361

PART 17
OFFSET  17.1786 -4.0596 -4.4385
X -0.0122  0.4617  0.8870
Y -0.6132  0.6972 -0.3714
Z -0.7898 -0.5484  0.2746

PART 18
OFFSET  17.1678 -3.6502 -3.6521
X  0.0133  0.4133  0.9105
Y -0.5593  0.7579 -0.3358
Z -0.8288 -0.5048  0.2412

PART 19
OFFSET  17.1805 -3.2576 -2.7870
X  0.4608 -0.7189 -0.5205
Y -0.5355  0.2424 -0.8090
Z  0.7077  0.6515 -0.2733

PART 20
OFFSET  16.5429 -1.4623 -6.4827
X  0.5274 -0.8496 -0.0004
Y -0.1480 -0.0924  0.9847
Z -0.8366 -0.5193 -0.1744

PART 21
OFFSET  17.8282 -3.6958 -6.1392
X  0.2423 -0.2121  0.9467
Y -0.4410  0.8451  0.3022
Z -0.8642 -0.4907  0.1113

PART 22
OFFSET  18.2407 -4.0568 -4.5274
X -0.0780  0.3769  0.9230
Y -0.5150  0.7775 -0.3610
Z -0.8536 -0.5035  0.1334

PART 23
OFFSET  18.1326 -3.5345 -3.2482
X -0.1150  0.4210  0.8997
Y -0.5093  0.7527 -0.4173
Z -0.8529 -0.5062  0.1278

PART 24
OFFSET  18.0079 -3.0779 -2.2725
X  0.3432 -0.7998 -0.4925
Y -0.3142  0.3964 -0.8626
Z  0.8852  0.4508 -0.1152

PART 25
OFFSET  19.3046 -1.2895 -5.7020
X  0.5636 -0.7761  0.2830
Y  0.3461 -0.0893 -0.9340
Z  0.7501  0.6243  0.2182

PART 26
OFFSET  19.4857 -2.3831 -6.6778
X  0.2389 -0.5636  0.7908
Y -0.3414  0.7136  0.6117
Z -0.9090 -0.4162 -0.0219

PART 27
OFFSET  19.9064 -3.3753 -5.2855
X -0.0580 -0.0175  0.9982
Y -0.4609  0.8874 -0.0112
Z -0.8855 -0.4607 -0.0595

PART 28
OFFSET  19.8897 -3.3686 -4.0684
X -0.1960  0.4170  0.8875
Y -0.3972  0.7938 -0.4606
Z -0.8966 -0.4428  0.0101

PART 29
OFFSET  19.6684 -2.8976 -3.0659
X  0.1701 -0.9768  0.1297
Y  0.1863 -0.0974 -0.9777
Z  0.9677  0.1905  0.1654

PART 30
OFFSET  18.6916 -3.1501 -6.6365
X  0.2494 -0.3809  0.8904
Y -0.3826  0.8058  0.4519
Z -0.8896 -0.4534  0.0552

PART 31
OFFSET  19.1788 -3.8941 -4.8971
X -0.1060  0.2905  0.9510
Y -0.4114  0.8579 -0.3079
Z -0.9053 -0.4239  0.0286

PART 32
OFFSET  19.0240 -3.4698 -3.5081
X -0.2179  0.3425  0.9139
Y -0.2628  0.8812 -0.3929
Z -0.9399 -0.3257 -0.1020

PART 33
OFFSET  18.7708 -3.0848 -2.4734
X  0.3950 -0.8047 -0.4433
Y -0.1308  0.4284 -0.8941
Z  0.9093  0.4111  0.0640

PART 34
OFFSET  17.5579 -2.7339 -4.9953
X -0.8685 -0.4793 -0.1264
Y  0.1044  0.0724 -0.9919
Z  0.4845 -0.8747 -0.0128

PART 35
OFFSET  10.2175 -2.8704 -3.6311
X  0.9907  0.1291  0.0429
Y -0.1246  0.9876 -0.0960
Z -0.0548  0.0898  0.9945

PART 36
OFFSET  10.2175 -2.8704 -3.6311
X  0.9907  0.1291  0.0429
Y -0.1246  0.9876 -0.0960
Z -0.0548  0.0898  0.9945

PART 37
OFFSET -116.0915 -19.3897 -9.8310
X  0.0548 -0.0898 -0.9945
Y -0.1246  0.9876 -0.0960
Z  0.9907  0.1291  0.0429

PART 38
OFFSET  9.1722 -2.9648 -3.2458
X  0.9907  0.1291  0.0429
Y -0.1246  0.9876 -0.0960
Z -0.0548  0.0898  0.9945

PART 39
OFFSET  15.5635 -2.4036 -5.7131
X  0.9907  0.1291  0.0429
Y -0.1246  0.9876 -0.0960
Z -0.0548  0.0898  0.9945

PART 40
OFFSET  21.9261 -1.5566 -5.3094
X  0.9907  0.1291  0.0429
Y -0.1246  0.9876 -0.0960
Z -0.0548  0.0898  0.9945

PART 41
OFFSET  2.5734 -2.7841 -4.0238
X  0.6356  0.1537  0.7566
Y -0.1246  0.9876 -0.0960
Z -0.7619 -0.0332  0.6468

PART 42
OFFSET  2.5573 -2.6567 -4.0362
X  0.9907  0.1291  0.0429
Y -0.1246  0.9876 -0.0960
Z -0.0548  0.0898  0.9945

PART 43
OFFSET  14.1592 -2.1625 -1.4109
X  0.9907  0.1291  0.0429
Y -0.1246  0.9876 -0.0960
Z -0.0548  0.0898  0.9945

PART 44
OFFSET  7.7436 -3.3112 -5.1308
X  0.9907  0.1291  0.0429
Y -0.1246  0.9876 -0.0960
Z -0.0548  0.0898  0.9945

PART 45
OFFSET  12.8492 -2.3575 -1.7702
X  0.1062 -0.9307  0.3501
Y  0.9907  0.1291  0.0429
Z -0.0852  0.3423  0.9357

PART 46
OFFSET  33.1958  0.1651 -2.2236
X  0.1246 -0.9876  0.0960
Y  0.9907  0.1291  0.0429
Z -0.0548  0.0898  0.9945

PART 47
OFFSET -12.9782 -7.9373 -1.9159
X -0.2498 -0.0260  0.9680
Y -0.3556 -0.9273 -0.1167
Z  0.9006 -0.3734  0.2223

PART 48
OFFSET -9.9577 -7.6226 -13.6223
X -0.8774 -0.1420 -0.4584
Y  0.4547  0.0588 -0.8887
Z  0.1532 -0.9881  0.0129

PART 49
OFFSET -2.4954 -6.4149 -9.7238
X -0.8774 -0.1420 -0.4584
Y  0.4677 -0.0398 -0.8830
Z  0.1071 -0.9891  0.1013

PART 50
OFFSET -1.7492 -5.1161 -8.4168
X -0.8805 -0.1396 -0.4531
Y -0.1572  0.9876  0.0011
Z  0.4473  0.0722 -0.8915

PART 51
OFFSET -1.7603 -5.6999 -7.3768
X -0.8805 -0.1396 -0.4531
Y -0.1572  0.9876  0.0011
Z  0.4473  0.0722 -0.8915

PART 52
OFFSET -1.3545 -7.0050 -7.5321
X -0.8805 -0.1396 -0.4531
Y -0.1572  0.9876  0.0011
Z  0.4473  0.0722 -0.8915

PART 53
OFFSET  0.1943 -5.9795 -8.3186
X -0.9240 -0.1509 -0.3513
Y  0.3604 -0.0365 -0.9321
Z  0.1279 -0.9879  0.0881

PART 54
OFFSET  0.2096 -5.4709 -7.2972
X -0.4390 -0.7664 -0.4690
Y  0.6744  0.0638 -0.7356
Z  0.5937 -0.6392  0.4889

PART 55
OFFSET  1.0566 -3.7878 -6.2390
X -0.8767 -0.4785 -0.0493
Y  0.3202 -0.5039 -0.8023
Z  0.3590 -0.7191  0.5949

PART 56
OFFSET  2.4508 -2.9648 -6.2739
X -0.7977 -0.0962  0.5953
Y -0.3533 -0.7255 -0.5906
Z  0.4887 -0.6814  0.5448

PART 57
OFFSET  3.2971 -2.8173 -6.9325
X -0.9756  0.2172 -0.0322
Y  0.1951  0.7903 -0.5809
Z -0.1007 -0.5730 -0.8134

PART 58
OFFSET  1.3362 -5.6912 -9.0371
X -0.9578 -0.1454  0.2478
Y  0.1827 -0.9739  0.1350
Z  0.2217  0.1746  0.9594

PART 59
OFFSET  3.4982 -5.2198 -9.4707
X -0.3437 -0.9203 -0.1870
Y  0.9370 -0.3494 -0.0027
Z -0.0629 -0.1761  0.9824

PART 60
OFFSET  3.9849 -3.9169 -9.2060
X  0.5693 -0.8139 -0.1157
Y  0.8215  0.5578  0.1181
Z -0.0316 -0.1623  0.9862

PART 61
OFFSET  3.4801 -3.1952 -9.1035
X  0.9691  0.2463  0.0114
Y -0.2459  0.9621  0.1182
Z  0.0182 -0.1174  0.9929

PART 62
OFFSET  2.5594 -3.4292 -9.1143
X -0.5895 -0.7754 -0.2265
Y -0.8070  0.5530  0.2074
Z -0.0356  0.3050 -0.9517

PART 63
OFFSET  1.3178 -5.7718 -8.3281
X -0.9892 -0.1384 -0.0476
Y  0.1308 -0.9820  0.1361
Z -0.0655  0.1284  0.9896

PART 64
OFFSET  3.8978 -5.4533 -8.3486
X -0.1748 -0.9845 -0.0160
Y  0.9831 -0.1754  0.0529
Z -0.0549 -0.0065  0.9985

PART 65
OFFSET  4.1954 -3.7773 -8.3214
X  0.7916 -0.6101  0.0348
Y  0.6073  0.7917  0.0660
Z -0.0678 -0.0311  0.9972

PART 66
OFFSET  3.0984 -2.9317 -8.3696
X  0.8607  0.5033  0.0770
Y -0.5039  0.8637 -0.0129
Z -0.0730 -0.0277  0.9969

PART 67
OFFSET  2.1649 -3.4775 -8.4531
X -0.4209 -0.9071 -0.0067
Y -0.9025  0.4195 -0.0976
Z  0.0913 -0.0351 -0.9952

PART 68
OFFSET -3.8876 -7.1064 -8.9455
X -0.9035 -0.4096 -0.1258
Y -0.3767  0.8992 -0.2227
Z  0.2044 -0.1538 -0.9667

PART 69
OFFSET  3.5704 -5.7311 -6.2138
X -0.8873 -0.4419 -0.1320
Y  0.4333 -0.8968  0.0895
Z -0.1579  0.0222  0.9872

PART 70
OFFSET  5.1326 -4.9531 -5.9814
X -0.1656 -0.9852  0.0430
Y  0.9702 -0.1550  0.1865
Z -0.1770  0.0726  0.9815

PART 71
OFFSET  5.3232 -3.7509 -5.9741
X  0.7068 -0.6969  0.1212
Y  0.6870  0.7172  0.1170
Z -0.1685  0.0006  0.9857

PART 72
OFFSET  4.5248 -2.9637 -6.1110
X -0.8977 -0.4204  0.1322
Y -0.4399  0.8728 -0.2114
Z -0.0265 -0.2479 -0.9684

PART 73
OFFSET  3.8399 -5.6095 -7.2783
X -0.3455 -0.9384  0.0008
Y  0.9224 -0.3394  0.1844
Z -0.1728  0.0644  0.9828

PART 74
OFFSET  4.5148 -3.7763 -7.2798
X  0.7495 -0.6396  0.1709
Y  0.6463  0.7628  0.0201
Z -0.1432  0.0954  0.9851

PART 75
OFFSET  3.4201 -2.8421 -7.5294
X  0.9429  0.3247  0.0737
Y -0.3069  0.9335 -0.1854
Z -0.1290  0.1522  0.9799

PART 76
OFFSET  2.3528 -3.2103 -7.6199
X -0.5188 -0.8549 -0.0007
Y -0.8491  0.5153 -0.1157
Z  0.0993 -0.0594 -0.9933

PART 77
OFFSET  0.0000 -0.0000 -0.0000
X  1.0000 -0.0000  0.0000
Y  0.0000  1.0000  0.0000
Z  0.0000 -0.0000  1.0000

PART 78
OFFSET  0.0000 -0.0000 -0.0000
X  1.0000 -0.0000  0.0083
Y -0.0001  1.0000  0.0095
