// Export filename: `C:\projects\cod\t5\xanim_export\t5_viewmodels\spas12\spas12_first_raise.XANIM_EXPORT`
// Source filename: `D:\projects\devanim\t5\animation_assets\viewmodels/spas12/ViewModel_Spas12_animated.fbx`
// Export time: Sat Sep 11 16:00:47 2010

ANIMATION
VERSION 3

NUMPARTS 78
PART 0 "tag_ads"
PART 1 "tag_torso"
PART 2 "J_Shoulder_LE"
PART 3 "J_Elbow_LE"
PART 4 "J_WristTwist_LE"
PART 5 "J_Sleave_Reshape_Bottom_LE_1"
PART 6 "J_Sleave_Reshape_Bottom_LE_2"
PART 7 "J_Sleave_Reshape_Top_LE_1"
PART 8 "J_Sleave_Reshape_Top_LE_2"
PART 9 "J_Sleave_Reshape_Top_LE_3"
PART 10 "J_Wrist_LE"
PART 11 "J_Thumb_LE_0"
PART 12 "J_Thumb_LE_1"
PART 13 "J_Thumb_LE_2"
PART 14 "J_Thumb_LE_3"
PART 15 "J_PinkyPalm_LE"
PART 16 "J_Pinky_LE_0"
PART 17 "J_Pinky_LE_1"
PART 18 "J_Pinky_LE_2"
PART 19 "J_Pinky_LE_3"
PART 20 "J_RingPalm_LE"
PART 21 "J_Ring_LE_0"
PART 22 "J_Ring_LE_1"
PART 23 "J_Ring_LE_2"
PART 24 "J_Ring_LE_3"
PART 25 "J_Webbing_LE"
PART 26 "J_Index_LE_0"
PART 27 "J_Index_LE_1"
PART 28 "J_Index_LE_2"
PART 29 "J_Index_LE_3"
PART 30 "J_Mid_LE_0"
PART 31 "J_Mid_LE_1"
PART 32 "J_Mid_LE_2"
PART 33 "J_Mid_LE_3"
PART 34 "tag_knife_attach"
PART 35 "tag_weapon"
PART 36 "J_Gun"
PART 37 "TAG_CLIP"
PART 38 "J_Bolt"
PART 39 "J_pump"
PART 40 "J_ring"
PART 41 "J_stock"
PART 42 "J_stocktop"
PART 43 "J_Load"
PART 44 "tag_iron_sights"
PART 45 "J_Shoulder_RI"
PART 46 "J_Elbow_RI"
PART 47 "J_WristTwist_RI"
PART 48 "J_Sleave_Reshape_Top_RI_3"
PART 49 "J_Sleave_Reshape_Top_RI_2"
PART 50 "J_Sleave_Reshape_Top_RI_1"
PART 51 "J_Wrist_RI"
PART 52 "J_Thumb_RI_0"
PART 53 "J_Thumb_RI_1"
PART 54 "J_Thumb_RI_2"
PART 55 "J_Thumb_RI_3"
PART 56 "J_PinkyPalm_RI"
PART 57 "J_Pinky_RI_0"
PART 58 "J_Pinky_RI_1"
PART 59 "J_Pinky_RI_2"
PART 60 "J_Pinky_RI_3"
PART 61 "J_RingPalm_RI"
PART 62 "J_Ring_RI_0"
PART 63 "J_Ring_RI_1"
PART 64 "J_Ring_RI_2"
PART 65 "J_Ring_RI_3"
PART 66 "J_Webbing_RI"
PART 67 "J_Index_RI_0"
PART 68 "J_Index_RI_1"
PART 69 "J_Index_RI_2"
PART 70 "J_Index_RI_3"
PART 71 "J_Mid_RI_0"
PART 72 "J_Mid_RI_1"
PART 73 "J_Mid_RI_2"
PART 74 "J_Mid_RI_3"
PART 75 "tag_cambone"
PART 76 "tag_camera"
PART 77 "tag_gasmask"

FRAMERATE 30
NUMFRAMES 46

FRAME 500
PART 0
OFFSET  0.0000 -0.0000 -0.0000
X  1.0000 -0.0000  0.0000
Y  0.0000  1.0000  0.0000
Z  0.0000 -0.0000  1.0000

PART 1
OFFSET -4.6318 -0.0000 -1.3770
X  1.0000 -0.0000  0.0000
Y  0.0000  1.0000  0.0000
Z  0.0000 -0.0000  1.0000

PART 2
OFFSET -2.8345  5.1236 -5.0992
X  0.7024  0.0595 -0.7093
Y  0.0544 -0.9981 -0.0298
Z -0.7097 -0.0177 -0.7043

PART 3
OFFSET  5.6606  5.8431 -13.6770
X  0.9423 -0.2369 -0.2367
Y  0.1142 -0.4370  0.8922
Z -0.3148 -0.8677 -0.3847

PART 4
OFFSET  13.6748  3.8279 -15.6901
X  0.9423 -0.2369 -0.2367
Y  0.2280  0.9715 -0.0650
Z  0.2453  0.0073  0.9694

PART 5
OFFSET  14.7379  5.2553 -16.3111
X  0.9424 -0.2319 -0.2410
Y  0.3105  0.8746  0.3725
Z  0.1243 -0.4258  0.8962

PART 6
OFFSET  14.2571  3.5025 -17.3313
X  0.9424 -0.2319 -0.2410
Y  0.3105  0.8746  0.3725
Z  0.1243 -0.4258  0.8962

PART 7
OFFSET  15.4879  3.9255 -14.2122
X  0.9424 -0.2319 -0.2410
Y  0.3105  0.8746  0.3725
Z  0.1243 -0.4258  0.8962

PART 8
OFFSET  15.4164  2.1864 -14.8126
X  0.9424 -0.2319 -0.2410
Y  0.3105  0.8746  0.3725
Z  0.1243 -0.4258  0.8962

PART 9
OFFSET  14.7540  2.1706 -15.8110
X  0.9424 -0.2319 -0.2410
Y  0.3105  0.8746  0.3725
Z  0.1243 -0.4258  0.8962

PART 10
OFFSET  16.5635  3.1015 -16.4158
X  0.8167  0.2043 -0.5397
Y -0.1270  0.9759  0.1772
Z  0.5629 -0.0762  0.8230

PART 11
OFFSET  17.0394  4.1039 -16.1496
X  0.8162  0.5748 -0.0595
Y -0.5602  0.8123  0.1622
Z  0.1415 -0.0991  0.9850

PART 12
OFFSET  18.7526  5.4198 -16.2069
X  0.8752  0.2481 -0.4152
Y -0.1199  0.9429  0.3107
Z  0.4686 -0.2221  0.8550

PART 13
OFFSET  20.2252  5.7392 -16.8000
X  0.7522  0.6109 -0.2470
Y -0.5400  0.7863  0.3002
Z  0.3775 -0.0924  0.9214

PART 14
OFFSET  21.0467  6.4090 -17.0197
X  0.2015  0.6724 -0.7123
Y -0.5596 -0.5179 -0.6471
Z -0.8039  0.5289  0.2719

PART 15
OFFSET  17.5044  2.2139 -16.8958
X  0.9161 -0.3994 -0.0355
Y  0.0772  0.0889  0.9930
Z -0.3935 -0.9125  0.1122

PART 16
OFFSET  19.6294  1.4604 -16.8701
X  0.3274  0.0642  0.9427
Y -0.9007  0.3228  0.2909
Z -0.2856 -0.9443  0.1635

PART 17
OFFSET  20.0930  1.5512 -15.5354
X -0.4760  0.3013  0.8262
Y -0.8442  0.1068 -0.5253
Z -0.2465 -0.9475  0.2035

PART 18
OFFSET  19.6710  1.8184 -14.8029
X -0.3226  0.2576  0.9108
Y -0.8984  0.2195 -0.3803
Z -0.2979 -0.9410  0.1606

PART 19
OFFSET  19.3645  2.0631 -13.9376
X  0.8538 -0.1988 -0.4811
Y -0.5083 -0.1190 -0.8529
Z  0.1123  0.9728 -0.2026

PART 20
OFFSET  17.5210  2.9181 -17.0117
X  0.8196 -0.1058 -0.5631
Y  0.5511 -0.1231  0.8253
Z -0.1566 -0.9867 -0.0426

PART 21
OFFSET  19.9155  2.4256 -17.8959
X  0.8009 -0.1596  0.5771
Y -0.5351  0.2417  0.8095
Z -0.2687 -0.9571  0.1082

PART 22
OFFSET  21.2791  2.1539 -16.9134
X -0.4006  0.2091  0.8921
Y -0.8839  0.1684 -0.4364
Z -0.2415 -0.9633  0.1173

PART 23
OFFSET  20.7239  2.4437 -15.6771
X -0.3267  0.1881  0.9262
Y -0.9142  0.1859 -0.3602
Z -0.2399 -0.9644  0.1113

PART 24
OFFSET  20.3695  2.6477 -14.6726
X  0.7781 -0.3078 -0.5476
Y -0.5505  0.0857 -0.8304
Z  0.3025  0.9476 -0.1027

PART 25
OFFSET  19.1812  5.2399 -17.3570
X  0.9495 -0.0177 -0.3132
Y -0.3058  0.1703 -0.9367
Z  0.0700  0.9852  0.1563

PART 26
OFFSET  19.4408  4.6618 -18.6909
X  0.9841 -0.1135 -0.1364
Y  0.0740 -0.4363  0.8968
Z -0.1612 -0.8926 -0.4209

PART 27
OFFSET  21.1735  4.4620 -18.9310
X  0.9757 -0.1835 -0.1200
Y  0.0182 -0.4777  0.8783
Z -0.2185 -0.8592 -0.4627

PART 28
OFFSET  22.3729  4.2912 -19.0489
X  0.9298 -0.2462  0.2737
Y -0.3543 -0.3965  0.8469
Z -0.1000 -0.8844 -0.4558

PART 29
OFFSET  23.4231  4.0131 -18.7397
X -0.0109  0.1893 -0.9819
Y -0.9710  0.2323  0.0556
Z  0.2386  0.9540  0.1813

PART 30
OFFSET  19.5925  3.5676 -18.6780
X  0.9873 -0.0962  0.1265
Y -0.1133  0.1324  0.9847
Z -0.1115 -0.9865  0.1199

PART 31
OFFSET  21.5212  3.3797 -18.4308
X  0.5643  0.0233  0.8253
Y -0.8103  0.2069  0.5482
Z -0.1580 -0.9781  0.1356

PART 32
OFFSET  22.3454  3.4137 -17.2254
X -0.0585  0.1536  0.9864
Y -0.9760  0.1986 -0.0888
Z -0.2096 -0.9680  0.1383

PART 33
OFFSET  22.2783  3.5807 -16.1072
X  0.6817 -0.1828 -0.7084
Y -0.7229 -0.0192 -0.6907
Z  0.1126  0.9830 -0.1452

PART 34
OFFSET  19.7040  3.0133 -16.7203
X -0.1713 -0.9849  0.0260
Y -0.5629  0.0762 -0.8230
Z  0.8086 -0.1556 -0.5674

PART 35
OFFSET  13.9999 -0.0342 -10.8966
X  0.7208  0.4817 -0.4985
Y -0.6446  0.7303 -0.2264
Z  0.2550  0.4844  0.8368

PART 36
OFFSET  13.9999 -0.0342 -10.8966
X  0.7208  0.4817 -0.4985
Y -0.6446  0.7303 -0.2264
Z  0.2550  0.4844  0.8368

PART 37
OFFSET -163.8455 -165.6737 -38.9514
X -0.2550 -0.4844 -0.8368
Y -0.6446  0.7303 -0.2264
Z  0.7208  0.4817 -0.4985

PART 38
OFFSET  14.1193  0.1812 -10.5416
X  0.7208  0.4817 -0.4985
Y -0.6446  0.7303 -0.2264
Z  0.2550  0.4844  0.8368

PART 39
OFFSET  17.2077  1.3745 -15.4637
X  0.7208  0.4817 -0.4985
Y -0.6446  0.7303 -0.2264
Z  0.2550  0.4844  0.8368

PART 40
OFFSET  7.8534 -2.8819 -7.3321
X  0.6781  0.6828  0.2721
Y -0.6446  0.7303 -0.2264
Z -0.3532 -0.0219  0.9353

PART 41
OFFSET  7.7703 -2.7877 -7.3613
X  0.7208  0.4817 -0.4985
Y -0.6446  0.7303 -0.2264
Z  0.2550  0.4844  0.8368

PART 42
OFFSET  17.4765  2.9287 -11.2150
X  0.7208  0.4817 -0.4985
Y -0.6446  0.7303 -0.2264
Z  0.2550  0.4844  0.8368

PART 43
OFFSET  11.7792 -1.9368 -10.7860
X  0.7208  0.4817 -0.4985
Y -0.6446  0.7303 -0.2264
Z  0.2550  0.4844  0.8368

PART 44
OFFSET  16.4313  2.1409 -10.8026
X  0.6886 -0.5800  0.4352
Y  0.7208  0.4817 -0.4985
Z  0.0795  0.6570  0.7497

PART 45
OFFSET -12.9782 -7.9373 -1.9159
X -0.6440  0.0693  0.7619
Y -0.3673 -0.9016 -0.2284
Z  0.6711 -0.4269  0.6061

PART 46
OFFSET -5.1902 -8.7753 -11.1303
X -0.9820 -0.0466 -0.1832
Y  0.1872 -0.1056 -0.9766
Z  0.0261 -0.9933  0.1124

PART 47
OFFSET  3.1620 -8.3793 -9.5723
X -0.9820 -0.0466 -0.1832
Y  0.1867 -0.0883 -0.9784
Z  0.0294 -0.9950  0.0954

PART 48
OFFSET  4.4058 -7.0972 -8.7153
X -0.9831 -0.0432 -0.1777
Y -0.0260  0.9949 -0.0979
Z  0.1810 -0.0916 -0.9792

PART 49
OFFSET  4.6192 -7.5804 -7.6398
X -0.9831 -0.0432 -0.1777
Y -0.0260  0.9949 -0.0979
Z  0.1810 -0.0916 -0.9792

PART 50
OFFSET  4.7920 -8.9142 -7.6832
X -0.9831 -0.0432 -0.1777
Y -0.0260  0.9949 -0.0979
Z  0.1810 -0.0916 -0.9792

PART 51
OFFSET  6.1724 -8.2365 -9.0108
X -0.7642 -0.6090  0.2122
Y -0.0227 -0.3035 -0.9526
Z  0.6445 -0.7328  0.2181

PART 52
OFFSET  6.2734 -7.3688 -8.2766
X -0.1061 -0.9944 -0.0028
Y  0.2383 -0.0227 -0.9709
Z  0.9654 -0.1037  0.2393

PART 53
OFFSET  6.4248 -5.2151 -8.1869
X -0.4522 -0.7323  0.5092
Y  0.2342 -0.6483 -0.7244
Z  0.8606 -0.2083  0.4647

PART 54
OFFSET  7.0724 -4.0482 -9.1042
X -0.3662 -0.1091  0.9241
Y -0.1026 -0.9823 -0.1566
Z  0.9248 -0.1522  0.3486

PART 55
OFFSET  7.4279 -3.9066 -10.1168
X -0.8856 -0.1852  0.4260
Y -0.4603  0.4725 -0.7515
Z -0.0621 -0.8616 -0.5037

PART 56
OFFSET  6.6646 -7.8981 -10.2544
X -0.5860 -0.3576  0.7272
Y  0.6963 -0.6812  0.2262
Z  0.4145  0.6388  0.6481

PART 57
OFFSET  7.9562 -6.9181 -11.8216
X  0.1460 -0.9654  0.2160
Y  0.9122  0.0469 -0.4071
Z  0.3829  0.2565  0.8875

PART 58
OFFSET  7.7495 -5.5513 -12.1274
X  0.8279 -0.5183 -0.2143
Y  0.3916  0.8078 -0.4406
Z  0.4015  0.2808  0.8718

PART 59
OFFSET  7.0154 -5.0918 -11.9373
X  0.6320  0.5571 -0.5386
Y -0.6518  0.7582  0.0195
Z  0.4192  0.3387  0.8423

PART 60
OFFSET  6.4149 -5.6211 -11.4256
X -0.1349 -0.9511  0.2779
Y -0.8458  0.2567  0.4677
Z -0.5162 -0.1720 -0.8390

PART 61
OFFSET  6.9377 -7.6648 -9.6376
X -0.7164 -0.4908  0.4958
Y  0.6604 -0.7061  0.2553
Z  0.2248  0.5104  0.8300

PART 62
OFFSET  8.7783 -6.4824 -11.0421
X  0.3705 -0.8838  0.2856
Y  0.8768  0.2314 -0.4214
Z  0.3064  0.4066  0.8607

PART 63
OFFSET  8.1476 -4.9776 -11.5283
X  0.9474 -0.2047 -0.2461
Y  0.0847  0.9016 -0.4241
Z  0.3087  0.3810  0.8715

PART 64
OFFSET  6.8346 -4.6939 -11.1872
X  0.4364  0.7590 -0.4832
Y -0.8473  0.5273  0.0632
Z  0.3028  0.3819  0.8732

PART 65
OFFSET  6.3613 -5.5171 -10.6631
X  0.1414 -0.9043  0.4028
Y -0.9565 -0.0199  0.2911
Z -0.2552 -0.4264 -0.8678

PART 66
OFFSET  3.3563 -10.9074 -7.2051
X -0.5355 -0.7181  0.4446
Y -0.8392  0.5118 -0.1841
Z -0.0953 -0.4716 -0.8766

PART 67
OFFSET  9.4069 -5.9069 -9.0382
X -0.5323 -0.7253  0.4365
Y  0.8208 -0.5684  0.0565
Z  0.2072  0.3884  0.8979

PART 68
OFFSET  10.3442 -4.6299 -9.8067
X  0.0738 -0.9067  0.4153
Y  0.9835 -0.0027 -0.1807
Z  0.1650  0.4218  0.8916

PART 69
OFFSET  10.2645 -3.5020 -10.2575
X  0.6375 -0.7532  0.1622
Y  0.7468  0.5522 -0.3706
Z  0.1896  0.3574  0.9145

PART 70
OFFSET  9.5444 -2.6513 -10.4406
X -0.8283 -0.1528  0.5390
Y -0.4043  0.8290 -0.3864
Z -0.3878 -0.5380 -0.7485

PART 71
OFFSET  9.1852 -6.1697 -10.0881
X  0.2191 -0.8999  0.3770
Y  0.9604  0.1308 -0.2460
Z  0.1721  0.4160  0.8929

PART 72
OFFSET  8.7571 -4.4117 -10.8247
X  0.9770 -0.1854 -0.1050
Y  0.1143  0.8719 -0.4762
Z  0.1798  0.4533  0.8731

PART 73
OFFSET  7.3300 -4.1409 -10.6713
X  0.5924  0.6395 -0.4900
Y -0.7897  0.5814 -0.1960
Z  0.1595  0.5031  0.8494

PART 74
OFFSET  6.6574 -4.8683 -10.1225
X  0.0399 -0.8938  0.4467
Y -0.9710  0.0707  0.2283
Z -0.2356 -0.4428 -0.8651

PART 75
OFFSET  0.0000 -0.0000 -0.0000
X  1.0000 -0.0000  0.0000
Y  0.0000  1.0000  0.0000
Z  0.0000 -0.0000  1.0000

PART 76
OFFSET  0.0000 -0.0000 -0.0000
X  1.0000 -0.0000  0.0000
Y  0.0000  1.0000  0.0000
Z  0.0000 -0.0000  1.0000

PART 77
OFFSET  1.5404 -0.0000  4.1357
X  1.0000 -0.0000  0.0000
Y  0.0000  1.0000  0.0000
Z  0.0000 -0.0000  1.0000


FRAME 501
PART 0
OFFSET  0.0000 -0.0000 -0.0000
X  1.0000 -0.0000  0.0000
Y  0.0000  1.0000  0.0000
Z  0.0000 -0.0000  1.0000

PART 1
OFFSET -4.6318 -0.0000 -1.3770
X  1.0000 -0.0000  0.0000
Y  0.0000  1.0000  0.0000
Z  0.0000 -0.0000  1.0000

PART 2
OFFSET -2.8351  5.1210 -5.0996
X  0.6780  0.0821 -0.7304
Y  0.0744 -0.9963 -0.0429
Z -0.7312 -0.0252 -0.6816

PART 3
OFFSET  5.3651  6.1136 -13.9332
X  0.9494 -0.2570 -0.1808
Y  0.0585 -0.4207  0.9053
Z -0.3087 -0.8700 -0.3844

PART 4
OFFSET  13.4399  3.9280 -15.4707
X  0.9494 -0.2570 -0.1808
Y  0.2483  0.9662 -0.0695
Z  0.1925  0.0211  0.9811

PART 5
OFFSET  14.5594  5.3252 -16.0606
X  0.9498 -0.2521 -0.1851
Y  0.3051  0.8767  0.3719
Z  0.0686 -0.4097  0.9096

PART 6
OFFSET  14.1038  3.5603 -17.0715
X  0.9498 -0.2521 -0.1851
Y  0.3051  0.8767  0.3719
Z  0.0686 -0.4097  0.9096

PART 7
OFFSET  15.1722  4.0258 -13.8991
X  0.9498 -0.2521 -0.1851
Y  0.3051  0.8767  0.3719
Z  0.0686 -0.4097  0.9096

PART 8
OFFSET  15.1030  2.2764 -14.4689
X  0.9498 -0.2521 -0.1851
Y  0.3051  0.8767  0.3719
Z  0.0686 -0.4097  0.9096

PART 9
OFFSET  14.4951  2.2513 -15.5012
X  0.9498 -0.2521 -0.1851
Y  0.3051  0.8767  0.3719
Z  0.0686 -0.4097  0.9096

PART 10
OFFSET  16.3503  3.1402 -16.0249
X  0.8206  0.2156 -0.5293
Y -0.1332  0.9727  0.1898
Z  0.5558 -0.0853  0.8269

PART 11
OFFSET  16.8192  4.1409 -15.7403
X  0.8140  0.5792 -0.0439
Y -0.5654  0.8074  0.1686
Z  0.1331 -0.1124  0.9847

PART 12
OFFSET  18.5266  5.4652 -15.7634
X  0.8778  0.2580 -0.4037
Y -0.1271  0.9379  0.3229
Z  0.4619 -0.2321  0.8560

PART 13
OFFSET  20.0030  5.7997 -16.3384
X  0.7516  0.6177 -0.2314
Y -0.5464  0.7795  0.3064
Z  0.3696 -0.1038  0.9234

PART 14
OFFSET  20.8234  6.4762 -16.5412
X  0.2048  0.6833 -0.7008
Y -0.5513 -0.5111 -0.6594
Z -0.8088  0.5214  0.2720

PART 15
OFFSET  17.2996  2.2639 -16.5089
X  0.9182 -0.3947 -0.0328
Y  0.0678  0.0751  0.9949
Z -0.3902 -0.9157  0.0957

PART 16
OFFSET  19.4279  1.5196 -16.4746
X  0.3186  0.0523  0.9464
Y -0.9048  0.3145  0.2872
Z -0.2827 -0.9478  0.1475

PART 17
OFFSET  19.8790  1.5936 -15.1346
X -0.4848  0.2874  0.8261
Y -0.8399  0.1104 -0.5314
Z -0.2439 -0.9514  0.1878

PART 18
OFFSET  19.4491  1.8484 -14.4022
X -0.3320  0.2432  0.9114
Y -0.8960  0.2208 -0.3853
Z -0.2949 -0.9445  0.1446

PART 19
OFFSET  19.1337  2.0795 -13.5364
X  0.8591 -0.1880 -0.4761
Y -0.5000 -0.1091 -0.8591
Z  0.1096  0.9761 -0.1878

PART 20
OFFSET  17.3140  2.9697 -16.6147
X  0.8251 -0.0941 -0.5570
Y  0.5442 -0.1323  0.8285
Z -0.1516 -0.9867 -0.0580

PART 21
OFFSET  19.7187  2.5006 -17.4840
X  0.7964 -0.1641  0.5820
Y -0.5435  0.2277  0.8079
Z -0.2652 -0.9598  0.0922

PART 22
OFFSET  21.0746  2.2212 -16.4931
X -0.4096  0.1946  0.8913
Y -0.8807  0.1706 -0.4420
Z -0.2380 -0.9659  0.1015

PART 23
OFFSET  20.5069  2.4908 -15.2579
X -0.3360  0.1735  0.9258
Y -0.9117  0.1868 -0.3659
Z -0.2364 -0.9670  0.0954

PART 24
OFFSET  20.1425  2.6790 -14.2538
X  0.7844 -0.2964 -0.5448
Y -0.5434  0.0950 -0.8341
Z  0.2990  0.9503 -0.0865

PART 25
OFFSET  18.9664  5.3037 -16.9120
X  0.9524 -0.0090 -0.3048
Y -0.2981  0.1822 -0.9370
Z  0.0639  0.9832  0.1708

PART 26
OFFSET  19.2407  4.7457 -18.2515
X  0.9858 -0.1070 -0.1290
Y  0.0679 -0.4486  0.8911
Z -0.1533 -0.8873 -0.4350

PART 27
OFFSET  20.9765  4.5573 -18.4787
X  0.9776 -0.1773 -0.1138
Y  0.0125 -0.4900  0.8716
Z -0.2103 -0.8535 -0.4768

PART 28
OFFSET  22.1777  4.3935 -18.5880
X  0.9284 -0.2458  0.2786
Y -0.3601 -0.4101  0.8380
Z -0.0917 -0.8783 -0.4692

PART 29
OFFSET  23.2263  4.1159 -18.2733
X -0.0030  0.2032 -0.9791
Y -0.9726  0.2271  0.0501
Z  0.2325  0.9524  0.1969

PART 30
OFFSET  19.3974  3.6521 -18.2527
X  0.9865 -0.0935  0.1341
Y -0.1228  0.1179  0.9854
Z -0.1079 -0.9886  0.1049

PART 31
OFFSET  21.3247  3.4695 -17.9907
X  0.5567  0.0141  0.8306
Y -0.8162  0.1954  0.5437
Z -0.1547 -0.9806  0.1203

PART 32
OFFSET  22.1378  3.4902 -16.7775
X -0.0681  0.1393  0.9879
Y -0.9761  0.1954 -0.0949
Z -0.2063 -0.9708  0.1227

PART 33
OFFSET  22.0598  3.6409 -15.6577
X  0.6889 -0.1696 -0.7047
Y -0.7166 -0.0127 -0.6974
Z  0.1094  0.9854 -0.1302

PART 34
OFFSET  19.4938  3.0706 -16.3021
X -0.1669 -0.9859  0.0105
Y -0.5558  0.0853 -0.8269
Z  0.8144 -0.1439 -0.5622

PART 35
OFFSET  13.7517 -0.0851 -10.5743
X  0.7230  0.4920 -0.4850
Y -0.6459  0.7305 -0.2218
Z  0.2452  0.4737  0.8459

PART 36
OFFSET  13.7517 -0.0851 -10.5743
X  0.7230  0.4920 -0.4850
Y -0.6459  0.7305 -0.2218
Z  0.2452  0.4737  0.8459

PART 37
OFFSET -163.1183 -166.1513 -42.5418
X -0.2452 -0.4737 -0.8459
Y -0.6459  0.7305 -0.2218
Z  0.7230  0.4920 -0.4850

PART 38
OFFSET  13.8669  0.1258 -10.2152
X  0.7230  0.4920 -0.4850
Y -0.6459  0.7305 -0.2218
Z  0.2452  0.4737  0.8459

PART 39
OFFSET  16.9939  1.4028 -15.0916
X  0.7230  0.4920 -0.4850
Y -0.6459  0.7305 -0.2218
Z  0.2452  0.4737  0.8459

PART 40
OFFSET  7.5866 -3.0110 -7.1065
X  0.6724  0.6819  0.2879
Y -0.6459  0.7305 -0.2218
Z -0.3616 -0.0368  0.9316

PART 41
OFFSET  7.5033 -2.9168 -7.1351
X  0.7230  0.4920 -0.4850
Y -0.6459  0.7305 -0.2218
Z  0.2452  0.4737  0.8459

PART 42
OFFSET  17.2172  2.8977 -10.8190
X  0.7230  0.4920 -0.4850
Y -0.6459  0.7305 -0.2218
Z  0.2452  0.4737  0.8459

PART 43
OFFSET  11.5389 -1.9992 -10.5108
X  0.7230  0.4920 -0.4850
Y -0.6459  0.7305 -0.2218
Z  0.2452  0.4737  0.8459

PART 44
OFFSET  16.1719  2.0994 -10.4274
X  0.6873 -0.5830  0.4332
Y  0.7230  0.4920 -0.4850
Z  0.0697  0.6466  0.7597

PART 45
OFFSET -12.9110 -7.9373 -1.9291
X -0.6251  0.0810  0.7763
Y -0.3775 -0.9019 -0.2099
Z  0.6831 -0.4243  0.5944

PART 46
OFFSET -5.3506 -8.9167 -11.3176
X -0.9763 -0.0491 -0.2110
Y  0.2154 -0.1145 -0.9698
Z  0.0234 -0.9922  0.1224

PART 47
OFFSET  2.9528 -8.4993 -9.5229
X -0.9763 -0.0491 -0.2110
Y  0.2137 -0.0579 -0.9752
Z  0.0356 -0.9971  0.0670

PART 48
OFFSET  4.1707 -7.2082 -8.6423
X -0.9776 -0.0457 -0.2055
Y -0.0237  0.9939 -0.1078
Z  0.2092 -0.1005 -0.9727

PART 49
OFFSET  4.3532 -7.6813 -7.5566
X -0.9776 -0.0457 -0.2055
Y -0.0237  0.9939 -0.1078
Z  0.2092 -0.1005 -0.9727

PART 50
OFFSET  4.5279 -9.0153 -7.5827
X -0.9776 -0.0457 -0.2055
Y -0.0237  0.9939 -0.1078
Z  0.2092 -0.1005 -0.9727

PART 51
OFFSET  5.9457 -8.3489 -8.8760
X -0.7633 -0.6154  0.1966
Y -0.0127 -0.2900 -0.9569
Z  0.6460 -0.7329  0.2136

PART 52
OFFSET  6.0360 -7.4912 -8.1287
X -0.1014 -0.9947 -0.0178
Y  0.2471 -0.0078 -0.9690
Z  0.9637 -0.1027  0.2466

PART 53
OFFSET  6.1766 -5.3383 -8.0072
X -0.4533 -0.7415  0.4946
Y  0.2438 -0.6369 -0.7314
Z  0.8574 -0.2110  0.4695

PART 54
OFFSET  6.8269 -4.1556 -8.9019
X -0.3741 -0.1239  0.9191
Y -0.0966 -0.9804 -0.1714
Z  0.9224 -0.1529  0.3548

PART 55
OFFSET  7.1909 -3.9979 -9.9091
X -0.8885 -0.1953  0.4152
Y -0.4557  0.4811 -0.7489
Z -0.0535 -0.8547 -0.5164

PART 56
OFFSET  6.4475 -7.9905 -10.1102
X -0.5909 -0.3705  0.7167
Y  0.6974 -0.6812  0.2228
Z  0.4056  0.6314  0.6609

PART 57
OFFSET  7.7486 -6.9826 -11.6515
X  0.1486 -0.9677  0.2036
Y  0.9156  0.0568 -0.3981
Z  0.3737  0.2456  0.8945

PART 58
OFFSET  7.5383 -5.6125 -11.9398
X  0.8322 -0.5114 -0.2141
Y  0.3918  0.8157 -0.4255
Z  0.3923  0.2702  0.8793

PART 59
OFFSET  6.8004 -5.1590 -11.7500
X  0.6343  0.5676 -0.5249
Y -0.6554  0.7549  0.0243
Z  0.4100  0.3286  0.8508

PART 60
OFFSET  6.1978 -5.6983 -11.2513
X -0.1330 -0.9555  0.2632
Y -0.8511  0.2461  0.4636
Z -0.5078 -0.1624 -0.8460

PART 61
OFFSET  6.7140 -7.7648 -9.4877
X -0.7186 -0.5010  0.4823
Y  0.6614 -0.7067  0.2513
Z  0.2149  0.4996  0.8392

PART 62
OFFSET  8.5617 -6.5542 -10.8585
X  0.3720 -0.8861  0.2764
Y  0.8795  0.2413 -0.4101
Z  0.2967  0.3957  0.8691

PART 63
OFFSET  7.9283 -5.0456 -11.3291
X  0.9505 -0.1969 -0.2404
Y  0.0843  0.9079 -0.4105
Z  0.2991  0.3699  0.8796

PART 64
OFFSET  6.6110 -4.7727 -10.9960
X  0.4372  0.7678 -0.4684
Y -0.8503  0.5226  0.0629
Z  0.2931  0.3708  0.8813

PART 65
OFFSET  6.1368 -5.6053 -10.4879
X  0.1419 -0.9093  0.3912
Y -0.9590 -0.0283  0.2821
Z -0.2454 -0.4152 -0.8760

PART 66
OFFSET  3.1259 -11.0578 -7.1340
X -0.5361 -0.7268  0.4295
Y -0.8398  0.5105 -0.1845
Z -0.0852 -0.4596 -0.8840

PART 67
OFFSET  9.1694 -6.0044 -8.8410
X -0.5317 -0.7347  0.4214
Y  0.8237 -0.5644  0.0553
Z  0.1972  0.3765  0.9052

PART 68
OFFSET  10.1055 -4.7109 -9.5830
X  0.0913 -0.9120  0.4000
Y  0.9837  0.0201 -0.1787
Z  0.1549  0.4098  0.8989

PART 69
OFFSET  10.0039 -3.5774 -10.0147
X  0.6638 -0.7338  0.1450
Y  0.7258  0.5850 -0.3620
Z  0.1808  0.3455  0.9209

PART 70
OFFSET  9.2542 -2.7486 -10.1784
X -0.8204 -0.1921  0.5386
Y -0.4343  0.8220 -0.3684
Z -0.3720 -0.5361 -0.7578

PART 71
OFFSET  8.9584 -6.2533 -9.8965
X  0.2199 -0.9042  0.3662
Y  0.9620  0.1386 -0.2354
Z  0.1620  0.4041  0.9003

PART 72
OFFSET  8.5288 -4.4869 -10.6120
X  0.9788 -0.1794 -0.0987
Y  0.1145  0.8791 -0.4627
Z  0.1698  0.4416  0.8810

PART 73
OFFSET  7.0991 -4.2248 -10.4678
X  0.5938  0.6491 -0.4755
Y -0.7906  0.5805 -0.1949
Z  0.1495  0.4917  0.8578

PART 74
OFFSET  6.4250 -4.9630 -9.9354
X  0.0401 -0.8999  0.4343
Y -0.9734  0.0630  0.2204
Z -0.2257 -0.4316 -0.8734

PART 75
OFFSET  0.0000 -0.0000 -0.0000
X  1.0000 -0.0000  0.0000
Y  0.0000  1.0000  0.0000
Z  0.0000 -0.0000  1.0000

PART 76
OFFSET -0.0000 -0.0000 -0.0000
X  1.0000 -0.0006 -0.0004
Y  0.0006  1.0000 -0.0004
Z  0.0004  0.0004  1.0000

PART 77
OFFSET  1.5421  0.0007  4.1351
X  1.0000 -0.0006 -0.0004
Y  0.0006  1.0000 -0.0004
Z  0.0004  0.0004  1.0000


FRAME 502
PART 0
OFFSET  0.0000 -0.0000 -0.0000
X  1.0000 -0.0000  0.0000
Y  0.0000  1.0000  0.0000
Z  0.0000 -0.0000  1.0000

PART 1
OFFSET -4.6318 -0.0000 -1.3770
X  1.0000 -0.0000  0.0000
Y  0.0000  1.0000  0.0000
Z  0.0000 -0.0000  1.0000

PART 2
OFFSET -2.8339  5.1181 -5.1022
X  0.6316  0.1248 -0.7652
Y  0.1159 -0.9911 -0.0660
Z -0.7666 -0.0470 -0.6405

PART 3
OFFSET  4.8050  6.6277 -14.3559
X  0.9541 -0.2956 -0.0483
Y -0.0710 -0.3797  0.9224
Z -0.2910 -0.8766 -0.3832

PART 4
OFFSET  12.9200  4.1136 -14.7663
X  0.9541 -0.2956 -0.0483
Y  0.2928  0.9544 -0.0575
Z  0.0631  0.0407  0.9972

PART 5
OFFSET  14.1565  5.4449 -15.2684
X  0.9553 -0.2909 -0.0527
Y  0.2893  0.8828  0.3701
Z -0.0611 -0.3688  0.9275

PART 6
OFFSET  13.7642  3.6503 -16.2533
X  0.9553 -0.2909 -0.0527
Y  0.2893  0.8828  0.3701
Z -0.0611 -0.3688  0.9275

PART 7
OFFSET  14.4450  4.2288 -12.9938
X  0.9553 -0.2909 -0.0527
Y  0.2893  0.8828  0.3701
Z -0.0611 -0.3688  0.9275

PART 8
OFFSET  14.3813  2.4578 -13.4934
X  0.9553 -0.2909 -0.0527
Y  0.2893  0.8828  0.3701
Z -0.0611 -0.3688  0.9275

PART 9
OFFSET  13.9065  2.4042 -14.5922
X  0.9553 -0.2909 -0.0527
Y  0.2893  0.8828  0.3701
Z -0.0611 -0.3688  0.9275

PART 10
OFFSET  15.8449  3.2074 -14.9143
X  0.8367  0.2417 -0.4914
Y -0.1447  0.9630  0.2272
Z  0.5281 -0.1190  0.8408

PART 11
OFFSET  16.2986  4.1966 -14.5708
X  0.8119  0.5838  0.0088
Y -0.5751  0.7970  0.1842
Z  0.1005 -0.1547  0.9828

PART 12
OFFSET  17.9987  5.5273 -14.4786
X  0.8895  0.2787 -0.3622
Y -0.1430  0.9224  0.3588
Z  0.4341 -0.2674  0.8603

PART 13
OFFSET  19.4917  5.8923 -14.9883
X  0.7556  0.6302 -0.1789
Y -0.5605  0.7633  0.3212
Z  0.3389 -0.1425  0.9300

PART 14
OFFSET  20.3148  6.5802 -15.1337
X  0.2245  0.7140 -0.6632
Y -0.5260 -0.4841 -0.6993
Z -0.8203  0.5059  0.2669

PART 15
OFFSET  16.8147  2.3567 -15.4035
X  0.9209 -0.3893 -0.0188
Y  0.0339  0.0320  0.9989
Z -0.3883 -0.9206  0.0426

PART 16
OFFSET  18.9445  1.6200 -15.3294
X  0.2863  0.0123  0.9581
Y -0.9156  0.2982  0.2698
Z -0.2823 -0.9544  0.0966

PART 17
OFFSET  19.3499  1.6374 -13.9730
X -0.5139  0.2492  0.8209
Y -0.8221  0.1302 -0.5542
Z -0.2450 -0.9597  0.1380

PART 18
OFFSET  18.8943  1.8583 -13.2452
X -0.3638  0.2020  0.9093
Y -0.8837  0.2339 -0.4055
Z -0.2946 -0.9511  0.0934

PART 19
OFFSET  18.5487  2.0502 -12.3814
X  0.8756 -0.1638 -0.4545
Y -0.4703 -0.0736 -0.8795
Z  0.1106  0.9838 -0.1414

PART 20
OFFSET  16.8288  3.0665 -15.4779
X  0.8439 -0.0665 -0.5324
Y  0.5167 -0.1661  0.8399
Z -0.1443 -0.9839 -0.1058

PART 21
OFFSET  19.2639  2.6451 -16.2850
X  0.7773 -0.1862  0.6010
Y -0.5716  0.1902  0.7982
Z -0.2630 -0.9639  0.0414

PART 22
OFFSET  20.5872  2.3281 -15.2618
X -0.4404  0.1540  0.8845
Y -0.8662  0.1862 -0.4637
Z -0.2361 -0.9704  0.0514

PART 23
OFFSET  19.9768  2.5415 -14.0359
X -0.3678  0.1317  0.9205
Y -0.8999  0.1990 -0.3881
Z -0.2343 -0.9711  0.0453

PART 24
OFFSET  19.5779  2.6843 -13.0376
X  0.8039 -0.2693 -0.5303
Y -0.5155  0.1291 -0.8471
Z  0.2966  0.9544 -0.0351

PART 25
OFFSET  18.4777  5.4177 -15.6176
X  0.9621  0.0080 -0.2725
Y -0.2674  0.2217 -0.9377
Z  0.0529  0.9751  0.2154

PART 26
OFFSET  18.7999  4.9196 -16.9701
X  0.9902 -0.0975 -0.1001
Y  0.0403 -0.4867  0.8726
Z -0.1338 -0.8681 -0.4780

PART 27
OFFSET  20.5433  4.7480 -17.1463
X  0.9818 -0.1684 -0.0882
Y -0.0141 -0.5275  0.8495
Z -0.1895 -0.8327 -0.5202

PART 28
OFFSET  21.7484  4.5940 -17.2219
X  0.9198 -0.2541  0.2990
Y -0.3858 -0.4476  0.8067
Z -0.0712 -0.8574 -0.5097

PART 29
OFFSET  22.7873  4.3070 -16.8843
X  0.0289  0.2456 -0.9689
Y -0.9749  0.2209  0.0269
Z  0.2206  0.9439  0.2458

PART 30
OFFSET  18.9624  3.8278 -17.0134
X  0.9820 -0.0954  0.1632
Y -0.1565  0.0744  0.9849
Z -0.1061 -0.9927  0.0582

PART 31
OFFSET  20.8807  3.6415 -16.6945
X  0.5284 -0.0199  0.8488
Y -0.8351  0.1684  0.5238
Z -0.1533 -0.9855  0.0724

PART 32
OFFSET  21.6525  3.6124 -15.4547
X -0.1021  0.0959  0.9901
Y -0.9734  0.1956 -0.1193
Z -0.2051 -0.9760  0.0734

PART 33
OFFSET  21.5361  3.7140 -14.3327
X  0.7131 -0.1360 -0.6877
Y -0.6926  0.0149 -0.7211
Z  0.1084  0.9906 -0.0836

PART 34
OFFSET  18.9963  3.1622 -15.0877
X -0.1619 -0.9861 -0.0379
Y -0.5281  0.1190 -0.8408
Z  0.8336 -0.1161 -0.5401

PART 35
OFFSET  13.0819 -0.2624 -9.6998
X  0.7362  0.5154 -0.4385
Y -0.6420  0.7369 -0.2117
Z  0.2140  0.4373  0.8735

PART 36
OFFSET  13.0819 -0.2624 -9.6998
X  0.7362  0.5154 -0.4385
Y -0.6420  0.7369 -0.2117
Z  0.2140  0.4373  0.8735

PART 37
OFFSET -161.8459 -165.5568 -54.7154
X -0.2140 -0.4373 -0.8735
Y -0.6420  0.7369 -0.2117
Z  0.7362  0.5154 -0.4385

PART 38
OFFSET  13.1838 -0.0669 -9.3282
X  0.7362  0.5154 -0.4385
Y -0.6420  0.7369 -0.2117
Z  0.2140  0.4373  0.8735

PART 39
OFFSET  16.4662  1.4335 -14.0360
X  0.7362  0.5154 -0.4385
Y -0.6420  0.7369 -0.2117
Z  0.2140  0.4373  0.8735

PART 40
OFFSET  6.8196 -3.3606 -6.5727
X  0.6587  0.6714  0.3398
Y -0.6420  0.7369 -0.2117
Z -0.3925 -0.0787  0.9164

PART 41
OFFSET  6.7368 -3.2656 -6.6000
X  0.7362  0.5154 -0.4385
Y -0.6420  0.7369 -0.2117
Z  0.2140  0.4373  0.8735

PART 42
OFFSET  16.5376  2.7418 -9.6975
X  0.7362  0.5154 -0.4385
Y -0.6420  0.7369 -0.2117
Z  0.2140  0.4373  0.8735

PART 43
OFFSET  10.8786 -2.1860 -9.7943
X  0.7362  0.5154 -0.4385
Y -0.6420  0.7369 -0.2117
Z  0.2140  0.4373  0.8735

PART 44
OFFSET  15.4841  1.9231 -9.3765
X  0.6755 -0.5986  0.4305
Y  0.7362  0.5154 -0.4385
Z  0.0406  0.6132  0.7889

PART 45
OFFSET -12.7197 -7.9373 -1.9667
X -0.5693  0.1116  0.8145
Y -0.4045 -0.9006 -0.1593
Z  0.7158 -0.4201  0.5579

PART 46
OFFSET -5.8347 -9.2875 -11.8174
X -0.9595 -0.0575 -0.2757
Y  0.2812 -0.1367 -0.9499
Z  0.0169 -0.9889  0.1473

PART 47
OFFSET  2.3263 -8.7989 -9.4721
X -0.9595 -0.0575 -0.2757
Y  0.2757  0.0093 -0.9612
Z  0.0578 -0.9983  0.0069

PART 48
OFFSET  3.4790 -7.4831 -8.5417
X -0.9612 -0.0539 -0.2705
Y -0.0182  0.9910 -0.1329
Z  0.2752 -0.1228 -0.9535

PART 49
OFFSET  3.5880 -7.9296 -7.4351
X -0.9612 -0.0539 -0.2705
Y -0.0182  0.9910 -0.1329
Z  0.2752 -0.1228 -0.9535

PART 50
OFFSET  3.7665 -9.2633 -7.4173
X -0.9612 -0.0539 -0.2705
Y -0.0182  0.9910 -0.1329
Z  0.2752 -0.1228 -0.9535

PART 51
OFFSET  5.2679 -8.6227 -8.6267
X -0.7661 -0.6264  0.1438
Y  0.0211 -0.2481 -0.9685
Z  0.6423 -0.7390  0.2033

PART 52
OFFSET  5.3284 -7.7981 -7.8403
X -0.0954 -0.9934 -0.0644
Y  0.2796  0.0353 -0.9595
Z  0.9554 -0.1096  0.2744

PART 53
OFFSET  5.4533 -5.6519 -7.6208
X -0.4657 -0.7641  0.4464
Y  0.2717 -0.6035 -0.7497
Z  0.8422 -0.2279  0.4886

PART 54
OFFSET  6.1269 -4.4288 -8.4408
X -0.4041 -0.1652  0.8997
Y -0.0855 -0.9724 -0.2170
Z  0.9107 -0.1646  0.3788

PART 55
OFFSET  6.5237 -4.2261 -9.4274
X -0.9009 -0.2166  0.3761
Y -0.4329  0.5114 -0.7423
Z -0.0315 -0.8316 -0.5545

PART 56
OFFSET  5.8090 -8.2090 -9.8266
X -0.6126 -0.4037  0.6795
Y  0.6932 -0.6875  0.2165
Z  0.3798  0.6036  0.7010

PART 57
OFFSET  7.1558 -7.1298 -11.2778
X  0.1469 -0.9751  0.1664
Y  0.9281  0.0777 -0.3640
Z  0.3420  0.2079  0.9164

PART 58
OFFSET  6.9479 -5.7493 -11.5133
X  0.8417 -0.4984 -0.2078
Y  0.4015  0.8350 -0.3762
Z  0.3610  0.2332  0.9029

PART 59
OFFSET  6.2016 -5.3075 -11.3290
X  0.6485  0.5924 -0.4780
Y -0.6599  0.7505  0.0348
Z  0.3794  0.2929  0.8777

PART 60
OFFSET  5.5855 -5.8703 -10.8749
X -0.1366 -0.9666  0.2168
Y -0.8676  0.2224  0.4448
Z -0.4782 -0.1274 -0.8690

PART 61
OFFSET  6.0532 -8.0096 -9.1861
X -0.7317 -0.5244  0.4355
Y  0.6564 -0.7144  0.2426
Z  0.1839  0.4634  0.8669

PART 62
OFFSET  7.9394 -6.7332 -10.4398
X  0.3673 -0.8958  0.2501
Y  0.8915  0.2624 -0.3693
Z  0.2652  0.3586  0.8950

PART 63
OFFSET  7.3141 -5.2080 -10.8657
X  0.9591 -0.1826 -0.2164
Y  0.0932  0.9253 -0.3677
Z  0.2673  0.3325  0.9044

PART 64
OFFSET  5.9848 -4.9550 -10.5658
X  0.4485  0.7891 -0.4196
Y -0.8547  0.5160  0.0567
Z  0.2613  0.3332  0.9059

PART 65
OFFSET  5.4984 -5.8109 -10.1107
X  0.1336 -0.9249  0.3559
Y -0.9677 -0.0443  0.2480
Z -0.2136 -0.3776 -0.9010

PART 66
OFFSET  2.4058 -11.4160 -7.1003
X -0.5463 -0.7469  0.3791
Y -0.8359  0.5148 -0.1904
Z -0.0529 -0.4210 -0.9055

PART 67
OFFSET  8.4760 -6.2694 -8.3810
X -0.5404 -0.7552  0.3710
Y  0.8252 -0.5619  0.0580
Z  0.1646  0.3375  0.9268

PART 68
OFFSET  9.4273 -4.9397 -9.0342
X  0.0996 -0.9275  0.3603
Y  0.9875  0.0476 -0.1504
Z  0.1223  0.3708  0.9206

PART 69
OFFSET  9.3137 -3.7897 -9.4164
X  0.6860 -0.7168  0.1247
Y  0.7122  0.6265 -0.3167
Z  0.1490  0.3061  0.9403

PART 70
OFFSET  8.5388 -2.9800 -9.5572
X -0.8243 -0.2461  0.5098
Y -0.4551  0.8237 -0.3383
Z -0.3367 -0.5109 -0.7910

PART 71
OFFSET  8.3019 -6.4729 -9.4529
X  0.2123 -0.9184  0.3339
Y  0.9686  0.1525 -0.1965
Z  0.1295  0.3651  0.9219

PART 72
OFFSET  7.8871 -4.6788 -10.1051
X  0.9825 -0.1711 -0.0732
Y  0.1253  0.8988 -0.4200
Z  0.1377  0.4035  0.9046

PART 73
OFFSET  6.4520 -4.4288 -9.9982
X  0.6060  0.6715 -0.4266
Y -0.7867  0.5853 -0.1962
Z  0.1179  0.4545  0.8829

PART 74
OFFSET  5.7644 -5.1921 -9.5214
X  0.0303 -0.9178  0.3959
Y -0.9805  0.0496  0.1899
Z -0.1939 -0.3940 -0.8984

PART 75
OFFSET  0.0000 -0.0000 -0.0000
X  1.0000 -0.0000  0.0000
Y  0.0000  1.0000  0.0000
Z  0.0000 -0.0000  1.0000

PART 76
OFFSET -0.0000 -0.0000 -0.0000
X  1.0000 -0.0022 -0.0015
Y  0.0022  1.0000 -0.0015
Z  0.0015  0.0015  1.0000

PART 77
OFFSET  1.5467  0.0027  4.1334
X  1.0000 -0.0022 -0.0015
Y  0.0022  1.0000 -0.0015
Z  0.0015  0.0015  1.0000


FRAME 503
PART 0
OFFSET  0.0000 -0.0000 -0.0000
X  1.0000 -0.0000  0.0000
Y  0.0000  1.0000  0.0000
Z  0.0000 -0.0000  1.0000

PART 1
OFFSET -4.6318 -0.0000 -1.3770
X  1.0000 -0.0000  0.0000
Y  0.0000  1.0000  0.0000
Z  0.0000 -0.0000  1.0000

PART 2
OFFSET -2.8310  5.1149 -5.1069
X  0.5979  0.1571 -0.7860
Y  0.1569 -0.9846 -0.0774
Z -0.7860 -0.0771 -0.6134

PART 3
OFFSET  4.4004  7.0143 -14.6128
X  0.9422 -0.3220  0.0924
Y -0.2040 -0.3328  0.9207
Z -0.2657 -0.8863 -0.3792

PART 4
OFFSET  12.4144  4.2758 -13.8269
X  0.9422 -0.3220  0.0924
Y  0.3252  0.9454 -0.0214
Z -0.0805  0.0502  0.9955

PART 5
OFFSET  13.7481  5.5492 -14.2185
X  0.9442 -0.3175  0.0879
Y  0.2659  0.8919  0.3657
Z -0.1946 -0.3219  0.9266

PART 6
OFFSET  13.4321  3.7198 -15.1661
X  0.9442 -0.3175  0.0879
Y  0.2659  0.8919  0.3657
Z -0.1946 -0.3219  0.9266

PART 7
OFFSET  13.6953  4.4373 -11.8739
X  0.9442 -0.3175  0.0879
Y  0.2659  0.8919  0.3657
Z -0.1946 -0.3219  0.9266

PART 8
OFFSET  13.6417  2.6465 -12.2983
X  0.9442 -0.3175  0.0879
Y  0.2659  0.8919  0.3657
Z -0.1946 -0.3219  0.9266

PART 9
OFFSET  13.3145  2.5520 -13.4471
X  0.9442 -0.3175  0.0879
Y  0.2659  0.8919  0.3657
Z -0.1946 -0.3219  0.9266

PART 10
OFFSET  15.3030  3.2888 -13.5436
X  0.8569  0.2742 -0.4366
Y -0.1648  0.9481  0.2720
Z  0.4885 -0.1611  0.8576

PART 11
OFFSET  15.7300  4.2609 -13.1253
X  0.8048  0.5882  0.0797
Y -0.5911  0.7816  0.1994
Z  0.0549 -0.2076  0.9767

PART 12
OFFSET  17.4106  5.5967 -12.8790
X  0.9030  0.3045 -0.3031
Y -0.1690  0.9003  0.4011
Z  0.3951 -0.3110  0.8644

PART 13
OFFSET  18.9227  5.9998 -13.2955
X  0.7571  0.6444 -0.1077
Y -0.5827  0.7405  0.3348
Z  0.2955 -0.1908  0.9361

PART 14
OFFSET  19.7450  6.7005 -13.3633
X  0.2490  0.7508 -0.6118
Y -0.4872 -0.4488 -0.7491
Z -0.8370  0.4846  0.2541

PART 15
OFFSET  16.3033  2.4731 -14.0309
X  0.9245 -0.3811  0.0045
Y -0.0142 -0.0226  0.9996
Z -0.3808 -0.9243 -0.0263

PART 16
OFFSET  18.4343  1.7488 -13.8944
X  0.2401 -0.0382  0.9700
Y -0.9303  0.2764  0.2411
Z -0.2773 -0.9603  0.0308

PART 17
OFFSET  18.7742  1.6947 -12.5211
X -0.5549  0.2002  0.8075
Y -0.7960  0.1544 -0.5853
Z -0.2419 -0.9675  0.0736

PART 18
OFFSET  18.2822  1.8721 -11.8052
X -0.4088  0.1492  0.9004
Y -0.8655  0.2494 -0.4343
Z -0.2894 -0.9568  0.0272

PART 19
OFFSET  17.8938  2.0139 -10.9498
X  0.8979 -0.1323 -0.4199
Y -0.4269 -0.0287 -0.9038
Z  0.1076  0.9908 -0.0822

PART 20
OFFSET  16.3140  3.1860 -14.0659
X  0.8690 -0.0312 -0.4938
Y  0.4776 -0.2082  0.8536
Z -0.1294 -0.9776 -0.1660

PART 21
OFFSET  18.7889  2.8270 -14.7762
X  0.7494 -0.2133  0.6268
Y -0.6109  0.1421  0.7788
Z -0.2552 -0.9666 -0.0238

PART 22
OFFSET  20.0648  2.4639 -13.7092
X -0.4837  0.1021  0.8693
Y -0.8448  0.2051 -0.4942
Z -0.2288 -0.9734 -0.0129

PART 23
OFFSET  19.3945  2.6054 -12.5044
X -0.4127  0.0784  0.9075
Y -0.8822  0.2135 -0.4196
Z -0.2267 -0.9738 -0.0189

PART 24
OFFSET  18.9469  2.6904 -11.5202
X  0.8309 -0.2341 -0.5048
Y -0.4757  0.1716 -0.8627
Z  0.2886  0.9569  0.0312

PART 25
OFFSET  17.9446  5.5531 -13.9978
X  0.9739  0.0298 -0.2249
Y -0.2245  0.2708 -0.9361
Z  0.0330  0.9622  0.2704

PART 26
OFFSET  18.3360  5.1322 -15.3582
X  0.9948 -0.0847 -0.0574
Y  0.0033 -0.5335  0.8458
Z -0.1023 -0.8415 -0.5304

PART 27
OFFSET  20.0874  4.9830 -15.4592
X  0.9865 -0.1562 -0.0498
Y -0.0496 -0.5733  0.8179
Z -0.1563 -0.8043 -0.5733

PART 28
OFFSET  21.2961  4.8419 -15.4849
X  0.9069 -0.2635  0.3287
Y -0.4196 -0.4939  0.7616
Z -0.0383 -0.8287 -0.5584

PART 29
OFFSET  22.3205  4.5443 -15.1136
X  0.0727  0.2985 -0.9516
Y -0.9772  0.2121 -0.0082
Z  0.1994  0.9305  0.3071

PART 30
OFFSET  18.5110  4.0455 -15.4530
X  0.9739 -0.0971  0.2050
Y -0.2041  0.0192  0.9788
Z -0.0990 -0.9951 -0.0011

PART 31
OFFSET  20.4136  3.8558 -15.0525
X  0.4874 -0.0626  0.8709
Y -0.8607  0.1334  0.4912
Z -0.1470 -0.9891  0.0112

PART 32
OFFSET  21.1255  3.7644 -13.7803
X -0.1502  0.0408  0.9878
Y -0.9685  0.1948 -0.1553
Z -0.1988 -0.9800  0.0102

PART 33
OFFSET  20.9546  3.8035 -12.6614
X  0.7465 -0.0930 -0.6589
Y -0.6575  0.0494 -0.7518
Z  0.1025  0.9944 -0.0243

PART 34
OFFSET  18.4593  3.2757 -13.5670
X -0.1502 -0.9837 -0.0993
Y -0.4885  0.1611 -0.8576
Z  0.8595 -0.0803 -0.5047

PART 35
OFFSET  12.3281 -0.4812 -8.6649
X  0.7513  0.5440 -0.3738
Y -0.6383  0.7428 -0.2020
Z  0.1678  0.3903  0.9053

PART 36
OFFSET  12.3281 -0.4812 -8.6649
X  0.7513  0.5440 -0.3738
Y -0.6383  0.7428 -0.2020
Z  0.1678  0.3903  0.9053

PART 37
OFFSET -158.8223 -164.4498 -70.8683
X -0.1678 -0.3903 -0.9053
Y -0.6383  0.7428 -0.2020
Z  0.7513  0.5440 -0.3738

PART 38
OFFSET  12.4102 -0.3057 -8.2788
X  0.7513  0.5440 -0.3738
Y -0.6383  0.7428 -0.2020
Z  0.1678  0.3903  0.9053

PART 39
OFFSET  15.8989  1.4739 -12.7341
X  0.7513  0.5440 -0.3738
Y -0.6383  0.7428 -0.2020
Z  0.1678  0.3903  0.9053

PART 40
OFFSET  5.9541 -3.7910 -6.0168
X  0.6351  0.6565  0.4072
Y -0.6383  0.7428 -0.2020
Z -0.4350 -0.1316  0.8907

PART 41
OFFSET  5.8718 -3.6952 -6.0428
X  0.7513  0.5440 -0.3738
Y -0.6383  0.7428 -0.2020
Z  0.1678  0.3903  0.9053

PART 42
OFFSET  15.7501  2.5430 -8.3325
X  0.7513  0.5440 -0.3738
Y -0.6383  0.7428 -0.2020
Z  0.1678  0.3903  0.9053

PART 43
OFFSET  10.1508 -2.4126 -8.9701
X  0.7513  0.5440 -0.3738
Y -0.6383  0.7428 -0.2020
Z  0.1678  0.3903  0.9053

PART 44
OFFSET  14.6906  1.7004 -8.1077
X  0.6600 -0.6165  0.4294
Y  0.7513  0.5440 -0.3738
Z -0.0032  0.5693  0.8221

PART 45
OFFSET -12.4198 -7.9373 -2.0257
X -0.5046  0.1500  0.8502
Y -0.4321 -0.8964 -0.0983
Z  0.7474 -0.4170  0.5172

PART 46
OFFSET -6.3167 -9.7518 -12.3078
X -0.9395 -0.0698 -0.3354
Y  0.3425 -0.1651 -0.9249
Z  0.0092 -0.9838  0.1791

PART 47
OFFSET  1.6739 -9.1577 -9.4547
X -0.9395 -0.0698 -0.3354
Y  0.3309  0.0687 -0.9412
Z  0.0888 -0.9952 -0.0414

PART 48
OFFSET  2.7611 -7.8090 -8.4933
X -0.9415 -0.0662 -0.3304
Y -0.0115  0.9863 -0.1648
Z  0.3368 -0.1514 -0.9293

PART 49
OFFSET  2.7989 -8.2204 -7.3685
X -0.9415 -0.0662 -0.3304
Y -0.0115  0.9863 -0.1648
Z  0.3368 -0.1514 -0.9293

PART 50
OFFSET  2.9785 -9.5521 -7.2974
X -0.9415 -0.0662 -0.3304
Y -0.0115  0.9863 -0.1648
Z  0.3368 -0.1514 -0.9293

PART 51
OFFSET  4.5540 -8.9436 -8.4264
X -0.7660 -0.6388  0.0724
Y  0.0698 -0.1945 -0.9784
Z  0.6391 -0.7444  0.1936

PART 52
OFFSET  4.5688 -8.1629 -7.5942
X -0.0825 -0.9890 -0.1229
Y  0.3248  0.0899 -0.9415
Z  0.9422 -0.1176  0.3138

PART 53
OFFSET  4.6620 -6.0312 -7.2526
X -0.4790 -0.7908  0.3811
Y  0.3131 -0.5595 -0.7674
Z  0.8201 -0.2482  0.5156

PART 54
OFFSET  5.3620 -4.7602 -7.9714
X -0.4450 -0.2172  0.8688
Y -0.0655 -0.9597 -0.2734
Z  0.8931 -0.1786  0.4128

PART 55
OFFSET  5.8035 -4.5008 -8.9252
X -0.9157 -0.2434  0.3198
Y -0.4019  0.5482 -0.7334
Z  0.0032 -0.8001 -0.5998

PART 56
OFFSET  5.1477 -8.4609 -9.5744
X -0.6404 -0.4447  0.6262
Y  0.6887 -0.6933  0.2120
Z  0.3399  0.5670  0.7503

PART 57
OFFSET  6.5517 -7.2942 -10.8981
X  0.1483 -0.9816  0.1200
Y  0.9437  0.1042 -0.3141
Z  0.2958  0.1598  0.9418

PART 58
OFFSET  6.3418 -5.9044 -11.0679
X  0.8555 -0.4802 -0.1938
Y  0.4108  0.8572 -0.3104
Z  0.3152  0.1860  0.9306

PART 59
OFFSET  5.5832 -5.4787 -10.8962
X  0.6648  0.6223 -0.4133
Y -0.6682  0.7427  0.0437
Z  0.3341  0.2471  0.9096

PART 60
OFFSET  4.9517 -6.0699 -10.5035
X -0.1373 -0.9780  0.1571
Y -0.8900  0.1915  0.4139
Z -0.4348 -0.0830 -0.8967

PART 61
OFFSET  5.3590 -8.2951 -8.9131
X -0.7465 -0.5527  0.3705
Y  0.6510 -0.7219  0.2348
Z  0.1377  0.4165  0.8986

PART 62
OFFSET  7.2904 -6.9385 -10.0030
X  0.3637 -0.9055  0.2185
Y  0.9055  0.2886 -0.3110
Z  0.2186  0.3109  0.9250

PART 63
OFFSET  6.6713 -5.3968 -10.3750
X  0.9701 -0.1635 -0.1795
Y  0.1016  0.9447 -0.3119
Z  0.2205  0.2843  0.9330

PART 64
OFFSET  5.3268 -5.1702 -10.1263
X  0.4603  0.8141 -0.3539
Y -0.8615  0.5060  0.0434
Z  0.2144  0.2849  0.9343

PART 65
OFFSET  4.8275 -6.0531 -9.7424
X  0.1255 -0.9420  0.3112
Y -0.9780 -0.0648  0.1982
Z -0.1666 -0.3292 -0.9295

PART 66
OFFSET  1.6497 -11.8368 -7.1940
X -0.5565 -0.7704  0.3112
Y -0.8309  0.5184 -0.2023
Z -0.0055 -0.3711 -0.9286

PART 67
OFFSET  7.7234 -6.5844 -7.8985
X -0.5488 -0.7791  0.3030
Y  0.8277 -0.5572  0.0667
Z  0.1169  0.2874  0.9507

PART 68
OFFSET  8.6898 -5.2127 -8.4320
X  0.1081 -0.9439  0.3120
Y  0.9913  0.0788 -0.1050
Z  0.0745  0.3206  0.9443

PART 69
OFFSET  8.5629 -4.0457 -8.7539
X  0.7091 -0.6965  0.1099
Y  0.6977  0.6705 -0.2522
Z  0.1019  0.2555  0.9614

PART 70
OFFSET  7.7620 -3.2590 -8.8780
X -0.8320 -0.3067  0.4623
Y -0.4750  0.8244 -0.3078
Z -0.2867 -0.4757 -0.8316

PART 71
OFFSET  7.6028 -6.7300 -8.9870
X  0.2051 -0.9338  0.2933
Y  0.9753  0.1700 -0.1409
Z  0.0817  0.3150  0.9456

PART 72
OFFSET  7.2021 -4.9059 -9.5600
X  0.9865 -0.1598 -0.0349
Y  0.1364  0.9214 -0.3640
Z  0.0904  0.3543  0.9308

PART 73
OFFSET  5.7612 -4.6724 -9.5090
X  0.6191  0.6981 -0.3597
Y -0.7821  0.5895 -0.2018
Z  0.0712  0.4062  0.9110

PART 74
OFFSET  5.0590 -5.4656 -9.1082
X  0.0203 -0.9378  0.3465
Y -0.9889  0.0321  0.1448
Z -0.1469 -0.3456 -0.9268

PART 75
OFFSET  0.0000 -0.0000 -0.0000
X  1.0000 -0.0000  0.0000
Y  0.0000  1.0000  0.0000
Z  0.0000 -0.0000  1.0000

PART 76
OFFSET -0.0000 -0.0000 -0.0000
X  1.0000 -0.0048 -0.0032
Y  0.0048  1.0000 -0.0032
Z  0.0032  0.0032  1.0000

PART 77
OFFSET  1.5538  0.0058  4.1307
X  1.0000 -0.0048 -0.0032
Y  0.0048  1.0000 -0.0032
Z  0.0032  0.0032  1.0000


FRAME 504
PART 0
OFFSET  0.0000 -0.0000 -0.0000
X  1.0000 -0.0000  0.0000
Y  0.0000  1.0000  0.0000
Z  0.0000 -0.0000  1.0000

PART 1
OFFSET -4.6318 -0.0000 -1.3770
X  1.0000 -0.0000  0.0000
Y  0.0000  1.0000  0.0000
Z  0.0000 -0.0000  1.0000

PART 2
OFFSET -2.8264  5.1114 -5.1136
X  0.5886  0.1685 -0.7906
Y  0.1884 -0.9797 -0.0686
Z -0.7861 -0.1086 -0.6084

PART 3
OFFSET  4.2923  7.1497 -14.6755
X  0.9242 -0.3267  0.1976
Y -0.2981 -0.2940  0.9081
Z -0.2386 -0.8982 -0.3691

PART 4
OFFSET  12.1533  4.3708 -12.9948
X  0.9242 -0.3267  0.1976
Y  0.3278  0.9443  0.0284
Z -0.1959  0.0385  0.9799

PART 5
OFFSET  13.5357  5.6152 -13.3014
