// Export filename: `C:\projects\cod\t5\xanim_export\t5_viewmodels\spas12\spas12_grip_putaway.XANIM_EXPORT`
// Source filename: `D:\projects\devanim\t5\animation_assets\viewmodels/spas12/ViewModel_Spas12_animated.fbx`
// Export time: Wed Sep 16 17:55:45 2009

ANIMATION
VERSION 3

NUMPARTS 93
PART 0 "tag_torso"
PART 1 "J_Shoulder_LE"
PART 2 "J_Elbow_LE"
PART 3 "J_WristTwist_LE"
PART 4 "J_Sleave_Reshape_Bottom_LE_1"
PART 5 "J_Sleave_Reshape_Bottom_LE_2"
PART 6 "J_Sleave_Reshape_Top_LE_1"
PART 7 "J_Sleave_Reshape_Top_LE_2"
PART 8 "J_Sleave_Reshape_Top_LE_3"
PART 9 "J_Wrist_LE"
PART 10 "J_Thumb_LE_0"
PART 11 "J_Thumb_LE_1"
PART 12 "J_Thumb_LE_2"
PART 13 "J_Thumb_LE_3"
PART 14 "J_PinkyPalm_LE"
PART 15 "J_Pinky_LE_0"
PART 16 "J_Pinky_LE_1"
PART 17 "J_Pinky_LE_2"
PART 18 "J_Pinky_LE_3"
PART 19 "J_RingPalm_LE"
PART 20 "J_Ring_LE_0"
PART 21 "J_Ring_LE_1"
PART 22 "J_Ring_LE_2"
PART 23 "J_Ring_LE_3"
PART 24 "J_Webbing_LE"
PART 25 "J_Index_LE_0"
PART 26 "J_Index_LE_1"
PART 27 "J_Index_LE_2"
PART 28 "J_Index_LE_3"
PART 29 "J_Mid_LE_0"
PART 30 "J_Mid_LE_1"
PART 31 "J_Mid_LE_2"
PART 32 "J_Mid_LE_3"
PART 33 "tag_knife_attach"
PART 34 "J_Shoulder_RI"
PART 35 "J_Elbow_RI"
PART 36 "J_WristTwist_RI"
PART 37 "J_Sleave_Reshape_Top_RI_3"
PART 38 "J_Sleave_Reshape_Top_RI_2"
PART 39 "J_Sleave_Reshape_Top_RI_1"
PART 40 "J_Wrist_RI"
PART 41 "J_Thumb_RI_0"
PART 42 "J_Thumb_RI_1"
PART 43 "J_Thumb_RI_2"
PART 44 "J_Thumb_RI_3"
PART 45 "J_PinkyPalm_RI"
PART 46 "J_Pinky_RI_0"
PART 47 "J_Pinky_RI_1"
PART 48 "J_Pinky_RI_2"
PART 49 "J_Pinky_RI_3"
PART 50 "J_RingPalm_RI"
PART 51 "J_Ring_RI_0"
PART 52 "J_Ring_RI_1"
PART 53 "J_Ring_RI_2"
PART 54 "J_Ring_RI_3"
PART 55 "J_Webbing_RI"
PART 56 "J_Index_RI_0"
PART 57 "J_Index_RI_1"
PART 58 "J_Index_RI_2"
PART 59 "J_Index_RI_3"
PART 60 "J_Mid_RI_0"
PART 61 "J_Mid_RI_1"
PART 62 "J_Mid_RI_2"
PART 63 "J_Mid_RI_3"
PART 64 "tag_weapon"
PART 65 "J_Gun"
PART 66 "tag_brass"
PART 67 "tag_flash"
PART 68 "tag_clip"
PART 69 "tag_bolt"
PART 70 "tag_pump"
PART 71 "tag_stock"
PART 72 "tag_ring"
PART 73 "tag_stocktop"
PART 74 "tag_Load"
PART 75 "tag_iron_sights"
PART 76 "tag_scope_acog"
PART 77 "tag_laser_rifle"
PART 78 "TAG_REFLEX"
PART 79 "tag_suppressor"
PART 80 "tag_flash3"
PART 81 "TAG_GRIP"
PART 82 "tag_side_saddle"
PART 83 "tag_ammo_1"
PART 84 "tag_ammo_2"
PART 85 "tag_ammo_3"
PART 86 "tag_ammo_4"
PART 87 "tag_ammo_5"
PART 88 "tag_ammo_6"
PART 89 "tag_cambone"
PART 90 "tag_camera"
PART 91 "tag_gasmask"
PART 92 "tag_ads"

FRAMERATE 30
NUMFRAMES 11

FRAME 230
PART 0
OFFSET -4.6318 -0.0000 -1.3770
SCALE 1 1 1
X  1.0000 -0.0000  0.0000
Y  0.0000  1.0000  0.0000
Z  0.0000 -0.0000  1.0000

PART 1
OFFSET  0.1218  5.5976 -6.6823
SCALE 1 1 1
X  0.8640 -0.2212 -0.4524
Y -0.1122 -0.9604  0.2552
Z -0.4909 -0.1697 -0.8545

PART 2
OFFSET  10.5704  2.9227 -12.1534
SCALE 1 1 1
X  0.8895 -0.3931  0.2330
Y -0.2976 -0.1114  0.9482
Z -0.3468 -0.9127 -0.2160

PART 3
OFFSET  18.1360 -0.4205 -10.1719
SCALE 1 1 1
X  0.8895 -0.3931  0.2330
Y -0.2906 -0.0933  0.9523
Z -0.3526 -0.9148 -0.1972

PART 4
OFFSET  20.3102  0.6984 -10.6021
SCALE 1 1 1
X  0.8922 -0.3899  0.2279
Y  0.3485  0.9154  0.2017
Z -0.2873 -0.1006  0.9526

PART 5
OFFSET  19.1585 -1.3459 -11.2839
SCALE 1 1 1
X  0.8922 -0.3899  0.2279
Y  0.3485  0.9154  0.2017
Z -0.2873 -0.1006  0.9526

PART 6
OFFSET  20.1701  0.7106 -7.7971
SCALE 1 1 1
X  0.8922 -0.3899  0.2279
Y  0.3485  0.9154  0.2017
Z -0.2873 -0.1006  0.9526

PART 7
OFFSET  19.0766 -1.7111 -8.1174
SCALE 1 1 1
X  0.8922 -0.3899  0.2279
Y  0.3485  0.9154  0.2017
Z -0.2873 -0.1006  0.9526

PART 8
OFFSET  18.7982 -2.1130 -9.3829
SCALE 1 1 1
X  0.8922 -0.3899  0.2279
Y  0.3485  0.9154  0.2017
Z -0.2873 -0.1006  0.9526

PART 9
OFFSET  20.8630 -1.6256 -9.4577
SCALE 1 1 1
X  0.8462 -0.0985  0.5237
Y -0.5282 -0.0249  0.8487
Z -0.0706 -0.9948 -0.0731

PART 10
OFFSET  20.7049 -2.1024 -8.4331
SCALE 1 1 1
X  0.0731 -0.6486  0.7576
Y -0.7729  0.4432  0.4540
Z -0.6302 -0.6188 -0.4689

PART 11
OFFSET  20.7504 -3.4922 -6.7790
SCALE 1 1 1
X  0.6919 -0.6085  0.3886
Y -0.5940 -0.1739  0.7854
Z -0.4104 -0.7743 -0.4817

PART 12
OFFSET  21.8569 -4.5508 -6.2524
SCALE 1 1 1
X  0.8434 -0.3921 -0.3673
Y  0.0693 -0.5986  0.7980
Z -0.5328 -0.6985 -0.4777

PART 13
OFFSET  22.7458 -5.0170 -6.6580
SCALE 1 1 1
X  0.9791  0.0359  0.2001
Y -0.1030  0.9362  0.3361
Z -0.1753 -0.3497  0.9203

PART 14
OFFSET  22.1303 -1.8833 -9.9381
SCALE 1 1 1
X  0.9320 -0.3618 -0.0238
Y -0.3565 -0.9263  0.1222
Z -0.0662 -0.1054 -0.9922

PART 15
OFFSET  24.1902 -2.7944 -9.8320
SCALE 1 1 1
X -0.3986 -0.8534  0.3359
Y -0.9128  0.4046 -0.0553
Z -0.0887 -0.3287 -0.9403

PART 16
OFFSET  23.6259 -4.0026 -9.3564
SCALE 1 1 1
X -0.9622 -0.2075  0.1761
Y -0.2582  0.9010 -0.3488
Z -0.0863 -0.3811 -0.9205

PART 17
OFFSET  22.7728 -4.1866 -9.2002
SCALE 1 1 1
X -0.6919  0.7023 -0.1675
Y  0.7158  0.6368 -0.2867
Z -0.0947 -0.3182 -0.9433

PART 18
OFFSET  22.1155 -3.5194 -9.3594
SCALE 1 1 1
X  0.0935 -0.8909  0.4445
Y  0.9736 -0.0114 -0.2278
Z  0.2080  0.4541  0.8663

PART 19
OFFSET  21.9753 -1.7826 -9.2486
SCALE 1 1 1
X  0.9671 -0.0921  0.2373
Y -0.0646 -0.9905 -0.1210
Z  0.2462  0.1017 -0.9639

PART 20
OFFSET  24.4489 -2.3682 -8.7041
SCALE 1 1 1
X -0.4229 -0.8992  0.1122
Y -0.9062  0.4187 -0.0600
Z  0.0069 -0.1271 -0.9919

PART 21
OFFSET  23.7289 -3.8991 -8.5130
SCALE 1 1 1
X -0.9539 -0.2971  0.0429
Y -0.3001  0.9423 -0.1483
Z  0.0036 -0.1544 -0.9880

PART 22
OFFSET  22.4069 -4.3108 -8.4535
SCALE 1 1 1
X -0.3726  0.9165 -0.1455
Y  0.9279  0.3697 -0.0481
Z  0.0097 -0.1529 -0.9882

PART 23
OFFSET  22.0028 -3.3168 -8.6112
SCALE 1 1 1
X -0.2243 -0.9696  0.0980
Y  0.9725 -0.2162  0.0865
Z -0.0626  0.1147  0.9914

PART 24
OFFSET  22.5949 -2.5021 -6.5348
SCALE 1 1 1
X  0.8787 -0.3645  0.3083
Y  0.2927  0.9215  0.2553
Z -0.3771 -0.1341  0.9164

PART 25
OFFSET  23.7879 -1.6585 -6.7496
SCALE 1 1 1
X -0.0646 -0.9974  0.0317
Y -0.9918  0.0606 -0.1121
Z  0.1099 -0.0386 -0.9932

PART 26
OFFSET  23.6742 -3.4146 -6.6939
SCALE 1 1 1
X -0.8014 -0.5869 -0.1153
Y -0.5707  0.8081 -0.1462
Z  0.1790 -0.0514 -0.9825

PART 27
OFFSET  22.6891 -4.1250 -6.7744
SCALE 1 1 1
X -0.8069  0.5751 -0.1345
Y  0.5801  0.8146  0.0027
Z  0.1111 -0.0758 -0.9909

PART 28
OFFSET  21.7776 -3.4753 -6.9263
SCALE 1 1 1
X -0.2297 -0.9439 -0.2374
Y  0.9210 -0.2896  0.2604
Z -0.3145 -0.1588  0.9359

PART 29
OFFSET  24.2581 -1.7994 -7.7393
SCALE 1 1 1
X -0.2078 -0.9742  0.0881
Y -0.9677  0.1916 -0.1640
Z  0.1429 -0.1193 -0.9825

PART 30
OFFSET  23.8521 -3.7026 -7.5672
SCALE 1 1 1
X -0.9335 -0.3441 -0.1008
Y -0.3321  0.9358 -0.1186
Z  0.1352 -0.0772 -0.9878

PART 31
OFFSET  22.4886 -4.2052 -7.7145
SCALE 1 1 1
X -0.6136  0.7887 -0.0397
Y  0.7704  0.6089  0.1889
Z  0.1731  0.0853 -0.9812

PART 32
OFFSET  21.7943 -3.3118 -7.7666
SCALE 1 1 1
X -0.0327 -0.9991 -0.0275
Y  0.9947 -0.0352  0.0965
Z -0.0973 -0.0242  0.9950

PART 33
OFFSET  23.3342 -3.3953 -8.6066
SCALE 1 1 1
X  0.1933  0.0583 -0.9794
Y  0.0706  0.9948  0.0731
Z  0.9786 -0.0833  0.1882

PART 34
OFFSET -12.9782 -7.9373 -1.9159
SCALE 1 1 1
X -0.2660 -0.0816  0.9605
Y -0.2787 -0.9473 -0.1577
Z  0.9228 -0.3097  0.2293

PART 35
OFFSET -9.7608 -6.9502 -13.5321
SCALE 1 1 1
X -0.8555 -0.1935 -0.4802
Y  0.4636  0.1268 -0.8769
Z  0.2306 -0.9729 -0.0188

PART 36
OFFSET -2.4840 -5.3046 -9.4476
SCALE 1 1 1
X -0.8555 -0.1935 -0.4802
Y  0.4940 -0.0277 -0.8690
Z  0.1548 -0.9807  0.1193

PART 37
OFFSET -1.8604 -4.0064 -8.0869
SCALE 1 1 1
X -0.8589 -0.1916 -0.4749
Y -0.2348  0.9715  0.0328
Z  0.4551  0.1396 -0.8794

PART 38
OFFSET -1.8368 -4.6437 -7.0724
SCALE 1 1 1
X -0.8589 -0.1916 -0.4749
Y -0.2348  0.9715  0.0328
Z  0.4551  0.1396 -0.8794

PART 39
OFFSET -1.3461 -5.8859 -7.2388
SCALE 1 1 1
X -0.8589 -0.1916 -0.4749
Y -0.2348  0.9715  0.0328
Z  0.4551  0.1396 -0.8794

PART 40
OFFSET  0.1388 -4.7114 -7.9754
SCALE 1 1 1
X -0.9500 -0.0002 -0.3123
Y  0.3123  0.0086 -0.9499
Z  0.0029 -1.0000 -0.0081

PART 41
OFFSET  0.2636 -4.3091 -6.9149
SCALE 1 1 1
X -0.5540 -0.6571 -0.5111
Y  0.6448  0.0496 -0.7627
Z  0.5266 -0.7521  0.3962

PART 42
OFFSET  1.3654 -2.8541 -5.7579
SCALE 1 1 1
X -0.9324 -0.3586 -0.0440
Y  0.2177 -0.4604 -0.8606
Z  0.2884 -0.8120  0.5074

PART 43
OFFSET  2.8514 -2.2117 -5.7951
SCALE 1 1 1
X -0.7772 -0.0528  0.6271
Y -0.4690 -0.6158 -0.6331
Z  0.4196 -0.7861  0.4538

PART 44
OFFSET  3.6806 -2.1082 -6.4832
SCALE 1 1 1
X -0.9399  0.3391  0.0409
Y  0.2704  0.8119 -0.5174
Z -0.2087 -0.4752 -0.8548

PART 45
OFFSET  1.2765 -4.5000 -8.7267
SCALE 1 1 1
X -0.9571 -0.0480  0.2859
Y  0.0610 -0.9975  0.0368
Z  0.2834  0.0527  0.9576

PART 46
OFFSET  3.4607 -4.2621 -9.2340
SCALE 1 1 1
X -0.4674 -0.8480 -0.2497
Y  0.8830 -0.4615 -0.0853
Z -0.0429 -0.2604  0.9646

PART 47
OFFSET  4.1224 -3.0615 -8.8805
SCALE 1 1 1
X  0.4539 -0.8636 -0.2193
Y  0.8910  0.4372  0.1225
Z -0.0099 -0.2510  0.9679

PART 48
OFFSET  3.7199 -2.2957 -8.6860
SCALE 1 1 1
X  0.9924  0.1214 -0.0197
Y -0.1143  0.9694  0.2174
Z  0.0455 -0.2135  0.9759

PART 49
OFFSET  2.7771 -2.4111 -8.6674
SCALE 1 1 1
X -0.6939 -0.6705 -0.2626
Y -0.7192  0.6267  0.3001
Z -0.0367  0.3970 -0.9171

PART 50
OFFSET  1.2783 -4.6453 -8.0278
SCALE 1 1 1
X -0.9999 -0.0089 -0.0055
Y  0.0086 -0.9992  0.0400
Z -0.0059  0.0400  0.9992

PART 51
OFFSET  3.8746 -4.6503 -8.1610
SCALE 1 1 1
X -0.3010 -0.9489 -0.0947
Y  0.9535 -0.3008 -0.0170
Z -0.0124 -0.0954  0.9954

PART 52
OFFSET  4.3870 -3.0347 -7.9997
SCALE 1 1 1
X  0.7069 -0.7044 -0.0636
Y  0.7067  0.6999  0.1035
Z -0.0284 -0.1181  0.9926

PART 53
OFFSET  3.4073 -2.0584 -7.9117
SCALE 1 1 1
X  0.9210  0.3824  0.0746
Y -0.3882  0.9169  0.0923
Z -0.0331 -0.1139  0.9929

PART 54
OFFSET  2.4085 -2.4732 -7.9926
SCALE 1 1 1
X -0.5344 -0.8427 -0.0650
Y -0.8441  0.5361 -0.0099
Z  0.0432  0.0496 -0.9978

PART 55
OFFSET -4.0775 -5.2555 -8.4763
SCALE 1 1 1
X -0.9534 -0.2799 -0.1124
Y -0.2666  0.9563 -0.1201
Z  0.1411 -0.0846 -0.9864

PART 56
OFFSET  3.6059 -5.0887 -6.0450
SCALE 1 1 1
X -0.9418 -0.3132 -0.1223
Y  0.3173 -0.9482 -0.0152
Z -0.1112 -0.0532  0.9924

PART 57
OFFSET  5.2641 -4.5373 -5.8296
SCALE 1 1 1
X -0.2895 -0.9565 -0.0366
Y  0.9491 -0.2918  0.1184
Z -0.1239 -0.0004  0.9923

PART 58
OFFSET  5.6085 -3.3746 -5.7249
SCALE 1 1 1
X  0.6155 -0.7879  0.0192
Y  0.7783  0.6114  0.1431
Z -0.1245 -0.0731  0.9895

PART 59
OFFSET  4.9133 -2.4846 -5.7466
SCALE 1 1 1
X -0.9379 -0.3160  0.1429
Y -0.3321  0.9371 -0.1077
Z -0.0998 -0.1485 -0.9839

PART 60
OFFSET  3.8429 -4.9001 -7.1074
SCALE 1 1 1
X -0.4634 -0.8838 -0.0645
Y  0.8779 -0.4678  0.1024
Z -0.1207 -0.0092  0.9926

PART 61
OFFSET  4.7483 -3.1736 -6.9813
SCALE 1 1 1
X  0.6673 -0.7414  0.0715
Y  0.7397  0.6709  0.0530
Z -0.0873  0.0175  0.9960

PART 62
OFFSET  3.7737 -2.0907 -7.0857
SCALE 1 1 1
X  0.9793  0.1961  0.0508
Y -0.1915  0.9779 -0.0838
Z -0.0661  0.0723  0.9952

PART 63
OFFSET  2.6649 -2.3126 -7.1503
SCALE 1 1 1
X -0.6244 -0.7796 -0.0490
Y -0.7796  0.6258 -0.0223
Z  0.0481  0.0243 -0.9985

PART 64
OFFSET  10.6714 -3.3397 -3.5839
SCALE 1 1 1
X  1.0000 -0.0000  0.0000
Y  0.0000  1.0000  0.0000
Z  0.0000 -0.0000  1.0000

PART 65
OFFSET  10.6714 -3.3397 -3.5839
SCALE 1 1 1
X  1.0000 -0.0000  0.0000
Y  0.0000  1.0000  0.0000
Z  0.0000 -0.0000  1.0000

PART 66
OFFSET  9.5585 -3.6537 -3.2837
SCALE 1 1 1
X  0.0000 -0.9659  0.2588
Y  1.0000  0.0000 -0.0000
Z  0.0000  0.2588  0.9659

PART 67
OFFSET  33.8883 -3.3220 -3.1664
SCALE 1 1 1
X  1.0000 -0.0000  0.0000
Y  0.0000  1.0000  0.0000
Z  0.0000 -0.0000  1.0000

PART 68
OFFSET  10.6714 -3.2649 -4.3898
SCALE 1 1 1
X  1.0000 -0.0000  0.0000
Y  0.0000  1.0000  0.0000
Z  0.0000 -0.0000  1.0000

PART 69
OFFSET  10.6842 -3.3397 -3.1520
SCALE 1 1 1
X  1.0000 -0.0000  0.0000
Y  0.0000  1.0000  0.0000
Z  0.0000 -0.0000  1.0000

PART 70
OFFSET  16.3285 -3.3448 -5.9054
SCALE 1 1 1
X  1.0000 -0.0000  0.0000
Y  0.0000  1.0000  0.0000
Z  0.0000 -0.0000  1.0000

PART 71
OFFSET  3.0927 -2.1356 -3.5479
SCALE 1 1 1
X  1.0000 -0.0000  0.0000
Y  0.0000  1.0000  0.0000
Z  0.0000 -0.0000  1.0000

PART 72
OFFSET  3.0927 -2.2645 -3.5479
SCALE 1 1 1
X  0.6820 -0.0000  0.7314
Y -0.0000  1.0000  0.0000
Z -0.7314 -0.0000  0.6820

PART 73
OFFSET  14.7631 -3.3448 -1.5284
SCALE 1 1 1
X  1.0000 -0.0000  0.0000
Y  0.0000  1.0000  0.0000
Z  0.0000 -0.0000  1.0000

PART 74
OFFSET  8.0992 -3.3229 -4.9793
SCALE 1 1 1
X  1.0000 -0.0000  0.0000
Y  0.0000  1.0000  0.0000
Z  0.0000 -0.0000  1.0000

PART 75
OFFSET  13.4247 -3.3397 -1.8315
SCALE 1 1 1
X  0.0000 -0.9659  0.2588
Y  1.0000  0.0000  0.0000
Z -0.0000  0.2588  0.9659

PART 76
OFFSET  12.3189 -3.3397 -1.7830
SCALE 1 1 1
X  1.0000 -0.0000  0.0000
Y  0.0000  1.0000  0.0000
Z  0.0000 -0.0000  1.0000

PART 77
OFFSET  18.6037 -4.2623 -2.6850
SCALE 1 1 1
X  1.0000 -0.0000  0.0000
Y  0.0000  0.7071  0.7071
Z  0.0000 -0.7071  0.7071

PART 78
OFFSET  12.1267 -3.3397 -1.2071
SCALE 1 1 1
X  1.0000 -0.0000  0.0000
Y  0.0000  1.0000  0.0000
Z  0.0000 -0.0000  1.0000

PART 79
OFFSET  33.8883 -3.3220 -3.1664
SCALE 1 1 1
X  0.0000 -1.0000 -0.0000
Y  1.0000  0.0000  0.0000
Z -0.0000 -0.0000  1.0000

PART 80
OFFSET  40.4230 -3.3220 -3.1664
SCALE 1 1 1
X -0.0000 -1.0000 -0.0000
Y  1.0000 -0.0000 -0.0000
Z -0.0000 -0.0000  1.0000

PART 81
OFFSET  22.7848 -3.3220 -5.8650
SCALE 1 1 1
X  1.0000 -0.0000  0.0000
Y  0.0000  1.0000  0.0000
Z  0.0000 -0.0000  1.0000

PART 82
OFFSET  8.8624 -2.5847 -3.4796
SCALE 1 1 1
X  1.0000 -0.0000  0.0000
Y  0.0000  1.0000  0.0000
Z  0.0000 -0.0000  1.0000

PART 83
OFFSET  10.7085 -2.1487 -4.3845
SCALE 1 1 1
X  1.0000 -0.0000  0.0000
Y  0.0000  1.0000  0.0000
Z  0.0000 -0.0000  1.0000

PART 84
OFFSET  9.9857 -2.1487 -4.3845
SCALE 1 1 1
X  1.0000 -0.0000  0.0000
Y  0.0000  1.0000  0.0000
Z  0.0000 -0.0000  1.0000

PART 85
OFFSET  9.2614 -2.1487 -4.3845
SCALE 1 1 1
X  1.0000 -0.0000  0.0000
Y  0.0000  1.0000  0.0000
Z  0.0000 -0.0000  1.0000

PART 86
OFFSET  8.5370 -2.1487 -4.3845
SCALE 1 1 1
X  1.0000 -0.0000  0.0000
Y  0.0000  1.0000  0.0000
Z  0.0000 -0.0000  1.0000

PART 87
OFFSET  7.8127 -2.1487 -4.3845
SCALE 1 1 1
X  1.0000 -0.0000  0.0000
Y  0.0000  1.0000  0.0000
Z  0.0000 -0.0000  1.0000

PART 88
OFFSET  7.0883 -2.1487 -4.3845
SCALE 1 1 1
X  1.0000 -0.0000  0.0000
Y  0.0000  1.0000  0.0000
Z  0.0000 -0.0000  1.0000

PART 89
OFFSET  0.0000 -0.0000 -0.0000
SCALE 1 1 1
X  1.0000 -0.0000  0.0000
Y  0.0000  1.0000  0.0000
Z  0.0000 -0.0000  1.0000

PART 90
OFFSET  0.0000 -0.0000 -0.0000
SCALE 1 1 1
X  1.0000 -0.0000  0.0000
Y  0.0000  1.0000  0.0000
Z  0.0000 -0.0000  1.0000

PART 91
OFFSET  1.5404 -0.0000  4.1357
SCALE 1 1 1
X  1.0000 -0.0000  0.0000
Y  0.0000  1.0000  0.0000
Z  0.0000 -0.0000  1.0000

PART 92
OFFSET  0.0000 -0.0000 -0.0000
SCALE 1 1 1
X  1.0000 -0.0000  0.0000
Y  0.0000  1.0000  0.0000
Z  0.0000 -0.0000  1.0000


FRAME 231
PART 0
OFFSET -4.6318 -0.0000 -1.3770
SCALE 1 1 1
X  1.0000 -0.0000  0.0000
Y  0.0000  1.0000  0.0000
Z  0.0000 -0.0000  1.0000

PART 1
OFFSET  0.1218  5.5976 -6.6823
SCALE 1 1 1
X  0.8618 -0.2433 -0.4451
Y -0.1467 -0.9595  0.2405
Z -0.4856 -0.1420 -0.8626

PART 2
OFFSET  10.5444  2.6551 -12.0650
SCALE 1 1 1
X  0.8820 -0.4216  0.2103
Y -0.2870 -0.1267  0.9495
Z -0.3737 -0.8979 -0.2328

PART 3
OFFSET  18.0465 -0.9311 -10.2760
SCALE 1 1 1
X  0.8820 -0.4216  0.2103
Y -0.2504 -0.0413  0.9673
Z -0.3992 -0.9058 -0.1420

PART 4
OFFSET  20.2431  0.1411 -10.7111
SCALE 1 1 1
X  0.8848 -0.4184  0.2053
Y  0.3753  0.9008  0.2185
Z -0.2764 -0.1163  0.9540

PART 5
OFFSET  19.0284 -1.8552 -11.4249
SCALE 1 1 1
X  0.8848 -0.4184  0.2053
Y  0.3753  0.9008  0.2185
Z -0.2764 -0.1163  0.9540

PART 6
OFFSET  20.1429  0.0885 -7.9049
SCALE 1 1 1
X  0.8848 -0.4184  0.2053
Y  0.3753  0.9008  0.2185
Z -0.2764 -0.1163  0.9540

PART 7
OFFSET  18.9815 -2.2954 -8.2672
SCALE 1 1 1
X  0.8848 -0.4184  0.2053
Y  0.3753  0.9008  0.2185
Z -0.2764 -0.1163  0.9540

PART 8
OFFSET  18.6749 -2.6590 -9.5378
SCALE 1 1 1
X  0.8848 -0.4184  0.2053
Y  0.3753  0.9008  0.2185
Z -0.2764 -0.1163  0.9540

PART 9
OFFSET  20.7505 -2.2236 -9.6312
SCALE 1 1 1
X  0.8465 -0.0583  0.5292
Y -0.5287  0.0239  0.8484
Z -0.0621 -0.9980 -0.0106

PART 10
OFFSET  20.5955 -2.6366 -8.5788
SCALE 1 1 1
X  0.0779 -0.5992  0.7968
Y -0.7771  0.4642  0.4250
Z -0.6245 -0.6523 -0.4294

PART 11
OFFSET  20.6514 -3.9196 -6.8408
SCALE 1 1 1
X  0.6967 -0.5770  0.4263
Y -0.5933 -0.1293  0.7946
Z -0.4033 -0.8065 -0.4324

PART 12
OFFSET  21.7663 -4.9336 -6.2483
SCALE 1 1 1
X  0.8470 -0.4073 -0.3416
Y  0.0735 -0.5467  0.8341
Z -0.5264 -0.7316 -0.4331

PART 13
OFFSET  22.6594 -5.4168 -6.6234
SCALE 1 1 1
X  0.9786  0.0567  0.1980
Y -0.1112  0.9545  0.2766
Z -0.1733 -0.2927  0.9404

PART 14
OFFSET  22.0204 -2.5003 -10.0941
SCALE 1 1 1
X  0.9350 -0.3546 -0.0007
Y -0.3487 -0.9198  0.1799
Z -0.0645 -0.1679 -0.9837

PART 15
OFFSET  24.0879 -3.3854 -9.9304
SCALE 1 1 1
X -0.3916 -0.8340  0.3887
Y -0.9162  0.3924 -0.0809
Z -0.0850 -0.3878 -0.9178

PART 16
OFFSET  23.5335 -4.5662 -9.3801
SCALE 1 1 1
X -0.9606 -0.2044  0.1885
Y -0.2656  0.8750 -0.4046
Z -0.0822 -0.4388 -0.8948

PART 17
OFFSET  22.6818 -4.7475 -9.2130
SCALE 1 1 1
X -0.6979  0.6843 -0.2114
Y  0.7104  0.6238 -0.3258
Z -0.0911 -0.3775 -0.9215

PART 18
OFFSET  22.0189 -4.0973 -9.4138
SCALE 1 1 1
X  0.1010 -0.8604  0.4995
Y  0.9739 -0.0171 -0.2264
Z  0.2034  0.5093  0.8362

PART 19
OFFSET  21.8639 -2.3579 -9.4123
SCALE 1 1 1
X  0.9676 -0.0688  0.2430
Y -0.0562 -0.9967 -0.0587
Z  0.2462  0.0432 -0.9683

PART 20
OFFSET  24.3419 -2.8872 -8.8313
SCALE 1 1 1
X -0.4153 -0.8940  0.1683
Y -0.9097  0.4063 -0.0864
Z  0.0089 -0.1889 -0.9819

PART 21
OFFSET  23.6349 -4.4092 -8.5448
SCALE 1 1 1
X -0.9513 -0.3020  0.0612
Y -0.3081  0.9285 -0.2072
Z  0.0058 -0.2160 -0.9764

PART 22
OFFSET  22.3165 -4.8278 -8.4600
SCALE 1 1 1
X -0.3806  0.9022 -0.2028
Y  0.9247  0.3741 -0.0709
Z  0.0119 -0.2145 -0.9767

PART 23
OFFSET  21.9037 -3.8493 -8.6800
SCALE 1 1 1
X -0.2158 -0.9635  0.1586
Y  0.9743 -0.2018  0.1002
Z -0.0645  0.1761  0.9822

PART 24
OFFSET  22.4872 -2.9005 -6.6585
SCALE 1 1 1
X  0.8815 -0.3370  0.3309
Y  0.2847  0.9381  0.1971
Z -0.3768 -0.0795  0.9229

PART 25
OFFSET  23.6732 -2.0620 -6.9254
SCALE 1 1 1
X -0.0560 -0.9940  0.0941
Y -0.9922  0.0450 -0.1160
Z  0.1111 -0.0999 -0.9888

PART 26
OFFSET  23.5746 -3.8120 -6.7597
SCALE 1 1 1
X -0.7962 -0.5999 -0.0786
Y -0.5775  0.7923 -0.1968
Z  0.1803 -0.1113 -0.9773

PART 27
OFFSET  22.5956 -4.5345 -6.7958
SCALE 1 1 1
X -0.8118  0.5584 -0.1705
Y  0.5729  0.8182 -0.0482
Z  0.1126 -0.1369 -0.9842

PART 28
OFFSET  21.6786 -3.9037 -6.9884
SCALE 1 1 1
X -0.2213 -0.9589 -0.1778
Y  0.9233 -0.2646  0.2783
Z -0.3139 -0.1026  0.9439

PART 29
OFFSET  24.1454 -2.2607 -7.9042
SCALE 1 1 1
X -0.1995 -0.9685  0.1490
Y -0.9691  0.1726 -0.1760
Z  0.1447 -0.1795 -0.9731

PART 30
OFFSET  23.7556 -4.1527 -7.6132
SCALE 1 1 1
X -0.9304 -0.3578 -0.0794
Y -0.3400  0.9236 -0.1771
Z  0.1367 -0.1378 -0.9810

PART 31
OFFSET  22.3966 -4.6753 -7.7291
SCALE 1 1 1
X -0.6204  0.7792 -0.0893
Y  0.7649  0.6263  0.1505
Z  0.1732  0.0251 -0.9846

PART 32
OFFSET  21.6947 -3.7930 -7.8373
SCALE 1 1 1
X -0.0239 -0.9991  0.0353
Y  0.9949 -0.0203  0.0988
Z -0.0980  0.0374  0.9945

PART 33
OFFSET  23.2358 -3.9155 -8.6700
SCALE 1 1 1
X  0.1937 -0.0016 -0.9811
Y  0.0621  0.9980  0.0106
Z  0.9791 -0.0630  0.1934

PART 34
OFFSET -12.9782 -7.9373 -1.9159
SCALE 1 1 1
X -0.2564 -0.0524  0.9652
Y -0.3187 -0.9381 -0.1355
Z  0.9125 -0.3423  0.2238

PART 35
OFFSET -9.8778 -7.3041 -13.5884
SCALE 1 1 1
X -0.8581 -0.1657 -0.4859
Y  0.4766  0.0950 -0.8740
Z  0.1910 -0.9816 -0.0025

PART 36
OFFSET -2.5791 -5.8945 -9.4553
SCALE 1 1 1
X -0.8581 -0.1657 -0.4859
Y  0.5021 -0.0730 -0.8617
Z  0.1074 -0.9835  0.1458

PART 37
OFFSET -1.9161 -4.6027 -8.1071
SCALE 1 1 1
X -0.8615 -0.1636 -0.4807
Y -0.1954  0.9806  0.0164
Z  0.4687  0.1081 -0.8767

PART 38
OFFSET -1.9280 -5.2253 -7.0834
SCALE 1 1 1
X -0.8615 -0.1636 -0.4807
Y -0.1954  0.9806  0.0164
Z  0.4687  0.1081 -0.8767

PART 39
OFFSET -1.4866 -6.4887 -7.2270
SCALE 1 1 1
X -0.8615 -0.1636 -0.4807
Y -0.1954  0.9806  0.0164
Z  0.4687  0.1081 -0.8767

PART 40
OFFSET  0.0517 -5.3863 -7.9655
SCALE 1 1 1
X -0.9497 -0.0278 -0.3120
Y  0.3131 -0.0483 -0.9485
Z  0.0113 -0.9984  0.0546

PART 41
OFFSET  0.1721 -4.9172 -6.9322
SCALE 1 1 1
X -0.5480 -0.6926 -0.4691
Y  0.6450  0.0072 -0.7641
Z  0.5326 -0.7213  0.4428

PART 42
OFFSET  1.2606 -3.3833 -5.8683
SCALE 1 1 1
X -0.9293 -0.3686 -0.0217
Y  0.2223 -0.5116 -0.8299
Z  0.2948 -0.7761  0.5574

PART 43
OFFSET  2.7412 -2.7319 -5.9452
SCALE 1 1 1
X -0.7772 -0.0200  0.6289
Y -0.4632 -0.6582 -0.5934
Z  0.4258 -0.7525  0.5024

PART 44
OFFSET  3.5701 -2.6647 -6.6382
SCALE 1 1 1
X -0.9427  0.3330  0.0193
Y  0.2640  0.7801 -0.5672
Z -0.2039 -0.5296 -0.8234

PART 45
OFFSET  1.1882 -5.2127 -8.7281
SCALE 1 1 1
X -0.9569 -0.0381  0.2880
Y  0.0694 -0.9926  0.0993
Z  0.2821  0.1150  0.9525

PART 46
OFFSET  3.3707 -4.9886 -9.2486
SCALE 1 1 1
X -0.4600 -0.8660 -0.1962
Y  0.8869 -0.4585 -0.0559
Z -0.0415 -0.1997  0.9790

PART 47
OFFSET  4.0220 -3.7626 -8.9708
SCALE 1 1 1
X  0.4614 -0.8718 -0.1646
Y  0.8871  0.4516  0.0952
Z -0.0086 -0.1899  0.9818

PART 48
OFFSET  3.6129 -2.9897 -8.8249
SCALE 1 1 1
X  0.9914  0.1284 -0.0269
Y -0.1227  0.9801  0.1562
Z  0.0464 -0.1515  0.9874

PART 49
OFFSET  2.6711 -3.1116 -8.7994
SCALE 1 1 1
X -0.6880 -0.6915 -0.2202
Y -0.7247  0.6382  0.2600
Z -0.0392  0.3384 -0.9402

PART 50
OFFSET  1.1906 -5.3139 -8.0215
SCALE 1 1 1
X -0.9998 -0.0177 -0.0053
Y  0.0170 -0.9946  0.1026
Z -0.0071  0.1025  0.9947

PART 51
OFFSET  3.7870 -5.3052 -8.1532
SCALE 1 1 1
X -0.2929 -0.9555 -0.0351
Y  0.9561 -0.2932  0.0022
Z -0.0124 -0.0329  0.9994

PART 52
OFFSET  4.2856 -3.6785 -8.0934
SCALE 1 1 1
X  0.7129 -0.7010 -0.0190
Y  0.7007  0.7110  0.0596
Z -0.0283 -0.0558  0.9980

PART 53
OFFSET  3.2976 -2.7069 -8.0671
SCALE 1 1 1
X  0.9177  0.3941  0.0508
Y -0.3960  0.9176  0.0345
Z -0.0330 -0.0517  0.9981

PART 54
OFFSET  2.3024 -3.1344 -8.1221
SCALE 1 1 1
X -0.5273 -0.8496 -0.0122
Y -0.8486  0.5272 -0.0438
Z  0.0437 -0.0127 -0.9990

PART 55
OFFSET -4.1594 -5.9965 -8.4328
SCALE 1 1 1
X -0.9509 -0.2945 -0.0950
Y -0.2746  0.9446 -0.1799
Z  0.1427 -0.1450 -0.9791

PART 56
OFFSET  3.5202 -5.6124 -6.0140
SCALE 1 1 1
X -0.9390 -0.3282 -0.1028
Y  0.3253 -0.9446  0.0443
Z -0.1116  0.0082  0.9937

PART 57
OFFSET  5.1734 -5.0346 -5.8330
SCALE 1 1 1
X -0.2814 -0.9593  0.0234
Y  0.9515 -0.2757  0.1367
Z -0.1247  0.0607  0.9903

PART 58
OFFSET  5.5079 -3.8646 -5.8013
SCALE 1 1 1
X  0.6221 -0.7799  0.0688
Y  0.7730  0.6258  0.1048
Z -0.1248 -0.0120  0.9921

PART 59
OFFSET  4.8053 -2.9837 -5.8790
SCALE 1 1 1
X -0.9354 -0.3144  0.1621
Y -0.3399  0.9256 -0.1664
Z -0.0977 -0.2107 -0.9726

PART 60
OFFSET  3.7565 -5.4887 -7.0861
SCALE 1 1 1
X -0.4559 -0.8900 -0.0092
Y  0.8817 -0.4530  0.1318
Z -0.1215  0.0520  0.9912

PART 61
OFFSET  4.6471 -3.7501 -7.0681
SCALE 1 1 1
X  0.6735 -0.7297  0.1180
Y  0.7339  0.6791  0.0111
Z -0.0883  0.0791  0.9929

PART 62
OFFSET  3.6635 -2.6842 -7.2406
SCALE 1 1 1
X  0.9775  0.2072  0.0387
Y -0.1997  0.9691 -0.1450
Z -0.0676  0.1340  0.9887

PART 63
OFFSET  2.5567 -2.9192 -7.2915
SCALE 1 1 1
X -0.6177 -0.7864 -0.0003
Y -0.7849  0.6166 -0.0618
Z  0.0488 -0.0379 -0.9981

PART 64
OFFSET  10.5686 -3.6527 -3.6650
SCALE 1 1 1
X  1.0000  0.0085  0.0003
Y -0.0084  0.9980 -0.0627
Z -0.0009  0.0627  0.9980

PART 65
OFFSET  10.5686 -3.6527 -3.6650
SCALE 1 1 1
X  1.0000  0.0085  0.0003
Y -0.0084  0.9980 -0.0627
Z -0.0009  0.0627  0.9980

PART 66
OFFSET  9.4581 -3.9566 -3.3461
SCALE 1 1 1
X  0.0079 -0.9478  0.3189
Y  1.0000  0.0085  0.0003
Z -0.0030  0.3189  0.9478

PART 67
OFFSET  33.7842 -3.4118 -3.2415
SCALE 1 1 1
X  1.0000  0.0085  0.0003
Y -0.0084  0.9980 -0.0627
Z -0.0009  0.0627  0.9980

PART 68
OFFSET  10.5687 -3.6285 -4.4740
SCALE 1 1 1
X  1.0000  0.0085  0.0003
Y -0.0084  0.9980 -0.0627
Z -0.0009  0.0627  0.9980

PART 69
OFFSET  10.5811 -3.6255 -3.2340
SCALE 1 1 1
X  1.0000  0.0085  0.0003
Y -0.0084  0.9980 -0.0627
Z -0.0009  0.0627  0.9980

PART 70
OFFSET  16.2276 -3.7553 -5.9797
SCALE 1 1 1
X  1.0000  0.0085  0.0003
Y -0.0084  0.9980 -0.0627
Z -0.0009  0.0627  0.9980

PART 71
OFFSET  2.9800 -2.5130 -3.7072
SCALE 1 1 1
X  1.0000  0.0085  0.0003
Y -0.0084  0.9980 -0.0627
Z -0.0009  0.0627  0.9980

PART 72
OFFSET  2.9811 -2.6417 -3.6991
SCALE 1 1 1
X  0.6813  0.0516  0.7302
Y -0.0084  0.9980 -0.0627
Z -0.7319  0.0365  0.6804

PART 73
OFFSET  14.6584 -3.4942 -1.6119
SCALE 1 1 1
X  1.0000  0.0085  0.0003
Y -0.0084  0.9980 -0.0627
Z -0.0009  0.0627  0.9980

PART 74
OFFSET  7.9976 -3.7451 -5.0597
SCALE 1 1 1
X  1.0000  0.0085  0.0003
Y -0.0084  0.9980 -0.0627
Z -0.0009  0.0627  0.9980

PART 75
OFFSET  13.3203 -3.5195 -1.9152
SCALE 1 1 1
X  0.0079 -0.9478  0.3189
Y  1.0000  0.0085  0.0003
Z -0.0030  0.3189  0.9478

PART 76
OFFSET  12.2145 -3.5258 -1.8672
SCALE 1 1 1
X  1.0000  0.0085  0.0003
Y -0.0084  0.9980 -0.0627
Z -0.0009  0.0627  0.9980

PART 77
OFFSET  18.5076 -4.4497 -2.7073
SCALE 1 1 1
X  1.0000  0.0085  0.0003
Y -0.0066  0.7500  0.6614
Z  0.0054 -0.6614  0.7500

PART 78
OFFSET  12.0218 -3.4913 -1.2924
SCALE 1 1 1
X  1.0000  0.0085  0.0003
Y -0.0084  0.9980 -0.0627
Z -0.0009  0.0627  0.9980

PART 79
OFFSET  33.7842 -3.4118 -3.2415
SCALE 1 1 1
X  0.0084 -0.9980  0.0627
Y  1.0000  0.0085  0.0003
Z -0.0009  0.0627  0.9980

PART 80
OFFSET  40.3187 -3.3563 -3.2392
SCALE 1 1 1
X  0.0084 -0.9980  0.0627
Y  1.0000  0.0085  0.0003
Z -0.0009  0.0627  0.9980

PART 81
OFFSET  22.6835 -3.6752 -5.9386
SCALE 1 1 1
X  1.0000  0.0085  0.0003
Y -0.0084  0.9980 -0.0627
Z -0.0009  0.0627  0.9980

PART 82
OFFSET  8.7532 -2.9079 -3.6089
SCALE 1 1 1
X  1.0000  0.0085  0.0003
Y -0.0084  0.9980 -0.0627
Z -0.0009  0.0627  0.9980

PART 83
OFFSET  10.5964 -2.5139 -4.5387
SCALE 1 1 1
X  1.0000  0.0085  0.0003
Y -0.0084  0.9980 -0.0627
Z -0.0009  0.0627  0.9980

PART 84
OFFSET  9.8737 -2.5200 -4.5389
SCALE 1 1 1
X  1.0000  0.0085  0.0003
Y -0.0084  0.9980 -0.0627
Z -0.0009  0.0627  0.9980

PART 85
OFFSET  9.1493 -2.5262 -4.5392
SCALE 1 1 1
X  1.0000  0.0085  0.0003
Y -0.0084  0.9980 -0.0627
Z -0.0009  0.0627  0.9980

PART 86
OFFSET  8.4250 -2.5323 -4.5394
SCALE 1 1 1
X  1.0000  0.0085  0.0003
Y -0.0084  0.9980 -0.0627
Z -0.0009  0.0627  0.9980

PART 87
OFFSET  7.7007 -2.5385 -4.5397
SCALE 1 1 1
X  1.0000  0.0085  0.0003
Y -0.0084  0.9980 -0.0627
Z -0.0009  0.0627  0.9980

PART 88
OFFSET  6.9764 -2.5446 -4.5399
SCALE 1 1 1
X  1.0000  0.0085  0.0003
Y -0.0084  0.9980 -0.0627
Z -0.0009  0.0627  0.9980

PART 89
OFFSET  0.0000 -0.0000 -0.0000
SCALE 1 1 1
X  1.0000 -0.0000  0.0000
Y  0.0000  1.0000  0.0000
Z  0.0000 -0.0000  1.0000

PART 90
OFFSET  0.0000 -0.0000 -0.0000
SCALE 1 1 1
X  1.0000 -0.0000  0.0000
Y  0.0000  1.0000  0.0000
Z  0.0000 -0.0000  1.0000

PART 91
OFFSET  1.5404 -0.0000  4.1357
SCALE 1 1 1
X  1.0000 -0.0000  0.0000
Y  0.0000  1.0000  0.0000
Z  0.0000 -0.0000  1.0000

PART 92
OFFSET  0.0000 -0.0000 -0.0000
SCALE 1 1 1
X  1.0000 -0.0000  0.0000
Y  0.0000  1.0000  0.0000
Z  0.0000 -0.0000  1.0000


FRAME 232
PART 0
OFFSET -4.6318 -0.0000 -1.3770
SCALE 1 1 1
X  1.0000 -0.0000  0.0000
Y  0.0000  1.0000  0.0000
Z  0.0000 -0.0000  1.0000

PART 1
OFFSET  0.1218  5.5976 -6.6823
SCALE 1 1 1
X  0.8522 -0.2708 -0.4477
Y -0.1912 -0.9576  0.2153
Z -0.4871 -0.0978 -0.8679

PART 2
OFFSET  10.4277  2.3222 -12.0973
SCALE 1 1 1
X  0.8650 -0.4645  0.1898
Y -0.2853 -0.1441  0.9475
Z -0.4128 -0.8738 -0.2572

PART 3
OFFSET  17.7847 -1.6288 -10.4827
SCALE 1 1 1
X  0.8650 -0.4645  0.1898
Y -0.2171 -0.0053  0.9761
Z -0.4524 -0.8855 -0.1054

PART 4
OFFSET  20.0214 -0.6365 -10.9031
SCALE 1 1 1
X  0.8678 -0.4613  0.1849
Y  0.4144  0.8771  0.2430
Z -0.2742 -0.1343  0.9522

PART 5
OFFSET  18.7186 -2.5571 -11.6677
SCALE 1 1 1
X  0.8678 -0.4613  0.1849
Y  0.4144  0.8771  0.2430
Z -0.2742 -0.1343  0.9522

PART 6
OFFSET  19.9390 -0.7721 -8.0990
SCALE 1 1 1
X  0.8678 -0.4613  0.1849
Y  0.4144  0.8771  0.2430
Z -0.2742 -0.1343  0.9522

PART 7
OFFSET  18.6757 -3.0929 -8.5248
SCALE 1 1 1
X  0.8678 -0.4613  0.1849
Y  0.4144  0.8771  0.2430
Z -0.2742 -0.1343  0.9522

PART 8
OFFSET  18.3450 -3.4036 -9.8033
SCALE 1 1 1
X  0.8678 -0.4613  0.1849
Y  0.4144  0.8771  0.2430
Z -0.2742 -0.1343  0.9522

PART 9
OFFSET  20.4364 -3.0528 -9.9008
SCALE 1 1 1
X  0.8468 -0.0211  0.5315
Y -0.5299  0.0546  0.8463
Z -0.0469 -0.9983  0.0351

PART 10
OFFSET  20.2867 -3.4195 -8.8305
SCALE 1 1 1
X  0.0863 -0.5608  0.8235
Y -0.7845  0.4712  0.4031
Z -0.6141 -0.6808 -0.3993

PART 11
OFFSET  20.3604 -4.6204 -7.0355
SCALE 1 1 1
X  0.7049 -0.5461  0.4527
Y -0.5921 -0.1017  0.7994
Z -0.3905 -0.8315 -0.3951

PART 12
OFFSET  21.4900 -5.5891 -6.3967
SCALE 1 1 1
X  0.8535 -0.4096 -0.3220
Y  0.0807 -0.5066  0.8584
Z -0.5147 -0.7587 -0.3993

PART 13
OFFSET  22.3908 -6.0754 -6.7486
SCALE 1 1 1
X  0.9773  0.0806  0.1957
Y -0.1261  0.9644  0.2324
Z -0.1700 -0.2518  0.9527

PART 14
OFFSET  21.7109 -3.3310 -10.3501
SCALE 1 1 1
X  0.9403 -0.3400  0.0158
Y -0.3349 -0.9158  0.2217
Z -0.0609 -0.2138 -0.9750

PART 15
OFFSET  23.7914 -4.1760 -10.1454
SCALE 1 1 1
X -0.3790 -0.8213  0.4264
Y -0.9221  0.3741 -0.0990
Z -0.0781 -0.4307 -0.8991

PART 16
OFFSET  23.2548 -5.3388 -9.5418
SCALE 1 1 1
X -0.9575 -0.2105  0.1974
Y -0.2788  0.8514 -0.4444
Z -0.0746 -0.4805 -0.8738

PART 17
OFFSET  22.4059 -5.5255 -9.3667
SCALE 1 1 1
X -0.7084  0.6629 -0.2426
Y  0.7008  0.6194 -0.3540
Z -0.0844 -0.4207 -0.9033

PART 18
OFFSET  21.7329 -4.8957 -9.5972
SCALE 1 1 1
X  0.1141 -0.8350  0.5384
Y  0.9742 -0.0121 -0.2252
Z  0.1946  0.5502  0.8121

PART 19
OFFSET  21.5515 -3.1599 -9.6756
SCALE 1 1 1
X  0.9683 -0.0429  0.2462
Y -0.0409 -0.9991 -0.0130
Z  0.2465  0.0025 -0.9691

PART 20
OFFSET  24.0367 -3.6241 -9.0702
SCALE 1 1 1
X -0.4016 -0.8917  0.2090
Y -0.9157  0.3878 -0.1052
Z  0.0128 -0.2336 -0.9722

PART 21
OFFSET  23.3530 -5.1422 -8.7144
SCALE 1 1 1
X -0.9466 -0.3136  0.0747
Y -0.3223  0.9131 -0.2497
Z  0.0101 -0.2604 -0.9654

PART 22
OFFSET  22.0411 -5.5769 -8.6109
SCALE 1 1 1
X -0.3946  0.8859 -0.2440
Y  0.9187  0.3850 -0.0878
Z  0.0162 -0.2588 -0.9658

PART 23
OFFSET  21.6132 -4.6162 -8.8756
SCALE 1 1 1
X -0.2007 -0.9585  0.2026
Y  0.9773 -0.1815  0.1095
Z -0.0682  0.2199  0.9731

PART 24
OFFSET  22.1802 -3.5662 -6.8996
SCALE 1 1 1
X  0.8862 -0.3080  0.3462
Y  0.2702  0.9504  0.1540
Z -0.3765 -0.0429  0.9254

PART 25
OFFSET  23.3536 -2.7228 -7.2043
SCALE 1 1 1
X -0.0408 -0.9894  0.1396
Y -0.9927  0.0242 -0.1182
Z  0.1136 -0.1434 -0.9831

PART 26
OFFSET  23.2818 -4.4648 -6.9586
SCALE 1 1 1
X -0.7868 -0.6151 -0.0512
Y -0.5895  0.7734 -0.2331
Z  0.1830 -0.1532 -0.9711

PART 27
OFFSET  22.3143 -5.2033 -6.9618
SCALE 1 1 1
X -0.8204  0.5372 -0.1961
Y  0.5600  0.8240 -0.0856
Z  0.1156 -0.1801 -0.9768

PART 28
OFFSET  21.3876 -4.5965 -7.1834
SCALE 1 1 1
X -0.2060 -0.9694 -0.1337
Y  0.9271 -0.2370  0.2904
Z -0.3132 -0.0641  0.9475

PART 29
OFFSET  23.8298 -2.9589 -8.1728
SCALE 1 1 1
X -0.1847 -0.9636  0.1931
Y -0.9715  0.1494 -0.1839
Z  0.1484 -0.2216 -0.9638

PART 30
OFFSET  23.4690 -4.8414 -7.7955
SCALE 1 1 1
X -0.9247 -0.3754 -0.0631
Y -0.3541  0.9091 -0.2194
Z  0.1397 -0.1805 -0.9736

PART 31
OFFSET  22.1183 -5.3898 -7.8876
SCALE 1 1 1
X -0.6325  0.7644 -0.1251
Y  0.7548  0.6445  0.1218
Z  0.1738 -0.0174 -0.9846

PART 32
OFFSET  21.4027 -4.5246 -8.0364
SCALE 1 1 1
X -0.0083 -0.9967  0.0811
Y  0.9950 -0.0001  0.0999
Z -0.0995  0.0815  0.9917

PART 33
OFFSET  22.9463 -4.6608 -8.8623
SCALE 1 1 1
X  0.1947 -0.0436 -0.9799
Y  0.0469  0.9983 -0.0351
Z  0.9797 -0.0391  0.1964

PART 34
OFFSET -12.9782 -7.9373 -1.9159
SCALE 1 1 1
X -0.2263 -0.0058  0.9740
Y -0.3831 -0.9189 -0.0945
Z  0.8955 -0.3946  0.2058

PART 35
OFFSET -10.2410 -7.8676 -13.6957
SCALE 1 1 1
X -0.8666 -0.1224 -0.4838
Y  0.4826  0.0409 -0.8749
Z  0.1269 -0.9916  0.0236

PART 36
OFFSET -2.8702 -6.8267 -9.5812
SCALE 1 1 1
X -0.8666 -0.1224 -0.4838
Y  0.4957 -0.0998 -0.8627
Z  0.0573 -0.9875  0.1471

PART 37
OFFSET -2.1261 -5.5457 -8.2654
SCALE 1 1 1
X -0.8698 -0.1199 -0.4786
Y -0.1313  0.9913 -0.0097
Z  0.4756  0.0544 -0.8780

PART 38
OFFSET -2.1794 -6.1392 -7.2259
SCALE 1 1 1
X -0.8698 -0.1199 -0.4786
Y -0.1313  0.9913 -0.0097
Z  0.4756  0.0544 -0.8780

PART 39
OFFSET -1.8208 -7.4319 -7.3353
SCALE 1 1 1
X -0.8698 -0.1199 -0.4786
Y -0.1313  0.9913 -0.0097
Z  0.4756  0.0544 -0.8780

PART 40
OFFSET -0.2135 -6.4514 -8.0981
SCALE 1 1 1
X -0.9488 -0.0566 -0.3107
Y  0.3147 -0.0869 -0.9452
Z  0.0265 -0.9946  0.1003

PART 41
OFFSET -0.1012 -5.9337 -7.0874
SCALE 1 1 1
X -0.5369 -0.7216 -0.4370
Y  0.6456 -0.0180 -0.7635
Z  0.5431 -0.6921  0.4755

PART 42
OFFSET  0.9627 -4.3362 -6.0946
SCALE 1 1 1
X -0.9236 -0.3833 -0.0051
Y  0.2309 -0.5456 -0.8056
Z  0.3060 -0.7452  0.5925

PART 43
OFFSET  2.4333 -3.6665 -6.2007
SCALE 1 1 1
X -0.7775 -0.0030  0.6289
Y -0.4526 -0.6917 -0.5628
Z  0.4367 -0.7222  0.5364

PART 44
OFFSET  3.2617 -3.6185 -6.8958
SCALE 1 1 1
X -0.9477  0.3191  0.0037
Y  0.2527  0.7573 -0.6022
Z -0.1950 -0.5698 -0.7983

PART 45
OFFSET  0.9210 -6.2956 -8.8676
SCALE 1 1 1
X -0.9565 -0.0395  0.2891
Y  0.0844 -0.9859  0.1447
Z  0.2793  0.1628  0.9463

PART 46
OFFSET  3.1004 -6.0623 -9.3971
SCALE 1 1 1
X -0.4466 -0.8810 -0.1565
Y  0.8939 -0.4470 -0.0346
Z -0.0394 -0.1553  0.9871

PART 47
OFFSET  3.7327 -4.8150 -9.1756
SCALE 1 1 1
X  0.4748 -0.8713 -0.1243
Y  0.8801  0.4689  0.0746
Z -0.0067 -0.1449  0.9894

PART 48
OFFSET  3.3117 -4.0426 -9.0653
SCALE 1 1 1
X  0.9893  0.1421 -0.0325
Y -0.1377  0.9842  0.1111
Z  0.0477 -0.1054  0.9933

PART 49
OFFSET  2.3718 -4.1776 -9.0345
SCALE 1 1 1
X -0.6771 -0.7113 -0.1885
Y -0.7346  0.6383  0.2302
Z -0.0434  0.2944 -0.9547

PART 50
OFFSET  0.9243 -6.3643 -8.1570
SCALE 1 1 1
X -0.9994 -0.0332 -0.0048
Y  0.0321 -0.9885  0.1480
Z -0.0096  0.1478  0.9890

PART 51
OFFSET  3.5203 -6.3220 -8.2882
SCALE 1 1 1
X -0.2783 -0.9605  0.0086
Y  0.9604 -0.2781  0.0160
Z -0.0129  0.0127  0.9998

PART 52
OFFSET  3.9941 -4.6868 -8.3028
SCALE 1 1 1
X  0.7235 -0.6902  0.0133
Y  0.6897  0.7235  0.0272
Z -0.0284 -0.0105  0.9995

PART 53
OFFSET  2.9914 -3.7303 -8.3213
SCALE 1 1 1
X  0.9115  0.4100  0.0330
Y -0.4100  0.9121 -0.0077
Z -0.0332 -0.0065  0.9994

PART 54
OFFSET  2.0028 -4.1749 -8.3571
SCALE 1 1 1
X -0.5142 -0.8572  0.0266
Y -0.8565  0.5117 -0.0682
Z  0.0448 -0.0578 -0.9973

PART 55
OFFSET -4.4143 -7.1466 -8.5382
SCALE 1 1 1
X -0.9462 -0.3130 -0.0816
Y -0.2887  0.9311 -0.2231
Z  0.1458 -0.1875 -0.9714

PART 56
OFFSET  3.2561 -6.5350 -6.1373
SCALE 1 1 1
X -0.9338 -0.3469 -0.0879
Y  0.3396 -0.9365  0.0877
Z -0.1127  0.0520  0.9923

PART 57
OFFSET  4.9002 -5.9243 -5.9825
SCALE 1 1 1
X -0.2667 -0.9614  0.0672
Y  0.9554 -0.2546  0.1495
Z -0.1266  0.1041  0.9865

PART 58
OFFSET  5.2168 -4.7491 -6.0043
SCALE 1 1 1
X  0.6338 -0.7664  0.1047
Y  0.7632  0.6416  0.0762
Z -0.1256  0.0316  0.9916

PART 59
OFFSET  4.5009 -3.8835 -6.1225
SCALE 1 1 1
X -0.9306 -0.3208  0.1760
Y -0.3538  0.9117 -0.2087
Z -0.0935 -0.2565 -0.9620

PART 60
OFFSET  3.4916 -6.4569 -7.2138
SCALE 1 1 1
X -0.4423 -0.8963  0.0315
Y  0.8884 -0.4330  0.1527
Z -0.1233  0.0955  0.9878

PART 61
OFFSET  4.3556 -4.7059 -7.2753
SCALE 1 1 1
X  0.6844 -0.7132  0.1515
Y  0.7235  0.6900 -0.0198
Z -0.0905  0.1232  0.9883

PART 62
OFFSET  3.3560 -3.6641 -7.4967
SCALE 1 1 1
X  0.9742  0.2236  0.0295
Y -0.2142  0.9583 -0.1893
Z -0.0706  0.1781  0.9815

PART 63
OFFSET  2.2530 -3.9180 -7.5371
SCALE 1 1 1
X -0.6057 -0.7949  0.0356
Y -0.7941  0.6010 -0.0902
Z  0.0503 -0.0829 -0.9953

PART 64
OFFSET  10.2716 -4.3624 -3.8784
SCALE 1 1 1
X  0.9997  0.0238  0.0003
Y -0.0236  0.9938 -0.1083
Z -0.0028  0.1083  0.9941

PART 65
OFFSET  10.2716 -4.3624 -3.8784
SCALE 1 1 1
X  0.9997  0.0238  0.0003
Y -0.0236  0.9938 -0.1083
Z -0.0028  0.1083  0.9941

PART 66
OFFSET  9.1655 -4.6683 -3.5462
SCALE 1 1 1
X  0.0220 -0.9319  0.3620
Y  0.9997  0.0238  0.0003
Z -0.0088  0.3618  0.9322

PART 67
OFFSET  33.4803 -3.7481 -3.4594
SCALE 1 1 1
X  0.9997  0.0238  0.0003
Y -0.0236  0.9938 -0.1083
Z -0.0028  0.1083  0.9941

PART 68
OFFSET  10.2721 -4.3753 -4.6876
SCALE 1 1 1
X  0.9997  0.0238  0.0003
Y -0.0236  0.9938 -0.1083
Z -0.0028  0.1083  0.9941

PART 69
OFFSET  10.2832 -4.3153 -3.4491
SCALE 1 1 1
X  0.9997  0.0238  0.0003
Y -0.0236  0.9938 -0.1083
Z -0.0028  0.1083  0.9941

PART 70
OFFSET  15.9337 -4.4845 -6.1842
SCALE 1 1 1
X  0.9997  0.0238  0.0003
Y -0.0236  0.9938 -0.1083
Z -0.0028  0.1083  0.9941

PART 71
OFFSET  2.6665 -3.3417 -3.9750
SCALE 1 1 1
X  0.9997  0.0238  0.0003
Y -0.0236  0.9938 -0.1083
Z -0.0028  0.1083  0.9941

PART 72
OFFSET  2.6695 -3.4699 -3.9610
SCALE 1 1 1
X  0.6797  0.0954  0.7272
Y -0.0236  0.9938 -0.1083
Z -0.7331  0.0565  0.6778

PART 73
OFFSET  14.3564 -4.0476 -1.8335
SCALE 1 1 1
X  0.9997  0.0238  0.0003
Y -0.0236  0.9938 -0.1083
Z -0.0028  0.1083  0.9941

PART 74
OFFSET  7.7036 -4.5578 -5.2681
SCALE 1 1 1
X  0.9997  0.0238  0.0003
Y -0.0236  0.9938 -0.1083
Z -0.0028  0.1083  0.9941

PART 75
OFFSET  13.0191 -4.1072 -2.1357
SCALE 1 1 1
X  0.0220 -0.9319  0.3620
Y  0.9997  0.0238  0.0003
Z -0.0088  0.3618  0.9322

PART 76
OFFSET  11.9135 -4.1282 -2.0878
SCALE 1 1 1
X  0.9997  0.0238  0.0003
Y -0.0236  0.9938 -0.1083
Z -0.0028  0.1083  0.9941

PART 77
OFFSET  18.2208 -4.9934 -2.8828
SCALE 1 1 1
X  0.9997  0.0238  0.0003
Y -0.0187  0.7793  0.6263
Z  0.0147 -0.6262  0.7796

PART 78
OFFSET  11.7197 -4.0704 -1.5153
SCALE 1 1 1
X  0.9997  0.0238  0.0003
Y -0.0236  0.9938 -0.1083
Z -0.0028  0.1083  0.9941

PART 79
OFFSET  33.4803 -3.7481 -3.4594
SCALE 1 1 1
X  0.0236 -0.9938  0.1083
Y  0.9997  0.0238  0.0003
Z -0.0028  0.1083  0.9941

PART 80
OFFSET  40.0132 -3.5929 -3.4578
SCALE 1 1 1
X  0.0236 -0.9938  0.1083
Y  0.9997  0.0238  0.0003
Z -0.0028  0.1083  0.9941

PART 81
OFFSET  22.3876 -4.3041 -6.1449
SCALE 1 1 1
X  0.9997  0.0238  0.0003
Y -0.0236  0.9938 -0.1083
Z -0.0028  0.1083  0.9941

PART 82
OFFSET  8.4450 -3.6436 -3.8571
SCALE 1 1 1
X  0.9997  0.0238  0.0003
Y -0.0236  0.9938 -0.1083
Z -0.0028  0.1083  0.9941

PART 83
OFFSET  10.2829 -3.2645 -4.8033
SCALE 1 1 1
X  0.9997  0.0238  0.0003
Y -0.0236  0.9938 -0.1083
Z -0.0028  0.1083  0.9941

PART 84
OFFSET  9.5603 -3.2817 -4.8035
SCALE 1 1 1
X  0.9997  0.0238  0.0003
Y -0.0236  0.9938 -0.1083
Z -0.0028  0.1083  0.9941

PART 85
OFFSET  8.8361 -3.2989 -4.8037
SCALE 1 1 1
X  0.9997  0.0238  0.0003
Y -0.0236  0.9938 -0.1083
Z -0.0028  0.1083  0.9941

PART 86
OFFSET  8.1120 -3.3161 -4.8039
SCALE 1 1 1
X  0.9997  0.0238  0.0003
Y -0.0236  0.9938 -0.1083
Z -0.0028  0.1083  0.9941

PART 87
OFFSET  7.3878 -3.3333 -4.8041
SCALE 1 1 1
X  0.9997  0.0238  0.0003
Y -0.0236  0.9938 -0.1083
Z -0.0028  0.1083  0.9941

PART 88
OFFSET  6.6637 -3.3505 -4.8042
SCALE 1 1 1
X  0.9997  0.0238  0.0003
Y -0.0236  0.9938 -0.1083
Z -0.0028  0.1083  0.9941

PART 89
OFFSET  0.0000 -0.0000 -0.0000
SCALE 1 1 1
X  1.0000 -0.0000  0.0000
Y  0.0000  1.0000  0.0000
Z  0.0000 -0.0000  1.0000

PART 90
OFFSET  0.0000 -0.0000 -0.0000
SCALE 1 1 1
X  1.0000 -0.0000  0.0000
Y  0.0000  1.0000  0.0000
Z  0.0000 -0.0000  1.0000

PART 91
OFFSET  1.5404 -0.0000  4.1357
SCALE 1 1 1
X  1.0000 -0.0000  0.0000
Y  0.0000  1.0000  0.0000
Z  0.0000 -0.0000  1.0000

PART 92
OFFSET  0.0000 -0.0000 -0.0000
SCALE 1 1 1
X  1.0000 -0.0000  0.0000
Y  0.0000  1.0000  0.0000
Z  0.0000 -0.0000  1.0000


FRAME 233
PART 0
OFFSET -4.6318 -0.0000 -1.3770
SCALE 1 1 1
X  1.0000 -0.0000  0.0000
Y  0.0000  1.0000  0.0000
Z  0.0000 -0.0000  1.0000

PART 1
OFFSET  0.1218  5.5976 -6.6823
SCALE 1 1 1
X  0.7882 -0.1730 -0.5907
Y -0.0681 -0.9783  0.1956
Z -0.6117 -0.1140 -0.7829

PART 2
OFFSET  9.6538  3.5056 -13.8256
SCALE 1 1 1
X  0.8877 -0.4160  0.1974
Y -0.2736 -0.1317  0.9528
Z -0.3704 -0.8998 -0.2307

PART 3
OFFSET  17.2039 -0.0329 -12.1471
SCALE 1 1 1
X  0.8877 -0.4160  0.1974
Y -0.3242 -0.2602  0.9095
Z -0.3270 -0.8713 -0.3659

PART 4
OFFSET  19.3870  1.0562 -12.6076
SCALE 1 1 1
X  0.8903 -0.4128  0.1923
Y  0.3718  0.9027  0.2165
Z -0.2629 -0.1212  0.9572

PART 5
OFFSET  18.1771 -0.9465 -13.3117
SCALE 1 1 1
X  0.8903 -0.4128  0.1923
Y  0.3718  0.9027  0.2165
Z -0.2629 -0.1212  0.9572

PART 6
OFFSET  19.3241  0.9941 -9.8004
SCALE 1 1 1
X  0.8903 -0.4128  0.1923
Y  0.3718  0.9027  0.2165
Z -0.2629 -0.1212  0.9572

PART 7
OFFSET  18.1749 -1.3968 -10.1551
SCALE 1 1 1
X  0.8903 -0.4128  0.1923
Y  0.3718  0.9027  0.2165
Z -0.2629 -0.1212  0.9572

PART 8
