// Export filename: `C:\projects\cod\t5\xanim_export\t5_viewmodels\spas12\spas12_d2p_in.XANIM_EXPORT`
// Source filename: `D:\projects\devanim\t5\animation_assets\viewmodels/spas12/ViewModel_Spas12_animated.fbx`
// Export time: Sat Sep 11 16:00:51 2010

ANIMATION
VERSION 3

NUMPARTS 78
PART 0 "tag_ads"
PART 1 "tag_torso"
PART 2 "J_Shoulder_LE"
PART 3 "J_Elbow_LE"
PART 4 "J_WristTwist_LE"
PART 5 "J_Sleave_Reshape_Bottom_LE_1"
PART 6 "J_Sleave_Reshape_Bottom_LE_2"
PART 7 "J_Sleave_Reshape_Top_LE_1"
PART 8 "J_Sleave_Reshape_Top_LE_2"
PART 9 "J_Sleave_Reshape_Top_LE_3"
PART 10 "J_Wrist_LE"
PART 11 "J_Thumb_LE_0"
PART 12 "J_Thumb_LE_1"
PART 13 "J_Thumb_LE_2"
PART 14 "J_Thumb_LE_3"
PART 15 "J_PinkyPalm_LE"
PART 16 "J_Pinky_LE_0"
PART 17 "J_Pinky_LE_1"
PART 18 "J_Pinky_LE_2"
PART 19 "J_Pinky_LE_3"
PART 20 "J_RingPalm_LE"
PART 21 "J_Ring_LE_0"
PART 22 "J_Ring_LE_1"
PART 23 "J_Ring_LE_2"
PART 24 "J_Ring_LE_3"
PART 25 "J_Webbing_LE"
PART 26 "J_Index_LE_0"
PART 27 "J_Index_LE_1"
PART 28 "J_Index_LE_2"
PART 29 "J_Index_LE_3"
PART 30 "J_Mid_LE_0"
PART 31 "J_Mid_LE_1"
PART 32 "J_Mid_LE_2"
PART 33 "J_Mid_LE_3"
PART 34 "tag_knife_attach"
PART 35 "tag_weapon"
PART 36 "J_Gun"
PART 37 "TAG_CLIP"
PART 38 "J_Bolt"
PART 39 "J_pump"
PART 40 "J_ring"
PART 41 "J_stock"
PART 42 "J_stocktop"
PART 43 "J_Load"
PART 44 "tag_iron_sights"
PART 45 "J_Shoulder_RI"
PART 46 "J_Elbow_RI"
PART 47 "J_WristTwist_RI"
PART 48 "J_Sleave_Reshape_Top_RI_3"
PART 49 "J_Sleave_Reshape_Top_RI_2"
PART 50 "J_Sleave_Reshape_Top_RI_1"
PART 51 "J_Wrist_RI"
PART 52 "J_Thumb_RI_0"
PART 53 "J_Thumb_RI_1"
PART 54 "J_Thumb_RI_2"
PART 55 "J_Thumb_RI_3"
PART 56 "J_PinkyPalm_RI"
PART 57 "J_Pinky_RI_0"
PART 58 "J_Pinky_RI_1"
PART 59 "J_Pinky_RI_2"
PART 60 "J_Pinky_RI_3"
PART 61 "J_RingPalm_RI"
PART 62 "J_Ring_RI_0"
PART 63 "J_Ring_RI_1"
PART 64 "J_Ring_RI_2"
PART 65 "J_Ring_RI_3"
PART 66 "J_Webbing_RI"
PART 67 "J_Index_RI_0"
PART 68 "J_Index_RI_1"
PART 69 "J_Index_RI_2"
PART 70 "J_Index_RI_3"
PART 71 "J_Mid_RI_0"
PART 72 "J_Mid_RI_1"
PART 73 "J_Mid_RI_2"
PART 74 "J_Mid_RI_3"
PART 75 "tag_cambone"
PART 76 "tag_camera"
PART 77 "tag_gasmask"

FRAMERATE 30
NUMFRAMES 11

FRAME 800
PART 0
OFFSET  0.0000 -0.0000 -0.0000
X  1.0000 -0.0000  0.0000
Y  0.0000  1.0000  0.0000
Z  0.0000 -0.0000  1.0000

PART 1
OFFSET -4.6318 -0.0000 -1.3770
X  1.0000 -0.0000  0.0000
Y  0.0000  1.0000  0.0000
Z  0.0000 -0.0000  1.0000

PART 2
OFFSET -2.1458  5.0340 -5.9168
X  0.5627  0.3784 -0.7350
Y  0.2002 -0.9250 -0.3230
Z -0.8021  0.0346 -0.5962

PART 3
OFFSET  4.6595  9.6103 -14.8055
X  0.8239 -0.4780  0.3043
Y -0.5149 -0.4074  0.7543
Z -0.2366 -0.7782 -0.5818

PART 4
OFFSET  11.6675  5.5443 -12.2176
X  0.8239 -0.4780  0.3043
Y  0.5459  0.8136 -0.2000
Z -0.1519  0.3309  0.9314

PART 5
OFFSET  13.1950  6.6256 -11.9914
X  0.8277 -0.4735  0.3014
Y  0.2417  0.7853  0.5700
Z -0.5065 -0.3990  0.7644

PART 6
OFFSET  12.9768  5.0027 -13.2810
X  0.8277 -0.4735  0.3014
Y  0.2417  0.7853  0.5700
Z -0.5065 -0.3990  0.7644

PART 7
OFFSET  12.2939  5.2543 -9.9805
X  0.8277 -0.4735  0.3014
Y  0.2417  0.7853  0.5700
Z -0.5065 -0.3990  0.7644

PART 8
OFFSET  12.1667  3.5621 -10.6948
X  0.8277 -0.4735  0.3014
Y  0.2417  0.7853  0.5700
Z -0.5065 -0.3990  0.7644

PART 9
OFFSET  12.2007  3.6648 -11.8881
X  0.8277 -0.4735  0.3014
Y  0.2417  0.7853  0.5700
Z -0.5065 -0.3990  0.7644

PART 10
OFFSET  14.1935  4.0788 -11.2848
X  0.9150  0.1972 -0.3519
Y -0.1656  0.9791  0.1179
Z  0.3678 -0.0496  0.9286

PART 11
OFFSET  14.5963  5.0920 -10.9480
X  0.8076  0.5801  0.1060
Y -0.5844  0.8113  0.0124
Z -0.0788 -0.0719  0.9943

PART 12
OFFSET  16.2763  6.4209 -10.6627
X  0.9446  0.2448 -0.2188
Y -0.1881  0.9497  0.2505
Z  0.2692 -0.1955  0.9431

PART 13
OFFSET  17.8425  6.7375 -10.9254
X  0.7865  0.6108 -0.0919
Y -0.5951  0.7892  0.1521
Z  0.1654 -0.0649  0.9841

PART 14
OFFSET  18.6904  7.4085 -10.9771
X  0.3517  0.6552 -0.6686
Y -0.4017 -0.5395 -0.7400
Z -0.8455  0.5288  0.0734

PART 15
OFFSET  15.2195  3.1872 -11.5212
X  0.9025 -0.3921  0.1782
Y -0.1439  0.1156  0.9828
Z -0.4060 -0.9126  0.0479

PART 16
OFFSET  17.2887  2.4533 -11.0072
X  0.1114  0.0918  0.9895
Y -0.9435  0.3224  0.0763
Z -0.3120 -0.9422  0.1225

PART 17
OFFSET  17.4464  2.5832 -9.6062
X -0.6473  0.3187  0.6925
Y -0.7079  0.0856 -0.7011
Z -0.2827 -0.9440  0.1702

PART 18
OFFSET  16.8725  2.8658 -8.9923
X -0.5162  0.2786  0.8099
Y -0.7931  0.2016 -0.5748
Z -0.3234 -0.9390  0.1169

PART 19
OFFSET  16.3821  3.1304 -8.2228
X  0.9394 -0.2038 -0.2755
Y -0.3074 -0.1458 -0.9403
Z  0.1515  0.9681 -0.1996

PART 20
OFFSET  15.2593  3.8882 -11.6499
X  0.9239 -0.1134 -0.3655
Y  0.3559 -0.0965  0.9295
Z -0.1407 -0.9889 -0.0488

PART 21
OFFSET  17.7912  3.3937 -11.9710
X  0.6544 -0.1374  0.7435
Y -0.7011  0.2582  0.6647
Z -0.2833 -0.9563  0.0727

PART 22
OFFSET  18.9054  3.1598 -10.7051
X -0.5880  0.2289  0.7758
Y -0.7664  0.1491 -0.6249
Z -0.2587 -0.9620  0.0877

PART 23
OFFSET  18.0905  3.4771 -9.6299
X -0.5234  0.2095  0.8259
Y -0.8128  0.1683 -0.5578
Z -0.2559 -0.9632  0.0822

PART 24
OFFSET  17.5228  3.7043 -8.7342
X  0.8805 -0.3152 -0.3540
Y -0.3541  0.0591 -0.9333
Z  0.3151  0.9472 -0.0596

PART 25
OFFSET  16.9484  6.2147 -11.6848
X  0.9953 -0.0176 -0.0957
Y -0.0923  0.1430 -0.9854
Z  0.0311  0.9896  0.1407

PART 26
OFFSET  17.4973  5.6040 -12.9123
X  0.9903 -0.1084  0.0870
Y -0.1243 -0.4119  0.9027
Z -0.0620 -0.9048 -0.4214

PART 27
OFFSET  19.2408  5.4132 -12.7592
X  0.9786 -0.1780  0.1030
Y -0.1745 -0.4543  0.8736
Z -0.1087 -0.8729 -0.4756

PART 28
OFFSET  20.4372  5.2498 -12.6051
X  0.8472 -0.2308  0.4785
Y -0.5312 -0.3772  0.7586
Z  0.0054 -0.8969 -0.4421

PART 29
OFFSET  21.3941  4.9892 -12.0646
X  0.2053  0.1633 -0.9650
Y -0.9601  0.2252 -0.1661
Z  0.1902  0.9605  0.2030

PART 30
OFFSET  17.6454  4.5119 -12.8361
X  0.9354 -0.0842  0.3435
Y -0.3280  0.1572  0.9315
Z -0.1324 -0.9840  0.1195

PART 31
OFFSET  19.4727  4.3475 -12.1650
X  0.3684  0.0499  0.9283
Y -0.9118  0.2141  0.3503
Z -0.1813 -0.9755  0.1244

PART 32
OFFSET  20.0108  4.4204 -10.8091
X -0.2750  0.1789  0.9447
Y -0.9330  0.1877 -0.3071
Z -0.2322 -0.9658  0.1153

PART 33
OFFSET  19.6983  4.6160 -9.7381
X  0.8216 -0.1953 -0.5356
Y -0.5528 -0.0437 -0.8322
Z  0.1392  0.9798 -0.1438

PART 34
OFFSET  17.3241  4.0102 -10.8874
X -0.1701 -0.9853  0.0148
Y -0.3678  0.0496 -0.9286
Z  0.9142 -0.1634 -0.3709

PART 35
OFFSET  10.4849  1.0668 -6.3818
X  0.8116  0.4747 -0.3405
Y -0.5808  0.7184 -0.3828
Z  0.0629  0.5085  0.8588

PART 36
OFFSET  10.4849  1.0668 -6.3818
X  0.8116  0.4747 -0.3405
Y -0.5808  0.7184 -0.3828
Z  0.0629  0.5085  0.8588

PART 37
OFFSET -184.6604 -181.9758 -53.8635
X -0.0629 -0.5085 -0.8588
Y -0.5808  0.7184 -0.3828
Z  0.8116  0.4747 -0.3405

PART 38
OFFSET  10.5225  1.2925 -6.0153
X  0.8116  0.4747 -0.3405
Y -0.5808  0.7184 -0.3828
Z  0.0629  0.5085  0.8588

PART 39
OFFSET  14.6167  2.3831 -10.1670
X  0.8116  0.4747 -0.3405
Y -0.5808  0.7184 -0.3828
Z  0.0629  0.5085  0.8588

PART 40
OFFSET  3.7117 -1.7401 -4.1819
X  0.5995  0.6956  0.3959
Y -0.5808  0.7184 -0.3828
Z -0.5507 -0.0004  0.8347

PART 41
OFFSET  3.6368 -1.6475 -4.2313
X  0.8116  0.4747 -0.3405
Y -0.5808  0.7184 -0.3828
Z  0.0629  0.5085  0.8588

PART 42
OFFSET  13.9380  4.0506 -6.0079
X  0.8116  0.4747 -0.3405
Y -0.5808  0.7184 -0.3828
Z  0.0629  0.5085  0.8588

PART 43
OFFSET  8.2997 -0.8517 -6.7108
X  0.8116  0.4747 -0.3405
Y -0.5808  0.7184 -0.3828
Z  0.0629  0.5085  0.8588

PART 44
OFFSET  12.8297  3.2648 -5.8144
X  0.5773 -0.5623  0.5920
Y  0.8116  0.4747 -0.3405
Z -0.0896  0.6771  0.7304

PART 45
OFFSET -12.9782 -7.9373 -1.9159
X -0.4855  0.0118  0.8742
Y -0.3895 -0.8981 -0.2042
Z  0.7827 -0.4396  0.4406

PART 46
OFFSET -7.1071 -8.0804 -12.4881
X -0.8265 -0.0803 -0.5571
Y  0.5592 -0.0049 -0.8290
Z  0.0638 -0.9968  0.0489

PART 47
OFFSET -0.0770 -7.3976 -7.7495
X -0.8265 -0.0803 -0.5571
Y  0.5545  0.0540 -0.8304
Z  0.0967 -0.9953 -0.0001

PART 48
OFFSET  0.6250 -6.1376 -6.3913
X -0.8300 -0.0775 -0.5523
Y -0.0695  0.9970 -0.0354
Z  0.5534  0.0090 -0.8329

PART 49
OFFSET  0.4446 -6.7066 -5.3523
X -0.8300 -0.0775 -0.5523
Y -0.0695  0.9970 -0.0354
Z  0.5534  0.0090 -0.8329

PART 50
OFFSET  0.7320 -8.0199 -5.4107
X -0.8300 -0.0775 -0.5523
Y -0.0695  0.9970 -0.0354
Z  0.5534  0.0090 -0.8329

PART 51
OFFSET  2.4569 -7.1515 -6.0416
X -0.7905 -0.6099  0.0553
Y  0.1887 -0.3286 -0.9254
Z  0.5826 -0.7211  0.3749

PART 52
OFFSET  2.3911 -6.2640 -5.3273
X -0.1001 -0.9950  0.0013
Y  0.4465 -0.0461 -0.8936
Z  0.8892 -0.0889  0.4489

PART 53
OFFSET  2.5132 -4.1074 -5.2659
X -0.5513 -0.7226  0.4170
Y  0.3900 -0.6650 -0.6369
Z  0.7376 -0.1885  0.6484

PART 54
OFFSET  3.3437 -2.9593 -6.0497
X -0.5607 -0.0880  0.8234
Y -0.0628 -0.9870 -0.1483
Z  0.8257 -0.1348  0.5478

PART 55
OFFSET  3.9133 -2.8412 -6.9626
X -0.9572 -0.1817  0.2253
Y -0.2846  0.4486 -0.8472
Z  0.0529 -0.8751 -0.4811

PART 56
OFFSET  3.2102 -6.8415 -7.1551
X -0.7309 -0.3435  0.5898
Y  0.6312 -0.6689  0.3927
Z  0.2596  0.6592  0.7057

PART 57
OFFSET  4.8128 -5.8918 -8.4256
X  0.0975 -0.9581  0.2694
Y  0.9794  0.0442 -0.1973
Z  0.1771  0.2830  0.9426

PART 58
OFFSET  4.6748 -4.5353 -8.8069
X  0.8562 -0.5165 -0.0123
Y  0.4769  0.7993 -0.3656
Z  0.1986  0.3071  0.9307

PART 59
OFFSET  3.9156 -4.0774 -8.7960
X  0.7337  0.5483 -0.4013
Y -0.6421  0.7527 -0.1455
Z  0.2223  0.3644  0.9043

PART 60
OFFSET  3.2186 -4.5984 -8.4147
X -0.1902 -0.9446  0.2675
Y -0.9288  0.2614  0.2627
Z -0.3181 -0.1985 -0.9271

PART 61
OFFSET  3.3400 -6.5897 -6.4999
X -0.8068 -0.4839  0.3391
Y  0.5898 -0.6934  0.4139
Z  0.0349  0.5340  0.8448

PART 62
OFFSET  5.4417 -5.4285 -7.4964
X  0.3009 -0.8728  0.3844
Y  0.9475  0.2279 -0.2241
Z  0.1080  0.4317  0.8955

PART 63
OFFSET  4.9294 -3.9427 -8.1509
X  0.9789 -0.2028 -0.0256
Y  0.1736  0.8909 -0.4197
Z  0.1079  0.4064  0.9073

PART 64
OFFSET  3.5728 -3.6616 -8.1154
X  0.5301  0.7499 -0.3959
Y -0.8418  0.5214 -0.1396
Z  0.1017  0.4073  0.9076

PART 65
OFFSET  2.9979 -4.4748 -7.6860
X  0.0516 -0.8922  0.4488
Y -0.9971 -0.0206  0.0737
Z -0.0565 -0.4513 -0.8906

PART 66
OFFSET -0.6806 -9.7986 -4.8278
X -0.6183 -0.7108  0.3353
Y -0.7793  0.4994 -0.3785
Z  0.1016 -0.4953 -0.8628

PART 67
OFFSET  5.6114 -4.7952 -5.4199
X -0.5902 -0.7343  0.3355
Y  0.8073 -0.5383  0.2419
Z  0.0030  0.4136  0.9105

PART 68
OFFSET  6.6505 -3.5024 -6.0106
X  0.3183 -0.8432  0.4333
Y  0.9472  0.3011 -0.1098
Z -0.0379  0.4454  0.8945

PART 69
OFFSET  6.2612 -2.4503 -6.4831
X  0.9584 -0.2641  0.1086
Y  0.2855  0.8815 -0.3762
Z  0.0036  0.3915  0.9202

PART 70
OFFSET  5.1788 -2.1520 -6.6057
X -0.5687 -0.5996  0.5630
Y -0.8206  0.4608 -0.3382
Z -0.0567 -0.6543 -0.7541

PART 71
OFFSET  5.6273 -5.0873 -6.4852
X  0.1331 -0.8877  0.4407
Y  0.9906  0.1327 -0.0319
Z -0.0302  0.4408  0.8971

PART 72
OFFSET  5.3673 -3.3531 -7.3461
X  0.9767 -0.1795  0.1180
Y  0.2140  0.8601 -0.4631
Z -0.0183  0.4776  0.8784

PART 73
OFFSET  3.9408 -3.0909 -7.5185
X  0.6841  0.6316 -0.3649
Y -0.7286  0.5691 -0.3811
Z -0.0330  0.5266  0.8495

PART 74
OFFSET  3.1657 -3.8095 -7.1114
X -0.0570 -0.8814  0.4689
Y -0.9977  0.0682  0.0067
Z -0.0379 -0.4674 -0.8832

PART 75
OFFSET  0.0000 -0.0000 -0.0000
X  1.0000 -0.0000  0.0000
Y  0.0000  1.0000  0.0000
Z  0.0000 -0.0000  1.0000

PART 76
OFFSET  0.0000 -0.0000 -0.0000
X  1.0000 -0.0000  0.0000
Y  0.0000  1.0000  0.0000
Z  0.0000 -0.0000  1.0000

PART 77
OFFSET  1.5404 -0.0000  4.1357
X  1.0000 -0.0000  0.0000
Y  0.0000  1.0000  0.0000
Z  0.0000 -0.0000  1.0000


FRAME 801
PART 0
OFFSET  0.0000 -0.0000 -0.0000
X  1.0000 -0.0000  0.0000
Y  0.0000  1.0000  0.0000
Z  0.0000 -0.0000  1.0000

PART 1
OFFSET -4.6318 -0.0000 -1.3770
X  1.0000 -0.0000  0.0000
Y  0.0000  1.0000  0.0000
Z  0.0000 -0.0000  1.0000

PART 2
OFFSET -2.1458  5.0340 -5.9168
X  0.5637  0.3803 -0.7332
Y  0.2056 -0.9244 -0.3214
Z -0.8000  0.0305 -0.5993

PART 3
OFFSET  4.6719  9.6333 -14.7842
X  0.8260 -0.4732  0.3063
Y -0.5143 -0.4099  0.7533
Z -0.2309 -0.7797 -0.5820

PART 4
OFFSET  11.6970  5.6081 -12.1788
X  0.8260 -0.4732  0.3063
Y  0.5408  0.8186 -0.1935
Z -0.1592  0.3254  0.9321

PART 5
OFFSET  13.2178  6.6981 -11.9497
X  0.8296 -0.4686  0.3034
Y  0.2359  0.7869  0.5702
Z -0.5060 -0.4015  0.7634

PART 6
OFFSET  13.0117  5.0734 -13.2390
X  0.8296 -0.4686  0.3034
Y  0.2359  0.7869  0.5702
Z -0.5060 -0.4015  0.7634

PART 7
OFFSET  12.3199  5.3226 -9.9402
X  0.8296 -0.4686  0.3034
Y  0.2359  0.7869  0.5702
Z -0.5060 -0.4015  0.7634

PART 8
OFFSET  12.2039  3.6294 -10.6540
X  0.8296 -0.4686  0.3034
Y  0.2359  0.7869  0.5702
Z -0.5060 -0.4015  0.7634

PART 9
OFFSET  12.2401  3.7317 -11.8473
X  0.8296 -0.4686  0.3034
Y  0.2359  0.7869  0.5702
Z -0.5060 -0.4015  0.7634

PART 10
OFFSET  14.2291  4.1573 -11.2397
X  0.9128  0.2073 -0.3520
Y -0.1721  0.9766  0.1290
Z  0.3705 -0.0572  0.9271

PART 11
OFFSET  14.6257  5.1695 -10.8928
X  0.8038  0.5845  0.1104
Y -0.5900  0.8071  0.0227
Z -0.0758 -0.0834  0.9936

PART 12
OFFSET  16.2973  6.5068 -10.5971
X  0.9423  0.2537 -0.2184
Y -0.1940  0.9455  0.2614
Z  0.2729 -0.2039  0.9402

PART 13
OFFSET  17.8606  6.8371 -10.8600
X  0.7820  0.6171 -0.0871
Y -0.6001  0.7833  0.1621
Z  0.1683 -0.0745  0.9829

PART 14
OFFSET  18.7038  7.5144 -10.9065
X  0.3455  0.6649 -0.6623
Y -0.3998 -0.5342 -0.7448
Z -0.8490  0.5221  0.0813

PART 15
OFFSET  15.2606  3.2755 -11.4883
X  0.9056 -0.3878  0.1717
Y -0.1422  0.1038  0.9844
Z -0.3996 -0.9159  0.0389

PART 16
OFFSET  17.3361  2.5502 -10.9874
X  0.1132  0.0817  0.9902
Y -0.9455  0.3150  0.0821
Z -0.3052 -0.9456  0.1129

PART 17
OFFSET  17.4964  2.6659 -9.5855
X -0.6477  0.3066  0.6975
Y -0.7102  0.0883 -0.6984
Z -0.2758 -0.9477  0.1606

PART 18
OFFSET  16.9221  2.9378 -8.9671
X -0.5161  0.2662  0.8142
Y -0.7959  0.2023 -0.5706
Z -0.3166 -0.9425  0.1074

PART 19
OFFSET  16.4319  3.1907 -8.1936
X  0.9401 -0.1943 -0.2800
Y -0.3088 -0.1376 -0.9411
Z  0.1443  0.9712 -0.1894

PART 20
OFFSET  15.2953  3.9781 -11.6094
X  0.9237 -0.1030 -0.3690
Y  0.3589 -0.1042  0.9275
Z -0.1340 -0.9892 -0.0593

PART 21
OFFSET  17.8298  3.5046 -11.9421
X  0.6572 -0.1410  0.7404
Y -0.7012  0.2460  0.6692
Z -0.2765 -0.9590  0.0629

PART 22
OFFSET  18.9487  3.2646 -10.6815
X -0.5876  0.2163  0.7797
Y -0.7689  0.1507 -0.6213
Z -0.2519 -0.9646  0.0778

PART 23
OFFSET  18.1343  3.5645 -9.6009
X -0.5228  0.1968  0.8294
Y -0.8153  0.1688 -0.5539
Z -0.2490 -0.9658  0.0722

PART 24
OFFSET  17.5673  3.7780 -8.7014
X  0.8818 -0.3052 -0.3596
Y -0.3569  0.0668 -0.9318
Z  0.3084  0.9499 -0.0500

PART 25
OFFSET  16.9682  6.3164 -11.6230
X  0.9951 -0.0097 -0.0983
Y -0.0957  0.1531 -0.9836
Z  0.0246  0.9882  0.1514

PART 26
OFFSET  17.5182  5.7230 -12.8584
X  0.9912 -0.1025  0.0834
Y -0.1192 -0.4226  0.8984
Z -0.0568 -0.9005 -0.4311

PART 27
OFFSET  19.2634  5.5426 -12.7116
X  0.9801 -0.1723  0.0986
Y -0.1692 -0.4650  0.8690
Z -0.1039 -0.8684 -0.4849

PART 28
OFFSET  20.4612  5.3858 -12.5623
X  0.8500 -0.2301  0.4739
Y -0.5267 -0.3891  0.7558
Z  0.0105 -0.8920 -0.4519

PART 29
OFFSET  21.4213  5.1259 -12.0270
X  0.2017  0.1753 -0.9636
Y -0.9620  0.2203 -0.1613
Z  0.1841  0.9595  0.2131

PART 30
OFFSET  17.6740  4.6312 -12.7945
X  0.9368 -0.0814  0.3403
Y -0.3267  0.1448  0.9340
Z -0.1253 -0.9861  0.1090

PART 31
OFFSET  19.5041  4.4721 -12.1297
X  0.3704  0.0423  0.9279
Y -0.9124  0.2040  0.3549
Z -0.1743 -0.9781  0.1141

PART 32
OFFSET  20.0451  4.5338 -10.7744
X -0.2738  0.1667  0.9472
Y -0.9350  0.1845 -0.3028
Z -0.2253 -0.9686  0.1053

PART 33
OFFSET  19.7340  4.7156 -9.7006
X  0.8216 -0.1838 -0.5397
Y -0.5546 -0.0384 -0.8312
Z  0.1320  0.9822 -0.1334

PART 34
OFFSET  17.3611  4.1060 -10.8507
X -0.1633 -0.9866  0.0044
Y -0.3705  0.0572 -0.9271
Z  0.9144 -0.1530 -0.3749

PART 35
OFFSET  10.5536  1.0663 -6.3610
X  0.8075  0.4840 -0.3373
Y -0.5867  0.7185 -0.3735
Z  0.0615  0.4995  0.8641

PART 36
OFFSET  10.5536  1.0663 -6.3610
X  0.8075  0.4840 -0.3373
Y -0.5867  0.7185 -0.3735
Z  0.0615  0.4995  0.8641

PART 37
OFFSET -183.4447 -182.7911 -55.3702
X -0.0615 -0.4995 -0.8641
Y -0.5867  0.7185 -0.3735
Z  0.8075  0.4840 -0.3373

PART 38
OFFSET  10.5906  1.2882 -5.9921
X  0.8075  0.4840 -0.3373
Y -0.5867  0.7185 -0.3735
Z  0.0615  0.4995  0.8641

PART 39
OFFSET  14.6668  2.4524 -10.1416
X  0.8075  0.4840 -0.3373
Y -0.5867  0.7185 -0.3735
Z  0.0615  0.4995  0.8641

PART 40
OFFSET  3.8054 -1.8113 -4.1755
X  0.5957  0.6954  0.4020
Y -0.5867  0.7185 -0.3735
Z -0.5486 -0.0133  0.8360

PART 41
OFFSET  3.7298 -1.7186 -4.2237
X  0.8075  0.4840 -0.3373
Y -0.5867  0.7185 -0.3735
Z  0.0615  0.4995  0.8641

PART 42
OFFSET  13.9870  4.0696 -5.9628
X  0.8075  0.4840 -0.3373
Y -0.5867  0.7185 -0.3735
Z  0.0615  0.4995  0.8641

PART 43
OFFSET  8.3808 -0.8635 -6.7057
X  0.8075  0.4840 -0.3373
Y -0.5867  0.7185 -0.3735
Z  0.0615  0.4995  0.8641

PART 44
OFFSET  12.8847  3.2741 -5.7753
X  0.5826 -0.5648  0.5844
Y  0.8075  0.4840 -0.3373
Z -0.0924  0.6684  0.7380

PART 45
OFFSET -12.9782 -7.9373 -1.9159
X -0.4909  0.0145  0.8711
Y -0.3913 -0.8970 -0.2056
Z  0.7784 -0.4418  0.4460

PART 46
OFFSET -7.0413 -8.1124 -12.4508
X -0.8318 -0.0779 -0.5496
Y  0.5518 -0.0089 -0.8339
Z  0.0601 -0.9969  0.0504

PART 47
OFFSET  0.0333 -7.4495 -7.7762
X -0.8318 -0.0779 -0.5496
Y  0.5464  0.0600 -0.8354
Z  0.0981 -0.9951 -0.0074

PART 48
OFFSET  0.7526 -6.1896 -6.4268
X -0.8352 -0.0751 -0.5448
Y -0.0657  0.9972 -0.0369
Z  0.5460  0.0050 -0.8378

PART 49
OFFSET  0.5791 -6.7558 -5.3851
X -0.8352 -0.0751 -0.5448
Y -0.0657  0.9972 -0.0369
Z  0.5460  0.0050 -0.8378

PART 50
OFFSET  0.8605 -8.0704 -5.4434
X -0.8352 -0.0751 -0.5448
Y -0.0657  0.9972 -0.0369
Z  0.5460  0.0050 -0.8378

PART 51
OFFSET  2.5833 -7.2106 -6.0913
X -0.7862 -0.6159  0.0506
Y  0.1887 -0.3171 -0.9294
Z  0.5885 -0.7211  0.3655

PART 52
OFFSET  2.5132 -6.3314 -5.3672
X -0.0933 -0.9956 -0.0094
Y  0.4446 -0.0332 -0.8951
Z  0.8909 -0.0876  0.4457

PART 53
OFFSET  2.6205 -4.1748 -5.2824
X -0.5452 -0.7310  0.4104
Y  0.3930 -0.6553 -0.6451
Z  0.7405 -0.1904  0.6445

PART 54
OFFSET  3.4412 -3.0125 -6.0557
X -0.5580 -0.1009  0.8237
Y -0.0564 -0.9857 -0.1589
Z  0.8279 -0.1351  0.5443

PART 55
OFFSET  4.0077 -2.8805 -6.9686
X -0.9553 -0.1908  0.2257
Y -0.2898  0.4559 -0.8415
Z  0.0577 -0.8694 -0.4908

PART 56
OFFSET  3.3316 -6.8832 -7.2031
X -0.7270 -0.3549  0.5877
Y  0.6367 -0.6688  0.3838
Z  0.2568  0.6533  0.7122

PART 57
OFFSET  4.9245 -5.9086 -8.4670
X  0.1048 -0.9603  0.2586
Y  0.9785  0.0531 -0.1992
Z  0.1775  0.2739  0.9452

PART 58
OFFSET  4.7762 -4.5490 -8.8331
X  0.8597 -0.5104 -0.0200
Y  0.4705  0.8066 -0.3579
Z  0.1988  0.2983  0.9335

PART 59
OFFSET  4.0139 -4.0965 -8.8154
X  0.7289  0.5577 -0.3970
Y -0.6476  0.7498 -0.1357
Z  0.2220  0.3560  0.9077

PART 60
OFFSET  3.3214 -4.6264 -8.4382
X -0.1830 -0.9488  0.2576
Y -0.9299  0.2521  0.2678
Z -0.3190 -0.1905 -0.9284

PART 61
OFFSET  3.4613 -6.6377 -6.5455
X -0.8026 -0.4931  0.3358
Y  0.5956 -0.6938  0.4049
Z  0.0333  0.5249  0.8505

PART 62
OFFSET  5.5525 -5.4512 -7.5344
X  0.3078 -0.8748  0.3741
Y  0.9454  0.2369 -0.2239
Z  0.1072  0.4226  0.8999

PART 63
OFFSET  5.0284 -3.9618 -8.1713
X  0.9802 -0.1958 -0.0302
Y  0.1664  0.8966 -0.4104
Z  0.1074  0.3972  0.9114

PART 64
OFFSET  3.6699 -3.6905 -8.1294
X  0.5239  0.7578 -0.3890
Y -0.8457  0.5170 -0.1318
Z  0.1012  0.3980  0.9118

PART 65
OFFSET  3.1017 -4.5124 -7.7076
X  0.0589 -0.8966  0.4388
Y -0.9967 -0.0283  0.0759
Z -0.0556 -0.4419 -0.8954

PART 66
OFFSET -0.5328 -9.8924 -4.8989
X -0.6126 -0.7187  0.3290
Y -0.7837  0.4981 -0.3711
Z  0.1028 -0.4851 -0.8684

PART 67
OFFSET  5.7230 -4.8394 -5.4515
X -0.5842 -0.7420  0.3289
Y  0.8116 -0.5353  0.2340
Z  0.0025  0.4036  0.9149

PART 68
OFFSET  6.7517 -3.5331 -6.0305
X  0.3252 -0.8456  0.4233
Y  0.9449  0.3088 -0.1088
Z -0.0387  0.4353  0.8994

PART 69
OFFSET  6.3540 -2.4786 -6.4905
X  0.9604 -0.2587  0.1034
Y  0.2785  0.8875 -0.3672
Z  0.0032  0.3814  0.9244

PART 70
OFFSET  5.2692 -2.1865 -6.6072
X -0.5632 -0.6096  0.5578
Y -0.8246  0.4588 -0.3311
Z -0.0541 -0.6464 -0.7611

PART 71
OFFSET  5.7383 -5.1198 -6.5200
X  0.1403 -0.8916  0.4306
Y  0.9896  0.1399 -0.0328
Z -0.0310  0.4308  0.9019

PART 72
OFFSET  5.4642 -3.3781 -7.3612
X  0.9782 -0.1740  0.1136
Y  0.2069  0.8665 -0.4542
Z -0.0194  0.4678  0.8836

PART 73
OFFSET  4.0355 -3.1238 -7.5272
X  0.6788  0.6402 -0.3596
Y -0.7335  0.5681 -0.3731
Z -0.0345  0.5170  0.8553

PART 74
OFFSET  3.2664 -3.8522 -7.1262
X -0.0498 -0.8868  0.4594
Y -0.9981  0.0612  0.0099
Z -0.0369 -0.4580 -0.8882

PART 75
OFFSET  0.0000 -0.0000 -0.0000
X  1.0000 -0.0000  0.0000
Y  0.0000  1.0000  0.0000
Z  0.0000 -0.0000  1.0000

PART 76
OFFSET -0.0000 -0.0000 -0.0000
X  1.0000  0.0000 -0.0015
Y  0.0000  1.0000  0.0030
Z  0.0015 -0.0030  1.0000

PART 77
OFFSET  1.5468 -0.0126  4.1333
X  1.0000  0.0000 -0.0015
Y  0.0000  1.0000  0.0030
Z  0.0015 -0.0030  1.0000


FRAME 802
PART 0
OFFSET  0.0000 -0.0000 -0.0000
X  1.0000 -0.0000  0.0000
Y  0.0000  1.0000  0.0000
Z  0.0000 -0.0000  1.0000

PART 1
OFFSET -4.6318 -0.0000 -1.3770
X  1.0000 -0.0000  0.0000
Y  0.0000  1.0000  0.0000
Z  0.0000 -0.0000  1.0000

PART 2
OFFSET -2.1458  5.0340 -5.9168
X  0.5668  0.3854 -0.7282
Y  0.2202 -0.9226 -0.3168
Z -0.7939  0.0192 -0.6077

PART 3
OFFSET  4.7085  9.6948 -14.7236
X  0.8310 -0.4603  0.3125
Y -0.5130 -0.4167  0.7505
Z -0.2152 -0.7839 -0.5824

PART 4
OFFSET  11.7764  5.7801 -12.0660
X  0.8310 -0.4603  0.3125
Y  0.5266  0.8320 -0.1749
Z -0.1795  0.3099  0.9337

PART 5
OFFSET  13.2790  6.8933 -11.8284
X  0.8346 -0.4556  0.3096
Y  0.2202  0.7911  0.5706
Z -0.5049 -0.4081  0.7606

PART 6
OFFSET  13.1060  5.2640 -13.1167
X  0.8346 -0.4556  0.3096
Y  0.2202  0.7911  0.5706
Z -0.5049 -0.4081  0.7606

PART 7
OFFSET  12.3887  5.5070 -9.8229
X  0.8346 -0.4556  0.3096
Y  0.2202  0.7911  0.5706
Z -0.5049 -0.4081  0.7606

PART 8
OFFSET  12.3031  3.8113 -10.5351
X  0.8346 -0.4556  0.3096
Y  0.2202  0.7911  0.5706
Z -0.5049 -0.4081  0.7606

PART 9
OFFSET  12.3457  3.9126 -11.7282
X  0.8346 -0.4556  0.3096
Y  0.2202  0.7911  0.5706
Z -0.5049 -0.4081  0.7606

PART 10
OFFSET  14.3239  4.3691 -11.1081
X  0.9062  0.2349 -0.3515
Y -0.1892  0.9689  0.1597
Z  0.3781 -0.0782  0.9224

PART 11
OFFSET  14.7042  5.3776 -10.7333
X  0.7937  0.5958  0.1228
Y -0.6046  0.7949  0.0511
Z -0.0672 -0.1147  0.9911

PART 12
OFFSET  16.3528  6.7363 -10.4082
X  0.9358  0.2778 -0.2169
Y -0.2096  0.9334  0.2912
Z  0.2833 -0.2271  0.9318

PART 13
OFFSET  17.9078  7.1037 -10.6713
X  0.7698  0.6340 -0.0735
Y -0.6133  0.7667  0.1898
Z  0.1767 -0.1010  0.9791

PART 14
OFFSET  18.7380  7.7977 -10.7028
X  0.3284  0.6909 -0.6441
Y -0.3952 -0.5188 -0.7580
Z -0.8579  0.5035  0.1027

PART 15
OFFSET  15.3698  3.5146 -11.3902
X  0.9138 -0.3758  0.1539
Y -0.1370  0.0713  0.9880
Z -0.3823 -0.9239  0.0137

PART 16
OFFSET  17.4619  2.8136 -10.9252
X  0.1188  0.0539  0.9915
Y -0.9506  0.2946  0.0979
Z -0.2868 -0.9541  0.0862

PART 17
OFFSET  17.6301  2.8898 -9.5215
X -0.6482  0.2732  0.7107
Y -0.7167  0.0961 -0.6907
Z -0.2570 -0.9571  0.1335

PART 18
OFFSET  17.0553  3.1321 -8.8914
X -0.5150  0.2317  0.8253
Y -0.8036  0.2046 -0.5589
Z -0.2983 -0.9510  0.0809

PART 19
OFFSET  16.5660  3.3522 -8.1074
X  0.9415 -0.1681 -0.2920
Y -0.3129 -0.1149 -0.9428
Z  0.1250  0.9791 -0.1608

PART 20
OFFSET  15.3905  4.2211 -11.4902
X  0.9228 -0.0745 -0.3781
Y  0.3674 -0.1255  0.9216
Z -0.1161 -0.9893 -0.0884

PART 21
OFFSET  17.9309  3.8054 -11.8537
X  0.6650 -0.1509  0.7314
Y -0.7008  0.2125  0.6810
Z -0.2582 -0.9654  0.0356

PART 22
OFFSET  19.0631  3.5484 -10.6085
X -0.5859  0.1817  0.7897
Y -0.7760  0.1549 -0.6114
Z -0.2334 -0.9711  0.0502

PART 23
OFFSET  18.2510  3.8002 -9.5140
X -0.5204  0.1619  0.8385
Y -0.8222  0.1702 -0.5431
Z -0.2306 -0.9720  0.0446

PART 24
OFFSET  17.6867  3.9758 -8.6046
X  0.8847 -0.2776 -0.3745
Y -0.3647  0.0882 -0.9269
Z  0.2904  0.9566 -0.0232

PART 25
OFFSET  17.0198  6.5897 -11.4438
X  0.9944  0.0119 -0.1052
Y -0.1056  0.1809 -0.9778
Z  0.0074  0.9834  0.1812

PART 26
OFFSET  17.5718  6.0442 -12.7003
X  0.9935 -0.0864  0.0737
Y -0.1050 -0.4517  0.8860
Z -0.0432 -0.8880 -0.4579

PART 27
OFFSET  19.3211  5.8922 -12.5706
X  0.9838 -0.1569  0.0869
Y -0.1543 -0.4941  0.8556
Z -0.0913 -0.8551 -0.5103

PART 28
OFFSET  20.5226  5.7534 -12.4340
X  0.8575 -0.2284  0.4611
Y -0.5140 -0.4216  0.7471
Z  0.0238 -0.8776 -0.4789

PART 29
OFFSET  21.4912  5.4955 -11.9132
X  0.1915  0.2081 -0.9592
Y -0.9670  0.2071 -0.1482
Z  0.1678  0.9559  0.2409

PART 30
OFFSET  17.7482  4.9541 -12.6706
X  0.9405 -0.0741  0.3315
Y -0.3226  0.1104  0.9401
Z -0.1063 -0.9911  0.0799

PART 31
OFFSET  19.5857  4.8093 -12.0230
X  0.3762  0.0212  0.9263
Y -0.9134  0.1761  0.3669
Z -0.1553 -0.9842  0.0856

PART 32
OFFSET  20.1351  4.8402 -10.6700
X -0.2701  0.1328  0.9536
Y -0.9404  0.1761 -0.2909
Z -0.2065 -0.9754  0.0774

PART 33
OFFSET  19.8284  4.9836 -9.5892
X  0.8209 -0.1520 -0.5504
Y -0.5597 -0.0236 -0.8283
Z  0.1129  0.9881 -0.1045

PART 34
OFFSET  17.4590  4.3646 -10.7416
X -0.1449 -0.9891 -0.0245
Y -0.3781  0.0782 -0.9224
Z  0.9143 -0.1244 -0.3854

PART 35
OFFSET  10.7414  1.0638 -6.3013
X  0.7959  0.5090 -0.3277
Y -0.6026  0.7184 -0.3477
Z  0.0585  0.4742  0.8785

PART 36
OFFSET  10.7414  1.0638 -6.3013
X  0.7959  0.5090 -0.3277
Y -0.6026  0.7184 -0.3477
Z  0.0585  0.4742  0.8785

PART 37
OFFSET -180.1672 -184.8280 -59.5832
X -0.0585 -0.4742 -0.8785
Y -0.6026  0.7184 -0.3477
Z  0.7959  0.5090 -0.3277

PART 38
OFFSET  10.7769  1.2751 -5.9261
X  0.7959  0.5090 -0.3277
Y -0.6026  0.7184 -0.3477
Z  0.0585  0.4742  0.8785

PART 39
OFFSET  14.8009  2.6403 -10.0651
X  0.7959  0.5090 -0.3277
Y -0.6026  0.7184 -0.3477
Z  0.0585  0.4742  0.8785

PART 40
OFFSET  4.0635 -2.0043 -4.1595
X  0.5856  0.6939  0.4190
Y -0.6026  0.7184 -0.3477
Z -0.5422 -0.0489  0.8388

PART 41
OFFSET  3.9858 -1.9117 -4.2044
X  0.7959  0.5090 -0.3277
Y -0.6026  0.7184 -0.3477
Z  0.0585  0.4742  0.8785

PART 42
OFFSET  14.1214  4.1175 -5.8349
X  0.7959  0.5090 -0.3277
Y -0.6026  0.7184 -0.3477
Z  0.0585  0.4742  0.8785

PART 43
OFFSET  8.6023 -0.8951 -6.6900
X  0.7959  0.5090 -0.3277
Y -0.6026  0.7184 -0.3477
Z  0.0585  0.4742  0.8785

PART 44
OFFSET  13.0353  3.2962 -5.6642
X  0.5972 -0.5712  0.5632
Y  0.7959  0.5090 -0.3277
Z -0.0995  0.6440  0.7586

PART 45
OFFSET -12.9782 -7.9373 -1.9159
X -0.5058  0.0212  0.8624
Y -0.3954 -0.8942 -0.2100
Z  0.7666 -0.4472  0.4607

PART 46
OFFSET -6.8605 -8.1940 -12.3452
X -0.8459 -0.0716 -0.5285
Y  0.5309 -0.0191 -0.8472
Z  0.0506 -0.9972  0.0542

PART 47
OFFSET  0.3344 -7.5848 -7.8503
X -0.8459 -0.0716 -0.5285
Y  0.5236  0.0768 -0.8485
Z  0.1014 -0.9945 -0.0275

PART 48
OFFSET  1.1004 -6.3261 -6.5257
X -0.8492 -0.0688 -0.5236
Y -0.0558  0.9976 -0.0405
Z  0.5251 -0.0052 -0.8510

PART 49
OFFSET  0.9467 -6.8850 -5.4771
X -0.8492 -0.0688 -0.5236
Y -0.0558  0.9976 -0.0405
Z  0.5251 -0.0052 -0.8510

PART 50
OFFSET  1.2123 -8.2029 -5.5353
X -0.8492 -0.0688 -0.5236
Y -0.0558  0.9976 -0.0405
Z  0.5251 -0.0052 -0.8510

PART 51
OFFSET  2.9277 -7.3652 -6.2301
X -0.7743 -0.6318  0.0371
Y  0.1878 -0.2853 -0.9398
Z  0.6044 -0.7207  0.3396

PART 52
OFFSET  2.8466 -6.5097 -5.4792
X -0.0749 -0.9964 -0.0390
Y  0.4387  0.0022 -0.8986
Z  0.8955 -0.0844  0.4370

PART 53
OFFSET  2.9146 -4.3550 -5.3298
X -0.5286 -0.7531  0.3916
Y  0.4004 -0.6281 -0.6673
Z  0.7485 -0.1959  0.6335

PART 54
OFFSET  3.7081 -3.1548 -6.0728
X -0.5501 -0.1361  0.8239
Y -0.0393 -0.9813 -0.1884
Z  0.8342 -0.1360  0.5345

PART 55
OFFSET  4.2654 -2.9847 -6.9851
X -0.9500 -0.2154  0.2261
Y -0.3042  0.4756 -0.8254
Z  0.0702 -0.8529 -0.5173

PART 56
OFFSET  3.6619 -6.9904 -7.3365
X -0.7161 -0.3861  0.5815
Y  0.6518 -0.6680  0.3591
Z  0.2498  0.6361  0.7300

PART 57
OFFSET  5.2274 -5.9484 -8.5807
X  0.1244 -0.9655  0.2287
Y  0.9759  0.0774 -0.2039
Z  0.1792  0.2485  0.9519

PART 58
OFFSET  5.0513 -4.5814 -8.9044
X  0.8689 -0.4934 -0.0412
Y  0.4529  0.8257 -0.3364
Z  0.2000  0.2736  0.9408

PART 59
OFFSET  4.2809 -4.1440 -8.8679
X  0.7156  0.5830 -0.3847
Y -0.6624  0.7413 -0.1086
Z  0.2219  0.3325  0.9166

PART 60
OFFSET  3.6011 -4.6979 -8.5024
X -0.1636 -0.9594  0.2299
Y -0.9325  0.2265  0.2815
Z -0.3221 -0.1683 -0.9316

PART 61
OFFSET  3.7918 -6.7625 -6.6726
X -0.7909 -0.5180  0.3259
Y  0.6113 -0.6944  0.3797
Z  0.0297  0.4995  0.8658

PART 62
OFFSET  5.8534 -5.5077 -7.6388
X  0.3266 -0.8798  0.3454
Y  0.9392  0.2612 -0.2229
Z  0.1059  0.3971  0.9116

PART 63
OFFSET  5.2973 -4.0099 -8.2267
X  0.9834 -0.1764 -0.0426
Y  0.1468  0.9116 -0.3841
Z  0.1066  0.3714  0.9223

PART 64
OFFSET  3.9344 -3.7654 -8.1677
X  0.5070  0.7789 -0.3692
Y -0.8561  0.5049 -0.1105
Z  0.1004  0.3721  0.9227

PART 65
OFFSET  3.3846 -4.6101 -7.7672
X  0.0786 -0.9082  0.4110
Y -0.9955 -0.0492  0.0816
Z -0.0538 -0.4156 -0.9080

PART 66
OFFSET -0.1296 -10.1397 -5.0991
X -0.5968 -0.7397  0.3111
Y -0.7954  0.4943 -0.3506
Z  0.1056 -0.4567 -0.8834

PART 67
OFFSET  6.0276 -4.9561 -5.5394
X -0.5680 -0.7624  0.3101
Y  0.8230 -0.5269  0.2123
Z  0.0016  0.3758  0.9267

PART 68
OFFSET  7.0277 -3.6138 -6.0854
X  0.3438 -0.8518  0.3953
Y  0.9382  0.3296 -0.1057
Z -0.0403  0.4072  0.9125

PART 69
OFFSET  6.6073 -2.5536 -6.5105
X  0.9658 -0.2436  0.0891
Y  0.2594  0.9032 -0.3419
Z  0.0028  0.3533  0.9355

PART 70
OFFSET  5.5165 -2.2784 -6.6111
X -0.5478 -0.6367  0.5428
Y -0.8353  0.4530 -0.3116
Z -0.0475 -0.6240 -0.7799

PART 71
OFFSET  6.0404 -5.2037 -6.6160
X  0.1599 -0.9014  0.4024
Y  0.9866  0.1593 -0.0351
Z -0.0325  0.4027  0.9148

PART 72
OFFSET  5.7281 -3.4428 -7.4022
X  0.9820 -0.1591  0.1018
Y  0.1876  0.8836 -0.4291
Z -0.0217  0.4405  0.8975

PART 73
OFFSET  4.2937 -3.2105 -7.5509
X  0.6642  0.6634 -0.3445
Y -0.7466  0.5653 -0.3508
Z -0.0380  0.4902  0.8708

PART 74
OFFSET  3.5412 -3.9649 -7.1671
X -0.0301 -0.9011  0.4326
Y -0.9989  0.0422  0.0184
Z -0.0348 -0.4316 -0.9014

PART 75
OFFSET  0.0000 -0.0000 -0.0000
X  1.0000 -0.0000  0.0000
Y  0.0000  1.0000  0.0000
Z  0.0000 -0.0000  1.0000

PART 76
OFFSET -0.0000 -0.0000 -0.0000
X  1.0000  0.0000 -0.0057
Y  0.0001  0.9999  0.0113
Z  0.0057 -0.0113  0.9999

PART 77
OFFSET  1.5641 -0.0466  4.1266
X  1.0000  0.0000 -0.0057
Y  0.0001  0.9999  0.0113
Z  0.0057 -0.0113  0.9999


FRAME 803
PART 0
OFFSET  0.0000 -0.0000 -0.0000
X  1.0000 -0.0000  0.0000
Y  0.0000  1.0000  0.0000
Z  0.0000 -0.0000  1.0000

PART 1
OFFSET -4.6318 -0.0000 -1.3770
X  1.0000 -0.0000  0.0000
Y  0.0000  1.0000  0.0000
Z  0.0000 -0.0000  1.0000

PART 2
OFFSET -2.1458  5.0340 -5.9168
X  0.5717  0.3927 -0.7203
Y  0.2418 -0.9196 -0.3095
Z -0.7840  0.0028 -0.6207

PART 3
OFFSET  4.7686  9.7837 -14.6286
X  0.8373 -0.4413  0.3228
Y -0.5121 -0.4260  0.7458
Z -0.1916 -0.7898 -0.5827

PART 4
OFFSET  11.8902  6.0303 -11.8832
X  0.8373 -0.4413  0.3228
Y  0.5047  0.8509 -0.1459
Z -0.2102  0.2851  0.9352

PART 5
OFFSET  13.3654  7.1766 -11.6319
X  0.8409 -0.4366  0.3199
Y  0.1966  0.7971  0.5710
Z -0.5043 -0.4172  0.7561

PART 6
OFFSET  13.2423  5.5408 -12.9178
X  0.8409 -0.4366  0.3199
Y  0.1966  0.7971  0.5710
Z -0.5043 -0.4172  0.7561

PART 7
OFFSET  12.4834  5.7759 -9.6328
X  0.8409 -0.4366  0.3199
Y  0.1966  0.7971  0.5710
Z -0.5043 -0.4172  0.7561

PART 8
OFFSET  12.4427  4.0770 -10.3415
X  0.8409 -0.4366  0.3199
Y  0.1966  0.7971  0.5710
Z -0.5043 -0.4172  0.7561

PART 9
OFFSET  12.4962  4.1764 -11.5343
X  0.8409 -0.4366  0.3199
Y  0.1966  0.7971  0.5710
Z -0.5043 -0.4172  0.7561

PART 10
OFFSET  14.4571  4.6774 -10.8936
X  0.8953  0.2757 -0.3498
Y -0.2135  0.9550  0.2060
Z  0.3908 -0.1097  0.9139

PART 11
OFFSET  14.8142  5.6779 -10.4769
X  0.7786  0.6113  0.1417
Y -0.6253  0.7747  0.0938
Z -0.0524 -0.1616  0.9855

PART 12
OFFSET  16.4290  7.0655 -10.1069
X  0.9254  0.3131 -0.2136
Y -0.2314  0.9130  0.3359
Z  0.3002 -0.2614  0.9173

PART 13
OFFSET  17.9703  7.4872 -10.3691
X  0.7514  0.6578 -0.0523
Y -0.6316  0.7400  0.2312
Z  0.1908 -0.1406  0.9715

PART 14
OFFSET  18.7809  8.2047 -10.3773
X  0.3020  0.7284 -0.6150
Y -0.3898 -0.4944 -0.7769
Z -0.8700  0.4743  0.1346

PART 15
OFFSET  15.5223  3.8660 -11.2255
X  0.9254 -0.3570  0.1269
Y -0.1274  0.0224  0.9916
Z -0.3569 -0.9338 -0.0248

PART 16
OFFSET  17.6380  3.2025 -10.8151
X  0.1288  0.0119  0.9916
Y -0.9570  0.2635  0.1212
Z -0.2598 -0.9646  0.0453

PART 17
OFFSET  17.8204  3.2193 -9.4112
X -0.6471  0.2225  0.7292
Y -0.7271  0.1077 -0.6780
Z -0.2294 -0.9690  0.0921

PART 18
OFFSET  17.2467  3.4166 -8.7646
X -0.5115  0.1795  0.8403
Y -0.8153  0.2076 -0.5406
Z -0.2715 -0.9616  0.0402

PART 19
OFFSET  16.7608  3.5871 -7.9663
X  0.9423 -0.1285 -0.3092
Y -0.3207 -0.0803 -0.9438
Z  0.0965  0.9884 -0.1169

PART 20
OFFSET  15.5228  4.5766 -11.2931
X  0.9200 -0.0316 -0.3907
Y  0.3814 -0.1572  0.9109
Z -0.0902 -0.9871 -0.1325

PART 21
OFFSET  18.0691  4.2482 -11.7019
X  0.6773 -0.1657  0.7168
Y -0.6983  0.1618  0.6973
Z -0.2315 -0.9728 -0.0061

PART 22
OFFSET  19.2222  3.9661 -10.4816
X -0.5814  0.1292  0.8033
Y -0.7870  0.1612 -0.5955
Z -0.2064 -0.9784  0.0080

PART 23
OFFSET  18.4165  4.1452 -9.3683
X -0.5147  0.1090  0.8504
Y -0.8328  0.1720 -0.5262
Z -0.2036 -0.9791  0.0023

PART 24
OFFSET  17.8582  4.2634 -8.4460
X  0.8875 -0.2357 -0.3961
Y -0.3778  0.1203 -0.9181
Z  0.2641  0.9643  0.0177

PART 25
OFFSET  17.0876  6.9847 -11.1550
X  0.9924  0.0442 -0.1149
Y -0.1219  0.2223 -0.9673
Z -0.0172  0.9740  0.2260

PART 26
OFFSET  17.6395  6.5126 -12.4409
X  0.9963 -0.0621  0.0593
Y -0.0823 -0.4944  0.8653
Z -0.0245 -0.8670 -0.4977

PART 27
OFFSET  19.3936  6.4032 -12.3366
X  0.9886 -0.1334  0.0693
Y -0.1309 -0.5367  0.8336
Z -0.0740 -0.8332 -0.5481

PART 28
OFFSET  20.6000  6.2916 -12.2190
X  0.8687 -0.2254  0.4411
Y -0.4936 -0.4693  0.7322
Z  0.0420 -0.8538 -0.5189

PART 29
OFFSET  21.5812  6.0370 -11.7207
X  0.1746  0.2568 -0.9506
Y -0.9740  0.1868 -0.1284
Z  0.1446  0.9482  0.2827

PART 30
OFFSET  17.8458  5.4275 -12.4632
X  0.9460 -0.0632  0.3179
Y -0.3145  0.0584  0.9475
Z -0.0784 -0.9963  0.0354

PART 31
OFFSET  19.6939  5.3041 -11.8421
X  0.3862 -0.0107  0.9223
Y -0.9135  0.1338  0.3841
Z -0.1276 -0.9909  0.0419

PART 32
OFFSET  20.2580  5.2884 -10.4949
X -0.2624  0.0817  0.9615
Y -0.9482  0.1631 -0.2727
Z -0.1791 -0.9832  0.0347

PART 33
OFFSET  19.9602  5.3739 -9.4055
X  0.8183 -0.1040 -0.5653
Y -0.5685 -0.0013 -0.8227
Z  0.0848  0.9946 -0.0601

PART 34
OFFSET  17.5952  4.7429 -10.5604
X -0.1183 -0.9906 -0.0684
Y -0.3908  0.1097 -0.9139
Z  0.9128 -0.0814 -0.4002

PART 35
OFFSET  11.0219  1.0586 -6.2066
X  0.7779  0.5452 -0.3123
Y -0.6258  0.7166 -0.3080
Z  0.0559  0.4351  0.8987

PART 36
OFFSET  11.0219  1.0586 -6.2066
X  0.7779  0.5452 -0.3123
Y -0.6258  0.7166 -0.3080
Z  0.0559  0.4351  0.8987

PART 37
OFFSET -175.3821 -187.4140 -65.9767
X -0.0559 -0.4351 -0.8987
Y -0.6258  0.7166 -0.3080
Z  0.7779  0.5452 -0.3123

PART 38
OFFSET  11.0560  1.2535 -5.8225
X  0.7779  0.5452 -0.3123
Y -0.6258  0.7166 -0.3080
Z  0.0559  0.4351  0.8987

PART 39
OFFSET  14.9929  2.9167 -9.9361
X  0.7779  0.5452 -0.3123
Y -0.6258  0.7166 -0.3080
Z  0.0559  0.4351  0.8987

PART 40
OFFSET  4.4551 -2.2874 -4.1385
X  0.5714  0.6900  0.4443
Y -0.6258  0.7166 -0.3080
Z -0.5309 -0.1020  0.8413

PART 41
OFFSET  4.3744 -2.1950 -4.1783
X  0.7779  0.5452 -0.3123
Y -0.6258  0.7166 -0.3080
Z  0.0559  0.4351  0.8987

PART 42
OFFSET  14.3229  4.1800 -5.6357
X  0.7779  0.5452 -0.3123
Y -0.6258  0.7166 -0.3080
Z  0.0559  0.4351  0.8987

PART 43
OFFSET  8.9323 -0.9389 -6.6625
X  0.7779  0.5452 -0.3123
Y -0.6258  0.7166 -0.3080
Z  0.0559  0.4351  0.8987

PART 44
OFFSET  13.2616  3.3221 -5.4916
X  0.6190 -0.5795  0.5301
Y  0.7779  0.5452 -0.3123
Z -0.1080  0.6057  0.7883

PART 45
OFFSET -12.9782 -7.9373 -1.9159
X -0.5287  0.0301  0.8483
Y -0.3994 -0.8906 -0.2174
Z  0.7489 -0.4537  0.4829

PART 46
OFFSET -6.5836 -8.3010 -12.1745
X -0.8664 -0.0625 -0.4955
Y  0.4980 -0.0323 -0.8666
Z  0.0382 -0.9975  0.0591

PART 47
OFFSET  0.7851 -7.7693 -7.9602
X -0.8664 -0.0625 -0.4955
Y  0.4883  0.1024 -0.8667
Z  0.1049 -0.9928 -0.0582

PART 48
OFFSET  1.6191 -6.5135 -6.6744
X -0.8694 -0.0596 -0.4905
Y -0.0429  0.9981 -0.0453
Z  0.4922 -0.0184 -0.8703

PART 49
OFFSET  1.4973 -7.0635 -5.6168
X -0.8694 -0.0596 -0.4905
Y -0.0429  0.9981 -0.0453
Z  0.4922 -0.0184 -0.8703

PART 50
OFFSET  1.7414 -8.3855 -5.6760
X -0.8694 -0.0596 -0.4905
Y -0.0429  0.9981 -0.0453
Z  0.4922 -0.0184 -0.8703

PART 51
OFFSET  3.4411 -7.5776 -6.4411
X -0.7563 -0.6540  0.0161
Y  0.1845 -0.2368 -0.9539
Z  0.6276 -0.7185  0.2998

PART 52
OFFSET  3.3456 -6.7598 -5.6510
X -0.0483 -0.9953 -0.0839
Y  0.4280  0.0553 -0.9021
Z  0.9025 -0.0794  0.4233

PART 53
OFFSET  3.3568 -4.6131 -5.4035
X -0.5034 -0.7845  0.3621
Y  0.4095 -0.5857 -0.6995
Z  0.7609 -0.2039  0.6160

PART 54
OFFSET  4.1087 -3.3588 -6.0988
X -0.5365 -0.1887  0.8225
Y -0.0148 -0.9724 -0.2328
Z  0.8437 -0.1371  0.5189

PART 55
OFFSET  4.6506 -3.1319 -7.0080
X -0.9411 -0.2516  0.2258
Y -0.3266  0.5041 -0.7995
Z  0.0873 -0.8262 -0.5566

PART 56
OFFSET  4.1519 -7.1326 -7.5367
X -0.6985 -0.4318  0.5706
Y  0.6738 -0.6654  0.3212
Z  0.2410  0.6088  0.7558

PART 57
OFFSET  5.6739 -5.9920 -8.7480
X  0.1532 -0.9711  0.1828
Y  0.9710  0.1136 -0.2103
Z  0.1835  0.2097  0.9604

PART 58
OFFSET  5.4570 -4.6171 -9.0068
X  0.8814 -0.4668 -0.0729
Y  0.4264  0.8524 -0.3028
Z  0.2034  0.2358  0.9503

PART 59
OFFSET  4.6755 -4.2033 -8.9422
X  0.6950  0.6195 -0.3650
Y -0.6834  0.7269 -0.0675
Z  0.2235  0.2964  0.9286

PART 60
OFFSET  4.0153 -4.7918 -8.5954
X -0.1348 -0.9730  0.1873
Y -0.9349  0.1875  0.3013
Z -0.3282 -0.1345 -0.9350

PART 61
OFFSET  4.2832 -6.9317 -6.8644
X -0.7727 -0.5539  0.3100
Y  0.6343 -0.6938  0.3410
Z  0.0262  0.4601  0.8875

PART 62
OFFSET  6.2987 -5.5777 -7.7934
X  0.3544 -0.8853  0.3012
Y  0.9291  0.2970 -0.2204
Z  0.1057  0.3579  0.9278

PART 63
OFFSET  5.6953 -4.0705 -8.3062
X  0.9873 -0.1470 -0.0609
Y  0.1176  0.9318 -0.3433
Z  0.1072  0.3318  0.9372

PART 64
OFFSET  4.3271 -3.8667 -8.2218
X  0.4813  0.8086 -0.3384
Y -0.8707  0.4855 -0.0783
Z  0.1010  0.3323  0.9378

PART 65
OFFSET  3.8051 -4.7437 -7.8548
X  0.1080 -0.9235  0.3681
Y -0.9927 -0.0804  0.0896
Z -0.0531 -0.3751 -0.9255

PART 66
OFFSET  0.4736 -10.4842 -5.4070
X -0.5728 -0.7693  0.2830
Y -0.8126  0.4876 -0.3192
Z  0.1076 -0.4128 -0.9044

PART 67
OFFSET  6.4823 -5.1177 -5.6729
X -0.5435 -0.7911  0.2806
Y  0.8394 -0.5131  0.1793
Z  0.0022  0.3330  0.9429

PART 68
OFFSET  7.4392 -3.7249 -6.1670
X  0.3714 -0.8591  0.3521
Y  0.9276  0.3599 -0.1002
Z -0.0407  0.3638  0.9306

PART 69
OFFSET  6.9853 -2.6583 -6.5386
X  0.9730 -0.2207  0.0678
Y  0.2308  0.9247 -0.3028
Z  0.0041  0.3102  0.9507

PART 70
OFFSET  5.8863 -2.4091 -6.6152
X -0.5239 -0.6756  0.5186
Y -0.8508  0.4435 -0.2817
Z -0.0397 -0.5889 -0.8072

PART 71
OFFSET  6.4893 -5.3155 -6.7598
X  0.1890 -0.9140  0.3589
Y  0.9814  0.1880 -0.0380
Z -0.0327  0.3595  0.9326

PART 72
OFFSET  6.1201 -3.5299 -7.4610
X  0.9871 -0.1363  0.0842
Y  0.1585  0.9071 -0.3900
Z -0.0232  0.3983  0.9170

PART 73
OFFSET  4.6784 -3.3308 -7.5840
X  0.6419  0.6965 -0.3206
Y -0.7657  0.5599 -0.3167
Z -0.0411  0.4488  0.8927

PART 74
OFFSET  3.9511 -4.1224 -7.2274
X -0.0006 -0.9204  0.3910
Y -0.9994  0.0137  0.0307
Z -0.0336 -0.3908 -0.9199

PART 75
OFFSET  0.0000 -0.0000 -0.0000
X  1.0000 -0.0000  0.0000
Y  0.0000  1.0000  0.0000
Z  0.0000 -0.0000  1.0000

PART 76
OFFSET -0.0000 -0.0000 -0.0000
X  0.9999 -0.0000 -0.0119
Y  0.0003  0.9997  0.0233
Z  0.0119 -0.0234  0.9997

PART 77
OFFSET  1.5894 -0.0966  4.1161
X  0.9999 -0.0000 -0.0119
Y  0.0003  0.9997  0.0233
Z  0.0119 -0.0234  0.9997


FRAME 804
PART 0
OFFSET  0.0000 -0.0000 -0.0000
X  1.0000 -0.0000  0.0000
Y  0.0000  1.0000  0.0000
Z  0.0000 -0.0000  1.0000

PART 1
OFFSET -4.6318 -0.0000 -1.3770
X  1.0000 -0.0000  0.0000
Y  0.0000  1.0000  0.0000
Z  0.0000 -0.0000  1.0000

PART 2
OFFSET -2.1458  5.0340 -5.9168
X  0.5786  0.4015 -0.7100
Y  0.2678 -0.9157 -0.2996
Z -0.7704 -0.0168 -0.6373

PART 3
OFFSET  4.8516  9.8892 -14.5033
X  0.8431 -0.4187  0.3374
Y -0.5126 -0.4364  0.7394
Z -0.1623 -0.7964 -0.5826

PART 4
OFFSET  12.0228  6.3283 -11.6335
X  0.8431 -0.4187  0.3374
Y  0.4765  0.8725 -0.1080
Z -0.2492  0.2518  0.9351

PART 5
OFFSET  13.4643  7.5128 -11.3637
X  0.8466 -0.4139  0.3346
Y  0.1673  0.8038  0.5709
Z -0.5052 -0.4274  0.7497

PART 6
OFFSET  13.4030  5.8701 -12.6452
