// Export filename: `C:\projects\cod\t5\xanim_export\t5_viewmodels\spas12\spas12_pullout.XANIM_EXPORT`
// Source filename: `D:\projects\devanim\t5\animation_assets\viewmodels/spas12/ViewModel_Spas12_animated.fbx`
// Export time: Sat Sep 11 16:00:39 2010

ANIMATION
VERSION 3

NUMPARTS 78
PART 0 "tag_ads"
PART 1 "tag_torso"
PART 2 "J_Shoulder_LE"
PART 3 "J_Elbow_LE"
PART 4 "J_WristTwist_LE"
PART 5 "J_Sleave_Reshape_Bottom_LE_1"
PART 6 "J_Sleave_Reshape_Bottom_LE_2"
PART 7 "J_Sleave_Reshape_Top_LE_1"
PART 8 "J_Sleave_Reshape_Top_LE_2"
PART 9 "J_Sleave_Reshape_Top_LE_3"
PART 10 "J_Wrist_LE"
PART 11 "J_Thumb_LE_0"
PART 12 "J_Thumb_LE_1"
PART 13 "J_Thumb_LE_2"
PART 14 "J_Thumb_LE_3"
PART 15 "J_PinkyPalm_LE"
PART 16 "J_Pinky_LE_0"
PART 17 "J_Pinky_LE_1"
PART 18 "J_Pinky_LE_2"
PART 19 "J_Pinky_LE_3"
PART 20 "J_RingPalm_LE"
PART 21 "J_Ring_LE_0"
PART 22 "J_Ring_LE_1"
PART 23 "J_Ring_LE_2"
PART 24 "J_Ring_LE_3"
PART 25 "J_Webbing_LE"
PART 26 "J_Index_LE_0"
PART 27 "J_Index_LE_1"
PART 28 "J_Index_LE_2"
PART 29 "J_Index_LE_3"
PART 30 "J_Mid_LE_0"
PART 31 "J_Mid_LE_1"
PART 32 "J_Mid_LE_2"
PART 33 "J_Mid_LE_3"
PART 34 "tag_knife_attach"
PART 35 "tag_weapon"
PART 36 "J_Gun"
PART 37 "TAG_CLIP"
PART 38 "J_Bolt"
PART 39 "J_pump"
PART 40 "J_ring"
PART 41 "J_stock"
PART 42 "J_stocktop"
PART 43 "J_Load"
PART 44 "tag_iron_sights"
PART 45 "J_Shoulder_RI"
PART 46 "J_Elbow_RI"
PART 47 "J_WristTwist_RI"
PART 48 "J_Sleave_Reshape_Top_RI_3"
PART 49 "J_Sleave_Reshape_Top_RI_2"
PART 50 "J_Sleave_Reshape_Top_RI_1"
PART 51 "J_Wrist_RI"
PART 52 "J_Thumb_RI_0"
PART 53 "J_Thumb_RI_1"
PART 54 "J_Thumb_RI_2"
PART 55 "J_Thumb_RI_3"
PART 56 "J_PinkyPalm_RI"
PART 57 "J_Pinky_RI_0"
PART 58 "J_Pinky_RI_1"
PART 59 "J_Pinky_RI_2"
PART 60 "J_Pinky_RI_3"
PART 61 "J_RingPalm_RI"
PART 62 "J_Ring_RI_0"
PART 63 "J_Ring_RI_1"
PART 64 "J_Ring_RI_2"
PART 65 "J_Ring_RI_3"
PART 66 "J_Webbing_RI"
PART 67 "J_Index_RI_0"
PART 68 "J_Index_RI_1"
PART 69 "J_Index_RI_2"
PART 70 "J_Index_RI_3"
PART 71 "J_Mid_RI_0"
PART 72 "J_Mid_RI_1"
PART 73 "J_Mid_RI_2"
PART 74 "J_Mid_RI_3"
PART 75 "tag_cambone"
PART 76 "tag_camera"
PART 77 "tag_gasmask"

FRAMERATE 30
NUMFRAMES 31

FRAME 200
PART 0
OFFSET  0.0000 -0.0000 -0.0000
X  1.0000 -0.0000  0.0000
Y  0.0000  1.0000  0.0000
Z  0.0000 -0.0000  1.0000

PART 1
OFFSET -4.6318 -0.0000 -1.3770
X  1.0000 -0.0000  0.0000
Y  0.0000  1.0000  0.0000
Z  0.0000 -0.0000  1.0000

PART 2
OFFSET -1.0379  7.9373 -5.9168
X  0.1851  0.0440 -0.9817
Y -0.1059 -0.9923 -0.0644
Z -0.9770  0.1158 -0.1790

PART 3
OFFSET  1.2005  8.4690 -17.7899
X  0.7944 -0.6028  0.0753
Y -0.1482 -0.0722  0.9863
Z -0.5891 -0.7947 -0.1466

PART 4
OFFSET  7.9570  3.3423 -17.1497
X  0.7944 -0.6028  0.0753
Y -0.2337 -0.1889  0.9538
Z -0.5607 -0.7752 -0.2909

PART 5
OFFSET  9.5434  3.9905 -17.9349
X  0.7969 -0.6001  0.0698
Y  0.5889  0.7973  0.1322
Z -0.1350 -0.0643  0.9888

PART 6
OFFSET  8.5184  2.2413 -18.4189
X  0.7969 -0.6001  0.0698
Y  0.5889  0.7973  0.1322
Z -0.1350 -0.0643  0.9888

PART 7
OFFSET  9.5190  3.4031 -15.4070
X  0.7969 -0.6001  0.0698
Y  0.5889  0.7973  0.1322
Z -0.1350 -0.0643  0.9888

PART 8
OFFSET  8.8355  1.6935 -15.4157
X  0.7969 -0.6001  0.0698
Y  0.5889  0.7973  0.1322
Z -0.1350 -0.0643  0.9888

PART 9
OFFSET  8.3154  1.5124 -16.4798
X  0.7969 -0.6001  0.0698
Y  0.5889  0.7973  0.1322
Z -0.1350 -0.0643  0.9888

PART 10
OFFSET  10.3922  1.4945 -16.9190
X  0.9918 -0.1270 -0.0128
Y -0.0088 -0.1677  0.9858
Z -0.1273 -0.9776 -0.1674

PART 11
OFFSET  10.7776  0.8741 -16.0421
X  0.5233 -0.6529  0.5477
Y -0.6061  0.1666  0.7777
Z -0.5990 -0.7389 -0.3086

PART 12
OFFSET  11.8130 -0.5593 -14.7999
X  0.7117 -0.5108  0.4823
Y -0.5960 -0.0756  0.7994
Z -0.3719 -0.8564 -0.3582

PART 13
OFFSET  12.9558 -1.4753 -14.1091
X  0.7794 -0.5906  0.2092
Y -0.3810 -0.1817  0.9065
Z -0.4974 -0.7862 -0.3667

PART 14
OFFSET  13.7693 -2.1531 -13.8842
X  0.8163  0.0316  0.5768
Y  0.0418  0.9927 -0.1135
Z -0.5761  0.1168  0.8090

PART 15
OFFSET  11.2152  1.3690 -18.0192
X  0.7719 -0.3079 -0.5562
Y -0.2673 -0.9510  0.1554
Z -0.5768  0.0287 -0.8164

PART 16
OFFSET  13.0008  0.5564 -19.1309
X  0.4270 -0.9041  0.0156
Y -0.8478 -0.3943  0.3547
Z -0.3145 -0.1646 -0.9349

PART 17
OFFSET  13.6053 -0.7236 -19.1089
X -0.1671 -0.9534  0.2511
Y -0.9477  0.2255  0.2257
Z -0.2718 -0.2003 -0.9413

PART 18
OFFSET  13.4572 -1.5689 -18.8862
X -0.4262 -0.8482  0.3145
Y -0.8411  0.4995  0.2073
Z -0.3329 -0.1762 -0.9264

PART 19
OFFSET  13.0523 -2.3748 -18.5875
X  0.9022  0.3607 -0.2367
Y -0.4028  0.9007 -0.1629
Z  0.1544  0.2424  0.9578

PART 20
OFFSET  11.4453  1.3661 -17.3434
X  0.9458 -0.0752 -0.3159
Y -0.1471 -0.9665 -0.2103
Z -0.2895  0.2453 -0.9252

PART 21
OFFSET  13.8218  0.8361 -18.2543
X  0.3295 -0.9399 -0.0901
Y -0.8745 -0.3397  0.3461
Z -0.3559 -0.0353 -0.9339

PART 22
OFFSET  14.3827 -0.7640 -18.4076
X -0.1966 -0.9718  0.1298
Y -0.9199  0.2287  0.3187
Z -0.3394 -0.0568 -0.9389

PART 23
OFFSET  14.1102 -2.1109 -18.2277
X -0.5989 -0.7587  0.2562
Y -0.7261  0.6495  0.2258
Z -0.3377 -0.0508 -0.9399

PART 24
OFFSET  13.4607 -2.9337 -17.9498
X  0.8889  0.2481 -0.3852
Y -0.2364  0.9685  0.0783
Z  0.3925  0.0214  0.9195

PART 25
OFFSET  13.3675  0.3128 -15.4828
X  0.8995 -0.3589 -0.2492
Y  0.4096  0.8912  0.1949
Z  0.1522 -0.2774  0.9486

PART 26
OFFSET  14.2976  1.2366 -16.1629
X  0.5524 -0.7572 -0.3485
Y -0.7170 -0.6449  0.2647
Z -0.4252  0.1037 -0.8992

PART 27
OFFSET  15.2702 -0.0966 -16.7765
X  0.0050 -0.9876 -0.1568
Y -0.9249 -0.0642  0.3748
Z -0.3802  0.1432 -0.9137

PART 28
OFFSET  15.2994 -1.3059 -16.9117
X -0.3850 -0.9181  0.0945
Y -0.8329  0.3897  0.3930
Z -0.3976  0.0726 -0.9147

PART 29
OFFSET  14.8645 -2.3429 -16.8049
X  0.7653 -0.0325 -0.6428
Y  0.1679  0.9742  0.1506
Z  0.6213 -0.2231  0.7511

PART 30
OFFSET  14.1785  1.2567 -17.2610
X  0.4856 -0.8433 -0.2302
Y -0.7804 -0.5369  0.3204
Z -0.3938  0.0241 -0.9189

PART 31
OFFSET  15.1272 -0.3908 -17.7108
X -0.2036 -0.9780  0.0450
Y -0.8814  0.2031  0.4264
Z -0.4262  0.0472 -0.9034

PART 32
OFFSET  14.8298 -1.8193 -17.6451
X -0.6051 -0.7625  0.2289
Y -0.5996  0.6256  0.4990
Z -0.5237  0.1647 -0.8358

PART 33
OFFSET  14.1412 -2.6822 -17.3921
X  0.8805  0.1746 -0.4408
Y -0.1082  0.9792  0.1716
Z  0.4616 -0.1034  0.8810

PART 34
OFFSET  12.8920 -0.2492 -17.7400
X -0.3440  0.2019 -0.9170
Y  0.1273  0.9776  0.1674
Z  0.9303 -0.0591 -0.3620

PART 35
OFFSET -7.1638 -9.6102 -2.0667
X -0.7895  0.0727  0.6094
Y -0.0646  0.9776 -0.2002
Z -0.6103 -0.1974 -0.7671

PART 36
OFFSET -7.1638 -9.6102 -2.0667
X -0.7895  0.0727  0.6094
Y -0.0646  0.9776 -0.2002
Z -0.6103 -0.1974 -0.7671

PART 37
OFFSET  93.9677 -18.7191 -79.2337
X  0.6103  0.1974  0.7671
Y -0.0646  0.9776 -0.2002
Z -0.7895  0.0727  0.6094

PART 38
OFFSET -7.4375 -9.6946 -2.3902
X -0.7895  0.0727  0.6094
Y -0.0646  0.9776 -0.2002
Z -0.6103 -0.1974 -0.7671

PART 39
OFFSET -9.9050 -8.7741  2.9252
X -0.7895  0.0727  0.6094
Y -0.0646  0.9776 -0.2002
Z -0.6103 -0.1974 -0.7671

PART 40
OFFSET -1.2717 -9.1170 -6.9283
X -0.9848 -0.0948 -0.1454
Y -0.0646  0.9776 -0.2002
Z  0.1612 -0.1878 -0.9689

PART 41
OFFSET -1.2801 -8.9909 -6.9541
X -0.7895  0.0727  0.6094
Y -0.0646  0.9776 -0.2002
Z -0.6103 -0.1974 -0.7671

PART 42
OFFSET -11.6484 -9.7236 -1.1489
X -0.7895  0.0727  0.6094
Y -0.0646  0.9776 -0.2002
Z -0.6103 -0.1974 -0.7671

PART 43
OFFSET -4.2824 -9.5052 -2.5671
X -0.7895  0.0727  0.6094
Y -0.0646  0.9776 -0.2002
Z -0.6103 -0.1974 -0.7671

PART 44
OFFSET -10.4071 -9.7561 -1.7331
X -0.0956 -0.9954 -0.0052
Y -0.7895  0.0727  0.6094
Z -0.6063  0.0623 -0.7928

PART 45
OFFSET -7.1498 -7.9373 -1.9159
X -0.2482  0.2829  0.9265
Y -0.6453 -0.7616  0.0597
Z  0.7225 -0.5830  0.3716

PART 46
OFFSET -4.1478 -11.3591 -13.1204
X -0.6973 -0.0440 -0.7154
Y  0.6920 -0.3016 -0.6559
Z -0.1869 -0.9524  0.2408

PART 47
OFFSET  1.7830 -10.9848 -7.0354
X -0.6973 -0.0440 -0.7154
Y  0.7151 -0.1107 -0.6902
Z -0.0488 -0.9929  0.1087

PART 48
OFFSET  2.4881 -9.6082 -5.7971
X -0.7009 -0.0396 -0.7122
Y  0.1789  0.9568 -0.2293
Z  0.6904 -0.2882 -0.6635

PART 49
OFFSET  1.9786 -9.8795 -4.7470
X -0.7009 -0.0396 -0.7122
Y  0.1789  0.9568 -0.2293
Z  0.6904 -0.2882 -0.6635

PART 50
OFFSET  1.9497 -11.2017 -4.4983
X -0.7009 -0.0396 -0.7122
Y  0.1789  0.9568 -0.2293
Z  0.6904 -0.2882 -0.6635

PART 51
OFFSET  3.9207 -10.8498 -4.8421
X  0.9406 -0.0076 -0.3393
Y  0.3327  0.2186  0.9174
Z  0.0672 -0.9758  0.2082

PART 52
OFFSET  3.1490 -10.6568 -5.6602
X  0.7918 -0.5818  0.1860
Y -0.0467  0.2460  0.9682
Z -0.6090 -0.7752  0.1675

PART 53
OFFSET  1.4789 -9.3827 -6.1676
X  0.7862 -0.4097 -0.4627
Y  0.3831 -0.2644  0.8850
Z -0.4849 -0.8731 -0.0509

PART 54
OFFSET  0.2870 -8.6393 -5.3621
X  0.2342 -0.2319 -0.9441
Y  0.7965 -0.5111  0.3231
Z -0.5575 -0.8276  0.0649

PART 55
OFFSET  0.0456 -8.3420 -4.3496
X  0.6952  0.2551 -0.6721
Y  0.0499  0.9155  0.3991
Z  0.7171 -0.3110  0.6237

PART 56
OFFSET  3.4674 -10.4121 -3.6148
X  0.5842 -0.1729 -0.7929
Y -0.0063 -0.9780  0.2087
Z -0.8116 -0.1170 -0.5724

PART 57
OFFSET  2.0373 -9.9206 -1.9421
X  0.5762 -0.8137  0.0765
Y -0.6153 -0.3702  0.6960
Z -0.5381 -0.4481 -0.7139

PART 58
OFFSET  1.2215 -8.7686 -2.0504
X -0.1688 -0.7680  0.6178
Y -0.8064  0.4680  0.3615
Z -0.5667 -0.4372 -0.6983

PART 59
OFFSET  1.3712 -8.0876 -2.5982
X -0.7793  0.1947  0.5956
Y -0.1050  0.8965 -0.4305
Z -0.6177 -0.3981 -0.6782

PART 60
OFFSET  2.1116 -8.2726 -3.1640
X  0.7514 -0.6541 -0.0872
Y  0.3442  0.5012 -0.7940
Z  0.5630  0.5665  0.6017

PART 61
OFFSET  3.0488 -10.6920 -4.1208
X  0.7934 -0.0802 -0.6034
Y  0.0333 -0.9841  0.1746
Z -0.6078 -0.1586 -0.7781

PART 62
OFFSET  1.0806 -10.4819 -2.4353
X  0.3567 -0.9309  0.0792
Y -0.7230 -0.2214  0.6544
Z -0.5916 -0.2907 -0.7520

PART 63
OFFSET  0.4733 -8.8971 -2.5702
X -0.4738 -0.6248  0.6206
Y -0.6663  0.7151  0.2112
Z -0.5758 -0.3134 -0.7551

PART 64
OFFSET  1.1300 -8.0312 -3.4303
X -0.7973  0.4260  0.4275
Y  0.1910  0.8500 -0.4910
Z -0.5725 -0.3098 -0.7591

PART 65
OFFSET  1.9948 -8.4933 -3.8939
X  0.5160 -0.8499 -0.1071
Y  0.6379  0.4647 -0.6141
Z  0.5717  0.2486  0.7819

PART 66
OFFSET  7.5904 -11.5893 -6.9184
X  0.8394 -0.3207 -0.4388
Y  0.2221  0.9392 -0.2618
Z  0.4961  0.1223  0.8596

PART 67
OFFSET  0.0295 -11.3478 -4.1345
X  0.8384 -0.3505 -0.4174
Y -0.1800 -0.9009  0.3949
Z -0.5144 -0.2560 -0.8184

PART 68
OFFSET -1.4466 -10.7307 -3.3996
X  0.3126 -0.9489  0.0431
Y -0.8027 -0.2396  0.5461
Z -0.5078 -0.2053 -0.8366

PART 69
OFFSET -1.8575 -9.5896 -3.5029
X -0.4468 -0.7294  0.5181
Y -0.7413  0.6260  0.2421
Z -0.5009 -0.2759 -0.8204

PART 70
OFFSET -1.3529 -8.7658 -4.0881
X  0.6737 -0.4053 -0.6179
Y  0.2675  0.9132 -0.3074
Z  0.6889  0.0418  0.7236

PART 71
OFFSET  0.4787 -10.9364 -3.2128
X  0.4623 -0.8849 -0.0560
Y -0.7254 -0.4138  0.5501
Z -0.5100 -0.2137 -0.8332

PART 72
OFFSET -0.4245 -9.2076 -3.1035
X -0.5226 -0.6904  0.5003
Y -0.6597  0.6991  0.2758
Z -0.5402 -0.1859 -0.8208

PART 73
OFFSET  0.3388 -8.1992 -3.8342
X -0.8168  0.2529  0.5186
Y  0.1392  0.9587 -0.2482
Z -0.5599 -0.1306 -0.8182

PART 74
OFFSET  1.2679 -8.4840 -4.4159
X  0.5732 -0.7978 -0.1868
Y  0.5888  0.5596 -0.5833
Z  0.5699  0.2244  0.7905

PART 75
OFFSET  0.0000 -0.0000 -0.0000
X  1.0000 -0.0000  0.0000
Y  0.0000  1.0000  0.0000
Z  0.0000 -0.0000  1.0000

PART 76
OFFSET  0.0000 -0.0000 -0.0000
X  1.0000 -0.0000  0.0000
Y  0.0000  1.0000  0.0000
Z  0.0000 -0.0000  1.0000

PART 77
OFFSET  1.5404 -0.0000  4.1357
X  1.0000 -0.0000  0.0000
Y  0.0000  1.0000  0.0000
Z  0.0000 -0.0000  1.0000


FRAME 201
PART 0
OFFSET  0.0000 -0.0000 -0.0000
X  1.0000 -0.0000  0.0000
Y  0.0000  1.0000  0.0000
Z  0.0000 -0.0000  1.0000

PART 1
OFFSET -4.6318 -0.0000 -1.3770
X  1.0000 -0.0000  0.0000
Y  0.0000  1.0000  0.0000
Z  0.0000 -0.0000  1.0000

PART 2
OFFSET -1.0415  7.9278 -5.9168
X  0.1817  0.0472 -0.9822
Y -0.1071 -0.9920 -0.0675
Z -0.9775  0.1174 -0.1752

PART 3
OFFSET  1.1559  8.4992 -17.7957
X  0.7944 -0.6036  0.0678
Y -0.1428 -0.0771  0.9868
Z -0.5904 -0.7935 -0.1474

PART 4
OFFSET  7.9126  3.3653 -17.2190
X  0.7944 -0.6036  0.0678
Y -0.2335 -0.2004  0.9515
Z -0.5607 -0.7717 -0.3002

PART 5
OFFSET  9.4951  4.0165 -18.0098
X  0.7969 -0.6010  0.0623
Y  0.5901  0.7963  0.1330
Z -0.1295 -0.0692  0.9892

PART 6
OFFSET  8.4663  2.2704 -18.4969
X  0.7969 -0.6010  0.0623
Y  0.5901  0.7963  0.1330
Z -0.1295 -0.0692  0.9892

PART 7
OFFSET  9.4843  3.4163 -15.4847
X  0.7969 -0.6010  0.0623
Y  0.5901  0.7963  0.1330
Z -0.1295 -0.0692  0.9892

PART 8
OFFSET  8.7997  1.7072 -15.4983
X  0.7969 -0.6010  0.0623
Y  0.5901  0.7963  0.1330
Z -0.1295 -0.0692  0.9892

PART 9
OFFSET  8.2736  1.5318 -16.5604
X  0.7969 -0.6010  0.0623
Y  0.5901  0.7963  0.1330
Z -0.1295 -0.0692  0.9892

PART 10
OFFSET  10.3480  1.5148 -17.0112
X  0.9773 -0.1925  0.0890
Y -0.1228 -0.1715  0.9775
Z -0.1729 -0.9662 -0.1913

PART 11
OFFSET  10.5981  0.8660 -16.1064
X  0.4215 -0.6912  0.5870
Y -0.6706  0.1983  0.7149
Z -0.6105 -0.6950 -0.3799

PART 12
OFFSET  11.4067 -0.6444 -14.7894
X  0.6260 -0.5611  0.5415
Y -0.6768 -0.0460  0.7347
Z -0.3874 -0.8265 -0.4085

PART 13
OFFSET  12.4143 -1.6401 -14.0047
X  0.7162 -0.6419  0.2740
Y -0.4798 -0.1678  0.8612
Z -0.5068 -0.7482 -0.4282

PART 14
OFFSET  13.1575 -2.3713 -13.7134
X  0.7553 -0.0278  0.6547
Y  0.1149  0.9892 -0.0907
Z -0.6452  0.1437  0.7504

PART 15
OFFSET  11.2714  1.3403 -18.0212
X  0.8040 -0.3558 -0.4765
Y -0.3439 -0.9319  0.1156
Z -0.4852  0.0709 -0.8715

PART 16
OFFSET  13.1063  0.4163 -18.9507
X  0.3626 -0.9307  0.0493
Y -0.9044 -0.3385  0.2599
Z -0.2252 -0.1388 -0.9644

PART 17
OFFSET  13.6196 -0.9013 -18.8808
X -0.2550 -0.9413  0.2212
Y -0.9492  0.2873  0.1284
Z -0.1845 -0.1772 -0.9667

PART 18
OFFSET  13.3936 -1.7358 -18.6847
X -0.5113 -0.8196  0.2584
Y -0.8237  0.5531  0.1246
Z -0.2451 -0.1492 -0.9580

PART 19
OFFSET  12.9078 -2.5145 -18.4392
X  0.9436  0.3013 -0.1373
Y -0.3238  0.9262 -0.1933
Z  0.0690  0.2269  0.9715

PART 20
OFFSET  11.4289  1.3189 -17.3253
X  0.9667 -0.1363 -0.2167
Y -0.1873 -0.9536 -0.2358
Z -0.1745  0.2685 -0.9473

PART 21
OFFSET  13.8478  0.6366 -17.9902
X  0.2746 -0.9593 -0.0663
Y -0.9264 -0.2824  0.2493
Z -0.2578 -0.0070 -0.9662

PART 22
OFFSET  14.3152 -0.9966 -18.1031
X -0.2728 -0.9571  0.0974
Y -0.9311  0.2881  0.2239
Z -0.2423 -0.0296 -0.9697

PART 23
OFFSET  13.9372 -2.3231 -17.9682
X -0.6706 -0.7187  0.1836
Y -0.7018  0.6949  0.1568
Z -0.2402 -0.0237 -0.9704

PART 24
OFFSET  13.2098 -3.1026 -17.7691
X  0.9385  0.1907 -0.2877
Y -0.1796  0.9816  0.0648
Z  0.2947 -0.0091  0.9555

PART 25
OFFSET  13.0729  0.1312 -15.2873
X  0.8952 -0.4166 -0.1585
Y  0.4445  0.8611  0.2469
Z  0.0336 -0.2915  0.9560

PART 26
OFFSET  14.1275  0.9944 -15.8561
X  0.5348 -0.7907 -0.2980
Y -0.7816 -0.5969  0.1811
Z -0.3211  0.1361 -0.9372

PART 27
OFFSET  15.0692 -0.3976 -16.3808
X -0.0437 -0.9850 -0.1670
Y -0.9612 -0.0042  0.2758
Z -0.2724  0.1725 -0.9466

PART 28
OFFSET  15.0326 -1.6056 -16.5263
X -0.4523 -0.8908  0.0432
Y -0.8419  0.4425  0.3088
Z -0.2942  0.1033 -0.9501

PART 29
OFFSET  14.5217 -2.6118 -16.4775
X  0.8245 -0.0804 -0.5601
Y  0.2150  0.9602  0.1786
Z  0.5234 -0.2676  0.8090

PART 30
OFFSET  14.1255  1.0278 -16.9604
X  0.4504 -0.8727 -0.1883
Y -0.8433 -0.4851  0.2313
Z -0.2932  0.0546 -0.9545

PART 31
OFFSET  15.0054 -0.6772 -17.3282
X -0.2712 -0.9625  0.0121
Y -0.9059  0.2595  0.3348
Z -0.3254  0.0798 -0.9422

PART 32
OFFSET  14.6093 -2.0830 -17.3105
X -0.6742 -0.7220  0.1555
Y -0.6065  0.6614  0.4413
Z -0.4215  0.2032 -0.8838

PART 33
OFFSET  13.8432 -2.8998 -17.1409
X  0.9313  0.1182 -0.3446
Y -0.0615  0.9833  0.1711
Z  0.3591 -0.1381  0.9230

PART 34
OFFSET  12.8001 -0.3870 -17.5882
X -0.2322  0.2287 -0.9454
Y  0.1729  0.9662  0.1913
Z  0.9572 -0.1190 -0.2639

PART 35
OFFSET -6.5488 -9.5740 -1.8080
X -0.7727  0.0714  0.6307
Y -0.0698  0.9781 -0.1963
Z -0.6309 -0.1957 -0.7508

PART 36
OFFSET -6.5488 -9.5740 -1.8080
X -0.7727  0.0714  0.6307
Y -0.0698  0.9781 -0.1963
Z -0.6309 -0.1957 -0.7508

PART 37
OFFSET  92.4545 -18.5252 -81.7049
X  0.6309  0.1957  0.7508
Y -0.0698  0.9781 -0.1963
Z -0.7727  0.0714  0.6307

PART 38
OFFSET -6.8312 -9.6576 -2.1241
X -0.7727  0.0714  0.6307
Y -0.0698  0.9781 -0.1963
Z -0.6309 -0.1957 -0.7508

PART 39
OFFSET -9.1537 -8.7484  3.2581
X -0.7727  0.0714  0.6307
Y -0.0698  0.9781 -0.1963
Z -0.6309 -0.1957 -0.7508

PART 40
OFFSET -0.7905 -9.0708 -6.8263
X -0.9884 -0.0944 -0.1189
Y -0.0532  0.9488 -0.3113
Z  0.1422 -0.3014 -0.9428

PART 41
OFFSET -0.7995 -8.9447 -6.8516
X -0.7730  0.0714  0.6304
Y -0.0698  0.9781 -0.1963
Z -0.6306 -0.1957 -0.7510

PART 42
OFFSET -11.0093 -9.6899 -0.7735
X -0.7741  0.0710  0.6291
Y -0.0698  0.9781 -0.1963
Z -0.6292 -0.1958 -0.7521

PART 43
OFFSET -3.6820 -9.4682 -2.3861
X -0.7727  0.0714  0.6307
Y -0.0698  0.9781 -0.1963
Z -0.6309 -0.1957 -0.7508

PART 44
OFFSET -9.7819 -9.7202 -1.3870
X -0.0959 -0.9954 -0.0047
Y -0.7727  0.0714  0.6307
Z -0.6275  0.0641 -0.7760

PART 45
OFFSET -6.7864 -7.9373 -2.2835
X -0.2812  0.2819  0.9173
Y -0.6423 -0.7655  0.0384
Z  0.7130 -0.5784  0.3964

PART 46
OFFSET -3.3852 -11.3468 -13.3771
X -0.6777 -0.0465 -0.7339
Y  0.7106 -0.2981 -0.6373
Z -0.1891 -0.9534  0.2350

PART 47
OFFSET  2.3787 -10.9513 -7.1351
X -0.6777 -0.0465 -0.7339
Y  0.7342 -0.0986 -0.6717
Z -0.0411 -0.9940  0.1009

PART 48
OFFSET  3.0443 -9.5726 -5.8774
X -0.6814 -0.0421 -0.7307
Y  0.1808  0.9577 -0.2238
Z  0.7092 -0.2846 -0.6450

PART 49
OFFSET  2.5081 -9.8469 -4.8416
X -0.6814 -0.0421 -0.7307
Y  0.1808  0.9577 -0.2238
Z  0.7092 -0.2846 -0.6450

PART 50
OFFSET  2.4783 -11.1694 -4.5946
X -0.6814 -0.0421 -0.7307
Y  0.1808  0.9577 -0.2238
Z  0.7092 -0.2846 -0.6450

PART 51
OFFSET  4.4563 -10.8087 -4.8852
X  0.9311 -0.0069 -0.3647
Y  0.3574  0.2166  0.9085
Z  0.0727 -0.9762  0.2042

PART 52
OFFSET  3.6627 -10.6137 -5.6817
X  0.7964 -0.5823  0.1633
Y -0.0205  0.2439  0.9696
Z -0.6044 -0.7756  0.1823

PART 53
OFFSET  1.9797 -9.3384 -6.1409
X  0.7733 -0.4088 -0.4847
Y  0.4069 -0.2664  0.8738
Z -0.4863 -0.8729 -0.0397

PART 54
OFFSET  0.8101 -8.5966 -5.3019
X  0.2086 -0.2298 -0.9506
Y  0.8048 -0.5119  0.3003
Z -0.5557 -0.8277  0.0782

PART 55
OFFSET  0.5963 -8.3015 -4.2826
X  0.6767  0.2565 -0.6901
Y  0.0608  0.9147  0.3996
Z  0.7337 -0.3124  0.6034

PART 56
OFFSET  4.0364 -10.3736 -3.6451
X  0.5625 -0.1713 -0.8088
Y -0.0008 -0.9784  0.2066
Z -0.8268 -0.1156 -0.5505

PART 57
OFFSET  2.6522 -9.8856 -1.9333
X  0.5779 -0.8140  0.0591
Y -0.5962 -0.3716  0.7116
Z -0.5573 -0.4465 -0.7001

PART 58
OFFSET  1.8340 -8.7332 -2.0170
X -0.1521 -0.7693  0.6205
Y -0.7963  0.4673  0.3842
Z -0.5855 -0.4356 -0.6837

PART 59
OFFSET  1.9689 -8.0511 -2.5671
X -0.7629  0.1935  0.6169
Y -0.1165  0.8974 -0.4256
Z -0.6359 -0.3965 -0.6621

PART 60
OFFSET  2.6937 -8.2349 -3.1532
X  0.7486 -0.6540 -0.1089
Y  0.3226  0.5029 -0.8019
Z  0.5792  0.5652  0.5874

PART 61
OFFSET  3.6042 -10.6523 -4.1402
X  0.7768 -0.0790 -0.6248
Y  0.0378 -0.9845  0.1715
Z -0.6287 -0.1569 -0.7617

PART 62
OFFSET  1.6824 -10.4457 -2.4016
X  0.3586 -0.9311  0.0675
Y -0.7051 -0.2228  0.6732
Z -0.6118 -0.2890 -0.7364

PART 63
OFFSET  1.0720 -8.8605 -2.5165
X -0.4570 -0.6261  0.6319
Y -0.6602  0.7148  0.2307
Z -0.5961 -0.3117 -0.7400

PART 64
OFFSET  1.7053 -7.9929 -3.3922
X -0.7854  0.4252  0.4498
Y  0.1777  0.8510 -0.4941
Z -0.5929 -0.3081 -0.7440

PART 65
OFFSET  2.5571 -8.4540 -3.8801
X  0.5128 -0.8497 -0.1229
Y  0.6211  0.4660 -0.6302
Z  0.5927  0.2468  0.7667

PART 66
OFFSET  8.0682 -11.5440 -7.0617
X  0.8272 -0.3199 -0.4620
Y  0.2150  0.9398 -0.2657
Z  0.5192  0.1204  0.8461

PART 67
OFFSET  0.5856 -11.3078 -4.0736
X  0.8419 -0.2267 -0.4896
Y -0.0580 -0.9402  0.3356
Z -0.5365 -0.2541 -0.8048

PART 68
OFFSET -0.8967 -10.9086 -3.2115
X  0.8266 -0.3218 -0.4618
Y -0.1704 -0.9250  0.3395
Z -0.5364 -0.2020 -0.8194

PART 69
OFFSET -1.9342 -10.5296 -2.6999
X  0.8418 -0.3967 -0.3661
Y -0.2454 -0.8853  0.3949
Z -0.4808 -0.2426 -0.8426

PART 70
OFFSET -2.8850 -10.0816 -2.2865
X -0.1877  0.8601 -0.4743
Y -0.8045  0.1425  0.5767
Z  0.5636  0.4898  0.6652

PART 71
OFFSET  1.0596 -10.8984 -3.1635
X  0.4605 -0.8849 -0.0704
Y -0.7103 -0.4149  0.5686
Z -0.5324 -0.2119 -0.8196

PART 72
OFFSET  0.1600 -9.1698 -3.0261
X -0.5090 -0.6914  0.5127
Y -0.6518  0.6986  0.2951
Z -0.5622 -0.1840 -0.8063

PART 73
OFFSET  0.9034 -8.1599 -3.7749
X -0.8024  0.2518  0.5411
Y  0.1325  0.9592 -0.2498
Z -0.5819 -0.1287 -0.8030

PART 74
OFFSET  1.8163 -8.4435 -4.3822
X  0.5678 -0.7975 -0.2040
Y  0.5728  0.5608 -0.5978
Z  0.5911  0.2226  0.7752

PART 75
OFFSET  0.0000 -0.0000 -0.0000
X  1.0000 -0.0000  0.0000
Y  0.0000  1.0000  0.0000
Z  0.0000 -0.0000  1.0000

PART 76
OFFSET -0.0000 -0.0000 -0.0000
X  1.0000  0.0008 -0.0009
Y -0.0008  1.0000  0.0009
Z  0.0009 -0.0009  1.0000

PART 77
OFFSET  1.5440 -0.0023  4.1344
X  1.0000  0.0008 -0.0009
Y -0.0008  1.0000  0.0009
Z  0.0009 -0.0009  1.0000


FRAME 202
PART 0
OFFSET  0.0000 -0.0000 -0.0000
X  1.0000 -0.0000  0.0000
Y  0.0000  1.0000  0.0000
Z  0.0000 -0.0000  1.0000

PART 1
OFFSET -4.6318 -0.0000 -1.3770
X  1.0000 -0.0000  0.0000
Y  0.0000  1.0000  0.0000
Z  0.0000 -0.0000  1.0000

PART 2
OFFSET -1.0520  7.9003 -5.9168
X  0.1754  0.0546 -0.9830
Y -0.1097 -0.9912 -0.0746
Z -0.9784  0.1209 -0.1679

PART 3
OFFSET  1.0695  8.5603 -17.8049
X  0.7942 -0.6054  0.0527
Y -0.1323 -0.0877  0.9873
Z -0.5931 -0.7911 -0.1498

PART 4
OFFSET  7.8246  3.4114 -17.3570
X  0.7942 -0.6054  0.0527
Y -0.2464 -0.2416  0.9386
Z -0.5555 -0.7584 -0.3410

PART 5
OFFSET  9.3995  4.0691 -18.1575
X  0.7966 -0.6026  0.0472
Y  0.5927  0.7940  0.1354
Z -0.1191 -0.0799  0.9897

PART 6
OFFSET  8.3630  2.3299 -18.6526
X  0.7966 -0.6026  0.0472
Y  0.5927  0.7940  0.1354
Z -0.1191 -0.0799  0.9897

PART 7
OFFSET  9.4149  3.4413 -15.6392
X  0.7966 -0.6026  0.0472
Y  0.5927  0.7940  0.1354
Z -0.1191 -0.0799  0.9897

PART 8
OFFSET  8.7277  1.7333 -15.6641
X  0.7966 -0.6026  0.0472
Y  0.5927  0.7940  0.1354
Z -0.1191 -0.0799  0.9897

PART 9
OFFSET  8.1900  1.5704 -16.7225
X  0.7966 -0.6026  0.0472
Y  0.5927  0.7940  0.1354
Z -0.1191 -0.0799  0.9897

PART 10
OFFSET  10.2594  1.5556 -17.1956
X  0.9290 -0.2874  0.2331
Y -0.2914 -0.1796  0.9396
Z -0.2282 -0.9408 -0.2505

PART 11
OFFSET  10.3024  0.8667 -16.2868
X  0.2655 -0.7473  0.6091
Y -0.7529  0.2339  0.6152
Z -0.6022 -0.6219 -0.5006

PART 12
OFFSET  10.7666 -0.7573 -14.9389
X  0.4905 -0.6355  0.5963
Y -0.7798 -0.0146  0.6258
Z -0.3890 -0.7720 -0.5027

PART 13
OFFSET  11.5614 -1.8687 -14.0698
X  0.6145 -0.7127  0.3382
Y -0.6125 -0.1608  0.7740
Z -0.4973 -0.6828 -0.5353

PART 14
OFFSET  12.1928 -2.6734 -13.7154
X  0.6468 -0.1207  0.7530
Y  0.2062  0.9783 -0.0203
Z -0.7342  0.1684  0.6577

PART 15
OFFSET  11.3114  1.3145 -18.0550
X  0.8333 -0.4213 -0.3579
Y -0.4418 -0.8967  0.0270
Z -0.3323  0.1356 -0.9334

PART 16
OFFSET  13.1779  0.2382 -18.7200
X  0.2624 -0.9623  0.0717
Y -0.9615 -0.2545  0.1034
Z -0.0812 -0.0961 -0.9920

PART 17
OFFSET  13.5494 -1.1242 -18.6184
X -0.3733 -0.9164  0.1448
Y -0.9267  0.3758 -0.0109
Z -0.0444 -0.1382 -0.9894

PART 18
OFFSET  13.2185 -1.9367 -18.4901
X -0.6182 -0.7723  0.1459
Y -0.7792  0.6266  0.0147
Z -0.1028 -0.1046 -0.9892

PART 19
OFFSET  12.6311 -2.6704 -18.3515
X  0.9769  0.2125  0.0222
Y -0.2034  0.9568 -0.2078
Z -0.0654  0.1984  0.9779

PART 20
OFFSET  11.3539  1.2633 -17.3443
X  0.9722 -0.2240 -0.0682
Y -0.2342 -0.9260 -0.2963
Z  0.0032  0.3040 -0.9527

PART 21
OFFSET  13.7747  0.3658 -17.6484
X  0.1919 -0.9797 -0.0572
Y -0.9762 -0.1966  0.0916
Z -0.1010  0.0382 -0.9942

PART 22
OFFSET  14.1015 -1.3022 -17.7458
X -0.3724 -0.9279  0.0192
Y -0.9239  0.3727  0.0863
Z -0.0873  0.0144 -0.9961

PART 23
OFFSET  13.5853 -2.5882 -17.7191
X -0.7535 -0.6555  0.0508
Y -0.6520  0.7549  0.0705
Z -0.0845  0.0200 -0.9962

PART 24
OFFSET  12.7681 -3.2991 -17.6641
X  0.9856  0.1068 -0.1309
Y -0.0981  0.9926  0.0714
Z  0.1375 -0.0575  0.9888

PART 25
OFFSET  12.5383 -0.1198 -15.1193
X  0.8670 -0.4973 -0.0320
Y  0.4767  0.8089  0.3440
Z -0.1452 -0.3135  0.9384

PART 26
OFFSET  13.7443  0.6498 -15.4854
X  0.5000 -0.8323 -0.2393
Y -0.8521 -0.5222  0.0357
Z -0.1547  0.1861 -0.9703

PART 27
OFFSET  14.6247 -0.8155 -15.9067
X -0.1075 -0.9724 -0.2070
Y -0.9890  0.0833  0.1226
Z -0.1019  0.2179 -0.9706

PART 28
OFFSET  14.5002 -2.0109 -16.0994
X -0.5339 -0.8435 -0.0597
Y -0.8356  0.5155  0.1897
Z -0.1292  0.1511 -0.9800

PART 29
OFFSET  13.8971 -2.9636 -16.1668
X  0.8918 -0.1483 -0.4274
Y  0.2718  0.9309  0.2442
Z  0.3617 -0.3339  0.8704

PART 30
OFFSET  13.9204  0.7065 -16.5745
X  0.3918 -0.9082 -0.1471
Y -0.9105 -0.4057  0.0796
Z -0.1319  0.1027 -0.9859

PART 31
OFFSET  14.6859 -1.0677 -16.8618
X -0.3576 -0.9316 -0.0648
Y -0.9195  0.3392  0.1988
Z -0.1632  0.1307 -0.9779

PART 32
OFFSET  14.1635 -2.4285 -16.9564
X -0.7528 -0.6578  0.0218
Y -0.6066  0.7063  0.3650
Z -0.2555  0.2616 -0.9307

PART 33
OFFSET  13.3094 -3.1722 -16.9386
X  0.9810  0.0366 -0.1904
Y  0.0013  0.9808  0.1952
Z  0.1938 -0.1917  0.9621

PART 34
OFFSET  12.5873 -0.5606 -17.4517
X -0.0575  0.2699 -0.9612
Y  0.2282  0.9408  0.2505
Z  0.9719 -0.2049 -0.1157

PART 35
OFFSET -4.9139 -9.4701 -1.1253
X -0.7239  0.0676  0.6866
Y -0.0836  0.9792 -0.1846
Z -0.6848 -0.1911 -0.7032

PART 36
OFFSET -4.9139 -9.4701 -1.1253
X -0.7239  0.0676  0.6866
Y -0.0836  0.9792 -0.1846
Z -0.6848 -0.1911 -0.7032

PART 37
OFFSET  87.9021 -17.9364 -88.1816
X  0.6848  0.1911  0.7032
Y -0.0836  0.9792 -0.1846
Z -0.7239  0.0676  0.6866

PART 38
OFFSET -5.2190 -9.5518 -1.4201
X -0.7239  0.0676  0.6866
Y -0.0836  0.9792 -0.1846
Z -0.6848 -0.1911 -0.7032

PART 39
OFFSET -7.1364 -8.6755  4.1246
X -0.7239  0.0676  0.6866
Y -0.0836  0.9792 -0.1846
Z -0.6848 -0.1911 -0.7032

PART 40
OFFSET  0.4576 -8.9364 -6.5527
X -0.9945 -0.0936 -0.0460
Y -0.0501  0.8156 -0.5764
Z  0.0915 -0.5709 -0.8159

PART 41
OFFSET  0.4468 -8.8102 -6.5765
X -0.7250  0.0673  0.6855
Y -0.0836  0.9792 -0.1846
Z -0.6837 -0.1912 -0.7043

PART 42
OFFSET -9.2933 -9.5949  0.2245
X -0.7296  0.0660  0.6807
Y -0.0836  0.9792 -0.1846
Z -0.6788 -0.1916 -0.7089

PART 43
OFFSET -2.0977 -9.3609 -1.9132
X -0.7239  0.0676  0.6866
Y -0.0836  0.9792 -0.1846
Z -0.6848 -0.1911 -0.7032

PART 44
OFFSET -8.1070 -9.6188 -0.4671
X -0.0965 -0.9953 -0.0037
Y -0.7239  0.0676  0.6866
Z -0.6832  0.0689 -0.7270

PART 45
OFFSET -5.8334 -7.9373 -3.2527
X -0.3646  0.2753  0.8895
Y -0.6301 -0.7763 -0.0181
Z  0.6855 -0.5671  0.4565

PART 46
OFFSET -1.4234 -11.2664 -14.0105
X -0.6271 -0.0501 -0.7773
Y  0.7547 -0.2859 -0.5904
Z -0.1927 -0.9569  0.2171

PART 47
OFFSET  3.9103 -10.8401 -7.3989
X -0.6271 -0.0501 -0.7773
Y  0.7787 -0.0661 -0.6239
Z -0.0201 -0.9966  0.0805

PART 48
OFFSET  4.4745 -9.4611 -6.0929
X -0.6310 -0.0458 -0.7744
Y  0.1836  0.9611 -0.2064
Z  0.7537 -0.2724 -0.5981

PART 49
OFFSET  3.8744 -9.7479 -5.0962
X -0.6310 -0.0458 -0.7744
Y  0.1836  0.9611 -0.2064
Z  0.7537 -0.2724 -0.5981

PART 50
OFFSET  3.8443 -11.0721 -4.8585
X -0.6310 -0.0458 -0.7744
Y  0.1836  0.9611 -0.2064
Z  0.7537 -0.2724 -0.5981

PART 51
OFFSET  5.8327 -10.6864 -5.0158
X  0.9016 -0.0048 -0.4326
Y  0.4238  0.2110  0.8808
Z  0.0871 -0.9775  0.1923

PART 52
OFFSET  4.9825 -10.4866 -5.7502
X  0.8060 -0.5833  0.1003
Y  0.0514  0.2379  0.9699
Z -0.5896 -0.7766  0.2218

PART 53
OFFSET  3.2708 -9.2084 -6.0758
X  0.7351 -0.4058 -0.5431
Y  0.4703 -0.2718  0.8396
Z -0.4883 -0.8726 -0.0089

PART 54
OFFSET  2.1668 -8.4717 -5.1480
X  0.1375 -0.2240 -0.9648
Y  0.8246 -0.5138  0.2368
Z -0.5488 -0.8282  0.1141

PART 55
OFFSET  2.0292 -8.1828 -4.1139
X  0.6240  0.2607 -0.7367
Y  0.0907  0.9122  0.3996
Z  0.7762 -0.3161  0.5455

PART 56
OFFSET  5.5060 -10.2589 -3.7454
X  0.5010 -0.1663 -0.8493
Y  0.0140 -0.9797  0.2002
Z -0.8653 -0.1122 -0.4885

PART 57
OFFSET  4.2524 -9.7814 -1.9329
X  0.5803 -0.8143  0.0112
Y -0.5421 -0.3760  0.7515
Z -0.6078 -0.4421 -0.6596

PART 58
OFFSET  3.4309 -8.6285 -1.9488
X -0.1062 -0.7731  0.6253
Y -0.7654  0.4650  0.4449
Z -0.6347 -0.4314 -0.6411

PART 59
OFFSET  3.5250 -7.9430 -2.5032
X -0.7151  0.1898  0.6728
Y -0.1472  0.9000 -0.4103
Z -0.6834 -0.3924 -0.6156

PART 60
OFFSET  4.2044 -8.1233 -3.1424
X  0.7382 -0.6534 -0.1680
Y  0.2627  0.5077 -0.8205
Z  0.6214  0.5615  0.5464

PART 61
OFFSET  5.0382 -10.5346 -4.2088
X  0.7284 -0.0752 -0.6810
Y  0.0499 -0.9855  0.1622
Z -0.6834 -0.1522 -0.7140

PART 62
OFFSET  3.2504 -10.3385 -2.3316
X  0.3621 -0.9315  0.0351
Y -0.6535 -0.2268  0.7222
Z -0.6647 -0.2844 -0.6908

PART 63
OFFSET  2.6339 -8.7527 -2.3914
X -0.4093 -0.6299  0.6601
Y -0.6410  0.7134  0.2833
Z -0.6493 -0.3072 -0.6957

PART 64
OFFSET  3.2011 -7.8797 -3.3062
X -0.7498  0.4225  0.5093
Y  0.1411  0.8540 -0.5007
Z -0.6465 -0.3035 -0.7000

PART 65
OFFSET  4.0143 -8.3379 -3.8586
X  0.5019 -0.8489 -0.1657
Y  0.5730  0.4698 -0.6715
Z  0.6479  0.2421  0.7222

PART 66
OFFSET  9.2734 -11.4086 -7.4581
X  0.7905 -0.3171 -0.5239
Y  0.1953  0.9414 -0.2751
Z  0.5804  0.1152  0.8061

PART 67
OFFSET  2.0325 -11.1903 -3.9231
X  0.8033 -0.2238 -0.5520
Y -0.0335 -0.9422  0.3332
Z -0.5947 -0.2492 -0.7644

PART 68
OFFSET  0.6182 -10.7963 -2.9513
X  0.7900 -0.3190 -0.5236
Y -0.1453 -0.9271  0.3456
Z -0.5957 -0.1969 -0.7787

PART 69
OFFSET -0.3784 -10.4205 -2.3620
X  0.8122 -0.3944 -0.4298
Y -0.2160 -0.8877  0.4066
Z -0.5419 -0.2374 -0.8062

PART 70
OFFSET -1.2958 -9.9749 -1.8766
X -0.2219  0.8630 -0.4539
Y -0.7595  0.1390  0.6355
Z  0.6115  0.4857  0.6246

PART 71
OFFSET  2.5727 -10.7866 -3.0481
X  0.4536 -0.8844 -0.1097
Y -0.6665 -0.4183  0.6171
Z -0.5917 -0.2068 -0.7792

PART 72
OFFSET  1.6866 -9.0588 -2.8339
X -0.4700 -0.6945  0.5448
Y -0.6279  0.6968  0.3467
Z -0.6204 -0.1791 -0.7636

PART 73
OFFSET  2.3730 -8.0443 -3.6295
X -0.7600  0.2485  0.6005
Y  0.1142  0.9607 -0.2531
Z -0.6398 -0.1238 -0.7585

PART 74
OFFSET  3.2384 -8.3243 -4.3044
X  0.5508 -0.7963 -0.2503
Y  0.5273  0.5644 -0.6351
Z  0.6470  0.2178  0.7307

PART 75
OFFSET  0.0000 -0.0000 -0.0000
X  1.0000 -0.0000  0.0000
Y  0.0000  1.0000  0.0000
Z  0.0000 -0.0000  1.0000

PART 76
OFFSET -0.0000 -0.0000 -0.0000
X  1.0000  0.0030 -0.0032
Y -0.0030  1.0000  0.0032
Z  0.0032 -0.0032  1.0000

PART 77
OFFSET  1.5538 -0.0086  4.1307
X  1.0000  0.0030 -0.0032
Y -0.0030  1.0000  0.0032
Z  0.0032 -0.0032  1.0000


FRAME 203
PART 0
OFFSET  0.0000 -0.0000 -0.0000
X  1.0000 -0.0000  0.0000
Y  0.0000  1.0000  0.0000
Z  0.0000 -0.0000  1.0000

PART 1
OFFSET -4.6318 -0.0000 -1.3770
X  1.0000 -0.0000  0.0000
Y  0.0000  1.0000  0.0000
Z  0.0000 -0.0000  1.0000

PART 2
OFFSET -1.0689  7.8560 -5.9168
X  0.1718  0.0623 -0.9832
Y -0.1119 -0.9903 -0.0823
Z -0.9787  0.1242 -0.1632

PART 3
OFFSET  1.0093  8.6094 -17.8070
X  0.7937 -0.6070  0.0409
Y -0.1257 -0.0979  0.9872
Z -0.5952 -0.7887 -0.1540

PART 4
OFFSET  7.7598  3.4469 -17.4592
X  0.7937 -0.6070  0.0409
Y -0.2782 -0.3023  0.9117
Z -0.5410 -0.7350 -0.4088

PART 5
OFFSET  9.3301  4.1109 -18.2635
X  0.7960 -0.6042  0.0354
Y  0.5947  0.7917  0.1397
Z -0.1124 -0.0901  0.9896

PART 6
OFFSET  8.2879  2.3783 -18.7698
X  0.7960 -0.6042  0.0354
Y  0.5947  0.7917  0.1397
Z -0.1124 -0.0901  0.9896

PART 7
OFFSET  9.3618  3.4565 -15.7521
X  0.7960 -0.6042  0.0354
Y  0.5947  0.7917  0.1397
Z -0.1124 -0.0901  0.9896

PART 8
OFFSET  8.6719  1.7499 -15.7903
X  0.7960 -0.6042  0.0354
Y  0.5947  0.7917  0.1397
Z -0.1124 -0.0901  0.9896

PART 9
OFFSET  8.1269  1.5988 -16.8465
X  0.7960 -0.6042  0.0354
Y  0.5947  0.7917  0.1397
Z -0.1124 -0.0901  0.9896

PART 10
OFFSET  10.1930  1.5861 -17.3339
X  0.8430 -0.3882  0.3724
Y -0.4658 -0.1803  0.8663
Z -0.2692 -0.9038 -0.3328

PART 11
OFFSET  10.0121  0.8664 -16.4669
X  0.0969 -0.8005  0.5914
Y -0.8240  0.2688  0.4988
Z -0.5583 -0.5357 -0.6336

PART 12
OFFSET  10.1078 -0.8640 -15.1761
X  0.3387 -0.7101  0.6173
Y -0.8694  0.0146  0.4939
Z -0.3597 -0.7040 -0.6124

PART 13
OFFSET  10.6663 -2.0900 -14.2776
X  0.4999 -0.7813  0.3737
Y -0.7373 -0.1576  0.6569
Z -0.4543 -0.6040 -0.6548

PART 14
OFFSET  11.1736 -2.9652 -13.8922
X  0.5089 -0.2212  0.8319
Y  0.2771  0.9571  0.0850
Z -0.8150  0.1872  0.5484

PART 15
OFFSET  11.3506  1.2680 -18.0136
X  0.8392 -0.4918 -0.2323
Y -0.5226 -0.8475 -0.0936
Z -0.1508  0.2000 -0.9681

PART 16
OFFSET  13.1940  0.0300 -18.4061
X  0.1522 -0.9861  0.0664
Y -0.9848 -0.1570 -0.0742
Z  0.0836 -0.0541 -0.9950

PART 17
OFFSET  13.4094 -1.3661 -18.3121
X -0.4798 -0.8768  0.0327
Y -0.8698  0.4704 -0.1489
Z  0.1152 -0.0998 -0.9883

PART 18
OFFSET  12.9840 -2.1435 -18.2831
X -0.7037 -0.7105 -0.0002
Y -0.7078  0.7011 -0.0859
Z  0.0612 -0.0603 -0.9963

PART 19
OFFSET  12.3155 -2.8184 -18.2833
X  0.9737  0.1120  0.1982
Y -0.0738  0.9789 -0.1906
Z -0.2153  0.1710  0.9614

PART 20
OFFSET  11.2641  1.1890 -17.3095
X  0.9436 -0.3195  0.0864
Y -0.2657 -0.8868 -0.3781
Z  0.1974  0.3338 -0.9217

PART 21
OFFSET  13.6050  0.0602 -17.2438
X  0.1043 -0.9918 -0.0733
Y -0.9915 -0.0980 -0.0852
Z  0.0773  0.0816 -0.9937

PART 22
OFFSET  13.7826 -1.6284 -17.3686
X -0.4580 -0.8843 -0.0911
Y -0.8845  0.4636 -0.0526
Z  0.0888  0.0565 -0.9944

PART 23
OFFSET  13.1478 -2.8539 -17.4949
X -0.8083 -0.5782 -0.1108
Y -0.5815  0.8136 -0.0032
Z  0.0920  0.0618 -0.9938

PART 24
OFFSET  12.2711 -3.4810 -17.6151
X  0.9990  0.0120  0.0438
Y -0.0165  0.9945  0.1036
Z -0.0423 -0.1042  0.9937

PART 25
OFFSET  11.9077 -0.3813 -14.9886
X  0.8084 -0.5817  0.0903
Y  0.4841  0.7442  0.4602
Z -0.3349 -0.3283  0.8832

PART 26
OFFSET  13.2263  0.2733 -15.1056
X  0.4520 -0.8709 -0.1930
Y -0.8913 -0.4326 -0.1355
Z  0.0345  0.2333 -0.9718

PART 27
OFFSET  14.0222 -1.2600 -15.4454
X -0.1628 -0.9487 -0.2711
Y -0.9826  0.1808 -0.0425
Z  0.0893  0.2594 -0.9616

PART 28
OFFSET  13.8188 -2.4291 -15.7165
X -0.5939 -0.7814 -0.1917
Y -0.8025  0.5924  0.0713
Z  0.0578  0.1962 -0.9789

PART 29
OFFSET  13.1480 -3.3117 -15.9330
X  0.9340 -0.2252 -0.2773
Y  0.3134  0.8892  0.3334
Z  0.1715 -0.3983  0.9011

PART 30
OFFSET  13.5935  0.3482 -16.1449
X  0.3222 -0.9385 -0.1243
Y -0.9453 -0.3118 -0.0963
Z  0.0516  0.1486 -0.9876

PART 31
OFFSET  14.2229 -1.4851 -16.3878
X -0.4290 -0.8869 -0.1714
Y -0.9031  0.4257  0.0572
Z  0.0223  0.1793 -0.9835

PART 32
OFFSET  13.5964 -2.7806 -16.6382
X -0.8027 -0.5796 -0.1403
Y -0.5929  0.7505  0.2918
Z -0.0638  0.3174 -0.9461

PART 33
OFFSET  12.6872 -3.4353 -16.8040
X  0.9983 -0.0552 -0.0183
Y  0.0580  0.9685  0.2422
Z  0.0043 -0.2429  0.9700

PART 34
OFFSET  12.3192 -0.7465 -17.2982
X  0.1361  0.3064 -0.9421
Y  0.2692  0.9038  0.3328
Z  0.9534 -0.2989  0.0405

PART 35
OFFSET -2.5818 -9.3049 -0.1497
X -0.6439  0.0609  0.7627
Y -0.1027  0.9809 -0.1650
Z -0.7582 -0.1845 -0.6254

PART 36
OFFSET -2.5818 -9.3049 -0.1497
X -0.6439  0.0609  0.7627
Y -0.1027  0.9809 -0.1650
Z -0.7582 -0.1845 -0.6254

PART 37
OFFSET  80.0862 -16.9192 -96.9656
X  0.7582  0.1845  0.6254
Y -0.1027  0.9809 -0.1650
Z -0.6439  0.0609  0.7627

PART 38
OFFSET -2.9175 -9.3838 -0.4100
X -0.6439  0.0609  0.7627
Y -0.1027  0.9809 -0.1650
Z -0.7582 -0.1845 -0.6254

PART 39
OFFSET -4.2126 -8.5608  5.3201
X -0.6439  0.0609  0.7627
Y -0.1027  0.9809 -0.1650
Z -0.7582 -0.1845 -0.6254

PART 40
OFFSET  2.1604 -8.7183 -6.1299
X -0.9936 -0.0934  0.0628
Y -0.1024  0.5176 -0.8494
Z  0.0469 -0.8505 -0.5239

PART 41
OFFSET  2.1471 -8.5918 -6.1511
X -0.6464  0.0603  0.7606
Y -0.1027  0.9809 -0.1650
Z -0.7560 -0.1848 -0.6279

PART 42
OFFSET -6.7996 -9.4478  1.6567
X -0.6573  0.0576  0.7514
Y -0.1027  0.9809 -0.1650
Z -0.7466 -0.1856 -0.6389

PART 43
OFFSET  0.1307 -9.1874 -1.2416
X -0.6439  0.0609  0.7627
Y -0.1027  0.9809 -0.1650
Z -0.7582 -0.1845 -0.6254

PART 44
OFFSET -5.6833 -9.4607  0.8543
X -0.0971 -0.9953 -0.0025
Y -0.6439  0.0609  0.7627
Z -0.7589  0.0756 -0.6468

PART 45
OFFSET -4.4969 -7.9373 -4.6229
X -0.4735  0.2586  0.8420
Y -0.6036 -0.7914 -0.0964
Z  0.6414 -0.5539  0.5308

PART 46
OFFSET  1.2298 -11.0646 -14.8055
X -0.5566 -0.0504 -0.8292
Y  0.8082 -0.2639 -0.5265
Z -0.1923 -0.9632  0.1877

PART 47
OFFSET  5.9641 -10.6359 -7.7525
X -0.5566 -0.0504 -0.8292
Y  0.8307 -0.0202 -0.5564
Z  0.0113 -0.9985  0.0531

PART 48
OFFSET  6.3871 -9.2656 -6.3855
X -0.5609 -0.0462 -0.8266
Y  0.1823  0.9671 -0.1777
Z  0.8076 -0.2504 -0.5340

PART 49
OFFSET  5.7089 -9.5772 -5.4481
X -0.5609 -0.0462 -0.8266
Y  0.1823  0.9671 -0.1777
Z  0.8076 -0.2504 -0.5340

PART 50
OFFSET  5.6838 -10.9049 -5.2305
X -0.5609 -0.0462 -0.8266
Y  0.1823  0.9671 -0.1777
Z  0.8076 -0.2504 -0.5340

PART 51
OFFSET  7.6706 -10.4814 -5.2104
X  0.8485 -0.0004 -0.5292
Y  0.5183  0.2028  0.8308
Z  0.1070 -0.9792  0.1722

PART 52
OFFSET  6.7449 -10.2748 -5.8448
X  0.8117 -0.5840  0.0055
Y  0.1580  0.2287  0.9606
Z -0.5623 -0.7789  0.2779

PART 53
OFFSET  5.0087 -8.9940 -5.9680
X  0.6706 -0.4004 -0.6245
Y  0.5596 -0.2796  0.7802
Z -0.4870 -0.8726  0.0366

PART 54
OFFSET  4.0141 -8.2665 -4.9174
X  0.0304 -0.2148 -0.9762
Y  0.8452 -0.5158  0.1398
Z -0.5335 -0.8294  0.1659

PART 55
OFFSET  3.9913 -7.9875 -3.8718
X  0.5393  0.2679 -0.7984
Y  0.1348  0.9084  0.3958
Z  0.8312 -0.3211  0.4538

PART 56
OFFSET  7.4859 -10.0660 -3.9077
X  0.4044 -0.1581 -0.9008
Y  0.0352 -0.9815  0.1881
Z -0.9139 -0.1078 -0.3914

PART 57
OFFSET  6.4398 -9.6061 -1.9638
X  0.5773 -0.8143 -0.0604
Y -0.4565 -0.3832  0.8030
Z -0.6770 -0.4360 -0.5929

PART 58
OFFSET  5.6224 -8.4533 -1.8783
X -0.0373 -0.7790  0.6259
Y -0.7115  0.4605  0.5308
Z -0.7017 -0.4255 -0.5715

PART 59
OFFSET  5.6555 -7.7626 -2.4332
X -0.6366  0.1832  0.7492
Y -0.1908  0.9038 -0.3831
Z -0.7473 -0.3868 -0.5404

PART 60
OFFSET  6.2602 -7.9366 -3.1450
X  0.7147 -0.6515 -0.2544
Y  0.1712  0.5156 -0.8396
Z  0.6782  0.5565  0.4800

PART 61
OFFSET  6.9698 -10.3374 -4.3194
X  0.6490 -0.0686 -0.7577
Y  0.0667 -0.9870  0.1464
Z -0.7579 -0.1456 -0.6359

PART 62
OFFSET  5.3996 -10.1597 -2.2552
X  0.3631 -0.9317 -0.0138
Y -0.5702 -0.2339  0.7875
Z -0.7369 -0.2780 -0.6162

PART 63
OFFSET  4.7814 -8.5735 -2.2317
X -0.3347 -0.6362  0.6951
Y -0.6054  0.7105  0.3588
Z -0.7222 -0.3007 -0.6229

PART 64
OFFSET  5.2453 -7.6917 -3.1951
X -0.6888  0.4174  0.5927
Y  0.0859  0.8588 -0.5051
Z -0.7198 -0.2970 -0.6274

PART 65
OFFSET  5.9923 -8.1444 -3.8379
X  0.4799 -0.8472 -0.2279
Y  0.4960  0.4763 -0.7260
Z  0.7236  0.2354  0.6488

PART 66
OFFSET  10.8211 -11.1794 -8.0230
X  0.7279 -0.3119 -0.6107
Y  0.1645  0.9440 -0.2860
Z  0.6657  0.1077  0.7384

PART 67
OFFSET  4.0132 -10.9966 -3.7110
X  0.7375 -0.2183 -0.6391
Y  0.0026 -0.9454  0.3260
Z -0.6753 -0.2421 -0.6967

PART 68
OFFSET  2.7147 -10.6122 -2.5858
X  0.7273 -0.3138 -0.6103
Y -0.1071 -0.9304  0.3506
Z -0.6779 -0.1897 -0.7103

PART 69
OFFSET  1.7894 -10.2423 -1.8869
X  0.7597 -0.3901 -0.5202
Y -0.1706 -0.8916  0.4195
Z -0.6275 -0.2299 -0.7439

PART 70
OFFSET  0.9313 -9.8016 -1.2993
X -0.2698  0.8672 -0.4185
Y -0.6849  0.1327  0.7165
Z  0.6769  0.4799  0.5581

PART 71
OFFSET  4.6468 -10.6011 -2.8970
X  0.4381 -0.8832 -0.1673
Y -0.5949 -0.4244  0.6827
Z -0.6740 -0.1996 -0.7113

PART 72
OFFSET  3.7909 -8.8756 -2.5702
X -0.4077 -0.6998  0.5865
Y -0.5854  0.6933  0.4203
Z -0.7008 -0.1720 -0.6923

PART 73
OFFSET  4.3865 -7.8535 -3.4269
X -0.6892  0.2426  0.6828
Y  0.0864  0.9631 -0.2550
Z -0.7194 -0.1168 -0.6847

PART 74
OFFSET  5.1722 -8.1268 -4.1955
X  0.5193 -0.7937 -0.3169
Y  0.4547  0.5705 -0.6839
Z  0.7236  0.2110  0.6571

PART 75
OFFSET  0.0000 -0.0000 -0.0000
X  1.0000 -0.0000  0.0000
Y  0.0000  1.0000  0.0000
Z  0.0000 -0.0000  1.0000

PART 76
OFFSET -0.0000 -0.0000 -0.0000
X  1.0000  0.0063 -0.0067
Y -0.0062  1.0000  0.0067
Z  0.0068 -0.0067  1.0000

PART 77
OFFSET  1.5684 -0.0179  4.1252
X  1.0000  0.0063 -0.0067
Y -0.0062  1.0000  0.0067
Z  0.0068 -0.0067  1.0000


FRAME 204
PART 0
OFFSET  0.0000 -0.0000 -0.0000
X  1.0000 -0.0000  0.0000
Y  0.0000  1.0000  0.0000
Z  0.0000 -0.0000  1.0000

PART 1
OFFSET -4.6318 -0.0000 -1.3770
X  1.0000 -0.0000  0.0000
Y  0.0000  1.0000  0.0000
Z  0.0000 -0.0000  1.0000

PART 2
OFFSET -1.0917  7.7962 -5.9168
X  0.1762  0.0670 -0.9821
Y -0.1118 -0.9899 -0.0876
Z -0.9780  0.1253 -0.1669

PART 3
OFFSET  1.0390  8.6068 -17.7939
X  0.7930 -0.6076  0.0437
Y -0.1320 -0.1012  0.9861
Z -0.5947 -0.7877 -0.1605

PART 4
OFFSET  7.7840  3.4387 -17.4219
X  0.7930 -0.6076  0.0437
Y -0.3196 -0.3539  0.8790
Z -0.5186 -0.7110 -0.4748

PART 5
OFFSET  9.3597  4.1044 -18.2140
X  0.7954 -0.6048  0.0383
Y  0.5943  0.7908  0.1462
Z -0.1187 -0.0935  0.9885

PART 6
