// Export filename: `C:\projects\cod\t5\xanim_export\t5_viewmodels\spas12\spas12_putaway.XANIM_EXPORT`
// Source filename: `D:\projects\devanim\t5\animation_assets\viewmodels/spas12/ViewModel_Spas12_animated.fbx`
// Export time: Sat Sep 11 16:00:38 2010

ANIMATION
VERSION 3

NUMPARTS 78
PART 0 "tag_ads"
PART 1 "tag_torso"
PART 2 "J_Shoulder_LE"
PART 3 "J_Elbow_LE"
PART 4 "J_WristTwist_LE"
PART 5 "J_Sleave_Reshape_Bottom_LE_1"
PART 6 "J_Sleave_Reshape_Bottom_LE_2"
PART 7 "J_Sleave_Reshape_Top_LE_1"
PART 8 "J_Sleave_Reshape_Top_LE_2"
PART 9 "J_Sleave_Reshape_Top_LE_3"
PART 10 "J_Wrist_LE"
PART 11 "J_Thumb_LE_0"
PART 12 "J_Thumb_LE_1"
PART 13 "J_Thumb_LE_2"
PART 14 "J_Thumb_LE_3"
PART 15 "J_PinkyPalm_LE"
PART 16 "J_Pinky_LE_0"
PART 17 "J_Pinky_LE_1"
PART 18 "J_Pinky_LE_2"
PART 19 "J_Pinky_LE_3"
PART 20 "J_RingPalm_LE"
PART 21 "J_Ring_LE_0"
PART 22 "J_Ring_LE_1"
PART 23 "J_Ring_LE_2"
PART 24 "J_Ring_LE_3"
PART 25 "J_Webbing_LE"
PART 26 "J_Index_LE_0"
PART 27 "J_Index_LE_1"
PART 28 "J_Index_LE_2"
PART 29 "J_Index_LE_3"
PART 30 "J_Mid_LE_0"
PART 31 "J_Mid_LE_1"
PART 32 "J_Mid_LE_2"
PART 33 "J_Mid_LE_3"
PART 34 "tag_knife_attach"
PART 35 "tag_weapon"
PART 36 "J_Gun"
PART 37 "TAG_CLIP"
PART 38 "J_Bolt"
PART 39 "J_pump"
PART 40 "J_ring"
PART 41 "J_stock"
PART 42 "J_stocktop"
PART 43 "J_Load"
PART 44 "tag_iron_sights"
PART 45 "J_Shoulder_RI"
PART 46 "J_Elbow_RI"
PART 47 "J_WristTwist_RI"
PART 48 "J_Sleave_Reshape_Top_RI_3"
PART 49 "J_Sleave_Reshape_Top_RI_2"
PART 50 "J_Sleave_Reshape_Top_RI_1"
PART 51 "J_Wrist_RI"
PART 52 "J_Thumb_RI_0"
PART 53 "J_Thumb_RI_1"
PART 54 "J_Thumb_RI_2"
PART 55 "J_Thumb_RI_3"
PART 56 "J_PinkyPalm_RI"
PART 57 "J_Pinky_RI_0"
PART 58 "J_Pinky_RI_1"
PART 59 "J_Pinky_RI_2"
PART 60 "J_Pinky_RI_3"
PART 61 "J_RingPalm_RI"
PART 62 "J_Ring_RI_0"
PART 63 "J_Ring_RI_1"
PART 64 "J_Ring_RI_2"
PART 65 "J_Ring_RI_3"
PART 66 "J_Webbing_RI"
PART 67 "J_Index_RI_0"
PART 68 "J_Index_RI_1"
PART 69 "J_Index_RI_2"
PART 70 "J_Index_RI_3"
PART 71 "J_Mid_RI_0"
PART 72 "J_Mid_RI_1"
PART 73 "J_Mid_RI_2"
PART 74 "J_Mid_RI_3"
PART 75 "tag_cambone"
PART 76 "tag_camera"
PART 77 "tag_gasmask"

FRAMERATE 30
NUMFRAMES 31

FRAME 150
PART 0
OFFSET  0.0000 -0.0000 -0.0000
X  1.0000 -0.0000  0.0000
Y  0.0000  1.0000  0.0000
Z  0.0000 -0.0000  1.0000

PART 1
OFFSET -4.6318 -0.0000 -1.3770
X  1.0000 -0.0000  0.0000
Y  0.0000  1.0000  0.0000
Z  0.0000 -0.0000  1.0000

PART 2
OFFSET -2.1458  5.0340 -5.9168
X  0.9027  0.0111 -0.4301
Y -0.0579 -0.9875 -0.1469
Z -0.4264  0.1575 -0.8907

PART 3
OFFSET  8.7714  5.1685 -11.1188
X  0.6922 -0.5722  0.4398
Y -0.6705 -0.2843  0.6853
Z -0.2671 -0.7692 -0.5805

PART 4
OFFSET  14.6586  0.3014 -7.3780
X  0.6922 -0.5722  0.4398
Y  0.2513  0.7624  0.5963
Z -0.6765 -0.3022  0.6715

PART 5
OFFSET  16.2843  1.1645 -6.9709
X  0.6969 -0.5684  0.4373
Y  0.2748  0.7749  0.5693
Z -0.6624 -0.2766  0.6962

PART 6
OFFSET  16.0073 -0.4838 -8.2164
X  0.6969 -0.5684  0.4373
Y  0.2748  0.7749  0.5693
Z -0.6624 -0.2766  0.6962

PART 7
OFFSET  14.9156  0.0572 -5.0639
X  0.6969 -0.5684  0.4373
Y  0.2748  0.7749  0.5693
Z -0.6624 -0.2766  0.6962

PART 8
OFFSET  14.6369 -1.6386 -5.7248
X  0.6969 -0.5684  0.4373
Y  0.2748  0.7749  0.5693
Z -0.6624 -0.2766  0.6962

PART 9
OFFSET  14.8524 -1.6124 -6.9031
X  0.6969 -0.5684  0.4373
Y  0.2748  0.7749  0.5693
Z -0.6624 -0.2766  0.6962

PART 10
OFFSET  16.7806 -1.4529 -6.0297
X  0.9561 -0.2551 -0.1444
Y  0.2902  0.7545  0.5887
Z -0.0412 -0.6047  0.7954

PART 11
OFFSET  17.4739 -1.0878 -5.2000
X  0.8948 -0.0929  0.4368
Y -0.0934  0.9176  0.3864
Z -0.4367 -0.3865  0.8123

PART 12
OFFSET  19.3710 -1.2182 -4.1737
X  0.9573 -0.2890 -0.0040
Y  0.2129  0.6956  0.6862
Z -0.1955 -0.6578  0.7274

PART 13
OFFSET  20.8819 -1.7998 -4.1397
X  0.9595  0.0172  0.2811
Y -0.1601  0.8544  0.4944
Z -0.2317 -0.5194  0.8225

PART 14
OFFSET  21.9062 -1.7905 -3.7896
X  0.8241  0.5224 -0.2190
Y -0.3302  0.1290 -0.9351
Z -0.4602  0.8429  0.2788

PART 15
OFFSET  17.2706 -2.5988 -6.6215
X  0.4856 -0.8741  0.0104
Y -0.3966 -0.2097  0.8937
Z -0.7790 -0.4382 -0.4485

PART 16
OFFSET  18.4265 -4.5247 -6.4231
X -0.2030 -0.3776  0.9035
Y -0.6387  0.7504  0.1701
Z -0.7422 -0.5425 -0.3935

PART 17
OFFSET  18.1392 -5.0592 -5.1440
X -0.6098  0.3398  0.7160
Y -0.2952  0.7410 -0.6031
Z -0.7355 -0.5792 -0.3516

PART 18
OFFSET  17.5985 -4.7580 -4.5092
X -0.5625  0.1899  0.8047
Y -0.3523  0.8255 -0.4410
Z -0.7480 -0.5315 -0.3974

PART 19
OFFSET  17.0641 -4.5775 -3.7447
X  0.7595 -0.5866 -0.2812
Y  0.0015  0.4338 -0.9010
Z  0.6505  0.6839  0.3303

PART 20
OFFSET  17.6795 -2.0691 -6.3731
X  0.8205 -0.4781 -0.3134
Y -0.0735 -0.6319  0.7716
Z -0.5669 -0.6100 -0.5536

PART 21
OFFSET  19.6090 -3.7720 -6.7411
X  0.2127 -0.7634  0.6099
Y -0.6728  0.3382  0.6580
Z -0.7086 -0.5503 -0.4417

PART 22
OFFSET  19.9712 -5.0717 -5.7028
X -0.6327  0.2090  0.7456
Y -0.3384  0.7914 -0.5090
Z -0.6965 -0.5744 -0.4300

PART 23
OFFSET  19.0943 -4.7821 -4.6694
X -0.6066  0.1383  0.7829
Y -0.3898  0.8065 -0.4445
Z -0.6929 -0.5748 -0.4353

PART 24
OFFSET  18.4365 -4.6320 -3.8203
X  0.6856 -0.6023 -0.4089
Y  0.0584  0.6054 -0.7938
Z  0.7257  0.5203  0.4502

PART 25
OFFSET  20.1666 -1.3654 -5.1139
X  0.8320 -0.5541 -0.0286
Y  0.3285  0.5335 -0.7794
Z  0.4471  0.6390  0.6259

PART 26
OFFSET  20.7402 -1.6530 -6.4441
X  0.7227 -0.6863  0.0819
Y -0.6038 -0.5693  0.5580
Z -0.3363 -0.4527 -0.8258

PART 27
OFFSET  22.0126 -2.8614 -6.2999
X  0.6747 -0.7357  0.0595
Y -0.6548 -0.5594  0.5083
Z -0.3407 -0.3819 -0.8591

PART 28
OFFSET  22.8535 -3.7325 -6.1755
X  0.4151 -0.8410  0.3469
Y -0.8685 -0.2529  0.4263
Z -0.2708 -0.4783 -0.8354

PART 29
OFFSET  23.3225 -4.6825 -5.7836
X  0.5727  0.3675 -0.7328
Y -0.6157  0.7830 -0.0885
Z  0.5412  0.5019  0.6747

PART 30
OFFSET  20.3160 -2.5528 -6.9246
X  0.6022 -0.7352  0.3111
Y -0.5087 -0.0532  0.8593
Z -0.6152 -0.6757 -0.4060

PART 31
OFFSET  21.4925 -3.9891 -6.3170
X  0.0066 -0.5335  0.8458
Y -0.7577  0.5493  0.3524
Z -0.6526 -0.6431 -0.4006

PART 32
OFFSET  21.5021 -4.7683 -5.0816
X -0.4599 -0.0734  0.8849
Y -0.5636  0.7943 -0.2270
Z -0.6862 -0.6031 -0.4066

PART 33
OFFSET  20.9768 -4.8563 -4.0821
X  0.7565 -0.4125 -0.5076
Y -0.1860  0.6083 -0.7716
Z  0.6270  0.6781  0.3834

PART 34
OFFSET  19.1536 -3.4726 -5.5265
X -0.6108 -0.6147 -0.4990
Y  0.0412  0.6047 -0.7954
Z  0.7907 -0.5064 -0.3441

PART 35
OFFSET  10.6714 -3.3397 -3.5839
X  1.0000 -0.0000  0.0000
Y  0.0000  1.0000  0.0000
Z  0.0000 -0.0000  1.0000

PART 36
OFFSET  10.6714 -3.3397 -3.5839
X  1.0000 -0.0000  0.0000
Y  0.0000  1.0000  0.0000
Z  0.0000 -0.0000  1.0000

PART 37
OFFSET -116.8620 -3.3229 -4.3119
X  0.0000 -0.0000 -1.0000
Y  0.0000  1.0000  0.0000
Z  1.0000 -0.0000  0.0000

PART 38
OFFSET  10.6842 -3.3397 -3.1520
X  1.0000 -0.0000  0.0000
Y  0.0000  1.0000  0.0000
Z  0.0000 -0.0000  1.0000

PART 39
OFFSET  15.9385 -3.3448 -5.9054
X  1.0000 -0.0000  0.0000
Y  0.0000  1.0000  0.0000
Z  0.0000 -0.0000  1.0000

PART 40
OFFSET  3.0927 -2.2645 -3.5479
X  0.6820 -0.0000  0.7314
Y -0.0000  1.0000  0.0000
Z -0.7314 -0.0000  0.6820

PART 41
OFFSET  3.0927 -2.1356 -3.5479
X  1.0000 -0.0000  0.0000
Y  0.0000  1.0000  0.0000
Z  0.0000 -0.0000  1.0000

PART 42
OFFSET  14.7631 -3.3448 -1.5284
X  1.0000 -0.0000  0.0000
Y  0.0000  1.0000  0.0000
Z  0.0000 -0.0000  1.0000

PART 43
OFFSET  8.0992 -3.3229 -4.9793
X  1.0000 -0.0000  0.0000
Y -0.0000  1.0000  0.0000
Z -0.0000 -0.0000  1.0000

PART 44
OFFSET  13.4247 -3.3397 -1.8315
X  0.0000 -0.9659  0.2588
Y  1.0000  0.0000  0.0000
Z -0.0000  0.2588  0.9659

PART 45
OFFSET -12.9782 -7.9373 -1.9159
X -0.2660 -0.0816  0.9605
Y -0.2787 -0.9473 -0.1577
Z  0.9228 -0.3097  0.2293

PART 46
OFFSET -9.7608 -6.9502 -13.5321
X -0.8555 -0.1935 -0.4802
Y  0.4636  0.1268 -0.8769
Z  0.2306 -0.9729 -0.0188

PART 47
OFFSET -2.4840 -5.3046 -9.4476
X -0.8555 -0.1935 -0.4802
Y  0.4940 -0.0277 -0.8690
Z  0.1548 -0.9807  0.1193

PART 48
OFFSET -1.8604 -4.0065 -8.0869
X -0.8589 -0.1916 -0.4749
Y -0.2348  0.9715  0.0328
Z  0.4551  0.1396 -0.8794

PART 49
OFFSET -1.8367 -4.6438 -7.0725
X -0.8589 -0.1916 -0.4749
Y -0.2348  0.9715  0.0328
Z  0.4551  0.1396 -0.8794

PART 50
OFFSET -1.3462 -5.8859 -7.2387
X -0.8589 -0.1916 -0.4749
Y -0.2348  0.9715  0.0328
Z  0.4551  0.1396 -0.8794

PART 51
OFFSET  0.1388 -4.7114 -7.9754
X -0.9500 -0.0002 -0.3123
Y  0.3123  0.0086 -0.9499
Z  0.0029 -1.0000 -0.0081

PART 52
OFFSET  0.2636 -4.3091 -6.9149
X -0.5540 -0.6571 -0.5111
Y  0.6448  0.0496 -0.7627
Z  0.5266 -0.7521  0.3962

PART 53
OFFSET  1.3654 -2.8541 -5.7579
X -0.9324 -0.3586 -0.0440
Y  0.2177 -0.4604 -0.8606
Z  0.2884 -0.8120  0.5074

PART 54
OFFSET  2.8514 -2.2117 -5.7951
X -0.7772 -0.0528  0.6271
Y -0.4690 -0.6158 -0.6331
Z  0.4196 -0.7861  0.4538

PART 55
OFFSET  3.6806 -2.1082 -6.4832
X -0.9399  0.3391  0.0409
Y  0.2704  0.8119 -0.5174
Z -0.2087 -0.4752 -0.8548

PART 56
OFFSET  1.2765 -4.5000 -8.7267
X -0.9571 -0.0480  0.2859
Y  0.0610 -0.9975  0.0368
Z  0.2834  0.0527  0.9576

PART 57
OFFSET  3.4607 -4.2621 -9.2340
X -0.4674 -0.8480 -0.2497
Y  0.8830 -0.4615 -0.0853
Z -0.0429 -0.2604  0.9646

PART 58
OFFSET  4.1224 -3.0615 -8.8805
X  0.4539 -0.8636 -0.2193
Y  0.8910  0.4372  0.1225
Z -0.0099 -0.2510  0.9679

PART 59
OFFSET  3.7199 -2.2957 -8.6860
X  0.9924  0.1214 -0.0197
Y -0.1143  0.9694  0.2174
Z  0.0455 -0.2135  0.9759

PART 60
OFFSET  2.7771 -2.4111 -8.6674
X -0.6939 -0.6705 -0.2626
Y -0.7192  0.6267  0.3001
Z -0.0367  0.3970 -0.9171

PART 61
OFFSET  1.2783 -4.6453 -8.0278
X -0.9999 -0.0089 -0.0055
Y  0.0086 -0.9992  0.0400
Z -0.0059  0.0400  0.9992

PART 62
OFFSET  3.8746 -4.6503 -8.1610
X -0.3010 -0.9489 -0.0947
Y  0.9535 -0.3008 -0.0170
Z -0.0124 -0.0954  0.9954

PART 63
OFFSET  4.3870 -3.0347 -7.9997
X  0.7069 -0.7044 -0.0636
Y  0.7067  0.6999  0.1035
Z -0.0284 -0.1181  0.9926

PART 64
OFFSET  3.4073 -2.0584 -7.9117
X  0.9210  0.3824  0.0746
Y -0.3882  0.9169  0.0923
Z -0.0331 -0.1139  0.9929

PART 65
OFFSET  2.4085 -2.4732 -7.9926
X -0.5344 -0.8427 -0.0650
Y -0.8441  0.5361 -0.0099
Z  0.0432  0.0496 -0.9978

PART 66
OFFSET -4.0775 -5.2555 -8.4763
X -0.9534 -0.2799 -0.1124
Y -0.2666  0.9563 -0.1201
Z  0.1411 -0.0846 -0.9864

PART 67
OFFSET  3.6059 -5.0887 -6.0450
X -0.9418 -0.3132 -0.1223
Y  0.3173 -0.9482 -0.0152
Z -0.1112 -0.0532  0.9924

PART 68
OFFSET  5.2641 -4.5373 -5.8296
X -0.2895 -0.9565 -0.0366
Y  0.9491 -0.2918  0.1184
Z -0.1239 -0.0004  0.9923

PART 69
OFFSET  5.6085 -3.3746 -5.7249
X  0.6155 -0.7879  0.0192
Y  0.7783  0.6114  0.1431
Z -0.1245 -0.0731  0.9895

PART 70
OFFSET  4.9133 -2.4846 -5.7466
X -0.9379 -0.3160  0.1429
Y -0.3321  0.9371 -0.1077
Z -0.0998 -0.1485 -0.9839

PART 71
OFFSET  3.8429 -4.9001 -7.1074
X -0.4634 -0.8838 -0.0645
Y  0.8779 -0.4678  0.1024
Z -0.1207 -0.0092  0.9926

PART 72
OFFSET  4.7483 -3.1736 -6.9813
X  0.6673 -0.7414  0.0715
Y  0.7397  0.6709  0.0530
Z -0.0873  0.0175  0.9960

PART 73
OFFSET  3.7737 -2.0907 -7.0857
X  0.9793  0.1961  0.0508
Y -0.1915  0.9779 -0.0838
Z -0.0661  0.0723  0.9952

PART 74
OFFSET  2.6649 -2.3126 -7.1503
X -0.6244 -0.7796 -0.0490
Y -0.7796  0.6258 -0.0223
Z  0.0481  0.0243 -0.9985

PART 75
OFFSET  0.0000 -0.0000 -0.0000
X  1.0000 -0.0000  0.0000
Y  0.0000  1.0000  0.0000
Z  0.0000 -0.0000  1.0000

PART 76
OFFSET  0.0000 -0.0000 -0.0000
X  1.0000 -0.0000  0.0000
Y  0.0000  1.0000  0.0000
Z  0.0000 -0.0000  1.0000

PART 77
OFFSET  1.5404 -0.0000  4.1357
X  1.0000 -0.0000  0.0000
Y  0.0000  1.0000  0.0000
Z  0.0000 -0.0000  1.0000


FRAME 151
PART 0
OFFSET  0.0000 -0.0000 -0.0000
X  1.0000 -0.0000  0.0000
Y  0.0000  1.0000  0.0000
Z  0.0000 -0.0000  1.0000

PART 1
OFFSET -4.6318 -0.0000 -1.3770
X  1.0000 -0.0000  0.0000
Y  0.0000  1.0000  0.0000
Z  0.0000 -0.0000  1.0000

PART 2
OFFSET -2.0900  5.0340 -5.9168
X  0.9007  0.0144 -0.4343
Y -0.0557 -0.9874 -0.1482
Z -0.4309  0.1577 -0.8885

PART 3
OFFSET  8.8024  5.2081 -11.1692
X  0.6935 -0.5719  0.4381
Y -0.6689 -0.2853  0.6864
Z -0.2676 -0.7691 -0.5804

PART 4
OFFSET  14.7008  0.3435 -7.4427
X  0.6935 -0.5719  0.4381
Y  0.2507  0.7617  0.5975
Z -0.6755 -0.3046  0.6716

PART 5
OFFSET  16.3265  1.2076 -7.0381
X  0.6982 -0.5681  0.4356
Y  0.2752  0.7747  0.5693
Z -0.6609 -0.2776  0.6973

PART 6
OFFSET  16.0485 -0.4401 -8.2841
X  0.6982 -0.5681  0.4356
Y  0.2752  0.7747  0.5693
Z -0.6609 -0.2776  0.6973

PART 7
OFFSET  14.9623  0.0980 -5.1292
X  0.6982 -0.5681  0.4356
Y  0.2752  0.7747  0.5693
Z -0.6609 -0.2776  0.6973

PART 8
OFFSET  14.6838 -1.5976 -5.7906
X  0.6982 -0.5681  0.4356
Y  0.2752  0.7747  0.5693
Z -0.6609 -0.2776  0.6973

PART 9
OFFSET  14.8970 -1.5705 -6.9694
X  0.6982 -0.5681  0.4356
Y  0.2752  0.7747  0.5693
Z -0.6609 -0.2776  0.6973

PART 10
OFFSET  16.8268 -1.4099 -6.0995
X  0.9542 -0.2540 -0.1580
Y  0.2976  0.7519  0.5884
Z -0.0306 -0.6084  0.7930

PART 11
OFFSET  17.5306 -1.0484 -5.2772
X  0.9004 -0.0945  0.4247
Y -0.0888  0.9157  0.3918
Z -0.4260 -0.3905  0.8161

PART 12
OFFSET  19.4410 -1.1826 -4.2761
X  0.9573 -0.2886 -0.0179
Y  0.2216  0.6925  0.6866
Z -0.1858 -0.6612  0.7268

PART 13
OFFSET  20.9524 -1.7638 -4.2646
X  0.9631  0.0165  0.2688
Y -0.1542  0.8520  0.5004
Z -0.2208 -0.5233  0.8230

PART 14
OFFSET  21.9811 -1.7554 -3.9277
X  0.8209  0.5239 -0.2272
Y -0.3423  0.1330 -0.9301
Z -0.4571  0.8413  0.2885

PART 15
OFFSET  17.3094 -2.5529 -6.7029
X  0.4860 -0.8739  0.0001
Y -0.3849 -0.2140  0.8978
Z -0.7846 -0.4364 -0.4403

PART 16
OFFSET  18.4686 -4.4792 -6.5286
X -0.1912 -0.3818  0.9043
Y -0.6367  0.7494  0.1818
Z -0.7470 -0.5410 -0.3863

PART 17
OFFSET  18.1979 -5.0197 -5.2483
X -0.6006  0.3363  0.7253
Y -0.3032  0.7436 -0.5959
Z -0.7398 -0.5778 -0.3447

PART 18
OFFSET  17.6654 -4.7215 -4.6052
X -0.5520  0.1859  0.8129
Y -0.3583  0.8274 -0.4325
Z -0.7529 -0.5300 -0.3901

PART 19
OFFSET  17.1410 -4.5449 -3.8330
X  0.7560 -0.5849 -0.2938
Y -0.0104  0.4380 -0.8989
Z  0.6545  0.6827  0.3251

PART 20
OFFSET  17.7213 -2.0241 -6.4574
X  0.8165 -0.4763 -0.3263
Y -0.0632 -0.6355  0.7695
Z -0.5739 -0.6077 -0.5490

PART 21
OFFSET  19.6465 -3.7245 -6.8583
X  0.2209 -0.7661  0.6035
Y -0.6643  0.3349  0.6682
Z -0.7141 -0.5485 -0.4350

PART 22
OFFSET  20.0226 -5.0288 -5.8308
X -0.6231  0.2054  0.7547
Y -0.3452  0.7936 -0.5010
Z -0.7018 -0.5727 -0.4236

PART 23
OFFSET  19.1590 -4.7442 -4.7848
X -0.5964  0.1343  0.7914
Y -0.3959  0.8084 -0.4356
Z -0.6983 -0.5731 -0.4289

PART 24
OFFSET  18.5123 -4.5985 -3.9265
X  0.6804 -0.6000 -0.4207
Y  0.0478  0.6092 -0.7916
Z  0.7313  0.5185  0.4432

PART 25
OFFSET  20.2244 -1.3252 -5.2274
X  0.8317 -0.5536 -0.0420
Y  0.3182  0.5373 -0.7811
Z  0.4549  0.6363  0.6230

PART 26
OFFSET  20.7807 -1.6064 -6.5662
X  0.7239 -0.6864  0.0693
Y -0.5964 -0.5721  0.5631
Z -0.3469 -0.4490 -0.8235

PART 27
OFFSET  22.0552 -2.8149 -6.4441
X  0.6756 -0.7357  0.0473
Y -0.6480 -0.5620  0.5141
Z -0.3516 -0.3780 -0.8564

PART 28
OFFSET  22.8980 -3.6864 -6.3346
X  0.4199 -0.8425  0.3376
Y -0.8628 -0.2552  0.4364
Z -0.2815 -0.4745 -0.8340

PART 29
OFFSET  23.3722 -4.6380 -5.9533
X  0.5631  0.3711 -0.7384
Y -0.6171  0.7831 -0.0769
Z  0.5497  0.4990  0.6700

PART 30
OFFSET  20.3507 -2.5041 -7.0454
X  0.6064 -0.7364  0.2999
Y -0.4975 -0.0573  0.8655
Z -0.6202 -0.6741 -0.4011

PART 31
OFFSET  21.5354 -3.9427 -6.4596
X  0.0177 -0.5374  0.8432
Y -0.7532  0.5474  0.3647
Z -0.6575 -0.6416 -0.3951

PART 32
OFFSET  21.5612 -4.7276 -5.2280
X -0.4483 -0.0778  0.8905
Y -0.5668  0.7951 -0.2159
Z -0.6912 -0.6015 -0.4005

PART 33
OFFSET  21.0490 -4.8206 -4.2221
X  0.7499 -0.4097 -0.5194
Y -0.1964  0.6118 -0.7662
Z  0.6317  0.6766  0.3784

PART 34
OFFSET  19.2068 -3.4309 -5.6365
X -0.6170 -0.6127 -0.4939
Y  0.0306  0.6084 -0.7930
Z  0.7864 -0.5044 -0.3566

PART 35
OFFSET  10.7505 -3.3108 -3.5834
X  0.9999  0.0004 -0.0130
Y -0.0004  1.0000  0.0047
Z  0.0130 -0.0046  0.9999

PART 36
OFFSET  10.7505 -3.3108 -3.5834
X  0.9999  0.0004 -0.0130
Y -0.0004  1.0000  0.0047
Z  0.0130 -0.0046  0.9999

PART 37
OFFSET -116.7816 -3.3456 -2.6548
X -0.0130  0.0046 -0.9999
Y -0.0004  1.0000  0.0047
Z  0.9999  0.0004 -0.0130

PART 38
OFFSET  10.7690 -3.3128 -3.1517
X  0.9999  0.0004 -0.0130
Y -0.0004  1.0000  0.0047
Z  0.0130 -0.0046  0.9999

PART 39
OFFSET  15.9870 -3.3028 -5.9730
X  0.9999  0.0004 -0.0130
Y -0.0004  1.0000  0.0047
Z  0.0130 -0.0046  0.9999

PART 40
OFFSET  3.1725 -2.2390 -3.4439
X  0.6914 -0.0031  0.7224
Y -0.0004  1.0000  0.0047
Z -0.7224 -0.0035  0.6914

PART 41
OFFSET  3.1724 -2.1100 -3.4433
X  0.9999  0.0004 -0.0130
Y -0.0004  1.0000  0.0047
Z  0.0130 -0.0046  0.9999

PART 42
OFFSET  14.8685 -3.3236 -1.5813
X  0.9999  0.0004 -0.0130
Y -0.0004  1.0000  0.0047
Z  0.0130 -0.0046  0.9999

PART 43
OFFSET  8.1604 -3.2885 -4.9452
X  0.9999  0.0004 -0.0130
Y -0.0004  1.0000  0.0047
Z  0.0130 -0.0046  0.9999

PART 44
OFFSET  13.5263 -3.3177 -1.8669
X  0.0037 -0.9671  0.2543
Y  0.9999  0.0004 -0.0130
Z  0.0125  0.2543  0.9670

PART 45
OFFSET -12.8447 -7.9373 -1.9979
X -0.2674 -0.0828  0.9600
Y -0.2730 -0.9490 -0.1579
Z  0.9241 -0.3043  0.2311

PART 46
OFFSET -9.6111 -6.9355 -13.6083
X -0.8446 -0.1961 -0.4982
Y  0.4805  0.1329 -0.8669
Z  0.2362 -0.9715 -0.0180

PART 47
OFFSET -2.4272 -5.2678 -9.3712
X -0.8446 -0.1961 -0.4982
Y  0.5120 -0.0239 -0.8587
Z  0.1565 -0.9803  0.1206

PART 48
OFFSET -1.8382 -3.9719 -7.9930
X -0.8481 -0.1942 -0.4929
Y -0.2407  0.9701  0.0319
Z  0.4720  0.1457 -0.8695

PART 49
OFFSET -1.8316 -4.6133 -6.9809
X -0.8481 -0.1942 -0.4929
Y -0.2407  0.9701  0.0319
Z  0.4720  0.1457 -0.8695

PART 50
OFFSET -1.3310 -5.8520 -7.1421
X -0.8481 -0.1942 -0.4929
Y -0.2407  0.9701  0.0319
Z  0.4720  0.1457 -0.8695

PART 51
OFFSET  0.1621 -4.6666 -7.8440
X -0.9540  0.0008 -0.3000
Y  0.2999  0.0131 -0.9539
Z  0.0031 -0.9999 -0.0128

PART 52
OFFSET  0.3005 -4.2691 -6.7833
X -0.5604 -0.6550 -0.5069
Y  0.6348  0.0534 -0.7708
Z  0.5320 -0.7537  0.3859

PART 53
OFFSET  1.4168 -2.8191 -5.6340
X -0.9328 -0.3588 -0.0335
Y  0.2067 -0.4564 -0.8655
Z  0.2952 -0.8142  0.4998

PART 54
OFFSET  2.9019 -2.1759 -5.6874
X -0.7689 -0.0560  0.6369
Y -0.4770 -0.6131 -0.6298
Z  0.4257 -0.7881  0.4447

PART 55
OFFSET  3.7220 -2.0688 -6.3858
X -0.9394  0.3385  0.0547
Y  0.2634  0.8144 -0.5171
Z -0.2196 -0.4713 -0.8542

PART 56
OFFSET  1.2899 -4.4512 -8.6090
X -0.9533 -0.0498  0.2980
Y  0.0619 -0.9976  0.0314
Z  0.2958  0.0483  0.9540

PART 57
OFFSET  3.4672 -4.2100 -9.1435
X -0.4703 -0.8471 -0.2475
Y  0.8820 -0.4608 -0.0990
Z -0.0302 -0.2649  0.9638

PART 58
OFFSET  4.1330 -3.0108 -8.7930
X  0.4514 -0.8624 -0.2292
Y  0.8923  0.4370  0.1129
Z  0.0028 -0.2555  0.9668

PART 59
OFFSET  3.7328 -2.2461 -8.5898
X  0.9920  0.1219 -0.0320
Y -0.1118  0.9683  0.2234
Z  0.0582 -0.2180  0.9742

PART 60
OFFSET  2.7903 -2.3620 -8.5594
X -0.6970 -0.6696 -0.2566
Y -0.7154  0.6250  0.3123
Z -0.0487  0.4013 -0.9147

PART 61
OFFSET  1.3008 -4.5997 -7.9108
X -0.9999 -0.0093  0.0074
Y  0.0095 -0.9993  0.0352
Z  0.0071  0.0353  0.9994

PART 62
OFFSET  3.8951 -4.6030 -8.0777
X -0.3019 -0.9486 -0.0952
Y  0.9534 -0.3003 -0.0308
Z  0.0006 -0.1000  0.9950

PART 63
OFFSET  4.4091 -2.9880 -7.9157
X  0.7063 -0.7038 -0.0760
Y  0.7078  0.6997  0.0975
Z -0.0155 -0.1227  0.9923

PART 64
OFFSET  3.4302 -2.0126 -7.8103
X  0.9217  0.3824  0.0644
Y -0.3873  0.9163  0.1016
Z -0.0202 -0.1186  0.9927

PART 65
OFFSET  2.4305 -2.4273 -7.8802
X -0.5349 -0.8426 -0.0620
Y -0.8444  0.5358  0.0035
Z  0.0302  0.0542 -0.9981

PART 66
OFFSET -4.0601 -5.2102 -8.2926
X -0.9547 -0.2798 -0.1013
Y -0.2685  0.9567 -0.1122
Z  0.1283 -0.0799 -0.9885

PART 67
OFFSET  3.6542 -5.0514 -5.9605
X -0.9770 -0.1843 -0.1074
Y  0.1893 -0.9812 -0.0384
Z -0.0983 -0.0578  0.9935

PART 68
OFFSET  5.3743 -4.7269 -5.7714
X -0.9542 -0.2817 -0.1008
Y  0.2805 -0.9595  0.0255
Z -0.1039 -0.0039  0.9946

PART 69
OFFSET  6.5280 -4.3847 -5.5885
X -0.9118 -0.3744 -0.1686
Y  0.3762 -0.9263  0.0224
Z -0.1645 -0.0430  0.9854

PART 70
OFFSET  7.5579 -3.9618 -5.3981
X -0.0891  0.9460  0.3118
Y  0.9960  0.0825  0.0342
Z  0.0066  0.3136 -0.9495

PART 71
OFFSET  3.8773 -4.8577 -7.0250
X -0.4639 -0.8837 -0.0626
Y  0.8793 -0.4679  0.0888
Z -0.1078 -0.0139  0.9941

PART 72
OFFSET  4.7835 -3.1314 -6.9027
X  0.6684 -0.7414  0.0594
Y  0.7401  0.6709  0.0465
Z -0.0743  0.0128  0.9972

PART 73
OFFSET  3.8072 -2.0485 -6.9894
X  0.9798  0.1963  0.0390
Y -0.1929  0.9782 -0.0767
Z -0.0532  0.0677  0.9963

PART 74
OFFSET  2.6978 -2.2706 -7.0406
X -0.6247 -0.7796 -0.0446
Y -0.7801  0.6256 -0.0093
Z  0.0351  0.0290 -0.9990

PART 75
OFFSET  0.0000 -0.0000 -0.0000
X  1.0000 -0.0000  0.0000
Y  0.0000  1.0000  0.0000
Z  0.0000 -0.0000  1.0000

PART 76
OFFSET  0.0000 -0.0000 -0.0000
X  1.0000 -0.0000  0.0000
Y  0.0000  1.0000  0.0000
Z  0.0000 -0.0000  1.0000

PART 77
OFFSET  1.5404 -0.0000  4.1357
X  1.0000 -0.0000  0.0000
Y  0.0000  1.0000  0.0000
Z  0.0000 -0.0000  1.0000


FRAME 152
PART 0
OFFSET  0.0000 -0.0000 -0.0000
X  1.0000 -0.0000  0.0000
Y  0.0000  1.0000  0.0000
Z  0.0000 -0.0000  1.0000

PART 1
OFFSET -4.6318 -0.0000 -1.3770
X  1.0000 -0.0000  0.0000
Y  0.0000  1.0000  0.0000
Z  0.0000 -0.0000  1.0000

PART 2
OFFSET -1.9372  5.0340 -5.9168
X  0.8955  0.0226 -0.4444
Y -0.0503 -0.9872 -0.1515
Z -0.4422  0.1580 -0.8829

PART 3
OFFSET  8.8932  5.3073 -11.2918
X  0.6959 -0.5715  0.4349
Y -0.6660 -0.2871  0.6885
Z -0.2686 -0.7688 -0.5804

PART 4
OFFSET  14.8121  0.4465 -7.5929
X  0.6959 -0.5715  0.4349
Y  0.2474  0.7593  0.6019
Z -0.6742 -0.3113  0.6698

PART 5
OFFSET  16.4381  1.3125 -7.1933
X  0.7006 -0.5677  0.4324
Y  0.2762  0.7744  0.5692
Z -0.6579 -0.2794  0.6993

PART 6
OFFSET  16.1579 -0.3341 -8.4402
X  0.7006 -0.5677  0.4324
Y  0.2762  0.7744  0.5692
Z -0.6579 -0.2794  0.6993

PART 7
OFFSET  15.0825  0.1986 -5.2808
X  0.7006 -0.5677  0.4324
Y  0.2762  0.7744  0.5692
Z -0.6579 -0.2794  0.6993

PART 8
OFFSET  14.8039 -1.4965 -5.9432
X  0.7006 -0.5677  0.4324
Y  0.2762  0.7744  0.5692
Z -0.6579 -0.2794  0.6993

PART 9
OFFSET  15.0128 -1.4677 -7.1227
X  0.7006 -0.5677  0.4324
Y  0.2762  0.7744  0.5692
Z -0.6579 -0.2794  0.6993

PART 10
OFFSET  16.9455 -1.3055 -6.2597
X  0.9488 -0.2512 -0.1914
Y  0.3158  0.7448  0.5879
Z -0.0051 -0.6182  0.7860

PART 11
OFFSET  17.6749 -0.9536 -5.4558
X  0.9135 -0.0988  0.3947
Y -0.0768  0.9108  0.4057
Z -0.3996 -0.4009  0.8244

PART 12
OFFSET  19.6162 -1.0983 -4.5176
X  0.9563 -0.2876 -0.0520
Y  0.2432  0.6841  0.6877
Z -0.1622 -0.6703  0.7241

PART 13
OFFSET  21.1274 -1.6785 -4.5616
X  0.9710  0.0146  0.2385
Y -0.1393  0.8456  0.5154
Z -0.1942 -0.5336  0.8231

PART 14
OFFSET  22.1662 -1.6728 -4.2572
X  0.8128  0.5278 -0.2465
Y -0.3716  0.1439 -0.9172
Z -0.4486  0.8371  0.3131

PART 15
OFFSET  17.4092 -2.4405 -6.8923
X  0.4862 -0.8735 -0.0262
Y -0.3560 -0.2254  0.9069
Z -0.7981 -0.4316 -0.4205

PART 16
OFFSET  18.5742 -4.3678 -6.7788
X -0.1623 -0.3929  0.9052
Y -0.6309  0.7466  0.2110
Z -0.7587 -0.5368 -0.3690

PART 17
OFFSET  18.3444 -4.9240 -5.4972
X -0.5775  0.3271  0.7480
Y -0.3221  0.7506 -0.5770
Z -0.7501 -0.5741 -0.3281

PART 18
OFFSET  17.8324 -4.6340 -4.8341
X -0.5259  0.1752  0.8323
Y -0.3724  0.8324 -0.4105
Z -0.7647 -0.5258 -0.3725

PART 19
OFFSET  17.3328 -4.4675 -4.0433
X  0.7466 -0.5805 -0.3250
Y -0.0393  0.4492 -0.8926
Z  0.6641  0.6791  0.3125

PART 20
OFFSET  17.8285 -1.9145 -6.6535
X  0.8059 -0.4715 -0.3580
Y -0.0384 -0.6450  0.7632
Z -0.5908 -0.6013 -0.5380

PART 21
OFFSET  19.7407 -3.6081 -7.1364
X  0.2402 -0.7733  0.5868
Y -0.6429  0.3262  0.6930
Z -0.7273 -0.5437 -0.4188

PART 22
OFFSET  20.1497 -4.9246 -6.1374
X -0.5990  0.1958  0.7765
Y -0.3611  0.7994 -0.4801
Z -0.7147 -0.5680 -0.4081

PART 23
OFFSET  19.3195 -4.6533 -5.0613
X -0.5708  0.1238  0.8117
Y -0.4101  0.8134 -0.4125
Z -0.7113 -0.5683 -0.4135

PART 24
OFFSET  18.7005 -4.5191 -4.1810
X  0.6670 -0.5940 -0.4498
Y  0.0221  0.6191 -0.7850
Z  0.7448  0.5136  0.4260

PART 25
OFFSET  20.3691 -1.2287 -5.4951
X  0.8302 -0.5523 -0.0752
Y  0.2929  0.5472 -0.7841
Z  0.4742  0.6290  0.6161

PART 26
OFFSET  20.8827 -1.4928 -6.8543
X  0.7259 -0.6867  0.0379
Y -0.5780 -0.5794  0.5747
Z -0.3727 -0.4391 -0.8175

PART 27
OFFSET  22.1608 -2.7019 -6.7877
X  0.6770 -0.7358  0.0168
Y -0.6312 -0.5687  0.5275
Z -0.3785 -0.3677 -0.8494

PART 28
OFFSET  23.0068 -3.5740 -6.7156
X  0.4306 -0.8463  0.3137
Y -0.8485 -0.2611  0.4603
Z -0.3077 -0.4644 -0.8305

PART 29
OFFSET  23.4932 -4.5299 -6.3613
X  0.5393  0.3805 -0.7513
Y -0.6194  0.7836 -0.0477
Z  0.5706  0.4911  0.6583

PART 30
OFFSET  20.4380 -2.3849 -7.3307
X  0.6159 -0.7396  0.2715
Y -0.4699 -0.0682  0.8801
Z -0.6324 -0.6696 -0.3895

PART 31
OFFSET  21.6412 -3.8297 -6.8002
X  0.0445 -0.5476  0.8356
Y -0.7415  0.5424  0.3950
Z -0.6695 -0.6372 -0.3819

PART 32
OFFSET  21.7062 -4.6295 -5.5798
X -0.4195 -0.0895  0.9033
Y -0.5739  0.7972 -0.1875
Z -0.7033 -0.5971 -0.3857

PART 33
OFFSET  21.2265 -4.7357 -4.5593
X  0.7332 -0.4024 -0.5482
Y -0.2212  0.6213 -0.7517
Z  0.6431  0.6724  0.3665

PART 34
OFFSET  19.3399 -3.3300 -5.8977
X -0.6321 -0.6070 -0.4816
Y  0.0051  0.6182 -0.7860
Z  0.7748 -0.4993 -0.3877

PART 35
OFFSET  10.9532 -3.2424 -3.5753
X  0.9990  0.0014 -0.0448
Y -0.0007  0.9999  0.0170
Z  0.0448 -0.0170  0.9989

PART 36
OFFSET  10.9532 -3.2424 -3.5753
X  0.9990  0.0014 -0.0448
Y -0.0007  0.9999  0.0170
Z  0.0448 -0.0170  0.9989

PART 37
OFFSET -116.4847 -3.3968  1.4091
X -0.0448  0.0170 -0.9989
Y -0.0007  0.9999  0.0170
Z  0.9990  0.0014 -0.0448

PART 38
OFFSET  10.9854 -3.2498 -3.1445
X  0.9990  0.0014 -0.0448
Y -0.0007  0.9999  0.0170
Z  0.0448 -0.0170  0.9989

PART 39
OFFSET  16.1111 -3.2005 -6.1300
X  0.9990  0.0014 -0.0448
Y -0.0007  0.9999  0.0170
Z  0.0448 -0.0170  0.9989

PART 40
OFFSET  3.3830 -2.1789 -3.1816
X  0.7141 -0.0114  0.7000
Y -0.0007  0.9999  0.0170
Z -0.7001 -0.0126  0.7140

PART 41
OFFSET  3.3829 -2.0499 -3.1794
X  0.9990  0.0014 -0.0448
Y -0.0007  0.9999  0.0170
Z  0.0448 -0.0170  0.9989

PART 42
OFFSET  15.1329 -3.2766 -1.7055
X  0.9990  0.0014 -0.0448
Y -0.0007  0.9999  0.0170
Z  0.0448 -0.0170  0.9989

PART 43
OFFSET  8.3211 -3.2055 -4.8536
X  0.9990  0.0014 -0.0448
Y -0.0007  0.9999  0.0170
Z  0.0448 -0.0170  0.9989

PART 44
OFFSET  13.7823 -3.2683 -1.9482
X  0.0122 -0.9702  0.2421
Y  0.9990  0.0014 -0.0448
Z  0.0431  0.2424  0.9692

PART 45
OFFSET -12.4631 -7.9373 -2.2345
X -0.2720 -0.0855  0.9585
Y -0.2570 -0.9534 -0.1579
Z  0.9273 -0.2893  0.2374

PART 46
OFFSET -9.1731 -6.9038 -13.8263
X -0.8131 -0.2030 -0.5456
Y  0.5249  0.1494 -0.8379
Z  0.2516 -0.9677 -0.0149

PART 47
OFFSET -2.2575 -5.1769 -9.1860
X -0.8131 -0.2030 -0.5456
Y  0.5597 -0.0148 -0.8286
Z  0.1602 -0.9791  0.1256

PART 48
OFFSET -1.7644 -3.8877 -7.7646
X -0.8169 -0.2013 -0.5405
Y -0.2568  0.9660  0.0284
Z  0.5164  0.1621 -0.8408

PART 49
OFFSET -1.8031 -4.5399 -6.7602
X -0.8169 -0.2013 -0.5405
Y -0.2568  0.9660  0.0284
Z  0.5164  0.1621 -0.8408

PART 50
OFFSET -1.2757 -5.7693 -6.9062
X -0.8169 -0.2013 -0.5405
Y -0.2568  0.9660  0.0284
Z  0.5164  0.1621 -0.8408

PART 51
OFFSET  0.2352 -4.5545 -7.5134
X -0.9630  0.0037 -0.2694
Y  0.2694  0.0252 -0.9627
Z  0.0032 -0.9997 -0.0253

PART 52
OFFSET  0.4071 -4.1700 -6.4528
X -0.5759 -0.6492 -0.4969
Y  0.6099  0.0635 -0.7899
Z  0.5443 -0.7580  0.3594

PART 53
OFFSET  1.5587 -2.7333 -5.3217
X -0.9332 -0.3592 -0.0083
Y  0.1792 -0.4454 -0.8772
Z  0.3114 -0.8201  0.4801

PART 54
OFFSET  3.0411 -2.0882 -5.4144
X -0.7483 -0.0645  0.6603
Y -0.4965 -0.6056 -0.6219
Z  0.4400 -0.7931  0.4211

PART 55
OFFSET  3.8386 -1.9719 -6.1371
X -0.9373  0.3370  0.0887
Y  0.2464  0.8210 -0.5151
Z -0.2464 -0.4609 -0.8525

PART 56
OFFSET  1.3380 -4.3287 -8.3111
X -0.9433 -0.0542  0.3276
Y  0.0633 -0.9978  0.0170
Z  0.3259  0.0368  0.9447

PART 57
OFFSET  3.4971 -4.0791 -8.9116
X -0.4775 -0.8444 -0.2429
Y  0.8786 -0.4588 -0.1327
Z  0.0006 -0.2768  0.9609

PART 58
OFFSET  4.1732 -2.8837 -8.5677
X  0.4442 -0.8591 -0.2541
Y  0.8953  0.4363  0.0899
Z  0.0336 -0.2674  0.9630

PART 59
OFFSET  3.7793 -2.1219 -8.3424
X  0.9904  0.1232 -0.0620
Y -0.1051  0.9654  0.2388
Z  0.0893 -0.2300  0.9691

PART 60
OFFSET  2.8383 -2.2390 -8.2835
X -0.7045 -0.6670 -0.2426
Y -0.7054  0.6205  0.3426
Z -0.0780  0.4125 -0.9076

PART 61
OFFSET  1.3712 -4.4858 -7.6156
X -0.9992 -0.0102  0.0391
Y  0.0111 -0.9997  0.0225
Z  0.0389  0.0230  0.9990

PART 62
OFFSET  3.9589 -4.4848 -7.8650
X -0.3043 -0.9476 -0.0973
Y  0.9520 -0.2991 -0.0648
Z  0.0323 -0.1123  0.9931

PART 63
OFFSET  4.4770 -2.8715 -7.6993
X  0.7038 -0.7022 -0.1071
Y  0.7102  0.6990  0.0836
Z  0.0162 -0.1349  0.9907

PART 64
OFFSET  3.5015 -1.8983 -7.5509
X  0.9231  0.3824  0.0398
Y -0.3843  0.9147  0.1252
Z  0.0115 -0.1308  0.9913

PART 65
OFFSET  2.5004 -2.3130 -7.5940
X -0.5363 -0.8422 -0.0553
Y -0.8441  0.5350  0.0370
Z -0.0016  0.0666 -0.9978

PART 66
OFFSET -3.9989 -5.0961 -7.8342
X -0.9573 -0.2793 -0.0743
Y -0.2724  0.9578 -0.0918
Z  0.0968 -0.0676 -0.9930

PART 67
OFFSET  3.7856 -4.9596 -5.7469
X -0.9798 -0.1838 -0.0785
Y  0.1884 -0.9805 -0.0565
Z -0.0666 -0.0702  0.9953

PART 68
OFFSET  5.5108 -4.6360 -5.6086
X -0.9568 -0.2812 -0.0739
Y  0.2816 -0.9595  0.0047
Z -0.0722 -0.0163  0.9973

PART 69
OFFSET  6.6695 -4.2951 -5.4582
X -0.9165 -0.3731 -0.1441
Y  0.3772 -0.9261 -0.0010
Z -0.1331 -0.0553  0.9896

PART 70
OFFSET  7.7048 -3.8737 -5.2954
X -0.0795  0.9420  0.3262
Y  0.9965  0.0829  0.0035
Z -0.0238  0.3253 -0.9453

PART 71
OFFSET  3.9746 -4.7525 -6.8155
X -0.4653 -0.8832 -0.0588
Y  0.8819 -0.4682  0.0550
Z -0.0761 -0.0262  0.9968

PART 72
OFFSET  4.8836 -3.0271 -6.7006
X  0.6703 -0.7415  0.0289
Y  0.7409  0.6709  0.0313
Z -0.0426  0.0004  0.9991

PART 73
OFFSET  3.9045 -1.9440 -6.7428
X  0.9804  0.1966  0.0102
Y -0.1957  0.9789 -0.0584
Z -0.0215  0.0553  0.9982

PART 74
OFFSET  2.7941 -2.1664 -6.7614
X -0.6254 -0.7795 -0.0343
Y -0.7803  0.6250  0.0233
Z  0.0033  0.0413 -0.9991

PART 75
OFFSET  0.0000 -0.0000 -0.0000
X  1.0000 -0.0000  0.0000
Y  0.0000  1.0000  0.0000
Z  0.0000 -0.0000  1.0000

PART 76
OFFSET  0.0000 -0.0000 -0.0000
X  1.0000 -0.0000  0.0000
Y  0.0000  1.0000  0.0000
Z  0.0000 -0.0000  1.0000

PART 77
OFFSET  1.5404 -0.0000  4.1357
X  1.0000 -0.0000  0.0000
Y  0.0000  1.0000  0.0000
Z  0.0000 -0.0000  1.0000


FRAME 153
PART 0
OFFSET  0.0000 -0.0000 -0.0000
X  1.0000 -0.0000  0.0000
Y  0.0000  1.0000  0.0000
Z  0.0000 -0.0000  1.0000

PART 1
OFFSET -4.6318 -0.0000 -1.3770
X  1.0000 -0.0000  0.0000
Y  0.0000  1.0000  0.0000
Z  0.0000 -0.0000  1.0000

PART 2
OFFSET -1.7088  5.0340 -5.9168
X  0.8888  0.0333 -0.4571
Y -0.0431 -0.9869 -0.1557
Z -0.4563  0.1581 -0.8757

PART 3
OFFSET  9.0403  5.4365 -11.4446
X  0.6972 -0.5715  0.4328
Y -0.6642 -0.2879  0.6899
Z -0.2697 -0.7684 -0.5803

PART 4
OFFSET  14.9704  0.5758 -7.7637
X  0.6972 -0.5715  0.4328
Y  0.2395  0.7547  0.6107
Z -0.6757 -0.3221  0.6631

PART 5
OFFSET  16.5970  1.4422 -7.3673
X  0.7019 -0.5676  0.4302
Y  0.2772  0.7741  0.5691
Z -0.6561 -0.2802  0.7007

PART 6
OFFSET  16.3145 -0.2035 -8.6148
X  0.7019 -0.5676  0.4302
Y  0.2772  0.7741  0.5691
Z -0.6561 -0.2802  0.7007

PART 7
OFFSET  15.2465  0.3262 -5.4523
X  0.7019 -0.5676  0.4302
Y  0.2772  0.7741  0.5691
Z -0.6561 -0.2802  0.7007

PART 8
OFFSET  14.9671 -1.3686 -6.1154
X  0.7019 -0.5676  0.4302
Y  0.2772  0.7741  0.5691
Z -0.6561 -0.2802  0.7007

PART 9
OFFSET  15.1731 -1.3387 -7.2954
X  0.7019 -0.5676  0.4302
Y  0.2772  0.7741  0.5691
Z -0.6561 -0.2802  0.7007

PART 10
OFFSET  17.1078 -1.1762 -6.4369
X  0.9403 -0.2474 -0.2336
Y  0.3393  0.7344  0.5879
Z  0.0261 -0.6320  0.7745

PART 11
OFFSET  17.8689 -0.8384 -5.6566
X  0.9285 -0.1053  0.3562
Y -0.0604  0.9034  0.4245
Z -0.3665 -0.4156  0.8324

PART 12
OFFSET  19.8461 -0.9986 -4.7993
X  0.9533 -0.2865 -0.0954
Y  0.2709  0.6718  0.6894
Z -0.1334 -0.6831  0.7180

PART 13
OFFSET  21.3539 -1.5777 -4.9141
X  0.9797  0.0114  0.2002
Y -0.1191  0.8363  0.5352
Z -0.1613 -0.5482  0.8206

PART 14
OFFSET  22.4040 -1.5762 -4.6509
X  0.8022  0.5329 -0.2690
Y -0.4075  0.1596 -0.8991
Z -0.4362  0.8310  0.3452

PART 15
OFFSET  17.5456 -2.2997 -7.1075
X  0.4844 -0.8727 -0.0611
Y -0.3196 -0.2415  0.9163
Z -0.8144 -0.4244 -0.3959

PART 16
OFFSET  18.7135 -4.2283 -7.0747
X -0.1264 -0.4086  0.9039
Y -0.6217  0.7427  0.2488
Z -0.7730 -0.5305 -0.3479

PART 17
OFFSET  18.5345 -4.8068 -5.7950
X -0.5473  0.3140  0.7758
Y -0.3443  0.7604 -0.5507
Z -0.7629 -0.5685 -0.3080

PART 18
OFFSET  18.0493 -4.5284 -5.1071
X -0.4921  0.1600  0.8557
Y -0.3883  0.8394 -0.3803
Z -0.7792 -0.5194 -0.3509

PART 19
OFFSET  17.5818 -4.3763 -4.2942
X  0.7328 -0.5743 -0.3650
Y -0.0749  0.4651 -0.8821
Z  0.6763  0.6737  0.2978

PART 20
OFFSET  17.9742 -1.7778 -6.8763
X  0.7908 -0.4648 -0.3982
Y -0.0081 -0.6585  0.7526
Z -0.6120 -0.5919 -0.5245

PART 21
OFFSET  19.8651 -3.4620 -7.4652
X  0.2630 -0.7834  0.5631
Y -0.6147  0.3138  0.7237
Z -0.7436 -0.5365 -0.3990

PART 22
OFFSET  20.3129 -4.7957 -6.5064
X -0.5676  0.1822  0.8029
Y -0.3795  0.8076 -0.4515
Z -0.7306 -0.5609 -0.3893

PART 23
OFFSET  19.5262 -4.5432 -5.3937
X -0.5377  0.1088  0.8361
Y -0.4262  0.8205 -0.3809
Z -0.7275 -0.5612 -0.3948

PART 24
OFFSET  18.9430 -4.4252 -4.4869
X  0.6482 -0.5855 -0.4868
Y -0.0094  0.6332 -0.7739
Z  0.7614  0.5063  0.4050

PART 25
OFFSET  20.5592 -1.1118 -5.8084
X  0.8264 -0.5506 -0.1181
Y  0.2616  0.5611 -0.7854
Z  0.4987  0.6181  0.6077

PART 26
OFFSET  21.0181 -1.3516 -7.1915
X  0.7265 -0.6872 -0.0032
Y -0.5550 -0.5895  0.5869
Z -0.4052 -0.4246 -0.8096

PART 27
OFFSET  22.2972 -2.5615 -7.1970
X  0.6767 -0.7359 -0.0231
Y -0.6100 -0.5779  0.5421
Z -0.4122 -0.3527 -0.8400

PART 28
OFFSET  23.1449 -3.4347 -7.1740
X  0.4422 -0.8516  0.2814
Y -0.8297 -0.2692  0.4891
Z -0.3407 -0.4497 -0.8256

PART 29
OFFSET  23.6443 -4.3966 -6.8562
X  0.5092  0.3937 -0.7653
Y -0.6203  0.7843 -0.0092
Z  0.5966  0.4794  0.6436

PART 30
OFFSET  20.5544 -2.2353 -7.6654
X  0.6258 -0.7441  0.2339
Y -0.4346 -0.0837  0.8967
Z -0.6476 -0.6628 -0.3758

PART 31
OFFSET  21.7770 -3.6889 -7.2084
X  0.0774 -0.5621  0.8234
Y -0.7250  0.5352  0.4335
Z -0.6844 -0.6305 -0.3661

PART 32
OFFSET  21.8900 -4.5099 -6.0057
X -0.3828 -0.1060  0.9177
Y -0.5808  0.8001 -0.1499
Z -0.7184 -0.5904 -0.3679

PART 33
OFFSET  21.4517 -4.6347 -4.9688
X  0.7105 -0.3920 -0.5844
Y -0.2511  0.6346 -0.7309
Z  0.6574  0.6660  0.3525

PART 34
OFFSET  19.5141 -3.2060 -6.2067
X -0.6511 -0.5986 -0.4666
Y -0.0261  0.6320 -0.7745
Z  0.7586 -0.4921 -0.4271

PART 35
OFFSET  11.2269 -3.1625 -3.5502
X  0.9964  0.0026 -0.0846
Y  0.0004  0.9994  0.0348
Z  0.0846 -0.0347  0.9958

PART 36
OFFSET  11.2269 -3.1625 -3.5502
X  0.9964  0.0026 -0.0846
Y  0.0004  0.9994  0.0348
Z  0.0846 -0.0347  0.9958

PART 37
OFFSET -115.9106 -3.4501  6.5138
X -0.0846  0.0347 -0.9958
Y  0.0004  0.9994  0.0348
Z  0.9964  0.0026 -0.0846

PART 38
OFFSET  11.2762 -3.1775 -3.1212
X  0.9964  0.0026 -0.0846
Y  0.0004  0.9994  0.0348
Z  0.0846 -0.0347  0.9958

PART 39
OFFSET  16.2786 -3.0735 -6.3076
X  0.9964  0.0026 -0.0846
Y  0.0004  0.9994  0.0348
Z  0.0846 -0.0347  0.9958

PART 40
OFFSET  3.6787 -2.1088 -2.8358
X  0.7414 -0.0236  0.6706
Y  0.0004  0.9994  0.0348
Z -0.6710 -0.0255  0.7410

PART 41
OFFSET  3.6788 -1.9799 -2.8313
X  0.9964  0.0026 -0.0846
Y  0.0004  0.9994  0.0348
Z  0.0846 -0.0347  0.9958

PART 42
OFFSET  15.4778 -3.2283 -1.8496
X  0.9964  0.0026 -0.0846
Y  0.0004  0.9994  0.0348
Z  0.0846 -0.0347  0.9958

PART 43
OFFSET  8.5458 -3.1039 -4.7216
X  0.9964  0.0026 -0.0846
Y  0.0004  0.9994  0.0348
Z  0.0846 -0.0347  0.9958

PART 44
OFFSET  14.1186 -3.2162 -2.0380
X  0.0216 -0.9743  0.2242
Y  0.9964  0.0026 -0.0846
Z  0.0818  0.2252  0.9709

PART 45
OFFSET -11.8619 -7.9373 -2.6118
X -0.2821 -0.0880  0.9553
Y -0.2320 -0.9600 -0.1569
Z  0.9309 -0.2659  0.2504

PART 46
OFFSET -8.4499 -6.8733 -14.1655
X -0.7613 -0.2130 -0.6124
Y  0.5872  0.1739 -0.7906
Z  0.2749 -0.9614 -0.0074

PART 47
OFFSET -1.9743 -5.0615 -8.9572
X -0.7613 -0.2130 -0.6124
Y  0.6275 -0.0044 -0.7786
Z  0.1632 -0.9770  0.1370

PART 48
OFFSET -1.6283 -3.7832 -7.4835
X -0.7656 -0.2114 -0.6076
Y -0.2812  0.9594  0.0204
Z  0.5786  0.1865 -0.7940

PART 49
OFFSET -1.7325 -4.4513 -6.4943
X -0.7656 -0.2114 -0.6076
Y -0.2812  0.9594  0.0204
Z  0.5786  0.1865 -0.7940

PART 50
OFFSET -1.1660 -5.6661 -6.6135
X -0.7656 -0.2114 -0.6076
Y -0.2812  0.9594  0.0204
Z  0.5786  0.1865 -0.7940

PART 51
OFFSET  0.3597 -4.4084 -7.0799
X -0.9730  0.0082 -0.2307
Y  0.2308  0.0423 -0.9721
Z  0.0018 -0.9991 -0.0431

PART 52
OFFSET  0.5739 -4.0427 -6.0204
X -0.5955 -0.6405 -0.4849
Y  0.5780  0.0777 -0.8124
Z  0.5580 -0.7641  0.3239

PART 53
OFFSET  1.7703 -2.6259 -4.9109
X -0.9330 -0.3593  0.0226
Y  0.1439 -0.4298 -0.8914
Z  0.3300 -0.8284  0.4527

PART 54
OFFSET  3.2480 -1.9787 -5.0512
X -0.7213 -0.0765  0.6884
Y -0.5211 -0.5947 -0.6122
Z  0.4562 -0.8003  0.3891

PART 55
OFFSET  4.0161 -1.8493 -5.8030
X -0.9329  0.3351  0.1320
Y  0.2260  0.8301 -0.5099
Z -0.2804 -0.4458 -0.8501

PART 56
OFFSET  1.4298 -4.1681 -7.9169
X -0.9295 -0.0604  0.3640
Y  0.0636 -0.9980 -0.0032
Z  0.3634  0.0202  0.9314

PART 57
OFFSET  3.5633 -3.9071 -8.5986
X -0.4872 -0.8401 -0.2386
Y  0.8724 -0.4560 -0.1757
Z  0.0388 -0.2938  0.9551

PART 58
OFFSET  4.2531 -2.7178 -8.2608
X  0.4334 -0.8543 -0.2868
Y  0.8983  0.4350  0.0618
Z  0.0720 -0.2844  0.9560

PART 59
OFFSET  3.8687 -1.9603 -8.0065
X  0.9872  0.1246 -0.0993
Y -0.0951  0.9610  0.2598
Z  0.1278 -0.2471  0.9605

PART 60
OFFSET  2.9308 -2.0787 -7.9122
X -0.7138 -0.6628 -0.2261
Y -0.6910  0.6141  0.3815
Z -0.1140  0.4285 -0.8963

PART 61
OFFSET  1.4907 -4.3375 -7.2261
X -0.9968 -0.0112  0.0788
Y  0.0116 -0.9999  0.0044
Z  0.0787  0.0053  0.9969

PART 62
OFFSET  4.0664 -4.3312 -7.5786
X -0.3083 -0.9458 -0.1018
Y  0.9486 -0.2976 -0.1080
Z  0.0719 -0.1299  0.9889

PART 63
OFFSET  4.5913 -2.7209 -7.4052
X  0.6987 -0.7000 -0.1476
Y  0.7132  0.6977  0.0676
Z  0.0557 -0.1525  0.9867

PART 64
OFFSET  3.6229 -1.7508 -7.2007
X  0.9241  0.3820  0.0097
Y -0.3787  0.9122  0.1566
Z  0.0510 -0.1484  0.9876

PART 65
OFFSET  2.6206 -2.1650 -7.2112
X -0.5383 -0.8413 -0.0488
Y -0.8417  0.5339  0.0802
Z -0.0414  0.0842 -0.9956

PART 66
OFFSET -3.8840 -4.9457 -7.2410
X -0.9596 -0.2783 -0.0410
Y -0.2755  0.9592 -0.0638
Z  0.0571 -0.0500 -0.9971

PART 67
OFFSET  3.9777 -4.8434 -5.4640
X -0.9822 -0.1827 -0.0426
Y  0.1857 -0.9792 -0.0814
Z -0.0269 -0.0878  0.9958

PART 68
OFFSET  5.7071 -4.5218 -5.3890
X -0.9591 -0.2802 -0.0406
Y  0.2813 -0.9593 -0.0235
Z -0.0323 -0.0340  0.9989

PART 69
OFFSET  6.8710 -4.1832 -5.2790
X -0.9217 -0.3708 -0.1140
Y  0.3765 -0.9259 -0.0325
Z -0.0935 -0.0729  0.9930

PART 70
OFFSET  7.9121 -3.7644 -5.1502
X -0.0661  0.9360  0.3457
Y  0.9959  0.0832 -0.0348
Z -0.0614  0.3420 -0.9377

PART 71
OFFSET  4.1239 -4.6174 -6.5354
X -0.4676 -0.8822 -0.0558
Y  0.8832 -0.4688  0.0115
Z -0.0363 -0.0439  0.9984

PART 72
OFFSET  5.0374 -2.8940 -6.4264
X  0.6707 -0.7417 -0.0110
Y  0.7418  0.6705  0.0136
Z -0.0027 -0.0173  0.9998

PART 73
OFFSET  4.0578 -1.8107 -6.4103
X  0.9801  0.1967 -0.0255
Y -0.1975  0.9797 -0.0332
Z  0.0184  0.0376  0.9991

PART 74
OFFSET  2.9474 -2.0331 -6.3885
X -0.6266 -0.7790 -0.0231
Y -0.7785  0.6242  0.0655
Z -0.0366  0.0590 -0.9976

PART 75
OFFSET  0.0000 -0.0000 -0.0000
X  1.0000 -0.0000  0.0000
Y  0.0000  1.0000  0.0000
Z  0.0000 -0.0000  1.0000

PART 76
OFFSET  0.0000 -0.0000 -0.0000
X  1.0000 -0.0000  0.0000
Y  0.0000  1.0000  0.0000
Z  0.0000 -0.0000  1.0000

PART 77
OFFSET  1.5404 -0.0000  4.1357
X  1.0000 -0.0000  0.0000
Y  0.0000  1.0000  0.0000
Z  0.0000 -0.0000  1.0000


FRAME 154
PART 0
OFFSET  0.0000 -0.0000 -0.0000
X  1.0000 -0.0000  0.0000
Y  0.0000  1.0000  0.0000
Z  0.0000 -0.0000  1.0000

PART 1
OFFSET -4.6318 -0.0000 -1.3770
X  1.0000 -0.0000  0.0000
Y  0.0000  1.0000  0.0000
Z  0.0000 -0.0000  1.0000

PART 2
OFFSET -1.4265  5.0340 -5.9168
X  0.8821  0.0441 -0.4690
Y -0.0357 -0.9865 -0.1599
Z -0.4697  0.1578 -0.8686

PART 3
OFFSET  9.2414  5.5673 -11.5890
X  0.6952 -0.5726  0.4345
Y -0.6661 -0.2861  0.6888
Z -0.2701 -0.7683 -0.5803

PART 4
OFFSET  15.1547  0.6970 -7.8936
X  0.6952 -0.5726  0.4345
Y  0.2252  0.7475  0.6249
Z -0.6826 -0.3366  0.6487

PART 5
OFFSET  16.7822  1.5603 -7.4947
X  0.6999 -0.5688  0.4320
Y  0.2777  0.7739  0.5691
Z -0.6580 -0.2784  0.6997

PART 6
OFFSET  16.4987 -0.0857 -8.7416
X  0.6999 -0.5688  0.4320
Y  0.2777  0.7739  0.5691
Z -0.6580 -0.2784  0.6997

PART 7
