// Export filename: `C:\projects\cod\t5\xanim_export\t5_viewmodels\spas12\spas12_grip_pullout.XANIM_EXPORT`
// Source filename: `D:\projects\devanim\t5\animation_assets\viewmodels/spas12/ViewModel_Spas12_animated.fbx`
// Export time: Wed Sep 16 17:55:47 2009

ANIMATION
VERSION 3

NUMPARTS 93
PART 0 "tag_torso"
PART 1 "J_Shoulder_LE"
PART 2 "J_Elbow_LE"
PART 3 "J_WristTwist_LE"
PART 4 "J_Sleave_Reshape_Bottom_LE_1"
PART 5 "J_Sleave_Reshape_Bottom_LE_2"
PART 6 "J_Sleave_Reshape_Top_LE_1"
PART 7 "J_Sleave_Reshape_Top_LE_2"
PART 8 "J_Sleave_Reshape_Top_LE_3"
PART 9 "J_Wrist_LE"
PART 10 "J_Thumb_LE_0"
PART 11 "J_Thumb_LE_1"
PART 12 "J_Thumb_LE_2"
PART 13 "J_Thumb_LE_3"
PART 14 "J_PinkyPalm_LE"
PART 15 "J_Pinky_LE_0"
PART 16 "J_Pinky_LE_1"
PART 17 "J_Pinky_LE_2"
PART 18 "J_Pinky_LE_3"
PART 19 "J_RingPalm_LE"
PART 20 "J_Ring_LE_0"
PART 21 "J_Ring_LE_1"
PART 22 "J_Ring_LE_2"
PART 23 "J_Ring_LE_3"
PART 24 "J_Webbing_LE"
PART 25 "J_Index_LE_0"
PART 26 "J_Index_LE_1"
PART 27 "J_Index_LE_2"
PART 28 "J_Index_LE_3"
PART 29 "J_Mid_LE_0"
PART 30 "J_Mid_LE_1"
PART 31 "J_Mid_LE_2"
PART 32 "J_Mid_LE_3"
PART 33 "tag_knife_attach"
PART 34 "J_Shoulder_RI"
PART 35 "J_Elbow_RI"
PART 36 "J_WristTwist_RI"
PART 37 "J_Sleave_Reshape_Top_RI_3"
PART 38 "J_Sleave_Reshape_Top_RI_2"
PART 39 "J_Sleave_Reshape_Top_RI_1"
PART 40 "J_Wrist_RI"
PART 41 "J_Thumb_RI_0"
PART 42 "J_Thumb_RI_1"
PART 43 "J_Thumb_RI_2"
PART 44 "J_Thumb_RI_3"
PART 45 "J_PinkyPalm_RI"
PART 46 "J_Pinky_RI_0"
PART 47 "J_Pinky_RI_1"
PART 48 "J_Pinky_RI_2"
PART 49 "J_Pinky_RI_3"
PART 50 "J_RingPalm_RI"
PART 51 "J_Ring_RI_0"
PART 52 "J_Ring_RI_1"
PART 53 "J_Ring_RI_2"
PART 54 "J_Ring_RI_3"
PART 55 "J_Webbing_RI"
PART 56 "J_Index_RI_0"
PART 57 "J_Index_RI_1"
PART 58 "J_Index_RI_2"
PART 59 "J_Index_RI_3"
PART 60 "J_Mid_RI_0"
PART 61 "J_Mid_RI_1"
PART 62 "J_Mid_RI_2"
PART 63 "J_Mid_RI_3"
PART 64 "tag_weapon"
PART 65 "J_Gun"
PART 66 "tag_brass"
PART 67 "tag_flash"
PART 68 "tag_clip"
PART 69 "tag_bolt"
PART 70 "tag_pump"
PART 71 "tag_stock"
PART 72 "tag_ring"
PART 73 "tag_stocktop"
PART 74 "tag_Load"
PART 75 "tag_iron_sights"
PART 76 "tag_scope_acog"
PART 77 "tag_laser_rifle"
PART 78 "TAG_REFLEX"
PART 79 "tag_suppressor"
PART 80 "tag_flash3"
PART 81 "TAG_GRIP"
PART 82 "tag_side_saddle"
PART 83 "tag_ammo_1"
PART 84 "tag_ammo_2"
PART 85 "tag_ammo_3"
PART 86 "tag_ammo_4"
PART 87 "tag_ammo_5"
PART 88 "tag_ammo_6"
PART 89 "tag_cambone"
PART 90 "tag_camera"
PART 91 "tag_gasmask"
PART 92 "tag_ads"

FRAMERATE 30
NUMFRAMES 25

FRAME 241
PART 0
OFFSET -4.6318 -0.0000 -1.3770
SCALE 1 1 1
X  1.0000 -0.0000  0.0000
Y  0.0000  1.0000  0.0000
Z  0.0000 -0.0000  1.0000

PART 1
OFFSET  0.1218  5.5976 -6.6823
SCALE 1 1 1
X  0.4151  0.0824 -0.9060
Y  0.0015 -0.9960 -0.0898
Z -0.9098  0.0359 -0.4135

PART 2
OFFSET  5.1419  6.5937 -17.6399
SCALE 1 1 1
X  0.8780 -0.4783 -0.0173
Y -0.1233 -0.2609  0.9574
Z -0.4624 -0.8385 -0.2881

PART 3
OFFSET  12.6099  2.5256 -17.7868
SCALE 1 1 1
X  0.8780 -0.4783 -0.0173
Y  0.3107  0.5422  0.7807
Z -0.3640 -0.6908  0.6247

PART 4
OFFSET  14.7572  3.5773 -18.4555
SCALE 1 1 1
X  0.8800 -0.4744 -0.0222
Y  0.4617  0.8435  0.2744
Z -0.1114 -0.2517  0.9614

PART 5
OFFSET  13.3175  1.7558 -19.2169
SCALE 1 1 1
X  0.8800 -0.4744 -0.0222
Y  0.4617  0.8435  0.2744
Z -0.1114 -0.2517  0.9614

PART 6
OFFSET  15.1474  3.0988 -15.7157
SCALE 1 1 1
X  0.8800 -0.4744 -0.0222
Y  0.4617  0.8435  0.2744
Z -0.1114 -0.2517  0.9614

PART 7
OFFSET  13.7981  0.8390 -16.2010
SCALE 1 1 1
X  0.8800 -0.4744 -0.0222
Y  0.4617  0.8435  0.2744
Z -0.1114 -0.2517  0.9614

PART 8
OFFSET  13.2521  0.6848 -17.4333
SCALE 1 1 1
X  0.8800 -0.4744 -0.0222
Y  0.4617  0.8435  0.2744
Z -0.1114 -0.2517  0.9614

PART 9
OFFSET  15.3017  1.0593 -17.8398
SCALE 1 1 1
X  0.7665 -0.6384  0.0699
Y  0.3614  0.5187  0.7748
Z -0.5309 -0.5686  0.6283

PART 10
OFFSET  15.7772  1.0392 -16.8027
SCALE 1 1 1
X  0.3155 -0.3442  0.8843
Y  0.1511  0.9382  0.3113
Z -0.9368  0.0354  0.3480

PART 11
OFFSET  16.4211  0.3920 -14.8440
SCALE 1 1 1
X  0.3662 -0.8503  0.3780
Y  0.2137  0.4722  0.8552
Z -0.9057 -0.2323  0.3546

PART 12
OFFSET  16.8980 -1.0348 -14.2451
SCALE 1 1 1
X -0.0256 -0.9509 -0.3085
Y  0.3662 -0.2961  0.8822
Z -0.9302 -0.0904  0.3557

PART 13
OFFSET  16.8340 -2.0723 -14.5474
SCALE 1 1 1
X  0.6541 -0.7049 -0.2744
Y  0.6118  0.7064 -0.3561
Z  0.4449  0.0650  0.8932

PART 14
OFFSET  15.4561 -0.1513 -18.4833
SCALE 1 1 1
X  0.2832 -0.9477 -0.1474
Y -0.4962 -0.2763  0.8231
Z -0.8207 -0.1600 -0.5485

PART 15
OFFSET  16.1512 -2.2911 -18.6337
SCALE 1 1 1
X -0.3231 -0.1729  0.9304
Y -0.3177  0.9459  0.0655
Z -0.8915 -0.2745 -0.3605

PART 16
OFFSET  15.6938 -2.5359 -17.3164
SCALE 1 1 1
X -0.4388  0.6369  0.6339
Y  0.0066  0.7077 -0.7065
Z -0.8986 -0.3059 -0.3147

PART 17
OFFSET  15.3047 -1.9712 -16.7544
SCALE 1 1 1
X -0.1638  0.9455 -0.2813
Y  0.4210 -0.1909 -0.8867
Z -0.8921 -0.2637 -0.3668

PART 18
OFFSET  15.1491 -1.0729 -17.0217
SCALE 1 1 1
X -0.0100 -0.5653  0.8249
Y  0.3105 -0.7859 -0.5348
Z  0.9505  0.2508  0.1834

PART 19
OFFSET  15.9390  0.1324 -18.0407
SCALE 1 1 1
X  0.6153 -0.7703 -0.1676
Y -0.5618 -0.5777  0.5921
Z -0.5530 -0.2702 -0.7882

PART 20
OFFSET  17.3109 -2.0626 -18.2821
SCALE 1 1 1
X -0.5223 -0.2151  0.8252
Y -0.3120  0.9488  0.0498
Z -0.7937 -0.2314 -0.5626

PART 21
OFFSET  16.4217 -2.4287 -16.8772
SCALE 1 1 1
X -0.5740  0.5555  0.6017
Y  0.1530  0.7946 -0.5876
Z -0.8045 -0.2452 -0.5410

PART 22
OFFSET  15.6263 -1.6589 -16.0433
SCALE 1 1 1
X  0.1029  0.8387 -0.5348
Y  0.5899 -0.4844 -0.6461
Z -0.8009 -0.2490 -0.5445

PART 23
OFFSET  15.7378 -0.7493 -16.6233
SCALE 1 1 1
X -0.4606 -0.4227  0.7805
Y  0.4582 -0.8663 -0.1988
Z  0.7602  0.2660  0.5927

PART 24
OFFSET  17.9539 -0.3898 -16.0573
SCALE 1 1 1
X  0.5037 -0.8591  0.0906
Y  0.7444  0.3784 -0.5501
Z  0.4383  0.3446  0.8302

PART 25
OFFSET  18.7583 -0.8257 -17.2165
SCALE 1 1 1
X -0.4476 -0.5640  0.6939
Y -0.5506  0.7853  0.2831
Z -0.7046 -0.2554 -0.6620

PART 26
OFFSET  17.9703 -1.8187 -15.9948
SCALE 1 1 1
X -0.7433  0.2348  0.6264
Y -0.0389  0.9196 -0.3908
Z -0.6678 -0.3149 -0.6744

PART 27
OFFSET  17.1072 -1.5142 -15.1922
SCALE 1 1 1
X -0.2541  0.9580 -0.1330
Y  0.6472  0.0663 -0.7594
Z -0.7187 -0.2790 -0.6368

PART 28
OFFSET  16.8202 -0.4321 -15.3424
SCALE 1 1 1
X -0.7037 -0.4502  0.5497
Y  0.5297 -0.8480 -0.0163
Z  0.4735  0.2797  0.8352

PART 29
OFFSET  18.1893 -1.4224 -17.9518
SCALE 1 1 1
X -0.4663 -0.4308  0.7727
Y -0.5194  0.8403  0.1551
Z -0.7161 -0.3290 -0.6156

PART 30
OFFSET  17.2785 -2.2640 -16.4424
SCALE 1 1 1
X -0.6913  0.4896  0.5314
Y  0.1567  0.8196 -0.5511
Z -0.7054 -0.2977 -0.6433

PART 31
OFFSET  16.2688 -1.5489 -15.6662
SCALE 1 1 1
X  0.0061  0.9575 -0.2885
Y  0.7922 -0.1807 -0.5829
Z -0.6102 -0.2250 -0.7596

PART 32
OFFSET  16.2708 -0.4659 -15.9979
SCALE 1 1 1
X -0.4717 -0.6044  0.6420
Y  0.5552 -0.7693 -0.3163
Z  0.6850  0.2072  0.6984

PART 33
OFFSET  16.3761 -1.8176 -17.1103
SCALE 1 1 1
X -0.6100 -0.2582 -0.7491
Y  0.5309  0.5686 -0.6283
Z  0.5882 -0.7810 -0.2098

PART 34
OFFSET -30.9918 -7.9373 -1.9159
SCALE 1 1 1
X  0.3281  0.0730  0.9418
Y -0.4986 -0.8335  0.2383
Z  0.8024 -0.5477 -0.2371

PART 35
OFFSET -34.9600 -8.8204 -13.3060
SCALE 1 1 1
X -0.9996  0.0184 -0.0192
Y  0.0176 -0.0845 -0.9963
Z -0.0199 -0.9963  0.0842

PART 36
OFFSET -26.4576 -8.9767 -13.1427
SCALE 1 1 1
X -0.9996  0.0184 -0.0192
Y  0.0189 -0.0145 -0.9997
Z -0.0186 -0.9997  0.0142

PART 37
OFFSET -25.0101 -7.8001 -12.4747
SCALE 1 1 1
X -0.9997  0.0216 -0.0135
Y  0.0225  0.9973 -0.0698
Z  0.0119 -0.0701 -0.9975

PART 38
OFFSET -24.6551 -8.3301 -11.4604
SCALE 1 1 1
X -0.9997  0.0216 -0.0135
Y  0.0225  0.9973 -0.0698
Z  0.0119 -0.0701 -0.9975

PART 39
OFFSET -24.5782 -9.6700 -11.5620
SCALE 1 1 1
X -0.9997  0.0216 -0.0135
Y  0.0225  0.9973 -0.0698
Z  0.0119 -0.0701 -0.9975

PART 40
OFFSET -23.3930 -9.0330 -13.0839
SCALE 1 1 1
X -0.7497 -0.0002 -0.6618
Y  0.6618  0.0086 -0.7497
Z  0.0058 -1.0000 -0.0063

PART 41
OFFSET -23.6967 -8.6306 -12.0602
SCALE 1 1 1
X -0.3074 -0.6571 -0.6882
Y  0.8934  0.0496 -0.4465
Z  0.3276 -0.7521  0.5718

PART 42
OFFSET -23.1407 -7.1757 -10.5623
SCALE 1 1 1
X -0.8395 -0.3586 -0.4083
Y  0.5396 -0.4604 -0.7049
Z  0.0648 -0.8120  0.5800

PART 43
OFFSET -21.7606 -6.5332 -10.0102
SCALE 1 1 1
X -0.9615 -0.0528  0.2696
Y -0.1812 -0.6158 -0.7668
Z  0.2065 -0.7861  0.5825

PART 44
OFFSET -20.7272 -6.4297 -10.3153
SCALE 1 1 1
X -0.8798  0.3391 -0.3332
Y  0.4526  0.8119 -0.3687
Z  0.1455 -0.4752 -0.8678

PART 45
OFFSET -22.0511 -8.8215 -13.3253
SCALE 1 1 1
X -0.9922 -0.0480 -0.1149
Y  0.0416 -0.9975  0.0579
Z -0.1174  0.0527  0.9917

PART 46
OFFSET -19.8440 -8.5837 -12.9298
SCALE 1 1 1
X -0.3310 -0.8480 -0.4138
Y  0.8450 -0.4615  0.2699
Z -0.4199 -0.2604  0.8694

PART 47
OFFSET -19.3754 -7.3830 -12.3439
SCALE 1 1 1
X  0.5036 -0.8636 -0.0224
Y  0.7704  0.4372  0.4641
Z -0.3910 -0.2510  0.8855

PART 48
OFFSET -19.8220 -6.6173 -12.3240
SCALE 1 1 1
X  0.9197  0.1214  0.3735
Y -0.1908  0.9694  0.1547
Z -0.3432 -0.2135  0.9147

PART 49
OFFSET -20.6957 -6.7327 -12.6788
SCALE 1 1 1
X -0.5340 -0.6705 -0.5150
Y -0.7792  0.6267 -0.0080
Z  0.3281  0.3970 -0.8571

PART 50
OFFSET -22.3252 -8.9668 -12.6824
SCALE 1 1 1
X -0.9167 -0.0089 -0.3996
Y -0.0079 -0.9992  0.0402
Z -0.3996  0.0400  0.9158

PART 51
OFFSET -19.8870 -8.9718 -11.7805
SCALE 1 1 1
X -0.2392 -0.9489 -0.2058
Y  0.8829 -0.3008  0.3606
Z -0.4041 -0.0954  0.9097

PART 52
OFFSET -19.4797 -7.3563 -11.4302
SCALE 1 1 1
X  0.6746 -0.7044  0.2205
Y  0.6086  0.6999  0.3739
Z -0.4177 -0.1181  0.9009

PART 53
OFFSET -20.4147 -6.3800 -11.7358
SCALE 1 1 1
X  0.8168  0.3824  0.4319
Y -0.3931  0.9169 -0.0684
Z -0.4222 -0.1139  0.8993

PART 54
OFFSET -21.3006 -6.7947 -12.2042
SCALE 1 1 1
X -0.4655 -0.8427 -0.2706
Y -0.7717  0.5361 -0.3421
Z  0.4334  0.0496 -0.8999

PART 55
OFFSET -27.0696 -9.5771 -15.2076
SCALE 1 1 1
X -0.8317 -0.2799 -0.4794
Y -0.1976  0.9563 -0.2156
Z  0.5188 -0.0846 -0.8507

PART 56
OFFSET -20.9687 -9.4103 -9.9421
SCALE 1 1 1
X -0.8171 -0.3132 -0.4840
Y  0.2976 -0.9482  0.1112
Z -0.4937 -0.0532  0.8680

PART 57
OFFSET -19.5300 -8.8589 -9.0901
SCALE 1 1 1
X -0.2516 -0.9565 -0.1478
Y  0.8254 -0.2918  0.4832
Z -0.5053 -0.0004  0.8629

PART 58
OFFSET -19.2548 -7.6961 -8.8580
SCALE 1 1 1
X  0.5579 -0.7879  0.2605
Y  0.6587  0.6114  0.4385
Z -0.5048 -0.0731  0.8601

PART 59
OFFSET -19.8851 -6.8061 -9.1522
SCALE 1 1 1
X -0.9182 -0.3160 -0.2388
Y -0.2627  0.9371 -0.2300
Z  0.2964 -0.1485 -0.9434

PART 60
OFFSET -20.3318 -9.2216 -10.8249
SCALE 1 1 1
X -0.4004 -0.8838 -0.2422
Y  0.7663 -0.4678  0.4404
Z -0.5025 -0.0092  0.8645

PART 61
OFFSET -19.5496 -7.4951 -10.3518
SCALE 1 1 1
X  0.5849 -0.7414  0.3289
Y  0.6588  0.6709  0.3406
Z -0.4731  0.0175  0.8808

PART 62
OFFSET -20.4039 -6.4122 -10.8323
SCALE 1 1 1
X  0.8798  0.1961  0.4330
Y -0.1429  0.9779 -0.1525
Z -0.4533  0.0723  0.8884

PART 63
OFFSET -21.3973 -6.6342 -11.3291
SCALE 1 1 1
X -0.5544 -0.7796 -0.2914
Y -0.7076  0.6258 -0.3281
Z  0.4381  0.0243 -0.8986

PART 64
OFFSET -15.4471 -7.6613 -4.8932
SCALE 1 1 1
X  0.9189 -0.0000  0.3945
Y  0.0000  1.0000 -0.0000
Z -0.3945  0.0000  0.9189

PART 65
OFFSET -15.4471 -7.6613 -4.8932
SCALE 1 1 1
X  0.9189 -0.0000  0.3945
Y -0.0000  1.0000  0.0000
Z -0.3945 -0.0000  0.9189

PART 66
OFFSET -16.5882 -7.9752 -5.0564
SCALE 1 1 1
X -0.1021 -0.9659  0.2378
Y  0.9189  0.0000  0.3945
Z -0.3811  0.2588  0.8876

PART 67
OFFSET  5.7218 -7.6436  4.6502
SCALE 1 1 1
X  0.9189 -0.0000  0.3945
Y -0.0000  1.0000  0.0000
Z -0.3945 -0.0000  0.9189

PART 68
OFFSET -15.1292 -7.5865 -5.6336
SCALE 1 1 1
X  0.9189 -0.0000  0.3945
Y  0.0000  1.0000 -0.0000
Z -0.3945  0.0000  0.9189

PART 69
OFFSET -15.6057 -7.6613 -4.4912
SCALE 1 1 1
X  0.9189 -0.0000  0.3945
Y  0.0000  1.0000 -0.0000
Z -0.3945  0.0000  0.9189

PART 70
OFFSET -9.3330 -7.6664 -4.7944
SCALE 1 1 1
X  0.9189 -0.0000  0.3945
Y  0.0000  1.0000 -0.0000
Z -0.3945  0.0000  0.9189

PART 71
OFFSET -22.4253 -6.4571 -7.8501
SCALE 1 1 1
X  0.9189 -0.0000  0.3945
Y  0.0000  1.0000 -0.0000
Z -0.3945  0.0000  0.9189

PART 72
OFFSET -22.4253 -6.5861 -7.8501
SCALE 1 1 1
X  0.3381 -0.0000  0.9411
Y  0.0000  1.0000 -0.0000
Z -0.9411  0.0000  0.3381

PART 73
OFFSET -12.4983 -7.6664 -1.3902
SCALE 1 1 1
X  0.9189 -0.0000  0.3945
Y  0.0000  1.0000 -0.0000
Z -0.3945  0.0000  0.9189

PART 74
OFFSET -17.2602 -7.6444 -7.1902
SCALE 1 1 1
X  0.9189 -0.0000  0.3945
Y  0.0000  1.0000 -0.0000
Z -0.3945  0.0000  0.9189

PART 75
OFFSET -13.6085 -7.6613 -2.1967
SCALE 1 1 1
X -0.1021 -0.9659  0.2378
Y  0.9189 -0.0000  0.3945
Z -0.3811  0.2588  0.8876

PART 76
OFFSET -14.6437 -7.6613 -2.5884
SCALE 1 1 1
X  0.9189 -0.0000  0.3945
Y  0.0000  1.0000 -0.0000
Z -0.3945  0.0000  0.9189

PART 77
OFFSET -8.5129 -8.5838 -0.9376
SCALE 1 1 1
X  0.9189 -0.0000  0.3945
Y -0.2790  0.7071  0.6497
Z -0.2790 -0.7071  0.6497

PART 78
OFFSET -15.0476 -7.6613 -2.1350
SCALE 1 1 1
X  0.9189 -0.0000  0.3945
Y  0.0000  1.0000 -0.0000
Z -0.3945  0.0000  0.9189

PART 79
OFFSET  5.7218 -7.6436  4.6502
SCALE 1 1 1
X  0.0000 -1.0000  0.0000
Y  0.9189  0.0000  0.3945
Z -0.3945  0.0000  0.9189

PART 80
OFFSET  11.7265 -7.6436  7.2283
SCALE 1 1 1
X -0.0000 -1.0000 -0.0000
Y  0.9189 -0.0000  0.3945
Z -0.3945  0.0000  0.9189

PART 81
OFFSET -3.4163 -7.6436 -2.2101
SCALE 1 1 1
X  0.9189 -0.0000  0.3945
Y  0.0000  1.0000 -0.0000
Z -0.3945  0.0000  0.9189

PART 82
OFFSET -17.1505 -6.9062 -5.5111
SCALE 1 1 1
X  0.9189 -0.0000  0.3945
Y  0.0000  1.0000 -0.0000
Z -0.3945  0.0000  0.9189

PART 83
OFFSET -15.0971 -6.4702 -5.6141
SCALE 1 1 1
X  0.9189 -0.0000  0.3945
Y  0.0000  1.0000 -0.0000
Z -0.3945  0.0000  0.9189

PART 84
OFFSET -15.7613 -6.4702 -5.8993
SCALE 1 1 1
X  0.9189 -0.0000  0.3945
Y  0.0000  1.0000 -0.0000
Z -0.3945  0.0000  0.9189

PART 85
OFFSET -16.4269 -6.4702 -6.1851
SCALE 1 1 1
X  0.9189 -0.0000  0.3945
Y  0.0000  1.0000 -0.0000
Z -0.3945  0.0000  0.9189

PART 86
OFFSET -17.0925 -6.4702 -6.4708
SCALE 1 1 1
X  0.9189 -0.0000  0.3945
Y  0.0000  1.0000 -0.0000
Z -0.3945  0.0000  0.9189

PART 87
OFFSET -17.7581 -6.4702 -6.7566
SCALE 1 1 1
X  0.9189 -0.0000  0.3945
Y  0.0000  1.0000 -0.0000
Z -0.3945  0.0000  0.9189

PART 88
OFFSET -18.4237 -6.4702 -7.0424
SCALE 1 1 1
X  0.9189 -0.0000  0.3945
Y  0.0000  1.0000 -0.0000
Z -0.3945  0.0000  0.9189

PART 89
OFFSET  0.0000 -0.0000 -0.0000
SCALE 1 1 1
X  1.0000 -0.0000  0.0000
Y  0.0000  1.0000  0.0000
Z  0.0000 -0.0000  1.0000

PART 90
OFFSET  0.0000 -0.0000 -0.0000
SCALE 1 1 1
X  1.0000 -0.0000  0.0000
Y  0.0000  1.0000  0.0000
Z  0.0000 -0.0000  1.0000

PART 91
OFFSET  1.5404 -0.0000  4.1357
SCALE 1 1 1
X  1.0000 -0.0000  0.0000
Y  0.0000  1.0000  0.0000
Z  0.0000 -0.0000  1.0000

PART 92
OFFSET  0.0000 -0.0000 -0.0000
SCALE 1 1 1
X  1.0000 -0.0000  0.0000
Y  0.0000  1.0000  0.0000
Z  0.0000 -0.0000  1.0000


FRAME 242
PART 0
OFFSET -4.6318 -0.0000 -1.3770
SCALE 1 1 1
X  1.0000 -0.0000  0.0000
Y  0.0000  1.0000  0.0000
Z  0.0000 -0.0000  1.0000

PART 1
OFFSET  0.1218  5.5976 -6.6823
SCALE 1 1 1
X  0.4162  0.0818 -0.9056
Y  0.0006 -0.9960 -0.0896
Z -0.9093  0.0368 -0.4145

PART 2
OFFSET  5.1548  6.5864 -17.6346
SCALE 1 1 1
X  0.8772 -0.4799 -0.0137
Y -0.1269 -0.2594  0.9574
Z -0.4630 -0.8381 -0.2884

PART 3
OFFSET  12.6161  2.5050 -17.7515
SCALE 1 1 1
X  0.8772 -0.4799 -0.0137
Y  0.3107  0.5457  0.7782
Z -0.3659 -0.6870  0.6278

PART 4
OFFSET  14.7674  3.5520 -18.4147
SCALE 1 1 1
X  0.8793 -0.4760 -0.0187
Y  0.4623  0.8431  0.2747
Z -0.1150 -0.2501  0.9614

PART 5
OFFSET  13.3269  1.7320 -19.1782
SCALE 1 1 1
X  0.8793 -0.4760 -0.0187
Y  0.4623  0.8431  0.2747
Z -0.1150 -0.2501  0.9614

PART 6
OFFSET  15.1478  3.0768 -15.6729
SCALE 1 1 1
X  0.8793 -0.4760 -0.0187
Y  0.4623  0.8431  0.2747
Z -0.1150 -0.2501  0.9614

PART 7
OFFSET  13.7961  0.8186 -16.1594
SCALE 1 1 1
X  0.8793 -0.4760 -0.0187
Y  0.4623  0.8431  0.2747
Z -0.1150 -0.2501  0.9614

PART 8
OFFSET  13.2538  0.6637 -17.3933
SCALE 1 1 1
X  0.8793 -0.4760 -0.0187
Y  0.4623  0.8431  0.2747
Z -0.1150 -0.2501  0.9614

PART 9
OFFSET  15.3054  1.0340 -17.7936
SCALE 1 1 1
X  0.7661 -0.6389  0.0691
Y  0.3641  0.5202  0.7725
Z -0.5296 -0.5667  0.6312

PART 10
OFFSET  15.7840  1.0159 -16.7578
SCALE 1 1 1
X  0.3180 -0.3425  0.8841
Y  0.1526  0.9388  0.3088
Z -0.9357  0.0367  0.3508

PART 11
OFFSET  16.4334  0.3726 -14.7997
SCALE 1 1 1
X  0.3670 -0.8493  0.3794
Y  0.2164  0.4746  0.8532
Z -0.9047 -0.2311  0.3580

PART 12
OFFSET  16.9117 -1.0527 -14.1981
SCALE 1 1 1
X -0.0265 -0.9520 -0.3050
Y  0.3687 -0.2929  0.8822
Z -0.9292 -0.0891  0.3588

PART 13
OFFSET  16.8468 -2.0913 -14.4965
SCALE 1 1 1
X  0.6533 -0.7059 -0.2738
Y  0.6107  0.7051 -0.3604
Z  0.4474  0.0682  0.8917

PART 14
OFFSET  15.4568 -0.1783 -18.4348
SCALE 1 1 1
X  0.2819 -0.9483 -0.1461
Y -0.4940 -0.2740  0.8252
Z -0.8225 -0.1605 -0.5457

PART 15
OFFSET  16.1495 -2.3190 -18.5823
SCALE 1 1 1
X -0.3201 -0.1714  0.9317
Y -0.3173  0.9461  0.0650
Z -0.8927 -0.2748 -0.3573

PART 16
OFFSET  15.6963 -2.5617 -17.2632
SCALE 1 1 1
X -0.4366  0.6377  0.6345
Y  0.0043  0.7068 -0.7074
Z -0.8996 -0.3061 -0.3114

PART 17
OFFSET  15.3091 -1.9963 -16.7006
SCALE 1 1 1
X -0.1651  0.9454 -0.2810
Y  0.4179 -0.1910 -0.8882
Z -0.8934 -0.2640 -0.3636

PART 18
OFFSET  15.1523 -1.0981 -16.9675
SCALE 1 1 1
X -0.0069 -0.5650  0.8250
Y  0.3088 -0.7859 -0.5357
Z  0.9511  0.2511  0.1799

PART 19
OFFSET  15.9413  0.1061 -17.9943
SCALE 1 1 1
X  0.6141 -0.7712 -0.1677
Y -0.5606 -0.5758  0.5951
Z -0.5555 -0.2715 -0.7859

PART 20
OFFSET  17.3104 -2.0908 -18.2346
SCALE 1 1 1
X -0.5196 -0.2136  0.8273
Y -0.3117  0.9489  0.0492
Z -0.7955 -0.2322 -0.5597

PART 21
OFFSET  16.4258 -2.4544 -16.8262
SCALE 1 1 1
X -0.5720  0.5563  0.6028
Y  0.1510  0.7937 -0.5892
Z -0.8062 -0.2460 -0.5380

PART 22
OFFSET  15.6330 -1.6834 -15.9908
SCALE 1 1 1
X  0.1003  0.8386 -0.5354
Y  0.5879 -0.4841 -0.6481
Z -0.8027 -0.2498 -0.5415

PART 23
OFFSET  15.7418 -0.7740 -16.5715
SCALE 1 1 1
X -0.4574 -0.4228  0.7823
Y  0.4581 -0.8660 -0.2002
Z  0.7621  0.2668  0.5899

PART 24
OFFSET  17.9615 -0.4135 -16.0156
SCALE 1 1 1
X  0.5032 -0.8594  0.0911
Y  0.7431  0.3765 -0.5532
Z  0.4411  0.3461  0.8281

PART 25
OFFSET  18.7622 -0.8528 -17.1762
SCALE 1 1 1
X -0.4455 -0.5628  0.6963
Y -0.5495  0.7859  0.2836
Z -0.7068 -0.2562 -0.6594

PART 26
OFFSET  17.9778 -1.8436 -15.9503
SCALE 1 1 1
X -0.7412  0.2357  0.6286
Y -0.0401  0.9191 -0.3919
Z -0.6701 -0.3157 -0.6718

PART 27
OFFSET  17.1174 -1.5379 -15.1454
SCALE 1 1 1
X -0.2552  0.9578 -0.1326
Y  0.6444  0.0662 -0.7618
Z -0.7208 -0.2798 -0.6341

PART 28
OFFSET  16.8292 -0.4561 -15.2952
SCALE 1 1 1
X -0.7014 -0.4503  0.5525
Y  0.5302 -0.8477 -0.0177
Z  0.4763  0.2805  0.8333

PART 29
OFFSET  18.1905 -1.4506 -17.9084
SCALE 1 1 1
X -0.4638 -0.4294  0.7749
Y -0.5186  0.8407  0.1555
Z -0.7182 -0.3297 -0.6127

PART 30
OFFSET  17.2843 -2.2896 -16.3947
SCALE 1 1 1
X -0.6894  0.4904  0.5331
Y  0.1549  0.8188 -0.5528
Z -0.7076 -0.2985 -0.6405

PART 31
OFFSET  16.2773 -1.5733 -15.6160
SCALE 1 1 1
X  0.0044  0.9573 -0.2892
Y  0.7902 -0.1805 -0.5856
Z -0.6128 -0.2259 -0.7573

PART 32
OFFSET  16.2774 -0.4906 -15.9485
SCALE 1 1 1
X -0.4689 -0.6043  0.6442
Y  0.5546 -0.7691 -0.3177
Z  0.6874  0.2082  0.6958

PART 33
OFFSET  16.3793 -1.8423 -17.0607
SCALE 1 1 1
X -0.6125 -0.2594 -0.7467
Y  0.5296  0.5667 -0.6312
Z  0.5869 -0.7820 -0.2097

PART 34
OFFSET -30.8612 -7.9373 -1.9159
SCALE 1 1 1
X  0.2880  0.0731  0.9548
Y -0.5005 -0.8386  0.2152
Z  0.8165 -0.5398 -0.2049

PART 35
OFFSET -34.3438 -8.8219 -13.4637
SCALE 1 1 1
X -0.9996  0.0123 -0.0269
Y  0.0258 -0.0810 -0.9964
Z -0.0144 -0.9966  0.0807

PART 36
OFFSET -25.8421 -8.9263 -13.2348
SCALE 1 1 1
X -0.9996  0.0123 -0.0269
Y  0.0269 -0.0044 -0.9996
Z -0.0124 -0.9999  0.0040

PART 37
OFFSET -24.4072 -7.7431 -12.5515
SCALE 1 1 1
X -0.9997  0.0155 -0.0212
Y  0.0169  0.9977 -0.0663
Z  0.0201 -0.0666 -0.9976

PART 38
OFFSET -24.0568 -8.2743 -11.5363
SCALE 1 1 1
X -0.9997  0.0155 -0.0212
Y  0.0169  0.9977 -0.0663
Z  0.0201 -0.0666 -0.9976

PART 39
OFFSET -23.9708 -9.6133 -11.6418
SCALE 1 1 1
X -0.9997  0.0155 -0.0212
Y  0.0169  0.9977 -0.0663
Z  0.0201 -0.0666 -0.9976

PART 40
OFFSET -22.7777 -8.9639 -13.1523
SCALE 1 1 1
X -0.7408  0.0049 -0.6718
Y  0.6717  0.0180 -0.7406
Z  0.0085 -0.9998 -0.0167

PART 41
OFFSET -23.0962 -8.5730 -12.1286
SCALE 1 1 1
X -0.2965 -0.6506 -0.6991
Y  0.8992  0.0564 -0.4339
Z  0.3218 -0.7573  0.5683

PART 42
OFFSET -22.5640 -7.1324 -10.6083
SCALE 1 1 1
X -0.8330 -0.3563 -0.4232
Y  0.5501 -0.4518 -0.7023
Z  0.0591 -0.8179  0.5723

PART 43
OFFSET -21.1930 -6.4925 -10.0310
SCALE 1 1 1
X -0.9649 -0.0579  0.2561
Y -0.1693 -0.6082 -0.7755
Z  0.2006 -0.7917  0.5770

PART 44
OFFSET -20.1559 -6.3834 -10.3212
SCALE 1 1 1
X -0.8761  0.3405 -0.3414
Y  0.4555  0.8168 -0.3541
Z  0.1583 -0.4657 -0.8706

PART 45
OFFSET -21.4333 -8.7467 -13.3735
SCALE 1 1 1
X -0.9905 -0.0492 -0.1287
Y  0.0433 -0.9979  0.0480
Z -0.1308  0.0420  0.9905

PART 46
OFFSET -19.2323 -8.5077 -12.9459
SCALE 1 1 1
X -0.3233 -0.8445 -0.4271
Y  0.8425 -0.4623  0.2764
Z -0.4309 -0.2705  0.8609

PART 47
OFFSET -18.7746 -7.3122 -12.3412
SCALE 1 1 1
X  0.5061 -0.8621 -0.0247
Y  0.7630  0.4342  0.4789
Z -0.4022 -0.2612  0.8775

PART 48
OFFSET -19.2233 -6.5478 -12.3193
SCALE 1 1 1
X  0.9143  0.1197  0.3870
Y -0.1953  0.9672  0.1622
Z -0.3549 -0.2239  0.9077

PART 49
OFFSET -20.0919 -6.6615 -12.6870
SCALE 1 1 1
X -0.5254 -0.6664 -0.5291
Y -0.7806  0.6249 -0.0119
Z  0.3386  0.4068 -0.8485

PART 50
OFFSET -21.7156 -8.8994 -12.7359
SCALE 1 1 1
X -0.9112 -0.0069 -0.4119
Y -0.0059 -0.9995  0.0296
Z -0.4120  0.0294  0.9107

PART 51
OFFSET -19.2897 -8.9080 -11.8014
SCALE 1 1 1
X -0.2341 -0.9473 -0.2189
Y  0.8787 -0.3024  0.3693
Z -0.4160 -0.1059  0.9032

PART 52
OFFSET -18.8912 -7.2952 -11.4288
SCALE 1 1 1
X  0.6734 -0.7051  0.2222
Y  0.6017  0.6974  0.3893
Z -0.4294 -0.1285  0.8939

PART 53
OFFSET -19.8245 -6.3180 -11.7367
SCALE 1 1 1
X  0.8100  0.3798  0.4468
Y -0.3945  0.9167 -0.0641
Z -0.4339 -0.1243  0.8923

PART 54
OFFSET -20.7030 -6.7299 -12.2213
SCALE 1 1 1
X -0.4597 -0.8409 -0.2856
Y -0.7684  0.5378 -0.3469
Z  0.4453  0.0600 -0.8934

PART 55
OFFSET -26.4242 -9.4946 -15.3308
SCALE 1 1 1
X -0.8245 -0.2769 -0.4934
Y -0.1971  0.9580 -0.2082
Z  0.5304 -0.0744 -0.8445

PART 56
OFFSET -20.3948 -9.3682 -9.9824
SCALE 1 1 1
X -0.8098 -0.3101 -0.4981
Y  0.2985 -0.9486  0.1053
Z -0.5052 -0.0634  0.8607

PART 57
OFFSET -18.9691 -8.8223 -9.1053
SCALE 1 1 1
X -0.2472 -0.9555 -0.1611
Y  0.8196 -0.2949  0.4912
Z -0.5168 -0.0107  0.8560

PART 58
OFFSET -18.7000 -7.6614 -8.8574
SCALE 1 1 1
X  0.5564 -0.7893  0.2597
Y  0.6512  0.6084  0.4537
Z -0.5161 -0.0833  0.8525

PART 59
OFFSET -19.3285 -6.7699 -9.1508
SCALE 1 1 1
X -0.9141 -0.3157 -0.2543
Y -0.2619  0.9388 -0.2237
Z  0.3094 -0.1379 -0.9409

PART 60
OFFSET -19.7466 -9.1688 -10.8545
SCALE 1 1 1
X -0.3949 -0.8821 -0.2567
Y  0.7615 -0.4706  0.4458
Z -0.5141 -0.0194  0.8575

PART 61
OFFSET -18.9752 -7.4455 -10.3529
SCALE 1 1 1
X  0.5824 -0.7434  0.3290
Y  0.6524  0.6688  0.3563
Z -0.4850  0.0071  0.8745

PART 62
OFFSET -19.8258 -6.3597 -10.8335
SCALE 1 1 1
X  0.8734  0.1937  0.4468
Y -0.1433  0.9791 -0.1442
Z -0.4654  0.0619  0.8829

PART 63
OFFSET -20.8118 -6.5788 -11.3459
SCALE 1 1 1
X -0.5484 -0.7778 -0.3069
Y -0.7047  0.6275 -0.3310
Z  0.4501  0.0347 -0.8923

PART 64
OFFSET -14.9459 -7.6589 -4.8417
SCALE 1 1 1
X  0.9135 -0.0019  0.4068
Y -0.0025  0.9999  0.0104
Z -0.4068 -0.0106  0.9135

PART 65
OFFSET -14.9459 -7.6589 -4.8417
SCALE 1 1 1
X  0.9135 -0.0019  0.4068
Y -0.0025  0.9999  0.0104
Z -0.4068 -0.0106  0.9135

PART 66
OFFSET -16.0839 -7.9739 -5.0235
SCALE 1 1 1
X -0.1028 -0.9686  0.2263
Y  0.9135 -0.0019  0.4068
Z -0.3936  0.2486  0.8850

PART 67
OFFSET  6.0931 -7.6904  4.9847
SCALE 1 1 1
X  0.9135 -0.0019  0.4068
Y -0.0025  0.9999  0.0104
Z -0.4068 -0.0106  0.9135

PART 68
OFFSET -14.6182 -7.5756 -5.5770
SCALE 1 1 1
X  0.9135 -0.0019  0.4068
Y -0.0025  0.9999  0.0104
Z -0.4068 -0.0106  0.9135

PART 69
OFFSET -15.1098 -7.6635 -4.4420
SCALE 1 1 1
X  0.9135 -0.0019  0.4068
Y -0.0025  0.9999  0.0104
Z -0.4068 -0.0106  0.9135

PART 70
OFFSET -8.8337 -7.6504 -4.6609
SCALE 1 1 1
X  0.9135 -0.0019  0.4068
Y -0.0025  0.9999  0.0104
Z -0.4068 -0.0106  0.9135

PART 71
OFFSET -21.8868 -6.4406 -7.8794
SCALE 1 1 1
X  0.9135 -0.0019  0.4068
Y -0.0025  0.9999  0.0104
Z -0.4068 -0.0106  0.9135

PART 72
OFFSET -21.8865 -6.5695 -7.8807
SCALE 1 1 1
X  0.3255 -0.0090  0.9455
Y -0.0025  0.9999  0.0104
Z -0.9455 -0.0058  0.3254

PART 73
OFFSET -12.0443 -7.6936 -1.2997
SCALE 1 1 1
X  0.9135 -0.0019  0.4068
Y -0.0025  0.9999  0.0104
Z -0.4068 -0.0106  0.9135

PART 74
OFFSET -16.7280 -7.6224 -7.1626
SCALE 1 1 1
X  0.9135 -0.0019  0.4068
Y -0.0025  0.9999  0.0104
Z -0.4068 -0.0106  0.9135

PART 75
OFFSET -13.1436 -7.6828 -2.1209
SCALE 1 1 1
X -0.1028 -0.9686  0.2263
Y  0.9135 -0.0019  0.4068
Z -0.3936  0.2486  0.8850

PART 76
OFFSET -14.1735 -7.6811 -2.5265
SCALE 1 1 1
X  0.9135 -0.0019  0.4068
Y -0.0025  0.9999  0.0104
Z -0.4068 -0.0106  0.9135

PART 77
OFFSET -8.0630 -8.6062 -0.8032
SCALE 1 1 1
X  0.9135 -0.0019  0.4068
Y -0.2894  0.6996  0.6533
Z -0.2859 -0.7145  0.6385

PART 78
OFFSET -14.5834 -7.6868 -2.0786
SCALE 1 1 1
X  0.9135 -0.0019  0.4068
Y -0.0025  0.9999  0.0104
Z -0.4068 -0.0106  0.9135

PART 79
OFFSET  6.0931 -7.6904  4.9847
SCALE 1 1 1
X  0.0025 -0.9999 -0.0104
Y  0.9135 -0.0019  0.4068
Z -0.4068 -0.0106  0.9135

PART 80
OFFSET  12.0626 -7.7030  7.6432
SCALE 1 1 1
X  0.0025 -0.9999 -0.0104
Y  0.9135 -0.0019  0.4068
Z -0.4068 -0.0106  0.9135

PART 81
OFFSET -2.9522 -7.6405 -1.9973
SCALE 1 1 1
X  0.9135 -0.0019  0.4068
Y -0.0025  0.9999  0.0104
Z -0.4068 -0.0106  0.9135

PART 82
OFFSET -16.6427 -6.9015 -5.4745
SCALE 1 1 1
X  0.9135 -0.0019  0.4068
Y -0.0025  0.9999  0.0104
Z -0.4068 -0.0106  0.9135

PART 83
OFFSET -14.5893 -6.4596 -5.5455
SCALE 1 1 1
X  0.9135 -0.0019  0.4068
Y -0.0025  0.9999  0.0104
Z -0.4068 -0.0106  0.9135

PART 84
OFFSET -15.2496 -6.4582 -5.8395
SCALE 1 1 1
X  0.9135 -0.0019  0.4068
Y -0.0025  0.9999  0.0104
Z -0.4068 -0.0106  0.9135

PART 85
OFFSET -15.9113 -6.4568 -6.1342
SCALE 1 1 1
X  0.9135 -0.0019  0.4068
Y -0.0025  0.9999  0.0104
Z -0.4068 -0.0106  0.9135

PART 86
OFFSET -16.5730 -6.4554 -6.4289
SCALE 1 1 1
X  0.9135 -0.0019  0.4068
Y -0.0025  0.9999  0.0104
Z -0.4068 -0.0106  0.9135

PART 87
OFFSET -17.2347 -6.4540 -6.7235
SCALE 1 1 1
X  0.9135 -0.0019  0.4068
Y -0.0025  0.9999  0.0104
Z -0.4068 -0.0106  0.9135

PART 88
OFFSET -17.8964 -6.4526 -7.0182
SCALE 1 1 1
X  0.9135 -0.0019  0.4068
Y -0.0025  0.9999  0.0104
Z -0.4068 -0.0106  0.9135

PART 89
OFFSET  0.0000 -0.0000 -0.0000
SCALE 1 1 1
X  1.0000 -0.0000  0.0000
Y  0.0000  1.0000  0.0000
Z  0.0000 -0.0000  1.0000

PART 90
OFFSET  0.0000 -0.0000 -0.0000
SCALE 1 1 1
X  1.0000 -0.0000  0.0000
Y  0.0000  1.0000  0.0000
Z  0.0000 -0.0000  1.0000

PART 91
OFFSET  1.5404 -0.0000  4.1357
SCALE 1 1 1
X  1.0000 -0.0000  0.0000
Y  0.0000  1.0000  0.0000
Z  0.0000 -0.0000  1.0000

PART 92
OFFSET  0.0000 -0.0000 -0.0000
SCALE 1 1 1
X  1.0000 -0.0000  0.0000
Y  0.0000  1.0000  0.0000
Z  0.0000 -0.0000  1.0000


FRAME 243
PART 0
OFFSET -4.6318 -0.0000 -1.3770
SCALE 1 1 1
X  1.0000 -0.0000  0.0000
Y  0.0000  1.0000  0.0000
Z  0.0000 -0.0000  1.0000

PART 1
OFFSET  0.1218  5.5976 -6.6823
SCALE 1 1 1
X  0.4159  0.0819 -0.9057
Y  0.0008 -0.9960 -0.0897
Z -0.9094  0.0366 -0.4143

PART 2
OFFSET  5.1522  6.5879 -17.6357
SCALE 1 1 1
X  0.8774 -0.4795 -0.0144
Y -0.1262 -0.2597  0.9574
Z -0.4629 -0.8382 -0.2884

PART 3
OFFSET  12.6149  2.5091 -17.7586
SCALE 1 1 1
X  0.8774 -0.4795 -0.0144
Y  0.3107  0.5450  0.7787
Z -0.3656 -0.6877  0.6272

PART 4
OFFSET  14.7654  3.5571 -18.4228
SCALE 1 1 1
X  0.8794 -0.4757 -0.0194
Y  0.4621  0.8432  0.2746
Z -0.1143 -0.2505  0.9614

PART 5
OFFSET  13.3250  1.7367 -19.1859
SCALE 1 1 1
X  0.8794 -0.4757 -0.0194
Y  0.4621  0.8432  0.2746
Z -0.1143 -0.2505  0.9614

PART 6
OFFSET  15.1477  3.0812 -15.6815
SCALE 1 1 1
X  0.8794 -0.4757 -0.0194
Y  0.4621  0.8432  0.2746
Z -0.1143 -0.2505  0.9614

PART 7
OFFSET  13.7965  0.8226 -16.1677
SCALE 1 1 1
X  0.8794 -0.4757 -0.0194
Y  0.4621  0.8432  0.2746
Z -0.1143 -0.2505  0.9614

PART 8
OFFSET  13.2535  0.6679 -17.4013
SCALE 1 1 1
X  0.8794 -0.4757 -0.0194
Y  0.4621  0.8432  0.2746
Z -0.1143 -0.2505  0.9614

PART 9
OFFSET  15.3047  1.0390 -17.8029
SCALE 1 1 1
X  0.7662 -0.6388  0.0693
Y  0.3636  0.5199  0.7730
Z -0.5298 -0.5671  0.6306

PART 10
OFFSET  15.7827  1.0205 -16.7668
SCALE 1 1 1
X  0.3178 -0.3428  0.8840
Y  0.1519  0.9387  0.3095
Z -0.9359  0.0359  0.3503

PART 11
OFFSET  16.4314  0.3764 -14.8088
SCALE 1 1 1
X  0.3676 -0.8490  0.3797
Y  0.2155  0.4749  0.8533
Z -0.9047 -0.2318  0.3575

PART 12
OFFSET  16.9106 -1.0484 -14.2067
SCALE 1 1 1
X -0.0252 -0.9523 -0.3042
Y  0.3685 -0.2917  0.8827
Z -0.9293 -0.0899  0.3582

PART 13
OFFSET  16.8472 -2.0873 -14.5042
SCALE 1 1 1
X  0.6543 -0.7053 -0.2728
Y  0.6102  0.7055 -0.3606
Z  0.4468  0.0695  0.8919

PART 14
OFFSET  15.4567 -0.1729 -18.4445
SCALE 1 1 1
X  0.2822 -0.9481 -0.1463
Y -0.4944 -0.2745  0.8248
Z -0.8221 -0.1604 -0.5462

PART 15
OFFSET  16.1498 -2.3135 -18.5926
SCALE 1 1 1
X -0.3203 -0.1729  0.9314
Y -0.3182  0.9457  0.0662
Z -0.8923 -0.2752 -0.3579

PART 16
OFFSET  15.6964 -2.5583 -17.2739
SCALE 1 1 1
X -0.4375  0.6362  0.6355
Y  0.0037  0.7080 -0.7062
Z -0.8992 -0.3066 -0.3121

PART 17
OFFSET  15.3085 -1.9942 -16.7105
SCALE 1 1 1
X -0.1665  0.9459 -0.2784
Y  0.4181 -0.1880 -0.8887
Z -0.8930 -0.2644 -0.3642

PART 18
OFFSET  15.1503 -1.0956 -16.9750
SCALE 1 1 1
X -0.0060 -0.5672  0.8235
Y  0.3100 -0.7841 -0.5378
Z  0.9507  0.2520  0.1805

PART 19
OFFSET  15.9408  0.1113 -18.0036
SCALE 1 1 1
X  0.6143 -0.7710 -0.1677
Y -0.5609 -0.5762  0.5945
Z -0.5550 -0.2712 -0.7864

PART 20
OFFSET  17.3105 -2.0851 -18.2441
SCALE 1 1 1
X -0.5197 -0.2151  0.8269
Y -0.3127  0.9485  0.0502
Z -0.7951 -0.2324 -0.5602

PART 21
OFFSET  16.4258 -2.4513 -16.8364
SCALE 1 1 1
X -0.5728  0.5548  0.6035
Y  0.1502  0.7948 -0.5881
Z -0.8058 -0.2462 -0.5386

PART 22
OFFSET  15.6319 -1.6824 -16.0001
SCALE 1 1 1
X  0.0985  0.8402 -0.5333
Y  0.5888 -0.4812 -0.6495
Z -0.8023 -0.2500 -0.5421

PART 23
OFFSET  15.7387 -0.7712 -16.5784
SCALE 1 1 1
X -0.4565 -0.4258  0.7812
Y  0.4598 -0.8646 -0.2026
Z  0.7617  0.2668  0.5905

PART 24
OFFSET  17.9600 -0.4088 -16.0239
SCALE 1 1 1
X  0.5033 -0.8593  0.0910
Y  0.7434  0.3769 -0.5526
Z  0.4405  0.3458  0.8285

PART 25
OFFSET  18.7614 -0.8473 -17.1843
SCALE 1 1 1
X -0.4452 -0.5640  0.6954
Y -0.5503  0.7851  0.2844
Z -0.7064 -0.2561 -0.6599

PART 26
OFFSET  17.9775 -1.8404 -15.9598
SCALE 1 1 1
X -0.7416  0.2339  0.6288
Y -0.0411  0.9196 -0.3906
Z -0.6696 -0.3155 -0.6724

PART 27
OFFSET  17.1166 -1.5369 -15.1546
SCALE 1 1 1
X -0.2569  0.9576 -0.1304
Y  0.6442  0.0691 -0.7617
Z -0.7204 -0.2797 -0.6346

PART 28
OFFSET  16.8264 -0.4553 -15.3019
SCALE 1 1 1
X -0.7005 -0.4528  0.5516
Y  0.5318 -0.8467 -0.0197
Z  0.4759  0.2795  0.8339

PART 29
OFFSET  18.1902 -1.4450 -17.9171
SCALE 1 1 1
X -0.4637 -0.4308  0.7742
Y -0.5194  0.8401  0.1564
Z -0.7178 -0.3296 -0.6133

PART 30
OFFSET  17.2844 -2.2865 -16.4046
SCALE 1 1 1
X -0.6900  0.4888  0.5338
Y  0.1541  0.8198 -0.5515
Z -0.7072 -0.2983 -0.6410

PART 31
OFFSET  16.2765 -1.5725 -15.6250
SCALE 1 1 1
X  0.0025  0.9579 -0.2871
Y  0.7905 -0.1777 -0.5861
Z -0.6124 -0.2255 -0.7577

PART 32
OFFSET  16.2745 -0.4891 -15.9551
SCALE 1 1 1
X -0.4677 -0.6066  0.6429
Y  0.5560 -0.7673 -0.3195
Z  0.6871  0.2080  0.6961

PART 33
OFFSET  16.3787 -1.8373 -17.0706
SCALE 1 1 1
X -0.6120 -0.2592 -0.7472
Y  0.5298  0.5671 -0.6306
Z  0.5872 -0.7818 -0.2097

PART 34
OFFSET -30.4874 -7.9373 -1.9159
SCALE 1 1 1
X  0.1798  0.0710  0.9811
Y -0.5025 -0.8508  0.1537
Z  0.8457 -0.5207 -0.1173

PART 35
OFFSET -32.6619 -8.7963 -13.7816
SCALE 1 1 1
X -0.9992 -0.0017 -0.0401
Y  0.0401 -0.0724 -0.9966
Z -0.0013 -0.9974  0.0724

PART 36
OFFSET -24.1634 -8.7822 -13.4405
SCALE 1 1 1
X -0.9992 -0.0017 -0.0401
Y  0.0401  0.0225 -0.9989
Z  0.0026 -0.9997 -0.0224

PART 37
OFFSET -22.7546 -7.5845 -12.7287
SCALE 1 1 1
X -0.9994  0.0015 -0.0344
Y  0.0035  0.9983 -0.0580
Z  0.0342 -0.0581 -0.9977

PART 38
OFFSET -22.4101 -8.1191 -11.7132
SCALE 1 1 1
X -0.9994  0.0015 -0.0344
Y  0.0035  0.9983 -0.0580
Z  0.0342 -0.0581 -0.9977

PART 39
OFFSET -22.3036 -9.4559 -11.8283
SCALE 1 1 1
X -0.9994  0.0015 -0.0344
Y  0.0035  0.9983 -0.0580
Z  0.0342 -0.0581 -0.9977

PART 40
OFFSET -21.1001 -8.7771 -13.3175
SCALE 1 1 1
X -0.7165  0.0184 -0.6973
Y  0.6974  0.0429 -0.7154
Z  0.0167 -0.9989 -0.0436

PART 41
OFFSET -21.4576 -8.4166 -12.2956
SCALE 1 1 1
X -0.2666 -0.6331 -0.7267
Y  0.9135  0.0744 -0.3999
Z  0.3072 -0.7705  0.5586

PART 42
OFFSET -20.9907 -7.0149 -10.7186
SCALE 1 1 1
X -0.8147 -0.3502 -0.4622
Y  0.5781 -0.4286 -0.6944
Z  0.0450 -0.8329  0.5516

PART 43
OFFSET -19.6460 -6.3819 -10.0756
SCALE 1 1 1
X -0.9729 -0.0714  0.2199
Y -0.1371 -0.5877 -0.7973
Z  0.1862 -0.8059  0.5620

PART 44
OFFSET -18.6001 -6.2579 -10.3256
SCALE 1 1 1
X -0.8660  0.3439 -0.3630
Y  0.4614  0.8293 -0.3153
Z  0.1926 -0.4405 -0.8768

PART 45
OFFSET -19.7505 -8.5449 -13.4847
SCALE 1 1 1
X -0.9849 -0.0523 -0.1652
Y  0.0492 -0.9985  0.0224
Z -0.1661  0.0139  0.9860

PART 46
OFFSET -17.5678 -8.3030 -12.9726
SCALE 1 1 1
X -0.3014 -0.8345 -0.4612
Y  0.8357 -0.4641  0.2936
Z -0.4590 -0.2969  0.8373

PART 47
OFFSET -17.1411 -7.1215 -12.3197
SCALE 1 1 1
X  0.5132 -0.8577 -0.0301
Y  0.7422  0.4259  0.5174
Z -0.4310 -0.2879  0.8552

PART 48
OFFSET -17.5962 -6.3610 -12.2930
SCALE 1 1 1
X  0.8990  0.1152  0.4225
Y -0.2084  0.9611  0.1814
Z -0.3851 -0.2511  0.8880

PART 49
OFFSET -18.4503 -6.4704 -12.6944
SCALE 1 1 1
X -0.5011 -0.6551 -0.5654
Y -0.7845  0.6197 -0.0227
Z  0.3653  0.4322 -0.8245

PART 50
OFFSET -20.0540 -8.7170 -12.8620
SCALE 1 1 1
X -0.8959 -0.0017 -0.4442
Y  0.0008 -1.0000  0.0022
Z -0.4442  0.0016  0.8959

PART 51
OFFSET -17.6627 -8.7349 -11.8422
SCALE 1 1 1
X -0.2189 -0.9424 -0.2528
Y  0.8674 -0.3066  0.3920
Z -0.4469 -0.1335  0.8846

PART 52
OFFSET -17.2901 -7.1304 -11.4119
SCALE 1 1 1
X  0.6705 -0.7064  0.2267
Y  0.5822  0.6904  0.4294
Z -0.4598 -0.1559  0.8742

PART 53
OFFSET -18.2193 -6.1514 -11.7261
SCALE 1 1 1
X  0.7907  0.3728  0.4856
Y -0.3990  0.9154 -0.0531
Z -0.4643 -0.1517  0.8726

PART 54
OFFSET -19.0769 -6.5557 -12.2527
SCALE 1 1 1
X -0.4428 -0.8358 -0.3246
Y -0.7598  0.5420 -0.3592
Z  0.4762  0.0875 -0.8750

PART 55
OFFSET -24.6630 -9.2721 -15.6381
SCALE 1 1 1
X -0.8044 -0.2687 -0.5299
Y -0.1969  0.9620 -0.1889
Z  0.5605 -0.0476 -0.8268

PART 56
OFFSET -18.8279 -9.2525 -10.0770
SCALE 1 1 1
X -0.7892 -0.3017 -0.5349
Y  0.3018 -0.9491  0.0900
Z -0.5348 -0.0905  0.8401

PART 57
OFFSET -17.4384 -8.7213 -9.1352
SCALE 1 1 1
X -0.2339 -0.9523 -0.1958
Y  0.8040 -0.3027  0.5118
Z -0.5467 -0.0377  0.8365

PART 58
OFFSET -17.1872 -7.5659 -8.8463
SCALE 1 1 1
X  0.5529 -0.7924  0.2578
Y  0.6300  0.6000  0.4930
Z -0.5453 -0.1102  0.8310

PART 59
OFFSET -17.8117 -6.6709 -9.1375
SCALE 1 1 1
X -0.9021 -0.3147 -0.2952
Y -0.2610  0.9428 -0.2073
Z  0.3436 -0.1099 -0.9327

PART 60
OFFSET -18.1508 -9.0248 -10.9197
SCALE 1 1 1
X -0.3787 -0.8774 -0.2946
Y  0.7488 -0.4775  0.4596
Z -0.5439 -0.0465  0.8378

PART 61
OFFSET -17.4109 -7.3108 -10.3442
SCALE 1 1 1
X  0.5760 -0.7482  0.3292
Y  0.6342  0.6631  0.3974
Z -0.5157 -0.0202  0.8566

PART 62
OFFSET -18.2523 -6.2179 -10.8250
SCALE 1 1 1
X  0.8555  0.1872  0.4827
Y -0.1456  0.9817 -0.1225
Z -0.4968  0.0345  0.8672

PART 63
OFFSET -19.2178 -6.4295 -11.3780
SCALE 1 1 1
X -0.5312 -0.7727 -0.3473
Y -0.6974  0.6316 -0.3387
Z  0.4811  0.0623 -0.8744

PART 64
OFFSET -13.5778 -7.6486 -4.7009
SCALE 1 1 1
X  0.8985 -0.0070  0.4389
Y -0.0106  0.9992  0.0376
Z -0.4388 -0.0384  0.8978

PART 65
OFFSET -13.5778 -7.6486 -4.7009
SCALE 1 1 1
X  0.8985 -0.0070  0.4389
Y -0.0106  0.9992  0.0376
Z -0.4388 -0.0384  0.8978

PART 66
OFFSET -14.7062 -7.9661 -4.9316
SCALE 1 1 1
X -0.1033 -0.9751  0.1961
Y  0.8985 -0.0070  0.4389
Z -0.4266  0.2215  0.8769

PART 67
OFFSET  7.0997 -7.8091  5.8641
SCALE 1 1 1
X  0.8985 -0.0070  0.4389
Y -0.0106  0.9992  0.0376
Z -0.4388 -0.0384  0.8978

PART 68
OFFSET -13.2249 -7.5429 -5.4215
SCALE 1 1 1
X  0.8985 -0.0070  0.4389
Y -0.0106  0.9992  0.0376
Z -0.4388 -0.0384  0.8978

PART 69
OFFSET -13.7557 -7.6653 -4.3075
SCALE 1 1 1
X  0.8985 -0.0070  0.4389
Y -0.0106  0.9992  0.0376
Z -0.4388 -0.0384  0.8978

PART 70
OFFSET -7.4760 -7.6041 -4.3024
SCALE 1 1 1
X  0.8985 -0.0070  0.4389
Y -0.0106  0.9992  0.0376
Z -0.4388 -0.0384  0.8978

PART 71
OFFSET -20.4159 -6.3938 -7.9495
SCALE 1 1 1
X  0.8985 -0.0070  0.4389
Y -0.0106  0.9992  0.0376
Z -0.4388 -0.0384  0.8978

PART 72
OFFSET -20.4146 -6.5227 -7.9543
SCALE 1 1 1
X  0.2919 -0.0328  0.9559
Y -0.0106  0.9992  0.0376
Z -0.9564 -0.0211  0.2913

PART 73
OFFSET -10.8032 -7.7612 -1.0600
SCALE 1 1 1
X  0.8985 -0.0070  0.4389
Y -0.0106  0.9992  0.0376
Z -0.4388 -0.0384  0.8978

PART 74
OFFSET -15.2768 -7.5602 -7.0819
SCALE 1 1 1
X  0.8985 -0.0070  0.4389
Y -0.0106  0.9992  0.0376
Z -0.4388 -0.0384  0.8978

PART 75
OFFSET -11.8728 -7.7352 -1.9193
SCALE 1 1 1
X -0.1033 -0.9751  0.1961
Y  0.8985 -0.0070  0.4389
Z -0.4266  0.2215  0.8769

PART 76
OFFSET -12.8877 -7.7293 -2.3611
SCALE 1 1 1
X  0.8985 -0.0070  0.4389
Y -0.0106  0.9992  0.0376
Z -0.4388 -0.0384  0.8978

PART 77
OFFSET -6.8352 -8.6604 -0.4472
SCALE 1 1 1
X  0.8985 -0.0070  0.4389
Y -0.3178  0.6794  0.6614
Z -0.3028 -0.7337  0.6082

PART 78
OFFSET -13.3131 -7.7501 -1.9284
SCALE 1 1 1
X  0.8985 -0.0070  0.4389
Y -0.0106  0.9992  0.0376
Z -0.4388 -0.0384  0.8978

PART 79
OFFSET  7.0997 -7.8091  5.8641
SCALE 1 1 1
X  0.0106 -0.9992 -0.0376
Y  0.8985 -0.0070  0.4389
Z -0.4388 -0.0384  0.8978

PART 80
OFFSET  12.9712 -7.8548  8.7320
SCALE 1 1 1
X  0.0106 -0.9992 -0.0376
Y  0.8985 -0.0070  0.4389
Z -0.4388 -0.0384  0.8978

PART 81
OFFSET -1.6928 -7.6279 -1.4317
SCALE 1 1 1
X  0.8985 -0.0070  0.4389
Y -0.0106  0.9992  0.0376
Z -0.4388 -0.0384  0.8978

PART 82
OFFSET -15.2569 -6.8855 -5.3728
SCALE 1 1 1
X  0.8985 -0.0070  0.4389
Y -0.0106  0.9992  0.0376
Z -0.4388 -0.0384  0.8978

PART 83
OFFSET -13.2057 -6.4280 -5.3585
SCALE 1 1 1
X  0.8985 -0.0070  0.4389
Y -0.0106  0.9992  0.0376
Z -0.4388 -0.0384  0.8978

PART 84
OFFSET -13.8551 -6.4230 -5.6758
SCALE 1 1 1
X  0.8985 -0.0070  0.4389
Y -0.0106  0.9992  0.0376
Z -0.4388 -0.0384  0.8978

PART 85
OFFSET -14.5060 -6.4179 -5.9937
SCALE 1 1 1
X  0.8985 -0.0070  0.4389
Y -0.0106  0.9992  0.0376
Z -0.4388 -0.0384  0.8978

PART 86
OFFSET -15.1568 -6.4129 -6.3116
SCALE 1 1 1
X  0.8985 -0.0070  0.4389
Y -0.0106  0.9992  0.0376
Z -0.4388 -0.0384  0.8978

PART 87
OFFSET -15.8077 -6.4078 -6.6295
SCALE 1 1 1
X  0.8985 -0.0070  0.4389
Y -0.0106  0.9992  0.0376
Z -0.4388 -0.0384  0.8978

PART 88
OFFSET -16.4585 -6.4027 -6.9474
SCALE 1 1 1
X  0.8985 -0.0070  0.4389
Y -0.0106  0.9992  0.0376
Z -0.4388 -0.0384  0.8978

PART 89
OFFSET  0.0000 -0.0000 -0.0000
SCALE 1 1 1
X  1.0000 -0.0000  0.0000
Y  0.0000  1.0000  0.0000
Z  0.0000 -0.0000  1.0000

PART 90
OFFSET  0.0000 -0.0000 -0.0000
SCALE 1 1 1
X  1.0000 -0.0000  0.0000
Y  0.0000  1.0000  0.0000
Z  0.0000 -0.0000  1.0000

PART 91
OFFSET  1.5404 -0.0000  4.1357
SCALE 1 1 1
X  1.0000 -0.0000  0.0000
Y  0.0000  1.0000  0.0000
Z  0.0000 -0.0000  1.0000

PART 92
OFFSET  0.0000 -0.0000 -0.0000
SCALE 1 1 1
X  1.0000 -0.0000  0.0000
Y  0.0000  1.0000  0.0000
Z  0.0000 -0.0000  1.0000


FRAME 244
PART 0
OFFSET -4.6318 -0.0000 -1.3770
SCALE 1 1 1
X  1.0000 -0.0000  0.0000
Y  0.0000  1.0000  0.0000
Z  0.0000 -0.0000  1.0000

PART 1
OFFSET  0.1218  5.5976 -6.6823
SCALE 1 1 1
X  0.4151  0.0824 -0.9060
Y  0.0015 -0.9960 -0.0898
Z -0.9098  0.0359 -0.4135

PART 2
OFFSET  5.1419  6.5937 -17.6399
SCALE 1 1 1
X  0.8780 -0.4783 -0.0173
Y -0.1233 -0.2609  0.9574
Z -0.4624 -0.8385 -0.2881

PART 3
OFFSET  12.6099  2.5256 -17.7868
SCALE 1 1 1
X  0.8780 -0.4783 -0.0173
Y  0.3107  0.5422  0.7807
Z -0.3640 -0.6908  0.6247

PART 4
OFFSET  14.7572  3.5773 -18.4555
SCALE 1 1 1
X  0.8800 -0.4744 -0.0222
Y  0.4617  0.8435  0.2744
Z -0.1114 -0.2517  0.9614

PART 5
OFFSET  13.3175  1.7558 -19.2169
SCALE 1 1 1
X  0.8800 -0.4744 -0.0222
Y  0.4617  0.8435  0.2744
Z -0.1114 -0.2517  0.9614

PART 6
