// Export filename: `C:\projects\cod\t5\xanim_export\t5_viewmodels\spas12\spas12_sprint_loop.XANIM_EXPORT`
// Source filename: `D:\projects\devanim\t5\animation_assets\viewmodels/spas12/ViewModel_Spas12_animated.fbx`
// Export time: Sat Sep 11 16:00:50 2010

ANIMATION
VERSION 3

NUMPARTS 78
PART 0 "tag_ads"
PART 1 "tag_torso"
PART 2 "J_Shoulder_LE"
PART 3 "J_Elbow_LE"
PART 4 "J_WristTwist_LE"
PART 5 "J_Sleave_Reshape_Bottom_LE_1"
PART 6 "J_Sleave_Reshape_Bottom_LE_2"
PART 7 "J_Sleave_Reshape_Top_LE_1"
PART 8 "J_Sleave_Reshape_Top_LE_2"
PART 9 "J_Sleave_Reshape_Top_LE_3"
PART 10 "J_Wrist_LE"
PART 11 "J_Thumb_LE_0"
PART 12 "J_Thumb_LE_1"
PART 13 "J_Thumb_LE_2"
PART 14 "J_Thumb_LE_3"
PART 15 "J_PinkyPalm_LE"
PART 16 "J_Pinky_LE_0"
PART 17 "J_Pinky_LE_1"
PART 18 "J_Pinky_LE_2"
PART 19 "J_Pinky_LE_3"
PART 20 "J_RingPalm_LE"
PART 21 "J_Ring_LE_0"
PART 22 "J_Ring_LE_1"
PART 23 "J_Ring_LE_2"
PART 24 "J_Ring_LE_3"
PART 25 "J_Webbing_LE"
PART 26 "J_Index_LE_0"
PART 27 "J_Index_LE_1"
PART 28 "J_Index_LE_2"
PART 29 "J_Index_LE_3"
PART 30 "J_Mid_LE_0"
PART 31 "J_Mid_LE_1"
PART 32 "J_Mid_LE_2"
PART 33 "J_Mid_LE_3"
PART 34 "tag_knife_attach"
PART 35 "tag_weapon"
PART 36 "J_Gun"
PART 37 "TAG_CLIP"
PART 38 "J_Bolt"
PART 39 "J_pump"
PART 40 "J_ring"
PART 41 "J_stock"
PART 42 "J_stocktop"
PART 43 "J_Load"
PART 44 "tag_iron_sights"
PART 45 "J_Shoulder_RI"
PART 46 "J_Elbow_RI"
PART 47 "J_WristTwist_RI"
PART 48 "J_Sleave_Reshape_Top_RI_3"
PART 49 "J_Sleave_Reshape_Top_RI_2"
PART 50 "J_Sleave_Reshape_Top_RI_1"
PART 51 "J_Wrist_RI"
PART 52 "J_Thumb_RI_0"
PART 53 "J_Thumb_RI_1"
PART 54 "J_Thumb_RI_2"
PART 55 "J_Thumb_RI_3"
PART 56 "J_PinkyPalm_RI"
PART 57 "J_Pinky_RI_0"
PART 58 "J_Pinky_RI_1"
PART 59 "J_Pinky_RI_2"
PART 60 "J_Pinky_RI_3"
PART 61 "J_RingPalm_RI"
PART 62 "J_Ring_RI_0"
PART 63 "J_Ring_RI_1"
PART 64 "J_Ring_RI_2"
PART 65 "J_Ring_RI_3"
PART 66 "J_Webbing_RI"
PART 67 "J_Index_RI_0"
PART 68 "J_Index_RI_1"
PART 69 "J_Index_RI_2"
PART 70 "J_Index_RI_3"
PART 71 "J_Mid_RI_0"
PART 72 "J_Mid_RI_1"
PART 73 "J_Mid_RI_2"
PART 74 "J_Mid_RI_3"
PART 75 "tag_cambone"
PART 76 "tag_camera"
PART 77 "tag_gasmask"

FRAMERATE 30
NUMFRAMES 31

FRAME 710
PART 0
OFFSET  0.0000 -0.0000 -0.0000
X  1.0000 -0.0000  0.0000
Y  0.0000  1.0000  0.0000
Z  0.0000 -0.0000  1.0000

PART 1
OFFSET -4.6318 -0.0000 -1.3770
X  1.0000 -0.0000  0.0000
Y  0.0000  1.0000  0.0000
Z  0.0000 -0.0000  1.0000

PART 2
OFFSET -2.1458  5.0340 -5.9168
X  0.5627  0.3784 -0.7350
Y  0.2002 -0.9250 -0.3230
Z -0.8021  0.0346 -0.5962

PART 3
OFFSET  4.6595  9.6103 -14.8055
X  0.8239 -0.4780  0.3043
Y -0.5149 -0.4074  0.7543
Z -0.2366 -0.7782 -0.5818

PART 4
OFFSET  11.6675  5.5443 -12.2176
X  0.8239 -0.4780  0.3043
Y  0.5459  0.8136 -0.2000
Z -0.1519  0.3309  0.9314

PART 5
OFFSET  13.1950  6.6256 -11.9914
X  0.8277 -0.4735  0.3014
Y  0.2417  0.7853  0.5700
Z -0.5065 -0.3990  0.7644

PART 6
OFFSET  12.9768  5.0027 -13.2810
X  0.8277 -0.4735  0.3014
Y  0.2417  0.7853  0.5700
Z -0.5065 -0.3990  0.7644

PART 7
OFFSET  12.2939  5.2543 -9.9805
X  0.8277 -0.4735  0.3014
Y  0.2417  0.7853  0.5700
Z -0.5065 -0.3990  0.7644

PART 8
OFFSET  12.1667  3.5621 -10.6948
X  0.8277 -0.4735  0.3014
Y  0.2417  0.7853  0.5700
Z -0.5065 -0.3990  0.7644

PART 9
OFFSET  12.2007  3.6648 -11.8881
X  0.8277 -0.4735  0.3014
Y  0.2417  0.7853  0.5700
Z -0.5065 -0.3990  0.7644

PART 10
OFFSET  14.1935  4.0788 -11.2848
X  0.9150  0.1972 -0.3519
Y -0.1656  0.9791  0.1179
Z  0.3678 -0.0496  0.9286

PART 11
OFFSET  14.5963  5.0920 -10.9480
X  0.8076  0.5801  0.1060
Y -0.5844  0.8113  0.0124
Z -0.0788 -0.0719  0.9943

PART 12
OFFSET  16.2763  6.4209 -10.6627
X  0.9446  0.2448 -0.2188
Y -0.1881  0.9497  0.2505
Z  0.2692 -0.1955  0.9431

PART 13
OFFSET  17.8425  6.7375 -10.9254
X  0.7865  0.6108 -0.0919
Y -0.5951  0.7892  0.1521
Z  0.1654 -0.0649  0.9841

PART 14
OFFSET  18.6904  7.4085 -10.9771
X  0.3517  0.6552 -0.6686
Y -0.4017 -0.5395 -0.7400
Z -0.8455  0.5288  0.0734

PART 15
OFFSET  15.2195  3.1872 -11.5212
X  0.9025 -0.3921  0.1782
Y -0.1439  0.1156  0.9828
Z -0.4060 -0.9126  0.0479

PART 16
OFFSET  17.2887  2.4533 -11.0072
X  0.1114  0.0918  0.9895
Y -0.9435  0.3224  0.0763
Z -0.3120 -0.9422  0.1225

PART 17
OFFSET  17.4464  2.5832 -9.6062
X -0.6473  0.3187  0.6925
Y -0.7079  0.0856 -0.7011
Z -0.2827 -0.9440  0.1702

PART 18
OFFSET  16.8725  2.8658 -8.9923
X -0.5162  0.2786  0.8099
Y -0.7931  0.2016 -0.5748
Z -0.3234 -0.9390  0.1169

PART 19
OFFSET  16.3821  3.1304 -8.2228
X  0.9394 -0.2038 -0.2755
Y -0.3074 -0.1458 -0.9403
Z  0.1515  0.9681 -0.1996

PART 20
OFFSET  15.2593  3.8882 -11.6499
X  0.9239 -0.1134 -0.3655
Y  0.3559 -0.0965  0.9295
Z -0.1407 -0.9889 -0.0488

PART 21
OFFSET  17.7912  3.3937 -11.9710
X  0.6544 -0.1374  0.7435
Y -0.7011  0.2582  0.6647
Z -0.2833 -0.9563  0.0727

PART 22
OFFSET  18.9054  3.1598 -10.7051
X -0.5880  0.2289  0.7758
Y -0.7664  0.1491 -0.6249
Z -0.2587 -0.9620  0.0877

PART 23
OFFSET  18.0905  3.4771 -9.6299
X -0.5234  0.2095  0.8259
Y -0.8128  0.1683 -0.5578
Z -0.2559 -0.9632  0.0822

PART 24
OFFSET  17.5228  3.7043 -8.7342
X  0.8805 -0.3152 -0.3540
Y -0.3541  0.0591 -0.9333
Z  0.3151  0.9472 -0.0596

PART 25
OFFSET  16.9484  6.2147 -11.6848
X  0.9953 -0.0176 -0.0957
Y -0.0923  0.1430 -0.9854
Z  0.0311  0.9896  0.1407

PART 26
OFFSET  17.4973  5.6040 -12.9123
X  0.9903 -0.1084  0.0870
Y -0.1243 -0.4119  0.9027
Z -0.0620 -0.9048 -0.4214

PART 27
OFFSET  19.2408  5.4132 -12.7592
X  0.9786 -0.1780  0.1030
Y -0.1745 -0.4543  0.8736
Z -0.1087 -0.8729 -0.4756

PART 28
OFFSET  20.4372  5.2498 -12.6051
X  0.8472 -0.2308  0.4785
Y -0.5312 -0.3772  0.7586
Z  0.0054 -0.8969 -0.4421

PART 29
OFFSET  21.3941  4.9892 -12.0646
X  0.2053  0.1633 -0.9650
Y -0.9601  0.2252 -0.1661
Z  0.1902  0.9605  0.2030

PART 30
OFFSET  17.6454  4.5119 -12.8361
X  0.9354 -0.0842  0.3435
Y -0.3280  0.1572  0.9315
Z -0.1324 -0.9840  0.1195

PART 31
OFFSET  19.4727  4.3475 -12.1650
X  0.3684  0.0499  0.9283
Y -0.9118  0.2141  0.3503
Z -0.1813 -0.9755  0.1244

PART 32
OFFSET  20.0108  4.4204 -10.8091
X -0.2750  0.1789  0.9447
Y -0.9330  0.1877 -0.3071
Z -0.2322 -0.9658  0.1153

PART 33
OFFSET  19.6983  4.6160 -9.7381
X  0.8216 -0.1953 -0.5356
Y -0.5528 -0.0437 -0.8322
Z  0.1392  0.9798 -0.1438

PART 34
OFFSET  17.3241  4.0102 -10.8874
X -0.1701 -0.9853  0.0148
Y -0.3678  0.0496 -0.9286
Z  0.9142 -0.1634 -0.3709

PART 35
OFFSET  10.4849  1.0668 -6.3818
X  0.8116  0.4747 -0.3405
Y -0.5808  0.7184 -0.3828
Z  0.0629  0.5085  0.8588

PART 36
OFFSET  10.4849  1.0668 -6.3818
X  0.8116  0.4747 -0.3405
Y -0.5808  0.7184 -0.3828
Z  0.0629  0.5085  0.8588

PART 37
OFFSET -184.6604 -181.9758 -53.8635
X -0.0629 -0.5085 -0.8588
Y -0.5808  0.7184 -0.3828
Z  0.8116  0.4747 -0.3405

PART 38
OFFSET  10.5225  1.2925 -6.0153
X  0.8116  0.4747 -0.3405
Y -0.5808  0.7184 -0.3828
Z  0.0629  0.5085  0.8588

PART 39
OFFSET  14.6167  2.3831 -10.1670
X  0.8116  0.4747 -0.3405
Y -0.5808  0.7184 -0.3828
Z  0.0629  0.5085  0.8588

PART 40
OFFSET  3.7117 -1.7401 -4.1819
X  0.5995  0.6956  0.3959
Y -0.5808  0.7184 -0.3828
Z -0.5507 -0.0004  0.8347

PART 41
OFFSET  3.6368 -1.6475 -4.2313
X  0.8116  0.4747 -0.3405
Y -0.5808  0.7184 -0.3828
Z  0.0629  0.5085  0.8588

PART 42
OFFSET  13.9380  4.0506 -6.0079
X  0.8116  0.4747 -0.3405
Y -0.5808  0.7184 -0.3828
Z  0.0629  0.5085  0.8588

PART 43
OFFSET  8.2997 -0.8517 -6.7108
X  0.8116  0.4747 -0.3405
Y -0.5808  0.7184 -0.3828
Z  0.0629  0.5085  0.8588

PART 44
OFFSET  12.8297  3.2648 -5.8144
X  0.5773 -0.5623  0.5920
Y  0.8116  0.4747 -0.3405
Z -0.0896  0.6771  0.7304

PART 45
OFFSET -12.9782 -7.9373 -1.9159
X -0.4855  0.0118  0.8742
Y -0.3895 -0.8981 -0.2042
Z  0.7827 -0.4396  0.4406

PART 46
OFFSET -7.1071 -8.0804 -12.4881
X -0.8265 -0.0803 -0.5571
Y  0.5592 -0.0049 -0.8290
Z  0.0638 -0.9968  0.0489

PART 47
OFFSET -0.0770 -7.3976 -7.7495
X -0.8265 -0.0803 -0.5571
Y  0.5545  0.0540 -0.8304
Z  0.0967 -0.9953 -0.0001

PART 48
OFFSET  0.6250 -6.1376 -6.3913
X -0.8300 -0.0775 -0.5523
Y -0.0695  0.9970 -0.0354
Z  0.5534  0.0090 -0.8329

PART 49
OFFSET  0.4446 -6.7066 -5.3523
X -0.8300 -0.0775 -0.5523
Y -0.0695  0.9970 -0.0354
Z  0.5534  0.0090 -0.8329

PART 50
OFFSET  0.7320 -8.0199 -5.4107
X -0.8300 -0.0775 -0.5523
Y -0.0695  0.9970 -0.0354
Z  0.5534  0.0090 -0.8329

PART 51
OFFSET  2.4569 -7.1515 -6.0416
X -0.7905 -0.6099  0.0553
Y  0.1887 -0.3286 -0.9254
Z  0.5826 -0.7211  0.3749

PART 52
OFFSET  2.3911 -6.2640 -5.3273
X -0.1001 -0.9950  0.0013
Y  0.4465 -0.0461 -0.8936
Z  0.8892 -0.0889  0.4489

PART 53
OFFSET  2.5132 -4.1074 -5.2659
X -0.5513 -0.7226  0.4170
Y  0.3900 -0.6650 -0.6369
Z  0.7376 -0.1885  0.6484

PART 54
OFFSET  3.3437 -2.9593 -6.0497
X -0.5607 -0.0880  0.8234
Y -0.0628 -0.9870 -0.1483
Z  0.8257 -0.1348  0.5478

PART 55
OFFSET  3.9133 -2.8412 -6.9626
X -0.9572 -0.1817  0.2253
Y -0.2846  0.4486 -0.8472
Z  0.0529 -0.8751 -0.4811

PART 56
OFFSET  3.2102 -6.8415 -7.1551
X -0.7309 -0.3435  0.5898
Y  0.6312 -0.6689  0.3927
Z  0.2596  0.6592  0.7057

PART 57
OFFSET  4.8128 -5.8918 -8.4256
X  0.0975 -0.9581  0.2694
Y  0.9794  0.0442 -0.1973
Z  0.1771  0.2830  0.9426

PART 58
OFFSET  4.6748 -4.5353 -8.8069
X  0.8562 -0.5165 -0.0123
Y  0.4769  0.7993 -0.3656
Z  0.1986  0.3071  0.9307

PART 59
OFFSET  3.9156 -4.0774 -8.7960
X  0.7337  0.5483 -0.4013
Y -0.6421  0.7527 -0.1455
Z  0.2223  0.3644  0.9043

PART 60
OFFSET  3.2186 -4.5984 -8.4147
X -0.1902 -0.9446  0.2675
Y -0.9288  0.2614  0.2627
Z -0.3181 -0.1985 -0.9271

PART 61
OFFSET  3.3400 -6.5897 -6.4999
X -0.8068 -0.4839  0.3391
Y  0.5898 -0.6934  0.4139
Z  0.0349  0.5340  0.8448

PART 62
OFFSET  5.4417 -5.4285 -7.4964
X  0.3009 -0.8728  0.3844
Y  0.9475  0.2279 -0.2241
Z  0.1080  0.4317  0.8955

PART 63
OFFSET  4.9294 -3.9427 -8.1509
X  0.9789 -0.2028 -0.0256
Y  0.1736  0.8909 -0.4197
Z  0.1079  0.4064  0.9073

PART 64
OFFSET  3.5728 -3.6616 -8.1154
X  0.5301  0.7499 -0.3959
Y -0.8418  0.5214 -0.1396
Z  0.1017  0.4073  0.9076

PART 65
OFFSET  2.9979 -4.4748 -7.6860
X  0.0516 -0.8922  0.4488
Y -0.9971 -0.0206  0.0737
Z -0.0565 -0.4513 -0.8906

PART 66
OFFSET -0.6806 -9.7986 -4.8278
X -0.6183 -0.7108  0.3353
Y -0.7793  0.4994 -0.3785
Z  0.1016 -0.4953 -0.8628

PART 67
OFFSET  5.6114 -4.7952 -5.4199
X -0.5902 -0.7343  0.3355
Y  0.8073 -0.5383  0.2419
Z  0.0030  0.4136  0.9105

PART 68
OFFSET  6.6505 -3.5024 -6.0106
X  0.3183 -0.8432  0.4333
Y  0.9472  0.3011 -0.1098
Z -0.0379  0.4454  0.8945

PART 69
OFFSET  6.2612 -2.4503 -6.4831
X  0.9584 -0.2641  0.1086
Y  0.2855  0.8815 -0.3762
Z  0.0036  0.3915  0.9202

PART 70
OFFSET  5.1788 -2.1520 -6.6057
X -0.5687 -0.5996  0.5630
Y -0.8206  0.4608 -0.3382
Z -0.0567 -0.6543 -0.7541

PART 71
OFFSET  5.6273 -5.0873 -6.4852
X  0.1331 -0.8877  0.4407
Y  0.9906  0.1327 -0.0319
Z -0.0302  0.4408  0.8971

PART 72
OFFSET  5.3673 -3.3531 -7.3461
X  0.9767 -0.1795  0.1180
Y  0.2140  0.8601 -0.4631
Z -0.0183  0.4776  0.8784

PART 73
OFFSET  3.9408 -3.0909 -7.5185
X  0.6841  0.6316 -0.3649
Y -0.7286  0.5691 -0.3811
Z -0.0330  0.5266  0.8495

PART 74
OFFSET  3.1657 -3.8095 -7.1114
X -0.0570 -0.8814  0.4689
Y -0.9977  0.0682  0.0067
Z -0.0379 -0.4674 -0.8832

PART 75
OFFSET  0.0000 -0.0000 -0.0000
X  1.0000 -0.0000  0.0000
Y  0.0000  1.0000  0.0000
Z  0.0000 -0.0000  1.0000

PART 76
OFFSET  0.0000 -0.0000 -0.0000
X  1.0000 -0.0000  0.0000
Y  0.0000  1.0000  0.0000
Z  0.0000 -0.0000  1.0000

PART 77
OFFSET  1.5404 -0.0000  4.1357
X  1.0000 -0.0000  0.0000
Y  0.0000  1.0000  0.0000
Z  0.0000 -0.0000  1.0000


FRAME 711
PART 0
OFFSET  0.0000 -0.0000 -0.0000
X  1.0000 -0.0000  0.0000
Y  0.0000  1.0000  0.0000
Z  0.0000 -0.0000  1.0000

PART 1
OFFSET -4.6318 -0.0000 -1.3770
X  1.0000 -0.0000  0.0000
Y  0.0000  1.0000  0.0000
Z  0.0000 -0.0000  1.0000

PART 2
OFFSET -2.1458  5.0340 -5.9168
X  0.5695  0.3736 -0.7322
Y  0.1965 -0.9268 -0.3200
Z -0.7982  0.0383 -0.6012

PART 3
OFFSET  4.7411  9.5519 -14.7725
X  0.8178 -0.4835  0.3122
Y -0.5241 -0.4015  0.7511
Z -0.2378 -0.7778 -0.5818

PART 4
OFFSET  11.6965  5.4394 -12.1169
X  0.8178 -0.4835  0.3122
Y  0.5544  0.8074 -0.2018
Z -0.1545  0.3381  0.9283

PART 5
OFFSET  13.2303  6.5096 -11.8809
X  0.8215 -0.4790  0.3093
Y  0.2430  0.7849  0.5700
Z -0.5158 -0.3931  0.7612

PART 6
OFFSET  13.0103  4.8850 -13.1681
X  0.8215 -0.4790  0.3093
Y  0.2430  0.7849  0.5700
Z -0.5158 -0.3931  0.7612

PART 7
OFFSET  12.3023  5.1503 -9.8741
X  0.8215 -0.4790  0.3093
Y  0.2430  0.7849  0.5700
Z -0.5158 -0.3931  0.7612

PART 8
OFFSET  12.1680  3.4573 -10.5851
X  0.8215 -0.4790  0.3093
Y  0.2430  0.7849  0.5700
Z -0.5158 -0.3931  0.7612

PART 9
OFFSET  12.2127  3.5566 -11.7783
X  0.8215 -0.4790  0.3093
Y  0.2430  0.7849  0.5700
Z -0.5158 -0.3931  0.7612

PART 10
OFFSET  14.2035  3.9571 -11.1597
X  0.9163  0.1949 -0.3500
Y -0.1634  0.9795  0.1177
Z  0.3657 -0.0507  0.9293

PART 11
OFFSET  14.6082  4.9692 -10.8219
X  0.8089  0.5780  0.1078
Y -0.5824  0.8128  0.0113
Z -0.0811 -0.0719  0.9941

PART 12
OFFSET  16.2910  6.2937 -10.5328
X  0.9456  0.2424 -0.2168
Y -0.1862  0.9501  0.2503
Z  0.2667 -0.1964  0.9436

PART 13
OFFSET  17.8585  6.6064 -10.7920
X  0.7882  0.6088 -0.0901
Y -0.5934  0.7906  0.1510
Z  0.1631 -0.0655  0.9844

PART 14
OFFSET  18.7083  7.2751 -10.8419
X  0.3548  0.6544 -0.6678
Y -0.4015 -0.5384 -0.7409
Z -0.8443  0.5310  0.0717

PART 15
OFFSET  15.2277  3.0629 -11.3941
X  0.9011 -0.3945  0.1801
Y -0.1457  0.1157  0.9825
Z -0.4084 -0.9116  0.0468

PART 16
OFFSET  17.2939  2.3236 -10.8759
X  0.1095  0.0913  0.9898
Y -0.9429  0.3248  0.0744
Z -0.3147 -0.9414  0.1216

PART 17
OFFSET  17.4490  2.4528 -9.4746
X -0.6479  0.3202  0.6911
Y -0.7062  0.0875 -0.7026
Z -0.2855 -0.9433  0.1694

PART 18
OFFSET  16.8745  2.7367 -8.8618
X -0.5172  0.2798  0.8089
Y -0.7913  0.2037 -0.5764
Z -0.3260 -0.9382  0.1160

PART 19
OFFSET  16.3832  3.0025 -8.0933
X  0.9395 -0.2062 -0.2736
Y -0.3058 -0.1448 -0.9410
Z  0.1544  0.9677 -0.1991

PART 20
OFFSET  15.2696  3.7638 -11.5226
X  0.9243 -0.1156 -0.3636
Y  0.3537 -0.0976  0.9302
Z -0.1431 -0.9885 -0.0493

PART 21
OFFSET  17.8009  3.2629 -11.8384
X  0.6525 -0.1392  0.7449
Y -0.7018  0.2598  0.6633
Z -0.2859 -0.9556  0.0719

PART 22
OFFSET  18.9118  3.0259 -10.5702
X -0.5891  0.2303  0.7746
Y -0.7647  0.1512 -0.6265
Z -0.2614 -0.9613  0.0870

PART 23
OFFSET  18.0954  3.3451 -9.4967
X -0.5246  0.2107  0.8249
Y -0.8111  0.1705 -0.5594
Z -0.2585 -0.9626  0.0814

PART 24
OFFSET  17.5264  3.5736 -8.6021
X  0.8805 -0.3174 -0.3522
Y -0.3520  0.0601 -0.9341
Z  0.3176  0.9464 -0.0588

PART 25
OFFSET  16.9647  6.0860 -11.5535
X  0.9954 -0.0202 -0.0936
Y -0.0898  0.1434 -0.9856
Z  0.0333  0.9895  0.1409

PART 26
OFFSET  17.5146  5.4741 -12.7799
X  0.9898 -0.1109  0.0890
Y -0.1273 -0.4118  0.9024
Z -0.0634 -0.9045 -0.4217

PART 27
OFFSET  19.2574  5.2788 -12.6232
X  0.9780 -0.1805  0.1050
Y -0.1775 -0.4540  0.8731
Z -0.1100 -0.8725 -0.4760

PART 28
OFFSET  20.4529  5.1124 -12.4666
X  0.8456 -0.2330  0.4802
Y -0.5338 -0.3760  0.7574
Z  0.0041 -0.8969 -0.4423

PART 29
OFFSET  21.4081  4.8492 -11.9242
X  0.2077  0.1630 -0.9645
Y -0.9591  0.2277 -0.1681
Z  0.1922  0.9600  0.2036

PART 30
OFFSET  17.6598  4.3816 -12.7036
X  0.9344 -0.0866  0.3455
Y -0.3295  0.1579  0.9308
Z -0.1352 -0.9836  0.1190

PART 31
OFFSET  19.4852  4.2124 -12.0287
X  0.3666  0.0488  0.9291
Y -0.9120  0.2164  0.3485
Z -0.1841 -0.9751  0.1238

PART 32
OFFSET  20.0206  4.2836 -10.6716
X -0.2765  0.1795  0.9441
Y -0.9319  0.1901 -0.3091
Z -0.2349 -0.9652  0.1147

PART 33
OFFSET  19.7064  4.4799 -9.6013
X  0.8222 -0.1973 -0.5339
Y -0.5512 -0.0421 -0.8333
Z  0.1420  0.9794 -0.1434

PART 34
OFFSET  17.3331  3.8803 -10.7558
X -0.1726 -0.9849  0.0142
Y -0.3657  0.0507 -0.9293
Z  0.9146 -0.1656 -0.3690

PART 35
OFFSET  10.4769  0.9535 -6.2652
X  0.8135  0.4727 -0.3387
Y -0.5782  0.7200 -0.3839
Z  0.0624  0.5081  0.8590

PART 36
OFFSET  10.4769  0.9535 -6.2652
X  0.8135  0.4727 -0.3387
Y -0.5782  0.7200 -0.3839
Z  0.0624  0.5081  0.8590

PART 37
OFFSET -185.0343 -181.5807 -54.1969
X -0.0624 -0.5081 -0.8590
Y -0.5782  0.7200 -0.3839
Z  0.8135  0.4727 -0.3387

PART 38
OFFSET  10.5143  1.1791 -5.8986
X  0.8135  0.4727 -0.3387
Y -0.5782  0.7200 -0.3839
Z  0.0624  0.5081  0.8590

PART 39
OFFSET  14.6200  2.2600 -10.0414
X  0.8135  0.4727 -0.3387
Y -0.5782  0.7200 -0.3839
Z  0.0624  0.5081  0.8590

PART 40
OFFSET  3.6919 -1.8365 -4.0802
X  0.6005  0.6940  0.3973
Y -0.5782  0.7200 -0.3839
Z -0.5524  0.0008  0.8336

PART 41
OFFSET  3.6173 -1.7436 -4.1297
X  0.8135  0.4727 -0.3387
Y -0.5782  0.7200 -0.3839
Z  0.0624  0.5081  0.8590

PART 42
OFFSET  13.9367  3.9284 -5.8834
X  0.8135  0.4727 -0.3387
Y -0.5782  0.7200 -0.3839
Z  0.0624  0.5081  0.8590

PART 43
OFFSET  8.2874 -0.9593 -6.5992
X  0.8135  0.4727 -0.3387
Y -0.5782  0.7200 -0.3839
Z  0.0624  0.5081  0.8590

PART 44
OFFSET  12.8261  3.1455 -5.6924
X  0.5746 -0.5639  0.5931
Y  0.8135  0.4727 -0.3387
Z -0.0894  0.6772  0.7304

PART 45
OFFSET -12.9782 -7.9373 -1.9159
X -0.4874  0.0163  0.8730
Y -0.3940 -0.8964 -0.2032
Z  0.7792 -0.4430  0.4433

PART 46
OFFSET -7.0834 -8.1349 -12.4740
X -0.8219 -0.0770 -0.5644
Y  0.5666 -0.0092 -0.8239
Z  0.0582 -0.9970  0.0512

PART 47
OFFSET -0.0926 -7.4803 -7.6738
X -0.8219 -0.0770 -0.5644
Y  0.5614  0.0585 -0.8255
Z  0.0965 -0.9953 -0.0049

PART 48
OFFSET  0.6038 -6.2215 -6.3114
X -0.8255 -0.0742 -0.5596
Y -0.0640  0.9972 -0.0377
Z  0.5608  0.0047 -0.8279

PART 49
OFFSET  0.4111 -6.7878 -5.2731
X -0.8255 -0.0742 -0.5596
Y -0.0640  0.9972 -0.0377
Z  0.5608  0.0047 -0.8279

PART 50
OFFSET  0.6923 -8.1027 -5.3268
X -0.8255 -0.0742 -0.5596
Y -0.0640  0.9972 -0.0377
Z  0.5608  0.0047 -0.8279

PART 51
OFFSET  2.4272 -7.2443 -5.9436
X -0.7922 -0.6079  0.0535
Y  0.1899 -0.3289 -0.9251
Z  0.5800 -0.7227  0.3760

PART 52
OFFSET  2.3622 -6.3567 -5.2294
X -0.1027 -0.9947  0.0009
Y  0.4483 -0.0471 -0.8926
Z  0.8880 -0.0913  0.4508

PART 53
OFFSET  2.4896 -4.2004 -5.1672
X -0.5540 -0.7213  0.4157
Y  0.3896 -0.6659 -0.6362
Z  0.7357 -0.1905  0.6499

PART 54
OFFSET  3.3248 -3.0544 -5.9491
X -0.5626 -0.0867  0.8222
Y -0.0650 -0.9868 -0.1486
Z  0.8242 -0.1371  0.5495

PART 55
OFFSET  3.8966 -2.9376 -6.8607
X -0.9581 -0.1793  0.2233
Y -0.2817  0.4495 -0.8477
Z  0.0516 -0.8751 -0.4812

PART 56
OFFSET  3.1836 -6.9360 -7.0555
X -0.7330 -0.3417  0.5881
Y  0.6286 -0.6706  0.3939
Z  0.2598  0.6584  0.7064

PART 57
OFFSET  4.7914 -5.9901 -8.3224
X  0.0945 -0.9584  0.2694
Y  0.9799  0.0417 -0.1952
Z  0.1758  0.2824  0.9430

PART 58
OFFSET  4.6576 -4.6332 -8.7037
X  0.8549 -0.5187 -0.0106
Y  0.4797  0.7982 -0.3644
Z  0.1974  0.3064  0.9312

PART 59
OFFSET  3.8996 -4.1734 -8.6943
X  0.7359  0.5465 -0.3996
Y -0.6399  0.7544 -0.1467
Z  0.2213  0.3637  0.9049

PART 60
OFFSET  3.2004 -4.6926 -8.3147
X -0.1932 -0.9442  0.2669
Y -0.9287  0.2637  0.2608
Z -0.3166 -0.1975 -0.9278

PART 61
OFFSET  3.3127 -6.6847 -6.3999
X -0.8087 -0.4819  0.3373
Y  0.5872 -0.6950  0.4150
Z  0.0344  0.5337  0.8450

PART 62
OFFSET  5.4194 -5.5287 -7.3918
X  0.2978 -0.8736  0.3849
Y  0.9486  0.2256 -0.2221
Z  0.1072  0.4312  0.8959

PART 63
OFFSET  4.9124 -4.0413 -8.0470
X  0.9784 -0.2053 -0.0236
Y  0.1768  0.8905 -0.4192
Z  0.1071  0.4060  0.9076

PART 64
OFFSET  3.5564 -3.7568 -8.0144
X  0.5328  0.7486 -0.3946
Y -0.8402  0.5236 -0.1413
Z  0.1009  0.4068  0.9079

PART 65
OFFSET  2.9785 -4.5686 -7.5864
X  0.0484 -0.8924  0.4487
Y -0.9973 -0.0181  0.0716
Z -0.0557 -0.4509 -0.8908

PART 66
OFFSET -0.7196 -9.8836 -4.7370
X -0.6208 -0.7093  0.3338
Y -0.7773  0.5014 -0.3800
Z  0.1022 -0.4954 -0.8626

PART 67
OFFSET  5.5864 -4.8961 -5.3148
X -0.5927 -0.7328  0.3341
Y  0.8054 -0.5404  0.2435
Z  0.0022  0.4134  0.9105

PART 68
OFFSET  6.6300 -3.6059 -5.9031
X  0.3152 -0.8441  0.4338
Y  0.9482  0.2987 -0.1078
Z -0.0386  0.4453  0.8945

PART 69
OFFSET  6.2444 -2.5527 -6.3761
X  0.9574 -0.2666  0.1106
Y  0.2886  0.8808 -0.3754
Z  0.0027  0.3913  0.9203

PART 70
OFFSET  5.1630 -2.2516 -6.5010
X -0.5715 -0.5983  0.5617
Y -0.8187  0.4629 -0.3398
Z -0.0567 -0.6540 -0.7543

PART 71
OFFSET  5.6038 -5.1881 -6.3801
X  0.1299 -0.8882  0.4408
Y  0.9910  0.1302 -0.0298
Z -0.0310  0.4407  0.8971

PART 72
OFFSET  5.3501 -3.4530 -7.2412
X  0.9759 -0.1820  0.1200
Y  0.2172  0.8596 -0.4625
Z -0.0190  0.4775  0.8785

PART 73
OFFSET  3.9246 -3.1871 -7.4166
X  0.6865  0.6299 -0.3633
Y -0.7264  0.5710 -0.3825
Z -0.0335  0.5265  0.8495

PART 74
OFFSET  3.1468 -3.9039 -7.0113
X -0.0603 -0.8813  0.4686
Y -0.9975  0.0707  0.0046
Z -0.0372 -0.4672 -0.8834

PART 75
OFFSET  0.0000 -0.0000 -0.0000
X  1.0000 -0.0000  0.0000
Y  0.0000  1.0000  0.0000
Z  0.0000 -0.0000  1.0000

PART 76
OFFSET  0.0000 -0.0000 -0.0000
X  1.0000 -0.0000  0.0000
Y  0.0000  1.0000  0.0000
Z  0.0000 -0.0000  1.0000

PART 77
OFFSET  1.5404 -0.0000  4.1357
X  1.0000 -0.0000  0.0000
Y  0.0000  1.0000  0.0000
Z  0.0000 -0.0000  1.0000


FRAME 712
PART 0
OFFSET  0.0000 -0.0000 -0.0000
X  1.0000 -0.0000  0.0000
Y  0.0000  1.0000  0.0000
Z  0.0000 -0.0000  1.0000

PART 1
OFFSET -4.6318 -0.0000 -1.3770
X  1.0000 -0.0000  0.0000
Y  0.0000  1.0000  0.0000
Z  0.0000 -0.0000  1.0000

PART 2
OFFSET -2.1458  5.0340 -5.9168
X  0.5870  0.3605 -0.7249
Y  0.1864 -0.9315 -0.3122
Z -0.7878  0.0481 -0.6140

PART 3
OFFSET  4.9538  9.3935 -14.6835
X  0.8017 -0.4972  0.3318
Y -0.5470 -0.3863  0.7427
Z -0.2412 -0.7769 -0.5816

PART 4
OFFSET  11.7722  5.1642 -11.8615
X  0.8017 -0.4972  0.3318
Y  0.5760  0.7911 -0.2060
Z -0.1600  0.3562  0.9206

PART 5
OFFSET  13.3216  6.2060 -11.6010
X  0.8056 -0.4928  0.3289
Y  0.2467  0.7838  0.5700
Z -0.5387 -0.3780  0.7530

PART 6
OFFSET  13.0959  4.5775 -12.8823
X  0.8056 -0.4928  0.3289
Y  0.2467  0.7838  0.5700
Z -0.5387 -0.3780  0.7530

PART 7
OFFSET  12.3268  4.8783 -9.6051
X  0.8056 -0.4928  0.3289
Y  0.2467  0.7838  0.5700
Z -0.5387 -0.3780  0.7530

PART 8
OFFSET  12.1738  3.1835 -10.3082
X  0.8056 -0.4928  0.3289
Y  0.2467  0.7838  0.5700
Z -0.5387 -0.3780  0.7530

PART 9
OFFSET  12.2445  3.2741 -11.5008
X  0.8056 -0.4928  0.3289
Y  0.2467  0.7838  0.5700
Z -0.5387 -0.3780  0.7530

PART 10
OFFSET  14.2299  3.6398 -10.8444
X  0.9195  0.1889 -0.3447
Y -0.1574  0.9805  0.1173
Z  0.3602 -0.0536  0.9313

PART 11
OFFSET  14.6394  4.6490 -10.5038
X  0.8121  0.5725  0.1126
Y -0.5770  0.8167  0.0085
Z -0.0871 -0.0719  0.9936

PART 12
OFFSET  16.3295  5.9620 -10.2046
X  0.9484  0.2362 -0.2114
Y -0.1812  0.9512  0.2498
Z  0.2601 -0.1986  0.9449

PART 13
OFFSET  17.9005  6.2643 -10.4549
X  0.7928  0.6035 -0.0854
Y -0.5889  0.7945  0.1481
Z  0.1572 -0.0671  0.9853

PART 14
OFFSET  18.7550  6.9273 -10.4996
X  0.3629  0.6523 -0.6654
Y -0.4010 -0.5353 -0.7434
Z -0.8411  0.5366  0.0673

PART 15
OFFSET  15.2493  2.7389 -11.0735
X  0.8974 -0.4006  0.1849
Y -0.1504  0.1162  0.9818
Z -0.4148 -0.9088  0.0441

PART 16
OFFSET  17.3076  1.9854 -10.5441
X  0.1046  0.0901  0.9904
Y -0.9411  0.3311  0.0693
Z -0.3217 -0.9393  0.1194

PART 17
OFFSET  17.4557  2.1129 -9.1419
X -0.6496  0.3242  0.6877
Y -0.7017  0.0926 -0.7065
Z -0.2927 -0.9414  0.1673

PART 18
OFFSET  16.8798  2.4004 -8.5322
X -0.5198  0.2828  0.8061
Y -0.7867  0.2093 -0.5807
Z -0.3330 -0.9361  0.1137

PART 19
OFFSET  16.3860  2.6691 -7.7664
X  0.9396 -0.2124 -0.2685
Y -0.3015 -0.1423 -0.9428
Z  0.1620  0.9668 -0.1977

PART 20
OFFSET  15.2966  3.4396 -11.2014
X  0.9256 -0.1217 -0.3585
Y  0.3478 -0.1005  0.9322
Z -0.1494 -0.9875 -0.0507

PART 21
OFFSET  17.8263  2.9218 -11.5034
X  0.6474 -0.1439  0.7485
Y -0.7037  0.2642  0.6595
Z -0.2927 -0.9537  0.0698

PART 22
OFFSET  18.9284  2.6767 -10.2291
X -0.5918  0.2338  0.7714
Y -0.7601  0.1567 -0.6306
Z -0.2683 -0.9596  0.0850

PART 23
OFFSET  18.1082  3.0008 -9.1600
X -0.5278  0.2138  0.8220
Y -0.8068  0.1762 -0.5639
Z -0.2654 -0.9608  0.0795

PART 24
OFFSET  17.5358  3.2327 -8.2685
X  0.8803 -0.3231 -0.3475
Y -0.3464  0.0630 -0.9360
Z  0.3243  0.9443 -0.0565

PART 25
OFFSET  17.0075  5.7503 -11.2216
X  0.9958 -0.0268 -0.0881
Y -0.0833  0.1445 -0.9860
Z  0.0392  0.9891  0.1416

PART 26
OFFSET  17.5601  5.1353 -12.4453
X  0.9886 -0.1176  0.0945
Y -0.1351 -0.4113  0.9014
Z -0.0672 -0.9039 -0.4225

PART 27
OFFSET  19.3006  4.9283 -12.2789
X  0.9761 -0.1871  0.1103
Y -0.1855 -0.4532  0.8719
Z -0.1132 -0.8715 -0.4771

PART 28
OFFSET  20.4941  4.7537 -12.1158
X  0.8413 -0.2389  0.4848
Y -0.5405 -0.3727  0.7543
Z  0.0005 -0.8966 -0.4427

PART 29
OFFSET  21.4445  4.4838 -11.5681
X  0.2142  0.1621 -0.9633
Y -0.9566  0.2342 -0.1733
Z  0.1975  0.9586  0.2052

PART 30
OFFSET  17.6975  4.0418 -12.3688
X  0.9319 -0.0931  0.3506
Y -0.3336  0.1597  0.9291
Z -0.1425 -0.9828  0.1177

PART 31
OFFSET  19.5179  3.8600 -11.6838
X  0.3617  0.0459  0.9312
Y -0.9125  0.2224  0.3435
Z -0.1913 -0.9739  0.1223

PART 32
OFFSET  20.0462  3.9270 -10.3237
X -0.2806  0.1809  0.9426
Y -0.9288  0.1965 -0.3141
Z -0.2421 -0.9637  0.1128

PART 33
OFFSET  19.7274  4.1249 -9.2550
X  0.8238 -0.2026 -0.5294
Y -0.5468 -0.0380 -0.8364
Z  0.1493  0.9785 -0.1421

PART 34
OFFSET  17.3565  3.5418 -10.4230
X -0.1793 -0.9837  0.0127
Y -0.3602  0.0536 -0.9313
Z  0.9155 -0.1716 -0.3639

PART 35
OFFSET  10.4559  0.6591 -5.9723
X  0.8186  0.4674 -0.3339
Y -0.5711  0.7240 -0.3867
Z  0.0610  0.5073  0.8596

PART 36
OFFSET  10.4559  0.6591 -5.9723
X  0.8186  0.4674 -0.3339
Y -0.5711  0.7240 -0.3867
Z  0.0610  0.5073  0.8596

PART 37
OFFSET -186.0083 -180.5321 -55.0886
X -0.0610 -0.5073 -0.8596
Y -0.5711  0.7240 -0.3867
Z  0.8186  0.4674 -0.3339

PART 38
OFFSET  10.4927  0.8842 -5.6053
X  0.8186  0.4674 -0.3339
Y -0.5711  0.7240 -0.3867
Z  0.0610  0.5073  0.8596

PART 39
OFFSET  14.6287  1.9395 -9.7246
X  0.8186  0.4674 -0.3339
Y -0.5711  0.7240 -0.3867
Z  0.0610  0.5073  0.8596

PART 40
OFFSET  3.6402 -2.0863 -3.8266
X  0.6029  0.6898  0.4010
Y -0.5711  0.7240 -0.3867
Z -0.5571  0.0041  0.8305

PART 41
OFFSET  3.5665 -1.9929 -3.8765
X  0.8186  0.4674 -0.3339
Y -0.5711  0.7240 -0.3867
Z  0.0610  0.5073  0.8596

PART 42
OFFSET  13.9335  3.6104 -5.5696
X  0.8186  0.4674 -0.3339
Y -0.5711  0.7240 -0.3867
Z  0.0610  0.5073  0.8596

PART 43
OFFSET  8.2555 -1.2388 -6.3195
X  0.8186  0.4674 -0.3339
Y -0.5711  0.7240 -0.3867
Z  0.0610  0.5073  0.8596

PART 44
OFFSET  12.8165  2.8348 -5.3853
X  0.5675 -0.5681  0.5960
Y  0.8186  0.4674 -0.3339
Z -0.0889  0.6774  0.7302

PART 45
OFFSET -12.9782 -7.9373 -1.9159
X -0.4923  0.0282  0.8700
Y -0.4057 -0.8917 -0.2006
Z  0.7701 -0.4517  0.4505

PART 46
OFFSET -7.0243 -8.2788 -12.4371
X -0.8101 -0.0686 -0.5822
Y  0.5847 -0.0208 -0.8110
Z  0.0435 -0.9974  0.0570

PART 47
OFFSET -0.1340 -7.6950 -7.4849
X -0.8101 -0.0686 -0.5822
Y  0.5784  0.0692 -0.8128
Z  0.0961 -0.9952 -0.0163

PART 48
OFFSET  0.5489 -6.4391 -6.1130
X -0.8137 -0.0658 -0.5776
Y -0.0496  0.9978 -0.0437
Z  0.5792 -0.0069 -0.8152

PART 49
OFFSET  0.3255 -6.9977 -5.0767
X -0.8137 -0.0658 -0.5776
Y -0.0496  0.9978 -0.0437
Z  0.5792 -0.0069 -0.8152

PART 50
OFFSET  0.5898 -8.3165 -5.1181
X -0.8137 -0.0658 -0.5776
Y -0.0496  0.9978 -0.0437
Z  0.5792 -0.0069 -0.8152

PART 51
OFFSET  2.3496 -7.4846 -5.6999
X -0.7966 -0.6026  0.0488
Y  0.1928 -0.3297 -0.9242
Z  0.5730 -0.7268  0.3788

PART 52
OFFSET  2.2866 -6.5970 -4.9855
X -0.1094 -0.9940 -0.0002
Y  0.4529 -0.0496 -0.8902
Z  0.8848 -0.0974  0.4557

PART 53
OFFSET  2.4281 -4.4416 -4.9215
X -0.5611 -0.7178  0.4122
Y  0.3887 -0.6682 -0.6344
Z  0.7308 -0.1957  0.6539

PART 54
OFFSET  3.2753 -3.3008 -5.6981
X -0.5678 -0.0833  0.8190
Y -0.0708 -0.9862 -0.1495
Z  0.8201 -0.1429  0.5541

PART 55
OFFSET  3.8530 -3.1874 -6.6065
X -0.9605 -0.1730  0.2178
Y -0.2739  0.4518 -0.8490
Z  0.0484 -0.8752 -0.4813

PART 56
OFFSET  3.1143 -7.1809 -6.8073
X -0.7386 -0.3371  0.5839
Y  0.6219 -0.6750  0.3970
Z  0.2603  0.6563  0.7082

PART 57
OFFSET  4.7354 -6.2452 -8.0647
X  0.0865 -0.9591  0.2694
Y  0.9812  0.0352 -0.1897
Z  0.1725  0.2808  0.9442

PART 58
OFFSET  4.6129 -4.8872 -8.4461
X  0.8515 -0.5244 -0.0061
Y  0.4871  0.7951 -0.3613
Z  0.1943  0.3046  0.9324

PART 59
OFFSET  3.8579 -4.4223 -8.4407
X  0.7418  0.5418 -0.3952
Y -0.6340  0.7587 -0.1499
Z  0.2187  0.3617  0.9063

PART 60
OFFSET  3.1532 -4.9370 -8.0652
X -0.2010 -0.9430  0.2653
Y -0.9283  0.2699  0.2557
Z -0.3127 -0.1949 -0.9296

PART 61
OFFSET  3.2413 -6.9307 -6.1509
X -0.8138 -0.4766  0.3326
Y  0.5802 -0.6991  0.4179
Z  0.0333  0.5330  0.8454

PART 62
OFFSET  5.3613 -5.7884 -7.1304
X  0.2898 -0.8758  0.3861
Y  0.9513  0.2193 -0.2166
Z  0.1051  0.4301  0.8967

PART 63
OFFSET  4.8680 -4.2974 -7.7877
X  0.9771 -0.2119 -0.0182
Y  0.1851  0.8895 -0.4177
Z  0.1047  0.4048  0.9084

PART 64
OFFSET  3.5137 -4.0037 -7.7624
X  0.5400  0.7452 -0.3913
Y -0.8359  0.5293 -0.1457
Z  0.0985  0.4057  0.9087

PART 65
OFFSET  2.9280 -4.8119 -7.3381
X  0.0399 -0.8929  0.4485
Y -0.9978 -0.0114  0.0660
Z -0.0538 -0.4501 -0.8913

PART 66
OFFSET -0.8216 -10.1032 -4.5122
X -0.6274 -0.7053  0.3300
Y -0.7717  0.5069 -0.3841
Z  0.1036 -0.4957 -0.8623

PART 67
OFFSET  5.5209 -5.1580 -5.0522
X -0.5995 -0.7290  0.3304
Y  0.8004 -0.5460  0.2477
Z -0.0001  0.4129  0.9108

PART 68
OFFSET  6.5765 -3.8746 -5.6340
X  0.3071 -0.8464  0.4351
Y  0.9508  0.2924 -0.1023
Z -0.0406  0.4452  0.8945

PART 69
OFFSET  6.2007 -2.8186 -6.1086
X  0.9550 -0.2731  0.1158
Y  0.2966  0.8790 -0.3733
Z  0.0002  0.3908  0.9205

PART 70
OFFSET  5.1220 -2.5101 -6.2394
X -0.5786 -0.5947  0.5582
Y -0.8136  0.4686 -0.3441
Z -0.0569 -0.6533 -0.7550

PART 71
OFFSET  5.5424 -5.4496 -6.1176
X  0.1215 -0.8892  0.4410
Y  0.9920  0.1235 -0.0242
Z -0.0330  0.4405  0.8972

PART 72
OFFSET  5.3051 -3.7125 -6.9792
X  0.9740 -0.1887  0.1254
Y  0.2256  0.8583 -0.4608
Z -0.0207  0.4771  0.8786

PART 73
OFFSET  3.8824 -3.4369 -7.1623
X  0.6927  0.6254 -0.3592
Y -0.7204  0.5761 -0.3863
Z -0.0347  0.5263  0.8496

PART 74
OFFSET  3.0976 -4.1486 -6.7618
X -0.0688 -0.8811  0.4678
Y -0.9970  0.0774 -0.0009
Z -0.0354 -0.4665 -0.8838

PART 75
OFFSET  0.0000 -0.0000 -0.0000
X  1.0000 -0.0000  0.0000
Y  0.0000  1.0000  0.0000
Z  0.0000 -0.0000  1.0000

PART 76
OFFSET  0.0000 -0.0000 -0.0000
X  1.0000 -0.0000  0.0000
Y  0.0000  1.0000  0.0000
Z  0.0000 -0.0000  1.0000

PART 77
OFFSET  1.5404 -0.0000  4.1357
X  1.0000 -0.0000  0.0000
Y  0.0000  1.0000  0.0000
Z  0.0000 -0.0000  1.0000


FRAME 713
PART 0
OFFSET  0.0000 -0.0000 -0.0000
X  1.0000 -0.0000  0.0000
Y  0.0000  1.0000  0.0000
Z  0.0000 -0.0000  1.0000

PART 1
OFFSET -4.6318 -0.0000 -1.3770
X  1.0000 -0.0000  0.0000
Y  0.0000  1.0000  0.0000
Z  0.0000 -0.0000  1.0000

PART 2
OFFSET -2.1458  5.0340 -5.9168
X  0.6113  0.3411 -0.7141
Y  0.1712 -0.9380 -0.3015
Z -0.7726  0.0620 -0.6318

PART 3
OFFSET  5.2476  9.1594 -14.5529
X  0.7795 -0.5151  0.3564
Y -0.5759 -0.3653  0.7314
Z -0.2465 -0.7754 -0.5814

PART 4
OFFSET  11.8774  4.7781 -11.5212
X  0.7795 -0.5151  0.3564
Y  0.6042  0.7685 -0.2106
Z -0.1654  0.3796  0.9103

PART 5
OFFSET  13.4465  5.7813 -11.2290
X  0.7836 -0.5108  0.3537
Y  0.2526  0.7820  0.5698
Z -0.5676 -0.3572  0.7417

PART 6
OFFSET  13.2110  4.1482 -12.5026
X  0.7836 -0.5108  0.3537
Y  0.2526  0.7820  0.5698
Z -0.5676 -0.3572  0.7417

PART 7
OFFSET  12.3661  4.4975 -9.2489
X  0.7836 -0.5108  0.3537
Y  0.2526  0.7820  0.5698
Z -0.5676 -0.3572  0.7417

PART 8
OFFSET  12.1866  2.8013 -9.9420
X  0.7836 -0.5108  0.3537
Y  0.2526  0.7820  0.5698
Z -0.5676 -0.3572  0.7417

PART 9
OFFSET  12.2903  2.8795 -11.1332
X  0.7836 -0.5108  0.3537
Y  0.2526  0.7820  0.5698
Z -0.5676 -0.3572  0.7417

PART 10
OFFSET  14.2671  3.1990 -10.4284
X  0.9239  0.1804 -0.3374
Y -0.1490  0.9819  0.1168
Z  0.3523 -0.0576  0.9341

PART 11
OFFSET  14.6835  4.2040 -10.0839
X  0.8166  0.5647  0.1194
Y -0.5692  0.8222  0.0045
Z -0.0956 -0.0717  0.9928

PART 12
OFFSET  16.3836  5.5007 -9.7705
X  0.9523  0.2273 -0.2038
Y -0.1741  0.9527  0.2490
Z  0.2507 -0.2017  0.9468

PART 13
OFFSET  17.9593  5.7882 -10.0083
X  0.7991  0.5960 -0.0787
Y -0.5824  0.8000  0.1440
Z  0.1488 -0.0692  0.9864

PART 14
OFFSET  18.8204  6.4431 -10.0458
X  0.3743  0.6492 -0.6621
Y -0.4002 -0.5310 -0.7469
Z -0.8365  0.5445  0.0611

PART 15
OFFSET  15.2797  2.2886 -10.6501
X  0.8921 -0.4092  0.1916
Y -0.1570  0.1171  0.9806
Z -0.4238 -0.9049  0.0402

PART 16
OFFSET  17.3265  1.5152 -10.1051
X  0.0976  0.0885  0.9913
Y -0.9384  0.3400  0.0621
Z -0.3315 -0.9363  0.1162

PART 17
OFFSET  17.4648  1.6404 -8.7017
X -0.6519  0.3300  0.6828
Y -0.6952  0.0997 -0.7119
Z -0.3030 -0.9387  0.1644

PART 18
OFFSET  16.8868  1.9330 -8.0963
X -0.5234  0.2873  0.8022
Y -0.7801  0.2171 -0.5868
Z -0.3427 -0.9329  0.1105

PART 19
OFFSET  16.3896  2.2059 -7.3342
X  0.9396 -0.2211 -0.2612
Y -0.2954 -0.1388 -0.9452
Z  0.1727  0.9653 -0.1958

PART 20
OFFSET  15.3347  2.9888 -10.7772
X  0.9272 -0.1303 -0.3513
Y  0.3395 -0.1043  0.9348
Z -0.1584 -0.9860 -0.0525

PART 21
OFFSET  17.8616  2.4472 -11.0596
X  0.6401 -0.1505  0.7534
Y -0.7064  0.2705  0.6541
Z -0.3023 -0.9509  0.0668

PART 22
OFFSET  18.9513  2.1909 -9.7769
X -0.5956  0.2390  0.7669
Y -0.7536  0.1643 -0.6365
Z -0.2781 -0.9570  0.0823

PART 23
OFFSET  18.1258  2.5221 -8.7140
X -0.5322  0.2183  0.8180
Y -0.8007  0.1843 -0.5701
Z -0.2752 -0.9583  0.0767

PART 24
OFFSET  17.5487  2.7589 -7.8269
X  0.8799 -0.3313 -0.3408
Y -0.3384  0.0668 -0.9386
Z  0.3337  0.9412 -0.0533

PART 25
OFFSET  17.0675  5.2832 -10.7823
X  0.9961 -0.0362 -0.0803
Y -0.0742  0.1459 -0.9865
Z  0.0474  0.9886  0.1426

PART 26
OFFSET  17.6239  4.6638 -12.0020
X  0.9866 -0.1271  0.1022
Y -0.1461 -0.4106  0.9000
Z -0.0724 -0.9029 -0.4237

PART 27
OFFSET  19.3610  4.4400 -11.8221
X  0.9734 -0.1965  0.1179
Y -0.1966 -0.4520  0.8701
Z -0.1177 -0.8701 -0.4786

PART 28
OFFSET  20.5515  4.2540 -11.6497
X  0.8352 -0.2472  0.4913
Y -0.5499 -0.3681  0.7497
Z -0.0045 -0.8963 -0.4434

PART 29
OFFSET  21.4948  3.9748 -11.0948
X  0.2233  0.1606 -0.9614
Y -0.9530  0.2434 -0.1807
Z  0.2050  0.9565  0.2074

PART 30
OFFSET  17.7502  3.5690 -11.9252
X  0.9282 -0.1021  0.3579
Y -0.3394  0.1623  0.9265
Z -0.1527 -0.9814  0.1159

PART 31
OFFSET  19.5635  3.3694 -11.2260
X  0.3548  0.0418  0.9340
Y -0.9130  0.2308  0.3364
Z -0.2015 -0.9721  0.1201

PART 32
OFFSET  20.0816  3.4305 -9.8617
X -0.2862  0.1829  0.9405
Y -0.9244  0.2055 -0.3213
Z -0.2521 -0.9614  0.1103

PART 33
OFFSET  19.7563  3.6308 -8.7955
X  0.8260 -0.2101 -0.5230
Y -0.5405 -0.0322 -0.8407
Z  0.1598  0.9772 -0.1402

PART 34
OFFSET  17.3893  3.0710 -9.9825
X -0.1888 -0.9820  0.0106
Y -0.3523  0.0576 -0.9341
Z  0.9166 -0.1801 -0.3568

PART 35
OFFSET  10.4267  0.2512 -5.5883
X  0.8256  0.4598 -0.3271
Y -0.5612  0.7297 -0.3907
Z  0.0590  0.5061  0.8604

PART 36
OFFSET  10.4267  0.2512 -5.5883
X  0.8256  0.4598 -0.3271
Y -0.5612  0.7297 -0.3907
Z  0.0590  0.5061  0.8604

PART 37
OFFSET -187.3573 -179.0335 -56.3750
X -0.0590 -0.5061 -0.8604
Y -0.5612  0.7297 -0.3907
Z  0.8256  0.4598 -0.3271

PART 38
OFFSET  10.4628  0.4757 -5.2208
X  0.8256  0.4598 -0.3271
Y -0.5612  0.7297 -0.3907
Z  0.0590  0.5061  0.8604

PART 39
OFFSET  14.6409  1.4942 -9.3067
X  0.8256  0.4598 -0.3271
Y -0.5612  0.7297 -0.3907
Z  0.0590  0.5061  0.8604

PART 40
OFFSET  3.5685 -2.4306 -3.4982
X  0.6062  0.6837  0.4062
Y -0.5612  0.7297 -0.3907
Z -0.5635  0.0089  0.8261

PART 41
OFFSET  3.4961 -2.3365 -3.5486
X  0.8256  0.4598 -0.3271
Y -0.5612  0.7297 -0.3907
Z  0.0590  0.5061  0.8604

PART 42
OFFSET  13.9289  3.1691 -5.1562
X  0.8256  0.4598 -0.3271
Y -0.5612  0.7297 -0.3907
Z  0.0590  0.5061  0.8604

PART 43
OFFSET  8.2112 -1.6254 -5.9541
X  0.8256  0.4598 -0.3271
Y -0.5612  0.7297 -0.3907
Z  0.0590  0.5061  0.8604

PART 44
OFFSET  12.8032  2.4041 -4.9811
X  0.5573 -0.5738  0.6001
Y  0.8256  0.4598 -0.3271
Z -0.0882  0.6778  0.7300

PART 45
OFFSET -12.9782 -7.9373 -1.9159
X -0.4986  0.0451  0.8657
Y -0.4220 -0.8849 -0.1969
Z  0.7572 -0.4635  0.4603

PART 46
OFFSET -6.9481 -8.4833 -12.3850
X -0.7942 -0.0577 -0.6049
Y  0.6072 -0.0379 -0.7936
Z  0.0229 -0.9976  0.0652

PART 47
OFFSET -0.1932 -7.9922 -7.2398
X -0.7942 -0.0577 -0.6049
Y  0.6002  0.0815 -0.7957
Z  0.0952 -0.9950 -0.0301

PART 48
OFFSET  0.4736 -6.7391 -5.8576
X -0.7979 -0.0548 -0.6004
Y -0.0293  0.9982 -0.0521
Z  0.6021 -0.0239 -0.7980

PART 49
OFFSET  0.2099 -7.2856 -4.8243
X -0.7979 -0.0548 -0.6004
Y -0.0293  0.9982 -0.0521
Z  0.6021 -0.0239 -0.7980

PART 50
OFFSET  0.4502 -8.6094 -4.8488
X -0.7979 -0.0548 -0.6004
Y -0.0293  0.9982 -0.0521
Z  0.6021 -0.0239 -0.7980

PART 51
OFFSET  2.2415 -7.8152 -5.3853
X -0.8026 -0.5950  0.0421
Y  0.1969 -0.3309 -0.9229
Z  0.5631 -0.7324  0.3828

PART 52
OFFSET  2.1813 -6.9274 -4.6708
X -0.1188 -0.9929 -0.0018
Y  0.4594 -0.0534 -0.8866
Z  0.8802 -0.1061  0.4625

PART 53
OFFSET  2.3428 -4.7735 -4.6042
X -0.5712 -0.7127  0.4073
Y  0.3873 -0.6715 -0.6318
Z  0.7237 -0.2031  0.6595

PART 54
OFFSET  3.2069 -3.6404 -5.3733
X -0.5750 -0.0784  0.8144
Y -0.0790 -0.9854 -0.1507
Z  0.8143 -0.1510  0.5604

PART 55
OFFSET  3.7928 -3.5319 -6.2771
X -0.9638 -0.1640  0.2102
Y -0.2629  0.4549 -0.8509
Z  0.0439 -0.8753 -0.4815

PART 56
OFFSET  3.0177 -7.5180 -6.4865
X -0.7463 -0.3304  0.5778
Y  0.6123 -0.6811  0.4014
Z  0.2609  0.6534  0.7106

PART 57
OFFSET  4.6575 -6.5970 -7.7304
X  0.0753 -0.9601  0.2694
Y  0.9830  0.0260 -0.1820
Z  0.1677  0.2785  0.9457

PART 58
OFFSET  4.5509 -5.2377 -8.1118
X  0.8465 -0.5325  0.0002
Y  0.4975  0.7907 -0.3569
Z  0.1898  0.3022  0.9341

PART 59
OFFSET  3.8004 -4.7657 -8.1120
X  0.7500  0.5349 -0.3890
Y -0.6255  0.7648 -0.1543
Z  0.2150  0.3591  0.9082

PART 60
OFFSET  3.0879 -5.2739 -7.7425
X -0.2121 -0.9412  0.2631
Y -0.9277  0.2785  0.2486
Z -0.3072 -0.1913 -0.9322

PART 61
OFFSET  3.1420 -7.2695 -5.8289
X -0.8209 -0.4690  0.3258
Y  0.5702 -0.7048  0.4220
Z  0.0317  0.5322  0.8460

PART 62
OFFSET  5.2804 -6.1468 -6.7909
X  0.2784 -0.8787  0.3877
Y  0.9550  0.2104 -0.2090
Z  0.1021  0.4285  0.8978

PART 63
OFFSET  4.8064 -4.6508 -7.4510
X  0.9752 -0.2212 -0.0107
Y  0.1968  0.8880 -0.4156
Z  0.1014  0.4032  0.9095

PART 64
OFFSET  3.4549 -4.3443 -7.4362
X  0.5502  0.7402 -0.3865
Y -0.8296  0.5373 -0.1519
Z  0.0952  0.4042  0.9097

PART 65
OFFSET  2.8582 -5.1471 -7.0170
X  0.0278 -0.8935  0.4482
Y -0.9983 -0.0019  0.0581
Z -0.0511 -0.4490 -0.8921

PART 66
OFFSET -0.9637 -10.4043 -4.2244
X -0.6367 -0.6995  0.3245
Y -0.7638  0.5144 -0.3898
Z  0.1057 -0.4961 -0.8618

PART 67
OFFSET  5.4296 -5.5193 -4.7111
X -0.6090 -0.7235  0.3252
Y  0.7932 -0.5537  0.2536
Z -0.0034  0.4124  0.9110

PART 68
OFFSET  6.5018 -4.2455 -5.2836
X  0.2956 -0.8495  0.4369
Y  0.9543  0.2834 -0.0946
Z -0.0434  0.4450  0.8945

PART 69
OFFSET  6.1398 -3.1857 -5.7605
X  0.9514 -0.2822  0.1231
Y  0.3079  0.8764 -0.3703
Z -0.0034  0.3903  0.9207

PART 70
OFFSET  5.0652 -2.8670 -5.8995
X -0.5886 -0.5895  0.5532
Y -0.8064  0.4765 -0.3502
Z -0.0572 -0.6522 -0.7559

PART 71
OFFSET  5.4567 -5.8104 -5.7764
X  0.1095 -0.8906  0.4414
Y  0.9933  0.1141 -0.0163
Z -0.0359  0.4402  0.8972

PART 72
OFFSET  5.2427 -4.0705 -6.6387
X  0.9712 -0.1980  0.1329
Y  0.2373  0.8564 -0.4585
Z -0.0230  0.4768  0.8787

PART 73
OFFSET  3.8242 -3.7813 -6.8328
X  0.7014  0.6190 -0.3533
Y -0.7118  0.5831 -0.3915
Z -0.0364  0.5261  0.8496

PART 74
OFFSET  3.0296 -4.4858 -6.4389
X -0.0809 -0.8807  0.4666
Y -0.9962  0.0869 -0.0087
Z -0.0329 -0.4656 -0.8844

PART 75
OFFSET  0.0000 -0.0000 -0.0000
X  1.0000 -0.0000  0.0000
Y  0.0000  1.0000  0.0000
Z  0.0000 -0.0000  1.0000

PART 76
OFFSET  0.0000 -0.0000 -0.0000
X  1.0000 -0.0000  0.0000
Y  0.0000  1.0000  0.0000
Z  0.0000 -0.0000  1.0000

PART 77
OFFSET  1.5404 -0.0000  4.1357
X  1.0000 -0.0000  0.0000
Y  0.0000  1.0000  0.0000
Z  0.0000 -0.0000  1.0000


FRAME 714
PART 0
OFFSET  0.0000 -0.0000 -0.0000
X  1.0000 -0.0000  0.0000
Y  0.0000  1.0000  0.0000
Z  0.0000 -0.0000  1.0000

PART 1
OFFSET -4.6318 -0.0000 -1.3770
X  1.0000 -0.0000  0.0000
Y  0.0000  1.0000  0.0000
Z  0.0000 -0.0000  1.0000

PART 2
OFFSET -2.1458  5.0340 -5.9168
X  0.6378  0.3180 -0.7015
Y  0.1525 -0.9449 -0.2897
Z -0.7550  0.0778 -0.6511

PART 3
OFFSET  5.5674  8.8799 -14.4009
X  0.7555 -0.5335  0.3802
Y -0.6040 -0.3426  0.7195
Z -0.2536 -0.7733 -0.5811

PART 4
OFFSET  11.9934  4.3422 -11.1671
X  0.7555 -0.5335  0.3802
Y  0.6330  0.7440 -0.2140
Z -0.1687  0.4023  0.8998

PART 5
OFFSET  13.5823  5.3037 -10.8436
X  0.7598 -0.5293  0.3775
Y  0.2601  0.7796  0.5696
Z -0.5958 -0.3346  0.7301

PART 6
OFFSET  13.3328  3.6666 -12.1094
