// Export filename: `C:\projects\cod\t5\xanim_export\t5_viewmodels\spas12\spas12_d2p_loop.XANIM_EXPORT`
// Source filename: `D:\projects\devanim\t5\animation_assets\viewmodels/spas12/ViewModel_Spas12_animated.fbx`
// Export time: Sat Sep 11 16:00:52 2010

ANIMATION
VERSION 3

NUMPARTS 78
PART 0 "tag_ads"
PART 1 "tag_torso"
PART 2 "J_Shoulder_LE"
PART 3 "J_Elbow_LE"
PART 4 "J_WristTwist_LE"
PART 5 "J_Sleave_Reshape_Bottom_LE_1"
PART 6 "J_Sleave_Reshape_Bottom_LE_2"
PART 7 "J_Sleave_Reshape_Top_LE_1"
PART 8 "J_Sleave_Reshape_Top_LE_2"
PART 9 "J_Sleave_Reshape_Top_LE_3"
PART 10 "J_Wrist_LE"
PART 11 "J_Thumb_LE_0"
PART 12 "J_Thumb_LE_1"
PART 13 "J_Thumb_LE_2"
PART 14 "J_Thumb_LE_3"
PART 15 "J_PinkyPalm_LE"
PART 16 "J_Pinky_LE_0"
PART 17 "J_Pinky_LE_1"
PART 18 "J_Pinky_LE_2"
PART 19 "J_Pinky_LE_3"
PART 20 "J_RingPalm_LE"
PART 21 "J_Ring_LE_0"
PART 22 "J_Ring_LE_1"
PART 23 "J_Ring_LE_2"
PART 24 "J_Ring_LE_3"
PART 25 "J_Webbing_LE"
PART 26 "J_Index_LE_0"
PART 27 "J_Index_LE_1"
PART 28 "J_Index_LE_2"
PART 29 "J_Index_LE_3"
PART 30 "J_Mid_LE_0"
PART 31 "J_Mid_LE_1"
PART 32 "J_Mid_LE_2"
PART 33 "J_Mid_LE_3"
PART 34 "tag_knife_attach"
PART 35 "tag_weapon"
PART 36 "J_Gun"
PART 37 "TAG_CLIP"
PART 38 "J_Bolt"
PART 39 "J_pump"
PART 40 "J_ring"
PART 41 "J_stock"
PART 42 "J_stocktop"
PART 43 "J_Load"
PART 44 "tag_iron_sights"
PART 45 "J_Shoulder_RI"
PART 46 "J_Elbow_RI"
PART 47 "J_WristTwist_RI"
PART 48 "J_Sleave_Reshape_Top_RI_3"
PART 49 "J_Sleave_Reshape_Top_RI_2"
PART 50 "J_Sleave_Reshape_Top_RI_1"
PART 51 "J_Wrist_RI"
PART 52 "J_Thumb_RI_0"
PART 53 "J_Thumb_RI_1"
PART 54 "J_Thumb_RI_2"
PART 55 "J_Thumb_RI_3"
PART 56 "J_PinkyPalm_RI"
PART 57 "J_Pinky_RI_0"
PART 58 "J_Pinky_RI_1"
PART 59 "J_Pinky_RI_2"
PART 60 "J_Pinky_RI_3"
PART 61 "J_RingPalm_RI"
PART 62 "J_Ring_RI_0"
PART 63 "J_Ring_RI_1"
PART 64 "J_Ring_RI_2"
PART 65 "J_Ring_RI_3"
PART 66 "J_Webbing_RI"
PART 67 "J_Index_RI_0"
PART 68 "J_Index_RI_1"
PART 69 "J_Index_RI_2"
PART 70 "J_Index_RI_3"
PART 71 "J_Mid_RI_0"
PART 72 "J_Mid_RI_1"
PART 73 "J_Mid_RI_2"
PART 74 "J_Mid_RI_3"
PART 75 "tag_cambone"
PART 76 "tag_camera"
PART 77 "tag_gasmask"

FRAMERATE 30
NUMFRAMES 16

FRAME 810
PART 0
OFFSET  0.0000 -0.0000 -0.0000
X  1.0000 -0.0000  0.0000
Y  0.0000  1.0000  0.0000
Z  0.0000 -0.0000  1.0000

PART 1
OFFSET -4.6318 -0.0000 -1.3770
X  1.0000 -0.0000  0.0000
Y  0.0000  1.0000  0.0000
Z  0.0000 -0.0000  1.0000

PART 2
OFFSET -2.1458  5.0340 -5.9168
X  0.6646  0.4367 -0.6063
Y  0.3970 -0.8938 -0.2086
Z -0.6331 -0.1020 -0.7673

PART 3
OFFSET  5.8914  10.3152 -13.2500
X  0.8138 -0.3190  0.4858
Y -0.5809 -0.4735  0.6621
Z  0.0188 -0.8210 -0.5706

PART 4
OFFSET  12.8131  7.6020 -9.1182
X  0.8138 -0.3190  0.4858
Y  0.1288  0.9141  0.3845
Z -0.5667 -0.2504  0.7850

PART 5
OFFSET  14.0611  8.9392 -8.6624
X  0.8172 -0.3139  0.4834
Y -0.0128  0.8286  0.5597
Z -0.5762 -0.4635  0.6731

PART 6
OFFSET  14.3814  7.2734 -9.8736
X  0.8172 -0.3139  0.4834
Y -0.0128  0.8286  0.5597
Z -0.5762 -0.4635  0.6731

PART 7
OFFSET  13.0153  7.4786 -6.7891
X  0.8172 -0.3139  0.4834
Y -0.0128  0.8286  0.5597
Z -0.5762 -0.4635  0.6731

PART 8
OFFSET  13.3191  5.7741 -7.4153
X  0.8172 -0.3139  0.4834
Y -0.0128  0.8286  0.5597
Z -0.5762 -0.4635  0.6731

PART 9
OFFSET  13.5753  5.8531 -8.5831
X  0.8172 -0.3139  0.4834
Y -0.0128  0.8286  0.5597
Z -0.5762 -0.4635  0.6731

PART 10
OFFSET  15.3079  6.6240 -7.6289
X  0.7948  0.5647 -0.2222
Y -0.3328  0.7118  0.6185
Z  0.5075 -0.4176  0.7537

PART 11
OFFSET  15.5526  7.3935 -6.8225
X  0.6860  0.6257  0.3714
Y -0.7221  0.5231  0.4527
Z  0.0890 -0.5787  0.8107

PART 12
OFFSET  16.9658  8.7637 -5.9309
X  0.8344  0.5446 -0.0848
Y -0.3287  0.6152  0.7166
Z  0.4424 -0.5700  0.6923

PART 13
OFFSET  18.3820  9.5422 -6.0330
X  0.6294  0.7454  0.2196
Y -0.7069  0.4319  0.5602
Z  0.3227 -0.5079  0.7987

PART 14
OFFSET  19.0654  10.3324 -5.7494
X  0.1117  0.9654 -0.2355
Y -0.3971 -0.1739 -0.9012
Z -0.9110  0.1942  0.3639

PART 15
OFFSET  16.4394  6.2553 -8.3269
X  0.9779 -0.1934 -0.0797
Y -0.0123 -0.4335  0.9011
Z -0.2088 -0.8802 -0.4262

PART 16
OFFSET  18.6654  5.8959 -8.3334
X  0.2407 -0.3940  0.8870
Y -0.9654 -0.0025  0.2609
Z -0.1006 -0.9191 -0.3809

PART 17
OFFSET  19.0063  5.3381 -7.0776
X -0.5837 -0.2426  0.7749
Y -0.8094  0.2497 -0.5316
Z -0.0646 -0.9374 -0.3421

PART 18
OFFSET  18.4887  5.1230 -6.3906
X -0.4310 -0.3027  0.8501
Y -0.8952  0.2615 -0.3608
Z -0.1131 -0.9165 -0.3837

PART 19
OFFSET  18.0792  4.8355 -5.5830
X  0.9080  0.1999 -0.3682
Y -0.4128  0.2764 -0.8679
Z -0.0717  0.9400  0.3335

PART 20
OFFSET  16.3221  6.9108 -8.0700
X  0.8616  0.3163 -0.3969
Y  0.5052 -0.4599  0.7302
Z  0.0484 -0.8297 -0.5561

PART 21
OFFSET  18.8229  7.2831 -8.6748
X  0.7741 -0.3271  0.5421
Y -0.6283 -0.2920  0.7211
Z -0.0776 -0.8987 -0.4315

PART 22
OFFSET  20.1408  6.7262 -7.7520
X -0.4962 -0.3443  0.7970
Y -0.8668  0.2498 -0.4317
Z -0.0504 -0.9050 -0.4224

PART 23
OFFSET  19.4531  6.2490 -6.6474
X -0.4222 -0.3698  0.8277
Y -0.9052  0.2206 -0.3632
Z -0.0483 -0.9026 -0.4279

PART 24
OFFSET  18.9952  5.8480 -5.7497
X  0.8606  0.1326 -0.4917
Y -0.4967  0.4312 -0.7532
Z  0.1122  0.8925  0.4370

PART 25
OFFSET  17.5015  9.2712 -6.9279
X  0.9533  0.2776 -0.1191
Y -0.2672  0.5912 -0.7610
Z -0.1408  0.7573  0.6377

PART 26
OFFSET  17.9652  9.5165 -8.3084
X  0.9939  0.1093 -0.0111
Y  0.0970 -0.8257  0.5558
Z  0.0516 -0.5535 -0.8313

PART 27
OFFSET  19.7152  9.7089 -8.3279
X  0.9986  0.0407 -0.0337
Y  0.0522 -0.8585  0.5102
Z -0.0081 -0.5112 -0.8594

PART 28
OFFSET  20.9297  9.7894 -8.3167
X  0.9387 -0.2240  0.2620
Y -0.3260 -0.8243  0.4630
Z  0.1122 -0.5200 -0.8468

PART 29
OFFSET  21.9900  9.5364 -8.0207
X  0.0202  0.6707 -0.7414
Y -0.9994  0.0347  0.0041
Z  0.0285  0.7409  0.6710

PART 30
OFFSET  18.3326  8.6092 -8.8205
X  0.9751 -0.0131  0.2215
Y -0.2065 -0.4183  0.8845
Z  0.0811 -0.9082 -0.4105

PART 31
OFFSET  20.2374  8.5837 -8.3878
X  0.4886 -0.3349  0.8057
Y -0.8719 -0.2222  0.4365
Z  0.0328 -0.9157 -0.4005

PART 32
OFFSET  20.9511  8.0945 -7.2110
X -0.1574 -0.3939  0.9056
Y -0.9873  0.0811 -0.1363
Z -0.0198 -0.9156 -0.4017

PART 33
OFFSET  20.7734  7.6419 -6.1881
X  0.7526  0.3087 -0.5816
Y -0.6539  0.2465 -0.7153
Z -0.0775  0.9187  0.3874

PART 34
OFFSET  18.4154  7.1350 -7.4161
X  0.0289 -0.8660 -0.4993
Y -0.5075  0.4176 -0.7537
Z  0.8612  0.2751 -0.4274

PART 35
OFFSET  13.0459  0.7533 -4.9301
X  0.6424  0.7637 -0.0640
Y -0.7607  0.6456  0.0675
Z  0.0929  0.0053  0.9957

PART 36
OFFSET  13.0459  0.7533 -4.9301
X  0.6424  0.7637 -0.0640
Y -0.7607  0.6456  0.0675
Z  0.0929  0.0053  0.9957

PART 37
OFFSET -147.7168 -174.9783 -135.7528
X -0.0929 -0.0053 -0.9957
Y -0.7607  0.6456  0.0675
Z  0.6424  0.7637 -0.0640

PART 38
OFFSET  13.0943  0.7654 -4.5009
X  0.6424  0.7637 -0.0640
Y -0.7607  0.6456  0.0675
Z  0.0929  0.0053  0.9957

PART 39
OFFSET  16.2177  4.7602 -7.5790
X  0.6424  0.7637 -0.0640
Y -0.7607  0.6456  0.0675
Z  0.0929  0.0053  0.9957

PART 40
OFFSET  7.3627 -4.3402 -4.3366
X  0.5060  0.5247  0.6845
Y -0.7607  0.6456  0.0675
Z -0.4065 -0.5549  0.7258

PART 41
OFFSET  7.2646 -4.2570 -4.3279
X  0.6424  0.7637 -0.0640
Y -0.7607  0.6456  0.0675
Z  0.0929  0.0053  0.9957

PART 42
OFFSET  15.8691  3.8857 -3.1458
X  0.6424  0.7637 -0.0640
Y -0.7607  0.6456  0.0675
Z  0.0929  0.0053  0.9957

PART 43
OFFSET  11.2510 -1.2076 -6.1537
X  0.6424  0.7637 -0.0640
Y -0.7607  0.6456  0.0675
Z  0.0929  0.0053  0.9957

PART 44
OFFSET  14.9774  2.8653 -3.3616
X  0.7588 -0.6222  0.1925
Y  0.6424  0.7637 -0.0640
Z -0.1072  0.1722  0.9792

PART 45
OFFSET -12.9782 -7.9373 -1.9159
X -0.7002  0.0424  0.7127
Y -0.3546 -0.8871 -0.2956
Z  0.6197 -0.4597  0.6362

PART 46
OFFSET -4.5101 -8.4503 -10.5350
X -0.9874 -0.0217 -0.1568
Y  0.1579 -0.0674 -0.9852
Z  0.0108 -0.9975  0.0700

PART 47
OFFSET  3.8882 -8.2659 -9.2016
X -0.9874 -0.0217 -0.1568
Y  0.1417  0.3195 -0.9369
Z  0.0704 -0.9473 -0.3124

PART 48
OFFSET  5.1790 -7.0430 -8.3277
X -0.9883 -0.0185 -0.1511
Y -0.0103  0.9984 -0.0554
Z  0.1519 -0.0532 -0.9870

PART 49
OFFSET  5.4133 -7.5749 -7.2799
X -0.9883 -0.0185 -0.1511
Y -0.0103  0.9984 -0.0554
Z  0.1519 -0.0532 -0.9870

PART 50
OFFSET  5.5600 -8.9086 -7.3840
X -0.9883 -0.0185 -0.1511
Y -0.0103  0.9984 -0.0554
Z  0.1519 -0.0532 -0.9870

PART 51
OFFSET  6.9152 -8.1994 -8.7210
X -0.6391 -0.7273 -0.2502
Y  0.1058  0.2390 -0.9652
Z  0.7618 -0.6434 -0.0758

PART 52
OFFSET  6.7878 -7.8387 -7.6459
X  0.0965 -0.8500 -0.5178
Y  0.3056  0.5204 -0.7974
Z  0.9472 -0.0813  0.3100

PART 53
OFFSET  6.4963 -6.0518 -6.4662
X -0.3303 -0.9438 -0.0083
Y  0.4102 -0.1356 -0.9019
Z  0.8501 -0.3013  0.4319

PART 54
OFFSET  6.9587 -4.5024 -6.5549
X -0.4009 -0.6243  0.6705
Y  0.1083 -0.7591 -0.6419
Z  0.9097 -0.1847  0.3719

PART 55
OFFSET  7.3487 -3.8060 -7.2861
X -0.8579 -0.4986  0.1238
Y -0.4920  0.7279 -0.4776
Z  0.1480 -0.4707 -0.8698

PART 56
OFFSET  7.4154 -7.1980 -9.5275
X -0.5517 -0.7604  0.3426
Y  0.8014 -0.5971 -0.0346
Z  0.2309  0.2555  0.9388

PART 57
OFFSET  8.5904 -5.3791 -10.1564
X  0.3217 -0.9057 -0.2760
Y  0.9104  0.3759 -0.1727
Z  0.2601 -0.1957  0.9455

PART 58
OFFSET  8.1350 -4.0967 -9.7657
X  0.9282 -0.2120 -0.3057
Y  0.2512  0.9633  0.0945
Z  0.2745 -0.1645  0.9474

PART 59
OFFSET  7.3120 -3.9088 -9.4946
X  0.5433  0.8362 -0.0749
Y -0.7907  0.5396  0.2892
Z  0.2823 -0.0979  0.9543

PART 60
OFFSET  6.7959 -4.7032 -9.4235
X  0.0400 -0.9642 -0.2623
Y -0.9109 -0.1431  0.3871
Z -0.4108  0.2234 -0.8839

PART 61
OFFSET  7.5920 -7.2867 -8.8416
X -0.6361 -0.7694  0.0579
Y  0.7693 -0.6382 -0.0282
Z  0.0586  0.0266  0.9979

PART 62
OFFSET  9.2513 -5.3079 -9.1407
X  0.5197 -0.8430 -0.1391
Y  0.8398  0.5339 -0.0982
Z  0.1571 -0.0658  0.9854

PART 63
OFFSET  8.3665 -3.8727 -8.9039
X  0.9841  0.0848 -0.1561
Y -0.0688  0.9921  0.1050
Z  0.1638 -0.0926  0.9821

PART 64
OFFSET  7.0026 -3.9902 -8.6876
X  0.3077  0.9506  0.0412
Y -0.9383  0.2960  0.1786
Z  0.1576 -0.0936  0.9831

PART 65
OFFSET  6.6690 -5.0212 -8.7322
X  0.2917 -0.9525 -0.0874
Y -0.9510 -0.2986  0.0803
Z -0.1026  0.0597 -0.9929

PART 66
OFFSET  4.5741 -11.7732 -8.9866
X -0.4100 -0.9094 -0.0698
Y -0.9099  0.4131 -0.0380
Z  0.0634  0.0479 -0.9968

PART 67
OFFSET  9.6088 -5.7848 -7.0463
X -0.3781 -0.9221 -0.0827
Y  0.9237 -0.3699 -0.0995
Z  0.0612 -0.1140  0.9916

PART 68
OFFSET  10.2746 -4.1614 -6.9008
X  0.5383 -0.8387 -0.0825
Y  0.8427  0.5371  0.0374
Z  0.0129 -0.0896  0.9959

PART 69
OFFSET  9.6210 -3.1472 -6.7400
X  0.9966 -0.0385 -0.0734
Y  0.0481  0.9898  0.1340
Z  0.0675 -0.1370  0.9883

PART 70
OFFSET  8.4954 -3.1037 -6.6571
X -0.3489 -0.9195  0.1810
Y -0.9362  0.3507 -0.0227
Z -0.0426 -0.1773 -0.9832

PART 71
OFFSET  9.5189 -5.4877 -8.1066
X  0.3686 -0.9248 -0.0943
Y  0.9293  0.3690  0.0142
Z  0.0217 -0.0929  0.9954

PART 72
OFFSET  8.7988 -3.6811 -7.9224
X  0.9993  0.0314 -0.0216
Y -0.0302  0.9983  0.0508
Z  0.0232 -0.0501  0.9985

PART 73
OFFSET  7.3392 -3.7269 -7.8908
X  0.4846  0.8747  0.0011
Y -0.8747  0.4846 -0.0051
Z -0.0050  0.0015  1.0000

PART 74
OFFSET  6.7898 -4.7172 -7.8992
X  0.1874 -0.9804 -0.0615
Y -0.9790 -0.1915  0.0699
Z -0.0804  0.0471 -0.9957

PART 75
OFFSET  0.0000 -0.0000 -0.0000
X  1.0000 -0.0000  0.0000
Y  0.0000  1.0000  0.0000
Z  0.0000 -0.0000  1.0000

PART 76
OFFSET -0.0000 -0.0000 -0.0000
X  0.9986  0.0000 -0.0523
Y  0.0055  0.9945  0.1044
Z  0.0520 -0.1045  0.9932

PART 77
OFFSET  1.7536 -0.4323  4.0268
X  0.9986  0.0000 -0.0523
Y  0.0055  0.9945  0.1044
Z  0.0520 -0.1045  0.9932


FRAME 811
PART 0
OFFSET  0.0000 -0.0000 -0.0000
X  1.0000 -0.0000  0.0000
Y  0.0000  1.0000  0.0000
Z  0.0000 -0.0000  1.0000

PART 1
OFFSET -4.6318 -0.0000 -1.3770
X  1.0000 -0.0000  0.0000
Y  0.0000  1.0000  0.0000
Z  0.0000 -0.0000  1.0000

PART 2
OFFSET -2.1458  5.0340 -5.9168
X  0.6910  0.4335 -0.5785
Y  0.4025 -0.8955 -0.1902
Z -0.6004 -0.1014 -0.7932

PART 3
OFFSET  6.2113  10.2762 -12.9127
X  0.7953 -0.3178  0.5163
Y -0.6049 -0.4724  0.6410
Z  0.0402 -0.8221 -0.5680

PART 4
OFFSET  12.9753  7.5731 -8.5214
X  0.7953 -0.3178  0.5163
Y -0.0044  0.8486  0.5291
Z -0.6063 -0.4230  0.6735

PART 5
OFFSET  14.2052  8.9116 -8.0221
X  0.7987 -0.3127  0.5140
Y -0.0338  0.8297  0.5572
Z -0.6007 -0.4624  0.6521

PART 6
OFFSET  14.5707  7.2436 -9.2174
X  0.7987 -0.3127  0.5140
Y -0.0338  0.8297  0.5572
Z -0.6007 -0.4624  0.6521

PART 7
OFFSET  13.0910  7.4543 -6.1862
X  0.7987 -0.3127  0.5140
Y -0.0338  0.8297  0.5572
Z -0.6007 -0.4624  0.6521

PART 8
OFFSET  13.4183  5.7486 -6.7973
X  0.7987 -0.3127  0.5140
Y -0.0338  0.8297  0.5572
Z -0.6007 -0.4624  0.6521

PART 9
OFFSET  13.7176  5.8255 -7.9550
X  0.7987 -0.3127  0.5140
Y -0.0338  0.8297  0.5572
Z -0.6007 -0.4624  0.6521

PART 10
OFFSET  15.4133  6.5988 -6.9386
X  0.8123  0.5590 -0.1663
Y -0.3340  0.6796  0.6531
Z  0.4781 -0.4750  0.7388

PART 11
OFFSET  15.6527  7.3111 -6.0798
X  0.6890  0.5856  0.4270
Y -0.7227  0.5105  0.4660
Z  0.0549 -0.6297  0.7749

PART 12
OFFSET  17.0705  8.5907 -5.0687
X  0.8478  0.5295 -0.0295
Y -0.3345  0.5771  0.7450
Z  0.4115 -0.6218  0.6664

PART 13
OFFSET  18.5052  9.3414 -5.0861
X  0.6391  0.7157  0.2816
Y -0.7122  0.4125  0.5680
Z  0.2903 -0.5636  0.7734

PART 14
OFFSET  19.1975  10.0966 -4.7365
X  0.1385  0.9753 -0.1718
Y -0.3765 -0.1086 -0.9200
Z -0.9160  0.1921  0.3521

PART 15
OFFSET  16.5550  6.2481 -7.6293
X  0.9753 -0.2104 -0.0668
Y -0.0456 -0.4880  0.8717
Z -0.2160 -0.8471 -0.4855

PART 16
OFFSET  18.7722  5.8388 -7.6019
X  0.2085 -0.4535  0.8665
Y -0.9718  0.0035  0.2357
Z -0.1100 -0.8912 -0.4400

PART 17
OFFSET  19.0674  5.1967 -6.3751
X -0.6093 -0.2766  0.7432
Y -0.7894  0.3006 -0.5353
Z -0.0754 -0.9127 -0.4015

PART 18
OFFSET  18.5272  4.9515 -5.7162
X -0.4600 -0.3447  0.8183
Y -0.8795  0.3038 -0.3664
Z -0.1223 -0.8882 -0.4429

PART 19
OFFSET  18.0903  4.6240 -4.9388
X  0.9216  0.2014 -0.3318
Y -0.3834  0.3390 -0.8591
Z -0.0605  0.9190  0.3896

PART 20
OFFSET  16.4449  6.8890 -7.3350
X  0.8785  0.3204 -0.3544
Y  0.4756 -0.5157  0.7127
Z  0.0456 -0.7946 -0.6054

PART 21
OFFSET  18.9683  7.2406 -7.8518
X  0.7522 -0.3777  0.5400
Y -0.6535 -0.3216  0.6853
Z -0.0852 -0.8683 -0.4887

PART 22
OFFSET  20.2489  6.5975 -6.9325
X -0.5245 -0.3815  0.7611
Y -0.8494  0.2958 -0.4371
Z -0.0584 -0.8757 -0.4792

PART 23
OFFSET  19.5219  6.0688 -5.8776
X -0.4519 -0.4105  0.7920
Y -0.8903  0.2633 -0.3715
Z -0.0560 -0.8730 -0.4845

PART 24
OFFSET  19.0318  5.6236 -5.0187
X  0.8761  0.1430 -0.4605
Y -0.4671  0.4883 -0.7371
Z  0.1195  0.8609  0.4946

PART 25
OFFSET  17.6434  9.1466 -6.0182
X  0.9618  0.2625 -0.0774
Y -0.2341  0.6431 -0.7291
Z -0.1416  0.7194  0.6800

PART 26
OFFSET  18.1490  9.4661 -7.3685
X  0.9960  0.0869  0.0210
Y  0.0645 -0.8605  0.5054
Z  0.0620 -0.5020 -0.8626

PART 27
OFFSET  19.9026  9.6192 -7.3316
X  0.9998  0.0198 -0.0057
Y  0.0202 -0.8894  0.4567
Z  0.0039 -0.4568 -0.8896

PART 28
OFFSET  21.1178  9.6709 -7.2846
X  0.9264 -0.2613  0.2712
Y -0.3557 -0.8436  0.4022
Z  0.1237 -0.4690 -0.8745

PART 29
OFFSET  22.1641  9.3758 -6.9782
X  0.0543  0.7147 -0.6973
Y -0.9982  0.0573 -0.0190
Z  0.0264  0.6971  0.7165

PART 30
OFFSET  18.5104  8.5840 -7.9268
X  0.9683 -0.0491  0.2449
Y -0.2390 -0.4673  0.8512
Z  0.0727 -0.8827 -0.4643

PART 31
OFFSET  20.4021  8.4881 -7.4484
X  0.4597 -0.3952  0.7953
Y -0.8878 -0.2287  0.3995
Z  0.0240 -0.8897 -0.4560

PART 32
OFFSET  21.0735  7.9108 -6.2867
X -0.1899 -0.4455  0.8749
Y -0.9814  0.1121 -0.1560
Z -0.0286 -0.8883 -0.4584

PART 33
OFFSET  20.8589  7.3999 -5.2989
X  0.7743  0.3268 -0.5420
Y -0.6292  0.3052 -0.7148
Z -0.0682  0.8945  0.4419

PART 34
OFFSET  18.5242  7.0243 -6.6156
X  0.0238 -0.8338 -0.5515
Y -0.4781  0.4750 -0.7388
Z  0.8780  0.2812 -0.3874

PART 35
OFFSET  12.9554  0.6258 -4.6700
X  0.6600  0.7513  0.0001
Y -0.7483  0.6574  0.0884
Z  0.0663 -0.0584  0.9961

PART 36
OFFSET  12.9554  0.6258 -4.6700
X  0.6600  0.7513  0.0001
Y -0.7483  0.6574  0.0884
Z  0.0663 -0.0584  0.9961

PART 37
OFFSET -147.9636 -162.9390 -150.2462
X -0.0663  0.0584 -0.9961
Y -0.7483  0.6574  0.0884
Z  0.6600  0.7513  0.0001

PART 38
OFFSET  12.9925  0.6102 -4.2398
X  0.6600  0.7513  0.0001
Y -0.7483  0.6574  0.0884
Z  0.0663 -0.0584  0.9961

PART 39
OFFSET  16.2815  4.7151 -6.9821
X  0.6600  0.7513  0.0001
Y -0.7483  0.6574  0.0884
Z  0.0663 -0.0584  0.9961

PART 40
OFFSET  7.1511 -4.3630 -4.5399
X  0.4986  0.4696  0.7286
Y -0.7483  0.6574  0.0884
Z -0.4375 -0.5893  0.6792

PART 41
OFFSET  7.0546 -4.2782 -4.5285
X  0.6600  0.7513  0.0001
Y -0.7483  0.6574  0.0884
Z  0.0663 -0.0584  0.9961

PART 42
OFFSET  15.7961  3.5762 -2.6225
X  0.6600  0.7513  0.0001
Y -0.7483  0.6574  0.0884
Z  0.0663 -0.0584  0.9961

PART 43
OFFSET  11.1525 -1.2140 -6.0588
X  0.6600  0.7513  0.0001
Y -0.7483  0.6574  0.0884
Z  0.0663 -0.0584  0.9961

PART 44
OFFSET  14.8888  2.5918 -2.9241
X  0.7400 -0.6501  0.1724
Y  0.6600  0.7513  0.0001
Z -0.1296  0.1137  0.9850

PART 45
OFFSET -12.9782 -7.9373 -1.9159
X -0.6830  0.0309  0.7298
Y -0.3514 -0.8898 -0.2912
Z  0.6403 -0.4554  0.6185

PART 46
OFFSET -4.7184 -8.3107 -10.7419
X -0.9902 -0.0327 -0.1361
Y  0.1379 -0.0608 -0.9886
Z  0.0241 -0.9976  0.0647

PART 47
OFFSET  3.7032 -8.0324 -9.5841
X -0.9902 -0.0327 -0.1361
Y  0.1191  0.3141 -0.9419
Z  0.0736 -0.9488 -0.3071

PART 48
OFFSET  4.9977 -6.7984 -8.7314
X -0.9910 -0.0296 -0.1304
Y -0.0232  0.9985 -0.0501
Z  0.1317 -0.0467 -0.9902

PART 49
OFFSET  5.2602 -7.3325 -7.6914
X -0.9910 -0.0296 -0.1304
Y -0.0232  0.9985 -0.0501
Z  0.1317 -0.0467 -0.9902

PART 50
OFFSET  5.4204 -8.6638 -7.8052
X -0.9910 -0.0296 -0.1304
Y -0.0232  0.9985 -0.0501
Z  0.1317 -0.0467 -0.9902

PART 51
OFFSET  6.7387 -7.9321 -9.1668
X -0.6476 -0.6956 -0.3112
Y  0.1367  0.2958 -0.9454
Z  0.7497 -0.6548 -0.0965

PART 52
OFFSET  6.5903 -7.6358 -8.0748
X  0.0922 -0.8184 -0.5673
Y  0.3378  0.5616 -0.7553
Z  0.9367 -0.1220  0.3282

PART 53
OFFSET  6.3056 -5.9192 -6.7936
X -0.3500 -0.9337 -0.0756
Y  0.4311 -0.0889 -0.8979
Z  0.8316 -0.3469  0.4337

PART 54
OFFSET  6.8031 -4.3783 -6.7736
X -0.4318 -0.6552  0.6199
Y  0.1093 -0.7202 -0.6851
Z  0.8953 -0.2281  0.3826

PART 55
OFFSET  7.2273 -3.6471 -7.4498
X -0.8714 -0.4855  0.0706
Y -0.4634  0.7672 -0.4435
Z  0.1612 -0.4192 -0.8935

PART 56
OFFSET  7.2816 -6.8945 -9.8963
X -0.5768 -0.7673  0.2804
Y  0.7891 -0.6120 -0.0515
Z  0.2111  0.1915  0.9585

PART 57
OFFSET  8.5115 -5.0676 -10.3803
X  0.3096 -0.8941 -0.3238
Y  0.9225  0.3649 -0.1257
Z  0.2305 -0.2598  0.9378

PART 58
OFFSET  8.0732 -3.8018 -9.9219
X  0.9313 -0.2139 -0.2948
Y  0.2690  0.9496  0.1608
Z  0.2455 -0.2290  0.9419

PART 59
OFFSET  7.2475 -3.6121 -9.6606
X  0.5628  0.8265 -0.0087
Y -0.7864  0.5387  0.3022
Z  0.2545 -0.1632  0.9532

PART 60
OFFSET  6.7128 -4.3974 -9.6523
X  0.0264 -0.9467 -0.3209
Y -0.9237 -0.1458  0.3542
Z -0.3822  0.2871 -0.8784

PART 61
OFFSET  7.4378 -7.0295 -9.2130
X -0.6537 -0.7567 -0.0064
Y  0.7560 -0.6527 -0.0485
Z  0.0325 -0.0366  0.9988

PART 62
OFFSET  9.1463 -5.0746 -9.3457
X  0.5051 -0.8444 -0.1783
Y  0.8533  0.5196 -0.0434
Z  0.1293 -0.1302  0.9830

PART 63
OFFSET  8.2863 -3.6369 -9.0422
X  0.9895  0.0717 -0.1255
Y -0.0504  0.9850  0.1650
Z  0.1354 -0.1570  0.9783

PART 64
OFFSET  6.9150 -3.7362 -8.8683
X  0.3267  0.9389  0.1082
Y -0.9363  0.3058  0.1729
Z  0.1293 -0.1578  0.9790

PART 65
OFFSET  6.5607 -4.7545 -8.9857
X  0.2736 -0.9517 -0.1393
Y -0.9589 -0.2811  0.0374
Z -0.0748  0.1234 -0.9895

PART 66
OFFSET  4.3299 -11.4281 -9.7144
X -0.4273 -0.8937 -0.1368
Y -0.8995  0.4354 -0.0351
Z  0.0910  0.1081 -0.9900

PART 67
OFFSET  9.4375 -5.6883 -7.2768
X -0.3953 -0.9063 -0.1497
Y  0.9180 -0.3841 -0.0990
Z  0.0322 -0.1765  0.9838

PART 68
OFFSET  10.1336 -4.0927 -7.0134
X  0.5223 -0.8442 -0.1210
Y  0.8526  0.5143  0.0922
Z -0.0156 -0.1514  0.9884

PART 69
OFFSET  9.4977 -3.0757 -6.8062
X  0.9971 -0.0568 -0.0504
Y  0.0656  0.9783  0.1967
Z  0.0382 -0.1994  0.9792

PART 70
OFFSET  8.3714 -3.0115 -6.7492
X -0.3731 -0.9207  0.1143
Y -0.9276  0.3728 -0.0245
Z -0.0200 -0.1151 -0.9931

PART 71
OFFSET  9.3822 -5.3241 -8.3184
X  0.3512 -0.9254 -0.1425
Y  0.9363  0.3460  0.0608
Z -0.0069 -0.1547  0.9879

PART 72
OFFSET  8.6962 -3.5163 -8.0400
X  0.9999  0.0097  0.0057
Y -0.0103  0.9936  0.1122
Z -0.0046 -0.1123  0.9937

PART 73
OFFSET  7.2357 -3.5305 -8.0484
X  0.5030  0.8616  0.0680
Y -0.8637  0.5040  0.0030
Z -0.0317 -0.0603  0.9977

PART 74
OFFSET  6.6657 -4.5056 -8.1325
X  0.1680 -0.9787 -0.1179
Y -0.9844 -0.1730  0.0330
Z -0.0527  0.1105 -0.9925

PART 75
OFFSET  0.0000 -0.0000 -0.0000
X  1.0000 -0.0000  0.0000
Y  0.0000  1.0000  0.0000
Z  0.0000 -0.0000  1.0000

PART 76
OFFSET -0.0000 -0.0000 -0.0000
X  0.9988  0.0000 -0.0498
Y  0.0050  0.9950  0.1000
Z  0.0495 -0.1001  0.9937

PART 77
OFFSET  1.7434 -0.4141  4.0332
X  0.9988  0.0000 -0.0498
Y  0.0050  0.9950  0.1000
Z  0.0495 -0.1001  0.9937


FRAME 812
PART 0
OFFSET  0.0000 -0.0000 -0.0000
X  1.0000 -0.0000  0.0000
Y  0.0000  1.0000  0.0000
Z  0.0000 -0.0000  1.0000

PART 1
OFFSET -4.6318 -0.0000 -1.3770
X  1.0000 -0.0000  0.0000
Y  0.0000  1.0000  0.0000
Z  0.0000 -0.0000  1.0000

PART 2
OFFSET -2.1458  5.0340 -5.9168
X  0.7261  0.4275 -0.5386
Y  0.4055 -0.8988 -0.1667
Z -0.5553 -0.0974 -0.8259

PART 3
OFFSET  6.6355  10.2038 -12.4302
X  0.7701 -0.3178  0.5532
Y -0.6346 -0.4710  0.6127
Z  0.0658 -0.8229 -0.5644

PART 4
OFFSET  13.1853  7.5006 -7.7254
X  0.7701 -0.3178  0.5532
Y -0.1646  0.7387  0.6536
Z -0.6164 -0.5944  0.5165

PART 5
OFFSET  14.3919  8.8386 -7.1712
X  0.7737 -0.3127  0.5510
Y -0.0589  0.8304  0.5540
Z -0.6309 -0.4610  0.6241

PART 6
OFFSET  14.8110  7.1687 -8.3459
X  0.7737 -0.3127  0.5510
Y -0.0589  0.8304  0.5540
Z -0.6309 -0.4610  0.6241

PART 7
OFFSET  13.1920  7.3848 -5.3871
X  0.7737 -0.3127  0.5510
Y -0.0589  0.8304  0.5540
Z -0.6309 -0.4610  0.6241

PART 8
OFFSET  13.5457  5.6780 -5.9802
X  0.7737 -0.3127  0.5510
Y -0.0589  0.8304  0.5540
Z -0.6309 -0.4610  0.6241

PART 9
OFFSET  13.8987  5.7531 -7.1227
X  0.7737 -0.3127  0.5510
Y -0.0589  0.8304  0.5540
Z -0.6309 -0.4610  0.6241

PART 10
OFFSET  15.5460  6.5262 -6.0296
X  0.8385  0.5382 -0.0851
Y -0.3432  0.6431  0.6846
Z  0.4232 -0.5449  0.7239

PART 11
OFFSET  15.7658  7.1651 -5.1099
X  0.6861  0.5266  0.5019
Y -0.7274  0.5028  0.4670
Z -0.0064 -0.6855  0.7281

PART 12
OFFSET  17.1734  8.3136 -3.9398
X  0.8660  0.4975  0.0507
Y -0.3520  0.5343  0.7686
Z  0.3553 -0.6834  0.6378

PART 13
OFFSET  18.6322  9.0084 -3.8323
X  0.6482  0.6687  0.3643
Y -0.7256  0.3973  0.5618
Z  0.2309 -0.6285  0.7427

PART 14
OFFSET  19.3314  9.7095 -3.3949
X  0.1806  0.9792 -0.0924
Y -0.3326 -0.0276 -0.9427
Z -0.9256  0.2010  0.3207

PART 15
OFFSET  16.7086  6.1829 -6.6883
X  0.9696 -0.2421 -0.0350
Y -0.1068 -0.5474  0.8300
Z -0.2201 -0.8011 -0.5566

PART 16
OFFSET  18.9062  5.6885 -6.5840
X  0.1483 -0.5224  0.8397
Y -0.9819  0.0236  0.1881
Z -0.1181 -0.8524 -0.5094

PART 17
OFFSET  19.1161  4.9489 -5.3952
X -0.6555 -0.3060  0.6904
Y -0.7502  0.3683 -0.5491
Z -0.0862 -0.8779 -0.4710

PART 18
OFFSET  18.5349  4.6776 -4.7830
X -0.5127 -0.3850  0.7674
Y -0.8487  0.3627 -0.3850
Z -0.1301 -0.8487 -0.5127

PART 19
OFFSET  18.0478  4.3119 -4.0540
X  0.9437  0.1895 -0.2711
Y -0.3272  0.4143 -0.8493
Z -0.0486  0.8902  0.4530

PART 20
OFFSET  16.6059  6.8047 -6.3531
X  0.9059  0.3114 -0.2869
Y  0.4205 -0.5835  0.6948
Z  0.0489 -0.7501 -0.6595

PART 21
OFFSET  19.1630  7.0961 -6.7200
X  0.7102 -0.4440  0.5464
Y -0.6982 -0.3449  0.6273
Z -0.0901 -0.8270 -0.5550

PART 22
OFFSET  20.3721  6.3402 -5.7899
X -0.5755 -0.4151  0.7046
Y -0.8153  0.3587 -0.4546
Z -0.0641 -0.8361 -0.5448

PART 23
OFFSET  19.5745  5.7649 -4.8133
X -0.5056 -0.4490  0.7367
Y -0.8606  0.3232 -0.3937
Z -0.0614 -0.8331 -0.5498

PART 24
OFFSET  19.0261  5.2780 -4.0143
X  0.9028  0.1423 -0.4058
Y -0.4118  0.5576 -0.7208
Z  0.1237  0.8179  0.5620

PART 25
OFFSET  17.8128  8.9142 -4.8169
X  0.9730  0.2305 -0.0112
Y -0.1743  0.7024 -0.6901
Z -0.1512  0.6734  0.7236

PART 26
OFFSET  18.3973  9.3107 -6.1139
X  0.9960  0.0472  0.0754
Y  0.0089 -0.8965  0.4430
Z  0.0885 -0.4406 -0.8934

PART 27
OFFSET  20.1510  9.3937 -5.9811
X  0.9989 -0.0180  0.0441
Y -0.0338 -0.9201  0.3903
Z  0.0335 -0.3913 -0.9196

PART 28
OFFSET  21.3632  9.3956 -5.8716
X  0.9018 -0.3153  0.2956
Y -0.4046 -0.8562  0.3211
Z  0.1519 -0.4092 -0.8997

PART 29
OFFSET  22.3818  9.0395 -5.5377
X  0.1144  0.7605 -0.6392
Y -0.9933  0.0966 -0.0630
Z  0.0138  0.6421  0.7665

PART 30
OFFSET  18.7561  8.4579 -6.7176
X  0.9523 -0.1035  0.2871
Y -0.2980 -0.5180  0.8018
Z  0.0657 -0.8491 -0.5241

PART 31
OFFSET  20.6165  8.2557 -6.1567
X  0.4046 -0.4687  0.7852
Y -0.9143 -0.2229  0.3381
Z  0.0165 -0.8548 -0.5187

PART 32
OFFSET  21.2075  7.5711 -5.0098
X -0.2495 -0.4998  0.8294
Y -0.9677  0.1603 -0.1945
Z -0.0358 -0.8512 -0.5236

PART 33
OFFSET  20.9253  6.9990 -4.0740
X  0.8117  0.3352 -0.4783
Y -0.5810  0.3797 -0.7199
Z -0.0597  0.8622  0.5030

PART 34
OFFSET  18.6493  6.8084 -5.5260
X  0.0231 -0.7922 -0.6098
Y -0.4232  0.5449 -0.7239
Z  0.9058  0.2747 -0.3227

PART 35
OFFSET  12.7711  0.5033 -4.3296
X  0.6847  0.7236  0.0875
Y -0.7287  0.6774  0.1004
Z  0.0134 -0.1325  0.9911

PART 36
OFFSET  12.7711  0.5033 -4.3296
X  0.6847  0.7236  0.0875
Y -0.7287  0.6774  0.1004
Z  0.0134 -0.1325  0.9911

PART 37
OFFSET -146.0623 -145.8964 -169.1928
X -0.0134  0.1325 -0.9911
Y -0.7287  0.6774  0.1004
Z  0.6847  0.7236  0.0875

PART 38
OFFSET  12.7857  0.4554 -3.9004
X  0.6847  0.7236  0.0875
Y -0.7287  0.6774  0.1004
Z  0.0134 -0.1325  0.9911

PART 39
OFFSET  16.3499  4.6188 -6.1700
X  0.6847  0.7236  0.0875
Y -0.7287  0.6774  0.1004
Z  0.0134 -0.1325  0.9911

PART 40
OFFSET  6.7991 -4.2570 -4.8490
X  0.4768  0.3966  0.7845
Y -0.7287  0.6774  0.1004
Z -0.4916 -0.6196  0.6119

PART 41
OFFSET  6.7051 -4.1696 -4.8361
X  0.6847  0.7236  0.0875
Y -0.7287  0.6774  0.1004
Z  0.0134 -0.1325  0.9911

PART 42
OFFSET  15.6038  3.1881 -1.9350
X  0.6847  0.7236  0.0875
Y -0.7287  0.6774  0.1004
Z  0.0134 -0.1325  0.9911

PART 43
OFFSET  10.9789 -1.1615 -5.9360
X  0.6847  0.7236  0.0875
Y -0.7287  0.6774  0.1004
Z  0.0134 -0.1325  0.9911

PART 44
OFFSET  14.6797  2.2633 -2.3520
X  0.7074 -0.6886  0.1595
Y  0.6847  0.7236  0.0875
Z -0.1757  0.0473  0.9833

PART 45
OFFSET -12.9782 -7.9373 -1.9159
X -0.6608  0.0111  0.7505
Y -0.3418 -0.8947 -0.2877
Z  0.6683 -0.4466  0.5950

PART 46
OFFSET -4.9869 -8.0718 -10.9924
X -0.9928 -0.0524 -0.1081
Y  0.1108 -0.0504 -0.9926
Z  0.0466 -0.9974  0.0558

PART 47
OFFSET  3.4568 -7.6259 -10.0728
X -0.9928 -0.0524 -0.1081
Y  0.0889  0.2855 -0.9542
Z  0.0809 -0.9569 -0.2788

PART 48
OFFSET  4.7493 -6.3716 -9.2471
X -0.9935 -0.0494 -0.1024
Y -0.0454  0.9981 -0.0412
Z  0.1042 -0.0363 -0.9939

PART 49
OFFSET  5.0526 -6.9080 -8.2194
X -0.9935 -0.0494 -0.1024
Y -0.0454  0.9981 -0.0412
Z  0.1042 -0.0363 -0.9939

PART 50
OFFSET  5.2370 -8.2347 -8.3488
X -0.9935 -0.0494 -0.1024
Y -0.0454  0.9981 -0.0412
Z  0.1042 -0.0363 -0.9939

PART 51
OFFSET  6.5003 -7.4652 -9.7413
X -0.6545 -0.6461 -0.3927
Y  0.1948  0.3577 -0.9133
Z  0.7306 -0.6742 -0.1082

PART 52
OFFSET  6.3068 -7.2429 -8.6389
X  0.0927 -0.7783 -0.6210
Y  0.3951  0.6013 -0.6945
Z  0.9140 -0.1810  0.3632

PART 53
OFFSET  6.0164 -5.6134 -7.2496
X -0.3777 -0.9118 -0.1612
Y  0.4730 -0.0403 -0.8801
Z  0.7960 -0.4086  0.4466

PART 54
OFFSET  6.5652 -4.0980 -7.0919
X -0.4852 -0.6812  0.5482
Y  0.1191 -0.6726 -0.7303
Z  0.8662 -0.2891  0.4075

PART 55
OFFSET  7.0482 -3.3367 -7.6909
X -0.8901 -0.4558 -0.0076
Y -0.4135  0.8142 -0.4075
Z  0.1920 -0.3596 -0.9132

PART 56
OFFSET  7.1151 -6.3992 -10.3651
X -0.6164 -0.7629  0.1948
Y  0.7692 -0.6364 -0.0584
Z  0.1685  0.1138  0.9791

PART 57
OFFSET  8.4304 -4.5903 -10.6529
X  0.2946 -0.8796 -0.3735
Y  0.9398  0.3376 -0.0537
Z  0.1733 -0.3352  0.9261

PART 58
OFFSET  8.0133 -3.3451 -10.1240
X  0.9372 -0.2275 -0.2644
Y  0.2931  0.9246  0.2433
Z  0.1891 -0.3055  0.9332

PART 59
OFFSET  7.1823 -3.1434 -9.8896
X  0.5907  0.8029  0.0795
Y -0.7818  0.5451  0.3028
Z  0.1998 -0.2411  0.9497

PART 60
OFFSET  6.6211 -3.9062 -9.9651
X  0.0100 -0.9215 -0.3883
Y -0.9451 -0.1356  0.2974
Z -0.3268  0.3640 -0.8722

PART 61
OFFSET  7.2316 -6.5889 -9.6868
X -0.6782 -0.7288 -0.0939
Y  0.7346 -0.6759 -0.0600
Z -0.0197 -0.1096  0.9938

PART 62
OFFSET  9.0110 -4.6960 -9.5922
X  0.4841 -0.8480 -0.2155
Y  0.8718  0.4885  0.0364
Z  0.0744 -0.2055  0.9758

PART 63
OFFSET  8.1868 -3.2522 -9.2252
X  0.9965  0.0427 -0.0719
Y -0.0248  0.9718  0.2347
Z  0.0799 -0.2321  0.9694

PART 64
OFFSET  6.8057 -3.3115 -9.1256
X  0.3529  0.9156  0.1929
Y -0.9328  0.3280  0.1496
Z  0.0737 -0.2328  0.9697

PART 65
OFFSET  6.4230 -4.3044 -9.3349
X  0.2473 -0.9489 -0.1958
Y -0.9687 -0.2463 -0.0298
Z -0.0199  0.1971 -0.9802

PART 66
OFFSET  4.0034 -10.8182 -10.6613
X -0.4503 -0.8646 -0.2229
Y -0.8810  0.4708 -0.0463
Z  0.1450  0.1755 -0.9737

PART 67
OFFSET  9.1750 -5.4679 -7.5626
X -0.4182 -0.8774 -0.2351
Y  0.9080 -0.4107 -0.0826
Z -0.0241 -0.2480  0.9685

PART 68
OFFSET  9.9113 -3.9231 -7.1487
X  0.4983 -0.8525 -0.1577
Y  0.8641  0.4734  0.1710
Z -0.0712 -0.2215  0.9726

PART 69
OFFSET  9.3012 -2.9001 -6.8979
X  0.9958 -0.0910 -0.0062
Y  0.0892  0.9583  0.2713
Z -0.0187 -0.2708  0.9625

PART 70
OFFSET  8.1764 -2.7974 -6.8909
X -0.4100 -0.9117  0.0278
Y -0.9117  0.4087 -0.0417
Z  0.0267 -0.0424 -0.9987

PART 71
OFFSET  9.1855 -5.0278 -8.5759
X  0.3259 -0.9254 -0.1933
Y  0.9433  0.3047  0.1313
Z -0.0626 -0.2251  0.9723

PART 72
OFFSET  8.5489 -3.2199 -8.1982
X  0.9981 -0.0288  0.0548
Y  0.0183  0.9826  0.1847
Z -0.0591 -0.1833  0.9813

PART 73
OFFSET  7.0911 -3.1777 -8.2782
X  0.5283  0.8347  0.1557
Y -0.8449  0.5350 -0.0015
Z -0.0846 -0.1307  0.9878

PART 74
OFFSET  6.4928 -4.1218 -8.4615
X  0.1400 -0.9734 -0.1815
Y -0.9902 -0.1373 -0.0275
Z  0.0018  0.1836 -0.9830

PART 75
OFFSET  0.0000 -0.0000 -0.0000
X  1.0000 -0.0000  0.0000
Y  0.0000  1.0000  0.0000
Z  0.0000 -0.0000  1.0000

PART 76
OFFSET -0.0000 -0.0000 -0.0000
X  0.9990 -0.0000 -0.0442
Y  0.0040  0.9959  0.0899
Z  0.0441 -0.0900  0.9950

PART 77
OFFSET  1.7211 -0.3720  4.0468
X  0.9990 -0.0000 -0.0442
Y  0.0040  0.9959  0.0899
Z  0.0441 -0.0900  0.9950


FRAME 813
PART 0
OFFSET  0.0000 -0.0000 -0.0000
X  1.0000 -0.0000  0.0000
Y  0.0000  1.0000  0.0000
Z  0.0000 -0.0000  1.0000

PART 1
OFFSET -4.6318 -0.0000 -1.3770
X  1.0000 -0.0000  0.0000
Y  0.0000  1.0000  0.0000
Z  0.0000 -0.0000  1.0000

PART 2
OFFSET -2.1458  5.0340 -5.9168
X  0.7673  0.4172 -0.4870
Y  0.4025 -0.9045 -0.1406
Z -0.4992 -0.0881 -0.8620

PART 3
OFFSET  7.1340  10.0796 -11.8067
X  0.7404 -0.3198  0.5912
Y -0.6658 -0.4692  0.5801
Z  0.0919 -0.8231 -0.5604

PART 4
OFFSET  13.4317  7.3593 -6.7786
X  0.7404 -0.3198  0.5912
Y -0.3020  0.6274  0.7177
Z -0.6005 -0.7100  0.3680

PART 5
OFFSET  14.6125  8.6941 -6.1644
X  0.7441 -0.3148  0.5892
Y -0.0844  0.8307  0.5503
Z -0.6627 -0.4592  0.5916

PART 6
OFFSET  15.0857  7.0229 -7.3167
X  0.7441 -0.3148  0.5892
Y -0.0844  0.8307  0.5503
Z -0.6627 -0.4592  0.5916

PART 7
OFFSET  13.3206  7.2438 -4.4430
X  0.7441 -0.3148  0.5892
Y -0.0844  0.8307  0.5503
Z -0.6627 -0.4592  0.5916

PART 8
OFFSET  13.6990  5.5360 -5.0175
X  0.7441 -0.3148  0.5892
Y -0.0844  0.8307  0.5503
Z -0.6627 -0.4592  0.5916

PART 9
OFFSET  14.1092  5.6100 -6.1409
X  0.7441 -0.3148  0.5892
Y -0.0844  0.8307  0.5503
Z -0.6627 -0.4592  0.5916

PART 10
OFFSET  15.7016  6.3787 -4.9663
X  0.8664  0.4991  0.0131
Y -0.3603  0.6067  0.7086
Z  0.3457 -0.6186  0.7055

PART 11
OFFSET  15.8856  6.9348 -3.9869
X  0.6729  0.4515  0.5860
Y -0.7344  0.5031  0.4556
Z -0.0891 -0.7369  0.6701

PART 12
OFFSET  17.2594  7.9184 -2.6396
X  0.8824  0.4471  0.1469
Y -0.3799  0.4926  0.7830
Z  0.2777 -0.7467  0.6044

PART 13
OFFSET  18.7376  8.5271 -2.3816
X  0.6513  0.6052  0.4577
Y -0.7440  0.3909  0.5418
Z  0.1490 -0.6934  0.7049

PART 14
OFFSET  19.4361  9.1565 -1.8451
X  0.2317  0.9728 -0.0033
Y -0.2666  0.0603 -0.9619
Z -0.9355  0.2238  0.2733

PART 15
OFFSET  16.8904  6.0264 -5.5713
X  0.9575 -0.2884  0.0106
Y -0.1899 -0.6019  0.7757
Z -0.2173 -0.7447 -0.6310

PART 16
OFFSET  19.0500  5.4131 -5.3605
X  0.0648 -0.5908  0.8042
Y -0.9905  0.0599  0.1238
Z -0.1213 -0.8046 -0.5813

PART 17
OFFSET  19.1417  4.5767 -4.2219
X -0.7158 -0.3227  0.6193
Y -0.6920  0.4465 -0.5672
Z -0.0935 -0.8345 -0.5430

PART 18
OFFSET  18.5071  4.2906 -3.6728
X -0.5825 -0.4145  0.6992
Y -0.8019  0.4338 -0.4109
Z -0.1330 -0.8000 -0.5851

PART 19
OFFSET  17.9537  3.8968 -3.0085
X  0.9681  0.1605 -0.1923
Y -0.2474  0.4931 -0.8341
Z -0.0390  0.8550  0.5171

PART 20
OFFSET  16.7932  6.6258 -5.1960
X  0.9373  0.2850 -0.2009
Y  0.3434 -0.6548  0.6733
Z  0.0603 -0.7001 -0.7115

PART 21
OFFSET  19.3805  6.8119 -5.3685
X  0.6488 -0.5197  0.5558
Y -0.7557 -0.3546  0.5506
Z -0.0891 -0.7773 -0.6228

PART 22
OFFSET  20.4852  5.9271 -4.4222
X -0.6420 -0.4366  0.6302
Y -0.7640  0.4333 -0.4782
Z -0.0643 -0.7885 -0.6117

PART 23
OFFSET  19.5953  5.3221 -3.5488
X -0.5762 -0.4763  0.6642
Y -0.8150  0.3956 -0.4234
Z -0.0611 -0.7853 -0.6162

PART 24
OFFSET  18.9704  4.8055 -2.8285
X  0.9347  0.1256 -0.3326
Y -0.3341  0.6305 -0.7006
Z  0.1217  0.7660  0.6312

PART 25
OFFSET  17.9858  8.5493 -3.4227
X  0.9810  0.1803  0.0715
Y -0.0929  0.7602 -0.6430
Z -0.1703  0.6242  0.7625

PART 26
OFFSET  18.6774  9.0112 -4.6430
X  0.9894 -0.0099  0.1448
Y -0.0636 -0.9264  0.3710
Z  0.1305 -0.3763 -0.9173

PART 27
OFFSET  20.4194  8.9937 -4.3880
X  0.9914 -0.0727  0.1087
Y -0.1036 -0.9438  0.3139
Z  0.0798 -0.3225 -0.9432

PART 28
OFFSET  21.6198  8.9250 -4.1986
X  0.8633 -0.3826  0.3292
Y -0.4653 -0.8559  0.2255
Z  0.1955 -0.3479 -0.9169

PART 29
OFFSET  22.5949  8.4929 -3.8267
X  0.1940  0.7993 -0.5687
Y -0.9809  0.1520 -0.1210
Z -0.0103  0.5813  0.8136

PART 30
OFFSET  19.0379  8.1888 -5.2865
X  0.9240 -0.1736  0.3407
Y -0.3771 -0.5606  0.7372
Z  0.0630 -0.8097 -0.5835

PART 31
OFFSET  20.8430  7.8497 -4.6210
X  0.3265 -0.5465  0.7712
Y -0.9451 -0.2002  0.2583
Z  0.0133 -0.8132 -0.5818

PART 32
OFFSET  21.3199  7.0515 -3.4945
X -0.3299 -0.5470  0.7694
Y -0.9432  0.2241 -0.2451
Z -0.0383 -0.8066 -0.5899

PART 33
OFFSET  20.9466  6.4261 -2.6271
X  0.8579  0.3279 -0.3957
Y -0.5109  0.4620 -0.7249
Z -0.0549  0.8241  0.5638

PART 34
OFFSET  18.7716  6.4623 -4.2375
X  0.0291 -0.7445 -0.6670
Y -0.3457  0.6186 -0.7055
Z  0.9379  0.2512 -0.2394

PART 35
OFFSET  12.5388  0.3963 -3.9309
X  0.7096  0.6788  0.1891
Y -0.7019  0.7046  0.1046
Z -0.0622 -0.2070  0.9764

PART 36
OFFSET  12.5388  0.3963 -3.9309
X  0.7096  0.6788  0.1891
Y -0.7019  0.7046  0.1046
Z -0.0622 -0.2070  0.9764

PART 37
OFFSET -140.9460 -124.8647 -189.9226
X  0.0622  0.2070 -0.9764
Y -0.7019  0.7046  0.1046
Z  0.7096  0.6788  0.1891

PART 38
OFFSET  12.5211  0.3156 -3.5068
X  0.7096  0.6788  0.1891
Y -0.7019  0.7046  0.1046
Z -0.0622 -0.2070  0.9764

PART 39
OFFSET  16.4242  4.4484 -5.2020
X  0.7096  0.6788  0.1891
Y -0.7019  0.7046  0.1046
Z -0.0622 -0.2070  0.9764

PART 40
OFFSET  6.4043 -3.9980 -5.2165
X  0.4384  0.3116  0.8430
Y -0.7019  0.7046  0.1046
Z -0.5614 -0.6376  0.5276

PART 41
OFFSET  6.3138 -3.9071 -5.2030
X  0.7096  0.6788  0.1891
Y -0.7019  0.7046  0.1046
Z -0.0622 -0.2070  0.9764

PART 42
OFFSET  15.3178  2.7447 -1.1508
X  0.7096  0.6788  0.1891
Y -0.7019  0.7046  0.1046
Z -0.0622 -0.2070  0.9764

PART 43
OFFSET  10.7886 -1.0490 -5.7780
X  0.7096  0.6788  0.1891
Y -0.7019  0.7046  0.1046
Z -0.0622 -0.2070  0.9764

PART 44
OFFSET  14.3834  1.9025 -1.6993
X  0.6619 -0.7341  0.1517
Y  0.7096  0.6788  0.1891
Z -0.2418 -0.0176  0.9702

PART 45
OFFSET -12.9782 -7.9373 -1.9159
X -0.6429 -0.0164  0.7658
Y -0.3220 -0.9014 -0.2896
Z  0.6950 -0.4327  0.5742

PART 46
OFFSET -5.2032 -7.7393 -11.1772
X -0.9942 -0.0802 -0.0712
Y  0.0744 -0.0378 -0.9965
Z  0.0773 -0.9961  0.0436

PART 47
OFFSET  3.2531 -7.0569 -10.5720
X -0.9942 -0.0802 -0.0712
Y  0.0502  0.2377 -0.9700
Z  0.0947 -0.9680 -0.2323

PART 48
OFFSET  4.5395 -5.7733 -9.7826
X -0.9949 -0.0773 -0.0653
Y -0.0755  0.9967 -0.0290
Z  0.0674 -0.0240 -0.9974

PART 49
OFFSET  4.8969 -6.3103 -8.7728
X -0.9949 -0.0773 -0.0653
Y -0.0755  0.9967 -0.0290
Z  0.0674 -0.0240 -0.9974

PART 50
OFFSET  5.1143 -7.6298 -8.9229
X -0.9949 -0.0773 -0.0653
Y -0.0755  0.9967 -0.0290
Z  0.0674 -0.0240 -0.9974

PART 51
OFFSET  6.3011 -6.8109 -10.3539
X -0.6545 -0.5803 -0.4846
Y  0.2747  0.4146 -0.8675
Z  0.7044 -0.7009 -0.1120

PART 52
OFFSET  6.0413 -6.6622 -9.2527
X  0.0999 -0.7333 -0.6725
Y  0.4702  0.6305 -0.6176
Z  0.8769 -0.2545  0.4078

PART 53
OFFSET  5.7299 -5.1285 -7.7625
X -0.4072 -0.8765 -0.2568
Y  0.5312  0.0015 -0.8472
Z  0.7430 -0.4814  0.4650

PART 54
OFFSET  6.3357 -3.6596 -7.4506
X -0.5534 -0.6945  0.4598
Y  0.1388 -0.6212 -0.7712
Z  0.8212 -0.3630  0.4402

PART 55
OFFSET  6.8942 -2.8814 -7.9548
X -0.9075 -0.4075 -0.1023
Y -0.3458  0.8627 -0.3691
Z  0.2387 -0.2995 -0.9238

PART 56
OFFSET  7.0068 -5.7341 -10.8501
X -0.6632 -0.7426  0.0931
Y  0.7411 -0.6690 -0.0569
Z  0.1045  0.0313  0.9940

PART 57
OFFSET  8.4212 -3.9790 -10.9076
X  0.2791 -0.8631 -0.4209
Y  0.9558  0.2918  0.0354
Z  0.0923 -0.4122  0.9064

PART 58
OFFSET  8.0260 -2.7570 -10.3116
X  0.9419 -0.2550 -0.2186
Y  0.3177  0.8875  0.3338
Z  0.1089 -0.3839  0.9169

PART 59
OFFSET  7.1909 -2.5310 -10.1178
X  0.6202  0.7633  0.1812
Y -0.7750  0.5604  0.2920
Z  0.1214 -0.3215  0.9391

PART 60
OFFSET  6.6017 -3.2561 -10.2899
X -0.0054 -0.8891 -0.4577
Y -0.9688 -0.1087  0.2226
Z -0.2476  0.4446 -0.8608

PART 61
OFFSET  7.0665 -5.9799 -10.1826
X -0.7030 -0.6838 -0.1954
Y  0.7049 -0.7064 -0.0638
Z -0.0944 -0.1826  0.9786

PART 62
OFFSET  8.9205 -4.1936 -9.8222
X  0.4583 -0.8533 -0.2487
Y  0.8888  0.4388  0.1323
Z -0.0038 -0.2816  0.9595

PART 63
OFFSET  8.1402 -2.7408 -9.3989
X  1.0000 -0.0033 -0.0021
Y  0.0038  0.9514  0.3079
Z  0.0009 -0.3079  0.9514

PART 64
OFFSET  6.7543 -2.7362 -9.3960
X  0.3805  0.8791  0.2870
Y -0.9248  0.3635  0.1126
Z -0.0053 -0.3083  0.9513

PART 65
OFFSET  6.3417 -3.6897 -9.7073
X  0.2163 -0.9431 -0.2527
Y -0.9746 -0.1932 -0.1132
Z  0.0580  0.2708 -0.9609

PART 66
OFFSET  3.7225 -9.9525 -11.6972
X -0.4731 -0.8211 -0.3193
Y -0.8529  0.5177 -0.0677
Z  0.2209  0.2403 -0.9452

PART 67
OFFSET  8.9060 -5.1228 -7.8529
X -0.4408 -0.8346 -0.3303
Y  0.8916 -0.4495 -0.0541
Z -0.1034 -0.3183  0.9423

PART 68
OFFSET  9.6821 -3.6533 -7.2714
X  0.4682 -0.8628 -0.1905
Y  0.8709  0.4142  0.2645
Z -0.1493 -0.2898  0.9454

PART 69
OFFSET  9.1039 -2.6220 -6.9823
X  0.9886 -0.1414  0.0527
Y  0.1142  0.9294  0.3509
Z -0.0986 -0.3408  0.9349

PART 70
OFFSET  7.9873 -2.4623 -7.0419
X -0.4526 -0.8889 -0.0709
Y -0.8867  0.4571 -0.0700
Z  0.0946  0.0312 -0.9950

PART 71
OFFSET  9.0078 -4.6091 -8.8257
X  0.2955 -0.9239 -0.2431
Y  0.9449  0.2451  0.2171
Z -0.1410 -0.2939  0.9454

PART 72
OFFSET  8.4306 -2.8042 -8.3507
X  0.9894 -0.0842  0.1184
Y  0.0507  0.9638  0.2618
Z -0.1362 -0.2531  0.9578

PART 73
OFFSET  6.9855 -2.6812 -8.5237
X  0.5541  0.7924  0.2553
Y -0.8170  0.5764 -0.0157
Z -0.1596 -0.1999  0.9667

PART 74
OFFSET  6.3585 -3.5768 -8.8196
X  0.1072 -0.9629 -0.2475
Y -0.9911 -0.0837 -0.1038
Z  0.0792  0.2564 -0.9633

PART 75
OFFSET  0.0000 -0.0000 -0.0000
X  1.0000 -0.0000  0.0000
Y  0.0000  1.0000  0.0000
Z  0.0000 -0.0000  1.0000

PART 76
OFFSET -0.0000 -0.0000 -0.0000
X  0.9993 -0.0000 -0.0362
Y  0.0027  0.9972  0.0750
Z  0.0361 -0.0750  0.9965

PART 77
OFFSET  1.6888 -0.3104  4.0656
X  0.9993 -0.0000 -0.0362
Y  0.0027  0.9972  0.0750
Z  0.0361 -0.0750  0.9965


FRAME 814
PART 0
OFFSET  0.0000 -0.0000 -0.0000
X  1.0000 -0.0000  0.0000
Y  0.0000  1.0000  0.0000
Z  0.0000 -0.0000  1.0000

PART 1
OFFSET -4.6318 -0.0000 -1.3770
X  1.0000 -0.0000  0.0000
Y  0.0000  1.0000  0.0000
Z  0.0000 -0.0000  1.0000

PART 2
OFFSET -2.1458  5.0340 -5.9168
X  0.8112  0.4011 -0.4255
Y  0.3912 -0.9131 -0.1150
Z -0.4347 -0.0732 -0.8976

PART 3
OFFSET  7.6649  9.8851 -11.0628
X  0.7093 -0.3242  0.6259
Y -0.6955 -0.4667  0.5464
Z  0.1150 -0.8229 -0.5565

PART 4
OFFSET  13.6976  7.1275 -5.7389
X  0.7093 -0.3242  0.6259
Y -0.3956  0.5519  0.7341
Z -0.5835 -0.7683  0.2632

PART 5
OFFSET  14.8537  8.4558 -5.0661
X  0.7131 -0.3192  0.6242
Y -0.1070  0.8304  0.5468
Z -0.6928 -0.4567  0.5580

PART 6
OFFSET  15.3741  6.7837 -6.1965
X  0.7131 -0.3192  0.6242
Y -0.1070  0.8304  0.5468
