// Export filename: `C:\projects\cod\t5\xanim_export\t5_viewmodels\spas12\spas12_ads_down.XANIM_EXPORT`
// Source filename: `D:\projects\devanim\t5\animation_assets\viewmodels/spas12/ViewModel_Spas12_animated.fbx`
// Export time: Sat Sep 11 16:00:35 2010

ANIMATION
VERSION 3

NUMPARTS 2
PART 0 "tag_view"
PART 1 "tag_torso"

FRAMERATE 30
NUMFRAMES 16

FRAME 15
PART 0
OFFSET  0.0000 -0.0000 -0.0000
X  1.0000 -0.0000  0.0000
Y  0.0000  1.0000  0.0000
Z  0.0000 -0.0000  1.0000

PART 1
OFFSET -4.6318  3.3465  0.4348
X  1.0000 -0.0000  0.0000
Y  0.0000  1.0000  0.0000
Z  0.0000 -0.0000  1.0000


FRAME 16
PART 0
OFFSET  0.0000 -0.0000 -0.0000
X  1.0000 -0.0000  0.0000
Y  0.0000  1.0000  0.0000
Z  0.0000 -0.0000  1.0000

PART 1
OFFSET -4.6318  3.3038  0.4990
X  1.0000 -0.0000 -0.0048
Y  0.0000  1.0000  0.0068
Z  0.0048 -0.0068  1.0000


FRAME 17
PART 0
OFFSET  0.0000 -0.0000 -0.0000
X  1.0000 -0.0000  0.0000
Y  0.0000  1.0000  0.0000
Z  0.0000 -0.0000  1.0000

PART 1
OFFSET -4.6318  3.1838  0.6590
X  0.9999 -0.0000 -0.0173
Y  0.0004  0.9997  0.0242
Z  0.0173 -0.0242  0.9996


FRAME 18
PART 0
OFFSET  0.0000 -0.0000 -0.0000
X  1.0000 -0.0000  0.0000
Y  0.0000  1.0000  0.0000
Z  0.0000 -0.0000  1.0000

PART 1
OFFSET -4.6318  2.9984  0.8662
X  0.9994  0.0000 -0.0343
Y  0.0017  0.9988  0.0480
Z  0.0343 -0.0481  0.9983


FRAME 19
PART 0
OFFSET  0.0000 -0.0000 -0.0000
X  1.0000 -0.0000  0.0000
Y  0.0000  1.0000  0.0000
Z  0.0000 -0.0000  1.0000

PART 1
OFFSET -4.6318  2.7595  1.0720
X  0.9986  0.0000 -0.0529
Y  0.0039  0.9973  0.0739
Z  0.0527 -0.0740  0.9959


FRAME 20
PART 0
OFFSET  0.0000 -0.0000 -0.0000
X  1.0000 -0.0000  0.0000
Y  0.0000  1.0000  0.0000
Z  0.0000 -0.0000  1.0000

PART 1
OFFSET -4.6318  2.4789  1.2277
X  0.9976 -0.0000 -0.0699
Y  0.0068  0.9952  0.0976
Z  0.0696 -0.0978  0.9928


FRAME 21
PART 0
OFFSET  0.0000 -0.0000 -0.0000
X  1.0000 -0.0000  0.0000
Y  0.0000  1.0000  0.0000
Z  0.0000 -0.0000  1.0000

PART 1
OFFSET -4.6318  2.1685  1.2847
X  0.9966 -0.0000 -0.0823
Y  0.0095  0.9933  0.1148
Z  0.0818 -0.1151  0.9900


FRAME 22
PART 0
OFFSET  0.0000 -0.0000 -0.0000
X  1.0000 -0.0000  0.0000
Y  0.0000  1.0000  0.0000
Z  0.0000 -0.0000  1.0000

PART 1
OFFSET -4.6318  1.8403  1.1942
X  0.9962  0.0000 -0.0872
Y  0.0106  0.9925  0.1214
Z  0.0865 -0.1219  0.9888


FRAME 23
PART 0
OFFSET  0.0000 -0.0000 -0.0000
X  1.0000 -0.0000  0.0000
Y  0.0000  1.0000  0.0000
Z  0.0000 -0.0000  1.0000

PART 1
OFFSET -4.6318  1.5062  0.9456
X  0.9965  0.0000 -0.0834
Y  0.0097  0.9932  0.1163
Z  0.0829 -0.1167  0.9897


FRAME 24
PART 0
OFFSET  0.0000 -0.0000 -0.0000
X  1.0000 -0.0000  0.0000
Y  0.0000  1.0000  0.0000
Z  0.0000 -0.0000  1.0000

PART 1
OFFSET -4.6318  1.1780  0.5895
X  0.9973 -0.0000 -0.0736
Y  0.0076  0.9947  0.1026
Z  0.0732 -0.1029  0.9920


FRAME 25
PART 0
OFFSET  0.0000 -0.0000 -0.0000
X  1.0000 -0.0000  0.0000
Y  0.0000  1.0000  0.0000
Z  0.0000 -0.0000  1.0000

PART 1
OFFSET -4.6318  0.8676  0.1693
X  0.9982 -0.0000 -0.0596
Y  0.0050  0.9965  0.0833
Z  0.0594 -0.0834  0.9947


FRAME 26
PART 0
OFFSET  0.0000 -0.0000 -0.0000
X  1.0000 -0.0000  0.0000
Y  0.0000  1.0000  0.0000
Z  0.0000 -0.0000  1.0000

PART 1
OFFSET -4.6318  0.5870 -0.2718
X  0.9990  0.0000 -0.0436
Y  0.0027  0.9981  0.0610
Z  0.0435 -0.0610  0.9972


FRAME 27
PART 0
OFFSET  0.0000 -0.0000 -0.0000
X  1.0000 -0.0000  0.0000
Y  0.0000  1.0000  0.0000
Z  0.0000 -0.0000  1.0000

PART 1
OFFSET -4.6318  0.3480 -0.6903
X  0.9996 -0.0000 -0.0276
Y  0.0011  0.9993  0.0386
Z  0.0276 -0.0386  0.9989


FRAME 28
PART 0
OFFSET  0.0000 -0.0000 -0.0000
X  1.0000 -0.0000  0.0000
Y  0.0000  1.0000  0.0000
Z  0.0000 -0.0000  1.0000

PART 1
OFFSET -4.6318  0.1626 -1.0429
X  0.9999 -0.0000 -0.0136
Y  0.0003  0.9998  0.0191
Z  0.0136 -0.0191  0.9997


FRAME 29
PART 0
OFFSET  0.0000 -0.0000 -0.0000
X  1.0000 -0.0000  0.0000
Y  0.0000  1.0000  0.0000
Z  0.0000 -0.0000  1.0000

PART 1
OFFSET -4.6318  0.0426 -1.2862
X  1.0000 -0.0000 -0.0037
Y  0.0000  1.0000  0.0052
Z  0.0037 -0.0052  1.0000


FRAME 30
PART 0
OFFSET  0.0000 -0.0000 -0.0000
X  1.0000 -0.0000  0.0000
Y  0.0000  1.0000  0.0000
Z  0.0000 -0.0000  1.0000

PART 1
OFFSET -4.6318 -0.0000 -1.3770
X  1.0000 -0.0000  0.0000
Y  0.0000  1.0000  0.0000
Z  0.0000 -0.0000  1.0000


NUMKEYS 0
