// Export filename: `C:\projects\cod\t5\xanim_export\t5_viewmodels\spas12\spas12_ads_up.XANIM_EXPORT`
// Source filename: `D:\projects\devanim\t5\animation_assets\viewmodels/spas12/ViewModel_Spas12_animated.fbx`
// Export time: Sat Sep 11 16:00:34 2010

ANIMATION
VERSION 3

NUMPARTS 2
PART 0 "tag_view"
PART 1 "tag_torso"

FRAMERATE 30
NUMFRAMES 14

FRAME 2
PART 0
OFFSET  0.0000 -0.0000 -0.0000
X  1.0000 -0.0000  0.0000
Y  0.0000  1.0000  0.0000
Z  0.0000 -0.0000  1.0000

PART 1
OFFSET -4.6318 -0.0000 -1.3770
X  1.0000 -0.0000  0.0000
Y  0.0000  1.0000  0.0000
Z  0.0000 -0.0000  1.0000


FRAME 3
PART 0
OFFSET  0.0000 -0.0000 -0.0000
X  1.0000 -0.0000  0.0000
Y  0.0000  1.0000  0.0000
Z  0.0000 -0.0000  1.0000

PART 1
OFFSET -4.6163  0.1074 -1.3405
X  1.0000 -0.0005 -0.0027
Y  0.0005  0.9999 -0.0141
Z  0.0027  0.0141  0.9999


FRAME 4
PART 0
OFFSET  0.0000 -0.0000 -0.0000
X  1.0000 -0.0000  0.0000
Y  0.0000  1.0000  0.0000
Z  0.0000 -0.0000  1.0000

PART 1
OFFSET -4.5787  0.3809 -1.2464
X  1.0000 -0.0015 -0.0090
Y  0.0011  0.9989 -0.0478
Z  0.0091  0.0478  0.9988


FRAME 5
PART 0
OFFSET  0.0000 -0.0000 -0.0000
X  1.0000 -0.0000  0.0000
Y  0.0000  1.0000  0.0000
Z  0.0000 -0.0000  1.0000

PART 1
OFFSET -4.5328  0.7470 -1.1177
X  0.9999 -0.0022 -0.0164
Y  0.0008  0.9961 -0.0880
Z  0.0165  0.0880  0.9960


FRAME 6
PART 0
OFFSET  0.0000 -0.0000 -0.0000
X  1.0000 -0.0000  0.0000
Y  0.0000  1.0000  0.0000
Z  0.0000 -0.0000  1.0000

PART 1
OFFSET -4.4922  1.1326 -0.9775
X  0.9998 -0.0020 -0.0222
Y -0.0007  0.9926 -0.1218
Z  0.0223  0.1218  0.9923


FRAME 7
PART 0
OFFSET  0.0000 -0.0000 -0.0000
X  1.0000 -0.0000  0.0000
Y  0.0000  1.0000  0.0000
Z  0.0000 -0.0000  1.0000

PART 1
OFFSET -4.4708  1.4644 -0.8487
X  0.9997 -0.0000 -0.0239
Y -0.0033  0.9907 -0.1363
Z  0.0237  0.1363  0.9904


FRAME 8
PART 0
OFFSET  0.0000 -0.0000 -0.0000
X  1.0000 -0.0000  0.0000
Y  0.0000  1.0000  0.0000
Z  0.0000 -0.0000  1.0000

PART 1
OFFSET -4.4719  1.7473 -0.7373
X  0.9998  0.0056 -0.0197
Y -0.0080  0.9920 -0.1256
Z  0.0188  0.1257  0.9919


FRAME 9
PART 0
OFFSET  0.0000 -0.0000 -0.0000
X  1.0000 -0.0000  0.0000
Y  0.0000  1.0000  0.0000
Z  0.0000 -0.0000  1.0000

PART 1
OFFSET -4.4864  2.0302 -0.6279
X  0.9998  0.0142 -0.0112
Y -0.0152  0.9951 -0.0982
Z  0.0098  0.0983  0.9951


FRAME 10
PART 0
OFFSET  0.0000 -0.0000 -0.0000
X  1.0000 -0.0000  0.0000
Y  0.0000  1.0000  0.0000
Z  0.0000 -0.0000  1.0000

PART 1
OFFSET -4.5091  2.3055 -0.5116
X  0.9997  0.0232 -0.0012
Y -0.0232  0.9977 -0.0631
Z -0.0002  0.0631  0.9980


FRAME 11
PART 0
OFFSET  0.0000 -0.0000 -0.0000
X  1.0000 -0.0000  0.0000
Y  0.0000  1.0000  0.0000
Z  0.0000 -0.0000  1.0000

PART 1
OFFSET -4.5349  2.5660 -0.3796
X  0.9995  0.0297  0.0074
Y -0.0295  0.9991 -0.0296
Z -0.0083  0.0294  0.9995


FRAME 12
PART 0
OFFSET  0.0000 -0.0000 -0.0000
X  1.0000 -0.0000  0.0000
Y  0.0000  1.0000  0.0000
Z  0.0000 -0.0000  1.0000

PART 1
OFFSET -4.5586  2.8040 -0.2227
X  0.9994  0.0311  0.0120
Y -0.0311  0.9995 -0.0069
Z -0.0122  0.0066  0.9999


FRAME 13
PART 0
OFFSET  0.0000 -0.0000 -0.0000
X  1.0000 -0.0000  0.0000
Y  0.0000  1.0000  0.0000
Z  0.0000 -0.0000  1.0000

PART 1
OFFSET -4.5869  3.0444  0.0243
X  0.9997  0.0221  0.0096
Y -0.0222  0.9998  0.0012
Z -0.0095 -0.0014  1.0000


FRAME 14
PART 0
OFFSET  0.0000 -0.0000 -0.0000
X  1.0000 -0.0000  0.0000
Y  0.0000  1.0000  0.0000
Z  0.0000 -0.0000  1.0000

PART 1
OFFSET -4.6175  3.2557  0.3026
X  1.0000  0.0076  0.0035
Y -0.0076  1.0000  0.0013
Z -0.0034 -0.0014  1.0000


FRAME 15
PART 0
OFFSET  0.0000 -0.0000 -0.0000
X  1.0000 -0.0000  0.0000
Y  0.0000  1.0000  0.0000
Z  0.0000 -0.0000  1.0000

PART 1
OFFSET -4.6318  3.3465  0.4348
X  1.0000 -0.0000  0.0000
Y  0.0000  1.0000  0.0000
Z  0.0000 -0.0000  1.0000


NUMKEYS 0
