// Export filename: `C:\projects\cod\t5\xanim_export\t5_viewmodels\spas12\spas12_reload_intro.XANIM_EXPORT`
// Source filename: `D:\projects\devanim\t5\animation_assets\viewmodels/spas12/ViewModel_Spas12_animated.fbx`
// Export time: Sat Sep 11 16:00:43 2010

ANIMATION
VERSION 3

NUMPARTS 78
PART 0 "tag_ads"
PART 1 "tag_torso"
PART 2 "J_Shoulder_LE"
PART 3 "J_Elbow_LE"
PART 4 "J_WristTwist_LE"
PART 5 "J_Sleave_Reshape_Bottom_LE_1"
PART 6 "J_Sleave_Reshape_Bottom_LE_2"
PART 7 "J_Sleave_Reshape_Top_LE_1"
PART 8 "J_Sleave_Reshape_Top_LE_2"
PART 9 "J_Sleave_Reshape_Top_LE_3"
PART 10 "J_Wrist_LE"
PART 11 "J_Thumb_LE_0"
PART 12 "J_Thumb_LE_1"
PART 13 "J_Thumb_LE_2"
PART 14 "J_Thumb_LE_3"
PART 15 "J_PinkyPalm_LE"
PART 16 "J_Pinky_LE_0"
PART 17 "J_Pinky_LE_1"
PART 18 "J_Pinky_LE_2"
PART 19 "J_Pinky_LE_3"
PART 20 "J_RingPalm_LE"
PART 21 "J_Ring_LE_0"
PART 22 "J_Ring_LE_1"
PART 23 "J_Ring_LE_2"
PART 24 "J_Ring_LE_3"
PART 25 "J_Webbing_LE"
PART 26 "J_Index_LE_0"
PART 27 "J_Index_LE_1"
PART 28 "J_Index_LE_2"
PART 29 "J_Index_LE_3"
PART 30 "J_Mid_LE_0"
PART 31 "J_Mid_LE_1"
PART 32 "J_Mid_LE_2"
PART 33 "J_Mid_LE_3"
PART 34 "tag_knife_attach"
PART 35 "tag_weapon"
PART 36 "J_Gun"
PART 37 "TAG_CLIP"
PART 38 "J_Bolt"
PART 39 "J_pump"
PART 40 "J_ring"
PART 41 "J_stock"
PART 42 "J_stocktop"
PART 43 "J_Load"
PART 44 "tag_iron_sights"
PART 45 "J_Shoulder_RI"
PART 46 "J_Elbow_RI"
PART 47 "J_WristTwist_RI"
PART 48 "J_Sleave_Reshape_Top_RI_3"
PART 49 "J_Sleave_Reshape_Top_RI_2"
PART 50 "J_Sleave_Reshape_Top_RI_1"
PART 51 "J_Wrist_RI"
PART 52 "J_Thumb_RI_0"
PART 53 "J_Thumb_RI_1"
PART 54 "J_Thumb_RI_2"
PART 55 "J_Thumb_RI_3"
PART 56 "J_PinkyPalm_RI"
PART 57 "J_Pinky_RI_0"
PART 58 "J_Pinky_RI_1"
PART 59 "J_Pinky_RI_2"
PART 60 "J_Pinky_RI_3"
PART 61 "J_RingPalm_RI"
PART 62 "J_Ring_RI_0"
PART 63 "J_Ring_RI_1"
PART 64 "J_Ring_RI_2"
PART 65 "J_Ring_RI_3"
PART 66 "J_Webbing_RI"
PART 67 "J_Index_RI_0"
PART 68 "J_Index_RI_1"
PART 69 "J_Index_RI_2"
PART 70 "J_Index_RI_3"
PART 71 "J_Mid_RI_0"
PART 72 "J_Mid_RI_1"
PART 73 "J_Mid_RI_2"
PART 74 "J_Mid_RI_3"
PART 75 "tag_cambone"
PART 76 "tag_camera"
PART 77 "tag_gasmask"

FRAMERATE 30
NUMFRAMES 54

FRAME 400
PART 0
OFFSET  0.0000 -0.0000 -0.0000
X  1.0000 -0.0000  0.0000
Y  0.0000  1.0000  0.0000
Z  0.0000 -0.0000  1.0000

PART 1
OFFSET -4.6318 -0.0000 -1.3770
X  1.0000 -0.0000  0.0000
Y  0.0000  1.0000  0.0000
Z  0.0000 -0.0000  1.0000

PART 2
OFFSET -2.1458  5.0340 -5.9168
X  0.9027  0.0111 -0.4301
Y -0.0579 -0.9875 -0.1469
Z -0.4264  0.1575 -0.8907

PART 3
OFFSET  8.7714  5.1685 -11.1188
X  0.6922 -0.5722  0.4398
Y -0.6705 -0.2843  0.6853
Z -0.2671 -0.7692 -0.5805

PART 4
OFFSET  14.6586  0.3014 -7.3780
X  0.6922 -0.5722  0.4398
Y  0.2513  0.7624  0.5963
Z -0.6765 -0.3022  0.6715

PART 5
OFFSET  16.2843  1.1645 -6.9709
X  0.6969 -0.5684  0.4373
Y  0.2748  0.7749  0.5693
Z -0.6624 -0.2766  0.6962

PART 6
OFFSET  16.0073 -0.4838 -8.2164
X  0.6969 -0.5684  0.4373
Y  0.2748  0.7749  0.5693
Z -0.6624 -0.2766  0.6962

PART 7
OFFSET  14.9156  0.0572 -5.0639
X  0.6969 -0.5684  0.4373
Y  0.2748  0.7749  0.5693
Z -0.6624 -0.2766  0.6962

PART 8
OFFSET  14.6369 -1.6386 -5.7248
X  0.6969 -0.5684  0.4373
Y  0.2748  0.7749  0.5693
Z -0.6624 -0.2766  0.6962

PART 9
OFFSET  14.8524 -1.6124 -6.9031
X  0.6969 -0.5684  0.4373
Y  0.2748  0.7749  0.5693
Z -0.6624 -0.2766  0.6962

PART 10
OFFSET  16.7806 -1.4529 -6.0297
X  0.9561 -0.2551 -0.1444
Y  0.2902  0.7545  0.5887
Z -0.0412 -0.6047  0.7954

PART 11
OFFSET  17.4739 -1.0878 -5.2000
X  0.8948 -0.0929  0.4368
Y -0.0934  0.9176  0.3864
Z -0.4367 -0.3865  0.8123

PART 12
OFFSET  19.3710 -1.2182 -4.1737
X  0.9573 -0.2890 -0.0040
Y  0.2129  0.6956  0.6862
Z -0.1955 -0.6578  0.7274

PART 13
OFFSET  20.8819 -1.7998 -4.1397
X  0.9595  0.0172  0.2811
Y -0.1601  0.8544  0.4944
Z -0.2317 -0.5194  0.8225

PART 14
OFFSET  21.9062 -1.7905 -3.7896
X  0.8241  0.5224 -0.2190
Y -0.3302  0.1290 -0.9351
Z -0.4602  0.8429  0.2788

PART 15
OFFSET  17.2706 -2.5988 -6.6215
X  0.4856 -0.8741  0.0104
Y -0.3966 -0.2097  0.8937
Z -0.7790 -0.4382 -0.4485

PART 16
OFFSET  18.4265 -4.5247 -6.4231
X -0.2030 -0.3776  0.9035
Y -0.6387  0.7504  0.1701
Z -0.7422 -0.5425 -0.3935

PART 17
OFFSET  18.1392 -5.0592 -5.1440
X -0.6098  0.3398  0.7160
Y -0.2952  0.7410 -0.6031
Z -0.7355 -0.5792 -0.3516

PART 18
OFFSET  17.5985 -4.7580 -4.5092
X -0.5625  0.1899  0.8047
Y -0.3523  0.8255 -0.4410
Z -0.7480 -0.5315 -0.3974

PART 19
OFFSET  17.0641 -4.5775 -3.7447
X  0.7595 -0.5866 -0.2812
Y  0.0015  0.4338 -0.9010
Z  0.6505  0.6839  0.3303

PART 20
OFFSET  17.6795 -2.0691 -6.3731
X  0.8205 -0.4781 -0.3134
Y -0.0735 -0.6319  0.7716
Z -0.5669 -0.6100 -0.5536

PART 21
OFFSET  19.6090 -3.7720 -6.7411
X  0.2127 -0.7634  0.6099
Y -0.6728  0.3382  0.6580
Z -0.7086 -0.5503 -0.4417

PART 22
OFFSET  19.9712 -5.0717 -5.7028
X -0.6327  0.2090  0.7456
Y -0.3384  0.7914 -0.5090
Z -0.6965 -0.5744 -0.4300

PART 23
OFFSET  19.0943 -4.7821 -4.6694
X -0.6066  0.1383  0.7829
Y -0.3898  0.8065 -0.4445
Z -0.6929 -0.5748 -0.4353

PART 24
OFFSET  18.4365 -4.6320 -3.8203
X  0.6856 -0.6023 -0.4089
Y  0.0584  0.6054 -0.7938
Z  0.7257  0.5203  0.4502

PART 25
OFFSET  20.1666 -1.3654 -5.1139
X  0.8320 -0.5541 -0.0286
Y  0.3285  0.5335 -0.7794
Z  0.4471  0.6390  0.6259

PART 26
OFFSET  20.7402 -1.6530 -6.4441
X  0.7227 -0.6863  0.0819
Y -0.6038 -0.5693  0.5580
Z -0.3363 -0.4527 -0.8258

PART 27
OFFSET  22.0126 -2.8614 -6.2999
X  0.6747 -0.7357  0.0595
Y -0.6548 -0.5594  0.5083
Z -0.3407 -0.3819 -0.8591

PART 28
OFFSET  22.8535 -3.7325 -6.1755
X  0.4151 -0.8410  0.3469
Y -0.8685 -0.2529  0.4263
Z -0.2708 -0.4783 -0.8354

PART 29
OFFSET  23.3225 -4.6825 -5.7836
X  0.5727  0.3675 -0.7328
Y -0.6157  0.7830 -0.0885
Z  0.5412  0.5019  0.6747

PART 30
OFFSET  20.3160 -2.5528 -6.9246
X  0.6022 -0.7352  0.3111
Y -0.5087 -0.0532  0.8593
Z -0.6152 -0.6757 -0.4060

PART 31
OFFSET  21.4925 -3.9891 -6.3170
X  0.0066 -0.5335  0.8458
Y -0.7577  0.5493  0.3524
Z -0.6526 -0.6431 -0.4006

PART 32
OFFSET  21.5021 -4.7683 -5.0816
X -0.4599 -0.0734  0.8849
Y -0.5636  0.7943 -0.2270
Z -0.6862 -0.6031 -0.4066

PART 33
OFFSET  20.9768 -4.8563 -4.0821
X  0.7565 -0.4125 -0.5076
Y -0.1860  0.6083 -0.7716
Z  0.6270  0.6781  0.3834

PART 34
OFFSET  19.1536 -3.4726 -5.5265
X -0.6108 -0.6147 -0.4990
Y  0.0412  0.6047 -0.7954
Z  0.7907 -0.5064 -0.3441

PART 35
OFFSET  10.6714 -3.3397 -3.5839
X  1.0000 -0.0000  0.0000
Y  0.0000  1.0000  0.0000
Z  0.0000 -0.0000  1.0000

PART 36
OFFSET  10.6714 -3.3397 -3.5839
X  1.0000 -0.0000  0.0000
Y  0.0000  1.0000  0.0000
Z  0.0000 -0.0000  1.0000

PART 37
OFFSET -116.8620 -3.3229 -4.3119
X  0.0000 -0.0000 -1.0000
Y  0.0000  1.0000  0.0000
Z  1.0000 -0.0000  0.0000

PART 38
OFFSET  10.6842 -3.3397 -3.1520
X  1.0000 -0.0000  0.0000
Y  0.0000  1.0000  0.0000
Z  0.0000 -0.0000  1.0000

PART 39
OFFSET  15.9385 -3.3448 -5.9054
X  1.0000 -0.0000  0.0000
Y  0.0000  1.0000  0.0000
Z  0.0000 -0.0000  1.0000

PART 40
OFFSET  3.0927 -2.2645 -3.5479
X  0.6820 -0.0000  0.7314
Y -0.0000  1.0000  0.0000
Z -0.7314 -0.0000  0.6820

PART 41
OFFSET  3.0927 -2.1356 -3.5479
X  1.0000 -0.0000  0.0000
Y  0.0000  1.0000  0.0000
Z  0.0000 -0.0000  1.0000

PART 42
OFFSET  14.7631 -3.3448 -1.5284
X  1.0000 -0.0000  0.0000
Y  0.0000  1.0000  0.0000
Z  0.0000 -0.0000  1.0000

PART 43
OFFSET  8.0992 -3.3229 -4.9793
X  1.0000 -0.0000  0.0000
Y -0.0000  1.0000  0.0000
Z -0.0000 -0.0000  1.0000

PART 44
OFFSET  13.4247 -3.3397 -1.8315
X  0.0000 -0.9659  0.2588
Y  1.0000  0.0000  0.0000
Z -0.0000  0.2588  0.9659

PART 45
OFFSET -12.9782 -7.9373 -1.9159
X -0.2660 -0.0816  0.9605
Y -0.2787 -0.9473 -0.1577
Z  0.9228 -0.3097  0.2293

PART 46
OFFSET -9.7608 -6.9502 -13.5321
X -0.8555 -0.1935 -0.4802
Y  0.4636  0.1268 -0.8769
Z  0.2306 -0.9729 -0.0188

PART 47
OFFSET -2.4840 -5.3046 -9.4476
X -0.8555 -0.1935 -0.4802
Y  0.4940 -0.0277 -0.8690
Z  0.1548 -0.9807  0.1193

PART 48
OFFSET -1.8604 -4.0065 -8.0869
X -0.8589 -0.1916 -0.4749
Y -0.2348  0.9715  0.0328
Z  0.4551  0.1396 -0.8794

PART 49
OFFSET -1.8367 -4.6438 -7.0725
X -0.8589 -0.1916 -0.4749
Y -0.2348  0.9715  0.0328
Z  0.4551  0.1396 -0.8794

PART 50
OFFSET -1.3462 -5.8859 -7.2387
X -0.8589 -0.1916 -0.4749
Y -0.2348  0.9715  0.0328
Z  0.4551  0.1396 -0.8794

PART 51
OFFSET  0.1388 -4.7114 -7.9754
X -0.9500 -0.0002 -0.3123
Y  0.3123  0.0086 -0.9499
Z  0.0029 -1.0000 -0.0081

PART 52
OFFSET  0.2636 -4.3091 -6.9149
X -0.5540 -0.6571 -0.5111
Y  0.6448  0.0496 -0.7627
Z  0.5266 -0.7521  0.3962

PART 53
OFFSET  1.3654 -2.8541 -5.7579
X -0.9324 -0.3586 -0.0440
Y  0.2177 -0.4604 -0.8606
Z  0.2884 -0.8120  0.5074

PART 54
OFFSET  2.8514 -2.2117 -5.7951
X -0.7772 -0.0528  0.6271
Y -0.4690 -0.6158 -0.6331
Z  0.4196 -0.7861  0.4538

PART 55
OFFSET  3.6806 -2.1082 -6.4832
X -0.9399  0.3391  0.0409
Y  0.2704  0.8119 -0.5174
Z -0.2087 -0.4752 -0.8548

PART 56
OFFSET  1.2765 -4.5000 -8.7267
X -0.9571 -0.0480  0.2859
Y  0.0610 -0.9975  0.0368
Z  0.2834  0.0527  0.9576

PART 57
OFFSET  3.4607 -4.2621 -9.2340
X -0.4674 -0.8480 -0.2497
Y  0.8830 -0.4615 -0.0853
Z -0.0429 -0.2604  0.9646

PART 58
OFFSET  4.1224 -3.0615 -8.8805
X  0.4539 -0.8636 -0.2193
Y  0.8910  0.4372  0.1225
Z -0.0099 -0.2510  0.9679

PART 59
OFFSET  3.7199 -2.2957 -8.6860
X  0.9924  0.1214 -0.0197
Y -0.1143  0.9694  0.2174
Z  0.0455 -0.2135  0.9759

PART 60
OFFSET  2.7771 -2.4111 -8.6674
X -0.6939 -0.6705 -0.2626
Y -0.7192  0.6267  0.3001
Z -0.0367  0.3970 -0.9171

PART 61
OFFSET  1.2783 -4.6453 -8.0278
X -0.9999 -0.0089 -0.0055
Y  0.0086 -0.9992  0.0400
Z -0.0059  0.0400  0.9992

PART 62
OFFSET  3.8746 -4.6503 -8.1610
X -0.3010 -0.9489 -0.0947
Y  0.9535 -0.3008 -0.0170
Z -0.0124 -0.0954  0.9954

PART 63
OFFSET  4.3870 -3.0347 -7.9997
X  0.7069 -0.7044 -0.0636
Y  0.7067  0.6999  0.1035
Z -0.0284 -0.1181  0.9926

PART 64
OFFSET  3.4073 -2.0584 -7.9117
X  0.9210  0.3824  0.0746
Y -0.3882  0.9169  0.0923
Z -0.0331 -0.1139  0.9929

PART 65
OFFSET  2.4085 -2.4732 -7.9926
X -0.5344 -0.8427 -0.0650
Y -0.8441  0.5361 -0.0099
Z  0.0432  0.0496 -0.9978

PART 66
OFFSET -4.0775 -5.2555 -8.4763
X -0.9534 -0.2799 -0.1124
Y -0.2666  0.9563 -0.1201
Z  0.1411 -0.0846 -0.9864

PART 67
OFFSET  3.6059 -5.0887 -6.0450
X -0.9418 -0.3132 -0.1223
Y  0.3173 -0.9482 -0.0152
Z -0.1112 -0.0532  0.9924

PART 68
OFFSET  5.2641 -4.5373 -5.8296
X -0.2895 -0.9565 -0.0366
Y  0.9491 -0.2918  0.1184
Z -0.1239 -0.0004  0.9923

PART 69
OFFSET  5.6085 -3.3746 -5.7249
X  0.6155 -0.7879  0.0192
Y  0.7783  0.6114  0.1431
Z -0.1245 -0.0731  0.9895

PART 70
OFFSET  4.9133 -2.4846 -5.7466
X -0.9379 -0.3160  0.1429
Y -0.3321  0.9371 -0.1077
Z -0.0998 -0.1485 -0.9839

PART 71
OFFSET  3.8429 -4.9001 -7.1074
X -0.4634 -0.8838 -0.0645
Y  0.8779 -0.4678  0.1024
Z -0.1207 -0.0092  0.9926

PART 72
OFFSET  4.7483 -3.1736 -6.9813
X  0.6673 -0.7414  0.0715
Y  0.7397  0.6709  0.0530
Z -0.0873  0.0175  0.9960

PART 73
OFFSET  3.7737 -2.0907 -7.0857
X  0.9793  0.1961  0.0508
Y -0.1915  0.9779 -0.0838
Z -0.0661  0.0723  0.9952

PART 74
OFFSET  2.6649 -2.3126 -7.1503
X -0.6244 -0.7796 -0.0490
Y -0.7796  0.6258 -0.0223
Z  0.0481  0.0243 -0.9985

PART 75
OFFSET  0.0000 -0.0000 -0.0000
X  1.0000 -0.0000  0.0000
Y  0.0000  1.0000  0.0000
Z  0.0000 -0.0000  1.0000

PART 76
OFFSET  0.0000 -0.0000 -0.0000
X  1.0000 -0.0000  0.0000
Y  0.0000  1.0000  0.0000
Z  0.0000 -0.0000  1.0000

PART 77
OFFSET  1.5404 -0.0000  4.1357
X  1.0000 -0.0000  0.0000
Y  0.0000  1.0000  0.0000
Z  0.0000 -0.0000  1.0000


FRAME 401
PART 0
OFFSET  0.0000 -0.0000 -0.0000
X  1.0000 -0.0000  0.0000
Y  0.0000  1.0000  0.0000
Z  0.0000 -0.0000  1.0000

PART 1
OFFSET -4.6318 -0.0000 -1.3770
X  1.0000 -0.0000  0.0000
Y  0.0000  1.0000  0.0000
Z  0.0000 -0.0000  1.0000

PART 2
OFFSET -2.1440  5.0387 -5.9168
X  0.9010  0.0124 -0.4336
Y -0.0572 -0.9875 -0.1470
Z -0.4300  0.1573 -0.8890

PART 3
OFFSET  8.7531  5.1882 -11.1603
X  0.6959 -0.5710  0.4356
Y -0.6661 -0.2865  0.6886
Z -0.2684 -0.7694 -0.5797

PART 4
OFFSET  14.6718  0.3320 -7.4551
X  0.6959 -0.5710  0.4356
Y  0.2553  0.7636  0.5930
Z -0.6712 -0.3014  0.6772

PART 5
OFFSET  16.2976  1.1986 -7.0559
X  0.7006 -0.5671  0.4331
Y  0.2759  0.7750  0.5685
Z -0.6581 -0.2788  0.6995

PART 6
OFFSET  16.0179 -0.4492 -8.3013
X  0.7006 -0.5671  0.4331
Y  0.2759  0.7750  0.5685
Z -0.6581 -0.2788  0.6995

PART 7
OFFSET  14.9417  0.0864 -5.1426
X  0.7006 -0.5671  0.4331
Y  0.2759  0.7750  0.5685
Z -0.6581 -0.2788  0.6995

PART 8
OFFSET  14.6635 -1.6094 -5.8034
X  0.7006 -0.5671  0.4331
Y  0.2759  0.7750  0.5685
Z -0.6581 -0.2788  0.6995

PART 9
OFFSET  14.8726 -1.5817 -6.9829
X  0.7006 -0.5671  0.4331
Y  0.2759  0.7750  0.5685
Z -0.6581 -0.2788  0.6995

PART 10
OFFSET  16.8051 -1.4184 -6.1196
X  0.9542 -0.2543 -0.1574
Y  0.2976  0.7548  0.5846
Z -0.0299 -0.6047  0.7959

PART 11
OFFSET  17.5093 -1.0527 -5.2994
X  0.9007 -0.0924  0.4245
Y -0.0885  0.9175  0.3877
Z -0.4253 -0.3868  0.8182

PART 12
OFFSET  19.4204 -1.1821 -4.2992
X  0.9575 -0.2878 -0.0166
Y  0.2211  0.6960  0.6832
Z -0.1851 -0.6578  0.7301

PART 13
OFFSET  20.9323 -1.7619 -4.2851
X  0.9635  0.0164  0.2672
Y -0.1523  0.8543  0.4969
Z -0.2202 -0.5195  0.8256

PART 14
OFFSET  21.9616 -1.7535 -3.9499
X  0.8213  0.5218 -0.2307
Y -0.3436  0.1295 -0.9302
Z -0.4555  0.8432  0.2856

PART 15
OFFSET  17.2879 -2.5640 -6.7179
X  0.4864 -0.8737  0.0039
Y -0.3842 -0.2099  0.8991
Z -0.7847 -0.4388 -0.4378

PART 16
OFFSET  18.4480 -4.4889 -6.5351
X -0.1899 -0.3782  0.9060
Y -0.6371  0.7496  0.1794
Z -0.7470 -0.5432 -0.3833

PART 17
OFFSET  18.1791 -5.0243 -5.2523
X -0.6000  0.3386  0.7248
Y -0.3046  0.7411 -0.5983
Z -0.7397 -0.5798 -0.3415

PART 18
OFFSET  17.6471 -4.7242 -4.6096
X -0.5518  0.1899  0.8121
Y -0.3586  0.8251 -0.4367
Z -0.7530 -0.5322 -0.3871

PART 19
OFFSET  17.1229 -4.5437 -3.8382
X  0.7560 -0.5863 -0.2910
Y -0.0108  0.4334 -0.9011
Z  0.6544  0.6845  0.3213

PART 20
OFFSET  17.6997 -2.0339 -6.4751
X  0.8165 -0.4775 -0.3245
Y -0.0625 -0.6319  0.7725
Z -0.5739 -0.6105 -0.5458

PART 21
OFFSET  19.6254 -3.7353 -6.8691
X  0.2220 -0.7633  0.6067
Y -0.6639  0.3373  0.6674
Z -0.7141 -0.5509 -0.4319

PART 22
OFFSET  20.0033 -5.0349 -5.8362
X -0.6224  0.2078  0.7546
Y -0.3465  0.7913 -0.5037
Z -0.7018 -0.5750 -0.4205

PART 23
OFFSET  19.1408 -4.7469 -4.7904
X -0.5964  0.1387  0.7906
Y -0.3959  0.8060 -0.4400
Z -0.6983 -0.5754 -0.4258

PART 24
OFFSET  18.4940 -4.5965 -3.9329
X  0.6804 -0.6023 -0.4174
Y  0.0478  0.6048 -0.7949
Z  0.7313  0.5209  0.4403

PART 25
OFFSET  20.2032 -1.3280 -5.2499
X  0.8320 -0.5534 -0.0398
Y  0.3175  0.5337 -0.7838
Z  0.4550  0.6395  0.6197

PART 26
OFFSET  20.7589 -1.6153 -6.5877
X  0.7246 -0.6854  0.0718
Y -0.5954 -0.5700  0.5662
Z -0.3472 -0.4530 -0.8211

PART 27
OFFSET  22.0346 -2.8222 -6.4612
X  0.6765 -0.7348  0.0500
Y -0.6469 -0.5604  0.5172
Z -0.3520 -0.3822 -0.8544

PART 28
OFFSET  22.8784 -3.6922 -6.3486
X  0.4211 -0.8405  0.3410
Y -0.8622 -0.2541  0.4383
Z -0.2817 -0.4785 -0.8316

PART 29
OFFSET  23.3540 -4.6416 -5.9634
X  0.5620  0.3684 -0.7406
Y -0.6180  0.7821 -0.0799
Z  0.5498  0.5025  0.6672

PART 30
OFFSET  20.3289 -2.5155 -7.0624
X  0.6074 -0.7347  0.3023
Y -0.4965 -0.0540  0.8664
Z -0.6202 -0.6763 -0.3976

PART 31
OFFSET  21.5154 -3.9507 -6.4719
X  0.0191 -0.5338  0.8454
Y -0.7532  0.5483  0.3633
Z -0.6575 -0.6437 -0.3916

PART 32
OFFSET  21.5434 -4.7304 -5.2371
X -0.4483 -0.0728  0.8909
Y -0.5669  0.7938 -0.2204
Z -0.6911 -0.6038 -0.3972

PART 33
OFFSET  21.0311 -4.8178 -4.2307
X  0.7500 -0.4126 -0.5170
Y -0.1963  0.6075 -0.7697
Z  0.6316  0.6788  0.3746

PART 34
OFFSET  19.1863 -3.4361 -5.6484
X -0.6170 -0.6153 -0.4906
Y  0.0299  0.6047 -0.7959
Z  0.7864 -0.5058 -0.3547

PART 35
OFFSET  10.7312 -3.3098 -3.5909
X  0.9999  0.0008 -0.0136
Y -0.0008  1.0000 -0.0001
Z  0.0136  0.0001  0.9999

PART 36
OFFSET  10.7312 -3.3098 -3.5909
X  0.9999  0.0008 -0.0136
Y -0.0008  1.0000 -0.0001
Z  0.0136  0.0001  0.9999

PART 37
OFFSET -116.8003 -3.3950 -2.5865
X -0.0136 -0.0001 -0.9999
Y -0.0008  1.0000 -0.0001
Z  0.9999  0.0008 -0.0136

PART 38
OFFSET  10.7499 -3.3098 -3.1592
X  0.9999  0.0008 -0.0136
Y -0.0008  1.0000 -0.0001
Z  0.0136  0.0001  0.9999

PART 39
OFFSET  15.9663 -3.3110 -5.9836
X  0.9999  0.0008 -0.0136
Y -0.0008  1.0000 -0.0001
Z  0.0136  0.0001  0.9999

PART 40
OFFSET  3.1528 -2.2407 -3.4520
X  0.6919  0.0006  0.7220
Y -0.0008  1.0000 -0.0001
Z -0.7220 -0.0005  0.6919

PART 41
OFFSET  3.1527 -2.1117 -3.4520
X  0.9999  0.0008 -0.0136
Y -0.0008  1.0000 -0.0001
Z  0.0136  0.0001  0.9999

PART 42
OFFSET  14.8504 -3.3114 -1.5912
X  0.9999  0.0008 -0.0136
Y -0.0008  1.0000 -0.0001
Z  0.0136  0.0001  0.9999

PART 43
OFFSET  8.1402 -3.2952 -4.9512
X  0.9999  0.0008 -0.0136
Y -0.0008  1.0000 -0.0001
Z  0.0136  0.0001  0.9999

PART 44
OFFSET  13.5080 -3.3074 -1.8760
X  0.0043 -0.9659  0.2589
Y  0.9999  0.0008 -0.0136
Z  0.0129  0.2589  0.9658

PART 45
OFFSET -12.8776 -7.9373 -2.0215
X -0.2680 -0.0871  0.9595
Y -0.2770 -0.9469 -0.1633
Z  0.9227 -0.3096  0.2296

PART 46
OFFSET -9.6364 -6.8838 -13.6253
X -0.8450 -0.1896 -0.5001
Y  0.4819  0.1359 -0.8657
Z  0.2320 -0.9724 -0.0235

PART 47
OFFSET -2.4496 -5.2716 -9.3718
X -0.8450 -0.1896 -0.5001
Y  0.5136 -0.0271 -0.8576
Z  0.1490 -0.9815  0.1203

PART 48
OFFSET -1.8564 -3.9863 -7.9856
X -0.8485 -0.1877 -0.4948
Y -0.2365  0.9709  0.0373
Z  0.4734  0.1487 -0.8682

PART 49
OFFSET -1.8534 -4.6336 -6.9772
X -0.8485 -0.1877 -0.4948
Y -0.2365  0.9709  0.0373
Z  0.4734  0.1487 -0.8682

PART 50
OFFSET -1.3580 -5.8735 -7.1452
X -0.8485 -0.1877 -0.4948
Y -0.2365  0.9709  0.0373
Z  0.4734  0.1487 -0.8682

PART 51
OFFSET  0.1408 -4.6904 -7.8387
X -0.9541 -0.0010 -0.2994
Y  0.2994  0.0087 -0.9541
Z  0.0036 -1.0000 -0.0080

PART 52
OFFSET  0.2797 -4.2879 -6.7800
X -0.5604 -0.6576 -0.5035
Y  0.6343  0.0501 -0.7714
Z  0.5325 -0.7517  0.3891

PART 53
OFFSET  1.3960 -2.8319 -5.6382
X -0.9327 -0.3594 -0.0313
Y  0.2063 -0.4604 -0.8634
Z  0.2959 -0.8117  0.5035

PART 54
OFFSET  2.8808 -2.1883 -5.6956
X -0.7685 -0.0533  0.6376
Y -0.4771 -0.6162 -0.6266
Z  0.4263 -0.7857  0.4482

PART 55
OFFSET  3.7005 -2.0842 -6.3950
X -0.9395  0.3384  0.0536
Y  0.2627  0.8121 -0.5211
Z -0.2199 -0.4755 -0.8518

PART 56
OFFSET  1.2681 -4.4782 -8.6054
X -0.9531 -0.0487  0.2988
Y  0.0623 -0.9974  0.0361
Z  0.2963  0.0530  0.9536

PART 57
OFFSET  3.4449 -4.2386 -9.1423
X -0.4701 -0.8485 -0.2432
Y  0.8821 -0.4608 -0.0973
Z -0.0296 -0.2603  0.9651

PART 58
OFFSET  4.1105 -3.0374 -8.7979
X  0.4516 -0.8633 -0.2254
Y  0.8922  0.4379  0.1103
Z  0.0034 -0.2509  0.9680

PART 59
OFFSET  3.7100 -2.2720 -8.5981
X  0.9919  0.1222 -0.0332
Y -0.1121  0.9693  0.2188
Z  0.0589 -0.2134  0.9752

PART 60
OFFSET  2.7677 -2.3881 -8.5666
X -0.6968 -0.6711 -0.2530
Y -0.7155  0.6262  0.3098
Z -0.0494  0.3969 -0.9165

PART 61
OFFSET  1.2794 -4.6234 -7.9065
X -0.9999 -0.0097  0.0081
Y  0.0100 -0.9992  0.0400
Z  0.0077  0.0401  0.9992

PART 62
OFFSET  3.8737 -4.6263 -8.0750
X -0.3015 -0.9492 -0.0905
Y  0.9535 -0.3000 -0.0299
Z  0.0012 -0.0953  0.9954

PART 63
OFFSET  4.3870 -3.0104 -7.9209
X  0.7065 -0.7039 -0.0731
Y  0.7075  0.7004  0.0938
Z -0.0148 -0.1180  0.9929

PART 64
OFFSET  3.4078 -2.0348 -7.8196
X  0.9216  0.3831  0.0621
Y -0.3876  0.9166  0.0974
Z -0.0196 -0.1139  0.9933

PART 65
OFFSET  2.4083 -2.4504 -7.8869
X -0.5346 -0.8431 -0.0576
Y -0.8446  0.5354  0.0015
Z  0.0296  0.0495 -0.9983

PART 66
OFFSET -4.0814 -5.2380 -8.2822
X -0.9546 -0.2807 -0.0994
Y -0.2690  0.9561 -0.1166
Z  0.1278 -0.0846 -0.9882

PART 67
OFFSET  3.6342 -5.0648 -5.9555
X -0.9450 -0.3082 -0.1094
Y  0.3121 -0.9498 -0.0201
Z -0.0977 -0.0531  0.9938

PART 68
OFFSET  5.2980 -4.5221 -5.7629
X -0.3553 -0.9339 -0.0397
Y  0.9282 -0.3575  0.1027
Z -0.1101 -0.0004  0.9939

PART 69
OFFSET  5.7233 -3.3868 -5.6543
X  0.5059 -0.8626 -0.0042
Y  0.8548  0.5006  0.1367
Z -0.1158 -0.0728  0.9906

PART 70
OFFSET  5.1519 -2.4124 -5.6495
X -0.9689 -0.1916  0.1566
Y -0.2068  0.9744 -0.0876
Z -0.1358 -0.1173 -0.9838

PART 71
OFFSET  3.8565 -4.8760 -7.0211
X -0.4636 -0.8841 -0.0582
Y  0.8795 -0.4671  0.0905
Z -0.1072 -0.0092  0.9942

PART 72
OFFSET  4.7622 -3.1488 -6.9074
X  0.6688 -0.7408  0.0625
Y  0.7398  0.6715  0.0429
Z -0.0737  0.0175  0.9971

PART 73
OFFSET  3.7854 -2.0667 -6.9987
X  0.9797  0.1969  0.0374
Y -0.1934  0.9778 -0.0813
Z -0.0526  0.0724  0.9960

PART 74
OFFSET  2.6760 -2.2895 -7.0482
X -0.6244 -0.7801 -0.0405
Y -0.7804  0.6252 -0.0118
Z  0.0345  0.0242 -0.9991

PART 75
OFFSET  0.0000 -0.0000 -0.0000
X  1.0000 -0.0000  0.0000
Y  0.0000  1.0000  0.0000
Z  0.0000 -0.0000  1.0000

PART 76
OFFSET -0.0000 -0.0000 -0.0000
X  1.0000  0.0000 -0.0008
Y  0.0000  1.0000  0.0019
Z  0.0008 -0.0019  1.0000

PART 77
OFFSET  1.5439 -0.0080  4.1344
X  1.0000  0.0000 -0.0008
Y  0.0000  1.0000  0.0019
Z  0.0008 -0.0019  1.0000


FRAME 402
PART 0
OFFSET  0.0000 -0.0000 -0.0000
X  1.0000 -0.0000  0.0000
Y  0.0000  1.0000  0.0000
Z  0.0000 -0.0000  1.0000

PART 1
OFFSET -4.6318 -0.0000 -1.3770
X  1.0000 -0.0000  0.0000
Y  0.0000  1.0000  0.0000
Z  0.0000 -0.0000  1.0000

PART 2
OFFSET -2.1388  5.0523 -5.9168
X  0.8973  0.0148 -0.4412
Y -0.0558 -0.9876 -0.1466
Z -0.4379  0.1562 -0.8853

PART 3
OFFSET  8.7127  5.2308 -11.2530
X  0.7053 -0.5672  0.4251
Y -0.6549 -0.2919  0.6970
Z -0.2713 -0.7701 -0.5774

PART 4
OFFSET  14.7119  0.4061 -7.6371
X  0.7053 -0.5672  0.4251
Y  0.2625  0.7661  0.5867
Z -0.6585 -0.3022  0.6893

PART 5
OFFSET  16.3373  1.2824 -7.2583
X  0.7100 -0.5634  0.4226
Y  0.2787  0.7758  0.5661
Z -0.6468 -0.2842  0.7078

PART 6
OFFSET  16.0513 -0.3650 -8.5028
X  0.7100 -0.5634  0.4226
Y  0.2787  0.7758  0.5661
Z -0.6468 -0.2842  0.7078

PART 7
OFFSET  15.0145  0.1583 -5.3289
X  0.7100 -0.5634  0.4226
Y  0.2787  0.7758  0.5661
Z -0.6468 -0.2842  0.7078

PART 8
OFFSET  14.7383 -1.5382 -5.9890
X  0.7100 -0.5634  0.4226
Y  0.2787  0.7758  0.5661
Z -0.6468 -0.2842  0.7078

PART 9
OFFSET  14.9313 -1.5071 -7.1711
X  0.7100 -0.5634  0.4226
Y  0.2787  0.7758  0.5661
Z -0.6468 -0.2842  0.7078

PART 10
OFFSET  16.8742 -1.3329 -6.3338
X  0.9489 -0.2523 -0.1893
Y  0.3154  0.7545  0.5755
Z -0.0024 -0.6059  0.7956

PART 11
OFFSET  17.6045 -0.9670 -5.5368
X  0.9145 -0.0915  0.3942
Y -0.0771  0.9168  0.3919
Z -0.3973 -0.3887  0.8313

PART 12
OFFSET  19.5480 -1.0947 -4.6008
X  0.9570 -0.2859 -0.0486
Y  0.2421  0.6955  0.6765
Z -0.1596 -0.6592  0.7348

PART 13
OFFSET  21.0607 -1.6715 -4.6374
X  0.9719  0.0170  0.2348
Y -0.1365  0.8533  0.5032
Z -0.1918 -0.5211  0.8317

PART 14
OFFSET  22.1006 -1.6625 -4.3369
X  0.8125  0.5231 -0.2572
Y -0.3747  0.1306 -0.9179
Z -0.4466  0.8422  0.3022

PART 15
OFFSET  17.3389 -2.4767 -6.9494
X  0.4878 -0.8728 -0.0135
Y -0.3538 -0.2119  0.9110
Z -0.7980 -0.4396 -0.4122

PART 16
OFFSET  18.5079 -4.3997 -6.8080
X -0.1589 -0.3801  0.9112
Y -0.6322  0.7481  0.2018
Z -0.7583 -0.5440 -0.3591

PART 17
OFFSET  18.2830 -4.9379 -5.5180
X -0.5761  0.3360  0.7451
Y -0.3259  0.7416 -0.5864
Z -0.7496 -0.5807 -0.3177

PART 18
OFFSET  17.7722 -4.6400 -4.8573
X -0.5250  0.1880  0.8301
Y -0.3743  0.8250 -0.4235
Z -0.7644 -0.5330 -0.3627

PART 19
OFFSET  17.2734 -4.4614 -4.0687
X  0.7470 -0.5846 -0.3166
Y -0.0413  0.4345 -0.8997
Z  0.6635  0.6852  0.3004

PART 20
OFFSET  17.7576 -1.9462 -6.7197
X  0.8062 -0.4755 -0.3521
Y -0.0357 -0.6331  0.7732
Z -0.5906 -0.6108 -0.5274

PART 21
OFFSET  19.6723 -3.6435 -7.1798
X  0.2435 -0.7639  0.5977
Y -0.6420  0.3350  0.6897
Z -0.7270 -0.5516 -0.4089

PART 22
OFFSET  20.0868 -4.9440 -6.1622
X -0.5972  0.2052  0.7754
Y -0.3647  0.7915 -0.4904
Z -0.7143 -0.5757 -0.3979

PART 23
OFFSET  19.2590 -4.6596 -5.0876
X -0.5703  0.1368  0.8100
Y -0.4115  0.8059 -0.4258
Z -0.7110 -0.5761 -0.4033

PART 24
OFFSET  18.6406 -4.5113 -4.2091
X  0.6673 -0.6007 -0.4403
Y  0.0206  0.6058 -0.7953
Z  0.7445  0.5216  0.4167

PART 25
OFFSET  20.2990 -1.2375 -5.5770
X  0.8312 -0.5518 -0.0682
Y  0.2904  0.5354 -0.7931
Z  0.4742  0.6394  0.6052

PART 26
OFFSET  20.8106 -1.5219 -6.9329
X  0.7279 -0.6841  0.0466
Y -0.5751 -0.5721  0.5848
Z -0.3734 -0.4525 -0.8098

PART 27
OFFSET  22.0922 -2.7263 -6.8509
X  0.6793 -0.7334  0.0263
Y -0.6282 -0.5625  0.5376
Z -0.3795 -0.3817 -0.8428

PART 28
OFFSET  22.9410 -3.5947 -6.7677
X  0.4339 -0.8401  0.3254
Y -0.8466 -0.2566  0.4663
Z -0.3083 -0.4778 -0.8226

PART 29
OFFSET  23.4311 -4.5437 -6.4001
X  0.5363  0.3707 -0.7583
Y -0.6219  0.7810 -0.0580
Z  0.5707  0.5027  0.6493

PART 30
OFFSET  20.3667 -2.4221 -7.3944
X  0.6185 -0.7340  0.2806
Y -0.4672 -0.0564  0.8824
Z -0.6318 -0.6768 -0.3778

PART 31
OFFSET  21.5751 -3.8560 -6.8463
X  0.0484 -0.5352  0.8434
Y -0.7417  0.5462  0.3892
Z -0.6689 -0.6444 -0.3705

PART 32
OFFSET  21.6457 -4.6377 -5.6145
X -0.4187 -0.0746  0.9051
Y -0.5751  0.7931 -0.2007
Z -0.7028 -0.6045 -0.3749

PART 33
OFFSET  21.1670 -4.7270 -4.5920
X  0.7333 -0.4107 -0.5418
Y -0.2225  0.6080 -0.7621
Z  0.6424  0.6794  0.3545

PART 34
OFFSET  19.2733 -3.3469 -5.9448
X -0.6319 -0.6157 -0.4708
Y  0.0024  0.6059 -0.7956
Z  0.7751 -0.5038 -0.3813

PART 35
OFFSET  10.8909 -3.2392 -3.6079
X  0.9989  0.0027 -0.0467
Y -0.0026  1.0000  0.0014
Z  0.0467 -0.0013  0.9989

PART 36
OFFSET  10.8909 -3.2392 -3.6079
X  0.9989  0.0027 -0.0467
Y -0.0026  1.0000  0.0014
Z  0.0467 -0.0013  0.9989

PART 37
OFFSET -116.5368 -3.5608  1.6226
X -0.0467  0.0013 -0.9989
Y -0.0026  1.0000  0.0014
Z  0.9989  0.0027 -0.0467

PART 38
OFFSET  10.9239 -3.2397 -3.1771
X  0.9989  0.0027 -0.0467
Y -0.0026  1.0000  0.0014
Z  0.0467 -0.0013  0.9989

PART 39
OFFSET  16.0438 -3.2272 -6.1729
X  0.9989  0.0027 -0.0467
Y -0.0026  1.0000  0.0014
Z  0.0467 -0.0013  0.9989

PART 40
OFFSET  3.3194 -2.1842 -3.2164
X  0.7154  0.0009  0.6987
Y -0.0026  1.0000  0.0014
Z -0.6987 -0.0028  0.7154

PART 41
OFFSET  3.3190 -2.0552 -3.2162
X  0.9989  0.0027 -0.0467
Y -0.0026  1.0000  0.0014
Z  0.0467 -0.0013  0.9989

PART 42
OFFSET  15.0741 -3.2360 -1.7459
X  0.9989  0.0027 -0.0467
Y -0.0026  1.0000  0.0014
Z  0.0467 -0.0013  0.9989

PART 43
OFFSET  8.2562 -3.2273 -4.8816
X  0.9989  0.0027 -0.0467
Y -0.0026  1.0000  0.0014
Z  0.0467 -0.0013  0.9989

PART 44
OFFSET  13.7230 -3.2341 -1.9861
X  0.0146 -0.9663  0.2572
Y  0.9989  0.0027 -0.0467
Z  0.0445  0.2576  0.9652

PART 45
OFFSET -12.5959 -7.9373 -2.3174
X -0.2752 -0.1028  0.9559
Y -0.2715 -0.9455 -0.1799
Z  0.9223 -0.3090  0.2323

PART 46
OFFSET -9.2675 -6.6935 -13.8775
X -0.8154 -0.1781 -0.5508
Y  0.5283  0.1599 -0.8339
Z  0.2366 -0.9709 -0.0364

PART 47
OFFSET -2.3318 -5.1791 -9.1930
X -0.8154 -0.1781 -0.5508
Y  0.5632 -0.0242 -0.8260
Z  0.1338 -0.9837  0.1200

PART 48
OFFSET -1.8206 -3.9298 -7.7426
X -0.8192 -0.1763 -0.5457
Y -0.2418  0.9690  0.0499
Z  0.5200  0.1728 -0.8365

PART 49
OFFSET -1.8708 -4.6038 -6.7531
X -0.8192 -0.1763 -0.5457
Y -0.2418  0.9690  0.0499
Z  0.5200  0.1728 -0.8365

PART 50
OFFSET -1.3623 -5.8376 -6.9262
X -0.8192 -0.1763 -0.5457
Y -0.2418  0.9690  0.0499
Z  0.5200  0.1728 -0.8365

PART 51
OFFSET  0.1681 -4.6332 -7.5045
X -0.9635 -0.0023 -0.2676
Y  0.2676  0.0107 -0.9635
Z  0.0051 -0.9999 -0.0096

PART 52
OFFSET  0.3412 -4.2319 -6.4504
X -0.5756 -0.6580 -0.4856
Y  0.6083  0.0523 -0.7920
Z  0.5465 -0.7512  0.3701

PART 53
OFFSET  1.4921 -2.7755 -5.3440
X -0.9325 -0.3610 -0.0009
Y  0.1784 -0.4587 -0.8705
Z  0.3139 -0.8119  0.4922

PART 54
OFFSET  2.9731 -2.1291 -5.4497
X -0.7469 -0.0557  0.6626
Y -0.4965 -0.6162 -0.6114
Z  0.4424 -0.7856  0.4326

PART 55
OFFSET  3.7690 -2.0225 -6.1756
X -0.9378  0.3366  0.0853
Y  0.2438  0.8133 -0.5283
Z -0.2471 -0.4746 -0.8448

PART 56
OFFSET  1.2689 -4.4178 -8.3078
X -0.9425 -0.0509  0.3302
Y  0.0653 -0.9973  0.0325
Z  0.3277  0.0522  0.9434

PART 57
OFFSET  3.4263 -4.1734 -8.9162
X -0.4764 -0.8490 -0.2288
Y  0.8792 -0.4591 -0.1272
Z  0.0029 -0.2617  0.9651

PART 58
OFFSET  4.1008 -2.9715 -8.5923
X  0.4454 -0.8621 -0.2415
Y  0.8946  0.4394  0.0814
Z  0.0360 -0.2523  0.9670

PART 59
OFFSET  3.7058 -2.2071 -8.3782
X  0.9901  0.1241 -0.0658
Y -0.1065  0.9688  0.2239
Z  0.0916 -0.2146  0.9724

PART 60
OFFSET  2.7652 -2.3250 -8.3156
X -0.7036 -0.6720 -0.2308
Y -0.7060  0.6244  0.3343
Z -0.0805  0.3981 -0.9138

PART 61
OFFSET  1.3037 -4.5640 -7.6099
X -0.9991 -0.0115  0.0412
Y  0.0131 -0.9992  0.0381
Z  0.0407  0.0386  0.9984

PART 62
OFFSET  3.8909 -4.5619 -7.8642
X -0.3026 -0.9496 -0.0819
Y  0.9525 -0.2982 -0.0619
Z  0.0344 -0.0967  0.9947

PART 63
OFFSET  4.4062 -2.9452 -7.7248
X  0.7050 -0.7025 -0.0975
Y  0.7090  0.7016  0.0713
Z  0.0183 -0.1194  0.9927

PART 64
OFFSET  3.4291 -1.9716 -7.5897
X  0.9225  0.3848  0.0321
Y -0.3858  0.9158  0.1116
Z  0.0136 -0.1153  0.9932

PART 65
OFFSET  2.4286 -2.3889 -7.6244
X -0.5347 -0.8440 -0.0412
Y -0.8450  0.5339  0.0303
Z -0.0036  0.0510 -0.9987

PART 66
OFFSET -4.0656 -5.1879 -7.8087
X -0.9569 -0.2823 -0.0681
Y -0.2744  0.9557 -0.1062
Z  0.0951 -0.0829 -0.9920

PART 67
OFFSET  3.7226 -5.0038 -5.7387
X -0.9522 -0.2955 -0.0780
Y  0.2987 -0.9538 -0.0330
Z -0.0646 -0.0548  0.9964

PART 68
OFFSET  5.3990 -4.4835 -5.6014
X -0.5124 -0.8578 -0.0408
Y  0.8554 -0.5140  0.0645
Z -0.0763 -0.0018  0.9971

PART 69
OFFSET  6.0172 -3.4408 -5.4913
X  0.1951 -0.9794 -0.0525
Y  0.9762  0.1888  0.1066
Z -0.0945 -0.0721  0.9929

PART 70
OFFSET  5.7968 -2.3346 -5.4320
X -0.9713  0.1282  0.2001
Y  0.1202  0.9914 -0.0513
Z -0.2050 -0.0258 -0.9784

PART 71
OFFSET  3.9092 -4.8131 -6.8107
X -0.4637 -0.8849 -0.0441
Y  0.8829 -0.4656  0.0606
Z -0.0742 -0.0108  0.9972

PART 72
OFFSET  4.8149 -3.0844 -6.7246
X  0.6718 -0.7397  0.0392
Y  0.7396  0.6728  0.0194
Z -0.0407  0.0160  0.9990

PART 73
OFFSET  3.8337 -2.0039 -6.7818
X  0.9801  0.1986  0.0052
Y -0.1977  0.9775 -0.0733
Z -0.0197  0.0708  0.9973

PART 74
OFFSET  2.7237 -2.2288 -6.7948
X -0.6240 -0.7812 -0.0209
Y -0.7815  0.6238  0.0150
Z  0.0013  0.0257 -0.9997

PART 75
OFFSET  0.0000 -0.0000 -0.0000
X  1.0000 -0.0000  0.0000
Y  0.0000  1.0000  0.0000
Z  0.0000 -0.0000  1.0000

PART 76
OFFSET -0.0000 -0.0000 -0.0000
X  1.0000  0.0000 -0.0031
Y  0.0000  1.0000  0.0072
Z  0.0031 -0.0072  1.0000

PART 77
OFFSET  1.5534 -0.0296  4.1308
X  1.0000  0.0000 -0.0031
Y  0.0000  1.0000  0.0072
Z  0.0031 -0.0072  1.0000


FRAME 403
PART 0
OFFSET  0.0000 -0.0000 -0.0000
X  1.0000 -0.0000  0.0000
Y  0.0000  1.0000  0.0000
Z  0.0000 -0.0000  1.0000

PART 1
OFFSET -4.6318 -0.0000 -1.3770
X  1.0000 -0.0000  0.0000
Y  0.0000  1.0000  0.0000
Z  0.0000 -0.0000  1.0000

PART 2
OFFSET -2.1303  5.0745 -5.9168
X  0.8933  0.0163 -0.4492
Y -0.0547 -0.9880 -0.1446
Z -0.4461  0.1537 -0.8817

PART 3
OFFSET  8.6731  5.2716 -11.3491
X  0.7181 -0.5613  0.4113
Y -0.6395 -0.2992  0.7082
Z -0.2745 -0.7716 -0.5738

PART 4
OFFSET  14.7811  0.4973 -7.8504
X  0.7181 -0.5613  0.4113
Y  0.2659  0.7675  0.5833
Z -0.6431 -0.3095  0.7004

PART 5
OFFSET  16.4049  1.3881 -7.4994
X  0.7227 -0.5574  0.4087
Y  0.2816  0.7774  0.5624
Z -0.6312 -0.2914  0.7188

PART 6
OFFSET  16.1119 -0.2599 -8.7415
X  0.7227 -0.5574  0.4087
Y  0.2816  0.7774  0.5624
Z -0.6312 -0.2914  0.7188

PART 7
OFFSET  15.1277  0.2485 -5.5485
X  0.7227 -0.5574  0.4087
Y  0.2816  0.7774  0.5624
Z -0.6312 -0.2914  0.7188

PART 8
OFFSET  14.8554 -1.4494 -6.2066
X  0.7227 -0.5574  0.4087
Y  0.2816  0.7774  0.5624
Z -0.6312 -0.2914  0.7188

PART 9
OFFSET  15.0267 -1.4146 -7.3920
X  0.7227 -0.5574  0.4087
Y  0.2816  0.7774  0.5624
Z -0.6312 -0.2914  0.7188

PART 10
OFFSET  16.9827 -1.2236 -6.5894
X  0.9407 -0.2495 -0.2298
Y  0.3377  0.7518  0.5663
Z  0.0314 -0.6104  0.7915

PART 11
OFFSET  17.7447 -0.8609 -5.8212
X  0.9301 -0.0921  0.3555
Y -0.0623  0.9144  0.4000
Z -0.3619 -0.3942  0.8448

PART 12
OFFSET  19.7254 -0.9904 -4.9671
X  0.9547 -0.2838 -0.0897
Y  0.2687  0.6921  0.6699
Z -0.1280 -0.6637  0.7370

PART 13
OFFSET  21.2363 -1.5641 -5.0694
X  0.9808  0.0174  0.1944
Y -0.1168  0.8502  0.5133
Z -0.1564 -0.5262  0.8359

PART 14
OFFSET  22.2877 -1.5550 -4.8121
X  0.8004  0.5260 -0.2876
Y -0.4126  0.1352 -0.9008
Z -0.4349  0.8397  0.3252

PART 15
OFFSET  17.4234 -2.3631 -7.2303
X  0.4883 -0.8718 -0.0387
Y -0.3155 -0.2177  0.9236
Z -0.8136 -0.4388 -0.3814

PART 16
OFFSET  18.6004 -4.2847 -7.1484
X -0.1204 -0.3856  0.9148
Y -0.6245  0.7457  0.2321
Z -0.7717 -0.5434 -0.3306

PART 17
OFFSET  18.4299 -4.8306 -5.8532
X -0.5453  0.3307  0.7702
Y -0.3511  0.7443 -0.5681
Z -0.7611 -0.5803 -0.2898

PART 18
OFFSET  17.9463 -4.5375 -5.1703
X -0.4905  0.1823  0.8522
Y -0.3928  0.8267 -0.4029
Z -0.7779 -0.5323 -0.3339

PART 19
OFFSET  17.4803 -4.3643 -4.3607
X  0.7342 -0.5814 -0.3506
Y -0.0792  0.4395 -0.8947
Z  0.6743  0.6847  0.2767

PART 20
OFFSET  17.8504 -1.8331 -7.0150
X  0.7917 -0.4720 -0.3878
Y -0.0027 -0.6375  0.7704
Z -0.6109 -0.6089 -0.5060

PART 21
OFFSET  19.7471 -3.5242 -7.5635
X  0.2692 -0.7668  0.5827
Y -0.6135  0.3298  0.7175
Z -0.7424 -0.5506 -0.3816

PART 22
OFFSET  20.2055 -4.8297 -6.5715
X -0.5650  0.1996  0.8006
Y -0.3860  0.7936 -0.4703
Z -0.7292 -0.5747 -0.3713

PART 23
OFFSET  19.4225 -4.5530 -5.4620
X -0.5365  0.1312  0.8336
Y -0.4300  0.8075 -0.4038
Z -0.7261 -0.5751 -0.3769

PART 24
OFFSET  18.8406 -4.4108 -4.5579
X  0.6495 -0.5970 -0.4709
Y -0.0132  0.6103 -0.7920
Z  0.7602  0.5206  0.3886

PART 25
OFFSET  20.4357 -1.1262 -5.9743
X  0.8285 -0.5499 -0.1057
Y  0.2565  0.5404 -0.8013
Z  0.4977  0.6368  0.5888

PART 26
OFFSET  20.8913 -1.4019 -7.3518
X  0.7304 -0.6829  0.0125
Y -0.5495 -0.5765  0.6048
Z -0.4058 -0.4486 -0.7963

PART 27
OFFSET  22.1772 -2.6043 -7.3297
X  0.6810 -0.7323 -0.0061
Y -0.6045 -0.5667  0.5598
Z -0.4134 -0.3776 -0.8286

PART 28
OFFSET  23.0301 -3.4716 -7.2867
X  0.4484 -0.8412  0.3024
Y -0.8261 -0.2608  0.4994
Z -0.3412 -0.4737 -0.8119

PART 29
OFFSET  23.5366 -4.4217 -6.9452
X  0.5038  0.3760 -0.7777
Y -0.6250  0.7801 -0.0278
Z  0.5962  0.5000  0.6281

PART 30
OFFSET  20.4302 -2.3004 -7.7997
X  0.6308 -0.7344  0.2505
Y -0.4302 -0.0623  0.9006
Z -0.6458 -0.6759 -0.3553

PART 31
OFFSET  21.6625 -3.7350 -7.3103
X  0.0841 -0.5399  0.8375
Y -0.7259  0.5426  0.4227
Z -0.6826 -0.6435 -0.3463

PART 32
OFFSET  21.7853 -4.5236 -6.0870
X -0.3809 -0.0804  0.9211
Y -0.5842  0.7931 -0.1723
Z -0.7167 -0.6037 -0.3490

PART 33
OFFSET  21.3493 -4.6195 -5.0461
X  0.7110 -0.4063 -0.5740
Y -0.2548  0.6119 -0.7488
Z  0.6554  0.6786  0.3315

PART 34
OFFSET  19.3991 -3.2353 -6.3114
X -0.6498 -0.6142 -0.4478
Y -0.0314  0.6104 -0.7915
Z  0.7595 -0.5002 -0.4159

PART 35
OFFSET  11.1202 -3.1564 -3.6296
X  0.9961  0.0048 -0.0879
Y -0.0042  1.0000  0.0073
Z  0.0880 -0.0069  0.9961

PART 36
OFFSET  11.1202 -3.1564 -3.6296
X  0.9961  0.0048 -0.0879
Y -0.0042  1.0000  0.0073
Z  0.0880 -0.0069  0.9961

PART 37
OFFSET -115.9818 -3.7439  6.8595
X -0.0880  0.0069 -0.9961
Y -0.0042  1.0000  0.0073
Z  0.9961  0.0048 -0.0879

PART 38
OFFSET  11.1710 -3.1593 -3.2006
X  0.9961  0.0048 -0.0879
Y -0.0042  1.0000  0.0073
Z  0.0880 -0.0069  0.9961

PART 39
OFFSET  16.1627 -3.1203 -6.4052
X  0.9961  0.0048 -0.0879
Y -0.0042  1.0000  0.0073
Z  0.0880 -0.0069  0.9961

PART 40
OFFSET  3.5696 -2.1177 -2.9195
X  0.7437 -0.0018  0.6685
Y -0.0042  1.0000  0.0073
Z -0.6685 -0.0082  0.7436

PART 41
OFFSET  3.5691 -1.9887 -2.9186
X  0.9961  0.0048 -0.0879
Y -0.0042  1.0000  0.0073
Z  0.0880 -0.0069  0.9961

PART 42
OFFSET  15.3768 -3.1561 -1.9420
X  0.9961  0.0048 -0.0879
Y -0.0042  1.0000  0.0073
Z  0.0880 -0.0069  0.9961

PART 43
OFFSET  8.4351 -3.1422 -4.7933
X  0.9961  0.0048 -0.0879
Y -0.0042  1.0000  0.0073
Z  0.0880 -0.0069  0.9961

PART 44
OFFSET  14.0169 -3.1553 -2.1262
X  0.0268 -0.9677  0.2508
Y  0.9961  0.0048 -0.0879
Z  0.0839  0.2522  0.9640

PART 45
OFFSET -12.1632 -7.9373 -2.7717
X -0.2899 -0.1278  0.9485
Y -0.2608 -0.9430 -0.2068
Z  0.9208 -0.3073  0.2400

PART 46
OFFSET -8.6573 -6.3916 -14.2426
X -0.7696 -0.1593 -0.6183
Y  0.5897  0.1942 -0.7839
Z  0.2450 -0.9679 -0.0556

PART 47
OFFSET -2.1116 -5.0366 -8.9834
X -0.7696 -0.1593 -0.6183
Y  0.6285 -0.0178 -0.7776
Z  0.1129 -0.9871  0.1138

PART 48
OFFSET -1.7213 -3.8431 -7.4508
X -0.7738 -0.1578 -0.6135
Y -0.2513  0.9655  0.0686
Z  0.5815  0.2072 -0.7867

PART 49
OFFSET -1.8429 -4.5553 -6.4949
X -0.7738 -0.1578 -0.6135
Y -0.2513  0.9655  0.0686
Z  0.5815  0.2072 -0.7867

PART 50
OFFSET -1.3146 -5.7797 -6.6759
X -0.7738 -0.1578 -0.6135
Y -0.2513  0.9655  0.0686
Z  0.5815  0.2072 -0.7867

PART 51
OFFSET  0.2478 -4.5482 -7.0878
X -0.9738 -0.0026 -0.2276
Y  0.2275  0.0166 -0.9736
Z  0.0063 -0.9999 -0.0156

PART 52
OFFSET  0.4637 -4.1525 -6.0394
X -0.5941 -0.6563 -0.4652
Y  0.5750  0.0579 -0.8161
Z  0.5625 -0.7523  0.3429

PART 53
OFFSET  1.6570 -2.7003 -4.9733
X -0.9312 -0.3628  0.0356
Y  0.1431 -0.4535 -0.8797
Z  0.3353 -0.8141  0.4742

PART 54
OFFSET  3.1313 -2.0505 -5.1363
X -0.7188 -0.0608  0.6926
Y -0.5203 -0.6137 -0.5939
Z  0.4611 -0.7872  0.4094

PART 55
OFFSET  3.8963 -1.9384 -5.8939
X -0.9340  0.3343  0.1259
Y  0.2205  0.8167 -0.5332
Z -0.2811 -0.4703 -0.8366

PART 56
OFFSET  1.3141 -4.3261 -7.9346
X -0.9280 -0.0546  0.3686
Y  0.0682 -0.9974  0.0240
Z  0.3663  0.0474  0.9293

PART 57
OFFSET  3.4442 -4.0743 -8.6303
X -0.4840 -0.8485 -0.2138
Y  0.8740 -0.4567 -0.1660
Z  0.0432 -0.2672  0.9627

PART 58
OFFSET  4.1294 -2.8730 -8.3276
X  0.4365 -0.8599 -0.2647
Y  0.8965  0.4406  0.0469
Z  0.0763 -0.2577  0.9632

PART 59
OFFSET  3.7424 -2.1106 -8.0929
X  0.9863  0.1263 -0.1060
Y -0.0988  0.9673  0.2336
Z  0.1320 -0.2200  0.9665

PART 60
OFFSET  2.8054 -2.2306 -7.9923
X -0.7115 -0.6720 -0.2054
Y -0.6926  0.6212  0.3667
Z -0.1189  0.4032 -0.9074

PART 61
OFFSET  1.3779 -4.4762 -7.2397
X -0.9965 -0.0136  0.0824
Y  0.0163 -0.9994  0.0318
Z  0.0819  0.0330  0.9961

PART 62
OFFSET  3.9524 -4.4679 -7.6006
X -0.3042 -0.9497 -0.0748
Y  0.9496 -0.2961 -0.1029
Z  0.0756 -0.1023  0.9919

PART 63
OFFSET  4.4704 -2.8511 -7.4734
X  0.7015 -0.7006 -0.1306
Y  0.7102  0.7025  0.0460
Z  0.0595 -0.1250  0.9904

PART 64
OFFSET  3.4982 -1.8801 -7.2924
X  0.9224  0.3863 -0.0039
Y -0.3824  0.9144  0.1327
Z  0.0548 -0.1209  0.9911

PART 65
OFFSET  2.4978 -2.2990 -7.2882
X -0.5346 -0.8448 -0.0239
Y -0.8439  0.5321  0.0682
Z -0.0449  0.0566 -0.9974

PART 66
OFFSET -3.9939 -5.1090 -7.2200
X -0.9584 -0.2837 -0.0302
Y -0.2801  0.9558 -0.0893
Z  0.0541 -0.0771 -0.9956

PART 67
OFFSET  3.8728 -4.9222 -5.4725
X -0.9597 -0.2781 -0.0393
Y  0.2799 -0.9586 -0.0516
Z -0.0233 -0.0605  0.9979

PART 68
OFFSET  5.5626 -4.4325 -5.4034
X -0.6934 -0.7200 -0.0289
Y  0.7198 -0.6939  0.0193
Z -0.0340 -0.0074  0.9994

PART 69
OFFSET  6.4035 -3.5577 -5.3076
X -0.2387 -0.9673 -0.0859
Y  0.9687 -0.2434  0.0483
Z -0.0677 -0.0717  0.9951

PART 70
OFFSET  6.6731 -2.4651 -5.2105
X -0.8158  0.5144  0.2642
Y  0.5243  0.8507 -0.0375
Z -0.2441  0.1080 -0.9637

PART 71
OFFSET  4.0146 -4.7251 -6.5502
X -0.4637 -0.8855 -0.0300
Y  0.8854 -0.4643  0.0214
Z -0.0329 -0.0166  0.9993

PART 72
OFFSET  4.9204 -2.9952 -6.4917
X  0.6740 -0.7387  0.0071
Y  0.7387  0.6740 -0.0073
Z  0.0006  0.0102  0.9999

PART 73
OFFSET  3.9359 -1.9163 -6.5021
X  0.9791  0.2004 -0.0341
Y -0.2022  0.9775 -0.0595
Z  0.0214  0.0651  0.9976

PART 74
OFFSET  2.8267 -2.1431 -6.4706
X -0.6230 -0.7822  0.0004
Y -0.7812  0.6222  0.0509
Z -0.0400  0.0314 -0.9987

PART 75
OFFSET  0.0000 -0.0000 -0.0000
X  1.0000 -0.0000  0.0000
Y  0.0000  1.0000  0.0000
Z  0.0000 -0.0000  1.0000

PART 76
OFFSET -0.0000 -0.0000 -0.0000
X  1.0000  0.0000 -0.0066
Y  0.0001  0.9999  0.0149
Z  0.0066 -0.0149  0.9999

PART 77
OFFSET  1.5676 -0.0616  4.1251
X  1.0000  0.0000 -0.0066
Y  0.0001  0.9999  0.0149
Z  0.0066 -0.0149  0.9999


FRAME 404
PART 0
OFFSET  0.0000 -0.0000 -0.0000
X  1.0000 -0.0000  0.0000
Y  0.0000  1.0000  0.0000
Z  0.0000 -0.0000  1.0000

PART 1
OFFSET -4.6318 -0.0000 -1.3770
X  1.0000 -0.0000  0.0000
Y  0.0000  1.0000  0.0000
Z  0.0000 -0.0000  1.0000

PART 2
OFFSET -2.1188  5.1047 -5.9168
X  0.8910  0.0150 -0.4537
Y -0.0546 -0.9887 -0.1400
Z -0.4506  0.1495 -0.8801

PART 3
OFFSET  8.6573  5.2866 -11.4037
X  0.7321 -0.5534  0.3972
Y -0.6225 -0.3067  0.7200
Z -0.2767 -0.7744 -0.5690

PART 4
OFFSET  14.8839  0.5794 -8.0253
X  0.7321 -0.5534  0.3972
Y  0.2588  0.7653  0.5893
Z -0.6301 -0.3286  0.7035

PART 5
OFFSET  16.5040  1.4882 -7.7046
X  0.7365 -0.5495  0.3945
Y  0.2835  0.7803  0.5575
Z -0.6141 -0.2988  0.7305

PART 6
OFFSET  16.2059 -0.1623 -8.9421
X  0.7365 -0.5495  0.3945
Y  0.2835  0.7803  0.5575
Z -0.6141 -0.2988  0.7305

PART 7
