// Export filename: `C:\projects\cod\t5\xanim_export\t5_viewmodels\spas12\spas12_reload_outro.XANIM_EXPORT`
// Source filename: `D:\projects\devanim\t5\animation_assets\viewmodels/spas12/ViewModel_Spas12_animated.fbx`
// Export time: Sat Sep 11 16:00:45 2010

ANIMATION
VERSION 3

NUMPARTS 78
PART 0 "tag_ads"
PART 1 "tag_torso"
PART 2 "J_Shoulder_LE"
PART 3 "J_Elbow_LE"
PART 4 "J_WristTwist_LE"
PART 5 "J_Sleave_Reshape_Bottom_LE_1"
PART 6 "J_Sleave_Reshape_Bottom_LE_2"
PART 7 "J_Sleave_Reshape_Top_LE_1"
PART 8 "J_Sleave_Reshape_Top_LE_2"
PART 9 "J_Sleave_Reshape_Top_LE_3"
PART 10 "J_Wrist_LE"
PART 11 "J_Thumb_LE_0"
PART 12 "J_Thumb_LE_1"
PART 13 "J_Thumb_LE_2"
PART 14 "J_Thumb_LE_3"
PART 15 "J_PinkyPalm_LE"
PART 16 "J_Pinky_LE_0"
PART 17 "J_Pinky_LE_1"
PART 18 "J_Pinky_LE_2"
PART 19 "J_Pinky_LE_3"
PART 20 "J_RingPalm_LE"
PART 21 "J_Ring_LE_0"
PART 22 "J_Ring_LE_1"
PART 23 "J_Ring_LE_2"
PART 24 "J_Ring_LE_3"
PART 25 "J_Webbing_LE"
PART 26 "J_Index_LE_0"
PART 27 "J_Index_LE_1"
PART 28 "J_Index_LE_2"
PART 29 "J_Index_LE_3"
PART 30 "J_Mid_LE_0"
PART 31 "J_Mid_LE_1"
PART 32 "J_Mid_LE_2"
PART 33 "J_Mid_LE_3"
PART 34 "tag_knife_attach"
PART 35 "tag_weapon"
PART 36 "J_Gun"
PART 37 "TAG_CLIP"
PART 38 "J_Bolt"
PART 39 "J_pump"
PART 40 "J_ring"
PART 41 "J_stock"
PART 42 "J_stocktop"
PART 43 "J_Load"
PART 44 "tag_iron_sights"
PART 45 "J_Shoulder_RI"
PART 46 "J_Elbow_RI"
PART 47 "J_WristTwist_RI"
PART 48 "J_Sleave_Reshape_Top_RI_3"
PART 49 "J_Sleave_Reshape_Top_RI_2"
PART 50 "J_Sleave_Reshape_Top_RI_1"
PART 51 "J_Wrist_RI"
PART 52 "J_Thumb_RI_0"
PART 53 "J_Thumb_RI_1"
PART 54 "J_Thumb_RI_2"
PART 55 "J_Thumb_RI_3"
PART 56 "J_PinkyPalm_RI"
PART 57 "J_Pinky_RI_0"
PART 58 "J_Pinky_RI_1"
PART 59 "J_Pinky_RI_2"
PART 60 "J_Pinky_RI_3"
PART 61 "J_RingPalm_RI"
PART 62 "J_Ring_RI_0"
PART 63 "J_Ring_RI_1"
PART 64 "J_Ring_RI_2"
PART 65 "J_Ring_RI_3"
PART 66 "J_Webbing_RI"
PART 67 "J_Index_RI_0"
PART 68 "J_Index_RI_1"
PART 69 "J_Index_RI_2"
PART 70 "J_Index_RI_3"
PART 71 "J_Mid_RI_0"
PART 72 "J_Mid_RI_1"
PART 73 "J_Mid_RI_2"
PART 74 "J_Mid_RI_3"
PART 75 "tag_cambone"
PART 76 "tag_camera"
PART 77 "tag_gasmask"

FRAMERATE 30
NUMFRAMES 25

FRAME 453
PART 0
OFFSET  0.0000 -0.0000 -0.0000
X  1.0000 -0.0000  0.0000
Y  0.0000  1.0000  0.0000
Z  0.0000 -0.0000  1.0000

PART 1
OFFSET -4.6318 -0.0000 -1.3770
X  1.0000 -0.0000  0.0000
Y  0.0000  1.0000  0.0000
Z  0.0000 -0.0000  1.0000

PART 2
OFFSET -1.0379  7.9373 -5.9168
X  0.3355  0.1075 -0.9359
Y  0.2681 -0.9633 -0.0146
Z -0.9031 -0.2460 -0.3520

PART 3
OFFSET  3.0200  9.2375 -17.2352
X  0.9731 -0.2220 -0.0609
Y  0.0155 -0.2008  0.9795
Z -0.2297 -0.9541 -0.1920

PART 4
OFFSET  11.2969  7.3491 -17.7531
X  0.9731 -0.2220 -0.0609
Y  0.0382 -0.1052  0.9937
Z -0.2270 -0.9693 -0.0939

PART 5
OFFSET  12.3758  8.6545 -18.5810
X  0.9737 -0.2182 -0.0662
Y  0.2267  0.9576  0.1780
Z  0.0245 -0.1884  0.9818

PART 6
OFFSET  12.0966  6.6792 -19.1849
X  0.9737 -0.2182 -0.0662
Y  0.2267  0.9576  0.1780
Z  0.0245 -0.1884  0.9818

PART 7
OFFSET  12.9005  7.9227 -16.1468
X  0.9737 -0.2182 -0.0662
Y  0.2267  0.9576  0.1780
Z  0.0245 -0.1884  0.9818

PART 8
OFFSET  12.9728  6.0896 -16.3031
X  0.9737 -0.2182 -0.0662
Y  0.2267  0.9576  0.1780
Z  0.0245 -0.1884  0.9818

PART 9
OFFSET  12.4449  5.7890 -17.3359
X  0.9737 -0.2182 -0.0662
Y  0.2267  0.9576  0.1780
Z  0.0245 -0.1884  0.9818

PART 10
OFFSET  14.2802  6.6684 -17.9397
X  0.8741 -0.3959  0.2814
Y -0.2865  0.0477  0.9569
Z -0.3922 -0.9171 -0.0717

PART 11
OFFSET  14.2359  6.1598 -16.9191
X  0.1584 -0.6268  0.7629
Y -0.7273  0.4485  0.5195
Z -0.6677 -0.6372 -0.3848

PART 12
OFFSET  14.4681  4.8166 -15.2424
X  0.2919 -0.5068  0.8111
Y -0.8235  0.2981  0.4826
Z -0.4864 -0.8089 -0.3303

PART 13
OFFSET  14.9340  3.8901 -13.9987
X  0.3271 -0.6468  0.6890
Y -0.7532  0.2619  0.6034
Z -0.5708 -0.7163 -0.4015

PART 14
OFFSET  15.2487  3.1623 -13.2617
X  0.4529  0.0366  0.8908
Y  0.4701  0.8392 -0.2735
Z -0.7576  0.5426  0.3628

PART 15
OFFSET  15.2474  6.0970 -18.7407
X  0.7378 -0.6167 -0.2745
Y -0.5860 -0.7870  0.1931
Z -0.3351  0.0184 -0.9420

PART 16
OFFSET  16.8820  4.6122 -19.1967
X  0.2523 -0.9438  0.2134
Y -0.9663 -0.2343  0.1062
Z -0.0503 -0.2330 -0.9712

PART 17
OFFSET  17.2392  3.2760 -18.8946
X -0.3312 -0.9060  0.2634
Y -0.9435  0.3221 -0.0783
Z -0.0139 -0.2744 -0.9615

PART 18
OFFSET  16.9455  2.4726 -18.6611
X -0.4351 -0.8645  0.2515
Y -0.8974  0.4393 -0.0425
Z -0.0738 -0.2442 -0.9669

PART 19
OFFSET  16.5322  1.6513 -18.4221
X  0.9068  0.4208 -0.0259
Y -0.4068  0.8571 -0.3161
Z -0.1108  0.2971  0.9484

PART 20
OFFSET  15.3040  6.1697 -18.0329
X  0.9175 -0.3969 -0.0265
Y -0.3971 -0.9100 -0.1194
Z  0.0233  0.1201 -0.9925

PART 21
OFFSET  17.5267  4.8282 -18.1679
X  0.1868 -0.9764  0.1081
Y -0.9787 -0.1754  0.1067
Z -0.0852 -0.1257 -0.9884

PART 22
OFFSET  17.8447  3.1658 -17.9839
X -0.3244 -0.9315  0.1648
Y -0.9432  0.3317  0.0182
Z -0.0716 -0.1495 -0.9862

PART 23
OFFSET  17.3951  1.8748 -17.7555
X -0.5443 -0.8238  0.1581
Y -0.8360  0.5483 -0.0213
Z -0.0691 -0.1438 -0.9872

PART 24
OFFSET  16.8047  0.9814 -17.5840
X  0.9201  0.3547 -0.1659
Y -0.3692  0.9270 -0.0657
Z  0.1305  0.1217  0.9839

PART 25
OFFSET  16.3098  5.0323 -15.5913
X  0.7688 -0.6367  0.0598
Y  0.6178  0.7636  0.1877
Z -0.1652 -0.1074  0.9804

PART 26
OFFSET  17.6160  5.5027 -16.0948
X  0.4934 -0.8638 -0.1025
Y -0.8563 -0.5030  0.1172
Z -0.1528  0.0299 -0.9878

PART 27
OFFSET  18.4846  3.9819 -16.2753
X -0.0586 -0.9968 -0.0552
Y -0.9930  0.0525  0.1059
Z -0.1026  0.0611 -0.9928

PART 28
OFFSET  18.4196  2.7665 -16.2821
X -0.3342 -0.9412  0.0498
Y -0.9340  0.3378  0.1166
Z -0.1266 -0.0076 -0.9919

PART 29
OFFSET  18.0421  1.7034 -16.2258
X  0.9163 -0.0007 -0.4005
Y  0.0534  0.9913  0.1204
Z  0.3969 -0.1317  0.9084

PART 30
OFFSET  17.7632  5.3287 -17.1758
X  0.3850 -0.9229 -0.0028
Y -0.9114 -0.3807  0.1560
Z -0.1450 -0.0575 -0.9878

PART 31
OFFSET  18.5154  3.5257 -17.1812
X -0.3105 -0.9469  0.0833
Y -0.9341  0.3201  0.1579
Z -0.1762 -0.0288 -0.9839

PART 32
OFFSET  18.0619  2.1426 -17.0595
X -0.5981 -0.7968  0.0859
Y -0.7529  0.5954  0.2805
Z -0.2747  0.1031 -0.9560

PART 33
OFFSET  17.3831  1.2405 -16.9692
X  0.9571  0.2241 -0.1839
Y -0.2111  0.9735  0.0876
Z  0.1987 -0.0451  0.9790

PART 34
OFFSET  16.2068  4.1719 -17.8017
X -0.0426  0.0960 -0.9945
Y  0.3922  0.9171  0.0717
Z  0.9189 -0.3870 -0.0767

PART 35
OFFSET  14.1074 -7.8385 -1.8773
X  0.4574 -0.1083  0.8827
Y -0.8890 -0.0784  0.4510
Z  0.0203 -0.9910 -0.1322

PART 36
OFFSET  14.1074 -7.8385 -1.8773
X  0.4574 -0.1083  0.8827
Y -0.8890 -0.0784  0.4510
Z  0.0203 -0.9910 -0.1322

PART 37
OFFSET -44.2510  6.6990 -114.3418
X -0.0203  0.9910  0.1322
Y -0.8890 -0.0784  0.4510
Z  0.4574 -0.1083  0.8827

PART 38
OFFSET  14.1221 -8.2679 -1.9231
X  0.4574 -0.1083  0.8827
Y -0.8890 -0.0784  0.4510
Z  0.0203 -0.9910 -0.1322

PART 39
OFFSET  16.4737 -6.1082  3.0763
X  0.4574 -0.1083  0.8827
Y -0.8890 -0.0784  0.4510
Z  0.0203 -0.9910 -0.1322

PART 40
OFFSET  9.6860 -7.1374 -8.0865
X  0.3268 -0.7987  0.5053
Y -0.8890 -0.0784  0.4510
Z -0.3206 -0.5966 -0.7357

PART 41
OFFSET  9.5714 -7.1475 -8.0284
X  0.4576 -0.1252  0.8803
Y -0.8890 -0.0784  0.4510
Z  0.0126 -0.9890 -0.1471

PART 42
OFFSET  16.0126 -10.5106  1.4023
X  0.4512  0.0162  0.8923
Y -0.8890 -0.0784  0.4510
Z  0.0772 -0.9968 -0.0210

PART 43
OFFSET  12.8876 -6.1783 -3.9557
X  0.4574 -0.1083  0.8827
Y -0.8890 -0.0784  0.4510
Z  0.0203 -0.9910 -0.1322

PART 44
OFFSET  15.4023 -9.8734  0.3213
X  0.8640 -0.1808 -0.4699
Y  0.4574 -0.1083  0.8827
Z -0.2105 -0.9775 -0.0109

PART 45
OFFSET -6.1478 -7.9373 -9.0892
X -0.5925 -0.3581  0.7216
Y -0.1319 -0.8406 -0.5254
Z  0.7947 -0.4065  0.4508

PART 46
OFFSET  1.0180 -3.6070 -17.8163
X -0.8126 -0.1183 -0.5707
Y  0.5047  0.3470 -0.7905
Z  0.2916 -0.9304 -0.2222

PART 47
OFFSET  7.9293 -2.6006 -12.9621
X -0.8126 -0.1183 -0.5707
Y -0.1051  0.9929 -0.0562
Z  0.5733  0.0143 -0.8192

PART 48
OFFSET  8.3909 -1.6220 -11.3023
X -0.8164 -0.1178 -0.5654
Y -0.2965  0.9256  0.2352
Z  0.4956  0.3596 -0.7906

PART 49
OFFSET  8.3956 -2.4737 -10.4595
X -0.8164 -0.1178 -0.5654
Y -0.2965  0.9256  0.2352
Z  0.4956  0.3596 -0.7906

PART 50
OFFSET  8.9716 -3.6195 -10.8675
X -0.8164 -0.1178 -0.5654
Y -0.2965  0.9256  0.2352
Z  0.4956  0.3596 -0.7906

PART 51
OFFSET  10.4204 -2.2378 -11.2124
X -0.4406  0.4125 -0.7973
Y  0.1159  0.9069  0.4051
Z  0.8902  0.0861 -0.4474

PART 52
OFFSET  10.1413 -3.3339 -11.0610
X  0.3205  0.6181 -0.7179
Y  0.2353  0.6821  0.6923
Z  0.9176 -0.3908  0.0732

PART 53
OFFSET  9.3752 -4.7139 -9.5851
X -0.1085  0.1727 -0.9790
Y  0.4914  0.8654  0.0982
Z  0.8641 -0.4704 -0.1788

PART 54
OFFSET  9.4830 -4.8885 -7.9788
X -0.2958 -0.5331 -0.7927
Y  0.3201  0.7265 -0.6081
Z  0.9000 -0.4336 -0.0442

PART 55
OFFSET  9.7562 -4.3045 -7.1092
X -0.7305  0.0347 -0.6820
Y -0.6087  0.4198  0.6733
Z  0.3097  0.9070 -0.2855

PART 56
OFFSET  10.7375 -1.6332 -10.0135
X -0.3892 -0.1758 -0.9042
Y  0.9155  0.0351 -0.4009
Z  0.1022 -0.9838  0.1473

PART 57
OFFSET  11.5147 -1.3857 -7.9113
X  0.5351  0.3646 -0.7621
Y  0.8124  0.0251  0.5825
Z  0.2315 -0.9308 -0.2828

PART 58
OFFSET  10.7571 -1.9018 -6.8324
X  0.9710  0.2359  0.0401
Y  0.0213 -0.2522  0.9674
Z  0.2383 -0.9385 -0.2499

PART 59
OFFSET  9.8962 -2.1110 -6.8680
X  0.3455 -0.0975  0.9333
Y -0.9097 -0.2791  0.3076
Z  0.2304 -0.9553 -0.1852

PART 60
OFFSET  9.5679 -2.0183 -7.7547
X  0.2734  0.3879 -0.8802
Y -0.8800 -0.2686 -0.3918
Z -0.3884  0.8817  0.2679

PART 61
OFFSET  10.8817 -2.3146 -10.1699
X -0.4496  0.1145 -0.8859
Y  0.8931  0.0377 -0.4483
Z -0.0179 -0.9927 -0.1192

PART 62
OFFSET  12.0709 -2.4635 -7.8629
X  0.7040  0.2009 -0.6812
Y  0.7032 -0.0629  0.7082
Z  0.0994 -0.9776 -0.1855

PART 63
OFFSET  10.8722 -2.8054 -6.7032
X  0.9483  0.0416  0.3146
Y -0.2969 -0.2340  0.9258
Z  0.1121 -0.9714 -0.2095

PART 64
OFFSET  9.5580 -2.8631 -7.1392
X  0.0828 -0.2037  0.9755
Y -0.9909 -0.1213  0.0587
Z  0.1063 -0.9715 -0.2119

PART 65
OFFSET  9.4682 -2.6422 -8.1972
X  0.5034  0.1884 -0.8432
Y -0.8629  0.0593 -0.5019
Z -0.0446  0.9803  0.1924

PART 66
OFFSET  8.9656 -1.2419 -15.1132
X -0.1895  0.2366 -0.9529
Y -0.9746  0.0730  0.2119
Z  0.1197  0.9689  0.2168

PART 67
OFFSET  12.3808 -4.4970 -8.5775
X -0.2344  0.2425 -0.9414
Y  0.9720  0.0750 -0.2227
Z  0.0166 -0.9672 -0.2533

PART 68
OFFSET  12.7936 -4.9240 -6.9200
X -0.1486  0.2392 -0.9595
Y  0.9883  0.0017 -0.1526
Z -0.0349 -0.9710 -0.2366

PART 69
OFFSET  12.9721 -5.2737 -5.7679
X -0.0595  0.3070 -0.9499
Y  0.9979 -0.0057 -0.0643
Z -0.0251 -0.9517 -0.3060

PART 70
OFFSET  13.0393 -5.6205 -4.6950
X -0.8886 -0.3625  0.2812
Y  0.3580 -0.1645  0.9191
Z -0.2869  0.9174  0.2759

PART 71
OFFSET  12.2999 -3.4846 -8.1428
X  0.5724  0.1835 -0.7992
Y  0.8195 -0.1599  0.5503
Z -0.0268 -0.9699 -0.2419

PART 72
OFFSET  11.1816 -3.8430 -6.5816
X  0.9658 -0.0850  0.2451
Y -0.2571 -0.1853  0.9485
Z -0.0352 -0.9790 -0.2008

PART 73
OFFSET  9.7710 -3.7188 -6.9396
X  0.2746 -0.1718  0.9461
Y -0.9587  0.0271  0.2832
Z -0.0743 -0.9848 -0.1572

PART 74
OFFSET  9.4599 -3.5173 -8.0098
X  0.4065  0.1774 -0.8963
Y -0.9134  0.0575 -0.4029
Z -0.0199  0.9825  0.1854

PART 75
OFFSET  0.0000 -0.0000 -0.0000
X  1.0000 -0.0000  0.0000
Y  0.0000  1.0000  0.0000
Z  0.0000 -0.0000  1.0000

PART 76
OFFSET  0.0000 -0.0000 -0.0000
X  1.0000 -0.0000  0.0000
Y  0.0000  1.0000  0.0000
Z  0.0000 -0.0000  1.0000

PART 77
OFFSET  1.5404 -0.0000  4.1357
X  1.0000 -0.0000  0.0000
Y  0.0000  1.0000  0.0000
Z  0.0000 -0.0000  1.0000


FRAME 454
PART 0
OFFSET  0.0000 -0.0000 -0.0000
X  1.0000 -0.0000  0.0000
Y  0.0000  1.0000  0.0000
Z  0.0000 -0.0000  1.0000

PART 1
OFFSET -4.6318 -0.0000 -1.3770
X  1.0000 -0.0000  0.0000
Y  0.0000  1.0000  0.0000
Z  0.0000 -0.0000  1.0000

PART 2
OFFSET -0.8322  7.8981 -6.1664
X  0.3653  0.0891 -0.9266
Y  0.2240 -0.9746 -0.0054
Z -0.9035 -0.2056 -0.3759

PART 3
OFFSET  3.5851  8.9752 -17.3731
X  0.9478 -0.2945  0.1221
Y -0.1730 -0.1533  0.9729
Z -0.2678 -0.9433 -0.1962

PART 4
OFFSET  11.6466  6.4703 -16.3343
X  0.9478 -0.2945  0.1221
Y -0.1296 -0.0059  0.9915
Z -0.2913 -0.9556 -0.0438

PART 5
OFFSET  12.9549  7.6523 -17.0013
X  0.9496 -0.2910  0.1169
Y  0.2676  0.9462  0.1819
Z -0.1635 -0.1414  0.9764

PART 6
OFFSET  12.6295  5.6751 -17.5754
X  0.9496 -0.2910  0.1169
Y  0.2676  0.9462  0.1819
Z -0.1635 -0.1414  0.9764

PART 7
OFFSET  12.9836  7.0042 -14.4882
X  0.9496 -0.2910  0.1169
Y  0.2676  0.9462  0.1819
Z -0.1635 -0.1414  0.9764

PART 8
OFFSET  12.9356  5.1653 -14.5644
X  0.9496 -0.2910  0.1169
Y  0.2676  0.9462  0.1819
Z -0.1635 -0.1414  0.9764

PART 9
OFFSET  12.5752  4.8535 -15.6637
X  0.9496 -0.2910  0.1169
Y  0.2676  0.9462  0.1819
Z -0.1635 -0.1414  0.9764

PART 10
OFFSET  14.5523  5.5674 -15.9599
X  0.8595 -0.3850  0.3362
Y -0.3246  0.0969  0.9409
Z -0.3948 -0.9178 -0.0417

PART 11
OFFSET  14.4636  5.1109 -14.9178
X  0.1587 -0.6216  0.7671
Y -0.7217  0.4571  0.5198
Z -0.6738 -0.6361 -0.3760

PART 12
OFFSET  14.6966  3.7798 -13.2316
X  0.5281 -0.5836  0.6168
Y -0.7075  0.0993  0.6997
Z -0.4696 -0.8059 -0.3605

PART 13
OFFSET  15.5388  2.7414 -12.3179
X  0.5182 -0.6929  0.5014
Y -0.6310  0.0861  0.7710
Z -0.5774 -0.7159 -0.3926

PART 14
OFFSET  16.0620  1.9608 -11.7805
X  0.6234 -0.0339  0.7812
Y  0.3282  0.9181 -0.2221
Z -0.7097  0.3948  0.5835

PART 15
OFFSET  15.5475  4.9524 -16.6913
X  0.7444 -0.6329 -0.2131
Y -0.5983 -0.7738  0.2081
Z -0.2966 -0.0274 -0.9546

PART 16
OFFSET  17.1898  3.4395 -17.0056
X  0.3906 -0.8806  0.2683
Y -0.9042 -0.3122  0.2916
Z -0.1730 -0.3565 -0.9182

PART 17
OFFSET  17.7427  2.1928 -16.6257
X -0.3408 -0.8445  0.4132
Y -0.9310  0.3643 -0.0232
Z -0.1310 -0.3926 -0.9103

PART 18
OFFSET  17.4406  1.4441 -16.2593
X -0.6961 -0.6069  0.3836
Y -0.6924  0.7087 -0.1353
Z -0.1897 -0.3598 -0.9135

PART 19
OFFSET  16.7793  0.8675 -15.8949
X  0.9945  0.0714 -0.0763
Y -0.0988  0.8801 -0.4645
Z  0.0340  0.4695  0.8823

PART 20
OFFSET  15.5759  5.0603 -15.9863
X  0.9153 -0.4016  0.0307
Y -0.3977 -0.9131 -0.0898
Z  0.0641  0.0700 -0.9955

PART 21
OFFSET  17.7937  3.7041 -15.9634
X  0.3526 -0.9224  0.1577
Y -0.9161 -0.3059  0.2592
Z -0.1909 -0.2359 -0.9529

PART 22
OFFSET  18.3941  2.1338 -15.6950
X -0.1555 -0.9461  0.2842
Y -0.9725  0.1971  0.1241
Z -0.1734 -0.2571 -0.9507

PART 23
OFFSET  18.1786  0.8226 -15.3011
X -0.4024 -0.8647  0.3008
Y -0.8992  0.4350  0.0477
Z -0.1720 -0.2512 -0.9525

PART 24
OFFSET  17.7422 -0.1152 -14.9749
X  0.8348  0.4476 -0.3205
Y -0.4978  0.8623 -0.0924
Z  0.2350  0.2367  0.9427

PART 25
OFFSET  16.4749  4.0425 -13.4520
X  0.7617 -0.6362  0.1228
Y  0.6145  0.7694  0.1743
Z -0.2054 -0.0573  0.9770

PART 26
OFFSET  17.8033  4.4815 -13.9248
X  0.8157 -0.5543  0.1652
Y -0.5698 -0.8193  0.0646
Z  0.0996 -0.1469 -0.9841

PART 27
OFFSET  19.2396  3.5056 -13.6339
X  0.5939 -0.7893  0.1555
Y -0.7954 -0.6052 -0.0339
Z  0.1209 -0.1035 -0.9873

PART 28
OFFSET  19.9543  2.5523 -13.3848
X  0.3310 -0.9198  0.2106
Y -0.9323 -0.3533 -0.0777
Z  0.1459 -0.1706 -0.9745

PART 29
OFFSET  20.3282  1.5133 -13.1470
X  0.7749  0.5704 -0.2725
Y -0.6111  0.7862 -0.0919
Z  0.1618  0.2377  0.9578

PART 30
OFFSET  17.9930  4.2528 -14.9888
X  0.5411 -0.8347  0.1027
Y -0.8387 -0.5267  0.1385
Z -0.0615 -0.1611 -0.9850

PART 31
OFFSET  19.0501  2.6223 -14.7882
X  0.1548 -0.9801  0.1244
Y -0.9831 -0.1404  0.1172
Z -0.0974 -0.1404 -0.9853

PART 32
OFFSET  19.2762  1.1907 -14.6065
X -0.1673 -0.9796  0.1114
Y -0.9546  0.1892  0.2303
Z -0.2466 -0.0678 -0.9667

PART 33
OFFSET  19.0856  0.0806 -14.4874
X  0.7538  0.6346 -0.1707
Y -0.6394  0.7682  0.0322
Z  0.1515  0.0849  0.9848

PART 34
OFFSET  16.4560  3.0728 -15.6190
X -0.0018  0.0461 -0.9989
Y  0.3948  0.9178  0.0417
Z  0.9188 -0.3943 -0.0198

PART 35
OFFSET  14.0357 -7.8048 -1.9604
X  0.4600 -0.1035  0.8819
Y -0.8877 -0.0321  0.4593
Z -0.0192 -0.9941 -0.1066

PART 36
OFFSET  14.0357 -7.8048 -1.9604
X  0.4600 -0.1035  0.8819
Y -0.8877 -0.0321  0.4593
Z -0.0192 -0.9941 -0.1066

PART 37
OFFSET -43.4395  6.8396 -111.9890
X  0.0192  0.9941  0.1066
Y -0.8877 -0.0321  0.4593
Z  0.4600 -0.1035  0.8819

PART 38
OFFSET  14.0333 -8.2355 -1.9951
X  0.4600 -0.1035  0.8819
Y -0.8877 -0.0321  0.4593
Z -0.0192 -0.9941 -0.1066

PART 39
OFFSET  16.5078 -6.0419  2.9297
X  0.4600 -0.1035  0.8819
Y -0.8877 -0.0321  0.4593
Z -0.0192 -0.9941 -0.1066

PART 40
OFFSET  9.5943 -7.0909 -8.1539
X  0.2997 -0.7976  0.5235
Y -0.8877 -0.0321  0.4593
Z -0.3495 -0.6023 -0.7177

PART 41
OFFSET  9.4798 -7.0950 -8.0946
X  0.4596 -0.1193  0.8801
Y -0.8877 -0.0321  0.4593
Z -0.0265 -0.9923 -0.1206

PART 42
OFFSET  15.8639 -10.4521  1.3771
X  0.4599 -0.0143  0.8879
Y -0.8877 -0.0321  0.4593
Z  0.0219 -0.9994 -0.0275

PART 43
OFFSET  12.8643 -6.1520 -4.0722
X  0.4600 -0.1035  0.8819
Y -0.8877 -0.0321  0.4593
Z -0.0192 -0.9941 -0.1066

PART 44
OFFSET  15.2685 -9.8318  0.2808
X  0.8525 -0.2263 -0.4712
Y  0.4600 -0.1035  0.8819
Z -0.2483 -0.9685  0.0159

PART 45
OFFSET -6.2017 -7.9373 -9.0326
X -0.5903 -0.3554  0.7248
Y -0.1429 -0.8377 -0.5272
Z  0.7945 -0.4147  0.4437

PART 46
OFFSET  0.9367 -3.6388 -17.7978
X -0.8259 -0.1152 -0.5520
Y  0.4883  0.3435 -0.8023
Z  0.2821 -0.9321 -0.2274

PART 47
OFFSET  7.9609 -2.6586 -13.1029
X -0.8259 -0.1152 -0.5520
Y -0.0755  0.9927 -0.0942
Z  0.5588 -0.0361 -0.8285

PART 48
OFFSET  8.4647 -1.6799 -11.4555
X -0.8295 -0.1147 -0.5466
Y -0.2867  0.9274  0.2404
Z  0.4793  0.3562 -0.8022

PART 49
OFFSET  8.4844 -2.5305 -10.6117
X -0.8295 -0.1147 -0.5466
Y -0.2867  0.9274  0.2404
Z  0.4793  0.3562 -0.8022

PART 50
OFFSET  9.0455 -3.6795 -11.0309
X -0.8295 -0.1147 -0.5466
Y -0.2867  0.9274  0.2404
Z  0.4793  0.3562 -0.8022

PART 51
OFFSET  10.4927 -2.3053 -11.4107
X -0.4308  0.4088 -0.8045
Y  0.1543  0.9118  0.3806
Z  0.8892  0.0398 -0.4559

PART 52
OFFSET  10.1726 -3.3854 -11.2289
X  0.3383  0.5865 -0.7359
Y  0.2672  0.6899  0.6727
Z  0.9023 -0.4243  0.0767

PART 53
OFFSET  9.3656 -4.6963 -9.7123
X -0.1097  0.1517 -0.9823
Y  0.5254  0.8478  0.0722
Z  0.8437 -0.5082 -0.1727

PART 54
OFFSET  9.4796 -4.8337 -8.1029
X -0.3227 -0.5413 -0.7765
Y  0.3431  0.6977 -0.6289
Z  0.8821 -0.4693 -0.0394

PART 55
OFFSET  9.7823 -4.2388 -7.2507
X -0.7342  0.0457 -0.6774
Y -0.5864  0.4603  0.6665
Z  0.3423  0.8866 -0.3111

PART 56
OFFSET  10.8428 -1.6829 -10.2302
X -0.4031 -0.1836 -0.8965
Y  0.9128 -0.0109 -0.4082
Z  0.0652 -0.9829  0.1720

PART 57
OFFSET  11.6462 -1.4122 -8.1407
X  0.5426  0.3238 -0.7751
Y  0.8175  0.0083  0.5758
Z  0.1929 -0.9461 -0.2602

PART 58
OFFSET  10.8779 -1.8707 -7.0434
X  0.9797  0.1988  0.0270
Y  0.0194 -0.2280  0.9735
Z  0.1997 -0.9532 -0.2272

PART 59
OFFSET  10.0093 -2.0469 -7.0674
X  0.3491 -0.0870  0.9330
Y -0.9173 -0.2354  0.3212
Z  0.1917 -0.9680 -0.1620

PART 60
OFFSET  9.6777 -1.9642 -7.9538
X  0.2811  0.3543 -0.8919
Y -0.8929 -0.2440 -0.3784
Z -0.3517  0.9027  0.2478

PART 61
OFFSET  10.9592 -2.3732 -10.3699
X -0.4520  0.1093 -0.8853
Y  0.8902 -0.0086 -0.4556
Z -0.0574 -0.9940 -0.0934

PART 62
OFFSET  12.1605 -2.5094 -8.0684
X  0.7057  0.1557 -0.6912
Y  0.7060 -0.0722  0.7046
Z  0.0599 -0.9852 -0.1609

PART 63
OFFSET  10.9590 -2.7745 -6.8916
X  0.9517  0.0126  0.3066
Y -0.2982 -0.1984  0.9337
Z  0.0726 -0.9800 -0.1851

PART 64
OFFSET  9.6400 -2.7920 -7.3166
X  0.0828 -0.1817  0.9799
Y -0.9943 -0.0810  0.0690
Z  0.0668 -0.9800 -0.1874

PART 65
OFFSET  9.5502 -2.5949 -8.3793
X  0.5035  0.1470 -0.8514
Y -0.8640  0.0800 -0.4971
Z -0.0049  0.9859  0.1672

PART 66
OFFSET  9.0459 -1.3535 -15.3254
X -0.1879  0.2194 -0.9574
Y -0.9692  0.1163  0.2169
Z  0.1590  0.9687  0.1908

PART 67
OFFSET  12.3854 -4.5710 -8.7323
X -0.2325  0.2273 -0.9457
Y  0.9723  0.0313 -0.2315
Z -0.0231 -0.9733 -0.2283

PART 68
OFFSET  12.7948 -4.9712 -7.0673
X -0.1466  0.2201 -0.9644
Y  0.9864 -0.0409 -0.1593
Z -0.0745 -0.9746 -0.2111

PART 69
OFFSET  12.9685 -5.2980 -5.9077
X -0.0544  0.2846 -0.9571
Y  0.9964 -0.0465 -0.0704
Z -0.0645 -0.9575 -0.2811

PART 70
OFFSET  13.0299 -5.6195 -4.8267
X -0.8999 -0.3200  0.2961
Y  0.3580 -0.1548  0.9208
Z -0.2489  0.9347  0.2538

PART 71
OFFSET  12.3474 -3.5454 -8.3233
X  0.5726  0.1405 -0.8077
Y  0.8171 -0.1776  0.5484
Z -0.0664 -0.9740 -0.2165

PART 72
OFFSET  11.2288 -3.8199 -6.7454
X  0.9637 -0.1163  0.2403
Y -0.2563 -0.1508  0.9548
Z -0.0748 -0.9817 -0.1751

PART 73
OFFSET  9.8212 -3.6500 -7.0964
X  0.2754 -0.1581  0.9482
Y -0.9546  0.0717  0.2892
Z -0.1137 -0.9848 -0.1312

PART 74
OFFSET  9.5094 -3.4639 -8.1693
X  0.4058  0.1384 -0.9034
Y -0.9138  0.0828 -0.3977
Z  0.0198  0.9869  0.1600

PART 75
OFFSET  0.0000 -0.0000 -0.0000
X  1.0000 -0.0000  0.0000
Y  0.0000  1.0000  0.0000
Z  0.0000 -0.0000  1.0000

PART 76
OFFSET  0.0000 -0.0000 -0.0000
X  1.0000 -0.0011  0.0011
Y  0.0011  1.0000  0.0051
Z -0.0011 -0.0051  1.0000

PART 77
OFFSET  1.5360 -0.0228  4.1373
X  1.0000 -0.0011  0.0011
Y  0.0011  1.0000  0.0051
Z -0.0011 -0.0051  1.0000


FRAME 455
PART 0
OFFSET  0.0000 -0.0000 -0.0000
X  1.0000 -0.0000  0.0000
Y  0.0000  1.0000  0.0000
Z  0.0000 -0.0000  1.0000

PART 1
OFFSET -4.6318 -0.0000 -1.3770
X  1.0000 -0.0000  0.0000
Y  0.0000  1.0000  0.0000
Z  0.0000 -0.0000  1.0000

PART 2
OFFSET -0.2900  7.7949 -6.8242
X  0.5424  0.0020 -0.8401
Y  0.0893 -0.9945  0.0553
Z -0.8354 -0.1050 -0.5395

PART 3
OFFSET  6.2692  7.8187 -16.9849
X  0.7693 -0.4166  0.4844
Y -0.5351 -0.0059  0.8448
Z -0.3490 -0.9091 -0.2274

PART 4
OFFSET  12.8128  4.2757 -12.8653
X  0.7693 -0.4166  0.4844
Y -0.4464  0.1918  0.8740
Z -0.4570 -0.8887 -0.0384

PART 5
OFFSET  14.4673  5.1575 -13.0616
X  0.7735 -0.4140  0.4799
Y  0.3545  0.9103  0.2139
Z -0.5254  0.0047  0.8508

PART 6
OFFSET  14.0099  3.1967 -13.6009
X  0.7735 -0.4140  0.4799
Y  0.3545  0.9103  0.2139
Z -0.5254  0.0047  0.8508

PART 7
OFFSET  13.4739  4.8233 -10.6872
X  0.7735 -0.4140  0.4799
Y  0.3545  0.9103  0.2139
Z -0.5254  0.0047  0.8508

PART 8
OFFSET  13.1176  3.0171 -10.6698
X  0.7735 -0.4140  0.4799
Y  0.3545  0.9103  0.2139
Z -0.5254  0.0047  0.8508

PART 9
OFFSET  13.1239  2.6316 -11.8043
X  0.7735 -0.4140  0.4799
Y  0.3545  0.9103  0.2139
Z -0.5254  0.0047  0.8508

PART 10
OFFSET  15.1713  2.9986 -11.3804
X  0.8136 -0.3568  0.4591
Y -0.4107  0.2063  0.8881
Z -0.4116 -0.9111  0.0213

PART 11
OFFSET  14.9720  2.6631 -10.3081
X -0.0370 -0.3682  0.9290
Y -0.7679  0.6054  0.2094
Z -0.6395 -0.7056 -0.3052

PART 12
OFFSET  14.7799  1.8896 -8.2995
X  0.4859 -0.4432  0.7534
Y -0.7523  0.2268  0.6186
Z -0.4450 -0.8673 -0.2232

PART 13
OFFSET  15.5594  1.0635 -7.1452
X  0.3683 -0.5085  0.7783
Y -0.7553  0.3244  0.5694
Z -0.5420 -0.7976 -0.2646

PART 14
OFFSET  15.9200  0.4826 -6.3059
X  0.4644  0.2038  0.8618
Y  0.4251  0.8024 -0.4188
Z -0.7769  0.5609  0.2860

PART 15
OFFSET  16.2163  2.2917 -11.9386
X  0.7497 -0.6585 -0.0659
Y -0.6290 -0.7400  0.2382
Z -0.2056 -0.1372 -0.9690

PART 16
OFFSET  17.8536  0.7414 -11.9163
X  0.4508 -0.8156  0.3627
Y -0.8866 -0.3617  0.2885
Z -0.1041 -0.4516 -0.8861

PART 17
OFFSET  18.4918 -0.4134 -11.4027
X -0.1829 -0.8550  0.4854
Y -0.9813  0.1887 -0.0374
Z -0.0596 -0.4832 -0.8735

PART 18
OFFSET  18.3296 -1.1714 -10.9724
X -0.4716 -0.7515  0.4613
Y -0.8732  0.4711 -0.1251
Z -0.1233 -0.4618 -0.8784

PART 19
OFFSET  17.8815 -1.8854 -10.5342
X  0.9267  0.3459 -0.1472
Y -0.3713  0.7809 -0.5023
Z -0.0588  0.5201  0.8521

PART 20
OFFSET  16.1798  2.4775 -11.2504
X  0.8979 -0.4084  0.1643
Y -0.4098 -0.9118 -0.0271
Z  0.1608 -0.0429 -0.9860

PART 21
OFFSET  18.3545  1.1085 -10.8569
X  0.4174 -0.8659  0.2756
Y -0.9018 -0.3571  0.2436
Z -0.1125 -0.3502 -0.9299

PART 22
OFFSET  19.0651 -0.3658 -10.3876
X  0.0109 -0.9290  0.3700
Y -0.9956  0.0245  0.0910
Z -0.0936 -0.3693 -0.9246

PART 23
OFFSET  19.0802 -1.6533 -9.8748
X -0.1788 -0.9097  0.3747
Y -0.9795  0.2006  0.0198
Z -0.0932 -0.3635 -0.9269

PART 24
OFFSET  18.8864 -2.6399 -9.4684
X  0.7014  0.6129 -0.3639
Y -0.6951  0.7012 -0.1588
Z  0.1579  0.3643  0.9178

PART 25
OFFSET  16.8066  1.7378 -8.5436
X  0.7305 -0.6290  0.2661
Y  0.6139  0.7754  0.1478
Z -0.2993  0.0554  0.9526

PART 26
OFFSET  18.1847  2.1023 -8.9296
X  0.8033 -0.5105  0.3067
Y -0.5666 -0.8137  0.1295
Z  0.1835 -0.2778 -0.9429

PART 27
OFFSET  19.5990  1.2035 -8.3896
X  0.6271 -0.7133  0.3128
Y -0.7519 -0.6592  0.0042
Z  0.2032 -0.2378 -0.9498

PART 28
OFFSET  20.3491  0.3507 -7.9517
X  0.4249 -0.8251  0.3725
Y -0.8755 -0.4792 -0.0629
Z  0.2303 -0.2994 -0.9259

PART 29
OFFSET  20.8290 -0.5813 -7.5310
X  0.7168  0.6170 -0.3249
Y -0.6940  0.6763 -0.2469
Z  0.0674  0.4025  0.9129

PART 30
OFFSET  18.4696  1.7532 -9.9383
X  0.5527 -0.7875  0.2726
Y -0.8320 -0.5401  0.1268
Z  0.0474 -0.2969 -0.9537

PART 31
OFFSET  19.5494  0.2148 -9.4057
X  0.2656 -0.9250  0.2718
Y -0.9640 -0.2582  0.0635
Z  0.0114 -0.2788 -0.9603

PART 32
OFFSET  19.9374 -1.1363 -9.0088
X  0.0765 -0.9737  0.2146
Y -0.9861 -0.0421  0.1606
Z -0.1473 -0.2239 -0.9634

PART 33
OFFSET  20.0237 -2.2407 -8.7726
X  0.5806  0.7878 -0.2055
Y -0.8126  0.5762 -0.0870
Z  0.0499  0.2176  0.9748

PART 34
OFFSET  16.9711  0.5316 -10.5820
X  0.0950 -0.0661 -0.9933
Y  0.4116  0.9111 -0.0213
Z  0.9064 -0.4068  0.1138

PART 35
OFFSET  13.8470 -7.7193 -2.2090
X  0.4663 -0.0910  0.8799
Y -0.8762  0.0890  0.4736
Z -0.1214 -0.9919 -0.0383

PART 36
OFFSET  13.8470 -7.7193 -2.2090
X  0.4663 -0.0910  0.8799
Y -0.8762  0.0890  0.4736
Z -0.1214 -0.9919 -0.0383

PART 37
OFFSET -43.5977  7.5932 -111.3364
X  0.1214  0.9919  0.0383
Y -0.8762  0.0890  0.4736
Z  0.4663 -0.0910  0.8799

PART 38
OFFSET  13.8006 -8.1489 -2.2143
X  0.4663 -0.0910  0.8799
Y -0.8762  0.0890  0.4736
Z -0.1214 -0.9919 -0.0383

PART 39
OFFSET  16.5895 -5.8967  2.5121
X  0.4663 -0.0910  0.8799
Y -0.8762  0.0890  0.4736
Z -0.1214 -0.9919 -0.0383

PART 40
OFFSET  9.3663 -6.9694 -8.3698
X  0.2292 -0.7875  0.5721
Y -0.8762  0.0890  0.4736
Z -0.4238 -0.6099 -0.6696

PART 41
OFFSET  9.2533 -6.9579 -8.3088
X  0.4643 -0.1070  0.8792
Y -0.8762  0.0890  0.4736
Z -0.1289 -0.9903 -0.0524

PART 42
OFFSET  15.4714 -10.3138  1.2731
X  0.4687 -0.0704  0.8805
Y -0.8762  0.0890  0.4736
Z -0.1117 -0.9935 -0.0200

PART 43
OFFSET  12.8021 -6.0995 -4.4110
X  0.4663 -0.0910  0.8799
Y -0.8762  0.0890  0.4736
Z -0.1214 -0.9919 -0.0383

PART 44
OFFSET  14.9182 -9.7081  0.1466
X  0.8150 -0.3426 -0.4674
Y  0.4663 -0.0910  0.8799
Z -0.3441 -0.9350  0.0856

PART 45
OFFSET -6.2695 -7.9373 -8.9614
X -0.5830 -0.3475  0.7344
Y -0.1720 -0.8306 -0.5296
Z  0.7941 -0.4351  0.4245

PART 46
OFFSET  0.7811 -3.7346 -17.8434
X -0.8547 -0.1044 -0.5086
Y  0.4513  0.3351 -0.8271
Z  0.2568 -0.9364 -0.2393

PART 47
OFFSET  8.0503 -2.8468 -13.5176
X -0.8547 -0.1044 -0.5086
Y -0.0026  0.9804 -0.1968
Z  0.5192 -0.1669 -0.8382

PART 48
OFFSET  8.6518 -1.8725 -11.9007
X -0.8580 -0.1038 -0.5030
Y -0.2608  0.9318  0.2526
Z  0.4424  0.3479 -0.8266

PART 49
OFFSET  8.7028 -2.7218 -11.0569
X -0.8580 -0.1038 -0.5030
Y -0.2608  0.9318  0.2526
Z  0.4424  0.3479 -0.8266

PART 50
OFFSET  9.2253 -3.8795 -11.5015
X -0.8580 -0.1038 -0.5030
Y -0.2608  0.9318  0.2526
Z  0.4424  0.3479 -0.8266

PART 51
OFFSET  10.6704 -2.5267 -11.9585
X -0.4049  0.3962 -0.8240
Y  0.2534  0.9145  0.3152
Z  0.8785 -0.0812 -0.4707

PART 52
OFFSET  10.2473 -3.5542 -11.6987
X  0.3795  0.4989 -0.7791
Y  0.3498  0.7022  0.6201
Z  0.8565 -0.5079  0.0920

PART 53
OFFSET  9.3457 -4.6726 -10.0844
X -0.1152  0.0966 -0.9886
Y  0.6095  0.7928  0.0064
Z  0.7844 -0.6018 -0.1502

PART 54
OFFSET  9.4803 -4.7139 -8.4712
X -0.3923 -0.5559 -0.7328
Y  0.3977  0.6159 -0.6801
Z  0.8294 -0.5583 -0.0205

PART 55
OFFSET  9.8598 -4.0977 -7.6662
X -0.7404  0.0751 -0.6680
Y -0.5225  0.5608  0.6423
Z  0.4228  0.8245 -0.3759

PART 56
OFFSET  11.1069 -1.8663 -10.8285
X -0.4389 -0.2007 -0.8758
Y  0.8980 -0.1308 -0.4201
Z -0.0303 -0.9709  0.2376

PART 57
OFFSET  11.9785 -1.5408 -8.7745
X  0.5554  0.2148 -0.8033
Y  0.8265 -0.0368  0.5617
Z  0.0911 -0.9760 -0.1980

PART 58
OFFSET  11.1922 -1.8449 -7.6372
X  0.9950  0.0994 -0.0012
Y  0.0175 -0.1637  0.9864
Z  0.0978 -0.9815 -0.1646

PART 59
OFFSET  10.3099 -1.9330 -7.6361
X  0.3588 -0.0600  0.9315
Y -0.9291 -0.1190  0.3502
Z  0.0898 -0.9911 -0.0985

PART 60
OFFSET  9.9691 -1.8759 -8.5211
X  0.2958  0.2639 -0.9180
Y -0.9209 -0.1764 -0.3475
Z -0.2537  0.9483  0.1909

PART 61
OFFSET  11.1502 -2.5726 -10.9225
X -0.4579  0.0957 -0.8839
Y  0.8747 -0.1294 -0.4671
Z -0.1590 -0.9870 -0.0245

PART 62
OFFSET  12.3814 -2.6773 -8.6352
X  0.7026  0.0369 -0.7106
Y  0.7103 -0.0967  0.6972
Z -0.0430 -0.9946 -0.0942

PART 63
OFFSET  11.1852 -2.7402 -7.4254
X  0.9546 -0.0640  0.2908
Y -0.2962 -0.1047  0.9494
Z -0.0303 -0.9924 -0.1189

PART 64
OFFSET  9.8622 -2.6515 -7.8284
X  0.0853 -0.1238  0.9886
Y -0.9957  0.0254  0.0891
Z -0.0362 -0.9920 -0.1211

PART 65
OFFSET  9.7696 -2.5172 -8.9007
X  0.4971  0.0381 -0.8669
Y -0.8622  0.1344 -0.4885
Z  0.0979  0.9902  0.0997

PART 66
OFFSET  9.2418 -1.6944 -15.9070
X -0.1857  0.1734 -0.9672
Y -0.9477  0.2285  0.2229
Z  0.2597  0.9580  0.1219

PART 67
OFFSET  12.3835 -4.7907 -9.1603
X -0.2288  0.1866 -0.9554
Y  0.9653 -0.0833 -0.2475
Z -0.1257 -0.9789 -0.1610

PART 68
OFFSET  12.7864 -5.1191 -7.4781
X -0.1434  0.1692 -0.9751
Y  0.9738 -0.1517 -0.1695
Z -0.1766 -0.9738 -0.1431

PART 69
OFFSET  12.9499 -5.3840 -6.3014
X -0.0438  0.2242 -0.9736
Y  0.9851 -0.1527 -0.0794
Z -0.1665 -0.9625 -0.2142

PART 70
OFFSET  12.9993 -5.6373 -5.2017
X -0.9218 -0.2059  0.3284
Y  0.3582 -0.1287  0.9247
Z -0.1481  0.9701  0.1924

PART 71
OFFSET  12.4576 -3.7417 -8.8217
X  0.5661  0.0276 -0.8239
Y  0.8069 -0.2231  0.5470
Z -0.1687 -0.9744 -0.1486

PART 72
OFFSET  11.3517 -3.7956 -7.2123
X  0.9521 -0.1976  0.2333
Y -0.2493 -0.0603  0.9665
Z -0.1769 -0.9784 -0.1066

PART 73
OFFSET  9.9610 -3.5069 -7.5530
X  0.2787 -0.1221  0.9526
Y -0.9360  0.1875  0.2978
Z -0.2150 -0.9746 -0.0620

PART 74
OFFSET  9.6463 -3.3617 -8.6313
X  0.3979  0.0361 -0.9167
Y -0.9092  0.1488 -0.3888
Z  0.1224  0.9882  0.0921

PART 75
OFFSET  0.0000 -0.0000 -0.0000
X  1.0000 -0.0000  0.0000
Y  0.0000  1.0000  0.0000
Z  0.0000 -0.0000  1.0000

PART 76
OFFSET  0.0000 -0.0000 -0.0000
X  1.0000 -0.0036  0.0036
Y  0.0035  0.9998  0.0178
Z -0.0036 -0.0177  0.9998

PART 77
OFFSET  1.5254 -0.0789  4.1406
X  1.0000 -0.0036  0.0036
Y  0.0035  0.9998  0.0178
Z -0.0036 -0.0177  0.9998


FRAME 456
PART 0
OFFSET  0.0000 -0.0000 -0.0000
X  1.0000 -0.0000  0.0000
Y  0.0000  1.0000  0.0000
Z  0.0000 -0.0000  1.0000

PART 1
OFFSET -4.6318 -0.0000 -1.3770
X  1.0000 -0.0000  0.0000
Y  0.0000  1.0000  0.0000
Z  0.0000 -0.0000  1.0000

PART 2
OFFSET  0.4766  7.6490 -7.7543
X  0.8052 -0.1629 -0.5701
Y -0.1153 -0.9862  0.1190
Z -0.5817 -0.0301 -0.8129

PART 3
OFFSET  10.2149  5.6786 -14.6497
X  0.4862 -0.4852  0.7267
Y -0.7791  0.1358  0.6120
Z -0.3957 -0.8638 -0.3120

PART 4
OFFSET  14.3507  1.5514 -8.4687
X  0.4862 -0.4852  0.7267
Y -0.6606  0.3402  0.6692
Z -0.5719 -0.8055 -0.1552

PART 5
OFFSET  16.0958  2.1673 -8.1099
X  0.4920 -0.4837  0.7239
Y  0.4055  0.8631  0.3011
Z -0.7704  0.1454  0.6207

PART 6
OFFSET  15.5330  0.2579 -8.7281
X  0.4920 -0.4837  0.7239
Y  0.4055  0.8631  0.3011
Z -0.7704  0.1454  0.6207

PART 7
OFFSET  14.3289  2.1621 -6.2088
X  0.4920 -0.4837  0.7239
Y  0.4055  0.8631  0.3011
Z -0.7704  0.1454  0.6207

PART 8
OFFSET  13.6999  0.4329 -6.2727
X  0.4920 -0.4837  0.7239
Y  0.4055  0.8631  0.3011
Z -0.7704  0.1454  0.6207

PART 9
OFFSET  14.0207 -0.0348 -7.3282
X  0.4920 -0.4837  0.7239
Y  0.4055  0.8631  0.3011
Z -0.7704  0.1454  0.6207

PART 10
OFFSET  15.8413  0.0638 -6.2409
X  0.7434 -0.3186  0.5881
Y -0.5010  0.3171  0.8052
Z -0.4430 -0.8933  0.0761

PART 11
OFFSET  15.5103 -0.1403 -5.1680
X -0.3331  0.0787  0.9396
Y -0.7181  0.6246 -0.3069
Z -0.6110 -0.7769 -0.1516

PART 12
OFFSET  14.6858  0.0486 -3.1795
X  0.4257 -0.1974  0.8831
Y -0.7884  0.3981  0.4690
Z -0.4441 -0.8959  0.0139

PART 13
OFFSET  15.3704 -0.3941 -1.7804
X  0.0940 -0.0775  0.9926
Y -0.8465  0.5186  0.1206
Z -0.5241 -0.8515 -0.0169

PART 14
OFFSET  15.4336 -0.5081 -0.7057
X  0.2316  0.5966  0.7684
Y  0.5971  0.5364 -0.5964
Z -0.7680  0.5969 -0.2320

PART 15
OFFSET  16.9174 -0.7260 -6.5901
X  0.7329 -0.6731  0.0990
Y -0.6728 -0.6956  0.2520
Z -0.1008 -0.2513 -0.9626

PART 16
OFFSET  18.4963 -2.2869 -6.1965
X  0.5985 -0.6858  0.4142
Y -0.8006 -0.4939  0.3391
Z -0.0280 -0.5346 -0.8447

PART 17
OFFSET  19.3436 -3.2578 -5.6101
X  0.2030 -0.8112  0.5484
Y -0.9789 -0.1806  0.0953
Z  0.0218 -0.5562 -0.8308

PART 18
OFFSET  19.5237 -3.9770 -5.1238
X  0.1144 -0.8258  0.5523
Y -0.9924 -0.0696  0.1015
Z -0.0454 -0.5597 -0.8275

PART 19
OFFSET  19.6323 -4.7615 -4.5992
X  0.5421  0.7562 -0.3665
Y -0.8285  0.4081 -0.3833
Z -0.1403  0.5114  0.8478

PART 20
OFFSET  16.8098 -0.4605 -5.9363
X  0.8587 -0.4060  0.3128
Y -0.4358 -0.8996  0.0287
Z  0.2698 -0.1609 -0.9494

PART 21
OFFSET  18.8799 -1.8142 -5.1359
X  0.5678 -0.7268  0.3866
Y -0.8231 -0.4937  0.2807
Z -0.0131 -0.4775 -0.8785

PART 22
OFFSET  19.8466 -3.0515 -4.4778
X  0.3728 -0.8065  0.4590
Y -0.9279 -0.3287  0.1761
Z  0.0089 -0.4915 -0.8708

PART 23
OFFSET  20.3632 -4.1692 -3.8417
X  0.2970 -0.8334  0.4662
Y -0.9549 -0.2628  0.1386
Z  0.0070 -0.4863 -0.8738

PART 24
OFFSET  20.6853 -5.0730 -3.3361
X  0.3025  0.8090 -0.5041
Y -0.9519  0.2835 -0.1162
Z  0.0489  0.5150  0.8558

PART 25
OFFSET  17.1001 -0.8937 -3.1088
X  0.6732 -0.6095  0.4187
Y  0.6200  0.7738  0.1296
Z -0.4030  0.1724  0.8988

PART 26
OFFSET  18.5249 -0.6066 -3.3705
X  0.8037 -0.3962  0.4438
Y -0.5284 -0.8183  0.2264
Z  0.2735 -0.4165 -0.8670

PART 27
OFFSET  19.9400 -1.3042 -2.5890
X  0.7228 -0.5146  0.4612
Y -0.6282 -0.7674  0.1283
Z  0.2879 -0.3825 -0.8780

PART 28
OFFSET  20.8012 -1.9066 -1.9750
X  0.6447 -0.5513  0.5296
Y -0.6929 -0.7140  0.1002
Z  0.3229 -0.4316 -0.8423

PART 29
OFFSET  21.5294 -2.5292 -1.3768
X  0.5064  0.7026 -0.4998
Y -0.8595  0.3650 -0.3577
Z -0.0689  0.6108  0.7888

PART 30
OFFSET  18.9097 -1.0769 -4.2931
X  0.6053 -0.6505  0.4588
Y -0.7766 -0.6091  0.1609
Z  0.1748 -0.4537 -0.8738

PART 31
OFFSET  20.0921 -2.3476 -3.3968
X  0.4998 -0.7409  0.4486
Y -0.8550 -0.5049  0.1186
Z  0.1387 -0.4428 -0.8858

PART 32
OFFSET  20.8222 -3.4298 -2.7415
X  0.5151 -0.7780  0.3598
Y -0.8566 -0.4527  0.2474
Z -0.0296 -0.4356 -0.8996

PART 33
OFFSET  21.4059 -4.3137 -2.3406
X  0.1541  0.9136 -0.3764
Y -0.9866  0.1214 -0.1092
Z -0.0540  0.3882  0.9200

PART 34
OFFSET  17.4517 -2.3322 -4.9645
X  0.2044 -0.1833 -0.9616
Y  0.4430  0.8933 -0.0761
Z  0.8729 -0.4105  0.2638

PART 35
OFFSET  13.5800 -7.6067 -2.6213
X  0.4739 -0.0743  0.8774
Y -0.8416  0.2552  0.4761
Z -0.2592 -0.9640  0.0584

PART 36
OFFSET  13.5800 -7.6067 -2.6213
X  0.4739 -0.0743  0.8774
Y -0.8416  0.2552  0.4761
Z -0.2592 -0.9640  0.0584

PART 37
OFFSET -43.7299  8.9645 -112.7636
X  0.2592  0.9640 -0.0584
Y -0.8416  0.2552  0.4761
Z  0.4739 -0.0743  0.8774

PART 38
OFFSET  13.4741 -8.0240 -2.5848
X  0.4739 -0.0743  0.8774
Y -0.8416  0.2552  0.4761
Z -0.2592 -0.9640  0.0584

PART 39
OFFSET  16.6822 -5.7612  1.8623
X  0.4739 -0.0743  0.8774
Y -0.8416  0.2552  0.4761
Z -0.2592 -0.9640  0.0584

PART 40
OFFSET  9.0742 -6.8042 -8.7571
X  0.1336 -0.7557  0.6411
Y -0.8416  0.2552  0.4761
Z -0.5234 -0.6032 -0.6019

PART 41
OFFSET  8.9657 -6.7713 -8.6957
X  0.4694 -0.0906  0.8783
Y -0.8416  0.2552  0.4761
Z -0.2673 -0.9626  0.0435

PART 42
OFFSET  14.9221 -10.0816  1.0666
X  0.4694 -0.0906  0.8783
Y -0.8416  0.2552  0.4761
Z -0.2673 -0.9626  0.0435

PART 43
OFFSET  12.7086 -6.0661 -4.9517
X  0.4739 -0.0743  0.8774
Y -0.8416  0.2552  0.4761
Z -0.2592 -0.9640  0.0584

PART 44
OFFSET  14.4305 -9.5006 -0.1031
X  0.7458 -0.4960 -0.4448
Y  0.4739 -0.0743  0.8774
Z -0.4682 -0.8652  0.1797

PART 45
OFFSET -6.3506 -7.9373 -8.8763
X -0.5720 -0.3347  0.7488
Y -0.2184 -0.8178 -0.5324
Z  0.7906 -0.4681  0.3947

PART 46
OFFSET  0.5677 -3.8890 -17.9323
X -0.8913 -0.0819 -0.4459
Y  0.3991  0.3249 -0.8574
Z  0.2151 -0.9422 -0.2569

PART 47
OFFSET  8.1488 -3.1921 -14.1398
X -0.8913 -0.0819 -0.4459
Y  0.0860  0.9351 -0.3437
Z  0.4451 -0.3447 -0.8265

PART 48
OFFSET  8.8893 -2.2359 -12.5704
X -0.8943 -0.0813 -0.4401
Y -0.2183  0.9377  0.2704
Z  0.3906  0.3379 -0.8563

PART 49
OFFSET  8.9792 -3.0876 -11.7322
X -0.8943 -0.0813 -0.4401
Y -0.2183  0.9377  0.2704
Z  0.3906  0.3379 -0.8563

PART 50
OFFSET  9.4389 -4.2574 -12.2130
X -0.8943 -0.0813 -0.4401
Y -0.2183  0.9377  0.2704
Z  0.3906  0.3379 -0.8563

PART 51
OFFSET  10.8814 -2.9409 -12.7728
X -0.3691  0.3716 -0.8519
Y  0.3870  0.8948  0.2226
Z  0.8450 -0.2476 -0.4740

PART 52
OFFSET  10.3269 -3.8699 -12.4098
X  0.4230  0.3662 -0.8289
Y  0.4616  0.7001  0.5448
Z  0.7798 -0.6130  0.1271

PART 53
OFFSET  9.3247 -4.6958 -10.6826
X -0.1287  0.0202 -0.9915
Y  0.7138  0.6960 -0.0785
Z  0.6885 -0.7178 -0.1039

PART 54
OFFSET  9.4979 -4.6065 -9.0751
X -0.4865 -0.5603 -0.6704
Y  0.4601  0.4880 -0.7417
Z  0.7428 -0.6693  0.0204

PART 55
OFFSET  9.9822 -3.9783 -8.3384
X -0.7414  0.1169 -0.6608
Y -0.4210  0.6859  0.5936
Z  0.5226  0.7183 -0.4593

PART 56
OFFSET  11.4373 -2.2472 -11.7177
X -0.4873 -0.2168 -0.8459
Y  0.8588 -0.2945 -0.4192
Z -0.1583 -0.9307  0.3297

PART 57
OFFSET  12.4037 -1.8596 -9.7176
X  0.5569  0.0590 -0.8285
Y  0.8290 -0.1011  0.5501
Z -0.0513 -0.9931 -0.1052

PART 58
OFFSET  11.6153 -1.9432 -8.5447
X  0.9988 -0.0426 -0.0257
Y  0.0226 -0.0727  0.9971
Z -0.0444 -0.9964 -0.0717

PART 59
OFFSET  10.7298 -1.9054 -8.5219
X  0.3732 -0.0238  0.9274
Y -0.9263  0.0463  0.3739
Z -0.0518 -0.9986 -0.0048

PART 60
OFFSET  10.3752 -1.8828 -9.4030
X  0.3035  0.1336 -0.9434
Y -0.9460 -0.0760 -0.3151
Z -0.1138  0.9881  0.1033

PART 61
OFFSET  11.3793 -2.9581 -11.7445
X -0.4650  0.0773 -0.8819
Y  0.8346 -0.2941 -0.4658
Z -0.2954 -0.9526  0.0722

PART 62
OFFSET  12.6484 -3.0238 -9.4766
X  0.6805 -0.1285 -0.7214
Y  0.7094 -0.1312  0.6925
Z -0.1836 -0.9830  0.0019

PART 63
OFFSET  11.4899 -2.8051 -8.2483
X  0.9443 -0.1710  0.2812
Y -0.2809  0.0263  0.9594
Z -0.1714 -0.9849 -0.0231

PART 64
OFFSET  10.1812 -2.5682 -8.6380
X  0.0953 -0.0428  0.9945
Y -0.9795  0.1739  0.1013
Z -0.1772 -0.9838 -0.0253

PART 65
OFFSET  10.0778 -2.5218 -9.7166
X  0.4727 -0.1127 -0.8740
Y -0.8486  0.2090 -0.4860
Z  0.2375  0.9714  0.0032

PART 66
OFFSET  9.4710 -2.2836 -16.7606
X -0.1871  0.1077 -0.9764
Y -0.9000  0.3796  0.2144
Z  0.3938  0.9188  0.0259

PART 67
OFFSET  12.3415 -5.1557 -9.7975
X -0.2275  0.1279 -0.9653
Y  0.9370 -0.2413 -0.2528
Z -0.2652 -0.9620 -0.0649

PART 68
OFFSET  12.7421 -5.3808 -8.0978
X -0.1439  0.0963 -0.9849
Y  0.9383 -0.3029 -0.1668
Z -0.3144 -0.9481 -0.0468

PART 69
OFFSET  12.8979 -5.5555 -6.9033
X -0.0357  0.1359 -0.9901
Y  0.9518 -0.2973 -0.0752
Z -0.3046 -0.9450 -0.1187

PART 70
OFFSET  12.9383 -5.7090 -5.7850
X -0.9333 -0.0416  0.3568
Y  0.3591 -0.0909  0.9288
Z -0.0062  0.9950  0.0998

PART 71
OFFSET  12.5705 -4.1009 -9.5617
X  0.5408 -0.1289 -0.8312
Y  0.7832 -0.2833  0.5535
Z -0.3068 -0.9503 -0.0523

PART 72
OFFSET  11.5139 -3.8492 -7.9380
X  0.9216 -0.3076  0.2367
Y -0.2278  0.0651  0.9715
Z -0.3143 -0.9493 -0.0101

PART 73
OFFSET  10.1678 -3.3998 -8.2836
X  0.2859 -0.0716  0.9556
Y -0.8920  0.3445  0.2927
Z -0.3502 -0.9360  0.0346

PART 74
OFFSET  9.8458 -3.3119 -9.3660
X  0.3729 -0.1053 -0.9219
Y -0.8904  0.2391 -0.3874
Z  0.2612  0.9653 -0.0046

PART 75
OFFSET  0.0000 -0.0000 -0.0000
X  1.0000 -0.0000  0.0000
Y  0.0000  1.0000  0.0000
Z  0.0000 -0.0000  1.0000

PART 76
OFFSET  0.0000 -0.0000 -0.0000
X  1.0000 -0.0064  0.0064
Y  0.0062  0.9994  0.0339
Z -0.0066 -0.0338  0.9994

PART 77
OFFSET  1.5130 -0.1498  4.1432
X  1.0000 -0.0064  0.0064
Y  0.0062  0.9994  0.0339
Z -0.0066 -0.0338  0.9994


FRAME 457
PART 0
OFFSET  0.0000 -0.0000 -0.0000
X  1.0000 -0.0000  0.0000
Y  0.0000  1.0000  0.0000
Z  0.0000 -0.0000  1.0000

PART 1
OFFSET -4.6318 -0.0000 -1.3770
X  1.0000 -0.0000  0.0000
Y  0.0000  1.0000  0.0000
Z  0.0000 -0.0000  1.0000

PART 2
OFFSET  1.3554  7.4817 -8.8205
X  0.9288 -0.2865 -0.2352
Y -0.2731 -0.9579  0.0883
Z -0.2505 -0.0178 -0.9679

PART 3
OFFSET  12.5879  4.0167 -11.6645
X  0.3179 -0.5317  0.7850
Y -0.8760  0.1520  0.4577
Z -0.3627 -0.8332 -0.4174

PART 4
OFFSET  15.2918 -0.5057 -4.9877
X  0.3179 -0.5317  0.7850
Y -0.7340  0.3860  0.5587
Z -0.6001 -0.7538 -0.2676

PART 5
OFFSET  16.9588  0.0147 -4.2780
X  0.3241 -0.5303  0.7834
