// Export filename: `C:\projects\cod\t5\xanim_export\t5_viewmodels\spas12\spas12_putaway_quick.XANIM_EXPORT`
// Source filename: `D:\projects\devanim\t5\animation_assets\viewmodels/spas12/ViewModel_Spas12_animated.fbx`
// Export time: Sat Sep 11 16:00:40 2010

ANIMATION
VERSION 3

NUMPARTS 78
PART 0 "tag_ads"
PART 1 "tag_torso"
PART 2 "J_Shoulder_LE"
PART 3 "J_Elbow_LE"
PART 4 "J_WristTwist_LE"
PART 5 "J_Sleave_Reshape_Bottom_LE_1"
PART 6 "J_Sleave_Reshape_Bottom_LE_2"
PART 7 "J_Sleave_Reshape_Top_LE_1"
PART 8 "J_Sleave_Reshape_Top_LE_2"
PART 9 "J_Sleave_Reshape_Top_LE_3"
PART 10 "J_Wrist_LE"
PART 11 "J_Thumb_LE_0"
PART 12 "J_Thumb_LE_1"
PART 13 "J_Thumb_LE_2"
PART 14 "J_Thumb_LE_3"
PART 15 "J_PinkyPalm_LE"
PART 16 "J_Pinky_LE_0"
PART 17 "J_Pinky_LE_1"
PART 18 "J_Pinky_LE_2"
PART 19 "J_Pinky_LE_3"
PART 20 "J_RingPalm_LE"
PART 21 "J_Ring_LE_0"
PART 22 "J_Ring_LE_1"
PART 23 "J_Ring_LE_2"
PART 24 "J_Ring_LE_3"
PART 25 "J_Webbing_LE"
PART 26 "J_Index_LE_0"
PART 27 "J_Index_LE_1"
PART 28 "J_Index_LE_2"
PART 29 "J_Index_LE_3"
PART 30 "J_Mid_LE_0"
PART 31 "J_Mid_LE_1"
PART 32 "J_Mid_LE_2"
PART 33 "J_Mid_LE_3"
PART 34 "tag_knife_attach"
PART 35 "tag_weapon"
PART 36 "J_Gun"
PART 37 "TAG_CLIP"
PART 38 "J_Bolt"
PART 39 "J_pump"
PART 40 "J_ring"
PART 41 "J_stock"
PART 42 "J_stocktop"
PART 43 "J_Load"
PART 44 "tag_iron_sights"
PART 45 "J_Shoulder_RI"
PART 46 "J_Elbow_RI"
PART 47 "J_WristTwist_RI"
PART 48 "J_Sleave_Reshape_Top_RI_3"
PART 49 "J_Sleave_Reshape_Top_RI_2"
PART 50 "J_Sleave_Reshape_Top_RI_1"
PART 51 "J_Wrist_RI"
PART 52 "J_Thumb_RI_0"
PART 53 "J_Thumb_RI_1"
PART 54 "J_Thumb_RI_2"
PART 55 "J_Thumb_RI_3"
PART 56 "J_PinkyPalm_RI"
PART 57 "J_Pinky_RI_0"
PART 58 "J_Pinky_RI_1"
PART 59 "J_Pinky_RI_2"
PART 60 "J_Pinky_RI_3"
PART 61 "J_RingPalm_RI"
PART 62 "J_Ring_RI_0"
PART 63 "J_Ring_RI_1"
PART 64 "J_Ring_RI_2"
PART 65 "J_Ring_RI_3"
PART 66 "J_Webbing_RI"
PART 67 "J_Index_RI_0"
PART 68 "J_Index_RI_1"
PART 69 "J_Index_RI_2"
PART 70 "J_Index_RI_3"
PART 71 "J_Mid_RI_0"
PART 72 "J_Mid_RI_1"
PART 73 "J_Mid_RI_2"
PART 74 "J_Mid_RI_3"
PART 75 "tag_cambone"
PART 76 "tag_camera"
PART 77 "tag_gasmask"

FRAMERATE 30
NUMFRAMES 12

FRAME 250
PART 0
OFFSET  0.0000 -0.0000 -0.0000
X  1.0000 -0.0000  0.0000
Y  0.0000  1.0000  0.0000
Z  0.0000 -0.0000  1.0000

PART 1
OFFSET -4.6318 -0.0000 -1.3770
X  1.0000 -0.0000  0.0000
Y  0.0000  1.0000  0.0000
Z  0.0000 -0.0000  1.0000

PART 2
OFFSET -2.1458  5.0340 -5.9168
X  0.9027  0.0111 -0.4301
Y -0.0579 -0.9875 -0.1469
Z -0.4264  0.1575 -0.8907

PART 3
OFFSET  8.7714  5.1685 -11.1188
X  0.6922 -0.5722  0.4398
Y -0.6705 -0.2843  0.6853
Z -0.2671 -0.7692 -0.5805

PART 4
OFFSET  14.6586  0.3014 -7.3780
X  0.6922 -0.5722  0.4398
Y  0.2513  0.7624  0.5963
Z -0.6765 -0.3022  0.6715

PART 5
OFFSET  16.2843  1.1645 -6.9709
X  0.6969 -0.5684  0.4373
Y  0.2748  0.7749  0.5693
Z -0.6624 -0.2766  0.6962

PART 6
OFFSET  16.0073 -0.4838 -8.2164
X  0.6969 -0.5684  0.4373
Y  0.2748  0.7749  0.5693
Z -0.6624 -0.2766  0.6962

PART 7
OFFSET  14.9156  0.0572 -5.0639
X  0.6969 -0.5684  0.4373
Y  0.2748  0.7749  0.5693
Z -0.6624 -0.2766  0.6962

PART 8
OFFSET  14.6369 -1.6386 -5.7248
X  0.6969 -0.5684  0.4373
Y  0.2748  0.7749  0.5693
Z -0.6624 -0.2766  0.6962

PART 9
OFFSET  14.8524 -1.6124 -6.9031
X  0.6969 -0.5684  0.4373
Y  0.2748  0.7749  0.5693
Z -0.6624 -0.2766  0.6962

PART 10
OFFSET  16.7806 -1.4529 -6.0297
X  0.9561 -0.2551 -0.1444
Y  0.2902  0.7545  0.5887
Z -0.0412 -0.6047  0.7954

PART 11
OFFSET  17.4739 -1.0878 -5.2000
X  0.8948 -0.0929  0.4368
Y -0.0934  0.9176  0.3864
Z -0.4367 -0.3865  0.8123

PART 12
OFFSET  19.3710 -1.2182 -4.1737
X  0.9573 -0.2890 -0.0040
Y  0.2129  0.6956  0.6862
Z -0.1955 -0.6578  0.7274

PART 13
OFFSET  20.8819 -1.7998 -4.1397
X  0.9595  0.0172  0.2811
Y -0.1601  0.8544  0.4944
Z -0.2317 -0.5194  0.8225

PART 14
OFFSET  21.9062 -1.7905 -3.7896
X  0.8241  0.5224 -0.2190
Y -0.3302  0.1290 -0.9351
Z -0.4602  0.8429  0.2788

PART 15
OFFSET  17.2706 -2.5988 -6.6215
X  0.4856 -0.8741  0.0104
Y -0.3966 -0.2097  0.8937
Z -0.7790 -0.4382 -0.4485

PART 16
OFFSET  18.4265 -4.5247 -6.4231
X -0.2030 -0.3776  0.9035
Y -0.6387  0.7504  0.1701
Z -0.7422 -0.5425 -0.3935

PART 17
OFFSET  18.1392 -5.0592 -5.1440
X -0.6098  0.3398  0.7160
Y -0.2952  0.7410 -0.6031
Z -0.7355 -0.5792 -0.3516

PART 18
OFFSET  17.5985 -4.7580 -4.5092
X -0.5625  0.1899  0.8047
Y -0.3523  0.8255 -0.4410
Z -0.7480 -0.5315 -0.3974

PART 19
OFFSET  17.0641 -4.5775 -3.7447
X  0.7595 -0.5866 -0.2812
Y  0.0015  0.4338 -0.9010
Z  0.6505  0.6839  0.3303

PART 20
OFFSET  17.6795 -2.0691 -6.3731
X  0.8205 -0.4781 -0.3134
Y -0.0735 -0.6319  0.7716
Z -0.5669 -0.6100 -0.5536

PART 21
OFFSET  19.6090 -3.7720 -6.7411
X  0.2127 -0.7634  0.6099
Y -0.6728  0.3382  0.6580
Z -0.7086 -0.5503 -0.4417

PART 22
OFFSET  19.9712 -5.0717 -5.7028
X -0.6327  0.2090  0.7456
Y -0.3384  0.7914 -0.5090
Z -0.6965 -0.5744 -0.4300

PART 23
OFFSET  19.0943 -4.7821 -4.6694
X -0.6066  0.1383  0.7829
Y -0.3898  0.8065 -0.4445
Z -0.6929 -0.5748 -0.4353

PART 24
OFFSET  18.4365 -4.6320 -3.8203
X  0.6856 -0.6023 -0.4089
Y  0.0584  0.6054 -0.7938
Z  0.7257  0.5203  0.4502

PART 25
OFFSET  20.1666 -1.3654 -5.1139
X  0.8320 -0.5541 -0.0286
Y  0.3285  0.5335 -0.7794
Z  0.4471  0.6390  0.6259

PART 26
OFFSET  20.7402 -1.6530 -6.4441
X  0.7227 -0.6863  0.0819
Y -0.6038 -0.5693  0.5580
Z -0.3363 -0.4527 -0.8258

PART 27
OFFSET  22.0126 -2.8614 -6.2999
X  0.6747 -0.7357  0.0595
Y -0.6548 -0.5594  0.5083
Z -0.3407 -0.3819 -0.8591

PART 28
OFFSET  22.8535 -3.7325 -6.1755
X  0.4151 -0.8410  0.3469
Y -0.8685 -0.2529  0.4263
Z -0.2708 -0.4783 -0.8354

PART 29
OFFSET  23.3225 -4.6825 -5.7836
X  0.5727  0.3675 -0.7328
Y -0.6157  0.7830 -0.0885
Z  0.5412  0.5019  0.6747

PART 30
OFFSET  20.3160 -2.5528 -6.9246
X  0.6022 -0.7352  0.3111
Y -0.5087 -0.0532  0.8593
Z -0.6152 -0.6757 -0.4060

PART 31
OFFSET  21.4925 -3.9891 -6.3170
X  0.0066 -0.5335  0.8458
Y -0.7577  0.5493  0.3524
Z -0.6526 -0.6431 -0.4006

PART 32
OFFSET  21.5021 -4.7683 -5.0816
X -0.4599 -0.0734  0.8849
Y -0.5636  0.7943 -0.2270
Z -0.6862 -0.6031 -0.4066

PART 33
OFFSET  20.9768 -4.8563 -4.0821
X  0.7565 -0.4125 -0.5076
Y -0.1860  0.6083 -0.7716
Z  0.6270  0.6781  0.3834

PART 34
OFFSET  19.1536 -3.4726 -5.5265
X -0.6108 -0.6147 -0.4990
Y  0.0412  0.6047 -0.7954
Z  0.7907 -0.5064 -0.3441

PART 35
OFFSET  10.6714 -3.3397 -3.5839
X  1.0000 -0.0000  0.0000
Y  0.0000  1.0000  0.0000
Z  0.0000 -0.0000  1.0000

PART 36
OFFSET  10.6714 -3.3397 -3.5839
X  1.0000 -0.0000  0.0000
Y  0.0000  1.0000  0.0000
Z  0.0000 -0.0000  1.0000

PART 37
OFFSET -116.8620 -3.3229 -4.3119
X  0.0000 -0.0000 -1.0000
Y  0.0000  1.0000  0.0000
Z  1.0000 -0.0000  0.0000

PART 38
OFFSET  10.6842 -3.3397 -3.1520
X  1.0000 -0.0000  0.0000
Y  0.0000  1.0000  0.0000
Z  0.0000 -0.0000  1.0000

PART 39
OFFSET  15.9385 -3.3448 -5.9054
X  1.0000 -0.0000  0.0000
Y  0.0000  1.0000  0.0000
Z  0.0000 -0.0000  1.0000

PART 40
OFFSET  3.0927 -2.2645 -3.5479
X  0.6820 -0.0000  0.7314
Y -0.0000  1.0000  0.0000
Z -0.7314 -0.0000  0.6820

PART 41
OFFSET  3.0927 -2.1356 -3.5479
X  1.0000 -0.0000  0.0000
Y  0.0000  1.0000  0.0000
Z  0.0000 -0.0000  1.0000

PART 42
OFFSET  14.7631 -3.3448 -1.5284
X  1.0000 -0.0000  0.0000
Y  0.0000  1.0000  0.0000
Z  0.0000 -0.0000  1.0000

PART 43
OFFSET  8.0992 -3.3229 -4.9793
X  1.0000 -0.0000  0.0000
Y -0.0000  1.0000  0.0000
Z -0.0000 -0.0000  1.0000

PART 44
OFFSET  13.4247 -3.3397 -1.8315
X  0.0000 -0.9659  0.2588
Y  1.0000  0.0000  0.0000
Z -0.0000  0.2588  0.9659

PART 45
OFFSET -12.9782 -7.9373 -1.9159
X -0.2660 -0.0816  0.9605
Y -0.2787 -0.9473 -0.1577
Z  0.9228 -0.3097  0.2293

PART 46
OFFSET -9.7608 -6.9502 -13.5321
X -0.8555 -0.1935 -0.4802
Y  0.4636  0.1268 -0.8769
Z  0.2306 -0.9729 -0.0188

PART 47
OFFSET -2.4840 -5.3046 -9.4476
X -0.8555 -0.1935 -0.4802
Y  0.4940 -0.0277 -0.8690
Z  0.1548 -0.9807  0.1193

PART 48
OFFSET -1.8604 -4.0065 -8.0869
X -0.8589 -0.1916 -0.4749
Y -0.2348  0.9715  0.0328
Z  0.4551  0.1396 -0.8794

PART 49
OFFSET -1.8367 -4.6438 -7.0725
X -0.8589 -0.1916 -0.4749
Y -0.2348  0.9715  0.0328
Z  0.4551  0.1396 -0.8794

PART 50
OFFSET -1.3462 -5.8859 -7.2387
X -0.8589 -0.1916 -0.4749
Y -0.2348  0.9715  0.0328
Z  0.4551  0.1396 -0.8794

PART 51
OFFSET  0.1388 -4.7114 -7.9754
X -0.9500 -0.0002 -0.3123
Y  0.3123  0.0086 -0.9499
Z  0.0029 -1.0000 -0.0081

PART 52
OFFSET  0.2636 -4.3091 -6.9149
X -0.5540 -0.6571 -0.5111
Y  0.6448  0.0496 -0.7627
Z  0.5266 -0.7521  0.3962

PART 53
OFFSET  1.3654 -2.8541 -5.7579
X -0.9324 -0.3586 -0.0440
Y  0.2177 -0.4604 -0.8606
Z  0.2884 -0.8120  0.5074

PART 54
OFFSET  2.8514 -2.2117 -5.7951
X -0.7772 -0.0528  0.6271
Y -0.4690 -0.6158 -0.6331
Z  0.4196 -0.7861  0.4538

PART 55
OFFSET  3.6806 -2.1082 -6.4832
X -0.9399  0.3391  0.0409
Y  0.2704  0.8119 -0.5174
Z -0.2087 -0.4752 -0.8548

PART 56
OFFSET  1.2765 -4.5000 -8.7267
X -0.9571 -0.0480  0.2859
Y  0.0610 -0.9975  0.0368
Z  0.2834  0.0527  0.9576

PART 57
OFFSET  3.4607 -4.2621 -9.2340
X -0.4674 -0.8480 -0.2497
Y  0.8830 -0.4615 -0.0853
Z -0.0429 -0.2604  0.9646

PART 58
OFFSET  4.1224 -3.0615 -8.8805
X  0.4539 -0.8636 -0.2193
Y  0.8910  0.4372  0.1225
Z -0.0099 -0.2510  0.9679

PART 59
OFFSET  3.7199 -2.2957 -8.6860
X  0.9924  0.1214 -0.0197
Y -0.1143  0.9694  0.2174
Z  0.0455 -0.2135  0.9759

PART 60
OFFSET  2.7771 -2.4111 -8.6674
X -0.6939 -0.6705 -0.2626
Y -0.7192  0.6267  0.3001
Z -0.0367  0.3970 -0.9171

PART 61
OFFSET  1.2783 -4.6453 -8.0278
X -0.9999 -0.0089 -0.0055
Y  0.0086 -0.9992  0.0400
Z -0.0059  0.0400  0.9992

PART 62
OFFSET  3.8746 -4.6503 -8.1610
X -0.3010 -0.9489 -0.0947
Y  0.9535 -0.3008 -0.0170
Z -0.0124 -0.0954  0.9954

PART 63
OFFSET  4.3870 -3.0347 -7.9997
X  0.7069 -0.7044 -0.0636
Y  0.7067  0.6999  0.1035
Z -0.0284 -0.1181  0.9926

PART 64
OFFSET  3.4073 -2.0584 -7.9117
X  0.9210  0.3824  0.0746
Y -0.3882  0.9169  0.0923
Z -0.0331 -0.1139  0.9929

PART 65
OFFSET  2.4085 -2.4732 -7.9926
X -0.5344 -0.8427 -0.0650
Y -0.8441  0.5361 -0.0099
Z  0.0432  0.0496 -0.9978

PART 66
OFFSET -4.0775 -5.2555 -8.4763
X -0.9534 -0.2799 -0.1124
Y -0.2666  0.9563 -0.1201
Z  0.1411 -0.0846 -0.9864

PART 67
OFFSET  3.6059 -5.0887 -6.0450
X -0.9418 -0.3132 -0.1223
Y  0.3173 -0.9482 -0.0152
Z -0.1112 -0.0532  0.9924

PART 68
OFFSET  5.2641 -4.5373 -5.8296
X -0.2895 -0.9565 -0.0366
Y  0.9491 -0.2918  0.1184
Z -0.1239 -0.0004  0.9923

PART 69
OFFSET  5.6085 -3.3746 -5.7249
X  0.6155 -0.7879  0.0192
Y  0.7783  0.6114  0.1431
Z -0.1245 -0.0731  0.9895

PART 70
OFFSET  4.9133 -2.4846 -5.7466
X -0.9379 -0.3160  0.1429
Y -0.3321  0.9371 -0.1077
Z -0.0998 -0.1485 -0.9839

PART 71
OFFSET  3.8429 -4.9001 -7.1074
X -0.4634 -0.8838 -0.0645
Y  0.8779 -0.4678  0.1024
Z -0.1207 -0.0092  0.9926

PART 72
OFFSET  4.7483 -3.1736 -6.9813
X  0.6673 -0.7414  0.0715
Y  0.7397  0.6709  0.0530
Z -0.0873  0.0175  0.9960

PART 73
OFFSET  3.7737 -2.0907 -7.0857
X  0.9793  0.1961  0.0508
Y -0.1915  0.9779 -0.0838
Z -0.0661  0.0723  0.9952

PART 74
OFFSET  2.6649 -2.3126 -7.1503
X -0.6244 -0.7796 -0.0490
Y -0.7796  0.6258 -0.0223
Z  0.0481  0.0243 -0.9985

PART 75
OFFSET  0.0000 -0.0000 -0.0000
X  1.0000 -0.0000  0.0000
Y  0.0000  1.0000  0.0000
Z  0.0000 -0.0000  1.0000

PART 76
OFFSET  0.0000 -0.0000 -0.0000
X  1.0000 -0.0000  0.0000
Y  0.0000  1.0000  0.0000
Z  0.0000 -0.0000  1.0000

PART 77
OFFSET  1.5404 -0.0000  4.1357
X  1.0000 -0.0000  0.0000
Y  0.0000  1.0000  0.0000
Z  0.0000 -0.0000  1.0000


FRAME 251
PART 0
OFFSET  0.0000 -0.0000 -0.0000
X  1.0000 -0.0000  0.0000
Y  0.0000  1.0000  0.0000
Z  0.0000 -0.0000  1.0000

PART 1
OFFSET -4.6318 -0.0000 -1.3770
X  1.0000 -0.0000  0.0000
Y  0.0000  1.0000  0.0000
Z  0.0000 -0.0000  1.0000

PART 2
OFFSET -2.1429  5.0415 -5.9168
X  0.8825  0.0480 -0.4678
Y -0.0302 -0.9869 -0.1583
Z -0.4693  0.1538 -0.8696

PART 3
OFFSET  8.5304  5.6223 -11.5743
X  0.6974 -0.5683  0.4367
Y -0.6658 -0.2883  0.6882
Z -0.2652 -0.7707 -0.5794

PART 4
OFFSET  14.4620  0.7889 -7.8599
X  0.6974 -0.5683  0.4367
Y  0.1831  0.7304  0.6580
Z -0.6929 -0.3789  0.6135

PART 5
OFFSET  16.0845  1.6614 -7.4598
X  0.7021 -0.5644  0.4342
Y  0.2727  0.7764  0.5682
Z -0.6578 -0.2805  0.6990

PART 6
OFFSET  15.8116  0.0117 -8.7043
X  0.7021 -0.5644  0.4342
Y  0.2727  0.7764  0.5682
Z -0.6578 -0.2805  0.6990

PART 7
OFFSET  14.7305  0.5459 -5.5470
X  0.7021 -0.5644  0.4342
Y  0.2727  0.7764  0.5682
Z -0.6578 -0.2805  0.6990

PART 8
OFFSET  14.4588 -1.1513 -6.2069
X  0.7021 -0.5644  0.4342
Y  0.2727  0.7764  0.5682
Z -0.6578 -0.2805  0.6990

PART 9
OFFSET  14.6690 -1.1238 -7.3862
X  0.7021 -0.5644  0.4342
Y  0.2727  0.7764  0.5682
Z -0.6578 -0.2805  0.6990

PART 10
OFFSET  16.6000 -0.9532 -6.5212
X  0.9519 -0.2684 -0.1478
Y  0.2991  0.7089  0.6387
Z -0.0666 -0.6522  0.7551

PART 11
OFFSET  17.2895 -0.6576 -5.6612
X  0.8530 -0.0816  0.5155
Y -0.1782  0.8828  0.4346
Z -0.4906 -0.4626  0.7385

PART 12
OFFSET  19.0850 -0.7714 -4.4642
X  0.9533 -0.2978  0.0494
Y  0.1626  0.6445  0.7471
Z -0.2543 -0.7042  0.6629

PART 13
OFFSET  20.5859 -1.3695 -4.3548
X  0.9237 -0.0080  0.3830
Y -0.2180  0.8112  0.5427
Z -0.3150 -0.5848  0.7475

PART 14
OFFSET  21.5667 -1.3911 -3.8972
X  0.8393  0.5369 -0.0856
Y -0.2289  0.2061 -0.9514
Z -0.4931  0.8181  0.2958

PART 15
OFFSET  17.0718 -2.0712 -7.1776
X  0.5026 -0.8598 -0.0905
Y -0.3346 -0.2900  0.8966
Z -0.7971 -0.4204 -0.4335

PART 16
OFFSET  18.2762 -3.9773 -7.2077
X  0.0809 -0.6078  0.7900
Y -0.6303  0.5828  0.5129
Z -0.7721 -0.5394 -0.3360

PART 17
OFFSET  18.3907 -4.8378 -6.0893
X -0.2904 -0.1271  0.9484
Y -0.5926  0.8021 -0.0740
Z -0.7513 -0.5835 -0.3083

PART 18
OFFSET  18.1331 -4.9504 -5.2484
X -0.2448 -0.2109  0.9464
Y -0.5670  0.8229  0.0367
Z -0.7865 -0.5276 -0.3210

PART 19
OFFSET  17.9006 -5.1508 -4.3493
X  0.6569 -0.2790 -0.7005
Y -0.3699  0.6903 -0.6218
Z  0.6570  0.6676  0.3503

PART 20
OFFSET  17.4892 -1.5680 -6.8910
X  0.8136 -0.4771 -0.3323
Y -0.0992 -0.6771  0.7292
Z -0.5729 -0.5603 -0.5982

PART 21
OFFSET  19.4244 -3.2313 -7.3884
X  0.3610 -0.8221  0.4402
Y -0.6530  0.1141  0.7487
Z -0.6658 -0.5577 -0.4956

PART 22
OFFSET  20.0390 -4.6310 -6.6390
X -0.3657 -0.3262  0.8717
Y -0.6664  0.7456 -0.0005
Z -0.6497 -0.5811 -0.4900

PART 23
OFFSET  19.5322 -5.0831 -5.4309
X -0.3627 -0.3377  0.8686
Y -0.6699  0.7424  0.0090
Z -0.6479 -0.5786 -0.4955

PART 24
OFFSET  19.1389 -5.4494 -4.4889
X  0.6479 -0.1759 -0.7411
Y -0.3125  0.8260 -0.4692
Z  0.6947  0.5356  0.4802

PART 25
OFFSET  19.9736 -1.0045 -5.5579
X  0.8193 -0.5710 -0.0526
Y  0.3520  0.5733 -0.7399
Z  0.4527  0.5876  0.6706

PART 26
OFFSET  20.5595 -1.2219 -6.8960
X  0.7872 -0.6166  0.0098
Y -0.4886 -0.6140  0.6198
Z -0.3762 -0.4927 -0.7847

PART 27
OFFSET  21.9455 -2.3075 -6.8788
X  0.7251 -0.6882  0.0246
Y -0.5722 -0.5821  0.5778
Z -0.3833 -0.4330 -0.8158

PART 28
OFFSET  22.8502 -3.1179 -6.7993
X  0.5738 -0.7722  0.2727
Y -0.7558 -0.3712  0.5394
Z -0.3153 -0.5156 -0.7967

PART 29
OFFSET  23.4984 -3.9902 -6.4913
X  0.4068  0.4414 -0.7998
Y -0.7260  0.6876  0.0102
Z  0.5544  0.5765  0.6002

PART 30
OFFSET  20.1216 -2.0794 -7.4377
X  0.6646 -0.7249  0.1809
Y -0.4418 -0.1861  0.8776
Z -0.6025 -0.6632 -0.4440

PART 31
OFFSET  21.4200 -3.4956 -7.0844
X  0.2616 -0.7084  0.6555
Y -0.7229  0.3062  0.6194
Z -0.6395 -0.6359 -0.4320

PART 32
OFFSET  21.8021 -4.5303 -6.1269
X -0.1595 -0.4403  0.8836
Y -0.6970  0.6840  0.2151
Z -0.6991 -0.5815 -0.4160

PART 33
OFFSET  21.6170 -5.0336 -5.1293
X  0.6122 -0.0621 -0.7883
Y -0.4817  0.7613 -0.4340
Z  0.6271  0.6454  0.4362

PART 34
OFFSET  18.9181 -3.0568 -6.1155
X -0.6176 -0.5674 -0.5446
Y  0.0666  0.6522 -0.7551
Z  0.7837 -0.5026 -0.3650

PART 35
OFFSET  10.5161 -3.5242 -3.4349
X  0.9996 -0.0178 -0.0222
Y  0.0190  0.9985  0.0509
Z  0.0213 -0.0513  0.9985

PART 36
OFFSET  10.5161 -3.5242 -3.4349
X  0.9996 -0.0178 -0.0222
Y  0.0190  0.9985  0.0509
Z  0.0213 -0.0513  0.9985

PART 37
OFFSET -116.9807 -1.1942 -1.3289
X -0.0213  0.0513 -0.9985
Y  0.0190  0.9985  0.0509
Z  0.9996 -0.0178 -0.0222

PART 38
OFFSET  10.5382 -3.5465 -3.0040
X  0.9996 -0.0178 -0.0222
Y  0.0190  0.9985  0.0509
Z  0.0213 -0.0513  0.9985

PART 39
OFFSET  15.7316 -3.5041 -5.8700
X  0.9996 -0.0178 -0.0222
Y  0.0190  0.9985  0.0509
Z  0.0213 -0.0513  0.9985

PART 40
OFFSET  2.9616 -2.3171 -3.1759
X  0.6973 -0.0497  0.7151
Y  0.0190  0.9985  0.0509
Z -0.7166 -0.0219  0.6972

PART 41
OFFSET  2.9641 -2.1883 -3.1693
X  0.9996 -0.0178 -0.0222
Y  0.0190  0.9985  0.0509
Z  0.0213 -0.0513  0.9985

PART 42
OFFSET  14.6497 -3.7077 -1.4738
X  0.9996 -0.0178 -0.0222
Y  0.0190  0.9985  0.0509
Z  0.0213 -0.0513  0.9985

PART 43
OFFSET  7.9156 -3.3898 -4.7702
X  0.9996 -0.0178 -0.0222
Y  0.0190  0.9985  0.0509
Z  0.0213 -0.0513  0.9985

PART 44
OFFSET  13.3056 -3.6632 -1.7464
X -0.0128 -0.9778  0.2092
Y  0.9996 -0.0178 -0.0222
Z  0.0254  0.2089  0.9776

PART 45
OFFSET -12.9782 -7.9373 -1.9159
X -0.2610 -0.0932  0.9608
Y -0.2614 -0.9513 -0.1633
Z  0.9293 -0.2938  0.2240

PART 46
OFFSET -9.8212 -6.8100 -13.5359
X -0.8374 -0.2013 -0.5082
Y  0.4867  0.1485 -0.8608
Z  0.2488 -0.9682 -0.0263

PART 47
OFFSET -2.6989 -5.0977 -9.2135
X -0.8374 -0.2013 -0.5082
Y  0.5184  0.0025 -0.8552
Z  0.1734 -0.9795  0.1023

PART 48
OFFSET -2.1394 -3.8097 -7.8159
X -0.8410 -0.1995 -0.5030
Y -0.2533  0.9665  0.0402
Z  0.4781  0.1612 -0.8634

PART 49
OFFSET -2.1339 -4.4620 -6.8108
X -0.8410 -0.1995 -0.5030
Y -0.2533  0.9665  0.0402
Z  0.4781  0.1612 -0.8634

PART 50
OFFSET -1.6160 -5.6924 -6.9807
X -0.8410 -0.1995 -0.5030
Y -0.2533  0.9665  0.0402
Z  0.4781  0.1612 -0.8634

PART 51
OFFSET -0.1318 -4.4805 -7.6555
X -0.9562  0.0328 -0.2908
Y  0.2921  0.0518 -0.9550
Z -0.0162 -0.9981 -0.0591

PART 52
OFFSET  0.0231 -4.1354 -6.5789
X -0.5771 -0.6201 -0.5315
Y  0.6293  0.0772 -0.7734
Z  0.5205 -0.7807  0.3456

PART 53
OFFSET  1.1767 -2.7616 -5.3741
X -0.9398 -0.3392 -0.0415
Y  0.1906 -0.4195 -0.8875
Z  0.2837 -0.8420  0.4589

PART 54
OFFSET  2.6735 -2.1448 -5.4115
X -0.7645 -0.0710  0.6407
Y -0.4940 -0.5740 -0.6531
Z  0.4141 -0.8157  0.4038

PART 55
OFFSET  3.4897 -2.0209 -6.1117
X -0.9322  0.3533  0.0790
Y  0.2747  0.8324 -0.4812
Z -0.2358 -0.4269 -0.8730

PART 56
OFFSET  0.9935 -4.2511 -8.4201
X -0.9515 -0.0455  0.3042
Y  0.0429 -0.9990 -0.0154
Z  0.3046 -0.0016  0.9525

PART 57
OFFSET  3.1705 -4.0266 -8.9631
X -0.4886 -0.8256 -0.2821
Y  0.8721 -0.4722 -0.1283
Z -0.0273 -0.3087  0.9508

PART 58
OFFSET  3.8623 -2.8577 -8.5636
X  0.4327 -0.8592 -0.2730
Y  0.9015  0.4144  0.1248
Z  0.0059 -0.3001  0.9539

PART 59
OFFSET  3.4786 -2.0959 -8.3216
X  0.9939  0.1045 -0.0355
Y -0.0913  0.9588  0.2690
Z  0.0621 -0.2641  0.9625

PART 60
OFFSET  2.5344 -2.1952 -8.2879
X -0.7119 -0.6437 -0.2809
Y -0.7006  0.6232  0.3475
Z -0.0486  0.4442 -0.8946

PART 61
OFFSET  1.0074 -4.4321 -7.7298
X -0.9998  0.0093  0.0162
Y -0.0095 -0.9999 -0.0111
Z  0.0161 -0.0113  0.9998

PART 62
OFFSET  3.5997 -4.4766 -7.9206
X -0.3209 -0.9373 -0.1362
Y  0.9471 -0.3165 -0.0534
Z  0.0070 -0.1461  0.9892

PART 63
OFFSET  4.1460 -2.8809 -7.6888
X  0.6919 -0.7128 -0.1150
Y  0.7219  0.6809  0.1232
Z -0.0095 -0.1683  0.9857

PART 64
OFFSET  3.1871 -1.8931 -7.5294
X  0.9294  0.3616  0.0735
Y -0.3687  0.9178  0.1474
Z -0.0142 -0.1641  0.9863

PART 65
OFFSET  2.1791 -2.2852 -7.6091
X -0.5516 -0.8286 -0.0959
Y -0.8338  0.5509  0.0361
Z  0.0229  0.0999 -0.9947

PART 66
OFFSET -4.3673 -4.9229 -8.0898
X -0.9607 -0.2567 -0.1053
Y -0.2509  0.9658 -0.0653
Z  0.1185 -0.0363 -0.9923

PART 67
OFFSET  3.3679 -5.0182 -5.8243
X -0.9499 -0.2896 -0.1172
Y  0.2989 -0.9517 -0.0705
Z -0.0911 -0.1020  0.9906

PART 68
OFFSET  5.0404 -4.5083 -5.6180
X -0.3083 -0.9480 -0.0788
Y  0.9457 -0.3144  0.0822
Z -0.1027 -0.0492  0.9935

PART 69
OFFSET  5.4089 -3.3587 -5.4619
X  0.6007 -0.7987 -0.0346
Y  0.7926  0.5893  0.1567
Z -0.1048 -0.1215  0.9870

PART 70
OFFSET  4.7304 -2.4565 -5.4228
X -0.9405 -0.3061  0.1474
Y -0.3165  0.9471 -0.0525
Z -0.1235 -0.0960 -0.9877

PART 71
OFFSET  3.5857 -4.7795 -6.8807
X -0.4814 -0.8709 -0.0992
Y  0.8708 -0.4881  0.0589
Z -0.0997 -0.0580  0.9933

PART 72
OFFSET  4.5261 -3.0782 -6.6870
X  0.6545 -0.7559  0.0188
Y  0.7532  0.6540  0.0707
Z -0.0657 -0.0321  0.9973

PART 73
OFFSET  3.5702 -1.9742 -6.7145
X  0.9837  0.1757  0.0389
Y -0.1746  0.9842 -0.0296
Z -0.0435  0.0223  0.9988

PART 74
OFFSET  2.4563 -2.1727 -6.7657
X -0.6399 -0.7648 -0.0748
Y -0.7679  0.6400  0.0269
Z  0.0273  0.0747 -0.9968

PART 75
OFFSET  0.0000 -0.0000 -0.0000
X  1.0000 -0.0000  0.0000
Y  0.0000  1.0000  0.0000
Z  0.0000 -0.0000  1.0000

PART 76
OFFSET  0.0000 -0.0000 -0.0000
X  1.0000 -0.0000  0.0000
Y  0.0000  1.0000  0.0000
Z  0.0000 -0.0000  1.0000

PART 77
OFFSET  1.5404 -0.0000  4.1357
X  1.0000 -0.0000  0.0000
Y  0.0000  1.0000  0.0000
Z  0.0000 -0.0000  1.0000


FRAME 252
PART 0
OFFSET  0.0000 -0.0000 -0.0000
X  1.0000 -0.0000  0.0000
Y  0.0000  1.0000  0.0000
Z  0.0000 -0.0000  1.0000

PART 1
OFFSET -4.6318 -0.0000 -1.3770
X  1.0000 -0.0000  0.0000
Y  0.0000  1.0000  0.0000
Z  0.0000 -0.0000  1.0000

PART 2
OFFSET -2.1421  5.0436 -5.9168
X  0.8213  0.1408 -0.5528
Y  0.0380 -0.9804 -0.1933
Z -0.5692  0.1377 -0.8106

PART 3
OFFSET  7.7908  6.7467 -12.6026
X  0.7213 -0.5528  0.4172
Y -0.6429 -0.3106  0.7001
Z -0.2575 -0.7733 -0.5795

PART 4
OFFSET  13.9262  2.0448 -9.0541
X  0.7213 -0.5528  0.4172
Y  0.0273  0.6246  0.7804
Z -0.6920 -0.5516  0.4657

PART 5
OFFSET  15.5335  2.9567 -8.6823
X  0.7259 -0.5488  0.4146
Y  0.2646  0.7792  0.5682
Z -0.6349 -0.3027  0.7108

PART 6
OFFSET  15.2769  1.3094 -9.9332
X  0.7259 -0.5488  0.4146
Y  0.2646  0.7792  0.5682
Z -0.6349 -0.3027  0.7108

PART 7
OFFSET  14.2511  1.7924 -6.7494
X  0.7259 -0.5488  0.4146
Y  0.2646  0.7792  0.5682
Z -0.6349 -0.3027  0.7108

PART 8
OFFSET  14.0095  0.0934 -7.4163
X  0.7259 -0.5488  0.4146
Y  0.2646  0.7792  0.5682
Z -0.6349 -0.3027  0.7108

PART 9
OFFSET  14.1933  0.1349 -8.5996
X  0.7259 -0.5488  0.4146
Y  0.2646  0.7792  0.5682
Z -0.6349 -0.3027  0.7108

PART 10
OFFSET  16.1376  0.3500 -7.7751
X  0.9402 -0.3025 -0.1563
Y  0.3113  0.5779  0.7544
Z -0.1379 -0.7580  0.6376

PART 11
OFFSET  16.8043  0.4604 -6.8556
X  0.7289 -0.1386  0.6704
Y -0.3140  0.8024  0.5074
Z -0.6083 -0.5804  0.5414

PART 12
OFFSET  18.3122  0.2091 -5.3282
X  0.9154 -0.3727  0.1520
Y  0.0609  0.5016  0.8629
Z -0.3979 -0.7807  0.4819

PART 13
OFFSET  19.7418 -0.5099 -5.0802
X  0.8096 -0.1391  0.5703
Y -0.3170  0.7140  0.6242
Z -0.4940 -0.6861  0.5340

PART 14
OFFSET  20.5893 -0.6796 -4.4285
X  0.8497  0.4852  0.2066
Y  0.0026  0.3878 -0.9217
Z -0.5273  0.7837  0.3282

PART 15
OFFSET  16.5720 -0.6779 -8.5862
X  0.5283 -0.8000 -0.2846
Y -0.2459 -0.4650  0.8505
Z -0.8127 -0.3793 -0.4424

PART 16
OFFSET  17.8471 -2.4771 -9.0570
X  0.4579 -0.8530  0.2503
Y -0.3647  0.0766  0.9280
Z -0.8108 -0.5162 -0.2760

PART 17
OFFSET  18.4953 -3.6849 -8.7025
X  0.4114 -0.7967  0.4427
Y -0.4756  0.2267  0.8499
Z -0.7775 -0.5602 -0.2857

PART 18
OFFSET  18.8600 -4.3913 -8.3100
X  0.3771 -0.7837  0.4936
Y -0.4470  0.3128  0.8381
Z -0.8112 -0.5366 -0.2324

PART 19
OFFSET  19.2182 -5.1358 -7.8411
X  0.1095  0.4807 -0.8700
Y -0.6826  0.6726  0.2857
Z  0.7225  0.5626  0.4018

PART 20
OFFSET  17.0049 -0.2546 -8.2083
X  0.7983 -0.4699 -0.3766
Y -0.1707 -0.7762  0.6069
Z -0.5775 -0.4202 -0.6999

PART 21
OFFSET  18.9429 -1.8177 -8.9563
X  0.6124 -0.7852  0.0925
Y -0.4831 -0.2790  0.8299
Z -0.6258 -0.5529 -0.5502

PART 22
OFFSET  19.9854 -3.1544 -8.7988
X  0.4505 -0.8204  0.3521
Y -0.6564 -0.0370  0.7535
Z -0.6051 -0.5706 -0.5552

PART 23
OFFSET  20.6098 -4.2914 -8.3108
X  0.3623 -0.8222  0.4390
Y -0.7065  0.0649  0.7047
Z -0.6079 -0.5654 -0.5574

PART 24
OFFSET  21.0027 -5.1832 -7.8348
X  0.0769  0.6088 -0.7896
Y -0.7597  0.5487  0.3490
Z  0.6457  0.5730  0.5047

PART 25
OFFSET  19.4565 -0.0712 -6.7173
X  0.7861 -0.6072 -0.1157
Y  0.4172  0.6593 -0.6255
Z  0.4560  0.4434  0.7716

PART 26
OFFSET  20.0873 -0.1112 -8.0520
X  0.8497 -0.4990 -0.1701
Y -0.2751 -0.6949  0.6644
Z -0.4497 -0.5178 -0.7278

PART 27
OFFSET  21.5834 -0.9898 -8.3514
X  0.7839 -0.6151 -0.0847
Y -0.4232 -0.6292  0.6519
Z -0.4543 -0.4752 -0.7535

PART 28
OFFSET  22.5640 -1.7086 -8.4086
X  0.7766 -0.6287  0.0401
Y -0.4897 -0.5623  0.6663
Z -0.3964 -0.5371 -0.7446

PART 29
OFFSET  23.4412 -2.4188 -8.3633
X  0.0778  0.5612 -0.8240
Y -0.8272  0.4977  0.2609
Z  0.5566  0.6613  0.5029

PART 30
OFFSET  19.6246 -0.8418 -8.7394
X  0.7494 -0.6583 -0.0713
Y -0.3177 -0.4520  0.8335
Z -0.5809 -0.6020 -0.5478

PART 31
OFFSET  21.0886 -2.1278 -8.8786
X  0.6395 -0.7620  0.1023
Y -0.4619 -0.2743  0.8434
Z -0.6146 -0.5866 -0.5274

PART 32
OFFSET  22.0226 -3.2407 -8.7291
X  0.4241 -0.8281  0.3666
Y -0.5625  0.0764  0.8233
Z -0.7098 -0.5553 -0.4334

PART 33
OFFSET  22.4983 -4.1827 -8.3176
X  0.0794  0.6217 -0.7792
Y -0.7544  0.5485  0.3607
Z  0.6516  0.5592  0.5126

PART 34
OFFSET  18.3088 -1.9367 -7.6338
X -0.6249 -0.4328 -0.6497
Y  0.1379  0.7580 -0.6376
Z  0.7684 -0.4880 -0.4140

PART 35
OFFSET  10.1959 -3.9709 -3.1725
X  0.9957 -0.0607 -0.0700
Y  0.0710  0.9854  0.1547
Z  0.0596 -0.1590  0.9855

PART 36
OFFSET  10.1959 -3.9709 -3.1725
X  0.9957 -0.0607 -0.0700
Y  0.0710  0.9854  0.1547
Z  0.0596 -0.1590  0.9855

PART 37
OFFSET -116.8306  3.9054  5.0444
X -0.0596  0.1590 -0.9855
Y  0.0710  0.9854  0.1547
Z  0.9957 -0.0607 -0.0700

PART 38
OFFSET  10.2345 -4.0404 -2.7478
X  0.9957 -0.0607 -0.0700
Y  0.0710  0.9854  0.1547
Z  0.0596 -0.1590  0.9855

PART 39
OFFSET  15.3016 -3.9267 -5.8299
X  0.9957 -0.0607 -0.0700
Y  0.0710  0.9854  0.1547
Z  0.0596 -0.1590  0.9855

PART 40
OFFSET  2.7283 -2.4569 -2.4399
X  0.7227 -0.1577  0.6730
Y  0.0710  0.9854  0.1547
Z -0.6875 -0.0640  0.7233

PART 41
OFFSET  2.7374 -2.3299 -2.4200
X  0.9957 -0.0607 -0.0700
Y  0.0710  0.9854  0.1547
Z  0.0596 -0.1590  0.9855

PART 42
OFFSET  14.3922 -4.5511 -1.4342
X  0.9957 -0.0607 -0.0700
Y  0.0710  0.9854  0.1547
Z  0.0596 -0.1590  0.9855

PART 43
OFFSET  7.5528 -3.5763 -4.3649
X  0.9957 -0.0607 -0.0700
Y  0.0710  0.9854  0.1547
Z  0.0596 -0.1590  0.9855

PART 44
OFFSET  13.0418 -4.4167 -1.6384
X -0.0531 -0.9930  0.1057
Y  0.9957 -0.0607 -0.0700
Z  0.0760  0.1015  0.9919

PART 45
OFFSET -12.9782 -7.9373 -1.9159
X -0.2571 -0.1209  0.9588
Y -0.2215 -0.9584 -0.1803
Z  0.9406 -0.2587  0.2197

PART 46
OFFSET -9.8683 -6.4750 -13.5112
X -0.7966 -0.2152 -0.5649
Y  0.5310  0.1976 -0.8240
Z  0.2889 -0.9564 -0.0431

PART 47
OFFSET -3.0928 -4.6447 -8.7065
X -0.7966 -0.2152 -0.5649
Y  0.5691  0.0482 -0.8209
Z  0.2038 -0.9754  0.0841

PART 48
OFFSET -2.6706 -3.3866 -7.2353
X -0.8006 -0.2137 -0.5599
Y -0.2943  0.9540  0.0566
Z  0.5220  0.2100 -0.8267

PART 49
OFFSET -2.6989 -4.0735 -6.2539
X -0.8006 -0.2137 -0.5599
Y -0.2943  0.9540  0.0566
Z  0.5220  0.2100 -0.8267

PART 50
OFFSET -2.1224 -5.2763 -6.4325
X -0.8006 -0.2137 -0.5599
Y -0.2943  0.9540  0.0566
Z  0.5220  0.2100 -0.8267

PART 51
OFFSET -0.6507 -3.9850 -6.9747
X -0.9645  0.1071 -0.2413
Y  0.2549  0.1405 -0.9567
Z -0.0686 -0.9843 -0.1628

PART 52
OFFSET -0.4347 -3.7647 -5.8761
X -0.6287 -0.5327 -0.5665
Y  0.6001  0.1310 -0.7892
Z  0.4946 -0.8361  0.2373

PART 53
OFFSET  0.8347 -2.5817 -4.5880
X -0.9565 -0.2898 -0.0335
Y  0.1328 -0.3302 -0.9345
Z  0.2598 -0.8983  0.3543

PART 54
OFFSET  2.3577 -2.0330 -4.6293
X -0.7402 -0.1045  0.6642
Y -0.5485 -0.4777 -0.6863
Z  0.3890 -0.8723  0.2963

PART 55
OFFSET  3.1496 -1.8720 -5.3495
X -0.9093  0.3847  0.1586
Y  0.2960  0.8659 -0.4032
Z -0.2925 -0.3197 -0.9012

PART 56
OFFSET  0.4523 -3.7263 -7.7620
X -0.9393 -0.0346  0.3413
Y -0.0078 -0.9925 -0.1223
Z  0.3430 -0.1175  0.9320

PART 57
OFFSET  2.6137 -3.5439 -8.3782
X -0.5405 -0.7676 -0.3445
Y  0.8414 -0.4949 -0.2173
Z -0.0037 -0.4073  0.9133

PART 58
OFFSET  3.3789 -2.4571 -7.8904
X  0.3776 -0.8437 -0.3815
Y  0.9255  0.3573  0.1259
Z  0.0300 -0.4006  0.9158

PART 59
OFFSET  3.0441 -1.7091 -7.5522
X  0.9956  0.0625 -0.0701
Y -0.0320  0.9276  0.3722
Z  0.0883 -0.3683  0.9255

PART 60
OFFSET  2.0983 -1.7685 -7.4856
X -0.7541 -0.5769 -0.3138
Y -0.6537  0.6135  0.4430
Z -0.0630  0.5393 -0.8398

PART 61
OFFSET  0.4855 -3.9807 -7.0959
X -0.9966  0.0529  0.0632
Y -0.0599 -0.9915 -0.1157
Z  0.0566 -0.1191  0.9913

PART 62
OFFSET  3.0623 -4.1221 -7.4097
X -0.3727 -0.9017 -0.2190
Y  0.9271 -0.3516 -0.1300
Z  0.0402 -0.2515  0.9670

PART 63
OFFSET  3.6968 -2.5869 -7.0369
X  0.6501 -0.7270 -0.2211
Y  0.7595  0.6303  0.1607
Z  0.0225 -0.2724  0.9619

PART 64
OFFSET  2.7959 -1.5793 -6.7305
X  0.9486  0.3090  0.0682
Y -0.3159  0.9125  0.2599
Z  0.0181 -0.2681  0.9632

PART 65
OFFSET  1.7671 -1.9145 -6.8044
X -0.5958 -0.7876 -0.1569
Y -0.8030  0.5811  0.1322
Z -0.0130  0.2048 -0.9787

PART 66
OFFSET -4.9173 -4.1856 -7.2572
X -0.9759 -0.2001 -0.0873
Y -0.2047  0.9776  0.0482
Z  0.0757  0.0649 -0.9950

PART 67
OFFSET  2.8898 -4.8742 -5.3734
X -0.9672 -0.2320 -0.1030
Y  0.2477 -0.9512 -0.1839
Z -0.0554 -0.2034  0.9775

PART 68
OFFSET  4.5928 -4.4658 -5.1920
X -0.3583 -0.9191 -0.1637
Y  0.9314 -0.3640  0.0050
Z -0.0642 -0.1507  0.9865

PART 69
OFFSET  5.0245 -3.3575 -4.9331
X  0.5580 -0.8169 -0.1460
Y  0.8268  0.5325  0.1811
Z -0.0702 -0.2218  0.9726

PART 70
OFFSET  4.3942 -2.4349 -4.7682
X -0.9478 -0.2771  0.1576
Y -0.2706  0.9607  0.0620
Z -0.1686  0.0161 -0.9855

PART 71
OFFSET  3.0758 -4.5338 -6.4079
X -0.5280 -0.8325 -0.1678
Y  0.8470 -0.5306 -0.0329
Z -0.0617 -0.1595  0.9853

PART 72
OFFSET  4.1074 -2.9075 -6.0800
X  0.6160 -0.7824 -0.0910
Y  0.7873  0.6077  0.1042
Z -0.0263 -0.1358  0.9904

PART 73
OFFSET  3.2076 -1.7646 -5.9471
X  0.9920  0.1257  0.0118
Y -0.1262  0.9886  0.0821
Z -0.0013 -0.0829  0.9966

PART 74
OFFSET  2.0840 -1.9057 -5.9675
X -0.6799 -0.7225 -0.1252
Y -0.7332  0.6676  0.1294
Z -0.0099  0.1798 -0.9837

PART 75
OFFSET  0.0000 -0.0000 -0.0000
X  1.0000 -0.0000  0.0000
Y  0.0000  1.0000  0.0000
Z  0.0000 -0.0000  1.0000

PART 76
OFFSET  0.0000 -0.0000 -0.0000
X  1.0000 -0.0000  0.0000
Y  0.0000  1.0000  0.0000
Z  0.0000 -0.0000  1.0000

PART 77
OFFSET  1.5404 -0.0000  4.1357
X  1.0000 -0.0000  0.0000
Y  0.0000  1.0000  0.0000
Z  0.0000 -0.0000  1.0000


FRAME 253
PART 0
OFFSET  0.0000 -0.0000 -0.0000
X  1.0000 -0.0000  0.0000
Y  0.0000  1.0000  0.0000
Z  0.0000 -0.0000  1.0000

PART 1
OFFSET -4.6318 -0.0000 -1.3770
X  1.0000 -0.0000  0.0000
Y  0.0000  1.0000  0.0000
Z  0.0000 -0.0000  1.0000

PART 2
OFFSET -2.1429  5.0416 -5.9168
X  0.7197  0.2552 -0.6457
Y  0.1201 -0.9617 -0.2462
Z -0.6838  0.0997 -0.7228

PART 3
OFFSET  6.5613  8.1281 -13.7254
X  0.7730 -0.5179  0.3664
Y -0.5851 -0.3588  0.7273
Z -0.2452 -0.7766 -0.5803

PART 4
OFFSET  13.1362  3.7235 -10.6091
X  0.7730 -0.5179  0.3664
Y -0.1103  0.4591  0.8815
Z -0.6247 -0.7219  0.2978

PART 5
OFFSET  14.7080  4.7191 -10.3061
X  0.7772 -0.5136  0.3636
Y  0.2514  0.7831  0.5688
Z -0.5769 -0.3506  0.7378

PART 6
OFFSET  14.4757  3.0816 -11.5746
X  0.7772 -0.5136  0.3636
Y  0.2514  0.7831  0.5688
Z -0.5769 -0.3506  0.7378

PART 7
OFFSET  13.6010  3.4505 -8.3309
X  0.7772 -0.5136  0.3636
Y  0.2514  0.7831  0.5688
Z -0.5769 -0.3506  0.7378

PART 8
OFFSET  13.4188  1.7521 -9.0182
X  0.7772 -0.5136  0.3636
Y  0.2514  0.7831  0.5688
Z -0.5769 -0.3506  0.7378

PART 9
OFFSET  13.5345  1.8244 -10.2086
X  0.7772 -0.5136  0.3636
Y  0.2514  0.7831  0.5688
Z -0.5769 -0.3506  0.7378

PART 10
OFFSET  15.5061  2.1359 -9.4859
X  0.9223 -0.3485 -0.1672
Y  0.3006  0.3747  0.8771
Z -0.2431 -0.8591  0.4504

PART 11
OFFSET  16.1112  1.9880 -8.5298
X  0.5969 -0.3174  0.7369
Y -0.3600  0.7148  0.5995
Z -0.7170 -0.6231  0.3124

PART 12
OFFSET  17.3235  1.3396 -6.8625
X  0.8453 -0.5044  0.1762
Y -0.0189  0.3013  0.9533
Z -0.5340 -0.8092  0.2452

PART 13
OFFSET  18.6294  0.4167 -6.6075
X  0.6795 -0.3552  0.6420
Y -0.3607  0.6002  0.7139
Z -0.6389 -0.7167  0.2797

PART 14
OFFSET  19.3288  0.0100 -5.8882
X  0.8376  0.3218  0.4414
Y  0.2009  0.5699 -0.7968
Z -0.5080  0.7561  0.4127

PART 15
OFFSET  15.9155  1.2661 -10.4755
X  0.5254 -0.7258 -0.4440
Y -0.2682 -0.6365  0.7231
Z -0.8075 -0.2609 -0.5291

PART 16
OFFSET  17.1808 -0.4047 -11.3074
X  0.5089 -0.8377 -0.1984
Y -0.2099 -0.3442  0.9151
Z -0.8348 -0.4240 -0.3510

PART 17
OFFSET  17.9013 -1.5907 -11.5882
X  0.5578 -0.8027 -0.2111
Y -0.2108 -0.3830  0.8994
Z -0.8028 -0.4572 -0.3828

PART 18
OFFSET  18.3958 -2.3024 -11.7754
X  0.5216 -0.8497 -0.0769
Y -0.2355 -0.2300  0.9443
Z -0.8200 -0.4744 -0.3201

PART 19
OFFSET  18.8913 -3.1096 -11.8484
X -0.1325  0.8629 -0.4877
Y -0.6171  0.3132  0.7219
Z  0.7757  0.3966  0.4909

PART 20
OFFSET  16.3521  1.5584 -9.9923
X  0.7839 -0.4519 -0.4257
Y -0.2749 -0.8674  0.4148
Z -0.5567 -0.2081 -0.8042

PART 21
OFFSET  18.2598  0.0821 -10.9616
X  0.6610 -0.7292 -0.1771
Y -0.3887 -0.5347  0.7503
Z -0.6418 -0.4271 -0.6369

PART 22
OFFSET  19.3852 -1.1593 -11.2631
X  0.7053 -0.6746 -0.2177
Y -0.3412 -0.5923  0.7299
Z -0.6214 -0.4405 -0.6480

PART 23
OFFSET  20.3627 -2.0943 -11.5649
X  0.6215 -0.7797 -0.0756
Y -0.4715 -0.4493  0.7588
Z -0.6256 -0.4360 -0.6469

PART 24
OFFSET  21.0368 -2.9399 -11.6468
X -0.2707  0.8741 -0.4034
Y -0.7152  0.0979  0.6921
Z  0.6444  0.4758  0.5986

PART 25
OFFSET  18.6962  1.1959 -8.3673
X  0.7420 -0.6393 -0.2017
Y  0.5121  0.7347 -0.4449
Z  0.4326  0.2268  0.8726

PART 26
OFFSET  19.4168  1.3797 -9.6432
X  0.8463 -0.4423 -0.2968
Y -0.2221 -0.7995  0.5580
Z -0.4841 -0.4064 -0.7749

PART 27
OFFSET  20.9069  0.6010 -10.1657
X  0.7791 -0.5955 -0.1960
Y -0.4010 -0.7137  0.5743
Z -0.4819 -0.3688 -0.7949

PART 28
OFFSET  21.8833 -0.1006 -10.3557
X  0.8142 -0.5622 -0.1452
Y -0.3853 -0.7102  0.5893
Z -0.4343 -0.4239 -0.7948

PART 29
OFFSET  22.8030 -0.7356 -10.5197
X -0.0394  0.7049 -0.7082
Y -0.8264  0.3755  0.4197
Z  0.5617  0.6018  0.5677

PART 30
OFFSET  18.9487  0.8562 -10.4961
X  0.7640 -0.6007 -0.2355
Y -0.3083 -0.6605  0.6846
Z -0.5668 -0.4505 -0.6898

PART 31
OFFSET  20.4413 -0.3172 -10.9561
X  0.7412 -0.6225 -0.2512
Y -0.3044 -0.6452  0.7007
Z -0.5983 -0.4429 -0.6677

PART 32
OFFSET  21.5239 -1.2265 -11.3230
X  0.6134 -0.7809 -0.1179
Y -0.3650 -0.4126  0.8346
Z -0.7004 -0.4689 -0.5381

PART 33
OFFSET  22.2139 -2.1140 -11.4609
X -0.1925  0.8923 -0.4083
Y -0.7245  0.1514  0.6725
Z  0.6619  0.4252  0.6173

PART 34
OFFSET  17.4741 -0.3202 -9.7255
X -0.6085 -0.2265 -0.7605
Y  0.2431  0.8591 -0.4504
Z  0.7554 -0.4589 -0.4677

PART 35
OFFSET  9.9141 -4.5227 -3.0813
X  0.9869 -0.1124 -0.1153
Y  0.1373  0.9615  0.2380
Z  0.0841 -0.2507  0.9644

PART 36
OFFSET  9.9141 -4.5227 -3.0813
X  0.9869 -0.1124 -0.1153
Y  0.1373  0.9615  0.2380
Z  0.0841 -0.2507  0.9644

PART 37
OFFSET -116.0137  10.0158  10.9231
X -0.0841  0.2507 -0.9644
Y  0.1373  0.9615  0.2380
Z  0.9869 -0.1124 -0.1153

PART 38
OFFSET  9.9631 -4.6325 -2.6663
X  0.9869 -0.1124 -0.1153
Y  0.1373  0.9615  0.2380
Z  0.0841 -0.2507  0.9644

PART 39
OFFSET  14.9166 -4.5378 -5.9285
X  0.9869 -0.1124 -0.1153
Y  0.1373  0.9615  0.2380
Z  0.0841 -0.2507  0.9644

PART 40
OFFSET  2.5850 -2.6458 -1.9170
X  0.7346 -0.2600  0.6267
Y  0.1373  0.9615  0.2380
Z -0.6645 -0.0888  0.7420

PART 41
OFFSET  2.6027 -2.5218 -1.8863
X  0.9869 -0.1124 -0.1153
Y  0.1373  0.9615  0.2380
Z  0.0841 -0.2507  0.9644

PART 42
OFFSET  14.1245 -5.5030 -1.5719
X  0.9869 -0.1124 -0.1153
Y  0.1373  0.9615  0.2380
Z  0.0841 -0.2507  0.9644

PART 43
OFFSET  7.2604 -3.8674 -4.1265
X  0.9869 -0.1124 -0.1153
Y  0.1373  0.9615  0.2380
Z  0.0841 -0.2507  0.9644

PART 44
OFFSET  12.7788 -5.2717 -1.7087
X -0.1109 -0.9936  0.0197
Y  0.9869 -0.1124 -0.1153
Z  0.1168  0.0067  0.9931

PART 45
OFFSET -12.9782 -7.9373 -1.9159
X -0.2584 -0.1476  0.9547
Y -0.1847 -0.9625 -0.1988
Z  0.9482 -0.2277  0.2215

PART 46
OFFSET -9.8527 -6.1527 -13.4618
X -0.7617 -0.2244 -0.6078
Y  0.5608  0.2415 -0.7919
Z  0.3245 -0.9441 -0.0581

PART 47
OFFSET -3.3740 -4.2442 -8.2920
X -0.7617 -0.2244 -0.6078
Y  0.6119  0.0595 -0.7887
Z  0.2131 -0.9727  0.0920

PART 48
OFFSET -3.0647 -3.0194 -6.7657
X -0.7659 -0.2232 -0.6029
Y -0.3303  0.9412  0.0712
Z  0.5516  0.2537 -0.7946

PART 49
OFFSET -3.1135 -3.7374 -5.8077
X -0.7659 -0.2232 -0.6029
Y -0.3303  0.9412  0.0712
Z  0.5516  0.2537 -0.7946

PART 50
OFFSET -2.4869 -4.9136 -5.9949
X -0.7659 -0.2232 -0.6029
Y -0.3303  0.9412  0.0712
Z  0.5516  0.2537 -0.7946

PART 51
OFFSET -1.0389 -3.5563 -6.4286
X -0.9639  0.1849 -0.1917
Y  0.2295  0.2113 -0.9501
Z -0.1352 -0.9598 -0.2461

PART 52
OFFSET -0.7713 -3.4494 -5.3245
X -0.6800 -0.4414 -0.5854
Y  0.5791  0.1664 -0.7981
Z  0.4497 -0.8817  0.1424

PART 53
OFFSET  0.6133 -2.4644 -3.9894
X -0.9732 -0.2289 -0.0203
Y  0.0792 -0.2514 -0.9646
Z  0.2158 -0.9404  0.2629

PART 54
OFFSET  2.1650 -2.0045 -4.0437
X -0.7215 -0.1206  0.6818
Y -0.6007 -0.3806 -0.7030
Z  0.3443 -0.9168  0.2022

PART 55
OFFSET  2.9397 -1.8256 -4.7783
X -0.8776  0.4215  0.2285
Y  0.3349  0.8800 -0.3369
Z -0.3431 -0.2191 -0.9134

PART 56
OFFSET  0.0499 -3.2926 -7.2340
X -0.9271 -0.0102  0.3746
Y -0.0737 -0.9752 -0.2089
Z  0.3674 -0.2213  0.9033

PART 57
OFFSET  2.1955 -3.1823 -7.9184
X -0.5988 -0.7002 -0.3887
Y  0.8009 -0.5217 -0.2939
Z  0.0030 -0.4874  0.8732

PART 58
OFFSET  3.0433 -2.1909 -7.3680
X  0.3110 -0.8264 -0.4694
Y  0.9497  0.2895  0.1195
Z  0.0371 -0.4829  0.8749

PART 59
OFFSET  2.7675 -1.4581 -6.9519
X  0.9945  0.0101 -0.1045
Y  0.0386  0.8904  0.4535
Z  0.0976 -0.4551  0.8851

PART 60
OFFSET  1.8228 -1.4677 -6.8526
X -0.7990 -0.5009 -0.3328
Y -0.5985  0.6082  0.5215
Z -0.0588  0.6158 -0.7857

PART 61
OFFSET  0.0904 -3.6077 -6.5947
X -0.9886  0.1053  0.1078
Y -0.1253 -0.9717 -0.2002
Z  0.0837 -0.2114  0.9738

PART 62
OFFSET  2.6409 -3.8710 -7.0237
X -0.4354 -0.8548 -0.2825
Y  0.8984 -0.3922 -0.1979
Z  0.0584 -0.3399  0.9386

PART 63
OFFSET  3.3822 -2.4158 -6.5428
X  0.5956 -0.7409 -0.3104
Y  0.8023  0.5675  0.1849
Z  0.0392 -0.3592  0.9324

PART 64
OFFSET  2.5567 -1.3890 -6.1126
X  0.9678  0.2454  0.0568
Y -0.2494  0.9022  0.3520
Z  0.0351 -0.3548  0.9343

PART 65
OFFSET  1.5072 -1.6551 -6.1741
X -0.6487 -0.7339 -0.2016
Y -0.7603  0.6129  0.2153
Z -0.0345  0.2930 -0.9555

PART 66
OFFSET -5.3170 -3.4798 -6.5551
X -0.9889 -0.1338 -0.0651
Y -0.1419  0.9796  0.1425
Z  0.0447  0.1501 -0.9877

PART 67
OFFSET  2.4935 -4.7930 -5.0564
X -0.9828 -0.1646 -0.0839
Y  0.1816 -0.9436 -0.2769
Z -0.0336 -0.2874  0.9572

PART 68
OFFSET  4.2239 -4.5032 -4.9086
X -0.4202 -0.8779 -0.2295
Y  0.9066 -0.4170 -0.0647
Z -0.0389 -0.2353  0.9711

PART 69
OFFSET  4.7323 -3.4502 -4.5706
X  0.5008 -0.8316 -0.2399
Y  0.8641  0.4645  0.1938
Z -0.0497 -0.3044  0.9513

PART 70
OFFSET  4.1666 -2.5108 -4.2996
X -0.9571 -0.2342  0.1707
Y -0.2081  0.9654  0.1574
Z -0.2017  0.1151 -0.9727

PART 71
OFFSET  2.6640 -4.3718 -6.0634
X -0.5842 -0.7815 -0.2192
Y  0.8108 -0.5742 -0.1138
Z -0.0369 -0.2442  0.9690

PART 72
OFFSET  3.8053 -2.8452 -5.6353
X  0.5628 -0.8058 -0.1844
Y  0.8266  0.5486  0.1255
Z  0.0000 -0.2231  0.9748

PART 73
OFFSET  2.9833 -1.6682 -5.3659
X  0.9977  0.0657 -0.0173
Y -0.0617  0.9828  0.1740
Z  0.0284 -0.1726  0.9846

PART 74
OFFSET  1.8531 -1.7408 -5.3532
X -0.7274 -0.6671 -0.1609
Y -0.6854  0.6950  0.2173
Z -0.0332  0.2683 -0.9628

PART 75
OFFSET  0.0000 -0.0000 -0.0000
X  1.0000 -0.0000  0.0000
Y  0.0000  1.0000  0.0000
Z  0.0000 -0.0000  1.0000

PART 76
OFFSET  0.0000 -0.0000 -0.0000
X  1.0000 -0.0000  0.0000
Y  0.0000  1.0000  0.0000
Z  0.0000 -0.0000  1.0000

PART 77
OFFSET  1.5404 -0.0000  4.1357
X  1.0000 -0.0000  0.0000
Y  0.0000  1.0000  0.0000
Z  0.0000 -0.0000  1.0000


FRAME 254
PART 0
OFFSET  0.0000 -0.0000 -0.0000
X  1.0000 -0.0000  0.0000
Y  0.0000  1.0000  0.0000
Z  0.0000 -0.0000  1.0000

PART 1
OFFSET -4.6318 -0.0000 -1.3770
X  1.0000 -0.0000  0.0000
Y  0.0000  1.0000  0.0000
Z  0.0000 -0.0000  1.0000

PART 2
OFFSET -2.1447  5.0368 -5.9168
X  0.5959  0.3595 -0.7181
Y  0.1943 -0.9322 -0.3055
Z -0.7792  0.0425 -0.6253

PART 3
OFFSET  5.0615  9.3851 -14.6016
X  0.8432 -0.4582  0.2812
Y -0.4858 -0.4257  0.7634
Z -0.2301 -0.7803 -0.5816

PART 4
OFFSET  12.2334  5.4881 -12.2103
X  0.8432 -0.4582  0.2812
Y -0.1705  0.2681  0.9482
Z -0.5098 -0.8475  0.1479

PART 5
OFFSET  13.7371  6.6078 -12.0127
X  0.8467 -0.4535  0.2782
Y  0.2346  0.7876  0.5697
Z -0.4775 -0.4171  0.7733

PART 6
OFFSET  13.5306  4.9881 -13.3083
X  0.8467 -0.4535  0.2782
Y  0.2346  0.7876  0.5697
Z -0.4775 -0.4171  0.7733

PART 7
