// Export filename: `C:\projects\cod\t5\xanim_export\t5_viewmodels\spas12\spas12_d2p_out.XANIM_EXPORT`
// Source filename: `D:\projects\devanim\t5\animation_assets\viewmodels/spas12/ViewModel_Spas12_animated.fbx`
// Export time: Sat Sep 11 16:00:53 2010

ANIMATION
VERSION 3

NUMPARTS 78
PART 0 "tag_ads"
PART 1 "tag_torso"
PART 2 "J_Shoulder_LE"
PART 3 "J_Elbow_LE"
PART 4 "J_WristTwist_LE"
PART 5 "J_Sleave_Reshape_Bottom_LE_1"
PART 6 "J_Sleave_Reshape_Bottom_LE_2"
PART 7 "J_Sleave_Reshape_Top_LE_1"
PART 8 "J_Sleave_Reshape_Top_LE_2"
PART 9 "J_Sleave_Reshape_Top_LE_3"
PART 10 "J_Wrist_LE"
PART 11 "J_Thumb_LE_0"
PART 12 "J_Thumb_LE_1"
PART 13 "J_Thumb_LE_2"
PART 14 "J_Thumb_LE_3"
PART 15 "J_PinkyPalm_LE"
PART 16 "J_Pinky_LE_0"
PART 17 "J_Pinky_LE_1"
PART 18 "J_Pinky_LE_2"
PART 19 "J_Pinky_LE_3"
PART 20 "J_RingPalm_LE"
PART 21 "J_Ring_LE_0"
PART 22 "J_Ring_LE_1"
PART 23 "J_Ring_LE_2"
PART 24 "J_Ring_LE_3"
PART 25 "J_Webbing_LE"
PART 26 "J_Index_LE_0"
PART 27 "J_Index_LE_1"
PART 28 "J_Index_LE_2"
PART 29 "J_Index_LE_3"
PART 30 "J_Mid_LE_0"
PART 31 "J_Mid_LE_1"
PART 32 "J_Mid_LE_2"
PART 33 "J_Mid_LE_3"
PART 34 "tag_knife_attach"
PART 35 "tag_weapon"
PART 36 "J_Gun"
PART 37 "TAG_CLIP"
PART 38 "J_Bolt"
PART 39 "J_pump"
PART 40 "J_ring"
PART 41 "J_stock"
PART 42 "J_stocktop"
PART 43 "J_Load"
PART 44 "tag_iron_sights"
PART 45 "J_Shoulder_RI"
PART 46 "J_Elbow_RI"
PART 47 "J_WristTwist_RI"
PART 48 "J_Sleave_Reshape_Top_RI_3"
PART 49 "J_Sleave_Reshape_Top_RI_2"
PART 50 "J_Sleave_Reshape_Top_RI_1"
PART 51 "J_Wrist_RI"
PART 52 "J_Thumb_RI_0"
PART 53 "J_Thumb_RI_1"
PART 54 "J_Thumb_RI_2"
PART 55 "J_Thumb_RI_3"
PART 56 "J_PinkyPalm_RI"
PART 57 "J_Pinky_RI_0"
PART 58 "J_Pinky_RI_1"
PART 59 "J_Pinky_RI_2"
PART 60 "J_Pinky_RI_3"
PART 61 "J_RingPalm_RI"
PART 62 "J_Ring_RI_0"
PART 63 "J_Ring_RI_1"
PART 64 "J_Ring_RI_2"
PART 65 "J_Ring_RI_3"
PART 66 "J_Webbing_RI"
PART 67 "J_Index_RI_0"
PART 68 "J_Index_RI_1"
PART 69 "J_Index_RI_2"
PART 70 "J_Index_RI_3"
PART 71 "J_Mid_RI_0"
PART 72 "J_Mid_RI_1"
PART 73 "J_Mid_RI_2"
PART 74 "J_Mid_RI_3"
PART 75 "tag_cambone"
PART 76 "tag_camera"
PART 77 "tag_gasmask"

FRAMERATE 30
NUMFRAMES 11

FRAME 825
PART 0
OFFSET  0.0000 -0.0000 -0.0000
X  1.0000 -0.0000  0.0000
Y  0.0000  1.0000  0.0000
Z  0.0000 -0.0000  1.0000

PART 1
OFFSET -4.6318 -0.0000 -1.3770
X  1.0000 -0.0000  0.0000
Y  0.0000  1.0000  0.0000
Z  0.0000 -0.0000  1.0000

PART 2
OFFSET -2.1458  5.0340 -5.9168
X  0.8598  0.0287 -0.5098
Y -0.0686 -0.9829 -0.1711
Z -0.5060  0.1821 -0.8431

PART 3
OFFSET  8.2529  5.3813 -12.0821
X  0.7172 -0.5883  0.3736
Y -0.6207 -0.2954  0.7263
Z -0.3169 -0.7528 -0.5770

PART 4
OFFSET  14.3526  0.3775 -8.9044
X  0.7172 -0.5883  0.3736
Y  0.1978  0.6859  0.7003
Z -0.6682 -0.4283  0.6083

PART 5
OFFSET  16.0124  1.2173 -8.5989
X  0.7217 -0.5845  0.3708
Y  0.3238  0.7586  0.5654
Z -0.6118 -0.2880  0.7367

PART 6
OFFSET  15.6278 -0.3980 -9.8588
X  0.7217 -0.5845  0.3708
Y  0.3238  0.7586  0.5654
Z -0.6118 -0.2880  0.7367

PART 7
OFFSET  14.7778  0.0753 -6.6221
X  0.7217 -0.5845  0.3708
Y  0.3238  0.7586  0.5654
Z -0.6118 -0.2880  0.7367

PART 8
OFFSET  14.4342 -1.6017 -7.3002
X  0.7217 -0.5845  0.3708
Y  0.3238  0.7586  0.5654
Z -0.6118 -0.2880  0.7367

PART 9
OFFSET  14.5621 -1.5487 -8.4904
X  0.7217 -0.5845  0.3708
Y  0.3238  0.7586  0.5654
Z -0.6118 -0.2880  0.7367

PART 10
OFFSET  16.5512 -1.4260 -7.7590
X  0.9034 -0.2984 -0.3079
Y  0.4287  0.6403  0.6373
Z  0.0070 -0.7077  0.7064

PART 11
OFFSET  17.3742 -1.2329 -6.9925
X  0.9313 -0.2170  0.2925
Y  0.0385  0.8572  0.5135
Z -0.3622 -0.4669  0.8067

PART 12
OFFSET  19.3676 -1.6416 -6.2651
X  0.9195 -0.3520 -0.1748
Y  0.3595  0.5737  0.7359
Z -0.1588 -0.7396  0.6541

PART 13
OFFSET  20.8128 -2.3269 -6.5179
X  0.9852 -0.0907  0.1452
Y -0.0193  0.7841  0.6204
Z -0.1701 -0.6140  0.7708

PART 14
OFFSET  21.8701 -2.4397 -6.3150
X  0.8326  0.4890 -0.2600
Y -0.4339  0.2841 -0.8550
Z -0.3442  0.8247  0.4488

PART 15
OFFSET  16.8580 -2.5072 -8.5592
X  0.4034 -0.8986 -0.1726
Y -0.2965 -0.3068  0.9044
Z -0.8657 -0.3137 -0.3902

PART 16
OFFSET  17.8542 -4.5182 -8.7792
X -0.1189 -0.4875  0.8650
Y -0.5426  0.7614  0.3546
Z -0.8315 -0.4272 -0.3551

PART 17
OFFSET  17.6859 -5.2084 -7.5545
X -0.4810  0.2761  0.8321
Y -0.3027  0.8385 -0.4531
Z -0.8228 -0.4698 -0.3197

PART 18
OFFSET  17.2594 -4.9636 -6.8167
X -0.4362  0.1121  0.8929
Y -0.3309  0.9027 -0.2750
Z -0.8368 -0.4154 -0.3567

PART 19
OFFSET  16.8450 -4.8572 -5.9685
X  0.6624 -0.5923 -0.4587
Y -0.0749  0.5569 -0.8272
Z  0.7454  0.5823  0.3245

PART 20
OFFSET  17.3407 -2.0485 -8.3020
X  0.7281 -0.4849 -0.4845
Y -0.0303 -0.7289  0.6839
Z -0.6848 -0.4833 -0.5454

PART 21
OFFSET  19.0486 -3.8128 -9.1555
X  0.2201 -0.8558  0.4682
Y -0.5507  0.2872  0.7837
Z -0.8052 -0.4304 -0.4081

PART 22
OFFSET  19.4234 -5.2697 -8.3584
X -0.5114  0.1443  0.8471
Y -0.3289  0.8779 -0.3481
Z -0.7939 -0.4567 -0.4015

PART 23
OFFSET  18.7145 -5.0698 -7.1843
X -0.4871  0.0674  0.8707
Y -0.3701  0.8871 -0.2757
Z -0.7910 -0.4566 -0.4072

PART 24
OFFSET  18.1862 -4.9967 -6.2400
X  0.5716 -0.5844 -0.5759
Y  0.0103  0.7070 -0.7072
Z  0.8204  0.3983  0.4101

PART 25
OFFSET  20.0206 -1.7085 -7.3177
X  0.7690 -0.6014 -0.2165
Y  0.2726  0.6150 -0.7400
Z  0.5782  0.5100  0.6369

PART 26
OFFSET  20.3921 -1.8428 -8.7407
X  0.6634 -0.7401 -0.1105
Y -0.5759 -0.5993  0.5561
Z -0.4777 -0.3053 -0.8238

PART 27
OFFSET  21.5601 -3.1458 -8.9352
X  0.6088 -0.7822 -0.1323
Y -0.6317 -0.5788  0.5156
Z -0.4800 -0.2303 -0.8465

PART 28
OFFSET  22.3294 -4.0828 -9.0446
X  0.3796 -0.9090  0.1718
Y -0.8261 -0.2495  0.5053
Z -0.4165 -0.3338 -0.8457

PART 29
OFFSET  22.7582 -5.1096 -8.8505
X  0.5050  0.4273 -0.7500
Y -0.5500  0.8289  0.1019
Z  0.6652  0.3610  0.6536

PART 30
OFFSET  19.8319 -2.6326 -9.2725
X  0.5693 -0.8126  0.1247
Y -0.3977 -0.1395  0.9068
Z -0.7195 -0.5658 -0.4026

PART 31
OFFSET  20.9440 -4.2202 -9.0289
X  0.0669 -0.6480  0.7587
Y -0.6548  0.5452  0.5234
Z -0.7529 -0.5318 -0.3878

PART 32
OFFSET  21.0418 -5.1666 -7.9207
X -0.3480 -0.1665  0.9226
Y -0.5151  0.8562 -0.0398
Z -0.7833 -0.4891 -0.3837

PART 33
OFFSET  20.6425 -5.3593 -6.8785
X  0.6459 -0.3879 -0.6575
Y -0.2281  0.7238 -0.6512
Z  0.7285  0.5706  0.3791

PART 34
OFFSET  18.7801 -3.6587 -7.8607
X -0.7216 -0.4926 -0.4864
Y -0.0070  0.7077 -0.7064
Z  0.6923 -0.5064 -0.5141

PART 35
OFFSET  10.6603 -3.2086 -4.7615
X  0.9879 -0.0703 -0.1385
Y  0.0888  0.9872  0.1322
Z  0.1275 -0.1429  0.9815

PART 36
OFFSET  10.6603 -3.2086 -4.7615
X  0.9879 -0.0703 -0.1385
Y  0.0888  0.9872  0.1322
Z  0.1275 -0.1429  0.9815

PART 37
OFFSET -234.2876  33.7938 -116.4403
X -0.1275  0.1429 -0.9815
Y  0.0888  0.9872  0.1322
Z  0.9879 -0.0703 -0.1385

PART 38
OFFSET  10.7281 -3.2712 -4.3394
X  0.9879 -0.0703 -0.1385
Y  0.0888  0.9872  0.1322
Z  0.1275 -0.1429  0.9815

PART 39
OFFSET  15.5671 -3.2524 -7.7704
X  0.9879 -0.0703 -0.1385
Y  0.0888  0.9872  0.1322
Z  0.1275 -0.1429  0.9815

PART 40
OFFSET  3.2737 -1.6193 -3.5342
X  0.7669 -0.1524  0.6233
Y  0.0888  0.9872  0.1322
Z -0.6355 -0.0460  0.7707

PART 41
OFFSET  3.2851 -1.4920 -3.5172
X  0.9879 -0.0703 -0.1385
Y  0.0888  0.9872  0.1322
Z  0.1275 -0.1429  0.9815

PART 42
OFFSET  14.9639 -3.7950 -3.3116
X  0.9879 -0.0703 -0.1385
Y  0.0888  0.9872  0.1322
Z  0.1275 -0.1429  0.9815

PART 43
OFFSET  7.9430 -2.8117 -5.7726
X  0.9879 -0.0703 -0.1385
Y  0.0888  0.9872  0.1322
Z  0.1275 -0.1429  0.9815

PART 44
OFFSET  13.6036 -3.6525 -3.4230
X -0.0528 -0.9906  0.1264
Y  0.9879 -0.0703 -0.1385
Z  0.1461  0.1175  0.9823

PART 45
OFFSET -12.9782 -7.9373 -1.9159
X -0.2435 -0.1455  0.9589
Y -0.1828 -0.9641 -0.1927
Z  0.9525 -0.2223  0.2082

PART 46
OFFSET -10.0328 -6.1775 -13.5129
X -0.8302 -0.2578 -0.4942
Y  0.4505  0.2118 -0.8673
Z  0.3282 -0.9427 -0.0597

PART 47
OFFSET -2.9714 -3.9850 -9.3092
X -0.8302 -0.2578 -0.4942
Y  0.5049  0.0280 -0.8627
Z  0.2362 -0.9658  0.1069

PART 48
OFFSET -2.4863 -2.6918 -7.8887
X -0.8338 -0.2564 -0.4889
Y -0.3323  0.9403  0.0735
Z  0.4408  0.2238 -0.8692

PART 49
OFFSET -2.4006 -3.3677 -6.9030
X -0.8338 -0.2564 -0.4889
Y -0.3323  0.9403  0.0735
Z  0.4408  0.2238 -0.8692

PART 50
OFFSET -1.7860 -4.5451 -7.1198
X -0.8338 -0.2564 -0.4889
Y -0.3323  0.9403  0.0735
Z  0.4408  0.2238 -0.8692

PART 51
OFFSET -0.4261 -3.1948 -7.7940
X -0.9783  0.1112 -0.1750
Y  0.1882  0.1222 -0.9745
Z -0.0870 -0.9863 -0.1405

PART 52
OFFSET -0.1320 -2.9578 -6.7172
X -0.6708 -0.5368 -0.5117
Y  0.5442  0.1126 -0.8314
Z  0.5039 -0.8362  0.2166

PART 53
OFFSET  1.2332 -1.7642 -5.5419
X -0.9586 -0.2822  0.0386
Y  0.0645 -0.3469 -0.9357
Z  0.2774 -0.8944  0.3508

PART 54
OFFSET  2.7535 -1.2291 -5.6993
X -0.6925 -0.0870  0.7162
Y -0.5987 -0.4845 -0.6378
Z  0.4025 -0.8704  0.2834

PART 55
OFFSET  3.4941 -1.0870 -6.4759
X -0.8931  0.3950  0.2152
Y  0.2733  0.8564 -0.4380
Z -0.3573 -0.3323 -0.8729

PART 56
OFFSET  0.6208 -2.9587 -8.6610
X -0.9133 -0.0209  0.4068
Y -0.0236 -0.9943 -0.1042
Z  0.4067 -0.1047  0.9076

PART 57
OFFSET  2.7349 -2.8050 -9.4301
X -0.5689 -0.7687 -0.2924
Y  0.8204 -0.5056 -0.2671
Z  0.0575 -0.3918  0.9182

PART 58
OFFSET  3.5403 -1.7167 -9.0161
X  0.3438 -0.8532 -0.3923
Y  0.9346  0.3515  0.0546
Z  0.0913 -0.3854  0.9182

PART 59
OFFSET  3.2355 -0.9602 -8.6683
X  0.9886  0.0529 -0.1407
Y  0.0009  0.9340  0.3573
Z  0.1503 -0.3534  0.9233

PART 60
OFFSET  2.2962 -1.0105 -8.5346
X -0.7785 -0.5757 -0.2502
Y -0.6165  0.6264  0.4770
Z -0.1179  0.5256 -0.8425

PART 61
OFFSET  0.6987 -3.2021 -7.9945
X -0.9893  0.0624  0.1319
Y -0.0751 -0.9927 -0.0940
Z  0.1251 -0.1029  0.9868

PART 62
OFFSET  3.2461 -3.3706 -8.4855
X -0.3937 -0.9021 -0.1767
Y  0.9131 -0.3616 -0.1885
Z  0.1062 -0.2355  0.9661

PART 63
OFFSET  3.9163 -1.8347 -8.1847
X  0.6277 -0.7361 -0.2534
Y  0.7735  0.6265  0.0961
Z  0.0880 -0.2563  0.9626

PART 64
OFFSET  3.0465 -0.8146 -7.8335
X  0.9533  0.3021 -0.0038
Y -0.2903  0.9194  0.2655
Z  0.0837 -0.2520  0.9641

PART 65
OFFSET  2.0126 -1.1422 -7.8294
X -0.6111 -0.7851 -0.1011
Y -0.7875  0.5900  0.1780
Z -0.0801  0.1884 -0.9788

PART 66
OFFSET -4.7034 -3.3639 -7.7735
X -0.9810 -0.1932 -0.0152
Y -0.1937  0.9800  0.0454
Z  0.0062  0.0475 -0.9989

PART 67
OFFSET  3.2115 -4.0868 -6.4294
X -0.9738 -0.2255 -0.0310
Y  0.2273 -0.9562 -0.1842
Z  0.0119 -0.1864  0.9824

PART 68
OFFSET  4.9259 -3.6898 -6.3748
X -0.3756 -0.9187 -0.1222
Y  0.9268 -0.3717 -0.0539
Z  0.0041 -0.1335  0.9910

PART 69
OFFSET  5.3827 -2.5811 -6.1661
X  0.5405 -0.8239 -0.1705
Y  0.8414  0.5284  0.1134
Z -0.0034 -0.2048  0.9788

PART 70
OFFSET  4.7723 -1.6505 -5.9735
X -0.9364 -0.2664  0.2284
Y -0.2586  0.9639  0.0641
Z -0.2372  0.0010 -0.9715

PART 71
OFFSET  3.3269 -3.7655 -7.4801
X -0.5445 -0.8307 -0.1160
Y  0.8387 -0.5382 -0.0829
Z  0.0065 -0.1424  0.9898

PART 72
OFFSET  4.3907 -2.1427 -7.2535
X  0.6024 -0.7891 -0.1203
Y  0.7970  0.6027  0.0382
Z  0.0423 -0.1189  0.9920

PART 73
OFFSET  3.5108 -0.9902 -7.0779
X  0.9913  0.1175 -0.0599
Y -0.1130  0.9909  0.0736
Z  0.0680 -0.0661  0.9955

PART 74
OFFSET  2.3875 -1.1221 -7.0170
X -0.6923 -0.7187 -0.0647
Y -0.7174  0.6759  0.1688
Z -0.0776  0.1633 -0.9835

PART 75
OFFSET  0.0000 -0.0000 -0.0000
X  1.0000 -0.0000  0.0000
Y  0.0000  1.0000  0.0000
Z  0.0000 -0.0000  1.0000

PART 76
OFFSET  0.0000 -0.0000 -0.0000
X  0.9986 -0.0000  0.0523
Y  0.0046  0.9962 -0.0870
Z -0.0521  0.0872  0.9948

PART 77
OFFSET  1.3227  0.3605  4.1950
X  0.9986 -0.0000  0.0523
Y  0.0046  0.9962 -0.0870
Z -0.0521  0.0872  0.9948


FRAME 826
PART 0
OFFSET  0.0000 -0.0000 -0.0000
X  1.0000 -0.0000  0.0000
Y  0.0000  1.0000  0.0000
Z  0.0000 -0.0000  1.0000

PART 1
OFFSET -4.6318 -0.0000 -1.3770
X  1.0000 -0.0000  0.0000
Y  0.0000  1.0000  0.0000
Z  0.0000 -0.0000  1.0000

PART 2
OFFSET -2.1458  5.0340 -5.9168
X  0.8580  0.0141 -0.5135
Y -0.0861 -0.9815 -0.1708
Z -0.5064  0.1907 -0.8409

PART 3
OFFSET  8.2304  5.2042 -12.1273
X  0.7198 -0.5952  0.3572
Y -0.6095 -0.2956  0.7356
Z -0.3322 -0.7472 -0.5756

PART 4
OFFSET  14.3529  0.1419 -9.0891
X  0.7198 -0.5952  0.3572
Y  0.2416  0.6973  0.6749
Z -0.6507 -0.3995  0.6457

PART 5
OFFSET  16.0234  0.9690 -8.8086
X  0.7244 -0.5914  0.3544
Y  0.3389  0.7531  0.5639
Z -0.6004 -0.2884  0.7459

PART 6
OFFSET  15.6055 -0.6362 -10.0708
X  0.7244 -0.5914  0.3544
Y  0.3389  0.7531  0.5639
Z -0.6004 -0.2884  0.7459

PART 7
OFFSET  14.8169 -0.1767 -6.8167
X  0.7244 -0.5914  0.3544
Y  0.3389  0.7531  0.5639
Z -0.6004 -0.2884  0.7459

PART 8
OFFSET  14.4501 -1.8473 -7.4982
X  0.7244 -0.5914  0.3544
Y  0.3389  0.7531  0.5639
Z -0.6004 -0.2884  0.7459

PART 9
OFFSET  14.5570 -1.7881 -8.6902
X  0.7244 -0.5914  0.3544
Y  0.3389  0.7531  0.5639
Z -0.6004 -0.2884  0.7459

PART 10
OFFSET  16.5597 -1.6827 -7.9940
X  0.8900 -0.3224 -0.3223
Y  0.4557  0.6470  0.6114
Z  0.0114 -0.6910  0.7228

PART 11
OFFSET  17.4045 -1.4871 -7.2522
X  0.9341 -0.2275  0.2752
Y  0.0666  0.8682  0.4918
Z -0.3508 -0.4410  0.8261

PART 12
OFFSET  19.4073 -1.9160 -6.5634
X  0.9084 -0.3732 -0.1883
Y  0.3877  0.5840  0.7132
Z -0.1562 -0.7209  0.6752

PART 13
OFFSET  20.8333 -2.6340 -6.8344
X  0.9867 -0.1057  0.1237
Y  0.0101  0.7986  0.6017
Z -0.1624 -0.5925  0.7891

PART 14
OFFSET  21.8930 -2.7618 -6.6543
X  0.8347  0.4671 -0.2915
Y -0.4494  0.2721 -0.8509
Z -0.3181  0.8413  0.4371

PART 15
OFFSET  16.8271 -2.7879 -8.7753
X  0.3827 -0.9098 -0.1607
Y -0.2798 -0.2799  0.9184
Z -0.8805 -0.3065 -0.3617

PART 16
OFFSET  17.7809 -4.8218 -8.9710
X -0.1066 -0.4648  0.8790
Y -0.5199  0.7796  0.3492
Z -0.8476 -0.4198 -0.3247

PART 17
OFFSET  17.6301 -5.4799 -7.7266
X -0.4554  0.3044  0.8366
Y -0.2984  0.8332 -0.4656
Z -0.8388 -0.4617 -0.2886

PART 18
OFFSET  17.2263 -5.2099 -6.9848
X -0.4121  0.1411  0.9001
Y -0.3211  0.9021 -0.2884
Z -0.8527 -0.4079 -0.3265

PART 19
OFFSET  16.8348 -5.0759 -6.1297
X  0.6401 -0.6152 -0.4602
Y -0.0849  0.5387 -0.8382
Z  0.7636  0.5756  0.2925

PART 20
OFFSET  17.3242 -2.3324 -8.5408
X  0.7071 -0.5097 -0.4901
Y -0.0269 -0.7120  0.7017
Z -0.7066 -0.4830 -0.5171

PART 21
OFFSET  18.9784 -4.1479 -9.3927
X  0.2159 -0.8485  0.4831
Y -0.5261  0.3157  0.7897
Z -0.8226 -0.4246 -0.3782

PART 22
OFFSET  19.3460 -5.5926 -8.5702
X -0.4879  0.1737  0.8555
Y -0.3213  0.8755 -0.3610
Z -0.8116 -0.4510 -0.3713

PART 23
OFFSET  18.6698 -5.3519 -7.3846
X -0.4644  0.0969  0.8803
Y -0.3606  0.8872 -0.2879
Z -0.8089 -0.4511 -0.3771

PART 24
OFFSET  18.1662 -5.2468 -6.4298
X  0.5467 -0.6084 -0.5754
Y  0.0059  0.6899 -0.7239
Z  0.8373  0.3924  0.3807

PART 25
OFFSET  20.0331 -2.0198 -7.6294
X  0.7525 -0.6206 -0.2205
Y  0.2655  0.5922 -0.7608
Z  0.6027  0.5139  0.6104

PART 26
OFFSET  20.3672 -2.1943 -9.0573
X  0.6469 -0.7548 -0.1086
Y -0.5730 -0.5752  0.5839
Z -0.5032 -0.3155 -0.8045

PART 27
OFFSET  21.5063 -3.5231 -9.2486
X  0.5910 -0.7964 -0.1282
Y -0.6293 -0.5547  0.5443
Z -0.5046 -0.2410 -0.8290

PART 28
OFFSET  22.2555 -4.4767 -9.3541
X  0.3671 -0.9117  0.1843
Y -0.8179 -0.2220  0.5308
Z -0.4430 -0.3456 -0.8272

PART 29
OFFSET  22.6702 -5.5065 -9.1459
X  0.4942  0.4000 -0.7718
Y -0.5322  0.8412  0.0952
Z  0.6874  0.3637  0.6286

PART 30
OFFSET  19.7800 -2.9857 -9.5565
X  0.5573 -0.8200  0.1304
Y -0.3779 -0.1107  0.9192
Z -0.7393 -0.5615 -0.3716

PART 31
OFFSET  20.8687 -4.5876 -9.3018
X  0.0737 -0.6312  0.7721
Y -0.6318  0.5695  0.5258
Z -0.7716 -0.5266 -0.3568

PART 32
OFFSET  20.9763 -5.5096 -8.1740
X -0.3283 -0.1383  0.9344
Y -0.5003  0.8645 -0.0478
Z -0.8012 -0.4832 -0.3531

PART 33
OFFSET  20.5991 -5.6702 -7.1182
X  0.6225 -0.4152 -0.6633
Y -0.2308  0.7125 -0.6626
Z  0.7478  0.5656  0.3477

PART 34
OFFSET  18.7445 -3.9585 -8.0958
X -0.7421 -0.4903 -0.4571
Y -0.0114  0.6910 -0.7228
Z  0.6702 -0.5311 -0.5184

PART 35
OFFSET  10.7124 -3.2839 -4.8143
X  0.9827 -0.0920 -0.1605
Y  0.1099  0.9882  0.1064
Z  0.1488 -0.1222  0.9813

PART 36
OFFSET  10.7124 -3.2839 -4.8143
X  0.9827 -0.0920 -0.1605
Y  0.1099  0.9882  0.1064
Z  0.1488 -0.1222  0.9813

PART 37
OFFSET -236.1785  35.6757 -111.4346
X -0.1488  0.1222 -0.9813
Y  0.1099  0.9882  0.1064
Z  0.9827 -0.0920 -0.1605

PART 38
OFFSET  10.7893 -3.3378 -4.3926
X  0.9827 -0.0920 -0.1605
Y  0.1099  0.9882  0.1064
Z  0.1488 -0.1222  0.9813

PART 39
OFFSET  15.5426 -3.4900 -7.9381
X  0.9827 -0.0920 -0.1605
Y  0.1099  0.9882  0.1064
Z  0.1488 -0.1222  0.9813

PART 40
OFFSET  3.3880 -1.5281 -3.4484
X  0.7790 -0.1521  0.6082
Y  0.1099  0.9882  0.1064
Z -0.6173 -0.0160  0.7866

PART 41
OFFSET  3.4022 -1.4007 -3.4347
X  0.9827 -0.0920 -0.1605
Y  0.1099  0.9882  0.1064
Z  0.1488 -0.1222  0.9813

PART 42
OFFSET  15.0387 -3.9167 -3.4545
X  0.9827 -0.0920 -0.1605
Y  0.1099  0.9882  0.1064
Z  0.1488 -0.1222  0.9813

PART 43
OFFSET  7.9788 -2.8599 -5.7691
X  0.9827 -0.0920 -0.1605
Y  0.1099  0.9882  0.1064
Z  0.1488 -0.1222  0.9813

PART 44
OFFSET  13.6789 -3.7514 -3.5366
X -0.0677 -0.9862  0.1512
Y  0.9827 -0.0920 -0.1605
Z  0.1722  0.1377  0.9754

PART 45
OFFSET -12.9782 -7.9373 -1.9159
X -0.2510 -0.1514  0.9561
Y -0.1770 -0.9639 -0.1991
Z  0.9517 -0.2192  0.2151

PART 46
OFFSET -9.9427 -6.1067 -13.4786
X -0.8210 -0.2570 -0.5098
Y  0.4639  0.2202 -0.8581
Z  0.3328 -0.9410 -0.0616

PART 47
OFFSET -2.9597 -3.9211 -9.1423
X -0.8210 -0.2570 -0.5098
Y  0.5298 -0.0102 -0.8481
Z  0.2127 -0.9664  0.1445

PART 48
OFFSET -2.5030 -2.6373 -7.7040
X -0.8247 -0.2557 -0.5045
Y -0.3371  0.9385  0.0754
Z  0.4542  0.2322 -0.8601

PART 49
OFFSET -2.4310 -3.3206 -6.7223
X -0.8247 -0.2557 -0.5045
Y -0.3371  0.9385  0.0754
Z  0.4542  0.2322 -0.8601

PART 50
OFFSET -1.8084 -4.4939 -6.9382
X -0.8247 -0.2557 -0.5045
Y -0.3371  0.9385  0.0754
Z  0.4542  0.2322 -0.8601

PART 51
OFFSET -0.4428 -3.1333 -7.5793
X -0.9801  0.1254 -0.1541
Y  0.1665  0.0958 -0.9814
Z -0.1083 -0.9875 -0.1148

PART 52
OFFSET -0.1182 -2.8768 -6.5159
X -0.6927 -0.5360 -0.4825
Y  0.5256  0.0829 -0.8467
Z  0.4938 -0.8402  0.2243

PART 53
OFFSET  1.2968 -1.6817 -5.4025
X -0.9623 -0.2632  0.0683
Y  0.0353 -0.3699 -0.9284
Z  0.2696 -0.8910  0.3653

PART 54
OFFSET  2.8222 -1.1791 -5.6091
X -0.6762 -0.0572  0.7344
Y -0.6228 -0.4880 -0.6115
Z  0.3934 -0.8710  0.2944

PART 55
OFFSET  3.5461 -1.0691 -6.4064
X -0.8803  0.4166  0.2271
Y  0.2780  0.8407 -0.4647
Z -0.3845 -0.3459 -0.8559

PART 56
OFFSET  0.5867 -2.9373 -8.4766
X -0.9033  0.0057  0.4290
Y -0.0442 -0.9958 -0.0798
Z  0.4267 -0.0910  0.8998

PART 57
OFFSET  2.6838 -2.8413 -9.2996
X -0.5897 -0.7645 -0.2602
Y  0.8043 -0.5270 -0.2745
Z  0.0728 -0.3712  0.9257

PART 58
OFFSET  3.5188 -1.7589 -8.9312
X  0.3185 -0.8684 -0.3799
Y  0.9419  0.3351  0.0237
Z  0.1067 -0.3654  0.9247

PART 59
OFFSET  3.2363 -0.9889 -8.5943
X  0.9857  0.0311 -0.1656
Y  0.0266  0.9419  0.3348
Z  0.1664 -0.3344  0.9276

PART 60
OFFSET  2.2999 -1.0184 -8.4370
X -0.7947 -0.5667 -0.2176
Y -0.5932  0.6488  0.4766
Z -0.1288  0.5078 -0.8518

PART 61
OFFSET  0.6765 -3.1665 -7.8065
X -0.9845  0.0840  0.1541
Y -0.0954 -0.9931 -0.0684
Z  0.1473 -0.0821  0.9857

PART 62
OFFSET  3.2076 -3.3941 -8.3544
X -0.4142 -0.8985 -0.1456
Y  0.9015 -0.3829 -0.2017
Z  0.1254 -0.2148  0.9686

PART 63
OFFSET  3.9128 -1.8645 -8.1065
X  0.6078 -0.7535 -0.2507
Y  0.7869  0.6139  0.0626
Z  0.1068 -0.2353  0.9660

PART 64
OFFSET  3.0704 -0.8202 -7.7590
X  0.9582  0.2840 -0.0339
Y -0.2670  0.9306  0.2504
Z  0.1027 -0.2309  0.9676

PART 65
OFFSET  2.0312 -1.1282 -7.7222
X -0.6275 -0.7756 -0.0677
Y -0.7721  0.6087  0.1828
Z -0.1006  0.1669 -0.9808

PART 66
OFFSET -4.7207 -3.2218 -7.4521
X -0.9845 -0.1751  0.0129
Y -0.1747  0.9843  0.0266
Z -0.0174  0.0240 -0.9996

PART 67
OFFSET  3.2102 -4.0612 -6.2815
X -0.9782 -0.2079 -0.0022
Y  0.2053 -0.9644 -0.1667
Z  0.0325 -0.1636  0.9860

PART 68
OFFSET  4.9324 -3.6952 -6.2776
X -0.3951 -0.9141 -0.0912
Y  0.9183 -0.3902 -0.0672
Z  0.0259 -0.1103  0.9936

PART 69
OFFSET  5.4143 -2.5907 -6.1064
X  0.5211 -0.8377 -0.1637
Y  0.8533  0.5151  0.0806
Z  0.0168 -0.1817  0.9832

PART 70
OFFSET  4.8257 -1.6445 -5.9215
X -0.9352 -0.2434  0.2571
Y -0.2394  0.9698  0.0473
Z -0.2608 -0.0173 -0.9652

PART 71
OFFSET  3.3058 -3.7668 -7.3420
X -0.5622 -0.8228 -0.0830
Y  0.8265 -0.5556 -0.0902
Z  0.0281 -0.1193  0.9925

PART 72
OFFSET  4.4041 -2.1593 -7.1799
X  0.5849 -0.8028 -0.1158
Y  0.8086  0.5884  0.0047
Z  0.0644 -0.0964  0.9933

PART 73
OFFSET  3.5498 -0.9867 -7.0107
X  0.9915  0.0974 -0.0865
Y -0.0931  0.9943  0.0526
Z  0.0911 -0.0441  0.9949

PART 74
OFFSET  2.4262 -1.0961 -6.9198
X -0.7066 -0.7069 -0.0309
Y -0.7007  0.6929  0.1698
Z -0.0986  0.1416 -0.9850

PART 75
OFFSET  0.0000 -0.0000 -0.0000
X  1.0000 -0.0000  0.0000
Y  0.0000  1.0000  0.0000
Z  0.0000 -0.0000  1.0000

PART 76
OFFSET  0.0000 -0.0000 -0.0000
X  0.9994  0.0000  0.0350
Y  0.0017  0.9988 -0.0499
Z -0.0349  0.0499  0.9981

PART 77
OFFSET  1.3951  0.2065  4.1819
X  0.9994  0.0000  0.0350
Y  0.0017  0.9988 -0.0499
Z -0.0349  0.0499  0.9981


FRAME 827
PART 0
OFFSET  0.0000 -0.0000 -0.0000
X  1.0000 -0.0000  0.0000
Y  0.0000  1.0000  0.0000
Z  0.0000 -0.0000  1.0000

PART 1
OFFSET -4.6318 -0.0000 -1.3770
X  1.0000 -0.0000  0.0000
Y  0.0000  1.0000  0.0000
Z  0.0000 -0.0000  1.0000

PART 2
OFFSET -2.1458  5.0340 -5.9168
X  0.8669  0.0057 -0.4984
Y -0.0887 -0.9822 -0.1654
Z -0.4905  0.1876 -0.8510

PART 3
OFFSET  8.3385  5.1030 -11.9449
X  0.7187 -0.5926  0.3637
Y -0.6140 -0.2954  0.7320
Z -0.3263 -0.7494 -0.5761

PART 4
OFFSET  14.4514  0.0628 -8.8512
X  0.7187 -0.5926  0.3637
Y  0.2687  0.7192  0.6408
Z -0.6413 -0.3628  0.6761

PART 5
OFFSET  16.1180  0.8947 -8.5608
X  0.7233 -0.5887  0.3609
Y  0.3331  0.7552  0.5645
Z -0.6050 -0.2881  0.7423

PART 6
OFFSET  15.7129 -0.7146 -9.8221
X  0.7233 -0.5887  0.3609
Y  0.3331  0.7552  0.5645
Z -0.6050 -0.2881  0.7423

PART 7
OFFSET  14.9001 -0.2492 -6.5748
X  0.7233 -0.5887  0.3609
Y  0.3331  0.7552  0.5645
Z -0.6050 -0.2881  0.7423

PART 8
OFFSET  14.5422 -1.9223 -7.2549
X  0.7233 -0.5887  0.3609
Y  0.3331  0.7552  0.5645
Z -0.6050 -0.2881  0.7423

PART 9
OFFSET  14.6574 -1.8657 -8.4462
X  0.7233 -0.5887  0.3609
Y  0.3331  0.7552  0.5645
Z -0.6050 -0.2881  0.7423

PART 10
OFFSET  16.6548 -1.7538 -7.7361
X  0.9002 -0.3341 -0.2793
Y  0.4353  0.6751  0.5956
Z -0.0104 -0.6578  0.7531

PART 11
OFFSET  17.4756 -1.5227 -6.9777
X  0.9253 -0.2123  0.3143
Y  0.0498  0.8896  0.4540
Z -0.3760 -0.4044  0.8337

PART 12
OFFSET  19.4563 -1.9145 -6.2077
X  0.9144 -0.3787 -0.1427
Y  0.3643  0.6165  0.6980
Z -0.1764 -0.6903  0.7017

PART 13
OFFSET  20.8910 -2.6400 -6.4012
X  0.9824 -0.0973  0.1592
Y -0.0099  0.8249  0.5652
Z -0.1863 -0.5569  0.8094

PART 14
OFFSET  21.9447 -2.7566 -6.1823
X  0.8429  0.4559 -0.2859
Y -0.4228  0.2323 -0.8759
Z -0.3329  0.8592  0.3885

PART 15
OFFSET  16.9483 -2.8923 -8.4580
X  0.3888 -0.9150 -0.1075
Y -0.3082 -0.2391  0.9208
Z -0.8682 -0.3249 -0.3750

PART 16
OFFSET  17.9106 -4.9302 -8.5319
X -0.1335 -0.4251  0.8952
Y -0.5317  0.7930  0.2973
Z -0.8363 -0.4363 -0.3320

PART 17
OFFSET  17.7215 -5.5321 -7.2645
X -0.4820  0.3405  0.8073
Y -0.2847  0.8106 -0.5118
Z -0.8286 -0.4765 -0.2937

PART 18
OFFSET  17.2942 -5.2302 -6.5487
X -0.4405  0.1803  0.8795
Y -0.3131  0.8873 -0.3387
Z -0.8414 -0.4245 -0.3344

PART 19
OFFSET  16.8757 -5.0590 -5.7132
X  0.6551 -0.6335 -0.4117
Y -0.0592  0.5002 -0.8639
Z  0.7532  0.5903  0.2902

PART 20
OFFSET  17.4370 -2.4253 -8.2288
X  0.7229 -0.5292 -0.4442
Y -0.0480 -0.6798  0.7318
Z -0.6893 -0.5077 -0.5168

PART 21
OFFSET  19.1198 -4.2726 -8.9457
X  0.2017 -0.8253  0.5274
Y -0.5511  0.3494  0.7577
Z -0.8097 -0.4435 -0.3844

PART 22
OFFSET  19.4633 -5.6778 -8.0478
X -0.5148  0.2106  0.8310
Y -0.3110  0.8575 -0.4099
Z -0.7989 -0.4695 -0.3760

PART 23
OFFSET  18.7498 -5.3860 -6.8961
X -0.4920  0.1351  0.8600
Y -0.3525  0.8724 -0.3387
Z -0.7960 -0.4699 -0.3816

PART 24
OFFSET  18.2162 -5.2395 -5.9634
X  0.5654 -0.6321 -0.5299
Y  0.0277  0.6567 -0.7537
Z  0.8244  0.4114  0.3888

PART 25
OFFSET  20.1155 -2.0644 -7.2478
X  0.7599 -0.6278 -0.1686
Y  0.2886  0.5582 -0.7779
Z  0.5825  0.5425  0.6053

PART 26
OFFSET  20.4947 -2.3020 -8.6552
X  0.6511 -0.7571 -0.0542
Y -0.5903 -0.5499  0.5909
Z -0.4771 -0.3527 -0.8049

PART 27
OFFSET  21.6410 -3.6349 -8.7506
X  0.5959 -0.7997 -0.0736
Y -0.6454 -0.5314  0.5487
Z -0.4779 -0.2795 -0.8328

PART 28
OFFSET  22.3945 -4.5901 -8.7894
X  0.3624 -0.9015  0.2366
Y -0.8339 -0.2003  0.5143
Z -0.4163 -0.3837 -0.8243

PART 29
OFFSET  22.8038 -5.6084 -8.5222
X  0.5177  0.3663 -0.7732
Y -0.5361  0.8432  0.0405
Z  0.6667  0.3935  0.6329

PART 30
OFFSET  19.9245 -3.1167 -9.1364
X  0.5540 -0.8118  0.1846
Y -0.4065 -0.0703  0.9109
Z -0.7265 -0.5797 -0.3690

PART 31
OFFSET  21.0069 -4.7025 -8.7758
X  0.0502 -0.5956  0.8017
Y -0.6488  0.5908  0.4796
Z -0.7593 -0.5442 -0.3568

PART 32
OFFSET  21.0802 -5.5725 -7.6048
X -0.3574 -0.0971  0.9289
Y -0.4997  0.8601 -0.1024
Z -0.7890 -0.5008 -0.3559

PART 33
OFFSET  20.6701 -5.6866 -6.5552
X  0.6437 -0.4429 -0.6241
Y -0.2108  0.6814 -0.7009
Z  0.7357  0.5827  0.3452

PART 34
OFFSET  18.8449 -4.0258 -7.6667
X -0.7266 -0.5124 -0.4576
Y  0.0104  0.6578 -0.7531
Z  0.6869 -0.5520 -0.4726

PART 35
OFFSET  10.7125 -3.2269 -4.6728
X  0.9874 -0.0964 -0.1252
Y  0.1052  0.9923  0.0652
Z  0.1180 -0.0775  0.9900

PART 36
OFFSET  10.7125 -3.2269 -4.6728
X  0.9874 -0.0964 -0.1252
Y  0.1052  0.9923  0.0652
Z  0.1180 -0.0775  0.9900

PART 37
OFFSET -232.7506  30.2079 -120.6410
X -0.1180  0.0775 -0.9900
Y  0.1052  0.9923  0.0652
Z  0.9874 -0.0964 -0.1252

PART 38
OFFSET  10.7762 -3.2616 -4.2468
X  0.9874 -0.0964 -0.1252
Y  0.1052  0.9923  0.0652
Z  0.1180 -0.0775  0.9900

PART 39
OFFSET  15.6391 -3.5597 -7.6309
X  0.9874 -0.0964 -0.1252
Y  0.1052  0.9923  0.0652
Z  0.1180 -0.0775  0.9900

PART 40
OFFSET  3.3463 -1.4320 -3.6180
X  0.7597 -0.1225  0.6386
Y  0.1052  0.9923  0.0652
Z -0.6417  0.0176  0.7667

PART 41
OFFSET  3.3599 -1.3040 -3.6096
X  0.9874 -0.0964 -0.1252
Y  0.1052  0.9923  0.0652
Z  0.1180 -0.0775  0.9900

PART 42
OFFSET  14.9947 -3.7858 -3.1506
X  0.9874 -0.0964 -0.1252
Y  0.1052  0.9923  0.0652
Z  0.1180 -0.0775  0.9900

PART 43
OFFSET  8.0098 -2.8539 -5.7310
X  0.9874 -0.0964 -0.1252
Y  0.1052  0.9923  0.0652
Z  0.1180 -0.0775  0.9900

PART 44
OFFSET  13.6380 -3.6282 -3.2827
X -0.0710 -0.9786  0.1933
Y  0.9874 -0.0964 -0.1252
Z  0.1412  0.1819  0.9731

PART 45
OFFSET -12.9782 -7.9373 -1.9159
X -0.2486 -0.1445  0.9578
Y -0.1858 -0.9633 -0.1936
Z  0.9506 -0.2261  0.2127

PART 46
OFFSET -9.9712 -6.1892 -13.4988
X -0.8315 -0.2556 -0.4933
Y  0.4508  0.2085 -0.8679
Z  0.3247 -0.9440 -0.0582

PART 47
OFFSET -2.8992 -4.0155 -9.3031
X -0.8315 -0.2556 -0.4933
Y  0.5188 -0.0394 -0.8540
Z  0.1988 -0.9660  0.1653

PART 48
OFFSET -2.4085 -2.7216 -7.8852
X -0.8350 -0.2542 -0.4879
Y -0.3288  0.9417  0.0720
Z  0.4412  0.2206 -0.8699

PART 49
OFFSET -2.3248 -3.3961 -6.8983
X -0.8350 -0.2542 -0.4879
Y -0.3288  0.9417  0.0720
Z  0.4412  0.2206 -0.8699

PART 50
OFFSET -1.7147 -4.5761 -7.1134
X -0.8350 -0.2542 -0.4879
Y -0.3288  0.9417  0.0720
Z  0.4412  0.2206 -0.8699

PART 51
OFFSET -0.3502 -3.2321 -7.7908
X -0.9749  0.1156 -0.1903
Y  0.1972  0.0521 -0.9790
Z -0.1033 -0.9919 -0.0736

PART 52
OFFSET -0.0596 -2.9270 -6.7303
X -0.6765 -0.5591 -0.4794
Y  0.5519  0.0462 -0.8326
Z  0.4876 -0.8278  0.2773

PART 53
OFFSET  1.3179 -1.6792 -5.6280
X -0.9636 -0.2626  0.0498
Y  0.0650 -0.4112 -0.9092
Z  0.2592 -0.8729  0.4133

PART 54
OFFSET  2.8484 -1.1821 -5.8090
X -0.6990 -0.0261  0.7147
Y -0.6026 -0.5168 -0.6082
Z  0.3852 -0.8557  0.3455

PART 55
OFFSET  3.5969 -1.1060 -6.5873
X -0.8876  0.4240  0.1803
Y  0.2914  0.8197 -0.4931
Z -0.3569 -0.3851 -0.8511

PART 56
OFFSET  0.7068 -3.0737 -8.6632
X -0.9164  0.0225  0.3997
Y -0.0403 -0.9985 -0.0362
Z  0.3983 -0.0493  0.9159

PART 57
OFFSET  2.8287 -3.0089 -9.4234
X -0.5802 -0.7771 -0.2439
Y  0.8133 -0.5365 -0.2251
Z  0.0441 -0.3290  0.9433

PART 58
OFFSET  3.6501 -1.9087 -9.0780
X  0.3315 -0.8837 -0.3303
Y  0.9402  0.3384  0.0382
Z  0.0780 -0.3232  0.9431

PART 59
OFFSET  3.3561 -1.1251 -8.7852
X  0.9904  0.0263 -0.1358
Y  0.0147  0.9561  0.2927
Z  0.1376 -0.2919  0.9465

PART 60
OFFSET  2.4152 -1.1501 -8.6562
X -0.7866 -0.5781 -0.2167
Y -0.6088  0.6679  0.4280
Z -0.1027  0.4686 -0.8774

PART 61
OFFSET  0.7757 -3.2722 -7.9810
X -0.9890  0.0880  0.1192
Y -0.0918 -0.9954 -0.0266
Z  0.1163 -0.0373  0.9925

PART 62
OFFSET  3.3232 -3.5172 -8.4383
X -0.4082 -0.9053 -0.1179
Y  0.9079 -0.3891 -0.1558
Z  0.0952 -0.1707  0.9807

PART 63
OFFSET  4.0181 -1.9759 -8.2375
X  0.6165 -0.7623 -0.1974
Y  0.7837  0.6183  0.0596
Z  0.0766 -0.1914  0.9785

PART 64
OFFSET  3.1638 -0.9195 -7.9640
X  0.9584  0.2849 -0.0165
Y -0.2760  0.9402  0.1997
Z  0.0724 -0.1869  0.9797

PART 65
OFFSET  2.1243 -1.2285 -7.9460
X -0.6240 -0.7797 -0.0524
Y -0.7783  0.6141  0.1308
Z -0.0698  0.1224 -0.9900

PART 66
OFFSET -4.6298 -3.3267 -7.7942
X -0.9841 -0.1771 -0.0101
Y -0.1769  0.9840 -0.0232
Z  0.0141 -0.0210 -0.9997

PART 67
OFFSET  3.2614 -4.0904 -6.3384
X -0.9773 -0.2105 -0.0236
Y  0.2118 -0.9703 -0.1166
Z  0.0017 -0.1190  0.9929

PART 68
OFFSET  4.9821 -3.7198 -6.2969
X -0.3907 -0.9184 -0.0623
Y  0.9205 -0.3902 -0.0207
Z -0.0053 -0.0654  0.9978

PART 69
OFFSET  5.4568 -2.6073 -6.1605
X  0.5271 -0.8427 -0.1094
Y  0.8497  0.5206  0.0841
Z -0.0139 -0.1373  0.9904

PART 70
OFFSET  4.8614 -1.6555 -6.0370
X -0.9425 -0.2342  0.2383
Y -0.2421  0.9702 -0.0040
Z -0.2303 -0.0614 -0.9712

PART 71
OFFSET  3.3899 -3.8437 -7.4076
X -0.5582 -0.8273 -0.0635
Y  0.8297 -0.5568 -0.0390
Z -0.0031 -0.0745  0.9972

PART 72
OFFSET  4.4804 -2.2275 -7.2835
X  0.5894 -0.8056 -0.0611
Y  0.8072  0.5903  0.0036
Z  0.0332 -0.0515  0.9981

PART 73
OFFSET  3.6195 -1.0509 -7.1943
X  0.9936  0.0962 -0.0596
Y -0.0961  0.9954  0.0048
Z  0.0598  0.0010  0.9982

PART 74
OFFSET  2.4937 -1.1592 -7.1339
X -0.7043 -0.7096 -0.0212
Y -0.7067  0.6979  0.1163
Z -0.0678  0.0969 -0.9930

PART 75
OFFSET  0.0000 -0.0000 -0.0000
X  1.0000 -0.0000  0.0000
Y  0.0000  1.0000  0.0000
Z  0.0000 -0.0000  1.0000

PART 76
OFFSET  0.0000 -0.0000 -0.0000
X  1.0000 -0.0000  0.0061
Y -0.0001  0.9999  0.0113
Z -0.0061 -0.0113  0.9999

PART 77
OFFSET  1.5152 -0.0469  4.1448
X  1.0000 -0.0000  0.0061
Y -0.0001  0.9999  0.0113
Z -0.0061 -0.0113  0.9999


FRAME 828
PART 0
OFFSET  0.0000 -0.0000 -0.0000
X  1.0000 -0.0000  0.0000
Y  0.0000  1.0000  0.0000
Z  0.0000 -0.0000  1.0000

PART 1
OFFSET -4.6318 -0.0000 -1.3770
X  1.0000 -0.0000  0.0000
Y  0.0000  1.0000  0.0000
Z  0.0000 -0.0000  1.0000

PART 2
OFFSET -2.1458  5.0340 -5.9168
X  0.8816  0.0009 -0.4721
Y -0.0833 -0.9840 -0.1575
Z -0.4647  0.1782 -0.8674

PART 3
OFFSET  8.5157  5.0453 -11.6260
X  0.7158 -0.5844  0.3822
Y -0.6264 -0.2956  0.7213
Z -0.3085 -0.7557 -0.5777

PART 4
OFFSET  14.6040  0.0747 -8.3752
X  0.7158 -0.5844  0.3822
Y  0.2816  0.7424  0.6079
Z -0.6390 -0.3275  0.6960

PART 5
OFFSET  16.2576  0.9218 -8.0565
X  0.7204 -0.5806  0.3795
Y  0.3155  0.7615  0.5662
Z -0.6177 -0.2881  0.7317

PART 6
OFFSET  15.8911 -0.6988 -9.3151
X  0.7204 -0.5806  0.3795
Y  0.3155  0.7615  0.5662
Z -0.6177 -0.2881  0.7317

PART 7
OFFSET  15.0086 -0.2191 -6.0881
X  0.7204 -0.5806  0.3795
Y  0.3155  0.7615  0.5662
Z -0.6177 -0.2881  0.7317

PART 8
OFFSET  14.6779 -1.8993 -6.7643
X  0.7204 -0.5806  0.3795
Y  0.3155  0.7615  0.5662
Z -0.6177 -0.2881  0.7317

PART 9
OFFSET  14.8169 -1.8495 -7.9534
X  0.7204 -0.5806  0.3795
Y  0.3155  0.7615  0.5662
Z -0.6177 -0.2881  0.7317

PART 10
OFFSET  16.7985 -1.7169 -7.2035
X  0.9189 -0.3361 -0.2068
Y  0.3915  0.7115  0.5835
Z -0.0490 -0.6171  0.7853

PART 11
OFFSET  17.5695 -1.4349 -6.4109
X  0.9068 -0.1827  0.3800
Y  0.0130  0.9129  0.4079
Z -0.4214 -0.3649  0.8302

PART 12
OFFSET  19.5041 -1.7584 -5.5041
X  0.9253 -0.3732 -0.0674
Y  0.3150  0.6575  0.6845
Z -0.2112 -0.6546  0.7259

PART 13
OFFSET  20.9555 -2.4734 -5.5724
X  0.9720 -0.0753  0.2226
Y -0.0527  0.8534  0.5186
Z -0.2290 -0.5158  0.8255

PART 14
OFFSET  21.9952 -2.5639 -5.2850
X  0.8538  0.4516 -0.2591
Y -0.3715  0.1799 -0.9108
Z -0.3647  0.8739  0.3214

PART 15
OFFSET  17.1469 -2.8878 -7.8446
X  0.4042 -0.9140 -0.0349
Y -0.3607 -0.1943  0.9122
Z -0.8406 -0.3561 -0.4082

PART 16
OFFSET  18.1332 -4.9135 -7.7516
X -0.1829 -0.3790  0.9071
Y -0.5570  0.8003  0.2221
Z -0.8102 -0.4646 -0.3575

PART 17
OFFSET  17.8742 -5.4501 -6.4673
X -0.5333  0.3760  0.7577
Y -0.2618  0.7784 -0.5706
Z -0.8044 -0.5027 -0.3167

PART 18
OFFSET  17.4013 -5.1167 -5.7955
X -0.4946  0.2205  0.8407
Y -0.3013  0.8638 -0.4038
Z -0.8152 -0.4531 -0.3608

PART 19
OFFSET  16.9314 -4.9072 -4.9968
X  0.6854 -0.6454 -0.3373
Y -0.0122  0.4530 -0.8914
Z  0.7281  0.6151  0.3026

PART 20
OFFSET  17.6160 -2.4027 -7.6119
X  0.7539 -0.5420 -0.3713
Y -0.0849 -0.6408  0.7630
Z -0.6515 -0.5437 -0.5291

PART 21
OFFSET  19.3582 -4.2622 -8.1270
X  0.1782 -0.7935  0.5819
Y -0.5995  0.3814  0.7037
Z -0.7803 -0.4742 -0.4077

PART 22
OFFSET  19.6616 -5.6131 -7.1363
X -0.5662  0.2471  0.7863
Y -0.2946  0.8303 -0.4731
Z -0.7698 -0.4996 -0.3973

PART 23
OFFSET  18.8768 -5.2706 -6.0465
X -0.5444  0.1736  0.8206
Y -0.3406  0.8483 -0.4054
Z -0.7665 -0.5002 -0.4028

PART 24
OFFSET  18.2863 -5.0824 -5.1565
X  0.6029 -0.6514 -0.4606
Y  0.0663  0.6162 -0.7848
Z  0.7951  0.4426  0.4147

PART 25
OFFSET  20.2264 -1.9540 -6.4934
X  0.7752 -0.6254 -0.0890
Y  0.3291  0.5202 -0.7881
Z  0.5392  0.5816  0.6091

PART 26
OFFSET  20.6924 -2.2604 -7.8609
X  0.6611 -0.7499  0.0254
Y -0.6191 -0.5260  0.5832
Z -0.4240 -0.4013 -0.8119

PART 27
OFFSET  21.8562 -3.5807 -7.8161
X  0.6076 -0.7942  0.0051
Y -0.6717 -0.5104  0.5369
Z -0.4238 -0.3296 -0.8437

PART 28
OFFSET  22.6206 -4.5263 -7.7587
X  0.3569 -0.8827  0.3058
Y -0.8613 -0.1842  0.4736
Z -0.3617 -0.4324 -0.8260

PART 29
OFFSET  23.0237 -5.5233 -7.4133
X  0.5596  0.3320 -0.7594
Y -0.5464  0.8367 -0.0368
Z  0.6232  0.4355  0.6496

PART 30
OFFSET  20.1608 -3.1071 -8.3311
X  0.5503 -0.7932  0.2606
Y -0.4600 -0.0276  0.8875
Z -0.6968 -0.6083 -0.3801

PART 31
OFFSET  21.2360 -4.6567 -7.8220
X  0.0079 -0.5517  0.8340
Y -0.6827  0.6064  0.4076
Z -0.7306 -0.5726 -0.3718

PART 32
OFFSET  21.2476 -5.4625 -6.6038
X -0.4118 -0.0527  0.9097
Y -0.5016  0.8466 -0.1780
Z -0.7608 -0.5296 -0.3751

PART 33
OFFSET  20.7761 -5.5266 -5.5760
X  0.6848 -0.4664 -0.5599
Y -0.1752  0.6404 -0.7478
Z  0.7074  0.6102  0.3568

PART 34
OFFSET  19.0040 -3.9519 -6.8818
X -0.6923 -0.5458 -0.4721
Y  0.0490  0.6171 -0.7853
Z  0.7199 -0.5668 -0.4005

PART 35
OFFSET  10.6978 -3.1070 -4.4260
X  0.9941 -0.0894 -0.0607
Y  0.0906  0.9957  0.0181
Z  0.0588 -0.0235  0.9980

PART 36
OFFSET  10.6978 -3.1070 -4.4260
X  0.9941 -0.0894 -0.0607
Y  0.0906  0.9957  0.0181
Z  0.0588 -0.0235  0.9980

PART 37
OFFSET -225.6572  20.8253 -136.3516
X -0.0588  0.0235 -0.9980
Y  0.0906  0.9957  0.0181
Z  0.9941 -0.0894 -0.0607

PART 38
OFFSET  10.7360 -3.1183 -3.9958
X  0.9941 -0.0894 -0.0607
Y  0.0906  0.9957  0.0181
Z  0.0588 -0.0235  0.9980

PART 39
OFFSET  15.7971 -3.5284 -7.0625
X  0.9941 -0.0894 -0.0607
Y  0.0906  0.9957  0.0181
Z  0.0588 -0.0235  0.9980

PART 40
OFFSET  3.2630 -1.3597 -3.9107
X  0.7210 -0.0782  0.6885
Y  0.0906  0.9957  0.0181
Z -0.6870  0.0494  0.7250

PART 41
OFFSET  3.2747 -1.2312 -3.9084
X  0.9941 -0.0894 -0.0607
Y  0.0906  0.9957  0.0181
Z  0.0588 -0.0235  0.9980

PART 42
OFFSET  14.8859 -3.5261 -2.6231
X  0.9941 -0.0894 -0.0607
Y  0.0906  0.9957  0.0181
Z  0.0588 -0.0235  0.9980

PART 43
OFFSET  8.0601 -2.8274 -5.6623
X  0.9941 -0.0894 -0.0607
Y  0.0906  0.9957  0.0181
Z  0.0588 -0.0235  0.9980

PART 44
OFFSET  13.5380 -3.3943 -2.8443
X -0.0723 -0.9679  0.2408
Y  0.9941 -0.0894 -0.0607
Z  0.0803  0.2350  0.9687

PART 45
OFFSET -12.9782 -7.9373 -1.9159
X -0.2461 -0.1320  0.9602
Y -0.2027 -0.9618 -0.1842
Z  0.9478 -0.2399  0.2099

PART 46
OFFSET -10.0023 -6.3403 -13.5286
X -0.8510 -0.2517 -0.4610
Y  0.4249  0.1862 -0.8859
Z  0.3088 -0.9497 -0.0515

PART 47
OFFSET -2.7645 -4.1996 -9.6077
X -0.8510 -0.2517 -0.4610
Y  0.4904 -0.0665 -0.8690
Z  0.1881 -0.9655  0.1800

PART 48
OFFSET -2.2084 -2.8881 -8.2306
X -0.8543 -0.2502 -0.4556
Y -0.3125  0.9477  0.0655
Z  0.4153  0.1983 -0.8878

PART 49
OFFSET -2.1019 -3.5460 -7.2348
X -0.8543 -0.2502 -0.4556
Y -0.3125  0.9477  0.0655
Z  0.4153  0.1983 -0.8878

PART 50
OFFSET -1.5166 -4.7388 -7.4482
X -0.8543 -0.2502 -0.4556
Y -0.3125  0.9477  0.0655
Z  0.4153  0.1983 -0.8878

PART 51
OFFSET -0.1557 -3.4280 -8.1944
X -0.9628  0.0921 -0.2541
Y  0.2554  0.0030 -0.9668
Z -0.0883 -0.9957 -0.0264

PART 52
OFFSET  0.0671 -3.0634 -7.1363
X -0.6404 -0.5928 -0.4884
Y  0.6007  0.0097 -0.7994
Z  0.4786 -0.8053  0.3499

PART 53
OFFSET  1.3625 -1.7403 -6.0222
X -0.9621 -0.2727  0.0062
Y  0.1241 -0.4577 -0.8804
Z  0.2429 -0.8462  0.4742

PART 54
OFFSET  2.8958 -1.2326 -6.1378
X -0.7405  0.0022  0.6720
Y -0.5593 -0.5564 -0.6145
Z  0.3725 -0.8309  0.4132

PART 55
OFFSET  3.6891 -1.1875 -6.8730
X -0.9012  0.4207  0.1040
Y  0.3120  0.7964 -0.5181
Z -0.3008 -0.4344 -0.8490

PART 56
OFFSET  0.9503 -3.3015 -9.0094
X -0.9390  0.0310  0.3425
Y -0.0276 -0.9995  0.0150
Z  0.3428  0.0046  0.9394

PART 57
OFFSET  3.1134 -3.2480 -9.6439
X -0.5562 -0.7968 -0.2362
Y  0.8310 -0.5365 -0.1471
Z -0.0095 -0.2781  0.9605

PART 58
OFFSET  3.9009 -2.1199 -9.3095
X  0.3601 -0.8954 -0.2621
Y  0.9326  0.3528  0.0761
Z  0.0243 -0.2718  0.9620

PART 59
OFFSET  3.5816 -1.3261 -9.0772
X  0.9964  0.0326 -0.0776
Y -0.0130  0.9703  0.2414
Z  0.0832 -0.2396  0.9673

PART 60
OFFSET  2.6349 -1.3571 -9.0034
X -0.7660 -0.5995 -0.2321
Y -0.6405  0.6813  0.3545
Z -0.0544  0.4202 -0.9058

PART 61
OFFSET  0.9800 -3.4627 -8.3146
X -0.9952  0.0807  0.0550
Y -0.0796 -0.9966  0.0213
Z  0.0565  0.0168  0.9983

PART 62
OFFSET  3.5528 -3.6967 -8.6052
X -0.3908 -0.9157 -0.0934
Y  0.9197 -0.3844 -0.0802
Z  0.0376 -0.1173  0.9924

PART 63
OFFSET  4.2182 -2.1377 -8.4461
X  0.6352 -0.7631 -0.1191
Y  0.7721  0.6313  0.0730
Z  0.0194 -0.1383  0.9902

PART 64
OFFSET  3.3379 -1.0800 -8.2811
X  0.9546  0.2967  0.0255
Y -0.2974  0.9456  0.1322
Z  0.0151 -0.1338  0.9909

PART 65
OFFSET  2.3025 -1.4018 -8.3088
X -0.6115 -0.7898 -0.0477
Y -0.7911  0.6095  0.0510
Z -0.0112  0.0689 -0.9976

PART 66
OFFSET -4.4261 -3.5810 -8.4483
X -0.9798 -0.1908 -0.0594
Y -0.1854  0.9789 -0.0864
Z  0.0746 -0.0736 -0.9945

PART 67
OFFSET  3.3704 -4.1590 -6.4851
X -0.9719 -0.2248 -0.0706
Y  0.2286 -0.9722 -0.0516
Z -0.0570 -0.0663  0.9962

PART 68
OFFSET  5.0815 -3.7632 -6.3608
X -0.3766 -0.9256 -0.0362
Y  0.9241 -0.3782  0.0552
Z -0.0648 -0.0127  0.9978

PART 69
OFFSET  5.5354 -2.6387 -6.2561
X  0.5416 -0.8400 -0.0324
Y  0.8376  0.5358  0.1067
Z -0.0722 -0.0849  0.9938

PART 70
OFFSET  4.9237 -1.6899 -6.2195
X -0.9527 -0.2341  0.1938
Y -0.2516  0.9653 -0.0704
Z -0.1706 -0.1158 -0.9785

PART 71
OFFSET  3.5606 -3.9673 -7.5563
X -0.5446 -0.8370 -0.0523
Y  0.8363 -0.5467  0.0405
Z -0.0625 -0.0217  0.9978

PART 72
OFFSET  4.6246 -2.3321 -7.4542
X  0.6004 -0.7995  0.0174
Y  0.7993  0.6006  0.0202
Z -0.0266  0.0018  0.9996

PART 73
OFFSET  3.7477 -1.1643 -7.4796
X  0.9943  0.1065 -0.0052
Y -0.1066  0.9928 -0.0543
Z -0.0006  0.0545  0.9985

PART 74
OFFSET  2.6215 -1.2847 -7.4808
X -0.6943 -0.7193 -0.0252
Y -0.7197  0.6934  0.0364
Z -0.0087  0.0434 -0.9990

PART 75
OFFSET  0.0000 -0.0000 -0.0000
X  1.0000 -0.0000  0.0000
Y  0.0000  1.0000  0.0000
Z  0.0000 -0.0000  1.0000

PART 76
OFFSET -0.0000 -0.0000 -0.0000
X  0.9998  0.0000 -0.0214
Y  0.0014  0.9978  0.0669
Z  0.0214 -0.0669  0.9975

PART 77
OFFSET  1.6285 -0.2768  4.0925
X  0.9998  0.0000 -0.0214
Y  0.0014  0.9978  0.0669
Z  0.0214 -0.0669  0.9975


FRAME 829
PART 0
OFFSET  0.0000 -0.0000 -0.0000
X  1.0000 -0.0000  0.0000
Y  0.0000  1.0000  0.0000
Z  0.0000 -0.0000  1.0000

PART 1
OFFSET -4.6318 -0.0000 -1.3770
X  1.0000 -0.0000  0.0000
Y  0.0000  1.0000  0.0000
Z  0.0000 -0.0000  1.0000

PART 2
OFFSET -2.1458  5.0340 -5.9168
X  0.8963 -0.0020 -0.4434
Y -0.0762 -0.9858 -0.1496
Z -0.4368  0.1679 -0.8838

PART 3
OFFSET  8.6945  5.0094 -11.2788
X  0.7126 -0.5748  0.4023
Y -0.6397 -0.2968  0.7090
Z -0.2882 -0.7625 -0.5792

PART 4
OFFSET  14.7551  0.1201 -7.8574
X  0.7126 -0.5748  0.4023
Y  0.2846  0.7609  0.5831
Z -0.6413 -0.3010  0.7058

PART 5
OFFSET  16.3930  0.9853 -7.5075
X  0.7172 -0.5710  0.3996
Y  0.2954  0.7684  0.5678
Z -0.6312 -0.2892  0.7197

PART 6
OFFSET  16.0704 -0.6472 -8.7627
X  0.7172 -0.5710  0.3996
Y  0.2954  0.7684  0.5678
Z -0.6312 -0.2892  0.7197

PART 7
