// Export filename: `C:\projects\cod\t5\xanim_export\t5_viewmodels\spas12\spas12_reload_loop.XANIM_EXPORT`
// Source filename: `D:\projects\devanim\t5\animation_assets\viewmodels/spas12/ViewModel_Spas12_animated.fbx`
// Export time: Sat Sep 11 16:00:44 2010

ANIMATION
VERSION 3

NUMPARTS 78
PART 0 "tag_ads"
PART 1 "tag_torso"
PART 2 "J_Shoulder_LE"
PART 3 "J_Elbow_LE"
PART 4 "J_WristTwist_LE"
PART 5 "J_Sleave_Reshape_Bottom_LE_1"
PART 6 "J_Sleave_Reshape_Bottom_LE_2"
PART 7 "J_Sleave_Reshape_Top_LE_1"
PART 8 "J_Sleave_Reshape_Top_LE_2"
PART 9 "J_Sleave_Reshape_Top_LE_3"
PART 10 "J_Wrist_LE"
PART 11 "J_Thumb_LE_0"
PART 12 "J_Thumb_LE_1"
PART 13 "J_Thumb_LE_2"
PART 14 "J_Thumb_LE_3"
PART 15 "J_PinkyPalm_LE"
PART 16 "J_Pinky_LE_0"
PART 17 "J_Pinky_LE_1"
PART 18 "J_Pinky_LE_2"
PART 19 "J_Pinky_LE_3"
PART 20 "J_RingPalm_LE"
PART 21 "J_Ring_LE_0"
PART 22 "J_Ring_LE_1"
PART 23 "J_Ring_LE_2"
PART 24 "J_Ring_LE_3"
PART 25 "J_Webbing_LE"
PART 26 "J_Index_LE_0"
PART 27 "J_Index_LE_1"
PART 28 "J_Index_LE_2"
PART 29 "J_Index_LE_3"
PART 30 "J_Mid_LE_0"
PART 31 "J_Mid_LE_1"
PART 32 "J_Mid_LE_2"
PART 33 "J_Mid_LE_3"
PART 34 "tag_knife_attach"
PART 35 "tag_weapon"
PART 36 "J_Gun"
PART 37 "TAG_CLIP"
PART 38 "J_Bolt"
PART 39 "J_pump"
PART 40 "J_ring"
PART 41 "J_stock"
PART 42 "J_stocktop"
PART 43 "J_Load"
PART 44 "tag_iron_sights"
PART 45 "J_Shoulder_RI"
PART 46 "J_Elbow_RI"
PART 47 "J_WristTwist_RI"
PART 48 "J_Sleave_Reshape_Top_RI_3"
PART 49 "J_Sleave_Reshape_Top_RI_2"
PART 50 "J_Sleave_Reshape_Top_RI_1"
PART 51 "J_Wrist_RI"
PART 52 "J_Thumb_RI_0"
PART 53 "J_Thumb_RI_1"
PART 54 "J_Thumb_RI_2"
PART 55 "J_Thumb_RI_3"
PART 56 "J_PinkyPalm_RI"
PART 57 "J_Pinky_RI_0"
PART 58 "J_Pinky_RI_1"
PART 59 "J_Pinky_RI_2"
PART 60 "J_Pinky_RI_3"
PART 61 "J_RingPalm_RI"
PART 62 "J_Ring_RI_0"
PART 63 "J_Ring_RI_1"
PART 64 "J_Ring_RI_2"
PART 65 "J_Ring_RI_3"
PART 66 "J_Webbing_RI"
PART 67 "J_Index_RI_0"
PART 68 "J_Index_RI_1"
PART 69 "J_Index_RI_2"
PART 70 "J_Index_RI_3"
PART 71 "J_Mid_RI_0"
PART 72 "J_Mid_RI_1"
PART 73 "J_Mid_RI_2"
PART 74 "J_Mid_RI_3"
PART 75 "tag_cambone"
PART 76 "tag_camera"
PART 77 "tag_gasmask"

FRAMERATE 30
NUMFRAMES 24

FRAME 430
PART 0
OFFSET  0.0000 -0.0000 -0.0000
X  1.0000 -0.0000  0.0000
Y  0.0000  1.0000  0.0000
Z  0.0000 -0.0000  1.0000

PART 1
OFFSET -4.6318 -0.0000 -1.3770
X  1.0000 -0.0000  0.0000
Y  0.0000  1.0000  0.0000
Z  0.0000 -0.0000  1.0000

PART 2
OFFSET -1.2804  7.3017 -5.9168
X  0.3996  0.0825 -0.9130
Y  0.0897 -0.9947 -0.0506
Z -0.9123 -0.0617 -0.4049

PART 3
OFFSET  3.5522  8.2996 -16.9582
X  0.9215 -0.3793 -0.0833
Y -0.0209 -0.2626  0.9647
Z -0.3878 -0.8872 -0.2499

PART 4
OFFSET  11.3900  5.0731 -17.6665
X  0.9215 -0.3793 -0.0833
Y  0.0406 -0.1192  0.9920
Z -0.3863 -0.9175 -0.0945

PART 5
OFFSET  12.6764  6.2270 -18.4196
X  0.9227 -0.3753 -0.0884
Y  0.3855  0.8920  0.2363
Z -0.0099 -0.2521  0.9677

PART 6
OFFSET  12.0675  4.3702 -19.1448
X  0.9227 -0.3753 -0.0884
Y  0.3855  0.8920  0.2363
Z -0.0099 -0.2521  0.9677

PART 7
OFFSET  13.0642  5.2630 -16.0412
X  0.9227 -0.3753 -0.0884
Y  0.3855  0.8920  0.2363
Z -0.0099 -0.2521  0.9677

PART 8
OFFSET  12.8247  3.4579 -16.3138
X  0.9227 -0.3753 -0.0884
Y  0.3855  0.8920  0.2363
Z -0.0099 -0.2521  0.9677

PART 9
OFFSET  12.2558  3.3177 -17.3589
X  0.9227 -0.3753 -0.0884
Y  0.3855  0.8920  0.2363
Z -0.0099 -0.2521  0.9677

PART 10
OFFSET  14.2150  3.9101 -17.9219
X  0.8741 -0.3959  0.2814
Y -0.2865  0.0477  0.9569
Z -0.3922 -0.9171 -0.0717

PART 11
OFFSET  14.1707  3.4015 -16.9013
X  0.1471 -0.6449  0.7500
Y -0.6811  0.4838  0.5496
Z -0.7172 -0.5917 -0.3681

PART 12
OFFSET  14.3802  2.0252 -15.2485
X  0.3807 -0.5770  0.7226
Y -0.7544  0.2581  0.6036
Z -0.5348 -0.7749 -0.3370

PART 13
OFFSET  14.9799  0.9915 -14.1558
X  0.4796 -0.7268  0.4916
Y -0.6151  0.1211  0.7791
Z -0.6258 -0.6761 -0.3890

PART 14
OFFSET  15.4594  0.1767 -13.6287
X  0.6292 -0.0773  0.7734
Y  0.3825  0.8970 -0.2215
Z -0.6766  0.4352  0.5940

PART 15
OFFSET  15.1821  3.3387 -18.7228
X  0.7378 -0.6167 -0.2745
Y -0.5860 -0.7870  0.1931
Z -0.3351  0.0184 -0.9420

PART 16
OFFSET  16.8167  1.8539 -19.1788
X  0.0993 -0.9636  0.2483
Y -0.9867 -0.0630  0.1500
Z -0.1289 -0.2599 -0.9570

PART 17
OFFSET  16.9573  0.4897 -18.8273
X -0.5164 -0.7973  0.3125
Y -0.8505  0.5200 -0.0788
Z -0.0996 -0.3065 -0.9467

PART 18
OFFSET  16.4994 -0.2172 -18.5502
X -0.7354 -0.6139  0.2870
Y -0.6605  0.7440 -0.1011
Z -0.1515 -0.2639 -0.9526

PART 19
OFFSET  15.8008 -0.8004 -18.2776
X  0.9990  0.0406 -0.0183
Y -0.0446  0.9233 -0.3814
Z  0.0014  0.3818  0.9242

PART 20
OFFSET  15.2388  3.4114 -18.0150
X  0.9175 -0.3969 -0.0265
Y -0.3971 -0.9100 -0.1194
Z  0.0233  0.1201 -0.9925

PART 21
OFFSET  17.4615  2.0699 -18.1500
X  0.0222 -0.9919  0.1250
Y -0.9918 -0.0061  0.1275
Z -0.1257 -0.1268 -0.9839

PART 22
OFFSET  17.4993  0.3811 -17.9372
X -0.5218 -0.8314  0.1911
Y -0.8451  0.5344  0.0170
Z -0.1163 -0.1526 -0.9814

PART 23
OFFSET  16.7760 -0.7711 -17.6724
X -0.8522 -0.4941  0.1719
Y -0.5109  0.8568 -0.0702
Z -0.1127 -0.1476 -0.9826

PART 24
OFFSET  15.8518 -1.3069 -17.4859
X  0.9845 -0.0919 -0.1491
Y  0.0752  0.9907 -0.1137
Z  0.1582  0.1008  0.9823

PART 25
OFFSET  16.2446  2.2740 -15.5734
X  0.7688 -0.6367  0.0598
Y  0.6178  0.7636  0.1877
Z -0.1652 -0.1074  0.9804

PART 26
OFFSET  17.5508  2.7444 -16.0770
X  0.3446 -0.9352 -0.0816
Y -0.9262 -0.3529  0.1326
Z -0.1528  0.0299 -0.9878

PART 27
OFFSET  18.1575  1.0979 -16.2207
X -0.2762 -0.9608 -0.0233
Y -0.9563  0.2724  0.1060
Z -0.0955  0.0516 -0.9941

PART 28
OFFSET  17.8275 -0.0733 -16.1887
X -0.6698 -0.7361  0.0980
Y -0.7304  0.6768  0.0918
Z -0.1339 -0.0101 -0.9909

PART 29
OFFSET  17.0710 -0.9048 -16.0780
X  0.8397 -0.3742 -0.3935
Y  0.4323  0.8992  0.0674
Z  0.3286 -0.2267  0.9168

PART 30
OFFSET  17.6980  2.5704 -17.1579
X  0.2287 -0.9732  0.0231
Y -0.9626 -0.2225  0.1543
Z -0.1450 -0.0575 -0.9878

PART 31
OFFSET  18.1446  0.6691 -17.1128
X -0.5109 -0.8527  0.1091
Y -0.8425  0.5219  0.1336
Z -0.1709 -0.0237 -0.9850

PART 32
OFFSET  17.3984 -0.5763 -16.9534
X -0.8529 -0.5016  0.1447
Y -0.4645  0.8557  0.2283
Z -0.2383  0.1275 -0.9628

PART 33
OFFSET  16.4310 -1.1441 -16.7965
X  0.9659 -0.1700 -0.1952
Y  0.1752  0.9845  0.0095
Z  0.1905 -0.0434  0.9807

PART 34
OFFSET  16.1415  1.4136 -17.7839
X -0.0426  0.0960 -0.9945
Y  0.3922  0.9171  0.0717
Z  0.9189 -0.3870 -0.0767

PART 35
OFFSET  14.1074 -7.8385 -1.8773
X  0.4574 -0.1083  0.8827
Y -0.8890 -0.0784  0.4510
Z  0.0203 -0.9910 -0.1322

PART 36
OFFSET  14.1074 -7.8385 -1.8773
X  0.4574 -0.1083  0.8827
Y -0.8890 -0.0784  0.4510
Z  0.0203 -0.9910 -0.1322

PART 37
OFFSET -44.2510  6.6990 -114.3418
X -0.0203  0.9910  0.1322
Y -0.8890 -0.0784  0.4510
Z  0.4574 -0.1083  0.8827

PART 38
OFFSET  14.1221 -8.2679 -1.9231
X  0.4574 -0.1083  0.8827
Y -0.8890 -0.0784  0.4510
Z  0.0203 -0.9910 -0.1322

PART 39
OFFSET  16.4737 -6.1082  3.0763
X  0.4574 -0.1083  0.8827
Y -0.8890 -0.0784  0.4510
Z  0.0203 -0.9910 -0.1322

PART 40
OFFSET  9.6860 -7.1374 -8.0865
X  0.3268 -0.7987  0.5053
Y -0.8890 -0.0784  0.4510
Z -0.3206 -0.5966 -0.7357

PART 41
OFFSET  9.5714 -7.1475 -8.0284
X  0.4576 -0.1252  0.8803
Y -0.8890 -0.0784  0.4510
Z  0.0126 -0.9890 -0.1471

PART 42
OFFSET  16.0126 -10.5106  1.4023
X  0.4512  0.0162  0.8923
Y -0.8890 -0.0784  0.4510
Z  0.0772 -0.9968 -0.0210

PART 43
OFFSET  12.8876 -6.1783 -3.9557
X  0.4574 -0.1083  0.8827
Y -0.8890 -0.0784  0.4510
Z  0.0203 -0.9910 -0.1322

PART 44
OFFSET  15.4023 -9.8734  0.3213
X  0.8640 -0.1808 -0.4699
Y  0.4574 -0.1083  0.8827
Z -0.2105 -0.9775 -0.0109

PART 45
OFFSET -6.0762 -7.9373 -9.1644
X -0.5916 -0.3578  0.7224
Y -0.1297 -0.8422 -0.5233
Z  0.7957 -0.4033  0.4519

PART 46
OFFSET  1.0789 -3.6097 -17.9015
X -0.8073 -0.1186 -0.5781
Y  0.5116  0.3475 -0.7858
Z  0.2941 -0.9301 -0.2199

PART 47
OFFSET  7.9454 -2.6013 -12.9847
X -0.8073 -0.1186 -0.5781
Y -0.1052  0.9928 -0.0567
Z  0.5807  0.0150 -0.8140

PART 48
OFFSET  8.3915 -1.6230 -11.3204
X -0.8112 -0.1181 -0.5728
Y -0.2991  0.9254  0.2328
Z  0.5026  0.3602 -0.7860

PART 49
OFFSET  8.3890 -2.4750 -10.4779
X -0.8112 -0.1181 -0.5728
Y -0.2991  0.9254  0.2328
Z  0.5026  0.3602 -0.7860

PART 50
OFFSET  8.9692 -3.6203 -10.8811
X -0.8112 -0.1181 -0.5728
Y -0.2991  0.9254  0.2328
Z  0.5026  0.3602 -0.7860

PART 51
OFFSET  10.4204 -2.2378 -11.2124
X -0.4406  0.4125 -0.7973
Y  0.1159  0.9069  0.4051
Z  0.8902  0.0861 -0.4474

PART 52
OFFSET  10.1413 -3.3339 -11.0610
X  0.3205  0.6181 -0.7179
Y  0.2353  0.6821  0.6923
Z  0.9176 -0.3908  0.0732

PART 53
OFFSET  9.3752 -4.7139 -9.5851
X -0.1085  0.1727 -0.9790
Y  0.4914  0.8654  0.0982
Z  0.8641 -0.4704 -0.1788

PART 54
OFFSET  9.4830 -4.8885 -7.9788
X -0.2958 -0.5331 -0.7927
Y  0.3201  0.7265 -0.6081
Z  0.9000 -0.4336 -0.0442

PART 55
OFFSET  9.7562 -4.3045 -7.1092
X -0.7305  0.0347 -0.6820
Y -0.6087  0.4198  0.6733
Z  0.3097  0.9070 -0.2855

PART 56
OFFSET  10.7375 -1.6332 -10.0135
X -0.3892 -0.1758 -0.9042
Y  0.9155  0.0351 -0.4009
Z  0.1022 -0.9838  0.1473

PART 57
OFFSET  11.5147 -1.3857 -7.9113
X  0.5351  0.3646 -0.7621
Y  0.8124  0.0251  0.5825
Z  0.2315 -0.9308 -0.2828

PART 58
OFFSET  10.7571 -1.9018 -6.8324
X  0.9710  0.2359  0.0401
Y  0.0213 -0.2522  0.9674
Z  0.2383 -0.9385 -0.2499

PART 59
OFFSET  9.8962 -2.1110 -6.8680
X  0.3455 -0.0975  0.9333
Y -0.9097 -0.2791  0.3076
Z  0.2304 -0.9553 -0.1852

PART 60
OFFSET  9.5679 -2.0183 -7.7547
X  0.2734  0.3879 -0.8802
Y -0.8800 -0.2686 -0.3918
Z -0.3884  0.8817  0.2679

PART 61
OFFSET  10.8817 -2.3146 -10.1699
X -0.4496  0.1145 -0.8859
Y  0.8931  0.0377 -0.4483
Z -0.0179 -0.9927 -0.1192

PART 62
OFFSET  12.0709 -2.4635 -7.8629
X  0.7040  0.2009 -0.6812
Y  0.7032 -0.0629  0.7082
Z  0.0994 -0.9776 -0.1855

PART 63
OFFSET  10.8722 -2.8054 -6.7032
X  0.9483  0.0416  0.3146
Y -0.2969 -0.2340  0.9258
Z  0.1121 -0.9714 -0.2095

PART 64
OFFSET  9.5580 -2.8631 -7.1392
X  0.0828 -0.2037  0.9755
Y -0.9909 -0.1213  0.0587
Z  0.1063 -0.9715 -0.2119

PART 65
OFFSET  9.4682 -2.6422 -8.1972
X  0.5034  0.1884 -0.8432
Y -0.8629  0.0593 -0.5019
Z -0.0446  0.9803  0.1924

PART 66
OFFSET  8.9656 -1.2419 -15.1132
X -0.1895  0.2366 -0.9529
Y -0.9746  0.0730  0.2119
Z  0.1197  0.9689  0.2168

PART 67
OFFSET  12.3808 -4.4970 -8.5775
X -0.2344  0.2425 -0.9414
Y  0.9720  0.0750 -0.2227
Z  0.0166 -0.9672 -0.2533

PART 68
OFFSET  12.7936 -4.9240 -6.9200
X -0.1486  0.2392 -0.9595
Y  0.9883  0.0017 -0.1526
Z -0.0349 -0.9710 -0.2366

PART 69
OFFSET  12.9721 -5.2737 -5.7679
X -0.0595  0.3070 -0.9499
Y  0.9979 -0.0057 -0.0643
Z -0.0251 -0.9517 -0.3060

PART 70
OFFSET  13.0393 -5.6205 -4.6950
X -0.8886 -0.3625  0.2812
Y  0.3580 -0.1645  0.9191
Z -0.2869  0.9174  0.2759

PART 71
OFFSET  12.2999 -3.4846 -8.1428
X  0.5724  0.1835 -0.7992
Y  0.8195 -0.1599  0.5503
Z -0.0268 -0.9699 -0.2419

PART 72
OFFSET  11.1816 -3.8430 -6.5816
X  0.9658 -0.0850  0.2451
Y -0.2571 -0.1853  0.9485
Z -0.0352 -0.9790 -0.2008

PART 73
OFFSET  9.7710 -3.7188 -6.9396
X  0.2746 -0.1718  0.9461
Y -0.9587  0.0271  0.2832
Z -0.0743 -0.9848 -0.1572

PART 74
OFFSET  9.4599 -3.5173 -8.0098
X  0.4065  0.1774 -0.8963
Y -0.9134  0.0575 -0.4029
Z -0.0199  0.9825  0.1854

PART 75
OFFSET  0.0000 -0.0000 -0.0000
X  1.0000 -0.0000  0.0000
Y  0.0000  1.0000  0.0000
Z  0.0000 -0.0000  1.0000

PART 76
OFFSET  0.0000 -0.0000 -0.0000
X  1.0000 -0.0000  0.0000
Y  0.0000  1.0000  0.0000
Z  0.0000 -0.0000  1.0000

PART 77
OFFSET  1.5404 -0.0000  4.1357
X  1.0000 -0.0000  0.0000
Y  0.0000  1.0000  0.0000
Z  0.0000 -0.0000  1.0000


FRAME 431
PART 0
OFFSET  0.0000 -0.0000 -0.0000
X  1.0000 -0.0000  0.0000
Y  0.0000  1.0000  0.0000
Z  0.0000 -0.0000  1.0000

PART 1
OFFSET -4.6318 -0.0000 -1.3770
X  1.0000 -0.0000  0.0000
Y  0.0000  1.0000  0.0000
Z  0.0000 -0.0000  1.0000

PART 2
OFFSET -1.2486  7.3852 -5.9168
X  0.3801  0.0814 -0.9214
Y  0.0913 -0.9946 -0.0502
Z -0.9204 -0.0651 -0.3854

PART 3
OFFSET  3.3477  8.3693 -17.0599
X  0.9197 -0.3882 -0.0595
Y -0.0402 -0.2436  0.9690
Z -0.3906 -0.8888 -0.2396

PART 4
OFFSET  11.1700  5.0679 -17.5657
X  0.9197 -0.3882 -0.0595
Y  0.0036 -0.1430  0.9897
Z -0.3927 -0.9104 -0.1301

PART 5
OFFSET  12.4790  6.1967 -18.3178
X  0.9210 -0.3843 -0.0646
Y  0.3886  0.8933  0.2258
Z -0.0291 -0.2331  0.9720

PART 6
OFFSET  11.8678  4.3309 -19.0177
X  0.9210 -0.3843 -0.0646
Y  0.3886  0.8933  0.2258
Z -0.0291 -0.2331  0.9720

PART 7
OFFSET  12.8166  5.2762 -15.9147
X  0.9210 -0.3843 -0.0646
Y  0.3886  0.8933  0.2258
Z -0.0291 -0.2331  0.9720

PART 8
OFFSET  12.5672  3.4681 -16.1566
X  0.9210 -0.3843 -0.0646
Y  0.3886  0.8933  0.2258
Z -0.0291 -0.2331  0.9720

PART 9
OFFSET  12.0157  3.3120 -17.2088
X  0.9210 -0.3843 -0.0646
Y  0.3886  0.8933  0.2258
Z -0.0291 -0.2331  0.9720

PART 10
OFFSET  13.9894  3.8779 -17.7480
X  0.8539 -0.4217  0.3049
Y -0.3217  0.0327  0.9463
Z -0.4090 -0.9061 -0.1077

PART 11
OFFSET  13.8951  3.3477 -16.7419
X  0.6396 -0.5862  0.4972
Y -0.5135  0.1555  0.8439
Z -0.5720 -0.7951 -0.2015

PART 12
OFFSET  15.1922  2.0540 -15.5959
X  0.8728 -0.4209  0.2470
Y -0.3459 -0.1766  0.9215
Z -0.3443 -0.8897 -0.2997

PART 13
OFFSET  16.5833  1.2853 -15.2856
X  0.6683 -0.5436  0.5078
Y -0.5722  0.0604  0.8179
Z -0.4752 -0.8372 -0.2707

PART 14
OFFSET  17.2746  0.6602 -14.7350
X  0.6807  0.1489  0.7172
Y  0.1463  0.9317 -0.3323
Z -0.7178  0.3312  0.6125

PART 15
OFFSET  14.9738  3.3029 -18.5250
X  0.7565 -0.6227 -0.1997
Y -0.6021 -0.7824  0.1589
Z -0.2552  0.0001 -0.9669

PART 16
OFFSET  16.6369  1.8078 -18.8134
X  0.4528 -0.8394  0.3007
Y -0.8630 -0.3278  0.3844
Z -0.2241 -0.4336 -0.8728

PART 17
OFFSET  17.2780  0.6194 -18.3877
X -0.4654 -0.7349  0.4933
Y -0.8666  0.4916 -0.0852
Z -0.1799 -0.4672 -0.8657

PART 18
OFFSET  16.8654 -0.0322 -17.9503
X -0.8331 -0.3759  0.4058
Y -0.5016  0.8226 -0.2679
Z -0.2331 -0.4267 -0.8739

PART 19
OFFSET  16.0739 -0.3893 -17.5649
X  0.9858 -0.1672 -0.0158
Y  0.1280  0.8090 -0.5737
Z  0.1087  0.5636  0.8189

PART 20
OFFSET  15.0049  3.3584 -17.8140
X  0.9090 -0.4168 -0.0011
Y -0.4119 -0.8979 -0.1554
Z  0.0638  0.1417 -0.9879

PART 21
OFFSET  17.2017  1.9685 -17.8393
X  0.3700 -0.9137  0.1680
Y -0.9251 -0.3459  0.1565
Z -0.0849 -0.2133 -0.9733

PART 22
OFFSET  17.8317  0.4130 -17.5532
X -0.5027 -0.8317  0.2359
Y -0.8619  0.5033 -0.0621
Z -0.0671 -0.2345 -0.9698

PART 23
OFFSET  17.1350 -0.7397 -17.2263
X -0.9672 -0.2258  0.1167
Y -0.2460  0.9468 -0.2076
Z -0.0636 -0.2295 -0.9712

PART 24
OFFSET  16.0861 -0.9845 -17.0998
X  0.9298 -0.3671 -0.0248
Y  0.3557  0.9140 -0.1950
Z  0.0942  0.1725  0.9805

PART 25
OFFSET  15.8917  2.1442 -15.3633
X  0.7520 -0.6551  0.0739
Y  0.6266  0.7451  0.2286
Z -0.2048 -0.1255  0.9707

PART 26
OFFSET  17.2261  2.5962 -15.8062
X  0.5764 -0.8005 -0.1641
Y -0.8042 -0.5913  0.0596
Z -0.1447  0.0976 -0.9847

PART 27
OFFSET  18.2410  1.1868 -16.0950
X  0.4711 -0.8657 -0.1692
Y -0.8740 -0.4840  0.0432
Z -0.1193  0.1275 -0.9846

PART 28
OFFSET  18.8210  0.1266 -16.2409
X  0.3726 -0.9234 -0.0920
Y -0.9222 -0.3795  0.0747
Z -0.1039  0.0570 -0.9930

PART 29
OFFSET  19.2418 -0.9164 -16.3448
X  0.6820  0.6592 -0.3168
Y -0.6139  0.7514  0.2420
Z  0.3975  0.0294  0.9171

PART 30
OFFSET  17.4107  2.4431 -16.8845
X  0.5024 -0.8642 -0.0268
Y -0.8578 -0.5021  0.1098
Z -0.1084 -0.0322 -0.9936

PART 31
OFFSET  18.3922  0.7549 -16.9370
X -0.3153 -0.9476  0.0522
Y -0.9382  0.3195  0.1332
Z -0.1429 -0.0070 -0.9897

PART 32
OFFSET  17.9317 -0.6292 -16.8607
X -0.8582 -0.4904  0.1517
Y -0.4531  0.8626  0.2250
Z -0.2412  0.1244 -0.9625

PART 33
OFFSET  16.9583 -1.1843 -16.6959
X  0.9629 -0.1829 -0.1986
Y  0.1871  0.9823  0.0026
Z  0.1946 -0.0396  0.9801

PART 34
OFFSET  15.8546  1.3361 -17.5954
X -0.0025  0.1191 -0.9929
Y  0.4090  0.9061  0.1077
Z  0.9125 -0.4058 -0.0510

PART 35
OFFSET  14.1071 -7.8302 -1.8343
X  0.4573 -0.1096  0.8826
Y -0.8891 -0.0772  0.4511
Z  0.0187 -0.9910 -0.1327

PART 36
OFFSET  14.1071 -7.8302 -1.8343
X  0.4573 -0.1096  0.8826
Y -0.8891 -0.0772  0.4511
Z  0.0187 -0.9910 -0.1327

PART 37
OFFSET -39.1091  6.1560 -105.0813
X  0.0250  0.9812  0.1914
Y -0.8454 -0.0814  0.5279
Z  0.5336 -0.1750  0.8274

PART 38
OFFSET  14.1211 -8.2596 -1.8802
X  0.4573 -0.1096  0.8826
Y -0.8891 -0.0772  0.4511
Z  0.0187 -0.9910 -0.1327

PART 39
OFFSET  16.4767 -6.1065  3.1201
X  0.4573 -0.1096  0.8826
Y -0.8891 -0.0772  0.4511
Z  0.0187 -0.9910 -0.1327

PART 40
OFFSET  9.6864 -7.1183 -8.0427
X  0.3255 -0.7995  0.5048
Y -0.8891 -0.0772  0.4511
Z -0.3217 -0.5957 -0.7360

PART 41
OFFSET  9.5717 -7.1283 -7.9845
X  0.4575 -0.1259  0.8803
Y -0.8891 -0.0772  0.4511
Z  0.0111 -0.9890 -0.1472

PART 42
OFFSET  16.0086 -10.5016  1.4455
X  0.4513  0.0154  0.8922
Y -0.8891 -0.0772  0.4511
Z  0.0758 -0.9969 -0.0211

PART 43
OFFSET  12.8899 -6.1668 -3.9116
X  0.4573 -0.1096  0.8826
Y -0.8891 -0.0772  0.4511
Z  0.0187 -0.9910 -0.1327

PART 44
OFFSET  15.3988 -9.8685  0.3631
X  0.8637 -0.1820 -0.4701
Y  0.4573 -0.1096  0.8826
Z -0.2121 -0.9772 -0.0114

PART 45
OFFSET -6.0762 -7.9373 -9.1644
X -0.5937 -0.3586  0.7204
Y -0.1272 -0.8422 -0.5240
Z  0.7946 -0.4027  0.4544

PART 46
OFFSET  1.1041 -3.6010 -17.8765
X -0.8058 -0.1195 -0.5799
Y  0.5131  0.3481 -0.7846
Z  0.2956 -0.9298 -0.2192

PART 47
OFFSET  7.9582 -2.5846 -12.9439
X -0.8058 -0.1195 -0.5799
Y -0.1049  0.9927 -0.0588
Z  0.5828  0.0135 -0.8125

PART 48
OFFSET  8.3993 -1.6058 -11.2787
X -0.8097 -0.1190 -0.5746
Y -0.3007  0.9251  0.2321
Z  0.5040  0.3607 -0.7848

PART 49
OFFSET  8.3959 -2.4578 -10.4361
X -0.8097 -0.1190 -0.5746
Y -0.3007  0.9251  0.2321
Z  0.5040  0.3607 -0.7848

PART 50
OFFSET  8.9783 -3.6024 -10.8379
X -0.8097 -0.1190 -0.5746
Y -0.3007  0.9251  0.2321
Z  0.5040  0.3607 -0.7848

PART 51
OFFSET  10.4287 -2.2183 -11.1660
X -0.4400  0.4136 -0.7971
Y  0.1174  0.9065  0.4056
Z  0.8903  0.0849 -0.4474

PART 52
OFFSET  10.1478 -3.3140 -11.0151
X  0.3214  0.6179 -0.7175
Y  0.2365  0.6814  0.6927
Z  0.9169 -0.3923  0.0729

PART 53
OFFSET  9.3795 -4.6935 -9.5399
X -0.1083  0.1734 -0.9789
Y  0.4929  0.8645  0.0986
Z  0.8633 -0.4718 -0.1791

PART 54
OFFSET  9.4871 -4.8691 -7.9337
X -0.2967 -0.5322 -0.7929
Y  0.3213  0.7263 -0.6077
Z  0.8993 -0.4351 -0.0445

PART 55
OFFSET  9.7614 -4.2861 -7.0639
X -0.7305  0.0363 -0.6819
Y -0.6079  0.4204  0.6736
Z  0.3111  0.9066 -0.2851

PART 56
OFFSET  10.7469 -1.6148 -9.9668
X -0.3896 -0.1747 -0.9043
Y  0.9155  0.0338 -0.4010
Z  0.1006 -0.9840  0.1468

PART 57
OFFSET  11.5246 -1.3698 -7.8645
X  0.5357  0.3641 -0.7619
Y  0.8125  0.0234  0.5824
Z  0.2299 -0.9311 -0.2833

PART 58
OFFSET  10.7663 -1.8853 -6.7858
X  0.9714  0.2342  0.0402
Y  0.0210 -0.2528  0.9673
Z  0.2367 -0.9387 -0.2504

PART 59
OFFSET  9.9050 -2.0929 -6.8214
X  0.3454 -0.0986  0.9332
Y -0.9101 -0.2777  0.3075
Z  0.2288 -0.9556 -0.1857

PART 60
OFFSET  9.5768 -1.9992 -7.7081
X  0.2740  0.3880 -0.8800
Y -0.8805 -0.2669 -0.3918
Z -0.3869  0.8822  0.2684

PART 61
OFFSET  10.8899 -2.2964 -10.1235
X -0.4495  0.1157 -0.8858
Y  0.8931  0.0365 -0.4484
Z -0.0196 -0.9926 -0.1198

PART 62
OFFSET  12.0790 -2.4485 -7.8167
X  0.7043  0.2000 -0.6811
Y  0.7031 -0.0645  0.7081
Z  0.0977 -0.9777 -0.1861

PART 63
OFFSET  10.8799 -2.7891 -6.6571
X  0.9484  0.0399  0.3146
Y -0.2972 -0.2340  0.9257
Z  0.1105 -0.9714 -0.2101

PART 64
OFFSET  9.5655 -2.8444 -7.0931
X  0.0825 -0.2044  0.9754
Y -0.9911 -0.1196  0.0588
Z  0.1047 -0.9716 -0.2124

PART 65
OFFSET  9.4760 -2.6227 -8.1509
X  0.5037  0.1880 -0.8432
Y -0.8628  0.0610 -0.5018
Z -0.0429  0.9803  0.1929

PART 66
OFFSET  8.9752 -1.2178 -15.0661
X -0.1892  0.2375 -0.9528
Y -0.9744  0.0745  0.2120
Z  0.1213  0.9685  0.2173

PART 67
OFFSET  12.3855 -4.4822 -8.5324
X -0.2341  0.2434 -0.9412
Y  0.9721  0.0735 -0.2228
Z  0.0149 -0.9671 -0.2539

PART 68
OFFSET  12.7977 -4.9108 -6.8752
X -0.1483  0.2399 -0.9594
Y  0.9883  0.0001 -0.1527
Z -0.0365 -0.9708 -0.2371

PART 69
OFFSET  12.9758 -5.2614 -5.7233
X -0.0590  0.3076 -0.9497
Y  0.9979 -0.0073 -0.0644
Z -0.0267 -0.9515 -0.3065

PART 70
OFFSET  13.0425 -5.6089 -4.6506
X -0.8891 -0.3612  0.2811
Y  0.3578 -0.1656  0.9190
Z -0.2854  0.9177  0.2764

PART 71
OFFSET  12.3063 -3.4698 -8.0972
X  0.5727  0.1829 -0.7991
Y  0.8193 -0.1616  0.5501
Z -0.0285 -0.9698 -0.2424

PART 72
OFFSET  11.1876 -3.8272 -6.5361
X  0.9656 -0.0868  0.2450
Y -0.2573 -0.1854  0.9484
Z -0.0369 -0.9788 -0.2013

PART 73
OFFSET  9.7771 -3.7005 -6.8939
X  0.2744 -0.1728  0.9460
Y -0.9586  0.0285  0.2832
Z -0.0759 -0.9846 -0.1578

PART 74
OFFSET  9.4663 -3.4979 -7.9640
X  0.4068  0.1772 -0.8962
Y -0.9134  0.0593 -0.4028
Z -0.0183  0.9824  0.1859

PART 75
OFFSET  0.0000 -0.0000 -0.0000
X  1.0000 -0.0000  0.0000
Y  0.0000  1.0000  0.0000
Z  0.0000 -0.0000  1.0000

PART 76
OFFSET  0.0000 -0.0000 -0.0000
X  1.0000 -0.0000  0.0000
Y  0.0000  1.0000 -0.0014
Z  0.0000  0.0014  1.0000

PART 77
OFFSET  1.5404  0.0056  4.1357
X  1.0000 -0.0000  0.0000
Y  0.0000  1.0000 -0.0014
Z  0.0000  0.0014  1.0000


FRAME 432
PART 0
OFFSET  0.0000 -0.0000 -0.0000
X  1.0000 -0.0000  0.0000
Y  0.0000  1.0000  0.0000
Z  0.0000 -0.0000  1.0000

PART 1
OFFSET -4.6318 -0.0000 -1.3770
X  1.0000 -0.0000  0.0000
Y  0.0000  1.0000  0.0000
Z  0.0000 -0.0000  1.0000

PART 2
OFFSET -1.2183  7.4645 -5.9168
X  0.3632  0.0824 -0.9281
Y  0.0990 -0.9938 -0.0495
Z -0.9265 -0.0739 -0.3691

PART 3
OFFSET  3.1736  8.4615 -17.1409
X  0.9127 -0.4065  0.0418
Y -0.1311 -0.1944  0.9721
Z -0.3870 -0.8927 -0.2307

PART 4
OFFSET  10.9365  5.0041 -16.7853
X  0.9127 -0.4065  0.0418
Y -0.1383 -0.2111  0.9676
Z -0.3845 -0.8889 -0.2489

PART 5
OFFSET  12.3312  6.0713 -17.4705
X  0.9145 -0.4029  0.0366
Y  0.3863  0.8966  0.2166
Z -0.1201 -0.1840  0.9756

PART 6
OFFSET  11.7441  4.1840 -18.1320
X  0.9145 -0.4029  0.0366
Y  0.3863  0.8966  0.2166
Z -0.1201 -0.1840  0.9756

PART 7
OFFSET  12.4346  5.2656 -15.0054
X  0.9145 -0.4029  0.0366
Y  0.3863  0.8966  0.2166
Z -0.1201 -0.1840  0.9756

PART 8
OFFSET  12.1685  3.4524 -15.1817
X  0.9145 -0.4029  0.0366
Y  0.3863  0.8966  0.2166
Z -0.1201 -0.1840  0.9756

PART 9
OFFSET  11.7091  3.2538 -16.2704
X  0.9145 -0.4029  0.0366
Y  0.3863  0.8966  0.2166
Z -0.1201 -0.1840  0.9756

PART 10
OFFSET  13.7346  3.7579 -16.6572
X  0.7887 -0.4808  0.3830
Y -0.4469 -0.0208  0.8943
Z -0.4221 -0.8766 -0.2313

PART 11
OFFSET  13.4848  3.1617 -15.7168
X  0.5522 -0.6328  0.5429
Y -0.6308  0.1086  0.7683
Z -0.5451 -0.7667 -0.3392

PART 12
OFFSET  14.5830  1.7643 -14.4875
X  0.7995 -0.4635  0.3821
Y -0.5163 -0.2050  0.8315
Z -0.3071 -0.8620 -0.4032

PART 13
OFFSET  15.8700  0.9317 -13.9654
X  0.5126 -0.5874  0.6262
Y -0.7375  0.0722  0.6715
Z -0.4396 -0.8060 -0.3962

PART 14
OFFSET  16.3917  0.2608 -13.2950
X  0.5088  0.0990  0.8552
Y  0.2586  0.9299 -0.2616
Z -0.8211  0.3543  0.4476

PART 15
OFFSET  14.7952  3.1961 -17.3375
X  0.7543 -0.6405 -0.1442
Y -0.6454 -0.7637  0.0158
Z -0.1203  0.0811 -0.9894

PART 16
OFFSET  16.4284  1.6516 -17.5154
X  0.4330 -0.8507  0.2980
Y -0.8971 -0.3747  0.2340
Z -0.0874 -0.3686 -0.9255

PART 17
OFFSET  17.0415  0.4472 -17.0935
X -0.4873 -0.7907  0.3705
Y -0.8721  0.4619 -0.1614
Z -0.0435 -0.4017 -0.9147

PART 18
OFFSET  16.6094 -0.2539 -16.7651
X -0.8235 -0.4936  0.2797
Y -0.5589  0.7904 -0.2509
Z -0.0972 -0.3629 -0.9267

PART 19
OFFSET  15.8271 -0.7228 -16.4994
X  0.9948 -0.0662  0.0776
Y  0.0957  0.8684 -0.4865
Z -0.0352  0.4914  0.8702

PART 20
OFFSET  14.7306  3.1989 -16.6266
X  0.8853 -0.4565  0.0884
Y -0.4181 -0.8648 -0.2781
Z  0.2034  0.2092 -0.9565

PART 21
OFFSET  16.8599  1.7161 -16.4649
X  0.3671 -0.9171  0.1555
Y -0.9279 -0.3727 -0.0078
Z  0.0651 -0.1414 -0.9878

PART 22
OFFSET  17.4848  0.1548 -16.2002
X -0.4898 -0.8659  0.1018
Y -0.8679  0.4731 -0.1512
Z  0.0828 -0.1624 -0.9832

PART 23
OFFSET  16.8061 -1.0453 -16.0591
X -0.9356 -0.3520 -0.0257
Y -0.3423  0.9227 -0.1774
Z  0.0862 -0.1572 -0.9838

PART 24
OFFSET  15.7913 -1.4271 -16.0871
X  0.9663 -0.2464  0.0740
Y  0.2525  0.9636 -0.0882
Z -0.0496  0.1039  0.9934

PART 25
OFFSET  15.2302  1.7728 -14.1805
X  0.7112 -0.6921  0.1231
Y  0.6153  0.6975  0.3673
Z -0.3401 -0.1855  0.9219

PART 26
OFFSET  16.6277  2.1944 -14.4044
X  0.6151 -0.7758 -0.1406
Y -0.7884 -0.6064 -0.1035
Z -0.0050  0.1746 -0.9846

PART 27
OFFSET  17.7107  0.8285 -14.6521
X  0.5315 -0.8311 -0.1634
Y -0.8469 -0.5172 -0.1239
Z  0.0184  0.2042 -0.9787

PART 28
OFFSET  18.3557 -0.1944 -14.7913
X  0.4840 -0.8693 -0.1000
Y -0.8742 -0.4754 -0.0987
Z  0.0383  0.1352 -0.9901

PART 29
OFFSET  18.9025 -1.1763 -14.9043
X  0.6424  0.7502 -0.1568
Y -0.7239  0.6611  0.1974
Z  0.2517 -0.0133  0.9677

PART 30
OFFSET  16.9527  2.1109 -15.4570
X  0.5245 -0.8511 -0.0232
Y -0.8509 -0.5232 -0.0467
Z  0.0276  0.0443 -0.9986

PART 31
OFFSET  17.9774  0.4483 -15.5024
X -0.2734 -0.9598 -0.0636
Y -0.9619  0.2723  0.0261
Z -0.0078  0.0683 -0.9976

PART 32
OFFSET  17.5781 -0.9536 -15.5953
X -0.8103 -0.5857 -0.0204
Y -0.5746  0.7872  0.2240
Z -0.1151  0.1933 -0.9744

PART 33
OFFSET  16.6599 -1.6161 -15.6255
X  0.9957 -0.0660 -0.0651
Y  0.0730  0.9911  0.1114
Z  0.0572 -0.1157  0.9916

PART 34
OFFSET  15.4706  1.1296 -16.4533
X  0.1377  0.1902 -0.9721
Y  0.4221  0.8766  0.2313
Z  0.8960 -0.4421  0.0404

PART 35
OFFSET  14.1076 -7.8127 -1.7998
X  0.4570 -0.1127  0.8823
Y -0.8893 -0.0754  0.4510
Z  0.0157 -0.9908 -0.1347

PART 36
OFFSET  14.1076 -7.8127 -1.7998
X  0.4570 -0.1127  0.8823
Y -0.8893 -0.0754  0.4510
Z  0.0157 -0.9908 -0.1347

PART 37
OFFSET -26.5137  4.6856 -82.3699
X  0.1952  0.9450  0.2626
Y -0.7121 -0.0475  0.7005
Z  0.6744 -0.3237  0.6636

PART 38
OFFSET  14.1202 -8.2420 -1.8466
X  0.4570 -0.1127  0.8823
Y -0.8893 -0.0754  0.4510
Z  0.0157 -0.9908 -0.1347

PART 39
OFFSET  16.4826 -6.1059  3.1578
X  0.4570 -0.1127  0.8823
Y -0.8893 -0.0754  0.4510
Z  0.0157 -0.9908 -0.1347

PART 40
OFFSET  9.6886 -7.0753 -8.0065
X  0.3231 -0.8015  0.5032
Y -0.8893 -0.0754  0.4510
Z -0.3235 -0.5933 -0.7371

PART 41
OFFSET  9.5739 -7.0850 -7.9484
X  0.4572 -0.1289  0.8800
Y -0.8893 -0.0754  0.4510
Z  0.0082 -0.9888 -0.1491

PART 42
OFFSET  16.0012 -10.4952  1.4749
X  0.4514  0.0124  0.8922
Y -0.8893 -0.0754  0.4510
Z  0.0729 -0.9971 -0.0230

PART 43
OFFSET  12.8952 -6.1415 -3.8738
X  0.4570 -0.1127  0.8823
Y -0.8893 -0.0754  0.4510
Z  0.0157 -0.9908 -0.1347

PART 44
OFFSET  15.3932 -9.8592  0.3935
X  0.8631 -0.1836 -0.4705
Y  0.4570 -0.1127  0.8823
Z -0.2150 -0.9765 -0.0134

PART 45
OFFSET -6.0762 -7.9373 -9.1644
X -0.5963 -0.3598  0.7177
Y -0.1230 -0.8424 -0.5245
Z  0.7933 -0.4011  0.4581

PART 46
OFFSET  1.1351 -3.5864 -17.8436
X -0.8046 -0.1223 -0.5811
Y  0.5133  0.3487 -0.7842
Z  0.2985 -0.9292 -0.2178

PART 47
OFFSET  7.9787 -2.5463 -12.9015
X -0.8046 -0.1223 -0.5811
Y -0.1052  0.9924 -0.0632
Z  0.5844  0.0102 -0.8114

PART 48
OFFSET  8.4146 -1.5646 -11.2367
X -0.8085 -0.1218 -0.5758
Y -0.3036  0.9245  0.2307
Z  0.5042  0.3613 -0.7844

PART 49
OFFSET  8.4122 -2.4157 -10.3932
X -0.8085 -0.1218 -0.5758
Y -0.3036  0.9245  0.2307
Z  0.5042  0.3613 -0.7844

PART 50
OFFSET  8.9984 -3.5591 -10.7929
X -0.8085 -0.1218 -0.5758
Y -0.3036  0.9245  0.2307
Z  0.5042  0.3613 -0.7844

PART 51
OFFSET  10.4455 -2.1713 -11.1202
X -0.4388  0.4165 -0.7962
Y  0.1202  0.9053  0.4074
Z  0.8905  0.0831 -0.4473

PART 52
OFFSET  10.1613 -3.2665 -10.9715
X  0.3232  0.6184 -0.7163
Y  0.2386  0.6793  0.6940
Z  0.9158 -0.3952  0.0721

PART 53
OFFSET  9.3889 -4.6466 -9.4989
X -0.1078  0.1757 -0.9785
Y  0.4955  0.8628  0.1003
Z  0.8619 -0.4740 -0.1801

PART 54
OFFSET  9.4961 -4.8257 -7.8931
X -0.2984 -0.5297 -0.7940
Y  0.3234  0.7265 -0.6063
Z  0.8980 -0.4377 -0.0455

PART 55
OFFSET  9.7722 -4.2452 -7.0221
X -0.7304  0.0398 -0.6818
Y -0.6066  0.4209  0.6744
Z  0.3138  0.9062 -0.2833

PART 56
OFFSET  10.7655 -1.5712 -9.9198
X -0.3902 -0.1717 -0.9046
Y  0.9155  0.0318 -0.4009
Z  0.0977 -0.9846  0.1448

PART 57
OFFSET  11.5441 -1.3326 -7.8171
X  0.5367  0.3640 -0.7612
Y  0.8126  0.0198  0.5824
Z  0.2271 -0.9312 -0.2851

PART 58
OFFSET  10.7843 -1.8480 -6.7394
X  0.9721  0.2312  0.0406
Y  0.0202 -0.2547  0.9668
Z  0.2339 -0.9390 -0.2523

PART 59
OFFSET  9.9224 -2.0530 -6.7754
X  0.3452 -0.1015  0.9330
Y -0.9109 -0.2756  0.3070
Z  0.2259 -0.9559 -0.1876

PART 60
OFFSET  9.5945 -1.9565 -7.6618
X  0.2751  0.3889 -0.8793
Y -0.8813 -0.2635 -0.3923
Z -0.3842  0.8828  0.2702

PART 61
OFFSET  10.9065 -2.2529 -10.0779
X -0.4492  0.1188 -0.8855
Y  0.8932  0.0347 -0.4484
Z -0.0226 -0.9923 -0.1217

PART 62
OFFSET  12.0953 -2.4131 -7.7715
X  0.7049  0.1993 -0.6808
Y  0.7030 -0.0680  0.7080
Z  0.0948 -0.9776 -0.1880

PART 63
OFFSET  10.8953 -2.7524 -6.6125
X  0.9485  0.0364  0.3146
Y -0.2978 -0.2349  0.9253
Z  0.1076 -0.9713 -0.2120

PART 64
OFFSET  9.5807 -2.8028 -7.0484
X  0.0819 -0.2065  0.9750
Y -0.9914 -0.1168  0.0586
Z  0.1018 -0.9714 -0.2143

PART 65
OFFSET  9.4918 -2.5789 -8.1059
X  0.5042  0.1881 -0.8428
Y -0.8627  0.0646 -0.5016
Z -0.0400  0.9800  0.1949

PART 66
OFFSET  8.9948 -1.1588 -15.0182
X -0.1885  0.2399 -0.9523
Y -0.9742  0.0770  0.2122
Z  0.1242  0.9677  0.2192

PART 67
OFFSET  12.3957 -4.4463 -8.4912
X -0.2334  0.2460 -0.9407
Y  0.9723  0.0710 -0.2227
Z  0.0120 -0.9667 -0.2558

PART 68
OFFSET  12.8067 -4.8794 -6.8349
X -0.1476  0.2423 -0.9589
Y  0.9883 -0.0025 -0.1528
Z -0.0394 -0.9702 -0.2390

PART 69
OFFSET  12.9837 -5.2328 -5.6837
X -0.0581  0.3097 -0.9491
Y  0.9979 -0.0102 -0.0645
Z -0.0296 -0.9508 -0.3084

PART 70
OFFSET  13.0494 -5.5826 -4.6117
X -0.8902 -0.3591  0.2804
Y  0.3573 -0.1685  0.9187
Z -0.2826  0.9180  0.2783

PART 71
OFFSET  12.3195 -3.4346 -8.0540
X  0.5732  0.1828 -0.7988
Y  0.8188 -0.1651  0.5498
Z -0.0314 -0.9692 -0.2443

PART 72
OFFSET  11.1998 -3.7917 -6.4935
X  0.9654 -0.0901  0.2448
Y -0.2578 -0.1865  0.9480
Z -0.0398 -0.9783 -0.2033

PART 73
OFFSET  9.7897 -3.6600 -6.8510
X  0.2739 -0.1754  0.9456
Y -0.9585  0.0309  0.2834
Z -0.0789 -0.9840 -0.1597

PART 74
OFFSET  9.4794 -3.4543 -7.9207
X  0.4072  0.1777 -0.8959
Y -0.9132  0.0628 -0.4027
Z -0.0153  0.9821  0.1879

PART 75
OFFSET  0.0000 -0.0000 -0.0000
X  1.0000 -0.0000  0.0000
Y  0.0000  1.0000  0.0000
Z  0.0000 -0.0000  1.0000

PART 76
OFFSET  0.0000 -0.0000 -0.0000
X  1.0000 -0.0000  0.0000
Y  0.0000  1.0000 -0.0049
Z  0.0000  0.0049  1.0000

PART 77
OFFSET  1.5404  0.0202  4.1357
X  1.0000 -0.0000  0.0000
Y  0.0000  1.0000 -0.0049
Z  0.0000  0.0049  1.0000


FRAME 433
PART 0
OFFSET  0.0000 -0.0000 -0.0000
X  1.0000 -0.0000  0.0000
Y  0.0000  1.0000  0.0000
Z  0.0000 -0.0000  1.0000

PART 1
OFFSET -4.6318 -0.0000 -1.3770
X  1.0000 -0.0000  0.0000
Y  0.0000  1.0000  0.0000
Z  0.0000 -0.0000  1.0000

PART 2
OFFSET -1.1898  7.5393 -5.9168
X  0.3651  0.0754 -0.9279
Y  0.1053 -0.9937 -0.0393
Z -0.9250 -0.0833 -0.3708

PART 3
OFFSET  3.2261  8.4513 -17.1387
X  0.8854 -0.4234  0.1917
Y -0.2664 -0.1243  0.9558
Z -0.3809 -0.8974 -0.2228

PART 4
OFFSET  10.7569  4.8497 -15.5084
X  0.8854 -0.4234  0.1917
Y -0.3400 -0.3088  0.8883
Z -0.3169 -0.8517 -0.4174

PART 5
OFFSET  12.2642  5.8353 -16.0654
X  0.8880 -0.4202  0.1866
Y  0.3822  0.9002  0.2085
Z -0.2556 -0.1139  0.9601

PART 6
OFFSET  11.7111  3.9210 -16.6769
X  0.8880 -0.4202  0.1866
Y  0.3822  0.9002  0.2085
Z -0.2556 -0.1139  0.9601

PART 7
OFFSET  12.0105  5.1983 -13.5622
X  0.8880 -0.4202  0.1866
Y  0.3822  0.9002  0.2085
Z -0.2556 -0.1139  0.9601

PART 8
OFFSET  11.7127  3.3838 -13.6551
X  0.8880 -0.4202  0.1866
Y  0.3822  0.9002  0.2085
Z -0.2556 -0.1139  0.9601

PART 9
OFFSET  11.3972  3.1216 -14.7809
X  0.8880 -0.4202  0.1866
Y  0.3822  0.9002  0.2085
Z -0.2556 -0.1139  0.9601

PART 10
OFFSET  13.4713  3.5516 -14.9208
X  0.6771 -0.5584  0.4793
Y -0.6269 -0.0965  0.7731
Z -0.3855 -0.8239 -0.4154

PART 11
OFFSET  13.0126  2.8689 -14.1297
X  0.4105 -0.7083  0.5743
Y -0.7815  0.0513  0.6218
Z -0.4699 -0.7041 -0.5325

PART 12
OFFSET  13.7943  1.3064 -12.8580
X  0.6747 -0.5375  0.5059
Y -0.7026 -0.2576  0.6633
Z -0.2262 -0.8029 -0.5515

PART 13
OFFSET  14.9001  0.3642 -12.1426
X  0.3160 -0.6686  0.6732
Y -0.8798  0.0591  0.4717
Z -0.3551 -0.7413 -0.5695

PART 14
OFFSET  15.2106 -0.3917 -11.4327
X  0.2801 -0.0052  0.9600
Y  0.3506  0.9315 -0.0973
Z -0.8937  0.3638  0.2627

PART 15
OFFSET  14.6376  3.0159 -15.4270
X  0.7513 -0.6574 -0.0585
Y -0.6532 -0.7279 -0.2086
Z  0.0945  0.1950 -0.9762

PART 16
OFFSET  16.2318  1.4212 -15.4419
X  0.3627 -0.8860  0.2888
Y -0.9247 -0.3807 -0.0067
Z  0.1159 -0.2646 -0.9574

PART 17
OFFSET  16.7453  0.1668 -15.0330
X -0.5437 -0.8217  0.1711
Y -0.8245  0.4849 -0.2915
Z  0.1566 -0.2995 -0.9412

PART 18
OFFSET  16.2632 -0.5617 -14.8813
X -0.8412 -0.5382  0.0523
Y -0.5302  0.8020 -0.2751
Z  0.1061 -0.2591 -0.9600

PART 19
OFFSET  15.4640 -1.0730 -14.8316
X  0.9609 -0.0544  0.2715
Y  0.1545  0.9190 -0.3626
Z -0.2298  0.3904  0.8915

PART 20
OFFSET  14.4237  2.9439 -14.7498
X  0.8345 -0.5068  0.2162
Y -0.3714 -0.8073 -0.4587
Z  0.4070  0.3025 -0.8619

PART 21
OFFSET  16.4319  1.3487 -14.3245
X  0.3267 -0.9360  0.1310
Y -0.9026 -0.3501 -0.2503
Z  0.2802 -0.0364 -0.9593

PART 22
OFFSET  16.9882 -0.2448 -14.1015
X -0.4895 -0.8663 -0.0994
Y -0.8200  0.4961 -0.2853
Z  0.2965 -0.0582 -0.9533

PART 23
OFFSET  16.3098 -1.4455 -14.2392
X -0.8901 -0.3748 -0.2594
Y -0.3432  0.9256 -0.1595
Z  0.2999 -0.0530 -0.9525

PART 24
OFFSET  15.3444 -1.8519 -14.5205
X  0.9401 -0.2243  0.2568
Y  0.2164  0.9745  0.0590
Z -0.2635  0.0001  0.9647

PART 25
OFFSET  14.3565  1.2352 -12.4384
X  0.6511 -0.7359  0.1859
Y  0.5408  0.6217  0.5667
Z -0.5326 -0.2684  0.8027

PART 26
OFFSET  15.7800  1.6090 -12.3157
X  0.6331 -0.7688 -0.0901
Y -0.7454 -0.5742 -0.3385
Z  0.2085  0.2815 -0.9366

PART 27
OFFSET  16.8947  0.2554 -12.4743
X  0.5646 -0.8146 -0.1329
Y -0.7928 -0.4904 -0.3618
Z  0.2296  0.3096 -0.9227

PART 28
OFFSET  17.5671 -0.7537 -12.5798
X  0.5300 -0.8446 -0.0754
Y -0.8096 -0.4775 -0.3414
Z  0.2523  0.2420 -0.9369

PART 29
OFFSET  18.1658 -1.7077 -12.6650
X  0.6293  0.7741  0.0692
Y -0.7766  0.6229  0.0945
Z  0.0300 -0.1132  0.9931

PART 30
OFFSET  16.3187  1.6255 -13.2800
X  0.5199 -0.8542 -0.0053
Y -0.8198 -0.4972 -0.2841
Z  0.2400  0.1521 -0.9588

PART 31
OFFSET  17.3344 -0.0432 -13.2904
X -0.2412 -0.9441 -0.2246
Y -0.9485  0.2783 -0.1511
Z  0.2052  0.1766 -0.9627

PART 32
OFFSET  16.9821 -1.4223 -13.6184
X -0.7602 -0.5944 -0.2624
Y -0.6429  0.7464  0.1719
Z  0.0937  0.2994 -0.9495

PART 33
OFFSET  16.1223 -2.0938 -13.9225
X  0.9875 -0.0401  0.1521
Y  0.0043  0.9735  0.2288
Z -0.1573 -0.2253  0.9615

PART 34
OFFSET  15.0574  0.8340 -14.6710
X  0.3456  0.2885 -0.8929
Y  0.3855  0.8239  0.4154
Z  0.8556 -0.4878  0.1735

PART 35
OFFSET  14.1084 -7.7903 -1.7730
X  0.4566 -0.1168  0.8820
Y -0.8896 -0.0732  0.4508
Z  0.0120 -0.9905 -0.1373

PART 36
OFFSET  14.1084 -7.7903 -1.7730
X  0.4566 -0.1168  0.8820
Y -0.8896 -0.0732  0.4508
Z  0.0120 -0.9905 -0.1373

PART 37
OFFSET -10.7136  2.5486 -53.6694
X  0.4364  0.8818  0.1788
Y -0.4875  0.0647  0.8707
Z  0.7562 -0.4671  0.4581

PART 38
OFFSET  14.1194 -8.2196 -1.8209
X  0.4566 -0.1168  0.8820
Y -0.8896 -0.0732  0.4508
Z  0.0120 -0.9905 -0.1373

PART 39
OFFSET  16.4900 -6.1056  3.1890
X  0.4566 -0.1168  0.8820
Y -0.8896 -0.0732  0.4508
Z  0.0120 -0.9905 -0.1373

PART 40
OFFSET  9.6920 -7.0199 -7.9776
X  0.3201 -0.8040  0.5011
Y -0.8896 -0.0732  0.4508
Z -0.3258 -0.5901 -0.7387

PART 41
OFFSET  9.5773 -7.0293 -7.9194
X  0.4567 -0.1331  0.8796
Y -0.8896 -0.0732  0.4508
Z  0.0044 -0.9884 -0.1519

PART 42
OFFSET  15.9919 -10.4904  1.4940
X  0.4515  0.0082  0.8922
Y -0.8896 -0.0732  0.4508
Z  0.0690 -0.9973 -0.0258

PART 43
OFFSET  12.9023 -6.1091 -3.8425
X  0.4566 -0.1168  0.8820
Y -0.8896 -0.0732  0.4508
Z  0.0120 -0.9905 -0.1373

PART 44
OFFSET  15.3864 -9.8474  0.4148
X  0.8624 -0.1856 -0.4710
Y  0.4566 -0.1168  0.8820
Z -0.2187 -0.9757 -0.0159

PART 45
OFFSET -6.0762 -7.9373 -9.1644
X -0.5990 -0.3612  0.7147
Y -0.1182 -0.8428 -0.5250
Z  0.7920 -0.3990  0.4621

PART 46
OFFSET  1.1678 -3.5691 -17.8076
X -0.8037 -0.1260 -0.5816
Y  0.5127  0.3493 -0.7843
Z  0.3020 -0.9285 -0.2161

PART 47
OFFSET  8.0034 -2.4970 -12.8612
X -0.8037 -0.1260 -0.5816
Y -0.1057  0.9920 -0.0689
Z  0.5856  0.0061 -0.8106

PART 48
OFFSET  8.4343 -1.5113 -11.1974
X -0.8076 -0.1256 -0.5763
Y -0.3071  0.9237  0.2290
Z  0.5036  0.3619 -0.7845

PART 49
OFFSET  8.4342 -2.3611 -10.3527
X -0.8076 -0.1256 -0.5763
Y -0.3071  0.9237  0.2290
Z  0.5036  0.3619 -0.7845

PART 50
OFFSET  9.0248 -3.5031 -10.7501
X -0.8076 -0.1256 -0.5763
Y -0.3071  0.9237  0.2290
Z  0.5036  0.3619 -0.7845

PART 51
OFFSET  10.4672 -2.1106 -11.0783
X -0.4373  0.4203 -0.7951
Y  0.1236  0.9038  0.4098
Z  0.8908  0.0809 -0.4472

PART 52
OFFSET  10.1789 -3.2050 -10.9324
X  0.3255  0.6190 -0.7147
Y  0.2411  0.6765  0.6958
Z  0.9143 -0.3989  0.0710

PART 53
OFFSET  9.4015 -4.5862 -9.4635
X -0.1072  0.1787 -0.9780
Y  0.4987  0.8607  0.1026
Z  0.8601 -0.4768 -0.1814

PART 54
OFFSET  9.5080 -4.7699 -7.8582
X -0.3004 -0.5265 -0.7953
Y  0.3261  0.7269 -0.6044
Z  0.8963 -0.4409 -0.0467

PART 55
OFFSET  9.7863 -4.1927 -6.9857
X -0.7303  0.0444 -0.6817
Y -0.6050  0.4214  0.6756
Z  0.3172  0.9058 -0.2809

PART 56
OFFSET  10.7896 -1.5148 -9.8763
X -0.3908 -0.1679 -0.9050
Y  0.9157  0.0295 -0.4009
Z  0.0940 -0.9854  0.1422

PART 57
OFFSET  11.5691 -1.2848 -7.7730
X  0.5380  0.3640 -0.7603
Y  0.8127  0.0152  0.5824
Z  0.2236 -0.9313 -0.2876

PART 58
OFFSET  10.8074 -1.8001 -6.6966
X  0.9729  0.2275  0.0411
Y  0.0193 -0.2574  0.9661
Z  0.2303 -0.9392 -0.2548

PART 59
OFFSET  9.9448 -2.0018 -6.7331
X  0.3449 -0.1053  0.9327
Y -0.9119 -0.2730  0.3064
Z  0.2223 -0.9562 -0.1901

PART 60
OFFSET  9.6171 -1.9017 -7.6193
X  0.2766  0.3902 -0.8782
Y -0.8823 -0.2592 -0.3930
Z -0.3809  0.8835  0.2726

PART 61
OFFSET  10.9280 -2.1966 -10.0362
X -0.4487  0.1229 -0.8852
Y  0.8933  0.0325 -0.4483
Z -0.0263 -0.9919 -0.1244

PART 62
OFFSET  12.1162 -2.3675 -7.7303
X  0.7056  0.1984 -0.6803
Y  0.7027 -0.0725  0.7077
Z  0.0911 -0.9774 -0.1906

PART 63
OFFSET  10.9150 -2.7053 -6.5721
X  0.9487  0.0320  0.3146
Y -0.2987 -0.2362  0.9246
Z  0.1039 -0.9712 -0.2146

PART 64
OFFSET  9.6002 -2.7496 -7.0082
X  0.0812 -0.2094  0.9744
Y -0.9919 -0.1132  0.0583
Z  0.0981 -0.9712 -0.2169

PART 65
OFFSET  9.5121 -2.5225 -8.0650
X  0.5049  0.1885 -0.8424
Y -0.8624  0.0691 -0.5014
Z -0.0363  0.9796  0.1974

PART 66
OFFSET  9.0202 -1.0824 -14.9735
X -0.1876  0.2431 -0.9517
Y -0.9739  0.0801  0.2125
Z  0.1279  0.9667  0.2218

PART 67
OFFSET  12.4089 -4.3998 -8.4554
X -0.2325  0.2494 -0.9401
Y  0.9726  0.0679 -0.2226
Z  0.0084 -0.9660 -0.2583

PART 68
OFFSET  12.8184 -4.8388 -6.8003
X -0.1468  0.2453 -0.9583
Y  0.9882 -0.0058 -0.1528
Z -0.0431 -0.9694 -0.2416

PART 69
OFFSET  12.9941 -5.1959 -5.6500
X -0.0570  0.3124 -0.9482
Y  0.9978 -0.0138 -0.0645
Z -0.0332 -0.9499 -0.3109

PART 70
OFFSET  13.0585 -5.5488 -4.5789
X -0.8915 -0.3564  0.2795
Y  0.3567 -0.1722  0.9182
Z -0.2792  0.9183  0.2807

PART 71
OFFSET  12.3366 -3.3890 -8.0155
X  0.5738  0.1828 -0.7983
Y  0.8182 -0.1697  0.5493
Z -0.0351 -0.9684 -0.2469

PART 72
OFFSET  11.2156 -3.7460 -6.4559
X  0.9650 -0.0944  0.2445
Y -0.2585 -0.1880  0.9476
Z -0.0435 -0.9776 -0.2058

PART 73
OFFSET  9.8060 -3.6081 -6.8130
X  0.2733 -0.1790  0.9451
Y -0.9584  0.0337  0.2835
Z -0.0826 -0.9833 -0.1623

PART 74
OFFSET  9.4964 -3.3984 -7.8821
X  0.4079  0.1786 -0.8954
Y -0.9130  0.0673 -0.4024
Z -0.0116  0.9816  0.1905

PART 75
OFFSET  0.0000 -0.0000 -0.0000
X  1.0000 -0.0000  0.0000
Y  0.0000  1.0000  0.0000
Z  0.0000 -0.0000  1.0000

PART 76
OFFSET  0.0000 -0.0000 -0.0000
X  1.0000 -0.0000  0.0000
Y  0.0000  1.0000 -0.0097
Z  0.0000  0.0097  1.0000

PART 77
OFFSET  1.5404  0.0401  4.1356
X  1.0000 -0.0000  0.0000
Y  0.0000  1.0000 -0.0097
Z  0.0000  0.0097  1.0000


FRAME 434
PART 0
OFFSET  0.0000 -0.0000 -0.0000
X  1.0000 -0.0000  0.0000
Y  0.0000  1.0000  0.0000
Z  0.0000 -0.0000  1.0000

PART 1
OFFSET -4.6318 -0.0000 -1.3770
X  1.0000 -0.0000  0.0000
Y  0.0000  1.0000  0.0000
Z  0.0000 -0.0000  1.0000

PART 2
OFFSET -1.1632  7.6090 -5.9168
X  0.3983  0.0529 -0.9157
Y  0.1032 -0.9946 -0.0125
Z -0.9114 -0.0895 -0.4016

PART 3
OFFSET  3.6537  8.2485 -16.9917
X  0.8268 -0.4311  0.3614
Y -0.4186 -0.0424  0.9072
Z -0.3758 -0.9013 -0.2155

PART 4
OFFSET  10.6858  4.5819 -13.9180
X  0.8268 -0.4311  0.3614
Y -0.5389 -0.4229  0.7285
Z -0.1612 -0.7971 -0.5820

PART 5
OFFSET  12.2995  5.4800 -14.2959
