// Export filename: `C:\projects\cod\t5\xanim_export\t5_viewmodels\spas12\spas12_grip_fire.XANIM_EXPORT`
// Source filename: `D:\projects\devanim\t5\animation_assets\viewmodels/spas12/ViewModel_Spas12_animated.fbx`
// Export time: Wed Sep 16 17:55:49 2009

ANIMATION
VERSION 3

NUMPARTS 93
PART 0 "tag_torso"
PART 1 "J_Shoulder_LE"
PART 2 "J_Elbow_LE"
PART 3 "J_WristTwist_LE"
PART 4 "J_Sleave_Reshape_Bottom_LE_1"
PART 5 "J_Sleave_Reshape_Bottom_LE_2"
PART 6 "J_Sleave_Reshape_Top_LE_1"
PART 7 "J_Sleave_Reshape_Top_LE_2"
PART 8 "J_Sleave_Reshape_Top_LE_3"
PART 9 "J_Wrist_LE"
PART 10 "J_Thumb_LE_0"
PART 11 "J_Thumb_LE_1"
PART 12 "J_Thumb_LE_2"
PART 13 "J_Thumb_LE_3"
PART 14 "J_PinkyPalm_LE"
PART 15 "J_Pinky_LE_0"
PART 16 "J_Pinky_LE_1"
PART 17 "J_Pinky_LE_2"
PART 18 "J_Pinky_LE_3"
PART 19 "J_RingPalm_LE"
PART 20 "J_Ring_LE_0"
PART 21 "J_Ring_LE_1"
PART 22 "J_Ring_LE_2"
PART 23 "J_Ring_LE_3"
PART 24 "J_Webbing_LE"
PART 25 "J_Index_LE_0"
PART 26 "J_Index_LE_1"
PART 27 "J_Index_LE_2"
PART 28 "J_Index_LE_3"
PART 29 "J_Mid_LE_0"
PART 30 "J_Mid_LE_1"
PART 31 "J_Mid_LE_2"
PART 32 "J_Mid_LE_3"
PART 33 "tag_knife_attach"
PART 34 "J_Shoulder_RI"
PART 35 "J_Elbow_RI"
PART 36 "J_WristTwist_RI"
PART 37 "J_Sleave_Reshape_Top_RI_3"
PART 38 "J_Sleave_Reshape_Top_RI_2"
PART 39 "J_Sleave_Reshape_Top_RI_1"
PART 40 "J_Wrist_RI"
PART 41 "J_Thumb_RI_0"
PART 42 "J_Thumb_RI_1"
PART 43 "J_Thumb_RI_2"
PART 44 "J_Thumb_RI_3"
PART 45 "J_PinkyPalm_RI"
PART 46 "J_Pinky_RI_0"
PART 47 "J_Pinky_RI_1"
PART 48 "J_Pinky_RI_2"
PART 49 "J_Pinky_RI_3"
PART 50 "J_RingPalm_RI"
PART 51 "J_Ring_RI_0"
PART 52 "J_Ring_RI_1"
PART 53 "J_Ring_RI_2"
PART 54 "J_Ring_RI_3"
PART 55 "J_Webbing_RI"
PART 56 "J_Index_RI_0"
PART 57 "J_Index_RI_1"
PART 58 "J_Index_RI_2"
PART 59 "J_Index_RI_3"
PART 60 "J_Mid_RI_0"
PART 61 "J_Mid_RI_1"
PART 62 "J_Mid_RI_2"
PART 63 "J_Mid_RI_3"
PART 64 "tag_weapon"
PART 65 "J_Gun"
PART 66 "tag_brass"
PART 67 "tag_flash"
PART 68 "tag_clip"
PART 69 "tag_bolt"
PART 70 "tag_pump"
PART 71 "tag_stock"
PART 72 "tag_ring"
PART 73 "tag_stocktop"
PART 74 "tag_Load"
PART 75 "tag_iron_sights"
PART 76 "tag_scope_acog"
PART 77 "tag_laser_rifle"
PART 78 "TAG_REFLEX"
PART 79 "tag_suppressor"
PART 80 "tag_flash3"
PART 81 "TAG_GRIP"
PART 82 "tag_side_saddle"
PART 83 "tag_ammo_1"
PART 84 "tag_ammo_2"
PART 85 "tag_ammo_3"
PART 86 "tag_ammo_4"
PART 87 "tag_ammo_5"
PART 88 "tag_ammo_6"
PART 89 "tag_cambone"
PART 90 "tag_camera"
PART 91 "tag_gasmask"
PART 92 "tag_ads"

FRAMERATE 30
NUMFRAMES 10

FRAME 265
PART 0
OFFSET -4.6318 -0.0000 -1.3770
SCALE 1 1 1
X  1.0000 -0.0000  0.0000
Y  0.0000  1.0000  0.0000
Z  0.0000 -0.0000  1.0000

PART 1
OFFSET  0.1218  5.5976 -6.6823
SCALE 1 1 1
X  0.8640 -0.2212 -0.4524
Y -0.1122 -0.9604  0.2552
Z -0.4909 -0.1697 -0.8545

PART 2
OFFSET  10.5704  2.9227 -12.1534
SCALE 1 1 1
X  0.8895 -0.3931  0.2330
Y -0.2976 -0.1114  0.9482
Z -0.3468 -0.9127 -0.2160

PART 3
OFFSET  18.1360 -0.4205 -10.1719
SCALE 1 1 1
X  0.8895 -0.3931  0.2330
Y -0.2906 -0.0933  0.9523
Z -0.3526 -0.9148 -0.1972

PART 4
OFFSET  20.3102  0.6984 -10.6021
SCALE 1 1 1
X  0.8922 -0.3899  0.2279
Y  0.3485  0.9154  0.2017
Z -0.2873 -0.1006  0.9526

PART 5
OFFSET  19.1585 -1.3459 -11.2839
SCALE 1 1 1
X  0.8922 -0.3899  0.2279
Y  0.3485  0.9154  0.2017
Z -0.2873 -0.1006  0.9526

PART 6
OFFSET  20.1701  0.7106 -7.7971
SCALE 1 1 1
X  0.8922 -0.3899  0.2279
Y  0.3485  0.9154  0.2017
Z -0.2873 -0.1006  0.9526

PART 7
OFFSET  19.0766 -1.7111 -8.1174
SCALE 1 1 1
X  0.8922 -0.3899  0.2279
Y  0.3485  0.9154  0.2017
Z -0.2873 -0.1006  0.9526

PART 8
OFFSET  18.7982 -2.1130 -9.3829
SCALE 1 1 1
X  0.8922 -0.3899  0.2279
Y  0.3485  0.9154  0.2017
Z -0.2873 -0.1006  0.9526

PART 9
OFFSET  20.8630 -1.6256 -9.4577
SCALE 1 1 1
X  0.8462 -0.0985  0.5237
Y -0.5282 -0.0249  0.8487
Z -0.0706 -0.9948 -0.0731

PART 10
OFFSET  20.7049 -2.1024 -8.4331
SCALE 1 1 1
X  0.0793 -0.6423  0.7623
Y -0.7836  0.4325  0.4460
Z -0.6162 -0.6327 -0.4690

PART 11
OFFSET  20.7635 -3.4805 -6.7696
SCALE 1 1 1
X  0.6785 -0.5980  0.4266
Y -0.6195 -0.1537  0.7698
Z -0.3948 -0.7866 -0.4747

PART 12
OFFSET  21.8516 -4.5249 -6.1800
SCALE 1 1 1
X  0.8557 -0.4223 -0.2990
Y  0.0113 -0.5625  0.8267
Z -0.5173 -0.7108 -0.4766

PART 13
OFFSET  22.7535 -5.0236 -6.5112
SCALE 1 1 1
X  0.9663  0.0289  0.2558
Y -0.1046  0.9521  0.2873
Z -0.2352 -0.3044  0.9231

PART 14
OFFSET  22.1303 -1.8833 -9.9381
SCALE 1 1 1
X  0.9320 -0.3618 -0.0238
Y -0.3565 -0.9263  0.1222
Z -0.0662 -0.1054 -0.9922

PART 15
OFFSET  24.1902 -2.7944 -9.8320
SCALE 1 1 1
X -0.3525 -0.8721  0.3394
Y -0.9330  0.3555 -0.0555
Z -0.0722 -0.3362 -0.9390

PART 16
OFFSET  23.6912 -4.0291 -9.3515
SCALE 1 1 1
X -0.9444 -0.2724  0.1840
Y -0.3218  0.8804 -0.3485
Z -0.0671 -0.3883 -0.9191

PART 17
OFFSET  22.8539 -4.2706 -9.1884
SCALE 1 1 1
X -0.7730  0.6169 -0.1481
Y  0.6294  0.7162 -0.3015
Z -0.0799 -0.3263 -0.9419

PART 18
OFFSET  22.1196 -3.6846 -9.3291
SCALE 1 1 1
X  0.2076 -0.8743  0.4388
Y  0.9625  0.1025 -0.2513
Z  0.1747  0.4745  0.8628

PART 19
OFFSET  21.9753 -1.7826 -9.2486
SCALE 1 1 1
X  0.9671 -0.0921  0.2373
Y -0.0646 -0.9905 -0.1210
Z  0.2462  0.1017 -0.9639

PART 20
OFFSET  24.4489 -2.3682 -8.7041
SCALE 1 1 1
X -0.3784 -0.9178  0.1198
Y -0.9255  0.3729 -0.0667
Z  0.0165 -0.1361 -0.9906

PART 21
OFFSET  23.8046 -3.9308 -8.5001
SCALE 1 1 1
X -0.9323 -0.3588  0.0457
Y -0.3614  0.9190 -0.1577
Z  0.0146 -0.1635 -0.9864

PART 22
OFFSET  22.5125 -4.4281 -8.4367
SCALE 1 1 1
X -0.4923  0.8573 -0.1507
Y  0.8702  0.4888 -0.0620
Z  0.0206 -0.1617 -0.9866

PART 23
OFFSET  21.9786 -3.4983 -8.6002
SCALE 1 1 1
X -0.0927 -0.9896  0.1104
Y  0.9934 -0.0844  0.0781
Z -0.0679  0.1169  0.9908

PART 24
OFFSET  22.5949 -2.5021 -6.5348
SCALE 1 1 1
X  0.8787 -0.3645  0.3083
Y  0.2927  0.9215  0.2553
Z -0.3771 -0.1341  0.9164

PART 25
OFFSET  23.7879 -1.6585 -6.7496
SCALE 1 1 1
X -0.0160 -0.9992  0.0371
Y -0.9938  0.0118 -0.1104
Z  0.1099 -0.0386 -0.9932

PART 26
OFFSET  23.7597 -3.4178 -6.6843
SCALE 1 1 1
X -0.7619 -0.6386 -0.1081
Y -0.6225  0.7681 -0.1504
Z  0.1791 -0.0473 -0.9827

PART 27
OFFSET  22.8226 -4.1912 -6.7560
SCALE 1 1 1
X -0.8690  0.4759 -0.1356
Y  0.4818  0.8762 -0.0125
Z  0.1128 -0.0762 -0.9907

PART 28
OFFSET  21.8410 -3.6537 -6.9091
SCALE 1 1 1
X -0.1203 -0.9673 -0.2232
Y  0.9500 -0.1774  0.2568
Z -0.2880 -0.1812  0.9403

PART 29
OFFSET  24.2581 -1.7994 -7.7393
SCALE 1 1 1
X -0.1603 -0.9824  0.0960
Y -0.9767  0.1438 -0.1595
Z  0.1429 -0.1193 -0.9825

PART 30
OFFSET  23.9450 -3.7186 -7.5518
SCALE 1 1 1
X -0.9100 -0.4045 -0.0907
Y -0.3926  0.9112 -0.1245
Z  0.1330 -0.0777 -0.9881

PART 31
OFFSET  22.6157 -4.3094 -7.6842
SCALE 1 1 1
X -0.7002  0.7121 -0.0513
Y  0.6957  0.6967  0.1751
Z  0.1604  0.0869 -0.9832

PART 32
OFFSET  21.8233 -3.5028 -7.7494
SCALE 1 1 1
X  0.0823 -0.9966 -0.0097
Y  0.9923  0.0811  0.0933
Z -0.0922 -0.0173  0.9956

PART 33
OFFSET  23.3342 -3.3953 -8.6066
SCALE 1 1 1
X  0.1933  0.0583 -0.9794
Y  0.0706  0.9948  0.0731
Z  0.9786 -0.0833  0.1882

PART 34
OFFSET -12.9782 -7.9373 -1.9159
SCALE 1 1 1
X -0.2660 -0.0816  0.9605
Y -0.2787 -0.9473 -0.1577
Z  0.9228 -0.3097  0.2293

PART 35
OFFSET -9.7608 -6.9502 -13.5321
SCALE 1 1 1
X -0.8555 -0.1935 -0.4802
Y  0.4636  0.1268 -0.8769
Z  0.2306 -0.9729 -0.0188

PART 36
OFFSET -2.4840 -5.3046 -9.4476
SCALE 1 1 1
X -0.8555 -0.1935 -0.4802
Y  0.4940 -0.0277 -0.8690
Z  0.1548 -0.9807  0.1193

PART 37
OFFSET -1.8604 -4.0064 -8.0869
SCALE 1 1 1
X -0.8589 -0.1916 -0.4749
Y -0.2348  0.9715  0.0328
Z  0.4551  0.1396 -0.8794

PART 38
OFFSET -1.8368 -4.6437 -7.0724
SCALE 1 1 1
X -0.8589 -0.1916 -0.4749
Y -0.2348  0.9715  0.0328
Z  0.4551  0.1396 -0.8794

PART 39
OFFSET -1.3461 -5.8859 -7.2388
SCALE 1 1 1
X -0.8589 -0.1916 -0.4749
Y -0.2348  0.9715  0.0328
Z  0.4551  0.1396 -0.8794

PART 40
OFFSET  0.1388 -4.7114 -7.9754
SCALE 1 1 1
X -0.9500 -0.0002 -0.3123
Y  0.3123  0.0086 -0.9499
Z  0.0029 -1.0000 -0.0081

PART 41
OFFSET  0.2636 -4.3091 -6.9149
SCALE 1 1 1
X -0.5540 -0.6571 -0.5111
Y  0.6448  0.0496 -0.7627
Z  0.5266 -0.7521  0.3962

PART 42
OFFSET  1.3654 -2.8541 -5.7579
SCALE 1 1 1
X -0.9324 -0.3586 -0.0440
Y  0.2177 -0.4604 -0.8606
Z  0.2884 -0.8120  0.5074

PART 43
OFFSET  2.8514 -2.2117 -5.7951
SCALE 1 1 1
X -0.7772 -0.0528  0.6271
Y -0.4690 -0.6158 -0.6331
Z  0.4196 -0.7861  0.4538

PART 44
OFFSET  3.6806 -2.1082 -6.4832
SCALE 1 1 1
X -0.9399  0.3391  0.0409
Y  0.2704  0.8119 -0.5174
Z -0.2087 -0.4752 -0.8548

PART 45
OFFSET  1.2765 -4.5000 -8.7267
SCALE 1 1 1
X -0.9571 -0.0480  0.2859
Y  0.0610 -0.9975  0.0368
Z  0.2834  0.0527  0.9576

PART 46
OFFSET  3.4607 -4.2621 -9.2340
SCALE 1 1 1
X -0.4674 -0.8480 -0.2497
Y  0.8830 -0.4615 -0.0853
Z -0.0429 -0.2604  0.9646

PART 47
OFFSET  4.1224 -3.0615 -8.8805
SCALE 1 1 1
X  0.4539 -0.8636 -0.2193
Y  0.8910  0.4372  0.1225
Z -0.0099 -0.2510  0.9679

PART 48
OFFSET  3.7199 -2.2957 -8.6860
SCALE 1 1 1
X  0.9924  0.1214 -0.0197
Y -0.1143  0.9694  0.2174
Z  0.0455 -0.2135  0.9759

PART 49
OFFSET  2.7771 -2.4111 -8.6674
SCALE 1 1 1
X -0.6939 -0.6705 -0.2626
Y -0.7192  0.6267  0.3001
Z -0.0367  0.3970 -0.9171

PART 50
OFFSET  1.2783 -4.6453 -8.0278
SCALE 1 1 1
X -0.9999 -0.0089 -0.0055
Y  0.0086 -0.9992  0.0400
Z -0.0059  0.0400  0.9992

PART 51
OFFSET  3.8746 -4.6503 -8.1610
SCALE 1 1 1
X -0.3010 -0.9489 -0.0947
Y  0.9535 -0.3008 -0.0170
Z -0.0124 -0.0954  0.9954

PART 52
OFFSET  4.3870 -3.0347 -7.9997
SCALE 1 1 1
X  0.7069 -0.7044 -0.0636
Y  0.7067  0.6999  0.1035
Z -0.0284 -0.1181  0.9926

PART 53
OFFSET  3.4073 -2.0584 -7.9117
SCALE 1 1 1
X  0.9210  0.3824  0.0746
Y -0.3882  0.9169  0.0923
Z -0.0331 -0.1139  0.9929

PART 54
OFFSET  2.4085 -2.4732 -7.9926
SCALE 1 1 1
X -0.5344 -0.8427 -0.0650
Y -0.8441  0.5361 -0.0099
Z  0.0432  0.0496 -0.9978

PART 55
OFFSET -4.0775 -5.2555 -8.4763
SCALE 1 1 1
X -0.9534 -0.2799 -0.1124
Y -0.2666  0.9563 -0.1201
Z  0.1411 -0.0846 -0.9864

PART 56
OFFSET  3.6059 -5.0887 -6.0450
SCALE 1 1 1
X -0.9418 -0.3132 -0.1223
Y  0.3173 -0.9482 -0.0152
Z -0.1112 -0.0532  0.9924

PART 57
OFFSET  5.2641 -4.5373 -5.8296
SCALE 1 1 1
X -0.2895 -0.9565 -0.0366
Y  0.9491 -0.2918  0.1184
Z -0.1239 -0.0004  0.9923

PART 58
OFFSET  5.6085 -3.3746 -5.7249
SCALE 1 1 1
X  0.6155 -0.7879  0.0192
Y  0.7783  0.6114  0.1431
Z -0.1245 -0.0731  0.9895

PART 59
OFFSET  4.9133 -2.4846 -5.7466
SCALE 1 1 1
X -0.9379 -0.3160  0.1429
Y -0.3321  0.9371 -0.1077
Z -0.0998 -0.1485 -0.9839

PART 60
OFFSET  3.8429 -4.9001 -7.1074
SCALE 1 1 1
X -0.4634 -0.8838 -0.0645
Y  0.8779 -0.4678  0.1024
Z -0.1207 -0.0092  0.9926

PART 61
OFFSET  4.7483 -3.1736 -6.9813
SCALE 1 1 1
X  0.6673 -0.7414  0.0715
Y  0.7397  0.6709  0.0530
Z -0.0873  0.0175  0.9960

PART 62
OFFSET  3.7737 -2.0907 -7.0857
SCALE 1 1 1
X  0.9793  0.1961  0.0508
Y -0.1915  0.9779 -0.0838
Z -0.0661  0.0723  0.9952

PART 63
OFFSET  2.6649 -2.3126 -7.1503
SCALE 1 1 1
X -0.6244 -0.7796 -0.0490
Y -0.7796  0.6258 -0.0223
Z  0.0481  0.0243 -0.9985

PART 64
OFFSET  10.6714 -3.3397 -3.5839
SCALE 1 1 1
X  1.0000 -0.0000  0.0000
Y  0.0000  1.0000  0.0000
Z  0.0000 -0.0000  1.0000

PART 65
OFFSET  10.6714 -3.3397 -3.5839
SCALE 1 1 1
X  1.0000 -0.0000  0.0000
Y  0.0000  1.0000  0.0000
Z  0.0000 -0.0000  1.0000

PART 66
OFFSET  9.5585 -3.6537 -3.2837
SCALE 1 1 1
X  0.0000 -0.9659  0.2588
Y  1.0000  0.0000 -0.0000
Z  0.0000  0.2588  0.9659

PART 67
OFFSET  33.8883 -3.3220 -3.1664
SCALE 1 1 1
X  1.0000 -0.0000  0.0000
Y  0.0000  1.0000  0.0000
Z  0.0000 -0.0000  1.0000

PART 68
OFFSET  10.6714 -3.2649 -4.3898
SCALE 1 1 1
X  1.0000 -0.0000  0.0000
Y  0.0000  1.0000  0.0000
Z  0.0000 -0.0000  1.0000

PART 69
OFFSET  10.6842 -3.3397 -3.1520
SCALE 1 1 1
X  1.0000 -0.0000  0.0000
Y  0.0000  1.0000  0.0000
Z  0.0000 -0.0000  1.0000

PART 70
OFFSET  16.3285 -3.3448 -5.9054
SCALE 1 1 1
X  1.0000 -0.0000  0.0000
Y  0.0000  1.0000  0.0000
Z  0.0000 -0.0000  1.0000

PART 71
OFFSET  3.0927 -2.1356 -3.5479
SCALE 1 1 1
X  1.0000 -0.0000  0.0000
Y  0.0000  1.0000  0.0000
Z  0.0000 -0.0000  1.0000

PART 72
OFFSET  3.0927 -2.2645 -3.5479
SCALE 1 1 1
X  0.6820 -0.0000  0.7314
Y -0.0000  1.0000  0.0000
Z -0.7314 -0.0000  0.6820

PART 73
OFFSET  14.7631 -3.3448 -1.5284
SCALE 1 1 1
X  1.0000 -0.0000  0.0000
Y  0.0000  1.0000  0.0000
Z  0.0000 -0.0000  1.0000

PART 74
OFFSET  8.0992 -3.3229 -4.9793
SCALE 1 1 1
X  1.0000 -0.0000  0.0000
Y  0.0000  1.0000  0.0000
Z  0.0000 -0.0000  1.0000

PART 75
OFFSET  13.4247 -3.3397 -1.8315
SCALE 1 1 1
X  0.0000 -0.9659  0.2588
Y  1.0000  0.0000  0.0000
Z -0.0000  0.2588  0.9659

PART 76
OFFSET  12.3189 -3.3397 -1.7830
SCALE 1 1 1
X  1.0000 -0.0000  0.0000
Y  0.0000  1.0000  0.0000
Z  0.0000 -0.0000  1.0000

PART 77
OFFSET  18.6037 -4.2623 -2.6850
SCALE 1 1 1
X  1.0000 -0.0000  0.0000
Y  0.0000  0.7071  0.7071
Z  0.0000 -0.7071  0.7071

PART 78
OFFSET  12.1267 -3.3397 -1.2071
SCALE 1 1 1
X  1.0000 -0.0000  0.0000
Y  0.0000  1.0000  0.0000
Z  0.0000 -0.0000  1.0000

PART 79
OFFSET  33.8883 -3.3220 -3.1664
SCALE 1 1 1
X  0.0000 -1.0000 -0.0000
Y  1.0000  0.0000  0.0000
Z -0.0000 -0.0000  1.0000

PART 80
OFFSET  40.4230 -3.3220 -3.1664
SCALE 1 1 1
X -0.0000 -1.0000 -0.0000
Y  1.0000 -0.0000 -0.0000
Z -0.0000 -0.0000  1.0000

PART 81
OFFSET  22.7848 -3.3220 -5.8650
SCALE 1 1 1
X  1.0000 -0.0000  0.0000
Y  0.0000  1.0000  0.0000
Z  0.0000 -0.0000  1.0000

PART 82
OFFSET  8.8624 -2.5847 -3.4796
SCALE 1 1 1
X  1.0000 -0.0000  0.0000
Y  0.0000  1.0000  0.0000
Z  0.0000 -0.0000  1.0000

PART 83
OFFSET  10.7085 -2.1487 -4.3845
SCALE 1 1 1
X  1.0000 -0.0000  0.0000
Y  0.0000  1.0000  0.0000
Z  0.0000 -0.0000  1.0000

PART 84
OFFSET  9.9857 -2.1487 -4.3845
SCALE 1 1 1
X  1.0000 -0.0000  0.0000
Y  0.0000  1.0000  0.0000
Z  0.0000 -0.0000  1.0000

PART 85
OFFSET  9.2614 -2.1487 -4.3845
SCALE 1 1 1
X  1.0000 -0.0000  0.0000
Y  0.0000  1.0000  0.0000
Z  0.0000 -0.0000  1.0000

PART 86
OFFSET  8.5370 -2.1487 -4.3845
SCALE 1 1 1
X  1.0000 -0.0000  0.0000
Y  0.0000  1.0000  0.0000
Z  0.0000 -0.0000  1.0000

PART 87
OFFSET  7.8127 -2.1487 -4.3845
SCALE 1 1 1
X  1.0000 -0.0000  0.0000
Y  0.0000  1.0000  0.0000
Z  0.0000 -0.0000  1.0000

PART 88
OFFSET  7.0883 -2.1487 -4.3845
SCALE 1 1 1
X  1.0000 -0.0000  0.0000
Y  0.0000  1.0000  0.0000
Z  0.0000 -0.0000  1.0000

PART 89
OFFSET  0.0000 -0.0000 -0.0000
SCALE 1 1 1
X  1.0000 -0.0000  0.0000
Y  0.0000  1.0000  0.0000
Z  0.0000 -0.0000  1.0000

PART 90
OFFSET  0.0000 -0.0000 -0.0000
SCALE 1 1 1
X  1.0000 -0.0000  0.0000
Y  0.0000  1.0000  0.0000
Z  0.0000 -0.0000  1.0000

PART 91
OFFSET  1.5404 -0.0000  4.1357
SCALE 1 1 1
X  1.0000 -0.0000  0.0000
Y  0.0000  1.0000  0.0000
Z  0.0000 -0.0000  1.0000

PART 92
OFFSET  0.0000 -0.0000 -0.0000
SCALE 1 1 1
X  1.0000 -0.0000  0.0000
Y  0.0000  1.0000  0.0000
Z  0.0000 -0.0000  1.0000


FRAME 266
PART 0
OFFSET -4.6318 -0.0000 -1.3770
SCALE 1 1 1
X  1.0000 -0.0000  0.0000
Y  0.0000  1.0000  0.0000
Z  0.0000 -0.0000  1.0000

PART 1
OFFSET  0.1218  5.5976 -6.6823
SCALE 1 1 1
X  0.8503 -0.2188 -0.4787
Y -0.1128 -0.9641  0.2403
Z -0.5141 -0.1503 -0.8445

PART 2
OFFSET  10.4051  2.9513 -12.4713
SCALE 1 1 1
X  0.8753 -0.4102  0.2562
Y -0.3239 -0.1038  0.9404
Z -0.3591 -0.9061 -0.2237

PART 3
OFFSET  17.8497 -0.5373 -10.2920
SCALE 1 1 1
X  0.8753 -0.4102  0.2562
Y -0.3193 -0.0921  0.9432
Z -0.3632 -0.9074 -0.2116

PART 4
OFFSET  20.0560  0.5377 -10.6676
SCALE 1 1 1
X  0.8782 -0.4070  0.2512
Y  0.3612  0.9086  0.2095
Z -0.3135 -0.0932  0.9450

PART 5
OFFSET  18.8819 -1.4846 -11.3762
SCALE 1 1 1
X  0.8782 -0.4070  0.2512
Y  0.3612  0.9086  0.2095
Z -0.3135 -0.0932  0.9450

PART 6
OFFSET  19.8442  0.5577 -7.8671
SCALE 1 1 1
X  0.8782 -0.4070  0.2512
Y  0.3612  0.9086  0.2095
Z -0.3135 -0.0932  0.9450

PART 7
OFFSET  18.7115 -1.8425 -8.2123
SCALE 1 1 1
X  0.8782 -0.4070  0.2512
Y  0.3612  0.9086  0.2095
Z -0.3135 -0.0932  0.9450

PART 8
OFFSET  18.4578 -2.2411 -9.4840
SCALE 1 1 1
X  0.8782 -0.4070  0.2512
Y  0.3612  0.9086  0.2095
Z -0.3135 -0.0932  0.9450

PART 9
OFFSET  20.5331 -1.7947 -9.5064
SCALE 1 1 1
X  0.8435 -0.0985  0.5280
Y -0.5325 -0.0249  0.8460
Z -0.0702 -0.9948 -0.0735

PART 10
OFFSET  20.3698 -2.2715 -8.4826
SCALE 1 1 1
X  0.0757 -0.6420  0.7630
Y -0.7864  0.4319  0.4415
Z -0.6130 -0.6335 -0.4722

PART 11
OFFSET  20.4206 -3.6490 -6.8184
SCALE 1 1 1
X  0.6756 -0.5974  0.4320
Y -0.6247 -0.1526  0.7658
Z -0.3916 -0.7873 -0.4763

PART 12
OFFSET  21.5046 -4.6926 -6.2200
SCALE 1 1 1
X  0.8578 -0.4238 -0.2910
Y  0.0039 -0.5606  0.8281
Z -0.5140 -0.7114 -0.4792

PART 13
OFFSET  22.4088 -5.1929 -6.5425
SCALE 1 1 1
X  0.9642  0.0286  0.2637
Y -0.1060  0.9529  0.2842
Z -0.2431 -0.3020  0.9218

PART 14
OFFSET  21.8029 -2.0524 -9.9804
SCALE 1 1 1
X  0.9321 -0.3618 -0.0190
Y -0.3571 -0.9263  0.1204
Z -0.0612 -0.1054 -0.9925

PART 15
OFFSET  23.8622 -2.9635 -9.8638
SCALE 1 1 1
X -0.3517 -0.8730  0.3378
Y -0.9337  0.3528 -0.0603
Z -0.0665 -0.3366 -0.9393

PART 16
OFFSET  23.3643 -4.1996 -9.3856
SCALE 1 1 1
X -0.9443 -0.2758  0.1796
Y -0.3233  0.8791 -0.3501
Z -0.0613 -0.3887 -0.9193

PART 17
OFFSET  22.5270 -4.4441 -9.2264
SCALE 1 1 1
X -0.7762  0.6121 -0.1510
Y  0.6261  0.7201 -0.2990
Z -0.0743 -0.3267 -0.9422

PART 18
OFFSET  21.7896 -3.8625 -9.3698
SCALE 1 1 1
X  0.2114 -0.8730  0.4395
Y  0.9628  0.1085 -0.2476
Z  0.1685  0.4755  0.8634

PART 19
OFFSET  21.6443 -1.9517 -9.2917
SCALE 1 1 1
X  0.9658 -0.0921  0.2422
Y -0.0640 -0.9905 -0.1213
Z  0.2511  0.1017 -0.9626

PART 20
OFFSET  24.1151 -2.5373 -8.7346
SCALE 1 1 1
X -0.3767 -0.9188  0.1183
Y -0.9261  0.3704 -0.0718
Z  0.0221 -0.1366 -0.9904

PART 21
OFFSET  23.4739 -4.1015 -8.5331
SCALE 1 1 1
X -0.9313 -0.3620  0.0411
Y -0.3637  0.9176 -0.1600
Z  0.0202 -0.1640 -0.9863

PART 22
OFFSET  22.1832 -4.6032 -8.4761
SCALE 1 1 1
X -0.4976  0.8537 -0.1535
Y  0.8670  0.4949 -0.0583
Z  0.0262 -0.1621 -0.9864

PART 23
OFFSET  21.6435 -3.6773 -8.6426
SCALE 1 1 1
X -0.0863 -0.9901  0.1106
Y  0.9936 -0.0773  0.0826
Z -0.0733  0.1170  0.9904

PART 24
OFFSET  22.2501 -2.6712 -6.5747
SCALE 1 1 1
X  0.8771 -0.3645  0.3128
Y  0.2914  0.9215  0.2567
Z -0.3818 -0.1341  0.9145

PART 25
OFFSET  23.4442 -1.8277 -6.7835
SCALE 1 1 1
X -0.0136 -0.9992  0.0373
Y -0.9933  0.0092 -0.1154
Z  0.1149 -0.0386 -0.9926

PART 26
OFFSET  23.4202 -3.5869 -6.7178
SCALE 1 1 1
X -0.7592 -0.6413 -0.1116
Y -0.6243  0.7659 -0.1538
Z  0.1841 -0.0471 -0.9818

PART 27
OFFSET  22.4861 -4.3637 -6.7938
SCALE 1 1 1
X -0.8713  0.4704 -0.1400
Y  0.4764  0.8792 -0.0109
Z  0.1180 -0.0762 -0.9901

PART 28
OFFSET  21.5020 -3.8323 -6.9519
SCALE 1 1 1
X -0.1133 -0.9682 -0.2231
Y  0.9499 -0.1714  0.2614
Z -0.2914 -0.1823  0.9391

PART 29
OFFSET  23.9194 -1.9686 -7.7708
SCALE 1 1 1
X -0.1582 -0.9828  0.0956
Y -0.9763  0.1412 -0.1642
Z  0.1479 -0.1193 -0.9818

PART 30
OFFSET  23.6103 -3.8884 -7.5840
SCALE 1 1 1
X -0.9082 -0.4076 -0.0948
Y -0.3951  0.9098 -0.1268
Z  0.1379 -0.0777 -0.9874

PART 31
OFFSET  22.2837 -4.4839 -7.7224
SCALE 1 1 1
X -0.7043  0.7078 -0.0554
Y  0.6905  0.7011  0.1779
Z  0.1648  0.0870 -0.9825

PART 32
OFFSET  21.4867 -3.6821 -7.7923
SCALE 1 1 1
X  0.0884 -0.9960 -0.0083
Y  0.9913  0.0872  0.0981
Z -0.0970 -0.0169  0.9951

PART 33
OFFSET  22.9999 -3.5644 -8.6427
SCALE 1 1 1
X  0.1983  0.0583 -0.9784
Y  0.0702  0.9948  0.0735
Z  0.9776 -0.0833  0.1932

PART 34
OFFSET -12.9782 -7.9373 -1.9159
SCALE 1 1 1
X -0.2353 -0.0708  0.9694
Y -0.2884 -0.9473 -0.1391
Z  0.9282 -0.3123  0.2025

PART 35
OFFSET -10.1329 -7.0816 -13.6391
SCALE 1 1 1
X -0.8585 -0.1902 -0.4761
Y  0.4607  0.1213 -0.8792
Z  0.2250 -0.9742 -0.0165

PART 36
OFFSET -2.8306 -5.4637 -9.5893
SCALE 1 1 1
X -0.8585 -0.1902 -0.4761
Y  0.4895 -0.0274 -0.8716
Z  0.1527 -0.9814  0.1167

PART 37
OFFSET -2.1942 -4.1647 -8.2354
SCALE 1 1 1
X -0.8619 -0.1883 -0.4708
Y -0.2292  0.9729  0.0305
Z  0.4523  0.1342 -0.8817

PART 38
OFFSET -2.1701 -4.7987 -7.2190
SCALE 1 1 1
X -0.8619 -0.1883 -0.4708
Y -0.2292  0.9729  0.0305
Z  0.4523  0.1342 -0.8817

PART 39
OFFSET -1.6871 -6.0442 -7.3832
SCALE 1 1 1
X -0.8619 -0.1883 -0.4708
Y -0.2292  0.9729  0.0305
Z  0.4523  0.1342 -0.8817

PART 40
OFFSET -0.1985 -4.8806 -8.1296
SCALE 1 1 1
X -0.9484 -0.0002 -0.3172
Y  0.3171  0.0086 -0.9483
Z  0.0029 -1.0000 -0.0081

PART 41
OFFSET -0.0792 -4.4782 -7.0685
SCALE 1 1 1
X -0.5514 -0.6571 -0.5139
Y  0.6487  0.0496 -0.7594
Z  0.5246 -0.7521  0.3989

PART 42
OFFSET  1.0168 -3.0232 -5.9059
SCALE 1 1 1
X -0.9322 -0.3586 -0.0487
Y  0.2221 -0.4604 -0.8595
Z  0.2858 -0.8120  0.5089

PART 43
OFFSET  2.5029 -2.3808 -5.9355
SCALE 1 1 1
X -0.7803 -0.0528  0.6231
Y -0.4658 -0.6158 -0.6355
Z  0.4173 -0.7861  0.4560

PART 44
OFFSET  3.3356 -2.2773 -6.6194
SCALE 1 1 1
X -0.9400  0.3391  0.0361
Y  0.2731  0.8119 -0.5160
Z -0.2043 -0.4752 -0.8558

PART 45
OFFSET  0.9430 -4.6691 -8.8751
SCALE 1 1 1
X -0.9585 -0.0480  0.2810
Y  0.0608 -0.9975  0.0371
Z  0.2785  0.0527  0.9590

PART 46
OFFSET  3.1297 -4.4313 -9.3713
SCALE 1 1 1
X -0.4661 -0.8480 -0.2521
Y  0.8834 -0.4615 -0.0808
Z -0.0478 -0.2604  0.9643

PART 47
OFFSET  3.7896 -3.2306 -9.0144
SCALE 1 1 1
X  0.4550 -0.8636 -0.2170
Y  0.8903  0.4372  0.1270
Z -0.0148 -0.2510  0.9679

PART 48
OFFSET  3.3862 -2.4649 -8.8220
SCALE 1 1 1
X  0.9925  0.1214 -0.0146
Y -0.1154  0.9694  0.2168
Z  0.0405 -0.2135  0.9761

PART 49
OFFSET  2.4433 -2.5803 -8.8081
SCALE 1 1 1
X -0.6925 -0.6705 -0.2661
Y -0.7207  0.6267  0.2964
Z -0.0320  0.3970 -0.9172

PART 50
OFFSET  0.9412 -4.8144 -8.1762
SCALE 1 1 1
X -0.9999 -0.0089 -0.0106
Y  0.0084 -0.9992  0.0400
Z -0.0110  0.0400  0.9991

PART 51
OFFSET  3.5381 -4.8194 -8.2961
SCALE 1 1 1
X -0.3005 -0.9489 -0.0962
Y  0.9536 -0.3008 -0.0121
Z -0.0174 -0.0954  0.9953

PART 52
OFFSET  4.0498 -3.2039 -8.1323
SCALE 1 1 1
X  0.7072 -0.7044 -0.0600
Y  0.7062  0.6999  0.1071
Z -0.0335 -0.1181  0.9924

PART 53
OFFSET  3.0696 -2.2276 -8.0492
SCALE 1 1 1
X  0.9206  0.3824  0.0793
Y -0.3887  0.9169  0.0903
Z -0.0382 -0.1139  0.9928

PART 54
OFFSET  2.0712 -2.6423 -8.1352
SCALE 1 1 1
X -0.5341 -0.8427 -0.0677
Y -0.8440  0.5361 -0.0142
Z  0.0483  0.0496 -0.9976

PART 55
OFFSET -4.4122 -5.4247 -8.6520
SCALE 1 1 1
X -0.9528 -0.2799 -0.1172
Y -0.2660  0.9563 -0.1215
Z  0.1461 -0.0846 -0.9856

PART 56
OFFSET  3.2587 -5.2579 -6.1816
SCALE 1 1 1
X -0.9411 -0.3132 -0.1271
Y  0.3174 -0.9482 -0.0136
Z -0.1163 -0.0532  0.9918

PART 57
OFFSET  4.9158 -4.7065 -5.9577
SCALE 1 1 1
X -0.2893 -0.9565 -0.0380
Y  0.9485 -0.2918  0.1232
Z -0.1289 -0.0004  0.9917

PART 58
OFFSET  5.2596 -3.5437 -5.8513
SCALE 1 1 1
X  0.6154 -0.7879  0.0224
Y  0.7775  0.6114  0.1471
Z -0.1296 -0.0731  0.9889

PART 59
OFFSET  4.5646 -2.6537 -5.8765
SCALE 1 1 1
X -0.9387 -0.3160  0.1381
Y -0.3316  0.9371 -0.1094
Z -0.0948 -0.1485 -0.9844

PART 60
OFFSET  3.5011 -5.0692 -7.2428
SCALE 1 1 1
X -0.4631 -0.8838 -0.0669
Y  0.8773 -0.4678  0.1069
Z -0.1258 -0.0092  0.9920

PART 61
OFFSET  4.4058 -3.3427 -7.1120
SCALE 1 1 1
X  0.6669 -0.7414  0.0749
Y  0.7394  0.6709  0.0568
Z -0.0923  0.0175  0.9956

PART 62
OFFSET  3.4318 -2.2598 -7.2214
SCALE 1 1 1
X  0.9790  0.1961  0.0558
Y -0.1910  0.9779 -0.0847
Z -0.0711  0.0723  0.9948

PART 63
OFFSET  2.3233 -2.4818 -7.2916
SCALE 1 1 1
X -0.6241 -0.7796 -0.0522
Y -0.7795  0.6258 -0.0263
Z  0.0532  0.0243 -0.9983

PART 64
OFFSET  10.3117 -3.5089 -3.6846
SCALE 1 1 1
X  1.0000 -0.0000  0.0051
Y -0.0000  1.0000  0.0000
Z -0.0051 -0.0000  1.0000

PART 65
OFFSET  10.3117 -3.5089 -3.6846
SCALE 1 1 1
X  1.0000 -0.0000  0.0051
Y -0.0000  1.0000  0.0000
Z -0.0051 -0.0000  1.0000

PART 66
OFFSET  9.1973 -3.8228 -3.3900
SCALE 1 1 1
X -0.0013 -0.9659  0.2588
Y  1.0000  0.0000  0.0051
Z -0.0049  0.2588  0.9659

PART 67
OFFSET  33.5262 -3.4911 -3.1490
SCALE 1 1 1
X  1.0000 -0.0000  0.0051
Y -0.0000  1.0000  0.0000
Z -0.0051 -0.0000  1.0000

PART 68
OFFSET  10.3158 -3.4340 -4.4904
SCALE 1 1 1
X  1.0000 -0.0000  0.0051
Y -0.0000  1.0000  0.0000
Z -0.0051 -0.0000  1.0000

PART 69
OFFSET  10.3224 -3.5089 -3.2527
SCALE 1 1 1
X  1.0000 -0.0000  0.0051
Y -0.0000  1.0000  0.0000
Z -0.0051 -0.0000  1.0000

PART 70
OFFSET  15.9806 -3.5139 -5.9772
SCALE 1 1 1
X  1.0000 -0.0000  0.0051
Y -0.0000  1.0000  0.0000
Z -0.0051 -0.0000  1.0000

PART 71
OFFSET  2.7329 -2.3047 -3.6872
SCALE 1 1 1
X  1.0000 -0.0000  0.0051
Y -0.0000  1.0000  0.0000
Z -0.0051 -0.0000  1.0000

PART 72
OFFSET  2.7329 -2.4336 -3.6872
SCALE 1 1 1
X  0.6783 -0.0000  0.7348
Y  0.0000  1.0000 -0.0000
Z -0.7348  0.0000  0.6783

PART 73
OFFSET  14.3929 -3.5139 -1.6083
SCALE 1 1 1
X  1.0000 -0.0000  0.0051
Y -0.0000  1.0000  0.0000
Z -0.0051 -0.0000  1.0000

PART 74
OFFSET  7.7466 -3.4920 -5.0931
SCALE 1 1 1
X  1.0000 -0.0000  0.0051
Y -0.0000  1.0000  0.0000
Z -0.0051 -0.0000  1.0000

PART 75
OFFSET  13.0561 -3.5089 -1.9182
SCALE 1 1 1
X -0.0013 -0.9659  0.2588
Y  1.0000 -0.0000  0.0051
Z -0.0049  0.2588  0.9659

PART 76
OFFSET  11.9501 -3.5089 -1.8754
SCALE 1 1 1
X  1.0000 -0.0000  0.0051
Y -0.0000  1.0000  0.0000
Z -0.0051 -0.0000  1.0000

PART 77
OFFSET  18.2393 -4.4314 -2.7453
SCALE 1 1 1
X  1.0000 -0.0000  0.0051
Y -0.0036  0.7071  0.7071
Z -0.0036 -0.7071  0.7071

PART 78
OFFSET  11.7549 -3.5089 -1.3004
SCALE 1 1 1
X  1.0000 -0.0000  0.0051
Y -0.0000  1.0000  0.0000
Z -0.0051 -0.0000  1.0000

PART 79
OFFSET  33.5262 -3.4911 -3.1490
SCALE 1 1 1
X  0.0000 -1.0000 -0.0000
Y  1.0000  0.0000  0.0051
Z -0.0051 -0.0000  1.0000

PART 80
OFFSET  40.0609 -3.4911 -3.1157
SCALE 1 1 1
X -0.0000 -1.0000 -0.0000
Y  1.0000 -0.0000  0.0051
Z -0.0051 -0.0000  1.0000

PART 81
OFFSET  22.4366 -3.4911 -5.9040
SCALE 1 1 1
X  1.0000 -0.0000  0.0051
Y -0.0000  1.0000  0.0000
Z -0.0051 -0.0000  1.0000

PART 82
OFFSET  8.5022 -2.7538 -3.5895
SCALE 1 1 1
X  1.0000 -0.0000  0.0051
Y -0.0000  1.0000  0.0000
Z -0.0051 -0.0000  1.0000

PART 83
OFFSET  10.3530 -2.3178 -4.4850
SCALE 1 1 1
X  1.0000 -0.0000  0.0051
Y -0.0000  1.0000  0.0000
Z -0.0051 -0.0000  1.0000

PART 84
OFFSET  9.6302 -2.3178 -4.4886
SCALE 1 1 1
X  1.0000 -0.0000  0.0051
Y -0.0000  1.0000  0.0000
Z -0.0051 -0.0000  1.0000

PART 85
OFFSET  8.9058 -2.3178 -4.4923
SCALE 1 1 1
X  1.0000 -0.0000  0.0051
Y -0.0000  1.0000  0.0000
Z -0.0051 -0.0000  1.0000

PART 86
OFFSET  8.1815 -2.3178 -4.4960
SCALE 1 1 1
X  1.0000 -0.0000  0.0051
Y -0.0000  1.0000  0.0000
Z -0.0051 -0.0000  1.0000

PART 87
OFFSET  7.4572 -2.3178 -4.4997
SCALE 1 1 1
X  1.0000 -0.0000  0.0051
Y -0.0000  1.0000  0.0000
Z -0.0051 -0.0000  1.0000

PART 88
OFFSET  6.7328 -2.3178 -4.5034
SCALE 1 1 1
X  1.0000 -0.0000  0.0051
Y -0.0000  1.0000  0.0000
Z -0.0051 -0.0000  1.0000

PART 89
OFFSET  0.0000 -0.0000 -0.0000
SCALE 1 1 1
X  1.0000 -0.0000  0.0000
Y  0.0000  1.0000  0.0000
Z  0.0000 -0.0000  1.0000

PART 90
OFFSET  0.0000 -0.0000 -0.0000
SCALE 1 1 1
X  1.0000 -0.0000  0.0000
Y  0.0000  1.0000  0.0000
Z  0.0000 -0.0000  1.0000

PART 91
OFFSET  1.5404 -0.0000  4.1357
SCALE 1 1 1
X  1.0000 -0.0000  0.0000
Y  0.0000  1.0000  0.0000
Z  0.0000 -0.0000  1.0000

PART 92
OFFSET  0.0000 -0.0000 -0.0000
SCALE 1 1 1
X  1.0000 -0.0000  0.0000
Y  0.0000  1.0000  0.0000
Z  0.0000 -0.0000  1.0000


FRAME 267
PART 0
OFFSET -4.6318 -0.0000 -1.3770
SCALE 1 1 1
X  1.0000 -0.0000  0.0000
Y  0.0000  1.0000  0.0000
Z  0.0000 -0.0000  1.0000

PART 1
OFFSET  0.1218  5.5976 -6.6823
SCALE 1 1 1
X  0.8528 -0.2200 -0.4737
Y -0.1138 -0.9634  0.2426
Z -0.5098 -0.1530 -0.8466

PART 2
OFFSET  10.4350  2.9373 -12.4114
SCALE 1 1 1
X  0.8747 -0.4089  0.2602
Y -0.3271 -0.1018  0.9395
Z -0.3577 -0.9069 -0.2228

PART 3
OFFSET  17.8745 -0.5410 -10.1983
SCALE 1 1 1
X  0.8747 -0.4089  0.2602
Y -0.3232 -0.0920  0.9419
Z -0.3612 -0.9079 -0.2126

PART 4
OFFSET  20.0813  0.5346 -10.5688
SCALE 1 1 1
X  0.8776 -0.4058  0.2552
Y  0.3599  0.9094  0.2086
Z -0.3167 -0.0912  0.9441

PART 5
OFFSET  18.9110 -1.4901 -11.2768
SCALE 1 1 1
X  0.8776 -0.4058  0.2552
Y  0.3599  0.9094  0.2086
Z -0.3167 -0.0912  0.9441

PART 6
OFFSET  19.8599  0.5610 -7.7692
SCALE 1 1 1
X  0.8776 -0.4058  0.2552
Y  0.3599  0.9094  0.2086
Z -0.3167 -0.0912  0.9441

PART 7
OFFSET  18.7300 -1.8408 -8.1127
SCALE 1 1 1
X  0.8776 -0.4058  0.2552
Y  0.3599  0.9094  0.2086
Z -0.3167 -0.0912  0.9441

PART 8
OFFSET  18.4810 -2.2425 -9.3843
SCALE 1 1 1
X  0.8776 -0.4058  0.2552
Y  0.3599  0.9094  0.2086
Z -0.3167 -0.0912  0.9441

PART 9
OFFSET  20.5560 -1.7947 -9.4006
SCALE 1 1 1
X  0.8416 -0.0985  0.5311
Y -0.5356 -0.0249  0.8441
Z -0.0699 -0.9948 -0.0737

PART 10
OFFSET  20.3890 -2.2715 -8.3774
SCALE 1 1 1
X  0.0733 -0.6417  0.7635
Y -0.7886  0.4314  0.4382
Z -0.6105 -0.6342 -0.4744

PART 11
OFFSET  20.4345 -3.6484 -6.7125
SCALE 1 1 1
X  0.6732 -0.5969  0.4365
Y -0.6289 -0.1516  0.7626
Z -0.3890 -0.7879 -0.4774

PART 12
OFFSET  21.5152 -4.6911 -6.1068
SCALE 1 1 1
X  0.8593 -0.4253 -0.2841
Y -0.0023 -0.5586  0.8294
Z -0.5115 -0.7121 -0.4810

PART 13
OFFSET  22.4211 -5.1931 -6.4219
SCALE 1 1 1
X  0.9624  0.0284  0.2702
Y -0.1070  0.9537  0.2812
Z -0.2497 -0.2995  0.9208

PART 14
OFFSET  21.8275 -2.0524 -9.8700
SCALE 1 1 1
X  0.9321 -0.3618 -0.0157
Y -0.3575 -0.9263  0.1191
Z -0.0576 -0.1054 -0.9928

PART 15
OFFSET  23.8864 -2.9635 -9.7460
SCALE 1 1 1
X -0.3504 -0.8740  0.3367
Y -0.9345  0.3502 -0.0637
Z -0.0622 -0.3370 -0.9395

PART 16
OFFSET  23.3903 -4.2009 -9.2693
SCALE 1 1 1
X -0.9438 -0.2792  0.1766
Y -0.3255  0.8779 -0.3513
Z -0.0569 -0.3890 -0.9195

PART 17
OFFSET  22.5535 -4.4485 -9.1127
SCALE 1 1 1
X -0.7797  0.6072 -0.1528
Y  0.6222  0.7241 -0.2975
Z -0.0700 -0.3271 -0.9424

PART 18
OFFSET  21.8127 -3.8716 -9.2578
SCALE 1 1 1
X  0.2159 -0.8717  0.4399
Y  0.9626  0.1146 -0.2454
Z  0.1635  0.4765  0.8639

PART 19
OFFSET  21.6664 -1.9517 -9.1819
SCALE 1 1 1
X  0.9650 -0.0921  0.2457
Y -0.0636 -0.9905 -0.1216
Z  0.2546  0.1017 -0.9617

PART 20
OFFSET  24.1352 -2.5373 -8.6158
SCALE 1 1 1
X -0.3747 -0.9197  0.1174
Y -0.9268  0.3679 -0.0755
Z  0.0262 -0.1371 -0.9902

PART 21
OFFSET  23.4974 -4.1031 -8.4160
SCALE 1 1 1
X -0.9301 -0.3653  0.0379
Y -0.3664  0.9163 -0.1619
Z  0.0244 -0.1645 -0.9861

PART 22
OFFSET  22.2083 -4.6094 -8.3634
SCALE 1 1 1
X -0.5033  0.8500 -0.1556
Y  0.8636  0.5011 -0.0560
Z  0.0303 -0.1626 -0.9862

PART 23
OFFSET  21.6625 -3.6875 -8.5321
SCALE 1 1 1
X -0.0795 -0.9906  0.1110
Y  0.9938 -0.0701  0.0857
Z -0.0771  0.1171  0.9901

PART 24
OFFSET  22.2624 -2.6712 -6.4627
SCALE 1 1 1
X  0.8760 -0.3645  0.3159
Y  0.2905  0.9215  0.2578
Z -0.3851 -0.1341  0.9131

PART 25
OFFSET  23.4572 -1.8277 -6.6672
SCALE 1 1 1
X -0.0111 -0.9992  0.0376
Y -0.9929  0.0066 -0.1189
Z  0.1185 -0.0386 -0.9922

PART 26
OFFSET  23.4376 -3.5870 -6.6010
SCALE 1 1 1
X -0.7565 -0.6440 -0.1139
Y -0.6265  0.7636 -0.1563
Z  0.1876 -0.0469 -0.9811

PART 27
OFFSET  22.5066 -4.3670 -6.6798
SCALE 1 1 1
X -0.8737  0.4648 -0.1432
Y  0.4709  0.8821 -0.0101
Z  0.1216 -0.0762 -0.9896

PART 28
OFFSET  21.5196 -3.8420 -6.8416
SCALE 1 1 1
X -0.1065 -0.9691 -0.2227
Y  0.9501 -0.1652  0.2646
Z -0.2932 -0.1834  0.9383

PART 29
OFFSET  23.9360 -1.9686 -7.6528
SCALE 1 1 1
X -0.1560 -0.9831  0.0955
Y -0.9761  0.1386 -0.1675
Z  0.1514 -0.1193 -0.9812

PART 30
OFFSET  23.6312 -3.8892 -7.4662
SCALE 1 1 1
X -0.9065 -0.4109 -0.0975
Y -0.3979  0.9084 -0.1286
Z  0.1414 -0.0778 -0.9869

PART 31
OFFSET  22.3072 -4.4893 -7.6086
SCALE 1 1 1
X -0.7085  0.7033 -0.0586
Y  0.6855  0.7055  0.1796
Z  0.1676  0.0871 -0.9820

PART 32
OFFSET  21.5055 -3.6926 -7.6820
SCALE 1 1 1
X  0.0947 -0.9955 -0.0070
Y  0.9904  0.0935  0.1015
Z -0.1003 -0.0166  0.9948

PART 33
OFFSET  23.0197 -3.5644 -8.5280
SCALE 1 1 1
X  0.2019  0.0583 -0.9777
Y  0.0699  0.9948  0.0737
Z  0.9769 -0.0833  0.1967

PART 34
OFFSET -12.9782 -7.9373 -1.9159
SCALE 1 1 1
X -0.2377 -0.0712  0.9687
Y -0.2883 -0.9472 -0.1403
Z  0.9276 -0.3126  0.2047

PART 35
OFFSET -10.1031 -7.0766 -13.6315
SCALE 1 1 1
X -0.8575 -0.1898 -0.4781
Y  0.4627  0.1215 -0.8781
Z  0.2248 -0.9743 -0.0164

PART 36
OFFSET -2.8094 -5.4624 -9.5647
SCALE 1 1 1
X -0.8575 -0.1898 -0.4781
Y  0.4914 -0.0274 -0.8705
Z  0.1521 -0.9814  0.1168

PART 37
OFFSET -2.1757 -4.1641 -8.2088
SCALE 1 1 1
X -0.8609 -0.1878 -0.4728
Y -0.2290  0.9730  0.0304
Z  0.4543  0.1344 -0.8806

PART 38
OFFSET -2.1540 -4.7985 -7.1926
SCALE 1 1 1
X -0.8609 -0.1878 -0.4728
Y -0.2290  0.9730  0.0304
Z  0.4543  0.1344 -0.8806

PART 39
OFFSET -1.6710 -6.0441 -7.3563
SCALE 1 1 1
X -0.8609 -0.1878 -0.4728
Y -0.2290  0.9730  0.0304
Z  0.4543  0.1344 -0.8806

PART 40
OFFSET -0.1805 -4.8806 -8.0989
SCALE 1 1 1
X -0.9472 -0.0002 -0.3206
Y  0.3206  0.0086 -0.9472
Z  0.0030 -1.0000 -0.0081

PART 41
OFFSET -0.0649 -4.4782 -7.0373
SCALE 1 1 1
X -0.5495 -0.6571 -0.5159
Y  0.6514  0.0496 -0.7571
Z  0.5231 -0.7521  0.4008

PART 42
OFFSET  1.0268 -3.0232 -5.8708
SCALE 1 1 1
X -0.9320 -0.3586 -0.0521
Y  0.2252 -0.4604 -0.8587
Z  0.2839 -0.8120  0.5099

PART 43
OFFSET  2.5131 -2.3808 -5.8950
SCALE 1 1 1
X -0.7826 -0.0528  0.6203
Y -0.4635 -0.6158 -0.6372
Z  0.4156 -0.7861  0.4575

PART 44
OFFSET  3.3482 -2.2773 -6.5758
SCALE 1 1 1
X -0.9402  0.3391  0.0327
Y  0.2749  0.8119 -0.5150
Z -0.2012 -0.4752 -0.8566

PART 45
OFFSET  0.9637 -4.6691 -8.8402
SCALE 1 1 1
X -0.9595 -0.0480  0.2775
Y  0.0607 -0.9975  0.0373
Z  0.2750  0.0527  0.9600

PART 46
OFFSET  3.1522 -4.4313 -9.3285
SCALE 1 1 1
X -0.4652 -0.8480 -0.2538
Y  0.8837 -0.4615 -0.0776
Z -0.0513 -0.2604  0.9641

PART 47
OFFSET  3.8109 -3.2306 -8.9692
SCALE 1 1 1
X  0.4558 -0.8636 -0.2154
Y  0.8899  0.4372  0.1303
Z -0.0183 -0.2510  0.9678

PART 48
OFFSET  3.4067 -2.4649 -8.7783
SCALE 1 1 1
X  0.9925  0.1214 -0.0110
Y -0.1162  0.9694  0.2164
Z  0.0370 -0.2135  0.9762

PART 49
OFFSET  2.4638 -2.5803 -8.7678
SCALE 1 1 1
X -0.6916 -0.6705 -0.2686
Y -0.7217  0.6267  0.2938
Z -0.0287  0.3970 -0.9174

PART 50
OFFSET  0.9594 -4.8144 -8.1413
SCALE 1 1 1
X -0.9999 -0.0089 -0.0142
Y  0.0083 -0.9992  0.0401
Z -0.0146  0.0400  0.9991

PART 51
OFFSET  3.5568 -4.8194 -8.2519
SCALE 1 1 1
X -0.3002 -0.9489 -0.0973
Y  0.9537 -0.3008 -0.0087
Z -0.0211 -0.0954  0.9952

PART 52
OFFSET  4.0678 -3.2039 -8.0862
SCALE 1 1 1
X  0.7074 -0.7044 -0.0574
Y  0.7058  0.6999  0.1096
Z -0.0371 -0.1181  0.9923

PART 53
OFFSET  3.0874 -2.2276 -8.0067
SCALE 1 1 1
X  0.9203  0.3824  0.0826
Y -0.3890  0.9169  0.0889
Z -0.0418 -0.1139  0.9926

PART 54
OFFSET  2.0893 -2.6423 -8.0963
SCALE 1 1 1
X -0.5339 -0.8427 -0.0696
Y -0.8440  0.5361 -0.0173
Z  0.0519  0.0496 -0.9974

PART 55
OFFSET -4.3922 -5.4247 -8.6365
SCALE 1 1 1
X -0.9524 -0.2799 -0.1207
Y -0.2655  0.9563 -0.1224
Z  0.1497 -0.0846 -0.9851

PART 56
OFFSET  3.2697 -5.2579 -6.1383
SCALE 1 1 1
X -0.9407 -0.3132 -0.1305
Y  0.3174 -0.9482 -0.0125
Z -0.1199 -0.0532  0.9914

PART 57
OFFSET  4.9259 -4.7065 -5.9085
SCALE 1 1 1
X -0.2892 -0.9565 -0.0391
Y  0.9481 -0.2918  0.1266
Z -0.1325 -0.0004  0.9912

PART 58
OFFSET  5.2694 -3.5437 -5.8008
SCALE 1 1 1
X  0.6153 -0.7879  0.0246
Y  0.7770  0.6114  0.1499
Z -0.1331 -0.0731  0.9884

PART 59
OFFSET  4.5744 -2.6537 -5.8286
SCALE 1 1 1
X -0.9392 -0.3160  0.1347
Y -0.3312  0.9371 -0.1106
Z -0.0913 -0.1485 -0.9847

PART 60
OFFSET  3.5160 -5.0692 -7.1986
SCALE 1 1 1
X -0.4629 -0.8838 -0.0686
Y  0.8769 -0.4678  0.1101
Z -0.1293 -0.0092  0.9916

PART 61
OFFSET  4.4202 -3.3427 -7.0646
SCALE 1 1 1
X  0.6666 -0.7414  0.0773
Y  0.7392  0.6709  0.0595
Z -0.0959  0.0175  0.9952

PART 62
OFFSET  3.4465 -2.2598 -7.1776
SCALE 1 1 1
X  0.9788  0.1961  0.0593
Y -0.1907  0.9779 -0.0854
Z -0.0747  0.0723  0.9946

PART 63
OFFSET  2.3383 -2.4818 -7.2518
SCALE 1 1 1
X -0.6239 -0.7796 -0.0545
Y -0.7794  0.6258 -0.0291
Z  0.0568  0.0243 -0.9981

PART 64
OFFSET  10.3137 -3.5089 -3.6158
SCALE 1 1 1
X  1.0000 -0.0000  0.0087
Y -0.0000  1.0000  0.0000
Z -0.0087 -0.0000  1.0000

PART 65
OFFSET  10.3137 -3.5089 -3.6158
SCALE 1 1 1
X  1.0000 -0.0000  0.0087
Y -0.0000  1.0000  0.0000
Z -0.0087 -0.0000  1.0000

PART 66
OFFSET  9.1981 -3.8228 -3.3253
SCALE 1 1 1
X -0.0023 -0.9659  0.2588
Y  1.0000  0.0000  0.0087
Z -0.0084  0.2588  0.9659

PART 67
OFFSET  33.5260 -3.4911 -2.9961
SCALE 1 1 1
X  1.0000 -0.0000  0.0087
Y -0.0000  1.0000  0.0000
Z -0.0087 -0.0000  1.0000

PART 68
OFFSET  10.3207 -3.4340 -4.4217
SCALE 1 1 1
X  1.0000 -0.0000  0.0087
Y -0.0000  1.0000  0.0000
Z -0.0087 -0.0000  1.0000

PART 69
OFFSET  10.3227 -3.5089 -3.1839
SCALE 1 1 1
X  1.0000 -0.0000  0.0087
Y -0.0000  1.0000  0.0000
Z -0.0087 -0.0000  1.0000

PART 70
OFFSET  15.9908 -3.5139 -5.8879
SCALE 1 1 1
X  1.0000 -0.0000  0.0087
Y -0.0000  1.0000  0.0000
Z -0.0087 -0.0000  1.0000

PART 71
OFFSET  2.7349 -2.3047 -3.6458
SCALE 1 1 1
X  1.0000 -0.0000  0.0087
Y -0.0000  1.0000  0.0000
Z -0.0087 -0.0000  1.0000

PART 72
OFFSET  2.7349 -2.4336 -3.6458
SCALE 1 1 1
X  0.6756 -0.0000  0.7373
Y  0.0000  1.0000 -0.0000
Z -0.7373  0.0000  0.6756

PART 73
OFFSET  14.3873 -3.5139 -1.5248
SCALE 1 1 1
X  1.0000 -0.0000  0.0087
Y -0.0000  1.0000  0.0000
Z -0.0087 -0.0000  1.0000

PART 74
OFFSET  7.7537 -3.4920 -5.0336
SCALE 1 1 1
X  1.0000 -0.0000  0.0087
Y -0.0000  1.0000  0.0000
Z -0.0087 -0.0000  1.0000

PART 75
OFFSET  13.0516 -3.5089 -1.8396
SCALE 1 1 1
X -0.0023 -0.9659  0.2588
Y  1.0000 -0.0000  0.0087
Z -0.0084  0.2588  0.9659

PART 76
OFFSET  11.9454 -3.5089 -1.8007
SCALE 1 1 1
X  1.0000 -0.0000  0.0087
Y -0.0000  1.0000  0.0000
Z -0.0087 -0.0000  1.0000

PART 77
OFFSET  18.2378 -4.4314 -2.6478
SCALE 1 1 1
X  1.0000 -0.0000  0.0087
Y -0.0062  0.7071  0.7071
Z -0.0062 -0.7071  0.7071

PART 78
OFFSET  11.7482 -3.5089 -1.2265
SCALE 1 1 1
X  1.0000 -0.0000  0.0087
Y -0.0000  1.0000  0.0000
Z -0.0087 -0.0000  1.0000

PART 79
OFFSET  33.5260 -3.4911 -2.9961
SCALE 1 1 1
X  0.0000 -1.0000 -0.0000
Y  1.0000  0.0000  0.0087
Z -0.0087 -0.0000  1.0000

PART 80
OFFSET  40.0605 -3.4911 -2.9392
SCALE 1 1 1
X -0.0000 -1.0000 -0.0000
Y  1.0000 -0.0000  0.0087
Z -0.0087 -0.0000  1.0000

PART 81
OFFSET  22.4465 -3.4911 -5.7914
SCALE 1 1 1
X  1.0000 -0.0000  0.0087
Y -0.0000  1.0000  0.0000
Z -0.0087 -0.0000  1.0000

PART 82
OFFSET  8.5038 -2.7538 -3.5273
SCALE 1 1 1
X  1.0000 -0.0000  0.0087
Y -0.0000  1.0000  0.0000
Z -0.0087 -0.0000  1.0000

PART 83
OFFSET  10.3578 -2.3178 -4.4161
SCALE 1 1 1
X  1.0000 -0.0000  0.0087
Y -0.0000  1.0000  0.0000
Z -0.0087 -0.0000  1.0000

PART 84
OFFSET  9.6350 -2.3178 -4.4224
SCALE 1 1 1
X  1.0000 -0.0000  0.0087
Y -0.0000  1.0000  0.0000
Z -0.0087 -0.0000  1.0000

PART 85
OFFSET  8.9107 -2.3178 -4.4287
SCALE 1 1 1
X  1.0000 -0.0000  0.0087
Y -0.0000  1.0000  0.0000
Z -0.0087 -0.0000  1.0000

PART 86
OFFSET  8.1864 -2.3178 -4.4350
SCALE 1 1 1
X  1.0000 -0.0000  0.0087
Y -0.0000  1.0000  0.0000
Z -0.0087 -0.0000  1.0000

PART 87
OFFSET  7.4620 -2.3178 -4.4413
SCALE 1 1 1
X  1.0000 -0.0000  0.0087
Y -0.0000  1.0000  0.0000
Z -0.0087 -0.0000  1.0000

PART 88
OFFSET  6.7377 -2.3178 -4.4476
SCALE 1 1 1
X  1.0000 -0.0000  0.0087
Y -0.0000  1.0000  0.0000
Z -0.0087 -0.0000  1.0000

PART 89
OFFSET  0.0000 -0.0000 -0.0000
SCALE 1 1 1
X  1.0000 -0.0000  0.0000
Y  0.0000  1.0000  0.0000
Z  0.0000 -0.0000  1.0000

PART 90
OFFSET  0.0000 -0.0000 -0.0000
SCALE 1 1 1
X  1.0000 -0.0000  0.0000
Y  0.0000  1.0000  0.0000
Z  0.0000 -0.0000  1.0000

PART 91
OFFSET  1.5404 -0.0000  4.1357
SCALE 1 1 1
X  1.0000 -0.0000  0.0000
Y  0.0000  1.0000  0.0000
Z  0.0000 -0.0000  1.0000

PART 92
OFFSET  0.0000 -0.0000 -0.0000
SCALE 1 1 1
X  1.0000 -0.0000  0.0000
Y  0.0000  1.0000  0.0000
Z  0.0000 -0.0000  1.0000


FRAME 268
PART 0
OFFSET -4.6318 -0.0000 -1.3770
SCALE 1 1 1
X  1.0000 -0.0000  0.0000
Y  0.0000  1.0000  0.0000
Z  0.0000 -0.0000  1.0000

PART 1
OFFSET  0.1218  5.5976 -6.6823
SCALE 1 1 1
X  0.8537 -0.2190 -0.4725
Y -0.1119 -0.9632  0.2443
Z -0.5086 -0.1557 -0.8468

PART 2
OFFSET  10.4463  2.9493 -12.3966
SCALE 1 1 1
X  0.8748 -0.4067  0.2634
Y -0.3292 -0.1001  0.9389
Z -0.3555 -0.9081 -0.2215

PART 3
OFFSET  17.8867 -0.5096 -10.1566
SCALE 1 1 1
X  0.8748 -0.4067  0.2634
Y -0.3256 -0.0910  0.9411
Z -0.3588 -0.9090 -0.2120

PART 4
OFFSET  20.0924  0.5692 -10.5244
SCALE 1 1 1
X  0.8777 -0.4036  0.2584
Y  0.3577  0.9106  0.2072
Z -0.3189 -0.0894  0.9436

PART 5
OFFSET  18.9276 -1.4595 -11.2302
SCALE 1 1 1
X  0.8777 -0.4036  0.2584
Y  0.3577  0.9106  0.2072
Z -0.3189 -0.0894  0.9436

PART 6
OFFSET  19.8641  0.6021 -7.7254
SCALE 1 1 1
X  0.8777 -0.4036  0.2584
Y  0.3577  0.9106  0.2072
Z -0.3189 -0.0894  0.9436

PART 7
OFFSET  18.7395 -1.8027 -8.0657
SCALE 1 1 1
X  0.8777 -0.4036  0.2584
Y  0.3577  0.9106  0.2072
Z -0.3189 -0.0894  0.9436

PART 8
