// Export filename: `C:\projects\cod\t5\xanim_export\t5_viewmodels\spas12\spas12_idle.XANIM_EXPORT`
// Source filename: `D:\projects\devanim\t5\animation_assets\viewmodels/spas12/ViewModel_Spas12_animated.fbx`
// Export time: Sat Sep 11 16:00:34 2010

ANIMATION
VERSION 3

NUMPARTS 78
PART 0 "tag_ads"
PART 1 "tag_torso"
PART 2 "J_Shoulder_LE"
PART 3 "J_Elbow_LE"
PART 4 "J_WristTwist_LE"
PART 5 "J_Sleave_Reshape_Bottom_LE_1"
PART 6 "J_Sleave_Reshape_Bottom_LE_2"
PART 7 "J_Sleave_Reshape_Top_LE_1"
PART 8 "J_Sleave_Reshape_Top_LE_2"
PART 9 "J_Sleave_Reshape_Top_LE_3"
PART 10 "J_Wrist_LE"
PART 11 "J_Thumb_LE_0"
PART 12 "J_Thumb_LE_1"
PART 13 "J_Thumb_LE_2"
PART 14 "J_Thumb_LE_3"
PART 15 "J_PinkyPalm_LE"
PART 16 "J_Pinky_LE_0"
PART 17 "J_Pinky_LE_1"
PART 18 "J_Pinky_LE_2"
PART 19 "J_Pinky_LE_3"
PART 20 "J_RingPalm_LE"
PART 21 "J_Ring_LE_0"
PART 22 "J_Ring_LE_1"
PART 23 "J_Ring_LE_2"
PART 24 "J_Ring_LE_3"
PART 25 "J_Webbing_LE"
PART 26 "J_Index_LE_0"
PART 27 "J_Index_LE_1"
PART 28 "J_Index_LE_2"
PART 29 "J_Index_LE_3"
PART 30 "J_Mid_LE_0"
PART 31 "J_Mid_LE_1"
PART 32 "J_Mid_LE_2"
PART 33 "J_Mid_LE_3"
PART 34 "tag_knife_attach"
PART 35 "tag_weapon"
PART 36 "J_Gun"
PART 37 "TAG_CLIP"
PART 38 "J_Bolt"
PART 39 "J_pump"
PART 40 "J_ring"
PART 41 "J_stock"
PART 42 "J_stocktop"
PART 43 "J_Load"
PART 44 "tag_iron_sights"
PART 45 "J_Shoulder_RI"
PART 46 "J_Elbow_RI"
PART 47 "J_WristTwist_RI"
PART 48 "J_Sleave_Reshape_Top_RI_3"
PART 49 "J_Sleave_Reshape_Top_RI_2"
PART 50 "J_Sleave_Reshape_Top_RI_1"
PART 51 "J_Wrist_RI"
PART 52 "J_Thumb_RI_0"
PART 53 "J_Thumb_RI_1"
PART 54 "J_Thumb_RI_2"
PART 55 "J_Thumb_RI_3"
PART 56 "J_PinkyPalm_RI"
PART 57 "J_Pinky_RI_0"
PART 58 "J_Pinky_RI_1"
PART 59 "J_Pinky_RI_2"
PART 60 "J_Pinky_RI_3"
PART 61 "J_RingPalm_RI"
PART 62 "J_Ring_RI_0"
PART 63 "J_Ring_RI_1"
PART 64 "J_Ring_RI_2"
PART 65 "J_Ring_RI_3"
PART 66 "J_Webbing_RI"
PART 67 "J_Index_RI_0"
PART 68 "J_Index_RI_1"
PART 69 "J_Index_RI_2"
PART 70 "J_Index_RI_3"
PART 71 "J_Mid_RI_0"
PART 72 "J_Mid_RI_1"
PART 73 "J_Mid_RI_2"
PART 74 "J_Mid_RI_3"
PART 75 "tag_cambone"
PART 76 "tag_camera"
PART 77 "tag_gasmask"

FRAMERATE 30
NUMFRAMES 3

FRAME 0
PART 0
OFFSET  0.0000 -0.0000 -0.0000
X  1.0000 -0.0000  0.0000
Y  0.0000  1.0000  0.0000
Z  0.0000 -0.0000  1.0000

PART 1
OFFSET -4.6318 -0.0000 -1.3770
X  1.0000 -0.0000  0.0000
Y  0.0000  1.0000  0.0000
Z  0.0000 -0.0000  1.0000

PART 2
OFFSET -2.1458  5.0340 -5.9168
X  0.9027  0.0111 -0.4301
Y -0.0579 -0.9875 -0.1469
Z -0.4264  0.1575 -0.8907

PART 3
OFFSET  8.7714  5.1685 -11.1188
X  0.6922 -0.5722  0.4398
Y -0.6705 -0.2843  0.6853
Z -0.2671 -0.7692 -0.5805

PART 4
OFFSET  14.6586  0.3014 -7.3780
X  0.6922 -0.5722  0.4398
Y  0.2513  0.7624  0.5963
Z -0.6765 -0.3022  0.6715

PART 5
OFFSET  16.2843  1.1645 -6.9709
X  0.6969 -0.5684  0.4373
Y  0.2748  0.7749  0.5693
Z -0.6624 -0.2766  0.6962

PART 6
OFFSET  16.0073 -0.4838 -8.2164
X  0.6969 -0.5684  0.4373
Y  0.2748  0.7749  0.5693
Z -0.6624 -0.2766  0.6962

PART 7
OFFSET  14.9156  0.0572 -5.0639
X  0.6969 -0.5684  0.4373
Y  0.2748  0.7749  0.5693
Z -0.6624 -0.2766  0.6962

PART 8
OFFSET  14.6369 -1.6386 -5.7248
X  0.6969 -0.5684  0.4373
Y  0.2748  0.7749  0.5693
Z -0.6624 -0.2766  0.6962

PART 9
OFFSET  14.8524 -1.6124 -6.9031
X  0.6969 -0.5684  0.4373
Y  0.2748  0.7749  0.5693
Z -0.6624 -0.2766  0.6962

PART 10
OFFSET  16.7806 -1.4529 -6.0297
X  0.9561 -0.2551 -0.1444
Y  0.2902  0.7545  0.5887
Z -0.0412 -0.6047  0.7954

PART 11
OFFSET  17.4739 -1.0878 -5.2000
X  0.8948 -0.0929  0.4368
Y -0.0934  0.9176  0.3864
Z -0.4367 -0.3865  0.8123

PART 12
OFFSET  19.3710 -1.2182 -4.1737
X  0.9573 -0.2890 -0.0040
Y  0.2129  0.6956  0.6862
Z -0.1955 -0.6578  0.7274

PART 13
OFFSET  20.8819 -1.7998 -4.1397
X  0.9595  0.0172  0.2811
Y -0.1601  0.8544  0.4944
Z -0.2317 -0.5194  0.8225

PART 14
OFFSET  21.9062 -1.7905 -3.7896
X  0.8241  0.5224 -0.2190
Y -0.3302  0.1290 -0.9351
Z -0.4602  0.8429  0.2788

PART 15
OFFSET  17.2706 -2.5988 -6.6215
X  0.4856 -0.8741  0.0104
Y -0.3966 -0.2097  0.8937
Z -0.7790 -0.4382 -0.4485

PART 16
OFFSET  18.4265 -4.5247 -6.4231
X -0.2030 -0.3776  0.9035
Y -0.6387  0.7504  0.1701
Z -0.7422 -0.5425 -0.3935

PART 17
OFFSET  18.1392 -5.0592 -5.1440
X -0.6098  0.3398  0.7160
Y -0.2952  0.7410 -0.6031
Z -0.7355 -0.5792 -0.3516

PART 18
OFFSET  17.5985 -4.7580 -4.5092
X -0.5625  0.1899  0.8047
Y -0.3523  0.8255 -0.4410
Z -0.7480 -0.5315 -0.3974

PART 19
OFFSET  17.0641 -4.5775 -3.7447
X  0.7595 -0.5866 -0.2812
Y  0.0015  0.4338 -0.9010
Z  0.6505  0.6839  0.3303

PART 20
OFFSET  17.6795 -2.0691 -6.3731
X  0.8205 -0.4781 -0.3134
Y -0.0735 -0.6319  0.7716
Z -0.5669 -0.6100 -0.5536

PART 21
OFFSET  19.6090 -3.7720 -6.7411
X  0.2127 -0.7634  0.6099
Y -0.6728  0.3382  0.6580
Z -0.7086 -0.5503 -0.4417

PART 22
OFFSET  19.9712 -5.0717 -5.7028
X -0.6327  0.2090  0.7456
Y -0.3384  0.7914 -0.5090
Z -0.6965 -0.5744 -0.4300

PART 23
OFFSET  19.0943 -4.7821 -4.6694
X -0.6066  0.1383  0.7829
Y -0.3898  0.8065 -0.4445
Z -0.6929 -0.5748 -0.4353

PART 24
OFFSET  18.4365 -4.6320 -3.8203
X  0.6856 -0.6023 -0.4089
Y  0.0584  0.6054 -0.7938
Z  0.7257  0.5203  0.4502

PART 25
OFFSET  20.1666 -1.3654 -5.1139
X  0.8320 -0.5541 -0.0286
Y  0.3285  0.5335 -0.7794
Z  0.4471  0.6390  0.6259

PART 26
OFFSET  20.7402 -1.6530 -6.4441
X  0.7227 -0.6863  0.0819
Y -0.6038 -0.5693  0.5580
Z -0.3363 -0.4527 -0.8258

PART 27
OFFSET  22.0126 -2.8614 -6.2999
X  0.6747 -0.7357  0.0595
Y -0.6548 -0.5594  0.5083
Z -0.3407 -0.3819 -0.8591

PART 28
OFFSET  22.8535 -3.7325 -6.1755
X  0.4151 -0.8410  0.3469
Y -0.8685 -0.2529  0.4263
Z -0.2708 -0.4783 -0.8354

PART 29
OFFSET  23.3225 -4.6825 -5.7836
X  0.5727  0.3675 -0.7328
Y -0.6157  0.7830 -0.0885
Z  0.5412  0.5019  0.6747

PART 30
OFFSET  20.3160 -2.5528 -6.9246
X  0.6022 -0.7352  0.3111
Y -0.5087 -0.0532  0.8593
Z -0.6152 -0.6757 -0.4060

PART 31
OFFSET  21.4925 -3.9891 -6.3170
X  0.0066 -0.5335  0.8458
Y -0.7577  0.5493  0.3524
Z -0.6526 -0.6431 -0.4006

PART 32
OFFSET  21.5021 -4.7683 -5.0816
X -0.4599 -0.0734  0.8849
Y -0.5636  0.7943 -0.2270
Z -0.6862 -0.6031 -0.4066

PART 33
OFFSET  20.9768 -4.8563 -4.0821
X  0.7565 -0.4125 -0.5076
Y -0.1860  0.6083 -0.7716
Z  0.6270  0.6781  0.3834

PART 34
OFFSET  19.1536 -3.4726 -5.5265
X -0.6108 -0.6147 -0.4990
Y  0.0412  0.6047 -0.7954
Z  0.7907 -0.5064 -0.3441

PART 35
OFFSET  10.6714 -3.3397 -3.5839
X  1.0000 -0.0000  0.0000
Y  0.0000  1.0000  0.0000
Z  0.0000 -0.0000  1.0000

PART 36
OFFSET  10.6714 -3.3397 -3.5839
X  1.0000 -0.0000  0.0000
Y  0.0000  1.0000  0.0000
Z  0.0000 -0.0000  1.0000

PART 37
OFFSET -116.8620 -3.3229 -4.3119
X  0.0000 -0.0000 -1.0000
Y  0.0000  1.0000  0.0000
Z  1.0000 -0.0000  0.0000

PART 38
OFFSET  10.6842 -3.3397 -3.1520
X  1.0000 -0.0000  0.0000
Y  0.0000  1.0000  0.0000
Z  0.0000 -0.0000  1.0000

PART 39
OFFSET  15.9385 -3.3448 -5.9054
X  1.0000 -0.0000  0.0000
Y  0.0000  1.0000  0.0000
Z  0.0000 -0.0000  1.0000

PART 40
OFFSET  3.0927 -2.2645 -3.5479
X  0.6820 -0.0000  0.7314
Y -0.0000  1.0000  0.0000
Z -0.7314 -0.0000  0.6820

PART 41
OFFSET  3.0927 -2.1356 -3.5479
X  1.0000 -0.0000  0.0000
Y  0.0000  1.0000  0.0000
Z  0.0000 -0.0000  1.0000

PART 42
OFFSET  14.7631 -3.3448 -1.5284
X  1.0000 -0.0000  0.0000
Y  0.0000  1.0000  0.0000
Z  0.0000 -0.0000  1.0000

PART 43
OFFSET  8.0992 -3.3229 -4.9793
X  1.0000 -0.0000  0.0000
Y -0.0000  1.0000  0.0000
Z -0.0000 -0.0000  1.0000

PART 44
OFFSET  13.4247 -3.3397 -1.8315
X  0.0000 -0.9659  0.2588
Y  1.0000  0.0000  0.0000
Z -0.0000  0.2588  0.9659

PART 45
OFFSET -12.9782 -7.9373 -1.9159
X -0.2660 -0.0816  0.9605
Y -0.2787 -0.9473 -0.1577
Z  0.9228 -0.3097  0.2293

PART 46
OFFSET -9.7608 -6.9502 -13.5321
X -0.8555 -0.1935 -0.4802
Y  0.4636  0.1268 -0.8769
Z  0.2306 -0.9729 -0.0188

PART 47
OFFSET -2.4840 -5.3046 -9.4476
X -0.8555 -0.1935 -0.4802
Y  0.4940 -0.0277 -0.8690
Z  0.1548 -0.9807  0.1193

PART 48
OFFSET -1.8604 -4.0065 -8.0869
X -0.8589 -0.1916 -0.4749
Y -0.2348  0.9715  0.0328
Z  0.4551  0.1396 -0.8794

PART 49
OFFSET -1.8367 -4.6438 -7.0725
X -0.8589 -0.1916 -0.4749
Y -0.2348  0.9715  0.0328
Z  0.4551  0.1396 -0.8794

PART 50
OFFSET -1.3462 -5.8859 -7.2387
X -0.8589 -0.1916 -0.4749
Y -0.2348  0.9715  0.0328
Z  0.4551  0.1396 -0.8794

PART 51
OFFSET  0.1388 -4.7114 -7.9754
X -0.9500 -0.0002 -0.3123
Y  0.3123  0.0086 -0.9499
Z  0.0029 -1.0000 -0.0081

PART 52
OFFSET  0.2636 -4.3091 -6.9149
X -0.5540 -0.6571 -0.5111
Y  0.6448  0.0496 -0.7627
Z  0.5266 -0.7521  0.3962

PART 53
OFFSET  1.3654 -2.8541 -5.7579
X -0.9324 -0.3586 -0.0440
Y  0.2177 -0.4604 -0.8606
Z  0.2884 -0.8120  0.5074

PART 54
OFFSET  2.8514 -2.2117 -5.7951
X -0.7772 -0.0528  0.6271
Y -0.4690 -0.6158 -0.6331
Z  0.4196 -0.7861  0.4538

PART 55
OFFSET  3.6806 -2.1082 -6.4832
X -0.9399  0.3391  0.0409
Y  0.2704  0.8119 -0.5174
Z -0.2087 -0.4752 -0.8548

PART 56
OFFSET  1.2765 -4.5000 -8.7267
X -0.9571 -0.0480  0.2859
Y  0.0610 -0.9975  0.0368
Z  0.2834  0.0527  0.9576

PART 57
OFFSET  3.4607 -4.2621 -9.2340
X -0.4674 -0.8480 -0.2497
Y  0.8830 -0.4615 -0.0853
Z -0.0429 -0.2604  0.9646

PART 58
OFFSET  4.1224 -3.0615 -8.8805
X  0.4539 -0.8636 -0.2193
Y  0.8910  0.4372  0.1225
Z -0.0099 -0.2510  0.9679

PART 59
OFFSET  3.7199 -2.2957 -8.6860
X  0.9924  0.1214 -0.0197
Y -0.1143  0.9694  0.2174
Z  0.0455 -0.2135  0.9759

PART 60
OFFSET  2.7771 -2.4111 -8.6674
X -0.6939 -0.6705 -0.2626
Y -0.7192  0.6267  0.3001
Z -0.0367  0.3970 -0.9171

PART 61
OFFSET  1.2783 -4.6453 -8.0278
X -0.9999 -0.0089 -0.0055
Y  0.0086 -0.9992  0.0400
Z -0.0059  0.0400  0.9992

PART 62
OFFSET  3.8746 -4.6503 -8.1610
X -0.3010 -0.9489 -0.0947
Y  0.9535 -0.3008 -0.0170
Z -0.0124 -0.0954  0.9954

PART 63
OFFSET  4.3870 -3.0347 -7.9997
X  0.7069 -0.7044 -0.0636
Y  0.7067  0.6999  0.1035
Z -0.0284 -0.1181  0.9926

PART 64
OFFSET  3.4073 -2.0584 -7.9117
X  0.9210  0.3824  0.0746
Y -0.3882  0.9169  0.0923
Z -0.0331 -0.1139  0.9929

PART 65
OFFSET  2.4085 -2.4732 -7.9926
X -0.5344 -0.8427 -0.0650
Y -0.8441  0.5361 -0.0099
Z  0.0432  0.0496 -0.9978

PART 66
OFFSET -4.0775 -5.2555 -8.4763
X -0.9534 -0.2799 -0.1124
Y -0.2666  0.9563 -0.1201
Z  0.1411 -0.0846 -0.9864

PART 67
OFFSET  3.6059 -5.0887 -6.0450
X -0.9418 -0.3132 -0.1223
Y  0.3173 -0.9482 -0.0152
Z -0.1112 -0.0532  0.9924

PART 68
OFFSET  5.2641 -4.5373 -5.8296
X -0.2895 -0.9565 -0.0366
Y  0.9491 -0.2918  0.1184
Z -0.1239 -0.0004  0.9923

PART 69
OFFSET  5.6085 -3.3746 -5.7249
X  0.6155 -0.7879  0.0192
Y  0.7783  0.6114  0.1431
Z -0.1245 -0.0731  0.9895

PART 70
OFFSET  4.9133 -2.4846 -5.7466
X -0.9379 -0.3160  0.1429
Y -0.3321  0.9371 -0.1077
Z -0.0998 -0.1485 -0.9839

PART 71
OFFSET  3.8429 -4.9001 -7.1074
X -0.4634 -0.8838 -0.0645
Y  0.8779 -0.4678  0.1024
Z -0.1207 -0.0092  0.9926

PART 72
OFFSET  4.7483 -3.1736 -6.9813
X  0.6673 -0.7414  0.0715
Y  0.7397  0.6709  0.0530
Z -0.0873  0.0175  0.9960

PART 73
OFFSET  3.7737 -2.0907 -7.0857
X  0.9793  0.1961  0.0508
Y -0.1915  0.9779 -0.0838
Z -0.0661  0.0723  0.9952

PART 74
OFFSET  2.6649 -2.3126 -7.1503
X -0.6244 -0.7796 -0.0490
Y -0.7796  0.6258 -0.0223
Z  0.0481  0.0243 -0.9985

PART 75
OFFSET  0.0000 -0.0000 -0.0000
X  1.0000 -0.0000  0.0000
Y  0.0000  1.0000  0.0000
Z  0.0000 -0.0000  1.0000

PART 76
OFFSET  0.0000 -0.0000 -0.0000
X  1.0000 -0.0000  0.0000
Y  0.0000  1.0000  0.0000
Z  0.0000 -0.0000  1.0000

PART 77
OFFSET  1.5404 -0.0000  4.1357
X  1.0000 -0.0000  0.0000
Y  0.0000  1.0000  0.0000
Z  0.0000 -0.0000  1.0000


FRAME 1
PART 0
OFFSET  0.0000 -0.0000 -0.0000
X  1.0000 -0.0000  0.0000
Y  0.0000  1.0000  0.0000
Z  0.0000 -0.0000  1.0000

PART 1
OFFSET -4.6318 -0.0000 -1.3770
X  1.0000 -0.0000  0.0000
Y  0.0000  1.0000  0.0000
Z  0.0000 -0.0000  1.0000

PART 2
OFFSET -2.1458  5.0340 -5.9168
X  0.9027  0.0111 -0.4301
Y -0.0579 -0.9875 -0.1469
Z -0.4264  0.1575 -0.8907

PART 3
OFFSET  8.7714  5.1685 -11.1188
X  0.6922 -0.5722  0.4398
Y -0.6705 -0.2843  0.6853
Z -0.2671 -0.7692 -0.5805

PART 4
OFFSET  14.6586  0.3014 -7.3780
X  0.6922 -0.5722  0.4398
Y  0.2513  0.7624  0.5963
Z -0.6765 -0.3022  0.6715

PART 5
OFFSET  16.2843  1.1645 -6.9709
X  0.6969 -0.5684  0.4373
Y  0.2748  0.7749  0.5693
Z -0.6624 -0.2766  0.6962

PART 6
OFFSET  16.0073 -0.4838 -8.2164
X  0.6969 -0.5684  0.4373
Y  0.2748  0.7749  0.5693
Z -0.6624 -0.2766  0.6962

PART 7
OFFSET  14.9156  0.0572 -5.0639
X  0.6969 -0.5684  0.4373
Y  0.2748  0.7749  0.5693
Z -0.6624 -0.2766  0.6962

PART 8
OFFSET  14.6369 -1.6386 -5.7248
X  0.6969 -0.5684  0.4373
Y  0.2748  0.7749  0.5693
Z -0.6624 -0.2766  0.6962

PART 9
OFFSET  14.8524 -1.6124 -6.9031
X  0.6969 -0.5684  0.4373
Y  0.2748  0.7749  0.5693
Z -0.6624 -0.2766  0.6962

PART 10
OFFSET  16.7806 -1.4529 -6.0297
X  0.9561 -0.2551 -0.1444
Y  0.2902  0.7545  0.5887
Z -0.0412 -0.6047  0.7954

PART 11
OFFSET  17.4739 -1.0878 -5.2000
X  0.8948 -0.0929  0.4368
Y -0.0934  0.9176  0.3864
Z -0.4367 -0.3865  0.8123

PART 12
OFFSET  19.3710 -1.2182 -4.1737
X  0.9573 -0.2890 -0.0040
Y  0.2129  0.6956  0.6862
Z -0.1955 -0.6578  0.7274

PART 13
OFFSET  20.8819 -1.7998 -4.1397
X  0.9595  0.0172  0.2811
Y -0.1601  0.8544  0.4944
Z -0.2317 -0.5194  0.8225

PART 14
OFFSET  21.9062 -1.7905 -3.7896
X  0.8241  0.5224 -0.2190
Y -0.3302  0.1290 -0.9351
Z -0.4602  0.8429  0.2788

PART 15
OFFSET  17.2706 -2.5988 -6.6215
X  0.4856 -0.8741  0.0104
Y -0.3966 -0.2097  0.8937
Z -0.7790 -0.4382 -0.4485

PART 16
OFFSET  18.4265 -4.5247 -6.4231
X -0.2030 -0.3776  0.9035
Y -0.6387  0.7504  0.1701
Z -0.7422 -0.5425 -0.3935

PART 17
OFFSET  18.1392 -5.0592 -5.1440
X -0.6098  0.3398  0.7160
Y -0.2952  0.7410 -0.6031
Z -0.7355 -0.5792 -0.3516

PART 18
OFFSET  17.5985 -4.7580 -4.5092
X -0.5625  0.1899  0.8047
Y -0.3523  0.8255 -0.4410
Z -0.7480 -0.5315 -0.3974

PART 19
OFFSET  17.0641 -4.5775 -3.7447
X  0.7595 -0.5866 -0.2812
Y  0.0015  0.4338 -0.9010
Z  0.6505  0.6839  0.3303

PART 20
OFFSET  17.6795 -2.0691 -6.3731
X  0.8205 -0.4781 -0.3134
Y -0.0735 -0.6319  0.7716
Z -0.5669 -0.6100 -0.5536

PART 21
OFFSET  19.6090 -3.7720 -6.7411
X  0.2127 -0.7634  0.6099
Y -0.6728  0.3382  0.6580
Z -0.7086 -0.5503 -0.4417

PART 22
OFFSET  19.9712 -5.0717 -5.7028
X -0.6327  0.2090  0.7456
Y -0.3384  0.7914 -0.5090
Z -0.6965 -0.5744 -0.4300

PART 23
OFFSET  19.0943 -4.7821 -4.6694
X -0.6066  0.1383  0.7829
Y -0.3898  0.8065 -0.4445
Z -0.6929 -0.5748 -0.4353

PART 24
OFFSET  18.4365 -4.6320 -3.8203
X  0.6856 -0.6023 -0.4089
Y  0.0584  0.6054 -0.7938
Z  0.7257  0.5203  0.4502

PART 25
OFFSET  20.1666 -1.3654 -5.1139
X  0.8320 -0.5541 -0.0286
Y  0.3285  0.5335 -0.7794
Z  0.4471  0.6390  0.6259

PART 26
OFFSET  20.7402 -1.6530 -6.4441
X  0.7227 -0.6863  0.0819
Y -0.6038 -0.5693  0.5580
Z -0.3363 -0.4527 -0.8258

PART 27
OFFSET  22.0126 -2.8614 -6.2999
X  0.6747 -0.7357  0.0595
Y -0.6548 -0.5594  0.5083
Z -0.3407 -0.3819 -0.8591

PART 28
OFFSET  22.8535 -3.7325 -6.1755
X  0.4151 -0.8410  0.3469
Y -0.8685 -0.2529  0.4263
Z -0.2708 -0.4783 -0.8354

PART 29
OFFSET  23.3225 -4.6825 -5.7836
X  0.5727  0.3675 -0.7328
Y -0.6157  0.7830 -0.0885
Z  0.5412  0.5019  0.6747

PART 30
OFFSET  20.3160 -2.5528 -6.9246
X  0.6022 -0.7352  0.3111
Y -0.5087 -0.0532  0.8593
Z -0.6152 -0.6757 -0.4060

PART 31
OFFSET  21.4925 -3.9891 -6.3170
X  0.0066 -0.5335  0.8458
Y -0.7577  0.5493  0.3524
Z -0.6526 -0.6431 -0.4006

PART 32
OFFSET  21.5021 -4.7683 -5.0816
X -0.4599 -0.0734  0.8849
Y -0.5636  0.7943 -0.2270
Z -0.6862 -0.6031 -0.4066

PART 33
OFFSET  20.9768 -4.8563 -4.0821
X  0.7565 -0.4125 -0.5076
Y -0.1860  0.6083 -0.7716
Z  0.6270  0.6781  0.3834

PART 34
OFFSET  19.1536 -3.4726 -5.5265
X -0.6108 -0.6147 -0.4990
Y  0.0412  0.6047 -0.7954
Z  0.7907 -0.5064 -0.3441

PART 35
OFFSET  10.6714 -3.3397 -3.5839
X  1.0000 -0.0000  0.0000
Y  0.0000  1.0000  0.0000
Z  0.0000 -0.0000  1.0000

PART 36
OFFSET  10.6714 -3.3397 -3.5839
X  1.0000 -0.0000  0.0000
Y  0.0000  1.0000  0.0000
Z  0.0000 -0.0000  1.0000

PART 37
OFFSET -116.8620 -3.3229 -4.3119
X  0.0000 -0.0000 -1.0000
Y  0.0000  1.0000  0.0000
Z  1.0000 -0.0000  0.0000

PART 38
OFFSET  10.6842 -3.3397 -3.1520
X  1.0000 -0.0000  0.0000
Y  0.0000  1.0000  0.0000
Z  0.0000 -0.0000  1.0000

PART 39
OFFSET  15.9385 -3.3448 -5.9054
X  1.0000 -0.0000  0.0000
Y  0.0000  1.0000  0.0000
Z  0.0000 -0.0000  1.0000

PART 40
OFFSET  3.0927 -2.2645 -3.5479
X  0.6820 -0.0000  0.7314
Y -0.0000  1.0000  0.0000
Z -0.7314 -0.0000  0.6820

PART 41
OFFSET  3.0927 -2.1356 -3.5479
X  1.0000 -0.0000  0.0000
Y  0.0000  1.0000  0.0000
Z  0.0000 -0.0000  1.0000

PART 42
OFFSET  14.7631 -3.3448 -1.5284
X  1.0000 -0.0000  0.0000
Y  0.0000  1.0000  0.0000
Z  0.0000 -0.0000  1.0000

PART 43
OFFSET  8.0992 -3.3229 -4.9793
X  1.0000 -0.0000  0.0000
Y -0.0000  1.0000  0.0000
Z -0.0000 -0.0000  1.0000

PART 44
OFFSET  13.4247 -3.3397 -1.8315
X  0.0000 -0.9659  0.2588
Y  1.0000  0.0000  0.0000
Z -0.0000  0.2588  0.9659

PART 45
OFFSET -12.9782 -7.9373 -1.9159
X -0.2660 -0.0816  0.9605
Y -0.2787 -0.9473 -0.1577
Z  0.9228 -0.3097  0.2293

PART 46
OFFSET -9.7608 -6.9502 -13.5321
X -0.8555 -0.1935 -0.4802
Y  0.4636  0.1268 -0.8769
Z  0.2306 -0.9729 -0.0188

PART 47
OFFSET -2.4840 -5.3046 -9.4476
X -0.8555 -0.1935 -0.4802
Y  0.4940 -0.0277 -0.8690
Z  0.1548 -0.9807  0.1193

PART 48
OFFSET -1.8604 -4.0065 -8.0869
X -0.8589 -0.1916 -0.4749
Y -0.2348  0.9715  0.0328
Z  0.4551  0.1396 -0.8794

PART 49
OFFSET -1.8367 -4.6438 -7.0725
X -0.8589 -0.1916 -0.4749
Y -0.2348  0.9715  0.0328
Z  0.4551  0.1396 -0.8794

PART 50
OFFSET -1.3462 -5.8859 -7.2387
X -0.8589 -0.1916 -0.4749
Y -0.2348  0.9715  0.0328
Z  0.4551  0.1396 -0.8794

PART 51
OFFSET  0.1388 -4.7114 -7.9754
X -0.9500 -0.0002 -0.3123
Y  0.3123  0.0086 -0.9499
Z  0.0029 -1.0000 -0.0081

PART 52
OFFSET  0.2636 -4.3091 -6.9149
X -0.5540 -0.6571 -0.5111
Y  0.6448  0.0496 -0.7627
Z  0.5266 -0.7521  0.3962

PART 53
OFFSET  1.3654 -2.8541 -5.7579
X -0.9324 -0.3586 -0.0440
Y  0.2177 -0.4604 -0.8606
Z  0.2884 -0.8120  0.5074

PART 54
OFFSET  2.8514 -2.2117 -5.7951
X -0.7772 -0.0528  0.6271
Y -0.4690 -0.6158 -0.6331
Z  0.4196 -0.7861  0.4538

PART 55
OFFSET  3.6806 -2.1082 -6.4832
X -0.9399  0.3391  0.0409
Y  0.2704  0.8119 -0.5174
Z -0.2087 -0.4752 -0.8548

PART 56
OFFSET  1.2765 -4.5000 -8.7267
X -0.9571 -0.0480  0.2859
Y  0.0610 -0.9975  0.0368
Z  0.2834  0.0527  0.9576

PART 57
OFFSET  3.4607 -4.2621 -9.2340
X -0.4674 -0.8480 -0.2497
Y  0.8830 -0.4615 -0.0853
Z -0.0429 -0.2604  0.9646

PART 58
OFFSET  4.1224 -3.0615 -8.8805
X  0.4539 -0.8636 -0.2193
Y  0.8910  0.4372  0.1225
Z -0.0099 -0.2510  0.9679

PART 59
OFFSET  3.7199 -2.2957 -8.6860
X  0.9924  0.1214 -0.0197
Y -0.1143  0.9694  0.2174
Z  0.0455 -0.2135  0.9759

PART 60
OFFSET  2.7771 -2.4111 -8.6674
X -0.6939 -0.6705 -0.2626
Y -0.7192  0.6267  0.3001
Z -0.0367  0.3970 -0.9171

PART 61
OFFSET  1.2783 -4.6453 -8.0278
X -0.9999 -0.0089 -0.0055
Y  0.0086 -0.9992  0.0400
Z -0.0059  0.0400  0.9992

PART 62
OFFSET  3.8746 -4.6503 -8.1610
X -0.3010 -0.9489 -0.0947
Y  0.9535 -0.3008 -0.0170
Z -0.0124 -0.0954  0.9954

PART 63
OFFSET  4.3870 -3.0347 -7.9997
X  0.7069 -0.7044 -0.0636
Y  0.7067  0.6999  0.1035
Z -0.0284 -0.1181  0.9926

PART 64
OFFSET  3.4073 -2.0584 -7.9117
X  0.9210  0.3824  0.0746
Y -0.3882  0.9169  0.0923
Z -0.0331 -0.1139  0.9929

PART 65
OFFSET  2.4085 -2.4732 -7.9926
X -0.5344 -0.8427 -0.0650
Y -0.8441  0.5361 -0.0099
Z  0.0432  0.0496 -0.9978

PART 66
OFFSET -4.0775 -5.2555 -8.4763
X -0.9534 -0.2799 -0.1124
Y -0.2666  0.9563 -0.1201
Z  0.1411 -0.0846 -0.9864

PART 67
OFFSET  3.6059 -5.0887 -6.0450
X -0.9418 -0.3132 -0.1223
Y  0.3173 -0.9482 -0.0152
Z -0.1112 -0.0532  0.9924

PART 68
OFFSET  5.2641 -4.5373 -5.8296
X -0.2895 -0.9565 -0.0366
Y  0.9491 -0.2918  0.1184
Z -0.1239 -0.0004  0.9923

PART 69
OFFSET  5.6085 -3.3746 -5.7249
X  0.6155 -0.7879  0.0192
Y  0.7783  0.6114  0.1431
Z -0.1245 -0.0731  0.9895

PART 70
OFFSET  4.9133 -2.4846 -5.7466
X -0.9379 -0.3160  0.1429
Y -0.3321  0.9371 -0.1077
Z -0.0998 -0.1485 -0.9839

PART 71
OFFSET  3.8429 -4.9001 -7.1074
X -0.4634 -0.8838 -0.0645
Y  0.8779 -0.4678  0.1024
Z -0.1207 -0.0092  0.9926

PART 72
OFFSET  4.7483 -3.1736 -6.9813
X  0.6673 -0.7414  0.0715
Y  0.7397  0.6709  0.0530
Z -0.0873  0.0175  0.9960

PART 73
OFFSET  3.7737 -2.0907 -7.0857
X  0.9793  0.1961  0.0508
Y -0.1915  0.9779 -0.0838
Z -0.0661  0.0723  0.9952

PART 74
OFFSET  2.6649 -2.3126 -7.1503
X -0.6244 -0.7796 -0.0490
Y -0.7796  0.6258 -0.0223
Z  0.0481  0.0243 -0.9985

PART 75
OFFSET  0.0000 -0.0000 -0.0000
X  1.0000 -0.0000  0.0000
Y  0.0000  1.0000  0.0000
Z  0.0000 -0.0000  1.0000

PART 76
OFFSET  0.0000 -0.0000 -0.0000
X  1.0000 -0.0000  0.0000
Y  0.0000  1.0000  0.0000
Z  0.0000 -0.0000  1.0000

PART 77
OFFSET  1.5404 -0.0000  4.1357
X  1.0000 -0.0000  0.0000
Y  0.0000  1.0000  0.0000
Z  0.0000 -0.0000  1.0000


FRAME 2
PART 0
OFFSET  0.0000 -0.0000 -0.0000
X  1.0000 -0.0000  0.0000
Y  0.0000  1.0000  0.0000
Z  0.0000 -0.0000  1.0000

PART 1
OFFSET -4.6318 -0.0000 -1.3770
X  1.0000 -0.0000  0.0000
Y  0.0000  1.0000  0.0000
Z  0.0000 -0.0000  1.0000

PART 2
OFFSET -2.1458  5.0340 -5.9168
X  0.9027  0.0111 -0.4301
Y -0.0579 -0.9875 -0.1469
Z -0.4264  0.1575 -0.8907

PART 3
OFFSET  8.7714  5.1685 -11.1188
X  0.6922 -0.5722  0.4398
Y -0.6705 -0.2843  0.6853
Z -0.2671 -0.7692 -0.5805

PART 4
OFFSET  14.6586  0.3014 -7.3780
X  0.6922 -0.5722  0.4398
Y  0.2513  0.7624  0.5963
Z -0.6765 -0.3022  0.6715

PART 5
OFFSET  16.2843  1.1645 -6.9709
X  0.6969 -0.5684  0.4373
Y  0.2748  0.7749  0.5693
Z -0.6624 -0.2766  0.6962

PART 6
OFFSET  16.0073 -0.4838 -8.2164
X  0.6969 -0.5684  0.4373
Y  0.2748  0.7749  0.5693
Z -0.6624 -0.2766  0.6962

PART 7
OFFSET  14.9156  0.0572 -5.0639
X  0.6969 -0.5684  0.4373
Y  0.2748  0.7749  0.5693
Z -0.6624 -0.2766  0.6962

PART 8
OFFSET  14.6369 -1.6386 -5.7248
X  0.6969 -0.5684  0.4373
Y  0.2748  0.7749  0.5693
Z -0.6624 -0.2766  0.6962

PART 9
OFFSET  14.8524 -1.6124 -6.9031
X  0.6969 -0.5684  0.4373
Y  0.2748  0.7749  0.5693
Z -0.6624 -0.2766  0.6962

PART 10
OFFSET  16.7806 -1.4529 -6.0297
X  0.9561 -0.2551 -0.1444
Y  0.2902  0.7545  0.5887
Z -0.0412 -0.6047  0.7954

PART 11
OFFSET  17.4739 -1.0878 -5.2000
X  0.8948 -0.0929  0.4368
Y -0.0934  0.9176  0.3864
Z -0.4367 -0.3865  0.8123

PART 12
OFFSET  19.3710 -1.2182 -4.1737
X  0.9573 -0.2890 -0.0040
Y  0.2129  0.6956  0.6862
Z -0.1955 -0.6578  0.7274

PART 13
OFFSET  20.8819 -1.7998 -4.1397
X  0.9595  0.0172  0.2811
Y -0.1601  0.8544  0.4944
Z -0.2317 -0.5194  0.8225

PART 14
OFFSET  21.9062 -1.7905 -3.7896
X  0.8241  0.5224 -0.2190
Y -0.3302  0.1290 -0.9351
Z -0.4602  0.8429  0.2788

PART 15
OFFSET  17.2706 -2.5988 -6.6215
X  0.4856 -0.8741  0.0104
Y -0.3966 -0.2097  0.8937
Z -0.7790 -0.4382 -0.4485

PART 16
OFFSET  18.4265 -4.5247 -6.4231
X -0.2030 -0.3776  0.9035
Y -0.6387  0.7504  0.1701
Z -0.7422 -0.5425 -0.3935

PART 17
OFFSET  18.1392 -5.0592 -5.1440
X -0.6098  0.3398  0.7160
Y -0.2952  0.7410 -0.6031
Z -0.7355 -0.5792 -0.3516

PART 18
OFFSET  17.5985 -4.7580 -4.5092
X -0.5625  0.1899  0.8047
Y -0.3523  0.8255 -0.4410
Z -0.7480 -0.5315 -0.3974

PART 19
OFFSET  17.0641 -4.5775 -3.7447
X  0.7595 -0.5866 -0.2812
Y  0.0015  0.4338 -0.9010
Z  0.6505  0.6839  0.3303

PART 20
OFFSET  17.6795 -2.0691 -6.3731
X  0.8205 -0.4781 -0.3134
Y -0.0735 -0.6319  0.7716
Z -0.5669 -0.6100 -0.5536

PART 21
OFFSET  19.6090 -3.7720 -6.7411
X  0.2127 -0.7634  0.6099
Y -0.6728  0.3382  0.6580
Z -0.7086 -0.5503 -0.4417

PART 22
OFFSET  19.9712 -5.0717 -5.7028
X -0.6327  0.2090  0.7456
Y -0.3384  0.7914 -0.5090
Z -0.6965 -0.5744 -0.4300

PART 23
OFFSET  19.0943 -4.7821 -4.6694
X -0.6066  0.1383  0.7829
Y -0.3898  0.8065 -0.4445
Z -0.6929 -0.5748 -0.4353

PART 24
OFFSET  18.4365 -4.6320 -3.8203
X  0.6856 -0.6023 -0.4089
Y  0.0584  0.6054 -0.7938
Z  0.7257  0.5203  0.4502

PART 25
OFFSET  20.1666 -1.3654 -5.1139
X  0.8320 -0.5541 -0.0286
Y  0.3285  0.5335 -0.7794
Z  0.4471  0.6390  0.6259

PART 26
OFFSET  20.7402 -1.6530 -6.4441
X  0.7227 -0.6863  0.0819
Y -0.6038 -0.5693  0.5580
Z -0.3363 -0.4527 -0.8258

PART 27
OFFSET  22.0126 -2.8614 -6.2999
X  0.6747 -0.7357  0.0595
Y -0.6548 -0.5594  0.5083
Z -0.3407 -0.3819 -0.8591

PART 28
OFFSET  22.8535 -3.7325 -6.1755
X  0.4151 -0.8410  0.3469
Y -0.8685 -0.2529  0.4263
Z -0.2708 -0.4783 -0.8354

PART 29
OFFSET  23.3225 -4.6825 -5.7836
X  0.5727  0.3675 -0.7328
Y -0.6157  0.7830 -0.0885
Z  0.5412  0.5019  0.6747

PART 30
OFFSET  20.3160 -2.5528 -6.9246
X  0.6022 -0.7352  0.3111
Y -0.5087 -0.0532  0.8593
Z -0.6152 -0.6757 -0.4060

PART 31
OFFSET  21.4925 -3.9891 -6.3170
X  0.0066 -0.5335  0.8458
Y -0.7577  0.5493  0.3524
Z -0.6526 -0.6431 -0.4006

PART 32
OFFSET  21.5021 -4.7683 -5.0816
X -0.4599 -0.0734  0.8849
Y -0.5636  0.7943 -0.2270
Z -0.6862 -0.6031 -0.4066

PART 33
OFFSET  20.9768 -4.8563 -4.0821
X  0.7565 -0.4125 -0.5076
Y -0.1860  0.6083 -0.7716
Z  0.6270  0.6781  0.3834

PART 34
OFFSET  19.1536 -3.4726 -5.5265
X -0.6108 -0.6147 -0.4990
Y  0.0412  0.6047 -0.7954
Z  0.7907 -0.5064 -0.3441

PART 35
OFFSET  10.6714 -3.3397 -3.5839
X  1.0000 -0.0000  0.0000
Y  0.0000  1.0000  0.0000
Z  0.0000 -0.0000  1.0000

PART 36
OFFSET  10.6714 -3.3397 -3.5839
X  1.0000 -0.0000  0.0000
Y  0.0000  1.0000  0.0000
Z  0.0000 -0.0000  1.0000

PART 37
OFFSET -116.8620 -3.3229 -4.3119
X  0.0000 -0.0000 -1.0000
Y  0.0000  1.0000  0.0000
Z  1.0000 -0.0000  0.0000

PART 38
OFFSET  10.6842 -3.3397 -3.1520
X  1.0000 -0.0000  0.0000
Y  0.0000  1.0000  0.0000
Z  0.0000 -0.0000  1.0000

PART 39
OFFSET  15.9385 -3.3448 -5.9054
X  1.0000 -0.0000  0.0000
Y  0.0000  1.0000  0.0000
Z  0.0000 -0.0000  1.0000

PART 40
OFFSET  3.0927 -2.2645 -3.5479
X  0.6820 -0.0000  0.7314
Y -0.0000  1.0000  0.0000
Z -0.7314 -0.0000  0.6820

PART 41
OFFSET  3.0927 -2.1356 -3.5479
X  1.0000 -0.0000  0.0000
Y  0.0000  1.0000  0.0000
Z  0.0000 -0.0000  1.0000

PART 42
OFFSET  14.7631 -3.3448 -1.5284
X  1.0000 -0.0000  0.0000
Y  0.0000  1.0000  0.0000
Z  0.0000 -0.0000  1.0000

PART 43
OFFSET  8.0992 -3.3229 -4.9793
X  1.0000 -0.0000  0.0000
Y -0.0000  1.0000  0.0000
Z -0.0000 -0.0000  1.0000

PART 44
OFFSET  13.4247 -3.3397 -1.8315
X  0.0000 -0.9659  0.2588
Y  1.0000  0.0000  0.0000
Z -0.0000  0.2588  0.9659

PART 45
OFFSET -12.9782 -7.9373 -1.9159
X -0.2660 -0.0816  0.9605
Y -0.2787 -0.9473 -0.1577
Z  0.9228 -0.3097  0.2293

PART 46
OFFSET -9.7608 -6.9502 -13.5321
X -0.8555 -0.1935 -0.4802
Y  0.4636  0.1268 -0.8769
Z  0.2306 -0.9729 -0.0188

PART 47
OFFSET -2.4840 -5.3046 -9.4476
X -0.8555 -0.1935 -0.4802
Y  0.4940 -0.0277 -0.8690
Z  0.1548 -0.9807  0.1193

PART 48
OFFSET -1.8604 -4.0065 -8.0869
X -0.8589 -0.1916 -0.4749
Y -0.2348  0.9715  0.0328
Z  0.4551  0.1396 -0.8794

PART 49
OFFSET -1.8367 -4.6438 -7.0725
X -0.8589 -0.1916 -0.4749
Y -0.2348  0.9715  0.0328
Z  0.4551  0.1396 -0.8794

PART 50
OFFSET -1.3462 -5.8859 -7.2387
X -0.8589 -0.1916 -0.4749
Y -0.2348  0.9715  0.0328
Z  0.4551  0.1396 -0.8794

PART 51
OFFSET  0.1388 -4.7114 -7.9754
X -0.9500 -0.0002 -0.3123
Y  0.3123  0.0086 -0.9499
Z  0.0029 -1.0000 -0.0081

PART 52
OFFSET  0.2636 -4.3091 -6.9149
X -0.5540 -0.6571 -0.5111
Y  0.6448  0.0496 -0.7627
Z  0.5266 -0.7521  0.3962

PART 53
OFFSET  1.3654 -2.8541 -5.7579
X -0.9324 -0.3586 -0.0440
Y  0.2177 -0.4604 -0.8606
Z  0.2884 -0.8120  0.5074

PART 54
OFFSET  2.8514 -2.2117 -5.7951
X -0.7772 -0.0528  0.6271
Y -0.4690 -0.6158 -0.6331
Z  0.4196 -0.7861  0.4538

PART 55
OFFSET  3.6806 -2.1082 -6.4832
X -0.9399  0.3391  0.0409
Y  0.2704  0.8119 -0.5174
Z -0.2087 -0.4752 -0.8548

PART 56
OFFSET  1.2765 -4.5000 -8.7267
X -0.9571 -0.0480  0.2859
Y  0.0610 -0.9975  0.0368
Z  0.2834  0.0527  0.9576

PART 57
OFFSET  3.4607 -4.2621 -9.2340
X -0.4674 -0.8480 -0.2497
Y  0.8830 -0.4615 -0.0853
Z -0.0429 -0.2604  0.9646

PART 58
OFFSET  4.1224 -3.0615 -8.8805
X  0.4539 -0.8636 -0.2193
Y  0.8910  0.4372  0.1225
Z -0.0099 -0.2510  0.9679

PART 59
OFFSET  3.7199 -2.2957 -8.6860
X  0.9924  0.1214 -0.0197
Y -0.1143  0.9694  0.2174
Z  0.0455 -0.2135  0.9759

PART 60
OFFSET  2.7771 -2.4111 -8.6674
X -0.6939 -0.6705 -0.2626
Y -0.7192  0.6267  0.3001
Z -0.0367  0.3970 -0.9171

PART 61
OFFSET  1.2783 -4.6453 -8.0278
X -0.9999 -0.0089 -0.0055
Y  0.0086 -0.9992  0.0400
Z -0.0059  0.0400  0.9992

PART 62
OFFSET  3.8746 -4.6503 -8.1610
X -0.3010 -0.9489 -0.0947
Y  0.9535 -0.3008 -0.0170
Z -0.0124 -0.0954  0.9954

PART 63
OFFSET  4.3870 -3.0347 -7.9997
X  0.7069 -0.7044 -0.0636
Y  0.7067  0.6999  0.1035
Z -0.0284 -0.1181  0.9926

PART 64
OFFSET  3.4073 -2.0584 -7.9117
X  0.9210  0.3824  0.0746
Y -0.3882  0.9169  0.0923
Z -0.0331 -0.1139  0.9929

PART 65
OFFSET  2.4085 -2.4732 -7.9926
X -0.5344 -0.8427 -0.0650
Y -0.8441  0.5361 -0.0099
Z  0.0432  0.0496 -0.9978

PART 66
OFFSET -4.0775 -5.2555 -8.4763
X -0.9534 -0.2799 -0.1124
Y -0.2666  0.9563 -0.1201
Z  0.1411 -0.0846 -0.9864

PART 67
OFFSET  3.6059 -5.0887 -6.0450
X -0.9418 -0.3132 -0.1223
Y  0.3173 -0.9482 -0.0152
Z -0.1112 -0.0532  0.9924

PART 68
OFFSET  5.2641 -4.5373 -5.8296
X -0.2895 -0.9565 -0.0366
Y  0.9491 -0.2918  0.1184
Z -0.1239 -0.0004  0.9923

PART 69
OFFSET  5.6085 -3.3746 -5.7249
X  0.6155 -0.7879  0.0192
Y  0.7783  0.6114  0.1431
Z -0.1245 -0.0731  0.9895

PART 70
OFFSET  4.9133 -2.4846 -5.7466
X -0.9379 -0.3160  0.1429
Y -0.3321  0.9371 -0.1077
Z -0.0998 -0.1485 -0.9839

PART 71
OFFSET  3.8429 -4.9001 -7.1074
X -0.4634 -0.8838 -0.0645
Y  0.8779 -0.4678  0.1024
Z -0.1207 -0.0092  0.9926

PART 72
OFFSET  4.7483 -3.1736 -6.9813
X  0.6673 -0.7414  0.0715
Y  0.7397  0.6709  0.0530
Z -0.0873  0.0175  0.9960

PART 73
OFFSET  3.7737 -2.0907 -7.0857
X  0.9793  0.1961  0.0508
Y -0.1915  0.9779 -0.0838
Z -0.0661  0.0723  0.9952

PART 74
OFFSET  2.6649 -2.3126 -7.1503
X -0.6244 -0.7796 -0.0490
Y -0.7796  0.6258 -0.0223
Z  0.0481  0.0243 -0.9985

PART 75
OFFSET  0.0000 -0.0000 -0.0000
X  1.0000 -0.0000  0.0000
Y  0.0000  1.0000  0.0000
Z  0.0000 -0.0000  1.0000

PART 76
OFFSET  0.0000 -0.0000 -0.0000
X  1.0000 -0.0000  0.0000
Y  0.0000  1.0000  0.0000
Z  0.0000 -0.0000  1.0000

PART 77
OFFSET  1.5404 -0.0000  4.1357
X  1.0000 -0.0000  0.0000
Y  0.0000  1.0000  0.0000
Z  0.0000 -0.0000  1.0000


NUMKEYS 0
