// Export filename: `C:\projects\cod\t5\xanim_export\t5_viewmodels\spas12\spas12_grip_reload_outro.XANIM_EXPORT`
// Source filename: `D:\projects\devanim\t5\animation_assets\viewmodels/spas12/ViewModel_Spas12_animated.fbx`
// Export time: Wed Sep 16 15:48:49 2009

ANIMATION
VERSION 3

NUMPARTS 93
PART 0 "tag_torso"
PART 1 "J_Shoulder_LE"
PART 2 "J_Elbow_LE"
PART 3 "J_WristTwist_LE"
PART 4 "J_Sleave_Reshape_Bottom_LE_1"
PART 5 "J_Sleave_Reshape_Bottom_LE_2"
PART 6 "J_Sleave_Reshape_Top_LE_1"
PART 7 "J_Sleave_Reshape_Top_LE_2"
PART 8 "J_Sleave_Reshape_Top_LE_3"
PART 9 "J_Wrist_LE"
PART 10 "J_Thumb_LE_0"
PART 11 "J_Thumb_LE_1"
PART 12 "J_Thumb_LE_2"
PART 13 "J_Thumb_LE_3"
PART 14 "J_PinkyPalm_LE"
PART 15 "J_Pinky_LE_0"
PART 16 "J_Pinky_LE_1"
PART 17 "J_Pinky_LE_2"
PART 18 "J_Pinky_LE_3"
PART 19 "J_RingPalm_LE"
PART 20 "J_Ring_LE_0"
PART 21 "J_Ring_LE_1"
PART 22 "J_Ring_LE_2"
PART 23 "J_Ring_LE_3"
PART 24 "J_Webbing_LE"
PART 25 "J_Index_LE_0"
PART 26 "J_Index_LE_1"
PART 27 "J_Index_LE_2"
PART 28 "J_Index_LE_3"
PART 29 "J_Mid_LE_0"
PART 30 "J_Mid_LE_1"
PART 31 "J_Mid_LE_2"
PART 32 "J_Mid_LE_3"
PART 33 "tag_knife_attach"
PART 34 "J_Shoulder_RI"
PART 35 "J_Elbow_RI"
PART 36 "J_WristTwist_RI"
PART 37 "J_Sleave_Reshape_Top_RI_3"
PART 38 "J_Sleave_Reshape_Top_RI_2"
PART 39 "J_Sleave_Reshape_Top_RI_1"
PART 40 "J_Wrist_RI"
PART 41 "J_Thumb_RI_0"
PART 42 "J_Thumb_RI_1"
PART 43 "J_Thumb_RI_2"
PART 44 "J_Thumb_RI_3"
PART 45 "J_PinkyPalm_RI"
PART 46 "J_Pinky_RI_0"
PART 47 "J_Pinky_RI_1"
PART 48 "J_Pinky_RI_2"
PART 49 "J_Pinky_RI_3"
PART 50 "J_RingPalm_RI"
PART 51 "J_Ring_RI_0"
PART 52 "J_Ring_RI_1"
PART 53 "J_Ring_RI_2"
PART 54 "J_Ring_RI_3"
PART 55 "J_Webbing_RI"
PART 56 "J_Index_RI_0"
PART 57 "J_Index_RI_1"
PART 58 "J_Index_RI_2"
PART 59 "J_Index_RI_3"
PART 60 "J_Mid_RI_0"
PART 61 "J_Mid_RI_1"
PART 62 "J_Mid_RI_2"
PART 63 "J_Mid_RI_3"
PART 64 "tag_weapon"
PART 65 "J_Gun"
PART 66 "tag_brass"
PART 67 "tag_flash"
PART 68 "tag_clip"
PART 69 "tag_bolt"
PART 70 "tag_pump"
PART 71 "tag_stock"
PART 72 "tag_ring"
PART 73 "tag_stocktop"
PART 74 "tag_Load"
PART 75 "tag_iron_sights"
PART 76 "tag_scope_acog"
PART 77 "tag_laser_rifle"
PART 78 "TAG_REFLEX"
PART 79 "tag_suppressor"
PART 80 "tag_flash3"
PART 81 "TAG_GRIP"
PART 82 "tag_side_saddle"
PART 83 "tag_ammo_1"
PART 84 "tag_ammo_2"
PART 85 "tag_ammo_3"
PART 86 "tag_ammo_4"
PART 87 "tag_ammo_5"
PART 88 "tag_ammo_6"
PART 89 "tag_cambone"
PART 90 "tag_camera"
PART 91 "tag_gasmask"
PART 92 "tag_ads"

FRAMERATE 30
NUMFRAMES 12

FRAME 344
PART 0
OFFSET -4.6318 -0.0000 -1.3770
SCALE 1 1 1
X  1.0000 -0.0000  0.0000
Y  0.0000  1.0000  0.0000
Z  0.0000 -0.0000  1.0000

PART 1
OFFSET  0.1218  5.5976 -6.6823
SCALE 1 1 1
X  0.3133  0.0603 -0.9477
Y  0.2908 -0.9561  0.0353
Z -0.9040 -0.2866 -0.3171

PART 2
OFFSET  3.9109  6.3264 -18.1441
SCALE 1 1 1
X  0.7368 -0.2456  0.6299
Y -0.6424  0.0360  0.7655
Z -0.2107 -0.9687 -0.1312

PART 3
OFFSET  10.1781  4.2376 -12.7867
SCALE 1 1 1
X  0.7368 -0.2456  0.6299
Y -0.5843  0.2373  0.7761
Z -0.3401 -0.9399  0.0314

PART 4
OFFSET  12.3173  5.4824 -12.5907
SCALE 1 1 1
X  0.7412 -0.2431  0.6257
Y  0.2178  0.9688  0.1185
Z -0.6349  0.0485  0.7710

PART 5
OFFSET  11.5780  3.2358 -13.2049
SCALE 1 1 1
X  0.7412 -0.2431  0.6257
Y  0.2178  0.9688  0.1185
Z -0.6349  0.0485  0.7710

PART 6
OFFSET  11.0887  6.0016 -10.1192
SCALE 1 1 1
X  0.7412 -0.2431  0.6257
Y  0.2178  0.9688  0.1185
Z -0.6349  0.0485  0.7710

PART 7
OFFSET  10.2710  3.4600 -10.3051
SCALE 1 1 1
X  0.7412 -0.2431  0.6257
Y  0.2178  0.9688  0.1185
Z -0.6349  0.0485  0.7710

PART 8
OFFSET  10.5214  2.8021 -11.4649
SCALE 1 1 1
X  0.7412 -0.2431  0.6257
Y  0.2178  0.9688  0.1185
Z -0.6349  0.0485  0.7710

PART 9
OFFSET  12.4370  3.4847 -10.8556
SCALE 1 1 1
X  0.8056 -0.5496  0.2211
Y -0.2615  0.0049  0.9652
Z -0.5316 -0.8354 -0.1397

PART 10
OFFSET  12.3288  2.8992 -9.8821
SCALE 1 1 1
X  0.0112 -0.7528  0.6581
Y -0.4732  0.5758  0.6667
Z -0.8809 -0.3189 -0.3498

PART 11
OFFSET  12.2566  1.3144 -8.4148
SCALE 1 1 1
X  0.3943 -0.8278  0.3991
Y -0.5425  0.1408  0.8282
Z -0.7417 -0.5431 -0.3935

PART 12
OFFSET  12.8425 -0.0911 -7.8640
SCALE 1 1 1
X  0.5028 -0.8542 -0.1328
Y -0.2763 -0.3044  0.9116
Z -0.8191 -0.4216 -0.3891

PART 13
OFFSET  13.3441 -1.0393 -8.0099
SCALE 1 1 1
X  0.8403 -0.4224  0.3398
Y  0.4145  0.9046  0.0994
Z -0.3493  0.0573  0.9352

PART 14
OFFSET  13.2912  2.8454 -11.7303
SCALE 1 1 1
X  0.6283 -0.6958 -0.3478
Y -0.6988 -0.7014  0.1407
Z -0.3419  0.1546 -0.9269

PART 15
OFFSET  14.6671  1.1735 -12.3596
SCALE 1 1 1
X -0.3725 -0.8912  0.2590
Y -0.8637  0.4350  0.2544
Z -0.3394 -0.1289 -0.9318

PART 16
OFFSET  14.1397 -0.0882 -11.9930
SCALE 1 1 1
X -0.8641 -0.3293  0.3805
Y -0.3742  0.9261 -0.0484
Z -0.3365 -0.1842 -0.9235

PART 17
OFFSET  13.3735 -0.3802 -11.6556
SCALE 1 1 1
X -0.8983  0.3204  0.3005
Y  0.2616  0.9398 -0.2200
Z -0.3529 -0.1190 -0.9281

PART 18
OFFSET  12.5200 -0.0758 -11.3701
SCALE 1 1 1
X  0.5739 -0.8178  0.0425
Y  0.7310  0.4882 -0.4767
Z  0.3691  0.3047  0.8780

PART 19
OFFSET  13.3689  2.8445 -11.0207
SCALE 1 1 1
X  0.8438 -0.5296 -0.0869
Y -0.5360 -0.8234 -0.1865
Z  0.0272  0.2039 -0.9786

PART 20
OFFSET  15.3527  1.1939 -11.3347
SCALE 1 1 1
X -0.4673 -0.8794  0.0916
Y -0.8517  0.4755  0.2204
Z -0.2373  0.0250 -0.9711

PART 21
OFFSET  14.5571 -0.3032 -11.1788
SCALE 1 1 1
X -0.9034 -0.3642  0.2262
Y -0.3539  0.9313  0.0861
Z -0.2421 -0.0023 -0.9703

PART 22
OFFSET  13.3051 -0.8080 -10.8653
SCALE 1 1 1
X -0.7988  0.5695  0.1940
Y  0.5533  0.8220 -0.1349
Z -0.2362 -0.0004 -0.9717

PART 23
OFFSET  12.4388 -0.1904 -10.6549
SCALE 1 1 1
X  0.3268 -0.9362 -0.1297
Y  0.9207  0.3463 -0.1798
Z  0.2132 -0.0606  0.9751

PART 24
OFFSET  14.2204  1.3504 -8.7166
SCALE 1 1 1
X  0.6608 -0.7504 -0.0175
Y  0.7321  0.6392  0.2355
Z -0.1655 -0.1685  0.9717

PART 25
OFFSET  15.5765  1.6572 -9.2144
SCALE 1 1 1
X -0.1610 -0.9801 -0.1160
Y -0.9738  0.1386  0.1803
Z -0.1607  0.1420 -0.9767

PART 26
OFFSET  15.2930 -0.0685 -9.4186
SCALE 1 1 1
X -0.7920 -0.6105 -0.0021
Y -0.6028  0.7815  0.1607
Z -0.0965  0.1286 -0.9870

PART 27
OFFSET  14.3360 -0.8185 -9.3612
SCALE 1 1 1
X -0.9680  0.1754  0.1796
Y  0.1904  0.9792  0.0695
Z -0.1637  0.1015 -0.9813

PART 28
OFFSET  13.2427 -0.6203 -9.1583
SCALE 1 1 1
X  0.0972 -0.9126 -0.3972
Y  0.9934  0.1135 -0.0177
Z  0.0612 -0.3929  0.9176

PART 29
OFFSET  15.6789  1.5606 -10.3101
SCALE 1 1 1
X -0.2777 -0.9607 -0.0064
Y -0.9461  0.2723  0.1753
Z -0.1667  0.0547 -0.9845

PART 30
OFFSET  15.1364 -0.3161 -10.3226
SCALE 1 1 1
X -0.9143 -0.3862  0.1219
Y -0.3667  0.9173  0.1551
Z -0.1718  0.0971 -0.9803

PART 31
OFFSET  13.8009 -0.8801 -10.1444
SCALE 1 1 1
X -0.8601  0.4482  0.2436
Y  0.4916  0.8557  0.1613
Z -0.1361  0.2585 -0.9564

PART 32
OFFSET  12.8254 -0.3713 -9.8755
SCALE 1 1 1
X  0.3542 -0.9068 -0.2287
Y  0.9171  0.3846 -0.1045
Z  0.1827 -0.1727  0.9679

PART 33
OFFSET  13.9520  0.7188 -10.9894
SCALE 1 1 1
X -0.0417  0.1906 -0.9808
Y  0.5316  0.8354  0.1397
Z  0.8460 -0.5156 -0.1361

PART 34
OFFSET -12.9782 -7.9373 -1.9159
SCALE 1 1 1
X -0.2573 -0.1692  0.9514
Y -0.1545 -0.9647 -0.2134
Z  0.9539 -0.2019  0.2221

PART 35
OFFSET -9.8660 -5.8905 -13.4218
SCALE 1 1 1
X -0.8480 -0.2876 -0.4452
Y  0.3950  0.2170 -0.8927
Z  0.3534 -0.9328 -0.0704

PART 36
OFFSET -2.6535 -3.4440 -9.6355
SCALE 1 1 1
X -0.8480 -0.2876 -0.4452
Y -0.1885  0.9487 -0.2540
Z  0.4954 -0.1315 -0.8587

PART 37
OFFSET -2.1306 -2.1230 -8.2545
SCALE 1 1 1
X -0.8513 -0.2864 -0.4396
Y -0.3566  0.9304  0.0844
Z  0.3849  0.2287 -0.8942

PART 38
OFFSET -1.9697 -2.7863 -7.2697
SCALE 1 1 1
X -0.8513 -0.2864 -0.4396
Y -0.3566  0.9304  0.0844
Z  0.3849  0.2287 -0.8942

PART 39
OFFSET -1.3319 -3.9466 -7.5113
SCALE 1 1 1
X -0.8513 -0.2864 -0.4396
Y -0.3566  0.9304  0.0844
Z  0.3849  0.2287 -0.8942

PART 40
OFFSET -0.0538 -2.5622 -8.2707
SCALE 1 1 1
X -0.9641  0.0292 -0.2638
Y  0.0751  0.9833 -0.1659
Z  0.2546 -0.1797 -0.9502

PART 41
OFFSET  0.2029 -3.4504 -7.6019
SCALE 1 1 1
X -0.4705  0.2032 -0.8587
Y  0.4199  0.9074 -0.0154
Z  0.7761 -0.3678 -0.5122

PART 42
OFFSET  1.1330 -3.9589 -5.7188
SCALE 1 1 1
X -0.7956 -0.2861 -0.5340
Y  0.1255  0.7845 -0.6073
Z  0.5927 -0.5502 -0.5882

PART 43
OFFSET  2.3585 -3.3886 -4.8271
SCALE 1 1 1
X -0.5744 -0.8172 -0.0472
Y -0.4288  0.3495 -0.8330
Z  0.6972 -0.4583 -0.5512

PART 44
OFFSET  2.9551 -2.4899 -4.7367
SCALE 1 1 1
X -0.9603 -0.2368  0.1476
Y -0.0696  0.7154  0.6952
Z -0.2702  0.6574 -0.7035

PART 45
OFFSET  0.7910 -1.4977 -8.0331
SCALE 1 1 1
X -0.8225 -0.5451 -0.1624
Y  0.3188 -0.2053 -0.9253
Z  0.4711 -0.8128  0.3427

PART 46
OFFSET  2.6685 -0.3660 -7.5047
SCALE 1 1 1
X -0.2811 -0.0548 -0.9581
Y  0.9278  0.2398 -0.2859
Z  0.2454 -0.9693 -0.0166

PART 47
OFFSET  3.0664 -0.2885 -6.1482
SCALE 1 1 1
X  0.5959  0.1706 -0.7847
Y  0.7546  0.2154  0.6199
Z  0.2748 -0.9615 -0.0004

PART 48
OFFSET  2.5380 -0.4398 -5.4525
SCALE 1 1 1
X  0.8977  0.3181  0.3049
Y -0.3039 -0.0542  0.9512
Z  0.3191 -0.9465  0.0480

PART 49
OFFSET  1.6852 -0.7420 -5.7422
SCALE 1 1 1
X -0.5420 -0.0724 -0.8373
Y -0.7668 -0.3652  0.5279
Z -0.3440  0.9281  0.1424

PART 50
OFFSET  0.9887 -2.1827 -7.9975
SCALE 1 1 1
X -0.9391 -0.2753 -0.2059
Y  0.2707 -0.2233 -0.9364
Z  0.2118 -0.9351  0.2842

PART 51
OFFSET  3.4004 -1.3341 -7.5261
SCALE 1 1 1
X -0.0638 -0.1733 -0.9828
Y  0.9689  0.2253 -0.1026
Z  0.2392 -0.9587  0.1535

PART 52
OFFSET  3.5090 -1.0391 -5.8528
SCALE 1 1 1
X  0.8288  0.1244 -0.5455
Y  0.5104  0.2313  0.8282
Z  0.2293 -0.9649  0.1282

PART 53
OFFSET  2.3603 -1.2115 -5.0968
SCALE 1 1 1
X  0.7858  0.2585  0.5619
Y -0.5766 -0.0226  0.8167
Z  0.2239 -0.9657  0.1313

PART 54
OFFSET  1.5081 -1.4919 -5.7062
SCALE 1 1 1
X -0.3034 -0.2464 -0.9204
Y -0.9318 -0.1252  0.3407
Z -0.1992  0.9610 -0.1916

PART 55
OFFSET -3.9935 -3.3687 -9.7378
SCALE 1 1 1
X -0.8509 -0.2127 -0.4804
Y -0.5206  0.2187  0.8253
Z -0.0705  0.9523 -0.2968

PART 56
OFFSET  3.7409 -3.4842 -7.4708
SCALE 1 1 1
X -0.8338 -0.2064 -0.5121
Y  0.5354 -0.0756 -0.8412
Z  0.1349 -0.9756  0.1735

PART 57
OFFSET  5.2089 -3.1209 -6.5691
SCALE 1 1 1
X -0.0378 -0.2263 -0.9733
Y  0.9933  0.0983 -0.0614
Z  0.1096 -0.9691  0.2210

PART 58
OFFSET  5.2614 -2.9046 -5.3724
SCALE 1 1 1
X  0.7829  0.0053 -0.6221
Y  0.6091  0.1973  0.7682
Z  0.1268 -0.9803  0.1513

PART 59
OFFSET  4.3772 -2.9106 -4.6697
SCALE 1 1 1
X -0.7690 -0.4556 -0.4484
Y -0.5745  0.1851  0.7973
Z -0.2802  0.8707 -0.4041

PART 60
OFFSET  3.6739 -2.3821 -7.5084
SCALE 1 1 1
X -0.2261 -0.2347 -0.9454
Y  0.9673  0.0604 -0.2464
Z  0.1149 -0.9702  0.2134

PART 61
OFFSET  4.1157 -1.9235 -5.6615
SCALE 1 1 1
X  0.8317 -0.0207 -0.5549
Y  0.5372  0.2826  0.7947
Z  0.1403 -0.9590  0.2461

PART 62
OFFSET  2.9009 -1.8933 -4.8511
SCALE 1 1 1
X  0.8824  0.2622  0.3907
Y -0.4472  0.2095  0.8696
Z  0.1461 -0.9420  0.3021

PART 63
OFFSET  1.9002 -2.1834 -5.2951
SCALE 1 1 1
X -0.4003 -0.2746 -0.8743
Y -0.8968 -0.0787  0.4354
Z -0.1883  0.9583 -0.2148

PART 64
OFFSET  10.4998 -3.5023 -3.8163
SCALE 1 1 1
X  0.9401  0.2789  0.1961
Y -0.2537  0.1882  0.9488
Z  0.2277 -0.9417  0.2476

PART 65
OFFSET  10.4998 -3.5023 -3.8163
SCALE 1 1 1
X  0.9401  0.2789  0.1961
Y -0.2537  0.1882  0.9488
Z  0.2277 -0.9417  0.2476

PART 66
OFFSET  9.6016 -4.1544 -4.2580
SCALE 1 1 1
X  0.3040 -0.4255 -0.8524
Y  0.9401  0.2789  0.1961
Z  0.1543 -0.8609  0.4848

PART 67
OFFSET  32.4164  2.5826  0.8567
SCALE 1 1 1
X  0.9401  0.2789  0.1961
Y -0.2537  0.1882  0.9488
Z  0.2277 -0.9417  0.2476

PART 68
OFFSET  10.2973 -2.7293 -3.9449
SCALE 1 1 1
X  0.9401  0.2789  0.1961
Y -0.2537  0.1882  0.9488
Z  0.2277 -0.9417  0.2476

PART 69
OFFSET  10.6102 -3.9054 -3.7068
SCALE 1 1 1
X  0.9401  0.2789  0.1961
Y -0.2537  0.1882  0.9488
Z  0.2277 -0.9417  0.2476

PART 70
OFFSET  15.2907  0.2606 -3.2867
SCALE 1 1 1
X  0.9401  0.2789  0.1961
Y -0.2537  0.1882  0.9488
Z  0.2277 -0.9417  0.2476

PART 71
OFFSET  3.0778 -5.4232 -4.1510
SCALE 1 1 1
X  0.9401  0.2789  0.1961
Y -0.2537  0.1882  0.9488
Z  0.2277 -0.9417  0.2476

PART 72
OFFSET  3.1105 -5.4474 -4.2734
SCALE 1 1 1
X  0.8077 -0.4985  0.3149
Y -0.2537  0.1882  0.9488
Z -0.5322 -0.8462  0.0255

PART 73
OFFSET  14.8157 -4.2978 -2.5097
SCALE 1 1 1
X  0.9401  0.2789  0.1961
Y -0.2537  0.1882  0.9488
Z  0.2277 -0.9417  0.2476

PART 74
OFFSET  7.7597 -2.9023 -4.6502
SCALE 1 1 1
X  0.9401  0.2789  0.1961
Y -0.2537  0.1882  0.9488
Z  0.2277 -0.9417  0.2476

PART 75
OFFSET  13.4872 -4.3847 -2.8424
SCALE 1 1 1
X  0.3040 -0.4255 -0.8524
Y  0.9401  0.2789  0.1961
Z  0.1543 -0.8609  0.4848

PART 76
OFFSET  12.4587 -4.7387 -3.0472
SCALE 1 1 1
X  0.9401  0.2789  0.1961
Y -0.2537  0.1882  0.9488
Z  0.2277 -0.9417  0.2476

PART 77
OFFSET  18.3957 -2.3103 -2.9135
SCALE 1 1 1
X  0.9401  0.2789  0.1961
Y -0.0184 -0.5328  0.8460
Z  0.3404 -0.7989 -0.4958

PART 78
OFFSET  12.4091 -5.3347 -2.9423
SCALE 1 1 1
X  0.9401  0.2789  0.1961
Y -0.2537  0.1882  0.9488
Z  0.2277 -0.9417  0.2476

PART 79
OFFSET  32.4164  2.5826  0.8567
SCALE 1 1 1
X  0.2537 -0.1882 -0.9488
Y  0.9401  0.2789  0.1961
Z  0.2277 -0.9417  0.2476

PART 80
OFFSET  38.5597  4.4050  2.1381
SCALE 1 1 1
X  0.2537 -0.1882 -0.9488
Y  0.9401  0.2789  0.1961
Z  0.2277 -0.9417  0.2476

PART 81
OFFSET  21.3637  2.0274 -1.9890
SCALE 1 1 1
X  0.9401  0.2789  0.1961
Y -0.2537  0.1882  0.9488
Z  0.2277 -0.9417  0.2476

PART 82
OFFSET  8.6313 -3.9629 -3.4288
SCALE 1 1 1
X  0.9401  0.2789  0.1961
Y -0.2537  0.1882  0.9488
Z  0.2277 -0.9417  0.2476

PART 83
OFFSET  10.0503 -2.5139 -2.8772
SCALE 1 1 1
X  0.9401  0.2789  0.1961
Y -0.2537  0.1882  0.9488
Z  0.2277 -0.9417  0.2476

PART 84
OFFSET  9.3708 -2.7155 -3.0189
SCALE 1 1 1
X  0.9401  0.2789  0.1961
Y -0.2537  0.1882  0.9488
Z  0.2277 -0.9417  0.2476

PART 85
OFFSET  8.6898 -2.9175 -3.1610
SCALE 1 1 1
X  0.9401  0.2789  0.1961
Y -0.2537  0.1882  0.9488
Z  0.2277 -0.9417  0.2476

PART 86
OFFSET  8.0088 -3.1195 -3.3030
SCALE 1 1 1
X  0.9401  0.2789  0.1961
Y -0.2537  0.1882  0.9488
Z  0.2277 -0.9417  0.2476

PART 87
OFFSET  7.3279 -3.3215 -3.4451
SCALE 1 1 1
X  0.9401  0.2789  0.1961
Y -0.2537  0.1882  0.9488
Z  0.2277 -0.9417  0.2476

PART 88
OFFSET  6.6469 -3.5235 -3.5871
SCALE 1 1 1
X  0.9401  0.2789  0.1961
Y -0.2537  0.1882  0.9488
Z  0.2277 -0.9417  0.2476

PART 89
OFFSET  0.0000 -0.0000 -0.0000
SCALE 1 1 1
X  1.0000 -0.0000  0.0000
Y  0.0000  1.0000  0.0000
Z  0.0000 -0.0000  1.0000

PART 90
OFFSET  0.0000 -0.0000 -0.0000
SCALE 1 1 1
X  1.0000 -0.0000  0.0000
Y  0.0000  1.0000  0.0000
Z  0.0000 -0.0000  1.0000

PART 91
OFFSET  1.5404 -0.0000  4.1357
SCALE 1 1 1
X  1.0000 -0.0000  0.0000
Y  0.0000  1.0000  0.0000
Z  0.0000 -0.0000  1.0000

PART 92
OFFSET  0.0000 -0.0000 -0.0000
SCALE 1 1 1
X  1.0000 -0.0000  0.0000
Y  0.0000  1.0000  0.0000
Z  0.0000 -0.0000  1.0000


FRAME 345
PART 0
OFFSET -4.6318 -0.0000 -1.3770
SCALE 1 1 1
X  1.0000 -0.0000  0.0000
Y  0.0000  1.0000  0.0000
Z  0.0000 -0.0000  1.0000

PART 1
OFFSET  0.1218  5.5976 -6.6823
SCALE 1 1 1
X  0.3850  0.0469 -0.9217
Y  0.2497 -0.9668  0.0550
Z -0.8885 -0.2513 -0.3839

PART 2
OFFSET  4.7774  6.1654 -17.8297
SCALE 1 1 1
X  0.7358 -0.2779  0.6176
Y -0.6340  0.0379  0.7724
Z -0.2381 -0.9598 -0.1483

PART 3
OFFSET  11.0353  3.8013 -12.5770
SCALE 1 1 1
X  0.7358 -0.2779  0.6176
Y -0.5834  0.2029  0.7864
Z -0.3439 -0.9389 -0.0129

PART 4
OFFSET  13.2093  4.9838 -12.3776
SCALE 1 1 1
X  0.7402 -0.2755  0.6134
Y  0.2451  0.9600  0.1355
Z -0.6261  0.0501  0.7781

PART 5
OFFSET  12.4037  2.7708 -13.0288
SCALE 1 1 1
X  0.7402 -0.2755  0.6134
Y  0.2451  0.9600  0.1355
Z -0.6261  0.0501  0.7781

PART 6
OFFSET  12.0184  5.4863 -9.8841
SCALE 1 1 1
X  0.7402 -0.2755  0.6134
Y  0.2451  0.9600  0.1355
Z -0.6261  0.0501  0.7781

PART 7
OFFSET  11.1303  2.9718 -10.1124
SCALE 1 1 1
X  0.7402 -0.2755  0.6134
Y  0.2451  0.9600  0.1355
Z -0.6261  0.0501  0.7781

PART 8
OFFSET  11.3520  2.3308 -11.2873
SCALE 1 1 1
X  0.7402 -0.2755  0.6134
Y  0.2451  0.9600  0.1355
Z -0.6261  0.0501  0.7781

PART 9
OFFSET  13.2909  2.9492 -10.6837
SCALE 1 1 1
X  0.8226 -0.5117  0.2479
Y -0.2816  0.0121  0.9594
Z -0.4939 -0.8591 -0.1341

PART 10
OFFSET  13.1864  2.3780 -9.7013
SCALE 1 1 1
X  0.0288 -0.7389  0.6731
Y -0.5118  0.5676  0.6450
Z -0.8586 -0.3631 -0.3618

PART 11
OFFSET  13.1498  0.8198 -8.2045
SCALE 1 1 1
X  0.4186 -0.8017  0.4268
Y -0.5672  0.1363  0.8122
Z -0.7093 -0.5821 -0.3976

PART 12
OFFSET  13.7799 -0.5476 -7.6085
SCALE 1 1 1
X  0.5394 -0.8362 -0.0985
Y -0.2869 -0.2925  0.9122
Z -0.7916 -0.4638 -0.3977

PART 13
OFFSET  14.3222 -1.4782 -7.7176
SCALE 1 1 1
X  0.8476 -0.3796  0.3708
Y  0.3757  0.9228  0.0860
Z -0.3748  0.0664  0.9247

PART 14
OFFSET  14.1888  2.3296 -11.5283
SCALE 1 1 1
X  0.6635 -0.6756 -0.3215
Y -0.6723 -0.7269  0.1402
Z -0.3284  0.1231 -0.9365

PART 15
OFFSET  15.6449  0.7045 -12.0970
SCALE 1 1 1
X -0.3369 -0.9027  0.2674
Y -0.8882  0.3990  0.2278
Z -0.3123 -0.1608 -0.9363

PART 16
OFFSET  15.1679 -0.5736 -11.7183
SCALE 1 1 1
X -0.8557 -0.3637  0.3681
Y -0.4165  0.9062 -0.0729
Z -0.3071 -0.2158 -0.9269

PART 17
OFFSET  14.4092 -0.8961 -11.3919
SCALE 1 1 1
X -0.9200  0.2774  0.2769
Y  0.2168  0.9487 -0.2300
Z -0.3265 -0.1516 -0.9330

PART 18
OFFSET  13.5351 -0.6326 -11.1289
SCALE 1 1 1
X  0.6148 -0.7858  0.0675
Y  0.7145  0.5186 -0.4697
Z  0.3341  0.3370  0.8802

PART 19
OFFSET  14.2515  2.3451 -10.8174
SCALE 1 1 1
X  0.8664 -0.4958 -0.0595
Y -0.4978 -0.8481 -0.1812
Z  0.0394  0.1866 -0.9817

PART 20
OFFSET  16.3074  0.7723 -11.0590
SCALE 1 1 1
X -0.4285 -0.8982  0.0986
Y -0.8772  0.4396  0.1931
Z -0.2168 -0.0037 -0.9762

PART 21
OFFSET  15.5779 -0.7568 -10.8912
SCALE 1 1 1
X -0.8899 -0.4029  0.2139
Y -0.3994  0.9147  0.0610
Z -0.2203 -0.0312 -0.9749

PART 22
OFFSET  14.3446 -1.3151 -10.5947
SCALE 1 1 1
X -0.8324  0.5284  0.1672
Y  0.5110  0.8485 -0.1375
Z -0.2145 -0.0291 -0.9763

PART 23
OFFSET  13.4418 -0.7421 -10.4134
SCALE 1 1 1
X  0.3795 -0.9190 -0.1064
Y  0.9045  0.3928 -0.1664
Z  0.1947 -0.0331  0.9803

PART 24
OFFSET  15.1150  0.9307 -8.4678
SCALE 1 1 1
X  0.6911 -0.7226  0.0104
Y  0.7002  0.6731  0.2378
Z -0.1788 -0.1570  0.9713

PART 25
OFFSET  16.4675  1.2839 -8.9441
SCALE 1 1 1
X -0.1136 -0.9884 -0.1008
Y -0.9828  0.0969  0.1574
Z -0.1458  0.1170 -0.9824

PART 26
OFFSET  16.2676 -0.4563 -9.1216
SCALE 1 1 1
X -0.7620 -0.6475 -0.0073
Y -0.6425  0.7546  0.1335
Z -0.0809  0.1064 -0.9910

PART 27
OFFSET  15.3461 -1.2500 -9.0703
SCALE 1 1 1
X -0.9796  0.1272  0.1557
Y  0.1374  0.9889  0.0560
Z -0.1469  0.0763 -0.9862

PART 28
OFFSET  14.2396 -1.1062 -8.8944
SCALE 1 1 1
X  0.1536 -0.9127 -0.3787
Y  0.9862  0.1653  0.0015
Z  0.0612 -0.3737  0.9255

PART 29
OFFSET  16.5967  1.1712 -10.0354
SCALE 1 1 1
X -0.2333 -0.9724  0.0060
Y -0.9611  0.2315  0.1508
Z -0.1481  0.0294 -0.9885

PART 30
OFFSET  16.1409 -0.7284 -10.0236
SCALE 1 1 1
X -0.8974 -0.4271  0.1103
Y -0.4129  0.9014  0.1306
Z -0.1552  0.0716 -0.9853

PART 31
OFFSET  14.8301 -1.3523 -9.8625
SCALE 1 1 1
X -0.8876  0.4064  0.2167
Y  0.4426  0.8830  0.1566
Z -0.1277  0.2349 -0.9636

PART 32
OFFSET  13.8236 -0.8909 -9.6239
SCALE 1 1 1
X  0.4061 -0.8906 -0.2046
Y  0.8980  0.4304 -0.0915
Z  0.1695 -0.1466  0.9746

PART 33
OFFSET  14.9204  0.2463 -10.7329
SCALE 1 1 1
X -0.0288  0.1704 -0.9850
Y  0.4939  0.8591  0.1341
Z  0.8690 -0.4826 -0.1089

PART 34
OFFSET -12.9782 -7.9373 -1.9159
SCALE 1 1 1
X -0.2562 -0.1650  0.9524
Y -0.1600 -0.9645 -0.2101
Z  0.9533 -0.2062  0.2207

PART 35
OFFSET -9.8795 -5.9423 -13.4346
SCALE 1 1 1
X -0.8597 -0.2896 -0.4207
Y  0.3735  0.2052 -0.9046
Z  0.3483 -0.9349 -0.0682

PART 36
OFFSET -2.5671 -3.4790 -9.8564
SCALE 1 1 1
X -0.8597 -0.2896 -0.4207
Y -0.1296  0.9205 -0.3687
Z  0.4940 -0.2625 -0.8289

PART 37
OFFSET -2.0057 -2.1440 -8.5043
SCALE 1 1 1
X -0.8629 -0.2883 -0.4151
Y -0.3512  0.9327  0.0824
Z  0.3634  0.2169 -0.9060

PART 38
OFFSET -1.8227 -2.7965 -7.5161
SCALE 1 1 1
X -0.8629 -0.2883 -0.4151
Y -0.3512  0.9327  0.0824
Z  0.3634  0.2169 -0.9060

PART 39
OFFSET -1.1950 -3.9619 -7.7598
SCALE 1 1 1
X -0.8629 -0.2883 -0.4151
Y -0.3512  0.9327  0.0824
Z  0.3634  0.2169 -0.9060

PART 40
OFFSET  0.0686 -2.5911 -8.5667
SCALE 1 1 1
X -0.9578  0.0411 -0.2845
Y  0.1239  0.9521 -0.2796
Z  0.2593 -0.3031 -0.9170

PART 41
OFFSET  0.2734 -3.4039 -7.7924
SCALE 1 1 1
X -0.4480  0.1204 -0.8859
Y  0.4625  0.8792 -0.1144
Z  0.7651 -0.4610 -0.4496

PART 42
OFFSET  1.1515 -3.7258 -5.8444
SCALE 1 1 1
X -0.8005 -0.3114 -0.5120
Y  0.1711  0.7000 -0.6933
Z  0.5743 -0.6427 -0.5071

PART 43
OFFSET  2.3898 -3.1094 -5.0024
SCALE 1 1 1
X -0.6117 -0.7902  0.0386
Y -0.3999  0.2668 -0.8769
Z  0.6826 -0.5518 -0.4792

PART 44
OFFSET  3.0268 -2.2342 -5.0073
SCALE 1 1 1
X -0.9724 -0.1738  0.1556
Y -0.0456  0.7956  0.6041
Z -0.2288  0.5803 -0.7816

PART 45
OFFSET  0.9594 -1.5451 -8.4401
SCALE 1 1 1
X -0.8449 -0.5228 -0.1130
Y  0.3219 -0.3284 -0.8880
Z  0.4272 -0.7866  0.4458

PART 46
OFFSET  2.8805 -0.4447 -8.0125
SCALE 1 1 1
X -0.2697 -0.1558 -0.9503
Y  0.9421  0.1618 -0.2939
Z  0.1995 -0.9744  0.1032

PART 47
OFFSET  3.2623 -0.2241 -6.6671
SCALE 1 1 1
X  0.6145  0.0487 -0.7874
Y  0.7550  0.2534  0.6048
Z  0.2290 -0.9661  0.1189

PART 48
OFFSET  2.7174 -0.2673 -5.9690
SCALE 1 1 1
X  0.9073  0.3113  0.2828
Y -0.3197  0.0734  0.9447
Z  0.2733 -0.9475  0.1661

PART 49
OFFSET  1.8555 -0.5630 -6.2377
SCALE 1 1 1
X -0.5328 -0.1471 -0.8334
Y -0.7906 -0.2646  0.5522
Z -0.3018  0.9531  0.0247

PART 50
OFFSET  1.1239 -2.2292 -8.3198
SCALE 1 1 1
X -0.9480 -0.2551 -0.1903
Y  0.2732 -0.3453 -0.8978
Z  0.1633 -0.9031  0.3971

PART 51
OFFSET  3.5660 -1.4406 -7.9046
SCALE 1 1 1
X -0.0579 -0.2862 -0.9564
Y  0.9798  0.1674 -0.1094
Z  0.1914 -0.9434  0.2707

PART 52
OFFSET  3.6646 -0.9533 -6.2762
SCALE 1 1 1
X  0.8415  0.0209 -0.5399
Y  0.5089  0.3051  0.8050
Z  0.1815 -0.9521  0.2461

PART 53
OFFSET  2.4983 -0.9823 -5.5280
SCALE 1 1 1
X  0.7890  0.2879  0.5428
Y -0.5886  0.1010  0.8021
Z  0.1760 -0.9523  0.2492

PART 54
OFFSET  1.6426 -1.2945 -6.1166
SCALE 1 1 1
X -0.3016 -0.3404 -0.8906
Y -0.9415 -0.0414  0.3346
Z -0.1507  0.9394 -0.3080

PART 55
OFFSET -3.8835 -3.3876 -10.0057
SCALE 1 1 1
X -0.8530 -0.2297 -0.4685
Y -0.5214  0.3389  0.7831
Z -0.0211  0.9123 -0.4089

PART 56
OFFSET  3.8037 -3.5819 -7.5883
SCALE 1 1 1
X -0.8352 -0.2280 -0.5005
Y  0.5432 -0.1995 -0.8156
Z  0.0861 -0.9530  0.2905

PART 57
OFFSET  5.2742 -3.1804 -6.7071
SCALE 1 1 1
X -0.0346 -0.3388 -0.9402
Y  0.9976  0.0453 -0.0530
Z  0.0605 -0.9398  0.3364

PART 58
OFFSET  5.3198 -2.8257 -5.5436
SCALE 1 1 1
X  0.7911 -0.1044 -0.6028
Y  0.6067  0.2597  0.7513
Z  0.0781 -0.9600  0.2688

PART 59
OFFSET  4.4263 -2.7078 -4.8628
SCALE 1 1 1
X -0.7832 -0.4705 -0.4064
Y -0.5764  0.3047  0.7582
Z -0.2329  0.8281 -0.5099

PART 60
OFFSET  3.7894 -2.4903 -7.7575
SCALE 1 1 1
X -0.2235 -0.3353 -0.9152
Y  0.9725 -0.0133 -0.2326
Z  0.0658 -0.9420  0.3291

PART 61
OFFSET  4.2260 -1.8352 -5.9695
SCALE 1 1 1
X  0.8376 -0.1243 -0.5319
Y  0.5386  0.3507  0.7661
Z  0.0913 -0.9282  0.3607

PART 62
OFFSET  3.0026 -1.6536 -5.1926
SCALE 1 1 1
X  0.8882  0.2667  0.3742
Y -0.4492  0.3317  0.8296
Z  0.0971 -0.9049  0.4144

PART 63
OFFSET  1.9957 -1.9490 -5.6188
SCALE 1 1 1
X -0.4004 -0.3585 -0.8433
Y -0.9056  0.0145  0.4238
Z -0.1397  0.9334 -0.3305

PART 64
OFFSET  10.5014 -3.4699 -3.8243
SCALE 1 1 1
X  0.9493  0.2574  0.1803
Y -0.2581  0.3112  0.9146
Z  0.1794 -0.9148  0.3619

PART 65
OFFSET  10.5014 -3.4699 -3.8243
SCALE 1 1 1
X  0.9493  0.2574  0.1803
Y -0.2581  0.3112  0.9146
Z  0.1794 -0.9148  0.3619

PART 66
OFFSET  9.5797 -4.1288 -4.2034
SCALE 1 1 1
X  0.2957 -0.5374 -0.7898
Y  0.9493  0.2574  0.1803
Z  0.1065 -0.8031  0.5863

PART 67
OFFSET  32.6122  2.1306  0.5279
SCALE 1 1 1
X  0.9493  0.2574  0.1803
Y -0.2581  0.3112  0.9146
Z  0.1794 -0.9148  0.3619

PART 68
OFFSET  10.3375 -2.7095 -4.0475
SCALE 1 1 1
X  0.9493  0.2574  0.1803
Y -0.2581  0.3112  0.9146
Z  0.1794 -0.9148  0.3619

PART 69
OFFSET  10.5910 -3.8617 -3.6657
SCALE 1 1 1
X  0.9493  0.2574  0.1803
Y -0.2581  0.3112  0.9146
Z  0.1794 -0.9148  0.3619

PART 70
OFFSET  15.4568  0.1085 -3.6494
SCALE 1 1 1
X  0.9493  0.2574  0.1803
Y -0.2581  0.3112  0.9146
Z  0.1794 -0.9148  0.3619

PART 71
OFFSET  3.0023 -5.0792 -4.0760
SCALE 1 1 1
X  0.9493  0.2574  0.1803
Y -0.2581  0.3112  0.9146
Z  0.1794 -0.9148  0.3619

PART 72
OFFSET  3.0356 -5.1193 -4.1939
SCALE 1 1 1
X  0.7786 -0.4935  0.3876
Y -0.2581  0.3112  0.9146
Z -0.5720 -0.8122  0.1150

PART 73
OFFSET  14.7557 -4.2985 -2.3476
SCALE 1 1 1
X  0.9493  0.2574  0.1803
Y -0.2581  0.3112  0.9146
Z  0.1794 -0.9148  0.3619

PART 74
OFFSET  7.8048 -2.8503 -4.7775
SCALE 1 1 1
X  0.9493  0.2574  0.1803
Y -0.2581  0.3112  0.9146
Z  0.1794 -0.9148  0.3619

PART 75
OFFSET  13.4295 -4.3642 -2.6939
SCALE 1 1 1
X  0.2957 -0.5374 -0.7898
Y  0.9493  0.2574  0.1803
Z  0.1065 -0.8031  0.5863

PART 76
OFFSET  12.3884 -4.6932 -2.8756
SCALE 1 1 1
X  0.9493  0.2574  0.1803
Y -0.2581  0.3112  0.9146
Z  0.1794 -0.9148  0.3619

PART 77
OFFSET  18.4310 -2.5373 -2.9130
SCALE 1 1 1
X  0.9493  0.2574  0.1803
Y -0.0556 -0.4268  0.9026
Z  0.3093 -0.8669 -0.3908

PART 78
OFFSET  12.3092 -5.2696 -2.7019
SCALE 1 1 1
X  0.9493  0.2574  0.1803
Y -0.2581  0.3112  0.9146
Z  0.1794 -0.9148  0.3619

PART 79
OFFSET  32.6122  2.1306  0.5279
SCALE 1 1 1
X  0.2581 -0.3112 -0.9146
Y  0.9493  0.2574  0.1803
Z  0.1794 -0.9148  0.3619

PART 80
OFFSET  38.8159  3.8129  1.7058
SCALE 1 1 1
X  0.2581 -0.3112 -0.9146
Y  0.9493  0.2574  0.1803
Z  0.1794 -0.9148  0.3619

PART 81
OFFSET  21.5873  1.7408 -2.4501
SCALE 1 1 1
X  0.9493  0.2574  0.1803
Y -0.2581  0.3112  0.9146
Z  0.1794 -0.9148  0.3619

PART 82
OFFSET  8.6078 -3.7960 -3.4220
SCALE 1 1 1
X  0.9493  0.2574  0.1803
Y -0.2581  0.3112  0.9146
Z  0.1794 -0.9148  0.3619

PART 83
OFFSET  10.0857 -2.3573 -3.0180
SCALE 1 1 1
X  0.9493  0.2574  0.1803
Y -0.2581  0.3112  0.9146
Z  0.1794 -0.9148  0.3619

PART 84
OFFSET  9.3995 -2.5434 -3.1483
SCALE 1 1 1
X  0.9493  0.2574  0.1803
Y -0.2581  0.3112  0.9146
Z  0.1794 -0.9148  0.3619

PART 85
OFFSET  8.7119 -2.7299 -3.2788
SCALE 1 1 1
X  0.9493  0.2574  0.1803
Y -0.2581  0.3112  0.9146
Z  0.1794 -0.9148  0.3619

PART 86
OFFSET  8.0242 -2.9164 -3.4094
SCALE 1 1 1
X  0.9493  0.2574  0.1803
Y -0.2581  0.3112  0.9146
Z  0.1794 -0.9148  0.3619

PART 87
OFFSET  7.3366 -3.1028 -3.5400
SCALE 1 1 1
X  0.9493  0.2574  0.1803
Y -0.2581  0.3112  0.9146
Z  0.1794 -0.9148  0.3619

PART 88
OFFSET  6.6489 -3.2893 -3.6705
SCALE 1 1 1
X  0.9493  0.2574  0.1803
Y -0.2581  0.3112  0.9146
Z  0.1794 -0.9148  0.3619

PART 89
OFFSET  0.0000 -0.0000 -0.0000
SCALE 1 1 1
X  1.0000 -0.0000  0.0000
Y  0.0000  1.0000  0.0000
Z  0.0000 -0.0000  1.0000

PART 90
OFFSET  0.0000 -0.0000 -0.0000
SCALE 1 1 1
X  1.0000 -0.0000  0.0000
Y  0.0000  1.0000  0.0000
Z  0.0000 -0.0000  1.0000

PART 91
OFFSET  1.5404 -0.0000  4.1357
SCALE 1 1 1
X  1.0000 -0.0000  0.0000
Y  0.0000  1.0000  0.0000
Z  0.0000 -0.0000  1.0000

PART 92
OFFSET  0.0000 -0.0000 -0.0000
SCALE 1 1 1
X  1.0000 -0.0000  0.0000
Y  0.0000  1.0000  0.0000
Z  0.0000 -0.0000  1.0000


FRAME 346
PART 0
OFFSET -4.6318 -0.0000 -1.3770
SCALE 1 1 1
X  1.0000 -0.0000  0.0000
Y  0.0000  1.0000  0.0000
Z  0.0000 -0.0000  1.0000

PART 1
OFFSET  0.1218  5.5976 -6.6823
SCALE 1 1 1
X  0.4585  0.0261 -0.8883
Y  0.2073 -0.9751  0.0783
Z -0.8642 -0.2201 -0.4525

PART 2
OFFSET  5.6670  5.9138 -17.4253
SCALE 1 1 1
X  0.7406 -0.3067  0.5978
Y -0.6187  0.0358  0.7848
Z -0.2621 -0.9511 -0.1633

PART 3
OFFSET  11.9664  3.3049 -12.3407
SCALE 1 1 1
X  0.7406 -0.3067  0.5978
Y -0.5790  0.1602  0.7995
Z -0.3410 -0.9382 -0.0590

PART 4
OFFSET  14.1694  4.4352 -12.1584
SCALE 1 1 1
X  0.7450 -0.3043  0.5936
Y  0.2689  0.9514  0.1503
Z -0.6104  0.0476  0.7906

PART 5
OFFSET  13.3029  2.2544 -12.8391
SCALE 1 1 1
X  0.7450 -0.3043  0.5936
Y  0.2689  0.9514  0.1503
Z -0.6104  0.0476  0.7906

PART 6
OFFSET  13.0361  4.9118 -9.6332
SCALE 1 1 1
X  0.7450 -0.3043  0.5936
Y  0.2689  0.9514  0.1503
Z -0.6104  0.0476  0.7906

PART 7
OFFSET  12.0883  2.4227 -9.8957
SCALE 1 1 1
X  0.7450 -0.3043  0.5936
Y  0.2689  0.9514  0.1503
Z -0.6104  0.0476  0.7906

PART 8
OFFSET  12.2739  1.8015 -11.0874
SCALE 1 1 1
X  0.7450 -0.3043  0.5936
Y  0.2689  0.9514  0.1503
Z -0.6104  0.0476  0.7906

PART 9
OFFSET  14.2370  2.3646 -10.5080
SCALE 1 1 1
X  0.8389 -0.4666  0.2802
Y -0.3090  0.0156  0.9509
Z -0.4481 -0.8843 -0.1311

PART 10
OFFSET  14.1321  1.8067 -9.5181
SCALE 1 1 1
X  0.0458 -0.7241  0.6882
Y -0.5580  0.5528  0.6189
Z -0.8286 -0.4124 -0.3787

PART 11
OFFSET  14.1292  0.2763 -7.9924
SCALE 1 1 1
X  0.4432 -0.7711  0.4572
Y -0.5981  0.1255  0.7916
Z -0.6677 -0.6243 -0.4055

PART 12
OFFSET  14.8057 -1.0459 -7.3470
SCALE 1 1 1
X  0.5808 -0.8118 -0.0600
Y -0.3028 -0.2839  0.9098
Z -0.7556 -0.5102 -0.4107

PART 13
OFFSET  15.3940 -1.9520 -7.4152
SCALE 1 1 1
X  0.8517 -0.3300  0.4070
Y  0.3292  0.9413  0.0744
Z -0.4077  0.0706  0.9104

PART 14
OFFSET  15.1871  1.7743 -11.3156
SCALE 1 1 1
X  0.7040 -0.6483 -0.2901
Y -0.6403 -0.7560  0.1357
Z -0.3072  0.0902 -0.9473

PART 15
OFFSET  16.7351  0.2118 -11.8127
SCALE 1 1 1
X -0.2963 -0.9148  0.2743
Y -0.9144  0.3547  0.1949
Z -0.2756 -0.1931 -0.9417

PART 16
OFFSET  16.3155 -1.0834 -11.4243
SCALE 1 1 1
X -0.8449 -0.4042  0.3504
Y -0.4631  0.8806 -0.1009
Z -0.2678 -0.2475 -0.9312

PART 17
OFFSET  15.5664 -1.4417 -11.1136
SCALE 1 1 1
X -0.9423  0.2260  0.2470
Y  0.1666  0.9565 -0.2395
Z -0.2904 -0.1846 -0.9389

PART 18
OFFSET  14.6712 -1.2270 -10.8789
SCALE 1 1 1
X  0.6581 -0.7466  0.0972
Y  0.6954  0.5533 -0.4585
Z  0.2885  0.3693  0.8834

PART 19
OFFSET  15.2288  1.8055 -10.6037
SCALE 1 1 1
X  0.8905 -0.4542 -0.0261
Y -0.4512 -0.8744 -0.1784
Z  0.0582  0.1707 -0.9836

PART 20
OFFSET  17.3638  0.3303 -10.7584
SCALE 1 1 1
X -0.3831 -0.9179  0.1035
Y -0.9045  0.3955  0.1597
Z -0.1876 -0.0325 -0.9817

PART 21
OFFSET  16.7116 -1.2324 -10.5821
SCALE 1 1 1
X -0.8725 -0.4474  0.1962
Y -0.4503  0.8923  0.0325
Z -0.1896 -0.0600 -0.9800

PART 22
OFFSET  15.5023 -1.8525 -10.3101
SCALE 1 1 1
X -0.8676  0.4788  0.1346
Y  0.4621  0.8760 -0.1381
Z -0.1840 -0.0576 -0.9812

PART 23
OFFSET  14.5615 -1.3333 -10.1642
SCALE 1 1 1
X  0.4378 -0.8955 -0.0796
Y  0.8833  0.4449 -0.1479
Z  0.1679 -0.0056  0.9858

PART 24
OFFSET  16.0922  0.4769 -8.2045
SCALE 1 1 1
X  0.7245 -0.6880  0.0433
Y  0.6601  0.7105  0.2439
Z -0.1986 -0.1481  0.9688

PART 25
OFFSET  17.4392  0.8868 -8.6501
SCALE 1 1 1
X -0.0583 -0.9946 -0.0855
Y -0.9906  0.0471  0.1281
Z -0.1233  0.0922 -0.9881

PART 26
OFFSET  17.3365 -0.8644 -8.8006
SCALE 1 1 1
X -0.7252 -0.6884 -0.0167
Y -0.6861  0.7204  0.1014
Z -0.0578  0.0850 -0.9947

PART 27
OFFSET  16.4584 -1.7064 -8.7604
SCALE 1 1 1
X -0.9895  0.0709  0.1256
Y  0.0767  0.9962  0.0422
Z -0.1221  0.0514 -0.9912

PART 28
OFFSET  15.3407 -1.6264 -8.6186
SCALE 1 1 1
X  0.2185 -0.9079 -0.3577
Y  0.9742  0.2241  0.0265
Z  0.0561 -0.3543  0.9334

PART 29
OFFSET  17.6045  0.7610 -9.7351
SCALE 1 1 1
X -0.1818 -0.9832  0.0178
Y -0.9758  0.1826  0.1200
Z -0.1212  0.0045 -0.9926

PART 30
OFFSET  17.2495 -1.1597 -9.7004
SCALE 1 1 1
X -0.8757 -0.4738  0.0934
Y -0.4649  0.8794  0.1025
Z -0.1307  0.0463 -0.9903

PART 31
OFFSET  15.9704 -1.8518 -9.5640
SCALE 1 1 1
X -0.9162  0.3561  0.1839
Y  0.3846  0.9103  0.1534
Z -0.1127  0.2112 -0.9709

PART 32
OFFSET  14.9317 -1.4476 -9.3628
SCALE 1 1 1
X  0.4641 -0.8680 -0.1769
Y  0.8732  0.4818 -0.0734
Z  0.1489 -0.1204  0.9815

PART 33
OFFSET  15.9950 -0.2565 -10.4604
SCALE 1 1 1
X -0.0090  0.1511 -0.9885
Y  0.4481  0.8843  0.1311
Z  0.8939 -0.4418 -0.0757

PART 34
OFFSET -12.9782 -7.9373 -1.9159
SCALE 1 1 1
X -0.2555 -0.1583  0.9538
Y -0.1688 -0.9640 -0.2053
Z  0.9520 -0.2135  0.2196

PART 35
OFFSET -9.8884 -6.0223 -13.4505
SCALE 1 1 1
X -0.8708 -0.2881 -0.3984
Y  0.3552  0.1918 -0.9149
Z  0.3400 -0.9382 -0.0647

PART 36
OFFSET -2.4821 -3.5720 -10.0616
SCALE 1 1 1
X -0.8708 -0.2881 -0.3984
Y -0.0608  0.8672 -0.4942
Z  0.4879 -0.4061 -0.7727

PART 37
OFFSET -1.8817 -2.2256 -8.7378
SCALE 1 1 1
X -0.8738 -0.2866 -0.3928
Y -0.3426  0.9362  0.0790
Z  0.3451  0.2036 -0.9162

PART 38
OFFSET -1.6819 -2.8678 -7.7462
SCALE 1 1 1
X -0.8738 -0.2866 -0.3928
Y -0.3426  0.9362  0.0790
Z  0.3451  0.2036 -0.9162

PART 39
OFFSET -1.0681 -4.0406 -7.9897
SCALE 1 1 1
X -0.8738 -0.2866 -0.3928
Y -0.3426  0.9362  0.0790
Z  0.3451  0.2036 -0.9162

PART 40
OFFSET  0.1874 -2.6888 -8.8401
SCALE 1 1 1
X -0.9509  0.0505 -0.3053
Y  0.1779  0.8964 -0.4059
Z  0.2532 -0.4403 -0.8614

PART 41
OFFSET  0.3395 -3.3958 -7.9573
SCALE 1 1 1
X -0.4308  0.0193 -0.9023
Y  0.5103  0.8298 -0.2259
Z  0.7444 -0.5577 -0.3673

PART 42
OFFSET  1.1768 -3.4892 -5.9673
SCALE 1 1 1
X -0.8102 -0.3378 -0.4791
Y  0.2163  0.5873 -0.7799
Z  0.5448 -0.7355 -0.4027

PART 43
OFFSET  2.4366 -2.8264 -5.1954
SCALE 1 1 1
X -0.6536 -0.7446  0.1357
Y -0.3750  0.1628 -0.9126
Z  0.6575 -0.6474 -0.3856

PART 44
OFFSET  3.1196 -1.9944 -5.3090
SCALE 1 1 1
X -0.9820 -0.1003  0.1598
Y -0.0098  0.8730  0.4876
Z -0.1884  0.4773 -0.8583

PART 45
OFFSET  1.1315 -1.6827 -8.8423
SCALE 1 1 1
X -0.8704 -0.4892 -0.0556
Y  0.3140 -0.4646 -0.8280
Z  0.3793 -0.7381  0.5580

PART 46
OFFSET  3.1038 -0.6340 -8.5345
SCALE 1 1 1
X -0.2667 -0.2721 -0.9246
Y  0.9527  0.0707 -0.2956
Z  0.1458 -0.9597  0.2403

PART 47
OFFSET  3.4814 -0.2488 -7.2255
SCALE 1 1 1
X  0.6252 -0.0927 -0.7750
Y  0.7605  0.2956  0.5781
Z  0.1755 -0.9508  0.2553

PART 48
OFFSET  2.9271 -0.1666 -6.5384
SCALE 1 1 1
X  0.9193  0.3004  0.2541
Y -0.3261  0.2201  0.9194
Z  0.2202 -0.9281  0.3003

PART 49
OFFSET  2.0537 -0.4519 -6.7799
SCALE 1 1 1
X -0.5303 -0.2337 -0.8150
Y -0.8099 -0.1444  0.5685
Z -0.2505  0.9615 -0.1127

PART 50
OFFSET  1.2577 -2.3510 -8.6256
SCALE 1 1 1
X -0.9581 -0.2299 -0.1711
Y  0.2646 -0.4802 -0.8363
Z  0.1101 -0.8465  0.5209

PART 51
OFFSET  3.7337 -1.6392 -8.2774
SCALE 1 1 1
X -0.0622 -0.4127 -0.9087
Y  0.9886  0.0999 -0.1130
Z  0.1374 -0.9054  0.4018

PART 52
OFFSET  3.8396 -0.9365 -6.7303
SCALE 1 1 1
X  0.8475 -0.0976 -0.5217
Y  0.5153  0.3872  0.7646
Z  0.1274 -0.9168  0.3785

PART 53
OFFSET  2.6650 -0.8013 -6.0073
SCALE 1 1 1
X  0.7971  0.3194  0.5126
Y -0.5915  0.2415  0.7693
Z  0.1219 -0.9163  0.3814

PART 54
OFFSET  1.8005 -1.1476 -6.5632
SCALE 1 1 1
X -0.3092 -0.4447 -0.8406
Y -0.9461  0.0540  0.3194
Z -0.0966  0.8941 -0.4374

PART 55
OFFSET -3.7849 -3.4727 -10.2292
SCALE 1 1 1
X -0.8587 -0.2483 -0.4483
Y -0.5114  0.4707  0.7190
Z  0.0325  0.8467 -0.5311

PART 56
OFFSET  3.8526 -3.7253 -7.6644
SCALE 1 1 1
X -0.8404 -0.2519 -0.4798
Y  0.5410 -0.3384 -0.7699
Z  0.0316 -0.9067  0.4207

PART 57
OFFSET  5.3323 -3.2818 -6.8196
SCALE 1 1 1
X -0.0419 -0.4637 -0.8850
Y  0.9991 -0.0140 -0.0400
Z  0.0062 -0.8859  0.4639

PART 58
OFFSET  5.3836 -2.7719 -5.7156
SCALE 1 1 1
X  0.7912 -0.2276 -0.5677
Y  0.6111  0.3299  0.7195
Z  0.0235 -0.9162  0.4001

PART 59
OFFSET  4.4900 -2.5148 -5.0744
SCALE 1 1 1
X -0.8026 -0.4814 -0.3522
Y -0.5679  0.4362  0.6980
Z -0.1824  0.7603 -0.6235

PART 60
OFFSET  3.8988 -2.6685 -7.9828
SCALE 1 1 1
X -0.2306 -0.4471 -0.8642
Y  0.9730 -0.0955 -0.2103
Z  0.0115 -0.8894  0.4570

PART 61
OFFSET  4.3494 -1.7951 -6.2944
SCALE 1 1 1
X  0.8358 -0.2399 -0.4939
Y  0.5478  0.4254  0.7204
Z  0.0373 -0.8726  0.4870

PART 62
OFFSET  3.1286 -1.4446 -5.5730
SCALE 1 1 1
X  0.8968  0.2699  0.3505
Y -0.4402  0.4663  0.7673
Z  0.0437 -0.8425  0.5370

PART 63
OFFSET  2.1123 -1.7441 -5.9732
SCALE 1 1 1
X -0.4093 -0.4509 -0.7932
Y -0.9084  0.1198  0.4007
Z -0.0857  0.8845 -0.4586

PART 64
OFFSET  10.5032 -3.4373 -3.8270
SCALE 1 1 1
X  0.9596  0.2307  0.1608
Y -0.2515  0.4480  0.8580
Z  0.1259 -0.8638  0.4879

PART 65
OFFSET  10.5032 -3.4373 -3.8270
SCALE 1 1 1
X  0.9596  0.2307  0.1608
Y -0.2515  0.4480  0.8580
Z  0.1259 -0.8638  0.4879

PART 66
OFFSET  9.5519 -4.0941 -4.1288
SCALE 1 1 1
X  0.2755 -0.6563 -0.7024
Y  0.9596  0.2307  0.1608
Z  0.0565 -0.7184  0.6933

PART 67
OFFSET  32.8312  1.5667  0.1249
SCALE 1 1 1
X  0.9596  0.2307  0.1608
Y -0.2515  0.4480  0.8580
Z  0.1259 -0.8638  0.4879

PART 68
OFFSET  10.3829 -2.7078 -4.1560
SCALE 1 1 1
X  0.9596  0.2307  0.1608
Y -0.2515  0.4480  0.8580
Z  0.1259 -0.8638  0.4879

PART 69
OFFSET  10.5699 -3.8074 -3.6142
SCALE 1 1 1
X  0.9596  0.2307  0.1608
Y -0.2515  0.4480  0.8580
Z  0.1259 -0.8638  0.4879

PART 70
OFFSET  15.6409 -0.1292 -4.0544
SCALE 1 1 1
X  0.9596  0.2307  0.1608
Y -0.2515  0.4480  0.8580
Z  0.1259 -0.8638  0.4879

PART 71
OFFSET  2.9320 -4.6776 -3.9948
SCALE 1 1 1
X  0.9596  0.2307  0.1608
Y -0.2515  0.4480  0.8580
Z  0.1259 -0.8638  0.4879

PART 72
OFFSET  2.9645 -4.7354 -4.1055
SCALE 1 1 1
X  0.7466 -0.4744  0.4665
Y -0.2515  0.4480  0.8580
Z -0.6160 -0.7578  0.2152

PART 73
OFFSET  14.6898 -4.2710 -2.1705
SCALE 1 1 1
X  0.9596  0.2307  0.1608
Y -0.2515  0.4480  0.8580
Z  0.1259 -0.8638  0.4879

PART 74
OFFSET  7.8548 -2.8179 -4.9069
SCALE 1 1 1
X  0.9596  0.2307  0.1608
Y -0.2515  0.4480  0.8580
Z  0.1259 -0.8638  0.4879

PART 75
OFFSET  13.3660 -4.3157 -2.5293
SCALE 1 1 1
X  0.2755 -0.6563 -0.7024
Y  0.9596  0.2307  0.1608
Z  0.0565 -0.7184  0.6933

PART 76
OFFSET  12.3109 -4.6127 -2.6834
SCALE 1 1 1
X  0.9596  0.2307  0.1608
Y -0.2515  0.4480  0.8580
Z  0.1259 -0.8638  0.4879

PART 77
OFFSET  18.4605 -2.7969 -2.9044
SCALE 1 1 1
X  0.9596  0.2307  0.1608
Y -0.0888 -0.2940  0.9517
Z  0.2668 -0.9275 -0.2617

PART 78
OFFSET  12.1990 -5.1546 -2.4333
SCALE 1 1 1
X  0.9596  0.2307  0.1608
Y -0.2515  0.4480  0.8580
Z  0.1259 -0.8638  0.4879

PART 79
OFFSET  32.8312  1.5667  0.1249
SCALE 1 1 1
X  0.2515 -0.4480 -0.8580
Y  0.9596  0.2307  0.1608
Z  0.1259 -0.8638  0.4879

PART 80
OFFSET  39.1022  3.0744  1.1756
SCALE 1 1 1
X  0.2515 -0.4480 -0.8580
Y  0.9596  0.2307  0.1608
Z  0.1259 -0.8638  0.4879

PART 81
OFFSET  21.8361  1.3358 -2.9771
SCALE 1 1 1
X  0.9596  0.2307  0.1608
Y -0.2515  0.4480  0.8580
Z  0.1259 -0.8638  0.4879

PART 82
OFFSET  8.5904 -3.6065 -3.4191
SCALE 1 1 1
X  0.9596  0.2307  0.1608
Y -0.2515  0.4480  0.8580
Z  0.1259 -0.8638  0.4879

PART 83
OFFSET  10.1385 -2.2037 -3.1898
SCALE 1 1 1
X  0.9596  0.2307  0.1608
Y -0.2515  0.4480  0.8580
Z  0.1259 -0.8638  0.4879

PART 84
OFFSET  9.4449 -2.3705 -3.3060
SCALE 1 1 1
X  0.9596  0.2307  0.1608
Y -0.2515  0.4480  0.8580
Z  0.1259 -0.8638  0.4879

PART 85
OFFSET  8.7498 -2.5376 -3.4224
SCALE 1 1 1
X  0.9596  0.2307  0.1608
Y -0.2515  0.4480  0.8580
Z  0.1259 -0.8638  0.4879

PART 86
OFFSET  8.0547 -2.7047 -3.5389
SCALE 1 1 1
X  0.9596  0.2307  0.1608
Y -0.2515  0.4480  0.8580
Z  0.1259 -0.8638  0.4879

PART 87
OFFSET  7.3595 -2.8718 -3.6554
SCALE 1 1 1
X  0.9596  0.2307  0.1608
Y -0.2515  0.4480  0.8580
Z  0.1259 -0.8638  0.4879

PART 88
OFFSET  6.6644 -3.0390 -3.7718
SCALE 1 1 1
X  0.9596  0.2307  0.1608
Y -0.2515  0.4480  0.8580
Z  0.1259 -0.8638  0.4879

PART 89
OFFSET  0.0000 -0.0000 -0.0000
SCALE 1 1 1
X  1.0000 -0.0000  0.0000
Y  0.0000  1.0000  0.0000
Z  0.0000 -0.0000  1.0000

PART 90
OFFSET  0.0000 -0.0000 -0.0000
SCALE 1 1 1
X  1.0000 -0.0000  0.0000
Y  0.0000  1.0000  0.0000
Z  0.0000 -0.0000  1.0000

PART 91
OFFSET  1.5404 -0.0000  4.1357
SCALE 1 1 1
X  1.0000 -0.0000  0.0000
Y  0.0000  1.0000  0.0000
Z  0.0000 -0.0000  1.0000

PART 92
OFFSET  0.0000 -0.0000 -0.0000
SCALE 1 1 1
X  1.0000 -0.0000  0.0000
Y  0.0000  1.0000  0.0000
Z  0.0000 -0.0000  1.0000


FRAME 347
PART 0
OFFSET -4.6318 -0.0000 -1.3770
SCALE 1 1 1
X  1.0000 -0.0000  0.0000
Y  0.0000  1.0000  0.0000
Z  0.0000 -0.0000  1.0000

PART 1
OFFSET  0.1218  5.5976 -6.6823
SCALE 1 1 1
X  0.5308 -0.0008 -0.8475
Y  0.1644 -0.9809  0.1039
Z -0.8314 -0.1945 -0.5205

PART 2
OFFSET  6.5413  5.5873 -16.9318
SCALE 1 1 1
X  0.7516 -0.3314  0.5703
Y -0.5961  0.0288  0.8024
Z -0.2824 -0.9430 -0.1759

PART 3
OFFSET  12.9340  2.7682 -12.0811
SCALE 1 1 1
X  0.7516 -0.3314  0.5703
Y -0.5685  0.1130  0.8149
Z -0.3346 -0.9367 -0.1035

PART 4
OFFSET  15.1598  3.8586 -11.9366
SCALE 1 1 1
X  0.7559 -0.3290  0.5660
Y  0.2888  0.9435  0.1628
Z -0.5875  0.0404  0.8082

PART 5
OFFSET  14.2385  1.7072 -12.6387
SCALE 1 1 1
X  0.7559 -0.3290  0.5660
Y  0.2888  0.9435  0.1628
Z -0.5875  0.0404  0.8082

PART 6
OFFSET  14.1047  4.2989 -9.3713
SCALE 1 1 1
X  0.7559 -0.3290  0.5660
Y  0.2888  0.9435  0.1628
Z -0.5875  0.0404  0.8082

PART 7
OFFSET  13.1084  1.8316 -9.6596
SCALE 1 1 1
X  0.7559 -0.3290  0.5660
Y  0.2888  0.9435  0.1628
