// Export filename: `C:\projects\cod\t5\xanim_export\t5_viewmodels\spas12\spas12_grip_rechamber.XANIM_EXPORT`
// Source filename: `D:\projects\devanim\t5\animation_assets\viewmodels/spas12/ViewModel_Spas12_animated.fbx`
// Export time: Wed Sep 16 17:55:49 2009

ANIMATION
VERSION 3

NUMPARTS 93
PART 0 "tag_torso"
PART 1 "J_Shoulder_LE"
PART 2 "J_Elbow_LE"
PART 3 "J_WristTwist_LE"
PART 4 "J_Sleave_Reshape_Bottom_LE_1"
PART 5 "J_Sleave_Reshape_Bottom_LE_2"
PART 6 "J_Sleave_Reshape_Top_LE_1"
PART 7 "J_Sleave_Reshape_Top_LE_2"
PART 8 "J_Sleave_Reshape_Top_LE_3"
PART 9 "J_Wrist_LE"
PART 10 "J_Thumb_LE_0"
PART 11 "J_Thumb_LE_1"
PART 12 "J_Thumb_LE_2"
PART 13 "J_Thumb_LE_3"
PART 14 "J_PinkyPalm_LE"
PART 15 "J_Pinky_LE_0"
PART 16 "J_Pinky_LE_1"
PART 17 "J_Pinky_LE_2"
PART 18 "J_Pinky_LE_3"
PART 19 "J_RingPalm_LE"
PART 20 "J_Ring_LE_0"
PART 21 "J_Ring_LE_1"
PART 22 "J_Ring_LE_2"
PART 23 "J_Ring_LE_3"
PART 24 "J_Webbing_LE"
PART 25 "J_Index_LE_0"
PART 26 "J_Index_LE_1"
PART 27 "J_Index_LE_2"
PART 28 "J_Index_LE_3"
PART 29 "J_Mid_LE_0"
PART 30 "J_Mid_LE_1"
PART 31 "J_Mid_LE_2"
PART 32 "J_Mid_LE_3"
PART 33 "tag_knife_attach"
PART 34 "J_Shoulder_RI"
PART 35 "J_Elbow_RI"
PART 36 "J_WristTwist_RI"
PART 37 "J_Sleave_Reshape_Top_RI_3"
PART 38 "J_Sleave_Reshape_Top_RI_2"
PART 39 "J_Sleave_Reshape_Top_RI_1"
PART 40 "J_Wrist_RI"
PART 41 "J_Thumb_RI_0"
PART 42 "J_Thumb_RI_1"
PART 43 "J_Thumb_RI_2"
PART 44 "J_Thumb_RI_3"
PART 45 "J_PinkyPalm_RI"
PART 46 "J_Pinky_RI_0"
PART 47 "J_Pinky_RI_1"
PART 48 "J_Pinky_RI_2"
PART 49 "J_Pinky_RI_3"
PART 50 "J_RingPalm_RI"
PART 51 "J_Ring_RI_0"
PART 52 "J_Ring_RI_1"
PART 53 "J_Ring_RI_2"
PART 54 "J_Ring_RI_3"
PART 55 "J_Webbing_RI"
PART 56 "J_Index_RI_0"
PART 57 "J_Index_RI_1"
PART 58 "J_Index_RI_2"
PART 59 "J_Index_RI_3"
PART 60 "J_Mid_RI_0"
PART 61 "J_Mid_RI_1"
PART 62 "J_Mid_RI_2"
PART 63 "J_Mid_RI_3"
PART 64 "tag_weapon"
PART 65 "J_Gun"
PART 66 "tag_brass"
PART 67 "tag_flash"
PART 68 "tag_clip"
PART 69 "tag_bolt"
PART 70 "tag_pump"
PART 71 "tag_stock"
PART 72 "tag_ring"
PART 73 "tag_stocktop"
PART 74 "tag_Load"
PART 75 "tag_iron_sights"
PART 76 "tag_scope_acog"
PART 77 "tag_laser_rifle"
PART 78 "TAG_REFLEX"
PART 79 "tag_suppressor"
PART 80 "tag_flash3"
PART 81 "TAG_GRIP"
PART 82 "tag_side_saddle"
PART 83 "tag_ammo_1"
PART 84 "tag_ammo_2"
PART 85 "tag_ammo_3"
PART 86 "tag_ammo_4"
PART 87 "tag_ammo_5"
PART 88 "tag_ammo_6"
PART 89 "tag_cambone"
PART 90 "tag_camera"
PART 91 "tag_gasmask"
PART 92 "tag_ads"

FRAMERATE 30
NUMFRAMES 14

FRAME 274
PART 0
OFFSET -4.6318 -0.0000 -1.3770
SCALE 1 1 1
X  1.0000 -0.0000  0.0000
Y  0.0000  1.0000  0.0000
Z  0.0000 -0.0000  1.0000

PART 1
OFFSET  0.1218  5.5976 -6.6823
SCALE 1 1 1
X  0.8640 -0.2212 -0.4524
Y -0.1122 -0.9604  0.2552
Z -0.4909 -0.1697 -0.8545

PART 2
OFFSET  10.5704  2.9227 -12.1534
SCALE 1 1 1
X  0.8895 -0.3931  0.2330
Y -0.2976 -0.1114  0.9482
Z -0.3468 -0.9127 -0.2160

PART 3
OFFSET  18.1360 -0.4205 -10.1719
SCALE 1 1 1
X  0.8895 -0.3931  0.2330
Y -0.2906 -0.0933  0.9523
Z -0.3526 -0.9148 -0.1972

PART 4
OFFSET  20.3102  0.6984 -10.6021
SCALE 1 1 1
X  0.8922 -0.3899  0.2279
Y  0.3485  0.9154  0.2017
Z -0.2873 -0.1006  0.9526

PART 5
OFFSET  19.1585 -1.3459 -11.2839
SCALE 1 1 1
X  0.8922 -0.3899  0.2279
Y  0.3485  0.9154  0.2017
Z -0.2873 -0.1006  0.9526

PART 6
OFFSET  20.1701  0.7106 -7.7971
SCALE 1 1 1
X  0.8922 -0.3899  0.2279
Y  0.3485  0.9154  0.2017
Z -0.2873 -0.1006  0.9526

PART 7
OFFSET  19.0766 -1.7111 -8.1174
SCALE 1 1 1
X  0.8922 -0.3899  0.2279
Y  0.3485  0.9154  0.2017
Z -0.2873 -0.1006  0.9526

PART 8
OFFSET  18.7982 -2.1130 -9.3829
SCALE 1 1 1
X  0.8922 -0.3899  0.2279
Y  0.3485  0.9154  0.2017
Z -0.2873 -0.1006  0.9526

PART 9
OFFSET  20.8630 -1.6256 -9.4577
SCALE 1 1 1
X  0.8462 -0.0985  0.5237
Y -0.5282 -0.0249  0.8487
Z -0.0706 -0.9948 -0.0731

PART 10
OFFSET  20.7049 -2.1024 -8.4331
SCALE 1 1 1
X  0.0824 -0.6391  0.7647
Y -0.7891  0.4269  0.4417
Z -0.6088 -0.6398 -0.4691

PART 11
OFFSET  20.7700 -3.4744 -6.7649
SCALE 1 1 1
X  0.6710 -0.5923  0.4460
Y -0.6326 -0.1436  0.7610
Z -0.3867 -0.7928 -0.4711

PART 12
OFFSET  21.8477 -4.5109 -6.1430
SCALE 1 1 1
X  0.8605 -0.4366 -0.2628
Y -0.0194 -0.5434  0.8392
Z -0.5092 -0.7170 -0.4761

PART 13
OFFSET  22.7545 -5.0251 -6.4347
SCALE 1 1 1
X  0.9582  0.0263  0.2848
Y -0.1043  0.9594  0.2622
Z -0.2663 -0.2810  0.9220

PART 14
OFFSET  22.1303 -1.8833 -9.9381
SCALE 1 1 1
X  0.9320 -0.3618 -0.0238
Y -0.3565 -0.9263  0.1222
Z -0.0662 -0.1054 -0.9922

PART 15
OFFSET  24.1902 -2.7944 -9.8320
SCALE 1 1 1
X -0.3283 -0.8809  0.3410
Y -0.9424  0.3297 -0.0557
Z -0.0634 -0.3397 -0.9384

PART 16
OFFSET  23.7255 -4.0415 -9.3492
SCALE 1 1 1
X -0.9335 -0.3054  0.1879
Y -0.3540  0.8680 -0.3482
Z -0.0568 -0.3916 -0.9184

PART 17
OFFSET  22.8978 -4.3123 -9.1826
SCALE 1 1 1
X -0.8106  0.5692 -0.1377
Y  0.5812  0.7531 -0.3084
Z -0.0719 -0.3300 -0.9412

PART 18
OFFSET  22.1277 -3.7715 -9.3134
SCALE 1 1 1
X  0.2656 -0.8604  0.4351
Y  0.9513  0.1605 -0.2632
Z  0.1566  0.4838  0.8611

PART 19
OFFSET  21.9753 -1.7826 -9.2486
SCALE 1 1 1
X  0.9671 -0.0921  0.2373
Y -0.0646 -0.9905 -0.1210
Z  0.2462  0.1017 -0.9639

PART 20
OFFSET  24.4489 -2.3682 -8.7041
SCALE 1 1 1
X -0.3551 -0.9266  0.1238
Y -0.9346  0.3488 -0.0700
Z  0.0217 -0.1405 -0.9898

PART 21
OFFSET  23.8443 -3.9458 -8.4933
SCALE 1 1 1
X -0.9196 -0.3901  0.0474
Y -0.3924  0.9053 -0.1624
Z  0.0204 -0.1680 -0.9856

PART 22
OFFSET  22.5699 -4.4863 -8.4276
SCALE 1 1 1
X -0.5508  0.8205 -0.1528
Y  0.8342  0.5470 -0.0697
Z  0.0264 -0.1659 -0.9858

PART 23
OFFSET  21.9725 -3.5964 -8.5934
SCALE 1 1 1
X -0.0240 -0.9929  0.1166
Y  0.9972 -0.0155  0.0729
Z -0.0705  0.1180  0.9905

PART 24
OFFSET  22.5949 -2.5021 -6.5348
SCALE 1 1 1
X  0.8787 -0.3645  0.3083
Y  0.2927  0.9215  0.2553
Z -0.3771 -0.1341  0.9164

PART 25
OFFSET  23.7879 -1.6585 -6.7496
SCALE 1 1 1
X  0.0091 -0.9992  0.0399
Y -0.9939 -0.0134 -0.1094
Z  0.1099 -0.0386 -0.9932

PART 26
OFFSET  23.8040 -3.4177 -6.6794
SCALE 1 1 1
X -0.7401 -0.6643 -0.1042
Y -0.6482  0.7461 -0.1524
Z  0.1790 -0.0452 -0.9828

PART 27
OFFSET  22.8933 -4.2226 -6.7464
SCALE 1 1 1
X -0.8965  0.4219 -0.1355
Y  0.4283  0.9034 -0.0204
Z  0.1137 -0.0763 -0.9906

PART 28
OFFSET  21.8807 -3.7460 -6.8994
SCALE 1 1 1
X -0.0628 -0.9744 -0.2161
Y  0.9599 -0.1182  0.2544
Z -0.2734 -0.1914  0.9427

PART 29
OFFSET  24.2581 -1.7994 -7.7393
SCALE 1 1 1
X -0.1355 -0.9857  0.1000
Y -0.9804  0.1189 -0.1570
Z  0.1429 -0.1193 -0.9825

PART 30
OFFSET  23.9933 -3.7251 -7.5439
SCALE 1 1 1
X -0.8963 -0.4351 -0.0853
Y -0.4233  0.8970 -0.1273
Z  0.1319 -0.0780 -0.9882

PART 31
OFFSET  22.6841 -4.3606 -7.6685
SCALE 1 1 1
X -0.7414  0.6687 -0.0565
Y  0.6532  0.7384  0.1677
Z  0.1538  0.0875 -0.9842

PART 32
OFFSET  21.8450 -3.6032 -7.7396
SCALE 1 1 1
X  0.1415 -0.9899 -0.0009
Y  0.9859  0.1408  0.0909
Z -0.0898 -0.0138  0.9959

PART 33
OFFSET  23.3342 -3.3953 -8.6066
SCALE 1 1 1
X  0.1933  0.0583 -0.9794
Y  0.0706  0.9948  0.0731
Z  0.9786 -0.0833  0.1882

PART 34
OFFSET -12.9782 -7.9373 -1.9159
SCALE 1 1 1
X -0.2660 -0.0816  0.9605
Y -0.2787 -0.9473 -0.1577
Z  0.9228 -0.3097  0.2293

PART 35
OFFSET -9.7608 -6.9502 -13.5321
SCALE 1 1 1
X -0.8555 -0.1935 -0.4802
Y  0.4636  0.1268 -0.8769
Z  0.2306 -0.9729 -0.0188

PART 36
OFFSET -2.4840 -5.3046 -9.4476
SCALE 1 1 1
X -0.8555 -0.1935 -0.4802
Y  0.4940 -0.0277 -0.8690
Z  0.1548 -0.9807  0.1193

PART 37
OFFSET -1.8604 -4.0064 -8.0869
SCALE 1 1 1
X -0.8589 -0.1916 -0.4749
Y -0.2348  0.9715  0.0328
Z  0.4551  0.1396 -0.8794

PART 38
OFFSET -1.8368 -4.6437 -7.0724
SCALE 1 1 1
X -0.8589 -0.1916 -0.4749
Y -0.2348  0.9715  0.0328
Z  0.4551  0.1396 -0.8794

PART 39
OFFSET -1.3461 -5.8859 -7.2388
SCALE 1 1 1
X -0.8589 -0.1916 -0.4749
Y -0.2348  0.9715  0.0328
Z  0.4551  0.1396 -0.8794

PART 40
OFFSET  0.1388 -4.7114 -7.9754
SCALE 1 1 1
X -0.9500 -0.0002 -0.3123
Y  0.3123  0.0086 -0.9499
Z  0.0029 -1.0000 -0.0081

PART 41
OFFSET  0.2636 -4.3091 -6.9149
SCALE 1 1 1
X -0.5540 -0.6571 -0.5111
Y  0.6448  0.0496 -0.7627
Z  0.5266 -0.7521  0.3962

PART 42
OFFSET  1.3654 -2.8541 -5.7579
SCALE 1 1 1
X -0.9324 -0.3586 -0.0440
Y  0.2177 -0.4604 -0.8606
Z  0.2884 -0.8120  0.5074

PART 43
OFFSET  2.8514 -2.2117 -5.7951
SCALE 1 1 1
X -0.7772 -0.0528  0.6271
Y -0.4690 -0.6158 -0.6331
Z  0.4196 -0.7861  0.4538

PART 44
OFFSET  3.6806 -2.1082 -6.4832
SCALE 1 1 1
X -0.9399  0.3391  0.0409
Y  0.2704  0.8119 -0.5174
Z -0.2087 -0.4752 -0.8548

PART 45
OFFSET  1.2765 -4.5000 -8.7267
SCALE 1 1 1
X -0.9571 -0.0480  0.2859
Y  0.0610 -0.9975  0.0368
Z  0.2834  0.0527  0.9576

PART 46
OFFSET  3.4607 -4.2621 -9.2340
SCALE 1 1 1
X -0.4674 -0.8480 -0.2497
Y  0.8830 -0.4615 -0.0853
Z -0.0429 -0.2604  0.9646

PART 47
OFFSET  4.1224 -3.0615 -8.8805
SCALE 1 1 1
X  0.4539 -0.8636 -0.2193
Y  0.8910  0.4372  0.1225
Z -0.0099 -0.2510  0.9679

PART 48
OFFSET  3.7199 -2.2957 -8.6860
SCALE 1 1 1
X  0.9924  0.1214 -0.0197
Y -0.1143  0.9694  0.2174
Z  0.0455 -0.2135  0.9759

PART 49
OFFSET  2.7771 -2.4111 -8.6674
SCALE 1 1 1
X -0.6939 -0.6705 -0.2626
Y -0.7192  0.6267  0.3001
Z -0.0367  0.3970 -0.9171

PART 50
OFFSET  1.2783 -4.6453 -8.0278
SCALE 1 1 1
X -0.9999 -0.0089 -0.0055
Y  0.0086 -0.9992  0.0400
Z -0.0059  0.0400  0.9992

PART 51
OFFSET  3.8746 -4.6503 -8.1610
SCALE 1 1 1
X -0.3010 -0.9489 -0.0947
Y  0.9535 -0.3008 -0.0170
Z -0.0124 -0.0954  0.9954

PART 52
OFFSET  4.3870 -3.0347 -7.9997
SCALE 1 1 1
X  0.7069 -0.7044 -0.0636
Y  0.7067  0.6999  0.1035
Z -0.0284 -0.1181  0.9926

PART 53
OFFSET  3.4073 -2.0584 -7.9117
SCALE 1 1 1
X  0.9210  0.3824  0.0746
Y -0.3882  0.9169  0.0923
Z -0.0331 -0.1139  0.9929

PART 54
OFFSET  2.4085 -2.4732 -7.9926
SCALE 1 1 1
X -0.5344 -0.8427 -0.0650
Y -0.8441  0.5361 -0.0099
Z  0.0432  0.0496 -0.9978

PART 55
OFFSET -4.0775 -5.2555 -8.4763
SCALE 1 1 1
X -0.9534 -0.2799 -0.1124
Y -0.2666  0.9563 -0.1201
Z  0.1411 -0.0846 -0.9864

PART 56
OFFSET  3.6059 -5.0887 -6.0450
SCALE 1 1 1
X -0.9418 -0.3132 -0.1223
Y  0.3173 -0.9482 -0.0152
Z -0.1112 -0.0532  0.9924

PART 57
OFFSET  5.2641 -4.5373 -5.8296
SCALE 1 1 1
X -0.2895 -0.9565 -0.0366
Y  0.9491 -0.2918  0.1184
Z -0.1239 -0.0004  0.9923

PART 58
OFFSET  5.6085 -3.3746 -5.7249
SCALE 1 1 1
X  0.6155 -0.7879  0.0192
Y  0.7783  0.6114  0.1431
Z -0.1245 -0.0731  0.9895

PART 59
OFFSET  4.9133 -2.4846 -5.7466
SCALE 1 1 1
X -0.9379 -0.3160  0.1429
Y -0.3321  0.9371 -0.1077
Z -0.0998 -0.1485 -0.9839

PART 60
OFFSET  3.8429 -4.9001 -7.1074
SCALE 1 1 1
X -0.4634 -0.8838 -0.0645
Y  0.8779 -0.4678  0.1024
Z -0.1207 -0.0092  0.9926

PART 61
OFFSET  4.7483 -3.1736 -6.9813
SCALE 1 1 1
X  0.6673 -0.7414  0.0715
Y  0.7397  0.6709  0.0530
Z -0.0873  0.0175  0.9960

PART 62
OFFSET  3.7737 -2.0907 -7.0857
SCALE 1 1 1
X  0.9793  0.1961  0.0508
Y -0.1915  0.9779 -0.0838
Z -0.0661  0.0723  0.9952

PART 63
OFFSET  2.6649 -2.3126 -7.1503
SCALE 1 1 1
X -0.6244 -0.7796 -0.0490
Y -0.7796  0.6258 -0.0223
Z  0.0481  0.0243 -0.9985

PART 64
OFFSET  10.6714 -3.3397 -3.5839
SCALE 1 1 1
X  1.0000 -0.0000  0.0000
Y  0.0000  1.0000  0.0000
Z  0.0000 -0.0000  1.0000

PART 65
OFFSET  10.6714 -3.3397 -3.5839
SCALE 1 1 1
X  1.0000 -0.0000  0.0000
Y  0.0000  1.0000  0.0000
Z  0.0000 -0.0000  1.0000

PART 66
OFFSET  9.5585 -3.6537 -3.2837
SCALE 1 1 1
X  0.0000 -0.9659  0.2588
Y  1.0000  0.0000 -0.0000
Z  0.0000  0.2588  0.9659

PART 67
OFFSET  33.8883 -3.3220 -3.1664
SCALE 1 1 1
X  1.0000 -0.0000  0.0000
Y  0.0000  1.0000  0.0000
Z  0.0000 -0.0000  1.0000

PART 68
OFFSET  10.6714 -3.2649 -4.3898
SCALE 1 1 1
X  1.0000 -0.0000  0.0000
Y  0.0000  1.0000  0.0000
Z  0.0000 -0.0000  1.0000

PART 69
OFFSET  10.6842 -3.3397 -3.1520
SCALE 1 1 1
X  1.0000 -0.0000  0.0000
Y  0.0000  1.0000  0.0000
Z  0.0000 -0.0000  1.0000

PART 70
OFFSET  16.3285 -3.3448 -5.9054
SCALE 1 1 1
X  1.0000 -0.0000  0.0000
Y  0.0000  1.0000  0.0000
Z  0.0000 -0.0000  1.0000

PART 71
OFFSET  3.0927 -2.1356 -3.5479
SCALE 1 1 1
X  1.0000 -0.0000  0.0000
Y  0.0000  1.0000  0.0000
Z  0.0000 -0.0000  1.0000

PART 72
OFFSET  3.0927 -2.2645 -3.5479
SCALE 1 1 1
X  0.6820 -0.0000  0.7314
Y -0.0000  1.0000  0.0000
Z -0.7314 -0.0000  0.6820

PART 73
OFFSET  14.7631 -3.3448 -1.5284
SCALE 1 1 1
X  1.0000 -0.0000  0.0000
Y  0.0000  1.0000  0.0000
Z  0.0000 -0.0000  1.0000

PART 74
OFFSET  8.0992 -3.3229 -4.9793
SCALE 1 1 1
X  1.0000 -0.0000  0.0000
Y  0.0000  1.0000  0.0000
Z  0.0000 -0.0000  1.0000

PART 75
OFFSET  13.4247 -3.3397 -1.8315
SCALE 1 1 1
X  0.0000 -0.9659  0.2588
Y  1.0000  0.0000  0.0000
Z -0.0000  0.2588  0.9659

PART 76
OFFSET  12.3189 -3.3397 -1.7830
SCALE 1 1 1
X  1.0000 -0.0000  0.0000
Y  0.0000  1.0000  0.0000
Z  0.0000 -0.0000  1.0000

PART 77
OFFSET  18.6037 -4.2623 -2.6850
SCALE 1 1 1
X  1.0000 -0.0000  0.0000
Y  0.0000  0.7071  0.7071
Z  0.0000 -0.7071  0.7071

PART 78
OFFSET  12.1267 -3.3397 -1.2071
SCALE 1 1 1
X  1.0000 -0.0000  0.0000
Y  0.0000  1.0000  0.0000
Z  0.0000 -0.0000  1.0000

PART 79
OFFSET  33.8883 -3.3220 -3.1664
SCALE 1 1 1
X  0.0000 -1.0000 -0.0000
Y  1.0000  0.0000  0.0000
Z -0.0000 -0.0000  1.0000

PART 80
OFFSET  40.4230 -3.3220 -3.1664
SCALE 1 1 1
X -0.0000 -1.0000 -0.0000
Y  1.0000 -0.0000 -0.0000
Z -0.0000 -0.0000  1.0000

PART 81
OFFSET  22.7848 -3.3220 -5.8650
SCALE 1 1 1
X  1.0000 -0.0000  0.0000
Y  0.0000  1.0000  0.0000
Z  0.0000 -0.0000  1.0000

PART 82
OFFSET  8.8624 -2.5847 -3.4796
SCALE 1 1 1
X  1.0000 -0.0000  0.0000
Y  0.0000  1.0000  0.0000
Z  0.0000 -0.0000  1.0000

PART 83
OFFSET  10.7085 -2.1487 -4.3845
SCALE 1 1 1
X  1.0000 -0.0000  0.0000
Y  0.0000  1.0000  0.0000
Z  0.0000 -0.0000  1.0000

PART 84
OFFSET  9.9857 -2.1487 -4.3845
SCALE 1 1 1
X  1.0000 -0.0000  0.0000
Y  0.0000  1.0000  0.0000
Z  0.0000 -0.0000  1.0000

PART 85
OFFSET  9.2614 -2.1487 -4.3845
SCALE 1 1 1
X  1.0000 -0.0000  0.0000
Y  0.0000  1.0000  0.0000
Z  0.0000 -0.0000  1.0000

PART 86
OFFSET  8.5370 -2.1487 -4.3845
SCALE 1 1 1
X  1.0000 -0.0000  0.0000
Y  0.0000  1.0000  0.0000
Z  0.0000 -0.0000  1.0000

PART 87
OFFSET  7.8127 -2.1487 -4.3845
SCALE 1 1 1
X  1.0000 -0.0000  0.0000
Y  0.0000  1.0000  0.0000
Z  0.0000 -0.0000  1.0000

PART 88
OFFSET  7.0883 -2.1487 -4.3845
SCALE 1 1 1
X  1.0000 -0.0000  0.0000
Y  0.0000  1.0000  0.0000
Z  0.0000 -0.0000  1.0000

PART 89
OFFSET  0.0000 -0.0000 -0.0000
SCALE 1 1 1
X  1.0000 -0.0000  0.0000
Y  0.0000  1.0000  0.0000
Z  0.0000 -0.0000  1.0000

PART 90
OFFSET  0.0000 -0.0000 -0.0000
SCALE 1 1 1
X  1.0000 -0.0000  0.0000
Y  0.0000  1.0000  0.0000
Z  0.0000 -0.0000  1.0000

PART 91
OFFSET  1.5404 -0.0000  4.1357
SCALE 1 1 1
X  1.0000 -0.0000  0.0000
Y  0.0000  1.0000  0.0000
Z  0.0000 -0.0000  1.0000

PART 92
OFFSET  0.0000 -0.0000 -0.0000
SCALE 1 1 1
X  1.0000 -0.0000  0.0000
Y  0.0000  1.0000  0.0000
Z  0.0000 -0.0000  1.0000


FRAME 275
PART 0
OFFSET -4.6318 -0.0000 -1.3770
SCALE 1 1 1
X  1.0000 -0.0000  0.0000
Y  0.0000  1.0000  0.0000
Z  0.0000 -0.0000  1.0000

PART 1
OFFSET  0.1218  5.5976 -6.6823
SCALE 1 1 1
X  0.8336 -0.2097 -0.5110
Y -0.1053 -0.9685  0.2257
Z -0.5422 -0.1344 -0.8294

PART 2
OFFSET  10.2036  3.0615 -12.8619
SCALE 1 1 1
X  0.8587 -0.4228  0.2897
Y -0.3579 -0.0900  0.9294
Z -0.3669 -0.9017 -0.2286

PART 3
OFFSET  17.5068 -0.5350 -10.3980
SCALE 1 1 1
X  0.8587 -0.4228  0.2897
Y -0.3460 -0.0612  0.9362
Z -0.3782 -0.9041 -0.1988

PART 4
OFFSET  19.7431  0.4986 -10.7058
SCALE 1 1 1
X  0.8618 -0.4198  0.2848
Y  0.3696  0.9041  0.2144
Z -0.3475 -0.0795  0.9343

PART 5
OFFSET  18.5590 -1.5094 -11.4381
SCALE 1 1 1
X  0.8618 -0.4198  0.2848
Y  0.3696  0.9041  0.2144
Z -0.3475 -0.0795  0.9343

PART 6
OFFSET  19.4354  0.5468 -7.9146
SCALE 1 1 1
X  0.8618 -0.4198  0.2848
Y  0.3696  0.9041  0.2144
Z -0.3475 -0.0795  0.9343

PART 7
OFFSET  18.2736 -1.8366 -8.2792
SCALE 1 1 1
X  0.8618 -0.4198  0.2848
Y  0.3696  0.9041  0.2144
Z -0.3475 -0.0795  0.9343

PART 8
OFFSET  18.0569 -2.2419 -9.5556
SCALE 1 1 1
X  0.8618 -0.4198  0.2848
Y  0.3696  0.9041  0.2144
Z -0.3475 -0.0795  0.9343

PART 9
OFFSET  20.1392 -1.8313 -9.5099
SCALE 1 1 1
X  0.8423 -0.0830  0.5326
Y -0.5343  0.0022  0.8453
Z -0.0713 -0.9965 -0.0424

PART 10
OFFSET  19.9731 -2.2756 -8.4720
SCALE 1 1 1
X  0.0765 -0.6145  0.7852
Y -0.7923  0.4407  0.4220
Z -0.6053 -0.6544 -0.4532

PART 11
OFFSET  20.0254 -3.5941 -6.7607
SCALE 1 1 1
X  0.6661 -0.5780  0.4714
Y -0.6398 -0.1178  0.7594
Z -0.3834 -0.8075 -0.4483

PART 12
OFFSET  21.0959 -4.6106 -6.0951
SCALE 1 1 1
X  0.8622 -0.4470 -0.2383
Y -0.0299 -0.5145  0.8570
Z -0.5057 -0.7318 -0.4569

PART 13
OFFSET  22.0046 -5.1362 -6.3591
SCALE 1 1 1
X  0.9551  0.0341  0.2942
Y -0.1048  0.9680  0.2282
Z -0.2770 -0.2488  0.9281

PART 14
OFFSET  21.4096 -2.1053 -9.9729
SCALE 1 1 1
X  0.9316 -0.3633 -0.0058
Y -0.3585 -0.9216  0.1486
Z -0.0593 -0.1364 -0.9889

PART 15
OFFSET  23.4675 -3.0148 -9.8236
SCALE 1 1 1
X -0.3289 -0.8704  0.3664
Y -0.9427  0.3256 -0.0727
Z -0.0560 -0.3693 -0.9276

PART 16
OFFSET  23.0019 -4.2472 -9.3049
SCALE 1 1 1
X -0.9338 -0.3023  0.1913
Y -0.3543  0.8555 -0.3777
Z -0.0495 -0.4205 -0.9060

PART 17
OFFSET  22.1739 -4.5152 -9.1353
SCALE 1 1 1
X -0.8133  0.5595 -0.1598
Y  0.5783  0.7467 -0.3287
Z -0.0646 -0.3597 -0.9308

PART 18
OFFSET  21.4013 -3.9836 -9.2871
SCALE 1 1 1
X  0.2683 -0.8447  0.4632
Y  0.9518  0.1582 -0.2629
Z  0.1488  0.5114  0.8464

PART 19
OFFSET  21.2497 -1.9829 -9.2881
SCALE 1 1 1
X  0.9652 -0.0857  0.2470
Y -0.0651 -0.9938 -0.0904
Z  0.2532  0.0712 -0.9648

PART 20
OFFSET  23.7187 -2.5538 -8.7077
SCALE 1 1 1
X -0.3543 -0.9229  0.1507
Y -0.9347  0.3445 -0.0879
Z  0.0292 -0.1720 -0.9847

PART 21
OFFSET  23.1154 -4.1250 -8.4511
SCALE 1 1 1
X -0.9188 -0.3912  0.0533
Y -0.3938  0.8985 -0.1941
Z  0.0280 -0.1993 -0.9795

PART 22
OFFSET  21.8421 -4.6672 -8.3772
SCALE 1 1 1
X -0.5556  0.8112 -0.1825
Y  0.8308  0.5505 -0.0821
Z  0.0339 -0.1972 -0.9798

PART 23
OFFSET  21.2396 -3.7874 -8.5751
SCALE 1 1 1
X -0.0177 -0.9888  0.1482
Y  0.9968 -0.0059  0.0795
Z -0.0778  0.1492  0.9857

PART 24
OFFSET  21.8491 -2.6176 -6.5486
SCALE 1 1 1
X  0.8760 -0.3556  0.3259
Y  0.2921  0.9287  0.2284
Z -0.3838 -0.1049  0.9174

PART 25
OFFSET  23.0447 -1.7825 -6.7812
SCALE 1 1 1
X  0.0106 -0.9974  0.0716
Y -0.9931 -0.0189 -0.1159
Z  0.1169 -0.0699 -0.9907

PART 26
OFFSET  23.0633 -3.5386 -6.6552
SCALE 1 1 1
X -0.7375 -0.6695 -0.0881
Y -0.6492  0.7389 -0.1805
Z  0.1859 -0.0759 -0.9796

PART 27
OFFSET  22.1554 -4.3479 -6.7028
SCALE 1 1 1
X -0.8981  0.4117 -0.1548
Y  0.4230  0.9049 -0.0468
Z  0.1208 -0.1075 -0.9868

PART 28
OFFSET  21.1410 -3.8828 -6.8776
SCALE 1 1 1
X -0.0555 -0.9812 -0.1850
Y  0.9588 -0.1040  0.2643
Z -0.2785 -0.1627  0.9466

PART 29
OFFSET  23.5217 -1.9549 -7.7626
SCALE 1 1 1
X -0.1345 -0.9823  0.1304
Y -0.9795  0.1119 -0.1673
Z  0.1497 -0.1502 -0.9773

PART 30
OFFSET  23.2589 -3.8739 -7.5079
SCALE 1 1 1
X -0.8945 -0.4402 -0.0773
Y -0.4249  0.8912 -0.1587
Z  0.1387 -0.1091 -0.9843

PART 31
OFFSET  21.9523 -4.5169 -7.6208
SCALE 1 1 1
X -0.7450  0.6619 -0.0831
Y  0.6476  0.7475  0.1481
Z  0.1602  0.0565 -0.9855

PART 32
OFFSET  21.1092 -3.7674 -7.7220
SCALE 1 1 1
X  0.1474 -0.9886  0.0321
Y  0.9843  0.1498  0.0929
Z -0.0967  0.0179  0.9952

PART 33
OFFSET  22.6020 -3.5761 -8.5861
SCALE 1 1 1
X  0.2004  0.0274 -0.9793
Y  0.0713  0.9965  0.0424
Z  0.9771 -0.0784  0.1977

PART 34
OFFSET -12.9782 -7.9373 -1.9159
SCALE 1 1 1
X -0.2708 -0.0757  0.9596
Y -0.2879 -0.9449 -0.1558
Z  0.9186 -0.3184  0.2341

PART 35
OFFSET -9.7029 -7.0219 -13.5218
SCALE 1 1 1
X -0.8620 -0.1879 -0.4708
Y  0.4564  0.1165 -0.8821
Z  0.2206 -0.9753 -0.0147

PART 36
OFFSET -2.3712 -5.4241 -9.5174
SCALE 1 1 1
X -0.8620 -0.1879 -0.4708
Y  0.4877 -0.0542 -0.8713
Z  0.1382 -0.9807  0.1384

PART 37
OFFSET -1.7215 -4.1236 -8.1711
SCALE 1 1 1
X -0.8653 -0.1859 -0.4655
Y -0.2247  0.9740  0.0287
Z  0.4481  0.1294 -0.8846

PART 38
OFFSET -1.6946 -4.7546 -7.1529
SCALE 1 1 1
X -0.8653 -0.1859 -0.4655
Y -0.2247  0.9740  0.0287
Z  0.4481  0.1294 -0.8846

PART 39
OFFSET -1.2181 -6.0027 -7.3158
SCALE 1 1 1
X -0.8653 -0.1859 -0.4655
Y -0.2247  0.9740  0.0287
Z  0.4481  0.1294 -0.8846

PART 40
OFFSET  0.2715 -4.8481 -8.0741
SCALE 1 1 1
X -0.9477 -0.0090 -0.3190
Y  0.3191 -0.0215 -0.9475
Z  0.0017 -0.9997  0.0232

PART 41
OFFSET  0.3892 -4.4129 -7.0258
SCALE 1 1 1
X -0.5512 -0.6722 -0.4942
Y  0.6503  0.0250 -0.7593
Z  0.5228 -0.7399  0.4234

PART 42
OFFSET  1.4846 -2.9235 -5.9071
SCALE 1 1 1
X -0.9326 -0.3588 -0.0394
Y  0.2232 -0.4874 -0.8442
Z  0.2837 -0.7960  0.5347

PART 43
OFFSET  2.9717 -2.2842 -5.9537
SCALE 1 1 1
X -0.7817 -0.0323  0.6228
Y -0.4653 -0.6348 -0.6168
Z  0.4153 -0.7720  0.4812

PART 44
OFFSET  3.8059 -2.2032 -6.6388
SCALE 1 1 1
X -0.9397  0.3412  0.0235
Y  0.2752  0.7950 -0.5406
Z -0.2032 -0.5015 -0.8410

PART 45
OFFSET  1.4148 -4.6615 -8.8234
SCALE 1 1 1
X -0.9591 -0.0380  0.2804
Y  0.0595 -0.9959  0.0685
Z  0.2766  0.0823  0.9575

PART 46
OFFSET  3.6028 -4.4420 -9.3223
SCALE 1 1 1
X -0.4667 -0.8550 -0.2264
Y  0.8830 -0.4649 -0.0645
Z -0.0501 -0.2300  0.9719

PART 47
OFFSET  4.2636 -3.2316 -9.0018
SCALE 1 1 1
X  0.4544 -0.8706 -0.1889
Y  0.8906  0.4399  0.1151
Z -0.0171 -0.2206  0.9752

PART 48
OFFSET  3.8607 -2.4597 -8.8343
SCALE 1 1 1
X  0.9927  0.1197 -0.0163
Y -0.1146  0.9758  0.1861
Z  0.0382 -0.1829  0.9824

PART 49
OFFSET  2.9176 -2.5734 -8.8188
SCALE 1 1 1
X -0.6928 -0.6777 -0.2464
Y -0.7205  0.6366  0.2752
Z -0.0296  0.3682 -0.9293

PART 50
OFFSET  1.4114 -4.7849 -8.1204
SCALE 1 1 1
X -0.9999 -0.0080 -0.0124
Y  0.0071 -0.9974  0.0713
Z -0.0130  0.0712  0.9974

PART 51
OFFSET  4.0085 -4.7968 -8.2347
SCALE 1 1 1
X -0.3016 -0.9511 -0.0671
Y  0.9532 -0.3022 -0.0007
Z -0.0196 -0.0642  0.9977

PART 52
OFFSET  4.5219 -3.1776 -8.1205
SCALE 1 1 1
X  0.7064 -0.7068 -0.0364
Y  0.7069  0.7020  0.0866
Z -0.0356 -0.0869  0.9956

PART 53
OFFSET  3.5429 -2.1979 -8.0700
SCALE 1 1 1
X  0.9209  0.3836  0.0692
Y -0.3877  0.9198  0.0607
Z -0.0404 -0.0827  0.9958

PART 54
OFFSET  2.5441 -2.6139 -8.1451
SCALE 1 1 1
X -0.5351 -0.8438 -0.0424
Y -0.8433  0.5364 -0.0328
Z  0.0504  0.0182 -0.9986

PART 55
OFFSET -3.9419 -5.4032 -8.5880
SCALE 1 1 1
X -0.9530 -0.2823 -0.1104
Y -0.2645  0.9523 -0.1519
Z  0.1480 -0.1156 -0.9822

PART 56
OFFSET  3.7242 -5.1685 -6.1080
SCALE 1 1 1
X -0.9413 -0.3159 -0.1192
Y  0.3162 -0.9486  0.0167
Z -0.1184 -0.0219  0.9927

PART 57
OFFSET  5.3815 -4.6123 -5.8981
SCALE 1 1 1
X -0.2905 -0.9568 -0.0087
Y  0.9479 -0.2889  0.1342
Z -0.1310  0.0308  0.9909

PART 58
OFFSET  5.7267 -3.4472 -5.8274
SCALE 1 1 1
X  0.6143 -0.7876  0.0483
Y  0.7780  0.6148  0.1295
Z -0.1317 -0.0419  0.9904

PART 59
OFFSET  5.0328 -2.5576 -5.8820
SCALE 1 1 1
X -0.9393 -0.3104  0.1460
Y -0.3301  0.9336 -0.1394
Z -0.0930 -0.1791 -0.9794

PART 60
OFFSET  3.9690 -5.0134 -7.1741
SCALE 1 1 1
X -0.4641 -0.8849 -0.0402
Y  0.8765 -0.4653  0.1233
Z -0.1278  0.0220  0.9916

PART 61
OFFSET  4.8757 -3.2848 -7.0956
SCALE 1 1 1
X  0.6658 -0.7395  0.0994
Y  0.7401  0.6714  0.0373
Z -0.0943  0.0488  0.9943

PART 62
OFFSET  3.9033 -2.2047 -7.2409
SCALE 1 1 1
X  0.9791  0.1965  0.0516
Y -0.1896  0.9750 -0.1157
Z -0.0731  0.1035  0.9919

PART 63
OFFSET  2.7947 -2.4274 -7.3064
SCALE 1 1 1
X -0.6250 -0.7801 -0.0291
Y -0.7787  0.6256 -0.0475
Z  0.0552 -0.0070 -0.9984

PART 64
OFFSET  10.7743 -3.3507 -3.6523
SCALE 1 1 1
X  1.0000 -0.0011  0.0072
Y  0.0013  0.9995 -0.0313
Z -0.0071  0.0313  0.9995

PART 65
OFFSET  10.7743 -3.3507 -3.6523
SCALE 1 1 1
X  1.0000 -0.0011  0.0072
Y  0.0013  0.9995 -0.0313
Z -0.0071  0.0313  0.9995

PART 66
OFFSET  9.6588 -3.6539 -3.3504
SCALE 1 1 1
X -0.0031 -0.9573  0.2889
Y  1.0000 -0.0011  0.0072
Z -0.0066  0.2890  0.9573

PART 67
OFFSET  33.9876 -3.3446 -3.0691
SCALE 1 1 1
X  1.0000 -0.0011  0.0072
Y  0.0013  0.9995 -0.0313
Z -0.0071  0.0313  0.9995

PART 68
OFFSET  10.7801 -3.3012 -4.4601
SCALE 1 1 1
X  1.0000 -0.0011  0.0072
Y  0.0013  0.9995 -0.0313
Z -0.0071  0.0313  0.9995

PART 69
OFFSET  10.7840 -3.3372 -3.2205
SCALE 1 1 1
X  1.0000 -0.0011  0.0072
Y  0.0013  0.9995 -0.0313
Z -0.0071  0.0313  0.9995

PART 70
OFFSET  15.5773 -3.4336 -5.9381
SCALE 1 1 1
X  1.0000 -0.0011  0.0072
Y  0.0013  0.9995 -0.0313
Z -0.0071  0.0313  0.9995

PART 71
OFFSET  3.1970 -2.1380 -3.7084
SCALE 1 1 1
X  1.0000 -0.0011  0.0072
Y  0.0013  0.9995 -0.0313
Z -0.0071  0.0313  0.9995

PART 72
OFFSET  3.1968 -2.2669 -3.7043
SCALE 1 1 1
X  0.6768  0.0222  0.7359
Y  0.0013  0.9995 -0.0313
Z -0.7362  0.0221  0.6764

PART 73
OFFSET  14.8511 -3.2958 -1.5684
SCALE 1 1 1
X  1.0000 -0.0011  0.0072
Y  0.0013  0.9995 -0.0313
Z -0.0071  0.0313  0.9995

PART 74
OFFSET  8.2121 -3.3749 -5.0660
SCALE 1 1 1
X  1.0000 -0.0011  0.0072
Y  0.0013  0.9995 -0.0313
Z -0.0071  0.0313  0.9995

PART 75
OFFSET  13.5150 -3.2988 -1.8811
SCALE 1 1 1
X -0.0031 -0.9573  0.2889
Y  1.0000 -0.0011  0.0072
Z -0.0066  0.2890  0.9573

PART 76
OFFSET  12.4089 -3.2961 -1.8406
SCALE 1 1 1
X  1.0000 -0.0011  0.0072
Y  0.0013  0.9995 -0.0313
Z -0.0071  0.0313  0.9995

PART 77
OFFSET  18.6987 -4.2531 -2.6680
SCALE 1 1 1
X  1.0000 -0.0011  0.0072
Y -0.0041  0.7289  0.6846
Z -0.0060 -0.6846  0.7289

PART 78
OFFSET  12.2125 -3.2778 -1.2663
SCALE 1 1 1
X  1.0000 -0.0011  0.0072
Y  0.0013  0.9995 -0.0313
Z -0.0071  0.0313  0.9995

PART 79
OFFSET  33.9876 -3.3446 -3.0691
SCALE 1 1 1
X -0.0013 -0.9995  0.0313
Y  1.0000 -0.0011  0.0072
Z -0.0071  0.0313  0.9995

PART 80
OFFSET  40.5221 -3.3516 -3.0223
SCALE 1 1 1
X -0.0013 -0.9995  0.0313
Y  1.0000 -0.0011  0.0072
Z -0.0071  0.0313  0.9995

PART 81
OFFSET  22.0332 -3.4164 -5.8522
SCALE 1 1 1
X  1.0000 -0.0011  0.0072
Y  0.0013  0.9995 -0.0313
Z -0.0071  0.0313  0.9995

PART 82
OFFSET  8.9655 -2.5908 -3.5847
SCALE 1 1 1
X  1.0000 -0.0011  0.0072
Y  0.0013  0.9995 -0.0313
Z -0.0071  0.0313  0.9995

PART 83
OFFSET  10.8187 -2.1854 -4.4895
SCALE 1 1 1
X  1.0000 -0.0011  0.0072
Y  0.0013  0.9995 -0.0313
Z -0.0071  0.0313  0.9995

PART 84
OFFSET  10.0959 -2.1847 -4.4947
SCALE 1 1 1
X  1.0000 -0.0011  0.0072
Y  0.0013  0.9995 -0.0313
Z -0.0071  0.0313  0.9995

PART 85
OFFSET  9.3715 -2.1839 -4.4999
SCALE 1 1 1
X  1.0000 -0.0011  0.0072
Y  0.0013  0.9995 -0.0313
Z -0.0071  0.0313  0.9995

PART 86
OFFSET  8.6472 -2.1831 -4.5051
SCALE 1 1 1
X  1.0000 -0.0011  0.0072
Y  0.0013  0.9995 -0.0313
Z -0.0071  0.0313  0.9995

PART 87
OFFSET  7.9229 -2.1823 -4.5102
SCALE 1 1 1
X  1.0000 -0.0011  0.0072
Y  0.0013  0.9995 -0.0313
Z -0.0071  0.0313  0.9995

PART 88
OFFSET  7.1985 -2.1816 -4.5154
SCALE 1 1 1
X  1.0000 -0.0011  0.0072
Y  0.0013  0.9995 -0.0313
Z -0.0071  0.0313  0.9995

PART 89
OFFSET  0.0000 -0.0000 -0.0000
SCALE 1 1 1
X  1.0000 -0.0000  0.0000
Y  0.0000  1.0000  0.0000
Z  0.0000 -0.0000  1.0000

PART 90
OFFSET  0.0000 -0.0000 -0.0000
SCALE 1 1 1
X  1.0000 -0.0000  0.0000
Y  0.0000  1.0000  0.0000
Z  0.0000 -0.0000  1.0000

PART 91
OFFSET  1.5404 -0.0000  4.1357
SCALE 1 1 1
X  1.0000 -0.0000  0.0000
Y  0.0000  1.0000  0.0000
Z  0.0000 -0.0000  1.0000

PART 92
OFFSET  0.0000 -0.0000 -0.0000
SCALE 1 1 1
X  1.0000 -0.0000  0.0000
Y  0.0000  1.0000  0.0000
Z  0.0000 -0.0000  1.0000


FRAME 276
PART 0
OFFSET -4.6318 -0.0000 -1.3770
SCALE 1 1 1
X  1.0000 -0.0000  0.0000
Y  0.0000  1.0000  0.0000
Z  0.0000 -0.0000  1.0000

PART 1
OFFSET  0.1218  5.5976 -6.6823
SCALE 1 1 1
X  0.7710 -0.1806 -0.6107
Y -0.0993 -0.9813  0.1648
Z -0.6291 -0.0664 -0.7745

PART 2
OFFSET  9.4460  3.4133 -14.0681
SCALE 1 1 1
X  0.7908 -0.4764  0.3843
Y -0.4580 -0.0440  0.8879
Z -0.4061 -0.8781 -0.2530

PART 3
OFFSET  16.1719 -0.6390 -10.7996
SCALE 1 1 1
X  0.7908 -0.4764  0.3843
Y -0.4465 -0.0195  0.8946
Z -0.4187 -0.8790 -0.2281

PART 4
OFFSET  18.4976  0.2260 -10.8855
SCALE 1 1 1
X  0.7946 -0.4737  0.3797
Y  0.4104  0.8800  0.2391
Z -0.4474 -0.0342  0.8937

PART 5
OFFSET  17.2523 -1.7082 -11.7094
SCALE 1 1 1
X  0.7946 -0.4737  0.3797
Y  0.4104  0.8800  0.2391
Z -0.4474 -0.0342  0.8937

PART 6
OFFSET  17.9063  0.3568 -8.1430
SCALE 1 1 1
X  0.7946 -0.4737  0.3797
Y  0.4104  0.8800  0.2391
Z -0.4474 -0.0342  0.8937

PART 7
OFFSET  16.6176 -1.9453 -8.5936
SCALE 1 1 1
X  0.7946 -0.4737  0.3797
Y  0.4104  0.8800  0.2391
Z -0.4474 -0.0342  0.8937

PART 8
OFFSET  16.5056 -2.3619 -9.8798
SCALE 1 1 1
X  0.7946 -0.4737  0.3797
Y  0.4104  0.8800  0.2391
Z -0.4474 -0.0342  0.8937

PART 9
OFFSET  18.5962 -2.0996 -9.6214
SCALE 1 1 1
X  0.8379 -0.0623  0.5422
Y -0.5409  0.0379  0.8403
Z -0.0729 -0.9973 -0.0020

PART 10
OFFSET  18.4212 -2.5006 -8.5675
SCALE 1 1 1
X  0.0695 -0.5813  0.8107
Y -0.7954  0.4582  0.3968
Z -0.6021 -0.6724 -0.4305

PART 11
OFFSET  18.4584 -3.7468 -6.8025
SCALE 1 1 1
X  0.6603 -0.5583  0.5024
Y -0.6475 -0.0843  0.7574
Z -0.3805 -0.8253 -0.4172

PART 12
OFFSET  19.5203 -4.7355 -6.0834
SCALE 1 1 1
X  0.8636 -0.4592 -0.2083
Y -0.0414 -0.4762  0.8783
Z -0.5025 -0.7499 -0.4303

PART 13
OFFSET  20.4305 -5.2745 -6.3134
SCALE 1 1 1
X  0.9517  0.0446  0.3037
Y -0.1046  0.9773  0.1842
Z -0.2885 -0.2071  0.9348

PART 14
OFFSET  19.8697 -2.3945 -10.0627
SCALE 1 1 1
X  0.9310 -0.3648  0.0165
Y -0.3614 -0.9142  0.1835
Z -0.0518 -0.1768 -0.9829

PART 15
OFFSET  21.9246 -3.3004 -9.8600
SCALE 1 1 1
X -0.3304 -0.8551  0.3996
Y -0.9426  0.3207 -0.0932
Z -0.0484 -0.4074 -0.9120

PART 16
OFFSET  21.4568 -4.5110 -9.2943
SCALE 1 1 1
X -0.9344 -0.2967  0.1970
Y -0.3536  0.8382 -0.4152
Z -0.0419 -0.4577 -0.8881

PART 17
OFFSET  20.6283 -4.7740 -9.1196
SCALE 1 1 1
X -0.8153  0.5478 -0.1874
Y  0.5762  0.7358 -0.3558
Z -0.0570 -0.3981 -0.9156

PART 18
OFFSET  19.8537 -4.2536 -9.2977
SCALE 1 1 1
X  0.2702 -0.8234  0.4991
Y  0.9524  0.1527 -0.2637
Z  0.1409  0.5466  0.8255

PART 19
OFFSET  19.7047 -2.2437 -9.3848
SCALE 1 1 1
X  0.9631 -0.0770  0.2579
Y -0.0663 -0.9966 -0.0500
Z  0.2609  0.0310 -0.9649

PART 20
OFFSET  22.1680 -2.7942 -8.7621
SCALE 1 1 1
X -0.3544 -0.9163  0.1864
Y -0.9344  0.3391 -0.1096
Z  0.0372 -0.2130 -0.9764

PART 21
OFFSET  21.5646 -4.3543 -8.4448
SCALE 1 1 1
X -0.9183 -0.3910  0.0627
Y -0.3943  0.8886 -0.2344
Z  0.0360 -0.2400 -0.9701

PART 22
OFFSET  20.2920 -4.8962 -8.3579
SCALE 1 1 1
X -0.5596  0.7990 -0.2201
Y  0.8277  0.5522 -0.0997
Z  0.0419 -0.2379 -0.9704

PART 23
OFFSET  19.6851 -4.0296 -8.5966
SCALE 1 1 1
X -0.0123 -0.9818  0.1895
Y  0.9963  0.0042  0.0862
Z -0.0855  0.1898  0.9781

PART 24
OFFSET  20.2815 -2.7662 -6.6170
SCALE 1 1 1
X  0.8727 -0.3433  0.3471
Y  0.2921  0.9369  0.1923
Z -0.3912 -0.0664  0.9179

PART 25
OFFSET  21.4804 -1.9433 -6.8743
SCALE 1 1 1
X  0.0112 -0.9935  0.1130
Y -0.9922 -0.0251 -0.1225
Z  0.1245 -0.1107 -0.9860

PART 26
OFFSET  21.5002 -3.6925 -6.6753
SCALE 1 1 1
X -0.7354 -0.6745 -0.0655
Y -0.6495  0.7291 -0.2159
Z  0.1934 -0.1162 -0.9742

PART 27
OFFSET  20.5944 -4.5054 -6.6958
SCALE 1 1 1
X -0.8992  0.3997 -0.1782
Y  0.4183  0.9046 -0.0819
Z  0.1284 -0.1482 -0.9806

PART 28
OFFSET  19.5788 -4.0540 -6.8971
SCALE 1 1 1
X -0.0488 -0.9884 -0.1439
Y  0.9575 -0.0873  0.2750
Z -0.2843 -0.1243  0.9506

PART 29
OFFSET  21.9648 -2.1566 -7.8440
SCALE 1 1 1
X -0.1344 -0.9762  0.1702
Y -0.9784  0.1035 -0.1789
Z  0.1570 -0.1905 -0.9690

PART 30
OFFSET  21.7023 -4.0637 -7.5116
SCALE 1 1 1
X -0.8930 -0.4453 -0.0652
Y -0.4257  0.8828 -0.1988
Z  0.1460 -0.1498 -0.9779

PART 31
OFFSET  20.3979 -4.7141 -7.6068
SCALE 1 1 1
X -0.7479  0.6535 -0.1164
Y  0.6424  0.7568  0.1210
Z  0.1671  0.0157 -0.9858

PART 32
OFFSET  19.5516 -3.9744 -7.7457
SCALE 1 1 1
X  0.1525 -0.9855  0.0750
Y  0.9828  0.1592  0.0935
Z -0.1041  0.0595  0.9928

PART 33
OFFSET  21.0484 -3.8089 -8.6073
SCALE 1 1 1
X  0.2081 -0.0133 -0.9780
Y  0.0729  0.9973  0.0020
Z  0.9754 -0.0717  0.2085

PART 34
OFFSET -12.9782 -7.9373 -1.9159
SCALE 1 1 1
X -0.2693 -0.0674  0.9607
Y -0.2992 -0.9423 -0.1500
Z  0.9154 -0.3279  0.2336

PART 35
OFFSET -9.7208 -7.1219 -13.5342
SCALE 1 1 1
X -0.8685 -0.1811 -0.4615
Y  0.4494  0.1052 -0.8871
Z  0.2092 -0.9778 -0.0100

PART 36
OFFSET -2.3339 -5.5818 -9.6094
SCALE 1 1 1
X -0.8685 -0.1811 -0.4615
Y  0.4818 -0.0895 -0.8717
Z  0.1165 -0.9794  0.1650

PART 37
OFFSET -1.6568 -4.2798 -8.2782
SCALE 1 1 1
X -0.8717 -0.1790 -0.4561
Y -0.2132  0.9767  0.0240
Z  0.4412  0.1182 -0.8896

PART 38
OFFSET -1.6276 -4.9040 -7.2559
SCALE 1 1 1
X -0.8717 -0.1790 -0.4561
Y -0.2132  0.9767  0.0240
Z  0.4412  0.1182 -0.8896

PART 39
OFFSET -1.1670 -6.1587 -7.4147
SCALE 1 1 1
X -0.8717 -0.1790 -0.4561
Y -0.2132  0.9767  0.0240
Z  0.4412  0.1182 -0.8896

PART 40
OFFSET  0.3286 -5.0266 -8.1947
SCALE 1 1 1
X -0.9452 -0.0206 -0.3258
Y  0.3264 -0.0610 -0.9433
Z -0.0005 -0.9979  0.0643

PART 41
OFFSET  0.4390 -4.5488 -7.1644
SCALE 1 1 1
X -0.5486 -0.6911 -0.4705
Y  0.6562 -0.0073 -0.7545
Z  0.5180 -0.7227  0.4575

PART 42
OFFSET  1.5285 -3.0165 -6.0992
SCALE 1 1 1
X -0.9329 -0.3587 -0.0320
Y  0.2289 -0.5221 -0.8216
Z  0.2780 -0.7738  0.5691

PART 43
OFFSET  3.0171 -2.3819 -6.1604
SCALE 1 1 1
X -0.7866 -0.0054  0.6175
Y -0.4617 -0.6589 -0.5939
Z  0.4101 -0.7522  0.5158

PART 44
OFFSET  3.8568 -2.3305 -6.8416
SCALE 1 1 1
X -0.9392  0.3434  0.0021
Y  0.2809  0.7717 -0.5707
Z -0.1976 -0.5354 -0.8212

PART 45
OFFSET  1.4780 -4.8728 -8.9421
SCALE 1 1 1
X -0.9614 -0.0249  0.2741
Y  0.0570 -0.9923  0.1098
Z  0.2693  0.1212  0.9554

PART 46
OFFSET  3.6703 -4.6775 -9.4323
SCALE 1 1 1
X -0.4666 -0.8628 -0.1947
Y  0.8826 -0.4686 -0.0384
Z -0.0581 -0.1897  0.9801

PART 47
OFFSET  4.3309 -3.4560 -9.1567
SCALE 1 1 1
X  0.4541 -0.8783 -0.1494
Y  0.8906  0.4428  0.1039
Z -0.0252 -0.1802  0.9833

PART 48
OFFSET  3.9282 -2.6773 -9.0243
SCALE 1 1 1
X  0.9930  0.1173 -0.0134
Y -0.1142  0.9828  0.1449
Z  0.0302 -0.1424  0.9894

PART 49
OFFSET  2.9848 -2.7887 -9.0115
SCALE 1 1 1
X -0.6922 -0.6861 -0.2238
Y -0.7214  0.6485  0.2431
Z -0.0217  0.3297 -0.9438

PART 50
OFFSET  1.4689 -4.9671 -8.2346
SCALE 1 1 1
X -0.9998 -0.0069 -0.0199
Y  0.0046 -0.9937  0.1123
Z -0.0206  0.1122  0.9935

PART 51
OFFSET  4.0669 -4.9879 -8.3279
SCALE 1 1 1
X -0.3029 -0.9526 -0.0303
Y  0.9526 -0.3035  0.0192
Z -0.0275 -0.0230  0.9994

PART 52
OFFSET  4.5825 -3.3662 -8.2763
SCALE 1 1 1
X  0.7053 -0.7089 -0.0017
Y  0.7075  0.7038  0.0632
Z -0.0436 -0.0458  0.9980

PART 53
OFFSET  3.6050 -2.3838 -8.2739
SCALE 1 1 1
X  0.9211  0.3846  0.0606
Y -0.3863  0.9221  0.0198
Z -0.0483 -0.0416  0.9980

PART 54
OFFSET  2.6060 -2.8009 -8.3396
SCALE 1 1 1
X -0.5363 -0.8439 -0.0119
Y -0.8420  0.5360 -0.0614
Z  0.0582 -0.0229 -0.9980

PART 55
OFFSET -3.8817 -5.5955 -8.7184
SCALE 1 1 1
X -0.9526 -0.2850 -0.1062
Y -0.2615  0.9457 -0.1930
Z  0.1555 -0.1561 -0.9754

PART 56
OFFSET  3.7653 -5.2714 -6.1900
SCALE 1 1 1
X -0.9409 -0.3190 -0.1135
Y  0.3142 -0.9476  0.0582
Z -0.1261  0.0191  0.9918

PART 57
OFFSET  5.4220 -4.7097 -5.9901
SCALE 1 1 1
X -0.2922 -0.9559  0.0284
Y  0.9463 -0.2847  0.1535
Z -0.1386  0.0717  0.9877

PART 58
OFFSET  5.7688 -3.5433 -5.9647
SCALE 1 1 1
X  0.6124 -0.7859  0.0855
Y  0.7782  0.6183  0.1102
Z -0.1395 -0.0009  0.9902

PART 59
OFFSET  5.0771 -2.6555 -6.0612
SCALE 1 1 1
X -0.9411 -0.3026  0.1512
Y -0.3272  0.9276 -0.1803
Z -0.0857 -0.2191 -0.9719

PART 60
OFFSET  4.0187 -5.1607 -7.2596
SCALE 1 1 1
X -0.4655 -0.8850 -0.0074
Y  0.8746 -0.4613  0.1492
Z -0.1355  0.0630  0.9888

PART 61
OFFSET  4.9281 -3.4318 -7.2452
SCALE 1 1 1
X  0.6636 -0.7358  0.1350
Y  0.7411  0.6712  0.0155
Z -0.1020  0.0898  0.9907

PART 62
OFFSET  3.9589 -2.3570 -7.4424
SCALE 1 1 1
X  0.9791  0.1969  0.0512
Y -0.1868  0.9697 -0.1572
Z -0.0806  0.1444  0.9862

PART 63
OFFSET  2.8504 -2.5804 -7.5074
SCALE 1 1 1
X -0.6263 -0.7796 -0.0019
Y -0.7771  0.6244 -0.0793
Z  0.0630 -0.0482 -0.9968

PART 64
OFFSET  10.7995 -3.3655 -3.7558
SCALE 1 1 1
X  0.9999 -0.0024  0.0151
Y  0.0035  0.9974 -0.0724
Z -0.0149  0.0724  0.9973

PART 65
OFFSET  10.7995 -3.3655 -3.7558
SCALE 1 1 1
X  0.9999 -0.0024  0.0151
Y  0.0035  0.9974 -0.0724
Z -0.0149  0.0724  0.9973

PART 66
OFFSET  9.6811 -3.6542 -3.4504
SCALE 1 1 1
X -0.0072 -0.9446  0.3280
Y  0.9999 -0.0024  0.0151
Z -0.0135  0.3281  0.9445

PART 67
OFFSET  34.0075 -3.3728 -2.9908
SCALE 1 1 1
X  0.9999 -0.0024  0.0151
Y  0.0035  0.9974 -0.0724
Z -0.0149  0.0724  0.9973

PART 68
OFFSET  10.8117 -3.3493 -4.5648
SCALE 1 1 1
X  0.9999 -0.0024  0.0151
Y  0.0035  0.9974 -0.0724
Z -0.0149  0.0724  0.9973

PART 69
OFFSET  10.8059 -3.3343 -3.3249
SCALE 1 1 1
X  0.9999 -0.0024  0.0151
Y  0.0035  0.9974 -0.0724
Z -0.0149  0.0724  0.9973

PART 70
OFFSET  14.0035 -3.5463 -6.0227
SCALE 1 1 1
X  0.9999 -0.0024  0.0151
Y  0.0035  0.9974 -0.0724
Z -0.0149  0.0724  0.9973

PART 71
OFFSET  3.2253 -2.1439 -3.9212
SCALE 1 1 1
X  0.9999 -0.0024  0.0151
Y  0.0035  0.9974 -0.0724
Z -0.0149  0.0724  0.9973

PART 72
OFFSET  3.2248 -2.2725 -3.9119
SCALE 1 1 1
X  0.6711  0.0513  0.7396
Y  0.0035  0.9974 -0.0724
Z -0.7414  0.0511  0.6691

PART 73
OFFSET  14.8601 -3.2314 -1.6439
SCALE 1 1 1
X  0.9999 -0.0024  0.0151
Y  0.0035  0.9974 -0.0724
Z -0.0149  0.0724  0.9973

PART 74
OFFSET  8.2483 -3.4436 -5.1874
SCALE 1 1 1
X  0.9999 -0.0024  0.0151
Y  0.0035  0.9974 -0.0724
Z -0.0149  0.0724  0.9973

PART 75
OFFSET  13.5264 -3.2451 -1.9667
SCALE 1 1 1
X -0.0072 -0.9446  0.3280
Y  0.9999 -0.0024  0.0151
Z -0.0135  0.3281  0.9445

PART 76
OFFSET  12.4200 -3.2390 -1.9350
SCALE 1 1 1
X  0.9999 -0.0024  0.0151
Y  0.0035  0.9974 -0.0724
Z -0.0149  0.0724  0.9973

PART 77
OFFSET  18.7143 -4.2394 -2.6730
SCALE 1 1 1
X  0.9999 -0.0024  0.0151
Y -0.0081  0.7565  0.6540
Z -0.0130 -0.6540  0.7564

PART 78
OFFSET  12.2193 -3.1968 -1.3635
SCALE 1 1 1
X  0.9999 -0.0024  0.0151
Y  0.0035  0.9974 -0.0724
Z -0.0149  0.0724  0.9973

PART 79
OFFSET  34.0075 -3.3728 -2.9908
SCALE 1 1 1
X -0.0035 -0.9974  0.0724
Y  0.9999 -0.0024  0.0151
Z -0.0149  0.0724  0.9973

PART 80
OFFSET  40.5415 -3.3884 -2.8923
SCALE 1 1 1
X -0.0035 -0.9974  0.0724
Y  0.9999 -0.0024  0.0151
Z -0.0149  0.0724  0.9973

PART 81
OFFSET  20.4586 -3.5360 -5.8868
SCALE 1 1 1
X  0.9999 -0.0024  0.0151
Y  0.0035  0.9974 -0.0724
Z -0.0149  0.0724  0.9973

PART 82
OFFSET  8.9918 -2.6005 -3.7337
SCALE 1 1 1
X  0.9999 -0.0024  0.0151
Y  0.0035  0.9974 -0.0724
Z -0.0149  0.0724  0.9973

PART 83
OFFSET  10.8527 -2.2357 -4.6398
SCALE 1 1 1
X  0.9999 -0.0024  0.0151
Y  0.0035  0.9974 -0.0724
Z -0.0149  0.0724  0.9973

PART 84
OFFSET  10.1299 -2.2340 -4.6507
SCALE 1 1 1
X  0.9999 -0.0024  0.0151
Y  0.0035  0.9974 -0.0724
Z -0.0149  0.0724  0.9973

PART 85
OFFSET  9.4057 -2.2322 -4.6616
SCALE 1 1 1
X  0.9999 -0.0024  0.0151
Y  0.0035  0.9974 -0.0724
Z -0.0149  0.0724  0.9973

PART 86
OFFSET  8.6814 -2.2305 -4.6725
SCALE 1 1 1
X  0.9999 -0.0024  0.0151
Y  0.0035  0.9974 -0.0724
Z -0.0149  0.0724  0.9973

PART 87
OFFSET  7.9571 -2.2288 -4.6834
SCALE 1 1 1
X  0.9999 -0.0024  0.0151
Y  0.0035  0.9974 -0.0724
Z -0.0149  0.0724  0.9973

PART 88
OFFSET  7.2329 -2.2271 -4.6944
SCALE 1 1 1
X  0.9999 -0.0024  0.0151
Y  0.0035  0.9974 -0.0724
Z -0.0149  0.0724  0.9973

PART 89
OFFSET  0.0000 -0.0000 -0.0000
SCALE 1 1 1
X  1.0000 -0.0000  0.0000
Y  0.0000  1.0000  0.0000
Z  0.0000 -0.0000  1.0000

PART 90
OFFSET  0.0000 -0.0000 -0.0000
SCALE 1 1 1
X  1.0000 -0.0000  0.0000
Y  0.0000  1.0000  0.0000
Z  0.0000 -0.0000  1.0000

PART 91
OFFSET  1.5404 -0.0000  4.1357
SCALE 1 1 1
X  1.0000 -0.0000  0.0000
Y  0.0000  1.0000  0.0000
Z  0.0000 -0.0000  1.0000

PART 92
OFFSET  0.0000 -0.0000 -0.0000
SCALE 1 1 1
X  1.0000 -0.0000  0.0000
Y  0.0000  1.0000  0.0000
Z  0.0000 -0.0000  1.0000


FRAME 277
PART 0
OFFSET -4.6318 -0.0000 -1.3770
SCALE 1 1 1
X  1.0000 -0.0000  0.0000
Y  0.0000  1.0000  0.0000
Z  0.0000 -0.0000  1.0000

PART 1
OFFSET  0.1218  5.5976 -6.6823
SCALE 1 1 1
X  0.7346 -0.1612 -0.6591
Y -0.1014 -0.9865  0.1283
Z -0.6709 -0.0274 -0.7410

PART 2
OFFSET  9.0056  3.6485 -14.6536
SCALE 1 1 1
X  0.7477 -0.5054  0.4306
Y -0.5066 -0.0151  0.8620
Z -0.4292 -0.8627 -0.2674

PART 3
OFFSET  15.3655 -0.6504 -10.9913
SCALE 1 1 1
X  0.7477 -0.5054  0.4306
Y -0.5013 -0.0045  0.8652
Z -0.4354 -0.8629 -0.2568

PART 4
OFFSET  17.7273  0.1142 -10.9580
SCALE 1 1 1
X  0.7519 -0.5030  0.4262
Y  0.4343  0.8643  0.2537
Z -0.4960 -0.0057  0.8683

PART 5
OFFSET  16.4465 -1.7740 -11.8322
SCALE 1 1 1
X  0.7519 -0.5030  0.4262
Y  0.4343  0.8643  0.2537
Z -0.4960 -0.0057  0.8683

PART 6
OFFSET  16.9953  0.2991 -8.2528
SCALE 1 1 1
X  0.7519 -0.5030  0.4262
Y  0.4343  0.8643  0.2537
Z -0.4960 -0.0057  0.8683

PART 7
OFFSET  15.6352 -1.9509 -8.7536
SCALE 1 1 1
X  0.7519 -0.5030  0.4262
Y  0.4343  0.8643  0.2537
Z -0.4960 -0.0057  0.8683

PART 8
