// Export filename: `C:\projects\cod\t5\xanim_export\t5_viewmodels\spas12\spas12_sprint_in.XANIM_EXPORT`
// Source filename: `D:\projects\devanim\t5\animation_assets\viewmodels/spas12/ViewModel_Spas12_animated.fbx`
// Export time: Sat Sep 11 16:00:48 2010

ANIMATION
VERSION 3

NUMPARTS 78
PART 0 "tag_ads"
PART 1 "tag_torso"
PART 2 "J_Shoulder_LE"
PART 3 "J_Elbow_LE"
PART 4 "J_WristTwist_LE"
PART 5 "J_Sleave_Reshape_Bottom_LE_1"
PART 6 "J_Sleave_Reshape_Bottom_LE_2"
PART 7 "J_Sleave_Reshape_Top_LE_1"
PART 8 "J_Sleave_Reshape_Top_LE_2"
PART 9 "J_Sleave_Reshape_Top_LE_3"
PART 10 "J_Wrist_LE"
PART 11 "J_Thumb_LE_0"
PART 12 "J_Thumb_LE_1"
PART 13 "J_Thumb_LE_2"
PART 14 "J_Thumb_LE_3"
PART 15 "J_PinkyPalm_LE"
PART 16 "J_Pinky_LE_0"
PART 17 "J_Pinky_LE_1"
PART 18 "J_Pinky_LE_2"
PART 19 "J_Pinky_LE_3"
PART 20 "J_RingPalm_LE"
PART 21 "J_Ring_LE_0"
PART 22 "J_Ring_LE_1"
PART 23 "J_Ring_LE_2"
PART 24 "J_Ring_LE_3"
PART 25 "J_Webbing_LE"
PART 26 "J_Index_LE_0"
PART 27 "J_Index_LE_1"
PART 28 "J_Index_LE_2"
PART 29 "J_Index_LE_3"
PART 30 "J_Mid_LE_0"
PART 31 "J_Mid_LE_1"
PART 32 "J_Mid_LE_2"
PART 33 "J_Mid_LE_3"
PART 34 "tag_knife_attach"
PART 35 "tag_weapon"
PART 36 "J_Gun"
PART 37 "TAG_CLIP"
PART 38 "J_Bolt"
PART 39 "J_pump"
PART 40 "J_ring"
PART 41 "J_stock"
PART 42 "J_stocktop"
PART 43 "J_Load"
PART 44 "tag_iron_sights"
PART 45 "J_Shoulder_RI"
PART 46 "J_Elbow_RI"
PART 47 "J_WristTwist_RI"
PART 48 "J_Sleave_Reshape_Top_RI_3"
PART 49 "J_Sleave_Reshape_Top_RI_2"
PART 50 "J_Sleave_Reshape_Top_RI_1"
PART 51 "J_Wrist_RI"
PART 52 "J_Thumb_RI_0"
PART 53 "J_Thumb_RI_1"
PART 54 "J_Thumb_RI_2"
PART 55 "J_Thumb_RI_3"
PART 56 "J_PinkyPalm_RI"
PART 57 "J_Pinky_RI_0"
PART 58 "J_Pinky_RI_1"
PART 59 "J_Pinky_RI_2"
PART 60 "J_Pinky_RI_3"
PART 61 "J_RingPalm_RI"
PART 62 "J_Ring_RI_0"
PART 63 "J_Ring_RI_1"
PART 64 "J_Ring_RI_2"
PART 65 "J_Ring_RI_3"
PART 66 "J_Webbing_RI"
PART 67 "J_Index_RI_0"
PART 68 "J_Index_RI_1"
PART 69 "J_Index_RI_2"
PART 70 "J_Index_RI_3"
PART 71 "J_Mid_RI_0"
PART 72 "J_Mid_RI_1"
PART 73 "J_Mid_RI_2"
PART 74 "J_Mid_RI_3"
PART 75 "tag_cambone"
PART 76 "tag_camera"
PART 77 "tag_gasmask"

FRAMERATE 30
NUMFRAMES 11

FRAME 700
PART 0
OFFSET  0.0000 -0.0000 -0.0000
X  1.0000 -0.0000  0.0000
Y  0.0000  1.0000  0.0000
Z  0.0000 -0.0000  1.0000

PART 1
OFFSET -4.6318 -0.0000 -1.3770
X  1.0000 -0.0000  0.0000
Y  0.0000  1.0000  0.0000
Z  0.0000 -0.0000  1.0000

PART 2
OFFSET -2.1458  5.0340 -5.9168
X  0.9027  0.0111 -0.4301
Y -0.0579 -0.9875 -0.1469
Z -0.4264  0.1575 -0.8907

PART 3
OFFSET  8.7714  5.1685 -11.1188
X  0.6922 -0.5722  0.4398
Y -0.6705 -0.2843  0.6853
Z -0.2671 -0.7692 -0.5805

PART 4
OFFSET  14.6586  0.3014 -7.3780
X  0.6922 -0.5722  0.4398
Y  0.2513  0.7624  0.5963
Z -0.6765 -0.3022  0.6715

PART 5
OFFSET  16.2843  1.1645 -6.9709
X  0.6969 -0.5684  0.4373
Y  0.2748  0.7749  0.5693
Z -0.6624 -0.2766  0.6962

PART 6
OFFSET  16.0073 -0.4838 -8.2164
X  0.6969 -0.5684  0.4373
Y  0.2748  0.7749  0.5693
Z -0.6624 -0.2766  0.6962

PART 7
OFFSET  14.9156  0.0572 -5.0639
X  0.6969 -0.5684  0.4373
Y  0.2748  0.7749  0.5693
Z -0.6624 -0.2766  0.6962

PART 8
OFFSET  14.6369 -1.6386 -5.7248
X  0.6969 -0.5684  0.4373
Y  0.2748  0.7749  0.5693
Z -0.6624 -0.2766  0.6962

PART 9
OFFSET  14.8524 -1.6124 -6.9031
X  0.6969 -0.5684  0.4373
Y  0.2748  0.7749  0.5693
Z -0.6624 -0.2766  0.6962

PART 10
OFFSET  16.7806 -1.4529 -6.0297
X  0.9561 -0.2551 -0.1444
Y  0.2902  0.7545  0.5887
Z -0.0412 -0.6047  0.7954

PART 11
OFFSET  17.4739 -1.0878 -5.2000
X  0.8948 -0.0929  0.4368
Y -0.0934  0.9176  0.3864
Z -0.4367 -0.3865  0.8123

PART 12
OFFSET  19.3710 -1.2182 -4.1737
X  0.9573 -0.2890 -0.0040
Y  0.2129  0.6956  0.6862
Z -0.1955 -0.6578  0.7274

PART 13
OFFSET  20.8819 -1.7998 -4.1397
X  0.9595  0.0172  0.2811
Y -0.1601  0.8544  0.4944
Z -0.2317 -0.5194  0.8225

PART 14
OFFSET  21.9062 -1.7905 -3.7896
X  0.8241  0.5224 -0.2190
Y -0.3302  0.1290 -0.9351
Z -0.4602  0.8429  0.2788

PART 15
OFFSET  17.2706 -2.5988 -6.6215
X  0.4856 -0.8741  0.0104
Y -0.3966 -0.2097  0.8937
Z -0.7790 -0.4382 -0.4485

PART 16
OFFSET  18.4265 -4.5247 -6.4231
X -0.2030 -0.3776  0.9035
Y -0.6387  0.7504  0.1701
Z -0.7422 -0.5425 -0.3935

PART 17
OFFSET  18.1392 -5.0592 -5.1440
X -0.6098  0.3398  0.7160
Y -0.2952  0.7410 -0.6031
Z -0.7355 -0.5792 -0.3516

PART 18
OFFSET  17.5985 -4.7580 -4.5092
X -0.5625  0.1899  0.8047
Y -0.3523  0.8255 -0.4410
Z -0.7480 -0.5315 -0.3974

PART 19
OFFSET  17.0641 -4.5775 -3.7447
X  0.7595 -0.5866 -0.2812
Y  0.0015  0.4338 -0.9010
Z  0.6505  0.6839  0.3303

PART 20
OFFSET  17.6795 -2.0691 -6.3731
X  0.8205 -0.4781 -0.3134
Y -0.0735 -0.6319  0.7716
Z -0.5669 -0.6100 -0.5536

PART 21
OFFSET  19.6090 -3.7720 -6.7411
X  0.2127 -0.7634  0.6099
Y -0.6728  0.3382  0.6580
Z -0.7086 -0.5503 -0.4417

PART 22
OFFSET  19.9712 -5.0717 -5.7028
X -0.6327  0.2090  0.7456
Y -0.3384  0.7914 -0.5090
Z -0.6965 -0.5744 -0.4300

PART 23
OFFSET  19.0943 -4.7821 -4.6694
X -0.6066  0.1383  0.7829
Y -0.3898  0.8065 -0.4445
Z -0.6929 -0.5748 -0.4353

PART 24
OFFSET  18.4365 -4.6320 -3.8203
X  0.6856 -0.6023 -0.4089
Y  0.0584  0.6054 -0.7938
Z  0.7257  0.5203  0.4502

PART 25
OFFSET  20.1666 -1.3654 -5.1139
X  0.8320 -0.5541 -0.0286
Y  0.3285  0.5335 -0.7794
Z  0.4471  0.6390  0.6259

PART 26
OFFSET  20.7402 -1.6530 -6.4441
X  0.7227 -0.6863  0.0819
Y -0.6038 -0.5693  0.5580
Z -0.3363 -0.4527 -0.8258

PART 27
OFFSET  22.0126 -2.8614 -6.2999
X  0.6747 -0.7357  0.0595
Y -0.6548 -0.5594  0.5083
Z -0.3407 -0.3819 -0.8591

PART 28
OFFSET  22.8535 -3.7325 -6.1755
X  0.4151 -0.8410  0.3469
Y -0.8685 -0.2529  0.4263
Z -0.2708 -0.4783 -0.8354

PART 29
OFFSET  23.3225 -4.6825 -5.7836
X  0.5727  0.3675 -0.7328
Y -0.6157  0.7830 -0.0885
Z  0.5412  0.5019  0.6747

PART 30
OFFSET  20.3160 -2.5528 -6.9246
X  0.6022 -0.7352  0.3111
Y -0.5087 -0.0532  0.8593
Z -0.6152 -0.6757 -0.4060

PART 31
OFFSET  21.4925 -3.9891 -6.3170
X  0.0066 -0.5335  0.8458
Y -0.7577  0.5493  0.3524
Z -0.6526 -0.6431 -0.4006

PART 32
OFFSET  21.5021 -4.7683 -5.0816
X -0.4599 -0.0734  0.8849
Y -0.5636  0.7943 -0.2270
Z -0.6862 -0.6031 -0.4066

PART 33
OFFSET  20.9768 -4.8563 -4.0821
X  0.7565 -0.4125 -0.5076
Y -0.1860  0.6083 -0.7716
Z  0.6270  0.6781  0.3834

PART 34
OFFSET  19.1536 -3.4726 -5.5265
X -0.6108 -0.6147 -0.4990
Y  0.0412  0.6047 -0.7954
Z  0.7907 -0.5064 -0.3441

PART 35
OFFSET  10.6714 -3.3397 -3.5839
X  1.0000 -0.0000  0.0000
Y  0.0000  1.0000  0.0000
Z  0.0000 -0.0000  1.0000

PART 36
OFFSET  10.6714 -3.3397 -3.5839
X  1.0000 -0.0000  0.0000
Y  0.0000  1.0000  0.0000
Z  0.0000 -0.0000  1.0000

PART 37
OFFSET -218.4342 -3.3229 -149.7052
X  0.0000 -0.0000 -1.0000
Y  0.0000  1.0000  0.0000
Z  1.0000 -0.0000  0.0000

PART 38
OFFSET  10.6842 -3.3397 -3.1520
X  1.0000 -0.0000  0.0000
Y  0.0000  1.0000  0.0000
Z  0.0000 -0.0000  1.0000

PART 39
OFFSET  15.9385 -3.3448 -5.9054
X  1.0000 -0.0000  0.0000
Y  0.0000  1.0000  0.0000
Z  0.0000 -0.0000  1.0000

PART 40
OFFSET  3.0927 -2.2645 -3.5479
X  0.6820 -0.0000  0.7314
Y -0.0000  1.0000  0.0000
Z -0.7314 -0.0000  0.6820

PART 41
OFFSET  3.0927 -2.1356 -3.5479
X  1.0000 -0.0000  0.0000
Y  0.0000  1.0000  0.0000
Z  0.0000 -0.0000  1.0000

PART 42
OFFSET  14.7631 -3.3448 -1.5284
X  1.0000 -0.0000  0.0000
Y  0.0000  1.0000  0.0000
Z  0.0000 -0.0000  1.0000

PART 43
OFFSET  8.0992 -3.3229 -4.9793
X  1.0000 -0.0000  0.0000
Y -0.0000  1.0000  0.0000
Z -0.0000 -0.0000  1.0000

PART 44
OFFSET  13.4247 -3.3397 -1.8315
X  0.0000 -0.9659  0.2588
Y  1.0000  0.0000  0.0000
Z -0.0000  0.2588  0.9659

PART 45
OFFSET -12.9782 -7.9373 -1.9159
X -0.2660 -0.0816  0.9605
Y -0.2787 -0.9473 -0.1577
Z  0.9228 -0.3097  0.2293

PART 46
OFFSET -9.7608 -6.9502 -13.5321
X -0.8555 -0.1935 -0.4802
Y  0.4636  0.1268 -0.8769
Z  0.2306 -0.9729 -0.0188

PART 47
OFFSET -2.4840 -5.3046 -9.4476
X -0.8555 -0.1935 -0.4802
Y  0.4940 -0.0277 -0.8690
Z  0.1548 -0.9807  0.1193

PART 48
OFFSET -1.8604 -4.0065 -8.0869
X -0.8589 -0.1916 -0.4749
Y -0.2348  0.9715  0.0328
Z  0.4551  0.1396 -0.8794

PART 49
OFFSET -1.8367 -4.6438 -7.0725
X -0.8589 -0.1916 -0.4749
Y -0.2348  0.9715  0.0328
Z  0.4551  0.1396 -0.8794

PART 50
OFFSET -1.3462 -5.8859 -7.2387
X -0.8589 -0.1916 -0.4749
Y -0.2348  0.9715  0.0328
Z  0.4551  0.1396 -0.8794

PART 51
OFFSET  0.1388 -4.7114 -7.9754
X -0.9500 -0.0002 -0.3123
Y  0.3123  0.0086 -0.9499
Z  0.0029 -1.0000 -0.0081

PART 52
OFFSET  0.2636 -4.3091 -6.9149
X -0.5540 -0.6571 -0.5111
Y  0.6448  0.0496 -0.7627
Z  0.5266 -0.7521  0.3962

PART 53
OFFSET  1.3654 -2.8541 -5.7579
X -0.9324 -0.3586 -0.0440
Y  0.2177 -0.4604 -0.8606
Z  0.2884 -0.8120  0.5074

PART 54
OFFSET  2.8514 -2.2117 -5.7951
X -0.7772 -0.0528  0.6271
Y -0.4690 -0.6158 -0.6331
Z  0.4196 -0.7861  0.4538

PART 55
OFFSET  3.6806 -2.1082 -6.4832
X -0.9399  0.3391  0.0409
Y  0.2704  0.8119 -0.5174
Z -0.2087 -0.4752 -0.8548

PART 56
OFFSET  1.2765 -4.5000 -8.7267
X -0.9571 -0.0480  0.2859
Y  0.0610 -0.9975  0.0368
Z  0.2834  0.0527  0.9576

PART 57
OFFSET  3.4607 -4.2621 -9.2340
X -0.4674 -0.8480 -0.2497
Y  0.8830 -0.4615 -0.0853
Z -0.0429 -0.2604  0.9646

PART 58
OFFSET  4.1224 -3.0615 -8.8805
X  0.4539 -0.8636 -0.2193
Y  0.8910  0.4372  0.1225
Z -0.0099 -0.2510  0.9679

PART 59
OFFSET  3.7199 -2.2957 -8.6860
X  0.9924  0.1214 -0.0197
Y -0.1143  0.9694  0.2174
Z  0.0455 -0.2135  0.9759

PART 60
OFFSET  2.7771 -2.4111 -8.6674
X -0.6939 -0.6705 -0.2626
Y -0.7192  0.6267  0.3001
Z -0.0367  0.3970 -0.9171

PART 61
OFFSET  1.2783 -4.6453 -8.0278
X -0.9999 -0.0089 -0.0055
Y  0.0086 -0.9992  0.0400
Z -0.0059  0.0400  0.9992

PART 62
OFFSET  3.8746 -4.6503 -8.1610
X -0.3010 -0.9489 -0.0947
Y  0.9535 -0.3008 -0.0170
Z -0.0124 -0.0954  0.9954

PART 63
OFFSET  4.3870 -3.0347 -7.9997
X  0.7069 -0.7044 -0.0636
Y  0.7067  0.6999  0.1035
Z -0.0284 -0.1181  0.9926

PART 64
OFFSET  3.4073 -2.0584 -7.9117
X  0.9210  0.3824  0.0746
Y -0.3882  0.9169  0.0923
Z -0.0331 -0.1139  0.9929

PART 65
OFFSET  2.4085 -2.4732 -7.9926
X -0.5344 -0.8427 -0.0650
Y -0.8441  0.5361 -0.0099
Z  0.0432  0.0496 -0.9978

PART 66
OFFSET -4.0775 -5.2555 -8.4763
X -0.9534 -0.2799 -0.1124
Y -0.2666  0.9563 -0.1201
Z  0.1411 -0.0846 -0.9864

PART 67
OFFSET  3.6059 -5.0887 -6.0450
X -0.9418 -0.3132 -0.1223
Y  0.3173 -0.9482 -0.0152
Z -0.1112 -0.0532  0.9924

PART 68
OFFSET  5.2641 -4.5373 -5.8296
X -0.2895 -0.9565 -0.0366
Y  0.9491 -0.2918  0.1184
Z -0.1239 -0.0004  0.9923

PART 69
OFFSET  5.6085 -3.3746 -5.7249
X  0.6155 -0.7879  0.0192
Y  0.7783  0.6114  0.1431
Z -0.1245 -0.0731  0.9895

PART 70
OFFSET  4.9133 -2.4846 -5.7466
X -0.9379 -0.3160  0.1429
Y -0.3321  0.9371 -0.1077
Z -0.0998 -0.1485 -0.9839

PART 71
OFFSET  3.8429 -4.9001 -7.1074
X -0.4634 -0.8838 -0.0645
Y  0.8779 -0.4678  0.1024
Z -0.1207 -0.0092  0.9926

PART 72
OFFSET  4.7483 -3.1736 -6.9813
X  0.6673 -0.7414  0.0715
Y  0.7397  0.6709  0.0530
Z -0.0873  0.0175  0.9960

PART 73
OFFSET  3.7737 -2.0907 -7.0857
X  0.9793  0.1961  0.0508
Y -0.1915  0.9779 -0.0838
Z -0.0661  0.0723  0.9952

PART 74
OFFSET  2.6649 -2.3126 -7.1503
X -0.6244 -0.7796 -0.0490
Y -0.7796  0.6258 -0.0223
Z  0.0481  0.0243 -0.9985

PART 75
OFFSET  0.0000 -0.0000 -0.0000
X  1.0000 -0.0000  0.0000
Y  0.0000  1.0000  0.0000
Z  0.0000 -0.0000  1.0000

PART 76
OFFSET  0.0000 -0.0000 -0.0000
X  1.0000 -0.0000  0.0000
Y  0.0000  1.0000  0.0000
Z  0.0000 -0.0000  1.0000

PART 77
OFFSET  1.5404 -0.0000  4.1357
X  1.0000 -0.0000  0.0000
Y  0.0000  1.0000  0.0000
Z  0.0000 -0.0000  1.0000


FRAME 701
PART 0
OFFSET  0.0000 -0.0000 -0.0000
X  1.0000 -0.0000  0.0000
Y  0.0000  1.0000  0.0000
Z  0.0000 -0.0000  1.0000

PART 1
OFFSET -4.6318 -0.0000 -1.3770
X  1.0000 -0.0000  0.0000
Y  0.0000  1.0000  0.0000
Z  0.0000 -0.0000  1.0000

PART 2
OFFSET -2.1458  5.0340 -5.9168
X  0.8957  0.0253 -0.4440
Y -0.0472 -0.9873 -0.1515
Z -0.4422  0.1567 -0.8831

PART 3
OFFSET  8.6862  5.3401 -11.2869
X  0.6923 -0.5716  0.4404
Y -0.6708 -0.2847  0.6848
Z -0.2660 -0.7696 -0.5805

PART 4
OFFSET  14.5746  0.4785 -7.5407
X  0.6923 -0.5716  0.4404
Y  0.2657  0.7694  0.5809
Z -0.6709 -0.2851  0.6845

PART 5
OFFSET  16.1993  1.3430 -7.1325
X  0.6970 -0.5678  0.4379
Y  0.2737  0.7752  0.5694
Z -0.6628 -0.2770  0.6957

PART 6
OFFSET  15.9246 -0.3057 -8.3779
X  0.6970 -0.5678  0.4379
Y  0.2737  0.7752  0.5694
Z -0.6628 -0.2770  0.6957

PART 7
OFFSET  14.8300  0.2349 -5.2263
X  0.6970 -0.5678  0.4379
Y  0.2737  0.7752  0.5694
Z -0.6628 -0.2770  0.6957

PART 8
OFFSET  14.5532 -1.4612 -5.8871
X  0.6970 -0.5678  0.4379
Y  0.2737  0.7752  0.5694
Z -0.6628 -0.2770  0.6957

PART 9
OFFSET  14.7695 -1.4350 -7.0653
X  0.6970 -0.5678  0.4379
Y  0.2737  0.7752  0.5694
Z -0.6628 -0.2770  0.6957

PART 10
OFFSET  16.6970 -1.2738 -6.1904
X  0.9584 -0.2426 -0.1507
Y  0.2845  0.7656  0.5769
Z -0.0246 -0.5958  0.8028

PART 11
OFFSET  17.3926 -0.8887 -5.3718
X  0.9002 -0.0744  0.4291
Y -0.1034  0.9206  0.3765
Z -0.4231 -0.3833  0.8210

PART 12
OFFSET  19.3012 -0.9787 -4.3625
X  0.9615 -0.2748 -0.0100
Y  0.2090  0.7068  0.6759
Z -0.1787 -0.6519  0.7370

PART 13
OFFSET  20.8209 -1.5374 -4.3364
X  0.9618  0.0347  0.2715
Y -0.1681  0.8577  0.4859
Z -0.2160 -0.5130  0.8308

PART 14
OFFSET  21.8482 -1.5087 -3.9965
X  0.8141  0.5319 -0.2331
Y -0.3410  0.1129 -0.9333
Z -0.4701  0.8392  0.2733

PART 15
OFFSET  17.1983 -2.4193 -6.7735
X  0.4987 -0.8666  0.0160
Y -0.3848 -0.2049  0.9000
Z -0.7767 -0.4550 -0.4357

PART 16
OFFSET  18.3847 -4.3253 -6.5638
X -0.1887 -0.3698  0.9098
Y -0.6482  0.7428  0.1675
Z -0.7377 -0.5581 -0.3798

PART 17
OFFSET  18.1176 -4.8488 -5.2757
X -0.6080  0.3392  0.7179
Y -0.3120  0.7294 -0.6089
Z -0.7301 -0.5941 -0.3376

PART 18
OFFSET  17.5786 -4.5481 -4.6393
X -0.5575  0.1911  0.8079
Y -0.3688  0.8149 -0.4472
Z -0.7438 -0.5472 -0.3838

PART 19
OFFSET  17.0489 -4.3665 -3.8718
X  0.7655 -0.5786 -0.2816
Y -0.0136  0.4230 -0.9060
Z  0.6433  0.6974  0.3159

PART 20
OFFSET  17.6016 -1.8806 -6.5353
X  0.8245 -0.4696 -0.3158
Y -0.0566 -0.6237  0.7796
Z -0.5630 -0.6249 -0.5408

PART 21
OFFSET  19.5528 -3.5590 -6.9020
X  0.2299 -0.7529  0.6167
Y -0.6714  0.3360  0.6605
Z -0.7045 -0.5659 -0.4283

PART 22
OFFSET  19.9442 -4.8408 -5.8521
X -0.6286  0.2084  0.7493
Y -0.3551  0.7802 -0.5149
Z -0.6919 -0.5897 -0.4165

PART 23
OFFSET  19.0730 -4.5519 -4.8136
X -0.6011  0.1386  0.7871
Y -0.4060  0.7953 -0.4502
Z -0.6884 -0.5902 -0.4217

PART 24
OFFSET  18.4211 -4.4016 -3.9600
X  0.6905 -0.5969 -0.4085
Y  0.0418  0.5967 -0.8014
Z  0.7221  0.5363  0.4370

PART 25
OFFSET  20.0899 -1.1252 -5.3087
X  0.8399 -0.5420 -0.0302
Y  0.3131  0.5290 -0.7887
Z  0.4434  0.6530  0.6140

PART 26
OFFSET  20.6550 -1.4201 -6.6409
X  0.7336 -0.6745  0.0829
Y -0.5899 -0.5715  0.5705
Z -0.3374 -0.4674 -0.8171

PART 27
OFFSET  21.9466 -2.6077 -6.4950
X  0.6862 -0.7248  0.0615
Y -0.6414 -0.5630  0.5212
Z -0.3431 -0.3971 -0.8512

PART 28
OFFSET  22.8016 -3.4648 -6.3685
X  0.4310 -0.8306  0.3527
Y -0.8605 -0.2606  0.4377
Z -0.2716 -0.4921 -0.8271

PART 29
OFFSET  23.2884 -4.4029 -5.9701
X  0.5601  0.3672 -0.7426
Y -0.6282  0.7726 -0.0917
Z  0.5400  0.5178  0.6635

PART 30
OFFSET  20.2397 -2.3317 -7.1067
X  0.6161 -0.7225  0.3138
Y -0.4996 -0.0505  0.8648
Z -0.6089 -0.6895 -0.3921

PART 31
OFFSET  21.4433 -3.7431 -6.4937
X  0.0226 -0.5233  0.8519
Y -0.7624  0.5422  0.3533
Z -0.6467 -0.6575 -0.3867

PART 32
OFFSET  21.4763 -4.5074 -5.2494
X -0.4503 -0.0697  0.8902
Y -0.5775  0.7831 -0.2308
Z -0.6810 -0.6180 -0.3928

PART 33
OFFSET  20.9619 -4.5912 -4.2439
X  0.7576 -0.4072 -0.5100
Y -0.2025  0.5962 -0.7769
Z  0.6205  0.6918  0.3693

PART 34
OFFSET  19.1045 -3.2520 -5.6866
X -0.6063 -0.6296 -0.4858
Y  0.0246  0.5958 -0.8028
Z  0.7949 -0.4986 -0.3458

PART 35
OFFSET  10.6402 -3.2218 -3.6633
X  0.9998  0.0148 -0.0097
Y -0.0149  0.9998 -0.0117
Z  0.0096  0.0119  0.9999

PART 36
OFFSET  10.6402 -3.2218 -3.6633
X  0.9998  0.0148 -0.0097
Y -0.0149  0.9998 -0.0117
Z  0.0096  0.0119  0.9999

PART 37
OFFSET -219.8255 -8.3361 -147.5389
X -0.0096 -0.0119 -0.9999
Y -0.0149  0.9998 -0.0117
Z  0.9998  0.0148 -0.0097

PART 38
OFFSET  10.6572 -3.2164 -3.2316
X  0.9998  0.0148 -0.0097
Y -0.0149  0.9998 -0.0117
Z  0.0096  0.0119  0.9999

PART 39
OFFSET  15.8844 -3.1764 -6.0357
X  0.9998  0.0148 -0.0097
Y -0.0149  0.9998 -0.0117
Z  0.0096  0.0119  0.9999

PART 40
OFFSET  3.0470 -2.2586 -3.5662
X  0.6889  0.0188  0.7246
Y -0.0149  0.9998 -0.0117
Z -0.7247 -0.0027  0.6890

PART 41
OFFSET  3.0451 -2.1297 -3.5677
X  0.9998  0.0148 -0.0097
Y -0.0149  0.9998 -0.0117
Z  0.0096  0.0119  0.9999

PART 42
OFFSET  14.7510 -3.1418 -1.6478
X  0.9998  0.0148 -0.0097
Y -0.0149  0.9998 -0.0117
Z  0.0096  0.0119  0.9999

PART 43
OFFSET  8.0548 -3.2596 -5.0338
X  0.9998  0.0148 -0.0097
Y -0.0149  0.9998 -0.0117
Z  0.0096  0.0119  0.9999

PART 44
OFFSET  13.4098 -3.1601 -1.9379
X  0.0169 -0.9627  0.2701
Y  0.9998  0.0148 -0.0097
Z  0.0054  0.2703  0.9628

PART 45
OFFSET -12.9782 -7.9373 -1.9159
X -0.2634 -0.0778  0.9615
Y -0.2836 -0.9464 -0.1543
Z  0.9220 -0.3134  0.2273

PART 46
OFFSET -9.7923 -6.9963 -13.5446
X -0.8538 -0.1897 -0.4847
Y  0.4689  0.1240 -0.8745
Z  0.2260 -0.9740 -0.0169

PART 47
OFFSET -2.5300 -5.3830 -9.4217
X -0.8538 -0.1897 -0.4847
Y  0.4983 -0.0289 -0.8665
Z  0.1504 -0.9814  0.1192

PART 48
OFFSET -1.9075 -4.0870 -8.0585
X -0.8572 -0.1877 -0.4795
Y -0.2303  0.9726  0.0308
Z  0.4605  0.1368 -0.8770

PART 49
OFFSET -1.8924 -4.7238 -7.0436
X -0.8572 -0.1877 -0.4795
Y -0.2303  0.9726  0.0308
Z  0.4605  0.1368 -0.8770

PART 50
OFFSET -1.4069 -5.9682 -7.2063
X -0.8572 -0.1877 -0.4795
Y -0.2303  0.9726  0.0308
Z  0.4605  0.1368 -0.8770

PART 51
OFFSET  0.0877 -4.8015 -7.9357
X -0.9528 -0.0180 -0.3030
Y  0.3031  0.0019 -0.9530
Z  0.0177 -0.9998  0.0036

PART 52
OFFSET  0.2165 -4.3847 -6.8812
X -0.5490 -0.6713 -0.4979
Y  0.6367  0.0501 -0.7695
Z  0.5415 -0.7395  0.3999

PART 53
OFFSET  1.3076 -2.9000 -5.7521
X -0.9274 -0.3729 -0.0307
Y  0.2163 -0.4674 -0.8572
Z  0.3053 -0.8016  0.5141

PART 54
OFFSET  2.7834 -2.2361 -5.8113
X -0.7703 -0.0568  0.6352
Y -0.4658 -0.6302 -0.6212
Z  0.4356 -0.7744  0.4589

PART 55
OFFSET  3.6043 -2.1285 -6.5086
X -0.9444  0.3256  0.0461
Y  0.2533  0.8096 -0.5295
Z -0.2097 -0.4884 -0.8471

PART 56
OFFSET  1.2148 -4.5822 -8.7004
X -0.9535 -0.0588  0.2957
Y  0.0763 -0.9959  0.0479
Z  0.2917  0.0682  0.9541

PART 57
OFFSET  3.3903 -4.3180 -9.2317
X -0.4571 -0.8578 -0.2352
Y  0.8889 -0.4494 -0.0885
Z -0.0298 -0.2495  0.9679

PART 58
OFFSET  4.0374 -3.1036 -8.8988
X  0.4647 -0.8593 -0.2136
Y  0.8855  0.4518  0.1087
Z  0.0031 -0.2396  0.9709

PART 59
OFFSET  3.6254 -2.3416 -8.7094
X  0.9902  0.1359 -0.0307
Y -0.1267  0.9701  0.2071
Z  0.0580 -0.2012  0.9778

PART 60
OFFSET  2.6846 -2.4707 -8.6802
X -0.6863 -0.6838 -0.2479
Y -0.7255  0.6195  0.2997
Z -0.0514  0.3855 -0.9213

PART 61
OFFSET  1.2255 -4.7191 -7.9999
X -0.9997 -0.0237  0.0043
Y  0.0239 -0.9984  0.0516
Z  0.0031  0.0517  0.9987

PART 62
OFFSET  3.8202 -4.6872 -8.1583
X -0.2877 -0.9543 -0.0806
Y  0.9577 -0.2868 -0.0227
Z -0.0014 -0.0837  0.9965

PART 63
OFFSET  4.3100 -3.0624 -8.0210
X  0.7167 -0.6946 -0.0622
Y  0.6972  0.7114  0.0884
Z -0.0172 -0.1067  0.9941

PART 64
OFFSET  3.3167 -2.0998 -7.9349
X  0.9158  0.3969  0.0612
Y -0.4009  0.9121  0.0853
Z -0.0219 -0.1026  0.9945

PART 65
OFFSET  2.3234 -2.5302 -8.0012
X -0.5224 -0.8512 -0.0499
Y -0.8521  0.5234 -0.0080
Z  0.0329  0.0383 -0.9987

PART 66
OFFSET -4.1246 -5.4139 -8.3891
X -0.9502 -0.2953 -0.0998
Y -0.2820  0.9507 -0.1287
Z  0.1329 -0.0942 -0.9866

PART 67
OFFSET  3.5783 -5.1044 -6.0348
X -0.9381 -0.3285 -0.1095
Y  0.3313 -0.9435 -0.0072
Z -0.1009 -0.0430  0.9940

PART 68
OFFSET  5.2300 -4.5260 -5.8420
X -0.2755 -0.9610 -0.0225
Y  0.9545 -0.2763  0.1125
Z -0.1144  0.0095  0.9934

PART 69
OFFSET  5.5580 -3.3571 -5.7543
X  0.6273 -0.7784  0.0225
Y  0.7704  0.6245  0.1283
Z -0.1140 -0.0632  0.9915

PART 70
OFFSET  4.8495 -2.4778 -5.7797
X -0.9317 -0.3281  0.1557
Y -0.3471  0.9307 -0.1155
Z -0.1070 -0.1616 -0.9810

PART 71
OFFSET  3.8023 -4.9249 -7.1016
X -0.4508 -0.8912 -0.0497
Y  0.8857 -0.4535  0.0994
Z -0.1111  0.0008  0.9938

PART 72
OFFSET  4.6830 -3.1838 -7.0046
X  0.6789 -0.7305  0.0737
Y  0.7301  0.6823  0.0380
Z -0.0780  0.0280  0.9966

PART 73
OFFSET  3.6913 -2.1168 -7.1122
X  0.9767  0.2112  0.0389
Y -0.2068  0.9739 -0.0934
Z -0.0576  0.0831  0.9949

PART 74
OFFSET  2.5854 -2.3559 -7.1634
X -0.6131 -0.7893 -0.0338
Y -0.7891  0.6139 -0.0221
Z  0.0382  0.0131 -0.9992

PART 75
OFFSET  0.0000 -0.0000 -0.0000
X  1.0000 -0.0000  0.0000
Y  0.0000  1.0000  0.0000
Z  0.0000 -0.0000  1.0000

PART 76
OFFSET  0.0000 -0.0000 -0.0000
X  1.0000 -0.0000  0.0000
Y  0.0000  1.0000  0.0000
Z  0.0000 -0.0000  1.0000

PART 77
OFFSET  1.5404 -0.0000  4.1357
X  1.0000 -0.0000  0.0000
Y  0.0000  1.0000  0.0000
Z  0.0000 -0.0000  1.0000


FRAME 702
PART 0
OFFSET  0.0000 -0.0000 -0.0000
X  1.0000 -0.0000  0.0000
Y  0.0000  1.0000  0.0000
Z  0.0000 -0.0000  1.0000

PART 1
OFFSET -4.6318 -0.0000 -1.3770
X  1.0000 -0.0000  0.0000
Y  0.0000  1.0000  0.0000
Z  0.0000 -0.0000  1.0000

PART 2
OFFSET -2.1458  5.0340 -5.9168
X  0.8751  0.0626 -0.4799
Y -0.0195 -0.9862 -0.1643
Z -0.4835  0.1532 -0.8618

PART 3
OFFSET  8.4377  5.7913 -11.7202
X  0.6942 -0.5692  0.4405
Y -0.6699 -0.2871  0.6847
Z -0.2633 -0.7704 -0.5807

PART 4
OFFSET  14.3423  0.9497 -7.9735
X  0.6942 -0.5692  0.4405
Y  0.3066  0.7876  0.5345
Z -0.6512 -0.2360  0.7213

PART 5
OFFSET  15.9639  1.8198 -7.5650
X  0.6989 -0.5654  0.4380
Y  0.2709  0.7761  0.5695
Z -0.6619 -0.2794  0.6956

PART 6
OFFSET  15.6951  0.1703 -8.8106
X  0.6989 -0.5654  0.4380
Y  0.2709  0.7761  0.5695
Z -0.6619 -0.2794  0.6956

PART 7
OFFSET  14.5981  0.7067 -5.6592
X  0.6989 -0.5654  0.4380
Y  0.2709  0.7761  0.5695
Z -0.6619 -0.2794  0.6956

PART 8
OFFSET  14.3273 -0.9902 -6.3202
X  0.6989 -0.5654  0.4380
Y  0.2709  0.7761  0.5695
Z -0.6619 -0.2794  0.6956

PART 9
OFFSET  14.5438 -0.9632 -7.4983
X  0.6989 -0.5654  0.4380
Y  0.2709  0.7761  0.5695
Z -0.6619 -0.2794  0.6956

PART 10
OFFSET  16.4705 -0.7954 -6.6231
X  0.9636 -0.2084 -0.1676
Y  0.2667  0.7953  0.5444
Z  0.0198 -0.5693  0.8219

PART 11
OFFSET  17.1695 -0.3554 -5.8357
X  0.9128 -0.0236  0.4078
Y -0.1321  0.9277  0.3492
Z -0.3866 -0.3726  0.8437

PART 12
OFFSET  19.1045 -0.3343 -4.8738
X  0.9715 -0.2358 -0.0260
Y  0.1962  0.7367  0.6471
Z -0.1334 -0.6337  0.7620

PART 13
OFFSET  20.6461 -0.8299 -4.8692
X  0.9659  0.0827  0.2452
Y -0.1914  0.8659  0.4622
Z -0.1741 -0.4934  0.8522

PART 14
OFFSET  21.6794 -0.7483 -4.5571
X  0.7854  0.5564 -0.2711
Y -0.3682  0.0679 -0.9273
Z -0.4975  0.8281  0.2582

PART 15
OFFSET  17.0043 -1.9384 -7.1817
X  0.5343 -0.8447  0.0310
Y -0.3538 -0.1902  0.9158
Z -0.7677 -0.5003 -0.4005

PART 16
OFFSET  18.2733 -3.7868 -6.9416
X -0.1508 -0.3466  0.9258
Y -0.6740  0.7211  0.1602
Z -0.7231 -0.5999 -0.3424

PART 17
OFFSET  18.0598 -4.2775 -5.6308
X -0.6036  0.3380  0.7221
Y -0.3567  0.6955 -0.6238
Z -0.7130 -0.6341 -0.2992

PART 18
OFFSET  17.5246 -3.9778 -4.9906
X -0.5449  0.1951  0.8155
Y -0.4130  0.7839 -0.4636
Z -0.7297 -0.5894 -0.3466

PART 19
OFFSET  17.0069 -3.7925 -4.2159
X  0.7816 -0.5561 -0.2826
Y -0.0534  0.3918 -0.9185
Z  0.6215  0.7330  0.2765

PART 20
OFFSET  17.3907 -1.3762 -6.9716
X  0.8352 -0.4460 -0.3218
Y -0.0116 -0.5992  0.8005
Z -0.5498 -0.6648 -0.5056

PART 21
OFFSET  19.3999 -2.9855 -7.3345
X  0.2760 -0.7220  0.6345
Y -0.6683  0.3303  0.6665
Z -0.6908 -0.6080 -0.3914

PART 22
OFFSET  19.8698 -4.2147 -6.2543
X -0.6181  0.2076  0.7582
Y -0.3996  0.7477 -0.5304
Z -0.6770 -0.6308 -0.3792

PART 23
OFFSET  19.0131 -3.9270 -5.2035
X -0.5867  0.1403  0.7975
Y -0.4495  0.7628 -0.4649
Z -0.6735 -0.6313 -0.3845

PART 24
OFFSET  18.3768 -3.7748 -4.3385
X  0.7044 -0.5817 -0.4068
Y -0.0026  0.5709 -0.8210
Z  0.7098  0.5794  0.4006

PART 25
OFFSET  19.8750 -0.4803 -5.8350
X  0.8605 -0.5082 -0.0345
Y  0.2714  0.5147 -0.8132
Z  0.4310  0.6905  0.5809

PART 26
OFFSET  20.4189 -0.7962 -7.1711
X  0.7627 -0.6411  0.0855
Y -0.5516 -0.5756  0.6037
Z -0.3378 -0.5076 -0.7926

PART 27
OFFSET  21.7617 -1.9249 -7.0206
X  0.7168 -0.6940  0.0670
Y -0.6046 -0.5709  0.5555
Z -0.3472 -0.4387 -0.8288

PART 28
OFFSET  22.6542 -2.7420 -6.8887
X  0.4735 -0.8003  0.3680
Y -0.8380 -0.2806  0.4680
Z -0.2713 -0.5300 -0.8035

PART 29
OFFSET  23.1890 -3.6459 -6.4731
X  0.5260  0.3647 -0.7683
Y -0.6616  0.7431 -0.1003
Z  0.5343  0.5611  0.6322

PART 30
OFFSET  20.0303 -1.7388 -7.5964
X  0.6530 -0.6861  0.3208
Y -0.4757 -0.0419  0.8786
Z -0.5894 -0.7263 -0.3537

PART 31
OFFSET  21.3059 -3.0791 -6.9697
X  0.0652 -0.4933  0.8674
Y -0.7752  0.5223  0.3553
Z -0.6283 -0.6956 -0.3484

PART 32
OFFSET  21.4011 -3.7996 -5.7027
X -0.4250 -0.0582  0.9033
Y -0.6149  0.7509 -0.2409
Z -0.6643 -0.6578 -0.3549

PART 33
OFFSET  20.9155 -3.8707 -4.6819
X  0.7611 -0.3930 -0.5161
Y -0.2460  0.5614 -0.7902
Z  0.6002  0.7283  0.3306

PART 34
OFFSET  18.9694 -2.6566 -6.1184
X -0.5915 -0.6695 -0.4494
Y -0.0198  0.5693 -0.8219
Z  0.8060 -0.4773 -0.3500

PART 35
OFFSET  10.5634 -2.9020 -3.8783
X  0.9978  0.0550 -0.0361
Y -0.0565  0.9974 -0.0436
Z  0.0336  0.0455  0.9984

PART 36
OFFSET  10.5634 -2.9020 -3.8783
X  0.9978  0.0550 -0.0361
Y -0.0565  0.9974 -0.0436
Z  0.0336  0.0455  0.9984

PART 37
OFFSET -222.9624 -22.1314 -141.4891
X -0.0336 -0.0455 -0.9984
Y -0.0565  0.9974 -0.0436
Z  0.9978  0.0550 -0.0361

PART 38
OFFSET  10.5908 -2.8816 -3.4476
X  0.9978  0.0550 -0.0361
Y -0.0565  0.9974 -0.0436
Z  0.0336  0.0455  0.9984

PART 39
OFFSET  15.7413 -2.7231 -6.3861
X  0.9978  0.0550 -0.0361
Y -0.0565  0.9974 -0.0436
Z  0.0336  0.0455  0.9984

PART 40
OFFSET  2.9415 -2.2445 -3.6154
X  0.7051  0.0708  0.7055
Y -0.0565  0.9974 -0.0436
Z -0.7068 -0.0092  0.7073

PART 41
OFFSET  2.9343 -2.1159 -3.6210
X  0.9978  0.0550 -0.0361
Y -0.0565  0.9974 -0.0436
Z  0.0336  0.0455  0.9984

PART 42
OFFSET  14.7157 -2.5885 -1.9738
X  0.9978  0.0550 -0.0361
Y -0.0565  0.9974 -0.0436
Z  0.0336  0.0455  0.9984

PART 43
OFFSET  7.9489 -3.0901 -5.1793
X  0.9978  0.0550 -0.0361
Y -0.0565  0.9974 -0.0436
Z  0.0336  0.0455  0.9984

PART 44
OFFSET  13.3697 -2.6708 -2.2282
X  0.0633 -0.9517  0.3005
Y  0.9978  0.0550 -0.0361
Z  0.0179  0.3021  0.9531

PART 45
OFFSET -12.9782 -7.9373 -1.9159
X -0.2591 -0.0676  0.9635
Y -0.2974 -0.9435 -0.1461
Z  0.9189 -0.3244  0.2244

PART 46
OFFSET -9.8446 -7.1201 -13.5681
X -0.8494 -0.1790 -0.4966
Y  0.4831  0.1152 -0.8679
Z  0.2125 -0.9771 -0.0114

PART 47
OFFSET -2.6205 -5.5978 -9.3447
X -0.8494 -0.1790 -0.4966
Y  0.5093 -0.0306 -0.8601
Z  0.1388 -0.9834  0.1171

PART 48
OFFSET -1.9997 -4.3071 -7.9757
X -0.8528 -0.1770 -0.4913
Y -0.2171  0.9758  0.0252
Z  0.4750  0.1282 -0.8706

PART 49
OFFSET -2.0081 -4.9415 -6.9592
X -0.8528 -0.1770 -0.4913
Y -0.2171  0.9758  0.0252
Z  0.4750  0.1282 -0.8706

PART 50
OFFSET -1.5378 -6.1931 -7.1120
X -0.8528 -0.1770 -0.4913
Y -0.2171  0.9758  0.0252
Z  0.4750  0.1282 -0.8706

PART 51
OFFSET -0.0167 -5.0491 -7.8224
X -0.9584 -0.0666 -0.2775
Y  0.2792 -0.0175 -0.9601
Z  0.0591 -0.9976  0.0354

PART 52
OFFSET  0.1207 -4.5927 -6.7857
X -0.5329 -0.7092 -0.4616
Y  0.6149  0.0502 -0.7870
Z  0.5813 -0.7032  0.4093

PART 53
OFFSET  1.1769 -3.0282 -5.7337
X -0.9116 -0.4110  0.0054
Y  0.2143 -0.4865 -0.8470
Z  0.3507 -0.7710  0.5316

PART 54
OFFSET  2.6221 -2.3074 -5.8525
X -0.7514 -0.0668  0.6565
Y -0.4545 -0.6688 -0.5883
Z  0.4784 -0.7404  0.4722

PART 55
OFFSET  3.4205 -2.1899 -6.5740
X -0.9556  0.2884  0.0600
Y  0.2065  0.8012 -0.5617
Z -0.2101 -0.5244 -0.8252

PART 56
OFFSET  1.0813 -4.8099 -8.6228
X -0.9427 -0.0875  0.3221
Y  0.1185 -0.9899  0.0780
Z  0.3120  0.1117  0.9435

PART 57
OFFSET  3.2302 -4.4756 -9.2186
X -0.4268 -0.8829 -0.1955
Y  0.9043 -0.4157 -0.0970
Z  0.0044 -0.2182  0.9759

PART 58
OFFSET  3.8346 -3.2256 -8.9418
X  0.4944 -0.8464 -0.1977
Y  0.8685  0.4906  0.0711
Z  0.0369 -0.2069  0.9777

PART 59
OFFSET  3.3962 -2.4751 -8.7665
X  0.9827  0.1748 -0.0608
Y -0.1615  0.9705  0.1789
Z  0.0903 -0.1660  0.9820

PART 60
OFFSET  2.4626 -2.6411 -8.7088
X -0.6633 -0.7189 -0.2079
Y -0.7429  0.5992  0.2983
Z -0.0899  0.3523 -0.9316

PART 61
OFFSET  1.1148 -4.9229 -7.9188
X -0.9975 -0.0641  0.0310
Y  0.0664 -0.9943  0.0832
Z  0.0255  0.0850  0.9961

PART 62
OFFSET  3.7013 -4.7912 -8.1453
X -0.2499 -0.9673 -0.0423
Y  0.9679 -0.2484 -0.0383
Z  0.0265 -0.0505  0.9984

PART 63
OFFSET  4.1267 -3.1443 -8.0732
X  0.7431 -0.6667 -0.0583
Y  0.6691  0.7417  0.0473
Z  0.0117 -0.0741  0.9972

PART 64
OFFSET  3.0969 -2.2203 -7.9925
X  0.8999  0.4355  0.0246
Y -0.4361  0.8975  0.0662
Z  0.0068 -0.0703  0.9975

PART 65
OFFSET  2.1210 -2.6926 -8.0191
X -0.4878 -0.8729 -0.0089
Y -0.8729  0.4879 -0.0028
Z  0.0067  0.0064 -1.0000

PART 66
OFFSET -4.2099 -5.8465 -8.1465
X -0.9393 -0.3367 -0.0656
Y -0.3241  0.9337 -0.1520
Z  0.1124 -0.1215 -0.9862

PART 67
OFFSET  3.5292 -5.1470 -6.0039
X -0.9262 -0.3697 -0.0745
Y  0.3697 -0.9290  0.0146
Z -0.0746 -0.0140  0.9971

PART 68
OFFSET  5.1598 -4.4960 -5.8728
X -0.2360 -0.9716  0.0156
Y  0.9676 -0.2335  0.0966
Z -0.0902  0.0379  0.9952

PART 69
OFFSET  5.4413 -3.3125 -5.8314
X  0.6593 -0.7512  0.0313
Y  0.7468  0.6591  0.0881
Z -0.0868 -0.0347  0.9956

PART 70
OFFSET  4.6966 -2.4640 -5.8667
X -0.9132 -0.3602  0.1903
Y -0.3880  0.9115 -0.1364
Z -0.1243 -0.1984 -0.9722

PART 71
OFFSET  3.7193 -4.9941 -7.0814
X -0.4147 -0.9099 -0.0092
Y  0.9059 -0.4137  0.0909
Z -0.0865  0.0294  0.9958

PART 72
OFFSET  4.5293 -3.2165 -7.0634
X  0.7101 -0.6995  0.0796
Y  0.7019  0.7122 -0.0030
Z -0.0546  0.0580  0.9968

PART 73
OFFSET  3.4921 -2.1947 -7.1797
X  0.9678  0.2517  0.0068
Y -0.2492  0.9611 -0.1193
Z -0.0365  0.1138  0.9928

PART 74
OFFSET  2.3961 -2.4800 -7.1944
X -0.5806 -0.8142  0.0076
Y -0.8141  0.5803 -0.0214
Z  0.0130 -0.0186 -0.9997

PART 75
OFFSET  0.0000 -0.0000 -0.0000
X  1.0000 -0.0000  0.0000
Y  0.0000  1.0000  0.0000
Z  0.0000 -0.0000  1.0000

PART 76
OFFSET  0.0000 -0.0000 -0.0000
X  1.0000 -0.0000  0.0000
Y  0.0000  1.0000  0.0000
Z  0.0000 -0.0000  1.0000

PART 77
OFFSET  1.5404 -0.0000  4.1357
X  1.0000 -0.0000  0.0000
Y  0.0000  1.0000  0.0000
Z  0.0000 -0.0000  1.0000


FRAME 703
PART 0
OFFSET  0.0000 -0.0000 -0.0000
X  1.0000 -0.0000  0.0000
Y  0.0000  1.0000  0.0000
Z  0.0000 -0.0000  1.0000

PART 1
OFFSET -4.6318 -0.0000 -1.3770
X  1.0000 -0.0000  0.0000
Y  0.0000  1.0000  0.0000
Z  0.0000 -0.0000  1.0000

PART 2
OFFSET -2.1458  5.0340 -5.9168
X  0.8415  0.1145 -0.5280
Y  0.0183 -0.9828 -0.1839
Z -0.5399  0.1451 -0.8291

PART 3
OFFSET  8.0315  6.4184 -12.3019
X  0.7008 -0.5643  0.4365
Y -0.6645 -0.2938  0.6871
Z -0.2595 -0.7716 -0.5808

PART 4
OFFSET  13.9917  1.6190 -8.5892
X  0.7008 -0.5643  0.4365
Y  0.3699  0.8106  0.4541
Z -0.6100 -0.1568  0.7767

PART 5
OFFSET  15.6079  2.5016 -8.1861
X  0.7054 -0.5604  0.4340
Y  0.2670  0.7773  0.5697
Z -0.6566 -0.2860  0.6979

PART 6
OFFSET  15.3472  0.8521 -9.4334
X  0.7054 -0.5604  0.4340
Y  0.2670  0.7773  0.5697
Z -0.6566 -0.2860  0.6979

PART 7
OFFSET  14.2595  1.3742 -6.2764
X  0.7054 -0.5604  0.4340
Y  0.2670  0.7773  0.5697
Z -0.6566 -0.2860  0.6979

PART 8
OFFSET  13.9998 -0.3238 -6.9391
X  0.7054 -0.5604  0.4340
Y  0.2670  0.7773  0.5697
Z -0.6566 -0.2860  0.6979

PART 9
OFFSET  14.2109 -0.2930 -8.1182
X  0.7054 -0.5604  0.4340
Y  0.2670  0.7773  0.5697
Z -0.6566 -0.2860  0.6979

PART 10
OFFSET  16.1400 -0.1109 -7.2510
X  0.9686 -0.1576 -0.1921
Y  0.2343  0.8368  0.4948
Z  0.0828 -0.5243  0.8475

PART 11
OFFSET  16.8358  0.4105 -6.5119
X  0.9255  0.0529  0.3751
Y -0.1783  0.9345  0.3080
Z -0.3342 -0.3519  0.8743

PART 12
OFFSET  18.7965  0.5985 -5.6232
X  0.9829 -0.1772 -0.0497
Y  0.1710  0.7794  0.6028
Z -0.0680 -0.6010  0.7964

PART 13
OFFSET  20.3655  0.1986 -5.6502
X  0.9665  0.1538  0.2057
Y -0.2299  0.8751  0.4259
Z -0.1145 -0.4589  0.8811

PART 14
OFFSET  21.4015  0.3588 -5.3803
X  0.7396  0.5886 -0.3264
Y -0.4023 -0.0021 -0.9155
Z -0.5396  0.8084  0.2353

PART 15
OFFSET  16.7255 -1.2462 -7.7721
X  0.5869 -0.8079  0.0528
Y -0.3106 -0.1645  0.9362
Z -0.7477 -0.5659 -0.3474

PART 16
OFFSET  18.1150 -2.9992 -7.4881
X -0.0980 -0.3075  0.9465
Y -0.7122  0.6859  0.1491
Z -0.6951 -0.6595 -0.2862

PART 17
OFFSET  17.9764 -3.4345 -6.1480
X -0.5993  0.3370  0.7261
Y -0.4201  0.6397 -0.6436
Z -0.6814 -0.6908 -0.2418

PART 18
OFFSET  17.4450 -3.1357 -5.5042
X -0.5287  0.2029  0.8242
Y -0.4765  0.7326 -0.4860
Z -0.7025 -0.6497 -0.2906

PART 19
OFFSET  16.9428 -2.9429 -4.7212
X  0.8051 -0.5212 -0.2833
Y -0.1083  0.3404 -0.9340
Z  0.5832  0.7826  0.2176

PART 20
OFFSET  17.0827 -0.6516 -7.6039
X  0.8503 -0.4102 -0.3297
Y  0.0525 -0.5572  0.8287
Z -0.5236 -0.7220 -0.4522

PART 21
OFFSET  19.1756 -2.1519 -7.9603
X  0.3416 -0.6705  0.6586
Y -0.6652  0.3226  0.6734
Z -0.6640 -0.6681 -0.3358

PART 22
OFFSET  19.7572 -3.2934 -6.8391
X -0.6043  0.2080  0.7691
Y -0.4630  0.6939 -0.5515
Z -0.6484 -0.6894 -0.3230

PART 23
OFFSET  18.9196 -3.0052 -5.7732
X -0.5676  0.1448  0.8105
Y -0.5116  0.7093 -0.4850
Z -0.6451 -0.6899 -0.3285

PART 24
OFFSET  18.3040 -2.8481 -4.8942
X  0.7255 -0.5577 -0.4032
Y -0.0657  0.5271 -0.8473
Z  0.6850  0.6412  0.3458

PART 25
OFFSET  19.5424  0.4509 -6.6033
X  0.8891 -0.4559 -0.0408
Y  0.2115  0.4881 -0.8468
Z  0.4060  0.7442  0.5304

PART 26
OFFSET  20.0602  0.1009 -7.9413
X  0.8038 -0.5883  0.0890
Y -0.4941 -0.5766  0.6507
Z -0.3315 -0.5670 -0.7541

PART 27
OFFSET  21.4754 -0.9348 -7.7846
X  0.7608 -0.6447  0.0748
Y -0.5489 -0.5775  0.6043
Z -0.3464 -0.5008 -0.7932

PART 28
OFFSET  22.4213 -1.6881 -7.6455
X  0.5346 -0.7501  0.3892
Y -0.8028 -0.3068  0.5113
Z -0.2641 -0.5858 -0.7662

PART 29
OFFSET  23.0252 -2.5354 -7.2058
X  0.4763  0.3564 -0.8038
Y -0.7099  0.6953 -0.1124
Z  0.5188  0.6241  0.5842

PART 30
OFFSET  19.7176 -0.8841 -8.3056
X  0.7050 -0.6278  0.3301
Y -0.4427 -0.0259  0.8963
Z -0.5541 -0.7780 -0.2961

PART 31
OFFSET  21.0948 -2.1105 -7.6608
X  0.1247 -0.4435  0.8876
Y -0.7942  0.4916  0.3572
Z -0.5947 -0.7495 -0.2909

PART 32
OFFSET  21.2770 -2.7583 -6.3644
X -0.3903 -0.0378  0.9199
Y -0.6684  0.6988 -0.2548
Z -0.6332 -0.7143 -0.2980

PART 33
OFFSET  20.8310 -2.8066 -5.3244
X  0.7666 -0.3717 -0.5236
Y -0.3068  0.5043 -0.8072
Z  0.5641  0.7794  0.2726

PART 34
OFFSET  18.7659 -1.7882 -6.7470
X -0.5630 -0.7263 -0.3943
Y -0.0828  0.5243 -0.8475
Z  0.8223 -0.4445 -0.3553

PART 35
OFFSET  10.4710 -2.4305 -4.1938
X  0.9907  0.1137 -0.0750
Y -0.1203  0.9886 -0.0902
Z  0.0639  0.0984  0.9931

PART 36
OFFSET  10.4710 -2.4305 -4.1938
X  0.9907  0.1137 -0.0750
Y -0.1203  0.9886 -0.0902
Z  0.0639  0.0984  0.9931

PART 37
OFFSET -225.8330 -42.8486 -132.1298
X -0.0639 -0.0984 -0.9931
Y -0.1203  0.9886 -0.0902
Z  0.9907  0.1137 -0.0750

PART 38
OFFSET  10.5113 -2.3866 -3.7659
X  0.9907  0.1137 -0.0750
Y -0.1203  0.9886 -0.0902
Z  0.0639  0.0984  0.9931

PART 39
OFFSET  15.5413 -2.0648 -6.8937
X  0.9907  0.1137 -0.0750
Y -0.1203  0.9886 -0.0902
Z  0.0639  0.0984  0.9931

PART 40
OFFSET  2.8358 -2.2261 -3.6868
X  0.7223  0.1495  0.6752
Y -0.1203  0.9886 -0.0902
Z -0.6810 -0.0161  0.7321

PART 41
OFFSET  2.8203 -2.0986 -3.6984
X  0.9907  0.1137 -0.0750
Y -0.1203  0.9886 -0.0902
Z  0.0639  0.0984  0.9931

PART 42
OFFSET  14.6564 -1.7679 -2.4589
X  0.9907  0.1137 -0.0750
Y -0.1203  0.9886 -0.0902
Z  0.0639  0.0984  0.9931

PART 43
OFFSET  7.8315 -2.8437 -5.3883
X  0.9907  0.1137 -0.0750
Y -0.1203  0.9886 -0.0902
Z  0.0639  0.0984  0.9931

PART 44
OFFSET  13.3105 -1.9450 -2.6600
X  0.1328 -0.9295  0.3442
Y  0.9907  0.1137 -0.0750
Z  0.0305  0.3509  0.9359

PART 45
OFFSET -12.9782 -7.9373 -1.9159
X -0.2601 -0.0529  0.9641
Y -0.3184 -0.9380 -0.1374
Z  0.9116 -0.3427  0.2271

PART 46
OFFSET -9.8327 -7.2975 -13.5760
X -0.8429 -0.1625 -0.5129
Y  0.5031  0.0999 -0.8585
Z  0.1907 -0.9816 -0.0024

PART 47
OFFSET -2.6632 -5.9150 -9.2138
X -0.8429 -0.1625 -0.5129
Y  0.5237 -0.0291 -0.8514
Z  0.1235 -0.9863  0.1097

PART 48
OFFSET -2.0413 -4.6314 -7.8386
X -0.8464 -0.1604 -0.5077
Y -0.1956  0.9806  0.0162
Z  0.4953  0.1130 -0.8614

PART 49
OFFSET -2.0845 -5.2602 -6.8195
X -0.8464 -0.1604 -0.5077
Y -0.1956  0.9806  0.0162
Z  0.4953  0.1130 -0.8614

PART 50
OFFSET -1.6395 -6.5227 -6.9567
X -0.8464 -0.1604 -0.5077
Y -0.1956  0.9806  0.0162
Z  0.4953  0.1130 -0.8614

PART 51
OFFSET -0.0790 -5.4167 -7.6415
X -0.9610 -0.1390 -0.2389
Y  0.2477 -0.0494 -0.9676
Z  0.1227 -0.9891  0.0819

PART 52
OFFSET  0.0639 -4.9004 -6.6339
X -0.5024 -0.7630 -0.4068
Y  0.5841  0.0474 -0.8103
Z  0.6375 -0.6447  0.4219

PART 53
OFFSET  1.0543 -3.2228 -5.6988
X -0.8834 -0.4649  0.0586
Y  0.2161 -0.5151 -0.8294
Z  0.4158 -0.7201  0.5555

PART 54
OFFSET  2.4467 -2.4224 -5.9050
X -0.7235 -0.0789  0.6858
Y -0.4310 -0.7244 -0.5380
Z  0.5392 -0.6848  0.4901

PART 55
OFFSET  3.2118 -2.2934 -6.6599
X -0.9693  0.2324  0.0805
Y  0.1372  0.7825 -0.6073
Z -0.2041 -0.5776 -0.7904

PART 56
OFFSET  0.9746 -5.1522 -8.4919
X -0.9241 -0.1282  0.3600
Y  0.1828 -0.9755  0.1219
Z  0.3355  0.1785  0.9250

PART 57
OFFSET  3.0774 -4.7185 -9.1810
X -0.3769 -0.9161 -0.1364
Y  0.9249 -0.3642 -0.1093
Z  0.0505 -0.1674  0.9846

PART 58
OFFSET  3.6111 -3.4215 -8.9878
X  0.5396 -0.8237 -0.1739
Y  0.8379  0.5456  0.0154
Z  0.0822 -0.1541  0.9846

PART 59
OFFSET  3.1326 -2.6911 -8.8336
X  0.9673  0.2310 -0.1049
Y -0.2160  0.9667  0.1370
Z  0.1331 -0.1099  0.9850

PART 60
OFFSET  2.2137 -2.9106 -8.7340
X -0.6235 -0.7677 -0.1482
Y -0.7687  0.5673  0.2954
Z -0.1427  0.2981 -0.9438

PART 61
OFFSET  1.0385 -5.2269 -7.7849
X -0.9899 -0.1230  0.0703
Y  0.1313 -0.9829  0.1292
Z  0.0532  0.1371  0.9891

PART 62
OFFSET  3.6027 -4.9496 -8.1114
X -0.1901 -0.9817  0.0141
Y  0.9798 -0.1906 -0.0612
Z  0.0628  0.0022  0.9980

PART 63
OFFSET  3.9263 -3.2783 -8.1354
X  0.7810 -0.6223 -0.0526
Y  0.6225  0.7825 -0.0134
Z  0.0495 -0.0223  0.9985

PART 64
OFFSET  2.8439 -2.4159 -8.0625
X  0.8711  0.4901 -0.0294
Y -0.4890  0.8714  0.0380
Z  0.0443 -0.0187  0.9988

PART 65
OFFSET  1.8991 -2.9474 -8.0306
X -0.4322 -0.9003  0.0515
Y -0.9014  0.4330  0.0051
Z -0.0269 -0.0443 -0.9987

PART 66
OFFSET -4.2225 -6.4835 -7.7738
X -0.9180 -0.3962 -0.0149
Y -0.3869  0.9033 -0.1856
Z  0.0870 -0.1646 -0.9825

PART 67
OFFSET  3.5245 -5.2055 -5.9503
X -0.9031 -0.4288 -0.0226
Y  0.4275 -0.9028  0.0466
Z -0.0404  0.0324  0.9987

PART 68
OFFSET  5.1146 -4.4505 -5.9105
X -0.1740 -0.9821  0.0717
Y  0.9830 -0.1689  0.0727
Z -0.0593  0.0831  0.9948

PART 69
OFFSET  5.3225 -3.2515 -5.9372
X  0.7058 -0.7071  0.0440
Y  0.7066  0.7071  0.0286
Z -0.0514  0.0109  0.9986

PART 70
OFFSET  4.5254 -2.4529 -5.9869
X -0.8820 -0.4050  0.2407
Y -0.4487  0.8780 -0.1666
Z -0.1439 -0.2550 -0.9562

PART 71
OFFSET  3.6687 -5.0965 -7.0402
X -0.3569 -0.9328  0.0504
Y  0.9325 -0.3526  0.0781
Z -0.0551  0.0748  0.9957

PART 72
OFFSET  4.3659 -3.2743 -7.1386
X  0.7548 -0.6500  0.0878
Y  0.6554  0.7526 -0.0633
Z -0.0249  0.1053  0.9941

PART 73
OFFSET  3.2634 -2.3248 -7.2669
X  0.9498  0.3102 -0.0407
Y -0.3127  0.9368 -0.1570
Z -0.0106  0.1619  0.9868

PART 74
OFFSET  2.1876 -2.6767 -7.2278
X -0.5279 -0.8466  0.0684
Y -0.8491  0.5278 -0.0202
Z -0.0191 -0.0687 -0.9975

PART 75
OFFSET  0.0000 -0.0000 -0.0000
X  1.0000 -0.0000  0.0000
Y  0.0000  1.0000  0.0000
Z  0.0000 -0.0000  1.0000

PART 76
OFFSET  0.0000 -0.0000 -0.0000
X  1.0000 -0.0000  0.0000
Y  0.0000  1.0000  0.0000
Z  0.0000 -0.0000  1.0000

PART 77
OFFSET  1.5404 -0.0000  4.1357
X  1.0000 -0.0000  0.0000
Y  0.0000  1.0000  0.0000
Z  0.0000 -0.0000  1.0000


FRAME 704
PART 0
OFFSET  0.0000 -0.0000 -0.0000
X  1.0000 -0.0000  0.0000
Y  0.0000  1.0000  0.0000
Z  0.0000 -0.0000  1.0000

PART 1
OFFSET -4.6318 -0.0000 -1.3770
X  1.0000 -0.0000  0.0000
Y  0.0000  1.0000  0.0000
Z  0.0000 -0.0000  1.0000

PART 2
OFFSET -2.1458  5.0340 -5.9168
X  0.7966  0.1725 -0.5794
Y  0.0598 -0.9762 -0.2086
Z -0.6016  0.1315 -0.7879

PART 3
OFFSET  7.4878  7.1208 -12.9242
X  0.7139 -0.5559  0.4258
Y -0.6521 -0.3061  0.6936
Z -0.2552 -0.7728 -0.5810

PART 4
OFFSET  13.5596  2.3923 -9.3025
X  0.7139 -0.5559  0.4258
Y  0.4435  0.8295  0.3394
Z -0.5419 -0.0534  0.8387

PART 5
OFFSET  15.1676  3.2964 -8.9147
X  0.7185 -0.5520  0.4233
Y  0.2626  0.7787  0.5698
Z -0.6441 -0.2983  0.7044

PART 6
OFFSET  14.9159  1.6484 -10.1658
X  0.7185 -0.5520  0.4233
Y  0.2626  0.7787  0.5698
Z -0.6441 -0.2983  0.7044

PART 7
