// Export filename: `C:\projects\cod\t5\xanim_export\t5_viewmodels\spas12\spas12_grip_idle.XANIM_EXPORT`
// Source filename: `D:\projects\devanim\t5\animation_assets\viewmodels/spas12/ViewModel_Spas12_animated.fbx`
// Export time: Wed Sep 16 17:55:45 2009

ANIMATION
VERSION 3

NUMPARTS 93
PART 0 "tag_torso"
PART 1 "J_Shoulder_LE"
PART 2 "J_Elbow_LE"
PART 3 "J_WristTwist_LE"
PART 4 "J_Sleave_Reshape_Bottom_LE_1"
PART 5 "J_Sleave_Reshape_Bottom_LE_2"
PART 6 "J_Sleave_Reshape_Top_LE_1"
PART 7 "J_Sleave_Reshape_Top_LE_2"
PART 8 "J_Sleave_Reshape_Top_LE_3"
PART 9 "J_Wrist_LE"
PART 10 "J_Thumb_LE_0"
PART 11 "J_Thumb_LE_1"
PART 12 "J_Thumb_LE_2"
PART 13 "J_Thumb_LE_3"
PART 14 "J_PinkyPalm_LE"
PART 15 "J_Pinky_LE_0"
PART 16 "J_Pinky_LE_1"
PART 17 "J_Pinky_LE_2"
PART 18 "J_Pinky_LE_3"
PART 19 "J_RingPalm_LE"
PART 20 "J_Ring_LE_0"
PART 21 "J_Ring_LE_1"
PART 22 "J_Ring_LE_2"
PART 23 "J_Ring_LE_3"
PART 24 "J_Webbing_LE"
PART 25 "J_Index_LE_0"
PART 26 "J_Index_LE_1"
PART 27 "J_Index_LE_2"
PART 28 "J_Index_LE_3"
PART 29 "J_Mid_LE_0"
PART 30 "J_Mid_LE_1"
PART 31 "J_Mid_LE_2"
PART 32 "J_Mid_LE_3"
PART 33 "tag_knife_attach"
PART 34 "J_Shoulder_RI"
PART 35 "J_Elbow_RI"
PART 36 "J_WristTwist_RI"
PART 37 "J_Sleave_Reshape_Top_RI_3"
PART 38 "J_Sleave_Reshape_Top_RI_2"
PART 39 "J_Sleave_Reshape_Top_RI_1"
PART 40 "J_Wrist_RI"
PART 41 "J_Thumb_RI_0"
PART 42 "J_Thumb_RI_1"
PART 43 "J_Thumb_RI_2"
PART 44 "J_Thumb_RI_3"
PART 45 "J_PinkyPalm_RI"
PART 46 "J_Pinky_RI_0"
PART 47 "J_Pinky_RI_1"
PART 48 "J_Pinky_RI_2"
PART 49 "J_Pinky_RI_3"
PART 50 "J_RingPalm_RI"
PART 51 "J_Ring_RI_0"
PART 52 "J_Ring_RI_1"
PART 53 "J_Ring_RI_2"
PART 54 "J_Ring_RI_3"
PART 55 "J_Webbing_RI"
PART 56 "J_Index_RI_0"
PART 57 "J_Index_RI_1"
PART 58 "J_Index_RI_2"
PART 59 "J_Index_RI_3"
PART 60 "J_Mid_RI_0"
PART 61 "J_Mid_RI_1"
PART 62 "J_Mid_RI_2"
PART 63 "J_Mid_RI_3"
PART 64 "tag_weapon"
PART 65 "J_Gun"
PART 66 "tag_brass"
PART 67 "tag_flash"
PART 68 "tag_clip"
PART 69 "tag_bolt"
PART 70 "tag_pump"
PART 71 "tag_stock"
PART 72 "tag_ring"
PART 73 "tag_stocktop"
PART 74 "tag_Load"
PART 75 "tag_iron_sights"
PART 76 "tag_scope_acog"
PART 77 "tag_laser_rifle"
PART 78 "TAG_REFLEX"
PART 79 "tag_suppressor"
PART 80 "tag_flash3"
PART 81 "TAG_GRIP"
PART 82 "tag_side_saddle"
PART 83 "tag_ammo_1"
PART 84 "tag_ammo_2"
PART 85 "tag_ammo_3"
PART 86 "tag_ammo_4"
PART 87 "tag_ammo_5"
PART 88 "tag_ammo_6"
PART 89 "tag_cambone"
PART 90 "tag_camera"
PART 91 "tag_gasmask"
PART 92 "tag_ads"

FRAMERATE 30
NUMFRAMES 2

FRAME 229
PART 0
OFFSET -4.6318 -0.0000 -1.3770
SCALE 1 1 1
X  1.0000 -0.0000  0.0000
Y  0.0000  1.0000  0.0000
Z  0.0000 -0.0000  1.0000

PART 1
OFFSET  0.1218  5.5976 -6.6823
SCALE 1 1 1
X  0.8640 -0.2212 -0.4524
Y -0.1122 -0.9604  0.2552
Z -0.4909 -0.1697 -0.8545

PART 2
OFFSET  10.5704  2.9227 -12.1534
SCALE 1 1 1
X  0.8895 -0.3931  0.2330
Y -0.2976 -0.1114  0.9482
Z -0.3468 -0.9127 -0.2160

PART 3
OFFSET  18.1360 -0.4205 -10.1719
SCALE 1 1 1
X  0.8895 -0.3931  0.2330
Y -0.2906 -0.0933  0.9523
Z -0.3526 -0.9148 -0.1972

PART 4
OFFSET  20.3102  0.6984 -10.6021
SCALE 1 1 1
X  0.8922 -0.3899  0.2279
Y  0.3485  0.9154  0.2017
Z -0.2873 -0.1006  0.9526

PART 5
OFFSET  19.1585 -1.3459 -11.2839
SCALE 1 1 1
X  0.8922 -0.3899  0.2279
Y  0.3485  0.9154  0.2017
Z -0.2873 -0.1006  0.9526

PART 6
OFFSET  20.1701  0.7106 -7.7971
SCALE 1 1 1
X  0.8922 -0.3899  0.2279
Y  0.3485  0.9154  0.2017
Z -0.2873 -0.1006  0.9526

PART 7
OFFSET  19.0766 -1.7111 -8.1174
SCALE 1 1 1
X  0.8922 -0.3899  0.2279
Y  0.3485  0.9154  0.2017
Z -0.2873 -0.1006  0.9526

PART 8
OFFSET  18.7982 -2.1130 -9.3829
SCALE 1 1 1
X  0.8922 -0.3899  0.2279
Y  0.3485  0.9154  0.2017
Z -0.2873 -0.1006  0.9526

PART 9
OFFSET  20.8630 -1.6256 -9.4577
SCALE 1 1 1
X  0.8462 -0.0985  0.5237
Y -0.5282 -0.0249  0.8487
Z -0.0706 -0.9948 -0.0731

PART 10
OFFSET  20.7049 -2.1024 -8.4331
SCALE 1 1 1
X  0.0731 -0.6486  0.7576
Y -0.7729  0.4432  0.4540
Z -0.6303 -0.6188 -0.4689

PART 11
OFFSET  20.7504 -3.4922 -6.7790
SCALE 1 1 1
X  0.6919 -0.6085  0.3886
Y -0.5940 -0.1739  0.7855
Z -0.4104 -0.7743 -0.4817

PART 12
OFFSET  21.8569 -4.5508 -6.2525
SCALE 1 1 1
X  0.8434 -0.3921 -0.3674
Y  0.0693 -0.5986  0.7980
Z -0.5328 -0.6985 -0.4777

PART 13
OFFSET  22.7457 -5.0170 -6.6581
SCALE 1 1 1
X  0.9791  0.0359  0.2001
Y -0.1030  0.9361  0.3362
Z -0.1752 -0.3498  0.9203

PART 14
OFFSET  22.1303 -1.8833 -9.9381
SCALE 1 1 1
X  0.9320 -0.3618 -0.0238
Y -0.3565 -0.9263  0.1222
Z -0.0662 -0.1054 -0.9922

PART 15
OFFSET  24.1902 -2.7944 -9.8320
SCALE 1 1 1
X -0.3986 -0.8534  0.3359
Y -0.9128  0.4046 -0.0553
Z -0.0887 -0.3287 -0.9403

PART 16
OFFSET  23.6259 -4.0026 -9.3564
SCALE 1 1 1
X -0.9623 -0.2075  0.1761
Y -0.2581  0.9010 -0.3488
Z -0.0863 -0.3810 -0.9205

PART 17
OFFSET  22.7727 -4.1866 -9.2002
SCALE 1 1 1
X -0.6918  0.7024 -0.1675
Y  0.7158  0.6367 -0.2866
Z -0.0947 -0.3182 -0.9433

PART 18
OFFSET  22.1155 -3.5193 -9.3594
SCALE 1 1 1
X  0.0934 -0.8909  0.4445
Y  0.9736 -0.0115 -0.2278
Z  0.2081  0.4540  0.8663

PART 19
OFFSET  21.9753 -1.7826 -9.2486
SCALE 1 1 1
X  0.9671 -0.0921  0.2373
Y -0.0646 -0.9905 -0.1210
Z  0.2462  0.1017 -0.9639

PART 20
OFFSET  24.4489 -2.3682 -8.7041
SCALE 1 1 1
X -0.4229 -0.8992  0.1122
Y -0.9061  0.4187 -0.0600
Z  0.0069 -0.1270 -0.9919

PART 21
OFFSET  23.7289 -3.8991 -8.5130
SCALE 1 1 1
X -0.9539 -0.2970  0.0429
Y -0.3001  0.9423 -0.1483
Z  0.0036 -0.1544 -0.9880

PART 22
OFFSET  22.4068 -4.3107 -8.4535
SCALE 1 1 1
X -0.3725  0.9165 -0.1455
Y  0.9280  0.3696 -0.0481
Z  0.0097 -0.1529 -0.9882

PART 23
OFFSET  22.0028 -3.3167 -8.6113
SCALE 1 1 1
X -0.2244 -0.9696  0.0980
Y  0.9725 -0.2163  0.0865
Z -0.0626  0.1147  0.9914

PART 24
OFFSET  22.5949 -2.5021 -6.5348
SCALE 1 1 1
X  0.8787 -0.3645  0.3083
Y  0.2927  0.9215  0.2553
Z -0.3771 -0.1341  0.9164

PART 25
OFFSET  23.7879 -1.6585 -6.7496
SCALE 1 1 1
X -0.0646 -0.9974  0.0317
Y -0.9918  0.0607 -0.1121
Z  0.1099 -0.0386 -0.9932

PART 26
OFFSET  23.6742 -3.4146 -6.6939
SCALE 1 1 1
X -0.8015 -0.5868 -0.1153
Y -0.5706  0.8081 -0.1462
Z  0.1790 -0.0514 -0.9825

PART 27
OFFSET  22.6889 -4.1249 -6.7744
SCALE 1 1 1
X -0.8069  0.5752 -0.1345
Y  0.5802  0.8145  0.0027
Z  0.1111 -0.0758 -0.9909

PART 28
OFFSET  21.7775 -3.4752 -6.9263
SCALE 1 1 1
X -0.2298 -0.9438 -0.2374
Y  0.9210 -0.2897  0.2604
Z -0.3145 -0.1588  0.9359

PART 29
OFFSET  24.2581 -1.7994 -7.7393
SCALE 1 1 1
X -0.2079 -0.9742  0.0881
Y -0.9677  0.1916 -0.1640
Z  0.1429 -0.1193 -0.9825

PART 30
OFFSET  23.8520 -3.7026 -7.5672
SCALE 1 1 1
X -0.9335 -0.3440 -0.1009
Y -0.3320  0.9358 -0.1186
Z  0.1352 -0.0772 -0.9878

PART 31
OFFSET  22.4885 -4.2051 -7.7145
SCALE 1 1 1
X -0.6135  0.7887 -0.0397
Y  0.7705  0.6088  0.1889
Z  0.1731  0.0853 -0.9812

PART 32
OFFSET  21.7943 -3.3116 -7.7666
SCALE 1 1 1
X -0.0328 -0.9991 -0.0275
Y  0.9947 -0.0353  0.0965
Z -0.0973 -0.0242  0.9950

PART 33
OFFSET  23.3342 -3.3953 -8.6066
SCALE 1 1 1
X  0.1933  0.0583 -0.9794
Y  0.0706  0.9948  0.0731
Z  0.9786 -0.0833  0.1882

PART 34
OFFSET -12.9782 -7.9373 -1.9159
SCALE 1 1 1
X -0.2660 -0.0816  0.9605
Y -0.2787 -0.9473 -0.1577
Z  0.9228 -0.3097  0.2293

PART 35
OFFSET -9.7608 -6.9502 -13.5321
SCALE 1 1 1
X -0.8555 -0.1935 -0.4802
Y  0.4636  0.1268 -0.8769
Z  0.2306 -0.9729 -0.0188

PART 36
OFFSET -2.4840 -5.3046 -9.4476
SCALE 1 1 1
X -0.8555 -0.1935 -0.4802
Y  0.4940 -0.0277 -0.8690
Z  0.1548 -0.9807  0.1193

PART 37
OFFSET -1.8604 -4.0064 -8.0869
SCALE 1 1 1
X -0.8589 -0.1916 -0.4749
Y -0.2348  0.9715  0.0328
Z  0.4551  0.1396 -0.8794

PART 38
OFFSET -1.8368 -4.6437 -7.0724
SCALE 1 1 1
X -0.8589 -0.1916 -0.4749
Y -0.2348  0.9715  0.0328
Z  0.4551  0.1396 -0.8794

PART 39
OFFSET -1.3461 -5.8859 -7.2388
SCALE 1 1 1
X -0.8589 -0.1916 -0.4749
Y -0.2348  0.9715  0.0328
Z  0.4551  0.1396 -0.8794

PART 40
OFFSET  0.1388 -4.7114 -7.9754
SCALE 1 1 1
X -0.9500 -0.0002 -0.3123
Y  0.3123  0.0086 -0.9499
Z  0.0029 -1.0000 -0.0081

PART 41
OFFSET  0.2636 -4.3091 -6.9149
SCALE 1 1 1
X -0.5540 -0.6571 -0.5111
Y  0.6448  0.0496 -0.7627
Z  0.5266 -0.7521  0.3962

PART 42
OFFSET  1.3654 -2.8541 -5.7579
SCALE 1 1 1
X -0.9324 -0.3586 -0.0440
Y  0.2177 -0.4604 -0.8606
Z  0.2884 -0.8120  0.5074

PART 43
OFFSET  2.8514 -2.2117 -5.7951
SCALE 1 1 1
X -0.7772 -0.0528  0.6271
Y -0.4690 -0.6158 -0.6331
Z  0.4196 -0.7861  0.4538

PART 44
OFFSET  3.6806 -2.1082 -6.4832
SCALE 1 1 1
X -0.9399  0.3391  0.0409
Y  0.2704  0.8119 -0.5174
Z -0.2087 -0.4752 -0.8548

PART 45
OFFSET  1.2765 -4.5000 -8.7267
SCALE 1 1 1
X -0.9571 -0.0480  0.2859
Y  0.0610 -0.9975  0.0368
Z  0.2834  0.0527  0.9576

PART 46
OFFSET  3.4607 -4.2621 -9.2340
SCALE 1 1 1
X -0.4674 -0.8480 -0.2497
Y  0.8830 -0.4615 -0.0853
Z -0.0429 -0.2604  0.9646

PART 47
OFFSET  4.1224 -3.0615 -8.8805
SCALE 1 1 1
X  0.4539 -0.8636 -0.2193
Y  0.8910  0.4372  0.1225
Z -0.0099 -0.2510  0.9679

PART 48
OFFSET  3.7199 -2.2957 -8.6860
SCALE 1 1 1
X  0.9924  0.1214 -0.0197
Y -0.1143  0.9694  0.2174
Z  0.0455 -0.2135  0.9759

PART 49
OFFSET  2.7771 -2.4111 -8.6674
SCALE 1 1 1
X -0.6939 -0.6705 -0.2626
Y -0.7192  0.6267  0.3001
Z -0.0367  0.3970 -0.9171

PART 50
OFFSET  1.2783 -4.6453 -8.0278
SCALE 1 1 1
X -0.9999 -0.0089 -0.0055
Y  0.0086 -0.9992  0.0400
Z -0.0059  0.0400  0.9992

PART 51
OFFSET  3.8746 -4.6503 -8.1610
SCALE 1 1 1
X -0.3010 -0.9489 -0.0947
Y  0.9535 -0.3008 -0.0170
Z -0.0124 -0.0954  0.9954

PART 52
OFFSET  4.3870 -3.0347 -7.9997
SCALE 1 1 1
X  0.7069 -0.7044 -0.0636
Y  0.7067  0.6999  0.1035
Z -0.0284 -0.1181  0.9926

PART 53
OFFSET  3.4073 -2.0584 -7.9117
SCALE 1 1 1
X  0.9210  0.3824  0.0746
Y -0.3882  0.9169  0.0923
Z -0.0331 -0.1139  0.9929

PART 54
OFFSET  2.4085 -2.4732 -7.9926
SCALE 1 1 1
X -0.5344 -0.8427 -0.0650
Y -0.8441  0.5361 -0.0099
Z  0.0432  0.0496 -0.9978

PART 55
OFFSET -4.0775 -5.2555 -8.4763
SCALE 1 1 1
X -0.9534 -0.2799 -0.1124
Y -0.2666  0.9563 -0.1201
Z  0.1411 -0.0846 -0.9864

PART 56
OFFSET  3.6059 -5.0887 -6.0450
SCALE 1 1 1
X -0.9418 -0.3132 -0.1223
Y  0.3173 -0.9482 -0.0152
Z -0.1112 -0.0532  0.9924

PART 57
OFFSET  5.2641 -4.5373 -5.8296
SCALE 1 1 1
X -0.2895 -0.9565 -0.0366
Y  0.9491 -0.2918  0.1184
Z -0.1239 -0.0004  0.9923

PART 58
OFFSET  5.6085 -3.3746 -5.7249
SCALE 1 1 1
X  0.6155 -0.7879  0.0192
Y  0.7783  0.6114  0.1431
Z -0.1245 -0.0731  0.9895

PART 59
OFFSET  4.9133 -2.4846 -5.7466
SCALE 1 1 1
X -0.9379 -0.3160  0.1429
Y -0.3321  0.9371 -0.1077
Z -0.0998 -0.1485 -0.9839

PART 60
OFFSET  3.8429 -4.9001 -7.1074
SCALE 1 1 1
X -0.4634 -0.8838 -0.0645
Y  0.8779 -0.4678  0.1024
Z -0.1207 -0.0092  0.9926

PART 61
OFFSET  4.7483 -3.1736 -6.9813
SCALE 1 1 1
X  0.6673 -0.7414  0.0715
Y  0.7397  0.6709  0.0530
Z -0.0873  0.0175  0.9960

PART 62
OFFSET  3.7737 -2.0907 -7.0857
SCALE 1 1 1
X  0.9793  0.1961  0.0508
Y -0.1915  0.9779 -0.0838
Z -0.0661  0.0723  0.9952

PART 63
OFFSET  2.6649 -2.3126 -7.1503
SCALE 1 1 1
X -0.6244 -0.7796 -0.0490
Y -0.7796  0.6258 -0.0223
Z  0.0481  0.0243 -0.9985

PART 64
OFFSET  10.6714 -3.3397 -3.5839
SCALE 1 1 1
X  1.0000 -0.0000  0.0000
Y  0.0000  1.0000  0.0000
Z  0.0000 -0.0000  1.0000

PART 65
OFFSET  10.6714 -3.3397 -3.5839
SCALE 1 1 1
X  1.0000 -0.0000  0.0000
Y  0.0000  1.0000  0.0000
Z  0.0000 -0.0000  1.0000

PART 66
OFFSET  9.5585 -3.6537 -3.2837
SCALE 1 1 1
X  0.0000 -0.9659  0.2588
Y  1.0000  0.0000 -0.0000
Z  0.0000  0.2588  0.9659

PART 67
OFFSET  33.8883 -3.3220 -3.1664
SCALE 1 1 1
X  1.0000 -0.0000  0.0000
Y  0.0000  1.0000  0.0000
Z  0.0000 -0.0000  1.0000

PART 68
OFFSET  10.6714 -3.2649 -4.3898
SCALE 1 1 1
X  1.0000 -0.0000  0.0000
Y  0.0000  1.0000  0.0000
Z  0.0000 -0.0000  1.0000

PART 69
OFFSET  10.6842 -3.3397 -3.1520
SCALE 1 1 1
X  1.0000 -0.0000  0.0000
Y  0.0000  1.0000  0.0000
Z  0.0000 -0.0000  1.0000

PART 70
OFFSET  16.3285 -3.3448 -5.9054
SCALE 1 1 1
X  1.0000 -0.0000  0.0000
Y  0.0000  1.0000  0.0000
Z  0.0000 -0.0000  1.0000

PART 71
OFFSET  3.0927 -2.1356 -3.5479
SCALE 1 1 1
X  1.0000 -0.0000  0.0000
Y  0.0000  1.0000  0.0000
Z  0.0000 -0.0000  1.0000

PART 72
OFFSET  3.0927 -2.2645 -3.5479
SCALE 1 1 1
X  0.6820 -0.0000  0.7314
Y -0.0000  1.0000  0.0000
Z -0.7314 -0.0000  0.6820

PART 73
OFFSET  14.7631 -3.3448 -1.5284
SCALE 1 1 1
X  1.0000 -0.0000  0.0000
Y  0.0000  1.0000  0.0000
Z  0.0000 -0.0000  1.0000

PART 74
OFFSET  8.0992 -3.3229 -4.9793
SCALE 1 1 1
X  1.0000 -0.0000  0.0000
Y  0.0000  1.0000  0.0000
Z  0.0000 -0.0000  1.0000

PART 75
OFFSET  13.4247 -3.3397 -1.8315
SCALE 1 1 1
X  0.0000 -0.9659  0.2588
Y  1.0000  0.0000  0.0000
Z -0.0000  0.2588  0.9659

PART 76
OFFSET  12.3189 -3.3397 -1.7830
SCALE 1 1 1
X  1.0000 -0.0000  0.0000
Y  0.0000  1.0000  0.0000
Z  0.0000 -0.0000  1.0000

PART 77
OFFSET  18.6037 -4.2623 -2.6850
SCALE 1 1 1
X  1.0000 -0.0000  0.0000
Y  0.0000  0.7071  0.7071
Z  0.0000 -0.7071  0.7071

PART 78
OFFSET  12.1267 -3.3397 -1.2071
SCALE 1 1 1
X  1.0000 -0.0000  0.0000
Y  0.0000  1.0000  0.0000
Z  0.0000 -0.0000  1.0000

PART 79
OFFSET  33.8883 -3.3220 -3.1664
SCALE 1 1 1
X  0.0000 -1.0000 -0.0000
Y  1.0000  0.0000  0.0000
Z -0.0000 -0.0000  1.0000

PART 80
OFFSET  40.4230 -3.3220 -3.1664
SCALE 1 1 1
X -0.0000 -1.0000 -0.0000
Y  1.0000 -0.0000 -0.0000
Z -0.0000 -0.0000  1.0000

PART 81
OFFSET  22.7848 -3.3220 -5.8650
SCALE 1 1 1
X  1.0000 -0.0000  0.0000
Y  0.0000  1.0000  0.0000
Z  0.0000 -0.0000  1.0000

PART 82
OFFSET  8.8624 -2.5847 -3.4796
SCALE 1 1 1
X  1.0000 -0.0000  0.0000
Y  0.0000  1.0000  0.0000
Z  0.0000 -0.0000  1.0000

PART 83
OFFSET  10.7085 -2.1487 -4.3845
SCALE 1 1 1
X  1.0000 -0.0000  0.0000
Y  0.0000  1.0000  0.0000
Z  0.0000 -0.0000  1.0000

PART 84
OFFSET  9.9857 -2.1487 -4.3845
SCALE 1 1 1
X  1.0000 -0.0000  0.0000
Y  0.0000  1.0000  0.0000
Z  0.0000 -0.0000  1.0000

PART 85
OFFSET  9.2614 -2.1487 -4.3845
SCALE 1 1 1
X  1.0000 -0.0000  0.0000
Y  0.0000  1.0000  0.0000
Z  0.0000 -0.0000  1.0000

PART 86
OFFSET  8.5370 -2.1487 -4.3845
SCALE 1 1 1
X  1.0000 -0.0000  0.0000
Y  0.0000  1.0000  0.0000
Z  0.0000 -0.0000  1.0000

PART 87
OFFSET  7.8127 -2.1487 -4.3845
SCALE 1 1 1
X  1.0000 -0.0000  0.0000
Y  0.0000  1.0000  0.0000
Z  0.0000 -0.0000  1.0000

PART 88
OFFSET  7.0883 -2.1487 -4.3845
SCALE 1 1 1
X  1.0000 -0.0000  0.0000
Y  0.0000  1.0000  0.0000
Z  0.0000 -0.0000  1.0000

PART 89
OFFSET  0.0000 -0.0000 -0.0000
SCALE 1 1 1
X  1.0000 -0.0000  0.0000
Y  0.0000  1.0000  0.0000
Z  0.0000 -0.0000  1.0000

PART 90
OFFSET  0.0000 -0.0000 -0.0000
SCALE 1 1 1
X  1.0000 -0.0000  0.0000
Y  0.0000  1.0000  0.0000
Z  0.0000 -0.0000  1.0000

PART 91
OFFSET  1.5404 -0.0000  4.1357
SCALE 1 1 1
X  1.0000 -0.0000  0.0000
Y  0.0000  1.0000  0.0000
Z  0.0000 -0.0000  1.0000

PART 92
OFFSET  0.0000 -0.0000 -0.0000
SCALE 1 1 1
X  1.0000 -0.0000  0.0000
Y  0.0000  1.0000  0.0000
Z  0.0000 -0.0000  1.0000


FRAME 230
PART 0
OFFSET -4.6318 -0.0000 -1.3770
SCALE 1 1 1
X  1.0000 -0.0000  0.0000
Y  0.0000  1.0000  0.0000
Z  0.0000 -0.0000  1.0000

PART 1
OFFSET  0.1218  5.5976 -6.6823
SCALE 1 1 1
X  0.8640 -0.2212 -0.4524
Y -0.1122 -0.9604  0.2552
Z -0.4909 -0.1697 -0.8545

PART 2
OFFSET  10.5704  2.9227 -12.1534
SCALE 1 1 1
X  0.8895 -0.3931  0.2330
Y -0.2976 -0.1114  0.9482
Z -0.3468 -0.9127 -0.2160

PART 3
OFFSET  18.1360 -0.4205 -10.1719
SCALE 1 1 1
X  0.8895 -0.3931  0.2330
Y -0.2906 -0.0933  0.9523
Z -0.3526 -0.9148 -0.1972

PART 4
OFFSET  20.3102  0.6984 -10.6021
SCALE 1 1 1
X  0.8922 -0.3899  0.2279
Y  0.3485  0.9154  0.2017
Z -0.2873 -0.1006  0.9526

PART 5
OFFSET  19.1585 -1.3459 -11.2839
SCALE 1 1 1
X  0.8922 -0.3899  0.2279
Y  0.3485  0.9154  0.2017
Z -0.2873 -0.1006  0.9526

PART 6
OFFSET  20.1701  0.7106 -7.7971
SCALE 1 1 1
X  0.8922 -0.3899  0.2279
Y  0.3485  0.9154  0.2017
Z -0.2873 -0.1006  0.9526

PART 7
OFFSET  19.0766 -1.7111 -8.1174
SCALE 1 1 1
X  0.8922 -0.3899  0.2279
Y  0.3485  0.9154  0.2017
Z -0.2873 -0.1006  0.9526

PART 8
OFFSET  18.7982 -2.1130 -9.3829
SCALE 1 1 1
X  0.8922 -0.3899  0.2279
Y  0.3485  0.9154  0.2017
Z -0.2873 -0.1006  0.9526

PART 9
OFFSET  20.8630 -1.6256 -9.4577
SCALE 1 1 1
X  0.8462 -0.0985  0.5237
Y -0.5282 -0.0249  0.8487
Z -0.0706 -0.9948 -0.0731

PART 10
OFFSET  20.7049 -2.1024 -8.4331
SCALE 1 1 1
X  0.0731 -0.6486  0.7576
Y -0.7729  0.4432  0.4540
Z -0.6302 -0.6188 -0.4689

PART 11
OFFSET  20.7504 -3.4922 -6.7790
SCALE 1 1 1
X  0.6919 -0.6085  0.3886
Y -0.5940 -0.1739  0.7854
Z -0.4104 -0.7743 -0.4817

PART 12
OFFSET  21.8569 -4.5508 -6.2524
SCALE 1 1 1
X  0.8434 -0.3921 -0.3673
Y  0.0693 -0.5986  0.7980
Z -0.5328 -0.6985 -0.4777

PART 13
OFFSET  22.7458 -5.0170 -6.6580
SCALE 1 1 1
X  0.9791  0.0359  0.2001
Y -0.1030  0.9362  0.3361
Z -0.1753 -0.3497  0.9203

PART 14
OFFSET  22.1303 -1.8833 -9.9381
SCALE 1 1 1
X  0.9320 -0.3618 -0.0238
Y -0.3565 -0.9263  0.1222
Z -0.0662 -0.1054 -0.9922

PART 15
OFFSET  24.1902 -2.7944 -9.8320
SCALE 1 1 1
X -0.3986 -0.8534  0.3359
Y -0.9128  0.4046 -0.0553
Z -0.0887 -0.3287 -0.9403

PART 16
OFFSET  23.6259 -4.0026 -9.3564
SCALE 1 1 1
X -0.9622 -0.2075  0.1761
Y -0.2582  0.9010 -0.3488
Z -0.0863 -0.3811 -0.9205

PART 17
OFFSET  22.7728 -4.1866 -9.2002
SCALE 1 1 1
X -0.6919  0.7023 -0.1675
Y  0.7158  0.6368 -0.2867
Z -0.0947 -0.3182 -0.9433

PART 18
OFFSET  22.1155 -3.5194 -9.3594
SCALE 1 1 1
X  0.0935 -0.8909  0.4445
Y  0.9736 -0.0114 -0.2278
Z  0.2080  0.4541  0.8663

PART 19
OFFSET  21.9753 -1.7826 -9.2486
SCALE 1 1 1
X  0.9671 -0.0921  0.2373
Y -0.0646 -0.9905 -0.1210
Z  0.2462  0.1017 -0.9639

PART 20
OFFSET  24.4489 -2.3682 -8.7041
SCALE 1 1 1
X -0.4229 -0.8992  0.1122
Y -0.9062  0.4187 -0.0600
Z  0.0069 -0.1271 -0.9919

PART 21
OFFSET  23.7289 -3.8991 -8.5130
SCALE 1 1 1
X -0.9539 -0.2971  0.0429
Y -0.3001  0.9423 -0.1483
Z  0.0036 -0.1544 -0.9880

PART 22
OFFSET  22.4069 -4.3108 -8.4535
SCALE 1 1 1
X -0.3726  0.9165 -0.1455
Y  0.9279  0.3697 -0.0481
Z  0.0097 -0.1529 -0.9882

PART 23
OFFSET  22.0028 -3.3168 -8.6112
SCALE 1 1 1
X -0.2243 -0.9696  0.0980
Y  0.9725 -0.2162  0.0865
Z -0.0626  0.1147  0.9914

PART 24
OFFSET  22.5949 -2.5021 -6.5348
SCALE 1 1 1
X  0.8787 -0.3645  0.3083
Y  0.2927  0.9215  0.2553
Z -0.3771 -0.1341  0.9164

PART 25
OFFSET  23.7879 -1.6585 -6.7496
SCALE 1 1 1
X -0.0646 -0.9974  0.0317
Y -0.9918  0.0606 -0.1121
Z  0.1099 -0.0386 -0.9932

PART 26
OFFSET  23.6742 -3.4146 -6.6939
SCALE 1 1 1
X -0.8014 -0.5869 -0.1153
Y -0.5707  0.8081 -0.1462
Z  0.1790 -0.0514 -0.9825

PART 27
OFFSET  22.6891 -4.1250 -6.7744
SCALE 1 1 1
X -0.8069  0.5751 -0.1345
Y  0.5801  0.8146  0.0027
Z  0.1111 -0.0758 -0.9909

PART 28
OFFSET  21.7776 -3.4753 -6.9263
SCALE 1 1 1
X -0.2297 -0.9439 -0.2374
Y  0.9210 -0.2896  0.2604
Z -0.3145 -0.1588  0.9359

PART 29
OFFSET  24.2581 -1.7994 -7.7393
SCALE 1 1 1
X -0.2078 -0.9742  0.0881
Y -0.9677  0.1916 -0.1640
Z  0.1429 -0.1193 -0.9825

PART 30
OFFSET  23.8521 -3.7026 -7.5672
SCALE 1 1 1
X -0.9335 -0.3441 -0.1008
Y -0.3321  0.9358 -0.1186
Z  0.1352 -0.0772 -0.9878

PART 31
OFFSET  22.4886 -4.2052 -7.7145
SCALE 1 1 1
X -0.6136  0.7887 -0.0397
Y  0.7704  0.6089  0.1889
Z  0.1731  0.0853 -0.9812

PART 32
OFFSET  21.7943 -3.3118 -7.7666
SCALE 1 1 1
X -0.0327 -0.9991 -0.0275
Y  0.9947 -0.0352  0.0965
Z -0.0973 -0.0242  0.9950

PART 33
OFFSET  23.3342 -3.3953 -8.6066
SCALE 1 1 1
X  0.1933  0.0583 -0.9794
Y  0.0706  0.9948  0.0731
Z  0.9786 -0.0833  0.1882

PART 34
OFFSET -12.9782 -7.9373 -1.9159
SCALE 1 1 1
X -0.2660 -0.0816  0.9605
Y -0.2787 -0.9473 -0.1577
Z  0.9228 -0.3097  0.2293

PART 35
OFFSET -9.7608 -6.9502 -13.5321
SCALE 1 1 1
X -0.8555 -0.1935 -0.4802
Y  0.4636  0.1268 -0.8769
Z  0.2306 -0.9729 -0.0188

PART 36
OFFSET -2.4840 -5.3046 -9.4476
SCALE 1 1 1
X -0.8555 -0.1935 -0.4802
Y  0.4940 -0.0277 -0.8690
Z  0.1548 -0.9807  0.1193

PART 37
OFFSET -1.8604 -4.0064 -8.0869
SCALE 1 1 1
X -0.8589 -0.1916 -0.4749
Y -0.2348  0.9715  0.0328
Z  0.4551  0.1396 -0.8794

PART 38
OFFSET -1.8368 -4.6437 -7.0724
SCALE 1 1 1
X -0.8589 -0.1916 -0.4749
Y -0.2348  0.9715  0.0328
Z  0.4551  0.1396 -0.8794

PART 39
OFFSET -1.3461 -5.8859 -7.2388
SCALE 1 1 1
X -0.8589 -0.1916 -0.4749
Y -0.2348  0.9715  0.0328
Z  0.4551  0.1396 -0.8794

PART 40
OFFSET  0.1388 -4.7114 -7.9754
SCALE 1 1 1
X -0.9500 -0.0002 -0.3123
Y  0.3123  0.0086 -0.9499
Z  0.0029 -1.0000 -0.0081

PART 41
OFFSET  0.2636 -4.3091 -6.9149
SCALE 1 1 1
X -0.5540 -0.6571 -0.5111
Y  0.6448  0.0496 -0.7627
Z  0.5266 -0.7521  0.3962

PART 42
OFFSET  1.3654 -2.8541 -5.7579
SCALE 1 1 1
X -0.9324 -0.3586 -0.0440
Y  0.2177 -0.4604 -0.8606
Z  0.2884 -0.8120  0.5074

PART 43
OFFSET  2.8514 -2.2117 -5.7951
SCALE 1 1 1
X -0.7772 -0.0528  0.6271
Y -0.4690 -0.6158 -0.6331
Z  0.4196 -0.7861  0.4538

PART 44
OFFSET  3.6806 -2.1082 -6.4832
SCALE 1 1 1
X -0.9399  0.3391  0.0409
Y  0.2704  0.8119 -0.5174
Z -0.2087 -0.4752 -0.8548

PART 45
OFFSET  1.2765 -4.5000 -8.7267
SCALE 1 1 1
X -0.9571 -0.0480  0.2859
Y  0.0610 -0.9975  0.0368
Z  0.2834  0.0527  0.9576

PART 46
OFFSET  3.4607 -4.2621 -9.2340
SCALE 1 1 1
X -0.4674 -0.8480 -0.2497
Y  0.8830 -0.4615 -0.0853
Z -0.0429 -0.2604  0.9646

PART 47
OFFSET  4.1224 -3.0615 -8.8805
SCALE 1 1 1
X  0.4539 -0.8636 -0.2193
Y  0.8910  0.4372  0.1225
Z -0.0099 -0.2510  0.9679

PART 48
OFFSET  3.7199 -2.2957 -8.6860
SCALE 1 1 1
X  0.9924  0.1214 -0.0197
Y -0.1143  0.9694  0.2174
Z  0.0455 -0.2135  0.9759

PART 49
OFFSET  2.7771 -2.4111 -8.6674
SCALE 1 1 1
X -0.6939 -0.6705 -0.2626
Y -0.7192  0.6267  0.3001
Z -0.0367  0.3970 -0.9171

PART 50
OFFSET  1.2783 -4.6453 -8.0278
SCALE 1 1 1
X -0.9999 -0.0089 -0.0055
Y  0.0086 -0.9992  0.0400
Z -0.0059  0.0400  0.9992

PART 51
OFFSET  3.8746 -4.6503 -8.1610
SCALE 1 1 1
X -0.3010 -0.9489 -0.0947
Y  0.9535 -0.3008 -0.0170
Z -0.0124 -0.0954  0.9954

PART 52
OFFSET  4.3870 -3.0347 -7.9997
SCALE 1 1 1
X  0.7069 -0.7044 -0.0636
Y  0.7067  0.6999  0.1035
Z -0.0284 -0.1181  0.9926

PART 53
OFFSET  3.4073 -2.0584 -7.9117
SCALE 1 1 1
X  0.9210  0.3824  0.0746
Y -0.3882  0.9169  0.0923
Z -0.0331 -0.1139  0.9929

PART 54
OFFSET  2.4085 -2.4732 -7.9926
SCALE 1 1 1
X -0.5344 -0.8427 -0.0650
Y -0.8441  0.5361 -0.0099
Z  0.0432  0.0496 -0.9978

PART 55
OFFSET -4.0775 -5.2555 -8.4763
SCALE 1 1 1
X -0.9534 -0.2799 -0.1124
Y -0.2666  0.9563 -0.1201
Z  0.1411 -0.0846 -0.9864

PART 56
OFFSET  3.6059 -5.0887 -6.0450
SCALE 1 1 1
X -0.9418 -0.3132 -0.1223
Y  0.3173 -0.9482 -0.0152
Z -0.1112 -0.0532  0.9924

PART 57
OFFSET  5.2641 -4.5373 -5.8296
SCALE 1 1 1
X -0.2895 -0.9565 -0.0366
Y  0.9491 -0.2918  0.1184
Z -0.1239 -0.0004  0.9923

PART 58
OFFSET  5.6085 -3.3746 -5.7249
SCALE 1 1 1
X  0.6155 -0.7879  0.0192
Y  0.7783  0.6114  0.1431
Z -0.1245 -0.0731  0.9895

PART 59
OFFSET  4.9133 -2.4846 -5.7466
SCALE 1 1 1
X -0.9379 -0.3160  0.1429
Y -0.3321  0.9371 -0.1077
Z -0.0998 -0.1485 -0.9839

PART 60
OFFSET  3.8429 -4.9001 -7.1074
SCALE 1 1 1
X -0.4634 -0.8838 -0.0645
Y  0.8779 -0.4678  0.1024
Z -0.1207 -0.0092  0.9926

PART 61
OFFSET  4.7483 -3.1736 -6.9813
SCALE 1 1 1
X  0.6673 -0.7414  0.0715
Y  0.7397  0.6709  0.0530
Z -0.0873  0.0175  0.9960

PART 62
OFFSET  3.7737 -2.0907 -7.0857
SCALE 1 1 1
X  0.9793  0.1961  0.0508
Y -0.1915  0.9779 -0.0838
Z -0.0661  0.0723  0.9952

PART 63
OFFSET  2.6649 -2.3126 -7.1503
SCALE 1 1 1
X -0.6244 -0.7796 -0.0490
Y -0.7796  0.6258 -0.0223
Z  0.0481  0.0243 -0.9985

PART 64
OFFSET  10.6714 -3.3397 -3.5839
SCALE 1 1 1
X  1.0000 -0.0000  0.0000
Y  0.0000  1.0000  0.0000
Z  0.0000 -0.0000  1.0000

PART 65
OFFSET  10.6714 -3.3397 -3.5839
SCALE 1 1 1
X  1.0000 -0.0000  0.0000
Y  0.0000  1.0000  0.0000
Z  0.0000 -0.0000  1.0000

PART 66
OFFSET  9.5585 -3.6537 -3.2837
SCALE 1 1 1
X  0.0000 -0.9659  0.2588
Y  1.0000  0.0000 -0.0000
Z  0.0000  0.2588  0.9659

PART 67
OFFSET  33.8883 -3.3220 -3.1664
SCALE 1 1 1
X  1.0000 -0.0000  0.0000
Y  0.0000  1.0000  0.0000
Z  0.0000 -0.0000  1.0000

PART 68
OFFSET  10.6714 -3.2649 -4.3898
SCALE 1 1 1
X  1.0000 -0.0000  0.0000
Y  0.0000  1.0000  0.0000
Z  0.0000 -0.0000  1.0000

PART 69
OFFSET  10.6842 -3.3397 -3.1520
SCALE 1 1 1
X  1.0000 -0.0000  0.0000
Y  0.0000  1.0000  0.0000
Z  0.0000 -0.0000  1.0000

PART 70
OFFSET  16.3285 -3.3448 -5.9054
SCALE 1 1 1
X  1.0000 -0.0000  0.0000
Y  0.0000  1.0000  0.0000
Z  0.0000 -0.0000  1.0000

PART 71
OFFSET  3.0927 -2.1356 -3.5479
SCALE 1 1 1
X  1.0000 -0.0000  0.0000
Y  0.0000  1.0000  0.0000
Z  0.0000 -0.0000  1.0000

PART 72
OFFSET  3.0927 -2.2645 -3.5479
SCALE 1 1 1
X  0.6820 -0.0000  0.7314
Y -0.0000  1.0000  0.0000
Z -0.7314 -0.0000  0.6820

PART 73
OFFSET  14.7631 -3.3448 -1.5284
SCALE 1 1 1
X  1.0000 -0.0000  0.0000
Y  0.0000  1.0000  0.0000
Z  0.0000 -0.0000  1.0000

PART 74
OFFSET  8.0992 -3.3229 -4.9793
SCALE 1 1 1
X  1.0000 -0.0000  0.0000
Y  0.0000  1.0000  0.0000
Z  0.0000 -0.0000  1.0000

PART 75
OFFSET  13.4247 -3.3397 -1.8315
SCALE 1 1 1
X  0.0000 -0.9659  0.2588
Y  1.0000  0.0000  0.0000
Z -0.0000  0.2588  0.9659

PART 76
OFFSET  12.3189 -3.3397 -1.7830
SCALE 1 1 1
X  1.0000 -0.0000  0.0000
Y  0.0000  1.0000  0.0000
Z  0.0000 -0.0000  1.0000

PART 77
OFFSET  18.6037 -4.2623 -2.6850
SCALE 1 1 1
X  1.0000 -0.0000  0.0000
Y  0.0000  0.7071  0.7071
Z  0.0000 -0.7071  0.7071

PART 78
OFFSET  12.1267 -3.3397 -1.2071
SCALE 1 1 1
X  1.0000 -0.0000  0.0000
Y  0.0000  1.0000  0.0000
Z  0.0000 -0.0000  1.0000

PART 79
OFFSET  33.8883 -3.3220 -3.1664
SCALE 1 1 1
X  0.0000 -1.0000 -0.0000
Y  1.0000  0.0000  0.0000
Z -0.0000 -0.0000  1.0000

PART 80
OFFSET  40.4230 -3.3220 -3.1664
SCALE 1 1 1
X -0.0000 -1.0000 -0.0000
Y  1.0000 -0.0000 -0.0000
Z -0.0000 -0.0000  1.0000

PART 81
OFFSET  22.7848 -3.3220 -5.8650
SCALE 1 1 1
X  1.0000 -0.0000  0.0000
Y  0.0000  1.0000  0.0000
Z  0.0000 -0.0000  1.0000

PART 82
OFFSET  8.8624 -2.5847 -3.4796
SCALE 1 1 1
X  1.0000 -0.0000  0.0000
Y  0.0000  1.0000  0.0000
Z  0.0000 -0.0000  1.0000

PART 83
OFFSET  10.7085 -2.1487 -4.3845
SCALE 1 1 1
X  1.0000 -0.0000  0.0000
Y  0.0000  1.0000  0.0000
Z  0.0000 -0.0000  1.0000

PART 84
OFFSET  9.9857 -2.1487 -4.3845
SCALE 1 1 1
X  1.0000 -0.0000  0.0000
Y  0.0000  1.0000  0.0000
Z  0.0000 -0.0000  1.0000

PART 85
OFFSET  9.2614 -2.1487 -4.3845
SCALE 1 1 1
X  1.0000 -0.0000  0.0000
Y  0.0000  1.0000  0.0000
Z  0.0000 -0.0000  1.0000

PART 86
OFFSET  8.5370 -2.1487 -4.3845
SCALE 1 1 1
X  1.0000 -0.0000  0.0000
Y  0.0000  1.0000  0.0000
Z  0.0000 -0.0000  1.0000

PART 87
OFFSET  7.8127 -2.1487 -4.3845
SCALE 1 1 1
X  1.0000 -0.0000  0.0000
Y  0.0000  1.0000  0.0000
Z  0.0000 -0.0000  1.0000

PART 88
OFFSET  7.0883 -2.1487 -4.3845
SCALE 1 1 1
X  1.0000 -0.0000  0.0000
Y  0.0000  1.0000  0.0000
Z  0.0000 -0.0000  1.0000

PART 89
OFFSET  0.0000 -0.0000 -0.0000
SCALE 1 1 1
X  1.0000 -0.0000  0.0000
Y  0.0000  1.0000  0.0000
Z  0.0000 -0.0000  1.0000

PART 90
OFFSET  0.0000 -0.0000 -0.0000
SCALE 1 1 1
X  1.0000 -0.0000  0.0000
Y  0.0000  1.0000  0.0000
Z  0.0000 -0.0000  1.0000

PART 91
OFFSET  1.5404 -0.0000  4.1357
SCALE 1 1 1
X  1.0000 -0.0000  0.0000
Y  0.0000  1.0000  0.0000
Z  0.0000 -0.0000  1.0000

PART 92
OFFSET  0.0000 -0.0000 -0.0000
SCALE 1 1 1
X  1.0000 -0.0000  0.0000
Y  0.0000  1.0000  0.0000
Z  0.0000 -0.0000  1.0000


NOTETRACKS

PART 0
NUMTRACKS 0

PART 1
NUMTRACKS 0

PART 2
NUMTRACKS 0

PART 3
NUMTRACKS 0

PART 4
NUMTRACKS 0

PART 5
NUMTRACKS 0

PART 6
NUMTRACKS 0

PART 7
NUMTRACKS 0

PART 8
NUMTRACKS 0

PART 9
NUMTRACKS 0

PART 10
NUMTRACKS 0

PART 11
NUMTRACKS 0

PART 12
NUMTRACKS 0

PART 13
NUMTRACKS 0

PART 14
NUMTRACKS 0

PART 15
NUMTRACKS 0

PART 16
NUMTRACKS 0

PART 17
NUMTRACKS 0

PART 18
NUMTRACKS 0

PART 19
NUMTRACKS 0

PART 20
NUMTRACKS 0

PART 21
NUMTRACKS 0

PART 22
NUMTRACKS 0

PART 23
NUMTRACKS 0

PART 24
NUMTRACKS 0

PART 25
NUMTRACKS 0

PART 26
NUMTRACKS 0

PART 27
NUMTRACKS 0

PART 28
NUMTRACKS 0

PART 29
NUMTRACKS 0

PART 30
NUMTRACKS 0

PART 31
NUMTRACKS 0

PART 32
NUMTRACKS 0

PART 33
NUMTRACKS 0

PART 34
NUMTRACKS 0

PART 35
NUMTRACKS 0

PART 36
NUMTRACKS 0

PART 37
NUMTRACKS 0

PART 38
NUMTRACKS 0

PART 39
NUMTRACKS 0

PART 40
NUMTRACKS 0

PART 41
NUMTRACKS 0

PART 42
NUMTRACKS 0

PART 43
NUMTRACKS 0

PART 44
NUMTRACKS 0

PART 45
NUMTRACKS 0

PART 46
NUMTRACKS 0

PART 47
NUMTRACKS 0

PART 48
NUMTRACKS 0

PART 49
NUMTRACKS 0

PART 50
NUMTRACKS 0

PART 51
NUMTRACKS 0

PART 52
NUMTRACKS 0

PART 53
NUMTRACKS 0

PART 54
NUMTRACKS 0

PART 55
NUMTRACKS 0

PART 56
NUMTRACKS 0

PART 57
NUMTRACKS 0

PART 58
NUMTRACKS 0

PART 59
NUMTRACKS 0

PART 60
NUMTRACKS 0

PART 61
NUMTRACKS 0

PART 62
NUMTRACKS 0

PART 63
NUMTRACKS 0

PART 64
NUMTRACKS 0

PART 65
NUMTRACKS 0

PART 66
NUMTRACKS 0

PART 67
NUMTRACKS 0

PART 68
NUMTRACKS 0

PART 69
NUMTRACKS 0

PART 70
NUMTRACKS 0

PART 71
NUMTRACKS 0

PART 72
NUMTRACKS 0

PART 73
NUMTRACKS 0

PART 74
NUMTRACKS 0

PART 75
NUMTRACKS 0

PART 76
NUMTRACKS 0

PART 77
NUMTRACKS 0

PART 78
NUMTRACKS 0

PART 79
NUMTRACKS 0

PART 80
NUMTRACKS 0

PART 81
NUMTRACKS 0

PART 82
NUMTRACKS 0

PART 83
NUMTRACKS 0

PART 84
NUMTRACKS 0

PART 85
NUMTRACKS 0

PART 86
NUMTRACKS 0

PART 87
NUMTRACKS 0

PART 88
NUMTRACKS 0

PART 89
NUMTRACKS 0

PART 90
NUMTRACKS 0

PART 91
NUMTRACKS 0

PART 92
NUMTRACKS 0

