// Export filename: 'C:/projects/cod/t5/model_export/anim_dependancies/character_models/mp/torso.XMODEL_EXPORT'
// Source filename: 'D:/projects/devart/t5/model_export/base_character/base_character.mb'
// Export time: Thu Oct 22 10:35:17 2009
MODEL
VERSION 6

NUMBONES 104
BONE 0 -1 "J_MainRoot"
BONE 1 -1 "TAG_ORIGIN"
BONE 2 0 "J_SpineLower"
BONE 3 2 "J_SpineUpper"
BONE 4 3 "J_Spine4"
BONE 5 4 "J_Clavicle_LE"
BONE 6 4 "J_Clavicle_RI"
BONE 7 4 "J_Collar"
BONE 8 4 "J_Neck"
BONE 9 4 "J_ShoulderRaise_LE"
BONE 10 4 "J_ShoulderRaise_RI"
BONE 11 4 "joint1"
BONE 12 4 "joint2"
BONE 13 4 "TAG_INHAND"
BONE 14 4 "TAG_WEAPON_CHEST"
BONE 15 8 "J_Head"
BONE 16 5 "J_Shoulder_LE"
BONE 17 6 "J_Shoulder_RI"
BONE 18 15 "J_Bridge"
BONE 19 15 "J_Brow_In_LE"
BONE 20 15 "J_Brow_In_RI"
BONE 21 15 "J_Brow_LE"
BONE 22 15 "J_Brow_Out_LE"
BONE 23 15 "J_Brow_Out_RI"
BONE 24 15 "J_Brow_RI"
BONE 25 15 "J_Cheek_LE"
BONE 26 15 "J_Cheek_RI"
BONE 27 15 "J_CheekPuff_LE"
BONE 28 15 "J_CheekPuff_RI"
BONE 29 15 "J_Chin_SkinRoll"
BONE 30 16 "J_Elbow_Bulge_LE"
BONE 31 17 "J_Elbow_Bulge_RI"
BONE 32 16 "J_Elbow_LE"
BONE 33 17 "J_Elbow_RI"
BONE 34 15 "J_Eye_Lid_Bot_LE"
BONE 35 15 "J_Eye_Lid_Bot_RI"
BONE 36 15 "J_Eye_Lid_Top_LE"
BONE 37 15 "J_Eye_Lid_Top_RI"
BONE 38 15 "J_EyeBall_LE"
BONE 39 15 "J_EyeBall_RI"
BONE 40 15 "J_Forehead_LE"
BONE 41 15 "J_Forehead_RI"
BONE 42 15 "J_Head_END"
BONE 43 15 "J_Jaw"
BONE 44 15 "J_Levator_LE"
BONE 45 15 "J_Levator_RI"
BONE 46 15 "J_Lip_Bot_LE"
BONE 47 15 "J_Lip_Bot_Out_LE"
BONE 48 15 "J_Lip_Bot_Out_RI"
BONE 49 15 "J_Lip_Bot_RI"
BONE 50 15 "J_Lip_Top_LE"
BONE 51 15 "J_Lip_Top_Out_LE"
BONE 52 15 "J_Lip_Top_Out_RI"
BONE 53 15 "J_Lip_Top_RI"
BONE 54 15 "J_Lip_Upper_LE"
BONE 55 15 "J_Lip_Upper_Out_LE"
BONE 56 15 "J_Lip_Upper_Out_RI"
BONE 57 15 "J_Lip_Upper_RI"
BONE 58 15 "J_Mouth_LE"
BONE 59 15 "J_Mouth_RI"
BONE 60 15 "J_Nose_LE"
BONE 61 15 "J_Nose_RI"
BONE 62 16 "J_ShoulderTwist_LE"
BONE 63 17 "J_ShoulderTwist_RI"
BONE 64 15 "TAG_EYE"
BONE 65 42 "J_Helmet"
BONE 66 43 "J_Tongue"
BONE 67 32 "J_Wrist_LE"
BONE 68 33 "J_Wrist_RI"
BONE 69 32 "J_WristTwist_LE"
BONE 70 33 "J_WristTwist_RI"
BONE 71 68 "J_Gun"
BONE 72 67 "J_Index_LE_1"
BONE 73 68 "J_Index_RI_1"
BONE 74 67 "J_Mid_LE_1"
BONE 75 68 "J_Mid_RI_1"
BONE 76 67 "J_Pinky_LE_1"
BONE 77 68 "J_Pinky_RI_1"
BONE 78 67 "J_Ring_LE_1"
BONE 79 68 "J_Ring_RI_1"
BONE 80 67 "J_Thumb_LE_1"
BONE 81 68 "J_Thumb_RI_1"
BONE 82 67 "TAG_WEAPON_LEFT"
BONE 83 68 "TAG_WEAPON_RIGHT"
BONE 84 72 "J_Index_LE_2"
BONE 85 73 "J_Index_RI_2"
BONE 86 74 "J_Mid_LE_2"
BONE 87 75 "J_Mid_RI_2"
BONE 88 76 "J_Pinky_LE_2"
BONE 89 77 "J_Pinky_RI_2"
BONE 90 78 "J_Ring_LE_2"
BONE 91 79 "J_Ring_RI_2"
BONE 92 80 "J_Thumb_LE_2"
BONE 93 81 "J_Thumb_RI_2"
BONE 94 84 "J_Index_LE_3"
BONE 95 85 "J_Index_RI_3"
BONE 96 86 "J_Mid_LE_3"
BONE 97 87 "J_Mid_RI_3"
BONE 98 88 "J_Pinky_LE_3"
BONE 99 89 "J_Pinky_RI_3"
BONE 100 90 "J_Ring_LE_3"
BONE 101 91 "J_Ring_RI_3"
BONE 102 92 "J_Thumb_LE_3"
BONE 103 93 "J_Thumb_RI_3"

BONE 0
OFFSET 0.000000, 1.218488, 37.227966
SCALE 1.000000, 1.000000, 1.000000
X 0.000001, 0.024844, 0.999691
Y -0.000000, -0.999691, 0.024844
Z 1.000000, -0.000000, -0.000001

BONE 1
OFFSET 0.000002, -2.222280, 0.000042
SCALE 1.000000, 1.000000, 1.000000
X -0.000000, -1.000000, -0.000001
Y 1.000000, -0.000000, 0.000000
Z -0.000000, -0.000001, 1.000000

BONE 2
OFFSET 0.000002, 1.148655, 42.431473
SCALE 1.000000, 1.000000, 1.000000
X 0.000000, 0.029885, 0.999553
Y -0.000000, -0.999553, 0.029885
Z 1.000000, -0.000000, -0.000000

BONE 3
OFFSET 0.000003, 1.131230, 47.651257
SCALE 1.000000, 1.000000, 1.000000
X -0.000000, -0.020400, 0.999792
Y -0.000000, -0.999792, -0.020400
Z 1.000000, -0.000000, -0.000000

BONE 4
OFFSET 0.000003, 1.067723, 51.757832
SCALE 1.000000, 1.000000, 1.000000
X -0.000000, -0.047081, 0.998891
Y -0.000000, -0.998891, -0.047081
Z 1.000000, -0.000000, 0.000000

BONE 5
OFFSET 1.355830, 1.015794, 56.399803
SCALE 1.000000, 1.000000, 1.000000
X 0.997183, -0.019402, 0.072459
Y 0.018076, 0.999658, 0.018911
Z -0.072801, -0.017548, 0.997192

BONE 6
OFFSET -1.355903, 1.015648, 56.399899
SCALE 1.000000, 1.000000, 1.000000
X 0.997186, 0.019401, -0.072407
Y 0.018075, -0.999658, -0.018920
Z -0.072749, 0.017558, -0.997196

BONE 7
OFFSET 0.000001, 3.805717, 62.023476
SCALE 1.000000, 1.000000, 1.000000
X 1.000000, 0.000000, 0.000000
Y 0.000000, 1.000000, 0.000000
Z 0.000000, 0.000000, 1.000000

BONE 8
OFFSET 0.000000, 0.504256, 60.542095
SCALE 1.000000, 1.000000, 1.000000
X 0.000000, -0.309774, 0.950810
Y -0.000001, -0.950810, -0.309774
Z 1.000000, -0.000001, -0.000000

BONE 9
OFFSET 4.025236, 0.920854, 58.859055
SCALE 1.000000, 1.000000, 1.000000
X -0.997186, 0.019402, -0.072416
Y -0.018077, -0.999658, -0.018911
Z -0.072758, -0.017548, 0.997195

BONE 10
OFFSET -4.025214, 0.920854, 58.859196
SCALE 1.000000, 1.000000, 1.000000
X -0.997186, -0.019402, 0.072416
Y -0.018077, 0.999658, 0.018911
Z -0.072758, 0.017548, -0.997195

BONE 11
OFFSET 3.937008, 0.490082, 51.968502
SCALE 1.000000, 1.000000, 1.000000
X 1.000000, 0.000000, 0.000000
Y 0.000000, 1.000000, 0.000000
Z 0.000000, 0.000000, 1.000000

BONE 12
OFFSET -3.937000, 0.490085, 51.968456
SCALE 1.000000, 1.000000, 1.000000
X 1.000000, 0.000000, 0.000000
Y 0.000000, -1.000000, 0.000000
Z 0.000000, -0.000000, -1.000000

BONE 13
OFFSET -28.520136, -12.712922, 38.934380
SCALE 1.000000, 1.000000, 1.000000
X 1.000000, 0.000000, -0.000000
Y -0.000000, -0.764280, -0.644884
Z 0.000000, 0.644884, -0.764280

BONE 14
OFFSET -28.520136, -12.712922, 38.934380
SCALE 1.000000, 1.000000, 1.000000
X -0.000000, -1.000000, -0.000000
Y 1.000000, -0.000000, 0.000000
Z 0.000000, -0.000000, 1.000000

BONE 15
OFFSET 0.000000, -0.306596, 63.520977
SCALE 1.000000, 1.000000, 1.000000
X 0.000000, -0.216437, 0.976297
Y -0.000001, -0.976297, -0.216437
Z 1.000000, -0.000001, -0.000000

BONE 16
OFFSET 7.725938, 0.891849, 56.862682
SCALE 1.000000, 1.000000, 1.000000
X 0.663005, -0.260588, -0.701797
Y 0.273791, 0.956920, -0.096662
Z 0.696752, -0.128058, 0.705789

BONE 17
OFFSET -7.726029, 0.891714, 56.862442
SCALE 1.000000, 1.000000, 1.000000
X 0.662999, 0.260580, 0.701805
Y 0.273788, -0.956921, 0.096655
Z 0.696758, 0.128063, -0.705782

BONE 18
OFFSET 0.000054, -5.690289, 66.652016
SCALE 1.000000, 1.000000, 1.000000
X 1.000000, 0.000000, 0.000000
Y 0.000000, 0.000000, 1.000000
Z 0.000000, -1.000000, 0.000000

BONE 19
OFFSET 0.603824, -5.601589, 66.912575
SCALE 1.000000, 1.000000, 1.000000
X 1.000000, 0.000000, 0.000000
Y 0.000000, 0.000000, 1.000000
Z 0.000000, -1.000000, 0.000000

BONE 20
OFFSET -0.603711, -5.601589, 66.912575
SCALE 1.000000, 1.000000, 1.000000
X 1.000000, 0.000000, 0.000000
Y 0.000000, 0.000000, 1.000000
Z 0.000000, -1.000000, 0.000000

BONE 21
OFFSET 1.567979, -5.237942, 66.955528
SCALE 1.000000, 1.000000, 1.000000
X 1.000000, 0.000000, 0.000000
Y 0.000000, 0.000000, 1.000000
Z 0.000000, -1.000000, 0.000000

BONE 22
OFFSET 2.234682, -4.455537, 66.710541
SCALE 1.000000, 1.000000, 1.000000
X 1.000000, 0.000000, 0.000000
Y 0.000000, 0.000000, 1.000000
Z 0.000000, -1.000000, 0.000000

BONE 23
OFFSET -2.234589, -4.455537, 66.710541
SCALE 1.000000, 1.000000, 1.000000
X 1.000000, 0.000000, 0.000000
Y 0.000000, 0.000000, 1.000000
Z 0.000000, -1.000000, 0.000000

BONE 24
OFFSET -1.567953, -5.237953, 66.955498
SCALE 1.000000, 1.000000, 1.000000
X 1.000000, 0.000000, 0.000000
Y 0.000000, 0.000000, 1.000000
Z 0.000000, -1.000000, 0.000000

BONE 25
OFFSET 1.970477, -4.516927, 65.335808
SCALE 1.000000, 1.000000, 1.000000
X 1.000000, 0.000000, 0.000000
Y 0.000000, 0.000000, 1.000000
Z 0.000000, -1.000000, 0.000000

BONE 26
OFFSET -1.969941, -4.516941, 65.335777
SCALE 1.000000, 1.000000, 1.000000
X 1.000000, 0.000000, 0.000000
Y 0.000000, 0.000000, 1.000000
Z 0.000000, -1.000000, 0.000000

BONE 27
OFFSET 1.816072, -4.282490, 63.435799
SCALE 1.000000, 1.000000, 1.000000
X 1.000000, 0.000000, 0.000000
Y 0.000000, 0.000000, 1.000000
Z 0.000000, -1.000000, 0.000000

BONE 28
OFFSET -1.815991, -4.282503, 63.435768
SCALE 1.000000, 1.000000, 1.000000
X 1.000000, 0.000000, 0.000000
Y 0.000000, 0.000000, 1.000000
Z 0.000000, -1.000000, 0.000000

BONE 29
OFFSET 0.000053, -5.388490, 62.655441
SCALE 1.000000, 1.000000, 1.000000
X 1.000000, 0.000000, 0.000000
Y 0.000000, 0.000000, 1.000000
Z 0.000000, -1.000000, 0.000000

BONE 30
OFFSET 15.847000, -1.630825, 48.641865
SCALE 1.000000, 1.000000, 1.000000
X 0.294637, -0.846008, -0.444364
Y 0.654007, 0.517563, -0.551727
Z 0.696752, -0.128058, 0.705789

BONE 31
OFFSET -15.847037, -1.630937, 48.641567
SCALE 1.000000, 1.000000, 1.000000
X 0.294635, 0.846004, 0.444374
Y 0.654002, -0.517569, 0.551728
Z 0.696758, 0.128063, -0.705782

BONE 32
OFFSET 15.744248, -1.804257, 48.711834
SCALE 1.000000, 1.000000, 1.000000
X 0.294637, -0.846008, -0.444364
Y 0.654007, 0.517563, -0.551727
Z 0.696752, -0.128058, 0.705789

BONE 33
OFFSET -15.744274, -1.804298, 48.711559
SCALE 1.000000, 1.000000, 1.000000
X 0.294635, 0.846004, 0.444374
Y 0.654002, -0.517569, 0.551728
Z 0.696758, 0.128063, -0.705782

BONE 34
OFFSET 1.252015, -4.242447, 66.453224
SCALE 1.000000, 1.000000, 1.000000
X 1.000000, 0.000000, 0.000000
Y 0.000000, 0.000000, 1.000000
Z 0.000000, -1.000000, 0.000000

BONE 35
OFFSET -1.252076, -4.242447, 66.453224
SCALE 1.000000, 1.000000, 1.000000
X 1.000000, 0.000000, 0.000000
Y 0.000000, 0.000000, 1.000000
Z 0.000000, -1.000000, 0.000000

BONE 36
OFFSET 1.252015, -4.242447, 66.453224
SCALE 1.000000, 1.000000, 1.000000
X 1.000000, 0.000000, 0.000000
Y 0.000000, 0.000000, 1.000000
Z 0.000000, -1.000000, 0.000000

BONE 37
OFFSET -1.252076, -4.242447, 66.453224
SCALE 1.000000, 1.000000, 1.000000
X 1.000000, 0.000000, 0.000000
Y 0.000000, 0.000000, 1.000000
Z 0.000000, -1.000000, 0.000000

BONE 38
OFFSET 1.252015, -4.242447, 66.453224
SCALE 1.000000, 1.000000, 1.000000
X 1.000000, 0.000000, 0.000000
Y 0.000000, 0.000000, 1.000000
Z 0.000000, -1.000000, 0.000000

BONE 39
OFFSET -1.252076, -4.242447, 66.453224
SCALE 1.000000, 1.000000, 1.000000
X 1.000000, 0.000000, 0.000000
Y 0.000000, 0.000000, 1.000000
Z 0.000000, -1.000000, 0.000000

BONE 40
OFFSET 1.101811, -5.120817, 68.091011
SCALE 1.000000, 1.000000, 1.000000
X 1.000000, 0.000000, 0.000000
Y 0.000000, 0.000000, 1.000000
Z 0.000000, -1.000000, 0.000000

BONE 41
OFFSET -1.101518, -5.120817, 68.091011
SCALE 1.000000, 1.000000, 1.000000
X 1.000000, 0.000000, 0.000000
Y 0.000000, 0.000000, 1.000000
Z 0.000000, -1.000000, 0.000000

BONE 42
OFFSET -0.000537, -1.399439, 69.807854
SCALE 1.000000, 1.000000, 1.000000
X 0.000000, -0.216437, 0.976297
Y -0.000001, -0.976297, -0.216437
Z 1.000000, -0.000001, -0.000000

BONE 43
OFFSET 0.000054, -1.732703, 63.848927
SCALE 1.000000, 1.000000, 1.000000
X 1.000000, 0.000000, 0.000000
Y 0.000000, -0.000000, 1.000000
Z 0.000000, -1.000000, -0.000000

BONE 44
OFFSET 0.830634, -5.299398, 64.796432
SCALE 1.000000, 1.000000, 1.000000
X 1.000000, 0.000000, 0.000000
Y 0.000000, 0.000000, 1.000000
Z 0.000000, -1.000000, 0.000000

BONE 45
OFFSET -0.830936, -5.299404, 64.796425
SCALE 1.000000, 1.000000, 1.000000
X 1.000000, 0.000000, 0.000000
Y 0.000000, 0.000000, 1.000000
Z 0.000000, -1.000000, 0.000000

BONE 46
OFFSET 0.247604, -5.485222, 63.272968
SCALE 1.000000, 1.000000, 1.000000
X 1.000000, 0.000000, 0.000000
Y 0.000000, 0.000000, 1.000000
Z 0.000000, -1.000000, 0.000000

BONE 47
OFFSET 0.702678, -5.295559, 63.279350
SCALE 1.000000, 1.000000, 1.000000
X 1.000000, 0.000000, 0.000000
Y 0.000000, 0.000000, 1.000000
Z 0.000000, -1.000000, 0.000000

BONE 48
OFFSET -0.702921, -5.295559, 63.279350
SCALE 1.000000, 1.000000, 1.000000
X 1.000000, 0.000000, 0.000000
Y 0.000000, 0.000000, 1.000000
Z 0.000000, -1.000000, 0.000000

BONE 49
OFFSET -0.247921, -5.485221, 63.272972
SCALE 1.000000, 1.000000, 1.000000
X 1.000000, 0.000000, 0.000000
Y 0.000000, 0.000000, 1.000000
Z 0.000000, -1.000000, 0.000000

BONE 50
OFFSET 0.229707, -5.634363, 63.691109
SCALE 1.000000, 1.000000, 1.000000
X 1.000000, 0.000000, 0.000000
Y 0.000000, 0.000000, 1.000000
Z 0.000000, -1.000000, 0.000000

BONE 51
OFFSET 0.727007, -5.438078, 63.644913
SCALE 1.000000, 1.000000, 1.000000
X 1.000000, 0.000000, 0.000000
Y 0.000000, 0.000000, 1.000000
Z 0.000000, -1.000000, 0.000000

BONE 52
OFFSET -0.726924, -5.438078, 63.644913
SCALE 1.000000, 1.000000, 1.000000
X 1.000000, 0.000000, 0.000000
Y 0.000000, 0.000000, 1.000000
Z 0.000000, -1.000000, 0.000000

BONE 53
OFFSET -0.229923, -5.634362, 63.691109
SCALE 1.000000, 1.000000, 1.000000
X 1.000000, 0.000000, 0.000000
Y 0.000000, 0.000000, 1.000000
Z 0.000000, -1.000000, 0.000000

BONE 54
OFFSET 0.418073, -5.706688, 64.182449
SCALE 1.000000, 1.000000, 1.000000
X 1.000000, 0.000000, 0.000000
Y 0.000000, 0.000000, 1.000000
Z 0.000000, -1.000000, 0.000000

BONE 55
OFFSET 1.178823, -5.106901, 64.149132
SCALE 1.000000, 1.000000, 1.000000
X 1.000000, 0.000000, 0.000000
Y 0.000000, 0.000000, 1.000000
Z 0.000000, -1.000000, 0.000000

BONE 56
OFFSET -1.178931, -5.106909, 64.149117
SCALE 1.000000, 1.000000, 1.000000
X 1.000000, 0.000000, 0.000000
Y 0.000000, 0.000000, 1.000000
Z 0.000000, -1.000000, 0.000000

BONE 57
OFFSET -0.418311, -5.706691, 64.182442
SCALE 1.000000, 1.000000, 1.000000
X 1.000000, 0.000000, 0.000000
Y 0.000000, 0.000000, 1.000000
Z 0.000000, -1.000000, 0.000000

BONE 58
OFFSET 1.164002, -5.027102, 63.389236
SCALE 1.000000, 1.000000, 1.000000
X 1.000000, 0.000000, 0.000000
Y 0.000000, 0.000000, 1.000000
Z 0.000000, -1.000000, 0.000000

BONE 59
OFFSET -1.163926, -5.027111, 63.389217
SCALE 1.000000, 1.000000, 1.000000
X 1.000000, 0.000000, 0.000000
Y 0.000000, 0.000000, 1.000000
Z 0.000000, -1.000000, 0.000000

BONE 60
OFFSET 0.626059, -5.265778, 65.695679
SCALE 1.000000, 1.000000, 1.000000
X 1.000000, 0.000000, 0.000000
Y 0.000000, 0.000000, 1.000000
Z 0.000000, -1.000000, 0.000000

BONE 61
OFFSET -0.626093, -5.265782, 65.695671
SCALE 1.000000, 1.000000, 1.000000
X 1.000000, 0.000000, 0.000000
Y 0.000000, 0.000000, 1.000000
Z 0.000000, -1.000000, 0.000000

BONE 62
OFFSET 8.032680, 0.771287, 56.537991
SCALE 1.000000, 1.000000, 1.000000
X 0.663005, -0.260588, -0.701797
Y 0.273791, 0.956920, -0.096662
Z 0.696752, -0.128058, 0.705789

BONE 63
OFFSET -8.002131, 0.783197, 56.570179
SCALE 1.000000, 1.000000, 1.000000
X 0.662999, 0.260580, 0.701805
Y 0.273788, -0.956921, 0.096655
Z 0.696758, 0.128063, -0.705782

BONE 64
OFFSET -0.000003, -4.333891, 66.322533
SCALE 1.000000, 1.000000, 1.000000
X 0.000000, -0.939692, 0.342023
Y 1.000000, -0.000000, -0.000001
Z 0.000001, 0.342023, 0.939692

BONE 65
OFFSET -0.000533, -0.362045, 71.243202
SCALE 1.000000, 1.000000, 1.000000
X 0.000001, -0.999048, 0.043622
Y 1.000000, 0.000001, -0.000003
Z 0.000003, 0.043622, 0.999048

BONE 66
OFFSET 0.000056, -4.424994, 63.558365
SCALE 1.000000, 1.000000, 1.000000
X 1.000000, 0.000000, 0.000000
Y 0.000000, -0.000000, 1.000000
Z 0.000000, -1.000000, -0.000000

BONE 67
OFFSET 18.586216, -10.419991, 44.089035
SCALE 1.000000, 1.000000, 1.000000
X 0.298827, -0.782224, -0.546651
Y -0.792532, 0.115673, -0.598759
Z 0.531597, 0.612164, -0.585371

BONE 68
OFFSET -18.586235, -10.420011, 44.088718
SCALE 1.000000, 1.000000, 1.000000
X 0.298824, 0.782219, 0.546661
Y -0.792537, -0.115677, 0.598752
Z 0.531591, -0.612171, 0.585370

BONE 69
OFFSET 17.753963, -7.897583, 45.442307
SCALE 1.000000, 1.000000, 1.000000
X 0.294637, -0.846008, -0.444364
Y 0.654007, 0.517563, -0.551727
Z 0.696752, -0.128058, 0.705789

BONE 70
OFFSET -17.754221, -7.897605, 45.442154
SCALE 1.000000, 1.000000, 1.000000
X 0.294635, 0.846004, 0.444374
Y 0.654002, -0.517569, 0.551728
Z 0.696758, 0.128063, -0.705782

BONE 71
OFFSET -28.520023, -12.712697, 38.934025
SCALE 1.000000, 1.000000, 1.000000
X -0.000002, -1.000000, -0.000009
Y 1.000000, -0.000002, 0.000008
Z -0.000008, -0.000009, 1.000000

BONE 72
OFFSET 18.943419, -14.119981, 43.296013
SCALE 1.000000, 1.000000, 1.000000
X 0.252372, -0.921980, -0.293703
Y -0.670111, 0.052433, -0.740407
Z 0.698040, 0.383671, -0.604596

BONE 73
OFFSET -18.943441, -14.120003, 43.295769
SCALE 1.000000, 1.000000, 1.000000
X 0.252372, 0.921977, 0.293714
Y -0.670117, -0.052439, 0.740401
Z 0.698034, -0.383679, 0.604598

BONE 74
OFFSET 19.641991, -13.609539, 42.701622
SCALE 1.000000, 1.000000, 1.000000
X 0.066676, -0.793898, -0.604384
Y -0.837131, 0.285089, -0.466836
Z 0.542924, 0.537075, -0.645588

BONE 75
OFFSET -19.641979, -13.609523, 42.701279
SCALE 1.000000, 1.000000, 1.000000
X 0.066673, 0.793892, 0.604392
Y -0.837135, -0.285092, 0.466827
Z 0.542917, -0.537082, 0.645587

BONE 76
OFFSET 20.410465, -12.161435, 41.479580
SCALE 1.000000, 1.000000, 1.000000
X -0.099502, -0.722206, -0.684483
Y -0.847956, 0.421480, -0.321443
Z 0.520644, 0.548427, -0.654337

BONE 77
OFFSET -20.410469, -12.161439, 41.479237
SCALE 1.000000, 1.000000, 1.000000
X -0.099506, 0.722200, 0.684489
Y -0.847960, -0.421481, 0.321432
Z 0.520637, -0.548435, 0.654336

BONE 78
OFFSET 20.114435, -12.877874, 42.061359
SCALE 1.000000, 1.000000, 1.000000
X -0.006153, -0.739036, -0.673638
Y -0.878925, 0.325280, -0.348831
Z 0.476920, 0.589931, -0.651559

BONE 79
OFFSET -20.114412, -12.877863, 42.061123
SCALE 1.000000, 1.000000, 1.000000
X -0.006157, 0.739030, 0.673645
Y -0.878929, -0.325281, 0.348821
Z 0.476913, -0.589938, 0.651557

BONE 80
OFFSET 18.473320, -11.542684, 44.177166
SCALE 1.000000, 1.000000, 1.000000
X -0.766464, -0.594188, -0.243871
Y 0.525112, -0.361068, -0.770641
Z 0.369852, -0.718728, 0.588761

BONE 81
OFFSET -18.473326, -11.542689, 44.176899
SCALE 1.000000, 1.000000, 1.000000
X -0.766465, 0.594188, 0.243870
Y 0.525106, 0.361059, 0.770649
Z 0.369859, 0.718733, -0.588751

BONE 82
OFFSET -28.520056, -12.712775, 38.934483
SCALE 1.000000, 1.000000, 1.000000
X 0.000000, -1.000000, -0.000000
Y 1.000000, 0.000000, 0.000000
Z 0.000000, -0.000000, 1.000000

BONE 83
OFFSET -28.520023, -12.712697, 38.934025
SCALE 1.000000, 1.000000, 1.000000
X -0.000002, -1.000000, -0.000009
Y 0.998880, -0.000002, -0.047321
Z 0.047321, -0.000009, 0.998880

BONE 84
OFFSET 19.334724, -15.549521, 42.840626
SCALE 1.000000, 1.000000, 1.000000
X -0.305669, -0.603884, -0.736132
Y -0.647539, 0.698656, -0.304258
Z 0.698040, 0.383672, -0.604596

BONE 85
OFFSET -19.334740, -15.549525, 42.840240
SCALE 1.000000, 1.000000, 1.000000
X -0.305674, 0.603878, 0.736135
Y -0.647543, -0.698657, 0.304247
Z 0.698034, -0.383679, 0.604598

BONE 86
OFFSET 19.765711, -15.082642, 41.580170
SCALE 1.000000, 1.000000, 1.000000
X -0.742615, -0.051907, -0.667704
Y -0.392118, 0.841936, 0.370658
Z 0.542924, 0.537075, -0.645588

BONE 87
OFFSET -19.765713, -15.082623, 41.579609
SCALE 1.000000, 1.000000, 1.000000
X -0.742620, 0.051903, 0.667698
Y -0.392117, -0.841932, -0.370669
Z 0.542918, -0.537082, 0.645588

BONE 88
OFFSET 20.291185, -13.027181, 40.659054
SCALE 1.000000, 1.000000, 1.000000
X -0.734281, -0.103406, -0.670923
Y -0.435615, 0.829780, 0.348862
Z 0.520644, 0.548427, -0.654337

BONE 89
OFFSET -20.291172, -13.027180, 40.658760
SCALE 1.000000, 1.000000, 1.000000
X -0.734287, 0.103402, 0.670918
Y -0.435614, -0.829776, -0.348873
Z 0.520638, -0.548434, 0.654337

BONE 90
OFFSET 20.104084, -14.121078, 40.928165
SCALE 1.000000, 1.000000, 1.000000
X -0.750659, -0.112245, -0.651086
Y -0.457230, 0.799613, 0.389306
Z 0.476919, 0.589932, -0.651558

BONE 91
OFFSET -20.104092, -14.121080, 40.927647
SCALE 1.000000, 1.000000, 1.000000
X -0.750664, 0.112241, 0.651080
Y -0.457229, -0.799609, -0.389317
Z 0.476912, -0.589939, 0.651557

BONE 92
OFFSET 16.629267, -12.972254, 43.590431
SCALE 1.000000, 1.000000, 1.000000
X -0.513943, -0.686180, -0.514801
Y 0.773998, -0.112190, -0.623170
Z 0.369851, -0.718728, 0.588761

BONE 93
OFFSET -16.629269, -12.972255, 43.589893
SCALE 1.000000, 1.000000, 1.000000
X -0.513946, 0.686176, 0.514803
Y 0.773993, 0.112182, 0.623177
Z 0.369858, 0.718733, -0.588751

BONE 94
OFFSET 19.037630, -16.136465, 42.125145
SCALE 1.000000, 1.000000, 1.000000
X -0.554197, -0.245199, -0.795452
Y -0.453439, 0.890322, 0.041472
Z 0.698039, 0.383672, -0.604596

BONE 95
OFFSET -19.037649, -16.136448, 42.124882
SCALE 1.000000, 1.000000, 1.000000
X -0.554203, 0.245193, 0.795449
Y -0.453441, -0.890320, -0.041484
Z 0.698033, -0.383680, 0.604599

BONE 96
OFFSET 18.947681, -15.139820, 40.844662
SCALE 1.000000, 1.000000, 1.000000
X -0.836716, 0.280325, -0.470451
Y -0.071693, 0.795593, 0.601574
Z 0.542924, 0.537075, -0.645588

BONE 97
OFFSET -18.947676, -15.139823, 40.844185
SCALE 1.000000, 1.000000, 1.000000
X -0.836721, -0.280327, 0.470441
Y -0.071690, -0.795587, -0.601582
Z 0.542917, -0.537082, 0.645588

BONE 98
OFFSET 19.784126, -13.098587, 40.195744
SCALE 1.000000, 1.000000, 1.000000
X -0.853757, 0.339265, -0.394967
Y 0.005383, 0.764282, 0.644859
Z 0.520644, 0.548427, -0.654337

BONE 99
OFFSET -19.784122, -13.098555, 40.195335
SCALE 1.000000, 1.000000, 1.000000
X -0.853761, -0.339267, 0.394957
Y 0.005387, -0.764276, -0.644866
Z 0.520638, -0.548434, 0.654337

BONE 100
OFFSET 19.396257, -14.226916, 40.314236
SCALE 1.000000, 1.000000, 1.000000
X -0.861547, 0.166994, -0.479426
Y -0.174022, 0.789996, 0.587897
Z 0.476920, 0.589931, -0.651558

BONE 101
OFFSET -19.396252, -14.226903, 40.313873
SCALE 1.000000, 1.000000, 1.000000
X -0.861552, -0.166996, 0.479417
Y -0.174019, -0.789990, -0.587905
Z 0.476913, -0.589939, 0.651557

BONE 102
OFFSET 16.015341, -13.791925, 42.975479
SCALE 1.000000, 1.000000, 1.000000
X -0.178370, -0.676836, -0.714197
Y 0.911808, 0.159130, -0.378528
Z 0.369851, -0.718729, 0.588761

BONE 103
OFFSET -16.015327, -13.791936, 42.974930
SCALE 1.000000, 1.000000, 1.000000
X -0.178374, 0.676830, 0.714202
Y 0.911805, -0.159134, 0.378534
Z 0.369857, 0.718733, -0.588751

NUMVERTS 2500
VERT 0
OFFSET -18.925039, -7.016575, 44.545670
BONES 1
BONE 70 1.000000

VERT 1
OFFSET -17.794016, -7.328740, 44.259056
BONES 1
BONE 70 1.000000

VERT 2
OFFSET -16.969408, -7.996929, 44.675591
BONES 1
BONE 70 1.000000

VERT 3
OFFSET -17.583071, -9.403189, 44.056297
BONES 2
BONE 70 0.808909
BONE 68 0.191091

VERT 4
OFFSET -19.456259, -8.830472, 44.013386
BONES 2
BONE 70 0.746933
BONE 68 0.253067

VERT 5
OFFSET -18.306732, -8.969015, 43.675983
BONES 2
BONE 70 0.712957
BONE 68 0.287043

VERT 6
OFFSET -16.557638, -13.541968, 42.838974
BONES 2
BONE 93 0.531594
BONE 103 0.468406

VERT 7
OFFSET -16.945000, -13.105355, 43.244095
BONES 2
BONE 81 0.581729
BONE 93 0.418271

VERT 8
OFFSET -16.860708, -13.329213, 43.966145
BONES 2
BONE 81 0.593705
BONE 93 0.406295

VERT 9
OFFSET -16.369371, -13.937205, 43.352360
BONES 2
BONE 93 0.657749
BONE 103 0.342251

VERT 10
OFFSET -16.427715, -13.771182, 42.633465
BONES 1
BONE 103 1.000000

VERT 11
OFFSET -16.484331, -13.610630, 42.775196
BONES 2
BONE 93 0.278202
BONE 103 0.721798

VERT 12
OFFSET -16.384134, -14.140197, 43.157482
BONES 2
BONE 93 0.201597
BONE 103 0.798403

VERT 13
OFFSET -17.623661, -13.480669, 44.007481
BONES 2
BONE 68 0.484324
BONE 81 0.515676

VERT 14
OFFSET -17.545591, -13.288268, 43.446850
BONES 2
BONE 68 0.564164
BONE 81 0.435836

VERT 15
OFFSET -18.333937, -13.976968, 43.858269
BONES 1
BONE 68 1.000000

VERT 16
OFFSET -18.312166, -13.337481, 43.266930
BONES 2
BONE 68 0.584587
BONE 81 0.415413

VERT 17
OFFSET -17.764723, -12.684488, 43.265354
BONES 2
BONE 68 0.020674
BONE 81 0.979326

VERT 18
OFFSET -17.273228, -12.413740, 43.184647
BONES 2
BONE 68 0.020674
BONE 81 0.979326

VERT 19
OFFSET -16.432205, -12.622912, 43.149212
BONES 3
BONE 81 0.657893
BONE 93 0.232664
BONE 103 0.109443

VERT 20
OFFSET -16.693701, -12.187638, 43.322441
BONES 1
BONE 81 1.000000

VERT 21
OFFSET -18.560314, -14.076811, 43.059055
BONES 3
BONE 68 0.743120
BONE 73 0.192556
BONE 85 0.064324

VERT 22
OFFSET -18.843111, -13.809527, 42.754330
BONES 1
BONE 68 1.000000

VERT 23
OFFSET -18.833818, -12.933188, 42.868896
BONES 1
BONE 68 1.000000

VERT 24
OFFSET -19.089016, -13.613504, 42.558662
BONES 3
BONE 68 0.743120
BONE 75 0.211359
BONE 87 0.045521

VERT 25
OFFSET -19.521496, -13.254764, 42.340942
BONES 1
BONE 68 1.000000

VERT 26
OFFSET -19.573740, -12.865984, 41.918503
BONES 2
BONE 68 0.947478
BONE 91 0.052522

VERT 27
OFFSET -19.240511, -12.249528, 42.169292
BONES 1
BONE 68 1.000000

VERT 28
OFFSET -19.726023, -12.445945, 41.700394
BONES 1
BONE 68 1.000000

VERT 29
OFFSET -19.789410, -11.749843, 41.518505
BONES 1
BONE 68 1.000000

VERT 30
OFFSET -20.465904, -11.684173, 41.468506
BONES 1
BONE 68 1.000000

VERT 31
OFFSET -20.065315, -12.363268, 41.444881
BONES 1
BONE 77 1.000000

VERT 32
OFFSET -18.772676, -9.615827, 43.053936
BONES 2
BONE 70 0.367180
BONE 68 0.632820

VERT 33
OFFSET -18.323818, -9.825708, 43.242519
BONES 2
BONE 70 0.397688
BONE 68 0.602312

VERT 34
OFFSET -19.339094, -10.658347, 42.029526
BONES 1
BONE 68 1.000000

VERT 35
OFFSET -18.644960, -11.051575, 42.407478
BONES 1
BONE 68 1.000000

VERT 36
OFFSET -18.212914, -11.353308, 43.296062
BONES 2
BONE 68 0.904332
BONE 81 0.095668

VERT 37
OFFSET -19.777086, -10.141024, 42.642124
BONES 1
BONE 68 1.000000

VERT 38
OFFSET -19.306536, -9.623032, 43.320473
BONES 2
BONE 70 0.371128
BONE 68 0.628872

VERT 39
OFFSET -17.785275, -10.528662, 43.566929
BONES 3
BONE 70 0.290201
BONE 68 0.653799
BONE 81 0.056000

VERT 40
OFFSET -17.716457, -10.180472, 43.714962
BONES 2
BONE 70 0.561644
BONE 68 0.438356

VERT 41
OFFSET -17.882874, -11.465630, 43.243698
BONES 2
BONE 68 0.248649
BONE 81 0.751351

VERT 42
OFFSET -20.197598, -10.805866, 42.015747
BONES 1
BONE 68 1.000000

VERT 43
OFFSET -17.350235, -10.462008, 44.241734
BONES 2
BONE 70 0.762233
BONE 68 0.237767

VERT 44
OFFSET -15.864017, -13.420197, 42.454723
BONES 2
BONE 93 0.191088
BONE 103 0.808912

VERT 45
OFFSET -15.869883, -13.258386, 42.732677
BONES 2
BONE 93 0.583627
BONE 103 0.416373

VERT 46
OFFSET -20.549448, -12.107008, 41.338188
BONES 1
BONE 77 1.000000

VERT 47
OFFSET -20.603346, -12.663504, 40.662205
BONES 2
BONE 77 0.377052
BONE 89 0.622948

VERT 48
OFFSET -20.112875, -12.670117, 41.003544
BONES 2
BONE 77 0.404660
BONE 89 0.595340

VERT 49
OFFSET -19.691025, -12.837835, 40.474014
BONES 2
BONE 89 0.271820
BONE 99 0.728180

VERT 50
OFFSET -20.133976, -12.817717, 40.201576
BONES 2
BONE 89 0.385765
BONE 99 0.614235

VERT 51
OFFSET -19.361692, -13.108701, 39.607479
BONES 1
BONE 99 1.000000

VERT 52
OFFSET -19.264843, -13.005393, 40.053150
BONES 1
BONE 99 1.000000

VERT 53
OFFSET -19.192795, -13.333858, 39.618900
BONES 1
BONE 99 1.000000

VERT 54
OFFSET -19.145866, -13.105118, 39.880314
BONES 1
BONE 99 1.000000

VERT 55
OFFSET -19.793032, -13.374961, 40.644882
BONES 2
BONE 89 0.342902
BONE 99 0.657098

VERT 56
OFFSET -20.236456, -13.272362, 41.163776
BONES 2
BONE 77 0.223746
BONE 89 0.776254

VERT 57
OFFSET -20.060825, -12.738070, 40.915356
BONES 2
BONE 77 0.204660
BONE 89 0.795340

VERT 58
OFFSET -19.793663, -12.815434, 40.587402
BONES 2
BONE 89 0.471820
BONE 99 0.528180

VERT 59
OFFSET -19.128033, -13.437125, 39.990948
BONES 1
BONE 99 1.000000

VERT 60
OFFSET -20.271418, -12.858858, 41.723228
BONES 1
BONE 68 1.000000

VERT 61
OFFSET -19.858976, -13.766615, 41.199608
BONES 2
BONE 79 0.474809
BONE 91 0.525191

VERT 62
OFFSET -20.534172, -13.822284, 40.926773
BONES 2
BONE 79 0.192812
BONE 91 0.807187

VERT 63
OFFSET -19.785315, -13.835944, 41.057480
BONES 2
BONE 79 0.274809
BONE 91 0.725191

VERT 64
OFFSET -19.403425, -13.942402, 40.538582
BONES 2
BONE 91 0.267129
BONE 101 0.732871

VERT 65
OFFSET -19.875866, -14.040276, 40.079136
BONES 2
BONE 91 0.411944
BONE 101 0.588056

VERT 66
OFFSET -19.042244, -13.692362, 39.611809
BONES 1
BONE 101 1.000000

VERT 67
OFFSET -18.955236, -13.732638, 40.261024
BONES 1
BONE 101 1.000000

VERT 68
OFFSET -18.755039, -13.752835, 39.988976
BONES 1
BONE 101 1.000000

VERT 69
OFFSET -19.352245, -14.571417, 40.554333
BONES 2
BONE 91 0.375906
BONE 101 0.624094

VERT 70
OFFSET -19.991772, -14.438898, 41.406693
BONES 2
BONE 79 0.545143
BONE 91 0.454857

VERT 71
OFFSET -19.495983, -13.933268, 40.653152
BONES 2
BONE 91 0.467129
BONE 101 0.532871

VERT 72
OFFSET -18.552992, -14.198288, 40.026379
BONES 1
BONE 101 1.000000

VERT 73
OFFSET -20.013897, -13.679881, 42.306301
BONES 1
BONE 68 1.000000

VERT 74
OFFSET -18.652678, -13.924803, 39.673622
BONES 1
BONE 101 1.000000

VERT 75
OFFSET -20.081339, -14.853070, 41.364960
BONES 2
BONE 75 0.440050
BONE 87 0.559950

VERT 76
OFFSET -19.451418, -14.757992, 41.724014
BONES 2
BONE 75 0.400000
BONE 87 0.600000

VERT 77
OFFSET -19.228424, -14.013504, 42.376377
BONES 1
BONE 75 1.000000

VERT 78
OFFSET -19.027559, -15.035787, 40.869686
BONES 2
BONE 87 0.153700
BONE 97 0.846300

VERT 79
OFFSET -19.522993, -15.247873, 40.459843
BONES 2
BONE 87 0.308216
BONE 97 0.691784

VERT 80
OFFSET -18.641928, -15.028740, 39.833858
BONES 1
BONE 97 1.000000

VERT 81
OFFSET -18.518938, -14.857205, 40.373623
BONES 1
BONE 97 1.000000

VERT 82
OFFSET -18.314842, -14.942205, 40.118111
BONES 1
BONE 97 1.000000

VERT 83
OFFSET -18.861732, -15.655000, 41.051178
BONES 2
BONE 87 0.372653
BONE 97 0.627347

VERT 84
OFFSET -19.327520, -15.352165, 41.960236
BONES 1
BONE 87 1.000000

VERT 85
OFFSET -19.410393, -14.880472, 41.551575
BONES 2
BONE 75 0.329260
BONE 87 0.670740

VERT 86
OFFSET -19.123268, -15.026378, 40.995670
BONES 2
BONE 87 0.353700
BONE 97 0.646300

VERT 87
OFFSET -18.153229, -15.271064, 40.360630
BONES 1
BONE 97 1.000000

VERT 88
OFFSET -19.366261, -14.251417, 42.976772
BONES 1
BONE 68 1.000000

VERT 89
OFFSET -18.246655, -15.120512, 39.956692
BONES 1
BONE 97 1.000000

VERT 90
OFFSET -19.465670, -15.386417, 42.435432
BONES 2
BONE 73 0.232300
BONE 85 0.767700

VERT 91
OFFSET -18.783386, -15.205629, 42.620472
BONES 2
BONE 73 0.488421
BONE 85 0.511579

VERT 92
OFFSET -18.653189, -14.309369, 43.002754
BONES 1
BONE 73 1.000000

VERT 93
OFFSET -18.659962, -14.676575, 43.641338
BONES 1
BONE 73 1.000000

VERT 94
OFFSET -18.530039, -14.392913, 43.809448
BONES 1
BONE 68 1.000000

VERT 95
OFFSET -17.765039, -15.993897, 41.491734
BONES 1
BONE 95 1.000000

VERT 96
OFFSET -18.379133, -16.248621, 42.333073
BONES 2
BONE 85 0.464490
BONE 95 0.535510

VERT 97
OFFSET -18.460865, -15.712953, 41.990551
BONES 2
BONE 85 0.600000
BONE 95 0.400000

VERT 98
OFFSET -17.986969, -15.645354, 41.478741
BONES 1
BONE 95 1.000000

VERT 99
OFFSET -18.743229, -15.316929, 42.480316
BONES 1
BONE 85 1.000000

VERT 100
OFFSET -19.107481, -15.948818, 41.753937
BONES 2
BONE 85 0.491504
BONE 95 0.508496

VERT 101
OFFSET -18.542088, -15.666102, 42.148426
BONES 1
BONE 85 1.000000

VERT 102
OFFSET -18.725197, -15.762441, 43.018108
BONES 2
BONE 73 0.616000
BONE 85 0.384000

VERT 103
OFFSET -18.217676, -15.684292, 41.092915
BONES 1
BONE 95 1.000000

VERT 104
OFFSET -17.882914, -15.900787, 41.135433
BONES 1
BONE 95 1.000000

VERT 105
OFFSET -19.881811, -13.365314, 41.703152
BONES 1
BONE 79 1.000000

VERT 106
OFFSET -17.248976, -11.206772, 43.866142
BONES 2
BONE 68 0.377174
BONE 81 0.622826

VERT 107
OFFSET -16.031969, -14.377521, 42.188580
BONES 1
BONE 103 1.000000

VERT 108
OFFSET -15.638741, -14.129252, 42.029133
BONES 1
BONE 103 1.000000

VERT 109
OFFSET -15.735276, -14.537481, 42.162994
BONES 1
BONE 103 1.000000

VERT 110
OFFSET -15.974607, -14.565275, 42.568504
BONES 1
BONE 103 1.000000

VERT 111
OFFSET -18.382008, -10.050394, 45.625591
BONES 2
BONE 70 0.926888
BONE 68 0.073112

VERT 112
OFFSET -18.315001, -8.311259, 46.688976
BONES 1
BONE 70 1.000000

VERT 113
OFFSET -16.713387, -8.742599, 45.953545
BONES 1
BONE 70 1.000000

VERT 114
OFFSET -17.286772, -10.157795, 45.154724
BONES 2
BONE 70 0.935535
BONE 68 0.064465

VERT 115
OFFSET -19.178465, -7.376575, 45.762203
BONES 1
BONE 70 1.000000

VERT 116
OFFSET -19.363228, -9.336221, 45.048031
BONES 1
BONE 70 1.000000

VERT 117
OFFSET -15.794370, -14.517440, 42.666931
BONES 1
BONE 103 1.000000

VERT 118
OFFSET -15.533622, -14.554449, 42.281891
BONES 1
BONE 103 1.000000

VERT 119
OFFSET -15.920669, -14.067796, 43.147636
BONES 2
BONE 93 0.185520
BONE 103 0.814480

VERT 120
OFFSET -15.505315, -14.142165, 42.202755
BONES 1
BONE 103 1.000000

VERT 121
OFFSET -15.653386, -13.615709, 42.776379
BONES 2
BONE 93 0.145249
BONE 103 0.854751

VERT 122
OFFSET -17.765236, -10.882756, 45.210236
BONES 3
BONE 70 0.332202
BONE 68 0.169489
BONE 81 0.498309

VERT 123
OFFSET -17.475630, -12.282284, 44.879528
BONES 2
BONE 68 0.060911
BONE 81 0.939089

VERT 124
OFFSET -18.313465, -12.132795, 44.829918
BONES 2
BONE 68 0.523033
BONE 81 0.476967

VERT 125
OFFSET -18.388977, -10.739763, 45.298031
BONES 3
BONE 70 0.111192
BONE 68 0.392527
BONE 81 0.496281

VERT 126
OFFSET -17.053976, -11.943110, 44.715748
BONES 2
BONE 68 0.023042
BONE 81 0.976958

VERT 127
OFFSET -17.374016, -10.835039, 44.874016
BONES 2
BONE 70 0.873752
BONE 68 0.126248

VERT 128
OFFSET -16.112125, -12.530512, 44.149605
BONES 2
BONE 81 0.891827
BONE 93 0.108173

VERT 129
OFFSET -16.860117, -11.627560, 44.462990
BONES 2
BONE 68 0.078697
BONE 81 0.921303

VERT 130
OFFSET -16.854174, -11.401457, 44.157482
BONES 2
BONE 68 0.078697
BONE 81 0.921303

VERT 131
OFFSET -16.241140, -12.148936, 43.722443
BONES 2
BONE 81 0.962626
BONE 93 0.037374

VERT 132
OFFSET -16.373583, -12.760867, 44.383858
BONES 2
BONE 81 0.883073
BONE 93 0.116927

VERT 133
OFFSET -16.969883, -13.047598, 44.384647
BONES 3
BONE 68 0.028661
BONE 81 0.803962
BONE 93 0.167377

VERT 134
OFFSET -17.769175, -13.201693, 44.300789
BONES 2
BONE 68 0.484324
BONE 81 0.515676

VERT 135
OFFSET -18.745787, -13.955984, 44.125984
BONES 1
BONE 68 1.000000

VERT 136
OFFSET -16.275158, -13.036221, 44.159054
BONES 2
BONE 81 0.561133
BONE 93 0.438867

VERT 137
OFFSET -16.083975, -12.605709, 43.567719
BONES 1
BONE 81 1.000000

VERT 138
OFFSET -16.017401, -12.813662, 43.895672
BONES 2
BONE 81 0.620757
BONE 93 0.379243

VERT 139
OFFSET -18.878424, -14.306458, 43.935432
BONES 1
BONE 68 1.000000

VERT 140
OFFSET -19.478031, -14.307480, 43.959053
BONES 1
BONE 68 1.000000

VERT 141
OFFSET -19.393070, -13.814842, 44.123623
BONES 2
BONE 68 0.925069
BONE 81 0.074931

VERT 142
OFFSET -19.677401, -14.032126, 43.458267
BONES 1
BONE 68 1.000000

VERT 143
OFFSET -19.610119, -13.661850, 43.663780
BONES 1
BONE 68 1.000000

VERT 144
OFFSET -20.202244, -13.880787, 43.341732
BONES 1
BONE 68 1.000000

VERT 145
OFFSET -20.008858, -13.411732, 43.615746
BONES 1
BONE 68 1.000000

VERT 146
OFFSET -20.294489, -13.395670, 42.911026
BONES 1
BONE 68 1.000000

VERT 147
OFFSET -20.181850, -13.052992, 43.131889
BONES 1
BONE 68 1.000000

VERT 148
OFFSET -20.719292, -13.192087, 42.701572
BONES 1
BONE 68 1.000000

VERT 149
OFFSET -20.553543, -12.718623, 42.953938
BONES 1
BONE 68 1.000000

VERT 150
OFFSET -20.646574, -12.626928, 42.322441
BONES 1
BONE 68 1.000000

VERT 151
OFFSET -20.512283, -12.360315, 42.602757
BONES 1
BONE 68 1.000000

VERT 152
OFFSET -20.973070, -12.273543, 42.107483
BONES 1
BONE 68 1.000000

VERT 153
OFFSET -20.704882, -11.833228, 42.493305
BONES 1
BONE 68 1.000000

VERT 154
OFFSET -20.863464, -12.183740, 41.571655
BONES 1
BONE 77 1.000000

VERT 155
OFFSET -20.859802, -11.897323, 41.861027
BONES 1
BONE 68 1.000000

VERT 156
OFFSET -20.915827, -12.491299, 41.809841
BONES 1
BONE 77 1.000000

VERT 157
OFFSET -20.541103, -11.111181, 42.353939
BONES 1
BONE 68 1.000000

VERT 158
OFFSET -19.960945, -10.191693, 42.981892
BONES 1
BONE 68 1.000000

VERT 159
OFFSET -19.967205, -10.512362, 43.601967
BONES 1
BONE 68 1.000000

VERT 160
OFFSET -19.001852, -10.423976, 44.962601
BONES 2
BONE 70 0.600205
BONE 68 0.399795

VERT 161
OFFSET -19.438583, -10.124331, 44.674408
BONES 2
BONE 70 0.524401
BONE 68 0.475599

VERT 162
OFFSET -18.756811, -11.813229, 44.826771
BONES 2
BONE 68 0.859141
BONE 81 0.140859

VERT 163
OFFSET -19.415237, -11.499016, 44.514175
BONES 1
BONE 68 1.000000

VERT 164
OFFSET -19.886772, -10.854646, 44.001183
BONES 1
BONE 68 1.000000

VERT 165
OFFSET -19.676220, -11.163505, 44.277954
BONES 1
BONE 68 1.000000

VERT 166
OFFSET -19.719448, -9.674292, 44.158661
BONES 2
BONE 70 0.581995
BONE 68 0.418005

VERT 167
OFFSET -19.587639, -9.674999, 43.589764
BONES 2
BONE 70 0.415965
BONE 68 0.584035

VERT 168
OFFSET -15.603662, -13.988229, 42.936218
BONES 2
BONE 93 0.145900
BONE 103 0.854100

VERT 169
OFFSET -15.521418, -13.672402, 43.285435
BONES 2
BONE 93 0.527584
BONE 103 0.472416

VERT 170
OFFSET -15.559842, -13.413228, 43.032284
BONES 2
BONE 93 0.532524
BONE 103 0.467476

VERT 171
OFFSET -15.762204, -13.917087, 43.460629
BONES 2
BONE 93 0.558276
BONE 103 0.441724

VERT 172
OFFSET -19.452679, -13.185905, 39.611809
BONES 1
BONE 99 1.000000

VERT 173
OFFSET -19.394960, -13.436023, 39.627560
BONES 1
BONE 99 1.000000

VERT 174
OFFSET -20.686062, -12.741773, 42.008266
BONES 1
BONE 77 1.000000

VERT 175
OFFSET -20.638544, -13.331969, 41.081890
BONES 2
BONE 77 0.541595
BONE 89 0.458405

VERT 176
OFFSET -20.799881, -13.148464, 40.961025
BONES 2
BONE 77 0.657069
BONE 89 0.342931

VERT 177
OFFSET -19.751022, -13.398858, 39.962204
BONES 1
BONE 99 1.000000

VERT 178
OFFSET -20.081339, -13.407519, 40.149212
BONES 2
BONE 89 0.263009
BONE 99 0.736991

VERT 179
OFFSET -19.985945, -13.495630, 40.380314
BONES 2
BONE 89 0.196544
BONE 99 0.803456

VERT 180
OFFSET -19.286455, -13.545275, 39.863777
BONES 1
BONE 99 1.000000

VERT 181
OFFSET -20.802992, -12.930748, 40.790157
BONES 2
BONE 77 0.539968
BONE 89 0.460032

VERT 182
OFFSET -20.712086, -13.047795, 40.588978
BONES 2
BONE 77 0.299840
BONE 89 0.700160

VERT 183
OFFSET -20.340826, -13.204686, 40.218109
BONES 2
BONE 89 0.500800
BONE 99 0.499200

VERT 184
OFFSET -20.649134, -13.276811, 40.700787
BONES 2
BONE 77 0.423976
BONE 89 0.576024

VERT 185
OFFSET -20.561064, -13.425631, 40.881100
BONES 2
BONE 77 0.346638
BONE 89 0.653362

VERT 186
OFFSET -20.143780, -13.523622, 40.470863
BONES 2
BONE 89 0.460129
BONE 99 0.539871

VERT 187
OFFSET -20.303858, -13.432126, 40.293701
BONES 2
BONE 89 0.573281
BONE 99 0.426719

VERT 188
OFFSET -20.157717, -13.170984, 40.112598
BONES 2
BONE 89 0.199552
BONE 99 0.800448

VERT 189
OFFSET -19.042559, -13.898110, 39.612206
BONES 1
BONE 101 1.000000

VERT 190
OFFSET -18.836811, -14.165039, 39.589764
BONES 1
BONE 101 1.000000

VERT 191
OFFSET -20.645826, -13.388582, 42.445274
BONES 1
BONE 79 1.000000

VERT 192
OFFSET -20.298779, -13.559015, 42.556694
BONES 1
BONE 79 1.000000

VERT 193
OFFSET -20.387560, -14.591300, 41.398426
BONES 2
BONE 79 0.602194
BONE 91 0.397806

VERT 194
OFFSET -20.645552, -14.459056, 41.240158
BONES 2
BONE 79 0.586240
BONE 91 0.413760

VERT 195
OFFSET -19.251022, -14.332322, 39.815750
BONES 1
BONE 101 1.000000

VERT 196
OFFSET -19.611929, -14.600670, 39.949608
BONES 2
BONE 91 0.334707
BONE 101 0.665293

VERT 197
OFFSET -19.484173, -14.764449, 40.198425
BONES 2
BONE 91 0.339051
BONE 101 0.660949

VERT 198
OFFSET -18.709095, -14.242361, 39.894882
BONES 1
BONE 101 1.000000

VERT 199
OFFSET -20.779369, -14.128150, 41.078739
BONES 2
BONE 79 0.463040
BONE 91 0.536960

VERT 200
OFFSET -20.604172, -14.208700, 40.853542
BONES 2
BONE 79 0.202560
BONE 91 0.797440

VERT 201
OFFSET -19.955118, -14.397519, 40.001968
BONES 2
BONE 91 0.556961
BONE 101 0.443039

VERT 202
OFFSET -20.597441, -12.942440, 42.086220
BONES 1
BONE 79 1.000000

VERT 203
OFFSET -20.456339, -14.498583, 40.950394
BONES 2
BONE 79 0.289646
BONE 91 0.710354

VERT 204
OFFSET -20.237362, -14.591928, 41.225197
BONES 2
BONE 79 0.341714
BONE 91 0.658286

VERT 205
OFFSET -19.607244, -14.764921, 40.321655
BONES 2
BONE 91 0.533429
BONE 101 0.466571

VERT 206
OFFSET -19.806417, -14.693503, 40.066929
BONES 2
BONE 91 0.645200
BONE 101 0.354800

VERT 207
OFFSET -19.840315, -14.378307, 39.900787
BONES 2
BONE 91 0.335374
BONE 101 0.664626

VERT 208
OFFSET -19.713505, -14.277913, 43.043308
BONES 1
BONE 68 1.000000

VERT 209
OFFSET -19.878544, -15.545354, 42.064568
BONES 2
BONE 75 0.600000
BONE 87 0.400000

VERT 210
OFFSET -19.780787, -15.724882, 41.831100
BONES 2
BONE 75 0.001154
BONE 87 0.998846

VERT 211
OFFSET -20.213228, -15.327166, 41.372047
BONES 2
BONE 75 0.212961
BONE 87 0.787039

VERT 212
OFFSET -19.592993, -15.556299, 40.463387
BONES 2
BONE 87 0.470935
BONE 97 0.529065

VERT 213
OFFSET -20.222244, -13.742914, 42.618111
BONES 1
BONE 75 1.000000

VERT 214
OFFSET -19.107363, -15.953858, 40.926380
BONES 2
BONE 87 0.543175
BONE 97 0.456825

VERT 215
OFFSET -20.286850, -15.129567, 41.610630
BONES 2
