// Export filename: 'C:/projects/cod/t5/model_export/russian/characters/cod7/heavy/c_rus_heavy_fb_LOD0.XMODEL_EXPORT'
// Source filename: 'd:/projects/devart/t5/model_export/russian/characters/cod7/heavy/_c_rus_heavy_1.ma'
// Export time: Wed Sep 01 17:33:03 2010
MODEL
VERSION 6

NUMBONES 92
BONE 0 -1 "TAG_ORIGIN"
BONE 1 0 "J_MainRoot"
BONE 2 0 "TAG_SYNC"
BONE 3 1 "J_Hip_LE"
BONE 4 1 "J_Hip_RI"
BONE 5 1 "J_SpineLower"
BONE 6 1 "TAG_STOWED_DEPLOY"
BONE 7 3 "J_HipTwist_LE"
BONE 8 4 "J_HipTwist_RI"
BONE 9 3 "J_Knee_LE"
BONE 10 4 "J_Knee_RI"
BONE 11 5 "J_SpineUpper"
BONE 12 9 "J_Ankle_LE"
BONE 13 10 "J_Ankle_RI"
BONE 14 9 "J_Knee_Bulge_LE"
BONE 15 10 "J_Knee_Bulge_RI"
BONE 16 11 "J_Spine4"
BONE 17 11 "TAG_STOWED_BACKPACK"
BONE 18 12 "J_Ball_LE"
BONE 19 13 "J_Ball_RI"
BONE 20 16 "J_Clavicle_LE"
BONE 21 16 "J_Clavicle_RI"
BONE 22 16 "J_Neck"
BONE 23 16 "J_ShoulderRaise_LE"
BONE 24 16 "J_ShoulderRaise_RI"
BONE 25 16 "TAG_INHAND"
BONE 26 16 "TAG_STOWED_BACK"
BONE 27 16 "TAG_STOWED_LETHAL"
BONE 28 16 "TAG_STOWED_TACTICAL"
BONE 29 16 "TAG_WEAPON_CHEST"
BONE 30 22 "J_Head"
BONE 31 20 "J_Shoulder_LE"
BONE 32 21 "J_Shoulder_RI"
BONE 33 30 "J_Brow_LE"
BONE 34 30 "J_Brow_RI"
BONE 35 30 "J_Cheek_LE"
BONE 36 30 "J_Cheek_RI"
BONE 37 30 "J_CheekPuff_LE"
BONE 38 31 "J_Elbow_Bulge_LE"
BONE 39 32 "J_Elbow_Bulge_RI"
BONE 40 31 "J_Elbow_LE"
BONE 41 32 "J_Elbow_RI"
BONE 42 30 "J_Eye_Lid_Bot_LE"
BONE 43 30 "J_Eye_Lid_Bot_RI"
BONE 44 30 "J_Eye_Lid_Top_LE"
BONE 45 30 "J_Eye_Lid_Top_RI"
BONE 46 30 "J_EyeBall_LE"
BONE 47 30 "J_EyeBall_RI"
BONE 48 30 "J_Head_END"
BONE 49 30 "J_Jaw"
BONE 50 30 "J_Levator_LE"
BONE 51 30 "J_Levator_RI"
BONE 52 31 "J_ShoulderTwist_LE"
BONE 53 32 "J_ShoulderTwist_RI"
BONE 54 30 "TAG_EYE"
BONE 55 48 "J_Helmet"
BONE 56 40 "J_Wrist_LE"
BONE 57 41 "J_Wrist_RI"
BONE 58 40 "J_WristTwist_LE"
BONE 59 41 "J_WristTwist_RI"
BONE 60 56 "J_Index_LE_1"
BONE 61 57 "J_Index_RI_1"
BONE 62 56 "J_Mid_LE_1"
BONE 63 57 "J_Mid_RI_1"
BONE 64 56 "J_Pinky_LE_1"
BONE 65 57 "J_Pinky_RI_1"
BONE 66 56 "J_Ring_LE_1"
BONE 67 57 "J_Ring_RI_1"
BONE 68 56 "J_Thumb_LE_1"
BONE 69 57 "J_Thumb_RI_1"
BONE 70 56 "TAG_WEAPON_LEFT"
BONE 71 57 "TAG_WEAPON_RIGHT"
BONE 72 60 "J_Index_LE_2"
BONE 73 61 "J_Index_RI_2"
BONE 74 62 "J_Mid_LE_2"
BONE 75 63 "J_Mid_RI_2"
BONE 76 64 "J_Pinky_LE_2"
BONE 77 65 "J_Pinky_RI_2"
BONE 78 66 "J_Ring_LE_2"
BONE 79 67 "J_Ring_RI_2"
BONE 80 68 "J_Thumb_LE_2"
BONE 81 69 "J_Thumb_RI_2"
BONE 82 72 "J_Index_LE_3"
BONE 83 73 "J_Index_RI_3"
BONE 84 74 "J_Mid_LE_3"
BONE 85 75 "J_Mid_RI_3"
BONE 86 76 "J_Pinky_LE_3"
BONE 87 77 "J_Pinky_RI_3"
BONE 88 78 "J_Ring_LE_3"
BONE 89 79 "J_Ring_RI_3"
BONE 90 80 "J_Thumb_LE_3"
BONE 91 81 "J_Thumb_RI_3"

BONE 0
OFFSET 0.000002, -2.222000, 0.000042
SCALE 1.000000, 1.000000, 1.000000
X -0.000000, -1.000000, -0.000001
Y 1.000000, -0.000000, 0.000000
Z -0.000000, -0.000001, 1.000000

BONE 1
OFFSET 0.000082, 1.218927, 37.228020
SCALE 1.000000, 1.000000, 1.000000
X 0.000005, 0.024825, 0.999692
Y 0.000006, -0.999692, 0.024825
Z 1.000000, 0.000006, -0.000005

BONE 2
OFFSET 0.000002, -2.219720, 0.000042
SCALE 1.000000, 1.000000, 1.000000
X -0.000000, -1.000000, -0.000003
Y 1.000000, -0.000000, 0.000000
Z -0.000000, -0.000003, 1.000000

BONE 3
OFFSET 4.865472, 1.218951, 37.228016
SCALE 1.000000, 1.000000, 1.000000
X -0.008941, 0.033879, -0.999386
Y -0.004877, -0.999415, -0.033837
Z -0.999948, 0.004571, 0.009101

BONE 4
OFFSET -4.865293, 1.218927, 37.227978
SCALE 1.000000, 1.000000, 1.000000
X -0.008909, -0.033842, 0.999388
Y -0.004870, 0.999417, 0.033800
Z -0.999948, -0.004566, -0.009069

BONE 5
OFFSET 0.000089, 1.148792, 42.432632
SCALE 1.000000, 1.000000, 1.000000
X 0.000001, 0.029870, 0.999554
Y -0.000002, -0.999554, 0.029870
Z 1.000000, -0.000002, -0.000001

BONE 6
OFFSET 6.551747, 3.742264, 38.743519
SCALE 1.000000, 1.000000, 1.000000
X 0.794491, 0.591485, 0.137587
Y -0.604194, 0.792703, 0.081070
Z -0.061114, -0.147538, 0.987166

BONE 7
OFFSET 4.837310, 1.325658, 34.080341
SCALE 1.000000, 1.000000, 1.000000
X -0.008941, 0.033879, -0.999386
Y -0.004864, -0.999416, -0.033837
Z -0.999948, 0.004558, 0.009101

BONE 8
OFFSET -4.837236, 1.325506, 34.080624
SCALE 1.000000, 1.000000, 1.000000
X -0.008909, -0.033842, 0.999388
Y -0.004874, 0.999417, 0.033800
Z -0.999948, -0.004570, -0.009069

BONE 9
OFFSET 4.708874, 1.812570, 19.727123
SCALE 1.000000, 1.000000, 1.000000
X -0.008203, 0.166937, -0.985933
Y -0.006021, -0.985957, -0.166891
Z -0.999948, 0.004567, 0.009093

BONE 10
OFFSET -4.708568, 1.812141, 19.727461
SCALE 1.000000, 1.000000, 1.000000
X -0.008167, -0.166975, 0.985927
Y -0.006022, 0.985950, 0.166929
Z -0.999949, -0.004574, -0.009057

BONE 11
OFFSET 0.000094, 1.131313, 47.652164
SCALE 1.000000, 1.000000, 1.000000
X 0.000003, -0.020406, 0.999792
Y 0.000005, -0.999792, -0.020406
Z 1.000000, 0.000006, -0.000003

BONE 12
OFFSET 4.584381, 4.343949, 4.776942
SCALE 1.000000, 1.000000, 1.000000
X -0.000000, -0.008729, -0.999962
Y 0.016577, -0.999824, 0.008728
Z -0.999863, -0.016577, 0.000145

BONE 13
OFFSET -4.584069, 4.344151, 4.777238
SCALE 1.000000, 1.000000, 1.000000
X 0.000009, 0.008730, 0.999962
Y 0.016581, 0.999824, -0.008729
Z -0.999862, 0.016581, -0.000136

BONE 14
OFFSET 4.700433, -0.061928, 19.740456
SCALE 1.000000, 1.000000, 1.000000
X -0.000006, 0.029848, 0.999554
Y -0.000002, -0.999554, 0.029848
Z 1.000000, -0.000002, 0.000006

BONE 15
OFFSET -4.688321, -0.066477, 19.765478
SCALE 1.000000, 1.000000, 1.000000
X -0.000042, -0.029855, -0.999554
Y -0.000010, 0.999554, -0.029855
Z 1.000000, 0.000009, -0.000042

BONE 16
OFFSET 0.000090, 1.067745, 51.758411
SCALE 1.000000, 1.000000, 1.000000
X 0.000002, -0.047080, 0.998891
Y 0.000010, -0.998891, -0.047080
Z 1.000000, 0.000011, -0.000001

BONE 17
OFFSET 0.002056, 7.939955, 50.851307
SCALE 1.000000, 1.000000, 1.000000
X -0.002312, 0.998623, 0.052401
Y -0.999994, -0.002453, 0.002620
Z 0.002745, -0.052394, 0.998623

BONE 18
OFFSET 4.746620, -1.234840, 0.330913
SCALE 1.000000, 1.000000, 1.000000
X 0.016342, -0.983115, 0.182258
Y -0.002855, 0.182235, 0.983251
Z -0.999862, -0.016588, 0.000171

BONE 19
OFFSET -4.746290, -1.234591, 0.331138
SCALE 1.000000, 1.000000, 1.000000
X 0.016296, 0.983125, -0.182210
Y -0.002898, -0.182187, -0.983260
Z -0.999863, 0.016551, -0.000120

BONE 20
OFFSET 1.356609, 1.015539, 56.400341
SCALE 1.000000, 1.000000, 1.000000
X 0.997183, -0.019399, 0.072449
Y 0.018071, 0.999657, 0.018947
Z -0.072792, -0.017584, 0.997192

BONE 21
OFFSET -1.356719, 1.015542, 56.400444
SCALE 1.000000, 1.000000, 1.000000
X 0.997186, 0.019411, -0.072414
Y 0.018084, -0.999657, -0.018932
Z -0.072757, 0.017569, -0.997195

BONE 22
OFFSET 0.000058, 0.503915, 60.542107
SCALE 1.000000, 1.000000, 1.000000
X 0.000005, -0.309757, 0.950816
Y 0.000009, -0.950816, -0.309757
Z 1.000000, 0.000010, -0.000002

BONE 23
OFFSET 4.025334, 0.920922, 58.859638
SCALE 1.000000, 1.000000, 1.000000
X -0.997186, 0.019392, -0.072414
Y -0.018067, -0.999658, -0.018910
Z -0.072756, -0.017549, 0.997195

BONE 24
OFFSET -4.025115, 0.920835, 58.859825
SCALE 1.000000, 1.000000, 1.000000
X -0.997185, -0.019413, 0.072417
Y -0.018088, 0.999658, 0.018910
Z -0.072759, 0.017547, -0.997195

BONE 25
OFFSET -28.519920, -12.713210, 38.935009
SCALE 1.000000, 1.000000, 1.000000
X 1.000000, 0.000011, -0.000001
Y 0.000007, -0.764281, -0.644884
Z -0.000008, 0.644884, -0.764281

BONE 26
OFFSET -3.446791, 8.288239, 51.019424
SCALE 1.000000, 1.000000, 1.000000
X -0.083352, 0.038091, -0.995792
Y 0.176876, -0.982837, -0.052401
Z -0.980697, -0.180500, 0.075184

BONE 27
OFFSET 5.324184, -4.817457, 56.563660
SCALE 1.000000, 1.000000, 1.000000
X 0.425518, -0.775120, 0.467037
Y 0.904858, 0.371803, -0.207351
Z -0.012924, 0.510834, 0.859582

BONE 28
OFFSET -5.921757, -4.462816, 56.530518
SCALE 1.000000, 1.000000, 1.000000
X -0.289342, -0.948959, 0.125531
Y 0.919742, -0.311950, -0.238249
Z 0.265248, 0.046520, 0.963057

BONE 29
OFFSET -28.519920, -12.713210, 38.935009
SCALE 1.000000, 1.000000, 1.000000
X 0.000011, -1.000000, 0.000001
Y 1.000000, 0.000011, -0.000001
Z 0.000001, 0.000001, 1.000000

BONE 30
OFFSET 0.000057, -0.306903, 63.520969
SCALE 1.000000, 1.000000, 1.000000
X -0.000007, -0.216434, 0.976297
Y 0.000005, -0.976297, -0.216434
Z 1.000000, 0.000004, 0.000008

BONE 31
OFFSET 7.725458, 0.891629, 56.863182
SCALE 1.000000, 1.000000, 1.000000
X 0.662981, -0.260696, -0.701779
Y 0.273873, 0.956889, -0.096732
Z 0.696743, -0.128067, 0.705796

BONE 32
OFFSET -7.725506, 0.891564, 56.862965
SCALE 1.000000, 1.000000, 1.000000
X 0.662960, 0.260726, 0.701788
Y 0.273916, -0.956876, 0.096734
Z 0.696745, 0.128101, -0.705788

BONE 33
OFFSET 1.567977, -4.906001, 67.029114
SCALE 1.000000, 1.000000, 1.000000
X 1.000000, 0.000000, 0.000000
Y 0.000000, -0.000000, 1.000000
Z 0.000000, -1.000000, -0.000000

BONE 34
OFFSET -1.567955, -4.906012, 67.029091
SCALE 1.000000, 1.000000, 1.000000
X 1.000000, 0.000000, 0.000000
Y 0.000000, -0.000000, 1.000000
Z 0.000000, -1.000000, -0.000000

BONE 35
OFFSET 1.970477, -4.516927, 65.335808
SCALE 1.000000, 1.000000, 1.000000
X 1.000000, 0.000000, 0.000000
Y 0.000000, -0.000000, 1.000000
Z 0.000000, -1.000000, -0.000000

BONE 36
OFFSET -1.969941, -4.516941, 65.335777
SCALE 1.000000, 1.000000, 1.000000
X 1.000000, 0.000000, 0.000000
Y 0.000000, -0.000000, 1.000000
Z 0.000000, -1.000000, -0.000000

BONE 37
OFFSET 1.816072, -4.282489, 63.435799
SCALE 1.000000, 1.000000, 1.000000
X 1.000000, 0.000000, 0.000000
Y 0.000000, -0.000000, 1.000000
Z 0.000000, -1.000000, -0.000000

BONE 38
OFFSET 15.846270, -1.632336, 48.642548
SCALE 1.000000, 1.000000, 1.000000
X 0.294563, -0.846066, -0.444303
Y 0.654051, 0.517466, -0.551767
Z 0.696743, -0.128067, 0.705796

BONE 39
OFFSET -15.846113, -1.632834, 48.642265
SCALE 1.000000, 1.000000, 1.000000
X 0.294518, 0.846079, 0.444308
Y 0.654068, -0.517437, 0.551773
Z 0.696745, 0.128101, -0.705788

BONE 40
OFFSET 15.742274, -1.805675, 48.713013
SCALE 1.000000, 1.000000, 1.000000
X 0.294845, -0.845858, -0.444512
Y 0.653923, 0.517813, -0.551593
Z 0.696743, -0.128042, 0.705801

BONE 41
OFFSET -15.742270, -1.806072, 48.712933
SCALE 1.000000, 1.000000, 1.000000
X 0.294819, 0.845861, 0.444523
Y 0.653933, -0.517800, 0.551592
Z 0.696745, 0.128069, -0.705794

BONE 42
OFFSET 1.252017, -4.224074, 66.324142
SCALE 1.000000, 1.000000, 1.000000
X 1.000000, 0.000000, 0.000000
Y 0.000000, -0.000000, 1.000000
Z 0.000000, -1.000000, -0.000000

BONE 43
OFFSET -1.252075, -4.224074, 66.324135
SCALE 1.000000, 1.000000, 1.000000
X 1.000000, 0.000000, 0.000000
Y 0.000000, -0.000000, 1.000000
Z 0.000000, -1.000000, -0.000000

BONE 44
OFFSET 1.252017, -4.224074, 66.324142
SCALE 1.000000, 1.000000, 1.000000
X 1.000000, 0.000000, 0.000000
Y 0.000000, -0.000000, 1.000000
Z 0.000000, -1.000000, -0.000000

BONE 45
OFFSET -1.252075, -4.224074, 66.324135
SCALE 1.000000, 1.000000, 1.000000
X 1.000000, 0.000000, 0.000000
Y 0.000000, -0.000000, 1.000000
Z 0.000000, -1.000000, -0.000000

BONE 46
OFFSET 1.191022, -4.219513, 66.318771
SCALE 1.000000, 1.000000, 1.000000
X 1.000000, 0.000000, 0.000000
Y 0.000000, -0.000000, 1.000000
Z 0.000000, -1.000000, -0.000000

BONE 47
OFFSET -1.231289, -4.220488, 66.286385
SCALE 1.000000, 1.000000, 1.000000
X 1.000000, 0.000000, 0.000000
Y 0.000000, -0.000000, 1.000000
Z 0.000000, -1.000000, -0.000000

BONE 48
OFFSET -0.000527, -1.399727, 69.807846
SCALE 1.000000, 1.000000, 1.000000
X -0.000007, -0.216434, 0.976297
Y 0.000005, -0.976297, -0.216434
Z 1.000000, 0.000004, 0.000008

BONE 49
OFFSET 0.000054, -1.732703, 63.848927
SCALE 1.000000, 1.000000, 1.000000
X 1.000000, 0.000000, 0.000000
Y 0.000000, -0.000000, 1.000000
Z 0.000000, -1.000000, -0.000000

BONE 50
OFFSET 0.830634, -5.299398, 64.796432
SCALE 1.000000, 1.000000, 1.000000
X 1.000000, 0.000000, 0.000000
Y 0.000000, -0.000000, 1.000000
Z 0.000000, -1.000000, -0.000000

BONE 51
OFFSET -0.830936, -5.299405, 64.796425
SCALE 1.000000, 1.000000, 1.000000
X 1.000000, 0.000000, 0.000000
Y 0.000000, -0.000000, 1.000000
Z 0.000000, -1.000000, -0.000000

BONE 52
OFFSET 8.032188, 0.771017, 56.538502
SCALE 1.000000, 1.000000, 1.000000
X 0.662981, -0.260696, -0.701779
Y 0.273875, 0.956889, -0.096730
Z 0.696742, -0.128070, 0.705797

BONE 53
OFFSET -8.001591, 0.782987, 56.570709
SCALE 1.000000, 1.000000, 1.000000
X 0.662960, 0.260726, 0.701788
Y 0.273908, -0.956878, 0.096742
Z 0.696748, 0.128089, -0.705787

BONE 54
OFFSET 0.000049, -4.334190, 66.322540
SCALE 1.000000, 1.000000, 1.000000
X 0.000001, -0.939691, 0.342026
Y 1.000000, 0.000004, 0.000007
Z -0.000008, 0.342026, 0.939691

BONE 55
OFFSET -0.000540, -0.362329, 71.243195
SCALE 1.000000, 1.000000, 1.000000
X 0.000005, -0.999048, 0.043625
Y 1.000000, 0.000005, 0.000005
Z -0.000005, 0.043625, 0.999048

BONE 56
OFFSET 18.585669, -10.419226, 44.089733
SCALE 1.000000, 1.000000, 1.000000
X 0.299004, -0.782064, -0.546784
Y -0.792522, 0.115636, -0.598779
Z 0.531512, 0.612376, -0.585227

BONE 57
OFFSET -18.585567, -10.419399, 44.089657
SCALE 1.000000, 1.000000, 1.000000
X 0.299011, 0.782058, 0.546788
Y -0.792524, -0.115633, 0.598778
Z 0.531506, -0.612384, 0.585224

BONE 58
OFFSET 17.753496, -7.897926, 45.442410
SCALE 1.000000, 1.000000, 1.000000
X 0.294846, -0.845857, -0.444513
Y 0.653930, 0.517812, -0.551585
Z 0.696736, -0.128048, 0.705806

BONE 59
OFFSET -17.753546, -7.898361, 45.442448
SCALE 1.000000, 1.000000, 1.000000
X 0.294819, 0.845861, 0.444523
Y 0.653933, -0.517800, 0.551592
Z 0.696745, 0.128069, -0.705794

BONE 60
OFFSET 18.943596, -14.118733, 43.296165
SCALE 1.000000, 1.000000, 1.000000
X 0.252533, -0.921880, -0.293878
Y -0.670074, 0.052482, -0.740436
Z 0.698017, 0.383905, -0.604475

BONE 61
OFFSET -18.943485, -14.118932, 43.296089
SCALE 1.000000, 1.000000, 1.000000
X 0.252692, 0.921873, 0.293763
Y -0.670040, -0.052297, 0.740480
Z 0.697992, -0.383946, 0.604477

BONE 62
OFFSET 19.641989, -13.608097, 42.701954
SCALE 1.000000, 1.000000, 1.000000
X 0.066843, -0.793765, -0.604540
Y -0.837155, 0.285040, -0.466823
Z 0.542866, 0.537298, -0.645452

BONE 63
OFFSET -19.641909, -13.608223, 42.701809
SCALE 1.000000, 1.000000, 1.000000
X 0.066887, 0.793771, 0.604528
Y -0.837171, -0.284987, 0.466827
Z 0.542836, -0.537317, 0.645460

BONE 64
OFFSET 20.410118, -12.159682, 41.480377
SCALE 1.000000, 1.000000, 1.000000
X -0.099274, -0.722106, -0.684623
Y -0.848031, 0.421335, -0.321434
Z 0.520565, 0.548671, -0.654195

BONE 65
OFFSET -20.410091, -12.159837, 41.480251
SCALE 1.000000, 1.000000, 1.000000
X -0.099304, 0.722089, 0.684635
Y -0.848020, -0.421369, 0.321418
Z 0.520577, -0.548666, 0.654190

BONE 66
OFFSET 20.114302, -12.876246, 42.061901
SCALE 1.000000, 1.000000, 1.000000
X -0.006006, -0.738898, -0.673791
Y -0.878970, 0.325202, -0.348791
Z 0.476839, 0.590147, -0.651422

BONE 67
OFFSET -20.114208, -12.876396, 42.061890
SCALE 1.000000, 1.000000, 1.000000
X -0.005979, 0.738908, 0.673780
Y -0.878978, -0.325169, 0.348801
Z 0.476825, -0.590152, 0.651428

BONE 68
OFFSET 18.473015, -11.541899, 44.177650
SCALE 1.000000, 1.000000, 1.000000
X -0.766327, -0.594301, -0.244027
Y 0.525231, -0.360813, -0.770679
Z 0.369968, -0.718763, 0.588646

BONE 69
OFFSET -18.472874, -11.542074, 44.177635
SCALE 1.000000, 1.000000, 1.000000
X -0.766329, 0.594294, 0.244036
Y 0.525229, 0.360803, 0.770685
Z 0.369965, 0.718773, -0.588635

BONE 70
OFFSET -28.519896, -12.719981, 38.932270
SCALE 1.000000, 1.000000, 1.000000
X 0.000190, -1.000000, -0.000189
Y 1.000000, 0.000190, 0.000053
Z -0.000053, -0.000189, 1.000000

BONE 71
OFFSET -28.520119, -12.709172, 38.935143
SCALE 1.000000, 1.000000, 1.000000
X -0.000199, -1.000000, -0.000195
Y 0.998877, -0.000190, -0.047381
Z 0.047381, -0.000205, 0.998877

BONE 72
OFFSET 19.335176, -15.548034, 42.840546
SCALE 1.000000, 1.000000, 1.000000
X -0.305493, -0.603804, -0.736271
Y -0.647669, 0.698577, -0.304162
Z 0.697997, 0.383940, -0.604476

BONE 73
OFFSET -19.335234, -15.548249, 42.840523
SCALE 1.000000, 1.000000, 1.000000
X -0.305842, 0.603512, 0.736365
Y -0.647460, -0.698892, 0.303884
Z 0.698038, -0.383827, 0.604500

BONE 74
OFFSET 19.766018, -15.080857, 41.580357
SCALE 1.000000, 1.000000, 1.000000
X -0.742584, -0.051931, -0.667737
Y -0.392291, 0.841795, 0.370795
Z 0.542841, 0.537294, -0.645475

BONE 75
OFFSET -19.765930, -15.081016, 41.579948
SCALE 1.000000, 1.000000, 1.000000
X -0.742558, 0.051921, 0.667766
Y -0.392315, -0.841780, -0.370804
Z 0.542860, -0.537318, 0.645439

BONE 76
OFFSET 20.291075, -13.025280, 40.659801
SCALE 1.000000, 1.000000, 1.000000
X -0.734217, -0.103408, -0.670993
Y -0.435791, 0.829631, 0.348997
Z 0.520587, 0.548653, -0.654194

BONE 77
OFFSET -20.291012, -13.025424, 40.659672
SCALE 1.000000, 1.000000, 1.000000
X -0.734208, 0.103424, 0.671001
Y -0.435814, -0.829619, -0.348996
Z 0.520581, -0.548667, 0.654187

BONE 78
OFFSET 20.104219, -14.119193, 40.928596
SCALE 1.000000, 1.000000, 1.000000
X -0.750598, -0.112264, -0.651152
Y -0.457408, 0.799450, 0.389433
Z 0.476844, 0.590150, -0.651416

BONE 79
OFFSET -20.104130, -14.119358, 40.928261
SCALE 1.000000, 1.000000, 1.000000
X -0.750602, 0.112272, 0.651146
Y -0.457410, -0.799450, -0.389431
Z 0.476836, -0.590148, 0.651423

BONE 80
OFFSET 16.629330, -12.971684, 43.590553
SCALE 1.000000, 1.000000, 1.000000
X -0.513767, -0.686190, -0.514963
Y 0.774059, -0.111908, -0.623144
Z 0.369966, -0.718763, 0.588646

BONE 81
OFFSET -16.629194, -12.971821, 43.590179
SCALE 1.000000, 1.000000, 1.000000
X -0.513765, 0.686181, 0.514977
Y 0.774059, 0.111890, 0.623148
Z 0.369972, 0.718774, -0.588629

BONE 82
OFFSET 19.038221, -16.134914, 42.125023
SCALE 1.000000, 1.000000, 1.000000
X -0.554097, -0.245160, -0.795533
Y -0.453622, 0.890222, 0.041612
Z 0.698000, 0.383929, -0.604479

BONE 83
OFFSET -19.037983, -16.134798, 42.125008
SCALE 1.000000, 1.000000, 1.000000
X -0.553871, 0.245483, 0.795591
Y -0.453788, -0.890154, -0.041256
Z 0.698071, -0.383880, 0.604428

BONE 84
OFFSET 18.948034, -15.138112, 40.844826
SCALE 1.000000, 1.000000, 1.000000
X -0.836744, 0.280258, -0.470441
Y -0.071875, 0.795463, 0.601724
Z 0.542857, 0.537302, -0.645456

BONE 85
OFFSET -18.947971, -15.138271, 40.844528
SCALE 1.000000, 1.000000, 1.000000
X -0.836742, -0.280254, 0.470448
Y -0.071886, -0.795461, -0.601726
Z 0.542859, -0.537308, 0.645449

BONE 86
OFFSET 19.784019, -13.096679, 40.196491
SCALE 1.000000, 1.000000, 1.000000
X -0.853803, 0.339164, -0.394953
Y 0.005198, 0.764171, 0.644992
Z 0.520570, 0.548643, -0.654215

BONE 87
OFFSET -19.783998, -13.096812, 40.196270
SCALE 1.000000, 1.000000, 1.000000
X -0.853799, -0.339166, 0.394959
Y 0.005186, -0.764161, -0.645004
Z 0.520576, -0.548656, 0.654199

BONE 88
OFFSET 19.396437, -14.225060, 40.314682
SCALE 1.000000, 1.000000, 1.000000
X -0.861545, 0.166924, -0.479454
Y -0.174209, 0.789854, 0.588033
Z 0.476856, 0.590142, -0.651415

BONE 89
OFFSET -19.396343, -14.225204, 40.314499
SCALE 1.000000, 1.000000, 1.000000
X -0.861557, -0.166916, 0.479436
Y -0.174209, -0.789846, -0.588043
Z 0.476834, -0.590155, 0.651419

BONE 90
OFFSET 16.015608, -13.791351, 42.975456
SCALE 1.000000, 1.000000, 1.000000
X -0.178188, -0.676734, -0.714339
Y 0.911796, 0.159395, -0.378446
Z 0.369969, -0.718766, 0.588641

BONE 91
OFFSET -16.015455, -13.791477, 42.975048
SCALE 1.000000, 1.000000, 1.000000
X -0.178183, 0.676724, 0.714350
Y 0.911791, -0.159415, 0.378450
Z 0.369984, 0.718771, -0.588626

NUMVERTS 4759
VERT 0
OFFSET -3.591149, -0.468684, 15.893981
BONES 4
BONE 4 0.019696
BONE 10 0.847486
BONE 15 0.132761
BONE 8 0.000056

VERT 1
OFFSET -4.317160, -0.649747, 15.425296
BONES 4
BONE 4 0.012813
BONE 10 0.880393
BONE 15 0.106787
BONE 8 0.000007

VERT 2
OFFSET -5.954572, -0.622724, 15.604429
BONES 4
BONE 4 0.014412
BONE 10 0.879809
BONE 15 0.105769
BONE 8 0.000010

VERT 3
OFFSET -6.544041, -0.610271, 16.184576
BONES 4
BONE 4 0.023198
BONE 10 0.868288
BONE 15 0.108488
BONE 8 0.000027

VERT 4
OFFSET -3.093717, -0.707324, 16.658697
BONES 4
BONE 4 0.074654
BONE 10 0.752797
BONE 15 0.171854
BONE 8 0.000695

VERT 5
OFFSET -4.159870, -1.450140, 16.096682
BONES 4
BONE 4 0.037142
BONE 10 0.734031
BONE 15 0.228691
BONE 8 0.000136

VERT 6
OFFSET -6.056461, -1.402721, 16.282808
BONES 4
BONE 4 0.044820
BONE 10 0.736236
BONE 15 0.218756
BONE 8 0.000188

VERT 7
OFFSET -6.970843, -0.828667, 17.048002
BONES 4
BONE 4 0.092107
BONE 10 0.713929
BONE 15 0.193455
BONE 8 0.000509

VERT 8
OFFSET -2.417543, -2.048772, 19.384024
BONES 3
BONE 4 0.007013
BONE 10 0.033136
BONE 15 0.959850

VERT 9
OFFSET -3.695221, -3.078290, 19.351545
BONES 3
BONE 4 0.017201
BONE 10 0.029151
BONE 15 0.953648

VERT 10
OFFSET -5.800752, -3.030769, 19.618792
BONES 3
BONE 4 0.026278
BONE 10 0.029153
BONE 15 0.944570

VERT 11
OFFSET -7.148558, -1.937923, 20.025702
BONES 4
BONE 4 0.091664
BONE 10 0.041191
BONE 15 0.865723
BONE 8 0.001421

VERT 12
OFFSET -2.486834, -2.693091, 20.431419
BONES 3
BONE 4 0.060964
BONE 10 0.000000
BONE 15 0.939036

VERT 13
OFFSET -3.543428, -2.982653, 20.827587
BONES 4
BONE 4 0.113879
BONE 10 0.001554
BONE 15 0.883274
BONE 8 0.001292

VERT 14
OFFSET -5.564191, -2.914093, 21.027008
BONES 4
BONE 4 0.164680
BONE 10 0.006566
BONE 15 0.823226
BONE 8 0.005528

VERT 15
OFFSET -6.754905, -2.468263, 20.833586
BONES 4
BONE 4 0.123821
BONE 10 0.002471
BONE 15 0.871448
BONE 8 0.002261

VERT 16
OFFSET -3.424222, -0.275877, 15.616783
BONES 4
BONE 4 0.014721
BONE 10 0.868982
BONE 15 0.116265
BONE 8 0.000032

VERT 17
OFFSET -4.261236, -0.698755, 15.094398
BONES 4
BONE 4 0.009659
BONE 10 0.886820
BONE 15 0.103517
BONE 8 0.000004

VERT 18
OFFSET -6.105946, -0.625560, 15.279145
BONES 4
BONE 4 0.010847
BONE 10 0.884094
BONE 15 0.105053
BONE 8 0.000006

VERT 19
OFFSET -6.799516, -0.446281, 15.925319
BONES 4
BONE 4 0.018330
BONE 10 0.873710
BONE 15 0.107940
BONE 8 0.000020

VERT 20
OFFSET -2.287681, -2.811522, 20.690084
BONES 3
BONE 4 0.060964
BONE 10 0.000000
BONE 15 0.939036

VERT 21
OFFSET -3.376529, -3.077504, 21.208183
BONES 4
BONE 4 0.113879
BONE 10 0.001554
BONE 15 0.883274
BONE 8 0.001292

VERT 22
OFFSET -5.677292, -3.003363, 21.438984
BONES 4
BONE 4 0.164680
BONE 10 0.006566
BONE 15 0.823226
BONE 8 0.005528

VERT 23
OFFSET -6.954478, -2.543542, 21.186285
BONES 4
BONE 4 0.123821
BONE 10 0.002471
BONE 15 0.871448
BONE 8 0.002261

VERT 24
OFFSET -2.796097, -0.588204, 16.507090
BONES 4
BONE 4 0.074654
BONE 10 0.752797
BONE 15 0.171854
BONE 8 0.000695

VERT 25
OFFSET -7.390017, -0.713844, 16.992613
BONES 4
BONE 4 0.036652
BONE 10 0.809593
BONE 15 0.153684
BONE 8 0.000071

VERT 26
OFFSET -2.054286, -2.037968, 19.530481
BONES 3
BONE 4 0.020321
BONE 10 0.025270
BONE 15 0.954409

VERT 27
OFFSET -7.497924, -1.889607, 20.251719
BONES 4
BONE 4 0.091664
BONE 10 0.041191
BONE 15 0.865723
BONE 8 0.001421

VERT 28
OFFSET -3.318080, 0.313744, 15.455855
BONES 4
BONE 4 0.011345
BONE 10 0.882687
BONE 15 0.105953
BONE 8 0.000015

VERT 29
OFFSET -4.324092, -0.141396, 14.822930
BONES 4
BONE 4 0.008545
BONE 10 0.888132
BONE 15 0.103320
BONE 8 0.000003

VERT 30
OFFSET -6.178242, -0.074418, 14.973953
BONES 4
BONE 4 0.009189
BONE 10 0.886153
BONE 15 0.104653
BONE 8 0.000005

VERT 31
OFFSET -7.139772, 0.291103, 15.849670
BONES 4
BONE 4 0.017568
BONE 10 0.871390
BONE 15 0.110991
BONE 8 0.000051

VERT 32
OFFSET -2.072392, -2.078621, 21.263895
BONES 4
BONE 4 0.060964
BONE 10 0.000000
BONE 15 0.939036
BONE 8 0.000000

VERT 33
OFFSET -3.387938, -2.559926, 21.804926
BONES 4
BONE 4 0.113880
BONE 10 0.001554
BONE 15 0.883274
BONE 8 0.001292

VERT 34
OFFSET -5.677648, -2.480235, 22.073076
BONES 4
BONE 4 0.164681
BONE 10 0.006566
BONE 15 0.823225
BONE 8 0.005528

VERT 35
OFFSET -7.171207, -1.839174, 21.935242
BONES 4
BONE 4 0.123822
BONE 10 0.002471
BONE 15 0.871446
BONE 8 0.002261

VERT 36
OFFSET -2.598604, 0.182034, 16.639885
BONES 4
BONE 4 0.043708
BONE 10 0.832835
BONE 15 0.122937
BONE 8 0.000520

VERT 37
OFFSET -7.629768, 0.331474, 17.283838
BONES 4
BONE 4 0.082980
BONE 10 0.855794
BONE 15 0.060478
BONE 8 0.000748

VERT 38
OFFSET -1.831946, -1.211018, 20.054224
BONES 4
BONE 4 0.116845
BONE 10 0.041783
BONE 15 0.838605
BONE 8 0.002767

VERT 39
OFFSET -7.785324, -0.826369, 20.781218
BONES 4
BONE 4 0.091665
BONE 10 0.041191
BONE 15 0.865722
BONE 8 0.001421

VERT 40
OFFSET -1.877126, -0.682934, 18.954567
BONES 4
BONE 4 0.054683
BONE 10 0.209104
BONE 15 0.734260
BONE 8 0.001953

VERT 41
OFFSET -7.820653, -0.246646, 19.709709
BONES 4
BONE 4 0.171688
BONE 10 0.246864
BONE 15 0.578161
BONE 8 0.003286

VERT 42
OFFSET -2.162839, -0.203625, 17.777622
BONES 4
BONE 4 0.062117
BONE 10 0.617504
BONE 15 0.319004
BONE 8 0.001375

VERT 43
OFFSET -2.268760, -1.276744, 17.997921
BONES 4
BONE 4 0.004134
BONE 10 0.182840
BONE 15 0.813003
BONE 8 0.000023

VERT 44
OFFSET -2.588613, -1.332386, 18.003853
BONES 4
BONE 4 0.045419
BONE 10 0.514244
BONE 15 0.439957
BONE 8 0.000380

VERT 45
OFFSET -3.983034, -2.659684, 17.542606
BONES 4
BONE 4 0.025899
BONE 10 0.383161
BONE 15 0.590877
BONE 8 0.000064

VERT 46
OFFSET -5.990324, -2.620026, 17.804581
BONES 3
BONE 4 0.001775
BONE 10 0.150160
BONE 15 0.848065

VERT 47
OFFSET -7.222439, -1.358540, 18.435717
BONES 4
BONE 4 0.028894
BONE 10 0.203935
BONE 15 0.766769
BONE 8 0.000402

VERT 48
OFFSET -7.634271, -1.290620, 18.505037
BONES 4
BONE 4 0.020339
BONE 10 0.469790
BONE 15 0.509779
BONE 8 0.000091

VERT 49
OFFSET -7.688338, 0.158738, 18.487450
BONES 4
BONE 4 0.094635
BONE 10 0.581242
BONE 15 0.323149
BONE 8 0.000974

VERT 50
OFFSET -2.955851, 4.839351, 18.152567
BONES 4
BONE 4 0.107444
BONE 10 0.879139
BONE 15 0.012389
BONE 8 0.001028

VERT 51
OFFSET -2.891025, 4.467764, 19.242088
BONES 4
BONE 4 0.261364
BONE 10 0.709734
BONE 15 0.022669
BONE 8 0.006233

VERT 52
OFFSET -7.265535, 4.068830, 18.260275
BONES 4
BONE 4 0.104611
BONE 10 0.873059
BONE 15 0.020878
BONE 8 0.001453

VERT 53
OFFSET -7.145723, 3.731054, 19.300261
BONES 4
BONE 4 0.227325
BONE 10 0.726705
BONE 15 0.041965
BONE 8 0.004004

VERT 54
OFFSET -2.912255, 3.988430, 20.318251
BONES 4
BONE 4 0.734471
BONE 10 0.234428
BONE 15 0.019675
BONE 8 0.011426

VERT 55
OFFSET -2.761657, 3.671160, 21.417522
BONES 7
BONE 1 0.000013
BONE 3 0.000000
BONE 7 0.000011
BONE 4 0.978423
BONE 10 0.014342
BONE 15 0.002243
BONE 8 0.004968

VERT 56
OFFSET -7.091954, 3.381123, 20.260981
BONES 4
BONE 4 0.567166
BONE 10 0.373997
BONE 15 0.052663
BONE 8 0.006174

VERT 57
OFFSET -7.090197, 3.158716, 21.372149
BONES 5
BONE 1 0.000000
BONE 4 0.915134
BONE 10 0.057395
BONE 15 0.020448
BONE 8 0.007022

VERT 58
OFFSET -7.966920, 2.288189, 17.914183
BONES 4
BONE 4 0.093312
BONE 10 0.870439
BONE 15 0.035375
BONE 8 0.000873

VERT 59
OFFSET -7.866625, 2.026041, 18.956484
BONES 4
BONE 4 0.215787
BONE 10 0.700766
BONE 15 0.081119
BONE 8 0.002327

VERT 60
OFFSET -7.864117, 1.705613, 20.061932
BONES 4
BONE 4 0.353857
BONE 10 0.444252
BONE 15 0.195051
BONE 8 0.006840

VERT 61
OFFSET -7.913202, 1.456056, 21.149769
BONES 4
BONE 4 0.826730
BONE 10 0.101739
BONE 15 0.062511
BONE 8 0.009019

VERT 62
OFFSET -5.409053, 4.094517, 21.575008
BONES 7
BONE 1 0.000008
BONE 3 0.000000
BONE 7 0.000004
BONE 4 0.958199
BONE 10 0.030489
BONE 15 0.002230
BONE 8 0.009070

VERT 63
OFFSET -5.427061, 4.371038, 20.467173
BONES 4
BONE 4 0.739222
BONE 10 0.240275
BONE 15 0.008374
BONE 8 0.012128

VERT 64
OFFSET -5.468791, 4.980589, 18.282625
BONES 4
BONE 4 0.102248
BONE 10 0.892499
BONE 15 0.004503
BONE 8 0.000750

VERT 65
OFFSET -5.420228, 4.645235, 19.356472
BONES 4
BONE 4 0.278095
BONE 10 0.706453
BONE 15 0.008248
BONE 8 0.007203

VERT 66
OFFSET -1.176451, 1.326333, 20.799620
BONES 4
BONE 4 0.567475
BONE 10 0.162871
BONE 15 0.240460
BONE 8 0.029195

VERT 67
OFFSET -1.397182, 1.557079, 19.549332
BONES 4
BONE 4 0.340804
BONE 10 0.422540
BONE 15 0.226361
BONE 8 0.010295

VERT 68
OFFSET -1.734284, 1.742587, 18.408741
BONES 4
BONE 4 0.203319
BONE 10 0.687979
BONE 15 0.102830
BONE 8 0.005872

VERT 69
OFFSET -1.800340, 2.137057, 17.228292
BONES 4
BONE 4 0.087763
BONE 10 0.877637
BONE 15 0.032588
BONE 8 0.002011

VERT 70
OFFSET -1.788015, 2.775665, 19.934710
BONES 4
BONE 4 0.576897
BONE 10 0.355148
BONE 15 0.056662
BONE 8 0.011293

VERT 71
OFFSET -1.538360, 2.501554, 21.109314
BONES 7
BONE 1 0.000061
BONE 3 0.000001
BONE 7 0.000047
BONE 4 0.754120
BONE 10 0.132890
BONE 15 0.080433
BONE 8 0.032448

VERT 72
OFFSET -1.990738, 3.561356, 17.729683
BONES 4
BONE 4 0.104060
BONE 10 0.871206
BONE 15 0.023169
BONE 8 0.001566

VERT 73
OFFSET -1.925297, 3.178326, 18.864677
BONES 4
BONE 4 0.266621
BONE 10 0.673547
BONE 15 0.053333
BONE 8 0.006499

VERT 74
OFFSET -2.809304, -1.598704, 20.722057
BONES 3
BONE 4 0.124860
BONE 10 0.000000
BONE 15 0.875140

VERT 75
OFFSET -3.627471, -1.992775, 21.145655
BONES 4
BONE 4 0.173115
BONE 10 0.006935
BONE 15 0.814177
BONE 8 0.005774

VERT 76
OFFSET -5.552516, -1.853395, 21.449574
BONES 4
BONE 4 0.246756
BONE 10 0.016369
BONE 15 0.722716
BONE 8 0.014160

VERT 77
OFFSET -6.612890, -1.303270, 21.443184
BONES 4
BONE 4 0.275056
BONE 10 0.026221
BONE 15 0.684851
BONE 8 0.013873

VERT 78
OFFSET -2.325260, -0.999422, 19.993015
BONES 4
BONE 4 0.070831
BONE 10 0.030288
BONE 15 0.897716
BONE 8 0.001165

VERT 79
OFFSET -7.313131, -0.647654, 20.660526
BONES 4
BONE 4 0.252564
BONE 10 0.066533
BONE 15 0.675272
BONE 8 0.005632

VERT 80
OFFSET -2.571309, -0.397277, 17.801960
BONES 4
BONE 4 0.030702
BONE 10 0.551473
BONE 15 0.417604
BONE 8 0.000222

VERT 81
OFFSET -2.328813, -0.880000, 19.069794
BONES 4
BONE 4 0.011293
BONE 10 0.136723
BONE 15 0.851676
BONE 8 0.000308

VERT 82
OFFSET -7.299479, -0.005281, 18.472643
BONES 4
BONE 4 0.068006
BONE 10 0.572354
BONE 15 0.359003
BONE 8 0.000637

VERT 83
OFFSET -7.380300, -0.446021, 19.835245
BONES 4
BONE 4 0.133963
BONE 10 0.156058
BONE 15 0.707605
BONE 8 0.002374

VERT 84
OFFSET -2.176162, 1.650237, 18.447514
BONES 4
BONE 4 0.191089
BONE 10 0.679517
BONE 15 0.123836
BONE 8 0.005558

VERT 85
OFFSET -7.442444, 1.888301, 18.885700
BONES 4
BONE 4 0.215787
BONE 10 0.700766
BONE 15 0.081119
BONE 8 0.002327

VERT 86
OFFSET -1.783261, 1.413121, 19.716354
BONES 4
BONE 4 0.337767
BONE 10 0.377971
BONE 15 0.273841
BONE 8 0.010422

VERT 87
OFFSET -1.553849, 1.205447, 20.712828
BONES 4
BONE 4 0.531257
BONE 10 0.155550
BONE 15 0.286579
BONE 8 0.026614

VERT 88
OFFSET -7.461268, 1.487403, 20.184519
BONES 4
BONE 4 0.650073
BONE 10 0.262940
BONE 15 0.081471
BONE 8 0.005516

VERT 89
OFFSET -7.603805, 1.123021, 20.989651
BONES 4
BONE 4 0.708607
BONE 10 0.136876
BONE 15 0.141710
BONE 8 0.012807

VERT 90
OFFSET -6.871565, 3.292836, 19.146856
BONES 4
BONE 4 0.219550
BONE 10 0.734463
BONE 15 0.042193
BONE 8 0.003793

VERT 91
OFFSET -5.324488, 4.199082, 19.197182
BONES 4
BONE 4 0.275379
BONE 10 0.707895
BONE 15 0.009705
BONE 8 0.007021

VERT 92
OFFSET -6.770067, 2.998376, 20.313147
BONES 4
BONE 4 0.678628
BONE 10 0.269186
BONE 15 0.045511
BONE 8 0.006675

VERT 93
OFFSET -5.335015, 3.898060, 20.475470
BONES 4
BONE 4 0.759854
BONE 10 0.218873
BONE 15 0.009491
BONE 8 0.011782

VERT 94
OFFSET -6.841993, 2.686353, 21.198027
BONES 5
BONE 1 0.000000
BONE 4 0.885003
BONE 10 0.078888
BONE 15 0.028346
BONE 8 0.007763

VERT 95
OFFSET -5.359895, 3.542236, 21.389654
BONES 6
BONE 1 0.000002
BONE 7 0.000001
BONE 4 0.944118
BONE 10 0.042874
BONE 15 0.007071
BONE 8 0.005935

VERT 96
OFFSET -3.118689, 3.545359, 20.369894
BONES 4
BONE 4 0.776071
BONE 10 0.194980
BONE 15 0.017401
BONE 8 0.011548

VERT 97
OFFSET -2.992636, 3.236953, 21.242760
BONES 6
BONE 1 0.000001
BONE 7 0.000001
BONE 4 0.975689
BONE 10 0.017543
BONE 15 0.002558
BONE 8 0.004208

VERT 98
OFFSET -3.085018, 4.106807, 19.132257
BONES 4
BONE 4 0.266892
BONE 10 0.704244
BONE 15 0.022438
BONE 8 0.006425

VERT 99
OFFSET -1.900508, 2.214099, 21.012829
BONES 4
BONE 4 0.745579
BONE 10 0.144020
BONE 15 0.081510
BONE 8 0.028891

VERT 100
OFFSET -2.123833, 2.433845, 20.080095
BONES 4
BONE 4 0.633885
BONE 10 0.301387
BONE 15 0.053681
BONE 8 0.011047

VERT 101
OFFSET -2.321946, 2.989713, 18.831511
BONES 4
BONE 4 0.268678
BONE 10 0.670574
BONE 15 0.054170
BONE 8 0.006578

VERT 102
OFFSET -6.219173, -0.398962, 14.943256
BONES 4
BONE 4 0.009111
BONE 10 0.886280
BONE 15 0.104604
BONE 8 0.000005

VERT 103
OFFSET -4.262906, -0.472805, 14.762426
BONES 4
BONE 4 0.008391
BONE 10 0.888398
BONE 15 0.103208
BONE 8 0.000003

VERT 104
OFFSET -3.265246, 0.053901, 15.376919
BONES 4
BONE 4 0.011239
BONE 10 0.882904
BONE 15 0.105842
BONE 8 0.000015

VERT 105
OFFSET -2.547191, -0.173129, 16.488670
BONES 4
BONE 4 0.038031
BONE 10 0.862637
BONE 15 0.098961
BONE 8 0.000371

VERT 106
OFFSET -1.972108, -0.863740, 18.194895
BONES 4
BONE 4 0.041139
BONE 10 0.595561
BONE 15 0.362756
BONE 8 0.000544

VERT 107
OFFSET -1.800450, -1.668203, 19.892107
BONES 3
BONE 4 0.054672
BONE 10 0.013818
BONE 15 0.931511

VERT 108
OFFSET -2.043237, -2.537608, 21.142715
BONES 3
BONE 4 0.060964
BONE 10 0.000000
BONE 15 0.939036

VERT 109
OFFSET -3.323582, -2.940700, 21.699389
BONES 4
BONE 4 0.113879
BONE 10 0.001554
BONE 15 0.883274
BONE 8 0.001292

VERT 110
OFFSET -5.699907, -2.862758, 21.960030
BONES 4
BONE 4 0.164680
BONE 10 0.006566
BONE 15 0.823226
BONE 8 0.005528

VERT 111
OFFSET -7.172846, -2.274184, 21.762569
BONES 4
BONE 4 0.123821
BONE 10 0.002471
BONE 15 0.871448
BONE 8 0.002261

VERT 112
OFFSET -7.798270, -1.379538, 20.661068
BONES 4
BONE 4 0.091665
BONE 10 0.041191
BONE 15 0.865723
BONE 8 0.001421

VERT 113
OFFSET -7.896776, -0.623823, 18.788229
BONES 4
BONE 4 0.029367
BONE 10 0.433100
BONE 15 0.537300
BONE 8 0.000232

VERT 114
OFFSET -7.673737, -0.149880, 17.102415
BONES 4
BONE 4 0.069666
BONE 10 0.884932
BONE 15 0.044869
BONE 8 0.000533

VERT 115
OFFSET -7.117163, -0.042882, 15.760988
BONES 4
BONE 4 0.014329
BONE 10 0.878064
BONE 15 0.107591
BONE 8 0.000017

VERT 116
OFFSET -3.731903, 0.161820, 16.116472
BONES 4
BONE 4 0.020962
BONE 10 0.948991
BONE 15 0.029989
BONE 8 0.000058

VERT 117
OFFSET -4.493236, -0.113318, 15.668911
BONES 4
BONE 4 0.014349
BONE 10 0.978076
BONE 15 0.007564
BONE 8 0.000010

VERT 118
OFFSET -5.842050, -0.035100, 15.754258
BONES 4
BONE 4 0.015286
BONE 10 0.978928
BONE 15 0.005776
BONE 8 0.000010

VERT 119
OFFSET -6.550658, 0.202128, 16.366072
BONES 4
BONE 4 0.026161
BONE 10 0.964951
BONE 15 0.008856
BONE 8 0.000032

VERT 120
OFFSET -2.950687, 0.102937, 16.889387
BONES 4
BONE 4 0.043708
BONE 10 0.832835
BONE 15 0.122937
BONE 8 0.000520

VERT 121
OFFSET -7.196436, 0.251420, 17.324932
BONES 4
BONE 4 0.076477
BONE 10 0.871672
BONE 15 0.051228
BONE 8 0.000623

VERT 122
OFFSET -2.150964, 2.142205, 17.265203
BONES 4
BONE 4 0.090220
BONE 10 0.873808
BONE 15 0.033855
BONE 8 0.002117

VERT 123
OFFSET -7.627166, 2.256100, 17.871983
BONES 4
BONE 4 0.093014
BONE 10 0.840881
BONE 15 0.065199
BONE 8 0.000906

VERT 124
OFFSET -7.022475, 3.838018, 18.157927
BONES 4
BONE 4 0.096032
BONE 10 0.882921
BONE 15 0.019774
BONE 8 0.001273

VERT 125
OFFSET -5.396583, 4.659877, 18.174723
BONES 4
BONE 4 0.102990
BONE 10 0.891179
BONE 15 0.005035
BONE 8 0.000796

VERT 126
OFFSET -3.133123, 4.569881, 18.073868
BONES 4
BONE 4 0.109566
BONE 10 0.877356
BONE 15 0.012044
BONE 8 0.001034

VERT 127
OFFSET -2.313651, 3.435673, 17.705725
BONES 4
BONE 4 0.105131
BONE 10 0.870245
BONE 15 0.023055
BONE 8 0.001569

VERT 128
OFFSET 3.591149, -0.468684, 15.893981
BONES 4
BONE 3 0.035488
BONE 9 0.741146
BONE 14 0.222999
BONE 7 0.000367

VERT 129
OFFSET 4.317160, -0.649747, 15.425296
BONES 4
BONE 3 0.017829
BONE 9 0.780351
BONE 14 0.201663
BONE 7 0.000158

VERT 130
OFFSET 5.954572, -0.622724, 15.604429
BONES 4
BONE 3 0.023552
BONE 9 0.783678
BONE 14 0.192659
BONE 7 0.000111

VERT 131
OFFSET 6.544041, -0.610271, 16.184576
BONES 4
BONE 3 0.049707
BONE 9 0.742215
BONE 14 0.207846
BONE 7 0.000232

VERT 132
OFFSET 3.093717, -0.707324, 16.658697
BONES 4
BONE 3 0.074655
BONE 9 0.752796
BONE 14 0.171854
BONE 7 0.000695

VERT 133
OFFSET 4.159870, -1.450140, 16.096682
BONES 4
BONE 3 0.037143
BONE 9 0.734031
BONE 14 0.228691
BONE 7 0.000136

VERT 134
OFFSET 6.056461, -1.402721, 16.282808
BONES 4
BONE 3 0.044820
BONE 9 0.736236
BONE 14 0.218756
BONE 7 0.000188

VERT 135
OFFSET 6.970843, -0.828667, 17.048002
BONES 4
BONE 3 0.092107
BONE 9 0.713928
BONE 14 0.193456
BONE 7 0.000509

VERT 136
OFFSET 2.417543, -2.048772, 19.384024
BONES 3
BONE 3 0.012707
BONE 9 0.039178
BONE 14 0.948115

VERT 137
OFFSET 3.695221, -3.078290, 19.351545
BONES 3
BONE 3 0.022151
BONE 9 0.026466
BONE 14 0.951384

VERT 138
OFFSET 5.800752, -3.030769, 19.618792
BONES 3
BONE 3 0.031751
BONE 9 0.014329
BONE 14 0.953920

VERT 139
OFFSET 7.148558, -1.937923, 20.025702
BONES 4
BONE 3 0.100209
BONE 9 0.030356
BONE 14 0.866162
BONE 7 0.003274

VERT 140
OFFSET 2.486834, -2.693091, 20.431419
BONES 2
BONE 3 0.099825
BONE 14 0.900175

VERT 141
OFFSET 3.543428, -2.982653, 20.827587
BONES 5
BONE 1 0.000003
BONE 3 0.177379
BONE 9 0.006893
BONE 14 0.810934
BONE 7 0.004792

VERT 142
OFFSET 5.564191, -2.914093, 21.027008
BONES 5
BONE 1 0.000003
BONE 3 0.206861
BONE 9 0.011895
BONE 14 0.773446
BONE 7 0.007794

VERT 143
OFFSET 6.754905, -2.468263, 20.833586
BONES 5
BONE 1 0.000000
BONE 3 0.157654
BONE 9 0.004314
BONE 14 0.835799
BONE 7 0.002232

VERT 144
OFFSET 3.424222, -0.275877, 15.616783
BONES 4
BONE 3 0.029045
BONE 9 0.760574
BONE 14 0.210017
BONE 7 0.000364

VERT 145
OFFSET 4.261236, -0.698755, 15.094398
BONES 4
BONE 3 0.013028
BONE 9 0.798538
BONE 14 0.188280
BONE 7 0.000153

VERT 146
OFFSET 6.105946, -0.625560, 15.279145
BONES 4
BONE 3 0.016668
BONE 9 0.806465
BONE 14 0.176788
BONE 7 0.000079

VERT 147
OFFSET 6.799516, -0.446281, 15.925319
BONES 4
BONE 3 0.039728
BONE 9 0.766762
BONE 14 0.193331
BONE 7 0.000179

VERT 148
OFFSET 2.287681, -2.811522, 20.690084
BONES 2
BONE 3 0.099825
BONE 14 0.900175

VERT 149
OFFSET 3.376529, -3.077504, 21.208183
BONES 5
BONE 1 0.000003
BONE 3 0.177379
BONE 9 0.006893
BONE 14 0.810934
BONE 7 0.004792

VERT 150
OFFSET 5.677292, -3.003363, 21.438984
BONES 5
BONE 1 0.000003
BONE 3 0.206861
BONE 9 0.011895
BONE 14 0.773446
BONE 7 0.007794

VERT 151
OFFSET 6.954478, -2.543542, 21.186285
BONES 5
BONE 1 0.000000
BONE 3 0.157654
BONE 9 0.004314
BONE 14 0.835799
BONE 7 0.002232

VERT 152
OFFSET 2.796097, -0.588204, 16.507090
BONES 4
BONE 3 0.074655
BONE 9 0.752796
BONE 14 0.171854
BONE 7 0.000695

VERT 153
OFFSET 7.390017, -0.713844, 16.992613
BONES 4
BONE 3 0.100881
BONE 9 0.761800
BONE 14 0.136802
BONE 7 0.000517

VERT 154
OFFSET 2.054286, -2.037968, 19.530481
BONES 3
BONE 3 0.027904
BONE 9 0.029879
BONE 14 0.942217

VERT 155
OFFSET 7.497924, -1.889607, 20.251719
BONES 4
BONE 3 0.100209
BONE 9 0.030356
BONE 14 0.866162
BONE 7 0.003274

VERT 156
OFFSET 3.318080, 0.313744, 15.455855
BONES 4
BONE 3 0.025523
BONE 9 0.777435
BONE 14 0.196678
BONE 7 0.000364

VERT 157
OFFSET 4.324092, -0.141396, 14.822930
BONES 4
BONE 3 0.012133
BONE 9 0.809710
BONE 14 0.178010
BONE 7 0.000148

VERT 158
OFFSET 6.178242, -0.074418, 14.973953
BONES 4
BONE 3 0.014378
BONE 9 0.819789
BONE 14 0.165769
BONE 7 0.000064

VERT 159
OFFSET 7.139772, 0.291103, 15.849670
BONES 4
BONE 3 0.033480
BONE 9 0.787784
BONE 14 0.178535
BONE 7 0.000201

VERT 160
OFFSET 2.072392, -2.078621, 21.263895
BONES 2
BONE 3 0.099825
BONE 14 0.900175

VERT 161
OFFSET 3.387938, -2.559926, 21.804926
BONES 5
BONE 1 0.000003
BONE 3 0.177379
BONE 9 0.006893
BONE 14 0.810934
BONE 7 0.004792

VERT 162
OFFSET 5.677648, -2.480235, 22.073076
BONES 5
BONE 1 0.000003
BONE 3 0.206861
BONE 9 0.011895
BONE 14 0.773446
BONE 7 0.007794

VERT 163
OFFSET 7.171207, -1.839174, 21.935242
BONES 5
BONE 1 0.000000
BONE 3 0.157654
BONE 9 0.004314
BONE 14 0.835799
BONE 7 0.002232

VERT 164
OFFSET 2.598604, 0.182034, 16.639885
BONES 4
BONE 3 0.080044
BONE 9 0.728608
BONE 14 0.190252
BONE 7 0.001096

VERT 165
OFFSET 7.629768, 0.331474, 17.283838
BONES 4
BONE 3 0.128869
BONE 9 0.723498
BONE 14 0.144319
BONE 7 0.003314

VERT 166
OFFSET 1.831946, -1.211018, 20.054224
BONES 5
BONE 1 0.000000
BONE 3 0.084064
BONE 9 0.036286
BONE 14 0.876174
BONE 7 0.003476

VERT 167
OFFSET 7.785324, -0.826369, 20.781218
BONES 4
BONE 3 0.100209
BONE 9 0.030356
BONE 14 0.866162
BONE 7 0.003274

VERT 168
OFFSET 1.877126, -0.682934, 18.954567
BONES 4
BONE 3 0.040006
BONE 9 0.219451
BONE 14 0.738922
BONE 7 0.001621

VERT 169
OFFSET 7.820653, -0.246646, 19.709709
BONES 4
BONE 3 0.190546
BONE 9 0.204152
BONE 14 0.595812
BONE 7 0.009490

VERT 170
