// Export filename: 'C:/projects/cod/t5/model_export/russian/characters/cod7/heavy/c_rus_heavy_fb_LOD3.XMODEL_EXPORT'
// Source filename: 'd:/projects/devart/t5/model_export/russian/characters/cod7/heavy/_c_rus_heavy_1.ma'
// Export time: Wed Sep 01 17:33:14 2010
MODEL
VERSION 6

NUMBONES 92
BONE 0 -1 "TAG_ORIGIN"
BONE 1 0 "J_MainRoot"
BONE 2 0 "TAG_SYNC"
BONE 3 1 "J_Hip_LE"
BONE 4 1 "J_Hip_RI"
BONE 5 1 "J_SpineLower"
BONE 6 1 "TAG_STOWED_DEPLOY"
BONE 7 3 "J_HipTwist_LE"
BONE 8 4 "J_HipTwist_RI"
BONE 9 3 "J_Knee_LE"
BONE 10 4 "J_Knee_RI"
BONE 11 5 "J_SpineUpper"
BONE 12 9 "J_Ankle_LE"
BONE 13 10 "J_Ankle_RI"
BONE 14 9 "J_Knee_Bulge_LE"
BONE 15 10 "J_Knee_Bulge_RI"
BONE 16 11 "J_Spine4"
BONE 17 11 "TAG_STOWED_BACKPACK"
BONE 18 12 "J_Ball_LE"
BONE 19 13 "J_Ball_RI"
BONE 20 16 "J_Clavicle_LE"
BONE 21 16 "J_Clavicle_RI"
BONE 22 16 "J_Neck"
BONE 23 16 "J_ShoulderRaise_LE"
BONE 24 16 "J_ShoulderRaise_RI"
BONE 25 16 "TAG_INHAND"
BONE 26 16 "TAG_STOWED_BACK"
BONE 27 16 "TAG_STOWED_LETHAL"
BONE 28 16 "TAG_STOWED_TACTICAL"
BONE 29 16 "TAG_WEAPON_CHEST"
BONE 30 22 "J_Head"
BONE 31 20 "J_Shoulder_LE"
BONE 32 21 "J_Shoulder_RI"
BONE 33 30 "J_Brow_LE"
BONE 34 30 "J_Brow_RI"
BONE 35 30 "J_Cheek_LE"
BONE 36 30 "J_Cheek_RI"
BONE 37 30 "J_CheekPuff_LE"
BONE 38 31 "J_Elbow_Bulge_LE"
BONE 39 32 "J_Elbow_Bulge_RI"
BONE 40 31 "J_Elbow_LE"
BONE 41 32 "J_Elbow_RI"
BONE 42 30 "J_Eye_Lid_Bot_LE"
BONE 43 30 "J_Eye_Lid_Bot_RI"
BONE 44 30 "J_Eye_Lid_Top_LE"
BONE 45 30 "J_Eye_Lid_Top_RI"
BONE 46 30 "J_EyeBall_LE"
BONE 47 30 "J_EyeBall_RI"
BONE 48 30 "J_Head_END"
BONE 49 30 "J_Jaw"
BONE 50 30 "J_Levator_LE"
BONE 51 30 "J_Levator_RI"
BONE 52 31 "J_ShoulderTwist_LE"
BONE 53 32 "J_ShoulderTwist_RI"
BONE 54 30 "TAG_EYE"
BONE 55 48 "J_Helmet"
BONE 56 40 "J_Wrist_LE"
BONE 57 41 "J_Wrist_RI"
BONE 58 40 "J_WristTwist_LE"
BONE 59 41 "J_WristTwist_RI"
BONE 60 56 "J_Index_LE_1"
BONE 61 57 "J_Index_RI_1"
BONE 62 56 "J_Mid_LE_1"
BONE 63 57 "J_Mid_RI_1"
BONE 64 56 "J_Pinky_LE_1"
BONE 65 57 "J_Pinky_RI_1"
BONE 66 56 "J_Ring_LE_1"
BONE 67 57 "J_Ring_RI_1"
BONE 68 56 "J_Thumb_LE_1"
BONE 69 57 "J_Thumb_RI_1"
BONE 70 56 "TAG_WEAPON_LEFT"
BONE 71 57 "TAG_WEAPON_RIGHT"
BONE 72 60 "J_Index_LE_2"
BONE 73 61 "J_Index_RI_2"
BONE 74 62 "J_Mid_LE_2"
BONE 75 63 "J_Mid_RI_2"
BONE 76 64 "J_Pinky_LE_2"
BONE 77 65 "J_Pinky_RI_2"
BONE 78 66 "J_Ring_LE_2"
BONE 79 67 "J_Ring_RI_2"
BONE 80 68 "J_Thumb_LE_2"
BONE 81 69 "J_Thumb_RI_2"
BONE 82 72 "J_Index_LE_3"
BONE 83 73 "J_Index_RI_3"
BONE 84 74 "J_Mid_LE_3"
BONE 85 75 "J_Mid_RI_3"
BONE 86 76 "J_Pinky_LE_3"
BONE 87 77 "J_Pinky_RI_3"
BONE 88 78 "J_Ring_LE_3"
BONE 89 79 "J_Ring_RI_3"
BONE 90 80 "J_Thumb_LE_3"
BONE 91 81 "J_Thumb_RI_3"

BONE 0
OFFSET 0.000002, -2.222000, 0.000042
SCALE 1.000000, 1.000000, 1.000000
X -0.000000, -1.000000, -0.000001
Y 1.000000, -0.000000, 0.000000
Z -0.000000, -0.000001, 1.000000

BONE 1
OFFSET 0.000082, 1.218927, 37.228020
SCALE 1.000000, 1.000000, 1.000000
X 0.000005, 0.024825, 0.999692
Y 0.000006, -0.999692, 0.024825
Z 1.000000, 0.000006, -0.000005

BONE 2
OFFSET 0.000002, -2.219720, 0.000042
SCALE 1.000000, 1.000000, 1.000000
X -0.000000, -1.000000, -0.000003
Y 1.000000, -0.000000, 0.000000
Z -0.000000, -0.000003, 1.000000

BONE 3
OFFSET 4.865472, 1.218951, 37.228016
SCALE 1.000000, 1.000000, 1.000000
X -0.008941, 0.033879, -0.999386
Y -0.004877, -0.999415, -0.033837
Z -0.999948, 0.004571, 0.009101

BONE 4
OFFSET -4.865293, 1.218927, 37.227978
SCALE 1.000000, 1.000000, 1.000000
X -0.008909, -0.033842, 0.999388
Y -0.004870, 0.999417, 0.033800
Z -0.999948, -0.004566, -0.009069

BONE 5
OFFSET 0.000089, 1.148792, 42.432632
SCALE 1.000000, 1.000000, 1.000000
X 0.000001, 0.029870, 0.999554
Y -0.000002, -0.999554, 0.029870
Z 1.000000, -0.000002, -0.000001

BONE 6
OFFSET 6.551747, 3.742264, 38.743519
SCALE 1.000000, 1.000000, 1.000000
X 0.794491, 0.591485, 0.137587
Y -0.604194, 0.792703, 0.081070
Z -0.061114, -0.147538, 0.987166

BONE 7
OFFSET 4.837310, 1.325658, 34.080341
SCALE 1.000000, 1.000000, 1.000000
X -0.008941, 0.033879, -0.999386
Y -0.004864, -0.999416, -0.033837
Z -0.999948, 0.004558, 0.009101

BONE 8
OFFSET -4.837236, 1.325506, 34.080624
SCALE 1.000000, 1.000000, 1.000000
X -0.008909, -0.033842, 0.999388
Y -0.004874, 0.999417, 0.033800
Z -0.999948, -0.004570, -0.009069

BONE 9
OFFSET 4.708874, 1.812570, 19.727123
SCALE 1.000000, 1.000000, 1.000000
X -0.008203, 0.166937, -0.985933
Y -0.006021, -0.985957, -0.166891
Z -0.999948, 0.004567, 0.009093

BONE 10
OFFSET -4.708568, 1.812141, 19.727461
SCALE 1.000000, 1.000000, 1.000000
X -0.008167, -0.166975, 0.985927
Y -0.006022, 0.985950, 0.166929
Z -0.999949, -0.004574, -0.009057

BONE 11
OFFSET 0.000094, 1.131313, 47.652164
SCALE 1.000000, 1.000000, 1.000000
X 0.000003, -0.020406, 0.999792
Y 0.000005, -0.999792, -0.020406
Z 1.000000, 0.000006, -0.000003

BONE 12
OFFSET 4.584381, 4.343949, 4.776942
SCALE 1.000000, 1.000000, 1.000000
X -0.000000, -0.008729, -0.999962
Y 0.016577, -0.999824, 0.008728
Z -0.999863, -0.016577, 0.000145

BONE 13
OFFSET -4.584069, 4.344151, 4.777238
SCALE 1.000000, 1.000000, 1.000000
X 0.000009, 0.008730, 0.999962
Y 0.016581, 0.999824, -0.008729
Z -0.999862, 0.016581, -0.000136

BONE 14
OFFSET 4.700433, -0.061928, 19.740456
SCALE 1.000000, 1.000000, 1.000000
X -0.000006, 0.029848, 0.999554
Y -0.000002, -0.999554, 0.029848
Z 1.000000, -0.000002, 0.000006

BONE 15
OFFSET -4.688321, -0.066477, 19.765478
SCALE 1.000000, 1.000000, 1.000000
X -0.000042, -0.029855, -0.999554
Y -0.000010, 0.999554, -0.029855
Z 1.000000, 0.000009, -0.000042

BONE 16
OFFSET 0.000090, 1.067745, 51.758411
SCALE 1.000000, 1.000000, 1.000000
X 0.000002, -0.047080, 0.998891
Y 0.000010, -0.998891, -0.047080
Z 1.000000, 0.000011, -0.000001

BONE 17
OFFSET 0.002056, 7.939955, 50.851307
SCALE 1.000000, 1.000000, 1.000000
X -0.002312, 0.998623, 0.052401
Y -0.999994, -0.002453, 0.002620
Z 0.002745, -0.052394, 0.998623

BONE 18
OFFSET 4.746620, -1.234840, 0.330913
SCALE 1.000000, 1.000000, 1.000000
X 0.016342, -0.983115, 0.182258
Y -0.002855, 0.182235, 0.983251
Z -0.999862, -0.016588, 0.000171

BONE 19
OFFSET -4.746290, -1.234591, 0.331138
SCALE 1.000000, 1.000000, 1.000000
X 0.016296, 0.983125, -0.182210
Y -0.002898, -0.182187, -0.983260
Z -0.999863, 0.016551, -0.000120

BONE 20
OFFSET 1.356609, 1.015539, 56.400341
SCALE 1.000000, 1.000000, 1.000000
X 0.997183, -0.019399, 0.072449
Y 0.018071, 0.999657, 0.018947
Z -0.072792, -0.017584, 0.997192

BONE 21
OFFSET -1.356719, 1.015542, 56.400444
SCALE 1.000000, 1.000000, 1.000000
X 0.997186, 0.019411, -0.072414
Y 0.018084, -0.999657, -0.018932
Z -0.072757, 0.017569, -0.997195

BONE 22
OFFSET 0.000058, 0.503915, 60.542107
SCALE 1.000000, 1.000000, 1.000000
X 0.000005, -0.309757, 0.950816
Y 0.000009, -0.950816, -0.309757
Z 1.000000, 0.000010, -0.000002

BONE 23
OFFSET 4.025334, 0.920922, 58.859638
SCALE 1.000000, 1.000000, 1.000000
X -0.997186, 0.019392, -0.072414
Y -0.018067, -0.999658, -0.018910
Z -0.072756, -0.017549, 0.997195

BONE 24
OFFSET -4.025115, 0.920835, 58.859825
SCALE 1.000000, 1.000000, 1.000000
X -0.997185, -0.019413, 0.072417
Y -0.018088, 0.999658, 0.018910
Z -0.072759, 0.017547, -0.997195

BONE 25
OFFSET -28.519920, -12.713210, 38.935009
SCALE 1.000000, 1.000000, 1.000000
X 1.000000, 0.000011, -0.000001
Y 0.000007, -0.764281, -0.644884
Z -0.000008, 0.644884, -0.764281

BONE 26
OFFSET -3.446791, 8.288239, 51.019424
SCALE 1.000000, 1.000000, 1.000000
X -0.083352, 0.038091, -0.995792
Y 0.176876, -0.982837, -0.052401
Z -0.980697, -0.180500, 0.075184

BONE 27
OFFSET 5.324184, -4.817457, 56.563660
SCALE 1.000000, 1.000000, 1.000000
X 0.425518, -0.775120, 0.467037
Y 0.904858, 0.371803, -0.207351
Z -0.012924, 0.510834, 0.859582

BONE 28
OFFSET -5.921757, -4.462816, 56.530518
SCALE 1.000000, 1.000000, 1.000000
X -0.289342, -0.948959, 0.125531
Y 0.919742, -0.311950, -0.238249
Z 0.265248, 0.046520, 0.963057

BONE 29
OFFSET -28.519920, -12.713210, 38.935009
SCALE 1.000000, 1.000000, 1.000000
X 0.000011, -1.000000, 0.000001
Y 1.000000, 0.000011, -0.000001
Z 0.000001, 0.000001, 1.000000

BONE 30
OFFSET 0.000057, -0.306903, 63.520969
SCALE 1.000000, 1.000000, 1.000000
X -0.000007, -0.216434, 0.976297
Y 0.000005, -0.976297, -0.216434
Z 1.000000, 0.000004, 0.000008

BONE 31
OFFSET 7.725458, 0.891629, 56.863182
SCALE 1.000000, 1.000000, 1.000000
X 0.662981, -0.260696, -0.701779
Y 0.273873, 0.956889, -0.096732
Z 0.696743, -0.128067, 0.705796

BONE 32
OFFSET -7.725506, 0.891564, 56.862965
SCALE 1.000000, 1.000000, 1.000000
X 0.662960, 0.260726, 0.701788
Y 0.273916, -0.956876, 0.096734
Z 0.696745, 0.128101, -0.705788

BONE 33
OFFSET 1.567977, -4.906001, 67.029114
SCALE 1.000000, 1.000000, 1.000000
X 1.000000, 0.000000, 0.000000
Y 0.000000, -0.000000, 1.000000
Z 0.000000, -1.000000, -0.000000

BONE 34
OFFSET -1.567955, -4.906012, 67.029091
SCALE 1.000000, 1.000000, 1.000000
X 1.000000, 0.000000, 0.000000
Y 0.000000, -0.000000, 1.000000
Z 0.000000, -1.000000, -0.000000

BONE 35
OFFSET 1.970477, -4.516927, 65.335808
SCALE 1.000000, 1.000000, 1.000000
X 1.000000, 0.000000, 0.000000
Y 0.000000, -0.000000, 1.000000
Z 0.000000, -1.000000, -0.000000

BONE 36
OFFSET -1.969941, -4.516941, 65.335777
SCALE 1.000000, 1.000000, 1.000000
X 1.000000, 0.000000, 0.000000
Y 0.000000, -0.000000, 1.000000
Z 0.000000, -1.000000, -0.000000

BONE 37
OFFSET 1.816072, -4.282489, 63.435799
SCALE 1.000000, 1.000000, 1.000000
X 1.000000, 0.000000, 0.000000
Y 0.000000, -0.000000, 1.000000
Z 0.000000, -1.000000, -0.000000

BONE 38
OFFSET 15.846270, -1.632336, 48.642548
SCALE 1.000000, 1.000000, 1.000000
X 0.294563, -0.846066, -0.444303
Y 0.654051, 0.517466, -0.551767
Z 0.696743, -0.128067, 0.705796

BONE 39
OFFSET -15.846113, -1.632834, 48.642265
SCALE 1.000000, 1.000000, 1.000000
X 0.294518, 0.846079, 0.444308
Y 0.654068, -0.517437, 0.551773
Z 0.696745, 0.128101, -0.705788

BONE 40
OFFSET 15.742274, -1.805675, 48.713013
SCALE 1.000000, 1.000000, 1.000000
X 0.294845, -0.845858, -0.444512
Y 0.653923, 0.517813, -0.551593
Z 0.696743, -0.128042, 0.705801

BONE 41
OFFSET -15.742270, -1.806072, 48.712933
SCALE 1.000000, 1.000000, 1.000000
X 0.294819, 0.845861, 0.444523
Y 0.653933, -0.517800, 0.551592
Z 0.696745, 0.128069, -0.705794

BONE 42
OFFSET 1.252017, -4.224074, 66.324142
SCALE 1.000000, 1.000000, 1.000000
X 1.000000, 0.000000, 0.000000
Y 0.000000, -0.000000, 1.000000
Z 0.000000, -1.000000, -0.000000

BONE 43
OFFSET -1.252075, -4.224074, 66.324135
SCALE 1.000000, 1.000000, 1.000000
X 1.000000, 0.000000, 0.000000
Y 0.000000, -0.000000, 1.000000
Z 0.000000, -1.000000, -0.000000

BONE 44
OFFSET 1.252017, -4.224074, 66.324142
SCALE 1.000000, 1.000000, 1.000000
X 1.000000, 0.000000, 0.000000
Y 0.000000, -0.000000, 1.000000
Z 0.000000, -1.000000, -0.000000

BONE 45
OFFSET -1.252075, -4.224074, 66.324135
SCALE 1.000000, 1.000000, 1.000000
X 1.000000, 0.000000, 0.000000
Y 0.000000, -0.000000, 1.000000
Z 0.000000, -1.000000, -0.000000

BONE 46
OFFSET 1.191022, -4.219513, 66.318771
SCALE 1.000000, 1.000000, 1.000000
X 1.000000, 0.000000, 0.000000
Y 0.000000, -0.000000, 1.000000
Z 0.000000, -1.000000, -0.000000

BONE 47
OFFSET -1.231289, -4.220488, 66.286385
SCALE 1.000000, 1.000000, 1.000000
X 1.000000, 0.000000, 0.000000
Y 0.000000, -0.000000, 1.000000
Z 0.000000, -1.000000, -0.000000

BONE 48
OFFSET -0.000527, -1.399727, 69.807846
SCALE 1.000000, 1.000000, 1.000000
X -0.000007, -0.216434, 0.976297
Y 0.000005, -0.976297, -0.216434
Z 1.000000, 0.000004, 0.000008

BONE 49
OFFSET 0.000054, -1.732703, 63.848927
SCALE 1.000000, 1.000000, 1.000000
X 1.000000, 0.000000, 0.000000
Y 0.000000, -0.000000, 1.000000
Z 0.000000, -1.000000, -0.000000

BONE 50
OFFSET 0.830634, -5.299398, 64.796432
SCALE 1.000000, 1.000000, 1.000000
X 1.000000, 0.000000, 0.000000
Y 0.000000, -0.000000, 1.000000
Z 0.000000, -1.000000, -0.000000

BONE 51
OFFSET -0.830936, -5.299405, 64.796425
SCALE 1.000000, 1.000000, 1.000000
X 1.000000, 0.000000, 0.000000
Y 0.000000, -0.000000, 1.000000
Z 0.000000, -1.000000, -0.000000

BONE 52
OFFSET 8.032188, 0.771017, 56.538502
SCALE 1.000000, 1.000000, 1.000000
X 0.662981, -0.260696, -0.701779
Y 0.273875, 0.956889, -0.096730
Z 0.696742, -0.128070, 0.705797

BONE 53
OFFSET -8.001591, 0.782987, 56.570709
SCALE 1.000000, 1.000000, 1.000000
X 0.662960, 0.260726, 0.701788
Y 0.273908, -0.956878, 0.096742
Z 0.696748, 0.128089, -0.705787

BONE 54
OFFSET 0.000049, -4.334190, 66.322540
SCALE 1.000000, 1.000000, 1.000000
X 0.000001, -0.939691, 0.342026
Y 1.000000, 0.000004, 0.000007
Z -0.000008, 0.342026, 0.939691

BONE 55
OFFSET -0.000540, -0.362329, 71.243195
SCALE 1.000000, 1.000000, 1.000000
X 0.000005, -0.999048, 0.043625
Y 1.000000, 0.000005, 0.000005
Z -0.000005, 0.043625, 0.999048

BONE 56
OFFSET 18.585669, -10.419226, 44.089733
SCALE 1.000000, 1.000000, 1.000000
X 0.299004, -0.782064, -0.546784
Y -0.792522, 0.115636, -0.598779
Z 0.531512, 0.612376, -0.585227

BONE 57
OFFSET -18.585567, -10.419399, 44.089657
SCALE 1.000000, 1.000000, 1.000000
X 0.299011, 0.782058, 0.546788
Y -0.792524, -0.115633, 0.598778
Z 0.531506, -0.612384, 0.585224

BONE 58
OFFSET 17.753496, -7.897926, 45.442410
SCALE 1.000000, 1.000000, 1.000000
X 0.294846, -0.845857, -0.444513
Y 0.653930, 0.517812, -0.551585
Z 0.696736, -0.128048, 0.705806

BONE 59
OFFSET -17.753546, -7.898361, 45.442448
SCALE 1.000000, 1.000000, 1.000000
X 0.294819, 0.845861, 0.444523
Y 0.653933, -0.517800, 0.551592
Z 0.696745, 0.128069, -0.705794

BONE 60
OFFSET 18.943596, -14.118733, 43.296165
SCALE 1.000000, 1.000000, 1.000000
X 0.252533, -0.921880, -0.293878
Y -0.670074, 0.052482, -0.740436
Z 0.698017, 0.383905, -0.604475

BONE 61
OFFSET -18.943485, -14.118932, 43.296089
SCALE 1.000000, 1.000000, 1.000000
X 0.252692, 0.921873, 0.293763
Y -0.670040, -0.052297, 0.740480
Z 0.697992, -0.383946, 0.604477

BONE 62
OFFSET 19.641989, -13.608097, 42.701954
SCALE 1.000000, 1.000000, 1.000000
X 0.066843, -0.793765, -0.604540
Y -0.837155, 0.285040, -0.466823
Z 0.542866, 0.537298, -0.645452

BONE 63
OFFSET -19.641909, -13.608223, 42.701809
SCALE 1.000000, 1.000000, 1.000000
X 0.066887, 0.793771, 0.604528
Y -0.837171, -0.284987, 0.466827
Z 0.542836, -0.537317, 0.645460

BONE 64
OFFSET 20.410118, -12.159682, 41.480377
SCALE 1.000000, 1.000000, 1.000000
X -0.099274, -0.722106, -0.684623
Y -0.848031, 0.421335, -0.321434
Z 0.520565, 0.548671, -0.654195

BONE 65
OFFSET -20.410091, -12.159837, 41.480251
SCALE 1.000000, 1.000000, 1.000000
X -0.099304, 0.722089, 0.684635
Y -0.848020, -0.421369, 0.321418
Z 0.520577, -0.548666, 0.654190

BONE 66
OFFSET 20.114302, -12.876246, 42.061901
SCALE 1.000000, 1.000000, 1.000000
X -0.006006, -0.738898, -0.673791
Y -0.878970, 0.325202, -0.348791
Z 0.476839, 0.590147, -0.651422

BONE 67
OFFSET -20.114208, -12.876396, 42.061890
SCALE 1.000000, 1.000000, 1.000000
X -0.005979, 0.738908, 0.673780
Y -0.878978, -0.325169, 0.348801
Z 0.476825, -0.590152, 0.651428

BONE 68
OFFSET 18.473015, -11.541899, 44.177650
SCALE 1.000000, 1.000000, 1.000000
X -0.766327, -0.594301, -0.244027
Y 0.525231, -0.360813, -0.770679
Z 0.369968, -0.718763, 0.588646

BONE 69
OFFSET -18.472874, -11.542074, 44.177635
SCALE 1.000000, 1.000000, 1.000000
X -0.766329, 0.594294, 0.244036
Y 0.525229, 0.360803, 0.770685
Z 0.369965, 0.718773, -0.588635

BONE 70
OFFSET -28.519896, -12.719981, 38.932270
SCALE 1.000000, 1.000000, 1.000000
X 0.000190, -1.000000, -0.000189
Y 1.000000, 0.000190, 0.000053
Z -0.000053, -0.000189, 1.000000

BONE 71
OFFSET -28.520119, -12.709172, 38.935143
SCALE 1.000000, 1.000000, 1.000000
X -0.000199, -1.000000, -0.000195
Y 0.998877, -0.000190, -0.047381
Z 0.047381, -0.000205, 0.998877

BONE 72
OFFSET 19.335176, -15.548034, 42.840546
SCALE 1.000000, 1.000000, 1.000000
X -0.305493, -0.603804, -0.736271
Y -0.647669, 0.698577, -0.304162
Z 0.697997, 0.383940, -0.604476

BONE 73
OFFSET -19.335234, -15.548249, 42.840523
SCALE 1.000000, 1.000000, 1.000000
X -0.305842, 0.603512, 0.736365
Y -0.647460, -0.698892, 0.303884
Z 0.698038, -0.383827, 0.604500

BONE 74
OFFSET 19.766018, -15.080857, 41.580357
SCALE 1.000000, 1.000000, 1.000000
X -0.742584, -0.051931, -0.667737
Y -0.392291, 0.841795, 0.370795
Z 0.542841, 0.537294, -0.645475

BONE 75
OFFSET -19.765930, -15.081016, 41.579948
SCALE 1.000000, 1.000000, 1.000000
X -0.742558, 0.051921, 0.667766
Y -0.392315, -0.841780, -0.370804
Z 0.542860, -0.537318, 0.645439

BONE 76
OFFSET 20.291075, -13.025280, 40.659801
SCALE 1.000000, 1.000000, 1.000000
X -0.734217, -0.103408, -0.670993
Y -0.435791, 0.829631, 0.348997
Z 0.520587, 0.548653, -0.654194

BONE 77
OFFSET -20.291012, -13.025424, 40.659672
SCALE 1.000000, 1.000000, 1.000000
X -0.734208, 0.103424, 0.671001
Y -0.435814, -0.829619, -0.348996
Z 0.520581, -0.548667, 0.654187

BONE 78
OFFSET 20.104219, -14.119193, 40.928596
SCALE 1.000000, 1.000000, 1.000000
X -0.750598, -0.112264, -0.651152
Y -0.457408, 0.799450, 0.389433
Z 0.476844, 0.590150, -0.651416

BONE 79
OFFSET -20.104130, -14.119358, 40.928261
SCALE 1.000000, 1.000000, 1.000000
X -0.750602, 0.112272, 0.651146
Y -0.457410, -0.799450, -0.389431
Z 0.476836, -0.590148, 0.651423

BONE 80
OFFSET 16.629330, -12.971684, 43.590553
SCALE 1.000000, 1.000000, 1.000000
X -0.513767, -0.686190, -0.514963
Y 0.774059, -0.111908, -0.623144
Z 0.369966, -0.718763, 0.588646

BONE 81
OFFSET -16.629194, -12.971821, 43.590179
SCALE 1.000000, 1.000000, 1.000000
X -0.513765, 0.686181, 0.514977
Y 0.774059, 0.111890, 0.623148
Z 0.369972, 0.718774, -0.588629

BONE 82
OFFSET 19.038221, -16.134914, 42.125023
SCALE 1.000000, 1.000000, 1.000000
X -0.554097, -0.245160, -0.795533
Y -0.453622, 0.890222, 0.041612
Z 0.698000, 0.383929, -0.604479

BONE 83
OFFSET -19.037983, -16.134798, 42.125008
SCALE 1.000000, 1.000000, 1.000000
X -0.553871, 0.245483, 0.795591
Y -0.453788, -0.890154, -0.041256
Z 0.698071, -0.383880, 0.604428

BONE 84
OFFSET 18.948034, -15.138112, 40.844826
SCALE 1.000000, 1.000000, 1.000000
X -0.836744, 0.280258, -0.470441
Y -0.071875, 0.795463, 0.601724
Z 0.542857, 0.537302, -0.645456

BONE 85
OFFSET -18.947971, -15.138271, 40.844528
SCALE 1.000000, 1.000000, 1.000000
X -0.836742, -0.280254, 0.470448
Y -0.071886, -0.795461, -0.601726
Z 0.542859, -0.537308, 0.645449

BONE 86
OFFSET 19.784019, -13.096679, 40.196491
SCALE 1.000000, 1.000000, 1.000000
X -0.853803, 0.339164, -0.394953
Y 0.005198, 0.764171, 0.644992
Z 0.520570, 0.548643, -0.654215

BONE 87
OFFSET -19.783998, -13.096812, 40.196270
SCALE 1.000000, 1.000000, 1.000000
X -0.853799, -0.339166, 0.394959
Y 0.005186, -0.764161, -0.645004
Z 0.520576, -0.548656, 0.654199

BONE 88
OFFSET 19.396437, -14.225060, 40.314682
SCALE 1.000000, 1.000000, 1.000000
X -0.861545, 0.166924, -0.479454
Y -0.174209, 0.789854, 0.588033
Z 0.476856, 0.590142, -0.651415

BONE 89
OFFSET -19.396343, -14.225204, 40.314499
SCALE 1.000000, 1.000000, 1.000000
X -0.861557, -0.166916, 0.479436
Y -0.174209, -0.789846, -0.588043
Z 0.476834, -0.590155, 0.651419

BONE 90
OFFSET 16.015608, -13.791351, 42.975456
SCALE 1.000000, 1.000000, 1.000000
X -0.178188, -0.676734, -0.714339
Y 0.911796, 0.159395, -0.378446
Z 0.369969, -0.718766, 0.588641

BONE 91
OFFSET -16.015455, -13.791477, 42.975048
SCALE 1.000000, 1.000000, 1.000000
X -0.178183, 0.676724, 0.714350
Y 0.911791, -0.159415, 0.378450
Z 0.369984, 0.718771, -0.588626

NUMVERTS 780
VERT 0
OFFSET -3.591149, -0.468684, 15.893981
BONES 2
BONE 10 0.864563
BONE 15 0.135437

VERT 1
OFFSET -5.135866, -0.636236, 15.514863
BONES 2
BONE 10 0.892254
BONE 15 0.107746

VERT 2
OFFSET -6.544041, -0.610271, 16.184576
BONES 2
BONE 10 0.888933
BONE 15 0.111067

VERT 3
OFFSET -2.916857, -0.893844, 17.076862
BONES 2
BONE 10 0.674370
BONE 15 0.325630

VERT 4
OFFSET -5.080535, -1.905250, 16.621586
BONES 2
BONE 10 0.575217
BONE 15 0.424783

VERT 5
OFFSET -7.064962, -0.994475, 17.488443
BONES 2
BONE 10 0.648774
BONE 15 0.351226

VERT 6
OFFSET -2.486834, -2.693091, 20.431419
BONES 2
BONE 4 0.060964
BONE 15 0.939036

VERT 7
OFFSET -4.553810, -2.948373, 20.927298
BONES 2
BONE 4 0.140328
BONE 15 0.859672

VERT 8
OFFSET -6.754905, -2.468263, 20.833586
BONES 2
BONE 4 0.124410
BONE 15 0.875590

VERT 9
OFFSET -3.318080, 0.313744, 15.455855
BONES 2
BONE 10 0.892829
BONE 15 0.107171

VERT 10
OFFSET -5.251167, -0.107907, 14.898441
BONES 2
BONE 10 0.895083
BONE 15 0.104917

VERT 11
OFFSET -7.139772, 0.291103, 15.849670
BONES 2
BONE 10 0.887019
BONE 15 0.112981

VERT 12
OFFSET -2.072392, -2.078621, 21.263895
BONES 2
BONE 4 0.060964
BONE 15 0.939036

VERT 13
OFFSET -4.532793, -2.520081, 21.939001
BONES 2
BONE 4 0.140328
BONE 15 0.859672

VERT 14
OFFSET -7.171207, -1.839174, 21.935242
BONES 2
BONE 4 0.124411
BONE 15 0.875589

VERT 15
OFFSET -2.380721, -0.010796, 17.208754
BONES 2
BONE 10 0.766450
BONE 15 0.233550

VERT 16
OFFSET -7.659053, 0.245106, 17.885643
BONES 2
BONE 10 0.789293
BONE 15 0.210707

VERT 17
OFFSET -1.854536, -0.946976, 19.504395
BONES 2
BONE 10 0.137566
BONE 15 0.862434

VERT 18
OFFSET -2.427386, -1.816590, 18.948353
BONES 2
BONE 10 0.108594
BONE 15 0.891406

VERT 19
OFFSET -4.834220, -2.975085, 18.889465
BONES 2
BONE 10 0.103902
BONE 15 0.896098

VERT 20
OFFSET -7.217177, -1.747360, 19.484125
BONES 2
BONE 10 0.130552
BONE 15 0.869448

VERT 21
OFFSET -7.802989, -0.536507, 20.245464
BONES 2
BONE 10 0.166320
BONE 15 0.833680

VERT 22
OFFSET 3.591149, -0.468684, 15.893981
BONES 2
BONE 9 0.768708
BONE 14 0.231292

VERT 23
OFFSET 5.135866, -0.636236, 15.514863
BONES 2
BONE 9 0.798646
BONE 14 0.201354

VERT 24
OFFSET 6.544041, -0.610271, 16.184576
BONES 2
BONE 9 0.781229
BONE 14 0.218771

VERT 25
OFFSET 2.916857, -0.893844, 17.076862
BONES 2
BONE 9 0.674368
BONE 14 0.325632

VERT 26
OFFSET 5.080535, -1.905250, 16.621586
BONES 2
BONE 9 0.575215
BONE 14 0.424785

VERT 27
OFFSET 7.064962, -0.994475, 17.488443
BONES 2
BONE 9 0.648773
BONE 14 0.351227

VERT 28
OFFSET 2.486834, -2.693091, 20.431419
BONES 2
BONE 3 0.099825
BONE 14 0.900175

VERT 29
OFFSET 4.553810, -2.948373, 20.927298
BONES 2
BONE 3 0.195182
BONE 14 0.804818

VERT 30
OFFSET 6.754905, -2.468263, 20.833586
BONES 2
BONE 3 0.158693
BONE 14 0.841307

VERT 31
OFFSET 3.318080, 0.313744, 15.455855
BONES 2
BONE 9 0.798095
BONE 14 0.201905

VERT 32
OFFSET 5.251167, -0.107907, 14.898441
BONES 2
BONE 9 0.825783
BONE 14 0.174217

VERT 33
OFFSET 7.139772, 0.291103, 15.849670
BONES 2
BONE 9 0.815242
BONE 14 0.184758

VERT 34
OFFSET 2.072392, -2.078621, 21.263895
BONES 2
BONE 3 0.099825
BONE 14 0.900175

VERT 35
OFFSET 4.532793, -2.520081, 21.939001
BONES 2
BONE 3 0.195182
BONE 14 0.804818

VERT 36
OFFSET 7.171207, -1.839174, 21.935242
BONES 2
BONE 3 0.158693
BONE 14 0.841307

VERT 37
OFFSET 2.380721, -0.010796, 17.208754
BONES 2
BONE 9 0.697401
BONE 14 0.302599

VERT 38
OFFSET 7.659053, 0.245106, 17.885643
BONES 2
BONE 9 0.708777
BONE 14 0.291223

VERT 39
OFFSET 1.854536, -0.946976, 19.504395
BONES 2
BONE 9 0.136697
BONE 14 0.863303

VERT 40
OFFSET 2.427386, -1.816590, 18.948353
BONES 2
BONE 9 0.123106
BONE 14 0.876894

VERT 41
OFFSET 4.834220, -2.975085, 18.889465
BONES 2
BONE 9 0.073712
BONE 14 0.926288

VERT 42
OFFSET 7.217177, -1.747360, 19.484125
BONES 2
BONE 9 0.117483
BONE 14 0.882517

VERT 43
OFFSET 7.802989, -0.536507, 20.245464
BONES 2
BONE 3 0.165887
BONE 14 0.834113

VERT 44
OFFSET 12.475221, 2.462481, 48.648857
BONES 2
BONE 31 0.750068
BONE 52 0.249932

VERT 45
OFFSET 11.462301, 0.596270, 48.173157
BONES 2
BONE 31 0.770510
BONE 52 0.229490

VERT 46
OFFSET 9.300067, 1.110795, 49.879162
BONES 2
BONE 31 0.407951
BONE 52 0.592049

VERT 47
OFFSET 10.430474, 2.978379, 50.611698
BONES 2
BONE 31 0.471172
BONE 52 0.528828

VERT 48
OFFSET 11.237178, -1.916607, 48.505196
BONES 2
BONE 31 0.810465
BONE 52 0.189535

VERT 49
OFFSET 9.249761, -1.396892, 50.231411
BONES 2
BONE 31 0.435420
BONE 52 0.564580

VERT 50
OFFSET 11.819489, -3.491798, 49.696590
BONES 2
BONE 31 0.783222
BONE 52 0.216778

VERT 51
OFFSET 9.852409, -2.921360, 51.302784
BONES 2
BONE 31 0.445095
BONE 52 0.554905

VERT 52
OFFSET 13.064990, -3.721267, 51.380390
BONES 2
BONE 31 0.807668
BONE 52 0.192332

VERT 53
OFFSET 14.395066, -3.064419, 52.342934
BONES 2
BONE 31 0.799831
BONE 52 0.200169

VERT 54
OFFSET 15.351267, -0.339334, 52.555367
BONES 2
BONE 31 0.764329
BONE 52 0.235671

VERT 55
OFFSET 15.000024, 2.048167, 51.843964
BONES 2
BONE 31 0.740923
BONE 52 0.259077

VERT 56
OFFSET 14.066480, 2.865117, 50.923866
BONES 2
BONE 31 0.726959
BONE 52 0.273041

VERT 57
OFFSET 10.227659, -3.113517, 54.816864
BONES 2
BONE 31 0.230206
BONE 52 0.769794

VERT 58
OFFSET 11.320021, 3.335788, 54.153996
BONES 2
BONE 31 0.312777
BONE 52 0.687223

VERT 59
OFFSET 9.746349, -1.304904, 57.935303
BONES 2
BONE 20 0.252235
BONE 52 0.747765

VERT 60
OFFSET 9.900720, -2.457075, 56.327862
BONES 2
BONE 20 0.168480
BONE 52 0.831520

VERT 61
OFFSET 10.145969, 0.627252, 58.309349
BONES 2
BONE 20 0.324833
BONE 52 0.675167

VERT 62
OFFSET 10.137109, 2.429883, 57.407722
BONES 2
BONE 20 0.265034
BONE 52 0.734966

VERT 63
OFFSET 10.641022, 3.089172, 55.504108
BONES 2
BONE 20 0.181334
BONE 52 0.818666

VERT 64
OFFSET 8.644553, 0.833242, 59.585896
BONES 2
BONE 20 0.526862
BONE 52 0.473138

VERT 65
OFFSET 8.435672, -0.884498, 59.107033
BONES 2
BONE 20 0.487734
BONE 52 0.512266

VERT 66
OFFSET 8.854231, 2.551645, 58.920551
BONES 2
BONE 20 0.484194
BONE 52 0.515806

VERT 67
OFFSET 6.993195, 0.985073, 59.901634
BONES 2
BONE 20 0.693341
BONE 23 0.306659

VERT 68
OFFSET 6.860647, -0.764598, 59.554070
BONES 2
BONE 20 0.656423
BONE 23 0.343577

VERT 69
OFFSET 7.041236, 2.691900, 59.286552
BONES 2
BONE 20 0.735572
BONE 23 0.264428

VERT 70
OFFSET 11.368731, -2.521885, 56.343071
BONES 2
BONE 31 0.234024
BONE 52 0.765976

VERT 71
OFFSET 12.252434, 0.177531, 56.963642
BONES 2
BONE 31 0.234838
BONE 52 0.765162

VERT 72
OFFSET 12.018154, 2.813208, 55.839600
BONES 2
BONE 31 0.237485
BONE 52 0.762515

VERT 73
OFFSET 10.816103, 3.563020, 51.794559
BONES 2
BONE 31 0.421877
BONE 52 0.578123

VERT 74
OFFSET 9.780458, -2.922656, 52.011223
BONES 2
BONE 31 0.343334
BONE 52 0.656666

VERT 75
OFFSET -12.860597, 2.709531, 48.886250
BONES 2
BONE 32 0.685823
BONE 53 0.314177

VERT 76
OFFSET -10.805040, 3.299112, 50.922047
BONES 2
BONE 32 0.470096
BONE 53 0.529904

VERT 77
OFFSET -13.064990, -3.721267, 51.380390
BONES 2
BONE 32 0.689968
BONE 53 0.310032

VERT 78
OFFSET -14.395066, -3.064419, 52.342934
BONES 2
BONE 32 0.698821
BONE 53 0.301179

VERT 79
OFFSET -15.351267, -0.339334, 52.555367
BONES 2
BONE 32 0.682590
BONE 53 0.317410

VERT 80
OFFSET -15.000024, 2.048167, 51.843964
BONES 2
BONE 32 0.671844
BONE 53 0.328156

VERT 81
OFFSET -14.066480, 2.865117, 50.923866
BONES 2
BONE 32 0.637698
BONE 53 0.362302

VERT 82
OFFSET -10.227659, -3.113517, 54.816864
BONES 2
BONE 32 0.208911
BONE 53 0.791089

VERT 83
OFFSET -11.320021, 3.335788, 54.153996
BONES 2
BONE 32 0.286730
BONE 53 0.713270

VERT 84
OFFSET -9.746349, -1.304904, 57.935303
BONES 2
BONE 21 0.248044
BONE 53 0.751956

VERT 85
OFFSET -9.900720, -2.457075, 56.327862
BONES 2
BONE 21 0.148244
BONE 53 0.851756

VERT 86
OFFSET -10.145969, 0.627252, 58.309349
BONES 2
BONE 21 0.319877
BONE 53 0.680123

VERT 87
OFFSET -10.137109, 2.429883, 57.407722
BONES 2
BONE 21 0.302024
BONE 53 0.697976

VERT 88
OFFSET -10.641022, 3.089172, 55.504108
BONES 2
BONE 21 0.203534
BONE 53 0.796466

VERT 89
OFFSET -8.644553, 0.833242, 59.585896
BONES 2
BONE 21 0.494464
BONE 53 0.505536

VERT 90
OFFSET -8.435672, -0.884498, 59.107033
BONES 2
BONE 21 0.433196
BONE 53 0.566804

VERT 91
OFFSET -8.854231, 2.551645, 58.920551
BONES 2
BONE 21 0.497147
BONE 53 0.502853

VERT 92
OFFSET -6.993195, 0.985073, 59.901634
BONES 2
BONE 21 0.690932
BONE 53 0.309068

VERT 93
OFFSET -6.860647, -0.764598, 59.554070
BONES 2
BONE 16 0.421757
BONE 21 0.578243

VERT 94
OFFSET -7.041236, 2.691900, 59.286552
BONES 2
BONE 21 0.697441
BONE 53 0.302559

VERT 95
OFFSET -9.755114, 2.165892, 50.125343
BONES 2
BONE 32 0.478830
BONE 53 0.521170

VERT 96
OFFSET -11.860093, 1.688531, 48.316570
BONES 2
BONE 32 0.701897
BONE 53 0.298103

VERT 97
OFFSET -9.117301, -0.188545, 49.883968
BONES 2
BONE 32 0.453713
BONE 53 0.546287

VERT 98
OFFSET -11.221754, -0.659109, 48.187786
BONES 2
BONE 32 0.733363
BONE 53 0.266637

VERT 99
OFFSET -9.631572, -2.395300, 50.903328
BONES 2
BONE 32 0.448352
BONE 53 0.551648

VERT 100
OFFSET -11.572295, -2.987942, 49.228024
BONES 2
BONE 32 0.702098
BONE 53 0.297902

VERT 101
OFFSET -11.368731, -2.521885, 56.343071
BONES 2
BONE 32 0.203247
BONE 53 0.796753

VERT 102
OFFSET -12.252434, 0.177531, 56.963642
BONES 2
BONE 32 0.202118
BONE 53 0.797882

VERT 103
OFFSET -12.018154, 2.813208, 55.839600
BONES 2
BONE 32 0.215933
BONE 53 0.784067

VERT 104
OFFSET -10.816103, 3.563020, 51.794559
BONES 2
BONE 32 0.414234
BONE 53 0.585766

VERT 105
OFFSET -9.780458, -2.922656, 52.011223
BONES 2
BONE 32 0.363262
BONE 53 0.636738

VERT 106
OFFSET -7.842154, -2.430726, 26.374342
BONES 2
BONE 4 0.557815
BONE 8 0.442185

VERT 107
OFFSET -7.076308, -3.014909, 36.886635
BONES 2
BONE 1 0.487138
BONE 8 0.512862

VERT 108
OFFSET -7.752065, -2.875446, 32.689293
BONES 2
BONE 1 0.097619
BONE 8 0.902381

VERT 109
OFFSET -1.173894, -3.516373, 33.185944
BONES 2
BONE 7 0.273190
BONE 8 0.726810

VERT 110
OFFSET -1.040142, -3.345656, 31.967112
BONES 2
BONE 7 0.229551
BONE 8 0.770449

VERT 111
OFFSET -3.692931, -4.754237, 32.441738
BONES 2
BONE 1 0.172967
BONE 8 0.827033

VERT 112
OFFSET -3.689936, -4.417109, 26.085510
BONES 2
BONE 4 0.585488
BONE 8 0.414512

VERT 113
OFFSET -8.634941, 1.135730, 27.196070
BONES 2
BONE 4 0.495467
BONE 8 0.504533

VERT 114
OFFSET -8.735175, 0.706131, 32.955544
BONES 2
BONE 1 0.042475
BONE 8 0.957525

VERT 115
OFFSET -8.377554, 0.411951, 36.262775
BONES 2
BONE 1 0.282982
BONE 8 0.717018

VERT 116
OFFSET -1.822200, -2.868860, 22.784067
BONES 2
BONE 4 0.882894
BONE 8 0.117106

VERT 117
OFFSET -3.801169, -3.431297, 22.313255
BONES 2
BONE 4 0.897647
BONE 8 0.102353

VERT 118
OFFSET -7.178159, -1.783329, 22.382330
BONES 2
BONE 4 0.901636
BONE 8 0.098364

VERT 119
OFFSET -8.374794, 1.310186, 23.390009
BONES 2
BONE 4 0.870175
BONE 8 0.129825

VERT 120
OFFSET -3.505341, -4.585744, 34.326958
BONES 2
BONE 1 0.251241
BONE 8 0.748759

VERT 121
OFFSET -1.273837, -3.048031, 26.220566
BONES 2
BONE 4 0.552816
BONE 8 0.447184

VERT 122
OFFSET -7.831078, 3.113864, 28.061617
BONES 2
BONE 4 0.422285
BONE 8 0.577715

VERT 123
OFFSET -7.973408, 2.835129, 32.826283
BONES 2
BONE 1 0.045434
BONE 8 0.954566

VERT 124
OFFSET -7.743932, 2.787287, 24.732367
BONES 2
BONE 4 0.775821
BONE 8 0.224179

VERT 125
OFFSET -7.900130, 2.354202, 35.023525
BONES 2
BONE 1 0.203967
BONE 8 0.796033

VERT 126
OFFSET 7.842154, -2.430726, 26.374342
BONES 2
BONE 3 0.534816
BONE 7 0.465184

VERT 127
OFFSET 7.076308, -3.014909, 36.886635
BONES 2
BONE 1 0.494401
BONE 7 0.505599

VERT 128
OFFSET 7.752065, -2.875446, 32.689293
BONES 2
BONE 1 0.095738
BONE 7 0.904262

VERT 129
OFFSET 1.173894, -3.516373, 33.185944
BONES 2
BONE 1 0.297587
BONE 7 0.702413

VERT 130
OFFSET 1.040142, -3.345656, 31.967112
BONES 2
BONE 1 0.195506
BONE 7 0.804494

VERT 131
OFFSET 3.689936, -4.417109, 26.085510
BONES 2
BONE 3 0.360035
BONE 7 0.639965

VERT 132
OFFSET 8.634941, 1.135730, 27.196070
BONES 2
BONE 3 0.470383
BONE 7 0.529617

VERT 133
OFFSET 8.735175, 0.706131, 32.955544
BONES 2
BONE 1 0.053801
BONE 7 0.946199

VERT 134
OFFSET 8.377554, 0.411951, 36.262775
BONES 2
BONE 1 0.366882
BONE 7 0.633118

VERT 135
OFFSET 1.822200, -2.868860, 22.784067
BONES 2
BONE 3 0.800164
BONE 7 0.199836

VERT 136
OFFSET 3.801169, -3.431297, 22.313255
BONES 2
BONE 3 0.841719
BONE 7 0.158281

VERT 137
OFFSET 7.178159, -1.783329, 22.382330
BONES 2
BONE 3 0.919463
BONE 7 0.080537

VERT 138
OFFSET 8.374794, 1.310186, 23.390009
BONES 2
BONE 3 0.830622
BONE 7 0.169378

VERT 139
OFFSET 3.505341, -4.585744, 34.326958
BONES 2
BONE 1 0.344526
BONE 7 0.655474

VERT 140
OFFSET 3.692931, -4.754237, 32.441738
BONES 2
BONE 1 0.189706
BONE 7 0.810294

VERT 141
OFFSET 1.273837, -3.048031, 26.220566
BONES 2
BONE 3 0.494288
BONE 7 0.505712

VERT 142
OFFSET 7.831078, 3.113864, 28.061617
BONES 2
BONE 3 0.337614
BONE 7 0.662386

VERT 143
OFFSET 7.973408, 2.835129, 32.826283
BONES 2
BONE 1 0.059319
BONE 7 0.940681

VERT 144
OFFSET 7.743932, 2.787287, 24.732367
BONES 2
BONE 3 0.692512
BONE 7 0.307488

VERT 145
OFFSET 7.900130, 2.354202, 35.023525
BONES 2
BONE 1 0.261937
BONE 7 0.738063

VERT 146
OFFSET 0.622847, -7.574638, 40.755318
BONES 2
BONE 1 0.714402
BONE 5 0.285598

VERT 147
OFFSET 4.424338, -6.351471, 40.907887
BONES 2
BONE 1 0.714402
BONE 5 0.285598

VERT 148
OFFSET 7.199652, -3.851304, 41.120033
BONES 2
BONE 1 0.714402
BONE 5 0.285598

VERT 149
OFFSET 6.994870, 4.530383, 47.766529
BONES 2
BONE 5 0.610182
BONE 11 0.389818

VERT 150
OFFSET 5.051931, 6.428085, 48.127163
BONES 2
BONE 5 0.586007
BONE 11 0.413993

VERT 151
OFFSET 4.792048, 5.601994, 48.368507
BONES 2
BONE 5 0.577883
BONE 11 0.422117

VERT 152
OFFSET -0.000000, 7.411991, 48.355583
BONES 2
BONE 5 0.541092
BONE 11 0.458908

VERT 153
OFFSET -0.000000, 6.721478, 48.511078
BONES 2
BONE 5 0.534160
BONE 11 0.465840

VERT 154
OFFSET 0.598809, -6.698538, 46.571289
BONES 2
BONE 1 0.284508
BONE 5 0.715492

VERT 155
OFFSET 4.489471, -5.578289, 46.629639
BONES 2
BONE 5 0.709965
BONE 11 0.290035

VERT 156
OFFSET 6.174474, -3.836690, 47.076733
BONES 2
BONE 5 0.689508
BONE 11 0.310492

VERT 157
OFFSET 7.801560, -2.338769, 46.940891
BONES 2
BONE 5 0.684173
BONE 11 0.315827

VERT 158
OFFSET 7.970788, 1.079651, 47.038727
BONES 2
BONE 5 0.652096
BONE 11 0.347904

VERT 159
OFFSET 6.322741, 3.942337, 48.050652
BONES 2
BONE 5 0.598873
BONE 11 0.401127

VERT 160
OFFSET 7.136443, 0.980953, 47.247421
BONES 2
BONE 5 0.645910
BONE 11 0.354090

VERT 161
OFFSET 6.992272, -1.934811, 47.285400
BONES 2
BONE 5 0.672957
BONE 11 0.327043

VERT 162
OFFSET 6.172279, 4.143641, 40.563290
BONES 2
BONE 1 0.743968
BONE 5 0.256032

VERT 163
OFFSET 3.598011, 6.073278, 41.097076
BONES 2
BONE 1 0.770938
BONE 5 0.229062

VERT 164
OFFSET 0.000000, 6.797185, 40.941597
BONES 2
BONE 1 0.855529
BONE 5 0.144471

VERT 165
OFFSET 6.172274, -3.147259, 40.179386
BONES 2
BONE 1 0.792163
BONE 5 0.207837

VERT 166
OFFSET 4.548521, -5.530612, 39.957932
BONES 2
BONE 1 0.819916
BONE 5 0.180084

VERT 167
OFFSET 4.428879, -4.796452, 40.050194
BONES 2
BONE 1 0.819078
BONE 5 0.180922

VERT 168
OFFSET 7.034739, -1.418336, 40.633030
BONES 2
BONE 1 0.744034
BONE 5 0.255966

VERT 169
OFFSET 7.181932, 1.456453, 40.708912
BONES 2
BONE 1 0.738319
BONE 5 0.261681

VERT 170
OFFSET 0.000000, 7.872400, 41.299351
BONES 2
BONE 1 0.854625
BONE 5 0.145375

VERT 171
OFFSET 4.077219, 7.124804, 41.461609
BONES 2
BONE 1 0.849066
BONE 5 0.150934

VERT 172
OFFSET 7.242339, 4.775636, 40.900269
BONES 2
BONE 1 0.729468
BONE 5 0.270532

VERT 173
OFFSET 8.427032, 1.622583, 41.010292
BONES 2
BONE 1 0.731111
BONE 5 0.268889

VERT 174
OFFSET 8.254321, -1.750595, 40.879230
BONES 2
BONE 1 0.786369
BONE 5 0.213631

VERT 175
OFFSET 0.000000, -6.532909, 39.834759
BONES 2
BONE 1 0.846183
BONE 5 0.153817

VERT 176
OFFSET -5.271491, -6.095486, 40.554493
BONES 2
BONE 1 0.760105
BONE 5 0.239895

VERT 177
OFFSET -7.970788, 1.079651, 46.852329
BONES 2
BONE 5 0.637628
BONE 11 0.362372

VERT 178
OFFSET -6.994870, 4.530383, 47.385948
BONES 2
BONE 5 0.606193
BONE 11 0.393807

VERT 179
OFFSET -5.051931, 6.367445, 47.530708
BONES 2
BONE 5 0.585737
BONE 11 0.414263

VERT 180
OFFSET 0.614516, -8.103559, 45.614063
BONES 2
BONE 1 0.530885
BONE 5 0.469115

VERT 181
OFFSET -4.471185, -5.865579, 46.671360
BONES 2
BONE 5 0.680259
BONE 11 0.319741

VERT 182
OFFSET -5.260784, -6.681301, 45.803143
BONES 2
BONE 1 0.509805
BONE 5 0.490195

VERT 183
OFFSET -6.668741, -4.845459, 45.924156
BONES 2
BONE 1 0.468130
BONE 5 0.531870

VERT 184
OFFSET -7.801560, -2.338769, 46.763264
BONES 2
BONE 5 0.663763
BONE 11 0.336237

VERT 185
OFFSET -6.322741, 3.942337, 47.616066
BONES 2
BONE 5 0.596436
BONE 11 0.403564

VERT 186
OFFSET -4.792048, 5.601994, 47.765648
BONES 2
BONE 5 0.575042
BONE 11 0.424958

VERT 187
OFFSET -6.174474, -3.836690, 46.864002
BONES 2
BONE 5 0.679657
BONE 11 0.320343

VERT 188
OFFSET -6.992272, -1.934811, 47.072670
BONES 2
BONE 5 0.659179
BONE 11 0.340821

VERT 189
OFFSET -7.136443, 0.980953, 47.064301
BONES 2
BONE 5 0.636896
BONE 11 0.363104

VERT 190
OFFSET -6.172279, 4.143641, 40.575134
BONES 2
BONE 1 0.826024
BONE 5 0.173976

VERT 191
OFFSET -7.181932, 1.456453, 40.345539
BONES 2
BONE 1 0.791085
BONE 5 0.208915

VERT 192
OFFSET -3.408282, 6.085606, 41.325569
BONES 2
BONE 1 0.865027
BONE 5 0.134973

VERT 193
OFFSET -6.172274, -3.147259, 40.179386
BONES 2
BONE 1 0.826953
BONE 5 0.173047

VERT 194
OFFSET -4.428879, -4.796452, 40.050194
BONES 2
BONE 1 0.806731
BONE 5 0.193269

VERT 195
OFFSET -4.548521, -5.530612, 39.957932
BONES 2
BONE 1 0.806178
BONE 5 0.193822

VERT 196
OFFSET -7.034739, -1.418336, 40.286900
BONES 2
BONE 1 0.790830
BONE 5 0.209170

VERT 197
OFFSET -3.813194, 7.161901, 41.695934
BONES 2
BONE 1 0.863896
BONE 5 0.136104

VERT 198
OFFSET -7.242339, 4.775636, 40.895515
BONES 2
BONE 1 0.818366
BONE 5 0.181634

VERT 199
OFFSET -8.427032, 1.622583, 40.595268
BONES 2
BONE 1 0.783957
BONE 5 0.216043

VERT 200
OFFSET -8.254321, -1.750595, 40.512306
BONES 2
BONE 1 0.793119
BONE 5 0.206881

VERT 201
OFFSET -7.242333, -3.779255, 40.397369
BONES 2
BONE 1 0.826489
BONE 5 0.173511

VERT 202
OFFSET 6.913001, -4.335199, 46.047104
BONES 2
BONE 1 0.424254
BONE 5 0.575746

VERT 203
OFFSET 4.329433, -6.904108, 45.745785
BONES 2
BONE 1 0.486608
BONE 5 0.513392

VERT 204
OFFSET 8.816929, 1.901451, 61.324760
BONES 2
BONE 20 0.563561
BONE 52 0.436439

VERT 205
OFFSET 7.593535, 1.671620, 61.883526
BONES 2
BONE 20 0.569859
BONE 52 0.430141

VERT 206
OFFSET 8.641142, -2.955583, 59.252018
BONES 2
BONE 20 0.421738
BONE 52 0.578262

VERT 207
OFFSET 8.961566, -1.370103, 60.544449
BONES 2
BONE 20 0.466163
BONE 52 0.533837

VERT 208
OFFSET 7.533207, -2.906357, 59.918274
BONES 2
BONE 20 0.433286
BONE 52 0.566714

VERT 209
OFFSET 7.720535, -1.327162, 61.068630
BONES 2
BONE 20 0.475740
BONE 52 0.524261

VERT 210
OFFSET 4.628058, -5.990726, 48.748150
BONES 2
BONE 5 0.622589
BONE 11 0.377411

VERT 211
OFFSET -2.573926, 6.866252, 53.141796
BONES 2
BONE 11 0.455710
BONE 16 0.544290

VERT 212
OFFSET -2.094974, 6.807482, 49.858822
BONES 2
BONE 5 0.485562
BONE 11 0.514438

VERT 213
OFFSET 4.895585, 5.959540, 49.911182
BONES 2
BONE 5 0.523316
BONE 11 0.476684

VERT 214
OFFSET 0.579907, -6.982564, 48.612904
BONES 2
BONE 5 0.610590
BONE 11 0.389410

VERT 215
OFFSET 6.905610, 4.237738, 49.661991
BONES 2
BONE 5 0.545979
BONE 11 0.454021

VERT 216
OFFSET 7.645739, 1.000174, 48.759605
BONES 2
BONE 5 0.553950
BONE 11 0.446050

VERT 217
OFFSET 6.246426, -4.346879, 49.121552
BONES 2
BONE 5 0.546179
BONE 11 0.453821

VERT 218
OFFSET 7.111908, -2.792271, 49.543625
BONES 2
BONE 5 0.548845
BONE 11 0.451155

VERT 219
OFFSET 6.713914, 3.735086, 51.552353
BONES 2
BONE 11 0.483226
BONE 16 0.516774

VERT 220
OFFSET 6.686253, -4.159108, 53.099396
BONES 2
BONE 11 0.406154
BONE 16 0.593846

VERT 221
OFFSET 2.573926, 6.866252, 53.131901
BONES 2
BONE 11 0.453860
BONE 16 0.546140

VERT 222
OFFSET 4.836142, 5.987894, 53.011448
BONES 2
BONE 11 0.466568
BONE 16 0.533432

VERT 223
OFFSET 6.391448, 4.637249, 54.201653
BONES 2
BONE 11 0.411746
BONE 16 0.588254

VERT 224
OFFSET 7.443617, -2.453895, 55.500206
BONES 2
BONE 16 0.480642
BONE 52 0.519358

VERT 225
OFFSET 4.782485, -6.266111, 51.186455
BONES 2
BONE 5 0.478378
BONE 11 0.521622

VERT 226
OFFSET 0.558116, -7.323044, 51.138294
BONES 2
BONE 5 0.506624
BONE 11 0.493376

VERT 227
OFFSET 7.437126, 1.025428, 50.787029
BONES 2
BONE 11 0.484972
BONE 16 0.515028

VERT 228
OFFSET 8.318048, -0.455091, 57.627617
BONES 2
BONE 20 0.403235
BONE 52 0.596765

VERT 229
OFFSET 7.264246, -1.766925, 51.182507
BONES 2
BONE 11 0.412326
BONE 16 0.587674

VERT 230
OFFSET -0.410107, -5.660913, 33.724903
BONES 2
BONE 1 0.477804
BONE 8 0.522196

VERT 231
OFFSET 2.181358, -5.465102, 34.007534
BONES 2
BONE 1 0.427619
BONE 7 0.572381

VERT 232
OFFSET 2.048240, -4.721861, 34.098316
BONES 2
BONE 1 0.427619
BONE 7 0.572381

VERT 233
OFFSET 0.000000, -5.703819, 39.938683
BONES 2
BONE 1 0.838048
