// Export filename: 'C:/projects/cod/t5/model_export/russian/characters/cod7/heavy/c_rus_heavy_fb_LOD2.XMODEL_EXPORT'
// Source filename: 'd:/projects/devart/t5/model_export/russian/characters/cod7/heavy/_c_rus_heavy_1.ma'
// Export time: Wed Sep 01 17:33:12 2010
MODEL
VERSION 6

NUMBONES 92
BONE 0 -1 "TAG_ORIGIN"
BONE 1 0 "J_MainRoot"
BONE 2 0 "TAG_SYNC"
BONE 3 1 "J_Hip_LE"
BONE 4 1 "J_Hip_RI"
BONE 5 1 "J_SpineLower"
BONE 6 1 "TAG_STOWED_DEPLOY"
BONE 7 3 "J_HipTwist_LE"
BONE 8 4 "J_HipTwist_RI"
BONE 9 3 "J_Knee_LE"
BONE 10 4 "J_Knee_RI"
BONE 11 5 "J_SpineUpper"
BONE 12 9 "J_Ankle_LE"
BONE 13 10 "J_Ankle_RI"
BONE 14 9 "J_Knee_Bulge_LE"
BONE 15 10 "J_Knee_Bulge_RI"
BONE 16 11 "J_Spine4"
BONE 17 11 "TAG_STOWED_BACKPACK"
BONE 18 12 "J_Ball_LE"
BONE 19 13 "J_Ball_RI"
BONE 20 16 "J_Clavicle_LE"
BONE 21 16 "J_Clavicle_RI"
BONE 22 16 "J_Neck"
BONE 23 16 "J_ShoulderRaise_LE"
BONE 24 16 "J_ShoulderRaise_RI"
BONE 25 16 "TAG_INHAND"
BONE 26 16 "TAG_STOWED_BACK"
BONE 27 16 "TAG_STOWED_LETHAL"
BONE 28 16 "TAG_STOWED_TACTICAL"
BONE 29 16 "TAG_WEAPON_CHEST"
BONE 30 22 "J_Head"
BONE 31 20 "J_Shoulder_LE"
BONE 32 21 "J_Shoulder_RI"
BONE 33 30 "J_Brow_LE"
BONE 34 30 "J_Brow_RI"
BONE 35 30 "J_Cheek_LE"
BONE 36 30 "J_Cheek_RI"
BONE 37 30 "J_CheekPuff_LE"
BONE 38 31 "J_Elbow_Bulge_LE"
BONE 39 32 "J_Elbow_Bulge_RI"
BONE 40 31 "J_Elbow_LE"
BONE 41 32 "J_Elbow_RI"
BONE 42 30 "J_Eye_Lid_Bot_LE"
BONE 43 30 "J_Eye_Lid_Bot_RI"
BONE 44 30 "J_Eye_Lid_Top_LE"
BONE 45 30 "J_Eye_Lid_Top_RI"
BONE 46 30 "J_EyeBall_LE"
BONE 47 30 "J_EyeBall_RI"
BONE 48 30 "J_Head_END"
BONE 49 30 "J_Jaw"
BONE 50 30 "J_Levator_LE"
BONE 51 30 "J_Levator_RI"
BONE 52 31 "J_ShoulderTwist_LE"
BONE 53 32 "J_ShoulderTwist_RI"
BONE 54 30 "TAG_EYE"
BONE 55 48 "J_Helmet"
BONE 56 40 "J_Wrist_LE"
BONE 57 41 "J_Wrist_RI"
BONE 58 40 "J_WristTwist_LE"
BONE 59 41 "J_WristTwist_RI"
BONE 60 56 "J_Index_LE_1"
BONE 61 57 "J_Index_RI_1"
BONE 62 56 "J_Mid_LE_1"
BONE 63 57 "J_Mid_RI_1"
BONE 64 56 "J_Pinky_LE_1"
BONE 65 57 "J_Pinky_RI_1"
BONE 66 56 "J_Ring_LE_1"
BONE 67 57 "J_Ring_RI_1"
BONE 68 56 "J_Thumb_LE_1"
BONE 69 57 "J_Thumb_RI_1"
BONE 70 56 "TAG_WEAPON_LEFT"
BONE 71 57 "TAG_WEAPON_RIGHT"
BONE 72 60 "J_Index_LE_2"
BONE 73 61 "J_Index_RI_2"
BONE 74 62 "J_Mid_LE_2"
BONE 75 63 "J_Mid_RI_2"
BONE 76 64 "J_Pinky_LE_2"
BONE 77 65 "J_Pinky_RI_2"
BONE 78 66 "J_Ring_LE_2"
BONE 79 67 "J_Ring_RI_2"
BONE 80 68 "J_Thumb_LE_2"
BONE 81 69 "J_Thumb_RI_2"
BONE 82 72 "J_Index_LE_3"
BONE 83 73 "J_Index_RI_3"
BONE 84 74 "J_Mid_LE_3"
BONE 85 75 "J_Mid_RI_3"
BONE 86 76 "J_Pinky_LE_3"
BONE 87 77 "J_Pinky_RI_3"
BONE 88 78 "J_Ring_LE_3"
BONE 89 79 "J_Ring_RI_3"
BONE 90 80 "J_Thumb_LE_3"
BONE 91 81 "J_Thumb_RI_3"

BONE 0
OFFSET 0.000002, -2.222000, 0.000042
SCALE 1.000000, 1.000000, 1.000000
X -0.000000, -1.000000, -0.000001
Y 1.000000, -0.000000, 0.000000
Z -0.000000, -0.000001, 1.000000

BONE 1
OFFSET 0.000082, 1.218927, 37.228020
SCALE 1.000000, 1.000000, 1.000000
X 0.000005, 0.024825, 0.999692
Y 0.000006, -0.999692, 0.024825
Z 1.000000, 0.000006, -0.000005

BONE 2
OFFSET 0.000002, -2.219720, 0.000042
SCALE 1.000000, 1.000000, 1.000000
X -0.000000, -1.000000, -0.000003
Y 1.000000, -0.000000, 0.000000
Z -0.000000, -0.000003, 1.000000

BONE 3
OFFSET 4.865472, 1.218951, 37.228016
SCALE 1.000000, 1.000000, 1.000000
X -0.008941, 0.033879, -0.999386
Y -0.004877, -0.999415, -0.033837
Z -0.999948, 0.004571, 0.009101

BONE 4
OFFSET -4.865293, 1.218927, 37.227978
SCALE 1.000000, 1.000000, 1.000000
X -0.008909, -0.033842, 0.999388
Y -0.004870, 0.999417, 0.033800
Z -0.999948, -0.004566, -0.009069

BONE 5
OFFSET 0.000089, 1.148792, 42.432632
SCALE 1.000000, 1.000000, 1.000000
X 0.000001, 0.029870, 0.999554
Y -0.000002, -0.999554, 0.029870
Z 1.000000, -0.000002, -0.000001

BONE 6
OFFSET 6.551747, 3.742264, 38.743519
SCALE 1.000000, 1.000000, 1.000000
X 0.794491, 0.591485, 0.137587
Y -0.604194, 0.792703, 0.081070
Z -0.061114, -0.147538, 0.987166

BONE 7
OFFSET 4.837310, 1.325658, 34.080341
SCALE 1.000000, 1.000000, 1.000000
X -0.008941, 0.033879, -0.999386
Y -0.004864, -0.999416, -0.033837
Z -0.999948, 0.004558, 0.009101

BONE 8
OFFSET -4.837236, 1.325506, 34.080624
SCALE 1.000000, 1.000000, 1.000000
X -0.008909, -0.033842, 0.999388
Y -0.004874, 0.999417, 0.033800
Z -0.999948, -0.004570, -0.009069

BONE 9
OFFSET 4.708874, 1.812570, 19.727123
SCALE 1.000000, 1.000000, 1.000000
X -0.008203, 0.166937, -0.985933
Y -0.006021, -0.985957, -0.166891
Z -0.999948, 0.004567, 0.009093

BONE 10
OFFSET -4.708568, 1.812141, 19.727461
SCALE 1.000000, 1.000000, 1.000000
X -0.008167, -0.166975, 0.985927
Y -0.006022, 0.985950, 0.166929
Z -0.999949, -0.004574, -0.009057

BONE 11
OFFSET 0.000094, 1.131313, 47.652164
SCALE 1.000000, 1.000000, 1.000000
X 0.000003, -0.020406, 0.999792
Y 0.000005, -0.999792, -0.020406
Z 1.000000, 0.000006, -0.000003

BONE 12
OFFSET 4.584381, 4.343949, 4.776942
SCALE 1.000000, 1.000000, 1.000000
X -0.000000, -0.008729, -0.999962
Y 0.016577, -0.999824, 0.008728
Z -0.999863, -0.016577, 0.000145

BONE 13
OFFSET -4.584069, 4.344151, 4.777238
SCALE 1.000000, 1.000000, 1.000000
X 0.000009, 0.008730, 0.999962
Y 0.016581, 0.999824, -0.008729
Z -0.999862, 0.016581, -0.000136

BONE 14
OFFSET 4.700433, -0.061928, 19.740456
SCALE 1.000000, 1.000000, 1.000000
X -0.000006, 0.029848, 0.999554
Y -0.000002, -0.999554, 0.029848
Z 1.000000, -0.000002, 0.000006

BONE 15
OFFSET -4.688321, -0.066477, 19.765478
SCALE 1.000000, 1.000000, 1.000000
X -0.000042, -0.029855, -0.999554
Y -0.000010, 0.999554, -0.029855
Z 1.000000, 0.000009, -0.000042

BONE 16
OFFSET 0.000090, 1.067745, 51.758411
SCALE 1.000000, 1.000000, 1.000000
X 0.000002, -0.047080, 0.998891
Y 0.000010, -0.998891, -0.047080
Z 1.000000, 0.000011, -0.000001

BONE 17
OFFSET 0.002056, 7.939955, 50.851307
SCALE 1.000000, 1.000000, 1.000000
X -0.002312, 0.998623, 0.052401
Y -0.999994, -0.002453, 0.002620
Z 0.002745, -0.052394, 0.998623

BONE 18
OFFSET 4.746620, -1.234840, 0.330913
SCALE 1.000000, 1.000000, 1.000000
X 0.016342, -0.983115, 0.182258
Y -0.002855, 0.182235, 0.983251
Z -0.999862, -0.016588, 0.000171

BONE 19
OFFSET -4.746290, -1.234591, 0.331138
SCALE 1.000000, 1.000000, 1.000000
X 0.016296, 0.983125, -0.182210
Y -0.002898, -0.182187, -0.983260
Z -0.999863, 0.016551, -0.000120

BONE 20
OFFSET 1.356609, 1.015539, 56.400341
SCALE 1.000000, 1.000000, 1.000000
X 0.997183, -0.019399, 0.072449
Y 0.018071, 0.999657, 0.018947
Z -0.072792, -0.017584, 0.997192

BONE 21
OFFSET -1.356719, 1.015542, 56.400444
SCALE 1.000000, 1.000000, 1.000000
X 0.997186, 0.019411, -0.072414
Y 0.018084, -0.999657, -0.018932
Z -0.072757, 0.017569, -0.997195

BONE 22
OFFSET 0.000058, 0.503915, 60.542107
SCALE 1.000000, 1.000000, 1.000000
X 0.000005, -0.309757, 0.950816
Y 0.000009, -0.950816, -0.309757
Z 1.000000, 0.000010, -0.000002

BONE 23
OFFSET 4.025334, 0.920922, 58.859638
SCALE 1.000000, 1.000000, 1.000000
X -0.997186, 0.019392, -0.072414
Y -0.018067, -0.999658, -0.018910
Z -0.072756, -0.017549, 0.997195

BONE 24
OFFSET -4.025115, 0.920835, 58.859825
SCALE 1.000000, 1.000000, 1.000000
X -0.997185, -0.019413, 0.072417
Y -0.018088, 0.999658, 0.018910
Z -0.072759, 0.017547, -0.997195

BONE 25
OFFSET -28.519920, -12.713210, 38.935009
SCALE 1.000000, 1.000000, 1.000000
X 1.000000, 0.000011, -0.000001
Y 0.000007, -0.764281, -0.644884
Z -0.000008, 0.644884, -0.764281

BONE 26
OFFSET -3.446791, 8.288239, 51.019424
SCALE 1.000000, 1.000000, 1.000000
X -0.083352, 0.038091, -0.995792
Y 0.176876, -0.982837, -0.052401
Z -0.980697, -0.180500, 0.075184

BONE 27
OFFSET 5.324184, -4.817457, 56.563660
SCALE 1.000000, 1.000000, 1.000000
X 0.425518, -0.775120, 0.467037
Y 0.904858, 0.371803, -0.207351
Z -0.012924, 0.510834, 0.859582

BONE 28
OFFSET -5.921757, -4.462816, 56.530518
SCALE 1.000000, 1.000000, 1.000000
X -0.289342, -0.948959, 0.125531
Y 0.919742, -0.311950, -0.238249
Z 0.265248, 0.046520, 0.963057

BONE 29
OFFSET -28.519920, -12.713210, 38.935009
SCALE 1.000000, 1.000000, 1.000000
X 0.000011, -1.000000, 0.000001
Y 1.000000, 0.000011, -0.000001
Z 0.000001, 0.000001, 1.000000

BONE 30
OFFSET 0.000057, -0.306903, 63.520969
SCALE 1.000000, 1.000000, 1.000000
X -0.000007, -0.216434, 0.976297
Y 0.000005, -0.976297, -0.216434
Z 1.000000, 0.000004, 0.000008

BONE 31
OFFSET 7.725458, 0.891629, 56.863182
SCALE 1.000000, 1.000000, 1.000000
X 0.662981, -0.260696, -0.701779
Y 0.273873, 0.956889, -0.096732
Z 0.696743, -0.128067, 0.705796

BONE 32
OFFSET -7.725506, 0.891564, 56.862965
SCALE 1.000000, 1.000000, 1.000000
X 0.662960, 0.260726, 0.701788
Y 0.273916, -0.956876, 0.096734
Z 0.696745, 0.128101, -0.705788

BONE 33
OFFSET 1.567977, -4.906001, 67.029114
SCALE 1.000000, 1.000000, 1.000000
X 1.000000, 0.000000, 0.000000
Y 0.000000, -0.000000, 1.000000
Z 0.000000, -1.000000, -0.000000

BONE 34
OFFSET -1.567955, -4.906012, 67.029091
SCALE 1.000000, 1.000000, 1.000000
X 1.000000, 0.000000, 0.000000
Y 0.000000, -0.000000, 1.000000
Z 0.000000, -1.000000, -0.000000

BONE 35
OFFSET 1.970477, -4.516927, 65.335808
SCALE 1.000000, 1.000000, 1.000000
X 1.000000, 0.000000, 0.000000
Y 0.000000, -0.000000, 1.000000
Z 0.000000, -1.000000, -0.000000

BONE 36
OFFSET -1.969941, -4.516941, 65.335777
SCALE 1.000000, 1.000000, 1.000000
X 1.000000, 0.000000, 0.000000
Y 0.000000, -0.000000, 1.000000
Z 0.000000, -1.000000, -0.000000

BONE 37
OFFSET 1.816072, -4.282489, 63.435799
SCALE 1.000000, 1.000000, 1.000000
X 1.000000, 0.000000, 0.000000
Y 0.000000, -0.000000, 1.000000
Z 0.000000, -1.000000, -0.000000

BONE 38
OFFSET 15.846270, -1.632336, 48.642548
SCALE 1.000000, 1.000000, 1.000000
X 0.294563, -0.846066, -0.444303
Y 0.654051, 0.517466, -0.551767
Z 0.696743, -0.128067, 0.705796

BONE 39
OFFSET -15.846113, -1.632834, 48.642265
SCALE 1.000000, 1.000000, 1.000000
X 0.294518, 0.846079, 0.444308
Y 0.654068, -0.517437, 0.551773
Z 0.696745, 0.128101, -0.705788

BONE 40
OFFSET 15.742274, -1.805675, 48.713013
SCALE 1.000000, 1.000000, 1.000000
X 0.294845, -0.845858, -0.444512
Y 0.653923, 0.517813, -0.551593
Z 0.696743, -0.128042, 0.705801

BONE 41
OFFSET -15.742270, -1.806072, 48.712933
SCALE 1.000000, 1.000000, 1.000000
X 0.294819, 0.845861, 0.444523
Y 0.653933, -0.517800, 0.551592
Z 0.696745, 0.128069, -0.705794

BONE 42
OFFSET 1.252017, -4.224074, 66.324142
SCALE 1.000000, 1.000000, 1.000000
X 1.000000, 0.000000, 0.000000
Y 0.000000, -0.000000, 1.000000
Z 0.000000, -1.000000, -0.000000

BONE 43
OFFSET -1.252075, -4.224074, 66.324135
SCALE 1.000000, 1.000000, 1.000000
X 1.000000, 0.000000, 0.000000
Y 0.000000, -0.000000, 1.000000
Z 0.000000, -1.000000, -0.000000

BONE 44
OFFSET 1.252017, -4.224074, 66.324142
SCALE 1.000000, 1.000000, 1.000000
X 1.000000, 0.000000, 0.000000
Y 0.000000, -0.000000, 1.000000
Z 0.000000, -1.000000, -0.000000

BONE 45
OFFSET -1.252075, -4.224074, 66.324135
SCALE 1.000000, 1.000000, 1.000000
X 1.000000, 0.000000, 0.000000
Y 0.000000, -0.000000, 1.000000
Z 0.000000, -1.000000, -0.000000

BONE 46
OFFSET 1.191022, -4.219513, 66.318771
SCALE 1.000000, 1.000000, 1.000000
X 1.000000, 0.000000, 0.000000
Y 0.000000, -0.000000, 1.000000
Z 0.000000, -1.000000, -0.000000

BONE 47
OFFSET -1.231289, -4.220488, 66.286385
SCALE 1.000000, 1.000000, 1.000000
X 1.000000, 0.000000, 0.000000
Y 0.000000, -0.000000, 1.000000
Z 0.000000, -1.000000, -0.000000

BONE 48
OFFSET -0.000527, -1.399727, 69.807846
SCALE 1.000000, 1.000000, 1.000000
X -0.000007, -0.216434, 0.976297
Y 0.000005, -0.976297, -0.216434
Z 1.000000, 0.000004, 0.000008

BONE 49
OFFSET 0.000054, -1.732703, 63.848927
SCALE 1.000000, 1.000000, 1.000000
X 1.000000, 0.000000, 0.000000
Y 0.000000, -0.000000, 1.000000
Z 0.000000, -1.000000, -0.000000

BONE 50
OFFSET 0.830634, -5.299398, 64.796432
SCALE 1.000000, 1.000000, 1.000000
X 1.000000, 0.000000, 0.000000
Y 0.000000, -0.000000, 1.000000
Z 0.000000, -1.000000, -0.000000

BONE 51
OFFSET -0.830936, -5.299405, 64.796425
SCALE 1.000000, 1.000000, 1.000000
X 1.000000, 0.000000, 0.000000
Y 0.000000, -0.000000, 1.000000
Z 0.000000, -1.000000, -0.000000

BONE 52
OFFSET 8.032188, 0.771017, 56.538502
SCALE 1.000000, 1.000000, 1.000000
X 0.662981, -0.260696, -0.701779
Y 0.273875, 0.956889, -0.096730
Z 0.696742, -0.128070, 0.705797

BONE 53
OFFSET -8.001591, 0.782987, 56.570709
SCALE 1.000000, 1.000000, 1.000000
X 0.662960, 0.260726, 0.701788
Y 0.273908, -0.956878, 0.096742
Z 0.696748, 0.128089, -0.705787

BONE 54
OFFSET 0.000049, -4.334190, 66.322540
SCALE 1.000000, 1.000000, 1.000000
X 0.000001, -0.939691, 0.342026
Y 1.000000, 0.000004, 0.000007
Z -0.000008, 0.342026, 0.939691

BONE 55
OFFSET -0.000540, -0.362329, 71.243195
SCALE 1.000000, 1.000000, 1.000000
X 0.000005, -0.999048, 0.043625
Y 1.000000, 0.000005, 0.000005
Z -0.000005, 0.043625, 0.999048

BONE 56
OFFSET 18.585669, -10.419226, 44.089733
SCALE 1.000000, 1.000000, 1.000000
X 0.299004, -0.782064, -0.546784
Y -0.792522, 0.115636, -0.598779
Z 0.531512, 0.612376, -0.585227

BONE 57
OFFSET -18.585567, -10.419399, 44.089657
SCALE 1.000000, 1.000000, 1.000000
X 0.299011, 0.782058, 0.546788
Y -0.792524, -0.115633, 0.598778
Z 0.531506, -0.612384, 0.585224

BONE 58
OFFSET 17.753496, -7.897926, 45.442410
SCALE 1.000000, 1.000000, 1.000000
X 0.294846, -0.845857, -0.444513
Y 0.653930, 0.517812, -0.551585
Z 0.696736, -0.128048, 0.705806

BONE 59
OFFSET -17.753546, -7.898361, 45.442448
SCALE 1.000000, 1.000000, 1.000000
X 0.294819, 0.845861, 0.444523
Y 0.653933, -0.517800, 0.551592
Z 0.696745, 0.128069, -0.705794

BONE 60
OFFSET 18.943596, -14.118733, 43.296165
SCALE 1.000000, 1.000000, 1.000000
X 0.252533, -0.921880, -0.293878
Y -0.670074, 0.052482, -0.740436
Z 0.698017, 0.383905, -0.604475

BONE 61
OFFSET -18.943485, -14.118932, 43.296089
SCALE 1.000000, 1.000000, 1.000000
X 0.252692, 0.921873, 0.293763
Y -0.670040, -0.052297, 0.740480
Z 0.697992, -0.383946, 0.604477

BONE 62
OFFSET 19.641989, -13.608097, 42.701954
SCALE 1.000000, 1.000000, 1.000000
X 0.066843, -0.793765, -0.604540
Y -0.837155, 0.285040, -0.466823
Z 0.542866, 0.537298, -0.645452

BONE 63
OFFSET -19.641909, -13.608223, 42.701809
SCALE 1.000000, 1.000000, 1.000000
X 0.066887, 0.793771, 0.604528
Y -0.837171, -0.284987, 0.466827
Z 0.542836, -0.537317, 0.645460

BONE 64
OFFSET 20.410118, -12.159682, 41.480377
SCALE 1.000000, 1.000000, 1.000000
X -0.099274, -0.722106, -0.684623
Y -0.848031, 0.421335, -0.321434
Z 0.520565, 0.548671, -0.654195

BONE 65
OFFSET -20.410091, -12.159837, 41.480251
SCALE 1.000000, 1.000000, 1.000000
X -0.099304, 0.722089, 0.684635
Y -0.848020, -0.421369, 0.321418
Z 0.520577, -0.548666, 0.654190

BONE 66
OFFSET 20.114302, -12.876246, 42.061901
SCALE 1.000000, 1.000000, 1.000000
X -0.006006, -0.738898, -0.673791
Y -0.878970, 0.325202, -0.348791
Z 0.476839, 0.590147, -0.651422

BONE 67
OFFSET -20.114208, -12.876396, 42.061890
SCALE 1.000000, 1.000000, 1.000000
X -0.005979, 0.738908, 0.673780
Y -0.878978, -0.325169, 0.348801
Z 0.476825, -0.590152, 0.651428

BONE 68
OFFSET 18.473015, -11.541899, 44.177650
SCALE 1.000000, 1.000000, 1.000000
X -0.766327, -0.594301, -0.244027
Y 0.525231, -0.360813, -0.770679
Z 0.369968, -0.718763, 0.588646

BONE 69
OFFSET -18.472874, -11.542074, 44.177635
SCALE 1.000000, 1.000000, 1.000000
X -0.766329, 0.594294, 0.244036
Y 0.525229, 0.360803, 0.770685
Z 0.369965, 0.718773, -0.588635

BONE 70
OFFSET -28.519896, -12.719981, 38.932270
SCALE 1.000000, 1.000000, 1.000000
X 0.000190, -1.000000, -0.000189
Y 1.000000, 0.000190, 0.000053
Z -0.000053, -0.000189, 1.000000

BONE 71
OFFSET -28.520119, -12.709172, 38.935143
SCALE 1.000000, 1.000000, 1.000000
X -0.000199, -1.000000, -0.000195
Y 0.998877, -0.000190, -0.047381
Z 0.047381, -0.000205, 0.998877

BONE 72
OFFSET 19.335176, -15.548034, 42.840546
SCALE 1.000000, 1.000000, 1.000000
X -0.305493, -0.603804, -0.736271
Y -0.647669, 0.698577, -0.304162
Z 0.697997, 0.383940, -0.604476

BONE 73
OFFSET -19.335234, -15.548249, 42.840523
SCALE 1.000000, 1.000000, 1.000000
X -0.305842, 0.603512, 0.736365
Y -0.647460, -0.698892, 0.303884
Z 0.698038, -0.383827, 0.604500

BONE 74
OFFSET 19.766018, -15.080857, 41.580357
SCALE 1.000000, 1.000000, 1.000000
X -0.742584, -0.051931, -0.667737
Y -0.392291, 0.841795, 0.370795
Z 0.542841, 0.537294, -0.645475

BONE 75
OFFSET -19.765930, -15.081016, 41.579948
SCALE 1.000000, 1.000000, 1.000000
X -0.742558, 0.051921, 0.667766
Y -0.392315, -0.841780, -0.370804
Z 0.542860, -0.537318, 0.645439

BONE 76
OFFSET 20.291075, -13.025280, 40.659801
SCALE 1.000000, 1.000000, 1.000000
X -0.734217, -0.103408, -0.670993
Y -0.435791, 0.829631, 0.348997
Z 0.520587, 0.548653, -0.654194

BONE 77
OFFSET -20.291012, -13.025424, 40.659672
SCALE 1.000000, 1.000000, 1.000000
X -0.734208, 0.103424, 0.671001
Y -0.435814, -0.829619, -0.348996
Z 0.520581, -0.548667, 0.654187

BONE 78
OFFSET 20.104219, -14.119193, 40.928596
SCALE 1.000000, 1.000000, 1.000000
X -0.750598, -0.112264, -0.651152
Y -0.457408, 0.799450, 0.389433
Z 0.476844, 0.590150, -0.651416

BONE 79
OFFSET -20.104130, -14.119358, 40.928261
SCALE 1.000000, 1.000000, 1.000000
X -0.750602, 0.112272, 0.651146
Y -0.457410, -0.799450, -0.389431
Z 0.476836, -0.590148, 0.651423

BONE 80
OFFSET 16.629330, -12.971684, 43.590553
SCALE 1.000000, 1.000000, 1.000000
X -0.513767, -0.686190, -0.514963
Y 0.774059, -0.111908, -0.623144
Z 0.369966, -0.718763, 0.588646

BONE 81
OFFSET -16.629194, -12.971821, 43.590179
SCALE 1.000000, 1.000000, 1.000000
X -0.513765, 0.686181, 0.514977
Y 0.774059, 0.111890, 0.623148
Z 0.369972, 0.718774, -0.588629

BONE 82
OFFSET 19.038221, -16.134914, 42.125023
SCALE 1.000000, 1.000000, 1.000000
X -0.554097, -0.245160, -0.795533
Y -0.453622, 0.890222, 0.041612
Z 0.698000, 0.383929, -0.604479

BONE 83
OFFSET -19.037983, -16.134798, 42.125008
SCALE 1.000000, 1.000000, 1.000000
X -0.553871, 0.245483, 0.795591
Y -0.453788, -0.890154, -0.041256
Z 0.698071, -0.383880, 0.604428

BONE 84
OFFSET 18.948034, -15.138112, 40.844826
SCALE 1.000000, 1.000000, 1.000000
X -0.836744, 0.280258, -0.470441
Y -0.071875, 0.795463, 0.601724
Z 0.542857, 0.537302, -0.645456

BONE 85
OFFSET -18.947971, -15.138271, 40.844528
SCALE 1.000000, 1.000000, 1.000000
X -0.836742, -0.280254, 0.470448
Y -0.071886, -0.795461, -0.601726
Z 0.542859, -0.537308, 0.645449

BONE 86
OFFSET 19.784019, -13.096679, 40.196491
SCALE 1.000000, 1.000000, 1.000000
X -0.853803, 0.339164, -0.394953
Y 0.005198, 0.764171, 0.644992
Z 0.520570, 0.548643, -0.654215

BONE 87
OFFSET -19.783998, -13.096812, 40.196270
SCALE 1.000000, 1.000000, 1.000000
X -0.853799, -0.339166, 0.394959
Y 0.005186, -0.764161, -0.645004
Z 0.520576, -0.548656, 0.654199

BONE 88
OFFSET 19.396437, -14.225060, 40.314682
SCALE 1.000000, 1.000000, 1.000000
X -0.861545, 0.166924, -0.479454
Y -0.174209, 0.789854, 0.588033
Z 0.476856, 0.590142, -0.651415

BONE 89
OFFSET -19.396343, -14.225204, 40.314499
SCALE 1.000000, 1.000000, 1.000000
X -0.861557, -0.166916, 0.479436
Y -0.174209, -0.789846, -0.588043
Z 0.476834, -0.590155, 0.651419

BONE 90
OFFSET 16.015608, -13.791351, 42.975456
SCALE 1.000000, 1.000000, 1.000000
X -0.178188, -0.676734, -0.714339
Y 0.911796, 0.159395, -0.378446
Z 0.369969, -0.718766, 0.588641

BONE 91
OFFSET -16.015455, -13.791477, 42.975048
SCALE 1.000000, 1.000000, 1.000000
X -0.178183, 0.676724, 0.714350
Y 0.911791, -0.159415, 0.378450
Z 0.369984, 0.718771, -0.588626

NUMVERTS 1602
VERT 0
OFFSET -3.591149, -0.468684, 15.893981
BONES 2
BONE 10 0.864563
BONE 15 0.135437

VERT 1
OFFSET -5.135866, -0.636236, 15.514863
BONES 2
BONE 10 0.892254
BONE 15 0.107746

VERT 2
OFFSET -6.544041, -0.610271, 16.184576
BONES 2
BONE 10 0.888933
BONE 15 0.111067

VERT 3
OFFSET -2.916857, -0.893844, 17.076862
BONES 2
BONE 10 0.674370
BONE 15 0.325630

VERT 4
OFFSET -5.080535, -1.905250, 16.621586
BONES 2
BONE 10 0.575217
BONE 15 0.424783

VERT 5
OFFSET -7.064962, -0.994475, 17.488443
BONES 2
BONE 10 0.648774
BONE 15 0.351226

VERT 6
OFFSET -2.486834, -2.693091, 20.431419
BONES 2
BONE 4 0.060964
BONE 15 0.939036

VERT 7
OFFSET -4.553810, -2.948373, 20.927298
BONES 2
BONE 4 0.140328
BONE 15 0.859672

VERT 8
OFFSET -6.754905, -2.468263, 20.833586
BONES 2
BONE 4 0.124410
BONE 15 0.875590

VERT 9
OFFSET -3.344734, -0.110988, 15.496850
BONES 2
BONE 10 0.887483
BONE 15 0.112517

VERT 10
OFFSET -5.212315, -0.549021, 15.019806
BONES 2
BONE 10 0.894905
BONE 15 0.105095

VERT 11
OFFSET -6.958340, -0.244582, 15.843153
BONES 2
BONE 10 0.890444
BONE 15 0.109556

VERT 12
OFFSET -2.165459, -2.674565, 20.916399
BONES 2
BONE 4 0.060964
BONE 15 0.939036

VERT 13
OFFSET -4.519328, -2.971081, 21.576645
BONES 2
BONE 4 0.140328
BONE 15 0.859672

VERT 14
OFFSET -7.063662, -2.408863, 21.474426
BONES 2
BONE 4 0.124410
BONE 15 0.875590

VERT 15
OFFSET -7.624556, -0.594197, 17.566715
BONES 2
BONE 10 0.675692
BONE 15 0.324308

VERT 16
OFFSET -3.318080, 0.313744, 15.455855
BONES 2
BONE 10 0.892829
BONE 15 0.107171

VERT 17
OFFSET -5.251167, -0.107907, 14.898441
BONES 2
BONE 10 0.895083
BONE 15 0.104917

VERT 18
OFFSET -7.139772, 0.291103, 15.849670
BONES 2
BONE 10 0.887019
BONE 15 0.112981

VERT 19
OFFSET -2.072392, -2.078621, 21.263895
BONES 2
BONE 4 0.060964
BONE 15 0.939036

VERT 20
OFFSET -4.532793, -2.520081, 21.939001
BONES 2
BONE 4 0.140328
BONE 15 0.859672

VERT 21
OFFSET -7.171207, -1.839174, 21.935242
BONES 2
BONE 4 0.124411
BONE 15 0.875589

VERT 22
OFFSET -2.380721, -0.010796, 17.208754
BONES 2
BONE 10 0.766450
BONE 15 0.233550

VERT 23
OFFSET -7.659053, 0.245106, 17.885643
BONES 2
BONE 10 0.789293
BONE 15 0.210707

VERT 24
OFFSET -1.854536, -0.946976, 19.504395
BONES 2
BONE 10 0.137566
BONE 15 0.862434

VERT 25
OFFSET -1.954003, -1.596096, 19.192945
BONES 2
BONE 10 0.101807
BONE 15 0.898193

VERT 26
OFFSET -2.427386, -1.816590, 18.948353
BONES 2
BONE 10 0.108594
BONE 15 0.891406

VERT 27
OFFSET -4.834220, -2.975085, 18.889465
BONES 2
BONE 10 0.103902
BONE 15 0.896098

VERT 28
OFFSET -7.217177, -1.747360, 19.484125
BONES 2
BONE 10 0.130552
BONE 15 0.869448

VERT 29
OFFSET -7.730954, -1.396242, 19.831873
BONES 2
BONE 10 0.127768
BONE 15 0.872232

VERT 30
OFFSET -7.802989, -0.536507, 20.245464
BONES 2
BONE 10 0.166320
BONE 15 0.833680

VERT 31
OFFSET -2.923438, 4.653557, 18.697327
BONES 2
BONE 4 0.188390
BONE 10 0.811610

VERT 32
OFFSET -2.836956, 3.829795, 20.867887
BONES 2
BONE 4 0.873184
BONE 10 0.126816

VERT 33
OFFSET -7.953633, 1.433273, 18.281498
BONES 2
BONE 4 0.147037
BONE 10 0.852963

VERT 34
OFFSET -8.033234, 0.926830, 20.515528
BONES 2
BONE 4 0.646428
BONE 10 0.353572

VERT 35
OFFSET -7.417581, 2.752380, 20.756372
BONES 2
BONE 4 0.765412
BONE 10 0.234588

VERT 36
OFFSET -7.542771, 3.390449, 18.684717
BONES 2
BONE 4 0.172820
BONE 10 0.827180

VERT 37
OFFSET -5.418057, 4.232778, 21.021091
BONES 2
BONE 4 0.850995
BONE 10 0.149005

VERT 38
OFFSET -5.444510, 4.812912, 18.819548
BONES 2
BONE 4 0.183645
BONE 10 0.816355

VERT 39
OFFSET -1.286816, 1.441706, 20.174477
BONES 2
BONE 4 0.608077
BONE 10 0.391923

VERT 40
OFFSET -1.767312, 1.939822, 17.818518
BONES 2
BONE 4 0.156774
BONE 10 0.843226

VERT 41
OFFSET -1.663188, 2.638609, 20.522011
BONES 2
BONE 4 0.731708
BONE 10 0.268292

VERT 42
OFFSET -1.958018, 3.369841, 18.297180
BONES 2
BONE 4 0.193523
BONE 10 0.806477

VERT 43
OFFSET -2.809304, -1.598704, 20.722057
BONES 2
BONE 4 0.124860
BONE 15 0.875140

VERT 44
OFFSET -4.589993, -1.923085, 21.297613
BONES 2
BONE 4 0.214574
BONE 15 0.785426

VERT 45
OFFSET -6.612890, -1.303270, 21.443184
BONES 2
BONE 4 0.286544
BONE 15 0.713456

VERT 46
OFFSET -2.325260, -0.999422, 19.993015
BONES 2
BONE 4 0.073132
BONE 15 0.926868

VERT 47
OFFSET -7.313131, -0.647654, 20.660526
BONES 2
BONE 4 0.272207
BONE 15 0.727793

VERT 48
OFFSET -2.571309, -0.397277, 17.801960
BONES 2
BONE 10 0.569070
BONE 15 0.430930

VERT 49
OFFSET -2.328813, -0.880000, 19.069794
BONES 2
BONE 10 0.138328
BONE 15 0.861672

VERT 50
OFFSET -7.299479, -0.005281, 18.472643
BONES 2
BONE 10 0.614538
BONE 15 0.385462

VERT 51
OFFSET -7.380300, -0.446021, 19.835245
BONES 2
BONE 10 0.180693
BONE 15 0.819307

VERT 52
OFFSET -2.176162, 1.650237, 18.447514
BONES 2
BONE 4 0.219490
BONE 10 0.780510

VERT 53
OFFSET -7.465342, 1.213935, 18.765581
BONES 2
BONE 4 0.185338
BONE 10 0.814662

VERT 54
OFFSET -1.783261, 1.413121, 19.716354
BONES 2
BONE 4 0.471914
BONE 10 0.528086

VERT 55
OFFSET -1.553849, 1.205447, 20.712828
BONES 2
BONE 4 0.649589
BONE 15 0.350411

VERT 56
OFFSET -7.575486, 0.898215, 20.116556
BONES 2
BONE 4 0.496364
BONE 10 0.503636

VERT 57
OFFSET -7.759359, 0.519994, 20.895664
BONES 2
BONE 4 0.742634
BONE 15 0.257366

VERT 58
OFFSET -5.324488, 4.199082, 19.197182
BONES 2
BONE 4 0.264986
BONE 10 0.735014

VERT 59
OFFSET -5.335015, 3.898060, 20.475470
BONES 2
BONE 4 0.759961
BONE 10 0.240039

VERT 60
OFFSET -5.359895, 3.542236, 21.389654
BONES 2
BONE 4 0.956986
BONE 10 0.043014

VERT 61
OFFSET -3.118689, 3.545359, 20.369894
BONES 2
BONE 4 0.799207
BONE 10 0.200793

VERT 62
OFFSET -2.992636, 3.236953, 21.242760
BONES 2
BONE 4 0.982338
BONE 10 0.017662

VERT 63
OFFSET -3.085018, 4.106807, 19.132257
BONES 2
BONE 4 0.274825
BONE 10 0.725175

VERT 64
OFFSET -7.145556, 2.927752, 19.076336
BONES 2
BONE 4 0.232730
BONE 10 0.767270

VERT 65
OFFSET -7.058558, 2.537484, 20.282812
BONES 2
BONE 4 0.714038
BONE 10 0.285962

VERT 66
OFFSET -7.145122, 2.206201, 21.140833
BONES 2
BONE 4 0.904549
BONE 10 0.095451

VERT 67
OFFSET -1.900508, 2.214099, 21.012829
BONES 2
BONE 4 0.838107
BONE 10 0.161893

VERT 68
OFFSET -2.123833, 2.433845, 20.080095
BONES 2
BONE 4 0.677755
BONE 10 0.322245

VERT 69
OFFSET -2.321946, 2.989713, 18.831511
BONES 2
BONE 4 0.286055
BONE 10 0.713945

VERT 70
OFFSET -2.465937, -0.591022, 17.008047
BONES 2
BONE 10 0.717409
BONE 15 0.282591

VERT 71
OFFSET -3.731903, 0.161820, 16.116472
BONES 2
BONE 10 0.969367
BONE 15 0.030633

VERT 72
OFFSET -5.167643, -0.074209, 15.711585
BONES 2
BONE 4 0.014918
BONE 10 0.985082

VERT 73
OFFSET -6.550658, 0.202128, 16.366072
BONES 2
BONE 4 0.026395
BONE 10 0.973605

VERT 74
OFFSET -2.950687, 0.102937, 16.889387
BONES 2
BONE 10 0.871374
BONE 15 0.128626

VERT 75
OFFSET -7.196436, 0.251420, 17.324932
BONES 2
BONE 4 0.080660
BONE 10 0.919340

VERT 76
OFFSET -2.150964, 2.142205, 17.265203
BONES 2
BONE 4 0.093586
BONE 10 0.906414

VERT 77
OFFSET -7.618806, 1.582622, 17.737579
BONES 2
BONE 4 0.099598
BONE 10 0.900402

VERT 78
OFFSET -5.396583, 4.659877, 18.174723
BONES 2
BONE 4 0.099702
BONE 10 0.900298

VERT 79
OFFSET -3.133123, 4.569881, 18.073868
BONES 2
BONE 4 0.111018
BONE 10 0.888982

VERT 80
OFFSET -7.329000, 3.383798, 18.082157
BONES 2
BONE 4 0.097464
BONE 10 0.902536

VERT 81
OFFSET -2.313651, 3.435673, 17.705725
BONES 2
BONE 4 0.107785
BONE 10 0.892215

VERT 82
OFFSET 3.591149, -0.468684, 15.893981
BONES 2
BONE 9 0.768708
BONE 14 0.231292

VERT 83
OFFSET 5.135866, -0.636236, 15.514863
BONES 2
BONE 9 0.798646
BONE 14 0.201354

VERT 84
OFFSET 6.544041, -0.610271, 16.184576
BONES 2
BONE 9 0.781229
BONE 14 0.218771

VERT 85
OFFSET 2.916857, -0.893844, 17.076862
BONES 2
BONE 9 0.674368
BONE 14 0.325632

VERT 86
OFFSET 5.080535, -1.905250, 16.621586
BONES 2
BONE 9 0.575215
BONE 14 0.424785

VERT 87
OFFSET 7.064962, -0.994475, 17.488443
BONES 2
BONE 9 0.648773
BONE 14 0.351227

VERT 88
OFFSET 2.486834, -2.693091, 20.431419
BONES 2
BONE 3 0.099825
BONE 14 0.900175

VERT 89
OFFSET 4.553810, -2.948373, 20.927298
BONES 2
BONE 3 0.195182
BONE 14 0.804818

VERT 90
OFFSET 6.754905, -2.468263, 20.833586
BONES 2
BONE 3 0.158693
BONE 14 0.841307

VERT 91
OFFSET 3.344734, -0.110988, 15.496850
BONES 2
BONE 9 0.791228
BONE 14 0.208772

VERT 92
OFFSET 5.212315, -0.549021, 15.019806
BONES 2
BONE 9 0.820663
BONE 14 0.179337

VERT 93
OFFSET 6.958340, -0.244582, 15.843153
BONES 2
BONE 9 0.808096
BONE 14 0.191904

VERT 94
OFFSET 2.165459, -2.674565, 20.916399
BONES 2
BONE 3 0.099825
BONE 14 0.900175

VERT 95
OFFSET 4.519328, -2.971081, 21.576645
BONES 2
BONE 3 0.195182
BONE 14 0.804818

VERT 96
OFFSET 7.063662, -2.408863, 21.474426
BONES 2
BONE 3 0.158693
BONE 14 0.841307

VERT 97
OFFSET 2.465937, -0.591022, 17.008047
BONES 2
BONE 9 0.677025
BONE 14 0.322975

VERT 98
OFFSET 7.624556, -0.594197, 17.566715
BONES 2
BONE 9 0.659248
BONE 14 0.340752

VERT 99
OFFSET 3.318080, 0.313744, 15.455855
BONES 2
BONE 9 0.798095
BONE 14 0.201905

VERT 100
OFFSET 5.251167, -0.107907, 14.898441
BONES 2
BONE 9 0.825783
BONE 14 0.174217

VERT 101
OFFSET 7.139772, 0.291103, 15.849670
BONES 2
BONE 9 0.815242
BONE 14 0.184758

VERT 102
OFFSET 2.072392, -2.078621, 21.263895
BONES 2
BONE 3 0.099825
BONE 14 0.900175

VERT 103
OFFSET 4.532793, -2.520081, 21.939001
BONES 2
BONE 3 0.195182
BONE 14 0.804818

VERT 104
OFFSET 7.171207, -1.839174, 21.935242
BONES 2
BONE 3 0.158693
BONE 14 0.841307

VERT 105
OFFSET 2.380721, -0.010796, 17.208754
BONES 2
BONE 9 0.697401
BONE 14 0.302599

VERT 106
OFFSET 7.659053, 0.245106, 17.885643
BONES 2
BONE 9 0.708777
BONE 14 0.291223

VERT 107
OFFSET 1.854536, -0.946976, 19.504395
BONES 2
BONE 9 0.136697
BONE 14 0.863303

VERT 108
OFFSET 2.427386, -1.816590, 18.948353
BONES 2
BONE 9 0.123106
BONE 14 0.876894

VERT 109
OFFSET 4.834220, -2.975085, 18.889465
BONES 2
BONE 9 0.073712
BONE 14 0.926288

VERT 110
OFFSET 7.217177, -1.747360, 19.484125
BONES 2
BONE 9 0.117483
BONE 14 0.882517

VERT 111
OFFSET 7.730954, -1.396242, 19.831873
BONES 2
BONE 9 0.122675
BONE 14 0.877325

VERT 112
OFFSET 7.802989, -0.536507, 20.245464
BONES 2
BONE 3 0.165887
BONE 14 0.834113

VERT 113
OFFSET 6.651301, 4.272151, 18.793575
BONES 2
BONE 3 0.203640
BONE 9 0.796360

VERT 114
OFFSET 6.568513, 3.674874, 20.904634
BONES 2
BONE 3 0.879713
BONE 9 0.120287

VERT 115
OFFSET 3.813560, 4.107761, 20.958683
BONES 2
BONE 3 0.932737
BONE 9 0.067264

VERT 116
OFFSET 3.857743, 4.817511, 18.764771
BONES 2
BONE 3 0.209331
BONE 9 0.790669

VERT 117
OFFSET 7.916773, 2.157115, 18.435333
BONES 2
BONE 3 0.227734
BONE 9 0.772266

VERT 118
OFFSET 7.888659, 1.580835, 20.605850
BONES 2
BONE 3 0.724923
BONE 9 0.275077

VERT 119
OFFSET 1.286816, 1.441706, 20.174477
BONES 2
BONE 3 0.644768
BONE 9 0.355232

VERT 120
OFFSET 1.767312, 1.939822, 17.818518
BONES 2
BONE 3 0.227660
BONE 9 0.772340

VERT 121
OFFSET 1.663188, 2.638609, 20.522011
BONES 2
BONE 3 0.843442
BONE 9 0.156558

VERT 122
OFFSET 1.958018, 3.369841, 18.297180
BONES 2
BONE 3 0.259101
BONE 9 0.740899

VERT 123
OFFSET 2.809304, -1.598704, 20.722057
BONES 2
BONE 3 0.164294
BONE 14 0.835706

VERT 124
OFFSET 4.589993, -1.923085, 21.297613
BONES 2
BONE 3 0.245983
BONE 14 0.754017

VERT 125
OFFSET 6.612890, -1.303270, 21.443184
BONES 2
BONE 3 0.318337
BONE 14 0.681663

VERT 126
OFFSET 2.325260, -0.999422, 19.993015
BONES 2
BONE 3 0.053660
BONE 14 0.946340

VERT 127
OFFSET 7.313131, -0.647654, 20.660526
BONES 2
BONE 3 0.298341
BONE 14 0.701659

VERT 128
OFFSET 2.571309, -0.397277, 17.801960
BONES 2
BONE 9 0.542470
BONE 14 0.457530

VERT 129
OFFSET 2.328813, -0.880000, 19.069794
BONES 2
BONE 9 0.158399
BONE 14 0.841601

VERT 130
OFFSET 7.299479, -0.005281, 18.472643
BONES 2
BONE 9 0.518862
BONE 14 0.481138

VERT 131
OFFSET 7.380300, -0.446021, 19.835245
BONES 2
BONE 3 0.172341
BONE 14 0.827659

VERT 132
OFFSET 2.176162, 1.650237, 18.447514
BONES 2
BONE 3 0.295679
BONE 9 0.704321

VERT 133
OFFSET 7.442444, 1.888301, 18.885700
BONES 2
BONE 3 0.260801
BONE 9 0.739199

VERT 134
OFFSET 1.783261, 1.413121, 19.716354
BONES 2
BONE 3 0.559614
BONE 9 0.440386

VERT 135
OFFSET 1.553849, 1.205447, 20.712828
BONES 2
BONE 3 0.629776
BONE 14 0.370224

VERT 136
OFFSET 7.461268, 1.487403, 20.184519
BONES 2
BONE 3 0.599757
BONE 9 0.400243

VERT 137
OFFSET 7.603805, 1.123021, 20.989651
BONES 2
BONE 3 0.757122
BONE 14 0.242878

VERT 138
OFFSET 6.374520, 3.664609, 19.160494
BONES 2
BONE 3 0.273252
BONE 9 0.726748

VERT 139
OFFSET 6.314424, 3.373294, 20.380543
BONES 2
BONE 3 0.817867
BONE 9 0.182134

VERT 140
OFFSET 6.365358, 3.050301, 21.287247
BONES 2
BONE 3 0.964584
BONE 9 0.035416

VERT 141
OFFSET 3.964968, 3.796633, 20.436449
BONES 2
BONE 3 0.903743
BONE 9 0.096257

VERT 142
OFFSET 3.911851, 3.453589, 21.322802
BONES 2
BONE 3 0.983957
BONE 9 0.016043

VERT 143
OFFSET 3.928260, 4.234295, 19.176243
BONES 2
BONE 3 0.299221
BONE 9 0.700779

VERT 144
OFFSET 1.900508, 2.214099, 21.012829
BONES 2
BONE 3 0.873461
BONE 9 0.126539

VERT 145
OFFSET 2.123833, 2.433845, 20.080095
BONES 2
BONE 3 0.843414
BONE 9 0.156586

VERT 146
OFFSET 2.321946, 2.989713, 18.831511
BONES 2
BONE 3 0.364340
BONE 9 0.635661

VERT 147
OFFSET 1.954003, -1.596096, 19.192945
BONES 2
BONE 9 0.112619
BONE 14 0.887381

VERT 148
OFFSET 3.731903, 0.161820, 16.116472
BONES 2
BONE 9 0.872327
BONE 14 0.127673

VERT 149
OFFSET 5.167643, -0.074209, 15.711585
BONES 2
BONE 9 0.901255
BONE 14 0.098745

VERT 150
OFFSET 6.550658, 0.202128, 16.366072
BONES 2
BONE 9 0.886496
BONE 14 0.113504

VERT 151
OFFSET 2.950687, 0.102937, 16.889387
BONES 2
BONE 9 0.792948
BONE 14 0.207052

VERT 152
OFFSET 7.196436, 0.251420, 17.324932
BONES 2
BONE 9 0.831257
BONE 14 0.168743

VERT 153
OFFSET 2.150964, 2.142205, 17.265203
BONES 2
BONE 3 0.159370
BONE 9 0.840630

VERT 154
OFFSET 7.627166, 2.256100, 17.871983
BONES 2
BONE 3 0.194833
BONE 9 0.805167

VERT 155
OFFSET 6.516228, 4.174233, 18.162008
BONES 2
BONE 3 0.134984
BONE 9 0.865016

VERT 156
OFFSET 3.958154, 4.689593, 18.128611
BONES 2
BONE 3 0.127009
BONE 9 0.872991

VERT 157
OFFSET 2.313651, 3.435673, 17.705725
BONES 2
BONE 3 0.171172
BONE 9 0.828828

VERT 158
OFFSET 1.312026, 2.515946, 21.249880
BONES 2
BONE 3 0.877248
BONE 9 0.122752

VERT 159
OFFSET 1.088267, 0.499387, 20.608248
BONES 2
BONE 3 0.629776
BONE 14 0.370224

VERT 160
OFFSET 1.281727, 0.977730, 19.139730
BONES 2
BONE 3 0.528224
BONE 9 0.471776

VERT 161
OFFSET 1.495003, 2.968368, 19.860943
BONES 2
BONE 3 0.812165
BONE 9 0.187835

VERT 162
OFFSET 1.650361, 3.070314, 18.903809
BONES 2
BONE 3 0.360494
BONE 9 0.639506

VERT 163
OFFSET 1.539692, 1.040975, 18.273088
BONES 2
BONE 3 0.304183
BONE 9 0.695817

VERT 164
OFFSET 1.734697, 1.519069, 16.804695
BONES 2
BONE 3 0.158406
BONE 9 0.841594

VERT 165
OFFSET 1.834799, 3.522499, 17.514988
BONES 2
BONE 3 0.163603
BONE 9 0.836397

VERT 166
OFFSET -1.533382, 2.457295, 18.666925
BONES 2
BONE 4 0.228116
BONE 10 0.771884

VERT 167
OFFSET -2.461289, 4.240899, 19.364079
BONES 2
BONE 4 0.269143
BONE 10 0.730857

VERT 168
OFFSET -2.565850, 4.726303, 17.888870
BONES 2
BONE 4 0.108905
BONE 10 0.891095

VERT 169
OFFSET -1.632278, 2.916394, 17.271662
BONES 2
BONE 4 0.090908
BONE 10 0.909092

VERT 170
OFFSET -1.655840, 2.724207, 21.373524
BONES 2
BONE 4 0.850183
BONE 10 0.149817

VERT 171
OFFSET -3.256774, 4.051462, 21.824825
BONES 2
BONE 4 0.985553
BONE 10 0.014447

VERT 172
OFFSET -3.306248, 4.453362, 20.321892
BONES 2
BONE 4 0.758047
BONE 10 0.241953

VERT 173
OFFSET -1.702632, 3.104328, 19.952036
BONES 2
BONE 4 0.618959
BONE 10 0.381041

VERT 174
OFFSET 12.475221, 2.462481, 48.648857
BONES 2
BONE 31 0.750068
BONE 52 0.249932

VERT 175
OFFSET 11.462301, 0.596270, 48.173157
BONES 2
BONE 31 0.770510
BONE 52 0.229490

VERT 176
OFFSET 9.300067, 1.110795, 49.879162
BONES 2
BONE 31 0.407951
BONE 52 0.592049

VERT 177
OFFSET 10.430474, 2.978379, 50.611698
BONES 2
BONE 31 0.471172
BONE 52 0.528828

VERT 178
OFFSET 11.237178, -1.916607, 48.505196
BONES 2
BONE 31 0.810465
BONE 52 0.189535

VERT 179
OFFSET 9.249761, -1.396892, 50.231411
BONES 2
BONE 31 0.435420
BONE 52 0.564580

VERT 180
OFFSET 11.819489, -3.491798, 49.696590
BONES 2
BONE 31 0.783222
BONE 52 0.216778

VERT 181
OFFSET 9.852409, -2.921360, 51.302784
BONES 2
BONE 31 0.445095
BONE 52 0.554905

VERT 182
OFFSET 13.131400, -3.642307, 50.938301
BONES 2
BONE 31 0.841695
BONE 40 0.158305

VERT 183
OFFSET 14.606601, -3.021383, 51.951286
BONES 2
BONE 31 0.850117
BONE 40 0.149883

VERT 184
OFFSET 15.516046, -0.346169, 52.175568
BONES 2
BONE 31 0.798064
BONE 52 0.201936

VERT 185
OFFSET 15.205260, 1.915362, 51.490711
BONES 2
BONE 31 0.761174
BONE 52 0.238826

VERT 186
OFFSET 14.107063, 2.757179, 50.492722
BONES 2
BONE 31 0.733102
BONE 52 0.266898

VERT 187
OFFSET 9.980299, -3.015913, 54.606201
BONES 2
BONE 31 0.220209
BONE 52 0.779791

VERT 188
OFFSET 11.113667, 3.263561, 53.938412
BONES 2
BONE 31 0.313946
BONE 52 0.686054

VERT 189
OFFSET 9.784988, -1.370037, 57.794640
BONES 2
BONE 20 0.274503
BONE 52 0.725497

VERT 190
OFFSET 9.600872, -2.366566, 56.268936
BONES 2
BONE 20 0.190965
BONE 52 0.809035

VERT 191
OFFSET 10.162864, 0.587493, 58.096169
BONES 2
BONE 20 0.297379
BONE 52 0.702621

VERT 192
OFFSET 10.160890, 2.334724, 57.176064
BONES 2
BONE 20 0.241122
BONE 52 0.758878

VERT 193
OFFSET 10.442526, 2.979224, 55.379650
BONES 2
BONE 20 0.181007
BONE 52 0.818993

VERT 194
OFFSET 8.644553, 0.833242, 59.585896
BONES 2
BONE 20 0.526862
BONE 52 0.473138

VERT 195
OFFSET 8.435672, -0.884498, 59.107033
BONES 2
BONE 20 0.487734
BONE 52 0.512266

VERT 196
OFFSET 8.854231, 2.551645, 58.920551
BONES 2
BONE 20 0.484194
BONE 52 0.515806

VERT 197
OFFSET 6.993195, 0.985073, 59.901634
BONES 2
BONE 20 0.693341
BONE 23 0.306659

VERT 198
OFFSET 6.860647, -0.764598, 59.554070
BONES 2
BONE 20 0.656423
BONE 23 0.343577

VERT 199
OFFSET 7.041236, 2.691900, 59.286552
BONES 2
BONE 20 0.735572
BONE 23 0.264428

VERT 200
OFFSET 9.473714, -1.118654, 58.147663
BONES 2
BONE 20 0.329061
BONE 52 0.670939

VERT 201
OFFSET 9.848153, 0.678853, 58.519211
BONES 2
BONE 20 0.377970
BONE 52 0.622030

VERT 202
OFFSET 9.879979, 2.353756, 57.721420
BONES 2
BONE 20 0.308067
BONE 52 0.691933

VERT 203
OFFSET 11.368731, -2.521885, 56.343071
BONES 2
BONE 31 0.234024
BONE 52 0.765976

VERT 204
OFFSET 10.475019, -3.211121, 55.027531
BONES 2
BONE 31 0.239996
BONE 52 0.760004

VERT 205
OFFSET 12.252434, 0.177531, 56.963642
BONES 2
BONE 31 0.234838
BONE 52 0.765162

VERT 206
OFFSET 12.018154, 2.813208, 55.839600
BONES 2
BONE 31 0.237485
BONE 52 0.762515

VERT 207
OFFSET 11.526375, 3.408014, 54.369583
BONES 2
BONE 31 0.311609
BONE 52 0.688391

VERT 208
OFFSET 10.252982, -1.612269, 57.651249
BONES 2
BONE 20 0.229286
BONE 52 0.770714

VERT 209
OFFSET 10.200566, -2.547584, 56.386787
BONES 2
BONE 31 0.160658
BONE 52 0.839342

VERT 210
OFFSET 10.724711, 0.563809, 58.102802
BONES 2
BONE 20 0.253315
BONE 52 0.746685

VERT 211
OFFSET 10.627589, 2.677295, 57.011990
BONES 2
BONE 20 0.230111
BONE 52 0.769889

VERT 212
OFFSET 10.839517, 3.199120, 55.628578
BONES 2
BONE 20 0.181662
BONE 52 0.818338

VERT 213
OFFSET 12.998578, -3.800225, 51.822483
BONES 2
BONE 31 0.755072
BONE 52 0.244928

VERT 214
OFFSET 14.183531, -3.107455, 52.734585
BONES 2
BONE 31 0.749679
BONE 52 0.250321

VERT 215
OFFSET 15.186487, -0.332499, 52.935173
BONES 2
BONE 31 0.731399
BONE 52 0.268601

VERT 216
OFFSET 14.794785, 2.180972, 52.197216
BONES 2
BONE 31 0.720896
BONE 52 0.279104

VERT 217
OFFSET 14.025895, 2.973054, 51.355003
BONES 2
BONE 31 0.720785
BONE 52 0.279215

VERT 218
OFFSET 10.816103, 3.563020, 51.794559
BONES 2
BONE 31 0.421877
BONE 52 0.578123

VERT 219
OFFSET 9.780458, -2.922656, 52.011223
BONES 2
BONE 31 0.343334
BONE 52 0.656666

VERT 220
OFFSET -12.860597, 2.709531, 48.886250
BONES 2
BONE 32 0.685823
BONE 53 0.314177

VERT 221
OFFSET -10.805040, 3.299112, 50.922047
BONES 2
BONE 32 0.470096
BONE 53 0.529904

VERT 222
OFFSET -13.131400, -3.642307, 50.938301
BONES 2
BONE 32 0.730783
BONE 53 0.269217

VERT 223
OFFSET -14.606601, -3.021383, 51.951286
BONES 2
BONE 32 0.754842
BONE 53 0.245158

VERT 224
OFFSET -15.516046, -0.346169, 52.175568
BONES 2
BONE 32 0.723588
BONE 53 0.276412

VERT 225
OFFSET -15.205260, 1.915362, 51.490711
BONES 2
BONE 32 0.695946
BONE 53 0.304054

VERT 226
OFFSET -14.107063, 2.757179, 50.492722
BONES 2
BONE 32 0.666399
BONE 53 0.333601

VERT 227
OFFSET -9.980299, -3.015913, 54.606201
BONES 2
BONE 32 0.207653
BONE 53 0.792347

VERT 228
OFFSET -11.113667, 3.263561, 53.938412
BONES 2
BONE 32 0.288360
BONE 53 0.711640

VERT 229
OFFSET -9.784988, -1.370037, 57.794640
BONES 2
BONE 21 0.233128
BONE 53 0.766872

VERT 230
OFFSET -9.600872, -2.366566, 56.268936
BONES 2
BONE 21 0.169862
BONE 53 0.830138

VERT 231
OFFSET -10.162864, 0.587493, 58.096169
BONES 2
BONE 21 0.297066
BONE 53 0.702934

VERT 232
OFFSET -10.160890, 2.334724, 57.176064
BONES 2
BONE 21 0.281201
BONE 53 0.718799

VERT 233
OFFSET -10.442526, 2.979224, 55.379650
BONES 2
