// Export filename: `C:\projects\cod\t5\xanim_export\t5_viewmodels\ak47\ak47_masterkey_pullout_quick.XANIM_EXPORT`
// Source filename: `D:\projects\devanim\t5\animation_assets\viewmodels/ak47/ViewModel_AK47_MasterKey_animated.fbx`
// Export time: Wed Jul 07 18:23:46 2010

ANIMATION
VERSION 3

NUMPARTS 77
PART 0 "tag_ads"
PART 1 "tag_torso"
PART 2 "J_Shoulder_LE"
PART 3 "J_Elbow_LE"
PART 4 "J_WristTwist_LE"
PART 5 "J_Sleave_Reshape_Bottom_LE_1"
PART 6 "J_Sleave_Reshape_Bottom_LE_2"
PART 7 "J_Sleave_Reshape_Top_LE_1"
PART 8 "J_Sleave_Reshape_Top_LE_2"
PART 9 "J_Sleave_Reshape_Top_LE_3"
PART 10 "J_Wrist_LE"
PART 11 "J_Thumb_LE_0"
PART 12 "J_Thumb_LE_1"
PART 13 "J_Thumb_LE_2"
PART 14 "J_Thumb_LE_3"
PART 15 "J_PinkyPalm_LE"
PART 16 "J_Pinky_LE_0"
PART 17 "J_Pinky_LE_1"
PART 18 "J_Pinky_LE_2"
PART 19 "J_Pinky_LE_3"
PART 20 "J_RingPalm_LE"
PART 21 "J_Ring_LE_0"
PART 22 "J_Ring_LE_1"
PART 23 "J_Ring_LE_2"
PART 24 "J_Ring_LE_3"
PART 25 "J_Webbing_LE"
PART 26 "J_Index_LE_0"
PART 27 "J_Index_LE_1"
PART 28 "J_Index_LE_2"
PART 29 "J_Index_LE_3"
PART 30 "J_Mid_LE_0"
PART 31 "J_Mid_LE_1"
PART 32 "J_Mid_LE_2"
PART 33 "J_Mid_LE_3"
PART 34 "tag_knife_attach"
PART 35 "tag_weapon"
PART 36 "J_Gun"
PART 37 "J_bolt"
PART 38 "tag_masterkey"
PART 39 "tag_brass2"
PART 40 "tag_ammo2"
PART 41 "tag_pump2"
PART 42 "TAG_CLIP"
PART 43 "TAG_FLASH"
PART 44 "J_Shoulder_RI"
PART 45 "J_Elbow_RI"
PART 46 "J_WristTwist_RI"
PART 47 "J_Sleave_Reshape_Top_RI_3"
PART 48 "J_Sleave_Reshape_Top_RI_2"
PART 49 "J_Sleave_Reshape_Top_RI_1"
PART 50 "J_Wrist_RI"
PART 51 "J_Thumb_RI_0"
PART 52 "J_Thumb_RI_1"
PART 53 "J_Thumb_RI_2"
PART 54 "J_Thumb_RI_3"
PART 55 "J_PinkyPalm_RI"
PART 56 "J_Pinky_RI_0"
PART 57 "J_Pinky_RI_1"
PART 58 "J_Pinky_RI_2"
PART 59 "J_Pinky_RI_3"
PART 60 "J_RingPalm_RI"
PART 61 "J_Ring_RI_0"
PART 62 "J_Ring_RI_1"
PART 63 "J_Ring_RI_2"
PART 64 "J_Ring_RI_3"
PART 65 "J_Webbing_RI"
PART 66 "J_Index_RI_0"
PART 67 "J_Index_RI_1"
PART 68 "J_Index_RI_2"
PART 69 "J_Index_RI_3"
PART 70 "J_Mid_RI_0"
PART 71 "J_Mid_RI_1"
PART 72 "J_Mid_RI_2"
PART 73 "J_Mid_RI_3"
PART 74 "tag_cambone"
PART 75 "tag_camera"
PART 76 "tag_gasmask"

FRAMERATE 30
NUMFRAMES 31

FRAME 230
PART 0
OFFSET  0.0000 -0.0000 -0.0000
X  1.0000 -0.0000  0.0000
Y  0.0000  1.0000  0.0000
Z  0.0000 -0.0000  1.0000

PART 1
OFFSET -4.6318 -0.0000 -1.3770
X  1.0000 -0.0000  0.0000
Y  0.0000  1.0000  0.0000
Z  0.0000 -0.0000  1.0000

PART 2
OFFSET -3.5060  6.3408 -6.7125
X -0.1648  0.7531 -0.6369
Y  0.1396 -0.6214 -0.7709
Z -0.9764 -0.2160 -0.0027

PART 3
OFFSET -5.4997  15.4488 -14.4152
X  0.9133 -0.1410 -0.3822
Y  0.1527 -0.7513  0.6421
Z -0.3776 -0.6447 -0.6646

PART 4
OFFSET  2.2682  14.2498 -17.6656
X  0.9133 -0.1410 -0.3822
Y  0.1556 -0.7464  0.6471
Z -0.3765 -0.6504 -0.6597

PART 5
OFFSET  4.0952  15.7876 -17.5203
X  0.9134 -0.1348 -0.3842
Y  0.3729  0.6559  0.6563
Z  0.1635 -0.7427  0.6493

PART 6
OFFSET  2.7269  14.5793 -19.3446
X  0.9134 -0.1348 -0.3842
Y  0.3729  0.6559  0.6563
Z  0.1635 -0.7427  0.6493

PART 7
OFFSET  4.7711  13.7953 -16.5406
X  0.9134 -0.1348 -0.3842
Y  0.3729  0.6559  0.6563
Z  0.1635 -0.7427  0.6493

PART 8
OFFSET  4.0823  12.8188 -17.5634
X  0.9134 -0.1348 -0.3842
Y  0.3729  0.6559  0.6563
Z  0.1635 -0.7427  0.6493

PART 9
OFFSET  3.2189  12.5342 -18.5241
X  0.9134 -0.1348 -0.3842
Y  0.3729  0.6559  0.6563
Z  0.1635 -0.7427  0.6493

PART 10
OFFSET  5.0680  13.8176 -18.8372
X  0.6241 -0.6428  0.4442
Y -0.7501 -0.3338  0.5709
Z -0.2187 -0.6895 -0.6905

PART 11
OFFSET  4.5351  12.9232 -18.3700
X  0.0677 -0.9906 -0.1185
Y -0.6983 -0.1319  0.7036
Z -0.7126  0.0351 -0.7007

PART 12
OFFSET  4.5717  10.7743 -18.5945
X  0.4102 -0.9103 -0.0558
Y -0.7943 -0.3867  0.4686
Z -0.4481 -0.1479 -0.8816

PART 13
OFFSET  5.2311  9.3113 -18.8113
X  0.0187 -0.9994 -0.0283
Y -0.7861 -0.0322  0.6172
Z -0.6178  0.0107 -0.7863

PART 14
OFFSET  5.2097  8.2304 -18.8673
X  0.2486 -0.7512  0.6114
Y  0.6937  0.5786  0.4289
Z -0.6760  0.3175  0.6650

PART 15
OFFSET  6.3551  13.4917 -19.2122
X  0.9377 -0.3450  0.0416
Y -0.2025 -0.6399 -0.7413
Z  0.2824  0.6867 -0.6699

PART 16
OFFSET  8.3960  12.5381 -19.1120
X  0.7224 -0.6310 -0.2829
Y -0.6899 -0.6854 -0.2329
Z -0.0469  0.3634 -0.9305

PART 17
OFFSET  9.4187  11.6447 -19.5125
X  0.1852 -0.9217 -0.3408
Y -0.9827 -0.1713 -0.0705
Z  0.0066  0.3479 -0.9375

PART 18
OFFSET  9.5828  10.8274 -19.8146
X -0.1632 -0.9295 -0.3306
Y -0.9847  0.1329  0.1125
Z -0.0607  0.3440 -0.9370

PART 19
OFFSET  9.4278  9.9444 -20.1288
X  0.7518  0.5778  0.3177
Y -0.6460  0.7419  0.1793
Z -0.1321 -0.3401  0.9311

PART 20
OFFSET  6.0244  13.2248 -18.6386
X  0.8230 -0.5134  0.2432
Y -0.1983 -0.6609 -0.7238
Z  0.5323  0.5475 -0.6457

PART 21
OFFSET  8.1947  11.9162 -18.0591
X  0.8723 -0.4557 -0.1770
Y -0.4744 -0.7012 -0.5323
Z  0.1185  0.5483 -0.8278

PART 22
OFFSET  9.6798  11.1403 -18.3606
X  0.2920 -0.8229 -0.4874
Y -0.9451 -0.1699 -0.2792
Z  0.1469  0.5422 -0.8273

PART 23
OFFSET  10.0844  9.9998 -19.0361
X  0.1296 -0.8365 -0.5324
Y -0.9810 -0.0301 -0.1915
Z  0.1442  0.5471 -0.8245

PART 24
OFFSET  10.2250  9.0926 -19.6135
X  0.4613  0.7295  0.5050
Y -0.8833  0.4313  0.1839
Z -0.0837 -0.5309  0.8433

PART 25
OFFSET  5.6837  10.9365 -16.9315
X  0.6715 -0.7320  0.1155
Y  0.3611  0.4594  0.8115
Z -0.6471 -0.5032  0.5728

PART 26
OFFSET  7.0154  11.3174 -16.4192
X  0.8151 -0.5517  0.1769
Y -0.2862 -0.6490 -0.7049
Z  0.5037  0.5239 -0.6869

PART 27
OFFSET  8.4504  10.3461 -16.1076
X  0.6603 -0.7284 -0.1827
Y -0.5757 -0.3347 -0.7460
Z  0.4822  0.5978 -0.6404

PART 28
OFFSET  9.2239  9.4243 -16.2909
X  0.4710 -0.8469 -0.2469
Y -0.6928 -0.1819 -0.6978
Z  0.5460  0.4997 -0.6724

PART 29
OFFSET  9.7559  8.4677 -16.5697
X  0.6257  0.5805  0.5211
Y -0.7252  0.6789  0.1145
Z -0.2873 -0.4496  0.8458

PART 30
OFFSET  7.7233  11.6244 -17.2097
X  0.8253 -0.5523 -0.1180
Y -0.5218 -0.6658 -0.5333
Z  0.2160  0.5017 -0.8377

PART 31
OFFSET  9.3356  10.5455 -17.4402
X  0.5064 -0.7794 -0.3688
Y -0.8457 -0.3654 -0.3890
Z  0.1684  0.5089 -0.8442

PART 32
OFFSET  10.0753  9.4071 -17.9789
X  0.3395 -0.8256 -0.4507
Y -0.9334 -0.2364 -0.2701
Z  0.1164  0.5123 -0.8509

PART 33
OFFSET  10.4613  8.4758 -18.4952
X  0.3284  0.7513  0.5724
Y -0.9216  0.3877  0.0198
Z -0.2071 -0.5340  0.8197

PART 34
OFFSET  6.8310  11.2040 -18.9928
X  0.4796  0.5403 -0.6914
Y  0.2187  0.6895  0.6905
Z  0.8498 -0.4824  0.2125

PART 35
OFFSET  0.2396 -18.0192 -9.7489
X  0.7936 -0.4370 -0.4235
Y  0.5820  0.7481  0.3188
Z  0.1775 -0.4995  0.8480

PART 36
OFFSET  0.2396 -18.0192 -9.7489
X  0.7936 -0.4370 -0.4235
Y  0.5820  0.7481  0.3188
Z  0.1775 -0.4995  0.8480

PART 37
OFFSET  4.7003 -21.7236 -10.0843
X  0.7970 -0.4471 -0.4061
Y  0.5820  0.7481  0.3188
Z  0.1612 -0.4904  0.8564

PART 38
OFFSET  7.1349 -20.8452 -15.7090
X  0.7936 -0.4370 -0.4235
Y  0.5820  0.7481  0.3188
Z  0.1775 -0.4995  0.8480

PART 39
OFFSET  11.3642 -24.2431 -16.5131
X  0.8808 -0.0452 -0.4714
Y -0.4719 -0.0027 -0.8816
Z  0.0386  0.9990 -0.0237

PART 40
OFFSET -10.1660 -11.7125 -5.5044
X  0.7980 -0.6009 -0.0469
Y  0.5820  0.7481  0.3188
Z -0.1564 -0.2817  0.9467

PART 41
OFFSET  14.8022 -24.2411 -21.7391
X -0.5820 -0.7481 -0.3188
Y  0.7936 -0.4370 -0.4235
Z  0.1775 -0.4995  0.8480

PART 42
OFFSET  3.6401 -19.9878 -11.2910
X  0.7936 -0.4370 -0.4235
Y  0.5820  0.7481  0.3188
Z  0.1775 -0.4995  0.8480

PART 43
OFFSET  19.1748 -28.8553 -18.8437
X  0.7936 -0.4370 -0.4235
Y  0.5820  0.7481  0.3188
Z  0.1775 -0.4995  0.8480

PART 44
OFFSET -17.6076 -4.8127 -7.0611
X -0.7594  0.0820  0.6454
Y -0.6449  0.0364 -0.7634
Z -0.0861 -0.9960  0.0253

PART 45
OFFSET -8.4232 -5.8044 -14.8665
X -0.2862  0.8781 -0.3836
Y  0.7481 -0.0454 -0.6620
Z -0.5987 -0.4764 -0.6439

PART 46
OFFSET -5.9892 -13.2726 -11.6041
X -0.2862  0.8781 -0.3836
Y  0.6092 -0.1423 -0.7802
Z -0.7396 -0.4569 -0.4942

PART 47
OFFSET -5.3698 -13.9344 -9.8312
X -0.2888  0.8797 -0.3777
Y  0.5884  0.4743  0.6548
Z  0.7552 -0.0332 -0.6546

PART 48
OFFSET -6.3691 -14.5633 -9.5250
X -0.2888  0.8797 -0.3777
Y  0.5884  0.4743  0.6548
Z  0.7552 -0.0332 -0.6546

PART 49
OFFSET -7.0468 -15.3032 -10.4558
X -0.2888  0.8797 -0.3777
Y  0.5884  0.4743  0.6548
Z  0.7552 -0.0332 -0.6546

PART 50
OFFSET -5.1119 -15.9645 -10.4281
X -0.8865  0.4420  0.1368
Y -0.0443  0.2132 -0.9760
Z -0.4605 -0.8713 -0.1694

PART 51
OFFSET -4.4812 -16.0112 -9.4783
X -0.8863 -0.0200 -0.4627
Y  0.4371  0.2941 -0.8499
Z  0.1531 -0.9556 -0.2520

PART 52
OFFSET -2.6209 -15.9443 -8.3808
X -0.8744  0.0080  0.4851
Y -0.4815  0.1081 -0.8698
Z -0.0594 -0.9941 -0.0906

PART 53
OFFSET -1.2313 -15.8395 -9.2056
X -0.2858 -0.2051  0.9361
Y -0.9580  0.0366 -0.2845
Z  0.0241 -0.9781 -0.2070

PART 54
OFFSET -0.9070 -15.5736 -10.2036
X -0.4239  0.4844  0.7653
Y  0.4334  0.8504 -0.2982
Z -0.7953  0.2053 -0.5704

PART 55
OFFSET -4.3161 -15.9341 -11.5548
X -0.8578  0.0885  0.5063
Y -0.2448 -0.9366 -0.2509
Z  0.4520 -0.3391  0.8250

PART 56
OFFSET -2.2929 -16.0676 -12.5415
X -0.6498 -0.7295 -0.2135
Y  0.6278 -0.3566 -0.6919
Z  0.4286 -0.5836  0.6897

PART 57
OFFSET -1.3730 -15.0347 -12.2392
X  0.2244 -0.6678 -0.7097
Y  0.8974  0.4255 -0.1167
Z  0.3799 -0.6107  0.6948

PART 58
OFFSET -1.5720 -14.4426 -11.6099
X  0.8381 -0.0190 -0.5451
Y  0.3266  0.8180  0.4735
Z  0.4369 -0.5749  0.6918

PART 59
OFFSET -2.3683 -14.4245 -11.0921
X -0.9092 -0.4158  0.0197
Y -0.2376  0.5572  0.7957
Z -0.3418  0.7188 -0.6054

PART 60
OFFSET -4.1560 -16.2946 -10.9598
X -0.9040  0.2216  0.3655
Y -0.3067 -0.9319 -0.1936
Z  0.2977 -0.2871  0.9105

PART 61
OFFSET -1.8606 -16.8477 -12.0480
X -0.6399 -0.7620 -0.0993
Y  0.5894 -0.4038 -0.6997
Z  0.4930 -0.5063  0.7075

PART 62
OFFSET -0.7711 -15.5504 -11.8789
X  0.4185 -0.5766 -0.7017
Y  0.7766  0.6278 -0.0527
Z  0.4709 -0.5229  0.7106

PART 63
OFFSET -1.3512 -14.7513 -10.9064
X  0.8717  0.1383 -0.4701
Y  0.1454  0.8432  0.5176
Z  0.4680 -0.5196  0.7149

PART 64
OFFSET -2.2966 -14.9013 -10.3966
X -0.7742 -0.6205  0.1246
Y -0.4008  0.6330  0.6623
Z -0.4899  0.4628 -0.7388

PART 65
OFFSET -9.0110 -14.7724 -9.1243
X -0.9536  0.1323  0.2704
Y  0.1809  0.9698  0.1636
Z -0.2405  0.2049 -0.9488

PART 66
OFFSET -1.7952 -18.1712 -10.2880
X -0.8204  0.5000  0.2772
Y -0.5618 -0.7952 -0.2282
Z  0.1063 -0.3429  0.9333

PART 67
OFFSET -0.3507 -19.0516 -10.7761
X -0.8138 -0.5776 -0.0638
Y  0.5639 -0.7585 -0.3266
Z  0.1402 -0.3018  0.9430

PART 68
OFFSET  0.6472 -18.3677 -10.6412
X -0.5234 -0.8120 -0.2584
Y  0.8468 -0.4620 -0.2634
Z  0.0945 -0.3567  0.9294

PART 69
OFFSET  1.2384 -17.4506 -10.3493
X -0.5675  0.5811  0.5833
Y  0.7351  0.6767  0.0410
Z -0.3709  0.4521 -0.8112

PART 70
OFFSET -1.8552 -17.7365 -11.3019
X -0.7178 -0.6962 -0.0063
Y  0.5833 -0.5963 -0.5515
Z  0.3802 -0.3996  0.8341

PART 71
OFFSET -0.4529 -16.3764 -11.2895
X  0.3318 -0.7803 -0.5301
Y  0.8456  0.4951 -0.1995
Z  0.4181 -0.3821  0.8241

PART 72
OFFSET -0.9376 -15.2366 -10.5152
X  0.8818  0.0319 -0.4705
Y  0.1312  0.9418  0.3096
Z  0.4530 -0.3347  0.8263

PART 73
OFFSET -1.9394 -15.2697 -9.9880
X -0.7889 -0.6046  0.1102
Y -0.4322  0.6733  0.5999
Z -0.4369  0.4256 -0.7924

PART 74
OFFSET  0.0000 -0.0000 -0.0000
X  1.0000 -0.0000  0.0000
Y  0.0000  1.0000  0.0000
Z  0.0000 -0.0000  1.0000

PART 75
OFFSET  0.0000 -0.0000 -0.0000
X  1.0000 -0.0000  0.0000
Y  0.0000  1.0000  0.0000
Z  0.0000 -0.0000  1.0000

PART 76
OFFSET  1.5404 -0.0000  4.1357
X  1.0000 -0.0000  0.0000
Y  0.0000  1.0000  0.0000
Z  0.0000 -0.0000  1.0000


FRAME 231
PART 0
OFFSET  0.0000 -0.0000 -0.0000
X  1.0000 -0.0000  0.0000
Y  0.0000  1.0000  0.0000
Z  0.0000 -0.0000  1.0000

PART 1
OFFSET -4.6318 -0.0000 -1.3770
X  1.0000 -0.0000  0.0000
Y  0.0000  1.0000  0.0000
Z  0.0000 -0.0000  1.0000

PART 2
OFFSET -3.5060  6.3408 -6.7125
X -0.1533  0.7530 -0.6400
Y  0.1630 -0.6195 -0.7679
Z -0.9746 -0.2221 -0.0278

PART 3
OFFSET -5.3598  15.4472 -14.4520
X  0.9281 -0.1618 -0.3354
Y  0.1075 -0.7459  0.6574
Z -0.3565 -0.6461 -0.6748

PART 4
OFFSET  2.5339  14.0707 -17.3046
X  0.9281 -0.1618 -0.3354
Y  0.1228 -0.7172  0.6860
Z -0.3515 -0.6778 -0.6457

PART 5
OFFSET  4.3795  15.5777 -17.0877
X  0.9284 -0.1557 -0.3375
Y  0.3524  0.6573  0.6662
Z  0.1181 -0.7374  0.6650

PART 6
OFFSET  3.0798  14.3713 -18.9628
X  0.9284 -0.1557 -0.3375
Y  0.3524  0.6573  0.6662
Z  0.1181 -0.7374  0.6650

PART 7
OFFSET  4.9704  13.5860 -16.0533
X  0.9284 -0.1557 -0.3375
Y  0.3524  0.6573  0.6662
Z  0.1181 -0.7374  0.6650

PART 8
OFFSET  4.3145  12.6093 -17.0973
X  0.9284 -0.1557 -0.3375
Y  0.3524  0.6573  0.6662
Z  0.1181 -0.7374  0.6650

PART 9
OFFSET  3.4938  12.3281 -18.0957
X  0.9284 -0.1557 -0.3375
Y  0.3524  0.6573  0.6662
Z  0.1181 -0.7374  0.6650

PART 10
OFFSET  5.3791  13.5746 -18.3328
X  0.6233 -0.6315  0.4613
Y -0.7458 -0.3024  0.5936
Z -0.2353 -0.7140 -0.6594

PART 11
OFFSET  4.8431  12.7055 -17.8232
X  0.0556 -0.9953 -0.0797
Y -0.6900 -0.0960  0.7174
Z -0.7217  0.0151 -0.6921

PART 12
OFFSET  4.8541  10.5491 -17.9621
X  0.3998 -0.9163 -0.0248
Y -0.7919 -0.3589  0.4941
Z -0.4616 -0.1779 -0.8691

PART 13
OFFSET  5.4950  9.0714 -18.1289
X  0.0078 -0.9999  0.0115
Y -0.7780  0.0012  0.6283
Z -0.6283 -0.0138 -0.7779

PART 14
OFFSET  5.4614  7.9894 -18.1414
X  0.2490 -0.7290  0.6376
Y  0.7056  0.5875  0.3962
Z -0.6635  0.3512  0.6607

PART 15
OFFSET  6.6575  13.2198 -18.7113
X  0.9345 -0.3534  0.0430
Y -0.2194 -0.6666 -0.7124
Z  0.2805  0.6563 -0.7005

PART 16
OFFSET  8.6893  12.2484 -18.6000
X  0.7117 -0.6498 -0.2669
Y -0.7002 -0.6864 -0.1962
Z -0.0557  0.3265 -0.9435

PART 17
OFFSET  9.6970  11.3284 -18.9779
X  0.1708 -0.9366 -0.3060
Y -0.9853 -0.1631 -0.0507
Z -0.0025  0.3102 -0.9507

PART 18
OFFSET  9.8484  10.4981 -19.2492
X -0.1775 -0.9401 -0.2910
Y -0.9816  0.1482  0.1201
Z -0.0698  0.3070 -0.9491

PART 19
OFFSET  9.6798  9.6049 -19.5257
X  0.7621  0.5816  0.2845
Y -0.6357  0.7556  0.1580
Z -0.1230 -0.3013  0.9456

PART 20
OFFSET  6.3318  12.9796 -18.1233
X  0.8207 -0.5124  0.2527
Y -0.2151 -0.6869 -0.6942
Z  0.5293  0.5154 -0.6740

PART 21
OFFSET  8.4958  11.6711 -17.5205
X  0.8650 -0.4721 -0.1702
Y -0.4889 -0.7165 -0.4976
Z  0.1130  0.5136 -0.8506

PART 22
OFFSET  9.9684  10.8674 -17.8102
X  0.2766 -0.8449 -0.4579
Y -0.9505 -0.1704 -0.2597
Z  0.1414  0.5071 -0.8502

PART 23
OFFSET  10.3518  9.6965 -18.4449
X  0.1135 -0.8584 -0.5002
Y -0.9838 -0.0268 -0.1772
Z  0.1387  0.5122 -0.8476

PART 24
OFFSET  10.4749  8.7655 -18.9874
X  0.4758  0.7438  0.4694
Y -0.8761  0.4480  0.1781
Z -0.0778 -0.4959  0.8649

PART 25
OFFSET  5.9902  10.7651 -16.3217
X  0.6652 -0.7342  0.1358
Y  0.3770  0.4873  0.7877
Z -0.6445 -0.4728  0.6009

PART 26
OFFSET  7.3327  11.1513 -15.8426
X  0.8115 -0.5532  0.1881
Y -0.3026 -0.6733 -0.6746
Z  0.4998  0.4905 -0.7138

PART 27
OFFSET  8.7615  10.1773 -15.5114
X  0.6501 -0.7424 -0.1621
Y -0.5893 -0.3578 -0.7244
Z  0.4798  0.5665 -0.6700

PART 28
OFFSET  9.5226  9.2404 -15.6678
X  0.4586 -0.8612 -0.2190
Y -0.7041 -0.2019 -0.6808
Z  0.5421  0.4664 -0.6990

PART 29
OFFSET  10.0406  8.2676 -15.9152
X  0.6388  0.5938  0.4892
Y -0.7164  0.6910  0.0968
Z -0.2805 -0.4123  0.8668

PART 30
OFFSET  8.0330  11.4187 -16.6540
X  0.8177 -0.5656 -0.1067
Y -0.5360 -0.6807 -0.4994
Z  0.2099  0.4655 -0.8598

PART 31
OFFSET  9.6305  10.3137 -16.8624
X  0.4931 -0.7990 -0.3440
Y -0.8547 -0.3712 -0.3629
Z  0.1623  0.4730 -0.8660

PART 32
OFFSET  10.3508  9.1465 -17.3649
X  0.3246 -0.8466 -0.4218
Y -0.9394 -0.2366 -0.2481
Z  0.1102  0.4767 -0.8721

PART 33
OFFSET  10.7199  8.1912 -17.8485
X  0.3440  0.7698  0.5376
Y -0.9171  0.3984  0.0164
Z -0.2016 -0.4986  0.8430

PART 34
OFFSET  7.1121  10.9375 -18.4069
X  0.4758  0.5070 -0.7187
Y  0.2353  0.7140  0.6594
Z  0.8475 -0.4829  0.2204

PART 35
OFFSET  0.4532 -17.5293 -9.4387
X  0.8245 -0.4400 -0.3558
Y  0.5507  0.7684  0.3260
Z  0.1300 -0.4647  0.8759

PART 36
OFFSET  0.4532 -17.5293 -9.4387
X  0.8245 -0.4400 -0.3558
Y  0.5507  0.7684  0.3260
Z  0.1300 -0.4647  0.8759

PART 37
OFFSET  4.9749 -21.1736 -9.3517
X  0.8270 -0.4494 -0.3378
Y  0.5507  0.7684  0.3260
Z  0.1131 -0.4556  0.8830

PART 38
OFFSET  7.7491 -20.4672 -14.8417
X  0.8245 -0.4400 -0.3558
Y  0.5507  0.7684  0.3260
Z  0.1300 -0.4647  0.8759

PART 39
OFFSET  12.0655 -23.8262 -15.2483
X  0.9094 -0.0489 -0.4130
Y -0.4150 -0.0428 -0.9088
Z  0.0268  0.9979 -0.0593

PART 40
OFFSET -10.2830 -11.2322 -6.0999
X  0.8072 -0.5897  0.0262
Y  0.5507  0.7684  0.3260
Z -0.2124 -0.2487  0.9450

PART 41
OFFSET  15.8274 -23.9651 -20.2442
X -0.5507 -0.7684 -0.3260
Y  0.8245 -0.4400 -0.3558
Z  0.1300 -0.4647  0.8759

PART 42
OFFSET  3.9704 -19.5007 -10.6879
X  0.8245 -0.4400 -0.3558
Y  0.5507  0.7684  0.3260
Z  0.1300 -0.4647  0.8759

PART 43
OFFSET  20.0684 -28.3995 -16.9060
X  0.8245 -0.4400 -0.3558
Y  0.5507  0.7684  0.3260
Z  0.1300 -0.4647  0.8759

PART 44
OFFSET -17.2950 -4.9046 -7.2760
X -0.7533  0.0519  0.6556
Y -0.6556  0.0197 -0.7549
Z -0.0521 -0.9985  0.0192

PART 45
OFFSET -8.1843 -5.5318 -15.2046
X -0.2863  0.8688 -0.4039
Y  0.7545 -0.0554 -0.6540
Z -0.5905 -0.4920 -0.6397

PART 46
OFFSET -5.7490 -12.9216 -11.7690
X -0.2863  0.8688 -0.4039
Y  0.6344 -0.1440 -0.7595
Z -0.7180 -0.4737 -0.5099

PART 47
OFFSET -5.1434 -13.5446 -9.9774
X -0.2890  0.8706 -0.3981
Y  0.5802  0.4901  0.6505
Z  0.7615 -0.0430 -0.6468

PART 48
OFFSET -6.1429 -14.1716 -9.6679
X -0.2890  0.8706 -0.3981
Y  0.5802  0.4901  0.6505
Z  0.7615 -0.0430 -0.6468

PART 49
OFFSET -6.8085 -14.9332 -10.5897
X -0.2890  0.8706 -0.3981
Y  0.5802  0.4901  0.6505
Z  0.7615 -0.0430 -0.6468

PART 50
OFFSET -4.8712 -15.5851 -10.5307
X -0.8992  0.4328  0.0639
Y  0.0148  0.1760 -0.9843
Z -0.4373 -0.8841 -0.1647

PART 51
OFFSET -4.3015 -15.5867 -9.5420
X -0.8548 -0.0510 -0.5164
Y  0.4862  0.2691 -0.8314
Z  0.1814 -0.9618 -0.2052

PART 52
OFFSET -2.5154 -15.4499 -8.3332
X -0.9035  0.0124  0.4285
Y -0.4268  0.0681 -0.9018
Z -0.0404 -0.9976 -0.0562

PART 53
OFFSET -1.0779 -15.3542 -9.0724
X -0.3418 -0.1746  0.9234
Y -0.9384  0.0110 -0.3453
Z  0.0501 -0.9846 -0.1676

PART 54
OFFSET -0.6946 -15.1205 -10.0574
X -0.4779  0.5058  0.7181
Y  0.4401  0.8454 -0.3026
Z -0.7602  0.1715 -0.6267

PART 55
OFFSET -4.0061 -15.5843 -11.6054
X -0.8892  0.0939  0.4477
Y -0.2160 -0.9490 -0.2299
Z  0.4033 -0.3011  0.8641

PART 56
OFFSET -1.9229 -15.7228 -12.4573
X -0.6252 -0.7470 -0.2260
Y  0.6750 -0.3723 -0.6370
Z  0.3918 -0.5508  0.7370

PART 57
OFFSET -1.0377 -14.6652 -12.1374
X  0.2777 -0.6902 -0.6682
Y  0.8973  0.4348 -0.0762
Z  0.3432 -0.5784  0.7401

PART 58
OFFSET -1.2840 -14.0532 -11.5449
X  0.8712 -0.0262 -0.4903
Y  0.2851  0.8401  0.4616
Z  0.3998 -0.5418  0.7393

PART 59
OFFSET -2.1116 -14.0283 -11.0791
X -0.9031 -0.4289 -0.0217
Y -0.2949  0.5826  0.7574
Z -0.3122  0.6903 -0.6526

PART 60
OFFSET -3.8792 -15.9199 -10.9883
X -0.9282  0.2209  0.2993
Y -0.2814 -0.9432 -0.1768
Z  0.2432 -0.2483  0.9377

PART 61
OFFSET -1.5124 -16.4772 -11.9082
X -0.6222 -0.7750 -0.1102
Y  0.6379 -0.4203 -0.6453
Z  0.4539 -0.4718  0.7559

PART 62
OFFSET -0.4530 -15.1576 -11.7206
X  0.4698 -0.5957 -0.6515
Y  0.7700  0.6375 -0.0277
Z  0.4318 -0.4886  0.7582

PART 63
OFFSET -1.1041 -14.3320 -10.8177
X  0.8978  0.1343 -0.4193
Y  0.1011  0.8640  0.4932
Z  0.4285 -0.4852  0.7622

PART 64
OFFSET -2.0778 -14.4777 -10.3629
X -0.7723 -0.6275  0.0993
Y -0.4503  0.6509  0.6112
Z -0.4481  0.4273 -0.7852

PART 65
OFFSET -8.8605 -14.4063 -9.5208
X -0.9705  0.1274  0.2047
Y  0.1574  0.9779  0.1375
Z -0.1826  0.1657 -0.9691

PART 66
OFFSET -1.5411 -17.7330 -10.0984
X -0.8429  0.4971  0.2058
Y -0.5356 -0.8118 -0.2325
Z  0.0515 -0.3063  0.9506

PART 67
OFFSET -0.0570 -18.6083 -10.4608
X -0.8004 -0.5922 -0.0928
Y  0.5935 -0.7612 -0.2614
Z  0.0841 -0.2643  0.9608

PART 68
OFFSET  0.9211 -17.9045 -10.2897
X -0.4952 -0.8291 -0.2596
Y  0.8679 -0.4582 -0.1919
Z  0.0401 -0.3203  0.9465

PART 69
OFFSET  1.4804 -16.9680 -9.9964
X -0.6110  0.5935  0.5239
Y  0.7220  0.6892  0.0613
Z -0.3247  0.4157 -0.8496

PART 70
OFFSET -1.5425 -17.3373 -11.1298
X -0.7067 -0.7071 -0.0248
Y  0.6249 -0.6073 -0.4906
Z  0.3319 -0.3623  0.8710

PART 71
OFFSET -0.1620 -15.9560 -11.0813
X  0.3750 -0.7942 -0.4781
Y  0.8499  0.5005 -0.1647
Z  0.3701 -0.3446  0.8627

PART 72
OFFSET -0.7097 -14.7959 -10.3830
X  0.9094  0.0281 -0.4151
Y  0.0988  0.9546  0.2811
Z  0.4041 -0.2966  0.8653

PART 73
OFFSET -1.7424 -14.8250 -9.9189
X -0.7862 -0.6123  0.0834
Y -0.4782  0.6883  0.5454
Z -0.3914  0.3890 -0.8340

PART 74
OFFSET  0.0000 -0.0000 -0.0000
X  1.0000 -0.0000  0.0000
Y  0.0000  1.0000  0.0000
Z  0.0000 -0.0000  1.0000

PART 75
OFFSET  0.0000 -0.0000 -0.0000
X  1.0000 -0.0000  0.0000
Y  0.0000  1.0000  0.0000
Z  0.0000 -0.0000  1.0000

PART 76
OFFSET  1.5404 -0.0000  4.1357
X  1.0000 -0.0000  0.0000
Y  0.0000  1.0000  0.0000
Z  0.0000 -0.0000  1.0000


FRAME 232
PART 0
OFFSET  0.0000 -0.0000 -0.0000
X  1.0000 -0.0000  0.0000
Y  0.0000  1.0000  0.0000
Z  0.0000 -0.0000  1.0000

PART 1
OFFSET -4.6318 -0.0000 -1.3770
X  1.0000 -0.0000  0.0000
Y  0.0000  1.0000  0.0000
Z  0.0000 -0.0000  1.0000

PART 2
OFFSET -3.5060  6.3408 -6.7125
X -0.1109  0.7485 -0.6538
Y  0.2284 -0.6211 -0.7497
Z -0.9672 -0.2325 -0.1021

PART 3
OFFSET -4.8470  15.3927 -14.6199
X  0.9549 -0.2134 -0.2064
Y -0.0140 -0.7268  0.6867
Z -0.2965 -0.6528 -0.6970

PART 4
OFFSET  3.2750  13.5778 -16.3753
X  0.9549 -0.2134 -0.2064
Y  0.0298 -0.6228  0.7818
Z -0.2954 -0.7527 -0.5884

PART 5
OFFSET  5.1465  15.0098 -15.9618
X  0.9558 -0.2073 -0.2086
Y  0.2941  0.6638  0.6876
Z -0.0041 -0.7186  0.6954

PART 6
OFFSET  4.0444  13.7973 -17.9557
X  0.9558 -0.2073 -0.2086
Y  0.2941  0.6638  0.6876
Z -0.0041 -0.7186  0.6954

PART 7
OFFSET  5.5033  13.0310 -14.8028
X  0.9558 -0.2073 -0.2086
Y  0.2941  0.6638  0.6876
Z -0.0041 -0.7186  0.6954

PART 8
OFFSET  4.9423  12.0484 -15.8955
X  0.9558 -0.2073 -0.2086
Y  0.2941  0.6638  0.6876
Z -0.0041 -0.7186  0.6954

PART 9
OFFSET  4.2452  11.7690 -16.9842
X  0.9558 -0.2073 -0.2086
Y  0.2941  0.6638  0.6876
Z -0.0041 -0.7186  0.6954

PART 10
OFFSET  6.2024  12.9237 -17.0080
X  0.6189 -0.6009  0.5058
Y -0.7339 -0.2127  0.6451
Z -0.2801 -0.7705 -0.5726

PART 11
OFFSET  5.6576  12.1317 -16.3930
X  0.0218 -0.9995  0.0242
Y -0.6675  0.0035  0.7446
Z -0.7443 -0.0324 -0.6670

PART 12
OFFSET  5.5967  9.9734 -16.3034
X  0.3700 -0.9271  0.0598
Y -0.7851 -0.2776  0.5536
Z -0.4967 -0.2518 -0.8306

PART 13
OFFSET  6.1852  8.4651 -16.3330
X -0.0229 -0.9929  0.1168
Y -0.7554  0.0938  0.6486
Z -0.6549 -0.0734 -0.7521

PART 14
OFFSET  6.1175  7.3896 -16.2300
X  0.2481 -0.6665  0.7030
Y  0.7368  0.6010  0.3098
Z -0.6290  0.4411  0.6401

PART 15
OFFSET  7.4553  12.4872 -17.3864
X  0.9240 -0.3791  0.0511
Y -0.2645 -0.7295 -0.6308
Z  0.2764  0.5693 -0.7743

PART 16
OFFSET  9.4586  11.4631 -17.2363
X  0.6815 -0.6983 -0.2187
Y -0.7276 -0.6786 -0.1007
Z -0.0781  0.2278 -0.9706

PART 17
OFFSET  10.4235  10.4744 -17.5460
X  0.1309 -0.9688 -0.2105
Y -0.9911 -0.1334 -0.0025
Z -0.0257  0.2090 -0.9776

PART 18
OFFSET  10.5396  9.6155 -17.7326
X -0.2166 -0.9587 -0.1844
Y -0.9718  0.1937  0.1342
Z -0.0930  0.2083 -0.9736

PART 19
OFFSET  10.3338  8.7047 -17.9078
X  0.7892  0.5815  0.1976
Y -0.6060  0.7895  0.0970
Z -0.0996 -0.1963  0.9755

PART 20
OFFSET  7.1428  12.3213 -16.7665
X  0.8127 -0.5112  0.2798
Y -0.2602 -0.7479 -0.6107
Z  0.5214  0.4234 -0.7408

PART 21
OFFSET  9.2847  11.0090 -16.0964
X  0.8435 -0.5169 -0.1461
Y -0.5279 -0.7473 -0.4036
Z  0.0994  0.4176 -0.9032

PART 22
OFFSET  10.7207  10.1290 -16.3452
X  0.2342 -0.8972 -0.3745
Y -0.9638 -0.1637 -0.2106
Z  0.1276  0.4102 -0.9030

PART 23
OFFSET  11.0453  8.8855 -16.8642
X  0.0694 -0.9095 -0.4100
Y -0.9897 -0.0112 -0.1427
Z  0.1252  0.4157 -0.9009

PART 24
OFFSET  11.1205  7.8992 -17.3088
X  0.5147  0.7720  0.3731
Y -0.8551  0.4942  0.1569
Z -0.0633 -0.3998  0.9144

PART 25
OFFSET  6.7950  10.3204 -14.7312
X  0.6464 -0.7385  0.1919
Y  0.4189  0.5537  0.7197
Z -0.6378 -0.3848  0.6673

PART 26
OFFSET  8.1646  10.7080 -14.3375
X  0.7999 -0.5582  0.2202
Y -0.3466 -0.7293 -0.5899
Z  0.4899  0.3956 -0.7769

PART 27
OFFSET  9.5730  9.7252 -13.9498
X  0.6207 -0.7773 -0.1029
Y -0.6248 -0.4110 -0.6639
Z  0.4737  0.4763 -0.7407

PART 28
OFFSET  10.2988  8.7513 -14.0299
X  0.4238 -0.8947 -0.1409
Y -0.7332 -0.2475 -0.6334
Z  0.5319  0.3717 -0.7609

PART 29
OFFSET  10.7774  7.7407 -14.1891
X  0.6735  0.6193  0.4036
Y -0.6908  0.7216  0.0455
Z -0.2631 -0.3094  0.9138

PART 30
OFFSET  8.8444  10.8647 -15.1941
X  0.7956 -0.6016 -0.0716
Y -0.5738 -0.7103 -0.4077
Z  0.1944  0.3655 -0.9103

PART 31
OFFSET  10.3986  9.6894 -15.3340
X  0.4559 -0.8472 -0.2728
Y -0.8778 -0.3774 -0.2949
Z  0.1469  0.3739 -0.9158

PART 32
OFFSET  11.0645  8.4519 -15.7325
X  0.2834 -0.8968 -0.3398
Y -0.9543 -0.2287 -0.1924
Z  0.0948  0.3788 -0.9206

PART 33
OFFSET  11.3868  7.4391 -16.1238
X  0.3862  0.8095  0.4423
Y -0.9031  0.4294  0.0027
Z -0.1877 -0.4005  0.8969

PART 34
OFFSET  7.8490  10.2350 -16.8569
X  0.4663  0.4123 -0.7827
Y  0.2801  0.7705  0.5726
Z  0.8391 -0.4862  0.2438

PART 35
OFFSET  1.1133 -16.2941 -8.6570
X  0.8849 -0.4335 -0.1703
Y  0.4657  0.8187  0.3358
Z -0.0062 -0.3765  0.9264

PART 36
OFFSET  1.1133 -16.2941 -8.6570
X  0.8849 -0.4335 -0.1703
Y  0.4657  0.8187  0.3358
Z -0.0062 -0.3765  0.9264

PART 37
OFFSET  5.6580 -19.7102 -7.4702
X  0.8846 -0.4411 -0.1513
Y  0.4657  0.8187  0.3358
Z -0.0243 -0.3675  0.9297

PART 38
OFFSET  9.2961 -19.3858 -12.4696
X  0.8849 -0.4335 -0.1703
Y  0.4657  0.8187  0.3358
Z -0.0062 -0.3765  0.9264

PART 39
OFFSET  13.7135 -22.5726 -11.8290
X  0.9670 -0.0460 -0.2506
Y -0.2546 -0.1442 -0.9562
Z  0.0078  0.9885 -0.1511

PART 40
OFFSET -10.2076 -10.2022 -7.7656
X  0.8078 -0.5483  0.2164
Y  0.4657  0.8187  0.3358
Z -0.3613 -0.1705  0.9167

PART 41
OFFSET  18.2657 -22.9999 -16.0982
X -0.4657 -0.8187 -0.3358
Y  0.8849 -0.4335 -0.1703
Z -0.0062 -0.3765  0.9264

PART 42
OFFSET  4.8456 -18.2129 -9.1106
X  0.8849 -0.4335 -0.1703
Y  0.4657  0.8187  0.3358
Z -0.0062 -0.3765  0.9264

PART 43
OFFSET  22.0088 -26.9175 -11.6896
X  0.8849 -0.4335 -0.1703
Y  0.4657  0.8187  0.3358
Z -0.0062 -0.3765  0.9264

PART 44
OFFSET -16.4574 -5.1509 -7.8519
X -0.7350 -0.0106  0.6779
Y -0.6771 -0.0413 -0.7348
Z  0.0358 -0.9991  0.0231

PART 45
OFFSET -7.5679 -5.0226 -16.0509
X -0.3080  0.8361 -0.4541
Y  0.7660 -0.0652 -0.6395
Z -0.5643 -0.5448 -0.6203

PART 46
OFFSET -4.9486 -12.1336 -12.1888
X -0.3080  0.8361 -0.4541
Y  0.6821 -0.1387 -0.7180
Z -0.6632 -0.5308 -0.5276

PART 47
OFFSET -4.3511 -12.6397 -10.3580
X -0.3108  0.8381 -0.4484
Y  0.5538  0.5431  0.6311
Z  0.7724 -0.0522 -0.6329

PART 48
OFFSET -5.3345 -13.2820 -10.0290
X -0.3108  0.8381 -0.4484
Y  0.5538  0.5431  0.6311
Z  0.7724 -0.0522 -0.6329

PART 49
OFFSET -5.9608 -14.1134 -10.9176
X -0.3108  0.8381 -0.4484
Y  0.5538  0.5431  0.6311
Z  0.7724 -0.0522 -0.6329

PART 50
OFFSET -4.0045 -14.6967 -10.7968
X -0.9091  0.3964 -0.1279
Y  0.1754  0.0858 -0.9808
Z -0.3778 -0.9141 -0.1475

PART 51
OFFSET -3.6096 -14.5825 -9.7323
X -0.7538 -0.1360 -0.6429
Y  0.6114  0.2134 -0.7620
Z  0.2408 -0.9675 -0.0777

PART 52
OFFSET -2.0574 -14.2565 -8.2646
X -0.9627  0.0113  0.2703
Y -0.2705 -0.0337 -0.9621
Z -0.0018 -0.9994  0.0355

PART 53
OFFSET -0.5192 -14.1649 -8.7623
X -0.4874 -0.1045  0.8669
Y -0.8668 -0.0624 -0.4948
Z  0.1058 -0.9926 -0.0602

PART 54
OFFSET  0.0177 -14.0054 -9.6886
X -0.6063  0.5476  0.5766
Y  0.4605  0.8330 -0.3068
Z -0.6483  0.0795 -0.7572

PART 55
OFFSET -2.9711 -14.7556 -11.7090
X -0.9543  0.0948  0.2835
Y -0.1469 -0.9747 -0.1687
Z  0.2604 -0.2026  0.9440

PART 56
OFFSET -0.7710 -14.8785 -12.1879
X -0.5566 -0.7916 -0.2520
Y  0.7830 -0.3985 -0.4775
Z  0.2776 -0.4631  0.8417

PART 57
OFFSET  0.0170 -13.7578 -11.8310
X  0.4059 -0.7353 -0.5427
Y  0.8845  0.4656  0.0308
Z  0.2300 -0.4925  0.8394

PART 58
OFFSET -0.3430 -13.1058 -11.3499
X  0.9417 -0.0321 -0.3349
Y  0.1791  0.8906  0.4181
Z  0.2848 -0.4537  0.8444

PART 59
OFFSET -1.2376 -13.0752 -11.0317
X -0.8739 -0.4689 -0.1284
Y -0.4348  0.6357  0.6378
Z -0.2174  0.6132 -0.7594

PART 60
OFFSET -2.9404 -15.0274 -11.0496
X -0.9713  0.2058  0.1190
Y -0.2206 -0.9670 -0.1279
Z  0.0888 -0.1505  0.9846

PART 61
OFFSET -0.4375 -15.5605 -11.5076
X -0.5723 -0.8088 -0.1352
Y  0.7492 -0.4488 -0.4871
Z  0.3333 -0.3801  0.8628

PART 62
OFFSET  0.5369 -14.1835 -11.2775
X  0.5896 -0.6313 -0.5038
Y  0.7451  0.6659  0.0377
Z  0.3117 -0.3976  0.8630

PART 63
OFFSET -0.2803 -13.3087 -10.5792
X  0.9514  0.1353 -0.2765
Y -0.0082  0.9091  0.4165
Z  0.3077 -0.3940  0.8661

PART 64
OFFSET -1.3122 -13.4553 -10.2793
X -0.7597 -0.6495  0.0313
Y -0.5652  0.6834  0.4621
Z -0.3215  0.3334 -0.8863

PART 65
OFFSET -8.1390 -13.6093 -10.5788
X -0.9944  0.1022  0.0283
Y  0.1039  0.9924  0.0655
Z -0.0214  0.0681 -0.9974

PART 66
OFFSET -0.7348 -16.6458 -9.6136
X -0.8794  0.4759  0.0145
Y -0.4653 -0.8527 -0.2374
Z -0.1006 -0.2155  0.9713

PART 67
OFFSET  0.8136 -17.4836 -9.6391
X -0.7561 -0.6332 -0.1653
Y  0.6505 -0.7548 -0.0843
Z -0.0714 -0.1713  0.9826

PART 68
OFFSET  1.7284 -16.7242 -9.3784
X -0.4204 -0.8706 -0.2556
Y  0.9005 -0.4348 -0.0005
Z -0.1107 -0.2303  0.9668

PART 69
OFFSET  2.2033 -15.7409 -9.0897
X -0.7072  0.6111  0.3555
Y  0.6813  0.7233  0.1120
Z -0.1887  0.3215 -0.9279

PART 70
OFFSET -0.5737 -16.3465 -10.6648
X -0.6719 -0.7372 -0.0720
Y  0.7157 -0.6212 -0.3192
Z  0.1906 -0.2660  0.9449

PART 71
OFFSET  0.7389 -14.9064 -10.5241
X  0.4728 -0.8171 -0.3299
Y  0.8509  0.5207 -0.0703
Z  0.2292 -0.2475  0.9414

PART 72
OFFSET  0.0483 -13.7129 -10.0423
X  0.9651  0.0305 -0.2601
Y  0.0227  0.9797  0.1991
Z  0.2609 -0.1980  0.9448

PART 73
OFFSET -1.0466 -13.7453 -9.7543
X -0.7712 -0.6365  0.0119
Y -0.5827  0.7134  0.3893
Z -0.2563  0.2933 -0.9210

PART 74
OFFSET  0.0000 -0.0000 -0.0000
X  1.0000 -0.0000  0.0000
Y  0.0000  1.0000  0.0000
Z  0.0000 -0.0000  1.0000

PART 75
OFFSET  0.0000 -0.0000 -0.0000
X  1.0000 -0.0000  0.0000
Y  0.0000  1.0000  0.0000
Z  0.0000 -0.0000  1.0000

PART 76
OFFSET  1.5404 -0.0000  4.1357
X  1.0000 -0.0000  0.0000
Y  0.0000  1.0000  0.0000
Z  0.0000 -0.0000  1.0000


FRAME 233
PART 0
OFFSET  0.0000 -0.0000 -0.0000
X  1.0000 -0.0000  0.0000
Y  0.0000  1.0000  0.0000
Z  0.0000 -0.0000  1.0000

PART 1
OFFSET -4.6318 -0.0000 -1.3770
X  1.0000 -0.0000  0.0000
Y  0.0000  1.0000  0.0000
Z  0.0000 -0.0000  1.0000

PART 2
OFFSET -3.5060  6.3408 -6.7125
X -0.0199  0.7307 -0.6824
Y  0.3229 -0.6412 -0.6961
Z -0.9462 -0.2342 -0.2232

PART 3
OFFSET -3.7461  15.1783 -14.9650
X  0.9610 -0.2763 -0.0156
Y -0.1864 -0.6880  0.7013
Z -0.2045 -0.6710 -0.7127

PART 4
OFFSET  4.4272  12.8286 -15.0978
X  0.9610 -0.2763 -0.0156
Y -0.1136 -0.4455  0.8880
Z -0.2523 -0.8516 -0.4595

PART 5
OFFSET  6.2785  14.1748 -14.4016
X  0.9626 -0.2704 -0.0179
Y  0.2045  0.6817  0.7025
Z -0.1778 -0.6799  0.7114

PART 6
OFFSET  5.4864  12.9223 -16.5146
X  0.9626 -0.2704 -0.0179
Y  0.2045  0.6817  0.7025
Z -0.1778 -0.6799  0.7114

PART 7
OFFSET  6.2890  12.2426 -13.1160
X  0.9626 -0.2704 -0.0179
Y  0.2045  0.6817  0.7025
Z -0.1778 -0.6799  0.7114

PART 8
OFFSET  5.8767  11.2367 -14.2528
X  0.9626 -0.2704 -0.0179
Y  0.2045  0.6817  0.7025
Z -0.1778 -0.6799  0.7114

PART 9
OFFSET  5.3752  10.9396 -15.4400
X  0.9626 -0.2704 -0.0179
Y  0.2045  0.6817  0.7025
Z -0.1778 -0.6799  0.7114

PART 10
OFFSET  7.3732  11.9817 -15.1457
X  0.6074 -0.5560  0.5674
Y -0.7149 -0.0711  0.6956
Z -0.3464 -0.8281 -0.4407

PART 11
OFFSET  6.8142  11.3228 -14.4001
X -0.0311 -0.9845  0.1724
Y -0.6326  0.1530  0.7592
Z -0.7739 -0.0854 -0.6276

PART 12
OFFSET  6.6409  9.2088 -13.9872
X  0.3217 -0.9288  0.1843
Y -0.7736 -0.1456  0.6167
Z -0.5459 -0.3409 -0.7653

PART 13
OFFSET  7.1451  7.6800 -13.8122
X -0.0713 -0.9617  0.2645
Y -0.7197  0.2333  0.6540
Z -0.6906 -0.1437 -0.7088

PART 14
OFFSET  7.0241  6.6374 -13.5475
X  0.2427 -0.5695  0.7853
Y  0.7812  0.5947  0.1899
Z -0.5752  0.5674  0.5892

PART 15
OFFSET  8.5826  11.4199 -15.4994
X  0.9035 -0.4222  0.0739
Y -0.3312 -0.7971 -0.5049
Z  0.2721  0.4316 -0.8600

PART 16
OFFSET  10.5324  10.3107 -15.2700
X  0.6325 -0.7625 -0.1363
Y -0.7669 -0.6411  0.0279
Z -0.1087  0.0869 -0.9903

PART 17
OFFSET  11.4278  9.2311 -15.4630
X  0.0689 -0.9953 -0.0680
Y -0.9960 -0.0726  0.0530
Z -0.0577  0.0641 -0.9963

PART 18
OFFSET  11.4889  8.3487 -15.5233
X -0.2760 -0.9606 -0.0313
Y -0.9530  0.2693  0.1386
Z -0.1247  0.0680 -0.9899

PART 19
OFFSET  11.2267  7.4360 -15.5530
X  0.8274  0.5558  0.0801
Y -0.5576  0.8301 -0.0004
Z -0.0667 -0.0444  0.9968

PART 20
OFFSET  8.2895  11.3660 -14.8508
X  0.7955 -0.5123  0.3237
Y -0.3271 -0.8126 -0.4824
Z  0.5101  0.2779 -0.8140

PART 21
OFFSET  10.3849  10.0404 -14.0696
X  0.8070 -0.5824 -0.0974
Y -0.5848 -0.7655 -0.2683
Z  0.0817  0.2735 -0.9584

PART 22
OFFSET  11.7589  9.0488 -14.2355
X  0.1686 -0.9549 -0.2444
Y -0.9796 -0.1348 -0.1491
Z  0.1094  0.2646 -0.9581

PART 23
OFFSET  11.9925  7.7254 -14.5742
X  0.0019 -0.9624 -0.2718
Y -0.9942  0.0274 -0.1038
Z  0.1074  0.2704 -0.9567

PART 24
OFFSET  11.9945  6.6817 -14.8690
X  0.5717  0.7861  0.2349
Y -0.8193  0.5623  0.1119
Z -0.0441 -0.2564  0.9656

PART 25
OFFSET  7.9247  9.7107 -12.5284
X  0.6134 -0.7397  0.2768
Y  0.4797  0.6274  0.6134
Z -0.6274 -0.2435  0.7397

PART 26
OFFSET  9.3294  10.0691 -12.2464
X  0.7776 -0.5667  0.2723
Y -0.4113 -0.7860 -0.4615
Z  0.4756  0.2469 -0.8443

PART 27
OFFSET  10.6985  9.0713 -11.7671
X  0.5726 -0.8198 -0.0079
Y -0.6749 -0.4659 -0.5722
Z  0.4654  0.3330 -0.8201

PART 28
OFFSET  11.3663  8.0544 -11.7268
X  0.3682 -0.9295 -0.0208
Y -0.7729 -0.2935 -0.5626
Z  0.5169  0.2232 -0.8265

PART 29
OFFSET  11.7822  7.0045 -11.7503
X  0.7232  0.6303  0.2822
Y -0.6481  0.7606 -0.0381
Z -0.2386 -0.1554  0.9586

PART 30
OFFSET  9.9780  10.0570 -13.1406
X  0.7580 -0.6522 -0.0095
Y -0.6289 -0.7268 -0.2762
Z  0.1733  0.2153 -0.9610

PART 31
OFFSET  11.4587  8.7828 -13.1591
X  0.3969 -0.9039 -0.1594
Y -0.9092 -0.3633 -0.2035
Z  0.1261  0.2257 -0.9660

PART 32
OFFSET  12.0384  7.4625 -13.3920
X  0.2192 -0.9524 -0.2120
Y -0.9729 -0.1968 -0.1217
Z  0.0742  0.2329 -0.9697

PART 33
OFFSET  12.2879  6.3857 -13.6389
X  0.4486  0.8411  0.3023
Y -0.8776  0.4785 -0.0291
Z -0.1691 -0.2522  0.9528

PART 34
OFFSET  8.8772  9.2505 -14.6539
X  0.4526  0.2640 -0.8517
Y  0.3464  0.8281  0.4407
Z  0.8217 -0.4945  0.2834

PART 35
OFFSET  2.2981 -14.6645 -7.5872
X  0.9140 -0.3936  0.0988
Y  0.3434  0.8799  0.3283
Z -0.2162 -0.2661  0.9394

PART 36
OFFSET  2.2981 -14.6645 -7.5872
X  0.9140 -0.3936  0.0988
Y  0.3434  0.8799  0.3283
Z -0.2162 -0.2661  0.9394

PART 37
OFFSET  6.5363 -17.6258 -4.9412
X  0.9094 -0.3989  0.1180
Y  0.3434  0.8799  0.3283
Z -0.2348 -0.2580  0.9372

PART 38
OFFSET  11.2571 -17.6545 -8.9471
X  0.9140 -0.3936  0.0988
Y  0.3434  0.8799  0.3283
Z -0.2162 -0.2661  0.9394

PART 39
OFFSET  15.4955 -20.4598 -6.8866
X  0.9999 -0.0135 -0.0088
Y -0.0121 -0.2699 -0.9628
Z  0.0107  0.9628 -0.2701

PART 40
OFFSET -9.1034 -9.2380 -10.1616
X  0.7500 -0.4673  0.4681
Y  0.3434  0.8799  0.3283
Z -0.5653 -0.0854  0.8204

PART 41
OFFSET  20.9527 -21.0911 -9.8784
X -0.3434 -0.8799 -0.3283
Y  0.9140 -0.3936  0.0988
Z -0.2162 -0.2661  0.9394

PART 42
OFFSET  6.0923 -16.3832 -6.9038
X  0.9140 -0.3936  0.0988
Y  0.3434  0.8799  0.3283
Z -0.2162 -0.2661  0.9394

PART 43
OFFSET  23.6551 -24.2263 -4.2516
X  0.9140 -0.3936  0.0988
Y  0.3434  0.8799  0.3283
Z -0.2162 -0.2661  0.9394

PART 44
OFFSET -15.2447 -5.5075 -8.6858
X -0.7107 -0.0507  0.7016
Y -0.6854 -0.1744 -0.7069
Z  0.1582 -0.9834  0.0892

PART 45
OFFSET -6.6493 -4.8940 -17.1714
X -0.3840  0.7570 -0.5287
Y  0.7703 -0.0530 -0.6355
Z -0.5090 -0.6513 -0.5627

PART 46
OFFSET -3.3828 -11.3322 -12.6745
X -0.3840  0.7570 -0.5287
Y  0.7131 -0.1205 -0.6906
Z -0.5865 -0.6423 -0.4935

PART 47
OFFSET -2.7450 -11.6052 -10.8081
X -0.3871  0.7592 -0.5232
Y  0.4988  0.6497  0.5737
Z  0.7755 -0.0389 -0.6301

PART 48
OFFSET -3.6644 -12.3031 -10.4139
X -0.3871  0.7592 -0.5232
Y  0.4988  0.6497  0.5737
Z  0.7755 -0.0389 -0.6301

PART 49
OFFSET -4.2076 -13.2696 -11.2163
X -0.3871  0.7592 -0.5232
Y  0.4988  0.6497  0.5737
Z  0.7755 -0.0389 -0.6301

PART 50
OFFSET -2.2054 -13.6528 -11.0537
X -0.8645  0.3207 -0.3871
Y  0.4032 -0.0177 -0.9150
Z -0.3002 -0.9470 -0.1140

PART 51
OFFSET -2.0823 -13.3911 -9.9498
X -0.5720 -0.2570 -0.7790
Y  0.7692  0.1617 -0.6182
Z  0.2848 -0.9528  0.1052

PART 52
OFFSET -0.9407 -12.7996 -8.2130
X -0.9993 -0.0182  0.0333
Y -0.0299 -0.1621 -0.9863
Z  0.0234 -0.9866  0.1614

PART 53
OFFSET  0.6681 -12.6693 -8.3436
X -0.6778 -0.0338  0.7345
Y -0.7197 -0.1740 -0.6721
Z  0.1505 -0.9842  0.0936

PART 54
OFFSET  1.4064 -12.5848 -9.1307
X -0.7453  0.5714  0.3435
Y  0.4924  0.8192 -0.2941
Z -0.4494 -0.0501 -0.8919

PART 55
OFFSET -0.9816 -13.7517 -11.6828
X -0.9971  0.0666  0.0373
Y -0.0691 -0.9950 -0.0725
Z  0.0323 -0.0748  0.9967

PART 56
OFFSET  1.2719 -13.7901 -11.6126
X -0.4526 -0.8491 -0.2723
Y  0.8879 -0.4009 -0.2256
Z  0.0824 -0.3439  0.9354

PART 57
OFFSET  1.9128 -12.5880 -11.2271
X  0.5491 -0.7662 -0.3338
Y  0.8349  0.5209  0.1777
Z  0.0378 -0.3762  0.9258

PART 58
OFFSET  1.4259 -11.9087 -10.9311
X  0.9951 -0.0112 -0.0978
Y  0.0432  0.9426  0.3311
Z  0.0884 -0.3337  0.9385

PART 59
OFFSET  0.4805 -11.8980 -10.8383
X -0.8010 -0.5349 -0.2688
Y -0.5966  0.6767  0.4315
Z -0.0489  0.5060 -0.8612

PART 60
OFFSET -1.1013 -13.9427 -11.0055
X -0.9778  0.1564 -0.1394
Y -0.1506 -0.9873 -0.0514
Z -0.1457 -0.0293  0.9889

PART 61
OFFSET  1.4548 -14.3662 -10.7917
X -0.4954 -0.8536 -0.1612
Y  0.8591 -0.4540 -0.2364
Z  0.1286 -0.2556  0.9582

PART 62
OFFSET  2.2983 -12.9130 -10.5173
X  0.7144 -0.6469 -0.2666
Y  0.6913  0.7115  0.1260
Z  0.1082 -0.2743  0.9556

PART 63
OFFSET  1.3081 -12.0164 -10.1479
X  0.9849  0.1621 -0.0606
Y -0.1387  0.9490  0.2833
Z  0.1034 -0.2706  0.9571

PART 64
OFFSET  0.2400 -12.1922 -10.0821
X -0.7226 -0.6882 -0.0651
Y -0.6825  0.6953  0.2254
Z -0.1099  0.2073 -0.9721

PART 65
OFFSET -6.3052 -12.8109 -11.9522
X -0.9748  0.0418 -0.2190
Y  0.0516  0.9979 -0.0393
Z  0.2169 -0.0496 -0.9749

PART 66
OFFSET  0.7474 -15.2409 -8.8975
X -0.8726  0.4178 -0.2531
Y -0.3656 -0.9022 -0.2290
Z -0.3240 -0.1073  0.9400

PART 67
OFFSET  2.2837 -15.9765 -8.4520
X -0.6724 -0.6946 -0.2558
Y  0.6768 -0.7168  0.1677
Z -0.2999 -0.0603  0.9521

PART 68
OFFSET  3.0828 -15.1357 -8.0832
X -0.3170 -0.9192 -0.2337
Y  0.8883 -0.3741  0.2663
Z -0.3322 -0.1231  0.9351

PART 69
OFFSET  3.4409 -14.0975 -7.8192
X -0.7921  0.6023  0.0987
Y  0.6096  0.7730  0.1753
Z  0.0293  0.1991 -0.9795

PART 70
OFFSET  1.1464 -15.0560 -9.9110
X -0.6096 -0.7815 -0.1328
Y  0.7920 -0.6075 -0.0604
Z -0.0335 -0.1420  0.9893

PART 71
OFFSET  2.3373 -13.5293 -9.6516
X  0.5655 -0.8184 -0.1026
Y  0.8247  0.5617  0.0653
Z  0.0042 -0.1216  0.9926

PART 72
OFFSET  1.5114 -12.3340 -9.5018
X  0.9977  0.0610 -0.0282
Y -0.0589  0.9957  0.0720
Z  0.0325 -0.0701  0.9970

PART 73
OFFSET  0.3811 -12.4019 -9.4768
X -0.7295 -0.6783 -0.0881
Y -0.6830  0.7154  0.1473
Z -0.0369  0.1677 -0.9852

PART 74
OFFSET  0.0000 -0.0000 -0.0000
X  1.0000 -0.0000  0.0000
Y  0.0000  1.0000  0.0000
Z  0.0000 -0.0000  1.0000

PART 75
OFFSET  0.0000 -0.0000 -0.0000
X  1.0000 -0.0000  0.0000
Y  0.0000  1.0000  0.0000
Z  0.0000 -0.0000  1.0000

PART 76
OFFSET  1.5404 -0.0000  4.1357
X  1.0000 -0.0000  0.0000
Y  0.0000  1.0000  0.0000
Z  0.0000 -0.0000  1.0000


FRAME 234
PART 0
OFFSET  0.0000 -0.0000 -0.0000
X  1.0000 -0.0000  0.0000
Y  0.0000  1.0000  0.0000
Z  0.0000 -0.0000  1.0000

PART 1
OFFSET -4.6318 -0.0000 -1.3770
X  1.0000 -0.0000  0.0000
Y  0.0000  1.0000  0.0000
Z  0.0000 -0.0000  1.0000

PART 2
OFFSET -3.5060  6.3408 -6.7125
X  0.1285  0.6898 -0.7125
Y  0.4159 -0.6897 -0.5927
Z -0.9003 -0.2201 -0.3755

PART 3
OFFSET -1.9520  14.6831 -15.3295
X  0.9228 -0.3299  0.1989
Y -0.3717 -0.6271  0.6845
Z -0.1011 -0.7056 -0.7013

PART 4
OFFSET  5.8970  11.8769 -13.6381
X  0.9228 -0.3299  0.1989
Y -0.2720 -0.1923  0.9429
Z -0.2728 -0.9242 -0.2672

PART 5
OFFSET  7.6564  13.1619 -12.6494
X  0.9253 -0.3243  0.1967
Y  0.1039  0.7155  0.6909
Z -0.3648 -0.6188  0.6957

PART 6
OFFSET  7.2257  11.8144 -14.8080
X  0.9253 -0.3243  0.1967
Y  0.1039  0.7155  0.6909
Z -0.3648 -0.6188  0.6957

PART 7
OFFSET  7.2729  11.3244 -11.2847
X  0.9253 -0.3243  0.1967
Y  0.1039  0.7155  0.6909
Z -0.3648 -0.6188  0.6957

PART 8
OFFSET  7.0319  10.2679 -12.4248
