// Export filename: `C:\projects\cod\t5\xanim_export\t5_viewmodels\ak47\ak47_flame_ft_d2p_out.XANIM_EXPORT`
// Source filename: `D:\projects\devanim\t5\animation_assets\viewmodels\ak47\ViewModel_AK47_FlameThrower_animated.fbx`
// Export time: Sat Jun 05 16:32:55 2010

ANIMATION
VERSION 3

NUMPARTS 81
PART 0 "tag_ads"
PART 1 "tag_torso"
PART 2 "J_Shoulder_LE"
PART 3 "J_Elbow_LE"
PART 4 "J_WristTwist_LE"
PART 5 "J_Sleave_Reshape_Bottom_LE_1"
PART 6 "J_Sleave_Reshape_Bottom_LE_2"
PART 7 "J_Sleave_Reshape_Top_LE_1"
PART 8 "J_Sleave_Reshape_Top_LE_2"
PART 9 "J_Sleave_Reshape_Top_LE_3"
PART 10 "J_Wrist_LE"
PART 11 "J_Thumb_LE_0"
PART 12 "J_Thumb_LE_1"
PART 13 "J_Thumb_LE_2"
PART 14 "J_Thumb_LE_3"
PART 15 "J_PinkyPalm_LE"
PART 16 "J_Pinky_LE_0"
PART 17 "J_Pinky_LE_1"
PART 18 "J_Pinky_LE_2"
PART 19 "J_Pinky_LE_3"
PART 20 "J_RingPalm_LE"
PART 21 "J_Ring_LE_0"
PART 22 "J_Ring_LE_1"
PART 23 "J_Ring_LE_2"
PART 24 "J_Ring_LE_3"
PART 25 "J_Webbing_LE"
PART 26 "J_Index_LE_0"
PART 27 "J_Index_LE_1"
PART 28 "J_Index_LE_2"
PART 29 "J_Index_LE_3"
PART 30 "J_Mid_LE_0"
PART 31 "J_Mid_LE_1"
PART 32 "J_Mid_LE_2"
PART 33 "J_Mid_LE_3"
PART 34 "tag_knife_attach"
PART 35 "tag_weapon"
PART 36 "J_Gun"
PART 37 "J_bolt"
PART 38 "TAG_CLIP"
PART 39 "TAG_FLASH"
PART 40 "tag_flame_unit"
PART 41 "tag_flamer_big_nozel"
PART 42 "tag_flamer_bracket"
PART 43 "tag_flamer_bottle"
PART 44 "tag_flamer_button"
PART 45 "tag_flamer_ring"
PART 46 "tag_flamer_flame"
PART 47 "tag_flamer_pilot_light"
PART 48 "J_Shoulder_RI"
PART 49 "J_Elbow_RI"
PART 50 "J_WristTwist_RI"
PART 51 "J_Sleave_Reshape_Top_RI_3"
PART 52 "J_Sleave_Reshape_Top_RI_2"
PART 53 "J_Sleave_Reshape_Top_RI_1"
PART 54 "J_Wrist_RI"
PART 55 "J_Thumb_RI_0"
PART 56 "J_Thumb_RI_1"
PART 57 "J_Thumb_RI_2"
PART 58 "J_Thumb_RI_3"
PART 59 "J_PinkyPalm_RI"
PART 60 "J_Pinky_RI_0"
PART 61 "J_Pinky_RI_1"
PART 62 "J_Pinky_RI_2"
PART 63 "J_Pinky_RI_3"
PART 64 "J_RingPalm_RI"
PART 65 "J_Ring_RI_0"
PART 66 "J_Ring_RI_1"
PART 67 "J_Ring_RI_2"
PART 68 "J_Ring_RI_3"
PART 69 "J_Webbing_RI"
PART 70 "J_Index_RI_0"
PART 71 "J_Index_RI_1"
PART 72 "J_Index_RI_2"
PART 73 "J_Index_RI_3"
PART 74 "J_Mid_RI_0"
PART 75 "J_Mid_RI_1"
PART 76 "J_Mid_RI_2"
PART 77 "J_Mid_RI_3"
PART 78 "tag_cambone"
PART 79 "tag_camera"
PART 80 "tag_gasmask"

FRAMERATE 30
NUMFRAMES 11

FRAME 1985
PART 0
OFFSET -4.6318 -0.0000 -1.3770
X  1.0000 -0.0000  0.0000
Y  0.0000  1.0000  0.0000
Z  0.0000 -0.0000  1.0000

PART 1
OFFSET -4.6318 -0.0000 -1.3770
X  1.0000 -0.0000  0.0000
Y  0.0000  1.0000  0.0000
Z  0.0000 -0.0000  1.0000

PART 2
OFFSET -3.5060  6.3408 -6.7125
X  0.8135 -0.1227 -0.5684
Y -0.1261 -0.9914  0.0336
Z -0.5677  0.0444 -0.8221

PART 3
OFFSET  6.3328  4.8566 -13.5869
X  0.6836 -0.5519  0.4776
Y -0.6119 -0.0767  0.7872
Z -0.3979 -0.8303 -0.3902

PART 4
OFFSET  12.1470  0.1621 -9.5249
X  0.6836 -0.5519  0.4776
Y -0.6588 -0.1849  0.7293
Z -0.3142 -0.8131 -0.4900

PART 5
OFFSET  14.2880  0.9279 -8.7808
X  0.6883 -0.5493  0.4739
Y  0.4048  0.8329  0.3775
Z -0.6021 -0.0680  0.7956

PART 6
OFFSET  13.3180 -0.9077 -10.3138
X  0.6883 -0.5493  0.4739
Y  0.4048  0.8329  0.3775
Z -0.6021 -0.0680  0.7956

PART 7
OFFSET  13.1316  0.1538 -6.9234
X  0.6883 -0.5493  0.4739
Y  0.4048  0.8329  0.3775
Z -0.6021 -0.0680  0.7956

PART 8
OFFSET  12.0681 -1.4118 -7.4141
X  0.6883 -0.5493  0.4739
Y  0.4048  0.8329  0.3775
Z -0.6021 -0.0680  0.7956

PART 9
OFFSET  11.6779 -2.1136 -8.4651
X  0.6883 -0.5493  0.4739
Y  0.4048  0.8329  0.3775
Z -0.6021 -0.0680  0.7956

PART 10
OFFSET  14.2426 -1.5300 -8.0608
X  0.9965 -0.0228 -0.0803
Y  0.0735 -0.2164  0.9735
Z -0.0396 -0.9760 -0.2140

PART 11
OFFSET  14.7456 -2.1498 -7.2453
X  0.7597 -0.6214  0.1914
Y -0.2050  0.0505  0.9775
Z -0.6171 -0.7819 -0.0890

PART 12
OFFSET  16.3302 -3.5292 -6.7395
X  0.8151 -0.1298 -0.5646
Y  0.4212 -0.5365  0.7313
Z -0.3978 -0.8339 -0.3826

PART 13
OFFSET  17.5764 -3.8001 -7.7375
X -0.0305  0.2048 -0.9783
Y  0.8571 -0.4982 -0.1310
Z -0.5142 -0.8425 -0.1604

PART 14
OFFSET  17.5345 -3.6256 -8.8050
X  0.4845  0.5897 -0.6461
Y  0.1517  0.6708  0.7260
Z  0.8616 -0.4497  0.2355

PART 15
OFFSET  14.9992 -1.5148 -9.2144
X  0.8312 -0.0291 -0.5552
Y -0.0384 -0.9992 -0.0052
Z -0.5546  0.0257 -0.8317

PART 16
OFFSET  16.9429 -1.7064 -10.3412
X  0.4332 -0.8961 -0.0969
Y -0.6972 -0.4012  0.5941
Z -0.5712 -0.1898 -0.7985

PART 17
OFFSET  17.5562 -2.9751 -10.4784
X -0.6808 -0.4602  0.5698
Y -0.5040  0.8589  0.0915
Z -0.5315 -0.2248 -0.8167

PART 18
OFFSET  16.9525 -3.3831 -9.9732
X -0.8271  0.0279  0.5613
Y -0.0687  0.9863 -0.1503
Z -0.5578 -0.1629 -0.8138

PART 19
OFFSET  16.1667 -3.3566 -9.4399
X  0.7564 -0.6169 -0.2173
Y  0.4099  0.7060 -0.5775
Z  0.5097  0.3478  0.7869

PART 20
OFFSET  15.2727 -1.5274 -8.5552
X  0.9255  0.0389 -0.3767
Y -0.0632 -0.9649 -0.2548
Z -0.3734  0.2596 -0.8906

PART 21
OFFSET  17.6444 -1.5258 -9.6199
X  0.4162 -0.8816 -0.2227
Y -0.7115 -0.4683  0.5239
Z -0.5661 -0.0596 -0.8222

PART 22
OFFSET  18.3530 -3.0266 -9.9990
X -0.6965 -0.5072  0.5076
Y -0.4630  0.8581  0.2221
Z -0.5482 -0.0804 -0.8325

PART 23
OFFSET  17.3878 -3.7295 -9.2955
X -0.7647  0.4548  0.4566
Y  0.3451  0.8873 -0.3059
Z -0.5442 -0.0763 -0.8354

PART 24
OFFSET  16.5585 -3.2363 -8.8003
X  0.4026 -0.8832 -0.2404
Y  0.7440  0.4688 -0.4761
Z  0.5332  0.0128  0.8459

PART 25
OFFSET  17.4100 -2.4670 -6.8773
X  0.9124 -0.2510 -0.3233
Y  0.3303  0.9181  0.2193
Z  0.2418 -0.3068  0.9205

PART 26
OFFSET  18.1957 -1.4194 -7.5599
X  0.7537 -0.3701 -0.5431
Y -0.3989 -0.9143  0.0694
Z -0.5223  0.1643 -0.8368

PART 27
OFFSET  19.5227 -2.0710 -8.5161
X  0.0802 -0.9340 -0.3481
Y -0.8576 -0.2427  0.4535
Z -0.5081  0.2621 -0.8205

PART 28
OFFSET  19.6511 -3.2224 -8.8894
X -0.5646 -0.7993  0.2058
Y -0.6473  0.5835  0.4905
Z -0.5121  0.1437 -0.8468

PART 29
OFFSET  19.0134 -4.1252 -8.6569
X  0.6240 -0.2261 -0.7479
Y  0.4084  0.9105  0.0654
Z  0.6662 -0.3463  0.6605

PART 30
OFFSET  18.0026 -1.3572 -8.6459
X  0.4430 -0.7989 -0.4068
Y -0.6596 -0.5978  0.4556
Z -0.6072  0.0665 -0.7918

PART 31
OFFSET  18.8680 -2.9179 -9.4407
X -0.6763 -0.5426  0.4982
Y -0.3681  0.8348  0.4094
Z -0.6380  0.0935 -0.7643

PART 32
OFFSET  17.8801 -3.7105 -8.7130
X -0.6959  0.3166  0.6446
Y  0.3338  0.9373 -0.0999
Z -0.6358  0.1456 -0.7580

PART 33
OFFSET  17.0872 -3.3515 -7.9883
X  0.3611 -0.8507 -0.3820
Y  0.6540  0.5230 -0.5466
Z  0.6647 -0.0525  0.7452

PART 34
OFFSET  16.8444 -2.9626 -9.1292
X -0.4226  0.2104 -0.8816
Y  0.0396  0.9760  0.2140
Z  0.9055  0.0555 -0.4208

PART 35
OFFSET  8.2284 -2.6584 -4.3968
X  0.9914 -0.0046 -0.1309
Y  0.0023  0.9998 -0.0173
Z  0.1310  0.0168  0.9912

PART 36
OFFSET  8.2284 -2.6584 -4.3968
X  0.9914 -0.0046 -0.1309
Y  0.0023  0.9998 -0.0173
Z  0.1310  0.0168  0.9912

PART 37
OFFSET  13.7914 -2.9246 -2.7491
X  0.9939 -0.0042 -0.1106
Y  0.0023  0.9998 -0.0173
Z  0.1107  0.0169  0.9937

PART 38
OFFSET  12.4405 -2.6579 -4.6718
X  0.9914 -0.0046 -0.1309
Y  0.0023  0.9998 -0.0173
Z  0.1310  0.0168  0.9912

PART 39
OFFSET  34.3943 -2.6906 -9.4906
X  0.9914 -0.0046 -0.1309
Y  0.0023  0.9998 -0.0173
Z  0.1310  0.0168  0.9912

PART 40
OFFSET  7.1846 -2.6935 -6.5711
X  0.9914 -0.0046 -0.1309
Y  0.0023  0.9998 -0.0173
Z  0.1310  0.0168  0.9912

PART 41
OFFSET  33.4313 -2.6612 -9.3984
X  0.0023  0.9998 -0.0173
Y -0.9914  0.0046  0.1309
Z  0.1310  0.0168  0.9912

PART 42
OFFSET  21.8015 -3.0960 -7.4486
X -0.2576  0.0173  0.9661
Y -0.9663 -0.0022 -0.2576
Z -0.0023 -0.9998  0.0173

PART 43
OFFSET  21.8015 -3.0960 -7.4486
X  0.0023  0.9998 -0.0173
Y -0.9914  0.0046  0.1309
Z  0.1310  0.0168  0.9912

PART 44
OFFSET  21.3357 -2.8125 -7.8826
X  0.0023  0.9998 -0.0173
Y -0.9914  0.0046  0.1309
Z  0.1310  0.0168  0.9912

PART 45
OFFSET  21.3389 -1.4127 -7.9067
X  0.1210 -0.3510  0.9285
Y -0.9914  0.0046  0.1309
Z -0.0502 -0.9364 -0.3474

PART 46
OFFSET  31.1679 -2.6562 -8.9165
X  0.9914 -0.0046 -0.1309
Y  0.0023  0.9998 -0.0173
Z  0.1310  0.0168  0.9912

PART 47
OFFSET  30.3919 -1.2741 -9.6181
X  0.8410 -0.4497  0.3007
Y  0.5263  0.5515 -0.6473
Z  0.1253  0.7026  0.7005

PART 48
OFFSET -10.8444 -11.7139 -5.9426
X -0.9391  0.3234 -0.1160
Y -0.2273 -0.3316  0.9156
Z  0.2577  0.8862  0.3849

PART 49
OFFSET  0.5132 -15.6254 -4.5403
X -0.2214 -0.9638  0.1486
Y  0.9731 -0.2083  0.0987
Z -0.0642  0.1664  0.9840

PART 50
OFFSET  2.3962 -7.4279 -5.8040
X -0.2214 -0.9638  0.1486
Y  0.1694 -0.1881 -0.9674
Z  0.9604 -0.1890  0.2049

PART 51
OFFSET  2.1295 -6.0991 -7.2629
X -0.2269 -0.9631  0.1450
Y  0.0505 -0.1603 -0.9858
Z  0.9726 -0.2164  0.0850

PART 52
OFFSET  1.2724 -5.4207 -6.7215
X -0.2269 -0.9631  0.1450
Y  0.0505 -0.1603 -0.9858
Z  0.9726 -0.2164  0.0850

PART 53
OFFSET  1.3463 -5.1294 -5.3861
X -0.2269 -0.9631  0.1450
Y  0.0505 -0.1603 -0.9858
Z  0.9726 -0.2164  0.0850

PART 54
OFFSET  3.0749 -4.4731 -6.2595
X -0.9810 -0.1418 -0.1324
Y  0.1587 -0.1946 -0.9680
Z  0.1115 -0.9706  0.2134

PART 55
OFFSET  3.3172 -3.8231 -5.3535
X -0.5666 -0.6850 -0.4580
Y  0.4703  0.1876 -0.8623
Z  0.6766 -0.7040  0.2159

PART 56
OFFSET  4.4553 -2.3244 -4.2912
X -0.8628 -0.3399  0.3741
Y -0.1764 -0.4911 -0.8531
Z  0.4737 -0.8021  0.3637

PART 57
OFFSET  5.7846 -1.7152 -4.9868
X -0.4183 -0.0047  0.9083
Y -0.7078 -0.6251 -0.3292
Z  0.5693 -0.7806  0.2581

PART 58
OFFSET  6.2229 -1.6637 -5.9752
X -0.8203  0.3691  0.4369
Y  0.0209  0.7827 -0.6220
Z -0.5715 -0.5011 -0.6498

PART 59
OFFSET  4.0524 -4.3653 -7.2271
X -0.8959 -0.2634  0.3578
Y  0.3441 -0.9208  0.1836
Z  0.2811  0.2876  0.9156

PART 60
OFFSET  6.0641 -3.6188 -7.9203
X -0.0989 -0.9902  0.0985
Y  0.8996 -0.1312 -0.4165
Z  0.4253  0.0474  0.9038

PART 61
OFFSET  6.2041 -2.2168 -8.0596
X  0.7325 -0.6025 -0.3170
Y  0.5526  0.7981 -0.2401
Z  0.3977  0.0007  0.9175

PART 62
OFFSET  5.5547 -1.6827 -7.7786
X  0.8574  0.2905 -0.4249
Y -0.2874  0.9550  0.0731
Z  0.4270  0.0594  0.9023

PART 63
OFFSET  4.7401 -1.9587 -7.3749
X -0.5371 -0.8303  0.1486
Y -0.7147  0.5416  0.4427
Z -0.4480  0.1316 -0.8843

PART 64
OFFSET  4.1783 -4.3404 -6.5249
X -0.9562 -0.2388  0.1695
Y  0.2739 -0.9342  0.2287
Z  0.1038  0.2651  0.9586

PART 65
OFFSET  6.6505 -3.7806 -7.1023
X -0.1100 -0.9703  0.2154
Y  0.8944 -0.1912 -0.4045
Z  0.4336  0.1482  0.8888

PART 66
OFFSET  6.8377 -2.1286 -7.4690
X  0.8422 -0.4193 -0.3390
Y  0.3343  0.8993 -0.2818
Z  0.4230  0.1240  0.8976

PART 67
OFFSET  5.6705 -1.5476 -6.9993
X  0.7833  0.4519 -0.4269
Y -0.4605  0.8831  0.0899
Z  0.4176  0.1262  0.8998

PART 68
OFFSET  4.8210 -2.0376 -6.5362
X -0.3582 -0.8685  0.3427
Y -0.8437  0.4583  0.2796
Z -0.3999 -0.1890 -0.8969

PART 69
OFFSET -1.0824 -5.4191 -5.8775
X -0.9227 -0.3657  0.1220
Y -0.3855  0.8791 -0.2803
Z -0.0048 -0.3057 -0.9521

PART 70
OFFSET  6.8191 -4.1345 -4.9344
X -0.9995 -0.0133 -0.0294
Y  0.0096 -0.9927  0.1205
Z -0.0308  0.1201  0.9923

PART 71
OFFSET  8.5789 -4.1111 -4.8827
X -0.3536 -0.9228  0.1531
Y  0.9350 -0.3440  0.0861
Z -0.0267  0.1736  0.9845

PART 72
OFFSET  9.0071 -2.9787 -5.0090
X  0.0584 -0.9929  0.1035
Y  0.9978  0.0614  0.0262
Z -0.0324  0.1018  0.9943

PART 73
OFFSET  8.9411 -1.8572 -5.1259
X -0.9288  0.2964  0.2223
Y  0.2475  0.9429 -0.2230
Z -0.2757 -0.1521 -0.9491

PART 74
OFFSET  6.8667 -4.1866 -6.0369
X -0.2345 -0.9357  0.2638
Y  0.9394 -0.2879 -0.1861
Z  0.2501  0.2041  0.9465

PART 75
OFFSET  7.3247 -2.3587 -6.5522
X  0.8202 -0.5633 -0.0997
Y  0.5015  0.7919 -0.3484
Z  0.2753  0.2358  0.9320

PART 76
OFFSET  6.1267 -1.5360 -6.4065
X  0.8445  0.3787 -0.3787
Y -0.4569  0.8783 -0.1407
Z  0.2793  0.2919  0.9148

PART 77
OFFSET  5.1680 -1.9663 -5.9842
X -0.3736 -0.8700  0.3218
Y -0.8700  0.4490  0.2039
Z -0.3219 -0.2038 -0.9246

PART 78
OFFSET  0.0000 -0.0000 -0.0000
X  1.0000 -0.0000  0.0000
Y  0.0000  1.0000  0.0000
Z  0.0000 -0.0000  1.0000

PART 79
OFFSET  0.0000 -0.0000 -0.0000
X  0.9976 -0.0000  0.0698
Y  0.0049  0.9976 -0.0696
Z -0.0696  0.0698  0.9951

PART 80
OFFSET  1.2489  0.2885  4.2231
X  0.9976 -0.0000  0.0698
Y  0.0049  0.9976 -0.0696
Z -0.0696  0.0698  0.9951


FRAME 1986
PART 0
OFFSET -4.6318 -0.0000 -1.3770
X  1.0000 -0.0000  0.0000
Y  0.0000  1.0000  0.0000
Z  0.0000 -0.0000  1.0000

PART 1
OFFSET -4.6318 -0.0000 -1.3770
X  1.0000 -0.0000  0.0000
Y  0.0000  1.0000  0.0000
Z  0.0000 -0.0000  1.0000

PART 2
OFFSET -3.5060  6.3408 -6.7125
X  0.8138 -0.1236 -0.5678
Y -0.1247 -0.9915  0.0371
Z -0.5675  0.0406 -0.8223

PART 3
OFFSET  6.3365  4.8457 -13.5792
X  0.6820 -0.5495  0.4826
Y -0.6145 -0.0727  0.7856
Z -0.3966 -0.8323 -0.3872

PART 4
OFFSET  12.1372  0.1718 -9.4743
X  0.6820 -0.5495  0.4826
Y -0.6649 -0.1910  0.7221
Z -0.3046 -0.8134 -0.4956

PART 5
OFFSET  14.2758  0.9414 -8.7271
X  0.6867 -0.5468  0.4790
Y  0.4035  0.8348  0.3745
Z -0.6047 -0.0639  0.7939

PART 6
OFFSET  13.3107 -0.9019 -10.2540
X  0.6867 -0.5468  0.4790
Y  0.4035  0.8348  0.3745
Z -0.6047 -0.0639  0.7939

PART 7
OFFSET  13.1132  0.1768 -6.8696
X  0.6867 -0.5468  0.4790
Y  0.4035  0.8348  0.3745
Z -0.6047 -0.0639  0.7939

PART 8
OFFSET  12.0643 -1.3775 -7.3587
X  0.6867 -0.5468  0.4790
Y  0.4035  0.8348  0.3745
Z -0.6047 -0.0639  0.7939

PART 9
OFFSET  11.6776 -2.0846 -8.4074
X  0.6867 -0.5468  0.4790
Y  0.4035  0.8348  0.3745
Z -0.6047 -0.0639  0.7939

PART 10
OFFSET  14.2279 -1.5128 -7.9948
X  0.9958 -0.0386 -0.0833
Y  0.0713 -0.2462  0.9666
Z -0.0578 -0.9684 -0.2424

PART 11
OFFSET  14.7209 -2.1654 -7.1990
X  0.7486 -0.6405  0.1714
Y -0.2023  0.0255  0.9790
Z -0.6314 -0.7675 -0.1104

PART 12
OFFSET  16.2810 -3.5877 -6.7376
X  0.8116 -0.1279 -0.5701
Y  0.4126 -0.5653  0.7143
Z -0.4136 -0.8149 -0.4060

PART 13
OFFSET  17.5203 -3.8517 -7.7460
X -0.0285  0.2340 -0.9718
Y  0.8476 -0.5096 -0.1475
Z -0.5298 -0.8280 -0.1838

PART 14
OFFSET  17.4796 -3.6453 -8.8079
X  0.4940  0.5996 -0.6297
Y  0.1652  0.6463  0.7450
Z  0.8536 -0.4720  0.2202

PART 15
OFFSET  14.9825 -1.4775 -9.1492
X  0.8296 -0.0279 -0.5577
Y -0.0567 -0.9978 -0.0345
Z -0.5555  0.0602 -0.8293

PART 16
OFFSET  16.9204 -1.6713 -10.2857
X  0.4166 -0.9006 -0.1241
Y -0.7033 -0.4058  0.5837
Z -0.5760 -0.1558 -0.8024

PART 17
OFFSET  17.5102 -2.9463 -10.4615
X -0.6881 -0.4643  0.5576
Y -0.4880  0.8648  0.1179
Z -0.5370 -0.1910 -0.8217

PART 18
OFFSET  16.9001 -3.3580 -9.9670
X -0.8255  0.0264  0.5638
Y -0.0510  0.9913 -0.1211
Z -0.5621 -0.1287 -0.8170

PART 19
OFFSET  16.1159 -3.3329 -9.4314
X  0.7447 -0.6239 -0.2371
Y  0.4217  0.7151 -0.5575
Z  0.5174  0.3152  0.7956

PART 20
OFFSET  15.2570 -1.5144 -8.4913
X  0.9254  0.0331 -0.3776
Y -0.0813 -0.9557 -0.2829
Z -0.3702  0.2924 -0.8817

PART 21
OFFSET  17.6264 -1.5247 -9.5610
X  0.3997 -0.8821 -0.2494
Y -0.7190 -0.4705  0.5116
Z -0.5686 -0.0251 -0.8222

PART 22
OFFSET  18.3068 -3.0264 -9.9857
X -0.7047 -0.5091  0.4941
Y -0.4469  0.8595  0.2482
Z -0.5511 -0.0459 -0.8332

PART 23
OFFSET  17.3302 -3.7320 -9.3008
X -0.7554  0.4550  0.4715
Y  0.3607  0.8895 -0.2805
Z -0.5471 -0.0418 -0.8361

PART 24
OFFSET  16.5109 -3.2385 -8.7895
X  0.3860 -0.8830 -0.2672
Y  0.7516  0.4689 -0.4639
Z  0.5349 -0.0218  0.8446

PART 25
OFFSET  17.3798 -2.5417 -6.8467
X  0.9071 -0.2580 -0.3327
Y  0.3474  0.9051  0.2453
Z  0.2378 -0.3381  0.9106

PART 26
OFFSET  18.1833 -1.4889 -7.5001
X  0.7459 -0.3676 -0.5555
Y -0.4154 -0.9086  0.0435
Z -0.5207  0.1983 -0.8304

PART 27
OFFSET  19.4965 -2.1362 -8.4781
X  0.0625 -0.9247 -0.3755
Y -0.8610 -0.2402  0.4482
Z -0.5047  0.2953 -0.8112

PART 28
OFFSET  19.6031 -3.2783 -8.8853
X -0.5787 -0.7946  0.1836
Y -0.6356  0.5805  0.5089
Z -0.5109  0.1778 -0.8410

PART 29
OFFSET  18.9494 -4.1758 -8.6779
X  0.6185 -0.2154 -0.7557
Y  0.4250  0.9006  0.0912
Z  0.6609 -0.3776  0.6485

PART 30
OFFSET  17.9894 -1.3914 -8.5833
X  0.4276 -0.7945 -0.4311
Y -0.6696 -0.5988  0.4394
Z -0.6073  0.1008 -0.7881

PART 31
OFFSET  18.8247 -2.9436 -9.4256
X -0.6852 -0.5446  0.4836
Y -0.3521  0.8289  0.4346
Z -0.6376  0.1275 -0.7598

PART 32
OFFSET  17.8238 -3.7390 -8.7192
X -0.6889  0.3101  0.6552
Y  0.3507  0.9336 -0.0732
Z -0.6344  0.1794 -0.7519

PART 33
OFFSET  17.0389 -3.3872 -7.9824
X  0.3448 -0.8456 -0.4076
Y  0.6625  0.5268 -0.5325
Z  0.6650 -0.0865  0.7418

PART 34
OFFSET  16.8012 -2.9605 -9.1109
X -0.4203  0.2439 -0.8740
Y  0.0578  0.9684  0.2424
Z  0.9056  0.0514 -0.4211

PART 35
OFFSET  8.2007 -2.6387 -4.3514
X  0.9909 -0.0188 -0.1333
Y  0.0206  0.9997  0.0121
Z  0.1331 -0.0147  0.9910

PART 36
OFFSET  8.2007 -2.6387 -4.3514
X  0.9909 -0.0188 -0.1333
Y  0.0206  0.9997  0.0121
Z  0.1331 -0.0147  0.9910

PART 37
OFFSET  13.7609 -3.0545 -2.7253
X  0.9934 -0.0191 -0.1130
Y  0.0206  0.9997  0.0121
Z  0.1128 -0.0143  0.9935

PART 38
OFFSET  12.4116 -2.7069 -4.6362
X  0.9909 -0.0188 -0.1333
Y  0.0206  0.9997  0.0121
Z  0.1331 -0.0147  0.9910

PART 39
OFFSET  34.3524 -2.9976 -9.5051
X  0.9909 -0.0188 -0.1333
Y  0.0206  0.9997  0.0121
Z  0.1331 -0.0147  0.9910

PART 40
OFFSET  7.1525 -2.5909 -6.5234
X  0.9909 -0.0188 -0.1333
Y  0.0206  0.9997  0.0121
Z  0.1331 -0.0147  0.9910

PART 41
OFFSET  33.3904 -2.9533 -9.4098
X  0.0206  0.9997  0.0121
Y -0.9909  0.0188  0.1333
Z  0.1331 -0.0147  0.9910

PART 42
OFFSET  21.7580 -3.2335 -7.4464
X -0.2555 -0.0064  0.9668
Y -0.9666  0.0230 -0.2553
Z -0.0206 -0.9997 -0.0121

PART 43
OFFSET  21.7580 -3.2335 -7.4464
X  0.0206  0.9997  0.0121
Y -0.9909  0.0188  0.1333
Z  0.1331 -0.0147  0.9910

PART 44
OFFSET  21.2967 -2.9289 -7.8708
X  0.0206  0.9997  0.0121
Y -0.9909  0.0188  0.1333
Z  0.1331 -0.0147  0.9910

PART 45
OFFSET  21.3255 -1.5293 -7.8539
X  0.1322  0.3228  0.9372
Y -0.9909  0.0188  0.1333
Z  0.0255 -0.9463  0.3223

PART 46
OFFSET  31.1283 -2.9213 -8.9226
X  0.9909 -0.0188 -0.1333
Y  0.0206  0.9997  0.0121
Z  0.1331 -0.0147  0.9910

PART 47
OFFSET  30.3763 -1.5053 -9.5816
X  0.8332 -0.4736  0.2854
Y  0.5351  0.5606 -0.6320
Z  0.1394  0.6793  0.7205

PART 48
OFFSET -11.0338 -11.5206 -5.9739
X -0.9402  0.3262 -0.0984
Y -0.2177 -0.3532  0.9099
Z  0.2620  0.8769  0.4031

PART 49
OFFSET  0.3367 -15.4651 -4.7840
X -0.2312 -0.9646  0.1271
Y  0.9714 -0.2216  0.0849
Z -0.0538  0.1431  0.9882

PART 50
OFFSET  2.3029 -7.2609 -5.8650
X -0.2312 -0.9646  0.1271
Y  0.1465 -0.1637 -0.9756
Z  0.9618 -0.2069  0.1792

PART 51
OFFSET  2.0389 -5.8941 -7.2887
X -0.2367 -0.9637  0.1236
Y  0.0401 -0.1368 -0.9898
Z  0.9707 -0.2294  0.0711

PART 52
OFFSET  1.1944 -5.2195 -6.7234
X -0.2367 -0.9637  0.1236
Y  0.0401 -0.1368 -0.9898
Z  0.9707 -0.2294  0.0711

PART 53
OFFSET  1.2831 -4.9616 -5.3820
X -0.2367 -0.9637  0.1236
Y  0.0401 -0.1368 -0.9898
Z  0.9707 -0.2294  0.0711

PART 54
OFFSET  3.0116 -4.3038 -6.2546
X -0.9837 -0.1200 -0.1342
Y  0.1534 -0.1689 -0.9736
Z  0.0942 -0.9783  0.1846

PART 55
OFFSET  3.2673 -3.6852 -5.3305
X -0.5798 -0.6608 -0.4766
Y  0.4721  0.2042 -0.8576
Z  0.6640 -0.7222  0.1935

PART 56
OFFSET  4.4345 -2.2394 -4.2272
X -0.8682 -0.3350  0.3660
Y -0.1869 -0.4625 -0.8667
Z  0.4596 -0.8209  0.3389

PART 57
OFFSET  5.7735 -1.6343 -4.9078
X -0.4167 -0.0238  0.9087
Y -0.7196 -0.6021 -0.3457
Z  0.5554 -0.7980  0.2337

PART 58
OFFSET  6.2109 -1.5618 -5.8953
X -0.8127  0.3710  0.4494
Y  0.0341  0.8001 -0.5988
Z -0.5817 -0.4713 -0.6629

PART 59
OFFSET  3.9892 -4.1855 -7.2209
X -0.8999 -0.2574  0.3520
Y  0.3275 -0.9319  0.1557
Z  0.2880  0.2554  0.9229

PART 60
OFFSET  6.0129 -3.4556 -7.8965
X -0.1168 -0.9907  0.0696
Y  0.8963 -0.1353 -0.4223
Z  0.4278  0.0131  0.9038

PART 61
OFFSET  6.1782 -2.0529 -7.9950
X  0.7208 -0.6061 -0.3363
Y  0.5666  0.7947 -0.2179
Z  0.3993 -0.0335  0.9162

PART 62
OFFSET  5.5391 -1.5155 -7.6969
X  0.8618  0.2872 -0.4182
Y -0.2697  0.9575  0.1018
Z  0.4297  0.0251  0.9026

PART 63
OFFSET  4.7204 -1.7884 -7.2996
X -0.5519 -0.8244  0.1254
Y -0.7039  0.5412  0.4600
Z -0.4471  0.1656 -0.8790

PART 64
OFFSET  4.1167 -4.1834 -6.5185
X -0.9601 -0.2262  0.1647
Y  0.2572 -0.9453  0.2006
Z  0.1103  0.2349  0.9657

PART 65
OFFSET  6.5977 -3.6521 -7.0850
X -0.1273 -0.9741  0.1871
Y  0.8900 -0.1954 -0.4120
Z  0.4379  0.1141  0.8918

PART 66
OFFSET  6.8144 -1.9937 -7.4036
X  0.8338 -0.4244 -0.3531
Y  0.3502  0.9010 -0.2561
Z  0.4268  0.0898  0.8999

PART 67
OFFSET  5.6588 -1.4055 -6.9142
X  0.7906  0.4499 -0.4153
Y -0.4441  0.8883  0.1168
Z  0.4215  0.0921  0.9021

PART 68
OFFSET  4.8014 -1.8934 -6.4638
X -0.3734 -0.8715  0.3179
Y -0.8347  0.4652  0.2949
Z -0.4049 -0.1553 -0.9011

PART 69
OFFSET -1.1617 -5.1848 -5.8908
X -0.9290 -0.3523  0.1134
Y -0.3699  0.8938 -0.2535
Z -0.0120 -0.2774 -0.9607

PART 70
OFFSET  6.7637 -4.0725 -4.9289
X -0.9996  0.0058 -0.0274
Y -0.0083 -0.9958  0.0913
Z -0.0268  0.0915  0.9954

PART 71
OFFSET  8.5237 -4.0827 -4.8805
X -0.3701 -0.9203  0.1268
Y  0.9287 -0.3634  0.0737
Z -0.0218  0.1450  0.9892

PART 72
OFFSET  8.9723 -2.9551 -4.9746
X  0.0405 -0.9964  0.0742
Y  0.9988  0.0425  0.0257
Z -0.0287  0.0731  0.9969

PART 73
OFFSET  8.9266 -1.8296 -5.0584
X -0.9229  0.3066  0.2331
Y  0.2643  0.9444 -0.1958
Z -0.2801 -0.1191 -0.9525

PART 74
OFFSET  6.8084 -4.0930 -6.0325
X -0.2510 -0.9386  0.2367
Y  0.9337 -0.2993 -0.1967
Z  0.2555  0.1716  0.9515

PART 75
OFFSET  7.2988 -2.2595 -6.4950
X  0.8096 -0.5750 -0.1181
Y  0.5152  0.7925 -0.3262
Z  0.2812  0.2032  0.9379

PART 76
OFFSET  6.1163 -1.4197 -6.3224
X  0.8506  0.3742 -0.3694
Y -0.4410  0.8902 -0.1138
Z  0.2863  0.2597  0.9223

PART 77
OFFSET  5.1506 -1.8447 -5.9106
X -0.3888 -0.8721  0.2970
Y -0.8613  0.4586  0.2190
Z -0.3272 -0.1706 -0.9294

PART 78
OFFSET  0.0000 -0.0000 -0.0000
X  1.0000 -0.0000  0.0000
Y  0.0000  1.0000  0.0000
Z  0.0000 -0.0000  1.0000

PART 79
OFFSET  0.0000 -0.0000 -0.0000
X  0.9992 -0.0000  0.0401
Y  0.0008  0.9998 -0.0203
Z -0.0401  0.0203  0.9990

PART 80
OFFSET  1.3735  0.0839  4.1933
X  0.9992 -0.0000  0.0401
Y  0.0008  0.9998 -0.0203
Z -0.0401  0.0203  0.9990


FRAME 1987
PART 0
OFFSET -4.6318 -0.0000 -1.3770
X  1.0000 -0.0000  0.0000
Y  0.0000  1.0000  0.0000
Z  0.0000 -0.0000  1.0000

PART 1
OFFSET -4.6318 -0.0000 -1.3770
X  1.0000 -0.0000  0.0000
Y  0.0000  1.0000  0.0000
Z  0.0000 -0.0000  1.0000

PART 2
OFFSET -3.5060  6.3408 -6.7125
X  0.8225 -0.1400 -0.5513
Y -0.1105 -0.9901  0.0866
Z -0.5579 -0.0103 -0.8298

PART 3
OFFSET  6.4411  4.6478 -13.3797
X  0.6905 -0.5131  0.5098
Y -0.6158 -0.0472  0.7865
Z -0.3795 -0.8571 -0.3485

PART 4
OFFSET  12.3144  0.2841 -9.0433
X  0.6905 -0.5131  0.5098
Y -0.6841 -0.2345  0.6906
Z -0.2348 -0.8257 -0.5129

PART 5
OFFSET  14.4354  1.1285 -8.3277
X  0.6952 -0.5105  0.5061
Y  0.3864  0.8591  0.3357
Z -0.6062 -0.0378  0.7944

PART 6
OFFSET  13.5107 -0.8028 -9.7682
X  0.6952 -0.5105  0.5061
Y  0.3864  0.8591  0.3357
Z -0.6062 -0.0378  0.7944

PART 7
OFFSET  13.2810  0.4305 -6.4392
X  0.6952 -0.5105  0.5061
Y  0.3864  0.8591  0.3357
Z -0.6062 -0.0378  0.7944

PART 8
OFFSET  12.2768 -1.1501 -6.8606
X  0.6952 -0.5105  0.5061
Y  0.3864  0.8591  0.3357
Z -0.6062 -0.0378  0.7944

PART 9
OFFSET  11.9071 -1.9131 -7.8757
X  0.6952 -0.5105  0.5061
Y  0.3864  0.8591  0.3357
Z -0.6062 -0.0378  0.7944

PART 10
OFFSET  14.4313 -1.2888 -7.4803
X  0.9986 -0.0417 -0.0310
Y  0.0166 -0.3101  0.9506
Z -0.0493 -0.9498 -0.3090

PART 11
OFFSET  14.8763 -1.9968 -6.7038
X  0.7347 -0.6569  0.1692
Y -0.2559 -0.0374  0.9660
Z -0.6283 -0.7530 -0.1956

PART 12
OFFSET  16.4013 -3.4600 -6.2532
X  0.8411 -0.0971 -0.5320
Y  0.3697 -0.6148  0.6967
Z -0.3947 -0.7827 -0.4812

PART 13
OFFSET  17.6929 -3.6677 -7.2075
X  0.0264  0.2979 -0.9542
Y  0.8519 -0.5062 -0.1344
Z -0.5231 -0.8094 -0.2671

PART 14
OFFSET  17.7121 -3.3913 -8.2540
X  0.5310  0.6355 -0.5605
Y  0.1271  0.5942  0.7942
Z  0.8378 -0.4930  0.2348

PART 15
OFFSET  15.2487 -1.1840 -8.5868
X  0.8589  0.0018 -0.5121
Y -0.0598 -0.9928 -0.1037
Z -0.5086  0.1197 -0.8527

PART 16
OFFSET  17.2453 -1.3192 -9.6259
X  0.4182 -0.8940 -0.1607
Y -0.7365 -0.4372  0.5161
Z -0.5317 -0.0975 -0.8413

PART 17
OFFSET  17.8374 -2.5850 -9.8533
X -0.7202 -0.4941  0.4871
Y -0.4894  0.8594  0.1482
Z -0.4918 -0.1317 -0.8607

PART 18
OFFSET  17.1988 -3.0231 -9.4215
X -0.8552 -0.0036  0.5183
Y -0.0392  0.9976 -0.0576
Z -0.5168 -0.0696 -0.8533

PART 19
OFFSET  16.3864 -3.0265 -8.9291
X  0.7534 -0.6134 -0.2369
Y  0.4554  0.7466 -0.4849
Z  0.4743  0.2574  0.8419

PART 20
OFFSET  15.4862 -1.2666 -7.9187
X  0.9450  0.0498 -0.3233
Y -0.0704 -0.9342 -0.3497
Z -0.3195  0.3532 -0.8793

PART 21
OFFSET  17.9110 -1.2270 -8.8555
X  0.4083 -0.8671 -0.2852
Y -0.7485 -0.4969  0.4391
Z -0.5224  0.0342 -0.8520

PART 22
OFFSET  18.6061 -2.7033 -9.3410
X -0.7335 -0.5345  0.4199
Y -0.4555  0.8451  0.2799
Z -0.5045  0.0140 -0.8633

PART 23
OFFSET  17.5896 -3.4440 -8.7590
X -0.7780  0.4295  0.4586
Y  0.3801  0.9029 -0.2007
Z -0.5003  0.0182 -0.8657

PART 24
OFFSET  16.7459 -2.9782 -8.2616
X  0.3956 -0.8667 -0.3037
Y  0.7785  0.4920 -0.3899
Z  0.4873 -0.0822  0.8693

PART 25
OFFSET  17.5098 -2.4188 -6.2322
X  0.9227 -0.2434 -0.2989
Y  0.3379  0.8838  0.3235
Z  0.1855 -0.3996  0.8978

PART 26
OFFSET  18.3534 -1.3322 -6.7694
X  0.7735 -0.3367 -0.5370
Y -0.4218 -0.9058 -0.0397
Z -0.4730  0.2572 -0.8427

PART 27
OFFSET  19.7153 -1.9249 -7.7148
X  0.0784 -0.8984 -0.4321
Y -0.8857 -0.2618  0.3835
Z -0.4576  0.3526 -0.8162

PART 28
OFFSET  19.8384 -3.0386 -8.1905
X -0.5920 -0.7999  0.0985
Y -0.6598  0.5512  0.5107
Z -0.4628  0.2374 -0.8541

PART 29
OFFSET  19.1697 -3.9421 -8.0793
X  0.6581 -0.1704 -0.7334
Y  0.4239  0.8888  0.1739
Z  0.6222 -0.4254  0.6572

PART 30
OFFSET  18.2201 -1.1617 -7.8527
X  0.4467 -0.7680 -0.4589
Y -0.6959 -0.6206  0.3614
Z -0.5623  0.1579 -0.8117

PART 31
OFFSET  19.0927 -2.6621 -8.7491
X -0.7137 -0.5693  0.4081
Y -0.3713  0.8015  0.4688
Z -0.5940  0.1830 -0.7834

PART 32
OFFSET  18.0503 -3.4937 -8.1530
X -0.7224  0.2722  0.6357
Y  0.3589  0.9333  0.0083
Z -0.5910  0.2342 -0.7719

PART 33
OFFSET  17.2277 -3.1844 -7.4385
X  0.3624 -0.8198 -0.4434
Y  0.6936  0.5550 -0.4593
Z  0.6226 -0.1411  0.7697

PART 34
OFFSET  17.0548 -2.6821 -8.5475
X -0.3701  0.3047 -0.8776
Y  0.0493  0.9498  0.3090
Z  0.9277  0.0711 -0.3665

PART 35
OFFSET  8.2065 -2.6001 -4.2552
X  0.9966 -0.0186 -0.0798
Y  0.0249  0.9965  0.0795
Z  0.0781 -0.0813  0.9936

PART 36
OFFSET  8.2065 -2.6001 -4.2552
X  0.9966 -0.0186 -0.0798
Y  0.0249  0.9965  0.0795
Z  0.0781 -0.0813  0.9936

PART 37
OFFSET  13.6663 -3.1708 -2.3583
X  0.9980 -0.0202 -0.0595
Y  0.0249  0.9965  0.0795
Z  0.0577 -0.0809  0.9951

PART 38
OFFSET  12.4263 -2.6861 -4.3129
X  0.9966 -0.0186 -0.0798
Y  0.0249  0.9965  0.0795
Z  0.0781 -0.0813  0.9936

PART 39
OFFSET  34.6007 -2.8464 -7.9819
X  0.9966 -0.0186 -0.0798
Y  0.0249  0.9965  0.0795
Z  0.0781 -0.0813  0.9936

PART 40
OFFSET  7.2800 -2.3999 -6.4733
X  0.9966 -0.0186 -0.0798
Y  0.0249  0.9965  0.0795
Z  0.0781 -0.0813  0.9936

PART 41
OFFSET  33.6350 -2.8002 -7.9366
X  0.0249  0.9965  0.0795
Y -0.9966  0.0186  0.0798
Z  0.0781 -0.0813  0.9936

PART 42
OFFSET  21.9108 -3.1076 -6.6360
X -0.3085 -0.0680  0.9488
Y -0.9509  0.0482 -0.3057
Z -0.0249 -0.9965 -0.0795

PART 43
OFFSET  21.9108 -3.1076 -6.6360
X  0.0249  0.9965  0.0795
Y -0.9966  0.0186  0.0798
Z  0.0781 -0.0813  0.9936

PART 44
OFFSET  21.4752 -2.7717 -7.0638
X  0.0249  0.9965  0.0795
Y -0.9966  0.0186  0.0798
Z  0.0781 -0.0813  0.9936

PART 45
OFFSET  21.5101 -1.3766 -6.9525
X  0.0335  0.9813  0.1895
Y -0.9966  0.0186  0.0798
Z  0.0748 -0.1916  0.9786

PART 46
OFFSET  31.3497 -2.7806 -7.5730
X  0.9966 -0.0186 -0.0798
Y  0.0249  0.9965  0.0795
Z  0.0781 -0.0813  0.9936

PART 47
OFFSET  30.6425 -1.3176 -8.1767
X  0.8138 -0.4987  0.2985
Y  0.5720  0.5964 -0.5632
Z  0.1028  0.6290  0.7706

PART 48
OFFSET -11.5478 -10.9961 -6.0589
X -0.9387  0.3415 -0.0466
Y -0.1871 -0.3915  0.9010
Z  0.2894  0.8545  0.4314

PART 49
OFFSET -0.1949 -15.1262 -5.4955
X -0.2867 -0.9537  0.0908
Y  0.9579 -0.2840  0.0411
Z -0.0135  0.0987  0.9950

PART 50
OFFSET  2.2431 -7.0144 -6.2676
X -0.2867 -0.9537  0.0908
Y  0.0556 -0.1112 -0.9922
Z  0.9564 -0.2794  0.0849

PART 51
OFFSET  2.0199 -5.5676 -7.6174
X -0.2923 -0.9523  0.0875
Y  0.0002 -0.0916 -0.9958
Z  0.9563 -0.2910  0.0269

PART 52
OFFSET  1.2374 -4.8707 -6.9930
X -0.2923 -0.9523  0.0875
Y  0.0002 -0.0916 -0.9958
Z  0.9563 -0.2910  0.0269

PART 53
OFFSET  1.3844 -4.6831 -5.6452
X -0.2923 -0.9523  0.0875
Y  0.0002 -0.0916 -0.9958
Z  0.9563 -0.2910  0.0269

PART 54
OFFSET  3.1219 -4.0905 -6.5459
X -0.9754 -0.1023 -0.1955
Y  0.2061 -0.1056 -0.9728
Z  0.0788 -0.9891  0.1241

PART 55
OFFSET  3.3294 -3.5365 -5.5701
X -0.5560 -0.6228 -0.5504
Y  0.5197  0.2563 -0.8150
Z  0.6486 -0.7392  0.1812

PART 56
OFFSET  4.4413 -2.1769 -4.3111
X -0.8888 -0.3508  0.2949
Y -0.1411 -0.4026 -0.9044
Z  0.4360 -0.8455  0.3083

PART 57
OFFSET  5.8188 -1.5399 -4.8756
X -0.4663 -0.0801  0.8810
Y -0.7025 -0.5717 -0.4238
Z  0.5376 -0.8165  0.2103

PART 58
OFFSET  6.3105 -1.4062 -5.8307
X -0.8343  0.3476  0.4279
Y  0.0711  0.8376 -0.5416
Z -0.5467 -0.4215 -0.7236

PART 59
OFFSET  4.1520 -3.9172 -7.4472
X -0.9193 -0.2722  0.2844
Y  0.3137 -0.9430  0.1112
Z  0.2379  0.1914  0.9522

PART 60
OFFSET  6.2136 -3.1620 -7.9611
X -0.1255 -0.9921 -0.0028
Y  0.9176 -0.1150 -0.3806
Z  0.3773 -0.0504  0.9247

PART 61
OFFSET  6.3913 -1.7574 -7.9570
X  0.7351 -0.5889 -0.3358
Y  0.5818  0.8023 -0.1333
Z  0.3479 -0.0974  0.9325

PART 62
OFFSET  5.7394 -1.2353 -7.6593
X  0.8850  0.3067 -0.3504
Y -0.2701  0.9510  0.1502
Z  0.3793 -0.0383  0.9245

PART 63
OFFSET  4.8987 -1.5266 -7.3264
X -0.5622 -0.8260  0.0400
Y -0.7254  0.5158  0.4557
Z -0.3971  0.2272 -0.8892

PART 64
OFFSET  4.2406 -3.9626 -6.7404
X -0.9688 -0.2282  0.0965
Y  0.2409 -0.9587  0.1512
Z  0.0580  0.1697  0.9838

PART 65
OFFSET  6.7517 -3.4167 -7.1336
X -0.1424 -0.9831  0.1148
Y  0.9104 -0.1756 -0.3747
Z  0.3885  0.0511  0.9200

PART 66
OFFSET  6.9941 -1.7429 -7.3290
X  0.8498 -0.4074 -0.3343
Y  0.3684  0.9128 -0.1761
Z  0.3769  0.0265  0.9259

PART 67
OFFSET  5.8163 -1.1782 -6.8657
X  0.8146  0.4694 -0.3406
Y -0.4453  0.8825  0.1510
Z  0.3715  0.0286  0.9280

PART 68
OFFSET  4.9328 -1.6873 -6.4963
X -0.3948 -0.8873  0.2384
Y -0.8473  0.4519  0.2790
Z -0.3553 -0.0919 -0.9302

PART 69
OFFSET -1.0695 -4.9571 -6.4704
X -0.9356 -0.3508  0.0387
Y -0.3507  0.9118 -0.2134
Z  0.0396 -0.2133 -0.9762

PART 70
OFFSET  6.7963 -3.9800 -5.0043
X -0.9965  0.0163 -0.0817
Y -0.0184 -0.9995  0.0244
Z -0.0813  0.0258  0.9964

PART 71
OFFSET  8.5508 -4.0087 -4.8605
X -0.3813 -0.9234  0.0449
Y  0.9214 -0.3756  0.1002
Z -0.0756  0.0796  0.9940

PART 72
OFFSET  9.0097 -2.8814 -4.8547
X  0.0312 -0.9995  0.0100
Y  0.9960  0.0320  0.0831
Z -0.0833  0.0074  0.9965

PART 73
OFFSET  8.9744 -1.7524 -4.8660
X -0.9327  0.2986  0.2021
Y  0.2795  0.9529 -0.1179
Z -0.2277 -0.0535 -0.9723

PART 74
OFFSET  6.9017 -3.9280 -6.1028
X -0.2685 -0.9499  0.1598
Y  0.9416 -0.2938 -0.1647
Z  0.2034  0.1062  0.9733

PART 75
OFFSET  7.4262 -2.0723 -6.4149
X  0.8120 -0.5730 -0.1116
Y  0.5365  0.8078 -0.2442
Z  0.2300  0.1384  0.9633

PART 76
OFFSET  6.2403 -1.2354 -6.2520
X  0.8716  0.3903 -0.2966
Y -0.4296  0.8996 -0.0784
Z  0.2362  0.1958  0.9518

PART 77
OFFSET  5.2512 -1.6782 -5.9229
X -0.4091 -0.8864  0.2167
Y -0.8697  0.4506  0.2015
Z -0.2763 -0.1060 -0.9552

PART 78
OFFSET  0.0000 -0.0000 -0.0000
X  1.0000 -0.0000  0.0000
Y  0.0000  1.0000  0.0000
Z  0.0000 -0.0000  1.0000

PART 79
OFFSET -0.0000 -0.0000 -0.0000
X  1.0000 -0.0000 -0.0052
Y  0.0003  0.9988  0.0495
Z  0.0052 -0.0495  0.9988

PART 80
OFFSET  1.5618 -0.2048  4.1227
X  1.0000 -0.0000 -0.0052
Y  0.0003  0.9988  0.0495
Z  0.0052 -0.0495  0.9988


FRAME 1988
PART 0
OFFSET -4.6318 -0.0000 -1.3770
X  1.0000 -0.0000  0.0000
Y  0.0000  1.0000  0.0000
Z  0.0000 -0.0000  1.0000

PART 1
OFFSET -4.6318 -0.0000 -1.3770
X  1.0000 -0.0000  0.0000
Y  0.0000  1.0000  0.0000
Z  0.0000 -0.0000  1.0000

PART 2
OFFSET -3.5060  6.3408 -6.7125
X  0.8354 -0.1588 -0.5261
Y -0.0965 -0.9849  0.1440
Z -0.5410 -0.0696 -0.8381

PART 3
OFFSET  6.5978  4.4201 -13.0754
X  0.6984 -0.4695  0.5402
Y -0.6192 -0.0180  0.7850
Z -0.3588 -0.8828 -0.3033

PART 4
OFFSET  12.5384  0.4270 -8.4812
X  0.6984 -0.4695  0.5402
Y -0.7002 -0.2922  0.6514
Z -0.1480 -0.8332 -0.5328

PART 5
OFFSET  14.6365  1.3552 -7.8024
X  0.7031 -0.4670  0.5363
Y  0.3658  0.8842  0.2904
Z -0.6099 -0.0080  0.7925

PART 6
OFFSET  13.7622 -0.6710 -9.1405
X  0.7031 -0.4670  0.5363
Y  0.3658  0.8842  0.2904
Z -0.6099 -0.0080  0.7925

PART 7
OFFSET  13.4864  0.7353 -5.8843
X  0.7031 -0.4670  0.5363
Y  0.3658  0.8842  0.2904
Z -0.6099 -0.0080  0.7925

PART 8
OFFSET  12.5324 -0.8723 -6.2286
X  0.7031 -0.4670  0.5363
Y  0.3658  0.8842  0.2904
Z -0.6099 -0.0080  0.7925

PART 9
OFFSET  12.1853 -1.6971 -7.2026
X  0.7031 -0.4670  0.5363
Y  0.3658  0.8842  0.2904
Z -0.6099 -0.0080  0.7925

PART 10
OFFSET  14.6796 -1.0122 -6.8252
X  0.9985 -0.0388  0.0391
Y -0.0509 -0.3790  0.9240
Z -0.0211 -0.9246 -0.3804

PART 11
OFFSET  15.0710 -1.7751 -6.0722
X  0.7243 -0.6672  0.1739
Y -0.3253 -0.1083  0.9394
Z -0.6079 -0.7370 -0.2955

PART 12
OFFSET  16.5677 -3.2667 -5.6196
X  0.8782 -0.0574 -0.4748
Y  0.3216 -0.6641  0.6750
Z -0.3541 -0.7454 -0.5648

PART 13
OFFSET  17.9266 -3.4031 -6.4897
X  0.0941  0.3671 -0.9254
Y  0.8624 -0.4945 -0.1085
Z -0.4975 -0.7878 -0.3631

PART 14
OFFSET  18.0203 -3.0506 -7.5089
X  0.5667  0.6752 -0.4722
Y  0.0655  0.5344  0.8427
Z  0.8213 -0.5085  0.2587

PART 15
OFFSET  15.5748 -0.8261 -7.8584
X  0.8939  0.0398 -0.4464
Y -0.0463 -0.9826 -0.1801
Z -0.4458  0.1817 -0.8765

PART 16
OFFSET  17.6425 -0.8837 -8.7559
X  0.4340 -0.8796 -0.1947
Y -0.7696 -0.4743  0.4275
Z -0.4684 -0.0357 -0.8828

PART 17
OFFSET  18.2570 -2.1290 -9.0315
X -0.7508 -0.5289  0.3957
Y -0.5039  0.8460  0.1745
Z -0.4270 -0.0684 -0.9017

PART 18
OFFSET  17.5913 -2.5979 -8.6807
X -0.8906 -0.0421  0.4528
Y -0.0407  0.9991  0.0128
Z -0.4529 -0.0070 -0.8915

PART 19
OFFSET  16.7452 -2.6379 -8.2506
X  0.7723 -0.5940 -0.2254
Y  0.4852  0.7804 -0.3944
Z  0.4102  0.1952  0.8909

PART 20
OFFSET  15.7635 -0.9574 -7.1827
X  0.9657  0.0739 -0.2489
Y -0.0393 -0.9061 -0.4213
Z -0.2566  0.4167 -0.8721

PART 21
OFFSET  18.2498 -0.8479 -7.9343
X  0.4331 -0.8437 -0.3173
Y -0.7756 -0.5282  0.3457
Z -0.4592  0.0964 -0.8831

PART 22
OFFSET  18.9871 -2.2842 -8.4745
X -0.7590 -0.5642  0.3250
Y -0.4796  0.8220  0.3070
Z -0.4403  0.0771 -0.8945

PART 23
OFFSET  17.9352 -3.0661 -8.0241
X -0.8118  0.3943  0.4308
Y  0.3884  0.9154 -0.1058
Z -0.4360  0.0815 -0.8963

PART 24
OFFSET  17.0548 -2.6386 -7.5569
X  0.4218 -0.8419 -0.3366
Y  0.8019  0.5196 -0.2949
Z  0.4232 -0.1455  0.8943

PART 25
OFFSET  17.6656 -2.2292 -5.4416
X  0.9434 -0.2203 -0.2477
Y  0.3083  0.8579  0.4112
Z  0.1219 -0.4643  0.8773

PART 26
OFFSET  18.5397 -1.1057 -5.8348
X  0.8125 -0.2960 -0.5022
Y -0.4125 -0.9007 -0.1366
Z -0.4119  0.3182 -0.8539

PART 27
OFFSET  19.9703 -1.6268 -6.7190
X  0.1150 -0.8642 -0.4898
Y -0.9097 -0.2897  0.2976
Z -0.3990  0.4113 -0.8195

PART 28
OFFSET  20.1343 -2.7024 -7.2647
X -0.5929 -0.8053 -0.0038
Y -0.6984  0.5119  0.5001
Z -0.4008  0.2992 -0.8659

PART 29
OFFSET  19.4645 -3.6120 -7.2689
X  0.7108 -0.1158 -0.6938
Y  0.4049  0.8739  0.2690
Z  0.5752 -0.4721  0.6680

PART 30
OFFSET  18.4847 -0.8562 -6.9095
X  0.4834 -0.7321 -0.4800
Y -0.7167 -0.6458  0.2632
Z -0.5026  0.2168 -0.8369

PART 31
OFFSET  19.4290 -2.2864 -7.8472
X -0.7381 -0.5981  0.3122
Y -0.4092  0.7647  0.4978
Z -0.5364  0.2397 -0.8092

PART 32
OFFSET  18.3509 -3.1600 -7.3913
X -0.7683  0.2244  0.5994
Y  0.3519  0.9304  0.1027
Z -0.5346  0.2899 -0.7938

PART 33
OFFSET  17.4766 -2.9044 -6.7181
X  0.3986 -0.7849 -0.4745
Y  0.7219  0.5876 -0.3655
Z  0.5657 -0.1969  0.8008

PART 34
OFFSET  17.3820 -2.3221 -7.7970
X -0.3070  0.3681 -0.8776
Y  0.0211  0.9246  0.3804
Z  0.9515  0.0983 -0.2916

PART 35
OFFSET  8.2442 -2.5598 -4.1681
X  0.9999 -0.0122 -0.0079
Y  0.0132  0.9880  0.1538
Z  0.0060 -0.1539  0.9881

PART 36
OFFSET  8.2442 -2.5598 -4.1681
X  0.9999 -0.0122 -0.0079
Y  0.0132  0.9880  0.1538
Z  0.0060 -0.1539  0.9881

PART 37
OFFSET  13.5546 -3.2655 -1.9243
X  0.9998 -0.0153  0.0122
Y  0.0132  0.9880  0.1538
Z -0.0145 -0.1537  0.9880

PART 38
OFFSET  12.4575 -2.6392 -3.9235
X  0.9999 -0.0122 -0.0079
Y  0.0132  0.9880  0.1538
Z  0.0060 -0.1539  0.9881

PART 39
OFFSET  34.8408 -2.5187 -5.9646
X  0.9999 -0.0122 -0.0079
Y  0.0132  0.9880  0.1538
Z  0.0060 -0.1539  0.9881

PART 40
OFFSET  7.4807 -2.1978 -6.4274
X  0.9999 -0.0122 -0.0079
Y  0.0132  0.9880  0.1538
Z  0.0060 -0.1539  0.9881

PART 41
OFFSET  33.8741 -2.4764 -5.9868
X  0.0132  0.9880  0.1538
Y -0.9999  0.0122  0.0079
Z  0.0060 -0.1539  0.9881

PART 42
OFFSET  22.0883 -2.8844 -5.5721
X -0.3764 -0.1376  0.9162
Y -0.9264  0.0700 -0.3700
Z -0.0132 -0.9880 -0.1538

PART 43
OFFSET  22.0883 -2.8844 -5.5721
X  0.0132  0.9880  0.1538
Y -0.9999  0.0122  0.0079
Z  0.0060 -0.1539  0.9881

PART 44
OFFSET  21.6830 -2.5181 -6.0049
X  0.0132  0.9880  0.1538
Y -0.9999  0.0122  0.0079
Z  0.0060 -0.1539  0.9881

PART 45
OFFSET  21.7016 -1.1350 -5.7895
X  0.0067  0.8696 -0.4937
Y -0.9999  0.0122  0.0079
Z  0.0129  0.4936  0.8696

PART 46
OFFSET  31.5683 -2.4847 -5.7906
X  0.9999 -0.0122 -0.0079
Y  0.0132  0.9880  0.1538
Z  0.0060 -0.1539  0.9881

PART 47
OFFSET  30.8984 -0.9817 -6.3357
X  0.7928 -0.5188  0.3199
Y  0.6080  0.6364 -0.4747
Z  0.0427  0.5708  0.8200

PART 48
OFFSET -12.3053 -10.2232 -6.1842
X -0.9319  0.3607  0.0382
Y -0.1456 -0.4684  0.8715
Z  0.3322  0.8066  0.4890

PART 49
OFFSET -1.0350 -14.5855 -6.6460
X -0.3789 -0.9251  0.0243
Y  0.9244 -0.3795 -0.0377
Z  0.0441  0.0082  0.9990

PART 50
OFFSET  2.1874 -6.7168 -6.8526
X -0.3789 -0.9251  0.0243
Y  0.0596 -0.0506 -0.9969
Z  0.9235 -0.3762  0.0744

PART 51
OFFSET  2.0506 -5.1377 -8.0579
X -0.3844 -0.9229  0.0215
Y -0.0566  0.0003 -0.9984
Z  0.9214 -0.3850 -0.0523

PART 52
OFFSET  1.3747 -4.4272 -7.3326
X -0.3844 -0.9229  0.0215
Y -0.0566  0.0003 -0.9984
Z  0.9214 -0.3850 -0.0523

PART 53
OFFSET  1.6042 -4.3790 -5.9840
X -0.3844 -0.9229  0.0215
Y -0.0566  0.0003 -0.9984
Z  0.9214 -0.3850 -0.0523

PART 54
OFFSET  3.3488 -3.8806 -6.9271
X -0.9579 -0.0881 -0.2732
Y  0.2770 -0.0338 -0.9603
Z  0.0754 -0.9955  0.0568

PART 55
OFFSET  3.4815 -3.3996 -5.9008
X -0.5108 -0.5810 -0.6337
Y  0.5762  0.3157 -0.7539
Z  0.6380 -0.7502  0.1736

PART 56
OFFSET  4.4907 -2.1356 -4.4679
X -0.9058 -0.3720  0.2027
Y -0.0725 -0.3352 -0.9393
Z  0.4173 -0.8656  0.2767

PART 57
OFFSET  5.9020 -1.4582 -4.8821
X -0.5288 -0.1448  0.8363
Y -0.6664 -0.5394 -0.5147
Z  0.5256 -0.8295  0.1887

PART 58
OFFSET  6.4610 -1.2545 -5.7864
X -0.8653  0.3148  0.3901
Y  0.1055  0.8751 -0.4723
Z -0.4900 -0.3675 -0.7905

PART 59
OFFSET  4.4407 -3.6411 -7.7356
X -0.9359 -0.2928  0.1958
Y  0.3103 -0.9485  0.0645
Z  0.1668  0.1211  0.9785

PART 60
OFFSET  6.5298 -2.8492 -8.0409
X -0.1191 -0.9893 -0.0846
Y  0.9435 -0.0863 -0.3199
Z  0.3092 -0.1179  0.9437

PART 61
OFFSET  6.6985 -1.4486 -7.9211
X  0.7611 -0.5623 -0.3234
Y  0.5853  0.8102 -0.0314
Z  0.2796 -0.1654  0.9458

PART 62
OFFSET  6.0237 -0.9501 -7.6344
X  0.9063  0.3320 -0.2614
Y -0.2859  0.9373  0.1993
Z  0.3112 -0.1059  0.9444

PART 63
OFFSET  5.1626 -1.2655 -7.3860
X -0.5588 -0.8270 -0.0617
Y -0.7597  0.4806  0.4380
Z -0.3326  0.2916 -0.8968

PART 64
OFFSET  4.4779 -3.7383 -7.0294
X -0.9719 -0.2352  0.0085
Y  0.2349 -0.9671  0.0978
Z -0.0148  0.0971  0.9952

PART 65
OFFSET  7.0077 -3.1637 -7.1972
X -0.1446 -0.9890  0.0318
Y  0.9362 -0.1472 -0.3190
Z  0.3202 -0.0164  0.9472

PART 66
OFFSET  7.2539 -1.4799 -7.2514
X  0.8743 -0.3814 -0.3002
Y  0.3749  0.9235 -0.0815
Z  0.3083 -0.0413  0.9504

PART 67
OFFSET  6.0422 -0.9514 -6.8353
X  0.8345  0.4935 -0.2449
Y -0.4603  0.8688  0.1823
Z  0.3028 -0.0394  0.9523

PART 68
OFFSET  5.1371 -1.4866 -6.5696
X -0.4059 -0.9026  0.1434
Y -0.8680  0.4298  0.2486
Z -0.2860 -0.0236 -0.9579

PART 69
OFFSET -0.8318 -4.7525 -7.2216
X -0.9339 -0.3532 -0.0555
Y -0.3396  0.9249 -0.1712
Z  0.1118 -0.1410 -0.9837

PART 70
OFFSET  6.9005 -3.8817 -5.1172
X -0.9880  0.0218 -0.1529
Y -0.0142 -0.9986 -0.0502
Z -0.1537 -0.0475  0.9870

PART 71
OFFSET  8.6400 -3.9200 -4.8481
X -0.3781 -0.9244 -0.0507
Y  0.9138 -0.3814  0.1395
Z -0.1483  0.0064  0.9889

PART 72
OFFSET  9.0907 -2.7959 -4.7264
X  0.0363 -0.9975 -0.0609
Y  0.9871  0.0263  0.1577
Z -0.1557 -0.0658  0.9856

PART 73
OFFSET  9.0497 -1.6692 -4.6576
X -0.9467  0.2825  0.1547
Y  0.2817  0.9591 -0.0271
Z -0.1560  0.0179 -0.9876

PART 74
OFFSET  7.0853 -3.7492 -6.1983
X -0.2739 -0.9592  0.0698
Y  0.9528 -0.2805 -0.1166
