// Export filename: `C:\projects\cod\t5\xanim_export\t5_viewmodels\ak47\ak47_grip_ads_up.XANIM_EXPORT`
// Source filename: `D:\projects\devanim\t5\animation_assets\viewmodels/ak47/grip_set/ak47_GRIP_ads_up.fbx`
// Export time: Mon Oct 12 22:05:36 2009

ANIMATION
VERSION 3

NUMPARTS 2
PART 0 "tag_view"
PART 1 "tag_ads"

FRAMERATE 30
NUMFRAMES 18

FRAME 381
PART 0
OFFSET  0.0000 -0.0000  0.0000
X  1.0000 -0.0000  0.0000
Y  0.0000  1.0000  0.0000
Z  0.0000 -0.0000  1.0000

PART 1
OFFSET  0.0000 -0.0000  0.0000
X  1.0000 -0.0000  0.0000
Y  0.0000  1.0000  0.0000
Z  0.0000 -0.0000  1.0000


FRAME 382
PART 0
OFFSET  0.0000 -0.0000  0.0000
X  1.0000 -0.0000  0.0000
Y  0.0000  1.0000  0.0000
Z  0.0000 -0.0000  1.0000

PART 1
OFFSET -0.1860  0.1328 -0.0048
X  1.0000 -0.0000  0.0000
Y  0.0000  0.9999 -0.0162
Z -0.0000  0.0162  0.9999


FRAME 383
PART 0
OFFSET  0.0000 -0.0000  0.0000
X  1.0000 -0.0000  0.0000
Y  0.0000  1.0000  0.0000
Z  0.0000 -0.0000  1.0000

PART 1
OFFSET -0.3960  0.2827 -0.0159
X  1.0000 -0.0000  0.0002
Y  0.0000  0.9993 -0.0365
Z -0.0002  0.0365  0.9993


FRAME 384
PART 0
OFFSET  0.0000 -0.0000  0.0000
X  1.0000 -0.0000  0.0000
Y  0.0000  1.0000  0.0000
Z  0.0000 -0.0000  1.0000

PART 1
OFFSET -0.6278  0.4480 -0.0329
X  1.0000 -0.0000  0.0005
Y  0.0000  0.9982 -0.0605
Z -0.0005  0.0605  0.9982


FRAME 385
PART 0
OFFSET  0.0000 -0.0000  0.0000
X  1.0000 -0.0000  0.0000
Y  0.0000  1.0000  0.0000
Z  0.0000 -0.0000  1.0000

PART 1
OFFSET -0.8560  0.6109 -0.0490
X  1.0000 -0.0000  0.0007
Y  0.0001  0.9965 -0.0837
Z -0.0007  0.0837  0.9965


FRAME 386
PART 0
OFFSET  0.0000 -0.0000  0.0000
X  1.0000 -0.0000  0.0000
Y  0.0000  1.0000  0.0000
Z  0.0000 -0.0000  1.0000

PART 1
OFFSET -1.0842  0.7738 -0.0587
X  1.0000 -0.0000  0.0010
Y  0.0001  0.9945 -0.1045
Z -0.0010  0.1045  0.9945


FRAME 387
PART 0
OFFSET  0.0000 -0.0000  0.0000
X  1.0000 -0.0000  0.0000
Y  0.0000  1.0000  0.0000
Z  0.0000 -0.0000  1.0000

PART 1
OFFSET -1.3125  0.9369 -0.0565
X  1.0000 -0.0000  0.0014
Y  0.0002  0.9927 -0.1209
Z -0.0014  0.1209  0.9927


FRAME 388
PART 0
OFFSET  0.0000 -0.0000  0.0000
X  1.0000 -0.0000  0.0000
Y  0.0000  1.0000  0.0000
Z  0.0000 -0.0000  1.0000

PART 1
OFFSET -1.5391  1.0989 -0.0376
X  1.0000 -0.0000  0.0017
Y  0.0002  0.9914 -0.1311
Z -0.0017  0.1311  0.9914


FRAME 389
PART 0
OFFSET  0.0000 -0.0000  0.0000
X  1.0000 -0.0000  0.0000
Y  0.0000  1.0000  0.0000
Z  0.0000 -0.0000  1.0000

PART 1
OFFSET -1.7731  1.2663  0.0051
X  1.0000 -0.0000  0.0020
Y  0.0003  0.9911 -0.1333
Z -0.0020  0.1333  0.9911


FRAME 390
PART 0
OFFSET  0.0000 -0.0000  0.0000
X  1.0000 -0.0000  0.0000
Y  0.0000  1.0000  0.0000
Z  0.0000 -0.0000  1.0000

PART 1
OFFSET -2.0323  1.4519  0.0782
X  1.0000 -0.0000  0.0023
Y  0.0003  0.9920 -0.1263
Z -0.0023  0.1263  0.9920


FRAME 391
PART 0
OFFSET  0.0000 -0.0000  0.0000
X  1.0000 -0.0000  0.0000
Y  0.0000  1.0000  0.0000
Z  0.0000 -0.0000  1.0000

PART 1
OFFSET -2.3242  1.6612  0.1791
X  1.0000 -0.0000  0.0027
Y  0.0003  0.9937 -0.1117
Z -0.0027  0.1117  0.9937


FRAME 392
PART 0
OFFSET  0.0000 -0.0000  0.0000
X  1.0000 -0.0000  0.0000
Y  0.0000  1.0000  0.0000
Z  0.0000 -0.0000  1.0000

PART 1
OFFSET -2.6273  1.8785  0.2959
X  1.0000 -0.0000  0.0030
Y  0.0003  0.9957 -0.0921
Z -0.0030  0.0921  0.9957


FRAME 393
PART 0
OFFSET  0.0000 -0.0000  0.0000
X  1.0000 -0.0000  0.0000
Y  0.0000  1.0000  0.0000
Z  0.0000 -0.0000  1.0000

PART 1
OFFSET -2.9242  2.0915  0.4187
X  1.0000 -0.0000  0.0034
Y  0.0002  0.9976 -0.0699
Z -0.0034  0.0699  0.9975


FRAME 394
PART 0
OFFSET  0.0000 -0.0000  0.0000
X  1.0000 -0.0000  0.0000
Y  0.0000  1.0000  0.0000
Z  0.0000 -0.0000  1.0000

PART 1
OFFSET -3.1974  2.2875  0.5375
X  1.0000 -0.0000  0.0038
Y  0.0002  0.9989 -0.0473
Z -0.0038  0.0473  0.9989


FRAME 395
PART 0
OFFSET  0.0000 -0.0000  0.0000
X  1.0000 -0.0000  0.0000
Y  0.0000  1.0000  0.0000
Z  0.0000 -0.0000  1.0000

PART 1
OFFSET -3.4298  2.4542  0.6423
X  1.0000 -0.0000  0.0040
Y  0.0001  0.9996 -0.0266
Z -0.0040  0.0266  0.9996


FRAME 396
PART 0
OFFSET  0.0000 -0.0000  0.0000
X  1.0000 -0.0000  0.0000
Y  0.0000  1.0000  0.0000
Z  0.0000 -0.0000  1.0000

PART 1
OFFSET -3.6039  2.5792  0.7231
X  1.0000 -0.0000  0.0043
Y  0.0000  0.9999 -0.0102
Z -0.0043  0.0102  0.9999


FRAME 397
PART 0
OFFSET  0.0000 -0.0000  0.0000
X  1.0000 -0.0000  0.0000
Y  0.0000  1.0000  0.0000
Z  0.0000 -0.0000  1.0000

PART 1
OFFSET -3.6807  2.6343  0.7592
X  1.0000 -0.0000  0.0044
Y  0.0000  1.0000 -0.0029
Z -0.0044  0.0029  1.0000


FRAME 398
PART 0
OFFSET  0.0000 -0.0000  0.0000
X  1.0000 -0.0000  0.0000
Y  0.0000  1.0000  0.0000
Z  0.0000 -0.0000  1.0000

PART 1
OFFSET -3.7093  2.6548  0.7731
X  1.0000 -0.0000  0.0044
Y -0.0000  1.0000  0.0000
Z -0.0044 -0.0000  1.0000


NUMKEYS 0
