// Export filename: `C:\projects\cod\t5\xanim_export\t5_viewmodels\ak47\ak47_grenadier_d2p_out.XANIM_EXPORT`
// Source filename: `D:\projects\devanim\t5\animation_assets\viewmodels\ak47\ViewModel_AK47_GrenadeLauncher_animated.fbx`
// Export time: Sat Jun 05 16:37:28 2010

ANIMATION
VERSION 3

NUMPARTS 77
PART 0 "tag_ads"
PART 1 "tag_torso"
PART 2 "J_Shoulder_LE"
PART 3 "J_Elbow_LE"
PART 4 "J_WristTwist_LE"
PART 5 "J_Sleave_Reshape_Bottom_LE_1"
PART 6 "J_Sleave_Reshape_Bottom_LE_2"
PART 7 "J_Sleave_Reshape_Top_LE_1"
PART 8 "J_Sleave_Reshape_Top_LE_2"
PART 9 "J_Sleave_Reshape_Top_LE_3"
PART 10 "J_Wrist_LE"
PART 11 "J_Thumb_LE_0"
PART 12 "J_Thumb_LE_1"
PART 13 "J_Thumb_LE_2"
PART 14 "J_Thumb_LE_3"
PART 15 "J_PinkyPalm_LE"
PART 16 "J_Pinky_LE_0"
PART 17 "J_Pinky_LE_1"
PART 18 "J_Pinky_LE_2"
PART 19 "J_Pinky_LE_3"
PART 20 "J_RingPalm_LE"
PART 21 "J_Ring_LE_0"
PART 22 "J_Ring_LE_1"
PART 23 "J_Ring_LE_2"
PART 24 "J_Ring_LE_3"
PART 25 "J_Webbing_LE"
PART 26 "J_Index_LE_0"
PART 27 "J_Index_LE_1"
PART 28 "J_Index_LE_2"
PART 29 "J_Index_LE_3"
PART 30 "J_Mid_LE_0"
PART 31 "J_Mid_LE_1"
PART 32 "J_Mid_LE_2"
PART 33 "J_Mid_LE_3"
PART 34 "tag_knife_attach"
PART 35 "tag_weapon"
PART 36 "J_Gun"
PART 37 "J_bolt"
PART 38 "TAG_CLIP"
PART 39 "TAG_FLASH"
PART 40 "TAG_BOUNCING_GRENADE_LAUNCHER"
PART 41 "J_BOUNCING_TRIGGER"
PART 42 "J_BOUNCING_GRENADE_AMMO"
PART 43 "J_BOUNCING_GRENADE_TIP"
PART 44 "J_Shoulder_RI"
PART 45 "J_Elbow_RI"
PART 46 "J_WristTwist_RI"
PART 47 "J_Sleave_Reshape_Top_RI_3"
PART 48 "J_Sleave_Reshape_Top_RI_2"
PART 49 "J_Sleave_Reshape_Top_RI_1"
PART 50 "J_Wrist_RI"
PART 51 "J_Thumb_RI_0"
PART 52 "J_Thumb_RI_1"
PART 53 "J_Thumb_RI_2"
PART 54 "J_Thumb_RI_3"
PART 55 "J_PinkyPalm_RI"
PART 56 "J_Pinky_RI_0"
PART 57 "J_Pinky_RI_1"
PART 58 "J_Pinky_RI_2"
PART 59 "J_Pinky_RI_3"
PART 60 "J_RingPalm_RI"
PART 61 "J_Ring_RI_0"
PART 62 "J_Ring_RI_1"
PART 63 "J_Ring_RI_2"
PART 64 "J_Ring_RI_3"
PART 65 "J_Webbing_RI"
PART 66 "J_Index_RI_0"
PART 67 "J_Index_RI_1"
PART 68 "J_Index_RI_2"
PART 69 "J_Index_RI_3"
PART 70 "J_Mid_RI_0"
PART 71 "J_Mid_RI_1"
PART 72 "J_Mid_RI_2"
PART 73 "J_Mid_RI_3"
PART 74 "tag_cambone"
PART 75 "tag_camera"
PART 76 "tag_gasmask"

FRAMERATE 30
NUMFRAMES 11

FRAME 2085
PART 0
OFFSET -4.6318 -0.0000 -1.3770
X  1.0000 -0.0000  0.0000
Y  0.0000  1.0000  0.0000
Z  0.0000 -0.0000  1.0000

PART 1
OFFSET -4.6318 -0.0000 -1.3770
X  1.0000 -0.0000  0.0000
Y  0.0000  1.0000  0.0000
Z  0.0000 -0.0000  1.0000

PART 2
OFFSET -3.5060  6.3408 -6.7125
X  0.7228 -0.3602 -0.5897
Y -0.0504 -0.8786  0.4749
Z -0.6892 -0.3136 -0.6532

PART 3
OFFSET  5.2359  1.9848 -13.8445
X  0.7853 -0.2934  0.5451
Y -0.4770  0.2745  0.8349
Z -0.3946 -0.9157  0.0756

PART 4
OFFSET  11.9154 -0.5110 -9.2080
X  0.7853 -0.2934  0.5451
Y -0.6051 -0.1776  0.7761
Z -0.1309 -0.9393 -0.3170

PART 5
OFFSET  14.0871  0.4925 -9.2350
X  0.7892 -0.2926  0.5400
Y  0.3993  0.9125 -0.0891
Z -0.4666  0.2859  0.8370

PART 6
OFFSET  13.0226 -1.8219 -9.6483
X  0.7892 -0.2926  0.5400
Y  0.3993  0.9125 -0.0891
Z -0.4666  0.2859  0.8370

PART 7
OFFSET  13.2859  0.6044 -7.0598
X  0.7892 -0.2926  0.5400
Y  0.3993  0.9125 -0.0891
Z -0.4666  0.2859  0.8370

PART 8
OFFSET  12.6011 -0.8111 -7.0196
X  0.7892 -0.2926  0.5400
Y  0.3993  0.9125 -0.0891
Z -0.4666  0.2859  0.8370

PART 9
OFFSET  12.1037 -1.8972 -7.5872
X  0.7892 -0.2926  0.5400
Y  0.3993  0.9125 -0.0891
Z -0.4666  0.2859  0.8370

PART 10
OFFSET  14.3230 -1.4106 -7.5368
X  0.9904 -0.0667  0.1212
Y -0.1326 -0.2071  0.9693
Z -0.0396 -0.9760 -0.2140

PART 11
OFFSET  14.6243 -2.0413 -6.6347
X  0.6774 -0.6512  0.3422
Y -0.3940  0.0716  0.9163
Z -0.6212 -0.7555 -0.2081

PART 12
OFFSET  16.0121 -3.4813 -5.8163
X  0.9050 -0.1719 -0.3892
Y  0.2418 -0.5449  0.8029
Z -0.3501 -0.8207 -0.4516

PART 13
OFFSET  17.4194 -3.8182 -6.5431
X  0.1752  0.1937 -0.9653
Y  0.8428 -0.5363  0.0454
Z -0.5089 -0.8215 -0.2572

PART 14
OFFSET  17.5999 -3.6555 -7.5980
X  0.6299  0.5601 -0.5380
Y  0.0332  0.6727  0.7392
Z  0.7760 -0.4835  0.4051

PART 15
OFFSET  15.2950 -1.4426 -8.5153
X  0.9234 -0.0720 -0.3771
Y -0.0813 -0.9966 -0.0090
Z -0.3751  0.0390 -0.9261

PART 16
OFFSET  17.4144 -1.7321 -9.2287
X  0.4033 -0.9151 -0.0046
Y -0.8192 -0.3633  0.4438
Z -0.4078 -0.1752 -0.8961

PART 17
OFFSET  17.9854 -3.0277 -9.2352
X -0.8010 -0.4232  0.4234
Y -0.4731  0.8809 -0.0147
Z -0.3668 -0.2121 -0.9058

PART 18
OFFSET  17.2752 -3.4029 -8.8597
X -0.9206  0.0707  0.3840
Y  0.0070  0.9863 -0.1648
Z -0.3904 -0.1491 -0.9085

PART 19
OFFSET  16.4006 -3.3357 -8.4950
X  0.7562 -0.6517 -0.0588
Y  0.5484  0.6803 -0.4863
Z  0.3569  0.3355  0.8718

PART 20
OFFSET  15.4302 -1.4586 -7.8146
X  0.9830 -0.0058 -0.1836
Y -0.0540 -0.9644 -0.2588
Z -0.1756  0.2643 -0.9483

PART 21
OFFSET  17.9647 -1.5724 -8.3819
X  0.4125 -0.9014 -0.1313
Y -0.8222 -0.4305  0.3724
Z -0.3922 -0.0456 -0.9187

PART 22
OFFSET  18.6671 -3.1071 -8.6055
X -0.8060 -0.4702  0.3595
Y -0.4592  0.8800  0.1214
Z -0.3735 -0.0672 -0.9252

PART 23
OFFSET  17.5500 -3.7588 -8.1072
X -0.8194  0.4930  0.2923
Y  0.4387  0.8677 -0.2338
Z -0.3689 -0.0634 -0.9273

PART 24
OFFSET  16.6613 -3.2241 -7.7902
X  0.4026 -0.9027 -0.1516
Y  0.8445  0.4302 -0.3190
Z  0.3532  0.0005  0.9356

PART 25
OFFSET  17.1442 -2.4683 -5.7387
X  0.9465 -0.2941 -0.1329
Y  0.3204  0.9057  0.2777
Z  0.0387 -0.3054  0.9514

PART 26
OFFSET  18.0967 -1.4641 -6.2538
X  0.9619 -0.1493 -0.2290
Y -0.2117 -0.9368 -0.2786
Z -0.1729  0.3164 -0.9327

PART 27
OFFSET  19.7903 -1.7269 -6.6569
X  0.8101 -0.4463 -0.3802
Y -0.5488 -0.8054 -0.2238
Z -0.2063  0.3900 -0.8974

PART 28
OFFSET  20.7876 -2.2932 -7.0646
X  0.6197 -0.7165 -0.3203
Y -0.7757 -0.6212 -0.1114
Z -0.1191  0.3175 -0.9407

PART 29
OFFSET  21.4876 -3.1025 -7.4265
X  0.4650  0.8833 -0.0597
Y -0.8016  0.4487  0.3952
Z  0.3758 -0.1359  0.9167

PART 30
OFFSET  18.1279 -1.4073 -7.3566
X  0.4792 -0.8223 -0.3067
Y -0.7636 -0.5629  0.3163
Z -0.4328  0.0827 -0.8977

PART 31
OFFSET  19.0640 -3.0138 -7.9558
X -0.7860 -0.5066  0.3544
Y -0.4049  0.8549  0.3242
Z -0.4672  0.1114 -0.8771

PART 32
OFFSET  17.9160 -3.7538 -7.4382
X -0.7960  0.3543  0.4908
Y  0.3886  0.9208 -0.0344
Z -0.4641  0.1634 -0.8706

PART 33
OFFSET  17.0109 -3.3520 -6.8885
X  0.3918 -0.8702 -0.2987
Y  0.7729  0.4874 -0.4062
Z  0.4991 -0.0717  0.8636

PART 34
OFFSET  17.0192 -2.9672 -8.0565
X -0.2277  0.2173 -0.9492
Y  0.0396  0.9760  0.2140
Z  0.9729  0.0112 -0.2309

PART 35
OFFSET  8.2284 -2.6584 -4.3968
X  0.9914 -0.0046 -0.1309
Y  0.0023  0.9998 -0.0173
Z  0.1310  0.0168  0.9912

PART 36
OFFSET  8.2284 -2.6584 -4.3968
X  0.9914 -0.0046 -0.1309
Y  0.0023  0.9998 -0.0173
Z  0.1310  0.0168  0.9912

PART 37
OFFSET  13.7914 -2.9246 -2.7491
X  0.9939 -0.0042 -0.1106
Y  0.0023  0.9998 -0.0173
Z  0.1107  0.0169  0.9937

PART 38
OFFSET  12.4405 -2.6579 -4.6718
X  0.9914 -0.0046 -0.1309
Y  0.0023  0.9998 -0.0173
Z  0.1310  0.0168  0.9912

PART 39
OFFSET  31.7763 -2.7327 -6.4372
X  0.9914 -0.0046 -0.1309
Y  0.0023  0.9998 -0.0173
Z  0.1310  0.0168  0.9912

PART 40
OFFSET -0.5027 -2.6844 -7.0797
X  0.9914 -0.0046 -0.1309
Y  0.0023  0.9998 -0.0173
Z  0.1310  0.0168  0.9912

PART 41
OFFSET  20.4107 -2.7291 -7.0057
X  0.9914 -0.0046 -0.1309
Y  0.0023  0.9998 -0.0173
Z  0.1310  0.0168  0.9912

PART 42
OFFSET  23.0694 -2.7464 -7.4934
X  0.9914 -0.0046 -0.1309
Y  0.0023  0.9998 -0.0173
Z  0.1310  0.0168  0.9912

PART 43
OFFSET  27.4357 -2.7665 -8.0700
X  0.9914 -0.0046 -0.1309
Y  0.0023  0.9998 -0.0173
Z  0.1310  0.0168  0.9912

PART 44
OFFSET -10.8444 -11.7139 -5.9426
X -0.9391  0.3234 -0.1160
Y -0.2273 -0.3316  0.9156
Z  0.2577  0.8862  0.3849

PART 45
OFFSET  0.5132 -15.6254 -4.5403
X -0.2214 -0.9638  0.1486
Y  0.9731 -0.2083  0.0987
Z -0.0642  0.1664  0.9840

PART 46
OFFSET  2.3962 -7.4279 -5.8040
X -0.2214 -0.9638  0.1486
Y  0.1694 -0.1881 -0.9674
Z  0.9604 -0.1890  0.2049

PART 47
OFFSET  2.1295 -6.0991 -7.2629
X -0.2269 -0.9630  0.1450
Y  0.0505 -0.1603 -0.9858
Z  0.9726 -0.2164  0.0850

PART 48
OFFSET  1.2724 -5.4207 -6.7215
X -0.2269 -0.9630  0.1450
Y  0.0505 -0.1603 -0.9858
Z  0.9726 -0.2164  0.0850

PART 49
OFFSET  1.3463 -5.1294 -5.3861
X -0.2269 -0.9630  0.1450
Y  0.0505 -0.1603 -0.9858
Z  0.9726 -0.2164  0.0850

PART 50
OFFSET  3.0749 -4.4731 -6.2595
X -0.9810 -0.1418 -0.1324
Y  0.1587 -0.1946 -0.9680
Z  0.1115 -0.9706  0.2134

PART 51
OFFSET  3.3172 -3.8231 -5.3535
X -0.5666 -0.6850 -0.4580
Y  0.4703  0.1876 -0.8623
Z  0.6766 -0.7040  0.2159

PART 52
OFFSET  4.4553 -2.3244 -4.2912
X -0.8628 -0.3399  0.3741
Y -0.1764 -0.4911 -0.8531
Z  0.4737 -0.8021  0.3637

PART 53
OFFSET  5.7846 -1.7152 -4.9868
X -0.4183 -0.0047  0.9083
Y -0.7078 -0.6251 -0.3292
Z  0.5693 -0.7806  0.2581

PART 54
OFFSET  6.2229 -1.6637 -5.9752
X -0.8203  0.3691  0.4369
Y  0.0209  0.7827 -0.6220
Z -0.5715 -0.5011 -0.6498

PART 55
OFFSET  4.0524 -4.3654 -7.2271
X -0.8959 -0.2634  0.3578
Y  0.3441 -0.9208  0.1836
Z  0.2811  0.2876  0.9156

PART 56
OFFSET  6.0641 -3.6188 -7.9203
X -0.0989 -0.9902  0.0985
Y  0.8996 -0.1312 -0.4165
Z  0.4253  0.0474  0.9038

PART 57
OFFSET  6.2041 -2.2168 -8.0596
X  0.7325 -0.6025 -0.3170
Y  0.5526  0.7981 -0.2401
Z  0.3977  0.0007  0.9175

PART 58
OFFSET  5.5547 -1.6827 -7.7786
X  0.8574  0.2905 -0.4249
Y -0.2874  0.9550  0.0731
Z  0.4270  0.0594  0.9023

PART 59
OFFSET  4.7401 -1.9587 -7.3749
X -0.5371 -0.8303  0.1486
Y -0.7147  0.5416  0.4427
Z -0.4480  0.1316 -0.8843

PART 60
OFFSET  4.1783 -4.3404 -6.5249
X -0.9562 -0.2388  0.1695
Y  0.2739 -0.9342  0.2287
Z  0.1038  0.2651  0.9586

PART 61
OFFSET  6.6505 -3.7806 -7.1023
X -0.1100 -0.9703  0.2154
Y  0.8944 -0.1912 -0.4045
Z  0.4336  0.1482  0.8888

PART 62
OFFSET  6.8377 -2.1287 -7.4690
X  0.8422 -0.4193 -0.3390
Y  0.3343  0.8993 -0.2818
Z  0.4230  0.1240  0.8976

PART 63
OFFSET  5.6705 -1.5476 -6.9993
X  0.7833  0.4519 -0.4269
Y -0.4605  0.8831  0.0899
Z  0.4176  0.1262  0.8998

PART 64
OFFSET  4.8210 -2.0376 -6.5363
X -0.3582 -0.8685  0.3427
Y -0.8437  0.4583  0.2796
Z -0.3999 -0.1890 -0.8969

PART 65
OFFSET -1.0824 -5.4191 -5.8775
X -0.9227 -0.3657  0.1220
Y -0.3855  0.8791 -0.2803
Z -0.0048 -0.3057 -0.9521

PART 66
OFFSET  6.8191 -4.1345 -4.9344
X -0.9995 -0.0133 -0.0294
Y  0.0096 -0.9927  0.1205
Z -0.0308  0.1201  0.9923

PART 67
OFFSET  8.5789 -4.1111 -4.8827
X -0.3536 -0.9228  0.1531
Y  0.9350 -0.3440  0.0861
Z -0.0267  0.1736  0.9845

PART 68
OFFSET  9.0071 -2.9788 -5.0090
X  0.0584 -0.9929  0.1035
Y  0.9978  0.0614  0.0262
Z -0.0324  0.1018  0.9943

PART 69
OFFSET  8.9411 -1.8572 -5.1259
X -0.9288  0.2964  0.2223
Y  0.2475  0.9429 -0.2230
Z -0.2757 -0.1521 -0.9491

PART 70
OFFSET  6.8667 -4.1866 -6.0369
X -0.2345 -0.9357  0.2638
Y  0.9394 -0.2879 -0.1861
Z  0.2501  0.2041  0.9465

PART 71
OFFSET  7.3247 -2.3587 -6.5522
X  0.8202 -0.5633 -0.0997
Y  0.5015  0.7919 -0.3484
Z  0.2753  0.2358  0.9320

PART 72
OFFSET  6.1267 -1.5360 -6.4065
X  0.8445  0.3787 -0.3787
Y -0.4569  0.8783 -0.1407
Z  0.2793  0.2919  0.9148

PART 73
OFFSET  5.1680 -1.9663 -5.9842
X -0.3736 -0.8700  0.3218
Y -0.8700  0.4490  0.2039
Z -0.3219 -0.2038 -0.9246

PART 74
OFFSET  0.0000 -0.0000 -0.0000
X  1.0000 -0.0000  0.0000
Y  0.0000  1.0000  0.0000
Z  0.0000 -0.0000  1.0000

PART 75
OFFSET  0.0000 -0.0000 -0.0000
X  0.9976 -0.0000  0.0698
Y  0.0049  0.9976 -0.0696
Z -0.0696  0.0698  0.9951

PART 76
OFFSET  1.2489  0.2885  4.2231
X  0.9976 -0.0000  0.0698
Y  0.0049  0.9976 -0.0696
Z -0.0696  0.0698  0.9951


FRAME 2086
PART 0
OFFSET -4.6318 -0.0000 -1.3770
X  1.0000 -0.0000  0.0000
Y  0.0000  1.0000  0.0000
Z  0.0000 -0.0000  1.0000

PART 1
OFFSET -4.6318 -0.0000 -1.3770
X  1.0000 -0.0000  0.0000
Y  0.0000  1.0000  0.0000
Z  0.0000 -0.0000  1.0000

PART 2
OFFSET -3.5060  6.3408 -6.7125
X  0.7257 -0.3582 -0.5874
Y -0.0526 -0.8802  0.4717
Z -0.6859 -0.3114 -0.6576

PART 3
OFFSET  5.2711  2.0090 -13.8161
X  0.7819 -0.2948  0.5493
Y -0.4824  0.2722  0.8326
Z -0.3949 -0.9160  0.0706

PART 4
OFFSET  11.9214 -0.4980 -9.1438
X  0.7819 -0.2948  0.5493
Y -0.6111 -0.1884  0.7688
Z -0.1231 -0.9368 -0.3275

PART 5
OFFSET  14.0931  0.5060 -9.1543
X  0.7858 -0.2939  0.5442
Y  0.3997  0.9128 -0.0841
Z -0.4720  0.2836  0.8347

PART 6
OFFSET  13.0316 -1.8075 -9.5805
X  0.7858 -0.2939  0.5442
Y  0.3997  0.9128 -0.0841
Z -0.4720  0.2836  0.8347

PART 7
OFFSET  13.2780  0.6119 -6.9839
X  0.7858 -0.2939  0.5442
Y  0.3997  0.9128 -0.0841
Z -0.4720  0.2836  0.8347

PART 8
OFFSET  12.5933 -0.8038 -6.9519
X  0.7858 -0.2939  0.5442
Y  0.3997  0.9128 -0.0841
Z -0.4720  0.2836  0.8347

PART 9
OFFSET  12.0997 -1.8885 -7.5256
X  0.7858 -0.2939  0.5442
Y  0.3997  0.9128 -0.0841
Z -0.4720  0.2836  0.8347

PART 10
OFFSET  14.3185 -1.4016 -7.4597
X  0.9889 -0.0891  0.1188
Y -0.1368 -0.2360  0.9621
Z -0.0576 -0.9677 -0.2456

PART 11
OFFSET  14.6076 -2.0668 -6.5787
X  0.6650 -0.6745  0.3207
Y -0.3930  0.0491  0.9182
Z -0.6351 -0.7367 -0.2324

PART 12
OFFSET  15.9681 -3.5583 -5.8079
X  0.9017 -0.1760 -0.3948
Y  0.2313 -0.5751  0.7847
Z -0.3652 -0.7989 -0.4779

PART 13
OFFSET  17.3692 -3.8975 -6.5456
X  0.1791  0.2217 -0.9585
Y  0.8326 -0.5531  0.0277
Z -0.5240 -0.8031 -0.2836

PART 14
OFFSET  17.5531 -3.7040 -7.5947
X  0.6404  0.5655 -0.5197
Y  0.0454  0.6475  0.7607
Z  0.7667 -0.5108  0.3890

PART 15
OFFSET  15.2901 -1.4198 -8.4390
X  0.9220 -0.0769 -0.3794
Y -0.0999 -0.9941 -0.0414
Z -0.3740  0.0760 -0.9243

PART 16
OFFSET  17.4040 -1.7255 -9.1619
X  0.3862 -0.9218 -0.0344
Y -0.8260 -0.3622  0.4319
Z -0.4106 -0.1384 -0.9012

PART 17
OFFSET  17.9508 -3.0305 -9.2107
X -0.8089 -0.4217  0.4097
Y -0.4567  0.8895  0.0141
Z -0.3704 -0.1757 -0.9121

PART 18
OFFSET  17.2336 -3.4045 -8.8475
X -0.9193  0.0753  0.3863
Y  0.0254  0.9908 -0.1327
Z -0.3927 -0.1122 -0.9128

PART 19
OFFSET  16.3602 -3.3329 -8.4805
X  0.7440 -0.6634 -0.0802
Y  0.5611  0.6854 -0.4641
Z  0.3628  0.3003  0.8822

PART 20
OFFSET  15.4248 -1.4612 -7.7392
X  0.9828 -0.0181 -0.1839
Y -0.0718 -0.9543 -0.2900
Z -0.1703  0.2982 -0.9392

PART 21
OFFSET  17.9569 -1.6037 -8.3106
X  0.3957 -0.9042 -0.1607
Y -0.8302 -0.4270  0.3584
Z -0.3927 -0.0084 -0.9196

PART 22
OFFSET  18.6306 -3.1431 -8.5841
X -0.8148 -0.4665  0.3442
Y -0.4428  0.8840  0.1501
Z -0.3743 -0.0301 -0.9268

PART 23
OFFSET  17.5014 -3.7897 -8.1070
X -0.8102  0.4984  0.3084
Y  0.4548  0.8665 -0.2056
Z -0.3697 -0.0263 -0.9288

PART 24
OFFSET  16.6227 -3.2491 -7.7726
X  0.3858 -0.9047 -0.1809
Y  0.8525  0.4246 -0.3051
Z  0.3528 -0.0365  0.9350

PART 25
OFFSET  17.1189 -2.5696 -5.6976
X  0.9409 -0.3072 -0.1426
Y  0.3371  0.8900  0.3069
Z  0.0326 -0.3368  0.9410

PART 26
OFFSET  18.0901 -1.5670 -6.1800
X  0.9590 -0.1597 -0.2340
Y -0.2290 -0.9231 -0.3088
Z -0.1667  0.3498 -0.9219

PART 27
OFFSET  19.7786 -1.8482 -6.5919
X  0.8018 -0.4488 -0.3947
Y -0.5636 -0.7873 -0.2498
Z -0.1987  0.4227 -0.8842

PART 28
OFFSET  20.7654 -2.4194 -7.0181
X  0.6064 -0.7171 -0.3436
Y -0.7871 -0.6026 -0.1314
Z -0.1129  0.3501 -0.9299

PART 29
OFFSET  21.4503 -3.2294 -7.4062
X  0.4814  0.8759 -0.0311
Y -0.7932  0.4505  0.4097
Z  0.3729 -0.1726  0.9117

PART 30
OFFSET  18.1227 -1.4751 -7.2804
X  0.4639 -0.8207 -0.3334
Y -0.7741 -0.5586  0.2980
Z -0.4308  0.1199 -0.8944

PART 31
OFFSET  19.0290 -3.0784 -7.9318
X -0.7954 -0.5032  0.3379
Y -0.3890  0.8513  0.3520
Z -0.4648  0.1485 -0.8729

PART 32
OFFSET  17.8672 -3.8133 -7.4383
X -0.7894  0.3529  0.5023
Y  0.4057  0.9140 -0.0045
Z -0.4607  0.2002 -0.8647

PART 33
OFFSET  16.9696 -3.4128 -6.8755
X  0.3756 -0.8672 -0.3270
Y  0.7820  0.4859 -0.3903
Z  0.4974 -0.1091  0.8607

PART 34
OFFSET  16.9855 -2.9905 -8.0304
X -0.2233  0.2523 -0.9415
Y  0.0576  0.9677  0.2456
Z  0.9730  0.0006 -0.2306

PART 35
OFFSET  8.2005 -2.6372 -4.3605
X  0.9912 -0.0188 -0.1312
Y  0.0209  0.9997  0.0153
Z  0.1309 -0.0179  0.9912

PART 36
OFFSET  8.2005 -2.6372 -4.3605
X  0.9912 -0.0188 -0.1312
Y  0.0209  0.9997  0.0153
Z  0.1309 -0.0179  0.9912

PART 37
OFFSET  13.7571 -3.0603 -2.7237
X  0.9936 -0.0191 -0.1110
Y  0.0209  0.9997  0.0153
Z  0.1106 -0.0175  0.9937

PART 38
OFFSET  12.4120 -2.7062 -4.6364
X  0.9912 -0.0188 -0.1312
Y  0.0209  0.9997  0.0153
Z  0.1309 -0.0179  0.9912

PART 39
OFFSET  31.7438 -3.0835 -6.4079
X  0.9912 -0.0188 -0.1312
Y  0.0209  0.9997  0.0153
Z  0.1309 -0.0179  0.9912

PART 40
OFFSET -0.5285 -2.4133 -7.0407
X  0.9912 -0.0188 -0.1312
Y  0.0209  0.9997  0.0153
Z  0.1309 -0.0179  0.9912

PART 41
OFFSET  20.3804 -2.8498 -6.9733
X  0.9912 -0.0188 -0.1312
Y  0.0209  0.9997  0.0153
Z  0.1309 -0.0179  0.9912

PART 42
OFFSET  23.0385 -2.9008 -7.4619
X  0.9912 -0.0188 -0.1312
Y  0.0209  0.9997  0.0153
Z  0.1309 -0.0179  0.9912

PART 43
OFFSET  27.4039 -2.9834 -8.0400
X  0.9912 -0.0188 -0.1312
Y  0.0209  0.9997  0.0153
Z  0.1309 -0.0179  0.9912

PART 44
OFFSET -11.0338 -11.5206 -5.9739
X -0.9406  0.3251 -0.0981
Y -0.2166 -0.3517  0.9107
Z  0.2616  0.8778  0.4012

PART 45
OFFSET  0.3413 -15.4527 -4.7875
X -0.2311 -0.9644  0.1290
Y  0.9715 -0.2215  0.0846
Z -0.0530  0.1448  0.9880

PART 46
OFFSET  2.3065 -7.2505 -5.8845
X -0.2311 -0.9644  0.1290
Y  0.1288 -0.1617 -0.9784
Z  0.9644 -0.2094  0.1616

PART 47
OFFSET  2.0414 -5.8861 -7.3105
X -0.2366 -0.9635  0.1255
Y  0.0393 -0.1386 -0.9896
Z  0.9708 -0.2292  0.0707

PART 48
OFFSET  1.1973 -5.2106 -6.7457
X -0.2366 -0.9635  0.1255
Y  0.0393 -0.1386 -0.9896
Z  0.9708 -0.2292  0.0707

PART 49
OFFSET  1.2871 -4.9503 -5.4049
X -0.2366 -0.9635  0.1255
Y  0.0393 -0.1386 -0.9896
Z  0.9708 -0.2292  0.0707

PART 50
OFFSET  3.0148 -4.2941 -6.2800
X -0.9834 -0.1191 -0.1367
Y  0.1554 -0.1659 -0.9738
Z  0.0934 -0.9789  0.1817

PART 51
OFFSET  3.2689 -3.6784 -5.3534
X -0.5791 -0.6591 -0.4799
Y  0.4740  0.2067 -0.8559
Z  0.6633 -0.7231  0.1927

PART 52
OFFSET  4.4343 -2.2366 -4.2431
X -0.8692 -0.3358  0.3631
Y -0.1852 -0.4597 -0.8685
Z  0.4585 -0.8222  0.3374

PART 53
OFFSET  5.7750 -1.6299 -4.9189
X -0.4186 -0.0265  0.9078
Y -0.7192 -0.6007 -0.3492
Z  0.5546 -0.7990  0.2324

PART 54
OFFSET  6.2146 -1.5545 -5.9052
X -0.8135  0.3699  0.4488
Y  0.0357  0.8020 -0.5963
Z -0.5805 -0.4690 -0.6656

PART 55
OFFSET  3.9946 -4.1731 -7.2438
X -0.9008 -0.2581  0.3493
Y  0.3268 -0.9325  0.1535
Z  0.2861  0.2524  0.9244

PART 56
OFFSET  6.0201 -3.4420 -7.9128
X -0.1173 -0.9909  0.0662
Y  0.8972 -0.1344 -0.4207
Z  0.4258  0.0101  0.9048

PART 57
OFFSET  6.1862 -2.0391 -8.0065
X  0.7212 -0.6054 -0.3366
Y  0.5674  0.7951 -0.2142
Z  0.3973 -0.0365  0.9170

PART 58
OFFSET  5.5467 -1.5023 -7.7081
X  0.8628  0.2882 -0.4154
Y -0.2696  0.9573  0.1042
Z  0.4277  0.0221  0.9036

PART 59
OFFSET  4.7270 -1.7761 -7.3134
X -0.5525 -0.8246  0.1217
Y -0.7046  0.5401  0.4602
Z -0.4452  0.1686 -0.8794

PART 60
OFFSET  4.1206 -4.1733 -6.5412
X -0.9605 -0.2263  0.1619
Y  0.2563 -0.9461  0.1982
Z  0.1083  0.2319  0.9667

PART 61
OFFSET  6.6030 -3.6412 -7.1007
X -0.1281 -0.9746  0.1838
Y  0.8908 -0.1945 -0.4107
Z  0.4360  0.1111  0.8931

PART 62
OFFSET  6.8211 -1.9820 -7.4135
X  0.8344 -0.4237 -0.3526
Y  0.3511  0.9016 -0.2525
Z  0.4249  0.0869  0.9011

PART 63
OFFSET  5.6648 -1.3948 -6.9248
X  0.7917  0.4508 -0.4122
Y -0.4440  0.8881  0.1186
Z  0.4196  0.0891  0.9033

PART 64
OFFSET  4.8061 -1.8838 -6.4778
X -0.3744 -0.8723  0.3144
Y -0.8351  0.4646  0.2945
Z -0.4030 -0.1523 -0.9025

PART 65
OFFSET -1.1595 -5.1744 -5.9280
X -0.9294 -0.3522  0.1103
Y -0.3689  0.8948 -0.2515
Z -0.0101 -0.2744 -0.9616

PART 66
OFFSET  6.7643 -4.0685 -4.9455
X -0.9995  0.0063 -0.0296
Y -0.0089 -0.9961  0.0881
Z -0.0289  0.0884  0.9957

PART 67
OFFSET  8.5241 -4.0796 -4.8934
X -0.3708 -0.9205  0.1231
Y  0.9284 -0.3640  0.0746
Z -0.0239  0.1419  0.9896

PART 68
OFFSET  8.9734 -2.9519 -4.9829
X  0.0399 -0.9967  0.0712
Y  0.9987  0.0420  0.0279
Z -0.0308  0.0700  0.9971

PART 69
OFFSET  8.9284 -1.8261 -5.0633
X -0.9232  0.3062  0.2321
Y  0.2651  0.9449 -0.1923
Z -0.2781 -0.1160 -0.9535

PART 70
OFFSET  6.8113 -4.0856 -6.0491
X -0.2519 -0.9392  0.2332
Y  0.9339 -0.2991 -0.1956
Z  0.2535  0.1686  0.9525

PART 71
OFFSET  7.3034 -2.2508 -6.5047
X  0.8096 -0.5749 -0.1182
Y  0.5163  0.7933 -0.3226
Z  0.2793  0.2002  0.9391

PART 72
OFFSET  6.1209 -1.4110 -6.3321
X  0.8516  0.3750 -0.3664
Y -0.4404  0.8908 -0.1120
Z  0.2844  0.2567  0.9237

PART 73
OFFSET  5.1541 -1.8369 -5.9237
X -0.3898 -0.8729  0.2934
Y -0.8615  0.4582  0.2186
Z -0.3253 -0.1676 -0.9307

PART 74
OFFSET  0.0000 -0.0000 -0.0000
X  1.0000 -0.0000  0.0000
Y  0.0000  1.0000  0.0000
Z  0.0000 -0.0000  1.0000

PART 75
OFFSET  0.0000 -0.0000 -0.0000
X  0.9992 -0.0000  0.0401
Y  0.0008  0.9998 -0.0203
Z -0.0401  0.0203  0.9990

PART 76
OFFSET  1.3735  0.0839  4.1933
X  0.9992 -0.0000  0.0401
Y  0.0008  0.9998 -0.0203
Z -0.0401  0.0203  0.9990


FRAME 2087
PART 0
OFFSET -4.6318 -0.0000 -1.3770
X  1.0000 -0.0000  0.0000
Y  0.0000  1.0000  0.0000
Z  0.0000 -0.0000  1.0000

PART 1
OFFSET -4.6318 -0.0000 -1.3770
X  1.0000 -0.0000  0.0000
Y  0.0000  1.0000  0.0000
Z  0.0000 -0.0000  1.0000

PART 2
OFFSET -3.5060  6.3408 -6.7125
X  0.7501 -0.3512 -0.5604
Y -0.0570 -0.8785  0.4743
Z -0.6589 -0.3239 -0.6790

PART 3
OFFSET  5.5655  2.0933 -13.4897
X  0.7724 -0.2846  0.5678
Y -0.5052  0.2664  0.8208
Z -0.3849 -0.9209  0.0620

PART 4
OFFSET  12.1353 -0.3272 -8.6605
X  0.7724 -0.2846  0.5678
Y -0.6309 -0.2412  0.7374
Z -0.0729 -0.9278 -0.3658

PART 5
OFFSET  14.2937  0.7042 -8.6208
X  0.7764 -0.2837  0.5627
Y  0.3900  0.9177 -0.0754
Z -0.4951  0.2780  0.8232

PART 6
OFFSET  13.2719 -1.6227 -9.0700
X  0.7764 -0.2837  0.5627
Y  0.3900  0.9177 -0.0754
Z -0.4951  0.2780  0.8232

PART 7
OFFSET  13.4266  0.8007 -6.4702
X  0.7764 -0.2837  0.5627
Y  0.3900  0.9177 -0.0754
Z -0.4951  0.2780  0.8232

PART 8
OFFSET  12.7592 -0.6235 -6.4532
X  0.7764 -0.2837  0.5627
Y  0.3900  0.9177 -0.0754
Z -0.4951  0.2780  0.8232

PART 9
OFFSET  12.2930 -1.7146 -7.0375
X  0.7764 -0.2837  0.5627
Y  0.3900  0.9177 -0.0754
Z -0.4951  0.2780  0.8232

PART 10
OFFSET  14.5033 -1.1997 -6.9199
X  0.9798 -0.1065  0.1695
Y -0.1943 -0.3027  0.9331
Z -0.0480 -0.9471 -0.3172

PART 11
OFFSET  14.7367 -1.9285 -6.0734
X  0.6416 -0.7018  0.3098
Y -0.4460 -0.0127  0.8949
Z -0.6241 -0.7123 -0.3212

PART 12
OFFSET  16.0419 -3.4838 -5.3335
X  0.9225 -0.1558 -0.3532
Y  0.1818 -0.6317  0.7536
Z -0.3405 -0.7594 -0.5544

PART 13
OFFSET  17.4822 -3.7826 -6.0108
X  0.2363  0.2877 -0.9281
Y  0.8267 -0.5614  0.0365
Z -0.5105 -0.7759 -0.3705

PART 14
OFFSET  17.7284 -3.5166 -7.0308
X  0.6728  0.5951 -0.4396
Y  0.0039  0.5913  0.8065
Z  0.7399 -0.5443  0.3954

PART 15
OFFSET  15.5307 -1.1571 -7.8396
X  0.9423 -0.0582 -0.3296
Y -0.1024 -0.9877 -0.1183
Z -0.3186  0.1452 -0.9367

PART 16
OFFSET  17.6819 -1.4301 -8.4582
X  0.3828 -0.9205 -0.0778
Y -0.8518 -0.3843  0.3560
Z -0.3576 -0.0700 -0.9312

PART 17
OFFSET  18.2239 -2.7334 -8.5684
X -0.8337 -0.4423  0.3305
Y -0.4521  0.8905  0.0512
Z -0.3170 -0.1068 -0.9424

PART 18
OFFSET  17.4847 -3.1256 -8.2753
X -0.9400  0.0561  0.3365
Y  0.0382  0.9975 -0.0596
Z -0.3390 -0.0432 -0.9398

PART 19
OFFSET  16.5916 -3.0723 -7.9557
X  0.7440 -0.6629 -0.0840
Y  0.5909  0.7115 -0.3803
Z  0.3118  0.2333  0.9210

PART 20
OFFSET  15.6238 -1.2494 -7.1380
X  0.9918 -0.0141 -0.1271
Y -0.0595 -0.9305 -0.3613
Z -0.1132  0.3659 -0.9237

PART 21
OFFSET  18.1844 -1.3744 -7.5695
X  0.3999 -0.8941 -0.2017
Y -0.8520 -0.4437  0.2779
Z -0.3380  0.0608 -0.9392

PART 22
OFFSET  18.8651 -2.8966 -7.9129
X -0.8360 -0.4823  0.2619
Y -0.4463  0.8751  0.1870
Z -0.3193  0.0394 -0.9468

PART 23
OFFSET  17.7065 -3.5650 -7.5500
X -0.8244  0.4827  0.2956
Y  0.4706  0.8747 -0.1161
Z -0.3146  0.0434 -0.9482

PART 24
OFFSET  16.8125 -3.0415 -7.2295
X  0.3912 -0.8930 -0.2225
Y  0.8711  0.4373 -0.2236
Z  0.2970 -0.1063  0.9489

PART 25
OFFSET  17.1893 -2.5162 -5.0858
X  0.9461 -0.3050 -0.1092
Y  0.3230  0.8627  0.3890
Z -0.0245 -0.4033  0.9147

PART 26
OFFSET  18.1922 -1.4909 -5.4377
X  0.9703 -0.1515 -0.1885
Y -0.2152 -0.8966 -0.3870
Z -0.1104  0.4161 -0.9026

PART 27
OFFSET  19.9006 -1.7576 -5.7696
X  0.8213 -0.4269 -0.3784
Y -0.5520 -0.7623 -0.3380
Z -0.1442  0.4865 -0.8617

PART 28
OFFSET  20.9078 -2.3062 -6.1773
X  0.6219 -0.6964 -0.3582
Y -0.7811 -0.5844 -0.2199
Z -0.0562  0.4165 -0.9074

PART 29
OFFSET  21.6102 -3.0928 -6.5819
X  0.4869  0.8714  0.0599
Y -0.8136  0.4275  0.3940
Z  0.3178 -0.2405  0.9171

PART 30
OFFSET  18.2900 -1.3210 -6.5249
X  0.4785 -0.7992 -0.3638
Y -0.7931 -0.5712  0.2116
Z -0.3769  0.1873 -0.9071

PART 31
OFFSET  19.2248 -2.8823 -7.2356
X -0.8165 -0.5185  0.2540
Y -0.4047  0.8277  0.3888
Z -0.4119  0.2146 -0.8856

PART 32
OFFSET  18.0323 -3.6396 -6.8645
X -0.8158  0.3235  0.4794
Y  0.4099  0.9082  0.0846
Z -0.4080  0.2656 -0.8735

PART 33
OFFSET  17.1052 -3.2719 -6.3278
X  0.3898 -0.8451 -0.3658
Y  0.8061  0.5052 -0.3083
Z  0.4453 -0.1747  0.8782

PART 34
OFFSET  17.1911 -2.7686 -7.4466
X -0.1662  0.3208 -0.9325
Y  0.0480  0.9471  0.3172
Z  0.9849  0.0079 -0.1729

PART 35
OFFSET  8.2075 -2.5959 -4.2790
X  0.9971 -0.0186 -0.0743
Y  0.0251  0.9958  0.0880
Z  0.0723 -0.0897  0.9933

PART 36
OFFSET  8.2075 -2.5959 -4.2790
X  0.9971 -0.0186 -0.0743
Y  0.0251  0.9958  0.0880
Z  0.0723 -0.0897  0.9933

PART 37
OFFSET  13.6559 -3.1863 -2.3557
X  0.9983 -0.0204 -0.0539
Y  0.0251  0.9958  0.0880
Z  0.0519 -0.0893  0.9947

PART 38
OFFSET  12.4275 -2.6843 -4.3132
X  0.9971 -0.0186 -0.0743
Y  0.0251  0.9958  0.0880
Z  0.0723 -0.0897  0.9933

PART 39
OFFSET  31.8278 -3.1142 -4.9775
X  0.9971 -0.0186 -0.0743
Y  0.0251  0.9958  0.0880
Z  0.0723 -0.0897  0.9933

PART 40
OFFSET -0.3476 -2.1005 -7.4404
X  0.9971 -0.0186 -0.0743
Y  0.0251  0.9958  0.0880
Z  0.0723 -0.0897  0.9933

PART 41
OFFSET  20.5186 -2.7352 -6.1860
X  0.9971 -0.0186 -0.0743
Y  0.0251  0.9958  0.0880
Z  0.0723 -0.0897  0.9933

PART 42
OFFSET  23.2006 -2.7759 -6.5213
X  0.9971 -0.0186 -0.0743
Y  0.0251  0.9958  0.0880
Z  0.0723 -0.0897  0.9933

PART 43
OFFSET  27.5919 -2.8577 -6.8483
X  0.9971 -0.0186 -0.0743
Y  0.0251  0.9958  0.0880
Z  0.0723 -0.0897  0.9933

PART 44
OFFSET -11.5478 -10.9961 -6.0589
X -0.9397  0.3388 -0.0461
Y -0.1840 -0.3877  0.9033
Z  0.2881  0.8573  0.4266

PART 45
OFFSET -0.1827 -15.0931 -5.5018
X -0.2867 -0.9532  0.0959
Y  0.9579 -0.2841  0.0406
Z -0.0114  0.1035  0.9946

PART 46
OFFSET  2.2562 -6.9858 -6.3173
X -0.2867 -0.9532  0.0959
Y  0.0127 -0.1039 -0.9945
Z  0.9579 -0.2839  0.0419

PART 47
OFFSET  2.0306 -5.5454 -7.6735
X -0.2924 -0.9518  0.0927
Y -0.0018 -0.0963 -0.9953
Z  0.9563 -0.2912  0.0264

PART 48
OFFSET  1.2495 -4.8453 -7.0509
X -0.2924 -0.9518  0.0927
Y -0.0018 -0.0963 -0.9953
Z  0.9563 -0.2912  0.0264

PART 49
OFFSET  1.3993 -4.6513 -5.7043
X -0.2924 -0.9518  0.0927
Y -0.0018 -0.0963 -0.9953
Z  0.9563 -0.2912  0.0264

PART 50
OFFSET  3.1352 -4.0636 -6.6113
X -0.9743 -0.1000 -0.2019
Y  0.2116 -0.0976 -0.9725
Z  0.0775 -0.9902  0.1162

PART 51
OFFSET  3.3375 -3.5179 -5.6297
X -0.5532 -0.6178 -0.5588
Y  0.5246  0.2627 -0.8098
Z  0.6471 -0.7411  0.1787

PART 52
OFFSET  4.4429 -2.1697 -4.3530
X -0.8907 -0.3527  0.2868
Y -0.1362 -0.3949 -0.9086
Z  0.4337 -0.8483  0.3037

PART 53
OFFSET  5.8241 -1.5289 -4.9042
X -0.4714 -0.0872  0.8776
Y -0.7004 -0.5676 -0.4326
Z  0.5359 -0.8187  0.2065

PART 54
OFFSET  6.3213 -1.3875 -5.8553
X -0.8366  0.3445  0.4260
Y  0.0748  0.8421 -0.5342
Z -0.5428 -0.4150 -0.7302

PART 55
OFFSET  4.1705 -3.8834 -7.5052
X -0.9210 -0.2740  0.2768
Y  0.3124 -0.9441  0.1051
Z  0.2325  0.1833  0.9552

PART 56
OFFSET  6.2355 -3.1253 -8.0009
X -0.1261 -0.9919 -0.0119
Y  0.9197 -0.1124 -0.3763
Z  0.3719 -0.0584  0.9264

PART 57
OFFSET  6.4141 -1.7209 -7.9840
X  0.7367 -0.5866 -0.3365
Y  0.5831  0.8030 -0.1232
Z  0.3425 -0.1055  0.9336

PART 58
OFFSET  5.7609 -1.2009 -7.6856
X  0.8872  0.3090 -0.3427
Y -0.2703  0.9499  0.1567
Z  0.3740 -0.0463  0.9263

PART 59
OFFSET  4.9180 -1.4944 -7.3601
X -0.5629 -0.8260  0.0298
Y -0.7277  0.5125  0.4559
Z -0.3918  0.2349 -0.8895

PART 60
OFFSET  4.2550 -3.9348 -6.7983
X -0.9695 -0.2283  0.0890
Y  0.2394 -0.9601  0.1445
Z  0.0525  0.1614  0.9855

PART 61
OFFSET  6.7687 -3.3873 -7.1725
X -0.1437 -0.9840  0.1057
Y  0.9124 -0.1731 -0.3710
Z  0.3833  0.0431  0.9226

PART 62
OFFSET  7.0133 -1.7121 -7.3525
X  0.8515 -0.4052 -0.3328
Y  0.3700  0.9140 -0.1663
Z  0.3716  0.0185  0.9282

PART 63
OFFSET  5.8332 -1.1505 -6.8912
X  0.8169  0.4717 -0.3320
Y -0.4456  0.8815  0.1559
Z  0.3662  0.0206  0.9303

PART 64
OFFSET  4.9473 -1.6621 -6.5311
X -0.3967 -0.8890  0.2287
Y -0.8486  0.4502  0.2779
Z -0.3500 -0.0838 -0.9330

PART 65
OFFSET -1.0571 -4.9279 -6.5671
X -0.9361 -0.3505  0.0304
Y -0.3489  0.9138 -0.2078
Z  0.0451 -0.2051 -0.9777

PART 66
OFFSET  6.8008 -3.9685 -5.0478
X -0.9960  0.0177 -0.0873
Y -0.0191 -0.9997  0.0159
Z -0.0870  0.0175  0.9961

PART 67
OFFSET  8.5544 -3.9996 -4.8942
X -0.3821 -0.9235  0.0350
Y  0.9205 -0.3770  0.1023
Z -0.0813  0.0713  0.9941

PART 68
OFFSET  9.0140 -2.8726 -4.8763
X  0.0305 -0.9995  0.0018
Y  0.9956  0.0306  0.0890
Z -0.0890 -0.0009  0.9960

PART 69
OFFSET  8.9795 -1.7437 -4.8783
X -0.9337  0.2975  0.1992
Y  0.2808  0.9536 -0.1083
Z -0.2222 -0.0452 -0.9740

PART 70
OFFSET  6.9125 -3.9074 -6.1452
X -0.2700 -0.9511  0.1503
Y  0.9423 -0.2931 -0.1618
Z  0.1979  0.0979  0.9753

PART 71
OFFSET  7.4400 -2.0494 -6.4387
X  0.8122 -0.5726 -0.1117
Y  0.5384  0.8095 -0.2343
Z  0.2246  0.1302  0.9657

PART 72
OFFSET  6.2536 -1.2131 -6.2756
X  0.8735  0.3922 -0.2883
Y -0.4285  0.9005 -0.0733
Z  0.2309  0.1876  0.9547

PART 73
OFFSET  5.2624 -1.6580 -5.9558
X -0.4109 -0.8879  0.2069
Y -0.8705  0.4495  0.2003
Z -0.2708 -0.0978 -0.9576

PART 74
OFFSET  0.0000 -0.0000 -0.0000
X  1.0000 -0.0000  0.0000
Y  0.0000  1.0000  0.0000
Z  0.0000 -0.0000  1.0000

PART 75
OFFSET -0.0000 -0.0000 -0.0000
X  1.0000 -0.0000 -0.0052
Y  0.0003  0.9988  0.0495
Z  0.0052 -0.0495  0.9988

PART 76
OFFSET  1.5618 -0.2048  4.1227
X  1.0000 -0.0000 -0.0052
Y  0.0003  0.9988  0.0495
Z  0.0052 -0.0495  0.9988


FRAME 2088
PART 0
OFFSET -4.6318 -0.0000 -1.3770
X  1.0000 -0.0000  0.0000
Y  0.0000  1.0000  0.0000
Z  0.0000 -0.0000  1.0000

PART 1
OFFSET -4.6318 -0.0000 -1.3770
X  1.0000 -0.0000  0.0000
Y  0.0000  1.0000  0.0000
Z  0.0000 -0.0000  1.0000

PART 2
OFFSET -3.5060  6.3408 -6.7125
X  0.7796 -0.3404 -0.5258
Y -0.0640 -0.8784  0.4737
Z -0.6230 -0.3356 -0.7065

PART 3
OFFSET  5.9220  2.2246 -13.0712
X  0.7596 -0.2753  0.5893
Y -0.5331  0.2556  0.8065
Z -0.3727 -0.9268  0.0474

PART 4
OFFSET  12.3826 -0.1169 -8.0592
X  0.7596 -0.2753  0.5893
Y -0.6503 -0.3046  0.6960
Z -0.0121 -0.9118 -0.4104

PART 5
OFFSET  14.5232  0.9464 -7.9523
X  0.7637 -0.2743  0.5844
Y  0.3782  0.9237 -0.0606
Z -0.5232  0.2673  0.8092

PART 6
OFFSET  13.5501 -1.3937 -8.4396
X  0.7637 -0.2743  0.5844
Y  0.3782  0.9237 -0.0606
Z -0.5232  0.2673  0.8092

PART 7
OFFSET  13.5918  1.0215 -5.8278
X  0.7637 -0.2743  0.5844
Y  0.3782  0.9237 -0.0606
Z -0.5232  0.2673  0.8092

PART 8
OFFSET  12.9457 -0.4126 -5.8355
X  0.7637 -0.2743  0.5844
Y  0.3782  0.9237 -0.0606
Z -0.5232  0.2673  0.8092

PART 9
OFFSET  12.5133 -1.5082 -6.4371
X  0.7637 -0.2743  0.5844
Y  0.3782  0.9237 -0.0606
Z -0.5232  0.2673  0.8092

PART 10
OFFSET  14.7112 -0.9608 -6.2527
X  0.9653 -0.1180  0.2330
Y -0.2605 -0.3715  0.8911
Z -0.0186 -0.9209 -0.3893

PART 11
OFFSET  14.8864 -1.7505 -5.4477
X  0.6215 -0.7223  0.3033
Y -0.5105 -0.0797  0.8562
Z -0.5942 -0.6869 -0.4183

PART 12
OFFSET  16.1435 -3.3555 -4.7310
X  0.9469 -0.1283 -0.2947
Y  0.1299 -0.6859  0.7160
Z -0.2940 -0.7163 -0.6328

PART 13
OFFSET  17.6315 -3.6018 -5.3204
X  0.3021  0.3562 -0.8842
Y  0.8254 -0.5619  0.0556
Z -0.4770 -0.7466 -0.4637

PART 14
OFFSET  17.9504 -3.2604 -6.2969
X  0.6995  0.6268 -0.3434
Y -0.0591  0.5296  0.8462
Z  0.7122 -0.5716  0.4075

PART 15
OFFSET  15.8032 -0.8490 -7.0884
X  0.9644 -0.0327 -0.2625
Y -0.0871 -0.9762 -0.1985
Z -0.2498  0.2143 -0.9443

PART 16
OFFSET  17.9957 -1.0734 -7.5651
X  0.3933 -0.9119 -0.1175
Y -0.8732 -0.4105  0.2627
Z -0.2878 -0.0007 -0.9577

PART 17
OFFSET  18.5526 -2.3644 -7.7314
X -0.8530 -0.4664  0.2344
Y -0.4603  0.8838  0.0836
Z -0.2462 -0.0366 -0.9685

PART 18
OFFSET  17.7963 -2.7780 -7.5236
X -0.9626  0.0301  0.2694
Y  0.0362  0.9992  0.0175
Z -0.2687  0.0266 -0.9629

PART 19
OFFSET  16.8819 -2.7493 -7.2677
X  0.7524 -0.6541 -0.0778
Y  0.6128  0.7383 -0.2818
Z  0.2418  0.1643  0.9563

PART 20
OFFSET  15.8450 -0.9933 -6.3906
X  0.9985 -0.0037 -0.0543
Y -0.0269 -0.9011 -0.4328
Z -0.0473  0.4336 -0.8999

PART 21
OFFSET  18.4311 -1.0837 -6.6401
X  0.4193 -0.8763 -0.2375
Y -0.8673 -0.4639  0.1806
Z -0.2684  0.1303 -0.9545

PART 22
OFFSET  19.1449 -2.5755 -7.0444
X -0.8499 -0.5011  0.1629
Y -0.4644  0.8584  0.2180
Z -0.2491  0.1096 -0.9623

PART 23
OFFSET  17.9670 -3.2700 -6.8186
X -0.8469  0.4587  0.2689
Y  0.4723  0.8813 -0.0158
Z -0.2443  0.1136 -0.9630

PART 24
OFFSET  17.0485 -2.7726 -6.5269
X  0.4121 -0.8736 -0.2587
Y  0.8824  0.4534 -0.1257
Z  0.2271 -0.1765  0.9577

PART 25
OFFSET  17.2634 -2.4080 -4.3282
X  0.9534 -0.2952 -0.0614
Y  0.2881  0.8316  0.4747
Z -0.0891 -0.4703  0.8780

PART 26
OFFSET  18.2830 -1.3585 -4.5280
X  0.9825 -0.1362 -0.1271
Y -0.1805 -0.8655 -0.4673
Z -0.0464  0.4821 -0.8749

PART 27
OFFSET  20.0128 -1.5984 -4.7519
X  0.8496 -0.3969 -0.3475
Y -0.5208 -0.7355 -0.4334
Z -0.0835  0.5492 -0.8315

PART 28
OFFSET  21.0507 -2.1143 -5.1238
X  0.6509 -0.6673 -0.3620
Y -0.7591 -0.5671 -0.3197
Z  0.0080  0.4829 -0.8756

PART 29
OFFSET  21.7859 -2.8680 -5.5327
X  0.4756  0.8650  0.1601
Y -0.8431  0.3963  0.3636
Z  0.2510 -0.3079  0.9177

PART 30
OFFSET  18.4593 -1.1081 -5.5895
X  0.5090 -0.7694 -0.3858
Y -0.8029 -0.5860  0.1095
Z -0.3103  0.2540 -0.9161

PART 31
OFFSET  19.4537 -2.6113 -6.3431
X -0.8296 -0.5367  0.1539
Y -0.4374  0.7961  0.4182
Z -0.3470  0.2797 -0.8952

PART 32
OFFSET  18.2420 -3.3952 -6.1183
X -0.8508  0.2863  0.4406
Y  0.3968  0.8997  0.1818
Z -0.3443  0.3295 -0.8791

PART 33
OFFSET  17.2756 -3.0693 -5.6257
X  0.4210 -0.8152 -0.3978
Y  0.8233  0.5274 -0.2096
Z  0.3807 -0.2393  0.8932

PART 34
OFFSET  17.4403 -2.4839 -6.6946
X -0.0993  0.3892 -0.9158
Y  0.0186  0.9209  0.3893
Z  0.9949  0.0216 -0.0987

PART 35
OFFSET  8.2473 -2.5551 -4.1944
X  0.9999 -0.0122 -0.0017
Y  0.0123  0.9865  0.1633
Z -0.0003 -0.1633  0.9866

PART 36
OFFSET  8.2473 -2.5551 -4.1944
X  0.9999 -0.0122 -0.0017
Y  0.0123  0.9865  0.1633
Z -0.0003 -0.1633  0.9866

PART 37
OFFSET  13.5432 -3.2826 -1.9235
X  0.9997 -0.0155  0.0185
Y  0.0123  0.9865  0.1633
Z -0.0208 -0.1630  0.9864

PART 38
OFFSET  12.4588 -2.6372 -3.9236
X  0.9999 -0.0122 -0.0017
Y  0.0123  0.9865  0.1633
Z -0.0003 -0.1633  0.9866

PART 39
OFFSET  31.8578 -3.0002 -3.1848
X  0.9999 -0.0122 -0.0017
Y  0.0123  0.9865  0.1633
Z -0.0003 -0.1633  0.9866

PART 40
OFFSET -0.0553 -1.8328 -7.9329
X  0.9999 -0.0122 -0.0017
Y  0.0123  0.9865  0.1633
Z -0.0003 -0.1633  0.9866

PART 41
OFFSET  20.6659 -2.5417 -5.1929
X  0.9999 -0.0122 -0.0017
Y  0.0123  0.9865  0.1633
Z -0.0003 -0.1633  0.9866

PART 42
OFFSET  23.3655 -2.5551 -5.3315
X  0.9999 -0.0122 -0.0017
Y  0.0123  0.9865  0.1633
Z -0.0003 -0.1633  0.9866

PART 43
OFFSET  27.7694 -2.6087 -5.3389
X  0.9999 -0.0122 -0.0017
Y  0.0123  0.9865  0.1633
Z -0.0003 -0.1633  0.9866

PART 44
OFFSET -12.3053 -10.2232 -6.1842
X -0.9330  0.3577  0.0383
Y -0.1421 -0.4642  0.8743
Z  0.3305  0.8103  0.4839

PART 45
OFFSET -1.0211 -14.5493 -6.6471
X -0.3794 -0.9247  0.0302
Y  0.9241 -0.3804 -0.0376
Z  0.0462  0.0137  0.9988

PART 46
OFFSET  2.2063 -6.6842 -6.9043
X -0.3794 -0.9247  0.0302
Y  0.0226 -0.0419 -0.9989
Z  0.9249 -0.3783  0.0368

PART 47
OFFSET  2.0681 -5.1117 -8.1181
X -0.3850 -0.9225  0.0275
Y -0.0587 -0.0052 -0.9983
Z  0.9210 -0.3860 -0.0522

PART 48
OFFSET  1.3942 -4.3967 -7.3953
X -0.3850 -0.9225  0.0275
Y -0.0587 -0.0052 -0.9983
Z  0.9210 -0.3860 -0.0522

PART 49
OFFSET  1.6266 -4.3412 -6.0475
X -0.3850 -0.9225  0.0275
Y -0.0587 -0.0052 -0.9983
Z  0.9210 -0.3860 -0.0522

PART 50
OFFSET  3.3695 -3.8493 -6.9971
X -0.9561 -0.0855 -0.2801
Y  0.2831 -0.0247 -0.9588
Z  0.0750 -0.9960  0.0478

PART 51
OFFSET  3.4957 -3.3781 -5.9654
X -0.5067 -0.5749 -0.6424
Y  0.5810  0.3228 -0.7472
Z  0.6369 -0.7518  0.1705

PART 52
OFFSET  4.4957 -2.1278 -4.5141
X -0.9071 -0.3738  0.1933
Y -0.0665 -0.3263 -0.9429
Z  0.4156 -0.8682  0.2711

PART 53
OFFSET  5.9096 -1.4465 -4.9128
X -0.5341 -0.1527  0.8315
Y -0.6631 -0.5344 -0.5241
Z  0.5244 -0.8313  0.1842

PART 54
OFFSET  6.4744 -1.2343 -5.8115
X -0.8678  0.3111  0.3875
Y  0.1085  0.8796 -0.4632
Z -0.4850 -0.3599 -0.7970

PART 55
OFFSET  4.4666 -3.6021 -7.7963
X -0.9371 -0.2946  0.1870
Y  0.3098 -0.9491  0.0575
Z  0.1605  0.1118  0.9807

PART 56
OFFSET  6.5576 -2.8075 -8.0806
X -0.1186 -0.9884 -0.0948
Y  0.9455 -0.0833 -0.3147
Z  0.3032 -0.1269  0.9444

PART 57
OFFSET  6.7256 -1.4081 -7.9465
X  0.7631 -0.5592 -0.3238
Y  0.5855  0.8104 -0.0199
Z  0.2736 -0.1744  0.9459

PART 58
OFFSET  6.0489 -0.9123 -7.6593
X  0.9080  0.3344 -0.2525
Y -0.2871  0.9354  0.2064
Z  0.3052 -0.1149  0.9453

PART 59
OFFSET  5.1863 -1.2300 -7.4195
X -0.5584 -0.8264 -0.0732
Y -0.7625  0.4765  0.4377
Z -0.3268  0.3002 -0.8961

PART 60
OFFSET  4.4992 -3.7060 -7.0908
X -0.9720 -0.2352  0.0001
Y  0.2342 -0.9680  0.0901
Z -0.0211  0.0876  0.9959

PART 61
OFFSET  7.0301 -3.1300 -7.2369
X -0.1448 -0.9892  0.0215
Y  0.9383 -0.1442 -0.3144
Z  0.3142 -0.0254  0.9490

PART 62
OFFSET  7.2767 -1.4459 -7.2735
X  0.8762 -0.3786 -0.2983
Y  0.3754  0.9242 -0.0703
Z  0.3022 -0.0504  0.9519

PART 63
OFFSET  6.0624 -0.9212 -6.8602
X  0.8361  0.4958 -0.2349
Y -0.4615  0.8671  0.1876
Z  0.2967 -0.0484  0.9538

PART 64
OFFSET  5.1556 -1.4589 -6.6054
X -0.4068 -0.9039  0.1322
Y -0.8696  0.4275  0.2472
Z -0.2799 -0.0144 -0.9599

PART 65
OFFSET -0.8091 -4.7179 -7.3266
X -0.9335 -0.3526 -0.0649
Y -0.3385  0.9265 -0.1646
Z  0.1181 -0.1317 -0.9842

PART 66
OFFSET  6.9096 -3.8678 -5.1646
X -0.9870  0.0233 -0.1590
Y -0.0139 -0.9981 -0.0598
Z -0.1600 -0.0568  0.9855

PART 67
OFFSET  8.6474 -3.9089 -4.8848
X -0.3778 -0.9238 -0.0619
Y  0.9129 -0.3828  0.1417
Z -0.1546 -0.0030  0.9880

PART 68
OFFSET  9.0972 -2.7860 -4.7495
X  0.0367 -0.9969 -0.0701
Y  0.9861  0.0247  0.1643
Z -0.1620 -0.0752  0.9839

PART 69
OFFSET  9.0558 -1.6600 -4.6702
X -0.9477  0.2811  0.1513
Y  0.2819  0.9593 -0.0162
Z -0.1497  0.0273 -0.9884

PART 70
OFFSET  7.1013 -3.7251 -6.2432
X -0.2743 -0.9598  0.0589
Y  0.9535 -0.2794 -0.1131
Z  0.1251  0.0252  0.9918

PART 71
OFFSET  7.6372 -1.8500 -6.3583
X  0.8218 -0.5620 -0.0937
Y  0.5490  0.8251 -0.1332
Z  0.1522  0.0581  0.9866

PART 72
OFFSET  6.4368 -1.0291 -6.2215
X  0.8899  0.4133 -0.1932
Y -0.4277  0.9032 -0.0377
Z  0.1589  0.1162  0.9804

PART 73
OFFSET  5.4275 -1.4975 -6.0097
X -0.4193 -0.9012  0.1096
Y -0.8857  0.4326  0.1683
Z -0.1991 -0.0265 -0.9796

PART 74
OFFSET  0.0000 -0.0000 -0.0000
X  1.0000 -0.0000  0.0000
Y  0.0000  1.0000  0.0000
Z  0.0000 -0.0000  1.0000

PART 75
OFFSET -0.0000 -0.0000 -0.0000
X  0.9994 -0.0000 -0.0349
Y  0.0030  0.9964  0.0847
Z  0.0348 -0.0848  0.9958

PART 76
OFFSET  1.6833 -0.3506  4.0646
X  0.9994 -0.0000 -0.0349
Y  0.0030  0.9964  0.0847
Z  0.0348 -0.0848  0.9958


FRAME 2089
PART 0
OFFSET -4.6318 -0.0000 -1.3770
X  1.0000 -0.0000  0.0000
Y  0.0000  1.0000  0.0000
Z  0.0000 -0.0000  1.0000

PART 1
OFFSET -4.6318 -0.0000 -1.3770
X  1.0000 -0.0000  0.0000
Y  0.0000  1.0000  0.0000
Z  0.0000 -0.0000  1.0000

PART 2
OFFSET -3.5060  6.3408 -6.7125
X  0.7999 -0.3258 -0.5041
Y -0.0714 -0.8856  0.4590
Z -0.5959 -0.3311 -0.7316

PART 3
OFFSET  6.1673  2.4010 -12.8090
X  0.7482 -0.2794  0.6017
Y -0.5539  0.2362  0.7984
Z -0.3652 -0.9307  0.0220

PART 4
OFFSET  12.5313  0.0247 -7.6909
X  0.7482 -0.2794  0.6017
Y -0.6632 -0.3408  0.6664
Z  0.0189 -0.8977 -0.4402

PART 5
OFFSET  14.6591  1.1044 -7.5150
X  0.7525 -0.2783  0.5969
Y  0.3711  0.9279 -0.0351
Z -0.5441  0.2480  0.8015

PART 6
OFFSET  13.7189 -1.2348 -8.0670
X  0.7525 -0.2783  0.5969
Y  0.3711  0.9279 -0.0351
Z -0.5441  0.2480  0.8015

PART 7
OFFSET  13.6782  1.1326 -5.4118
X  0.7525 -0.2783  0.5969
Y  0.3711  0.9279 -0.0351
Z -0.5441  0.2480  0.8015

PART 8
OFFSET  13.0456 -0.3066 -5.4604
X  0.7525 -0.2783  0.5969
Y  0.3711  0.9279 -0.0351
Z -0.5441  0.2480  0.8015

PART 9
OFFSET  12.6372 -1.3948 -6.0916
X  0.7525 -0.2783  0.5969
Y  0.3711  0.9279 -0.0351
Z -0.5441  0.2480  0.8015

PART 10
OFFSET  14.8252 -0.8318 -5.8461
X  0.9542 -0.1233  0.2725
Y -0.2990 -0.4082  0.8625
