// Export filename: `C:\projects\cod\t5\xanim_export\t5_viewmodels\ak47\ak47_flame_putaway.XANIM_EXPORT`
// Source filename: `D:\projects\devanim\t5\animation_assets\viewmodels\ak47\ViewModel_AK47_FlameThrower_animated.fbx`
// Export time: Sat Jun 05 16:32:18 2010

ANIMATION
VERSION 3

NUMPARTS 81
PART 0 "tag_ads"
PART 1 "tag_torso"
PART 2 "J_Shoulder_LE"
PART 3 "J_Elbow_LE"
PART 4 "J_WristTwist_LE"
PART 5 "J_Sleave_Reshape_Bottom_LE_1"
PART 6 "J_Sleave_Reshape_Bottom_LE_2"
PART 7 "J_Sleave_Reshape_Top_LE_1"
PART 8 "J_Sleave_Reshape_Top_LE_2"
PART 9 "J_Sleave_Reshape_Top_LE_3"
PART 10 "J_Wrist_LE"
PART 11 "J_Thumb_LE_0"
PART 12 "J_Thumb_LE_1"
PART 13 "J_Thumb_LE_2"
PART 14 "J_Thumb_LE_3"
PART 15 "J_PinkyPalm_LE"
PART 16 "J_Pinky_LE_0"
PART 17 "J_Pinky_LE_1"
PART 18 "J_Pinky_LE_2"
PART 19 "J_Pinky_LE_3"
PART 20 "J_RingPalm_LE"
PART 21 "J_Ring_LE_0"
PART 22 "J_Ring_LE_1"
PART 23 "J_Ring_LE_2"
PART 24 "J_Ring_LE_3"
PART 25 "J_Webbing_LE"
PART 26 "J_Index_LE_0"
PART 27 "J_Index_LE_1"
PART 28 "J_Index_LE_2"
PART 29 "J_Index_LE_3"
PART 30 "J_Mid_LE_0"
PART 31 "J_Mid_LE_1"
PART 32 "J_Mid_LE_2"
PART 33 "J_Mid_LE_3"
PART 34 "tag_knife_attach"
PART 35 "tag_weapon"
PART 36 "J_Gun"
PART 37 "J_bolt"
PART 38 "TAG_CLIP"
PART 39 "TAG_FLASH"
PART 40 "tag_flame_unit"
PART 41 "tag_flamer_big_nozel"
PART 42 "tag_flamer_bracket"
PART 43 "tag_flamer_bottle"
PART 44 "tag_flamer_button"
PART 45 "tag_flamer_ring"
PART 46 "tag_flamer_flame"
PART 47 "tag_flamer_pilot_light"
PART 48 "J_Shoulder_RI"
PART 49 "J_Elbow_RI"
PART 50 "J_WristTwist_RI"
PART 51 "J_Sleave_Reshape_Top_RI_3"
PART 52 "J_Sleave_Reshape_Top_RI_2"
PART 53 "J_Sleave_Reshape_Top_RI_1"
PART 54 "J_Wrist_RI"
PART 55 "J_Thumb_RI_0"
PART 56 "J_Thumb_RI_1"
PART 57 "J_Thumb_RI_2"
PART 58 "J_Thumb_RI_3"
PART 59 "J_PinkyPalm_RI"
PART 60 "J_Pinky_RI_0"
PART 61 "J_Pinky_RI_1"
PART 62 "J_Pinky_RI_2"
PART 63 "J_Pinky_RI_3"
PART 64 "J_RingPalm_RI"
PART 65 "J_Ring_RI_0"
PART 66 "J_Ring_RI_1"
PART 67 "J_Ring_RI_2"
PART 68 "J_Ring_RI_3"
PART 69 "J_Webbing_RI"
PART 70 "J_Index_RI_0"
PART 71 "J_Index_RI_1"
PART 72 "J_Index_RI_2"
PART 73 "J_Index_RI_3"
PART 74 "J_Mid_RI_0"
PART 75 "J_Mid_RI_1"
PART 76 "J_Mid_RI_2"
PART 77 "J_Mid_RI_3"
PART 78 "tag_cambone"
PART 79 "tag_camera"
PART 80 "tag_gasmask"

FRAMERATE 30
NUMFRAMES 32

FRAME 100
PART 0
OFFSET -4.6318 -0.0000 -1.3770
X  1.0000 -0.0000  0.0000
Y  0.0000  1.0000  0.0000
Z  0.0000 -0.0000  1.0000

PART 1
OFFSET -4.6318 -0.0000 -1.3770
X  1.0000 -0.0000  0.0000
Y  0.0000  1.0000  0.0000
Z  0.0000 -0.0000  1.0000

PART 2
OFFSET -3.5060  6.3408 -6.7125
X  0.8925 -0.1858 -0.4109
Y -0.1421 -0.9806  0.1347
Z -0.4280 -0.0618 -0.9017

PART 3
OFFSET  7.2882  4.0942 -11.6824
X  0.8286 -0.4519  0.3304
Y -0.4445 -0.1724  0.8791
Z -0.3403 -0.8753 -0.3437

PART 4
OFFSET  14.3362  0.2506 -8.8724
X  0.8286 -0.4519  0.3304
Y  0.0730  0.6724  0.7366
Z -0.5550 -0.5863  0.5901

PART 5
OFFSET  16.4463  1.3108 -8.4884
X  0.8322 -0.4485  0.3261
Y  0.3444  0.8789  0.3301
Z -0.4346 -0.1624  0.8858

PART 6
OFFSET  15.4861 -0.6304 -9.8920
X  0.8322 -0.4485  0.3261
Y  0.3444  0.8789  0.3301
Z -0.4346 -0.1624  0.8858

PART 7
OFFSET  15.7608  0.3589 -6.4859
X  0.8322 -0.4485  0.3261
Y  0.3444  0.8789  0.3301
Z -0.4346 -0.1624  0.8858

PART 8
OFFSET  15.1560 -0.9644 -7.0834
X  0.8322 -0.4485  0.3261
Y  0.3444  0.8789  0.3301
Z -0.4346 -0.1624  0.8858

PART 9
OFFSET  14.6871 -1.7048 -8.0740
X  0.8322 -0.4485  0.3261
Y  0.3444  0.8789  0.3301
Z -0.4346 -0.1624  0.8858

PART 10
OFFSET  16.8765 -1.1348 -7.8596
X  0.9667 -0.2298  0.1127
Y  0.0805  0.6910  0.7184
Z -0.2430 -0.6854  0.6864

PART 11
OFFSET  17.2893 -0.8528 -6.8338
X  0.9184 -0.0615  0.3909
Y -0.0432  0.9664  0.2535
Z -0.3933 -0.2497  0.8848

PART 12
OFFSET  19.2449 -0.9030 -5.9157
X  0.9437 -0.3298 -0.0251
Y  0.2857  0.7745  0.5643
Z -0.1667 -0.5398  0.8252

PART 13
OFFSET  20.7327 -1.5421 -5.8976
X  0.9406 -0.0697  0.3324
Y -0.0586  0.9308  0.3609
Z -0.3345 -0.3589  0.8713

PART 14
OFFSET  21.7335 -1.6180 -5.4921
X  0.8971  0.3709 -0.2400
Y -0.2715  0.0344 -0.9618
Z -0.3485  0.9280  0.1315

PART 15
OFFSET  17.5592 -2.2076 -8.3948
X  0.7680 -0.6332 -0.0962
Y -0.4096 -0.6010  0.6863
Z -0.4924 -0.4877 -0.7209

PART 16
OFFSET  19.3063 -3.6330 -8.4217
X -0.1061 -0.2919  0.9505
Y -0.6634  0.7329  0.1510
Z -0.7407 -0.6146 -0.2714

PART 17
OFFSET  19.1561 -4.0463 -7.0760
X -0.4439  0.1933  0.8750
Y -0.5218  0.7381 -0.4278
Z -0.7285 -0.6464 -0.2268

PART 18
OFFSET  18.7625 -3.8749 -6.3002
X -0.5733  0.4170  0.7053
Y -0.3118  0.6850 -0.6584
Z -0.7577 -0.5974 -0.2627

PART 19
OFFSET  18.2178 -3.4787 -5.6301
X  0.7438 -0.6626 -0.0881
Y  0.0378  0.1733 -0.9841
Z  0.6673  0.7287  0.1539

PART 20
OFFSET  17.8593 -1.7033 -7.9884
X  0.8938 -0.4350 -0.1092
Y -0.2660 -0.7102  0.6518
Z -0.3611 -0.5535 -0.7505

PART 21
OFFSET  20.0851 -3.0391 -8.1291
X  0.0148 -0.6837  0.7296
Y -0.6220  0.5650  0.5421
Z -0.7829 -0.4618 -0.4169

PART 22
OFFSET  20.1103 -4.2031 -6.8869
X -0.5330  0.1666  0.8295
Y -0.3361  0.8580 -0.3883
Z -0.7765 -0.4858 -0.4014

PART 23
OFFSET  19.3716 -3.9722 -5.7373
X -0.6242  0.4724  0.6223
Y -0.1102  0.7353 -0.6687
Z -0.7735 -0.4860 -0.4069

PART 24
OFFSET  18.6946 -3.4599 -5.0624
X  0.5363 -0.8310 -0.1479
Y  0.3008  0.3519 -0.8864
Z  0.7886  0.4309  0.4387

PART 25
OFFSET  19.8541 -1.1135 -6.0036
X  0.8264 -0.5404  0.1580
Y  0.5163  0.6155 -0.5955
Z  0.2246  0.5737  0.7877

PART 26
OFFSET  20.7943 -1.2544 -7.1338
X  0.5468 -0.8358  0.0493
Y -0.5539 -0.3169  0.7699
Z -0.6279 -0.4483 -0.6362

PART 27
OFFSET  21.7570 -2.7259 -7.0470
X -0.2216 -0.7651  0.6046
Y -0.7769  0.5132  0.3647
Z -0.5893 -0.3889 -0.7081

PART 28
OFFSET  21.5234 -3.6324 -6.2689
X -0.6341 -0.1587  0.7568
Y -0.4525  0.8698 -0.1967
Z -0.6270 -0.4672 -0.6233

PART 29
OFFSET  20.8072 -3.8117 -5.4141
X  0.4385 -0.8649 -0.2441
Y  0.5477  0.4725 -0.6905
Z  0.7126  0.1691  0.6809

PART 30
OFFSET  20.5603 -2.1024 -7.8020
X  0.2318 -0.8198  0.5236
Y -0.7237  0.2144  0.6560
Z -0.6500 -0.5310 -0.5436

PART 31
OFFSET  21.0131 -3.7039 -6.7791
X -0.5233 -0.2120  0.8254
Y -0.5206  0.8464 -0.1127
Z -0.6747 -0.4886 -0.5532

PART 32
OFFSET  20.2488 -4.0136 -5.5735
X -0.7276  0.3501  0.5899
Y -0.0590  0.8248 -0.5623
Z -0.6834 -0.4440 -0.5795

PART 33
OFFSET  19.4199 -3.6208 -4.9091
X  0.6393 -0.7669 -0.0561
Y  0.3711  0.3716 -0.8510
Z  0.6735  0.5232  0.5222

PART 34
OFFSET  19.0838 -3.1747 -6.8952
X -0.4185 -0.5643 -0.7116
Y  0.2430  0.6854 -0.6864
Z  0.8751 -0.4602 -0.1498

PART 35
OFFSET  8.2563 -2.6698 -4.5431
X  1.0000 -0.0000  0.0000
Y  0.0000  1.0000  0.0000
Z  0.0000 -0.0000  1.0000

PART 36
OFFSET  8.2563 -2.6698 -4.5431
X  1.0000 -0.0000  0.0000
Y  0.0000  1.0000  0.0000
Z  0.0000 -0.0000  1.0000

PART 37
OFFSET  13.5569 -2.9515 -2.1857
X  0.9998 -0.0000  0.0204
Y  0.0000  1.0000 -0.0000
Z -0.0204  0.0000  0.9998

PART 38
OFFSET  12.4681 -2.6548 -4.2640
X  1.0000 -0.0000  0.0000
Y  0.0000  1.0000  0.0000
Z  0.0000 -0.0000  1.0000

PART 39
OFFSET  31.8688 -2.6540 -3.4824
X  1.0000 -0.0000  0.0000
Y  0.0000  1.0000  0.0000
Z  0.0000 -0.0000  1.0000

PART 40
OFFSET  7.5063 -2.6698 -6.8357
X  1.0000 -0.0000  0.0000
Y  0.0000  1.0000  0.0000
Z  0.0000 -0.0000  1.0000

PART 41
OFFSET  33.8969 -2.5276 -6.1996
X  0.0000  1.0000  0.0000
Y -1.0000  0.0000  0.0000
Z  0.0000 -0.0000  1.0000

PART 42
OFFSET  22.1140 -3.0231 -5.7976
X -0.3819 -0.0000  0.9242
Y -0.9242  0.0000 -0.3819
Z -0.0000 -1.0000 -0.0000

PART 43
OFFSET  22.1140 -3.0231 -5.7976
X  0.0000  1.0000  0.0000
Y -1.0000  0.0000  0.0000
Z  0.0000 -0.0000  1.0000

PART 44
OFFSET  21.7077 -2.7332 -6.2840
X  0.0000  1.0000  0.0000
Y -1.0000  0.0000  0.0000
Z  0.0000 -0.0000  1.0000

PART 45
OFFSET  21.7077 -1.3332 -6.2840
X  0.0000  0.8512 -0.5249
Y -1.0000  0.0000  0.0000
Z  0.0000  0.5249  0.8512

PART 46
OFFSET  31.5899 -2.5362 -6.0183
X  1.0000 -0.0000 -0.0000
Y  0.0000  1.0000  0.0000
Z  0.0000 -0.0000  1.0000

PART 47
OFFSET  30.9061 -1.1440 -6.7923
X  0.7965 -0.4529  0.4006
Y  0.6040  0.5638 -0.5634
Z  0.0293  0.6907  0.7226

PART 48
OFFSET -17.6076 -4.8127 -7.0611
X -0.8933  0.0570  0.4458
Y -0.2146 -0.9256 -0.3117
Z  0.3949 -0.3741  0.8391

PART 49
OFFSET -6.8040 -5.5017 -12.4528
X -0.8818 -0.0897 -0.4630
Y  0.4713 -0.1330 -0.8719
Z  0.0166 -0.9871  0.1595

PART 50
OFFSET  0.6961 -4.7390 -8.5146
X -0.8818 -0.0897 -0.4630
Y  0.4716 -0.1611 -0.8670
Z  0.0031 -0.9829  0.1844

PART 51
OFFSET  1.6239 -3.3379 -7.4464
X -0.8846 -0.0859 -0.4583
Y -0.0209  0.9892 -0.1452
Z  0.4659 -0.1189 -0.8768

PART 52
OFFSET  1.5393 -3.8724 -6.3533
X -0.8846 -0.0859 -0.4583
Y -0.0209  0.9892 -0.1452
Z  0.4659 -0.1189 -0.8768

PART 53
OFFSET  1.7163 -5.2227 -6.2157
X -0.8846 -0.0859 -0.4583
Y -0.0209  0.9892 -0.1452
Z  0.4659 -0.1189 -0.8768

PART 54
OFFSET  3.3994 -4.4641 -7.0951
X -0.9546 -0.1418 -0.2621
Y  0.2850 -0.1775 -0.9420
Z  0.0871 -0.9739  0.2098

PART 55
OFFSET  3.5180 -3.8292 -6.1544
X -0.4986 -0.6783 -0.5397
Y  0.5783  0.2035 -0.7900
Z  0.6457 -0.7060  0.2908

PART 56
OFFSET  4.5003 -2.3465 -4.9270
X -0.9028 -0.3483  0.2521
Y -0.0610 -0.4767 -0.8770
Z  0.4256 -0.8071  0.4091

PART 57
OFFSET  5.9065 -1.7222 -5.4322
X -0.5336 -0.0214  0.8455
Y -0.6557 -0.6209 -0.4295
Z  0.5342 -0.7836  0.3173

PART 58
OFFSET  6.4702 -1.6527 -6.3537
X -0.8721  0.3596  0.3318
Y  0.0986  0.7934 -0.6007
Z -0.4792 -0.4912 -0.7274

PART 59
OFFSET  4.4947 -4.3373 -7.9244
X -0.9338 -0.2716  0.2329
Y  0.3213 -0.9230  0.2116
Z  0.1575  0.2724  0.9492

PART 60
OFFSET  6.5764 -3.5742 -8.3354
X -0.1064 -0.9920  0.0680
Y  0.9470 -0.1219 -0.2972
Z  0.3031  0.0328  0.9524

PART 61
OFFSET  6.7270 -2.1698 -8.4316
X  0.7704 -0.5952 -0.2284
Y  0.5756  0.8034 -0.1522
Z  0.2741 -0.0142  0.9616

PART 62
OFFSET  6.0439 -1.6420 -8.2291
X  0.9043  0.2998 -0.3040
Y -0.2988  0.9530  0.0509
Z  0.3049  0.0448  0.9513

PART 63
OFFSET  5.1848 -1.9269 -7.9403
X -0.5482 -0.8340  0.0630
Y -0.7690  0.5322  0.3543
Z -0.3290  0.1458 -0.9330

PART 64
OFFSET  4.5274 -4.3242 -7.2114
X -0.9690 -0.2439  0.0388
Y  0.2458 -0.9373  0.2469
Z -0.0239  0.2488  0.9683

PART 65
OFFSET  7.0513 -3.7488 -7.4505
X -0.1328 -0.9741  0.1828
Y  0.9405 -0.1821 -0.2870
Z  0.3128  0.1338  0.9403

PART 66
OFFSET  7.2774 -2.0903 -7.7617
X  0.8812 -0.4114 -0.2327
Y  0.3642  0.9048 -0.2204
Z  0.3012  0.1095  0.9472

PART 67
OFFSET  6.0561 -1.5201 -7.4392
X  0.8304  0.4610 -0.3130
Y -0.4723  0.8804  0.0436
Z  0.2956  0.1116  0.9488

PART 68
OFFSET  5.1555 -2.0201 -7.0997
X -0.3960 -0.8751  0.2782
Y -0.8751  0.4514  0.1743
Z -0.2781 -0.1744 -0.9446

PART 69
OFFSET -0.7678 -5.4262 -7.2769
X -0.9291 -0.3699 -0.0061
Y -0.3495  0.8829 -0.3136
Z  0.1213 -0.2892 -0.9496

PART 70
OFFSET  6.9363 -4.1397 -5.2854
X -0.9870 -0.0151 -0.1603
Y -0.0017 -0.9946  0.1040
Z -0.1610  0.1029  0.9816

PART 71
OFFSET  8.6740 -4.1131 -5.0032
X -0.3664 -0.9261  0.0899
Y  0.9173 -0.3433  0.2020
Z -0.1562  0.1565  0.9753

PART 72
OFFSET  9.1099 -2.9777 -5.0533
X  0.0489 -0.9944  0.0936
Y  0.9855  0.0633  0.1577
Z -0.1627  0.0845  0.9830

PART 73
OFFSET  9.0547 -1.8545 -5.1590
X -0.9513  0.2903  0.1037
Y  0.2703  0.9472 -0.1728
Z -0.1484 -0.1363 -0.9795

PART 74
OFFSET  7.1281 -4.1726 -6.3729
X -0.2627 -0.9406  0.2150
Y  0.9570 -0.2824 -0.0663
Z  0.1231  0.1883  0.9744

PART 75
OFFSET  7.6413 -2.3351 -6.7929
X  0.8288 -0.5596 -0.0009
Y  0.5392  0.7990 -0.2664
Z  0.1498  0.2203  0.9639

PART 76
OFFSET  6.4307 -1.5177 -6.7917
X  0.8851  0.3871 -0.2584
Y -0.4386  0.8795 -0.1846
Z  0.1558  0.2767  0.9482

PART 77
OFFSET  5.4269 -1.9575 -6.5058
X -0.4085 -0.8763  0.2554
Y -0.8912  0.4434  0.0957
Z -0.1971 -0.1885 -0.9621

PART 78
OFFSET  0.0000 -0.0000 -0.0000
X  1.0000 -0.0000  0.0000
Y  0.0000  1.0000  0.0000
Z  0.0000 -0.0000  1.0000

PART 79
OFFSET  0.0000 -0.0000 -0.0000
X  1.0000 -0.0000  0.0000
Y  0.0000  1.0000  0.0000
Z  0.0000 -0.0000  1.0000

PART 80
OFFSET  1.5404 -0.0000  4.1357
X  1.0000 -0.0000  0.0000
Y  0.0000  1.0000  0.0000
Z  0.0000 -0.0000  1.0000


FRAME 101
PART 0
OFFSET -4.6318 -0.0000 -1.3770
X  1.0000 -0.0000  0.0000
Y  0.0000  1.0000  0.0000
Z  0.0000 -0.0000  1.0000

PART 1
OFFSET -4.6318 -0.0000 -1.3770
X  1.0000 -0.0000  0.0000
Y  0.0000  1.0000  0.0000
Z  0.0000 -0.0000  1.0000

PART 2
OFFSET -3.5060  6.3408 -6.7125
X  0.8932 -0.1894 -0.4078
Y -0.1427 -0.9795  0.1424
Z -0.4264 -0.0690 -0.9019

PART 3
OFFSET  7.2967  4.0502 -11.6438
X  0.8282 -0.4493  0.3350
Y -0.4456 -0.1654  0.8798
Z -0.3400 -0.8779 -0.3372

PART 4
OFFSET  14.3408  0.2284 -8.7949
X  0.8282 -0.4493  0.3350
Y  0.0730  0.6790  0.7305
Z -0.5557 -0.5805  0.5952

PART 5
OFFSET  16.4505  1.2915 -8.4167
X  0.8317 -0.4460  0.3306
Y  0.3441  0.8815  0.3235
Z -0.4357 -0.1553  0.8866

PART 6
OFFSET  15.4919 -0.6607 -9.8060
X  0.8317 -0.4460  0.3306
Y  0.3441  0.8815  0.3235
Z -0.4357 -0.1553  0.8866

PART 7
OFFSET  15.7626  0.3556 -6.4075
X  0.8317 -0.4460  0.3306
Y  0.3441  0.8815  0.3235
Z -0.4357 -0.1553  0.8866

PART 8
OFFSET  15.1584 -0.9724 -6.9952
X  0.8317 -0.4460  0.3306
Y  0.3441  0.8815  0.3235
Z -0.4357 -0.1553  0.8866

PART 9
OFFSET  14.6906 -1.7205 -7.9805
X  0.8317 -0.4460  0.3306
Y  0.3441  0.8815  0.3235
Z -0.4357 -0.1553  0.8866

PART 10
OFFSET  16.8798 -1.1491 -7.7680
X  0.9670 -0.2261  0.1173
Y  0.0769  0.6983  0.7117
Z -0.2428 -0.6792  0.6926

PART 11
OFFSET  17.2893 -0.8558 -6.7440
X  0.9175 -0.0552  0.3940
Y -0.0464  0.9687  0.2439
Z -0.3951 -0.2421  0.8862

PART 12
OFFSET  19.2425 -0.8918 -5.8202
X  0.9446 -0.3278 -0.0195
Y  0.2824  0.7806  0.5575
Z -0.1675 -0.5321  0.8299

PART 13
OFFSET  20.7317 -1.5271 -5.7919
X  0.9399 -0.0651  0.3352
Y -0.0609  0.9340  0.3520
Z -0.3360 -0.3513  0.8739

PART 14
OFFSET  21.7317 -1.5977 -5.3835
X  0.8971  0.3701 -0.2414
Y -0.2693  0.0249 -0.9627
Z -0.3503  0.9287  0.1220

PART 15
OFFSET  17.5666 -2.2254 -8.2907
X  0.7699 -0.6321 -0.0881
Y -0.4096 -0.5952  0.6913
Z -0.4894 -0.4962 -0.7171

PART 16
OFFSET  19.3175 -3.6463 -8.2994
X -0.1075 -0.2829  0.9531
Y -0.6659  0.7324  0.1423
Z -0.7383 -0.6193 -0.2671

PART 17
OFFSET  19.1653 -4.0468 -6.9500
X -0.4468  0.2009  0.8718
Y -0.5226  0.7323 -0.4366
Z -0.7261 -0.6507 -0.2221

PART 18
OFFSET  18.7692 -3.8687 -6.1771
X -0.5764  0.4226  0.6994
Y -0.3118  0.6774 -0.6663
Z -0.7553 -0.6021 -0.2586

PART 19
OFFSET  18.2216 -3.4672 -5.5126
X  0.7458 -0.6614 -0.0793
Y  0.0400  0.1633 -0.9858
Z  0.6649  0.7321  0.1483

PART 20
OFFSET  17.8643 -1.7162 -7.8887
X  0.8952 -0.4337 -0.1027
Y -0.2658 -0.7044  0.6582
Z -0.3578 -0.5619 -0.7458

PART 21
OFFSET  20.0940 -3.0474 -8.0108
X  0.0149 -0.6764  0.7364
Y -0.6249  0.5686  0.5350
Z -0.7806 -0.4682 -0.4142

PART 22
OFFSET  20.1194 -4.1990 -6.7570
X -0.5356  0.1736  0.8264
Y -0.3374  0.8531 -0.3979
Z -0.7741 -0.4920 -0.3984

PART 23
OFFSET  19.3771 -3.9584 -5.6117
X -0.6271  0.4773  0.6156
Y -0.1102  0.7280 -0.6767
Z -0.7711 -0.4922 -0.4039

PART 24
OFFSET  18.6970 -3.4408 -4.9440
X  0.5388 -0.8311 -0.1377
Y  0.3024  0.3434 -0.8892
Z  0.7863  0.4375  0.4363

PART 25
OFFSET  19.8527 -1.1015 -5.9051
X  0.8274 -0.5367  0.1653
Y  0.5162  0.6109 -0.6003
Z  0.2211  0.5821  0.7825

PART 26
OFFSET  20.7960 -1.2511 -7.0315
X  0.5491 -0.8337  0.0589
Y -0.5549 -0.3110  0.7716
Z -0.6250 -0.4563 -0.6334

PART 27
OFFSET  21.7628 -2.7190 -6.9278
X -0.2206 -0.7599  0.6114
Y -0.7794  0.5142  0.3580
Z -0.5864 -0.3975 -0.7057

PART 28
OFFSET  21.5302 -3.6187 -6.1417
X -0.6353 -0.1537  0.7569
Y -0.4549  0.8664 -0.2059
Z -0.6241 -0.4751 -0.6203

PART 29
OFFSET  20.8126 -3.7922 -5.2868
X  0.4419 -0.8657 -0.2350
Y  0.5476  0.4678 -0.6937
Z  0.7105  0.1779  0.6808

PART 30
OFFSET  20.5659 -2.1063 -7.6918
X  0.2327 -0.8140  0.5323
Y -0.7259  0.2189  0.6521
Z -0.6473 -0.5381 -0.5399

PART 31
OFFSET  21.0204 -3.6964 -6.6519
X -0.5249 -0.2049  0.8261
Y -0.5223  0.8439 -0.1226
Z -0.6720 -0.4959 -0.5500

PART 32
OFFSET  20.2537 -3.9957 -5.4453
X -0.7300  0.3544  0.5843
Y -0.0594  0.8189 -0.5709
Z -0.6808 -0.4515 -0.5767

PART 33
OFFSET  19.4221 -3.5981 -4.7872
X  0.6413 -0.7659 -0.0465
Y  0.3725  0.3638 -0.8538
Z  0.6709  0.5301  0.5186

PART 34
OFFSET  19.0900 -3.1734 -6.7779
X -0.4153 -0.5725 -0.7070
Y  0.2428  0.6792 -0.6926
Z  0.8767 -0.4593 -0.1430

PART 35
OFFSET  8.2557 -2.6744 -4.5238
X  1.0000  0.0026  0.0024
Y -0.0026  0.9999 -0.0100
Z -0.0025  0.0099  0.9999

PART 36
OFFSET  8.2557 -2.6744 -4.5238
X  1.0000  0.0026  0.0024
Y -0.0026  0.9999 -0.0100
Z -0.0025  0.0099  0.9999

PART 37
OFFSET  13.5512 -2.9186 -2.1508
X  0.9997  0.0028  0.0229
Y -0.0026  0.9999 -0.0100
Z -0.0229  0.0099  0.9997

PART 38
OFFSET  12.4667 -2.6455 -4.2346
X  1.0000  0.0026  0.0024
Y -0.0026  0.9999 -0.0100
Z -0.0025  0.0099  0.9999

PART 39
OFFSET  31.8654 -2.5859 -3.4059
X  1.0000  0.0026  0.0024
Y -0.0026  0.9999 -0.0100
Z -0.0025  0.0099  0.9999

PART 40
OFFSET  7.5113 -2.6992 -6.8181
X  1.0000  0.0026  0.0024
Y -0.0026  0.9999 -0.0100
Z -0.0025  0.0099  0.9999

PART 41
OFFSET  33.8998 -2.4811 -6.1194
X -0.0026  0.9999 -0.0100
Y -1.0000 -0.0026 -0.0024
Z -0.0025  0.0099  0.9999

PART 42
OFFSET  22.1173 -3.0036 -5.7410
X -0.3842  0.0082  0.9232
Y -0.9233 -0.0062 -0.3841
Z  0.0026 -0.9999  0.0100

PART 43
OFFSET  22.1173 -3.0036 -5.7410
X -0.0026  0.9999 -0.0100
Y -1.0000 -0.0026 -0.0024
Z -0.0025  0.0099  0.9999

PART 44
OFFSET  21.7114 -2.7196 -6.2313
X -0.0026  0.9999 -0.0100
Y -1.0000 -0.0026 -0.0024
Z -0.0025  0.0099  0.9999

PART 45
OFFSET  21.7078 -1.3197 -6.2452
X -0.0009  0.8459 -0.5334
Y -1.0000 -0.0026 -0.0024
Z -0.0035  0.5333  0.8459

PART 46
OFFSET  31.5924 -2.4940 -5.9436
X  1.0000  0.0026  0.0024
Y -0.0026  0.9999 -0.0100
Z -0.0025  0.0099  0.9999

PART 47
OFFSET  30.9068 -1.1113 -6.7330
X  0.7967 -0.4468  0.4071
Y  0.6039  0.5597 -0.5675
Z  0.0257  0.6979  0.7157

PART 48
OFFSET -17.4906 -4.8127 -7.0184
X -0.8885  0.0587  0.4551
Y -0.2210 -0.9239 -0.3123
Z  0.4022 -0.3781  0.8338

PART 49
OFFSET -6.7452 -5.5221 -12.5227
X -0.8776 -0.0877 -0.4713
Y  0.4791 -0.1302 -0.8680
Z  0.0148 -0.9876  0.1563

PART 50
OFFSET  0.7192 -4.7758 -8.5143
X -0.8776 -0.0877 -0.4713
Y  0.4794 -0.1666 -0.8617
Z -0.0029 -0.9821  0.1883

PART 51
OFFSET  1.6379 -3.3787 -7.4330
X -0.8805 -0.0840 -0.4666
Y -0.0192  0.9897 -0.1420
Z  0.4737 -0.1161 -0.8730

PART 52
OFFSET  1.5432 -3.9169 -6.3426
X -0.8805 -0.0840 -0.4666
Y -0.0192  0.9897 -0.1420
Z  0.4737 -0.1161 -0.8730

PART 53
OFFSET  1.7185 -5.2677 -6.2080
X -0.8805 -0.0840 -0.4666
Y -0.0192  0.9897 -0.1420
Z  0.4737 -0.1161 -0.8730

PART 54
OFFSET  3.4097 -4.5068 -7.0696
X -0.9535 -0.1469 -0.2630
Y  0.2878 -0.1861 -0.9395
Z  0.0891 -0.9715  0.2197

PART 55
OFFSET  3.5244 -3.8623 -6.1349
X -0.4955 -0.6850 -0.5341
Y  0.5797  0.1972 -0.7906
Z  0.6469 -0.7014  0.2994

PART 56
OFFSET  4.4998 -2.3648 -4.9200
X -0.9025 -0.3482  0.2534
Y -0.0576 -0.4855 -0.8723
Z  0.4267 -0.8019  0.4182

PART 57
OFFSET  5.9056 -1.7419 -5.4279
X -0.5356 -0.0144  0.8443
Y -0.6530 -0.6269 -0.4249
Z  0.5354 -0.7790  0.3264

PART 58
OFFSET  6.4714 -1.6800 -6.3487
X -0.8739  0.3606  0.3261
Y  0.0980  0.7876 -0.6083
Z -0.4762 -0.4997 -0.7236

PART 59
OFFSET  4.5067 -4.3854 -7.8974
X -0.9337 -0.2717  0.2333
Y  0.3231 -0.9200  0.2216
Z  0.1545  0.2823  0.9468

PART 60
OFFSET  6.5874 -3.6209 -8.3109
X -0.1040 -0.9915  0.0776
Y  0.9480 -0.1224 -0.2937
Z  0.3007  0.0430  0.9528

PART 61
OFFSET  6.7346 -2.2171 -8.4207
X  0.7725 -0.5954 -0.2206
Y  0.5739  0.8034 -0.1588
Z  0.2718 -0.0039  0.9624

PART 62
OFFSET  6.0497 -1.6892 -8.2252
X  0.9042  0.2991 -0.3048
Y -0.3014  0.9526  0.0407
Z  0.3025  0.0551  0.9516

PART 63
OFFSET  5.1906 -1.9734 -7.9356
X -0.5461 -0.8348  0.0700
Y -0.7712  0.5336  0.3471
Z -0.3271  0.1356 -0.9352

PART 64
OFFSET  4.5376 -4.3651 -7.1845
X -0.9685 -0.2461  0.0389
Y  0.2477 -0.9342  0.2568
Z -0.0269  0.2584  0.9657

PART 65
OFFSET  7.0607 -3.7854 -7.4232
X -0.1307 -0.9726  0.1922
Y  0.9416 -0.1824 -0.2829
Z  0.3102  0.1440  0.9397

PART 66
OFFSET  7.2832 -2.1295 -7.7503
X  0.8829 -0.4114 -0.2265
Y  0.3624  0.9036 -0.2285
Z  0.2986  0.1197  0.9468

PART 67
OFFSET  6.0596 -1.5594 -7.4365
X  0.8299  0.4600 -0.3155
Y -0.4747  0.8795  0.0337
Z  0.2930  0.1218  0.9483

PART 68
OFFSET  5.1595 -2.0583 -7.0942
X -0.3944 -0.8733  0.2859
Y -0.8767  0.4508  0.1677
Z -0.2753 -0.1846 -0.9435

PART 69
OFFSET -0.7545 -5.4816 -7.2519
X -0.9281 -0.3724 -0.0047
Y -0.3510  0.8788 -0.3232
Z  0.1244 -0.2983 -0.9463

PART 70
OFFSET  6.9413 -4.1550 -5.2546
X -0.9865 -0.0193 -0.1625
Y  0.0007 -0.9935  0.1139
Z -0.1637  0.1122  0.9801

PART 71
OFFSET  8.6782 -4.1211 -4.9685
X -0.3642 -0.9261  0.0982
Y  0.9176 -0.3388  0.2076
Z -0.1590  0.1658  0.9733

PART 72
OFFSET  9.1113 -2.9851 -5.0288
X  0.0513 -0.9933  0.1036
Y  0.9849  0.0675  0.1594
Z -0.1654  0.0939  0.9818

PART 73
OFFSET  9.0534 -1.8632 -5.1458
X -0.9523  0.2889  0.0985
Y  0.2682  0.9461 -0.1815
Z -0.1456 -0.1464 -0.9784

PART 74
OFFSET  7.1358 -4.1983 -6.3413
X -0.2608 -0.9391  0.2237
Y  0.9579 -0.2806 -0.0612
Z  0.1202  0.1983  0.9727

PART 75
OFFSET  7.6453 -2.3637 -6.7783
X  0.8302 -0.5574  0.0067
Y  0.5377  0.7977 -0.2730
Z  0.1468  0.2303  0.9620

PART 76
OFFSET  6.4326 -1.5496 -6.7881
X  0.8847  0.3868 -0.2601
Y -0.4404  0.8765 -0.1944
Z  0.1528  0.2865  0.9458

PART 77
OFFSET  5.4292 -1.9891 -6.5003
X -0.4069 -0.8748  0.2631
Y -0.8926  0.4420  0.0891
Z -0.1942 -0.1986 -0.9606

PART 78
OFFSET  0.0000 -0.0000 -0.0000
X  1.0000 -0.0000  0.0000
Y  0.0000  1.0000  0.0000
Z  0.0000 -0.0000  1.0000

PART 79
OFFSET  0.0000 -0.0000 -0.0000
X  1.0000 -0.0000  0.0000
Y  0.0000  1.0000  0.0000
Z  0.0000 -0.0000  1.0000

PART 80
OFFSET  1.5404 -0.0000  4.1357
X  1.0000 -0.0000  0.0000
Y  0.0000  1.0000  0.0000
Z  0.0000 -0.0000  1.0000


FRAME 102
PART 0
OFFSET -4.6318 -0.0000 -1.3770
X  1.0000 -0.0000  0.0000
Y  0.0000  1.0000  0.0000
Z  0.0000 -0.0000  1.0000

PART 1
OFFSET -4.6318 -0.0000 -1.3770
X  1.0000 -0.0000  0.0000
Y  0.0000  1.0000  0.0000
Z  0.0000 -0.0000  1.0000

PART 2
OFFSET -3.5060  6.3408 -6.7125
X  0.8938 -0.1962 -0.4033
Y -0.1440 -0.9772  0.1561
Z -0.4247 -0.0815 -0.9016

PART 3
OFFSET  7.3033  3.9681 -11.5902
X  0.8282 -0.4450  0.3407
Y -0.4454 -0.1534  0.8821
Z -0.3403 -0.8823 -0.3252

PART 4
OFFSET  14.3472  0.1830 -8.6921
X  0.8282 -0.4450  0.3407
Y  0.0800  0.6956  0.7140
Z -0.5548 -0.5640  0.6116

PART 5
OFFSET  16.4573  1.2505 -8.3288
X  0.8317 -0.4417  0.3364
Y  0.3444  0.8856  0.3115
Z -0.4355 -0.1432  0.8887

PART 6
OFFSET  15.4977 -0.7200 -9.6915
X  0.8317 -0.4417  0.3364
Y  0.3444  0.8856  0.3115
Z -0.4355 -0.1432  0.8887

PART 7
OFFSET  15.7697  0.3418 -6.3070
X  0.8317 -0.4417  0.3364
Y  0.3444  0.8856  0.3115
Z -0.4355 -0.1432  0.8887

PART 8
OFFSET  15.1649 -0.9938 -6.8767
X  0.8317 -0.4417  0.3364
Y  0.3444  0.8856  0.3115
Z -0.4355 -0.1432  0.8887

PART 9
OFFSET  14.6966 -1.7550 -7.8517
X  0.8317 -0.4417  0.3364
Y  0.3444  0.8856  0.3115
Z -0.4355 -0.1432  0.8887

PART 10
OFFSET  16.8860 -1.1813 -7.6475
X  0.9679 -0.2156  0.1294
Y  0.0673  0.7179  0.6929
Z -0.2423 -0.6619  0.7094

PART 11
OFFSET  17.2869 -0.8573 -6.6293
X  0.9152 -0.0377  0.4012
Y -0.0551  0.9746  0.2173
Z -0.3992 -0.2210  0.8898

PART 12
OFFSET  19.2341 -0.8536 -5.6923
X  0.9470 -0.3213 -0.0046
Y  0.2732  0.7974  0.5380
Z -0.1692 -0.5107  0.8429

PART 13
OFFSET  20.7276 -1.4770 -5.6375
X  0.9382 -0.0498  0.3426
Y -0.0692  0.9427  0.3265
Z -0.3392 -0.3300  0.8809

PART 14
OFFSET  21.7254 -1.5299 -5.2212
X  0.8961  0.3695 -0.2457
Y -0.2634 -0.0027 -0.9647
Z -0.3571  0.9292  0.0949

PART 15
OFFSET  17.5841 -2.2663 -8.1365
X  0.7751 -0.6284 -0.0661
Y -0.4095 -0.5792  0.7048
Z -0.4812 -0.5192 -0.7063

PART 16
OFFSET  19.3454 -3.6736 -8.0957
X -0.1113 -0.2579  0.9597
Y -0.6723  0.7308  0.1184
Z -0.7319 -0.6320 -0.2547

PART 17
OFFSET  19.1877 -4.0388 -6.7369
X -0.4540  0.2213  0.8631
Y -0.5252  0.7160 -0.4599
Z -0.7198 -0.6621 -0.2089

PART 18
OFFSET  18.7852 -3.8426 -5.9717
X -0.5841  0.4373  0.6838
Y -0.3124  0.6564 -0.6866
Z -0.7491 -0.6147 -0.2468

PART 19
OFFSET  18.2302 -3.4272 -5.3220
X  0.7512 -0.6576 -0.0563
Y  0.0454  0.1365 -0.9896
Z  0.6585  0.7409  0.1324

PART 20
OFFSET  17.8755 -1.7441 -7.7466
X  0.8990 -0.4296 -0.0854
Y -0.2648 -0.6882  0.6755
Z -0.3489 -0.5846 -0.7324

PART 21
OFFSET  20.1156 -3.0614 -7.8187
X  0.0153 -0.6560  0.7546
Y -0.6325  0.5781  0.5154
Z -0.7744 -0.4852 -0.4061

PART 22
OFFSET  20.1417 -4.1782 -6.5339
X -0.5422  0.1920  0.8180
Y -0.3412  0.8394 -0.4232
Z -0.7679 -0.5085 -0.3896

PART 23
OFFSET  19.3902 -3.9120 -5.4002
X -0.6346  0.4894  0.5981
Y -0.1110  0.7082 -0.6972
Z -0.7648 -0.5089 -0.3951

PART 24
OFFSET  18.7019 -3.3813 -4.7515
X  0.5458 -0.8305 -0.1112
Y  0.3057  0.3210 -0.8964
Z  0.7802  0.4552  0.4291

PART 25
OFFSET  19.8466 -1.0608 -5.7682
X  0.8303 -0.5257  0.1850
Y  0.5155  0.5982 -0.6135
Z  0.2119  0.6048  0.7677

PART 26
OFFSET  20.7982 -1.2339 -6.8842
X  0.5549 -0.8275  0.0849
Y -0.5575 -0.2942  0.7763
Z -0.6174 -0.4781 -0.6246

PART 27
OFFSET  21.7752 -2.6909 -6.7348
X -0.2186 -0.7450  0.6303
Y -0.7856  0.5175  0.3392
Z -0.5789 -0.4210 -0.6983

PART 28
OFFSET  21.5447 -3.5710 -5.9262
X -0.6387 -0.1385  0.7569
Y -0.4604  0.8569 -0.2317
Z -0.6165 -0.4965 -0.6111

PART 29
OFFSET  20.8232 -3.7274 -5.0712
X  0.4502 -0.8681 -0.2091
Y  0.5482  0.4535 -0.7027
Z  0.7049  0.2017  0.6801

PART 30
OFFSET  20.5785 -2.1085 -7.5224
X  0.2352 -0.7974  0.5557
Y -0.7316  0.2311  0.6414
Z -0.6399 -0.5574 -0.5290

PART 31
OFFSET  21.0381 -3.6663 -6.4369
X -0.5288 -0.1861  0.8281
Y -0.5276  0.8363 -0.1490
Z -0.6648 -0.5157 -0.5405

PART 32
OFFSET  20.2656 -3.9381 -5.2274
X -0.7364  0.3650  0.5697
Y -0.0615  0.8024 -0.5936
Z -0.6738 -0.4721 -0.5684

PART 33
OFFSET  19.4269 -3.5286 -4.5858
X  0.6470 -0.7622 -0.0214
Y  0.3755  0.3429 -0.8610
Z  0.6636  0.5491  0.5081

PART 34
OFFSET  19.1047 -3.1614 -6.5890
X -0.4066 -0.5946 -0.6937
Y  0.2423  0.6619 -0.7094
Z  0.8809 -0.4565 -0.1251

PART 35
OFFSET  8.2533 -2.6847 -4.4741
X  0.9999  0.0102  0.0085
Y -0.0099  0.9993 -0.0372
Z -0.0089  0.0371  0.9993

PART 36
OFFSET  8.2533 -2.6847 -4.4741
X  0.9999  0.0102  0.0085
Y -0.0099  0.9993 -0.0372
Z -0.0089  0.0371  0.9993

PART 37
OFFSET  13.5352 -2.8246 -2.0626
X  0.9995  0.0110  0.0290
Y -0.0099  0.9993 -0.0372
Z -0.0293  0.0369  0.9989

PART 38
OFFSET  12.4621 -2.6164 -4.1598
X  0.9999  0.0102  0.0085
Y -0.0099  0.9993 -0.0372
Z -0.0089  0.0371  0.9993

PART 39
OFFSET  31.8541 -2.3887 -3.2130
X  0.9999  0.0102  0.0085
Y -0.0099  0.9993 -0.0372
Z -0.0089  0.0371  0.9993

PART 40
OFFSET  7.5239 -2.7774 -6.7715
X  0.9999  0.0102  0.0085
Y -0.0099  0.9993 -0.0372
Z -0.0089  0.0371  0.9993

PART 41
OFFSET  33.9050 -2.3425 -5.9157
X -0.0099  0.9993 -0.0372
Y -0.9999 -0.0102 -0.0085
Z -0.0089  0.0371  0.9993

PART 42
OFFSET  22.1245 -2.9429 -5.5962
X -0.3901  0.0304  0.9203
Y -0.9207 -0.0236 -0.3895
Z  0.0099 -0.9993  0.0372

PART 43
OFFSET  22.1245 -2.9429 -5.5962
X -0.0099  0.9993 -0.0372
Y -0.9999 -0.0102 -0.0085
Z -0.0089  0.0371  0.9993

PART 44
OFFSET  21.7197 -2.6754 -6.0965
X -0.0099  0.9993 -0.0372
Y -0.9999 -0.0102 -0.0085
Z -0.0089  0.0371  0.9993

PART 45
OFFSET  21.7059 -1.2765 -6.1486
X -0.0037  0.8311 -0.5562
Y -0.9999 -0.0102 -0.0085
Z -0.0128  0.5561  0.8310

PART 46
OFFSET  31.5967 -2.3679 -5.7539
X  0.9999  0.0102  0.0085
Y -0.0099  0.9993 -0.0372
Z -0.0089  0.0371  0.9993

PART 47
OFFSET  30.9061 -1.0124 -6.5849
X  0.7973 -0.4296  0.4240
Y  0.6034  0.5486 -0.5788
Z  0.0160  0.7173  0.6966

PART 48
OFFSET -17.1632 -4.8127 -6.8996
X -0.8749  0.0630  0.4802
Y -0.2383 -0.9192 -0.3135
Z  0.4216 -0.3887  0.8192

PART 49
OFFSET -6.5825 -5.5751 -12.7073
X -0.8659 -0.0824 -0.4933
Y  0.5001 -0.1231 -0.8572
Z  0.0099 -0.9890  0.1478

PART 50
OFFSET  0.7826 -4.8745 -8.5114
X -0.8659 -0.0824 -0.4933
Y  0.4998 -0.1810 -0.8470
Z -0.0195 -0.9800  0.1979

PART 51
OFFSET  1.6762 -3.4882 -7.3956
X -0.8689 -0.0787 -0.4887
Y -0.0146  0.9909 -0.1336
Z  0.4948 -0.1090 -0.8622

PART 52
OFFSET  1.5543 -4.0359 -6.3126
X -0.8689 -0.0787 -0.4887
Y -0.0146  0.9909 -0.1336
Z  0.4948 -0.1090 -0.8622

PART 53
OFFSET  1.7247 -5.3881 -6.1858
X -0.8689 -0.0787 -0.4887
Y -0.0146  0.9909 -0.1336
Z  0.4948 -0.1090 -0.8622

PART 54
OFFSET  3.4373 -4.6219 -6.9990
X -0.9507 -0.1612 -0.2648
Y  0.2951 -0.2094 -0.9322
Z  0.0948 -0.9645  0.2466

PART 55
OFFSET  3.5413 -3.9514 -6.0816
X -0.4871 -0.7029 -0.5183
Y  0.5833  0.1800 -0.7921
Z  0.6501 -0.6881  0.3223

PART 56
OFFSET  4.4979 -2.4142 -4.9019
X -0.9016 -0.3479  0.2572
Y -0.0485 -0.5095 -0.8591
Z  0.4299 -0.7870  0.4425

PART 57
OFFSET  5.9023 -1.7948 -5.4178
X -0.5409  0.0045  0.8411
Y -0.6457 -0.6431 -0.4117
Z  0.5390 -0.7658  0.3508

PART 58
OFFSET  6.4735 -1.7537 -6.3365
X -0.8786  0.3627  0.3107
Y  0.0961  0.7715 -0.6289
Z -0.4678 -0.5227 -0.7127

PART 59
OFFSET  4.5387 -4.5148 -7.8230
X -0.9331 -0.2723  0.2349
Y  0.3285 -0.9112  0.2485
Z  0.1463  0.3091  0.9397

PART 60
OFFSET  6.6163 -3.7463 -8.2443
X -0.0972 -0.9898  0.1039
Y  0.9508 -0.1232 -0.2844
Z  0.2943  0.0712  0.9531

PART 61
OFFSET  6.7539 -2.3449 -8.3914
X  0.7783 -0.5954 -0.1995
Y  0.5690  0.8031 -0.1771
Z  0.2656  0.0243  0.9638

PART 62
OFFSET  6.0639 -1.8170 -8.2145
X  0.9039  0.2975 -0.3072
Y -0.3087  0.9511  0.0129
Z  0.2960  0.0832  0.9516

PART 63
OFFSET  5.2051 -2.0997 -7.9227
X -0.5404 -0.8366  0.0893
Y -0.7773  0.5371  0.3276
Z -0.3221  0.1077 -0.9406

PART 64
OFFSET  4.5649 -4.4749 -7.1108
X -0.9669 -0.2522  0.0396
Y  0.2529 -0.9250  0.2837
Z -0.0349  0.2843  0.9581

PART 65
OFFSET  7.0851 -3.8831 -7.3495
X -0.1248 -0.9680  0.2178
Y  0.9447 -0.1830 -0.2720
Z  0.3031  0.1718  0.9373

PART 66
OFFSET  7.2975 -2.2351 -7.7203
X  0.8873 -0.4108 -0.2097
Y  0.3572  0.8997 -0.2508
Z  0.2917  0.1476  0.9451

PART 67
OFFSET  6.0678 -1.6658 -7.4297
X  0.8285  0.4575 -0.3228
Y -0.4813  0.8765  0.0068
Z  0.2861  0.1498  0.9464

PART 68
OFFSET  5.1692 -2.1620 -7.0795
X -0.3898 -0.8682  0.3072
Y -0.8811  0.4486  0.1499
Z -0.2679 -0.2122 -0.9398

PART 69
OFFSET -0.7184 -5.6325 -7.1805
X -0.9253 -0.3793 -0.0003
Y -0.3554  0.8671 -0.3492
Z  0.1327 -0.3230 -0.9371

PART 70
OFFSET  6.9546 -4.1945 -5.1725
X -0.9853 -0.0311 -0.1680
Y  0.0072 -0.9900  0.1409
Z -0.1707  0.1376  0.9757

PART 71
OFFSET  8.6893 -4.1397 -4.8767
X -0.3580 -0.9258  0.1212
Y  0.9188 -0.3262  0.2224
Z -0.1664  0.1910  0.9674

PART 72
OFFSET  9.1145 -3.0026 -4.9652
X  0.0579 -0.9897  0.1309
Y  0.9833  0.0792  0.1636
Z -0.1723  0.1193  0.9778

PART 73
OFFSET  9.0491 -1.8847 -5.1131
X -0.9550  0.2843  0.0847
Y  0.2624  0.9428 -0.2055
Z -0.1383 -0.1741 -0.9750

PART 74
OFFSET  7.1563 -4.2658 -6.2564
X -0.2553 -0.9346  0.2476
Y  0.9603 -0.2749 -0.0476
Z  0.1125  0.2256  0.9677

PART 75
OFFSET  7.6551 -2.4400 -6.7400
X  0.8342 -0.5507  0.0270
Y  0.5336  0.7940 -0.2913
Z  0.1390  0.2574  0.9562

PART 76
OFFSET  6.4366 -1.6355 -6.7795
X  0.8835  0.3863 -0.2650
Y -0.4456  0.8676 -0.2209
Z  0.1446  0.3133  0.9386

PART 77
OFFSET  5.4347 -2.0746 -6.4861
X -0.4021 -0.8703  0.2843
Y -0.8964  0.4375  0.0715
Z -0.1866 -0.2261 -0.9561

PART 78
OFFSET  0.0000 -0.0000 -0.0000
X  1.0000 -0.0000  0.0000
Y  0.0000  1.0000  0.0000
Z  0.0000 -0.0000  1.0000

PART 79
OFFSET  0.0000 -0.0000 -0.0000
X  1.0000 -0.0000  0.0000
Y  0.0000  1.0000  0.0000
Z  0.0000 -0.0000  1.0000

PART 80
OFFSET  1.5404 -0.0000  4.1357
X  1.0000 -0.0000  0.0000
Y  0.0000  1.0000  0.0000
Z  0.0000 -0.0000  1.0000


FRAME 103
PART 0
OFFSET -4.6318 -0.0000 -1.3770
X  1.0000 -0.0000  0.0000
Y  0.0000  1.0000  0.0000
Z  0.0000 -0.0000  1.0000

PART 1
OFFSET -4.6318 -0.0000 -1.3770
X  1.0000 -0.0000  0.0000
Y  0.0000  1.0000  0.0000
Z  0.0000 -0.0000  1.0000

PART 2
OFFSET -3.5060  6.3408 -6.7125
X  0.8939 -0.2048 -0.3988
Y -0.1453 -0.9739  0.1743
Z -0.4241 -0.0978 -0.9003

PART 3
OFFSET  7.3046  3.8645 -11.5356
X  0.8285 -0.4392  0.3474
Y -0.4441 -0.1374  0.8854
Z -0.3411 -0.8878 -0.3089

PART 4
OFFSET  14.3514  0.1291 -8.5806
X  0.8285 -0.4392  0.3474
Y  0.0923  0.7190  0.6889
Z -0.5523 -0.5387  0.6362

PART 5
OFFSET  16.4624  1.2021 -8.2395
X  0.8320 -0.4360  0.3430
Y  0.3452  0.8909  0.2952
Z -0.4343 -0.1272  0.8918

PART 6
OFFSET  15.5001 -0.7920 -9.5654
X  0.8320 -0.4360  0.3430
Y  0.3452  0.8909  0.2952
Z -0.4343 -0.1272  0.8918

PART 7
OFFSET  15.7774  0.3299 -6.2008
X  0.8320 -0.4360  0.3430
Y  0.3452  0.8909  0.2952
Z -0.4343 -0.1272  0.8918

PART 8
OFFSET  15.1714 -1.0154 -6.7457
X  0.8320 -0.4360  0.3430
Y  0.3452  0.8909  0.2952
Z -0.4343 -0.1272  0.8918

PART 9
OFFSET  14.7014 -1.7937 -7.7063
X  0.8320 -0.4360  0.3430
Y  0.3452  0.8909  0.2952
Z -0.4343 -0.1272  0.8918

PART 10
OFFSET  16.8913 -1.2173 -7.5155
X  0.9690 -0.1989  0.1463
Y  0.0529  0.7461  0.6638
Z -0.2411 -0.6355  0.7335

PART 11
OFFSET  17.2793 -0.8477 -6.5080
X  0.9119 -0.0108  0.4103
Y -0.0681  0.9818  0.1772
Z -0.4048 -0.1896  0.8945

PART 12
OFFSET  19.2177 -0.7835 -5.5550
X  0.9505 -0.3103  0.0165
Y  0.2594  0.8216  0.5077
Z -0.1711 -0.4783  0.8614

PART 13
OFFSET  20.7175 -1.3870 -5.4623
X  0.9356 -0.0256  0.3522
Y -0.0822  0.9542  0.2878
Z -0.3434 -0.2982  0.8906

PART 14
OFFSET  21.7122 -1.4121 -5.0357
X  0.8943  0.3692 -0.2528
Y -0.2548 -0.0443 -0.9660
Z -0.3679  0.9283  0.0545

PART 15
OFFSET  17.6059 -2.3129 -7.9542
X  0.7827 -0.6215 -0.0340
Y -0.4092 -0.5550  0.7243
Z -0.4690 -0.5529 -0.6887

PART 16
OFFSET  19.3826 -3.6968 -7.8416
X -0.1169 -0.2203  0.9684
Y -0.6816  0.7270  0.0831
Z -0.7223 -0.6504 -0.2351

PART 17
OFFSET  19.2171 -4.0087 -6.4705
X -0.4643  0.2508  0.8494
Y -0.5291  0.6906 -0.4931
Z -0.7102 -0.6784 -0.1880

PART 18
OFFSET  18.8054 -3.7864 -5.7174
X -0.5953  0.4578  0.6603
Y -0.3136  0.6243 -0.7155
Z -0.7398 -0.6330 -0.2281

PART 19
OFFSET  18.2398 -3.3515 -5.0900
X  0.7592 -0.6505 -0.0229
Y  0.0529  0.0967 -0.9939
Z  0.6488  0.7533  0.1078

PART 20
OFFSET  17.8879 -1.7721 -7.5834
X  0.9045 -0.4222 -0.0602
Y -0.2630 -0.6634  0.7005
Z -0.3357 -0.6178 -0.7111

PART 21
OFFSET  20.1433 -3.0649 -7.5830
X  0.0161 -0.6247  0.7807
Y -0.6437  0.5910  0.4862
Z -0.7651 -0.5103 -0.3926

PART 22
OFFSET  20.1707 -4.1285 -6.2539
X -0.5517  0.2187  0.8048
Y -0.3468  0.8175 -0.4599
Z -0.7585 -0.5329 -0.3752

PART 23
OFFSET  19.4060 -3.8255 -5.1385
X -0.6455  0.5059  0.5721
Y -0.1126  0.6779 -0.7265
Z -0.7554 -0.5334 -0.3806

PART 24
OFFSET  18.7059 -3.2768 -4.5180
X  0.5561 -0.8280 -0.0725
Y  0.3103  0.2877 -0.9061
Z  0.7710  0.4813  0.4169

PART 25
OFFSET  19.8334 -0.9864 -5.6176
X  0.8345 -0.5081  0.2132
Y  0.5142  0.5789 -0.6328
Z  0.1981  0.6377  0.7443

PART 26
OFFSET  20.7968 -1.1934 -6.7176
X  0.5636 -0.8168  0.1230
Y -0.5610 -0.2693  0.7828
Z -0.6063 -0.5102 -0.6100

PART 27
OFFSET  21.7891 -2.6316 -6.5011
X -0.2155 -0.7216  0.6579
Y -0.7945  0.5213  0.3115
Z -0.5677 -0.4556 -0.6856

PART 28
OFFSET  21.5616 -3.4811 -5.6596
X -0.6437 -0.1157  0.7565
Y -0.4684  0.8413 -0.2698
Z -0.6052 -0.5280 -0.5957

PART 29
OFFSET  20.8346 -3.6118 -4.8051
X  0.4621 -0.8703 -0.1703
Y  0.5490  0.4315 -0.7158
Z  0.6964  0.2373  0.6772

PART 30
OFFSET  20.5928 -2.0955 -7.3217
X  0.2393 -0.7715  0.5895
Y -0.7399  0.2483  0.6252
Z -0.6287 -0.5858 -0.5114

PART 31
OFFSET  21.0602 -3.6027 -6.1701
X -0.5342 -0.1584  0.8304
Y -0.5355  0.8235 -0.1874
Z -0.6541 -0.5448 -0.5247

PART 32
OFFSET  20.2799 -3.8342 -4.9572
X -0.7456  0.3793  0.5480
Y -0.0650  0.7769 -0.6263
Z -0.6633 -0.5025 -0.5546

PART 33
OFFSET  19.4308 -3.4086 -4.3401
X  0.6556 -0.7550  0.0153
Y  0.3795  0.3119 -0.8710
Z  0.6528  0.5768  0.4910

PART 34
OFFSET  19.1226 -3.1269 -6.3589
X -0.3936 -0.6268 -0.6724
Y  0.2411  0.6355 -0.7335
Z  0.8871 -0.4509 -0.0990

PART 35
OFFSET  8.2490 -2.6954 -4.4065
X  0.9996  0.0222  0.0166
Y -0.0208  0.9968 -0.0777
Z -0.0183  0.0774  0.9968

PART 36
OFFSET  8.2490 -2.6954 -4.4065
X  0.9996  0.0222  0.0166
Y -0.0208  0.9968 -0.0777
Z -0.0183  0.0774  0.9968

PART 37
OFFSET  13.5103 -2.6762 -1.9466
X  0.9990  0.0238  0.0370
Y -0.0208  0.9968 -0.0777
Z -0.0387  0.0769  0.9963

PART 38
OFFSET  12.4537 -2.5654 -4.0595
X  0.9996  0.0222  0.0166
Y -0.0208  0.9968 -0.0777
Z -0.0183  0.0774  0.9968

PART 39
OFFSET  31.8327 -2.0738 -2.9584
X  0.9996  0.0222  0.0166
Y -0.0208  0.9968 -0.0777
Z -0.0183  0.0774  0.9968

PART 40
OFFSET  7.5412 -2.8894 -6.7043
X  0.9996  0.0222  0.0166
Y -0.0208  0.9968 -0.0777
Z -0.0183  0.0774  0.9968

PART 41
OFFSET  33.9070 -2.1130 -5.6432
X -0.0208  0.9968 -0.0777
Y -0.9996 -0.0222 -0.0166
Z -0.0183  0.0774  0.9968

PART 42
OFFSET  22.1316 -2.8371 -5.3995
X -0.3987  0.0630  0.9149
Y -0.9169 -0.0501 -0.3961
Z  0.0208 -0.9968  0.0777

PART 43
OFFSET  22.1316 -2.8371 -5.3995
X -0.0208  0.9968 -0.0777
Y -0.9996 -0.0222 -0.0166
Z -0.0183  0.0774  0.9968

PART 44
OFFSET  21.7284 -2.5948 -5.9137
X -0.0208  0.9968 -0.0777
Y -0.9996 -0.0222 -0.0166
Z -0.0183  0.0774  0.9968

PART 45
OFFSET  21.6992 -1.1994 -6.0225
X -0.0081  0.8078 -0.5894
Y -0.9996 -0.0222 -0.0166
Z -0.0265  0.5891  0.8077

PART 46
OFFSET  31.5978 -2.1587 -5.5001
X  0.9996  0.0222  0.0166
Y -0.0208  0.9968 -0.0777
Z -0.0183  0.0774  0.9968

PART 47
OFFSET  30.8994 -0.8461 -6.3912
X  0.7983 -0.4028  0.4478
Y  0.6023  0.5318 -0.5954
Z  0.0017  0.7450  0.6671

PART 48
OFFSET -16.6612 -4.8127 -6.7186
X -0.8537  0.0690  0.5161
Y -0.2634 -0.9122 -0.3138
Z  0.4492 -0.4039  0.7969

PART 49
OFFSET -6.3364 -5.6469 -12.9607
X -0.8482 -0.0741 -0.5245
Y  0.5297 -0.1143 -0.8404
Z  0.0023 -0.9907  0.1363

PART 50
OFFSET  0.8777 -5.0164 -8.4995
X -0.8482 -0.0741 -0.5245
Y  0.5279 -0.2008 -0.8252
Z -0.0442 -0.9768  0.2095

PART 51
OFFSET  1.7345 -3.6459 -7.3365
X -0.8513 -0.0705 -0.5199
Y -0.0075  0.9925 -0.1222
Z  0.5246 -0.1001 -0.8454

PART 52
OFFSET  1.5732 -4.2061 -6.2651
X -0.8513 -0.0705 -0.5199
Y -0.0075  0.9925 -0.1222
Z  0.5246 -0.1001 -0.8454

PART 53
OFFSET  1.7359 -5.5602 -6.1484
X -0.8513 -0.0705 -0.5199
Y -0.0075  0.9925 -0.1222
Z  0.5246 -0.1001 -0.8454

PART 54
OFFSET  3.4779 -4.7891 -6.8915
X -0.9465 -0.1828 -0.2661
Y  0.3058 -0.2434 -0.9205
Z  0.1035 -0.9525  0.2863

PART 55
OFFSET  3.5661 -4.0808 -6.0012
X -0.4744 -0.7289 -0.4935
Y  0.5883  0.1546 -0.7938
Z  0.6549 -0.6669  0.3555

PART 56
OFFSET  4.4947 -2.4862 -4.8767
X -0.8998 -0.3477  0.2634
Y -0.0350 -0.5443 -0.8381
Z  0.4348 -0.7634  0.4776

PART 57
OFFSET  5.8966 -1.8718 -5.4054
X -0.5484  0.0322  0.8356
Y -0.6347 -0.6667 -0.3908
Z  0.5445 -0.7446  0.3861

PART 58
OFFSET  6.4755 -1.8613 -6.3200
X -0.8854  0.3647  0.2883
Y  0.0930  0.7465 -0.6588
Z -0.4555 -0.5565 -0.6948

PART 59
OFFSET  4.5853 -4.7026 -7.7099
X -0.9320 -0.2734  0.2378
Y  0.3365 -0.8966  0.2880
Z  0.1344  0.3485  0.9276

PART 60
OFFSET  6.6578 -3.9276 -8.1443
X -0.0869 -0.9859  0.1431
Y  0.9546 -0.1235 -0.2711
Z  0.2849  0.1131  0.9519

PART 61
OFFSET  6.7809 -2.5318 -8.3469
X  0.7867 -0.5939 -0.1686
Y  0.5614  0.8018 -0.2046
Z  0.2567  0.0663  0.9642

PART 62
OFFSET  6.0834 -2.0052 -8.1974
X  0.9032  0.2954 -0.3113
Y -0.3195  0.9472 -0.0283
Z  0.2865  0.1250  0.9499

PART 63
OFFSET  5.2252 -2.2859 -7.9017
X -0.5317 -0.8386  0.1185
Y -0.7862  0.5408  0.2990
Z -0.3148  0.0658 -0.9469

PART 64
OFFSET  4.6047 -4.6336 -6.9996
X -0.9643 -0.2616  0.0416
Y  0.2607 -0.9097  0.3231
Z -0.0467  0.3224  0.9455

PART 65
OFFSET  7.1200 -4.0226 -7.2408
X -0.1158 -0.9598  0.2558
Y  0.9491 -0.1828 -0.2563
Z  0.2928  0.2131  0.9321

PART 66
OFFSET  7.3172 -2.3885 -7.6762
X  0.8937 -0.4085 -0.1854
Y  0.3493  0.8929 -0.2840
Z  0.2815  0.1891  0.9407

PART 67
OFFSET  6.0786 -1.8224 -7.4193
X  0.8262  0.4537 -0.3341
Y -0.4913  0.8704 -0.0328
Z  0.2759  0.1912  0.9420

PART 68
OFFSET  5.1825 -2.3144 -7.0570
X -0.3827 -0.8595  0.3388
Y -0.8874  0.4440  0.1241
Z -0.2571 -0.2531 -0.9326

PART 69
OFFSET -0.6643 -5.8546 -7.0672
X -0.9209 -0.3898  0.0073
Y -0.3620  0.8480 -0.3870
Z  0.1447 -0.3590 -0.9220

PART 70
OFFSET  6.9736 -4.2472 -5.0541
X -0.9833 -0.0493 -0.1750
Y  0.0171 -0.9833  0.1810
Z -0.1810  0.1749  0.9678

PART 71
OFFSET  8.7049 -4.1604 -4.7460
X -0.3486 -0.9243  0.1555
Y  0.9204 -0.3062  0.2433
Z -0.1772  0.2279  0.9574

PART 72
OFFSET  9.1180 -3.0229 -4.8770
X  0.0679 -0.9829  0.1714
Y  0.9809  0.0972  0.1686
Z -0.1824  0.1567  0.9707

PART 73
OFFSET  9.0413 -1.9127 -5.0706
X -0.9589  0.2763  0.0650
Y  0.2536  0.9367 -0.2414
Z -0.1276 -0.2149 -0.9683

PART 74
OFFSET  7.1859 -4.3600 -6.1324
X -0.2469 -0.9268  0.2831
Y  0.9637 -0.2654 -0.0282
Z  0.1013  0.2658  0.9587

PART 75
