// Export filename: `C:\projects\cod\t5\xanim_export\t5_viewmodels\ak47\ak47_masterkey_mk_idle.XANIM_EXPORT`
// Source filename: `D:\projects\devanim\t5\animation_assets\viewmodels/ak47/ViewModel_AK47_MasterKey_animated.fbx`
// Export time: Wed Jul 07 18:24:01 2010

ANIMATION
VERSION 3

NUMPARTS 77
PART 0 "tag_ads"
PART 1 "tag_torso"
PART 2 "J_Shoulder_LE"
PART 3 "J_Elbow_LE"
PART 4 "J_WristTwist_LE"
PART 5 "J_Sleave_Reshape_Bottom_LE_1"
PART 6 "J_Sleave_Reshape_Bottom_LE_2"
PART 7 "J_Sleave_Reshape_Top_LE_1"
PART 8 "J_Sleave_Reshape_Top_LE_2"
PART 9 "J_Sleave_Reshape_Top_LE_3"
PART 10 "J_Wrist_LE"
PART 11 "J_Thumb_LE_0"
PART 12 "J_Thumb_LE_1"
PART 13 "J_Thumb_LE_2"
PART 14 "J_Thumb_LE_3"
PART 15 "J_PinkyPalm_LE"
PART 16 "J_Pinky_LE_0"
PART 17 "J_Pinky_LE_1"
PART 18 "J_Pinky_LE_2"
PART 19 "J_Pinky_LE_3"
PART 20 "J_RingPalm_LE"
PART 21 "J_Ring_LE_0"
PART 22 "J_Ring_LE_1"
PART 23 "J_Ring_LE_2"
PART 24 "J_Ring_LE_3"
PART 25 "J_Webbing_LE"
PART 26 "J_Index_LE_0"
PART 27 "J_Index_LE_1"
PART 28 "J_Index_LE_2"
PART 29 "J_Index_LE_3"
PART 30 "J_Mid_LE_0"
PART 31 "J_Mid_LE_1"
PART 32 "J_Mid_LE_2"
PART 33 "J_Mid_LE_3"
PART 34 "tag_knife_attach"
PART 35 "tag_weapon"
PART 36 "J_Gun"
PART 37 "J_bolt"
PART 38 "tag_masterkey"
PART 39 "tag_brass2"
PART 40 "tag_ammo2"
PART 41 "tag_pump2"
PART 42 "TAG_CLIP"
PART 43 "TAG_FLASH"
PART 44 "J_Shoulder_RI"
PART 45 "J_Elbow_RI"
PART 46 "J_WristTwist_RI"
PART 47 "J_Sleave_Reshape_Top_RI_3"
PART 48 "J_Sleave_Reshape_Top_RI_2"
PART 49 "J_Sleave_Reshape_Top_RI_1"
PART 50 "J_Wrist_RI"
PART 51 "J_Thumb_RI_0"
PART 52 "J_Thumb_RI_1"
PART 53 "J_Thumb_RI_2"
PART 54 "J_Thumb_RI_3"
PART 55 "J_PinkyPalm_RI"
PART 56 "J_Pinky_RI_0"
PART 57 "J_Pinky_RI_1"
PART 58 "J_Pinky_RI_2"
PART 59 "J_Pinky_RI_3"
PART 60 "J_RingPalm_RI"
PART 61 "J_Ring_RI_0"
PART 62 "J_Ring_RI_1"
PART 63 "J_Ring_RI_2"
PART 64 "J_Ring_RI_3"
PART 65 "J_Webbing_RI"
PART 66 "J_Index_RI_0"
PART 67 "J_Index_RI_1"
PART 68 "J_Index_RI_2"
PART 69 "J_Index_RI_3"
PART 70 "J_Mid_RI_0"
PART 71 "J_Mid_RI_1"
PART 72 "J_Mid_RI_2"
PART 73 "J_Mid_RI_3"
PART 74 "tag_cambone"
PART 75 "tag_camera"
PART 76 "tag_gasmask"

FRAMERATE 30
NUMFRAMES 3

FRAME 1300
PART 0
OFFSET  0.0000 -0.0000 -0.0000
X  1.0000 -0.0000  0.0000
Y  0.0000  1.0000  0.0000
Z  0.0000 -0.0000  1.0000

PART 1
OFFSET -4.6318 -0.0000 -1.3770
X  1.0000 -0.0000  0.0000
Y  0.0000  1.0000  0.0000
Z  0.0000 -0.0000  1.0000

PART 2
OFFSET  1.6160  1.6487 -7.3253
X  0.8369  0.4069 -0.3661
Y  0.2903 -0.8970 -0.3334
Z -0.4641  0.1728 -0.8688

PART 3
OFFSET  11.7373  6.5698 -11.7530
X  0.6964 -0.5174  0.4973
Y -0.7175 -0.5147  0.4693
Z  0.0132 -0.6836 -0.7297

PART 4
OFFSET  17.6609  2.1692 -7.5235
X  0.6964 -0.5174  0.4973
Y -0.1225  0.5971  0.7928
Z -0.7071 -0.6130  0.3525

PART 5
OFFSET  19.1717  3.0654 -5.8993
X  0.7006 -0.5125  0.4964
Y -0.0047  0.6924  0.7215
Z -0.7135 -0.5079  0.4827

PART 6
OFFSET  19.2776  1.7916 -8.1413
X  0.7006 -0.5125  0.4964
Y -0.0047  0.6924  0.7215
Z -0.7135 -0.5079  0.4827

PART 7
OFFSET  17.9421  1.3884 -4.8687
X  0.7006 -0.5125  0.4964
Y -0.0047  0.6924  0.7215
Z -0.7135 -0.5079  0.4827

PART 8
OFFSET  17.6857  0.0633 -6.0854
X  0.7006 -0.5125  0.4964
Y -0.0047  0.6924  0.7215
Z -0.7135 -0.5079  0.4827

PART 9
OFFSET  17.8189 -0.2489 -7.3637
X  0.7006 -0.5125  0.4964
Y -0.0047  0.6924  0.7215
Z -0.7135 -0.5079  0.4827

PART 10
OFFSET  19.7959  0.5830 -5.9991
X  0.9581 -0.2454  0.1475
Y  0.0226  0.5783  0.8155
Z -0.2854 -0.7780  0.5597

PART 11
OFFSET  20.1316  0.7112 -4.9160
X  0.8462 -0.1666  0.5062
Y -0.1193  0.8665  0.4846
Z -0.5194 -0.4705  0.7134

PART 12
OFFSET  21.9168  0.4120 -3.7356
X  0.9493 -0.3066  0.0690
Y  0.1628  0.6676  0.7265
Z -0.2688 -0.6785  0.6837

PART 13
OFFSET  23.4095 -0.1988 -3.5910
X  0.9490 -0.0870  0.3029
Y -0.1150  0.7993  0.5898
Z -0.2935 -0.5946  0.7486

PART 14
OFFSET  24.4204 -0.3065 -3.2191
X  0.8654  0.4824 -0.1357
Y -0.2907  0.2626 -0.9201
Z -0.4082  0.8356  0.3675

PART 15
OFFSET  20.5248 -0.4012 -6.6344
X  0.4959 -0.8653  0.0738
Y -0.6004 -0.2802  0.7490
Z -0.6274 -0.4157 -0.6585

PART 16
OFFSET  21.6566 -2.3191 -6.2808
X -0.2645 -0.5412  0.7982
Y -0.8028  0.5821  0.1287
Z -0.5343 -0.6068 -0.5885

PART 17
OFFSET  21.2822 -3.0854 -5.1507
X -0.7692  0.0882  0.6329
Y -0.3611  0.7571 -0.5444
Z -0.5272 -0.6473 -0.5505

PART 18
OFFSET  20.6001 -3.0072 -4.5896
X -0.8015  0.5779  0.1536
Y  0.2501  0.5574 -0.7917
Z -0.5431 -0.5961 -0.5913

PART 19
OFFSET  19.8387 -2.4581 -4.4436
X  0.5346 -0.7057  0.4650
Y  0.6360 -0.0264 -0.7712
Z  0.5566  0.7080  0.4347

PART 20
OFFSET  20.7904  0.0378 -6.1382
X  0.9031 -0.4158 -0.1068
Y -0.3057 -0.7975  0.5202
Z -0.3015 -0.4372 -0.8474

PART 21
OFFSET  22.8889 -1.4892 -6.2892
X -0.0537 -0.7883  0.6129
Y -0.8943  0.3110  0.3217
Z -0.4442 -0.5309 -0.7217

PART 22
OFFSET  22.7975 -2.8313 -5.2457
X -0.8327 -0.0465  0.5518
Y -0.3387  0.8311 -0.4411
Z -0.4381 -0.5542 -0.7077

PART 23
OFFSET  21.6435 -2.8957 -4.4809
X -0.8420  0.5302  0.0991
Y  0.3220  0.6416 -0.6962
Z -0.4327 -0.5543 -0.7110

PART 24
OFFSET  20.7303 -2.3207 -4.3734
X  0.4847 -0.8282  0.2815
Y  0.7647  0.2449 -0.5960
Z  0.4246  0.5041  0.7520

PART 25
OFFSET  22.6325  0.3277 -3.9497
X  0.8178 -0.5591  0.1366
Y  0.5522  0.6951 -0.4604
Z  0.1624  0.4519  0.8772

PART 26
OFFSET  23.6525  0.3520 -5.0174
X  0.7853 -0.5913 -0.1834
Y -0.4345 -0.7375  0.5171
Z -0.4410 -0.3264 -0.8361

PART 27
OFFSET  25.0352 -0.6890 -5.3404
X  0.3179 -0.9360  0.1511
Y -0.8542 -0.2136  0.4740
Z -0.4114 -0.2798 -0.8674

PART 28
OFFSET  25.4466 -1.8099 -5.1039
X -0.3860 -0.7088  0.5904
Y -0.8232  0.5535  0.1265
Z -0.4165 -0.4372 -0.7971

PART 29
OFFSET  25.0107 -2.6106 -4.4370
X  0.7516 -0.3919 -0.5306
Y  0.1742  0.8937 -0.4134
Z  0.6362  0.2183  0.7400

PART 30
OFFSET  23.4746 -0.3887 -5.8175
X  0.3213 -0.9098  0.2627
Y -0.8398 -0.1456  0.5231
Z -0.4376 -0.3887 -0.8108

PART 31
OFFSET  24.1023 -2.1660 -5.3042
X -0.6904 -0.4314  0.5808
Y -0.5560  0.8300 -0.0445
Z -0.4628 -0.3536 -0.8129

PART 32
OFFSET  23.0940 -2.7962 -4.4559
X -0.8408  0.4340  0.3235
Y  0.2635  0.8502 -0.4558
Z -0.4728 -0.2981 -0.8292

PART 33
OFFSET  22.1381 -2.3073 -4.0951
X  0.5067 -0.8568  0.0961
Y  0.7056  0.3480 -0.6173
Z  0.4954  0.3806  0.7808

PART 34
OFFSET  21.9465 -1.5797 -5.1859
X -0.3614 -0.4535 -0.8147
Y  0.2854  0.7780 -0.5597
Z  0.8877 -0.4348 -0.1517

PART 35
OFFSET  3.7195 -2.5659 -5.4428
X  0.9877  0.0404  0.1513
Y -0.0783  0.9640  0.2539
Z -0.1356 -0.2626  0.9553

PART 36
OFFSET  3.7195 -2.5659 -5.4428
X  0.9877  0.0404  0.1513
Y -0.0783  0.9640  0.2539
Z -0.1356 -0.2626  0.9553

PART 37
OFFSET  8.6571 -3.2425 -2.4603
X  0.9847  0.0350  0.1708
Y -0.0783  0.9640  0.2539
Z -0.1558 -0.2634  0.9520

PART 38
OFFSET  13.1643 -1.5584 -6.3571
X  0.9877  0.0404  0.1513
Y -0.0783  0.9640  0.2539
Z -0.1356 -0.2626  0.9553

PART 39
OFFSET  18.0687 -2.1373 -3.9716
X  0.9112  0.4119  0.0114
Y  0.1562 -0.3197 -0.9345
Z -0.3813  0.8533 -0.3557

PART 40
OFFSET -8.7448 -2.7026 -8.7125
X  0.8499 -0.0686  0.5225
Y -0.0783  0.9640  0.2539
Z -0.5211 -0.2567  0.8139

PART 41
OFFSET  23.4401 -0.6094 -6.7902
X  0.0783 -0.9640 -0.2539
Y  0.9877  0.0404  0.1513
Z -0.1356 -0.2626  0.9553

PART 42
OFFSET  7.8404 -2.4546 -4.5352
X  0.9877  0.0404  0.1513
Y -0.0783  0.9640  0.2539
Z -0.1356 -0.2626  0.9553

PART 43
OFFSET  26.7414 -1.4264 -2.6056
X  0.9877  0.0404  0.1513
Y -0.0783  0.9640  0.2539
Z -0.1356 -0.2626  0.9553

PART 44
OFFSET -17.6076 -4.8127 -7.0611
X -0.6660  0.1224  0.7359
Y -0.3052 -0.9448 -0.1191
Z  0.6807 -0.3039  0.6666

PART 45
OFFSET -9.5532 -6.2928 -15.9604
X -0.7745 -0.2136 -0.5954
Y  0.6269 -0.1336 -0.7676
Z  0.0844 -0.9678  0.2373

PART 46
OFFSET -2.9654 -4.4764 -10.8965
X -0.7745 -0.2136 -0.5954
Y  0.5944  0.0761 -0.8006
Z  0.2163 -0.9740  0.0680

PART 47
OFFSET -2.3787 -2.9198 -9.8021
X -0.7785 -0.2099 -0.5915
Y -0.0913  0.9703 -0.2241
Z  0.6210 -0.1205 -0.7745

PART 48
OFFSET -2.6003 -3.3929 -8.6998
X -0.7785 -0.2099 -0.5915
Y -0.0913  0.9703 -0.2241
Z  0.6210 -0.1205 -0.7745

PART 49
OFFSET -2.3197 -4.7046 -8.4284
X -0.7785 -0.2099 -0.5915
Y -0.0913  0.9703 -0.2241
Z  0.6210 -0.1205 -0.7745

PART 50
OFFSET -0.5909 -3.8217 -9.0712
X -0.8961 -0.1064 -0.4308
Y  0.4231  0.0878 -0.9018
Z  0.1338 -0.9904 -0.0337

PART 51
OFFSET -0.6510 -3.4519 -7.9934
X -0.3661 -0.5323 -0.7633
Y  0.6623  0.4271 -0.6156
Z  0.6536 -0.7309  0.1962

PART 52
OFFSET  0.0367 -2.3051 -6.2958
X -0.8986 -0.4385  0.0158
Y  0.0960 -0.2317 -0.9680
Z  0.4281 -0.8684  0.2503

PART 53
OFFSET  1.4451 -1.5138 -6.4071
X -0.6400 -0.2642  0.7215
Y -0.5407 -0.5123 -0.6672
Z  0.5459 -0.8171  0.1850

PART 54
OFFSET  2.1214 -1.1820 -7.1844
X -0.9345  0.2243  0.2763
Y  0.1167  0.9266 -0.3575
Z -0.3362 -0.3019 -0.8921

PART 55
OFFSET  0.5935 -3.4374 -9.6655
X -0.9326 -0.3607  0.0123
Y  0.3609 -0.9325  0.0164
Z  0.0055  0.0197  0.9998

PART 56
OFFSET  2.6454 -2.5097 -9.5494
X -0.0366 -0.9785 -0.2030
Y  0.9852 -0.0012 -0.1716
Z  0.1677 -0.2063  0.9640

PART 57
OFFSET  2.6972 -1.1244 -9.2620
X  0.8385 -0.4827 -0.2528
Y  0.5262  0.8378  0.1457
Z  0.1414 -0.2552  0.9565

PART 58
OFFSET  1.9538 -0.6964 -9.0379
X  0.9109  0.4054 -0.0775
Y -0.3767  0.8933  0.2454
Z  0.1687 -0.1943  0.9663

PART 59
OFFSET  1.0884 -1.0815 -8.9643
X -0.4846 -0.8427 -0.2345
Y -0.8492  0.3889  0.3572
Z -0.2098  0.3723 -0.9041

PART 60
OFFSET  0.5281 -3.6107 -8.9761
X -0.9432 -0.2845 -0.1715
Y  0.2827 -0.9586  0.0351
Z -0.1743 -0.0154  0.9846

PART 61
OFFSET  3.0082 -2.8912 -8.6766
X -0.0797 -0.9925 -0.0928
Y  0.9820 -0.0622 -0.1781
Z  0.1710 -0.1053  0.9796

PART 62
OFFSET  3.1438 -1.2015 -8.5186
X  0.9341 -0.2999 -0.1935
Y  0.3188  0.9449  0.0743
Z  0.1605 -0.1311  0.9783

PART 63
OFFSET  1.8492 -0.7859 -8.2505
X  0.8265  0.5602 -0.0563
Y -0.5413  0.8182  0.1937
Z  0.1546 -0.1296  0.9794

PART 64
OFFSET  0.9528 -1.3934 -8.1894
X -0.3603 -0.9327 -0.0163
Y -0.9233  0.3541  0.1487
Z -0.1329  0.0687 -0.9887

PART 65
OFFSET -4.6066 -4.8698 -10.1197
X -0.8878 -0.3925 -0.2403
Y -0.3718  0.9194 -0.1282
Z  0.2713 -0.0245 -0.9622

PART 66
OFFSET  2.6316 -3.8413 -6.7249
X -0.9519 -0.0123 -0.3063
Y  0.0621 -0.9862 -0.1534
Z -0.3002 -0.1651  0.9395

PART 67
OFFSET  4.3075 -3.8196 -6.1857
X -0.3015 -0.9312 -0.2047
Y  0.9054 -0.3469  0.2446
Z -0.2988 -0.1116  0.9478

PART 68
OFFSET  4.6559 -2.6943 -5.8793
X  0.1135 -0.9813 -0.1557
Y  0.9470  0.0594  0.3158
Z -0.3006 -0.1833  0.9360

PART 69
OFFSET  4.5277 -1.5859 -5.7034
X -0.9764  0.2142  0.0288
Y  0.2162  0.9694  0.1164
Z -0.0030  0.1198 -0.9928

PART 70
OFFSET  2.9711 -3.5797 -7.7432
X -0.2149 -0.9739 -0.0732
Y  0.9763 -0.2162  0.0097
Z -0.0253 -0.0694  0.9973

PART 71
OFFSET  3.3910 -1.6772 -7.6002
X  0.8625 -0.5057 -0.0176
Y  0.5061  0.8620  0.0300
Z -0.0000 -0.0347  0.9994

PART 72
OFFSET  2.1312 -0.9385 -7.5746
X  0.8789  0.4768 -0.0147
Y -0.4770  0.8787 -0.0194
Z  0.0036  0.0240  0.9997

PART 73
OFFSET  1.1354 -1.4781 -7.5650
X -0.3695 -0.9284 -0.0403
Y -0.9279  0.3663  0.0692
Z -0.0494  0.0630 -0.9968

PART 74
OFFSET  0.0000 -0.0000 -0.0000
X  1.0000 -0.0000  0.0000
Y  0.0000  1.0000  0.0000
Z  0.0000 -0.0000  1.0000

PART 75
OFFSET  0.0000 -0.0000 -0.0000
X  1.0000 -0.0000  0.0000
Y  0.0000  1.0000  0.0000
Z  0.0000 -0.0000  1.0000

PART 76
OFFSET  1.5404 -0.0000  4.1357
X  1.0000 -0.0000  0.0000
Y  0.0000  1.0000  0.0000
Z  0.0000 -0.0000  1.0000


FRAME 1301
PART 0
OFFSET  0.0000 -0.0000 -0.0000
X  1.0000 -0.0000  0.0000
Y  0.0000  1.0000  0.0000
Z  0.0000 -0.0000  1.0000

PART 1
OFFSET -4.6318 -0.0000 -1.3770
X  1.0000 -0.0000  0.0000
Y  0.0000  1.0000  0.0000
Z  0.0000 -0.0000  1.0000

PART 2
OFFSET  1.6160  1.6487 -7.3253
X  0.8369  0.4069 -0.3661
Y  0.2903 -0.8970 -0.3334
Z -0.4641  0.1728 -0.8688

PART 3
OFFSET  11.7373  6.5698 -11.7530
X  0.6964 -0.5174  0.4973
Y -0.7175 -0.5147  0.4693
Z  0.0132 -0.6836 -0.7297

PART 4
OFFSET  17.6609  2.1692 -7.5235
X  0.6964 -0.5174  0.4973
Y -0.1225  0.5971  0.7928
Z -0.7071 -0.6130  0.3525

PART 5
OFFSET  19.1717  3.0654 -5.8993
X  0.7006 -0.5125  0.4964
Y -0.0047  0.6924  0.7215
Z -0.7135 -0.5079  0.4827

PART 6
OFFSET  19.2776  1.7916 -8.1413
X  0.7006 -0.5125  0.4964
Y -0.0047  0.6924  0.7215
Z -0.7135 -0.5079  0.4827

PART 7
OFFSET  17.9421  1.3884 -4.8687
X  0.7006 -0.5125  0.4964
Y -0.0047  0.6924  0.7215
Z -0.7135 -0.5079  0.4827

PART 8
OFFSET  17.6857  0.0633 -6.0854
X  0.7006 -0.5125  0.4964
Y -0.0047  0.6924  0.7215
Z -0.7135 -0.5079  0.4827

PART 9
OFFSET  17.8189 -0.2489 -7.3637
X  0.7006 -0.5125  0.4964
Y -0.0047  0.6924  0.7215
Z -0.7135 -0.5079  0.4827

PART 10
OFFSET  19.7959  0.5830 -5.9991
X  0.9581 -0.2454  0.1475
Y  0.0226  0.5783  0.8155
Z -0.2854 -0.7780  0.5597

PART 11
OFFSET  20.1316  0.7112 -4.9160
X  0.8462 -0.1666  0.5062
Y -0.1193  0.8665  0.4846
Z -0.5194 -0.4705  0.7134

PART 12
OFFSET  21.9168  0.4120 -3.7356
X  0.9493 -0.3066  0.0690
Y  0.1628  0.6676  0.7265
Z -0.2688 -0.6785  0.6837

PART 13
OFFSET  23.4095 -0.1988 -3.5910
X  0.9490 -0.0870  0.3029
Y -0.1150  0.7993  0.5898
Z -0.2935 -0.5946  0.7486

PART 14
OFFSET  24.4204 -0.3065 -3.2191
X  0.8654  0.4824 -0.1357
Y -0.2907  0.2626 -0.9201
Z -0.4082  0.8356  0.3675

PART 15
OFFSET  20.5248 -0.4012 -6.6344
X  0.4959 -0.8653  0.0738
Y -0.6004 -0.2802  0.7490
Z -0.6274 -0.4157 -0.6585

PART 16
OFFSET  21.6566 -2.3191 -6.2808
X -0.2645 -0.5412  0.7982
Y -0.8028  0.5821  0.1287
Z -0.5343 -0.6068 -0.5885

PART 17
OFFSET  21.2822 -3.0854 -5.1507
X -0.7692  0.0882  0.6329
Y -0.3611  0.7571 -0.5444
Z -0.5272 -0.6473 -0.5505

PART 18
OFFSET  20.6001 -3.0072 -4.5896
X -0.8015  0.5779  0.1536
Y  0.2501  0.5574 -0.7917
Z -0.5431 -0.5961 -0.5913

PART 19
OFFSET  19.8387 -2.4581 -4.4436
X  0.5346 -0.7057  0.4650
Y  0.6360 -0.0264 -0.7712
Z  0.5566  0.7080  0.4347

PART 20
OFFSET  20.7904  0.0378 -6.1382
X  0.9031 -0.4158 -0.1068
Y -0.3057 -0.7975  0.5202
Z -0.3015 -0.4372 -0.8474

PART 21
OFFSET  22.8889 -1.4892 -6.2892
X -0.0537 -0.7883  0.6129
Y -0.8943  0.3110  0.3217
Z -0.4442 -0.5309 -0.7217

PART 22
OFFSET  22.7975 -2.8313 -5.2457
X -0.8327 -0.0465  0.5518
Y -0.3387  0.8311 -0.4411
Z -0.4381 -0.5542 -0.7077

PART 23
OFFSET  21.6435 -2.8957 -4.4809
X -0.8420  0.5302  0.0991
Y  0.3220  0.6416 -0.6962
Z -0.4327 -0.5543 -0.7110

PART 24
OFFSET  20.7303 -2.3207 -4.3734
X  0.4847 -0.8282  0.2815
Y  0.7647  0.2449 -0.5960
Z  0.4246  0.5041  0.7520

PART 25
OFFSET  22.6325  0.3277 -3.9497
X  0.8178 -0.5591  0.1366
Y  0.5522  0.6951 -0.4604
Z  0.1624  0.4519  0.8772

PART 26
OFFSET  23.6525  0.3520 -5.0174
X  0.7853 -0.5913 -0.1834
Y -0.4345 -0.7375  0.5171
Z -0.4410 -0.3264 -0.8361

PART 27
OFFSET  25.0352 -0.6890 -5.3404
X  0.3179 -0.9360  0.1511
Y -0.8542 -0.2136  0.4740
Z -0.4114 -0.2798 -0.8674

PART 28
OFFSET  25.4466 -1.8099 -5.1039
X -0.3860 -0.7088  0.5904
Y -0.8232  0.5535  0.1265
Z -0.4165 -0.4372 -0.7971

PART 29
OFFSET  25.0107 -2.6106 -4.4370
X  0.7516 -0.3919 -0.5306
Y  0.1742  0.8937 -0.4134
Z  0.6362  0.2183  0.7400

PART 30
OFFSET  23.4746 -0.3887 -5.8175
X  0.3213 -0.9098  0.2627
Y -0.8398 -0.1456  0.5231
Z -0.4376 -0.3887 -0.8108

PART 31
OFFSET  24.1023 -2.1660 -5.3042
X -0.6904 -0.4314  0.5808
Y -0.5560  0.8300 -0.0445
Z -0.4628 -0.3536 -0.8129

PART 32
OFFSET  23.0940 -2.7962 -4.4559
X -0.8408  0.4340  0.3235
Y  0.2635  0.8502 -0.4558
Z -0.4728 -0.2981 -0.8292

PART 33
OFFSET  22.1381 -2.3073 -4.0951
X  0.5067 -0.8568  0.0961
Y  0.7056  0.3480 -0.6173
Z  0.4954  0.3806  0.7808

PART 34
OFFSET  21.9465 -1.5797 -5.1859
X -0.3614 -0.4535 -0.8147
Y  0.2854  0.7780 -0.5597
Z  0.8877 -0.4348 -0.1517

PART 35
OFFSET  3.7195 -2.5659 -5.4428
X  0.9877  0.0404  0.1513
Y -0.0783  0.9640  0.2539
Z -0.1356 -0.2626  0.9553

PART 36
OFFSET  3.7195 -2.5659 -5.4428
X  0.9877  0.0404  0.1513
Y -0.0783  0.9640  0.2539
Z -0.1356 -0.2626  0.9553

PART 37
OFFSET  8.6571 -3.2425 -2.4603
X  0.9847  0.0350  0.1708
Y -0.0783  0.9640  0.2539
Z -0.1558 -0.2634  0.9520

PART 38
OFFSET  13.1643 -1.5584 -6.3571
X  0.9877  0.0404  0.1513
Y -0.0783  0.9640  0.2539
Z -0.1356 -0.2626  0.9553

PART 39
OFFSET  18.0687 -2.1373 -3.9716
X  0.9112  0.4119  0.0114
Y  0.1562 -0.3197 -0.9345
Z -0.3813  0.8533 -0.3557

PART 40
OFFSET -8.7448 -2.7026 -8.7125
X  0.8499 -0.0686  0.5225
Y -0.0783  0.9640  0.2539
Z -0.5211 -0.2567  0.8139

PART 41
OFFSET  23.4401 -0.6094 -6.7902
X  0.0783 -0.9640 -0.2539
Y  0.9877  0.0404  0.1513
Z -0.1356 -0.2626  0.9553

PART 42
OFFSET  7.8404 -2.4546 -4.5352
X  0.9877  0.0404  0.1513
Y -0.0783  0.9640  0.2539
Z -0.1356 -0.2626  0.9553

PART 43
OFFSET  26.7414 -1.4264 -2.6056
X  0.9877  0.0404  0.1513
Y -0.0783  0.9640  0.2539
Z -0.1356 -0.2626  0.9553

PART 44
OFFSET -17.6076 -4.8127 -7.0611
X -0.6660  0.1224  0.7359
Y -0.3052 -0.9448 -0.1191
Z  0.6807 -0.3039  0.6666

PART 45
OFFSET -9.5532 -6.2928 -15.9604
X -0.7745 -0.2136 -0.5954
Y  0.6269 -0.1336 -0.7676
Z  0.0844 -0.9678  0.2373

PART 46
OFFSET -2.9654 -4.4764 -10.8965
X -0.7745 -0.2136 -0.5954
Y  0.5944  0.0761 -0.8006
Z  0.2163 -0.9740  0.0680

PART 47
OFFSET -2.3787 -2.9198 -9.8021
X -0.7785 -0.2099 -0.5915
Y -0.0913  0.9703 -0.2241
Z  0.6210 -0.1205 -0.7745

PART 48
OFFSET -2.6003 -3.3929 -8.6998
X -0.7785 -0.2099 -0.5915
Y -0.0913  0.9703 -0.2241
Z  0.6210 -0.1205 -0.7745

PART 49
OFFSET -2.3197 -4.7046 -8.4284
X -0.7785 -0.2099 -0.5915
Y -0.0913  0.9703 -0.2241
Z  0.6210 -0.1205 -0.7745

PART 50
OFFSET -0.5909 -3.8217 -9.0712
X -0.8961 -0.1064 -0.4308
Y  0.4231  0.0878 -0.9018
Z  0.1338 -0.9904 -0.0337

PART 51
OFFSET -0.6510 -3.4519 -7.9934
X -0.3661 -0.5323 -0.7633
Y  0.6623  0.4271 -0.6156
Z  0.6536 -0.7309  0.1962

PART 52
OFFSET  0.0367 -2.3051 -6.2958
X -0.8986 -0.4385  0.0158
Y  0.0960 -0.2317 -0.9680
Z  0.4281 -0.8684  0.2503

PART 53
OFFSET  1.4451 -1.5138 -6.4071
X -0.6400 -0.2642  0.7215
Y -0.5407 -0.5123 -0.6672
Z  0.5459 -0.8171  0.1850

PART 54
OFFSET  2.1214 -1.1820 -7.1844
X -0.9345  0.2243  0.2763
Y  0.1167  0.9266 -0.3575
Z -0.3362 -0.3019 -0.8921

PART 55
OFFSET  0.5935 -3.4374 -9.6655
X -0.9326 -0.3607  0.0123
Y  0.3609 -0.9325  0.0164
Z  0.0055  0.0197  0.9998

PART 56
OFFSET  2.6454 -2.5097 -9.5494
X -0.0366 -0.9785 -0.2030
Y  0.9852 -0.0012 -0.1716
Z  0.1677 -0.2063  0.9640

PART 57
OFFSET  2.6972 -1.1244 -9.2620
X  0.8385 -0.4827 -0.2528
Y  0.5262  0.8378  0.1457
Z  0.1414 -0.2552  0.9565

PART 58
OFFSET  1.9538 -0.6964 -9.0379
X  0.9109  0.4054 -0.0775
Y -0.3767  0.8933  0.2454
Z  0.1687 -0.1943  0.9663

PART 59
OFFSET  1.0884 -1.0815 -8.9643
X -0.4846 -0.8427 -0.2345
Y -0.8492  0.3889  0.3572
Z -0.2098  0.3723 -0.9041

PART 60
OFFSET  0.5281 -3.6107 -8.9761
X -0.9432 -0.2845 -0.1715
Y  0.2827 -0.9586  0.0351
Z -0.1743 -0.0154  0.9846

PART 61
OFFSET  3.0082 -2.8912 -8.6766
X -0.0797 -0.9925 -0.0928
Y  0.9820 -0.0622 -0.1781
Z  0.1710 -0.1053  0.9796

PART 62
OFFSET  3.1438 -1.2015 -8.5186
X  0.9341 -0.2999 -0.1935
Y  0.3188  0.9449  0.0743
Z  0.1605 -0.1311  0.9783

PART 63
OFFSET  1.8492 -0.7859 -8.2505
X  0.8265  0.5602 -0.0563
Y -0.5413  0.8182  0.1937
Z  0.1546 -0.1296  0.9794

PART 64
OFFSET  0.9528 -1.3934 -8.1894
X -0.3603 -0.9327 -0.0163
Y -0.9233  0.3541  0.1487
Z -0.1329  0.0687 -0.9887

PART 65
OFFSET -4.6066 -4.8698 -10.1197
X -0.8878 -0.3925 -0.2403
Y -0.3718  0.9194 -0.1282
Z  0.2713 -0.0245 -0.9622

PART 66
OFFSET  2.6316 -3.8413 -6.7249
X -0.9519 -0.0123 -0.3063
Y  0.0621 -0.9862 -0.1534
Z -0.3002 -0.1651  0.9395

PART 67
OFFSET  4.3075 -3.8196 -6.1857
X -0.3015 -0.9312 -0.2047
Y  0.9054 -0.3469  0.2446
Z -0.2988 -0.1116  0.9478

PART 68
OFFSET  4.6559 -2.6943 -5.8793
X  0.1135 -0.9813 -0.1557
Y  0.9470  0.0594  0.3158
Z -0.3006 -0.1833  0.9360

PART 69
OFFSET  4.5277 -1.5859 -5.7034
X -0.9764  0.2142  0.0288
Y  0.2162  0.9694  0.1164
Z -0.0030  0.1198 -0.9928

PART 70
OFFSET  2.9711 -3.5797 -7.7432
X -0.2149 -0.9739 -0.0732
Y  0.9763 -0.2162  0.0097
Z -0.0253 -0.0694  0.9973

PART 71
OFFSET  3.3910 -1.6772 -7.6002
X  0.8625 -0.5057 -0.0176
Y  0.5061  0.8620  0.0300
Z -0.0000 -0.0347  0.9994

PART 72
OFFSET  2.1312 -0.9385 -7.5746
X  0.8789  0.4768 -0.0147
Y -0.4770  0.8787 -0.0194
Z  0.0036  0.0240  0.9997

PART 73
OFFSET  1.1354 -1.4781 -7.5650
X -0.3695 -0.9284 -0.0403
Y -0.9279  0.3663  0.0692
Z -0.0494  0.0630 -0.9968

PART 74
OFFSET  0.0000 -0.0000 -0.0000
X  1.0000 -0.0000  0.0000
Y  0.0000  1.0000  0.0000
Z  0.0000 -0.0000  1.0000

PART 75
OFFSET  0.0000 -0.0000 -0.0000
X  1.0000 -0.0000  0.0000
Y  0.0000  1.0000  0.0000
Z  0.0000 -0.0000  1.0000

PART 76
OFFSET  1.5404 -0.0000  4.1357
X  1.0000 -0.0000  0.0000
Y  0.0000  1.0000  0.0000
Z  0.0000 -0.0000  1.0000


FRAME 1302
PART 0
OFFSET  0.0000 -0.0000 -0.0000
X  1.0000 -0.0000  0.0000
Y  0.0000  1.0000  0.0000
Z  0.0000 -0.0000  1.0000

PART 1
OFFSET -4.6318 -0.0000 -1.3770
X  1.0000 -0.0000  0.0000
Y  0.0000  1.0000  0.0000
Z  0.0000 -0.0000  1.0000

PART 2
OFFSET  1.6160  1.6487 -7.3253
X  0.8369  0.4069 -0.3661
Y  0.2903 -0.8970 -0.3334
Z -0.4641  0.1728 -0.8688

PART 3
OFFSET  11.7373  6.5698 -11.7530
X  0.6964 -0.5174  0.4973
Y -0.7175 -0.5147  0.4693
Z  0.0132 -0.6836 -0.7297

PART 4
OFFSET  17.6609  2.1692 -7.5235
X  0.6964 -0.5174  0.4973
Y -0.1225  0.5971  0.7928
Z -0.7071 -0.6130  0.3525

PART 5
OFFSET  19.1717  3.0654 -5.8993
X  0.7006 -0.5125  0.4964
Y -0.0047  0.6924  0.7215
Z -0.7135 -0.5079  0.4827

PART 6
OFFSET  19.2776  1.7916 -8.1413
X  0.7006 -0.5125  0.4964
Y -0.0047  0.6924  0.7215
Z -0.7135 -0.5079  0.4827

PART 7
OFFSET  17.9421  1.3884 -4.8687
X  0.7006 -0.5125  0.4964
Y -0.0047  0.6924  0.7215
Z -0.7135 -0.5079  0.4827

PART 8
OFFSET  17.6857  0.0633 -6.0854
X  0.7006 -0.5125  0.4964
Y -0.0047  0.6924  0.7215
Z -0.7135 -0.5079  0.4827

PART 9
OFFSET  17.8189 -0.2489 -7.3637
X  0.7006 -0.5125  0.4964
Y -0.0047  0.6924  0.7215
Z -0.7135 -0.5079  0.4827

PART 10
OFFSET  19.7959  0.5830 -5.9991
X  0.9581 -0.2454  0.1475
Y  0.0226  0.5783  0.8155
Z -0.2854 -0.7780  0.5597

PART 11
OFFSET  20.1316  0.7112 -4.9160
X  0.8462 -0.1666  0.5062
Y -0.1193  0.8665  0.4846
Z -0.5194 -0.4705  0.7134

PART 12
OFFSET  21.9168  0.4120 -3.7356
X  0.9493 -0.3066  0.0690
Y  0.1628  0.6676  0.7265
Z -0.2688 -0.6785  0.6837

PART 13
OFFSET  23.4095 -0.1988 -3.5910
X  0.9490 -0.0870  0.3029
Y -0.1150  0.7993  0.5898
Z -0.2935 -0.5946  0.7486

PART 14
OFFSET  24.4204 -0.3065 -3.2191
X  0.8654  0.4824 -0.1357
Y -0.2907  0.2626 -0.9201
Z -0.4082  0.8356  0.3675

PART 15
OFFSET  20.5248 -0.4012 -6.6344
X  0.4959 -0.8653  0.0738
Y -0.6004 -0.2802  0.7490
Z -0.6274 -0.4157 -0.6585

PART 16
OFFSET  21.6566 -2.3191 -6.2808
X -0.2645 -0.5412  0.7982
Y -0.8028  0.5821  0.1287
Z -0.5343 -0.6068 -0.5885

PART 17
OFFSET  21.2822 -3.0854 -5.1507
X -0.7692  0.0882  0.6329
Y -0.3611  0.7571 -0.5444
Z -0.5272 -0.6473 -0.5505

PART 18
OFFSET  20.6001 -3.0072 -4.5896
X -0.8015  0.5779  0.1536
Y  0.2501  0.5574 -0.7917
Z -0.5431 -0.5961 -0.5913

PART 19
OFFSET  19.8387 -2.4581 -4.4436
X  0.5346 -0.7057  0.4650
Y  0.6360 -0.0264 -0.7712
Z  0.5566  0.7080  0.4347

PART 20
OFFSET  20.7904  0.0378 -6.1382
X  0.9031 -0.4158 -0.1068
Y -0.3057 -0.7975  0.5202
Z -0.3015 -0.4372 -0.8474

PART 21
OFFSET  22.8889 -1.4892 -6.2892
X -0.0537 -0.7883  0.6129
Y -0.8943  0.3110  0.3217
Z -0.4442 -0.5309 -0.7217

PART 22
OFFSET  22.7975 -2.8313 -5.2457
X -0.8327 -0.0465  0.5518
Y -0.3387  0.8311 -0.4411
Z -0.4381 -0.5542 -0.7077

PART 23
OFFSET  21.6435 -2.8957 -4.4809
X -0.8420  0.5302  0.0991
Y  0.3220  0.6416 -0.6962
Z -0.4327 -0.5543 -0.7110

PART 24
OFFSET  20.7303 -2.3207 -4.3734
X  0.4847 -0.8282  0.2815
Y  0.7647  0.2449 -0.5960
Z  0.4246  0.5041  0.7520

PART 25
OFFSET  22.6325  0.3277 -3.9497
X  0.8178 -0.5591  0.1366
Y  0.5522  0.6951 -0.4604
Z  0.1624  0.4519  0.8772

PART 26
OFFSET  23.6525  0.3520 -5.0174
X  0.7853 -0.5913 -0.1834
Y -0.4345 -0.7375  0.5171
Z -0.4410 -0.3264 -0.8361

PART 27
OFFSET  25.0352 -0.6890 -5.3404
X  0.3179 -0.9360  0.1511
Y -0.8542 -0.2136  0.4740
Z -0.4114 -0.2798 -0.8674

PART 28
OFFSET  25.4466 -1.8099 -5.1039
X -0.3860 -0.7088  0.5904
Y -0.8232  0.5535  0.1265
Z -0.4165 -0.4372 -0.7971

PART 29
OFFSET  25.0107 -2.6106 -4.4370
X  0.7516 -0.3919 -0.5306
Y  0.1742  0.8937 -0.4134
Z  0.6362  0.2183  0.7400

PART 30
OFFSET  23.4746 -0.3887 -5.8175
X  0.3213 -0.9098  0.2627
Y -0.8398 -0.1456  0.5231
Z -0.4376 -0.3887 -0.8108

PART 31
OFFSET  24.1023 -2.1660 -5.3042
X -0.6904 -0.4314  0.5808
Y -0.5560  0.8300 -0.0445
Z -0.4628 -0.3536 -0.8129

PART 32
OFFSET  23.0940 -2.7962 -4.4559
X -0.8408  0.4340  0.3235
Y  0.2635  0.8502 -0.4558
Z -0.4728 -0.2981 -0.8292

PART 33
OFFSET  22.1381 -2.3073 -4.0951
X  0.5067 -0.8568  0.0961
Y  0.7056  0.3480 -0.6173
Z  0.4954  0.3806  0.7808

PART 34
OFFSET  21.9465 -1.5797 -5.1859
X -0.3614 -0.4535 -0.8147
Y  0.2854  0.7780 -0.5597
Z  0.8877 -0.4348 -0.1517

PART 35
OFFSET  3.7195 -2.5659 -5.4428
X  0.9877  0.0404  0.1513
Y -0.0783  0.9640  0.2539
Z -0.1356 -0.2626  0.9553

PART 36
OFFSET  3.7195 -2.5659 -5.4428
X  0.9877  0.0404  0.1513
Y -0.0783  0.9640  0.2539
Z -0.1356 -0.2626  0.9553

PART 37
OFFSET  8.6571 -3.2425 -2.4603
X  0.9847  0.0350  0.1708
Y -0.0783  0.9640  0.2539
Z -0.1558 -0.2634  0.9520

PART 38
OFFSET  13.1643 -1.5584 -6.3571
X  0.9877  0.0404  0.1513
Y -0.0783  0.9640  0.2539
Z -0.1356 -0.2626  0.9553

PART 39
OFFSET  18.0687 -2.1373 -3.9716
X  0.9112  0.4119  0.0114
Y  0.1562 -0.3197 -0.9345
Z -0.3813  0.8533 -0.3557

PART 40
OFFSET -8.7448 -2.7026 -8.7125
X  0.8499 -0.0686  0.5225
Y -0.0783  0.9640  0.2539
Z -0.5211 -0.2567  0.8139

PART 41
OFFSET  23.4401 -0.6094 -6.7902
X  0.0783 -0.9640 -0.2539
Y  0.9877  0.0404  0.1513
Z -0.1356 -0.2626  0.9553

PART 42
OFFSET  7.8404 -2.4546 -4.5352
X  0.9877  0.0404  0.1513
Y -0.0783  0.9640  0.2539
Z -0.1356 -0.2626  0.9553

PART 43
OFFSET  26.7414 -1.4264 -2.6056
X  0.9877  0.0404  0.1513
Y -0.0783  0.9640  0.2539
Z -0.1356 -0.2626  0.9553

PART 44
OFFSET -17.6076 -4.8127 -7.0611
X -0.6660  0.1224  0.7359
Y -0.3052 -0.9448 -0.1191
Z  0.6807 -0.3039  0.6666

PART 45
OFFSET -9.5532 -6.2928 -15.9604
X -0.7745 -0.2136 -0.5954
Y  0.6269 -0.1336 -0.7676
Z  0.0844 -0.9678  0.2373

PART 46
OFFSET -2.9654 -4.4764 -10.8965
X -0.7745 -0.2136 -0.5954
Y  0.5944  0.0761 -0.8006
Z  0.2163 -0.9740  0.0680

PART 47
OFFSET -2.3787 -2.9198 -9.8021
X -0.7785 -0.2099 -0.5915
Y -0.0913  0.9703 -0.2241
Z  0.6210 -0.1205 -0.7745

PART 48
OFFSET -2.6003 -3.3929 -8.6998
X -0.7785 -0.2099 -0.5915
Y -0.0913  0.9703 -0.2241
Z  0.6210 -0.1205 -0.7745

PART 49
OFFSET -2.3197 -4.7046 -8.4284
X -0.7785 -0.2099 -0.5915
Y -0.0913  0.9703 -0.2241
Z  0.6210 -0.1205 -0.7745

PART 50
OFFSET -0.5909 -3.8217 -9.0712
X -0.8961 -0.1064 -0.4308
Y  0.4231  0.0878 -0.9018
Z  0.1338 -0.9904 -0.0337

PART 51
OFFSET -0.6510 -3.4519 -7.9934
X -0.3661 -0.5323 -0.7633
Y  0.6623  0.4271 -0.6156
Z  0.6536 -0.7309  0.1962

PART 52
OFFSET  0.0367 -2.3051 -6.2958
X -0.8986 -0.4385  0.0158
Y  0.0960 -0.2317 -0.9680
Z  0.4281 -0.8684  0.2503

PART 53
OFFSET  1.4451 -1.5138 -6.4071
X -0.6400 -0.2642  0.7215
Y -0.5407 -0.5123 -0.6672
Z  0.5459 -0.8171  0.1850

PART 54
OFFSET  2.1214 -1.1820 -7.1844
X -0.9345  0.2243  0.2763
Y  0.1167  0.9266 -0.3575
Z -0.3362 -0.3019 -0.8921

PART 55
OFFSET  0.5935 -3.4374 -9.6655
X -0.9326 -0.3607  0.0123
Y  0.3609 -0.9325  0.0164
Z  0.0055  0.0197  0.9998

PART 56
OFFSET  2.6454 -2.5097 -9.5494
X -0.0366 -0.9785 -0.2030
Y  0.9852 -0.0012 -0.1716
Z  0.1677 -0.2063  0.9640

PART 57
OFFSET  2.6972 -1.1244 -9.2620
X  0.8385 -0.4827 -0.2528
Y  0.5262  0.8378  0.1457
Z  0.1414 -0.2552  0.9565

PART 58
OFFSET  1.9538 -0.6964 -9.0379
X  0.9109  0.4054 -0.0775
Y -0.3767  0.8933  0.2454
Z  0.1687 -0.1943  0.9663

PART 59
OFFSET  1.0884 -1.0815 -8.9643
X -0.4846 -0.8427 -0.2345
Y -0.8492  0.3889  0.3572
Z -0.2098  0.3723 -0.9041

PART 60
OFFSET  0.5281 -3.6107 -8.9761
X -0.9432 -0.2845 -0.1715
Y  0.2827 -0.9586  0.0351
Z -0.1743 -0.0154  0.9846

PART 61
OFFSET  3.0082 -2.8912 -8.6766
X -0.0797 -0.9925 -0.0928
Y  0.9820 -0.0622 -0.1781
Z  0.1710 -0.1053  0.9796

PART 62
OFFSET  3.1438 -1.2015 -8.5186
X  0.9341 -0.2999 -0.1935
Y  0.3188  0.9449  0.0743
Z  0.1605 -0.1311  0.9783

PART 63
OFFSET  1.8492 -0.7859 -8.2505
X  0.8265  0.5602 -0.0563
Y -0.5413  0.8182  0.1937
Z  0.1546 -0.1296  0.9794

PART 64
OFFSET  0.9528 -1.3934 -8.1894
X -0.3603 -0.9327 -0.0163
Y -0.9233  0.3541  0.1487
Z -0.1329  0.0687 -0.9887

PART 65
OFFSET -4.6066 -4.8698 -10.1197
X -0.8878 -0.3925 -0.2403
Y -0.3718  0.9194 -0.1282
Z  0.2713 -0.0245 -0.9622

PART 66
OFFSET  2.6316 -3.8413 -6.7249
X -0.9519 -0.0123 -0.3063
Y  0.0621 -0.9862 -0.1534
Z -0.3002 -0.1651  0.9395

PART 67
OFFSET  4.3075 -3.8196 -6.1857
X -0.3015 -0.9312 -0.2047
Y  0.9054 -0.3469  0.2446
Z -0.2988 -0.1116  0.9478

PART 68
OFFSET  4.6559 -2.6943 -5.8793
X  0.1135 -0.9813 -0.1557
Y  0.9470  0.0594  0.3158
Z -0.3006 -0.1833  0.9360

PART 69
OFFSET  4.5277 -1.5859 -5.7034
X -0.9764  0.2142  0.0288
Y  0.2162  0.9694  0.1164
Z -0.0030  0.1198 -0.9928

PART 70
OFFSET  2.9711 -3.5797 -7.7432
X -0.2149 -0.9739 -0.0732
Y  0.9763 -0.2162  0.0097
Z -0.0253 -0.0694  0.9973

PART 71
OFFSET  3.3910 -1.6772 -7.6002
X  0.8625 -0.5057 -0.0176
Y  0.5061  0.8620  0.0300
Z -0.0000 -0.0347  0.9994

PART 72
OFFSET  2.1312 -0.9385 -7.5746
X  0.8789  0.4768 -0.0147
Y -0.4770  0.8787 -0.0194
Z  0.0036  0.0240  0.9997

PART 73
OFFSET  1.1354 -1.4781 -7.5650
X -0.3695 -0.9284 -0.0403
Y -0.9279  0.3663  0.0692
Z -0.0494  0.0630 -0.9968

PART 74
OFFSET  0.0000 -0.0000 -0.0000
X  1.0000 -0.0000  0.0000
Y  0.0000  1.0000  0.0000
Z  0.0000 -0.0000  1.0000

PART 75
OFFSET  0.0000 -0.0000 -0.0000
X  1.0000 -0.0000  0.0000
Y  0.0000  1.0000  0.0000
Z  0.0000 -0.0000  1.0000

PART 76
OFFSET  1.5404 -0.0000  4.1357
X  1.0000 -0.0000  0.0000
Y  0.0000  1.0000  0.0000
Z  0.0000 -0.0000  1.0000


NUMKEYS 0
