// Export filename: `C:\projects\cod\t5\xanim_export\t5_viewmodels\ak47\ak47_masterkey_mk_rechamber.XANIM_EXPORT`
// Source filename: `D:\projects\devanim\t5\animation_assets\viewmodels/ak47/ViewModel_AK47_MasterKey_animated.fbx`
// Export time: Wed Jul 07 18:24:20 2010

ANIMATION
VERSION 3

NUMPARTS 77
PART 0 "tag_ads"
PART 1 "tag_torso"
PART 2 "J_Shoulder_LE"
PART 3 "J_Elbow_LE"
PART 4 "J_WristTwist_LE"
PART 5 "J_Sleave_Reshape_Bottom_LE_1"
PART 6 "J_Sleave_Reshape_Bottom_LE_2"
PART 7 "J_Sleave_Reshape_Top_LE_1"
PART 8 "J_Sleave_Reshape_Top_LE_2"
PART 9 "J_Sleave_Reshape_Top_LE_3"
PART 10 "J_Wrist_LE"
PART 11 "J_Thumb_LE_0"
PART 12 "J_Thumb_LE_1"
PART 13 "J_Thumb_LE_2"
PART 14 "J_Thumb_LE_3"
PART 15 "J_PinkyPalm_LE"
PART 16 "J_Pinky_LE_0"
PART 17 "J_Pinky_LE_1"
PART 18 "J_Pinky_LE_2"
PART 19 "J_Pinky_LE_3"
PART 20 "J_RingPalm_LE"
PART 21 "J_Ring_LE_0"
PART 22 "J_Ring_LE_1"
PART 23 "J_Ring_LE_2"
PART 24 "J_Ring_LE_3"
PART 25 "J_Webbing_LE"
PART 26 "J_Index_LE_0"
PART 27 "J_Index_LE_1"
PART 28 "J_Index_LE_2"
PART 29 "J_Index_LE_3"
PART 30 "J_Mid_LE_0"
PART 31 "J_Mid_LE_1"
PART 32 "J_Mid_LE_2"
PART 33 "J_Mid_LE_3"
PART 34 "tag_knife_attach"
PART 35 "tag_weapon"
PART 36 "J_Gun"
PART 37 "J_bolt"
PART 38 "tag_masterkey"
PART 39 "tag_brass2"
PART 40 "tag_ammo2"
PART 41 "tag_pump2"
PART 42 "TAG_CLIP"
PART 43 "TAG_FLASH"
PART 44 "J_Shoulder_RI"
PART 45 "J_Elbow_RI"
PART 46 "J_WristTwist_RI"
PART 47 "J_Sleave_Reshape_Top_RI_3"
PART 48 "J_Sleave_Reshape_Top_RI_2"
PART 49 "J_Sleave_Reshape_Top_RI_1"
PART 50 "J_Wrist_RI"
PART 51 "J_Thumb_RI_0"
PART 52 "J_Thumb_RI_1"
PART 53 "J_Thumb_RI_2"
PART 54 "J_Thumb_RI_3"
PART 55 "J_PinkyPalm_RI"
PART 56 "J_Pinky_RI_0"
PART 57 "J_Pinky_RI_1"
PART 58 "J_Pinky_RI_2"
PART 59 "J_Pinky_RI_3"
PART 60 "J_RingPalm_RI"
PART 61 "J_Ring_RI_0"
PART 62 "J_Ring_RI_1"
PART 63 "J_Ring_RI_2"
PART 64 "J_Ring_RI_3"
PART 65 "J_Webbing_RI"
PART 66 "J_Index_RI_0"
PART 67 "J_Index_RI_1"
PART 68 "J_Index_RI_2"
PART 69 "J_Index_RI_3"
PART 70 "J_Mid_RI_0"
PART 71 "J_Mid_RI_1"
PART 72 "J_Mid_RI_2"
PART 73 "J_Mid_RI_3"
PART 74 "tag_cambone"
PART 75 "tag_camera"
PART 76 "tag_gasmask"

FRAMERATE 30
NUMFRAMES 18

FRAME 1650
PART 0
OFFSET  0.0000 -0.0000 -0.0000
X  1.0000 -0.0000  0.0000
Y  0.0000  1.0000  0.0000
Z  0.0000 -0.0000  1.0000

PART 1
OFFSET -4.6318 -0.0000 -1.3770
X  1.0000 -0.0000  0.0000
Y  0.0000  1.0000  0.0000
Z  0.0000 -0.0000  1.0000

PART 2
OFFSET  1.6160  1.6487 -7.3253
X  0.8369  0.4069 -0.3661
Y  0.2903 -0.8970 -0.3334
Z -0.4641  0.1728 -0.8688

PART 3
OFFSET  11.7373  6.5698 -11.7530
X  0.6964 -0.5174  0.4973
Y -0.7175 -0.5147  0.4693
Z  0.0132 -0.6836 -0.7297

PART 4
OFFSET  17.6609  2.1692 -7.5235
X  0.6964 -0.5174  0.4973
Y -0.1225  0.5971  0.7928
Z -0.7071 -0.6130  0.3525

PART 5
OFFSET  19.1717  3.0654 -5.8993
X  0.7006 -0.5125  0.4964
Y -0.0047  0.6924  0.7215
Z -0.7135 -0.5079  0.4827

PART 6
OFFSET  19.2776  1.7916 -8.1413
X  0.7006 -0.5125  0.4964
Y -0.0047  0.6924  0.7215
Z -0.7135 -0.5079  0.4827

PART 7
OFFSET  17.9421  1.3884 -4.8687
X  0.7006 -0.5125  0.4964
Y -0.0047  0.6924  0.7215
Z -0.7135 -0.5079  0.4827

PART 8
OFFSET  17.6857  0.0633 -6.0854
X  0.7006 -0.5125  0.4964
Y -0.0047  0.6924  0.7215
Z -0.7135 -0.5079  0.4827

PART 9
OFFSET  17.8189 -0.2489 -7.3637
X  0.7006 -0.5125  0.4964
Y -0.0047  0.6924  0.7215
Z -0.7135 -0.5079  0.4827

PART 10
OFFSET  19.7959  0.5830 -5.9991
X  0.9581 -0.2454  0.1475
Y  0.0226  0.5783  0.8155
Z -0.2854 -0.7780  0.5597

PART 11
OFFSET  20.1316  0.7112 -4.9160
X  0.8462 -0.1666  0.5062
Y -0.1193  0.8665  0.4846
Z -0.5194 -0.4705  0.7134

PART 12
OFFSET  21.9168  0.4120 -3.7356
X  0.9493 -0.3066  0.0690
Y  0.1628  0.6676  0.7265
Z -0.2688 -0.6785  0.6837

PART 13
OFFSET  23.4095 -0.1988 -3.5910
X  0.9490 -0.0870  0.3029
Y -0.1150  0.7993  0.5898
Z -0.2935 -0.5946  0.7486

PART 14
OFFSET  24.4204 -0.3065 -3.2191
X  0.8654  0.4824 -0.1357
Y -0.2907  0.2626 -0.9201
Z -0.4082  0.8356  0.3675

PART 15
OFFSET  20.5248 -0.4012 -6.6344
X  0.4959 -0.8653  0.0738
Y -0.6004 -0.2802  0.7490
Z -0.6274 -0.4157 -0.6585

PART 16
OFFSET  21.6566 -2.3191 -6.2808
X -0.2645 -0.5412  0.7982
Y -0.8028  0.5821  0.1287
Z -0.5343 -0.6068 -0.5885

PART 17
OFFSET  21.2822 -3.0854 -5.1507
X -0.7692  0.0882  0.6329
Y -0.3611  0.7571 -0.5444
Z -0.5272 -0.6473 -0.5505

PART 18
OFFSET  20.6001 -3.0072 -4.5896
X -0.8015  0.5779  0.1536
Y  0.2501  0.5574 -0.7917
Z -0.5431 -0.5961 -0.5913

PART 19
OFFSET  19.8387 -2.4581 -4.4436
X  0.5346 -0.7057  0.4650
Y  0.6360 -0.0264 -0.7712
Z  0.5566  0.7080  0.4347

PART 20
OFFSET  20.7904  0.0378 -6.1382
X  0.9031 -0.4158 -0.1068
Y -0.3057 -0.7975  0.5202
Z -0.3015 -0.4372 -0.8474

PART 21
OFFSET  22.8889 -1.4892 -6.2892
X -0.0537 -0.7883  0.6129
Y -0.8943  0.3110  0.3217
Z -0.4442 -0.5309 -0.7217

PART 22
OFFSET  22.7975 -2.8313 -5.2457
X -0.8327 -0.0465  0.5518
Y -0.3387  0.8311 -0.4411
Z -0.4381 -0.5542 -0.7077

PART 23
OFFSET  21.6435 -2.8957 -4.4809
X -0.8420  0.5302  0.0991
Y  0.3220  0.6416 -0.6962
Z -0.4327 -0.5543 -0.7110

PART 24
OFFSET  20.7303 -2.3207 -4.3734
X  0.4847 -0.8282  0.2815
Y  0.7647  0.2449 -0.5960
Z  0.4246  0.5041  0.7520

PART 25
OFFSET  22.6325  0.3277 -3.9497
X  0.8178 -0.5591  0.1366
Y  0.5522  0.6951 -0.4604
Z  0.1624  0.4519  0.8772

PART 26
OFFSET  23.6525  0.3520 -5.0174
X  0.7853 -0.5913 -0.1834
Y -0.4345 -0.7375  0.5171
Z -0.4410 -0.3264 -0.8360

PART 27
OFFSET  25.0352 -0.6890 -5.3404
X  0.3179 -0.9360  0.1511
Y -0.8542 -0.2136  0.4740
Z -0.4114 -0.2798 -0.8674

PART 28
OFFSET  25.4466 -1.8099 -5.1039
X -0.3860 -0.7088  0.5904
Y -0.8232  0.5535  0.1265
Z -0.4165 -0.4372 -0.7971

PART 29
OFFSET  25.0107 -2.6106 -4.4370
X  0.7516 -0.3919 -0.5306
Y  0.1742  0.8937 -0.4134
Z  0.6362  0.2183  0.7400

PART 30
OFFSET  23.4746 -0.3887 -5.8175
X  0.3213 -0.9098  0.2627
Y -0.8398 -0.1456  0.5231
Z -0.4376 -0.3887 -0.8108

PART 31
OFFSET  24.1023 -2.1660 -5.3042
X -0.6904 -0.4314  0.5808
Y -0.5560  0.8300 -0.0445
Z -0.4628 -0.3536 -0.8129

PART 32
OFFSET  23.0940 -2.7962 -4.4559
X -0.8408  0.4340  0.3235
Y  0.2635  0.8502 -0.4558
Z -0.4728 -0.2981 -0.8292

PART 33
OFFSET  22.1381 -2.3073 -4.0951
X  0.5067 -0.8568  0.0961
Y  0.7056  0.3480 -0.6173
Z  0.4954  0.3806  0.7808

PART 34
OFFSET  21.9465 -1.5797 -5.1859
X -0.3614 -0.4535 -0.8147
Y  0.2854  0.7780 -0.5597
Z  0.8877 -0.4348 -0.1517

PART 35
OFFSET  3.7195 -2.5659 -5.4428
X  0.9877  0.0404  0.1513
Y -0.0783  0.9640  0.2539
Z -0.1356 -0.2626  0.9553

PART 36
OFFSET  3.7195 -2.5659 -5.4428
X  0.9877  0.0404  0.1513
Y -0.0783  0.9640  0.2539
Z -0.1356 -0.2626  0.9553

PART 37
OFFSET  8.6571 -3.2425 -2.4603
X  0.9847  0.0350  0.1708
Y -0.0783  0.9640  0.2539
Z -0.1558 -0.2634  0.9520

PART 38
OFFSET  13.1643 -1.5584 -6.3571
X  0.9877  0.0404  0.1513
Y -0.0783  0.9640  0.2539
Z -0.1356 -0.2626  0.9553

PART 39
OFFSET  18.0687 -2.1373 -3.9716
X  0.9112  0.4119  0.0114
Y  0.1562 -0.3197 -0.9345
Z -0.3813  0.8533 -0.3557

PART 40
OFFSET -8.7448 -2.7026 -8.7125
X  0.8499 -0.0686  0.5225
Y -0.0783  0.9640  0.2539
Z -0.5211 -0.2567  0.8139

PART 41
OFFSET  23.4401 -0.6094 -6.7902
X  0.0783 -0.9640 -0.2539
Y  0.9877  0.0404  0.1513
Z -0.1356 -0.2626  0.9553

PART 42
OFFSET  7.8404 -2.4546 -4.5352
X  0.9877  0.0404  0.1513
Y -0.0783  0.9640  0.2539
Z -0.1356 -0.2626  0.9553

PART 43
OFFSET  26.8901 -1.8591 -0.9165
X  0.9877  0.0404  0.1513
Y -0.0783  0.9640  0.2539
Z -0.1356 -0.2626  0.9553

PART 44
OFFSET -17.6076 -4.8127 -7.0611
X -0.6660  0.1224  0.7359
Y -0.3052 -0.9448 -0.1191
Z  0.6807 -0.3039  0.6666

PART 45
OFFSET -9.5532 -6.2928 -15.9604
X -0.7745 -0.2136 -0.5954
Y  0.6269 -0.1336 -0.7676
Z  0.0844 -0.9678  0.2373

PART 46
OFFSET -2.9654 -4.4764 -10.8965
X -0.7745 -0.2136 -0.5954
Y  0.5944  0.0761 -0.8006
Z  0.2163 -0.9740  0.0680

PART 47
OFFSET -2.3787 -2.9198 -9.8021
X -0.7785 -0.2099 -0.5915
Y -0.0913  0.9703 -0.2241
Z  0.6210 -0.1205 -0.7745

PART 48
OFFSET -2.6003 -3.3929 -8.6998
X -0.7785 -0.2099 -0.5915
Y -0.0913  0.9703 -0.2241
Z  0.6210 -0.1205 -0.7745

PART 49
OFFSET -2.3197 -4.7046 -8.4284
X -0.7785 -0.2099 -0.5915
Y -0.0913  0.9703 -0.2241
Z  0.6210 -0.1205 -0.7745

PART 50
OFFSET -0.5909 -3.8217 -9.0712
X -0.8961 -0.1064 -0.4308
Y  0.4231  0.0878 -0.9018
Z  0.1338 -0.9904 -0.0337

PART 51
OFFSET -0.6510 -3.4519 -7.9934
X -0.3661 -0.5323 -0.7633
Y  0.6623  0.4271 -0.6156
Z  0.6536 -0.7309  0.1962

PART 52
OFFSET  0.0367 -2.3051 -6.2958
X -0.8986 -0.4385  0.0158
Y  0.0960 -0.2317 -0.9680
Z  0.4281 -0.8684  0.2503

PART 53
OFFSET  1.4451 -1.5138 -6.4071
X -0.6400 -0.2642  0.7215
Y -0.5407 -0.5123 -0.6672
Z  0.5459 -0.8171  0.1850

PART 54
OFFSET  2.1214 -1.1820 -7.1844
X -0.9345  0.2243  0.2763
Y  0.1167  0.9266 -0.3575
Z -0.3362 -0.3019 -0.8921

PART 55
OFFSET  0.5935 -3.4374 -9.6655
X -0.9326 -0.3607  0.0123
Y  0.3609 -0.9325  0.0164
Z  0.0055  0.0197  0.9998

PART 56
OFFSET  2.6454 -2.5097 -9.5494
X -0.0366 -0.9785 -0.2030
Y  0.9852 -0.0012 -0.1716
Z  0.1677 -0.2063  0.9640

PART 57
OFFSET  2.6972 -1.1244 -9.2620
X  0.8385 -0.4827 -0.2528
Y  0.5262  0.8378  0.1457
Z  0.1414 -0.2552  0.9565

PART 58
OFFSET  1.9538 -0.6964 -9.0379
X  0.9109  0.4054 -0.0775
Y -0.3767  0.8933  0.2454
Z  0.1687 -0.1943  0.9663

PART 59
OFFSET  1.0884 -1.0815 -8.9643
X -0.4846 -0.8427 -0.2345
Y -0.8492  0.3889  0.3572
Z -0.2098  0.3723 -0.9041

PART 60
OFFSET  0.5281 -3.6107 -8.9761
X -0.9432 -0.2845 -0.1715
Y  0.2827 -0.9586  0.0351
Z -0.1743 -0.0154  0.9846

PART 61
OFFSET  3.0082 -2.8912 -8.6766
X -0.0797 -0.9925 -0.0928
Y  0.9820 -0.0622 -0.1781
Z  0.1710 -0.1053  0.9796

PART 62
OFFSET  3.1438 -1.2015 -8.5186
X  0.9341 -0.2999 -0.1935
Y  0.3188  0.9449  0.0743
Z  0.1605 -0.1311  0.9783

PART 63
OFFSET  1.8492 -0.7859 -8.2505
X  0.8265  0.5602 -0.0563
Y -0.5413  0.8182  0.1937
Z  0.1546 -0.1296  0.9794

PART 64
OFFSET  0.9528 -1.3934 -8.1894
X -0.3603 -0.9327 -0.0163
Y -0.9233  0.3541  0.1487
Z -0.1329  0.0687 -0.9887

PART 65
OFFSET -4.6066 -4.8698 -10.1197
X -0.8878 -0.3925 -0.2403
Y -0.3718  0.9194 -0.1282
Z  0.2713 -0.0245 -0.9622

PART 66
OFFSET  2.6316 -3.8413 -6.7249
X -0.9519 -0.0123 -0.3063
Y  0.0621 -0.9862 -0.1534
Z -0.3002 -0.1651  0.9395

PART 67
OFFSET  4.3075 -3.8196 -6.1857
X -0.3015 -0.9312 -0.2047
Y  0.9054 -0.3469  0.2446
Z -0.2988 -0.1116  0.9478

PART 68
OFFSET  4.6559 -2.6943 -5.8793
X  0.1135 -0.9813 -0.1557
Y  0.9470  0.0594  0.3158
Z -0.3006 -0.1833  0.9360

PART 69
OFFSET  4.5277 -1.5859 -5.7034
X -0.9764  0.2142  0.0288
Y  0.2162  0.9694  0.1164
Z -0.0030  0.1198 -0.9928

PART 70
OFFSET  2.9711 -3.5797 -7.7432
X -0.2149 -0.9739 -0.0732
Y  0.9763 -0.2162  0.0097
Z -0.0253 -0.0694  0.9973

PART 71
OFFSET  3.3910 -1.6772 -7.6002
X  0.8625 -0.5057 -0.0176
Y  0.5061  0.8620  0.0300
Z -0.0000 -0.0347  0.9994

PART 72
OFFSET  2.1312 -0.9385 -7.5746
X  0.8789  0.4768 -0.0147
Y -0.4770  0.8787 -0.0194
Z  0.0036  0.0240  0.9997

PART 73
OFFSET  1.1354 -1.4781 -7.5650
X -0.3695 -0.9284 -0.0403
Y -0.9279  0.3663  0.0692
Z -0.0494  0.0630 -0.9968

PART 74
OFFSET  0.0000 -0.0000 -0.0000
X  1.0000 -0.0000  0.0000
Y  0.0000  1.0000  0.0000
Z  0.0000 -0.0000  1.0000

PART 75
OFFSET  0.0000 -0.0000 -0.0000
X  1.0000 -0.0000  0.0000
Y  0.0000  1.0000  0.0000
Z  0.0000 -0.0000  1.0000

PART 76
OFFSET  1.5404 -0.0000  4.1357
X  1.0000 -0.0000  0.0000
Y  0.0000  1.0000  0.0000
Z  0.0000 -0.0000  1.0000


FRAME 1651
PART 0
OFFSET  0.0000 -0.0000 -0.0000
X  1.0000 -0.0000  0.0000
Y  0.0000  1.0000  0.0000
Z  0.0000 -0.0000  1.0000

PART 1
OFFSET -4.6318 -0.0000 -1.3770
X  1.0000 -0.0000  0.0000
Y  0.0000  1.0000  0.0000
Z  0.0000 -0.0000  1.0000

PART 2
OFFSET  1.6160  1.6487 -7.3253
X  0.8477  0.3992 -0.3494
Y  0.2962 -0.9025 -0.3127
Z -0.4402  0.1616 -0.8833

PART 3
OFFSET  11.8678  6.4770 -11.5504
X  0.6968 -0.5012  0.5131
Y -0.7167 -0.5168  0.4683
Z  0.0304 -0.6940 -0.7193

PART 4
OFFSET  17.7940  2.2137 -7.1861
X  0.6968 -0.5012  0.5131
Y -0.1262  0.6185  0.7756
Z -0.7061 -0.6052  0.3677

PART 5
OFFSET  19.2739  3.1526 -5.5574
X  0.7009 -0.4963  0.5123
Y -0.0220  0.7028  0.7110
Z -0.7129 -0.5097  0.4817

PART 6
OFFSET  19.4226  1.8475 -7.7789
X  0.7009 -0.4963  0.5123
Y -0.0220  0.7028  0.7110
Z -0.7129 -0.5097  0.4817

PART 7
OFFSET  18.0528  1.4756 -4.5168
X  0.7009 -0.4963  0.5123
Y -0.0220  0.7028  0.7110
Z -0.7129 -0.5097  0.4817

PART 8
OFFSET  17.8275  0.1297 -5.7166
X  0.7009 -0.4963  0.5123
Y -0.0220  0.7028  0.7110
Z -0.7129 -0.5097  0.4817

PART 9
OFFSET  17.9801 -0.1996 -6.9885
X  0.7009 -0.4963  0.5123
Y -0.0220  0.7028  0.7110
Z -0.7129 -0.5097  0.4817

PART 10
OFFSET  19.9300  0.6771 -5.6130
X  0.9583 -0.2281  0.1723
Y  0.0006  0.6045  0.7966
Z -0.2858 -0.7633  0.5794

PART 11
OFFSET  20.2443  0.8445 -4.5289
X  0.8389 -0.1392  0.5262
Y -0.1388  0.8801  0.4541
Z -0.5263 -0.4540  0.7189

PART 12
OFFSET  22.0114  0.6066 -3.3080
X  0.9517 -0.2918  0.0957
Y  0.1413  0.6927  0.7073
Z -0.2727 -0.6596  0.7004

PART 13
OFFSET  23.5087  0.0203 -3.1172
X  0.9444 -0.0648  0.3224
Y -0.1356  0.8163  0.5614
Z -0.2996 -0.5739  0.7622

PART 14
OFFSET  24.5140 -0.0622 -2.7241
X  0.8616  0.4890 -0.1359
Y -0.2772  0.2291 -0.9331
Z -0.4252  0.8416  0.3329

PART 15
OFFSET  20.6824 -0.3174 -6.2031
X  0.5052 -0.8559  0.1106
Y -0.6104 -0.2637  0.7469
Z -0.6101 -0.4448 -0.6557

PART 16
OFFSET  21.8314 -2.2081 -5.7674
X -0.2722 -0.5187  0.8105
Y -0.8122  0.5755  0.0955
Z -0.5160 -0.6323 -0.5779

PART 17
OFFSET  21.4461 -2.9424 -4.6200
X -0.7816  0.0985  0.6159
Y -0.3605  0.7344 -0.5750
Z -0.5090 -0.6715 -0.5385

PART 18
OFFSET  20.7531 -2.8551 -4.0738
X -0.8113  0.5721  0.1206
Y  0.2575  0.5348 -0.8048
Z -0.5249 -0.6219 -0.5812

PART 19
OFFSET  19.9823 -2.3116 -3.9593
X  0.5348 -0.6834  0.4970
Y  0.6502 -0.0430 -0.7586
Z  0.5397  0.7288  0.4213

PART 20
OFFSET  20.9335  0.1407 -5.7167
X  0.9100 -0.4073 -0.0772
Y -0.3051 -0.7842  0.5403
Z -0.2806 -0.4681 -0.8379

PART 21
OFFSET  23.0532 -1.3630 -5.7809
X -0.0550 -0.7688  0.6371
Y -0.9038  0.3096  0.2955
Z -0.4244 -0.5596 -0.7119

PART 22
OFFSET  22.9596 -2.6719 -4.6962
X -0.8419 -0.0395  0.5382
Y -0.3410  0.8119 -0.4738
Z -0.4183 -0.5824 -0.6970

PART 23
OFFSET  21.7928 -2.7266 -3.9503
X -0.8502  0.5221  0.0669
Y  0.3266  0.6230 -0.7108
Z -0.4128 -0.5825 -0.7002

PART 24
OFFSET  20.8707 -2.1604 -3.8777
X  0.4897 -0.8123  0.3168
Y  0.7723  0.2356 -0.5899
Z  0.4046  0.5335  0.7427

PART 25
OFFSET  22.7319  0.5248 -3.5065
X  0.8220 -0.5437  0.1692
Y  0.5517  0.6871 -0.4728
Z  0.1408  0.4820  0.8648

PART 26
OFFSET  23.7707  0.5281 -4.5562
X  0.7958 -0.5866 -0.1502
Y -0.4346 -0.7260  0.5329
Z -0.4217 -0.3588 -0.8327

PART 27
OFFSET  25.1718 -0.5048 -4.8206
X  0.3267 -0.9264  0.1870
Y -0.8600 -0.2093  0.4655
Z -0.3921 -0.3129 -0.8651

PART 28
OFFSET  25.5928 -1.6120 -4.5407
X -0.3878 -0.6944  0.6062
Y -0.8321  0.5466  0.0938
Z -0.3965 -0.4680 -0.7898

PART 29
OFFSET  25.1549 -2.3964 -3.8560
X  0.7659 -0.3990 -0.5042
Y  0.1705  0.8821 -0.4390
Z  0.6199  0.2503  0.7437

PART 30
OFFSET  23.6165 -0.2403 -5.3348
X  0.3278 -0.8966  0.2978
Y -0.8473 -0.1396  0.5125
Z -0.4180 -0.4203 -0.8054

PART 31
OFFSET  24.2569 -1.9919 -4.7531
X -0.6954 -0.4214  0.5821
Y -0.5654  0.8208 -0.0812
Z -0.4436 -0.3856 -0.8090

PART 32
OFFSET  23.2412 -2.6074 -3.9029
X -0.8519  0.4332  0.2942
Y  0.2611  0.8384 -0.4784
Z -0.4540 -0.3307 -0.8274

PART 33
OFFSET  22.2730 -2.1197 -3.5751
X  0.5155 -0.8465  0.1328
Y  0.7123  0.3371 -0.6157
Z  0.4764  0.4120  0.7767

PART 34
OFFSET  22.0921 -1.4301 -4.6922
X -0.3409 -0.4841 -0.8059
Y  0.2858  0.7633 -0.5794
Z  0.8956 -0.4279 -0.1218

PART 35
OFFSET  3.8865 -2.6612 -5.2401
X  0.9842  0.0581  0.1674
Y -0.0949  0.9706  0.2211
Z -0.1496 -0.2335  0.9608

PART 36
OFFSET  3.8865 -2.6612 -5.2401
X  0.9842  0.0581  0.1674
Y -0.0949  0.9706  0.2211
Z -0.1496 -0.2335  0.9608

PART 37
OFFSET  8.7772 -3.1771 -2.1501
X  0.9809  0.0533  0.1870
Y -0.0949  0.9706  0.2211
Z -0.1697 -0.2346  0.9572

PART 38
OFFSET  13.3330 -1.5609 -6.0190
X  0.9842  0.0581  0.1674
Y -0.0949  0.9706  0.2211
Z -0.1496 -0.2335  0.9608

PART 39
OFFSET  18.2002 -1.9988 -3.5294
X  0.9056  0.4238  0.0142
Y  0.1771 -0.3476 -0.9208
Z -0.3853  0.8364 -0.3898

PART 40
OFFSET -8.5137 -3.0653 -8.7242
X  0.8410 -0.0406  0.5394
Y -0.0949  0.9706  0.2211
Z -0.5326 -0.2371  0.8125

PART 41
OFFSET  23.6025 -0.4927 -6.3003
X  0.0949 -0.9706 -0.2211
Y  0.9842  0.0581  0.1674
Z -0.1496 -0.2335  0.9608

PART 42
OFFSET  7.9885 -2.4672 -4.2636
X  0.9842  0.0581  0.1674
Y -0.0949  0.9706  0.2211
Z -0.1496 -0.2335  0.9608

PART 43
OFFSET  26.9601 -1.5063 -0.3352
X  0.9842  0.0581  0.1674
Y -0.0949  0.9706  0.2211
Z -0.1496 -0.2335  0.9608

PART 44
OFFSET -17.6076 -4.8127 -7.0611
X -0.6805  0.1142  0.7238
Y -0.3174 -0.9363 -0.1506
Z  0.6605 -0.3322  0.6733

PART 45
OFFSET -9.3783 -6.1942 -15.8151
X -0.7810 -0.1819 -0.5975
Y  0.6213 -0.1288 -0.7729
Z  0.0636 -0.9748  0.2137

PART 46
OFFSET -2.7356 -4.6469 -10.7334
X -0.7810 -0.1819 -0.5975
Y  0.5976  0.0605 -0.7995
Z  0.1816 -0.9814  0.0615

PART 47
OFFSET -2.1111 -3.1305 -9.6041
X -0.7848 -0.1782 -0.5935
Y -0.0704  0.9772 -0.2004
Z  0.6157 -0.1155 -0.7795

PART 48
OFFSET -2.3396 -3.6251 -8.5127
X -0.7848 -0.1782 -0.5935
Y -0.0704  0.9772 -0.2004
Z  0.6157 -0.1155 -0.7795

PART 49
OFFSET -2.0874 -4.9489 -8.2740
X -0.7848 -0.1782 -0.5935
Y -0.0704  0.9772 -0.2004
Z  0.6157 -0.1155 -0.7795

PART 50
OFFSET -0.3414 -4.0892 -8.9018
X -0.8868 -0.1319 -0.4430
Y  0.4383  0.0642 -0.8965
Z  0.1467 -0.9892  0.0008

PART 51
OFFSET -0.4256 -3.6857 -7.8377
X -0.3456 -0.5613 -0.7520
Y  0.6680  0.4156 -0.6172
Z  0.6590 -0.7157  0.2314

PART 52
OFFSET  0.2168 -2.4760 -6.1663
X -0.8932 -0.4494  0.0141
Y  0.1164 -0.2615 -0.9582
Z  0.4343 -0.8542  0.2859

PART 53
OFFSET  1.6170 -1.6704 -6.2782
X -0.6496 -0.2492  0.7183
Y -0.5221 -0.5405 -0.6597
Z  0.5526 -0.8036  0.2210

PART 54
OFFSET  2.3031 -1.3550 -7.0538
X -0.9421  0.2209  0.2523
Y  0.1116  0.9161 -0.3852
Z -0.3162 -0.3348 -0.8877

PART 55
OFFSET  0.8487 -3.7089 -9.4872
X -0.9281 -0.3723  0.0074
Y  0.3721 -0.9267  0.0530
Z -0.0129  0.0519  0.9986

PART 56
OFFSET  2.8865 -2.7513 -9.3648
X -0.0207 -0.9849 -0.1718
Y  0.9881  0.0060 -0.1540
Z  0.1527 -0.1729  0.9730

PART 57
OFFSET  2.9159 -1.3568 -9.1216
X  0.8489 -0.4796 -0.2221
Y  0.5130  0.8488  0.1278
Z  0.1272 -0.2224  0.9666

PART 58
OFFSET  2.1632 -0.9316 -8.9247
X  0.9070  0.4145 -0.0744
Y -0.3921  0.8957  0.2096
Z  0.1535 -0.1609  0.9750

PART 59
OFFSET  1.3015 -1.3254 -8.8540
X -0.4698 -0.8561 -0.2156
Y -0.8603  0.3891  0.3293
Z -0.1980  0.3402 -0.9193

PART 60
OFFSET  0.7729 -3.8607 -8.7938
X -0.9363 -0.3021 -0.1789
Y  0.2939 -0.9532  0.0711
Z -0.1920  0.0140  0.9813

PART 61
OFFSET  3.2381 -3.0997 -8.4738
X -0.0656 -0.9959 -0.0620
Y  0.9858 -0.0551 -0.1586
Z  0.1545 -0.0715  0.9854

PART 62
OFFSET  3.3498 -1.4042 -8.3682
X  0.9412 -0.2938 -0.1670
Y  0.3056  0.9509  0.0493
Z  0.1444 -0.0974  0.9847

PART 63
OFFSET  2.0454 -0.9970 -8.1368
X  0.8203  0.5688 -0.0598
Y -0.5549  0.8169  0.1575
Z  0.1384 -0.0960  0.9857

PART 64
OFFSET  1.1557 -1.6138 -8.0719
X -0.3483 -0.9373  0.0075
Y -0.9302  0.3466  0.1208
Z -0.1158  0.0351 -0.9927

PART 65
OFFSET -4.3241 -5.2226 -9.9868
X -0.8783 -0.4116 -0.2431
Y -0.3808  0.9099 -0.1645
Z  0.2890 -0.0519 -0.9559

PART 66
OFFSET  2.8380 -3.9913 -6.4993
X -0.9459 -0.0346 -0.3226
Y  0.0772 -0.9897 -0.1203
Z -0.3151 -0.1387  0.9389

PART 67
OFFSET  4.5035 -3.9304 -5.9314
X -0.2862 -0.9412 -0.1797
Y  0.9051 -0.3271  0.2717
Z -0.3145 -0.0849  0.9454

PART 68
OFFSET  4.8322 -2.7914 -5.6555
X  0.1285 -0.9842 -0.1217
Y  0.9403  0.0819  0.3305
Z -0.3153 -0.1569  0.9359

PART 69
OFFSET  4.6871 -1.6797 -5.5180
X -0.9793  0.2023  0.0046
Y  0.2019  0.9754  0.0887
Z  0.0135  0.0878 -0.9960

PART 70
OFFSET  3.1926 -3.7582 -7.5193
X -0.2015 -0.9784 -0.0454
Y  0.9786 -0.2031  0.0341
Z -0.0425 -0.0375  0.9984

PART 71
OFFSET  3.5861 -1.8468 -7.4307
X  0.8689 -0.4948  0.0141
Y  0.4947  0.8690  0.0110
Z -0.0177 -0.0025  0.9998

PART 72
OFFSET  2.3170 -1.1241 -7.4514
X  0.8730  0.4875 -0.0145
Y -0.4875  0.8713 -0.0563
Z -0.0148  0.0562  0.9983

PART 73
OFFSET  1.3280 -1.6760 -7.4420
X -0.3571 -0.9339 -0.0167
Y -0.9335  0.3562  0.0408
Z -0.0321  0.0302 -0.9990

PART 74
OFFSET  0.0000 -0.0000 -0.0000
X  1.0000 -0.0000  0.0000
Y  0.0000  1.0000  0.0000
Z  0.0000 -0.0000  1.0000

PART 75
OFFSET  0.0000 -0.0000 -0.0000
X  1.0000 -0.0000  0.0000
Y  0.0000  1.0000  0.0000
Z  0.0000 -0.0000  1.0000

PART 76
OFFSET  1.5404 -0.0000  4.1357
X  1.0000 -0.0000  0.0000
Y  0.0000  1.0000  0.0000
Z  0.0000 -0.0000  1.0000


FRAME 1652
PART 0
OFFSET  0.0000 -0.0000 -0.0000
X  1.0000 -0.0000  0.0000
Y  0.0000  1.0000  0.0000
Z  0.0000 -0.0000  1.0000

PART 1
OFFSET -4.6318 -0.0000 -1.3770
X  1.0000 -0.0000  0.0000
Y  0.0000  1.0000  0.0000
Z  0.0000 -0.0000  1.0000

PART 2
OFFSET  1.6160  1.6487 -7.3253
X  0.8454  0.4034 -0.3500
Y  0.3033 -0.9020 -0.3072
Z -0.4397  0.1535 -0.8849

PART 3
OFFSET  11.8403  6.5278 -11.5587
X  0.6830 -0.5050  0.5277
Y -0.7295 -0.5080  0.4580
Z  0.0368 -0.6978 -0.7153

PART 4
OFFSET  17.6498  2.2329 -7.0702
X  0.6830 -0.5050  0.5277
Y -0.0824  0.6647  0.7426
Z -0.7257 -0.5507  0.4124

PART 5
OFFSET  19.1093  3.1664 -5.4201
X  0.6872 -0.5001  0.5269
Y -0.0282  0.7064  0.7072
Z -0.7259 -0.5009  0.4714

PART 6
OFFSET  19.2852  1.8491 -7.6324
X  0.6872 -0.5001  0.5269
Y -0.0282  0.7064  0.7072
Z -0.7259 -0.5009  0.4714

PART 7
OFFSET  17.8549  1.5056 -4.3932
X  0.6872 -0.5001  0.5269
Y -0.0282  0.7064  0.7072
Z -0.7259 -0.5009  0.4714

PART 8
OFFSET  17.6386  0.1559 -5.5905
X  0.6872 -0.5001  0.5269
Y -0.0282  0.7064  0.7072
Z -0.7259 -0.5009  0.4714

PART 9
OFFSET  17.8105 -0.1810 -6.8579
X  0.6872 -0.5001  0.5269
Y -0.0282  0.7064  0.7072
Z -0.7259 -0.5009  0.4714

PART 10
OFFSET  19.7437  0.6849 -5.4524
X  0.9547 -0.2071  0.2138
Y -0.0244  0.6614  0.7497
Z -0.2967 -0.7209  0.6263

PART 11
OFFSET  20.0278  0.9340 -4.3756
X  0.8252 -0.0935  0.5570
Y -0.1563  0.9099  0.3842
Z -0.5427 -0.4041  0.7363

PART 12
OFFSET  21.7628  0.8006 -3.0943
X  0.9505 -0.2764  0.1420
Y  0.1180  0.7439  0.6578
Z -0.2875 -0.6085  0.7397

PART 13
OFFSET  23.2580  0.2418 -2.8215
X  0.9358 -0.0334  0.3511
Y -0.1556  0.8543  0.4960
Z -0.3165 -0.5188  0.7942

PART 14
OFFSET  24.2528  0.1965 -2.3971
X  0.8620  0.4846 -0.1488
Y -0.2534  0.1577 -0.9544
Z -0.4390  0.8604  0.2587

PART 15
OFFSET  20.5178 -0.3443 -5.9475
X  0.5071 -0.8414  0.1866
Y -0.6287 -0.2130  0.7479
Z -0.5896 -0.4966 -0.6370

PART 16
OFFSET  21.6660 -2.1886 -5.3437
X -0.2908 -0.4599  0.8390
Y -0.8179  0.5744  0.0314
Z -0.4964 -0.6771 -0.5432

PART 17
OFFSET  21.2544 -2.8397 -4.1558
X -0.7985  0.1373  0.5862
Y -0.3494  0.6873 -0.6368
Z -0.4903 -0.7133 -0.5008

PART 18
OFFSET  20.5464 -2.7180 -3.6361
X -0.8177  0.5729  0.0567
Y  0.2758  0.4763 -0.8349
Z -0.5053 -0.6670 -0.5475

PART 19
OFFSET  19.7696 -2.1737 -3.5822
X  0.5253 -0.6407  0.5599
Y  0.6706 -0.0934 -0.7360
Z  0.5238  0.7621  0.3806

PART 20
OFFSET  20.7529  0.1504 -5.4898
X  0.9142 -0.4046 -0.0230
Y -0.3148 -0.7448  0.5883
Z -0.2551 -0.5306 -0.8083

PART 21
OFFSET  22.8826 -1.3370 -5.3872
X -0.0675 -0.7203  0.6903
Y -0.9133  0.3232  0.2480
Z -0.4018 -0.6137 -0.6797

PART 22
OFFSET  22.7677 -2.5634 -4.2119
X -0.8558 -0.0066  0.5173
Y -0.3330  0.7722 -0.5411
Z -0.3959 -0.6353 -0.6630

PART 23
OFFSET  21.5817 -2.5725 -3.4950
X -0.8549  0.5188  0.0059
Y  0.3418  0.5717 -0.7459
Z -0.3903 -0.6356 -0.6660

PART 24
OFFSET  20.6545 -2.0098 -3.4886
X  0.4859 -0.7829  0.3885
Y  0.7865  0.1978 -0.5851
Z  0.3813  0.5899  0.7118

PART 25
OFFSET  22.4889  0.7101 -3.2672
X  0.8205 -0.5232  0.2304
Y  0.5601  0.6549 -0.5074
Z  0.1146  0.5453  0.8304

PART 26
OFFSET  23.5555  0.6446 -4.2866
X  0.8031 -0.5897 -0.0856
Y -0.4444 -0.6884  0.5733
Z -0.3970 -0.4224 -0.8149

PART 27
OFFSET  24.9694 -0.3937 -4.4372
X  0.3272 -0.9075  0.2633
Y -0.8709 -0.1814  0.4568
Z -0.3668 -0.3787 -0.8497

PART 28
OFFSET  25.3894 -1.4740 -4.0655
X -0.3997 -0.6511  0.6452
Y -0.8376  0.5453  0.0314
Z -0.3723 -0.5279 -0.7634

PART 29
OFFSET  24.9379 -2.2094 -3.3367
X  0.7816 -0.4288 -0.4531
Y  0.1770  0.8488 -0.4981
Z  0.5982  0.3092  0.7393

PART 30
OFFSET  23.4269 -0.1802 -5.0103
X  0.3251 -0.8697  0.3715
Y -0.8599 -0.1083  0.4989
Z -0.3936 -0.4816 -0.7830

PART 31
OFFSET  24.0620 -1.8791 -4.2845
X -0.7082 -0.3831  0.5930
Y -0.5680  0.8081 -0.1563
Z -0.4193 -0.4475 -0.7899

PART 32
OFFSET  23.0276 -2.4386 -3.4183
X -0.8621  0.4468  0.2390
Y  0.2688  0.8031 -0.5318
Z -0.4296 -0.3942 -0.8124

PART 33
OFFSET  22.0479 -1.9359 -3.1530
X  0.5168 -0.8304  0.2084
Y  0.7265  0.2966 -0.6198
Z  0.4529  0.4717  0.7566

PART 34
OFFSET  21.8930 -1.3316 -4.3222
X -0.3162 -0.5447 -0.7767
Y  0.2967  0.7209 -0.6263
Z  0.9011 -0.4285 -0.0663

PART 35
OFFSET  3.7165 -2.7450 -5.2577
X  0.9790  0.0781  0.1885
Y -0.1067  0.9835  0.1464
Z -0.1740 -0.1635  0.9711

PART 36
OFFSET  3.7165 -2.7450 -5.2577
X  0.9790  0.0781  0.1885
Y -0.1067  0.9835  0.1464
Z -0.1740 -0.1635  0.9711

PART 37
OFFSET  8.5254 -2.9935 -2.0103
X  0.9752  0.0747  0.2084
Y -0.1067  0.9835  0.1464
Z -0.1940 -0.1650  0.9670

PART 38
OFFSET  13.1737 -1.6295 -5.8661
X  0.9790  0.0781  0.1885
Y -0.1067  0.9835  0.1464
Z -0.1740 -0.1635  0.9711

PART 39
OFFSET  17.9748 -1.8444 -3.2237
X  0.9023  0.4310  0.0068
Y  0.2039 -0.4128 -0.8877
Z -0.3797  0.8024 -0.4604

PART 40
OFFSET -8.5830 -3.5029 -9.0282
X  0.8265  0.0058  0.5630
Y -0.1067  0.9835  0.1464
Z -0.5528 -0.1811  0.8134

PART 41
OFFSET  23.4404 -0.5028 -5.9546
X  0.1067 -0.9835 -0.1464
Y  0.9790  0.0781  0.1885
Z -0.1740 -0.1635  0.9711

PART 42
OFFSET  7.7895 -2.4470 -4.1903
X  0.9790  0.0781  0.1885
Y -0.1067  0.9835  0.1464
Z -0.1740 -0.1635  0.9711

PART 43
OFFSET  26.6422 -1.0477  0.1488
X  0.9790  0.0781  0.1885
Y -0.1067  0.9835  0.1464
Z -0.1740 -0.1635  0.9711

PART 44
OFFSET -17.6076 -4.8127 -7.0611
X -0.6730  0.1114  0.7312
Y -0.3425 -0.9232 -0.1746
Z  0.6556 -0.3679  0.6594

PART 45
OFFSET -9.4683 -6.1603 -15.9041
X -0.7835 -0.1459 -0.6041
Y  0.6202 -0.1218 -0.7749
Z  0.0395 -0.9818  0.1860

PART 46
OFFSET -2.8047 -4.9192 -10.7663
X -0.7835 -0.1459 -0.6041
Y  0.6093  0.0104 -0.7928
Z  0.1220 -0.9892  0.0807

PART 47
OFFSET -2.1469 -3.4511 -9.5929
X -0.7872 -0.1422 -0.6000
Y -0.0462  0.9839 -0.1726
Z  0.6149 -0.1081 -0.7811

PART 48
OFFSET -2.3903 -3.9707 -8.5165
X -0.7872 -0.1422 -0.6000
Y -0.0462  0.9839 -0.1726
Z  0.6149 -0.1081 -0.7811

PART 49
OFFSET -2.1708 -5.3065 -8.3151
X -0.7872 -0.1422 -0.6000
Y -0.0462  0.9839 -0.1726
Z  0.6149 -0.1081 -0.7811

PART 50
OFFSET -0.4028 -4.4718 -8.9144
X -0.8738 -0.1712 -0.4553
Y  0.4618  0.0017 -0.8870
Z  0.1526 -0.9852  0.0775

PART 51
OFFSET -0.5181 -3.9919 -7.8855
X -0.3219 -0.6178 -0.7174
Y  0.6819  0.3745 -0.6284
Z  0.6569 -0.6914  0.3007

PART 52
OFFSET  0.0719 -2.6576 -6.2914
X -0.8906 -0.4543  0.0236
Y  0.1437 -0.3302 -0.9329
Z  0.4316 -0.8274  0.3593

PART 53
OFFSET  1.4698 -1.8513 -6.4253
X -0.6672 -0.2009  0.7173
Y -0.5009 -0.5917 -0.6317
Z  0.5513 -0.7808  0.2941

PART 54
OFFSET  2.1746 -1.5883 -7.2037
X -0.9499  0.2313  0.2104
Y  0.1164  0.8861 -0.4486
Z -0.2902 -0.4016 -0.8686

PART 55
OFFSET  0.8002 -4.1260 -9.4946
X -0.9257 -0.3781  0.0103
Y  0.3761 -0.9173  0.1309
Z -0.0400  0.1251  0.9913

PART 56
OFFSET  2.8282 -3.1458 -9.3895
X -0.0102 -0.9950 -0.0993
Y  0.9918  0.0026 -0.1279
Z  0.1275 -0.0998  0.9868

PART 57
OFFSET  2.8426 -1.7371 -9.2489
X  0.8574 -0.4879 -0.1637
Y  0.5043  0.8600  0.0784
Z  0.1025 -0.1498  0.9834

PART 58
OFFSET  2.0824 -1.3045 -9.1037
X  0.9062  0.4151 -0.0808
Y -0.4030  0.9055  0.1326
Z  0.1282 -0.0876  0.9879

PART 59
OFFSET  1.2215 -1.6989 -9.0270
X -0.4586 -0.8733 -0.1643
Y -0.8712  0.4054  0.2770
Z -0.1753  0.2702 -0.9467

PART 60
OFFSET  0.7068 -4.2271 -8.7942
X -0.9294 -0.3219 -0.1807
Y  0.2977 -0.9430  0.1489
Z -0.2184  0.0845  0.9722

PART 61
OFFSET  3.1578 -3.4250 -8.4662
X -0.0579 -0.9983  0.0098
Y  0.9900 -0.0587 -0.1280
Z  0.1284  0.0023  0.9917

PART 62
OFFSET  3.2564 -1.7255 -8.4829
X  0.9471 -0.2977 -0.1201
Y  0.2984  0.9544 -0.0129
Z  0.1184 -0.0237  0.9927

PART 63
OFFSET  1.9439 -1.3128 -8.3165
X  0.8182  0.5694 -0.0799
Y -0.5638  0.8218  0.0822
Z  0.1124 -0.0222  0.9934

PART 64
OFFSET  1.0565 -1.9303 -8.2299
X -0.3427 -0.9370  0.0673
Y -0.9352  0.3471  0.0704
Z -0.0893 -0.0389 -0.9952

PART 65
OFFSET -4.3480 -5.7136 -10.0176
X -0.8690 -0.4353 -0.2352
Y -0.3817  0.8923 -0.2411
Z  0.3149 -0.1197 -0.9416

PART 66
OFFSET  2.7102 -4.1723 -6.4427
X -0.9367 -0.0657 -0.3440
Y  0.0863 -0.9952 -0.0450
Z -0.3394 -0.0718  0.9379

PART 67
OFFSET  4.3594 -4.0566 -5.8371
X -0.2756 -0.9541 -0.1174
Y  0.8994 -0.2990  0.3188
Z -0.3393 -0.0177  0.9405

PART 68
OFFSET  4.6738 -2.8978 -5.6373
X  0.1376 -0.9894 -0.0455
Y  0.9305  0.1134  0.3482
Z -0.3394 -0.0903  0.9363

PART 69
OFFSET  4.5183 -1.7802 -5.5859
X -0.9803  0.1943 -0.0362
Y  0.1936  0.9808  0.0219
Z  0.0397  0.0145 -0.9991

PART 70
OFFSET  3.0907 -4.0120 -7.4674
X -0.1943 -0.9807  0.0215
Y  0.9785 -0.1922  0.0747
Z -0.0691  0.0356  0.9970

PART 71
OFFSET  3.4702 -2.0961 -7.5094
X  0.8712 -0.4855  0.0734
Y  0.4890  0.8714 -0.0400
Z -0.0446  0.0708  0.9965

PART 72
OFFSET  2.1977 -1.3870 -7.6167
X  0.8701  0.4921 -0.0274
Y -0.4910  0.8609 -0.1331
Z -0.0420  0.1293  0.9907

PART 73
OFFSET  1.2122 -1.9447 -7.5928
X -0.3509 -0.9354  0.0427
Y -0.9364  0.3508 -0.0102
Z -0.0055 -0.0435 -0.9990

PART 74
OFFSET  0.0000 -0.0000 -0.0000
X  1.0000 -0.0000  0.0000
Y  0.0000  1.0000  0.0000
Z  0.0000 -0.0000  1.0000

PART 75
OFFSET  0.0000 -0.0000 -0.0000
X  1.0000 -0.0000  0.0000
Y  0.0000  1.0000  0.0000
Z  0.0000 -0.0000  1.0000

PART 76
OFFSET  1.5404 -0.0000  4.1357
X  1.0000 -0.0000  0.0000
Y  0.0000  1.0000  0.0000
Z  0.0000 -0.0000  1.0000


FRAME 1653
PART 0
OFFSET  0.0000 -0.0000 -0.0000
X  1.0000 -0.0000  0.0000
Y  0.0000  1.0000  0.0000
Z  0.0000 -0.0000  1.0000

PART 1
OFFSET -4.6318 -0.0000 -1.3770
X  1.0000 -0.0000  0.0000
Y  0.0000  1.0000  0.0000
Z  0.0000 -0.0000  1.0000

PART 2
OFFSET  1.6160  1.6487 -7.3253
X  0.8391  0.4109 -0.3565
Y  0.3100 -0.8997 -0.3072
Z -0.4470  0.1472 -0.8823

PART 3
OFFSET  11.7638  6.6178 -11.6372
X  0.6636 -0.5162  0.5415
Y -0.7471 -0.4949  0.4438
Z  0.0389 -0.6990 -0.7141

PART 4
OFFSET  17.4078  2.2272 -7.0318
X  0.6636 -0.5162  0.5415
Y -0.0187  0.7121  0.7018
Z -0.7479 -0.4759  0.4629

PART 5
OFFSET  18.8503  3.1368 -5.3537
X  0.6679 -0.5114  0.5407
Y -0.0299  0.7075  0.7061
Z -0.7437 -0.4878  0.4572

PART 6
OFFSET  19.0472  1.8146 -7.5613
X  0.6679 -0.5114  0.5407
Y -0.0299  0.7075  0.7061
Z -0.7437 -0.4878  0.4572

PART 7
OFFSET  17.5472  1.4989 -4.3509
X  0.6679 -0.5114  0.5407
Y -0.0299  0.7075  0.7061
Z -0.7437 -0.4878  0.4572

PART 8
OFFSET  17.3313  0.1521 -5.5514
X  0.6679 -0.5114  0.5407
Y -0.0299  0.7075  0.7061
Z -0.7437 -0.4878  0.4572

PART 9
OFFSET  17.5224 -0.1889 -6.8149
X  0.6679 -0.5114  0.5407
Y -0.0299  0.7075  0.7061
Z -0.7437 -0.4878  0.4572

PART 10
OFFSET  19.4421  0.6446 -5.3718
X  0.9481 -0.1843  0.2593
Y -0.0479  0.7231  0.6891
Z -0.3145 -0.6658  0.6767

PART 11
OFFSET  19.6933  0.9862 -4.3123
X  0.8082 -0.0422  0.5874
Y -0.1690  0.9389  0.3000
Z -0.5641 -0.3417  0.7517

PART 12
OFFSET  21.3890  0.9698 -2.9730
X  0.9462 -0.2595  0.1935
Y  0.0972  0.7979  0.5949
Z -0.3088 -0.5440  0.7802

PART 13
OFFSET  22.8761  0.4424 -2.6087
X  0.9248  0.0004  0.3805
Y -0.1716  0.8930  0.4161
Z -0.3396 -0.4501  0.8259

PART 14
OFFSET  23.8577  0.4375 -2.1523
X  0.8654  0.4735 -0.1639
Y -0.2247  0.0744 -0.9716
Z -0.4478  0.8777  0.1708

PART 15
OFFSET  20.2321 -0.4201 -5.7535
X  0.5024 -0.8203  0.2732
Y -0.6506 -0.1506  0.7443
Z -0.5694 -0.5517 -0.6094

PART 16
OFFSET  21.3642 -2.2014 -4.9598
X -0.3153 -0.3875  0.8663
Y -0.8193  0.5718 -0.0424
Z -0.4789 -0.7231 -0.4977

PART 17
OFFSET  20.9178 -2.7500 -3.7333
X -0.8160  0.1838  0.5481
Y -0.3309  0.6289 -0.7036
Z -0.4740 -0.7555 -0.4523

PART 18
OFFSET  20.1943 -2.5870 -3.2473
X -0.8198  0.5724 -0.0171
Y  0.3002  0.4041 -0.8640
Z -0.4877 -0.7135 -0.5031

PART 19
OFFSET  19.4155 -2.0432 -3.2636
X  0.5091 -0.5883  0.6283
Y  0.6926 -0.1534 -0.7049
Z  0.5111  0.7939  0.3294

PART 20
OFFSET  20.4527  0.1129 -5.3330
X  0.9150 -0.4014  0.0392
Y -0.3314 -0.6929  0.6403
Z -0.2299 -0.5989 -0.7671

PART 21
OFFSET  22.5804 -1.3519 -5.0396
X -0.0873 -0.6588  0.7472
Y -0.9208  0.3397  0.1919
Z -0.3803 -0.6713 -0.6363

PART 22
OFFSET  22.4318 -2.4735 -3.7675
X -0.8710  0.0344  0.4901
Y -0.3176  0.7217 -0.6151
Z -0.3748 -0.6914 -0.6177

PART 23
OFFSET  21.2246 -2.4259 -3.0883
X -0.8553  0.5141 -0.0642
Y  0.3634  0.5070 -0.7816
Z -0.3692 -0.6919 -0.6205

PART 24
OFFSET  20.2970 -1.8684 -3.1579
X  0.4750 -0.7448  0.4686
Y  0.8035  0.1500 -0.5761
Z  0.3588  0.6502  0.6697

PART 25
OFFSET  22.1201  0.8678 -3.1157
X  0.8138 -0.4984  0.2988
Y  0.5743  0.6112 -0.5447
Z  0.0888  0.6149  0.7836

PART 26
OFFSET  23.2170  0.7193 -4.0933
X  0.8061 -0.5917 -0.0106
Y -0.4605 -0.6385  0.6167
Z -0.3717 -0.4922 -0.7872

PART 27
OFFSET  24.6363 -0.3224 -4.1120
X  0.3203 -0.8804  0.3498
Y -0.8840 -0.1451  0.4444
Z -0.3405 -0.4516 -0.8247

PART 28
OFFSET  25.0464 -1.3653 -3.6367
X -0.4181 -0.5950  0.6864
Y -0.8389  0.5427 -0.0406
Z -0.3484 -0.5928 -0.7261

PART 29
OFFSET  24.5741 -2.0373 -2.8613
X  0.7955 -0.4630 -0.3910
Y  0.1907  0.8038 -0.5636
Z  0.5752  0.3737  0.7277

PART 30
OFFSET  23.1115 -0.1649 -4.7472
X  0.3149 -0.8334  0.4543
Y -0.8744 -0.0685  0.4804
Z -0.3692 -0.5485 -0.7502

PART 31
OFFSET  23.7267 -1.7929 -3.8597
X -0.7253 -0.3337  0.6022
Y -0.5641  0.7895 -0.2419
Z -0.3947 -0.5152 -0.7608

PART 32
OFFSET  22.6674 -2.2802 -2.9801
X -0.8695  0.4623  0.1739
Y  0.2836  0.7556 -0.5904
Z -0.4043 -0.4641 -0.7881

PART 33
OFFSET  21.6795 -1.7605 -2.7883
X  0.5114 -0.8074  0.2941
Y  0.7445  0.2453 -0.6210
Z  0.4292  0.5366  0.7266

PART 34
OFFSET  21.5591 -1.2592 -4.0091
X -0.2919 -0.6105 -0.7363
Y  0.3145  0.6658 -0.6767
Z  0.9033 -0.4290 -0.0023

PART 35
OFFSET  3.4210 -2.8191 -5.3635
X  0.9727  0.0978  0.2104
Y -0.1124  0.9920  0.0583
Z -0.2030 -0.0804  0.9759

PART 36
OFFSET  3.4210 -2.8191 -5.3635
X  0.9727  0.0978  0.2104
Y -0.1124  0.9920  0.0583
Z -0.2030 -0.0804  0.9759

PART 37
OFFSET  8.1301 -2.7695 -1.9643
X  0.9684  0.0961  0.2303
Y -0.1124  0.9920  0.0583
Z -0.2228 -0.0824  0.9714

PART 38
OFFSET  12.8907 -1.7225 -5.7821
X  0.9727  0.0978  0.2104
Y -0.1124  0.9920  0.0583
Z -0.2030 -0.0804  0.9759

PART 39
OFFSET  17.6102 -1.6915 -2.9884
X  0.9011  0.4335 -0.0031
Y  0.2311 -0.4865 -0.8425
Z -0.3668  0.7585 -0.5386

PART 40
OFFSET -8.7582 -3.9456 -9.4214
X  0.8091  0.0573  0.5849
Y -0.1124  0.9920  0.0583
Z -0.5768 -0.1129  0.8090

PART 41
OFFSET  23.1538 -0.5672 -5.6595
X  0.1124 -0.9920 -0.0583
Y  0.9727  0.0978  0.2104
Z -0.2030 -0.0804  0.9759

PART 42
OFFSET  7.4595 -2.4147 -4.2042
X  0.9727  0.0978  0.2104
Y -0.1124  0.9920  0.0583
Z -0.2030 -0.0804  0.9759

PART 43
OFFSET  26.1708 -0.5743  0.5542
X  0.9727  0.0978  0.2104
Y -0.1124  0.9920  0.0583
Z -0.2030 -0.0804  0.9759

PART 44
OFFSET -17.6076 -4.8127 -7.0611
X -0.6585  0.1088  0.7447
Y -0.3711 -0.9078 -0.1956
Z  0.6547 -0.4052  0.6381

PART 45
OFFSET -9.6438 -6.1281 -16.0672
X -0.7830 -0.1088 -0.6125
Y  0.6219 -0.1141 -0.7748
Z  0.0144 -0.9875  0.1570

PART 46
OFFSET -2.9842 -5.2025 -10.8580
X -0.7830 -0.1088 -0.6125
Y  0.6198 -0.0520 -0.7831
Z  0.0534 -0.9927  0.1082

PART 47
OFFSET -2.2983 -3.7862 -9.6379
X -0.7867 -0.1052 -0.6083
Y -0.0212  0.9894 -0.1436
Z  0.6170 -0.1001 -0.7806

PART 48
OFFSET -2.5611 -4.3313 -8.5788
X -0.7867 -0.1052 -0.6083
Y -0.0212  0.9894 -0.1436
Z  0.6170 -0.1001 -0.7806

PART 49
OFFSET -2.3754 -5.6774 -8.4158
X -0.7867 -0.1052 -0.6083
Y -0.0212  0.9894 -0.1436
Z  0.6170 -0.1001 -0.7806

PART 50
OFFSET -0.5838 -4.8689 -8.9803
X -0.8594 -0.2130 -0.4649
Y  0.4883 -0.0724 -0.8696
Z  0.1515 -0.9744  0.1663

PART 51
OFFSET -0.7307 -4.3031 -8.0003
X -0.2992 -0.6782 -0.6712
Y  0.7000  0.3219 -0.6375
Z  0.6484 -0.6606  0.3784

PART 52
OFFSET -0.1909 -2.8349 -6.5094
X -0.8902 -0.4541  0.0358
Y  0.1722 -0.4083 -0.8964
Z  0.4217 -0.7919  0.4417

PART 53
OFFSET  1.2093 -2.0375 -6.6701
X -0.6882 -0.1414  0.7116
Y -0.4809 -0.6456 -0.5933
Z  0.5432 -0.7505  0.3763

PART 54
OFFSET  1.9369 -1.8393 -7.4468
X -0.9561  0.2447  0.1613
Y  0.1287  0.8449 -0.5192
Z -0.2633 -0.4756 -0.8393

PART 55
OFFSET  0.6357 -4.5694 -9.5518
X -0.9251 -0.3795  0.0150
Y  0.3733 -0.9012  0.2202
Z -0.0701  0.2093  0.9753

PART 56
OFFSET  2.6582 -3.5757 -9.4704
X -0.0058 -0.9999 -0.0139
Y  0.9952 -0.0044 -0.0979
Z  0.0979 -0.0144  0.9951

PART 57
OFFSET  2.6665 -2.1601 -9.4507
X  0.8626 -0.4967 -0.0955
Y  0.5005  0.8655  0.0194
Z  0.0730 -0.0646  0.9952

PART 58
OFFSET  1.9016 -1.7197 -9.3660
X  0.9076  0.4103 -0.0889
Y -0.4081  0.9120  0.0424
Z  0.0985 -0.0022  0.9951

PART 59
OFFSET  1.0394 -2.1095 -9.2815
X -0.4523 -0.8860 -0.1025
Y -0.8797  0.4242  0.2150
Z -0.1470  0.1874 -0.9712

PART 60
OFFSET  0.5213 -4.6104 -8.8484
X -0.9231 -0.3398 -0.1802
Y  0.2943 -0.9256  0.2380
Z -0.2477  0.1666  0.9544

PART 61
OFFSET  2.9602 -3.7736 -8.5172
X -0.0568 -0.9940  0.0936
Y  0.9935 -0.0656 -0.0928
Z  0.0984  0.0878  0.9913

PART 62
OFFSET  3.0570 -2.0813 -8.6766
X  0.9507 -0.3032 -0.0657
Y  0.2974  0.9509 -0.0857
Z  0.0885  0.0619  0.9942

PART 63
OFFSET  1.7395 -1.6611 -8.5855
X  0.8195  0.5637 -0.1039
Y -0.5672  0.8236 -0.0055
Z  0.0825  0.0634  0.9946

PART 64
OFFSET  0.8507 -2.2724 -8.4728
X -0.3433 -0.9291  0.1371
Y -0.9373  0.3482  0.0123
Z -0.0592 -0.1243 -0.9905

PART 65
OFFSET -4.4923 -6.2162 -10.0905
X -0.8609 -0.4573 -0.2230
Y -0.3755  0.8668 -0.3280
Z  0.3433 -0.1987 -0.9180

PART 66
OFFSET  2.4528 -4.3466 -6.4513
X -0.9258 -0.0986 -0.3649
Y  0.0890 -0.9951  0.0431
Z -0.3674  0.0074  0.9300

PART 67
OFFSET  4.0828 -4.1729 -5.8088
X -0.2706 -0.9617 -0.0434
Y  0.8898 -0.2670  0.3701
Z -0.3675  0.0615  0.9280

PART 68
OFFSET  4.3895 -3.0000 -5.6998
X  0.1403 -0.9891  0.0436
Y  0.9195  0.1465  0.3649
Z -0.3673 -0.0111  0.9300

PART 69
OFFSET  4.2310 -1.8828 -5.7490
X -0.9790  0.1866 -0.0820
Y  0.1915  0.9799 -0.0565
Z  0.0698 -0.0710 -0.9950

PART 70
OFFSET  2.8638 -4.2731 -7.4742
X -0.1935 -0.9760  0.0997
Y  0.9761 -0.1812  0.1201
Z -0.0992  0.1205  0.9877

PART 71
OFFSET  3.2418 -2.3664 -7.6689
X  0.8692 -0.4739  0.1408
Y  0.4888  0.8667 -0.0999
Z -0.0747  0.1557  0.9850

PART 72
OFFSET  1.9722 -1.6741 -7.8746
X  0.8699  0.4913 -0.0434
Y -0.4880  0.8444 -0.2211
Z -0.0720  0.2135  0.9743

PART 73
OFFSET  0.9871 -2.2315 -7.8325
X -0.3508 -0.9297  0.1122
Y -0.9361  0.3449 -0.0682
Z  0.0247 -0.1290 -0.9913

PART 74
OFFSET  0.0000 -0.0000 -0.0000
X  1.0000 -0.0000  0.0000
Y  0.0000  1.0000  0.0000
Z  0.0000 -0.0000  1.0000

PART 75
OFFSET  0.0000 -0.0000 -0.0000
X  1.0000 -0.0000  0.0000
Y  0.0000  1.0000  0.0000
Z  0.0000 -0.0000  1.0000

PART 76
OFFSET  1.5404 -0.0000  4.1357
X  1.0000 -0.0000  0.0000
Y  0.0000  1.0000  0.0000
Z  0.0000 -0.0000  1.0000


FRAME 1654
PART 0
OFFSET  0.0000 -0.0000 -0.0000
X  1.0000 -0.0000  0.0000
Y  0.0000  1.0000  0.0000
Z  0.0000 -0.0000  1.0000

PART 1
OFFSET -4.6318 -0.0000 -1.3770
X  1.0000 -0.0000  0.0000
Y  0.0000  1.0000  0.0000
Z  0.0000 -0.0000  1.0000

PART 2
OFFSET  1.6160  1.6487 -7.3253
X  0.8050  0.4432 -0.3943
Y  0.3268 -0.8861 -0.3288
Z -0.4951  0.1359 -0.8581

PART 3
OFFSET  11.3520  7.0090 -12.0940
X  0.6051 -0.5615  0.5644
Y -0.7956 -0.4521  0.4032
Z  0.0288 -0.6931 -0.7203

PART 4
OFFSET  16.4987  2.2332 -7.2935
X  0.6051 -0.5615  0.5644
Y  0.0466  0.7327  0.6790
Z -0.7948 -0.3846  0.4695

PART 5
OFFSET  17.9155  3.0355 -5.5404
X  0.6097 -0.5570  0.5639
Y -0.0190  0.7010  0.7129
Z -0.7924 -0.4453  0.4169

PART 6
OFFSET  18.1323  1.7253 -7.7534
X  0.6097 -0.5570  0.5639
Y -0.0190  0.7010  0.7129
Z -0.7924 -0.4453  0.4169

PART 7
OFFSET  16.4698  1.4715 -4.6184
X  0.6097 -0.5570  0.5639
Y -0.0190  0.7010  0.7129
Z -0.7924 -0.4453  0.4169

PART 8
OFFSET  16.2272  0.1523 -5.8443
X  0.6097 -0.5570  0.5639
Y -0.0190  0.7010  0.7129
Z -0.7924 -0.4453  0.4169

PART 9
OFFSET  16.4549 -0.1874 -7.1022
X  0.6097 -0.5570  0.5639
Y -0.0190  0.7010  0.7129
Z -0.7924 -0.4453  0.4169

PART 10
OFFSET  18.3538  0.5118 -5.5632
X  0.9433 -0.1693  0.2854
Y -0.0604  0.7582  0.6493
Z -0.3263 -0.6297  0.7050

PART 11
