// Export filename: `C:\projects\cod\t5\xanim_export\t5_viewmodels\ak47\ak47_masterkey_d2p_loop.XANIM_EXPORT`
// Source filename: `D:\projects\devanim\t5\animation_assets\viewmodels/ak47/ViewModel_AK47_MasterKey_animated.fbx`
// Export time: Wed Jul 07 18:24:14 2010

ANIMATION
VERSION 3

NUMPARTS 77
PART 0 "tag_ads"
PART 1 "tag_torso"
PART 2 "J_Shoulder_LE"
PART 3 "J_Elbow_LE"
PART 4 "J_WristTwist_LE"
PART 5 "J_Sleave_Reshape_Bottom_LE_1"
PART 6 "J_Sleave_Reshape_Bottom_LE_2"
PART 7 "J_Sleave_Reshape_Top_LE_1"
PART 8 "J_Sleave_Reshape_Top_LE_2"
PART 9 "J_Sleave_Reshape_Top_LE_3"
PART 10 "J_Wrist_LE"
PART 11 "J_Thumb_LE_0"
PART 12 "J_Thumb_LE_1"
PART 13 "J_Thumb_LE_2"
PART 14 "J_Thumb_LE_3"
PART 15 "J_PinkyPalm_LE"
PART 16 "J_Pinky_LE_0"
PART 17 "J_Pinky_LE_1"
PART 18 "J_Pinky_LE_2"
PART 19 "J_Pinky_LE_3"
PART 20 "J_RingPalm_LE"
PART 21 "J_Ring_LE_0"
PART 22 "J_Ring_LE_1"
PART 23 "J_Ring_LE_2"
PART 24 "J_Ring_LE_3"
PART 25 "J_Webbing_LE"
PART 26 "J_Index_LE_0"
PART 27 "J_Index_LE_1"
PART 28 "J_Index_LE_2"
PART 29 "J_Index_LE_3"
PART 30 "J_Mid_LE_0"
PART 31 "J_Mid_LE_1"
PART 32 "J_Mid_LE_2"
PART 33 "J_Mid_LE_3"
PART 34 "tag_knife_attach"
PART 35 "tag_weapon"
PART 36 "J_Gun"
PART 37 "J_bolt"
PART 38 "tag_masterkey"
PART 39 "tag_brass2"
PART 40 "tag_ammo2"
PART 41 "tag_pump2"
PART 42 "TAG_CLIP"
PART 43 "TAG_FLASH"
PART 44 "J_Shoulder_RI"
PART 45 "J_Elbow_RI"
PART 46 "J_WristTwist_RI"
PART 47 "J_Sleave_Reshape_Top_RI_3"
PART 48 "J_Sleave_Reshape_Top_RI_2"
PART 49 "J_Sleave_Reshape_Top_RI_1"
PART 50 "J_Wrist_RI"
PART 51 "J_Thumb_RI_0"
PART 52 "J_Thumb_RI_1"
PART 53 "J_Thumb_RI_2"
PART 54 "J_Thumb_RI_3"
PART 55 "J_PinkyPalm_RI"
PART 56 "J_Pinky_RI_0"
PART 57 "J_Pinky_RI_1"
PART 58 "J_Pinky_RI_2"
PART 59 "J_Pinky_RI_3"
PART 60 "J_RingPalm_RI"
PART 61 "J_Ring_RI_0"
PART 62 "J_Ring_RI_1"
PART 63 "J_Ring_RI_2"
PART 64 "J_Ring_RI_3"
PART 65 "J_Webbing_RI"
PART 66 "J_Index_RI_0"
PART 67 "J_Index_RI_1"
PART 68 "J_Index_RI_2"
PART 69 "J_Index_RI_3"
PART 70 "J_Mid_RI_0"
PART 71 "J_Mid_RI_1"
PART 72 "J_Mid_RI_2"
PART 73 "J_Mid_RI_3"
PART 74 "tag_cambone"
PART 75 "tag_camera"
PART 76 "tag_gasmask"

FRAMERATE 30
NUMFRAMES 16

FRAME 2070
PART 0
OFFSET  0.0000 -0.0000 -0.0000
X  1.0000 -0.0000  0.0000
Y  0.0000  1.0000  0.0000
Z  0.0000 -0.0000  1.0000

PART 1
OFFSET -4.6318 -0.0000 -1.3770
X  1.0000 -0.0000  0.0000
Y  0.0000  1.0000  0.0000
Z  0.0000 -0.0000  1.0000

PART 2
OFFSET -3.5060  6.3408 -6.7125
X  0.7261 -0.1899 -0.6608
Y  0.2924 -0.7846  0.5467
Z -0.6223 -0.5901 -0.5142

PART 3
OFFSET  5.2754  4.0443 -14.7047
X  0.9571 -0.0026  0.2897
Y -0.2822  0.2183  0.9342
Z -0.0657 -0.9759  0.2082

PART 4
OFFSET  13.4159  4.0222 -12.2403
X  0.9571 -0.0026  0.2897
Y -0.0967  0.9398  0.3278
Z -0.2732 -0.3417  0.8992

PART 5
OFFSET  15.0901  5.5828 -12.9375
X  0.9589 -0.0013  0.2837
Y  0.0671  0.9726 -0.2225
Z -0.2756  0.2324  0.9328

PART 6
OFFSET  14.6929  3.0329 -12.9673
X  0.9589 -0.0013  0.2837
Y  0.0671  0.9726 -0.2225
Z -0.2756  0.2324  0.9328

PART 7
OFFSET  14.9375  5.6990 -10.6246
X  0.9589 -0.0013  0.2837
Y  0.0671  0.9726 -0.2225
Z -0.2756  0.2324  0.9328

PART 8
OFFSET  14.7461  4.1615 -10.3534
X  0.9589 -0.0013  0.2837
Y  0.0671  0.9726 -0.2225
Z -0.2756  0.2324  0.9328

PART 9
OFFSET  14.4567  2.9254 -10.7245
X  0.9589 -0.0013  0.2837
Y  0.0671  0.9726 -0.2225
Z -0.2756  0.2324  0.9328

PART 10
OFFSET  16.3501  4.0142 -11.3520
X  0.8258  0.5616 -0.0504
Y -0.5104  0.7825  0.3566
Z  0.2397 -0.2687  0.9329

PART 11
OFFSET  16.3275  4.9117 -10.6476
X  0.6321  0.7508  0.1917
Y -0.7474  0.6561 -0.1050
Z -0.2046 -0.0769  0.9758

PART 12
OFFSET  17.6055  6.5930 -10.1900
X  0.9101  0.4016 -0.1023
Y -0.3799  0.9071  0.1813
Z  0.1656 -0.1261  0.9781

PART 13
OFFSET  19.1160  7.1731 -10.2565
X  0.7859  0.6046  0.1295
Y -0.6126  0.7898  0.0302
Z -0.0840 -0.1030  0.9911

PART 14
OFFSET  19.9516  7.8357 -10.0706
X  0.5079  0.6753 -0.5349
Y -0.2067 -0.5072 -0.8367
Z -0.8363  0.5354 -0.1180

PART 15
OFFSET  17.6439  3.5973 -11.5880
X  0.9946  0.0954 -0.0411
Y  0.0688 -0.3094  0.9485
Z  0.0778 -0.9462 -0.3142

PART 16
OFFSET  19.8757  3.9115 -11.5182
X  0.0746  0.1704  0.9825
Y -0.9969  0.0360  0.0695
Z -0.0236 -0.9847  0.1726

PART 17
OFFSET  19.9814  4.1527 -10.1271
X -0.5784  0.1769  0.7964
Y -0.8157 -0.1311 -0.5634
Z  0.0048 -0.9755  0.2201

PART 18
OFFSET  19.4685  4.3095 -9.4210
X -0.8116  0.1376  0.5678
Y -0.5826 -0.1167 -0.8044
Z -0.0445 -0.9836  0.1749

PART 19
OFFSET  18.6975  4.4403 -8.8816
X  0.9929  0.1102  0.0453
Y  0.0768 -0.3009 -0.9505
Z -0.0911  0.9473 -0.3072

PART 20
OFFSET  17.4528  4.2784 -11.4924
X  0.9441  0.2925 -0.1519
Y  0.2449 -0.3143  0.9172
Z  0.2206 -0.9031 -0.3684

PART 21
OFFSET  19.9666  4.9166 -11.6717
X  0.4319 -0.0614  0.8998
Y -0.8896  0.1351  0.4363
Z -0.1484 -0.9889  0.0037

PART 22
OFFSET  20.7020  4.8120 -10.1398
X -0.6049  0.0980  0.7903
Y -0.7859  0.0863 -0.6123
Z -0.1282 -0.9914  0.0248

PART 23
OFFSET  19.8637  4.9479 -9.0445
X -0.8843  0.1204  0.4512
Y -0.4499  0.0395 -0.8922
Z -0.1252 -0.9919  0.0193

PART 24
OFFSET  18.9047  5.0784 -8.5552
X  0.9753 -0.1700  0.1410
Y  0.1440  0.0059 -0.9896
Z  0.1674  0.9854  0.0302

PART 25
OFFSET  18.2140  6.8440 -10.4413
X  0.9424  0.3024  0.1430
Y -0.0092  0.4507 -0.8926
Z -0.3343  0.8399  0.4275

PART 26
OFFSET  19.0940  6.8927 -11.6264
X  0.9765 -0.0802  0.1999
Y -0.2137 -0.2466  0.9453
Z -0.0265 -0.9658 -0.2580

PART 27
OFFSET  20.8133  6.7515 -11.2745
X  0.4111 -0.3367  0.8471
Y -0.9107 -0.1108  0.3979
Z -0.0401 -0.9351 -0.3522

PART 28
OFFSET  21.3156  6.3989 -10.2233
X -0.2849 -0.2280  0.9310
Y -0.9585  0.0769 -0.2745
Z -0.0090 -0.9706 -0.2404

PART 29
OFFSET  20.9937  6.1414 -9.1716
X  0.9555 -0.2682 -0.1229
Y -0.0162  0.3682 -0.9296
Z  0.2946  0.8902  0.3475

PART 30
OFFSET  19.6026  5.9357 -11.8405
X  0.6866 -0.1019  0.7198
Y -0.7268 -0.0727  0.6830
Z -0.0173 -0.9921 -0.1240

PART 31
OFFSET  20.9440  5.7366 -10.4343
X -0.3557 -0.1114  0.9279
Y -0.9325  0.1096 -0.3442
Z -0.0634 -0.9877 -0.1429

PART 32
OFFSET  20.4245  5.5739 -9.0789
X -0.8616 -0.0103  0.5075
Y -0.4985  0.2064 -0.8420
Z -0.0961 -0.9784 -0.1829

PART 33
OFFSET  19.4484  5.5551 -8.5048
X  0.9852 -0.0614  0.1603
Y  0.1655  0.0911 -0.9820
Z  0.0457  0.9939  0.1000

PART 34
OFFSET  19.2295  4.7057 -10.2593
X  0.1839 -0.9310 -0.3154
Y -0.2397  0.2687 -0.9329
Z  0.9533  0.2471 -0.1738

PART 35
OFFSET  10.9629 -0.8802 -4.9912
X  0.6990  0.6712 -0.2467
Y -0.7068  0.5958 -0.3814
Z -0.1090  0.4410  0.8909

PART 36
OFFSET  10.9629 -0.8802 -4.9912
X  0.6990  0.6712 -0.2467
Y -0.7068  0.5958 -0.3814
Z -0.1090  0.4410  0.8909

PART 37
OFFSET  14.6100  3.5494 -4.0913
X  0.6966  0.6801 -0.2285
Y -0.7068  0.5958 -0.3814
Z -0.1233  0.4272  0.8957

PART 38
OFFSET  17.6793  4.2485 -9.4230
X  0.6990  0.6712 -0.2467
Y -0.7068  0.5958 -0.3814
Z -0.1090  0.4410  0.8909

PART 39
OFFSET  21.3465  8.3046 -8.9998
X  0.4337  0.7148 -0.5486
Y  0.4847 -0.6983 -0.5267
Z -0.7596 -0.0375 -0.6493

PART 40
OFFSET  2.1503 -10.0866 -3.0811
X  0.5962  0.7919  0.1322
Y -0.7068  0.5958 -0.3814
Z -0.3808  0.1340  0.9149

PART 41
OFFSET  24.9787  10.1355 -13.7522
X  0.7068 -0.5958  0.3814
Y  0.6990  0.6712 -0.2467
Z -0.1090  0.4410  0.8909

PART 42
OFFSET  13.8659  2.0789 -5.7874
X  0.6990  0.6712 -0.2467
Y -0.7068  0.5958 -0.3814
Z -0.1090  0.4410  0.8909

PART 43
OFFSET  27.3414  15.4459 -9.8778
X  0.6990  0.6712 -0.2467
Y -0.7068  0.5958 -0.3814
Z -0.1090  0.4410  0.8909

PART 44
OFFSET -10.8444 -11.7139 -5.9426
X -0.9690  0.2245 -0.1036
Y -0.1807 -0.3570  0.9165
Z  0.1687  0.9067  0.3865

PART 45
OFFSET  0.8740 -14.4285 -4.6896
X -0.7121 -0.6995  0.0598
Y  0.6986 -0.6976  0.1590
Z -0.0695  0.1550  0.9855

PART 46
OFFSET  6.9310 -8.4791 -5.1985
X -0.7121 -0.6995  0.0598
Y  0.3679 -0.4444 -0.8168
Z  0.5979 -0.5596  0.5739

PART 47
OFFSET  7.5633 -7.1840 -6.5725
X -0.7160 -0.6958  0.0559
Y  0.0613 -0.1425 -0.9879
Z  0.6954 -0.7039  0.1447

PART 48
OFFSET  7.1439 -6.1640 -6.0515
X -0.7160 -0.6958  0.0559
Y  0.0613 -0.1425 -0.9879
Z  0.6954 -0.7039  0.1447

PART 49
OFFSET  7.2196 -5.9840 -4.6969
X -0.7160 -0.6958  0.0559
Y  0.0613 -0.1425 -0.9879
Z  0.6954 -0.7039  0.1447

PART 50
OFFSET  9.1142 -6.3347 -5.3820
X -0.5385 -0.8408  0.0561
Y  0.4273 -0.3298 -0.8418
Z  0.7263 -0.4293  0.5369

PART 51
OFFSET  8.6459 -5.4619 -4.8153
X  0.1897 -0.9768 -0.0991
Y  0.3465  0.1610 -0.9241
Z  0.9187  0.1410  0.3690

PART 52
OFFSET  8.1508 -3.3779 -4.5299
X -0.4124 -0.7023  0.5802
Y  0.3899 -0.7117 -0.5844
Z  0.8234 -0.0148  0.5673

PART 53
OFFSET  8.7476 -2.2848 -5.5649
X -0.4500  0.0020  0.8930
Y  0.0273 -0.9995  0.0160
Z  0.8926  0.0316  0.4498

PART 54
OFFSET  9.1929 -2.2714 -6.5515
X -0.8999 -0.2248  0.3736
Y -0.4263  0.2740 -0.8621
Z  0.0915 -0.9351 -0.3424

PART 55
OFFSET  9.8807 -5.8896 -6.4393
X -0.4862 -0.6859  0.5415
Y  0.8539 -0.2410  0.4613
Z -0.1859  0.6866  0.7028

PART 56
OFFSET  10.8412 -4.2190 -7.6101
X  0.6193 -0.6325  0.4652
Y  0.7805  0.4319 -0.4519
Z  0.0849  0.6430  0.7612

PART 57
OFFSET  9.9644 -3.3235 -8.2687
X  0.9841  0.0617 -0.1665
Y -0.1489  0.7979 -0.5841
Z  0.0968  0.5996  0.7944

PART 58
OFFSET  9.0919 -3.3783 -8.1211
X  0.4534  0.6515 -0.6083
Y -0.8879  0.3897 -0.2444
Z  0.0778  0.6509  0.7552

PART 59
OFFSET  8.6612 -3.9972 -7.5432
X  0.1994 -0.8371  0.5095
Y -0.9522 -0.0428  0.3023
Z -0.2312 -0.5454 -0.8056

PART 60
OFFSET  9.8165 -5.5454 -5.8172
X -0.5092 -0.7786  0.3667
Y  0.8074 -0.2846  0.5169
Z -0.2981  0.5592  0.7736

PART 61
OFFSET  11.2002 -3.6140 -6.8724
X  0.5757 -0.5889  0.5672
Y  0.8174  0.3962 -0.4182
Z  0.0216  0.7044  0.7095

PART 62
OFFSET  10.2200 -2.6113 -7.8380
X  0.9321  0.2437 -0.2678
Y -0.3609  0.6864 -0.6314
Z  0.0299  0.6852  0.7278

PART 63
OFFSET  8.9282 -2.9491 -7.4669
X  0.2888  0.6940 -0.6595
Y -0.9571  0.2267 -0.1804
Z  0.0243  0.6833  0.7297

PART 64
OFFSET  8.6150 -3.7018 -6.7516
X  0.3113 -0.6645  0.6793
Y -0.9498 -0.2416  0.1990
Z  0.0319 -0.7072 -0.7063

PART 65
OFFSET  6.9011 -9.7851 -4.1489
X -0.3873 -0.8467  0.3649
Y -0.8341  0.1532 -0.5299
Z  0.3927 -0.5096 -0.7656

PART 66
OFFSET  11.1600 -2.9693 -4.7662
X -0.6617 -0.7421  0.1065
Y  0.6904 -0.5479  0.4724
Z -0.2923  0.3861  0.8749

PART 67
OFFSET  12.3251 -1.6626 -4.9536
X  0.3886 -0.7581  0.5237
Y  0.8618  0.5002  0.0846
Z -0.3261  0.4185  0.8477

PART 68
OFFSET  11.8328 -0.7156 -5.5388
X  0.7268 -0.5184  0.4506
Y  0.6269  0.7687 -0.1268
Z -0.2807  0.3746  0.8837

PART 69
OFFSET  11.0119 -0.1301 -6.0478
X -0.8815 -0.4198  0.2163
Y -0.4617  0.6696 -0.5819
Z  0.0994 -0.6128 -0.7840

PART 70
OFFSET  11.4359 -3.3398 -5.7697
X  0.4577 -0.6420  0.6151
Y  0.8758  0.4448 -0.1874
Z -0.1533  0.6245  0.7658

PART 71
OFFSET  10.5417 -2.0857 -6.9714
X  0.9749  0.2225  0.0082
Y -0.1587  0.7205 -0.6751
Z -0.1561  0.6568  0.7377

PART 72
OFFSET  9.1177 -2.4106 -6.9834
X  0.3733  0.7108 -0.5962
Y -0.9081  0.1483 -0.3917
Z -0.1900  0.6876  0.7008

PART 73
OFFSET  8.6957 -3.2204 -6.3133
X  0.3059 -0.6837  0.6626
Y -0.9468 -0.2918  0.1360
Z  0.1004 -0.6689 -0.7365

PART 74
OFFSET  0.0000 -0.0000 -0.0000
X  1.0000 -0.0000  0.0000
Y  0.0000  1.0000  0.0000
Z  0.0000 -0.0000  1.0000

PART 75
OFFSET -0.0000 -0.0000 -0.0000
X  0.9945 -0.0000 -0.1045
Y  0.0073  0.9976  0.0694
Z  0.1043 -0.0698  0.9921

PART 76
OFFSET  1.9633 -0.2885  3.9421
X  0.9945 -0.0000 -0.1045
Y  0.0073  0.9976  0.0694
Z  0.1043 -0.0698  0.9921


FRAME 2071
PART 0
OFFSET  0.0000 -0.0000 -0.0000
X  1.0000 -0.0000  0.0000
Y  0.0000  1.0000  0.0000
Z  0.0000 -0.0000  1.0000

PART 1
OFFSET -4.6318 -0.0000 -1.3770
X  1.0000 -0.0000  0.0000
Y  0.0000  1.0000  0.0000
Z  0.0000 -0.0000  1.0000

PART 2
OFFSET -3.4656  6.3408 -6.7968
X  0.7432 -0.1755 -0.6456
Y  0.2816 -0.7932  0.5399
Z -0.6068 -0.5831 -0.5401

PART 3
OFFSET  5.5231  4.2180 -14.6044
X  0.9431 -0.0003  0.3326
Y -0.3258  0.2007  0.9239
Z -0.0670 -0.9797  0.1892

PART 4
OFFSET  13.5444  4.2156 -11.7757
X  0.9431 -0.0003  0.3326
Y -0.1482  0.8949  0.4209
Z -0.2977 -0.4463  0.8439

PART 5
OFFSET  15.2354  5.7999 -12.3712
X  0.9452  0.0011  0.3266
Y  0.0691  0.9767 -0.2034
Z -0.3192  0.2148  0.9230

PART 6
OFFSET  14.8609  3.2480 -12.4603
X  0.9452  0.0011  0.3266
Y  0.0691  0.9767 -0.2034
Z -0.3192  0.2148  0.9230

PART 7
OFFSET  14.9779  5.8766 -10.0660
X  0.9452  0.0011  0.3266
Y  0.0691  0.9767 -0.2034
Z -0.3192  0.2148  0.9230

PART 8
OFFSET  14.7871  4.3335 -9.8287
X  0.9452  0.0011  0.3266
Y  0.0691  0.9767 -0.2034
Z -0.3192  0.2148  0.9230

PART 9
OFFSET  14.5248  3.1016 -10.2324
X  0.9452  0.0011  0.3266
Y  0.0691  0.9767 -0.2034
Z -0.3192  0.2148  0.9230

PART 10
OFFSET  16.4356  4.2147 -10.7561
X  0.8463  0.5327  0.0011
Y -0.4847  0.7690  0.4167
Z  0.2212 -0.3532  0.9090

PART 11
OFFSET  16.4393  5.0515 -9.9802
X  0.6577  0.7086  0.2554
Y -0.7216  0.6900 -0.0560
Z -0.2159 -0.1474  0.9652

PART 12
OFFSET  17.7746  6.6413 -9.3810
X  0.9247  0.3754 -0.0640
Y -0.3490  0.9027  0.2517
Z  0.1523 -0.2103  0.9657

PART 13
OFFSET  19.3052  7.1699 -9.3913
X  0.8031  0.5671  0.1830
Y -0.5880  0.8039  0.0893
Z -0.0965 -0.1794  0.9790

PART 14
OFFSET  20.1593  7.7886 -9.1470
X  0.5336  0.6995 -0.4754
Y -0.2145 -0.4318 -0.8761
Z -0.8181  0.5695 -0.0804

PART 15
OFFSET  17.7153  3.7707 -11.0177
X  0.9978  0.0613 -0.0267
Y  0.0485 -0.3892  0.9199
Z  0.0460 -0.9191 -0.3913

PART 16
OFFSET  19.9564  3.9946 -10.9079
X  0.0703  0.0864  0.9938
Y -0.9956  0.0681  0.0645
Z -0.0621 -0.9939  0.0908

PART 17
OFFSET  20.0559  4.1168 -9.5009
X -0.5777  0.1330  0.8054
Y -0.8156 -0.0531 -0.5762
Z -0.0339 -0.9897  0.1391

PART 18
OFFSET  19.5437  4.2348 -8.7869
X -0.8099  0.1217  0.5738
Y -0.5806 -0.0277 -0.8137
Z -0.0831 -0.9922  0.0931

PART 19
OFFSET  18.7743  4.3504 -8.2418
X  0.9960  0.0678  0.0585
Y  0.0724 -0.2246 -0.9718
Z -0.0528  0.9721 -0.2286

PART 20
OFFSET  17.5485  4.4482 -10.8674
X  0.9555  0.2687 -0.1215
Y  0.2248 -0.3975  0.8896
Z  0.1907 -0.8774 -0.4402

PART 21
OFFSET  20.0855  5.0048 -10.9776
X  0.4205 -0.1516  0.8945
Y -0.8881  0.1326  0.4400
Z -0.1854 -0.9795 -0.0789

PART 22
OFFSET  20.8015  4.7467 -9.4547
X -0.6073  0.0555  0.7925
Y -0.7770  0.1664 -0.6071
Z -0.1655 -0.9845 -0.0579

PART 23
OFFSET  19.9597  4.8236 -8.3564
X -0.8820  0.1161  0.4567
Y -0.4424  0.1302 -0.8873
Z -0.1625 -0.9847 -0.0635

PART 24
OFFSET  19.0032  4.9496 -7.8610
X  0.9673 -0.2180  0.1295
Y  0.1505  0.0823 -0.9852
Z  0.2041  0.9725  0.1124

PART 25
OFFSET  18.3934  6.8887 -9.6038
X  0.9515  0.2543  0.1732
Y  0.0155  0.5225 -0.8525
Z -0.3073  0.8138  0.4932

PART 26
OFFSET  19.2854  7.0018 -10.7753
X  0.9708 -0.1337  0.1994
Y -0.2323 -0.3145  0.9204
Z -0.0604 -0.9398 -0.3363

PART 27
OFFSET  20.9946  6.7665 -10.4243
X  0.3878 -0.4204  0.8203
Y -0.9189 -0.1071  0.3796
Z -0.0717 -0.9010 -0.4279

PART 28
OFFSET  21.4704  6.3101 -9.4012
X -0.3058 -0.2915  0.9064
Y -0.9511  0.1369 -0.2769
Z -0.0433 -0.9467 -0.3191

PART 29
OFFSET  21.1249  5.9808 -8.3774
X  0.9460 -0.2949 -0.1349
Y  0.0103  0.4430 -0.8965
Z  0.3241  0.8466  0.4221

PART 30
OFFSET  19.7606  6.0474 -11.0645
X  0.6757 -0.1862  0.7132
Y -0.7353 -0.1013  0.6702
Z -0.0525 -0.9773 -0.2054

PART 31
OFFSET  21.0807  5.6836 -9.6712
X -0.3664 -0.1741  0.9140
Y -0.9252  0.1719 -0.3382
Z -0.0983 -0.9696 -0.2241

PART 32
OFFSET  20.5455  5.4292 -8.3362
X -0.8648 -0.0204  0.5018
Y -0.4850  0.2932 -0.8239
Z -0.1303 -0.9558 -0.2634

PART 33
OFFSET  19.5655  5.3992 -7.7692
X  0.9812 -0.1105  0.1583
Y  0.1753  0.1656 -0.9705
Z  0.0811  0.9800  0.1818

PART 34
OFFSET  19.3282  4.7063 -9.5925
X  0.1526 -0.9081 -0.3900
Y -0.2212  0.3532 -0.9090
Z  0.9632  0.2249 -0.1470

PART 35
OFFSET  10.8146 -0.9818 -4.8536
X  0.7253  0.6627 -0.1862
Y -0.6809  0.6510 -0.3353
Z -0.1010  0.3701  0.9235

PART 36
OFFSET  10.8146 -0.9818 -4.8536
X  0.7253  0.6627 -0.1862
Y -0.6809  0.6510 -0.3353
Z -0.1010  0.3701  0.9235

PART 37
OFFSET  14.6131  3.2201 -3.5692
X  0.7231  0.6701 -0.1673
Y -0.6809  0.6510 -0.3353
Z -0.1158  0.3564  0.9271

PART 38
OFFSET  17.7546  4.2400 -8.8062
X  0.7253  0.6627 -0.1862
Y -0.6809  0.6510 -0.3353
Z -0.1010  0.3701  0.9235

PART 39
OFFSET  21.5638  8.1082 -8.0276
X  0.4646  0.7408 -0.4851
Y  0.4636 -0.6703 -0.5795
Z -0.7544  0.0443 -0.6549

PART 40
OFFSET  1.6538 -9.9795 -3.7631
X  0.6236  0.7556  0.2006
Y -0.6809  0.6510 -0.3353
Z -0.3840  0.0725  0.9205

PART 41
OFFSET  25.3042  10.1869 -12.5904
X  0.6809 -0.6510  0.3353
Y  0.7253  0.6627 -0.1862
Z -0.1010  0.3701  0.9235

PART 42
OFFSET  13.8312  1.9225 -5.3853
X  0.7253  0.6627 -0.1862
Y -0.6809  0.6510 -0.3353
Z -0.1010  0.3701  0.9235

PART 43
OFFSET  27.8239  15.0694 -8.2770
X  0.7253  0.6627 -0.1862
Y -0.6809  0.6510 -0.3353
Z -0.1010  0.3701  0.9235

PART 44
OFFSET -10.8444 -11.7139 -5.9426
X -0.9645  0.2436 -0.1024
Y -0.1829 -0.3357  0.9241
Z  0.1907  0.9099  0.3683

PART 45
OFFSET  0.8197 -14.6595 -4.7041
X -0.6872 -0.7213  0.0864
Y  0.7240 -0.6701  0.1637
Z -0.0601  0.1750  0.9827

PART 46
OFFSET  6.6645 -8.5244 -5.4391
X -0.6872 -0.7213  0.0864
Y  0.3354 -0.4206 -0.8430
Z  0.6444 -0.5503  0.5310

PART 47
OFFSET  7.2325 -7.2406 -6.8512
X -0.6913 -0.7179  0.0825
Y  0.0516 -0.1629 -0.9853
Z  0.7208 -0.6769  0.1496

PART 48
OFFSET  6.7866 -6.2235 -6.3466
X -0.6913 -0.7179  0.0825
Y  0.0516 -0.1629 -0.9853
Z  0.7208 -0.6769  0.1496

PART 49
OFFSET  6.8762 -6.0104 -4.9977
X -0.6913 -0.7179  0.0825
Y  0.0516 -0.1629 -0.9853
Z  0.7208 -0.6769  0.1496

PART 50
OFFSET  8.7712 -6.3131 -5.7041
X -0.5694 -0.8219 -0.0167
Y  0.4227 -0.2753 -0.8635
Z  0.7051 -0.4987  0.5041

PART 51
OFFSET  8.3299 -5.4730 -5.0703
X  0.1547 -0.9718 -0.1781
Y  0.3607  0.2234 -0.9056
Z  0.9198  0.0759  0.3850

PART 52
OFFSET  7.9089 -3.4025 -4.6171
X -0.4431 -0.7318  0.5178
Y  0.3689 -0.6753 -0.6387
Z  0.8170 -0.0920  0.5692

PART 53
OFFSET  8.5548 -2.2511 -5.5548
X -0.4578 -0.0547  0.8874
Y -0.0094 -0.9978 -0.0663
Z  0.8890 -0.0387  0.4563

PART 54
OFFSET  9.0093 -2.1732 -6.5341
X -0.9110 -0.2211  0.3483
Y -0.4081  0.3596 -0.8392
Z  0.0603 -0.9065 -0.4178

PART 55
OFFSET  9.5631 -5.8115 -6.7164
X -0.5159 -0.7095  0.4801
Y  0.8402 -0.3097  0.4451
Z -0.1671  0.6330  0.7559

PART 56
OFFSET  10.5949 -4.0873 -7.7396
X  0.5914 -0.6912  0.4153
Y  0.7999  0.4382 -0.4099
Z  0.1014  0.5747  0.8121

PART 57
OFFSET  9.7576 -3.1087 -8.3275
X  0.9872  0.0385 -0.1548
Y -0.1142  0.8482 -0.5172
Z  0.1114  0.5283  0.8417

PART 58
OFFSET  8.8823 -3.1429 -8.1902
X  0.4825  0.6820 -0.5497
Y -0.8708  0.4412 -0.2169
Z  0.0946  0.5833  0.8067

PART 59
OFFSET  8.4239 -3.7908 -7.6680
X  0.1639 -0.8829  0.4399
Y -0.9559 -0.0320  0.2919
Z -0.2436 -0.4684 -0.8493

PART 60
OFFSET  9.5059 -5.5175 -6.0685
X -0.5407 -0.7866  0.2981
Y  0.7916 -0.3560  0.4966
Z -0.2845  0.5045  0.8152

PART 61
OFFSET  10.9689 -3.5587 -6.9523
X  0.5485 -0.6546  0.5202
Y  0.8351  0.3985 -0.3791
Z  0.0408  0.6424  0.7653

PART 62
OFFSET  10.0351 -2.4443 -7.8380
X  0.9429  0.2300 -0.2411
Y -0.3297  0.7489 -0.5748
Z  0.0483  0.6215  0.7820

PART 63
OFFSET  8.7283 -2.7631 -7.5039
X  0.3200  0.7346 -0.5983
Y -0.9465  0.2763 -0.1670
Z  0.0426  0.6197  0.7837

PART 64
OFFSET  8.3813 -3.5598 -6.8550
X  0.2806 -0.7292  0.6241
Y -0.9598 -0.2216  0.1726
Z  0.0124 -0.6474 -0.7620

PART 65
OFFSET  6.4220 -9.7684 -4.7733
X -0.4214 -0.8588  0.2915
Y -0.8230  0.2272 -0.5206
Z  0.3808 -0.4592 -0.8025

PART 66
OFFSET  10.9330 -3.0882 -4.8004
X -0.6894 -0.7232  0.0408
Y  0.6655 -0.6101  0.4299
Z -0.2860  0.3236  0.9020

PART 67
OFFSET  12.1468 -1.8149 -4.8723
X  0.3558 -0.8125  0.4618
Y  0.8787  0.4591  0.1308
Z -0.3183  0.3593  0.8773

PART 68
OFFSET  11.6950 -0.8053 -5.3805
X  0.7031 -0.5804  0.4108
Y  0.6558  0.7526 -0.0591
Z -0.2749  0.3110  0.9098

PART 69
OFFSET  10.9008 -0.1498 -5.8445
X -0.8982 -0.4030  0.1756
Y -0.4315  0.7318 -0.5275
Z  0.0841 -0.5495 -0.8312

PART 70
OFFSET  11.2044 -3.3850 -5.8294
X  0.4282 -0.7069  0.5629
Y  0.8932  0.4258 -0.1447
Z -0.1374  0.5648  0.8137

PART 71
OFFSET  10.3678 -2.0040 -6.9290
X  0.9823  0.1846  0.0325
Y -0.1261  0.7789 -0.6144
Z -0.1387  0.5994  0.7884

PART 72
OFFSET  8.9330 -2.2736 -6.9765
X  0.4045  0.7430 -0.5333
Y -0.8984  0.2137 -0.3837
Z -0.1712  0.6343  0.7539

PART 73
OFFSET  8.4755 -3.1194 -6.3781
X  0.2746 -0.7467  0.6058
Y -0.9580 -0.2665  0.1057
Z  0.0826 -0.6094 -0.7885

PART 74
OFFSET  0.0000 -0.0000 -0.0000
X  1.0000 -0.0000  0.0000
Y  0.0000  1.0000  0.0000
Z  0.0000 -0.0000  1.0000

PART 75
OFFSET -0.0000 -0.0000 -0.0000
X  0.9949  0.0000 -0.1011
Y  0.0066  0.9978  0.0653
Z  0.1009 -0.0657  0.9927

PART 76
OFFSET  1.9497 -0.2715  3.9500
X  0.9949  0.0000 -0.1011
Y  0.0066  0.9978  0.0653
Z  0.1009 -0.0657  0.9927


FRAME 2072
PART 0
OFFSET  0.0000 -0.0000 -0.0000
X  1.0000 -0.0000  0.0000
Y  0.0000  1.0000  0.0000
Z  0.0000 -0.0000  1.0000

PART 1
OFFSET -4.6318 -0.0000 -1.3770
X  1.0000 -0.0000  0.0000
Y  0.0000  1.0000  0.0000
Z  0.0000 -0.0000  1.0000

PART 2
OFFSET -3.3592  6.3408 -7.0192
X  0.7717 -0.1425 -0.6198
Y  0.2559 -0.8227  0.5077
Z -0.5822 -0.5504 -0.5984

PART 3
OFFSET  5.9742  4.6180 -14.5147
X  0.9180 -0.0184  0.3961
Y -0.3891  0.1513  0.9087
Z -0.0766 -0.9883  0.1317

PART 4
OFFSET  13.7823  4.4616 -11.1455
X  0.9180 -0.0184  0.3961
Y -0.2103  0.8243  0.5256
Z -0.3362 -0.5658  0.7529

PART 5
OFFSET  15.5050  6.0747 -11.5383
X  0.9205 -0.0166  0.3904
Y  0.0797  0.9861 -0.1459
Z -0.3825  0.1654  0.9090

PART 6
OFFSET  15.1458  3.5313 -11.7886
X  0.9205 -0.0166  0.3904
Y  0.0797  0.9861 -0.1459
Z -0.3825  0.1654  0.9090

PART 7
OFFSET  15.0896  6.0286 -9.2554
X  0.9205 -0.0166  0.3904
Y  0.0797  0.9861 -0.1459
Z -0.3825  0.1654  0.9090

PART 8
OFFSET  14.8880  4.4750 -9.1142
X  0.9205 -0.0166  0.3904
Y  0.0797  0.9861 -0.1459
Z -0.3825  0.1654  0.9090

PART 9
OFFSET  14.6580  3.2665 -9.6000
X  0.9205 -0.0166  0.3904
Y  0.0797  0.9861 -0.1459
Z -0.3825  0.1654  0.9090

PART 10
OFFSET  16.5966  4.4052 -9.9312
X  0.8697  0.4881  0.0732
Y -0.4573  0.7412  0.4914
Z  0.1855 -0.4609  0.8679

PART 11
OFFSET  16.6227  5.1508 -9.0677
X  0.6847  0.6443  0.3407
Y -0.6875  0.7262  0.0082
Z -0.2422 -0.2398  0.9401

PART 12
OFFSET  18.0180  6.6004 -8.2793
X  0.9417  0.3363 -0.0084
Y -0.3133  0.8857  0.3425
Z  0.1226 -0.3199  0.9395

PART 13
OFFSET  19.5707  7.0547 -8.2081
X  0.8209  0.5099  0.2569
Y -0.5572  0.8137  0.1654
Z -0.1247 -0.2790  0.9522

PART 14
OFFSET  20.4433  7.6072 -7.8839
X  0.5713  0.7233 -0.3879
Y -0.2126 -0.3261 -0.9211
Z -0.7927  0.6087 -0.0325

PART 15
OFFSET  17.8597  3.9314 -10.2199
X  0.9999  0.0157 -0.0038
Y  0.0110 -0.4902  0.8715
Z  0.0119 -0.8715 -0.4903

PART 16
OFFSET  20.1059  4.0336 -10.0501
X  0.0517 -0.0262  0.9983
Y -0.9925  0.1096  0.0542
Z -0.1108 -0.9936 -0.0203

PART 17
OFFSET  20.1790  3.9965 -8.6367
X -0.5864  0.0724  0.8068
Y -0.8057  0.0506 -0.5901
Z -0.0836 -0.9961  0.0287

PART 18
OFFSET  19.6592  4.0607 -7.9214
X -0.8139  0.0979  0.5727
Y -0.5658  0.0902 -0.8196
Z -0.1319 -0.9911 -0.0180

PART 19
OFFSET  18.8859  4.1537 -7.3773
X  0.9968  0.0118  0.0791
Y  0.0799 -0.1201 -0.9895
Z -0.0022  0.9927 -0.1207

PART 20
OFFSET  17.7212  4.5957 -9.9985
X  0.9693  0.2340 -0.0760
Y  0.1876 -0.5028  0.8438
Z  0.1593 -0.8321 -0.5313

PART 21
OFFSET  20.2830  5.0381 -10.0060
X  0.3935 -0.2692  0.8790
Y -0.8902  0.1272  0.4375
Z -0.2296 -0.9546 -0.1896

PART 22
OFFSET  20.9530  4.5797 -8.5095
X -0.6197 -0.0023  0.7848
Y -0.7561  0.2699 -0.5963
Z -0.2105 -0.9629 -0.1690

PART 23
OFFSET  20.0941  4.5766 -7.4219
X -0.8836  0.1077  0.4558
Y -0.4199  0.2487 -0.8728
Z -0.2074 -0.9626 -0.1745

PART 24
OFFSET  19.1358  4.6934 -6.9276
X  0.9536 -0.2777  0.1166
Y  0.1717  0.1831 -0.9680
Z  0.2474  0.9431  0.2223

PART 25
OFFSET  18.6511  6.8396 -8.4600
X  0.9584  0.1877  0.2152
Y  0.0575  0.6114 -0.7892
Z -0.2797  0.7687  0.5751

PART 26
OFFSET  19.5717  7.0373 -9.5977
X  0.9588 -0.2025  0.1994
Y -0.2670 -0.4008  0.8764
Z -0.0975 -0.8935 -0.4383

PART 27
OFFSET  21.2597  6.6807 -9.2466
X  0.3474 -0.5261  0.7763
Y -0.9318 -0.1010  0.3486
Z -0.1050 -0.8444 -0.5253

PART 28
OFFSET  21.6884  6.0925 -8.2710
X -0.3425 -0.3720  0.8627
Y -0.9360  0.2147 -0.2791
Z -0.0814 -0.9031 -0.4217

PART 29
OFFSET  21.3015  5.6723 -7.2965
X  0.9335 -0.3267 -0.1475
Y  0.0546  0.5364 -0.8422
Z  0.3543  0.7781  0.5186

PART 30
OFFSET  20.0083  6.0984 -9.9829
X  0.6512 -0.2955  0.6990
Y -0.7531 -0.1384  0.6432
Z -0.0933 -0.9453 -0.3127

PART 31
OFFSET  21.2806  5.5211 -8.6175
X -0.3914 -0.2557  0.8840
Y -0.9098  0.2518 -0.3300
Z -0.1382 -0.9334 -0.3312

PART 32
OFFSET  20.7089  5.1476 -7.3263
X -0.8738 -0.0345  0.4851
Y -0.4560  0.4045 -0.7927
Z -0.1689 -0.9139 -0.3692

PART 33
OFFSET  19.7184  5.1019 -6.7790
X  0.9721 -0.1735  0.1580
Y  0.2003  0.2627 -0.9439
Z  0.1223  0.9492  0.2901

PART 34
OFFSET  19.4838  4.6267 -8.6749
X  0.1187 -0.8662 -0.4854
Y -0.1855  0.4609 -0.8679
Z  0.9754  0.1930 -0.1060

PART 35
OFFSET  10.6195 -1.1296 -4.7276
X  0.7589  0.6434 -0.1005
Y -0.6430  0.7159 -0.2721
Z -0.1032  0.2712  0.9570

PART 36
OFFSET  10.6195 -1.1296 -4.7276
X  0.7589  0.6434 -0.1005
Y -0.6430  0.7159 -0.2721
Z -0.1032  0.2712  0.9570

PART 37
OFFSET  14.5799  2.7185 -2.9276
X  0.7566  0.6488 -0.0809
Y -0.6430  0.7159 -0.2721
Z -0.1186  0.2579  0.9588

PART 38
OFFSET  17.8743  4.1533 -7.9698
X  0.7589  0.6434 -0.1005
Y -0.6430  0.7159 -0.2721
Z -0.1032  0.2712  0.9570

PART 39
OFFSET  21.8406  7.7252 -6.7090
X  0.5084  0.7662 -0.3930
Y  0.4443 -0.6243 -0.6425
Z -0.7377  0.1520 -0.6578

PART 40
OFFSET  1.0327 -9.7412 -4.7814
X  0.6534  0.6982  0.2926
Y -0.6430  0.7159 -0.2721
Z -0.3995 -0.0103  0.9167

PART 41
OFFSET  25.7677  10.1085 -10.9550
X  0.6430 -0.7159  0.2721
Y  0.7589  0.6434 -0.1005
Z -0.1032  0.2712  0.9570

PART 42
OFFSET  13.7773  1.6668 -4.8879
X  0.7589  0.6434 -0.1005
Y -0.6430  0.7159 -0.2721
Z -0.1032  0.2712  0.9570

PART 43
OFFSET  28.4189  14.3623 -6.0899
X  0.7589  0.6434 -0.1005
Y -0.6430  0.7159 -0.2721
Z -0.1032  0.2712  0.9570

PART 44
OFFSET -10.8444 -11.7139 -5.9426
X -0.9606  0.2596 -0.0996
Y -0.1793 -0.3043  0.9355
Z  0.2126  0.9165  0.3389

PART 45
OFFSET  0.7725 -14.8535 -4.7380
X -0.6549 -0.7452  0.1258
Y  0.7543 -0.6345  0.1687
Z -0.0459  0.2053  0.9776

PART 46
OFFSET  6.3429 -8.5156 -5.8078
X -0.6549 -0.7452  0.1258
Y  0.2830 -0.3962 -0.8735
Z  0.7007 -0.5365  0.4703

PART 47
OFFSET  6.8268 -7.2580 -7.2738
X -0.6592 -0.7420  0.1218
Y  0.0367 -0.1936 -0.9804
Z  0.7510 -0.6418  0.1549

PART 48
OFFSET  6.3506 -6.2434 -6.7924
X -0.6592 -0.7420  0.1218
Y  0.0367 -0.1936 -0.9804
Z  0.7510 -0.6418  0.1549

PART 49
OFFSET  6.4606 -5.9817 -5.4536
X -0.6592 -0.7420  0.1218
Y  0.0367 -0.1936 -0.9804
Z  0.7510 -0.6418  0.1549

PART 50
OFFSET  8.3507 -6.2312 -6.1934
X -0.6062 -0.7868 -0.1163
Y  0.4276 -0.1991 -0.8818
Z  0.6706 -0.5843  0.4571

PART 51
OFFSET  7.9355 -5.4453 -5.4778
X  0.1135 -0.9527 -0.2818
Y  0.3895  0.3036 -0.8696
Z  0.9140 -0.0111  0.4055

PART 52
OFFSET  7.6009 -3.4190 -4.8055
X -0.4872 -0.7619  0.4268
Y  0.3507 -0.6183 -0.7034
Z  0.7998 -0.1930  0.5684

PART 53
OFFSET  8.3187 -2.2043 -5.6001
X -0.4784 -0.1294  0.8686
Y -0.0540 -0.9829 -0.1762
Z  0.8765 -0.1312  0.4632

PART 54
OFFSET  8.7968 -2.0417 -6.5576
X -0.9273 -0.2138  0.3073
Y -0.3734  0.4685 -0.8007
Z  0.0272 -0.8572 -0.5143

PART 55
OFFSET  9.1860 -5.6606 -7.1316
X -0.5580 -0.7321  0.3907
Y  0.8155 -0.3967  0.4214
Z -0.1536  0.5537  0.8184

PART 56
OFFSET  10.3174 -3.8863 -7.9418
X  0.5501 -0.7602  0.3457
Y  0.8277  0.4414 -0.3464
Z  0.1107  0.4767  0.8720

PART 57
OFFSET  9.5386 -2.8100 -8.4312
X  0.9909  0.0077 -0.1340
Y -0.0641  0.9043 -0.4222
Z  0.1180  0.4269  0.8966

PART 58
OFFSET  8.6600 -2.8169 -8.3124
X  0.5248  0.7140 -0.4634
Y -0.8448  0.5037 -0.1806
Z  0.1045  0.4862  0.8676

PART 59
OFFSET  8.1614 -3.4952 -7.8722
X  0.1138 -0.9327  0.3423
Y -0.9623 -0.0178  0.2715
Z -0.2471 -0.3603 -0.8995

PART 60
OFFSET  9.1288 -5.4368 -6.4561
X -0.5825 -0.7876  0.2009
Y  0.7638 -0.4459  0.4667
Z -0.2780  0.4253  0.8613

PART 61
OFFSET  10.6988 -3.4657 -7.0952
X  0.5067 -0.7332  0.4534
Y  0.8604  0.3970 -0.3196
Z  0.0544  0.5521  0.8320

PART 62
OFFSET  9.8361 -2.2174 -7.8671
X  0.9573  0.2094 -0.1993
Y -0.2827  0.8224 -0.4938
Z  0.0605  0.5290  0.8464

PART 63
OFFSET  8.5093 -2.5076 -7.5909
X  0.3660  0.7794 -0.5084
Y -0.9290  0.3381 -0.1504
Z  0.0547  0.5274  0.8479

PART 64
OFFSET  8.1124 -3.3529 -7.0394
X  0.2335 -0.8058  0.5442
Y -0.9724 -0.1927  0.1319
Z -0.0014 -0.5599 -0.8285

PART 65
OFFSET  5.8257 -9.6505 -5.6867
X -0.4666 -0.8642  0.1882
Y -0.8006  0.3222 -0.5052
Z  0.3760 -0.3864 -0.8422

PART 66
OFFSET  10.6395 -3.2325 -4.9053
X -0.7227 -0.6893 -0.0501
Y  0.6275 -0.6849  0.3704
Z -0.2896  0.2362  0.9275

PART 67
OFFSET  11.9120 -2.0189 -4.8171
X  0.3082 -0.8743  0.3749
Y  0.8960  0.3992  0.1945
Z -0.3198  0.2759  0.9064

PART 68
OFFSET  11.5179 -0.9392 -5.2178
X  0.6669 -0.6550  0.3553
Y  0.6909  0.7222  0.0346
Z -0.2793  0.2224  0.9341

PART 69
OFFSET  10.7647 -0.1993 -5.6191
X -0.9193 -0.3761  0.1158
Y -0.3861  0.8051 -0.4503
Z  0.0761 -0.4586 -0.8854

PART 70
OFFSET  10.9184 -3.4276 -5.9563
X  0.3833 -0.7841  0.4881
Y  0.9147  0.3956 -0.0828
Z -0.1282  0.4782  0.8688

PART 71
OFFSET  10.1696 -1.8958 -6.9099
X  0.9888  0.1324  0.0681
Y -0.0771  0.8466 -0.5266
Z -0.1274  0.5154  0.8474

PART 72
OFFSET  8.7253 -2.0892 -7.0095
X  0.4494  0.7765 -0.4416
Y -0.8793  0.2974 -0.3719
Z -0.1575  0.5555  0.8165

PART 73
OFFSET  8.2168 -2.9725 -6.5154
X  0.2271 -0.8209  0.5240
Y -0.9713 -0.2301  0.0605
Z  0.0709 -0.5227 -0.8496

PART 74
OFFSET  0.0000 -0.0000 -0.0000
X  1.0000 -0.0000  0.0000
Y  0.0000  1.0000  0.0000
Z  0.0000 -0.0000  1.0000

PART 75
OFFSET -0.0000 -0.0000 -0.0000
X  0.9957 -0.0000 -0.0925
Y  0.0052  0.9984  0.0561
Z  0.0924 -0.0564  0.9941

PART 76
OFFSET  1.9160 -0.2331  3.9689
X  0.9957 -0.0000 -0.0925
Y  0.0052  0.9984  0.0561
Z  0.0924 -0.0564  0.9941


FRAME 2073
PART 0
OFFSET  0.0000 -0.0000 -0.0000
X  1.0000 -0.0000  0.0000
Y  0.0000  1.0000  0.0000
Z  0.0000 -0.0000  1.0000

PART 1
OFFSET -4.6318 -0.0000 -1.3770
X  1.0000 -0.0000  0.0000
Y  0.0000  1.0000  0.0000
Z  0.0000 -0.0000  1.0000

PART 2
OFFSET -3.2087  6.3408 -7.3335
X  0.8119 -0.0929 -0.5764
Y  0.2198 -0.8660  0.4492
Z -0.5409 -0.4913 -0.6827

PART 3
OFFSET  6.6102  5.2171 -14.3040
X  0.8824 -0.0588  0.4668
Y -0.4624  0.0744  0.8835
Z -0.0866 -0.9955  0.0384

PART 4
OFFSET  14.1155  4.7172 -10.3337
X  0.8824 -0.0588  0.4668
Y -0.2794  0.7329  0.6204
Z -0.3786 -0.6778  0.6303

PART 5
OFFSET  15.8638  6.3470 -10.4422
X  0.8854 -0.0565  0.4615
Y  0.0909  0.9945 -0.0525
Z -0.4559  0.0884  0.8856

PART 6
OFFSET  15.5277  3.8374 -10.9416
X  0.8854 -0.0565  0.4615
Y  0.0909  0.9945 -0.0525
Z -0.4559  0.0884  0.8856

PART 7
OFFSET  15.2624  6.1055 -8.2137
X  0.8854 -0.0565  0.4615
Y  0.0909  0.9945 -0.0525
Z -0.4559  0.0884  0.8856

PART 8
OFFSET  15.0508  4.5469 -8.2253
X  0.8854 -0.0565  0.4615
Y  0.0909  0.9945 -0.0525
Z -0.4559  0.0884  0.8856

PART 9
OFFSET  14.8621  3.3867 -8.8317
X  0.8854 -0.0565  0.4615
Y  0.0909  0.9945 -0.0525
Z -0.4559  0.0884  0.8856

PART 10
OFFSET  16.8207  4.5371 -8.9027
X  0.8898  0.4283  0.1578
Y -0.4361  0.6958  0.5707
Z  0.1346 -0.5766  0.8059

PART 11
OFFSET  16.8553  5.1645 -7.9501
X  0.7046  0.5595  0.4365
Y -0.6507  0.7548  0.0828
Z -0.2832 -0.3423  0.8959

PART 12
OFFSET  18.2950  6.4281 -6.9500
X  0.9564  0.2860  0.0585
Y -0.2815  0.8509  0.4436
Z  0.0771 -0.4408  0.8943

PART 13
OFFSET  19.8645  6.7896 -6.7818
X  0.8327  0.4356  0.3419
Y -0.5275  0.8117  0.2506
Z -0.1683 -0.3890  0.9057

PART 14
OFFSET  20.7483  7.2566 -6.3664
X  0.6141  0.7387 -0.2778
Y -0.1951 -0.1989 -0.9604
Z -0.7647  0.6440  0.0220

PART 15
OFFSET  18.0678  4.0379 -9.2173
X  0.9990 -0.0367  0.0244
Y -0.0415 -0.5976  0.8007
Z -0.0148 -0.8010 -0.5985

PART 16
OFFSET  20.3095  3.9989 -8.9772
X  0.0162 -0.1552  0.9878
Y -0.9870  0.1554  0.0406
Z -0.1597 -0.9756 -0.1507

PART 17
OFFSET  20.3324  3.7792 -7.5788
X -0.6064  0.0007  0.7952
Y -0.7837  0.1684 -0.5978
Z -0.1343 -0.9857 -0.1016

PART 18
OFFSET  19.7948  3.7798 -6.8738
X -0.8247  0.0677  0.5615
Y -0.5359  0.2240 -0.8140
Z -0.1809 -0.9722 -0.1485

PART 19
OFFSET  19.0113  3.8441 -6.3403
X  0.9933 -0.0518  0.1030
Y  0.1033  0.0027 -0.9946
Z  0.0513  0.9987  0.0080

PART 20
OFFSET  17.9549  4.6751 -8.9159
X  0.9815  0.1904 -0.0202
Y  0.1354 -0.6152  0.7767
Z  0.1354 -0.7650 -0.6296

PART 21
OFFSET  20.5341  4.9790 -8.7999
X  0.3505 -0.3996  0.8470
Y -0.8966  0.1184  0.4268
Z -0.2708 -0.9090 -0.3168

PART 22
OFFSET  21.1308  4.2986 -7.3578
X -0.6432 -0.0693  0.7626
Y -0.7228  0.3838 -0.5747
Z -0.2528 -0.9208 -0.2969

PART 23
OFFSET  20.2394  4.2026 -6.3010
X -0.8899  0.0948  0.4462
Y -0.3818  0.3803 -0.8423
Z -0.2495 -0.9200 -0.3023

PART 24
OFFSET  19.2743  4.3054 -5.8171
X  0.9350 -0.3402  0.1007
Y  0.2083  0.2965 -0.9321
Z  0.2872  0.8924  0.3480

PART 25
OFFSET  18.9432  6.6531 -7.0782
X  0.9589  0.1081  0.2622
Y  0.1128  0.7029 -0.7023
Z -0.2602  0.7031  0.6618

PART 26
OFFSET  19.9087  6.9450 -8.1569
X  0.9402 -0.2779  0.1971
Y -0.3157 -0.4932  0.8106
Z -0.1280 -0.8244 -0.5514

PART 27
OFFSET  21.5640  6.4558 -7.8099
X  0.2922 -0.6382  0.7122
Y -0.9475 -0.0920  0.3063
Z -0.1300 -0.7643 -0.6316

PART 28
OFFSET  21.9272  5.7263 -6.9057
X -0.3930 -0.4575  0.7977
Y -0.9125  0.3008 -0.2771
Z -0.1131 -0.8368 -0.5357

PART 29
OFFSET  21.4832  5.2096 -6.0047
X  0.9199 -0.3580 -0.1602
Y  0.1136  0.6341 -0.7649
Z  0.3754  0.6854  0.6240

PART 30
OFFSET  20.3111  6.0411 -8.6483
X  0.6130 -0.4159  0.6718
Y -0.7794 -0.1790  0.6004
Z -0.1294 -0.8916 -0.4339

PART 31
OFFSET  21.5086  5.2287 -7.3359
X -0.4299 -0.3456  0.8341
Y -0.8861  0.3386 -0.3164
Z -0.1731 -0.8752 -0.4518

PART 32
OFFSET  20.8807  4.7238 -6.1175
X -0.8883 -0.0512  0.4563
Y -0.4126  0.5252 -0.7443
Z -0.2016 -0.8494 -0.4877

PART 33
OFFSET  19.8734  4.6595 -5.6036
X  0.9576 -0.2419  0.1566
Y  0.2403  0.3703 -0.8973
Z  0.1591  0.8968  0.4128

PART 34
OFFSET  19.6732  4.4447 -7.5543
X  0.0918 -0.8025 -0.5895
Y -0.1346  0.5766 -0.8059
Z  0.9866  0.1533 -0.0551

PART 35
OFFSET  10.4149 -1.2918 -4.6099
X  0.7923  0.6101  0.0027
Y -0.5981  0.7775 -0.1943
Z -0.1206  0.1524  0.9809

PART 36
OFFSET  10.4149 -1.2918 -4.6099
X  0.7923  0.6101  0.0027
Y -0.5981  0.7775 -0.1943
Z -0.1206  0.1524  0.9809

PART 37
OFFSET  14.4986  2.0824 -2.2285
X  0.7897  0.6131  0.0227
Y -0.5981  0.7775 -0.1943
Z -0.1368  0.1399  0.9807

PART 38
OFFSET  18.0205  3.9710 -6.9577
X  0.7923  0.6101  0.0027
Y -0.5981  0.7775 -0.1943
Z -0.1206  0.1524  0.9809

PART 39
OFFSET  22.1140  7.1397 -5.1462
X  0.5577  0.7821 -0.2780
Y  0.4337 -0.5601 -0.7058
Z -0.7077  0.2730 -0.6516

PART 40
OFFSET  0.4249 -9.3097 -6.0180
X  0.6770  0.6199  0.3967
Y -0.5981  0.7775 -0.1943
Z -0.4289 -0.1057  0.8971

PART 41
OFFSET  26.2882  9.8332 -8.9477
X  0.5981 -0.7775  0.1943
Y  0.7923  0.6101  0.0027
Z -0.1206  0.1524  0.9809

PART 42
OFFSET  13.7092  1.3321 -4.3278
X  0.7923  0.6101  0.0027
Y -0.5981  0.7775 -0.1943
Z -0.1206  0.1524  0.9809

PART 43
OFFSET  28.9857  13.2886 -3.5092
X  0.7923  0.6101  0.0027
Y -0.5981  0.7775 -0.1943
Z -0.1206  0.1524  0.9809

PART 44
OFFSET -10.8444 -11.7139 -5.9426
X -0.9602  0.2631 -0.0941
Y -0.1669 -0.2698  0.9483
Z  0.2241  0.9263  0.3030

PART 45
OFFSET  0.7677 -14.8959 -4.8043
X -0.6205 -0.7654  0.1705
Y  0.7836 -0.5971  0.1714
Z -0.0294  0.2400  0.9703

PART 46
OFFSET  6.0454 -8.3856 -6.2548
X -0.6205 -0.7654  0.1705
Y  0.2073 -0.3699 -0.9056
Z  0.7563 -0.5266  0.3882

PART 47
OFFSET  6.4400 -7.1657 -7.7783
X -0.6250 -0.7626  0.1666
Y  0.0197 -0.2288 -0.9733
Z  0.7803 -0.6051  0.1580

PART 48
OFFSET  5.9352 -6.1536 -7.3218
X -0.6250 -0.7626  0.1666
Y  0.0197 -0.2288 -0.9733
Z  0.7803 -0.6051  0.1580

PART 49
OFFSET  6.0685 -5.8374 -5.9969
X -0.6250 -0.7626  0.1666
Y  0.0197 -0.2288 -0.9733
Z  0.7803 -0.6051  0.1580

PART 50
OFFSET  7.9477 -6.0390 -6.7776
X -0.6399 -0.7326 -0.2321
Y  0.4456 -0.1076 -0.8888
Z  0.6261 -0.6721  0.3953

PART 51
OFFSET  7.5485 -5.3297 -5.9779
X  0.0757 -0.9138 -0.3989
Y  0.4318  0.3907 -0.8130
Z  0.8988 -0.1107  0.4242

PART 52
OFFSET  7.2919 -3.3905 -5.0595
X -0.5374 -0.7833  0.3126
Y  0.3426 -0.5414 -0.7678
Z  0.7706 -0.3055  0.5593

PART 53
OFFSET  8.0937 -2.1241 -5.6725
X -0.5120 -0.2134  0.8321
Y -0.0963 -0.9483 -0.3024
Z  0.8536 -0.2350  0.4649

PART 54
OFFSET  8.6099 -1.8665 -6.5884
X -0.9461 -0.2020  0.2533
Y -0.3239  0.5855 -0.7431
Z  0.0018 -0.7851 -0.6194

PART 55
OFFSET  8.8398 -5.3985 -7.6128
X -0.6055 -0.7454  0.2787
Y  0.7811 -0.4894  0.3878
Z -0.1527  0.4525  0.8786

PART 56
OFFSET  10.0823 -3.5977 -8.1587
X  0.5008 -0.8259  0.2592
Y  0.8591  0.4377 -0.2653
Z  0.1057  0.3555  0.9287

PART 57
OFFSET  9.3733 -2.4285 -8.5256
X  0.9939 -0.0275 -0.1063
Y -0.0061  0.9527 -0.3039
Z  0.1097  0.3027  0.9468

PART 58
OFFSET  8.4920 -2.4041 -8.4313
X  0.5738  0.7385 -0.3540
Y -0.8128  0.5664 -0.1360
Z  0.1000  0.3658  0.9253

PART 59
OFFSET  7.9468 -3.1057 -8.0950
X  0.0569 -0.9733  0.2224
Y -0.9703 -0.0014  0.2420
Z -0.2353 -0.2295 -0.9444

PART 60
OFFSET  8.7718 -5.2597 -6.9159
X -0.6266 -0.7750  0.0829
Y  0.7256 -0.5412  0.4250
Z -0.2845  0.3264  0.9014

PART 61
OFFSET  10.4563 -3.3089 -7.2555
X  0.4553 -0.8106  0.3683
Y  0.8887  0.3885 -0.2436
Z  0.0544  0.4382  0.8972

PART 62
OFFSET  9.6810 -1.9288 -7.8824
X  0.9723  0.1823 -0.1460
Y -0.2260  0.8922 -0.3911
Z  0.0589  0.4132  0.9087

PART 63
OFFSET  8.3335 -2.1815 -7.6801
X  0.4200  0.8174 -0.3944
Y -0.9060  0.4030 -0.1296
Z  0.0530  0.4117  0.9098

PART 64
OFFSET  7.8780 -3.0680 -7.2524
X  0.1761 -0.8796  0.4419
Y -0.9844 -0.1564  0.0809
Z -0.0021 -0.4492 -0.8934

PART 65
OFFSET  5.2434 -9.3572 -6.7802
X -0.5141 -0.8554  0.0634
Y -0.7671  0.4255 -0.4801
Z  0.3837 -0.2955 -0.8749

PART 66
OFFSET  10.3377 -3.3531 -5.0561
X -0.7536 -0.6383 -0.1569
Y  0.5810 -0.7585  0.2953
Z -0.3075  0.1313  0.9424

PART 67
OFFSET  11.6645 -2.2292 -4.7797
X  0.2527 -0.9299  0.2672
Y  0.9077  0.3235  0.2673
Z -0.3350  0.1749  0.9258

PART 68
OFFSET  11.3369 -1.0881 -5.0483
X  0.6222 -0.7291  0.2852
Y  0.7239  0.6745  0.1450
Z -0.2981  0.1162  0.9474

PART 69
OFFSET  10.6341 -0.2646 -5.3704
X -0.9399 -0.3389  0.0427
Y -0.3315  0.8750 -0.3528
Z  0.0821 -0.3457 -0.9347

PART 70
OFFSET  10.6405 -3.4274 -6.1159
X  0.3285 -0.8589  0.3930
Y  0.9351  0.3542 -0.0076
Z -0.1327  0.3700  0.9195

PART 71
OFFSET  9.9988 -1.7496 -6.8836
X  0.9914  0.0704  0.1101
Y -0.0185  0.9096 -0.4151
Z -0.1294  0.4095  0.9031

PART 72
OFFSET  8.5507 -1.8524 -7.0444
X  0.5009  0.8016 -0.3263
Y -0.8512  0.3882 -0.3532
Z -0.1564  0.4547  0.8768

PART 73
OFFSET  7.9839 -2.7633 -6.6812
X  0.1696 -0.8917  0.4197
Y -0.9828 -0.1844  0.0053
Z  0.0727 -0.4134 -0.9076

PART 74
OFFSET  0.0000 -0.0000 -0.0000
X  1.0000 -0.0000  0.0000
Y  0.0000  1.0000  0.0000
Z  0.0000 -0.0000  1.0000

PART 75
OFFSET -0.0000 -0.0000 -0.0000
X  0.9968 -0.0000 -0.0798
Y  0.0034  0.9991  0.0428
Z  0.0797 -0.0429  0.9959

PART 76
OFFSET  1.8652 -0.1774  3.9959
X  0.9968 -0.0000 -0.0798
Y  0.0034  0.9991  0.0428
Z  0.0797 -0.0429  0.9959


FRAME 2074
PART 0
OFFSET  0.0000 -0.0000 -0.0000
X  1.0000 -0.0000  0.0000
Y  0.0000  1.0000  0.0000
Z  0.0000 -0.0000  1.0000

PART 1
OFFSET -4.6318 -0.0000 -1.3770
X  1.0000 -0.0000  0.0000
Y  0.0000  1.0000  0.0000
Z  0.0000 -0.0000  1.0000

PART 2
OFFSET -3.0362  6.3408 -7.6939
X  0.8601 -0.0333 -0.5090
Y  0.1806 -0.9133  0.3650
Z -0.4771 -0.4058 -0.7796

PART 3
OFFSET  7.3659  5.9377 -13.8500
X  0.8397 -0.1188  0.5300
Y -0.5360 -0.0235  0.8439
Z -0.0878 -0.9926 -0.0834

PART 4
OFFSET  14.5076  4.9273 -9.3425
X  0.8397 -0.1188  0.5300
Y -0.3470  0.6334  0.6917
Z -0.4178 -0.7647  0.4906

PART 5
OFFSET  16.2558  6.5448 -9.1152
X  0.8431 -0.1160  0.5252
Y  0.0932  0.9932  0.0697
Z -0.5297 -0.0098  0.8481

PART 6
OFFSET  15.9679  4.1115 -9.9256
X  0.8431 -0.1160  0.5252
Y  0.0932  0.9932  0.0697
Z -0.5297 -0.0098  0.8481

PART 7
OFFSET  15.4677  6.0548 -6.9880
X  0.8431 -0.1160  0.5252
Y  0.0932  0.9932  0.0697
Z -0.5297 -0.0098  0.8481

PART 8
OFFSET  15.2606  4.5096 -7.1960
X  0.8431 -0.1160  0.5252
Y  0.0932  0.9932  0.0697
Z -0.5297 -0.0098  0.8481

PART 9
OFFSET  15.1263  3.4278 -7.9451
X  0.8431 -0.1160  0.5252
Y  0.0932  0.9932  0.0697
Z -0.5297 -0.0098  0.8481

PART 10
OFFSET  17.0817  4.5631 -7.7179
