// Export filename: `C:\projects\cod\t5\xanim_export\t5_viewmodels\ak47\ak47_masterkey_mk_d2p_in.XANIM_EXPORT`
// Source filename: `D:\projects\devanim\t5\animation_assets\viewmodels/ak47/ViewModel_AK47_MasterKey_animated.fbx`
// Export time: Wed Jul 07 18:24:08 2010

ANIMATION
VERSION 3

NUMPARTS 77
PART 0 "tag_ads"
PART 1 "tag_torso"
PART 2 "J_Shoulder_LE"
PART 3 "J_Elbow_LE"
PART 4 "J_WristTwist_LE"
PART 5 "J_Sleave_Reshape_Bottom_LE_1"
PART 6 "J_Sleave_Reshape_Bottom_LE_2"
PART 7 "J_Sleave_Reshape_Top_LE_1"
PART 8 "J_Sleave_Reshape_Top_LE_2"
PART 9 "J_Sleave_Reshape_Top_LE_3"
PART 10 "J_Wrist_LE"
PART 11 "J_Thumb_LE_0"
PART 12 "J_Thumb_LE_1"
PART 13 "J_Thumb_LE_2"
PART 14 "J_Thumb_LE_3"
PART 15 "J_PinkyPalm_LE"
PART 16 "J_Pinky_LE_0"
PART 17 "J_Pinky_LE_1"
PART 18 "J_Pinky_LE_2"
PART 19 "J_Pinky_LE_3"
PART 20 "J_RingPalm_LE"
PART 21 "J_Ring_LE_0"
PART 22 "J_Ring_LE_1"
PART 23 "J_Ring_LE_2"
PART 24 "J_Ring_LE_3"
PART 25 "J_Webbing_LE"
PART 26 "J_Index_LE_0"
PART 27 "J_Index_LE_1"
PART 28 "J_Index_LE_2"
PART 29 "J_Index_LE_3"
PART 30 "J_Mid_LE_0"
PART 31 "J_Mid_LE_1"
PART 32 "J_Mid_LE_2"
PART 33 "J_Mid_LE_3"
PART 34 "tag_knife_attach"
PART 35 "tag_weapon"
PART 36 "J_Gun"
PART 37 "J_bolt"
PART 38 "tag_masterkey"
PART 39 "tag_brass2"
PART 40 "tag_ammo2"
PART 41 "tag_pump2"
PART 42 "TAG_CLIP"
PART 43 "TAG_FLASH"
PART 44 "J_Shoulder_RI"
PART 45 "J_Elbow_RI"
PART 46 "J_WristTwist_RI"
PART 47 "J_Sleave_Reshape_Top_RI_3"
PART 48 "J_Sleave_Reshape_Top_RI_2"
PART 49 "J_Sleave_Reshape_Top_RI_1"
PART 50 "J_Wrist_RI"
PART 51 "J_Thumb_RI_0"
PART 52 "J_Thumb_RI_1"
PART 53 "J_Thumb_RI_2"
PART 54 "J_Thumb_RI_3"
PART 55 "J_PinkyPalm_RI"
PART 56 "J_Pinky_RI_0"
PART 57 "J_Pinky_RI_1"
PART 58 "J_Pinky_RI_2"
PART 59 "J_Pinky_RI_3"
PART 60 "J_RingPalm_RI"
PART 61 "J_Ring_RI_0"
PART 62 "J_Ring_RI_1"
PART 63 "J_Ring_RI_2"
PART 64 "J_Ring_RI_3"
PART 65 "J_Webbing_RI"
PART 66 "J_Index_RI_0"
PART 67 "J_Index_RI_1"
PART 68 "J_Index_RI_2"
PART 69 "J_Index_RI_3"
PART 70 "J_Mid_RI_0"
PART 71 "J_Mid_RI_1"
PART 72 "J_Mid_RI_2"
PART 73 "J_Mid_RI_3"
PART 74 "tag_cambone"
PART 75 "tag_camera"
PART 76 "tag_gasmask"

FRAMERATE 30
NUMFRAMES 11

FRAME 1960
PART 0
OFFSET  0.0000 -0.0000 -0.0000
X  1.0000 -0.0000  0.0000
Y  0.0000  1.0000  0.0000
Z  0.0000 -0.0000  1.0000

PART 1
OFFSET -4.6318 -0.0000 -1.3770
X  1.0000 -0.0000  0.0000
Y  0.0000  1.0000  0.0000
Z  0.0000 -0.0000  1.0000

PART 2
OFFSET  1.6160  1.6487 -7.3253
X  0.7582  0.4195 -0.4991
Y -0.0328 -0.7400 -0.6718
Z -0.6512  0.5257 -0.5473

PART 3
OFFSET  10.7858  6.7220 -13.3619
X  0.9318 -0.1889 -0.3100
Y -0.0476 -0.9101  0.4116
Z -0.3599 -0.3687 -0.8570

PART 4
OFFSET  18.7108  5.1150 -15.9988
X  0.9318 -0.1889 -0.3100
Y  0.1590  0.9800 -0.1193
Z  0.3264  0.0619  0.9432

PART 5
OFFSET  20.6890  6.2195 -15.2302
X  0.9330 -0.1826 -0.3102
Y  0.3580  0.3824  0.8518
Z -0.0369 -0.9058  0.4221

PART 6
OFFSET  19.4527  5.7968 -17.4558
X  0.9330 -0.1826 -0.3102
Y  0.3580  0.3824  0.8518
Z -0.0369 -0.9058  0.4221

PART 7
OFFSET  20.9348  3.9523 -14.7992
X  0.9330 -0.1826 -0.3102
Y  0.3580  0.3824  0.8518
Z -0.0369 -0.9058  0.4221

PART 8
OFFSET  20.1850  3.0421 -16.1817
X  0.9330 -0.1826 -0.3102
Y  0.3580  0.3824  0.8518
Z -0.0369 -0.9058  0.4221

PART 9
OFFSET  19.4420  3.1776 -17.2675
X  0.9330 -0.1826 -0.3102
Y  0.3580  0.3824  0.8518
Z -0.0369 -0.9058  0.4221

PART 10
OFFSET  21.5673  4.5357 -16.9493
X  0.8961  0.4066 -0.1779
Y -0.4233  0.9035 -0.0668
Z  0.1335  0.1352  0.9818

PART 11
OFFSET  21.6167  5.6461 -16.6907
X  0.7109  0.7030 -0.0189
Y -0.6564  0.6537 -0.3765
Z -0.2523  0.2800  0.9262

PART 12
OFFSET  23.0713  7.2440 -16.7175
X  0.9346  0.3155 -0.1642
Y -0.3480  0.9063 -0.2396
Z  0.0733  0.2811  0.9569

PART 13
OFFSET  24.6091  7.7306 -16.8612
X  0.7771  0.5892 -0.2211
Y -0.6293  0.7257 -0.2781
Z -0.0034  0.3553  0.9348

PART 14
OFFSET  25.4386  8.3964 -17.0622
X  0.4462  0.3563 -0.8210
Y -0.2578 -0.8273 -0.4991
Z -0.8570  0.4344 -0.2773

PART 15
OFFSET  22.8057  3.9396 -16.8298
X  0.8839 -0.0262  0.4670
Y -0.4312  0.3414  0.8352
Z -0.1813 -0.9395  0.2905

PART 16
OFFSET  24.7652  4.0595 -15.7205
X -0.0171  0.4262  0.9045
Y -0.9998 -0.0011 -0.0184
Z -0.0069 -0.9046  0.4262

PART 17
OFFSET  24.7410  4.6629 -14.4399
X -0.7614  0.2944  0.5775
Y -0.6480 -0.3686 -0.6665
Z  0.0167 -0.8817  0.4715

PART 18
OFFSET  24.0659  4.9239 -13.9279
X -0.9998  0.0198 -0.0041
Y -0.0046 -0.4207 -0.9072
Z -0.0197 -0.9070  0.4208

PART 19
OFFSET  23.1160  4.9428 -13.9318
X  0.7705  0.3801  0.5118
Y  0.6374 -0.4450 -0.6290
Z -0.0114  0.8108 -0.5851

PART 20
OFFSET  22.7029  4.6107 -17.0505
X  0.9836  0.1103 -0.1428
Y  0.1336  0.0870  0.9872
Z  0.1213 -0.9901  0.0708

PART 21
OFFSET  25.2938  4.7734 -16.9113
X  0.3199  0.2644  0.9098
Y -0.9465  0.0472  0.3191
Z  0.0414 -0.9632  0.2654

PART 22
OFFSET  25.8384  5.2236 -15.3624
X -0.7251  0.1574  0.6704
Y -0.6862 -0.2468 -0.6843
Z  0.0578 -0.9562  0.2869

PART 23
OFFSET  24.8335  5.4417 -14.4332
X -0.9980 -0.0579  0.0248
Y -0.0074 -0.2840 -0.9588
Z  0.0626 -0.9571  0.2830

PART 24
OFFSET  23.7511  5.3789 -14.4063
X  0.8250  0.1626  0.5413
Y  0.5633 -0.1581 -0.8110
Z -0.0463  0.9739 -0.2220

PART 25
OFFSET  23.7293  7.2963 -17.0775
X  0.9621  0.2454  0.1186
Y  0.1162  0.0242 -0.9929
Z -0.2466  0.9691 -0.0052

PART 26
OFFSET  24.6902  6.7514 -18.0576
X  0.9984 -0.0561  0.0076
Y -0.0045  0.0555  0.9984
Z -0.0564 -0.9969  0.0552

PART 27
OFFSET  26.4480  6.6526 -18.0442
X  0.7691 -0.0473  0.6374
Y -0.6368  0.0284  0.7705
Z -0.0545 -0.9985 -0.0083

PART 28
OFFSET  27.3863  6.6558 -17.2688
X  0.0084  0.1466  0.9892
Y -0.9997 -0.0196  0.0114
Z  0.0211 -0.9890  0.1464

PART 29
OFFSET  27.3958  6.8214 -16.1516
X  0.9057 -0.3082 -0.2911
Y -0.3097 -0.0121 -0.9507
Z  0.2895  0.9513 -0.1064

PART 30
OFFSET  25.0777  5.7520 -17.7901
X  0.7415  0.0597  0.6682
Y -0.6705  0.0982  0.7353
Z -0.0217 -0.9934  0.1128

PART 31
OFFSET  26.5264  5.8686 -16.4846
X -0.3948  0.1132  0.9117
Y -0.9167  0.0182 -0.3992
Z -0.0618 -0.9934  0.0966

PART 32
OFFSET  25.9497  6.0339 -15.1529
X -0.9734  0.1077  0.2025
Y -0.2067 -0.0298 -0.9779
Z -0.0993 -0.9937  0.0513

PART 33
OFFSET  24.8467  6.1489 -14.9225
X  0.8847 -0.0000  0.4661
Y  0.4596 -0.1660 -0.8725
Z  0.0774  0.9861 -0.1468

PART 34
OFFSET  24.4284  5.3572 -15.8994
X  0.0774 -0.9891  0.1256
Y -0.1335 -0.1352 -0.9818
Z  0.9880  0.0593 -0.1426

PART 35
OFFSET  10.2443 -1.9509 -7.0301
X  0.7570  0.5117 -0.4063
Y -0.6468  0.4986 -0.5771
Z -0.0927  0.6997  0.7084

PART 36
OFFSET  10.2443 -1.9509 -7.0301
X  0.7570  0.5117 -0.4063
Y -0.6468  0.4986 -0.5771
Z -0.0927  0.6997  0.7084

PART 37
OFFSET  14.2205  2.2705 -7.3512
X  0.7550  0.5259 -0.3917
Y -0.6468  0.4986 -0.5771
Z -0.1082  0.6891  0.7166

PART 38
OFFSET  17.4567  1.0798 -12.4936
X  0.7570  0.5117 -0.4063
Y -0.6468  0.4986 -0.5771
Z -0.0927  0.6997  0.7084

PART 39
OFFSET  21.4331  4.7990 -13.1537
X  0.5031  0.4792 -0.7192
Y  0.4377 -0.8588 -0.2661
Z -0.7452 -0.1809 -0.6419

PART 40
OFFSET  0.6667 -9.4769 -2.8233
X  0.6559  0.7498 -0.0873
Y -0.6468  0.4986 -0.5771
Z -0.3892  0.4350  0.8120

PART 41
OFFSET  25.3098  4.8205 -18.0630
X  0.6468 -0.4986  0.5771
Y  0.7570  0.5117 -0.4063
Z -0.0927  0.6997  0.7084

PART 42
OFFSET  13.3971  0.4071 -8.5523
X  0.7570  0.5117 -0.4063
Y -0.6468  0.4986 -0.5771
Z -0.0927  0.6997  0.7084

PART 43
OFFSET  27.8726  9.4382 -16.9742
X  0.7570  0.5117 -0.4063
Y -0.6468  0.4986 -0.5771
Z -0.0927  0.6997  0.7084

PART 44
OFFSET -10.8444 -11.7139 -5.9426
X -0.9335  0.3392 -0.1162
Y -0.2261 -0.3051  0.9251
Z  0.2783  0.8899  0.3615

PART 45
OFFSET  0.4454 -15.8159 -4.5369
X -0.6498 -0.7518  0.1117
Y  0.7582 -0.6311  0.1637
Z -0.0526  0.1911  0.9802

PART 46
OFFSET  5.9725 -9.4213 -5.4867
X -0.6498 -0.7518  0.1117
Y  0.4908 -0.5273 -0.6936
Z  0.5803 -0.3959  0.7117

PART 47
OFFSET  6.4545 -8.1393 -6.9321
X -0.6541 -0.7487  0.1078
Y  0.0434 -0.1794 -0.9828
Z  0.7551 -0.6382  0.1498

PART 48
OFFSET  5.9679 -7.1353 -6.4390
X -0.6541 -0.7487  0.1078
Y  0.0434 -0.1794 -0.9828
Z  0.7551 -0.6382  0.1498

PART 49
OFFSET  6.0689 -6.8918 -5.0961
X -0.6541 -0.7487  0.1078
Y  0.0434 -0.1794 -0.9828
Z  0.7551 -0.6382  0.1498

PART 50
OFFSET  7.9647 -7.1164 -5.8291
X -0.6066 -0.7425  0.2840
Y  0.4179 -0.6017 -0.6807
Z  0.6763 -0.2942  0.6753

PART 51
OFFSET  7.5567 -6.0810 -5.5772
X  0.1113 -0.9710  0.2117
Y  0.3794 -0.1554 -0.9121
Z  0.9185  0.1819  0.3511

PART 52
OFFSET  7.2275 -3.9803 -5.9626
X -0.4816 -0.4593  0.7464
Y  0.3435 -0.8825 -0.3214
Z  0.8063  0.1016  0.5827

PART 53
OFFSET  7.9351 -3.3029 -7.2521
X -0.4685  0.3079  0.8281
Y -0.0549 -0.9457  0.3205
Z  0.8818  0.1047  0.4599

PART 54
OFFSET  8.4023 -3.6245 -8.1740
X -0.9236 -0.0349  0.3819
Y -0.3828  0.0257 -0.9235
Z  0.0224 -0.9991 -0.0371

PART 55
OFFSET  8.7888 -7.0730 -6.9347
X -0.5528 -0.4503  0.7011
Y  0.8206 -0.1478  0.5521
Z -0.1450  0.8806  0.4512

PART 56
OFFSET  9.9092 -5.9148 -8.5121
X  0.5548 -0.5015  0.6639
Y  0.8233  0.2158 -0.5249
Z  0.1199  0.8378  0.5326

PART 57
OFFSET  9.1238 -5.2048 -9.4520
X  0.9894 -0.0624 -0.1313
Y -0.0698  0.5886 -0.8054
Z  0.1275  0.8060  0.5780

PART 58
OFFSET  8.2466 -5.1495 -9.3356
X  0.5188  0.3995 -0.7558
Y -0.8473  0.3579 -0.3925
Z  0.1137  0.8440  0.5242

PART 59
OFFSET  7.7537 -5.5291 -8.6175
X  0.1186 -0.6523  0.7487
Y -0.9592  0.1197  0.2563
Z -0.2568 -0.7485 -0.6114

PART 60
OFFSET  8.7390 -6.5508 -6.4505
X -0.5794 -0.5903  0.5620
Y  0.7695 -0.1688  0.6160
Z -0.2688  0.7893  0.5520

PART 61
OFFSET  10.2996 -5.1397 -7.9774
X  0.5126 -0.4258  0.7457
Y  0.8563  0.1897 -0.4803
Z  0.0631  0.8847  0.4618

PART 62
OFFSET  9.4270 -4.4148 -9.2469
X  0.9548  0.0830 -0.2855
Y -0.2891  0.4833 -0.8263
Z  0.0694  0.8715  0.4855

PART 63
OFFSET  8.1037 -4.5298 -8.8513
X  0.3595  0.4358 -0.8252
Y -0.9310  0.2278 -0.2853
Z  0.0636  0.8708  0.4876

PART 64
OFFSET  7.7138 -5.0024 -7.9564
X  0.2404 -0.4443  0.8630
Y -0.9706 -0.1008  0.2185
Z -0.0101 -0.8902 -0.4555

PART 65
OFFSET  5.4492 -9.8557 -3.7095
X -0.4635 -0.6641  0.5866
Y -0.8065  0.0420 -0.5897
Z  0.3670 -0.7465 -0.5551

PART 66
OFFSET  10.2646 -3.8786 -6.1714
X -0.7225 -0.6247  0.2962
Y  0.6324 -0.4240  0.6483
Z -0.2795  0.6557  0.7014

PART 67
OFFSET  11.5367 -2.7787 -6.6928
X  0.3133 -0.5863  0.7470
Y  0.8977  0.4395 -0.0315
Z -0.3099  0.6804  0.6640

PART 68
OFFSET  11.1370 -2.0246 -7.5607
X  0.6715 -0.4053  0.6203
Y  0.6904  0.6462 -0.3252
Z -0.2690  0.6467  0.7137

PART 69
OFFSET  10.3785 -1.5668 -8.2613
X -0.9175 -0.2695  0.2924
Y -0.3920  0.4897 -0.7788
Z  0.0667 -0.8292 -0.5549

PART 70
OFFSET  10.5319 -4.5578 -7.0007
X  0.3896 -0.4530  0.8019
Y  0.9133  0.3025 -0.2728
Z -0.1190  0.8386  0.5315

PART 71
OFFSET  9.7709 -3.6729 -8.5672
X  0.9894  0.1445 -0.0144
Y -0.0839  0.4879 -0.8689
Z -0.1185  0.8609  0.4948

PART 72
OFFSET  8.3257 -3.8839 -8.5462
X  0.4436  0.4651 -0.7661
Y -0.8838  0.0850 -0.4602
Z -0.1489  0.8812  0.4488

PART 73
OFFSET  7.8237 -4.4168 -7.6820
X  0.2338 -0.4672  0.8526
Y -0.9703 -0.1680  0.1740
Z  0.0619 -0.8680 -0.4927

PART 74
OFFSET  0.0000 -0.0000 -0.0000
X  1.0000 -0.0000  0.0000
Y  0.0000  1.0000  0.0000
Z  0.0000 -0.0000  1.0000

PART 75
OFFSET  0.0000 -0.0000 -0.0000
X  1.0000 -0.0000  0.0000
Y  0.0000  1.0000  0.0000
Z  0.0000 -0.0000  1.0000

PART 76
OFFSET  1.5404 -0.0000  4.1357
X  1.0000 -0.0000  0.0000
Y  0.0000  1.0000  0.0000
Z  0.0000 -0.0000  1.0000


FRAME 1961
PART 0
OFFSET  0.0000 -0.0000 -0.0000
X  1.0000 -0.0000  0.0000
Y  0.0000  1.0000  0.0000
Z  0.0000 -0.0000  1.0000

PART 1
OFFSET -4.6318 -0.0000 -1.3770
X  1.0000 -0.0000  0.0000
Y  0.0000  1.0000  0.0000
Z  0.0000 -0.0000  1.0000

PART 2
OFFSET  1.6509  1.6487 -7.3739
X  0.7457  0.4359 -0.5039
Y -0.0142 -0.7457 -0.6661
Z -0.6661  0.5039 -0.5499

PART 3
OFFSET  10.6699  6.9202 -13.4675
X  0.9347 -0.1956 -0.2968
Y -0.0527 -0.9021  0.4284
Z -0.3515 -0.3848 -0.8535

PART 4
OFFSET  18.6198  5.2566 -15.9919
X  0.9347 -0.1956 -0.2968
Y  0.1670  0.9787 -0.1191
Z  0.3138  0.0618  0.9475

PART 5
OFFSET  20.5912  6.3740 -15.2243
X  0.9359 -0.1892 -0.2971
Y  0.3497  0.3983  0.8480
Z -0.0422 -0.8975  0.4389

PART 6
OFFSET  19.3773  5.9098 -17.4540
X  0.9359 -0.1892 -0.2971
Y  0.3497  0.3983  0.8480
Z -0.0422 -0.8975  0.4389

PART 7
OFFSET  20.8303  4.1153 -14.7476
X  0.9359 -0.1892 -0.2971
Y  0.3497  0.3983  0.8480
Z -0.0422 -0.8975  0.4389

PART 8
OFFSET  20.0933  3.1781 -16.1207
X  0.9359 -0.1892 -0.2971
Y  0.3497  0.3983  0.8480
Z -0.0422 -0.8975  0.4389

PART 9
OFFSET  19.3615  3.2934 -17.2164
X  0.9359 -0.1892 -0.2971
Y  0.3497  0.3983  0.8480
Z -0.0422 -0.8975  0.4389

PART 10
OFFSET  21.4853  4.6569 -16.9018
X  0.8938  0.4116 -0.1779
Y -0.4278  0.9016 -0.0635
Z  0.1343  0.1329  0.9820

PART 11
OFFSET  21.5297  5.7667 -16.6399
X  0.7074  0.7066 -0.0178
Y -0.6602  0.6516 -0.3736
Z -0.2524  0.2760  0.9274

PART 12
OFFSET  22.9763  7.3719 -16.6640
X  0.9328  0.3206 -0.1646
Y -0.3528  0.9053 -0.2364
Z  0.0732  0.2786  0.9576

PART 13
OFFSET  24.5114  7.8666 -16.8084
X  0.7739  0.5937 -0.2204
Y -0.6333  0.7234 -0.2751
Z -0.0038  0.3525  0.9358

PART 14
OFFSET  25.3374  8.5370 -17.0086
X  0.4433  0.3609 -0.8205
Y -0.2545 -0.8270 -0.5013
Z -0.8595  0.4310 -0.2748

PART 15
OFFSET  22.7269  4.0666 -16.7859
X  0.8846 -0.0232  0.4657
Y -0.4317  0.3368  0.8368
Z -0.1763 -0.9413  0.2879

PART 16
OFFSET  24.6873  4.1928 -15.6789
X -0.0179  0.4234  0.9058
Y -0.9998 -0.0059 -0.0170
Z -0.0018 -0.9059  0.4235

PART 17
OFFSET  24.6619  4.7923 -14.3966
X -0.7621  0.2889  0.5795
Y -0.6471 -0.3698 -0.6666
Z  0.0217 -0.8830  0.4688

PART 18
OFFSET  23.9862  5.0485 -13.8828
X -0.9999  0.0149 -0.0026
Y -0.0038 -0.4181 -0.9084
Z -0.0146 -0.9083  0.4181

PART 19
OFFSET  23.0363  5.0626 -13.8853
X  0.7693  0.3824  0.5118
Y  0.6387 -0.4400 -0.6313
Z -0.0162  0.8125 -0.5827

PART 20
OFFSET  22.6204  4.7378 -17.0044
X  0.9828  0.1156 -0.1439
Y  0.1346  0.0847  0.9873
Z  0.1263 -0.9897  0.0677

PART 21
OFFSET  25.2106  4.9130 -16.8683
X  0.3199  0.2633  0.9101
Y -0.9463  0.0416  0.3206
Z  0.0466 -0.9638  0.2625

PART 22
OFFSET  25.7553  5.3612 -15.3189
X -0.7249  0.1518  0.6719
Y -0.6860 -0.2481 -0.6840
Z  0.0629 -0.9568  0.2840

PART 23
OFFSET  24.7506  5.5716 -14.3876
X -0.9977 -0.0629  0.0261
Y -0.0073 -0.2812 -0.9596
Z  0.0677 -0.9576  0.2801

PART 24
OFFSET  23.6686  5.5033 -14.3594
X  0.8249  0.1651  0.5406
Y  0.5629 -0.1529 -0.8123
Z -0.0514  0.9744 -0.2190

PART 25
OFFSET  23.6335  7.4285 -17.0248
X  0.9611  0.2498  0.1179
Y  0.1146  0.0278 -0.9930
Z -0.2513  0.9679 -0.0019

PART 26
OFFSET  24.5956  6.8913 -18.0079
X  0.9987 -0.0512  0.0061
Y -0.0034  0.0525  0.9986
Z -0.0514 -0.9973  0.0523

PART 27
OFFSET  26.3540  6.8012 -17.9973
X  0.7702 -0.0454  0.6361
Y -0.6358  0.0230  0.7715
Z -0.0496 -0.9987 -0.0112

PART 28
OFFSET  27.2933  6.8067 -17.2232
X  0.0091  0.1437  0.9896
Y -0.9996 -0.0246  0.0128
Z  0.0262 -0.9893  0.1434

PART 29
OFFSET  27.3036  6.9690 -16.1055
X  0.9068 -0.3028 -0.2933
Y -0.3110 -0.0108 -0.9503
Z  0.2846  0.9530 -0.1040

PART 30
OFFSET  24.9885  5.8931 -17.7439
X  0.7422  0.0613  0.6674
Y -0.6700  0.0927  0.7366
Z -0.0167 -0.9938  0.1099

PART 31
OFFSET  26.4384  6.0129 -16.4402
X -0.3941  0.1085  0.9126
Y -0.9173  0.0149 -0.3979
Z -0.0568 -0.9940  0.0937

PART 32
OFFSET  25.8628  6.1714 -15.1071
X -0.9736  0.1023  0.2042
Y -0.2080 -0.0279 -0.9777
Z -0.0943 -0.9944  0.0484

PART 33
OFFSET  24.7596  6.2802 -14.8749
X  0.8854  0.0030  0.4649
Y  0.4592 -0.1611 -0.8736
Z  0.0723  0.9869 -0.1440

PART 34
OFFSET  24.3438  5.4894 -15.8535
X  0.0825 -0.9890  0.1226
Y -0.1343 -0.1329 -0.9820
Z  0.9875  0.0646 -0.1438

PART 35
OFFSET  10.2086 -1.9152 -6.9862
X  0.7539  0.5167 -0.4058
Y -0.6501  0.4971 -0.5747
Z -0.0952  0.6971  0.7106

PART 36
OFFSET  10.2086 -1.9152 -6.9862
X  0.7539  0.5167 -0.4058
Y -0.6501  0.4971 -0.5747
Z -0.0952  0.6971  0.7106

PART 37
OFFSET  14.1635  2.3268 -7.3002
X  0.7518  0.5308 -0.3912
Y -0.6501  0.4971 -0.5747
Z -0.1106  0.6864  0.7188

PART 38
OFFSET  17.3982  1.1675 -12.4507
X  0.7539  0.5167 -0.4058
Y -0.6501  0.4971 -0.5747
Z -0.0952  0.6971  0.7106

PART 39
OFFSET  21.3552  4.9082 -13.1053
X  0.4997  0.4839 -0.7184
Y  0.4416 -0.8559 -0.2693
Z -0.7452 -0.1827 -0.6413

PART 40
OFFSET  0.6744 -9.5010 -2.7885
X  0.6521  0.7533 -0.0860
Y -0.6501  0.4971 -0.5747
Z -0.3902  0.4306  0.8138

PART 41
OFFSET  25.2248  4.9635 -18.0199
X  0.6501 -0.4971  0.5747
Y  0.7539  0.5167 -0.4058
Z -0.0952  0.6971  0.7106

PART 42
OFFSET  13.3476  0.4629 -8.5058
X  0.7539  0.5167 -0.4058
Y -0.6501  0.4971 -0.5747
Z -0.0952  0.6971  0.7106

PART 43
OFFSET  27.7663  9.5906 -16.9209
X  0.7539  0.5167 -0.4058
Y -0.6501  0.4971 -0.5747
Z -0.0952  0.6971  0.7106

PART 44
OFFSET -10.8444 -11.7139 -5.9426
X -0.9337  0.3386 -0.1163
Y -0.2268 -0.3078  0.9240
Z  0.2771  0.8892  0.3642

PART 45
OFFSET  0.4478 -15.8087 -4.5355
X -0.6489 -0.7530  0.1091
Y  0.7590 -0.6304  0.1628
Z -0.0539  0.1884  0.9806

PART 46
OFFSET  5.9670 -9.4040 -5.4630
X -0.6489 -0.7530  0.1091
Y  0.4914 -0.5242 -0.6955
Z  0.5809 -0.3977  0.7102

PART 47
OFFSET  6.4486 -8.1176 -6.9046
X -0.6532 -0.7498  0.1051
Y  0.0446 -0.1768 -0.9832
Z  0.7559 -0.6376  0.1489

PART 48
OFFSET  5.9602 -7.1156 -6.4094
X -0.6532 -0.7498  0.1051
Y  0.0446 -0.1768 -0.9832
Z  0.7559 -0.6376  0.1489

PART 49
OFFSET  6.0595 -6.8754 -5.0657
X -0.6532 -0.7498  0.1051
Y  0.0446 -0.1768 -0.9832
Z  0.7559 -0.6376  0.1489

PART 50
OFFSET  7.9563 -7.0955 -5.7974
X -0.6025 -0.7464  0.2826
Y  0.4199 -0.5976 -0.6831
Z  0.6787 -0.2929  0.6735

PART 51
OFFSET  7.5435 -6.0628 -5.5419
X  0.1164 -0.9710  0.2087
Y  0.3789 -0.1508 -0.9131
Z  0.9181  0.1853  0.3503

PART 52
OFFSET  7.2034 -3.9626 -5.9205
X -0.4782 -0.4639  0.7457
Y  0.3474 -0.8798 -0.3245
Z  0.8066  0.1039  0.5819

PART 53
OFFSET  7.9058 -3.2779 -7.2089
X -0.4688  0.3031  0.8297
Y -0.0498 -0.9469  0.3177
Z  0.8819  0.1076  0.4590

PART 54
OFFSET  8.3733 -3.5944 -8.1325
X -0.9228 -0.0406  0.3831
Y -0.3843  0.0266 -0.9228
Z  0.0272 -0.9988 -0.0401

PART 55
OFFSET  8.7786 -7.0446 -6.9041
X -0.5496 -0.4551  0.7006
Y  0.8221 -0.1454  0.5505
Z -0.1487  0.8785  0.4540

PART 56
OFFSET  9.8910 -5.8763 -8.4795
X  0.5582 -0.5007  0.6616
Y  0.8215  0.2215 -0.5254
Z  0.1166  0.8368  0.5350

PART 57
OFFSET  9.1008 -5.1673 -9.4162
X  0.9895 -0.0571 -0.1329
Y -0.0739  0.5907 -0.8035
Z  0.1244  0.8049  0.5803

PART 58
OFFSET  8.2235 -5.1168 -9.2984
X  0.5158  0.4043 -0.7553
Y -0.8496  0.3548 -0.3902
Z  0.1102  0.8430  0.5265

PART 59
OFFSET  7.7335 -5.5009 -8.5808
X  0.1229 -0.6539  0.7465
Y -0.9594  0.1142  0.2580
Z -0.2540 -0.7479 -0.6133

PART 60
OFFSET  8.7269 -6.5242 -6.4182
X -0.5757 -0.5949  0.5610
Y  0.7712 -0.1668  0.6144
Z -0.2719  0.7863  0.5548

PART 61
OFFSET  10.2784 -5.1008 -7.9431
X  0.5157 -0.4254  0.7437
Y  0.8547  0.1953 -0.4810
Z  0.0594  0.8837  0.4644

PART 62
OFFSET  9.4003 -4.3765 -9.2092
X  0.9540  0.0886 -0.2866
Y -0.2926  0.4844 -0.8245
Z  0.0658  0.8704  0.4880

PART 63
OFFSET  8.0782 -4.4992 -8.8120
X  0.3561  0.4400 -0.8244
Y -0.9325  0.2240 -0.2833
Z  0.0600  0.8696  0.4901

PART 64
OFFSET  7.6920 -4.9764 -7.9180
X  0.2438 -0.4457  0.8613
Y -0.9698 -0.1062  0.2196
Z -0.0064 -0.8889 -0.4581

PART 65
OFFSET  5.4574 -9.8535 -3.6825
X -0.4594 -0.6681  0.5853
Y -0.8076  0.0398 -0.5884
Z  0.3698 -0.7430 -0.5578

PART 66
OFFSET  10.2397 -3.8453 -6.1332
X -0.7190 -0.6292  0.2953
Y  0.6354 -0.4228  0.6462
Z -0.2817  0.6522  0.7037

PART 67
OFFSET  11.5056 -2.7376 -6.6532
X  0.3172 -0.5870  0.7448
Y  0.8954  0.4441 -0.0314
Z -0.3123  0.6769  0.6665

PART 68
OFFSET  11.1009 -1.9829 -7.5182
X  0.6744 -0.4038  0.6182
Y  0.6868  0.6505 -0.3243
Z -0.2712  0.6432  0.7160

PART 69
OFFSET  10.3392 -1.5267 -8.2164
X -0.9158 -0.2749  0.2929
Y -0.3955  0.4901 -0.7768
Z  0.0700 -0.8272 -0.5575

PART 70
OFFSET  10.5092 -4.5207 -6.9649
X  0.3929 -0.4534  0.8000
Y  0.9114  0.3078 -0.2732
Z -0.1224  0.8364  0.5342

PART 71
OFFSET  9.7415 -3.6349 -8.5277
X  0.9887  0.1494 -0.0154
Y -0.0875  0.4900 -0.8673
Z -0.1220  0.8588  0.4976

PART 72
OFFSET  8.2975 -3.8531 -8.5053
X  0.4402  0.4696 -0.7653
Y -0.8848  0.0820 -0.4587
Z -0.1527  0.8791  0.4516

PART 73
OFFSET  7.7994 -4.3911 -7.6420
X  0.2373 -0.4686  0.8509
Y -0.9692 -0.1733  0.1749
Z  0.0655 -0.8662 -0.4953

PART 74
OFFSET  0.0000 -0.0000 -0.0000
X  1.0000 -0.0000  0.0000
Y  0.0000  1.0000  0.0000
Z  0.0000 -0.0000  1.0000

PART 75
OFFSET -0.0000 -0.0000 -0.0000
X  1.0000 -0.0000 -0.0030
Y  0.0000  1.0000  0.0021
Z  0.0030 -0.0021  1.0000

PART 76
OFFSET  1.5528 -0.0085  4.1311
X  1.0000 -0.0000 -0.0030
Y  0.0000  1.0000  0.0021
Z  0.0030 -0.0021  1.0000


FRAME 1962
PART 0
OFFSET  0.0000 -0.0000 -0.0000
X  1.0000 -0.0000  0.0000
Y  0.0000  1.0000  0.0000
Z  0.0000 -0.0000  1.0000

PART 1
OFFSET -4.6318 -0.0000 -1.3770
X  1.0000 -0.0000  0.0000
Y  0.0000  1.0000  0.0000
Z  0.0000 -0.0000  1.0000

PART 2
OFFSET  1.7455  1.6487 -7.5058
X  0.7111  0.4751 -0.5183
Y  0.0375 -0.7617 -0.6469
Z -0.7021  0.4406 -0.5595

PART 3
OFFSET  10.3459  7.3943 -13.7735
X  0.9434 -0.2081 -0.2583
Y -0.0639 -0.8782  0.4741
Z -0.3255 -0.4308 -0.8417

PART 4
OFFSET  18.3698  5.6245 -15.9705
X  0.9434 -0.2081 -0.2583
Y  0.1832  0.9761 -0.1174
Z  0.2765  0.0634  0.9589

PART 5
OFFSET  20.3158  6.7876 -15.2058
X  0.9446 -0.2017 -0.2589
Y  0.3238  0.4439  0.8355
Z -0.0536 -0.8731  0.4847

PART 6
OFFSET  19.1690  6.2015 -17.4424
X  0.9446 -0.2017 -0.2589
Y  0.3238  0.4439  0.8355
Z -0.0536 -0.8731  0.4847

PART 7
OFFSET  20.5444  4.5582 -14.6027
X  0.9446 -0.2017 -0.2589
Y  0.3238  0.4439  0.8355
Z -0.0536 -0.8731  0.4847

PART 8
OFFSET  19.8486  3.5433 -15.9468
X  0.9446 -0.2017 -0.2589
Y  0.3238  0.4439  0.8355
Z -0.0536 -0.8731  0.4847

PART 9
OFFSET  19.1494  3.5977 -17.0681
X  0.9446 -0.2017 -0.2589
Y  0.3238  0.4439  0.8355
Z -0.0536 -0.8731  0.4847

PART 10
OFFSET  21.2619  4.9866 -16.7624
X  0.8878  0.4247 -0.1775
Y -0.4396  0.8966 -0.0538
Z  0.1363  0.1258  0.9826

PART 11
OFFSET  21.2930  6.0945 -16.4908
X  0.6982  0.7158 -0.0140
Y -0.6700  0.6463 -0.3653
Z -0.2524  0.2644  0.9308

PART 12
OFFSET  22.7187  7.7183 -16.5057
X  0.9280  0.3340 -0.1652
Y -0.3654  0.9028 -0.2270
Z  0.0733  0.2710  0.9598

PART 13
OFFSET  24.2468  8.2341 -16.6514
X  0.7654  0.6056 -0.2179
Y -0.6436  0.7176 -0.2662
Z -0.0048  0.3440  0.9390

PART 14
OFFSET  25.0633  8.9169 -16.8486
X  0.4355  0.3739 -0.8189
Y -0.2457 -0.8257 -0.5077
Z -0.8660  0.4223 -0.2677

PART 15
OFFSET  22.5114  4.4114 -16.6564
X  0.8866 -0.0160  0.4622
Y -0.4328  0.3237  0.8414
Z -0.1630 -0.9460  0.2801

PART 16
OFFSET  24.4742  4.5530 -15.5555
X -0.0199  0.4150  0.9096
Y -0.9997 -0.0187 -0.0134
Z  0.0115 -0.9096  0.4153

PART 17
OFFSET  24.4460  5.1406 -14.2678
X -0.7635  0.2739  0.5848
Y -0.6448 -0.3722 -0.6676
Z  0.0349 -0.8868  0.4608

PART 18
OFFSET  23.7691  5.3834 -13.7492
X -1.0000  0.0020  0.0012
Y -0.0019 -0.4099 -0.9121
Z -0.0014 -0.9121  0.4099

PART 19
OFFSET  22.8190  5.3854 -13.7481
X  0.7662  0.3877  0.5124
Y  0.6419 -0.4260 -0.6375
Z -0.0289  0.8174 -0.5753

PART 20
OFFSET  22.3955  5.0830 -16.8684
X  0.9807  0.1295 -0.1465
Y  0.1372  0.0776  0.9875
Z  0.1393 -0.9885  0.0584

PART 21
OFFSET  24.9838  5.2904 -16.7404
X  0.3199  0.2593  0.9113
Y -0.9455  0.0265  0.3244
Z  0.0600 -0.9654  0.2536

PART 22
OFFSET  25.5285  5.7318 -15.1889
X -0.7243  0.1364  0.6759
Y -0.6853 -0.2508 -0.6837
Z  0.0763 -0.9584  0.2751

PART 23
OFFSET  24.5247  5.9209 -14.2522
X -0.9967 -0.0760  0.0292
Y -0.0074 -0.2727 -0.9621
Z  0.0811 -0.9591  0.2712

PART 24
OFFSET  23.4438  5.8384 -14.2205
X  0.8248  0.1709  0.5390
Y  0.5617 -0.1383 -0.8157
Z -0.0648  0.9755 -0.2101

PART 25
OFFSET  23.3737  7.7867 -16.8684
X  0.9582  0.2611  0.1166
Y  0.1105  0.0381 -0.9931
Z -0.2638  0.9645  0.0077

PART 26
OFFSET  24.3390  7.2707 -17.8599
X  0.9993 -0.0383  0.0019
Y -0.0003  0.0435  0.9991
Z -0.0384 -0.9983  0.0435

PART 27
OFFSET  26.0983  7.2033 -17.8565
X  0.7732 -0.0411  0.6329
Y -0.6331  0.0078  0.7740
Z -0.0368 -0.9991 -0.0200

PART 28
OFFSET  27.0405  7.2140 -17.0859
X  0.0110  0.1350  0.9908
Y -0.9992 -0.0376  0.0162
Z  0.0395 -0.9901  0.1344

PART 29
OFFSET  27.0530  7.3664 -15.9668
X  0.9095 -0.2885 -0.2994
Y -0.3145 -0.0064 -0.9492
Z  0.2719  0.9575 -0.0965

PART 30
OFFSET  24.7457  6.2754 -17.6063
X  0.7439  0.0649  0.6652
Y -0.6683  0.0774  0.7398
Z -0.0034 -0.9949  0.1010

PART 31
OFFSET  26.1989  6.4023 -16.3068
X -0.3920  0.0953  0.9150
Y -0.9189  0.0066 -0.3944
Z -0.0436 -0.9954  0.0850

PART 32
OFFSET  25.6263  6.5414 -14.9703
X -0.9740  0.0879  0.2086
Y -0.2113 -0.0219 -0.9772
Z -0.0813 -0.9959  0.0399

PART 33
OFFSET  24.5227  6.6339 -14.7331
X  0.8870  0.0103  0.4616
Y  0.4579 -0.1473 -0.8767
Z  0.0590  0.9890 -0.1354

PART 34
OFFSET  24.1134  5.8465 -15.7172
X  0.0957 -0.9889  0.1134
Y -0.1363 -0.1258 -0.9826
Z  0.9860  0.0786 -0.1468

PART 35
OFFSET  10.1086 -1.8189 -6.8648
X  0.7456  0.5300 -0.4040
Y -0.6586  0.4938 -0.5678
Z -0.1014  0.6894  0.7172

PART 36
OFFSET  10.1086 -1.8189 -6.8648
X  0.7456  0.5300 -0.4040
Y -0.6586  0.4938 -0.5678
Z -0.1014  0.6894  0.7172

PART 37
OFFSET  14.0072  2.4764 -7.1552
X  0.7434  0.5439 -0.3892
Y -0.6586  0.4938 -0.5678
Z -0.1167  0.6785  0.7253

PART 38
OFFSET  17.2370  1.4051 -12.3278
X  0.7456  0.5300 -0.4040
Y -0.6586  0.4938 -0.5678
Z -0.1014  0.6894  0.7172

PART 39
OFFSET  21.1430  5.2023 -12.9633
X  0.4907  0.4967 -0.7159
Y  0.4515 -0.8476 -0.2786
Z -0.7452 -0.1865 -0.6402

PART 40
OFFSET  0.6888 -9.5644 -2.7003
X  0.6420  0.7624 -0.0816
Y -0.6586  0.4938 -0.5678
Z -0.3926  0.4183  0.8191

PART 41
OFFSET  24.9929  5.3515 -17.8915
X  0.6586 -0.4938  0.5678
Y  0.7456  0.5300 -0.4040
Z -0.1014  0.6894  0.7172

PART 42
OFFSET  13.2109  0.6130 -8.3745
X  0.7456  0.5300 -0.4040
Y -0.6586  0.4938 -0.5678
Z -0.1014  0.6894  0.7172

PART 43
OFFSET  27.4788  10.0010 -16.7603
X  0.7456  0.5300 -0.4040
Y -0.6586  0.4938 -0.5678
Z -0.1014  0.6894  0.7172

PART 44
OFFSET -10.8444 -11.7139 -5.9426
X -0.9342  0.3372 -0.1167
Y -0.2287 -0.3148  0.9212
Z  0.2739  0.8873  0.3712

PART 45
OFFSET  0.4534 -15.7918 -4.5313
X -0.6459 -0.7565  0.1022
Y  0.7612 -0.6283  0.1604
Z -0.0571  0.1815  0.9817

PART 46
OFFSET  5.9474 -9.3575 -5.4008
X -0.6459 -0.7565  0.1022
Y  0.4927 -0.5154 -0.7011
Z  0.5831 -0.4025  0.7057

PART 47
OFFSET  6.4272 -8.0592 -6.8323
X -0.6503 -0.7533  0.0983
Y  0.0479 -0.1698 -0.9843
Z  0.7582 -0.6354  0.1465

PART 48
OFFSET  5.9332 -7.0626 -6.3315
X -0.6503 -0.7533  0.0983
Y  0.0479 -0.1698 -0.9843
Z  0.7582 -0.6354  0.1465

PART 49
OFFSET  6.0281 -6.8313 -4.9859
X -0.6503 -0.7533  0.0983
Y  0.0479 -0.1698 -0.9843
Z  0.7582 -0.6354  0.1465

PART 50
OFFSET  7.9277 -7.0383 -5.7143
X -0.5918 -0.7566  0.2781
Y  0.4249 -0.5860 -0.6899
Z  0.6850 -0.2901  0.6683

PART 51
OFFSET  7.5026 -6.0133 -5.4480
X  0.1297 -0.9713  0.1995
Y  0.3773 -0.1377 -0.9158
Z  0.9170  0.1940  0.3486

PART 52
OFFSET  7.1340 -3.9144 -5.8065
X -0.4694 -0.4766  0.7433
Y  0.3574 -0.8723 -0.3337
Z  0.8074  0.1091  0.5798

PART 53
OFFSET  7.8227 -3.2092 -7.0913
X -0.4695  0.2896  0.8341
Y -0.0364 -0.9502  0.3094
Z  0.8822  0.1149  0.4567

PART 54
OFFSET  8.2907 -3.5114 -8.0194
X -0.9208 -0.0559  0.3861
Y -0.3881  0.0299 -0.9211
Z  0.0400 -0.9980 -0.0492

PART 55
OFFSET  8.7451 -6.9669 -6.8235
X -0.5410 -0.4684  0.6985
Y  0.8260 -0.1397  0.5461
Z -0.1583  0.8724  0.4625

PART 56
OFFSET  9.8363 -5.7702 -8.3925
X  0.5671 -0.4994  0.6550
Y  0.8166  0.2368 -0.5265
Z  0.1078  0.8334  0.5420

PART 57
OFFSET  9.0335 -5.0633 -9.3198
X  0.9896 -0.0431 -0.1371
Y -0.0845  0.5968 -0.7979
Z  0.1162  0.8012  0.5870

PART 58
OFFSET  8.1561 -5.0251 -9.1983
X  0.5077  0.4177 -0.7535
Y -0.8556  0.3473 -0.3839
Z  0.1014  0.8396  0.5337

PART 59
OFFSET  7.6738 -5.4219 -8.4824
X  0.1341 -0.6589  0.7402
Y -0.9598  0.0995  0.2625
Z -0.2466 -0.7456 -0.6191

PART 60
OFFSET  8.6885 -6.4516 -6.3328
X -0.5658 -0.6072  0.5578
Y  0.7756 -0.1624  0.6100
Z -0.2799  0.7778  0.5628

PART 61
OFFSET  10.2157 -4.9947 -7.8505
X  0.5240 -0.4254  0.7379
Y  0.8503  0.2106 -0.4824
Z  0.0497  0.8802  0.4721

PART 62
OFFSET  9.3236 -4.2705 -9.1068
X  0.9516  0.1034 -0.2893
Y -0.3020  0.4879 -0.8190
Z  0.0564  0.8668  0.4955

PART 63
OFFSET  8.0047 -4.4138 -8.7059
X  0.3473  0.4519 -0.8217
Y -0.9364  0.2145 -0.2778
Z  0.0507  0.8659  0.4977

PART 64
OFFSET  7.6280 -4.9039 -7.8148
X  0.2528 -0.4502  0.8564
Y -0.9675 -0.1207  0.2222
Z  0.0033 -0.8847 -0.4661

PART 65
OFFSET  5.4726 -9.8471 -3.6150
X -0.4485 -0.6792  0.5810
Y -0.8102  0.0346 -0.5851
Z  0.3773 -0.7331 -0.5658

PART 66
OFFSET  10.1677 -3.7560 -6.0293
X -0.7097 -0.6410  0.2923
Y  0.6432 -0.4203  0.6400
Z -0.2874  0.6422  0.7106

PART 67
OFFSET  11.4173 -2.6274 -6.5440
X  0.3276 -0.5895  0.7384
Y  0.8895  0.4558 -0.0307
Z -0.3185  0.6669  0.6737

PART 68
OFFSET  10.9996 -1.8703 -7.4007
X  0.6819 -0.4006  0.6120
Y  0.6771  0.6622 -0.3209
Z -0.2767  0.6332  0.7228

PART 69
OFFSET  10.2295 -1.4178 -8.0920
X -0.9110 -0.2893  0.2938
Y -0.4048  0.4918 -0.7709
Z  0.0785 -0.8212 -0.5652

PART 70
OFFSET  10.4427 -4.4204 -6.8681
X  0.4018 -0.4555  0.7944
Y  0.9063  0.3220 -0.2738
Z -0.1311  0.8300  0.5422

PART 71
OFFSET  9.6578 -3.5306 -8.4200
X  0.9866  0.1623 -0.0177
Y -0.0971  0.4966 -0.8625
Z -0.1312  0.8527  0.5057

PART 72
OFFSET  8.2168 -3.7677 -8.3942
X  0.4312  0.4821 -0.7627
Y -0.8875  0.0746 -0.4547
Z -0.1622  0.8730  0.4600

PART 73
OFFSET  7.7289 -4.3197 -7.5340
X  0.2466 -0.4731  0.8458
Y -0.9662 -0.1874  0.1769
Z  0.0748 -0.8608 -0.5033

PART 74
OFFSET  0.0000 -0.0000 -0.0000
X  1.0000 -0.0000  0.0000
Y  0.0000  1.0000  0.0000
Z  0.0000 -0.0000  1.0000

PART 75
OFFSET -0.0000 -0.0000 -0.0000
X  0.9999  0.0000 -0.0111
Y  0.0001  1.0000  0.0076
Z  0.0111 -0.0076  0.9999

PART 76
OFFSET  1.5862 -0.0316  4.1183
X  0.9999  0.0000 -0.0111
Y  0.0001  1.0000  0.0076
Z  0.0111 -0.0076  0.9999


FRAME 1963
PART 0
OFFSET  0.0000 -0.0000 -0.0000
X  1.0000 -0.0000  0.0000
Y  0.0000  1.0000  0.0000
Z  0.0000 -0.0000  1.0000

PART 1
OFFSET -4.6318 -0.0000 -1.3770
X  1.0000 -0.0000  0.0000
Y  0.0000  1.0000  0.0000
Z  0.0000 -0.0000  1.0000

PART 2
OFFSET  1.8850  1.6487 -7.7001
X  0.6584  0.5195 -0.5446
Y  0.1174 -0.7856 -0.6075
Z -0.7434  0.3361 -0.5782

PART 3
OFFSET  9.8481  7.9318 -14.2861
X  0.9576 -0.2125 -0.1944
Y -0.0756 -0.8368  0.5422
Z -0.2779 -0.5046 -0.8174

PART 4
OFFSET  17.9932  6.1248 -15.9394
X  0.9576 -0.2125 -0.1944
Y  0.1934  0.9747 -0.1124
Z  0.2133  0.0701  0.9745

PART 5
OFFSET  19.8836  7.3806 -15.1819
X  0.9588 -0.2061 -0.1954
Y  0.2763  0.5172  0.8101
Z -0.0659 -0.8307  0.5528

PART 6
OFFSET  18.8564  6.5915 -17.4142
X  0.9588 -0.2061 -0.1954
Y  0.2763  0.5172  0.8101
Z -0.0659 -0.8307  0.5528

PART 7
OFFSET  20.1116  5.2131 -14.3842
X  0.9588 -0.2061 -0.1954
Y  0.2763  0.5172  0.8101
Z -0.0659 -0.8307  0.5528

PART 8
OFFSET  19.4946  4.0724 -15.6730
X  0.9588 -0.2061 -0.1954
Y  0.2763  0.5172  0.8101
Z -0.0659 -0.8307  0.5528

PART 9
OFFSET  18.8509  4.0217 -16.8273
X  0.9588 -0.2061 -0.1954
Y  0.2763  0.5172  0.8101
Z -0.0659 -0.8307  0.5528

PART 10
OFFSET  20.9290  5.4734 -16.5353
X  0.8790  0.4432 -0.1758
Y -0.4559  0.8892 -0.0381
Z  0.1395  0.1137  0.9837

PART 11
OFFSET  20.9417  6.5776 -16.2472
X  0.6851  0.7284 -0.0070
Y -0.6835  0.6395 -0.3520
Z -0.2519  0.2460  0.9360

PART 12
OFFSET  22.3380  8.2269 -16.2455
X  0.9209  0.3531 -0.1651
Y -0.3828  0.8993 -0.2115
Z  0.0738  0.2580  0.9633

PART 13
OFFSET  23.8557  8.7722 -16.3915
X  0.7531  0.6225 -0.2129
Y -0.6578  0.7097 -0.2520
Z -0.0058  0.3299  0.9440

PART 14
OFFSET  24.6587  9.4725 -16.5828
X  0.4241  0.3938 -0.8155
Y -0.2337 -0.8224 -0.5187
Z -0.8750  0.4105 -0.2568

PART 15
OFFSET  22.1892  4.9193 -16.4445
X  0.8893 -0.0068  0.4572
Y -0.4338  0.3033  0.8484
Z -0.1445 -0.9529  0.2668

PART 16
OFFSET  24.1553  5.0799 -15.3521
X -0.0223  0.4011  0.9158
Y -0.9993 -0.0365 -0.0084
Z  0.0301 -0.9153  0.4016

PART 17
OFFSET  24.1237  5.6477 -14.0555
X -0.7650  0.2513  0.5929
Y -0.6418 -0.3738 -0.6696
Z  0.0533 -0.8928  0.4473

PART 18
OFFSET  23.4454  5.8706 -13.5298
X -0.9999 -0.0160  0.0065
Y  0.0004 -0.3963 -0.9181
Z  0.0173 -0.9180  0.3963

PART 19
OFFSET  22.4955  5.8553 -13.5236
X  0.7620  0.3938  0.5141
Y  0.6459 -0.4049 -0.6472
Z -0.0467  0.8252 -0.5629

PART 20
OFFSET  22.0601  5.5919 -16.6458
X  0.9774  0.1494 -0.1497
Y  0.1413  0.0654  0.9878
Z  0.1573 -0.9866  0.0428

PART 21
OFFSET  24.6449  5.8439 -16.5284
X  0.3203  0.2514  0.9133
Y -0.9440  0.0046  0.3298
Z  0.0787 -0.9679  0.2388

PART 22
OFFSET  25.1902  6.2720 -14.9735
X -0.7228  0.1133  0.6817
Y -0.6845 -0.2530 -0.6837
Z  0.0950 -0.9608  0.2604

PART 23
OFFSET  24.1884  6.4289 -14.0287
X -0.9950 -0.0944  0.0333
Y -0.0078 -0.2584 -0.9660
Z  0.0998 -0.9614  0.2564

PART 24
OFFSET  23.1094  6.3265 -13.9925
X  0.8246  0.1777  0.5371
Y  0.5596 -0.1161 -0.8206
Z -0.0835  0.9772 -0.1951

PART 25
OFFSET  22.9896  8.3124 -16.6106
X  0.9540  0.2766  0.1155
Y  0.1043  0.0549 -0.9930
Z -0.2810  0.9594  0.0235

PART 26
OFFSET  23.9585  7.8287 -17.6147
X  0.9998 -0.0203 -0.0039
Y  0.0045  0.0287  0.9996
Z -0.0202 -0.9994  0.0288

PART 27
OFFSET  25.7187  7.7929 -17.6217
X  0.7773 -0.0366  0.6281
Y -0.6289 -0.0151  0.7774
Z -0.0190 -0.9992 -0.0347

PART 28
OFFSET  26.6648  7.8091 -16.8560
X  0.0141  0.1204  0.9926
Y -0.9982 -0.0559  0.0210
Z  0.0580 -0.9912  0.1194

PART 29
OFFSET  26.6808  7.9451 -15.7348
X  0.9128 -0.2675 -0.3085
Y -0.3196  0.0021 -0.9476
Z  0.2541  0.9635 -0.0836

PART 30
OFFSET  24.3844  6.8372 -17.3782
X  0.7463  0.0684  0.6621
Y -0.6655  0.0544  0.7444
Z  0.0150 -0.9962  0.0861

PART 31
OFFSET  25.8423  6.9709 -16.0847
X -0.3885  0.0746  0.9184
Y -0.9211 -0.0041 -0.3893
Z -0.0253 -0.9972  0.0703

PART 32
OFFSET  25.2747  7.0799 -14.7433
X -0.9743  0.0672  0.2151
Y -0.2163 -0.0111 -0.9763
Z -0.0632 -0.9977  0.0254

PART 33
OFFSET  24.1710  7.1489 -14.4988
X  0.8893  0.0194  0.4570
Y  0.4556 -0.1260 -0.8812
Z  0.0405  0.9918 -0.1209

PART 34
OFFSET  23.7705  6.3690 -15.4924
X  0.1141 -0.9886  0.0980
Y -0.1395 -0.1137 -0.9837
Z  0.9836  0.0985 -0.1508

PART 35
OFFSET  9.9549 -1.6783 -6.6815
X  0.7337  0.5493 -0.3999
Y -0.6705  0.4902 -0.5569
Z -0.1098  0.6768  0.7280

PART 36
OFFSET  9.9549 -1.6783 -6.6815
X  0.7337  0.5493 -0.3999
Y -0.6705  0.4902 -0.5569
Z -0.1098  0.6768  0.7280

PART 37
OFFSET  13.7742  2.6904 -6.9284
X  0.7313  0.5630 -0.3850
Y -0.6705  0.4902 -0.5569
Z -0.1248  0.6654  0.7360

PART 38
OFFSET  16.9938  1.7544 -12.1335
X  0.7337  0.5493 -0.3999
Y -0.6705  0.4902 -0.5569
Z -0.1098  0.6768  0.7280

PART 39
OFFSET  20.8274  5.6304 -12.7328
X  0.4777  0.5160 -0.7110
Y  0.4651 -0.8351 -0.2936
Z -0.7453 -0.1904 -0.6390

PART 40
OFFSET  0.6990 -9.6533 -2.5835
X  0.6277  0.7749 -0.0736
Y -0.6705  0.4902 -0.5569
Z -0.3955  0.3989  0.8273

PART 41
OFFSET  24.6465  5.9222 -17.6785
X  0.6705 -0.4902  0.5569
Y  0.7337  0.5493 -0.3999
Z -0.1098  0.6768  0.7280

PART 42
OFFSET  13.0046  0.8313 -8.1711
X  0.7337  0.5493 -0.3999
Y -0.6705  0.4902 -0.5569
Z -0.1098  0.6768  0.7280

PART 43
OFFSET  27.0548  10.5984 -16.4912
X  0.7337  0.5493 -0.3999
Y -0.6705  0.4902 -0.5569
Z -0.1098  0.6768  0.7280

PART 44
OFFSET -10.8444 -11.7139 -5.9426
X -0.9347  0.3355 -0.1173
Y -0.2315 -0.3245  0.9171
Z  0.2696  0.8844  0.3810

PART 45
OFFSET  0.4600 -15.7710 -4.5245
X -0.6408 -0.7621  0.0927
Y  0.7652 -0.6243  0.1570
Z -0.0618  0.1716  0.9832

PART 46
OFFSET  5.9101 -9.2890 -5.3133
X -0.6408 -0.7621  0.0927
Y  0.4940 -0.5018 -0.7101
Z  0.5877 -0.4092  0.6980

PART 47
OFFSET  6.3852 -7.9736 -6.7306
X -0.6451 -0.7589  0.0889
Y  0.0524 -0.1600 -0.9857
Z  0.7623 -0.6312  0.1430

PART 48
OFFSET  5.8823 -6.9855 -6.2219
X -0.6451 -0.7589  0.0889
Y  0.0524 -0.1600 -0.9857
Z  0.7623 -0.6312  0.1430

PART 49
OFFSET  5.9710 -6.7664 -4.8739
X -0.6451 -0.7589  0.0889
Y  0.0524 -0.1600 -0.9857
Z  0.7623 -0.6312  0.1430

PART 50
OFFSET  7.8745 -6.9526 -5.5977
X -0.5766 -0.7712  0.2699
Y  0.4315 -0.5679 -0.7009
Z  0.6938 -0.2876  0.6602

PART 51
OFFSET  7.4325 -5.9396 -5.3138
X  0.1482 -0.9716  0.1843
Y  0.3746 -0.1173 -0.9197
Z  0.9153  0.2053  0.3466

PART 52
OFFSET  7.0244 -3.8426 -5.6389
X -0.4566 -0.4960  0.7386
Y  0.3712 -0.8607 -0.3486
Z  0.8086  0.1150  0.5771

PART 53
OFFSET  7.6931 -3.1060 -6.9167
X -0.4700  0.2686  0.8408
Y -0.0176 -0.9552  0.2953
Z  0.8825  0.1240  0.4537

PART 54
OFFSET  8.1613 -3.3860 -7.8517
X -0.9174 -0.0782  0.3901
Y -0.3937  0.0366 -0.9185
Z  0.0576 -0.9963 -0.0643

PART 55
OFFSET  8.6842 -6.8501 -6.7100
X -0.5286 -0.4884  0.6943
Y  0.8314 -0.1328  0.5396
Z -0.1713  0.8624  0.4763

PART 56
OFFSET  9.7451 -5.6108 -8.2667
X  0.5796 -0.4987  0.6445
Y  0.8093  0.2592 -0.5272
Z  0.0959  0.8271  0.5538

PART 57
OFFSET  8.9245 -4.9047 -9.1791
X  0.9895 -0.0232 -0.1429
Y -0.0996  0.6070 -0.7884
Z  0.1051  0.7944  0.5983

PART 58
OFFSET  8.0473 -4.8841 -9.0524
X  0.4959  0.4379 -0.7499
Y -0.8638  0.3375 -0.3741
Z  0.0893  0.8333  0.5456

PART 59
OFFSET  7.5762 -5.3001 -8.3399
X  0.1501 -0.6673  0.7295
Y -0.9599  0.0783  0.2691
Z -0.2367 -0.7407 -0.6288

PART 60
OFFSET  8.6211 -6.3432 -6.2114
X -0.5517 -0.6255  0.5516
Y  0.7817 -0.1574  0.6034
Z -0.2906  0.7641  0.5759

PART 61
OFFSET  10.1135 -4.8366 -7.7152
X  0.5356 -0.4268  0.7287
Y  0.8437  0.2331 -0.4837
Z  0.0366  0.8738  0.4849

PART 62
OFFSET  9.2016 -4.1100 -8.9558
X  0.9480  0.1248 -0.2927
Y -0.3152  0.4945 -0.8100
Z  0.0436  0.8602  0.5081

PART 63
OFFSET  7.8877 -4.2831 -8.5501
X  0.3346  0.4703 -0.8167
Y -0.9416  0.2017 -0.2696
Z  0.0379  0.8592  0.5103

PART 64
OFFSET  7.5249 -4.7931 -7.6644
X  0.2656 -0.4582  0.8482
Y -0.9639 -0.1414  0.2255
Z  0.0166 -0.8775 -0.4793

PART 65
OFFSET  5.4819 -9.8362 -3.5277
X -0.4330 -0.6957  0.5731
Y -0.8140  0.0287 -0.5802
Z  0.3872 -0.7177 -0.5787

PART 66
OFFSET  10.0534 -3.6262 -5.8755
X -0.6964 -0.6580  0.2864
Y  0.6542 -0.4181  0.6302
Z -0.2949  0.6263  0.7216

PART 67
OFFSET  11.2796 -2.4678 -6.3798
X  0.3422 -0.5944  0.7277
Y  0.8810  0.4722 -0.0286
Z -0.3266  0.6509  0.6853

PART 68
OFFSET  10.8437 -1.7057 -7.2228
X  0.6923 -0.3973  0.6023
Y  0.6633  0.6790 -0.3146
Z -0.2840  0.6173  0.7336

PART 69
OFFSET  10.0617 -1.2569 -7.9032
X -0.9041 -0.3100  0.2942
Y -0.4178  0.4959 -0.7613
Z  0.0901 -0.8112 -0.5778

PART 70
OFFSET  10.3357 -4.2730 -6.7255
X  0.4143 -0.4599  0.7854
Y  0.8988  0.3423 -0.2737
Z -0.1430  0.8193  0.5552

PART 71
OFFSET  9.5263 -3.3746 -8.2598
X  0.9834  0.1803 -0.0205
Y -0.1108  0.5075 -0.8545
Z -0.1436  0.8426  0.5191

PART 72
OFFSET  8.0899 -3.6379 -8.2299
X  0.4183  0.5010 -0.7576
Y -0.8912  0.0654 -0.4488
Z -0.1753  0.8630  0.4739

PART 73
OFFSET  7.6168 -4.2114 -7.3754
X  0.2597 -0.4811  0.8373
Y -0.9617 -0.2074  0.1792
Z  0.0874 -0.8518 -0.5165

PART 74
OFFSET  0.0000 -0.0000 -0.0000
X  1.0000 -0.0000  0.0000
Y  0.0000  1.0000  0.0000
Z  0.0000 -0.0000  1.0000

PART 75
OFFSET -0.0000 -0.0000 -0.0000
X  0.9997 -0.0000 -0.0230
Y  0.0004  0.9999  0.0158
Z  0.0230 -0.0158  0.9996

PART 76
OFFSET  1.6351 -0.0654  4.0987
X  0.9997 -0.0000 -0.0230
Y  0.0004  0.9999  0.0158
Z  0.0230 -0.0158  0.9996


FRAME 1964
PART 0
OFFSET  0.0000 -0.0000 -0.0000
X  1.0000 -0.0000  0.0000
Y  0.0000  1.0000  0.0000
Z  0.0000 -0.0000  1.0000

PART 1
OFFSET -4.6318 -0.0000 -1.3770
X  1.0000 -0.0000  0.0000
Y  0.0000  1.0000  0.0000
Z  0.0000 -0.0000  1.0000

PART 2
OFFSET  2.0544  1.6487 -7.9362
X  0.5936  0.5519 -0.5857
Y  0.2226 -0.8120 -0.5395
Z -0.7734  0.1899 -0.6048

PART 3
OFFSET  9.2333  8.3227 -15.0202
X  0.9753 -0.1950 -0.1040
Y -0.0880 -0.7745  0.6265
Z -0.2027 -0.6018 -0.7725

PART 4
OFFSET  17.5285  6.6646 -15.9051
X  0.9753 -0.1950 -0.1040
Y  0.1845  0.9775 -0.1023
Z  0.1216  0.0806  0.9893

PART 5
OFFSET  19.3195  8.0689 -15.1674
X  0.9763 -0.1888 -0.1057
Y  0.2013  0.6135  0.7636
Z -0.0793 -0.7668  0.6369

PART 6
OFFSET  18.4800  6.9998 -17.3612
X  0.9763 -0.1888 -0.1057
Y  0.2013  0.6135  0.7636
Z -0.0793 -0.7668  0.6369

PART 7
OFFSET  19.5576  6.0128 -14.1176
X  0.9763 -0.1888 -0.1057
Y  0.2013  0.6135  0.7636
Z -0.0793 -0.7668  0.6369

PART 8
OFFSET  19.0686  4.7057 -15.3111
X  0.9763 -0.1888 -0.1057
Y  0.2013  0.6135  0.7636
Z -0.0793 -0.7668  0.6369

PART 9
OFFSET  18.5110  4.5033 -16.4933
X  0.9763 -0.1888 -0.1057
