// Export filename: `C:\projects\cod\t5\xanim_export\t5_viewmodels\ak47\ak47_masterkey_mk_pullout.XANIM_EXPORT`
// Source filename: `D:\projects\devanim\t5\animation_assets\viewmodels/ak47/ViewModel_AK47_MasterKey_animated.fbx`
// Export time: Wed Jul 07 18:24:05 2010

ANIMATION
VERSION 3

NUMPARTS 77
PART 0 "tag_ads"
PART 1 "tag_torso"
PART 2 "J_Shoulder_LE"
PART 3 "J_Elbow_LE"
PART 4 "J_WristTwist_LE"
PART 5 "J_Sleave_Reshape_Bottom_LE_1"
PART 6 "J_Sleave_Reshape_Bottom_LE_2"
PART 7 "J_Sleave_Reshape_Top_LE_1"
PART 8 "J_Sleave_Reshape_Top_LE_2"
PART 9 "J_Sleave_Reshape_Top_LE_3"
PART 10 "J_Wrist_LE"
PART 11 "J_Thumb_LE_0"
PART 12 "J_Thumb_LE_1"
PART 13 "J_Thumb_LE_2"
PART 14 "J_Thumb_LE_3"
PART 15 "J_PinkyPalm_LE"
PART 16 "J_Pinky_LE_0"
PART 17 "J_Pinky_LE_1"
PART 18 "J_Pinky_LE_2"
PART 19 "J_Pinky_LE_3"
PART 20 "J_RingPalm_LE"
PART 21 "J_Ring_LE_0"
PART 22 "J_Ring_LE_1"
PART 23 "J_Ring_LE_2"
PART 24 "J_Ring_LE_3"
PART 25 "J_Webbing_LE"
PART 26 "J_Index_LE_0"
PART 27 "J_Index_LE_1"
PART 28 "J_Index_LE_2"
PART 29 "J_Index_LE_3"
PART 30 "J_Mid_LE_0"
PART 31 "J_Mid_LE_1"
PART 32 "J_Mid_LE_2"
PART 33 "J_Mid_LE_3"
PART 34 "tag_knife_attach"
PART 35 "tag_weapon"
PART 36 "J_Gun"
PART 37 "J_bolt"
PART 38 "tag_masterkey"
PART 39 "tag_brass2"
PART 40 "tag_ammo2"
PART 41 "tag_pump2"
PART 42 "TAG_CLIP"
PART 43 "TAG_FLASH"
PART 44 "J_Shoulder_RI"
PART 45 "J_Elbow_RI"
PART 46 "J_WristTwist_RI"
PART 47 "J_Sleave_Reshape_Top_RI_3"
PART 48 "J_Sleave_Reshape_Top_RI_2"
PART 49 "J_Sleave_Reshape_Top_RI_1"
PART 50 "J_Wrist_RI"
PART 51 "J_Thumb_RI_0"
PART 52 "J_Thumb_RI_1"
PART 53 "J_Thumb_RI_2"
PART 54 "J_Thumb_RI_3"
PART 55 "J_PinkyPalm_RI"
PART 56 "J_Pinky_RI_0"
PART 57 "J_Pinky_RI_1"
PART 58 "J_Pinky_RI_2"
PART 59 "J_Pinky_RI_3"
PART 60 "J_RingPalm_RI"
PART 61 "J_Ring_RI_0"
PART 62 "J_Ring_RI_1"
PART 63 "J_Ring_RI_2"
PART 64 "J_Ring_RI_3"
PART 65 "J_Webbing_RI"
PART 66 "J_Index_RI_0"
PART 67 "J_Index_RI_1"
PART 68 "J_Index_RI_2"
PART 69 "J_Index_RI_3"
PART 70 "J_Mid_RI_0"
PART 71 "J_Mid_RI_1"
PART 72 "J_Mid_RI_2"
PART 73 "J_Mid_RI_3"
PART 74 "tag_cambone"
PART 75 "tag_camera"
PART 76 "tag_gasmask"

FRAMERATE 30
NUMFRAMES 31

FRAME 1830
PART 0
OFFSET  0.0000 -0.0000 -0.0000
X  1.0000 -0.0000  0.0000
Y  0.0000  1.0000  0.0000
Z  0.0000 -0.0000  1.0000

PART 1
OFFSET -4.6318 -0.0000 -1.3770
X  1.0000 -0.0000  0.0000
Y  0.0000  1.0000  0.0000
Z  0.0000 -0.0000  1.0000

PART 2
OFFSET  1.6160  1.6487 -7.3253
X -0.0949  0.1990 -0.9754
Y  0.7643 -0.6133 -0.1994
Z -0.6379 -0.7644 -0.0939

PART 3
OFFSET  0.4689  4.0548 -19.1218
X  0.8829  0.2208  0.4145
Y -0.3318 -0.3315  0.8832
Z  0.3324 -0.9173 -0.2194

PART 4
OFFSET  7.9780  5.9327 -15.5963
X  0.8829  0.2208  0.4145
Y -0.4674  0.3269  0.8214
Z  0.0458 -0.9189  0.3918

PART 5
OFFSET  8.8795  8.1315 -15.3191
X  0.8839  0.2252  0.4098
Y -0.3300  0.9213  0.2055
Z -0.3313 -0.3169  0.8887

PART 6
OFFSET  9.5326  5.9031 -16.4451
X  0.8839  0.2252  0.4098
Y -0.3300  0.9213  0.2055
Z -0.3313 -0.3169  0.8887

PART 7
OFFSET  8.7281  7.1613 -13.2162
X  0.8839  0.2252  0.4098
Y -0.3300  0.9213  0.2055
Z -0.3313 -0.3169  0.8887

PART 8
OFFSET  9.1388  5.3997 -13.3890
X  0.8839  0.2252  0.4098
Y -0.3300  0.9213  0.2055
Z -0.3313 -0.3169  0.8887

PART 9
OFFSET  9.3612  4.4397 -14.2713
X  0.8839  0.2252  0.4098
Y -0.3300  0.9213  0.2055
Z -0.3313 -0.3169  0.8887

PART 10
OFFSET  10.6846  6.6096 -14.3256
X  0.9478  0.3187  0.0059
Y -0.1698  0.4891  0.8555
Z  0.2698 -0.8119  0.5177

PART 11
OFFSET  11.0579  6.8916 -13.2847
X  0.5637  0.1961  0.8024
Y -0.7491  0.5305  0.3967
Z -0.3479 -0.8247  0.4459

PART 12
OFFSET  12.1802  7.3217 -11.4889
X  0.8573  0.2519  0.4491
Y -0.5145  0.3872  0.7651
Z  0.0188 -0.8869  0.4615

PART 13
OFFSET  13.5970  7.6059 -10.7579
X  0.5608  0.4107  0.7189
Y -0.8215  0.3840  0.4215
Z -0.1029 -0.8270  0.5527

PART 14
OFFSET  14.1848  8.0187 -9.9480
X  0.3108  0.9135  0.2625
Y  0.0002  0.2761 -0.9611
Z -0.9505  0.2988  0.0857

PART 15
OFFSET  11.7230  6.1915 -15.1320
X  0.9055 -0.1343 -0.4026
Y  0.1977 -0.7061  0.6800
Z -0.3756 -0.6953 -0.6128

PART 16
OFFSET  13.8364  5.9045 -15.8641
X  0.9720 -0.1052 -0.2100
Y  0.1839 -0.2159  0.9590
Z -0.1462 -0.9707 -0.1905

PART 17
OFFSET  15.2125  5.7556 -16.1615
X  0.9837 -0.0642 -0.1681
Y  0.1485 -0.2376  0.9599
Z -0.1016 -0.9692 -0.2242

PART 18
OFFSET  16.0847  5.6987 -16.3105
X  0.9596 -0.0535 -0.2761
Y  0.2627 -0.1794  0.9480
Z -0.1003 -0.9823 -0.1581

PART 19
OFFSET  16.9964  5.6478 -16.5728
X -0.8844  0.2956 -0.3611
Y -0.4318 -0.2252  0.8734
Z  0.1769  0.9284  0.3268

PART 20
OFFSET  11.7810  6.7000 -14.6345
X  0.9558  0.1482 -0.2540
Y  0.2575 -0.8390  0.4794
Z -0.1420 -0.5236 -0.8400

PART 21
OFFSET  14.2842  6.9512 -15.2894
X  0.9526 -0.0692 -0.2963
Y  0.2151 -0.5355  0.8167
Z -0.2151 -0.8417 -0.4952

PART 22
OFFSET  15.9060  6.8335 -15.7938
X  0.9730 -0.0941 -0.2108
Y  0.1286 -0.5375  0.8334
Z -0.1917 -0.8380 -0.5109

PART 23
OFFSET  17.2545  6.7031 -16.0860
X  0.9802 -0.1767 -0.0899
Y -0.0146 -0.5164  0.8562
Z -0.1977 -0.8379 -0.5088

PART 24
OFFSET  18.3175  6.5114 -16.1834
X -0.8044  0.3986 -0.4405
Y -0.5652 -0.2853  0.7740
Z  0.1828  0.8716  0.4548

PART 25
OFFSET  13.4815  7.9335 -12.6715
X  0.9997 -0.0205 -0.0159
Y  0.0109  0.8880 -0.4598
Z  0.0236  0.4595  0.8879

PART 26
OFFSET  14.1495  8.5221 -13.8497
X  0.9803  0.1706 -0.0995
Y  0.1975 -0.8412  0.5034
Z  0.0022 -0.5132 -0.8583

PART 27
OFFSET  15.8755  8.8225 -14.0248
X  0.9818  0.1294 -0.1394
Y  0.1797 -0.8705  0.4581
Z -0.0621 -0.4748 -0.8779

PART 28
OFFSET  17.0728  9.0086 -14.1409
X  0.9758  0.2133 -0.0491
Y  0.2107 -0.8546  0.4747
Z  0.0593 -0.4735 -0.8788

PART 29
OFFSET  18.1749  9.2495 -14.1963
X -0.4911  0.5688 -0.6597
Y -0.8668 -0.3938  0.3058
Z -0.0858  0.7221  0.6865

PART 30
OFFSET  14.2811  7.8119 -14.6856
X  0.9962 -0.0395 -0.0775
Y  0.0290 -0.6893  0.7239
Z -0.0820 -0.7234 -0.6856

PART 31
OFFSET  16.2272  7.7348 -14.8370
X  0.9879 -0.0223 -0.1535
Y  0.0985 -0.6746  0.7316
Z -0.1199 -0.7378 -0.6642

PART 32
OFFSET  17.6702  7.7022 -15.0613
X  0.9888 -0.0788 -0.1269
Y  0.0479 -0.6370  0.7693
Z -0.1415 -0.7668 -0.6261

PART 33
OFFSET  18.7890  7.6079 -15.2100
X -0.7797  0.5164 -0.3541
Y -0.6087 -0.4927  0.6219
Z  0.1467  0.7004  0.6985

PART 34
OFFSET  13.7570  5.9729 -13.9817
X -0.1778 -0.5704 -0.8019
Y -0.2698  0.8119 -0.5177
Z  0.9464  0.1243 -0.2983

PART 35
OFFSET  3.6621 -9.5588 -7.3993
X  0.7665 -0.5709 -0.2942
Y  0.6422  0.6791  0.3555
Z -0.0032 -0.4614  0.8872

PART 36
OFFSET  3.6621 -9.5588 -7.3993
X  0.7665 -0.5709 -0.2942
Y  0.6422  0.6791  0.3555
Z -0.0032 -0.4614  0.8872

PART 37
OFFSET  7.5368 -13.8638 -6.9672
X  0.7663 -0.5802 -0.2760
Y  0.6422  0.6791  0.3555
Z -0.0188 -0.4497  0.8930

PART 38
OFFSET  10.7450 -13.7127 -12.2606
X  0.7665 -0.5709 -0.2942
Y  0.6422  0.6791  0.3555
Z -0.0032 -0.4614  0.8872

PART 39
OFFSET  14.4950 -17.7140 -12.3378
X  0.9156 -0.1992 -0.3492
Y -0.3555  0.0042 -0.9347
Z  0.1876  0.9800 -0.0670

PART 40
OFFSET -6.1441 -1.5909 -4.8657
X  0.7006 -0.7082  0.0872
Y  0.6422  0.6791  0.3555
Z -0.3110 -0.1931  0.9306

PART 41
OFFSET  18.5103 -18.5421 -17.0624
X -0.6422 -0.6791 -0.3555
Y  0.7665 -0.5709 -0.2942
Z -0.0032 -0.4614  0.8872

PART 42
OFFSET  6.8994 -12.0818 -8.3853
X  0.7665 -0.5709 -0.2942
Y  0.6422  0.6791  0.3555
Z -0.0032 -0.4614  0.8872

PART 43
OFFSET  21.4682 -22.4720 -14.8524
X  0.7665 -0.5709 -0.2942
Y  0.6422  0.6791  0.3555
Z -0.0032 -0.4614  0.8872

PART 44
OFFSET -17.6076 -4.8127 -7.0611
X -0.6336  0.0743  0.7700
Y -0.4947 -0.8042 -0.3294
Z  0.5948 -0.5897  0.5464

PART 45
OFFSET -9.9444 -5.7118 -16.3739
X -0.7553  0.0964 -0.6483
Y  0.6439 -0.0756 -0.7614
Z -0.1224 -0.9925 -0.0049

PART 46
OFFSET -3.5205 -6.5316 -10.8600
X -0.7553  0.0964 -0.6483
Y  0.5963 -0.3096 -0.7407
Z -0.2721 -0.9460  0.1763

PART 47
OFFSET -2.7255 -5.4307 -9.4037
X -0.7587  0.0998 -0.6438
Y  0.1152  0.9932  0.0182
Z  0.6412 -0.0604 -0.7650

PART 48
OFFSET -3.1151 -6.0934 -8.4566
X -0.7587  0.0998 -0.6438
Y  0.1152  0.9932  0.0182
Z  0.6412 -0.0604 -0.7650

PART 49
OFFSET -3.1148 -7.4610 -8.5080
X -0.7587  0.0998 -0.6438
Y  0.1152  0.9932  0.0182
Z  0.6412 -0.0604 -0.7650

PART 50
OFFSET -1.2050 -6.8271 -8.8726
X -0.8219  0.5696 -0.0021
Y  0.1075  0.1514 -0.9826
Z -0.5593 -0.8079 -0.1857

PART 51
OFFSET -0.7094 -6.8977 -7.8471
X -0.8161  0.0730 -0.5733
Y  0.5765  0.1726 -0.7987
Z  0.0406 -0.9823 -0.1830

PART 52
OFFSET  0.9919 -7.0179 -6.5201
X -0.9165  0.1625  0.3654
Y -0.3501  0.1157 -0.9295
Z -0.1934 -0.9799 -0.0492

PART 53
OFFSET  2.4723 -7.1636 -7.1600
X -0.4254 -0.1000  0.8994
Y -0.9000  0.1508 -0.4089
Z -0.0947 -0.9835 -0.1542

PART 54
OFFSET  2.9520 -7.0130 -8.1186
X -0.4387  0.5890  0.6787
Y  0.5870  0.7597 -0.2799
Z -0.6805  0.2756 -0.6790

PART 55
OFFSET -0.2814 -6.9837 -9.8854
X -0.8910  0.2412  0.3848
Y -0.3472 -0.9079 -0.2349
Z  0.2927 -0.3429  0.8926

PART 56
OFFSET  1.8057 -7.4642 -10.5911
X -0.7188 -0.6443 -0.2610
Y  0.6485 -0.4863 -0.5856
Z  0.2504 -0.5902  0.7674

PART 57
OFFSET  2.8234 -6.5520 -10.2215
X  0.2090 -0.7386 -0.6409
Y  0.9577  0.2873 -0.0187
Z  0.1979 -0.6098  0.7674

PART 58
OFFSET  2.6380 -5.8971 -9.6533
X  0.8867 -0.1724 -0.4291
Y  0.3828  0.7943  0.4718
Z  0.2595 -0.5826  0.7702

PART 59
OFFSET  1.7957 -5.7333 -9.2456
X -0.9560 -0.2825 -0.0794
Y -0.2488  0.6369  0.7297
Z -0.1556  0.7173 -0.6792

PART 60
OFFSET -0.2502 -7.3224 -9.2578
X -0.8995  0.3696  0.2328
Y -0.4143 -0.8908 -0.1865
Z  0.1384 -0.2642  0.9545

PART 61
OFFSET  2.0548 -8.2622 -10.0078
X -0.7280 -0.6701 -0.1451
Y  0.6049 -0.5281 -0.5960
Z  0.3228 -0.5216  0.7898

PART 62
OFFSET  3.2942 -7.1213 -9.7608
X  0.4120 -0.6751 -0.6119
Y  0.8610  0.5083  0.0190
Z  0.2982 -0.5347  0.7907

PART 63
OFFSET  2.7231 -6.1857 -8.9127
X  0.9336 -0.0166 -0.3581
Y  0.2032  0.8474  0.4906
Z  0.2953 -0.5307  0.7944

PART 64
OFFSET  1.7107 -6.1677 -8.5244
X -0.8664 -0.4966  0.0522
Y -0.3815  0.7257  0.5725
Z -0.3222  0.4761 -0.8182

PART 65
OFFSET -5.0166 -5.0176 -8.1501
X -0.9497  0.2820  0.1364
Y  0.3001  0.9438  0.1385
Z -0.0897  0.1725 -0.9809

PART 66
OFFSET  1.7087 -9.4609 -8.1921
X -0.7657  0.6271  0.1427
Y -0.6403 -0.7225 -0.2608
Z -0.0604 -0.2911  0.9548

PART 67
OFFSET  3.0569 -10.5651 -8.4435
X -0.8759 -0.4612 -0.1417
Y  0.4820 -0.8500 -0.2127
Z -0.0224 -0.2546  0.9668

PART 68
OFFSET  4.1203 -10.0198 -8.2125
X -0.6014 -0.7464 -0.2849
Y  0.7955 -0.5923 -0.1275
Z -0.0736 -0.3033  0.9501

PART 69
OFFSET  4.7996 -9.1767 -7.8907
X -0.5431  0.6924  0.4750
Y  0.8160  0.5687  0.1040
Z -0.1982  0.4441 -0.8738

PART 70
OFFSET  1.8380 -9.0910 -9.2251
X -0.8061 -0.5880 -0.0664
Y  0.5524 -0.7075 -0.4407
Z  0.2122 -0.3919  0.8952

PART 71
OFFSET  3.4128 -7.9423 -9.0954
X  0.2759 -0.8527 -0.4435
Y  0.9272  0.3577 -0.1109
Z  0.2532 -0.3806  0.8894

PART 72
OFFSET  3.0098 -6.6967 -8.4476
X  0.9279 -0.1232 -0.3520
Y  0.2293  0.9328  0.2779
Z  0.2941 -0.3386  0.8938

PART 73
OFFSET  1.9570 -6.5542 -8.0551
X -0.8767 -0.4797  0.0353
Y -0.3987  0.7657  0.5047
Z -0.2691  0.4284 -0.8626

PART 74
OFFSET  0.0000 -0.0000 -0.0000
X  1.0000 -0.0000  0.0000
Y  0.0000  1.0000  0.0000
Z  0.0000 -0.0000  1.0000

PART 75
OFFSET  0.0000 -0.0000 -0.0000
X  1.0000 -0.0000  0.0000
Y  0.0000  1.0000  0.0000
Z  0.0000 -0.0000  1.0000

PART 76
OFFSET  1.5404 -0.0000  4.1357
X  1.0000 -0.0000  0.0000
Y  0.0000  1.0000  0.0000
Z  0.0000 -0.0000  1.0000


FRAME 1831
PART 0
OFFSET  0.0000 -0.0000 -0.0000
X  1.0000 -0.0000  0.0000
Y  0.0000  1.0000  0.0000
Z  0.0000 -0.0000  1.0000

PART 1
OFFSET -4.6318 -0.0000 -1.3770
X  1.0000 -0.0000  0.0000
Y  0.0000  1.0000  0.0000
Z  0.0000 -0.0000  1.0000

PART 2
OFFSET  1.6160  1.6487 -7.3253
X -0.0953  0.2003 -0.9751
Y  0.7636 -0.6138 -0.2007
Z -0.6387 -0.7637 -0.0944

PART 3
OFFSET  0.4631  4.0708 -19.1180
X  0.8834  0.2194  0.4142
Y -0.3315 -0.3323  0.8830
Z  0.3314 -0.9173 -0.2208

PART 4
OFFSET  7.9765  5.9370 -15.5953
X  0.8834  0.2194  0.4142
Y -0.4666  0.3274  0.8217
Z  0.0447 -0.9191  0.3916

PART 5
OFFSET  8.8803  8.1345 -15.3159
X  0.8844  0.2238  0.4095
Y -0.3290  0.9214  0.2069
Z -0.3310 -0.3177  0.8885

PART 6
OFFSET  9.5305  5.9068 -16.4452
X  0.8844  0.2238  0.4095
Y -0.3290  0.9214  0.2069
Z -0.3310 -0.3177  0.8885

PART 7
OFFSET  8.7294  7.1618 -13.2141
X  0.8844  0.2238  0.4095
Y -0.3290  0.9214  0.2069
Z -0.3310 -0.3177  0.8885

PART 8
OFFSET  9.1383  5.4000 -13.3895
X  0.8844  0.2238  0.4095
Y -0.3290  0.9214  0.2069
Z -0.3310 -0.3177  0.8885

PART 9
OFFSET  9.3591  4.4410 -14.2731
X  0.8844  0.2238  0.4095
Y -0.3290  0.9214  0.2069
Z -0.3310 -0.3177  0.8885

PART 10
OFFSET  10.6846  6.6096 -14.3256
X  0.9478  0.3187  0.0059
Y -0.1698  0.4891  0.8555
Z  0.2698 -0.8119  0.5177

PART 11
OFFSET  11.0579  6.8916 -13.2847
X  0.5660  0.1944  0.8011
Y -0.7474  0.5311  0.3992
Z -0.3479 -0.8247  0.4459

PART 12
OFFSET  12.1854  7.3182 -11.4913
X  0.8603  0.2489  0.4449
Y -0.5094  0.3874  0.7684
Z  0.0188 -0.8877  0.4601

PART 13
OFFSET  13.6067  7.5975 -10.7674
X  0.5683  0.4069  0.7152
Y -0.8165  0.3869  0.4286
Z -0.1023 -0.8275  0.5521

PART 14
OFFSET  14.2027  8.0062 -9.9614
X  0.3169  0.9116  0.2617
Y -0.0061  0.2779 -0.9606
Z -0.9484  0.3028  0.0936

PART 15
OFFSET  11.7230  6.1915 -15.1320
X  0.9055 -0.1343 -0.4026
Y  0.1977 -0.7061  0.6800
Z -0.3756 -0.6953 -0.6128

PART 16
OFFSET  13.8364  5.9045 -15.8641
X  0.9727 -0.1060 -0.2063
Y  0.1801 -0.2155  0.9598
Z -0.1462 -0.9707 -0.1905

PART 17
OFFSET  15.2135  5.7544 -16.1562
X  0.9848 -0.0659 -0.1606
Y  0.1409 -0.2369  0.9613
Z -0.1014 -0.9693 -0.2240

PART 18
OFFSET  16.0867  5.6959 -16.2986
X  0.9626 -0.0560 -0.2652
Y  0.2516 -0.1787  0.9512
Z -0.1007 -0.9823 -0.1579

PART 19
OFFSET  17.0012  5.6427 -16.5505
X -0.8796  0.2971 -0.3715
Y -0.4422 -0.2230  0.8688
Z  0.1753  0.9284  0.3275

PART 20
OFFSET  11.7810  6.7000 -14.6345
X  0.9558  0.1482 -0.2540
Y  0.2575 -0.8390  0.4794
Z -0.1420 -0.5236 -0.8400

PART 21
OFFSET  14.2842  6.9512 -15.2894
X  0.9534 -0.0712 -0.2931
Y  0.2115 -0.5352  0.8178
Z -0.2151 -0.8417 -0.4952

PART 22
OFFSET  15.9074  6.8299 -15.7885
X  0.9740 -0.0982 -0.2043
Y  0.1211 -0.5367  0.8350
Z -0.1916 -0.8380 -0.5108

PART 23
OFFSET  17.2573  6.6939 -16.0716
X  0.9799 -0.1826 -0.0799
Y -0.0260 -0.5143  0.8572
Z -0.1977 -0.8379 -0.5087

PART 24
OFFSET  18.3200  6.4958 -16.1583
X -0.7978  0.4022 -0.4492
Y -0.5744 -0.2802  0.7691
Z  0.1835  0.8716  0.4546

PART 25
OFFSET  13.4815  7.9335 -12.6715
X  0.9997 -0.0205 -0.0159
Y  0.0109  0.8880 -0.4598
Z  0.0236  0.4595  0.8879

PART 26
OFFSET  14.1495  8.5221 -13.8497
X  0.9811  0.1673 -0.0975
Y  0.1937 -0.8418  0.5038
Z  0.0022 -0.5132 -0.8583

PART 27
OFFSET  15.8768  8.8168 -14.0214
X  0.9831  0.1227 -0.1357
Y  0.1721 -0.8717  0.4588
Z -0.0619 -0.4744 -0.8781

PART 28
OFFSET  17.0758  8.9948 -14.1329
X  0.9781  0.2034 -0.0435
Y  0.1993 -0.8567  0.4757
Z  0.0595 -0.4739 -0.8785

PART 29
OFFSET  18.1806  9.2246 -14.1821
X -0.4816  0.5739 -0.6623
Y -0.8725 -0.3850  0.3009
Z -0.0823  0.7228  0.6861

PART 30
OFFSET  14.2811  7.8119 -14.6856
X  0.9963 -0.0422 -0.0747
Y  0.0252 -0.6892  0.7242
Z -0.0820 -0.7234 -0.6856

PART 31
OFFSET  16.2274  7.7296 -14.8316
X  0.9886 -0.0276 -0.1480
Y  0.0908 -0.6745  0.7326
Z -0.1200 -0.7377 -0.6643

PART 32
OFFSET  17.6714  7.6893 -15.0477
X  0.9892 -0.0866 -0.1183
Y  0.0364 -0.6363  0.7706
Z -0.1420 -0.7665 -0.6263

PART 33
OFFSET  18.7907  7.5862 -15.1866
X -0.7727  0.5218 -0.3614
Y -0.6177 -0.4872  0.6173
Z  0.1460  0.7002  0.6988

PART 34
OFFSET  13.7570  5.9729 -13.9817
X -0.1778 -0.5704 -0.8019
Y -0.2698  0.8119 -0.5177
Z  0.9464  0.1243 -0.2983

PART 35
OFFSET  3.7146 -9.5602 -7.3719
X  0.7616 -0.5704 -0.3077
Y  0.6476  0.6885  0.3265
Z  0.0257 -0.4479  0.8937

PART 36
OFFSET  3.7146 -9.5602 -7.3719
X  0.7616 -0.5704 -0.3077
Y  0.6476  0.6885  0.3265
Z  0.0257 -0.4479  0.8937

PART 37
OFFSET  7.6295 -13.8334 -6.9882
X  0.7619 -0.5794 -0.2894
Y  0.6476  0.6885  0.3265
Z  0.0101 -0.4362  0.8998

PART 38
OFFSET  10.6817 -13.7422 -12.3744
X  0.7616 -0.5704 -0.3077
Y  0.6476  0.6885  0.3265
Z  0.0257 -0.4479  0.8937

PART 39
OFFSET  14.4552 -17.7202 -12.5006
X  0.9065 -0.1986 -0.3727
Y -0.3825 -0.0123 -0.9239
Z  0.1789  0.9800 -0.0871

PART 40
OFFSET -6.0682 -1.6176 -4.6737
X  0.7077 -0.7023  0.0774
Y  0.6476  0.6885  0.3265
Z -0.2826 -0.1809  0.9420

PART 41
OFFSET  18.3373 -18.5943 -17.3272
X -0.6476 -0.6885 -0.3265
Y  0.7616 -0.5704 -0.3077
Z  0.0257 -0.4479  0.8937

PART 42
OFFSET  6.9390 -12.0772 -8.4137
X  0.7616 -0.5704 -0.3077
Y  0.6476  0.6885  0.3265
Z  0.0257 -0.4479  0.8937

PART 43
OFFSET  21.3848 -22.4711 -15.1454
X  0.7616 -0.5704 -0.3077
Y  0.6476  0.6885  0.3265
Z  0.0257 -0.4479  0.8937

PART 44
OFFSET -17.6076 -4.8127 -7.0611
X -0.6391  0.0740  0.7656
Y -0.4953 -0.8011 -0.3361
Z  0.5884 -0.5940  0.5486

PART 45
OFFSET -9.8785 -5.7075 -16.3198
X -0.7490  0.1015 -0.6547
Y  0.6504 -0.0755 -0.7558
Z -0.1262 -0.9920 -0.0095

PART 46
OFFSET -3.5080 -6.5711 -10.7509
X -0.7490  0.1015 -0.6547
Y  0.5950 -0.3316 -0.7321
Z -0.2914 -0.9380  0.1879

PART 47
OFFSET -2.7220 -5.4783 -9.2837
X -0.7524  0.1050 -0.6502
Y  0.1189  0.9927  0.0227
Z  0.6478 -0.0602 -0.7594

PART 48
OFFSET -3.1226 -6.1427 -8.3425
X -0.7524  0.1050 -0.6502
Y  0.1189  0.9927  0.0227
Z  0.6478 -0.0602 -0.7594

PART 49
OFFSET -3.1271 -7.5101 -8.3986
X -0.7524  0.1050 -0.6502
Y  0.1189  0.9927  0.0227
Z  0.6478 -0.0602 -0.7594

PART 50
OFFSET -1.2117 -6.8824 -8.7437
X -0.8255  0.5642  0.0132
Y  0.0779  0.1372 -0.9875
Z -0.5590 -0.8142 -0.1572

PART 51
OFFSET -0.6861 -6.9343 -7.7322
X -0.8329  0.0591 -0.5503
Y  0.5519  0.1642 -0.8176
Z  0.0420 -0.9847 -0.1693

PART 52
OFFSET  1.0537 -7.0234 -6.4536
X -0.9067  0.1622  0.3895
Y -0.3777  0.0994 -0.9206
Z -0.1880 -0.9817 -0.0288

PART 53
OFFSET  2.5159 -7.1694 -7.1340
X -0.3985 -0.0891  0.9128
Y -0.9125  0.1388 -0.3848
Z -0.0925 -0.9863 -0.1366

PART 54
OFFSET  2.9666 -7.0303 -8.1083
X -0.4228  0.5964  0.6823
Y  0.5734  0.7591 -0.3082
Z -0.7017  0.2609 -0.6629

PART 55
OFFSET -0.3168 -7.0484 -9.7805
X -0.8810  0.2413  0.4069
Y -0.3477 -0.9136 -0.2111
Z  0.3208 -0.3274  0.8888

PART 56
OFFSET  1.7521 -7.5262 -10.5393
X -0.7217 -0.6528 -0.2303
Y  0.6346 -0.4910 -0.5969
Z  0.2765 -0.5769  0.7686

PART 57
OFFSET  2.7739 -6.6021 -10.2132
X  0.1954 -0.7469 -0.6355
Y  0.9547  0.2931 -0.0509
Z  0.2243 -0.5968  0.7704

PART 58
OFFSET  2.6006 -5.9398 -9.6497
X  0.8750 -0.1732 -0.4521
Y  0.3909  0.8038  0.4485
Z  0.2857 -0.5692  0.7710

PART 59
OFFSET  1.7693 -5.7753 -9.2202
X -0.9559 -0.2898 -0.0473
Y -0.2319  0.6463  0.7270
Z -0.1801  0.7059 -0.6850

PART 60
OFFSET -0.2651 -7.3774 -9.1491
X -0.8949  0.3674  0.2533
Y -0.4135 -0.8962 -0.1610
Z  0.1678 -0.2488  0.9539

PART 61
OFFSET  2.0235 -8.3137 -9.9517
X -0.7273 -0.6769 -0.1138
Y  0.5909 -0.5332 -0.6053
Z  0.3491 -0.5075  0.7878

PART 62
OFFSET  3.2617 -7.1614 -9.7580
X  0.3987 -0.6817 -0.6135
Y  0.8577  0.5140 -0.0137
Z  0.3246 -0.5207  0.7896

PART 63
OFFSET  2.7091 -6.2166 -8.9077
X  0.9229 -0.0160 -0.3848
Y  0.2115  0.8560  0.4717
Z  0.3218 -0.5167  0.7934

PART 64
OFFSET  1.7083 -6.1992 -8.4904
X -0.8611 -0.5013  0.0848
Y -0.3696  0.7319  0.5725
Z -0.3490  0.4616 -0.8155

PART 65
OFFSET -5.0130 -5.0866 -7.9378
X -0.9472  0.2780  0.1597
Y  0.2976  0.9477  0.1155
Z -0.1193  0.1570 -0.9804

PART 66
OFFSET  1.7384 -9.4869 -8.1089
X -0.7655  0.6243  0.1555
Y -0.6427 -0.7304 -0.2312
Z -0.0307 -0.2770  0.9604

PART 67
OFFSET  3.0863 -10.5861 -8.3828
X -0.8765 -0.4689 -0.1092
Y  0.4814 -0.8500 -0.2138
Z  0.0074 -0.2400  0.9707

PART 68
OFFSET  4.1522 -10.0306 -8.1911
X -0.6043 -0.7545 -0.2560
Y  0.7955 -0.5891 -0.1417
Z -0.0439 -0.2893  0.9562

PART 69
OFFSET  4.8348 -9.1784 -7.9019
X -0.5338  0.6961  0.4802
Y  0.8147  0.5754  0.0716
Z -0.2264  0.4295 -0.8742

PART 70
OFFSET  1.8352 -9.1319 -9.1506
X -0.8037 -0.5941 -0.0341
Y  0.5442 -0.7106 -0.4460
Z  0.2407 -0.3769  0.8944

PART 71
OFFSET  3.4052 -7.9713 -9.0840
X  0.2688 -0.8576 -0.4385
Y  0.9212  0.3619 -0.1432
Z  0.2815 -0.3655  0.8872

PART 72
OFFSET  3.0126 -6.7187 -8.4435
X  0.9181 -0.1226 -0.3769
Y  0.2308  0.9384  0.2571
Z  0.3222 -0.3231  0.8898

PART 73
OFFSET  1.9707 -6.5769 -8.0227
X -0.8720 -0.4847  0.0679
Y -0.3891  0.7707  0.5045
Z -0.2969  0.4135 -0.8607

PART 74
OFFSET  0.0000 -0.0000 -0.0000
X  1.0000 -0.0000  0.0000
Y  0.0000  1.0000  0.0000
Z  0.0000 -0.0000  1.0000

PART 75
OFFSET  0.0000 -0.0000 -0.0000
X  1.0000 -0.0000  0.0000
Y  0.0000  1.0000  0.0000
Z  0.0000 -0.0000  1.0000

PART 76
OFFSET  1.5404 -0.0000  4.1357
X  1.0000 -0.0000  0.0000
Y  0.0000  1.0000  0.0000
Z  0.0000 -0.0000  1.0000


FRAME 1832
PART 0
OFFSET  0.0000 -0.0000 -0.0000
X  1.0000 -0.0000  0.0000
Y  0.0000  1.0000  0.0000
Z  0.0000 -0.0000  1.0000

PART 1
OFFSET -4.6318 -0.0000 -1.3770
X  1.0000 -0.0000  0.0000
Y  0.0000  1.0000  0.0000
Z  0.0000 -0.0000  1.0000

PART 2
OFFSET  1.6160  1.6487 -7.3253
X -0.0967  0.2042 -0.9741
Y  0.7614 -0.6152 -0.2045
Z -0.6410 -0.7615 -0.0959

PART 3
OFFSET  0.4463  4.1177 -19.1066
X  0.8848  0.2154  0.4132
Y -0.3306 -0.3346  0.8825
Z  0.3283 -0.9174 -0.2249

PART 4
OFFSET  7.9720  5.9494 -15.5923
X  0.8848  0.2154  0.4132
Y -0.4641  0.3287  0.8225
Z  0.0413 -0.9196  0.3908

PART 5
OFFSET  8.8827  8.1433 -15.3066
X  0.8859  0.2198  0.4085
Y -0.3259  0.9216  0.2110
Z -0.3301 -0.3201  0.8880

PART 6
OFFSET  9.5242  5.9180 -16.4454
X  0.8859  0.2198  0.4085
Y -0.3259  0.9216  0.2110
Z -0.3301 -0.3201  0.8880

PART 7
OFFSET  8.7333  7.1633 -13.2081
X  0.8859  0.2198  0.4085
Y -0.3259  0.9216  0.2110
Z -0.3301 -0.3201  0.8880

PART 8
OFFSET  9.1367  5.4010 -13.3908
X  0.8859  0.2198  0.4085
Y -0.3259  0.9216  0.2110
Z -0.3301 -0.3201  0.8880

PART 9
OFFSET  9.3530  4.4446 -14.2785
X  0.8859  0.2198  0.4085
Y -0.3259  0.9216  0.2110
Z -0.3301 -0.3201  0.8880

PART 10
OFFSET  10.6846  6.6096 -14.3256
X  0.9478  0.3187  0.0059
Y -0.1698  0.4891  0.8555
Z  0.2698 -0.8119  0.5177

PART 11
OFFSET  11.0579  6.8916 -13.2847
X  0.5725  0.1898  0.7976
Y -0.7424  0.5328  0.4061
Z -0.3479 -0.8247  0.4459

PART 12
OFFSET  12.1999  7.3084 -11.4982
X  0.8687  0.2403  0.4330
Y -0.4949  0.3882  0.7774
Z  0.0188 -0.8897  0.4562

PART 13
OFFSET  13.6339  7.5736 -10.7944
X  0.5890  0.3961  0.7044
Y -0.8019  0.3948  0.4485
Z -0.1005 -0.8290  0.5502

PART 14
OFFSET  14.2526  7.9707 -9.9998
X  0.3341  0.9063  0.2590
Y -0.0238  0.2828 -0.9589
Z -0.9422  0.3142  0.1161

PART 15
OFFSET  11.7230  6.1915 -15.1320
X  0.9055 -0.1343 -0.4026
Y  0.1977 -0.7061  0.6800
Z -0.3756 -0.6953 -0.6128

PART 16
OFFSET  13.8364  5.9045 -15.8641
X  0.9746 -0.1084 -0.1958
Y  0.1695 -0.2143  0.9620
Z -0.1462 -0.9707 -0.1905

PART 17
OFFSET  15.2162  5.7511 -16.1413
X  0.9877 -0.0708 -0.1395
Y  0.1194 -0.2349  0.9647
Z -0.1011 -0.9694 -0.2235

PART 18
OFFSET  16.0920  5.6883 -16.2651
X  0.9702 -0.0630 -0.2341
Y  0.2200 -0.1766  0.9594
Z -0.1018 -0.9823 -0.1574

PART 19
OFFSET  17.0136  5.6284 -16.4875
X -0.8654  0.3011 -0.4004
Y -0.4711 -0.2169  0.8550
Z  0.1706  0.9286  0.3295

PART 20
OFFSET  11.7810  6.7000 -14.6345
X  0.9558  0.1482 -0.2540
Y  0.2575 -0.8390  0.4794
Z -0.1420 -0.5236 -0.8400

PART 21
OFFSET  14.2842  6.9512 -15.2894
X  0.9557 -0.0771 -0.2842
Y  0.2010 -0.5344  0.8210
Z -0.2151 -0.8417 -0.4952

PART 22
OFFSET  15.9113  6.8200 -15.7732
X  0.9764 -0.1097 -0.1859
Y  0.0998 -0.5342  0.8395
Z -0.1914 -0.8382 -0.5106

PART 23
OFFSET  17.2645  6.6679 -16.0309
X  0.9786 -0.1993 -0.0517
Y -0.0580 -0.5079  0.8594
Z -0.1975 -0.8380 -0.5086

PART 24
OFFSET  18.3258  6.4518 -16.0870
X -0.7783  0.4122 -0.4736
Y -0.5999 -0.2655  0.7548
Z  0.1854  0.8716  0.4539

PART 25
OFFSET  13.4815  7.9335 -12.6715
X  0.9997 -0.0205 -0.0159
Y  0.0109  0.8880 -0.4598
Z  0.0236  0.4595  0.8879

PART 26
OFFSET  14.1495  8.5221 -13.8497
X  0.9831  0.1581 -0.0920
Y  0.1829 -0.8436  0.5049
Z  0.0022 -0.5132 -0.8583

PART 27
OFFSET  15.8805  8.8006 -14.0117
X  0.9867  0.1040 -0.1251
Y  0.1506 -0.8747  0.4607
Z -0.0615 -0.4734 -0.8787

PART 28
OFFSET  17.0837  8.9557 -14.1104
X  0.9841  0.1753 -0.0278
Y  0.1671 -0.8622  0.4781
Z  0.0598 -0.4752 -0.8779

PART 29
OFFSET  18.1953  9.1538 -14.1418
X -0.4544  0.5876 -0.6695
Y -0.8878 -0.3600  0.2867
Z -0.0725  0.7246  0.6853

PART 30
OFFSET  14.2811  7.8119 -14.6856
X  0.9965 -0.0497 -0.0668
Y  0.0143 -0.6887  0.7249
Z -0.0820 -0.7234 -0.6856

PART 31
OFFSET  16.2278  7.7149 -14.8161
X  0.9903 -0.0425 -0.1321
Y  0.0692 -0.6741  0.7354
Z -0.1204 -0.7374 -0.6646

PART 32
OFFSET  17.6743  7.6527 -15.0091
X  0.9897 -0.1084 -0.0939
Y  0.0039 -0.6339  0.7734
Z -0.1434 -0.7658 -0.6269

PART 33
OFFSET  18.7942  7.5250 -15.1204
X -0.7522  0.5369 -0.3819
Y -0.6429 -0.4712  0.6038
Z  0.1442  0.6997  0.6997

PART 34
OFFSET  13.7570  5.9729 -13.9817
X -0.1778 -0.5704 -0.8019
Y -0.2698  0.8119 -0.5177
Z  0.9464  0.1243 -0.2983

PART 35
OFFSET  3.8530 -9.5578 -7.2953
X  0.7486 -0.5680 -0.3420
Y  0.6552  0.7128  0.2502
Z  0.1017 -0.4114  0.9058

PART 36
OFFSET  3.8530 -9.5578 -7.2953
X  0.7486 -0.5680 -0.3420
Y  0.6552  0.7128  0.2502
Z  0.1017 -0.4114  0.9058

PART 37
OFFSET  7.8761 -13.7393 -7.0433
X  0.7505 -0.5763 -0.3234
Y  0.6552  0.7128  0.2502
Z  0.0863 -0.3997  0.9126

PART 38
OFFSET  10.5166 -13.8066 -12.6431
X  0.7486 -0.5680 -0.3420
Y  0.6552  0.7128  0.2502
Z  0.1017 -0.4114  0.9058

PART 39
OFFSET  14.3544 -17.7161 -12.8999
X  0.8803 -0.1966 -0.4318
Y -0.4498 -0.0561 -0.8914
Z  0.1510  0.9789 -0.1378

PART 40
OFFSET -5.8696 -1.6958 -4.1764
X  0.7263 -0.6855  0.0509
Y  0.6552  0.7128  0.2502
Z -0.2078 -0.1484  0.9669

PART 41
OFFSET  17.8846 -18.7102 -17.9674
X -0.6552 -0.7128 -0.2502
Y  0.7486 -0.5680 -0.3420
Z  0.1017 -0.4114  0.9058

PART 42
OFFSET  7.0441 -12.0544 -8.4792
X  0.7486 -0.5680 -0.3420
Y  0.6552  0.7128  0.2502
Z  0.1017 -0.4114  0.9058

PART 43
OFFSET  21.1681 -22.4401 -15.8737
X  0.7486 -0.5680 -0.3420
Y  0.6552  0.7128  0.2502
Z  0.1017 -0.4114  0.9058

PART 44
OFFSET -17.6076 -4.8127 -7.0611
X -0.6545  0.0738  0.7525
Y -0.4958 -0.7932 -0.3535
Z  0.5708 -0.6044  0.5557

PART 45
OFFSET -9.6924 -5.7047 -16.1615
X -0.7324  0.1144 -0.6712
Y  0.6672 -0.0757 -0.7410
Z -0.1356 -0.9905 -0.0208

PART 46
OFFSET -3.4632 -6.6776 -10.4525
X -0.7324  0.1144 -0.6712
Y  0.5922 -0.3794 -0.7109
Z -0.3359 -0.9182  0.2101

PART 47
OFFSET -2.7013 -5.6047 -8.9581
X -0.7359  0.1178 -0.6668
Y  0.1280  0.9912  0.0339
Z  0.6649 -0.0604 -0.7445

PART 48
OFFSET -3.1304 -6.2729 -8.0322
X -0.7359  0.1178 -0.6668
Y  0.1280  0.9912  0.0339
Z  0.6649 -0.0604 -0.7445

PART 49
OFFSET -3.1469 -7.6397 -8.1000
X -0.7359  0.1178 -0.6668
Y  0.1280  0.9912  0.0339
Z  0.6649 -0.0604 -0.7445

PART 50
OFFSET -1.2179 -7.0282 -8.3948
X -0.8341  0.5490  0.0536
Y  0.0013  0.0991 -0.9951
Z -0.5516 -0.8300 -0.0834

PART 51
OFFSET -0.6175 -7.0300 -7.4244
X -0.8725  0.0217 -0.4880
Y  0.4859  0.1416 -0.8625
Z  0.0504 -0.9897 -0.1341

PART 52
OFFSET  1.2141 -7.0359 -6.2777
X -0.8784  0.1608  0.4500
Y -0.4471  0.0556 -0.8927
Z -0.1686 -0.9854  0.0231

PART 53
OFFSET  2.6245 -7.1819 -7.0600
X -0.3275 -0.0600  0.9429
Y -0.9414  0.1065 -0.3202
Z -0.0813 -0.9925 -0.0913

PART 54
OFFSET  2.9983 -7.0735 -8.0700
X -0.3836  0.6152  0.6888
Y  0.5325  0.7567 -0.3793
Z -0.7545  0.2213 -0.6178

PART 55
OFFSET -0.3992 -7.2189 -9.4888
X -0.8533  0.2410  0.4624
Y -0.3428 -0.9275 -0.1491
Z  0.3929 -0.2857  0.8741

PART 56
OFFSET  1.6173 -7.6883 -10.3821
X -0.7227 -0.6747 -0.1502
Y  0.5988 -0.5026 -0.6236
Z  0.3452 -0.5406  0.7672

PART 57
OFFSET  2.6405 -6.7331 -10.1694
X  0.1635 -0.7679 -0.6193
Y  0.9418  0.3084 -0.1337
Z  0.2936 -0.5614  0.7737

PART 58
OFFSET  2.4955 -6.0523 -9.6203
X  0.8424 -0.1749 -0.5096
Y  0.4059  0.8281  0.3867
Z  0.3544 -0.5326  0.7686

PART 59
OFFSET  1.6951 -5.8861 -9.1362
X -0.9504 -0.3090  0.0359
Y -0.1909  0.6704  0.7170
Z -0.2456  0.6746 -0.6961

PART 60
OFFSET -0.2936 -7.5214 -8.8509
X -0.8813  0.3606  0.3055
Y -0.4050 -0.9094 -0.0949
Z  0.2436 -0.2074  0.9474

PART 61
OFFSET  1.9484 -8.4465 -9.7867
X -0.7191 -0.6942 -0.0327
Y  0.5556 -0.5459 -0.6271
Z  0.4175 -0.4691  0.7782

PART 62
OFFSET  3.1727 -7.2647 -9.7310
X  0.3665 -0.6981 -0.6151
Y  0.8431  0.5288 -0.0978
Z  0.3935 -0.4827  0.7824

PART 63
OFFSET  2.6648 -6.2972 -8.8785
X  0.8918 -0.0143 -0.4522
Y  0.2277  0.8779  0.4213
Z  0.3909 -0.4786  0.7862

PART 64
OFFSET  1.6976 -6.2817 -8.3881
X -0.8415 -0.5133  0.1685
Y -0.3416  0.7472  0.5701
Z -0.4185  0.4222 -0.8041

PART 65
OFFSET -4.9862 -5.2721 -7.3750
X -0.9384  0.2666  0.2197
Y  0.2850  0.9569  0.0564
Z -0.1952  0.1155 -0.9739

PART 66
OFFSET  1.8263 -9.5504 -7.8841
X -0.7650  0.6158  0.1886
Y -0.6423 -0.7508 -0.1541
Z  0.0467 -0.2390  0.9699

PART 67
OFFSET  3.1733 -10.6346 -8.2161
X -0.8719 -0.4890 -0.0250
Y  0.4823 -0.8488 -0.2166
Z  0.0847 -0.2009  0.9759

PART 68
OFFSET  4.2384 -10.0524 -8.1265
X -0.6054 -0.7751 -0.1807
Y  0.7952 -0.5795 -0.1783
Z  0.0335 -0.2517  0.9672

PART 69
OFFSET  4.9222 -9.1768 -7.9223
X -0.5113  0.7047  0.4919
Y  0.8053  0.5927 -0.0119
Z -0.3000  0.3900 -0.8706

PART 70
OFFSET  1.8377 -9.2355 -8.9429
X -0.7911 -0.6097  0.0493
Y  0.5246 -0.7177 -0.4580
Z  0.3146 -0.3365  0.8876

PART 71
OFFSET  3.3832 -8.0444 -9.0391
X  0.2537 -0.8693 -0.4243
Y  0.9000  0.3728 -0.2258
Z  0.3545 -0.3246  0.8769

PART 72
OFFSET  3.0127 -6.7747 -8.4195
X  0.8899 -0.1205 -0.4399
Y  0.2292  0.9520  0.2028
Z  0.3943 -0.2813  0.8748

PART 73
OFFSET  2.0021 -6.6355 -7.9273
X -0.8540 -0.4977  0.1518
Y -0.3669  0.7829  0.5024
Z -0.3689  0.3733 -0.8512

PART 74
OFFSET  0.0000 -0.0000 -0.0000
X  1.0000 -0.0000  0.0000
Y  0.0000  1.0000  0.0000
Z  0.0000 -0.0000  1.0000

PART 75
OFFSET  0.0000 -0.0000 -0.0000
X  1.0000 -0.0000  0.0000
Y  0.0000  1.0000  0.0000
Z  0.0000 -0.0000  1.0000

PART 76
OFFSET  1.5404 -0.0000  4.1357
X  1.0000 -0.0000  0.0000
Y  0.0000  1.0000  0.0000
Z  0.0000 -0.0000  1.0000


FRAME 1833
PART 0
OFFSET  0.0000 -0.0000 -0.0000
X  1.0000 -0.0000  0.0000
Y  0.0000  1.0000  0.0000
Z  0.0000 -0.0000  1.0000

PART 1
OFFSET -4.6318 -0.0000 -1.3770
X  1.0000 -0.0000  0.0000
Y  0.0000  1.0000  0.0000
Z  0.0000 -0.0000  1.0000

PART 2
OFFSET  1.6160  1.6487 -7.3253
X -0.0990  0.2106 -0.9725
Y  0.7578 -0.6175 -0.2109
Z -0.6450 -0.7578 -0.0985

PART 3
OFFSET  0.4185  4.1960 -19.0871
X  0.8872  0.2086  0.4115
Y -0.3293 -0.3385  0.8815
Z  0.3231 -0.9176 -0.2316

PART 4
OFFSET  7.9647  5.9701 -15.5871
X  0.8872  0.2086  0.4115
Y -0.4600  0.3309  0.8240
Z  0.0357 -0.9203  0.3895

PART 5
OFFSET  8.8867  8.1579 -15.2910
X  0.8883  0.2130  0.4069
Y -0.3208  0.9218  0.2178
Z -0.3287 -0.3240  0.8871

PART 6
OFFSET  9.5138  5.9366 -16.4457
X  0.8883  0.2130  0.4069
Y -0.3208  0.9218  0.2178
Z -0.3287 -0.3240  0.8871

PART 7
OFFSET  8.7397  7.1657 -13.1981
X  0.8883  0.2130  0.4069
Y -0.3208  0.9218  0.2178
Z -0.3287 -0.3240  0.8871

PART 8
OFFSET  9.1341  5.4026 -13.3931
X  0.8883  0.2130  0.4069
Y -0.3208  0.9218  0.2178
Z -0.3287 -0.3240  0.8871

PART 9
OFFSET  9.3428  4.4507 -14.2873
X  0.8883  0.2130  0.4069
Y -0.3208  0.9218  0.2178
Z -0.3287 -0.3240  0.8871

PART 10
OFFSET  10.6846  6.6096 -14.3256
X  0.9478  0.3187  0.0059
Y -0.1698  0.4891  0.8555
Z  0.2698 -0.8119  0.5177

PART 11
OFFSET  11.0579  6.8916 -13.2847
X  0.5825  0.1826  0.7921
Y -0.7346  0.5353  0.4169
Z -0.3479 -0.8247  0.4459

PART 12
OFFSET  12.2222  7.2931 -11.5091
X  0.8814  0.2271  0.4143
Y -0.4721  0.3890  0.7911
Z  0.0185 -0.8928  0.4500

PART 13
OFFSET  13.6753  7.5365 -10.8372
X  0.6204  0.3789  0.6866
Y -0.7781  0.4066  0.4787
Z -0.0978 -0.8313  0.5471

PART 14
OFFSET  14.3285  7.9152 -10.0615
X  0.3605  0.8975  0.2540
Y -0.0512  0.2910 -0.9554
Z -0.9314  0.3314  0.1508

PART 15
OFFSET  11.7230  6.1915 -15.1320
X  0.9055 -0.1343 -0.4026
Y  0.1977 -0.7061  0.6800
Z -0.3756 -0.6953 -0.6128

PART 16
OFFSET  13.8364  5.9045 -15.8641
X  0.9774 -0.1120 -0.1795
Y  0.1529 -0.2124  0.9651
Z -0.1462 -0.9707 -0.1905

PART 17
OFFSET  15.2201  5.7460 -16.1182
X  0.9912 -0.0783 -0.1066
Y  0.0860 -0.2316  0.9690
Z -0.1005 -0.9697 -0.2228

PART 18
OFFSET  16.0990  5.6766 -16.2127
X  0.9799 -0.0737 -0.1853
Y  0.1705 -0.1727  0.9701
Z -0.1035 -0.9822 -0.1567

PART 19
OFFSET  17.0299  5.6065 -16.3888
X -0.8415  0.3068 -0.4446
Y -0.5150 -0.2071  0.8318
Z  0.1632  0.9290  0.3323

PART 20
OFFSET  11.7810  6.7000 -14.6345
X  0.9558  0.1482 -0.2540
Y  0.2575 -0.8390  0.4794
Z -0.1420 -0.5236 -0.8400

PART 21
OFFSET  14.2842  6.9512 -15.2894
X  0.9589 -0.0861 -0.2702
Y  0.1848 -0.5330  0.8257
Z -0.2151 -0.8417 -0.4952

PART 22
OFFSET  15.9168  6.8046 -15.7494
X  0.9793 -0.1276 -0.1572
Y  0.0667 -0.5298  0.8455
Z -0.1912 -0.8385 -0.5103

PART 23
OFFSET  17.2740  6.6277 -15.9673
X  0.9744 -0.2247 -0.0078
Y -0.1077 -0.4970  0.8610
Z -0.1973 -0.8382 -0.5085

PART 24
OFFSET  18.3308  6.3841 -15.9757
X -0.7465  0.4267 -0.5105
Y -0.6381 -0.2419  0.7309
Z  0.1884  0.8714  0.4529

PART 25
OFFSET  13.4815  7.9335 -12.6715
X  0.9997 -0.0205 -0.0159
Y  0.0109  0.8880 -0.4598
Z  0.0236  0.4595  0.8879

PART 26
OFFSET  14.1495  8.5221 -13.8497
X  0.9861  0.1438 -0.0834
Y  0.1662 -0.8462  0.5063
Z  0.0022 -0.5132 -0.8583

PART 27
OFFSET  15.8857  8.7753 -13.9966
X  0.9913  0.0747 -0.1087
Y  0.1170 -0.8786  0.4630
Z -0.0609 -0.4717 -0.8797

PART 28
OFFSET  17.0944  8.8948 -14.0752
X  0.9913  0.1314 -0.0033
Y  0.1168 -0.8690  0.4809
Z  0.0604 -0.4771 -0.8768

PART 29
OFFSET  18.2142  9.0432 -14.0789
X -0.4112  0.6075 -0.6797
Y -0.9098 -0.3202  0.2642
Z -0.0572  0.7269  0.6843

PART 30
OFFSET  14.2811  7.8119 -14.6856
X  0.9966 -0.0614 -0.0545
Y -0.0026 -0.6877  0.7260
Z -0.0820 -0.7234 -0.6856

PART 31
OFFSET  16.2280  7.6920 -14.7921
X  0.9920 -0.0658 -0.1075
Y  0.0355 -0.6727  0.7390
Z -0.1209 -0.7369 -0.6651

PART 32
OFFSET  17.6770  7.5960 -14.9490
X  0.9883 -0.1421 -0.0559
Y -0.0465 -0.6286  0.7764
Z -0.1455 -0.7647 -0.6278

PART 33
OFFSET  18.7953  7.4300 -15.0173
X -0.7188  0.5593 -0.4129
Y -0.6807 -0.4455  0.5815
Z  0.1413  0.6991  0.7009

PART 34
OFFSET  13.7570  5.9729 -13.9817
X -0.1778 -0.5704 -0.8019
Y -0.2698  0.8119 -0.5177
Z  0.9464  0.1243 -0.2983

PART 35
OFFSET  4.0493 -9.5417 -7.1780
X  0.7305 -0.5626 -0.3871
Y  0.6506  0.7456  0.1441
Z  0.2075 -0.3571  0.9107

PART 36
OFFSET  4.0493 -9.5417 -7.1780
X  0.7305 -0.5626 -0.3871
Y  0.6506  0.7456  0.1441
Z  0.2075 -0.3571  0.9107

PART 37
OFFSET  8.2273 -13.5759 -7.1232
X  0.7346 -0.5698 -0.3684
Y  0.6506  0.7456  0.1441
Z  0.1925 -0.3456  0.9184

PART 38
OFFSET  10.2901 -13.8718 -12.9536
X  0.7305 -0.5626 -0.3871
Y  0.6506  0.7456  0.1441
Z  0.2075 -0.3571  0.9107

PART 39
OFFSET  14.2226 -17.6686 -13.3993
X  0.8388 -0.1928 -0.5092
Y -0.5351 -0.1194 -0.8363
Z  0.1004  0.9739 -0.2034

PART 40
OFFSET -5.5896 -1.8242 -3.4903
X  0.7523 -0.6587  0.0116
Y  0.6506  0.7456  0.1441
Z -0.1036 -0.1009  0.9895

PART 41
OFFSET  17.2575 -18.8323 -18.7440
X -0.6506 -0.7456 -0.1441
Y  0.7305 -0.5626 -0.3871
Z  0.2075 -0.3571  0.9107

PART 42
OFFSET  7.1937 -11.9999 -8.5518
X  0.7305 -0.5626 -0.3871
Y  0.6506  0.7456  0.1441
Z  0.2075 -0.3571  0.9107

PART 43
OFFSET  20.8695 -22.3366 -16.8074
X  0.7305 -0.5626 -0.3871
Y  0.6506  0.7456  0.1441
Z  0.2075 -0.3571  0.9107

PART 44
OFFSET -17.6076 -4.8127 -7.0611
X -0.6786  0.0751  0.7307
Y -0.4938 -0.7831 -0.3781
Z  0.5438 -0.6174  0.5685

PART 45
OFFSET -9.4009 -5.7214 -15.8978
X -0.7091  0.1309 -0.6928
Y  0.6894 -0.0771 -0.7202
Z -0.1477 -0.9884 -0.0355

PART 46
OFFSET -3.3695 -6.8344 -10.0050
X -0.7091  0.1309 -0.6928
Y  0.5908 -0.4261 -0.6851
Z -0.3849 -0.8952  0.2248

PART 47
OFFSET -2.6417 -5.7869 -8.4760
X -0.7127  0.1343 -0.6885
Y  0.1397  0.9890  0.0483
Z  0.6874 -0.0617 -0.7237

PART 48
OFFSET -3.1087 -6.4586 -7.5712
X -0.7127  0.1343 -0.6885
Y  0.1397  0.9890  0.0483
Z  0.6874 -0.0617 -0.7237

PART 49
OFFSET -3.1407 -7.8243 -7.6538
X -0.7127  0.1343 -0.6885
Y  0.1397  0.9890  0.0483
Z  0.6874 -0.0617 -0.7237

PART 50
OFFSET -1.1956 -7.2355 -7.8809
X -0.8440  0.5249  0.1103
Y -0.1027  0.0437 -0.9937
Z -0.5265 -0.8500  0.0170

PART 51
OFFSET -0.5007 -7.1649 -6.9786
X -0.9175 -0.0325 -0.3963
Y  0.3909  0.1085 -0.9140
Z  0.0727 -0.9936 -0.0869

PART 52
OFFSET  1.4363 -7.0503 -6.0273
X -0.8338  0.1582  0.5288
Y -0.5366 -0.0079 -0.8438
Z -0.1293 -0.9874  0.0915

PART 53
OFFSET  2.7649 -7.1957 -6.9416
X -0.2283 -0.0177  0.9734
Y -0.9721  0.0593 -0.2269
Z -0.0538 -0.9981 -0.0307

PART 54
OFFSET  3.0307 -7.1319 -7.9890
X -0.3343  0.6403  0.6916
Y  0.4636  0.7506 -0.4709
Z -0.8206  0.1632 -0.5478

PART 55
OFFSET -0.4850 -7.4611 -9.0418
X -0.8105  0.2397  0.5344
Y -0.3220 -0.9445 -0.0647
Z  0.4892 -0.2245  0.8428

PART 56
OFFSET  1.4469 -7.9166 -10.1118
X -0.7090 -0.7040 -0.0399
Y  0.5508 -0.5176 -0.6548
Z  0.4404 -0.4862  0.7548

PART 57
OFFSET  2.4507 -6.9198 -10.0554
X  0.1281 -0.7957 -0.5920
Y  0.9116  0.3295 -0.2456
Z  0.3905 -0.5082  0.7676

PART 58
OFFSET  2.3371 -6.2143 -9.5305
X  0.7926 -0.1767 -0.5836
Y  0.4123  0.8605  0.2994
Z  0.4493 -0.4779  0.7548

PART 59
OFFSET  1.5841 -6.0465 -8.9760
X -0.9300 -0.3359  0.1493
Y -0.1420  0.7029  0.6970
Z -0.3391  0.6270 -0.7014

PART 60
OFFSET -0.3047 -7.7243 -8.4033
X -0.8585  0.3495  0.3752
Y -0.3791 -0.9254 -0.0054
Z  0.3453 -0.1469  0.9269

PART 61
OFFSET  1.8639 -8.6300 -9.5150
X -0.6929 -0.7169  0.0775
Y  0.5090 -0.5624 -0.6516
Z  0.5107 -0.4121  0.7546

PART 62
OFFSET  3.0435 -7.4095 -9.6469
X  0.3278 -0.7195 -0.6123
Y  0.8091  0.5484 -0.2113
Z  0.4878 -0.4262  0.7619

PART 63
OFFSET  2.5892 -6.4124 -8.7982
X  0.8416 -0.0117 -0.5400
Y  0.2368  0.9066  0.3494
Z  0.4854 -0.4219  0.7657

PART 64
OFFSET  1.6765 -6.3997 -8.2126
X -0.8009 -0.5290  0.2805
Y -0.3094  0.7667  0.5625
Z -0.5126  0.3637 -0.7777

PART 65
OFFSET -4.9034 -5.5433 -6.5723
X -0.9206  0.2491  0.3007
Y  0.2541  0.9669 -0.0230
Z -0.2965  0.0552 -0.9534

PART 66
OFFSET  1.9747 -9.6299 -7.5550
X -0.7641  0.6013  0.2338
Y -0.6267 -0.7777 -0.0480
Z  0.1530 -0.1832  0.9711

PART 67
OFFSET  3.3200 -10.6885 -7.9668
X -0.8516 -0.5165  0.0902
Y  0.4886 -0.8442 -0.2206
Z  0.1900 -0.1437  0.9712

PART 68
OFFSET  4.3667 -10.0694 -8.0174
X -0.5918 -0.8024 -0.0770
Y  0.7938 -0.5636 -0.2287
Z  0.1401 -0.1965  0.9704

PART 69
OFFSET  5.0352 -9.1631 -7.9304
X -0.4845  0.7147  0.5045
Y  0.7778  0.6158 -0.1254
Z -0.4003  0.3316 -0.8543

PART 70
OFFSET  1.8677 -9.3740 -8.6244
X -0.7593 -0.6303  0.1619
Y  0.5016 -0.7253 -0.4715
Z  0.4146 -0.2768  0.8669

PART 71
OFFSET  3.3510 -8.1426 -8.9407
X  0.2412 -0.8832 -0.4023
Y  0.8584  0.3875 -0.3361
Z  0.4527 -0.2642  0.8516

PART 72
OFFSET  2.9988 -6.8526 -8.3532
X  0.8448 -0.1171 -0.5221
Y  0.2136  0.9684  0.1284
Z  0.4906 -0.2200  0.8432

PART 73
OFFSET  2.0387 -6.7178 -7.7677
X -0.8156 -0.5147  0.2644
Y -0.3427  0.7978  0.4960
Z -0.4663  0.3139 -0.8271

PART 74
OFFSET  0.0000 -0.0000 -0.0000
X  1.0000 -0.0000  0.0000
Y  0.0000  1.0000  0.0000
Z  0.0000 -0.0000  1.0000

PART 75
OFFSET  0.0000 -0.0000 -0.0000
X  1.0000 -0.0000  0.0000
Y  0.0000  1.0000  0.0000
Z  0.0000 -0.0000  1.0000

PART 76
OFFSET  1.5404 -0.0000  4.1357
X  1.0000 -0.0000  0.0000
Y  0.0000  1.0000  0.0000
Z  0.0000 -0.0000  1.0000


FRAME 1834
PART 0
OFFSET  0.0000 -0.0000 -0.0000
X  1.0000 -0.0000  0.0000
Y  0.0000  1.0000  0.0000
Z  0.0000 -0.0000  1.0000

PART 1
OFFSET -4.6318 -0.0000 -1.3770
X  1.0000 -0.0000  0.0000
Y  0.0000  1.0000  0.0000
Z  0.0000 -0.0000  1.0000

PART 2
OFFSET  1.6160  1.6487 -7.3253
X -0.1023  0.2199 -0.9701
Y  0.7525 -0.6208 -0.2200
Z -0.6506 -0.7525 -0.1020

PART 3
OFFSET  0.3794  4.3082 -19.0582
X  0.8906  0.1989  0.4090
Y -0.3273 -0.3440  0.8801
Z  0.3157 -0.9177 -0.2413

PART 4
OFFSET  7.9543  5.9998 -15.5795
X  0.8906  0.1989  0.4090
Y -0.4540  0.3340  0.8260
Z  0.0277 -0.9213  0.3878

PART 5
OFFSET  8.8927  8.1786 -15.2685
X  0.8917  0.2034  0.4044
Y -0.3135  0.9220  0.2274
Z -0.3266 -0.3296  0.8858

PART 6
OFFSET  9.4990  5.9634 -16.4458
X  0.8917  0.2034  0.4044
Y -0.3135  0.9220  0.2274
Z -0.3266 -0.3296  0.8858

PART 7
OFFSET  8.7490  7.1689 -13.1838
X  0.8917  0.2034  0.4044
Y -0.3135  0.9220  0.2274
Z -0.3266 -0.3296  0.8858

PART 8
OFFSET  9.1304  5.4049 -13.3962
X  0.8917  0.2034  0.4044
Y -0.3135  0.9220  0.2274
Z -0.3266 -0.3296  0.8858

PART 9
OFFSET  9.3283  4.4596 -14.2998
X  0.8917  0.2034  0.4044
Y -0.3135  0.9220  0.2274
Z -0.3266 -0.3296  0.8858

