// Export filename: `C:\projects\cod\t5\xanim_export\t5_viewmodels\ak47\ak47_sprint_in.XANIM_EXPORT`
// Source filename: `D:\projects\devanim\t5\animation_assets\viewmodels/ak47/ViewModel_AK47_animated.fbx`
// Export time: Wed Aug 18 01:04:24 2010

ANIMATION
VERSION 3

NUMPARTS 78
PART 0 "tag_ads"
PART 1 "tag_torso"
PART 2 "J_Shoulder_LE"
PART 3 "J_Elbow_LE"
PART 4 "J_WristTwist_LE"
PART 5 "J_Sleave_Reshape_Bottom_LE_1"
PART 6 "J_Sleave_Reshape_Bottom_LE_2"
PART 7 "J_Sleave_Reshape_Top_LE_1"
PART 8 "J_Sleave_Reshape_Top_LE_2"
PART 9 "J_Sleave_Reshape_Top_LE_3"
PART 10 "J_Wrist_LE"
PART 11 "J_Thumb_LE_0"
PART 12 "J_Thumb_LE_1"
PART 13 "J_Thumb_LE_2"
PART 14 "J_Thumb_LE_3"
PART 15 "J_PinkyPalm_LE"
PART 16 "J_Pinky_LE_0"
PART 17 "J_Pinky_LE_1"
PART 18 "J_Pinky_LE_2"
PART 19 "J_Pinky_LE_3"
PART 20 "J_RingPalm_LE"
PART 21 "J_Ring_LE_0"
PART 22 "J_Ring_LE_1"
PART 23 "J_Ring_LE_2"
PART 24 "J_Ring_LE_3"
PART 25 "J_Webbing_LE"
PART 26 "J_Index_LE_0"
PART 27 "J_Index_LE_1"
PART 28 "J_Index_LE_2"
PART 29 "J_Index_LE_3"
PART 30 "J_Mid_LE_0"
PART 31 "J_Mid_LE_1"
PART 32 "J_Mid_LE_2"
PART 33 "J_Mid_LE_3"
PART 34 "tag_knife_attach"
PART 35 "tag_weapon"
PART 36 "J_Gun"
PART 37 "J_bolt"
PART 38 "TAG_CLIP"
PART 39 "tag_flame_unit"
PART 40 "tag_flamer_bracket"
PART 41 "tag_flamer_bottle"
PART 42 "tag_flamer_button"
PART 43 "tag_flamer_ring"
PART 44 "tag_flamer_pilot_light"
PART 45 "J_Shoulder_RI"
PART 46 "J_Elbow_RI"
PART 47 "J_WristTwist_RI"
PART 48 "J_Sleave_Reshape_Top_RI_3"
PART 49 "J_Sleave_Reshape_Top_RI_2"
PART 50 "J_Sleave_Reshape_Top_RI_1"
PART 51 "J_Wrist_RI"
PART 52 "J_Thumb_RI_0"
PART 53 "J_Thumb_RI_1"
PART 54 "J_Thumb_RI_2"
PART 55 "J_Thumb_RI_3"
PART 56 "J_PinkyPalm_RI"
PART 57 "J_Pinky_RI_0"
PART 58 "J_Pinky_RI_1"
PART 59 "J_Pinky_RI_2"
PART 60 "J_Pinky_RI_3"
PART 61 "J_RingPalm_RI"
PART 62 "J_Ring_RI_0"
PART 63 "J_Ring_RI_1"
PART 64 "J_Ring_RI_2"
PART 65 "J_Ring_RI_3"
PART 66 "J_Webbing_RI"
PART 67 "J_Index_RI_0"
PART 68 "J_Index_RI_1"
PART 69 "J_Index_RI_2"
PART 70 "J_Index_RI_3"
PART 71 "J_Mid_RI_0"
PART 72 "J_Mid_RI_1"
PART 73 "J_Mid_RI_2"
PART 74 "J_Mid_RI_3"
PART 75 "tag_cambone"
PART 76 "tag_camera"
PART 77 "tag_gasmask"

FRAMERATE 30
NUMFRAMES 11

FRAME 2000
PART 0
OFFSET  0.0000 -0.0000 -0.0000
X  1.0000 -0.0000  0.0000
Y  0.0000  1.0000  0.0000
Z  0.0000 -0.0000  1.0000

PART 1
OFFSET -4.6318 -0.0000 -1.3770
X  1.0000 -0.0000  0.0000
Y  0.0000  1.0000  0.0000
Z  0.0000 -0.0000  1.0000

PART 2
OFFSET -3.5060  6.3408 -6.7125
X  0.9050 -0.1375 -0.4027
Y -0.1187 -0.9904  0.0712
Z -0.4086 -0.0166 -0.9126

PART 3
OFFSET  7.4385  4.6783 -11.5825
X  0.7038 -0.4936  0.5109
Y -0.6390 -0.1257  0.7589
Z -0.3104 -0.8605 -0.4039

PART 4
OFFSET  13.4246  0.4796 -7.2374
X  0.7038 -0.4936  0.5109
Y -0.0361  0.6933  0.7197
Z -0.7095 -0.5250  0.4702

PART 5
OFFSET  15.4596  1.4188 -6.4002
X  0.7084 -0.4906  0.5074
Y  0.3177  0.8636  0.3915
Z -0.6303 -0.1161  0.7676

PART 6
OFFSET  14.7140 -0.4916 -7.9670
X  0.7084 -0.4906  0.5074
Y  0.3177  0.8636  0.3915
Z -0.6303 -0.1161  0.7676

PART 7
OFFSET  14.2865  0.5547 -4.5938
X  0.7084 -0.4906  0.5074
Y  0.3177  0.8636  0.3915
Z -0.6303 -0.1161  0.7676

PART 8
OFFSET  13.7467 -0.7427 -5.3005
X  0.7084 -0.4906  0.5074
Y  0.3177  0.8636  0.3915
Z -0.6303 -0.1161  0.7676

PART 9
OFFSET  13.4636 -1.4751 -6.3648
X  0.7084 -0.4906  0.5074
Y  0.3177  0.8636  0.3915
Z -0.6303 -0.1161  0.7676

PART 10
OFFSET  15.5823 -1.0337 -5.6713
X  0.9667 -0.2298  0.1127
Y  0.0805  0.6910  0.7184
Z -0.2430 -0.6854  0.6864

PART 11
OFFSET  15.9950 -0.7518 -4.6454
X  0.9193 -0.0900  0.3833
Y -0.0161  0.9641  0.2649
Z -0.3933 -0.2497  0.8848

PART 12
OFFSET  17.9552 -0.8635 -3.7427
X  0.9493 -0.3141 -0.0104
Y  0.2644  0.7802  0.5669
Z -0.1699 -0.5409  0.8237

PART 13
OFFSET  19.4530 -1.4778 -3.7012
X  0.9394 -0.1609  0.3027
Y  0.0297  0.9179  0.3958
Z -0.3415 -0.3628  0.8670

PART 14
OFFSET  20.4537 -1.6527 -3.3274
X  0.9189  0.3035 -0.2520
Y -0.2920  0.0938 -0.9518
Z -0.2652  0.9482  0.1748

PART 15
OFFSET  16.2650 -2.1066 -6.2064
X  0.7680 -0.6332 -0.0962
Y -0.4096 -0.6010  0.6863
Z -0.4924 -0.4877 -0.7209

PART 16
OFFSET  18.0120 -3.5319 -6.2334
X -0.1061 -0.2919  0.9505
Y -0.6634  0.7329  0.1510
Z -0.7407 -0.6146 -0.2714

PART 17
OFFSET  17.8618 -3.9452 -4.8876
X -0.3622  0.0350  0.9314
Y -0.5890  0.7659 -0.2578
Z -0.7224 -0.6420 -0.2568

PART 18
OFFSET  17.5407 -3.9142 -4.0618
X -0.5161  0.2747  0.8113
Y -0.4010  0.7594 -0.5123
Z -0.7568 -0.5897 -0.2818

PART 19
OFFSET  17.0504 -3.6532 -3.2910
X  0.7559 -0.6016 -0.2582
Y -0.0663  0.3220 -0.9444
Z  0.6513  0.7310  0.2036

PART 20
OFFSET  16.5650 -1.6022 -5.8000
X  0.8938 -0.4350 -0.1092
Y -0.2660 -0.7102  0.6518
Z -0.3611 -0.5535 -0.7505

PART 21
OFFSET  18.7908 -2.9380 -5.9407
X  0.0148 -0.6837  0.7296
Y -0.6220  0.5650  0.5421
Z -0.7829 -0.4618 -0.4169

PART 22
OFFSET  18.8160 -4.1020 -4.6986
X -0.5031  0.0940  0.8591
Y -0.3796  0.8690 -0.3174
Z -0.7764 -0.4858 -0.4015

PART 23
OFFSET  18.1188 -3.9717 -3.5079
X -0.6126  0.4092  0.6762
Y -0.1617  0.7726 -0.6140
Z -0.7736 -0.4855 -0.4071

PART 24
OFFSET  17.4544 -3.5280 -2.7745
X  0.5563 -0.8004 -0.2233
Y  0.2520  0.4186 -0.8725
Z  0.7919  0.4291  0.4346

PART 25
OFFSET  18.5599 -1.0124 -3.8152
X  0.8264 -0.5404  0.1580
Y  0.5163  0.6155 -0.5955
Z  0.2246  0.5737  0.7877

PART 26
OFFSET  19.5000 -1.1533 -4.9454
X  0.5468 -0.8358  0.0493
Y -0.5539 -0.3169  0.7699
Z -0.6279 -0.4483 -0.6362

PART 27
OFFSET  20.4628 -2.6249 -4.8586
X -0.1559 -0.8054  0.5718
Y -0.7903  0.4490  0.4170
Z -0.5926 -0.3869 -0.7065

PART 28
OFFSET  20.3093 -3.5805 -4.1205
X -0.5957 -0.2321  0.7690
Y -0.5074  0.8509 -0.1362
Z -0.6227 -0.4713 -0.6246

PART 29
OFFSET  19.6364 -3.8427 -3.2519
X  0.4768 -0.8251 -0.3031
Y  0.4944  0.5368 -0.6837
Z  0.7269  0.1762  0.6638

PART 30
OFFSET  19.2660 -2.0013 -5.6137
X  0.2318 -0.8198  0.5236
Y -0.7237  0.2144  0.6560
Z -0.6500 -0.5310 -0.5436

PART 31
OFFSET  19.7189 -3.6029 -4.5907
X -0.4960 -0.2308  0.8371
Y -0.5399  0.8370 -0.0892
Z -0.6800 -0.4961 -0.5398

PART 32
OFFSET  18.9943 -3.9400 -3.3681
X -0.7177  0.3295  0.6134
Y -0.0906  0.8292 -0.5515
Z -0.6904 -0.4514 -0.5653

PART 33
OFFSET  18.1766 -3.5705 -2.6770
X  0.6523 -0.7535 -0.0820
Y  0.3401  0.3876 -0.8568
Z  0.6773  0.5310  0.5091

PART 34
OFFSET  17.7895 -3.0736 -4.7068
X -0.4185 -0.5643 -0.7116
Y  0.2430  0.6854 -0.6864
Z  0.8751 -0.4602 -0.1498

PART 35
OFFSET  8.2563 -2.6698 -4.5431
X  1.0000 -0.0000  0.0000
Y  0.0000  1.0000  0.0000
Z  0.0000 -0.0000  1.0000

PART 36
OFFSET  8.2563 -2.6698 -4.5431
X  1.0000 -0.0000  0.0000
Y  0.0000  1.0000  0.0000
Z  0.0000 -0.0000  1.0000

PART 37
OFFSET  13.5569 -2.9515 -2.1857
X  0.9998 -0.0000  0.0204
Y  0.0000  1.0000 -0.0000
Z -0.0204  0.0000  0.9998

PART 38
OFFSET  12.4681 -2.6548 -4.2640
X  1.0000 -0.0000  0.0000
Y  0.0000  1.0000  0.0000
Z  0.0000 -0.0000  1.0000

PART 39
OFFSET  7.5063 -2.6698 -6.8357
X  1.0000 -0.0000  0.0000
Y  0.0000  1.0000  0.0000
Z  0.0000 -0.0000  1.0000

PART 40
OFFSET  22.1140 -3.0231 -5.7976
X -0.3819 -0.0000  0.9242
Y -0.9242  0.0000 -0.3819
Z -0.0000 -1.0000 -0.0000

PART 41
OFFSET  22.1140 -3.0231 -5.7976
X  0.0000  1.0000  0.0000
Y -1.0000  0.0000  0.0000
Z  0.0000 -0.0000  1.0000

PART 42
OFFSET  21.7077 -2.7332 -6.2840
X  0.0000  1.0000  0.0000
Y -1.0000  0.0000  0.0000
Z  0.0000 -0.0000  1.0000

PART 43
OFFSET  21.7077 -1.3332 -6.2840
X  0.0000  0.8512 -0.5249
Y -1.0000  0.0000  0.0000
Z  0.0000  0.5249  0.8512

PART 44
OFFSET  30.9061 -1.1440 -6.7923
X  0.7965 -0.4529  0.4006
Y  0.6040  0.5638 -0.5634
Z  0.0293  0.6907  0.7226

PART 45
OFFSET -17.6076 -4.8127 -7.0611
X -0.8933  0.0570  0.4458
Y -0.2146 -0.9256 -0.3117
Z  0.3949 -0.3741  0.8391

PART 46
OFFSET -6.8040 -5.5021 -12.4527
X -0.8818 -0.0897 -0.4630
Y  0.4713 -0.1330 -0.8719
Z  0.0166 -0.9871  0.1595

PART 47
OFFSET  0.6961 -4.7391 -8.5146
X -0.8818 -0.0897 -0.4630
Y  0.4716 -0.1611 -0.8670
Z  0.0032 -0.9829  0.1844

PART 48
OFFSET  1.6239 -3.3380 -7.4465
X -0.8846 -0.0859 -0.4583
Y -0.0209  0.9892 -0.1452
Z  0.4659 -0.1189 -0.8768

PART 49
OFFSET  1.5393 -3.8726 -6.3534
X -0.8846 -0.0859 -0.4583
Y -0.0209  0.9892 -0.1452
Z  0.4659 -0.1189 -0.8768

PART 50
OFFSET  1.7163 -5.2227 -6.2156
X -0.8846 -0.0859 -0.4583
Y -0.0209  0.9892 -0.1452
Z  0.4659 -0.1189 -0.8768

PART 51
OFFSET  3.3994 -4.4641 -7.0951
X -0.9546 -0.1418 -0.2621
Y  0.2850 -0.1775 -0.9420
Z  0.0871 -0.9739  0.2098

PART 52
OFFSET  3.5180 -3.8292 -6.1544
X -0.4986 -0.6783 -0.5397
Y  0.5783  0.2035 -0.7900
Z  0.6457 -0.7060  0.2908

PART 53
OFFSET  4.5003 -2.3465 -4.9270
X -0.9028 -0.3483  0.2521
Y -0.0610 -0.4767 -0.8770
Z  0.4256 -0.8071  0.4091

PART 54
OFFSET  5.9065 -1.7222 -5.4322
X -0.5336 -0.0214  0.8455
Y -0.6557 -0.6209 -0.4295
Z  0.5342 -0.7836  0.3173

PART 55
OFFSET  6.4702 -1.6527 -6.3537
X -0.8721  0.3596  0.3318
Y  0.0986  0.7934 -0.6007
Z -0.4792 -0.4912 -0.7274

PART 56
OFFSET  4.4947 -4.3373 -7.9244
X -0.9338 -0.2716  0.2329
Y  0.3213 -0.9230  0.2116
Z  0.1575  0.2724  0.9492

PART 57
OFFSET  6.5764 -3.5742 -8.3354
X -0.1064 -0.9920  0.0680
Y  0.9470 -0.1219 -0.2972
Z  0.3031  0.0328  0.9524

PART 58
OFFSET  6.7270 -2.1698 -8.4316
X  0.7704 -0.5952 -0.2284
Y  0.5756  0.8034 -0.1522
Z  0.2741 -0.0142  0.9616

PART 59
OFFSET  6.0439 -1.6421 -8.2291
X  0.9043  0.2998 -0.3040
Y -0.2988  0.9530  0.0509
Z  0.3049  0.0448  0.9513

PART 60
OFFSET  5.1848 -1.9269 -7.9403
X -0.5482 -0.8340  0.0630
Y -0.7690  0.5322  0.3543
Z -0.3290  0.1458 -0.9330

PART 61
OFFSET  4.5274 -4.3242 -7.2114
X -0.9690 -0.2439  0.0388
Y  0.2458 -0.9373  0.2469
Z -0.0239  0.2488  0.9683

PART 62
OFFSET  7.0513 -3.7488 -7.4505
X -0.1328 -0.9741  0.1828
Y  0.9405 -0.1821 -0.2870
Z  0.3128  0.1338  0.9403

PART 63
OFFSET  7.2774 -2.0903 -7.7617
X  0.8812 -0.4114 -0.2327
Y  0.3642  0.9048 -0.2204
Z  0.3012  0.1095  0.9472

PART 64
OFFSET  6.0561 -1.5201 -7.4392
X  0.8304  0.4610 -0.3130
Y -0.4723  0.8804  0.0436
Z  0.2956  0.1116  0.9488

PART 65
OFFSET  5.1555 -2.0201 -7.0997
X -0.3960 -0.8751  0.2782
Y -0.8751  0.4514  0.1743
Z -0.2781 -0.1744 -0.9446

PART 66
OFFSET -0.7678 -5.4262 -7.2769
X -0.9291 -0.3699 -0.0061
Y -0.3495  0.8829 -0.3136
Z  0.1213 -0.2892 -0.9496

PART 67
OFFSET  6.9363 -4.1397 -5.2854
X -0.9803 -0.1931 -0.0406
Y  0.1869 -0.9747  0.1229
Z -0.0633  0.1129  0.9916

PART 68
OFFSET  8.6623 -3.7997 -5.2139
X -0.9741 -0.2239 -0.0304
Y  0.2152 -0.9603  0.1773
Z -0.0689  0.1662  0.9837

PART 69
OFFSET  9.8424 -3.5175 -5.1172
X -0.9659 -0.2397 -0.0981
Y  0.2227 -0.9620  0.1579
Z -0.1323  0.1307  0.9826

PART 70
OFFSET  10.9334 -3.2467 -5.0063
X  0.0762  0.9832  0.1658
Y  0.9969 -0.0787  0.0085
Z  0.0214  0.1646 -0.9861

PART 71
OFFSET  7.1281 -4.1726 -6.3729
X -0.2627 -0.9406  0.2150
Y  0.9570 -0.2824 -0.0663
Z  0.1231  0.1883  0.9744

PART 72
OFFSET  7.6413 -2.3351 -6.7929
X  0.8288 -0.5596 -0.0009
Y  0.5392  0.7990 -0.2664
Z  0.1498  0.2203  0.9639

PART 73
OFFSET  6.4307 -1.5177 -6.7917
X  0.8851  0.3871 -0.2584
Y -0.4386  0.8795 -0.1846
Z  0.1558  0.2767  0.9482

PART 74
OFFSET  5.4269 -1.9575 -6.5058
X -0.4085 -0.8763  0.2554
Y -0.8912  0.4434  0.0957
Z -0.1971 -0.1885 -0.9621

PART 75
OFFSET  0.0000 -0.0000 -0.0000
X  1.0000 -0.0000  0.0000
Y  0.0000  1.0000  0.0000
Z  0.0000 -0.0000  1.0000

PART 76
OFFSET  0.0000 -0.0000 -0.0000
X  1.0000 -0.0000  0.0000
Y  0.0000  1.0000  0.0000
Z  0.0000 -0.0000  1.0000

PART 77
OFFSET  1.5404 -0.0000  4.1357
X  1.0000 -0.0000  0.0000
Y  0.0000  1.0000  0.0000
Z  0.0000 -0.0000  1.0000


FRAME 2001
PART 0
OFFSET  0.0000 -0.0000 -0.0000
X  1.0000 -0.0000  0.0000
Y  0.0000  1.0000  0.0000
Z  0.0000 -0.0000  1.0000

PART 1
OFFSET -4.6318 -0.0000 -1.3770
X  1.0000 -0.0000  0.0000
Y  0.0000  1.0000  0.0000
Z  0.0000 -0.0000  1.0000

PART 2
OFFSET -3.5060  6.3408 -6.7125
X  0.8816 -0.1232 -0.4557
Y -0.0928 -0.9917  0.0887
Z -0.4628 -0.0359 -0.8857

PART 3
OFFSET  7.1558  4.8508 -12.2232
X  0.7197 -0.4777  0.5039
Y -0.6184 -0.1109  0.7780
Z -0.3157 -0.8715 -0.3752

PART 4
OFFSET  13.2771  0.7882 -7.9374
X  0.7197 -0.4777  0.5039
Y  0.0257  0.7436  0.6681
Z -0.6938 -0.4679  0.5474

PART 5
OFFSET  15.3275  1.7577 -7.1760
X  0.7242 -0.4747  0.5003
Y  0.3226  0.8743  0.3626
Z -0.6095 -0.1012  0.7863

PART 6
OFFSET  14.5528 -0.1933 -8.6772
X  0.7242 -0.4747  0.5003
Y  0.3226  0.8743  0.3626
Z -0.6095 -0.1012  0.7863

PART 7
OFFSET  14.2067  0.9306 -5.3196
X  0.7242 -0.4747  0.5003
Y  0.3226  0.8743  0.3626
Z -0.6095 -0.1012  0.7863

PART 8
OFFSET  13.6564 -0.3860 -5.9812
X  0.7242 -0.4747  0.5003
Y  0.3226  0.8743  0.3626
Z -0.6095 -0.1012  0.7863

PART 9
OFFSET  13.3502 -1.1450 -7.0202
X  0.7242 -0.4747  0.5003
Y  0.3226  0.8743  0.3626
Z -0.6095 -0.1012  0.7863

PART 10
OFFSET  15.4834 -0.6761 -6.3927
X  0.9835 -0.1615  0.0815
Y  0.0696  0.7537  0.6536
Z -0.1670 -0.6371  0.7525

PART 11
OFFSET  15.9245 -0.2831 -5.4163
X  0.9399 -0.0020  0.3416
Y -0.0650  0.9807  0.1845
Z -0.3353 -0.1956  0.9216

PART 12
OFFSET  17.9275 -0.2004 -4.6095
X  0.9658 -0.2570 -0.0332
Y  0.2403  0.8403  0.4859
Z -0.0970 -0.4773  0.8734

PART 13
OFFSET  19.4615 -0.7189 -4.5943
X  0.9607 -0.0783  0.2662
Y -0.0104  0.9486  0.3163
Z -0.2773 -0.3066  0.9106

PART 14
OFFSET  20.4875 -0.8014 -4.2594
X  0.8852  0.3347 -0.3232
Y -0.3411 -0.0058 -0.9400
Z -0.3165  0.9423  0.1090

PART 15
OFFSET  16.2074 -1.7486 -6.8714
X  0.8014 -0.5924 -0.0828
Y -0.3384 -0.5631  0.7539
Z -0.4933 -0.5761 -0.6517

PART 16
OFFSET  18.0382 -3.0648 -6.8700
X -0.0433 -0.2150  0.9757
Y -0.7009  0.7025  0.1237
Z -0.7120 -0.6785 -0.1811

PART 17
OFFSET  17.9769 -3.3692 -5.4887
X -0.3202  0.0934  0.9427
Y -0.6477  0.7046 -0.2898
Z -0.6913 -0.7034 -0.1652

PART 18
OFFSET  17.6930 -3.2864 -4.6529
X -0.4944  0.3123  0.8112
Y -0.4717  0.6875 -0.5522
Z -0.7301 -0.6556 -0.1926

PART 19
OFFSET  17.2233 -2.9897 -3.8822
X  0.7798 -0.5756 -0.2460
Y -0.1302  0.2352 -0.9632
Z  0.6123  0.7832  0.1085

PART 20
OFFSET  16.4933 -1.1943 -6.5243
X  0.9136 -0.3890 -0.1187
Y -0.1900 -0.6661  0.7212
Z -0.3596 -0.6364 -0.6824

PART 21
OFFSET  18.7905 -2.4028 -6.6681
X  0.0919 -0.6164  0.7820
Y -0.6309  0.5716  0.5247
Z -0.7704 -0.5416 -0.3363

PART 22
OFFSET  18.9469 -3.4523 -5.3367
X -0.4677  0.1375  0.8731
Y -0.4483  0.8145 -0.3684
Z -0.7618 -0.5637 -0.3193

PART 23
OFFSET  18.2987 -3.2617 -4.1266
X -0.6054  0.4287  0.6706
Y -0.2387  0.7060 -0.6668
Z -0.7593 -0.5637 -0.3251

PART 24
OFFSET  17.6421 -2.7968 -3.3993
X  0.5950 -0.7822 -0.1845
Y  0.1843  0.3563 -0.9160
Z  0.7823  0.5110  0.3562

PART 25
OFFSET  18.5363 -0.3189 -4.7005
X  0.8655 -0.4749  0.1595
Y  0.4481  0.5916 -0.6702
Z  0.2239  0.6515  0.7248

PART 26
OFFSET  19.4302 -0.5003 -5.8619
X  0.6004 -0.7946  0.0902
Y -0.4964 -0.2819  0.8210
Z -0.6269 -0.5378 -0.5637

PART 27
OFFSET  20.4874 -1.8992 -5.7031
X -0.0778 -0.7611  0.6439
Y -0.7970  0.4355  0.4184
Z -0.5989 -0.4806 -0.6405

PART 28
OFFSET  20.4292 -2.7954 -4.8814
X -0.5435 -0.2001  0.8152
Y -0.5661  0.8045 -0.1800
Z -0.6198 -0.5593 -0.5505

PART 29
OFFSET  19.8153 -3.0214 -3.9606
X  0.5136 -0.8184 -0.2578
Y  0.4271  0.5044 -0.7504
Z  0.7441  0.2753  0.6086

PART 30
OFFSET  19.2199 -1.4149 -6.4447
X  0.3073 -0.7566  0.5771
Y -0.7047  0.2266  0.6723
Z -0.6395 -0.6134 -0.4635

PART 31
OFFSET  19.8203 -2.8930 -5.3172
X -0.4411 -0.1871  0.8777
Y -0.5955  0.7927 -0.1303
Z -0.6714 -0.5802 -0.4611

PART 32
OFFSET  19.1759 -3.1663 -4.0352
X -0.7081  0.3378  0.6201
Y -0.1685  0.7720 -0.6129
Z -0.6858 -0.5385 -0.4897

PART 33
OFFSET  18.3692 -2.7880 -3.3359
X  0.6944 -0.7177 -0.0527
Y  0.2748  0.3321 -0.9023
Z  0.6651  0.6121  0.4278

PART 34
OFFSET  17.8579 -2.4911 -5.3773
X -0.4143 -0.6472 -0.6399
Y  0.1670  0.6371 -0.7525
Z  0.8947 -0.4186 -0.1559

PART 35
OFFSET  8.3361 -2.6410 -4.7573
X  0.9969  0.0593 -0.0515
Y -0.0635  0.9945 -0.0829
Z  0.0463  0.0859  0.9952

PART 36
OFFSET  8.3361 -2.6410 -4.7573
X  0.9969  0.0593 -0.0515
Y -0.0635  0.9945 -0.0829
Z  0.0463  0.0859  0.9952

PART 37
OFFSET  13.7472 -2.4041 -2.6605
X  0.9976  0.0611 -0.0311
Y -0.0635  0.9945 -0.0829
Z  0.0259  0.0847  0.9961

PART 38
OFFSET  12.5468 -2.3522 -4.6975
X  0.9969  0.0593 -0.0515
Y -0.0635  0.9945 -0.0829
Z  0.0463  0.0859  0.9952

PART 39
OFFSET  7.4824 -2.8824 -7.0004
X  0.9969  0.0593 -0.0515
Y -0.0635  0.9945 -0.0829
Z  0.0463  0.0859  0.9952

PART 40
OFFSET  22.1154 -2.2779 -6.6896
X -0.3380  0.0567  0.9394
Y -0.9390 -0.0876 -0.3325
Z  0.0635 -0.9945  0.0829

PART 41
OFFSET  22.1154 -2.2779 -6.6896
X -0.0635  0.9945 -0.0829
Y -0.9969 -0.0593  0.0515
Z  0.0463  0.0859  0.9952

PART 42
OFFSET  21.6695 -2.0555 -7.1768
X -0.0635  0.9945 -0.0829
Y -0.9969 -0.0593  0.0515
Z  0.0463  0.0859  0.9952

PART 43
OFFSET  21.5806 -0.6632 -7.2929
X -0.0783  0.8014 -0.5930
Y -0.9969 -0.0593  0.0515
Z  0.0061  0.5952  0.8036

PART 44
OFFSET  30.7151  0.0270 -8.2877
X  0.8413 -0.3688  0.3953
Y  0.5403  0.5481 -0.6385
Z  0.0188  0.7507  0.6604

PART 45
OFFSET -16.9313 -5.5028 -6.9492
X -0.8739  0.0979  0.4761
Y -0.2247 -0.9500 -0.2170
Z  0.4310 -0.2966  0.8522

PART 46
OFFSET -6.3623 -6.6874 -12.7074
X -0.8515 -0.1516 -0.5020
Y  0.5238 -0.1977 -0.8286
Z  0.0264 -0.9685  0.2477

PART 47
OFFSET  0.8797 -5.3977 -8.4375
X -0.8515 -0.1516 -0.5020
Y  0.5231 -0.1772 -0.8337
Z  0.0374 -0.9724  0.2302

PART 48
OFFSET  1.7165 -3.8857 -7.4483
X -0.8546 -0.1475 -0.4979
Y -0.0315  0.9718 -0.2339
Z  0.5183 -0.1842 -0.8351

PART 49
OFFSET  1.5789 -4.3240 -6.3183
X -0.8546 -0.1475 -0.4979
Y -0.0315  0.9718 -0.2339
Z  0.5183 -0.1842 -0.8351

PART 50
OFFSET  1.7736 -5.6520 -6.0508
X -0.8546 -0.1475 -0.4979
Y -0.0315  0.9718 -0.2339
Z  0.5183 -0.1842 -0.8351

PART 51
OFFSET  3.4900 -4.9328 -6.8984
X -0.9547 -0.2202 -0.2000
Y  0.2518 -0.2405 -0.9374
Z  0.1583 -0.9453  0.2851

PART 52
OFFSET  3.6115 -4.2136 -6.0209
X -0.4790 -0.7505 -0.4553
Y  0.5270  0.1689 -0.8329
Z  0.7020 -0.6389  0.3147

PART 53
OFFSET  4.5535 -2.5752 -4.9729
X -0.8663 -0.3783  0.3262
Y -0.0711 -0.5530 -0.8301
Z  0.4945 -0.7423  0.4522

PART 54
OFFSET  5.8923 -1.9144 -5.5997
X -0.4915  0.0197  0.8707
Y -0.6341 -0.6933 -0.3423
Z  0.5969 -0.7203  0.3532

PART 55
OFFSET  6.4073 -1.8909 -6.5516
X -0.8769  0.3344  0.3453
Y  0.0201  0.7433 -0.6687
Z -0.4802 -0.5794 -0.6585

PART 56
OFFSET  4.5355 -4.8130 -7.7906
X -0.9029 -0.3055  0.3024
Y  0.3886 -0.8808  0.2706
Z  0.1836  0.3618  0.9140

PART 57
OFFSET  6.5433 -3.9659 -8.3700
X -0.0400 -0.9870  0.1554
Y  0.9381 -0.0906 -0.3344
Z  0.3442  0.1324  0.9295

PART 58
OFFSET  6.5999 -2.5684 -8.5900
X  0.7953 -0.5659 -0.2176
Y  0.5158  0.8201 -0.2477
Z  0.3186  0.0847  0.9441

PART 59
OFFSET  5.8948 -2.0667 -8.3970
X  0.8684  0.3257 -0.3739
Y -0.3560  0.9344 -0.0130
Z  0.3452  0.1444  0.9274

PART 60
OFFSET  5.0698 -2.3761 -8.0418
X -0.4906 -0.8566  0.1600
Y -0.7840  0.5141  0.3480
Z -0.3804  0.0453 -0.9237

PART 61
OFFSET  4.6003 -4.7368 -7.0838
X -0.9488 -0.2967  0.1087
Y  0.3160 -0.8964  0.3108
Z  0.0052  0.3292  0.9442

PART 62
OFFSET  7.0689 -4.0353 -7.4993
X -0.0621 -0.9610  0.2695
Y  0.9358 -0.1499 -0.3189
Z  0.3469  0.2324  0.9087

PART 63
OFFSET  7.1746 -2.3992 -7.9582
X  0.8939 -0.3769 -0.2428
Y  0.2955  0.9026 -0.3131
Z  0.3372  0.2081  0.9181

PART 64
OFFSET  5.9358 -1.8769 -7.6216
X  0.7841  0.4808 -0.3924
Y -0.5247  0.8513 -0.0053
Z  0.3315  0.2101  0.9198

PART 65
OFFSET  5.0854 -2.3984 -7.1960
X -0.3264 -0.8699  0.3698
Y -0.8930  0.4120  0.1811
Z -0.3099 -0.2711 -0.9113

PART 66
OFFSET -0.6117 -6.1525 -6.7852
X -0.9030 -0.4235  0.0724
Y -0.4189  0.8304 -0.3673
Z  0.0954 -0.3620 -0.9273

PART 67
OFFSET  7.0791 -4.2449 -5.3063
X -0.9669 -0.2537  0.0260
Y  0.2538 -0.9477  0.1935
Z -0.0244  0.1937  0.9808

PART 68
OFFSET  8.7816 -3.7982 -5.3521
X -0.9583 -0.2830  0.0384
Y  0.2836 -0.9271  0.2450
Z -0.0337  0.2457  0.9688

PART 69
OFFSET  9.9446 -3.4392 -5.3400
X -0.9522 -0.3041 -0.0281
Y  0.2903 -0.9300  0.2254
Z -0.0947  0.2065  0.9739

PART 70
OFFSET  11.0201 -3.0957 -5.3082
X  0.0213  0.9966  0.0796
Y  0.9992 -0.0184 -0.0363
Z -0.0347  0.0803 -0.9962

PART 71
OFFSET  7.2221 -4.3597 -6.3958
X -0.1923 -0.9326  0.3055
Y  0.9689 -0.2298 -0.0918
Z  0.1558  0.2783  0.9478

PART 72
OFFSET  7.5977 -2.5378 -6.9925
X  0.8617 -0.5074  0.0028
Y  0.4745  0.8037 -0.3591
Z  0.1799  0.3108  0.9333

PART 73
OFFSET  6.3391 -1.7967 -6.9967
X  0.8458  0.4153 -0.3348
Y -0.5016  0.8329 -0.2340
Z  0.1816  0.3659  0.9128

PART 74
OFFSET  5.3795 -2.2690 -6.6241
X -0.3398 -0.8738  0.3479
Y -0.9122  0.3963  0.1043
Z -0.2290 -0.2818 -0.9317

PART 75
OFFSET  0.0000 -0.0000 -0.0000
X  1.0000 -0.0000  0.0000
Y  0.0000  1.0000  0.0000
Z  0.0000 -0.0000  1.0000

PART 76
OFFSET  0.0000 -0.0000 -0.0000
X  1.0000 -0.0000  0.0000
Y  0.0000  1.0000  0.0000
Z  0.0000 -0.0000  1.0000

PART 77
OFFSET  1.5404 -0.0000  4.1357
X  1.0000 -0.0000  0.0000
Y  0.0000  1.0000  0.0000
Z  0.0000 -0.0000  1.0000


FRAME 2002
PART 0
OFFSET  0.0000 -0.0000 -0.0000
X  1.0000 -0.0000  0.0000
Y  0.0000  1.0000  0.0000
Z  0.0000 -0.0000  1.0000

PART 1
OFFSET -4.6318 -0.0000 -1.3770
X  1.0000 -0.0000  0.0000
Y  0.0000  1.0000  0.0000
Z  0.0000 -0.0000  1.0000

PART 2
OFFSET -3.5060  6.3408 -6.7125
X  0.8433 -0.1345 -0.5204
Y -0.0590 -0.9855  0.1592
Z -0.5342 -0.1035 -0.8390

PART 3
OFFSET  6.6925  4.7140 -13.0059
X  0.7495 -0.4310  0.5025
Y -0.5779 -0.0556  0.8142
Z -0.3231 -0.9006 -0.2907

PART 4
OFFSET  13.0671  1.0479 -8.7321
X  0.7495 -0.4310  0.5025
Y  0.0590  0.7995  0.5978
Z -0.6594 -0.4184  0.6246

PART 5
OFFSET  15.1405  2.0909 -8.1512
X  0.7538 -0.4283  0.4984
Y  0.3293  0.9025  0.2776
Z -0.5687 -0.0451  0.8213

PART 6
OFFSET  14.3168  0.0228 -9.4571
X  0.7538 -0.4283  0.4984
Y  0.3293  0.9025  0.2776
Z -0.5687 -0.0451  0.8213

PART 7
OFFSET  14.1228  1.4007 -6.1829
X  0.7538 -0.4283  0.4984
Y  0.3293  0.9025  0.2776
Z -0.5687 -0.0451  0.8213

PART 8
OFFSET  13.5568  0.0321 -6.7127
X  0.7538 -0.4283  0.4984
Y  0.3293  0.9025  0.2776
Z -0.5687 -0.0451  0.8213

PART 9
OFFSET  13.2092 -0.8078 -7.6735
X  0.7538 -0.4283  0.4984
Y  0.3293  0.9025  0.2776
Z -0.5687 -0.0451  0.8213

PART 10
OFFSET  15.3648 -0.2736 -7.1916
X  0.9958 -0.0792  0.0469
Y  0.0377  0.8155  0.5775
Z -0.0840 -0.5733  0.8150

PART 11
OFFSET  15.8146  0.2424 -6.2785
X  0.9507  0.1006  0.2932
Y -0.1343  0.9862  0.0970
Z -0.2794 -0.1316  0.9511

PART 12
OFFSET  17.8373  0.5506 -5.5832
X  0.9808 -0.1862 -0.0575
Y  0.1937  0.8983  0.3944
Z -0.0218 -0.3979  0.9172

PART 13
OFFSET  19.4067  0.1518 -5.5969
X  0.9744  0.0193  0.2242
Y -0.0717  0.9710  0.2282
Z -0.2133 -0.2384  0.9475

PART 14
OFFSET  20.4494  0.1783 -5.3072
X  0.8415  0.3675 -0.3961
Y -0.3792 -0.1206 -0.9174
Z -0.3849  0.9222  0.0379

PART 15
OFFSET  16.1501 -1.3297 -7.6056
X  0.8414 -0.5362 -0.0679
Y -0.2606 -0.5125  0.8182
Z -0.4735 -0.6707 -0.5709

PART 16
OFFSET  18.0775 -2.4996 -7.5747
X  0.0153 -0.1238  0.9922
Y -0.7482  0.6568  0.0935
Z -0.6632 -0.7438 -0.0826

PART 17
OFFSET  18.0992 -2.6749 -6.1700
X -0.2862  0.1585  0.9450
Y -0.7130  0.6236 -0.3205
Z -0.6400 -0.7655 -0.0655

PART 18
OFFSET  17.8455 -2.5344 -5.3321
X -0.4826  0.3503  0.8027
Y -0.5475  0.5947 -0.5887
Z -0.6836 -0.7236 -0.0952

PART 19
OFFSET  17.3870 -2.2016 -4.5695
X  0.8117 -0.5366 -0.2307
Y -0.1892  0.1321 -0.9730
Z  0.5526  0.8334  0.0057

PART 20
OFFSET  16.4059 -0.7251 -7.3253
X  0.9355 -0.3293 -0.1278
Y -0.1060 -0.6068  0.7877
Z -0.3369 -0.7234 -0.6026

PART 21
OFFSET  18.7831 -1.7671 -7.4718
X  0.1734 -0.5307  0.8297
Y -0.6511  0.5703  0.5008
Z -0.7389 -0.6271 -0.2466

PART 22
OFFSET  19.0783 -2.6705 -6.0593
X -0.4396  0.1846  0.8790
Y -0.5264  0.7400 -0.4187
Z -0.7278 -0.6468 -0.2281

PART 23
OFFSET  18.4691 -2.4147 -4.8411
X -0.6083  0.4441  0.6578
Y -0.3218  0.6196 -0.7159
Z -0.7255 -0.6472 -0.2340

PART 24
OFFSET  17.8093 -1.9330 -4.1277
X  0.6465 -0.7497 -0.1415
Y  0.1165  0.2803 -0.9528
Z  0.7539  0.5995  0.2686

PART 25
OFFSET  18.4492  0.4698 -5.6931
X  0.9062 -0.3917  0.1591
Y  0.3711  0.5570 -0.7430
Z  0.2024  0.7324  0.6501

PART 26
OFFSET  19.3044  0.2459 -6.8760
X  0.6646 -0.7354  0.1326
Y -0.4373 -0.2388  0.8670
Z -0.6059 -0.6342 -0.4803

PART 27
OFFSET  20.4745 -1.0488 -6.6425
X  0.0099 -0.7001  0.7139
Y -0.8104  0.4126  0.4159
Z -0.5858 -0.5827 -0.5633

PART 28
OFFSET  20.5221 -1.8646 -5.7404
X -0.4909 -0.1616  0.8561
Y -0.6349  0.7392 -0.2245
Z -0.5966 -0.6538 -0.4655

PART 29
OFFSET  19.9677 -2.0472 -4.7734
X  0.5652 -0.7986 -0.2069
Y  0.3537  0.4612 -0.8137
Z  0.7453  0.3867  0.5431

PART 30
OFFSET  19.1423 -0.7332 -7.3614
X  0.3903 -0.6732  0.6280
Y -0.6912  0.2363  0.6830
Z -0.6082 -0.7006 -0.3731

PART 31
OFFSET  19.9049 -2.0484 -6.1346
X -0.3873 -0.1351  0.9120
Y -0.6612  0.7301 -0.1726
Z -0.6425 -0.6698 -0.3721

PART 32
OFFSET  19.3391 -2.2458 -4.8025
X -0.7055  0.3415  0.6210
Y -0.2547  0.6954 -0.6719
Z -0.6613 -0.6322 -0.4036

PART 33
OFFSET  18.5356 -1.8639 -4.1016
X  0.7460 -0.6657 -0.0212
Y  0.2092  0.2644 -0.9415
Z  0.6323  0.6979  0.3364

PART 34
OFFSET  17.9161 -1.8015 -6.1336
X -0.3888 -0.7342 -0.5566
Y  0.0840  0.5733 -0.8150
Z  0.9175 -0.3636 -0.1612

PART 35
OFFSET  8.4708 -2.6016 -5.0300
X  0.9860  0.1284 -0.1062
Y -0.1452  0.9746 -0.1703
Z  0.0816  0.1834  0.9797

PART 36
OFFSET  8.4708 -2.6016 -5.0300
X  0.9860  0.1284 -0.1062
Y -0.1452  0.9746 -0.1703
Z  0.0816  0.1834  0.9797

PART 37
OFFSET  13.9306 -1.7634 -3.2353
X  0.9875  0.1321 -0.0861
Y -0.1452  0.9746 -0.1703
Z  0.0614  0.1807  0.9816

PART 38
OFFSET  12.6444 -1.9951 -5.2063
X  0.9860  0.1284 -0.1062
Y -0.1452  0.9746 -0.1703
Z  0.0816  0.1834  0.9797

PART 39
OFFSET  7.5443 -3.1182 -7.1964
X  0.9860  0.1284 -0.1062
Y -0.1452  0.9746 -0.1703
Z  0.0816  0.1834  0.9797

PART 40
OFFSET  22.0839 -1.3972 -7.6699
X -0.3012  0.1205  0.9459
Y -0.9424 -0.1887 -0.2760
Z  0.1452 -0.9746  0.1703

PART 41
OFFSET  22.0839 -1.3972 -7.6699
X -0.1452  0.9746 -0.1703
Y -0.9860 -0.1284  0.1062
Z  0.0816  0.1834  0.9797

PART 42
OFFSET  21.6015 -1.2560 -8.1527
X -0.1452  0.9746 -0.1703
Y -0.9860 -0.1284  0.1062
Z  0.0816  0.1834  0.9797

PART 43
OFFSET  21.3982  0.1085 -8.3911
X -0.1664  0.7333 -0.6592
Y -0.9860 -0.1284  0.1062
Z -0.0068  0.6677  0.7444

PART 44
OFFSET  30.3991  1.3804 -9.8977
X  0.8838 -0.2657  0.3851
Y  0.4677  0.5237 -0.7121
Z -0.0125  0.8094  0.5871

PART 45
OFFSET -16.1347 -6.3156 -6.8175
X -0.8586  0.1636  0.4857
Y -0.2273 -0.9709 -0.0748
Z  0.4594 -0.1747  0.8709

PART 46
OFFSET -5.7503 -8.2945 -12.6921
X -0.8197 -0.2465 -0.5171
Y  0.5715 -0.2912 -0.7672
Z  0.0386 -0.9244  0.3796

PART 47
OFFSET  1.2213 -6.1976 -8.2941
X -0.8197 -0.2465 -0.5171
Y  0.5634 -0.1835 -0.8056
Z  0.1037 -0.9516  0.2893

PART 48
OFFSET  1.9653 -4.5383 -7.4829
X -0.8231 -0.2420 -0.5137
Y -0.0445  0.9293 -0.3666
Z  0.5661 -0.2789 -0.7757

PART 49
OFFSET  1.7799 -4.8231 -6.3114
X -0.8231 -0.2420 -0.5137
Y -0.0445  0.9293 -0.3666
Z  0.5661 -0.2789 -0.7757

PART 50
OFFSET  1.9948 -6.0951 -5.8546
X -0.8231 -0.2420 -0.5137
Y -0.0445  0.9293 -0.3666
Z  0.5661 -0.2789 -0.7757

PART 51
OFFSET  3.7341 -5.4417 -6.7089
X -0.9420 -0.3088 -0.1313
Y  0.2299 -0.3091 -0.9228
Z  0.2444 -0.8995  0.3622

PART 52
OFFSET  3.8356 -4.6352 -5.9080
X -0.4372 -0.8241 -0.3603
Y  0.4762  0.1277 -0.8700
Z  0.7630 -0.5519  0.3366

PART 53
OFFSET  4.6891 -2.8390 -5.0625
X -0.8191 -0.4091  0.4022
Y -0.0625 -0.6332 -0.7714
Z  0.5703 -0.6570  0.4931

PART 54
OFFSET  5.9437 -2.1427 -5.8130
X -0.4540  0.0657  0.8886
Y -0.5914 -0.7681 -0.2454
Z  0.6664 -0.6369  0.3876

PART 55
OFFSET  6.4143 -2.1715 -6.7874
X -0.8851  0.2993  0.3564
Y -0.0670  0.6757 -0.7341
Z -0.4606 -0.6736 -0.5780

PART 56
OFFSET  4.7280 -5.3297 -7.6591
X -0.8623 -0.3419  0.3736
Y  0.4681 -0.8196  0.3304
Z  0.1932  0.4598  0.8668

PART 57
OFFSET  6.6363 -4.3941 -8.4127
X  0.0447 -0.9680  0.2469
Y  0.9272 -0.0518 -0.3709
Z  0.3718  0.2455  0.8953

PART 58
OFFSET  6.5730 -3.0236 -8.7623
X  0.8275 -0.5231 -0.2042
Y  0.4385  0.8290 -0.3471
Z  0.3508  0.1977  0.9153

PART 59
OFFSET  5.8394 -2.5598 -8.5812
X  0.8233  0.3525 -0.4449
Y -0.4289  0.8998 -0.0807
Z  0.3718  0.2573  0.8920

PART 60
OFFSET  5.0572 -2.8947 -8.1586
X -0.4143 -0.8716  0.2620
Y -0.8066  0.4849  0.3380
Z -0.4217 -0.0713 -0.9039

PART 61
OFFSET  4.8165 -5.1819 -6.9664
X -0.9169 -0.3550  0.1824
Y  0.3986 -0.8367  0.3755
Z  0.0194  0.4170  0.9087

PART 62
OFFSET  7.2022 -4.3410 -7.5665
X  0.0254 -0.9329  0.3591
Y  0.9304 -0.1094 -0.3500
Z  0.3658  0.3430  0.8652

PART 63
OFFSET  7.1589 -2.7527 -8.1780
X  0.9097 -0.3305 -0.2514
Y  0.2098  0.8882 -0.4087
Z  0.3584  0.3191  0.8773

PART 64
OFFSET  5.8981 -2.2946 -7.8295
X  0.7263  0.4985 -0.4733
Y -0.5900  0.8054 -0.0571
Z  0.3527  0.3207  0.8790

PART 65
OFFSET  5.1104 -2.8352 -7.3162
X -0.2407 -0.8527  0.4636
Y -0.9142  0.3596  0.1868
Z -0.3260 -0.3789 -0.8661

PART 66
OFFSET -0.2500 -6.9476 -6.2808
X -0.8629 -0.4809  0.1557
Y -0.4984  0.7582 -0.4205
Z  0.0842 -0.4404 -0.8938

PART 67
OFFSET  7.3221 -4.3397 -5.3668
X -0.9419 -0.3215  0.0971
Y  0.3358 -0.9034  0.2666
Z  0.0021  0.2837  0.9589

PART 68
OFFSET  8.9805 -3.7737 -5.5378
X -0.9305 -0.3488  0.1118
Y  0.3661 -0.8758  0.3144
Z -0.0118  0.3335  0.9427

PART 69
OFFSET  10.1110 -3.3294 -5.6164
X -0.9256 -0.3756  0.0472
Y  0.3721 -0.8801  0.2949
Z -0.0692  0.2906  0.9544

PART 70
OFFSET  11.1565 -2.9052 -5.6697
X -0.0541  0.9984 -0.0132
Y  0.9951  0.0528 -0.0840
Z -0.0832 -0.0177 -0.9964

PART 71
OFFSET  7.4273 -4.5466 -6.4469
X -0.1049 -0.9110  0.3987
Y  0.9792 -0.1646 -0.1184
Z  0.1735  0.3780  0.9094

PART 72
OFFSET  7.6322 -2.7669 -7.2258
X  0.8984 -0.4392  0.0065
Y  0.3939  0.7990 -0.4543
Z  0.1944  0.4107  0.8908

PART 73
OFFSET  6.3200 -2.1254 -7.2353
X  0.7954  0.4435 -0.4130
Y -0.5752  0.7671 -0.2841
Z  0.1908  0.4636  0.8653

PART 74
OFFSET  5.4174 -2.6304 -6.7738
X -0.2547 -0.8596  0.4429
Y -0.9353  0.3353  0.1128
Z -0.2455 -0.3855 -0.8895

PART 75
OFFSET  0.0000 -0.0000 -0.0000
X  1.0000 -0.0000  0.0000
Y  0.0000  1.0000  0.0000
Z  0.0000 -0.0000  1.0000

PART 76
OFFSET  0.0000 -0.0000 -0.0000
X  1.0000 -0.0000  0.0000
Y  0.0000  1.0000  0.0000
Z  0.0000 -0.0000  1.0000

PART 77
OFFSET  1.5404 -0.0000  4.1357
X  1.0000 -0.0000  0.0000
Y  0.0000  1.0000  0.0000
Z  0.0000 -0.0000  1.0000


FRAME 2003
PART 0
OFFSET  0.0000 -0.0000 -0.0000
X  1.0000 -0.0000  0.0000
Y  0.0000  1.0000  0.0000
Z  0.0000 -0.0000  1.0000

PART 1
OFFSET -4.6318 -0.0000 -1.3770
X  1.0000 -0.0000  0.0000
Y  0.0000  1.0000  0.0000
Z  0.0000 -0.0000  1.0000

PART 2
OFFSET -3.5060  6.3408 -6.7125
X  0.7954 -0.1653 -0.5832
Y -0.0132 -0.9666  0.2559
Z -0.6060 -0.1958 -0.7710

PART 3
OFFSET  6.1130  4.3419 -13.7652
X  0.7885 -0.3632  0.4963
Y -0.5250  0.0227  0.8508
Z -0.3203 -0.9314 -0.1728

PART 4
OFFSET  12.8198  1.2524 -9.5442
X  0.7885 -0.3632  0.4963
Y  0.0705  0.8550  0.5138
Z -0.6109 -0.3701  0.6998

PART 5
OFFSET  14.9014  2.3836 -9.2102
X  0.7925 -0.3609  0.4917
Y  0.3256  0.9320  0.1592
Z -0.5157  0.0340  0.8561

PART 6
OFFSET  14.0448  0.1754 -10.2354
X  0.7925 -0.3609  0.4917
Y  0.3256  0.9320  0.1592
Z -0.5157  0.0340  0.8561

PART 7
OFFSET  14.0229  1.8916 -7.1192
X  0.7925 -0.3609  0.4917
Y  0.3256  0.9320  0.1592
Z -0.5157  0.0340  0.8561

PART 8
OFFSET  13.4559  0.4656 -7.4644
X  0.7925 -0.3609  0.4917
Y  0.3256  0.9320  0.1592
Z -0.5157  0.0340  0.8561

PART 9
OFFSET  13.0683 -0.4773 -8.3071
X  0.7925 -0.3609  0.4917
Y  0.3256  0.9320  0.1592
Z -0.5157  0.0340  0.8561

PART 10
OFFSET  15.2371  0.1388 -8.0228
X  0.9999  0.0124  0.0100
Y -0.0157  0.8695  0.4937
Z -0.0026 -0.4937  0.8696

PART 11
OFFSET  15.6707  0.7807 -7.1849
X  0.9476  0.2114  0.2395
Y -0.2194  0.9756  0.0070
Z -0.2322 -0.0591  0.9709

PART 12
OFFSET  17.6807  1.3311 -6.6133
X  0.9910 -0.1055 -0.0828
Y  0.1255  0.9467  0.2966
Z  0.0471 -0.3043  0.9514

PART 13
OFFSET  19.2783  1.0702 -6.6581
X  0.9760  0.1260  0.1777
Y -0.1511  0.9791  0.1361
Z -0.1568 -0.1597  0.9746

PART 14
OFFSET  20.3239  1.2158 -6.4190
X  0.7901  0.3973 -0.4668
Y -0.3992 -0.2444 -0.8837
Z -0.4652  0.8845 -0.0345

PART 15
OFFSET  16.0995 -0.8816 -8.3672
X  0.8835 -0.4655 -0.0530
Y -0.1837 -0.4484  0.8747
Z -0.4309 -0.7631 -0.4817

PART 16
OFFSET  18.1248 -1.8712 -8.3089
X  0.0619 -0.0218  0.9978
Y -0.8008  0.5956  0.0627
Z -0.5957 -0.8030  0.0194

PART 17
OFFSET  18.2124 -1.9021 -6.8962
X -0.2655  0.2271  0.9370
Y -0.7775  0.5242 -0.3474
Z -0.5701 -0.8208  0.0374

PART 18
OFFSET  17.9771 -1.7008 -6.0654
X -0.4833  0.3860  0.7857
Y -0.6198  0.4830 -0.6185
Z -0.6183 -0.7859  0.0057

PART 19
OFFSET  17.5179 -1.3341 -5.3190
X  0.8482 -0.4848 -0.2135
Y -0.2350  0.0170 -0.9719
Z  0.4748  0.8745 -0.0995

PART 20
OFFSET  16.3094 -0.2320 -8.1583
X  0.9563 -0.2582 -0.1368
Y -0.0224 -0.5316  0.8467
Z -0.2914 -0.8067 -0.5142

PART 21
OFFSET  18.7644 -1.0738 -8.3089
X  0.2502 -0.4277  0.8686
Y -0.6818  0.5591  0.4718
Z -0.6874 -0.7102 -0.1517

PART 22
OFFSET  19.1904 -1.8020 -6.8302
X -0.4228  0.2332  0.8757
Y -0.6058  0.6459 -0.4645
Z -0.6739 -0.7269 -0.1319

PART 23
OFFSET  18.6044 -1.4789 -5.6165
X -0.6222  0.4536  0.6381
Y -0.4019  0.5145 -0.7575
Z -0.6719 -0.7277 -0.1378

PART 24
OFFSET  17.9297 -0.9870 -4.9245
X  0.7063 -0.7013 -0.0969
Y  0.0566  0.1923 -0.9797
Z  0.7057  0.6864  0.1755

PART 25
OFFSET  18.2931  1.2929 -6.7420
X  0.9431 -0.2938  0.1558
Y  0.2924  0.5096 -0.8092
Z  0.1584  0.8087  0.5665

PART 26
OFFSET  19.1223  1.0263 -7.9346
X  0.7327 -0.6581  0.1735
Y -0.3826 -0.1875  0.9047
Z -0.5628 -0.7292 -0.3892

PART 27
OFFSET  20.4123 -0.1323 -7.6291
X  0.0987 -0.6215  0.7772
Y -0.8291  0.3806  0.4097
Z -0.5504 -0.6848 -0.4776

PART 28
OFFSET  20.5658 -0.8462 -6.6553
X -0.4434 -0.1168  0.8887
Y -0.7069  0.6552 -0.2665
Z -0.5512 -0.7464 -0.3730

PART 29
OFFSET  20.0650 -0.9781 -5.6514
X  0.6274 -0.7634 -0.1536
Y  0.2812  0.4061 -0.8695
Z  0.7261  0.5023  0.4695

PART 30
OFFSET  19.0323 -0.0069 -8.3152
X  0.4718 -0.5705  0.6722
Y -0.6849  0.2430  0.6869
Z -0.5552 -0.7845 -0.2761

PART 31
OFFSET  19.9540 -1.1214 -7.0020
X -0.3407 -0.0759  0.9371
Y -0.7303  0.6491 -0.2129
Z -0.5921 -0.7569 -0.2766

PART 32
OFFSET  19.4564 -1.2323 -5.6332
X -0.7109  0.3398  0.6158
Y -0.3405  0.5998 -0.7241
Z -0.6154 -0.7244 -0.3107

PART 33
OFFSET  18.6472 -0.8530 -4.9375
X  0.8019 -0.5973  0.0102
Y  0.1506  0.1856 -0.9710
Z  0.5781  0.7802  0.2388

PART 34
OFFSET  17.9524 -1.0487 -6.9365
X -0.3404 -0.8172 -0.4650
Y  0.0026  0.4937 -0.8696
Z  0.9403 -0.2972 -0.1659

PART 35
OFFSET  8.6638 -2.5484 -5.3416
X  0.9659  0.2019 -0.1618
Y -0.2388  0.9364 -0.2572
Z  0.0996  0.2871  0.9527

PART 36
OFFSET  8.6638 -2.5484 -5.3416
X  0.9659  0.2019 -0.1618
Y -0.2388  0.9364 -0.2572
Z  0.0996  0.2871  0.9527

PART 37
OFFSET  14.0859 -1.0650 -3.8810
X  0.9678  0.2077 -0.1423
Y -0.2388  0.9364 -0.2572
Z  0.0798  0.2829  0.9558

PART 38
OFFSET  12.7563 -1.6038 -5.7612
X  0.9659  0.2019 -0.1618
Y -0.2388  0.9364 -0.2572
Z  0.0996  0.2871  0.9527

PART 39
OFFSET  7.7110 -3.3581 -7.4044
X  0.9659  0.2019 -0.1618
Y -0.2388  0.9364 -0.2572
Z  0.0996  0.2871  0.9527

PART 40
OFFSET  22.0090 -0.4414 -8.6885
X -0.2769  0.1883  0.9423
Y -0.9308 -0.2963 -0.2143
Z  0.2388 -0.9364  0.2572

PART 41
OFFSET  22.0090 -0.4414 -8.6885
X -0.2388  0.9364 -0.2572
Y -0.9659 -0.2019  0.1618
Z  0.0996  0.2871  0.9527

PART 42
OFFSET  21.4988 -0.3916 -9.1607
X -0.2388  0.9364 -0.2572
Y -0.9659 -0.2019  0.1618
Z  0.0996  0.2871  0.9527

PART 43
OFFSET  21.1645  0.9192 -9.5209
X -0.2556  0.6463 -0.7190
Y -0.9659 -0.2019  0.1618
Z -0.0406  0.7359  0.6759

PART 44
OFFSET  29.9538  2.8077 -11.5423
X  0.9174 -0.1482  0.3693
Y  0.3926  0.4881 -0.7795
Z -0.0647  0.8601  0.5060

PART 45
OFFSET -15.2630 -7.2051 -6.6733
X -0.8524  0.2559  0.4560
Y -0.2226 -0.9667  0.1264
Z  0.4732  0.0062  0.8810

PART 46
OFFSET -4.9544 -10.3001 -12.1883
X -0.7865 -0.3766 -0.4894
Y  0.6156 -0.4144 -0.6703
Z  0.0497 -0.8285  0.5578

PART 47
OFFSET  1.7354 -7.0966 -8.0257
X -0.7865 -0.3766 -0.4894
Y  0.5830 -0.1915 -0.7896
Z  0.2036 -0.9063  0.3702

PART 48
OFFSET  2.3886 -5.2811 -7.5335
X -0.7903 -0.3717 -0.4871
Y -0.0563  0.8357 -0.5463
Z  0.6101 -0.4043 -0.6814

PART 49
OFFSET  2.1577 -5.3352 -6.3370
X -0.7903 -0.3717 -0.4871
Y -0.0563  0.8357 -0.5463
Z  0.6101 -0.4043 -0.6814

PART 50
OFFSET  2.3906 -6.4819 -5.6272
X -0.7903 -0.3717 -0.4871
Y -0.0563  0.8357 -0.5463
Z  0.6101 -0.4043 -0.6814

PART 51
OFFSET  4.1466 -5.9419 -6.5254
X -0.9143 -0.4008 -0.0587
Y  0.2239 -0.3791 -0.8979
Z  0.3376 -0.8341  0.4363

PART 52
OFFSET  4.2033 -5.0534 -5.8116
X -0.3734 -0.8908 -0.2590
Y  0.4313  0.0805 -0.8986
Z  0.8213 -0.4472  0.3542

PART 53
OFFSET  4.9203 -3.1142 -5.1827
X -0.7638 -0.4361  0.4759
Y -0.0324 -0.7105 -0.7030
Z  0.6446 -0.5524  0.5285

PART 54
OFFSET  6.0792 -2.3908 -6.0521
X -0.4261  0.1150  0.8973
Y -0.5278 -0.8372 -0.1434
Z  0.7347 -0.5347  0.4174

PART 55
OFFSET  6.5153 -2.4765 -7.0392
X -0.8953  0.2559  0.3647
Y -0.1541  0.5903 -0.7923
Z -0.4180 -0.7655 -0.4891

PART 56
OFFSET  5.0918 -5.8402 -7.5253
X -0.8139 -0.3760  0.4429
Y  0.5518 -0.7387  0.3871
Z  0.1816  0.5594  0.8087

PART 57
OFFSET  6.8794 -4.8233 -8.4500
X  0.1409 -0.9308  0.3372
Y  0.9143 -0.0083 -0.4050
Z  0.3798  0.3654  0.8499

PART 58
OFFSET  6.6799 -3.5055 -8.9274
X  0.8636 -0.4674 -0.1892
Y  0.3490  0.8248 -0.4448
Z  0.3639  0.3181  0.8754

PART 59
OFFSET  5.9142 -3.0911 -8.7596
X  0.7716  0.3760 -0.5131
Y -0.5112  0.8466 -0.1483
Z  0.3786  0.3767  0.8454

PART 60
OFFSET  5.1812 -3.4483 -8.2722
X -0.3240 -0.8735  0.3633
Y -0.8346  0.4448  0.3251
Z -0.4455 -0.1978 -0.8731

PART 61
OFFSET  5.1913 -5.6166 -6.8547
X -0.8739 -0.4129  0.2565
Y  0.4859 -0.7572  0.4366
Z  0.0140  0.5062  0.8623

PART 62
OFFSET  7.4680 -4.6368 -7.6389
X  0.1226 -0.8865  0.4462
Y  0.9233 -0.0630 -0.3788
Z  0.3639  0.4585  0.8108

PART 63
OFFSET  7.2593 -3.1276 -8.3987
X  0.9263 -0.2741 -0.2585
Y  0.1138  0.8575 -0.5017
Z  0.3592  0.4353  0.8255

PART 64
OFFSET  5.9756 -2.7477 -8.0404
X  0.6608  0.5094 -0.5512
Y -0.6621  0.7415 -0.1085
Z  0.3534  0.4366  0.8273

PART 65
OFFSET  5.2588 -3.3002 -7.4427
X -0.1458 -0.8195  0.5542
Y -0.9358  0.2961  0.1915
Z -0.3211 -0.4907 -0.8100

PART 66
OFFSET  0.3330 -7.7364 -5.7767
X -0.8097 -0.5357  0.2397
Y -0.5797  0.6662 -0.4693
Z  0.0917 -0.5189 -0.8499

PART 67
OFFSET  7.6659 -4.4044 -5.4571
X -0.9049 -0.3904  0.1696
Y  0.4255 -0.8396  0.3376
Z  0.0106  0.3776  0.9259

PART 68
OFFSET  9.2590 -3.7170 -5.7558
X -0.8905 -0.4150  0.1863
Y  0.4548 -0.8049  0.3811
Z -0.0083  0.4241  0.9056

PART 69
OFFSET  10.3411 -3.1867 -5.9272
X -0.8855 -0.4476  0.1245
Y  0.4606 -0.8105  0.3619
Z -0.0611  0.3778  0.9239

PART 70
OFFSET  11.3414 -2.6811 -6.0678
X -0.1447  0.9836 -0.1073
Y  0.9826  0.1300 -0.1329
Z -0.1168 -0.1247 -0.9853

PART 71
OFFSET  7.7506 -4.7088 -6.5157
X -0.0077 -0.8721  0.4893
Y  0.9852 -0.0903 -0.1454
Z  0.1710  0.4810  0.8599

PART 72
OFFSET  7.7657 -3.0051 -7.4716
X  0.9341 -0.3569  0.0090
Y  0.3035  0.7805 -0.5466
Z  0.1881  0.5133  0.8374

PART 73
OFFSET  6.4013 -2.4838 -7.4848
X  0.7368  0.4670 -0.4890
Y -0.6521  0.6820 -0.3311
Z  0.1789  0.5628  0.8070

PART 74
OFFSET  5.5652 -3.0163 -6.9369
X -0.1599 -0.8297  0.5349
Y -0.9572  0.2627  0.1213
Z -0.2412 -0.4926 -0.8362

PART 75
OFFSET  0.0000 -0.0000 -0.0000
X  1.0000 -0.0000  0.0000
Y  0.0000  1.0000  0.0000
Z  0.0000 -0.0000  1.0000

PART 76
OFFSET  0.0000 -0.0000 -0.0000
X  1.0000 -0.0000  0.0000
Y  0.0000  1.0000  0.0000
Z  0.0000 -0.0000  1.0000

PART 77
OFFSET  1.5404 -0.0000  4.1357
X  1.0000 -0.0000  0.0000
Y  0.0000  1.0000  0.0000
Z  0.0000 -0.0000  1.0000


FRAME 2004
PART 0
OFFSET  0.0000 -0.0000 -0.0000
X  1.0000 -0.0000  0.0000
Y  0.0000  1.0000  0.0000
Z  0.0000 -0.0000  1.0000

PART 1
OFFSET -4.6318 -0.0000 -1.3770
X  1.0000 -0.0000  0.0000
Y  0.0000  1.0000  0.0000
Z  0.0000 -0.0000  1.0000

PART 2
OFFSET -3.5060  6.3408 -6.7125
X  0.7470 -0.2011 -0.6337
Y  0.0409 -0.9375  0.3457
Z -0.6636 -0.2841 -0.6920

PART 3
OFFSET  5.5280  3.9092 -14.3765
X  0.8285 -0.2917  0.4781
Y -0.4710  0.0990  0.8766
Z -0.3031 -0.9514 -0.0554

PART 4
OFFSET  12.5743  1.4279 -10.3102
X  0.8285 -0.2917  0.4781
Y  0.0771  0.9049  0.4186
Z -0.5547 -0.3100  0.7721

PART 5
OFFSET  14.6387  2.6347 -10.2307
X  0.8320 -0.2898  0.4730
Y  0.3075  0.9506  0.0414
Z -0.4617  0.1110  0.8801

PART 6
OFFSET  13.7845  0.3131 -10.9664
X  0.8320 -0.2898  0.4730
Y  0.3075  0.9506  0.0414
