// Export filename: `C:\projects\cod\t5\xanim_export\t5_viewmodels\ak47\ak47_first_raise.XANIM_EXPORT`
// Source filename: `D:\projects\devanim\t5\animation_assets\viewmodels\ak47\ViewModel_AK47_animated.fbx`
// Export time: Tue Aug 17 22:35:15 2010

ANIMATION
VERSION 3

NUMPARTS 78
PART 0 "tag_ads"
PART 1 "tag_torso"
PART 2 "J_Shoulder_LE"
PART 3 "J_Elbow_LE"
PART 4 "J_WristTwist_LE"
PART 5 "J_Sleave_Reshape_Bottom_LE_1"
PART 6 "J_Sleave_Reshape_Bottom_LE_2"
PART 7 "J_Sleave_Reshape_Top_LE_1"
PART 8 "J_Sleave_Reshape_Top_LE_2"
PART 9 "J_Sleave_Reshape_Top_LE_3"
PART 10 "J_Wrist_LE"
PART 11 "J_Thumb_LE_0"
PART 12 "J_Thumb_LE_1"
PART 13 "J_Thumb_LE_2"
PART 14 "J_Thumb_LE_3"
PART 15 "J_PinkyPalm_LE"
PART 16 "J_Pinky_LE_0"
PART 17 "J_Pinky_LE_1"
PART 18 "J_Pinky_LE_2"
PART 19 "J_Pinky_LE_3"
PART 20 "J_RingPalm_LE"
PART 21 "J_Ring_LE_0"
PART 22 "J_Ring_LE_1"
PART 23 "J_Ring_LE_2"
PART 24 "J_Ring_LE_3"
PART 25 "J_Webbing_LE"
PART 26 "J_Index_LE_0"
PART 27 "J_Index_LE_1"
PART 28 "J_Index_LE_2"
PART 29 "J_Index_LE_3"
PART 30 "J_Mid_LE_0"
PART 31 "J_Mid_LE_1"
PART 32 "J_Mid_LE_2"
PART 33 "J_Mid_LE_3"
PART 34 "tag_knife_attach"
PART 35 "tag_weapon"
PART 36 "J_Gun"
PART 37 "J_bolt"
PART 38 "TAG_CLIP"
PART 39 "tag_flame_unit"
PART 40 "tag_flamer_bracket"
PART 41 "tag_flamer_bottle"
PART 42 "tag_flamer_button"
PART 43 "tag_flamer_ring"
PART 44 "tag_flamer_pilot_light"
PART 45 "J_Shoulder_RI"
PART 46 "J_Elbow_RI"
PART 47 "J_WristTwist_RI"
PART 48 "J_Sleave_Reshape_Top_RI_3"
PART 49 "J_Sleave_Reshape_Top_RI_2"
PART 50 "J_Sleave_Reshape_Top_RI_1"
PART 51 "J_Wrist_RI"
PART 52 "J_Thumb_RI_0"
PART 53 "J_Thumb_RI_1"
PART 54 "J_Thumb_RI_2"
PART 55 "J_Thumb_RI_3"
PART 56 "J_PinkyPalm_RI"
PART 57 "J_Pinky_RI_0"
PART 58 "J_Pinky_RI_1"
PART 59 "J_Pinky_RI_2"
PART 60 "J_Pinky_RI_3"
PART 61 "J_RingPalm_RI"
PART 62 "J_Ring_RI_0"
PART 63 "J_Ring_RI_1"
PART 64 "J_Ring_RI_2"
PART 65 "J_Ring_RI_3"
PART 66 "J_Webbing_RI"
PART 67 "J_Index_RI_0"
PART 68 "J_Index_RI_1"
PART 69 "J_Index_RI_2"
PART 70 "J_Index_RI_3"
PART 71 "J_Mid_RI_0"
PART 72 "J_Mid_RI_1"
PART 73 "J_Mid_RI_2"
PART 74 "J_Mid_RI_3"
PART 75 "tag_cambone"
PART 76 "tag_camera"
PART 77 "tag_gasmask"

FRAMERATE 30
NUMFRAMES 57

FRAME 700
PART 0
OFFSET  0.0000 -0.0000 -0.0000
X  1.0000 -0.0000  0.0000
Y  0.0000  1.0000  0.0000
Z  0.0000 -0.0000  1.0000

PART 1
OFFSET -4.6318 -0.0000 -1.3770
X  1.0000 -0.0000  0.0000
Y  0.0000  1.0000  0.0000
Z  0.0000 -0.0000  1.0000

PART 2
OFFSET -3.5060  6.3408 -6.7125
X  0.2313  0.0953 -0.9682
Y  0.4713 -0.8816  0.0258
Z -0.8511 -0.4623 -0.2488

PART 3
OFFSET -0.7089  7.4936 -18.4219
X  0.8858  0.0237 -0.4634
Y  0.4631 -0.1058  0.8800
Z -0.0282 -0.9941 -0.1047

PART 4
OFFSET  6.8256  7.6949 -22.3631
X  0.8858  0.0237 -0.4634
Y -0.0758  0.9927 -0.0942
Z  0.4577  0.1185  0.8811

PART 5
OFFSET  7.7499  9.5784 -23.5130
X  0.8832  0.0270 -0.4683
Y  0.0191  0.9955  0.0933
Z  0.4687 -0.0913  0.8786

PART 6
OFFSET  7.1219  7.1259 -24.0143
X  0.8832  0.0270 -0.4683
Y  0.0191  0.9955  0.0933
Z  0.4687 -0.0913  0.8786

PART 7
OFFSET  9.2356  8.9790 -21.8338
X  0.8832  0.0270 -0.4683
Y  0.0191  0.9955  0.0933
Z  0.4687 -0.0913  0.8786

PART 8
OFFSET  9.0892  7.4194 -21.9765
X  0.8832  0.0270 -0.4683
Y  0.0191  0.9955  0.0933
Z  0.4687 -0.0913  0.8786

PART 9
OFFSET  8.4713  6.3257 -22.3905
X  0.8832  0.0270 -0.4683
Y  0.0191  0.9955  0.0933
Z  0.4687 -0.0913  0.8786

PART 10
OFFSET  9.5413  7.7675 -23.7837
X  0.5046  0.8013 -0.3214
Y -0.7824  0.5818  0.2220
Z  0.3649  0.1394  0.9206

PART 11
OFFSET  9.1630  8.7466 -23.3360
X  0.2930  0.9444 -0.1490
Y -0.9471  0.2652 -0.1809
Z -0.1313  0.1941  0.9722

PART 12
OFFSET  9.6934  10.8219 -23.6216
X  0.6066  0.7029 -0.3714
Y -0.7629  0.6460 -0.0234
Z  0.2234  0.2975  0.9282

PART 13
OFFSET  10.7432  11.9515 -24.1157
X  0.3846  0.9030 -0.1917
Y -0.9231  0.3747 -0.0870
Z -0.0067  0.2104  0.9776

PART 14
OFFSET  11.1431  12.9440 -24.2798
X  0.0980  0.6086 -0.7874
Y  0.0593 -0.7934 -0.6059
Z -0.9934  0.0127 -0.1138

PART 15
OFFSET  10.8799  7.8507 -24.1073
X  0.8568  0.4693 -0.2137
Y  0.2324  0.0185  0.9724
Z  0.4603 -0.8828 -0.0933

PART 16
OFFSET  12.7664  9.0360 -24.4546
X -0.0132  0.4549  0.8905
Y -0.9260 -0.3416  0.1608
Z  0.3774 -0.8224  0.4257

PART 17
OFFSET  12.7478  9.6800 -23.1939
X -0.3908  0.2816  0.8763
Y -0.8267 -0.5259 -0.1997
Z  0.4047 -0.8025  0.4384

PART 18
OFFSET  12.4012  9.9297 -22.4169
X -0.6293  0.1171  0.7683
Y -0.6929 -0.5324 -0.4863
Z  0.3520 -0.8384  0.4162

PART 19
OFFSET  11.8034  10.0410 -21.6870
X  0.8654  0.3658 -0.3425
Y -0.0736 -0.5832 -0.8090
Z -0.4957  0.7253 -0.4778

PART 20
OFFSET  10.4199  8.3942 -24.1590
X  0.7227  0.5847 -0.3685
Y  0.3885  0.0973  0.9163
Z  0.5716 -0.8054 -0.1568

PART 21
OFFSET  12.4152  9.8988 -24.8756
X  0.4390  0.3687  0.8193
Y -0.8595 -0.0933  0.5025
Z  0.2618 -0.9248  0.2759

PART 22
OFFSET  13.1626  10.5265 -23.4806
X -0.4733  0.1342  0.8706
Y -0.8347 -0.3844 -0.3944
Z  0.2817 -0.9134  0.2939

PART 23
OFFSET  12.5067  10.7125 -22.2740
X -0.7492 -0.0240  0.6619
Y -0.5984 -0.4037 -0.6920
Z  0.2839 -0.9146  0.2881

PART 24
OFFSET  11.6941  10.6864 -21.5561
X  0.9696  0.2053 -0.1328
Y -0.0725 -0.2773 -0.9580
Z -0.2335  0.9386 -0.2540

PART 25
OFFSET  10.0501  11.2361 -23.9285
X  0.7276  0.6802 -0.0894
Y -0.2328  0.1223 -0.9648
Z -0.6453  0.7228  0.2473

PART 26
OFFSET  10.7818  11.2767 -25.2107
X  0.9291  0.3582  0.0922
Y -0.0950 -0.0099  0.9954
Z  0.3575 -0.9336  0.0248

PART 27
OFFSET  12.4176  11.9074 -25.0483
X  0.5322  0.1241  0.8375
Y -0.7790 -0.3156  0.5418
Z  0.3316 -0.9407 -0.0713

PART 28
OFFSET  13.0444  12.1154 -24.0258
X -0.1857 -0.0330  0.9820
Y -0.9074 -0.3778 -0.1843
Z  0.3771 -0.9253  0.0402

PART 29
OFFSET  12.8346  12.0781 -22.9166
X  0.9856  0.0915 -0.1420
Y -0.1463  0.0420 -0.9884
Z -0.0845  0.9949  0.0548

PART 30
OFFSET  11.6423  10.5851 -25.2521
X  0.6878  0.3986  0.6067
Y -0.6048 -0.1475  0.7826
Z  0.4014 -0.9052  0.1396

PART 31
OFFSET  12.9861  11.3637 -24.0670
X -0.1708  0.0867  0.9815
Y -0.9177 -0.3767 -0.1264
Z  0.3588 -0.9223  0.1439

PART 32
OFFSET  12.7366  11.4903 -22.6334
X -0.6964 -0.1545  0.7009
Y -0.6418 -0.3030 -0.7045
Z  0.3212 -0.9404  0.1119

PART 33
OFFSET  11.9507  11.3089 -21.8383
X  0.9234  0.3721 -0.0946
Y -0.0189 -0.2022 -0.9792
Z -0.3835  0.9059 -0.1797

PART 34
OFFSET  11.8871  9.8389 -23.3718
X  0.5522 -0.8284 -0.0934
Y -0.3649 -0.1394 -0.9206
Z  0.7496  0.5425 -0.3793

PART 35
OFFSET  8.2744  2.4792 -18.4876
X  0.3362  0.7876 -0.5165
Y -0.9067  0.1223 -0.4037
Z -0.2548  0.6040  0.7552

PART 36
OFFSET  8.2744  2.4792 -18.4876
X  0.3362  0.7876 -0.5165
Y -0.9067  0.1223 -0.4037
Z -0.2548  0.6040  0.7552

PART 37
OFFSET  9.7111  8.0431 -19.3312
X  0.3309  0.7997 -0.5009
Y -0.9067  0.1223 -0.4037
Z -0.2616  0.5878  0.7656

PART 38
OFFSET  9.6056  5.9666 -20.4582
X  0.3362  0.7876 -0.5165
Y -0.9067  0.1223 -0.4037
Z -0.2548  0.6040  0.7552

PART 39
OFFSET  8.6064  0.5039 -19.8316
X  0.3362  0.7876 -0.5165
Y -0.9067  0.1223 -0.4037
Z -0.2548  0.6040  0.7552

PART 40
OFFSET  13.5730  12.5920 -26.4494
X -0.3639  0.2574  0.8952
Y -0.2134 -0.9585  0.1889
Z  0.9067 -0.1223  0.4037

PART 41
OFFSET  13.5730  12.5920 -26.4494
X -0.9067  0.1223 -0.4037
Y -0.3362 -0.7876  0.5165
Z -0.2548  0.6040  0.7552

PART 42
OFFSET  13.2975  12.0137 -26.7240
X -0.9067  0.1223 -0.4037
Y -0.3362 -0.7876  0.5165
Z -0.2548  0.6040  0.7552

PART 43
OFFSET  12.0282  12.1849 -27.2891
X -0.6380 -0.2129 -0.7400
Y -0.3362 -0.7876  0.5165
Z -0.6928  0.5783  0.4309

PART 44
OFFSET  15.0784  19.1453 -32.5000
X  0.5763  0.8139  0.0740
Y -0.1646  0.2043 -0.9650
Z -0.8005  0.5439  0.2517

PART 45
OFFSET -7.2604 -4.8127 -5.4071
X -0.5961  0.3969  0.6979
Y  0.1944 -0.7721  0.6051
Z  0.7790  0.4964  0.3831

PART 46
OFFSET -0.0509 -9.6123 -13.8480
X -0.7752 -0.5622  0.2881
Y  0.2840 -0.7175 -0.6361
Z  0.5643 -0.4112  0.7158

PART 47
OFFSET  6.5422 -4.8303 -16.2987
X -0.7752 -0.5622  0.2881
Y  0.3565 -0.7658 -0.5353
Z  0.5216 -0.3122  0.7940

PART 48
OFFSET  6.7884 -3.0413 -17.1374
X -0.7785 -0.5567  0.2897
Y -0.5661  0.4235 -0.7072
Z  0.2710 -0.7146 -0.6449

PART 49
OFFSET  7.2194 -2.4524 -16.1600
X -0.7785 -0.5567  0.2897
Y -0.5661  0.4235 -0.7072
Z  0.2710 -0.7146 -0.6449

PART 50
OFFSET  8.1026 -3.0575 -15.3075
X -0.7785 -0.5567  0.2897
Y -0.5661  0.4235 -0.7072
Z  0.2710 -0.7146 -0.6449

PART 51
OFFSET  8.9186 -3.1067 -17.1820
X -0.1256 -0.9274  0.3523
Y  0.4967 -0.3662 -0.7869
Z  0.8588  0.0762  0.5066

PART 52
OFFSET  8.1431 -2.3674 -16.7891
X  0.5849 -0.8016  0.1238
Y  0.2112  0.0032 -0.9774
Z  0.7831  0.5978  0.1711

PART 53
OFFSET  6.8163 -0.6712 -16.9682
X -0.0519 -0.6014  0.7973
Y  0.6351 -0.6360 -0.4383
Z  0.7707  0.4836  0.4150

PART 54
OFFSET  6.8517  0.2075 -18.3279
X -0.3754  0.0878  0.9227
Y  0.4520 -0.8518  0.2649
Z  0.8092  0.5165  0.2800

PART 55
OFFSET  7.2130  0.1034 -19.3430
X -0.7037 -0.4425  0.5558
Y -0.5332 -0.1882 -0.8248
Z  0.4696 -0.8768 -0.1035

PART 56
OFFSET  9.3831 -2.7294 -18.4251
X -0.1270 -0.6280  0.7678
Y  0.8910  0.2679  0.3665
Z -0.4359  0.7307  0.5255

PART 57
OFFSET  9.4957 -1.2449 -20.1186
X  0.8463 -0.1640  0.5068
Y  0.5046  0.5514 -0.6643
Z -0.1705  0.8180  0.5494

PART 58
OFFSET  8.2975 -1.0126 -20.8361
X  0.8569  0.3960 -0.3301
Y -0.4962  0.4596 -0.7366
Z -0.1400  0.7949  0.5903

PART 59
OFFSET  7.5378 -1.3638 -20.5434
X  0.1096  0.5652 -0.8176
Y -0.9775 -0.0880 -0.1919
Z -0.1805  0.8202  0.5428

PART 60
OFFSET  7.4337 -1.9008 -19.7666
X  0.5558 -0.4957  0.6674
Y -0.8313 -0.3265  0.4498
Z -0.0050 -0.8048 -0.5935

PART 61
OFFSET  9.2006 -2.2714 -17.9089
X -0.1145 -0.7696  0.6282
Y  0.8696  0.2281  0.4379
Z -0.4803  0.5965  0.6431

PART 62
OFFSET  9.5883 -0.3577 -19.6252
X  0.7920 -0.1133  0.5999
Y  0.5544  0.5451 -0.6289
Z -0.2557  0.8307  0.4945

PART 63
OFFSET  8.2399 -0.1648 -20.6466
X  0.7286  0.5032 -0.4648
Y -0.6418  0.2644 -0.7198
Z -0.2393  0.8228  0.5156

PART 64
OFFSET  7.2301 -0.8622 -20.0024
X -0.0591  0.5213 -0.8513
Y -0.9681 -0.2380 -0.0785
Z -0.2435  0.8195  0.5187

PART 65
OFFSET  7.2942 -1.4275 -19.0791
X  0.5894 -0.2509  0.7679
Y -0.7479 -0.5287  0.4014
Z  0.3053 -0.8109 -0.4993

PART 66
OFFSET  8.4362 -6.6161 -14.7787
X  0.0246 -0.7806  0.6246
Y -0.8381 -0.3566 -0.4127
Z  0.5449 -0.5133 -0.6630

PART 67
OFFSET  9.3524  0.8115 -17.7730
X -0.1441 -0.8202  0.5536
Y  0.9152  0.1022  0.3898
Z -0.3763  0.5628  0.7360

PART 68
OFFSET  9.6062  2.2556 -18.7477
X -0.1168 -0.8129  0.5705
Y  0.8979  0.1591  0.4105
Z -0.4244  0.5602  0.7113

PART 69
OFFSET  9.7224  3.2779 -19.3981
X -0.0824 -0.8493  0.5215
Y  0.9069  0.1531  0.3926
Z -0.4133  0.5053  0.7576

PART 70
OFFSET  9.8154  4.2372 -19.9871
X -0.9081  0.2804 -0.3111
Y  0.4043  0.7806 -0.4766
Z  0.1092 -0.5586 -0.8222

PART 71
OFFSET  9.7238  0.3017 -18.6800
X  0.7097 -0.1921  0.6778
Y  0.5947  0.6791 -0.4303
Z -0.3776  0.7085  0.5962

PART 72
OFFSET  8.3373  0.6769 -20.0041
X  0.7862  0.5837 -0.2028
Y -0.4753  0.3614 -0.8022
Z -0.3949  0.7271  0.5616

PART 73
OFFSET  7.1889 -0.1757 -19.7079
X  0.0124  0.5883 -0.8085
Y -0.8979 -0.3493 -0.2680
Z -0.4401  0.7293  0.5239

PART 74
OFFSET  7.1774 -0.8474 -18.7960
X  0.5921 -0.2746  0.7576
Y -0.7260 -0.5899  0.3536
Z  0.3498 -0.7594 -0.5486

PART 75
OFFSET  0.0000 -0.0000 -0.0000
X  1.0000 -0.0000  0.0000
Y  0.0000  1.0000  0.0000
Z  0.0000 -0.0000  1.0000

PART 76
OFFSET  0.0000 -0.0000 -0.0000
X  1.0000 -0.0000  0.0000
Y  0.0000  1.0000  0.0000
Z  0.0000 -0.0000  1.0000

PART 77
OFFSET  1.5404 -0.0000  4.1357
X  1.0000 -0.0000  0.0000
Y  0.0000  1.0000  0.0000
Z  0.0000 -0.0000  1.0000


FRAME 701
PART 0
OFFSET  0.0000 -0.0000 -0.0000
X  1.0000 -0.0000  0.0000
Y  0.0000  1.0000  0.0000
Z  0.0000 -0.0000  1.0000

PART 1
OFFSET -4.6318 -0.0000 -1.3770
X  1.0000 -0.0000  0.0000
Y  0.0000  1.0000  0.0000
Z  0.0000 -0.0000  1.0000

PART 2
OFFSET -3.5060  6.3408 -6.7125
X  0.2209  0.1064 -0.9695
Y  0.4731 -0.8809  0.0111
Z -0.8529 -0.4611 -0.2449

PART 3
OFFSET -0.8345  7.6273 -18.4373
X  0.8821  0.0301 -0.4701
Y  0.4702 -0.1147  0.8751
Z -0.0276 -0.9929 -0.1153

PART 4
OFFSET  6.6682  7.8830 -22.4356
X  0.8821  0.0301 -0.4701
Y -0.0992  0.9875 -0.1229
Z  0.4605  0.1550  0.8740

PART 5
OFFSET  7.5807  9.7803 -23.5722
X  0.8794  0.0334 -0.4750
Y  0.0184  0.9944  0.1040
Z  0.4758 -0.1002  0.8738

PART 6
OFFSET  6.9522  7.3324 -24.0952
X  0.8794  0.0334 -0.4750
Y  0.0184  0.9944  0.1040
Z  0.4758 -0.1002  0.8738

PART 7
OFFSET  9.0805  9.1648 -21.9114
X  0.8794  0.0334 -0.4750
Y  0.0184  0.9944  0.1040
Z  0.4758 -0.1002  0.8738

PART 8
OFFSET  8.9351  7.6067 -22.0699
X  0.8794  0.0334 -0.4750
Y  0.0184  0.9944  0.1040
Z  0.4758 -0.1002  0.8738

PART 9
OFFSET  8.3156  6.5166 -22.4910
X  0.8794  0.0334 -0.4750
Y  0.0184  0.9944  0.1040
Z  0.4758 -0.1002  0.8738

PART 10
OFFSET  9.3724  7.9751 -23.8768
X  0.4765  0.8083 -0.3459
Y -0.7992  0.5622  0.2125
Z  0.3663  0.1752  0.9139

PART 11
OFFSET  8.9659  8.9532 -23.4520
X  0.2615  0.9491 -0.1758
Y -0.9563  0.2300 -0.1807
Z -0.1311  0.2153  0.9677

PART 12
OFFSET  9.4274  11.0361 -23.7955
X  0.5813  0.7119 -0.3941
Y -0.7834  0.6205 -0.0346
Z  0.2199  0.3288  0.9184

PART 13
OFFSET  10.4372  12.1852 -24.3268
X  0.3541  0.9094 -0.2180
Y -0.9352  0.3426 -0.0899
Z -0.0071  0.2357  0.9718

PART 14
OFFSET  10.8039  13.1853 -24.5196
X  0.0732  0.5905 -0.8037
Y  0.0807 -0.8067 -0.5854
Z -0.9940 -0.0220 -0.1067

PART 15
OFFSET  10.7055  8.0925 -24.2124
X  0.8399  0.4906 -0.2322
Y  0.2381  0.0514  0.9699
Z  0.4878 -0.8699 -0.0736

PART 16
OFFSET  12.5507  9.3279 -24.6044
X -0.0219  0.4775  0.8784
Y -0.9134 -0.3667  0.1765
Z  0.4064 -0.7985  0.4442

PART 17
OFFSET  12.5196  10.0039 -23.3608
X -0.3939  0.2920  0.8715
Y -0.8107 -0.5571 -0.1798
Z  0.4331 -0.7774  0.4562

PART 18
OFFSET  12.1704  10.2628 -22.5881
X -0.6277  0.1172  0.7696
Y -0.6786 -0.5668 -0.4671
Z  0.3815 -0.8155  0.4353

PART 19
OFFSET  11.5741  10.3741 -21.8569
X  0.8509  0.3841 -0.3583
Y -0.0602 -0.6064 -0.7929
Z -0.5219  0.6962 -0.4928

PART 20
OFFSET  10.2280  8.6194 -24.2748
X  0.7011  0.5976 -0.3890
Y  0.3911  0.1338  0.9106
Z  0.5962 -0.7906 -0.1400

PART 21
OFFSET  12.1692  10.1676 -25.0451
X  0.4323  0.4040  0.8062
Y -0.8528 -0.1075  0.5111
Z  0.2931 -0.9084  0.2980

PART 22
OFFSET  12.9052  10.8554 -23.6726
X -0.4716  0.1419  0.8703
Y -0.8245 -0.4211 -0.3781
Z  0.3128 -0.8958  0.3156

PART 23
OFFSET  12.2516  11.0520 -22.4664
X -0.7437 -0.0305  0.6678
Y -0.5897 -0.4407 -0.6768
Z  0.3150 -0.8971  0.3098

PART 24
OFFSET  11.4450  11.0189 -21.7421
X  0.9617  0.2326 -0.1453
Y -0.0699 -0.3046 -0.9499
Z -0.2652  0.9236 -0.2767

PART 25
OFFSET  9.7687  11.4532 -24.1158
X  0.7048  0.7005 -0.1125
Y -0.2429  0.0893 -0.9659
Z -0.6666  0.7081  0.2331

PART 26
OFFSET  10.4903  11.4834 -25.4040
X  0.9177  0.3900  0.0760
Y -0.0881  0.0132  0.9960
Z  0.3874 -0.9207  0.0465

PART 27
OFFSET  12.1060  12.1700 -25.2702
X  0.5334  0.1630  0.8300
Y -0.7649 -0.3260  0.5556
Z  0.3611 -0.9312 -0.0492

PART 28
OFFSET  12.7325  12.4248 -24.2582
X -0.1781 -0.0131  0.9839
Y -0.8960 -0.4113 -0.1677
Z  0.4068 -0.9114  0.0615

PART 29
OFFSET  12.5313  12.4100 -23.1468
X  0.9812  0.1192 -0.1516
Y -0.1540  0.0113 -0.9880
Z -0.1160  0.9928  0.0294

PART 30
OFFSET  11.3722  10.8188 -25.4337
X  0.6787  0.4361  0.5909
Y -0.5946 -0.1461  0.7907
Z  0.4312 -0.8879  0.1602

PART 31
OFFSET  12.6980  11.6708 -24.2793
X -0.1670  0.1070  0.9801
Y -0.9059 -0.4090 -0.1097
Z  0.3891 -0.9062  0.1652

PART 32
OFFSET  12.4541  11.8271 -22.8477
X -0.6864 -0.1581  0.7098
Y -0.6364 -0.3418 -0.6915
Z  0.3520 -0.9264  0.1340

PART 33
OFFSET  11.6796  11.6416 -22.0423
X  0.9103  0.3988 -0.1111
Y -0.0188 -0.2284 -0.9734
Z -0.4136  0.8881 -0.2004

PART 34
OFFSET  11.6532  10.1305 -23.5365
X  0.5779 -0.8125 -0.0759
Y -0.3663 -0.1752 -0.9139
Z  0.7293  0.5559 -0.3988

PART 35
OFFSET  8.3108  2.7903 -18.4353
X  0.3073  0.7840 -0.5393
Y -0.9128  0.0826 -0.4000
Z -0.2691  0.6152  0.7410

PART 36
OFFSET  8.3108  2.7903 -18.4353
X  0.3073  0.7840 -0.5393
Y -0.9128  0.0826 -0.4000
Z -0.2691  0.6152  0.7410

PART 37
OFFSET  9.5626  8.3731 -19.4344
X  0.3018  0.7964 -0.5241
Y -0.9128  0.0826 -0.4000
Z -0.2753  0.5991  0.7519

PART 38
OFFSET  9.5164  6.2654 -20.5060
X  0.3073  0.7840 -0.5393
Y -0.9128  0.0826 -0.4000
Z -0.2691  0.6152  0.7410

PART 39
OFFSET  8.6972  0.7919 -19.7297
X  0.3073  0.7840 -0.5393
Y -0.9128  0.0826 -0.4000
Z -0.2691  0.6152  0.7410

PART 40
OFFSET  13.2296  12.8541 -26.6973
X -0.3660  0.2691  0.8908
Y -0.1813 -0.9596  0.2154
Z  0.9128 -0.0826  0.4000

PART 41
OFFSET  13.2296  12.8541 -26.6973
X -0.9128  0.0826 -0.4000
Y -0.3073 -0.7840  0.5393
Z -0.2691  0.6152  0.7410

PART 42
OFFSET  12.9710  12.2603 -26.9546
X -0.9128  0.0826 -0.4000
Y -0.3073 -0.7840  0.5393
Z -0.2691  0.6152  0.7410

PART 43
OFFSET  11.6931  12.3759 -27.5146
X -0.6357 -0.2526 -0.7295
Y -0.3073 -0.7840  0.5393
Z -0.7081  0.5670  0.4208

PART 44
OFFSET  14.4840  19.2906 -32.9278
X  0.5504  0.8335  0.0485
Y -0.1774  0.1735 -0.9687
Z -0.8159  0.5245  0.2434

PART 45
OFFSET -7.2604 -4.8127 -5.4071
X -0.6176  0.3749  0.6914
Y  0.2013 -0.7744  0.5997
Z  0.7603  0.5096  0.4028

PART 46
OFFSET  0.2084 -9.3466 -13.7691
X -0.7721 -0.5713  0.2783
Y  0.2990 -0.7130 -0.6343
Z  0.5608 -0.4065  0.7213

PART 47
OFFSET  6.7755 -4.4874 -16.1361
X -0.7721 -0.5713  0.2783
Y  0.3769 -0.7643 -0.5233
Z  0.5116 -0.2991  0.8055

PART 48
OFFSET  7.0114 -2.6939 -16.9684
X -0.7755 -0.5659  0.2799
Y -0.5627  0.4188 -0.7127
Z  0.2861 -0.7102 -0.6432

PART 49
OFFSET  7.4250 -2.1024 -15.9851
X -0.7755 -0.5659  0.2799
Y -0.5627  0.4188 -0.7127
Z  0.2861 -0.7102 -0.6432

PART 50
OFFSET  8.3052 -2.6997 -15.1239
X -0.7755 -0.5659  0.2799
Y -0.5627  0.4188 -0.7127
Z  0.2861 -0.7102 -0.6432

PART 51
OFFSET  9.1426 -2.7359 -16.9892
X -0.0934 -0.9214  0.3773
Y  0.5030 -0.3707 -0.7807
Z  0.8592  0.1169  0.4981

PART 52
OFFSET  8.3464 -2.0117 -16.6101
X  0.6111 -0.7790  0.1403
Y  0.2045 -0.0158 -0.9787
Z  0.7647  0.6268  0.1496

PART 53
OFFSET  6.9647 -0.3639 -16.8235
X -0.0274 -0.5815  0.8131
Y  0.6523 -0.6267 -0.4263
Z  0.7575  0.5187  0.3965

PART 54
OFFSET  6.9629  0.4794 -18.2059
X -0.3719  0.1000  0.9229
Y  0.4808 -0.8296  0.2837
Z  0.7940  0.5493  0.2605

PART 55
OFFSET  7.3206  0.3602 -19.2206
X -0.6855 -0.4499  0.5724
Y -0.5323 -0.2267 -0.8157
Z  0.4968 -0.8638 -0.0841

PART 56
OFFSET  9.5866 -2.3768 -18.2452
X -0.1017 -0.6113  0.7848
Y  0.8843  0.3058  0.3528
Z -0.4557  0.7300  0.5095

PART 57
OFFSET  9.6404 -0.9345 -19.9777
X  0.8545 -0.1235  0.5046
Y  0.4823  0.5496 -0.6822
Z -0.1930  0.8263  0.5292

PART 58
OFFSET  8.4306 -0.7596 -20.6920
X  0.8415  0.4143 -0.3467
Y -0.5155  0.4240 -0.7446
Z -0.1615  0.8053  0.5704

PART 59
OFFSET  7.6845 -1.1270 -20.3847
X  0.0861  0.5467 -0.8329
Y -0.9754 -0.1242 -0.1823
Z -0.2031  0.8280  0.5226

PART 60
OFFSET  7.6028 -1.6464 -19.5934
X  0.5758 -0.4599  0.6759
Y -0.8174 -0.3410  0.4644
Z  0.0169 -0.8199 -0.5723

PART 61
OFFSET  9.3928 -1.9115 -17.7397
X -0.0856 -0.7560  0.6489
Y  0.8647  0.2672  0.4253
Z -0.4950  0.5975  0.6308

PART 62
OFFSET  9.7076 -0.0322 -19.5083
X  0.7992 -0.0721  0.5968
Y  0.5324  0.5458 -0.6470
Z -0.2790  0.8348  0.4746

PART 63
OFFSET  8.3470  0.0906 -20.5243
X  0.7090  0.5138 -0.4831
Y -0.6547  0.2247 -0.7217
Z -0.2622  0.8280  0.4957

PART 64
OFFSET  7.3645 -0.6214 -19.8547
X -0.0814  0.4966 -0.8642
Y -0.9604 -0.2707 -0.0651
Z -0.2663  0.8247  0.4990

PART 65
OFFSET  7.4527 -1.1599 -18.9174
X  0.6022 -0.2116  0.7698
Y -0.7279 -0.5416  0.4205
Z  0.3279 -0.8136 -0.4802

PART 66
OFFSET  8.7890 -6.1944 -14.4917
X  0.0537 -0.7627  0.6445
Y -0.8289 -0.3939 -0.3971
Z  0.5567 -0.5129 -0.6534

PART 67
OFFSET  9.4465  1.1773 -17.6855
X -0.1242 -0.8156  0.5651
Y  0.9121  0.1305  0.3887
Z -0.3908  0.5637  0.7277

PART 68
OFFSET  9.6652  2.6133 -18.6805
X -0.0194 -0.7882  0.6151
Y  0.8983  0.2563  0.3568
Z -0.4389  0.5595  0.7031

PART 69
OFFSET  9.6621  3.6055 -19.3856
X  0.0434 -0.8160  0.5764
Y  0.9061  0.2752  0.3214
Z -0.4208  0.5083  0.7514

PART 70
OFFSET  9.6131  4.5272 -20.0366
X -0.9505  0.1602 -0.2664
Y  0.2862  0.7853 -0.5489
Z  0.1212 -0.5980 -0.7923

PART 71
OFFSET  9.8281  0.6558 -18.5816
X  0.7200 -0.1514  0.6773
Y  0.5697  0.6862 -0.4523
Z -0.3962  0.7115  0.5803

PART 72
OFFSET  8.4216  0.9517 -19.9047
X  0.7657  0.6030 -0.2238
Y -0.4919  0.3248 -0.8078
Z -0.4144  0.7286  0.5453

PART 73
OFFSET  7.3032  0.0709 -19.5778
X -0.0118  0.5669 -0.8237
Y -0.8879 -0.3847 -0.2521
Z -0.4598  0.7284  0.5080

PART 74
OFFSET  7.3192 -0.5766 -18.6487
X  0.6056 -0.2356  0.7601
Y -0.7043 -0.6032  0.3742
Z  0.3704 -0.7620 -0.5312

PART 75
OFFSET  0.0000 -0.0000 -0.0000
X  1.0000 -0.0000  0.0000
Y  0.0000  1.0000  0.0000
Z  0.0000 -0.0000  1.0000

PART 76
OFFSET  0.0000 -0.0000 -0.0000
X  1.0000 -0.0003  0.0009
Y  0.0003  1.0000 -0.0002
Z -0.0009  0.0002  1.0000

PART 77
OFFSET  1.5366  0.0004  4.1372
X  1.0000 -0.0003  0.0009
Y  0.0003  1.0000 -0.0002
Z -0.0009  0.0002  1.0000


FRAME 702
PART 0
OFFSET  0.0000 -0.0000 -0.0000
X  1.0000 -0.0000  0.0000
Y  0.0000  1.0000  0.0000
Z  0.0000 -0.0000  1.0000

PART 1
OFFSET -4.6318 -0.0000 -1.3770
X  1.0000 -0.0000  0.0000
Y  0.0000  1.0000  0.0000
Z  0.0000 -0.0000  1.0000

PART 2
OFFSET -3.5060  6.3408 -6.7125
X  0.1957  0.1291 -0.9721
Y  0.4431 -0.8960 -0.0298
Z -0.8748 -0.4249 -0.2326

PART 3
OFFSET -1.1388  7.9021 -18.4693
X  0.9206 -0.0033 -0.3905
Y  0.3851 -0.1580  0.9093
Z -0.0647 -0.9874 -0.1442

PART 4
OFFSET  6.6913  7.8744 -21.7904
X  0.9206 -0.0033 -0.3905
Y -0.0439  0.9928 -0.1117
Z  0.3880  0.1200  0.9138

PART 5
OFFSET  7.7901  9.7493 -22.7912
X  0.9185  0.0003 -0.3955
Y  0.0565  0.9896  0.1321
Z  0.3914 -0.1437  0.9089

PART 6
OFFSET  7.0942  7.3484 -23.4333
X  0.9185  0.0003 -0.3955
Y  0.0565  0.9896  0.1321
Z  0.3914 -0.1437  0.9089

PART 7
OFFSET  9.1063  9.0220 -21.0235
X  0.9185  0.0003 -0.3955
Y  0.0565  0.9896  0.1321
Z  0.3914 -0.1437  0.9089

PART 8
OFFSET  8.9014  7.4771 -21.2363
X  0.9185  0.0003 -0.3955
Y  0.0565  0.9896  0.1321
Z  0.3914 -0.1437  0.9089

PART 9
OFFSET  8.2701  6.4292 -21.7391
X  0.9185  0.0003 -0.3955
Y  0.0565  0.9896  0.1321
Z  0.3914 -0.1437  0.9089

PART 10
OFFSET  9.5136  7.8644 -22.9875
X  0.5007  0.8054 -0.3171
Y -0.7886  0.5755  0.2165
Z  0.3569  0.1416  0.9234

PART 11
OFFSET  9.1244  8.8402 -22.5420
X  0.2867  0.9468 -0.1462
Y -0.9477  0.2579 -0.1878
Z -0.1401  0.1924  0.9713

PART 12
OFFSET  9.6406  10.9198 -22.8221
X  0.6039  0.7079 -0.3663
Y -0.7678  0.6401 -0.0287
Z  0.2141  0.2986  0.9300

PART 13
OFFSET  10.6852  12.0579 -23.3076
X  0.3789  0.9061 -0.1882
Y -0.9253  0.3675 -0.0936
Z -0.0157  0.2096  0.9777

PART 14
OFFSET  11.0785  13.0536 -23.4680
X  0.0991  0.6100 -0.7862
Y  0.0700 -0.7924 -0.6059
Z -0.9926  0.0050 -0.1212

PART 15
OFFSET  10.8539  7.9584 -23.3010
X  0.8547  0.4761 -0.2069
Y  0.2250  0.0195  0.9742
Z  0.4679 -0.8792 -0.0904

PART 16
OFFSET  12.7336  9.1586 -23.6333
X -0.0234  0.4541  0.8907
Y -0.9244 -0.3490  0.1536
Z  0.3806 -0.8198  0.4279

PART 17
OFFSET  12.7005  9.8015 -22.3723
X -0.3996  0.2779  0.8736
Y -0.8211 -0.5322 -0.2063
Z  0.4076 -0.7997  0.4409

PART 18
OFFSET  12.3462  10.0479 -21.5978
X -0.6359  0.1116  0.7636
Y -0.6850 -0.5374 -0.4919
Z  0.3555 -0.8359  0.4182

PART 19
OFFSET  11.7421  10.1540 -20.8723
X  0.8650  0.3729 -0.3358
Y -0.0630 -0.5832 -0.8099
Z -0.4978  0.7217 -0.4810

PART 20
OFFSET  10.3901  8.4982 -23.3557
X  0.7209  0.5906 -0.3627
Y  0.3808  0.0997  0.9193
Z  0.5791 -0.8008 -0.1531

PART 21
OFFSET  12.3788  10.0189 -24.0563
X  0.4300  0.3715  0.8229
Y -0.8625 -0.1004  0.4960
Z  0.2669 -0.9230  0.2773

PART 22
OFFSET  13.1108  10.6514 -22.6554
X -0.4808  0.1299  0.8672
Y -0.8286 -0.3906 -0.4010
Z  0.2867 -0.9113  0.2954

PART 23
OFFSET  12.4445  10.8314 -21.4536
X -0.7539 -0.0304  0.6562
Y -0.5900 -0.4079 -0.6968
Z  0.2888 -0.9125  0.2896

PART 24
OFFSET  11.6268  10.7985 -20.7418
X  0.9690  0.2130 -0.1254
Y -0.0632 -0.2772 -0.9587
Z -0.2390  0.9369 -0.2551

PART 25
OFFSET  9.9963  11.3370 -23.1261
X  0.7229  0.6859 -0.0834
Y -0.2265  0.1212 -0.9664
Z -0.6528  0.7175  0.2429

PART 26
OFFSET  10.7373  11.3843 -24.4027
X  0.9255  0.3654  0.0994
Y -0.1024 -0.0114  0.9947
Z  0.3646 -0.9308  0.0268

PART 27
OFFSET  12.3668  12.0276 -24.2276
X  0.5249  0.1277  0.8415
Y -0.7805 -0.3221  0.5357
Z  0.3394 -0.9381 -0.0694

PART 28
OFFSET  12.9843  12.2398 -23.2003
X -0.1928 -0.0352  0.9806
Y -0.9030 -0.3847 -0.1914
Z  0.3840 -0.9224  0.0424

PART 29
OFFSET  12.7665  12.2000 -22.0927
X  0.9859  0.0993 -0.1345
Y -0.1392  0.0416 -0.9894
Z -0.0927  0.9942  0.0548

PART 30
OFFSET  11.6035  10.6995 -24.4382
X  0.6801  0.4035  0.6121
Y -0.6094 -0.1528  0.7780
Z  0.4074 -0.9021  0.1419

PART 31
OFFSET  12.9321  11.4877 -23.2425
X -0.1788  0.0846  0.9802
Y -0.9137 -0.3838 -0.1335
Z  0.3649 -0.9195  0.1459

PART 32
OFFSET  12.6710  11.6113 -21.8107
X -0.7004 -0.1604  0.6955
Y -0.6341 -0.3075 -0.7094
Z  0.3277 -0.9379  0.1136

PART 33
OFFSET  11.8806  11.4231 -21.0216
X  0.9211  0.3794 -0.0875
Y -0.0099 -0.2016 -0.9794
Z -0.3892  0.9030 -0.1820

PART 34
OFFSET  11.8400  9.9538 -22.5566
X  0.5594 -0.8240 -0.0898
Y -0.3569 -0.1416 -0.9234
Z  0.7481  0.5486 -0.3733

PART 35
OFFSET  8.2485  2.5624 -17.7047
X  0.3339  0.7905 -0.5134
Y -0.9046  0.1155 -0.4104
Z -0.2651  0.6014  0.7537

PART 36
OFFSET  8.2485  2.5624 -17.7047
X  0.3339  0.7905 -0.5134
Y -0.9046  0.1155 -0.4104
Z -0.2651  0.6014  0.7537

PART 37
OFFSET  9.6479  8.1381 -18.5337
X  0.3284  0.8027 -0.4979
Y -0.9046  0.1155 -0.4104
Z -0.2719  0.5851  0.7640

PART 38
OFFSET  9.5671  6.0616 -19.6628
X  0.3339  0.7905 -0.5134
Y -0.9046  0.1155 -0.4104
Z -0.2651  0.6014  0.7537

PART 39
OFFSET  8.6060  0.5908 -19.0475
X  0.3339  0.7905 -0.5134
Y -0.9046  0.1155 -0.4104
Z -0.2651  0.6014  0.7537

PART 40
OFFSET  13.5273  12.7223 -25.6196
X -0.3726  0.2539  0.8926
Y -0.2073 -0.9603  0.1866
Z  0.9046 -0.1155  0.4104

PART 41
OFFSET  13.5273  12.7223 -25.6196
X -0.9046  0.1155 -0.4104
Y -0.3339 -0.7905  0.5134
Z -0.2651  0.6014  0.7537

PART 42
OFFSET  13.2584  12.1421 -25.8966
X -0.9046  0.1155 -0.4104
Y -0.3339 -0.7905  0.5134
Z -0.2651  0.6014  0.7537

PART 43
OFFSET  11.9921  12.3038 -26.4712
X -0.6308 -0.2174 -0.7449
Y -0.3339 -0.7905  0.5134
Z -0.7005  0.5725  0.4261

PART 44
OFFSET  15.0267  19.2916 -31.6543
X  0.5694  0.8183  0.0789
Y -0.1590  0.2038 -0.9660
Z -0.8066  0.5375  0.2461

PART 45
OFFSET -7.2604 -4.8127 -5.4071
X -0.6050  0.4203  0.6763
Y  0.1724 -0.7600  0.6266
Z  0.7774  0.4956  0.3873

PART 46
OFFSET  0.0559 -9.8961 -13.5859
X -0.7666 -0.5943  0.2430
Y  0.3402 -0.6970 -0.6312
Z  0.5446 -0.4012  0.7365

PART 47
OFFSET  6.5764 -4.8412 -15.6530
X -0.7666 -0.5943  0.2430
Y  0.3835 -0.7274 -0.5691
Z  0.5150 -0.3431  0.7856

PART 48
OFFSET  6.7958 -3.0319 -16.4550
X -0.7703 -0.5890  0.2445
Y -0.5472  0.4133 -0.7279
Z  0.3276 -0.6944 -0.6406

PART 49
OFFSET  7.1579 -2.4426 -15.4502
X -0.7703 -0.5890  0.2445
Y -0.5472  0.4133 -0.7279
Z  0.3276 -0.6944 -0.6406

PART 50
OFFSET  8.0214 -3.0281 -14.5645
X -0.7703 -0.5890  0.2445
Y -0.5472  0.4133 -0.7279
Z  0.3276 -0.6944 -0.6406

PART 51
OFFSET  8.9267 -3.0192 -16.3981
X -0.1209 -0.9286  0.3507
Y  0.5054 -0.3617 -0.7834
Z  0.8544  0.0825  0.5131

PART 52
OFFSET  8.1425 -2.2863 -16.0106
X  0.5902 -0.7971  0.1276
Y  0.2184  0.0055 -0.9758
Z  0.7771  0.6038  0.1774

PART 53
OFFSET  6.8039 -0.6004 -16.1984
X -0.0532 -0.6023  0.7965
Y  0.6433 -0.6307 -0.4340
Z  0.7637  0.4893  0.4211

PART 54
OFFSET  6.8426  0.2796 -17.5572
X -0.3830  0.0842  0.9199
Y  0.4566 -0.8484  0.2677
Z  0.8030  0.5226  0.2865

PART 55
OFFSET  7.2122  0.1791 -18.5697
X -0.7044 -0.4484  0.5502
Y -0.5255 -0.1917 -0.8289
Z  0.4772 -0.8730 -0.1006

PART 56
OFFSET  9.3976 -2.6374 -17.6375
X -0.1278 -0.6295  0.7664
Y  0.8861  0.2746  0.3734
Z -0.4455  0.7268  0.5227

PART 57
OFFSET  9.5112 -1.1508 -19.3291
X  0.8438 -0.1578  0.5130
Y  0.5053  0.5558 -0.6601
Z -0.1810  0.8162  0.5487

PART 58
OFFSET  8.3166 -0.9273 -20.0554
X  0.8562  0.4029 -0.3234
Y -0.4942  0.4563 -0.7400
Z -0.1506  0.7934  0.5898

PART 59
OFFSET  7.5575 -1.2846 -19.7686
X  0.1113  0.5667 -0.8164
Y -0.9753 -0.0955 -0.1993
Z -0.1909  0.8184  0.5420

PART 60
OFFSET  7.4518 -1.8230 -18.9930
X  0.5547 -0.4918  0.6712
Y -0.8320 -0.3334  0.4434
Z  0.0057 -0.8044 -0.5941

PART 61
OFFSET  9.2076 -2.1812 -17.1223
X -0.1132 -0.7709  0.6268
Y  0.8645  0.2346  0.4446
Z -0.4897  0.5922  0.6399

PART 62
OFFSET  9.5931 -0.2633 -18.8344
X  0.7884 -0.1076  0.6057
Y  0.5548  0.5499 -0.6244
Z -0.2659  0.8283  0.4932

PART 63
OFFSET  8.2509 -0.0802 -19.8657
X  0.7281  0.5092 -0.4590
Y -0.6384  0.2599 -0.7245
Z -0.2496  0.8205  0.5143

PART 64
OFFSET  7.2419 -0.7858 -19.2296
X -0.0568  0.5215 -0.8514
Y -0.9656 -0.2455 -0.0860
Z -0.2538  0.8172  0.5174

PART 65
OFFSET  7.3034 -1.3514 -18.3062
X  0.5856 -0.2468  0.7721
Y -0.7467 -0.5349  0.3954
Z  0.3154 -0.8081 -0.4975

PART 66
OFFSET  8.4538 -6.5340 -14.0009
X  0.0260 -0.7808  0.6242
Y -0.8322 -0.3629 -0.4192
Z  0.5539 -0.5085 -0.6593

PART 67
OFFSET  9.3342  0.9027 -16.9832
X -0.1769 -0.8402  0.5127
Y  0.9028  0.0689  0.4245
Z -0.3920  0.5379  0.7463

PART 68
OFFSET  9.6457  2.3820 -17.8859
X  0.1211 -0.7588  0.6400
Y  0.8901  0.3683  0.2683
Z -0.4393  0.5372  0.7200

PART 69
OFFSET  9.4718  3.3370 -18.6202
X  0.2508 -0.7494  0.6128
Y  0.8762  0.4449  0.1855
Z -0.4116  0.4904  0.7682

PART 70
OFFSET  9.1886  4.1835 -19.3124
X -0.9884 -0.0197 -0.1509
Y  0.0801  0.7755 -0.6262
Z  0.1294 -0.6310 -0.7649

PART 71
OFFSET  9.7164  0.3965 -17.8878
X  0.7061 -0.1870  0.6829
Y  0.5926  0.6840 -0.4254
Z -0.3876  0.7051  0.5938

PART 72
OFFSET  8.3369  0.7618 -19.2219
X  0.7831  0.5900 -0.1965
Y -0.4721  0.3583 -0.8055
Z -0.4048  0.7235  0.5591

PART 73
OFFSET  7.1931 -0.1000 -18.9349
X  0.0139  0.5890 -0.8080
Y -0.8931 -0.3561 -0.2749
Z -0.4497  0.7254  0.5211

PART 74
OFFSET  7.1800 -0.7724 -18.0236
X  0.5885 -0.2706  0.7619
Y -0.7240 -0.5958  0.3477
Z  0.3598 -0.7562 -0.5465

PART 75
OFFSET  0.0000 -0.0000 -0.0000
X  1.0000 -0.0000  0.0000
Y  0.0000  1.0000  0.0000
Z  0.0000 -0.0000  1.0000

PART 76
OFFSET  0.0000 -0.0000 -0.0000
X  1.0000 -0.0012  0.0034
Y  0.0012  1.0000 -0.0008
Z -0.0034  0.0008  1.0000

PART 77
OFFSET  1.5262  0.0014  4.1410
X  1.0000 -0.0012  0.0034
Y  0.0012  1.0000 -0.0008
Z -0.0034  0.0008  1.0000


FRAME 703
PART 0
OFFSET  0.0000 -0.0000 -0.0000
X  1.0000 -0.0000  0.0000
Y  0.0000  1.0000  0.0000
Z  0.0000 -0.0000  1.0000

PART 1
OFFSET -4.6318 -0.0000 -1.3770
X  1.0000 -0.0000  0.0000
Y  0.0000  1.0000  0.0000
Z  0.0000 -0.0000  1.0000

PART 2
OFFSET -3.5060  6.3408 -6.7125
X  0.1810  0.1442 -0.9729
Y  0.4235 -0.9042 -0.0552
Z -0.8876 -0.4020 -0.2247

PART 3
OFFSET -1.3173  8.0846 -18.4782
X  0.9592 -0.0398 -0.2801
Y  0.2688 -0.1801  0.9462
Z -0.0881 -0.9828 -0.1621

PART 4
OFFSET  6.8407  7.7459 -20.8603
X  0.9592 -0.0398 -0.2801
Y  0.0192  0.9969 -0.0759
Z  0.2822  0.0674  0.9570

PART 5
OFFSET  8.1261  9.5789 -21.7041
X  0.9578 -0.0361 -0.2852
Y  0.0816  0.9854  0.1492
Z  0.2757 -0.1662  0.9468

PART 6
OFFSET  7.4115  7.2140 -22.4507
X  0.9578 -0.0361 -0.2852
Y  0.0816  0.9854  0.1492
Z  0.2757 -0.1662  0.9468

PART 7
OFFSET  9.1944  8.7848 -19.8029
X  0.9578 -0.0361 -0.2852
Y  0.0816  0.9854  0.1492
Z  0.2757 -0.1662  0.9468

PART 8
OFFSET  8.9520  7.2514 -20.0559
X  0.9578 -0.0361 -0.2852
Y  0.0816  0.9854  0.1492
Z  0.2757 -0.1662  0.9468

PART 9
OFFSET  8.3413  6.2346 -20.6412
X  0.9578 -0.0361 -0.2852
Y  0.0816  0.9854  0.1492
Z  0.2757 -0.1662  0.9468

PART 10
OFFSET  9.7811  7.6238 -21.7189
X  0.5439  0.7954 -0.2675
Y -0.7674  0.6004  0.2248
Z  0.3394  0.0830  0.9370

PART 11
OFFSET  9.4246  8.5951 -21.2375
X  0.3321  0.9384 -0.0952
Y -0.9303  0.3092 -0.1974
Z -0.1558  0.1541  0.9757

PART 12
OFFSET  10.0397  10.6596 -21.4084
X  0.6438  0.6956 -0.3189
Y -0.7376  0.6751 -0.0166
Z  0.2037  0.2459  0.9476

PART 13
OFFSET  11.1458  11.7697 -21.8161
X  0.4235  0.8955 -0.1369
Y -0.9054  0.4132 -0.0978
Z -0.0310  0.1654  0.9857

PART 14
OFFSET  11.5869  12.7527 -21.9207
X  0.1459  0.6400 -0.7544
Y  0.0499 -0.7664 -0.6404
Z -0.9880  0.0558 -0.1438

PART 15
OFFSET  11.1317  7.6707 -21.9966
X  0.8800  0.4456 -0.1647
Y  0.2010 -0.0351  0.9790
Z  0.4304 -0.8945 -0.1204

PART 16
OFFSET  13.0708  8.7979 -22.2291
X -0.0256  0.4137  0.9101
Y -0.9426 -0.3131  0.1158
Z  0.3329 -0.8549  0.3979

PART 17
OFFSET  13.0345  9.3835 -20.9406
X -0.4087  0.2558  0.8761
Y -0.8385 -0.4843 -0.2498
Z  0.3604 -0.8367  0.4124

PART 18
OFFSET  12.6722  9.6103 -20.1639
X -0.6494  0.1056  0.7531
Y -0.6956 -0.4827 -0.5321
Z  0.3073 -0.8694  0.3869

PART 19
OFFSET  12.0553  9.7107 -19.4484
X  0.8889  0.3479 -0.2980
Y -0.0685 -0.5422 -0.8374
Z -0.4529  0.7648 -0.4582

PART 20
OFFSET  10.6939  8.2331 -22.0369
X  0.7553  0.5730 -0.3180
Y  0.3616  0.0403  0.9315
Z  0.5466 -0.8185 -0.1768

PART 21
OFFSET  12.7654  9.6918 -22.6197
X  0.4252  0.3137  0.8490
Y -0.8783 -0.0835  0.4707
Z  0.2185 -0.9458  0.2400

PART 22
OFFSET  13.4893  10.2259 -21.1742
X -0.4962  0.1120  0.8609
Y -0.8348 -0.3338 -0.4378
Z  0.2383 -0.9360  0.2592

PART 23
OFFSET  12.8015  10.3812 -19.9811
X -0.7708 -0.0258  0.6365
Y -0.5899 -0.3484 -0.7285
Z  0.2406 -0.9370  0.2533

PART 24
OFFSET  11.9655  10.3532 -19.2907
X  0.9803  0.1741 -0.0929
Y -0.0513 -0.2301 -0.9718
Z -0.1906  0.9575 -0.2166

PART 25
OFFSET  10.4212  11.0735 -21.6843
X  0.7546  0.6553 -0.0347
Y -0.1965  0.1752 -0.9647
Z -0.6261  0.7347  0.2610

PART 26
OFFSET  11.1955  11.1450 -22.9399
X  0.9381  0.3179  0.1377
Y -0.1278 -0.0520  0.9904
Z  0.3220 -0.9467 -0.0082

PART 27
OFFSET  12.8471  11.7047 -22.6974
X  0.5087  0.0652  0.8585
Y -0.8073 -0.3102  0.5019
Z  0.2990 -0.9484 -0.1052

PART 28
OFFSET  13.4473  11.8415 -21.6474
X -0.2188 -0.0710  0.9732
Y -0.9141 -0.3340 -0.2299
Z  0.3414 -0.9399  0.0082

PART 29
OFFSET  13.2001  11.7613 -20.5481
X  0.9924  0.0603 -0.1069
Y -0.1122  0.0929 -0.9893
Z -0.0497  0.9939  0.0989

PART 30
OFFSET  12.0309  10.4237 -22.9872
X  0.6818  0.3438  0.6458
Y -0.6350 -0.1601  0.7557
Z  0.3632 -0.9253  0.1091

PART 31
OFFSET  13.3628  11.0953 -21.7257
X -0.1995  0.0480  0.9787
Y -0.9262 -0.3352 -0.1723
Z  0.3198 -0.9409  0.1113

PART 32
OFFSET  13.0715  11.1653 -20.2961
X -0.7241 -0.1598  0.6709
Y -0.6291 -0.2457 -0.7375
Z  0.2827 -0.9561  0.0774

PART 33
OFFSET  12.2538  10.9777 -19.5352
X  0.9390  0.3406 -0.0484
Y  0.0058 -0.1562 -0.9877
Z -0.3440  0.9272 -0.1486

PART 34
OFFSET  12.1866  9.5831 -21.1375
X  0.5243 -0.8437 -0.1152
Y -0.3394 -0.0830 -0.9370
Z  0.7810  0.5303 -0.3299

PART 35
OFFSET  8.1489  2.1501 -16.7197
X  0.3815  0.7970 -0.4681
Y -0.8879  0.1752 -0.4254
Z -0.2570  0.5780  0.7745

PART 36
OFFSET  8.1489  2.1501 -16.7197
X  0.3815  0.7970 -0.4681
Y -0.8879  0.1752 -0.4254
Z -0.2570  0.5780  0.7745

PART 37
OFFSET  9.8153  7.6880 -17.2553
X  0.3762  0.8087 -0.4522
Y -0.8879  0.1752 -0.4254
Z -0.2648  0.5615  0.7839

PART 38
OFFSET  9.6707  5.6710 -18.4816
X  0.3815  0.7970 -0.4681
Y -0.8879  0.1752 -0.4254
Z -0.2570  0.5780  0.7745

PART 39
OFFSET  8.4520  0.2273 -18.1443
X  0.3815  0.7970 -0.4681
Y -0.8879  0.1752 -0.4254
Z -0.2570  0.5780  0.7745

PART 40
OFFSET  14.0720  12.4084 -24.0284
X -0.3833  0.2297  0.8946
Y -0.2544 -0.9574  0.1368
Z  0.8879 -0.1752  0.4254

PART 41
OFFSET  14.0720  12.4084 -24.0284
X -0.8879  0.1752 -0.4254
Y -0.3815 -0.7970  0.4681
Z -0.2570  0.5780  0.7745

PART 42
OFFSET  13.7847  11.8542 -24.3383
X -0.8879  0.1752 -0.4254
Y -0.3815 -0.7970  0.4681
Z -0.2570  0.5780  0.7745

PART 43
OFFSET  12.5416  12.0995 -24.9338
X -0.6208 -0.1543 -0.7686
Y -0.3815 -0.7970  0.4681
Z -0.6848  0.5839  0.4360

PART 44
OFFSET  16.0137  19.1704 -29.7140
X  0.6030  0.7870  0.1301
Y -0.1254  0.2545 -0.9589
Z -0.7878  0.5619  0.2522

PART 45
OFFSET -7.2604 -4.8127 -5.4071
X -0.5840  0.4869  0.6495
Y  0.1354 -0.7305  0.6694
Z  0.8004  0.4789  0.3607

PART 46
OFFSET -0.1976 -10.7015 -13.2621
X -0.7555 -0.6215  0.2072
Y  0.3925 -0.6827 -0.6163
Z  0.5245 -0.3844  0.7597

PART 47
OFFSET  6.2286 -5.4156 -15.0242
X -0.7555 -0.6215  0.2072
Y  0.3882 -0.6795 -0.6226
Z  0.5277 -0.3900  0.7546

PART 48
OFFSET  6.4205 -3.5972 -15.8125
X -0.7594 -0.6163  0.2085
Y -0.5279  0.3963 -0.7512
Z  0.3803 -0.6805 -0.6263

PART 49
OFFSET  6.7161 -2.9989 -14.7914
X -0.7594 -0.6163  0.2085
Y -0.5279  0.3963 -0.7512
Z  0.3803 -0.6805 -0.6263

PART 50
OFFSET  7.5587 -3.5567 -13.8685
X -0.7594 -0.6163  0.2085
Y -0.5279  0.3963 -0.7512
Z  0.3803 -0.6805 -0.6263

PART 51
OFFSET  8.5449 -3.5104 -15.6593
X -0.1709 -0.9372  0.3042
Y  0.5084 -0.3483 -0.7875
Z  0.8440  0.0200  0.5360

PART 52
OFFSET  7.7847 -2.7609 -15.2563
X  0.5508 -0.8282  0.1039
Y  0.2430  0.0400 -0.9692
Z  0.7985  0.5591  0.2232

PART 53
OFFSET  6.5275 -1.0089 -15.3962
X -0.1000 -0.6349  0.7661
Y  0.6254 -0.6390 -0.4479
Z  0.7739  0.4343  0.4609

PART 54
OFFSET  6.6395 -0.0706 -16.7113
X -0.4019  0.0596  0.9137
Y  0.4116 -0.8796  0.2384
Z  0.8180  0.4719  0.3290

PART 55
OFFSET  7.0297 -0.1417 -17.7185
X -0.7373 -0.4404  0.5123
Y -0.5124 -0.1296 -0.8489
Z  0.4402 -0.8884 -0.1301

PART 56
OFFSET  9.0634 -3.0944 -16.8683
X -0.1750 -0.6573  0.7331
Y  0.8878  0.2166  0.4061
Z -0.4258  0.7219  0.5456

PART 57
OFFSET  9.2856 -1.5391 -18.4858
X  0.8227 -0.2193  0.5244
Y  0.5460  0.5617 -0.6216
Z -0.1582  0.7978  0.5818

PART 58
OFFSET  8.1209 -1.2286 -19.2282
X  0.8811  0.3778 -0.2844
Y -0.4547  0.5116 -0.7291
Z -0.1300  0.7717  0.6225

PART 59
OFFSET  7.3396 -1.5636 -18.9761
X  0.1570  0.5976 -0.7863
Y -0.9732 -0.0418 -0.2260
Z -0.1679  0.8007  0.5750

PART 60
OFFSET  7.1905 -2.1313 -18.2291
X  0.5152 -0.5466  0.6601
Y -0.8569 -0.3149  0.4080
Z -0.0151 -0.7759 -0.6307

PART 61
OFFSET  8.8810 -2.6540 -16.3370
X -0.1631 -0.7927  0.5874
Y  0.8626  0.1744  0.4749
Z -0.4789  0.5842  0.6553

PART 62
OFFSET  9.3945 -0.6797 -17.9485
X  0.7673 -0.1709  0.6181
Y  0.5942  0.5518 -0.5851
Z -0.2411  0.8163  0.5249

PART 63
OFFSET  8.0881 -0.3888 -19.0009
X  0.7613  0.4958 -0.4178
Y -0.6078  0.3214 -0.7261
Z -0.2257  0.8067  0.5461

PART 64
OFFSET  7.0330 -1.0760 -18.4218
X -0.0121  0.5617 -0.8272
Y -0.9731 -0.1970 -0.1196
Z -0.2302  0.8035  0.5490

PART 65
OFFSET  7.0461 -1.6852 -17.5246
X  0.5544 -0.3081  0.7731
Y -0.7795 -0.5177  0.3527
Z  0.2916 -0.7981 -0.5272

PART 66
OFFSET  7.8560 -7.1054 -13.4401
X -0.0245 -0.8088  0.5876
Y -0.8367 -0.3051 -0.4548
Z  0.5471 -0.5027 -0.6693

PART 67
OFFSET  9.1411  0.4114 -16.0515
X -0.2586 -0.8653  0.4294
Y  0.8826 -0.0309  0.4691
Z -0.3926  0.5003  0.7717

PART 68
OFFSET  9.5964  1.9349 -16.8075
X  0.2851 -0.7062  0.6481
Y  0.8523  0.4961  0.1656
Z -0.4385  0.5052  0.7433

PART 69
OFFSET  9.2231  2.8241 -17.5503
X  0.4883 -0.6213  0.6128
Y  0.7755  0.6310  0.0217
Z -0.4002  0.4646  0.7899

PART 70
OFFSET  8.6715  3.5258 -18.2425
X -0.9716 -0.2367  0.0031
Y -0.1760  0.7135 -0.6782
Z  0.1583 -0.6594 -0.7349

PART 71
OFFSET  9.5231 -0.0700 -16.9695
X  0.6797 -0.2499  0.6896
Y  0.6329  0.6750 -0.3792
Z -0.3707  0.6942  0.6169

PART 72
OFFSET  8.1953  0.4182 -18.3167
X  0.8133  0.5620 -0.1507
Y -0.4352  0.4157 -0.7986
Z -0.3862  0.7150  0.5827

PART 73
OFFSET  7.0074 -0.4027 -18.0967
X  0.0604  0.6239 -0.7791
Y -0.9008 -0.3022 -0.3118
Z -0.4300  0.7207  0.5438

PART 74
OFFSET  6.9414 -1.1147 -17.2183
X  0.5565 -0.3315  0.7618
Y -0.7583 -0.5774  0.3027
Z  0.3395 -0.7462 -0.5727

PART 75
OFFSET  0.0000 -0.0000 -0.0000
X  1.0000 -0.0000  0.0000
Y  0.0000  1.0000  0.0000
Z  0.0000 -0.0000  1.0000

PART 76
OFFSET  0.0000 -0.0000 -0.0000
X  1.0000 -0.0025  0.0072
Y  0.0025  1.0000 -0.0016
Z -0.0072  0.0016  1.0000

PART 77
OFFSET  1.5106  0.0027  4.1468
X  1.0000 -0.0025  0.0072
Y  0.0025  1.0000 -0.0016
Z -0.0072  0.0016  1.0000


FRAME 704
PART 0
OFFSET  0.0000 -0.0000 -0.0000
X  1.0000 -0.0000  0.0000
Y  0.0000  1.0000  0.0000
Z  0.0000 -0.0000  1.0000

PART 1
OFFSET -4.6318 -0.0000 -1.3770
X  1.0000 -0.0000  0.0000
Y  0.0000  1.0000  0.0000
Z  0.0000 -0.0000  1.0000

PART 2
OFFSET -3.5060  6.3408 -6.7125
X  0.1856  0.1412 -0.9724
Y  0.4204 -0.9059 -0.0513
Z -0.8882 -0.3992 -0.2275

PART 3
OFFSET -1.2614  8.0484 -18.4730
X  0.9870 -0.0677 -0.1460
Y  0.1327 -0.1713  0.9762
Z -0.0911 -0.9829 -0.1601

PART 4
