// Export filename: `C:\projects\cod\t5\xanim_export\t5_viewmodels\ak47\ak47_masterkey_from_mk.XANIM_EXPORT`
// Source filename: `D:\projects\devanim\t5\animation_assets\viewmodels/ak47/ViewModel_AK47_MasterKey_animated.fbx`
// Export time: Wed Jul 07 18:24:03 2010

ANIMATION
VERSION 3

NUMPARTS 77
PART 0 "tag_ads"
PART 1 "tag_torso"
PART 2 "J_Shoulder_LE"
PART 3 "J_Elbow_LE"
PART 4 "J_WristTwist_LE"
PART 5 "J_Sleave_Reshape_Bottom_LE_1"
PART 6 "J_Sleave_Reshape_Bottom_LE_2"
PART 7 "J_Sleave_Reshape_Top_LE_1"
PART 8 "J_Sleave_Reshape_Top_LE_2"
PART 9 "J_Sleave_Reshape_Top_LE_3"
PART 10 "J_Wrist_LE"
PART 11 "J_Thumb_LE_0"
PART 12 "J_Thumb_LE_1"
PART 13 "J_Thumb_LE_2"
PART 14 "J_Thumb_LE_3"
PART 15 "J_PinkyPalm_LE"
PART 16 "J_Pinky_LE_0"
PART 17 "J_Pinky_LE_1"
PART 18 "J_Pinky_LE_2"
PART 19 "J_Pinky_LE_3"
PART 20 "J_RingPalm_LE"
PART 21 "J_Ring_LE_0"
PART 22 "J_Ring_LE_1"
PART 23 "J_Ring_LE_2"
PART 24 "J_Ring_LE_3"
PART 25 "J_Webbing_LE"
PART 26 "J_Index_LE_0"
PART 27 "J_Index_LE_1"
PART 28 "J_Index_LE_2"
PART 29 "J_Index_LE_3"
PART 30 "J_Mid_LE_0"
PART 31 "J_Mid_LE_1"
PART 32 "J_Mid_LE_2"
PART 33 "J_Mid_LE_3"
PART 34 "tag_knife_attach"
PART 35 "tag_weapon"
PART 36 "J_Gun"
PART 37 "J_bolt"
PART 38 "tag_masterkey"
PART 39 "tag_brass2"
PART 40 "tag_ammo2"
PART 41 "tag_pump2"
PART 42 "TAG_CLIP"
PART 43 "TAG_FLASH"
PART 44 "J_Shoulder_RI"
PART 45 "J_Elbow_RI"
PART 46 "J_WristTwist_RI"
PART 47 "J_Sleave_Reshape_Top_RI_3"
PART 48 "J_Sleave_Reshape_Top_RI_2"
PART 49 "J_Sleave_Reshape_Top_RI_1"
PART 50 "J_Wrist_RI"
PART 51 "J_Thumb_RI_0"
PART 52 "J_Thumb_RI_1"
PART 53 "J_Thumb_RI_2"
PART 54 "J_Thumb_RI_3"
PART 55 "J_PinkyPalm_RI"
PART 56 "J_Pinky_RI_0"
PART 57 "J_Pinky_RI_1"
PART 58 "J_Pinky_RI_2"
PART 59 "J_Pinky_RI_3"
PART 60 "J_RingPalm_RI"
PART 61 "J_Ring_RI_0"
PART 62 "J_Ring_RI_1"
PART 63 "J_Ring_RI_2"
PART 64 "J_Ring_RI_3"
PART 65 "J_Webbing_RI"
PART 66 "J_Index_RI_0"
PART 67 "J_Index_RI_1"
PART 68 "J_Index_RI_2"
PART 69 "J_Index_RI_3"
PART 70 "J_Mid_RI_0"
PART 71 "J_Mid_RI_1"
PART 72 "J_Mid_RI_2"
PART 73 "J_Mid_RI_3"
PART 74 "tag_cambone"
PART 75 "tag_camera"
PART 76 "tag_gasmask"

FRAMERATE 30
NUMFRAMES 31

FRAME 1600
PART 0
OFFSET  0.0000 -0.0000 -0.0000
X  1.0000 -0.0000  0.0000
Y  0.0000  1.0000  0.0000
Z  0.0000 -0.0000  1.0000

PART 1
OFFSET -4.6318 -0.0000 -1.3770
X  1.0000 -0.0000  0.0000
Y  0.0000  1.0000  0.0000
Z  0.0000 -0.0000  1.0000

PART 2
OFFSET  1.6160  1.6487 -7.3253
X  0.8369  0.4069 -0.3661
Y  0.2903 -0.8970 -0.3334
Z -0.4641  0.1728 -0.8688

PART 3
OFFSET  11.7373  6.5698 -11.7530
X  0.6964 -0.5174  0.4973
Y -0.7175 -0.5147  0.4693
Z  0.0132 -0.6836 -0.7297

PART 4
OFFSET  17.6609  2.1692 -7.5236
X  0.6964 -0.5174  0.4973
Y -0.1225  0.5971  0.7928
Z -0.7071 -0.6130  0.3525

PART 5
OFFSET  19.1717  3.0654 -5.8993
X  0.7006 -0.5125  0.4964
Y -0.0047  0.6924  0.7215
Z -0.7135 -0.5079  0.4827

PART 6
OFFSET  19.2776  1.7916 -8.1413
X  0.7006 -0.5125  0.4964
Y -0.0047  0.6924  0.7215
Z -0.7135 -0.5079  0.4827

PART 7
OFFSET  17.9421  1.3884 -4.8687
X  0.7006 -0.5125  0.4964
Y -0.0047  0.6924  0.7215
Z -0.7135 -0.5079  0.4827

PART 8
OFFSET  17.6857  0.0633 -6.0854
X  0.7006 -0.5125  0.4964
Y -0.0047  0.6924  0.7215
Z -0.7135 -0.5079  0.4827

PART 9
OFFSET  17.8189 -0.2489 -7.3637
X  0.7006 -0.5125  0.4964
Y -0.0047  0.6924  0.7215
Z -0.7135 -0.5079  0.4827

PART 10
OFFSET  19.7959  0.5830 -5.9991
X  0.9581 -0.2454  0.1475
Y  0.0226  0.5783  0.8155
Z -0.2854 -0.7780  0.5597

PART 11
OFFSET  20.1316  0.7112 -4.9160
X  0.8462 -0.1666  0.5062
Y -0.1193  0.8665  0.4846
Z -0.5194 -0.4705  0.7134

PART 12
OFFSET  21.9168  0.4120 -3.7356
X  0.9493 -0.3066  0.0690
Y  0.1628  0.6676  0.7265
Z -0.2688 -0.6785  0.6837

PART 13
OFFSET  23.4095 -0.1988 -3.5910
X  0.9490 -0.0870  0.3029
Y -0.1150  0.7993  0.5898
Z -0.2935 -0.5946  0.7486

PART 14
OFFSET  24.4204 -0.3065 -3.2191
X  0.8654  0.4824 -0.1357
Y -0.2907  0.2626 -0.9201
Z -0.4082  0.8356  0.3675

PART 15
OFFSET  20.5248 -0.4012 -6.6344
X  0.4959 -0.8653  0.0738
Y -0.6004 -0.2802  0.7490
Z -0.6274 -0.4157 -0.6585

PART 16
OFFSET  21.6566 -2.3191 -6.2808
X -0.2645 -0.5412  0.7982
Y -0.8028  0.5821  0.1287
Z -0.5343 -0.6068 -0.5885

PART 17
OFFSET  21.2822 -3.0854 -5.1507
X -0.7692  0.0882  0.6329
Y -0.3611  0.7571 -0.5444
Z -0.5272 -0.6473 -0.5505

PART 18
OFFSET  20.6001 -3.0072 -4.5896
X -0.8015  0.5779  0.1536
Y  0.2501  0.5574 -0.7917
Z -0.5431 -0.5961 -0.5913

PART 19
OFFSET  19.8387 -2.4581 -4.4437
X  0.5346 -0.7057  0.4650
Y  0.6360 -0.0264 -0.7712
Z  0.5566  0.7080  0.4347

PART 20
OFFSET  20.7904  0.0378 -6.1382
X  0.9031 -0.4158 -0.1068
Y -0.3057 -0.7975  0.5202
Z -0.3015 -0.4372 -0.8474

PART 21
OFFSET  22.8889 -1.4892 -6.2892
X -0.0537 -0.7883  0.6129
Y -0.8943  0.3110  0.3217
Z -0.4442 -0.5309 -0.7217

PART 22
OFFSET  22.7975 -2.8313 -5.2457
X -0.8327 -0.0465  0.5518
Y -0.3387  0.8311 -0.4411
Z -0.4381 -0.5542 -0.7077

PART 23
OFFSET  21.6435 -2.8957 -4.4809
X -0.8420  0.5302  0.0991
Y  0.3220  0.6416 -0.6962
Z -0.4327 -0.5543 -0.7110

PART 24
OFFSET  20.7303 -2.3207 -4.3734
X  0.4847 -0.8282  0.2815
Y  0.7647  0.2449 -0.5960
Z  0.4246  0.5041  0.7520

PART 25
OFFSET  22.6325  0.3277 -3.9497
X  0.8178 -0.5591  0.1366
Y  0.5522  0.6951 -0.4604
Z  0.1624  0.4519  0.8772

PART 26
OFFSET  23.6525  0.3520 -5.0175
X  0.7853 -0.5913 -0.1834
Y -0.4345 -0.7375  0.5171
Z -0.4410 -0.3264 -0.8361

PART 27
OFFSET  25.0352 -0.6890 -5.3404
X  0.3179 -0.9360  0.1511
Y -0.8542 -0.2136  0.4740
Z -0.4114 -0.2798 -0.8674

PART 28
OFFSET  25.4466 -1.8099 -5.1039
X -0.3860 -0.7088  0.5904
Y -0.8232  0.5535  0.1265
Z -0.4165 -0.4372 -0.7971

PART 29
OFFSET  25.0107 -2.6106 -4.4370
X  0.7516 -0.3919 -0.5306
Y  0.1742  0.8937 -0.4134
Z  0.6362  0.2183  0.7400

PART 30
OFFSET  23.4746 -0.3887 -5.8175
X  0.3213 -0.9098  0.2627
Y -0.8398 -0.1456  0.5231
Z -0.4376 -0.3887 -0.8108

PART 31
OFFSET  24.1023 -2.1660 -5.3042
X -0.6904 -0.4314  0.5808
Y -0.5560  0.8300 -0.0445
Z -0.4628 -0.3536 -0.8129

PART 32
OFFSET  23.0940 -2.7962 -4.4559
X -0.8408  0.4340  0.3235
Y  0.2635  0.8502 -0.4558
Z -0.4728 -0.2981 -0.8292

PART 33
OFFSET  22.1381 -2.3073 -4.0951
X  0.5067 -0.8568  0.0961
Y  0.7056  0.3480 -0.6173
Z  0.4954  0.3806  0.7808

PART 34
OFFSET  21.9465 -1.5797 -5.1859
X -0.3614 -0.4535 -0.8147
Y  0.2854  0.7780 -0.5597
Z  0.8877 -0.4348 -0.1517

PART 35
OFFSET  3.7195 -2.5659 -5.4428
X  0.9877  0.0404  0.1513
Y -0.0783  0.9640  0.2539
Z -0.1356 -0.2626  0.9553

PART 36
OFFSET  3.7195 -2.5659 -5.4428
X  0.9877  0.0404  0.1513
Y -0.0783  0.9640  0.2539
Z -0.1356 -0.2626  0.9553

PART 37
OFFSET  8.6571 -3.2425 -2.4603
X  0.9847  0.0350  0.1708
Y -0.0783  0.9640  0.2539
Z -0.1558 -0.2634  0.9520

PART 38
OFFSET  13.1643 -1.5584 -6.3571
X  0.9877  0.0404  0.1513
Y -0.0783  0.9640  0.2539
Z -0.1356 -0.2626  0.9553

PART 39
OFFSET  18.0687 -2.1373 -3.9716
X  0.9112  0.4119  0.0114
Y  0.1562 -0.3197 -0.9345
Z -0.3813  0.8533 -0.3557

PART 40
OFFSET -8.7448 -2.7026 -8.7125
X  0.8499 -0.0686  0.5225
Y -0.0783  0.9640  0.2539
Z -0.5211 -0.2567  0.8139

PART 41
OFFSET  23.4401 -0.6094 -6.7902
X  0.0783 -0.9640 -0.2539
Y  0.9877  0.0404  0.1513
Z -0.1356 -0.2626  0.9553

PART 42
OFFSET  7.8404 -2.4546 -4.5352
X  0.9877  0.0404  0.1513
Y -0.0783  0.9640  0.2539
Z -0.1356 -0.2626  0.9553

PART 43
OFFSET  26.7414 -1.4264 -2.6056
X  0.9877  0.0404  0.1513
Y -0.0783  0.9640  0.2539
Z -0.1356 -0.2626  0.9553

PART 44
OFFSET -17.6076 -4.8127 -7.0611
X -0.6660  0.1224  0.7359
Y -0.3052 -0.9448 -0.1191
Z  0.6807 -0.3039  0.6666

PART 45
OFFSET -9.5532 -6.2928 -15.9604
X -0.7745 -0.2136 -0.5954
Y  0.6269 -0.1336 -0.7676
Z  0.0844 -0.9678  0.2373

PART 46
OFFSET -2.9654 -4.4764 -10.8965
X -0.7745 -0.2136 -0.5954
Y  0.5944  0.0761 -0.8006
Z  0.2163 -0.9740  0.0680

PART 47
OFFSET -2.3787 -2.9198 -9.8021
X -0.7785 -0.2099 -0.5915
Y -0.0913  0.9703 -0.2241
Z  0.6210 -0.1205 -0.7745

PART 48
OFFSET -2.6003 -3.3929 -8.6998
X -0.7785 -0.2099 -0.5915
Y -0.0913  0.9703 -0.2241
Z  0.6210 -0.1205 -0.7745

PART 49
OFFSET -2.3197 -4.7046 -8.4284
X -0.7785 -0.2099 -0.5915
Y -0.0913  0.9703 -0.2241
Z  0.6210 -0.1205 -0.7745

PART 50
OFFSET -0.5909 -3.8217 -9.0712
X -0.8961 -0.1064 -0.4308
Y  0.4231  0.0878 -0.9018
Z  0.1338 -0.9904 -0.0337

PART 51
OFFSET -0.6510 -3.4519 -7.9934
X -0.3661 -0.5323 -0.7633
Y  0.6623  0.4271 -0.6156
Z  0.6536 -0.7309  0.1962

PART 52
OFFSET  0.0367 -2.3051 -6.2958
X -0.8986 -0.4385  0.0158
Y  0.0960 -0.2317 -0.9680
Z  0.4281 -0.8684  0.2503

PART 53
OFFSET  1.4451 -1.5138 -6.4071
X -0.6400 -0.2642  0.7215
Y -0.5407 -0.5123 -0.6672
Z  0.5459 -0.8171  0.1850

PART 54
OFFSET  2.1214 -1.1820 -7.1844
X -0.9345  0.2243  0.2763
Y  0.1167  0.9266 -0.3575
Z -0.3362 -0.3019 -0.8921

PART 55
OFFSET  0.5935 -3.4374 -9.6655
X -0.9326 -0.3607  0.0123
Y  0.3609 -0.9325  0.0164
Z  0.0055  0.0197  0.9998

PART 56
OFFSET  2.6454 -2.5097 -9.5494
X -0.0366 -0.9785 -0.2030
Y  0.9852 -0.0012 -0.1716
Z  0.1677 -0.2063  0.9640

PART 57
OFFSET  2.6972 -1.1244 -9.2620
X  0.8385 -0.4827 -0.2528
Y  0.5262  0.8378  0.1457
Z  0.1414 -0.2552  0.9565

PART 58
OFFSET  1.9538 -0.6964 -9.0379
X  0.9109  0.4054 -0.0775
Y -0.3767  0.8933  0.2454
Z  0.1687 -0.1943  0.9663

PART 59
OFFSET  1.0884 -1.0815 -8.9643
X -0.4846 -0.8427 -0.2345
Y -0.8492  0.3889  0.3572
Z -0.2098  0.3723 -0.9041

PART 60
OFFSET  0.5281 -3.6107 -8.9761
X -0.9432 -0.2845 -0.1715
Y  0.2827 -0.9586  0.0351
Z -0.1743 -0.0154  0.9846

PART 61
OFFSET  3.0082 -2.8912 -8.6766
X -0.0797 -0.9925 -0.0928
Y  0.9820 -0.0622 -0.1781
Z  0.1710 -0.1053  0.9796

PART 62
OFFSET  3.1438 -1.2015 -8.5186
X  0.9341 -0.2999 -0.1935
Y  0.3188  0.9449  0.0743
Z  0.1605 -0.1311  0.9783

PART 63
OFFSET  1.8492 -0.7859 -8.2505
X  0.8265  0.5602 -0.0563
Y -0.5413  0.8182  0.1937
Z  0.1546 -0.1296  0.9794

PART 64
OFFSET  0.9528 -1.3934 -8.1894
X -0.3603 -0.9327 -0.0163
Y -0.9233  0.3541  0.1487
Z -0.1329  0.0687 -0.9887

PART 65
OFFSET -4.6066 -4.8698 -10.1197
X -0.8878 -0.3925 -0.2403
Y -0.3718  0.9194 -0.1282
Z  0.2713 -0.0245 -0.9622

PART 66
OFFSET  2.6316 -3.8413 -6.7249
X -0.9519 -0.0123 -0.3063
Y  0.0621 -0.9862 -0.1534
Z -0.3002 -0.1651  0.9395

PART 67
OFFSET  4.3075 -3.8196 -6.1857
X -0.3015 -0.9312 -0.2047
Y  0.9054 -0.3469  0.2446
Z -0.2988 -0.1116  0.9478

PART 68
OFFSET  4.6559 -2.6943 -5.8793
X  0.1135 -0.9813 -0.1557
Y  0.9470  0.0594  0.3158
Z -0.3006 -0.1833  0.9360

PART 69
OFFSET  4.5277 -1.5859 -5.7034
X -0.9764  0.2142  0.0288
Y  0.2162  0.9694  0.1164
Z -0.0030  0.1198 -0.9928

PART 70
OFFSET  2.9711 -3.5797 -7.7432
X -0.2149 -0.9739 -0.0732
Y  0.9763 -0.2162  0.0097
Z -0.0253 -0.0694  0.9973

PART 71
OFFSET  3.3910 -1.6772 -7.6002
X  0.8625 -0.5057 -0.0176
Y  0.5061  0.8620  0.0300
Z -0.0000 -0.0347  0.9994

PART 72
OFFSET  2.1312 -0.9385 -7.5746
X  0.8789  0.4768 -0.0147
Y -0.4770  0.8787 -0.0194
Z  0.0036  0.0240  0.9997

PART 73
OFFSET  1.1354 -1.4781 -7.5650
X -0.3695 -0.9284 -0.0403
Y -0.9279  0.3663  0.0692
Z -0.0494  0.0630 -0.9968

PART 74
OFFSET  0.0000 -0.0000 -0.0000
X  1.0000 -0.0000  0.0000
Y  0.0000  1.0000  0.0000
Z  0.0000 -0.0000  1.0000

PART 75
OFFSET  0.0000 -0.0000 -0.0000
X  1.0000 -0.0000  0.0000
Y  0.0000  1.0000  0.0000
Z  0.0000 -0.0000  1.0000

PART 76
OFFSET  1.5404 -0.0000  4.1357
X  1.0000 -0.0000  0.0000
Y  0.0000  1.0000  0.0000
Z  0.0000 -0.0000  1.0000


FRAME 1601
PART 0
OFFSET  0.0000 -0.0000 -0.0000
X  1.0000 -0.0000  0.0000
Y  0.0000  1.0000  0.0000
Z  0.0000 -0.0000  1.0000

PART 1
OFFSET -4.6318 -0.0000 -1.3770
X  1.0000 -0.0000  0.0000
Y  0.0000  1.0000  0.0000
Z  0.0000 -0.0000  1.0000

PART 2
OFFSET  1.5993  1.6640 -7.3233
X  0.8282  0.4161 -0.3755
Y  0.2977 -0.8942 -0.3342
Z -0.4748  0.1650 -0.8645

PART 3
OFFSET  11.6156  6.6957 -11.8641
X  0.6921 -0.5189  0.5017
Y -0.7217 -0.5111  0.4669
Z  0.0141 -0.6853 -0.7282

PART 4
OFFSET  17.5023  2.2825 -7.5965
X  0.6921 -0.5189  0.5017
Y -0.1699  0.5585  0.8119
Z -0.7015 -0.6472  0.2984

PART 5
OFFSET  19.0086  3.1766 -5.9669
X  0.6963 -0.5140  0.5009
Y -0.0056  0.6940  0.7200
Z -0.7177 -0.5042  0.4803

PART 6
OFFSET  19.1206  1.8975 -8.2057
X  0.6963 -0.5140  0.5009
Y -0.0056  0.6940  0.7200
Z -0.7177 -0.5042  0.4803

PART 7
OFFSET  17.7679  1.5064 -4.9386
X  0.6963 -0.5140  0.5009
Y -0.0056  0.6940  0.7200
Z -0.7177 -0.5042  0.4803

PART 8
OFFSET  17.5124  0.1797 -6.1537
X  0.6963 -0.5140  0.5009
Y -0.0056  0.6940  0.7200
Z -0.7177 -0.5042  0.4803

PART 9
OFFSET  17.6506 -0.1358 -7.4307
X  0.6963 -0.5140  0.5009
Y -0.0056  0.6940  0.7200
Z -0.7177 -0.5042  0.4803

PART 10
OFFSET  19.6241  0.6917 -6.0584
X  0.9613 -0.2388  0.1375
Y  0.0127  0.5369  0.8435
Z -0.2753 -0.8091  0.5192

PART 11
OFFSET  19.9558  0.7702 -4.9693
X  0.8390 -0.1705  0.5167
Y -0.1506  0.8397  0.5217
Z -0.5228 -0.5156  0.6788

PART 12
OFFSET  21.7222  0.4573 -3.7645
X  0.9558 -0.2830  0.0804
Y  0.1252  0.6385  0.7594
Z -0.2662 -0.7157  0.6456

PART 13
OFFSET  23.2278 -0.1177 -3.6078
X  0.9419 -0.0680  0.3289
Y -0.1605  0.7691  0.6186
Z -0.2950 -0.6355  0.7135

PART 14
OFFSET  24.2302 -0.2072 -3.2089
X  0.8517  0.5165 -0.0881
Y -0.2718  0.2918 -0.9170
Z -0.4480  0.8050  0.3889

PART 15
OFFSET  20.3682 -0.2488 -6.7403
X  0.5147 -0.8571  0.0193
Y -0.5912 -0.3385  0.7320
Z -0.6209 -0.3882 -0.6810

PART 16
OFFSET  21.5427 -2.1597 -6.5080
X -0.2037 -0.6310  0.7486
Y -0.8253  0.5220  0.2154
Z -0.5266 -0.5739 -0.6271

PART 17
OFFSET  21.2542 -3.0530 -5.4482
X -0.7343 -0.0381  0.6777
Y -0.4411  0.7856 -0.4338
Z -0.5159 -0.6175 -0.5937

PART 18
OFFSET  20.6031 -3.0868 -4.8473
X -0.8309  0.4805  0.2804
Y  0.1435  0.6721 -0.7264
Z -0.5375 -0.5634 -0.6274

PART 19
OFFSET  19.8137 -2.6303 -4.5809
X  0.6232 -0.7080  0.3323
Y  0.5751  0.1270 -0.8082
Z  0.5300  0.6947  0.4863

PART 20
OFFSET  20.6266  0.1685 -6.2219
X  0.9092 -0.3971 -0.1251
Y -0.2952 -0.8268  0.4787
Z -0.2935 -0.3984 -0.8690

PART 21
OFFSET  22.7506 -1.3125 -6.4531
X  0.0092 -0.8306  0.5568
Y -0.8999  0.2360  0.3668
Z -0.4361 -0.5044 -0.7453

PART 22
OFFSET  22.7663 -2.7266 -5.5051
X -0.7927 -0.1701  0.5854
Y -0.4340  0.8319 -0.3460
Z -0.4282 -0.5283 -0.7332

PART 23
OFFSET  21.6677 -2.9623 -4.6938
X -0.8858  0.4120  0.2135
Y  0.1909  0.7429 -0.6416
Z -0.4230 -0.5276 -0.7367

PART 24
OFFSET  20.7070 -2.5155 -4.4622
X  0.5959 -0.7879  0.1553
Y  0.6821  0.3945 -0.6158
Z  0.4239  0.4729  0.7724

PART 25
OFFSET  22.4601  0.3743 -4.0168
X  0.8254 -0.5536  0.1106
Y  0.5430  0.7251 -0.4235
Z  0.1542  0.4096  0.8991

PART 26
OFFSET  23.4817  0.4667 -5.0793
X  0.8064 -0.5558 -0.2022
Y -0.4194 -0.7785  0.4670
Z -0.4170 -0.2918 -0.8608

PART 27
OFFSET  24.9014 -0.5118 -5.4353
X  0.3719 -0.9239  0.0897
Y -0.8425 -0.2954  0.4504
Z -0.3897 -0.2431 -0.8883

PART 28
OFFSET  25.3772 -1.6202 -5.2723
X -0.3097 -0.7895  0.5298
Y -0.8690  0.4612  0.1792
Z -0.3858 -0.4050 -0.8290

PART 29
OFFSET  25.0273 -2.5120 -4.6739
X  0.7768 -0.2732 -0.5674
Y  0.0844  0.9380 -0.3362
Z  0.6241  0.2133  0.7517

PART 30
OFFSET  23.3160 -0.2354 -5.9159
X  0.3715 -0.9053  0.2060
Y -0.8262 -0.2211  0.5182
Z -0.4236 -0.3628 -0.8301

PART 31
OFFSET  24.0418 -2.0039 -5.5135
X -0.6286 -0.5428  0.5570
Y -0.6337  0.7726  0.0378
Z -0.4509 -0.3292 -0.8297

PART 32
OFFSET  23.1236 -2.7968 -4.6999
X -0.8743  0.2868  0.3917
Y  0.1340  0.9181 -0.3731
Z -0.4666 -0.2737 -0.8411

PART 33
OFFSET  22.1301 -2.4746 -4.2620
X  0.6146 -0.7888 -0.0083
Y  0.6287  0.4961 -0.5989
Z  0.4765  0.3629  0.8008

PART 34
OFFSET  21.8039 -1.4782 -5.3489
X -0.3533 -0.4171 -0.8374
Y  0.2753  0.8091 -0.5192
Z  0.8941 -0.4139 -0.1710

PART 35
OFFSET  3.8813 -2.5899 -5.3171
X  0.9906  0.0420  0.1305
Y -0.0753  0.9621  0.2623
Z -0.1146 -0.2696  0.9561

PART 36
OFFSET  3.8813 -2.5899 -5.3171
X  0.9906  0.0420  0.1305
Y -0.0753  0.9621  0.2623
Z -0.1146 -0.2696  0.9561

PART 37
OFFSET  8.8830 -3.2740 -2.4451
X  0.9880  0.0364  0.1500
Y -0.0753  0.9621  0.2623
Z -0.1348 -0.2704  0.9533

PART 38
OFFSET  13.3019 -1.5510 -6.4250
X  0.9906  0.0420  0.1305
Y -0.0753  0.9621  0.2623
Z -0.1146 -0.2696  0.9561

PART 39
OFFSET  18.2574 -2.1335 -4.1486
X  0.9102  0.4142 -0.0051
Y  0.1371 -0.3128 -0.9399
Z -0.3909  0.8547 -0.3415

PART 40
OFFSET -8.6494 -2.7369 -8.3217
X  0.8610 -0.0699  0.5038
Y -0.0753  0.9621  0.2623
Z -0.5030 -0.2637  0.8230

PART 41
OFFSET  23.5638 -0.5719 -7.0700
X  0.0753 -0.9621 -0.2623
Y  0.9906  0.0420  0.1305
Z -0.1146 -0.2696  0.9561

PART 42
OFFSET  8.0202 -2.4739 -4.4966
X  0.9906  0.0420  0.1305
Y -0.0753  0.9621  0.2623
Z -0.1146 -0.2696  0.9561

PART 43
OFFSET  26.9560 -1.4105 -2.9567
X  0.9906  0.0420  0.1305
Y -0.0753  0.9621  0.2623
Z -0.1146 -0.2696  0.9561

PART 44
OFFSET -17.6076 -4.8127 -7.0611
X -0.6776  0.1181  0.7259
Y -0.3038 -0.9438 -0.1301
Z  0.6697 -0.3086  0.6754

PART 45
OFFSET -9.4126 -6.2406 -15.8398
X -0.7701 -0.2082 -0.6031
Y  0.6329 -0.1307 -0.7631
Z  0.0800 -0.9693  0.2324

PART 46
OFFSET -2.8630 -4.4701 -10.7105
X -0.7701 -0.2082 -0.6031
Y  0.5999  0.0856 -0.7955
Z  0.2172 -0.9743  0.0589

PART 47
OFFSET -2.2817 -2.9213 -9.6021
X -0.7740 -0.2045 -0.5992
Y -0.0870  0.9718 -0.2192
Z  0.6272 -0.1175 -0.7700

PART 48
OFFSET -2.5136 -3.4003 -8.5046
X -0.7740 -0.2045 -0.5992
Y -0.0870  0.9718 -0.2192
Z  0.6272 -0.1175 -0.7700

PART 49
OFFSET -2.2386 -4.7142 -8.2385
X -0.7740 -0.2045 -0.5992
Y -0.0870  0.9718 -0.2192
Z  0.6272 -0.1175 -0.7700

PART 50
OFFSET -0.5022 -3.8319 -8.8617
X -0.9048 -0.1058 -0.4124
Y  0.4036  0.0952 -0.9100
Z  0.1355 -0.9898 -0.0434

PART 51
OFFSET -0.5403 -3.4697 -7.7802
X -0.3810 -0.5280 -0.7590
Y  0.6480  0.4331 -0.6265
Z  0.6595 -0.7305  0.1772

PART 52
OFFSET  0.1804 -2.3329 -6.0896
X -0.8970 -0.4410  0.0319
Y  0.0760 -0.2247 -0.9715
Z  0.4355 -0.8689  0.2351

PART 53
OFFSET  1.5842 -1.5372 -6.2254
X -0.6238 -0.2709  0.7331
Y -0.5535 -0.5091 -0.6591
Z  0.5518 -0.8170  0.1676

PART 54
OFFSET  2.2429 -1.1982 -7.0146
X -0.9290  0.2199  0.2977
Y  0.1067  0.9294 -0.3534
Z -0.3544 -0.2966 -0.8868

PART 55
OFFSET  0.6682 -3.4404 -9.4783
X -0.9312 -0.3633  0.0296
Y  0.3635 -0.9316  0.0022
Z  0.0268  0.0128  0.9996

PART 56
OFFSET  2.7198 -2.5081 -9.3994
X -0.0385 -0.9772 -0.2090
Y  0.9813  0.0025 -0.1925
Z  0.1887 -0.2125  0.9588

PART 57
OFFSET  2.7743 -1.1246 -9.1035
X  0.8341 -0.4787 -0.2739
Y  0.5271  0.8381  0.1403
Z  0.1624 -0.2614  0.9515

PART 58
OFFSET  2.0347 -0.7002 -8.8606
X  0.9080  0.4083 -0.0940
Y -0.3736  0.8905  0.2596
Z  0.1897 -0.2006  0.9611

PART 59
OFFSET  1.1721 -1.0881 -8.7713
X -0.4874 -0.8423 -0.2300
Y -0.8424  0.3842  0.3779
Z -0.2300  0.3780 -0.8968

PART 60
OFFSET  0.6179 -3.6186 -8.7889
X -0.9459 -0.2858 -0.1533
Y  0.2858 -0.9580  0.0223
Z -0.1533 -0.0227  0.9879

PART 61
OFFSET  3.1021 -2.8947 -8.5372
X -0.0791 -0.9920 -0.0980
Y  0.9782 -0.0583 -0.1994
Z  0.1921 -0.1117  0.9750

PART 62
OFFSET  3.2368 -1.2057 -8.3703
X  0.9306 -0.2961 -0.2154
Y  0.3179  0.9452  0.0741
Z  0.1816 -0.1374  0.9737

PART 63
OFFSET  1.9471 -0.7954 -8.0718
X  0.8237  0.5627 -0.0700
Y -0.5391  0.8154  0.2109
Z  0.1757 -0.1360  0.9750

PART 64
OFFSET  1.0538 -1.4057 -7.9959
X -0.3582 -0.9335 -0.0152
Y -0.9208  0.3506  0.1708
Z -0.1541  0.0752 -0.9852

PART 65
OFFSET -4.5368 -4.8833 -9.8317
X -0.8917 -0.3932 -0.2241
Y -0.3767  0.9193 -0.1139
Z  0.2508 -0.0171 -0.9679

PART 66
OFFSET  2.7695 -3.8592 -6.5846
X -0.9581 -0.0127 -0.2860
Y  0.0613 -0.9849 -0.1616
Z -0.2797 -0.1724  0.9445

PART 67
OFFSET  4.4565 -3.8368 -6.0810
X -0.3035 -0.9306 -0.2047
Y  0.9113 -0.3462  0.2228
Z -0.2782 -0.1190  0.9531

PART 68
OFFSET  4.8085 -2.7127 -5.7742
X  0.1126 -0.9799 -0.1649
Y  0.9533  0.0597  0.2960
Z -0.2802 -0.1905  0.9408

PART 69
OFFSET  4.6813 -1.6060 -5.5880
X -0.9761  0.2115  0.0511
Y  0.2162  0.9691  0.1185
Z -0.0245  0.1267 -0.9916

PART 70
OFFSET  3.0865 -3.5897 -7.6080
X -0.2140 -0.9739 -0.0754
Y  0.9768 -0.2137 -0.0125
Z -0.0039 -0.0763  0.9971

PART 71
OFFSET  3.5046 -1.6871 -7.4607
X  0.8632 -0.5033 -0.0394
Y  0.5044  0.8631  0.0252
Z  0.0214 -0.0416  0.9989

PART 72
OFFSET  2.2438 -0.9519 -7.4032
X  0.8772  0.4792 -0.0300
Y -0.4795  0.8775 -0.0031
Z  0.0249  0.0171  0.9995

PART 73
OFFSET  1.2499 -1.4942 -7.3762
X -0.3679 -0.9290 -0.0389
Y -0.9272  0.3634  0.0914
Z -0.0708  0.0697 -0.9950

PART 74
OFFSET  0.0000 -0.0000 -0.0000
X  1.0000 -0.0000  0.0000
Y  0.0000  1.0000  0.0000
Z  0.0000 -0.0000  1.0000

PART 75
OFFSET -0.0000 -0.0000 -0.0000
X  1.0000 -0.0004 -0.0004
Y  0.0004  1.0000 -0.0004
Z  0.0004  0.0004  1.0000

PART 76
OFFSET  1.5420  0.0008  4.1352
X  1.0000 -0.0004 -0.0004
Y  0.0004  1.0000 -0.0004
Z  0.0004  0.0004  1.0000


FRAME 1602
PART 0
OFFSET  0.0000 -0.0000 -0.0000
X  1.0000 -0.0000  0.0000
Y  0.0000  1.0000  0.0000
Z  0.0000 -0.0000  1.0000

PART 1
OFFSET -4.6318 -0.0000 -1.3770
X  1.0000 -0.0000  0.0000
Y  0.0000  1.0000  0.0000
Z  0.0000 -0.0000  1.0000

PART 2
OFFSET  1.5508  1.7085 -7.3175
X  0.8050  0.4381 -0.4000
Y  0.3161 -0.8874 -0.3357
Z -0.5020  0.1438 -0.8528

PART 3
OFFSET  11.2866  7.0066 -12.1554
X  0.6819 -0.5217  0.5127
Y -0.7313 -0.5016  0.4622
Z  0.0160 -0.6901 -0.7235

PART 4
OFFSET  17.0865  2.5697 -7.7945
X  0.6819 -0.5217  0.5127
Y -0.2920  0.4486  0.8447
Z -0.6706 -0.7257  0.1536

PART 5
OFFSET  18.5827  3.4612 -6.1541
X  0.6862 -0.5168  0.5119
Y -0.0074  0.6987  0.7153
Z -0.7274 -0.4946  0.4756

PART 6
OFFSET  18.7079  2.1665 -8.3832
X  0.6862 -0.5168  0.5119
Y -0.0074  0.6987  0.7153
Z -0.7274 -0.4946  0.4756

PART 7
OFFSET  17.3159  1.8089 -5.1288
X  0.6862 -0.5168  0.5119
Y -0.0074  0.6987  0.7153
Z -0.7274 -0.4946  0.4756

PART 8
OFFSET  17.0620  0.4765 -6.3380
X  0.6862 -0.5168  0.5119
Y -0.0074  0.6987  0.7153
Z -0.7274 -0.4946  0.4756

PART 9
OFFSET  17.2114  0.1513 -7.6113
X  0.6862 -0.5168  0.5119
Y -0.0074  0.6987  0.7153
Z -0.7274 -0.4946  0.4756

PART 10
OFFSET  19.1770  0.9705 -6.2226
X  0.9691 -0.2211  0.1098
Y -0.0061  0.4231  0.9061
Z -0.2467 -0.8787  0.4086

PART 11
OFFSET  19.5057  0.9185 -5.1311
X  0.8197 -0.1904  0.5402
Y -0.2249  0.7604  0.6093
Z -0.5268 -0.6209  0.5804

PART 12
OFFSET  21.2227  0.5489 -3.8722
X  0.9659 -0.2325  0.1140
Y  0.0343  0.5510  0.8338
Z -0.2567 -0.8015  0.5402

PART 13
OFFSET  22.7512  0.0509 -3.6774
X  0.9166 -0.0351  0.3983
Y -0.2698  0.6808  0.6810
Z -0.2951 -0.7316  0.6145

PART 14
OFFSET  23.7243 -0.0090 -3.2070
X  0.8105  0.5843  0.0396
Y -0.2244  0.3723 -0.9006
Z -0.5410  0.7211  0.4329

PART 15
OFFSET  19.9537  0.1528 -7.0173
X  0.5613 -0.8190 -0.1192
Y -0.5606 -0.4822  0.6733
Z -0.6089 -0.3110 -0.7297

PART 16
OFFSET  21.2347 -1.7012 -7.0964
X -0.0339 -0.8185  0.5736
Y -0.8574  0.3187  0.4040
Z -0.5135 -0.4781 -0.7126

PART 17
OFFSET  21.1867 -2.8600 -6.2843
X -0.5999 -0.3706  0.7091
Y -0.6298  0.7653 -0.1329
Z -0.4934 -0.5263 -0.6925

PART 18
OFFSET  20.6548 -3.1885 -5.6556
X -0.8357  0.1442  0.5299
Y -0.1476  0.8704 -0.4697
Z -0.5289 -0.4707 -0.7061

PART 19
OFFSET  19.8608 -3.0515 -5.1522
X  0.8084 -0.5886 -0.0083
Y  0.3595  0.5048 -0.7848
Z  0.4661  0.6314  0.6197

PART 20
OFFSET  20.1972  0.5080 -6.4481
X  0.9226 -0.3456 -0.1713
Y -0.2660 -0.8917  0.3661
Z -0.2793 -0.2922 -0.9147

PART 21
OFFSET  22.3806 -0.8351 -6.8807
X  0.1739 -0.9027  0.3936
Y -0.8903  0.0267  0.4546
Z -0.4209 -0.4294 -0.7990

PART 22
OFFSET  22.6766 -2.3719 -6.2106
X -0.6373 -0.4796  0.6032
Y -0.6534  0.7513 -0.0930
Z -0.4086 -0.4535 -0.7921

PART 23
OFFSET  21.7934 -3.0366 -5.3746
X -0.8992  0.0365  0.4361
Y -0.1675  0.8919 -0.4201
Z -0.4043 -0.4508 -0.7958

PART 24
OFFSET  20.8182 -2.9969 -4.9016
X  0.8125 -0.5616 -0.1565
Y  0.3956  0.7283 -0.5595
Z  0.4282  0.3927  0.8139

PART 25
OFFSET  22.0223  0.4898 -4.2265
X  0.8444 -0.5342  0.0417
Y  0.5172  0.7924 -0.3234
Z  0.1397  0.2946  0.9454

PART 26
OFFSET  23.0400  0.7548 -5.2634
X  0.8539 -0.4616 -0.2402
Y -0.3758 -0.8664  0.3288
Z -0.3599 -0.1905 -0.9133

PART 27
OFFSET  24.5435 -0.0579 -5.6863
X  0.5056 -0.8610 -0.0561
Y -0.7935 -0.4895  0.3616
Z -0.3388 -0.1383 -0.9306

PART 28
OFFSET  25.1788 -1.0962 -5.6980
X -0.0903 -0.9330  0.3483
Y -0.9460  0.1896  0.2628
Z -0.3113 -0.3058 -0.8998

PART 29
OFFSET  25.0768 -2.1501 -5.3045
X  0.7958  0.0465 -0.6037
Y -0.1560  0.9791 -0.1301
Z  0.5851  0.1978  0.7865

PART 30
OFFSET  22.8991  0.1617 -6.1847
X  0.4965 -0.8657  0.0637
Y -0.7745 -0.4086  0.4828
Z -0.3919 -0.2891 -0.8734

PART 31
OFFSET  23.8690 -1.5295 -6.0602
X -0.4297 -0.7851  0.4461
Y -0.7973  0.5618  0.2208
Z -0.4240 -0.2608 -0.8673

PART 32
OFFSET  23.2414 -2.6762 -5.4086
X -0.8657 -0.1268  0.4842
Y -0.2115  0.9694 -0.1243
Z -0.4536 -0.2100 -0.8661

PART 33
OFFSET  22.2578 -2.8220 -4.8663
X  0.8279 -0.5085 -0.2365
Y  0.3605  0.8056 -0.4702
Z  0.4296  0.3041  0.8503

PART 34
OFFSET  21.4316 -1.1959 -5.7906
X -0.3384 -0.3170 -0.8860
Y  0.2467  0.8787 -0.4086
Z  0.9081 -0.3569 -0.2191

PART 35
OFFSET  4.3085 -2.6513 -4.9933
X  0.9959  0.0457  0.0783
Y -0.0661  0.9570  0.2826
Z -0.0620 -0.2866  0.9560

PART 36
OFFSET  4.3085 -2.6513 -4.9933
X  0.9959  0.0457  0.0783
Y -0.0661  0.9570  0.2826
Z -0.0620 -0.2866  0.9560

PART 37
OFFSET  9.4598 -3.3545 -2.4043
X  0.9944  0.0398  0.0978
Y -0.0661  0.9570  0.2826
Z -0.0823 -0.2875  0.9542

PART 38
OFFSET  13.6510 -1.5372 -6.5836
X  0.9959  0.0457  0.0783
Y -0.0661  0.9570  0.2826
Z -0.0620 -0.2866  0.9560

PART 39
OFFSET  18.7240 -2.1287 -4.5850
X  0.9065  0.4197 -0.0464
Y  0.0883 -0.2959 -0.9511
Z -0.4129  0.8581 -0.3052

PART 40
OFFSET -8.3639 -2.8221 -7.3278
X  0.8870 -0.0734  0.4559
Y -0.0661  0.9570  0.2826
Z -0.4570 -0.2808  0.8440

PART 41
OFFSET  23.8587 -0.4856 -7.7575
X  0.0661 -0.9570 -0.2826
Y  0.9959  0.0457  0.0783
Z -0.0620 -0.2866  0.9560

PART 42
OFFSET  8.4846 -2.5246 -4.3927
X  0.9959  0.0457  0.0783
Y -0.0661  0.9570  0.2826
Z -0.0620 -0.2866  0.9560

PART 43
OFFSET  27.4728 -1.3787 -3.8297
X  0.9959  0.0457  0.0783
Y -0.0661  0.9570  0.2826
Z -0.0620 -0.2866  0.9560

PART 44
OFFSET -17.6076 -4.8127 -7.0611
X -0.7082  0.1074  0.6977
Y -0.2984 -0.9413 -0.1579
Z  0.6398 -0.3200  0.6987

PART 45
OFFSET -9.0422 -6.1121 -15.4995
X -0.7597 -0.1947 -0.6204
Y  0.6466 -0.1243 -0.7527
Z  0.0695 -0.9730  0.2203

PART 46
OFFSET -2.5807 -4.4558 -10.2224
X -0.7597 -0.1947 -0.6204
Y  0.6122  0.1077 -0.7834
Z  0.2194 -0.9749  0.0374

PART 47
OFFSET -2.0109 -2.9264 -9.0817
X -0.7637 -0.1911 -0.6167
Y -0.0767  0.9753 -0.2072
Z  0.6410 -0.1110 -0.7595

PART 48
OFFSET -2.2668 -3.4189 -7.9955
X -0.7637 -0.1911 -0.6167
Y -0.0767  0.9753 -0.2072
Z  0.6410 -0.1110 -0.7595

PART 49
OFFSET -2.0052 -4.7382 -7.7426
X -0.7637 -0.1911 -0.6167
Y -0.0767  0.9753 -0.2072
Z  0.6410 -0.1110 -0.7595

PART 50
OFFSET -0.2517 -3.8588 -8.3203
X -0.9250 -0.1042 -0.3653
Y  0.3539  0.1132 -0.9284
Z  0.1381 -0.9881 -0.0678

PART 51
OFFSET -0.2338 -3.5155 -7.2322
X -0.4183 -0.5172 -0.7467
Y  0.6114  0.4476 -0.6525
Z  0.6717 -0.7295  0.1290

PART 52
OFFSET  0.5704 -2.4034 -5.5629
X -0.8917 -0.4468  0.0719
Y  0.0251 -0.2076 -0.9779
Z  0.4519 -0.8702  0.1963

PART 53
OFFSET  1.9608 -1.5971 -5.7594
X -0.5824 -0.2872  0.7605
Y -0.5853 -0.5011 -0.6374
Z  0.5641 -0.8164  0.1237

PART 54
OFFSET  2.5748 -1.2407 -6.5766
X -0.9129  0.2092  0.3506
Y  0.0830  0.9359 -0.3424
Z -0.3997 -0.2835 -0.8717

PART 55
OFFSET  0.8821 -3.4498 -8.9915
X -0.9264 -0.3693  0.0728
Y  0.3678 -0.9293 -0.0334
Z  0.0800 -0.0042  0.9968

PART 56
OFFSET  2.9303 -2.5067 -9.0059
X -0.0446 -0.9736 -0.2236
Y  0.9696  0.0117 -0.2445
Z  0.2407 -0.2278  0.9435

PART 57
OFFSET  2.9934 -1.1282 -8.6893
X  0.8207 -0.4690 -0.3263
Y  0.5296  0.8388  0.1266
Z  0.2143 -0.2767  0.9368

PART 58
OFFSET  2.2657 -0.7124 -8.4000
X  0.8996  0.4153 -0.1351
Y -0.3637  0.8837  0.2946
Z  0.2418 -0.2158  0.9460

PART 59
OFFSET  1.4111 -1.1070 -8.2716
X -0.4947 -0.8412 -0.2184
Y -0.8229  0.3726  0.4289
Z -0.2794  0.3919 -0.8766

PART 60
OFFSET  0.8696 -3.6401 -8.3036
X -0.9513 -0.2888 -0.1077
Y  0.2915 -0.9565 -0.0096
Z -0.1002 -0.0405  0.9941

PART 61
OFFSET  3.3600 -2.9057 -8.1721
X -0.0792 -0.9907 -0.1109
Y  0.9664 -0.0490 -0.2522
Z  0.2444 -0.1272  0.9613

PART 62
OFFSET  3.4948 -1.2190 -7.9833
X  0.9192 -0.2868 -0.2698
Y  0.3166  0.9457  0.0735
Z  0.2341 -0.1530  0.9601

PART 63
OFFSET  2.2209 -0.8216 -7.6094
X  0.8159  0.5688 -0.1040
Y -0.5312  0.8084  0.2535
Z  0.2282 -0.1516  0.9617

PART 64
OFFSET  1.3360 -1.4385 -7.4966
X -0.3538 -0.9352 -0.0123
Y -0.9122  0.3421  0.2257
Z -0.2069  0.0911 -0.9741

PART 65
OFFSET -4.3269 -4.9177 -9.0921
X -0.9004 -0.3947 -0.1830
Y -0.3869  0.9188 -0.0776
Z  0.1988  0.0009 -0.9800

PART 66
OFFSET  3.1371 -3.9055 -6.2217
X -0.9720 -0.0136 -0.2347
Y  0.0576 -0.9817 -0.1818
Z -0.2280 -0.1902  0.9549

PART 67
OFFSET  4.8483 -3.8816 -5.8084
X -0.3093 -0.9287 -0.2044
Y  0.9236 -0.3445  0.1679
Z -0.2263 -0.1369  0.9644

PART 68
OFFSET  5.2106 -2.7608 -5.5013
X  0.1086 -0.9762 -0.1877
Y  0.9674  0.0604  0.2458
Z -0.2286 -0.2083  0.9510

PART 69
OFFSET  5.0879 -1.6582 -5.2893
X -0.9730  0.2047  0.1067
Y  0.2173  0.9683  0.1237
Z -0.0780  0.1435 -0.9866

PART 70
OFFSET  3.3976 -3.6166 -7.2557
X -0.2128 -0.9738 -0.0808
Y  0.9758 -0.2076 -0.0683
Z  0.0497 -0.0934  0.9944

PART 71
OFFSET  3.8133 -1.7143 -7.0978
X  0.8624 -0.4974 -0.0941
Y  0.5007  0.8655  0.0133
Z  0.0749 -0.0586  0.9955

PART 72
OFFSET  2.5537 -0.9878 -6.9603
X  0.8719  0.4849 -0.0684
Y -0.4834  0.8746  0.0378
Z  0.0781  0.0001  0.9969

PART 73
OFFSET  1.5653 -1.5364 -6.8899
X -0.3648 -0.9304 -0.0354
Y -0.9228  0.3562  0.1470
Z -0.1242  0.0863 -0.9885

PART 74
OFFSET  0.0000 -0.0000 -0.0000
X  1.0000 -0.0000  0.0000
Y  0.0000  1.0000  0.0000
Z  0.0000 -0.0000  1.0000

PART 75
OFFSET -0.0000 -0.0000 -0.0000
X  1.0000 -0.0017 -0.0014
Y  0.0017  1.0000 -0.0014
Z  0.0014  0.0014  1.0000

PART 76
OFFSET  1.5462  0.0030  4.1336
X  1.0000 -0.0017 -0.0014
Y  0.0017  1.0000 -0.0014
Z  0.0014  0.0014  1.0000


FRAME 1603
PART 0
OFFSET  0.0000 -0.0000 -0.0000
X  1.0000 -0.0000  0.0000
Y  0.0000  1.0000  0.0000
Z  0.0000 -0.0000  1.0000

PART 1
OFFSET -4.6318 -0.0000 -1.3770
X  1.0000 -0.0000  0.0000
Y  0.0000  1.0000  0.0000
Z  0.0000 -0.0000  1.0000

PART 2
OFFSET  1.4726  1.7801 -7.3081
X  0.7716  0.4652 -0.4339
Y  0.3394 -0.8779 -0.3377
Z -0.5380  0.1133 -0.8353

PART 3
OFFSET  10.8043  7.4057 -12.5554
X  0.6699 -0.5235  0.5264
Y -0.7422 -0.4892  0.4580
Z  0.0177 -0.6976 -0.7163

PART 4
OFFSET  16.5025  2.9529 -8.0781
X  0.6699 -0.5235  0.5264
Y -0.4456  0.2836  0.8491
Z -0.5938 -0.8034 -0.0433

PART 5
OFFSET  17.9875  3.8453 -6.4282
X  0.6743 -0.5187  0.5256
Y -0.0089  0.7060  0.7082
Z -0.7384 -0.4822  0.4714

PART 6
OFFSET  18.1267  2.5269 -8.6424
X  0.6743 -0.5187  0.5256
Y -0.0089  0.7060  0.7082
Z -0.7384 -0.4822  0.4714

PART 7
OFFSET  16.6907  2.2168 -5.4024
X  0.6743 -0.5187  0.5256
Y -0.0089  0.7060  0.7082
Z -0.7384 -0.4822  0.4714

PART 8
OFFSET  16.4378  0.8749 -6.6012
X  0.6743 -0.5187  0.5256
Y -0.0089  0.7060  0.7082
Z -0.7384 -0.4822  0.4714

PART 9
OFFSET  16.5996  0.5354 -7.8693
X  0.6743 -0.5187  0.5256
Y -0.0089  0.7060  0.7082
Z -0.7384 -0.4822  0.4714

PART 10
OFFSET  18.5563  1.3480 -6.4644
X  0.9781 -0.1961  0.0698
Y -0.0181  0.2540  0.9670
Z -0.2073 -0.9471  0.2449

PART 11
OFFSET  18.8937  1.1160 -5.3992
X  0.7914 -0.2407  0.5620
Y -0.3104  0.6337  0.7086
Z -0.5267 -0.7352  0.4268

PART 12
OFFSET  20.5411  0.6189 -4.0920
X  0.9671 -0.1923  0.1667
Y -0.0756  0.4086  0.9096
Z -0.2430 -0.8922  0.3806

PART 13
OFFSET  22.0796  0.1842 -3.8345
X  0.8688 -0.0313  0.4942
Y -0.3996  0.5451  0.7370
Z -0.2924 -0.8378  0.4611

PART 14
OFFSET  22.9989  0.1213 -3.2665
X  0.7468  0.6274  0.2205
Y -0.1600  0.4913 -0.8562
Z -0.6455  0.6041  0.4673

PART 15
OFFSET  19.3614  0.7186 -7.3913
X  0.6158 -0.7300 -0.2965
Y -0.5085 -0.6556  0.5582
Z -0.6019 -0.1930 -0.7749

PART 16
OFFSET  20.7703 -0.9739 -7.8761
X  0.2070 -0.9444  0.2553
Y -0.8346 -0.0343  0.5499
Z -0.5106 -0.3269 -0.7953

PART 17
OFFSET  21.0633 -2.3110 -7.5146
X -0.3322 -0.7608  0.5575
Y -0.8126  0.5310  0.2405
Z -0.4789 -0.3731 -0.7946

PART 18
OFFSET  20.7688 -2.9856 -7.0203
X -0.6729 -0.3982  0.6234
Y -0.5170  0.8559 -0.0114
Z -0.5291 -0.3300 -0.7818

PART 19
OFFSET  20.1296 -3.3639 -6.4280
X  0.9157 -0.1850 -0.3567
Y -0.0242  0.8607 -0.5086
Z  0.4011  0.4743  0.7837

PART 20
OFFSET  19.5935  0.9766 -6.7675
X  0.9351 -0.2703 -0.2291
Y -0.2263 -0.9531  0.2008
Z -0.2726 -0.1359 -0.9525

PART 21
OFFSET  21.8386 -0.1410 -7.4523
X  0.3891 -0.9098  0.1447
Y -0.8236 -0.2732  0.4971
Z -0.4127 -0.3126 -0.8555

PART 22
OFFSET  22.5010 -1.6898 -7.2059
X -0.3305 -0.8174  0.4718
Y -0.8571  0.4693  0.2126
Z -0.3952 -0.3341 -0.8557

PART 23
OFFSET  22.0429 -2.8227 -6.5521
X -0.6882 -0.5141  0.5118
Y -0.6100  0.7920 -0.0246
Z -0.3927 -0.3292 -0.8587

PART 24
OFFSET  21.2965 -3.3803 -5.9970
X  0.8930 -0.0474 -0.4475
Y -0.0879  0.9570 -0.2766
Z  0.4414  0.2863  0.8504

PART 25
OFFSET  21.4317  0.6392 -4.5826
X  0.8661 -0.4970 -0.0533
Y  0.4817  0.8584 -0.1761
Z  0.1333  0.1269  0.9829

PART 26
OFFSET  22.4309  1.1276 -5.5542
X  0.9038 -0.3347 -0.2667
Y -0.3123 -0.9419  0.1237
Z -0.2926 -0.0285 -0.9558

PART 27
OFFSET  24.0222  0.5383 -6.0237
X  0.6663 -0.7149 -0.2118
Y -0.6913 -0.6988  0.1840
Z -0.2795  0.0238 -0.9598

PART 28
OFFSET  24.8493 -0.3323 -6.2229
X  0.2299 -0.9694  0.0862
Y -0.9479 -0.2029  0.2455
Z -0.2205 -0.1381 -0.9656

PART 29
OFFSET  25.1089 -1.4272 -6.1256
X  0.7189  0.4599 -0.5212
Y -0.4712  0.8737  0.1211
Z  0.5111  0.1585  0.8448

PART 30
OFFSET  22.3090  0.7030 -6.5668
X  0.6483 -0.7534 -0.1101
Y -0.6720 -0.6341  0.3826
Z -0.3580 -0.1740 -0.9173

PART 31
OFFSET  23.5754 -0.7688 -6.7818
X -0.0976 -0.9729  0.2094
Y -0.9136  0.1711  0.3689
Z -0.3948 -0.1553 -0.9056

PART 32
OFFSET  23.4328 -2.1900 -6.4760
X -0.6434 -0.6495  0.4052
Y -0.6269  0.7508  0.2080
Z -0.4394 -0.1202 -0.8902

PART 33
OFFSET  22.7014 -2.9269 -6.0234
X  0.9218  0.0261 -0.3867
Y -0.0982  0.9809 -0.1677
Z  0.3749  0.1926  0.9068

PART 34
OFFSET  20.9019 -0.7638 -6.4231
X -0.3305 -0.1678 -0.9288
Y  0.2073  0.9471 -0.2449
Z  0.9208 -0.2735 -0.2782

PART 35
OFFSET  4.9137 -2.7345 -4.5526
X  0.9987  0.0500  0.0097
Y -0.0505  0.9501  0.3077
Z  0.0061 -0.3078  0.9514

PART 36
OFFSET  4.9137 -2.7345 -4.5526
X  0.9987  0.0500  0.0097
Y -0.0505  0.9501  0.3077
Z  0.0061 -0.3078  0.9514

PART 37
OFFSET  10.2362 -3.4629 -2.3448
X  0.9986  0.0437  0.0292
Y -0.0505  0.9501  0.3077
Z -0.0143 -0.3088  0.9510

PART 38
OFFSET  14.1175 -1.5293 -6.7642
X  0.9987  0.0500  0.0097
Y -0.0505  0.9501  0.3077
Z  0.0061 -0.3078  0.9514

PART 39
OFFSET  19.3201 -2.1337 -5.1373
X  0.8991  0.4261 -0.1000
Y  0.0231 -0.2744 -0.9613
Z -0.4370  0.8621 -0.2566

PART 40
OFFSET -7.8897 -2.9308 -6.0023
X  0.9169 -0.0780  0.3913
Y -0.0505  0.9501  0.3077
Z -0.3958 -0.3020  0.8673

PART 41
OFFSET  24.2137 -0.3904 -8.6223
X  0.0505 -0.9501 -0.3077
Y  0.9987  0.0500  0.0097
Z  0.0061 -0.3078  0.9514

PART 42
OFFSET  9.1210 -2.5957 -4.2414
X  0.9987  0.0500  0.0097
Y -0.0505  0.9501  0.3077
Z  0.0061 -0.3078  0.9514

PART 43
OFFSET  28.1031 -1.3555 -4.9507
X  0.9987  0.0500  0.0097
Y -0.0505  0.9501  0.3077
Z  0.0061 -0.3078  0.9514

PART 44
OFFSET -17.6076 -4.8127 -7.0611
X -0.7508  0.0941  0.6538
Y -0.2869 -0.9380 -0.1945
Z  0.5950 -0.3336  0.7313

PART 45
OFFSET -8.5273 -5.9506 -14.9678
X -0.7489 -0.1775 -0.6385
Y  0.6603 -0.1178 -0.7417
Z  0.0565 -0.9770  0.2055

PART 46
OFFSET -2.1577 -4.4407 -9.5374
X -0.7489 -0.1775 -0.6385
Y  0.6246  0.1327 -0.7696
Z  0.2213 -0.9751  0.0115

PART 47
OFFSET -1.5973 -2.9355 -8.3604
X -0.7529 -0.1739 -0.6347
Y -0.0639  0.9792 -0.1925
Z  0.6550 -0.1044 -0.7484

PART 48
OFFSET -1.8791 -3.4434 -7.2878
X -0.7529 -0.1739 -0.6347
Y -0.0639  0.9792 -0.1925
Z  0.6550 -0.1044 -0.7484

PART 49
OFFSET -1.6342 -4.7691 -7.0517
X -0.7529 -0.1739 -0.6347
Y -0.0639  0.9792 -0.1925
Z  0.6550 -0.1044 -0.7484

PART 50
OFFSET  0.1381 -3.8964 -7.5800
X -0.9478 -0.1017 -0.3023
Y  0.2878  0.1356 -0.9480
Z  0.1374 -0.9855 -0.0992

PART 51
OFFSET  0.2303 -3.5768 -6.4884
X -0.4670 -0.5033 -0.7271
Y  0.5624  0.4655 -0.6834
Z  0.6824 -0.7281  0.0657

PART 52
OFFSET  1.1439 -2.4968 -4.8548
X -0.8825 -0.4537  0.1239
Y -0.0422 -0.1860 -0.9816
Z  0.4684 -0.8715  0.1450

PART 53
OFFSET  2.5137 -1.6779 -5.1297
X -0.5266 -0.3073  0.7926
Y -0.6261 -0.4905 -0.6061
Z  0.5750 -0.8155  0.0659

PART 54
OFFSET  3.0675 -1.3000 -5.9795
X -0.8871  0.1959  0.4178
Y  0.0547  0.9437 -0.3264
Z -0.4582 -0.2667 -0.8479

PART 55
OFFSET  1.2205 -3.4659 -8.3193
X -0.9174 -0.3764  0.1289
Y  0.3688 -0.9261 -0.0796
Z  0.1494 -0.0255  0.9885

PART 56
OFFSET  3.2584 -2.5103 -8.4552
X -0.0557 -0.9688 -0.2416
Y  0.9501  0.0229 -0.3111
Z  0.3069 -0.2469  0.9192

PART 57
OFFSET  3.3373 -1.1388 -8.1131
X  0.7981 -0.4567 -0.3930
Y  0.5333  0.8390  0.1080
Z  0.2804 -0.2958  0.9132

PART 58
OFFSET  2.6297 -0.7338 -7.7647
X  0.8861  0.4236 -0.1882
Y -0.3463  0.8748  0.3388
Z  0.3081 -0.2350  0.9219

PART 59
OFFSET  1.7879 -1.1363 -7.5859
X -0.5049 -0.8392 -0.2021
Y -0.7927  0.3581  0.4933
Z -0.3416  0.4093 -0.8460

PART 60
OFFSET  1.2569 -3.6713 -7.6366
X -0.9552 -0.2921 -0.0476
Y  0.2944 -0.9543 -0.0512
Z -0.0305 -0.0629  0.9976

PART 61
OFFSET  3.7470 -2.9249 -7.6625
X -0.0823 -0.9885 -0.1272
Y  0.9467 -0.0376 -0.3199
Z  0.3115 -0.1467  0.9389

PART 62
OFFSET  3.8871 -1.2420 -7.4460
X  0.8995 -0.2752 -0.3395
Y  0.3167  0.9458  0.0723
Z  0.3011 -0.1725  0.9378

PART 63
OFFSET  2.6405 -0.8606 -6.9755
X  0.8041  0.5758 -0.1478
Y -0.5159  0.7994  0.3078
Z  0.2954 -0.1712  0.9399

PART 64
OFFSET  1.7685 -1.4851 -6.8152
X -0.3496 -0.9369 -0.0085
Y -0.8957  0.3315  0.2962
Z -0.2747  0.1111 -0.9551

PART 65
OFFSET -3.9762 -4.9627 -8.0896
X -0.9092 -0.3960 -0.1287
Y -0.3956  0.9180 -0.0300
Z  0.1300  0.0236 -0.9912

PART 66
OFFSET  3.6652 -3.9685 -5.7240
X -0.9859 -0.0143 -0.1667
Y  0.0492 -0.9771 -0.2072
Z -0.1600 -0.2124  0.9640

PART 67
OFFSET  5.4010 -3.9433 -5.4304
X -0.3186 -0.9259 -0.2030
Y  0.9347 -0.3425  0.0954
Z -0.1579 -0.1594  0.9745

PART 68
OFFSET  5.7787 -2.8273 -5.1244
X  0.0997 -0.9712 -0.2165
Y  0.9819  0.0608  0.1791
Z -0.1608 -0.2304  0.9597

PART 69
OFFSET  5.6661 -1.7304 -4.8799
X -0.9641  0.1964  0.1787
Y  0.2210  0.9666  0.1298
Z -0.1473  0.1646 -0.9753

PART 70
OFFSET  3.8517 -3.6554 -6.7670
X -0.2135 -0.9730 -0.0875
Y  0.9696 -0.2001 -0.1407
Z  0.1194 -0.1149  0.9862

PART 71
OFFSET  4.2688 -1.7546 -6.5961
X  0.8560 -0.4900 -0.1650
Y  0.4965  0.8681 -0.0023
Z  0.1444 -0.0799  0.9863

PART 72
OFFSET  3.0185 -1.0389 -6.3551
X  0.8628  0.4916 -0.1181
Y -0.4836  0.8706  0.0908
Z  0.1475 -0.0212  0.9888

PART 73
OFFSET  2.0400 -1.5949 -6.2282
X -0.3621 -0.9316 -0.0306
Y -0.9119  0.3473  0.2188
Z -0.1932  0.1072 -0.9753

PART 74
OFFSET  0.0000 -0.0000 -0.0000
X  1.0000 -0.0000  0.0000
Y  0.0000  1.0000  0.0000
Z  0.0000 -0.0000  1.0000

PART 75
OFFSET -0.0000 -0.0000 -0.0000
X  1.0000 -0.0035 -0.0029
Y  0.0035  1.0000 -0.0029
Z  0.0030  0.0029  1.0000

PART 76
OFFSET  1.5527  0.0064  4.1312
X  1.0000 -0.0035 -0.0029
Y  0.0035  1.0000 -0.0029
Z  0.0030  0.0029  1.0000


FRAME 1604
PART 0
OFFSET  0.0000 -0.0000 -0.0000
X  1.0000 -0.0000  0.0000
Y  0.0000  1.0000  0.0000
Z  0.0000 -0.0000  1.0000

PART 1
OFFSET -4.6318 -0.0000 -1.3770
X  1.0000 -0.0000  0.0000
Y  0.0000  1.0000  0.0000
Z  0.0000 -0.0000  1.0000

PART 2
OFFSET  1.3671  1.8767 -7.2955
X  0.7329  0.4904 -0.4715
Y  0.3620 -0.8679 -0.3401
Z -0.5760  0.0785 -0.8136

PART 3
OFFSET  10.2307  7.8081 -12.9981
X  0.6597 -0.5233  0.5395
Y -0.7513 -0.4762  0.4568
Z  0.0178 -0.7067 -0.7073

PART 4
OFFSET  15.8414  3.3573 -8.4098
X  0.6597 -0.5233  0.5395
Y -0.5774  0.1066  0.8095
Z -0.4811 -0.8455 -0.2319

PART 5
OFFSET  17.3191  4.2561 -6.7567
X  0.6641 -0.5186  0.5386
Y -0.0088  0.7149  0.6992
Z -0.7476 -0.4690  0.4702

PART 6
OFFSET  17.4668  2.9085 -8.9528
X  0.6641 -0.5186  0.5386
Y -0.0088  0.7149  0.6992
Z -0.7476 -0.4690  0.4702

PART 7
OFFSET  15.9966  2.6532 -5.7233
X  0.6641 -0.5186  0.5386
Y -0.0088  0.7149  0.6992
Z -0.7476 -0.4690  0.4702

PART 8
OFFSET  15.7421  1.2988 -6.9077
X  0.6641 -0.5186  0.5386
Y -0.0088  0.7149  0.6992
Z -0.7476 -0.4690  0.4702

PART 9
OFFSET  15.9129  0.9417 -8.1697
X  0.6641 -0.5186  0.5386
Y -0.0088  0.7149  0.6992
Z -0.7476 -0.4690  0.4702

PART 10
OFFSET  17.8638  1.7531 -6.7560
X  0.9855 -0.1680  0.0233
Y -0.0135  0.0593  0.9981
Z -0.1690 -0.9840  0.0562

PART 11
