// Export filename: `C:\projects\cod\t5\xanim_export\t5_viewmodels\ak47\ak47_grenadier_putaway.XANIM_EXPORT`
// Source filename: `D:\projects\devanim\t5\animation_assets\viewmodels\ak47\ViewModel_AK47_GrenadeLauncher_animated.fbx`
// Export time: Sat Jun 05 16:36:50 2010

ANIMATION
VERSION 3

NUMPARTS 77
PART 0 "tag_ads"
PART 1 "tag_torso"
PART 2 "J_Shoulder_LE"
PART 3 "J_Elbow_LE"
PART 4 "J_WristTwist_LE"
PART 5 "J_Sleave_Reshape_Bottom_LE_1"
PART 6 "J_Sleave_Reshape_Bottom_LE_2"
PART 7 "J_Sleave_Reshape_Top_LE_1"
PART 8 "J_Sleave_Reshape_Top_LE_2"
PART 9 "J_Sleave_Reshape_Top_LE_3"
PART 10 "J_Wrist_LE"
PART 11 "J_Thumb_LE_0"
PART 12 "J_Thumb_LE_1"
PART 13 "J_Thumb_LE_2"
PART 14 "J_Thumb_LE_3"
PART 15 "J_PinkyPalm_LE"
PART 16 "J_Pinky_LE_0"
PART 17 "J_Pinky_LE_1"
PART 18 "J_Pinky_LE_2"
PART 19 "J_Pinky_LE_3"
PART 20 "J_RingPalm_LE"
PART 21 "J_Ring_LE_0"
PART 22 "J_Ring_LE_1"
PART 23 "J_Ring_LE_2"
PART 24 "J_Ring_LE_3"
PART 25 "J_Webbing_LE"
PART 26 "J_Index_LE_0"
PART 27 "J_Index_LE_1"
PART 28 "J_Index_LE_2"
PART 29 "J_Index_LE_3"
PART 30 "J_Mid_LE_0"
PART 31 "J_Mid_LE_1"
PART 32 "J_Mid_LE_2"
PART 33 "J_Mid_LE_3"
PART 34 "tag_knife_attach"
PART 35 "tag_weapon"
PART 36 "J_Gun"
PART 37 "J_bolt"
PART 38 "TAG_CLIP"
PART 39 "TAG_FLASH"
PART 40 "TAG_BOUNCING_GRENADE_LAUNCHER"
PART 41 "J_BOUNCING_TRIGGER"
PART 42 "J_BOUNCING_GRENADE_AMMO"
PART 43 "J_BOUNCING_GRENADE_TIP"
PART 44 "J_Shoulder_RI"
PART 45 "J_Elbow_RI"
PART 46 "J_WristTwist_RI"
PART 47 "J_Sleave_Reshape_Top_RI_3"
PART 48 "J_Sleave_Reshape_Top_RI_2"
PART 49 "J_Sleave_Reshape_Top_RI_1"
PART 50 "J_Wrist_RI"
PART 51 "J_Thumb_RI_0"
PART 52 "J_Thumb_RI_1"
PART 53 "J_Thumb_RI_2"
PART 54 "J_Thumb_RI_3"
PART 55 "J_PinkyPalm_RI"
PART 56 "J_Pinky_RI_0"
PART 57 "J_Pinky_RI_1"
PART 58 "J_Pinky_RI_2"
PART 59 "J_Pinky_RI_3"
PART 60 "J_RingPalm_RI"
PART 61 "J_Ring_RI_0"
PART 62 "J_Ring_RI_1"
PART 63 "J_Ring_RI_2"
PART 64 "J_Ring_RI_3"
PART 65 "J_Webbing_RI"
PART 66 "J_Index_RI_0"
PART 67 "J_Index_RI_1"
PART 68 "J_Index_RI_2"
PART 69 "J_Index_RI_3"
PART 70 "J_Mid_RI_0"
PART 71 "J_Mid_RI_1"
PART 72 "J_Mid_RI_2"
PART 73 "J_Mid_RI_3"
PART 74 "tag_cambone"
PART 75 "tag_camera"
PART 76 "tag_gasmask"

FRAMERATE 30
NUMFRAMES 32

FRAME 100
PART 0
OFFSET -4.6318 -0.0000 -1.3770
X  1.0000 -0.0000  0.0000
Y  0.0000  1.0000  0.0000
Z  0.0000 -0.0000  1.0000

PART 1
OFFSET -4.6318 -0.0000 -1.3770
X  1.0000 -0.0000  0.0000
Y  0.0000  1.0000  0.0000
Z  0.0000 -0.0000  1.0000

PART 2
OFFSET -3.5060  6.3408 -6.7125
X  0.8617 -0.1192 -0.4933
Y -0.1216 -0.9922  0.0275
Z -0.4927  0.0363 -0.8694

PART 3
OFFSET  6.9149  4.8989 -12.6781
X  0.6731 -0.5404  0.5049
Y -0.6483 -0.1028  0.7544
Z -0.3557 -0.8351 -0.4196

PART 4
OFFSET  12.6402  0.3028 -8.3840
X  0.6731 -0.5404  0.5049
Y -0.6899 -0.2130  0.6918
Z -0.2663 -0.8140 -0.5162

PART 5
OFFSET  14.7203  1.1137 -7.5239
X  0.6779 -0.5375  0.5015
Y  0.3632  0.8380  0.4072
Z -0.6392 -0.0939  0.7633

PART 6
OFFSET  13.8771 -0.7259 -9.1256
X  0.6779 -0.5375  0.5015
Y  0.3632  0.8380  0.4072
Z -0.6392 -0.0939  0.7633

PART 7
OFFSET  13.4931  0.2856 -5.7365
X  0.6779 -0.5375  0.5015
Y  0.3632  0.8380  0.4072
Z -0.6392 -0.0939  0.7633

PART 8
OFFSET  12.8855 -0.9678 -6.4671
X  0.6779 -0.5375  0.5015
Y  0.3632  0.8380  0.4072
Z -0.6392 -0.0939  0.7633

PART 9
OFFSET  12.5671 -1.6655 -7.5447
X  0.6779 -0.5375  0.5015
Y  0.3632  0.8380  0.4072
Z -0.6392 -0.0939  0.7633

PART 10
OFFSET  14.7038 -1.3538 -6.8363
X  0.9663 -0.0665  0.2488
Y -0.2574 -0.2241  0.9399
Z -0.0067 -0.9723 -0.2337

PART 11
OFFSET  14.8873 -1.9992 -5.9133
X  0.6297 -0.6554  0.4170
Y -0.5110  0.0549  0.8579
Z -0.5851 -0.7533 -0.3003

PART 12
OFFSET  16.1626 -3.4500 -4.9445
X  0.9489 -0.1630 -0.2702
Y  0.1371 -0.5581  0.8184
Z -0.2842 -0.8136 -0.5073

PART 13
OFFSET  17.6544 -3.7710 -5.4862
X  0.2992  0.2107 -0.9306
Y  0.8320 -0.5351  0.1464
Z -0.4671 -0.8181 -0.3354

PART 14
OFFSET  17.9708 -3.5897 -6.5055
X  0.6924  0.5708 -0.4414
Y -0.0670  0.6599  0.7484
Z  0.7184 -0.4886  0.4951

PART 15
OFFSET  15.7958 -1.3666 -7.6794
X  0.9651 -0.0633 -0.2540
Y -0.0749 -0.9965 -0.0363
Z -0.2508  0.0541 -0.9665

PART 16
OFFSET  17.9916 -1.6389 -8.1138
X  0.4046 -0.9139  0.0329
Y -0.8686 -0.3728  0.3265
Z -0.2861 -0.1607 -0.9446

PART 17
OFFSET  18.5644 -2.9328 -8.0673
X -0.8476 -0.4323  0.3077
Y -0.4712  0.8799 -0.0617
Z -0.2441 -0.1973 -0.9495

PART 18
OFFSET  17.8129 -3.3161 -7.7944
X -0.9633  0.0619  0.2612
Y  0.0240  0.9890 -0.1459
Z -0.2674 -0.1343 -0.9542

PART 19
OFFSET  16.8977 -3.2573 -7.5463
X  0.7604 -0.6488  0.0298
Y  0.6042  0.6898 -0.3988
Z  0.2382  0.3213  0.9166

PART 20
OFFSET  15.8381 -1.3944 -6.9674
X  0.9986 -0.0003 -0.0533
Y -0.0152 -0.9599 -0.2798
Z -0.0511  0.2802 -0.9586

PART 21
OFFSET  18.4256 -1.4926 -7.1997
X  0.4303 -0.8981 -0.0913
Y -0.8619 -0.4388  0.2542
Z -0.2683 -0.0307 -0.9628

PART 22
OFFSET  19.1581 -3.0215 -7.3552
X -0.8440 -0.4782  0.2429
Y -0.4751  0.8767  0.0750
Z -0.2488 -0.0521 -0.9671

PART 23
OFFSET  17.9884 -3.6843 -7.0185
X -0.8529  0.4860  0.1907
Y  0.4615  0.8726 -0.1597
Z -0.2440 -0.0482 -0.9686

PART 24
OFFSET  17.0634 -3.1572 -6.8117
X  0.4231 -0.8990 -0.1127
Y  0.8770  0.4376 -0.1984
Z  0.2276 -0.0149  0.9736

PART 25
OFFSET  17.2702 -2.4358 -4.7022
X  0.9571 -0.2896 -0.0127
Y  0.2772  0.9015  0.3324
Z -0.0848 -0.3217  0.9430

PART 26
OFFSET  18.2773 -1.4206 -5.0711
X  0.9843 -0.1431 -0.1035
Y -0.1692 -0.9323 -0.3196
Z -0.0508  0.3321 -0.9419

PART 27
OFFSET  20.0102 -1.6726 -5.2533
X  0.8549 -0.4378 -0.2783
Y -0.5111 -0.8027 -0.3073
Z -0.0888  0.4049 -0.9100

PART 28
OFFSET  21.0549 -2.2294 -5.5363
X  0.6596 -0.7094 -0.2484
Y -0.7516 -0.6209 -0.2225
Z  0.0036  0.3335 -0.9428

PART 29
OFFSET  21.8000 -3.0307 -5.8169
X  0.4648  0.8853  0.0165
Y -0.8484  0.4400  0.2942
Z  0.2532 -0.1508  0.9556

PART 30
OFFSET  18.4523 -1.3448 -6.1592
X  0.5190 -0.8158 -0.2551
Y -0.7958 -0.5701  0.2040
Z -0.3119  0.0971 -0.9451

PART 31
OFFSET  19.4662 -2.9385 -6.6576
X -0.8233 -0.5145  0.2398
Y -0.4478  0.8483  0.2827
Z -0.3489  0.1254 -0.9287

PART 32
OFFSET  18.2637 -3.6900 -6.3073
X -0.8550  0.3439  0.3882
Y  0.3856  0.9221  0.0323
Z -0.3469  0.1773 -0.9210

PART 33
OFFSET  17.2926 -3.2999 -5.8742
X  0.4315 -0.8640 -0.2594
Y  0.8172  0.4962 -0.2932
Z  0.3821 -0.0855  0.9202

PART 34
OFFSET  17.4520 -2.8950 -7.0244
X -0.1025  0.2331 -0.9670
Y  0.0067  0.9723  0.2337
Z  0.9947  0.0174 -0.1012

PART 35
OFFSET  8.2563 -2.6698 -4.5431
X  1.0000 -0.0000  0.0000
Y  0.0000  1.0000  0.0000
Z  0.0000 -0.0000  1.0000

PART 36
OFFSET  8.2563 -2.6698 -4.5431
X  1.0000 -0.0000  0.0000
Y  0.0000  1.0000  0.0000
Z  0.0000 -0.0000  1.0000

PART 37
OFFSET  13.5569 -2.9515 -2.1857
X  0.9998 -0.0000  0.0204
Y  0.0000  1.0000 -0.0000
Z -0.0204  0.0000  0.9998

PART 38
OFFSET  12.4681 -2.6548 -4.2640
X  1.0000 -0.0000  0.0000
Y  0.0000  1.0000  0.0000
Z  0.0000 -0.0000  1.0000

PART 39
OFFSET  31.8688 -2.6540 -3.4824
X  1.0000 -0.0000  0.0000
Y  0.0000  1.0000  0.0000
Z  0.0000 -0.0000  1.0000

PART 40
OFFSET -0.0481 -2.6698 -8.3466
X  1.0000 -0.0000  0.0000
Y  0.0000  1.0000  0.0000
Z  0.0000 -0.0000  1.0000

PART 41
OFFSET  20.6755 -2.6671 -5.5346
X  1.0000 -0.0000  0.0000
Y  0.0000  1.0000  0.0000
Z  0.0000 -0.0000  1.0000

PART 42
OFFSET  23.3753 -2.6698 -5.6701
X  1.0000 -0.0000  0.0000
Y  0.0000  1.0000  0.0000
Z  0.0000 -0.0000  1.0000

PART 43
OFFSET  27.7795 -2.6698 -5.6701
X  1.0000 -0.0000  0.0000
Y  0.0000  1.0000  0.0000
Z  0.0000 -0.0000  1.0000

PART 44
OFFSET -17.6076 -4.8127 -7.0611
X -0.8933  0.0570  0.4458
Y -0.2146 -0.9256 -0.3117
Z  0.3949 -0.3741  0.8391

PART 45
OFFSET -6.8040 -5.5021 -12.4527
X -0.8818 -0.0897 -0.4630
Y  0.4713 -0.1330 -0.8719
Z  0.0166 -0.9870  0.1596

PART 46
OFFSET  0.6961 -4.7391 -8.5146
X -0.8818 -0.0897 -0.4630
Y  0.4716 -0.1611 -0.8670
Z  0.0032 -0.9829  0.1844

PART 47
OFFSET  1.6239 -3.3379 -7.4465
X -0.8846 -0.0860 -0.4583
Y -0.0209  0.9892 -0.1452
Z  0.4659 -0.1189 -0.8768

PART 48
OFFSET  1.5393 -3.8724 -6.3533
X -0.8846 -0.0860 -0.4583
Y -0.0209  0.9892 -0.1452
Z  0.4659 -0.1189 -0.8768

PART 49
OFFSET  1.7164 -5.2227 -6.2157
X -0.8846 -0.0860 -0.4583
Y -0.0209  0.9892 -0.1452
Z  0.4659 -0.1189 -0.8768

PART 50
OFFSET  3.3994 -4.4641 -7.0951
X -0.9546 -0.1418 -0.2621
Y  0.2850 -0.1775 -0.9420
Z  0.0871 -0.9739  0.2098

PART 51
OFFSET  3.5180 -3.8292 -6.1544
X -0.4986 -0.6783 -0.5397
Y  0.5783  0.2035 -0.7900
Z  0.6457 -0.7060  0.2908

PART 52
OFFSET  4.5003 -2.3465 -4.9270
X -0.9028 -0.3483  0.2521
Y -0.0610 -0.4767 -0.8770
Z  0.4256 -0.8071  0.4091

PART 53
OFFSET  5.9065 -1.7222 -5.4322
X -0.5336 -0.0214  0.8455
Y -0.6557 -0.6209 -0.4295
Z  0.5342 -0.7836  0.3173

PART 54
OFFSET  6.4702 -1.6527 -6.3537
X -0.8721  0.3596  0.3318
Y  0.0986  0.7934 -0.6007
Z -0.4792 -0.4912 -0.7274

PART 55
OFFSET  4.4947 -4.3373 -7.9244
X -0.9338 -0.2716  0.2329
Y  0.3213 -0.9230  0.2116
Z  0.1575  0.2724  0.9492

PART 56
OFFSET  6.5764 -3.5742 -8.3354
X -0.1064 -0.9920  0.0680
Y  0.9470 -0.1219 -0.2972
Z  0.3031  0.0328  0.9524

PART 57
OFFSET  6.7270 -2.1698 -8.4316
X  0.7704 -0.5952 -0.2284
Y  0.5756  0.8034 -0.1522
Z  0.2741 -0.0142  0.9616

PART 58
OFFSET  6.0439 -1.6421 -8.2291
X  0.9043  0.2998 -0.3040
Y -0.2988  0.9530  0.0509
Z  0.3049  0.0448  0.9513

PART 59
OFFSET  5.1848 -1.9269 -7.9403
X -0.5482 -0.8340  0.0630
Y -0.7690  0.5322  0.3543
Z -0.3290  0.1458 -0.9330

PART 60
OFFSET  4.5274 -4.3242 -7.2114
X -0.9690 -0.2439  0.0388
Y  0.2458 -0.9373  0.2469
Z -0.0239  0.2488  0.9683

PART 61
OFFSET  7.0513 -3.7488 -7.4505
X -0.1328 -0.9741  0.1828
Y  0.9405 -0.1821 -0.2870
Z  0.3128  0.1338  0.9403

PART 62
OFFSET  7.2774 -2.0903 -7.7617
X  0.8812 -0.4114 -0.2327
Y  0.3642  0.9048 -0.2204
Z  0.3012  0.1095  0.9472

PART 63
OFFSET  6.0561 -1.5201 -7.4392
X  0.8304  0.4610 -0.3130
Y -0.4723  0.8804  0.0436
Z  0.2956  0.1116  0.9488

PART 64
OFFSET  5.1555 -2.0201 -7.0997
X -0.3960 -0.8751  0.2782
Y -0.8751  0.4514  0.1743
Z -0.2781 -0.1744 -0.9446

PART 65
OFFSET -0.7678 -5.4262 -7.2769
X -0.9291 -0.3699 -0.0061
Y -0.3495  0.8829 -0.3136
Z  0.1213 -0.2892 -0.9496

PART 66
OFFSET  6.9363 -4.1397 -5.2854
X -0.9870 -0.0151 -0.1603
Y -0.0017 -0.9946  0.1040
Z -0.1610  0.1029  0.9816

PART 67
OFFSET  8.6740 -4.1131 -5.0032
X -0.3664 -0.9261  0.0899
Y  0.9173 -0.3433  0.2020
Z -0.1562  0.1565  0.9753

PART 68
OFFSET  9.1099 -2.9777 -5.0533
X  0.0489 -0.9944  0.0936
Y  0.9855  0.0633  0.1577
Z -0.1627  0.0845  0.9830

PART 69
OFFSET  9.0547 -1.8545 -5.1590
X -0.9513  0.2903  0.1037
Y  0.2703  0.9472 -0.1728
Z -0.1484 -0.1363 -0.9795

PART 70
OFFSET  7.1280 -4.1726 -6.3729
X -0.2627 -0.9406  0.2150
Y  0.9570 -0.2824 -0.0663
Z  0.1231  0.1883  0.9744

PART 71
OFFSET  7.6413 -2.3351 -6.7929
X  0.8288 -0.5596 -0.0009
Y  0.5392  0.7990 -0.2664
Z  0.1498  0.2203  0.9639

PART 72
OFFSET  6.4307 -1.5177 -6.7917
X  0.8851  0.3871 -0.2584
Y -0.4386  0.8795 -0.1846
Z  0.1558  0.2767  0.9482

PART 73
OFFSET  5.4269 -1.9575 -6.5058
X -0.4085 -0.8763  0.2554
Y -0.8912  0.4434  0.0957
Z -0.1971 -0.1885 -0.9621

PART 74
OFFSET  0.0000 -0.0000 -0.0000
X  1.0000 -0.0000  0.0000
Y  0.0000  1.0000  0.0000
Z  0.0000 -0.0000  1.0000

PART 75
OFFSET  0.0000 -0.0000 -0.0000
X  1.0000 -0.0000  0.0000
Y  0.0000  1.0000  0.0000
Z  0.0000 -0.0000  1.0000

PART 76
OFFSET  1.5404 -0.0000  4.1357
X  1.0000 -0.0000  0.0000
Y  0.0000  1.0000  0.0000
Z  0.0000 -0.0000  1.0000


FRAME 101
PART 0
OFFSET -4.6318 -0.0000 -1.3770
X  1.0000 -0.0000  0.0000
Y  0.0000  1.0000  0.0000
Z  0.0000 -0.0000  1.0000

PART 1
OFFSET -4.6318 -0.0000 -1.3770
X  1.0000 -0.0000  0.0000
Y  0.0000  1.0000  0.0000
Z  0.0000 -0.0000  1.0000

PART 2
OFFSET -3.5060  6.3408 -6.7125
X  0.8615 -0.1219 -0.4929
Y -0.1222 -0.9920  0.0318
Z -0.4929  0.0329 -0.8695

PART 3
OFFSET  6.9127  4.8670 -12.6741
X  0.6735 -0.5385  0.5064
Y -0.6477 -0.0996  0.7554
Z -0.3563 -0.8367 -0.4159

PART 4
OFFSET  12.6407  0.2866 -8.3668
X  0.6735 -0.5385  0.5064
Y -0.6889 -0.2088  0.6941
Z -0.2681 -0.8163 -0.5116

PART 5
OFFSET  14.7218  1.1005 -7.5118
X  0.6782 -0.5357  0.5030
Y  0.3638  0.8395  0.4036
Z -0.6385 -0.0907  0.7643

PART 6
OFFSET  13.8767 -0.7454 -9.1053
X  0.6782 -0.5357  0.5030
Y  0.3638  0.8395  0.4036
Z -0.6385 -0.0907  0.7643

PART 7
OFFSET  13.4960  0.2799 -5.7200
X  0.6782 -0.5357  0.5030
Y  0.3638  0.8395  0.4036
Z -0.6385 -0.0907  0.7643

PART 8
OFFSET  12.8874 -0.9763 -6.4450
X  0.6782 -0.5357  0.5030
Y  0.3638  0.8395  0.4036
Z -0.6385 -0.0907  0.7643

PART 9
OFFSET  12.5679 -1.6782 -7.5195
X  0.6782 -0.5357  0.5030
Y  0.3638  0.8395  0.4036
Z -0.6385 -0.0907  0.7643

PART 10
OFFSET  14.7053 -1.3643 -6.8143
X  0.9658 -0.0615  0.2518
Y -0.2592 -0.2154  0.9415
Z -0.0036 -0.9746 -0.2240

PART 11
OFFSET  14.8882 -2.0000 -5.8844
X  0.6304 -0.6496  0.4250
Y -0.5132  0.0621  0.8560
Z -0.5824 -0.7578 -0.2942

PART 12
OFFSET  16.1649 -3.4377 -4.8982
X  0.9500 -0.1632 -0.2662
Y  0.1365 -0.5496  0.8242
Z -0.2808 -0.8193 -0.4998

PART 13
OFFSET  17.6589 -3.7602 -5.4331
X  0.3009  0.2022 -0.9320
Y  0.8331 -0.5314  0.1537
Z -0.4641 -0.8226 -0.3284

PART 14
OFFSET  17.9773 -3.5882 -6.4533
X  0.6920  0.5682 -0.4453
Y -0.0705  0.6671  0.7416
Z  0.7185 -0.4818  0.5017

PART 15
OFFSET  15.7993 -1.3826 -7.6546
X  0.9659 -0.0633 -0.2510
Y -0.0722 -0.9970 -0.0266
Z -0.2486  0.0438 -0.9676

PART 16
OFFSET  17.9969 -1.6534 -8.0810
X  0.4069 -0.9125  0.0430
Y -0.8684 -0.3718  0.3281
Z -0.2834 -0.1708 -0.9437

PART 17
OFFSET  18.5730 -2.9453 -8.0201
X -0.8472 -0.4315  0.3099
Y -0.4733  0.8780 -0.0716
Z -0.2412 -0.2074 -0.9481

PART 18
OFFSET  17.8219 -3.3278 -7.7453
X -0.9641  0.0620  0.2582
Y  0.0218  0.9876 -0.1557
Z -0.2647 -0.1445 -0.9535

PART 19
OFFSET  16.9059 -3.2689 -7.5000
X  0.7620 -0.6464  0.0381
Y  0.6034  0.6874 -0.4042
Z  0.2351  0.3310  0.9139

PART 20
OFFSET  15.8401 -1.4032 -6.9423
X  0.9987  0.0018 -0.0509
Y -0.0120 -0.9627 -0.2702
Z -0.0495  0.2705 -0.9614

PART 21
OFFSET  18.4283 -1.4968 -7.1673
X  0.4328 -0.8978 -0.0813
Y -0.8614 -0.4385  0.2565
Z -0.2659 -0.0410 -0.9631

PART 22
OFFSET  19.1652 -3.0253 -7.3057
X -0.8433 -0.4780  0.2456
Y -0.4776  0.8762  0.0651
Z -0.2463 -0.0624 -0.9672

PART 23
OFFSET  17.9964 -3.6878 -6.9654
X -0.8546  0.4856  0.1838
Y  0.4596  0.8722 -0.1673
Z -0.2415 -0.0585 -0.9686

PART 24
OFFSET  17.0695 -3.1611 -6.7660
X  0.4258 -0.8990 -0.1027
Y  0.8763  0.4379 -0.2006
Z  0.2253 -0.0046  0.9743

PART 25
OFFSET  17.2692 -2.4182 -4.6633
X  0.9579 -0.2872 -0.0075
Y  0.2740  0.9055  0.3241
Z -0.0863 -0.3125  0.9460

PART 26
OFFSET  18.2746 -1.4041 -5.0399
X  0.9849 -0.1415 -0.0997
Y -0.1659 -0.9359 -0.3107
Z -0.0493  0.3226 -0.9453

PART 27
OFFSET  20.0087 -1.6533 -5.2154
X  0.8567 -0.4383 -0.2718
Y -0.5083 -0.8071 -0.3005
Z -0.0876  0.3956 -0.9142

PART 28
OFFSET  21.0555 -2.2102 -5.4903
X  0.6620 -0.7101 -0.2397
Y -0.7494 -0.6251 -0.2181
Z  0.0050  0.3241 -0.9460

PART 29
OFFSET  21.8033 -3.0123 -5.7610
X  0.4624  0.8866  0.0089
Y -0.8503  0.4406  0.2878
Z  0.2512 -0.1406  0.9577

PART 30
OFFSET  18.4521 -1.3386 -6.1283
X  0.5218 -0.8169 -0.2457
Y -0.7949 -0.5701  0.2077
Z -0.3098  0.0869 -0.9468

PART 31
OFFSET  19.4714 -2.9346 -6.6083
X -0.8225 -0.5142  0.2429
Y -0.4507  0.8499  0.2732
Z -0.3469  0.1152 -0.9308

PART 32
OFFSET  18.2700 -3.6857 -6.2535
X -0.8568  0.3455  0.3827
Y  0.3831  0.9234  0.0241
Z -0.3451  0.1672 -0.9236

PART 33
OFFSET  17.2968 -3.2939 -5.8266
X  0.4344 -0.8654 -0.2498
Y  0.8166  0.4954 -0.2961
Z  0.3800 -0.0753  0.9219

PART 34
OFFSET  17.4580 -2.9000 -6.9804
X -0.1007  0.2232 -0.9695
Y  0.0036  0.9746  0.2240
Z  0.9949  0.0190 -0.0990

PART 35
OFFSET  8.2557 -2.6744 -4.5238
X  1.0000  0.0026  0.0024
Y -0.0026  0.9999 -0.0100
Z -0.0025  0.0099  0.9999

PART 36
OFFSET  8.2557 -2.6744 -4.5238
X  1.0000  0.0026  0.0024
Y -0.0026  0.9999 -0.0100
Z -0.0025  0.0099  0.9999

PART 37
OFFSET  13.5512 -2.9186 -2.1508
X  0.9997  0.0028  0.0229
Y -0.0026  0.9999 -0.0100
Z -0.0229  0.0099  0.9997

PART 38
OFFSET  12.4667 -2.6455 -4.2346
X  1.0000  0.0026  0.0024
Y -0.0026  0.9999 -0.0100
Z -0.0025  0.0099  0.9999

PART 39
OFFSET  31.8654 -2.5859 -3.4059
X  1.0000  0.0026  0.0024
Y -0.0026  0.9999 -0.0100
Z -0.0025  0.0099  0.9999

PART 40
OFFSET -0.0394 -2.7341 -8.3472
X  1.0000  0.0026  0.0024
Y -0.0026  0.9999 -0.0100
Z -0.0025  0.0099  0.9999

PART 41
OFFSET  20.6772 -2.6488 -5.4851
X  1.0000  0.0026  0.0024
Y -0.0026  0.9999 -0.0100
Z -0.0025  0.0099  0.9999

PART 42
OFFSET  23.3773 -2.6458 -5.6140
X  1.0000  0.0026  0.0024
Y -0.0026  0.9999 -0.0100
Z -0.0025  0.0099  0.9999

PART 43
OFFSET  27.7815 -2.6341 -5.6033
X  1.0000  0.0026  0.0024
Y -0.0026  0.9999 -0.0100
Z -0.0025  0.0099  0.9999

PART 44
OFFSET -17.4906 -4.8127 -7.0184
X -0.8885  0.0587  0.4551
Y -0.2210 -0.9239 -0.3123
Z  0.4022 -0.3781  0.8338

PART 45
OFFSET -6.7452 -5.5225 -12.5226
X -0.8776 -0.0878 -0.4713
Y  0.4791 -0.1302 -0.8680
Z  0.0148 -0.9876  0.1563

PART 46
OFFSET  0.7192 -4.7759 -8.5143
X -0.8776 -0.0878 -0.4713
Y  0.4794 -0.1666 -0.8617
Z -0.0029 -0.9821  0.1883

PART 47
OFFSET  1.6379 -3.3787 -7.4331
X -0.8805 -0.0840 -0.4666
Y -0.0192  0.9897 -0.1420
Z  0.4737 -0.1161 -0.8730

PART 48
OFFSET  1.5432 -3.9169 -6.3426
X -0.8805 -0.0840 -0.4666
Y -0.0192  0.9897 -0.1420
Z  0.4737 -0.1161 -0.8730

PART 49
OFFSET  1.7185 -5.2678 -6.2080
X -0.8805 -0.0840 -0.4666
Y -0.0192  0.9897 -0.1420
Z  0.4737 -0.1161 -0.8730

PART 50
OFFSET  3.4097 -4.5068 -7.0696
X -0.9535 -0.1469 -0.2630
Y  0.2878 -0.1861 -0.9395
Z  0.0891 -0.9715  0.2197

PART 51
OFFSET  3.5244 -3.8623 -6.1349
X -0.4955 -0.6850 -0.5341
Y  0.5797  0.1972 -0.7906
Z  0.6469 -0.7014  0.2994

PART 52
OFFSET  4.4998 -2.3648 -4.9200
X -0.9025 -0.3482  0.2534
Y -0.0576 -0.4855 -0.8723
Z  0.4267 -0.8019  0.4182

PART 53
OFFSET  5.9056 -1.7419 -5.4279
X -0.5356 -0.0144  0.8443
Y -0.6530 -0.6269 -0.4249
Z  0.5354 -0.7790  0.3264

PART 54
OFFSET  6.4714 -1.6800 -6.3487
X -0.8739  0.3606  0.3261
Y  0.0980  0.7876 -0.6083
Z -0.4762 -0.4997 -0.7236

PART 55
OFFSET  4.5067 -4.3854 -7.8974
X -0.9337 -0.2717  0.2333
Y  0.3231 -0.9200  0.2216
Z  0.1545  0.2823  0.9468

PART 56
OFFSET  6.5874 -3.6209 -8.3109
X -0.1040 -0.9915  0.0776
Y  0.9480 -0.1224 -0.2937
Z  0.3007  0.0430  0.9528

PART 57
OFFSET  6.7346 -2.2171 -8.4208
X  0.7725 -0.5954 -0.2206
Y  0.5739  0.8034 -0.1588
Z  0.2718 -0.0039  0.9624

PART 58
OFFSET  6.0497 -1.6892 -8.2252
X  0.9042  0.2991 -0.3048
Y -0.3014  0.9526  0.0407
Z  0.3025  0.0551  0.9516

PART 59
OFFSET  5.1906 -1.9734 -7.9356
X -0.5461 -0.8348  0.0700
Y -0.7712  0.5336  0.3471
Z -0.3271  0.1356 -0.9352

PART 60
OFFSET  4.5376 -4.3651 -7.1845
X -0.9685 -0.2461  0.0389
Y  0.2477 -0.9342  0.2568
Z -0.0269  0.2584  0.9657

PART 61
OFFSET  7.0607 -3.7854 -7.4232
X -0.1307 -0.9726  0.1922
Y  0.9416 -0.1824 -0.2829
Z  0.3102  0.1440  0.9397

PART 62
OFFSET  7.2832 -2.1296 -7.7503
X  0.8829 -0.4114 -0.2265
Y  0.3624  0.9036 -0.2285
Z  0.2986  0.1197  0.9468

PART 63
OFFSET  6.0596 -1.5594 -7.4365
X  0.8299  0.4600 -0.3155
Y -0.4747  0.8795  0.0337
Z  0.2930  0.1218  0.9483

PART 64
OFFSET  5.1595 -2.0583 -7.0942
X -0.3944 -0.8733  0.2859
Y -0.8767  0.4508  0.1677
Z -0.2753 -0.1846 -0.9435

PART 65
OFFSET -0.7545 -5.4816 -7.2519
X -0.9281 -0.3724 -0.0047
Y -0.3510  0.8788 -0.3232
Z  0.1244 -0.2983 -0.9463

PART 66
OFFSET  6.9413 -4.1551 -5.2546
X -0.9865 -0.0193 -0.1625
Y  0.0007 -0.9935  0.1139
Z -0.1637  0.1122  0.9801

PART 67
OFFSET  8.6782 -4.1211 -4.9685
X -0.3642 -0.9261  0.0982
Y  0.9176 -0.3388  0.2076
Z -0.1590  0.1658  0.9733

PART 68
OFFSET  9.1113 -2.9851 -5.0288
X  0.0513 -0.9933  0.1036
Y  0.9849  0.0675  0.1594
Z -0.1654  0.0939  0.9818

PART 69
OFFSET  9.0534 -1.8632 -5.1458
X -0.9523  0.2889  0.0985
Y  0.2682  0.9461 -0.1815
Z -0.1456 -0.1464 -0.9784

PART 70
OFFSET  7.1358 -4.1983 -6.3413
X -0.2608 -0.9391  0.2237
Y  0.9579 -0.2806 -0.0612
Z  0.1202  0.1983  0.9727

PART 71
OFFSET  7.6453 -2.3637 -6.7783
X  0.8302 -0.5574  0.0067
Y  0.5377  0.7977 -0.2730
Z  0.1468  0.2303  0.9620

PART 72
OFFSET  6.4326 -1.5496 -6.7881
X  0.8847  0.3868 -0.2601
Y -0.4404  0.8765 -0.1944
Z  0.1528  0.2865  0.9458

PART 73
OFFSET  5.4292 -1.9891 -6.5003
X -0.4069 -0.8748  0.2631
Y -0.8926  0.4420  0.0891
Z -0.1942 -0.1986 -0.9606

PART 74
OFFSET  0.0000 -0.0000 -0.0000
X  1.0000 -0.0000  0.0000
Y  0.0000  1.0000  0.0000
Z  0.0000 -0.0000  1.0000

PART 75
OFFSET  0.0000 -0.0000 -0.0000
X  1.0000 -0.0000  0.0000
Y  0.0000  1.0000  0.0000
Z  0.0000 -0.0000  1.0000

PART 76
OFFSET  1.5404 -0.0000  4.1357
X  1.0000 -0.0000  0.0000
Y  0.0000  1.0000  0.0000
Z  0.0000 -0.0000  1.0000


FRAME 102
PART 0
OFFSET -4.6318 -0.0000 -1.3770
X  1.0000 -0.0000  0.0000
Y  0.0000  1.0000  0.0000
Z  0.0000 -0.0000  1.0000

PART 1
OFFSET -4.6318 -0.0000 -1.3770
X  1.0000 -0.0000  0.0000
Y  0.0000  1.0000  0.0000
Z  0.0000 -0.0000  1.0000

PART 2
OFFSET -3.5060  6.3408 -6.7125
X  0.8608 -0.1289 -0.4924
Y -0.1235 -0.9914  0.0436
Z -0.4938  0.0233 -0.8693

PART 3
OFFSET  6.9038  4.7819 -12.6680
X  0.6744 -0.5333  0.5106
Y -0.6458 -0.0907  0.7581
Z -0.3580 -0.8410 -0.4056

PART 4
OFFSET  12.6401  0.2460 -8.3249
X  0.6744 -0.5333  0.5106
Y -0.6861 -0.1971  0.7003
Z -0.2729 -0.8227 -0.4988

PART 5
OFFSET  14.7240  1.0678 -7.4845
X  0.6792 -0.5305  0.5072
Y  0.3654  0.8437  0.3932
Z -0.6365 -0.0817  0.7669

PART 6
OFFSET  13.8734 -0.7951 -9.0551
X  0.6792 -0.5305  0.5072
Y  0.3654  0.8437  0.3932
Z -0.6365 -0.0817  0.7669

PART 7
OFFSET  13.5024  0.2681 -5.6805
X  0.6792 -0.5305  0.5072
Y  0.3654  0.8437  0.3932
Z -0.6365 -0.0817  0.7669

PART 8
OFFSET  12.8910 -0.9956 -6.3898
X  0.6792 -0.5305  0.5072
Y  0.3654  0.8437  0.3932
Z -0.6365 -0.0817  0.7669

PART 9
OFFSET  12.5682 -1.7093 -7.4556
X  0.6792 -0.5305  0.5072
Y  0.3654  0.8437  0.3932
Z -0.6365 -0.0817  0.7669

PART 10
OFFSET  14.7077 -1.3890 -6.7595
X  0.9646 -0.0474  0.2593
Y -0.2636 -0.1917  0.9454
Z  0.0049 -0.9803 -0.1974

PART 11
OFFSET  14.8893 -1.9978 -5.8116
X  0.6324 -0.6330  0.4465
Y -0.5191  0.0815  0.8508
Z -0.5750 -0.7698 -0.2771

PART 12
OFFSET  16.1702 -3.3985 -4.7786
X  0.9528 -0.1633 -0.2558
Y  0.1353 -0.5259  0.8397
Z -0.2716 -0.8347 -0.4791

PART 13
OFFSET  17.6699 -3.7242 -5.2953
X  0.3054  0.1791 -0.9352
Y  0.8360 -0.5207  0.1733
Z -0.4560 -0.8347 -0.3087

PART 14
OFFSET  17.9935 -3.5776 -6.3179
X  0.6906  0.5611 -0.4564
Y -0.0801  0.6865  0.7227
Z  0.7188 -0.4625  0.5191

PART 15
OFFSET  15.8072 -1.4219 -7.5922
X  0.9679 -0.0628 -0.2432
Y -0.0647 -0.9979  0.0001
Z -0.2427  0.0156 -0.9700

PART 16
OFFSET  18.0094 -1.6877 -7.9974
X  0.4133 -0.9079  0.0703
Y -0.8677 -0.3693  0.3327
Z -0.2761 -0.1985 -0.9404

PART 17
OFFSET  18.5945 -2.9731 -7.8979
X -0.8460 -0.4292  0.3163
Y -0.4793  0.8721 -0.0984
Z -0.2336 -0.2349 -0.9435

PART 18
OFFSET  17.8444 -3.3536 -7.6174
X -0.9662  0.0617  0.2505
Y  0.0155  0.9831 -0.1824
Z -0.2575 -0.1723 -0.9508

PART 19
OFFSET  16.9266 -3.2950 -7.3795
X  0.7665 -0.6394  0.0604
Y  0.6009  0.6807 -0.4190
Z  0.2268  0.3575  0.9060

PART 20
OFFSET  15.8435 -1.4228 -6.8794
X  0.9990  0.0079 -0.0447
Y -0.0033 -0.9698 -0.2440
Z -0.0453  0.2439 -0.9687

PART 21
OFFSET  18.4337 -1.5032 -7.0857
X  0.4399 -0.8964 -0.0542
Y -0.8597 -0.4378  0.2630
Z -0.2594 -0.0691 -0.9633

PART 22
OFFSET  19.1827 -3.0293 -7.1779
X -0.8414 -0.4774  0.2533
Y -0.4844  0.8740  0.0383
Z -0.2397 -0.0905 -0.9666

PART 23
OFFSET  18.0166 -3.6910 -6.8269
X -0.8593  0.4840  0.1652
Y  0.4543  0.8708 -0.1881
Z -0.2349 -0.0866 -0.9682

PART 24
OFFSET  17.0847 -3.1660 -6.6477
X  0.4330 -0.8982 -0.0755
Y  0.8744  0.4389 -0.2070
Z  0.2191  0.0236  0.9754

PART 25
OFFSET  17.2655 -2.3648 -4.5648
X  0.9600 -0.2801  0.0063
Y  0.2653  0.9160  0.3010
Z -0.0901 -0.2873  0.9536

PART 26
OFFSET  18.2658 -1.3538 -4.9626
X  0.9865 -0.1368 -0.0897
Y -0.1571 -0.9452 -0.2861
Z -0.0456  0.2964 -0.9540

PART 27
OFFSET  20.0027 -1.5946 -5.1205
X  0.8616 -0.4391 -0.2545
Y -0.5004 -0.8187 -0.2816
Z -0.0847  0.3700 -0.9252

PART 28
OFFSET  21.0553 -2.1509 -5.3737
X  0.6688 -0.7114 -0.2162
Y -0.7434 -0.6364 -0.2057
Z  0.0087  0.2983 -0.9544

PART 29
OFFSET  21.8107 -2.9544 -5.6179
X  0.4559  0.8900 -0.0124
Y -0.8553  0.4419  0.2704
Z  0.2461 -0.1126  0.9627

PART 30
OFFSET  18.4497 -1.3166 -6.0513
X  0.5293 -0.8194 -0.2201
Y -0.7920 -0.5702  0.2183
Z -0.3044  0.0588 -0.9507

PART 31
OFFSET  19.4837 -2.9173 -6.4813
X -0.8203 -0.5136  0.2517
Y -0.4586  0.8536  0.2472
Z -0.3418  0.0873 -0.9357

PART 32
OFFSET  18.2856 -3.6675 -6.1136
X -0.8618  0.3493  0.3678
Y  0.3761  0.9266  0.0013
Z -0.3404  0.1394 -0.9299

PART 33
OFFSET  17.3069 -3.2715 -5.7036
X  0.4423 -0.8686 -0.2234
Y  0.8149  0.4933 -0.3045
Z  0.3747 -0.0474  0.9260

PART 34
OFFSET  17.4725 -2.9079 -6.8667
X -0.0961  0.1960 -0.9759
Y -0.0049  0.9803  0.1974
Z  0.9954  0.0238 -0.0933

PART 35
OFFSET  8.2533 -2.6847 -4.4741
X  0.9999  0.0102  0.0085
Y -0.0099  0.9993 -0.0372
Z -0.0089  0.0371  0.9993

PART 36
OFFSET  8.2533 -2.6847 -4.4741
X  0.9999  0.0102  0.0085
Y -0.0099  0.9993 -0.0372
Z -0.0089  0.0371  0.9993

PART 37
OFFSET  13.5352 -2.8246 -2.0626
X  0.9995  0.0110  0.0290
Y -0.0099  0.9993 -0.0372
Z -0.0293  0.0369  0.9989

PART 38
OFFSET  12.4621 -2.6164 -4.1598
X  0.9999  0.0102  0.0085
Y -0.0099  0.9993 -0.0372
Z -0.0089  0.0371  0.9993

PART 39
OFFSET  31.8541 -2.3887 -3.2130
X  0.9999  0.0102  0.0085
Y -0.0099  0.9993 -0.0372
Z -0.0089  0.0371  0.9993

PART 40
OFFSET -0.0165 -2.9105 -8.3458
X  0.9999  0.0102  0.0085
Y -0.0099  0.9993 -0.0372
Z -0.0089  0.0371  0.9993

PART 41
OFFSET  20.6802 -2.5921 -5.3589
X  0.9999  0.0102  0.0085
Y -0.0099  0.9993 -0.0372
Z -0.0089  0.0371  0.9993

PART 42
OFFSET  23.3810 -2.5723 -5.4711
X  0.9999  0.0102  0.0085
Y -0.0099  0.9993 -0.0372
Z -0.0089  0.0371  0.9993

PART 43
OFFSET  27.7848 -2.5273 -5.4335
X  0.9999  0.0102  0.0085
Y -0.0099  0.9993 -0.0372
Z -0.0089  0.0371  0.9993

PART 44
OFFSET -17.1632 -4.8127 -6.8996
X -0.8749  0.0631  0.4802
Y -0.2383 -0.9192 -0.3135
Z  0.4216 -0.3887  0.8192

PART 45
OFFSET -6.5825 -5.5753 -12.7073
X -0.8659 -0.0824 -0.4933
Y  0.5001 -0.1232 -0.8572
Z  0.0099 -0.9890  0.1478

PART 46
OFFSET  0.7826 -4.8745 -8.5114
X -0.8659 -0.0824 -0.4933
Y  0.4998 -0.1810 -0.8470
Z -0.0195 -0.9800  0.1979

PART 47
OFFSET  1.6762 -3.4882 -7.3957
X -0.8689 -0.0787 -0.4887
Y -0.0146  0.9909 -0.1336
Z  0.4948 -0.1090 -0.8622

PART 48
OFFSET  1.5543 -4.0360 -6.3127
X -0.8689 -0.0787 -0.4887
Y -0.0146  0.9909 -0.1336
Z  0.4948 -0.1090 -0.8622

PART 49
OFFSET  1.7247 -5.3882 -6.1858
X -0.8689 -0.0787 -0.4887
Y -0.0146  0.9909 -0.1336
Z  0.4948 -0.1090 -0.8622

PART 50
OFFSET  3.4373 -4.6219 -6.9990
X -0.9507 -0.1612 -0.2648
Y  0.2951 -0.2094 -0.9322
Z  0.0948 -0.9645  0.2466

PART 51
OFFSET  3.5413 -3.9514 -6.0816
X -0.4871 -0.7029 -0.5183
Y  0.5833  0.1800 -0.7921
Z  0.6501 -0.6881  0.3223

PART 52
OFFSET  4.4979 -2.4142 -4.9019
X -0.9016 -0.3479  0.2572
Y -0.0485 -0.5095 -0.8591
Z  0.4299 -0.7870  0.4425

PART 53
OFFSET  5.9023 -1.7948 -5.4179
X -0.5409  0.0045  0.8411
Y -0.6457 -0.6431 -0.4117
Z  0.5390 -0.7658  0.3508

PART 54
OFFSET  6.4735 -1.7537 -6.3365
X -0.8786  0.3627  0.3107
Y  0.0961  0.7715 -0.6289
Z -0.4678 -0.5227 -0.7127

PART 55
OFFSET  4.5387 -4.5148 -7.8230
X -0.9331 -0.2723  0.2349
Y  0.3285 -0.9112  0.2485
Z  0.1463  0.3091  0.9397

PART 56
OFFSET  6.6163 -3.7463 -8.2443
X -0.0972 -0.9898  0.1039
Y  0.9508 -0.1232 -0.2844
Z  0.2943  0.0712  0.9531

PART 57
OFFSET  6.7539 -2.3449 -8.3914
X  0.7783 -0.5954 -0.1995
Y  0.5690  0.8031 -0.1771
Z  0.2656  0.0243  0.9638

PART 58
OFFSET  6.0639 -1.8170 -8.2146
X  0.9039  0.2975 -0.3072
Y -0.3087  0.9511  0.0129
Z  0.2960  0.0832  0.9516

PART 59
OFFSET  5.2051 -2.0997 -7.9227
X -0.5404 -0.8366  0.0893
Y -0.7773  0.5371  0.3276
Z -0.3221  0.1077 -0.9406

PART 60
OFFSET  4.5649 -4.4749 -7.1108
X -0.9669 -0.2522  0.0396
Y  0.2529 -0.9250  0.2837
Z -0.0349  0.2843  0.9581

PART 61
OFFSET  7.0851 -3.8831 -7.3495
X -0.1248 -0.9680  0.2178
Y  0.9447 -0.1830 -0.2720
Z  0.3031  0.1718  0.9373

PART 62
OFFSET  7.2975 -2.2351 -7.7203
X  0.8873 -0.4108 -0.2097
Y  0.3572  0.8997 -0.2508
Z  0.2917  0.1476  0.9451

PART 63
OFFSET  6.0678 -1.6658 -7.4297
X  0.8285  0.4575 -0.3228
Y -0.4813  0.8765  0.0068
Z  0.2861  0.1498  0.9464

PART 64
OFFSET  5.1692 -2.1620 -7.0795
X -0.3898 -0.8682  0.3072
Y -0.8811  0.4486  0.1499
Z -0.2679 -0.2122 -0.9398

PART 65
OFFSET -0.7184 -5.6325 -7.1805
X -0.9253 -0.3793 -0.0003
Y -0.3554  0.8671 -0.3492
Z  0.1327 -0.3230 -0.9371

PART 66
OFFSET  6.9546 -4.1945 -5.1725
X -0.9853 -0.0311 -0.1680
Y  0.0072 -0.9900  0.1409
Z -0.1707  0.1376  0.9757

PART 67
OFFSET  8.6893 -4.1397 -4.8767
X -0.3580 -0.9258  0.1212
Y  0.9188 -0.3262  0.2224
Z -0.1664  0.1910  0.9674

PART 68
OFFSET  9.1145 -3.0026 -4.9652
X  0.0579 -0.9897  0.1309
Y  0.9833  0.0792  0.1636
Z -0.1723  0.1193  0.9778

PART 69
OFFSET  9.0491 -1.8847 -5.1131
X -0.9550  0.2843  0.0847
Y  0.2624  0.9428 -0.2055
Z -0.1383 -0.1741 -0.9750

PART 70
OFFSET  7.1563 -4.2658 -6.2564
X -0.2553 -0.9346  0.2476
Y  0.9603 -0.2749 -0.0476
Z  0.1125  0.2256  0.9677

PART 71
OFFSET  7.6551 -2.4400 -6.7400
X  0.8342 -0.5507  0.0270
Y  0.5336  0.7940 -0.2913
Z  0.1390  0.2574  0.9562

PART 72
OFFSET  6.4366 -1.6355 -6.7795
X  0.8835  0.3863 -0.2650
Y -0.4456  0.8676 -0.2209
Z  0.1446  0.3133  0.9386

PART 73
OFFSET  5.4347 -2.0746 -6.4861
X -0.4021 -0.8703  0.2843
Y -0.8964  0.4375  0.0715
Z -0.1866 -0.2261 -0.9561

PART 74
OFFSET  0.0000 -0.0000 -0.0000
X  1.0000 -0.0000  0.0000
Y  0.0000  1.0000  0.0000
Z  0.0000 -0.0000  1.0000

PART 75
OFFSET  0.0000 -0.0000 -0.0000
X  1.0000 -0.0000  0.0000
Y  0.0000  1.0000  0.0000
Z  0.0000 -0.0000  1.0000

PART 76
OFFSET  1.5404 -0.0000  4.1357
X  1.0000 -0.0000  0.0000
Y  0.0000  1.0000  0.0000
Z  0.0000 -0.0000  1.0000


FRAME 103
PART 0
OFFSET -4.6318 -0.0000 -1.3770
X  1.0000 -0.0000  0.0000
Y  0.0000  1.0000  0.0000
Z  0.0000 -0.0000  1.0000

PART 1
OFFSET -4.6318 -0.0000 -1.3770
X  1.0000 -0.0000  0.0000
Y  0.0000  1.0000  0.0000
Z  0.0000 -0.0000  1.0000

PART 2
OFFSET -3.5060  6.3408 -6.7125
X  0.8593 -0.1389 -0.4923
Y -0.1251 -0.9903  0.0611
Z -0.4960  0.0090 -0.8683

PART 3
OFFSET  6.8859  4.6610 -12.6663
X  0.6760 -0.5254  0.5167
Y -0.6427 -0.0774  0.7622
Z -0.3604 -0.8473 -0.3900

PART 4
OFFSET  12.6360  0.1925 -8.2717
X  0.6760 -0.5254  0.5167
Y -0.6815 -0.1791  0.7095
Z -0.2802 -0.8318 -0.4791

PART 5
OFFSET  14.7240  1.0263 -7.4537
X  0.6808 -0.5226  0.5132
Y  0.3678  0.8498  0.3775
Z -0.6334 -0.0683  0.7708

PART 6
OFFSET  13.8653 -0.8618 -8.9895
X  0.6808 -0.5226  0.5132
Y  0.3678  0.8498  0.3775
Z -0.6334 -0.0683  0.7708

PART 7
OFFSET  13.5092  0.2580 -5.6316
X  0.6808 -0.5226  0.5132
Y  0.3678  0.8498  0.3775
Z -0.6334 -0.0683  0.7708

PART 8
OFFSET  12.8937 -1.0168 -6.3172
X  0.6808 -0.5226  0.5132
Y  0.3678  0.8498  0.3775
Z -0.6334 -0.0683  0.7708

PART 9
OFFSET  12.5659 -1.7478 -7.3695
X  0.6808 -0.5226  0.5132
Y  0.3678  0.8498  0.3775
Z -0.6334 -0.0683  0.7708

PART 10
OFFSET  14.7085 -1.4180 -6.6877
X  0.9627 -0.0256  0.2692
Y -0.2698 -0.1564  0.9501
Z  0.0178 -0.9874 -0.1575

PART 11
OFFSET  14.8884 -1.9859 -5.7144
X  0.6355 -0.6071  0.4771
Y -0.5276  0.1097  0.8424
Z -0.5637 -0.7870 -0.2505

PART 12
OFFSET  16.1758 -3.3287 -4.6147
X  0.9569 -0.1624 -0.2409
Y  0.1337 -0.4900  0.8614
Z -0.2579 -0.8565 -0.4471

PART 13
OFFSET  17.6837 -3.6575 -5.1050
X  0.3117  0.1447 -0.9391
Y  0.8402 -0.5035  0.2013
Z -0.4438 -0.8518 -0.2785

PART 14
OFFSET  18.0147 -3.5486 -6.1299
X  0.6883  0.5502 -0.4729
Y -0.0943  0.7142  0.6936
Z  0.7193 -0.4328  0.5434

PART 15
OFFSET  15.8157 -1.4718 -7.5091
X  0.9707 -0.0613 -0.2323
Y -0.0535 -0.9978  0.0400
Z -0.2342 -0.0264 -0.9718

PART 16
OFFSET  18.0243 -1.7281 -7.8845
X  0.4229 -0.8994  0.1106
Y -0.8664 -0.3656  0.3400
Z -0.2654 -0.2396 -0.9339

PART 17
OFFSET  18.6230 -3.0015 -7.7280
X -0.8439 -0.4259  0.3263
Y -0.4882  0.8618 -0.1377
Z -0.2225 -0.2755 -0.9352

PART 18
OFFSET  17.8748 -3.3791 -7.4387
X -0.9690  0.0605  0.2396
Y  0.0060  0.9750 -0.2219
Z -0.2470 -0.2136 -0.9452

PART 19
OFFSET  16.9542 -3.3216 -7.2111
X  0.7731 -0.6275  0.0928
Y  0.5969  0.6702 -0.4411
Z  0.2147  0.3964  0.8926

PART 20
OFFSET  15.8456 -1.4435 -6.7965
X  0.9992  0.0177 -0.0365
Y  0.0099 -0.9788 -0.2045
Z -0.0394  0.2040 -0.9782

PART 21
OFFSET  18.4383 -1.5019 -6.9774
X  0.4505 -0.8927 -0.0140
Y -0.8571 -0.4368  0.2732
Z -0.2500 -0.1110 -0.9619

PART 22
OFFSET  19.2053 -3.0217 -7.0014
X -0.8381 -0.4766  0.2653
Y -0.4946  0.8691 -0.0013
Z -0.2300 -0.1323 -0.9642

PART 23
OFFSET  18.0437 -3.6822 -6.6337
X -0.8662  0.4803  0.1382
Y  0.4461  0.8677 -0.2194
Z -0.2252 -0.1284 -0.9658

PART 24
OFFSET  17.1043 -3.1613 -6.4838
X  0.4438 -0.8954 -0.0354
Y  0.8712  0.4403 -0.2172
Z  0.2101  0.0656  0.9755

PART 25
OFFSET  17.2574 -2.2745 -4.4336
X  0.9630 -0.2684  0.0258
Y  0.2522  0.9304  0.2659
Z -0.0953 -0.2496  0.9637

PART 26
OFFSET  18.2497 -1.2688 -4.8636
X  0.9888 -0.1288 -0.0757
Y -0.1438 -0.9578 -0.2489
Z -0.0404  0.2570 -0.9656

PART 27
OFFSET  19.9906 -1.4956 -4.9969
X  0.8688 -0.4390 -0.2292
Y -0.4886 -0.8352 -0.2524
Z -0.0806  0.3313 -0.9401

PART 28
OFFSET  21.0517 -2.0494 -5.2183
X  0.6787 -0.7117 -0.1815
Y -0.7343 -0.6528 -0.1860
Z  0.0139  0.2595 -0.9656

PART 29
OFFSET  21.8182 -2.8532 -5.4234
X  0.4459  0.8940 -0.0446
Y -0.8627  0.4425  0.2450
Z  0.2388 -0.0708  0.9685

PART 30
OFFSET  18.4430 -1.2735 -5.9513
X  0.5405 -0.8214 -0.1823
Y -0.7874 -0.5701  0.2345
Z -0.2965  0.0168 -0.9549

PART 31
OFFSET  19.4988 -2.8781 -6.3073
X -0.8166 -0.5125  0.2654
Y -0.4704  0.8575  0.2085
Z -0.3344  0.0454 -0.9413

PART 32
OFFSET  18.3060 -3.6268 -5.9197
X -0.8689  0.3538  0.3460
Y  0.3656  0.9302 -0.0331
Z -0.3336  0.0978 -0.9376

PART 33
OFFSET  17.3192 -3.2260 -5.5344
X  0.4541 -0.8717 -0.1843
Y  0.8119  0.4900 -0.3173
Z  0.3669 -0.0055  0.9303

PART 34
OFFSET  17.4912 -2.9078 -6.7098
X -0.0896  0.1553 -0.9838
Y -0.0178  0.9874  0.1575
Z  0.9958  0.0316 -0.0857

PART 35
OFFSET  8.2490 -2.6954 -4.4065
X  0.9996  0.0222  0.0166
Y -0.0208  0.9968 -0.0777
Z -0.0183  0.0774  0.9968

PART 36
OFFSET  8.2490 -2.6954 -4.4065
X  0.9996  0.0222  0.0166
Y -0.0208  0.9968 -0.0777
Z -0.0183  0.0774  0.9968

PART 37
OFFSET  13.5103 -2.6762 -1.9466
X  0.9990  0.0238  0.0370
Y -0.0208  0.9968 -0.0777
Z -0.0387  0.0769  0.9963

PART 38
OFFSET  12.4537 -2.5654 -4.0595
X  0.9996  0.0222  0.0166
Y -0.0208  0.9968 -0.0777
Z -0.0183  0.0774  0.9968

PART 39
OFFSET  31.8327 -2.0738 -2.9584
X  0.9996  0.0222  0.0166
Y -0.0208  0.9968 -0.0777
Z -0.0183  0.0774  0.9968

PART 40
OFFSET  0.0172 -3.1739 -8.3358
X  0.9996  0.0222  0.0166
Y -0.0208  0.9968 -0.0777
Z -0.0183  0.0774  0.9968

PART 41
OFFSET  20.6815 -2.4939 -5.1889
X  0.9996  0.0222  0.0166
Y -0.0208  0.9968 -0.0777
Z -0.0183  0.0774  0.9968

PART 42
OFFSET  23.3828 -2.4472 -5.2789
X  0.9996  0.0222  0.0166
Y -0.0208  0.9968 -0.0777
Z -0.0183  0.0774  0.9968

PART 43
OFFSET  27.7853 -2.3495 -5.2058
X  0.9996  0.0222  0.0166
Y -0.0208  0.9968 -0.0777
Z -0.0183  0.0774  0.9968

PART 44
OFFSET -16.6612 -4.8127 -6.7186
X -0.8537  0.0690  0.5161
Y -0.2634 -0.9122 -0.3138
Z  0.4492 -0.4039  0.7969

PART 45
OFFSET -6.3364 -5.6469 -12.9607
X -0.8482 -0.0741 -0.5245
Y  0.5297 -0.1143 -0.8404
Z  0.0023 -0.9907  0.1363

PART 46
OFFSET  0.8777 -5.0164 -8.4995
X -0.8482 -0.0741 -0.5245
Y  0.5279 -0.2008 -0.8252
Z -0.0442 -0.9768  0.2095

PART 47
OFFSET  1.7345 -3.6459 -7.3365
X -0.8513 -0.0705 -0.5199
Y -0.0075  0.9925 -0.1222
Z  0.5246 -0.1001 -0.8454

PART 48
OFFSET  1.5732 -4.2061 -6.2651
X -0.8513 -0.0705 -0.5199
Y -0.0075  0.9925 -0.1222
Z  0.5246 -0.1001 -0.8454

PART 49
OFFSET  1.7359 -5.5602 -6.1485
X -0.8513 -0.0705 -0.5199
Y -0.0075  0.9925 -0.1222
Z  0.5246 -0.1001 -0.8454

PART 50
OFFSET  3.4779 -4.7891 -6.8916
X -0.9465 -0.1828 -0.2661
Y  0.3058 -0.2434 -0.9205
Z  0.1035 -0.9525  0.2863

PART 51
OFFSET  3.5661 -4.0808 -6.0012
X -0.4744 -0.7289 -0.4935
Y  0.5883  0.1546 -0.7938
Z  0.6549 -0.6669  0.3555

PART 52
OFFSET  4.4947 -2.4862 -4.8767
X -0.8998 -0.3477  0.2634
Y -0.0350 -0.5443 -0.8381
Z  0.4348 -0.7634  0.4776

PART 53
OFFSET  5.8966 -1.8718 -5.4054
X -0.5484  0.0322  0.8356
Y -0.6347 -0.6667 -0.3908
Z  0.5445 -0.7446  0.3861

PART 54
OFFSET  6.4755 -1.8613 -6.3200
X -0.8854  0.3647  0.2883
Y  0.0930  0.7465 -0.6588
Z -0.4555 -0.5565 -0.6948

PART 55
OFFSET  4.5853 -4.7026 -7.7099
X -0.9320 -0.2734  0.2378
Y  0.3365 -0.8966  0.2880
Z  0.1344  0.3485  0.9276

PART 56
OFFSET  6.6578 -3.9276 -8.1443
X -0.0869 -0.9859  0.1431
Y  0.9546 -0.1235 -0.2711
Z  0.2849  0.1131  0.9519

PART 57
OFFSET  6.7809 -2.5318 -8.3469
X  0.7867 -0.5939 -0.1686
Y  0.5614  0.8018 -0.2046
Z  0.2567  0.0663  0.9642

PART 58
OFFSET  6.0834 -2.0052 -8.1974
X  0.9032  0.2954 -0.3113
Y -0.3195  0.9472 -0.0283
Z  0.2865  0.1250  0.9499

PART 59
OFFSET  5.2252 -2.2859 -7.9017
X -0.5317 -0.8386  0.1185
Y -0.7862  0.5408  0.2990
Z -0.3148  0.0658 -0.9469

PART 60
OFFSET  4.6047 -4.6336 -6.9996
X -0.9643 -0.2616  0.0416
Y  0.2607 -0.9097  0.3231
Z -0.0467  0.3224  0.9455

PART 61
OFFSET  7.1200 -4.0226 -7.2408
X -0.1158 -0.9598  0.2558
Y  0.9491 -0.1828 -0.2563
Z  0.2928  0.2131  0.9321

PART 62
OFFSET  7.3172 -2.3885 -7.6762
X  0.8937 -0.4085 -0.1854
Y  0.3493  0.8929 -0.2840
Z  0.2815  0.1891  0.9407

PART 63
OFFSET  6.0786 -1.8224 -7.4193
X  0.8262  0.4537 -0.3341
Y -0.4913  0.8704 -0.0328
Z  0.2759  0.1912  0.9420

PART 64
OFFSET  5.1825 -2.3144 -7.0570
X -0.3827 -0.8595  0.3388
Y -0.8874  0.4440  0.1241
Z -0.2571 -0.2531 -0.9326

PART 65
OFFSET -0.6643 -5.8546 -7.0672
X -0.9209 -0.3898  0.0073
Y -0.3620  0.8480 -0.3870
Z  0.1447 -0.3590 -0.9220

PART 66
OFFSET  6.9736 -4.2472 -5.0541
X -0.9833 -0.0493 -0.1750
Y  0.0171 -0.9833  0.1810
Z -0.1810  0.1749  0.9678

PART 67
OFFSET  8.7049 -4.1603 -4.7460
X -0.3486 -0.9243  0.1555
Y  0.9204 -0.3062  0.2433
Z -0.1772  0.2279  0.9574

PART 68
OFFSET  9.1180 -3.0229 -4.8770
X  0.0679 -0.9829  0.1714
Y  0.9809  0.0972  0.1686
Z -0.1824  0.1567  0.9707

PART 69
OFFSET  9.0413 -1.9127 -5.0706
X -0.9589  0.2763  0.0650
Y  0.2536  0.9367 -0.2414
Z -0.1276 -0.2149 -0.9683

PART 70
OFFSET  7.1859 -4.3600 -6.1324
X -0.2469 -0.9268  0.2831
Y  0.9637 -0.2654 -0.0282
Z  0.1013  0.2658  0.9587

PART 71
OFFSET  7.6683 -2.5495 -6.6854
X  0.8401 -0.5394  0.0564
Y  0.5272  0.7877 -0.3187
Z  0.1275  0.2975  0.9462

PART 72
OFFSET  6.4412 -1.7615 -6.7678
X  0.8814  0.3855 -0.2730
Y -0.4533  0.8527 -0.2597
Z  0.1327  0.3526  0.9263

PART 73
OFFSET  5.4417 -2.2001 -6.4653
X -0.3948 -0.8627  0.3160
Y -0.9019  0.4296  0.0461
Z -0.1755 -0.2667 -0.9477

PART 74
OFFSET  0.0000 -0.0000 -0.0000
X  1.0000 -0.0000  0.0000
Y  0.0000  1.0000  0.0000
Z  0.0000 -0.0000  1.0000

PART 75
OFFSET  0.0000 -0.0000 -0.0000
X  1.0000 -0.0000  0.0000
Y  0.0000  1.0000  0.0000
Z  0.0000 -0.0000  1.0000

PART 76
OFFSET  1.5404 -0.0000  4.1357
X  1.0000 -0.0000  0.0000
Y  0.0000  1.0000  0.0000
Z  0.0000 -0.0000  1.0000


FRAME 104
PART 0
OFFSET -4.6318 -0.0000 -1.3770
X  1.0000 -0.0000  0.0000
Y  0.0000  1.0000  0.0000
Z  0.0000 -0.0000  1.0000

PART 1
OFFSET -4.6318 -0.0000 -1.3770
X  1.0000 -0.0000  0.0000
Y  0.0000  1.0000  0.0000
Z  0.0000 -0.0000  1.0000

PART 2
OFFSET -3.5060  6.3408 -6.7125
X  0.8569 -0.1504 -0.4931
Y -0.1261 -0.9886  0.0825
Z -0.4999 -0.0085 -0.8661

PART 3
OFFSET  6.8570  4.5213 -12.6758
X  0.6783 -0.5153  0.5238
Y -0.6387 -0.0610  0.7670
Z -0.3633 -0.8548 -0.3705

PART 4
OFFSET  12.6260  0.1383 -8.2205
X  0.6783 -0.5153  0.5238
Y -0.6754 -0.1564  0.7207
Z -0.2895 -0.8426 -0.4541

PART 5
OFFSET  14.7191  0.9865 -7.4309
X  0.6830 -0.5127  0.5203
Y  0.3706  0.8570  0.3580
Z -0.6294 -0.0517  0.7754

PART 6
OFFSET  13.8505 -0.9319 -8.9228
X  0.6830 -0.5127  0.5203
Y  0.3706  0.8570  0.3580
Z -0.6294 -0.0517  0.7754

PART 7
OFFSET  13.5132  0.2573 -5.5869
X  0.6830 -0.5127  0.5203
Y  0.3706  0.8570  0.3580
Z -0.6294 -0.0517  0.7754

PART 8
OFFSET  12.8930 -1.0308 -6.2428
X  0.6830 -0.5127  0.5203
Y  0.3706  0.8570  0.3580
Z -0.6294 -0.0517  0.7754

PART 9
OFFSET  12.5588 -1.7830 -7.2781
X  0.6830 -0.5127  0.5203
Y  0.3706  0.8570  0.3580
Z -0.6294 -0.0517  0.7754

PART 10
OFFSET  14.7053 -1.4415 -6.6146
X  0.9602  0.0024  0.2792
Y -0.2771 -0.1130  0.9542
