// Export filename: `C:\projects\cod\t5\xanim_export\t5_viewmodels\ak47\ak47_d2p_out.XANIM_EXPORT`
// Source filename: `D:\projects\devanim\t5\animation_assets\viewmodels\ak47\ViewModel_AK47_animated.fbx`
// Export time: Tue Aug 17 22:15:42 2010

ANIMATION
VERSION 3

NUMPARTS 78
PART 0 "tag_ads"
PART 1 "tag_torso"
PART 2 "J_Shoulder_LE"
PART 3 "J_Elbow_LE"
PART 4 "J_WristTwist_LE"
PART 5 "J_Sleave_Reshape_Bottom_LE_1"
PART 6 "J_Sleave_Reshape_Bottom_LE_2"
PART 7 "J_Sleave_Reshape_Top_LE_1"
PART 8 "J_Sleave_Reshape_Top_LE_2"
PART 9 "J_Sleave_Reshape_Top_LE_3"
PART 10 "J_Wrist_LE"
PART 11 "J_Thumb_LE_0"
PART 12 "J_Thumb_LE_1"
PART 13 "J_Thumb_LE_2"
PART 14 "J_Thumb_LE_3"
PART 15 "J_PinkyPalm_LE"
PART 16 "J_Pinky_LE_0"
PART 17 "J_Pinky_LE_1"
PART 18 "J_Pinky_LE_2"
PART 19 "J_Pinky_LE_3"
PART 20 "J_RingPalm_LE"
PART 21 "J_Ring_LE_0"
PART 22 "J_Ring_LE_1"
PART 23 "J_Ring_LE_2"
PART 24 "J_Ring_LE_3"
PART 25 "J_Webbing_LE"
PART 26 "J_Index_LE_0"
PART 27 "J_Index_LE_1"
PART 28 "J_Index_LE_2"
PART 29 "J_Index_LE_3"
PART 30 "J_Mid_LE_0"
PART 31 "J_Mid_LE_1"
PART 32 "J_Mid_LE_2"
PART 33 "J_Mid_LE_3"
PART 34 "tag_knife_attach"
PART 35 "tag_weapon"
PART 36 "J_Gun"
PART 37 "J_bolt"
PART 38 "TAG_CLIP"
PART 39 "tag_flame_unit"
PART 40 "tag_flamer_bracket"
PART 41 "tag_flamer_bottle"
PART 42 "tag_flamer_button"
PART 43 "tag_flamer_ring"
PART 44 "tag_flamer_pilot_light"
PART 45 "J_Shoulder_RI"
PART 46 "J_Elbow_RI"
PART 47 "J_WristTwist_RI"
PART 48 "J_Sleave_Reshape_Top_RI_3"
PART 49 "J_Sleave_Reshape_Top_RI_2"
PART 50 "J_Sleave_Reshape_Top_RI_1"
PART 51 "J_Wrist_RI"
PART 52 "J_Thumb_RI_0"
PART 53 "J_Thumb_RI_1"
PART 54 "J_Thumb_RI_2"
PART 55 "J_Thumb_RI_3"
PART 56 "J_PinkyPalm_RI"
PART 57 "J_Pinky_RI_0"
PART 58 "J_Pinky_RI_1"
PART 59 "J_Pinky_RI_2"
PART 60 "J_Pinky_RI_3"
PART 61 "J_RingPalm_RI"
PART 62 "J_Ring_RI_0"
PART 63 "J_Ring_RI_1"
PART 64 "J_Ring_RI_2"
PART 65 "J_Ring_RI_3"
PART 66 "J_Webbing_RI"
PART 67 "J_Index_RI_0"
PART 68 "J_Index_RI_1"
PART 69 "J_Index_RI_2"
PART 70 "J_Index_RI_3"
PART 71 "J_Mid_RI_0"
PART 72 "J_Mid_RI_1"
PART 73 "J_Mid_RI_2"
PART 74 "J_Mid_RI_3"
PART 75 "tag_cambone"
PART 76 "tag_camera"
PART 77 "tag_gasmask"

FRAMERATE 30
NUMFRAMES 11

FRAME 2085
PART 0
OFFSET  0.0000 -0.0000 -0.0000
X  1.0000 -0.0000  0.0000
Y  0.0000  1.0000  0.0000
Z  0.0000 -0.0000  1.0000

PART 1
OFFSET -4.6318 -0.0000 -1.3770
X  1.0000 -0.0000  0.0000
Y  0.0000  1.0000  0.0000
Z  0.0000 -0.0000  1.0000

PART 2
OFFSET -3.5060  6.3408 -6.7125
X  0.7914 -0.3594 -0.4945
Y -0.0646 -0.8536  0.5169
Z -0.6079 -0.3771 -0.6988

PART 3
OFFSET  6.0653  1.9943 -12.6925
X  0.8022 -0.2653  0.5350
Y -0.4722  0.2665  0.8402
Z -0.3655 -0.9266  0.0886

PART 4
OFFSET  12.8880 -0.2618 -8.1425
X  0.8022 -0.2653  0.5350
Y -0.2143  0.7084  0.6725
Z -0.5573 -0.6541  0.5114

PART 5
OFFSET  15.0276  0.8066 -8.2110
X  0.8059 -0.2643  0.5297
Y  0.3700  0.9234 -0.1021
Z -0.4622  0.2783  0.8420

PART 6
OFFSET  14.0275 -1.5421 -8.5903
X  0.8059 -0.2643  0.5297
Y  0.3700  0.9234 -0.1021
Z -0.4622  0.2783  0.8420

PART 7
OFFSET  14.2570  0.9114 -6.0243
X  0.8059 -0.2643  0.5297
Y  0.3700  0.9234 -0.1021
Z -0.4622  0.2783  0.8420

PART 8
OFFSET  13.6161 -0.5237 -5.9629
X  0.8059 -0.2643  0.5297
Y  0.3700  0.9234 -0.1021
Z -0.4622  0.2783  0.8420

PART 9
OFFSET  13.1432 -1.6289 -6.5146
X  0.8059 -0.2643  0.5297
Y  0.3700  0.9234 -0.1021
Z -0.4622  0.2783  0.8420

PART 10
OFFSET  15.3472 -1.0750 -6.5025
X  0.9726 -0.2323 -0.0109
Y  0.1755  0.7026  0.6896
Z -0.1525 -0.6726  0.7241

PART 11
OFFSET  15.8914 -0.7777 -5.5446
X  0.9613 -0.0877  0.2611
Y  0.0210  0.9685  0.2480
Z -0.2746 -0.2330  0.9329

PART 12
OFFSET  17.9527 -0.8832 -4.9045
X  0.9390 -0.3186 -0.1292
Y  0.3382  0.7884  0.5138
Z -0.0618 -0.5262  0.8481

PART 13
OFFSET  19.4416 -1.5035 -5.0488
X  0.9706 -0.1600  0.1798
Y  0.0834  0.9242  0.3726
Z -0.2258 -0.3466  0.9104

PART 14
OFFSET  20.4823 -1.6768 -4.8063
X  0.8787  0.2950 -0.3753
Y -0.4139  0.0791 -0.9069
Z -0.2378  0.9522  0.1916

PART 15
OFFSET  15.9514 -2.1598 -7.1038
X  0.7473 -0.6382 -0.1850
Y -0.3175 -0.5875  0.7443
Z -0.5837 -0.4975 -0.6417

PART 16
OFFSET  17.6766 -3.5934 -7.3347
X  0.0186 -0.2754  0.9611
Y -0.6362  0.7383  0.2239
Z -0.7713 -0.6157 -0.1615

PART 17
OFFSET  17.7030 -3.9833 -5.9739
X -0.2370  0.0523  0.9701
Y -0.6159  0.7641 -0.1917
Z -0.7513 -0.6429 -0.1488

PART 18
OFFSET  17.4929 -3.9369 -5.1138
X -0.4047  0.2907  0.8670
Y -0.4629  0.7525 -0.4684
Z -0.7886 -0.5909 -0.1700

PART 19
OFFSET  17.1083 -3.6607 -4.2901
X  0.7142 -0.6093 -0.3445
Y -0.1887  0.3064 -0.9330
Z  0.6740  0.7314  0.1039

PART 20
OFFSET  16.3033 -1.6501 -6.7490
X  0.8707 -0.4409 -0.2178
Y -0.1800 -0.6979  0.6932
Z -0.4576 -0.5644 -0.6871

PART 21
OFFSET  18.4884 -2.9982 -7.1568
X  0.1087 -0.6714  0.7331
Y -0.5443  0.5769  0.6090
Z -0.8318 -0.4652 -0.3028

PART 22
OFFSET  18.6734 -4.1412 -5.9088
X -0.3860  0.1108  0.9158
Y -0.4159  0.8653 -0.2799
Z -0.8234 -0.4889 -0.2879

PART 23
OFFSET  18.1384 -3.9877 -4.6395
X -0.5178  0.4233  0.7434
Y -0.2390  0.7629 -0.6008
Z -0.8214 -0.4888 -0.2939

PART 24
OFFSET  17.5768 -3.5287 -3.8332
X  0.5204 -0.8066 -0.2804
Y  0.1365  0.4027 -0.9051
Z  0.8430  0.4327  0.3197

PART 25
OFFSET  18.5423 -1.0361 -5.0530
X  0.8387 -0.5415  0.0577
Y  0.4353  0.6030 -0.6685
Z  0.3272  0.5858  0.7415

PART 26
OFFSET  19.3260 -1.2003 -6.2939
X  0.5466 -0.8373 -0.0083
Y -0.4490 -0.3014  0.8412
Z -0.7068 -0.4561 -0.5407

PART 27
OFFSET  20.2884 -2.6745 -6.3085
X -0.0815 -0.7950  0.6011
Y -0.7278  0.4595  0.5091
Z -0.6809 -0.3960 -0.6160

PART 28
OFFSET  20.2307 -3.6169 -5.5403
X -0.4903 -0.2164  0.8442
Y -0.5188  0.8508 -0.0833
Z -0.7003 -0.4789 -0.5294

PART 29
OFFSET  19.6768 -3.8613 -4.5867
X  0.4310 -0.8323 -0.3486
Y  0.4018  0.5229 -0.7518
Z  0.8080  0.1840  0.5598

PART 30
OFFSET  19.0045 -2.0583 -6.9110
X  0.2965 -0.8119  0.5028
Y -0.6310  0.2287  0.7413
Z -0.7169 -0.5371 -0.4446

PART 31
OFFSET  19.5837 -3.6445 -5.9287
X -0.3827 -0.2144  0.8987
Y -0.5450  0.8378 -0.0321
Z -0.7460 -0.5020 -0.4375

PART 32
OFFSET  19.0248 -3.9577 -4.6161
X -0.6304  0.3431  0.6963
Y -0.1601  0.8203 -0.5491
Z -0.7595 -0.4577 -0.4622

PART 33
OFFSET  18.3055 -3.5729 -3.8303
X  0.6342 -0.7577 -0.1536
Y  0.2258  0.3716 -0.9005
Z  0.7394  0.5364  0.4068

PART 34
OFFSET  17.6570 -3.1084 -5.8003
X -0.5094 -0.5743 -0.6408
Y  0.1525  0.6726 -0.7241
Z  0.8469 -0.4666 -0.2551

PART 35
OFFSET  8.2284 -2.6584 -4.3968
X  0.9914 -0.0046 -0.1309
Y  0.0023  0.9998 -0.0173
Z  0.1310  0.0168  0.9912

PART 36
OFFSET  8.2284 -2.6584 -4.3968
X  0.9914 -0.0046 -0.1309
Y  0.0023  0.9998 -0.0173
Z  0.1310  0.0168  0.9912

PART 37
OFFSET  13.7914 -2.9246 -2.7491
X  0.9939 -0.0042 -0.1106
Y  0.0023  0.9998 -0.0173
Z  0.1107  0.0169  0.9937

PART 38
OFFSET  12.4405 -2.6579 -4.6718
X  0.9914 -0.0046 -0.1309
Y  0.0023  0.9998 -0.0173
Z  0.1310  0.0168  0.9912

PART 39
OFFSET  7.1846 -2.6935 -6.5711
X  0.9914 -0.0046 -0.1309
Y  0.0023  0.9998 -0.0173
Z  0.1310  0.0168  0.9912

PART 40
OFFSET  21.8015 -3.0960 -7.4486
X -0.2576  0.0173  0.9661
Y -0.9663 -0.0022 -0.2576
Z -0.0023 -0.9998  0.0173

PART 41
OFFSET  21.8015 -3.0960 -7.4486
X  0.0023  0.9998 -0.0173
Y -0.9914  0.0046  0.1309
Z  0.1310  0.0168  0.9912

PART 42
OFFSET  21.3357 -2.8125 -7.8826
X  0.0023  0.9998 -0.0173
Y -0.9914  0.0046  0.1309
Z  0.1310  0.0168  0.9912

PART 43
OFFSET  21.3389 -1.4127 -7.9067
X  0.1210 -0.3510  0.9285
Y -0.9914  0.0046  0.1309
Z -0.0502 -0.9364 -0.3474

PART 44
OFFSET  30.3919 -1.2741 -9.6181
X  0.8410 -0.4497  0.3007
Y  0.5263  0.5515 -0.6473
Z  0.1253  0.7026  0.7005

PART 45
OFFSET -10.8444 -11.7139 -5.9426
X -0.9391  0.3234 -0.1160
Y -0.2273 -0.3316  0.9156
Z  0.2577  0.8862  0.3849

PART 46
OFFSET  0.5132 -15.6254 -4.5403
X -0.2214 -0.9638  0.1486
Y  0.9731 -0.2083  0.0987
Z -0.0642  0.1664  0.9840

PART 47
OFFSET  2.3962 -7.4279 -5.8040
X -0.2214 -0.9638  0.1486
Y  0.1694 -0.1881 -0.9674
Z  0.9604 -0.1890  0.2049

PART 48
OFFSET  2.1295 -6.0991 -7.2628
X -0.2269 -0.9631  0.1450
Y  0.0505 -0.1603 -0.9858
Z  0.9726 -0.2164  0.0850

PART 49
OFFSET  1.2725 -5.4207 -6.7213
X -0.2269 -0.9631  0.1450
Y  0.0505 -0.1603 -0.9858
Z  0.9726 -0.2164  0.0850

PART 50
OFFSET  1.3462 -5.1294 -5.3861
X -0.2269 -0.9631  0.1450
Y  0.0505 -0.1603 -0.9858
Z  0.9726 -0.2164  0.0850

PART 51
OFFSET  3.0749 -4.4731 -6.2595
X -0.9810 -0.1418 -0.1324
Y  0.1587 -0.1946 -0.9680
Z  0.1115 -0.9706  0.2134

PART 52
OFFSET  3.3172 -3.8231 -5.3535
X -0.5666 -0.6850 -0.4580
Y  0.4703  0.1876 -0.8623
Z  0.6766 -0.7040  0.2159

PART 53
OFFSET  4.4553 -2.3244 -4.2912
X -0.8628 -0.3399  0.3741
Y -0.1764 -0.4911 -0.8531
Z  0.4737 -0.8021  0.3637

PART 54
OFFSET  5.7846 -1.7152 -4.9868
X -0.4183 -0.0047  0.9083
Y -0.7078 -0.6251 -0.3292
Z  0.5693 -0.7806  0.2581

PART 55
OFFSET  6.2229 -1.6637 -5.9752
X -0.8203  0.3691  0.4369
Y  0.0209  0.7827 -0.6220
Z -0.5715 -0.5011 -0.6498

PART 56
OFFSET  4.0524 -4.3653 -7.2271
X -0.8959 -0.2634  0.3578
Y  0.3441 -0.9208  0.1836
Z  0.2811  0.2876  0.9156

PART 57
OFFSET  6.0641 -3.6188 -7.9203
X -0.0989 -0.9902  0.0985
Y  0.8996 -0.1312 -0.4165
Z  0.4253  0.0474  0.9038

PART 58
OFFSET  6.2041 -2.2168 -8.0596
X  0.7325 -0.6025 -0.3170
Y  0.5526  0.7981 -0.2401
Z  0.3977  0.0007  0.9175

PART 59
OFFSET  5.5547 -1.6827 -7.7786
X  0.8574  0.2905 -0.4249
Y -0.2874  0.9550  0.0731
Z  0.4270  0.0594  0.9023

PART 60
OFFSET  4.7401 -1.9587 -7.3749
X -0.5371 -0.8303  0.1486
Y -0.7147  0.5416  0.4427
Z -0.4480  0.1316 -0.8843

PART 61
OFFSET  4.1783 -4.3404 -6.5249
X -0.9562 -0.2388  0.1695
Y  0.2739 -0.9342  0.2287
Z  0.1038  0.2651  0.9586

PART 62
OFFSET  6.6505 -3.7806 -7.1023
X -0.1100 -0.9703  0.2154
Y  0.8944 -0.1912 -0.4045
Z  0.4336  0.1482  0.8888

PART 63
OFFSET  6.8377 -2.1286 -7.4690
X  0.8422 -0.4193 -0.3390
Y  0.3343  0.8993 -0.2818
Z  0.4230  0.1240  0.8976

PART 64
OFFSET  5.6705 -1.5476 -6.9993
X  0.7833  0.4519 -0.4269
Y -0.4605  0.8831  0.0899
Z  0.4176  0.1262  0.8998

PART 65
OFFSET  4.8210 -2.0376 -6.5362
X -0.3582 -0.8685  0.3427
Y -0.8437  0.4583  0.2796
Z -0.3999 -0.1890 -0.8969

PART 66
OFFSET -1.0824 -5.4191 -5.8775
X -0.9227 -0.3657  0.1220
Y -0.3855  0.8791 -0.2803
Z -0.0048 -0.3057 -0.9521

PART 67
OFFSET  6.8191 -4.1345 -4.9344
X -0.9777 -0.1893  0.0914
Y  0.1991 -0.9733  0.1142
Z  0.0674  0.1298  0.9892

PART 68
OFFSET  8.5404 -3.8013 -5.0954
X -0.9703 -0.2199  0.1013
Y  0.2343 -0.9582  0.1642
Z  0.0609  0.1830  0.9812

PART 69
OFFSET  9.7237 -3.5228 -5.1589
X -0.9710 -0.2369  0.0333
Y  0.2392 -0.9602  0.1440
Z -0.0021  0.1478  0.9890

PART 70
OFFSET  10.8204 -3.2553 -5.1965
X  0.0996  0.9855  0.1374
Y  0.9892 -0.0831 -0.1207
Z -0.1075  0.1479 -0.9831

PART 71
OFFSET  6.8667 -4.1866 -6.0369
X -0.2345 -0.9357  0.2638
Y  0.9394 -0.2879 -0.1861
Z  0.2501  0.2041  0.9465

PART 72
OFFSET  7.3247 -2.3587 -6.5522
X  0.8202 -0.5633 -0.0997
Y  0.5015  0.7919 -0.3484
Z  0.2753  0.2358  0.9320

PART 73
OFFSET  6.1267 -1.5360 -6.4065
X  0.8445  0.3787 -0.3787
Y -0.4569  0.8783 -0.1407
Z  0.2793  0.2919  0.9148

PART 74
OFFSET  5.1680 -1.9663 -5.9842
X -0.3736 -0.8700  0.3218
Y -0.8700  0.4490  0.2039
Z -0.3219 -0.2038 -0.9246

PART 75
OFFSET  0.0000 -0.0000 -0.0000
X  1.0000 -0.0000  0.0000
Y  0.0000  1.0000  0.0000
Z  0.0000 -0.0000  1.0000

PART 76
OFFSET  0.0000 -0.0000 -0.0000
X  0.9976 -0.0000  0.0698
Y  0.0049  0.9976 -0.0696
Z -0.0696  0.0698  0.9951

PART 77
OFFSET  1.2489  0.2885  4.2231
X  0.9976 -0.0000  0.0698
Y  0.0049  0.9976 -0.0696
Z -0.0696  0.0698  0.9951


FRAME 2086
PART 0
OFFSET  0.0000 -0.0000 -0.0000
X  1.0000 -0.0000  0.0000
Y  0.0000  1.0000  0.0000
Z  0.0000 -0.0000  1.0000

PART 1
OFFSET -4.6318 -0.0000 -1.3770
X  1.0000 -0.0000  0.0000
Y  0.0000  1.0000  0.0000
Z  0.0000 -0.0000  1.0000

PART 2
OFFSET -3.5060  6.3408 -6.7125
X  0.8081 -0.3283 -0.4890
Y -0.0742 -0.8804  0.4684
Z -0.5843 -0.3422 -0.7359

PART 3
OFFSET  6.2674  2.3704 -12.6268
X  0.7871 -0.2893  0.5447
Y -0.4996  0.2190  0.8381
Z -0.3617 -0.9319  0.0279

PART 4
OFFSET  12.9624 -0.0899 -7.9936
X  0.7871 -0.2893  0.5447
Y -0.2358  0.6749  0.6992
Z -0.5699 -0.6788  0.4631

PART 5
OFFSET  15.0958  0.9917 -7.9388
X  0.7911 -0.2881  0.5397
Y  0.3667  0.9294 -0.0414
Z -0.4897  0.2307  0.8408

PART 6
OFFSET  14.1238 -1.3386 -8.4731
X  0.7911 -0.2881  0.5397
Y  0.3667  0.9294 -0.0414
Z -0.4897  0.2307  0.8408

PART 7
OFFSET  14.2577  0.9758 -5.7747
X  0.7911 -0.2881  0.5397
Y  0.3667  0.9294 -0.0414
Z -0.4897  0.2307  0.8408

PART 8
OFFSET  13.6250 -0.4638 -5.8095
X  0.7911 -0.2881  0.5397
Y  0.3667  0.9294 -0.0414
Z -0.4897  0.2307  0.8408

PART 9
OFFSET  13.1768 -1.5404 -6.4335
X  0.7911 -0.2881  0.5397
Y  0.3667  0.9294 -0.0414
Z -0.4897  0.2307  0.8408

PART 10
OFFSET  15.3755 -0.9767 -6.3236
X  0.9706 -0.2407 -0.0020
Y  0.1664  0.6648  0.7282
Z -0.1740 -0.7071  0.6853

PART 11
OFFSET  15.9013 -0.7337 -5.3403
X  0.9546 -0.1101  0.2767
Y  0.0238  0.9544  0.2976
Z -0.2968 -0.2775  0.9137

PART 12
OFFSET  17.9471 -0.8914 -4.6627
X  0.9389 -0.3206 -0.1253
Y  0.3336  0.7580  0.5605
Z -0.0847 -0.5681  0.8186

PART 13
OFFSET  19.4335 -1.5177 -4.8067
X  0.9651 -0.1783  0.1920
Y  0.0831  0.9032  0.4210
Z -0.2485 -0.3904  0.8865

PART 14
OFFSET  20.4671 -1.7130 -4.5513
X  0.8891  0.3053 -0.3409
Y -0.3934  0.1291 -0.9103
Z -0.2339  0.9435  0.2349

PART 15
OFFSET  15.9835 -2.0351 -6.9665
X  0.7457 -0.6351 -0.2014
Y -0.3386 -0.6216  0.7064
Z -0.5738 -0.4586 -0.6786

PART 16
OFFSET  17.7011 -3.4715 -7.2335
X -0.0046 -0.3241  0.9460
Y -0.6347  0.7320  0.2477
Z -0.7728 -0.5992 -0.2091

PART 17
OFFSET  17.6945 -3.9304 -5.8942
X -0.2576  0.0052  0.9662
Y -0.6051  0.7787 -0.1655
Z -0.7533 -0.6273 -0.1975

PART 18
OFFSET  17.4661 -3.9259 -5.0375
X -0.4211  0.2500  0.8719
Y -0.4462  0.7798 -0.4391
Z -0.7897 -0.5739 -0.2168

PART 19
OFFSET  17.0661 -3.6883 -4.2092
X  0.7164 -0.5978 -0.3599
Y -0.1657  0.3553 -0.9200
Z  0.6778  0.7187  0.1555

PART 20
OFFSET  16.3319 -1.5475 -6.5787
X  0.8715 -0.4375 -0.2214
Y -0.2010 -0.7306  0.6526
Z -0.4473 -0.5243 -0.7246

PART 21
OFFSET  18.5138 -2.8940 -7.0082
X  0.0870 -0.7089  0.7000
Y -0.5525  0.5503  0.6260
Z -0.8289 -0.4412 -0.3438

PART 22
OFFSET  18.6619 -4.1008 -5.8165
X -0.4049  0.0677  0.9119
Y -0.4024  0.8823 -0.2441
Z -0.8211 -0.4658 -0.3300

PART 23
OFFSET  18.1008 -4.0070 -4.5527
X -0.5303  0.3898  0.7529
Y -0.2194  0.7947 -0.5660
Z -0.8189 -0.4653 -0.3359

PART 24
OFFSET  17.5256 -3.5842 -3.7362
X  0.5195 -0.7962 -0.3101
Y  0.1596  0.4469 -0.8802
Z  0.8394  0.4078  0.3593

PART 25
OFFSET  18.5385 -1.0421 -4.8061
X  0.8327 -0.5517  0.0478
Y  0.4549  0.6321 -0.6273
Z  0.3159  0.5441  0.7773

PART 26
OFFSET  19.3476 -1.1504 -6.0368
X  0.5396 -0.8410 -0.0394
Y -0.4697 -0.3395  0.8149
Z -0.6987 -0.4212 -0.5783

PART 27
OFFSET  20.2976 -2.6311 -6.1062
X -0.1013 -0.8237  0.5579
Y -0.7348  0.4400  0.5162
Z -0.6707 -0.3576 -0.6498

PART 28
OFFSET  20.2152 -3.6108 -5.3886
X -0.5104 -0.2544  0.8214
Y -0.5097  0.8589 -0.0507
Z -0.6926 -0.4446 -0.5680

PART 29
OFFSET  19.6386 -3.8982 -4.4607
X  0.4315 -0.8175 -0.3814
Y  0.4225  0.5566 -0.7153
Z  0.7971  0.1475  0.5856

PART 30
OFFSET  19.0324 -1.9728 -6.7037
X  0.2786 -0.8393  0.4669
Y -0.6451  0.1966  0.7384
Z -0.7115 -0.5069 -0.4866

PART 31
OFFSET  19.5766 -3.6124 -5.7916
X -0.4040 -0.2562  0.8782
Y -0.5370  0.8436 -0.0009
Z -0.7406 -0.4720 -0.4784

PART 32
OFFSET  18.9866 -3.9866 -4.5089
X -0.6425  0.3132  0.6993
Y -0.1412  0.8486 -0.5098
Z -0.7531 -0.4263 -0.5011

PART 33
OFFSET  18.2536 -3.6355 -3.7201
X  0.6310 -0.7549 -0.1786
Y  0.2486  0.4148 -0.8753
Z  0.7349  0.5079  0.4494

PART 34
OFFSET  17.6522 -3.0652 -5.6771
X -0.5002 -0.5360 -0.6801
Y  0.1740  0.7071 -0.6853
Z  0.8483 -0.4611 -0.2605

PART 35
OFFSET  8.1993 -2.5970 -4.4539
X  0.9939 -0.0074 -0.1098
Y  0.0112  0.9994  0.0339
Z  0.1095 -0.0349  0.9934

PART 36
OFFSET  8.1993 -2.5970 -4.4539
X  0.9939 -0.0074 -0.1098
Y  0.0112  0.9994  0.0339
Z  0.1095 -0.0349  0.9934

PART 37
OFFSET  13.7227 -2.9999 -2.7037
X  0.9960 -0.0081 -0.0895
Y  0.0112  0.9994  0.0339
Z  0.0892 -0.0348  0.9954

PART 38
OFFSET  12.4163 -2.6229 -4.6386
X  0.9939 -0.0074 -0.1098
Y  0.0112  0.9994  0.0339
Z  0.1095 -0.0349  0.9934

PART 39
OFFSET  7.2029 -2.5114 -6.6490
X  0.9939 -0.0074 -0.1098
Y  0.0112  0.9994  0.0339
Z  0.1095 -0.0349  0.9934

PART 40
OFFSET  21.8316 -3.0084 -7.2338
X -0.2784 -0.0295  0.9600
Y -0.9604  0.0202 -0.2779
Z -0.0112 -0.9994 -0.0339

PART 41
OFFSET  21.8316 -3.0084 -7.2338
X  0.0112  0.9994  0.0339
Y -0.9939  0.0074  0.1098
Z  0.1095 -0.0349  0.9934

PART 42
OFFSET  21.3777 -2.6988 -7.6626
X  0.0112  0.9994  0.0339
Y -0.9939  0.0074  0.1098
Z  0.1095 -0.0349  0.9934

PART 43
OFFSET  21.3934 -1.2997 -7.6151
X  0.1069  0.3036  0.9468
Y -0.9939  0.0074  0.1098
Z  0.0264 -0.9528  0.3026

PART 44
OFFSET  30.4823 -1.1607 -9.1237
X  0.8305 -0.4725  0.2952
Y  0.5449  0.5786 -0.6069
Z  0.1159  0.6648  0.7380

PART 45
OFFSET -11.0338 -11.5206 -5.9739
X -0.9427  0.3196 -0.0958
Y -0.2075 -0.3367  0.9185
Z  0.2613  0.8857  0.3838

PART 46
OFFSET  0.3670 -15.3863 -4.8159
X -0.2338 -0.9611  0.1470
Y  0.9712 -0.2238  0.0813
Z -0.0453  0.1618  0.9858

PART 47
OFFSET  2.3557 -7.2117 -6.0659
X -0.2338 -0.9611  0.1470
Y -0.0011 -0.1509 -0.9885
Z  0.9723 -0.2313  0.0343

PART 48
OFFSET  2.0856 -5.8707 -7.5128
X -0.2394 -0.9603  0.1435
Y  0.0316 -0.1555 -0.9873
Z  0.9704 -0.2318  0.0676

PART 49
OFFSET  1.2483 -5.1823 -6.9533
X -0.2394 -0.9603  0.1435
Y  0.0316 -0.1555 -0.9873
Z  0.9704 -0.2318  0.0676

PART 50
OFFSET  1.3485 -4.8997 -5.6180
X -0.2394 -0.9603  0.1435
Y  0.0316 -0.1555 -0.9873
Z  0.9704 -0.2318  0.0676

PART 51
OFFSET  3.0725 -4.2653 -6.5165
X -0.9790 -0.1255 -0.1603
Y  0.1781 -0.1466 -0.9730
Z  0.0986 -0.9812  0.1658

PART 52
OFFSET  3.3005 -3.6645 -5.5735
X -0.5622 -0.6554 -0.5044
Y  0.4905  0.2267 -0.8414
Z  0.6658 -0.7205  0.1940

PART 53
OFFSET  4.4278 -2.2328 -4.4119
X -0.8736 -0.3502  0.3378
Y -0.1620 -0.4453 -0.8806
Z  0.4588 -0.8240  0.3323

PART 54
OFFSET  5.7771 -1.6017 -5.0469
X -0.4380 -0.0470  0.8977
Y -0.7057 -0.6007 -0.3757
Z  0.5569 -0.7981  0.2300

PART 55
OFFSET  6.2373 -1.5042 -6.0218
X -0.8265  0.3542  0.4376
Y  0.0411  0.8131 -0.5806
Z -0.5614 -0.4619 -0.6866

PART 56
OFFSET  4.0718 -4.1177 -7.4562
X -0.9057 -0.2727  0.3247
Y  0.3322 -0.9322  0.1436
Z  0.2635  0.2379  0.9348

PART 57
OFFSET  6.1043 -3.3561 -8.0672
X -0.1094 -0.9930  0.0456
Y  0.9073 -0.1185 -0.4034
Z  0.4059 -0.0027  0.9139

PART 58
OFFSET  6.2592 -1.9503 -8.1317
X  0.7341 -0.5925 -0.3317
Y  0.5644  0.8040 -0.1872
Z  0.3776 -0.0498  0.9246

PART 59
OFFSET  5.6083 -1.4249 -7.8377
X  0.8688  0.3035 -0.3911
Y -0.2808  0.9528  0.1157
Z  0.4078  0.0093  0.9130

PART 60
OFFSET  4.7829 -1.7133 -7.4661
X -0.5472 -0.8316  0.0945
Y -0.7196  0.5251  0.4544
Z -0.4275  0.1807 -0.8858

PART 61
OFFSET  4.1825 -4.1297 -6.7511
X -0.9616 -0.2380  0.1367
Y  0.2609 -0.9472  0.1865
Z  0.0851  0.2150  0.9729

PART 62
OFFSET  6.6713 -3.5649 -7.2463
X -0.1229 -0.9789  0.1632
Y  0.9013 -0.1789 -0.3945
Z  0.4154  0.0986  0.9043

PART 63
OFFSET  6.8805 -1.8983 -7.5240
X  0.8458 -0.4095 -0.3419
Y  0.3480  0.9093 -0.2283
Z  0.4044  0.0741  0.9116

PART 64
OFFSET  5.7083 -1.3308 -7.0502
X  0.7962  0.4655 -0.3865
Y -0.4548  0.8818  0.1250
Z  0.3990  0.0762  0.9138

PART 65
OFFSET  4.8448 -1.8356 -6.6310
X -0.3729 -0.8813  0.2902
Y -0.8457  0.4515  0.2845
Z -0.3818 -0.1393 -0.9137

PART 66
OFFSET -1.1000 -5.1896 -6.2721
X -0.9282 -0.3626  0.0834
Y -0.3718  0.8959 -0.2432
Z  0.0134 -0.2567 -0.9664

PART 67
OFFSET  6.7897 -4.0303 -5.0962
X -0.9810 -0.1843  0.0607
Y  0.1883 -0.9797  0.0685
Z  0.0469  0.0787  0.9958

PART 68
OFFSET  8.5169 -3.7058 -5.2031
X -0.9741 -0.2155  0.0692
Y  0.2225 -0.9675  0.1199
Z  0.0411  0.1322  0.9904

PART 69
OFFSET  9.7035 -3.4358 -5.2271
X -0.9734 -0.2290  0.0004
Y  0.2279 -0.9686  0.0998
Z -0.0224  0.0972  0.9950

PART 70
OFFSET  10.8030 -3.1772 -5.2276
X  0.1049  0.9762  0.1896
Y  0.9909 -0.0863 -0.1037
Z -0.0848  0.1988 -0.9764

PART 71
OFFSET  6.8609 -4.0267 -6.1987
X -0.2481 -0.9456  0.2105
Y  0.9408 -0.2870 -0.1805
Z  0.2311  0.1533  0.9608

PART 72
OFFSET  7.3455 -2.1794 -6.6099
X  0.8174 -0.5653 -0.1109
Y  0.5156  0.8038 -0.2967
Z  0.2569  0.1854  0.9485

PART 73
OFFSET  6.1516 -1.3537 -6.4480
X  0.8557  0.3893 -0.3408
Y -0.4463  0.8887 -0.1054
Z  0.2618  0.2423  0.9342

PART 74
OFFSET  5.1802 -1.7958 -6.0687
X -0.3879 -0.8816  0.2689
Y -0.8704  0.4463  0.2080
Z -0.3034 -0.1534 -0.9405

PART 75
OFFSET  0.0000 -0.0000 -0.0000
X  1.0000 -0.0000  0.0000
Y  0.0000  1.0000  0.0000
Z  0.0000 -0.0000  1.0000

PART 76
OFFSET  0.0000 -0.0000 -0.0000
X  0.9992 -0.0000  0.0401
Y  0.0008  0.9998 -0.0203
Z -0.0401  0.0203  0.9990

PART 77
OFFSET  1.3735  0.0839  4.1933
X  0.9992 -0.0000  0.0401
Y  0.0008  0.9998 -0.0203
Z -0.0401  0.0203  0.9990


FRAME 2087
PART 0
OFFSET  0.0000 -0.0000 -0.0000
X  1.0000 -0.0000  0.0000
Y  0.0000  1.0000  0.0000
Z  0.0000 -0.0000  1.0000

PART 1
OFFSET -4.6318 -0.0000 -1.3770
X  1.0000 -0.0000  0.0000
Y  0.0000  1.0000  0.0000
Z  0.0000 -0.0000  1.0000

PART 2
OFFSET -3.5060  6.3408 -6.7125
X  0.8551 -0.2545 -0.4516
Y -0.0916 -0.9317  0.3515
Z -0.5102 -0.2592 -0.8201

PART 3
OFFSET  6.8359  3.2632 -12.1746
X  0.7495 -0.3422  0.5667
Y -0.5687  0.1054  0.8158
Z -0.3389 -0.9337 -0.1156

PART 4
OFFSET  13.2104  0.3523 -7.3544
X  0.7495 -0.3422  0.5667
Y -0.2688  0.6249  0.7329
Z -0.6050 -0.7017  0.3764

PART 5
OFFSET  15.3049  1.4520 -6.9963
X  0.7537 -0.3404  0.5622
Y  0.3450  0.9330  0.1023
Z -0.5593  0.1169  0.8207

PART 6
OFFSET  14.4371 -0.8089 -7.8883
X  0.7537 -0.3404  0.5622
Y  0.3450  0.9330  0.1023
Z -0.5593  0.1169  0.8207

PART 7
OFFSET  14.3015  1.1546 -4.9248
X  0.7537 -0.3404  0.5622
Y  0.3450  0.9330  0.1023
Z -0.5593  0.1169  0.8207

PART 8
OFFSET  13.7103 -0.2793 -5.1864
X  0.7537 -0.3404  0.5622
Y  0.3450  0.9330  0.1023
Z -0.5593  0.1169  0.8207

PART 9
OFFSET  13.3396 -1.2771 -5.9715
X  0.7537 -0.3404  0.5622
Y  0.3450  0.9330  0.1023
Z -0.5593  0.1169  0.8207

PART 10
OFFSET  15.5080 -0.6970 -5.6170
X  0.9707 -0.2305  0.0686
Y  0.0906  0.6149  0.7834
Z -0.2227 -0.7542  0.6177

PART 11
OFFSET  15.9407 -0.5169 -4.5765
X  0.9280 -0.1194  0.3529
Y -0.0179  0.9319  0.3623
Z -0.3722 -0.3425  0.8627

PART 12
OFFSET  17.9208 -0.7006 -3.7308
X  0.9513 -0.3020 -0.0621
Y  0.2705  0.7209  0.6380
Z -0.1479 -0.6237  0.7675

PART 13
OFFSET  19.4238 -1.3010 -3.7832
X  0.9470 -0.1815  0.2651
Y  0.0311  0.8730  0.4868
Z -0.3198 -0.4527  0.8323

PART 14
OFFSET  20.4337 -1.5032 -3.4501
X  0.9109  0.3367 -0.2387
Y -0.3132  0.1875 -0.9310
Z -0.2687  0.9228  0.2762

PART 15
OFFSET  16.1874 -1.7028 -6.2730
X  0.7706 -0.6124 -0.1763
Y -0.3899 -0.6719  0.6297
Z -0.5040 -0.4165 -0.7566

PART 16
OFFSET  17.9445 -3.1005 -6.4816
X -0.0832 -0.3883  0.9177
Y -0.6657  0.7070  0.2388
Z -0.7416 -0.5910 -0.3174

PART 17
OFFSET  17.8266 -3.6503 -5.1823
X -0.3422 -0.0637  0.9375
Y -0.6004  0.7823 -0.1660
Z -0.7228 -0.6197 -0.3060

PART 18
OFFSET  17.5232 -3.7068 -4.3511
X -0.5006  0.1854  0.8456
Y -0.4179  0.8037 -0.4236
Z -0.7582 -0.5654 -0.3248

PART 19
OFFSET  17.0476 -3.5306 -3.5477
X  0.7548 -0.5646 -0.3339
Y -0.0892  0.4159 -0.9050
Z  0.6498  0.7129  0.2636

PART 20
OFFSET  16.4922 -1.2395 -5.8235
X  0.8946 -0.4127 -0.1716
Y -0.2463 -0.7756  0.5812
Z -0.3730 -0.4777 -0.7954

PART 21
OFFSET  18.7248 -2.5318 -6.1460
X  0.0359 -0.7543  0.6555
Y -0.6145  0.5006  0.6097
Z -0.7881 -0.4247 -0.4456

PART 22
OFFSET  18.7859 -3.8161 -5.0300
X -0.4851  0.0010  0.8745
Y -0.3931  0.8930 -0.2191
Z -0.7811 -0.4500 -0.4328

PART 23
OFFSET  18.1136 -3.8148 -3.8181
X -0.6010  0.3320  0.7270
Y -0.1810  0.8295 -0.5284
Z -0.7785 -0.4492 -0.4385

PART 24
OFFSET  17.4618 -3.4547 -3.0296
X  0.5575 -0.7679 -0.3154
Y  0.2298  0.5078 -0.8302
Z  0.7977  0.3904  0.4596

PART 25
OFFSET  18.5249 -0.8353 -3.8306
X  0.8338 -0.5455  0.0848
Y  0.4985  0.6781 -0.5400
Z  0.2371  0.4926  0.8374

PART 26
OFFSET  19.4414 -0.8509 -4.9885
X  0.5542 -0.8310 -0.0477
Y -0.5346 -0.3993  0.7448
Z -0.6380 -0.3873 -0.6655

PART 27
OFFSET  20.4172 -2.3140 -5.0724
X -0.1372 -0.8610  0.4897
Y -0.7845  0.3963  0.4770
Z -0.6047 -0.3187 -0.7299

PART 28
OFFSET  20.2872 -3.3414 -4.4328
X -0.5771 -0.3152  0.7534
Y -0.5168  0.8553 -0.0380
Z -0.6324 -0.4113 -0.6564

PART 29
OFFSET  19.6354 -3.6974 -3.5817
X  0.4765 -0.7852 -0.3956
Y  0.4753  0.6086 -0.6354
Z  0.7397  0.1148  0.6631

PART 30
OFFSET  19.1996 -1.6287 -5.7349
X  0.2494 -0.8666  0.4322
Y -0.7110  0.1391  0.6893
Z -0.6575 -0.4792 -0.5814

PART 31
OFFSET  19.6869 -3.3216 -4.8905
X -0.4760 -0.3199  0.8192
Y -0.5482  0.8363  0.0080
Z -0.6877 -0.4453 -0.5734

PART 32
OFFSET  18.9916 -3.7888 -3.6940
X -0.7068  0.2581  0.6586
Y -0.1090  0.8802 -0.4619
Z -0.6989 -0.3983 -0.5940

PART 33
OFFSET  18.1862 -3.4999 -2.9519
X  0.6563 -0.7347 -0.1720
Y  0.3185  0.4763 -0.8196
Z  0.6840  0.4831  0.5466

PART 34
OFFSET  17.7515 -2.8025 -4.9119
X -0.4294 -0.4930 -0.7567
Y  0.2227  0.7542 -0.6177
Z  0.8752 -0.4338 -0.2141

PART 35
OFFSET  8.2212 -2.5123 -4.5103
X  0.9997  0.0099 -0.0207
Y -0.0078  0.9947  0.1021
Z  0.0216 -0.1019  0.9946

PART 36
OFFSET  8.2212 -2.5123 -4.5103
X  0.9997  0.0099 -0.0207
Y -0.0078  0.9947  0.1021
Z  0.0216 -0.1019  0.9946

PART 37
OFFSET  13.5735 -2.9801 -2.3043
X  1.0000  0.0079 -0.0004
Y -0.0078  0.9947  0.1021
Z  0.0012 -0.1021  0.9948

PART 38
OFFSET  12.4378 -2.4839 -4.3185
X  0.9997  0.0099 -0.0207
Y -0.0078  0.9947  0.1021
Z  0.0216 -0.1019  0.9946

PART 39
OFFSET  7.4218 -2.2860 -6.7749
X  0.9997  0.0099 -0.0207
Y -0.0078  0.9947  0.1021
Z  0.0216 -0.1019  0.9946

PART 40
OFFSET  22.0508 -2.5980 -6.0812
X -0.3618 -0.0980  0.9271
Y -0.9322  0.0297 -0.3607
Z  0.0078 -0.9947 -0.1021

PART 41
OFFSET  22.0508 -2.5980 -6.0812
X -0.0078  0.9947  0.1021
Y -0.9997 -0.0099  0.0207
Z  0.0216 -0.1019  0.9946

PART 42
OFFSET  21.6319 -2.2640 -6.5269
X -0.0078  0.9947  0.1021
Y -0.9997 -0.0099  0.0207
Z  0.0216 -0.1019  0.9946

PART 43
OFFSET  21.6210 -0.8715 -6.3840
X -0.0053  0.9772  0.2121
Y -0.9997 -0.0099  0.0207
Z  0.0224 -0.2119  0.9770

PART 44
OFFSET  30.8045 -0.5399 -7.0607
X  0.8085 -0.4834  0.3357
Y  0.5872  0.6243 -0.5152
Z  0.0395  0.6137  0.7886

PART 45
OFFSET -11.5478 -10.9961 -6.0589
X -0.9424  0.3317 -0.0428
Y -0.1660 -0.3528  0.9209
Z  0.2903  0.8750  0.3875

PART 46
OFFSET -0.1502 -15.0072 -5.5407
X -0.3003 -0.9439  0.1374
Y  0.9538 -0.2979  0.0379
Z  0.0051  0.1425  0.9898

PART 47
OFFSET  2.4038 -6.9790 -6.7096
X -0.3003 -0.9439  0.1374
Y -0.1350 -0.1006 -0.9857
Z  0.9442 -0.3145 -0.0972

PART 48
OFFSET  2.1807 -5.5892 -8.1181
X -0.3059 -0.9425  0.1342
Y -0.0183 -0.1351 -0.9907
Z  0.9519 -0.3055  0.0241

PART 49
OFFSET  1.4203 -4.8527 -7.5122
X -0.3059 -0.9425  0.1342
Y -0.0183 -0.1351 -0.9907
Z  0.9519 -0.3055  0.0241

PART 50
OFFSET  1.5931 -4.6086 -6.1767
X -0.3059 -0.9425  0.1342
Y -0.0183 -0.1351 -0.9907
Z  0.9519 -0.3055  0.0241

PART 51
OFFSET  3.3243 -4.0853 -7.1310
X -0.9589 -0.1238 -0.2554
Y  0.2659 -0.0777 -0.9609
Z  0.0991 -0.9893  0.1074

PART 52
OFFSET  3.4583 -3.5485 -6.1330
X -0.5049 -0.6247 -0.5957
Y  0.5595  0.2887 -0.7769
Z  0.6573 -0.7255  0.2037

PART 53
OFFSET  4.4554 -2.1889 -4.7813
X -0.8944 -0.3812  0.2339
Y -0.0762 -0.3854 -0.9196
Z  0.4407 -0.8404  0.3156

PART 54
OFFSET  5.8454 -1.5024 -5.2490
X -0.5150 -0.1128  0.8497
Y -0.6600 -0.5804 -0.4770
Z  0.5470 -0.8065  0.2245

PART 55
OFFSET  6.3885 -1.3337 -6.1701
X -0.8675  0.3152  0.3848
Y  0.0794  0.8514 -0.5184
Z -0.4910 -0.4192 -0.7637

PART 56
OFFSET  4.4004 -3.8638 -7.9655
X -0.9264 -0.3032  0.2232
Y  0.3329 -0.9366  0.1095
Z  0.1759  0.1758  0.9686

PART 57
OFFSET  6.4667 -3.0421 -8.3394
X -0.0972 -0.9948 -0.0315
Y  0.9413 -0.0816 -0.3277
Z  0.3234 -0.0615  0.9443

PART 58
OFFSET  6.6043 -1.6337 -8.2949
X  0.7699 -0.5611 -0.3039
Y  0.5659  0.8205 -0.0812
Z  0.2949 -0.1094  0.9492

PART 59
OFFSET  5.9217 -1.1362 -8.0254
X  0.8951  0.3382 -0.2905
Y -0.3051  0.9398  0.1541
Z  0.3251 -0.0494  0.9444

PART 60
OFFSET  5.0713 -1.4575 -7.7495
X -0.5402 -0.8415 -0.0112
Y -0.7652  0.4856  0.4226
Z -0.3502  0.2368 -0.9062

PART 61
OFFSET  4.4484 -3.9231 -7.2558
X -0.9660 -0.2562  0.0338
Y  0.2584 -0.9551  0.1447
Z -0.0048  0.1485  0.9889

PART 62
OFFSET  6.9621 -3.3012 -7.4871
X -0.1212 -0.9890  0.0851
Y  0.9354 -0.1425 -0.3235
Z  0.3321  0.0404  0.9424

PART 63
OFFSET  7.1685 -1.6175 -7.6319
X  0.8792 -0.3768 -0.2917
Y  0.3523  0.9262 -0.1343
Z  0.3208  0.0153  0.9470

PART 64
OFFSET  5.9500 -1.0953 -7.2276
X  0.8198  0.4987 -0.2814
Y -0.4781  0.8666  0.1431
Z  0.3152  0.0173  0.9489

PART 65
OFFSET  5.0609 -1.6362 -6.9224
X -0.3831 -0.9028  0.1955
Y -0.8746  0.4226  0.2376
Z -0.2971 -0.0800 -0.9515

PART 66
OFFSET -0.8382 -5.0652 -7.3237
X -0.9261 -0.3766 -0.0246
Y -0.3630  0.9068 -0.2144
Z  0.1030 -0.1897 -0.9764

PART 67
OFFSET  6.8969 -3.9119 -5.3714
X -0.9795 -0.1977 -0.0398
Y  0.1971 -0.9802  0.0188
Z -0.0428  0.0106  0.9990

PART 68
OFFSET  8.6214 -3.5638 -5.3013
X -0.9728 -0.2293 -0.0329
Y  0.2264 -0.9712  0.0738
Z -0.0489  0.0643  0.9967

PART 69
OFFSET  9.8011 -3.2812 -5.2007
X -0.9659 -0.2380 -0.1021
Y  0.2335 -0.9708  0.0542
Z -0.1120  0.0285  0.9933

PART 70
OFFSET  10.8920 -3.0123 -5.0854
X  0.0721  0.9619  0.2637
Y  0.9974 -0.0693 -0.0202
Z -0.0012  0.2645 -0.9644

PART 71
OFFSET  7.0654 -3.8319 -6.4603
X -0.2507 -0.9602  0.1232
Y  0.9575 -0.2647 -0.1146
Z  0.1427  0.0892  0.9857

PART 72
OFFSET  7.5551 -1.9561 -6.7009
X  0.8329 -0.5483 -0.0752
Y  0.5270  0.8273 -0.1945
Z  0.1689  0.1224  0.9780

PART 73
OFFSET  6.3385 -1.1552 -6.5911
X  0.8763  0.4202 -0.2358
Y -0.4493  0.8894 -0.0847
Z  0.1741  0.1801  0.9681

PART 74
OFFSET  5.3446 -1.6318 -6.3309
X -0.3961 -0.9018  0.1730
Y -0.8924  0.4224  0.1589
Z -0.2164 -0.0914 -0.9720

PART 75
OFFSET  0.0000 -0.0000 -0.0000
X  1.0000 -0.0000  0.0000
Y  0.0000  1.0000  0.0000
Z  0.0000 -0.0000  1.0000

PART 76
OFFSET -0.0000 -0.0000 -0.0000
X  1.0000 -0.0000 -0.0052
Y  0.0003  0.9988  0.0495
Z  0.0052 -0.0495  0.9988

PART 77
OFFSET  1.5618 -0.2048  4.1227
X  1.0000 -0.0000 -0.0052
Y  0.0003  0.9988  0.0495
Z  0.0052 -0.0495  0.9988


FRAME 2088
PART 0
OFFSET  0.0000 -0.0000 -0.0000
X  1.0000 -0.0000  0.0000
Y  0.0000  1.0000  0.0000
Z  0.0000 -0.0000  1.0000

PART 1
OFFSET -4.6318 -0.0000 -1.3770
X  1.0000 -0.0000  0.0000
Y  0.0000  1.0000  0.0000
Z  0.0000 -0.0000  1.0000

PART 2
OFFSET -3.5060  6.3408 -6.7125
X  0.9025 -0.1710 -0.3952
Y -0.0936 -0.9737  0.2077
Z -0.4203 -0.1505 -0.8948

PART 3
OFFSET  7.4091  4.2723 -11.4920
X  0.7087 -0.4039  0.5785
Y -0.6410 -0.0261  0.7671
Z -0.2948 -0.9144 -0.2774

PART 4
OFFSET  13.4368  0.8368 -6.5718
X  0.7087 -0.4039  0.5785
Y -0.2990  0.5707  0.7648
Z -0.6391 -0.7149  0.2837

PART 5
OFFSET  15.4523  1.9192 -5.8716
X  0.7132 -0.4013  0.5747
Y  0.3020  0.9158  0.2647
Z -0.6325 -0.0153  0.7744

PART 6
OFFSET  14.7450 -0.2078 -7.1509
X  0.7132 -0.4013  0.5747
Y  0.3020  0.9158  0.2647
Z -0.6325 -0.0153  0.7744

PART 7
OFFSET  14.2831  1.3036 -3.9636
X  0.7132 -0.4013  0.5747
Y  0.3020  0.9158  0.2647
Z -0.6325 -0.0153  0.7744

PART 8
OFFSET  13.7674 -0.0901 -4.4789
X  0.7132 -0.4013  0.5747
Y  0.3020  0.9158  0.2647
Z -0.6325 -0.0153  0.7744

PART 9
OFFSET  13.5016 -0.9719 -5.4281
X  0.7132 -0.4013  0.5747
Y  0.3020  0.9158  0.2647
Z -0.6325 -0.0153  0.7744

PART 10
OFFSET  15.6093 -0.4014 -4.7985
X  0.9649 -0.2145  0.1515
Y -0.0042  0.5643  0.8256
Z -0.2626 -0.7973  0.5435

PART 11
OFFSET  15.9315 -0.2807 -3.7104
X  0.8912 -0.1231  0.4365
Y -0.0789  0.9058  0.4164
Z -0.4466 -0.4055  0.7975

PART 12
OFFSET  17.8220 -0.4785 -2.6824
X  0.9605 -0.2777  0.0153
Y  0.1863  0.6832  0.7060
Z -0.2065 -0.6753  0.7080

PART 13
OFFSET  19.3384 -1.0432 -2.6206
X  0.9205 -0.1789  0.3474
Y -0.0410  0.8399  0.5412
Z -0.3886 -0.5124  0.7658

PART 14
OFFSET  20.3153 -1.2459 -2.2007
X  0.9207  0.3702 -0.1240
Y -0.2241  0.2412 -0.9442
Z -0.3196  0.8971  0.3051

PART 15
OFFSET  16.3773 -1.3483 -5.4444
X  0.8006 -0.5837 -0.1357
Y -0.4323 -0.7194  0.5437
Z -0.4150 -0.3766 -0.8282

PART 16
OFFSET  18.1835 -2.6931 -5.5620
X -0.1635 -0.4489  0.8785
Y -0.7049  0.6761  0.2143
Z -0.6902 -0.5842 -0.4270

PART 17
OFFSET  17.9520 -3.3287 -4.3183
X -0.4318 -0.1317  0.8923
Y -0.6018  0.7790 -0.1763
Z -0.6718 -0.6131 -0.4156

PART 18
OFFSET  17.5691 -3.4454 -3.5271
X -0.5869  0.1196  0.8008
Y -0.3953  0.8208 -0.4123
Z -0.7066 -0.5585 -0.4345

PART 19
OFFSET  17.0115 -3.3317 -2.7664
X  0.7992 -0.5260 -0.2908
Y -0.0100  0.4721 -0.8815
Z  0.6010  0.7074  0.3720

PART 20
OFFSET  16.6234 -0.9091 -4.9383
X  0.9180 -0.3822 -0.1061
Y -0.2818 -0.8167  0.5036
Z -0.2791 -0.4324 -0.8574

PART 21
OFFSET  18.9110 -2.1315 -5.1144
X -0.0091 -0.7946  0.6071
Y -0.6853  0.4471  0.5749
Z -0.7282 -0.4108 -0.5486

PART 22
OFFSET  18.8955 -3.4843 -4.0808
X -0.5694 -0.0660  0.8194
Y -0.3934  0.8971 -0.2011
Z -0.7218 -0.4368 -0.5368

PART 23
OFFSET  18.1064 -3.5757 -2.9451
X -0.6790  0.2715  0.6821
Y -0.1499  0.8583 -0.4908
Z -0.7187 -0.4355 -0.5421

PART 24
OFFSET  17.3699 -3.2813 -2.2054
X  0.6066 -0.7341 -0.3051
Y  0.2974  0.5655 -0.7693
Z  0.7373  0.3759  0.5613

PART 25
OFFSET  18.4364 -0.5940 -2.7291
X  0.8357 -0.5326  0.1340
Y  0.5312  0.7219 -0.4434
Z  0.1394  0.4417  0.8863

PART 26
OFFSET  19.4635 -0.5153 -3.7873
X  0.5784 -0.8146 -0.0436
Y -0.5950 -0.4578  0.6606
Z -0.5580 -0.3562 -0.7495

PART 27
OFFSET  20.4819 -1.9495 -3.8641
X -0.1619 -0.8937  0.4183
Y -0.8384  0.3482  0.4193
Z -0.5204 -0.2829 -0.8057

PART 28
OFFSET  20.3167 -3.0188 -3.3065
X -0.6403 -0.3754  0.6701
Y -0.5333  0.8451 -0.0362
Z -0.5527 -0.3806 -0.7414

PART 29
OFFSET  19.5934 -3.4428 -2.5496
X  0.5344 -0.7478 -0.3940
Y  0.5195  0.6583 -0.5448
Z  0.6668  0.0865  0.7402

PART 30
OFFSET  19.3181 -1.2475 -4.6016
X  0.2285 -0.8876  0.3999
Y -0.7794  0.0793  0.6214
Z -0.5833 -0.4537 -0.6737

PART 31
OFFSET  19.7646 -2.9815 -3.8203
X -0.5462 -0.3823  0.7453
Y -0.5686  0.8226  0.0051
Z -0.6151 -0.4210 -0.6667

PART 32
OFFSET  18.9667 -3.5399 -2.7317
X -0.7755  0.2001  0.5988
Y -0.0862  0.9060 -0.4144
Z -0.6255 -0.3730 -0.6853

PART 33
OFFSET  18.0840 -3.3165 -2.0580
X  0.6897 -0.7083 -0.1507
Y  0.3854  0.5352 -0.7517
Z  0.6131  0.4604  0.6420

PART 34
OFFSET  17.8275 -2.5019 -4.0042
X -0.3387 -0.4513 -0.8256
Y  0.2626  0.7973 -0.5435
Z  0.9035 -0.4009 -0.1515

PART 35
OFFSET  8.3001 -2.4342 -4.5485
X  0.9962  0.0318  0.0809
Y -0.0447  0.9856  0.1631
Z -0.0745 -0.1661  0.9833

PART 36
OFFSET  8.3001 -2.4342 -4.5485
X  0.9962  0.0318  0.0809
Y -0.0447  0.9856  0.1631
Z -0.0745 -0.1661  0.9833

PART 37
OFFSET  13.4175 -2.9348 -1.8476
X  0.9945  0.0284  0.1010
Y -0.0447  0.9856  0.1631
Z -0.0949 -0.1667  0.9814

PART 38
OFFSET  12.4745 -2.3319 -3.9309
X  0.9962  0.0318  0.0809
Y -0.0447  0.9856  0.1631
Z -0.0745 -0.1661  0.9833

PART 39
OFFSET  7.7239 -2.0773 -6.8635
X  0.9962  0.0318  0.0809
Y -0.0447  0.9856  0.1631
Z -0.0745 -0.1661  0.9833

PART 40
OFFSET  22.2147 -2.1335 -4.7187
X -0.4494 -0.1656  0.8779
Y -0.8922  0.0340 -0.4503
Z  0.0447 -0.9856 -0.1631

PART 41
OFFSET  22.2147 -2.1335 -4.7187
X -0.0447  0.9856  0.1631
Y -0.9962 -0.0318 -0.0809
Z -0.0745 -0.1661  0.9833

PART 42
OFFSET  21.8333 -1.7799 -5.1826
X -0.0447  0.9856  0.1631
Y -0.9962 -0.0318 -0.0809
Z -0.0745 -0.1661  0.9833

PART 43
OFFSET  21.7707 -0.4001 -4.9543
X  0.0113  0.8753 -0.4835
Y -0.9962 -0.0318 -0.0809
Z -0.0862  0.4826  0.8716

PART 44
OFFSET  30.9637  0.1633 -4.6792
X  0.7838 -0.4876  0.3845
Y  0.6185  0.6684 -0.4132
Z -0.0556  0.5617  0.8255

PART 45
OFFSET -12.3053 -10.2232 -6.1842
X -0.9363  0.3491  0.0393
Y -0.1166 -0.4144  0.9026
Z  0.3313  0.8405  0.4287

PART 46
OFFSET -0.9821 -14.4448 -6.6594
X -0.4074 -0.9084  0.0937
Y  0.9107 -0.4118 -0.0330
Z  0.0686  0.0719  0.9951

PART 47
OFFSET  2.4830 -6.7183 -7.4561
X -0.4074 -0.9084  0.0937
Y -0.1016 -0.0569 -0.9932
Z  0.9076 -0.4142 -0.0691

PART 48
OFFSET  2.3675 -5.2175 -8.7597
X -0.4130 -0.9062  0.0909
Y -0.0808 -0.0630 -0.9947
Z  0.9072 -0.4181 -0.0472

PART 49
OFFSET  1.7324 -4.4391 -8.0679
X -0.4130 -0.9062  0.0909
Y -0.0808 -0.0630 -0.9947
Z  0.9072 -0.4181 -0.0472

PART 50
OFFSET  1.9957 -4.3106 -6.7311
X -0.4130 -0.9062  0.0909
Y -0.0808 -0.0630 -0.9947
Z  0.9072 -0.4181 -0.0472

PART 51
OFFSET  3.7320 -3.9333 -7.7433
X -0.9251 -0.1266 -0.3580
Y  0.3621 -0.0094 -0.9321
Z  0.1146 -0.9919  0.0545

PART 52
OFFSET  3.7517 -3.4600 -6.7052
X -0.4262 -0.5948 -0.6816
Y  0.6259  0.3502 -0.6969
Z  0.6532 -0.7236  0.2230

PART 53
OFFSET  4.5725 -2.1712 -5.1771
X -0.9026 -0.4139  0.1181
Y  0.0259 -0.3261 -0.9450
Z  0.4296 -0.8499  0.3051

PART 54
OFFSET  5.9832 -1.4273 -5.4583
X -0.5936 -0.1785  0.7847
Y -0.5934 -0.5615 -0.5766
Z  0.5435 -0.8080  0.2274

PART 55
OFFSET  6.6103 -1.1878 -6.3074
X -0.9096  0.2716  0.3143
Y  0.1075  0.8848 -0.4533
Z -0.4012 -0.3786 -0.8341

PART 56
OFFSET  4.8793 -3.6358 -8.4495
X -0.9355 -0.3361  0.1092
Y  0.3455 -0.9347  0.0835
Z  0.0740  0.1159  0.9905

PART 57
OFFSET  6.9497 -2.7493 -8.5608
X -0.0667 -0.9924 -0.1035
Y  0.9710 -0.0407 -0.2355
Z  0.2295 -0.1162  0.9663

PART 58
OFFSET  7.0441 -1.3443 -8.4142
X  0.8111 -0.5242 -0.2593
Y  0.5489  0.8354  0.0279
Z  0.2020 -0.1650  0.9654

PART 59
OFFSET  6.3250 -0.8795 -8.1843
X  0.9101  0.3747 -0.1769
Y -0.3441  0.9213  0.1813
Z  0.2309 -0.1041  0.9674

PART 60
OFFSET  5.4603 -1.2355 -8.0162
X -0.5135 -0.8499 -0.1184
Y -0.8162  0.4412  0.3729
Z -0.2647  0.2881 -0.9203

PART 61
OFFSET  4.8582 -3.7402 -7.7436
X -0.9573 -0.2776 -0.0800
Y  0.2684 -0.9570  0.1098
Z -0.1071  0.0837  0.9907

PART 62
OFFSET  7.3647 -3.0532 -7.6807
X -0.1024 -0.9947  0.0102
Y  0.9664 -0.1019 -0.2358
Z  0.2356 -0.0143  0.9717

PART 63
OFFSET  7.5390 -1.3597 -7.6980
X  0.9136 -0.3388 -0.2246
Y  0.3388  0.9400 -0.0397
Z  0.2246 -0.0398  0.9736

PART 64
OFFSET  6.2728 -0.8901 -7.3867
X  0.8300  0.5327 -0.1654
Y -0.5131  0.8454  0.1482
Z  0.2188 -0.0381  0.9750

PART 65
OFFSET  5.3726 -1.4679 -7.2073
X -0.3761 -0.9213  0.0988
Y -0.9050  0.3882  0.1742
Z -0.1989 -0.0239 -0.9797

PART 66
OFFSET -0.3629 -4.9838 -8.4161
X -0.9086 -0.3931 -0.1414
Y -0.3642  0.9112 -0.1926
Z  0.2046 -0.1235 -0.9710

PART 67
OFFSET  7.1062 -3.8016 -5.6249
X -0.9650 -0.2147 -0.1507
Y  0.2206 -0.9751 -0.0230
Z -0.1421 -0.0554  0.9883

PART 68
OFFSET  8.8051 -3.4235 -5.3595
X -0.9582 -0.2466 -0.1452
Y  0.2441 -0.9691  0.0351
Z -0.1494 -0.0018  0.9888

PART 69
OFFSET  9.9609 -3.1239 -5.1229
X -0.9442 -0.2506 -0.2137
Y  0.2531 -0.9673  0.0164
Z -0.2108 -0.0386  0.9768

PART 70
OFFSET  11.0274 -2.8408 -4.8815
X  0.0196  0.9440  0.3295
Y  0.9960 -0.0473  0.0762
Z  0.0875  0.3267 -0.9411

PART 71
OFFSET  7.3797 -3.6474 -6.6841
X -0.2357 -0.9711  0.0368
Y  0.9709 -0.2369 -0.0338
Z  0.0416  0.0277  0.9988

PART 72
OFFSET  7.8402 -1.7502 -6.7559
X  0.8507 -0.5250 -0.0251
Y  0.5213  0.8488 -0.0880
Z  0.0675  0.0618  0.9958

PART 73
OFFSET  6.5976 -0.9834 -6.7193
X  0.8837  0.4526 -0.1194
Y -0.4625  0.8836 -0.0736
Z  0.0722  0.1202  0.9901

PART 74
OFFSET  5.5959 -1.4962 -6.5911
X -0.3869 -0.9191  0.0752
Y -0.9148  0.3928  0.0943
Z -0.1162 -0.0323 -0.9927

PART 75
OFFSET  0.0000 -0.0000 -0.0000
X  1.0000 -0.0000  0.0000
Y  0.0000  1.0000  0.0000
Z  0.0000 -0.0000  1.0000

PART 76
OFFSET -0.0000 -0.0000 -0.0000
X  0.9994 -0.0000 -0.0349
Y  0.0030  0.9964  0.0847
Z  0.0348 -0.0848  0.9958

PART 77
OFFSET  1.6833 -0.3506  4.0646
X  0.9994 -0.0000 -0.0349
Y  0.0030  0.9964  0.0847
Z  0.0348 -0.0848  0.9958


FRAME 2089
PART 0
OFFSET  0.0000 -0.0000 -0.0000
X  1.0000 -0.0000  0.0000
Y  0.0000  1.0000  0.0000
Z  0.0000 -0.0000  1.0000

PART 1
OFFSET -4.6318 -0.0000 -1.3770
X  1.0000 -0.0000  0.0000
Y  0.0000  1.0000  0.0000
Z  0.0000 -0.0000  1.0000

PART 2
OFFSET -3.5060  6.3408 -6.7125
X  0.9291 -0.1149 -0.3515
Y -0.0848 -0.9914  0.1000
Z -0.3599 -0.0631 -0.9308

PART 3
OFFSET  7.7307  4.9514 -10.9633
X  0.6839 -0.4501  0.5741
Y -0.6830 -0.1185  0.7207
Z -0.2564 -0.8851 -0.3884

PART 4
OFFSET  13.5479  1.1231 -6.0800
X  0.6839 -0.4501  0.5741
Y -0.3052  0.5383  0.7856
Z -0.6626 -0.7125  0.2308

PART 5
OFFSET  15.4936  2.1611 -5.1521
X  0.6887 -0.4470  0.5709
Y  0.2643  0.8879  0.3764
Z -0.6752 -0.1083  0.7296

PART 6
OFFSET  14.9119  0.1691 -6.6864
X  0.6887 -0.4470  0.5709
Y  0.2643  0.8879  0.3764
