// Export filename: `C:\projects\cod\t5\xanim_export\t5_viewmodels\ak47\ak47_masterkey_sprint_in.XANIM_EXPORT`
// Source filename: `D:\projects\devanim\t5\animation_assets\viewmodels/ak47/ViewModel_AK47_MasterKey_animated.fbx`
// Export time: Wed Jul 07 18:24:10 2010

ANIMATION
VERSION 3

NUMPARTS 77
PART 0 "tag_ads"
PART 1 "tag_torso"
PART 2 "J_Shoulder_LE"
PART 3 "J_Elbow_LE"
PART 4 "J_WristTwist_LE"
PART 5 "J_Sleave_Reshape_Bottom_LE_1"
PART 6 "J_Sleave_Reshape_Bottom_LE_2"
PART 7 "J_Sleave_Reshape_Top_LE_1"
PART 8 "J_Sleave_Reshape_Top_LE_2"
PART 9 "J_Sleave_Reshape_Top_LE_3"
PART 10 "J_Wrist_LE"
PART 11 "J_Thumb_LE_0"
PART 12 "J_Thumb_LE_1"
PART 13 "J_Thumb_LE_2"
PART 14 "J_Thumb_LE_3"
PART 15 "J_PinkyPalm_LE"
PART 16 "J_Pinky_LE_0"
PART 17 "J_Pinky_LE_1"
PART 18 "J_Pinky_LE_2"
PART 19 "J_Pinky_LE_3"
PART 20 "J_RingPalm_LE"
PART 21 "J_Ring_LE_0"
PART 22 "J_Ring_LE_1"
PART 23 "J_Ring_LE_2"
PART 24 "J_Ring_LE_3"
PART 25 "J_Webbing_LE"
PART 26 "J_Index_LE_0"
PART 27 "J_Index_LE_1"
PART 28 "J_Index_LE_2"
PART 29 "J_Index_LE_3"
PART 30 "J_Mid_LE_0"
PART 31 "J_Mid_LE_1"
PART 32 "J_Mid_LE_2"
PART 33 "J_Mid_LE_3"
PART 34 "tag_knife_attach"
PART 35 "tag_weapon"
PART 36 "J_Gun"
PART 37 "J_bolt"
PART 38 "tag_masterkey"
PART 39 "tag_brass2"
PART 40 "tag_ammo2"
PART 41 "tag_pump2"
PART 42 "TAG_CLIP"
PART 43 "TAG_FLASH"
PART 44 "J_Shoulder_RI"
PART 45 "J_Elbow_RI"
PART 46 "J_WristTwist_RI"
PART 47 "J_Sleave_Reshape_Top_RI_3"
PART 48 "J_Sleave_Reshape_Top_RI_2"
PART 49 "J_Sleave_Reshape_Top_RI_1"
PART 50 "J_Wrist_RI"
PART 51 "J_Thumb_RI_0"
PART 52 "J_Thumb_RI_1"
PART 53 "J_Thumb_RI_2"
PART 54 "J_Thumb_RI_3"
PART 55 "J_PinkyPalm_RI"
PART 56 "J_Pinky_RI_0"
PART 57 "J_Pinky_RI_1"
PART 58 "J_Pinky_RI_2"
PART 59 "J_Pinky_RI_3"
PART 60 "J_RingPalm_RI"
PART 61 "J_Ring_RI_0"
PART 62 "J_Ring_RI_1"
PART 63 "J_Ring_RI_2"
PART 64 "J_Ring_RI_3"
PART 65 "J_Webbing_RI"
PART 66 "J_Index_RI_0"
PART 67 "J_Index_RI_1"
PART 68 "J_Index_RI_2"
PART 69 "J_Index_RI_3"
PART 70 "J_Mid_RI_0"
PART 71 "J_Mid_RI_1"
PART 72 "J_Mid_RI_2"
PART 73 "J_Mid_RI_3"
PART 74 "tag_cambone"
PART 75 "tag_camera"
PART 76 "tag_gasmask"

FRAMERATE 30
NUMFRAMES 11

FRAME 2000
PART 0
OFFSET  0.0000 -0.0000 -0.0000
X  1.0000 -0.0000  0.0000
Y  0.0000  1.0000  0.0000
Z  0.0000 -0.0000  1.0000

PART 1
OFFSET -4.6318 -0.0000 -1.3770
X  1.0000 -0.0000  0.0000
Y  0.0000  1.0000  0.0000
Z  0.0000 -0.0000  1.0000

PART 2
OFFSET -3.5060  6.3408 -6.7125
X  0.8865 -0.1673 -0.4314
Y -0.1462 -0.9859  0.0819
Z -0.4390 -0.0095 -0.8984

PART 3
OFFSET  7.2155  4.3173 -11.9296
X  0.8349 -0.4712  0.2844
Y -0.4252 -0.2241  0.8769
Z -0.3494 -0.8531 -0.3875

PART 4
OFFSET  14.3169  0.3097 -9.5106
X  0.8349 -0.4712  0.2844
Y  0.1211  0.6614  0.7402
Z -0.5369 -0.5836  0.6092

PART 5
OFFSET  16.4369  1.3441 -9.1112
X  0.8384 -0.4676  0.2802
Y  0.3532  0.8575  0.3740
Z -0.4152 -0.2146  0.8841

PART 6
OFFSET  15.4423 -0.5096 -10.6061
X  0.8384 -0.4676  0.2802
Y  0.3532  0.8575  0.3740
Z -0.4152 -0.2146  0.8841

PART 7
OFFSET  15.7943  0.2751 -7.1541
X  0.8384 -0.4676  0.2802
Y  0.3532  0.8575  0.3740
Z -0.4152 -0.2146  0.8841

PART 8
OFFSET  15.1740 -1.0101 -7.8156
X  0.8384 -0.4676  0.2802
Y  0.3532  0.8575  0.3740
Z -0.4152 -0.2146  0.8841

PART 9
OFFSET  14.6818 -1.6899 -8.8379
X  0.8384 -0.4676  0.2802
Y  0.3532  0.8575  0.3740
Z -0.4152 -0.2146  0.8841

PART 10
OFFSET  16.8765 -1.1348 -8.6387
X  0.9667 -0.2298  0.1127
Y  0.0805  0.6910  0.7184
Z -0.2430 -0.6854  0.6864

PART 11
OFFSET  17.2893 -0.8528 -7.6129
X  0.9184 -0.0615  0.3909
Y -0.0432  0.9664  0.2535
Z -0.3933 -0.2497  0.8848

PART 12
OFFSET  19.2449 -0.9030 -6.6948
X  0.9437 -0.3298 -0.0251
Y  0.2857  0.7745  0.5643
Z -0.1667 -0.5398  0.8252

PART 13
OFFSET  20.7326 -1.5421 -6.6767
X  0.9406 -0.0697  0.3324
Y -0.0586  0.9308  0.3609
Z -0.3345 -0.3589  0.8713

PART 14
OFFSET  21.7335 -1.6180 -6.2712
X  0.8971  0.3709 -0.2400
Y -0.2715  0.0344 -0.9618
Z -0.3485  0.9280  0.1315

PART 15
OFFSET  17.5592 -2.2076 -9.1738
X  0.7680 -0.6332 -0.0962
Y -0.4096 -0.6010  0.6863
Z -0.4924 -0.4877 -0.7209

PART 16
OFFSET  19.3063 -3.6330 -9.2008
X -0.1061 -0.2919  0.9505
Y -0.6634  0.7329  0.1510
Z -0.7407 -0.6146 -0.2714

PART 17
OFFSET  19.1560 -4.0463 -7.8551
X -0.4439  0.1933  0.8750
Y -0.5218  0.7381 -0.4278
Z -0.7285 -0.6464 -0.2268

PART 18
OFFSET  18.7625 -3.8749 -7.0793
X -0.5733  0.4170  0.7053
Y -0.3118  0.6850 -0.6584
Z -0.7577 -0.5974 -0.2627

PART 19
OFFSET  18.2178 -3.4787 -6.4092
X  0.7438 -0.6626 -0.0881
Y  0.0378  0.1733 -0.9841
Z  0.6673  0.7287  0.1539

PART 20
OFFSET  17.8593 -1.7033 -8.7675
X  0.8938 -0.4350 -0.1092
Y -0.2660 -0.7102  0.6518
Z -0.3611 -0.5535 -0.7505

PART 21
OFFSET  20.0851 -3.0391 -8.9082
X  0.0148 -0.6837  0.7296
Y -0.6220  0.5650  0.5421
Z -0.7829 -0.4618 -0.4169

PART 22
OFFSET  20.1103 -4.2031 -7.6660
X -0.5330  0.1666  0.8295
Y -0.3361  0.8580 -0.3883
Z -0.7765 -0.4858 -0.4014

PART 23
OFFSET  19.3715 -3.9722 -6.5164
X -0.6242  0.4724  0.6223
Y -0.1102  0.7353 -0.6687
Z -0.7735 -0.4860 -0.4069

PART 24
OFFSET  18.6946 -3.4599 -5.8415
X  0.5363 -0.8310 -0.1479
Y  0.3008  0.3519 -0.8864
Z  0.7886  0.4309  0.4387

PART 25
OFFSET  19.8541 -1.1135 -6.7827
X  0.8264 -0.5404  0.1580
Y  0.5163  0.6155 -0.5955
Z  0.2246  0.5737  0.7877

PART 26
OFFSET  20.7943 -1.2544 -7.9129
X  0.5468 -0.8358  0.0493
Y -0.5539 -0.3169  0.7699
Z -0.6279 -0.4483 -0.6362

PART 27
OFFSET  21.7570 -2.7259 -7.8261
X -0.2216 -0.7651  0.6046
Y -0.7769  0.5132  0.3647
Z -0.5893 -0.3889 -0.7081

PART 28
OFFSET  21.5234 -3.6324 -7.0480
X -0.6341 -0.1587  0.7568
Y -0.4525  0.8698 -0.1967
Z -0.6270 -0.4672 -0.6233

PART 29
OFFSET  20.8072 -3.8117 -6.1932
X  0.4385 -0.8649 -0.2441
Y  0.5477  0.4725 -0.6905
Z  0.7126  0.1691  0.6809

PART 30
OFFSET  20.5603 -2.1024 -8.5811
X  0.2318 -0.8198  0.5236
Y -0.7237  0.2144  0.6560
Z -0.6500 -0.5310 -0.5436

PART 31
OFFSET  21.0131 -3.7039 -7.5582
X -0.5233 -0.2120  0.8254
Y -0.5206  0.8464 -0.1127
Z -0.6747 -0.4886 -0.5532

PART 32
OFFSET  20.2488 -4.0136 -6.3526
X -0.7276  0.3501  0.5899
Y -0.0590  0.8248 -0.5623
Z -0.6834 -0.4440 -0.5795

PART 33
OFFSET  19.4199 -3.6208 -5.6882
X  0.6393 -0.7669 -0.0561
Y  0.3711  0.3716 -0.8510
Z  0.6735  0.5232  0.5222

PART 34
OFFSET  19.0838 -3.1747 -7.6743
X -0.4185 -0.5643 -0.7116
Y  0.2430  0.6854 -0.6864
Z  0.8751 -0.4602 -0.1498

PART 35
OFFSET  8.2563 -2.6698 -4.5431
X  1.0000 -0.0000  0.0000
Y  0.0000  1.0000  0.0000
Z  0.0000 -0.0000  1.0000

PART 36
OFFSET  8.2563 -2.6698 -4.5431
X  1.0000 -0.0000  0.0000
Y  0.0000  1.0000  0.0000
Z  0.0000 -0.0000  1.0000

PART 37
OFFSET  13.5569 -2.9515 -2.1857
X  0.9998 -0.0000  0.0204
Y  0.0000  1.0000 -0.0000
Z -0.0204  0.0000  0.9998

PART 38
OFFSET  17.4869 -2.6705 -6.9618
X  1.0000  0.0000  0.0000
Y -0.0000  1.0000  0.0000
Z  0.0000 -0.0000  1.0000

PART 39
OFFSET  22.6684 -3.0070 -5.1959
X  0.9183  0.3286 -0.2208
Y -0.0000 -0.5577 -0.8300
Z -0.3959  0.7622 -0.5122

PART 40
OFFSET -4.5544 -2.6555 -5.9406
X  0.9157 -0.0000  0.4019
Y  0.0000  1.0000 -0.0000
Z -0.4019  0.0000  0.9157

PART 41
OFFSET  27.6088 -2.6705 -9.0182
X  0.0000 -1.0000 -0.0000
Y  1.0000  0.0000 -0.0000
Z  0.0000 -0.0000  1.0000

PART 42
OFFSET  12.4681 -2.6548 -4.2640
X  1.0000 -0.0000  0.0000
Y  0.0000  1.0000  0.0000
Z  0.0000 -0.0000  1.0000

PART 43
OFFSET  31.8688 -2.6540 -3.4824
X  1.0000 -0.0000  0.0000
Y  0.0000  1.0000  0.0000
Z  0.0000 -0.0000  1.0000

PART 44
OFFSET -17.6076 -4.8127 -7.0611
X -0.8933  0.0570  0.4458
Y -0.2146 -0.9256 -0.3117
Z  0.3949 -0.3741  0.8391

PART 45
OFFSET -6.8040 -5.5017 -12.4528
X -0.8818 -0.0897 -0.4630
Y  0.4713 -0.1330 -0.8719
Z  0.0166 -0.9871  0.1595

PART 46
OFFSET  0.6961 -4.7390 -8.5146
X -0.8818 -0.0897 -0.4630
Y  0.4716 -0.1611 -0.8670
Z  0.0031 -0.9829  0.1844

PART 47
OFFSET  1.6239 -3.3379 -7.4465
X -0.8846 -0.0859 -0.4583
Y -0.0209  0.9892 -0.1452
Z  0.4659 -0.1189 -0.8768

PART 48
OFFSET  1.5394 -3.8726 -6.3534
X -0.8846 -0.0859 -0.4583
Y -0.0209  0.9892 -0.1452
Z  0.4659 -0.1189 -0.8768

PART 49
OFFSET  1.7163 -5.2227 -6.2156
X -0.8846 -0.0859 -0.4583
Y -0.0209  0.9892 -0.1452
Z  0.4659 -0.1189 -0.8768

PART 50
OFFSET  3.3994 -4.4641 -7.0951
X -0.9546 -0.1418 -0.2621
Y  0.2850 -0.1775 -0.9420
Z  0.0871 -0.9739  0.2098

PART 51
OFFSET  3.5180 -3.8292 -6.1544
X -0.4986 -0.6783 -0.5397
Y  0.5783  0.2035 -0.7900
Z  0.6457 -0.7060  0.2908

PART 52
OFFSET  4.5003 -2.3465 -4.9270
X -0.9028 -0.3483  0.2521
Y -0.0610 -0.4767 -0.8770
Z  0.4256 -0.8071  0.4091

PART 53
OFFSET  5.9065 -1.7222 -5.4322
X -0.5336 -0.0214  0.8455
Y -0.6557 -0.6209 -0.4295
Z  0.5342 -0.7836  0.3173

PART 54
OFFSET  6.4702 -1.6527 -6.3537
X -0.8721  0.3596  0.3318
Y  0.0986  0.7934 -0.6007
Z -0.4792 -0.4912 -0.7274

PART 55
OFFSET  4.4947 -4.3373 -7.9244
X -0.9338 -0.2716  0.2329
Y  0.3213 -0.9230  0.2116
Z  0.1575  0.2724  0.9492

PART 56
OFFSET  6.5764 -3.5742 -8.3354
X -0.1064 -0.9920  0.0680
Y  0.9470 -0.1219 -0.2972
Z  0.3031  0.0328  0.9524

PART 57
OFFSET  6.7270 -2.1698 -8.4316
X  0.7704 -0.5952 -0.2284
Y  0.5756  0.8034 -0.1522
Z  0.2741 -0.0142  0.9616

PART 58
OFFSET  6.0439 -1.6420 -8.2291
X  0.9043  0.2998 -0.3040
Y -0.2988  0.9530  0.0509
Z  0.3049  0.0448  0.9513

PART 59
OFFSET  5.1848 -1.9269 -7.9403
X -0.5482 -0.8340  0.0630
Y -0.7690  0.5322  0.3543
Z -0.3290  0.1458 -0.9330

PART 60
OFFSET  4.5274 -4.3242 -7.2114
X -0.9690 -0.2439  0.0388
Y  0.2458 -0.9373  0.2469
Z -0.0239  0.2488  0.9683

PART 61
OFFSET  7.0513 -3.7488 -7.4505
X -0.1328 -0.9741  0.1828
Y  0.9405 -0.1821 -0.2870
Z  0.3128  0.1338  0.9403

PART 62
OFFSET  7.2774 -2.0903 -7.7617
X  0.8812 -0.4114 -0.2327
Y  0.3642  0.9048 -0.2204
Z  0.3012  0.1095  0.9472

PART 63
OFFSET  6.0561 -1.5201 -7.4392
X  0.8304  0.4610 -0.3130
Y -0.4723  0.8804  0.0436
Z  0.2956  0.1116  0.9488

PART 64
OFFSET  5.1555 -2.0201 -7.0997
X -0.3960 -0.8751  0.2782
Y -0.8751  0.4514  0.1743
Z -0.2781 -0.1744 -0.9446

PART 65
OFFSET -0.7678 -5.4262 -7.2769
X -0.9291 -0.3699 -0.0061
Y -0.3495  0.8829 -0.3136
Z  0.1213 -0.2892 -0.9496

PART 66
OFFSET  6.9363 -4.1397 -5.2854
X -0.9870 -0.0151 -0.1603
Y -0.0017 -0.9946  0.1040
Z -0.1610  0.1029  0.9816

PART 67
OFFSET  8.6740 -4.1131 -5.0032
X -0.3664 -0.9261  0.0899
Y  0.9173 -0.3433  0.2020
Z -0.1562  0.1565  0.9753

PART 68
OFFSET  9.1099 -2.9777 -5.0533
X  0.0489 -0.9944  0.0936
Y  0.9855  0.0633  0.1577
Z -0.1627  0.0845  0.9830

PART 69
OFFSET  9.0547 -1.8545 -5.1590
X -0.9513  0.2903  0.1037
Y  0.2703  0.9472 -0.1728
Z -0.1484 -0.1363 -0.9795

PART 70
OFFSET  7.1281 -4.1726 -6.3729
X -0.2627 -0.9406  0.2150
Y  0.9570 -0.2824 -0.0663
Z  0.1231  0.1883  0.9744

PART 71
OFFSET  7.6413 -2.3351 -6.7929
X  0.8288 -0.5596 -0.0009
Y  0.5392  0.7990 -0.2664
Z  0.1498  0.2203  0.9639

PART 72
OFFSET  6.4307 -1.5177 -6.7917
X  0.8851  0.3871 -0.2584
Y -0.4386  0.8795 -0.1846
Z  0.1558  0.2767  0.9482

PART 73
OFFSET  5.4269 -1.9575 -6.5058
X -0.4085 -0.8763  0.2554
Y -0.8912  0.4434  0.0957
Z -0.1971 -0.1885 -0.9621

PART 74
OFFSET  0.0000 -0.0000 -0.0000
X  1.0000 -0.0000  0.0000
Y  0.0000  1.0000  0.0000
Z  0.0000 -0.0000  1.0000

PART 75
OFFSET  0.0000 -0.0000 -0.0000
X  1.0000 -0.0000  0.0000
Y  0.0000  1.0000  0.0000
Z  0.0000 -0.0000  1.0000

PART 76
OFFSET  1.5404 -0.0000  4.1357
X  1.0000 -0.0000  0.0000
Y  0.0000  1.0000  0.0000
Z  0.0000 -0.0000  1.0000


FRAME 2001
PART 0
OFFSET  0.0000 -0.0000 -0.0000
X  1.0000 -0.0000  0.0000
Y  0.0000  1.0000  0.0000
Z  0.0000 -0.0000  1.0000

PART 1
OFFSET -4.6318 -0.0000 -1.3770
X  1.0000 -0.0000  0.0000
Y  0.0000  1.0000  0.0000
Z  0.0000 -0.0000  1.0000

PART 2
OFFSET -3.5060  6.3408 -6.7125
X  0.8642 -0.1495 -0.4805
Y -0.1297 -0.9888  0.0745
Z -0.4862 -0.0020 -0.8738

PART 3
OFFSET  6.9450  4.5326 -12.5237
X  0.8381 -0.4742  0.2696
Y -0.4105 -0.2227  0.8843
Z -0.3593 -0.8518 -0.3813

PART 4
OFFSET  14.0734  0.4991 -10.2307
X  0.8381 -0.4742  0.2696
Y  0.1863  0.7133  0.6757
Z -0.5127 -0.5161  0.6861

PART 5
OFFSET  16.2039  1.5258 -9.8687
X  0.8415 -0.4706  0.2654
Y  0.3629  0.8562  0.3678
Z -0.4003 -0.2132  0.8912

PART 6
OFFSET  15.1764 -0.3242 -11.3459
X  0.8415 -0.4706  0.2654
Y  0.3629  0.8562  0.3678
Z -0.4003 -0.2132  0.8912

PART 7
OFFSET  15.5921  0.4588 -7.9006
X  0.8415 -0.4706  0.2654
Y  0.3629  0.8562  0.3678
Z -0.4003 -0.2132  0.8912

PART 8
OFFSET  14.9555 -0.8240 -8.5512
X  0.8415 -0.4706  0.2654
Y  0.3629  0.8562  0.3678
Z -0.4003 -0.2132  0.8912

PART 9
OFFSET  14.4430 -1.5019 -9.5646
X  0.8415 -0.4706  0.2654
Y  0.3629  0.8562  0.3678
Z -0.4003 -0.2132  0.8912

PART 10
OFFSET  16.6428 -0.9548 -9.4042
X  0.9835 -0.1615  0.0815
Y  0.0696  0.7537  0.6536
Z -0.1670 -0.6371  0.7525

PART 11
OFFSET  17.0839 -0.5617 -8.4278
X  0.9376  0.0269  0.3467
Y -0.0926  0.9803  0.1743
Z -0.3352 -0.1956  0.9216

PART 12
OFFSET  19.0792 -0.4166 -7.6110
X  0.9606 -0.2741 -0.0463
Y  0.2617  0.8358  0.4826
Z -0.0936 -0.4757  0.8746

PART 13
OFFSET  20.6038 -0.9622 -7.6166
X  0.9574  0.0156  0.2882
Y -0.1013  0.9532  0.2848
Z -0.2703 -0.3019  0.9142

PART 14
OFFSET  21.6251 -0.9430 -7.2582
X  0.8595  0.4019 -0.3158
Y -0.3173 -0.0649 -0.9461
Z -0.4007  0.9134  0.0717

PART 15
OFFSET  17.3667 -2.0272 -9.8829
X  0.8014 -0.5924 -0.0828
Y -0.3385 -0.5631  0.7539
Z -0.4932 -0.5761 -0.6518

PART 16
OFFSET  19.1976 -3.3435 -9.8815
X -0.0434 -0.2149  0.9757
Y -0.7008  0.7026  0.1236
Z -0.7120 -0.6784 -0.1810

PART 17
OFFSET  19.1362 -3.6477 -8.5002
X -0.4142  0.2410  0.8777
Y -0.5868  0.6665 -0.4599
Z -0.6958 -0.7055 -0.1346

PART 18
OFFSET  18.7689 -3.4340 -7.7220
X -0.5652  0.4412  0.6970
Y -0.3848  0.6063 -0.6959
Z -0.7297 -0.6616 -0.1729

PART 19
OFFSET  18.2320 -3.0148 -7.0598
X  0.7794 -0.6224 -0.0713
Y -0.0190  0.0902 -0.9957
Z  0.6262  0.7775  0.0585

PART 20
OFFSET  17.6526 -1.4729 -9.5358
X  0.9136 -0.3890 -0.1187
Y -0.1900 -0.6661  0.7212
Z -0.3596 -0.6364 -0.6824

PART 21
OFFSET  19.9498 -2.6814 -9.6796
X  0.0918 -0.6164  0.7820
Y -0.6308  0.5717  0.5247
Z -0.7705 -0.5415 -0.3363

PART 22
OFFSET  20.1062 -3.7309 -8.3481
X -0.5035  0.2053  0.8392
Y -0.4075  0.8001 -0.4402
Z -0.7619 -0.5636 -0.3192

PART 23
OFFSET  19.4083 -3.4464 -7.1850
X -0.6233  0.4861  0.6125
Y -0.1876  0.6675 -0.7206
Z -0.7591 -0.5641 -0.3249

PART 24
OFFSET  18.7323 -2.9192 -6.5207
X  0.5805 -0.8073 -0.1062
Y  0.2364  0.2919 -0.9268
Z  0.7792  0.5129  0.3603

PART 25
OFFSET  19.6957 -0.5975 -7.7120
X  0.8655 -0.4749  0.1595
Y  0.4481  0.5916 -0.6702
Z  0.2239  0.6515  0.7248

PART 26
OFFSET  20.5896 -0.7789 -8.8735
X  0.6003 -0.7946  0.0903
Y -0.4965 -0.2818  0.8210
Z -0.6270 -0.5377 -0.5637

PART 27
OFFSET  21.6466 -2.1780 -8.7145
X -0.1446 -0.7219  0.6767
Y -0.7901  0.4959  0.3602
Z -0.5956 -0.4826 -0.6421

PART 28
OFFSET  21.5070 -3.0263 -7.8529
X -0.5872 -0.1300  0.7989
Y -0.5151  0.8214 -0.2449
Z -0.6244 -0.5553 -0.5493

PART 29
OFFSET  20.8437 -3.1732 -6.9505
X  0.4805 -0.8554 -0.1935
Y  0.4843  0.4428 -0.7546
Z  0.7311  0.2689  0.6270

PART 30
OFFSET  20.3793 -1.6936 -9.4562
X  0.3073 -0.7566  0.5771
Y -0.7047  0.2266  0.6723
Z -0.6395 -0.6134 -0.4635

PART 31
OFFSET  20.9796 -3.1716 -8.3287
X -0.4699 -0.1711  0.8660
Y -0.5780  0.8011 -0.1553
Z -0.6672 -0.5735 -0.4754

PART 32
OFFSET  20.2933 -3.4216 -7.0638
X -0.7203  0.3555  0.5957
Y -0.1374  0.7686 -0.6248
Z -0.6800 -0.5318 -0.5047

PART 33
OFFSET  19.4728 -3.0232 -6.3923
X  0.6835 -0.7295 -0.0254
Y  0.3068  0.3187 -0.8968
Z  0.6624  0.6052  0.4416

PART 34
OFFSET  19.0173 -2.7697 -8.3888
X -0.4143 -0.6472 -0.6399
Y  0.1670  0.6371 -0.7525
Z  0.8947 -0.4186 -0.1559

PART 35
OFFSET  8.3361 -2.6410 -4.7573
X  0.9969  0.0593 -0.0515
Y -0.0635  0.9945 -0.0829
Z  0.0463  0.0859  0.9952

PART 36
OFFSET  8.3361 -2.6410 -4.7573
X  0.9969  0.0593 -0.0515
Y -0.0635  0.9945 -0.0829
Z  0.0463  0.0859  0.9952

PART 37
OFFSET  13.7472 -2.4041 -2.6605
X  0.9976  0.0611 -0.0311
Y -0.0635  0.9945 -0.0829
Z  0.0259  0.0847  0.9961

PART 38
OFFSET  17.4263 -2.3018 -7.6394
X  0.9969  0.0593 -0.0515
Y -0.0635  0.9945 -0.0829
Z  0.0463  0.0859  0.9952

PART 39
OFFSET  22.6949 -2.1774 -6.1207
X  0.8844  0.3623 -0.2942
Y -0.0030 -0.6260 -0.7798
Z -0.4667  0.6905 -0.5525

PART 40
OFFSET -4.5006 -3.5068 -5.4901
X  0.9314  0.0889  0.3529
Y -0.0635  0.9945 -0.0829
Z -0.3583  0.0548  0.9320

PART 41
OFFSET  27.4218 -1.8779 -10.2068
X  0.0635 -0.9945  0.0829
Y  0.9969  0.0593 -0.0515
Z  0.0463  0.0859  0.9952

PART 42
OFFSET  12.5468 -2.3522 -4.6975
X  0.9969  0.0593 -0.0515
Y -0.0635  0.9945 -0.0829
Z  0.0463  0.0859  0.9952

PART 43
OFFSET  31.9237 -1.1333 -4.9180
X  0.9969  0.0593 -0.0515
Y -0.0635  0.9945 -0.0829
Z  0.0463  0.0859  0.9952

PART 44
OFFSET -16.9313 -5.5028 -6.9492
X -0.8739  0.0979  0.4761
Y -0.2247 -0.9500 -0.2170
Z  0.4311 -0.2966  0.8522

PART 45
OFFSET -6.3623 -6.6873 -12.7074
X -0.8515 -0.1516 -0.5020
Y  0.5238 -0.1977 -0.8286
Z  0.0264 -0.9685  0.2477

PART 46
OFFSET  0.8797 -5.3977 -8.4375
X -0.8515 -0.1516 -0.5020
Y  0.5231 -0.1772 -0.8337
Z  0.0374 -0.9724  0.2302

PART 47
OFFSET  1.7165 -3.8857 -7.4483
X -0.8546 -0.1475 -0.4979
Y -0.0315  0.9718 -0.2339
Z  0.5183 -0.1842 -0.8351

PART 48
OFFSET  1.5789 -4.3240 -6.3183
X -0.8546 -0.1475 -0.4979
Y -0.0315  0.9718 -0.2339
Z  0.5183 -0.1842 -0.8351

PART 49
OFFSET  1.7736 -5.6520 -6.0508
X -0.8546 -0.1475 -0.4979
Y -0.0315  0.9718 -0.2339
Z  0.5183 -0.1842 -0.8351

PART 50
OFFSET  3.4900 -4.9328 -6.8984
X -0.9547 -0.2202 -0.2000
Y  0.2518 -0.2405 -0.9374
Z  0.1583 -0.9453  0.2851

PART 51
OFFSET  3.6115 -4.2136 -6.0209
X -0.4790 -0.7505 -0.4553
Y  0.5270  0.1689 -0.8329
Z  0.7020 -0.6389  0.3147

PART 52
OFFSET  4.5535 -2.5752 -4.9729
X -0.8663 -0.3783  0.3262
Y -0.0711 -0.5530 -0.8301
Z  0.4945 -0.7423  0.4522

PART 53
OFFSET  5.8923 -1.9144 -5.5997
X -0.4915  0.0197  0.8707
Y -0.6341 -0.6933 -0.3423
Z  0.5969 -0.7203  0.3532

PART 54
OFFSET  6.4073 -1.8909 -6.5516
X -0.8769  0.3344  0.3453
Y  0.0201  0.7433 -0.6687
Z -0.4802 -0.5794 -0.6585

PART 55
OFFSET  4.5356 -4.8130 -7.7906
X -0.9029 -0.3055  0.3024
Y  0.3886 -0.8808  0.2706
Z  0.1836  0.3618  0.9140

PART 56
OFFSET  6.5433 -3.9659 -8.3700
X -0.0400 -0.9870  0.1554
Y  0.9381 -0.0906 -0.3344
Z  0.3442  0.1324  0.9295

PART 57
OFFSET  6.6000 -2.5684 -8.5900
X  0.7953 -0.5659 -0.2176
Y  0.5158  0.8201 -0.2477
Z  0.3186  0.0847  0.9441

PART 58
OFFSET  5.8948 -2.0667 -8.3970
X  0.8684  0.3257 -0.3739
Y -0.3560  0.9344 -0.0130
Z  0.3452  0.1444  0.9274

PART 59
OFFSET  5.0698 -2.3761 -8.0418
X -0.4906 -0.8566  0.1600
Y -0.7840  0.5141  0.3480
Z -0.3804  0.0453 -0.9237

PART 60
OFFSET  4.6003 -4.7368 -7.0838
X -0.9488 -0.2967  0.1087
Y  0.3160 -0.8964  0.3108
Z  0.0052  0.3292  0.9442

PART 61
OFFSET  7.0689 -4.0353 -7.4993
X -0.0621 -0.9610  0.2695
Y  0.9358 -0.1499 -0.3189
Z  0.3469  0.2324  0.9087

PART 62
OFFSET  7.1746 -2.3992 -7.9582
X  0.8939 -0.3769 -0.2428
Y  0.2955  0.9026 -0.3131
Z  0.3372  0.2081  0.9181

PART 63
OFFSET  5.9358 -1.8769 -7.6216
X  0.7841  0.4808 -0.3924
Y -0.5247  0.8513 -0.0053
Z  0.3315  0.2101  0.9198

PART 64
OFFSET  5.0854 -2.3984 -7.1960
X -0.3264 -0.8699  0.3698
Y -0.8930  0.4120  0.1811
Z -0.3099 -0.2711 -0.9113

PART 65
OFFSET -0.6117 -6.1525 -6.7852
X -0.9030 -0.4235  0.0724
Y -0.4189  0.8304 -0.3673
Z  0.0954 -0.3620 -0.9273

PART 66
OFFSET  7.0791 -4.2449 -5.3063
X -0.9904 -0.0873 -0.1075
Y  0.0663 -0.9803  0.1860
Z -0.1216  0.1771  0.9766

PART 67
OFFSET  8.8228 -4.0911 -5.1171
X -0.3023 -0.9351  0.1851
Y  0.9455 -0.2696  0.1823
Z -0.1205  0.2301  0.9657

PART 68
OFFSET  9.1830 -2.9404 -5.2834
X  0.1162 -0.9780  0.1731
Y  0.9857  0.1350  0.1010
Z -0.1221  0.1589  0.9797

PART 69
OFFSET  9.0518 -1.8357 -5.4789
X -0.9620  0.2412  0.1281
Y  0.2013  0.9432 -0.2643
Z -0.1846 -0.2285 -0.9559

PART 70
OFFSET  7.2221 -4.3597 -6.3958
X -0.1923 -0.9326  0.3055
Y  0.9689 -0.2298 -0.0918
Z  0.1558  0.2783  0.9478

PART 71
OFFSET  7.5977 -2.5378 -6.9925
X  0.8617 -0.5074  0.0028
Y  0.4745  0.8037 -0.3591
Z  0.1799  0.3108  0.9333

PART 72
OFFSET  6.3391 -1.7966 -6.9967
X  0.8458  0.4153 -0.3348
Y -0.5016  0.8329 -0.2340
Z  0.1816  0.3659  0.9128

PART 73
OFFSET  5.3795 -2.2690 -6.6241
X -0.3398 -0.8738  0.3479
Y -0.9122  0.3963  0.1043
Z -0.2290 -0.2818 -0.9317

PART 74
OFFSET  0.0000 -0.0000 -0.0000
X  1.0000 -0.0000  0.0000
Y  0.0000  1.0000  0.0000
Z  0.0000 -0.0000  1.0000

PART 75
OFFSET  0.0000 -0.0000 -0.0000
X  1.0000 -0.0000  0.0000
Y  0.0000  1.0000  0.0000
Z  0.0000 -0.0000  1.0000

PART 76
OFFSET  1.5404 -0.0000  4.1357
X  1.0000 -0.0000  0.0000
Y  0.0000  1.0000  0.0000
Z  0.0000 -0.0000  1.0000


FRAME 2002
PART 0
OFFSET  0.0000 -0.0000 -0.0000
X  1.0000 -0.0000  0.0000
Y  0.0000  1.0000  0.0000
Z  0.0000 -0.0000  1.0000

PART 1
OFFSET -4.6318 -0.0000 -1.3770
X  1.0000 -0.0000  0.0000
Y  0.0000  1.0000  0.0000
Z  0.0000 -0.0000  1.0000

PART 2
OFFSET -3.5060  6.3408 -6.7125
X  0.8261 -0.1630 -0.5394
Y -0.0966 -0.9840  0.1494
Z -0.5552 -0.0713 -0.8287

PART 3
OFFSET  6.4850  4.3696 -13.2361
X  0.8580 -0.4425  0.2608
Y -0.3603 -0.1567  0.9196
Z -0.3660 -0.8830 -0.2939

PART 4
OFFSET  13.7830  0.6063 -11.0183
X  0.8580 -0.4425  0.2608
Y  0.2185  0.7740  0.5943
Z -0.4648 -0.4530  0.7608

PART 5
OFFSET  15.9140  1.6813 -10.8518
X  0.8611 -0.4392  0.2561
Y  0.3688  0.8864  0.2799
Z -0.3499 -0.1466  0.9253

PART 6
OFFSET  14.8383 -0.2904 -12.1230
X  0.8611 -0.4392  0.2561
Y  0.3688  0.8864  0.2799
Z -0.3499 -0.1466  0.9253

PART 7
OFFSET  15.4219  0.7663 -8.7765
X  0.8611 -0.4392  0.2561
Y  0.3688  0.8864  0.2799
Z -0.3499 -0.1466  0.9253

PART 8
OFFSET  14.7714 -0.5706 -9.2899
X  0.8611 -0.4392  0.2561
Y  0.3688  0.8864  0.2799
Z -0.3499 -0.1466  0.9253

PART 9
OFFSET  14.2167 -1.3318 -10.2185
X  0.8611 -0.4392  0.2561
Y  0.3688  0.8864  0.2799
Z -0.3499 -0.1466  0.9253

PART 10
OFFSET  16.4135 -0.7501 -10.2189
X  0.9958 -0.0792  0.0469
Y  0.0377  0.8155  0.5775
Z -0.0840 -0.5733  0.8150

PART 11
OFFSET  16.8633 -0.2341 -9.3058
X  0.9465  0.1297  0.2954
Y -0.1621  0.9828  0.0880
Z -0.2789 -0.1311  0.9513

PART 12
OFFSET  18.8742  0.1365 -8.6067
X  0.9764 -0.2045 -0.0689
Y  0.2150  0.8953  0.3901
Z -0.0181 -0.3957  0.9182

PART 13
OFFSET  20.4356 -0.2914 -8.6383
X  0.9644  0.1159  0.2376
Y -0.1655  0.9656  0.2004
Z -0.2062 -0.2326  0.9505

PART 14
OFFSET  21.4663 -0.1602 -8.3345
X  0.8103  0.4340 -0.3938
Y -0.3508 -0.1792 -0.9192
Z -0.4695  0.8829  0.0070

PART 15
OFFSET  17.1988 -1.8062 -10.6328
X  0.8414 -0.5362 -0.0678
Y -0.2608 -0.5126  0.8180
Z -0.4734 -0.6706 -0.5711

PART 16
OFFSET  19.1262 -2.9762 -10.6017
X  0.0149 -0.1234  0.9922
Y -0.7480  0.6572  0.0930
Z -0.6635 -0.7436 -0.0825

PART 17
OFFSET  19.1473 -3.1509 -9.1969
X -0.3938  0.2918  0.8716
Y -0.6566  0.5744 -0.4889
Z -0.6433 -0.7648 -0.0346

PART 18
OFFSET  18.7981 -2.8922 -8.4241
X -0.5677  0.4621  0.6814
Y -0.4609  0.5074 -0.7281
Z -0.6821 -0.7274 -0.0750

PART 19
OFFSET  18.2588 -2.4533 -7.7768
X  0.8222 -0.5667 -0.0532
Y -0.0689 -0.0062 -0.9976
Z  0.5650  0.8239 -0.0441

PART 20
OFFSET  17.4546 -1.2016 -10.3525
X  0.9355 -0.3293 -0.1278
Y -0.1060 -0.6068  0.7877
Z -0.3369 -0.7234 -0.6026

PART 21
OFFSET  19.8318 -2.2437 -10.4989
X  0.1731 -0.5307  0.8297
Y -0.6510  0.5705  0.5007
Z -0.7391 -0.6268 -0.2467

PART 22
OFFSET  20.1265 -3.1472 -9.0863
X -0.4818  0.2459  0.8411
Y -0.4876  0.7222 -0.4905
Z -0.7281 -0.6465 -0.2281

PART 23
OFFSET  19.4587 -2.8063 -7.9207
X -0.6328  0.4939  0.5963
Y -0.2705  0.5806 -0.7679
Z -0.7255 -0.6473 -0.2338

PART 24
OFFSET  18.7724 -2.2707 -7.2740
X  0.6373 -0.7682 -0.0614
Y  0.1725  0.2199 -0.9602
Z  0.7511  0.6013  0.2726

PART 25
OFFSET  19.4979 -0.0068 -8.7203
X  0.9062 -0.3917  0.1591
Y  0.3711  0.5570 -0.7430
Z  0.2024  0.7324  0.6501

PART 26
OFFSET  20.3531 -0.2306 -9.9033
X  0.6642 -0.7356  0.1329
Y -0.4374 -0.2383  0.8671
Z -0.6062 -0.6341 -0.4801

PART 27
OFFSET  21.5226 -1.5258 -9.6693
X -0.0590 -0.6626  0.7467
Y -0.8106  0.4683  0.3516
Z -0.5826 -0.5845 -0.5647

PART 28
OFFSET  21.4862 -2.2958 -8.7273
X -0.5412 -0.0957  0.8354
Y -0.5874  0.7539 -0.2942
Z -0.6017 -0.6499 -0.4643

PART 29
OFFSET  20.8749 -2.4040 -7.7837
X  0.5372 -0.8322 -0.1370
Y  0.4162  0.4028 -0.8152
Z  0.7336  0.3809  0.5628

PART 30
OFFSET  20.1910 -1.2097 -10.3886
X  0.3903 -0.6732  0.6280
Y -0.6912  0.2364  0.6829
Z -0.6082 -0.7006 -0.3731

PART 31
OFFSET  20.9535 -2.5249 -9.1618
X -0.4174 -0.1229  0.9004
Y -0.6456  0.7373 -0.1987
Z -0.6395 -0.6643 -0.3871

PART 32
OFFSET  20.3439 -2.7044 -7.8466
X -0.7199  0.3554  0.5962
Y -0.2245  0.6935 -0.6845
Z -0.6568 -0.6267 -0.4195

PART 33
OFFSET  19.5240 -2.3068 -7.1739
X  0.7374 -0.6754  0.0069
Y  0.2418  0.2544 -0.9364
Z  0.6307  0.6922  0.3509

PART 34
OFFSET  18.9648 -2.2780 -9.1609
X -0.3888 -0.7342 -0.5566
Y  0.0840  0.5733 -0.8150
Z  0.9175 -0.3636 -0.1612

PART 35
OFFSET  8.4708 -2.6016 -5.0300
X  0.9860  0.1284 -0.1062
Y -0.1452  0.9746 -0.1703
Z  0.0816  0.1834  0.9797

PART 36
OFFSET  8.4708 -2.6016 -5.0300
X  0.9860  0.1284 -0.1062
Y -0.1452  0.9746 -0.1703
Z  0.0816  0.1834  0.9797

PART 37
OFFSET  13.9306 -1.7634 -3.2353
X  0.9875  0.1321 -0.0861
Y -0.1452  0.9746 -0.1703
Z  0.0614  0.1807  0.9816

PART 38
OFFSET  17.3752 -1.8609 -8.3793
X  0.9860  0.1284 -0.1062
Y -0.1452  0.9746 -0.1703
Z  0.0816  0.1834  0.9797

PART 39
OFFSET  22.6772 -1.2000 -7.1420
X  0.8397  0.3976 -0.3698
Y  0.0133 -0.6958 -0.7181
Z -0.5428  0.5981 -0.5896

PART 40
OFFSET -4.2771 -4.4882 -5.0417
X  0.9357  0.1912  0.2966
Y -0.1452  0.9746 -0.1703
Z -0.3216  0.1163  0.9397

PART 41
OFFSET  27.1879 -0.9388 -11.4683
X  0.1452 -0.9746  0.1703
Y  0.9860  0.1284 -0.1062
Z  0.0816  0.1834  0.9797

PART 42
OFFSET  12.6444 -1.9951 -5.2063
X  0.9860  0.1284 -0.1062
Y -0.1452  0.9746 -0.1703
Z  0.0816  0.1834  0.9797

PART 43
OFFSET  31.8377  0.6392 -6.5001
X  0.9860  0.1284 -0.1062
Y -0.1452  0.9746 -0.1703
Z  0.0816  0.1834  0.9797

PART 44
OFFSET -16.1347 -6.3156 -6.8175
X -0.8586  0.1636  0.4857
Y -0.2273 -0.9709 -0.0748
Z  0.4594 -0.1747  0.8709

PART 45
OFFSET -5.7503 -8.2945 -12.6921
X -0.8197 -0.2465 -0.5171
Y  0.5715 -0.2912 -0.7672
Z  0.0386 -0.9244  0.3796

PART 46
OFFSET  1.2213 -6.1976 -8.2941
X -0.8197 -0.2465 -0.5171
Y  0.5634 -0.1835 -0.8056
Z  0.1037 -0.9516  0.2893

PART 47
OFFSET  1.9653 -4.5383 -7.4829
X -0.8231 -0.2420 -0.5137
Y -0.0445  0.9293 -0.3666
Z  0.5661 -0.2789 -0.7757

PART 48
OFFSET  1.7799 -4.8231 -6.3114
X -0.8231 -0.2420 -0.5137
Y -0.0445  0.9293 -0.3666
Z  0.5661 -0.2789 -0.7757

PART 49
OFFSET  1.9948 -6.0951 -5.8546
X -0.8231 -0.2420 -0.5137
Y -0.0445  0.9293 -0.3666
Z  0.5661 -0.2789 -0.7757

PART 50
OFFSET  3.7341 -5.4417 -6.7089
X -0.9420 -0.3088 -0.1313
Y  0.2299 -0.3091 -0.9228
Z  0.2444 -0.8995  0.3622

PART 51
OFFSET  3.8356 -4.6352 -5.9080
X -0.4372 -0.8241 -0.3603
Y  0.4762  0.1277 -0.8700
Z  0.7630 -0.5519  0.3366

PART 52
OFFSET  4.6891 -2.8390 -5.0625
X -0.8191 -0.4091  0.4022
Y -0.0625 -0.6332 -0.7714
Z  0.5703 -0.6570  0.4931

PART 53
OFFSET  5.9437 -2.1427 -5.8130
X -0.4540  0.0657  0.8886
Y -0.5914 -0.7681 -0.2454
Z  0.6664 -0.6369  0.3876

PART 54
OFFSET  6.4143 -2.1715 -6.7874
X -0.8851  0.2993  0.3564
Y -0.0670  0.6757 -0.7341
Z -0.4606 -0.6736 -0.5780

PART 55
OFFSET  4.7280 -5.3297 -7.6591
X -0.8623 -0.3419  0.3736
Y  0.4681 -0.8196  0.3304
Z  0.1932  0.4598  0.8668

PART 56
OFFSET  6.6363 -4.3941 -8.4127
X  0.0447 -0.9680  0.2469
Y  0.9272 -0.0518 -0.3709
Z  0.3718  0.2455  0.8953

PART 57
OFFSET  6.5730 -3.0236 -8.7623
X  0.8275 -0.5231 -0.2042
Y  0.4385  0.8290 -0.3471
Z  0.3508  0.1977  0.9153

PART 58
OFFSET  5.8394 -2.5598 -8.5812
X  0.8233  0.3525 -0.4449
Y -0.4289  0.8998 -0.0807
Z  0.3718  0.2573  0.8920

PART 59
OFFSET  5.0572 -2.8947 -8.1586
X -0.4143 -0.8716  0.2620
Y -0.8066  0.4849  0.3380
Z -0.4217 -0.0713 -0.9039

PART 60
OFFSET  4.8165 -5.1819 -6.9664
X -0.9169 -0.3550  0.1824
Y  0.3986 -0.8367  0.3755
Z  0.0194  0.4170  0.9087

PART 61
OFFSET  7.2022 -4.3410 -7.5665
X  0.0254 -0.9329  0.3591
Y  0.9304 -0.1094 -0.3500
Z  0.3658  0.3430  0.8652

PART 62
OFFSET  7.1589 -2.7527 -8.1779
X  0.9097 -0.3305 -0.2514
Y  0.2098  0.8882 -0.4087
Z  0.3584  0.3191  0.8773

PART 63
OFFSET  5.8981 -2.2946 -7.8295
X  0.7263  0.4985 -0.4733
Y -0.5900  0.8054 -0.0571
Z  0.3527  0.3207  0.8790

PART 64
OFFSET  5.1104 -2.8352 -7.3162
X -0.2407 -0.8527  0.4636
Y -0.9142  0.3596  0.1868
Z -0.3260 -0.3789 -0.8661

PART 65
OFFSET -0.2500 -6.9476 -6.2808
X -0.8629 -0.4809  0.1557
Y -0.4984  0.7582 -0.4205
Z  0.0842 -0.4404 -0.8938

PART 66
OFFSET  7.3221 -4.3397 -5.3668
X -0.9841 -0.1708 -0.0497
Y  0.1513 -0.9505  0.2715
Z -0.0936  0.2596  0.9612

PART 67
OFFSET  9.0547 -4.0390 -5.2793
X -0.2195 -0.9331  0.2847
Y  0.9708 -0.1798  0.1590
Z -0.0972  0.3113  0.9453

PART 68
OFFSET  9.3156 -2.8857 -5.5680
X  0.2003 -0.9457  0.2559
Y  0.9754  0.2171  0.0391
Z -0.0925  0.2418  0.9659

PART 69
OFFSET  9.0894 -1.8174 -5.8570
X -0.9717  0.1799  0.1531
Y  0.1148  0.9261 -0.3593
Z -0.2064 -0.3315 -0.9206

PART 70
OFFSET  7.4273 -4.5466 -6.4469
X -0.1049 -0.9110  0.3987
Y  0.9792 -0.1646 -0.1184
Z  0.1735  0.3780  0.9094

PART 71
OFFSET  7.6322 -2.7669 -7.2258
X  0.8984 -0.4392  0.0065
Y  0.3939  0.7990 -0.4543
Z  0.1944  0.4107  0.8908

PART 72
OFFSET  6.3200 -2.1254 -7.2353
X  0.7954  0.4435 -0.4130
Y -0.5752  0.7671 -0.2841
Z  0.1908  0.4636  0.8653

PART 73
OFFSET  5.4174 -2.6304 -6.7738
X -0.2547 -0.8596  0.4429
Y -0.9353  0.3353  0.1128
Z -0.2455 -0.3855 -0.8895

PART 74
OFFSET  0.0000 -0.0000 -0.0000
X  1.0000 -0.0000  0.0000
Y  0.0000  1.0000  0.0000
Z  0.0000 -0.0000  1.0000

PART 75
OFFSET  0.0000 -0.0000 -0.0000
X  1.0000 -0.0000  0.0000
Y  0.0000  1.0000  0.0000
Z  0.0000 -0.0000  1.0000

PART 76
OFFSET  1.5404 -0.0000  4.1357
X  1.0000 -0.0000  0.0000
Y  0.0000  1.0000  0.0000
Z  0.0000 -0.0000  1.0000


FRAME 2003
PART 0
OFFSET  0.0000 -0.0000 -0.0000
X  1.0000 -0.0000  0.0000
Y  0.0000  1.0000  0.0000
Z  0.0000 -0.0000  1.0000

PART 1
OFFSET -4.6318 -0.0000 -1.3770
X  1.0000 -0.0000  0.0000
Y  0.0000  1.0000  0.0000
Z  0.0000 -0.0000  1.0000

PART 2
OFFSET -3.5060  6.3408 -6.7125
X  0.7810 -0.1979 -0.5924
Y -0.0460 -0.9641  0.2615
Z -0.6229 -0.1770 -0.7620

PART 3
OFFSET  5.9390  3.9470 -13.8766
X  0.8882 -0.3883  0.2457
Y -0.2894 -0.0574  0.9555
Z -0.3569 -0.9197 -0.1634

PART 4
OFFSET  13.4931  0.6440 -11.7867
X  0.8882 -0.3883  0.2457
Y  0.2265  0.8352  0.5012
Z -0.3999 -0.3895  0.8297

PART 5
OFFSET  15.5945  1.7820 -11.9013
X  0.8908 -0.3855  0.2405
Y  0.3586  0.9215  0.1489
Z -0.2790 -0.0464  0.9592

PART 6
OFFSET  14.4966 -0.3493 -12.8564
X  0.8908 -0.3855  0.2405
Y  0.3586  0.9215  0.1489
Z -0.2790 -0.0464  0.9592

PART 7
OFFSET  15.2795  1.1028 -9.7045
X  0.8908 -0.3855  0.2405
Y  0.3586  0.9215  0.1489
Z -0.2790 -0.0464  0.9592

PART 8
OFFSET  14.6382 -0.2999 -10.0127
X  0.8908 -0.3855  0.2405
Y  0.3586  0.9215  0.1489
Z -0.2790 -0.0464  0.9592

PART 9
OFFSET  14.0446 -1.1770 -10.8050
X  0.8908 -0.3855  0.2405
Y  0.3586  0.9215  0.1489
Z -0.2790 -0.0464  0.9592

PART 10
OFFSET  16.2159 -0.5466 -11.0334
X  0.9999  0.0124  0.0100
Y -0.0157  0.8695  0.4937
Z -0.0026 -0.4937  0.8696

PART 11
OFFSET  16.6494  0.0954 -10.1954
X  0.9410  0.2401  0.2383
Y -0.2470  0.9690 -0.0008
Z -0.2311 -0.0581  0.9712

PART 12
OFFSET  18.6426  0.7070 -9.6272
X  0.9879 -0.1247 -0.0925
Y  0.1465  0.9454  0.2910
Z  0.0512 -0.3010  0.9522

PART 13
OFFSET  20.2344  0.4156 -9.6872
X  0.9573  0.2248  0.1818
Y -0.2474  0.9624  0.1123
Z -0.1497 -0.1525  0.9769

PART 14
OFFSET  21.2585  0.6682 -9.4440
X  0.7518  0.4623 -0.4702
Y -0.3650 -0.3020 -0.8807
Z -0.5491  0.8337 -0.0583

PART 15
OFFSET  17.0783 -1.5669 -11.3777
X  0.8835 -0.4655 -0.0528
Y -0.1842 -0.4488  0.8745
Z -0.4308 -0.7628 -0.4822

PART 16
OFFSET  19.1035 -2.5567 -11.3190
X  0.0609 -0.0211  0.9979
Y -0.8004  0.5964  0.0614
Z -0.5964 -0.8024  0.0195

PART 17
OFFSET  19.1897 -2.5865 -9.9061
X -0.3866  0.3425  0.8563
Y -0.7229  0.4640 -0.5120
Z -0.5727 -0.8170  0.0682

PART 18
OFFSET  18.8469 -2.2828 -9.1469
X -0.5817  0.4772  0.6587
Y -0.5310  0.3906 -0.7519
Z -0.6162 -0.7872  0.0262

PART 19
OFFSET  18.2943 -1.8295 -8.5211
X  0.8674 -0.4964 -0.0356
Y -0.1044 -0.1117 -0.9882
Z  0.4866  0.8609 -0.1487

PART 20
OFFSET  17.2881 -0.9174 -11.1689
X  0.9563 -0.2582 -0.1368
Y -0.0224 -0.5316  0.8467
Z -0.2914 -0.8067 -0.5142

PART 21
OFFSET  19.7431 -1.7593 -11.3191
X  0.2496 -0.4278  0.8687
Y -0.6815  0.5598  0.4715
Z -0.6880 -0.7097 -0.1518

PART 22
OFFSET  20.1681 -2.4877 -9.8401
X -0.4714  0.2863  0.8342
Y -0.5681  0.6248 -0.5355
Z -0.6745 -0.7264 -0.1319

PART 23
OFFSET  19.5147 -2.0909 -8.6840
X -0.6525  0.4942  0.5744
Y -0.3499  0.4759 -0.8069
Z -0.6721 -0.7275 -0.1376

PART 24
OFFSET  18.8070 -1.5549 -8.0611
X  0.7014 -0.7125 -0.0164
Y  0.1166  0.1374 -0.9836
Z  0.7031  0.6880  0.1795

PART 25
OFFSET  19.2719  0.6075 -9.7525
X  0.9431 -0.2938  0.1558
Y  0.2924  0.5096 -0.8092
Z  0.1584  0.8087  0.5665

PART 26
OFFSET  20.1011  0.3409 -10.9451
X  0.7320 -0.6587  0.1741
Y -0.3830 -0.1864  0.9047
Z -0.5635 -0.7290 -0.3887

PART 27
OFFSET  21.3899 -0.8187 -10.6385
X  0.0268 -0.5862  0.8097
Y -0.8364  0.4305  0.3393
Z -0.5474 -0.6864 -0.4788

PART 28
OFFSET  21.4557 -1.4897 -9.6250
X -0.5013 -0.0562  0.8634
Y -0.6622  0.6673 -0.3410
Z -0.5570 -0.7427 -0.3717

PART 29
OFFSET  20.8894 -1.5532 -8.6498
X  0.6043 -0.7930 -0.0778
Y  0.3501  0.3520 -0.8681
Z  0.7157  0.4973  0.4903

PART 30
OFFSET  20.0110 -0.6922 -11.3257
X  0.4718 -0.5705  0.6723
Y -0.6849  0.2431  0.6869
Z -0.5553 -0.7845 -0.2760

PART 31
OFFSET  20.9327 -1.8067 -10.0124
X -0.3715 -0.0680  0.9259
Y -0.7167  0.6550 -0.2395
Z -0.5902 -0.7526 -0.2921

PART 32
OFFSET  20.3900 -1.9061 -8.6600
X -0.7269  0.3492  0.5913
Y -0.3115  0.5997 -0.7371
Z -0.6120 -0.7200 -0.3272

PART 33
OFFSET  19.5626 -1.5161 -7.9921
X  0.7955 -0.6047  0.0383
Y  0.1833  0.1798 -0.9665
Z  0.5776  0.7759  0.2539

PART 34
OFFSET  18.9312 -1.7340 -9.9470
X -0.3404 -0.8172 -0.4650
Y  0.0026  0.4937 -0.8696
Z  0.9403 -0.2972 -0.1659

PART 35
OFFSET  8.6638 -2.5484 -5.3416
X  0.9659  0.2019 -0.1618
Y -0.2388  0.9364 -0.2572
Z  0.0996  0.2871  0.9527

PART 36
OFFSET  8.6638 -2.5484 -5.3416
X  0.9659  0.2019 -0.1618
Y -0.2388  0.9364 -0.2572
Z  0.0996  0.2871  0.9527

PART 37
OFFSET  14.0859 -1.0650 -3.8810
X  0.9678  0.2077 -0.1423
Y -0.2388  0.9364 -0.2572
Z  0.0798  0.2829  0.9558

PART 38
OFFSET  17.3393 -1.3798 -9.1395
X  0.9659  0.2019 -0.1618
Y -0.2388  0.9364 -0.2572
Z  0.0996  0.2871  0.9527

PART 39
OFFSET  22.6005 -0.1417 -8.2091
X  0.7866  0.4297 -0.4435
Y  0.0505 -0.7606 -0.6473
Z -0.6154  0.4867 -0.6200

PART 40
OFFSET -3.8533 -5.5228 -4.6036
X  0.9245  0.3003  0.2347
Y -0.2388  0.9364 -0.2572
Z -0.2971  0.1818  0.9374

PART 41
OFFSET  26.9116  0.0735 -12.7367
X  0.2388 -0.9364  0.2572
Y  0.9659  0.2019 -0.1618
Z  0.0996  0.2871  0.9527

PART 42
OFFSET  12.7563 -1.6038 -5.7612
X  0.9659  0.2019 -0.1618
Y -0.2388  0.9364 -0.2572
Z  0.0996  0.2871  0.9527

PART 43
OFFSET  31.5740  2.5385 -8.1563
X  0.9659  0.2019 -0.1618
Y -0.2388  0.9364 -0.2572
Z  0.0996  0.2871  0.9527

PART 44
OFFSET -15.2630 -7.2051 -6.6733
X -0.8524  0.2559  0.4560
Y -0.2226 -0.9667  0.1264
Z  0.4732  0.0062  0.8810

PART 45
OFFSET -4.9544 -10.3001 -12.1883
X -0.7865 -0.3766 -0.4894
Y  0.6156 -0.4144 -0.6703
Z  0.0497 -0.8285  0.5578

PART 46
OFFSET  1.7354 -7.0966 -8.0257
X -0.7865 -0.3766 -0.4894
Y  0.5830 -0.1915 -0.7896
Z  0.2036 -0.9063  0.3702

PART 47
OFFSET  2.3886 -5.2811 -7.5335
X -0.7903 -0.3717 -0.4871
Y -0.0563  0.8357 -0.5463
Z  0.6101 -0.4043 -0.6814

PART 48
OFFSET  2.1577 -5.3352 -6.3370
X -0.7903 -0.3717 -0.4871
Y -0.0563  0.8357 -0.5463
Z  0.6101 -0.4043 -0.6814

PART 49
OFFSET  2.3906 -6.4819 -5.6272
X -0.7903 -0.3717 -0.4871
Y -0.0563  0.8357 -0.5463
Z  0.6101 -0.4043 -0.6814

PART 50
OFFSET  4.1466 -5.9419 -6.5254
X -0.9143 -0.4008 -0.0587
Y  0.2239 -0.3791 -0.8979
Z  0.3376 -0.8341  0.4363

PART 51
OFFSET  4.2033 -5.0534 -5.8116
X -0.3734 -0.8908 -0.2590
Y  0.4313  0.0805 -0.8986
Z  0.8213 -0.4472  0.3542

PART 52
OFFSET  4.9203 -3.1142 -5.1827
X -0.7638 -0.4361  0.4759
Y -0.0324 -0.7105 -0.7030
Z  0.6446 -0.5524  0.5285

PART 53
OFFSET  6.0792 -2.3908 -6.0521
X -0.4261  0.1150  0.8973
Y -0.5278 -0.8372 -0.1434
Z  0.7347 -0.5347  0.4174

PART 54
OFFSET  6.5153 -2.4765 -7.0392
X -0.8953  0.2559  0.3647
Y -0.1541  0.5903 -0.7923
Z -0.4180 -0.7655 -0.4891

PART 55
OFFSET  5.0918 -5.8402 -7.5253
X -0.8139 -0.3760  0.4429
Y  0.5518 -0.7387  0.3871
Z  0.1816  0.5594  0.8087

PART 56
OFFSET  6.8794 -4.8233 -8.4500
X  0.1409 -0.9308  0.3372
Y  0.9143 -0.0083 -0.4050
Z  0.3798  0.3654  0.8499

PART 57
OFFSET  6.6799 -3.5055 -8.9274
X  0.8636 -0.4674 -0.1892
Y  0.3490  0.8248 -0.4448
Z  0.3639  0.3181  0.8754

PART 58
OFFSET  5.9142 -3.0911 -8.7596
X  0.7716  0.3760 -0.5131
Y -0.5112  0.8466 -0.1483
Z  0.3786  0.3767  0.8454

PART 59
OFFSET  5.1812 -3.4483 -8.2722
X -0.3240 -0.8735  0.3633
Y -0.8346  0.4448  0.3251
Z -0.4455 -0.1978 -0.8731

PART 60
OFFSET  5.1913 -5.6166 -6.8547
X -0.8739 -0.4129  0.2565
Y  0.4859 -0.7572  0.4366
Z  0.0140  0.5062  0.8623

PART 61
OFFSET  7.4680 -4.6368 -7.6389
X  0.1226 -0.8865  0.4462
Y  0.9233 -0.0630 -0.3788
Z  0.3639  0.4585  0.8108

PART 62
OFFSET  7.2593 -3.1276 -8.3987
X  0.9263 -0.2741 -0.2585
Y  0.1138  0.8575 -0.5017
Z  0.3592  0.4353  0.8255

PART 63
OFFSET  5.9755 -2.7477 -8.0404
X  0.6608  0.5094 -0.5512
Y -0.6621  0.7415 -0.1085
Z  0.3534  0.4366  0.8273

PART 64
OFFSET  5.2588 -3.3002 -7.4427
X -0.1458 -0.8195  0.5542
Y -0.9358  0.2961  0.1915
Z -0.3211 -0.4907 -0.8100

PART 65
OFFSET  0.3330 -7.7364 -5.7767
X -0.8097 -0.5357  0.2397
Y -0.5797  0.6662 -0.4693
Z  0.0917 -0.5189 -0.8499

PART 66
OFFSET  7.6659 -4.4044 -5.4571
X -0.9657 -0.2594  0.0109
Y  0.2463 -0.9018  0.3552
Z -0.0823  0.3457  0.9347

PART 67
OFFSET  9.3661 -3.9476 -5.4763
X -0.1238 -0.9153  0.3832
Y  0.9881 -0.0782  0.1323
Z -0.0911  0.3950  0.9141

PART 68
OFFSET  9.5111 -2.8109 -5.8866
X  0.2940 -0.8944  0.3371
Y  0.9525  0.3035 -0.0255
Z -0.0795  0.3286  0.9411

PART 69
OFFSET  9.1789 -1.8006 -6.2673
X -0.9779  0.1096  0.1780
Y  0.0176  0.8919 -0.4520
Z -0.2083 -0.4388 -0.8741

PART 70
OFFSET  7.7506 -4.7088 -6.5157
X -0.0077 -0.8721  0.4893
Y  0.9852 -0.0903 -0.1454
Z  0.1710  0.4810  0.8599

PART 71
OFFSET  7.7657 -3.0052 -7.4716
X  0.9341 -0.3569  0.0090
Y  0.3035  0.7805 -0.5466
Z  0.1881  0.5133  0.8374

PART 72
OFFSET  6.4013 -2.4838 -7.4848
X  0.7368  0.4670 -0.4890
Y -0.6521  0.6820 -0.3311
Z  0.1789  0.5628  0.8070

PART 73
OFFSET  5.5652 -3.0163 -6.9369
X -0.1599 -0.8297  0.5349
Y -0.9572  0.2627  0.1213
Z -0.2412 -0.4926 -0.8362

PART 74
OFFSET  0.0000 -0.0000 -0.0000
X  1.0000 -0.0000  0.0000
Y  0.0000  1.0000  0.0000
Z  0.0000 -0.0000  1.0000

PART 75
OFFSET  0.0000 -0.0000 -0.0000
X  1.0000 -0.0000  0.0000
Y  0.0000  1.0000  0.0000
Z  0.0000 -0.0000  1.0000

PART 76
OFFSET  1.5404 -0.0000  4.1357
X  1.0000 -0.0000  0.0000
Y  0.0000  1.0000  0.0000
Z  0.0000 -0.0000  1.0000


FRAME 2004
PART 0
OFFSET  0.0000 -0.0000 -0.0000
X  1.0000 -0.0000  0.0000
Y  0.0000  1.0000  0.0000
Z  0.0000 -0.0000  1.0000

PART 1
OFFSET -4.6318 -0.0000 -1.3770
X  1.0000 -0.0000  0.0000
Y  0.0000  1.0000  0.0000
Z  0.0000 -0.0000  1.0000

PART 2
OFFSET -3.5060  6.3408 -6.7125
X  0.7415 -0.2338 -0.6289
Y  0.0100 -0.9334  0.3587
Z -0.6709 -0.2722 -0.6897

PART 3
OFFSET  5.4611  3.5133 -14.3189
X  0.9171 -0.3345  0.2170
Y -0.2188  0.0330  0.9752
Z -0.3333 -0.9418 -0.0430

PART 4
OFFSET  13.2612  0.6685 -12.4729
X  0.9171 -0.3345  0.2170
Y  0.2297  0.8881  0.3981
Z -0.3259 -0.3152  0.8913

PART 5
OFFSET  15.3057  1.8503 -12.8571
X  0.9192 -0.3321  0.2114
Y  0.3339  0.9422  0.0283
Z -0.2086  0.0446  0.9770

PART 6
OFFSET  14.2226 -0.3998 -13.5086
X  0.9192 -0.3321  0.2114
Y  0.3339  0.9422  0.0283
Z -0.2086  0.0446  0.9770

PART 7
OFFSET  15.1723  1.3924 -10.5858
X  0.9192 -0.3321  0.2114
Y  0.3339  0.9422  0.0283
Z -0.2086  0.0446  0.9770

PART 8
OFFSET  14.5631 -0.0531 -10.7027
X  0.9192 -0.3321  0.2114
Y  0.3339  0.9422  0.0283
Z -0.2086  0.0446  0.9770

PART 9
OFFSET  13.9478 -1.0244 -11.3563
X  0.9192 -0.3321  0.2114
Y  0.3339  0.9422  0.0283
Z -0.2086  0.0446  0.9770

PART 10
OFFSET  16.0727 -0.3569 -11.8075
X  0.9938  0.1076 -0.0280
Y -0.0871  0.9096  0.4064
