// Export filename: `C:\projects\cod\t5\xanim_export\t5_viewmodels\ak47\ak47_masterkey_putaway.XANIM_EXPORT`
// Source filename: `D:\projects\devanim\t5\animation_assets\viewmodels/ak47/ViewModel_AK47_MasterKey_animated.fbx`
// Export time: Wed Jul 07 18:23:42 2010

ANIMATION
VERSION 3

NUMPARTS 77
PART 0 "tag_ads"
PART 1 "tag_torso"
PART 2 "J_Shoulder_LE"
PART 3 "J_Elbow_LE"
PART 4 "J_WristTwist_LE"
PART 5 "J_Sleave_Reshape_Bottom_LE_1"
PART 6 "J_Sleave_Reshape_Bottom_LE_2"
PART 7 "J_Sleave_Reshape_Top_LE_1"
PART 8 "J_Sleave_Reshape_Top_LE_2"
PART 9 "J_Sleave_Reshape_Top_LE_3"
PART 10 "J_Wrist_LE"
PART 11 "J_Thumb_LE_0"
PART 12 "J_Thumb_LE_1"
PART 13 "J_Thumb_LE_2"
PART 14 "J_Thumb_LE_3"
PART 15 "J_PinkyPalm_LE"
PART 16 "J_Pinky_LE_0"
PART 17 "J_Pinky_LE_1"
PART 18 "J_Pinky_LE_2"
PART 19 "J_Pinky_LE_3"
PART 20 "J_RingPalm_LE"
PART 21 "J_Ring_LE_0"
PART 22 "J_Ring_LE_1"
PART 23 "J_Ring_LE_2"
PART 24 "J_Ring_LE_3"
PART 25 "J_Webbing_LE"
PART 26 "J_Index_LE_0"
PART 27 "J_Index_LE_1"
PART 28 "J_Index_LE_2"
PART 29 "J_Index_LE_3"
PART 30 "J_Mid_LE_0"
PART 31 "J_Mid_LE_1"
PART 32 "J_Mid_LE_2"
PART 33 "J_Mid_LE_3"
PART 34 "tag_knife_attach"
PART 35 "tag_weapon"
PART 36 "J_Gun"
PART 37 "J_bolt"
PART 38 "tag_masterkey"
PART 39 "tag_brass2"
PART 40 "tag_ammo2"
PART 41 "tag_pump2"
PART 42 "TAG_CLIP"
PART 43 "TAG_FLASH"
PART 44 "J_Shoulder_RI"
PART 45 "J_Elbow_RI"
PART 46 "J_WristTwist_RI"
PART 47 "J_Sleave_Reshape_Top_RI_3"
PART 48 "J_Sleave_Reshape_Top_RI_2"
PART 49 "J_Sleave_Reshape_Top_RI_1"
PART 50 "J_Wrist_RI"
PART 51 "J_Thumb_RI_0"
PART 52 "J_Thumb_RI_1"
PART 53 "J_Thumb_RI_2"
PART 54 "J_Thumb_RI_3"
PART 55 "J_PinkyPalm_RI"
PART 56 "J_Pinky_RI_0"
PART 57 "J_Pinky_RI_1"
PART 58 "J_Pinky_RI_2"
PART 59 "J_Pinky_RI_3"
PART 60 "J_RingPalm_RI"
PART 61 "J_Ring_RI_0"
PART 62 "J_Ring_RI_1"
PART 63 "J_Ring_RI_2"
PART 64 "J_Ring_RI_3"
PART 65 "J_Webbing_RI"
PART 66 "J_Index_RI_0"
PART 67 "J_Index_RI_1"
PART 68 "J_Index_RI_2"
PART 69 "J_Index_RI_3"
PART 70 "J_Mid_RI_0"
PART 71 "J_Mid_RI_1"
PART 72 "J_Mid_RI_2"
PART 73 "J_Mid_RI_3"
PART 74 "tag_cambone"
PART 75 "tag_camera"
PART 76 "tag_gasmask"

FRAMERATE 30
NUMFRAMES 32

FRAME 100
PART 0
OFFSET  0.0000 -0.0000 -0.0000
X  1.0000 -0.0000  0.0000
Y  0.0000  1.0000  0.0000
Z  0.0000 -0.0000  1.0000

PART 1
OFFSET -4.6318 -0.0000 -1.3770
X  1.0000 -0.0000  0.0000
Y  0.0000  1.0000  0.0000
Z  0.0000 -0.0000  1.0000

PART 2
OFFSET -3.5060  6.3408 -6.7125
X  0.8865 -0.1673 -0.4314
Y -0.1462 -0.9859  0.0819
Z -0.4390 -0.0095 -0.8984

PART 3
OFFSET  7.2155  4.3173 -11.9296
X  0.8349 -0.4712  0.2844
Y -0.4252 -0.2241  0.8769
Z -0.3494 -0.8531 -0.3875

PART 4
OFFSET  14.3169  0.3097 -9.5106
X  0.8349 -0.4712  0.2844
Y  0.1211  0.6614  0.7402
Z -0.5369 -0.5836  0.6092

PART 5
OFFSET  16.4369  1.3441 -9.1112
X  0.8384 -0.4676  0.2802
Y  0.3532  0.8575  0.3740
Z -0.4152 -0.2146  0.8841

PART 6
OFFSET  15.4423 -0.5096 -10.6061
X  0.8384 -0.4676  0.2802
Y  0.3532  0.8575  0.3740
Z -0.4152 -0.2146  0.8841

PART 7
OFFSET  15.7943  0.2751 -7.1541
X  0.8384 -0.4676  0.2802
Y  0.3532  0.8575  0.3740
Z -0.4152 -0.2146  0.8841

PART 8
OFFSET  15.1740 -1.0101 -7.8156
X  0.8384 -0.4676  0.2802
Y  0.3532  0.8575  0.3740
Z -0.4152 -0.2146  0.8841

PART 9
OFFSET  14.6818 -1.6899 -8.8379
X  0.8384 -0.4676  0.2802
Y  0.3532  0.8575  0.3740
Z -0.4152 -0.2146  0.8841

PART 10
OFFSET  16.8765 -1.1348 -8.6387
X  0.9667 -0.2298  0.1127
Y  0.0805  0.6910  0.7184
Z -0.2430 -0.6854  0.6864

PART 11
OFFSET  17.2893 -0.8528 -7.6129
X  0.9184 -0.0615  0.3909
Y -0.0432  0.9664  0.2535
Z -0.3933 -0.2497  0.8848

PART 12
OFFSET  19.2449 -0.9030 -6.6948
X  0.9437 -0.3298 -0.0251
Y  0.2857  0.7745  0.5643
Z -0.1667 -0.5398  0.8252

PART 13
OFFSET  20.7326 -1.5421 -6.6767
X  0.9406 -0.0697  0.3324
Y -0.0586  0.9308  0.3609
Z -0.3345 -0.3589  0.8713

PART 14
OFFSET  21.7335 -1.6180 -6.2712
X  0.8971  0.3709 -0.2400
Y -0.2715  0.0344 -0.9618
Z -0.3485  0.9280  0.1315

PART 15
OFFSET  17.5592 -2.2076 -9.1738
X  0.7680 -0.6332 -0.0962
Y -0.4096 -0.6010  0.6863
Z -0.4924 -0.4877 -0.7209

PART 16
OFFSET  19.3063 -3.6330 -9.2008
X -0.1061 -0.2919  0.9505
Y -0.6634  0.7329  0.1510
Z -0.7407 -0.6146 -0.2714

PART 17
OFFSET  19.1560 -4.0463 -7.8551
X -0.4439  0.1933  0.8750
Y -0.5218  0.7381 -0.4278
Z -0.7285 -0.6464 -0.2268

PART 18
OFFSET  18.7625 -3.8749 -7.0793
X -0.5733  0.4170  0.7053
Y -0.3118  0.6850 -0.6584
Z -0.7577 -0.5974 -0.2627

PART 19
OFFSET  18.2178 -3.4787 -6.4092
X  0.7438 -0.6626 -0.0881
Y  0.0378  0.1733 -0.9841
Z  0.6673  0.7287  0.1539

PART 20
OFFSET  17.8593 -1.7033 -8.7675
X  0.8938 -0.4350 -0.1092
Y -0.2660 -0.7102  0.6518
Z -0.3611 -0.5535 -0.7505

PART 21
OFFSET  20.0851 -3.0391 -8.9082
X  0.0148 -0.6837  0.7296
Y -0.6220  0.5650  0.5421
Z -0.7829 -0.4618 -0.4169

PART 22
OFFSET  20.1103 -4.2031 -7.6660
X -0.5330  0.1666  0.8295
Y -0.3361  0.8580 -0.3883
Z -0.7765 -0.4858 -0.4014

PART 23
OFFSET  19.3715 -3.9722 -6.5164
X -0.6242  0.4724  0.6223
Y -0.1102  0.7353 -0.6687
Z -0.7735 -0.4860 -0.4069

PART 24
OFFSET  18.6946 -3.4599 -5.8415
X  0.5363 -0.8310 -0.1479
Y  0.3008  0.3519 -0.8864
Z  0.7886  0.4309  0.4387

PART 25
OFFSET  19.8541 -1.1135 -6.7827
X  0.8264 -0.5404  0.1580
Y  0.5163  0.6155 -0.5955
Z  0.2246  0.5737  0.7877

PART 26
OFFSET  20.7943 -1.2544 -7.9129
X  0.5468 -0.8358  0.0493
Y -0.5539 -0.3169  0.7699
Z -0.6279 -0.4483 -0.6362

PART 27
OFFSET  21.7570 -2.7259 -7.8261
X -0.2216 -0.7651  0.6046
Y -0.7769  0.5132  0.3647
Z -0.5893 -0.3889 -0.7081

PART 28
OFFSET  21.5234 -3.6324 -7.0480
X -0.6341 -0.1587  0.7568
Y -0.4525  0.8698 -0.1967
Z -0.6270 -0.4672 -0.6233

PART 29
OFFSET  20.8072 -3.8117 -6.1932
X  0.4385 -0.8649 -0.2441
Y  0.5477  0.4725 -0.6905
Z  0.7126  0.1691  0.6809

PART 30
OFFSET  20.5603 -2.1024 -8.5811
X  0.2318 -0.8198  0.5236
Y -0.7237  0.2144  0.6560
Z -0.6500 -0.5310 -0.5436

PART 31
OFFSET  21.0131 -3.7039 -7.5582
X -0.5233 -0.2120  0.8254
Y -0.5206  0.8464 -0.1127
Z -0.6747 -0.4886 -0.5532

PART 32
OFFSET  20.2488 -4.0136 -6.3526
X -0.7276  0.3501  0.5899
Y -0.0590  0.8248 -0.5623
Z -0.6834 -0.4440 -0.5795

PART 33
OFFSET  19.4199 -3.6208 -5.6882
X  0.6393 -0.7669 -0.0561
Y  0.3711  0.3716 -0.8510
Z  0.6735  0.5232  0.5222

PART 34
OFFSET  19.0838 -3.1747 -7.6743
X -0.4185 -0.5643 -0.7116
Y  0.2430  0.6854 -0.6864
Z  0.8751 -0.4602 -0.1498

PART 35
OFFSET  8.2563 -2.6698 -4.5431
X  1.0000 -0.0000  0.0000
Y  0.0000  1.0000  0.0000
Z  0.0000 -0.0000  1.0000

PART 36
OFFSET  8.2563 -2.6698 -4.5431
X  1.0000 -0.0000  0.0000
Y  0.0000  1.0000  0.0000
Z  0.0000 -0.0000  1.0000

PART 37
OFFSET  13.5569 -2.9515 -2.1857
X  0.9998 -0.0000  0.0204
Y  0.0000  1.0000 -0.0000
Z -0.0204  0.0000  0.9998

PART 38
OFFSET  17.4869 -2.6705 -6.9618
X  1.0000  0.0000  0.0000
Y -0.0000  1.0000  0.0000
Z  0.0000 -0.0000  1.0000

PART 39
OFFSET  22.6684 -3.0070 -5.1959
X  0.9183  0.3286 -0.2208
Y -0.0000 -0.5577 -0.8300
Z -0.3959  0.7622 -0.5122

PART 40
OFFSET -4.5544 -2.6555 -5.9406
X  0.9157 -0.0000  0.4019
Y  0.0000  1.0000 -0.0000
Z -0.4019  0.0000  0.9157

PART 41
OFFSET  27.6088 -2.6705 -9.0182
X  0.0000 -1.0000 -0.0000
Y  1.0000  0.0000 -0.0000
Z  0.0000 -0.0000  1.0000

PART 42
OFFSET  12.4681 -2.6548 -4.2640
X  1.0000 -0.0000  0.0000
Y  0.0000  1.0000  0.0000
Z  0.0000 -0.0000  1.0000

PART 43
OFFSET  31.8688 -2.6540 -3.4824
X  1.0000 -0.0000  0.0000
Y  0.0000  1.0000  0.0000
Z  0.0000 -0.0000  1.0000

PART 44
OFFSET -17.6076 -4.8127 -7.0611
X -0.8933  0.0570  0.4458
Y -0.2146 -0.9256 -0.3117
Z  0.3949 -0.3741  0.8391

PART 45
OFFSET -6.8040 -5.5017 -12.4528
X -0.8818 -0.0897 -0.4630
Y  0.4713 -0.1330 -0.8719
Z  0.0166 -0.9871  0.1595

PART 46
OFFSET  0.6961 -4.7390 -8.5146
X -0.8818 -0.0897 -0.4630
Y  0.4716 -0.1611 -0.8670
Z  0.0031 -0.9829  0.1844

PART 47
OFFSET  1.6239 -3.3379 -7.4465
X -0.8846 -0.0859 -0.4583
Y -0.0209  0.9892 -0.1452
Z  0.4659 -0.1189 -0.8768

PART 48
OFFSET  1.5394 -3.8726 -6.3534
X -0.8846 -0.0859 -0.4583
Y -0.0209  0.9892 -0.1452
Z  0.4659 -0.1189 -0.8768

PART 49
OFFSET  1.7163 -5.2227 -6.2156
X -0.8846 -0.0859 -0.4583
Y -0.0209  0.9892 -0.1452
Z  0.4659 -0.1189 -0.8768

PART 50
OFFSET  3.3994 -4.4641 -7.0951
X -0.9546 -0.1418 -0.2621
Y  0.2850 -0.1775 -0.9420
Z  0.0871 -0.9739  0.2098

PART 51
OFFSET  3.5180 -3.8292 -6.1544
X -0.4986 -0.6783 -0.5397
Y  0.5783  0.2035 -0.7900
Z  0.6457 -0.7060  0.2908

PART 52
OFFSET  4.5003 -2.3465 -4.9270
X -0.9028 -0.3483  0.2521
Y -0.0610 -0.4767 -0.8770
Z  0.4256 -0.8071  0.4091

PART 53
OFFSET  5.9065 -1.7222 -5.4322
X -0.5336 -0.0214  0.8455
Y -0.6557 -0.6209 -0.4295
Z  0.5342 -0.7836  0.3173

PART 54
OFFSET  6.4702 -1.6527 -6.3537
X -0.8721  0.3596  0.3318
Y  0.0986  0.7934 -0.6007
Z -0.4792 -0.4912 -0.7274

PART 55
OFFSET  4.4947 -4.3373 -7.9244
X -0.9338 -0.2716  0.2329
Y  0.3213 -0.9230  0.2116
Z  0.1575  0.2724  0.9492

PART 56
OFFSET  6.5764 -3.5742 -8.3354
X -0.1064 -0.9920  0.0680
Y  0.9470 -0.1219 -0.2972
Z  0.3031  0.0328  0.9524

PART 57
OFFSET  6.7270 -2.1698 -8.4316
X  0.7704 -0.5952 -0.2284
Y  0.5756  0.8034 -0.1522
Z  0.2741 -0.0142  0.9616

PART 58
OFFSET  6.0439 -1.6420 -8.2291
X  0.9043  0.2998 -0.3040
Y -0.2988  0.9530  0.0509
Z  0.3049  0.0448  0.9513

PART 59
OFFSET  5.1848 -1.9269 -7.9403
X -0.5482 -0.8340  0.0630
Y -0.7690  0.5322  0.3543
Z -0.3290  0.1458 -0.9330

PART 60
OFFSET  4.5274 -4.3242 -7.2114
X -0.9690 -0.2439  0.0388
Y  0.2458 -0.9373  0.2469
Z -0.0239  0.2488  0.9683

PART 61
OFFSET  7.0513 -3.7488 -7.4505
X -0.1328 -0.9741  0.1828
Y  0.9405 -0.1821 -0.2870
Z  0.3128  0.1338  0.9403

PART 62
OFFSET  7.2774 -2.0903 -7.7617
X  0.8812 -0.4114 -0.2327
Y  0.3642  0.9048 -0.2204
Z  0.3012  0.1095  0.9472

PART 63
OFFSET  6.0561 -1.5201 -7.4392
X  0.8304  0.4610 -0.3130
Y -0.4723  0.8804  0.0436
Z  0.2956  0.1116  0.9488

PART 64
OFFSET  5.1555 -2.0201 -7.0997
X -0.3960 -0.8751  0.2782
Y -0.8751  0.4514  0.1743
Z -0.2781 -0.1744 -0.9446

PART 65
OFFSET -0.7678 -5.4262 -7.2769
X -0.9291 -0.3699 -0.0061
Y -0.3495  0.8829 -0.3136
Z  0.1213 -0.2892 -0.9496

PART 66
OFFSET  6.9363 -4.1397 -5.2854
X -0.9870 -0.0151 -0.1603
Y -0.0017 -0.9946  0.1040
Z -0.1610  0.1029  0.9816

PART 67
OFFSET  8.6740 -4.1131 -5.0032
X -0.3664 -0.9261  0.0899
Y  0.9173 -0.3433  0.2020
Z -0.1562  0.1565  0.9753

PART 68
OFFSET  9.1099 -2.9777 -5.0533
X  0.0489 -0.9944  0.0936
Y  0.9855  0.0633  0.1577
Z -0.1627  0.0845  0.9830

PART 69
OFFSET  9.0547 -1.8545 -5.1590
X -0.9513  0.2903  0.1037
Y  0.2703  0.9472 -0.1728
Z -0.1484 -0.1363 -0.9795

PART 70
OFFSET  7.1281 -4.1726 -6.3729
X -0.2627 -0.9406  0.2150
Y  0.9570 -0.2824 -0.0663
Z  0.1231  0.1883  0.9744

PART 71
OFFSET  7.6413 -2.3351 -6.7929
X  0.8288 -0.5596 -0.0009
Y  0.5392  0.7990 -0.2664
Z  0.1498  0.2203  0.9639

PART 72
OFFSET  6.4307 -1.5177 -6.7917
X  0.8851  0.3871 -0.2584
Y -0.4386  0.8795 -0.1846
Z  0.1558  0.2767  0.9482

PART 73
OFFSET  5.4269 -1.9575 -6.5058
X -0.4085 -0.8763  0.2554
Y -0.8912  0.4434  0.0957
Z -0.1971 -0.1885 -0.9621

PART 74
OFFSET  0.0000 -0.0000 -0.0000
X  1.0000 -0.0000  0.0000
Y  0.0000  1.0000  0.0000
Z  0.0000 -0.0000  1.0000

PART 75
OFFSET  0.0000 -0.0000 -0.0000
X  1.0000 -0.0000  0.0000
Y  0.0000  1.0000  0.0000
Z  0.0000 -0.0000  1.0000

PART 76
OFFSET  1.5404 -0.0000  4.1357
X  1.0000 -0.0000  0.0000
Y  0.0000  1.0000  0.0000
Z  0.0000 -0.0000  1.0000


FRAME 101
PART 0
OFFSET  0.0000 -0.0000 -0.0000
X  1.0000 -0.0000  0.0000
Y  0.0000  1.0000  0.0000
Z  0.0000 -0.0000  1.0000

PART 1
OFFSET -4.6318 -0.0000 -1.3770
X  1.0000 -0.0000  0.0000
Y  0.0000  1.0000  0.0000
Z  0.0000 -0.0000  1.0000

PART 2
OFFSET -3.5060  6.3408 -6.7125
X  0.8867 -0.1700 -0.4299
Y -0.1473 -0.9854  0.0859
Z -0.4382 -0.0128 -0.8988

PART 3
OFFSET  7.2178  4.2845 -11.9120
X  0.8352 -0.4703  0.2851
Y -0.4242 -0.2211  0.8781
Z -0.3500 -0.8544 -0.3842

PART 4
OFFSET  14.3214  0.2843 -9.4874
X  0.8352 -0.4703  0.2851
Y  0.1250  0.6671  0.7344
Z -0.5356 -0.5778  0.6159

PART 5
OFFSET  16.4420  1.3199 -9.0940
X  0.8386 -0.4667  0.2809
Y  0.3537  0.8587  0.3707
Z -0.4142 -0.2115  0.8853

PART 6
OFFSET  15.4455 -0.5389 -10.5814
X  0.8386 -0.4667  0.2809
Y  0.3537  0.8587  0.3707
Z -0.4142 -0.2115  0.8853

PART 7
OFFSET  15.8015  0.2576 -7.1325
X  0.8386 -0.4667  0.2809
Y  0.3537  0.8587  0.3707
Z -0.4142 -0.2115  0.8853

PART 8
OFFSET  15.1803 -1.0297 -7.7890
X  0.8386 -0.4667  0.2809
Y  0.3537  0.8587  0.3707
Z -0.4142 -0.2115  0.8853

PART 9
OFFSET  14.6869 -1.7130 -8.8084
X  0.8386 -0.4667  0.2809
Y  0.3537  0.8587  0.3707
Z -0.4142 -0.2115  0.8853

PART 10
OFFSET  16.8818 -1.1575 -8.6135
X  0.9670 -0.2261  0.1173
Y  0.0769  0.6983  0.7117
Z -0.2428 -0.6792  0.6926

PART 11
OFFSET  17.2914 -0.8642 -7.5896
X  0.9176 -0.0552  0.3937
Y -0.0463  0.9687  0.2438
Z -0.3949 -0.2419  0.8863

PART 12
OFFSET  19.2448 -0.9001 -6.6663
X  0.9446 -0.3276 -0.0196
Y  0.2823  0.7808  0.5573
Z -0.1673 -0.5320  0.8301

PART 13
OFFSET  20.7342 -1.5350 -6.6382
X  0.9399 -0.0639  0.3354
Y -0.0619  0.9341  0.3515
Z -0.3357 -0.3511  0.8741

PART 14
OFFSET  21.7342 -1.6044 -6.2295
X  0.8967  0.3709 -0.2415
Y -0.2692  0.0241 -0.9628
Z -0.3512  0.9284  0.1214

PART 15
OFFSET  17.5687 -2.2338 -9.1363
X  0.7699 -0.6321 -0.0880
Y -0.4097 -0.5953  0.6913
Z -0.4893 -0.4961 -0.7172

PART 16
OFFSET  19.3195 -3.6547 -9.1449
X -0.1077 -0.2827  0.9531
Y -0.6657  0.7326  0.1421
Z -0.7384 -0.6192 -0.2671

PART 17
OFFSET  19.1671 -4.0550 -7.7954
X -0.4465  0.2008  0.8719
Y -0.5226  0.7324 -0.4363
Z -0.7263 -0.6506 -0.2221

PART 18
OFFSET  18.7711 -3.8770 -7.0223
X -0.5761  0.4225  0.6997
Y -0.3120  0.6776 -0.6660
Z -0.7555 -0.6020 -0.2586

PART 19
OFFSET  18.2238 -3.4756 -6.3576
X  0.7457 -0.6614 -0.0797
Y  0.0397  0.1636 -0.9857
Z  0.6650  0.7319  0.1483

PART 20
OFFSET  17.8664 -1.7246 -8.7343
X  0.8952 -0.4337 -0.1027
Y -0.2658 -0.7044  0.6582
Z -0.3578 -0.5619 -0.7458

PART 21
OFFSET  20.0960 -3.0559 -8.8562
X  0.0148 -0.6764  0.7364
Y -0.6248  0.5688  0.5349
Z -0.7807 -0.4680 -0.4142

PART 22
OFFSET  20.1212 -4.2074 -7.6025
X -0.5355  0.1734  0.8265
Y -0.3374  0.8533 -0.3976
Z -0.7742 -0.4918 -0.3984

PART 23
OFFSET  19.3791 -3.9670 -6.4570
X -0.6269  0.4769  0.6160
Y -0.1105  0.7283 -0.6763
Z -0.7712 -0.4920 -0.4039

PART 24
OFFSET  18.6991 -3.4498 -5.7889
X  0.5388 -0.8310 -0.1383
Y  0.3021  0.3438 -0.8891
Z  0.7864  0.4373  0.4363

PART 25
OFFSET  19.8548 -1.1099 -6.7506
X  0.8274 -0.5367  0.1653
Y  0.5162  0.6109 -0.6003
Z  0.2211  0.5821  0.7825

PART 26
OFFSET  20.7981 -1.2595 -7.8770
X  0.5489 -0.8338  0.0589
Y -0.5549 -0.3107  0.7717
Z -0.6251 -0.4563 -0.6333

PART 27
OFFSET  21.7645 -2.7276 -7.7732
X -0.2211 -0.7596  0.6117
Y -0.7791  0.5148  0.3577
Z -0.5866 -0.3975 -0.7056

PART 28
OFFSET  21.5313 -3.6269 -6.9868
X -0.6355 -0.1528  0.7568
Y -0.4543  0.8666 -0.2065
Z -0.6243 -0.4750 -0.6202

PART 29
OFFSET  20.8135 -3.7995 -6.1319
X  0.4414 -0.8662 -0.2344
Y  0.5481  0.4671 -0.6938
Z  0.7105  0.1777  0.6809

PART 30
OFFSET  20.5680 -2.1147 -8.5374
X  0.2327 -0.8140  0.5323
Y -0.7259  0.2190  0.6521
Z -0.6473 -0.5381 -0.5399

PART 31
OFFSET  21.0225 -3.7048 -7.4975
X -0.5247 -0.2051  0.8262
Y -0.5225  0.8438 -0.1223
Z -0.6720 -0.4959 -0.5500

PART 32
OFFSET  20.2560 -4.0045 -6.2907
X -0.7300  0.3540  0.5846
Y -0.0598  0.8190 -0.5706
Z -0.6809 -0.4515 -0.5767

PART 33
OFFSET  19.4245 -3.6073 -5.6323
X  0.6414 -0.7657 -0.0470
Y  0.3722  0.3641 -0.8538
Z  0.6708  0.5302  0.5186

PART 34
OFFSET  19.0920 -3.1818 -7.6235
X -0.4153 -0.5725 -0.7070
Y  0.2428  0.6792 -0.6926
Z  0.8767 -0.4593 -0.1430

PART 35
OFFSET  8.2557 -2.6744 -4.5238
X  1.0000  0.0026  0.0024
Y -0.0026  0.9999 -0.0100
Z -0.0025  0.0099  0.9999

PART 36
OFFSET  8.2557 -2.6744 -4.5238
X  1.0000  0.0026  0.0024
Y -0.0026  0.9999 -0.0100
Z -0.0025  0.0099  0.9999

PART 37
OFFSET  13.5512 -2.9186 -2.1508
X  0.9997  0.0028  0.0229
Y -0.0026  0.9999 -0.0100
Z -0.0229  0.0099  0.9997

PART 38
OFFSET  17.4921 -2.6748 -6.9199
X  1.0000  0.0026  0.0024
Y -0.0026  0.9999 -0.0100
Z -0.0025  0.0099  0.9999

PART 39
OFFSET  22.6701 -2.9801 -5.1382
X  0.9180  0.3288 -0.2218
Y  0.0035 -0.5660 -0.8244
Z -0.3966  0.7560 -0.5207

PART 40
OFFSET -4.5516 -2.7077 -5.9525
X  0.9147  0.0064  0.4041
Y -0.0026  0.9999 -0.0100
Z -0.4042  0.0080  0.9146

PART 41
OFFSET  27.6190 -2.6686 -8.9516
X  0.0026 -0.9999  0.0100
Y  1.0000  0.0026  0.0024
Z -0.0025  0.0099  0.9999

PART 42
OFFSET  12.4667 -2.6455 -4.2346
X  1.0000  0.0026  0.0024
Y -0.0026  0.9999 -0.0100
Z -0.0025  0.0099  0.9999

PART 43
OFFSET  31.8654 -2.5859 -3.4059
X  1.0000  0.0026  0.0024
Y -0.0026  0.9999 -0.0100
Z -0.0025  0.0099  0.9999

PART 44
OFFSET -17.4906 -4.8127 -7.0184
X -0.8885  0.0587  0.4551
Y -0.2210 -0.9239 -0.3123
Z  0.4022 -0.3781  0.8338

PART 45
OFFSET -6.7452 -5.5221 -12.5227
X -0.8776 -0.0877 -0.4713
Y  0.4791 -0.1302 -0.8680
Z  0.0148 -0.9876  0.1563

PART 46
OFFSET  0.7192 -4.7758 -8.5143
X -0.8776 -0.0877 -0.4713
Y  0.4794 -0.1666 -0.8617
Z -0.0029 -0.9821  0.1883

PART 47
OFFSET  1.6379 -3.3787 -7.4331
X -0.8805 -0.0840 -0.4666
Y -0.0192  0.9897 -0.1420
Z  0.4737 -0.1161 -0.8730

PART 48
OFFSET  1.5433 -3.9171 -6.3427
X -0.8805 -0.0840 -0.4666
Y -0.0192  0.9897 -0.1420
Z  0.4737 -0.1161 -0.8730

PART 49
OFFSET  1.7185 -5.2677 -6.2079
X -0.8805 -0.0840 -0.4666
Y -0.0192  0.9897 -0.1420
Z  0.4737 -0.1161 -0.8730

PART 50
OFFSET  3.4097 -4.5068 -7.0696
X -0.9535 -0.1469 -0.2630
Y  0.2878 -0.1861 -0.9395
Z  0.0891 -0.9715  0.2197

PART 51
OFFSET  3.5244 -3.8623 -6.1349
X -0.4955 -0.6850 -0.5341
Y  0.5797  0.1972 -0.7906
Z  0.6469 -0.7014  0.2994

PART 52
OFFSET  4.4998 -2.3648 -4.9200
X -0.9025 -0.3482  0.2534
Y -0.0576 -0.4855 -0.8723
Z  0.4267 -0.8019  0.4182

PART 53
OFFSET  5.9056 -1.7419 -5.4279
X -0.5356 -0.0144  0.8443
Y -0.6530 -0.6269 -0.4249
Z  0.5354 -0.7790  0.3264

PART 54
OFFSET  6.4714 -1.6800 -6.3487
X -0.8739  0.3606  0.3261
Y  0.0980  0.7876 -0.6083
Z -0.4762 -0.4997 -0.7236

PART 55
OFFSET  4.5067 -4.3854 -7.8974
X -0.9337 -0.2717  0.2333
Y  0.3231 -0.9200  0.2216
Z  0.1545  0.2823  0.9468

PART 56
OFFSET  6.5874 -3.6209 -8.3109
X -0.1040 -0.9915  0.0776
Y  0.9480 -0.1224 -0.2937
Z  0.3007  0.0430  0.9528

PART 57
OFFSET  6.7346 -2.2171 -8.4207
X  0.7725 -0.5954 -0.2206
Y  0.5739  0.8034 -0.1588
Z  0.2718 -0.0039  0.9624

PART 58
OFFSET  6.0497 -1.6892 -8.2252
X  0.9042  0.2991 -0.3048
Y -0.3014  0.9526  0.0407
Z  0.3025  0.0551  0.9516

PART 59
OFFSET  5.1906 -1.9734 -7.9356
X -0.5461 -0.8348  0.0700
Y -0.7712  0.5336  0.3471
Z -0.3271  0.1356 -0.9352

PART 60
OFFSET  4.5376 -4.3651 -7.1845
X -0.9685 -0.2461  0.0389
Y  0.2477 -0.9342  0.2568
Z -0.0269  0.2584  0.9657

PART 61
OFFSET  7.0607 -3.7854 -7.4232
X -0.1307 -0.9726  0.1922
Y  0.9416 -0.1824 -0.2829
Z  0.3102  0.1440  0.9397

PART 62
OFFSET  7.2832 -2.1295 -7.7503
X  0.8829 -0.4114 -0.2265
Y  0.3624  0.9036 -0.2285
Z  0.2986  0.1197  0.9468

PART 63
OFFSET  6.0596 -1.5594 -7.4365
X  0.8299  0.4600 -0.3155
Y -0.4747  0.8795  0.0337
Z  0.2930  0.1218  0.9483

PART 64
OFFSET  5.1595 -2.0583 -7.0942
X -0.3944 -0.8733  0.2859
Y -0.8767  0.4508  0.1677
Z -0.2753 -0.1846 -0.9435

PART 65
OFFSET -0.7545 -5.4816 -7.2519
X -0.9281 -0.3724 -0.0047
Y -0.3510  0.8788 -0.3232
Z  0.1244 -0.2983 -0.9463

PART 66
OFFSET  6.9413 -4.1550 -5.2546
X -0.9865 -0.0193 -0.1625
Y  0.0007 -0.9935  0.1139
Z -0.1637  0.1122  0.9801

PART 67
OFFSET  8.6782 -4.1211 -4.9685
X -0.3642 -0.9261  0.0982
Y  0.9176 -0.3388  0.2076
Z -0.1590  0.1658  0.9733

PART 68
OFFSET  9.1113 -2.9851 -5.0288
X  0.0513 -0.9933  0.1036
Y  0.9849  0.0675  0.1594
Z -0.1654  0.0939  0.9818

PART 69
OFFSET  9.0534 -1.8632 -5.1458
X -0.9523  0.2889  0.0985
Y  0.2682  0.9461 -0.1815
Z -0.1456 -0.1464 -0.9784

PART 70
OFFSET  7.1358 -4.1983 -6.3413
X -0.2608 -0.9391  0.2237
Y  0.9579 -0.2806 -0.0612
Z  0.1202  0.1983  0.9727

PART 71
OFFSET  7.6453 -2.3637 -6.7783
X  0.8302 -0.5574  0.0067
Y  0.5377  0.7977 -0.2730
Z  0.1468  0.2303  0.9620

PART 72
OFFSET  6.4326 -1.5496 -6.7881
X  0.8847  0.3868 -0.2601
Y -0.4404  0.8765 -0.1944
Z  0.1528  0.2865  0.9458

PART 73
OFFSET  5.4292 -1.9891 -6.5003
X -0.4069 -0.8748  0.2631
Y -0.8926  0.4420  0.0891
Z -0.1942 -0.1986 -0.9606

PART 74
OFFSET  0.0000 -0.0000 -0.0000
X  1.0000 -0.0000  0.0000
Y  0.0000  1.0000  0.0000
Z  0.0000 -0.0000  1.0000

PART 75
OFFSET  0.0000 -0.0000 -0.0000
X  1.0000 -0.0000  0.0000
Y  0.0000  1.0000  0.0000
Z  0.0000 -0.0000  1.0000

PART 76
OFFSET  1.5404 -0.0000  4.1357
X  1.0000 -0.0000  0.0000
Y  0.0000  1.0000  0.0000
Z  0.0000 -0.0000  1.0000


FRAME 102
PART 0
OFFSET  0.0000 -0.0000 -0.0000
X  1.0000 -0.0000  0.0000
Y  0.0000  1.0000  0.0000
Z  0.0000 -0.0000  1.0000

PART 1
OFFSET -4.6318 -0.0000 -1.3770
X  1.0000 -0.0000  0.0000
Y  0.0000  1.0000  0.0000
Z  0.0000 -0.0000  1.0000

PART 2
OFFSET -3.5060  6.3408 -6.7125
X  0.8870 -0.1772 -0.4265
Y -0.1498 -0.9839  0.0971
Z -0.4368 -0.0223 -0.8993

PART 3
OFFSET  7.2210  4.1980 -11.8702
X  0.8360 -0.4678  0.2869
Y -0.4215 -0.2125  0.8816
Z -0.3514 -0.8579 -0.3748

PART 4
OFFSET  14.3313  0.2193 -9.4298
X  0.8360 -0.4678  0.2869
Y  0.1354  0.6825  0.7182
Z -0.5318 -0.5615  0.6339

PART 5
OFFSET  16.4535  1.2579 -9.0532
X  0.8394 -0.4642  0.2827
Y  0.3552  0.8622  0.3612
Z -0.4114 -0.2028  0.8886

PART 6
OFFSET  15.4516 -0.6148 -10.5194
X  0.8394 -0.4642  0.2827
Y  0.3552  0.8622  0.3612
Z -0.4114 -0.2028  0.8886

PART 7
OFFSET  15.8189  0.2148 -7.0795
X  0.8394 -0.4642  0.2827
Y  0.3552  0.8622  0.3612
Z -0.4114 -0.2028  0.8886

PART 8
OFFSET  15.1952 -1.0786 -7.7215
X  0.8394 -0.4642  0.2827
Y  0.3552  0.8622  0.3612
Z -0.4114 -0.2028  0.8886

PART 9
OFFSET  14.6984 -1.7715 -8.7326
X  0.8394 -0.4642  0.2827
Y  0.3552  0.8622  0.3612
Z -0.4114 -0.2028  0.8886

PART 10
OFFSET  16.8941 -1.2148 -8.5502
X  0.9679 -0.2156  0.1294
Y  0.0673  0.7179  0.6929
Z -0.2423 -0.6619  0.7094

PART 11
OFFSET  17.2949 -0.8908 -7.5321
X  0.9154 -0.0376  0.4007
Y -0.0550  0.9746  0.2170
Z -0.3987 -0.2207  0.8901

PART 12
OFFSET  19.2426 -0.8869 -6.5961
X  0.9471 -0.3209 -0.0048
Y  0.2730  0.7978  0.5376
Z -0.1687 -0.5104  0.8432

PART 13
OFFSET  20.7364 -1.5097 -6.5415
X  0.9382 -0.0477  0.3428
Y -0.0710  0.9429  0.3255
Z -0.3387 -0.3298  0.8812

PART 14
OFFSET  21.7343 -1.5603 -6.1250
X  0.8955  0.3709 -0.2459
Y -0.2632 -0.0041 -0.9647
Z -0.3588  0.9287  0.0939

PART 15
OFFSET  17.5921 -2.2998 -9.0392
X  0.7750 -0.6285 -0.0660
Y -0.4097 -0.5793  0.7047
Z -0.4811 -0.5191 -0.7065

PART 16
OFFSET  19.3533 -3.7073 -8.9982
X -0.1117 -0.2575  0.9598
Y -0.6719  0.7312  0.1180
Z -0.7321 -0.6317 -0.2547

PART 17
OFFSET  19.1952 -4.0718 -7.6394
X -0.4536  0.2211  0.8634
Y -0.5252  0.7163 -0.4594
Z -0.7200 -0.6618 -0.2088

PART 18
OFFSET  18.7931 -3.8758 -6.8739
X -0.5837  0.4370  0.6844
Y -0.3127  0.6569 -0.6861
Z -0.7494 -0.6144 -0.2467

PART 19
OFFSET  18.2386 -3.4606 -6.2237
X  0.7511 -0.6578 -0.0571
Y  0.0448  0.1370 -0.9896
Z  0.6587  0.7407  0.1324

PART 20
OFFSET  17.8835 -1.7776 -8.6493
X  0.8990 -0.4296 -0.0854
Y -0.2648 -0.6882  0.6755
Z -0.3489 -0.5846 -0.7324

PART 21
OFFSET  20.1236 -3.0950 -8.7212
X  0.0150 -0.6560  0.7546
Y -0.6323  0.5784  0.5154
Z -0.7745 -0.4849 -0.4061

PART 22
OFFSET  20.1492 -4.2118 -7.4365
X -0.5420  0.1918  0.8182
Y -0.3411  0.8396 -0.4228
Z -0.7680 -0.5082 -0.3896

PART 23
OFFSET  19.3980 -3.9459 -6.3025
X -0.6343  0.4888  0.5989
Y -0.1115  0.7088 -0.6965
Z -0.7650 -0.5086 -0.3952

PART 24
OFFSET  18.7101 -3.4158 -5.6530
X  0.5458 -0.8304 -0.1123
Y  0.3052  0.3218 -0.8963
Z  0.7804  0.4549  0.4291

PART 25
OFFSET  19.8547 -1.0943 -6.6709
X  0.8303 -0.5257  0.1850
Y  0.5155  0.5982 -0.6135
Z  0.2119  0.6048  0.7677

PART 26
OFFSET  20.8062 -1.2674 -7.7870
X  0.5546 -0.8278  0.0850
Y -0.5576 -0.2938  0.7764
Z -0.6177 -0.4780 -0.6245

PART 27
OFFSET  21.7826 -2.7249 -7.6373
X -0.2194 -0.7443  0.6307
Y -0.7852  0.5185  0.3387
Z -0.5791 -0.4209 -0.6982

PART 28
OFFSET  21.5511 -3.6042 -6.8281
X -0.6392 -0.1370  0.7567
Y -0.4593  0.8572 -0.2328
Z -0.6168 -0.4964 -0.6109

PART 29
OFFSET  20.8291 -3.7589 -5.9733
X  0.4492 -0.8689 -0.2080
Y  0.5491  0.4521 -0.7029
Z  0.7048  0.2015  0.6802

PART 30
OFFSET  20.5866 -2.1420 -8.4252
X  0.2352 -0.7974  0.5557
Y -0.7316  0.2312  0.6414
Z -0.6399 -0.5574 -0.5290

PART 31
OFFSET  21.0461 -3.6998 -7.3396
X -0.5285 -0.1865  0.8282
Y -0.5279  0.8362 -0.1485
Z -0.6649 -0.5157 -0.5404

PART 32
OFFSET  20.2741 -3.9723 -6.1299
X -0.7363  0.3643  0.5702
Y -0.0621  0.8027 -0.5931
Z -0.6738 -0.4721 -0.5684

PART 33
OFFSET  19.4355 -3.5636 -5.4877
X  0.6473 -0.7619 -0.0221
Y  0.3750  0.3436 -0.8610
Z  0.6636  0.5491  0.5081

PART 34
OFFSET  19.1127 -3.1949 -7.4917
X -0.4066 -0.5946 -0.6937
Y  0.2423  0.6619 -0.7094
Z  0.8809 -0.4565 -0.1251

PART 35
OFFSET  8.2533 -2.6847 -4.4741
X  0.9999  0.0102  0.0085
Y -0.0099  0.9993 -0.0372
Z -0.0089  0.0371  0.9993

PART 36
OFFSET  8.2533 -2.6847 -4.4741
X  0.9999  0.0102  0.0085
Y -0.0099  0.9993 -0.0372
Z -0.0089  0.0371  0.9993

PART 37
OFFSET  13.5352 -2.8246 -2.0626
X  0.9995  0.0110  0.0290
Y -0.0099  0.9993 -0.0372
Z -0.0293  0.0369  0.9989

PART 38
OFFSET  17.5047 -2.6809 -6.8122
X  0.9999  0.0102  0.0085
Y -0.0099  0.9993 -0.0372
Z -0.0089  0.0371  0.9993

PART 39
OFFSET  22.6732 -2.8988 -4.9908
X  0.9169  0.3295 -0.2250
Y  0.0129 -0.5881 -0.8087
Z -0.3988  0.7386 -0.5435

PART 40
OFFSET -4.5440 -2.8529 -5.9806
X  0.9120  0.0243  0.4095
Y -0.0099  0.9993 -0.0372
Z -0.4101  0.0299  0.9116

PART 41
OFFSET  27.6440 -2.6540 -8.7806
X  0.0099 -0.9993  0.0372
Y  0.9999  0.0102  0.0085
Z -0.0089  0.0371  0.9993

PART 42
OFFSET  12.4621 -2.6164 -4.1598
X  0.9999  0.0102  0.0085
Y -0.0099  0.9993 -0.0372
Z -0.0089  0.0371  0.9993

PART 43
OFFSET  31.8541 -2.3887 -3.2130
X  0.9999  0.0102  0.0085
Y -0.0099  0.9993 -0.0372
Z -0.0089  0.0371  0.9993

PART 44
OFFSET -17.1632 -4.8127 -6.8996
X -0.8749  0.0630  0.4802
Y -0.2383 -0.9192 -0.3135
Z  0.4216 -0.3887  0.8192

PART 45
OFFSET -6.5825 -5.5751 -12.7073
X -0.8659 -0.0824 -0.4933
Y  0.5001 -0.1231 -0.8572
Z  0.0099 -0.9890  0.1478

PART 46
OFFSET  0.7826 -4.8745 -8.5114
X -0.8659 -0.0824 -0.4933
Y  0.4998 -0.1810 -0.8470
Z -0.0195 -0.9800  0.1979

PART 47
OFFSET  1.6762 -3.4883 -7.3957
X -0.8689 -0.0787 -0.4887
Y -0.0146  0.9909 -0.1336
Z  0.4948 -0.1090 -0.8622

PART 48
OFFSET  1.5544 -4.0362 -6.3127
X -0.8689 -0.0787 -0.4887
Y -0.0146  0.9909 -0.1336
Z  0.4948 -0.1090 -0.8622

PART 49
OFFSET  1.7247 -5.3881 -6.1857
X -0.8689 -0.0787 -0.4887
Y -0.0146  0.9909 -0.1336
Z  0.4948 -0.1090 -0.8622

PART 50
OFFSET  3.4373 -4.6219 -6.9990
X -0.9507 -0.1612 -0.2648
Y  0.2951 -0.2094 -0.9322
Z  0.0948 -0.9645  0.2466

PART 51
OFFSET  3.5413 -3.9514 -6.0816
X -0.4871 -0.7029 -0.5183
Y  0.5833  0.1800 -0.7921
Z  0.6501 -0.6881  0.3223

PART 52
OFFSET  4.4979 -2.4142 -4.9019
X -0.9016 -0.3479  0.2572
Y -0.0485 -0.5095 -0.8591
Z  0.4299 -0.7870  0.4425

PART 53
OFFSET  5.9023 -1.7948 -5.4178
X -0.5409  0.0045  0.8411
Y -0.6457 -0.6431 -0.4117
Z  0.5390 -0.7658  0.3508

PART 54
OFFSET  6.4735 -1.7537 -6.3365
X -0.8786  0.3627  0.3107
Y  0.0961  0.7715 -0.6289
Z -0.4678 -0.5227 -0.7127

PART 55
OFFSET  4.5387 -4.5148 -7.8230
X -0.9331 -0.2723  0.2349
Y  0.3285 -0.9112  0.2485
Z  0.1463  0.3091  0.9397

PART 56
OFFSET  6.6163 -3.7463 -8.2443
X -0.0972 -0.9898  0.1039
Y  0.9508 -0.1232 -0.2844
Z  0.2943  0.0712  0.9531

PART 57
OFFSET  6.7539 -2.3449 -8.3914
X  0.7783 -0.5954 -0.1995
Y  0.5690  0.8031 -0.1771
Z  0.2656  0.0243  0.9638

PART 58
OFFSET  6.0639 -1.8170 -8.2145
X  0.9039  0.2975 -0.3072
Y -0.3087  0.9511  0.0129
Z  0.2960  0.0832  0.9516

PART 59
OFFSET  5.2051 -2.0997 -7.9227
X -0.5404 -0.8366  0.0893
Y -0.7773  0.5371  0.3276
Z -0.3221  0.1077 -0.9406

PART 60
OFFSET  4.5649 -4.4749 -7.1108
X -0.9669 -0.2522  0.0396
Y  0.2529 -0.9250  0.2837
Z -0.0349  0.2843  0.9581

PART 61
OFFSET  7.0851 -3.8831 -7.3495
X -0.1248 -0.9680  0.2178
Y  0.9447 -0.1830 -0.2720
Z  0.3031  0.1718  0.9373

PART 62
OFFSET  7.2975 -2.2351 -7.7203
X  0.8873 -0.4108 -0.2097
Y  0.3572  0.8997 -0.2508
Z  0.2917  0.1476  0.9451

PART 63
OFFSET  6.0678 -1.6658 -7.4297
X  0.8285  0.4575 -0.3228
Y -0.4813  0.8765  0.0068
Z  0.2861  0.1498  0.9464

PART 64
OFFSET  5.1692 -2.1620 -7.0795
X -0.3898 -0.8682  0.3072
Y -0.8811  0.4486  0.1499
Z -0.2679 -0.2122 -0.9398

PART 65
OFFSET -0.7184 -5.6325 -7.1805
X -0.9253 -0.3793 -0.0003
Y -0.3554  0.8671 -0.3492
Z  0.1327 -0.3230 -0.9371

PART 66
OFFSET  6.9546 -4.1945 -5.1725
X -0.9853 -0.0311 -0.1680
Y  0.0072 -0.9900  0.1409
Z -0.1707  0.1376  0.9757

PART 67
OFFSET  8.6893 -4.1397 -4.8767
X -0.3580 -0.9258  0.1212
Y  0.9188 -0.3262  0.2224
Z -0.1664  0.1910  0.9674

PART 68
OFFSET  9.1145 -3.0026 -4.9652
X  0.0579 -0.9897  0.1309
Y  0.9833  0.0792  0.1636
Z -0.1723  0.1193  0.9778

PART 69
OFFSET  9.0491 -1.8847 -5.1131
X -0.9550  0.2843  0.0847
Y  0.2624  0.9428 -0.2055
Z -0.1383 -0.1741 -0.9750

PART 70
OFFSET  7.1563 -4.2658 -6.2564
X -0.2553 -0.9346  0.2476
Y  0.9603 -0.2749 -0.0476
Z  0.1125  0.2256  0.9677

PART 71
OFFSET  7.6551 -2.4400 -6.7400
X  0.8342 -0.5507  0.0270
Y  0.5336  0.7940 -0.2913
Z  0.1390  0.2574  0.9562

PART 72
OFFSET  6.4366 -1.6355 -6.7795
X  0.8835  0.3863 -0.2650
Y -0.4456  0.8676 -0.2209
Z  0.1446  0.3133  0.9386

PART 73
OFFSET  5.4347 -2.0746 -6.4861
X -0.4021 -0.8703  0.2843
Y -0.8964  0.4375  0.0715
Z -0.1866 -0.2261 -0.9561

PART 74
OFFSET  0.0000 -0.0000 -0.0000
X  1.0000 -0.0000  0.0000
Y  0.0000  1.0000  0.0000
Z  0.0000 -0.0000  1.0000

PART 75
OFFSET  0.0000 -0.0000 -0.0000
X  1.0000 -0.0000  0.0000
Y  0.0000  1.0000  0.0000
Z  0.0000 -0.0000  1.0000

PART 76
OFFSET  1.5404 -0.0000  4.1357
X  1.0000 -0.0000  0.0000
Y  0.0000  1.0000  0.0000
Z  0.0000 -0.0000  1.0000


FRAME 103
PART 0
OFFSET  0.0000 -0.0000 -0.0000
X  1.0000 -0.0000  0.0000
Y  0.0000  1.0000  0.0000
Z  0.0000 -0.0000  1.0000

PART 1
OFFSET -4.6318 -0.0000 -1.3770
X  1.0000 -0.0000  0.0000
Y  0.0000  1.0000  0.0000
Z  0.0000 -0.0000  1.0000

PART 2
OFFSET -3.5060  6.3408 -6.7125
X  0.8870 -0.1872 -0.4221
Y -0.1530 -0.9816  0.1140
Z -0.4357 -0.0365 -0.8994

PART 3
OFFSET  7.2212  4.0762 -11.8174
X  0.8372 -0.4638  0.2897
Y -0.4172 -0.1992  0.8867
Z -0.3536 -0.8632 -0.3603

PART 4
OFFSET  14.3421  0.1310 -9.3535
X  0.8372 -0.4638  0.2897
Y  0.1506  0.7048  0.6932
Z -0.5257 -0.5367  0.6599

PART 5
OFFSET  16.4664  1.1742 -9.0027
X  0.8406 -0.4603  0.2854
Y  0.3572  0.8673  0.3467
Z -0.4071 -0.1895  0.8935

PART 6
OFFSET  15.4568 -0.7196 -10.4361
X  0.8406 -0.4603  0.2854
Y  0.3572  0.8673  0.3467
Z -0.4071 -0.1895  0.8935

PART 7
OFFSET  15.8412  0.1607 -7.0107
X  0.8406 -0.4603  0.2854
Y  0.3572  0.8673  0.3467
Z -0.4071 -0.1895  0.8935

PART 8
OFFSET  15.2140 -1.1418 -7.6304
X  0.8406 -0.4603  0.2854
Y  0.3572  0.8673  0.3467
Z -0.4071 -0.1895  0.8935

PART 9
OFFSET  14.7119 -1.8494 -8.6287
X  0.8406 -0.4603  0.2854
Y  0.3572  0.8673  0.3467
Z -0.4071 -0.1895  0.8935

PART 10
OFFSET  16.9087 -1.2910 -8.4654
X  0.9690 -0.1989  0.1463
Y  0.0529  0.7461  0.6638
Z -0.2411 -0.6355  0.7335

PART 11
OFFSET  17.2967 -0.9214 -7.4579
X  0.9122 -0.0107  0.4097
Y -0.0679  0.9819  0.1768
Z -0.4042 -0.1891  0.8949

PART 12
OFFSET  19.2358 -0.8570 -6.5064
X  0.9507 -0.3098  0.0162
Y  0.2592  0.8220  0.5071
Z -0.1704 -0.4779  0.8617

PART 13
OFFSET  20.7360 -1.4596 -6.4139
X  0.9356 -0.0229  0.3524
Y -0.0845  0.9544  0.2865
Z -0.3429 -0.2978  0.8909

PART 14
OFFSET  21.7306 -1.4818 -5.9872
X  0.8934  0.3710 -0.2532
Y -0.2545 -0.0462 -0.9660
Z -0.3701  0.9275  0.0532

PART 15
OFFSET  17.6233 -2.3866 -8.9041
X  0.7826 -0.6215 -0.0339
Y -0.4094 -0.5551  0.7241
Z -0.4689 -0.5528 -0.6889

PART 16
OFFSET  19.3999 -3.7707 -8.7912
X -0.1173 -0.2198  0.9685
Y -0.6812  0.7274  0.0825
Z -0.7226 -0.6500 -0.2351

PART 17
OFFSET  19.2337 -4.0818 -7.4200
X -0.4637  0.2505  0.8498
Y -0.5291  0.6910 -0.4924
Z -0.7106 -0.6780 -0.1879

PART 18
OFFSET  18.8226 -3.8597 -6.6666
X -0.5946  0.4575  0.6611
Y -0.3139  0.6249 -0.7148
Z -0.7402 -0.6326 -0.2280

PART 19
OFFSET  18.2576 -3.4251 -6.0385
X  0.7589 -0.6507 -0.0240
Y  0.0521  0.0974 -0.9939
Z  0.6491  0.7530  0.1079

PART 20
OFFSET  17.9053 -1.8458 -8.5332
X  0.9045 -0.4222 -0.0602
Y -0.2630 -0.6634  0.7005
Z -0.3357 -0.6178 -0.7111

PART 21
OFFSET  20.1607 -3.1387 -8.5327
X  0.0157 -0.6247  0.7807
Y -0.6434  0.5913  0.4861
Z -0.7653 -0.5100 -0.3927

PART 22
OFFSET  20.1874 -4.2023 -7.2036
X -0.5514  0.2184  0.8051
Y -0.3468  0.8178 -0.4594
Z -0.7587 -0.5325 -0.3752

PART 23
OFFSET  19.4231 -3.8996 -6.0877
X -0.6452  0.5052  0.5732
Y -0.1132  0.6787 -0.7256
Z -0.7556 -0.5330 -0.3807

PART 24
OFFSET  18.7234 -3.3518 -5.4661
X  0.5561 -0.8278 -0.0739
Y  0.3096  0.2888 -0.9060
Z  0.7713  0.4809  0.4169

PART 25
OFFSET  19.8508 -1.0601 -6.5675
X  0.8345 -0.5081  0.2132
Y  0.5142  0.5789 -0.6328
Z  0.1981  0.6377  0.7443

PART 26
OFFSET  20.8142 -1.2671 -7.6675
X  0.5631 -0.8172  0.1232
Y -0.5611 -0.2686  0.7829
Z -0.6067 -0.5100 -0.6098

PART 27
OFFSET  21.8056 -2.7058 -7.4506
X -0.2166 -0.7207  0.6585
Y -0.7940  0.5225  0.3107
Z -0.5681 -0.4555 -0.6854

PART 28
OFFSET  21.5768 -3.5543 -6.6084
X -0.6444 -0.1137  0.7562
Y -0.4668  0.8417 -0.2712
Z -0.6057 -0.5278 -0.5955

PART 29
OFFSET  20.8490 -3.6828 -5.7542
X  0.4608 -0.8713 -0.1688
Y  0.5502  0.4297 -0.7160
Z  0.6963  0.2370  0.6774

PART 30
OFFSET  20.6102 -2.1693 -8.2716
X  0.2392 -0.7715  0.5895
Y -0.7399  0.2484  0.6252
Z -0.6288 -0.5857 -0.5114

PART 31
OFFSET  21.0775 -3.6764 -7.1199
X -0.5337 -0.1591  0.8306
Y -0.5359  0.8233 -0.1867
Z -0.6541 -0.5448 -0.5247

PART 32
OFFSET  20.2979 -3.9088 -5.9068
X -0.7454  0.3785  0.5488
Y -0.0659  0.7773 -0.6256
Z -0.6633 -0.5025 -0.5545

PART 33
OFFSET  19.4490 -3.4842 -5.2887
X  0.6561 -0.7546  0.0143
Y  0.3787  0.3128 -0.8710
Z  0.6528  0.5769  0.4910

PART 34
OFFSET  19.1400 -3.2007 -7.3088
X -0.3936 -0.6268 -0.6724
Y  0.2411  0.6355 -0.7335
Z  0.8871 -0.4509 -0.0990

PART 35
OFFSET  8.2490 -2.6954 -4.4065
X  0.9996  0.0222  0.0166
Y -0.0208  0.9968 -0.0777
Z -0.0183  0.0774  0.9968

PART 36
OFFSET  8.2490 -2.6954 -4.4065
X  0.9996  0.0222  0.0166
Y -0.0208  0.9968 -0.0777
Z -0.0183  0.0774  0.9968

PART 37
OFFSET  13.5103 -2.6762 -1.9466
X  0.9990  0.0238  0.0370
Y -0.0208  0.9968 -0.0777
Z -0.0387  0.0769  0.9963

PART 38
OFFSET  17.5202 -2.6784 -6.6643
X  0.9996  0.0222  0.0166
Y -0.0208  0.9968 -0.0777
Z -0.0183  0.0774  0.9968

PART 39
OFFSET  22.6745 -2.7623 -4.7918
X  0.9151  0.3308 -0.2304
Y  0.0268 -0.6202 -0.7840
Z -0.4023  0.7113 -0.5764

PART 40
OFFSET -4.5316 -3.0735 -6.0134
X  0.9080  0.0514  0.4159
Y -0.0208  0.9968 -0.0777
Z -0.4185  0.0619  0.9061

PART 41
OFFSET  27.6758 -2.6129 -8.5461
X  0.0208 -0.9968  0.0777
Y  0.9996  0.0222  0.0166
Z -0.0183  0.0774  0.9968

PART 42
OFFSET  12.4537 -2.5654 -4.0595
X  0.9996  0.0222  0.0166
Y -0.0208  0.9968 -0.0777
Z -0.0183  0.0774  0.9968

PART 43
OFFSET  31.8327 -2.0738 -2.9584
X  0.9996  0.0222  0.0166
Y -0.0208  0.9968 -0.0777
Z -0.0183  0.0774  0.9968

PART 44
OFFSET -16.6612 -4.8127 -6.7186
X -0.8537  0.0690  0.5161
Y -0.2634 -0.9122 -0.3138
Z  0.4492 -0.4039  0.7969

PART 45
OFFSET -6.3364 -5.6469 -12.9607
X -0.8482 -0.0741 -0.5245
Y  0.5297 -0.1143 -0.8404
Z  0.0023 -0.9907  0.1363

PART 46
OFFSET  0.8777 -5.0164 -8.4995
X -0.8482 -0.0741 -0.5245
Y  0.5279 -0.2008 -0.8252
Z -0.0442 -0.9768  0.2095

PART 47
OFFSET  1.7345 -3.6460 -7.3365
X -0.8513 -0.0705 -0.5199
Y -0.0075  0.9925 -0.1222
Z  0.5246 -0.1001 -0.8454

PART 48
OFFSET  1.5733 -4.2063 -6.2651
X -0.8513 -0.0705 -0.5199
Y -0.0075  0.9925 -0.1222
Z  0.5246 -0.1001 -0.8454

PART 49
OFFSET  1.7358 -5.5602 -6.1484
X -0.8513 -0.0705 -0.5199
Y -0.0075  0.9925 -0.1222
Z  0.5246 -0.1001 -0.8454

PART 50
OFFSET  3.4779 -4.7891 -6.8915
X -0.9465 -0.1828 -0.2661
Y  0.3058 -0.2434 -0.9205
Z  0.1035 -0.9525  0.2863

PART 51
OFFSET  3.5661 -4.0808 -6.0012
X -0.4744 -0.7289 -0.4935
Y  0.5883  0.1546 -0.7938
Z  0.6549 -0.6669  0.3555

PART 52
OFFSET  4.4947 -2.4862 -4.8767
X -0.8998 -0.3477  0.2634
Y -0.0350 -0.5443 -0.8381
Z  0.4348 -0.7634  0.4776

PART 53
OFFSET  5.8966 -1.8718 -5.4054
X -0.5484  0.0322  0.8356
Y -0.6347 -0.6667 -0.3908
Z  0.5445 -0.7446  0.3861

PART 54
OFFSET  6.4755 -1.8613 -6.3200
X -0.8854  0.3647  0.2883
Y  0.0930  0.7465 -0.6588
Z -0.4555 -0.5565 -0.6948

PART 55
OFFSET  4.5853 -4.7026 -7.7099
X -0.9320 -0.2734  0.2378
Y  0.3365 -0.8966  0.2880
Z  0.1344  0.3485  0.9276

PART 56
OFFSET  6.6578 -3.9276 -8.1443
X -0.0869 -0.9859  0.1431
Y  0.9546 -0.1235 -0.2711
Z  0.2849  0.1131  0.9519

PART 57
OFFSET  6.7809 -2.5318 -8.3469
X  0.7867 -0.5939 -0.1686
Y  0.5614  0.8018 -0.2046
Z  0.2567  0.0663  0.9642

PART 58
OFFSET  6.0834 -2.0052 -8.1974
X  0.9032  0.2954 -0.3113
Y -0.3195  0.9472 -0.0283
Z  0.2865  0.1250  0.9499

PART 59
OFFSET  5.2252 -2.2859 -7.9017
X -0.5317 -0.8386  0.1185
Y -0.7862  0.5408  0.2990
Z -0.3148  0.0658 -0.9469

PART 60
OFFSET  4.6047 -4.6336 -6.9996
X -0.9643 -0.2616  0.0416
Y  0.2607 -0.9097  0.3231
Z -0.0467  0.3224  0.9455

PART 61
OFFSET  7.1200 -4.0226 -7.2408
X -0.1158 -0.9598  0.2558
Y  0.9491 -0.1828 -0.2563
Z  0.2928  0.2131  0.9321

PART 62
OFFSET  7.3172 -2.3885 -7.6762
X  0.8937 -0.4085 -0.1854
Y  0.3493  0.8929 -0.2840
Z  0.2815  0.1891  0.9407

PART 63
OFFSET  6.0786 -1.8224 -7.4193
X  0.8262  0.4537 -0.3341
Y -0.4913  0.8704 -0.0328
Z  0.2759  0.1912  0.9420

PART 64
OFFSET  5.1825 -2.3144 -7.0570
X -0.3827 -0.8595  0.3388
Y -0.8874  0.4440  0.1241
Z -0.2571 -0.2531 -0.9326

PART 65
OFFSET -0.6643 -5.8546 -7.0672
X -0.9209 -0.3898  0.0073
Y -0.3620  0.8480 -0.3870
Z  0.1447 -0.3590 -0.9220

PART 66
OFFSET  6.9736 -4.2472 -5.0541
X -0.9833 -0.0493 -0.1750
Y  0.0171 -0.9833  0.1810
Z -0.1810  0.1749  0.9678

PART 67
OFFSET  8.7049 -4.1604 -4.7460
X -0.3486 -0.9243  0.1555
Y  0.9204 -0.3062  0.2433
Z -0.1772  0.2279  0.9574

PART 68
OFFSET  9.1180 -3.0229 -4.8770
X  0.0679 -0.9829  0.1714
Y  0.9809  0.0972  0.1686
Z -0.1824  0.1567  0.9707

PART 69
OFFSET  9.0413 -1.9127 -5.0706
X -0.9589  0.2763  0.0650
Y  0.2536  0.9367 -0.2414
Z -0.1276 -0.2149 -0.9683

PART 70
OFFSET  7.1859 -4.3600 -6.1324
X -0.2469 -0.9268  0.2831
Y  0.9637 -0.2654 -0.0282
Z  0.1013  0.2658  0.9587

PART 71
OFFSET  7.6683 -2.5495 -6.6854
X  0.8401 -0.5394  0.0564
Y  0.5272  0.7877 -0.3187
Z  0.1275  0.2975  0.9462

PART 72
OFFSET  6.4412 -1.7615 -6.7678
X  0.8814  0.3855 -0.2730
Y -0.4533  0.8527 -0.2597
Z  0.1327  0.3526  0.9263

PART 73
OFFSET  5.4417 -2.2001 -6.4653
X -0.3948 -0.8627  0.3160
Y -0.9019  0.4296  0.0461
Z -0.1755 -0.2667 -0.9477

PART 74
OFFSET  0.0000 -0.0000 -0.0000
X  1.0000 -0.0000  0.0000
Y  0.0000  1.0000  0.0000
Z  0.0000 -0.0000  1.0000

PART 75
OFFSET  0.0000 -0.0000 -0.0000
X  1.0000 -0.0000  0.0000
Y  0.0000  1.0000  0.0000
Z  0.0000 -0.0000  1.0000

PART 76
OFFSET  1.5404 -0.0000  4.1357
X  1.0000 -0.0000  0.0000
Y  0.0000  1.0000  0.0000
Z  0.0000 -0.0000  1.0000


FRAME 104
PART 0
OFFSET  0.0000 -0.0000 -0.0000
X  1.0000 -0.0000  0.0000
Y  0.0000  1.0000  0.0000
Z  0.0000 -0.0000  1.0000

PART 1
OFFSET -4.6318 -0.0000 -1.3770
X  1.0000 -0.0000  0.0000
Y  0.0000  1.0000  0.0000
Z  0.0000 -0.0000  1.0000

PART 2
OFFSET -3.5060  6.3408 -6.7125
X  0.8865 -0.1987 -0.4180
Y -0.1558 -0.9786  0.1347
Z -0.4358 -0.0543 -0.8984

PART 3
OFFSET  7.2149  3.9379 -11.7674
X  0.8389 -0.4587  0.2931
Y -0.4118 -0.1825  0.8928
Z -0.3560 -0.8696 -0.3420

PART 4
OFFSET  14.3497  0.0365 -9.2743
X  0.8389 -0.4587  0.2931
Y  0.1686  0.7310  0.6613
Z -0.5176 -0.5053  0.6905

PART 5
OFFSET  16.4764  1.0852 -8.9561
X  0.8422 -0.4553  0.2887
Y  0.3596  0.8734  0.3283
Z -0.4017 -0.1727  0.8994

PART 6
OFFSET  15.4574 -0.8346 -10.3477
X  0.8422 -0.4553  0.2887
Y  0.3596  0.8734  0.3283
Z -0.4017 -0.1727  0.8994

PART 7
OFFSET  15.8633  0.1092 -6.9417
X  0.8422 -0.4553  0.2887
Y  0.3596  0.8734  0.3283
Z -0.4017 -0.1727  0.8994

PART 8
OFFSET  15.2318 -1.2044 -7.5332
X  0.8422 -0.4553  0.2887
Y  0.3596  0.8734  0.3283
Z -0.4017 -0.1727  0.8994

PART 9
OFFSET  14.7234 -1.9302 -8.5151
X  0.8422 -0.4553  0.2887
Y  0.3596  0.8734  0.3283
Z -0.4017 -0.1727  0.8994

PART 10
OFFSET  16.9213 -1.3698 -8.3757
X  0.9703 -0.1767  0.1651
Y  0.0353  0.7789  0.6262
Z -0.2392 -0.6018  0.7620

PART 11
