// Export filename: `C:\projects\cod\t5\xanim_export\t5_viewmodels\ak47\ak47_dualclip_reload_empty_quick.XANIM_EXPORT`
// Source filename: `D:\projects\devanim\t5\animation_assets\viewmodels\ak47\ViewModel_AK47_animated.fbx`
// Export time: Tue Aug 17 22:16:11 2010

ANIMATION
VERSION 3

NUMPARTS 78
PART 0 "tag_ads"
PART 1 "tag_torso"
PART 2 "J_Shoulder_LE"
PART 3 "J_Elbow_LE"
PART 4 "J_WristTwist_LE"
PART 5 "J_Sleave_Reshape_Bottom_LE_1"
PART 6 "J_Sleave_Reshape_Bottom_LE_2"
PART 7 "J_Sleave_Reshape_Top_LE_1"
PART 8 "J_Sleave_Reshape_Top_LE_2"
PART 9 "J_Sleave_Reshape_Top_LE_3"
PART 10 "J_Wrist_LE"
PART 11 "J_Thumb_LE_0"
PART 12 "J_Thumb_LE_1"
PART 13 "J_Thumb_LE_2"
PART 14 "J_Thumb_LE_3"
PART 15 "J_PinkyPalm_LE"
PART 16 "J_Pinky_LE_0"
PART 17 "J_Pinky_LE_1"
PART 18 "J_Pinky_LE_2"
PART 19 "J_Pinky_LE_3"
PART 20 "J_RingPalm_LE"
PART 21 "J_Ring_LE_0"
PART 22 "J_Ring_LE_1"
PART 23 "J_Ring_LE_2"
PART 24 "J_Ring_LE_3"
PART 25 "J_Webbing_LE"
PART 26 "J_Index_LE_0"
PART 27 "J_Index_LE_1"
PART 28 "J_Index_LE_2"
PART 29 "J_Index_LE_3"
PART 30 "J_Mid_LE_0"
PART 31 "J_Mid_LE_1"
PART 32 "J_Mid_LE_2"
PART 33 "J_Mid_LE_3"
PART 34 "tag_knife_attach"
PART 35 "tag_weapon"
PART 36 "J_Gun"
PART 37 "J_bolt"
PART 38 "tag_flame_unit"
PART 39 "tag_flamer_bracket"
PART 40 "tag_flamer_bottle"
PART 41 "tag_flamer_button"
PART 42 "tag_flamer_ring"
PART 43 "tag_flamer_pilot_light"
PART 44 "TAG_DUAL_CLIP"
PART 45 "J_Shoulder_RI"
PART 46 "J_Elbow_RI"
PART 47 "J_WristTwist_RI"
PART 48 "J_Sleave_Reshape_Top_RI_3"
PART 49 "J_Sleave_Reshape_Top_RI_2"
PART 50 "J_Sleave_Reshape_Top_RI_1"
PART 51 "J_Wrist_RI"
PART 52 "J_Thumb_RI_0"
PART 53 "J_Thumb_RI_1"
PART 54 "J_Thumb_RI_2"
PART 55 "J_Thumb_RI_3"
PART 56 "J_PinkyPalm_RI"
PART 57 "J_Pinky_RI_0"
PART 58 "J_Pinky_RI_1"
PART 59 "J_Pinky_RI_2"
PART 60 "J_Pinky_RI_3"
PART 61 "J_RingPalm_RI"
PART 62 "J_Ring_RI_0"
PART 63 "J_Ring_RI_1"
PART 64 "J_Ring_RI_2"
PART 65 "J_Ring_RI_3"
PART 66 "J_Webbing_RI"
PART 67 "J_Index_RI_0"
PART 68 "J_Index_RI_1"
PART 69 "J_Index_RI_2"
PART 70 "J_Index_RI_3"
PART 71 "J_Mid_RI_0"
PART 72 "J_Mid_RI_1"
PART 73 "J_Mid_RI_2"
PART 74 "J_Mid_RI_3"
PART 75 "tag_cambone"
PART 76 "tag_camera"
PART 77 "tag_gasmask"

FRAMERATE 30
NUMFRAMES 84

FRAME 3100
PART 0
OFFSET  0.0000 -0.0000 -0.0000
X  1.0000 -0.0000  0.0000
Y  0.0000  1.0000  0.0000
Z  0.0000 -0.0000  1.0000

PART 1
OFFSET -4.6318 -0.0000 -1.3770
X  1.0000 -0.0000  0.0000
Y  0.0000  1.0000  0.0000
Z  0.0000 -0.0000  1.0000

PART 2
OFFSET -3.5060  6.3408 -6.7125
X  0.9050 -0.1375 -0.4027
Y -0.1187 -0.9904  0.0712
Z -0.4086 -0.0166 -0.9126

PART 3
OFFSET  7.4385  4.6783 -11.5824
X  0.7038 -0.4936  0.5109
Y -0.6390 -0.1257  0.7589
Z -0.3104 -0.8605 -0.4039

PART 4
OFFSET  13.4246  0.4796 -7.2374
X  0.7038 -0.4936  0.5109
Y -0.0361  0.6933  0.7197
Z -0.7095 -0.5250  0.4702

PART 5
OFFSET  15.4596  1.4188 -6.4002
X  0.7084 -0.4906  0.5074
Y  0.3177  0.8636  0.3915
Z -0.6303 -0.1161  0.7676

PART 6
OFFSET  14.7140 -0.4916 -7.9670
X  0.7084 -0.4906  0.5074
Y  0.3177  0.8636  0.3915
Z -0.6303 -0.1161  0.7676

PART 7
OFFSET  14.2865  0.5547 -4.5938
X  0.7084 -0.4906  0.5074
Y  0.3177  0.8636  0.3915
Z -0.6303 -0.1161  0.7676

PART 8
OFFSET  13.7467 -0.7427 -5.3005
X  0.7084 -0.4906  0.5074
Y  0.3177  0.8636  0.3915
Z -0.6303 -0.1161  0.7676

PART 9
OFFSET  13.4637 -1.4751 -6.3648
X  0.7084 -0.4906  0.5074
Y  0.3177  0.8636  0.3915
Z -0.6303 -0.1161  0.7676

PART 10
OFFSET  15.5823 -1.0338 -5.6713
X  0.9667 -0.2298  0.1127
Y  0.0805  0.6910  0.7184
Z -0.2430 -0.6854  0.6864

PART 11
OFFSET  15.9950 -0.7518 -4.6454
X  0.9193 -0.0900  0.3833
Y -0.0161  0.9641  0.2649
Z -0.3933 -0.2497  0.8848

PART 12
OFFSET  17.9552 -0.8635 -3.7427
X  0.9493 -0.3141 -0.0104
Y  0.2644  0.7802  0.5669
Z -0.1699 -0.5409  0.8237

PART 13
OFFSET  19.4530 -1.4778 -3.7012
X  0.9394 -0.1609  0.3027
Y  0.0297  0.9179  0.3958
Z -0.3415 -0.3628  0.8670

PART 14
OFFSET  20.4537 -1.6527 -3.3274
X  0.9189  0.3035 -0.2520
Y -0.2920  0.0938 -0.9518
Z -0.2652  0.9482  0.1748

PART 15
OFFSET  16.2650 -2.1066 -6.2064
X  0.7680 -0.6332 -0.0962
Y -0.4096 -0.6010  0.6863
Z -0.4924 -0.4877 -0.7209

PART 16
OFFSET  18.0120 -3.5319 -6.2334
X -0.1061 -0.2919  0.9505
Y -0.6634  0.7329  0.1510
Z -0.7407 -0.6146 -0.2714

PART 17
OFFSET  17.8618 -3.9452 -4.8876
X -0.3622  0.0350  0.9314
Y -0.5890  0.7659 -0.2578
Z -0.7224 -0.6420 -0.2568

PART 18
OFFSET  17.5407 -3.9142 -4.0618
X -0.5161  0.2747  0.8113
Y -0.4010  0.7594 -0.5123
Z -0.7568 -0.5897 -0.2818

PART 19
OFFSET  17.0504 -3.6532 -3.2910
X  0.7559 -0.6016 -0.2582
Y -0.0663  0.3220 -0.9444
Z  0.6513  0.7310  0.2036

PART 20
OFFSET  16.5650 -1.6022 -5.8000
X  0.8938 -0.4350 -0.1092
Y -0.2660 -0.7102  0.6518
Z -0.3611 -0.5535 -0.7505

PART 21
OFFSET  18.7908 -2.9380 -5.9407
X  0.0148 -0.6837  0.7296
Y -0.6220  0.5650  0.5421
Z -0.7829 -0.4618 -0.4169

PART 22
OFFSET  18.8160 -4.1020 -4.6986
X -0.5031  0.0940  0.8591
Y -0.3796  0.8690 -0.3174
Z -0.7764 -0.4858 -0.4015

PART 23
OFFSET  18.1188 -3.9717 -3.5079
X -0.6126  0.4092  0.6762
Y -0.1617  0.7726 -0.6140
Z -0.7736 -0.4855 -0.4071

PART 24
OFFSET  17.4544 -3.5280 -2.7745
X  0.5563 -0.8004 -0.2233
Y  0.2520  0.4186 -0.8725
Z  0.7919  0.4291  0.4346

PART 25
OFFSET  18.5599 -1.0124 -3.8152
X  0.8264 -0.5404  0.1580
Y  0.5163  0.6155 -0.5955
Z  0.2246  0.5737  0.7877

PART 26
OFFSET  19.5000 -1.1533 -4.9454
X  0.5468 -0.8358  0.0493
Y -0.5539 -0.3169  0.7699
Z -0.6279 -0.4483 -0.6362

PART 27
OFFSET  20.4628 -2.6249 -4.8586
X -0.1559 -0.8054  0.5718
Y -0.7903  0.4490  0.4170
Z -0.5926 -0.3869 -0.7065

PART 28
OFFSET  20.3093 -3.5805 -4.1205
X -0.5957 -0.2321  0.7690
Y -0.5074  0.8509 -0.1362
Z -0.6227 -0.4713 -0.6246

PART 29
OFFSET  19.6365 -3.8427 -3.2519
X  0.4768 -0.8251 -0.3031
Y  0.4944  0.5368 -0.6837
Z  0.7269  0.1762  0.6638

PART 30
OFFSET  19.2660 -2.0013 -5.6136
X  0.2318 -0.8198  0.5236
Y -0.7237  0.2144  0.6560
Z -0.6500 -0.5310 -0.5436

PART 31
OFFSET  19.7189 -3.6029 -4.5907
X -0.4960 -0.2308  0.8371
Y -0.5399  0.8370 -0.0892
Z -0.6800 -0.4961 -0.5398

PART 32
OFFSET  18.9943 -3.9400 -3.3681
X -0.7177  0.3295  0.6134
Y -0.0906  0.8292 -0.5515
Z -0.6904 -0.4514 -0.5653

PART 33
OFFSET  18.1766 -3.5706 -2.6770
X  0.6523 -0.7535 -0.0820
Y  0.3401  0.3876 -0.8568
Z  0.6773  0.5310  0.5091

PART 34
OFFSET  17.7895 -3.0736 -4.7068
X -0.4185 -0.5643 -0.7116
Y  0.2430  0.6854 -0.6864
Z  0.8751 -0.4602 -0.1498

PART 35
OFFSET  8.2563 -2.6698 -4.5431
X  1.0000 -0.0000  0.0000
Y  0.0000  1.0000  0.0000
Z  0.0000 -0.0000  1.0000

PART 36
OFFSET  8.2563 -2.6698 -4.5431
X  1.0000 -0.0000  0.0000
Y  0.0000  1.0000  0.0000
Z  0.0000 -0.0000  1.0000

PART 37
OFFSET  13.5569 -2.9515 -2.1857
X  0.9998 -0.0000  0.0204
Y  0.0000  1.0000 -0.0000
Z -0.0204  0.0000  0.9998

PART 38
OFFSET  7.5063 -2.6698 -6.8357
X  1.0000 -0.0000  0.0000
Y  0.0000  1.0000  0.0000
Z  0.0000 -0.0000  1.0000

PART 39
OFFSET  22.1140 -3.0231 -5.7976
X -0.3819 -0.0000  0.9242
Y -0.9242  0.0000 -0.3819
Z -0.0000 -1.0000 -0.0000

PART 40
OFFSET  22.1140 -3.0231 -5.7976
X  0.0000  1.0000  0.0000
Y -1.0000  0.0000  0.0000
Z  0.0000 -0.0000  1.0000

PART 41
OFFSET  21.7077 -2.7332 -6.2840
X  0.0000  1.0000  0.0000
Y -1.0000  0.0000  0.0000
Z  0.0000 -0.0000  1.0000

PART 42
OFFSET  21.7077 -1.3332 -6.2840
X  0.0000  0.8512 -0.5249
Y -1.0000  0.0000  0.0000
Z  0.0000  0.5249  0.8512

PART 43
OFFSET  30.9061 -1.1440 -6.7923
X  0.7965 -0.4529  0.4006
Y  0.6040  0.5638 -0.5634
Z  0.0293  0.6907  0.7226

PART 44
OFFSET  12.4681 -2.6548 -4.2640
X  1.0000 -0.0000  0.0000
Y  0.0000  1.0000  0.0000
Z  0.0000 -0.0000  1.0000

PART 45
OFFSET -17.6076 -4.8127 -7.0611
X -0.8933  0.0570  0.4458
Y -0.2146 -0.9256 -0.3117
Z  0.3949 -0.3741  0.8391

PART 46
OFFSET -6.8040 -5.5017 -12.4528
X -0.8818 -0.0897 -0.4630
Y  0.4713 -0.1330 -0.8719
Z  0.0166 -0.9871  0.1595

PART 47
OFFSET  0.6961 -4.7390 -8.5146
X -0.8818 -0.0897 -0.4630
Y  0.4716 -0.1611 -0.8670
Z  0.0031 -0.9829  0.1844

PART 48
OFFSET  1.6239 -3.3379 -7.4465
X -0.8846 -0.0859 -0.4583
Y -0.0209  0.9892 -0.1452
Z  0.4659 -0.1189 -0.8768

PART 49
OFFSET  1.5394 -3.8726 -6.3534
X -0.8846 -0.0859 -0.4583
Y -0.0209  0.9892 -0.1452
Z  0.4659 -0.1189 -0.8768

PART 50
OFFSET  1.7163 -5.2227 -6.2156
X -0.8846 -0.0859 -0.4583
Y -0.0209  0.9892 -0.1452
Z  0.4659 -0.1189 -0.8768

PART 51
OFFSET  3.3994 -4.4641 -7.0951
X -0.9546 -0.1418 -0.2621
Y  0.2850 -0.1775 -0.9420
Z  0.0871 -0.9739  0.2098

PART 52
OFFSET  3.5180 -3.8292 -6.1544
X -0.4986 -0.6783 -0.5397
Y  0.5783  0.2035 -0.7900
Z  0.6457 -0.7060  0.2908

PART 53
OFFSET  4.5003 -2.3465 -4.9270
X -0.9028 -0.3483  0.2521
Y -0.0610 -0.4767 -0.8770
Z  0.4256 -0.8071  0.4091

PART 54
OFFSET  5.9065 -1.7222 -5.4322
X -0.5336 -0.0214  0.8455
Y -0.6557 -0.6209 -0.4295
Z  0.5342 -0.7836  0.3173

PART 55
OFFSET  6.4702 -1.6527 -6.3537
X -0.8721  0.3596  0.3318
Y  0.0986  0.7934 -0.6007
Z -0.4792 -0.4912 -0.7274

PART 56
OFFSET  4.4947 -4.3373 -7.9244
X -0.9338 -0.2716  0.2329
Y  0.3213 -0.9230  0.2116
Z  0.1575  0.2724  0.9492

PART 57
OFFSET  6.5764 -3.5742 -8.3354
X -0.1064 -0.9920  0.0680
Y  0.9470 -0.1219 -0.2972
Z  0.3031  0.0328  0.9524

PART 58
OFFSET  6.7270 -2.1698 -8.4316
X  0.7704 -0.5952 -0.2284
Y  0.5756  0.8034 -0.1522
Z  0.2741 -0.0142  0.9616

PART 59
OFFSET  6.0439 -1.6420 -8.2291
X  0.9043  0.2998 -0.3040
Y -0.2988  0.9530  0.0509
Z  0.3049  0.0448  0.9513

PART 60
OFFSET  5.1848 -1.9269 -7.9403
X -0.5482 -0.8340  0.0630
Y -0.7690  0.5322  0.3543
Z -0.3290  0.1458 -0.9330

PART 61
OFFSET  4.5274 -4.3242 -7.2114
X -0.9690 -0.2439  0.0388
Y  0.2458 -0.9373  0.2469
Z -0.0239  0.2488  0.9683

PART 62
OFFSET  7.0513 -3.7488 -7.4505
X -0.1328 -0.9741  0.1828
Y  0.9405 -0.1821 -0.2870
Z  0.3128  0.1338  0.9403

PART 63
OFFSET  7.2774 -2.0903 -7.7617
X  0.8812 -0.4114 -0.2327
Y  0.3642  0.9048 -0.2204
Z  0.3012  0.1095  0.9472

PART 64
OFFSET  6.0561 -1.5201 -7.4392
X  0.8304  0.4610 -0.3130
Y -0.4723  0.8804  0.0436
Z  0.2956  0.1116  0.9488

PART 65
OFFSET  5.1555 -2.0201 -7.0997
X -0.3960 -0.8751  0.2782
Y -0.8751  0.4514  0.1743
Z -0.2781 -0.1744 -0.9446

PART 66
OFFSET -0.7678 -5.4262 -7.2769
X -0.9291 -0.3699 -0.0061
Y -0.3495  0.8829 -0.3136
Z  0.1213 -0.2892 -0.9496

PART 67
OFFSET  6.9363 -4.1397 -5.2854
X -0.9803 -0.1931 -0.0406
Y  0.1869 -0.9747  0.1229
Z -0.0633  0.1129  0.9916

PART 68
OFFSET  8.6623 -3.7997 -5.2139
X -0.9741 -0.2239 -0.0304
Y  0.2152 -0.9603  0.1773
Z -0.0689  0.1662  0.9837

PART 69
OFFSET  9.8424 -3.5175 -5.1172
X -0.9659 -0.2397 -0.0981
Y  0.2227 -0.9620  0.1579
Z -0.1323  0.1307  0.9826

PART 70
OFFSET  10.9334 -3.2467 -5.0063
X  0.0762  0.9832  0.1658
Y  0.9969 -0.0787  0.0085
Z  0.0214  0.1646 -0.9861

PART 71
OFFSET  7.1281 -4.1726 -6.3729
X -0.2627 -0.9406  0.2150
Y  0.9570 -0.2824 -0.0663
Z  0.1231  0.1883  0.9744

PART 72
OFFSET  7.6413 -2.3351 -6.7929
X  0.8288 -0.5596 -0.0009
Y  0.5392  0.7990 -0.2664
Z  0.1498  0.2203  0.9639

PART 73
OFFSET  6.4307 -1.5177 -6.7917
X  0.8851  0.3871 -0.2584
Y -0.4386  0.8795 -0.1846
Z  0.1558  0.2767  0.9482

PART 74
OFFSET  5.4269 -1.9575 -6.5058
X -0.4085 -0.8763  0.2554
Y -0.8912  0.4434  0.0957
Z -0.1971 -0.1885 -0.9621

PART 75
OFFSET  0.0000 -0.0000 -0.0000
X  1.0000 -0.0000  0.0000
Y  0.0000  1.0000  0.0000
Z  0.0000 -0.0000  1.0000

PART 76
OFFSET  0.0000 -0.0000 -0.0000
X  1.0000 -0.0000  0.0000
Y  0.0000  1.0000  0.0000
Z  0.0000 -0.0000  1.0000

PART 77
OFFSET  1.5404 -0.0000  4.1357
X  1.0000 -0.0000  0.0000
Y  0.0000  1.0000  0.0000
Z  0.0000 -0.0000  1.0000


FRAME 3101
PART 0
OFFSET  0.0000 -0.0000 -0.0000
X  1.0000 -0.0000  0.0000
Y  0.0000  1.0000  0.0000
Z  0.0000 -0.0000  1.0000

PART 1
OFFSET -4.6318 -0.0000 -1.3770
X  1.0000 -0.0000  0.0000
Y  0.0000  1.0000  0.0000
Z  0.0000 -0.0000  1.0000

PART 2
OFFSET -3.4479  6.4766 -6.4698
X  0.8808 -0.1296 -0.4554
Y -0.1004 -0.9911  0.0879
Z -0.4628 -0.0317 -0.8859

PART 3
OFFSET  7.2042  4.9087 -11.9777
X  0.6919 -0.4872  0.5328
Y -0.6461 -0.0884  0.7581
Z -0.3223 -0.8688 -0.3759

PART 4
OFFSET  13.0892  0.7650 -7.4459
X  0.6919 -0.4872  0.5328
Y -0.1121  0.6566  0.7459
Z -0.7132 -0.5758  0.3997

PART 5
OFFSET  15.1342  1.6987 -6.6272
X  0.6966 -0.4843  0.5293
Y  0.3296  0.8713  0.3635
Z -0.6373 -0.0787  0.7666

PART 6
OFFSET  14.3668 -0.2525 -8.1319
X  0.6966 -0.4843  0.5293
Y  0.3296  0.8713  0.3635
Z -0.6373 -0.0787  0.7666

PART 7
OFFSET  13.9346  0.9179 -4.8003
X  0.6966 -0.4843  0.5293
Y  0.3296  0.8713  0.3635
Z -0.6373 -0.0787  0.7666

PART 8
OFFSET  13.3776 -0.3941 -5.4654
X  0.6966 -0.4843  0.5293
Y  0.3296  0.8713  0.3635
Z -0.6373 -0.0787  0.7666

PART 9
OFFSET  13.0893 -1.1585 -6.5056
X  0.6966 -0.4843  0.5293
Y  0.3296  0.8713  0.3635
Z -0.6373 -0.0787  0.7666

PART 10
OFFSET  15.2104 -0.7286 -5.8125
X  0.9652 -0.2290  0.1265
Y  0.0554  0.6514  0.7567
Z -0.2557 -0.7234  0.6414

PART 11
OFFSET  15.5930 -0.5001 -4.7619
X  0.8769 -0.0606  0.4769
Y -0.1286  0.9263  0.3543
Z -0.4632 -0.3720  0.8044

PART 12
OFFSET  17.4466 -0.5592 -3.6527
X  0.9658 -0.2528  0.0578
Y  0.1501  0.7267  0.6704
Z -0.2115 -0.6387  0.7398

PART 13
OFFSET  18.9731 -1.0822 -3.5166
X  0.9194 -0.1241  0.3732
Y -0.0813  0.8685  0.4890
Z -0.3848 -0.4800  0.7884

PART 14
OFFSET  19.9484 -1.2237 -3.0686
X  0.9091  0.3956 -0.1301
Y -0.2143  0.1764 -0.9607
Z -0.3571  0.9013  0.2451

PART 15
OFFSET  15.9162 -1.7661 -6.3861
X  0.7769 -0.6164 -0.1286
Y -0.4098 -0.6501  0.6399
Z -0.4780 -0.4444 -0.7577

PART 16
OFFSET  17.6811 -3.1659 -6.4862
X  0.0032 -0.4579  0.8890
Y -0.6949  0.6383  0.3313
Z -0.7191 -0.6188 -0.3162

PART 17
OFFSET  17.6856 -3.8143 -5.2276
X -0.2555 -0.1727  0.9512
Y -0.6689  0.7420 -0.0450
Z -0.6981 -0.6478 -0.3051

PART 18
OFFSET  17.4590 -3.9674 -4.3842
X -0.4291  0.0540  0.9016
Y -0.5196  0.8018 -0.2953
Z -0.7388 -0.5952 -0.3160

PART 19
OFFSET  17.0514 -3.9161 -3.5276
X  0.7612 -0.4585 -0.4586
Y -0.2095  0.4953 -0.8431
Z  0.6137  0.7378  0.2810

PART 20
OFFSET  16.2010 -1.2826 -5.9449
X  0.9000 -0.4224 -0.1082
Y -0.2776 -0.7464  0.6048
Z -0.3362 -0.5143 -0.7890

PART 21
OFFSET  18.4503 -2.5748 -6.1146
X  0.1236 -0.7653  0.6317
Y -0.6566  0.4142  0.6303
Z -0.7440 -0.4927 -0.4513

PART 22
OFFSET  18.6608 -3.8778 -5.0391
X -0.4254 -0.1538  0.8918
Y -0.5292  0.8417 -0.1072
Z -0.7342 -0.5175 -0.4395

PART 23
OFFSET  18.0712 -4.0910 -3.8031
X -0.5777  0.1235  0.8068
Y -0.3611  0.8478 -0.3884
Z -0.7320 -0.5157 -0.4452

PART 24
OFFSET  17.4447 -3.9570 -2.9281
X  0.6436 -0.6109 -0.4611
Y  0.0670  0.6451 -0.7611
Z  0.7624  0.4589  0.4562

PART 25
OFFSET  18.1366 -0.7881 -3.8772
X  0.8263 -0.5426  0.1510
Y  0.5271  0.6505 -0.5469
Z  0.1985  0.5315  0.8235

PART 26
OFFSET  19.1080 -0.8609 -4.9872
X  0.6136 -0.7896 -0.0078
Y -0.5423 -0.4286  0.7226
Z -0.5739 -0.4392 -0.6912

PART 27
OFFSET  20.1883 -2.2511 -5.0009
X -0.0354 -0.8876  0.4593
Y -0.8373  0.2773  0.4712
Z -0.5456 -0.3679 -0.7530

PART 28
OFFSET  20.1784 -3.3078 -4.3968
X -0.4937 -0.4735  0.7294
Y -0.6631  0.7477  0.0365
Z -0.5627 -0.4656 -0.6831

PART 29
OFFSET  19.6207 -3.8426 -3.5729
X  0.6010 -0.6518 -0.4626
Y  0.3434  0.7332 -0.5869
Z  0.7217  0.1939  0.6645

PART 30
OFFSET  18.8992 -1.6729 -5.7066
X  0.3224 -0.8446  0.4274
Y -0.7262  0.0689  0.6840
Z -0.6072 -0.5310 -0.5911

PART 31
OFFSET  19.5291 -3.3228 -4.8715
X -0.3941 -0.4391  0.8074
Y -0.6594  0.7470  0.0844
Z -0.6402 -0.4992 -0.5839

PART 32
OFFSET  18.9535 -3.9641 -3.6922
X -0.6890  0.0426  0.7235
Y -0.3022  0.8905 -0.3402
Z -0.6588 -0.4530 -0.6007

PART 33
OFFSET  18.1687 -3.9197 -2.8768
X  0.7634 -0.5725 -0.2991
Y  0.1626  0.6185 -0.7688
Z  0.6251  0.5383  0.5652

PART 34
OFFSET  17.4077 -2.8029 -4.8999
X -0.3945 -0.5276 -0.7523
Y  0.2557  0.7234 -0.6414
Z  0.8826 -0.4454 -0.1505

PART 35
OFFSET  8.2498 -2.6752 -4.5052
X  1.0000 -0.0041  0.0066
Y  0.0040  0.9998  0.0176
Z -0.0067 -0.0176  0.9998

PART 36
OFFSET  8.2498 -2.6752 -4.5052
X  1.0000 -0.0041  0.0066
Y  0.0040  0.9998  0.0176
Z -0.0067 -0.0176  0.9998

PART 37
OFFSET  13.5333 -3.0201 -2.1181
X  0.9996 -0.0045  0.0270
Y  0.0040  0.9998  0.0176
Z -0.0271 -0.0175  0.9995

PART 38
OFFSET  7.5152 -2.6319 -6.8024
X  1.0000 -0.0041  0.0066
Y  0.0040  0.9998  0.0176
Z -0.0067 -0.0176  0.9998

PART 39
OFFSET  22.1141 -3.0634 -5.6740
X -0.3881 -0.0147  0.9215
Y -0.9216  0.0105 -0.3880
Z -0.0040 -0.9998 -0.0176

PART 40
OFFSET  22.1141 -3.0634 -5.6740
X  0.0040  0.9998  0.0176
Y -1.0000  0.0041 -0.0066
Z -0.0067 -0.0176  0.9998

PART 41
OFFSET  21.7122 -2.7634 -6.1580
X  0.0040  0.9998  0.0176
Y -1.0000  0.0041 -0.0066
Z -0.0067 -0.0176  0.9998

PART 42
OFFSET  21.7178 -1.3637 -6.1334
X  0.0069  0.8602 -0.5099
Y -1.0000  0.0041 -0.0066
Z -0.0036  0.5099  0.8602

PART 43
OFFSET  30.9200 -1.2034 -6.5774
X  0.7920 -0.4631  0.3979
Y  0.6100  0.5711 -0.5494
Z  0.0272  0.6778  0.7348

PART 44
OFFSET  12.4596 -2.6825 -4.1980
X  1.0000 -0.0041  0.0066
Y  0.0040  0.9998  0.0176
Z -0.0067 -0.0176  0.9998

PART 45
OFFSET -17.5478 -4.8127 -7.0611
X -0.8908  0.0599  0.4504
Y -0.2144 -0.9294 -0.3005
Z  0.4006 -0.3643  0.8407

PART 46
OFFSET -6.7745 -5.5372 -12.5082
X -0.8796 -0.0979 -0.4656
Y  0.4754 -0.1404 -0.8685
Z  0.0197 -0.9852  0.1700

PART 47
OFFSET  0.7065 -4.7046 -8.5479
X -0.8796 -0.0979 -0.4656
Y  0.4756 -0.1496 -0.8669
Z  0.0152 -0.9839  0.1781

PART 48
OFFSET  1.6247 -3.2888 -7.4909
X -0.8824 -0.0941 -0.4610
Y -0.0240  0.9875 -0.1557
Z  0.4699 -0.1263 -0.8736

PART 49
OFFSET  1.5377 -3.8123 -6.3926
X -0.8824 -0.0941 -0.4610
Y -0.0240  0.9875 -0.1557
Z  0.4699 -0.1263 -0.8736

PART 50
OFFSET  1.7191 -5.1601 -6.2398
X -0.8824 -0.0941 -0.4610
Y -0.0240  0.9875 -0.1557
Z  0.4699 -0.1263 -0.8736

PART 51
OFFSET  3.4029 -4.4045 -7.1204
X -0.9534 -0.1332 -0.2709
Y  0.2906 -0.1621 -0.9430
Z  0.0818 -0.9777  0.1932

PART 52
OFFSET  3.5178 -3.7867 -6.1679
X -0.4977 -0.6667 -0.5548
Y  0.5844  0.2150 -0.7825
Z  0.6409 -0.7137  0.2826

PART 53
OFFSET  4.4978 -2.3298 -4.9082
X -0.9059 -0.3490  0.2400
Y -0.0570 -0.4610 -0.8856
Z  0.4197 -0.8159  0.3977

PART 54
OFFSET  5.9098 -1.7025 -5.3930
X -0.5393 -0.0340  0.8414
Y -0.6553 -0.6106 -0.4447
Z  0.5289 -0.7912  0.3070

PART 55
OFFSET  6.4800 -1.6192 -6.3094
X -0.8729  0.3573  0.3323
Y  0.1058  0.8034 -0.5860
Z -0.4763 -0.4764 -0.7391

PART 56
OFFSET  4.5042 -4.2677 -7.9401
X -0.9364 -0.2718  0.2219
Y  0.3161 -0.9279  0.1975
Z  0.1522  0.2551  0.9549

PART 57
OFFSET  6.5916 -3.5060 -8.3238
X -0.1108 -0.9926  0.0498
Y  0.9485 -0.1206 -0.2930
Z  0.2969  0.0148  0.9548

PART 58
OFFSET  6.7486 -2.1007 -8.3943
X  0.7695 -0.5943 -0.2337
Y  0.5798  0.8036 -0.1342
Z  0.2676 -0.0322  0.9630

PART 59
OFFSET  6.0662 -1.5738 -8.1871
X  0.9075  0.3014 -0.2927
Y -0.2953  0.9531  0.0657
Z  0.2988  0.0268  0.9540

PART 60
OFFSET  5.2041 -1.8602 -7.9090
X -0.5519 -0.8327  0.0447
Y -0.7692  0.5290  0.3585
Z -0.3221  0.1635 -0.9325

PART 61
OFFSET  4.5322 -4.2672 -7.2268
X -0.9702 -0.2406  0.0281
Y  0.2404 -0.9425  0.2320
Z -0.0293  0.2319  0.9723

PART 62
OFFSET  7.0600 -3.6981 -7.4390
X -0.1379 -0.9766  0.1648
Y  0.9416 -0.1809 -0.2839
Z  0.3071  0.1160  0.9446

PART 63
OFFSET  7.2948 -2.0353 -7.7195
X  0.8811 -0.4109 -0.2341
Y  0.3693  0.9071 -0.2021
Z  0.2953  0.0916  0.9510

PART 64
OFFSET  6.0736 -1.4659 -7.3951
X  0.8343  0.4630 -0.2993
Y -0.4691  0.8814  0.0559
Z  0.2897  0.0937  0.9525

PART 65
OFFSET  5.1688 -1.9680 -7.0705
X -0.4013 -0.8782  0.2601
Y -0.8745  0.4519  0.1764
Z -0.2725 -0.1567 -0.9493

PART 66
OFFSET -0.7668 -5.3460 -7.3467
X -0.9305 -0.3659 -0.0187
Y -0.3438  0.8897 -0.3003
Z  0.1265 -0.2730 -0.9537

PART 67
OFFSET  6.9289 -4.1264 -5.2820
X -0.9808 -0.1883 -0.0505
Y  0.1822 -0.9774  0.1070
Z -0.0695  0.0957  0.9930

PART 68
OFFSET  8.6558 -3.7949 -5.1931
X -0.9748 -0.2193 -0.0408
Y  0.2101 -0.9642  0.1618
Z -0.0748  0.1492  0.9860

PART 69
OFFSET  9.8363 -3.5192 -5.0836
X -0.9662 -0.2339 -0.1087
Y  0.2178 -0.9656  0.1424
Z -0.1383  0.1139  0.9838

PART 70
OFFSET  10.9276 -3.2550 -4.9608
X  0.0790  0.9798  0.1835
Y  0.9965 -0.0830  0.0137
Z  0.0287  0.1818 -0.9829

PART 71
OFFSET  7.1278 -4.1411 -6.3686
X -0.2679 -0.9432  0.1967
Y  0.9563 -0.2852 -0.0649
Z  0.1173  0.1707  0.9783

PART 72
OFFSET  7.6512 -2.2986 -6.7528
X  0.8265 -0.5629 -0.0053
Y  0.5441  0.8013 -0.2487
Z  0.1442  0.2027  0.9686

PART 73
OFFSET  6.4439 -1.4764 -6.7452
X  0.8883  0.3879 -0.2457
Y -0.4338  0.8844 -0.1720
Z  0.1506  0.2594  0.9540

PART 74
OFFSET  5.4365 -1.9170 -6.4738
X -0.4137 -0.8789  0.2373
Y -0.8901  0.4453  0.0976
Z -0.1914 -0.1708 -0.9665

PART 75
OFFSET  0.0000 -0.0000 -0.0000
X  1.0000 -0.0000  0.0000
Y  0.0000  1.0000  0.0000
Z  0.0000 -0.0000  1.0000

PART 76
OFFSET -0.0000 -0.0000 -0.0000
X  1.0000 -0.0009 -0.0003
Y  0.0009  1.0000 -0.0007
Z  0.0003  0.0007  1.0000

PART 77
OFFSET  1.5416  0.0013  4.1353
X  1.0000 -0.0009 -0.0003
Y  0.0009  1.0000 -0.0007
Z  0.0003  0.0007  1.0000


FRAME 3102
PART 0
OFFSET  0.0000 -0.0000 -0.0000
X  1.0000 -0.0000  0.0000
Y  0.0000  1.0000  0.0000
Z  0.0000 -0.0000  1.0000

PART 1
OFFSET -4.6318 -0.0000 -1.3770
X  1.0000 -0.0000  0.0000
Y  0.0000  1.0000  0.0000
Z  0.0000 -0.0000  1.0000

PART 2
OFFSET -3.2980  6.8270 -5.8439
X  0.8076 -0.1192 -0.5775
Y -0.0567 -0.9905  0.1251
Z -0.5869 -0.0683 -0.8067

PART 3
OFFSET  6.4695  5.3855 -12.8282
X  0.6745 -0.4618  0.5761
Y -0.6512 -0.0043  0.7589
Z -0.3480 -0.8870 -0.3036

PART 4
OFFSET  12.2061  1.4580 -7.9283
X  0.6745 -0.4618  0.5761
Y -0.2934  0.5484  0.7831
Z -0.6775 -0.6972  0.2344

PART 5
OFFSET  14.2765  2.3938 -7.1785
X  0.6792 -0.4593  0.5724
Y  0.3555  0.8882  0.2910
Z -0.6421  0.0058  0.7666

PART 6
OFFSET  13.4536  0.3474 -8.5186
X  0.6792 -0.4593  0.5724
Y  0.3555  0.8882  0.2910
Z -0.6421  0.0058  0.7666

PART 7
OFFSET  13.0466  1.8069 -5.2998
X  0.6792 -0.4593  0.5724
Y  0.3555  0.8882  0.2910
Z -0.6421  0.0058  0.7666

PART 8
OFFSET  12.4511  0.4614 -5.8557
X  0.6792 -0.4593  0.5724
Y  0.3555  0.8882  0.2910
Z -0.6421  0.0058  0.7666

PART 9
OFFSET  12.1427 -0.3786 -6.8297
X  0.6792 -0.4593  0.5724
Y  0.3555  0.8882  0.2910
Z -0.6421  0.0058  0.7666

PART 10
OFFSET  14.2738  0.0424 -6.1622
X  0.9595 -0.2292  0.1638
Y -0.0148  0.5395  0.8418
Z -0.2813 -0.8101  0.5143

PART 11
OFFSET  14.5756  0.1273 -5.0650
X  0.7043 -0.0854  0.7048
Y -0.3854  0.7878  0.4805
Z -0.5962 -0.6100  0.5219

PART 12
OFFSET  16.0238 -0.0122 -3.4672
X  0.9459 -0.1813  0.2691
Y -0.1353  0.5335  0.8349
Z -0.2949 -0.8262  0.4801

PART 13
OFFSET  17.5259 -0.4292 -3.0287
X  0.8151 -0.1097  0.5689
Y -0.3433  0.6994  0.6268
Z -0.4667 -0.7062  0.5324

PART 14
OFFSET  18.3801 -0.5683 -2.3785
X  0.8307  0.5168  0.2071
Y -0.0134  0.3905 -0.9205
Z -0.5566  0.7619  0.3313

PART 15
OFFSET  15.0447 -0.8930 -6.8211
X  0.8059 -0.5579 -0.1981
Y -0.4033 -0.7623  0.5062
Z -0.4334 -0.3281 -0.8393

PART 16
OFFSET  16.8691 -2.1922 -7.0819
X  0.2893 -0.7386  0.6089
Y -0.7010  0.2697  0.6602
Z -0.6518 -0.6178 -0.4397

PART 17
OFFSET  17.2787 -3.2379 -6.2198
X  0.0597 -0.5990  0.7985
Y -0.7802  0.4711  0.4116
Z -0.6227 -0.6475 -0.4392

PART 18
OFFSET  17.3316 -3.7690 -5.5118
X -0.1259 -0.4627  0.8776
Y -0.7280  0.6441  0.2351
Z -0.6740 -0.6092 -0.4179

PART 19
OFFSET  17.2120 -4.2086 -4.6781
X  0.6508  0.0377 -0.7584
Y -0.5537  0.7070 -0.4400
Z  0.5196  0.7063  0.4809

PART 20
OFFSET  15.2852 -0.4718 -6.2974
X  0.9160 -0.3887 -0.0996
Y -0.3000 -0.8282  0.4734
Z -0.2665 -0.4037 -0.8752

PART 21
OFFSET  17.5977 -1.6403 -6.5107
X  0.3967 -0.8446  0.3596
Y -0.6747 -0.0027  0.7381
Z -0.6224 -0.5354 -0.5709

PART 22
OFFSET  18.2731 -3.0782 -5.8985
X -0.1013 -0.6533  0.7503
Y -0.7899  0.5113  0.3386
Z -0.6048 -0.5584 -0.5678

PART 23
OFFSET  18.1328 -3.9836 -4.8587
X -0.2605 -0.5414  0.7994
Y -0.7524  0.6326  0.1833
Z -0.6050 -0.5538 -0.5721

PART 24
OFFSET  17.8503 -4.5707 -3.9917
X  0.6135  0.0550 -0.7878
Y -0.4405  0.8518 -0.2836
Z  0.6555  0.5210  0.5467

PART 25
OFFSET  17.0574 -0.2418 -4.0451
X  0.8274 -0.5453  0.1343
Y  0.5472  0.7290 -0.4112
Z  0.1263  0.4137  0.9016

PART 26
OFFSET  18.1059 -0.1428 -5.0803
X  0.7665 -0.6347 -0.0981
Y -0.4798 -0.6675  0.5694
Z -0.4269 -0.3894 -0.8162

PART 27
OFFSET  19.4555 -1.2602 -5.2530
X  0.2914 -0.9376  0.1898
Y -0.8600 -0.1699  0.4812
Z -0.4190 -0.3034 -0.8558

PART 28
OFFSET  19.8352 -2.3816 -4.9703
X -0.0944 -0.8675  0.4883
Y -0.9123  0.2717  0.3063
Z -0.3984 -0.4166 -0.8171

PART 29
OFFSET  19.7287 -3.3616 -4.4187
X  0.7422 -0.0800 -0.6653
Y -0.1304  0.9566 -0.2605
Z  0.6573  0.2801  0.6996

PART 30
OFFSET  17.9692 -0.8490 -5.9188
X  0.5456 -0.8118  0.2081
Y -0.6797 -0.2834  0.6765
Z -0.4903 -0.5105 -0.7064

PART 31
OFFSET  19.0350 -2.4349 -5.5123
X -0.0442 -0.8002  0.5981
Y -0.8471  0.3474  0.4022
Z -0.5296 -0.4889 -0.6932

PART 32
OFFSET  18.9705 -3.6037 -4.6386
X -0.3738 -0.6054  0.7027
Y -0.7347  0.6556  0.1741
Z -0.5661 -0.4512 -0.6899

PART 33
OFFSET  18.5436 -4.2931 -3.8478
X  0.7921  0.0743 -0.6059
Y -0.3630  0.8553 -0.3696
Z  0.4908  0.5127  0.7045

PART 34
OFFSET  16.4544 -2.1045 -5.3881
X -0.3269 -0.4230 -0.8451
Y  0.2813  0.8101 -0.5143
Z  0.9022 -0.4059 -0.1458

PART 35
OFFSET  8.2340 -2.6907 -4.4049
X  0.9996 -0.0152  0.0244
Y  0.0136  0.9978  0.0651
Z -0.0253 -0.0648  0.9976

PART 36
OFFSET  8.2340 -2.6907 -4.4049
X  0.9996 -0.0152  0.0244
Y  0.0136  0.9978  0.0651
Z -0.0253 -0.0648  0.9976

PART 37
OFFSET  13.4689 -3.2050 -1.9423
X  0.9989 -0.0165  0.0448
Y  0.0136  0.9978  0.0651
Z -0.0457 -0.0645  0.9969

PART 38
OFFSET  7.5424 -2.5308 -6.7103
X  0.9996 -0.0152  0.0244
Y  0.0136  0.9978  0.0651
Z -0.0253 -0.0648  0.9976

PART 39
OFFSET  22.1130 -3.1725 -5.3415
X -0.4052 -0.0541  0.9126
Y -0.9141  0.0388 -0.4035
Z -0.0136 -0.9978 -0.0651

PART 40
OFFSET  22.1130 -3.1725 -5.3415
X  0.0136  0.9978  0.0651
Y -0.9996  0.0152 -0.0244
Z -0.0253 -0.0648  0.9976

PART 41
OFFSET  21.7231 -2.8456 -5.8177
X  0.0136  0.9978  0.0651
Y -0.9996  0.0152 -0.0244
Z -0.0253 -0.0648  0.9976

PART 42
OFFSET  21.7421 -1.4487 -5.7265
X  0.0248  0.8833 -0.4682
Y -0.9996  0.0152 -0.0244
Z -0.0144  0.4686  0.8833

PART 43
OFFSET  30.9521 -1.3668 -5.9969
X  0.7799 -0.4899  0.3896
Y  0.6256  0.5898 -0.5106
Z  0.0203  0.6419  0.7665

PART 44
OFFSET  12.4372 -2.7578 -4.0228
X  0.9996 -0.0152  0.0244
Y  0.0136  0.9978  0.0651
Z -0.0253 -0.0648  0.9976

PART 45
OFFSET -17.3827 -4.8127 -7.0611
X -0.8843  0.0641  0.4626
Y -0.2134 -0.9365 -0.2783
Z  0.4153 -0.3448  0.8418

PART 46
OFFSET -6.6884 -5.5876 -12.6552
X -0.8735 -0.1163 -0.4727
Y  0.4859 -0.1524 -0.8606
Z  0.0281 -0.9815  0.1896

PART 47
OFFSET  0.7414 -4.5985 -8.6351
X -0.8735 -0.1163 -0.4727
Y  0.4847 -0.1181 -0.8667
Z  0.0450 -0.9862  0.1596

PART 48
OFFSET  1.6337 -3.1526 -7.5969
X -0.8765 -0.1124 -0.4681
Y -0.0325  0.9840 -0.1754
Z  0.4803 -0.1385 -0.8661

PART 49
OFFSET  1.5406 -3.6552 -6.4894
X -0.8765 -0.1124 -0.4681
Y -0.0325  0.9840 -0.1754
Z  0.4803 -0.1385 -0.8661

PART 50
OFFSET  1.7343 -4.9978 -6.3081
X -0.8765 -0.1124 -0.4681
Y -0.0325  0.9840 -0.1754
Z  0.4803 -0.1385 -0.8661

PART 51
OFFSET  3.4194 -4.2419 -7.1861
X -0.9495 -0.1100 -0.2940
Y  0.3063 -0.1204 -0.9443
Z  0.0685 -0.9866  0.1480

PART 52
OFFSET  3.5228 -3.6712 -6.2034
X -0.4939 -0.6343 -0.5947
Y  0.6008  0.2455 -0.7608
Z  0.6285 -0.7331  0.2598

PART 53
OFFSET  4.4937 -2.2862 -4.8585
X -0.9136 -0.3502  0.2068
Y -0.0452 -0.4179 -0.9074
Z  0.4041 -0.8383  0.3659

PART 54
OFFSET  5.9206 -1.6520 -5.2874
X -0.5551 -0.0680  0.8290
Y -0.6530 -0.5818 -0.4849
Z  0.5153 -0.8105  0.2785

PART 55
OFFSET  6.5084 -1.5314 -6.1884
X -0.8753  0.3505  0.3331
Y  0.1245  0.8290 -0.5452
Z -0.4673 -0.4357 -0.7693

PART 56
OFFSET  4.5370 -4.0784 -7.9784
X -0.9430 -0.2719  0.1919
Y  0.3032 -0.9396  0.1588
Z  0.1371  0.2079  0.9685

PART 57
OFFSET  6.6385 -3.3220 -8.2879
X -0.1215 -0.9926  0.0006
Y  0.9525 -0.1168 -0.2813
Z  0.2793 -0.0336  0.9596

PART 58
OFFSET  6.8107 -1.9167 -8.2887
X  0.7678 -0.5908 -0.2478
Y  0.5901  0.8028 -0.0855
Z  0.2495 -0.0806  0.9650

PART 59
OFFSET  6.1299 -1.3929 -8.0690
X  0.9157  0.3051 -0.2617
Y -0.2870  0.9521  0.1056
Z  0.2813 -0.0216  0.9594

PART 60
OFFSET  5.2599 -1.6827 -7.8204
X -0.5609 -0.8279 -0.0049
Y -0.7704  0.5197  0.3693
Z -0.3032  0.2109 -0.9293

PART 61
OFFSET  4.5518 -4.1120 -7.2655
X -0.9729 -0.2312 -0.0008
Y  0.2267 -0.9550  0.1913
Z -0.0450  0.1859  0.9815

PART 62
OFFSET  7.0885 -3.5607 -7.4049
X -0.1506 -0.9818  0.1157
Y  0.9449 -0.1774 -0.2752
Z  0.2907  0.0678  0.9544

PART 63
OFFSET  7.3450 -1.8892 -7.6019
X  0.8812 -0.4088 -0.2375
Y  0.3820  0.9116 -0.1521
Z  0.2786  0.0433  0.9594

PART 64
OFFSET  6.1237 -1.3226 -7.2728
X  0.8442  0.4676 -0.2620
Y -0.4613  0.8828  0.0893
Z  0.2730  0.0454  0.9609

PART 65
OFFSET  5.2081 -1.8297 -6.9887
X -0.4148 -0.8852  0.2109
Y -0.8730  0.4524  0.1819
Z -0.2565 -0.1086 -0.9604

PART 66
OFFSET -0.7545 -5.1268 -7.5317
X -0.9335 -0.3546 -0.0528
Y -0.3294  0.9066 -0.2638
Z  0.1414 -0.2289 -0.9631

PART 67
OFFSET  6.9134 -4.0892 -5.2734
X -0.9815 -0.1751 -0.0770
Y  0.1705 -0.9833  0.0637
Z -0.0869  0.0494  0.9950

PART 68
OFFSET  8.6416 -3.7808 -5.1378
X -0.9760 -0.2066 -0.0687
Y  0.1975 -0.9730  0.1196
Z -0.0915  0.1031  0.9904

PART 69
OFFSET  9.8225 -3.5234 -4.9942
X -0.9663 -0.2181 -0.1371
Y  0.2055 -0.9735  0.1003
Z -0.1553  0.0687  0.9855

PART 70
OFFSET  10.9139 -3.2771 -4.8393
X  0.0853  0.9691  0.2313
Y  0.9952 -0.0942  0.0277
Z  0.0486  0.2278 -0.9725

PART 71
OFFSET  7.1322 -4.0545 -6.3557
X -0.2808 -0.9485  0.1468
Y  0.9544 -0.2921 -0.0612
Z  0.1009  0.1229  0.9873

PART 72
OFFSET  7.6808 -2.2017 -6.6425
X  0.8209 -0.5709 -0.0171
Y  0.5565  0.8063 -0.2006
Z  0.1283  0.1551  0.9795

PART 73
OFFSET  6.4818 -1.3678 -6.6175
X  0.8965  0.3895 -0.2110
Y -0.4218  0.8962 -0.1375
Z  0.1355  0.2123  0.9678

PART 74
OFFSET  5.4652 -1.8099 -6.3855
X -0.4267 -0.8847  0.1878
Y -0.8872  0.4497  0.1026
Z -0.1752 -0.1228 -0.9768

PART 75
OFFSET  0.0000 -0.0000 -0.0000
X  1.0000 -0.0000  0.0000
Y  0.0000  1.0000  0.0000
Z  0.0000 -0.0000  1.0000

PART 76
OFFSET -0.0000 -0.0000 -0.0000
X  1.0000 -0.0034 -0.0011
Y  0.0034  1.0000 -0.0025
Z  0.0011  0.0024  1.0000

PART 77
OFFSET  1.5451  0.0049  4.1340
X  1.0000 -0.0034 -0.0011
Y  0.0034  1.0000 -0.0025
Z  0.0011  0.0024  1.0000


FRAME 3103
PART 0
OFFSET  0.0000 -0.0000 -0.0000
X  1.0000 -0.0000  0.0000
Y  0.0000  1.0000  0.0000
Z  0.0000 -0.0000  1.0000

PART 1
OFFSET -4.6318 -0.0000 -1.3770
X  1.0000 -0.0000  0.0000
Y  0.0000  1.0000  0.0000
Z  0.0000 -0.0000  1.0000

PART 2
OFFSET -3.0930  7.3060 -4.9881
X  0.6868 -0.1200 -0.7168
Y -0.0007 -0.9864  0.1645
Z -0.7268 -0.1125 -0.6776

PART 3
OFFSET  5.2136  5.8543 -13.6573
X  0.6764 -0.4141  0.6091
Y -0.6362  0.0881  0.7665
Z -0.3711 -0.9060 -0.2038

PART 4
OFFSET  10.9670  2.3323 -8.4769
X  0.6764 -0.4141  0.6091
Y -0.4738  0.3885  0.7903
Z -0.5639 -0.8232  0.0666

PART 5
OFFSET  13.0694  3.2959 -7.8643
X  0.6812 -0.4122  0.6051
Y  0.3783  0.9057  0.1911
Z -0.6268  0.0987  0.7729

PART 6
OFFSET  12.1808  1.1402 -8.9704
X  0.6812 -0.4122  0.6051
Y  0.3783  0.9057  0.1911
Z -0.6268  0.0987  0.7729

PART 7
OFFSET  11.8653  2.9328 -5.9138
X  0.6812 -0.4122  0.6051
Y  0.3783  0.9057  0.1911
Z -0.6268  0.0987  0.7729

PART 8
OFFSET  11.2329  1.5501 -6.3167
X  0.6812 -0.4122  0.6051
Y  0.3783  0.9057  0.1911
Z -0.6268  0.0987  0.7729

PART 9
OFFSET  10.8892  0.6209 -7.1928
X  0.6812 -0.4122  0.6051
Y  0.3783  0.9057  0.1911
Z -0.6268  0.0987  0.7729

PART 10
OFFSET  13.0407  1.0628 -6.6097
X  0.9474 -0.2343  0.2180
Y -0.1212  0.3679  0.9220
Z -0.2962 -0.8999  0.3201

PART 11
OFFSET  13.2283  0.9429 -5.4905
X  0.3938 -0.2826  0.8747
Y -0.6309  0.6089  0.4808
Z -0.6685 -0.7412  0.0615

PART 12
OFFSET  13.9780  0.3526 -3.5516
X  0.8152 -0.2611  0.5170
Y -0.4625  0.2440  0.8524
Z -0.3488 -0.9339  0.0782

PART 13
OFFSET  15.2825 -0.1881 -2.7591
X  0.5980 -0.2433  0.7637
Y -0.6163  0.4696  0.6322
Z -0.5124 -0.8487  0.1309

PART 14
OFFSET  15.8952 -0.4821 -1.9165
X  0.6436  0.4623  0.6100
Y  0.2284  0.6446 -0.7296
Z -0.7305  0.6088  0.3093

PART 15
OFFSET  13.9123  0.2888 -7.3477
X  0.8556 -0.4511 -0.2539
Y -0.3741 -0.8778  0.2992
Z -0.3579 -0.1610 -0.9198

PART 16
OFFSET  15.8409 -0.8090 -7.7477
X  0.6377 -0.7538  0.1583
Y -0.5558 -0.3080  0.7721
Z -0.5333 -0.5804 -0.6154

PART 17
OFFSET  16.7438 -1.8763 -7.5235
X  0.4936 -0.7883  0.3673
Y -0.7167 -0.1294  0.6853
Z -0.4927 -0.6015 -0.6288

PART 18
OFFSET  17.1814 -2.5753 -7.1978
X  0.3525 -0.7964  0.4914
Y -0.7615  0.0611  0.6453
Z -0.5439 -0.6017 -0.5849

PART 19
OFFSET  17.5163 -3.3319 -6.7310
X  0.2871  0.6578 -0.6963
Y -0.8705  0.4826  0.0970
Z  0.3998  0.5783  0.7111

PART 20
OFFSET  14.0815  0.6074 -6.7318
X  0.9370 -0.3413 -0.0737
Y -0.3099 -0.9102  0.2748
Z -0.1609 -0.2347 -0.9587

PART 21
OFFSET  16.4794 -0.3769 -6.9320
X  0.7120 -0.6998  0.0583
Y -0.5580 -0.5135  0.6519
Z -0.4263 -0.4967 -0.7561

PART 22
OFFSET  17.6915 -1.5682 -6.8328
X  0.4360 -0.8367  0.3315
Y -0.8056 -0.1986  0.5582
Z -0.4012 -0.5104 -0.7606

PART 23
OFFSET  18.2957 -2.7278 -6.3733
X  0.3943 -0.8484  0.3532
Y -0.8250 -0.1575  0.5427
Z -0.4048 -0.5054 -0.7620

PART 24
OFFSET  18.7233 -3.6479 -5.9902
X  0.1283  0.7602 -0.6369
Y -0.8837  0.3791  0.2744
Z  0.4501  0.5276  0.7205

PART 25
OFFSET  15.6101  0.4423 -4.3022
X  0.8325 -0.5418  0.1158
Y  0.5537  0.8066 -0.2067
Z  0.0185  0.2362  0.9715

PART 26
OFFSET  16.7510  0.7618 -5.1838
X  0.9159 -0.3895 -0.0970
Y -0.3389 -0.8799  0.3330
Z -0.2150 -0.2721 -0.9379

PART 27
OFFSET  18.3636  0.0760 -5.3546
X  0.6820 -0.7309 -0.0253
Y -0.6926 -0.6566  0.2987
Z -0.2350 -0.1862 -0.9540

PART 28
OFFSET  19.2070 -0.8012 -5.3274
X  0.5125 -0.8427  0.1648
Y -0.8425 -0.4565  0.2860
Z -0.1658 -0.2854 -0.9440

PART 29
OFFSET  19.7859 -1.7531 -5.1413
X  0.5471  0.6061 -0.5773
Y -0.7140  0.6979  0.0561
Z  0.4369  0.3815  0.8146

PART 30
OFFSET  16.7283  0.2263 -6.1498
X  0.7923 -0.6098  0.0197
Y -0.5205 -0.6588  0.5432
Z -0.3183 -0.4407 -0.8394

PART 31
OFFSET  18.2762 -0.9649 -6.1113
X  0.4699 -0.8491  0.2413
Y -0.8048 -0.2999  0.5121
Z -0.3625 -0.4349 -0.8243

PART 32
OFFSET  18.9626 -2.2051 -5.7589
X  0.3074 -0.8974  0.3167
Y -0.8583 -0.1177  0.4995
Z -0.4109 -0.4253 -0.8064

PART 33
OFFSET  19.3084 -3.2244 -5.4063
X  0.3388  0.7905 -0.5103
Y -0.8829  0.4545  0.1178
Z  0.3250  0.4107  0.8519

PART 34
OFFSET  15.2233 -1.1419 -6.0277
X -0.2231 -0.2607 -0.9393
Y  0.2962  0.8999 -0.3201
Z  0.9287 -0.3496 -0.1236

PART 35
OFFSET  8.2154 -2.7153 -4.2619
X  0.9982 -0.0313  0.0502
Y  0.0243  0.9906  0.1346
Z -0.0540 -0.1331  0.9896

PART 36
OFFSET  8.2154 -2.7153 -4.2619
X  0.9982 -0.0313  0.0502
Y  0.0243  0.9906  0.1346
Z -0.0540 -0.1331  0.9896

PART 37
OFFSET  13.3726 -3.4742 -1.7007
X  0.9969 -0.0340  0.0704
Y  0.0243  0.9906  0.1346
Z -0.0743 -0.1325  0.9884

PART 38
OFFSET  7.5904 -2.3866 -6.5684
X  0.9982 -0.0313  0.0502
Y  0.0243  0.9906  0.1346
Z -0.0540 -0.1331  0.9896

PART 39
OFFSET  22.1079 -3.3324 -4.8551
X -0.4311 -0.1111  0.8954
Y -0.9020  0.0798 -0.4244
Z -0.0243 -0.9906 -0.1346

PART 40
OFFSET  22.1079 -3.3324 -4.8551
X  0.0243  0.9906  0.1346
Y -0.9982  0.0313 -0.0502
Z -0.0540 -0.1331  0.9896

PART 41
OFFSET  21.7356 -2.9677 -5.3179
X  0.0243  0.9906  0.1346
Y -0.9982  0.0313 -0.0502
Z -0.0540 -0.1331  0.9896

PART 42
OFFSET  21.7697 -1.5809 -5.1295
X  0.0490  0.9130 -0.4049
Y -0.9982  0.0313 -0.0502
Z -0.0332  0.4067  0.9130

PART 43
OFFSET  30.9839 -1.6140 -5.1451
X  0.7624 -0.5269  0.3755
Y  0.6470  0.6146 -0.4513
Z  0.0070  0.5871  0.8095

PART 44
OFFSET  12.4051 -2.8695 -3.7721
X  0.9982 -0.0313  0.0502
Y  0.0243  0.9906  0.1346
Z -0.0540 -0.1331  0.9896

PART 45
OFFSET -17.1332 -4.8127 -7.0611
X -0.8755  0.0697  0.4781
Y -0.2104 -0.9458 -0.2474
Z  0.4350 -0.3172  0.8427

PART 46
OFFSET -6.5448 -5.6560 -12.8436
X -0.8647 -0.1430 -0.4814
Y  0.5006 -0.1678 -0.8493
Z  0.0407 -0.9754  0.2167

PART 47
OFFSET  0.8100 -4.4393 -8.7487
X -0.8647 -0.1430 -0.4814
Y  0.4942 -0.0715 -0.8664
Z  0.0895 -0.9871  0.1326

PART 48
OFFSET  1.6646 -2.9517 -7.7380
X -0.8678 -0.1391 -0.4771
Y -0.0454  0.9782 -0.2027
Z  0.4949 -0.1542 -0.8552

PART 49
OFFSET  1.5634 -3.4256 -6.6186
X -0.8678 -0.1391 -0.4771
Y -0.0454  0.9782 -0.2027
Z  0.4949 -0.1542 -0.8552

PART 50
OFFSET  1.7755 -4.7596 -6.3981
X -0.8678 -0.1391 -0.4771
Y -0.0454  0.9782 -0.2027
Z  0.4949 -0.1542 -0.8552

PART 51
OFFSET  3.4610 -4.0008 -7.2728
X -0.9422 -0.0757 -0.3264
Y  0.3310 -0.0593 -0.9418
Z  0.0519 -0.9954  0.0809

PART 52
OFFSET  3.5441 -3.5008 -6.2504
X -0.4851 -0.5845 -0.6504
Y  0.6249  0.2887 -0.7254
Z  0.6117 -0.7583  0.2252

PART 53
OFFSET  4.4946 -2.2262 -4.7869
X -0.9233 -0.3503  0.1573
Y -0.0252 -0.3535 -0.9351
Z  0.3832 -0.8673  0.3176

PART 54
OFFSET  5.9407 -1.5846 -5.1322
X -0.5788 -0.1170  0.8070
Y -0.6465 -0.5374 -0.5416
Z  0.4971 -0.8352  0.2354

PART 55
OFFSET  6.5549 -1.4107 -6.0065
X -0.8798  0.3393  0.3329
Y  0.1501  0.8628 -0.4827
Z -0.4511 -0.3747 -0.8100

PART 56
OFFSET  4.6023 -3.7992 -8.0214
X -0.9513 -0.2708  0.1470
Y  0.2868 -0.9526  0.1013
Z  0.1126  0.1386  0.9839

PART 57
OFFSET  6.7210 -3.0537 -8.2209
X -0.1340 -0.9884 -0.0716
Y  0.9584 -0.1109 -0.2630
Z  0.2520 -0.1038  0.9621

PART 58
OFFSET  6.9107 -1.6544 -8.1195
X  0.7669 -0.5834 -0.2675
Y  0.6023  0.7981 -0.0136
Z  0.2214 -0.1507  0.9635

PART 59
OFFSET  6.2308 -1.1372 -7.8824
X  0.9264  0.3091 -0.2151
Y -0.2779  0.9466  0.1636
Z  0.2542 -0.0918  0.9628

PART 60
OFFSET  5.3507 -1.4308 -7.6781
X -0.5709 -0.8174 -0.0774
Y -0.7738  0.5041  0.3836
Z -0.2745  0.2789 -0.9202

PART 61
OFFSET  4.5967 -3.8821 -7.3124
X -0.9753 -0.2164 -0.0431
Y  0.2093 -0.9691  0.1305
Z -0.0700  0.1183  0.9905

PART 62
OFFSET  7.1432 -3.3593 -7.3448
X -0.1661 -0.9852  0.0431
Y  0.9499 -0.1716 -0.2613
Z  0.2648 -0.0024  0.9643

PART 63
OFFSET  7.4260 -1.6821 -7.4183
X  0.8822 -0.4042 -0.2414
Y  0.3975  0.9143 -0.0781
Z  0.2523 -0.0271  0.9673

PART 64
OFFSET  6.2033 -1.1219 -7.0837
X  0.8570  0.4723 -0.2060
Y -0.4524  0.8811  0.1379
Z  0.2466 -0.0250  0.9688

PART 65
OFFSET  5.2738 -1.6342 -6.8602
X -0.4316 -0.8915  0.1377
Y -0.8720  0.4514  0.1893
Z -0.2309 -0.0383 -0.9722

PART 66
OFFSET -0.7124 -4.7991 -7.7914
X -0.9361 -0.3365 -0.1024
Y -0.3105  0.9273 -0.2090
Z  0.1653 -0.1639 -0.9725

PART 67
OFFSET  6.9020 -4.0312 -5.2606
X -0.9811 -0.1552 -0.1154
Y  0.1562 -0.9877 -0.0002
Z -0.1140 -0.0182  0.9933

PART 68
OFFSET  8.6294 -3.7580 -5.0574
X -0.9762 -0.1872 -0.1091
Y  0.1819 -0.9817  0.0570
Z -0.1178  0.0358  0.9924

PART 69
OFFSET  9.8091 -3.5282 -4.8645
X -0.9647 -0.1941 -0.1779
Y  0.1904 -0.9810  0.0380
Z -0.1819  0.0028  0.9833

PART 70
OFFSET  10.8987 -3.3090 -4.6635
X  0.0910  0.9495  0.3002
Y  0.9927 -0.1103  0.0479
Z  0.0786  0.2937 -0.9527

PART 71
OFFSET  7.1513 -3.9250 -6.3316
X -0.2967 -0.9522  0.0730
Y  0.9520 -0.3009 -0.0556
Z  0.0749  0.0530  0.9958

PART 72
OFFSET  7.7310 -2.0649 -6.4742
X  0.8138 -0.5802 -0.0346
Y  0.5720  0.8100 -0.1290
Z  0.1029  0.0852  0.9910

PART 73
OFFSET  6.5424 -1.2175 -6.4237
X  0.9069  0.3901 -0.1592
Y -0.4064  0.9096 -0.0863
Z  0.1111  0.1430  0.9835

PART 74
OFFSET  5.5142 -1.6597 -6.2504
X -0.4429 -0.8893  0.1143
Y -0.8840  0.4544  0.1096
Z -0.1494 -0.0525 -0.9874

PART 75
OFFSET  0.0000 -0.0000 -0.0000
X  1.0000 -0.0000  0.0000
Y  0.0000  1.0000  0.0000
Z  0.0000 -0.0000  1.0000

PART 76
OFFSET -0.0000 -0.0000 -0.0000
X  1.0000 -0.0071 -0.0025
Y  0.0071  1.0000 -0.0051
Z  0.0025  0.0051  1.0000

PART 77
OFFSET  1.5507  0.0101  4.1319
X  1.0000 -0.0071 -0.0025
Y  0.0071  1.0000 -0.0051
Z  0.0025  0.0051  1.0000


FRAME 3104
PART 0
OFFSET  0.0000 -0.0000 -0.0000
X  1.0000 -0.0000  0.0000
Y  0.0000  1.0000  0.0000
Z  0.0000 -0.0000  1.0000

PART 1
OFFSET -4.6318 -0.0000 -1.3770
X  1.0000 -0.0000  0.0000
Y  0.0000  1.0000  0.0000
Z  0.0000 -0.0000  1.0000

PART 2
OFFSET -2.8697  7.8279 -4.0557
X  0.5349 -0.1354 -0.8340
Y  0.0599 -0.9785  0.1973
Z -0.8428 -0.1555 -0.5153

PART 3
OFFSET  3.5992  6.1899 -14.1419
X  0.7070 -0.3521  0.6134
Y -0.5977  0.1662  0.7843
Z -0.3781 -0.9211 -0.0929

PART 4
OFFSET  9.6122  3.1954 -8.9247
X  0.7070 -0.3521  0.6134
Y -0.5794  0.2090  0.7878
Z -0.4056 -0.9123 -0.0562

PART 5
OFFSET  11.7396  4.2114 -8.5172
X  0.7115 -0.3506  0.6090
Y  0.3847  0.9196  0.0799
Z -0.5880  0.1774  0.7891

PART 6
OFFSET  10.8035  1.9570 -9.3552
X  0.7115 -0.3506  0.6090
