// Export filename: `C:\projects\cod\t5\xanim_export\t5_viewmodels\ak47\ak47_flame_from_ft.XANIM_EXPORT`
// Source filename: `D:\projects\devanim\t5\animation_assets\viewmodels\ak47\ViewModel_AK47_FlameThrower_animated.fbx`
// Export time: Sat Jun 05 16:32:44 2010

ANIMATION
VERSION 3

NUMPARTS 81
PART 0 "tag_ads"
PART 1 "tag_torso"
PART 2 "J_Shoulder_LE"
PART 3 "J_Elbow_LE"
PART 4 "J_WristTwist_LE"
PART 5 "J_Sleave_Reshape_Bottom_LE_1"
PART 6 "J_Sleave_Reshape_Bottom_LE_2"
PART 7 "J_Sleave_Reshape_Top_LE_1"
PART 8 "J_Sleave_Reshape_Top_LE_2"
PART 9 "J_Sleave_Reshape_Top_LE_3"
PART 10 "J_Wrist_LE"
PART 11 "J_Thumb_LE_0"
PART 12 "J_Thumb_LE_1"
PART 13 "J_Thumb_LE_2"
PART 14 "J_Thumb_LE_3"
PART 15 "J_PinkyPalm_LE"
PART 16 "J_Pinky_LE_0"
PART 17 "J_Pinky_LE_1"
PART 18 "J_Pinky_LE_2"
PART 19 "J_Pinky_LE_3"
PART 20 "J_RingPalm_LE"
PART 21 "J_Ring_LE_0"
PART 22 "J_Ring_LE_1"
PART 23 "J_Ring_LE_2"
PART 24 "J_Ring_LE_3"
PART 25 "J_Webbing_LE"
PART 26 "J_Index_LE_0"
PART 27 "J_Index_LE_1"
PART 28 "J_Index_LE_2"
PART 29 "J_Index_LE_3"
PART 30 "J_Mid_LE_0"
PART 31 "J_Mid_LE_1"
PART 32 "J_Mid_LE_2"
PART 33 "J_Mid_LE_3"
PART 34 "tag_knife_attach"
PART 35 "tag_weapon"
PART 36 "J_Gun"
PART 37 "J_bolt"
PART 38 "TAG_CLIP"
PART 39 "TAG_FLASH"
PART 40 "tag_flame_unit"
PART 41 "tag_flamer_big_nozel"
PART 42 "tag_flamer_bracket"
PART 43 "tag_flamer_bottle"
PART 44 "tag_flamer_button"
PART 45 "tag_flamer_ring"
PART 46 "tag_flamer_flame"
PART 47 "tag_flamer_pilot_light"
PART 48 "J_Shoulder_RI"
PART 49 "J_Elbow_RI"
PART 50 "J_WristTwist_RI"
PART 51 "J_Sleave_Reshape_Top_RI_3"
PART 52 "J_Sleave_Reshape_Top_RI_2"
PART 53 "J_Sleave_Reshape_Top_RI_1"
PART 54 "J_Wrist_RI"
PART 55 "J_Thumb_RI_0"
PART 56 "J_Thumb_RI_1"
PART 57 "J_Thumb_RI_2"
PART 58 "J_Thumb_RI_3"
PART 59 "J_PinkyPalm_RI"
PART 60 "J_Pinky_RI_0"
PART 61 "J_Pinky_RI_1"
PART 62 "J_Pinky_RI_2"
PART 63 "J_Pinky_RI_3"
PART 64 "J_RingPalm_RI"
PART 65 "J_Ring_RI_0"
PART 66 "J_Ring_RI_1"
PART 67 "J_Ring_RI_2"
PART 68 "J_Ring_RI_3"
PART 69 "J_Webbing_RI"
PART 70 "J_Index_RI_0"
PART 71 "J_Index_RI_1"
PART 72 "J_Index_RI_2"
PART 73 "J_Index_RI_3"
PART 74 "J_Mid_RI_0"
PART 75 "J_Mid_RI_1"
PART 76 "J_Mid_RI_2"
PART 77 "J_Mid_RI_3"
PART 78 "tag_cambone"
PART 79 "tag_camera"
PART 80 "tag_gasmask"

FRAMERATE 30
NUMFRAMES 31

FRAME 1600
PART 0
OFFSET -4.6318 -0.0000 -1.3770
X  1.0000 -0.0000  0.0000
Y  0.0000  1.0000  0.0000
Z  0.0000 -0.0000  1.0000

PART 1
OFFSET -4.6318 -0.0000 -1.3770
X  1.0000 -0.0000  0.0000
Y  0.0000  1.0000  0.0000
Z  0.0000 -0.0000  1.0000

PART 2
OFFSET -3.5060  6.3408 -6.7125
X  0.8438 -0.1688 -0.5094
Y -0.0883 -0.9800  0.1785
Z -0.5293 -0.1056 -0.8418

PART 3
OFFSET  6.6991  4.2989 -12.8728
X  0.7239 -0.4419  0.5298
Y -0.5969 -0.0163  0.8021
Z -0.3458 -0.8969 -0.2756

PART 4
OFFSET  12.8565  0.5405 -8.3669
X  0.7239 -0.4419  0.5298
Y -0.6852 -0.3718  0.6263
Z -0.0798 -0.8164 -0.5719

PART 5
OFFSET  14.9496  1.5310 -7.7654
X  0.7284 -0.4394  0.5257
Y  0.3524  0.8983  0.2625
Z -0.5876 -0.0060  0.8091

PART 6
OFFSET  14.0876 -0.5421 -9.0380
X  0.7284 -0.4394  0.5257
Y  0.3524  0.8983  0.2625
Z -0.5876 -0.0060  0.8091

PART 7
OFFSET  13.8674  0.9240 -5.8041
X  0.7284 -0.4394  0.5257
Y  0.3524  0.8983  0.2625
Z -0.5876 -0.0060  0.8091

PART 8
OFFSET  13.0012 -0.6432 -6.1127
X  0.7284 -0.4394  0.5257
Y  0.3524  0.8983  0.2625
Z -0.5876 -0.0060  0.8091

PART 9
OFFSET  12.6473 -1.4957 -7.0601
X  0.7284 -0.4394  0.5257
Y  0.3524  0.8983  0.2625
Z -0.5876 -0.0060  0.8091

PART 10
OFFSET  15.0758 -0.8142 -6.7428
X  0.9835 -0.0290  0.1785
Y -0.1737 -0.4255  0.8881
Z  0.0502 -0.9045 -0.4235

PART 11
OFFSET  15.3712 -1.6092 -5.9793
X  0.7049 -0.6665  0.2427
Y -0.4526 -0.1591  0.8774
Z -0.5462 -0.7283 -0.4138

PART 12
OFFSET  16.8167 -3.1039 -5.3910
X  0.9374 -0.0231 -0.3476
Y  0.2354 -0.6933  0.6811
Z -0.2567 -0.7203 -0.6444

PART 13
OFFSET  18.2872 -3.1806 -6.0650
X  0.2169  0.4142 -0.8840
Y  0.8782 -0.4783 -0.0086
Z -0.4263 -0.7744 -0.4675

PART 14
OFFSET  18.5172 -2.7763 -7.0424
X  0.6150  0.7046 -0.3540
Y -0.0642  0.4922  0.8681
Z  0.7859 -0.5111  0.3479

PART 15
OFFSET  16.1042 -0.5660 -7.6284
X  0.9471  0.0726 -0.3126
Y -0.0019 -0.9728 -0.2318
Z -0.3209  0.2202 -0.9212

PART 16
OFFSET  18.2787 -0.5541 -8.2250
X  0.4735 -0.8636 -0.1731
Y -0.8132 -0.5042  0.2907
Z -0.3383  0.0031 -0.9410

PART 17
OFFSET  18.9492 -1.7768 -8.4700
X -0.7891 -0.5568  0.2593
Y -0.5393  0.8302  0.1416
Z -0.2941 -0.0281 -0.9554

PART 18
OFFSET  18.2495 -2.2705 -8.2402
X -0.9447 -0.0752  0.3192
Y -0.0608  0.9966  0.0548
Z -0.3223  0.0324 -0.9461

PART 19
OFFSET  17.3520 -2.3420 -7.9369
X  0.8073 -0.5728 -0.1418
Y  0.5213  0.8049 -0.2836
Z  0.2765  0.1551  0.9484

PART 20
OFFSET  16.1981 -0.7288 -6.9397
X  0.9896  0.0976 -0.1054
Y  0.0376 -0.8842 -0.4656
Z -0.1387  0.4568 -0.8787

PART 21
OFFSET  18.7631 -0.5525 -7.3247
X  0.4893 -0.8215 -0.2927
Y -0.8066 -0.5539  0.2063
Z -0.3316  0.1351 -0.9337

PART 22
OFFSET  19.5961 -1.9511 -7.8231
X -0.7866 -0.5887  0.1865
Y -0.5335  0.7999  0.2749
Z -0.3110  0.1167 -0.9432

PART 23
OFFSET  18.5060 -2.7670 -7.5646
X -0.8717  0.3626  0.3296
Y  0.3823  0.9240 -0.0055
Z -0.3065  0.1212 -0.9441

PART 24
OFFSET  17.5606 -2.3738 -7.2072
X  0.4808 -0.8189 -0.3133
Y  0.8256  0.5432 -0.1528
Z  0.2953 -0.1852  0.9373

PART 25
OFFSET  17.8588 -2.0639 -5.0094
X  0.9729 -0.1965 -0.1216
Y  0.2310  0.8397  0.4914
Z  0.0055 -0.5062  0.8624

PART 26
OFFSET  18.7585 -0.9119 -5.2201
X  0.8807 -0.2608 -0.3954
Y -0.3721 -0.8975 -0.2368
Z -0.2931  0.3557 -0.8874

PART 27
OFFSET  20.3090 -1.3711 -5.9163
X  0.1991 -0.8372 -0.5094
Y -0.9370 -0.3149  0.1512
Z -0.2870  0.4472 -0.8471

PART 28
OFFSET  20.5686 -2.4160 -6.4841
X -0.5712 -0.8110 -0.1266
Y -0.7715  0.4779  0.4199
Z -0.2800  0.3375 -0.8987

PART 29
OFFSET  19.9233 -3.3320 -6.6271
X  0.8037 -0.0725 -0.5906
Y  0.3465  0.8640  0.3654
Z  0.4838 -0.4983  0.7195

PART 30
OFFSET  18.8510 -0.6095 -6.2786
X  0.5600 -0.7013 -0.4411
Y -0.7344 -0.6666  0.1275
Z -0.3834  0.2526 -0.8884

PART 31
OFFSET  19.9450 -1.9796 -7.1403
X -0.7635 -0.6216  0.1751
Y -0.4896  0.7339  0.4708
Z -0.4212  0.2737 -0.8647

PART 32
OFFSET  18.8298 -2.8875 -6.8844
X -0.8493  0.1850  0.4943
Y  0.3164  0.9281  0.1962
Z -0.4225  0.3230 -0.8468

PART 33
OFFSET  17.8647 -2.6763 -6.3307
X  0.4762 -0.7553 -0.4502
Y  0.7551  0.6136 -0.2307
Z  0.4505 -0.2301  0.8626

PART 34
OFFSET  17.9124 -2.0419 -7.3829
X -0.1869  0.4080 -0.8936
Y -0.0502  0.9045  0.4235
Z  0.9811  0.1240 -0.1485

PART 35
OFFSET  8.3599 -2.5687 -5.1035
X  0.9910  0.0000  0.1335
Y -0.0271  0.9791  0.2014
Z -0.1307 -0.2032  0.9704

PART 36
OFFSET  8.3599 -2.5687 -5.1035
X  0.9910  0.0000  0.1335
Y -0.0271  0.9791  0.2014
Z -0.1307 -0.2032  0.9704

PART 37
OFFSET  13.3125 -3.3236 -2.1650
X  0.9882 -0.0042  0.1533
Y -0.0271  0.9791  0.2014
Z -0.1509 -0.2032  0.9674

PART 38
OFFSET  12.4971 -2.6107 -4.2674
X  0.9910  0.0000  0.1335
Y -0.0271  0.9791  0.2014
Z -0.1307 -0.2032  0.9704

PART 39
OFFSET  34.9381 -2.1248 -3.1023
X  0.9910  0.0000  0.1335
Y -0.0271  0.9791  0.2014
Z -0.1307 -0.2032  0.9704

PART 40
OFFSET  7.9163 -2.1028 -7.4283
X  0.9910  0.0000  0.1335
Y -0.0271  0.9791  0.2014
Z -0.1307 -0.2032  0.9704

PART 41
OFFSET  33.9837 -2.0928 -3.2594
X -0.0271  0.9791  0.2014
Y -0.9910 -0.0000 -0.1335
Z -0.1307 -0.2032  0.9704

PART 42
OFFSET  22.2671 -2.6596 -4.5420
X -0.4993 -0.1878  0.8458
Y -0.8660  0.0776 -0.4940
Z  0.0271 -0.9791 -0.2014

PART 43
OFFSET  22.2671 -2.6596 -4.5420
X -0.0271  0.9791  0.2014
Y -0.9910  0.0000 -0.1335
Z -0.1307 -0.2032  0.9704

PART 44
OFFSET  21.9202 -2.2769 -5.0099
X -0.0271  0.9791  0.2014
Y -0.9910 -0.0000 -0.1335
Z -0.1307 -0.2032  0.9704

PART 45
OFFSET  21.8822 -0.9062 -4.7280
X  0.0455  0.9401 -0.3379
Y -0.9910  0.0000 -0.1335
Z -0.1255  0.3410  0.9317

PART 46
OFFSET  31.6738 -2.1381 -3.3932
X  0.9910  0.0000  0.1335
Y -0.0271  0.9791  0.2014
Z -0.1307 -0.2032  0.9704

PART 47
OFFSET  31.0596 -0.6176 -3.9551
X  0.7493 -0.5249  0.4039
Y  0.6569  0.6665 -0.3525
Z -0.0842  0.5294  0.8442

PART 48
OFFSET -17.6076 -4.8127 -7.0611
X -0.8904  0.0423  0.4533
Y -0.1779 -0.9488 -0.2608
Z  0.4191 -0.3129  0.8523

PART 49
OFFSET -6.8397 -5.3245 -12.5431
X -0.9306 -0.1312 -0.3417
Y  0.3609 -0.1748 -0.9161
Z  0.0604 -0.9758  0.2100

PART 50
OFFSET  1.0757 -4.2090 -9.6371
X -0.9306 -0.1312 -0.3417
Y  0.3464 -0.0142 -0.9380
Z  0.1182 -0.9913  0.0587

PART 51
OFFSET  2.0964 -2.7332 -8.7738
X -0.9329 -0.1272 -0.3369
Y -0.0629  0.9787 -0.1954
Z  0.3546 -0.1611 -0.9211

PART 52
OFFSET  2.1630 -3.2054 -7.6512
X -0.9329 -0.1272 -0.3369
Y -0.0629  0.9787 -0.1954
Z  0.3546 -0.1611 -0.9211

PART 53
OFFSET  2.3886 -4.5424 -7.4633
X -0.9329 -0.1272 -0.3369
Y -0.0629  0.9787 -0.1954
Z  0.3546 -0.1611 -0.9211

PART 54
OFFSET  3.9287 -3.8069 -8.5896
X -0.9079 -0.0856 -0.4103
Y  0.4104  0.0177 -0.9117
Z  0.0853 -0.9962  0.0191

PART 55
OFFSET  3.9061 -3.3765 -7.5331
X -0.4052 -0.5545 -0.7269
Y  0.6709  0.3598 -0.6484
Z  0.6211 -0.7504  0.2262

PART 56
OFFSET  4.6790 -2.1741 -5.9123
X -0.9183 -0.3923  0.0540
Y  0.0671 -0.2885 -0.9551
Z  0.3902 -0.8734  0.2913

PART 57
OFFSET  6.1217 -1.4602 -6.0890
X -0.6387 -0.1928  0.7449
Y -0.5768 -0.5207 -0.6294
Z  0.5092 -0.8317  0.2214

PART 58
OFFSET  6.7989 -1.2048 -6.8940
X -0.9175  0.2846  0.2780
Y  0.1547  0.8989 -0.4099
Z -0.3665 -0.3331 -0.8687

PART 59
OFFSET  5.1192 -3.5143 -9.2226
X -0.9485 -0.3133  0.0466
Y  0.3158 -0.9468  0.0623
Z  0.0246  0.0738  0.9970

PART 60
OFFSET  7.2152 -2.6836 -9.1898
X -0.0874 -0.9851 -0.1480
Y  0.9807 -0.0590 -0.1865
Z  0.1750 -0.1615  0.9712

PART 61
OFFSET  7.3390 -1.2889 -8.9802
X  0.8095 -0.5364 -0.2387
Y  0.5685  0.8176  0.0910
Z  0.1463 -0.2093  0.9668

PART 62
OFFSET  6.6212 -0.8133 -8.7686
X  0.9278  0.3553 -0.1139
Y -0.3286  0.9227  0.2014
Z  0.1767 -0.1495  0.9729

PART 63
OFFSET  5.7398 -1.1509 -8.6604
X -0.5289 -0.8294 -0.1800
Y -0.8228  0.4491  0.3483
Z -0.2080  0.3323 -0.9199

PART 64
OFFSET  5.0580 -3.6463 -8.5237
X -0.9588 -0.2467 -0.1408
Y  0.2368 -0.9680  0.0836
Z -0.1569  0.0468  0.9865

PART 65
OFFSET  7.5750 -3.0343 -8.3029
X -0.1291 -0.9910 -0.0365
Y  0.9745 -0.1199 -0.1896
Z  0.1835 -0.0601  0.9812

PART 66
OFFSET  7.7948 -1.3472 -8.2407
X  0.9149 -0.3555 -0.1910
Y  0.3652  0.9308  0.0170
Z  0.1718 -0.0853  0.9814

PART 67
OFFSET  6.5268 -0.8545 -7.9759
X  0.8513  0.5150 -0.1000
Y -0.4977  0.8531  0.1566
Z  0.1660 -0.0835  0.9826

PART 68
OFFSET  5.6034 -1.4130 -7.8674
X -0.4051 -0.9134  0.0408
Y -0.9023  0.4066  0.1432
Z -0.1474  0.0212 -0.9888

PART 69
OFFSET -0.1513 -4.7120 -9.5161
X -0.9099 -0.3609 -0.2044
Y -0.3293  0.9282 -0.1731
Z  0.2522 -0.0902 -0.9635

PART 70
OFFSET  7.1886 -3.8570 -6.2961
X -0.9568  0.0178 -0.2903
Y  0.0117 -0.9950 -0.0996
Z -0.2906 -0.0987  0.9517

PART 71
OFFSET  8.8732 -3.8884 -5.7849
X -0.3497 -0.9250 -0.1482
Y  0.8920 -0.3772  0.2493
Z -0.2865 -0.0450  0.9570

PART 72
OFFSET  9.2809 -2.7665 -5.5466
X  0.0632 -0.9927 -0.1029
Y  0.9543  0.0299  0.2973
Z -0.2921 -0.1170  0.9492

PART 73
OFFSET  9.2095 -1.6453 -5.4304
X -0.9642  0.2632  0.0321
Y  0.2647  0.9625  0.0592
Z -0.0153  0.0656 -0.9977

PART 74
OFFSET  7.5217 -3.6683 -7.3324
X -0.2629 -0.9647 -0.0159
Y  0.9648 -0.2631  0.0065
Z -0.0105 -0.0136  0.9999

PART 75
OFFSET  8.0354 -1.7837 -7.3014
X  0.8367 -0.5477 -0.0029
Y  0.5475  0.8364 -0.0256
Z  0.0165  0.0198  0.9997

PART 76
OFFSET  6.8133 -0.9837 -7.2971
X  0.9004  0.4315 -0.0546
Y -0.4344  0.8987 -0.0605
Z  0.0230  0.0782  0.9967

PART 77
OFFSET  5.7931 -1.4724 -7.2423
X -0.4145 -0.9099  0.0168
Y -0.9078  0.4147  0.0632
Z -0.0645  0.0109 -0.9979

PART 78
OFFSET  0.0000 -0.0000 -0.0000
X  1.0000 -0.0000  0.0000
Y  0.0000  1.0000  0.0000
Z  0.0000 -0.0000  1.0000

PART 79
OFFSET  0.0000 -0.0000 -0.0000
X  1.0000 -0.0000  0.0000
Y  0.0000  1.0000  0.0000
Z  0.0000 -0.0000  1.0000

PART 80
OFFSET  1.5404 -0.0000  4.1357
X  1.0000 -0.0000  0.0000
Y  0.0000  1.0000  0.0000
Z  0.0000 -0.0000  1.0000


FRAME 1601
PART 0
OFFSET -4.6318 -0.0000 -1.3770
X  1.0000 -0.0000  0.0000
Y  0.0000  1.0000  0.0000
Z  0.0000 -0.0000  1.0000

PART 1
OFFSET -4.6318 -0.0000 -1.3770
X  1.0000 -0.0000  0.0000
Y  0.0000  1.0000  0.0000
Z  0.0000 -0.0000  1.0000

PART 2
OFFSET -3.5060  6.3408 -6.7125
X  0.8439 -0.1690 -0.5093
Y -0.0835 -0.9789  0.1865
Z -0.5300 -0.1149 -0.8402

PART 3
OFFSET  6.6996  4.2972 -12.8715
X  0.7222 -0.4343  0.5383
Y -0.6012 -0.0093  0.7991
Z -0.3420 -0.9007 -0.2678

PART 4
OFFSET  12.8425  0.6035 -8.2930
X  0.7222 -0.4343  0.5383
Y -0.6870 -0.3605  0.6309
Z -0.0800 -0.8255 -0.5587

PART 5
OFFSET  14.9298  1.6060 -7.6909
X  0.7267 -0.4318  0.5343
Y  0.3486  0.9020  0.2548
Z -0.5919  0.0011  0.8060

PART 6
OFFSET  14.0800 -0.4829 -8.9459
X  0.7267 -0.4318  0.5343
Y  0.3486  0.9020  0.2548
Z -0.5919  0.0011  0.8060

PART 7
OFFSET  13.8387  1.0171 -5.7290
X  0.7267 -0.4318  0.5343
Y  0.3486  0.9020  0.2548
Z -0.5919  0.0011  0.8060

PART 8
OFFSET  12.9791 -0.5550 -6.0261
X  0.7267 -0.4318  0.5343
Y  0.3486  0.9020  0.2548
Z -0.5919  0.0011  0.8060

PART 9
OFFSET  12.6326 -1.4185 -6.9662
X  0.7267 -0.4318  0.5343
Y  0.3486  0.9020  0.2548
Z -0.5919  0.0011  0.8060

PART 10
OFFSET  15.0567 -0.7278 -6.6427
X  0.9835 -0.0472  0.1747
Y -0.1780 -0.4247  0.8876
Z  0.0322 -0.9041 -0.4261

PART 11
OFFSET  15.3405 -1.5302 -5.8825
X  0.6801 -0.6892  0.2500
Y -0.4986 -0.1848  0.8469
Z -0.5375 -0.7006 -0.4693

PART 12
OFFSET  16.7284 -3.0747 -5.2846
X  0.9591 -0.0493 -0.2789
Y  0.1594 -0.7200  0.6754
Z -0.2341 -0.6923 -0.6826

PART 13
OFFSET  18.2410 -3.1889 -5.8515
X  0.4268  0.3526 -0.8328
Y  0.8098 -0.5590  0.1783
Z -0.4027 -0.7504 -0.5241

PART 14
OFFSET  18.6978 -2.8514 -6.7731
X  0.7406  0.6271 -0.2414
Y -0.1829  0.5337  0.8257
Z  0.6466 -0.5673  0.5099

PART 15
OFFSET  16.0861 -0.4957 -7.5314
X  0.9471  0.0564 -0.3160
Y -0.0204 -0.9719 -0.2345
Z -0.3204  0.2285 -0.9193

PART 16
OFFSET  18.2582 -0.5216 -8.1363
X  0.5552 -0.8040 -0.2128
Y -0.7575 -0.5945  0.2697
Z -0.3433  0.0115 -0.9391

PART 17
OFFSET  19.0443 -1.6598 -8.4376
X -0.6505 -0.7291  0.2129
Y -0.6993  0.6843  0.2066
Z -0.2963 -0.0145 -0.9550

PART 18
OFFSET  18.4675 -2.3063 -8.2488
X -0.8880 -0.3454  0.3037
Y -0.3135  0.9377  0.1497
Z -0.3365  0.0377 -0.9409

PART 19
OFFSET  17.6240 -2.6344 -7.9603
X  0.9247 -0.3299 -0.1902
Y  0.2922  0.9349 -0.2013
Z  0.2442  0.1305  0.9609

PART 20
OFFSET  16.1795 -0.6621 -6.8436
X  0.9908  0.0800 -0.1090
Y  0.0199 -0.8834 -0.4682
Z -0.1337  0.4617 -0.8769

PART 21
OFFSET  18.7458 -0.5311 -7.2379
X  0.5705 -0.7560 -0.3210
Y -0.7502 -0.6387  0.1709
Z -0.3342  0.1433 -0.9315

PART 22
OFFSET  19.7171 -1.8182 -7.7844
X -0.6493 -0.7521  0.1130
Y -0.6938  0.6466  0.3172
Z -0.3117  0.1275 -0.9416

PART 23
OFFSET  18.8173 -2.8606 -7.6278
X -0.9453  0.0681  0.3189
Y  0.1065  0.9888  0.1047
Z -0.3082  0.1329 -0.9420

PART 24
OFFSET  17.7920 -2.7867 -7.2819
X  0.6985 -0.6141 -0.3674
Y  0.6422  0.7644 -0.0567
Z  0.3157 -0.1964  0.9283

PART 25
OFFSET  17.8231 -2.0324 -4.9232
X  0.9688 -0.2137 -0.1258
Y  0.2480  0.8340  0.4928
Z -0.0004 -0.5086  0.8610

PART 26
OFFSET  18.7426 -0.8962 -5.1342
X  0.9019 -0.2056 -0.3798
Y -0.3201 -0.9086 -0.2682
Z -0.2900  0.3634 -0.8853

PART 27
OFFSET  20.3306 -1.2583 -5.8029
X  0.2990 -0.7934 -0.5302
Y -0.9086 -0.4065  0.0960
Z -0.2917  0.4531 -0.8424

PART 28
OFFSET  20.7118 -2.2503 -6.3964
X -0.4168 -0.8833 -0.2148
Y -0.8673  0.3156  0.3850
Z -0.2723  0.3467 -0.8976

PART 29
OFFSET  20.2410 -3.2480 -6.6390
X  0.8420  0.1001 -0.5301
Y  0.1708  0.8825  0.4381
Z  0.5117 -0.4594  0.7260

PART 30
OFFSET  18.8367 -0.5926 -6.1923
X  0.6221 -0.6363 -0.4563
Y -0.6834 -0.7256  0.0802
Z -0.3821  0.2619 -0.8862

PART 31
OFFSET  20.0519 -1.8356 -7.0836
X -0.6458 -0.7602  0.0710
Y -0.6359  0.5871  0.5010
Z -0.4225  0.2784 -0.8626

PART 32
OFFSET  19.1086 -2.9459 -6.9799
X -0.8989 -0.0905  0.4287
Y  0.0631  0.9414  0.3312
Z -0.4336  0.3248 -0.8406

PART 33
OFFSET  18.0874 -3.0468 -6.5005
X  0.6767 -0.5527 -0.4865
Y  0.5929  0.8008 -0.0851
Z  0.4366 -0.2309  0.8695

PART 34
OFFSET  17.8682 -2.0048 -7.2969
X -0.1828  0.4138 -0.8918
Y -0.0322  0.9041  0.4261
Z  0.9826  0.1067 -0.1519

PART 35
OFFSET  8.3632 -2.5694 -5.0554
X  0.9906 -0.0000  0.1366
Y -0.0276  0.9794  0.1999
Z -0.1338 -0.2018  0.9702

PART 36
OFFSET  8.3632 -2.5694 -5.0554
X  0.9906 -0.0000  0.1366
Y -0.0276  0.9794  0.1999
Z -0.1338 -0.2018  0.9702

PART 37
OFFSET  13.3065 -3.3210 -2.1005
X  0.9877 -0.0041  0.1564
Y -0.0276  0.9794  0.1999
Z -0.1540 -0.2018  0.9673

PART 38
OFFSET  12.4978 -2.6110 -4.2064
X  0.9906 -0.0000  0.1366
Y -0.0276  0.9794  0.1999
Z -0.1338 -0.2018  0.9702

PART 39
OFFSET  34.9244 -2.1299 -2.9649
X  0.9906 -0.0000  0.1366
Y -0.0276  0.9794  0.1999
Z -0.1338 -0.2018  0.9702

PART 40
OFFSET  7.9270 -2.1067 -7.3823
X  0.9906 -0.0000  0.1366
Y -0.0276  0.9794  0.1999
Z -0.1338 -0.2018  0.9702

PART 41
OFFSET  33.9812 -2.0958 -3.1321
X -0.0276  0.9794  0.1999
Y -0.9906 -0.0000 -0.1366
Z -0.1338 -0.2018  0.9702

PART 42
OFFSET  22.2686 -2.6622 -4.4504
X -0.5020 -0.1865  0.8445
Y -0.8644  0.0771 -0.4968
Z  0.0276 -0.9794 -0.1999

PART 43
OFFSET  22.2686 -2.6622 -4.4504
X -0.0276  0.9794  0.1999
Y -0.9906 -0.0000 -0.1366
Z -0.1338 -0.2018  0.9702

PART 44
OFFSET  21.9233 -2.2801 -4.9199
X -0.0276  0.9794  0.1999
Y -0.9906 -0.0000 -0.1366
Z -0.1338 -0.2018  0.9702

PART 45
OFFSET  21.8847 -0.9090 -4.6400
X  0.0501  0.9304 -0.3631
Y -0.9906  0.0000 -0.1366
Z -0.1271  0.3666  0.9217

PART 46
OFFSET  31.6718 -2.1408 -3.2730
X  0.9906 -0.0000  0.1366
Y -0.0276  0.9794  0.1999
Z -0.1338 -0.2018  0.9702

PART 47
OFFSET  31.0596 -0.6211 -3.8390
X  0.7479 -0.5244  0.4070
Y  0.6581  0.6659 -0.3514
Z -0.0867  0.5306  0.8431

PART 48
OFFSET -17.6076 -4.8127 -7.0611
X -0.8916  0.0420  0.4509
Y -0.1772 -0.9486 -0.2622
Z  0.4167 -0.3137  0.8532

PART 49
OFFSET -6.8245 -5.3202 -12.5136
X -0.9305 -0.1304 -0.3422
Y  0.3613 -0.1743 -0.9160
Z  0.0598 -0.9760  0.2093

PART 50
OFFSET  1.0900 -4.2114 -9.6028
X -0.9305 -0.1304 -0.3422
Y  0.3471 -0.0158 -0.9377
Z  0.1168 -0.9913  0.0599

PART 51
OFFSET  2.1111 -2.7368 -8.7379
X -0.9328 -0.1264 -0.3374
Y -0.0622  0.9789 -0.1946
Z  0.3549 -0.1606 -0.9210

PART 52
OFFSET  2.1769 -3.2100 -7.6156
X -0.9328 -0.1264 -0.3374
Y -0.0622  0.9789 -0.1946
Z  0.3549 -0.1606 -0.9210

PART 53
OFFSET  2.4016 -4.5472 -7.4287
X -0.9328 -0.1264 -0.3374
Y -0.0622  0.9789 -0.1946
Z  0.3549 -0.1606 -0.9210

PART 54
OFFSET  3.9427 -3.8117 -8.5536
X -0.9067 -0.0860 -0.4130
Y  0.4132  0.0163 -0.9105
Z  0.0850 -0.9962  0.0208

PART 55
OFFSET  3.9169 -3.3798 -7.4977
X -0.4030 -0.5554 -0.7274
Y  0.6729  0.3588 -0.6469
Z  0.6202 -0.7502  0.2292

PART 56
OFFSET  4.6849 -2.1752 -5.8763
X -0.9185 -0.3920  0.0517
Y  0.0700 -0.2899 -0.9545
Z  0.3892 -0.8731  0.2937

PART 57
OFFSET  6.1283 -1.4619 -6.0495
X -0.6411 -0.1916  0.7432
Y -0.5750 -0.5215 -0.6304
Z  0.5083 -0.8315  0.2242

PART 58
OFFSET  6.8081 -1.2078 -6.8527
X -0.9183  0.2852  0.2747
Y  0.1561  0.8983 -0.4107
Z -0.3639 -0.3343 -0.8694

PART 59
OFFSET  5.1352 -3.5202 -9.1832
X -0.9487 -0.3130  0.0441
Y  0.3154 -0.9468  0.0647
Z  0.0215  0.0753  0.9969

PART 60
OFFSET  7.2313 -2.6899 -9.1451
X -0.0872 -0.9853 -0.1469
Y  0.9812 -0.0595 -0.1834
Z  0.1720 -0.1601  0.9720

PART 61
OFFSET  7.3547 -1.2949 -8.9371
X  0.8102 -0.5369 -0.2354
Y  0.5684  0.8176  0.0916
Z  0.1433 -0.2080  0.9676

PART 62
OFFSET  6.6364 -0.8189 -8.7284
X  0.9282  0.3550 -0.1115
Y -0.3291  0.9231  0.1991
Z  0.1736 -0.1481  0.9736

PART 63
OFFSET  5.7545 -1.1561 -8.6225
X -0.5285 -0.8295 -0.1805
Y -0.8238  0.4497  0.3451
Z -0.2051  0.3311 -0.9211

PART 64
OFFSET  5.0719 -3.6512 -8.4844
X -0.9584 -0.2467 -0.1435
Y  0.2363 -0.9679  0.0857
Z -0.1600  0.0483  0.9859

PART 65
OFFSET  7.5883 -3.0394 -8.2566
X -0.1292 -0.9910 -0.0355
Y  0.9751 -0.1204 -0.1864
Z  0.1804 -0.0587  0.9818

PART 66
OFFSET  7.8082 -1.3523 -8.1961
X  0.9155 -0.3560 -0.1877
Y  0.3654  0.9307  0.0168
Z  0.1687 -0.0840  0.9821

PART 67
OFFSET  6.5394 -0.8589 -7.9360
X  0.8518  0.5147 -0.0981
Y -0.4980  0.8534  0.1538
Z  0.1629 -0.0821  0.9832

PART 68
OFFSET  5.6157 -1.4171 -7.8296
X -0.4054 -0.9132  0.0409
Y -0.9027  0.4070  0.1398
Z -0.1443  0.0198 -0.9893

PART 69
OFFSET -0.1346 -4.7173 -9.4915
X -0.9093 -0.3610 -0.2067
Y -0.3286  0.9280 -0.1754
Z  0.2552 -0.0916 -0.9625

PART 70
OFFSET  7.1954 -3.8592 -6.2498
X -0.9558  0.0176 -0.2933
Y  0.0118 -0.9951 -0.0982
Z -0.2936 -0.0973  0.9510

PART 71
OFFSET  8.8784 -3.8901 -5.7334
X -0.3495 -0.9252 -0.1480
Y  0.8911 -0.3770  0.2526
Z -0.2895 -0.0436  0.9562

PART 72
OFFSET  9.2856 -2.7680 -5.4954
X  0.0633 -0.9928 -0.1013
Y  0.9534  0.0302  0.3003
Z -0.2950 -0.1156  0.9485

PART 73
OFFSET  9.2141 -1.6466 -5.3810
X -0.9642  0.2634  0.0287
Y  0.2647  0.9625  0.0587
Z -0.0122  0.0642 -0.9979

PART 74
OFFSET  7.5318 -3.6720 -7.2854
X -0.2631 -0.9647 -0.0153
Y  0.9647 -0.2632  0.0099
Z -0.0136 -0.0122  0.9998

PART 75
OFFSET  8.0457 -1.7875 -7.2554
X  0.8366 -0.5479  0.0005
Y  0.5477  0.8363 -0.0251
Z  0.0134  0.0212  0.9997

PART 76
OFFSET  6.8239 -0.9872 -7.2561
X  0.9007  0.4313 -0.0524
Y -0.4340  0.8987 -0.0632
Z  0.0199  0.0796  0.9966

PART 77
OFFSET  5.8033 -1.4757 -7.2038
X -0.4147 -0.9098  0.0168
Y -0.9079  0.4149  0.0598
Z -0.0614  0.0095 -0.9981

PART 78
OFFSET  0.0000 -0.0000 -0.0000
X  1.0000 -0.0000  0.0000
Y  0.0000  1.0000  0.0000
Z  0.0000 -0.0000  1.0000

PART 79
OFFSET  0.0000 -0.0000 -0.0000
X  1.0000 -0.0000  0.0000
Y  0.0000  1.0000  0.0000
Z  0.0000 -0.0000  1.0000

PART 80
OFFSET  1.5404 -0.0000  4.1357
X  1.0000 -0.0000  0.0000
Y  0.0000  1.0000  0.0000
Z  0.0000 -0.0000  1.0000


FRAME 1602
PART 0
OFFSET -4.6318 -0.0000 -1.3770
X  1.0000 -0.0000  0.0000
Y  0.0000  1.0000  0.0000
Z  0.0000 -0.0000  1.0000

PART 1
OFFSET -4.6318 -0.0000 -1.3770
X  1.0000 -0.0000  0.0000
Y  0.0000  1.0000  0.0000
Z  0.0000 -0.0000  1.0000

PART 2
OFFSET -3.5060  6.3408 -6.7125
X  0.8440 -0.1695 -0.5089
Y -0.0714 -0.9758  0.2067
Z -0.5316 -0.1381 -0.8356

PART 3
OFFSET  6.7008  4.2904 -12.8671
X  0.7188 -0.4147  0.5579
Y -0.6106  0.0071  0.7919
Z -0.3324 -0.9099 -0.2481

PART 4
OFFSET  12.8148  0.7628 -8.1219
X  0.7188 -0.4147  0.5579
Y -0.6902 -0.3299  0.6441
Z -0.0831 -0.8480 -0.5234

PART 5
OFFSET  14.8877  1.7961 -7.5219
X  0.7233 -0.4123  0.5539
Y  0.3392  0.9109  0.2351
Z -0.6015  0.0178  0.7987

PART 6
OFFSET  14.0677 -0.3311 -8.7316
X  0.7233 -0.4123  0.5539
Y  0.3392  0.9109  0.2351
Z -0.6015  0.0178  0.7987

PART 7
OFFSET  13.7775  1.2505 -5.5582
X  0.7233 -0.4123  0.5539
Y  0.3392  0.9109  0.2351
Z -0.6015  0.0178  0.7987

PART 8
OFFSET  12.9352 -0.3332 -5.8260
X  0.7233 -0.4123  0.5539
Y  0.3392  0.9109  0.2351
Z -0.6015  0.0178  0.7987

PART 9
OFFSET  12.6060 -1.2234 -6.7472
X  0.7233 -0.4123  0.5539
Y  0.3392  0.9109  0.2351
Z -0.6015  0.0178  0.7987

PART 10
OFFSET  15.0186 -0.5086 -6.4116
X  0.9823 -0.0897  0.1646
Y -0.1871 -0.4176  0.8892
Z -0.0111 -0.9042 -0.4270

PART 11
OFFSET  15.2753 -1.3232 -5.6548
X  0.6059 -0.7517  0.2606
Y -0.6069 -0.2249  0.7623
Z -0.5144 -0.6200 -0.5925

PART 12
OFFSET  16.4935 -3.0022 -5.0493
X  0.9825 -0.1440 -0.1181
Y -0.0364 -0.7702  0.6367
Z -0.1827 -0.6213 -0.7620

PART 13
OFFSET  18.0613 -3.2584 -5.3633
X  0.8217  0.1106 -0.5590
Y  0.4539 -0.7201  0.5248
Z -0.3445 -0.6850 -0.6419

PART 14
OFFSET  18.9419 -3.1824 -5.9882
X  0.9214  0.3733  0.1078
Y -0.3487  0.6720  0.6534
Z  0.1714 -0.6396  0.7493

PART 15
OFFSET  16.0479 -0.3202 -7.3107
X  0.9454  0.0159 -0.3257
Y -0.0646 -0.9699 -0.2348
Z -0.3196  0.2430 -0.9159

PART 16
OFFSET  18.2106 -0.4388 -7.9378
X  0.7221 -0.6267 -0.2930
Y -0.5932 -0.7788  0.2038
Z -0.3560  0.0267 -0.9341

PART 17
OFFSET  19.2329 -1.3260 -8.3527
X -0.2082 -0.9767  0.0521
Y -0.9295  0.2142  0.3004
Z -0.3046  0.0141 -0.9524

PART 18
OFFSET  19.0483 -2.1920 -8.3065
X -0.5041 -0.8480  0.1633
Y -0.7832  0.5286  0.3274
Z -0.3640  0.0371 -0.9307

PART 19
OFFSET  18.5693 -2.9977 -8.1513
X  0.9299  0.3114 -0.1959
Y -0.3128  0.9495  0.0245
Z  0.1936  0.0385  0.9803

PART 20
OFFSET  16.1411 -0.4911 -6.6240
X  0.9922  0.0374 -0.1190
Y -0.0230 -0.8830 -0.4689
Z -0.1227  0.4679 -0.8752

PART 21
OFFSET  18.7065 -0.4703 -7.0444
X  0.7363 -0.5680 -0.3677
Y -0.5844 -0.8078  0.0775
Z -0.3410  0.1578 -0.9267

PART 22
OFFSET  19.9601 -1.4373 -7.6704
X -0.2091 -0.9742 -0.0847
Y -0.9257  0.1693  0.3382
Z -0.3151  0.1491 -0.9373

PART 23
OFFSET  19.6703 -2.7875 -7.7878
X -0.7805 -0.6037  0.1621
Y -0.5401  0.7819  0.3113
Z -0.3147  0.1554 -0.9364

PART 24
OFFSET  18.8238 -3.4422 -7.6120
X  0.9326  0.0557 -0.3567
Y  0.0189  0.9792  0.2021
Z  0.3605 -0.1952  0.9121

PART 25
OFFSET  17.7436 -1.9328 -4.7213
X  0.9573 -0.2551 -0.1359
Y  0.2887  0.8221  0.4908
Z -0.0135 -0.5090  0.8606

PART 26
OFFSET  18.7091 -0.8371 -4.9410
X  0.9398 -0.0749 -0.3335
Y -0.1916 -0.9234 -0.3326
Z -0.2831  0.3765 -0.8821

PART 27
OFFSET  20.3637 -0.9689 -5.5283
X  0.5200 -0.6545 -0.5488
Y -0.7986 -0.6005 -0.0406
Z -0.3030  0.4594 -0.8350

PART 28
OFFSET  21.0142 -1.7925 -6.1447
X  0.0025 -0.9255 -0.3787
Y -0.9670 -0.0988  0.2349
Z -0.2548  0.3656 -0.8952

PART 29
OFFSET  21.0171 -2.8379 -6.5725
X  0.8004  0.4933 -0.3406
Y -0.2575  0.7960  0.5478
Z  0.5413 -0.3508  0.7641

PART 30
OFFSET  18.8053 -0.5367 -5.9998
X  0.7503 -0.4650 -0.4699
Y -0.5413 -0.8402 -0.0329
Z -0.3795  0.2790 -0.8821

PART 31
OFFSET  20.2711 -1.4451 -6.9178
X -0.2661 -0.9468 -0.1811
Y -0.8656  0.1520  0.4770
Z -0.4241  0.2837 -0.8600

PART 32
OFFSET  19.8824 -2.8281 -7.1823
X -0.7256 -0.6733  0.1422
Y -0.5156  0.6688  0.5356
Z -0.4557  0.3153 -0.8324

PART 33
OFFSET  19.0578 -3.5888 -7.0275
X  0.9148  0.0689 -0.3979
Y  0.0383  0.9661  0.2554
Z  0.4020 -0.2489  0.8812

PART 34
OFFSET  17.7657 -1.9047 -7.0952
X -0.1739  0.4222 -0.8897
Y  0.0111  0.9042  0.4270
Z  0.9847  0.0644 -0.1619

PART 35
OFFSET  8.3720 -2.5713 -4.9299
X  0.9895 -0.0000  0.1445
Y -0.0286  0.9802  0.1959
Z -0.1416 -0.1979  0.9699

PART 36
OFFSET  8.3720 -2.5713 -4.9299
X  0.9895 -0.0000  0.1445
Y -0.0286  0.9802  0.1959
Z -0.1416 -0.1979  0.9699

PART 37
OFFSET  13.2911 -3.3140 -1.9326
X  0.9864 -0.0040  0.1643
Y -0.0286  0.9802  0.1959
Z -0.1618 -0.1979  0.9668

PART 38
OFFSET  12.4996 -2.6119 -4.0476
X  0.9895 -0.0000  0.1445
Y -0.0286  0.9802  0.1959
Z -0.1416 -0.1979  0.9699

PART 39
OFFSET  34.8841 -2.1440 -2.6084
X  0.9895 -0.0000  0.1445
Y -0.0286  0.9802  0.1959
Z -0.1416 -0.1979  0.9699

PART 40
OFFSET  7.9546 -2.1176 -7.2619
X  0.9895 -0.0000  0.1445
Y -0.0286  0.9802  0.1959
Z -0.1416 -0.1979  0.9699

PART 41
OFFSET  33.9741 -2.1041 -2.8036
X -0.0286  0.9802  0.1959
Y -0.9895 -0.0000 -0.1445
Z -0.1416 -0.1979  0.9699

PART 42
OFFSET  22.2721 -2.6693 -4.2134
X -0.5088 -0.1829  0.8412
Y -0.8604  0.0756 -0.5040
Z  0.0286 -0.9802 -0.1959

PART 43
OFFSET  22.2721 -2.6693 -4.2134
X -0.0286  0.9802  0.1959
Y -0.9895  0.0000 -0.1445
Z -0.1416 -0.1979  0.9699

PART 44
OFFSET  21.9307 -2.2889 -4.6871
X -0.0286  0.9802  0.1959
Y -0.9895 -0.0000 -0.1445
Z -0.1416 -0.1979  0.9699

PART 45
OFFSET  21.8906 -0.9166 -4.4129
X  0.0616  0.9045 -0.4221
Y -0.9895 -0.0000 -0.1445
Z -0.1307  0.4266  0.8950

PART 46
OFFSET  31.6658 -2.1484 -2.9629
X  0.9895 -0.0000  0.1445
Y -0.0286  0.9802  0.1959
Z -0.1416 -0.1979  0.9699

PART 47
OFFSET  31.0590 -0.6305 -3.5397
X  0.7443 -0.5232  0.4150
Y  0.6613  0.6641 -0.3487
Z -0.0931  0.5340  0.8403

PART 48
OFFSET -17.6076 -4.8127 -7.0611
X -0.8949  0.0410  0.4444
Y -0.1755 -0.9479 -0.2659
Z  0.4104 -0.3159  0.8554

PART 49
OFFSET -6.7852 -5.3091 -12.4362
X -0.9303 -0.1283 -0.3438
Y  0.3623 -0.1729 -0.9159
Z  0.0580 -0.9766  0.2073

PART 50
OFFSET  1.1270 -4.2182 -9.5123
X -0.9303 -0.1283 -0.3438
Y  0.3490 -0.0200 -0.9369
Z  0.1133 -0.9915  0.0633

PART 51
OFFSET  2.1491 -2.7470 -8.6429
X -0.9325 -0.1243 -0.3390
Y -0.0605  0.9794 -0.1927
Z  0.3559 -0.1591 -0.9209

PART 52
OFFSET  2.2126 -3.2226 -7.5215
X -0.9325 -0.1243 -0.3390
Y -0.0605  0.9794 -0.1927
Z  0.3559 -0.1591 -0.9209

PART 53
OFFSET  2.4351 -4.5606 -7.3371
X -0.9325 -0.1243 -0.3390
Y -0.0605  0.9794 -0.1927
Z  0.3559 -0.1591 -0.9209

PART 54
OFFSET  3.9789 -3.8250 -8.4584
X -0.9034 -0.0871 -0.4199
Y  0.4205  0.0125 -0.9072
Z  0.0843 -0.9961  0.0254

PART 55
OFFSET  3.9448 -3.3889 -7.4044
X -0.3975 -0.5581 -0.7284
Y  0.6783  0.3559 -0.6429
Z  0.6180 -0.7496  0.2371

PART 56
OFFSET  4.7006 -2.1784 -5.7817
X -0.9191 -0.3913  0.0459
Y  0.0775 -0.2937 -0.9528
Z  0.3863 -0.8721  0.3002

PART 57
OFFSET  6.1457 -1.4665 -5.9462
X -0.6471 -0.1883  0.7388
Y -0.5702 -0.5236 -0.6330
Z  0.5060 -0.8309  0.2315

PART 58
OFFSET  6.8321 -1.2160 -6.7449
X -0.9203  0.2868  0.2662
Y  0.1599  0.8966 -0.4130
Z -0.3571 -0.3375 -0.8710

PART 59
OFFSET  5.1765 -3.5366 -9.0796
X -0.9492 -0.3123  0.0378
Y  0.3143 -0.9467  0.0709
Z  0.0136  0.0792  0.9968

PART 60
OFFSET  7.2727 -2.7073 -9.0280
X -0.0865 -0.9858 -0.1437
Y  0.9826 -0.0607 -0.1753
Z  0.1641 -0.1564  0.9740

PART 61
OFFSET  7.3953 -1.3115 -8.8245
X  0.8117 -0.5382 -0.2268
Y  0.5681  0.8177  0.0929
Z  0.1354 -0.2043  0.9695

PART 62
OFFSET  6.6756 -0.8343 -8.6234
X  0.9293  0.3540 -0.1055
Y -0.3301  0.9240  0.1928
Z  0.1657 -0.1444  0.9755

PART 63
OFFSET  5.7927 -1.1707 -8.5232
X -0.5275 -0.8300 -0.1815
Y -0.8263  0.4515  0.3367
Z -0.1975  0.3275 -0.9240

PART 64
OFFSET  5.1075 -3.6649 -8.3808
X -0.9574 -0.2468 -0.1502
Y  0.2351 -0.9677  0.0914
Z -0.1679  0.0522  0.9844

PART 65
OFFSET  7.6224 -3.0535 -8.1353
X -0.1294 -0.9910 -0.0327
Y  0.9765 -0.1217 -0.1781
Z  0.1725 -0.0550  0.9835

PART 66
OFFSET  7.8427 -1.3663 -8.0796
X  0.9167 -0.3572 -0.1790
Y  0.3658  0.9306  0.0161
Z  0.1608 -0.0802  0.9837

PART 67
OFFSET  6.5723 -0.8712 -7.8316
X  0.8528  0.5138 -0.0933
Y -0.4987  0.8543  0.1465
Z  0.1550 -0.0784  0.9848

PART 68
OFFSET  5.6473 -1.4284 -7.7304
X -0.4062 -0.9128  0.0412
Y -0.9035  0.4080  0.1310
Z -0.1364  0.0160 -0.9905

PART 69
OFFSET -0.0913 -4.7321 -9.4253
X -0.9079 -0.3614 -0.2126
Y -0.3266  0.9275 -0.1817
Z  0.2628 -0.0955 -0.9601

PART 70
OFFSET  7.2131 -3.8652 -6.1285
X -0.9535  0.0169 -0.3010
Y  0.0121 -0.9955 -0.0942
Z -0.3013 -0.0934  0.9489

PART 71
OFFSET  8.8918 -3.8950 -5.5985
X -0.3488 -0.9256 -0.1471
Y  0.8888 -0.3765  0.2612
Z -0.2972 -0.0397  0.9540

PART 72
OFFSET  9.2977 -2.7722 -5.3617
X  0.0636 -0.9933 -0.0969
Y  0.9510  0.0308  0.3077
Z -0.3027 -0.1117  0.9465

PART 73
OFFSET  9.2259 -1.6503 -5.2522
X -0.9643  0.2641  0.0200
Y  0.2648  0.9626  0.0570
Z -0.0042  0.0602 -0.9982

PART 74
OFFSET  7.5578 -3.6822 -7.1620
X -0.2635 -0.9646 -0.0136
Y  0.9644 -0.2637  0.0187
Z -0.0216 -0.0082  0.9997

PART 75
OFFSET  8.0725 -1.7979 -7.1354
X  0.8362 -0.5483  0.0093
Y  0.5484  0.8359 -0.0240
Z  0.0054  0.0252  0.9997

PART 76
OFFSET  6.8512 -0.9970 -7.1490
X  0.9013  0.4306 -0.0469
Y -0.4330  0.8987 -0.0701
Z  0.0120  0.0835  0.9964

PART 77
OFFSET  5.8299 -1.4847 -7.1029
X -0.4154 -0.9095  0.0171
Y -0.9081  0.4157  0.0509
Z -0.0534  0.0056 -0.9986

PART 78
OFFSET  0.0000 -0.0000 -0.0000
X  1.0000 -0.0000  0.0000
Y  0.0000  1.0000  0.0000
Z  0.0000 -0.0000  1.0000

PART 79
OFFSET  0.0000 -0.0000 -0.0000
X  1.0000 -0.0000  0.0000
Y  0.0000  1.0000  0.0000
Z  0.0000 -0.0000  1.0000

PART 80
OFFSET  1.5404 -0.0000  4.1357
X  1.0000 -0.0000  0.0000
Y  0.0000  1.0000  0.0000
Z  0.0000 -0.0000  1.0000


FRAME 1603
PART 0
OFFSET -4.6318 -0.0000 -1.3770
X  1.0000 -0.0000  0.0000
Y  0.0000  1.0000  0.0000
Z  0.0000 -0.0000  1.0000

PART 1
OFFSET -4.6318 -0.0000 -1.3770
X  1.0000 -0.0000  0.0000
Y  0.0000  1.0000  0.0000
Z  0.0000 -0.0000  1.0000

PART 2
OFFSET -3.5060  6.3408 -6.7125
X  0.8443 -0.1706 -0.5081
Y -0.0559 -0.9709  0.2331
Z -0.5330 -0.1684 -0.8292

PART 3
OFFSET  6.7043  4.2782 -12.8572
X  0.7161 -0.3885  0.5800
Y -0.6205  0.0264  0.7838
Z -0.3198 -0.9211 -0.2221

PART 4
OFFSET  12.7947  0.9742 -7.9243
X  0.7161 -0.3885  0.5800
Y -0.6918 -0.2844  0.6637
Z -0.0929 -0.8765 -0.4724

PART 5
OFFSET  14.8490  2.0489 -7.3333
X  0.7206 -0.3861  0.5759
Y  0.3267  0.9217  0.2092
Z -0.6116  0.0374  0.7903

PART 6
OFFSET  14.0665 -0.1255 -8.4824
X  0.7206 -0.3861  0.5759
Y  0.3267  0.9217  0.2092
Z -0.6116  0.0374  0.7903

PART 7
OFFSET  13.7199  1.5559 -5.3664
X  0.7206 -0.3861  0.5759
Y  0.3267  0.9217  0.2092
Z -0.6116  0.0374  0.7903

PART 8
OFFSET  12.9017 -0.0418 -5.5955
X  0.7206 -0.3861  0.5759
Y  0.3267  0.9217  0.2092
Z -0.6116  0.0374  0.7903

PART 9
OFFSET  12.5934 -0.9652 -6.4908
X  0.7206 -0.3861  0.5759
Y  0.3267  0.9217  0.2092
Z -0.6116  0.0374  0.7903

PART 10
OFFSET  14.9899 -0.2167 -6.1463
X  0.9784 -0.1390  0.1529
Y -0.1965 -0.3968  0.8966
Z -0.0640 -0.9073 -0.4156

PART 11
OFFSET  15.2142 -1.0347 -5.3829
X  0.4880 -0.8339  0.2577
Y -0.7287 -0.2267  0.6462
Z -0.4805 -0.5031 -0.7183

PART 12
OFFSET  16.1677 -2.8849 -4.8023
X  0.9497 -0.3085  0.0536
Y -0.2862 -0.7858  0.5483
Z -0.1270 -0.5361 -0.8346

PART 13
OFFSET  17.7038 -3.3961 -4.8419
X  0.9428 -0.3211 -0.0899
Y -0.1862 -0.7306  0.6570
Z -0.2766 -0.6026 -0.7485

PART 14
OFFSET  18.7075 -3.7833 -4.9622
X  0.8353 -0.0005  0.5498
Y -0.2786  0.8618  0.4239
Z -0.4741 -0.5072  0.7197

PART 15
OFFSET  16.0153 -0.0927 -7.0610
X  0.9404 -0.0373 -0.3381
Y -0.1182 -0.9679 -0.2220
Z -0.3189  0.2487 -0.9146

PART 16
OFFSET  18.1601 -0.3315 -7.7146
X  0.8587 -0.3675 -0.3572
Y -0.3532 -0.9294  0.1071
Z -0.3713  0.0341 -0.9279

PART 17
OFFSET  19.3759 -0.8518 -8.2203
X  0.3765 -0.9118 -0.1637
Y -0.8698 -0.4088  0.2763
Z -0.3189  0.0383 -0.9470

PART 18
OFFSET  19.7097 -1.6602 -8.3654
X  0.1994 -0.9746 -0.1020
Y -0.9034 -0.2231  0.3661
Z -0.3796  0.0191 -0.9250

PART 19
OFFSET  19.8992 -2.5861 -8.4623
X  0.4695  0.8827 -0.0181
Y -0.8583  0.4611  0.2251
Z  0.2071 -0.0902  0.9742

PART 20
OFFSET  16.1089 -0.2604 -6.3735
X  0.9911 -0.0159 -0.1324
Y -0.0753 -0.8860 -0.4576
Z -0.1100  0.4635 -0.8793

PART 21
OFFSET  18.6659 -0.3785 -6.8275
X  0.8721 -0.3027 -0.3843
Y -0.3423 -0.9388 -0.0373
Z -0.3495  0.1641 -0.9224

PART 22
OFFSET  20.1507 -0.8939 -7.4818
X  0.3763 -0.8814 -0.2854
Y -0.8687 -0.4427  0.2220
Z -0.3221  0.1644 -0.9323

PART 23
OFFSET  20.6722 -2.1155 -7.8774
X -0.1038 -0.9842 -0.1431
Y -0.9399  0.0501  0.3378
Z -0.3253  0.1696 -0.9303

PART 24
OFFSET  20.5596 -3.1830 -8.0326
X  0.6060  0.7862 -0.1215
Y -0.6957  0.5978  0.3984
Z  0.3858 -0.1569  0.9091

PART 25
OFFSET  17.6599 -1.7616 -4.4742
X  0.9408 -0.3063 -0.1451
Y  0.3378  0.8115  0.4768
Z -0.0283 -0.4976  0.8670

PART 26
OFFSET  18.6780 -0.7204 -4.7199
X  0.9608  0.0764 -0.2664
Y -0.0339 -0.9216 -0.3866
Z -0.2751  0.3805 -0.8829

PART 27
OFFSET  20.3696 -0.5858 -5.1890
X  0.7360 -0.4394 -0.5150
Y -0.5995 -0.7764 -0.1944
Z -0.3144  0.4518 -0.8349

PART 28
OFFSET  21.2835 -1.1475 -5.7643
X  0.4983 -0.7426 -0.4475
Y -0.8342 -0.5513 -0.0140
Z -0.2363  0.3803 -0.8942

PART 29
OFFSET  21.8463 -1.9863 -6.2697
X  0.5244  0.8464 -0.0932
Y -0.6886  0.4859  0.5382
Z  0.5008 -0.2180  0.8376

PART 30
OFFSET  18.7753 -0.4378 -5.7835
X  0.8608 -0.2425 -0.4474
Y -0.3424 -0.9264 -0.1568
Z -0.3764  0.2882 -0.8805

PART 31
OFFSET  20.4570 -0.9114 -6.6575
X  0.2609 -0.8740 -0.4100
Y -0.8682 -0.3981  0.2961
Z -0.4220  0.2787 -0.8627

PART 32
OFFSET  20.8381 -2.1880 -7.2563
X -0.1109 -0.9585 -0.2626
Y -0.8769 -0.0300  0.4797
Z -0.4677  0.2835 -0.8372

PART 33
OFFSET  20.7098 -3.2716 -7.5600
X  0.6750  0.7360 -0.0515
Y -0.6329  0.6135  0.4722
Z  0.3792 -0.2862  0.8800

PART 34
OFFSET  17.6510 -1.7623 -6.8484
X -0.1638  0.4203 -0.8925
Y  0.0640  0.9073  0.4156
Z  0.9844  0.0110 -0.1755

PART 35
OFFSET  8.3843 -2.5742 -4.7549
X  0.9879  0.0000  0.1552
Y -0.0298  0.9814  0.1897
Z -0.1523 -0.1921  0.9695

PART 36
OFFSET  8.3843 -2.5742 -4.7549
X  0.9879  0.0000  0.1552
Y -0.0298  0.9814  0.1897
Z -0.1523 -0.1921  0.9695

PART 37
OFFSET  13.2700 -3.3034 -1.7002
X  0.9846 -0.0039  0.1750
Y -0.0298  0.9814  0.1897
Z -0.1725 -0.1920  0.9661

PART 38
OFFSET  12.5021 -2.6131 -3.8278
X  0.9879  0.0000  0.1552
Y -0.0298  0.9814  0.1897
Z -0.1523 -0.1921  0.9695

PART 39
OFFSET  34.8188 -2.1655 -2.1171
X  0.9879  0.0000  0.1552
Y -0.0298  0.9814  0.1897
Z -0.1523 -0.1921  0.9695

PART 40
OFFSET  7.9926 -2.1339 -7.0939
X  0.9879  0.0000  0.1552
Y -0.0298  0.9814  0.1897
Z -0.1523 -0.1921  0.9695

PART 41
OFFSET  33.9623 -2.1166 -2.3547
X -0.0298  0.9814  0.1897
Y -0.9879 -0.0000 -0.1552
Z -0.1523 -0.1921  0.9695

PART 42
OFFSET  22.2757 -2.6800 -3.8875
X -0.5180 -0.1775  0.8367
Y -0.8548  0.0734 -0.5137
Z  0.0298 -0.9814 -0.1897

PART 43
OFFSET  22.2757 -2.6800 -3.8875
X -0.0298  0.9814  0.1897
Y -0.9879  0.0000 -0.1552
Z -0.1523 -0.1921  0.9695

PART 44
OFFSET  21.9398 -2.3021 -4.3672
X -0.0298  0.9814  0.1897
Y -0.9879 -0.0000 -0.1552
Z -0.1523 -0.1921  0.9695

PART 45
OFFSET  21.8981 -0.9282 -4.1016
X  0.0770  0.8683 -0.4900
Y -0.9879 -0.0000 -0.1552
Z -0.1348  0.4960  0.8578

PART 46
OFFSET  31.6559 -2.1598 -2.5386
X  0.9879  0.0000  0.1552
Y -0.0298  0.9814  0.1897
Z -0.1523 -0.1921  0.9695

PART 47
OFFSET  31.0567 -0.6449 -3.1309
X  0.7393 -0.5214  0.4261
Y  0.6656  0.6615 -0.3455
Z -0.1017  0.5391  0.8361

PART 48
OFFSET -17.6076 -4.8127 -7.0611
X -0.8994  0.0398  0.4354
Y -0.1731 -0.9469 -0.2709
Z  0.4015 -0.3190  0.8585

PART 49
OFFSET -6.7309 -5.2945 -12.3267
X -0.9298 -0.1253 -0.3460
Y  0.3638 -0.1709 -0.9157
Z  0.0556 -0.9773  0.2045

PART 50
OFFSET  1.1778 -4.2290 -9.3839
X -0.9298 -0.1253 -0.3460
Y  0.3517 -0.0262 -0.9357
Z  0.1081 -0.9918  0.0684

PART 51
OFFSET  2.2012 -2.7626 -8.5081
X -0.9321 -0.1213 -0.3412
Y -0.0581  0.9801 -0.1898
Z  0.3574 -0.1571 -0.9206

PART 52
OFFSET  2.2616 -3.2417 -7.3880
X -0.9321 -0.1213 -0.3412
Y -0.0581  0.9801 -0.1898
Z  0.3574 -0.1571 -0.9206

PART 53
OFFSET  2.4809 -4.5807 -7.2072
X -0.9321 -0.1213 -0.3412
Y -0.0581  0.9801 -0.1898
Z  0.3574 -0.1571 -0.9206

PART 54
OFFSET  4.0284 -3.8450 -8.3232
X -0.8989 -0.0888 -0.4291
Y  0.4303  0.0068 -0.9027
Z  0.0831 -0.9960  0.0321

PART 55
OFFSET  3.9834 -3.4026 -7.2723
X -0.3902 -0.5620 -0.7293
Y  0.6855  0.3515 -0.6376
Z  0.6147 -0.7487  0.2482

PART 56
OFFSET  4.7227 -2.1832 -5.6486
X -0.9199 -0.3903  0.0382
Y  0.0875 -0.2994 -0.9501
Z  0.3822 -0.8707  0.3096

PART 57
OFFSET  6.1701 -1.4736 -5.8017
X -0.6552 -0.1834  0.7328
Y -0.5638 -0.5269 -0.6360
Z  0.5027 -0.8299  0.2418

PART 58
OFFSET  6.8653 -1.2283 -6.5944
X -0.9228  0.2892  0.2545
Y  0.1652  0.8940 -0.4165
Z -0.3480 -0.3423 -0.8728

PART 59
OFFSET  5.2329 -3.5613 -8.9331
X -0.9499 -0.3113  0.0293
Y  0.3126 -0.9465  0.0799
Z  0.0029  0.0850  0.9964

PART 60
OFFSET  7.3292 -2.7335 -8.8637
X -0.0859 -0.9866 -0.1388
Y  0.9844 -0.0626 -0.1643
Z  0.1534 -0.1508  0.9766

PART 61
OFFSET  7.4509 -1.3367 -8.6672
X  0.8136 -0.5403 -0.2148
Y  0.5679  0.8177  0.0942
Z  0.1248 -0.1986  0.9721

PART 62
OFFSET  6.7295 -0.8577 -8.4767
X  0.9307  0.3526 -0.0975
Y -0.3314  0.9254  0.1838
Z  0.1550 -0.1387  0.9781

PART 63
OFFSET  5.8453 -1.1927 -8.3841
X -0.5263 -0.8306 -0.1822
Y -0.8295  0.4542  0.3251
Z -0.1872  0.3222 -0.9280

PART 64
OFFSET  5.1563 -3.6854 -8.2343
X -0.9559 -0.2468 -0.1590
Y  0.2332 -0.9673  0.0997
Z -0.1784  0.0582  0.9822

PART 65
OFFSET  7.6689 -3.0748 -7.9653
X -0.1300 -0.9911 -0.0282
Y  0.9782 -0.1236 -0.1668
Z  0.1619 -0.0493  0.9856

PART 66
OFFSET  7.8902 -1.3874 -7.9172
X  0.9183 -0.3591 -0.1669
Y  0.3664  0.9303  0.0145
Z  0.1501 -0.0745  0.9859

PART 67
OFFSET  6.6176 -0.8898 -7.6859
X  0.8542  0.5125 -0.0871
Y -0.4995  0.8556  0.1360
Z  0.1442 -0.0727  0.9869

PART 68
OFFSET  5.6911 -1.4456 -7.5914
X -0.4075 -0.9122  0.0422
Y -0.9045  0.4095  0.1188
Z -0.1257  0.0102 -0.9920

PART 69
OFFSET -0.0320 -4.7542 -9.3287
X -0.9059 -0.3618 -0.2203
Y -0.3238  0.9267 -0.1907
Z  0.2731 -0.1014 -0.9566

PART 70
OFFSET  7.2372 -3.8742 -5.9583
X -0.9501  0.0160 -0.3114
Y  0.0122 -0.9960 -0.0881
Z -0.3116 -0.0875  0.9462

PART 71
OFFSET  8.9100 -3.9023 -5.4100
X -0.3481 -0.9261 -0.1454
Y  0.8856 -0.3757  0.2730
Z -0.3075 -0.0338  0.9509

PART 72
OFFSET  9.3145 -2.7785 -5.1754
X  0.0637 -0.9939 -0.0903
Y  0.9476  0.0318  0.3178
Z -0.3130 -0.1058  0.9438

PART 73
OFFSET  9.2425 -1.6559 -5.0734
X -0.9642  0.2650  0.0080
Y  0.2651  0.9627  0.0542
Z  0.0067  0.0543 -0.9985

PART 74
OFFSET  7.5932 -3.6977 -6.9891
X -0.2642 -0.9644 -0.0108
Y  0.9639 -0.2644  0.0306
Z -0.0324 -0.0023  0.9995

PART 75
