// Export filename: `C:\projects\cod\t5\xanim_export\t5_viewmodels\ak47\ak47_flame_to_ft.XANIM_EXPORT`
// Source filename: `D:\projects\devanim\t5\animation_assets\viewmodels\ak47\ViewModel_AK47_FlameThrower_animated.fbx`
// Export time: Sat Jun 05 16:32:36 2010

ANIMATION
VERSION 3

NUMPARTS 81
PART 0 "tag_ads"
PART 1 "tag_torso"
PART 2 "J_Shoulder_LE"
PART 3 "J_Elbow_LE"
PART 4 "J_WristTwist_LE"
PART 5 "J_Sleave_Reshape_Bottom_LE_1"
PART 6 "J_Sleave_Reshape_Bottom_LE_2"
PART 7 "J_Sleave_Reshape_Top_LE_1"
PART 8 "J_Sleave_Reshape_Top_LE_2"
PART 9 "J_Sleave_Reshape_Top_LE_3"
PART 10 "J_Wrist_LE"
PART 11 "J_Thumb_LE_0"
PART 12 "J_Thumb_LE_1"
PART 13 "J_Thumb_LE_2"
PART 14 "J_Thumb_LE_3"
PART 15 "J_PinkyPalm_LE"
PART 16 "J_Pinky_LE_0"
PART 17 "J_Pinky_LE_1"
PART 18 "J_Pinky_LE_2"
PART 19 "J_Pinky_LE_3"
PART 20 "J_RingPalm_LE"
PART 21 "J_Ring_LE_0"
PART 22 "J_Ring_LE_1"
PART 23 "J_Ring_LE_2"
PART 24 "J_Ring_LE_3"
PART 25 "J_Webbing_LE"
PART 26 "J_Index_LE_0"
PART 27 "J_Index_LE_1"
PART 28 "J_Index_LE_2"
PART 29 "J_Index_LE_3"
PART 30 "J_Mid_LE_0"
PART 31 "J_Mid_LE_1"
PART 32 "J_Mid_LE_2"
PART 33 "J_Mid_LE_3"
PART 34 "tag_knife_attach"
PART 35 "tag_weapon"
PART 36 "J_Gun"
PART 37 "J_bolt"
PART 38 "TAG_CLIP"
PART 39 "TAG_FLASH"
PART 40 "tag_flame_unit"
PART 41 "tag_flamer_big_nozel"
PART 42 "tag_flamer_bracket"
PART 43 "tag_flamer_bottle"
PART 44 "tag_flamer_button"
PART 45 "tag_flamer_ring"
PART 46 "tag_flamer_flame"
PART 47 "tag_flamer_pilot_light"
PART 48 "J_Shoulder_RI"
PART 49 "J_Elbow_RI"
PART 50 "J_WristTwist_RI"
PART 51 "J_Sleave_Reshape_Top_RI_3"
PART 52 "J_Sleave_Reshape_Top_RI_2"
PART 53 "J_Sleave_Reshape_Top_RI_1"
PART 54 "J_Wrist_RI"
PART 55 "J_Thumb_RI_0"
PART 56 "J_Thumb_RI_1"
PART 57 "J_Thumb_RI_2"
PART 58 "J_Thumb_RI_3"
PART 59 "J_PinkyPalm_RI"
PART 60 "J_Pinky_RI_0"
PART 61 "J_Pinky_RI_1"
PART 62 "J_Pinky_RI_2"
PART 63 "J_Pinky_RI_3"
PART 64 "J_RingPalm_RI"
PART 65 "J_Ring_RI_0"
PART 66 "J_Ring_RI_1"
PART 67 "J_Ring_RI_2"
PART 68 "J_Ring_RI_3"
PART 69 "J_Webbing_RI"
PART 70 "J_Index_RI_0"
PART 71 "J_Index_RI_1"
PART 72 "J_Index_RI_2"
PART 73 "J_Index_RI_3"
PART 74 "J_Mid_RI_0"
PART 75 "J_Mid_RI_1"
PART 76 "J_Mid_RI_2"
PART 77 "J_Mid_RI_3"
PART 78 "tag_cambone"
PART 79 "tag_camera"
PART 80 "tag_gasmask"

FRAMERATE 30
NUMFRAMES 31

FRAME 1000
PART 0
OFFSET -4.6318 -0.0000 -1.3770
X  1.0000 -0.0000  0.0000
Y  0.0000  1.0000  0.0000
Z  0.0000 -0.0000  1.0000

PART 1
OFFSET -4.6318 -0.0000 -1.3770
X  1.0000 -0.0000  0.0000
Y  0.0000  1.0000  0.0000
Z  0.0000 -0.0000  1.0000

PART 2
OFFSET -3.5060  6.3408 -6.7125
X  0.8925 -0.1858 -0.4109
Y -0.1421 -0.9806  0.1347
Z -0.4280 -0.0618 -0.9017

PART 3
OFFSET  7.2882  4.0942 -11.6824
X  0.8286 -0.4519  0.3304
Y -0.4445 -0.1724  0.8791
Z -0.3403 -0.8753 -0.3437

PART 4
OFFSET  14.3362  0.2506 -8.8724
X  0.8286 -0.4519  0.3304
Y  0.0730  0.6724  0.7366
Z -0.5550 -0.5863  0.5901

PART 5
OFFSET  16.4463  1.3108 -8.4884
X  0.8322 -0.4485  0.3261
Y  0.3444  0.8789  0.3301
Z -0.4346 -0.1624  0.8858

PART 6
OFFSET  15.4861 -0.6304 -9.8920
X  0.8322 -0.4485  0.3261
Y  0.3444  0.8789  0.3301
Z -0.4346 -0.1624  0.8858

PART 7
OFFSET  15.7609  0.3589 -6.4859
X  0.8322 -0.4485  0.3261
Y  0.3444  0.8789  0.3301
Z -0.4346 -0.1624  0.8858

PART 8
OFFSET  15.1560 -0.9644 -7.0834
X  0.8322 -0.4485  0.3261
Y  0.3444  0.8789  0.3301
Z -0.4346 -0.1624  0.8858

PART 9
OFFSET  14.6871 -1.7048 -8.0740
X  0.8322 -0.4485  0.3261
Y  0.3444  0.8789  0.3301
Z -0.4346 -0.1624  0.8858

PART 10
OFFSET  16.8765 -1.1348 -7.8596
X  0.9667 -0.2298  0.1127
Y  0.0805  0.6910  0.7184
Z -0.2430 -0.6854  0.6864

PART 11
OFFSET  17.2893 -0.8528 -6.8338
X  0.9184 -0.0615  0.3909
Y -0.0432  0.9664  0.2535
Z -0.3933 -0.2497  0.8848

PART 12
OFFSET  19.2449 -0.9030 -5.9157
X  0.9437 -0.3298 -0.0251
Y  0.2857  0.7745  0.5643
Z -0.1667 -0.5398  0.8252

PART 13
OFFSET  20.7327 -1.5421 -5.8976
X  0.9406 -0.0697  0.3324
Y -0.0586  0.9308  0.3609
Z -0.3345 -0.3589  0.8713

PART 14
OFFSET  21.7335 -1.6180 -5.4921
X  0.8971  0.3709 -0.2400
Y -0.2715  0.0344 -0.9618
Z -0.3485  0.9280  0.1315

PART 15
OFFSET  17.5592 -2.2076 -8.3948
X  0.7680 -0.6332 -0.0962
Y -0.4096 -0.6010  0.6863
Z -0.4924 -0.4877 -0.7209

PART 16
OFFSET  19.3063 -3.6330 -8.4217
X -0.1061 -0.2919  0.9505
Y -0.6634  0.7329  0.1510
Z -0.7407 -0.6146 -0.2714

PART 17
OFFSET  19.1561 -4.0463 -7.0760
X -0.4439  0.1933  0.8750
Y -0.5218  0.7381 -0.4278
Z -0.7285 -0.6464 -0.2268

PART 18
OFFSET  18.7625 -3.8749 -6.3002
X -0.5733  0.4170  0.7053
Y -0.3118  0.6850 -0.6584
Z -0.7577 -0.5974 -0.2627

PART 19
OFFSET  18.2178 -3.4787 -5.6301
X  0.7438 -0.6626 -0.0881
Y  0.0378  0.1733 -0.9841
Z  0.6673  0.7287  0.1539

PART 20
OFFSET  17.8593 -1.7033 -7.9884
X  0.8938 -0.4350 -0.1092
Y -0.2660 -0.7102  0.6518
Z -0.3611 -0.5535 -0.7505

PART 21
OFFSET  20.0851 -3.0391 -8.1291
X  0.0148 -0.6837  0.7296
Y -0.6220  0.5650  0.5421
Z -0.7829 -0.4618 -0.4169

PART 22
OFFSET  20.1103 -4.2031 -6.8869
X -0.5330  0.1666  0.8295
Y -0.3361  0.8580 -0.3883
Z -0.7765 -0.4858 -0.4014

PART 23
OFFSET  19.3716 -3.9722 -5.7373
X -0.6242  0.4724  0.6223
Y -0.1102  0.7353 -0.6687
Z -0.7735 -0.4860 -0.4069

PART 24
OFFSET  18.6946 -3.4599 -5.0624
X  0.5363 -0.8310 -0.1479
Y  0.3008  0.3519 -0.8864
Z  0.7886  0.4309  0.4387

PART 25
OFFSET  19.8541 -1.1135 -6.0036
X  0.8264 -0.5404  0.1580
Y  0.5163  0.6155 -0.5955
Z  0.2246  0.5737  0.7877

PART 26
OFFSET  20.7943 -1.2544 -7.1338
X  0.5468 -0.8358  0.0493
Y -0.5539 -0.3169  0.7699
Z -0.6279 -0.4483 -0.6362

PART 27
OFFSET  21.7570 -2.7259 -7.0470
X -0.2216 -0.7651  0.6046
Y -0.7769  0.5132  0.3647
Z -0.5893 -0.3889 -0.7081

PART 28
OFFSET  21.5234 -3.6324 -6.2689
X -0.6341 -0.1587  0.7568
Y -0.4525  0.8698 -0.1967
Z -0.6270 -0.4672 -0.6233

PART 29
OFFSET  20.8072 -3.8117 -5.4141
X  0.4385 -0.8649 -0.2441
Y  0.5477  0.4725 -0.6905
Z  0.7126  0.1691  0.6809

PART 30
OFFSET  20.5603 -2.1024 -7.8020
X  0.2318 -0.8198  0.5236
Y -0.7237  0.2144  0.6560
Z -0.6500 -0.5310 -0.5436

PART 31
OFFSET  21.0131 -3.7039 -6.7791
X -0.5233 -0.2120  0.8254
Y -0.5206  0.8464 -0.1127
Z -0.6747 -0.4886 -0.5532

PART 32
OFFSET  20.2488 -4.0136 -5.5735
X -0.7276  0.3501  0.5899
Y -0.0590  0.8248 -0.5623
Z -0.6834 -0.4440 -0.5795

PART 33
OFFSET  19.4199 -3.6208 -4.9091
X  0.6393 -0.7669 -0.0561
Y  0.3711  0.3716 -0.8510
Z  0.6735  0.5232  0.5222

PART 34
OFFSET  19.0838 -3.1747 -6.8952
X -0.4185 -0.5643 -0.7116
Y  0.2430  0.6854 -0.6864
Z  0.8751 -0.4602 -0.1498

PART 35
OFFSET  8.2563 -2.6698 -4.5431
X  1.0000 -0.0000  0.0000
Y  0.0000  1.0000  0.0000
Z  0.0000 -0.0000  1.0000

PART 36
OFFSET  8.2563 -2.6698 -4.5431
X  1.0000 -0.0000  0.0000
Y  0.0000  1.0000  0.0000
Z  0.0000 -0.0000  1.0000

PART 37
OFFSET  13.5569 -2.9515 -2.1857
X  0.9998 -0.0000  0.0204
Y  0.0000  1.0000 -0.0000
Z -0.0204  0.0000  0.9998

PART 38
OFFSET  12.4681 -2.6548 -4.2640
X  1.0000 -0.0000  0.0000
Y  0.0000  1.0000  0.0000
Z  0.0000 -0.0000  1.0000

PART 39
OFFSET  31.8688 -2.6540 -3.4824
X  1.0000 -0.0000  0.0000
Y  0.0000  1.0000  0.0000
Z  0.0000 -0.0000  1.0000

PART 40
OFFSET  7.5063 -2.6698 -6.8357
X  1.0000 -0.0000  0.0000
Y  0.0000  1.0000  0.0000
Z  0.0000 -0.0000  1.0000

PART 41
OFFSET  33.8969 -2.5276 -6.1996
X  0.0000  1.0000  0.0000
Y -1.0000  0.0000  0.0000
Z  0.0000 -0.0000  1.0000

PART 42
OFFSET  22.1140 -3.0231 -5.7976
X -0.3819 -0.0000  0.9242
Y -0.9242  0.0000 -0.3819
Z -0.0000 -1.0000 -0.0000

PART 43
OFFSET  22.1140 -3.0231 -5.7976
X  0.0000  1.0000  0.0000
Y -1.0000  0.0000  0.0000
Z  0.0000 -0.0000  1.0000

PART 44
OFFSET  21.7077 -2.7332 -6.2840
X  0.0000  1.0000  0.0000
Y -1.0000  0.0000  0.0000
Z  0.0000 -0.0000  1.0000

PART 45
OFFSET  21.7077 -1.3332 -6.2840
X  0.0000  0.8512 -0.5249
Y -1.0000  0.0000  0.0000
Z  0.0000  0.5249  0.8512

PART 46
OFFSET  31.5899 -2.5362 -6.0183
X  1.0000 -0.0000 -0.0000
Y  0.0000  1.0000  0.0000
Z  0.0000 -0.0000  1.0000

PART 47
OFFSET  30.9061 -1.1440 -6.7923
X  0.7965 -0.4529  0.4006
Y  0.6040  0.5638 -0.5634
Z  0.0293  0.6907  0.7226

PART 48
OFFSET -17.6076 -4.8127 -7.0611
X -0.8933  0.0570  0.4458
Y -0.2146 -0.9256 -0.3117
Z  0.3949 -0.3741  0.8391

PART 49
OFFSET -6.8040 -5.5017 -12.4528
X -0.8818 -0.0897 -0.4630
Y  0.4713 -0.1330 -0.8719
Z  0.0166 -0.9871  0.1595

PART 50
OFFSET  0.6961 -4.7390 -8.5146
X -0.8818 -0.0897 -0.4630
Y  0.4716 -0.1611 -0.8670
Z  0.0031 -0.9829  0.1844

PART 51
OFFSET  1.6239 -3.3379 -7.4464
X -0.8846 -0.0859 -0.4583
Y -0.0209  0.9892 -0.1452
Z  0.4659 -0.1189 -0.8768

PART 52
OFFSET  1.5393 -3.8724 -6.3533
X -0.8846 -0.0859 -0.4583
Y -0.0209  0.9892 -0.1452
Z  0.4659 -0.1189 -0.8768

PART 53
OFFSET  1.7163 -5.2227 -6.2157
X -0.8846 -0.0859 -0.4583
Y -0.0209  0.9892 -0.1452
Z  0.4659 -0.1189 -0.8768

PART 54
OFFSET  3.3994 -4.4641 -7.0951
X -0.9546 -0.1418 -0.2621
Y  0.2850 -0.1775 -0.9420
Z  0.0871 -0.9739  0.2098

PART 55
OFFSET  3.5180 -3.8292 -6.1544
X -0.4986 -0.6783 -0.5397
Y  0.5783  0.2035 -0.7900
Z  0.6457 -0.7060  0.2908

PART 56
OFFSET  4.5003 -2.3465 -4.9270
X -0.9028 -0.3483  0.2521
Y -0.0610 -0.4767 -0.8770
Z  0.4256 -0.8071  0.4091

PART 57
OFFSET  5.9065 -1.7222 -5.4322
X -0.5336 -0.0214  0.8455
Y -0.6557 -0.6209 -0.4295
Z  0.5342 -0.7836  0.3173

PART 58
OFFSET  6.4702 -1.6527 -6.3537
X -0.8721  0.3596  0.3318
Y  0.0986  0.7934 -0.6007
Z -0.4792 -0.4912 -0.7274

PART 59
OFFSET  4.4947 -4.3373 -7.9244
X -0.9338 -0.2716  0.2329
Y  0.3213 -0.9230  0.2116
Z  0.1575  0.2724  0.9492

PART 60
OFFSET  6.5764 -3.5742 -8.3354
X -0.1064 -0.9920  0.0680
Y  0.9470 -0.1219 -0.2972
Z  0.3031  0.0328  0.9524

PART 61
OFFSET  6.7270 -2.1698 -8.4316
X  0.7704 -0.5952 -0.2284
Y  0.5756  0.8034 -0.1522
Z  0.2741 -0.0142  0.9616

PART 62
OFFSET  6.0439 -1.6420 -8.2291
X  0.9043  0.2998 -0.3040
Y -0.2988  0.9530  0.0509
Z  0.3049  0.0448  0.9513

PART 63
OFFSET  5.1848 -1.9269 -7.9403
X -0.5482 -0.8340  0.0630
Y -0.7690  0.5322  0.3543
Z -0.3290  0.1458 -0.9330

PART 64
OFFSET  4.5274 -4.3242 -7.2114
X -0.9690 -0.2439  0.0388
Y  0.2458 -0.9373  0.2469
Z -0.0239  0.2488  0.9683

PART 65
OFFSET  7.0513 -3.7488 -7.4505
X -0.1328 -0.9741  0.1828
Y  0.9405 -0.1821 -0.2870
Z  0.3128  0.1338  0.9403

PART 66
OFFSET  7.2774 -2.0903 -7.7617
X  0.8812 -0.4114 -0.2327
Y  0.3642  0.9048 -0.2204
Z  0.3012  0.1095  0.9472

PART 67
OFFSET  6.0561 -1.5201 -7.4392
X  0.8304  0.4610 -0.3130
Y -0.4723  0.8804  0.0436
Z  0.2956  0.1116  0.9488

PART 68
OFFSET  5.1555 -2.0201 -7.0997
X -0.3960 -0.8751  0.2782
Y -0.8751  0.4514  0.1743
Z -0.2781 -0.1744 -0.9446

PART 69
OFFSET -0.7678 -5.4262 -7.2769
X -0.9291 -0.3699 -0.0061
Y -0.3495  0.8829 -0.3136
Z  0.1213 -0.2892 -0.9496

PART 70
OFFSET  6.9363 -4.1397 -5.2854
X -0.9870 -0.0151 -0.1603
Y -0.0017 -0.9946  0.1040
Z -0.1610  0.1029  0.9816

PART 71
OFFSET  8.6740 -4.1131 -5.0032
X -0.3664 -0.9261  0.0899
Y  0.9173 -0.3433  0.2020
Z -0.1562  0.1565  0.9753

PART 72
OFFSET  9.1099 -2.9777 -5.0533
X  0.0489 -0.9944  0.0936
Y  0.9855  0.0633  0.1577
Z -0.1627  0.0845  0.9830

PART 73
OFFSET  9.0547 -1.8545 -5.1590
X -0.9513  0.2903  0.1037
Y  0.2703  0.9472 -0.1728
Z -0.1484 -0.1363 -0.9795

PART 74
OFFSET  7.1281 -4.1726 -6.3729
X -0.2627 -0.9406  0.2150
Y  0.9570 -0.2824 -0.0663
Z  0.1231  0.1883  0.9744

PART 75
OFFSET  7.6413 -2.3351 -6.7929
X  0.8288 -0.5596 -0.0009
Y  0.5392  0.7990 -0.2664
Z  0.1498  0.2203  0.9639

PART 76
OFFSET  6.4307 -1.5177 -6.7917
X  0.8851  0.3871 -0.2584
Y -0.4386  0.8795 -0.1846
Z  0.1558  0.2767  0.9482

PART 77
OFFSET  5.4269 -1.9575 -6.5058
X -0.4085 -0.8763  0.2554
Y -0.8912  0.4434  0.0957
Z -0.1971 -0.1885 -0.9621

PART 78
OFFSET  0.0000 -0.0000 -0.0000
X  1.0000 -0.0000  0.0000
Y  0.0000  1.0000  0.0000
Z  0.0000 -0.0000  1.0000

PART 79
OFFSET  0.0000 -0.0000 -0.0000
X  1.0000 -0.0000  0.0000
Y  0.0000  1.0000  0.0000
Z  0.0000 -0.0000  1.0000

PART 80
OFFSET  1.5404 -0.0000  4.1357
X  1.0000 -0.0000  0.0000
Y  0.0000  1.0000  0.0000
Z  0.0000 -0.0000  1.0000


FRAME 1001
PART 0
OFFSET -4.6318 -0.0000 -1.3770
X  1.0000 -0.0000  0.0000
Y  0.0000  1.0000  0.0000
Z  0.0000 -0.0000  1.0000

PART 1
OFFSET -4.6318 -0.0000 -1.3770
X  1.0000 -0.0000  0.0000
Y  0.0000  1.0000  0.0000
Z  0.0000 -0.0000  1.0000

PART 2
OFFSET -3.5060  6.3408 -6.7125
X  0.8903 -0.1813 -0.4177
Y -0.1410 -0.9820  0.1256
Z -0.4330 -0.0529 -0.8999

PART 3
OFFSET  7.2614  4.1485 -11.7642
X  0.8255 -0.4569  0.3313
Y -0.4491 -0.1761  0.8760
Z -0.3419 -0.8719 -0.3506

PART 4
OFFSET  14.2825  0.2620 -8.9460
X  0.8255 -0.4569  0.3313
Y  0.0714  0.6669  0.7418
Z -0.5599 -0.5887  0.5831

PART 5
OFFSET  16.3947  1.3122 -8.5460
X  0.8290 -0.4536  0.3271
Y  0.3461  0.8756  0.3370
Z -0.4392 -0.1662  0.8829

PART 6
OFFSET  15.4338 -0.6169 -9.9658
X  0.8290 -0.4536  0.3271
Y  0.3461  0.8756  0.3370
Z -0.4392 -0.1662  0.8829

PART 7
OFFSET  15.6967  0.3505 -6.5524
X  0.8290 -0.4536  0.3271
Y  0.3461  0.8756  0.3370
Z -0.4392 -0.1662  0.8829

PART 8
OFFSET  15.0891 -0.9678 -7.1601
X  0.8290 -0.4536  0.3271
Y  0.3461  0.8756  0.3370
Z -0.4392 -0.1662  0.8829

PART 9
OFFSET  14.6220 -1.7003 -8.1574
X  0.8290 -0.4536  0.3271
Y  0.3461  0.8756  0.3370
Z -0.4392 -0.1662  0.8829

PART 10
OFFSET  16.8132 -1.1388 -7.9303
X  0.9720 -0.2139  0.0972
Y  0.0786  0.6859  0.7235
Z -0.2214 -0.6956  0.6835

PART 11
OFFSET  17.2353 -0.8587 -6.9077
X  0.9125 -0.0251  0.4084
Y -0.0984  0.9553  0.2788
Z -0.3971 -0.2946  0.8692

PART 12
OFFSET  19.1724 -0.8340 -5.9503
X  0.9571 -0.2891 -0.0203
Y  0.2445  0.7678  0.5921
Z -0.1556 -0.5717  0.8056

PART 13
OFFSET  20.6855 -1.4106 -5.9282
X  0.9438 -0.0408  0.3281
Y -0.0966  0.9149  0.3919
Z -0.3162 -0.4015  0.8595

PART 14
OFFSET  21.6900 -1.4575 -5.5274
X  0.8799  0.4163 -0.2292
Y -0.2759  0.0548 -0.9596
Z -0.3870  0.9076  0.1631

PART 15
OFFSET  17.5068 -2.1948 -8.4845
X  0.7672 -0.6295 -0.1231
Y -0.3938 -0.6138  0.6842
Z -0.5063 -0.4764 -0.7188

PART 16
OFFSET  19.2559 -3.6151 -8.5726
X  0.0057 -0.3969  0.9179
Y -0.6771  0.6739  0.2956
Z -0.7358 -0.6232 -0.2648

PART 17
OFFSET  19.2641 -4.1770 -7.2731
X -0.3400  0.0490  0.9392
Y -0.6077  0.7507 -0.2592
Z -0.7177 -0.6589 -0.2254

PART 18
OFFSET  18.9626 -4.1335 -6.4404
X -0.4948  0.2733  0.8249
Y -0.4328  0.7457 -0.5066
Z -0.7536 -0.6077 -0.2507

PART 19
OFFSET  18.4926 -3.8739 -5.6567
X  0.7591 -0.5892 -0.2767
Y -0.1036  0.3103 -0.9450
Z  0.6427  0.7460  0.1745

PART 20
OFFSET  17.8037 -1.6889 -8.0778
X  0.8996 -0.4184 -0.1256
Y -0.2445 -0.7205  0.6489
Z -0.3620 -0.5531 -0.7504

PART 21
OFFSET  20.0465 -2.9898 -8.2671
X  0.1190 -0.7406  0.6614
Y -0.6264  0.4608  0.6287
Z -0.7704 -0.4891 -0.4090

PART 22
OFFSET  20.2492 -4.2506 -7.1411
X -0.4581 -0.0069  0.8888
Y -0.4593  0.8580 -0.2301
Z -0.7610 -0.5137 -0.3962

PART 23
OFFSET  19.6143 -4.2602 -5.9092
X -0.5986  0.3048  0.7408
Y -0.2573  0.8026 -0.5382
Z -0.7586 -0.5128 -0.4020

PART 24
OFFSET  18.9650 -3.9296 -5.1058
X  0.6001 -0.7334 -0.3193
Y  0.1651  0.5041 -0.8477
Z  0.7827  0.4560  0.4236

PART 25
OFFSET  19.8157 -1.0820 -6.1156
X  0.8378 -0.5273  0.1416
Y  0.4972  0.6297 -0.5969
Z  0.2256  0.5705  0.7897

PART 26
OFFSET  20.7422 -1.1964 -7.2599
X  0.6076 -0.7938  0.0257
Y -0.5163 -0.3702  0.7723
Z -0.6035 -0.4825 -0.6348

PART 27
OFFSET  21.8120 -2.5940 -7.2146
X -0.1233 -0.8064  0.5784
Y -0.8108  0.4179  0.4098
Z -0.5722 -0.4184 -0.7054

PART 28
OFFSET  21.6969 -3.5489 -6.4687
X -0.5669 -0.2829  0.7737
Y -0.5656  0.8165 -0.1159
Z -0.5990 -0.5033 -0.6229

PART 29
OFFSET  21.0566 -3.8685 -5.5947
X  0.5266 -0.7866 -0.3225
Y  0.4466  0.5787 -0.6824
Z  0.7233  0.2154  0.6560

PART 30
OFFSET  20.5136 -2.0425 -7.9325
X  0.3146 -0.8257  0.4682
Y -0.7048  0.1272  0.6979
Z -0.6358 -0.5496 -0.5419

PART 31
OFFSET  21.1282 -3.6555 -7.0178
X -0.4234 -0.3479  0.8365
Y -0.6162  0.7874  0.0156
Z -0.6641 -0.5089 -0.5477

PART 32
OFFSET  20.5098 -4.1637 -5.7959
X -0.6976  0.1695  0.6962
Y -0.2261  0.8699 -0.4384
Z -0.6799 -0.4632 -0.5685

PART 33
OFFSET  19.7151 -3.9756 -5.0112
X  0.7228 -0.6560 -0.2175
Y  0.2245  0.5205 -0.8238
Z  0.6536  0.5466  0.5235

PART 34
OFFSET  19.0687 -3.1483 -7.0150
X -0.4186 -0.5652 -0.7108
Y  0.2214  0.6956 -0.6835
Z  0.8808 -0.4435 -0.1660

PART 35
OFFSET  8.2534 -2.6720 -4.4932
X  1.0000  0.0000 -0.0047
Y -0.0000  1.0000 -0.0031
Z  0.0047  0.0031  1.0000

PART 36
OFFSET  8.2534 -2.6720 -4.4932
X  1.0000  0.0000 -0.0047
Y -0.0000  1.0000 -0.0031
Z  0.0047  0.0031  1.0000

PART 37
OFFSET  13.5650 -2.9461 -2.1597
X  0.9999  0.0001  0.0158
Y -0.0000  1.0000 -0.0031
Z -0.0158  0.0031  0.9999

PART 38
OFFSET  12.4665 -2.6560 -4.2338
X  1.0000  0.0000 -0.0047
Y -0.0000  1.0000 -0.0031
Z  0.0047  0.0031  1.0000

PART 39
OFFSET  31.8804 -2.6519 -3.5519
X  1.0000  0.0000 -0.0047
Y -0.0000  1.0000 -0.0031
Z  0.0047  0.0031  1.0000

PART 40
OFFSET  7.4928 -2.6792 -6.7822
X  1.0000  0.0000 -0.0047
Y -0.0000  1.0000 -0.0031
Z  0.0047  0.0031  1.0000

PART 41
OFFSET  33.8860 -2.5342 -6.2702
X -0.0000  1.0000 -0.0031
Y -1.0000 -0.0000  0.0047
Z  0.0047  0.0031  1.0000

PART 42
OFFSET  22.1051 -3.0287 -5.8114
X -0.3776  0.0029  0.9260
Y -0.9260 -0.0012 -0.3776
Z  0.0000 -1.0000  0.0031

PART 43
OFFSET  22.1052 -3.0287 -5.8114
X -0.0000  1.0000 -0.0031
Y -1.0000 -0.0000  0.0047
Z  0.0047  0.0031  1.0000

PART 44
OFFSET  21.6966 -2.7404 -6.2969
X -0.0000  1.0000 -0.0031
Y -1.0000 -0.0000  0.0047
Z  0.0047  0.0031  1.0000

PART 45
OFFSET  21.6965 -1.3404 -6.3013
X -0.0023  0.8755 -0.4832
Y -1.0000 -0.0000  0.0047
Z  0.0041  0.4832  0.8755

PART 46
OFFSET  31.5799 -2.5423 -6.0781
X  1.0000  0.0000 -0.0047
Y -0.0000  1.0000 -0.0031
Z  0.0047  0.0031  1.0000

PART 47
OFFSET  30.8924 -1.1525 -6.8532
X  0.7984 -0.4516  0.3983
Y  0.6013  0.5620 -0.5680
Z  0.0326  0.6929  0.7202

PART 48
OFFSET -17.6076 -4.8127 -7.0611
X -0.8943  0.0570  0.4437
Y -0.2145 -0.9251 -0.3134
Z  0.3926 -0.3755  0.8396

PART 49
OFFSET -6.7916 -5.5023 -12.4277
X -0.8795 -0.0888 -0.4676
Y  0.4757 -0.1319 -0.8696
Z  0.0155 -0.9873  0.1583

PART 50
OFFSET  0.6886 -4.7468 -8.4503
X -0.8795 -0.0888 -0.4676
Y  0.4760 -0.1618 -0.8644
Z  0.0011 -0.9828  0.1846

PART 51
OFFSET  1.6113 -3.3473 -7.3756
X -0.8823 -0.0851 -0.4630
Y -0.0199  0.9894 -0.1440
Z  0.4703 -0.1178 -0.8746

PART 52
OFFSET  1.5210 -3.8833 -6.2837
X -0.8823 -0.0851 -0.4630
Y -0.0199  0.9894 -0.1440
Z  0.4703 -0.1178 -0.8746

PART 53
OFFSET  1.6970 -5.2338 -6.1469
X -0.8823 -0.0851 -0.4630
Y -0.0199  0.9894 -0.1440
Z  0.4703 -0.1178 -0.8746

PART 54
OFFSET  3.3847 -4.4745 -7.0167
X -0.9558 -0.1426 -0.2572
Y  0.2806 -0.1804 -0.9427
Z  0.0881 -0.9732  0.2125

PART 55
OFFSET  3.5077 -3.8366 -6.0785
X -0.5011 -0.6800 -0.5352
Y  0.5746  0.2011 -0.7934
Z  0.6471 -0.7051  0.2900

PART 56
OFFSET  4.4957 -2.3500 -4.8605
X -0.9016 -0.3476  0.2574
Y -0.0651 -0.4794 -0.8752
Z  0.4276 -0.8058  0.4096

PART 57
OFFSET  5.8995 -1.7273 -5.3742
X -0.5296 -0.0188  0.8480
Y -0.6577 -0.6223 -0.4245
Z  0.5357 -0.7826  0.3172

PART 58
OFFSET  6.4589 -1.6606 -6.2985
X -0.8706  0.3606  0.3347
Y  0.0957  0.7915 -0.6036
Z -0.4826 -0.4935 -0.7236

PART 59
OFFSET  4.4761 -4.3503 -7.8515
X -0.9327 -0.2709  0.2381
Y  0.3223 -0.9224  0.2130
Z  0.1619  0.2754  0.9476

PART 60
OFFSET  6.5558 -3.5884 -8.2746
X -0.1060 -0.9918  0.0716
Y  0.9456 -0.1228 -0.3012
Z  0.3076  0.0358  0.9509

PART 61
OFFSET  6.7059 -2.1842 -8.3760
X  0.7694 -0.5959 -0.2301
Y  0.5748  0.8030 -0.1574
Z  0.2786 -0.0112  0.9603

PART 62
OFFSET  6.0238 -1.6559 -8.1719
X  0.9028  0.2989 -0.3092
Y -0.2986  0.9531  0.0493
Z  0.3094  0.0478  0.9497

PART 63
OFFSET  5.1660 -1.9398 -7.8782
X -0.5478 -0.8338  0.0682
Y -0.7673  0.5332  0.3562
Z -0.3333  0.1428 -0.9319

PART 64
OFFSET  4.5122 -4.3349 -7.1387
X -0.9688 -0.2438  0.0441
Y  0.2470 -0.9366  0.2487
Z -0.0193  0.2518  0.9676

PART 65
OFFSET  7.0349 -3.7602 -7.3915
X -0.1319 -0.9736  0.1865
Y  0.9391 -0.1829 -0.2908
Z  0.3172  0.1368  0.9384

PART 66
OFFSET  7.2595 -2.1027 -7.7089
X  0.8802 -0.4121 -0.2355
Y  0.3632  0.9042 -0.2249
Z  0.3057  0.1124  0.9455

PART 67
OFFSET  6.0397 -1.5315 -7.3825
X  0.8289  0.4600 -0.3183
Y -0.4721  0.8805  0.0431
Z  0.3001  0.1146  0.9470

PART 68
OFFSET  5.1407 -2.0304 -7.0372
X -0.3947 -0.8742  0.2828
Y -0.8743  0.4519  0.1770
Z -0.2825 -0.1774 -0.9427

PART 69
OFFSET -0.7833 -5.4372 -7.1760
X -0.9291 -0.3699 -0.0006
Y -0.3510  0.8819 -0.3147
Z  0.1169 -0.2922 -0.9492

PART 70
OFFSET  6.9300 -4.1442 -5.2247
X -0.9877 -0.0156 -0.1556
Y -0.0011 -0.9942  0.1071
Z -0.1564  0.1060  0.9820

PART 71
OFFSET  8.6690 -4.1167 -4.9507
X -0.3659 -0.9258  0.0945
Y  0.9182 -0.3426  0.1988
Z -0.1516  0.1595  0.9755

PART 72
OFFSET  9.1047 -2.9815 -5.0064
X  0.0494 -0.9941  0.0965
Y  0.9862  0.0638  0.1529
Z -0.1581  0.0876  0.9835

PART 73
OFFSET  9.0489 -1.8586 -5.1153
X -0.9508  0.2906  0.1072
Y  0.2694  0.9466 -0.1770
Z -0.1529 -0.1394 -0.9784

PART 74
OFFSET  7.1167 -4.1806 -6.3130
X -0.2616 -0.9399  0.2192
Y  0.9567 -0.2826 -0.0699
Z  0.1276  0.1914  0.9732

PART 75
OFFSET  7.6279 -2.3444 -6.7411
X  0.8288 -0.5596 -0.0030
Y  0.5379  0.7981 -0.2714
Z  0.1543  0.2233  0.9625

PART 76
OFFSET  6.4173 -1.5270 -6.7367
X  0.8839  0.3863 -0.2638
Y -0.4395  0.8789 -0.1853
Z  0.1602  0.2797  0.9466

PART 77
OFFSET  5.4148 -1.9660 -6.4448
X -0.4073 -0.8755  0.2601
Y -0.8908  0.4436  0.0985
Z -0.2016 -0.1916 -0.9606

PART 78
OFFSET  0.0000 -0.0000 -0.0000
X  1.0000 -0.0000  0.0000
Y  0.0000  1.0000  0.0000
Z  0.0000 -0.0000  1.0000

PART 79
OFFSET  0.0000 -0.0000 -0.0000
X  1.0000 -0.0000  0.0000
Y  0.0000  1.0000  0.0000
Z  0.0000 -0.0000  1.0000

PART 80
OFFSET  1.5404 -0.0000  4.1357
X  1.0000 -0.0000  0.0000
Y  0.0000  1.0000  0.0000
Z  0.0000 -0.0000  1.0000


FRAME 1002
PART 0
OFFSET -4.6318 -0.0000 -1.3770
X  1.0000 -0.0000  0.0000
Y  0.0000  1.0000  0.0000
Z  0.0000 -0.0000  1.0000

PART 1
OFFSET -4.6318 -0.0000 -1.3770
X  1.0000 -0.0000  0.0000
Y  0.0000  1.0000  0.0000
Z  0.0000 -0.0000  1.0000

PART 2
OFFSET -3.5060  6.3408 -6.7125
X  0.8847 -0.1695 -0.4343
Y -0.1385 -0.9851  0.1022
Z -0.4452 -0.0302 -0.8949

PART 3
OFFSET  7.1930  4.2913 -11.9655
X  0.8172 -0.4700  0.3335
Y -0.4609 -0.1855  0.8678
Z -0.3460 -0.8629 -0.3682

PART 4
OFFSET  14.1438  0.2937 -9.1287
X  0.8172 -0.4700  0.3335
Y  0.0650  0.6502  0.7570
Z -0.5726 -0.5970  0.5619

PART 5
OFFSET  16.2610  1.3171 -8.6878
X  0.8209 -0.4666  0.3294
Y  0.3504  0.8668  0.3548
Z -0.4510 -0.1758  0.8750

PART 6
OFFSET  15.2986 -0.5801 -10.1489
X  0.8209 -0.4666  0.3294
Y  0.3504  0.8668  0.3548
Z -0.4510 -0.1758  0.8750

PART 7
OFFSET  15.5308  0.3310 -6.7179
X  0.8209 -0.4666  0.3294
Y  0.3504  0.8668  0.3548
Z -0.4510 -0.1758  0.8750

PART 8
OFFSET  14.9158 -0.9740 -7.3513
X  0.8209 -0.4666  0.3294
Y  0.3504  0.8668  0.3548
Z -0.4510 -0.1758  0.8750

PART 9
OFFSET  14.4535 -1.6862 -8.3654
X  0.8209 -0.4666  0.3294
Y  0.3504  0.8668  0.3548
Z -0.4510 -0.1758  0.8750

PART 10
OFFSET  16.6492 -1.1471 -8.1062
X  0.9832 -0.1731  0.0581
Y  0.0743  0.6699  0.7387
Z -0.1668 -0.7219  0.6715

PART 11
OFFSET  17.0947 -0.8749 -7.0914
X  0.8878  0.0541  0.4571
Y -0.2288  0.9135  0.3364
Z -0.3993 -0.4032  0.8234

PART 12
OFFSET  18.9654 -0.6895 -6.0257
X  0.9814 -0.1921 -0.0022
Y  0.1460  0.7384  0.6584
Z -0.1249 -0.6464  0.7527

PART 13
OFFSET  20.5270 -1.1161 -5.9842
X  0.9460  0.0286  0.3229
Y -0.1846  0.8662  0.4643
Z -0.2665 -0.4988  0.8247

PART 14
OFFSET  21.5346 -1.0933 -5.5894
X  0.8314  0.5200 -0.1957
Y -0.2886  0.1032 -0.9519
Z -0.4748  0.8479  0.2359

PART 15
OFFSET  17.3678 -2.1569 -8.7122
X  0.7638 -0.6161 -0.1923
Y -0.3520 -0.6474  0.6760
Z -0.5410 -0.4486 -0.7113

PART 16
OFFSET  19.1196 -3.5553 -8.9579
X  0.2794 -0.6054  0.7453
Y -0.6337  0.4669  0.6168
Z -0.7214 -0.6446 -0.2532

PART 17
OFFSET  19.5151 -4.4125 -7.9027
X -0.0285 -0.2926  0.9558
Y -0.7227  0.6666  0.1825
Z -0.6905 -0.6856 -0.2305

PART 18
OFFSET  19.4898 -4.6719 -7.0553
X -0.2091 -0.1037  0.9724
Y -0.6428  0.7639 -0.0567
Z -0.7370 -0.6369 -0.2263

PART 19
OFFSET  19.2912 -4.7704 -6.1315
X  0.6700 -0.3082 -0.6754
Y -0.4439  0.5630 -0.6972
Z  0.5951  0.7669  0.2404

PART 20
OFFSET  17.6568 -1.6489 -8.3023
X  0.9118 -0.3749 -0.1675
Y -0.1900 -0.7470  0.6371
Z -0.3640 -0.5491 -0.7523

PART 21
OFFSET  19.9372 -2.8569 -8.6170
X  0.3674 -0.8161  0.4461
Y -0.5702  0.1813  0.8012
Z -0.7348 -0.5487 -0.3987

PART 22
OFFSET  20.5626 -4.2463 -7.8575
X -0.1744 -0.3997  0.8999
Y -0.6728  0.7157  0.1875
Z -0.7190 -0.5727 -0.3937

PART 23
OFFSET  20.3209 -4.8003 -6.6103
X -0.4013 -0.1292  0.9068
Y -0.5680  0.8118 -0.1357
Z -0.7185 -0.5695 -0.3992

PART 24
OFFSET  19.8857 -4.9404 -5.6269
X  0.6179 -0.3859 -0.6850
Y -0.2039  0.7628 -0.6136
Z  0.7593  0.5189  0.3927

PART 25
OFFSET  19.7086 -1.0041 -6.3943
X  0.8643 -0.4932  0.0985
Y  0.4481  0.6661 -0.5963
Z  0.2285  0.5595  0.7967

PART 26
OFFSET  20.5982 -1.0482 -7.5722
X  0.7412 -0.6701 -0.0406
Y -0.4015 -0.4909  0.7732
Z -0.5380 -0.5568 -0.6329

PART 27
OFFSET  21.9032 -2.2280 -7.6437
X  0.1352 -0.8593  0.4932
Y -0.8394  0.1651  0.5179
Z -0.5265 -0.4840 -0.6990

PART 28
OFFSET  22.0996 -3.2433 -7.0016
X -0.3228 -0.5434  0.7750
Y -0.7887  0.6071  0.0972
Z -0.5233 -0.5798 -0.6245

PART 29
OFFSET  21.7350 -3.8571 -6.1263
X  0.6699 -0.5342 -0.5157
Y  0.1391  0.7725 -0.6196
Z  0.7293  0.3433  0.5918

PART 30
OFFSET  20.3828 -1.8860 -8.2593
X  0.5075 -0.8027  0.3132
Y -0.6196 -0.0873  0.7801
Z -0.5988 -0.5899 -0.5417

PART 31
OFFSET  21.3742 -3.4542 -7.6474
X -0.1142 -0.6207  0.7757
Y -0.7646  0.5534  0.3303
Z -0.6343 -0.5554 -0.5378

PART 32
OFFSET  21.2074 -4.3607 -6.5144
X -0.4717 -0.2747  0.8379
Y -0.5790  0.8132 -0.0594
Z -0.6650 -0.5131 -0.5426

PART 33
OFFSET  20.6688 -4.6760 -5.5692
X  0.7740 -0.2760 -0.5699
Y -0.1886  0.7587 -0.6236
Z  0.6044  0.5902  0.5352

PART 34
OFFSET  19.0205 -3.0777 -7.3234
X -0.4186 -0.5648 -0.7112
Y  0.1668  0.7219 -0.6715
Z  0.8927 -0.3998 -0.2080

PART 35
OFFSET  8.2479 -2.6764 -4.3587
X  0.9999  0.0000 -0.0166
Y -0.0002  0.9999 -0.0116
Z  0.0166  0.0116  0.9998

PART 36
OFFSET  8.2479 -2.6764 -4.3587
X  0.9999  0.0000 -0.0166
Y -0.0002  0.9999 -0.0116
Z  0.0166  0.0116  0.9998

PART 37
OFFSET  13.5870 -2.9305 -2.0867
X  1.0000  0.0003  0.0038
Y -0.0002  0.9999 -0.0116
Z -0.0038  0.0116  0.9999

PART 38
OFFSET  12.4638 -2.6580 -4.1499
X  0.9999  0.0000 -0.0166
Y -0.0002  0.9999 -0.0116
Z  0.0166  0.0116  0.9998

PART 39
OFFSET  31.9124 -2.6465 -3.7259
X  0.9999  0.0000 -0.0166
Y -0.0002  0.9999 -0.0116
Z  0.0166  0.0116  0.9998

PART 40
OFFSET  7.4600 -2.7029 -6.6384
X  0.9999  0.0000 -0.0166
Y -0.0002  0.9999 -0.0116
Z  0.0166  0.0116  0.9998

PART 41
OFFSET  33.8574 -2.5523 -6.4429
X -0.0002  0.9999 -0.0116
Y -0.9999 -0.0000  0.0166
Z  0.0166  0.0116  0.9998

PART 42
OFFSET  22.0830 -3.0435 -5.8393
X -0.3665  0.0107  0.9304
Y -0.9304 -0.0045 -0.3665
Z  0.0002 -0.9999  0.0116

PART 43
OFFSET  22.0830 -3.0435 -5.8393
X -0.0002  0.9999 -0.0116
Y -0.9999 -0.0000  0.0166
Z  0.0166  0.0116  0.9998

PART 44
OFFSET  21.6686 -2.7593 -6.3222
X -0.0002  0.9999 -0.0116
Y -0.9999 -0.0000  0.0166
Z  0.0166  0.0116  0.9998

PART 45
OFFSET  21.6683 -1.3595 -6.3384
X -0.0064  0.9249 -0.3802
Y -0.9999 -0.0000  0.0166
Z  0.0154  0.3803  0.9248

PART 46
OFFSET  31.5537 -2.5589 -6.2232
X  0.9999  0.0000 -0.0166
Y -0.0002  0.9999 -0.0116
Z  0.0166  0.0116  0.9998

PART 47
OFFSET  30.8568 -1.1757 -7.0017
X  0.8031 -0.4482  0.3926
Y  0.5944  0.5572 -0.5798
Z  0.0411  0.6990  0.7139

PART 48
OFFSET -17.6076 -4.8127 -7.0611
X -0.8973  0.0571  0.4377
Y -0.2138 -0.9237 -0.3179
Z  0.3862 -0.3789  0.8410

PART 49
OFFSET -6.7559 -5.5027 -12.3552
X -0.8733 -0.0866 -0.4793
Y  0.4869 -0.1293 -0.8638
Z  0.0128 -0.9878  0.1551

PART 50
OFFSET  0.6723 -4.7659 -8.2782
X -0.8733 -0.0866 -0.4793
Y  0.4871 -0.1639 -0.8578
Z -0.0042 -0.9827  0.1853

PART 51
OFFSET  1.5818 -3.3707 -7.1868
X -0.8762 -0.0829 -0.4747
Y -0.0173  0.9899 -0.1409
Z  0.4816 -0.1152 -0.8688

PART 52
OFFSET  1.4770 -3.9103 -6.0980
X -0.8762 -0.0829 -0.4747
Y -0.0173  0.9899 -0.1409
Z  0.4816 -0.1152 -0.8688

PART 53
OFFSET  1.6503 -5.2614 -5.9635
X -0.8762 -0.0829 -0.4747
Y -0.0173  0.9899 -0.1409
Z  0.4816 -0.1152 -0.8688

PART 54
OFFSET  3.3497 -4.5003 -6.8087
X -0.9588 -0.1449 -0.2445
Y  0.2693 -0.1883 -0.9445
Z  0.0908 -0.9714  0.2196

PART 55
OFFSET  3.4838 -3.8546 -5.8775
X -0.5074 -0.6845 -0.5235
Y  0.5650  0.1944 -0.8018
Z  0.6506 -0.7026  0.2882

PART 56
OFFSET  4.4860 -2.3577 -4.6839
X -0.8984 -0.3454  0.2711
Y -0.0754 -0.4868 -0.8703
Z  0.4326 -0.8023  0.4113

PART 57
OFFSET  5.8835 -1.7393 -5.2195
X -0.5194 -0.0116  0.8544
Y -0.6626 -0.6259 -0.4114
Z  0.5396 -0.7798  0.3174

PART 58
OFFSET  6.4318 -1.6804 -6.1510
X -0.8666  0.3633  0.3421
Y  0.0884  0.7864 -0.6114
Z -0.4911 -0.4996 -0.7136

PART 59
OFFSET  4.4310 -4.3831 -7.6575
X -0.9297 -0.2689  0.2515
Y  0.3249 -0.9205  0.2169
Z  0.1732  0.2834  0.9432

PART 60
OFFSET  6.5054 -3.6247 -8.1118
X -0.1050 -0.9911  0.0812
Y  0.9420 -0.1253 -0.3115
Z  0.3189  0.0438  0.9468

PART 61
OFFSET  6.6541 -2.2214 -8.2268
X  0.7667 -0.5978 -0.2343
Y  0.5728  0.8016 -0.1710
Z  0.2901 -0.0031  0.9570

PART 62
OFFSET  5.9743 -1.6914 -8.0191
X  0.8990  0.2963 -0.3224
Y -0.2982  0.9535  0.0448
Z  0.3207  0.0558  0.9455

PART 63
OFFSET  5.1202 -1.9729 -7.7128
X -0.5468 -0.8332  0.0817
Y -0.7631  0.5362  0.3608
Z -0.3445  0.1349 -0.9290

PART 64
OFFSET  4.4756 -4.3617 -6.9453
X -0.9682 -0.2435  0.0577
Y  0.2501 -0.9344  0.2536
Z -0.0078  0.2600  0.9656

PART 65
OFFSET  6.9950 -3.7890 -7.2330
X -0.1295 -0.9720  0.1962
Y  0.9356 -0.1853 -0.3005
Z  0.3284  0.1447  0.9334

PART 66
OFFSET  7.2156 -2.1342 -7.5671
X  0.8773 -0.4140 -0.2426
Y  0.3603  0.9023 -0.2369
Z  0.3169  0.1204  0.9408

PART 67
OFFSET  5.9996 -1.5604 -7.2310
X  0.8250  0.4574 -0.3321
Y -0.4717  0.8808  0.0413
Z  0.3114  0.1226  0.9424

PART 68
OFFSET  5.1049 -2.0564 -6.8708
X -0.3911 -0.8718  0.2949
Y -0.8722  0.4534  0.1836
Z -0.2937 -0.1854 -0.9377

PART 69
OFFSET -0.8197 -5.4646 -6.9101
X -0.9289 -0.3700  0.0136
Y -0.3548  0.8792 -0.3179
Z  0.1056 -0.3001 -0.9480

PART 70
OFFSET  6.9161 -4.1548 -5.0620
X -0.9895 -0.0170 -0.1437
Y  0.0003 -0.9933  0.1155
Z -0.1447  0.1143  0.9829

PART 71
OFFSET  8.6582 -4.1249 -4.8090
X -0.3646 -0.9250  0.1067
Y  0.9206 -0.3409  0.1907
Z -0.1400  0.1677  0.9758

PART 72
OFFSET  9.0930 -2.9902 -4.8795
X  0.0507 -0.9933  0.1043
Y  0.9879  0.0652  0.1405
Z -0.1464  0.0959  0.9846

PART 73
OFFSET  9.0358 -1.8683 -4.9972
X -0.9495  0.2915  0.1161
Y  0.2671  0.9451 -0.1882
Z -0.1646 -0.1476 -0.9752

PART 74
OFFSET  7.0898 -4.2003 -6.1521
X -0.2589 -0.9381  0.2302
Y  0.9558 -0.2831 -0.0789
Z  0.1392  0.1996  0.9699

PART 75
OFFSET  7.5955 -2.3678 -6.6018
X  0.8288 -0.5595 -0.0082
Y  0.5345  0.7958 -0.2845
Z  0.1657  0.2314  0.9586

PART 76
OFFSET  6.3850 -1.5505 -6.5898
X  0.8806  0.3841 -0.2775
Y -0.4418  0.8773 -0.1874
Z  0.1715  0.2877  0.9423

PART 77
OFFSET  5.3861 -1.9870 -6.2822
X -0.4040 -0.8733  0.2723
Y -0.8896  0.4444  0.1054
Z -0.2130 -0.1997 -0.9564

PART 78
OFFSET  0.0000 -0.0000 -0.0000
X  1.0000 -0.0000  0.0000
Y  0.0000  1.0000  0.0000
Z  0.0000 -0.0000  1.0000

PART 79
OFFSET  0.0000 -0.0000 -0.0000
X  1.0000 -0.0000  0.0000
Y  0.0000  1.0000  0.0000
Z  0.0000 -0.0000  1.0000

PART 80
OFFSET  1.5404 -0.0000  4.1357
X  1.0000 -0.0000  0.0000
Y  0.0000  1.0000  0.0000
Z  0.0000 -0.0000  1.0000


FRAME 1003
PART 0
OFFSET -4.6318 -0.0000 -1.3770
X  1.0000 -0.0000  0.0000
Y  0.0000  1.0000  0.0000
Z  0.0000 -0.0000  1.0000

PART 1
OFFSET -4.6318 -0.0000 -1.3770
X  1.0000 -0.0000  0.0000
Y  0.0000  1.0000  0.0000
Z  0.0000 -0.0000  1.0000

PART 2
OFFSET -3.5060  6.3408 -6.7125
X  0.8771 -0.1529 -0.4554
Y -0.1357 -0.9882  0.0703
Z -0.4608  0.0001 -0.8875

PART 3
OFFSET  7.1013  4.4919 -12.2198
X  0.8057 -0.4879  0.3359
Y -0.4768 -0.1976  0.8565
Z -0.3516 -0.8502 -0.3918

PART 4
OFFSET  13.9538  0.3417 -9.3629
X  0.8057 -0.4879  0.3359
Y  0.0502  0.6212  0.7821
Z -0.5903 -0.6132  0.5249

PART 5
OFFSET  16.0771  1.3269 -8.8680
X  0.8094 -0.4845  0.3319
Y  0.3562  0.8543  0.3785
Z -0.4669 -0.1882  0.8641

PART 6
OFFSET  15.1127 -0.5259 -10.3838
X  0.8094 -0.4845  0.3319
Y  0.3562  0.8543  0.3785
Z -0.4669 -0.1882  0.8641

PART 7
OFFSET  15.3034  0.3092 -6.9309
X  0.8094 -0.4845  0.3319
Y  0.3562  0.8543  0.3785
Z -0.4669 -0.1882  0.8641

PART 8
OFFSET  14.6777 -0.9775 -7.5986
X  0.8094 -0.4845  0.3319
Y  0.3562  0.8543  0.3785
Z -0.4669 -0.1882  0.8641

PART 9
OFFSET  14.2218 -1.6618 -8.6346
X  0.8094 -0.4845  0.3319
Y  0.3562  0.8543  0.3785
Z -0.4669 -0.1882  0.8641

PART 10
OFFSET  16.4237 -1.1542 -8.3332
X  0.9930 -0.1181  0.0068
Y  0.0711  0.6417  0.7637
Z -0.0946 -0.7578  0.6456

PART 11
OFFSET  16.9001 -0.8992 -7.3281
X  0.8395  0.1301  0.5276
Y -0.3795  0.8353  0.3978
Z -0.3889 -0.5342  0.7506

PART 12
OFFSET  18.6521 -0.5648 -6.1081
X  0.9963 -0.0795  0.0326
Y  0.0299  0.6766  0.7357
Z -0.0805 -0.7320  0.6765

PART 13
OFFSET  20.2497 -0.8154 -6.0236
X  0.9384  0.1100  0.3274
Y -0.2834  0.7873  0.5476
Z -0.1976 -0.6066  0.7700

PART 14
OFFSET  21.2506 -0.7108 -5.6250
X  0.7613  0.6331 -0.1401
Y -0.3070  0.1617 -0.9379
Z -0.5711  0.7570  0.3175

PART 15
OFFSET  17.1687 -2.0944 -9.0147
X  0.7559 -0.5892 -0.2856
Y -0.2926 -0.6942  0.6576
Z -0.5857 -0.4135 -0.6972

PART 16
OFFSET  18.9164 -3.4430 -9.4742
X  0.5690 -0.7320  0.3747
Y -0.4330  0.1207  0.8933
Z -0.6991 -0.6705 -0.2483

PART 17
OFFSET  19.7220 -4.4794 -8.9437
X  0.3882 -0.6061  0.6942
Y -0.6446  0.3598  0.6746
Z -0.6586 -0.7094 -0.2510

PART 18
OFFSET  20.0663 -5.0168 -8.3282
X  0.2423 -0.5090  0.8260
Y -0.6680  0.5299  0.5225
Z -0.7037 -0.6783 -0.2116

PART 19
OFFSET  20.2964 -5.5004 -7.5435
X  0.3358  0.1548 -0.9291
Y -0.7491  0.6419 -0.1638
Z  0.5711  0.7510  0.3315

PART 20
OFFSET  17.4475 -1.5881 -8.5958
X  0.9226 -0.3140 -0.2242
Y -0.1179 -0.7827  0.6112
Z -0.3674 -0.5374 -0.7591

PART 21
OFFSET  19.7646 -2.6625 -9.0812
X  0.6238 -0.7742  0.1069
Y -0.3775 -0.1787  0.9086
Z -0.6843 -0.6072 -0.4037

PART 22
OFFSET  20.8266 -3.9806 -8.8991
X  0.2809 -0.7155  0.6397
Y -0.6936  0.3093  0.6506
Z -0.6633 -0.6264 -0.4093

PART 23
OFFSET  21.2160 -4.9721 -8.0126
X  0.0373 -0.5801  0.8137
Y -0.7452  0.5264  0.4094
Z -0.6658 -0.6216 -0.4127

PART 24
OFFSET  21.2564 -5.6012 -7.1301
X  0.3624  0.1440 -0.9208
Y -0.6026  0.7899 -0.1136
Z  0.7110  0.5961  0.3730

PART 25
OFFSET  19.5469 -0.9056 -6.7537
X  0.8942 -0.4459  0.0382
Y  0.3817  0.7153 -0.5854
Z  0.2337  0.5381  0.8098

PART 26
OFFSET  20.3816 -0.8488 -7.9706
X  0.8675 -0.4779 -0.1380
Y -0.2178 -0.6144  0.7583
Z -0.4472 -0.6278 -0.6371

PART 27
OFFSET  21.9090 -1.6901 -8.2136
X  0.4632 -0.8180  0.3411
Y -0.7560 -0.1638  0.6337
Z -0.4625 -0.5514 -0.6943

PART 28
OFFSET  22.5002 -2.6511 -7.7568
X  0.0974 -0.7282  0.6784
Y -0.9028  0.2223  0.3682
Z -0.4190 -0.6483 -0.6357

PART 29
OFFSET  22.6102 -3.4736 -6.9905
X  0.6654 -0.1460 -0.7321
Y -0.3060  0.8412 -0.4459
Z  0.6809  0.5207  0.5150

PART 30
OFFSET  20.1816 -1.6683 -8.6840
X  0.7105 -0.6981  0.0884
Y -0.4398 -0.3424  0.8303
Z -0.5494 -0.6288 -0.5503

PART 31
OFFSET  21.5696 -3.0321 -8.5113
X  0.3270 -0.7839  0.5278
Y -0.7385  0.1365  0.6602
Z -0.5896 -0.6057 -0.5343

PART 32
OFFSET  22.0472 -4.1771 -7.7403
X  0.0291 -0.6844  0.7285
Y -0.7753  0.4446  0.4486
Z -0.6309 -0.5779 -0.5177

PART 33
OFFSET  22.0762 -4.9567 -6.9192
X  0.5132  0.2778 -0.8121
Y -0.6574  0.7355 -0.1638
Z  0.5518  0.6179  0.5601

PART 34
OFFSET  18.9334 -2.9751 -7.7425
X -0.4191 -0.5579 -0.7163
Y  0.0946  0.7578 -0.6456
Z  0.9030 -0.3383 -0.2648

PART 35
OFFSET  8.2421 -2.6816 -4.1783
X  0.9995  0.0000 -0.0318
Y -0.0007  0.9998 -0.0223
Z  0.0318  0.0224  0.9992

PART 36
OFFSET  8.2421 -2.6816 -4.1783
X  0.9995  0.0000 -0.0318
Y -0.0007  0.9998 -0.0223
Z  0.0318  0.0224  0.9992

PART 37
OFFSET  13.6152 -2.9103 -1.9850
X  0.9999  0.0005 -0.0114
Y -0.0007  0.9998 -0.0223
Z  0.0114  0.0223  0.9997

PART 38
OFFSET  12.4607 -2.6602 -4.0338
X  0.9995  0.0000 -0.0318
Y -0.0007  0.9998 -0.0223
Z  0.0318  0.0224  0.9992

PART 39
OFFSET  31.9578 -2.6402 -3.9479
X  0.9995  0.0000 -0.0318
Y -0.0007  0.9998 -0.0223
Z  0.0318  0.0224  0.9992

PART 40
OFFSET  7.4196 -2.7329 -6.4454
X  0.9995  0.0000 -0.0318
Y -0.0007  0.9998 -0.0223
Z  0.0318  0.0224  0.9992

PART 41
OFFSET  33.8170 -2.5756 -6.6526
X -0.0007  0.9998 -0.0223
Y -0.9995 -0.0000  0.0318
Z  0.0318  0.0224  0.9992

PART 42
OFFSET  22.0532 -3.0623 -5.8649
X -0.3523  0.0206  0.9356
Y -0.9359 -0.0086 -0.3522
Z  0.0007 -0.9998  0.0223

PART 43
OFFSET  22.0532 -3.0623 -5.8649
X -0.0007  0.9998 -0.0223
Y -0.9995 -0.0000  0.0318
Z  0.0318  0.0224  0.9992

PART 44
OFFSET  21.6314 -2.7834 -6.3445
X -0.0007  0.9998 -0.0223
Y -0.9995 -0.0000  0.0318
Z  0.0318  0.0224  0.9992

PART 45
OFFSET  21.6304 -1.3838 -6.3758
X -0.0080  0.9678 -0.2517
Y -0.9995 -0.0000  0.0318
Z  0.0308  0.2519  0.9673

PART 46
OFFSET  31.5169 -2.5802 -6.3979
X  0.9995  0.0000 -0.0318
Y -0.0007  0.9998 -0.0223
Z  0.0318  0.0224  0.9992

PART 47
OFFSET  30.8078 -1.2057 -7.1806
X  0.8092 -0.4438  0.3851
Y  0.5853  0.5511 -0.5948
Z  0.0517  0.7067  0.7057

PART 48
OFFSET -17.6076 -4.8127 -7.0611
X -0.9015  0.0570  0.4291
Y -0.2125 -0.9219 -0.3239
Z  0.3772 -0.3831  0.8432

PART 49
OFFSET -6.7055 -5.5021 -12.2507
X -0.8654 -0.0838 -0.4941
Y  0.5010 -0.1262 -0.8562
Z  0.0094 -0.9885  0.1511

PART 50
OFFSET  0.6549 -4.7895 -8.0485
X -0.8654 -0.0838 -0.4941
Y  0.5010 -0.1660 -0.8494
Z -0.0109 -0.9826  0.1857

PART 51
OFFSET  1.5475 -3.3998 -6.9363
X -0.8683 -0.0801 -0.4895
Y -0.0141  0.9905 -0.1369
Z  0.4958 -0.1120 -0.8612

PART 52
OFFSET  1.4242 -3.9439 -5.8516
X -0.8683 -0.0801 -0.4895
Y -0.0141  0.9905 -0.1369
Z  0.4958 -0.1120 -0.8612

PART 53
OFFSET  1.5940 -5.2957 -5.7200
X -0.8683 -0.0801 -0.4895
Y -0.0141  0.9905 -0.1369
Z  0.4958 -0.1120 -0.8612

PART 54
OFFSET  3.3078 -4.5327 -6.5338
X -0.9623 -0.1477 -0.2284
Y  0.2550 -0.1985 -0.9464
Z  0.0944 -0.9689  0.2286

PART 55
OFFSET  3.4559 -3.8769 -5.6117
X -0.5150 -0.6902 -0.5083
Y  0.5527  0.1858 -0.8124
Z  0.6552 -0.6993  0.2858

PART 56
OFFSET  4.4756 -2.3671 -4.4497
X -0.8941 -0.3426  0.2884
Y -0.0885 -0.4962 -0.8637
Z  0.4390 -0.7978  0.4133

PART 57
OFFSET  5.8645 -1.7542 -5.0131
X -0.5064 -0.0025  0.8623
Y -0.6686 -0.6304 -0.3945
Z  0.5446 -0.7763  0.3176

PART 58
OFFSET  6.3986 -1.7053 -5.9534
X -0.8614  0.3669  0.3513
Y  0.0788  0.7798 -0.6211
Z -0.5018 -0.5073 -0.7006

PART 59
OFFSET  4.3761 -4.4244 -7.4001
X -0.9257 -0.2664  0.2685
Y  0.3285 -0.9181  0.2219
Z  0.1874  0.2936  0.9374

PART 60
OFFSET  6.4431 -3.6706 -7.8941
X -0.1034 -0.9902  0.0935
Y  0.9372 -0.1285 -0.3244
Z  0.3332  0.0541  0.9413

PART 61
OFFSET  6.5896 -2.2687 -8.0264
X  0.7632 -0.6001 -0.2394
Y  0.5699  0.7999 -0.1884
Z  0.3046  0.0073  0.9525

PART 62
OFFSET  5.9129 -1.7366 -7.8141
X  0.8939  0.2930 -0.3392
Y -0.2978  0.9538  0.0391
Z  0.3350  0.0661  0.9399

PART 63
OFFSET  5.0636 -2.0149 -7.4918
X -0.5453 -0.8324  0.0990
Y -0.7577  0.5399  0.3666
Z -0.3586  0.1249 -0.9251

PART 64
OFFSET  4.4315 -4.3954 -6.6890
X -0.9671 -0.2430  0.0751
Y  0.2542 -0.9316  0.2598
Z  0.0068  0.2704  0.9627

PART 65
OFFSET  6.9461 -3.8254 -7.0211
X -0.1262 -0.9698  0.2087
Y  0.9310 -0.1884 -0.3126
Z  0.3425  0.1548  0.9267

PART 66
OFFSET  7.1610 -2.1743 -7.3763
X  0.8737 -0.4165 -0.2514
Y  0.3564  0.8997 -0.2520
Z  0.3311  0.1306  0.9345

PART 67
OFFSET  5.9501 -1.5971 -7.0279
X  0.8197  0.4539 -0.3495
Y -0.4713  0.8811  0.0389
Z  0.3256  0.1328  0.9361

PART 68
OFFSET  5.0611 -2.0893 -6.6489
X -0.3863 -0.8687  0.3101
Y -0.8695  0.4552  0.1919
Z -0.3079 -0.1955 -0.9311

PART 69
OFFSET -0.8623 -5.4987 -6.5614
X -0.9285 -0.3700  0.0317
Y -0.3599  0.8757 -0.3219
Z  0.0913 -0.3103 -0.9462

PART 70
OFFSET  6.9003 -4.1678 -4.8453
X -0.9915 -0.0187 -0.1284
Y  0.0024 -0.9920  0.1262
Z -0.1298  0.1248  0.9837

PART 71
OFFSET  8.6460 -4.1348 -4.6192
X -0.3627 -0.9239  0.1222
Y  0.9235 -0.3387  0.1803
Z -0.1252  0.1782  0.9760

PART 72
OFFSET  9.0793 -3.0008 -4.7084
X  0.0526 -0.9921  0.1142
Y  0.9899  0.0668  0.1248
Z -0.1314  0.1065  0.9856

PART 73
OFFSET  9.0199 -1.8803 -4.8374
X -0.9477  0.2926  0.1274
Y  0.2639  0.9431 -0.2024
Z -0.1793 -0.1582 -0.9710

PART 74
OFFSET  7.0574 -4.2250 -5.9373
X -0.2550 -0.9356  0.2442
Y  0.9546 -0.2838 -0.0904
Z  0.1539  0.2101  0.9655

PART 75
