// Export filename: `C:\projects\cod\t5\xanim_export\t5_viewmodels\ak47\ak47_idle.XANIM_EXPORT`
// Source filename: `D:\projects\devanim\t5\animation_assets\viewmodels\ak47\ViewModel_AK47_animated.fbx`
// Export time: Tue Aug 17 22:15:18 2010

ANIMATION
VERSION 3

NUMPARTS 78
PART 0 "tag_ads"
PART 1 "tag_torso"
PART 2 "J_Shoulder_LE"
PART 3 "J_Elbow_LE"
PART 4 "J_WristTwist_LE"
PART 5 "J_Sleave_Reshape_Bottom_LE_1"
PART 6 "J_Sleave_Reshape_Bottom_LE_2"
PART 7 "J_Sleave_Reshape_Top_LE_1"
PART 8 "J_Sleave_Reshape_Top_LE_2"
PART 9 "J_Sleave_Reshape_Top_LE_3"
PART 10 "J_Wrist_LE"
PART 11 "J_Thumb_LE_0"
PART 12 "J_Thumb_LE_1"
PART 13 "J_Thumb_LE_2"
PART 14 "J_Thumb_LE_3"
PART 15 "J_PinkyPalm_LE"
PART 16 "J_Pinky_LE_0"
PART 17 "J_Pinky_LE_1"
PART 18 "J_Pinky_LE_2"
PART 19 "J_Pinky_LE_3"
PART 20 "J_RingPalm_LE"
PART 21 "J_Ring_LE_0"
PART 22 "J_Ring_LE_1"
PART 23 "J_Ring_LE_2"
PART 24 "J_Ring_LE_3"
PART 25 "J_Webbing_LE"
PART 26 "J_Index_LE_0"
PART 27 "J_Index_LE_1"
PART 28 "J_Index_LE_2"
PART 29 "J_Index_LE_3"
PART 30 "J_Mid_LE_0"
PART 31 "J_Mid_LE_1"
PART 32 "J_Mid_LE_2"
PART 33 "J_Mid_LE_3"
PART 34 "tag_knife_attach"
PART 35 "tag_weapon"
PART 36 "J_Gun"
PART 37 "J_bolt"
PART 38 "TAG_CLIP"
PART 39 "tag_flame_unit"
PART 40 "tag_flamer_bracket"
PART 41 "tag_flamer_bottle"
PART 42 "tag_flamer_button"
PART 43 "tag_flamer_ring"
PART 44 "tag_flamer_pilot_light"
PART 45 "J_Shoulder_RI"
PART 46 "J_Elbow_RI"
PART 47 "J_WristTwist_RI"
PART 48 "J_Sleave_Reshape_Top_RI_3"
PART 49 "J_Sleave_Reshape_Top_RI_2"
PART 50 "J_Sleave_Reshape_Top_RI_1"
PART 51 "J_Wrist_RI"
PART 52 "J_Thumb_RI_0"
PART 53 "J_Thumb_RI_1"
PART 54 "J_Thumb_RI_2"
PART 55 "J_Thumb_RI_3"
PART 56 "J_PinkyPalm_RI"
PART 57 "J_Pinky_RI_0"
PART 58 "J_Pinky_RI_1"
PART 59 "J_Pinky_RI_2"
PART 60 "J_Pinky_RI_3"
PART 61 "J_RingPalm_RI"
PART 62 "J_Ring_RI_0"
PART 63 "J_Ring_RI_1"
PART 64 "J_Ring_RI_2"
PART 65 "J_Ring_RI_3"
PART 66 "J_Webbing_RI"
PART 67 "J_Index_RI_0"
PART 68 "J_Index_RI_1"
PART 69 "J_Index_RI_2"
PART 70 "J_Index_RI_3"
PART 71 "J_Mid_RI_0"
PART 72 "J_Mid_RI_1"
PART 73 "J_Mid_RI_2"
PART 74 "J_Mid_RI_3"
PART 75 "tag_cambone"
PART 76 "tag_camera"
PART 77 "tag_gasmask"

FRAMERATE 30
NUMFRAMES 3

FRAME 0
PART 0
OFFSET  0.0000 -0.0000 -0.0000
X  1.0000 -0.0000  0.0000
Y  0.0000  1.0000  0.0000
Z  0.0000 -0.0000  1.0000

PART 1
OFFSET -4.6318 -0.0000 -1.3770
X  1.0000 -0.0000  0.0000
Y  0.0000  1.0000  0.0000
Z  0.0000 -0.0000  1.0000

PART 2
OFFSET -3.5060  6.3408 -6.7125
X  0.9050 -0.1375 -0.4027
Y -0.1187 -0.9904  0.0712
Z -0.4086 -0.0166 -0.9126

PART 3
OFFSET  7.4385  4.6783 -11.5825
X  0.7038 -0.4936  0.5109
Y -0.6390 -0.1257  0.7589
Z -0.3104 -0.8605 -0.4039

PART 4
OFFSET  13.4246  0.4796 -7.2374
X  0.7038 -0.4936  0.5109
Y -0.0361  0.6933  0.7197
Z -0.7095 -0.5250  0.4702

PART 5
OFFSET  15.4596  1.4188 -6.4002
X  0.7084 -0.4906  0.5074
Y  0.3177  0.8636  0.3915
Z -0.6303 -0.1161  0.7676

PART 6
OFFSET  14.7140 -0.4916 -7.9670
X  0.7084 -0.4906  0.5074
Y  0.3177  0.8636  0.3915
Z -0.6303 -0.1161  0.7676

PART 7
OFFSET  14.2865  0.5547 -4.5938
X  0.7084 -0.4906  0.5074
Y  0.3177  0.8636  0.3915
Z -0.6303 -0.1161  0.7676

PART 8
OFFSET  13.7467 -0.7427 -5.3005
X  0.7084 -0.4906  0.5074
Y  0.3177  0.8636  0.3915
Z -0.6303 -0.1161  0.7676

PART 9
OFFSET  13.4636 -1.4751 -6.3648
X  0.7084 -0.4906  0.5074
Y  0.3177  0.8636  0.3915
Z -0.6303 -0.1161  0.7676

PART 10
OFFSET  15.5823 -1.0337 -5.6713
X  0.9667 -0.2298  0.1127
Y  0.0805  0.6910  0.7184
Z -0.2430 -0.6854  0.6864

PART 11
OFFSET  15.9950 -0.7518 -4.6454
X  0.9193 -0.0900  0.3833
Y -0.0161  0.9641  0.2649
Z -0.3933 -0.2497  0.8848

PART 12
OFFSET  17.9552 -0.8635 -3.7427
X  0.9493 -0.3141 -0.0104
Y  0.2644  0.7802  0.5669
Z -0.1699 -0.5409  0.8237

PART 13
OFFSET  19.4530 -1.4778 -3.7012
X  0.9394 -0.1609  0.3027
Y  0.0297  0.9179  0.3958
Z -0.3415 -0.3628  0.8670

PART 14
OFFSET  20.4537 -1.6527 -3.3274
X  0.9189  0.3035 -0.2520
Y -0.2920  0.0938 -0.9518
Z -0.2652  0.9482  0.1748

PART 15
OFFSET  16.2650 -2.1066 -6.2064
X  0.7680 -0.6332 -0.0962
Y -0.4096 -0.6010  0.6863
Z -0.4924 -0.4877 -0.7209

PART 16
OFFSET  18.0120 -3.5319 -6.2334
X -0.1061 -0.2919  0.9505
Y -0.6634  0.7329  0.1510
Z -0.7407 -0.6146 -0.2714

PART 17
OFFSET  17.8618 -3.9452 -4.8876
X -0.3622  0.0350  0.9314
Y -0.5890  0.7659 -0.2578
Z -0.7224 -0.6420 -0.2568

PART 18
OFFSET  17.5407 -3.9142 -4.0618
X -0.5161  0.2747  0.8113
Y -0.4010  0.7594 -0.5123
Z -0.7568 -0.5897 -0.2818

PART 19
OFFSET  17.0504 -3.6532 -3.2910
X  0.7559 -0.6016 -0.2582
Y -0.0663  0.3220 -0.9444
Z  0.6513  0.7310  0.2036

PART 20
OFFSET  16.5650 -1.6022 -5.8000
X  0.8938 -0.4350 -0.1092
Y -0.2660 -0.7102  0.6518
Z -0.3611 -0.5535 -0.7505

PART 21
OFFSET  18.7908 -2.9380 -5.9407
X  0.0148 -0.6837  0.7296
Y -0.6220  0.5650  0.5421
Z -0.7829 -0.4618 -0.4169

PART 22
OFFSET  18.8160 -4.1020 -4.6986
X -0.5031  0.0940  0.8591
Y -0.3796  0.8690 -0.3174
Z -0.7764 -0.4858 -0.4015

PART 23
OFFSET  18.1188 -3.9717 -3.5079
X -0.6126  0.4092  0.6762
Y -0.1617  0.7726 -0.6140
Z -0.7736 -0.4855 -0.4071

PART 24
OFFSET  17.4544 -3.5280 -2.7745
X  0.5563 -0.8004 -0.2233
Y  0.2520  0.4186 -0.8725
Z  0.7919  0.4291  0.4346

PART 25
OFFSET  18.5599 -1.0124 -3.8152
X  0.8264 -0.5404  0.1580
Y  0.5163  0.6155 -0.5955
Z  0.2246  0.5737  0.7877

PART 26
OFFSET  19.5000 -1.1533 -4.9454
X  0.5468 -0.8358  0.0493
Y -0.5539 -0.3169  0.7699
Z -0.6279 -0.4483 -0.6362

PART 27
OFFSET  20.4628 -2.6249 -4.8586
X -0.1559 -0.8054  0.5718
Y -0.7903  0.4490  0.4170
Z -0.5926 -0.3869 -0.7065

PART 28
OFFSET  20.3093 -3.5805 -4.1205
X -0.5957 -0.2321  0.7690
Y -0.5074  0.8509 -0.1362
Z -0.6227 -0.4713 -0.6246

PART 29
OFFSET  19.6364 -3.8427 -3.2519
X  0.4768 -0.8251 -0.3031
Y  0.4944  0.5368 -0.6837
Z  0.7269  0.1762  0.6638

PART 30
OFFSET  19.2660 -2.0013 -5.6137
X  0.2318 -0.8198  0.5236
Y -0.7237  0.2144  0.6560
Z -0.6500 -0.5310 -0.5436

PART 31
OFFSET  19.7189 -3.6029 -4.5907
X -0.4960 -0.2308  0.8371
Y -0.5399  0.8370 -0.0892
Z -0.6800 -0.4961 -0.5398

PART 32
OFFSET  18.9943 -3.9400 -3.3681
X -0.7177  0.3295  0.6134
Y -0.0906  0.8292 -0.5515
Z -0.6904 -0.4514 -0.5653

PART 33
OFFSET  18.1766 -3.5705 -2.6770
X  0.6523 -0.7535 -0.0820
Y  0.3401  0.3876 -0.8568
Z  0.6773  0.5310  0.5091

PART 34
OFFSET  17.7895 -3.0736 -4.7068
X -0.4185 -0.5643 -0.7116
Y  0.2430  0.6854 -0.6864
Z  0.8751 -0.4602 -0.1498

PART 35
OFFSET  8.2563 -2.6698 -4.5431
X  1.0000 -0.0000  0.0000
Y  0.0000  1.0000  0.0000
Z  0.0000 -0.0000  1.0000

PART 36
OFFSET  8.2563 -2.6698 -4.5431
X  1.0000 -0.0000  0.0000
Y  0.0000  1.0000  0.0000
Z  0.0000 -0.0000  1.0000

PART 37
OFFSET  13.5569 -2.9515 -2.1857
X  0.9998 -0.0000  0.0204
Y  0.0000  1.0000 -0.0000
Z -0.0204  0.0000  0.9998

PART 38
OFFSET  12.4681 -2.6548 -4.2640
X  1.0000 -0.0000  0.0000
Y  0.0000  1.0000  0.0000
Z  0.0000 -0.0000  1.0000

PART 39
OFFSET  7.5063 -2.6698 -6.8357
X  1.0000 -0.0000  0.0000
Y  0.0000  1.0000  0.0000
Z  0.0000 -0.0000  1.0000

PART 40
OFFSET  22.1140 -3.0231 -5.7976
X -0.3819 -0.0000  0.9242
Y -0.9242  0.0000 -0.3819
Z -0.0000 -1.0000 -0.0000

PART 41
OFFSET  22.1140 -3.0231 -5.7976
X  0.0000  1.0000  0.0000
Y -1.0000  0.0000  0.0000
Z  0.0000 -0.0000  1.0000

PART 42
OFFSET  21.7077 -2.7332 -6.2840
X  0.0000  1.0000  0.0000
Y -1.0000  0.0000  0.0000
Z  0.0000 -0.0000  1.0000

PART 43
OFFSET  21.7077 -1.3332 -6.2840
X  0.0000  0.8512 -0.5249
Y -1.0000  0.0000  0.0000
Z  0.0000  0.5249  0.8512

PART 44
OFFSET  30.9061 -1.1440 -6.7923
X  0.7965 -0.4529  0.4006
Y  0.6040  0.5638 -0.5634
Z  0.0293  0.6907  0.7226

PART 45
OFFSET -17.6076 -4.8127 -7.0611
X -0.8933  0.0570  0.4458
Y -0.2146 -0.9256 -0.3117
Z  0.3949 -0.3741  0.8391

PART 46
OFFSET -6.8040 -5.5017 -12.4528
X -0.8818 -0.0897 -0.4630
Y  0.4713 -0.1330 -0.8719
Z  0.0166 -0.9871  0.1595

PART 47
OFFSET  0.6961 -4.7390 -8.5146
X -0.8818 -0.0897 -0.4630
Y  0.4716 -0.1611 -0.8670
Z  0.0031 -0.9829  0.1844

PART 48
OFFSET  1.6239 -3.3379 -7.4465
X -0.8846 -0.0859 -0.4583
Y -0.0209  0.9892 -0.1452
Z  0.4659 -0.1189 -0.8768

PART 49
OFFSET  1.5394 -3.8726 -6.3534
X -0.8846 -0.0859 -0.4583
Y -0.0209  0.9892 -0.1452
Z  0.4659 -0.1189 -0.8768

PART 50
OFFSET  1.7163 -5.2227 -6.2156
X -0.8846 -0.0859 -0.4583
Y -0.0209  0.9892 -0.1452
Z  0.4659 -0.1189 -0.8768

PART 51
OFFSET  3.3994 -4.4641 -7.0951
X -0.9546 -0.1418 -0.2621
Y  0.2850 -0.1775 -0.9420
Z  0.0871 -0.9739  0.2098

PART 52
OFFSET  3.5180 -3.8292 -6.1544
X -0.4986 -0.6783 -0.5397
Y  0.5783  0.2035 -0.7900
Z  0.6457 -0.7060  0.2908

PART 53
OFFSET  4.5003 -2.3465 -4.9270
X -0.9028 -0.3483  0.2521
Y -0.0610 -0.4767 -0.8770
Z  0.4256 -0.8071  0.4091

PART 54
OFFSET  5.9065 -1.7222 -5.4322
X -0.5336 -0.0214  0.8455
Y -0.6557 -0.6209 -0.4295
Z  0.5342 -0.7836  0.3173

PART 55
OFFSET  6.4702 -1.6527 -6.3537
X -0.8721  0.3596  0.3318
Y  0.0986  0.7934 -0.6007
Z -0.4792 -0.4912 -0.7274

PART 56
OFFSET  4.4947 -4.3373 -7.9244
X -0.9338 -0.2716  0.2329
Y  0.3213 -0.9230  0.2116
Z  0.1575  0.2724  0.9492

PART 57
OFFSET  6.5764 -3.5742 -8.3354
X -0.1064 -0.9920  0.0680
Y  0.9470 -0.1219 -0.2972
Z  0.3031  0.0328  0.9524

PART 58
OFFSET  6.7270 -2.1698 -8.4316
X  0.7704 -0.5952 -0.2284
Y  0.5756  0.8034 -0.1522
Z  0.2741 -0.0142  0.9616

PART 59
OFFSET  6.0439 -1.6420 -8.2291
X  0.9043  0.2998 -0.3040
Y -0.2988  0.9530  0.0509
Z  0.3049  0.0448  0.9513

PART 60
OFFSET  5.1848 -1.9269 -7.9403
X -0.5482 -0.8340  0.0630
Y -0.7690  0.5322  0.3543
Z -0.3290  0.1458 -0.9330

PART 61
OFFSET  4.5274 -4.3242 -7.2114
X -0.9690 -0.2439  0.0388
Y  0.2458 -0.9373  0.2469
Z -0.0239  0.2488  0.9683

PART 62
OFFSET  7.0513 -3.7488 -7.4505
X -0.1328 -0.9741  0.1828
Y  0.9405 -0.1821 -0.2870
Z  0.3128  0.1338  0.9403

PART 63
OFFSET  7.2774 -2.0903 -7.7617
X  0.8812 -0.4114 -0.2327
Y  0.3642  0.9048 -0.2204
Z  0.3012  0.1095  0.9472

PART 64
OFFSET  6.0561 -1.5201 -7.4392
X  0.8304  0.4610 -0.3130
Y -0.4723  0.8804  0.0436
Z  0.2956  0.1116  0.9488

PART 65
OFFSET  5.1555 -2.0201 -7.0997
X -0.3960 -0.8751  0.2782
Y -0.8751  0.4514  0.1743
Z -0.2781 -0.1744 -0.9446

PART 66
OFFSET -0.7678 -5.4262 -7.2769
X -0.9291 -0.3699 -0.0061
Y -0.3495  0.8829 -0.3136
Z  0.1213 -0.2892 -0.9496

PART 67
OFFSET  6.9363 -4.1397 -5.2854
X -0.9803 -0.1931 -0.0406
Y  0.1869 -0.9747  0.1229
Z -0.0633  0.1129  0.9916

PART 68
OFFSET  8.6623 -3.7997 -5.2139
X -0.9741 -0.2239 -0.0304
Y  0.2152 -0.9603  0.1773
Z -0.0689  0.1662  0.9837

PART 69
OFFSET  9.8424 -3.5175 -5.1172
X -0.9659 -0.2397 -0.0981
Y  0.2227 -0.9620  0.1579
Z -0.1323  0.1307  0.9826

PART 70
OFFSET  10.9334 -3.2467 -5.0063
X  0.0762  0.9832  0.1658
Y  0.9969 -0.0787  0.0085
Z  0.0214  0.1646 -0.9861

PART 71
OFFSET  7.1281 -4.1726 -6.3729
X -0.2627 -0.9406  0.2150
Y  0.9570 -0.2824 -0.0663
Z  0.1231  0.1883  0.9744

PART 72
OFFSET  7.6413 -2.3351 -6.7929
X  0.8288 -0.5596 -0.0009
Y  0.5392  0.7990 -0.2664
Z  0.1498  0.2203  0.9639

PART 73
OFFSET  6.4307 -1.5177 -6.7917
X  0.8851  0.3871 -0.2584
Y -0.4386  0.8795 -0.1846
Z  0.1558  0.2767  0.9482

PART 74
OFFSET  5.4269 -1.9575 -6.5058
X -0.4085 -0.8763  0.2554
Y -0.8912  0.4434  0.0957
Z -0.1971 -0.1885 -0.9621

PART 75
OFFSET  0.0000 -0.0000 -0.0000
X  1.0000 -0.0000  0.0000
Y  0.0000  1.0000  0.0000
Z  0.0000 -0.0000  1.0000

PART 76
OFFSET  0.0000 -0.0000 -0.0000
X  1.0000 -0.0000  0.0000
Y  0.0000  1.0000  0.0000
Z  0.0000 -0.0000  1.0000

PART 77
OFFSET  1.5404 -0.0000  4.1357
X  1.0000 -0.0000  0.0000
Y  0.0000  1.0000  0.0000
Z  0.0000 -0.0000  1.0000


FRAME 1
PART 0
OFFSET  0.0000 -0.0000 -0.0000
X  1.0000 -0.0000  0.0000
Y  0.0000  1.0000  0.0000
Z  0.0000 -0.0000  1.0000

PART 1
OFFSET -4.6318 -0.0000 -1.3770
X  1.0000 -0.0000  0.0000
Y  0.0000  1.0000  0.0000
Z  0.0000 -0.0000  1.0000

PART 2
OFFSET -3.5060  6.3408 -6.7125
X  0.9050 -0.1375 -0.4027
Y -0.1187 -0.9904  0.0712
Z -0.4086 -0.0166 -0.9126

PART 3
OFFSET  7.4385  4.6783 -11.5825
X  0.7038 -0.4936  0.5109
Y -0.6390 -0.1257  0.7589
Z -0.3104 -0.8605 -0.4039

PART 4
OFFSET  13.4246  0.4796 -7.2374
X  0.7038 -0.4936  0.5109
Y -0.0361  0.6933  0.7197
Z -0.7095 -0.5250  0.4702

PART 5
OFFSET  15.4596  1.4188 -6.4002
X  0.7084 -0.4906  0.5074
Y  0.3177  0.8636  0.3915
Z -0.6303 -0.1161  0.7676

PART 6
OFFSET  14.7140 -0.4916 -7.9670
X  0.7084 -0.4906  0.5074
Y  0.3177  0.8636  0.3915
Z -0.6303 -0.1161  0.7676

PART 7
OFFSET  14.2865  0.5547 -4.5938
X  0.7084 -0.4906  0.5074
Y  0.3177  0.8636  0.3915
Z -0.6303 -0.1161  0.7676

PART 8
OFFSET  13.7467 -0.7427 -5.3005
X  0.7084 -0.4906  0.5074
Y  0.3177  0.8636  0.3915
Z -0.6303 -0.1161  0.7676

PART 9
OFFSET  13.4636 -1.4751 -6.3648
X  0.7084 -0.4906  0.5074
Y  0.3177  0.8636  0.3915
Z -0.6303 -0.1161  0.7676

PART 10
OFFSET  15.5823 -1.0337 -5.6713
X  0.9667 -0.2298  0.1127
Y  0.0805  0.6910  0.7184
Z -0.2430 -0.6854  0.6864

PART 11
OFFSET  15.9950 -0.7518 -4.6454
X  0.9193 -0.0900  0.3833
Y -0.0161  0.9641  0.2649
Z -0.3933 -0.2497  0.8848

PART 12
OFFSET  17.9552 -0.8635 -3.7427
X  0.9493 -0.3141 -0.0104
Y  0.2644  0.7802  0.5669
Z -0.1699 -0.5409  0.8237

PART 13
OFFSET  19.4530 -1.4778 -3.7012
X  0.9394 -0.1609  0.3027
Y  0.0297  0.9179  0.3958
Z -0.3415 -0.3628  0.8670

PART 14
OFFSET  20.4537 -1.6527 -3.3274
X  0.9189  0.3035 -0.2520
Y -0.2920  0.0938 -0.9518
Z -0.2652  0.9482  0.1748

PART 15
OFFSET  16.2650 -2.1066 -6.2064
X  0.7680 -0.6332 -0.0962
Y -0.4096 -0.6010  0.6863
Z -0.4924 -0.4877 -0.7209

PART 16
OFFSET  18.0120 -3.5319 -6.2334
X -0.1061 -0.2919  0.9505
Y -0.6634  0.7329  0.1510
Z -0.7407 -0.6146 -0.2714

PART 17
OFFSET  17.8618 -3.9452 -4.8876
X -0.3622  0.0350  0.9314
Y -0.5890  0.7659 -0.2578
Z -0.7224 -0.6420 -0.2568

PART 18
OFFSET  17.5407 -3.9142 -4.0618
X -0.5161  0.2747  0.8113
Y -0.4010  0.7594 -0.5123
Z -0.7568 -0.5897 -0.2818

PART 19
OFFSET  17.0504 -3.6532 -3.2910
X  0.7559 -0.6016 -0.2582
Y -0.0663  0.3220 -0.9444
Z  0.6513  0.7310  0.2036

PART 20
OFFSET  16.5650 -1.6022 -5.8000
X  0.8938 -0.4350 -0.1092
Y -0.2660 -0.7102  0.6518
Z -0.3611 -0.5535 -0.7505

PART 21
OFFSET  18.7908 -2.9380 -5.9407
X  0.0148 -0.6837  0.7296
Y -0.6220  0.5650  0.5421
Z -0.7829 -0.4618 -0.4169

PART 22
OFFSET  18.8160 -4.1020 -4.6986
X -0.5031  0.0940  0.8591
Y -0.3796  0.8690 -0.3174
Z -0.7764 -0.4858 -0.4015

PART 23
OFFSET  18.1188 -3.9717 -3.5079
X -0.6126  0.4092  0.6762
Y -0.1617  0.7726 -0.6140
Z -0.7736 -0.4855 -0.4071

PART 24
OFFSET  17.4544 -3.5280 -2.7745
X  0.5563 -0.8004 -0.2233
Y  0.2520  0.4186 -0.8725
Z  0.7919  0.4291  0.4346

PART 25
OFFSET  18.5599 -1.0124 -3.8152
X  0.8264 -0.5404  0.1580
Y  0.5163  0.6155 -0.5955
Z  0.2246  0.5737  0.7877

PART 26
OFFSET  19.5000 -1.1533 -4.9454
X  0.5468 -0.8358  0.0493
Y -0.5539 -0.3169  0.7699
Z -0.6279 -0.4483 -0.6362

PART 27
OFFSET  20.4628 -2.6249 -4.8586
X -0.1559 -0.8054  0.5718
Y -0.7903  0.4490  0.4170
Z -0.5926 -0.3869 -0.7065

PART 28
OFFSET  20.3093 -3.5805 -4.1205
X -0.5957 -0.2321  0.7690
Y -0.5074  0.8509 -0.1362
Z -0.6227 -0.4713 -0.6246

PART 29
OFFSET  19.6364 -3.8427 -3.2519
X  0.4768 -0.8251 -0.3031
Y  0.4944  0.5368 -0.6837
Z  0.7269  0.1762  0.6638

PART 30
OFFSET  19.2660 -2.0013 -5.6137
X  0.2318 -0.8198  0.5236
Y -0.7237  0.2144  0.6560
Z -0.6500 -0.5310 -0.5436

PART 31
OFFSET  19.7189 -3.6029 -4.5907
X -0.4960 -0.2308  0.8371
Y -0.5399  0.8370 -0.0892
Z -0.6800 -0.4961 -0.5398

PART 32
OFFSET  18.9943 -3.9400 -3.3681
X -0.7177  0.3295  0.6134
Y -0.0906  0.8292 -0.5515
Z -0.6904 -0.4514 -0.5653

PART 33
OFFSET  18.1766 -3.5705 -2.6770
X  0.6523 -0.7535 -0.0820
Y  0.3401  0.3876 -0.8568
Z  0.6773  0.5310  0.5091

PART 34
OFFSET  17.7895 -3.0736 -4.7068
X -0.4185 -0.5643 -0.7116
Y  0.2430  0.6854 -0.6864
Z  0.8751 -0.4602 -0.1498

PART 35
OFFSET  8.2563 -2.6698 -4.5431
X  1.0000 -0.0000  0.0000
Y  0.0000  1.0000  0.0000
Z  0.0000 -0.0000  1.0000

PART 36
OFFSET  8.2563 -2.6698 -4.5431
X  1.0000 -0.0000  0.0000
Y  0.0000  1.0000  0.0000
Z  0.0000 -0.0000  1.0000

PART 37
OFFSET  13.5569 -2.9515 -2.1857
X  0.9998 -0.0000  0.0204
Y  0.0000  1.0000 -0.0000
Z -0.0204  0.0000  0.9998

PART 38
OFFSET  12.4681 -2.6548 -4.2640
X  1.0000 -0.0000  0.0000
Y  0.0000  1.0000  0.0000
Z  0.0000 -0.0000  1.0000

PART 39
OFFSET  7.5063 -2.6698 -6.8357
X  1.0000 -0.0000  0.0000
Y  0.0000  1.0000  0.0000
Z  0.0000 -0.0000  1.0000

PART 40
OFFSET  22.1140 -3.0231 -5.7976
X -0.3819 -0.0000  0.9242
Y -0.9242  0.0000 -0.3819
Z -0.0000 -1.0000 -0.0000

PART 41
OFFSET  22.1140 -3.0231 -5.7976
X  0.0000  1.0000  0.0000
Y -1.0000  0.0000  0.0000
Z  0.0000 -0.0000  1.0000

PART 42
OFFSET  21.7077 -2.7332 -6.2840
X  0.0000  1.0000  0.0000
Y -1.0000  0.0000  0.0000
Z  0.0000 -0.0000  1.0000

PART 43
OFFSET  21.7077 -1.3332 -6.2840
X  0.0000  0.8512 -0.5249
Y -1.0000  0.0000  0.0000
Z  0.0000  0.5249  0.8512

PART 44
OFFSET  30.9061 -1.1440 -6.7923
X  0.7965 -0.4529  0.4006
Y  0.6040  0.5638 -0.5634
Z  0.0293  0.6907  0.7226

PART 45
OFFSET -17.6076 -4.8127 -7.0611
X -0.8933  0.0570  0.4458
Y -0.2146 -0.9256 -0.3117
Z  0.3949 -0.3741  0.8391

PART 46
OFFSET -6.8040 -5.5017 -12.4528
X -0.8818 -0.0897 -0.4630
Y  0.4713 -0.1330 -0.8719
Z  0.0166 -0.9871  0.1595

PART 47
OFFSET  0.6961 -4.7390 -8.5146
X -0.8818 -0.0897 -0.4630
Y  0.4716 -0.1611 -0.8670
Z  0.0031 -0.9829  0.1844

PART 48
OFFSET  1.6239 -3.3379 -7.4465
X -0.8846 -0.0859 -0.4583
Y -0.0209  0.9892 -0.1452
Z  0.4659 -0.1189 -0.8768

PART 49
OFFSET  1.5394 -3.8726 -6.3534
X -0.8846 -0.0859 -0.4583
Y -0.0209  0.9892 -0.1452
Z  0.4659 -0.1189 -0.8768

PART 50
OFFSET  1.7163 -5.2227 -6.2156
X -0.8846 -0.0859 -0.4583
Y -0.0209  0.9892 -0.1452
Z  0.4659 -0.1189 -0.8768

PART 51
OFFSET  3.3994 -4.4641 -7.0951
X -0.9546 -0.1418 -0.2621
Y  0.2850 -0.1775 -0.9420
Z  0.0871 -0.9739  0.2098

PART 52
OFFSET  3.5180 -3.8292 -6.1544
X -0.4986 -0.6783 -0.5397
Y  0.5783  0.2035 -0.7900
Z  0.6457 -0.7060  0.2908

PART 53
OFFSET  4.5003 -2.3465 -4.9270
X -0.9028 -0.3483  0.2521
Y -0.0610 -0.4767 -0.8770
Z  0.4256 -0.8071  0.4091

PART 54
OFFSET  5.9065 -1.7222 -5.4322
X -0.5336 -0.0214  0.8455
Y -0.6557 -0.6209 -0.4295
Z  0.5342 -0.7836  0.3173

PART 55
OFFSET  6.4702 -1.6527 -6.3537
X -0.8721  0.3596  0.3318
Y  0.0986  0.7934 -0.6007
Z -0.4792 -0.4912 -0.7274

PART 56
OFFSET  4.4947 -4.3373 -7.9244
X -0.9338 -0.2716  0.2329
Y  0.3213 -0.9230  0.2116
Z  0.1575  0.2724  0.9492

PART 57
OFFSET  6.5764 -3.5742 -8.3354
X -0.1064 -0.9920  0.0680
Y  0.9470 -0.1219 -0.2972
Z  0.3031  0.0328  0.9524

PART 58
OFFSET  6.7270 -2.1698 -8.4316
X  0.7704 -0.5952 -0.2284
Y  0.5756  0.8034 -0.1522
Z  0.2741 -0.0142  0.9616

PART 59
OFFSET  6.0439 -1.6420 -8.2291
X  0.9043  0.2998 -0.3040
Y -0.2988  0.9530  0.0509
Z  0.3049  0.0448  0.9513

PART 60
OFFSET  5.1848 -1.9269 -7.9403
X -0.5482 -0.8340  0.0630
Y -0.7690  0.5322  0.3543
Z -0.3290  0.1458 -0.9330

PART 61
OFFSET  4.5274 -4.3242 -7.2114
X -0.9690 -0.2439  0.0388
Y  0.2458 -0.9373  0.2469
Z -0.0239  0.2488  0.9683

PART 62
OFFSET  7.0513 -3.7488 -7.4505
X -0.1328 -0.9741  0.1828
Y  0.9405 -0.1821 -0.2870
Z  0.3128  0.1338  0.9403

PART 63
OFFSET  7.2774 -2.0903 -7.7617
X  0.8812 -0.4114 -0.2327
Y  0.3642  0.9048 -0.2204
Z  0.3012  0.1095  0.9472

PART 64
OFFSET  6.0561 -1.5201 -7.4392
X  0.8304  0.4610 -0.3130
Y -0.4723  0.8804  0.0436
Z  0.2956  0.1116  0.9488

PART 65
OFFSET  5.1555 -2.0201 -7.0997
X -0.3960 -0.8751  0.2782
Y -0.8751  0.4514  0.1743
Z -0.2781 -0.1744 -0.9446

PART 66
OFFSET -0.7678 -5.4262 -7.2769
X -0.9291 -0.3699 -0.0061
Y -0.3495  0.8829 -0.3136
Z  0.1213 -0.2892 -0.9496

PART 67
OFFSET  6.9363 -4.1397 -5.2854
X -0.9803 -0.1931 -0.0406
Y  0.1869 -0.9747  0.1229
Z -0.0633  0.1129  0.9916

PART 68
OFFSET  8.6623 -3.7997 -5.2139
X -0.9741 -0.2239 -0.0304
Y  0.2152 -0.9603  0.1773
Z -0.0689  0.1662  0.9837

PART 69
OFFSET  9.8424 -3.5175 -5.1172
X -0.9659 -0.2397 -0.0981
Y  0.2227 -0.9620  0.1579
Z -0.1323  0.1307  0.9826

PART 70
OFFSET  10.9334 -3.2467 -5.0063
X  0.0762  0.9832  0.1658
Y  0.9969 -0.0787  0.0085
Z  0.0214  0.1646 -0.9861

PART 71
OFFSET  7.1281 -4.1726 -6.3729
X -0.2627 -0.9406  0.2150
Y  0.9570 -0.2824 -0.0663
Z  0.1231  0.1883  0.9744

PART 72
OFFSET  7.6413 -2.3351 -6.7929
X  0.8288 -0.5596 -0.0009
Y  0.5392  0.7990 -0.2664
Z  0.1498  0.2203  0.9639

PART 73
OFFSET  6.4307 -1.5177 -6.7917
X  0.8851  0.3871 -0.2584
Y -0.4386  0.8795 -0.1846
Z  0.1558  0.2767  0.9482

PART 74
OFFSET  5.4269 -1.9575 -6.5058
X -0.4085 -0.8763  0.2554
Y -0.8912  0.4434  0.0957
Z -0.1971 -0.1885 -0.9621

PART 75
OFFSET  0.0000 -0.0000 -0.0000
X  1.0000 -0.0000  0.0000
Y  0.0000  1.0000  0.0000
Z  0.0000 -0.0000  1.0000

PART 76
OFFSET  0.0000 -0.0000 -0.0000
X  1.0000 -0.0000  0.0000
Y  0.0000  1.0000  0.0000
Z  0.0000 -0.0000  1.0000

PART 77
OFFSET  1.5404 -0.0000  4.1357
X  1.0000 -0.0000  0.0000
Y  0.0000  1.0000  0.0000
Z  0.0000 -0.0000  1.0000


FRAME 2
PART 0
OFFSET  0.0000 -0.0000 -0.0000
X  1.0000 -0.0000  0.0000
Y  0.0000  1.0000  0.0000
Z  0.0000 -0.0000  1.0000

PART 1
OFFSET -4.6318 -0.0000 -1.3770
X  1.0000 -0.0000  0.0000
Y  0.0000  1.0000  0.0000
Z  0.0000 -0.0000  1.0000

PART 2
OFFSET -3.5060  6.3408 -6.7125
X  0.9050 -0.1375 -0.4027
Y -0.1187 -0.9904  0.0712
Z -0.4086 -0.0166 -0.9126

PART 3
OFFSET  7.4385  4.6783 -11.5825
X  0.7038 -0.4936  0.5109
Y -0.6390 -0.1257  0.7589
Z -0.3104 -0.8605 -0.4039

PART 4
OFFSET  13.4246  0.4796 -7.2374
X  0.7038 -0.4936  0.5109
Y -0.0361  0.6933  0.7197
Z -0.7095 -0.5250  0.4702

PART 5
OFFSET  15.4596  1.4188 -6.4002
X  0.7084 -0.4906  0.5074
Y  0.3177  0.8636  0.3915
Z -0.6303 -0.1161  0.7676

PART 6
OFFSET  14.7140 -0.4916 -7.9670
X  0.7084 -0.4906  0.5074
Y  0.3177  0.8636  0.3915
Z -0.6303 -0.1161  0.7676

PART 7
OFFSET  14.2865  0.5547 -4.5938
X  0.7084 -0.4906  0.5074
Y  0.3177  0.8636  0.3915
Z -0.6303 -0.1161  0.7676

PART 8
OFFSET  13.7467 -0.7427 -5.3005
X  0.7084 -0.4906  0.5074
Y  0.3177  0.8636  0.3915
Z -0.6303 -0.1161  0.7676

PART 9
OFFSET  13.4636 -1.4751 -6.3648
X  0.7084 -0.4906  0.5074
Y  0.3177  0.8636  0.3915
Z -0.6303 -0.1161  0.7676

PART 10
OFFSET  15.5823 -1.0337 -5.6713
X  0.9667 -0.2298  0.1127
Y  0.0805  0.6910  0.7184
Z -0.2430 -0.6854  0.6864

PART 11
OFFSET  15.9950 -0.7518 -4.6454
X  0.9193 -0.0900  0.3833
Y -0.0161  0.9641  0.2649
Z -0.3933 -0.2497  0.8848

PART 12
OFFSET  17.9552 -0.8635 -3.7427
X  0.9493 -0.3141 -0.0104
Y  0.2644  0.7802  0.5669
Z -0.1699 -0.5409  0.8237

PART 13
OFFSET  19.4530 -1.4778 -3.7012
X  0.9394 -0.1609  0.3027
Y  0.0297  0.9179  0.3958
Z -0.3415 -0.3628  0.8670

PART 14
OFFSET  20.4537 -1.6527 -3.3274
X  0.9189  0.3035 -0.2520
Y -0.2920  0.0938 -0.9518
Z -0.2652  0.9482  0.1748

PART 15
OFFSET  16.2650 -2.1066 -6.2064
X  0.7680 -0.6332 -0.0962
Y -0.4096 -0.6010  0.6863
Z -0.4924 -0.4877 -0.7209

PART 16
OFFSET  18.0120 -3.5319 -6.2334
X -0.1061 -0.2919  0.9505
Y -0.6634  0.7329  0.1510
Z -0.7407 -0.6146 -0.2714

PART 17
OFFSET  17.8618 -3.9452 -4.8876
X -0.3622  0.0350  0.9314
Y -0.5890  0.7659 -0.2578
Z -0.7224 -0.6420 -0.2568

PART 18
OFFSET  17.5407 -3.9142 -4.0618
X -0.5161  0.2747  0.8113
Y -0.4010  0.7594 -0.5123
Z -0.7568 -0.5897 -0.2818

PART 19
OFFSET  17.0504 -3.6532 -3.2910
X  0.7559 -0.6016 -0.2582
Y -0.0663  0.3220 -0.9444
Z  0.6513  0.7310  0.2036

PART 20
OFFSET  16.5650 -1.6022 -5.8000
X  0.8938 -0.4350 -0.1092
Y -0.2660 -0.7102  0.6518
Z -0.3611 -0.5535 -0.7505

PART 21
OFFSET  18.7908 -2.9380 -5.9407
X  0.0148 -0.6837  0.7296
Y -0.6220  0.5650  0.5421
Z -0.7829 -0.4618 -0.4169

PART 22
OFFSET  18.8160 -4.1020 -4.6986
X -0.5031  0.0940  0.8591
Y -0.3796  0.8690 -0.3174
Z -0.7764 -0.4858 -0.4015

PART 23
OFFSET  18.1188 -3.9717 -3.5079
X -0.6126  0.4092  0.6762
Y -0.1617  0.7726 -0.6140
Z -0.7736 -0.4855 -0.4071

PART 24
OFFSET  17.4544 -3.5280 -2.7745
X  0.5563 -0.8004 -0.2233
Y  0.2520  0.4186 -0.8725
Z  0.7919  0.4291  0.4346

PART 25
OFFSET  18.5599 -1.0124 -3.8152
X  0.8264 -0.5404  0.1580
Y  0.5163  0.6155 -0.5955
Z  0.2246  0.5737  0.7877

PART 26
OFFSET  19.5000 -1.1533 -4.9454
X  0.5468 -0.8358  0.0493
Y -0.5539 -0.3169  0.7699
Z -0.6279 -0.4483 -0.6362

PART 27
OFFSET  20.4628 -2.6249 -4.8586
X -0.1559 -0.8054  0.5718
Y -0.7903  0.4490  0.4170
Z -0.5926 -0.3869 -0.7065

PART 28
OFFSET  20.3093 -3.5805 -4.1205
X -0.5957 -0.2321  0.7690
Y -0.5074  0.8509 -0.1362
Z -0.6227 -0.4713 -0.6246

PART 29
OFFSET  19.6364 -3.8427 -3.2519
X  0.4768 -0.8251 -0.3031
Y  0.4944  0.5368 -0.6837
Z  0.7269  0.1762  0.6638

PART 30
OFFSET  19.2660 -2.0013 -5.6137
X  0.2318 -0.8198  0.5236
Y -0.7237  0.2144  0.6560
Z -0.6500 -0.5310 -0.5436

PART 31
OFFSET  19.7189 -3.6029 -4.5907
X -0.4960 -0.2308  0.8371
Y -0.5399  0.8370 -0.0892
Z -0.6800 -0.4961 -0.5398

PART 32
OFFSET  18.9943 -3.9400 -3.3681
X -0.7177  0.3295  0.6134
Y -0.0906  0.8292 -0.5515
Z -0.6904 -0.4514 -0.5653

PART 33
OFFSET  18.1766 -3.5705 -2.6770
X  0.6523 -0.7535 -0.0820
Y  0.3401  0.3876 -0.8568
Z  0.6773  0.5310  0.5091

PART 34
OFFSET  17.7895 -3.0736 -4.7068
X -0.4185 -0.5643 -0.7116
Y  0.2430  0.6854 -0.6864
Z  0.8751 -0.4602 -0.1498

PART 35
OFFSET  8.2563 -2.6698 -4.5431
X  1.0000 -0.0000  0.0000
Y  0.0000  1.0000  0.0000
Z  0.0000 -0.0000  1.0000

PART 36
OFFSET  8.2563 -2.6698 -4.5431
X  1.0000 -0.0000  0.0000
Y  0.0000  1.0000  0.0000
Z  0.0000 -0.0000  1.0000

PART 37
OFFSET  13.5569 -2.9515 -2.1857
X  0.9998 -0.0000  0.0204
Y  0.0000  1.0000 -0.0000
Z -0.0204  0.0000  0.9998

PART 38
OFFSET  12.4681 -2.6548 -4.2640
X  1.0000 -0.0000  0.0000
Y  0.0000  1.0000  0.0000
Z  0.0000 -0.0000  1.0000

PART 39
OFFSET  7.5063 -2.6698 -6.8357
X  1.0000 -0.0000  0.0000
Y  0.0000  1.0000  0.0000
Z  0.0000 -0.0000  1.0000

PART 40
OFFSET  22.1140 -3.0231 -5.7976
X -0.3819 -0.0000  0.9242
Y -0.9242  0.0000 -0.3819
Z -0.0000 -1.0000 -0.0000

PART 41
OFFSET  22.1140 -3.0231 -5.7976
X  0.0000  1.0000  0.0000
Y -1.0000  0.0000  0.0000
Z  0.0000 -0.0000  1.0000

PART 42
OFFSET  21.7077 -2.7332 -6.2840
X  0.0000  1.0000  0.0000
Y -1.0000  0.0000  0.0000
Z  0.0000 -0.0000  1.0000

PART 43
OFFSET  21.7077 -1.3332 -6.2840
X  0.0000  0.8512 -0.5249
Y -1.0000  0.0000  0.0000
Z  0.0000  0.5249  0.8512

PART 44
OFFSET  30.9061 -1.1440 -6.7923
X  0.7965 -0.4529  0.4006
Y  0.6040  0.5638 -0.5634
Z  0.0293  0.6907  0.7226

PART 45
OFFSET -17.6076 -4.8127 -7.0611
X -0.8933  0.0570  0.4458
Y -0.2146 -0.9256 -0.3117
Z  0.3949 -0.3741  0.8391

PART 46
OFFSET -6.8040 -5.5017 -12.4528
X -0.8818 -0.0897 -0.4630
Y  0.4713 -0.1330 -0.8719
Z  0.0166 -0.9871  0.1595

PART 47
OFFSET  0.6961 -4.7390 -8.5146
X -0.8818 -0.0897 -0.4630
Y  0.4716 -0.1611 -0.8670
Z  0.0031 -0.9829  0.1844

PART 48
OFFSET  1.6239 -3.3379 -7.4465
X -0.8846 -0.0859 -0.4583
Y -0.0209  0.9892 -0.1452
Z  0.4659 -0.1189 -0.8768

PART 49
OFFSET  1.5394 -3.8726 -6.3534
X -0.8846 -0.0859 -0.4583
Y -0.0209  0.9892 -0.1452
Z  0.4659 -0.1189 -0.8768

PART 50
OFFSET  1.7163 -5.2227 -6.2156
X -0.8846 -0.0859 -0.4583
Y -0.0209  0.9892 -0.1452
Z  0.4659 -0.1189 -0.8768

PART 51
OFFSET  3.3994 -4.4641 -7.0951
X -0.9546 -0.1418 -0.2621
Y  0.2850 -0.1775 -0.9420
Z  0.0871 -0.9739  0.2098

PART 52
OFFSET  3.5180 -3.8292 -6.1544
X -0.4986 -0.6783 -0.5397
Y  0.5783  0.2035 -0.7900
Z  0.6457 -0.7060  0.2908

PART 53
OFFSET  4.5003 -2.3465 -4.9270
X -0.9028 -0.3483  0.2521
Y -0.0610 -0.4767 -0.8770
Z  0.4256 -0.8071  0.4091

PART 54
OFFSET  5.9065 -1.7222 -5.4322
X -0.5336 -0.0214  0.8455
Y -0.6557 -0.6209 -0.4295
Z  0.5342 -0.7836  0.3173

PART 55
OFFSET  6.4702 -1.6527 -6.3537
X -0.8721  0.3596  0.3318
Y  0.0986  0.7934 -0.6007
Z -0.4792 -0.4912 -0.7274

PART 56
OFFSET  4.4947 -4.3373 -7.9244
X -0.9338 -0.2716  0.2329
Y  0.3213 -0.9230  0.2116
Z  0.1575  0.2724  0.9492

PART 57
OFFSET  6.5764 -3.5742 -8.3354
X -0.1064 -0.9920  0.0680
Y  0.9470 -0.1219 -0.2972
Z  0.3031  0.0328  0.9524

PART 58
OFFSET  6.7270 -2.1698 -8.4316
X  0.7704 -0.5952 -0.2284
Y  0.5756  0.8034 -0.1522
Z  0.2741 -0.0142  0.9616

PART 59
OFFSET  6.0439 -1.6420 -8.2291
X  0.9043  0.2998 -0.3040
Y -0.2988  0.9530  0.0509
Z  0.3049  0.0448  0.9513

PART 60
OFFSET  5.1848 -1.9269 -7.9403
X -0.5482 -0.8340  0.0630
Y -0.7690  0.5322  0.3543
Z -0.3290  0.1458 -0.9330

PART 61
OFFSET  4.5274 -4.3242 -7.2114
X -0.9690 -0.2439  0.0388
Y  0.2458 -0.9373  0.2469
Z -0.0239  0.2488  0.9683

PART 62
OFFSET  7.0513 -3.7488 -7.4505
X -0.1328 -0.9741  0.1828
Y  0.9405 -0.1821 -0.2870
Z  0.3128  0.1338  0.9403

PART 63
OFFSET  7.2774 -2.0903 -7.7617
X  0.8812 -0.4114 -0.2327
Y  0.3642  0.9048 -0.2204
Z  0.3012  0.1095  0.9472

PART 64
OFFSET  6.0561 -1.5201 -7.4392
X  0.8304  0.4610 -0.3130
Y -0.4723  0.8804  0.0436
Z  0.2956  0.1116  0.9488

PART 65
OFFSET  5.1555 -2.0201 -7.0997
X -0.3960 -0.8751  0.2782
Y -0.8751  0.4514  0.1743
Z -0.2781 -0.1744 -0.9446

PART 66
OFFSET -0.7678 -5.4262 -7.2769
X -0.9291 -0.3699 -0.0061
Y -0.3495  0.8829 -0.3136
Z  0.1213 -0.2892 -0.9496

PART 67
OFFSET  6.9363 -4.1397 -5.2854
X -0.9803 -0.1931 -0.0406
Y  0.1869 -0.9747  0.1229
Z -0.0633  0.1129  0.9916

PART 68
OFFSET  8.6623 -3.7997 -5.2139
X -0.9741 -0.2239 -0.0304
Y  0.2152 -0.9603  0.1773
Z -0.0689  0.1662  0.9837

PART 69
OFFSET  9.8424 -3.5175 -5.1172
X -0.9659 -0.2397 -0.0981
Y  0.2227 -0.9620  0.1579
Z -0.1323  0.1307  0.9826

PART 70
OFFSET  10.9334 -3.2467 -5.0063
X  0.0762  0.9832  0.1658
Y  0.9969 -0.0787  0.0085
Z  0.0214  0.1646 -0.9861

PART 71
OFFSET  7.1281 -4.1726 -6.3729
X -0.2627 -0.9406  0.2150
Y  0.9570 -0.2824 -0.0663
Z  0.1231  0.1883  0.9744

PART 72
OFFSET  7.6413 -2.3351 -6.7929
X  0.8288 -0.5596 -0.0009
Y  0.5392  0.7990 -0.2664
Z  0.1498  0.2203  0.9639

PART 73
OFFSET  6.4307 -1.5177 -6.7917
X  0.8851  0.3871 -0.2584
Y -0.4386  0.8795 -0.1846
Z  0.1558  0.2767  0.9482

PART 74
OFFSET  5.4269 -1.9575 -6.5058
X -0.4085 -0.8763  0.2554
Y -0.8912  0.4434  0.0957
Z -0.1971 -0.1885 -0.9621

PART 75
OFFSET  0.0000 -0.0000 -0.0000
X  1.0000 -0.0000  0.0000
Y  0.0000  1.0000  0.0000
Z  0.0000 -0.0000  1.0000

PART 76
OFFSET  0.0000 -0.0000 -0.0000
X  1.0000 -0.0000  0.0000
Y  0.0000  1.0000  0.0000
Z  0.0000 -0.0000  1.0000

PART 77
OFFSET  1.5404 -0.0000  4.1357
X  1.0000 -0.0000  0.0000
Y  0.0000  1.0000  0.0000
Z  0.0000 -0.0000  1.0000


NUMKEYS 0
