// Export filename: `C:\projects\cod\t5\xanim_export\t5_viewmodels\ak47\ak47_grenadier_d2p_in.XANIM_EXPORT`
// Source filename: `D:\projects\devanim\t5\animation_assets\viewmodels\ak47\ViewModel_AK47_GrenadeLauncher_animated.fbx`
// Export time: Sat Jun 05 16:37:26 2010

ANIMATION
VERSION 3

NUMPARTS 77
PART 0 "tag_ads"
PART 1 "tag_torso"
PART 2 "J_Shoulder_LE"
PART 3 "J_Elbow_LE"
PART 4 "J_WristTwist_LE"
PART 5 "J_Sleave_Reshape_Bottom_LE_1"
PART 6 "J_Sleave_Reshape_Bottom_LE_2"
PART 7 "J_Sleave_Reshape_Top_LE_1"
PART 8 "J_Sleave_Reshape_Top_LE_2"
PART 9 "J_Sleave_Reshape_Top_LE_3"
PART 10 "J_Wrist_LE"
PART 11 "J_Thumb_LE_0"
PART 12 "J_Thumb_LE_1"
PART 13 "J_Thumb_LE_2"
PART 14 "J_Thumb_LE_3"
PART 15 "J_PinkyPalm_LE"
PART 16 "J_Pinky_LE_0"
PART 17 "J_Pinky_LE_1"
PART 18 "J_Pinky_LE_2"
PART 19 "J_Pinky_LE_3"
PART 20 "J_RingPalm_LE"
PART 21 "J_Ring_LE_0"
PART 22 "J_Ring_LE_1"
PART 23 "J_Ring_LE_2"
PART 24 "J_Ring_LE_3"
PART 25 "J_Webbing_LE"
PART 26 "J_Index_LE_0"
PART 27 "J_Index_LE_1"
PART 28 "J_Index_LE_2"
PART 29 "J_Index_LE_3"
PART 30 "J_Mid_LE_0"
PART 31 "J_Mid_LE_1"
PART 32 "J_Mid_LE_2"
PART 33 "J_Mid_LE_3"
PART 34 "tag_knife_attach"
PART 35 "tag_weapon"
PART 36 "J_Gun"
PART 37 "J_bolt"
PART 38 "TAG_CLIP"
PART 39 "TAG_FLASH"
PART 40 "TAG_BOUNCING_GRENADE_LAUNCHER"
PART 41 "J_BOUNCING_TRIGGER"
PART 42 "J_BOUNCING_GRENADE_AMMO"
PART 43 "J_BOUNCING_GRENADE_TIP"
PART 44 "J_Shoulder_RI"
PART 45 "J_Elbow_RI"
PART 46 "J_WristTwist_RI"
PART 47 "J_Sleave_Reshape_Top_RI_3"
PART 48 "J_Sleave_Reshape_Top_RI_2"
PART 49 "J_Sleave_Reshape_Top_RI_1"
PART 50 "J_Wrist_RI"
PART 51 "J_Thumb_RI_0"
PART 52 "J_Thumb_RI_1"
PART 53 "J_Thumb_RI_2"
PART 54 "J_Thumb_RI_3"
PART 55 "J_PinkyPalm_RI"
PART 56 "J_Pinky_RI_0"
PART 57 "J_Pinky_RI_1"
PART 58 "J_Pinky_RI_2"
PART 59 "J_Pinky_RI_3"
PART 60 "J_RingPalm_RI"
PART 61 "J_Ring_RI_0"
PART 62 "J_Ring_RI_1"
PART 63 "J_Ring_RI_2"
PART 64 "J_Ring_RI_3"
PART 65 "J_Webbing_RI"
PART 66 "J_Index_RI_0"
PART 67 "J_Index_RI_1"
PART 68 "J_Index_RI_2"
PART 69 "J_Index_RI_3"
PART 70 "J_Mid_RI_0"
PART 71 "J_Mid_RI_1"
PART 72 "J_Mid_RI_2"
PART 73 "J_Mid_RI_3"
PART 74 "tag_cambone"
PART 75 "tag_camera"
PART 76 "tag_gasmask"

FRAMERATE 30
NUMFRAMES 11

FRAME 2060
PART 0
OFFSET -4.6318 -0.0000 -1.3770
X  1.0000 -0.0000  0.0000
Y  0.0000  1.0000  0.0000
Z  0.0000 -0.0000  1.0000

PART 1
OFFSET -4.6318 -0.0000 -1.3770
X  1.0000 -0.0000  0.0000
Y  0.0000  1.0000  0.0000
Z  0.0000 -0.0000  1.0000

PART 2
OFFSET -3.5060  6.3408 -6.7125
X  0.6070 -0.2756 -0.7454
Y  0.1413 -0.8855  0.4426
Z -0.7820 -0.3740 -0.4986

PART 3
OFFSET  3.8351  3.0072 -15.7268
X  0.9205 -0.2253  0.3192
Y -0.2755  0.2050  0.9392
Z -0.2770 -0.9525  0.1266

PART 4
OFFSET  11.6646  1.0908 -13.0122
X  0.9205 -0.2253  0.3192
Y -0.2817  0.1833  0.9418
Z -0.2707 -0.9569  0.1053

PART 5
OFFSET  13.6582  2.3092 -13.5272
X  0.9229 -0.2240  0.3133
Y  0.2784  0.9500 -0.1410
Z -0.2660  0.2174  0.9391

PART 6
OFFSET  12.7417 -0.0906 -13.7753
X  0.9229 -0.2240  0.3133
Y  0.2784  0.9500 -0.1410
Z -0.2660  0.2174  0.9391

PART 7
OFFSET  13.4215  2.2879 -11.2186
X  0.9229 -0.2240  0.3133
Y  0.2784  0.9500 -0.1410
Z -0.2660  0.2174  0.9391

PART 8
OFFSET  12.9020  0.8099 -11.0785
X  0.9229 -0.2240  0.3133
Y  0.2784  0.9500 -0.1410
Z -0.2660  0.2174  0.9391

PART 9
OFFSET  12.3802 -0.3073 -11.5572
X  0.9229 -0.2240  0.3133
Y  0.2784  0.9500 -0.1410
Z -0.2660  0.2174  0.9391

PART 10
OFFSET  14.4866  0.4000 -12.0338
X  0.7514  0.6354 -0.1780
Y -0.1371  0.4142  0.8998
Z  0.6454 -0.6517  0.3983

PART 11
OFFSET  14.9574  0.8179 -11.0819
X  0.8619  0.2872  0.4178
Y -0.5019  0.3661  0.7836
Z  0.0721 -0.8851  0.4597

PART 12
OFFSET  16.7713  1.4250 -10.0766
X  0.8488  0.2152 -0.4828
Y  0.3889  0.3645  0.8461
Z  0.3581 -0.9060  0.2257

PART 13
OFFSET  18.1585  1.6493 -10.8812
X  0.1765 -0.3930 -0.9024
Y  0.9624  0.2614  0.0744
Z  0.2066 -0.8816  0.4243

PART 14
OFFSET  18.3752  1.1884 -11.8364
X  0.1959  0.3301 -0.9234
Y -0.5469  0.8184  0.1765
Z  0.8140  0.4704  0.3408

PART 15
OFFSET  15.3997  0.3625 -13.0674
X  0.7951  0.2846 -0.5355
Y  0.5912 -0.5606  0.5798
Z -0.1352 -0.7776 -0.6140

PART 16
OFFSET  17.2784  1.0464 -14.1102
X  0.8943 -0.2256  0.3863
Y -0.4467 -0.4019  0.7993
Z -0.0251 -0.8875 -0.4602

PART 17
OFFSET  18.5446  0.7270 -13.5632
X -0.3906 -0.4340  0.8119
Y -0.9201  0.1544 -0.3601
Z  0.0309 -0.8876 -0.4596

PART 18
OFFSET  18.1983  0.3422 -12.8434
X -0.7935 -0.2793  0.5407
Y -0.6080  0.4033 -0.6839
Z -0.0271 -0.8714 -0.4898

PART 19
OFFSET  17.4444  0.0768 -12.3297
X  0.9925  0.0865  0.0866
Y  0.0482  0.3741 -0.9261
Z -0.1125  0.9233  0.3671

PART 20
OFFSET  15.3837  0.8685 -12.5642
X  0.7611  0.4735 -0.4433
Y  0.6353 -0.6822  0.3620
Z -0.1310 -0.5571 -0.8200

PART 21
OFFSET  17.4275  1.9810 -13.7234
X  0.9151 -0.2915  0.2788
Y -0.3922 -0.4820  0.7835
Z -0.0940 -0.8263 -0.5553

PART 22
OFFSET  18.9854  1.4847 -13.2487
X -0.3521 -0.5004  0.7910
Y -0.9337  0.2465 -0.2598
Z -0.0650 -0.8300 -0.5540

PART 23
OFFSET  18.4973  0.7913 -12.1525
X -0.9777 -0.0607  0.2012
Y -0.2002  0.5595 -0.8043
Z -0.0637 -0.8266 -0.5592

PART 24
OFFSET  17.4370  0.7255 -11.9343
X  0.9123 -0.3106  0.2671
Y  0.3992  0.5282 -0.7494
Z  0.0917  0.7903  0.6058

PART 25
OFFSET  16.9313  2.6669 -10.9402
X  0.9130  0.3365 -0.2307
Y -0.4041  0.8239 -0.3974
Z  0.0564  0.4560  0.8882

PART 26
OFFSET  17.0713  3.4303 -12.1967
X  0.8473  0.3599 -0.3907
Y  0.5046 -0.7750  0.3804
Z -0.1659 -0.5194 -0.8383

PART 27
OFFSET  18.5630  4.0640 -12.8845
X  0.9562  0.0245 -0.2918
Y  0.1608 -0.8768  0.4532
Z -0.2448 -0.4803 -0.8423

PART 28
OFFSET  19.7403  4.1229 -13.1880
X  0.9812 -0.1900 -0.0346
Y -0.1467 -0.8499  0.5061
Z -0.1255 -0.4915 -0.8618

PART 29
OFFSET  20.8486  3.9083 -13.2271
X -0.2223  0.6908 -0.6880
Y -0.9541 -0.0089  0.2993
Z  0.2006  0.7230  0.6611

PART 30
OFFSET  17.2557  2.7964 -13.0824
X  0.9442 -0.3197  0.0792
Y -0.2526 -0.5488  0.7969
Z -0.2113 -0.7724 -0.5989

PART 31
OFFSET  19.1002  2.1719 -12.9276
X -0.3127 -0.5100  0.8013
Y -0.9138  0.3917 -0.1073
Z -0.2591 -0.7658 -0.5886

PART 32
OFFSET  18.6435  1.4269 -11.7572
X -0.9057  0.0056  0.4239
Y -0.3075  0.6797 -0.6659
Z -0.2918 -0.7335 -0.6138

PART 33
OFFSET  17.6159  1.4275 -11.2810
X  0.9095 -0.3915  0.1395
Y  0.3249  0.4604 -0.8261
Z  0.2592  0.7967  0.5460

PART 34
OFFSET  17.5813  0.9062 -12.3943
X -0.1387 -0.6128 -0.7780
Y -0.6454  0.6517 -0.3983
Z  0.7511  0.4469 -0.4859

PART 35
OFFSET  10.2443 -1.9509 -7.0301
X  0.7570  0.5117 -0.4063
Y -0.6468  0.4986 -0.5771
Z -0.0927  0.6997  0.7084

PART 36
OFFSET  10.2443 -1.9509 -7.0301
X  0.7570  0.5117 -0.4063
Y -0.6468  0.4986 -0.5771
Z -0.0927  0.6997  0.7084

PART 37
OFFSET  14.2205  2.2705 -7.3512
X  0.7550  0.5259 -0.3917
Y -0.6468  0.4986 -0.5771
Z -0.1082  0.6891  0.7166

PART 38
OFFSET  13.3971  0.4071 -8.5523
X  0.7570  0.5117 -0.4063
Y -0.6468  0.4986 -0.5771
Z -0.0927  0.6997  0.7084

PART 39
OFFSET  28.0107  10.8819 -15.8817
X  0.7570  0.5117 -0.4063
Y -0.6468  0.4986 -0.5771
Z -0.0927  0.6997  0.7084

PART 40
OFFSET  4.3104 -8.8616 -6.3504
X  0.7570  0.5117 -0.4063
Y -0.6468  0.4986 -0.5771
Z -0.0927  0.6997  0.7084

PART 41
OFFSET  19.7360  3.7117 -12.7801
X  0.7570  0.5117 -0.4063
Y -0.6468  0.4986 -0.5771
Z -0.0927  0.6997  0.7084

PART 42
OFFSET  21.7941  4.9971 -13.9714
X  0.7570  0.5117 -0.4063
Y -0.6468  0.4986 -0.5771
Z -0.0927  0.6997  0.7084

PART 43
OFFSET  25.1281  7.2508 -15.7609
X  0.7570  0.5117 -0.4063
Y -0.6468  0.4986 -0.5771
Z -0.0927  0.6997  0.7084

PART 44
OFFSET -10.8444 -11.7139 -5.9426
X -0.9335  0.3392 -0.1162
Y -0.2261 -0.3051  0.9251
Z  0.2783  0.8899  0.3615

PART 45
OFFSET  0.4454 -15.8159 -4.5369
X -0.6498 -0.7518  0.1117
Y  0.7582 -0.6311  0.1637
Z -0.0526  0.1911  0.9802

PART 46
OFFSET  5.9725 -9.4213 -5.4867
X -0.6498 -0.7518  0.1117
Y  0.4908 -0.5273 -0.6936
Z  0.5803 -0.3959  0.7117

PART 47
OFFSET  6.4544 -8.1393 -6.9322
X -0.6541 -0.7487  0.1078
Y  0.0434 -0.1794 -0.9828
Z  0.7551 -0.6382  0.1498

PART 48
OFFSET  5.9679 -7.1353 -6.4392
X -0.6541 -0.7487  0.1078
Y  0.0434 -0.1794 -0.9828
Z  0.7551 -0.6382  0.1498

PART 49
OFFSET  6.0690 -6.8919 -5.0961
X -0.6541 -0.7487  0.1078
Y  0.0434 -0.1794 -0.9828
Z  0.7551 -0.6382  0.1498

PART 50
OFFSET  7.9647 -7.1164 -5.8291
X -0.6066 -0.7425  0.2840
Y  0.4179 -0.6017 -0.6807
Z  0.6763 -0.2942  0.6753

PART 51
OFFSET  7.5567 -6.0810 -5.5773
X  0.1113 -0.9710  0.2117
Y  0.3794 -0.1554 -0.9121
Z  0.9185  0.1819  0.3511

PART 52
OFFSET  7.2275 -3.9803 -5.9626
X -0.4816 -0.4593  0.7464
Y  0.3435 -0.8825 -0.3214
Z  0.8063  0.1016  0.5827

PART 53
OFFSET  7.9351 -3.3029 -7.2521
X -0.4685  0.3079  0.8281
Y -0.0549 -0.9457  0.3205
Z  0.8818  0.1047  0.4599

PART 54
OFFSET  8.4023 -3.6245 -8.1741
X -0.9236 -0.0349  0.3819
Y -0.3828  0.0257 -0.9235
Z  0.0224 -0.9991 -0.0371

PART 55
OFFSET  8.7888 -7.0730 -6.9347
X -0.5528 -0.4503  0.7011
Y  0.8206 -0.1478  0.5521
Z -0.1450  0.8806  0.4512

PART 56
OFFSET  9.9092 -5.9148 -8.5121
X  0.5548 -0.5015  0.6639
Y  0.8233  0.2158 -0.5249
Z  0.1199  0.8378  0.5326

PART 57
OFFSET  9.1238 -5.2048 -9.4520
X  0.9894 -0.0624 -0.1313
Y -0.0698  0.5886 -0.8054
Z  0.1275  0.8060  0.5780

PART 58
OFFSET  8.2466 -5.1495 -9.3356
X  0.5188  0.3995 -0.7558
Y -0.8473  0.3579 -0.3925
Z  0.1137  0.8440  0.5242

PART 59
OFFSET  7.7537 -5.5291 -8.6175
X  0.1186 -0.6523  0.7487
Y -0.9592  0.1197  0.2563
Z -0.2568 -0.7485 -0.6114

PART 60
OFFSET  8.7390 -6.5508 -6.4505
X -0.5794 -0.5903  0.5620
Y  0.7695 -0.1688  0.6160
Z -0.2688  0.7893  0.5520

PART 61
OFFSET  10.2996 -5.1397 -7.9775
X  0.5126 -0.4258  0.7457
Y  0.8563  0.1897 -0.4803
Z  0.0631  0.8847  0.4618

PART 62
OFFSET  9.4270 -4.4148 -9.2469
X  0.9548  0.0830 -0.2855
Y -0.2891  0.4833 -0.8263
Z  0.0694  0.8715  0.4855

PART 63
OFFSET  8.1037 -4.5298 -8.8513
X  0.3595  0.4358 -0.8252
Y -0.9310  0.2278 -0.2853
Z  0.0636  0.8708  0.4876

PART 64
OFFSET  7.7138 -5.0024 -7.9564
X  0.2404 -0.4443  0.8630
Y -0.9706 -0.1008  0.2185
Z -0.0101 -0.8902 -0.4555

PART 65
OFFSET  5.4492 -9.8557 -3.7095
X -0.4635 -0.6641  0.5866
Y -0.8065  0.0420 -0.5897
Z  0.3670 -0.7465 -0.5551

PART 66
OFFSET  10.2646 -3.8786 -6.1714
X -0.7225 -0.6247  0.2962
Y  0.6324 -0.4240  0.6483
Z -0.2795  0.6557  0.7014

PART 67
OFFSET  11.5367 -2.7787 -6.6929
X  0.3133 -0.5863  0.7470
Y  0.8977  0.4395 -0.0315
Z -0.3099  0.6804  0.6640

PART 68
OFFSET  11.1370 -2.0246 -7.5607
X  0.6715 -0.4053  0.6203
Y  0.6904  0.6462 -0.3252
Z -0.2690  0.6467  0.7137

PART 69
OFFSET  10.3785 -1.5668 -8.2613
X -0.9175 -0.2695  0.2924
Y -0.3920  0.4897 -0.7788
Z  0.0667 -0.8292 -0.5549

PART 70
OFFSET  10.5319 -4.5578 -7.0007
X  0.3896 -0.4530  0.8019
Y  0.9133  0.3025 -0.2728
Z -0.1190  0.8386  0.5315

PART 71
OFFSET  9.7709 -3.6729 -8.5672
X  0.9894  0.1445 -0.0144
Y -0.0839  0.4879 -0.8689
Z -0.1185  0.8609  0.4948

PART 72
OFFSET  8.3257 -3.8839 -8.5462
X  0.4436  0.4651 -0.7661
Y -0.8838  0.0850 -0.4602
Z -0.1489  0.8812  0.4488

PART 73
OFFSET  7.8237 -4.4168 -7.6820
X  0.2338 -0.4672  0.8526
Y -0.9703 -0.1680  0.1740
Z  0.0619 -0.8680 -0.4927

PART 74
OFFSET  0.0000 -0.0000 -0.0000
X  1.0000 -0.0000  0.0000
Y  0.0000  1.0000  0.0000
Z  0.0000 -0.0000  1.0000

PART 75
OFFSET  0.0000 -0.0000 -0.0000
X  1.0000 -0.0000  0.0000
Y  0.0000  1.0000  0.0000
Z  0.0000 -0.0000  1.0000

PART 76
OFFSET  1.5404 -0.0000  4.1357
X  1.0000 -0.0000  0.0000
Y  0.0000  1.0000  0.0000
Z  0.0000 -0.0000  1.0000


FRAME 2061
PART 0
OFFSET -4.6318 -0.0000 -1.3770
X  1.0000 -0.0000  0.0000
Y  0.0000  1.0000  0.0000
Z  0.0000 -0.0000  1.0000

PART 1
OFFSET -4.6318 -0.0000 -1.3770
X  1.0000 -0.0000  0.0000
Y  0.0000  1.0000  0.0000
Z  0.0000 -0.0000  1.0000

PART 2
OFFSET -3.5060  6.3408 -6.7125
X  0.6079 -0.2744 -0.7451
Y  0.1449 -0.8843  0.4440
Z -0.7807 -0.3779 -0.4978

PART 3
OFFSET  3.8463  3.0219 -15.7232
X  0.9205 -0.2204  0.3227
Y -0.2794  0.2062  0.9378
Z -0.2732 -0.9534  0.1282

PART 4
OFFSET  11.6752  1.1473 -12.9782
X  0.9205 -0.2204  0.3227
Y -0.2896  0.1699  0.9420
Z -0.2624 -0.9605  0.0925

PART 5
OFFSET  13.6651  2.3732 -13.4898
X  0.9228 -0.2191  0.3168
Y  0.2747  0.9509 -0.1426
Z -0.2700  0.2186  0.9377

PART 6
OFFSET  12.7600 -0.0312 -13.7347
X  0.9228 -0.2191  0.3168
Y  0.2747  0.9509 -0.1426
Z -0.2700  0.2186  0.9377

PART 7
OFFSET  13.4210  2.3569 -11.1819
X  0.9228 -0.2191  0.3168
Y  0.2747  0.9509 -0.1426
Z -0.2700  0.2186  0.9377

PART 8
OFFSET  12.9075  0.8769 -11.0397
X  0.9228 -0.2191  0.3168
Y  0.2747  0.9509 -0.1426
Z -0.2700  0.2186  0.9377

PART 9
OFFSET  12.3923 -0.2438 -11.5171
X  0.9228 -0.2191  0.3168
Y  0.2747  0.9509 -0.1426
Z -0.2700  0.2186  0.9377

PART 10
OFFSET  14.4971  0.4716 -11.9888
X  0.7480  0.6396 -0.1771
Y -0.1378  0.4108  0.9012
Z  0.6492 -0.6497  0.3955

PART 11
OFFSET  14.9671  0.8890 -11.0363
X  0.8611  0.2902  0.4175
Y -0.5025  0.3613  0.7854
Z  0.0771 -0.8861  0.4570

PART 12
OFFSET  16.7795  1.5020 -10.0317
X  0.8471  0.2209 -0.4834
Y  0.3883  0.3638  0.8467
Z  0.3629 -0.9049  0.2224

PART 13
OFFSET  18.1644  1.7356 -10.8376
X  0.1772 -0.3894 -0.9039
Y  0.9612  0.2659  0.0738
Z  0.2116 -0.8818  0.4214

PART 14
OFFSET  18.3821  1.2786 -11.7945
X  0.1929  0.3338 -0.9227
Y -0.5507  0.8151  0.1798
Z  0.8121  0.4734  0.3411

PART 15
OFFSET  15.4089  0.4417 -13.0237
X  0.7929  0.2901 -0.5358
Y  0.5948 -0.5594  0.5773
Z -0.1323 -0.7765 -0.6161

PART 16
OFFSET  17.2827  1.1380 -14.0671
X  0.8960 -0.2223  0.3844
Y -0.4436 -0.4065  0.7988
Z -0.0214 -0.8862 -0.4628

PART 17
OFFSET  18.5512  0.8232 -13.5229
X -0.3873 -0.4383  0.8111
Y -0.9213  0.1510 -0.3583
Z  0.0346 -0.8860 -0.4623

PART 18
OFFSET  18.2078  0.4345 -12.8037
X -0.7913 -0.2848  0.5410
Y -0.6109  0.4023 -0.6818
Z -0.0235 -0.8700 -0.4924

PART 19
OFFSET  17.4561  0.1639 -12.2898
X  0.9922  0.0911  0.0854
Y  0.0450  0.3771 -0.9251
Z -0.1165  0.9217  0.3700

PART 20
OFFSET  15.3911  0.9461 -12.5190
X  0.7581  0.4786 -0.4430
Y  0.6392 -0.6801  0.3591
Z -0.1294 -0.5553 -0.8215

PART 21
OFFSET  17.4277  2.0722 -13.6777
X  0.9169 -0.2878  0.2766
Y -0.3887 -0.4862  0.7826
Z -0.0907 -0.8251 -0.5577

PART 22
OFFSET  18.9887  1.5822 -13.2068
X -0.3485 -0.5045  0.7900
Y -0.9353  0.2426 -0.2577
Z -0.0617 -0.8286 -0.5564

PART 23
OFFSET  18.5056  0.8831 -12.1119
X -0.9771 -0.0661  0.2023
Y -0.2041  0.5609 -0.8023
Z -0.0605 -0.8252 -0.5616

PART 24
OFFSET  17.4460  0.8114 -11.8925
X  0.9142 -0.3068  0.2649
Y  0.3956  0.5324 -0.7484
Z  0.0886  0.7889  0.6081

PART 25
OFFSET  16.9321  2.7473 -10.8919
X  0.9110  0.3417 -0.2310
Y -0.4087  0.8231 -0.3943
Z  0.0554  0.4536  0.8895

PART 26
OFFSET  17.0665  3.5152 -12.1462
X  0.8449  0.3653 -0.3908
Y  0.5090 -0.7737  0.3773
Z -0.1645 -0.5177 -0.8396

PART 27
OFFSET  18.5542  4.1582 -12.8342
X  0.9556  0.0301 -0.2931
Y  0.1657 -0.8773  0.4504
Z -0.2436 -0.4790 -0.8434

PART 28
OFFSET  19.7307  4.2239 -13.1393
X  0.9821 -0.1850 -0.0365
Y -0.1418 -0.8521  0.5038
Z -0.1243 -0.4896 -0.8631

PART 29
OFFSET  20.8400  4.0149 -13.1805
X -0.2266  0.6918 -0.6856
Y -0.9536 -0.0145  0.3006
Z  0.1980  0.7220  0.6630

PART 30
OFFSET  17.2528  2.8848 -13.0341
X  0.9459 -0.3152  0.0769
Y -0.2488 -0.5524  0.7956
Z -0.2083 -0.7717 -0.6009

PART 31
OFFSET  19.1006  2.2689 -12.8838
X -0.3090 -0.5140  0.8002
Y -0.9159  0.3875 -0.1049
Z -0.2561 -0.7653 -0.5905

PART 32
OFFSET  18.6492  1.5182 -11.7150
X -0.9051 -0.0002  0.4252
Y -0.3118  0.6801 -0.6635
Z -0.2891 -0.7331 -0.6156

PART 33
OFFSET  17.6223  1.5123 -11.2373
X  0.9117 -0.3874  0.1371
Y  0.3214  0.4645 -0.8252
Z  0.2560  0.7963  0.5480

PART 34
OFFSET  17.5887  0.9942 -12.3521
X -0.1368 -0.6112 -0.7796
Y -0.6492  0.6497 -0.3955
Z  0.7482  0.4520 -0.4856

PART 35
OFFSET  10.2736 -1.9152 -6.9862
X  0.7539  0.5167 -0.4058
Y -0.6501  0.4971 -0.5747
Z -0.0952  0.6971  0.7106

PART 36
OFFSET  10.2736 -1.9152 -6.9862
X  0.7539  0.5167 -0.4058
Y -0.6501  0.4971 -0.5747
Z -0.0952  0.6971  0.7106

PART 37
OFFSET  14.2284  2.3268 -7.3002
X  0.7518  0.5308 -0.3912
Y -0.6501  0.4971 -0.5747
Z -0.1106  0.6864  0.7188

PART 38
OFFSET  13.4125  0.4629 -8.5058
X  0.7539  0.5167 -0.4058
Y -0.6501  0.4971 -0.5747
Z -0.0952  0.6971  0.7106

PART 39
OFFSET  27.9638  11.0316 -15.8243
X  0.7539  0.5167 -0.4058
Y -0.6501  0.4971 -0.5747
Z -0.0952  0.6971  0.7106

PART 40
OFFSET  4.3749 -8.8571 -6.3188
X  0.7539  0.5167 -0.4058
Y -0.6501  0.4971 -0.5747
Z -0.0952  0.6971  0.7106

PART 41
OFFSET  19.7290  3.8115 -12.7325
X  0.7539  0.5167 -0.4058
Y -0.6501  0.4971 -0.5747
Z -0.0952  0.6971  0.7106

PART 42
OFFSET  21.7790  5.1106 -13.9229
X  0.7539  0.5167 -0.4058
Y -0.6501  0.4971 -0.5747
Z -0.0952  0.6971  0.7106

PART 43
OFFSET  25.0993  7.3860 -15.7103
X  0.7539  0.5167 -0.4058
Y -0.6501  0.4971 -0.5747
Z -0.0952  0.6971  0.7106

PART 44
OFFSET -10.8444 -11.7139 -5.9426
X -0.9350  0.3352 -0.1157
Y -0.2249 -0.3082  0.9244
Z  0.2741  0.8903  0.3635

PART 45
OFFSET  0.4637 -15.7672 -4.5429
X -0.6531 -0.7494  0.1084
Y  0.7553 -0.6346  0.1635
Z -0.0537  0.1887  0.9806

PART 46
OFFSET  6.0189 -9.3930 -5.4650
X -0.6531 -0.7494  0.1084
Y  0.4893 -0.5270 -0.6949
Z  0.5779 -0.4008  0.7109

PART 47
OFFSET  6.5089 -8.1092 -6.9061
X -0.6574 -0.7462  0.1045
Y  0.0446 -0.1770 -0.9832
Z  0.7522 -0.6417  0.1496

PART 48
OFFSET  6.0255 -7.1045 -6.4115
X -0.6574 -0.7462  0.1045
Y  0.0446 -0.1770 -0.9832
Z  0.7522 -0.6417  0.1496

PART 49
OFFSET  6.1251 -6.8650 -5.0675
X -0.6574 -0.7462  0.1045
Y  0.0446 -0.1770 -0.9832
Z  0.7522 -0.6417  0.1496

PART 50
OFFSET  8.0213 -7.0955 -5.7974
X -0.6025 -0.7464  0.2826
Y  0.4199 -0.5976 -0.6831
Z  0.6787 -0.2929  0.6735

PART 51
OFFSET  7.6084 -6.0628 -5.5419
X  0.1164 -0.9710  0.2087
Y  0.3789 -0.1508 -0.9131
Z  0.9181  0.1853  0.3503

PART 52
OFFSET  7.2683 -3.9626 -5.9205
X -0.4782 -0.4639  0.7457
Y  0.3474 -0.8798 -0.3245
Z  0.8066  0.1039  0.5819

PART 53
OFFSET  7.9707 -3.2779 -7.2089
X -0.4688  0.3031  0.8297
Y -0.0498 -0.9469  0.3177
Z  0.8819  0.1076  0.4590

PART 54
OFFSET  8.4382 -3.5944 -8.1325
X -0.9228 -0.0406  0.3831
Y -0.3843  0.0266 -0.9228
Z  0.0272 -0.9988 -0.0401

PART 55
OFFSET  8.8435 -7.0446 -6.9041
X -0.5496 -0.4551  0.7006
Y  0.8221 -0.1454  0.5505
Z -0.1487  0.8785  0.4540

PART 56
OFFSET  9.9559 -5.8763 -8.4795
X  0.5582 -0.5007  0.6616
Y  0.8215  0.2215 -0.5254
Z  0.1166  0.8368  0.5350

PART 57
OFFSET  9.1657 -5.1673 -9.4162
X  0.9895 -0.0571 -0.1329
Y -0.0739  0.5907 -0.8035
Z  0.1244  0.8049  0.5803

PART 58
OFFSET  8.2884 -5.1167 -9.2984
X  0.5158  0.4043 -0.7553
Y -0.8496  0.3548 -0.3902
Z  0.1102  0.8430  0.5265

PART 59
OFFSET  7.7984 -5.5009 -8.5808
X  0.1229 -0.6539  0.7465
Y -0.9594  0.1142  0.2580
Z -0.2540 -0.7479 -0.6133

PART 60
OFFSET  8.7918 -6.5242 -6.4182
X -0.5757 -0.5949  0.5610
Y  0.7712 -0.1668  0.6144
Z -0.2719  0.7863  0.5548

PART 61
OFFSET  10.3433 -5.1008 -7.9431
X  0.5157 -0.4254  0.7437
Y  0.8547  0.1953 -0.4810
Z  0.0594  0.8837  0.4644

PART 62
OFFSET  9.4653 -4.3765 -9.2092
X  0.9540  0.0886 -0.2866
Y -0.2926  0.4844 -0.8245
Z  0.0658  0.8704  0.4880

PART 63
OFFSET  8.1432 -4.4992 -8.8121
X  0.3561  0.4400 -0.8244
Y -0.9325  0.2240 -0.2833
Z  0.0600  0.8696  0.4901

PART 64
OFFSET  7.7569 -4.9764 -7.9180
X  0.2438 -0.4457  0.8613
Y -0.9698 -0.1062  0.2196
Z -0.0064 -0.8889 -0.4581

PART 65
OFFSET  5.5223 -9.8535 -3.6825
X -0.4594 -0.6681  0.5853
Y -0.8076  0.0398 -0.5884
Z  0.3698 -0.7430 -0.5578

PART 66
OFFSET  10.3046 -3.8453 -6.1333
X -0.7190 -0.6292  0.2953
Y  0.6354 -0.4228  0.6462
Z -0.2817  0.6522  0.7037

PART 67
OFFSET  11.5705 -2.7376 -6.6532
X  0.3172 -0.5870  0.7448
Y  0.8954  0.4441 -0.0314
Z -0.3123  0.6769  0.6665

PART 68
OFFSET  11.1659 -1.9828 -7.5182
X  0.6744 -0.4038  0.6182
Y  0.6868  0.6505 -0.3243
Z -0.2712  0.6432  0.7160

PART 69
OFFSET  10.4041 -1.5267 -8.2164
X -0.9158 -0.2749  0.2929
Y -0.3955  0.4901 -0.7768
Z  0.0700 -0.8272 -0.5575

PART 70
OFFSET  10.5741 -4.5207 -6.9650
X  0.3929 -0.4534  0.8000
Y  0.9114  0.3078 -0.2732
Z -0.1224  0.8364  0.5342

PART 71
OFFSET  9.8065 -3.6349 -8.5278
X  0.9887  0.1494 -0.0154
Y -0.0875  0.4900 -0.8673
Z -0.1220  0.8588  0.4976

PART 72
OFFSET  8.3624 -3.8531 -8.5053
X  0.4402  0.4696 -0.7653
Y -0.8848  0.0820 -0.4587
Z -0.1527  0.8791  0.4516

PART 73
OFFSET  7.8643 -4.3911 -7.6420
X  0.2373 -0.4686  0.8509
Y -0.9692 -0.1733  0.1749
Z  0.0655 -0.8662 -0.4953

PART 74
OFFSET  0.0000 -0.0000 -0.0000
X  1.0000 -0.0000  0.0000
Y  0.0000  1.0000  0.0000
Z  0.0000 -0.0000  1.0000

PART 75
OFFSET -0.0000 -0.0000 -0.0000
X  1.0000 -0.0000 -0.0030
Y  0.0000  1.0000  0.0021
Z  0.0030 -0.0021  1.0000

PART 76
OFFSET  1.5528 -0.0085  4.1311
X  1.0000 -0.0000 -0.0030
Y  0.0000  1.0000  0.0021
Z  0.0030 -0.0021  1.0000


FRAME 2062
PART 0
OFFSET -4.6318 -0.0000 -1.3770
X  1.0000 -0.0000  0.0000
Y  0.0000  1.0000  0.0000
Z  0.0000 -0.0000  1.0000

PART 1
OFFSET -4.6318 -0.0000 -1.3770
X  1.0000 -0.0000  0.0000
Y  0.0000  1.0000  0.0000
Z  0.0000 -0.0000  1.0000

PART 2
OFFSET -3.5060  6.3408 -6.7125
X  0.6107 -0.2711 -0.7440
Y  0.1546 -0.8807  0.4478
Z -0.7767 -0.3885 -0.4959

PART 3
OFFSET  3.8792  3.0619 -15.7108
X  0.9200 -0.2070  0.3327
Y -0.2905  0.2093  0.9337
Z -0.2629 -0.9557  0.1325

PART 4
OFFSET  11.7046  1.3014 -12.8811
X  0.9200 -0.2070  0.3327
Y -0.3107  0.1319  0.9413
Z -0.2387 -0.9694  0.0570

PART 5
OFFSET  13.6841  2.5477 -13.3833
X  0.9224 -0.2057  0.3268
Y  0.2645  0.9531 -0.1468
Z -0.2813  0.2219  0.9336

PART 6
OFFSET  12.8104  0.1308 -13.6193
X  0.9224 -0.2057  0.3268
Y  0.2645  0.9531 -0.1468
Z -0.2813  0.2219  0.9336

PART 7
OFFSET  13.4190  2.5445 -11.0777
X  0.9224 -0.2057  0.3268
Y  0.2645  0.9531 -0.1468
Z -0.2813  0.2219  0.9336

PART 8
OFFSET  12.9221  1.0595 -10.9297
X  0.9224 -0.2057  0.3268
Y  0.2645  0.9531 -0.1468
Z -0.2813  0.2219  0.9336

PART 9
OFFSET  12.4248 -0.0707 -11.4038
X  0.9224 -0.2057  0.3268
Y  0.2645  0.9531 -0.1468
Z -0.2813  0.2219  0.9336

PART 10
OFFSET  14.5251  0.6668 -11.8612
X  0.7390  0.6508 -0.1741
Y -0.1397  0.4009  0.9054
Z  0.6590 -0.6448  0.3872

PART 11
OFFSET  14.9933  1.0817 -10.9068
X  0.8589  0.2976  0.4169
Y -0.5042  0.3478  0.7905
Z  0.0903 -0.8891  0.4487

PART 12
OFFSET  16.8014  1.7091 -9.9034
X  0.8423  0.2361 -0.4845
Y  0.3868  0.3613  0.8485
Z  0.3754 -0.9021  0.2130

PART 13
OFFSET  18.1802  1.9677 -10.7123
X  0.1787 -0.3790 -0.9080
Y  0.9579  0.2776  0.0727
Z  0.2245 -0.8828  0.4127

PART 14
OFFSET  18.4001  1.5222 -11.6741
X  0.1851  0.3445 -0.9204
Y -0.5604  0.8063  0.1891
Z  0.8072  0.4808  0.3423

PART 15
OFFSET  15.4333  0.6579 -12.8998
X  0.7871  0.3051 -0.5361
Y  0.6041 -0.5568  0.5701
Z -0.1246 -0.7726 -0.6226

PART 16
OFFSET  17.2940  1.3877 -13.9437
X  0.9002 -0.2142  0.3791
Y -0.4353 -0.4193  0.7967
Z -0.0117 -0.8822 -0.4707

PART 17
OFFSET  18.5685  1.0844 -13.4070
X -0.3785 -0.4505  0.8086
Y -0.9245  0.1422 -0.3535
Z  0.0443 -0.8814 -0.4704

PART 18
OFFSET  18.2329  0.6850 -12.6901
X -0.7855 -0.2999  0.5413
Y -0.6187  0.4005 -0.6759
Z -0.0141 -0.8658 -0.5001

PART 19
OFFSET  17.4866  0.4001 -12.1759
X  0.9912  0.1031  0.0826
Y  0.0367  0.3859 -0.9218
Z -0.1270  0.9168  0.3787

PART 20
OFFSET  15.4109  1.1575 -12.3905
X  0.7502  0.4923 -0.4414
Y  0.6492 -0.6750  0.3506
Z -0.1254 -0.5496 -0.8260

PART 21
OFFSET  17.4284  2.3201 -13.5465
X  0.9216 -0.2784  0.2706
Y -0.3795 -0.4982  0.7796
Z -0.0822 -0.8212 -0.5647

PART 22
OFFSET  18.9974  1.8462 -13.0858
X -0.3390 -0.5159  0.7867
Y -0.9393  0.2328 -0.2521
Z -0.0531 -0.8244 -0.5636

PART 23
OFFSET  18.5275  1.1311 -11.9955
X -0.9754 -0.0805  0.2053
Y -0.2144  0.5654 -0.7965
Z -0.0520 -0.8209 -0.5687

PART 24
OFFSET  17.4697  1.0438 -11.7728
X  0.9190 -0.2974  0.2588
Y  0.3858  0.5441 -0.7450
Z  0.0808  0.7845  0.6148

PART 25
OFFSET  16.9348  2.9639 -10.7529
X  0.9056  0.3555 -0.2313
Y -0.4208  0.8212 -0.3854
Z  0.0529  0.4464  0.8933

PART 26
OFFSET  17.0545  3.7446 -12.0008
X  0.8387  0.3796 -0.3906
Y  0.5203 -0.7704  0.3685
Z -0.1610 -0.5123 -0.8436

PART 27
OFFSET  18.5311  4.4130 -12.6885
X  0.9540  0.0450 -0.2963
Y  0.1787 -0.8791  0.4419
Z -0.2406 -0.4745 -0.8467

PART 28
OFFSET  19.7055  4.4965 -12.9972
X  0.9842 -0.1720 -0.0418
Y -0.1289 -0.8583  0.4966
Z -0.1213 -0.4834 -0.8670

PART 29
OFFSET  20.8172  4.3022 -13.0444
X -0.2381  0.6949 -0.6786
Y -0.9522 -0.0295  0.3039
Z  0.1912  0.7185  0.6687

PART 30
OFFSET  17.2455  3.1246 -12.8950
X  0.9502 -0.3037  0.0706
Y -0.2386 -0.5626  0.7915
Z -0.2006 -0.7689 -0.6070

PART 31
OFFSET  19.1017  2.5314 -12.7570
X -0.2994 -0.5250  0.7967
Y -0.9212  0.3765 -0.0980
Z -0.2485 -0.7633 -0.5964

PART 32
OFFSET  18.6644  1.7645 -11.5933
X -0.9034 -0.0157  0.4285
Y -0.3231  0.6819 -0.6562
Z -0.2820 -0.7312 -0.6211

PART 33
OFFSET  17.6395  1.7411 -11.1119
X  0.9171 -0.3768  0.1302
Y  0.3123  0.4760 -0.8222
Z  0.2478  0.7947  0.5542

PART 34
OFFSET  17.6083  1.2325 -12.2312
X -0.1318 -0.6059 -0.7846
Y -0.6590  0.6448 -0.3872
Z  0.7405  0.4660 -0.4843

PART 35
OFFSET  10.3517 -1.8189 -6.8648
X  0.7456  0.5300 -0.4040
Y -0.6586  0.4938 -0.5678
Z -0.1014  0.6894  0.7172

PART 36
OFFSET  10.3517 -1.8189 -6.8648
X  0.7456  0.5300 -0.4040
Y -0.6586  0.4938 -0.5678
Z -0.1014  0.6894  0.7172

PART 37
OFFSET  14.2503  2.4764 -7.1552
X  0.7434  0.5439 -0.3892
Y -0.6586  0.4938 -0.5678
Z -0.1167  0.6785  0.7253

PART 38
OFFSET  13.4540  0.6130 -8.3745
X  0.7456  0.5300 -0.4040
Y -0.6586  0.4938 -0.5678
Z -0.1014  0.6894  0.7172

PART 39
OFFSET  27.8400  11.4337 -15.6513
X  0.7456  0.5300 -0.4040
Y -0.6586  0.4938 -0.5678
Z -0.1014  0.6894  0.7172

PART 40
OFFSET  4.5455 -8.8421 -6.2381
X  0.7456  0.5300 -0.4040
Y -0.6586  0.4938 -0.5678
Z -0.1014  0.6894  0.7172

PART 41
OFFSET  19.7107  4.0805 -12.5942
X  0.7456  0.5300 -0.4040
Y -0.6586  0.4938 -0.5678
Z -0.1014  0.6894  0.7172

PART 42
OFFSET  21.7393  5.4165 -13.7804
X  0.7456  0.5300 -0.4040
Y -0.6586  0.4938 -0.5678
Z -0.1014  0.6894  0.7172

PART 43
OFFSET  25.0232  7.7506 -15.5595
X  0.7456  0.5300 -0.4040
Y -0.6586  0.4938 -0.5678
Z -0.1014  0.6894  0.7172

PART 44
OFFSET -10.8444 -11.7139 -5.9426
X -0.9390  0.3242 -0.1145
Y -0.2216 -0.3162  0.9225
Z  0.2629  0.8916  0.3687

PART 45
OFFSET  0.5122 -15.6347 -4.5582
X -0.6619 -0.7429  0.0999
Y  0.7475 -0.6440  0.1629
Z -0.0567  0.1825  0.9816

PART 46
OFFSET  6.1417 -9.3158 -5.4080
X -0.6619 -0.7429  0.0999
Y  0.4850 -0.5260 -0.6986
Z  0.5716 -0.4139  0.7085

PART 47
OFFSET  6.6531 -8.0276 -6.8376
X -0.6661 -0.7397  0.0960
Y  0.0476 -0.1706 -0.9842
Z  0.7443 -0.6510  0.1489

PART 48
OFFSET  6.1783 -7.0210 -6.3384
X -0.6661 -0.7397  0.0960
Y  0.0476 -0.1706 -0.9842
Z  0.7443 -0.6510  0.1489

PART 49
OFFSET  6.2736 -6.7920 -4.9923
X -0.6661 -0.7397  0.0960
Y  0.0476 -0.1706 -0.9842
Z  0.7443 -0.6510  0.1489

PART 50
OFFSET  8.1708 -7.0383 -5.7143
X -0.5918 -0.7566  0.2781
Y  0.4249 -0.5860 -0.6899
Z  0.6850 -0.2901  0.6683

PART 51
OFFSET  7.7457 -6.0133 -5.4480
X  0.1297 -0.9713  0.1995
Y  0.3773 -0.1377 -0.9158
Z  0.9170  0.1940  0.3486

PART 52
OFFSET  7.3772 -3.9144 -5.8065
X -0.4694 -0.4766  0.7433
Y  0.3574 -0.8723 -0.3337
Z  0.8074  0.1091  0.5798

PART 53
OFFSET  8.0658 -3.2092 -7.0913
X -0.4695  0.2896  0.8341
Y -0.0364 -0.9502  0.3094
Z  0.8822  0.1149  0.4567

PART 54
OFFSET  8.5338 -3.5114 -8.0194
X -0.9208 -0.0559  0.3861
Y -0.3881  0.0299 -0.9211
Z  0.0400 -0.9980 -0.0492

PART 55
OFFSET  8.9882 -6.9669 -6.8235
X -0.5410 -0.4684  0.6985
Y  0.8260 -0.1397  0.5461
Z -0.1583  0.8724  0.4625

PART 56
OFFSET  10.0795 -5.7702 -8.3925
X  0.5671 -0.4994  0.6550
Y  0.8166  0.2368 -0.5265
Z  0.1078  0.8334  0.5420

PART 57
OFFSET  9.2766 -5.0633 -9.3198
X  0.9896 -0.0431 -0.1371
Y -0.0845  0.5968 -0.7979
Z  0.1162  0.8012  0.5870

PART 58
OFFSET  8.3992 -5.0251 -9.1983
X  0.5077  0.4177 -0.7535
Y -0.8556  0.3473 -0.3839
Z  0.1014  0.8396  0.5337

PART 59
OFFSET  7.9169 -5.4219 -8.4824
X  0.1341 -0.6589  0.7402
Y -0.9598  0.0995  0.2625
Z -0.2466 -0.7456 -0.6191

PART 60
OFFSET  8.9316 -6.4516 -6.3328
X -0.5658 -0.6072  0.5578
Y  0.7756 -0.1624  0.6100
Z -0.2799  0.7778  0.5628

PART 61
OFFSET  10.4588 -4.9947 -7.8505
X  0.5240 -0.4254  0.7379
Y  0.8503  0.2106 -0.4824
Z  0.0497  0.8802  0.4721

PART 62
OFFSET  9.5667 -4.2705 -9.1068
X  0.9516  0.1034 -0.2893
Y -0.3020  0.4879 -0.8190
Z  0.0564  0.8668  0.4955

PART 63
OFFSET  8.2478 -4.4138 -8.7059
X  0.3473  0.4519 -0.8217
Y -0.9364  0.2145 -0.2778
Z  0.0507  0.8659  0.4977

PART 64
OFFSET  7.8712 -4.9039 -7.8148
X  0.2528 -0.4502  0.8564
Y -0.9675 -0.1207  0.2222
Z  0.0033 -0.8847 -0.4661

PART 65
OFFSET  5.7157 -9.8471 -3.6150
X -0.4485 -0.6792  0.5810
Y -0.8102  0.0346 -0.5851
Z  0.3773 -0.7331 -0.5658

PART 66
OFFSET  10.4108 -3.7560 -6.0293
X -0.7097 -0.6410  0.2923
Y  0.6432 -0.4203  0.6400
Z -0.2874  0.6422  0.7106

PART 67
OFFSET  11.6604 -2.6274 -6.5440
X  0.3276 -0.5895  0.7384
Y  0.8895  0.4558 -0.0307
Z -0.3185  0.6669  0.6737

PART 68
OFFSET  11.2428 -1.8703 -7.4007
X  0.6819 -0.4006  0.6120
Y  0.6771  0.6622 -0.3209
Z -0.2767  0.6332  0.7228

PART 69
OFFSET  10.4726 -1.4178 -8.0920
X -0.9110 -0.2893  0.2938
Y -0.4048  0.4918 -0.7709
Z  0.0785 -0.8212 -0.5652

PART 70
OFFSET  10.6858 -4.4204 -6.8681
X  0.4018 -0.4555  0.7944
Y  0.9063  0.3220 -0.2738
Z -0.1311  0.8300  0.5422

PART 71
OFFSET  9.9009 -3.5306 -8.4200
X  0.9866  0.1623 -0.0177
Y -0.0971  0.4966 -0.8625
Z -0.1312  0.8527  0.5057

PART 72
OFFSET  8.4599 -3.7677 -8.3942
X  0.4312  0.4821 -0.7627
Y -0.8875  0.0746 -0.4547
Z -0.1622  0.8730  0.4600

PART 73
OFFSET  7.9720 -4.3197 -7.5340
X  0.2466 -0.4731  0.8458
Y -0.9662 -0.1874  0.1769
Z  0.0748 -0.8608 -0.5033

PART 74
OFFSET  0.0000 -0.0000 -0.0000
X  1.0000 -0.0000  0.0000
Y  0.0000  1.0000  0.0000
Z  0.0000 -0.0000  1.0000

PART 75
OFFSET -0.0000 -0.0000 -0.0000
X  0.9999  0.0000 -0.0111
Y  0.0001  1.0000  0.0076
Z  0.0111 -0.0076  0.9999

PART 76
OFFSET  1.5862 -0.0316  4.1183
X  0.9999  0.0000 -0.0111
Y  0.0001  1.0000  0.0076
Z  0.0111 -0.0076  0.9999


FRAME 2063
PART 0
OFFSET -4.6318 -0.0000 -1.3770
X  1.0000 -0.0000  0.0000
Y  0.0000  1.0000  0.0000
Z  0.0000 -0.0000  1.0000

PART 1
OFFSET -4.6318 -0.0000 -1.3770
X  1.0000 -0.0000  0.0000
Y  0.0000  1.0000  0.0000
Z  0.0000 -0.0000  1.0000

PART 2
OFFSET -3.5060  6.3408 -6.7125
X  0.6152 -0.2663 -0.7420
Y  0.1684 -0.8751  0.4536
Z -0.7702 -0.4040 -0.4936

PART 3
OFFSET  3.9342  3.1206 -15.6867
X  0.9187 -0.1871  0.3478
Y -0.3075  0.2136  0.9273
Z -0.2477 -0.9589  0.1387

PART 4
OFFSET  11.7484  1.5296 -12.7285
X  0.9187 -0.1871  0.3478
Y -0.3400  0.0731  0.9376
Z -0.2008 -0.9796  0.0036

PART 5
OFFSET  13.7124  2.8061 -13.2156
X  0.9212 -0.1857  0.3419
Y  0.2496  0.9562 -0.1530
Z -0.2985  0.2263  0.9272

PART 6
OFFSET  12.8853  0.3717 -13.4388
X  0.9212 -0.1857  0.3419
Y  0.2496  0.9562 -0.1530
Z -0.2985  0.2263  0.9272

PART 7
OFFSET  13.4144  2.8216 -10.9141
X  0.9212 -0.1857  0.3419
Y  0.2496  0.9562 -0.1530
Z -0.2985  0.2263  0.9272

PART 8
OFFSET  12.9420  1.3295 -10.7576
X  0.9212 -0.1857  0.3419
Y  0.2496  0.9562 -0.1530
Z -0.2985  0.2263  0.9272

PART 9
OFFSET  12.4717  0.1858 -11.2269
X  0.9212 -0.1857  0.3419
Y  0.2496  0.9562 -0.1530
Z -0.2985  0.2263  0.9272

PART 10
OFFSET  14.5649  0.9562 -11.6623
X  0.7263  0.6665 -0.1683
Y -0.1418  0.3848  0.9120
Z  0.6726 -0.6385  0.3740

PART 11
OFFSET  15.0309  1.3652 -10.7043
X  0.8557  0.3068  0.4167
Y -0.5059  0.3268  0.7983
Z  0.1087 -0.8939  0.4349

PART 12
OFFSET  16.8330  2.0101 -9.7012
X  0.8352  0.2584 -0.4854
Y  0.3849  0.3555  0.8517
Z  0.3927 -0.8982  0.1975

PART 13
OFFSET  18.2024  2.3055 -10.5134
X  0.1804 -0.3622 -0.9145
Y  0.9532  0.2937  0.0717
Z  0.2426 -0.8846  0.3982

PART 14
OFFSET  18.4248  1.8784 -11.4829
X  0.1738  0.3614 -0.9161
Y -0.5738  0.7932  0.2041
Z  0.8004  0.4901  0.3452

PART 15
OFFSET  15.4672  0.9791 -12.7057
X  0.7785  0.3272 -0.5356
Y  0.6172 -0.5543  0.5585
Z -0.1142 -0.7654 -0.6334

PART 16
OFFSET  17.3087  1.7577 -13.7485
X  0.9060 -0.2035  0.3711
Y -0.4232 -0.4389  0.7926
Z  0.0015 -0.8752 -0.4838

PART 17
OFFSET  18.5914  1.4695 -13.2231
X -0.3659 -0.4692  0.8037
Y -0.9289  0.1308 -0.3465
Z  0.0575 -0.8733 -0.4837

PART 18
OFFSET  18.2671  1.0535 -12.5105
X -0.7770 -0.3220  0.5409
Y -0.6295  0.3993 -0.6666
Z -0.0014 -0.8584 -0.5129

PART 19
OFFSET  17.5289  0.7476 -11.9966
X  0.9897  0.1198  0.0789
Y  0.0246  0.4001 -0.9161
Z -0.1413  0.9086  0.3931

PART 20
OFFSET  15.4388  1.4706 -12.1888
X  0.7388  0.5122 -0.4380
Y  0.6632 -0.6683  0.3370
Z -0.1201 -0.5394 -0.8334

PART 21
OFFSET  17.4286  2.6864 -13.3381
X  0.9279 -0.2657  0.2616
Y -0.3661 -0.5165  0.7741
Z -0.0706 -0.8140 -0.5765

PART 22
OFFSET  19.0084  2.2340 -12.8927
X -0.3253 -0.5336  0.7807
Y -0.9447  0.2196 -0.2436
Z -0.0414 -0.8167 -0.5755

PART 23
OFFSET  18.5575  1.4945 -11.8108
X -0.9726 -0.1011  0.2093
Y -0.2289  0.5732 -0.7868
Z -0.0404 -0.8131 -0.5807

PART 24
OFFSET  17.5027  1.3848 -11.5838
X  0.9256 -0.2846  0.2494
Y  0.3718  0.5620 -0.7389
Z  0.0701  0.7767  0.6260

PART 25
OFFSET  16.9390  3.2796 -10.5325
X  0.8978  0.3751 -0.2307
Y -0.4376  0.8191 -0.3709
Z  0.0499  0.4339  0.8996

PART 26
OFFSET  17.0378  4.0808 -11.7692
X  0.8295  0.4004 -0.3893
Y  0.5361 -0.7663  0.3542
Z -0.1565 -0.5025 -0.8503

PART 27
OFFSET  18.4983  4.7858 -12.4546
X  0.9514  0.0666 -0.3007
Y  0.1969 -0.8822  0.4277
Z -0.2368 -0.4661 -0.8524

PART 28
OFFSET  19.6693  4.8951 -12.7684
X  0.9869 -0.1536 -0.0496
Y -0.1107 -0.8678  0.4844
Z -0.1174 -0.4726 -0.8734

PART 29
OFFSET  20.7841  4.7216 -12.8244
X -0.2543  0.7005 -0.6668
Y -0.9498 -0.0512  0.3085
Z  0.1820  0.7118  0.6784

PART 30
OFFSET  17.2349  3.4777 -12.6736
X  0.9558 -0.2875  0.0610
Y -0.2241 -0.5785  0.7843
Z -0.1902 -0.7633 -0.6174

PART 31
OFFSET  19.1022  2.9160 -12.5544
X -0.2854 -0.5421  0.7903
Y -0.9283  0.3613 -0.0875
Z -0.2381 -0.7587 -0.6064

PART 32
OFFSET  18.6852  2.1242 -11.4000
X -0.9006 -0.0383  0.4330
Y -0.3389  0.6857 -0.6442
Z -0.2722 -0.7269 -0.6305

PART 33
OFFSET  17.6636  2.0752 -10.9135
X  0.9244 -0.3621  0.1197
Y  0.2991  0.4937 -0.8166
Z  0.2366  0.7907  0.5647

PART 34
OFFSET  17.6353  1.5828 -12.0401
X -0.1253 -0.5964 -0.7928
Y -0.6726  0.6385 -0.3740
Z  0.7293  0.4864 -0.4812

PART 35
OFFSET  10.4646 -1.6783 -6.6815
X  0.7337  0.5493 -0.3999
Y -0.6705  0.4902 -0.5569
Z -0.1098  0.6768  0.7280

PART 36
OFFSET  10.4646 -1.6783 -6.6815
X  0.7337  0.5493 -0.3999
Y -0.6705  0.4902 -0.5569
Z -0.1098  0.6768  0.7280

PART 37
OFFSET  14.2839  2.6904 -6.9284
X  0.7313  0.5630 -0.3850
Y -0.6705  0.4902 -0.5569
Z -0.1248  0.6654  0.7360

PART 38
OFFSET  13.5143  0.8313 -8.1711
X  0.7337  0.5493 -0.3999
Y -0.6705  0.4902 -0.5569
Z -0.1098  0.6768  0.7280

PART 39
OFFSET  27.6631  12.0165 -15.3615
X  0.7337  0.5493 -0.3999
Y -0.6705  0.4902 -0.5569
Z -0.1098  0.6768  0.7280

PART 40
OFFSET  4.7889 -8.8136 -6.1292
X  0.7337  0.5493 -0.3999
Y -0.6705  0.4902 -0.5569
Z -0.1098  0.6768  0.7280

PART 41
OFFSET  19.6842  4.4733 -12.3716
X  0.7337  0.5493 -0.3999
Y -0.6705  0.4902 -0.5569
Z -0.1098  0.6768  0.7280

PART 42
OFFSET  21.6818  5.8632 -13.5485
X  0.7337  0.5493 -0.3999
Y -0.6705  0.4902 -0.5569
Z -0.1098  0.6768  0.7280

PART 43
OFFSET  24.9134  8.2822 -15.3098
X  0.7337  0.5493 -0.3999
Y -0.6705  0.4902 -0.5569
Z -0.1098  0.6768  0.7280

PART 44
OFFSET -10.8444 -11.7139 -5.9426
X -0.9448  0.3078 -0.1128
Y -0.2164 -0.3272  0.9198
Z  0.2462  0.8934  0.3758

PART 45
OFFSET  0.5813 -15.4360 -4.5786
X -0.6743 -0.7331  0.0881
Y  0.7359 -0.6575  0.1617
Z -0.0607  0.1739  0.9829

PART 46
OFFSET  6.3169 -9.2003 -5.3277
X -0.6743 -0.7331  0.0881
Y  0.4780 -0.5243 -0.7047
Z  0.5628 -0.4331  0.7040

PART 47
OFFSET  6.8588 -7.9066 -6.7411
X -0.6785 -0.7298  0.0842
Y  0.0519 -0.1619 -0.9854
Z  0.7328 -0.6642  0.1477

PART 48
OFFSET  6.3966 -6.8975 -6.2354
X -0.6785 -0.7298  0.0842
Y  0.0519 -0.1619 -0.9854
Z  0.7328 -0.6642  0.1477

PART 49
OFFSET  6.4861 -6.6830 -4.8865
X -0.6785 -0.7298  0.0842
Y  0.0519 -0.1619 -0.9854
Z  0.7328 -0.6642  0.1477

PART 50
OFFSET  8.3842 -6.9526 -5.5977
X -0.5766 -0.7712  0.2699
Y  0.4315 -0.5679 -0.7009
Z  0.6938 -0.2876  0.6602

PART 51
OFFSET  7.9423 -5.9396 -5.3138
X  0.1482 -0.9716  0.1843
Y  0.3746 -0.1173 -0.9197
Z  0.9153  0.2053  0.3466

PART 52
OFFSET  7.5341 -3.8426 -5.6389
X -0.4566 -0.4960  0.7386
Y  0.3712 -0.8607 -0.3486
Z  0.8086  0.1150  0.5771

PART 53
OFFSET  8.2028 -3.1060 -6.9167
X -0.4700  0.2686  0.8408
Y -0.0176 -0.9552  0.2953
Z  0.8825  0.1240  0.4537

PART 54
OFFSET  8.6710 -3.3860 -7.8517
X -0.9174 -0.0782  0.3901
Y -0.3937  0.0366 -0.9185
Z  0.0576 -0.9963 -0.0643

PART 55
OFFSET  9.1940 -6.8501 -6.7100
X -0.5286 -0.4884  0.6943
Y  0.8314 -0.1328  0.5396
Z -0.1713  0.8624  0.4763

PART 56
OFFSET  10.2548 -5.6108 -8.2667
X  0.5796 -0.4987  0.6445
Y  0.8093  0.2592 -0.5272
Z  0.0959  0.8271  0.5538

PART 57
OFFSET  9.4343 -4.9047 -9.1791
X  0.9895 -0.0232 -0.1429
Y -0.0996  0.6070 -0.7884
Z  0.1051  0.7944  0.5983

PART 58
OFFSET  8.5570 -4.8841 -9.0524
X  0.4959  0.4379 -0.7499
Y -0.8638  0.3375 -0.3741
Z  0.0893  0.8333  0.5456

PART 59
OFFSET  8.0859 -5.3002 -8.3399
X  0.1501 -0.6673  0.7295
Y -0.9599  0.0783  0.2691
Z -0.2367 -0.7407 -0.6288

PART 60
OFFSET  9.1308 -6.3432 -6.2114
X -0.5517 -0.6255  0.5516
Y  0.7817 -0.1574  0.6034
Z -0.2906  0.7641  0.5759

PART 61
OFFSET  10.6232 -4.8366 -7.7152
X  0.5356 -0.4268  0.7287
Y  0.8437  0.2331 -0.4837
Z  0.0366  0.8738  0.4849

PART 62
OFFSET  9.7113 -4.1100 -8.9558
X  0.9480  0.1248 -0.2927
Y -0.3152  0.4945 -0.8100
Z  0.0436  0.8602  0.5081

PART 63
OFFSET  8.3974 -4.2831 -8.5501
X  0.3346  0.4703 -0.8167
Y -0.9416  0.2017 -0.2696
Z  0.0379  0.8592  0.5103

PART 64
OFFSET  8.0346 -4.7931 -7.6644
X  0.2656 -0.4582  0.8482
Y -0.9639 -0.1414  0.2255
Z  0.0166 -0.8775 -0.4793

PART 65
OFFSET  5.9916 -9.8362 -3.5277
X -0.4330 -0.6957  0.5731
Y -0.8140  0.0287 -0.5802
Z  0.3872 -0.7177 -0.5787

PART 66
OFFSET  10.5631 -3.6262 -5.8755
X -0.6964 -0.6580  0.2864
Y  0.6542 -0.4181  0.6302
Z -0.2949  0.6263  0.7216

PART 67
OFFSET  11.7893 -2.4678 -6.3798
X  0.3422 -0.5944  0.7277
Y  0.8810  0.4722 -0.0286
Z -0.3266  0.6509  0.6853

PART 68
OFFSET  11.3535 -1.7057 -7.2229
X  0.6923 -0.3973  0.6023
Y  0.6633  0.6790 -0.3146
Z -0.2840  0.6173  0.7336

PART 69
OFFSET  10.5714 -1.2569 -7.9032
X -0.9041 -0.3100  0.2942
Y -0.4178  0.4959 -0.7613
Z  0.0901 -0.8112 -0.5778

PART 70
OFFSET  10.8454 -4.2730 -6.7255
X  0.4143 -0.4599  0.7854
Y  0.8988  0.3423 -0.2737
Z -0.1430  0.8193  0.5552

PART 71
OFFSET  10.0360 -3.3746 -8.2598
X  0.9834  0.1803 -0.0205
Y -0.1108  0.5075 -0.8545
Z -0.1436  0.8426  0.5191

PART 72
OFFSET  8.5996 -3.6379 -8.2299
X  0.4183  0.5010 -0.7576
Y -0.8912  0.0654 -0.4488
Z -0.1753  0.8630  0.4739

PART 73
OFFSET  8.1265 -4.2114 -7.3754
X  0.2597 -0.4811  0.8373
Y -0.9617 -0.2074  0.1792
Z  0.0874 -0.8518 -0.5165

PART 74
OFFSET  0.0000 -0.0000 -0.0000
X  1.0000 -0.0000  0.0000
Y  0.0000  1.0000  0.0000
Z  0.0000 -0.0000  1.0000

PART 75
OFFSET -0.0000 -0.0000 -0.0000
X  0.9997 -0.0000 -0.0230
Y  0.0004  0.9999  0.0158
Z  0.0230 -0.0158  0.9996

PART 76
OFFSET  1.6351 -0.0654  4.0987
X  0.9997 -0.0000 -0.0230
Y  0.0004  0.9999  0.0158
Z  0.0230 -0.0158  0.9996


FRAME 2064
PART 0
OFFSET -4.6318 -0.0000 -1.3770
X  1.0000 -0.0000  0.0000
Y  0.0000  1.0000  0.0000
Z  0.0000 -0.0000  1.0000

PART 1
OFFSET -4.6318 -0.0000 -1.3770
X  1.0000 -0.0000  0.0000
Y  0.0000  1.0000  0.0000
Z  0.0000 -0.0000  1.0000

PART 2
OFFSET -3.5060  6.3408 -6.7125
X  0.6216 -0.2603 -0.7388
Y  0.1845 -0.8680  0.4611
Z -0.7613 -0.4229 -0.4915

PART 3
OFFSET  4.0116  3.1923 -15.6475
X  0.9160 -0.1626  0.3668
Y -0.3293  0.2180  0.9187
Z -0.2294 -0.9623  0.1461

PART 4
OFFSET  11.8022  1.8091 -12.5274
X  0.9160 -0.1626  0.3668
Y -0.3720 -0.0011  0.9282
Z -0.1505 -0.9867 -0.0615

PART 5
OFFSET  13.7468  3.1224 -12.9944
X  0.9185 -0.1613  0.3610
Y  0.2316  0.9595 -0.1603
Z -0.3205  0.2309  0.9187

PART 6
OFFSET  12.9771  0.6678 -13.2022
X  0.9185 -0.1613  0.3610
Y  0.2316  0.9595 -0.1603
Z -0.3205  0.2309  0.9187

PART 7
OFFSET  13.4059  3.1591 -10.6990
X  0.9185 -0.1613  0.3610
Y  0.2316  0.9595 -0.1603
Z -0.3205  0.2309  0.9187

PART 8
OFFSET  12.9631  1.6590 -10.5326
X  0.9185 -0.1613  0.3610
Y  0.2316  0.9595 -0.1603
Z -0.3205  0.2309  0.9187

PART 9
