// Export filename: `C:\projects\cod\t5\xanim_export\t5_viewmodels\ak47\ak47_masterkey_mk_fire.XANIM_EXPORT`
// Source filename: `D:\projects\devanim\t5\animation_assets\viewmodels/ak47/ViewModel_AK47_MasterKey_animated.fbx`
// Export time: Wed Jul 07 18:24:01 2010

ANIMATION
VERSION 3

NUMPARTS 77
PART 0 "tag_ads"
PART 1 "tag_torso"
PART 2 "J_Shoulder_LE"
PART 3 "J_Elbow_LE"
PART 4 "J_WristTwist_LE"
PART 5 "J_Sleave_Reshape_Bottom_LE_1"
PART 6 "J_Sleave_Reshape_Bottom_LE_2"
PART 7 "J_Sleave_Reshape_Top_LE_1"
PART 8 "J_Sleave_Reshape_Top_LE_2"
PART 9 "J_Sleave_Reshape_Top_LE_3"
PART 10 "J_Wrist_LE"
PART 11 "J_Thumb_LE_0"
PART 12 "J_Thumb_LE_1"
PART 13 "J_Thumb_LE_2"
PART 14 "J_Thumb_LE_3"
PART 15 "J_PinkyPalm_LE"
PART 16 "J_Pinky_LE_0"
PART 17 "J_Pinky_LE_1"
PART 18 "J_Pinky_LE_2"
PART 19 "J_Pinky_LE_3"
PART 20 "J_RingPalm_LE"
PART 21 "J_Ring_LE_0"
PART 22 "J_Ring_LE_1"
PART 23 "J_Ring_LE_2"
PART 24 "J_Ring_LE_3"
PART 25 "J_Webbing_LE"
PART 26 "J_Index_LE_0"
PART 27 "J_Index_LE_1"
PART 28 "J_Index_LE_2"
PART 29 "J_Index_LE_3"
PART 30 "J_Mid_LE_0"
PART 31 "J_Mid_LE_1"
PART 32 "J_Mid_LE_2"
PART 33 "J_Mid_LE_3"
PART 34 "tag_knife_attach"
PART 35 "tag_weapon"
PART 36 "J_Gun"
PART 37 "J_bolt"
PART 38 "tag_masterkey"
PART 39 "tag_brass2"
PART 40 "tag_ammo2"
PART 41 "tag_pump2"
PART 42 "TAG_CLIP"
PART 43 "TAG_FLASH"
PART 44 "J_Shoulder_RI"
PART 45 "J_Elbow_RI"
PART 46 "J_WristTwist_RI"
PART 47 "J_Sleave_Reshape_Top_RI_3"
PART 48 "J_Sleave_Reshape_Top_RI_2"
PART 49 "J_Sleave_Reshape_Top_RI_1"
PART 50 "J_Wrist_RI"
PART 51 "J_Thumb_RI_0"
PART 52 "J_Thumb_RI_1"
PART 53 "J_Thumb_RI_2"
PART 54 "J_Thumb_RI_3"
PART 55 "J_PinkyPalm_RI"
PART 56 "J_Pinky_RI_0"
PART 57 "J_Pinky_RI_1"
PART 58 "J_Pinky_RI_2"
PART 59 "J_Pinky_RI_3"
PART 60 "J_RingPalm_RI"
PART 61 "J_Ring_RI_0"
PART 62 "J_Ring_RI_1"
PART 63 "J_Ring_RI_2"
PART 64 "J_Ring_RI_3"
PART 65 "J_Webbing_RI"
PART 66 "J_Index_RI_0"
PART 67 "J_Index_RI_1"
PART 68 "J_Index_RI_2"
PART 69 "J_Index_RI_3"
PART 70 "J_Mid_RI_0"
PART 71 "J_Mid_RI_1"
PART 72 "J_Mid_RI_2"
PART 73 "J_Mid_RI_3"
PART 74 "tag_cambone"
PART 75 "tag_camera"
PART 76 "tag_gasmask"

FRAMERATE 30
NUMFRAMES 11

FRAME 1060
PART 0
OFFSET  0.0000 -0.0000 -0.0000
X  1.0000 -0.0000  0.0000
Y  0.0000  1.0000  0.0000
Z  0.0000 -0.0000  1.0000

PART 1
OFFSET -4.6318 -0.0000 -1.3770
X  1.0000 -0.0000  0.0000
Y  0.0000  1.0000  0.0000
Z  0.0000 -0.0000  1.0000

PART 2
OFFSET  1.6160  1.6487 -7.3253
X  0.8369  0.4069 -0.3661
Y  0.2903 -0.8970 -0.3334
Z -0.4641  0.1728 -0.8688

PART 3
OFFSET  11.7373  6.5698 -11.7530
X  0.6964 -0.5174  0.4973
Y -0.7175 -0.5147  0.4693
Z  0.0132 -0.6836 -0.7297

PART 4
OFFSET  17.6609  2.1692 -7.5235
X  0.6964 -0.5174  0.4973
Y -0.1225  0.5971  0.7928
Z -0.7071 -0.6130  0.3525

PART 5
OFFSET  19.1717  3.0654 -5.8993
X  0.7006 -0.5125  0.4964
Y -0.0047  0.6924  0.7215
Z -0.7135 -0.5079  0.4827

PART 6
OFFSET  19.2776  1.7916 -8.1413
X  0.7006 -0.5125  0.4964
Y -0.0047  0.6924  0.7215
Z -0.7135 -0.5079  0.4827

PART 7
OFFSET  17.9421  1.3884 -4.8687
X  0.7006 -0.5125  0.4964
Y -0.0047  0.6924  0.7215
Z -0.7135 -0.5079  0.4827

PART 8
OFFSET  17.6857  0.0633 -6.0854
X  0.7006 -0.5125  0.4964
Y -0.0047  0.6924  0.7215
Z -0.7135 -0.5079  0.4827

PART 9
OFFSET  17.8189 -0.2489 -7.3637
X  0.7006 -0.5125  0.4964
Y -0.0047  0.6924  0.7215
Z -0.7135 -0.5079  0.4827

PART 10
OFFSET  19.7959  0.5830 -5.9991
X  0.9581 -0.2454  0.1475
Y  0.0226  0.5783  0.8155
Z -0.2854 -0.7780  0.5597

PART 11
OFFSET  20.1316  0.7112 -4.9160
X  0.8462 -0.1666  0.5062
Y -0.1193  0.8665  0.4846
Z -0.5194 -0.4705  0.7134

PART 12
OFFSET  21.9168  0.4120 -3.7356
X  0.9493 -0.3066  0.0690
Y  0.1628  0.6676  0.7265
Z -0.2688 -0.6785  0.6837

PART 13
OFFSET  23.4095 -0.1988 -3.5910
X  0.9490 -0.0870  0.3029
Y -0.1150  0.7993  0.5898
Z -0.2935 -0.5946  0.7486

PART 14
OFFSET  24.4204 -0.3065 -3.2191
X  0.8654  0.4824 -0.1357
Y -0.2907  0.2626 -0.9201
Z -0.4082  0.8356  0.3675

PART 15
OFFSET  20.5248 -0.4012 -6.6344
X  0.4959 -0.8653  0.0738
Y -0.6004 -0.2802  0.7490
Z -0.6274 -0.4157 -0.6585

PART 16
OFFSET  21.6566 -2.3191 -6.2808
X -0.2645 -0.5412  0.7982
Y -0.8028  0.5821  0.1287
Z -0.5343 -0.6068 -0.5885

PART 17
OFFSET  21.2822 -3.0854 -5.1507
X -0.7692  0.0882  0.6329
Y -0.3611  0.7571 -0.5444
Z -0.5272 -0.6473 -0.5505

PART 18
OFFSET  20.6001 -3.0072 -4.5896
X -0.8015  0.5779  0.1536
Y  0.2501  0.5574 -0.7917
Z -0.5431 -0.5961 -0.5913

PART 19
OFFSET  19.8387 -2.4581 -4.4436
X  0.5346 -0.7057  0.4650
Y  0.6360 -0.0264 -0.7712
Z  0.5566  0.7080  0.4347

PART 20
OFFSET  20.7904  0.0378 -6.1382
X  0.9031 -0.4158 -0.1068
Y -0.3057 -0.7975  0.5202
Z -0.3015 -0.4372 -0.8474

PART 21
OFFSET  22.8889 -1.4892 -6.2892
X -0.0537 -0.7883  0.6129
Y -0.8943  0.3110  0.3217
Z -0.4442 -0.5309 -0.7217

PART 22
OFFSET  22.7975 -2.8313 -5.2457
X -0.8327 -0.0465  0.5518
Y -0.3387  0.8311 -0.4411
Z -0.4381 -0.5542 -0.7077

PART 23
OFFSET  21.6435 -2.8957 -4.4809
X -0.8420  0.5302  0.0991
Y  0.3220  0.6416 -0.6962
Z -0.4327 -0.5543 -0.7110

PART 24
OFFSET  20.7303 -2.3207 -4.3734
X  0.4847 -0.8282  0.2815
Y  0.7647  0.2449 -0.5960
Z  0.4246  0.5041  0.7520

PART 25
OFFSET  22.6325  0.3277 -3.9497
X  0.8178 -0.5591  0.1366
Y  0.5522  0.6951 -0.4604
Z  0.1624  0.4519  0.8772

PART 26
OFFSET  23.6525  0.3520 -5.0174
X  0.7853 -0.5913 -0.1834
Y -0.4345 -0.7375  0.5171
Z -0.4410 -0.3264 -0.8360

PART 27
OFFSET  25.0352 -0.6890 -5.3404
X  0.3179 -0.9360  0.1511
Y -0.8542 -0.2136  0.4740
Z -0.4114 -0.2798 -0.8674

PART 28
OFFSET  25.4466 -1.8099 -5.1039
X -0.3860 -0.7088  0.5904
Y -0.8232  0.5535  0.1265
Z -0.4165 -0.4372 -0.7971

PART 29
OFFSET  25.0107 -2.6106 -4.4370
X  0.7516 -0.3919 -0.5306
Y  0.1742  0.8937 -0.4134
Z  0.6362  0.2183  0.7400

PART 30
OFFSET  23.4746 -0.3887 -5.8175
X  0.3213 -0.9098  0.2627
Y -0.8398 -0.1456  0.5231
Z -0.4376 -0.3887 -0.8108

PART 31
OFFSET  24.1023 -2.1660 -5.3042
X -0.6904 -0.4314  0.5808
Y -0.5560  0.8300 -0.0445
Z -0.4628 -0.3536 -0.8129

PART 32
OFFSET  23.0940 -2.7962 -4.4559
X -0.8408  0.4340  0.3235
Y  0.2635  0.8502 -0.4558
Z -0.4728 -0.2981 -0.8292

PART 33
OFFSET  22.1381 -2.3073 -4.0951
X  0.5067 -0.8568  0.0961
Y  0.7056  0.3480 -0.6173
Z  0.4954  0.3806  0.7808

PART 34
OFFSET  21.9465 -1.5797 -5.1859
X -0.3614 -0.4535 -0.8147
Y  0.2854  0.7780 -0.5597
Z  0.8877 -0.4348 -0.1517

PART 35
OFFSET  3.7195 -2.5659 -5.4428
X  0.9877  0.0404  0.1513
Y -0.0783  0.9640  0.2539
Z -0.1356 -0.2626  0.9553

PART 36
OFFSET  3.7195 -2.5659 -5.4428
X  0.9877  0.0404  0.1513
Y -0.0783  0.9640  0.2539
Z -0.1356 -0.2626  0.9553

PART 37
OFFSET  8.6571 -3.2425 -2.4603
X  0.9847  0.0350  0.1708
Y -0.0783  0.9640  0.2539
Z -0.1558 -0.2634  0.9520

PART 38
OFFSET  13.1643 -1.5584 -6.3571
X  0.9877  0.0404  0.1513
Y -0.0783  0.9640  0.2539
Z -0.1356 -0.2626  0.9553

PART 39
OFFSET  18.0687 -2.1373 -3.9716
X  0.9112  0.4119  0.0114
Y  0.1562 -0.3197 -0.9345
Z -0.3813  0.8533 -0.3557

PART 40
OFFSET -8.7448 -2.7026 -8.7125
X  0.8499 -0.0686  0.5225
Y -0.0783  0.9640  0.2539
Z -0.5211 -0.2567  0.8139

PART 41
OFFSET  23.4401 -0.6094 -6.7902
X  0.0783 -0.9640 -0.2539
Y  0.9877  0.0404  0.1513
Z -0.1356 -0.2626  0.9553

PART 42
OFFSET  7.8404 -2.4546 -4.5352
X  0.9877  0.0404  0.1513
Y -0.0783  0.9640  0.2539
Z -0.1356 -0.2626  0.9553

PART 43
OFFSET  26.7414 -1.4264 -2.6056
X  0.9877  0.0404  0.1513
Y -0.0783  0.9640  0.2539
Z -0.1356 -0.2626  0.9553

PART 44
OFFSET -17.6076 -4.8127 -7.0611
X -0.6660  0.1224  0.7359
Y -0.3052 -0.9448 -0.1191
Z  0.6807 -0.3039  0.6666

PART 45
OFFSET -9.5532 -6.2928 -15.9604
X -0.7745 -0.2136 -0.5954
Y  0.6269 -0.1336 -0.7676
Z  0.0844 -0.9678  0.2373

PART 46
OFFSET -2.9654 -4.4764 -10.8965
X -0.7745 -0.2136 -0.5954
Y  0.5944  0.0761 -0.8006
Z  0.2163 -0.9740  0.0680

PART 47
OFFSET -2.3787 -2.9198 -9.8021
X -0.7785 -0.2099 -0.5915
Y -0.0913  0.9703 -0.2241
Z  0.6210 -0.1205 -0.7745

PART 48
OFFSET -2.6003 -3.3929 -8.6998
X -0.7785 -0.2099 -0.5915
Y -0.0913  0.9703 -0.2241
Z  0.6210 -0.1205 -0.7745

PART 49
OFFSET -2.3197 -4.7046 -8.4284
X -0.7785 -0.2099 -0.5915
Y -0.0913  0.9703 -0.2241
Z  0.6210 -0.1205 -0.7745

PART 50
OFFSET -0.5909 -3.8217 -9.0712
X -0.8961 -0.1064 -0.4308
Y  0.4231  0.0878 -0.9018
Z  0.1338 -0.9904 -0.0337

PART 51
OFFSET -0.6510 -3.4519 -7.9934
X -0.3661 -0.5323 -0.7633
Y  0.6623  0.4271 -0.6156
Z  0.6536 -0.7309  0.1962

PART 52
OFFSET  0.0367 -2.3051 -6.2958
X -0.8986 -0.4385  0.0158
Y  0.0960 -0.2317 -0.9680
Z  0.4281 -0.8684  0.2503

PART 53
OFFSET  1.4451 -1.5138 -6.4071
X -0.6400 -0.2642  0.7215
Y -0.5407 -0.5123 -0.6672
Z  0.5459 -0.8171  0.1850

PART 54
OFFSET  2.1214 -1.1820 -7.1844
X -0.9345  0.2243  0.2763
Y  0.1167  0.9266 -0.3575
Z -0.3362 -0.3019 -0.8921

PART 55
OFFSET  0.5935 -3.4374 -9.6655
X -0.9326 -0.3607  0.0123
Y  0.3609 -0.9325  0.0164
Z  0.0055  0.0197  0.9998

PART 56
OFFSET  2.6454 -2.5097 -9.5494
X -0.0366 -0.9785 -0.2030
Y  0.9852 -0.0012 -0.1716
Z  0.1677 -0.2063  0.9640

PART 57
OFFSET  2.6972 -1.1244 -9.2620
X  0.8385 -0.4827 -0.2528
Y  0.5262  0.8378  0.1457
Z  0.1414 -0.2552  0.9565

PART 58
OFFSET  1.9538 -0.6964 -9.0379
X  0.9109  0.4054 -0.0775
Y -0.3767  0.8933  0.2454
Z  0.1687 -0.1943  0.9663

PART 59
OFFSET  1.0884 -1.0815 -8.9643
X -0.4846 -0.8427 -0.2345
Y -0.8492  0.3889  0.3572
Z -0.2098  0.3723 -0.9041

PART 60
OFFSET  0.5281 -3.6107 -8.9761
X -0.9432 -0.2845 -0.1715
Y  0.2827 -0.9586  0.0351
Z -0.1743 -0.0154  0.9846

PART 61
OFFSET  3.0082 -2.8912 -8.6766
X -0.0797 -0.9925 -0.0928
Y  0.9820 -0.0622 -0.1781
Z  0.1710 -0.1053  0.9796

PART 62
OFFSET  3.1438 -1.2015 -8.5186
X  0.9341 -0.2999 -0.1935
Y  0.3188  0.9449  0.0743
Z  0.1605 -0.1311  0.9783

PART 63
OFFSET  1.8492 -0.7859 -8.2505
X  0.8265  0.5602 -0.0563
Y -0.5413  0.8182  0.1937
Z  0.1546 -0.1296  0.9794

PART 64
OFFSET  0.9528 -1.3934 -8.1894
X -0.3603 -0.9327 -0.0163
Y -0.9233  0.3541  0.1487
Z -0.1329  0.0687 -0.9887

PART 65
OFFSET -4.6066 -4.8698 -10.1197
X -0.8878 -0.3925 -0.2403
Y -0.3718  0.9194 -0.1282
Z  0.2713 -0.0245 -0.9622

PART 66
OFFSET  2.6316 -3.8413 -6.7249
X -0.9519 -0.0123 -0.3063
Y  0.0621 -0.9862 -0.1534
Z -0.3002 -0.1651  0.9395

PART 67
OFFSET  4.3075 -3.8196 -6.1857
X -0.3015 -0.9312 -0.2047
Y  0.9054 -0.3469  0.2446
Z -0.2988 -0.1116  0.9478

PART 68
OFFSET  4.6559 -2.6943 -5.8793
X  0.1135 -0.9813 -0.1557
Y  0.9470  0.0594  0.3158
Z -0.3006 -0.1833  0.9360

PART 69
OFFSET  4.5277 -1.5859 -5.7034
X -0.9764  0.2142  0.0288
Y  0.2162  0.9694  0.1164
Z -0.0030  0.1198 -0.9928

PART 70
OFFSET  2.9711 -3.5797 -7.7432
X -0.2149 -0.9739 -0.0732
Y  0.9763 -0.2162  0.0097
Z -0.0253 -0.0694  0.9973

PART 71
OFFSET  3.3910 -1.6772 -7.6002
X  0.8625 -0.5057 -0.0176
Y  0.5061  0.8620  0.0300
Z -0.0000 -0.0347  0.9994

PART 72
OFFSET  2.1312 -0.9385 -7.5746
X  0.8789  0.4768 -0.0147
Y -0.4770  0.8787 -0.0194
Z  0.0036  0.0240  0.9997

PART 73
OFFSET  1.1354 -1.4781 -7.5650
X -0.3695 -0.9284 -0.0403
Y -0.9279  0.3663  0.0692
Z -0.0494  0.0630 -0.9968

PART 74
OFFSET  0.0000 -0.0000 -0.0000
X  1.0000 -0.0000  0.0000
Y  0.0000  1.0000  0.0000
Z  0.0000 -0.0000  1.0000

PART 75
OFFSET  0.0000 -0.0000 -0.0000
X  1.0000 -0.0000  0.0000
Y  0.0000  1.0000  0.0000
Z  0.0000 -0.0000  1.0000

PART 76
OFFSET  1.5404 -0.0000  4.1357
X  1.0000 -0.0000  0.0000
Y  0.0000  1.0000  0.0000
Z  0.0000 -0.0000  1.0000


FRAME 1061
PART 0
OFFSET  0.0000 -0.0000 -0.0000
X  1.0000 -0.0000  0.0000
Y  0.0000  1.0000  0.0000
Z  0.0000 -0.0000  1.0000

PART 1
OFFSET -4.6318 -0.0000 -1.3770
X  1.0000 -0.0000  0.0000
Y  0.0000  1.0000  0.0000
Z  0.0000 -0.0000  1.0000

PART 2
OFFSET  1.6160  1.6487 -7.3253
X  0.8308  0.4230 -0.3617
Y  0.3282 -0.8972 -0.2955
Z -0.4495  0.1268 -0.8842

PART 3
OFFSET  11.6636  6.7649 -11.6995
X  0.5835 -0.5509  0.5967
Y -0.8104 -0.4431  0.3833
Z  0.0532 -0.7072 -0.7050

PART 4
OFFSET  16.6263  2.0792 -6.6242
X  0.5835 -0.5509  0.5967
Y -0.2163  0.6028  0.7680
Z -0.7828 -0.5772  0.2326

PART 5
OFFSET  17.9810  2.9145 -4.8377
X  0.5881 -0.5464  0.5963
Y -0.0431  0.7151  0.6977
Z -0.8076 -0.4361  0.3970

PART 6
OFFSET  18.2744  1.5604 -7.0151
X  0.5881 -0.5464  0.5963
Y -0.0431  0.7151  0.6977
Z -0.8076 -0.4361  0.3970

PART 7
OFFSET  16.5003  1.3708 -3.9373
X  0.5881 -0.5464  0.5963
Y -0.0431  0.7151  0.6977
Z -0.8076 -0.4361  0.3970

PART 8
OFFSET  16.2992  0.0279 -5.1448
X  0.5881 -0.5464  0.5963
Y -0.0431  0.7151  0.6977
Z -0.8076 -0.4361  0.3970

PART 9
OFFSET  16.5712 -0.3370 -6.3867
X  0.5881 -0.5464  0.5963
Y -0.0431  0.7151  0.6977
Z -0.8076 -0.4361  0.3970

PART 10
OFFSET  18.4151  0.3903 -4.7949
X  0.9350 -0.2650  0.2358
Y -0.0426  0.5761  0.8163
Z -0.3521 -0.7732  0.5274

PART 11
OFFSET  18.6500  0.5096 -3.6845
X  0.7914 -0.1846  0.5827
Y -0.1470  0.8678  0.4747
Z -0.5933 -0.4613  0.6596

PART 12
OFFSET  20.3101  0.1721 -2.3430
X  0.9324 -0.3258  0.1566
Y  0.1071  0.6627  0.7412
Z -0.3453 -0.6743  0.6528

PART 13
OFFSET  21.7702 -0.4689 -2.0613
X  0.9145 -0.1067  0.3903
Y -0.1540  0.8003  0.5795
Z -0.3742 -0.5900  0.7154

PART 14
OFFSET  22.7394 -0.5977 -1.5966
X  0.8837  0.4652 -0.0520
Y -0.1977  0.2703 -0.9423
Z -0.4243  0.8429  0.3308

PART 15
OFFSET  19.1807 -0.6070 -5.3628
X  0.4694 -0.8752  0.1167
Y -0.6736 -0.2695  0.6882
Z -0.5709 -0.4017 -0.7161

PART 16
OFFSET  20.2360 -2.5481 -4.9119
X -0.3490 -0.5374  0.7677
Y -0.7997  0.5979  0.0550
Z -0.4886 -0.5947 -0.6384

PART 17
OFFSET  19.7419 -3.3089 -3.8250
X -0.8234  0.1024  0.5582
Y -0.2932  0.7653 -0.5729
Z -0.4859 -0.6354 -0.6001

PART 18
OFFSET  19.0119 -3.2181 -3.3301
X -0.8008  0.5936  0.0800
Y  0.3344  0.5538 -0.7625
Z -0.4969 -0.5839 -0.6420

PART 19
OFFSET  18.2511 -2.6542 -3.2541
X  0.4744 -0.7173  0.5104
Y  0.7050 -0.0377 -0.7082
Z  0.5272  0.6958  0.4878

PART 20
OFFSET  19.4072 -0.1745 -4.8421
X  0.9007 -0.4337 -0.0231
Y -0.3690 -0.7922  0.4861
Z -0.2291 -0.4293 -0.8736

PART 21
OFFSET  21.4799 -1.7432 -4.8014
X -0.1267 -0.7883  0.6021
Y -0.9142  0.3283  0.2375
Z -0.3849 -0.5204 -0.7623

PART 22
OFFSET  21.2642 -3.0853 -3.7763
X -0.8816 -0.0308  0.4710
Y -0.2792  0.8386 -0.4678
Z -0.3806 -0.5439 -0.7479

PART 23
OFFSET  20.0424 -3.1280 -3.1235
X -0.8369  0.5469  0.0217
Y  0.3987  0.6364 -0.6604
Z -0.3749 -0.5440 -0.7506

PART 24
OFFSET  19.1347 -2.5349 -3.1000
X  0.4395 -0.8383  0.3225
Y  0.8220  0.2307 -0.5206
Z  0.3620  0.4939  0.7905

PART 25
OFFSET  21.0410  0.0738 -2.4893
X  0.7901 -0.5757  0.2106
Y  0.6067  0.6848 -0.4038
Z  0.0882  0.4468  0.8903

PART 26
OFFSET  22.1570  0.0798 -3.4564
X  0.7872 -0.6066 -0.1112
Y -0.4957 -0.7296  0.4711
Z -0.3669 -0.3158 -0.8750

PART 27
OFFSET  23.5430 -0.9883 -3.6522
X  0.2837 -0.9425  0.1767
Y -0.8990 -0.1973  0.3909
Z -0.3336 -0.2697 -0.9033

PART 28
OFFSET  23.9081 -2.1177 -3.3826
X -0.4537 -0.7021  0.5488
Y -0.8202  0.5697  0.0508
Z -0.3483 -0.4271 -0.8344

PART 29
OFFSET  23.3956 -2.9107 -2.7626
X  0.7902 -0.4059 -0.4592
Y  0.2300  0.8909 -0.3918
Z  0.5681  0.2040  0.7973

PART 30
OFFSET  22.0404 -0.6556 -4.2725
X  0.2771 -0.9166  0.2882
Y -0.8879 -0.1297  0.4413
Z -0.3672 -0.3782 -0.8498

PART 31
OFFSET  22.5817 -2.4463 -3.7095
X -0.7503 -0.4186  0.5117
Y -0.5328  0.8411 -0.0932
Z -0.3914 -0.3426 -0.8541

PART 32
OFFSET  21.4858 -3.0577 -2.9621
X -0.8587  0.4502  0.2448
Y  0.3220  0.8456 -0.4258
Z -0.3987 -0.2868 -0.8711

PART 33
OFFSET  20.5102 -2.5504 -2.6907
X  0.4783 -0.8670  0.1399
Y  0.7672  0.3350 -0.5470
Z  0.4274  0.3690  0.8254

PART 34
OFFSET  20.4363 -1.8168 -3.7918
X -0.2922 -0.4445 -0.8468
Y  0.3521  0.7732 -0.5274
Z  0.8892 -0.4523 -0.0694

PART 35
OFFSET  2.2981 -2.4354 -5.7625
X  0.9697  0.0202  0.2435
Y -0.0827  0.9649  0.2492
Z -0.2299 -0.2618  0.9373

PART 36
OFFSET  2.2981 -2.4354 -5.7625
X  0.9697  0.0202  0.2435
Y -0.0827  0.9649  0.2492
Z -0.2299 -0.2618  0.9373

PART 37
OFFSET  6.9193 -3.2172 -2.3323
X  0.9648  0.0148  0.2626
Y -0.0827  0.9649  0.2492
Z -0.2497 -0.2621  0.9322

PART 38
OFFSET  11.8051 -1.6164 -5.7822
X  0.9697  0.0202  0.2435
Y -0.0827  0.9649  0.2492
Z -0.2299 -0.2618  0.9373

PART 39
OFFSET  16.4514 -2.2987 -2.9491
X  0.9141  0.3934  0.0985
Y  0.2369 -0.3209 -0.9170
Z -0.3291  0.8615 -0.3866

PART 40
OFFSET -9.8042 -2.3145 -10.1883
X  0.7955 -0.0867  0.5997
Y -0.0827  0.9649  0.2492
Z -0.6003 -0.2478  0.7604

PART 41
OFFSET  22.0930 -0.8736 -5.2450
X  0.0827 -0.9649 -0.2492
Y  0.9697  0.0202  0.2435
Z -0.2299 -0.2618  0.9373

PART 42
OFFSET  6.3169 -2.4089 -4.4716
X  0.9697  0.0202  0.2435
Y -0.0827  0.9649  0.2492
Z -0.2299 -0.2618  0.9373

PART 43
OFFSET  24.9698 -1.7653 -0.7722
X  0.9697  0.0202  0.2435
Y -0.0827  0.9649  0.2492
Z -0.2299 -0.2618  0.9373

PART 44
OFFSET -17.6076 -4.8127 -7.0611
X -0.5904  0.1563  0.7918
Y -0.3034 -0.9521 -0.0382
Z  0.7479 -0.2628  0.6096

PART 45
OFFSET -10.4672 -6.7035 -16.6372
X -0.7597 -0.2685 -0.5922
Y  0.6390 -0.1399 -0.7563
Z  0.1202 -0.9531  0.2778

PART 46
OFFSET -4.0055 -4.4199 -11.6000
X -0.7597 -0.2685 -0.5922
Y  0.6017  0.0552 -0.7968
Z  0.2466 -0.9617  0.1196

PART 47
OFFSET -3.4914 -2.7976 -10.5662
X -0.7638 -0.2648 -0.5886
Y -0.1273  0.9559 -0.2648
Z  0.6327 -0.1273 -0.7638

PART 48
OFFSET -3.7047 -3.2335 -9.4472
X -0.7638 -0.2648 -0.5886
Y -0.1273  0.9559 -0.2648
Z  0.6327 -0.1273 -0.7638

PART 49
OFFSET -3.3753 -4.5208 -9.1195
X -0.7638 -0.2648 -0.5886
Y -0.1273  0.9559 -0.2648
Z  0.6327 -0.1273 -0.7638

PART 50
OFFSET -1.6764 -3.5968 -9.7844
X -0.8537 -0.0875 -0.5134
Y  0.5076  0.0811 -0.8578
Z  0.1167 -0.9929 -0.0248

PART 51
OFFSET -1.8302 -3.2280 -8.7155
X -0.3033 -0.5233 -0.7963
Y  0.7256  0.4149 -0.5490
Z  0.6177 -0.7443  0.2539

PART 52
OFFSET -1.2824 -2.0988 -6.9563
X -0.9046 -0.4203 -0.0703
Y  0.1819 -0.2316 -0.9556
Z  0.3854 -0.8773  0.2860

PART 53
OFFSET  0.1457 -1.3358 -6.9319
X -0.7100 -0.2528  0.6572
Y -0.4857 -0.5000 -0.7170
Z  0.5098 -0.8283  0.2322

PART 54
OFFSET  0.8984 -1.0161 -7.6410
X -0.9517  0.2425  0.1882
Y  0.1681  0.9248 -0.3413
Z -0.2569 -0.2932 -0.9209

PART 55
OFFSET -0.4341 -3.2353 -10.2634
X -0.9366 -0.3419 -0.0768
Y  0.3392 -0.9396  0.0466
Z -0.0880  0.0176  0.9960

PART 56
OFFSET  1.6158 -2.3493 -9.9515
X -0.0368 -0.9771 -0.2094
Y  0.9967 -0.0207 -0.0784
Z  0.0722 -0.2116  0.9747

PART 57
OFFSET  1.6680 -0.9659 -9.6551
X  0.8488 -0.4990 -0.1748
Y  0.5267  0.8267  0.1977
Z  0.0459 -0.2599  0.9645

PART 58
OFFSET  0.9154 -0.5235 -9.5001
X  0.9220  0.3871  0.0100
Y -0.3802  0.9002  0.2124
Z  0.0733 -0.1996  0.9771

PART 59
OFFSET  0.0395 -0.8913 -9.5096
X -0.4771 -0.8323 -0.2823
Y -0.8711  0.4052  0.2774
Z -0.1165  0.3782 -0.9183

PART 60
OFFSET -0.5674 -3.4086 -9.5838
X -0.9284 -0.2651 -0.2604
Y  0.2591 -0.9641  0.0577
Z -0.2663 -0.0139  0.9638

PART 61
OFFSET  1.8874 -2.7398 -9.0500
X -0.0903 -0.9905 -0.1037
Y  0.9930 -0.0816 -0.0854
Z  0.0761 -0.1107  0.9909

PART 62
OFFSET  2.0411 -1.0535 -8.8734
X  0.9420 -0.3183 -0.1061
Y  0.3291  0.9382  0.1076
Z  0.0653 -0.1362  0.9885

PART 63
OFFSET  0.7355 -0.6124 -8.7264
X  0.8391  0.5435  0.0237
Y -0.5408  0.8285  0.1452
Z  0.0593 -0.1347  0.9891

PART 64
OFFSET -0.1745 -1.2018 -8.7520
X -0.3756 -0.9252 -0.0537
Y -0.9260  0.3723  0.0628
Z -0.0381  0.0733 -0.9966

PART 65
OFFSET -5.5960 -4.5617 -11.2092
X -0.8689 -0.3741 -0.3241
Y -0.3398  0.9270 -0.1590
Z  0.3599 -0.0280 -0.9326

PART 66
OFFSET  1.3104 -3.6860 -7.1460
X -0.9189  0.0075 -0.3943
Y  0.0567 -0.9869 -0.1508
Z -0.3903 -0.1609  0.9065

PART 67
OFFSET  2.9283 -3.6991 -6.4517
X -0.2994 -0.9245 -0.2357
Y  0.8714 -0.3656  0.3271
Z -0.3886 -0.1075  0.9151

PART 68
OFFSET  3.2687 -2.5817 -6.1096
X  0.1081 -0.9830 -0.1482
Y  0.9141  0.0397  0.4035
Z -0.3908 -0.1791  0.9029

PART 69
OFFSET  3.1466 -1.4713 -5.9422
X -0.9703  0.2338 -0.0621
Y  0.2235  0.9646  0.1399
Z  0.0926  0.1219 -0.9882

PART 70
OFFSET  1.7491 -3.4293 -8.1269
X -0.2264 -0.9692 -0.0968
Y  0.9666 -0.2358  0.1005
Z -0.1202 -0.0708  0.9902

PART 71
OFFSET  2.1914 -1.5359 -7.9377
X  0.8501 -0.5230  0.0615
Y  0.5180  0.8516  0.0807
Z -0.0946 -0.0367  0.9948

PART 72
OFFSET  0.9497 -0.7720 -8.0276
X  0.8857  0.4590  0.0698
Y -0.4555  0.8881 -0.0606
Z -0.0898  0.0219  0.9957

PART 73
OFFSET -0.0531 -1.2914 -8.1137
X -0.3824 -0.9207 -0.0784
Y -0.9229  0.3848 -0.0168
Z  0.0457  0.0659 -0.9968

PART 74
OFFSET  0.0000 -0.0000 -0.0000
X  1.0000 -0.0000  0.0000
Y  0.0000  1.0000  0.0000
Z  0.0000 -0.0000  1.0000

PART 75
OFFSET  0.0000 -0.0000 -0.0000
X  1.0000 -0.0000  0.0000
Y  0.0000  1.0000  0.0000
Z  0.0000 -0.0000  1.0000

PART 76
OFFSET  1.5404 -0.0000  4.1357
X  1.0000 -0.0000  0.0000
Y  0.0000  1.0000  0.0000
Z  0.0000 -0.0000  1.0000


FRAME 1062
PART 0
OFFSET  0.0000 -0.0000 -0.0000
X  1.0000 -0.0000  0.0000
Y  0.0000  1.0000  0.0000
Z  0.0000 -0.0000  1.0000

PART 1
OFFSET -4.6318 -0.0000 -1.3770
X  1.0000 -0.0000  0.0000
Y  0.0000  1.0000  0.0000
Z  0.0000 -0.0000  1.0000

PART 2
OFFSET  1.6160  1.6487 -7.3253
X  0.8342  0.4207 -0.3566
Y  0.3294 -0.8987 -0.2897
Z -0.4424  0.1242 -0.8882

PART 3
OFFSET  11.7043  6.7365 -11.6384
X  0.5328 -0.5727  0.6230
Y -0.8443 -0.4101  0.3450
Z  0.0579 -0.7099 -0.7020

PART 4
OFFSET  16.2358  1.8655 -6.3392
X  0.5328 -0.5727  0.6230
Y -0.2846  0.5721  0.7692
Z -0.7970 -0.5871  0.1418

PART 5
OFFSET  17.5379  2.6492 -4.4913
X  0.5376 -0.5683  0.6229
Y -0.0472  0.7173  0.6952
Z -0.8419 -0.4031  0.3588

PART 6
OFFSET  17.8784  1.2813 -6.6532
X  0.5376 -0.5683  0.6229
Y -0.0472  0.7173  0.6952
Z -0.8419 -0.4031  0.3588

PART 7
OFFSET  15.9569  1.1667 -3.6613
X  0.5376 -0.5683  0.6229
Y -0.0472  0.7173  0.6952
Z -0.8419 -0.4031  0.3588

PART 8
OFFSET  15.7592 -0.1690 -4.8774
X  0.5376 -0.5683  0.6229
Y -0.0472  0.7173  0.6952
Z -0.8419 -0.4031  0.3588

PART 9
OFFSET  16.0740 -0.5463 -6.1053
X  0.5376 -0.5683  0.6229
Y -0.0472  0.7173  0.6952
Z -0.8419 -0.4031  0.3588

PART 10
OFFSET  17.8691  0.1099 -4.4292
X  0.9142 -0.3040  0.2679
Y -0.0708  0.5312  0.8443
Z -0.3990 -0.7908  0.4641

PART 11
OFFSET  18.0482  0.1610 -3.3033
X  0.7547 -0.2389  0.6111
Y -0.1496  0.8441  0.5148
Z -0.6388 -0.4799  0.6013

PART 12
OFFSET  19.6262 -0.2970 -1.8998
X  0.9142 -0.3603  0.1854
Y  0.0848  0.6175  0.7820
Z -0.3963 -0.6992  0.5951

PART 13
OFFSET  21.0527 -0.9938 -1.5805
X  0.8896 -0.1540  0.4299
Y -0.1638  0.7712  0.6152
Z -0.4263 -0.6177  0.6608

PART 14
OFFSET  21.9924 -1.1756 -1.0749
X  0.8968  0.4420  0.0197
Y -0.1409  0.3273 -0.9343
Z -0.4194  0.8352  0.3558

PART 15
OFFSET  18.6379 -0.8760 -5.0126
X  0.4401 -0.8933  0.0909
Y -0.7156 -0.2878  0.6365
Z -0.5425 -0.3452 -0.7659

PART 16
OFFSET  19.6181 -2.8682 -4.6189
X -0.4026 -0.5688  0.7172
Y -0.7859  0.6165  0.0478
Z -0.4694 -0.5444 -0.6952

PART 17
OFFSET  19.0481 -3.6735 -3.6034
X -0.8487  0.0949  0.5203
Y -0.2430  0.8038 -0.5430
Z -0.4697 -0.5873 -0.6591

PART 18
OFFSET  18.2956 -3.5894 -3.1421
X -0.7884  0.6108  0.0723
Y  0.3881  0.5853 -0.7119
Z -0.4772 -0.5332 -0.6986

PART 19
OFFSET  17.5466 -3.0090 -3.0734
X  0.4284 -0.7575  0.4926
Y  0.7401 -0.0186 -0.6723
Z  0.5184  0.6526  0.5527

PART 20
OFFSET  18.8476 -0.4795 -4.4574
X  0.8893 -0.4572 -0.0015
Y -0.4142 -0.8070  0.4210
Z -0.1937 -0.3738 -0.9071

PART 21
OFFSET  20.8745 -2.1064 -4.3996
X -0.1783 -0.8164  0.5493
Y -0.9168  0.3406  0.2086
Z -0.3574 -0.4664 -0.8091

PART 22
OFFSET  20.5709 -3.4962 -3.4643
X -0.9057 -0.0316  0.4228
Y -0.2327  0.8707 -0.4333
Z -0.3545 -0.4908 -0.7959

PART 23
OFFSET  19.3158 -3.5401 -2.8783
X -0.8227  0.5684  0.0097
Y  0.4490  0.6602 -0.6021
Z -0.3487 -0.4909 -0.7984

PART 24
OFFSET  18.4236 -2.9236 -2.8678
X  0.4004 -0.8670  0.2967
Y  0.8539  0.2356 -0.4640
Z  0.3324  0.4391  0.8347

PART 25
OFFSET  20.3611 -0.4078 -2.0139
X  0.7629 -0.6087  0.2179
Y  0.6444  0.6885 -0.3329
Z  0.0526  0.3943  0.9175

PART 26
OFFSET  21.5263 -0.3803 -2.9208
X  0.7762 -0.6217 -0.1049
Y -0.5383 -0.7401  0.4032
Z -0.3283 -0.2565 -0.9091

PART 27
OFFSET  22.8929 -1.4749 -3.1055
X  0.2498 -0.9585  0.1374
Y -0.9231 -0.1929  0.3326
Z -0.2923 -0.2099 -0.9330

PART 28
OFFSET  23.2143 -2.6274 -2.8818
X -0.4998 -0.7181  0.4843
Y -0.8070  0.5892  0.0409
Z -0.3147 -0.3704 -0.8739

PART 29
OFFSET  22.6498 -3.4385 -2.3348
X  0.8026 -0.4023 -0.4404
Y  0.2730  0.9042 -0.3285
Z  0.5304  0.1434  0.8355

PART 30
OFFSET  21.4340 -1.0660 -3.7821
X  0.2380 -0.9386  0.2497
Y -0.9129 -0.1285  0.3873
Z -0.3315 -0.3202 -0.8875

PART 31
OFFSET  21.8990 -2.8996 -3.2942
X -0.7866 -0.4246  0.4482
Y -0.5055  0.8598 -0.0727
Z -0.3545 -0.2837 -0.8910

PART 32
OFFSET  20.7500 -3.5199 -2.6396
X -0.8586  0.4603  0.2256
Y  0.3654  0.8583 -0.3603
Z -0.3594 -0.2269 -0.9052

PART 33
OFFSET  19.7747 -3.0008 -2.3902
X  0.4480 -0.8866  0.1150
Y  0.8032  0.3426 -0.4872
Z  0.3926  0.3106  0.8657

PART 34
OFFSET  19.7778 -2.2058 -3.4505
X -0.2585 -0.3886 -0.8844
Y  0.3990  0.7908 -0.4641
Z  0.8798 -0.4729 -0.0493

PART 35
OFFSET  1.7586 -2.1985 -6.3780
X  0.9557 -0.0209  0.2935
Y -0.0710  0.9517  0.2988
Z -0.2856 -0.3064  0.9081

PART 36
OFFSET  1.7586 -2.1985 -6.3780
X  0.9557 -0.0209  0.2935
Y -0.0710  0.9517  0.2988
Z -0.2856 -0.3064  0.9081

PART 37
OFFSET  6.1713 -3.2994 -2.7656
X  0.9497 -0.0271  0.3120
Y -0.0710  0.9517  0.2988
Z -0.3050 -0.3059  0.9019

PART 38
OFFSET  11.2713 -1.6505 -5.8651
X  0.9557 -0.0209  0.2935
Y -0.0710  0.9517  0.2988
Z -0.2856 -0.3064  0.9081

PART 39
OFFSET  15.7429 -2.6199 -2.8412
X  0.9174  0.3612  0.1672
Y  0.2766 -0.2765 -0.9203
Z -0.2862  0.8905 -0.3536

PART 40
OFFSET -10.0868 -1.4895 -11.4030
X  0.7603 -0.1422  0.6337
Y -0.0710  0.9517  0.2988
Z -0.6456 -0.2722  0.7135

PART 41
OFFSET  21.5322 -1.2315 -4.7614
X  0.0710 -0.9517 -0.2988
Y  0.9557 -0.0209  0.2935
Z -0.2856 -0.3064  0.9081

PART 42
OFFSET  5.7032 -2.3576 -4.8838
X  0.9557 -0.0209  0.2935
Y -0.0710  0.9517  0.2988
Z -0.2856 -0.3064  0.9081

PART 43
OFFSET  24.1457 -2.4498 -0.2048
X  0.9557 -0.0209  0.2935
Y -0.0710  0.9517  0.2988
Z -0.2856 -0.3064  0.9081

PART 44
OFFSET -17.6076 -4.8127 -7.0611
X -0.5560  0.1965  0.8077
Y -0.2524 -0.9657  0.0612
Z  0.7920 -0.1699  0.5865

PART 45
OFFSET -10.8840 -7.1888 -16.8289
X -0.7654 -0.3600 -0.5334
Y  0.6159 -0.1696 -0.7694
Z  0.1865 -0.9174  0.3516

PART 46
OFFSET -4.3737 -4.1266 -12.2923
X -0.7654 -0.3600 -0.5334
Y  0.5476  0.0709 -0.8337
Z  0.3380 -0.9302  0.1429

PART 47
OFFSET -3.9149 -2.3951 -11.4226
X -0.7696 -0.3563 -0.5299
Y -0.1932  0.9209 -0.3385
Z  0.6086 -0.1581 -0.7776

PART 48
OFFSET -4.0583 -2.7435 -10.2624
X -0.7696 -0.3563 -0.5299
Y -0.1932  0.9209 -0.3385
Z  0.6086 -0.1581 -0.7776

PART 49
OFFSET -3.6416 -3.9776 -9.8424
X -0.7696 -0.3563 -0.5299
Y -0.1932  0.9209 -0.3385
Z  0.6086 -0.1581 -0.7776

PART 50
OFFSET -2.0271 -3.0229 -10.6571
X -0.8274 -0.0347 -0.5606
Y  0.5540  0.1138 -0.8247
Z  0.0924 -0.9929 -0.0749

PART 51
OFFSET -2.2274 -2.7094 -9.5783
X -0.2742 -0.4698 -0.8391
Y  0.7638  0.4237 -0.4868
Z  0.5842 -0.7745  0.2426

PART 52
OFFSET -1.7444 -1.6949 -7.7325
X -0.9101 -0.3899 -0.1401
Y  0.2260 -0.1837 -0.9567
Z  0.3473 -0.9024  0.2553

PART 53
OFFSET -0.3005 -0.9753 -7.5919
X -0.7499 -0.2683  0.6047
Y -0.4599 -0.4456 -0.7680
Z  0.4756 -0.8541  0.2108

PART 54
OFFSET  0.4965 -0.6385 -8.2424
X -0.9538  0.2587  0.1527
Y  0.2094  0.9370 -0.2795
Z -0.2154 -0.2346 -0.9479

PART 55
OFFSET -0.7524 -2.6710 -11.0507
X -0.9397 -0.3104 -0.1438
Y  0.3121 -0.9500  0.0107
Z -0.1399 -0.0349  0.9896

PART 56
OFFSET  1.3002 -1.8622 -10.5849
X -0.0507 -0.9627 -0.2659
Y  0.9986 -0.0447 -0.0283
Z  0.0154 -0.2669  0.9636

PART 57
OFFSET  1.3720 -0.4993 -10.2084
X  0.8438 -0.5125 -0.1591
Y  0.5365  0.7992  0.2708
Z -0.0116 -0.3139  0.9494

PART 58
OFFSET  0.6238 -0.0449 -10.0674
X  0.9298  0.3596  0.0790
Y -0.3678  0.8975  0.2432
Z  0.0166 -0.2552  0.9667

PART 59
OFFSET -0.2595 -0.3865 -10.1424
X -0.4827 -0.8016 -0.3529
Y -0.8739  0.4139  0.2550
Z -0.0583  0.4315 -0.9002

PART 60
OFFSET -0.9257 -2.8776 -10.3898
X -0.9199 -0.2238 -0.3221
Y  0.2310 -0.9728  0.0163
Z -0.3170 -0.0594  0.9466

PART 61
OFFSET  1.5139 -2.3094 -9.6941
X -0.1100 -0.9803 -0.1640
Y  0.9937 -0.1049 -0.0389
Z  0.0210 -0.1673  0.9857

PART 62
OFFSET  1.7011 -0.6404 -9.4148
X  0.9379 -0.3386 -0.0756
Y  0.3468  0.9211  0.1771
Z  0.0096 -0.1923  0.9813

PART 63
OFFSET  0.4013 -0.1712 -9.3101
X  0.8503  0.5173  0.0973
Y -0.5263  0.8343  0.1640
Z  0.0037 -0.1906  0.9817

PART 64
OFFSET -0.5209 -0.7322 -9.4156
X -0.3958 -0.9098 -0.1251
Y -0.9182  0.3945  0.0363
Z  0.0163  0.1292 -0.9915

PART 65
OFFSET -5.8895 -3.7958 -12.3328
X -0.8599 -0.3308 -0.3887
Y -0.3071  0.9436 -0.1235
Z  0.4077  0.0132 -0.9130

PART 66
OFFSET  0.8134 -3.3424 -7.8787
X -0.8964  0.0553 -0.4398
Y  0.0393 -0.9783 -0.2032
Z -0.4415 -0.1995  0.8748

PART 67
OFFSET  2.3917 -3.4398 -7.1044
X -0.3101 -0.9013 -0.3026
Y  0.8433 -0.4077  0.3501
Z -0.4389 -0.1467  0.8865

PART 68
OFFSET  2.7420 -2.3530 -6.6827
X  0.0906 -0.9761 -0.1978
Y  0.8923 -0.0086  0.4514
Z -0.4423 -0.2174  0.8701

PART 69
OFFSET  2.6397 -1.2506 -6.4593
X -0.9594  0.2644 -0.0983
Y  0.2404  0.9487  0.2055
Z  0.1476  0.1735 -0.9737

PART 70
OFFSET  1.3096 -3.0445 -8.8198
X -0.2457 -0.9556 -0.1629
Y  0.9536 -0.2684  0.1363
Z -0.1740 -0.1219  0.9772

PART 71
OFFSET  1.7895 -1.1778 -8.5015
X  0.8321 -0.5495  0.0752
Y  0.5346  0.8307  0.1551
Z -0.1477 -0.0888  0.9850

PART 72
OFFSET  0.5742 -0.3751 -8.6114
X  0.8922  0.4291  0.1408
Y -0.4289  0.9027 -0.0335
Z -0.1415 -0.0305  0.9895

PART 73
OFFSET -0.4356 -0.8603 -8.7779
X -0.4012 -0.9037 -0.1498
Y -0.9106  0.4112 -0.0422
Z  0.0998  0.1195 -0.9878

PART 74
OFFSET  0.0000 -0.0000 -0.0000
X  1.0000 -0.0000  0.0000
Y  0.0000  1.0000  0.0000
Z  0.0000 -0.0000  1.0000

PART 75
OFFSET  0.0000 -0.0000 -0.0000
X  1.0000 -0.0000  0.0000
Y  0.0000  1.0000  0.0000
Z  0.0000 -0.0000  1.0000

PART 76
OFFSET  1.5404 -0.0000  4.1357
X  1.0000 -0.0000  0.0000
Y  0.0000  1.0000  0.0000
Z  0.0000 -0.0000  1.0000


FRAME 1063
PART 0
OFFSET  0.0000 -0.0000 -0.0000
X  1.0000 -0.0000  0.0000
Y  0.0000  1.0000  0.0000
Z  0.0000 -0.0000  1.0000

PART 1
OFFSET -4.6318 -0.0000 -1.3770
X  1.0000 -0.0000  0.0000
Y  0.0000  1.0000  0.0000
Z  0.0000 -0.0000  1.0000

PART 2
OFFSET  1.6160  1.6487 -7.3253
X  0.8350  0.4176 -0.3584
Y  0.3210 -0.8986 -0.2990
Z -0.4469  0.1346 -0.8844

PART 3
OFFSET  11.7144  6.6987 -11.6593
X  0.5176 -0.5886  0.6210
Y -0.8542 -0.3966  0.3362
Z  0.0484 -0.7045 -0.7081

PART 4
OFFSET  16.1171  1.6926 -6.3775
X  0.5176 -0.5886  0.6210
Y -0.3238  0.5370  0.7789
Z -0.7920 -0.6043  0.0874

PART 5
OFFSET  17.4227  2.4339 -4.5147
X  0.5226 -0.5843  0.6209
Y -0.0375  0.7117  0.7014
Z -0.8518 -0.3898  0.3500

PART 6
OFFSET  17.7499  1.0792 -6.6868
X  0.5226 -0.5843  0.6209
Y -0.0375  0.7117  0.7014
Z -0.8518 -0.3898  0.3500

PART 7
OFFSET  15.8080  0.9752 -3.7079
X  0.5226 -0.5843  0.6209
Y -0.0375  0.7117  0.7014
Z -0.8518 -0.3898  0.3500

PART 8
OFFSET  15.5918 -0.3454 -4.9372
X  0.5226 -0.5843  0.6209
Y -0.0375  0.7117  0.7014
Z -0.8518 -0.3898  0.3500

PART 9
OFFSET  15.9068 -0.7176 -6.1667
X  0.5226 -0.5843  0.6209
Y -0.0375  0.7117  0.7014
Z -0.8518 -0.3898  0.3500

PART 10
OFFSET  17.7040 -0.1118 -4.4737
X  0.9018 -0.3357  0.2720
Y -0.0830  0.4831  0.8716
Z -0.4240 -0.8086  0.4078

PART 11
OFFSET  17.8554 -0.1287 -3.3428
X  0.7348 -0.2875  0.6143
Y -0.1482  0.8158  0.5590
Z -0.6619 -0.5018  0.5569

PART 12
OFFSET  19.3895 -0.6956 -1.9303
X  0.9030 -0.3872  0.1864
Y  0.0755  0.5700  0.8182
Z -0.4230 -0.7247  0.5439

PART 13
OFFSET  20.7953 -1.4358 -1.6174
X  0.8757 -0.1948  0.4418
Y -0.1661  0.7375  0.6546
Z -0.4533 -0.6466  0.6135

PART 14
OFFSET  21.7187 -1.6635 -1.1004
X  0.9034  0.4235  0.0669
Y -0.1116  0.3830 -0.9170
Z -0.4140  0.8210  0.3933

PART 15
OFFSET  18.4703 -1.0767 -5.0944
X  0.4224 -0.9050  0.0497
Y -0.7362 -0.3106  0.6013
Z -0.5287 -0.2906 -0.7975

PART 16
OFFSET  19.4061 -3.1059 -4.7929
X -0.4302 -0.6015  0.6732
Y -0.7762  0.6271  0.0643
Z -0.4609 -0.4949 -0.7367

PART 17
OFFSET  18.7971 -3.9574 -3.8398
X -0.8599  0.0805  0.5042
Y -0.2155  0.8380 -0.5014
Z -0.4628 -0.5397 -0.7032

PART 18
OFFSET  18.0347 -3.8861 -3.3928
X -0.7795  0.6201  0.0884
Y  0.4159  0.6179 -0.6672
Z -0.4684 -0.4833 -0.7396

PART 19
OFFSET  17.2942 -3.2969 -3.3088
X  0.4029 -0.7923  0.4582
Y  0.7564  0.0063 -0.6541
Z  0.5153  0.6101  0.6019

PART 20
OFFSET  18.6727 -0.7165 -4.5123
X  0.8812 -0.4727 -0.0064
Y -0.4384 -0.8220  0.3635
Z -0.1771 -0.3175 -0.9316

PART 21
OFFSET  20.6695 -2.3812 -4.4995
X -0.2060 -0.8431  0.4967
Y -0.9158  0.3450  0.2057
Z -0.3448 -0.4125 -0.8432

PART 22
OFFSET  20.3187 -3.8166 -3.6538
X -0.9165 -0.0391  0.3982
Y -0.2068  0.8983 -0.3877
Z -0.3426 -0.4377 -0.8313

PART 23
OFFSET  19.0486 -3.8708 -3.1019
X -0.8129  0.5820  0.0227
Y  0.4753  0.6853 -0.5519
Z -0.3367 -0.4378 -0.8336

PART 24
OFFSET  18.1670 -3.2396 -3.0774
X  0.3779 -0.8898  0.2557
Y  0.8693  0.2460 -0.4288
Z  0.3186  0.3843  0.8665

PART 25
OFFSET  20.1249 -0.8132 -2.0327
X  0.7467 -0.6342  0.2007
Y  0.6642  0.6944 -0.2768
Z  0.0361  0.3400  0.9397

PART 26
OFFSET  21.3130 -0.7552 -2.9081
X  0.7679 -0.6289 -0.1218
Y -0.5608 -0.7519  0.3465
Z -0.3095 -0.1978 -0.9301

PART 27
OFFSET  22.6649 -1.8625 -3.1226
X  0.2299 -0.9693  0.0878
Y -0.9344 -0.1946  0.2984
Z -0.2722 -0.1506 -0.9504

PART 28
OFFSET  22.9609 -3.0316 -2.9582
X -0.5240 -0.7354  0.4297
Y -0.7976  0.6007  0.0553
Z -0.2988 -0.3138 -0.9013

PART 29
OFFSET  22.3691 -3.8622 -2.4728
X  0.8065 -0.3911 -0.4433
Y  0.2965  0.9164 -0.2689
Z  0.5115  0.0854  0.8551

PART 30
OFFSET  21.2308 -1.3885 -3.8095
X  0.2156 -0.9556  0.2007
Y -0.9245 -0.1336  0.3570
Z -0.3143 -0.2626 -0.9123

PART 31
OFFSET  21.6521 -3.2554 -3.4174
X -0.8048 -0.4351  0.4037
Y -0.4888  0.8717 -0.0351
Z -0.3366 -0.2255 -0.9142

PART 32
OFFSET  20.4765 -3.8909 -2.8278
X -0.8561  0.4623  0.2310
Y  0.3890  0.8707 -0.3011
Z -0.3403 -0.1679 -0.9252

PART 33
OFFSET  19.5042 -3.3690 -2.5725
X  0.4298 -0.8999  0.0743
Y  0.8210  0.3552 -0.4470
Z  0.3758  0.2531  0.8914

PART 34
OFFSET  19.5475 -2.5147 -3.5846
X -0.2426 -0.3324 -0.9114
Y  0.4240  0.8086 -0.4078
Z  0.8725 -0.4854 -0.0553

PART 35
OFFSET  1.6108 -2.0068 -6.9426
X  0.9475 -0.0553  0.3149
Y -0.0623  0.9341  0.3515
Z -0.3136 -0.3527  0.8816

PART 36
OFFSET  1.6108 -2.0068 -6.9426
X  0.9475 -0.0553  0.3149
Y -0.0623  0.9341  0.3515
Z -0.3136 -0.3527  0.8816

PART 37
OFFSET  5.9115 -3.3944 -3.2941
X  0.9409 -0.0625  0.3329
Y -0.0623  0.9341  0.3515
Z -0.3329 -0.3515  0.8750

PART 38
OFFSET  11.1154 -1.6648 -6.1685
X  0.9475 -0.0553  0.3149
Y -0.0623  0.9341  0.3515
Z -0.3136 -0.3527  0.8816

PART 39
OFFSET  15.4921 -2.8885 -3.0983
X  0.9189  0.3340  0.2100
Y  0.2950 -0.2283 -0.9278
Z -0.2620  0.9145 -0.3083

PART 40
OFFSET -10.0901 -0.7920 -12.2039
X  0.7416 -0.1924  0.6427
Y -0.0623  0.9341  0.3515
Z -0.6680 -0.3007  0.6807

PART 41
OFFSET  21.3509 -1.4993 -4.7941
X  0.0623 -0.9341 -0.3515
Y  0.9475 -0.0553  0.3149
Z -0.3136 -0.3527  0.8816

PART 42
OFFSET  5.5131 -2.3241 -5.3650
X  0.9475 -0.0553  0.3149
Y -0.0623  0.9341  0.3515
Z -0.3136 -0.3527  0.8816

PART 43
OFFSET  23.8273 -3.0252 -0.2536
X  0.9475 -0.0553  0.3149
Y -0.0623  0.9341  0.3515
Z -0.3136 -0.3527  0.8816

PART 44
OFFSET -17.6076 -4.8127 -7.0611
X -0.5494  0.2270  0.8041
Y -0.1971 -0.9704  0.1393
Z  0.8120 -0.0820  0.5779

PART 45
OFFSET -10.9631 -7.5585 -16.7860
X -0.7678 -0.4359 -0.4696
Y  0.5923 -0.2035 -0.7796
Z  0.2443 -0.8767  0.4144

PART 46
OFFSET -4.4328 -3.8507 -12.7922
X -0.7678 -0.4359 -0.4696
Y  0.4750  0.1045 -0.8737
Z  0.4300 -0.8939  0.1269

PART 47
OFFSET -4.0238 -2.0357 -12.0827
X -0.7720 -0.4321 -0.4662
Y -0.2507  0.8809 -0.4014
Z  0.5841 -0.1930 -0.7884

PART 48
OFFSET -4.1041 -2.2952 -10.8936
X -0.7720 -0.4321 -0.4662
Y -0.2507  0.8809 -0.4014
Z  0.5841 -0.1930 -0.7884

PART 49
OFFSET -3.6121 -3.4713 -10.3959
X -0.7720 -0.4321 -0.4662
Y -0.2507  0.8809 -0.4014
Z  0.5841 -0.1930 -0.7884

PART 50
OFFSET -2.0791 -2.5142 -11.3527
X -0.8134  0.0128 -0.5815
Y  0.5765  0.1507 -0.8031
Z  0.0774 -0.9885 -0.1299

PART 51
OFFSET -2.3012 -2.2595 -10.2628
X -0.2609 -0.4157 -0.8713
Y  0.7830  0.4368 -0.4429
Z  0.5646 -0.7978  0.2115

PART 52
OFFSET -1.8477 -1.3616 -8.3502
X -0.9128 -0.3644 -0.1845
Y  0.2469 -0.1326 -0.9599
Z  0.3253 -0.9218  0.2110

PART 53
OFFSET -0.3958 -0.6781 -8.1333
X -0.7694 -0.2887  0.5698
Y -0.4479 -0.3923 -0.8034
Z  0.4555 -0.8734  0.1725

PART 54
OFFSET  0.4229 -0.3193 -8.7438
X -0.9528  0.2671  0.1443
Y  0.2323  0.9475 -0.2197
Z -0.1954 -0.1758 -0.9648

PART 55
OFFSET -0.7891 -2.1639 -11.6944
X -0.9409 -0.2842 -0.1842
Y  0.2955 -0.9546 -0.0367
Z -0.1654 -0.0890  0.9822

PART 56
OFFSET  1.2647 -1.4212 -11.1329
X -0.0603 -0.9447 -0.3223
Y  0.9981 -0.0615 -0.0067
Z -0.0135 -0.3220  0.9466

PART 57
OFFSET  1.3501 -0.0837 -10.6767
X  0.8387 -0.5180 -0.1680
Y  0.5431  0.7723  0.3295
Z -0.0409 -0.3676  0.9291

PART 58
OFFSET  0.6065  0.3756 -10.5277
X  0.9335  0.3372  0.1221
Y -0.3585  0.8887  0.2858
Z -0.0122 -0.3105  0.9505

PART 59
OFFSET -0.2804  0.0552 -10.6438
X -0.4872 -0.7709 -0.4102
Y -0.8728  0.4147  0.2572
Z -0.0282  0.4834 -0.8749

PART 60
OFFSET -0.9825 -2.4049 -11.0509
X -0.9151 -0.1879 -0.3567
Y  0.2139 -0.9763 -0.0344
Z -0.3417 -0.1078  0.9336

PART 61
OFFSET  1.4481 -1.9227 -10.2646
X -0.1225 -0.9671 -0.2231
Y  0.9924 -0.1209 -0.0209
Z -0.0068 -0.2239  0.9746

PART 62
OFFSET  1.6566 -0.2762 -9.8848
X  0.9336 -0.3510 -0.0723
Y  0.3579  0.9028  0.2384
Z -0.0184 -0.2485  0.9685

PART 63
OFFSET  0.3627  0.2102 -9.7847
X  0.8562  0.4951  0.1476
Y -0.5160  0.8331  0.1992
Z -0.0244 -0.2467  0.9688

PART 64
OFFSET -0.5659 -0.3267 -9.9447
X -0.4079 -0.8936 -0.1870
Y -0.9120  0.4086  0.0368
Z  0.0436  0.1856 -0.9817

PART 65
OFFSET -5.9106 -3.1183 -13.1635
X -0.8553 -0.2920 -0.4279
Y -0.2878  0.9547 -0.0761
Z  0.4308  0.0580 -0.9006

PART 66
OFFSET  0.6845 -3.0450 -8.5295
X -0.8839  0.0970 -0.4574
Y  0.0278 -0.9656 -0.2584
Z -0.4668 -0.2412  0.8509

PART 67
OFFSET  2.2408 -3.2158 -7.7241
X -0.3177 -0.8765 -0.3617
Y  0.8272 -0.4426  0.3463
Z -0.4636 -0.1892  0.8656

PART 68
OFFSET  2.5988 -2.1617 -7.2319
X  0.0789 -0.9646 -0.2516
Y  0.8803 -0.0510  0.4716
Z -0.4677 -0.2587  0.8451

PART 69
OFFSET  2.5097 -1.0721 -6.9476
X -0.9520  0.2873 -0.1061
Y  0.2512  0.9307  0.2657
Z  0.1751  0.2263 -0.9582

PART 70
OFFSET  1.2093 -2.7028 -9.4394
X -0.2577 -0.9399 -0.2238
Y  0.9452 -0.2934  0.1436
Z -0.2007 -0.1745  0.9640

PART 71
OFFSET  1.7128 -0.8666 -9.0022
X  0.8204 -0.5682  0.0635
Y  0.5446  0.8105  0.2158
Z -0.1741 -0.1424  0.9744

PART 72
OFFSET  0.5145 -0.0366 -9.0949
X  0.8955  0.4038  0.1870
Y -0.4125  0.9109  0.0083
Z -0.1670 -0.0846  0.9823

PART 73
OFFSET -0.4989 -0.4927 -9.3136
X -0.4126 -0.8860 -0.2115
Y -0.9021  0.4297 -0.0404
Z  0.1267  0.1741 -0.9765

PART 74
OFFSET  0.0000 -0.0000 -0.0000
X  1.0000 -0.0000  0.0000
Y  0.0000  1.0000  0.0000
Z  0.0000 -0.0000  1.0000

PART 75
OFFSET  0.0000 -0.0000 -0.0000
X  1.0000 -0.0000  0.0000
Y  0.0000  1.0000  0.0000
Z  0.0000 -0.0000  1.0000

PART 76
OFFSET  1.5404 -0.0000  4.1357
X  1.0000 -0.0000  0.0000
Y  0.0000  1.0000  0.0000
Z  0.0000 -0.0000  1.0000


FRAME 1064
PART 0
OFFSET  0.0000 -0.0000 -0.0000
X  1.0000 -0.0000  0.0000
Y  0.0000  1.0000  0.0000
Z  0.0000 -0.0000  1.0000

PART 1
OFFSET -4.6318 -0.0000 -1.3770
X  1.0000 -0.0000  0.0000
Y  0.0000  1.0000  0.0000
Z  0.0000 -0.0000  1.0000

PART 2
OFFSET  1.6160  1.6487 -7.3253
X  0.8242  0.4251 -0.3740
Y  0.3166 -0.8937 -0.3181
Z -0.4695  0.1438 -0.8712

PART 3
OFFSET  11.5844  6.7899 -11.8487
X  0.5350 -0.5943  0.6006
Y -0.8442 -0.4038  0.3525
Z  0.0331 -0.6956 -0.7177

PART 4
OFFSET  16.1345  1.7355 -6.7408
X  0.5350 -0.5943  0.6006
Y -0.3189  0.5162  0.7949
Z -0.7824 -0.6168  0.0866

PART 5
OFFSET  17.4838  2.4587 -4.9021
X  0.5399 -0.5900  0.6004
Y -0.0224  0.7029  0.7109
Z -0.8415 -0.3972  0.3663

PART 6
OFFSET  17.7612  1.1319 -7.0983
X  0.5399 -0.5900  0.6004
Y -0.0224  0.7029  0.7109
Z -0.8415 -0.3972  0.3663

PART 7
OFFSET  15.8947  0.9842 -4.0733
X  0.5399 -0.5900  0.6004
Y -0.0224  0.7029  0.7109
Z -0.8415 -0.3972  0.3663

PART 8
OFFSET  15.6523 -0.3219 -5.3131
X  0.5399 -0.5900  0.6004
Y -0.0224  0.7029  0.7109
Z -0.8415 -0.3972  0.3663

PART 9
OFFSET  15.9377 -0.6779 -6.5546
X  0.5399 -0.5900  0.6004
Y -0.0224  0.7029  0.7109
Z -0.8415 -0.3972  0.3663

PART 10
OFFSET  17.7746 -0.0864 -4.8997
X  0.9074 -0.3376  0.2503
Y -0.0725  0.4610  0.8845
Z -0.4140 -0.8207  0.3938

