// Export filename: `C:\projects\cod\t5\xanim_export\t5_viewmodels\ak47\ak47_grenadier_gl_idle.XANIM_EXPORT`
// Source filename: `D:\projects\devanim\t5\animation_assets\viewmodels\ak47\ViewModel_AK47_GrenadeLauncher_animated.fbx`
// Export time: Sat Jun 05 16:37:09 2010

ANIMATION
VERSION 3

NUMPARTS 77
PART 0 "tag_ads"
PART 1 "tag_torso"
PART 2 "J_Shoulder_LE"
PART 3 "J_Elbow_LE"
PART 4 "J_WristTwist_LE"
PART 5 "J_Sleave_Reshape_Bottom_LE_1"
PART 6 "J_Sleave_Reshape_Bottom_LE_2"
PART 7 "J_Sleave_Reshape_Top_LE_1"
PART 8 "J_Sleave_Reshape_Top_LE_2"
PART 9 "J_Sleave_Reshape_Top_LE_3"
PART 10 "J_Wrist_LE"
PART 11 "J_Thumb_LE_0"
PART 12 "J_Thumb_LE_1"
PART 13 "J_Thumb_LE_2"
PART 14 "J_Thumb_LE_3"
PART 15 "J_PinkyPalm_LE"
PART 16 "J_Pinky_LE_0"
PART 17 "J_Pinky_LE_1"
PART 18 "J_Pinky_LE_2"
PART 19 "J_Pinky_LE_3"
PART 20 "J_RingPalm_LE"
PART 21 "J_Ring_LE_0"
PART 22 "J_Ring_LE_1"
PART 23 "J_Ring_LE_2"
PART 24 "J_Ring_LE_3"
PART 25 "J_Webbing_LE"
PART 26 "J_Index_LE_0"
PART 27 "J_Index_LE_1"
PART 28 "J_Index_LE_2"
PART 29 "J_Index_LE_3"
PART 30 "J_Mid_LE_0"
PART 31 "J_Mid_LE_1"
PART 32 "J_Mid_LE_2"
PART 33 "J_Mid_LE_3"
PART 34 "tag_knife_attach"
PART 35 "tag_weapon"
PART 36 "J_Gun"
PART 37 "J_bolt"
PART 38 "TAG_CLIP"
PART 39 "TAG_FLASH"
PART 40 "TAG_BOUNCING_GRENADE_LAUNCHER"
PART 41 "J_BOUNCING_TRIGGER"
PART 42 "J_BOUNCING_GRENADE_AMMO"
PART 43 "J_BOUNCING_GRENADE_TIP"
PART 44 "J_Shoulder_RI"
PART 45 "J_Elbow_RI"
PART 46 "J_WristTwist_RI"
PART 47 "J_Sleave_Reshape_Top_RI_3"
PART 48 "J_Sleave_Reshape_Top_RI_2"
PART 49 "J_Sleave_Reshape_Top_RI_1"
PART 50 "J_Wrist_RI"
PART 51 "J_Thumb_RI_0"
PART 52 "J_Thumb_RI_1"
PART 53 "J_Thumb_RI_2"
PART 54 "J_Thumb_RI_3"
PART 55 "J_PinkyPalm_RI"
PART 56 "J_Pinky_RI_0"
PART 57 "J_Pinky_RI_1"
PART 58 "J_Pinky_RI_2"
PART 59 "J_Pinky_RI_3"
PART 60 "J_RingPalm_RI"
PART 61 "J_Ring_RI_0"
PART 62 "J_Ring_RI_1"
PART 63 "J_Ring_RI_2"
PART 64 "J_Ring_RI_3"
PART 65 "J_Webbing_RI"
PART 66 "J_Index_RI_0"
PART 67 "J_Index_RI_1"
PART 68 "J_Index_RI_2"
PART 69 "J_Index_RI_3"
PART 70 "J_Mid_RI_0"
PART 71 "J_Mid_RI_1"
PART 72 "J_Mid_RI_2"
PART 73 "J_Mid_RI_3"
PART 74 "tag_cambone"
PART 75 "tag_camera"
PART 76 "tag_gasmask"

FRAMERATE 30
NUMFRAMES 3

FRAME 1300
PART 0
OFFSET -4.6318 -0.0000 -1.3770
X  1.0000 -0.0000  0.0000
Y  0.0000  1.0000  0.0000
Z  0.0000 -0.0000  1.0000

PART 1
OFFSET -4.6318 -0.0000 -1.3770
X  1.0000 -0.0000  0.0000
Y  0.0000  1.0000  0.0000
Z  0.0000 -0.0000  1.0000

PART 2
OFFSET -3.5060  6.3408 -6.7125
X  0.8529 -0.1780 -0.4908
Y -0.0919 -0.9766  0.1945
Z -0.5140 -0.1207 -0.8493

PART 3
OFFSET  6.8085  4.1878 -12.6486
X  0.7091 -0.4323  0.5570
Y -0.6171  0.0017  0.7869
Z -0.3411 -0.9017 -0.2656

PART 4
OFFSET  12.8398  0.5110 -7.9108
X  0.7091 -0.4323  0.5570
Y -0.7024 -0.3641  0.6116
Z -0.0615 -0.8249 -0.5619

PART 5
OFFSET  14.9196  1.5095 -7.2770
X  0.7137 -0.4299  0.5531
Y  0.3480  0.9028  0.2527
Z -0.6079  0.0121  0.7939

PART 6
OFFSET  14.0847 -0.5879 -8.5278
X  0.7137 -0.4299  0.5531
Y  0.3480  0.9028  0.2527
Z -0.6079  0.0121  0.7939

PART 7
OFFSET  13.7864  0.9457 -5.3316
X  0.7137 -0.4299  0.5531
Y  0.3480  0.9028  0.2527
Z -0.6079  0.0121  0.7939

PART 8
OFFSET  12.9242 -0.6258 -5.6295
X  0.7137 -0.4299  0.5531
Y  0.3480  0.9028  0.2527
Z -0.6079  0.0121  0.7939

PART 9
OFFSET  12.5922 -1.4971 -6.5677
X  0.7137 -0.4299  0.5531
Y  0.3480  0.9028  0.2527
Z -0.6079  0.0121  0.7939

PART 10
OFFSET  15.0137 -0.8142 -6.2031
X  0.9269 -0.1157  0.3570
Y -0.3719 -0.4105  0.8326
Z  0.0502 -0.9045 -0.4235

PART 11
OFFSET  15.0924 -1.6338 -5.4129
X  0.5874 -0.7264  0.3567
Y -0.6200 -0.1206  0.7753
Z -0.5202 -0.6766 -0.5212

PART 12
OFFSET  16.2692 -3.2510 -4.5947
X  0.9802 -0.1047 -0.1683
Y  0.0441 -0.7128  0.7000
Z -0.1933 -0.6936 -0.6940

PART 13
OFFSET  17.8272 -3.4552 -4.9859
X  0.4124  0.3954 -0.8207
Y  0.8200 -0.5536  0.1454
Z -0.3969 -0.7329 -0.5526

PART 14
OFFSET  18.2690 -3.0705 -5.8963
X  0.7284  0.6486 -0.2209
Y -0.1821  0.4941  0.8501
Z  0.6606 -0.5790  0.4780

PART 15
OFFSET  16.2064 -0.6554 -6.8781
X  0.9914 -0.0102 -0.1304
Y -0.0424 -0.9683 -0.2461
Z -0.1237  0.2495 -0.9604

PART 16
OFFSET  18.4468 -0.8335 -7.0613
X  0.4215 -0.9015 -0.0983
Y -0.8934 -0.4314  0.1257
Z -0.1557  0.0348 -0.9872

PART 17
OFFSET  19.0435 -2.1098 -7.2005
X -0.8685 -0.4859  0.0983
Y -0.4828  0.8740  0.0546
Z -0.1124 -0.0001 -0.9937

PART 18
OFFSET  18.2735 -2.5406 -7.1133
X -0.9905  0.0074  0.1373
Y  0.0159  0.9980  0.0610
Z -0.1366  0.0626 -0.9887

PART 19
OFFSET  17.3325 -2.5336 -6.9829
X  0.7673 -0.6412 -0.0003
Y  0.6322  0.7566 -0.1672
Z  0.1075  0.1281  0.9859

PART 20
OFFSET  16.1561 -0.8273 -6.1871
X  0.9966  0.0105  0.0815
Y  0.0475 -0.8831 -0.4668
Z  0.0671  0.4691 -0.8806

PART 21
OFFSET  18.7534 -0.8763 -6.0871
X  0.4628 -0.8607 -0.2121
Y -0.8755 -0.4813  0.0431
Z -0.1392  0.1658 -0.9763

PART 22
OFFSET  19.5413 -2.3417 -6.4482
X -0.8552 -0.5177  0.0267
Y -0.5046  0.8431  0.1860
Z -0.1188  0.1456 -0.9822

PART 23
OFFSET  18.3561 -3.0592 -6.4112
X -0.8834  0.4371  0.1690
Y  0.4546  0.8869  0.0825
Z -0.1139  0.1497 -0.9822

PART 24
OFFSET  17.3980 -2.5851 -6.2279
X  0.4585 -0.8574 -0.2339
Y  0.8832  0.4688  0.0128
Z  0.0987 -0.2125  0.9722

PART 25
OFFSET  17.3075 -2.3074 -4.0076
X  0.9580 -0.2810  0.0571
Y  0.2068  0.8151  0.5411
Z -0.1986 -0.5066  0.8390

PART 26
OFFSET  18.3263 -1.2385 -4.0267
X  0.9929 -0.1191  0.0022
Y -0.1006 -0.8479 -0.5205
Z  0.0638  0.5166 -0.8539

PART 27
OFFSET  20.0744 -1.4481 -4.0228
X  0.8955 -0.3721 -0.2441
Y -0.4446 -0.7235 -0.5281
Z  0.0199  0.5814 -0.8134

PART 28
OFFSET  21.1619 -1.9358 -4.2702
X  0.7054 -0.6441 -0.2958
Y -0.6989 -0.5628 -0.4413
Z  0.1177  0.5180 -0.8472

PART 29
OFFSET  21.9586 -2.6634 -4.6043
X  0.4344  0.8635  0.2563
Y -0.8913  0.3710  0.2609
Z  0.1301 -0.3418  0.9307

PART 30
OFFSET  18.6399 -0.9431 -5.0439
X  0.5699 -0.7469 -0.3426
Y -0.7999 -0.5997 -0.0231
Z -0.1882  0.2872 -0.9392

PART 31
OFFSET  19.7532 -2.4022 -5.7132
X -0.8333 -0.5525  0.0192
Y -0.5037  0.7731  0.3854
Z -0.2278  0.3115 -0.9226

PART 32
OFFSET  18.5361 -3.2092 -5.6852
X -0.9074  0.2579  0.3318
Y  0.3529  0.8963  0.2685
Z -0.2281  0.3607 -0.9043

PART 33
OFFSET  17.5065 -2.9152 -5.3160
X  0.4850 -0.7933 -0.3681
Y  0.8348  0.5454 -0.0755
Z  0.2606 -0.2707  0.9267

PART 34
OFFSET  17.8037 -2.2851 -6.3292
X  0.0185  0.4248 -0.9051
Y -0.0502  0.9045  0.4235
Z  0.9986  0.0376  0.0381

PART 35
OFFSET  8.3599 -2.5687 -5.1035
X  0.9910  0.0000  0.1335
Y -0.0271  0.9791  0.2014
Z -0.1307 -0.2032  0.9704

PART 36
OFFSET  8.3599 -2.5687 -5.1035
X  0.9910  0.0000  0.1335
Y -0.0271  0.9791  0.2014
Z -0.1307 -0.2032  0.9704

PART 37
OFFSET  13.3125 -3.3236 -2.1650
X  0.9882 -0.0042  0.1533
Y -0.0271  0.9791  0.2014
Z -0.1509 -0.2032  0.9674

PART 38
OFFSET  12.4971 -2.6107 -4.2674
X  0.9910  0.0000  0.1335
Y -0.0271  0.9791  0.2014
Z -0.1307 -0.2032  0.9704

PART 39
OFFSET  28.4576 -2.3319 -3.4694
X  0.9910  0.0000  0.1335
Y -0.0271  0.9791  0.2014
Z -0.1307 -0.2032  0.9704

PART 40
OFFSET  0.6269 -1.7957 -9.9029
X  0.9910  0.0000  0.1335
Y -0.0271  0.9791  0.2014
Z -0.1307 -0.2032  0.9704

PART 41
OFFSET  20.7975 -2.3646 -4.4072
X  0.9910  0.0000  0.1335
Y -0.0271  0.9791  0.2014
Z -0.1307 -0.2032  0.9704

PART 42
OFFSET  23.4909 -2.3397 -4.1788
X  0.9910  0.0000  0.1335
Y -0.0271  0.9791  0.2014
Z -0.1307 -0.2032  0.9704

PART 43
OFFSET  27.8557 -2.3397 -3.5908
X  0.9910  0.0000  0.1335
Y -0.0271  0.9791  0.2014
Z -0.1307 -0.2032  0.9704

PART 44
OFFSET -17.6076 -4.8127 -7.0611
X -0.8904  0.0424  0.4533
Y -0.1780 -0.9488 -0.2608
Z  0.4190 -0.3129  0.8524

PART 45
OFFSET -6.8396 -5.3253 -12.5429
X -0.9306 -0.1312 -0.3417
Y  0.3610 -0.1748 -0.9161
Z  0.0605 -0.9758  0.2101

PART 46
OFFSET  1.0757 -4.2092 -9.6370
X -0.9306 -0.1312 -0.3417
Y  0.3464 -0.0142 -0.9380
Z  0.1182 -0.9913  0.0587

PART 47
OFFSET  2.0963 -2.7333 -8.7739
X -0.9329 -0.1273 -0.3369
Y -0.0629  0.9787 -0.1954
Z  0.3546 -0.1611 -0.9210

PART 48
OFFSET  2.1630 -3.2055 -7.6512
X -0.9329 -0.1273 -0.3369
Y -0.0629  0.9787 -0.1954
Z  0.3546 -0.1611 -0.9210

PART 49
OFFSET  2.3886 -4.5424 -7.4633
X -0.9329 -0.1273 -0.3369
Y -0.0629  0.9787 -0.1954
Z  0.3546 -0.1611 -0.9210

PART 50
OFFSET  3.9287 -3.8069 -8.5896
X -0.9079 -0.0856 -0.4103
Y  0.4104  0.0177 -0.9117
Z  0.0853 -0.9962  0.0191

PART 51
OFFSET  3.9061 -3.3765 -7.5330
X -0.4052 -0.5545 -0.7269
Y  0.6709  0.3598 -0.6484
Z  0.6211 -0.7504  0.2262

PART 52
OFFSET  4.6790 -2.1741 -5.9123
X -0.9183 -0.3923  0.0540
Y  0.0671 -0.2885 -0.9551
Z  0.3902 -0.8734  0.2913

PART 53
OFFSET  6.1217 -1.4602 -6.0890
X -0.6387 -0.1928  0.7449
Y -0.5768 -0.5207 -0.6294
Z  0.5092 -0.8317  0.2214

PART 54
OFFSET  6.7989 -1.2048 -6.8940
X -0.9175  0.2846  0.2780
Y  0.1547  0.8989 -0.4099
Z -0.3665 -0.3331 -0.8687

PART 55
OFFSET  5.1192 -3.5143 -9.2226
X -0.9485 -0.3133  0.0466
Y  0.3158 -0.9468  0.0623
Z  0.0246  0.0738  0.9970

PART 56
OFFSET  7.2152 -2.6836 -9.1898
X -0.0874 -0.9851 -0.1480
Y  0.9807 -0.0590 -0.1865
Z  0.1750 -0.1615  0.9712

PART 57
OFFSET  7.3390 -1.2889 -8.9802
X  0.8095 -0.5364 -0.2387
Y  0.5685  0.8176  0.0910
Z  0.1463 -0.2093  0.9668

PART 58
OFFSET  6.6212 -0.8133 -8.7686
X  0.9278  0.3553 -0.1139
Y -0.3286  0.9227  0.2014
Z  0.1767 -0.1495  0.9729

PART 59
OFFSET  5.7398 -1.1509 -8.6604
X -0.5289 -0.8294 -0.1800
Y -0.8228  0.4491  0.3483
Z -0.2080  0.3323 -0.9199

PART 60
OFFSET  5.0580 -3.6463 -8.5237
X -0.9588 -0.2467 -0.1408
Y  0.2368 -0.9680  0.0836
Z -0.1569  0.0468  0.9865

PART 61
OFFSET  7.5750 -3.0343 -8.3029
X -0.1291 -0.9910 -0.0365
Y  0.9745 -0.1199 -0.1896
Z  0.1835 -0.0601  0.9812

PART 62
OFFSET  7.7948 -1.3472 -8.2407
X  0.9149 -0.3555 -0.1910
Y  0.3652  0.9308  0.0170
Z  0.1718 -0.0853  0.9814

PART 63
OFFSET  6.5268 -0.8545 -7.9759
X  0.8513  0.5150 -0.1000
Y -0.4977  0.8531  0.1566
Z  0.1660 -0.0835  0.9826

PART 64
OFFSET  5.6034 -1.4130 -7.8674
X -0.4051 -0.9134  0.0408
Y -0.9023  0.4066  0.1432
Z -0.1474  0.0212 -0.9888

PART 65
OFFSET -0.1513 -4.7120 -9.5161
X -0.9099 -0.3609 -0.2044
Y -0.3293  0.9282 -0.1731
Z  0.2522 -0.0902 -0.9635

PART 66
OFFSET  7.1886 -3.8570 -6.2961
X -0.9568  0.0178 -0.2903
Y  0.0117 -0.9950 -0.0996
Z -0.2906 -0.0987  0.9517

PART 67
OFFSET  8.8732 -3.8883 -5.7849
X -0.3497 -0.9250 -0.1482
Y  0.8920 -0.3772  0.2493
Z -0.2865 -0.0450  0.9570

PART 68
OFFSET  9.2809 -2.7665 -5.5466
X  0.0632 -0.9927 -0.1029
Y  0.9543  0.0299  0.2973
Z -0.2921 -0.1170  0.9492

PART 69
OFFSET  9.2095 -1.6453 -5.4304
X -0.9642  0.2632  0.0321
Y  0.2647  0.9625  0.0592
Z -0.0153  0.0656 -0.9977

PART 70
OFFSET  7.5217 -3.6683 -7.3324
X -0.2629 -0.9647 -0.0159
Y  0.9648 -0.2631  0.0065
Z -0.0105 -0.0136  0.9999

PART 71
OFFSET  8.0354 -1.7837 -7.3014
X  0.8367 -0.5477 -0.0029
Y  0.5475  0.8364 -0.0256
Z  0.0165  0.0198  0.9997

PART 72
OFFSET  6.8133 -0.9837 -7.2971
X  0.9004  0.4315 -0.0546
Y -0.4344  0.8987 -0.0605
Z  0.0230  0.0782  0.9967

PART 73
OFFSET  5.7931 -1.4724 -7.2423
X -0.4145 -0.9099  0.0168
Y -0.9078  0.4147  0.0632
Z -0.0645  0.0109 -0.9979

PART 74
OFFSET  0.0000 -0.0000 -0.0000
X  1.0000 -0.0000  0.0000
Y  0.0000  1.0000  0.0000
Z  0.0000 -0.0000  1.0000

PART 75
OFFSET  0.0000 -0.0000 -0.0000
X  1.0000 -0.0000  0.0000
Y  0.0000  1.0000  0.0000
Z  0.0000 -0.0000  1.0000

PART 76
OFFSET  1.5404 -0.0000  4.1357
X  1.0000 -0.0000  0.0000
Y  0.0000  1.0000  0.0000
Z  0.0000 -0.0000  1.0000


FRAME 1301
PART 0
OFFSET -4.6318 -0.0000 -1.3770
X  1.0000 -0.0000  0.0000
Y  0.0000  1.0000  0.0000
Z  0.0000 -0.0000  1.0000

PART 1
OFFSET -4.6318 -0.0000 -1.3770
X  1.0000 -0.0000  0.0000
Y  0.0000  1.0000  0.0000
Z  0.0000 -0.0000  1.0000

PART 2
OFFSET -3.5060  6.3408 -6.7125
X  0.8529 -0.1780 -0.4908
Y -0.0919 -0.9766  0.1945
Z -0.5140 -0.1207 -0.8493

PART 3
OFFSET  6.8085  4.1878 -12.6486
X  0.7091 -0.4323  0.5570
Y -0.6171  0.0017  0.7869
Z -0.3411 -0.9017 -0.2656

PART 4
OFFSET  12.8398  0.5110 -7.9108
X  0.7091 -0.4323  0.5570
Y -0.7024 -0.3641  0.6116
Z -0.0615 -0.8249 -0.5619

PART 5
OFFSET  14.9196  1.5095 -7.2770
X  0.7137 -0.4299  0.5531
Y  0.3480  0.9028  0.2527
Z -0.6079  0.0121  0.7939

PART 6
OFFSET  14.0847 -0.5879 -8.5278
X  0.7137 -0.4299  0.5531
Y  0.3480  0.9028  0.2527
Z -0.6079  0.0121  0.7939

PART 7
OFFSET  13.7864  0.9457 -5.3316
X  0.7137 -0.4299  0.5531
Y  0.3480  0.9028  0.2527
Z -0.6079  0.0121  0.7939

PART 8
OFFSET  12.9242 -0.6258 -5.6295
X  0.7137 -0.4299  0.5531
Y  0.3480  0.9028  0.2527
Z -0.6079  0.0121  0.7939

PART 9
OFFSET  12.5922 -1.4971 -6.5677
X  0.7137 -0.4299  0.5531
Y  0.3480  0.9028  0.2527
Z -0.6079  0.0121  0.7939

PART 10
OFFSET  15.0137 -0.8142 -6.2031
X  0.9269 -0.1157  0.3570
Y -0.3719 -0.4105  0.8326
Z  0.0502 -0.9045 -0.4235

PART 11
OFFSET  15.0924 -1.6338 -5.4129
X  0.5874 -0.7264  0.3567
Y -0.6200 -0.1206  0.7753
Z -0.5202 -0.6766 -0.5212

PART 12
OFFSET  16.2692 -3.2510 -4.5947
X  0.9802 -0.1047 -0.1683
Y  0.0441 -0.7128  0.7000
Z -0.1933 -0.6936 -0.6940

PART 13
OFFSET  17.8272 -3.4552 -4.9859
X  0.4124  0.3954 -0.8207
Y  0.8200 -0.5536  0.1454
Z -0.3969 -0.7329 -0.5526

PART 14
OFFSET  18.2690 -3.0705 -5.8963
X  0.7284  0.6486 -0.2209
Y -0.1821  0.4941  0.8501
Z  0.6606 -0.5790  0.4780

PART 15
OFFSET  16.2064 -0.6554 -6.8781
X  0.9914 -0.0102 -0.1304
Y -0.0424 -0.9683 -0.2461
Z -0.1237  0.2495 -0.9604

PART 16
OFFSET  18.4468 -0.8335 -7.0613
X  0.4215 -0.9015 -0.0983
Y -0.8934 -0.4314  0.1257
Z -0.1557  0.0348 -0.9872

PART 17
OFFSET  19.0435 -2.1098 -7.2005
X -0.8685 -0.4859  0.0983
Y -0.4828  0.8740  0.0546
Z -0.1124 -0.0001 -0.9937

PART 18
OFFSET  18.2735 -2.5406 -7.1133
X -0.9905  0.0074  0.1373
Y  0.0159  0.9980  0.0610
Z -0.1366  0.0626 -0.9887

PART 19
OFFSET  17.3325 -2.5336 -6.9829
X  0.7673 -0.6412 -0.0003
Y  0.6322  0.7566 -0.1672
Z  0.1075  0.1281  0.9859

PART 20
OFFSET  16.1561 -0.8273 -6.1871
X  0.9966  0.0105  0.0815
Y  0.0475 -0.8831 -0.4668
Z  0.0671  0.4691 -0.8806

PART 21
OFFSET  18.7534 -0.8763 -6.0871
X  0.4628 -0.8607 -0.2121
Y -0.8755 -0.4813  0.0431
Z -0.1392  0.1658 -0.9763

PART 22
OFFSET  19.5413 -2.3417 -6.4482
X -0.8552 -0.5177  0.0267
Y -0.5046  0.8431  0.1860
Z -0.1188  0.1456 -0.9822

PART 23
OFFSET  18.3561 -3.0592 -6.4112
X -0.8834  0.4371  0.1690
Y  0.4546  0.8869  0.0825
Z -0.1139  0.1497 -0.9822

PART 24
OFFSET  17.3980 -2.5851 -6.2279
X  0.4585 -0.8574 -0.2339
Y  0.8832  0.4688  0.0128
Z  0.0987 -0.2125  0.9722

PART 25
OFFSET  17.3075 -2.3074 -4.0076
X  0.9580 -0.2810  0.0571
Y  0.2068  0.8151  0.5411
Z -0.1986 -0.5066  0.8390

PART 26
OFFSET  18.3263 -1.2385 -4.0267
X  0.9929 -0.1191  0.0022
Y -0.1006 -0.8479 -0.5205
Z  0.0638  0.5166 -0.8539

PART 27
OFFSET  20.0744 -1.4481 -4.0228
X  0.8955 -0.3721 -0.2441
Y -0.4446 -0.7235 -0.5281
Z  0.0199  0.5814 -0.8134

PART 28
OFFSET  21.1619 -1.9358 -4.2702
X  0.7054 -0.6441 -0.2958
Y -0.6989 -0.5628 -0.4413
Z  0.1177  0.5180 -0.8472

PART 29
OFFSET  21.9586 -2.6634 -4.6043
X  0.4344  0.8635  0.2563
Y -0.8913  0.3710  0.2609
Z  0.1301 -0.3418  0.9307

PART 30
OFFSET  18.6399 -0.9431 -5.0439
X  0.5699 -0.7469 -0.3426
Y -0.7999 -0.5997 -0.0231
Z -0.1882  0.2872 -0.9392

PART 31
OFFSET  19.7532 -2.4022 -5.7132
X -0.8333 -0.5525  0.0192
Y -0.5037  0.7731  0.3854
Z -0.2278  0.3115 -0.9226

PART 32
OFFSET  18.5361 -3.2092 -5.6852
X -0.9074  0.2579  0.3318
Y  0.3529  0.8963  0.2685
Z -0.2281  0.3607 -0.9043

PART 33
OFFSET  17.5065 -2.9152 -5.3160
X  0.4850 -0.7933 -0.3681
Y  0.8348  0.5454 -0.0755
Z  0.2606 -0.2707  0.9267

PART 34
OFFSET  17.8037 -2.2851 -6.3292
X  0.0185  0.4248 -0.9051
Y -0.0502  0.9045  0.4235
Z  0.9986  0.0376  0.0381

PART 35
OFFSET  8.3599 -2.5687 -5.1035
X  0.9910  0.0000  0.1335
Y -0.0271  0.9791  0.2014
Z -0.1307 -0.2032  0.9704

PART 36
OFFSET  8.3599 -2.5687 -5.1035
X  0.9910  0.0000  0.1335
Y -0.0271  0.9791  0.2014
Z -0.1307 -0.2032  0.9704

PART 37
OFFSET  13.3125 -3.3236 -2.1650
X  0.9882 -0.0042  0.1533
Y -0.0271  0.9791  0.2014
Z -0.1509 -0.2032  0.9674

PART 38
OFFSET  12.4971 -2.6107 -4.2674
X  0.9910  0.0000  0.1335
Y -0.0271  0.9791  0.2014
Z -0.1307 -0.2032  0.9704

PART 39
OFFSET  28.4576 -2.3319 -3.4694
X  0.9910  0.0000  0.1335
Y -0.0271  0.9791  0.2014
Z -0.1307 -0.2032  0.9704

PART 40
OFFSET  0.6269 -1.7957 -9.9029
X  0.9910  0.0000  0.1335
Y -0.0271  0.9791  0.2014
Z -0.1307 -0.2032  0.9704

PART 41
OFFSET  20.7975 -2.3646 -4.4072
X  0.9910  0.0000  0.1335
Y -0.0271  0.9791  0.2014
Z -0.1307 -0.2032  0.9704

PART 42
OFFSET  23.4909 -2.3397 -4.1788
X  0.9910  0.0000  0.1335
Y -0.0271  0.9791  0.2014
Z -0.1307 -0.2032  0.9704

PART 43
OFFSET  27.8557 -2.3397 -3.5908
X  0.9910  0.0000  0.1335
Y -0.0271  0.9791  0.2014
Z -0.1307 -0.2032  0.9704

PART 44
OFFSET -17.6076 -4.8127 -7.0611
X -0.8904  0.0424  0.4533
Y -0.1780 -0.9488 -0.2608
Z  0.4190 -0.3129  0.8524

PART 45
OFFSET -6.8396 -5.3253 -12.5429
X -0.9306 -0.1312 -0.3417
Y  0.3610 -0.1748 -0.9161
Z  0.0605 -0.9758  0.2101

PART 46
OFFSET  1.0757 -4.2092 -9.6370
X -0.9306 -0.1312 -0.3417
Y  0.3464 -0.0142 -0.9380
Z  0.1182 -0.9913  0.0587

PART 47
OFFSET  2.0963 -2.7333 -8.7739
X -0.9329 -0.1273 -0.3369
Y -0.0629  0.9787 -0.1954
Z  0.3546 -0.1611 -0.9210

PART 48
OFFSET  2.1630 -3.2055 -7.6512
X -0.9329 -0.1273 -0.3369
Y -0.0629  0.9787 -0.1954
Z  0.3546 -0.1611 -0.9210

PART 49
OFFSET  2.3886 -4.5424 -7.4633
X -0.9329 -0.1273 -0.3369
Y -0.0629  0.9787 -0.1954
Z  0.3546 -0.1611 -0.9210

PART 50
OFFSET  3.9287 -3.8069 -8.5896
X -0.9079 -0.0856 -0.4103
Y  0.4104  0.0177 -0.9117
Z  0.0853 -0.9962  0.0191

PART 51
OFFSET  3.9061 -3.3765 -7.5330
X -0.4052 -0.5545 -0.7269
Y  0.6709  0.3598 -0.6484
Z  0.6211 -0.7504  0.2262

PART 52
OFFSET  4.6790 -2.1741 -5.9123
X -0.9183 -0.3923  0.0540
Y  0.0671 -0.2885 -0.9551
Z  0.3902 -0.8734  0.2913

PART 53
OFFSET  6.1217 -1.4602 -6.0890
X -0.6387 -0.1928  0.7449
Y -0.5768 -0.5207 -0.6294
Z  0.5092 -0.8317  0.2214

PART 54
OFFSET  6.7989 -1.2048 -6.8940
X -0.9175  0.2846  0.2780
Y  0.1547  0.8989 -0.4099
Z -0.3665 -0.3331 -0.8687

PART 55
OFFSET  5.1192 -3.5143 -9.2226
X -0.9485 -0.3133  0.0466
Y  0.3158 -0.9468  0.0623
Z  0.0246  0.0738  0.9970

PART 56
OFFSET  7.2152 -2.6836 -9.1898
X -0.0874 -0.9851 -0.1480
Y  0.9807 -0.0590 -0.1865
Z  0.1750 -0.1615  0.9712

PART 57
OFFSET  7.3390 -1.2889 -8.9802
X  0.8095 -0.5364 -0.2387
Y  0.5685  0.8176  0.0910
Z  0.1463 -0.2093  0.9668

PART 58
OFFSET  6.6212 -0.8133 -8.7686
X  0.9278  0.3553 -0.1139
Y -0.3286  0.9227  0.2014
Z  0.1767 -0.1495  0.9729

PART 59
OFFSET  5.7398 -1.1509 -8.6604
X -0.5289 -0.8294 -0.1800
Y -0.8228  0.4491  0.3483
Z -0.2080  0.3323 -0.9199

PART 60
OFFSET  5.0580 -3.6463 -8.5237
X -0.9588 -0.2467 -0.1408
Y  0.2368 -0.9680  0.0836
Z -0.1569  0.0468  0.9865

PART 61
OFFSET  7.5750 -3.0343 -8.3029
X -0.1291 -0.9910 -0.0365
Y  0.9745 -0.1199 -0.1896
Z  0.1835 -0.0601  0.9812

PART 62
OFFSET  7.7948 -1.3472 -8.2407
X  0.9149 -0.3555 -0.1910
Y  0.3652  0.9308  0.0170
Z  0.1718 -0.0853  0.9814

PART 63
OFFSET  6.5268 -0.8545 -7.9759
X  0.8513  0.5150 -0.1000
Y -0.4977  0.8531  0.1566
Z  0.1660 -0.0835  0.9826

PART 64
OFFSET  5.6034 -1.4130 -7.8674
X -0.4051 -0.9134  0.0408
Y -0.9023  0.4066  0.1432
Z -0.1474  0.0212 -0.9888

PART 65
OFFSET -0.1513 -4.7120 -9.5161
X -0.9099 -0.3609 -0.2044
Y -0.3293  0.9282 -0.1731
Z  0.2522 -0.0902 -0.9635

PART 66
OFFSET  7.1886 -3.8570 -6.2961
X -0.9568  0.0178 -0.2903
Y  0.0117 -0.9950 -0.0996
Z -0.2906 -0.0987  0.9517

PART 67
OFFSET  8.8732 -3.8883 -5.7849
X -0.3497 -0.9250 -0.1482
Y  0.8920 -0.3772  0.2493
Z -0.2865 -0.0450  0.9570

PART 68
OFFSET  9.2809 -2.7665 -5.5466
X  0.0632 -0.9927 -0.1029
Y  0.9543  0.0299  0.2973
Z -0.2921 -0.1170  0.9492

PART 69
OFFSET  9.2095 -1.6453 -5.4304
X -0.9642  0.2632  0.0321
Y  0.2647  0.9625  0.0592
Z -0.0153  0.0656 -0.9977

PART 70
OFFSET  7.5217 -3.6683 -7.3324
X -0.2629 -0.9647 -0.0159
Y  0.9648 -0.2631  0.0065
Z -0.0105 -0.0136  0.9999

PART 71
OFFSET  8.0354 -1.7837 -7.3014
X  0.8367 -0.5477 -0.0029
Y  0.5475  0.8364 -0.0256
Z  0.0165  0.0198  0.9997

PART 72
OFFSET  6.8133 -0.9837 -7.2971
X  0.9004  0.4315 -0.0546
Y -0.4344  0.8987 -0.0605
Z  0.0230  0.0782  0.9967

PART 73
OFFSET  5.7931 -1.4724 -7.2423
X -0.4145 -0.9099  0.0168
Y -0.9078  0.4147  0.0632
Z -0.0645  0.0109 -0.9979

PART 74
OFFSET  0.0000 -0.0000 -0.0000
X  1.0000 -0.0000  0.0000
Y  0.0000  1.0000  0.0000
Z  0.0000 -0.0000  1.0000

PART 75
OFFSET  0.0000 -0.0000 -0.0000
X  1.0000 -0.0000  0.0000
Y  0.0000  1.0000  0.0000
Z  0.0000 -0.0000  1.0000

PART 76
OFFSET  1.5404 -0.0000  4.1357
X  1.0000 -0.0000  0.0000
Y  0.0000  1.0000  0.0000
Z  0.0000 -0.0000  1.0000


FRAME 1302
PART 0
OFFSET -4.6318 -0.0000 -1.3770
X  1.0000 -0.0000  0.0000
Y  0.0000  1.0000  0.0000
Z  0.0000 -0.0000  1.0000

PART 1
OFFSET -4.6318 -0.0000 -1.3770
X  1.0000 -0.0000  0.0000
Y  0.0000  1.0000  0.0000
Z  0.0000 -0.0000  1.0000

PART 2
OFFSET -3.5060  6.3408 -6.7125
X  0.8529 -0.1780 -0.4908
Y -0.0919 -0.9766  0.1945
Z -0.5140 -0.1207 -0.8493

PART 3
OFFSET  6.8085  4.1878 -12.6486
X  0.7091 -0.4323  0.5570
Y -0.6171  0.0017  0.7869
Z -0.3411 -0.9017 -0.2656

PART 4
OFFSET  12.8398  0.5110 -7.9108
X  0.7091 -0.4323  0.5570
Y -0.7024 -0.3641  0.6116
Z -0.0615 -0.8249 -0.5619

PART 5
OFFSET  14.9196  1.5095 -7.2770
X  0.7137 -0.4299  0.5531
Y  0.3480  0.9028  0.2527
Z -0.6079  0.0121  0.7939

PART 6
OFFSET  14.0847 -0.5879 -8.5278
X  0.7137 -0.4299  0.5531
Y  0.3480  0.9028  0.2527
Z -0.6079  0.0121  0.7939

PART 7
OFFSET  13.7864  0.9457 -5.3316
X  0.7137 -0.4299  0.5531
Y  0.3480  0.9028  0.2527
Z -0.6079  0.0121  0.7939

PART 8
OFFSET  12.9242 -0.6258 -5.6295
X  0.7137 -0.4299  0.5531
Y  0.3480  0.9028  0.2527
Z -0.6079  0.0121  0.7939

PART 9
OFFSET  12.5922 -1.4971 -6.5677
X  0.7137 -0.4299  0.5531
Y  0.3480  0.9028  0.2527
Z -0.6079  0.0121  0.7939

PART 10
OFFSET  15.0137 -0.8142 -6.2031
X  0.9269 -0.1157  0.3570
Y -0.3719 -0.4105  0.8326
Z  0.0502 -0.9045 -0.4235

PART 11
OFFSET  15.0924 -1.6338 -5.4129
X  0.5874 -0.7264  0.3567
Y -0.6200 -0.1206  0.7753
Z -0.5202 -0.6766 -0.5212

PART 12
OFFSET  16.2692 -3.2510 -4.5947
X  0.9802 -0.1047 -0.1683
Y  0.0441 -0.7128  0.7000
Z -0.1933 -0.6936 -0.6940

PART 13
OFFSET  17.8272 -3.4552 -4.9859
X  0.4124  0.3954 -0.8207
Y  0.8200 -0.5536  0.1454
Z -0.3969 -0.7329 -0.5526

PART 14
OFFSET  18.2690 -3.0705 -5.8963
X  0.7284  0.6486 -0.2209
Y -0.1821  0.4941  0.8501
Z  0.6606 -0.5790  0.4780

PART 15
OFFSET  16.2064 -0.6554 -6.8781
X  0.9914 -0.0102 -0.1304
Y -0.0424 -0.9683 -0.2461
Z -0.1237  0.2495 -0.9604

PART 16
OFFSET  18.4468 -0.8335 -7.0613
X  0.4215 -0.9015 -0.0983
Y -0.8934 -0.4314  0.1257
Z -0.1557  0.0348 -0.9872

PART 17
OFFSET  19.0435 -2.1098 -7.2005
X -0.8685 -0.4859  0.0983
Y -0.4828  0.8740  0.0546
Z -0.1124 -0.0001 -0.9937

PART 18
OFFSET  18.2735 -2.5406 -7.1133
X -0.9905  0.0074  0.1373
Y  0.0159  0.9980  0.0610
Z -0.1366  0.0626 -0.9887

PART 19
OFFSET  17.3325 -2.5336 -6.9829
X  0.7673 -0.6412 -0.0003
Y  0.6322  0.7566 -0.1672
Z  0.1075  0.1281  0.9859

PART 20
OFFSET  16.1561 -0.8273 -6.1871
X  0.9966  0.0105  0.0815
Y  0.0475 -0.8831 -0.4668
Z  0.0671  0.4691 -0.8806

PART 21
OFFSET  18.7534 -0.8763 -6.0871
X  0.4628 -0.8607 -0.2121
Y -0.8755 -0.4813  0.0431
Z -0.1392  0.1658 -0.9763

PART 22
OFFSET  19.5413 -2.3417 -6.4482
X -0.8552 -0.5177  0.0267
Y -0.5046  0.8431  0.1860
Z -0.1188  0.1456 -0.9822

PART 23
OFFSET  18.3561 -3.0592 -6.4112
X -0.8834  0.4371  0.1690
Y  0.4546  0.8869  0.0825
Z -0.1139  0.1497 -0.9822

PART 24
OFFSET  17.3980 -2.5851 -6.2279
X  0.4585 -0.8574 -0.2339
Y  0.8832  0.4688  0.0128
Z  0.0987 -0.2125  0.9722

PART 25
OFFSET  17.3075 -2.3074 -4.0076
X  0.9580 -0.2810  0.0571
Y  0.2068  0.8151  0.5411
Z -0.1986 -0.5066  0.8390

PART 26
OFFSET  18.3263 -1.2385 -4.0267
X  0.9929 -0.1191  0.0022
Y -0.1006 -0.8479 -0.5205
Z  0.0638  0.5166 -0.8539

PART 27
OFFSET  20.0744 -1.4481 -4.0228
X  0.8955 -0.3721 -0.2441
Y -0.4446 -0.7235 -0.5281
Z  0.0199  0.5814 -0.8134

PART 28
OFFSET  21.1619 -1.9358 -4.2702
X  0.7054 -0.6441 -0.2958
Y -0.6989 -0.5628 -0.4413
Z  0.1177  0.5180 -0.8472

PART 29
OFFSET  21.9586 -2.6634 -4.6043
X  0.4344  0.8635  0.2563
Y -0.8913  0.3710  0.2609
Z  0.1301 -0.3418  0.9307

PART 30
OFFSET  18.6399 -0.9431 -5.0439
X  0.5699 -0.7469 -0.3426
Y -0.7999 -0.5997 -0.0231
Z -0.1882  0.2872 -0.9392

PART 31
OFFSET  19.7532 -2.4022 -5.7132
X -0.8333 -0.5525  0.0192
Y -0.5037  0.7731  0.3854
Z -0.2278  0.3115 -0.9226

PART 32
OFFSET  18.5361 -3.2092 -5.6852
X -0.9074  0.2579  0.3318
Y  0.3529  0.8963  0.2685
Z -0.2281  0.3607 -0.9043

PART 33
OFFSET  17.5065 -2.9152 -5.3160
X  0.4850 -0.7933 -0.3681
Y  0.8348  0.5454 -0.0755
Z  0.2606 -0.2707  0.9267

PART 34
OFFSET  17.8037 -2.2851 -6.3292
X  0.0185  0.4248 -0.9051
Y -0.0502  0.9045  0.4235
Z  0.9986  0.0376  0.0381

PART 35
OFFSET  8.3599 -2.5687 -5.1035
X  0.9910  0.0000  0.1335
Y -0.0271  0.9791  0.2014
Z -0.1307 -0.2032  0.9704

PART 36
OFFSET  8.3599 -2.5687 -5.1035
X  0.9910  0.0000  0.1335
Y -0.0271  0.9791  0.2014
Z -0.1307 -0.2032  0.9704

PART 37
OFFSET  13.3125 -3.3236 -2.1650
X  0.9882 -0.0042  0.1533
Y -0.0271  0.9791  0.2014
Z -0.1509 -0.2032  0.9674

PART 38
OFFSET  12.4971 -2.6107 -4.2674
X  0.9910  0.0000  0.1335
Y -0.0271  0.9791  0.2014
Z -0.1307 -0.2032  0.9704

PART 39
OFFSET  28.4576 -2.3319 -3.4694
X  0.9910  0.0000  0.1335
Y -0.0271  0.9791  0.2014
Z -0.1307 -0.2032  0.9704

PART 40
OFFSET  0.6269 -1.7957 -9.9029
X  0.9910  0.0000  0.1335
Y -0.0271  0.9791  0.2014
Z -0.1307 -0.2032  0.9704

PART 41
OFFSET  20.7975 -2.3646 -4.4072
X  0.9910  0.0000  0.1335
Y -0.0271  0.9791  0.2014
Z -0.1307 -0.2032  0.9704

PART 42
OFFSET  23.4909 -2.3397 -4.1788
X  0.9910  0.0000  0.1335
Y -0.0271  0.9791  0.2014
Z -0.1307 -0.2032  0.9704

PART 43
OFFSET  27.8557 -2.3397 -3.5908
X  0.9910  0.0000  0.1335
Y -0.0271  0.9791  0.2014
Z -0.1307 -0.2032  0.9704

PART 44
OFFSET -17.6076 -4.8127 -7.0611
X -0.8904  0.0424  0.4533
Y -0.1780 -0.9488 -0.2608
Z  0.4190 -0.3129  0.8524

PART 45
OFFSET -6.8396 -5.3253 -12.5429
X -0.9306 -0.1312 -0.3417
Y  0.3610 -0.1748 -0.9161
Z  0.0605 -0.9758  0.2101

PART 46
OFFSET  1.0757 -4.2092 -9.6370
X -0.9306 -0.1312 -0.3417
Y  0.3464 -0.0142 -0.9380
Z  0.1182 -0.9913  0.0587

PART 47
OFFSET  2.0963 -2.7333 -8.7739
X -0.9329 -0.1273 -0.3369
Y -0.0629  0.9787 -0.1954
Z  0.3546 -0.1611 -0.9210

PART 48
OFFSET  2.1630 -3.2055 -7.6512
X -0.9329 -0.1273 -0.3369
Y -0.0629  0.9787 -0.1954
Z  0.3546 -0.1611 -0.9210

PART 49
OFFSET  2.3886 -4.5424 -7.4633
X -0.9329 -0.1273 -0.3369
Y -0.0629  0.9787 -0.1954
Z  0.3546 -0.1611 -0.9210

PART 50
OFFSET  3.9287 -3.8069 -8.5896
X -0.9079 -0.0856 -0.4103
Y  0.4104  0.0177 -0.9117
Z  0.0853 -0.9962  0.0191

PART 51
OFFSET  3.9061 -3.3765 -7.5330
X -0.4052 -0.5545 -0.7269
Y  0.6709  0.3598 -0.6484
Z  0.6211 -0.7504  0.2262

PART 52
OFFSET  4.6790 -2.1741 -5.9123
X -0.9183 -0.3923  0.0540
Y  0.0671 -0.2885 -0.9551
Z  0.3902 -0.8734  0.2913

PART 53
OFFSET  6.1217 -1.4602 -6.0890
X -0.6387 -0.1928  0.7449
Y -0.5768 -0.5207 -0.6294
Z  0.5092 -0.8317  0.2214

PART 54
OFFSET  6.7989 -1.2048 -6.8940
X -0.9175  0.2846  0.2780
Y  0.1547  0.8989 -0.4099
Z -0.3665 -0.3331 -0.8687

PART 55
OFFSET  5.1192 -3.5143 -9.2226
X -0.9485 -0.3133  0.0466
Y  0.3158 -0.9468  0.0623
Z  0.0246  0.0738  0.9970

PART 56
OFFSET  7.2152 -2.6836 -9.1898
X -0.0874 -0.9851 -0.1480
Y  0.9807 -0.0590 -0.1865
Z  0.1750 -0.1615  0.9712

PART 57
OFFSET  7.3390 -1.2889 -8.9802
X  0.8095 -0.5364 -0.2387
Y  0.5685  0.8176  0.0910
Z  0.1463 -0.2093  0.9668

PART 58
OFFSET  6.6212 -0.8133 -8.7686
X  0.9278  0.3553 -0.1139
Y -0.3286  0.9227  0.2014
Z  0.1767 -0.1495  0.9729

PART 59
OFFSET  5.7398 -1.1509 -8.6604
X -0.5289 -0.8294 -0.1800
Y -0.8228  0.4491  0.3483
Z -0.2080  0.3323 -0.9199

PART 60
OFFSET  5.0580 -3.6463 -8.5237
X -0.9588 -0.2467 -0.1408
Y  0.2368 -0.9680  0.0836
Z -0.1569  0.0468  0.9865

PART 61
OFFSET  7.5750 -3.0343 -8.3029
X -0.1291 -0.9910 -0.0365
Y  0.9745 -0.1199 -0.1896
Z  0.1835 -0.0601  0.9812

PART 62
OFFSET  7.7948 -1.3472 -8.2407
X  0.9149 -0.3555 -0.1910
Y  0.3652  0.9308  0.0170
Z  0.1718 -0.0853  0.9814

PART 63
OFFSET  6.5268 -0.8545 -7.9759
X  0.8513  0.5150 -0.1000
Y -0.4977  0.8531  0.1566
Z  0.1660 -0.0835  0.9826

PART 64
OFFSET  5.6034 -1.4130 -7.8674
X -0.4051 -0.9134  0.0408
Y -0.9023  0.4066  0.1432
Z -0.1474  0.0212 -0.9888

PART 65
OFFSET -0.1513 -4.7120 -9.5161
X -0.9099 -0.3609 -0.2044
Y -0.3293  0.9282 -0.1731
Z  0.2522 -0.0902 -0.9635

PART 66
OFFSET  7.1886 -3.8570 -6.2961
X -0.9568  0.0178 -0.2903
Y  0.0117 -0.9950 -0.0996
Z -0.2906 -0.0987  0.9517

PART 67
OFFSET  8.8732 -3.8883 -5.7849
X -0.3497 -0.9250 -0.1482
Y  0.8920 -0.3772  0.2493
Z -0.2865 -0.0450  0.9570

PART 68
OFFSET  9.2809 -2.7665 -5.5466
X  0.0632 -0.9927 -0.1029
Y  0.9543  0.0299  0.2973
Z -0.2921 -0.1170  0.9492

PART 69
OFFSET  9.2095 -1.6453 -5.4304
X -0.9642  0.2632  0.0321
Y  0.2647  0.9625  0.0592
Z -0.0153  0.0656 -0.9977

PART 70
OFFSET  7.5217 -3.6683 -7.3324
X -0.2629 -0.9647 -0.0159
Y  0.9648 -0.2631  0.0065
Z -0.0105 -0.0136  0.9999

PART 71
OFFSET  8.0354 -1.7837 -7.3014
X  0.8367 -0.5477 -0.0029
Y  0.5475  0.8364 -0.0256
Z  0.0165  0.0198  0.9997

PART 72
OFFSET  6.8133 -0.9837 -7.2971
X  0.9004  0.4315 -0.0546
Y -0.4344  0.8987 -0.0605
Z  0.0230  0.0782  0.9967

PART 73
OFFSET  5.7931 -1.4724 -7.2423
X -0.4145 -0.9099  0.0168
Y -0.9078  0.4147  0.0632
Z -0.0645  0.0109 -0.9979

PART 74
OFFSET  0.0000 -0.0000 -0.0000
X  1.0000 -0.0000  0.0000
Y  0.0000  1.0000  0.0000
Z  0.0000 -0.0000  1.0000

PART 75
OFFSET  0.0000 -0.0000 -0.0000
X  1.0000 -0.0000  0.0000
Y  0.0000  1.0000  0.0000
Z  0.0000 -0.0000  1.0000

PART 76
OFFSET  1.5404 -0.0000  4.1357
X  1.0000 -0.0000  0.0000
Y  0.0000  1.0000  0.0000
Z  0.0000 -0.0000  1.0000


NUMKEYS 0
