// Export filename: `C:\projects\cod\t5\xanim_export\t5_viewmodels\ak47\ak47_grip_pullout_quick.XANIM_EXPORT`
// Source filename: `D:\projects\devanim\t5\animation_assets\viewmodels/ak47/grip_set/ak47_GRIP_pullout_quick.fbx`
// Export time: Mon Oct 12 22:37:00 2009

ANIMATION
VERSION 3

NUMPARTS 75
PART 0 "J_Shoulder_RI"
PART 1 "J_Elbow_RI"
PART 2 "tag_cambone"
PART 3 "tag_camera"
PART 4 "tag_gasmask"
PART 5 "tag_ads"
PART 6 "tag_torso"
PART 7 "J_Shoulder_LE"
PART 8 "J_Elbow_LE"
PART 9 "J_WristTwist_LE"
PART 10 "J_Sleave_Reshape_Bottom_LE_1"
PART 11 "J_Sleave_Reshape_Bottom_LE_2"
PART 12 "J_Sleave_Reshape_Top_LE_1"
PART 13 "J_Sleave_Reshape_Top_LE_2"
PART 14 "J_Sleave_Reshape_Top_LE_3"
PART 15 "J_Thumb_LE_0"
PART 16 "J_Thumb_LE_1"
PART 17 "J_Thumb_LE_2"
PART 18 "J_Thumb_LE_3"
PART 19 "J_PinkyPalm_LE"
PART 20 "J_Pinky_LE_0"
PART 21 "J_Pinky_LE_1"
PART 22 "J_Pinky_LE_2"
PART 23 "J_Pinky_LE_3"
PART 24 "J_RingPalm_LE"
PART 25 "J_Ring_LE_0"
PART 26 "J_Ring_LE_1"
PART 27 "J_Ring_LE_2"
PART 28 "J_Webbing_LE"
PART 29 "J_Index_LE_2"
PART 30 "J_Mid_LE_0"
PART 31 "J_Wrist_LE"
PART 32 "J_Index_LE_0"
PART 33 "J_Index_LE_1"
PART 34 "J_Mid_LE_1"
PART 35 "tag_weapon"
PART 36 "J_Ring_LE_3"
PART 37 "tag_knife_attach"
PART 38 "J_Mid_LE_3"
PART 39 "J_Mid_LE_2"
PART 40 "J_Index_LE_3"
PART 41 "J_WristTwist_RI"
PART 42 "J_Sleave_Reshape_Top_RI_3"
PART 43 "J_Sleave_Reshape_Top_RI_2"
PART 44 "J_Sleave_Reshape_Top_RI_1"
PART 45 "J_Wrist_RI"
PART 46 "J_Thumb_RI_0"
PART 47 "J_Thumb_RI_1"
PART 48 "J_Thumb_RI_2"
PART 49 "J_Thumb_RI_3"
PART 50 "J_PinkyPalm_RI"
PART 51 "J_Pinky_RI_0"
PART 52 "J_Pinky_RI_1"
PART 53 "J_Pinky_RI_2"
PART 54 "J_Pinky_RI_3"
PART 55 "J_RingPalm_RI"
PART 56 "J_Ring_RI_0"
PART 57 "J_Ring_RI_1"
PART 58 "J_Ring_RI_2"
PART 59 "J_Ring_RI_3"
PART 60 "J_Webbing_RI"
PART 61 "J_Index_RI_0"
PART 62 "J_Index_RI_1"
PART 63 "J_Index_RI_2"
PART 64 "J_Index_RI_3"
PART 65 "J_Mid_RI_0"
PART 66 "J_Mid_RI_1"
PART 67 "J_Mid_RI_2"
PART 68 "J_Mid_RI_3"
PART 69 "J_Gun"
PART 70 "J_Bolt2"
PART 71 "TAG_CLIP"
PART 72 "J_Trigger"
PART 73 "TAG_BRASS"
PART 74 "TAG_FLASH"

FRAMERATE 30
NUMFRAMES 31

FRAME 456
PART 0
OFFSET -7.2604 -4.8127 -5.4071
X  0.2061  0.2288  0.9514
Y -0.9637  0.2161  0.1568
Z -0.1697 -0.9492  0.2651

PART 1
OFFSET -9.7527 -7.5804 -16.9132
X -0.4011  0.7246 -0.5605
Y -0.0286 -0.6215 -0.7829
Z -0.9156 -0.2979  0.2700

PART 2
OFFSET  0.0000 -0.0000 -0.0000
X  1.0000 -0.0000  0.0000
Y  0.0000  1.0000  0.0000
Z  0.0000 -0.0000  1.0000

PART 3
OFFSET  0.0000 -0.0000 -0.0000
X  1.0000 -0.0000  0.0000
Y  0.0000  1.0000  0.0000
Z  0.0000 -0.0000  1.0000

PART 4
OFFSET  1.5404 -0.0000  4.1357
X  1.0000 -0.0000  0.0000
Y  0.0000  1.0000  0.0000
Z  0.0000 -0.0000  1.0000

PART 5
OFFSET  0.0000 -0.0000  0.0000
X  1.0000 -0.0000  0.0000
Y  0.0000  1.0000  0.0000
Z  0.0000 -0.0000  1.0000

PART 6
OFFSET -4.6318 -0.0000 -1.3770
X  1.0000 -0.0000  0.0000
Y  0.0000  1.0000  0.0000
Z  0.0000 -0.0000  1.0000

PART 7
OFFSET -3.5060  6.3408 -6.7125
X -0.1648  0.7531 -0.6369
Y  0.1396 -0.6214 -0.7709
Z -0.9764 -0.2160 -0.0027

PART 8
OFFSET -5.4997  15.4488 -14.4152
X  0.9133 -0.1410 -0.3822
Y  0.1527 -0.7513  0.6421
Z -0.3776 -0.6447 -0.6646

PART 9
OFFSET  2.2682  14.2498 -17.6656
X  0.9133 -0.1410 -0.3822
Y  0.1556 -0.7464  0.6471
Z -0.3765 -0.6504 -0.6597

PART 10
OFFSET  3.7217  15.4258 -18.2810
X  0.9134 -0.1347 -0.3842
Y  0.3728  0.6559  0.6564
Z  0.1636 -0.7428  0.6493

PART 11
OFFSET  2.7268  14.5793 -19.3448
X  0.9134 -0.1347 -0.3842
Y  0.3728  0.6559  0.6564
Z  0.1636 -0.7428  0.6493

PART 12
OFFSET  4.5468  13.3716 -16.9250
X  0.9134 -0.1347 -0.3842
Y  0.3728  0.6559  0.6564
Z  0.1636 -0.7428  0.6493

PART 13
OFFSET  3.9899  12.3715 -17.6263
X  0.9134 -0.1347 -0.3842
Y  0.3728  0.6559  0.6564
Z  0.1636 -0.7428  0.6493

PART 14
OFFSET  3.2622  12.7533 -18.5012
X  0.9134 -0.1347 -0.3842
Y  0.3728  0.6559  0.6564
Z  0.1636 -0.7428  0.6493

PART 15
OFFSET  4.5351  12.9232 -18.3700
X  0.1710 -0.9658 -0.1948
Y -0.8021 -0.2513  0.5417
Z -0.5722  0.0636 -0.8177

PART 16
OFFSET  4.7922  10.8175 -18.7818
X  0.3163 -0.9486  0.0123
Y -0.9173 -0.3025  0.2591
Z -0.2421 -0.0933 -0.9658

PART 17
OFFSET  5.3303  9.2938 -18.8855
X -0.0307 -0.9921 -0.1212
Y -0.9074 -0.0232  0.4196
Z -0.4191  0.1229 -0.8996

PART 18
OFFSET  5.2626  8.2261 -19.0506
X  0.0596 -0.8161  0.5748
Y  0.6076  0.4865  0.6277
Z -0.7920  0.3119  0.5249

PART 19
OFFSET  6.3551  13.4917 -19.2122
X  0.8750 -0.4825  0.0391
Y -0.3797 -0.7342 -0.5628
Z  0.3002  0.4776 -0.8257

PART 20
OFFSET  8.2309  12.2481 -19.0731
X  0.8375 -0.4842 -0.2531
Y -0.5464 -0.7451 -0.3825
Z -0.0034  0.4587 -0.8886

PART 21
OFFSET  9.4166  11.5625 -19.4315
X  0.2469 -0.8699 -0.4271
Y -0.9676 -0.1975 -0.1570
Z  0.0522  0.4520 -0.8905

PART 22
OFFSET  9.6355  10.7912 -19.8102
X -0.2072 -0.8772 -0.4332
Y -0.9782  0.1791  0.1052
Z -0.0147  0.4456 -0.8951

PART 23
OFFSET  9.4387  9.9579 -20.2217
X  0.7747  0.4940  0.3947
Y -0.6070  0.7560  0.2451
Z -0.1773 -0.4295  0.8855

PART 24
OFFSET  6.0244  13.2248 -18.6386
X  0.8230 -0.5134  0.2432
Y -0.1983 -0.6609 -0.7238
Z  0.5323  0.5475 -0.6457

PART 25
OFFSET  8.1708  11.8474 -18.1345
X  0.8267 -0.5247 -0.2031
Y -0.5165 -0.5645 -0.6439
Z  0.2232  0.6371 -0.7377

PART 26
OFFSET  9.5782  10.9540 -18.4802
X  0.3959 -0.7610 -0.5139
Y -0.8834 -0.1628 -0.4394
Z  0.2508  0.6279 -0.7368

PART 27
OFFSET  10.1269  9.8993 -19.1924
X  0.0667 -0.7668 -0.6384
Y -0.9666  0.1090 -0.2319
Z  0.2474  0.6325 -0.7340

PART 28
OFFSET  5.6838  10.9364 -16.9317
X  0.6715 -0.7320  0.1155
Y  0.3611  0.4593  0.8116
Z -0.6471 -0.5032  0.5727

PART 29
OFFSET  9.1914  9.3218 -16.4069
X  0.4778 -0.8630 -0.1641
Y -0.7471 -0.3009 -0.5928
Z  0.4621  0.4059 -0.7885

PART 30
OFFSET  7.7233  11.6244 -17.2097
X  0.8072 -0.5782 -0.1186
Y -0.4898 -0.5441 -0.6811
Z  0.3293  0.6079 -0.7225

PART 31
OFFSET  5.0680  13.8176 -18.8372
X  0.6241 -0.6428  0.4442
Y -0.7501 -0.3338  0.5709
Z -0.2187 -0.6895 -0.6905

PART 32
OFFSET  7.0154  11.3174 -16.4192
X  0.7880 -0.6112  0.0744
Y -0.4592 -0.6639 -0.5903
Z  0.4102  0.4310 -0.8038

PART 33
OFFSET  8.4027  10.2413 -16.2882
X  0.6686 -0.7311 -0.1359
Y -0.6282 -0.4576 -0.6292
Z  0.3978  0.5061 -0.7653

PART 34
OFFSET  9.3003  10.4948 -17.4414
X  0.5727 -0.7221 -0.3880
Y -0.7692 -0.3097 -0.5589
Z  0.2834  0.6186 -0.7328

PART 35
OFFSET  0.2396 -18.0192 -9.7489
X  0.7936 -0.4370 -0.4235
Y  0.5820  0.7481  0.3188
Z  0.1775 -0.4995  0.8480

PART 36
OFFSET  10.1992  9.0676 -19.8848
X  0.5097  0.5971  0.6194
Y -0.8399  0.5015  0.2076
Z -0.1866 -0.6260  0.7571

PART 37
OFFSET  6.8311  11.2041 -18.9930
X  0.4796  0.5403 -0.6914
Y  0.2187  0.6894  0.6905
Z  0.8498 -0.4824  0.2125

PART 38
OFFSET  10.4574  8.5630 -18.6491
X  0.3642  0.6075  0.7059
Y -0.8735  0.4857  0.0327
Z -0.3230 -0.6285  0.7075

PART 39
OFFSET  10.1368  9.4401 -18.0082
X  0.2810 -0.7783 -0.5615
Y -0.9310 -0.0790 -0.3564
Z  0.2330  0.6229 -0.7468

PART 40
OFFSET  9.7311  8.3470 -16.5923
X  0.6488  0.6667  0.3667
Y -0.7367  0.6711  0.0833
Z -0.1906 -0.3242  0.9266

PART 41
OFFSET -6.3416 -13.7433 -12.1461
X -0.4011  0.7246 -0.5605
Y  0.6464 -0.2097 -0.7336
Z -0.6491 -0.6565 -0.3842

PART 42
OFFSET -4.4396 -14.0203 -11.2995
X -0.3982  0.7292 -0.5566
Y  0.9171  0.3049 -0.2566
Z -0.0174 -0.6126 -0.7902

PART 43
OFFSET -5.0195 -14.0150 -10.1950
X -0.3982  0.7292 -0.5566
Y  0.9171  0.3049 -0.2566
Z -0.0174 -0.6126 -0.7902

PART 44
OFFSET -6.5744 -14.7067 -9.8027
X -0.3982  0.7292 -0.5566
Y  0.9171  0.3049 -0.2566
Z -0.0174 -0.6126 -0.7902

PART 45
OFFSET -5.1121 -15.9646 -10.4279
X -0.8866  0.4419  0.1368
Y -0.0443  0.2132 -0.9760
Z -0.4604 -0.8714 -0.1694

PART 46
OFFSET -4.4814 -16.0113 -9.4780
X -0.8863 -0.0200 -0.4627
Y  0.4371  0.2942 -0.8500
Z  0.1531 -0.9555 -0.2520

PART 47
OFFSET -2.6210 -15.9443 -8.3807
X -0.8744  0.0079  0.4851
Y -0.4815  0.1081 -0.8697
Z -0.0593 -0.9941 -0.0907

PART 48
OFFSET -1.2314 -15.8393 -9.2055
X -0.2858 -0.2052  0.9361
Y -0.9580  0.0366 -0.2844
Z  0.0241 -0.9780 -0.2070

PART 49
OFFSET -0.9072 -15.5733 -10.2035
X -0.4238  0.4843  0.7654
Y  0.4334  0.8504 -0.2982
Z -0.7953  0.2053 -0.5704

PART 50
OFFSET -4.3163 -15.9342 -11.5545
X -0.8578  0.0885  0.5064
Y -0.2447 -0.9366 -0.2509
Z  0.4520 -0.3391  0.8250

PART 51
OFFSET -2.2932 -16.0677 -12.5413
X -0.6497 -0.7296 -0.2136
Y  0.6278 -0.3565 -0.6919
Z  0.4287 -0.5836  0.6897

PART 52
OFFSET -1.3733 -15.0348 -12.2389
X  0.2243 -0.6678 -0.7098
Y  0.8974  0.4254 -0.1166
Z  0.3798 -0.6108  0.6947

PART 53
OFFSET -1.5723 -14.4427 -11.6097
X  0.8381 -0.0190 -0.5452
Y  0.3266  0.8180  0.4735
Z  0.4370 -0.5749  0.6918

PART 54
OFFSET -2.3685 -14.4246 -11.0918
X -0.9092 -0.4158  0.0197
Y -0.2376  0.5571  0.7957
Z -0.3419  0.7188 -0.6053

PART 55
OFFSET -4.1561 -16.2947 -10.9596
X -0.9040  0.2216  0.3655
Y -0.3067 -0.9319 -0.1936
Z  0.2977 -0.2871  0.9105

PART 56
OFFSET -1.8608 -16.8478 -12.0478
X -0.6399 -0.7620 -0.0994
Y  0.5894 -0.4037 -0.6997
Z  0.4930 -0.5064  0.7075

PART 57
OFFSET -0.7713 -15.5505 -11.8785
X  0.4185 -0.5765 -0.7018
Y  0.7766  0.6278 -0.0526
Z  0.4709 -0.5230  0.7105

PART 58
OFFSET -1.3513 -14.7516 -10.9059
X  0.8717  0.1383 -0.4701
Y  0.1454  0.8431  0.5177
Z  0.4679 -0.5197  0.7148

PART 59
OFFSET -2.2967 -14.9016 -10.3961
X -0.7742 -0.6205  0.1245
Y -0.4007  0.6330  0.6624
Z -0.4898  0.4629 -0.7387

PART 60
OFFSET -9.0113 -14.7728 -9.1240
X -0.9536  0.1322  0.2704
Y  0.1808  0.9698  0.1635
Z -0.2406  0.2048 -0.9488

PART 61
OFFSET -1.7952 -18.1711 -10.2878
X -0.8205  0.5000  0.2772
Y -0.5617 -0.7953 -0.2281
Z  0.1064 -0.3429  0.9333

PART 62
OFFSET -0.3506 -19.0514 -10.7759
X -0.8138 -0.5776 -0.0637
Y  0.5640 -0.7585 -0.3265
Z  0.1403 -0.3016  0.9431

PART 63
OFFSET  0.6472 -18.3675 -10.6412
X -0.5235 -0.8120 -0.2582
Y  0.8468 -0.4621 -0.2635
Z  0.0946 -0.3565  0.9295

PART 64
OFFSET  1.2384 -17.4503 -10.3496
X -0.5674  0.5812  0.5833
Y  0.7351  0.6767  0.0408
Z -0.3710  0.4520 -0.8112

PART 65
OFFSET -1.8553 -17.7364 -11.3017
X -0.7178 -0.6963 -0.0063
Y  0.5832 -0.5963 -0.5516
Z  0.3803 -0.3996  0.8341

PART 66
OFFSET -0.4531 -16.3762 -11.2894
X  0.3318 -0.7802 -0.5302
Y  0.8456  0.4952 -0.1995
Z  0.4182 -0.3821  0.8240

PART 67
OFFSET -0.9377 -15.2366 -10.5149
X  0.8818  0.0318 -0.4705
Y  0.1312  0.9418  0.3097
Z  0.4529 -0.3348  0.8263

PART 68
OFFSET -1.9396 -15.2696 -9.9877
X -0.7889 -0.6045  0.1102
Y -0.4321  0.6733  0.5999
Z -0.4368  0.4257 -0.7924

PART 69
OFFSET  0.2396 -18.0192 -9.7489
X  0.7936 -0.4370 -0.4235
Y  0.5820  0.7481  0.3188
Z  0.1775 -0.4995  0.8480

PART 70
OFFSET  4.7068 -21.7270 -10.0877
X  0.7970 -0.4471 -0.4061
Y  0.5821  0.7481  0.3187
Z  0.1613 -0.4904  0.8564

PART 71
OFFSET  3.6401 -19.9877 -11.2910
X  0.7936 -0.4370 -0.4235
Y  0.5820  0.7481  0.3188
Z  0.1775 -0.4995  0.8480

PART 72
OFFSET  1.9436 -18.5024 -11.7263
X  0.7936 -0.4370 -0.4235
Y  0.5820  0.7481  0.3188
Z  0.1775 -0.4995  0.8480

PART 73
OFFSET  4.9214 -22.4613 -10.4978
X -0.3749 -0.8993  0.2253
Y  0.7936 -0.4370 -0.4235
Z  0.4793  0.0200  0.8774

PART 74
OFFSET  20.6501 -29.7851 -19.3548
X  0.7936 -0.4370 -0.4235
Y  0.5820  0.7481  0.3188
Z  0.1775 -0.4995  0.8480


FRAME 457
PART 0
OFFSET -7.2604 -4.8127 -5.4071
X  0.3249  0.2544  0.9109
Y -0.9444  0.1378  0.2984
Z -0.0496 -0.9572  0.2850

PART 1
OFFSET -11.1896 -7.8893 -16.4234
X -0.5398  0.6702 -0.5094
Y -0.0813 -0.6438 -0.7609
Z -0.8378 -0.3694  0.4020

PART 2
OFFSET  0.0000 -0.0000 -0.0000
X  1.0000 -0.0000  0.0000
Y  0.0000  1.0000  0.0000
Z  0.0000 -0.0000  1.0000

PART 3
OFFSET  0.0000 -0.0000 -0.0000
X  1.0000 -0.0000  0.0000
Y  0.0000  1.0000  0.0000
Z  0.0000 -0.0000  1.0000

PART 4
OFFSET  1.5404 -0.0000  4.1357
X  1.0000 -0.0000  0.0000
Y  0.0000  1.0000  0.0000
Z  0.0000 -0.0000  1.0000

PART 5
OFFSET  0.0000 -0.0000  0.0000
X  1.0000 -0.0000  0.0000
Y  0.0000  1.0000  0.0000
Z  0.0000 -0.0000  1.0000

PART 6
OFFSET -4.6318 -0.0000 -1.3770
X  1.0000 -0.0000  0.0000
Y  0.0000  1.0000  0.0000
Z  0.0000 -0.0000  1.0000

PART 7
OFFSET -3.5060  6.3408 -6.7125
X -0.1570  0.7519 -0.6403
Y  0.1621 -0.6199 -0.7677
Z -0.9742 -0.2243 -0.0245

PART 8
OFFSET -5.4050  15.4343 -14.4561
X  0.9268 -0.1562 -0.3415
Y  0.1160 -0.7457  0.6561
Z -0.3571 -0.6477 -0.6730

PART 9
OFFSET  2.4780  14.1057 -17.3605
X  0.9268 -0.1562 -0.3415
Y  0.1289 -0.7217  0.6801
Z -0.3527 -0.6744 -0.6487

PART 10
OFFSET  3.9714  15.2611 -17.9262
X  0.9271 -0.1500 -0.3436
Y  0.3528  0.6588  0.6645
Z  0.1267 -0.7372  0.6637

PART 11
OFFSET  3.0114  14.4105 -19.0221
X  0.9271 -0.1500 -0.3436
Y  0.3528  0.6588  0.6645
Z  0.1267 -0.7372  0.6637

PART 12
OFFSET  4.7118  13.2083 -16.5148
X  0.9271 -0.1500 -0.3436
Y  0.3528  0.6588  0.6645
Z  0.1267 -0.7372  0.6637

PART 13
OFFSET  4.1782  12.2153 -17.2173
X  0.9271 -0.1500 -0.3436
Y  0.3528  0.6588  0.6645
Z  0.1267 -0.7372  0.6637

PART 14
OFFSET  3.4878  12.5880 -18.1368
X  0.9271 -0.1500 -0.3436
Y  0.3528  0.6588  0.6645
Z  0.1267 -0.7372  0.6637

PART 15
OFFSET  4.7842  12.7535 -17.9040
X  0.1604 -0.9737 -0.1616
Y -0.7974 -0.2243  0.5602
Z -0.5818  0.0390 -0.8124

PART 16
OFFSET  5.0184  10.6320 -18.2419
X  0.3174 -0.9476  0.0371
Y -0.9136 -0.2950  0.2800
Z -0.2544 -0.1228 -0.9593

PART 17
OFFSET  5.5567  9.1061 -18.3061
X -0.0067 -0.9947 -0.1023
Y -0.9024 -0.0380  0.4292
Z -0.4308  0.0952 -0.8974

PART 18
OFFSET  5.5144  8.0342 -18.4505
X  0.0858 -0.8033  0.5894
Y  0.6012  0.5135  0.6123
Z -0.7945  0.3018  0.5270

PART 19
OFFSET  6.5991  13.2769 -18.7856
X  0.8713 -0.4886  0.0455
Y -0.3925 -0.7495 -0.5332
Z  0.2946  0.4467 -0.8448

PART 20
OFFSET  8.4658  12.0221 -18.6257
X  0.8197 -0.5167 -0.2474
Y -0.5729 -0.7401 -0.3522
Z -0.0011  0.4304 -0.9026

PART 21
OFFSET  9.6262  11.2906 -18.9759
X  0.1985 -0.8928 -0.4044
Y -0.9786 -0.1577 -0.1322
Z  0.0542  0.4220 -0.9050

PART 22
OFFSET  9.8022  10.4990 -19.3345
X -0.2565 -0.8792 -0.4015
Y -0.9664  0.2278  0.1188
Z -0.0130  0.4185 -0.9081

PART 23
OFFSET  9.5585  9.6637 -19.7159
X  0.8048  0.4690  0.3638
Y -0.5662  0.7906  0.2333
Z -0.1782 -0.3937  0.9018

PART 24
OFFSET  6.2729  13.0325 -18.1996
X  0.8214 -0.5121  0.2512
Y -0.2123 -0.6832 -0.6987
Z  0.5294  0.5205 -0.6699

PART 25
OFFSET  8.4132  11.6540 -17.6733
X  0.8089 -0.5529 -0.2002
Y -0.5426 -0.5707 -0.6163
Z  0.2265  0.6071 -0.7616

PART 26
OFFSET  9.7903  10.7127 -18.0142
X  0.3485 -0.7903 -0.5041
Y -0.9023 -0.1372 -0.4087
Z  0.2538  0.5972 -0.7609

PART 27
OFFSET  10.2732  9.6175 -18.7128
X  0.0018 -0.7834 -0.6215
Y -0.9681  0.1544 -0.1975
Z  0.2507  0.6020 -0.7581

PART 28
OFFSET  5.9326  10.8065 -16.4120
X  0.6665 -0.7336  0.1327
Y  0.3744  0.4833  0.7913
Z -0.6446 -0.4778  0.5968

PART 29
OFFSET  9.4313  9.1788 -15.8716
X  0.4659 -0.8733 -0.1423
Y -0.7574 -0.3104 -0.5745
Z  0.4576  0.3754 -0.8060

PART 30
OFFSET  7.9747  11.4664 -16.7365
X  0.7918 -0.5998 -0.1153
Y -0.5146 -0.5535 -0.6549
Z  0.3289  0.5779 -0.7469

PART 31
OFFSET  5.3193  13.6268 -18.4073
X  0.6237 -0.6329  0.4587
Y -0.7462 -0.3076  0.5904
Z -0.2326 -0.7105 -0.6641

PART 32
OFFSET  7.2734  11.1927 -15.9280
X  0.7836 -0.6152  0.0871
Y -0.4705 -0.6791 -0.5634
Z  0.4058  0.4005 -0.8216

PART 33
OFFSET  8.6530  10.1096 -15.7746
X  0.6600 -0.7418 -0.1190
Y -0.6394 -0.4714 -0.6074
Z  0.3945  0.4770 -0.7854

PART 34
OFFSET  9.5216  10.2948 -16.9618
X  0.5288 -0.7541 -0.3896
Y -0.8002 -0.2899 -0.5250
Z  0.2830  0.5894 -0.7567

PART 35
OFFSET  0.4220 -17.5934 -9.4679
X  0.8232 -0.4373 -0.3620
Y  0.5513  0.7683  0.3253
Z  0.1359 -0.4674  0.8735

PART 36
OFFSET  10.2752  8.7679 -19.3868
X  0.5638  0.5833  0.5847
Y -0.8040  0.5495  0.2271
Z -0.1888 -0.5982  0.7788

PART 37
OFFSET  7.0580  10.9938 -18.4941
X  0.4761  0.5123 -0.7148
Y  0.2326  0.7105  0.6642
Z  0.8481 -0.4825  0.2191

PART 38
OFFSET  10.5424  8.2887 -18.1654
X  0.4240  0.6016  0.6770
Y -0.8457  0.5305  0.0583
Z -0.3241 -0.5972  0.7337

PART 39
OFFSET  10.2939  9.1933 -17.5308
X  0.2173 -0.8025 -0.5557
Y -0.9480 -0.0380 -0.3159
Z  0.2324  0.5955 -0.7691

PART 40
OFFSET  9.9575  8.1924 -16.0323
X  0.6607  0.6701  0.3382
Y -0.7278  0.6821  0.0704
Z -0.1835 -0.2927  0.9384

PART 41
OFFSET -6.5980 -13.5894 -12.0911
X -0.5398  0.6702 -0.5094
Y  0.5736 -0.1500 -0.8053
Z -0.6161 -0.7269 -0.3034

PART 42
OFFSET -4.5660 -13.6735 -11.5319
X -0.5369  0.6751 -0.5060
Y  0.8406  0.3768 -0.3891
Z -0.0720 -0.6342 -0.7698

PART 43
OFFSET -4.9900 -13.6928 -10.3570
X -0.5369  0.6751 -0.5060
Y  0.8406  0.3768 -0.3891
Z -0.0720 -0.6342 -0.7698

PART 44
OFFSET -6.4288 -14.5196 -9.7287
X -0.5369  0.6751 -0.5060
Y  0.8406  0.3768 -0.3891
Z -0.0720 -0.6342 -0.7698

PART 45
OFFSET -4.9430 -15.6440 -10.5296
X -0.8991  0.4322  0.0696
Y  0.0091  0.1774 -0.9841
Z -0.4376 -0.8842 -0.1634

PART 46
OFFSET -4.3676 -15.6466 -9.5441
X -0.8577 -0.0508 -0.5116
Y  0.4812  0.2706 -0.8338
Z  0.1808 -0.9613 -0.2077

PART 47
OFFSET -2.5747 -15.5104 -8.3454
X -0.9010  0.0111  0.4337
Y -0.4320  0.0692 -0.8992
Z -0.0400 -0.9975 -0.0575

PART 48
OFFSET -1.1415 -15.4125 -9.0927
X -0.3364 -0.1762  0.9251
Y -0.9404  0.0110 -0.3399
Z  0.0497 -0.9843 -0.1694

PART 49
OFFSET -0.7640 -15.1772 -10.0796
X -0.4741  0.5045  0.7216
Y  0.4379  0.8461 -0.3038
Z -0.7639  0.1720 -0.6220

PART 50
OFFSET -4.0840 -15.6410 -11.6092
X -0.8867  0.0927  0.4529
Y -0.2167 -0.9488 -0.2300
Z  0.4084 -0.3021  0.8614

PART 51
OFFSET -2.0056 -15.7769 -12.4731
X -0.6260 -0.7471 -0.2235
Y  0.6716 -0.3709 -0.6414
Z  0.3963 -0.5516  0.7340

PART 52
OFFSET -1.1193 -14.7192 -12.1566
X  0.2743 -0.6890 -0.6708
Y  0.8966  0.4354 -0.0806
Z  0.3476 -0.5794  0.7372

PART 53
OFFSET -1.3625 -14.1083 -11.5618
X  0.8684 -0.0250 -0.4953
Y  0.2872  0.8395  0.4612
Z  0.4043 -0.5427  0.7362

PART 54
OFFSET -2.1875 -14.0846 -11.0913
X -0.9029 -0.4294 -0.0171
Y -0.2909  0.5813  0.7599
Z -0.3164  0.6911 -0.6498

PART 55
OFFSET -3.9534 -15.9774 -10.9933
X -0.9267  0.2199  0.3048
Y -0.2819 -0.9431 -0.1765
Z  0.2487 -0.2495  0.9359

PART 56
OFFSET -1.5915 -16.5319 -11.9274
X -0.6224 -0.7752 -0.1079
Y  0.6344 -0.4189 -0.6496
Z  0.4584 -0.4728  0.7526

PART 57
OFFSET -0.5319 -15.2121 -11.7438
X  0.4664 -0.5944 -0.6551
Y  0.7695  0.6379 -0.0310
Z  0.4363 -0.4896  0.7549

PART 58
OFFSET -1.1783 -14.3884 -10.8358
X  0.8954  0.1355 -0.4242
Y  0.1034  0.8633  0.4940
Z  0.4331 -0.4862  0.7590

PART 59
OFFSET -2.1493 -14.5353 -10.3758
X -0.7714 -0.6280  0.1027
Y -0.4472  0.6497  0.6148
Z -0.4528  0.4283 -0.7820

PART 60
OFFSET -8.9273 -14.4694 -9.4951
X -0.9694  0.1264  0.2104
Y  0.1575  0.9778  0.1380
Z -0.1883  0.1669 -0.9678

PART 61
OFFSET -1.6090 -17.7903 -10.1194
X -0.8420  0.4963  0.2113
Y -0.5364 -0.8118 -0.2306
Z  0.0571 -0.3075  0.9498

PART 62
OFFSET -0.1265 -18.6642 -10.4915
X -0.8006 -0.5926 -0.0890
Y  0.5924 -0.7605 -0.2657
Z  0.0898 -0.2654  0.9599

PART 63
OFFSET  0.8522 -17.9598 -10.3251
X -0.4962 -0.8290 -0.2578
Y  0.8670 -0.4575 -0.1975
Z  0.0458 -0.3215  0.9458

PART 64
OFFSET  1.4127 -17.0234 -10.0339
X -0.6082  0.5925  0.5283
Y  0.7220  0.6895  0.0580
Z -0.3299  0.4167 -0.8471

PART 65
OFFSET -1.6166 -17.3931 -11.1503
X -0.7064 -0.7075 -0.0218
Y  0.6224 -0.6062 -0.4952
Z  0.3371 -0.3633  0.8685

PART 66
OFFSET -0.2367 -16.0109 -11.1077
X  0.3728 -0.7933 -0.4815
Y  0.8487  0.5013 -0.1688
Z  0.3753 -0.3457  0.8601

PART 67
OFFSET -0.7811 -14.8523 -10.4045
X  0.9070  0.0292 -0.4201
Y  0.0999  0.9542  0.2820
Z  0.4091 -0.2977  0.8625

PART 68
OFFSET -1.8112 -14.8826 -9.9346
X -0.7854 -0.6128  0.0869
Y -0.4754  0.6873  0.5492
Z -0.3963  0.3900 -0.8312

PART 69
OFFSET  0.4220 -17.5934 -9.4679
X  0.8232 -0.4373 -0.3620
Y  0.5513  0.7683  0.3253
Z  0.1359 -0.4674  0.8735

PART 70
OFFSET  4.9571 -21.2333 -9.4219
X  0.8258 -0.4468 -0.3442
Y  0.5513  0.7683  0.3253
Z  0.1191 -0.4583  0.8808

PART 71
OFFSET  3.9354 -19.5543 -10.7439
X  0.8232 -0.4373 -0.3620
Y  0.5513  0.7683  0.3253
Z  0.1359 -0.4674  0.8735

PART 72
OFFSET  2.2444 -18.1139 -11.3267
X  0.8232 -0.4373 -0.3620
Y  0.5513  0.7683  0.3253
Z  0.1359 -0.4674  0.8735

PART 73
OFFSET  5.2062 -21.9772 -9.7933
X -0.3736 -0.8974  0.2346
Y  0.8232 -0.4373 -0.3621
Z  0.4276  0.0579  0.9021

PART 74
OFFSET  21.5292 -29.3254 -17.4773
X  0.8232 -0.4373 -0.3620
Y  0.5513  0.7683  0.3253
Z  0.1359 -0.4674  0.8735


FRAME 458
PART 0
OFFSET -7.2604 -4.8127 -5.4071
X  0.5302  0.3910  0.7523
Y -0.8011 -0.0598  0.5956
Z  0.2778 -0.9184  0.2815

PART 1
OFFSET -13.6726 -9.5414 -14.5057
X -0.8254  0.4641 -0.3214
Y -0.1374 -0.7174 -0.6830
Z -0.5475 -0.5196  0.6559

PART 2
OFFSET  0.0000 -0.0000 -0.0000
X  1.0000 -0.0000  0.0000
Y  0.0000  1.0000  0.0000
Z  0.0000 -0.0000  1.0000

PART 3
OFFSET  0.0000 -0.0000 -0.0000
X  1.0000 -0.0000  0.0000
Y  0.0000  1.0000  0.0000
Z  0.0000 -0.0000  1.0000

PART 4
OFFSET  1.5404 -0.0000  4.1357
X  1.0000 -0.0000  0.0000
Y  0.0000  1.0000  0.0000
Z  0.0000 -0.0000  1.0000

PART 5
OFFSET  0.0000 -0.0000  0.0000
X  1.0000 -0.0000  0.0000
Y  0.0000  1.0000  0.0000
Z  0.0000 -0.0000  1.0000

PART 6
OFFSET -4.6318 -0.0000 -1.3770
X  1.0000 -0.0000  0.0000
Y  0.0000  1.0000  0.0000
Z  0.0000 -0.0000  1.0000

PART 7
OFFSET -3.5060  6.3408 -6.7125
X -0.1243  0.7480 -0.6520
Y  0.2221 -0.6194 -0.7530
Z -0.9671 -0.2384 -0.0891

PART 8
OFFSET -5.0093  15.3870 -14.5972
X  0.9533 -0.1991 -0.2271
Y  0.0106 -0.7295  0.6839
Z -0.3019 -0.6544 -0.6933

PART 9
OFFSET  3.0989  13.6936 -16.5292
X  0.9533 -0.1991 -0.2271
Y  0.0489 -0.6402  0.7666
Z -0.2981 -0.7419 -0.6006

PART 10
OFFSET  4.7243  14.8358 -16.8572
X  0.9540 -0.1929 -0.2294
Y  0.2990  0.6654  0.6840
Z  0.0207 -0.7211  0.6925

PART 11
OFFSET  3.8319  13.9296 -18.1245
X  0.9540 -0.1929 -0.2294
Y  0.2990  0.6654  0.6840
Z  0.0207 -0.7211  0.6925

PART 12
OFFSET  5.2042  12.7889 -15.3598
X  0.9540 -0.1929 -0.2294
Y  0.2990  0.6654  0.6840
Z  0.0207 -0.7211  0.6925

PART 13
OFFSET  4.7196  11.8350 -16.1183
X  0.9540 -0.1929 -0.2294
Y  0.2990  0.6654  0.6840
Z  0.0207 -0.7211  0.6925

PART 14
OFFSET  4.1321  12.1186 -17.1436
X  0.9540 -0.1929 -0.2294
Y  0.2990  0.6654  0.6840
Z  0.0207 -0.7211  0.6925

PART 15
OFFSET  5.4796  12.2766 -16.6271
X  0.1293 -0.9894 -0.0661
Y -0.7842 -0.1428  0.6039
Z -0.6069 -0.0263 -0.7943

PART 16
OFFSET  5.6466  10.1259 -16.7536
X  0.3194 -0.9413  0.1092
Y -0.9032 -0.2676  0.3355
Z -0.2866 -0.2057 -0.9357

PART 17
OFFSET  6.1841  8.5992 -16.7022
X  0.0545 -0.9974 -0.0476
Y -0.8857 -0.0703  0.4589
Z -0.4610  0.0171 -0.8872

PART 18
OFFSET  6.2068  7.5202 -16.7865
X  0.1539 -0.7617  0.6293
Y  0.5838  0.5840  0.5641
Z -0.7972  0.2806  0.5345

PART 19
OFFSET  7.2792  12.6626 -17.6056
X  0.8592 -0.5073  0.0664
Y -0.4283 -0.7843 -0.4488
Z  0.2798  0.3572 -0.8911

PART 20
OFFSET  9.1164  11.3747 -17.3816
X  0.7663 -0.6035 -0.2201
Y -0.6424 -0.7176 -0.2689
Z  0.0043  0.3475 -0.9377

PART 21
OFFSET  10.2014  10.5202 -17.6933
X  0.0660 -0.9415 -0.3305
Y -0.9961 -0.0427 -0.0773
Z  0.0587  0.3343 -0.9406

PART 22
OFFSET  10.2599  9.6854 -17.9863
X -0.3859 -0.8690 -0.3097
Y -0.9225  0.3604  0.1383
Z -0.0085  0.3391 -0.9407

PART 23
OFFSET  9.8933  8.8599 -18.2805
X  0.8755  0.3894  0.2861
Y -0.4491  0.8741  0.1848
Z -0.1781 -0.2903  0.9402

PART 24
OFFSET  6.9651  12.4836 -16.9901
X  0.8151 -0.5100  0.2747
Y -0.2518 -0.7390 -0.6249
Z  0.5217  0.4401 -0.7308

PART 25
OFFSET  9.0840  11.0987 -16.3977
X  0.7559 -0.6292 -0.1812
Y -0.6116 -0.5798 -0.5382
Z  0.2336  0.5176 -0.8231

PART 26
OFFSET  10.3708  10.0276 -16.7062
X  0.2161 -0.8608 -0.4609
Y -0.9411 -0.0578 -0.3332
Z  0.2601  0.5057 -0.8226

PART 27
OFFSET  10.6703  8.8346 -17.3449
X -0.1715 -0.8110 -0.5593
Y -0.9509  0.2848 -0.1215
Z  0.2578  0.5110 -0.8200

PART 28
OFFSET  6.6225  10.4450 -14.9916
X  0.6509 -0.7370  0.1821
Y  0.4114  0.5440  0.7313
Z -0.6380 -0.4011  0.6573

PART 29
OFFSET  10.0902  8.7734 -14.3980
X  0.4312 -0.8988 -0.0785
Y -0.7843 -0.3304 -0.5250
Z  0.4460  0.2880 -0.8474

PART 30
OFFSET  8.6701  11.0122 -15.4353
X  0.7462 -0.6585 -0.0972
Y -0.5801 -0.5718 -0.5801
Z  0.3264  0.4893 -0.8087

PART 31
OFFSET  6.0214  13.0832 -17.2255
X  0.6210 -0.6051  0.4982
Y -0.7352 -0.2293  0.6378
Z -0.2717 -0.7624 -0.5873

PART 32
OFFSET  7.9874  10.8356 -14.5849
X  0.7697 -0.6260  0.1248
Y -0.5017 -0.7142 -0.4881
Z  0.3947  0.3131 -0.8638

PART 33
OFFSET  9.3426  9.7334 -14.3651
X  0.6343 -0.7700 -0.0688
Y -0.6695 -0.5027 -0.5469
Z  0.3865  0.3929 -0.8344

PART 34
OFFSET  10.1279  9.7257 -15.6252
X  0.4025 -0.8347 -0.3759
Y -0.8714 -0.2234 -0.4368
Z  0.2807  0.5034 -0.8172

PART 35
OFFSET  1.0117 -16.4714 -8.7323
X  0.8851 -0.4259 -0.1874
Y  0.4652  0.8193  0.3353
Z  0.0108 -0.3839  0.9233

PART 36
OFFSET  10.4843  7.9550 -17.9515
X  0.6963  0.5269  0.4873
Y -0.6909  0.6759  0.2564
Z -0.1943 -0.5152  0.8347

PART 37
OFFSET  7.6870  10.4044 -17.1134
X  0.4668  0.4293 -0.7732
Y  0.2717  0.7623  0.5874
Z  0.8416 -0.4843  0.2392

PART 38
OFFSET  10.7658  7.5438 -16.7689
X  0.5739  0.5671  0.5908
Y -0.7519  0.6508  0.1058
Z -0.3245 -0.5049  0.7999

PART 39
OFFSET  10.7157  8.5065 -16.1743
X  0.0422 -0.8532 -0.5200
Y -0.9722  0.0848 -0.2181
Z  0.2302  0.5147 -0.8259

PART 40
OFFSET  10.5773  7.7581 -14.4867
X  0.6931  0.6719  0.2612
Y -0.7016  0.7119  0.0305
Z -0.1654 -0.2044  0.9648

PART 41
OFFSET -6.6521 -13.4888 -11.7720
X -0.8254  0.4641 -0.3214
Y  0.3560 -0.0139 -0.9344
Z -0.4381 -0.8857 -0.1537

PART 42
OFFSET -4.5712 -13.0114 -11.9524
X -0.8230  0.4699 -0.3192
Y  0.5520  0.5288 -0.6447
Z -0.1342 -0.7068 -0.6946

PART 43
OFFSET -4.6124 -13.0393 -10.6975
X -0.8230  0.4699 -0.3192
Y  0.5520  0.5288 -0.6447
Z -0.1342 -0.7068 -0.6946

PART 44
OFFSET -5.5786 -14.1861 -9.5698
X -0.8230  0.4699 -0.3192
Y  0.5520  0.5288 -0.6447
Z -0.1342 -0.7068 -0.6946

PART 45
OFFSET -4.1216 -14.9116 -10.7867
X -0.9147  0.3890 -0.1098
Y  0.1590  0.0966 -0.9825
Z -0.3716 -0.9162 -0.1502

PART 46
OFFSET -3.7110 -14.8036 -9.7275
X -0.7626 -0.1371 -0.6321
Y  0.5972  0.2262 -0.7695
Z  0.2485 -0.9644 -0.0907

PART 47
OFFSET -2.1386 -14.4767 -8.2815
X -0.9583 -0.0004  0.2856
Y -0.2855 -0.0272 -0.9580
Z  0.0081 -0.9996  0.0260

PART 48
OFFSET -0.6095 -14.3657 -8.8027
X -0.4725 -0.1172  0.8735
Y -0.8739 -0.0658 -0.4816
Z  0.1139 -0.9909 -0.0713

PART 49
OFFSET -0.0889 -14.1926 -9.7358
X -0.6021  0.5365  0.5914
Y  0.4478  0.8401 -0.3061
Z -0.6610  0.0805 -0.7461

PART 50
OFFSET -3.1023 -14.9522 -11.7155
X -0.9505  0.0831  0.2994
Y -0.1405 -0.9744 -0.1755
Z  0.2772 -0.2089  0.9378

PART 51
OFFSET -0.9091 -15.0498 -12.2302
X -0.5531 -0.7945 -0.2508
Y  0.7791 -0.3866 -0.4935
Z  0.2952 -0.4684  0.8328

PART 52
OFFSET -0.1260 -13.9251 -11.8752
X  0.4040 -0.7264 -0.5560
Y  0.8806  0.4734  0.0214
Z  0.2477 -0.4983  0.8309

PART 53
OFFSET -0.4843 -13.2812 -11.3821
X  0.9365 -0.0201 -0.3500
Y  0.1775  0.8883  0.4237
Z  0.3024 -0.4589  0.8354

PART 54
OFFSET -1.3740 -13.2620 -11.0496
X -0.8714 -0.4758 -0.1190
Y -0.4305  0.6256  0.6507
Z -0.2351  0.6183 -0.7500

PART 55
OFFSET -3.0587 -15.2299 -11.0594
X -0.9712  0.1956  0.1363
Y -0.2136 -0.9677 -0.1336
Z  0.1057 -0.1589  0.9816

PART 56
OFFSET -0.5586 -15.7352 -11.5617
X -0.5669 -0.8128 -0.1340
Y  0.7455 -0.4370 -0.5032
Z  0.3505 -0.3851  0.8537

PART 57
OFFSET  0.4067 -14.3514 -11.3338
X  0.5874 -0.6209 -0.5191
Y  0.7394  0.6724  0.0324
Z  0.3290 -0.4029  0.8541

PART 58
OFFSET -0.4074 -13.4909 -10.6143
X  0.9457  0.1468 -0.2902
Y -0.0100  0.9050  0.4253
Z  0.3250 -0.3993  0.8573

PART 59
OFFSET -1.4330 -13.6501 -10.2996
X -0.7531 -0.6569  0.0370
Y -0.5641  0.6736  0.4775
Z -0.3385  0.3387 -0.8779

PART 60
OFFSET -8.2620 -13.8654 -10.4930
X -0.9947  0.0925  0.0450
Y  0.0957  0.9927  0.0732
Z -0.0379  0.0771 -0.9963

PART 61
OFFSET -0.8155 -16.8406 -9.6738
X -0.8834  0.4674  0.0328
Y -0.4611 -0.8548 -0.2380
Z -0.0832 -0.2254  0.9707

PART 62
OFFSET  0.7400 -17.6635 -9.7316
X -0.7528 -0.6387 -0.1593
Y  0.6561 -0.7478 -0.1016
Z -0.0542 -0.1810  0.9820

PART 63
OFFSET  1.6518 -16.8979 -9.4783
X -0.4165 -0.8721 -0.2570
Y  0.9043 -0.4264 -0.0188
Z -0.0932 -0.2402  0.9662

PART 64
OFFSET  2.1223 -15.9129 -9.1880
X -0.7070  0.6012  0.3724
Y  0.6764  0.7286  0.1080
Z -0.2064  0.3282 -0.9218

PART 65
OFFSET -0.6739 -16.5300 -10.7245
X -0.6661 -0.7427 -0.0683
Y  0.7162 -0.6114 -0.3364
Z  0.2081 -0.2730  0.9392

PART 66
OFFSET  0.6273 -15.0790 -10.5911
X  0.4750 -0.8095 -0.3451
Y  0.8448  0.5293 -0.0788
Z  0.2464 -0.2541  0.9352

PART 67
OFFSET -0.0664 -13.8966 -10.0871
X  0.9606  0.0419 -0.2749
Y  0.0169  0.9780  0.2080
Z  0.2776 -0.2045  0.9387

PART 68
OFFSET -1.1563 -13.9420 -9.7823
X -0.7651 -0.6437  0.0179
Y -0.5830  0.7042  0.4052
Z -0.2735  0.2996 -0.9140

PART 69
OFFSET  1.0117 -16.4714 -8.7323
X  0.8851 -0.4259 -0.1874
Y  0.4652  0.8193  0.3353
Z  0.0108 -0.3839  0.9233

PART 70
OFFSET  5.6050 -19.8683 -7.6448
X  0.8852 -0.4337 -0.1686
Y  0.4652  0.8193  0.3352
Z -0.0073 -0.3751  0.9269

PART 71
OFFSET  4.7498 -18.3601 -9.2589
X  0.8851 -0.4259 -0.1874
Y  0.4652  0.8193  0.3353
Z  0.0108 -0.3839  0.9233

PART 72
OFFSET  3.1247 -17.0590 -10.2283
X  0.8851 -0.4259 -0.1874
Y  0.4652  0.8193  0.3353
Z  0.0108 -0.3839  0.9233

PART 73
OFFSET  5.9358 -20.6281 -7.9028
X -0.3748 -0.8913  0.2551
Y  0.8851 -0.4259 -0.1875
Z  0.2757  0.1555  0.9486

PART 74
OFFSET  23.5218 -27.7988 -12.2376
X  0.8851 -0.4259 -0.1874
Y  0.4652  0.8193  0.3353
Z  0.0108 -0.3839  0.9233


FRAME 459
PART 0
OFFSET -7.2604 -4.8127 -5.4071
X  0.5343  0.6634  0.5239
Y -0.5140 -0.2371  0.8244
Z  0.6711 -0.7097  0.2143

PART 1
OFFSET -13.7216 -12.8356 -11.7434
X -0.9942  0.0886 -0.0604
Y -0.0384 -0.8198 -0.5714
Z -0.1002 -0.5657  0.8185

PART 2
OFFSET  0.0000 -0.0000 -0.0000
X  1.0000 -0.0000  0.0000
Y  0.0000  1.0000  0.0000
Z  0.0000 -0.0000  1.0000

PART 3
OFFSET  0.0000 -0.0000 -0.0000
X  1.0000 -0.0000  0.0000
Y  0.0000  1.0000  0.0000
Z  0.0000 -0.0000  1.0000

PART 4
OFFSET  1.5404 -0.0000  4.1357
X  1.0000 -0.0000  0.0000
Y  0.0000  1.0000  0.0000
Z  0.0000 -0.0000  1.0000

PART 5
OFFSET  0.0000 -0.0000  0.0000
X  1.0000 -0.0000  0.0000
Y  0.0000  1.0000  0.0000
Z  0.0000 -0.0000  1.0000

PART 6
OFFSET -4.6318 -0.0000 -1.3770
X  1.0000 -0.0000  0.0000
Y  0.0000  1.0000  0.0000
Z  0.0000 -0.0000  1.0000

PART 7
OFFSET -3.5060  6.3408 -6.7125
X -0.0369  0.7379 -0.6739
Y  0.3144 -0.6315 -0.7088
Z -0.9486 -0.2381 -0.2087

PART 8
OFFSET -3.9527  15.2654 -14.8620
X  0.9627 -0.2680 -0.0375
Y -0.1670 -0.6974  0.6969
Z -0.2130 -0.6646 -0.7162

PART 9
OFFSET  4.2352  12.9855 -15.1812
X  0.9627 -0.2680 -0.0375
Y -0.0948 -0.4639  0.8808
Z -0.2535 -0.8444 -0.4720

PART 10
OFFSET  6.0143  14.1414 -15.0052
X  0.9642 -0.2620 -0.0398
Y  0.2126  0.6754  0.7062
Z -0.1582 -0.6894  0.7069

PART 11
OFFSET  5.2657  13.1039 -16.6173
X  0.9642 -0.2620 -0.0398
Y  0.2126  0.6754  0.7062
Z -0.1582 -0.6894  0.7069

PART 12
OFFSET  6.0561  12.1212 -13.4866
X  0.9642 -0.2620 -0.0398
Y  0.2126  0.6754  0.7062
Z -0.1582 -0.6894  0.7069

PART 13
OFFSET  5.6656  11.2193 -14.3887
X  0.9642 -0.2620 -0.0398
Y  0.2126  0.6754  0.7062
Z -0.1582 -0.6894  0.7069

PART 14
OFFSET  5.2528  11.3251 -15.5393
X  0.9642 -0.2620 -0.0398
Y  0.2126  0.6754  0.7062
Z -0.1582 -0.6894  0.7069

PART 15
OFFSET  6.6313  11.4917 -14.5599
X  0.0726 -0.9925  0.0981
Y -0.7600  0.0087  0.6499
Z -0.6459 -0.1218 -0.7536

PART 16
OFFSET  6.6762  9.3440 -14.3252
X  0.3169 -0.9206  0.2281
Y -0.8860 -0.2015  0.4177
Z -0.3385 -0.3344 -0.8795

PART 17
OFFSET  7.2027  7.8323 -14.0804
X  0.1395 -0.9895  0.0375
Y -0.8498 -0.1002  0.5174
Z -0.5082 -0.1041 -0.8549

PART 18
OFFSET  7.3159  6.7558 -14.0701
X  0.2543 -0.6842  0.6835
Y  0.5598  0.6805  0.4729
Z -0.7886  0.2624  0.5561

PART 19
OFFSET  8.4011  11.6159 -15.6542
X  0.8333 -0.5415  0.1114
Y -0.4898 -0.8166 -0.3054
Z  0.2564  0.1999 -0.9457

PART 20
OFFSET  10.1759  10.2700 -15.3036
X  0.6647 -0.7338 -0.1404
Y -0.7470 -0.6497 -0.1411
Z  0.0123  0.1986 -0.9800

PART 21
OFFSET  11.1170  9.2312 -15.5024
X -0.1505 -0.9711 -0.1853
Y -0.9865  0.1597 -0.0356
Z  0.0642  0.1775 -0.9820

PART 22
OFFSET  10.9836  8.3702 -15.6667
X -0.5794 -0.7992 -0.1598
Y -0.8151  0.5680  0.1142
Z -0.0005  0.1964 -0.9805

PART 23
OFFSET  10.4332  7.6108 -15.8184
X  0.9549  0.2263  0.1923
Y -0.2426  0.9679  0.0651
Z -0.1714 -0.1088  0.9792

PART 24
OFFSET  8.1070  11.5519 -15.0069
X  0.7989 -0.5099  0.3192
Y -0.3197 -0.8093 -0.4928
Z  0.5096  0.2917 -0.8095

PART 25
OFFSET  10.1748  10.1497 -14.2883
X  0.6555 -0.7462 -0.1165
Y -0.7154 -0.5641 -0.4122
Z  0.2418  0.3536 -0.9036

PART 26
OFFSET  11.2908  8.8793 -14.4868
X -0.0062 -0.9358 -0.3525
Y -0.9638  0.0995 -0.2474
Z  0.2666  0.3382 -0.9025

PART 27
OFFSET  11.2823  7.5824 -14.9753
X -0.4355 -0.7905 -0.4306
Y -0.8601  0.5066 -0.0601
Z  0.2657  0.3442 -0.9005

PART 28
OFFSET  7.7507  9.8660 -12.7052
X  0.6187 -0.7381  0.2691
Y  0.4735  0.6236  0.6220
Z -0.6269 -0.2574  0.7353

PART 29
OFFSET  11.1456  8.1006 -11.9887
X  0.3675 -0.9293  0.0359
Y -0.8254 -0.3437 -0.4479
Z  0.4286  0.1350 -0.8934

PART 30
OFFSET  9.8024  10.2357 -13.3091
X  0.6595 -0.7506 -0.0402
Y -0.6802 -0.5732 -0.4570
Z  0.3200  0.3287 -0.8886

PART 31
OFFSET  7.1865  12.1638 -15.2963
X  0.6106 -0.5580  0.5619
Y -0.7157 -0.0852  0.6932
Z -0.3390 -0.8254 -0.4514

PART 32
OFFSET  9.1519  10.2319 -12.4162
X  0.7410 -0.6427  0.1947
Y -0.5546 -0.7492 -0.3621
Z  0.3786  0.1603 -0.9116

PART 33
OFFSET  10.4565  9.1004 -12.0733
X  0.5856 -0.8102  0.0249
Y -0.7182 -0.5329 -0.4475
Z  0.3758  0.2442 -0.8939

PART 34
OFFSET  11.0909  8.7694 -13.3876
X  0.1798 -0.9345 -0.3071
Y -0.9444 -0.0766 -0.3198
Z  0.2753  0.3476 -0.8963

PART 35
OFFSET  2.2624 -14.7684 -7.5696
X  0.9215 -0.3740  0.1051
Y  0.3231  0.8880  0.3273
Z -0.2157 -0.2677  0.9391

PART 36
OFFSET  10.8100  6.7250 -15.4423
X  0.8612  0.3752  0.3429
Y -0.4657  0.8528  0.2363
Z -0.2037 -0.3631  0.9092

PART 37
OFFSET  8.7112  9.4390 -14.8340
X  0.4523  0.2778 -0.8475
Y  0.3390  0.8254  0.4514
Z  0.8249 -0.4915  0.2791

PART 38
OFFSET  11.0844  6.4147 -14.3165
X  0.7721  0.4493  0.4494
Y -0.5495  0.8273  0.1168
Z -0.3193 -0.3371  0.8857

PART 39
OFFSET  11.3536  7.4044 -13.8362
X -0.2397 -0.8760 -0.4185
Y -0.9438  0.3113 -0.1110
Z  0.2275  0.3684 -0.9014

PART 40
OFFSET  11.5607  7.0509 -11.9482
X  0.7460  0.6508  0.1414
Y -0.6514  0.7572 -0.0484
Z -0.1386 -0.0560  0.9888

PART 41
OFFSET -5.2652 -13.5896 -11.2297
X -0.9942  0.0886 -0.0604
Y  0.0669  0.0725 -0.9951
Z -0.0838 -0.9934 -0.0780

PART 42
OFFSET -3.6604 -12.4428 -12.1547
X -0.9937  0.0952 -0.0594
Y  0.1037  0.5776 -0.8097
Z -0.0428 -0.8108 -0.5838

PART 43
OFFSET -3.3381 -12.3098 -10.9403
X -0.9937  0.0952 -0.0594
Y  0.1037  0.5776 -0.8097
Z -0.0428 -0.8108 -0.5838

PART 44
OFFSET -3.4467 -13.5962 -9.4375
X -0.9937  0.0952 -0.0594
Y  0.1037  0.5776 -0.8097
Z -0.0428 -0.8108 -0.5838

PART 45
OFFSET -2.2172 -13.8613 -11.0445
X -0.8690  0.3013 -0.3925
Y  0.4086 -0.0105 -0.9127
Z -0.2791 -0.9535 -0.1140

PART 46
OFFSET -2.1060 -13.5953 -9.9405
X -0.5619 -0.2705 -0.7817
Y  0.7690  0.1772 -0.6142
Z  0.3047 -0.9463  0.1084

PART 47
OFFSET -0.9869 -12.9767 -8.1984
X -0.9988 -0.0398  0.0277
Y -0.0208 -0.1642 -0.9862
Z  0.0438 -0.9856  0.1632

PART 48
OFFSET  0.6193 -12.8118 -8.3204
X -0.6810 -0.0472  0.7307
Y -0.7120 -0.1905 -0.6759
Z  0.1711 -0.9806  0.0961

PART 49
OFFSET  1.3600 -12.7126 -9.1035
X -0.7593  0.5558  0.3384
Y  0.4764  0.8291 -0.2927
Z -0.4433 -0.0611 -0.8943

PART 50
OFFSET -0.9879 -13.9348 -11.6666
X -0.9985  0.0451  0.0316
Y -0.0473 -0.9963 -0.0711
Z  0.0283 -0.0725  0.9970

PART 51
OFFSET  1.2654 -13.9246 -11.5837
X -0.4326 -0.8591 -0.2734
Y  0.8976 -0.3820 -0.2199
Z  0.0845 -0.3405  0.9364

PART 52
OFFSET  1.8780 -12.7083 -11.1966
X  0.5673 -0.7547 -0.3295
Y  0.8225  0.5390  0.1816
Z  0.0406 -0.3740  0.9265

PART 53
OFFSET  1.3749 -12.0392 -10.9045
X  0.9957  0.0101 -0.0922
Y  0.0210  0.9438  0.3298
Z  0.0903 -0.3303  0.9395

PART 54
OFFSET  0.4290 -12.0488 -10.8169
X -0.7878 -0.5524 -0.2724
Y -0.6135  0.6643  0.4270
Z -0.0550  0.5035 -0.8622

PART 55
OFFSET -1.1073 -14.1273 -10.9897
X -0.9801  0.1352 -0.1452
Y -0.1291 -0.9903 -0.0506
Z -0.1506 -0.0309  0.9881

PART 56
OFFSET  1.4559 -14.4954 -10.7608
X -0.4760 -0.8643 -0.1626
Y  0.8700 -0.4357 -0.2308
Z  0.1286 -0.2514  0.9593

PART 57
OFFSET  2.2664 -13.0240 -10.4839
X  0.7297 -0.6318 -0.2615
Y  0.6751  0.7264  0.1288
Z  0.1086 -0.2705  0.9566

PART 58
OFFSET  1.2552 -12.1485 -10.1214
X  0.9815  0.1832 -0.0553
Y -0.1607  0.9462  0.2810
Z  0.1038 -0.2669  0.9581

PART 59
OFFSET  0.1907 -12.3471 -10.0614
X -0.7073 -0.7037 -0.0681
Y -0.6985  0.6808  0.2205
Z -0.1088  0.2035 -0.9730

PART 60
OFFSET -6.3290 -13.1095 -11.9674
X -0.9743  0.0204 -0.2245
Y  0.0303  0.9987 -0.0408
Z  0.2233 -0.0465 -0.9736

PART 61
OFFSET  0.7570 -15.3819 -8.8692
X -0.8799  0.3985 -0.2588
Y -0.3448 -0.9102 -0.2294
Z -0.3269 -0.1126  0.9383

PART 62
OFFSET  2.3063 -16.0834 -8.4137
X -0.6559 -0.7093 -0.2582
Y  0.6910 -0.7019  0.1729
Z -0.3039 -0.0651  0.9505

PART 63
OFFSET  3.0851 -15.2250 -8.0419
X -0.2961 -0.9261 -0.2338
Y  0.8946 -0.3546  0.2719
Z -0.3347 -0.1286  0.9335

PART 64
OFFSET  3.4195 -14.1790 -7.7779
X -0.8053  0.5854  0.0932
Y  0.5920  0.7862  0.1773
Z  0.0305  0.1980 -0.9797

PART 65
OFFSET  1.1577 -15.1900 -9.8808
X -0.5919 -0.7946 -0.1348
Y  0.8052 -0.5904 -0.0550
Z -0.0359 -0.1411  0.9893

PART 66
OFFSET  2.3141 -13.6378 -9.6174
X  0.5835 -0.8061 -0.0981
Y  0.8121  0.5794  0.0690
Z  0.0013 -0.1199  0.9928

PART 67
OFFSET  1.4618 -12.4603 -9.4741
X  0.9963  0.0824 -0.0226
Y -0.0806  0.9943  0.0700
Z  0.0282 -0.0680  0.9973

PART 68
OFFSET  0.3331 -12.5524 -9.4555
X -0.7143 -0.6939 -0.0912
Y -0.6990  0.7008  0.1423
Z -0.0349  0.1654 -0.9856

PART 69
OFFSET  2.2624 -14.7684 -7.5696
X  0.9215 -0.3740  0.1051
Y  0.3231  0.8880  0.3273
Z -0.2157 -0.2677  0.9391

PART 70
OFFSET  6.5544 -17.6350 -4.8901
X  0.9168 -0.3794  0.1242
Y  0.3231  0.8880  0.3273
Z -0.2345 -0.2599  0.9367

PART 71
OFFSET  6.0880 -16.4050 -6.8600
X  0.9215 -0.3740  0.1051
Y  0.3231  0.8880  0.3273
Z -0.2157 -0.2677  0.9391

PART 72
OFFSET  4.7191 -15.3630 -8.3812
X  0.9215 -0.3740  0.1051
Y  0.3231  0.8880  0.3273
Z -0.2157 -0.2677  0.9391

PART 73
OFFSET  6.9753 -18.3918 -4.9483
X -0.3884 -0.8809  0.2706
Y  0.9215 -0.3740  0.1050
Z  0.0087  0.2902  0.9569

PART 74
OFFSET  25.3858 -24.6188 -3.6231
X  0.9215 -0.3740  0.1051
Y  0.3231  0.8880  0.3273
Z -0.2157 -0.2677  0.9391


FRAME 460
PART 0
OFFSET -7.2604 -4.8127 -5.4071
X  0.2664  0.8029  0.5332
Y -0.4754 -0.3718  0.7974
Z  0.8385 -0.4659  0.2826

PART 1
OFFSET -10.4821 -14.5234 -11.8558
X -0.9854 -0.1509 -0.0794
Y  0.1695 -0.8165 -0.5520
Z  0.0184 -0.5574  0.8301

PART 2
OFFSET  0.0000 -0.0000 -0.0000
X  1.0000 -0.0000  0.0000
Y  0.0000  1.0000  0.0000
Z  0.0000 -0.0000  1.0000

PART 3
OFFSET  0.0000 -0.0000 -0.0000
X  1.0000 -0.0000  0.0000
Y  0.0000  1.0000  0.0000
Z  0.0000 -0.0000  1.0000

PART 4
OFFSET  1.5404 -0.0000  4.1357
X  1.0000 -0.0000  0.0000
Y  0.0000  1.0000  0.0000
Z  0.0000 -0.0000  1.0000

PART 5
OFFSET  0.0000 -0.0000  0.0000
X  1.0000 -0.0000  0.0000
Y  0.0000  1.0000  0.0000
Z  0.0000 -0.0000  1.0000

PART 6
OFFSET -4.6318 -0.0000 -1.3770
X  1.0000 -0.0000  0.0000
Y  0.0000  1.0000  0.0000
Z  0.0000 -0.0000  1.0000

PART 7
OFFSET -3.5060  6.3408 -6.7125
X  0.1152  0.7147 -0.6898
Y  0.4033 -0.6683 -0.6251
Z -0.9078 -0.2062 -0.3652

PART 8
OFFSET -2.1127  14.9847 -15.0554
X  0.9238 -0.3415  0.1730
Y -0.3649 -0.6488  0.6678
Z -0.1158 -0.6801 -0.7239

PART 9
OFFSET  5.7449  12.0803 -13.5836
X  0.9238 -0.3415  0.1730
Y -0.2532 -0.2061  0.9452
Z -0.2871 -0.9170 -0.2768

PART 10
OFFSET  7.5443  13.2807 -12.7552
X  0.9263 -0.3357  0.1710
Y  0.1184  0.6903  0.7138
Z -0.3577 -0.6409  0.6792

PART 11
OFFSET  7.0554  12.0519 -14.7753
X  0.9263 -0.3357  0.1710
Y  0.1184  0.6903  0.7138
Z -0.3577 -0.6409  0.6792

PART 12
OFFSET  7.1272  11.3298 -11.3467
X  0.9263 -0.3357  0.1710
Y  0.1184  0.6903  0.7138
Z -0.3577 -0.6409  0.6792

PART 13
OFFSET  6.8887  10.4237 -12.4447
X  0.9263 -0.3357  0.1710
Y  0.1184  0.6903  0.7138
Z -0.3577 -0.6409  0.6792

PART 14
OFFSET  6.6710  10.3309 -13.6695
X  0.9263 -0.3357  0.1710
Y  0.1184  0.6903  0.7138
Z -0.3577 -0.6409  0.6792

PART 15
OFFSET  8.0054  10.5521 -12.1907
X -0.0027 -0.9556  0.2948
Y -0.7236  0.2053  0.6590
Z -0.6903 -0.2115 -0.6920

PART 16
OFFSET  7.8890  8.4988 -11.5273
X  0.3045 -0.8805  0.3633
Y -0.8636 -0.0942  0.4953
