// Export filename: `C:\projects\cod\t5\xanim_export\t5_viewmodels\ak47\ak47_flame_d2p_out.XANIM_EXPORT`
// Source filename: `D:\projects\devanim\t5\animation_assets\viewmodels\ak47\ViewModel_AK47_FlameThrower_animated.fbx`
// Export time: Sat Jun 05 16:32:59 2010

ANIMATION
VERSION 3

NUMPARTS 81
PART 0 "tag_ads"
PART 1 "tag_torso"
PART 2 "J_Shoulder_LE"
PART 3 "J_Elbow_LE"
PART 4 "J_WristTwist_LE"
PART 5 "J_Sleave_Reshape_Bottom_LE_1"
PART 6 "J_Sleave_Reshape_Bottom_LE_2"
PART 7 "J_Sleave_Reshape_Top_LE_1"
PART 8 "J_Sleave_Reshape_Top_LE_2"
PART 9 "J_Sleave_Reshape_Top_LE_3"
PART 10 "J_Wrist_LE"
PART 11 "J_Thumb_LE_0"
PART 12 "J_Thumb_LE_1"
PART 13 "J_Thumb_LE_2"
PART 14 "J_Thumb_LE_3"
PART 15 "J_PinkyPalm_LE"
PART 16 "J_Pinky_LE_0"
PART 17 "J_Pinky_LE_1"
PART 18 "J_Pinky_LE_2"
PART 19 "J_Pinky_LE_3"
PART 20 "J_RingPalm_LE"
PART 21 "J_Ring_LE_0"
PART 22 "J_Ring_LE_1"
PART 23 "J_Ring_LE_2"
PART 24 "J_Ring_LE_3"
PART 25 "J_Webbing_LE"
PART 26 "J_Index_LE_0"
PART 27 "J_Index_LE_1"
PART 28 "J_Index_LE_2"
PART 29 "J_Index_LE_3"
PART 30 "J_Mid_LE_0"
PART 31 "J_Mid_LE_1"
PART 32 "J_Mid_LE_2"
PART 33 "J_Mid_LE_3"
PART 34 "tag_knife_attach"
PART 35 "tag_weapon"
PART 36 "J_Gun"
PART 37 "J_bolt"
PART 38 "TAG_CLIP"
PART 39 "TAG_FLASH"
PART 40 "tag_flame_unit"
PART 41 "tag_flamer_big_nozel"
PART 42 "tag_flamer_bracket"
PART 43 "tag_flamer_bottle"
PART 44 "tag_flamer_button"
PART 45 "tag_flamer_ring"
PART 46 "tag_flamer_flame"
PART 47 "tag_flamer_pilot_light"
PART 48 "J_Shoulder_RI"
PART 49 "J_Elbow_RI"
PART 50 "J_WristTwist_RI"
PART 51 "J_Sleave_Reshape_Top_RI_3"
PART 52 "J_Sleave_Reshape_Top_RI_2"
PART 53 "J_Sleave_Reshape_Top_RI_1"
PART 54 "J_Wrist_RI"
PART 55 "J_Thumb_RI_0"
PART 56 "J_Thumb_RI_1"
PART 57 "J_Thumb_RI_2"
PART 58 "J_Thumb_RI_3"
PART 59 "J_PinkyPalm_RI"
PART 60 "J_Pinky_RI_0"
PART 61 "J_Pinky_RI_1"
PART 62 "J_Pinky_RI_2"
PART 63 "J_Pinky_RI_3"
PART 64 "J_RingPalm_RI"
PART 65 "J_Ring_RI_0"
PART 66 "J_Ring_RI_1"
PART 67 "J_Ring_RI_2"
PART 68 "J_Ring_RI_3"
PART 69 "J_Webbing_RI"
PART 70 "J_Index_RI_0"
PART 71 "J_Index_RI_1"
PART 72 "J_Index_RI_2"
PART 73 "J_Index_RI_3"
PART 74 "J_Mid_RI_0"
PART 75 "J_Mid_RI_1"
PART 76 "J_Mid_RI_2"
PART 77 "J_Mid_RI_3"
PART 78 "tag_cambone"
PART 79 "tag_camera"
PART 80 "tag_gasmask"

FRAMERATE 30
NUMFRAMES 11

FRAME 2085
PART 0
OFFSET -4.6318 -0.0000 -1.3770
X  1.0000 -0.0000  0.0000
Y  0.0000  1.0000  0.0000
Z  0.0000 -0.0000  1.0000

PART 1
OFFSET -4.6318 -0.0000 -1.3770
X  1.0000 -0.0000  0.0000
Y  0.0000  1.0000  0.0000
Z  0.0000 -0.0000  1.0000

PART 2
OFFSET -3.5060  6.3408 -6.7125
X  0.7890 -0.3449 -0.5084
Y -0.0378 -0.8533  0.5201
Z -0.6132 -0.3912 -0.6863

PART 3
OFFSET  6.0364  2.1697 -12.8612
X  0.8908 -0.2928  0.3476
Y -0.2959  0.2069  0.9326
Z -0.3450 -0.9335  0.0977

PART 4
OFFSET  13.6127 -0.3210 -9.9050
X  0.8908 -0.2928  0.3476
Y -0.0403  0.7108  0.7022
Z -0.4527 -0.6395  0.6214

PART 5
OFFSET  15.7015  0.7679 -10.3236
X  0.8934 -0.2916  0.3418
Y  0.3468  0.9312 -0.1121
Z -0.2856  0.2187  0.9331

PART 6
OFFSET  14.6355 -1.5594 -10.6520
X  0.8934 -0.2916  0.3418
Y  0.3468  0.9312 -0.1121
Z -0.2856  0.2187  0.9331

PART 7
OFFSET  15.3781  0.7227 -8.0259
X  0.8934 -0.2916  0.3418
Y  0.3468  0.9312 -0.1121
Z -0.2856  0.2187  0.9331

PART 8
OFFSET  14.7554 -0.7188 -7.9339
X  0.8934 -0.2916  0.3418
Y  0.3468  0.9312 -0.1121
Z -0.2856  0.2187  0.9331

PART 9
OFFSET  14.1779 -1.7894 -8.4530
X  0.8934 -0.2916  0.3418
Y  0.3468  0.9312 -0.1121
Z -0.2856  0.2187  0.9331

PART 10
OFFSET  16.3434 -1.2188 -8.8394
X  0.9726 -0.2323 -0.0109
Y  0.1755  0.7026  0.6896
Z -0.1525 -0.6726  0.7241

PART 11
OFFSET  16.8877 -0.9214 -7.8815
X  0.9615 -0.0591  0.2683
Y -0.0074  0.9707  0.2402
Z -0.2746 -0.2330  0.9329

PART 12
OFFSET  18.9465 -0.9651 -7.2266
X  0.9315 -0.3345 -0.1428
Y  0.3590  0.7826  0.5086
Z -0.0584 -0.5250  0.8491

PART 13
OFFSET  20.4224 -1.6106 -7.3924
X  0.9758 -0.0684  0.2075
Y -0.0086  0.9369  0.3494
Z -0.2184 -0.3427  0.9137

PART 14
OFFSET  21.4675 -1.6843 -7.1202
X  0.8588  0.3627 -0.3617
Y -0.3951  0.0194 -0.9185
Z -0.3261  0.9317  0.1600

PART 15
OFFSET  16.9477 -2.3035 -9.4407
X  0.7473 -0.6382 -0.1850
Y -0.3175 -0.5875  0.7443
Z -0.5837 -0.4975 -0.6417

PART 16
OFFSET  18.6728 -3.7371 -9.6716
X  0.0186 -0.2754  0.9611
Y -0.6362  0.7383  0.2239
Z -0.7713 -0.6157 -0.1615

PART 17
OFFSET  18.6992 -4.1270 -8.3108
X -0.3250  0.2100  0.9221
Y -0.5716  0.7332 -0.3684
Z -0.7534 -0.6468 -0.1182

PART 18
OFFSET  18.4110 -3.9408 -7.4933
X -0.4750  0.4314  0.7670
Y -0.3938  0.6753 -0.6237
Z -0.7870 -0.5983 -0.1509

PART 19
OFFSET  17.9598 -3.5310 -6.7646
X  0.7243 -0.6673 -0.1733
Y -0.0911  0.1566 -0.9835
Z  0.6834  0.7281  0.0526

PART 20
OFFSET  17.2995 -1.7938 -9.0859
X  0.8707 -0.4409 -0.2178
Y -0.1800 -0.6979  0.6932
Z -0.4576 -0.5644 -0.6871

PART 21
OFFSET  19.4846 -3.1419 -9.4937
X  0.1087 -0.6714  0.7331
Y -0.5443  0.5769  0.6090
Z -0.8318 -0.4652 -0.3028

PART 22
OFFSET  19.6696 -4.2850 -8.2457
X -0.4194  0.1830  0.8892
Y -0.3821  0.8529 -0.3557
Z -0.8235 -0.4889 -0.2878

PART 23
OFFSET  19.0884 -4.0314 -7.0133
X -0.5362  0.4856  0.6904
Y -0.1951  0.7245 -0.6611
Z -0.8212 -0.4892 -0.2937

PART 24
OFFSET  18.5068 -3.5047 -6.2646
X  0.5104 -0.8358 -0.2024
Y  0.1829  0.3355 -0.9241
Z  0.8403  0.4346  0.3241

PART 25
OFFSET  19.5385 -1.1798 -7.3899
X  0.8387 -0.5415  0.0577
Y  0.4353  0.6030 -0.6685
Z  0.3272  0.5858  0.7415

PART 26
OFFSET  20.3222 -1.3440 -8.6308
X  0.5466 -0.8373 -0.0083
Y -0.4490 -0.3014  0.8412
Z -0.7068 -0.4561 -0.5407

PART 27
OFFSET  21.2846 -2.8183 -8.6454
X -0.1423 -0.7538  0.6415
Y -0.7213  0.5228  0.4544
Z -0.6779 -0.3981 -0.6180

PART 28
OFFSET  21.1528 -3.7105 -7.8279
X -0.5299 -0.1431  0.8359
Y -0.4723  0.8684 -0.1508
Z -0.7044 -0.4747 -0.5277

PART 29
OFFSET  20.5543 -3.8720 -6.8837
X  0.4007 -0.8709 -0.2845
Y  0.4536  0.4584 -0.7643
Z  0.7960  0.1773  0.5787

PART 30
OFFSET  20.0007 -2.2020 -9.2479
X  0.2965 -0.8119  0.5028
Y -0.6310  0.2287  0.7413
Z -0.7169 -0.5371 -0.4446

PART 31
OFFSET  20.5799 -3.7882 -8.2656
X -0.4111 -0.1957  0.8903
Y -0.5289  0.8467 -0.0581
Z -0.7425 -0.4948 -0.4516

PART 32
OFFSET  19.9794 -4.0741 -6.9652
X -0.6433  0.3633  0.6740
Y -0.1302  0.8155 -0.5639
Z -0.7545 -0.4505 -0.4773

PART 33
OFFSET  19.2456 -3.6664 -6.2048
X  0.6247 -0.7706 -0.1261
Y  0.2573  0.3556 -0.8985
Z  0.7373  0.5288  0.4204

PART 34
OFFSET  18.6532 -3.2522 -8.1372
X -0.5094 -0.5743 -0.6408
Y  0.1525  0.6726 -0.7241
Z  0.8469 -0.4666 -0.2551

PART 35
OFFSET  8.2284 -2.6584 -4.3968
X  0.9914 -0.0046 -0.1309
Y  0.0023  0.9998 -0.0173
Z  0.1310  0.0168  0.9912

PART 36
OFFSET  8.2284 -2.6584 -4.3968
X  0.9914 -0.0046 -0.1309
Y  0.0023  0.9998 -0.0173
Z  0.1310  0.0168  0.9912

PART 37
OFFSET  13.7914 -2.9246 -2.7491
X  0.9939 -0.0042 -0.1106
Y  0.0023  0.9998 -0.0173
Z  0.1107  0.0169  0.9937

PART 38
OFFSET  12.4405 -2.6579 -4.6718
X  0.9914 -0.0046 -0.1309
Y  0.0023  0.9998 -0.0173
Z  0.1310  0.0168  0.9912

PART 39
OFFSET  31.7763 -2.7327 -6.4372
X  0.9914 -0.0046 -0.1309
Y  0.0023  0.9998 -0.0173
Z  0.1310  0.0168  0.9912

PART 40
OFFSET  7.1846 -2.6935 -6.5711
X  0.9914 -0.0046 -0.1309
Y  0.0023  0.9998 -0.0173
Z  0.1310  0.0168  0.9912

PART 41
OFFSET  33.4313 -2.6612 -9.3984
X  0.0023  0.9998 -0.0173
Y -0.9914  0.0046  0.1309
Z  0.1310  0.0168  0.9912

PART 42
OFFSET  21.8015 -3.0960 -7.4486
X -0.2576  0.0173  0.9661
Y -0.9663 -0.0022 -0.2576
Z -0.0023 -0.9998  0.0173

PART 43
OFFSET  21.8015 -3.0960 -7.4486
X  0.0023  0.9998 -0.0173
Y -0.9914  0.0046  0.1309
Z  0.1310  0.0168  0.9912

PART 44
OFFSET  21.3357 -2.8125 -7.8826
X  0.0023  0.9998 -0.0173
Y -0.9914  0.0046  0.1309
Z  0.1310  0.0168  0.9912

PART 45
OFFSET  21.3389 -1.4127 -7.9067
X  0.1210 -0.3510  0.9285
Y -0.9914  0.0046  0.1309
Z -0.0502 -0.9364 -0.3474

PART 46
OFFSET  31.1679 -2.6562 -8.9165
X  0.9914 -0.0046 -0.1309
Y  0.0023  0.9998 -0.0173
Z  0.1310  0.0168  0.9912

PART 47
OFFSET  30.3919 -1.2741 -9.6181
X  0.8410 -0.4497  0.3007
Y  0.5263  0.5515 -0.6473
Z  0.1253  0.7026  0.7005

PART 48
OFFSET -10.8444 -11.7139 -5.9426
X -0.9391  0.3234 -0.1160
Y -0.2273 -0.3316  0.9156
Z  0.2577  0.8862  0.3849

PART 49
OFFSET  0.5132 -15.6254 -4.5403
X -0.2214 -0.9638  0.1486
Y  0.9731 -0.2083  0.0987
Z -0.0642  0.1664  0.9840

PART 50
OFFSET  2.3962 -7.4279 -5.8040
X -0.2214 -0.9638  0.1486
Y  0.1694 -0.1881 -0.9674
Z  0.9604 -0.1890  0.2049

PART 51
OFFSET  2.1295 -6.0991 -7.2629
X -0.2269 -0.9631  0.1450
Y  0.0505 -0.1603 -0.9858
Z  0.9726 -0.2164  0.0850

PART 52
OFFSET  1.2724 -5.4207 -6.7215
X -0.2269 -0.9631  0.1450
Y  0.0505 -0.1603 -0.9858
Z  0.9726 -0.2164  0.0850

PART 53
OFFSET  1.3463 -5.1294 -5.3861
X -0.2269 -0.9631  0.1450
Y  0.0505 -0.1603 -0.9858
Z  0.9726 -0.2164  0.0850

PART 54
OFFSET  3.0749 -4.4731 -6.2595
X -0.9810 -0.1418 -0.1324
Y  0.1587 -0.1946 -0.9680
Z  0.1115 -0.9706  0.2134

PART 55
OFFSET  3.3172 -3.8231 -5.3535
X -0.5666 -0.6850 -0.4580
Y  0.4703  0.1876 -0.8623
Z  0.6766 -0.7040  0.2159

PART 56
OFFSET  4.4553 -2.3244 -4.2912
X -0.8628 -0.3399  0.3741
Y -0.1764 -0.4911 -0.8531
Z  0.4737 -0.8021  0.3637

PART 57
OFFSET  5.7846 -1.7152 -4.9868
X -0.4183 -0.0047  0.9083
Y -0.7078 -0.6251 -0.3292
Z  0.5693 -0.7806  0.2581

PART 58
OFFSET  6.2229 -1.6637 -5.9752
X -0.8203  0.3691  0.4369
Y  0.0209  0.7827 -0.6220
Z -0.5715 -0.5011 -0.6498

PART 59
OFFSET  4.0524 -4.3653 -7.2271
X -0.8959 -0.2634  0.3578
Y  0.3441 -0.9208  0.1836
Z  0.2811  0.2876  0.9156

PART 60
OFFSET  6.0641 -3.6188 -7.9203
X -0.0989 -0.9902  0.0985
Y  0.8996 -0.1312 -0.4165
Z  0.4253  0.0474  0.9038

PART 61
OFFSET  6.2041 -2.2168 -8.0596
X  0.7325 -0.6025 -0.3170
Y  0.5526  0.7981 -0.2401
Z  0.3977  0.0007  0.9175

PART 62
OFFSET  5.5547 -1.6827 -7.7786
X  0.8574  0.2905 -0.4249
Y -0.2874  0.9550  0.0731
Z  0.4270  0.0594  0.9023

PART 63
OFFSET  4.7401 -1.9587 -7.3749
X -0.5371 -0.8303  0.1486
Y -0.7147  0.5416  0.4427
Z -0.4480  0.1316 -0.8843

PART 64
OFFSET  4.1783 -4.3404 -6.5249
X -0.9562 -0.2388  0.1695
Y  0.2739 -0.9342  0.2287
Z  0.1038  0.2651  0.9586

PART 65
OFFSET  6.6505 -3.7806 -7.1023
X -0.1100 -0.9703  0.2154
Y  0.8944 -0.1912 -0.4045
Z  0.4336  0.1482  0.8888

PART 66
OFFSET  6.8377 -2.1286 -7.4690
X  0.8422 -0.4193 -0.3390
Y  0.3343  0.8993 -0.2818
Z  0.4230  0.1240  0.8976

PART 67
OFFSET  5.6705 -1.5476 -6.9993
X  0.7833  0.4519 -0.4269
Y -0.4605  0.8831  0.0899
Z  0.4176  0.1262  0.8998

PART 68
OFFSET  4.8210 -2.0376 -6.5362
X -0.3582 -0.8685  0.3427
Y -0.8437  0.4583  0.2796
Z -0.3999 -0.1890 -0.8969

PART 69
OFFSET -1.0824 -5.4191 -5.8775
X -0.9227 -0.3657  0.1220
Y -0.3855  0.8791 -0.2803
Z -0.0048 -0.3057 -0.9521

PART 70
OFFSET  6.8191 -4.1345 -4.9344
X -0.9995 -0.0133 -0.0294
Y  0.0096 -0.9927  0.1205
Z -0.0308  0.1201  0.9923

PART 71
OFFSET  8.5789 -4.1111 -4.8827
X -0.3536 -0.9228  0.1531
Y  0.9350 -0.3440  0.0861
Z -0.0267  0.1736  0.9845

PART 72
OFFSET  9.0071 -2.9787 -5.0090
X  0.0584 -0.9929  0.1035
Y  0.9978  0.0614  0.0262
Z -0.0324  0.1018  0.9943

PART 73
OFFSET  8.9411 -1.8572 -5.1259
X -0.9288  0.2964  0.2223
Y  0.2475  0.9429 -0.2230
Z -0.2757 -0.1521 -0.9491

PART 74
OFFSET  6.8667 -4.1866 -6.0369
X -0.2345 -0.9357  0.2638
Y  0.9394 -0.2879 -0.1861
Z  0.2501  0.2041  0.9465

PART 75
OFFSET  7.3247 -2.3587 -6.5522
X  0.8202 -0.5633 -0.0997
Y  0.5015  0.7919 -0.3484
Z  0.2753  0.2358  0.9320

PART 76
OFFSET  6.1267 -1.5360 -6.4065
X  0.8445  0.3787 -0.3787
Y -0.4569  0.8783 -0.1407
Z  0.2793  0.2919  0.9148

PART 77
OFFSET  5.1680 -1.9663 -5.9842
X -0.3736 -0.8700  0.3218
Y -0.8700  0.4490  0.2039
Z -0.3219 -0.2038 -0.9246

PART 78
OFFSET  0.0000 -0.0000 -0.0000
X  1.0000 -0.0000  0.0000
Y  0.0000  1.0000  0.0000
Z  0.0000 -0.0000  1.0000

PART 79
OFFSET  0.0000 -0.0000 -0.0000
X  0.9976 -0.0000  0.0698
Y  0.0049  0.9976 -0.0696
Z -0.0696  0.0698  0.9951

PART 80
OFFSET  1.2489  0.2885  4.2231
X  0.9976 -0.0000  0.0698
Y  0.0049  0.9976 -0.0696
Z -0.0696  0.0698  0.9951


FRAME 2086
PART 0
OFFSET -4.6318 -0.0000 -1.3770
X  1.0000 -0.0000  0.0000
Y  0.0000  1.0000  0.0000
Z  0.0000 -0.0000  1.0000

PART 1
OFFSET -4.6318 -0.0000 -1.3770
X  1.0000 -0.0000  0.0000
Y  0.0000  1.0000  0.0000
Z  0.0000 -0.0000  1.0000

PART 2
OFFSET -3.5060  6.3408 -6.7125
X  0.7910 -0.3435 -0.5064
Y -0.0397 -0.8546  0.5177
Z -0.6106 -0.3894 -0.6896

PART 3
OFFSET  6.0598  2.1866 -12.8363
X  0.8887 -0.2931  0.3526
Y -0.3017  0.2053  0.9310
Z -0.3453 -0.9338  0.0940

PART 4
OFFSET  13.6183 -0.3066 -9.8370
X  0.8887 -0.2931  0.3526
Y -0.0580  0.6909  0.7206
Z -0.4549 -0.6608  0.5970

PART 5
OFFSET  15.7093  0.7837 -10.2407
X  0.8914 -0.2918  0.3469
Y  0.3471  0.9315 -0.1083
Z -0.2915  0.2170  0.9316

PART 6
OFFSET  14.6462 -1.5434 -10.5797
X  0.8914 -0.2918  0.3469
Y  0.3471  0.9315 -0.1083
Z -0.2915  0.2170  0.9316

PART 7
OFFSET  15.3716  0.7346 -7.9451
X  0.8914 -0.2918  0.3469
Y  0.3471  0.9315 -0.1083
Z -0.2915  0.2170  0.9316

PART 8
OFFSET  14.7488 -0.7072 -7.8595
X  0.8914 -0.2918  0.3469
Y  0.3471  0.9315 -0.1083
Z -0.2915  0.2170  0.9316

PART 9
OFFSET  14.1749 -1.7772 -8.3840
X  0.8914 -0.2918  0.3469
Y  0.3471  0.9315 -0.1083
Z -0.2915  0.2170  0.9316

PART 10
OFFSET  16.3426 -1.2052 -8.7559
X  0.9681 -0.2499 -0.0187
Y  0.1883  0.6764  0.7121
Z -0.1653 -0.6929  0.7018

PART 11
OFFSET  16.8920 -0.9494 -7.7889
X  0.9602 -0.0857  0.2660
Y  0.0106  0.9623  0.2717
Z -0.2793 -0.2580  0.9249

PART 12
OFFSET  18.9494 -1.0526 -7.1364
X  0.9252 -0.3470 -0.1538
Y  0.3733  0.7588  0.5337
Z -0.0685 -0.5512  0.8316

PART 13
OFFSET  20.4130 -1.7197 -7.3234
X  0.9743 -0.0933  0.2050
Y  0.0087  0.9251  0.3796
Z -0.2250 -0.3681  0.9021

PART 14
OFFSET  21.4565 -1.8217 -7.0540
X  0.8656  0.3582 -0.3500
Y -0.3943  0.0566 -0.9172
Z -0.3088  0.9319  0.1903

PART 15
OFFSET  16.9268 -2.2809 -9.3923
X  0.7354 -0.6457 -0.2058
Y -0.3287 -0.6054  0.7249
Z -0.5926 -0.4654 -0.6574

PART 16
OFFSET  18.6250 -3.7381 -9.6701
X  0.0132 -0.3068  0.9517
Y -0.6224  0.7424  0.2479
Z -0.7826 -0.5956 -0.1812

PART 17
OFFSET  18.6436 -4.1725 -8.3227
X -0.3214  0.1859  0.9285
Y -0.5577  0.7553 -0.3443
Z -0.7653 -0.6285 -0.1390

PART 18
OFFSET  18.3587 -4.0076 -7.4995
X -0.4672  0.4150  0.7807
Y -0.3809  0.7024 -0.6013
Z -0.7979 -0.5783 -0.1700

PART 19
OFFSET  17.9149 -3.6133 -6.7578
X  0.7118 -0.6747 -0.1951
Y -0.0878  0.1901 -0.9778
Z  0.6969  0.7132  0.0761

PART 20
OFFSET  17.2879 -1.7896 -9.0212
X  0.8625 -0.4497 -0.2322
Y -0.1932 -0.7166  0.6702
Z -0.4678 -0.5331 -0.7050

PART 21
OFFSET  19.4477 -3.1642 -9.4732
X  0.0959 -0.6968  0.7108
Y -0.5337  0.5668  0.6276
Z -0.8402 -0.4395 -0.3175

PART 22
OFFSET  19.6109 -4.3505 -8.2630
X -0.4162  0.1617  0.8948
Y -0.3660  0.8710 -0.3277
Z -0.8323 -0.4639 -0.3033

PART 23
OFFSET  19.0340 -4.1264 -7.0229
X -0.5273  0.4728  0.7060
Y -0.1814  0.7491 -0.6372
Z -0.8301 -0.4640 -0.3092

PART 24
OFFSET  18.4622 -3.6136 -6.2573
X  0.4948 -0.8381 -0.2296
Y  0.1895  0.3619 -0.9127
Z  0.8481  0.4081  0.3379

PART 25
OFFSET  19.5374 -1.2729 -7.3066
X  0.8285 -0.5586  0.0399
Y  0.4467  0.6163 -0.6486
Z  0.3377  0.5552  0.7601

PART 26
OFFSET  20.3183 -1.4112 -8.5524
X  0.5309 -0.8467 -0.0357
Y -0.4548 -0.3202  0.8310
Z -0.7150 -0.4250 -0.5551

PART 27
OFFSET  21.2531 -2.9019 -8.6152
X -0.1565 -0.7715  0.6167
Y -0.7116  0.5211  0.4713
Z -0.6850 -0.3651 -0.6305

PART 28
OFFSET  21.1044 -3.8176 -7.8271
X -0.5327 -0.1603  0.8310
Y -0.4560  0.8815 -0.1223
Z -0.7129 -0.4441 -0.5427

PART 29
OFFSET  20.5027 -3.9986 -6.8885
X  0.3846 -0.8685 -0.3127
Y  0.4623  0.4744 -0.7491
Z  0.7990  0.1435  0.5840

PART 30
OFFSET  19.9811 -2.2426 -9.1970
X  0.2811 -0.8332  0.4761
Y -0.6269  0.2161  0.7485
Z -0.7266 -0.5089 -0.4616

PART 31
OFFSET  20.5303 -3.8704 -8.2670
X -0.4150 -0.2169  0.8836
Y -0.5130  0.8579 -0.0304
Z -0.7514 -0.4659 -0.4673

PART 32
OFFSET  19.9241 -4.1871 -6.9764
X -0.6366  0.3531  0.6856
Y -0.1148  0.8357 -0.5370
Z -0.7626 -0.4206 -0.4915

PART 33
OFFSET  19.1977 -3.7908 -6.2030
X  0.6102 -0.7776 -0.1513
Y  0.2642  0.3798 -0.8866
Z  0.7469  0.5011  0.4372

PART 34
OFFSET  18.6139 -3.3030 -8.1207
X -0.5198 -0.5436 -0.6590
Y  0.1653  0.6929 -0.7018
Z  0.8381 -0.4738 -0.2703

PART 35
OFFSET  8.2005 -2.6372 -4.3605
X  0.9912 -0.0188 -0.1312
Y  0.0209  0.9997  0.0153
Z  0.1309 -0.0179  0.9912

PART 36
OFFSET  8.2005 -2.6372 -4.3605
X  0.9912 -0.0188 -0.1312
Y  0.0209  0.9997  0.0153
Z  0.1309 -0.0179  0.9912

PART 37
OFFSET  13.7571 -3.0603 -2.7237
X  0.9936 -0.0191 -0.1110
Y  0.0209  0.9997  0.0153
Z  0.1106 -0.0175  0.9937

PART 38
OFFSET  12.4120 -2.7062 -4.6364
X  0.9912 -0.0188 -0.1312
Y  0.0209  0.9997  0.0153
Z  0.1309 -0.0179  0.9912

PART 39
OFFSET  31.7438 -3.0835 -6.4079
X  0.9912 -0.0188 -0.1312
Y  0.0209  0.9997  0.0153
Z  0.1309 -0.0179  0.9912

PART 40
OFFSET  7.1571 -2.5821 -6.5345
X  0.9912 -0.0188 -0.1312
Y  0.0209  0.9997  0.0153
Z  0.1309 -0.0179  0.9912

PART 41
OFFSET  33.4009 -2.9466 -9.3656
X  0.0209  0.9997  0.0153
Y -0.9912  0.0188  0.1312
Z  0.1309 -0.0179  0.9912

PART 42
OFFSET  21.7643 -3.2280 -7.4282
X -0.2576 -0.0093  0.9662
Y -0.9660  0.0242 -0.2573
Z -0.0209 -0.9997 -0.0153

PART 43
OFFSET  21.7643 -3.2280 -7.4282
X  0.0209  0.9997  0.0153
Y -0.9912  0.0188  0.1312
Z  0.1309 -0.0179  0.9912

PART 44
OFFSET  21.3040 -2.9219 -7.8526
X  0.0209  0.9997  0.0153
Y -0.9912  0.0188  0.1312
Z  0.1309 -0.0179  0.9912

PART 45
OFFSET  21.3333 -1.5224 -7.8312
X  0.1303  0.3198  0.9385
Y -0.9912  0.0188  0.1312
Z  0.0244 -0.9473  0.3194

PART 46
OFFSET  31.1378 -2.9152 -8.8832
X  0.9912 -0.0188 -0.1312
Y  0.0209  0.9997  0.0153
Z  0.1309 -0.0179  0.9912

PART 47
OFFSET  30.3879 -1.4968 -9.5394
X  0.8324 -0.4748  0.2857
Y  0.5367  0.5623 -0.6291
Z  0.1381  0.6770  0.7229

PART 48
OFFSET -11.0338 -11.5206 -5.9739
X -0.9406  0.3251 -0.0981
Y -0.2166 -0.3517  0.9107
Z  0.2616  0.8778  0.4012

PART 49
OFFSET  0.3413 -15.4527 -4.7875
X -0.2311 -0.9644  0.1290
Y  0.9715 -0.2215  0.0846
Z -0.0530  0.1448  0.9880

PART 50
OFFSET  2.3065 -7.2505 -5.8846
X -0.2311 -0.9644  0.1290
Y  0.1288 -0.1617 -0.9784
Z  0.9644 -0.2094  0.1616

PART 51
OFFSET  2.0414 -5.8861 -7.3105
X -0.2366 -0.9635  0.1255
Y  0.0393 -0.1386 -0.9896
Z  0.9708 -0.2292  0.0707

PART 52
OFFSET  1.1973 -5.2106 -6.7457
X -0.2366 -0.9635  0.1255
Y  0.0393 -0.1386 -0.9896
Z  0.9708 -0.2292  0.0707

PART 53
OFFSET  1.2871 -4.9503 -5.4049
X -0.2366 -0.9635  0.1255
Y  0.0393 -0.1386 -0.9896
Z  0.9708 -0.2292  0.0707

PART 54
OFFSET  3.0148 -4.2941 -6.2800
X -0.9834 -0.1191 -0.1367
Y  0.1554 -0.1659 -0.9738
Z  0.0934 -0.9789  0.1817

PART 55
OFFSET  3.2689 -3.6784 -5.3534
X -0.5791 -0.6591 -0.4799
Y  0.4740  0.2067 -0.8559
Z  0.6633 -0.7231  0.1927

PART 56
OFFSET  4.4343 -2.2366 -4.2431
X -0.8692 -0.3358  0.3631
Y -0.1852 -0.4597 -0.8685
Z  0.4585 -0.8222  0.3374

PART 57
OFFSET  5.7750 -1.6299 -4.9189
X -0.4186 -0.0265  0.9078
Y -0.7192 -0.6007 -0.3492
Z  0.5546 -0.7990  0.2324

PART 58
OFFSET  6.2146 -1.5545 -5.9052
X -0.8135  0.3699  0.4488
Y  0.0357  0.8020 -0.5963
Z -0.5805 -0.4690 -0.6656

PART 59
OFFSET  3.9946 -4.1731 -7.2438
X -0.9008 -0.2581  0.3493
Y  0.3268 -0.9325  0.1535
Z  0.2861  0.2524  0.9244

PART 60
OFFSET  6.0200 -3.4420 -7.9128
X -0.1173 -0.9909  0.0662
Y  0.8972 -0.1344 -0.4207
Z  0.4258  0.0101  0.9048

PART 61
OFFSET  6.1862 -2.0391 -8.0065
X  0.7212 -0.6054 -0.3366
Y  0.5674  0.7951 -0.2142
Z  0.3973 -0.0365  0.9170

PART 62
OFFSET  5.5467 -1.5023 -7.7081
X  0.8628  0.2882 -0.4154
Y -0.2696  0.9573  0.1042
Z  0.4277  0.0221  0.9036

PART 63
OFFSET  4.7270 -1.7761 -7.3134
X -0.5525 -0.8246  0.1217
Y -0.7046  0.5401  0.4602
Z -0.4452  0.1686 -0.8794

PART 64
OFFSET  4.1206 -4.1733 -6.5412
X -0.9605 -0.2263  0.1619
Y  0.2563 -0.9461  0.1982
Z  0.1083  0.2319  0.9667

PART 65
OFFSET  6.6030 -3.6412 -7.1007
X -0.1281 -0.9746  0.1838
Y  0.8908 -0.1945 -0.4107
Z  0.4360  0.1111  0.8931

PART 66
OFFSET  6.8211 -1.9820 -7.4135
X  0.8344 -0.4237 -0.3526
Y  0.3511  0.9016 -0.2525
Z  0.4249  0.0869  0.9011

PART 67
OFFSET  5.6648 -1.3948 -6.9249
X  0.7917  0.4508 -0.4122
Y -0.4440  0.8881  0.1186
Z  0.4196  0.0891  0.9033

PART 68
OFFSET  4.8061 -1.8838 -6.4778
X -0.3744 -0.8723  0.3144
Y -0.8351  0.4646  0.2945
Z -0.4030 -0.1523 -0.9025

PART 69
OFFSET -1.1595 -5.1744 -5.9280
X -0.9294 -0.3522  0.1103
Y -0.3689  0.8948 -0.2515
Z -0.0101 -0.2744 -0.9616

PART 70
OFFSET  6.7643 -4.0685 -4.9455
X -0.9995  0.0063 -0.0296
Y -0.0089 -0.9961  0.0881
Z -0.0289  0.0884  0.9957

PART 71
OFFSET  8.5241 -4.0796 -4.8934
X -0.3708 -0.9205  0.1231
Y  0.9284 -0.3640  0.0746
Z -0.0239  0.1419  0.9896

PART 72
OFFSET  8.9734 -2.9519 -4.9829
X  0.0399 -0.9967  0.0712
Y  0.9987  0.0420  0.0279
Z -0.0308  0.0700  0.9971

PART 73
OFFSET  8.9284 -1.8261 -5.0633
X -0.9232  0.3062  0.2321
Y  0.2651  0.9449 -0.1923
Z -0.2781 -0.1160 -0.9535

PART 74
OFFSET  6.8113 -4.0856 -6.0491
X -0.2519 -0.9392  0.2332
Y  0.9339 -0.2991 -0.1956
Z  0.2535  0.1686  0.9525

PART 75
OFFSET  7.3034 -2.2508 -6.5048
X  0.8096 -0.5749 -0.1182
Y  0.5163  0.7933 -0.3226
Z  0.2793  0.2002  0.9391

PART 76
OFFSET  6.1209 -1.4110 -6.3321
X  0.8516  0.3750 -0.3664
Y -0.4404  0.8908 -0.1120
Z  0.2844  0.2567  0.9237

PART 77
OFFSET  5.1541 -1.8369 -5.9238
X -0.3898 -0.8729  0.2934
Y -0.8615  0.4582  0.2186
Z -0.3253 -0.1676 -0.9307

PART 78
OFFSET  0.0000 -0.0000 -0.0000
X  1.0000 -0.0000  0.0000
Y  0.0000  1.0000  0.0000
Z  0.0000 -0.0000  1.0000

PART 79
OFFSET  0.0000 -0.0000 -0.0000
X  0.9992 -0.0000  0.0401
Y  0.0008  0.9998 -0.0203
Z -0.0401  0.0203  0.9990

PART 80
OFFSET  1.3735  0.0839  4.1933
X  0.9992 -0.0000  0.0401
Y  0.0008  0.9998 -0.0203
Z -0.0401  0.0203  0.9990


FRAME 2087
PART 0
OFFSET -4.6318 -0.0000 -1.3770
X  1.0000 -0.0000  0.0000
Y  0.0000  1.0000  0.0000
Z  0.0000 -0.0000  1.0000

PART 1
OFFSET -4.6318 -0.0000 -1.3770
X  1.0000 -0.0000  0.0000
Y  0.0000  1.0000  0.0000
Z  0.0000 -0.0000  1.0000

PART 2
OFFSET -3.5060  6.3408 -6.7125
X  0.8162 -0.3349 -0.4708
Y -0.0462 -0.8501  0.5246
Z -0.5760 -0.4064 -0.7093

PART 3
OFFSET  6.3647  2.2902 -12.4068
X  0.8847 -0.2783  0.3741
Y -0.3261  0.2041  0.9230
Z -0.3332 -0.9386  0.0898

PART 4
OFFSET  13.8890 -0.0770 -9.2252
X  0.8847 -0.2783  0.3741
Y -0.1190  0.6410  0.7583
Z -0.4508 -0.7153  0.5339

PART 5
OFFSET  15.9721  1.0434 -9.5855
X  0.8875 -0.2770  0.3684
Y  0.3355  0.9363 -0.1041
Z -0.3160  0.2160  0.9238

PART 6
OFFSET  14.9523 -1.3008 -9.9392
X  0.8875 -0.2770  0.3684
Y  0.3355  0.9363 -0.1041
Z -0.3160  0.2160  0.9238

PART 7
OFFSET  15.5826  0.9976 -7.2980
X  0.8875 -0.2770  0.3684
Y  0.3355  0.9363 -0.1041
Z -0.3160  0.2160  0.9238

PART 8
OFFSET  14.9799 -0.4532 -7.2208
X  0.8875 -0.2770  0.3684
Y  0.3355  0.9363 -0.1041
Z -0.3160  0.2160  0.9238

PART 9
OFFSET  14.4343 -1.5337 -7.7539
X  0.8875 -0.2770  0.3684
Y  0.3355  0.9363 -0.1041
Z -0.3160  0.2160  0.9238

PART 10
OFFSET  16.6011 -0.9302 -8.0785
X  0.9662 -0.2569  0.0199
Y  0.1496  0.6221  0.7685
Z -0.2098 -0.7396  0.6396

PART 11
OFFSET  17.0939 -0.7490 -7.0653
X  0.9424 -0.1134  0.3147
Y -0.0004  0.9404  0.3401
Z -0.3345 -0.3207  0.8862

PART 12
OFFSET  19.1089 -0.9176 -6.3030
X  0.9308 -0.3437 -0.1241
Y  0.3452  0.7154  0.6076
Z -0.1200 -0.6084  0.7845

PART 13
OFFSET  20.5776 -1.5833 -6.4517
X  0.9601 -0.1167  0.2542
Y -0.0089  0.8956  0.4448
Z -0.2796 -0.4293  0.8588

PART 14
OFFSET  21.6029 -1.7140 -6.1300
X  0.8865  0.3742 -0.2723
Y -0.3394  0.1255 -0.9322
Z -0.3146  0.9188  0.2383

PART 15
OFFSET  17.2162 -1.9632 -8.7552
X  0.7429 -0.6362 -0.2083
Y -0.3738 -0.6524  0.6592
Z -0.5553 -0.4118 -0.7225

PART 16
OFFSET  18.9203 -3.4127 -9.0373
X -0.0444 -0.3739  0.9264
Y -0.6321  0.7286  0.2638
Z -0.7736 -0.5739 -0.2687

PART 17
OFFSET  18.8575 -3.9421 -7.7257
X -0.3745  0.1223  0.9191
Y -0.5326  0.7830 -0.3212
Z -0.7590 -0.6098 -0.2281

PART 18
OFFSET  18.5255 -3.8337 -6.9107
X -0.5101  0.3627  0.7799
Y -0.3413  0.7470 -0.5706
Z -0.7895 -0.5573 -0.2573

PART 19
OFFSET  18.0408 -3.4891 -6.1698
X  0.7186 -0.6657 -0.2011
Y -0.0291  0.2601 -0.9651
Z  0.6948  0.6994  0.1675

PART 20
OFFSET  17.5574 -1.5030 -8.3294
X  0.8723 -0.4400 -0.2132
Y -0.2359 -0.7607  0.6047
Z -0.4282 -0.4772 -0.7674

PART 21
OFFSET  19.7329 -2.8620 -8.7521
X  0.0503 -0.7465  0.6635
Y -0.5668  0.5256  0.6344
Z -0.8223 -0.4080 -0.3966

PART 22
OFFSET  19.8187 -4.1329 -7.6226
X -0.4673  0.1014  0.8783
Y -0.3417  0.8955 -0.2852
Z -0.8154 -0.4333 -0.3838

PART 23
OFFSET  19.1710 -3.9923 -6.4054
X -0.5655  0.4262  0.7061
Y -0.1398  0.7942 -0.5913
Z -0.8128 -0.4331 -0.3896

PART 24
OFFSET  18.5577 -3.5301 -5.6396
X  0.5032 -0.8242 -0.2599
Y  0.2447  0.4243 -0.8719
Z  0.8288  0.3751  0.4151

PART 25
OFFSET  19.7047 -1.1307 -6.4541
X  0.8218 -0.5677  0.0480
Y  0.4872  0.6567 -0.5756
Z  0.2953  0.4965  0.8163

PART 26
OFFSET  20.5569 -1.1872 -7.6589
X  0.5278 -0.8469 -0.0652
Y -0.5045 -0.3743  0.7780
Z -0.6833 -0.3777 -0.6248

PART 27
OFFSET  21.4861 -2.6782 -7.7738
X -0.1964 -0.8119  0.5497
Y -0.7354  0.4928  0.4651
Z -0.6486 -0.3129 -0.6939

PART 28
OFFSET  21.2867 -3.6463 -7.0634
X -0.5815 -0.2141  0.7849
Y -0.4435  0.8922 -0.0852
Z -0.6820 -0.3977 -0.6138

PART 29
OFFSET  20.6299 -3.8881 -6.1768
X  0.3978 -0.8476 -0.3512
Y  0.5080  0.5223 -0.6850
Z  0.7640  0.0941  0.6383

PART 30
OFFSET  20.2539 -1.9674 -8.3800
X  0.2484 -0.8676  0.4307
Y -0.6687  0.1681  0.7242
Z -0.7008 -0.4679 -0.5385

PART 31
OFFSET  20.7392 -3.6623 -7.5386
X -0.4674 -0.2754  0.8401
Y -0.5059  0.8626  0.0013
Z -0.7250 -0.4244 -0.5425

PART 32
OFFSET  20.0565 -4.0645 -6.3115
X -0.6740  0.3093  0.6709
Y -0.0788  0.8729 -0.4816
Z -0.7345 -0.3774 -0.5640

PART 33
OFFSET  19.2880 -3.7175 -5.5554
X  0.6141 -0.7705 -0.1708
Y  0.3178  0.4395 -0.8402
Z  0.7224  0.4617  0.5147

PART 34
OFFSET  18.8204 -3.0890 -7.4640
X -0.4829 -0.4904 -0.7255
Y  0.2098  0.7396 -0.6396
Z  0.8501 -0.4611 -0.2543

PART 35
OFFSET  8.2075 -2.5959 -4.2790
X  0.9971 -0.0186 -0.0743
Y  0.0251  0.9958  0.0880
Z  0.0723 -0.0897  0.9933

PART 36
OFFSET  8.2075 -2.5959 -4.2790
X  0.9971 -0.0186 -0.0743
Y  0.0251  0.9958  0.0880
Z  0.0723 -0.0897  0.9933

PART 37
OFFSET  13.6559 -3.1863 -2.3557
X  0.9983 -0.0204 -0.0539
Y  0.0251  0.9958  0.0880
Z  0.0519 -0.0893  0.9947

PART 38
OFFSET  12.4275 -2.6843 -4.3132
X  0.9971 -0.0186 -0.0743
Y  0.0251  0.9958  0.0880
Z  0.0723 -0.0897  0.9933

PART 39
OFFSET  31.8278 -3.1142 -4.9775
X  0.9971 -0.0186 -0.0743
Y  0.0251  0.9958  0.0880
Z  0.0723 -0.0897  0.9933

PART 40
OFFSET  7.2939 -2.3764 -6.5006
X  0.9971 -0.0186 -0.0743
Y  0.0251  0.9958  0.0880
Z  0.0723 -0.0897  0.9933

PART 41
OFFSET  33.6566 -2.7824 -7.8162
X  0.0251  0.9958  0.0880
Y -0.9971  0.0186  0.0743
Z  0.0723 -0.0897  0.9933

PART 42
OFFSET  21.9249 -3.0928 -6.5854
X -0.3140 -0.0758  0.9464
Y -0.9491  0.0514 -0.3107
Z -0.0251 -0.9958 -0.0880

PART 43
OFFSET  21.9249 -3.0928 -6.5854
X  0.0251  0.9958  0.0880
Y -0.9971  0.0186  0.0743
Z  0.0723 -0.0897  0.9933

PART 44
OFFSET  21.4920 -2.7529 -7.0129
X  0.0251  0.9958  0.0880
Y -0.9971  0.0186  0.0743
Z  0.0723 -0.0897  0.9933

PART 45
OFFSET  21.5271 -1.3589 -6.8896
X  0.0330  0.9797  0.1980
Y -0.9971  0.0186  0.0743
Z  0.0691 -0.1998  0.9774

PART 46
OFFSET  31.3693 -2.7643 -7.4655
X  0.9971 -0.0186 -0.0743
Y  0.0251  0.9958  0.0880
Z  0.0723 -0.0897  0.9933

PART 47
OFFSET  30.6665 -1.2958 -8.0609
X  0.8117 -0.5017  0.2989
Y  0.5756  0.6007 -0.5548
Z  0.0988  0.6225  0.7764

PART 48
OFFSET -11.5478 -10.9961 -6.0589
X -0.9397  0.3388 -0.0461
Y -0.1840 -0.3877  0.9033
Z  0.2881  0.8573  0.4266

PART 49
OFFSET -0.1827 -15.0931 -5.5018
X -0.2867 -0.9532  0.0959
Y  0.9579 -0.2841  0.0406
Z -0.0114  0.1035  0.9946

PART 50
OFFSET  2.2562 -6.9858 -6.3173
X -0.2867 -0.9532  0.0959
Y  0.0127 -0.1039 -0.9945
Z  0.9579 -0.2839  0.0419

PART 51
OFFSET  2.0306 -5.5454 -7.6735
X -0.2924 -0.9518  0.0927
Y -0.0018 -0.0963 -0.9953
Z  0.9563 -0.2912  0.0264

PART 52
OFFSET  1.2495 -4.8453 -7.0509
X -0.2924 -0.9518  0.0927
Y -0.0018 -0.0963 -0.9953
Z  0.9563 -0.2912  0.0264

PART 53
OFFSET  1.3993 -4.6513 -5.7043
X -0.2924 -0.9518  0.0927
Y -0.0018 -0.0963 -0.9953
Z  0.9563 -0.2912  0.0264

PART 54
OFFSET  3.1352 -4.0636 -6.6113
X -0.9743 -0.1000 -0.2019
Y  0.2116 -0.0976 -0.9725
Z  0.0775 -0.9902  0.1162

PART 55
OFFSET  3.3375 -3.5179 -5.6297
X -0.5532 -0.6178 -0.5588
Y  0.5246  0.2627 -0.8098
Z  0.6471 -0.7411  0.1787

PART 56
OFFSET  4.4429 -2.1697 -4.3530
X -0.8907 -0.3527  0.2868
Y -0.1362 -0.3949 -0.9086
Z  0.4337 -0.8483  0.3037

PART 57
OFFSET  5.8241 -1.5289 -4.9042
X -0.4714 -0.0872  0.8776
Y -0.7004 -0.5676 -0.4326
Z  0.5359 -0.8187  0.2065

PART 58
OFFSET  6.3213 -1.3875 -5.8553
X -0.8366  0.3445  0.4260
Y  0.0748  0.8421 -0.5342
Z -0.5428 -0.4150 -0.7302

PART 59
OFFSET  4.1705 -3.8834 -7.5052
X -0.9210 -0.2740  0.2768
Y  0.3124 -0.9441  0.1051
Z  0.2325  0.1833  0.9552

PART 60
OFFSET  6.2355 -3.1253 -8.0009
X -0.1261 -0.9919 -0.0119
Y  0.9197 -0.1124 -0.3763
Z  0.3719 -0.0584  0.9264

PART 61
OFFSET  6.4141 -1.7209 -7.9840
X  0.7367 -0.5866 -0.3365
Y  0.5831  0.8030 -0.1232
Z  0.3425 -0.1055  0.9336

PART 62
OFFSET  5.7609 -1.2009 -7.6856
X  0.8872  0.3090 -0.3427
Y -0.2703  0.9499  0.1567
Z  0.3740 -0.0463  0.9263

PART 63
OFFSET  4.9180 -1.4944 -7.3601
X -0.5629 -0.8260  0.0298
Y -0.7277  0.5125  0.4559
Z -0.3918  0.2349 -0.8895

PART 64
OFFSET  4.2550 -3.9348 -6.7983
X -0.9695 -0.2283  0.0890
Y  0.2394 -0.9601  0.1445
Z  0.0525  0.1614  0.9855

PART 65
OFFSET  6.7687 -3.3873 -7.1725
X -0.1437 -0.9840  0.1057
Y  0.9124 -0.1731 -0.3710
Z  0.3833  0.0431  0.9226

PART 66
OFFSET  7.0133 -1.7121 -7.3525
X  0.8515 -0.4052 -0.3328
Y  0.3700  0.9140 -0.1663
Z  0.3716  0.0185  0.9282

PART 67
OFFSET  5.8332 -1.1505 -6.8912
X  0.8169  0.4717 -0.3320
Y -0.4456  0.8815  0.1559
Z  0.3662  0.0206  0.9303

PART 68
OFFSET  4.9473 -1.6621 -6.5311
X -0.3967 -0.8890  0.2287
Y -0.8486  0.4502  0.2779
Z -0.3500 -0.0838 -0.9330

PART 69
OFFSET -1.0571 -4.9279 -6.5671
X -0.9361 -0.3505  0.0304
Y -0.3489  0.9138 -0.2078
Z  0.0451 -0.2051 -0.9777

PART 70
OFFSET  6.8008 -3.9685 -5.0478
X -0.9960  0.0177 -0.0873
Y -0.0191 -0.9997  0.0159
Z -0.0870  0.0175  0.9961

PART 71
OFFSET  8.5544 -3.9996 -4.8942
X -0.3821 -0.9235  0.0350
Y  0.9205 -0.3770  0.1023
Z -0.0813  0.0713  0.9941

PART 72
OFFSET  9.0140 -2.8726 -4.8763
X  0.0305 -0.9995  0.0018
Y  0.9956  0.0306  0.0890
Z -0.0890 -0.0009  0.9960

PART 73
OFFSET  8.9795 -1.7437 -4.8783
X -0.9337  0.2975  0.1992
Y  0.2808  0.9536 -0.1083
Z -0.2222 -0.0452 -0.9740

PART 74
OFFSET  6.9125 -3.9074 -6.1452
X -0.2700 -0.9511  0.1503
Y  0.9423 -0.2931 -0.1618
Z  0.1979  0.0979  0.9753

PART 75
OFFSET  7.4400 -2.0494 -6.4387
X  0.8122 -0.5726 -0.1117
Y  0.5384  0.8095 -0.2343
Z  0.2246  0.1302  0.9657

PART 76
OFFSET  6.2536 -1.2131 -6.2756
X  0.8735  0.3922 -0.2883
Y -0.4285  0.9005 -0.0733
Z  0.2309  0.1876  0.9547

PART 77
OFFSET  5.2624 -1.6580 -5.9558
X -0.4109 -0.8879  0.2069
Y -0.8705  0.4495  0.2003
Z -0.2708 -0.0978 -0.9576

PART 78
OFFSET  0.0000 -0.0000 -0.0000
X  1.0000 -0.0000  0.0000
Y  0.0000  1.0000  0.0000
Z  0.0000 -0.0000  1.0000

PART 79
OFFSET -0.0000 -0.0000 -0.0000
X  1.0000 -0.0000 -0.0052
Y  0.0003  0.9988  0.0495
Z  0.0052 -0.0495  0.9988

PART 80
OFFSET  1.5618 -0.2048  4.1227
X  1.0000 -0.0000 -0.0052
Y  0.0003  0.9988  0.0495
Z  0.0052 -0.0495  0.9988


FRAME 2088
PART 0
OFFSET -4.6318 -0.0000 -1.3770
X  1.0000 -0.0000  0.0000
Y  0.0000  1.0000  0.0000
Z  0.0000 -0.0000  1.0000

PART 1
OFFSET -4.6318 -0.0000 -1.3770
X  1.0000 -0.0000  0.0000
Y  0.0000  1.0000  0.0000
Z  0.0000 -0.0000  1.0000

PART 2
OFFSET -3.5060  6.3408 -6.7125
X  0.8456 -0.3232 -0.4247
Y -0.0569 -0.8458  0.5304
Z -0.5307 -0.4244 -0.7337

PART 3
OFFSET  6.7212  2.4315 -11.8491
X  0.8785 -0.2623  0.3992
Y -0.3552  0.1999  0.9132
Z -0.3194 -0.9440  0.0824

PART 4
OFFSET  14.1935  0.2002 -8.4539
X  0.8785 -0.2623  0.3992
Y -0.1845  0.5845  0.7902
Z -0.4406 -0.7678  0.4651

PART 5
OFFSET  16.2662  1.3559 -8.7581
X  0.8815 -0.2610  0.3936
Y  0.3220  0.9418 -0.0967
Z -0.3454  0.2119  0.9142

PART 6
OFFSET  15.2972 -1.0062 -9.1354
X  0.8815 -0.2610  0.3936
Y  0.3220  0.9418 -0.0967
Z -0.3454  0.2119  0.9142

PART 7
OFFSET  15.8137  1.3070 -6.4824
X  0.8815 -0.2610  0.3936
Y  0.3220  0.9418 -0.0967
Z -0.3454  0.2119  0.9142

PART 8
OFFSET  15.2342 -0.1539 -6.4190
X  0.8815 -0.2610  0.3936
Y  0.3220  0.9418 -0.0967
Z -0.3454  0.2119  0.9142

PART 9
OFFSET  14.7226 -1.2445 -6.9650
X  0.8815 -0.2610  0.3936
Y  0.3220  0.9418 -0.0967
Z -0.3454  0.2119  0.9142

PART 10
OFFSET  16.8868 -0.6041 -7.2301
X  0.9638 -0.2569  0.0720
Y  0.0887  0.5633  0.8215
Z -0.2516 -0.7853  0.5657

PART 11
OFFSET  17.3027 -0.4985 -6.1727
X  0.9174 -0.1357  0.3741
Y -0.0314  0.9124  0.4080
Z -0.3967 -0.3860  0.8328

PART 12
OFFSET  19.2572 -0.7217 -5.2784
X  0.9396 -0.3327 -0.0803
Y  0.2950  0.6684  0.6828
Z -0.1735 -0.6652  0.7262

PART 13
OFFSET  20.7370 -1.3732 -5.3674
X  0.9395 -0.1345  0.3150
Y -0.0472  0.8599  0.5082
Z -0.3392 -0.4923  0.8016

PART 14
OFFSET  21.7367 -1.5266 -4.9814
X  0.9017  0.3942 -0.1777
Y -0.2707  0.1943 -0.9428
Z -0.3371  0.8983  0.2819

PART 15
OFFSET  17.5565 -1.5833 -7.9344
X  0.7602 -0.6183 -0.1996
Y -0.4172 -0.7000  0.5796
Z -0.4981 -0.3573 -0.7901

PART 16
OFFSET  19.2859 -3.0063 -8.1968
X -0.1100 -0.4419  0.8903
Y -0.6544  0.7064  0.2698
Z -0.7481 -0.5529 -0.3669

PART 17
OFFSET  19.1301 -3.6320 -6.9363
X -0.4418  0.0532  0.8955
Y -0.5125  0.8043 -0.3006
Z -0.7363 -0.5918 -0.3281

PART 18
OFFSET  18.7385 -3.5848 -6.1423
X -0.5684  0.3031  0.7649
Y -0.3031  0.7871 -0.5372
Z -0.7649 -0.5372 -0.3555

PART 19
OFFSET  18.1985 -3.2968 -5.4156
X  0.7356 -0.6483 -0.1964
Y  0.0402  0.3312 -0.9427
Z  0.6762  0.6856  0.2698

PART 20
OFFSET  17.8625 -1.1558 -7.4516
X  0.8884 -0.4222 -0.1803
Y -0.2749 -0.8038  0.5275
Z -0.3676 -0.4190 -0.8302

PART 21
OFFSET  20.0718 -2.4777 -7.8123
X  0.0062 -0.7938  0.6081
Y -0.6152  0.4764  0.6281
Z -0.7884 -0.3780 -0.4854

PART 22
OFFSET  20.0823 -3.8292 -6.7770
X -0.5312  0.0354  0.8465
Y -0.3254  0.9140 -0.2424
Z -0.7822 -0.4042 -0.4740

PART 23
OFFSET  19.3461 -3.7802 -5.6038
X -0.6185  0.3720  0.6921
Y -0.1009  0.8359 -0.5395
Z -0.7792 -0.4035 -0.4795

PART 24
OFFSET  18.6753 -3.3768 -4.8532
X  0.5261 -0.8021 -0.2825
Y  0.3054  0.4882 -0.8175
Z  0.7937  0.3438  0.5018

PART 25
OFFSET  19.8638 -0.9224 -5.4005
X  0.8197 -0.5690  0.0662
Y  0.5240  0.6982 -0.4878
Z  0.2313  0.4345  0.8704

PART 26
OFFSET  20.8025 -0.8883 -6.5401
X  0.5365 -0.8392 -0.0888
Y -0.5580 -0.4317  0.7087
Z -0.6331 -0.3307 -0.6999

PART 27
OFFSET  21.7471 -2.3659 -6.6964
X -0.2312 -0.8508  0.4719
Y -0.7707  0.4562  0.4449
Z -0.5938 -0.2608 -0.7611

PART 28
OFFSET  21.5021 -3.3843 -6.0764
X -0.6363 -0.2724  0.7218
Y -0.4417  0.8957 -0.0513
Z -0.6325 -0.3514 -0.6902

PART 29
OFFSET  20.7835 -3.6921 -5.2612
X  0.4279 -0.8187 -0.3828
Y  0.5537  0.5723 -0.6050
Z  0.7144  0.0469  0.6982

PART 30
OFFSET  20.5584 -1.6129 -7.3375
X  0.2215 -0.8971  0.3823
Y -0.7212  0.1131  0.6834
Z -0.6563 -0.4271 -0.6219

PART 31
OFFSET  20.9912 -3.3654 -6.5906
X -0.5261 -0.3376  0.7805
Y -0.5101  0.8597  0.0280
Z -0.6804 -0.3834 -0.6245

PART 32
OFFSET  20.2227 -3.8584 -5.4505
X -0.7235  0.2579  0.6404
Y -0.0487  0.9062 -0.4199
Z -0.6886 -0.3350 -0.6431

PART 33
OFFSET  19.3985 -3.5694 -4.7295
X  0.6299 -0.7552 -0.1817
Y  0.3759  0.5011 -0.7795
Z  0.6797  0.4227  0.5995

PART 34
OFFSET  19.0685 -2.8008 -6.6155
X -0.4252 -0.4354 -0.7935
Y  0.2516  0.7853 -0.5657
Z  0.8694 -0.4402 -0.2244

PART 35
OFFSET  8.2473 -2.5551 -4.1944
X  0.9999 -0.0122 -0.0017
Y  0.0123  0.9865  0.1633
Z -0.0003 -0.1633  0.9866

PART 36
OFFSET  8.2473 -2.5551 -4.1944
X  0.9999 -0.0122 -0.0017
Y  0.0123  0.9865  0.1633
Z -0.0003 -0.1633  0.9866

PART 37
OFFSET  13.5432 -3.2826 -1.9235
X  0.9997 -0.0155  0.0185
Y  0.0123  0.9865  0.1633
Z -0.0208 -0.1630  0.9864

PART 38
OFFSET  12.4588 -2.6372 -3.9236
X  0.9999 -0.0122 -0.0017
Y  0.0123  0.9865  0.1633
Z -0.0003 -0.1633  0.9866

PART 39
OFFSET  31.8578 -3.0002 -3.1848
X  0.9999 -0.0122 -0.0017
Y  0.0123  0.9865  0.1633
Z -0.0003 -0.1633  0.9866

PART 40
OFFSET  7.4981 -2.1716 -6.4550
X  0.9999 -0.0122 -0.0017
Y  0.0123  0.9865  0.1633
Z -0.0003 -0.1633  0.9866

PART 41
OFFSET  33.8882 -2.4564 -5.8483
X  0.0123  0.9865  0.1633
Y -0.9999  0.0122  0.0017
Z -0.0003 -0.1633  0.9866

PART 42
OFFSET  22.1000 -2.8674 -5.5129
X -0.3822 -0.1463  0.9124
Y -0.9240  0.0736 -0.3752
Z -0.0123 -0.9865 -0.1633

PART 43
OFFSET  22.1000 -2.8674 -5.5129
X  0.0123  0.9865  0.1633
Y -0.9999  0.0122  0.0017
Z -0.0003 -0.1633  0.9866

PART 44
OFFSET  21.6975 -2.4970 -5.9448
X  0.0123  0.9865  0.1633
Y -0.9999  0.0122  0.0017
Z -0.0003 -0.1633  0.9866

PART 45
OFFSET  21.7147 -1.1160 -5.7161
X  0.0098  0.8743 -0.4853
Y -0.9999  0.0122  0.0017
Z  0.0074  0.4853  0.8743

PART 46
OFFSET  31.5812 -2.4664 -5.6670
X  0.9999 -0.0122 -0.0017
Y  0.0123  0.9865  0.1633
Z -0.0003 -0.1633  0.9866

PART 47
OFFSET  30.9148 -0.9582 -6.2021
X  0.7907 -0.5219  0.3200
Y  0.6110  0.6408 -0.4647
Z  0.0375  0.5630  0.8256

PART 48
OFFSET -12.3053 -10.2232 -6.1842
X -0.9330  0.3577  0.0383
Y -0.1421 -0.4642  0.8743
Z  0.3305  0.8103  0.4839

PART 49
OFFSET -1.0211 -14.5493 -6.6471
X -0.3794 -0.9247  0.0302
Y  0.9241 -0.3804 -0.0376
Z  0.0462  0.0137  0.9988

PART 50
OFFSET  2.2063 -6.6842 -6.9043
X -0.3794 -0.9247  0.0302
Y  0.0226 -0.0419 -0.9989
Z  0.9249 -0.3783  0.0368

PART 51
OFFSET  2.0681 -5.1117 -8.1181
X -0.3850 -0.9225  0.0275
Y -0.0587 -0.0052 -0.9983
Z  0.9210 -0.3860 -0.0522

PART 52
OFFSET  1.3942 -4.3967 -7.3953
X -0.3850 -0.9225  0.0275
Y -0.0587 -0.0052 -0.9983
Z  0.9210 -0.3860 -0.0522

PART 53
OFFSET  1.6266 -4.3412 -6.0475
X -0.3850 -0.9225  0.0275
Y -0.0587 -0.0052 -0.9983
Z  0.9210 -0.3860 -0.0522

PART 54
OFFSET  3.3695 -3.8493 -6.9971
X -0.9561 -0.0855 -0.2801
Y  0.2831 -0.0247 -0.9588
Z  0.0750 -0.9960  0.0478

PART 55
OFFSET  3.4957 -3.3781 -5.9655
X -0.5067 -0.5749 -0.6424
Y  0.5810  0.3228 -0.7472
Z  0.6369 -0.7518  0.1705

PART 56
OFFSET  4.4957 -2.1278 -4.5141
X -0.9071 -0.3738  0.1933
Y -0.0665 -0.3263 -0.9429
Z  0.4156 -0.8682  0.2711

PART 57
OFFSET  5.9096 -1.4466 -4.9128
X -0.5341 -0.1527  0.8315
Y -0.6631 -0.5344 -0.5241
Z  0.5244 -0.8313  0.1842

PART 58
OFFSET  6.4744 -1.2343 -5.8115
X -0.8678  0.3111  0.3875
Y  0.1085  0.8796 -0.4632
Z -0.4850 -0.3599 -0.7970

PART 59
OFFSET  4.4666 -3.6021 -7.7963
X -0.9371 -0.2946  0.1870
Y  0.3098 -0.9491  0.0575
Z  0.1605  0.1118  0.9807

PART 60
OFFSET  6.5576 -2.8075 -8.0806
X -0.1186 -0.9884 -0.0948
Y  0.9455 -0.0833 -0.3147
Z  0.3032 -0.1269  0.9444

PART 61
OFFSET  6.7256 -1.4081 -7.9465
X  0.7631 -0.5592 -0.3238
Y  0.5855  0.8104 -0.0199
Z  0.2736 -0.1744  0.9459

PART 62
OFFSET  6.0489 -0.9123 -7.6593
X  0.9080  0.3344 -0.2525
Y -0.2871  0.9354  0.2064
Z  0.3052 -0.1149  0.9453

PART 63
OFFSET  5.1863 -1.2300 -7.4195
X -0.5584 -0.8264 -0.0732
Y -0.7625  0.4765  0.4377
Z -0.3268  0.3002 -0.8961

PART 64
OFFSET  4.4992 -3.7060 -7.0908
X -0.9720 -0.2352  0.0001
Y  0.2342 -0.9680  0.0901
Z -0.0211  0.0876  0.9959

PART 65
OFFSET  7.0301 -3.1301 -7.2369
X -0.1448 -0.9892  0.0215
Y  0.9383 -0.1442 -0.3144
Z  0.3142 -0.0254  0.9490

PART 66
OFFSET  7.2767 -1.4459 -7.2735
X  0.8762 -0.3786 -0.2983
Y  0.3754  0.9242 -0.0703
Z  0.3022 -0.0504  0.9519

PART 67
OFFSET  6.0624 -0.9212 -6.8602
X  0.8361  0.4958 -0.2349
Y -0.4615  0.8671  0.1876
Z  0.2967 -0.0484  0.9538

PART 68
OFFSET  5.1556 -1.4589 -6.6054
X -0.4068 -0.9039  0.1322
Y -0.8696  0.4275  0.2472
Z -0.2799 -0.0144 -0.9599

PART 69
OFFSET -0.8091 -4.7179 -7.3266
X -0.9335 -0.3526 -0.0649
Y -0.3385  0.9265 -0.1646
Z  0.1181 -0.1317 -0.9842

PART 70
OFFSET  6.9096 -3.8679 -5.1646
X -0.9870  0.0233 -0.1590
Y -0.0139 -0.9981 -0.0598
Z -0.1600 -0.0568  0.9855

PART 71
OFFSET  8.6474 -3.9089 -4.8848
X -0.3778 -0.9238 -0.0619
Y  0.9129 -0.3828  0.1417
Z -0.1546 -0.0030  0.9880

PART 72
OFFSET  9.0972 -2.7860 -4.7495
X  0.0367 -0.9969 -0.0701
Y  0.9861  0.0247  0.1643
Z -0.1620 -0.0752  0.9839

PART 73
OFFSET  9.0558 -1.6600 -4.6702
X -0.9477  0.2811  0.1513
Y  0.2819  0.9593 -0.0162
Z -0.1497  0.0273 -0.9884

PART 74
OFFSET  7.1013 -3.7251 -6.2432
X -0.2743 -0.9598  0.0589
Y  0.9535 -0.2794 -0.1131
Z  0.1251  0.0252  0.9918

