// Export filename: `C:\projects\cod\t5\xanim_export\t5_viewmodels\ak47\ak47_grenadier_fromgrenade.XANIM_EXPORT`
// Source filename: `D:\projects\devanim\t5\animation_assets\viewmodels\ak47\ViewModel_AK47_GrenadeLauncher_animated.fbx`
// Export time: Sat Jun 05 16:37:12 2010

ANIMATION
VERSION 3

NUMPARTS 77
PART 0 "tag_ads"
PART 1 "tag_torso"
PART 2 "J_Shoulder_LE"
PART 3 "J_Elbow_LE"
PART 4 "J_WristTwist_LE"
PART 5 "J_Sleave_Reshape_Bottom_LE_1"
PART 6 "J_Sleave_Reshape_Bottom_LE_2"
PART 7 "J_Sleave_Reshape_Top_LE_1"
PART 8 "J_Sleave_Reshape_Top_LE_2"
PART 9 "J_Sleave_Reshape_Top_LE_3"
PART 10 "J_Wrist_LE"
PART 11 "J_Thumb_LE_0"
PART 12 "J_Thumb_LE_1"
PART 13 "J_Thumb_LE_2"
PART 14 "J_Thumb_LE_3"
PART 15 "J_PinkyPalm_LE"
PART 16 "J_Pinky_LE_0"
PART 17 "J_Pinky_LE_1"
PART 18 "J_Pinky_LE_2"
PART 19 "J_Pinky_LE_3"
PART 20 "J_RingPalm_LE"
PART 21 "J_Ring_LE_0"
PART 22 "J_Ring_LE_1"
PART 23 "J_Ring_LE_2"
PART 24 "J_Ring_LE_3"
PART 25 "J_Webbing_LE"
PART 26 "J_Index_LE_0"
PART 27 "J_Index_LE_1"
PART 28 "J_Index_LE_2"
PART 29 "J_Index_LE_3"
PART 30 "J_Mid_LE_0"
PART 31 "J_Mid_LE_1"
PART 32 "J_Mid_LE_2"
PART 33 "J_Mid_LE_3"
PART 34 "tag_knife_attach"
PART 35 "tag_weapon"
PART 36 "J_Gun"
PART 37 "J_bolt"
PART 38 "TAG_CLIP"
PART 39 "TAG_FLASH"
PART 40 "TAG_BOUNCING_GRENADE_LAUNCHER"
PART 41 "J_BOUNCING_TRIGGER"
PART 42 "J_BOUNCING_GRENADE_AMMO"
PART 43 "J_BOUNCING_GRENADE_TIP"
PART 44 "J_Shoulder_RI"
PART 45 "J_Elbow_RI"
PART 46 "J_WristTwist_RI"
PART 47 "J_Sleave_Reshape_Top_RI_3"
PART 48 "J_Sleave_Reshape_Top_RI_2"
PART 49 "J_Sleave_Reshape_Top_RI_1"
PART 50 "J_Wrist_RI"
PART 51 "J_Thumb_RI_0"
PART 52 "J_Thumb_RI_1"
PART 53 "J_Thumb_RI_2"
PART 54 "J_Thumb_RI_3"
PART 55 "J_PinkyPalm_RI"
PART 56 "J_Pinky_RI_0"
PART 57 "J_Pinky_RI_1"
PART 58 "J_Pinky_RI_2"
PART 59 "J_Pinky_RI_3"
PART 60 "J_RingPalm_RI"
PART 61 "J_Ring_RI_0"
PART 62 "J_Ring_RI_1"
PART 63 "J_Ring_RI_2"
PART 64 "J_Ring_RI_3"
PART 65 "J_Webbing_RI"
PART 66 "J_Index_RI_0"
PART 67 "J_Index_RI_1"
PART 68 "J_Index_RI_2"
PART 69 "J_Index_RI_3"
PART 70 "J_Mid_RI_0"
PART 71 "J_Mid_RI_1"
PART 72 "J_Mid_RI_2"
PART 73 "J_Mid_RI_3"
PART 74 "tag_cambone"
PART 75 "tag_camera"
PART 76 "tag_gasmask"

FRAMERATE 30
NUMFRAMES 31

FRAME 1600
PART 0
OFFSET -4.6318 -0.0000 -1.3770
X  1.0000 -0.0000  0.0000
Y  0.0000  1.0000  0.0000
Z  0.0000 -0.0000  1.0000

PART 1
OFFSET -4.6318 -0.0000 -1.3770
X  1.0000 -0.0000  0.0000
Y  0.0000  1.0000  0.0000
Z  0.0000 -0.0000  1.0000

PART 2
OFFSET -3.5060  6.3408 -6.7125
X  0.8529 -0.1780 -0.4908
Y -0.0919 -0.9766  0.1945
Z -0.5140 -0.1207 -0.8493

PART 3
OFFSET  6.8085  4.1878 -12.6486
X  0.7091 -0.4323  0.5570
Y -0.6171  0.0017  0.7869
Z -0.3411 -0.9017 -0.2656

PART 4
OFFSET  12.8398  0.5110 -7.9108
X  0.7091 -0.4323  0.5570
Y -0.7024 -0.3641  0.6116
Z -0.0615 -0.8249 -0.5619

PART 5
OFFSET  14.9196  1.5095 -7.2770
X  0.7137 -0.4299  0.5531
Y  0.3480  0.9028  0.2527
Z -0.6079  0.0121  0.7939

PART 6
OFFSET  14.0847 -0.5879 -8.5278
X  0.7137 -0.4299  0.5531
Y  0.3480  0.9028  0.2527
Z -0.6079  0.0121  0.7939

PART 7
OFFSET  13.7864  0.9457 -5.3316
X  0.7137 -0.4299  0.5531
Y  0.3480  0.9028  0.2527
Z -0.6079  0.0121  0.7939

PART 8
OFFSET  12.9242 -0.6258 -5.6295
X  0.7137 -0.4299  0.5531
Y  0.3480  0.9028  0.2527
Z -0.6079  0.0121  0.7939

PART 9
OFFSET  12.5922 -1.4971 -6.5677
X  0.7137 -0.4299  0.5531
Y  0.3480  0.9028  0.2527
Z -0.6079  0.0121  0.7939

PART 10
OFFSET  15.0137 -0.8142 -6.2031
X  0.9269 -0.1157  0.3570
Y -0.3719 -0.4105  0.8326
Z  0.0502 -0.9045 -0.4235

PART 11
OFFSET  15.0924 -1.6338 -5.4129
X  0.5874 -0.7264  0.3567
Y -0.6200 -0.1206  0.7753
Z -0.5202 -0.6766 -0.5212

PART 12
OFFSET  16.2692 -3.2510 -4.5947
X  0.9802 -0.1047 -0.1683
Y  0.0441 -0.7128  0.7000
Z -0.1933 -0.6936 -0.6940

PART 13
OFFSET  17.8272 -3.4552 -4.9859
X  0.4124  0.3954 -0.8207
Y  0.8200 -0.5536  0.1454
Z -0.3969 -0.7329 -0.5526

PART 14
OFFSET  18.2690 -3.0705 -5.8963
X  0.7284  0.6486 -0.2209
Y -0.1821  0.4941  0.8501
Z  0.6606 -0.5790  0.4780

PART 15
OFFSET  16.2064 -0.6554 -6.8781
X  0.9914 -0.0102 -0.1304
Y -0.0424 -0.9683 -0.2461
Z -0.1237  0.2495 -0.9604

PART 16
OFFSET  18.4468 -0.8335 -7.0613
X  0.4215 -0.9015 -0.0983
Y -0.8934 -0.4314  0.1257
Z -0.1557  0.0348 -0.9872

PART 17
OFFSET  19.0435 -2.1098 -7.2005
X -0.8685 -0.4859  0.0983
Y -0.4828  0.8740  0.0546
Z -0.1124 -0.0001 -0.9937

PART 18
OFFSET  18.2735 -2.5406 -7.1133
X -0.9905  0.0074  0.1373
Y  0.0159  0.9980  0.0610
Z -0.1366  0.0626 -0.9887

PART 19
OFFSET  17.3325 -2.5336 -6.9829
X  0.7673 -0.6412 -0.0003
Y  0.6322  0.7566 -0.1672
Z  0.1075  0.1281  0.9859

PART 20
OFFSET  16.1561 -0.8273 -6.1871
X  0.9966  0.0105  0.0815
Y  0.0475 -0.8831 -0.4668
Z  0.0671  0.4691 -0.8806

PART 21
OFFSET  18.7534 -0.8763 -6.0871
X  0.4628 -0.8607 -0.2121
Y -0.8755 -0.4813  0.0431
Z -0.1392  0.1658 -0.9763

PART 22
OFFSET  19.5413 -2.3417 -6.4482
X -0.8552 -0.5177  0.0267
Y -0.5046  0.8431  0.1860
Z -0.1188  0.1456 -0.9822

PART 23
OFFSET  18.3561 -3.0592 -6.4112
X -0.8834  0.4371  0.1690
Y  0.4546  0.8869  0.0825
Z -0.1139  0.1497 -0.9822

PART 24
OFFSET  17.3980 -2.5851 -6.2279
X  0.4585 -0.8574 -0.2339
Y  0.8832  0.4688  0.0128
Z  0.0987 -0.2125  0.9722

PART 25
OFFSET  17.3075 -2.3074 -4.0076
X  0.9580 -0.2810  0.0571
Y  0.2068  0.8151  0.5411
Z -0.1986 -0.5066  0.8390

PART 26
OFFSET  18.3263 -1.2385 -4.0267
X  0.9929 -0.1191  0.0022
Y -0.1006 -0.8479 -0.5205
Z  0.0638  0.5166 -0.8539

PART 27
OFFSET  20.0744 -1.4481 -4.0228
X  0.8955 -0.3721 -0.2441
Y -0.4446 -0.7235 -0.5281
Z  0.0199  0.5814 -0.8134

PART 28
OFFSET  21.1619 -1.9358 -4.2702
X  0.7054 -0.6441 -0.2958
Y -0.6989 -0.5628 -0.4413
Z  0.1177  0.5180 -0.8472

PART 29
OFFSET  21.9586 -2.6634 -4.6043
X  0.4344  0.8635  0.2563
Y -0.8913  0.3710  0.2609
Z  0.1301 -0.3418  0.9307

PART 30
OFFSET  18.6399 -0.9431 -5.0439
X  0.5699 -0.7469 -0.3426
Y -0.7999 -0.5997 -0.0231
Z -0.1882  0.2872 -0.9392

PART 31
OFFSET  19.7532 -2.4022 -5.7132
X -0.8333 -0.5525  0.0192
Y -0.5037  0.7731  0.3854
Z -0.2278  0.3115 -0.9226

PART 32
OFFSET  18.5361 -3.2092 -5.6852
X -0.9074  0.2579  0.3318
Y  0.3529  0.8963  0.2685
Z -0.2281  0.3607 -0.9043

PART 33
OFFSET  17.5065 -2.9152 -5.3160
X  0.4850 -0.7933 -0.3681
Y  0.8348  0.5454 -0.0755
Z  0.2606 -0.2707  0.9267

PART 34
OFFSET  17.8037 -2.2851 -6.3292
X  0.0185  0.4248 -0.9051
Y -0.0502  0.9045  0.4235
Z  0.9986  0.0376  0.0381

PART 35
OFFSET  8.3599 -2.5687 -5.1035
X  0.9910  0.0000  0.1335
Y -0.0271  0.9791  0.2014
Z -0.1307 -0.2032  0.9704

PART 36
OFFSET  8.3599 -2.5687 -5.1035
X  0.9910  0.0000  0.1335
Y -0.0271  0.9791  0.2014
Z -0.1307 -0.2032  0.9704

PART 37
OFFSET  13.3125 -3.3236 -2.1650
X  0.9882 -0.0042  0.1533
Y -0.0271  0.9791  0.2014
Z -0.1509 -0.2032  0.9674

PART 38
OFFSET  12.4971 -2.6107 -4.2674
X  0.9910  0.0000  0.1335
Y -0.0271  0.9791  0.2014
Z -0.1307 -0.2032  0.9704

PART 39
OFFSET  28.4576 -2.3319 -3.4694
X  0.9910  0.0000  0.1335
Y -0.0271  0.9791  0.2014
Z -0.1307 -0.2032  0.9704

PART 40
OFFSET  0.6269 -1.7957 -9.9029
X  0.9910  0.0000  0.1335
Y -0.0271  0.9791  0.2014
Z -0.1307 -0.2032  0.9704

PART 41
OFFSET  20.7975 -2.3646 -4.4072
X  0.9910  0.0000  0.1335
Y -0.0271  0.9791  0.2014
Z -0.1307 -0.2032  0.9704

PART 42
OFFSET  23.4909 -2.3397 -4.1788
X  0.9910  0.0000  0.1335
Y -0.0271  0.9791  0.2014
Z -0.1307 -0.2032  0.9704

PART 43
OFFSET  27.8557 -2.3397 -3.5908
X  0.9910  0.0000  0.1335
Y -0.0271  0.9791  0.2014
Z -0.1307 -0.2032  0.9704

PART 44
OFFSET -17.6076 -4.8127 -7.0611
X -0.8904  0.0424  0.4533
Y -0.1780 -0.9488 -0.2608
Z  0.4190 -0.3129  0.8524

PART 45
OFFSET -6.8396 -5.3253 -12.5429
X -0.9306 -0.1312 -0.3417
Y  0.3610 -0.1748 -0.9161
Z  0.0605 -0.9758  0.2101

PART 46
OFFSET  1.0757 -4.2092 -9.6370
X -0.9306 -0.1312 -0.3417
Y  0.3464 -0.0142 -0.9380
Z  0.1182 -0.9913  0.0587

PART 47
OFFSET  2.0963 -2.7333 -8.7739
X -0.9329 -0.1273 -0.3369
Y -0.0629  0.9787 -0.1954
Z  0.3546 -0.1611 -0.9210

PART 48
OFFSET  2.1630 -3.2055 -7.6512
X -0.9329 -0.1273 -0.3369
Y -0.0629  0.9787 -0.1954
Z  0.3546 -0.1611 -0.9210

PART 49
OFFSET  2.3886 -4.5424 -7.4633
X -0.9329 -0.1273 -0.3369
Y -0.0629  0.9787 -0.1954
Z  0.3546 -0.1611 -0.9210

PART 50
OFFSET  3.9287 -3.8069 -8.5896
X -0.9079 -0.0856 -0.4103
Y  0.4104  0.0177 -0.9117
Z  0.0853 -0.9962  0.0191

PART 51
OFFSET  3.9061 -3.3765 -7.5330
X -0.4052 -0.5545 -0.7269
Y  0.6709  0.3598 -0.6484
Z  0.6211 -0.7504  0.2262

PART 52
OFFSET  4.6790 -2.1741 -5.9123
X -0.9183 -0.3923  0.0540
Y  0.0671 -0.2885 -0.9551
Z  0.3902 -0.8734  0.2913

PART 53
OFFSET  6.1217 -1.4602 -6.0890
X -0.6387 -0.1928  0.7449
Y -0.5768 -0.5207 -0.6294
Z  0.5092 -0.8317  0.2214

PART 54
OFFSET  6.7989 -1.2048 -6.8940
X -0.9175  0.2846  0.2780
Y  0.1547  0.8989 -0.4099
Z -0.3665 -0.3331 -0.8687

PART 55
OFFSET  5.1192 -3.5143 -9.2226
X -0.9485 -0.3133  0.0466
Y  0.3158 -0.9468  0.0623
Z  0.0246  0.0738  0.9970

PART 56
OFFSET  7.2152 -2.6836 -9.1898
X -0.0874 -0.9851 -0.1480
Y  0.9807 -0.0590 -0.1865
Z  0.1750 -0.1615  0.9712

PART 57
OFFSET  7.3390 -1.2889 -8.9802
X  0.8095 -0.5364 -0.2387
Y  0.5685  0.8176  0.0910
Z  0.1463 -0.2093  0.9668

PART 58
OFFSET  6.6212 -0.8133 -8.7686
X  0.9278  0.3553 -0.1139
Y -0.3286  0.9227  0.2014
Z  0.1767 -0.1495  0.9729

PART 59
OFFSET  5.7398 -1.1509 -8.6604
X -0.5289 -0.8294 -0.1800
Y -0.8228  0.4491  0.3483
Z -0.2080  0.3323 -0.9199

PART 60
OFFSET  5.0580 -3.6463 -8.5237
X -0.9588 -0.2467 -0.1408
Y  0.2368 -0.9680  0.0836
Z -0.1569  0.0468  0.9865

PART 61
OFFSET  7.5750 -3.0343 -8.3029
X -0.1291 -0.9910 -0.0365
Y  0.9745 -0.1199 -0.1896
Z  0.1835 -0.0601  0.9812

PART 62
OFFSET  7.7948 -1.3472 -8.2407
X  0.9149 -0.3555 -0.1910
Y  0.3652  0.9308  0.0170
Z  0.1718 -0.0853  0.9814

PART 63
OFFSET  6.5268 -0.8545 -7.9759
X  0.8513  0.5150 -0.1000
Y -0.4977  0.8531  0.1566
Z  0.1660 -0.0835  0.9826

PART 64
OFFSET  5.6034 -1.4130 -7.8674
X -0.4051 -0.9134  0.0408
Y -0.9023  0.4066  0.1432
Z -0.1474  0.0212 -0.9888

PART 65
OFFSET -0.1513 -4.7120 -9.5161
X -0.9099 -0.3609 -0.2044
Y -0.3293  0.9282 -0.1731
Z  0.2522 -0.0902 -0.9635

PART 66
OFFSET  7.1886 -3.8570 -6.2961
X -0.9568  0.0178 -0.2903
Y  0.0117 -0.9950 -0.0996
Z -0.2906 -0.0987  0.9517

PART 67
OFFSET  8.8732 -3.8883 -5.7849
X -0.3497 -0.9250 -0.1482
Y  0.8920 -0.3772  0.2493
Z -0.2865 -0.0450  0.9570

PART 68
OFFSET  9.2809 -2.7665 -5.5466
X  0.0632 -0.9927 -0.1029
Y  0.9543  0.0299  0.2973
Z -0.2921 -0.1170  0.9492

PART 69
OFFSET  9.2095 -1.6453 -5.4304
X -0.9642  0.2632  0.0321
Y  0.2647  0.9625  0.0592
Z -0.0153  0.0656 -0.9977

PART 70
OFFSET  7.5217 -3.6683 -7.3324
X -0.2629 -0.9647 -0.0159
Y  0.9648 -0.2631  0.0065
Z -0.0105 -0.0136  0.9999

PART 71
OFFSET  8.0354 -1.7837 -7.3014
X  0.8367 -0.5477 -0.0029
Y  0.5475  0.8364 -0.0256
Z  0.0165  0.0198  0.9997

PART 72
OFFSET  6.8133 -0.9837 -7.2971
X  0.9004  0.4315 -0.0546
Y -0.4344  0.8987 -0.0605
Z  0.0230  0.0782  0.9967

PART 73
OFFSET  5.7931 -1.4724 -7.2423
X -0.4145 -0.9099  0.0168
Y -0.9078  0.4147  0.0632
Z -0.0645  0.0109 -0.9979

PART 74
OFFSET  0.0000 -0.0000 -0.0000
X  1.0000 -0.0000  0.0000
Y  0.0000  1.0000  0.0000
Z  0.0000 -0.0000  1.0000

PART 75
OFFSET  0.0000 -0.0000 -0.0000
X  1.0000 -0.0000  0.0000
Y  0.0000  1.0000  0.0000
Z  0.0000 -0.0000  1.0000

PART 76
OFFSET  1.5404 -0.0000  4.1357
X  1.0000 -0.0000  0.0000
Y  0.0000  1.0000  0.0000
Z  0.0000 -0.0000  1.0000


FRAME 1601
PART 0
OFFSET -4.6318 -0.0000 -1.3770
X  1.0000 -0.0000  0.0000
Y  0.0000  1.0000  0.0000
Z  0.0000 -0.0000  1.0000

PART 1
OFFSET -4.6318 -0.0000 -1.3770
X  1.0000 -0.0000  0.0000
Y  0.0000  1.0000  0.0000
Z  0.0000 -0.0000  1.0000

PART 2
OFFSET -3.5060  6.3408 -6.7125
X  0.8545 -0.1795 -0.4875
Y -0.0928 -0.9761  0.1966
Z -0.5111 -0.1227 -0.8507

PART 3
OFFSET  6.8279  4.1705 -12.6085
X  0.7081 -0.4311  0.5593
Y -0.6187  0.0031  0.7856
Z -0.3404 -0.9023 -0.2645

PART 4
OFFSET  12.8501  0.5038 -7.8514
X  0.7081 -0.4311  0.5593
Y -0.7036 -0.3634  0.6106
Z -0.0600 -0.8259 -0.5606

PART 5
OFFSET  14.9285  1.5038 -7.2154
X  0.7126 -0.4287  0.5554
Y  0.3473  0.9034  0.2516
Z -0.6095  0.0136  0.7926

PART 6
OFFSET  14.0964 -0.5961 -8.4637
X  0.7126 -0.4287  0.5554
Y  0.3473  0.9034  0.2516
Z -0.6095  0.0136  0.7926

PART 7
OFFSET  13.7915  0.9437 -5.2712
X  0.7126 -0.4287  0.5554
Y  0.3473  0.9034  0.2516
Z -0.6095  0.0136  0.7926

PART 8
OFFSET  12.9310 -0.6279 -5.5684
X  0.7126 -0.4287  0.5554
Y  0.3473  0.9034  0.2516
Z -0.6095  0.0136  0.7926

PART 9
OFFSET  12.6010 -1.5010 -6.5055
X  0.7126 -0.4287  0.5554
Y  0.3473  0.9034  0.2516
Z -0.6095  0.0136  0.7926

PART 10
OFFSET  15.0208 -0.8177 -6.1367
X  0.9258 -0.1154  0.3601
Y -0.3746 -0.4092  0.8320
Z  0.0513 -0.9051 -0.4220

PART 11
OFFSET  15.0968 -1.6362 -5.3451
X  0.5756 -0.7254  0.3775
Y -0.6503 -0.1261  0.7491
Z -0.4958 -0.6767 -0.5443

PART 12
OFFSET  16.2464 -3.2517 -4.4860
X  0.9870 -0.1158 -0.1113
Y -0.0040 -0.7106  0.7036
Z -0.1606 -0.6940 -0.7018

PART 13
OFFSET  17.8220 -3.4740 -4.7862
X  0.5347  0.3392 -0.7740
Y  0.7630 -0.5874  0.2696
Z -0.3632 -0.7347 -0.5729

PART 14
OFFSET  18.3966 -3.1508 -5.6448
X  0.7852  0.6013 -0.1478
Y -0.2612  0.5380  0.8014
Z  0.5614 -0.5907  0.5795

PART 15
OFFSET  16.2157 -0.6602 -6.8082
X  0.9913 -0.0096 -0.1316
Y -0.0418 -0.9689 -0.2439
Z -0.1252  0.2473 -0.9608

PART 16
OFFSET  18.4560 -0.8365 -6.9939
X  0.4863 -0.8676 -0.1040
Y -0.8600 -0.4963  0.1187
Z -0.1546  0.0317 -0.9875

PART 17
OFFSET  19.1445 -2.0648 -7.1411
X -0.7931 -0.6029  0.0867
Y -0.5993  0.7978  0.0657
Z -0.1088  0.0001 -0.9941

PART 18
OFFSET  18.4413 -2.5994 -7.0642
X -0.9786 -0.1587  0.1306
Y -0.1492  0.9856  0.0799
Z -0.1414  0.0587 -0.9882

PART 19
OFFSET  17.5116 -2.7501 -6.9401
X  0.8626 -0.5058 -0.0072
Y  0.4993  0.8536 -0.1486
Z  0.0813  0.1246  0.9889

PART 20
OFFSET  16.1632 -0.8311 -6.1172
X  0.9964  0.0104  0.0846
Y  0.0488 -0.8837 -0.4654
Z  0.0699  0.4679 -0.8810

PART 21
OFFSET  18.7603 -0.8782 -6.0121
X  0.5300 -0.8219 -0.2088
Y -0.8373 -0.5462  0.0241
Z -0.1339  0.1621 -0.9777

PART 22
OFFSET  19.6627 -2.2774 -6.3676
X -0.7765 -0.6301 -0.0037
Y -0.6201  0.7631  0.1820
Z -0.1118  0.1436 -0.9833

PART 23
OFFSET  18.5865 -3.1507 -6.3727
X -0.9520  0.2698  0.1448
Y  0.2867  0.9514  0.1122
Z -0.1075  0.1483 -0.9831

PART 24
OFFSET  17.5541 -2.8581 -6.2157
X  0.6109 -0.7572 -0.2311
Y  0.7848  0.6176  0.0510
Z  0.1041 -0.2125  0.9716

PART 25
OFFSET  17.3074 -2.3083 -3.9319
X  0.9578 -0.2811  0.0605
Y  0.2053  0.8158  0.5406
Z -0.2013 -0.5054  0.8391

PART 26
OFFSET  18.3265 -1.2395 -3.9494
X  0.9949 -0.0986  0.0193
Y -0.0749 -0.8564 -0.5108
Z  0.0669  0.5068 -0.8595

PART 27
OFFSET  20.0782 -1.4131 -3.9154
X  0.9102 -0.3504 -0.2207
Y -0.4135 -0.7425 -0.5270
Z  0.0208  0.5710 -0.8207

PART 28
OFFSET  21.1836 -1.8737 -4.1338
X  0.7368 -0.6211 -0.2671
Y -0.6652 -0.5952 -0.4509
Z  0.1210  0.5099 -0.8517

PART 29
OFFSET  22.0158 -2.5752 -4.4355
X  0.3946  0.8829  0.2544
Y -0.9113  0.3406  0.2314
Z  0.1177 -0.3231  0.9390

PART 30
OFFSET  18.6433 -0.9457 -4.9661
X  0.6224 -0.7107 -0.3280
Y -0.7626 -0.6449 -0.0497
Z -0.1762  0.2811 -0.9434

PART 31
OFFSET  19.8592 -2.3340 -5.6068
X -0.7530 -0.6569 -0.0373
Y -0.6208  0.6906  0.3711
Z -0.2180  0.3026 -0.9279

PART 32
OFFSET  18.7593 -3.2935 -5.6613
X -0.9579  0.0896  0.2727
Y  0.1771  0.9321  0.3159
Z -0.2259  0.3509 -0.9088

PART 33
OFFSET  17.6727 -3.1902 -5.3591
X  0.6359 -0.6865 -0.3527
Y  0.7332  0.6800 -0.0017
Z  0.2410 -0.2575  0.9357

PART 34
OFFSET  17.8108 -2.2893 -6.2521
X  0.0214  0.4235 -0.9056
Y -0.0513  0.9051  0.4220
Z  0.9985  0.0375  0.0411

PART 35
OFFSET  8.3632 -2.5694 -5.0554
X  0.9906 -0.0000  0.1366
Y -0.0276  0.9794  0.1999
Z -0.1338 -0.2018  0.9702

PART 36
OFFSET  8.3632 -2.5694 -5.0554
X  0.9906 -0.0000  0.1366
Y -0.0276  0.9794  0.1999
Z -0.1338 -0.2018  0.9702

PART 37
OFFSET  13.3065 -3.3210 -2.1005
X  0.9877 -0.0041  0.1564
Y -0.0276  0.9794  0.1999
Z -0.1540 -0.2018  0.9673

PART 38
OFFSET  12.4978 -2.6110 -4.2064
X  0.9906 -0.0000  0.1366
Y -0.0276  0.9794  0.1999
Z -0.1338 -0.2018  0.9702

PART 39
OFFSET  28.4661 -2.3355 -3.3506
X  0.9906 -0.0000  0.1366
Y -0.0276  0.9794  0.1999
Z -0.1338 -0.2018  0.9702

PART 40
OFFSET  0.6454 -1.8018 -9.8800
X  0.9906 -0.0000  0.1366
Y -0.0276  0.9794  0.1999
Z -0.1338 -0.2018  0.9702

PART 41
OFFSET  20.7986 -2.3667 -4.3206
X  0.9906 -0.0000  0.1366
Y -0.0276  0.9794  0.1999
Z -0.1338 -0.2018  0.9702

PART 42
OFFSET  23.4913 -2.3419 -4.0838
X  0.9906 -0.0000  0.1366
Y -0.0276  0.9794  0.1999
Z -0.1338 -0.2018  0.9702

PART 43
OFFSET  27.8542 -2.3420 -3.4822
X  0.9906 -0.0000  0.1366
Y -0.0276  0.9794  0.1999
Z -0.1338 -0.2018  0.9702

PART 44
OFFSET -17.6076 -4.8127 -7.0611
X -0.8916  0.0420  0.4508
Y -0.1773 -0.9486 -0.2622
Z  0.4166 -0.3137  0.8532

PART 45
OFFSET -6.8245 -5.3210 -12.5135
X -0.9305 -0.1304 -0.3422
Y  0.3613 -0.1743 -0.9160
Z  0.0598 -0.9760  0.2093

PART 46
OFFSET  1.0900 -4.2116 -9.6027
X -0.9305 -0.1304 -0.3422
Y  0.3471 -0.0158 -0.9377
Z  0.1169 -0.9913  0.0599

PART 47
OFFSET  2.1110 -2.7370 -8.7379
X -0.9328 -0.1265 -0.3374
Y -0.0623  0.9789 -0.1947
Z  0.3549 -0.1606 -0.9210

PART 48
OFFSET  2.1768 -3.2100 -7.6156
X -0.9328 -0.1265 -0.3374
Y -0.0623  0.9789 -0.1947
Z  0.3549 -0.1606 -0.9210

PART 49
OFFSET  2.4016 -4.5472 -7.4286
X -0.9328 -0.1265 -0.3374
Y -0.0623  0.9789 -0.1947
Z  0.3549 -0.1606 -0.9210

PART 50
OFFSET  3.9427 -3.8117 -8.5536
X -0.9067 -0.0860 -0.4130
Y  0.4132  0.0163 -0.9105
Z  0.0850 -0.9962  0.0208

PART 51
OFFSET  3.9169 -3.3798 -7.4977
X -0.4030 -0.5554 -0.7274
Y  0.6729  0.3588 -0.6469
Z  0.6202 -0.7502  0.2292

PART 52
OFFSET  4.6849 -2.1753 -5.8763
X -0.9185 -0.3920  0.0517
Y  0.0700 -0.2899 -0.9545
Z  0.3892 -0.8731  0.2937

PART 53
OFFSET  6.1283 -1.4619 -6.0495
X -0.6411 -0.1916  0.7432
Y -0.5750 -0.5215 -0.6304
Z  0.5083 -0.8315  0.2242

PART 54
OFFSET  6.8081 -1.2078 -6.8527
X -0.9183  0.2852  0.2747
Y  0.1561  0.8983 -0.4107
Z -0.3639 -0.3343 -0.8694

PART 55
OFFSET  5.1352 -3.5202 -9.1832
X -0.9487 -0.3130  0.0441
Y  0.3154 -0.9468  0.0647
Z  0.0215  0.0753  0.9969

PART 56
OFFSET  7.2313 -2.6899 -9.1451
X -0.0872 -0.9853 -0.1469
Y  0.9812 -0.0595 -0.1834
Z  0.1720 -0.1601  0.9720

PART 57
OFFSET  7.3547 -1.2949 -8.9371
X  0.8102 -0.5369 -0.2354
Y  0.5684  0.8176  0.0916
Z  0.1433 -0.2080  0.9676

PART 58
OFFSET  6.6364 -0.8189 -8.7284
X  0.9282  0.3550 -0.1115
Y -0.3291  0.9231  0.1991
Z  0.1736 -0.1481  0.9736

PART 59
OFFSET  5.7546 -1.1561 -8.6225
X -0.5285 -0.8295 -0.1805
Y -0.8238  0.4497  0.3451
Z -0.2051  0.3311 -0.9211

PART 60
OFFSET  5.0719 -3.6512 -8.4844
X -0.9584 -0.2467 -0.1435
Y  0.2363 -0.9679  0.0857
Z -0.1600  0.0483  0.9859

PART 61
OFFSET  7.5883 -3.0394 -8.2566
X -0.1292 -0.9910 -0.0355
Y  0.9751 -0.1204 -0.1864
Z  0.1804 -0.0587  0.9818

PART 62
OFFSET  7.8082 -1.3523 -8.1961
X  0.9155 -0.3560 -0.1877
Y  0.3654  0.9307  0.0168
Z  0.1687 -0.0840  0.9821

PART 63
OFFSET  6.5394 -0.8589 -7.9360
X  0.8518  0.5147 -0.0981
Y -0.4980  0.8534  0.1538
Z  0.1629 -0.0821  0.9832

PART 64
OFFSET  5.6157 -1.4171 -7.8296
X -0.4054 -0.9132  0.0409
Y -0.9027  0.4070  0.1398
Z -0.1443  0.0198 -0.9893

PART 65
OFFSET -0.1346 -4.7173 -9.4915
X -0.9093 -0.3610 -0.2067
Y -0.3286  0.9280 -0.1754
Z  0.2552 -0.0916 -0.9625

PART 66
OFFSET  7.1955 -3.8592 -6.2498
X -0.9558  0.0176 -0.2933
Y  0.0118 -0.9951 -0.0982
Z -0.2936 -0.0973  0.9510

PART 67
OFFSET  8.8784 -3.8901 -5.7334
X -0.3495 -0.9252 -0.1480
Y  0.8911 -0.3770  0.2526
Z -0.2895 -0.0436  0.9562

PART 68
OFFSET  9.2856 -2.7680 -5.4954
X  0.0633 -0.9928 -0.1013
Y  0.9534  0.0302  0.3003
Z -0.2950 -0.1156  0.9485

PART 69
OFFSET  9.2141 -1.6466 -5.3810
X -0.9642  0.2634  0.0287
Y  0.2647  0.9625  0.0587
Z -0.0122  0.0642 -0.9979

PART 70
OFFSET  7.5318 -3.6720 -7.2854
X -0.2631 -0.9647 -0.0153
Y  0.9647 -0.2632  0.0099
Z -0.0136 -0.0122  0.9998

PART 71
OFFSET  8.0457 -1.7875 -7.2554
X  0.8366 -0.5479  0.0005
Y  0.5477  0.8363 -0.0251
Z  0.0134  0.0212  0.9997

PART 72
OFFSET  6.8239 -0.9872 -7.2561
X  0.9007  0.4313 -0.0524
Y -0.4340  0.8987 -0.0632
Z  0.0199  0.0796  0.9966

PART 73
OFFSET  5.8033 -1.4757 -7.2038
X -0.4147 -0.9098  0.0168
Y -0.9079  0.4149  0.0598
Z -0.0614  0.0095 -0.9981

PART 74
OFFSET  0.0000 -0.0000 -0.0000
X  1.0000 -0.0000  0.0000
Y  0.0000  1.0000  0.0000
Z  0.0000 -0.0000  1.0000

PART 75
OFFSET  0.0000 -0.0000 -0.0000
X  1.0000 -0.0000  0.0000
Y  0.0000  1.0000  0.0000
Z  0.0000 -0.0000  1.0000

PART 76
OFFSET  1.5404 -0.0000  4.1357
X  1.0000 -0.0000  0.0000
Y  0.0000  1.0000  0.0000
Z  0.0000 -0.0000  1.0000


FRAME 1602
PART 0
OFFSET -4.6318 -0.0000 -1.3770
X  1.0000 -0.0000  0.0000
Y  0.0000  1.0000  0.0000
Z  0.0000 -0.0000  1.0000

PART 1
OFFSET -4.6318 -0.0000 -1.3770
X  1.0000 -0.0000  0.0000
Y  0.0000  1.0000  0.0000
Z  0.0000 -0.0000  1.0000

PART 2
OFFSET -3.5060  6.3408 -6.7125
X  0.8586 -0.1833 -0.4788
Y -0.0953 -0.9747  0.2021
Z -0.5038 -0.1279 -0.8543

PART 3
OFFSET  6.8774  4.1245 -12.5036
X  0.7053 -0.4280  0.5651
Y -0.6227  0.0069  0.7825
Z -0.3388 -0.9038 -0.2616

PART 4
OFFSET  12.8766  0.4845 -7.6972
X  0.7053 -0.4280  0.5651
Y -0.7066 -0.3614  0.6083
Z -0.0561 -0.8284 -0.5573

PART 5
OFFSET  14.9514  1.4884 -7.0558
X  0.7099 -0.4256  0.5611
Y  0.3458  0.9048  0.2487
Z -0.6135  0.0175  0.7895

PART 6
OFFSET  14.1263 -0.6182 -8.2975
X  0.7099 -0.4256  0.5611
Y  0.3458  0.9048  0.2487
Z -0.6135  0.0175  0.7895

PART 7
OFFSET  13.8048  0.9379 -5.1146
X  0.7099 -0.4256  0.5611
Y  0.3458  0.9048  0.2487
Z -0.6135  0.0175  0.7895

PART 8
OFFSET  12.9489 -0.6336 -5.4099
X  0.7099 -0.4256  0.5611
Y  0.3458  0.9048  0.2487
Z -0.6135  0.0175  0.7895

PART 9
OFFSET  12.6239 -1.5116 -6.3441
X  0.7099 -0.4256  0.5611
Y  0.3458  0.9048  0.2487
Z -0.6135  0.0175  0.7895

PART 10
OFFSET  15.0390 -0.8275 -5.9648
X  0.9228 -0.1145  0.3679
Y -0.3815 -0.4057  0.8306
Z  0.0542 -0.9068 -0.4181

PART 11
OFFSET  15.1082 -1.6429 -5.1694
X  0.5375 -0.7269  0.4275
Y -0.7248 -0.1392  0.6748
Z -0.4310 -0.6725 -0.6016

PART 12
OFFSET  16.1718 -3.2628 -4.2131
X  0.9880 -0.1498  0.0372
Y -0.1332 -0.7060  0.6956
Z -0.0779 -0.6922 -0.7175

PART 13
OFFSET  17.7660 -3.5400 -4.2750
X  0.8009  0.1799 -0.5711
Y  0.5317 -0.6524  0.5401
Z -0.2754 -0.7362 -0.6182

PART 14
OFFSET  18.6286 -3.3902 -4.9117
X  0.8777  0.4713  0.0868
Y -0.4124  0.6506  0.6377
Z  0.2441 -0.5955  0.7654

PART 15
OFFSET  16.2393 -0.6732 -6.6273
X  0.9908 -0.0081 -0.1348
Y -0.0404 -0.9703 -0.2385
Z -0.1289  0.2417 -0.9617

PART 16
OFFSET  18.4793 -0.8456 -6.8194
X  0.6407 -0.7589 -0.1165
Y -0.7527 -0.6508  0.0996
Z -0.1514  0.0239 -0.9882

PART 17
OFFSET  19.3865 -1.9200 -6.9844
X -0.5311 -0.8457  0.0523
Y -0.8413  0.5336  0.0858
Z -0.1005  0.0016 -0.9949

PART 18
OFFSET  18.9156 -2.6698 -6.9380
X -0.8248 -0.5563  0.1014
Y -0.5448  0.8298  0.1213
Z -0.1516  0.0448 -0.9874

PART 19
OFFSET  18.1321 -3.1984 -6.8417
X  0.9947 -0.1019 -0.0109
Y  0.1003  0.9901 -0.0985
Z  0.0208  0.0969  0.9951

PART 20
OFFSET  16.1811 -0.8414 -5.9360
X  0.9957  0.0102  0.0925
Y  0.0520 -0.8856 -0.4616
Z  0.0772  0.4644 -0.8823

PART 21
OFFSET  18.7778 -0.8839 -5.8183
X  0.6882 -0.6994 -0.1927
Y -0.7155 -0.6982 -0.0211
Z -0.1197  0.1524 -0.9810

PART 22
OFFSET  19.9495 -2.0747 -6.1463
X -0.5062 -0.8593 -0.0727
Y -0.8573  0.4922  0.1512
Z -0.0942  0.1388 -0.9858

PART 23
OFFSET  19.2480 -3.2657 -6.2470
X -0.9798 -0.1895  0.0634
Y -0.1775  0.9712  0.1592
Z -0.0918  0.1448 -0.9852

PART 24
OFFSET  18.1853 -3.4712 -6.1782
X  0.8997 -0.3924 -0.1914
Y  0.4203  0.8971  0.1363
Z  0.1182 -0.2030  0.9720

PART 25
OFFSET  17.3071 -2.3106 -3.7360
X  0.9571 -0.2814  0.0693
Y  0.2014  0.8178  0.5390
Z -0.2083 -0.5020  0.8394

PART 26
OFFSET  18.3268 -1.2425 -3.7494
X  0.9971 -0.0442  0.0614
Y -0.0090 -0.8756 -0.4830
Z  0.0751  0.4811 -0.8734

PART 27
OFFSET  20.0824 -1.3203 -3.6413
X  0.9433 -0.2903 -0.1610
Y -0.3310 -0.7880 -0.5192
Z  0.0238  0.5430 -0.8394

PART 28
OFFSET  21.2278 -1.7061 -3.7860
X  0.8103 -0.5537 -0.1917
Y -0.5714 -0.6744 -0.4676
Z  0.1297  0.4884 -0.8629

PART 29
OFFSET  22.1431 -2.3316 -4.0024
X  0.2885  0.9264  0.2417
Y -0.9538  0.2562  0.1567
Z  0.0832 -0.2758  0.9576

PART 30
OFFSET  18.6520 -0.9528 -4.7647
X  0.7456 -0.6044 -0.2807
Y -0.6505 -0.7516 -0.1096
Z -0.1448  0.2643 -0.9535

PART 31
OFFSET  20.1086 -2.1335 -5.3131
X -0.4748 -0.8656 -0.1590
Y -0.8591  0.4165  0.2975
Z -0.1912  0.2779 -0.9414

PART 32
OFFSET  19.4151 -3.3978 -5.5454
X -0.9313 -0.3509  0.0979
Y -0.2925  0.8803  0.3736
Z -0.2173  0.3193 -0.9224

PART 33
OFFSET  18.3590 -3.7936 -5.4414
X  0.9148 -0.3136 -0.2547
Y  0.3584  0.9209  0.1535
Z  0.1864 -0.2317  0.9547

PART 34
OFFSET  17.8290 -2.3011 -6.0520
X  0.0289  0.4199 -0.9071
Y -0.0542  0.9068  0.4181
Z  0.9981  0.0371  0.0490

PART 35
OFFSET  8.3720 -2.5713 -4.9299
X  0.9895 -0.0000  0.1445
Y -0.0286  0.9802  0.1959
Z -0.1416 -0.1979  0.9699

PART 36
OFFSET  8.3720 -2.5713 -4.9299
X  0.9895 -0.0000  0.1445
Y -0.0286  0.9802  0.1959
Z -0.1416 -0.1979  0.9699

PART 37
OFFSET  13.2911 -3.3140 -1.9326
X  0.9864 -0.0040  0.1643
Y -0.0286  0.9802  0.1959
Z -0.1618 -0.1979  0.9668

PART 38
OFFSET  12.4996 -2.6119 -4.0476
X  0.9895 -0.0000  0.1445
Y -0.0286  0.9802  0.1959
Z -0.1416 -0.1979  0.9699

PART 39
OFFSET  28.4905 -2.3457 -3.0407
X  0.9895 -0.0000  0.1445
Y -0.0286  0.9802  0.1959
Z -0.1416 -0.1979  0.9699

PART 40
OFFSET  0.6934 -1.8185 -9.8190
X  0.9895 -0.0000  0.1445
Y -0.0286  0.9802  0.1959
Z -0.1416 -0.1979  0.9699

PART 41
OFFSET  20.8012 -2.3725 -4.0965
X  0.9895 -0.0000  0.1445
Y -0.0286  0.9802  0.1959
Z -0.1416 -0.1979  0.9699

PART 42
OFFSET  23.4919 -2.3483 -3.8382
X  0.9895 -0.0000  0.1445
Y -0.0286  0.9802  0.1959
Z -0.1416 -0.1979  0.9699

PART 43
OFFSET  27.8499 -2.3483 -3.2018
X  0.9895 -0.0000  0.1445
Y -0.0286  0.9802  0.1959
Z -0.1416 -0.1979  0.9699

PART 44
OFFSET -17.6076 -4.8127 -7.0611
X -0.8949  0.0411  0.4444
Y -0.1756 -0.9479 -0.2659
Z  0.4103 -0.3159  0.8555

PART 45
OFFSET -6.7852 -5.3099 -12.4360
X -0.9302 -0.1283 -0.3438
Y  0.3623 -0.1729 -0.9159
Z  0.0581 -0.9765  0.2073

PART 46
OFFSET  1.1270 -4.2185 -9.5122
X -0.9302 -0.1283 -0.3438
Y  0.3490 -0.0200 -0.9369
Z  0.1134 -0.9915  0.0634

PART 47
OFFSET  2.1490 -2.7471 -8.6429
X -0.9325 -0.1244 -0.3390
Y -0.0606  0.9794 -0.1927
Z  0.3559 -0.1592 -0.9209

PART 48
OFFSET  2.2126 -3.2227 -7.5215
X -0.9325 -0.1244 -0.3390
Y -0.0606  0.9794 -0.1927
Z  0.3559 -0.1592 -0.9209

PART 49
OFFSET  2.4352 -4.5606 -7.3370
X -0.9325 -0.1244 -0.3390
Y -0.0606  0.9794 -0.1927
Z  0.3559 -0.1592 -0.9209

PART 50
OFFSET  3.9789 -3.8250 -8.4584
X -0.9034 -0.0871 -0.4199
Y  0.4205  0.0125 -0.9072
Z  0.0843 -0.9961  0.0254

PART 51
OFFSET  3.9448 -3.3889 -7.4044
X -0.3975 -0.5581 -0.7284
Y  0.6783  0.3559 -0.6429
Z  0.6180 -0.7496  0.2371

PART 52
OFFSET  4.7006 -2.1784 -5.7817
X -0.9191 -0.3913  0.0459
Y  0.0775 -0.2937 -0.9528
Z  0.3863 -0.8721  0.3002

PART 53
OFFSET  6.1457 -1.4665 -5.9462
X -0.6471 -0.1883  0.7388
Y -0.5702 -0.5236 -0.6330
Z  0.5060 -0.8309  0.2315

PART 54
OFFSET  6.8321 -1.2160 -6.7449
X -0.9203  0.2868  0.2662
Y  0.1599  0.8966 -0.4130
Z -0.3571 -0.3375 -0.8710

PART 55
OFFSET  5.1765 -3.5366 -9.0796
X -0.9492 -0.3123  0.0378
Y  0.3143 -0.9467  0.0709
Z  0.0136  0.0792  0.9968

PART 56
OFFSET  7.2727 -2.7073 -9.0280
X -0.0865 -0.9858 -0.1437
Y  0.9826 -0.0607 -0.1753
Z  0.1641 -0.1564  0.9740

PART 57
OFFSET  7.3953 -1.3115 -8.8245
X  0.8117 -0.5382 -0.2268
Y  0.5681  0.8177  0.0929
Z  0.1354 -0.2043  0.9695

PART 58
OFFSET  6.6756 -0.8343 -8.6234
X  0.9293  0.3540 -0.1055
Y -0.3301  0.9240  0.1928
Z  0.1657 -0.1444  0.9755

PART 59
OFFSET  5.7927 -1.1707 -8.5232
X -0.5275 -0.8300 -0.1815
Y -0.8263  0.4515  0.3367
Z -0.1975  0.3275 -0.9240

PART 60
OFFSET  5.1075 -3.6649 -8.3808
X -0.9574 -0.2468 -0.1502
Y  0.2351 -0.9677  0.0914
Z -0.1679  0.0522  0.9844

PART 61
OFFSET  7.6224 -3.0535 -8.1353
X -0.1294 -0.9910 -0.0327
Y  0.9765 -0.1217 -0.1781
Z  0.1725 -0.0550  0.9835

PART 62
OFFSET  7.8427 -1.3663 -8.0796
X  0.9167 -0.3572 -0.1790
Y  0.3658  0.9306  0.0161
Z  0.1608 -0.0802  0.9837

PART 63
OFFSET  6.5723 -0.8712 -7.8316
X  0.8528  0.5138 -0.0933
Y -0.4987  0.8543  0.1465
Z  0.1550 -0.0784  0.9848

PART 64
OFFSET  5.6473 -1.4284 -7.7304
X -0.4062 -0.9128  0.0412
Y -0.9035  0.4080  0.1310
Z -0.1364  0.0160 -0.9905

PART 65
OFFSET -0.0913 -4.7321 -9.4253
X -0.9079 -0.3614 -0.2126
Y -0.3266  0.9275 -0.1817
Z  0.2628 -0.0955 -0.9601

PART 66
OFFSET  7.2131 -3.8652 -6.1285
X -0.9535  0.0169 -0.3010
Y  0.0121 -0.9955 -0.0942
Z -0.3013 -0.0934  0.9489

PART 67
OFFSET  8.8918 -3.8950 -5.5985
X -0.3488 -0.9256 -0.1471
Y  0.8888 -0.3765  0.2612
Z -0.2972 -0.0397  0.9540

PART 68
OFFSET  9.2977 -2.7722 -5.3617
X  0.0636 -0.9933 -0.0969
Y  0.9510  0.0308  0.3077
Z -0.3027 -0.1117  0.9465

PART 69
OFFSET  9.2259 -1.6503 -5.2522
X -0.9643  0.2641  0.0200
Y  0.2648  0.9626  0.0570
Z -0.0042  0.0602 -0.9982

PART 70
OFFSET  7.5578 -3.6823 -7.1620
X -0.2635 -0.9646 -0.0136
Y  0.9644 -0.2637  0.0187
Z -0.0216 -0.0082  0.9997

PART 71
OFFSET  8.0725 -1.7979 -7.1354
X  0.8362 -0.5483  0.0093
Y  0.5484  0.8359 -0.0240
Z  0.0054  0.0252  0.9997

PART 72
OFFSET  6.8512 -0.9970 -7.1490
X  0.9013  0.4306 -0.0469
Y -0.4330  0.8987 -0.0701
Z  0.0120  0.0835  0.9964

PART 73
OFFSET  5.8299 -1.4847 -7.1029
X -0.4154 -0.9095  0.0171
Y -0.9081  0.4157  0.0509
Z -0.0534  0.0056 -0.9986

PART 74
OFFSET  0.0000 -0.0000 -0.0000
X  1.0000 -0.0000  0.0000
Y  0.0000  1.0000  0.0000
Z  0.0000 -0.0000  1.0000

PART 75
OFFSET  0.0000 -0.0000 -0.0000
X  1.0000 -0.0000  0.0000
Y  0.0000  1.0000  0.0000
Z  0.0000 -0.0000  1.0000

PART 76
OFFSET  1.5404 -0.0000  4.1357
X  1.0000 -0.0000  0.0000
Y  0.0000  1.0000  0.0000
Z  0.0000 -0.0000  1.0000


FRAME 1603
PART 0
OFFSET -4.6318 -0.0000 -1.3770
X  1.0000 -0.0000  0.0000
Y  0.0000  1.0000  0.0000
Z  0.0000 -0.0000  1.0000

PART 1
OFFSET -4.6318 -0.0000 -1.3770
X  1.0000 -0.0000  0.0000
Y  0.0000  1.0000  0.0000
Z  0.0000 -0.0000  1.0000

PART 2
OFFSET -3.5060  6.3408 -6.7125
X  0.8642 -0.1885 -0.4666
Y -0.0990 -0.9728  0.2095
Z -0.4934 -0.1349 -0.8593

PART 3
OFFSET  6.9450  4.0617 -12.3557
X  0.7016 -0.4238  0.5728
Y -0.6280  0.0120  0.7781
Z -0.3367 -0.9057 -0.2577

PART 4
OFFSET  12.9127  0.4569 -7.4839
X  0.7016 -0.4238  0.5728
Y -0.7107 -0.3582  0.6055
Z -0.0515 -0.8319 -0.5525

PART 5
OFFSET  14.9827  1.4661 -6.8352
X  0.7062 -0.4215  0.5689
Y  0.3437  0.9066  0.2449
Z -0.6189  0.0226  0.7851

PART 6
OFFSET  14.1669 -0.6493 -8.0682
X  0.7062 -0.4215  0.5689
Y  0.3437  0.9066  0.2449
Z -0.6189  0.0226  0.7851

PART 7
OFFSET  13.8231  0.9283 -4.8981
X  0.7062 -0.4215  0.5689
Y  0.3437  0.9066  0.2449
Z -0.6189  0.0226  0.7851

PART 8
OFFSET  12.9740 -0.6425 -5.1916
X  0.7062 -0.4215  0.5689
Y  0.3437  0.9066  0.2449
Z -0.6189  0.0226  0.7851

PART 9
OFFSET  12.6557 -1.5270 -6.1220
X  0.7062 -0.4215  0.5689
Y  0.3437  0.9066  0.2449
Z -0.6189  0.0226  0.7851

PART 10
OFFSET  15.0637 -0.8424 -5.7279
X  0.9187 -0.1131  0.3785
Y -0.3908 -0.4005  0.8288
Z  0.0579 -0.9093 -0.4121

PART 11
OFFSET  15.1236 -1.6531 -4.9270
X  0.4695 -0.7385  0.4839
Y -0.8153 -0.1522  0.5587
Z -0.3389 -0.6569 -0.6736

PART 12
OFFSET  16.0365 -3.2984 -3.8645
X  0.9489 -0.2102  0.2354
Y -0.3143 -0.6987  0.6427
Z  0.0294 -0.6838 -0.7290

PART 13
OFFSET  17.5904 -3.6727 -3.6044
X  0.9848 -0.0658 -0.1605
Y  0.0738 -0.6783  0.7311
Z -0.1569 -0.7319 -0.6631

PART 14
OFFSET  18.6495 -3.7889 -3.7958
X  0.8430  0.2818  0.4582
Y -0.4716  0.7969  0.3776
Z -0.2587 -0.5344  0.8047

PART 15
OFFSET  16.2712 -0.6930 -6.3783
X  0.9902 -0.0065 -0.1395
Y -0.0389 -0.9721 -0.2311
Z -0.1341  0.2343 -0.9629

PART 16
OFFSET  18.5108 -0.8609 -6.5798
X  0.8137 -0.5669 -0.1286
Y -0.5625 -0.8237  0.0717
Z -0.1466  0.0140 -0.9891

PART 17
OFFSET  19.6628 -1.6635 -6.7618
X -0.0691 -0.9976  0.0008
Y -0.9934  0.0689  0.0918
Z -0.0916  0.0055 -0.9958

PART 18
OFFSET  19.6016 -2.5480 -6.7611
X -0.3791 -0.9244  0.0424
Y -0.9119  0.3810  0.1524
Z -0.1571  0.0191 -0.9874

PART 19
OFFSET  19.2414 -3.4262 -6.7208
X  0.8851  0.4651  0.0147
Y -0.4643  0.8849 -0.0370
Z -0.0302  0.0260  0.9992

PART 20
OFFSET  16.2054 -0.8571 -5.6867
X  0.9946  0.0099  0.1032
Y  0.0561 -0.8883 -0.4557
Z  0.0872  0.4591 -0.8841

PART 21
OFFSET  18.8014 -0.8938 -5.5522
X  0.8591 -0.4875 -0.1556
Y -0.5020 -0.8620 -0.0711
Z -0.0995  0.1392 -0.9853

PART 22
OFFSET  20.2641 -1.7237 -5.8171
X -0.0357 -0.9907 -0.1310
Y -0.9968  0.0260  0.0750
Z -0.0709  0.1333 -0.9885

PART 23
OFFSET  20.2146 -3.0968 -5.9988
X -0.6769 -0.7341 -0.0546
Y -0.7326  0.6646  0.1471
Z -0.0717  0.1396 -0.9876

PART 24
OFFSET  19.4805 -3.8929 -6.0580
X  0.9695  0.2287 -0.0879
Y -0.2085  0.9586  0.1941
Z  0.1286 -0.1699  0.9770

PART 25
OFFSET  17.3061 -2.3142 -3.4660
X  0.9560 -0.2818  0.0813
Y  0.1963  0.8208  0.5363
Z -0.2178 -0.4968  0.8401

PART 26
OFFSET  18.3270 -1.2471 -3.4747
X  0.9930  0.0332  0.1135
Y  0.0801 -0.8951 -0.4386
Z  0.0871  0.4446 -0.8915

PART 27
OFFSET  20.0753 -1.1887 -3.2748
X  0.9764 -0.1993 -0.0828
Y -0.2138 -0.8412 -0.4967
Z  0.0293  0.5027 -0.8639

PART 28
OFFSET  21.2606 -1.4614 -3.3230
X  0.8917 -0.4440 -0.0881
Y -0.4300 -0.7700 -0.4713
Z  0.1414  0.4582 -0.8775

PART 29
OFFSET  22.2677 -1.9630 -3.4226
X  0.1377  0.9685  0.2074
Y -0.9900  0.1280  0.0597
Z  0.0313 -0.2135  0.9764

PART 30
OFFSET  18.6634 -0.9637 -4.4881
X  0.8796 -0.4321 -0.1988
Y -0.4648 -0.8695 -0.1668
Z -0.1008  0.2392 -0.9657

PART 31
OFFSET  20.3818 -1.8078 -4.8766
X  0.0108 -0.9695 -0.2450
Y -0.9886 -0.0472  0.1431
Z -0.1503  0.2407 -0.9589

PART 32
OFFSET  20.3976 -3.2238 -5.2344
X -0.5520 -0.8256 -0.1166
Y -0.8107  0.4987  0.3068
Z -0.1952  0.2639 -0.9446

PART 33
OFFSET  19.7716 -4.1574 -5.3734
X  0.9535  0.2977 -0.0462
Y -0.2789  0.9302  0.2386
Z  0.1140 -0.2146  0.9700

PART 34
OFFSET  17.8531 -2.3188 -5.7763
X  0.0391  0.4145 -0.9092
Y -0.0579  0.9093  0.4121
Z  0.9976  0.0365  0.0595

PART 35
OFFSET  8.3843 -2.5742 -4.7549
X  0.9879  0.0000  0.1552
Y -0.0298  0.9814  0.1897
Z -0.1523 -0.1921  0.9695

PART 36
OFFSET  8.3843 -2.5742 -4.7549
X  0.9879  0.0000  0.1552
Y -0.0298  0.9814  0.1897
Z -0.1523 -0.1921  0.9695

PART 37
OFFSET  13.2700 -3.3034 -1.7002
X  0.9846 -0.0039  0.1750
Y -0.0298  0.9814  0.1897
Z -0.1725 -0.1920  0.9661

PART 38
OFFSET  12.5021 -2.6131 -3.8278
X  0.9879  0.0000  0.1552
Y -0.0298  0.9814  0.1897
Z -0.1523 -0.1921  0.9695

PART 39
OFFSET  28.5288 -2.3611 -2.6096
X  0.9879  0.0000  0.1552
Y -0.0298  0.9814  0.1897
Z -0.1523 -0.1921  0.9695

PART 40
OFFSET  0.7597 -1.8437 -9.7311
X  0.9879  0.0000  0.1552
Y -0.0298  0.9814  0.1897
Z -0.1523 -0.1921  0.9695

PART 41
OFFSET  20.8040 -2.3812 -3.7883
X  0.9879  0.0000  0.1552
Y -0.0298  0.9814  0.1897
Z -0.1523 -0.1921  0.9695

PART 42
OFFSET  23.4917 -2.3578 -3.5011
X  0.9879  0.0000  0.1552
Y -0.0298  0.9814  0.1897
Z -0.1523 -0.1921  0.9695

PART 43
OFFSET  27.8426 -2.3578 -2.8177
X  0.9879  0.0000  0.1552
Y -0.0298  0.9814  0.1897
Z -0.1523 -0.1921  0.9695

PART 44
OFFSET -17.6076 -4.8127 -7.0611
X -0.8994  0.0399  0.4354
Y -0.1732 -0.9469 -0.2709
Z  0.4014 -0.3191  0.8585

PART 45
OFFSET -6.7308 -5.2953 -12.3266
X -0.9298 -0.1253 -0.3460
Y  0.3638 -0.1709 -0.9157
Z  0.0556 -0.9773  0.2045

PART 46
OFFSET  1.1778 -4.2293 -9.3839
X -0.9298 -0.1253 -0.3460
Y  0.3517 -0.0262 -0.9357
Z  0.1082 -0.9918  0.0685

PART 47
OFFSET  2.2012 -2.7627 -8.5081
X -0.9321 -0.1214 -0.3412
Y -0.0581  0.9801 -0.1899
Z  0.3574 -0.1572 -0.9206

PART 48
OFFSET  2.2615 -3.2418 -7.3880
X -0.9321 -0.1214 -0.3412
Y -0.0581  0.9801 -0.1899
Z  0.3574 -0.1572 -0.9206

PART 49
OFFSET  2.4809 -4.5807 -7.2071
X -0.9321 -0.1214 -0.3412
Y -0.0581  0.9801 -0.1899
Z  0.3574 -0.1572 -0.9206

PART 50
OFFSET  4.0284 -3.8450 -8.3232
X -0.8989 -0.0888 -0.4291
Y  0.4303  0.0068 -0.9027
Z  0.0831 -0.9960  0.0321

PART 51
OFFSET  3.9834 -3.4026 -7.2723
X -0.3902 -0.5620 -0.7293
Y  0.6855  0.3515 -0.6376
Z  0.6147 -0.7487  0.2482

PART 52
OFFSET  4.7227 -2.1832 -5.6486
X -0.9199 -0.3903  0.0382
Y  0.0875 -0.2994 -0.9501
Z  0.3822 -0.8707  0.3096

PART 53
OFFSET  6.1701 -1.4736 -5.8017
X -0.6552 -0.1834  0.7328
Y -0.5638 -0.5269 -0.6360
Z  0.5027 -0.8299  0.2418

PART 54
OFFSET  6.8653 -1.2283 -6.5944
X -0.9228  0.2892  0.2545
Y  0.1652  0.8940 -0.4165
Z -0.3480 -0.3423 -0.8728

PART 55
OFFSET  5.2329 -3.5613 -8.9331
X -0.9499 -0.3113  0.0293
Y  0.3126 -0.9465  0.0799
Z  0.0029  0.0850  0.9964

PART 56
OFFSET  7.3292 -2.7335 -8.8637
X -0.0859 -0.9866 -0.1388
Y  0.9844 -0.0626 -0.1643
Z  0.1534 -0.1508  0.9766

PART 57
OFFSET  7.4509 -1.3367 -8.6672
X  0.8136 -0.5403 -0.2148
Y  0.5679  0.8177  0.0942
Z  0.1248 -0.1986  0.9721

PART 58
OFFSET  6.7295 -0.8577 -8.4767
X  0.9307  0.3526 -0.0975
Y -0.3314  0.9254  0.1838
Z  0.1550 -0.1387  0.9781

PART 59
OFFSET  5.8453 -1.1927 -8.3841
X -0.5263 -0.8306 -0.1822
Y -0.8295  0.4542  0.3251
Z -0.1872  0.3222 -0.9280

PART 60
OFFSET  5.1563 -3.6854 -8.2343
X -0.9559 -0.2468 -0.1590
Y  0.2332 -0.9673  0.0997
Z -0.1784  0.0582  0.9822

PART 61
OFFSET  7.6689 -3.0748 -7.9653
X -0.1300 -0.9911 -0.0282
Y  0.9782 -0.1236 -0.1668
Z  0.1619 -0.0493  0.9856

PART 62
OFFSET  7.8902 -1.3874 -7.9172
X  0.9183 -0.3591 -0.1669
Y  0.3664  0.9303  0.0145
Z  0.1501 -0.0745  0.9859

PART 63
OFFSET  6.6176 -0.8898 -7.6859
X  0.8542  0.5125 -0.0871
Y -0.4995  0.8556  0.1360
Z  0.1442 -0.0727  0.9869

PART 64
OFFSET  5.6911 -1.4456 -7.5914
X -0.4075 -0.9122  0.0422
Y -0.9045  0.4095  0.1188
Z -0.1257  0.0102 -0.9920

PART 65
OFFSET -0.0320 -4.7542 -9.3287
X -0.9059 -0.3618 -0.2203
Y -0.3238  0.9267 -0.1907
Z  0.2731 -0.1014 -0.9566

PART 66
OFFSET  7.2372 -3.8742 -5.9583
X -0.9501  0.0160 -0.3114
Y  0.0122 -0.9960 -0.0881
Z -0.3116 -0.0875  0.9462

PART 67
OFFSET  8.9100 -3.9023 -5.4100
X -0.3481 -0.9261 -0.1454
Y  0.8856 -0.3757  0.2730
Z -0.3075 -0.0338  0.9509

PART 68
OFFSET  9.3145 -2.7785 -5.1754
X  0.0637 -0.9939 -0.0903
Y  0.9476  0.0318  0.3178
Z -0.3130 -0.1058  0.9438

PART 69
OFFSET  9.2425 -1.6559 -5.0734
X -0.9642  0.2650  0.0080
Y  0.2651  0.9627  0.0542
Z  0.0067  0.0543 -0.9985

PART 70
OFFSET  7.5932 -3.6977 -6.9891
X -0.2642 -0.9644 -0.0108
Y  0.9639 -0.2644  0.0306
Z -0.0324 -0.0023  0.9995

PART 71
OFFSET  8.1094 -1.8137 -6.9680
X  0.8355 -0.5490  0.0216
Y  0.5494  0.8353 -0.0230
Z -0.0054  0.0311  0.9995

PART 72
OFFSET  6.8890 -1.0118 -6.9995
X  0.9022  0.4295 -0.0397
Y -0.4313  0.8986 -0.0801
Z  0.0013  0.0894  0.9960

PART 73
OFFSET  5.8669 -1.4983 -6.9616
X -0.4164 -0.9090  0.0180
Y -0.9082  0.4167  0.0386
Z -0.0426 -0.0003 -0.9991

PART 74
OFFSET  0.0000 -0.0000 -0.0000
X  1.0000 -0.0000  0.0000
Y  0.0000  1.0000  0.0000
Z  0.0000 -0.0000  1.0000

PART 75
OFFSET  0.0000 -0.0000 -0.0000
X  1.0000 -0.0000  0.0000
Y  0.0000  1.0000  0.0000
Z  0.0000 -0.0000  1.0000

PART 76
OFFSET  1.5404 -0.0000  4.1357
X  1.0000 -0.0000  0.0000
Y  0.0000  1.0000  0.0000
Z  0.0000 -0.0000  1.0000


FRAME 1604
PART 0
OFFSET -4.6318 -0.0000 -1.3770
X  1.0000 -0.0000  0.0000
Y  0.0000  1.0000  0.0000
Z  0.0000 -0.0000  1.0000

PART 1
OFFSET -4.6318 -0.0000 -1.3770
X  1.0000 -0.0000  0.0000
Y  0.0000  1.0000  0.0000
Z  0.0000 -0.0000  1.0000

PART 2
OFFSET -3.5060  6.3408 -6.7125
X  0.8703 -0.1941 -0.4528
Y -0.1034 -0.9706  0.2173
Z -0.4816 -0.1423 -0.8647

PART 3
OFFSET  7.0187  3.9934 -12.1880
X  0.6976 -0.4195  0.5809
Y -0.6337  0.0172  0.7734
Z -0.3345 -0.9076 -0.2538

PART 4
OFFSET  12.9518  0.4251 -7.2476
X  0.6976 -0.4195  0.5809
Y -0.7150 -0.3541  0.6029
Z -0.0473 -0.8358 -0.5469

PART 5
OFFSET  15.0167  1.4396 -6.5909
X  0.7022 -0.4172  0.5769
Y  0.3416  0.9084  0.2410
Z -0.6247  0.0279  0.7804

PART 6
OFFSET  14.2106 -0.6847 -7.8149
X  0.7022 -0.4172  0.5769
Y  0.3416  0.9084  0.2410
Z -0.6247  0.0279  0.7804

PART 7
OFFSET  13.8431  0.9150 -4.6586
X  0.7022 -0.4172  0.5769
Y  0.3416  0.9084  0.2410
Z -0.6247  0.0279  0.7804

PART 8
OFFSET  13.0024 -0.6541 -4.9513
X  0.7022 -0.4172  0.5769
Y  0.3416  0.9084  0.2410
Z -0.6247  0.0279  0.7804

PART 9
OFFSET  12.6913 -1.5453 -5.8778
X  0.7022 -0.4172  0.5769
Y  0.3416  0.9084  0.2410
Z -0.6247  0.0279  0.7804

PART 10
OFFSET  15.0904 -0.8610 -5.4668
X  0.9141 -0.1113  0.3900
Y -0.4009 -0.3939  0.8271
