// Export filename: `C:\projects\cod\t5\xanim_export\t5_viewmodels\ak47\ak47_grenadier_togrenade.XANIM_EXPORT`
// Source filename: `D:\projects\devanim\t5\animation_assets\viewmodels\ak47\ViewModel_AK47_GrenadeLauncher_animated.fbx`
// Export time: Sat Jun 05 16:37:08 2010

ANIMATION
VERSION 3

NUMPARTS 77
PART 0 "tag_ads"
PART 1 "tag_torso"
PART 2 "J_Shoulder_LE"
PART 3 "J_Elbow_LE"
PART 4 "J_WristTwist_LE"
PART 5 "J_Sleave_Reshape_Bottom_LE_1"
PART 6 "J_Sleave_Reshape_Bottom_LE_2"
PART 7 "J_Sleave_Reshape_Top_LE_1"
PART 8 "J_Sleave_Reshape_Top_LE_2"
PART 9 "J_Sleave_Reshape_Top_LE_3"
PART 10 "J_Wrist_LE"
PART 11 "J_Thumb_LE_0"
PART 12 "J_Thumb_LE_1"
PART 13 "J_Thumb_LE_2"
PART 14 "J_Thumb_LE_3"
PART 15 "J_PinkyPalm_LE"
PART 16 "J_Pinky_LE_0"
PART 17 "J_Pinky_LE_1"
PART 18 "J_Pinky_LE_2"
PART 19 "J_Pinky_LE_3"
PART 20 "J_RingPalm_LE"
PART 21 "J_Ring_LE_0"
PART 22 "J_Ring_LE_1"
PART 23 "J_Ring_LE_2"
PART 24 "J_Ring_LE_3"
PART 25 "J_Webbing_LE"
PART 26 "J_Index_LE_0"
PART 27 "J_Index_LE_1"
PART 28 "J_Index_LE_2"
PART 29 "J_Index_LE_3"
PART 30 "J_Mid_LE_0"
PART 31 "J_Mid_LE_1"
PART 32 "J_Mid_LE_2"
PART 33 "J_Mid_LE_3"
PART 34 "tag_knife_attach"
PART 35 "tag_weapon"
PART 36 "J_Gun"
PART 37 "J_bolt"
PART 38 "TAG_CLIP"
PART 39 "TAG_FLASH"
PART 40 "TAG_BOUNCING_GRENADE_LAUNCHER"
PART 41 "J_BOUNCING_TRIGGER"
PART 42 "J_BOUNCING_GRENADE_AMMO"
PART 43 "J_BOUNCING_GRENADE_TIP"
PART 44 "J_Shoulder_RI"
PART 45 "J_Elbow_RI"
PART 46 "J_WristTwist_RI"
PART 47 "J_Sleave_Reshape_Top_RI_3"
PART 48 "J_Sleave_Reshape_Top_RI_2"
PART 49 "J_Sleave_Reshape_Top_RI_1"
PART 50 "J_Wrist_RI"
PART 51 "J_Thumb_RI_0"
PART 52 "J_Thumb_RI_1"
PART 53 "J_Thumb_RI_2"
PART 54 "J_Thumb_RI_3"
PART 55 "J_PinkyPalm_RI"
PART 56 "J_Pinky_RI_0"
PART 57 "J_Pinky_RI_1"
PART 58 "J_Pinky_RI_2"
PART 59 "J_Pinky_RI_3"
PART 60 "J_RingPalm_RI"
PART 61 "J_Ring_RI_0"
PART 62 "J_Ring_RI_1"
PART 63 "J_Ring_RI_2"
PART 64 "J_Ring_RI_3"
PART 65 "J_Webbing_RI"
PART 66 "J_Index_RI_0"
PART 67 "J_Index_RI_1"
PART 68 "J_Index_RI_2"
PART 69 "J_Index_RI_3"
PART 70 "J_Mid_RI_0"
PART 71 "J_Mid_RI_1"
PART 72 "J_Mid_RI_2"
PART 73 "J_Mid_RI_3"
PART 74 "tag_cambone"
PART 75 "tag_camera"
PART 76 "tag_gasmask"

FRAMERATE 30
NUMFRAMES 31

FRAME 1000
PART 0
OFFSET -4.6318 -0.0000 -1.3770
X  1.0000 -0.0000  0.0000
Y  0.0000  1.0000  0.0000
Z  0.0000 -0.0000  1.0000

PART 1
OFFSET -4.6318 -0.0000 -1.3770
X  1.0000 -0.0000  0.0000
Y  0.0000  1.0000  0.0000
Z  0.0000 -0.0000  1.0000

PART 2
OFFSET -3.5060  6.3408 -6.7125
X  0.8617 -0.1192 -0.4933
Y -0.1216 -0.9922  0.0275
Z -0.4927  0.0363 -0.8694

PART 3
OFFSET  6.9149  4.8989 -12.6781
X  0.6731 -0.5404  0.5049
Y -0.6483 -0.1028  0.7544
Z -0.3557 -0.8351 -0.4196

PART 4
OFFSET  12.6402  0.3028 -8.3840
X  0.6731 -0.5404  0.5049
Y -0.6899 -0.2130  0.6918
Z -0.2663 -0.8140 -0.5162

PART 5
OFFSET  14.7203  1.1137 -7.5239
X  0.6779 -0.5375  0.5015
Y  0.3632  0.8380  0.4072
Z -0.6392 -0.0939  0.7633

PART 6
OFFSET  13.8771 -0.7259 -9.1256
X  0.6779 -0.5375  0.5015
Y  0.3632  0.8380  0.4072
Z -0.6392 -0.0939  0.7633

PART 7
OFFSET  13.4931  0.2856 -5.7365
X  0.6779 -0.5375  0.5015
Y  0.3632  0.8380  0.4072
Z -0.6392 -0.0939  0.7633

PART 8
OFFSET  12.8855 -0.9678 -6.4671
X  0.6779 -0.5375  0.5015
Y  0.3632  0.8380  0.4072
Z -0.6392 -0.0939  0.7633

PART 9
OFFSET  12.5671 -1.6655 -7.5447
X  0.6779 -0.5375  0.5015
Y  0.3632  0.8380  0.4072
Z -0.6392 -0.0939  0.7633

PART 10
OFFSET  14.7038 -1.3538 -6.8363
X  0.9663 -0.0665  0.2488
Y -0.2574 -0.2241  0.9399
Z -0.0067 -0.9723 -0.2337

PART 11
OFFSET  14.8873 -1.9992 -5.9133
X  0.6297 -0.6554  0.4170
Y -0.5110  0.0549  0.8579
Z -0.5851 -0.7533 -0.3003

PART 12
OFFSET  16.1626 -3.4500 -4.9445
X  0.9489 -0.1630 -0.2702
Y  0.1371 -0.5581  0.8184
Z -0.2842 -0.8136 -0.5073

PART 13
OFFSET  17.6544 -3.7710 -5.4862
X  0.2992  0.2107 -0.9306
Y  0.8320 -0.5351  0.1464
Z -0.4671 -0.8181 -0.3354

PART 14
OFFSET  17.9708 -3.5897 -6.5055
X  0.6924  0.5708 -0.4414
Y -0.0670  0.6599  0.7484
Z  0.7184 -0.4886  0.4951

PART 15
OFFSET  15.7958 -1.3666 -7.6794
X  0.9651 -0.0633 -0.2540
Y -0.0749 -0.9965 -0.0363
Z -0.2508  0.0541 -0.9665

PART 16
OFFSET  17.9916 -1.6389 -8.1138
X  0.4046 -0.9139  0.0329
Y -0.8686 -0.3728  0.3265
Z -0.2861 -0.1607 -0.9446

PART 17
OFFSET  18.5644 -2.9328 -8.0673
X -0.8476 -0.4323  0.3077
Y -0.4712  0.8799 -0.0617
Z -0.2441 -0.1973 -0.9495

PART 18
OFFSET  17.8129 -3.3161 -7.7944
X -0.9633  0.0619  0.2612
Y  0.0240  0.9890 -0.1459
Z -0.2674 -0.1343 -0.9542

PART 19
OFFSET  16.8977 -3.2573 -7.5463
X  0.7604 -0.6488  0.0298
Y  0.6042  0.6898 -0.3988
Z  0.2382  0.3213  0.9166

PART 20
OFFSET  15.8381 -1.3944 -6.9674
X  0.9986 -0.0003 -0.0533
Y -0.0152 -0.9599 -0.2798
Z -0.0511  0.2802 -0.9586

PART 21
OFFSET  18.4256 -1.4926 -7.1997
X  0.4303 -0.8981 -0.0913
Y -0.8619 -0.4388  0.2542
Z -0.2683 -0.0307 -0.9628

PART 22
OFFSET  19.1581 -3.0215 -7.3552
X -0.8440 -0.4782  0.2429
Y -0.4751  0.8767  0.0750
Z -0.2488 -0.0521 -0.9671

PART 23
OFFSET  17.9884 -3.6843 -7.0185
X -0.8529  0.4860  0.1907
Y  0.4615  0.8726 -0.1597
Z -0.2440 -0.0482 -0.9686

PART 24
OFFSET  17.0634 -3.1572 -6.8117
X  0.4231 -0.8990 -0.1127
Y  0.8770  0.4376 -0.1984
Z  0.2276 -0.0149  0.9736

PART 25
OFFSET  17.2702 -2.4358 -4.7022
X  0.9571 -0.2896 -0.0127
Y  0.2772  0.9015  0.3324
Z -0.0848 -0.3217  0.9430

PART 26
OFFSET  18.2773 -1.4206 -5.0711
X  0.9843 -0.1431 -0.1035
Y -0.1692 -0.9323 -0.3196
Z -0.0508  0.3321 -0.9419

PART 27
OFFSET  20.0102 -1.6726 -5.2533
X  0.8549 -0.4378 -0.2783
Y -0.5111 -0.8027 -0.3073
Z -0.0888  0.4049 -0.9100

PART 28
OFFSET  21.0549 -2.2294 -5.5363
X  0.6596 -0.7094 -0.2484
Y -0.7516 -0.6209 -0.2225
Z  0.0036  0.3335 -0.9428

PART 29
OFFSET  21.8000 -3.0307 -5.8169
X  0.4648  0.8853  0.0165
Y -0.8484  0.4400  0.2942
Z  0.2532 -0.1508  0.9556

PART 30
OFFSET  18.4523 -1.3448 -6.1592
X  0.5190 -0.8158 -0.2551
Y -0.7958 -0.5701  0.2040
Z -0.3119  0.0971 -0.9451

PART 31
OFFSET  19.4662 -2.9385 -6.6576
X -0.8233 -0.5145  0.2398
Y -0.4478  0.8483  0.2827
Z -0.3489  0.1254 -0.9287

PART 32
OFFSET  18.2637 -3.6900 -6.3073
X -0.8550  0.3439  0.3882
Y  0.3856  0.9221  0.0323
Z -0.3469  0.1773 -0.9210

PART 33
OFFSET  17.2926 -3.2999 -5.8742
X  0.4315 -0.8640 -0.2594
Y  0.8172  0.4962 -0.2932
Z  0.3821 -0.0855  0.9202

PART 34
OFFSET  17.4520 -2.8950 -7.0244
X -0.1025  0.2331 -0.9670
Y  0.0067  0.9723  0.2337
Z  0.9947  0.0174 -0.1012

PART 35
OFFSET  8.2563 -2.6698 -4.5431
X  1.0000 -0.0000  0.0000
Y  0.0000  1.0000  0.0000
Z  0.0000 -0.0000  1.0000

PART 36
OFFSET  8.2563 -2.6698 -4.5431
X  1.0000 -0.0000  0.0000
Y  0.0000  1.0000  0.0000
Z  0.0000 -0.0000  1.0000

PART 37
OFFSET  13.5569 -2.9515 -2.1857
X  0.9998 -0.0000  0.0204
Y  0.0000  1.0000 -0.0000
Z -0.0204  0.0000  0.9998

PART 38
OFFSET  12.4681 -2.6548 -4.2640
X  1.0000 -0.0000  0.0000
Y  0.0000  1.0000  0.0000
Z  0.0000 -0.0000  1.0000

PART 39
OFFSET  31.8688 -2.6540 -3.4824
X  1.0000 -0.0000  0.0000
Y  0.0000  1.0000  0.0000
Z  0.0000 -0.0000  1.0000

PART 40
OFFSET -0.0481 -2.6698 -8.3466
X  1.0000 -0.0000  0.0000
Y  0.0000  1.0000  0.0000
Z  0.0000 -0.0000  1.0000

PART 41
OFFSET  20.6755 -2.6671 -5.5346
X  1.0000 -0.0000  0.0000
Y  0.0000  1.0000  0.0000
Z  0.0000 -0.0000  1.0000

PART 42
OFFSET  23.3753 -2.6698 -5.6701
X  1.0000 -0.0000  0.0000
Y  0.0000  1.0000  0.0000
Z  0.0000 -0.0000  1.0000

PART 43
OFFSET  27.7795 -2.6698 -5.6701
X  1.0000 -0.0000  0.0000
Y  0.0000  1.0000  0.0000
Z  0.0000 -0.0000  1.0000

PART 44
OFFSET -17.6076 -4.8127 -7.0611
X -0.8933  0.0570  0.4458
Y -0.2146 -0.9256 -0.3117
Z  0.3949 -0.3741  0.8391

PART 45
OFFSET -6.8040 -5.5021 -12.4527
X -0.8818 -0.0897 -0.4630
Y  0.4713 -0.1330 -0.8719
Z  0.0166 -0.9870  0.1596

PART 46
OFFSET  0.6961 -4.7391 -8.5146
X -0.8818 -0.0897 -0.4630
Y  0.4716 -0.1611 -0.8670
Z  0.0032 -0.9829  0.1844

PART 47
OFFSET  1.6239 -3.3379 -7.4465
X -0.8846 -0.0860 -0.4583
Y -0.0209  0.9892 -0.1452
Z  0.4659 -0.1189 -0.8768

PART 48
OFFSET  1.5393 -3.8724 -6.3533
X -0.8846 -0.0860 -0.4583
Y -0.0209  0.9892 -0.1452
Z  0.4659 -0.1189 -0.8768

PART 49
OFFSET  1.7164 -5.2227 -6.2157
X -0.8846 -0.0860 -0.4583
Y -0.0209  0.9892 -0.1452
Z  0.4659 -0.1189 -0.8768

PART 50
OFFSET  3.3994 -4.4641 -7.0951
X -0.9546 -0.1418 -0.2621
Y  0.2850 -0.1775 -0.9420
Z  0.0871 -0.9739  0.2098

PART 51
OFFSET  3.5180 -3.8292 -6.1544
X -0.4986 -0.6783 -0.5397
Y  0.5783  0.2035 -0.7900
Z  0.6457 -0.7060  0.2908

PART 52
OFFSET  4.5003 -2.3465 -4.9270
X -0.9028 -0.3483  0.2521
Y -0.0610 -0.4767 -0.8770
Z  0.4256 -0.8071  0.4091

PART 53
OFFSET  5.9065 -1.7222 -5.4322
X -0.5336 -0.0214  0.8455
Y -0.6557 -0.6209 -0.4295
Z  0.5342 -0.7836  0.3173

PART 54
OFFSET  6.4702 -1.6527 -6.3537
X -0.8721  0.3596  0.3318
Y  0.0986  0.7934 -0.6007
Z -0.4792 -0.4912 -0.7274

PART 55
OFFSET  4.4947 -4.3373 -7.9244
X -0.9338 -0.2716  0.2329
Y  0.3213 -0.9230  0.2116
Z  0.1575  0.2724  0.9492

PART 56
OFFSET  6.5764 -3.5742 -8.3354
X -0.1064 -0.9920  0.0680
Y  0.9470 -0.1219 -0.2972
Z  0.3031  0.0328  0.9524

PART 57
OFFSET  6.7270 -2.1698 -8.4316
X  0.7704 -0.5952 -0.2284
Y  0.5756  0.8034 -0.1522
Z  0.2741 -0.0142  0.9616

PART 58
OFFSET  6.0439 -1.6421 -8.2291
X  0.9043  0.2998 -0.3040
Y -0.2988  0.9530  0.0509
Z  0.3049  0.0448  0.9513

PART 59
OFFSET  5.1848 -1.9269 -7.9403
X -0.5482 -0.8340  0.0630
Y -0.7690  0.5322  0.3543
Z -0.3290  0.1458 -0.9330

PART 60
OFFSET  4.5274 -4.3242 -7.2114
X -0.9690 -0.2439  0.0388
Y  0.2458 -0.9373  0.2469
Z -0.0239  0.2488  0.9683

PART 61
OFFSET  7.0513 -3.7488 -7.4505
X -0.1328 -0.9741  0.1828
Y  0.9405 -0.1821 -0.2870
Z  0.3128  0.1338  0.9403

PART 62
OFFSET  7.2774 -2.0903 -7.7617
X  0.8812 -0.4114 -0.2327
Y  0.3642  0.9048 -0.2204
Z  0.3012  0.1095  0.9472

PART 63
OFFSET  6.0561 -1.5201 -7.4392
X  0.8304  0.4610 -0.3130
Y -0.4723  0.8804  0.0436
Z  0.2956  0.1116  0.9488

PART 64
OFFSET  5.1555 -2.0201 -7.0997
X -0.3960 -0.8751  0.2782
Y -0.8751  0.4514  0.1743
Z -0.2781 -0.1744 -0.9446

PART 65
OFFSET -0.7678 -5.4262 -7.2769
X -0.9291 -0.3699 -0.0061
Y -0.3495  0.8829 -0.3136
Z  0.1213 -0.2892 -0.9496

PART 66
OFFSET  6.9363 -4.1397 -5.2854
X -0.9870 -0.0151 -0.1603
Y -0.0017 -0.9946  0.1040
Z -0.1610  0.1029  0.9816

PART 67
OFFSET  8.6740 -4.1131 -5.0032
X -0.3664 -0.9261  0.0899
Y  0.9173 -0.3433  0.2020
Z -0.1562  0.1565  0.9753

PART 68
OFFSET  9.1099 -2.9777 -5.0533
X  0.0489 -0.9944  0.0936
Y  0.9855  0.0633  0.1577
Z -0.1627  0.0845  0.9830

PART 69
OFFSET  9.0547 -1.8545 -5.1590
X -0.9513  0.2903  0.1037
Y  0.2703  0.9472 -0.1728
Z -0.1484 -0.1363 -0.9795

PART 70
OFFSET  7.1280 -4.1726 -6.3729
X -0.2627 -0.9406  0.2150
Y  0.9570 -0.2824 -0.0663
Z  0.1231  0.1883  0.9744

PART 71
OFFSET  7.6413 -2.3351 -6.7929
X  0.8288 -0.5596 -0.0009
Y  0.5392  0.7990 -0.2664
Z  0.1498  0.2203  0.9639

PART 72
OFFSET  6.4307 -1.5177 -6.7917
X  0.8851  0.3871 -0.2584
Y -0.4386  0.8795 -0.1846
Z  0.1558  0.2767  0.9482

PART 73
OFFSET  5.4269 -1.9575 -6.5058
X -0.4085 -0.8763  0.2554
Y -0.8912  0.4434  0.0957
Z -0.1971 -0.1885 -0.9621

PART 74
OFFSET  0.0000 -0.0000 -0.0000
X  1.0000 -0.0000  0.0000
Y  0.0000  1.0000  0.0000
Z  0.0000 -0.0000  1.0000

PART 75
OFFSET  0.0000 -0.0000 -0.0000
X  1.0000 -0.0000  0.0000
Y  0.0000  1.0000  0.0000
Z  0.0000 -0.0000  1.0000

PART 76
OFFSET  1.5404 -0.0000  4.1357
X  1.0000 -0.0000  0.0000
Y  0.0000  1.0000  0.0000
Z  0.0000 -0.0000  1.0000


FRAME 1001
PART 0
OFFSET -4.6318 -0.0000 -1.3770
X  1.0000 -0.0000  0.0000
Y  0.0000  1.0000  0.0000
Z  0.0000 -0.0000  1.0000

PART 1
OFFSET -4.6318 -0.0000 -1.3770
X  1.0000 -0.0000  0.0000
Y  0.0000  1.0000  0.0000
Z  0.0000 -0.0000  1.0000

PART 2
OFFSET -3.5060  6.3408 -6.7125
X  0.8618 -0.1195 -0.4931
Y -0.1220 -0.9922  0.0272
Z -0.4924  0.0367 -0.8696

PART 3
OFFSET  6.9160  4.8961 -12.6754
X  0.6719 -0.5409  0.5060
Y -0.6495 -0.1020  0.7535
Z -0.3560 -0.8349 -0.4199

PART 4
OFFSET  12.6304  0.2953 -8.3718
X  0.6719 -0.5409  0.5060
Y -0.6907 -0.2109  0.6917
Z -0.2674 -0.8142 -0.5153

PART 5
OFFSET  14.7101  1.1043 -7.5088
X  0.6766 -0.5381  0.5026
Y  0.3634  0.8377  0.4076
Z -0.6404 -0.0931  0.7624

PART 6
OFFSET  13.8674 -0.7348 -9.1113
X  0.6766 -0.5381  0.5026
Y  0.3634  0.8377  0.4076
Z -0.6404 -0.0931  0.7624

PART 7
OFFSET  13.4795  0.2779 -5.7231
X  0.6766 -0.5381  0.5026
Y  0.3634  0.8377  0.4076
Z -0.6404 -0.0931  0.7624

PART 8
OFFSET  12.8707 -0.9758 -6.4537
X  0.6766 -0.5381  0.5026
Y  0.3634  0.8377  0.4076
Z -0.6404 -0.0931  0.7624

PART 9
OFFSET  12.5533 -1.6734 -7.5317
X  0.6766 -0.5381  0.5026
Y  0.3634  0.8377  0.4076
Z -0.6404 -0.0931  0.7624

PART 10
OFFSET  14.6901 -1.3630 -6.8207
X  0.9676 -0.0596  0.2455
Y -0.2526 -0.2184  0.9426
Z -0.0026 -0.9740 -0.2264

PART 11
OFFSET  14.8805 -2.0006 -5.8936
X  0.6347 -0.6490  0.4194
Y -0.5079  0.0586  0.8594
Z -0.5824 -0.7585 -0.2924

PART 12
OFFSET  16.1672 -3.4374 -4.9190
X  0.9505 -0.1669 -0.2619
Y  0.1316 -0.5475  0.8264
Z -0.2813 -0.8200 -0.4984

PART 13
OFFSET  17.6623 -3.7660 -5.4469
X  0.3357  0.1790 -0.9248
Y  0.8193 -0.5399  0.1929
Z -0.4648 -0.8225 -0.3279

PART 14
OFFSET  18.0181 -3.6193 -6.4587
X  0.7152  0.5492 -0.4323
Y -0.0860  0.6830  0.7254
Z  0.6936 -0.4816  0.5357

PART 15
OFFSET  15.7788 -1.3764 -7.6680
X  0.9621 -0.0627 -0.2654
Y -0.0763 -0.9962 -0.0413
Z -0.2618  0.0600 -0.9633

PART 16
OFFSET  17.9693 -1.6481 -8.1291
X  0.4603 -0.8876  0.0186
Y -0.8387 -0.4279  0.3367
Z -0.2909 -0.1706 -0.9414

PART 17
OFFSET  18.6210 -2.9047 -8.1027
X -0.7782 -0.5407  0.3195
Y -0.5775  0.8160 -0.0258
Z -0.2468 -0.2046 -0.9472

PART 18
OFFSET  17.9310 -3.3841 -7.8194
X -0.9531 -0.0820  0.2913
Y -0.1201  0.9861 -0.1152
Z -0.2777 -0.1448 -0.9497

PART 19
OFFSET  17.0256 -3.4620 -7.5427
X  0.8446 -0.5353 -0.0131
Y  0.4876  0.7789 -0.3944
Z  0.2213  0.3267  0.9188

PART 20
OFFSET  15.8241 -1.3987 -6.9560
X  0.9984  0.0045 -0.0572
Y -0.0113 -0.9621 -0.2726
Z -0.0563  0.2728 -0.9604

PART 21
OFFSET  18.4104 -1.4921 -7.2030
X  0.4892 -0.8659 -0.1044
Y -0.8273 -0.4986  0.2587
Z -0.2760 -0.0401 -0.9603

PART 22
OFFSET  19.2433 -2.9663 -7.3808
X -0.7730 -0.5869  0.2409
Y -0.5809  0.8074  0.1033
Z -0.2551 -0.0601 -0.9650

PART 23
OFFSET  18.1720 -3.7798 -7.0469
X -0.9165  0.3349  0.2186
Y  0.3116  0.9406 -0.1350
Z -0.2508 -0.0556 -0.9664

PART 24
OFFSET  17.1780 -3.4165 -6.8098
X  0.5606 -0.8145 -0.1496
Y  0.7910  0.5801 -0.1942
Z  0.2450 -0.0094  0.9695

PART 25
OFFSET  17.2704 -2.4157 -4.6886
X  0.9585 -0.2847 -0.0143
Y  0.2737  0.9054  0.3246
Z -0.0795 -0.3151  0.9457

PART 26
OFFSET  18.2707 -1.3981 -5.0691
X  0.9868 -0.1291 -0.0975
Y -0.1529 -0.9415 -0.3004
Z -0.0530  0.3114 -0.9488

PART 27
OFFSET  20.0082 -1.6254 -5.2407
X  0.8708 -0.4162 -0.2616
Y -0.4828 -0.8244 -0.2954
Z -0.0927  0.3836 -0.9188

PART 28
OFFSET  21.0724 -2.1547 -5.5029
X  0.7036 -0.6751 -0.2220
Y -0.7106 -0.6674 -0.2227
Z  0.0022  0.3144 -0.9493

PART 29
OFFSET  21.8671 -2.9173 -5.7536
X  0.4131  0.9107  0.0063
Y -0.8775  0.3962  0.2701
Z  0.2435 -0.1171  0.9628

PART 30
OFFSET  18.4411 -1.3294 -6.1584
X  0.5669 -0.7830 -0.2559
Y -0.7637 -0.6160  0.1932
Z -0.3089  0.0859 -0.9472

PART 31
OFFSET  19.5486 -2.8592 -6.6583
X -0.7518 -0.6264  0.2061
Y -0.5601  0.7715  0.3018
Z -0.3480  0.1115 -0.9308

PART 32
OFFSET  18.4505 -3.7741 -6.3573
X -0.9080  0.1779  0.3793
Y  0.2257  0.9705  0.0851
Z -0.3530  0.1629 -0.9213

PART 33
OFFSET  17.4195 -3.5721 -5.9342
X  0.5747 -0.7666 -0.2864
Y  0.7287  0.6386 -0.2472
Z  0.3724 -0.0666  0.9257

PART 34
OFFSET  17.4456 -2.8912 -7.0081
X -0.1074  0.2254 -0.9683
Y  0.0026  0.9740  0.2264
Z  0.9942  0.0218 -0.1052

PART 35
OFFSET  8.2534 -2.6720 -4.4932
X  1.0000  0.0000 -0.0047
Y -0.0000  1.0000 -0.0031
Z  0.0047  0.0031  1.0000

PART 36
OFFSET  8.2534 -2.6720 -4.4932
X  1.0000  0.0000 -0.0047
Y -0.0000  1.0000 -0.0031
Z  0.0047  0.0031  1.0000

PART 37
OFFSET  13.5650 -2.9461 -2.1597
X  0.9999  0.0001  0.0158
Y -0.0000  1.0000 -0.0031
Z -0.0158  0.0031  0.9999

PART 38
OFFSET  12.4665 -2.6560 -4.2338
X  1.0000  0.0000 -0.0047
Y -0.0000  1.0000 -0.0031
Z  0.0047  0.0031  1.0000

PART 39
OFFSET  31.8593 -2.6522 -3.5501
X  1.0000  0.0000 -0.0047
Y -0.0000  1.0000 -0.0031
Z  0.0047  0.0031  1.0000

PART 40
OFFSET -0.0687 -2.6842 -8.2577
X  1.0000  0.0000 -0.0047
Y -0.0000  1.0000 -0.0031
Z  0.0047  0.0031  1.0000

PART 41
OFFSET  20.6679 -2.6720 -5.5428
X  1.0000  0.0000 -0.0047
Y -0.0000  1.0000 -0.0031
Z  0.0047  0.0031  1.0000

PART 42
OFFSET  23.3670 -2.6750 -5.6909
X  1.0000  0.0000 -0.0047
Y -0.0000  1.0000 -0.0031
Z  0.0047  0.0031  1.0000

PART 43
OFFSET  27.7712 -2.6749 -5.7116
X  1.0000  0.0000 -0.0047
Y -0.0000  1.0000 -0.0031
Z  0.0047  0.0031  1.0000

PART 44
OFFSET -17.6076 -4.8127 -7.0611
X -0.8943  0.0570  0.4437
Y -0.2145 -0.9251 -0.3134
Z  0.3926 -0.3755  0.8396

PART 45
OFFSET -6.7915 -5.5027 -12.4276
X -0.8795 -0.0889 -0.4676
Y  0.4757 -0.1319 -0.8696
Z  0.0156 -0.9873  0.1583

PART 46
OFFSET  0.6886 -4.7469 -8.4503
X -0.8795 -0.0889 -0.4676
Y  0.4760 -0.1618 -0.8644
Z  0.0011 -0.9828  0.1846

PART 47
OFFSET  1.6113 -3.3474 -7.3756
X -0.8823 -0.0851 -0.4630
Y -0.0199  0.9894 -0.1440
Z  0.4703 -0.1178 -0.8746

PART 48
OFFSET  1.5210 -3.8833 -6.2837
X -0.8823 -0.0851 -0.4630
Y -0.0199  0.9894 -0.1440
Z  0.4703 -0.1178 -0.8746

PART 49
OFFSET  1.6970 -5.2338 -6.1469
X -0.8823 -0.0851 -0.4630
Y -0.0199  0.9894 -0.1440
Z  0.4703 -0.1178 -0.8746

PART 50
OFFSET  3.3847 -4.4745 -7.0167
X -0.9558 -0.1426 -0.2572
Y  0.2806 -0.1804 -0.9427
Z  0.0881 -0.9732  0.2125

PART 51
OFFSET  3.5077 -3.8366 -6.0785
X -0.5011 -0.6800 -0.5352
Y  0.5746  0.2011 -0.7934
Z  0.6471 -0.7051  0.2900

PART 52
OFFSET  4.4957 -2.3500 -4.8605
X -0.9016 -0.3476  0.2574
Y -0.0651 -0.4794 -0.8752
Z  0.4276 -0.8058  0.4096

PART 53
OFFSET  5.8995 -1.7273 -5.3742
X -0.5296 -0.0188  0.8480
Y -0.6577 -0.6223 -0.4245
Z  0.5357 -0.7826  0.3172

PART 54
OFFSET  6.4589 -1.6606 -6.2985
X -0.8706  0.3606  0.3347
Y  0.0957  0.7915 -0.6036
Z -0.4826 -0.4935 -0.7236

PART 55
OFFSET  4.4761 -4.3503 -7.8515
X -0.9327 -0.2709  0.2381
Y  0.3223 -0.9224  0.2130
Z  0.1619  0.2754  0.9476

PART 56
OFFSET  6.5558 -3.5884 -8.2746
X -0.1060 -0.9918  0.0716
Y  0.9456 -0.1228 -0.3012
Z  0.3076  0.0358  0.9509

PART 57
OFFSET  6.7059 -2.1842 -8.3760
X  0.7694 -0.5959 -0.2301
Y  0.5748  0.8030 -0.1574
Z  0.2786 -0.0112  0.9603

PART 58
OFFSET  6.0238 -1.6559 -8.1719
X  0.9028  0.2989 -0.3092
Y -0.2986  0.9531  0.0493
Z  0.3094  0.0478  0.9497

PART 59
OFFSET  5.1660 -1.9398 -7.8782
X -0.5478 -0.8338  0.0682
Y -0.7673  0.5332  0.3562
Z -0.3333  0.1428 -0.9319

PART 60
OFFSET  4.5122 -4.3349 -7.1387
X -0.9688 -0.2438  0.0441
Y  0.2470 -0.9366  0.2487
Z -0.0193  0.2518  0.9676

PART 61
OFFSET  7.0349 -3.7602 -7.3915
X -0.1319 -0.9736  0.1865
Y  0.9391 -0.1829 -0.2908
Z  0.3172  0.1368  0.9384

PART 62
OFFSET  7.2595 -2.1027 -7.7089
X  0.8802 -0.4121 -0.2355
Y  0.3632  0.9042 -0.2249
Z  0.3057  0.1124  0.9455

PART 63
OFFSET  6.0397 -1.5315 -7.3825
X  0.8289  0.4600 -0.3183
Y -0.4721  0.8805  0.0431
Z  0.3001  0.1146  0.9470

PART 64
OFFSET  5.1407 -2.0304 -7.0372
X -0.3947 -0.8742  0.2828
Y -0.8743  0.4519  0.1770
Z -0.2825 -0.1774 -0.9427

PART 65
OFFSET -0.7833 -5.4372 -7.1760
X -0.9291 -0.3699 -0.0006
Y -0.3510  0.8819 -0.3147
Z  0.1169 -0.2922 -0.9492

PART 66
OFFSET  6.9300 -4.1442 -5.2247
X -0.9877 -0.0156 -0.1556
Y -0.0011 -0.9942  0.1071
Z -0.1564  0.1060  0.9820

PART 67
OFFSET  8.6690 -4.1167 -4.9507
X -0.3659 -0.9258  0.0945
Y  0.9182 -0.3426  0.1988
Z -0.1516  0.1595  0.9755

PART 68
OFFSET  9.1047 -2.9815 -5.0064
X  0.0494 -0.9941  0.0965
Y  0.9862  0.0638  0.1529
Z -0.1581  0.0876  0.9835

PART 69
OFFSET  9.0489 -1.8586 -5.1153
X -0.9508  0.2906  0.1072
Y  0.2694  0.9466 -0.1770
Z -0.1529 -0.1394 -0.9784

PART 70
OFFSET  7.1167 -4.1806 -6.3130
X -0.2616 -0.9399  0.2192
Y  0.9567 -0.2826 -0.0699
Z  0.1276  0.1914  0.9732

PART 71
OFFSET  7.6279 -2.3444 -6.7411
X  0.8288 -0.5596 -0.0030
Y  0.5379  0.7981 -0.2714
Z  0.1543  0.2233  0.9625

PART 72
OFFSET  6.4173 -1.5270 -6.7367
X  0.8839  0.3863 -0.2638
Y -0.4395  0.8789 -0.1853
Z  0.1602  0.2797  0.9466

PART 73
OFFSET  5.4149 -1.9660 -6.4448
X -0.4073 -0.8755  0.2601
Y -0.8908  0.4436  0.0985
Z -0.2016 -0.1916 -0.9606

PART 74
OFFSET  0.0000 -0.0000 -0.0000
X  1.0000 -0.0000  0.0000
Y  0.0000  1.0000  0.0000
Z  0.0000 -0.0000  1.0000

PART 75
OFFSET  0.0000 -0.0000 -0.0000
X  1.0000 -0.0000  0.0000
Y  0.0000  1.0000  0.0000
Z  0.0000 -0.0000  1.0000

PART 76
OFFSET  1.5404 -0.0000  4.1357
X  1.0000 -0.0000  0.0000
Y  0.0000  1.0000  0.0000
Z  0.0000 -0.0000  1.0000


FRAME 1002
PART 0
OFFSET -4.6318 -0.0000 -1.3770
X  1.0000 -0.0000  0.0000
Y  0.0000  1.0000  0.0000
Z  0.0000 -0.0000  1.0000

PART 1
OFFSET -4.6318 -0.0000 -1.3770
X  1.0000 -0.0000  0.0000
Y  0.0000  1.0000  0.0000
Z  0.0000 -0.0000  1.0000

PART 2
OFFSET -3.5060  6.3408 -6.7125
X  0.8621 -0.1204 -0.4923
Y -0.1231 -0.9920  0.0271
Z -0.4916  0.0372 -0.8700

PART 3
OFFSET  6.9199  4.8843 -12.6658
X  0.6686 -0.5420  0.5092
Y -0.6526 -0.0994  0.7511
Z -0.3565 -0.8345 -0.4201

PART 4
OFFSET  12.6066  0.2747 -8.3350
X  0.6686 -0.5420  0.5092
Y -0.6929 -0.2055  0.6911
Z -0.2699 -0.8149 -0.5129

PART 5
OFFSET  14.6850  1.0797 -7.4652
X  0.6734 -0.5391  0.5058
Y  0.3640  0.8374  0.4079
Z -0.6435 -0.0905  0.7601

PART 6
OFFSET  13.8437 -0.7594 -9.0685
X  0.6734 -0.5391  0.5058
Y  0.3640  0.8374  0.4079
Z -0.6435 -0.0905  0.7601

PART 7
OFFSET  13.4457  0.2587 -5.6830
X  0.6734 -0.5391  0.5058
Y  0.3640  0.8374  0.4079
Z -0.6435 -0.0905  0.7601

PART 8
OFFSET  12.8338 -0.9965 -6.4129
X  0.6734 -0.5391  0.5058
Y  0.3640  0.8374  0.4079
Z -0.6435 -0.0905  0.7601

PART 9
OFFSET  12.5186 -1.6948 -7.4911
X  0.6734 -0.5391  0.5058
Y  0.3640  0.8374  0.4079
Z -0.6435 -0.0905  0.7601

PART 10
OFFSET  14.6563 -1.3867 -6.7740
X  0.9706 -0.0418  0.2369
Y -0.2404 -0.2033  0.9491
Z  0.0085 -0.9782 -0.2074

PART 11
OFFSET  14.8644 -2.0034 -5.8367
X  0.6476 -0.6321  0.4256
Y -0.5003  0.0686  0.8631
Z -0.5748 -0.7719 -0.2718

PART 12
OFFSET  16.1799 -3.4035 -4.8473
X  0.9548 -0.1759 -0.2396
Y  0.1167 -0.5194  0.8465
Z -0.2733 -0.8363 -0.4754

PART 13
OFFSET  17.6837 -3.7502 -5.3377
X  0.4282  0.0969 -0.8984
Y  0.7787 -0.5440  0.3125
Z -0.4584 -0.8335 -0.3084

PART 14
OFFSET  18.1391 -3.6928 -6.3181
X  0.7711  0.4948 -0.4007
Y -0.1321  0.7399  0.6596
Z  0.6229 -0.4556  0.6359

PART 15
OFFSET  15.7368 -1.4021 -7.6317
X  0.9538 -0.0619 -0.2941
Y -0.0810 -0.9953 -0.0534
Z -0.2894  0.0747 -0.9543

PART 16
OFFSET  17.9120 -1.6740 -8.1600
X  0.5947 -0.8036 -0.0240
Y -0.7437 -0.5613  0.3631
Z -0.3053 -0.1981 -0.9314

PART 17
OFFSET  18.7540 -2.8117 -8.1940
X -0.5385 -0.7745  0.3320
Y -0.8026  0.5915  0.0779
Z -0.2566 -0.2245 -0.9401

PART 18
OFFSET  18.2765 -3.4983 -7.8997
X -0.8275 -0.4371  0.3525
Y -0.4716  0.8817 -0.0137
Z -0.3048 -0.1776 -0.9357

PART 19
OFFSET  17.4904 -3.9136 -7.5648
X  0.9730 -0.1935 -0.1256
Y  0.1379  0.9245 -0.3554
Z  0.1849  0.3285  0.9262

PART 20
OFFSET  15.7893 -1.4098 -6.9199
X  0.9976  0.0168 -0.0673
Y -0.0009 -0.9673 -0.2537
Z -0.0693  0.2531 -0.9649

PART 21
OFFSET  18.3722 -1.4920 -7.2036
X  0.6290 -0.7642 -0.1428
Y -0.7191 -0.6417  0.2664
Z -0.2952 -0.0649 -0.9532

PART 22
OFFSET  19.4431 -2.7930 -7.4467
X -0.5308 -0.8188  0.2188
Y -0.8030  0.5684  0.1793
Z -0.2712 -0.0806 -0.9592

PART 23
OFFSET  18.7075 -3.9278 -7.1434
X -0.9574 -0.0884  0.2748
Y -0.1055  0.9933 -0.0479
Z -0.2687 -0.0749 -0.9603

PART 24
OFFSET  17.6691 -4.0237 -6.8454
X  0.8315 -0.4986 -0.2450
Y  0.4740  0.8667 -0.1554
Z  0.2898  0.0131  0.9570

PART 25
OFFSET  17.2713 -2.3628 -4.6478
X  0.9621 -0.2720 -0.0183
Y  0.2645  0.9151  0.3042
Z -0.0660 -0.2976  0.9524

PART 26
OFFSET  18.2539 -1.3395 -5.0579
X  0.9923 -0.0911 -0.0840
Y -0.1095 -0.9621 -0.2496
Z -0.0581  0.2569 -0.9647

PART 27
OFFSET  20.0010 -1.4999 -5.2059
X  0.9080 -0.3551 -0.2223
Y -0.4063 -0.8758 -0.2607
Z -0.1021  0.3270 -0.9395

PART 28
OFFSET  21.1111 -1.9515 -5.4190
X  0.8058 -0.5709 -0.1575
Y -0.5922 -0.7773 -0.2125
Z -0.0011  0.2645 -0.9644

PART 29
OFFSET  22.0213 -2.5963 -5.5970
X  0.2720  0.9619 -0.0281
Y -0.9383  0.2716  0.2142
Z  0.2137 -0.0319  0.9764

PART 30
OFFSET  18.4128 -1.2899 -6.1501
X  0.6818 -0.6853 -0.2560
Y -0.6669 -0.7261  0.1676
Z -0.3007  0.0565 -0.9520

PART 31
OFFSET  19.7447 -2.6287 -6.6502
X -0.4995 -0.8586  0.1155
Y -0.7949  0.5073  0.3329
Z -0.3444  0.0745 -0.9359

PART 32
OFFSET  19.0150 -3.8827 -6.4816
X -0.9067 -0.2685  0.3254
Y -0.2087  0.9557  0.2074
Z -0.3667  0.1202 -0.9226

PART 33
OFFSET  17.9857 -4.1867 -6.1197
X  0.8519 -0.4122 -0.3230
Y  0.3954  0.9107 -0.1193
Z  0.3434 -0.0260  0.9388

PART 34
OFFSET  17.4303 -2.8812 -6.9593
X -0.1199  0.2049 -0.9714
Y -0.0085  0.9782  0.2074
Z  0.9927  0.0331 -0.1156

PART 35
OFFSET  8.2479 -2.6764 -4.3587
X  0.9999  0.0000 -0.0166
Y -0.0002  0.9999 -0.0116
Z  0.0166  0.0116  0.9998

PART 36
OFFSET  8.2479 -2.6764 -4.3587
X  0.9999  0.0000 -0.0166
Y -0.0002  0.9999 -0.0116
Z  0.0166  0.0116  0.9998

PART 37
OFFSET  13.5870 -2.9305 -2.0867
X  1.0000  0.0003  0.0038
Y -0.0002  0.9999 -0.0116
Z -0.0038  0.0116  0.9999

PART 38
OFFSET  12.4638 -2.6580 -4.1499
X  0.9999  0.0000 -0.0166
Y -0.0002  0.9999 -0.0116
Z  0.0166  0.0116  0.9998

PART 39
OFFSET  31.8301 -2.6477 -3.7177
X  0.9999  0.0000 -0.0166
Y -0.0002  0.9999 -0.0116
Z  0.0166  0.0116  0.9998

PART 40
OFFSET -0.1186 -2.7207 -8.0234
X  0.9999  0.0000 -0.0166
Y -0.0002  0.9999 -0.0116
Z  0.0166  0.0116  0.9998

PART 41
OFFSET  20.6489 -2.6847 -5.5566
X  0.9999  0.0000 -0.0166
Y -0.0002  0.9999 -0.0116
Z  0.0166  0.0116  0.9998

PART 42
OFFSET  23.3461 -2.6888 -5.7369
X  0.9999  0.0000 -0.0166
Y -0.0002  0.9999 -0.0116
Z  0.0166  0.0116  0.9998

PART 43
OFFSET  27.7497 -2.6886 -5.8101
X  0.9999  0.0000 -0.0166
Y -0.0002  0.9999 -0.0116
Z  0.0166  0.0116  0.9998

PART 44
OFFSET -17.6076 -4.8127 -7.0611
X -0.8973  0.0571  0.4377
Y -0.2139 -0.9237 -0.3179
Z  0.3862 -0.3789  0.8410

PART 45
OFFSET -6.7559 -5.5030 -12.3551
X -0.8733 -0.0867 -0.4793
Y  0.4869 -0.1293 -0.8638
Z  0.0129 -0.9878  0.1552

PART 46
OFFSET  0.6723 -4.7660 -8.2782
X -0.8733 -0.0867 -0.4793
Y  0.4871 -0.1639 -0.8578
Z -0.0042 -0.9827  0.1853

PART 47
OFFSET  1.5818 -3.3707 -7.1868
X -0.8762 -0.0829 -0.4747
Y -0.0174  0.9899 -0.1409
Z  0.4816 -0.1152 -0.8688

PART 48
OFFSET  1.4770 -3.9103 -6.0980
X -0.8762 -0.0829 -0.4747
Y -0.0174  0.9899 -0.1409
Z  0.4816 -0.1152 -0.8688

PART 49
OFFSET  1.6503 -5.2614 -5.9635
X -0.8762 -0.0829 -0.4747
Y -0.0174  0.9899 -0.1409
Z  0.4816 -0.1152 -0.8688

PART 50
OFFSET  3.3497 -4.5003 -6.8087
X -0.9588 -0.1449 -0.2445
Y  0.2693 -0.1883 -0.9445
Z  0.0908 -0.9714  0.2196

PART 51
OFFSET  3.4838 -3.8546 -5.8775
X -0.5074 -0.6845 -0.5235
Y  0.5650  0.1944 -0.8018
Z  0.6506 -0.7026  0.2882

PART 52
OFFSET  4.4860 -2.3577 -4.6839
X -0.8984 -0.3454  0.2711
Y -0.0754 -0.4868 -0.8703
Z  0.4326 -0.8023  0.4113

PART 53
OFFSET  5.8835 -1.7393 -5.2195
X -0.5194 -0.0116  0.8544
Y -0.6626 -0.6259 -0.4114
Z  0.5396 -0.7798  0.3174

PART 54
OFFSET  6.4318 -1.6804 -6.1510
X -0.8666  0.3633  0.3421
Y  0.0884  0.7864 -0.6114
Z -0.4911 -0.4996 -0.7136

PART 55
OFFSET  4.4310 -4.3831 -7.6575
X -0.9297 -0.2689  0.2515
Y  0.3249 -0.9205  0.2169
Z  0.1732  0.2834  0.9432

PART 56
OFFSET  6.5054 -3.6247 -8.1118
X -0.1050 -0.9911  0.0812
Y  0.9420 -0.1253 -0.3115
Z  0.3189  0.0438  0.9468

PART 57
OFFSET  6.6541 -2.2214 -8.2268
X  0.7667 -0.5978 -0.2343
Y  0.5728  0.8016 -0.1710
Z  0.2901 -0.0031  0.9570

PART 58
OFFSET  5.9743 -1.6914 -8.0191
X  0.8990  0.2963 -0.3224
Y -0.2982  0.9535  0.0448
Z  0.3207  0.0558  0.9455

PART 59
OFFSET  5.1202 -1.9729 -7.7128
X -0.5468 -0.8332  0.0817
Y -0.7631  0.5362  0.3608
Z -0.3445  0.1349 -0.9290

PART 60
OFFSET  4.4756 -4.3617 -6.9454
X -0.9682 -0.2435  0.0577
Y  0.2501 -0.9344  0.2536
Z -0.0078  0.2600  0.9656

PART 61
OFFSET  6.9950 -3.7890 -7.2330
X -0.1295 -0.9720  0.1962
Y  0.9356 -0.1853 -0.3005
Z  0.3284  0.1447  0.9334

PART 62
OFFSET  7.2156 -2.1342 -7.5671
X  0.8773 -0.4140 -0.2426
Y  0.3603  0.9023 -0.2369
Z  0.3169  0.1204  0.9408

PART 63
OFFSET  5.9996 -1.5604 -7.2310
X  0.8250  0.4574 -0.3321
Y -0.4717  0.8808  0.0413
Z  0.3114  0.1226  0.9424

PART 64
OFFSET  5.1049 -2.0564 -6.8708
X -0.3911 -0.8718  0.2949
Y -0.8722  0.4534  0.1836
Z -0.2937 -0.1854 -0.9377

PART 65
OFFSET -0.8198 -5.4646 -6.9101
X -0.9289 -0.3700  0.0136
Y -0.3548  0.8792 -0.3179
Z  0.1056 -0.3001 -0.9480

PART 66
OFFSET  6.9161 -4.1548 -5.0620
X -0.9895 -0.0170 -0.1437
Y  0.0003 -0.9933  0.1155
Z -0.1447  0.1143  0.9829

PART 67
OFFSET  8.6582 -4.1249 -4.8090
X -0.3646 -0.9250  0.1067
Y  0.9206 -0.3409  0.1907
Z -0.1400  0.1677  0.9758

PART 68
OFFSET  9.0930 -2.9902 -4.8795
X  0.0507 -0.9933  0.1043
Y  0.9879  0.0652  0.1405
Z -0.1464  0.0959  0.9846

PART 69
OFFSET  9.0358 -1.8683 -4.9972
X -0.9495  0.2915  0.1161
Y  0.2671  0.9451 -0.1882
Z -0.1646 -0.1476 -0.9752

PART 70
OFFSET  7.0898 -4.2003 -6.1521
X -0.2589 -0.9381  0.2302
Y  0.9558 -0.2831 -0.0789
Z  0.1392  0.1996  0.9699

PART 71
OFFSET  7.5955 -2.3677 -6.6018
X  0.8288 -0.5595 -0.0082
Y  0.5345  0.7958 -0.2845
Z  0.1657  0.2314  0.9586

PART 72
OFFSET  6.3850 -1.5505 -6.5898
X  0.8806  0.3841 -0.2775
Y -0.4418  0.8773 -0.1874
Z  0.1715  0.2877  0.9423

PART 73
OFFSET  5.3861 -1.9870 -6.2823
X -0.4040 -0.8733  0.2723
Y -0.8896  0.4444  0.1054
Z -0.2130 -0.1997 -0.9564

PART 74
OFFSET  0.0000 -0.0000 -0.0000
X  1.0000 -0.0000  0.0000
Y  0.0000  1.0000  0.0000
Z  0.0000 -0.0000  1.0000

PART 75
OFFSET  0.0000 -0.0000 -0.0000
X  1.0000 -0.0000  0.0000
Y  0.0000  1.0000  0.0000
Z  0.0000 -0.0000  1.0000

PART 76
OFFSET  1.5404 -0.0000  4.1357
X  1.0000 -0.0000  0.0000
Y  0.0000  1.0000  0.0000
Z  0.0000 -0.0000  1.0000


FRAME 1003
PART 0
OFFSET -4.6318 -0.0000 -1.3770
X  1.0000 -0.0000  0.0000
Y  0.0000  1.0000  0.0000
Z  0.0000 -0.0000  1.0000

PART 1
OFFSET -4.6318 -0.0000 -1.3770
X  1.0000 -0.0000  0.0000
Y  0.0000  1.0000  0.0000
Z  0.0000 -0.0000  1.0000

PART 2
OFFSET -3.5060  6.3408 -6.7125
X  0.8625 -0.1223 -0.4910
Y -0.1245 -0.9918  0.0282
Z -0.4905  0.0368 -0.8707

PART 3
OFFSET  6.9251  4.8622 -12.6511
X  0.6644 -0.5427  0.5139
Y -0.6565 -0.0952  0.7483
Z -0.3571 -0.8345 -0.4195

PART 4
OFFSET  12.5761  0.2467 -8.2800
X  0.6644 -0.5427  0.5139
Y -0.6963 -0.1997  0.6894
Z -0.2715 -0.8159 -0.5105

PART 5
OFFSET  14.6528  1.0474 -7.4025
X  0.6692 -0.5398  0.5106
Y  0.3647  0.8373  0.4073
Z -0.6474 -0.0863  0.7572

PART 6
OFFSET  13.8134 -0.7935 -9.0047
X  0.6692 -0.5398  0.5106
Y  0.3647  0.8373  0.4073
Z -0.6474 -0.0863  0.7572

PART 7
OFFSET  13.4023  0.2354 -5.6240
X  0.6692 -0.5398  0.5106
Y  0.3647  0.8373  0.4073
Z -0.6474 -0.0863  0.7572

PART 8
OFFSET  12.7855 -1.0232 -6.3511
X  0.6692 -0.5398  0.5106
Y  0.3647  0.8373  0.4073
Z -0.6474 -0.0863  0.7572

PART 9
OFFSET  12.4732 -1.7234 -7.4288
X  0.6692 -0.5398  0.5106
Y  0.3647  0.8373  0.4073
Z -0.6474 -0.0863  0.7572

PART 10
OFFSET  14.6129 -1.4169 -6.7045
X  0.9740 -0.0176  0.2258
Y -0.2251 -0.1832  0.9569
Z  0.0245 -0.9829 -0.1824

PART 11
OFFSET  14.8438 -2.0053 -5.7544
X  0.6645 -0.6087  0.4335
Y -0.4911  0.0815  0.8673
Z -0.5633 -0.7892 -0.2448

PART 12
OFFSET  16.1973 -3.3546 -4.7459
X  0.9608 -0.1853 -0.2062
Y  0.0944 -0.4809  0.8717
Z -0.2607 -0.8570 -0.4446

PART 13
OFFSET  17.7136 -3.7210 -5.1807
X  0.5493 -0.0116 -0.8355
Y  0.7050 -0.5304  0.4709
Z -0.4486 -0.8477 -0.2832

PART 14
OFFSET  18.2991 -3.7814 -6.0891
X  0.8390  0.4266 -0.3378
Y -0.1874  0.8093  0.5567
Z  0.5109 -0.4037  0.7589

PART 15
OFFSET  15.6831 -1.4343 -7.5750
X  0.9416 -0.0620 -0.3309
Y -0.0897 -0.9936 -0.0692
Z -0.3245  0.0948 -0.9411

PART 16
OFFSET  17.8351 -1.7092 -8.1898
X  0.7490 -0.6551 -0.0992
Y -0.5751 -0.7172  0.3936
Z -0.3290 -0.2378 -0.9139

PART 17
OFFSET  18.8955 -2.6366 -8.3304
X -0.1119 -0.9498  0.2923
Y -0.9544  0.1846  0.2345
Z -0.2767 -0.2528 -0.9271

PART 18
OFFSET  18.7963 -3.4787 -8.0712
X -0.4543 -0.8086  0.3739
Y -0.8240  0.5409  0.1688
Z -0.3387 -0.2314 -0.9120

PART 19
OFFSET  18.3647 -4.2469 -7.7160
X  0.9137  0.3124 -0.2600
Y -0.3725  0.8995 -0.2284
Z  0.1625  0.3055  0.9382

PART 20
OFFSET  15.7443 -1.4227 -6.8639
X  0.9962  0.0336 -0.0801
Y  0.0144 -0.9734 -0.2288
Z -0.0857  0.2268 -0.9702

PART 21
OFFSET  18.3222 -1.4908 -7.1929
X  0.7842 -0.5858 -0.2046
Y -0.5321 -0.8045  0.2639
Z -0.3192 -0.0981 -0.9426

PART 22
OFFSET  19.6573 -2.4882 -7.5412
X -0.1057 -0.9840  0.1434
Y -0.9504  0.1424  0.2764
Z -0.2924 -0.1070 -0.9503

PART 23
OFFSET  19.5108 -3.8520 -7.3425
X -0.7220 -0.6287  0.2888
Y -0.6269  0.7711  0.1113
Z -0.2927 -0.1007 -0.9509

PART 24
OFFSET  18.7277 -4.5338 -7.0293
X  0.9353  0.0697 -0.3470
Y -0.0866  0.9957 -0.0336
Z  0.3431  0.0615  0.9373

PART 25
OFFSET  17.2711 -2.2890 -4.5869
X  0.9668 -0.2545 -0.0234
Y  0.2508  0.9274  0.2774
Z -0.0489 -0.2741  0.9605

PART 26
OFFSET  18.2293 -1.2585 -5.0352
X  0.9969 -0.0348 -0.0703
Y -0.0470 -0.9827 -0.1791
Z -0.0629  0.1818 -0.9813

PART 27
OFFSET  19.9845 -1.3198 -5.1591
X  0.9493 -0.2594 -0.1777
Y -0.2937 -0.9334 -0.2063
Z -0.1124  0.2480 -0.9622

PART 28
OFFSET  21.1453 -1.6503 -5.3167
X  0.9148 -0.3953 -0.0830
Y -0.4039 -0.8973 -0.1781
Z -0.0041  0.1964 -0.9805

PART 29
OFFSET  22.1786 -2.0968 -5.4104
X  0.0657  0.9939 -0.0880
Y -0.9846  0.0789  0.1563
Z  0.1623  0.0764  0.9838

PART 30
OFFSET  18.3740 -1.2342 -6.1302
X  0.8137 -0.5230 -0.2537
Y -0.5052 -0.8522  0.1365
Z -0.2875  0.0171 -0.9576

PART 31
OFFSET  19.9637 -2.2558 -6.6257
X -0.0471 -0.9989 -0.0080
Y -0.9412  0.0417  0.3354
Z -0.3347  0.0233 -0.9421

PART 32
OFFSET  19.8949 -3.7148 -6.6374
X -0.5903 -0.7831  0.1959
Y -0.7145  0.6198  0.3246
Z -0.3756  0.0517 -0.9254

PART 33
OFFSET  19.2242 -4.6018 -6.4223
X  0.9330  0.2013 -0.2984
Y -0.1943  0.9795  0.0530
Z  0.3029  0.0085  0.9530

PART 34
OFFSET  17.4123 -2.8638 -6.8861
X -0.1354  0.1775 -0.9748
Y -0.0245  0.9829  0.1824
Z  0.9905  0.0486 -0.1287

PART 35
OFFSET  8.2421 -2.6816 -4.1783
X  0.9995  0.0000 -0.0318
Y -0.0007  0.9998 -0.0223
Z  0.0318  0.0224  0.9992

PART 36
OFFSET  8.2421 -2.6816 -4.1783
X  0.9995  0.0000 -0.0318
Y -0.0007  0.9998 -0.0223
Z  0.0318  0.0224  0.9992

PART 37
OFFSET  13.6152 -2.9103 -1.9850
X  0.9999  0.0005 -0.0114
Y -0.0007  0.9998 -0.0223
Z  0.0114  0.0223  0.9997

PART 38
OFFSET  12.4607 -2.6602 -4.0338
X  0.9995  0.0000 -0.0318
Y -0.0007  0.9998 -0.0223
Z  0.0318  0.0224  0.9992

PART 39
OFFSET  31.7772 -2.6427 -3.9271
X  0.9995  0.0000 -0.0318
Y -0.0007  0.9998 -0.0223
Z  0.0318  0.0224  0.9992

PART 40
OFFSET -0.1791 -2.7669 -7.7147
X  0.9995  0.0000 -0.0318
Y -0.0007  0.9998 -0.0223
Z  0.0318  0.0224  0.9992

PART 41
OFFSET  20.6235 -2.7007 -5.5643
X  0.9995  0.0000 -0.0318
Y -0.0007  0.9998 -0.0223
Z  0.0318  0.0224  0.9992

PART 42
OFFSET  23.3176 -2.7063 -5.7855
X  0.9995  0.0000 -0.0318
Y -0.0007  0.9998 -0.0223
Z  0.0318  0.0224  0.9992

PART 43
OFFSET  27.7196 -2.7061 -5.9256
X  0.9995  0.0000 -0.0318
Y -0.0007  0.9998 -0.0223
Z  0.0318  0.0224  0.9992

PART 44
OFFSET -17.6076 -4.8127 -7.0611
X -0.9015  0.0570  0.4291
Y -0.2125 -0.9219 -0.3239
Z  0.3771 -0.3831  0.8432

PART 45
OFFSET -6.7055 -5.5025 -12.2506
X -0.8654 -0.0838 -0.4941
Y  0.5010 -0.1262 -0.8562
Z  0.0094 -0.9885  0.1512

PART 46
OFFSET  0.6549 -4.7896 -8.0484
X -0.8654 -0.0838 -0.4941
Y  0.5010 -0.1660 -0.8494
Z -0.0109 -0.9826  0.1857

PART 47
OFFSET  1.5475 -3.3999 -6.9363
X -0.8683 -0.0801 -0.4895
Y -0.0142  0.9905 -0.1370
Z  0.4958 -0.1120 -0.8612

PART 48
OFFSET  1.4242 -3.9439 -5.8516
X -0.8683 -0.0801 -0.4895
Y -0.0142  0.9905 -0.1370
Z  0.4958 -0.1120 -0.8612

PART 49
OFFSET  1.5941 -5.2957 -5.7200
X -0.8683 -0.0801 -0.4895
Y -0.0142  0.9905 -0.1370
Z  0.4958 -0.1120 -0.8612

PART 50
OFFSET  3.3078 -4.5327 -6.5338
X -0.9623 -0.1477 -0.2284
Y  0.2550 -0.1985 -0.9464
Z  0.0944 -0.9689  0.2286

PART 51
OFFSET  3.4559 -3.8769 -5.6117
X -0.5150 -0.6902 -0.5083
Y  0.5527  0.1858 -0.8124
Z  0.6552 -0.6993  0.2858

PART 52
OFFSET  4.4756 -2.3671 -4.4497
X -0.8941 -0.3426  0.2884
Y -0.0885 -0.4962 -0.8637
Z  0.4390 -0.7978  0.4133

PART 53
OFFSET  5.8646 -1.7542 -5.0131
X -0.5064 -0.0025  0.8623
Y -0.6686 -0.6304 -0.3945
Z  0.5446 -0.7763  0.3176

PART 54
OFFSET  6.3986 -1.7053 -5.9534
X -0.8614  0.3669  0.3513
Y  0.0788  0.7798 -0.6211
Z -0.5018 -0.5073 -0.7006

PART 55
OFFSET  4.3761 -4.4244 -7.4001
X -0.9257 -0.2664  0.2685
Y  0.3285 -0.9181  0.2219
Z  0.1874  0.2936  0.9374

PART 56
OFFSET  6.4431 -3.6706 -7.8941
X -0.1034 -0.9902  0.0935
Y  0.9372 -0.1285 -0.3244
Z  0.3332  0.0541  0.9413

PART 57
OFFSET  6.5896 -2.2687 -8.0264
X  0.7632 -0.6001 -0.2394
Y  0.5699  0.7999 -0.1884
Z  0.3046  0.0073  0.9525

PART 58
OFFSET  5.9129 -1.7366 -7.8141
X  0.8939  0.2930 -0.3392
Y -0.2978  0.9538  0.0391
Z  0.3350  0.0661  0.9399

PART 59
OFFSET  5.0636 -2.0149 -7.4918
X -0.5453 -0.8324  0.0990
Y -0.7577  0.5399  0.3666
Z -0.3586  0.1249 -0.9251

PART 60
OFFSET  4.4315 -4.3954 -6.6890
X -0.9671 -0.2430  0.0751
Y  0.2542 -0.9316  0.2598
Z  0.0068  0.2704  0.9627

PART 61
OFFSET  6.9461 -3.8254 -7.0211
X -0.1262 -0.9698  0.2087
Y  0.9310 -0.1884 -0.3126
Z  0.3425  0.1548  0.9267

PART 62
OFFSET  7.1610 -2.1743 -7.3763
X  0.8737 -0.4165 -0.2514
Y  0.3564  0.8997 -0.2520
Z  0.3311  0.1306  0.9345

PART 63
OFFSET  5.9501 -1.5971 -7.0279
X  0.8197  0.4539 -0.3495
Y -0.4713  0.8811  0.0389
Z  0.3256  0.1328  0.9361

PART 64
OFFSET  5.0611 -2.0893 -6.6489
X -0.3863 -0.8687  0.3101
Y -0.8695  0.4552  0.1919
Z -0.3079 -0.1955 -0.9311

PART 65
OFFSET -0.8623 -5.4987 -6.5614
X -0.9285 -0.3700  0.0317
Y -0.3599  0.8757 -0.3219
Z  0.0913 -0.3103 -0.9462

PART 66
OFFSET  6.9003 -4.1678 -4.8453
X -0.9915 -0.0187 -0.1284
Y  0.0024 -0.9920  0.1262
Z -0.1298  0.1248  0.9837

PART 67
OFFSET  8.6461 -4.1348 -4.6192
X -0.3627 -0.9239  0.1222
Y  0.9235 -0.3387  0.1803
Z -0.1252  0.1782  0.9760

PART 68
OFFSET  9.0793 -3.0008 -4.7084
X  0.0526 -0.9921  0.1142
Y  0.9899  0.0668  0.1248
Z -0.1314  0.1065  0.9856

PART 69
OFFSET  9.0199 -1.8803 -4.8374
X -0.9477  0.2926  0.1274
Y  0.2639  0.9431 -0.2024
Z -0.1793 -0.1582 -0.9710

PART 70
OFFSET  7.0574 -4.2250 -5.9373
X -0.2550 -0.9356  0.2442
Y  0.9546 -0.2838 -0.0904
Z  0.1539  0.2101  0.9655

PART 71
OFFSET  7.5556 -2.3973 -6.4144
X  0.8287 -0.5594 -0.0148
Y  0.5298  0.7928 -0.3012
Z  0.1802  0.2418  0.9535

PART 72
OFFSET  6.3451 -1.5801 -6.3928
X  0.8761  0.3813 -0.2950
Y -0.4449  0.8752 -0.1901
Z  0.1857  0.2978  0.9364

PART 73
OFFSET  5.3512 -2.0135 -6.0655
X -0.3995 -0.8704  0.2878
Y -0.8880  0.4454  0.1141
Z -0.2275 -0.2100 -0.9509

PART 74
OFFSET  0.0000 -0.0000 -0.0000
X  1.0000 -0.0000  0.0000
Y  0.0000  1.0000  0.0000
Z  0.0000 -0.0000  1.0000

PART 75
OFFSET  0.0000 -0.0000 -0.0000
X  1.0000 -0.0000  0.0000
Y  0.0000  1.0000  0.0000
Z  0.0000 -0.0000  1.0000

PART 76
OFFSET  1.5404 -0.0000  4.1357
X  1.0000 -0.0000  0.0000
Y  0.0000  1.0000  0.0000
Z  0.0000 -0.0000  1.0000


FRAME 1004
PART 0
OFFSET -4.6318 -0.0000 -1.3770
X  1.0000 -0.0000  0.0000
Y  0.0000  1.0000  0.0000
Z  0.0000 -0.0000  1.0000

PART 1
OFFSET -4.6318 -0.0000 -1.3770
X  1.0000 -0.0000  0.0000
Y  0.0000  1.0000  0.0000
Z  0.0000 -0.0000  1.0000

PART 2
OFFSET -3.5060  6.3408 -6.7125
X  0.8630 -0.1250 -0.4896
Y -0.1259 -0.9916  0.0313
Z -0.4893  0.0346 -0.8714

PART 3
OFFSET  6.9306  4.8292 -12.6333
X  0.6603 -0.5423  0.5196
Y -0.6603 -0.0897  0.7456
Z -0.3577 -0.8354 -0.4173

PART 4
OFFSET  12.5467  0.2170 -8.2141
X  0.6603 -0.5423  0.5196
Y -0.7006 -0.1956  0.6862
Z -0.2705 -0.8171 -0.5091

PART 5
OFFSET  14.6218  1.0154 -7.3306
X  0.6652 -0.5395  0.5163
Y  0.3654  0.8381  0.4051
Z -0.6512 -0.0808  0.7546

PART 6
OFFSET  13.7842 -0.8304 -8.9281
X  0.6652 -0.5395  0.5163
Y  0.3654  0.8381  0.4051
Z -0.6512 -0.0808  0.7546

PART 7
OFFSET  13.3604  0.2156 -5.5542
X  0.6652 -0.5395  0.5163
Y  0.3654  0.8381  0.4051
Z -0.6512 -0.0808  0.7546

PART 8
OFFSET  12.7372 -1.0489 -6.2752
X  0.6652 -0.5395  0.5163
Y  0.3654  0.8381  0.4051
Z -0.6512 -0.0808  0.7546

PART 9
OFFSET  12.4278 -1.7532 -7.3511
X  0.6652 -0.5395  0.5163
Y  0.3654  0.8381  0.4051
Z -0.6512 -0.0808  0.7546

PART 10
OFFSET  14.5710 -1.4455 -6.6213
X  0.9765  0.0084  0.2152
Y -0.2110 -0.1626  0.9639
