// Export filename: `C:\projects\cod\t5\xanim_export\t5_viewmodels\ak47\ak47_grenadier_gl_d2p_loop.XANIM_EXPORT`
// Source filename: `D:\projects\devanim\t5\animation_assets\viewmodels\ak47\ViewModel_AK47_GrenadeLauncher_animated.fbx`
// Export time: Sat Jun 05 16:37:23 2010

ANIMATION
VERSION 3

NUMPARTS 77
PART 0 "tag_ads"
PART 1 "tag_torso"
PART 2 "J_Shoulder_LE"
PART 3 "J_Elbow_LE"
PART 4 "J_WristTwist_LE"
PART 5 "J_Sleave_Reshape_Bottom_LE_1"
PART 6 "J_Sleave_Reshape_Bottom_LE_2"
PART 7 "J_Sleave_Reshape_Top_LE_1"
PART 8 "J_Sleave_Reshape_Top_LE_2"
PART 9 "J_Sleave_Reshape_Top_LE_3"
PART 10 "J_Wrist_LE"
PART 11 "J_Thumb_LE_0"
PART 12 "J_Thumb_LE_1"
PART 13 "J_Thumb_LE_2"
PART 14 "J_Thumb_LE_3"
PART 15 "J_PinkyPalm_LE"
PART 16 "J_Pinky_LE_0"
PART 17 "J_Pinky_LE_1"
PART 18 "J_Pinky_LE_2"
PART 19 "J_Pinky_LE_3"
PART 20 "J_RingPalm_LE"
PART 21 "J_Ring_LE_0"
PART 22 "J_Ring_LE_1"
PART 23 "J_Ring_LE_2"
PART 24 "J_Ring_LE_3"
PART 25 "J_Webbing_LE"
PART 26 "J_Index_LE_0"
PART 27 "J_Index_LE_1"
PART 28 "J_Index_LE_2"
PART 29 "J_Index_LE_3"
PART 30 "J_Mid_LE_0"
PART 31 "J_Mid_LE_1"
PART 32 "J_Mid_LE_2"
PART 33 "J_Mid_LE_3"
PART 34 "tag_knife_attach"
PART 35 "tag_weapon"
PART 36 "J_Gun"
PART 37 "J_bolt"
PART 38 "TAG_CLIP"
PART 39 "TAG_FLASH"
PART 40 "TAG_BOUNCING_GRENADE_LAUNCHER"
PART 41 "J_BOUNCING_TRIGGER"
PART 42 "J_BOUNCING_GRENADE_AMMO"
PART 43 "J_BOUNCING_GRENADE_TIP"
PART 44 "J_Shoulder_RI"
PART 45 "J_Elbow_RI"
PART 46 "J_WristTwist_RI"
PART 47 "J_Sleave_Reshape_Top_RI_3"
PART 48 "J_Sleave_Reshape_Top_RI_2"
PART 49 "J_Sleave_Reshape_Top_RI_1"
PART 50 "J_Wrist_RI"
PART 51 "J_Thumb_RI_0"
PART 52 "J_Thumb_RI_1"
PART 53 "J_Thumb_RI_2"
PART 54 "J_Thumb_RI_3"
PART 55 "J_PinkyPalm_RI"
PART 56 "J_Pinky_RI_0"
PART 57 "J_Pinky_RI_1"
PART 58 "J_Pinky_RI_2"
PART 59 "J_Pinky_RI_3"
PART 60 "J_RingPalm_RI"
PART 61 "J_Ring_RI_0"
PART 62 "J_Ring_RI_1"
PART 63 "J_Ring_RI_2"
PART 64 "J_Ring_RI_3"
PART 65 "J_Webbing_RI"
PART 66 "J_Index_RI_0"
PART 67 "J_Index_RI_1"
PART 68 "J_Index_RI_2"
PART 69 "J_Index_RI_3"
PART 70 "J_Mid_RI_0"
PART 71 "J_Mid_RI_1"
PART 72 "J_Mid_RI_2"
PART 73 "J_Mid_RI_3"
PART 74 "tag_cambone"
PART 75 "tag_camera"
PART 76 "tag_gasmask"

FRAMERATE 30
NUMFRAMES 16

FRAME 1970
PART 0
OFFSET -4.6318 -0.0000 -1.3770
X  1.0000 -0.0000  0.0000
Y  0.0000  1.0000  0.0000
Z  0.0000 -0.0000  1.0000

PART 1
OFFSET -4.6318 -0.0000 -1.3770
X  1.0000 -0.0000  0.0000
Y  0.0000  1.0000  0.0000
Z  0.0000 -0.0000  1.0000

PART 2
OFFSET -3.5060  6.3408 -6.7125
X  0.6987 -0.1710 -0.6947
Y  0.2210 -0.8719  0.4370
Z -0.6804 -0.4589 -0.5714

PART 3
OFFSET  4.9440  4.2725 -15.1138
X  0.8509 -0.0909  0.5174
Y -0.5014  0.1531  0.8515
Z -0.1567 -0.9840  0.0847

PART 4
OFFSET  12.1811  3.4990 -10.7130
X  0.8509 -0.0909  0.5174
Y -0.5013 -0.4352  0.7479
Z  0.1572 -0.8957 -0.4159

PART 5
OFFSET  14.0404  5.0017 -10.8079
X  0.8543 -0.0892  0.5121
Y  0.1615  0.9820 -0.0984
Z -0.4941  0.1668  0.8533

PART 6
OFFSET  13.5592  2.4960 -11.1956
X  0.8543 -0.0892  0.5121
Y  0.1615  0.9820 -0.0984
Z -0.4941  0.1668  0.8533

PART 7
OFFSET  13.3091  4.9232 -8.6068
X  0.8543 -0.0892  0.5121
Y  0.1615  0.9820 -0.0984
Z -0.4941  0.1668  0.8533

PART 8
OFFSET  12.7543  3.1423 -8.1958
X  0.8543 -0.0892  0.5121
Y  0.1615  0.9820 -0.0984
Z -0.4941  0.1668  0.8533

PART 9
OFFSET  12.5181  1.9654 -8.7513
X  0.8543 -0.0892  0.5121
Y  0.1615  0.9820 -0.0984
Z -0.4941  0.1668  0.8533

PART 10
OFFSET  14.7897  3.2202 -9.1268
X  0.6953  0.7186  0.0086
Y -0.1240  0.1082  0.9864
Z  0.7079 -0.6869  0.1644

PART 11
OFFSET  15.2734  3.3658 -8.1035
X  0.8579  0.2161  0.4661
Y -0.4894  0.0681  0.8694
Z  0.1562 -0.9740  0.1642

PART 12
OFFSET  17.0846  3.7848 -7.0019
X  0.8080  0.4207 -0.4126
Y  0.4011  0.1204  0.9081
Z  0.4317 -0.8992 -0.0714

PART 13
OFFSET  18.4134  4.3560 -7.7301
X  0.1617 -0.0841 -0.9833
Y  0.9438  0.3043  0.1292
Z  0.2883 -0.9489  0.1285

PART 14
OFFSET  18.6175  4.2269 -8.7854
X  0.1287  0.6102 -0.7818
Y -0.5948  0.6782  0.4315
Z  0.7935  0.4095  0.4502

PART 15
OFFSET  15.6540  3.5736 -10.1424
X  0.7470  0.4981 -0.4403
Y  0.6560 -0.6601  0.3661
Z -0.1083 -0.5623 -0.8198

PART 16
OFFSET  17.4285  4.6938 -10.9674
X  0.9251 -0.2585  0.2780
Y -0.3793 -0.6612  0.6473
Z  0.0164 -0.7043 -0.7098

PART 17
OFFSET  18.7383  4.3278 -10.5739
X -0.3204 -0.6909  0.6481
Y -0.9445  0.1808 -0.2742
Z  0.0723 -0.7000 -0.7105

PART 18
OFFSET  18.4542  3.7152 -9.9993
X -0.7455 -0.4946  0.4468
Y -0.6664  0.5411 -0.5130
Z  0.0120 -0.6801 -0.7330

PART 19
OFFSET  17.7459  3.2454 -9.5749
X  0.9868  0.1370  0.0863
Y -0.0218  0.6408 -0.7674
Z -0.1604  0.7554  0.6354

PART 20
OFFSET  15.6256  3.8995 -9.5080
X  0.7041  0.6465 -0.2937
Y  0.6983 -0.7056  0.1207
Z -0.1292 -0.2901 -0.9482

PART 21
OFFSET  17.5290  5.4751 -10.3159
X  0.9454 -0.2866  0.1550
Y -0.3200 -0.7279  0.6064
Z -0.0610 -0.6229 -0.7799

PART 22
OFFSET  19.1386  4.9872 -10.0521
X -0.2784 -0.7443  0.6070
Y -0.9599  0.2365 -0.1502
Z -0.0317 -0.6245 -0.7804

PART 23
OFFSET  18.7528  3.9557 -9.2108
X -0.9605 -0.1988  0.1949
Y -0.2767  0.7593 -0.5889
Z -0.0309 -0.6196 -0.7843

PART 24
OFFSET  17.7112  3.7400 -8.9994
X  0.9435 -0.3013  0.1381
Y  0.3253  0.7620 -0.5600
Z  0.0635  0.5733  0.8169

PART 25
OFFSET  17.1157  5.2391 -7.4460
X  0.8751  0.4642 -0.1370
Y -0.4796  0.8698 -0.1161
Z  0.0652  0.1673  0.9838

PART 26
OFFSET  17.1424  6.3573 -8.4104
X  0.8004  0.5298 -0.2804
Y  0.5756 -0.8100  0.1126
Z -0.1675 -0.2516 -0.9532

PART 27
OFFSET  18.5517  7.2900 -8.9041
X  0.9374  0.1902 -0.2918
Y  0.2435 -0.9568  0.1585
Z -0.2491 -0.2197 -0.9432

PART 28
OFFSET  19.7064  7.5346 -9.2016
X  0.9895 -0.0895 -0.1134
Y -0.0622 -0.9726  0.2241
Z -0.1303 -0.2147 -0.9679

PART 29
OFFSET  20.8241  7.4336 -9.3297
X -0.3026  0.8467 -0.4377
Y -0.9361 -0.1776  0.3036
Z  0.1793  0.5016  0.8463

PART 30
OFFSET  17.3298  6.0400 -9.4518
X  0.9672 -0.2502 -0.0442
Y -0.1755 -0.7839  0.5956
Z -0.1836 -0.5683 -0.8021

PART 31
OFFSET  19.2193  5.5513 -9.5382
X -0.2380 -0.7534  0.6130
Y -0.9433  0.3295  0.0388
Z -0.2312 -0.5691 -0.7891

PART 32
OFFSET  18.8716  4.4509 -8.6428
X -0.8831 -0.1978  0.4255
Y -0.3857  0.8225 -0.4181
Z -0.2673 -0.5333 -0.8026

PART 33
OFFSET  17.8699  4.2226 -8.1662
X  0.9405 -0.3396 -0.0079
Y  0.2526  0.7148 -0.6521
Z  0.2271  0.6113  0.7581

PART 34
OFFSET  17.8205  4.0634 -9.3845
X -0.1310 -0.3563 -0.9251
Y -0.7079  0.6869 -0.1644
Z  0.6941  0.6334 -0.3422

PART 35
OFFSET  10.9629 -0.8802 -4.9912
X  0.6990  0.6712 -0.2467
Y -0.7068  0.5958 -0.3814
Z -0.1090  0.4410  0.8909

PART 36
OFFSET  10.9629 -0.8802 -4.9912
X  0.6990  0.6712 -0.2467
Y -0.7068  0.5958 -0.3814
Z -0.1090  0.4410  0.8909

PART 37
OFFSET  14.6100  3.5494 -4.0913
X  0.6966  0.6801 -0.2285
Y -0.7068  0.5958 -0.3814
Z -0.1233  0.4272  0.8957

PART 38
OFFSET  13.8659  2.0789 -5.7874
X  0.6990  0.6712 -0.2467
Y -0.7068  0.5958 -0.3814
Z -0.1090  0.4410  0.8909

PART 39
OFFSET  25.1457  12.1643 -10.9355
X  0.6990  0.6712 -0.2467
Y -0.7068  0.5958 -0.3814
Z -0.1090  0.4410  0.8909

PART 40
OFFSET  5.5727 -8.1315 -6.3308
X  0.6990  0.6712 -0.2467
Y -0.7068  0.5958 -0.3814
Z -0.1090  0.4410  0.8909

PART 41
OFFSET  19.7502  7.0201 -8.9395
X  0.6990  0.6712 -0.2467
Y -0.7068  0.5958 -0.3814
Z -0.1090  0.4410  0.8909

PART 42
OFFSET  21.6540  8.7709 -9.7252
X  0.6990  0.6712 -0.2467
Y -0.7068  0.5958 -0.3814
Z -0.1090  0.4410  0.8909

PART 43
OFFSET  24.7326  11.7270 -10.8118
X  0.6990  0.6712 -0.2467
Y -0.7068  0.5958 -0.3814
Z -0.1090  0.4410  0.8909

PART 44
OFFSET -10.8444 -11.7139 -5.9426
X -0.9690  0.2245 -0.1036
Y -0.1807 -0.3570  0.9165
Z  0.1687  0.9067  0.3865

PART 45
OFFSET  0.8740 -14.4285 -4.6894
X -0.7121 -0.6995  0.0599
Y  0.6986 -0.6976  0.1590
Z -0.0695  0.1550  0.9855

PART 46
OFFSET  6.9310 -8.4791 -5.1985
X -0.7121 -0.6995  0.0599
Y  0.3679 -0.4445 -0.8168
Z  0.5979 -0.5596  0.5739

PART 47
OFFSET  7.5633 -7.1840 -6.5725
X -0.7160 -0.6958  0.0560
Y  0.0613 -0.1426 -0.9879
Z  0.6954 -0.7039  0.1448

PART 48
OFFSET  7.1438 -6.1639 -6.0517
X -0.7160 -0.6958  0.0560
Y  0.0613 -0.1426 -0.9879
Z  0.6954 -0.7039  0.1448

PART 49
OFFSET  7.2197 -5.9841 -4.6969
X -0.7160 -0.6958  0.0560
Y  0.0613 -0.1426 -0.9879
Z  0.6954 -0.7039  0.1448

PART 50
OFFSET  9.1142 -6.3347 -5.3820
X -0.5385 -0.8408  0.0561
Y  0.4273 -0.3298 -0.8418
Z  0.7263 -0.4293  0.5369

PART 51
OFFSET  8.6459 -5.4619 -4.8153
X  0.1897 -0.9768 -0.0991
Y  0.3465  0.1610 -0.9241
Z  0.9187  0.1410  0.3690

PART 52
OFFSET  8.1508 -3.3779 -4.5299
X -0.4124 -0.7023  0.5802
Y  0.3899 -0.7117 -0.5844
Z  0.8234 -0.0148  0.5673

PART 53
OFFSET  8.7476 -2.2848 -5.5649
X -0.4500  0.0020  0.8930
Y  0.0273 -0.9995  0.0160
Z  0.8926  0.0316  0.4498

PART 54
OFFSET  9.1929 -2.2714 -6.5515
X -0.8999 -0.2248  0.3736
Y -0.4263  0.2740 -0.8621
Z  0.0915 -0.9351 -0.3424

PART 55
OFFSET  9.8807 -5.8896 -6.4393
X -0.4862 -0.6859  0.5415
Y  0.8539 -0.2410  0.4613
Z -0.1859  0.6866  0.7028

PART 56
OFFSET  10.8412 -4.2190 -7.6101
X  0.6193 -0.6325  0.4652
Y  0.7805  0.4319 -0.4519
Z  0.0849  0.6430  0.7612

PART 57
OFFSET  9.9644 -3.3235 -8.2687
X  0.9841  0.0617 -0.1665
Y -0.1489  0.7979 -0.5841
Z  0.0968  0.5996  0.7944

PART 58
OFFSET  9.0919 -3.3783 -8.1211
X  0.4534  0.6515 -0.6083
Y -0.8879  0.3897 -0.2444
Z  0.0778  0.6509  0.7552

PART 59
OFFSET  8.6612 -3.9972 -7.5432
X  0.1994 -0.8371  0.5095
Y -0.9522 -0.0428  0.3023
Z -0.2312 -0.5454 -0.8056

PART 60
OFFSET  9.8165 -5.5455 -5.8172
X -0.5092 -0.7786  0.3667
Y  0.8074 -0.2846  0.5169
Z -0.2981  0.5592  0.7736

PART 61
OFFSET  11.2002 -3.6140 -6.8724
X  0.5757 -0.5889  0.5672
Y  0.8174  0.3962 -0.4182
Z  0.0216  0.7044  0.7095

PART 62
OFFSET  10.2200 -2.6113 -7.8380
X  0.9321  0.2437 -0.2678
Y -0.3609  0.6864 -0.6314
Z  0.0299  0.6852  0.7278

PART 63
OFFSET  8.9281 -2.9491 -7.4669
X  0.2888  0.6940 -0.6595
Y -0.9571  0.2267 -0.1804
Z  0.0243  0.6833  0.7297

PART 64
OFFSET  8.6150 -3.7018 -6.7516
X  0.3113 -0.6645  0.6793
Y -0.9498 -0.2416  0.1990
Z  0.0319 -0.7072 -0.7063

PART 65
OFFSET  6.9011 -9.7851 -4.1489
X -0.3873 -0.8467  0.3649
Y -0.8341  0.1532 -0.5299
Z  0.3927 -0.5096 -0.7656

PART 66
OFFSET  11.1600 -2.9693 -4.7662
X -0.6617 -0.7421  0.1065
Y  0.6904 -0.5479  0.4724
Z -0.2923  0.3861  0.8749

PART 67
OFFSET  12.3250 -1.6626 -4.9536
X  0.3886 -0.7581  0.5237
Y  0.8618  0.5002  0.0846
Z -0.3261  0.4185  0.8477

PART 68
OFFSET  11.8328 -0.7157 -5.5388
X  0.7268 -0.5184  0.4506
Y  0.6269  0.7687 -0.1268
Z -0.2807  0.3746  0.8837

PART 69
OFFSET  11.0119 -0.1301 -6.0478
X -0.8815 -0.4198  0.2163
Y -0.4617  0.6696 -0.5819
Z  0.0994 -0.6128 -0.7840

PART 70
OFFSET  11.4359 -3.3398 -5.7697
X  0.4577 -0.6420  0.6151
Y  0.8758  0.4448 -0.1874
Z -0.1533  0.6245  0.7658

PART 71
OFFSET  10.5417 -2.0857 -6.9714
X  0.9749  0.2225  0.0082
Y -0.1587  0.7205 -0.6751
Z -0.1561  0.6568  0.7377

PART 72
OFFSET  9.1177 -2.4106 -6.9834
X  0.3733  0.7108 -0.5962
Y -0.9081  0.1483 -0.3917
Z -0.1900  0.6876  0.7008

PART 73
OFFSET  8.6957 -3.2204 -6.3133
X  0.3059 -0.6837  0.6626
Y -0.9468 -0.2918  0.1360
Z  0.1004 -0.6689 -0.7365

PART 74
OFFSET  0.0000 -0.0000 -0.0000
X  1.0000 -0.0000  0.0000
Y  0.0000  1.0000  0.0000
Z  0.0000 -0.0000  1.0000

PART 75
OFFSET -0.0000 -0.0000 -0.0000
X  0.9945 -0.0000 -0.1045
Y  0.0073  0.9976  0.0694
Z  0.1043 -0.0698  0.9921

PART 76
OFFSET  1.9633 -0.2885  3.9421
X  0.9945 -0.0000 -0.1045
Y  0.0073  0.9976  0.0694
Z  0.1043 -0.0698  0.9921


FRAME 1971
PART 0
OFFSET -4.6318 -0.0000 -1.3770
X  1.0000 -0.0000  0.0000
Y  0.0000  1.0000  0.0000
Z  0.0000 -0.0000  1.0000

PART 1
OFFSET -4.6318 -0.0000 -1.3770
X  1.0000 -0.0000  0.0000
Y  0.0000  1.0000  0.0000
Z  0.0000 -0.0000  1.0000

PART 2
OFFSET -3.5060  6.3408 -6.7125
X  0.7159 -0.1734 -0.6763
Y  0.2146 -0.8671  0.4496
Z -0.6643 -0.4670 -0.5836

PART 3
OFFSET  5.1526  4.2434 -14.8912
X  0.8361 -0.0816  0.5425
Y -0.5266  0.1582  0.8353
Z -0.1540 -0.9840  0.0893

PART 4
OFFSET  12.2637  3.5493 -10.2768
X  0.8361 -0.0816  0.5425
Y -0.5145 -0.4599  0.7237
Z  0.1904 -0.8842 -0.4265

PART 5
OFFSET  14.1172  5.0611 -10.3321
X  0.8396 -0.0799  0.5373
Y  0.1593  0.9819 -0.1028
Z -0.5194  0.1719  0.8371

PART 6
OFFSET  13.6602  2.5494 -10.7101
X  0.8396 -0.0799  0.5373
Y  0.1593  0.9819 -0.1028
Z -0.5194  0.1719  0.8371

PART 7
OFFSET  13.3231  4.9989 -8.1523
X  0.8396 -0.0799  0.5373
Y  0.1593  0.9819 -0.1028
Z -0.5194  0.1719  0.8371

PART 8
OFFSET  12.7592  3.2079 -7.7321
X  0.8396 -0.0799  0.5373
Y  0.1593  0.9819 -0.1028
Z -0.5194  0.1719  0.8371

PART 9
OFFSET  12.5452  2.0247 -8.2832
X  0.8396 -0.0799  0.5373
Y  0.1593  0.9819 -0.1028
Z -0.5194  0.1719  0.8371

PART 10
OFFSET  14.8268  3.2991 -8.6135
X  0.7211  0.6891  0.0721
Y -0.1290  0.0313  0.9911
Z  0.6808 -0.7240  0.1115

PART 11
OFFSET  15.3061  3.3421 -7.5788
X  0.8610  0.1450  0.4876
Y -0.4946  0.0146  0.8690
Z  0.1189 -0.9893  0.0843

PART 12
OFFSET  17.1212  3.6014 -6.4352
X  0.8266  0.4228 -0.3716
Y  0.3968  0.0304  0.9174
Z  0.3991 -0.9057 -0.1427

PART 13
OFFSET  18.4766  4.1807 -7.1058
X  0.1675 -0.0090 -0.9858
Y  0.9531  0.2573  0.1596
Z  0.2522 -0.9663  0.0517

PART 14
OFFSET  18.6856  4.1311 -8.1668
X  0.1581  0.6671 -0.7280
Y -0.5735  0.6622  0.4823
Z  0.8038  0.3413  0.4873

PART 15
OFFSET  15.7127  3.7024 -9.5912
X  0.7687  0.5045 -0.3932
Y  0.6280 -0.7119  0.3144
Z -0.1213 -0.4886 -0.8640

PART 16
OFFSET  17.5345  4.8198 -10.3102
X  0.9125 -0.3148  0.2614
Y -0.4091 -0.6976  0.5882
Z -0.0028 -0.6437 -0.7653

PART 17
OFFSET  18.8264  4.3741 -9.9401
X -0.3514 -0.7294  0.5869
Y -0.9347  0.2378 -0.2642
Z  0.0531 -0.6415 -0.7653

PART 18
OFFSET  18.5148  3.7274 -9.4197
X -0.7672 -0.5015  0.3999
Y -0.6414  0.6059 -0.4707
Z -0.0062 -0.6176 -0.7865

PART 19
OFFSET  17.7860  3.2510 -9.0398
X  0.9903  0.0926  0.1034
Y  0.0087  0.7021 -0.7121
Z -0.1385  0.7061  0.6945

PART 20
OFFSET  15.6905  3.9759 -8.9323
X  0.7299  0.6418 -0.2351
Y  0.6708 -0.7386  0.0664
Z -0.1310 -0.2062 -0.9697

PART 21
OFFSET  17.6576  5.5406 -9.5959
X  0.9329 -0.3333  0.1366
Y -0.3520 -0.7629  0.5423
Z -0.0766 -0.5540 -0.8290

PART 22
OFFSET  19.2458  4.9731 -9.3633
X -0.3110 -0.7808  0.5419
Y -0.9492  0.2836 -0.1361
Z -0.0474 -0.5567 -0.8294

PART 23
OFFSET  18.8148  3.8910 -8.6123
X -0.9688 -0.1783  0.1720
Y -0.2433  0.8149 -0.5260
Z -0.0464 -0.5515 -0.8329

PART 24
OFFSET  17.7641  3.6976 -8.4258
X  0.9305 -0.3466  0.1186
Y  0.3581  0.7928 -0.4932
Z  0.0769  0.5014  0.8618

PART 25
OFFSET  17.2095  5.0852 -6.7578
X  0.8927  0.4410 -0.0928
Y -0.4464  0.8936 -0.0469
Z  0.0623  0.0833  0.9946

PART 26
OFFSET  17.2861  6.2770 -7.6265
X  0.8218  0.5209 -0.2309
Y  0.5445 -0.8374  0.0490
Z -0.1678 -0.1660 -0.9717

PART 27
OFFSET  18.7330  7.1940 -8.0330
X  0.9463  0.1785 -0.2694
Y  0.2069 -0.9750  0.0806
Z -0.2483 -0.1320 -0.9596

PART 28
OFFSET  19.8986  7.4191 -8.3022
X  0.9866 -0.1166 -0.1143
Y -0.0998 -0.9847  0.1428
Z -0.1292 -0.1295 -0.9831

PART 29
OFFSET  21.0129  7.2873 -8.4313
X -0.2674  0.8905 -0.3682
Y -0.9447 -0.1670  0.2822
Z  0.1898  0.4233  0.8859

PART 30
OFFSET  17.4713  6.0397 -8.6894
X  0.9578 -0.2815 -0.0587
Y -0.2096 -0.8231  0.5278
Z -0.1969 -0.4932 -0.8473

PART 31
OFFSET  19.3423  5.4897 -8.8041
X -0.2710 -0.7918  0.5473
Y -0.9310  0.3601  0.0600
Z -0.2446 -0.4933 -0.8348

PART 32
OFFSET  18.9464  4.3331 -8.0047
X -0.8936 -0.1990  0.4024
Y -0.3515  0.8678 -0.3512
Z -0.2793 -0.4553 -0.8454

PART 33
OFFSET  17.9326  4.1039 -7.5547
X  0.9275 -0.3726 -0.0301
Y  0.2846  0.7561 -0.5894
Z  0.2424  0.5381  0.8073

PART 34
OFFSET  17.8886  4.0473 -8.7822
X -0.1354 -0.2740 -0.9522
Y -0.6808  0.7240 -0.1115
Z  0.7199  0.6331 -0.2846

PART 35
OFFSET  10.8146 -0.9818 -4.8536
X  0.7253  0.6627 -0.1862
Y -0.6809  0.6510 -0.3353
Z -0.1010  0.3701  0.9235

PART 36
OFFSET  10.8146 -0.9818 -4.8536
X  0.7253  0.6627 -0.1862
Y -0.6809  0.6510 -0.3353
Z -0.1010  0.3701  0.9235

PART 37
OFFSET  14.6131  3.2201 -3.5692
X  0.7231  0.6701 -0.1673
Y -0.6809  0.6510 -0.3353
Z -0.1158  0.3564  0.9271

PART 38
OFFSET  13.8312  1.9225 -5.3853
X  0.7253  0.6627 -0.1862
Y -0.6809  0.6510 -0.3353
Z -0.1010  0.3701  0.9235

PART 39
OFFSET  25.5194  11.9698 -9.6151
X  0.7253  0.6627 -0.1862
Y -0.6809  0.6510 -0.3353
Z -0.1010  0.3701  0.9235

PART 40
OFFSET  5.1751 -7.8928 -6.8195
X  0.7253  0.6627 -0.1862
Y -0.6809  0.6510 -0.3353
Z -0.1010  0.3701  0.9235

PART 41
OFFSET  19.9211  6.8835 -8.0831
X  0.7253  0.6627 -0.1862
Y -0.6809  0.6510 -0.3353
Z -0.1010  0.3701  0.9235

PART 42
OFFSET  21.8949  8.6208 -8.7102
X  0.7253  0.6627 -0.1862
Y -0.6809  0.6510 -0.3353
Z -0.1010  0.3701  0.9235

PART 43
OFFSET  25.0894  11.5395 -9.5304
X  0.7253  0.6627 -0.1862
Y -0.6809  0.6510 -0.3353
Z -0.1010  0.3701  0.9235

PART 44
OFFSET -10.8444 -11.7139 -5.9426
X -0.9645  0.2436 -0.1024
Y -0.1829 -0.3357  0.9241
Z  0.1907  0.9099  0.3683

PART 45
OFFSET  0.8197 -14.6595 -4.7040
X -0.6872 -0.7213  0.0864
Y  0.7240 -0.6701  0.1637
Z -0.0601  0.1750  0.9827

PART 46
OFFSET  6.6645 -8.5244 -5.4391
X -0.6872 -0.7213  0.0864
Y  0.3354 -0.4206 -0.8430
Z  0.6444 -0.5503  0.5310

PART 47
OFFSET  7.2324 -7.2406 -6.8513
X -0.6913 -0.7179  0.0825
Y  0.0516 -0.1629 -0.9853
Z  0.7208 -0.6768  0.1496

PART 48
OFFSET  6.7865 -6.2235 -6.3469
X -0.6913 -0.7179  0.0825
Y  0.0516 -0.1629 -0.9853
Z  0.7208 -0.6768  0.1496

PART 49
OFFSET  6.8762 -6.0104 -4.9977
X -0.6913 -0.7179  0.0825
Y  0.0516 -0.1629 -0.9853
Z  0.7208 -0.6768  0.1496

PART 50
OFFSET  8.7712 -6.3131 -5.7041
X -0.5694 -0.8219 -0.0167
Y  0.4227 -0.2753 -0.8635
Z  0.7051 -0.4987  0.5041

PART 51
OFFSET  8.3299 -5.4730 -5.0703
X  0.1547 -0.9718 -0.1781
Y  0.3607  0.2234 -0.9056
Z  0.9198  0.0759  0.3850

PART 52
OFFSET  7.9089 -3.4025 -4.6171
X -0.4431 -0.7318  0.5178
Y  0.3689 -0.6753 -0.6387
Z  0.8170 -0.0920  0.5692

PART 53
OFFSET  8.5547 -2.2511 -5.5548
X -0.4578 -0.0547  0.8874
Y -0.0094 -0.9978 -0.0663
Z  0.8890 -0.0387  0.4563

PART 54
OFFSET  9.0093 -2.1732 -6.5341
X -0.9110 -0.2211  0.3483
Y -0.4081  0.3596 -0.8392
Z  0.0603 -0.9065 -0.4178

PART 55
OFFSET  9.5631 -5.8115 -6.7164
X -0.5159 -0.7095  0.4801
Y  0.8402 -0.3097  0.4451
Z -0.1671  0.6330  0.7559

PART 56
OFFSET  10.5949 -4.0873 -7.7396
X  0.5914 -0.6912  0.4153
Y  0.7999  0.4382 -0.4099
Z  0.1014  0.5747  0.8121

PART 57
OFFSET  9.7576 -3.1087 -8.3275
X  0.9872  0.0385 -0.1548
Y -0.1142  0.8482 -0.5172
Z  0.1114  0.5283  0.8417

PART 58
OFFSET  8.8823 -3.1429 -8.1902
X  0.4825  0.6820 -0.5497
Y -0.8708  0.4412 -0.2169
Z  0.0946  0.5833  0.8067

PART 59
OFFSET  8.4239 -3.7907 -7.6680
X  0.1639 -0.8829  0.4399
Y -0.9559 -0.0320  0.2919
Z -0.2436 -0.4684 -0.8493

PART 60
OFFSET  9.5059 -5.5175 -6.0685
X -0.5407 -0.7866  0.2981
Y  0.7916 -0.3560  0.4966
Z -0.2845  0.5045  0.8152

PART 61
OFFSET  10.9689 -3.5587 -6.9523
X  0.5485 -0.6546  0.5202
Y  0.8351  0.3985 -0.3791
Z  0.0408  0.6424  0.7653

PART 62
OFFSET  10.0351 -2.4443 -7.8380
X  0.9429  0.2300 -0.2411
Y -0.3297  0.7489 -0.5748
Z  0.0483  0.6215  0.7820

PART 63
OFFSET  8.7283 -2.7631 -7.5039
X  0.3200  0.7346 -0.5983
Y -0.9465  0.2763 -0.1670
Z  0.0426  0.6197  0.7837

PART 64
OFFSET  8.3813 -3.5598 -6.8550
X  0.2806 -0.7292  0.6241
Y -0.9598 -0.2216  0.1726
Z  0.0124 -0.6474 -0.7620

PART 65
OFFSET  6.4220 -9.7684 -4.7733
X -0.4214 -0.8588  0.2915
Y -0.8230  0.2272 -0.5206
Z  0.3808 -0.4592 -0.8025

PART 66
OFFSET  10.9330 -3.0882 -4.8004
X -0.6894 -0.7232  0.0408
Y  0.6655 -0.6101  0.4299
Z -0.2860  0.3236  0.9020

PART 67
OFFSET  12.1468 -1.8149 -4.8723
X  0.3558 -0.8125  0.4618
Y  0.8787  0.4591  0.1308
Z -0.3183  0.3593  0.8773

PART 68
OFFSET  11.6950 -0.8053 -5.3805
X  0.7031 -0.5804  0.4108
Y  0.6558  0.7526 -0.0591
Z -0.2749  0.3110  0.9098

PART 69
OFFSET  10.9007 -0.1498 -5.8445
X -0.8982 -0.4030  0.1756
Y -0.4315  0.7318 -0.5275
Z  0.0841 -0.5495 -0.8312

PART 70
OFFSET  11.2044 -3.3850 -5.8294
X  0.4282 -0.7069  0.5629
Y  0.8932  0.4258 -0.1447
Z -0.1374  0.5648  0.8137

PART 71
OFFSET  10.3678 -2.0040 -6.9290
X  0.9823  0.1846  0.0325
Y -0.1261  0.7789 -0.6144
Z -0.1387  0.5994  0.7884

PART 72
OFFSET  8.9330 -2.2736 -6.9765
X  0.4045  0.7430 -0.5333
Y -0.8984  0.2137 -0.3837
Z -0.1712  0.6343  0.7539

PART 73
OFFSET  8.4755 -3.1194 -6.3781
X  0.2746 -0.7467  0.6058
Y -0.9580 -0.2665  0.1057
Z  0.0826 -0.6094 -0.7885

PART 74
OFFSET  0.0000 -0.0000 -0.0000
X  1.0000 -0.0000  0.0000
Y  0.0000  1.0000  0.0000
Z  0.0000 -0.0000  1.0000

PART 75
OFFSET -0.0000 -0.0000 -0.0000
X  0.9949  0.0000 -0.1011
Y  0.0066  0.9978  0.0653
Z  0.1009 -0.0657  0.9927

PART 76
OFFSET  1.9497 -0.2715  3.9500
X  0.9949  0.0000 -0.1011
Y  0.0066  0.9978  0.0653
Z  0.1009 -0.0657  0.9927


FRAME 1972
PART 0
OFFSET -4.6318 -0.0000 -1.3770
X  1.0000 -0.0000  0.0000
Y  0.0000  1.0000  0.0000
Z  0.0000 -0.0000  1.0000

PART 1
OFFSET -4.6318 -0.0000 -1.3770
X  1.0000 -0.0000  0.0000
Y  0.0000  1.0000  0.0000
Z  0.0000 -0.0000  1.0000

PART 2
OFFSET -3.5060  6.3408 -6.7125
X  0.7411 -0.1746 -0.6483
Y  0.2000 -0.8644  0.4614
Z -0.6409 -0.4716 -0.6057

PART 3
OFFSET  5.4572  4.2295 -14.5525
X  0.8163 -0.0770  0.5725
Y -0.5565  0.1605  0.8152
Z -0.1546 -0.9840  0.0882

PART 4
OFFSET  12.4002  3.5750 -9.6834
X  0.8163 -0.0770  0.5725
Y -0.5317 -0.4874  0.6927
Z  0.2257 -0.8698 -0.4387

PART 5
OFFSET  14.2507  5.0915 -9.6792
X  0.8200 -0.0753  0.5674
Y  0.1604  0.9818 -0.1015
Z -0.5494  0.1743  0.8172

PART 6
OFFSET  13.8139  2.5768 -10.0619
X  0.8200 -0.0753  0.5674
Y  0.1604  0.9818 -0.1015
Z -0.5494  0.1743  0.8172

PART 7
OFFSET  13.3792  5.0369 -7.5289
X  0.8200 -0.0753  0.5674
Y  0.1604  0.9818 -0.1015
Z -0.5494  0.1743  0.8172

PART 8
OFFSET  12.7984  3.2356 -7.1128
X  0.8200 -0.0753  0.5674
Y  0.1604  0.9818 -0.1015
Z -0.5494  0.1743  0.8172

PART 9
OFFSET  12.6072  2.0494 -7.6657
X  0.8200 -0.0753  0.5674
Y  0.1604  0.9818 -0.1015
Z -0.5494  0.1743  0.8172

PART 10
OFFSET  14.9027  3.3391 -7.9283
X  0.7504  0.6416  0.1591
Y -0.1482 -0.0712  0.9864
Z  0.6442 -0.7638  0.0417

PART 11
OFFSET  15.3617  3.2453 -6.8878
X  0.8563  0.0492  0.5141
Y -0.5115 -0.0568  0.8574
Z  0.0714 -0.9972 -0.0235

PART 12
OFFSET  17.1625  3.2902 -5.6941
X  0.8528  0.4206 -0.3096
Y  0.3785 -0.0894  0.9213
Z  0.3598 -0.9028 -0.2354

PART 13
OFFSET  18.5569  3.8735 -6.2751
X  0.1876  0.0910 -0.9780
Y  0.9604  0.1921  0.2021
Z  0.2062 -0.9772 -0.0513

PART 14
OFFSET  18.7856  3.9304 -7.3317
X  0.2039  0.7344 -0.6473
Y -0.5524  0.6322  0.5433
Z  0.8083  0.2468  0.5346

PART 15
OFFSET  15.8266  3.8038 -8.8415
X  0.7992  0.5069 -0.3229
Y  0.5878 -0.7714  0.2438
Z -0.1255 -0.3847 -0.9145

PART 16
OFFSET  17.7127  4.9042 -9.4039
X  0.8913 -0.3851  0.2394
Y -0.4531 -0.7373  0.5011
Z -0.0165 -0.5551 -0.8316

PART 17
OFFSET  18.9746  4.3590 -9.0650
X -0.3969 -0.7715  0.4973
Y -0.9170  0.3100 -0.2510
Z  0.0395 -0.5556 -0.8305

PART 18
OFFSET  18.6227  3.6750 -8.6241
X -0.7977 -0.5048  0.3299
Y -0.6028  0.6839 -0.4110
Z -0.0182 -0.5267 -0.8498

PART 19
OFFSET  17.8648  3.1955 -8.3106
X  0.9912  0.0329  0.1286
Y  0.0560  0.7746 -0.6300
Z -0.1203  0.6316  0.7659

PART 20
OFFSET  15.8032  4.0043 -8.1568
X  0.7635  0.6278 -0.1513
Y  0.6345 -0.7729 -0.0049
Z -0.1200 -0.0922 -0.9885

PART 21
OFFSET  17.8539  5.5357 -8.6125
X  0.9134 -0.3908  0.1137
Y -0.3981 -0.7998  0.4492
Z -0.0846 -0.4556 -0.8862

PART 22
OFFSET  19.4090  4.8704 -8.4190
X -0.3580 -0.8196  0.4474
Y -0.9321  0.3422 -0.1189
Z -0.0556 -0.4596 -0.8864

PART 23
OFFSET  18.9129  3.7345 -7.7989
X -0.9794 -0.1492  0.1359
Y -0.1944  0.8784 -0.4366
Z -0.0543 -0.4541 -0.8893

PART 24
OFFSET  17.8507  3.5727 -7.6515
X  0.9108 -0.4019  0.0943
Y  0.4046  0.8238 -0.3970
Z  0.0819  0.3998  0.9130

PART 25
OFFSET  17.3259  4.7944 -5.8495
X  0.9138  0.4050 -0.0295
Y -0.4036  0.9138  0.0449
Z  0.0452 -0.0292  0.9986

PART 26
OFFSET  17.4755  6.0691 -6.5800
X  0.8496  0.5028 -0.1590
Y  0.5041 -0.8629 -0.0351
Z -0.1549 -0.0503 -0.9867

PART 27
OFFSET  18.9714  6.9544 -6.8600
X  0.9590  0.1612 -0.2331
Y  0.1600 -0.9868 -0.0242
Z -0.2339 -0.0140 -0.9721

PART 28
OFFSET  20.1515  7.1512 -7.0843
X  0.9823 -0.1508 -0.1109
Y -0.1481 -0.9885  0.0317
Z -0.1144 -0.0147 -0.9933

PART 29
OFFSET  21.2610  6.9809 -7.2096
X -0.2183  0.9373 -0.2719
Y -0.9571 -0.1512  0.2471
Z  0.1905  0.3141  0.9301

PART 30
OFFSET  17.6718  5.9409 -7.6596
X  0.9448 -0.3192 -0.0743
Y -0.2583 -0.8649  0.4304
Z -0.2017 -0.3874 -0.8996

PART 31
OFFSET  19.5175  5.3174 -7.8048
X -0.3187 -0.8330  0.4523
Y -0.9144  0.3958  0.0847
Z -0.2496 -0.3866 -0.8878

PART 32
OFFSET  19.0520  4.1006 -7.1442
X -0.9101 -0.1986  0.3638
Y -0.3036  0.9170 -0.2588
Z -0.2822 -0.3460 -0.8948

PART 33
OFFSET  18.0195  3.8726 -6.7383
X  0.9098 -0.4112 -0.0564
Y  0.3314  0.8015 -0.4978
Z  0.2499  0.4341  0.8655

PART 34
OFFSET  17.9987  3.9529 -7.9652
X -0.1279 -0.1612 -0.9786
Y -0.6442  0.7638 -0.0417
Z  0.7541  0.6250 -0.2016

PART 35
OFFSET  10.6195 -1.1296 -4.7276
X  0.7589  0.6434 -0.1005
Y -0.6430  0.7159 -0.2721
Z -0.1032  0.2712  0.9570

PART 36
OFFSET  10.6195 -1.1296 -4.7276
X  0.7589  0.6434 -0.1005
Y -0.6430  0.7159 -0.2721
Z -0.1032  0.2712  0.9570

PART 37
OFFSET  14.5799  2.7185 -2.9276
X  0.7566  0.6488 -0.0809
Y -0.6430  0.7159 -0.2721
Z -0.1186  0.2579  0.9588

PART 38
OFFSET  13.7773  1.6668 -4.8879
X  0.7589  0.6434 -0.1005
Y -0.6430  0.7159 -0.2721
Z -0.1032  0.2712  0.9570

PART 39
OFFSET  26.0024  11.5424 -7.7981
X  0.7589  0.6434 -0.1005
Y -0.6430  0.7159 -0.2721
Z -0.1032  0.2712  0.9570

PART 40
OFFSET  4.7098 -7.5043 -7.5329
X  0.7589  0.6434 -0.1005
Y -0.6430  0.7159 -0.2721
Z -0.1032  0.2712  0.9570

PART 41
OFFSET  20.1447  6.5944 -6.9254
X  0.7589  0.6434 -0.1005
Y -0.6430  0.7159 -0.2721
Z -0.1032  0.2712  0.9570

PART 42
OFFSET  22.2092  8.2929 -7.3256
X  0.7589  0.6434 -0.1005
Y -0.6430  0.7159 -0.2721
Z -0.1032  0.2712  0.9570

PART 43
OFFSET  25.5514  11.1267 -7.7682
X  0.7589  0.6434 -0.1005
Y -0.6430  0.7159 -0.2721
Z -0.1032  0.2712  0.9570

PART 44
OFFSET -10.8444 -11.7139 -5.9426
X -0.9606  0.2596 -0.0996
Y -0.1793 -0.3043  0.9355
Z  0.2126  0.9165  0.3389

PART 45
OFFSET  0.7725 -14.8535 -4.7380
X -0.6549 -0.7452  0.1258
Y  0.7543 -0.6345  0.1687
Z -0.0459  0.2053  0.9776

PART 46
OFFSET  6.3429 -8.5156 -5.8078
X -0.6549 -0.7452  0.1258
Y  0.2830 -0.3962 -0.8735
Z  0.7007 -0.5365  0.4703

PART 47
OFFSET  6.8267 -7.2580 -7.2738
X -0.6592 -0.7420  0.1218
Y  0.0367 -0.1936 -0.9804
Z  0.7510 -0.6418  0.1549

PART 48
OFFSET  6.3505 -6.2434 -6.7926
X -0.6592 -0.7420  0.1218
Y  0.0367 -0.1936 -0.9804
Z  0.7510 -0.6418  0.1549

PART 49
OFFSET  6.4607 -5.9817 -5.4536
X -0.6592 -0.7420  0.1218
Y  0.0367 -0.1936 -0.9804
Z  0.7510 -0.6418  0.1549

PART 50
OFFSET  8.3507 -6.2312 -6.1934
X -0.6062 -0.7868 -0.1163
Y  0.4276 -0.1991 -0.8818
Z  0.6706 -0.5843  0.4571

PART 51
OFFSET  7.9355 -5.4453 -5.4778
X  0.1135 -0.9527 -0.2818
Y  0.3895  0.3036 -0.8696
Z  0.9140 -0.0111  0.4055

PART 52
OFFSET  7.6009 -3.4190 -4.8055
X -0.4872 -0.7619  0.4268
Y  0.3507 -0.6183 -0.7034
Z  0.7998 -0.1930  0.5684

PART 53
OFFSET  8.3187 -2.2043 -5.6001
X -0.4784 -0.1294  0.8686
Y -0.0540 -0.9829 -0.1762
Z  0.8765 -0.1312  0.4632

PART 54
OFFSET  8.7968 -2.0417 -6.5576
X -0.9273 -0.2138  0.3073
Y -0.3734  0.4685 -0.8007
Z  0.0272 -0.8572 -0.5143

PART 55
OFFSET  9.1860 -5.6606 -7.1315
X -0.5580 -0.7321  0.3907
Y  0.8155 -0.3967  0.4214
Z -0.1536  0.5537  0.8184

PART 56
OFFSET  10.3174 -3.8863 -7.9418
X  0.5501 -0.7602  0.3457
Y  0.8277  0.4414 -0.3464
Z  0.1107  0.4767  0.8720

PART 57
OFFSET  9.5386 -2.8100 -8.4312
X  0.9909  0.0077 -0.1340
Y -0.0641  0.9043 -0.4222
Z  0.1180  0.4269  0.8966

PART 58
OFFSET  8.6600 -2.8169 -8.3124
X  0.5248  0.7140 -0.4634
Y -0.8448  0.5037 -0.1806
Z  0.1045  0.4862  0.8676

PART 59
OFFSET  8.1614 -3.4952 -7.8722
X  0.1138 -0.9327  0.3423
Y -0.9623 -0.0178  0.2715
Z -0.2471 -0.3603 -0.8995

PART 60
OFFSET  9.1288 -5.4368 -6.4561
X -0.5825 -0.7876  0.2009
Y  0.7638 -0.4459  0.4667
Z -0.2780  0.4253  0.8613

PART 61
OFFSET  10.6988 -3.4657 -7.0952
X  0.5067 -0.7332  0.4534
Y  0.8604  0.3970 -0.3196
Z  0.0544  0.5521  0.8320

PART 62
OFFSET  9.8361 -2.2174 -7.8671
X  0.9573  0.2094 -0.1993
Y -0.2827  0.8224 -0.4938
Z  0.0605  0.5290  0.8464

PART 63
OFFSET  8.5093 -2.5076 -7.5909
X  0.3660  0.7794 -0.5084
Y -0.9290  0.3381 -0.1504
Z  0.0547  0.5274  0.8479

PART 64
OFFSET  8.1124 -3.3529 -7.0394
X  0.2335 -0.8058  0.5442
Y -0.9724 -0.1927  0.1319
Z -0.0014 -0.5599 -0.8285

PART 65
OFFSET  5.8257 -9.6505 -5.6867
X -0.4666 -0.8642  0.1882
Y -0.8006  0.3222 -0.5052
Z  0.3760 -0.3864 -0.8422

PART 66
OFFSET  10.6395 -3.2325 -4.9053
X -0.7227 -0.6893 -0.0501
Y  0.6275 -0.6849  0.3704
Z -0.2896  0.2362  0.9275

PART 67
OFFSET  11.9120 -2.0189 -4.8171
X  0.3082 -0.8743  0.3749
Y  0.8960  0.3992  0.1945
Z -0.3198  0.2759  0.9064

PART 68
OFFSET  11.5179 -0.9392 -5.2178
X  0.6669 -0.6550  0.3553
Y  0.6909  0.7222  0.0346
Z -0.2793  0.2224  0.9341

PART 69
OFFSET  10.7647 -0.1993 -5.6191
X -0.9193 -0.3761  0.1158
Y -0.3861  0.8051 -0.4503
Z  0.0761 -0.4586 -0.8854

PART 70
OFFSET  10.9184 -3.4276 -5.9563
X  0.3833 -0.7841  0.4881
Y  0.9147  0.3956 -0.0828
Z -0.1282  0.4782  0.8688

PART 71
OFFSET  10.1696 -1.8958 -6.9099
X  0.9888  0.1324  0.0681
Y -0.0771  0.8466 -0.5266
Z -0.1274  0.5154  0.8474

PART 72
OFFSET  8.7253 -2.0892 -7.0095
X  0.4494  0.7765 -0.4416
Y -0.8793  0.2974 -0.3719
Z -0.1575  0.5555  0.8165

PART 73
OFFSET  8.2168 -2.9725 -6.5154
X  0.2271 -0.8209  0.5240
Y -0.9713 -0.2301  0.0605
Z  0.0709 -0.5227 -0.8496

PART 74
OFFSET  0.0000 -0.0000 -0.0000
X  1.0000 -0.0000  0.0000
Y  0.0000  1.0000  0.0000
Z  0.0000 -0.0000  1.0000

PART 75
OFFSET -0.0000 -0.0000 -0.0000
X  0.9957 -0.0000 -0.0925
Y  0.0052  0.9984  0.0561
Z  0.0924 -0.0564  0.9941

PART 76
OFFSET  1.9160 -0.2331  3.9689
X  0.9957 -0.0000 -0.0925
Y  0.0052  0.9984  0.0561
Z  0.0924 -0.0564  0.9941


FRAME 1973
PART 0
OFFSET -4.6318 -0.0000 -1.3770
X  1.0000 -0.0000  0.0000
Y  0.0000  1.0000  0.0000
Z  0.0000 -0.0000  1.0000

PART 1
OFFSET -4.6318 -0.0000 -1.3770
X  1.0000 -0.0000  0.0000
Y  0.0000  1.0000  0.0000
Z  0.0000 -0.0000  1.0000

PART 2
OFFSET -3.5060  6.3408 -6.7125
X  0.7728 -0.1748 -0.6102
Y  0.1764 -0.8643  0.4710
Z -0.6097 -0.4716 -0.6371

PART 3
OFFSET  5.8396  4.2264 -14.0916
X  0.7928 -0.0787  0.6044
Y -0.5884  0.1600  0.7926
Z -0.1591 -0.9840  0.0805

PART 4
OFFSET  12.5825  3.5570 -8.9509
X  0.7928 -0.0787  0.6044
Y -0.5506 -0.5179  0.6547
Z  0.2615 -0.8518 -0.4539

PART 5
OFFSET  14.4330  5.0714 -8.8707
X  0.7967 -0.0770  0.5995
Y  0.1653  0.9818 -0.0936
Z -0.5814  0.1737  0.7949

PART 6
OFFSET  14.0091  2.5578 -9.2743
X  0.7967 -0.0770  0.5995
Y  0.1653  0.9818 -0.0936
Z -0.5814  0.1737  0.7949

PART 7
OFFSET  13.4765  5.0146 -6.7570
X  0.7967 -0.0770  0.5995
Y  0.1653  0.9818 -0.0936
Z -0.5814  0.1737  0.7949

PART 8
OFFSET  12.8708  3.2031 -6.3592
X  0.7967 -0.0770  0.5995
Y  0.1653  0.9818 -0.0936
Z -0.5814  0.1737  0.7949

PART 9
OFFSET  12.7006  2.0179 -6.9212
X  0.7967 -0.0770  0.5995
Y  0.1653  0.9818 -0.0936
Z -0.5814  0.1737  0.7949

PART 10
OFFSET  15.0129  3.3157 -7.0979
X  0.7754  0.5757  0.2596
Y -0.1833 -0.1881  0.9649
Z  0.6043 -0.7957 -0.0403

PART 11
OFFSET  15.4329  3.0664 -6.0666
X  0.8406 -0.0618  0.5381
Y -0.5411 -0.1384  0.8295
Z  0.0232 -0.9885 -0.1497

PART 12
OFFSET  17.1942  2.8643 -4.8310
X  0.8819  0.4111 -0.2308
Y  0.3437 -0.2256  0.9116
Z  0.3226 -0.8833 -0.3402

PART 13
OFFSET  18.6335  3.4424 -5.2960
X  0.2233  0.2046 -0.9530
Y  0.9616  0.1140  0.2498
Z  0.1597 -0.9722 -0.1712

PART 14
OFFSET  18.8987  3.6211 -6.3303
X  0.2604  0.7990 -0.5421
Y -0.5380  0.5863  0.6057
Z  0.8017  0.1339  0.5826

PART 15
OFFSET  15.9874  3.8435 -7.9196
X  0.8331  0.5010 -0.2343
Y  0.5411 -0.8260  0.1577
Z -0.1146 -0.2581 -0.9593

PART 16
OFFSET  17.9423  4.9055 -8.2870
X  0.8632 -0.4588  0.2108
Y -0.5046 -0.7701  0.3903
Z -0.0167 -0.4433 -0.8962

PART 17
OFFSET  19.1644  4.2560 -7.9886
X -0.4501 -0.8064  0.3835
Y -0.8921  0.3873 -0.2326
Z  0.0391 -0.4468 -0.8938

PART 18
OFFSET  18.7653  3.5410 -7.6485
X -0.8317 -0.4999  0.2416
Y -0.5550  0.7614 -0.3351
Z -0.0165 -0.4127 -0.9107

PART 19
OFFSET  17.9752  3.0660 -7.4190
X  0.9869 -0.0359  0.1572
Y  0.1142  0.8443 -0.5235
Z -0.1140  0.5346  0.8374

PART 20
OFFSET  15.9517  3.9562 -7.2156
X  0.7978  0.6009 -0.0496
Y  0.5958 -0.7983 -0.0879
Z -0.0924  0.0406 -0.9949

PART 21
OFFSET  18.0886  5.4230 -7.4176
X  0.8891 -0.4496  0.0860
Y -0.4511 -0.8284  0.3322
Z -0.0781 -0.3341 -0.9393

PART 22
OFFSET  19.6022  4.6575 -7.2712
X -0.4119 -0.8498  0.3289
Y -0.9099  0.4031 -0.0979
Z -0.0494 -0.3396 -0.9393

PART 23
OFFSET  19.0313  3.4797 -6.8153
X -0.9894 -0.1135  0.0903
Y -0.1370  0.9358 -0.3249
Z -0.0476 -0.3339 -0.9414

PART 24
OFFSET  17.9582  3.3567 -6.7174
X  0.8866 -0.4580  0.0653
Y  0.4570  0.8451 -0.2772
Z  0.0718  0.2756  0.9586

PART 25
OFFSET  17.4359  4.3653 -4.7874
X  0.9330  0.3568  0.0464
Y -0.3596  0.9207  0.1517
Z  0.0114 -0.1582  0.9873

PART 26
OFFSET  17.6712  5.7128 -5.3438
X  0.8779  0.4735 -0.0710
Y  0.4622 -0.8768 -0.1328
Z -0.1252  0.0837 -0.9886

PART 27
OFFSET  19.2169  6.5465 -5.4689
X  0.9728  0.1388 -0.1856
Y  0.1122 -0.9828 -0.1468
Z -0.2028  0.1220 -0.9716

PART 28
OFFSET  20.4118  6.7078 -5.6356
X  0.9768 -0.1870 -0.1040
Y -0.1973 -0.9753 -0.0996
Z -0.0828  0.1178 -0.9896

PART 29
OFFSET  21.5152  6.4966 -5.7531
X -0.1632  0.9744 -0.1546
Y -0.9709 -0.1308  0.2009
Z  0.1755  0.1829  0.9673

PART 30
OFFSET  17.8958  5.7128 -6.4255
X  0.9299 -0.3565 -0.0904
Y -0.3141 -0.8978  0.3088
Z -0.1912 -0.2588 -0.9468

PART 31
OFFSET  19.7125  5.0164 -6.6021
X -0.3735 -0.8658  0.3330
Y -0.8962  0.4294  0.1113
Z -0.2394 -0.2569 -0.9363

PART 32
OFFSET  19.1669  3.7518 -6.1156
X -0.9300 -0.1951  0.3116
Y -0.2499  0.9571 -0.1465
Z -0.2697 -0.2141 -0.9388

PART 33
OFFSET  18.1119  3.5287 -5.7692
X  0.8899 -0.4481 -0.0854
Y  0.3862  0.8397 -0.3818
Z  0.2428  0.3068  0.9203

PART 34
OFFSET  18.1347  3.7653 -6.9756
X -0.1040 -0.0286 -0.9942
Y -0.6043  0.7957  0.0403
Z  0.7899  0.6050 -0.1000

PART 35
OFFSET  10.4149 -1.2918 -4.6099
X  0.7923  0.6101  0.0027
Y -0.5981  0.7775 -0.1943
Z -0.1206  0.1524  0.9809

PART 36
OFFSET  10.4149 -1.2918 -4.6099
X  0.7923  0.6101  0.0027
Y -0.5981  0.7775 -0.1943
Z -0.1206  0.1524  0.9809

PART 37
OFFSET  14.4986  2.0824 -2.2285
X  0.7897  0.6131  0.0227
Y -0.5981  0.7775 -0.1943
Z -0.1368  0.1399  0.9807

PART 38
OFFSET  13.7092  1.3321 -4.3278
X  0.7923  0.6101  0.0027
Y -0.5981  0.7775 -0.1943
Z -0.1206  0.1524  0.9809

PART 39
OFFSET  26.4907  10.8399 -5.6276
X  0.7923  0.6101  0.0027
Y -0.5981  0.7775 -0.1943
Z -0.1206  0.1524  0.9809

PART 40
OFFSET  4.2941 -6.9380 -8.3632
X  0.7923  0.6101  0.0027
Y -0.5981  0.7775 -0.1943
Z -0.1206  0.1524  0.9809

PART 41
OFFSET  20.3727  6.1365 -5.5498
X  0.7923  0.6101  0.0027
Y -0.5981  0.7775 -0.1943
Z -0.1206  0.1524  0.9809

PART 42
OFFSET  22.5296  7.7609 -5.6749
X  0.7923  0.6101  0.0027
Y -0.5981  0.7775 -0.1943
Z -0.1206  0.1524  0.9809

PART 43
OFFSET  26.0191  10.4480 -5.6631
X  0.7923  0.6101  0.0027
Y -0.5981  0.7775 -0.1943
Z -0.1206  0.1524  0.9809

PART 44
OFFSET -10.8444 -11.7139 -5.9426
X -0.9602  0.2631 -0.0941
Y -0.1669 -0.2698  0.9483
Z  0.2241  0.9263  0.3030

PART 45
OFFSET  0.7677 -14.8959 -4.8043
X -0.6205 -0.7654  0.1705
Y  0.7836 -0.5971  0.1714
Z -0.0294  0.2400  0.9703

PART 46
OFFSET  6.0454 -8.3856 -6.2548
X -0.6205 -0.7654  0.1705
Y  0.2073 -0.3699 -0.9056
Z  0.7563 -0.5266  0.3882

PART 47
OFFSET  6.4400 -7.1657 -7.7784
X -0.6250 -0.7626  0.1666
Y  0.0197 -0.2288 -0.9733
Z  0.7803 -0.6051  0.1580

PART 48
OFFSET  5.9351 -6.1535 -7.3220
X -0.6250 -0.7626  0.1666
Y  0.0197 -0.2288 -0.9733
Z  0.7803 -0.6051  0.1580

PART 49
OFFSET  6.0686 -5.8375 -5.9969
X -0.6250 -0.7626  0.1666
Y  0.0197 -0.2288 -0.9733
Z  0.7803 -0.6051  0.1580

PART 50
OFFSET  7.9477 -6.0390 -6.7776
X -0.6399 -0.7326 -0.2321
Y  0.4456 -0.1076 -0.8888
Z  0.6261 -0.6721  0.3953

PART 51
OFFSET  7.5485 -5.3297 -5.9779
X  0.0757 -0.9138 -0.3989
Y  0.4318  0.3907 -0.8130
Z  0.8988 -0.1107  0.4242

PART 52
OFFSET  7.2919 -3.3905 -5.0594
X -0.5374 -0.7833  0.3126
Y  0.3426 -0.5414 -0.7678
Z  0.7706 -0.3055  0.5593

PART 53
OFFSET  8.0937 -2.1241 -5.6725
X -0.5120 -0.2134  0.8321
Y -0.0963 -0.9483 -0.3024
Z  0.8536 -0.2350  0.4649

PART 54
OFFSET  8.6099 -1.8665 -6.5884
X -0.9461 -0.2020  0.2533
Y -0.3239  0.5855 -0.7431
Z  0.0018 -0.7851 -0.6194

PART 55
OFFSET  8.8398 -5.3985 -7.6128
X -0.6055 -0.7454  0.2787
Y  0.7811 -0.4894  0.3878
Z -0.1527  0.4525  0.8786

PART 56
OFFSET  10.0823 -3.5977 -8.1587
X  0.5008 -0.8259  0.2592
Y  0.8591  0.4377 -0.2653
Z  0.1057  0.3555  0.9287

PART 57
OFFSET  9.3733 -2.4285 -8.5256
X  0.9939 -0.0275 -0.1063
Y -0.0061  0.9527 -0.3039
Z  0.1097  0.3027  0.9468

PART 58
OFFSET  8.4920 -2.4041 -8.4313
X  0.5738  0.7385 -0.3540
Y -0.8128  0.5664 -0.1360
Z  0.1000  0.3658  0.9253

PART 59
OFFSET  7.9468 -3.1057 -8.0950
X  0.0569 -0.9733  0.2224
Y -0.9703 -0.0014  0.2420
Z -0.2353 -0.2295 -0.9444

PART 60
OFFSET  8.7718 -5.2597 -6.9159
X -0.6266 -0.7750  0.0829
Y  0.7256 -0.5412  0.4250
Z -0.2845  0.3264  0.9014

PART 61
OFFSET  10.4563 -3.3089 -7.2555
X  0.4553 -0.8106  0.3683
Y  0.8887  0.3885 -0.2436
Z  0.0544  0.4382  0.8972

PART 62
OFFSET  9.6810 -1.9288 -7.8824
X  0.9723  0.1823 -0.1460
Y -0.2260  0.8922 -0.3911
Z  0.0589  0.4132  0.9087

PART 63
OFFSET  8.3335 -2.1815 -7.6801
X  0.4200  0.8174 -0.3944
Y -0.9060  0.4030 -0.1296
Z  0.0530  0.4117  0.9098

PART 64
OFFSET  7.8780 -3.0680 -7.2524
X  0.1761 -0.8796  0.4419
Y -0.9844 -0.1564  0.0809
Z -0.0021 -0.4492 -0.8934

PART 65
OFFSET  5.2434 -9.3572 -6.7802
X -0.5141 -0.8554  0.0634
Y -0.7671  0.4255 -0.4801
Z  0.3837 -0.2955 -0.8749

PART 66
OFFSET  10.3377 -3.3531 -5.0560
X -0.7536 -0.6383 -0.1569
Y  0.5810 -0.7585  0.2953
Z -0.3075  0.1313  0.9424

PART 67
OFFSET  11.6645 -2.2292 -4.7797
X  0.2527 -0.9299  0.2672
Y  0.9077  0.3235  0.2673
Z -0.3350  0.1749  0.9258

PART 68
OFFSET  11.3369 -1.0881 -5.0483
X  0.6222 -0.7291  0.2852
Y  0.7239  0.6745  0.1450
Z -0.2981  0.1162  0.9474

PART 69
OFFSET  10.6341 -0.2646 -5.3704
X -0.9399 -0.3389  0.0427
Y -0.3315  0.8750 -0.3528
Z  0.0821 -0.3457 -0.9347

PART 70
OFFSET  10.6405 -3.4274 -6.1159
X  0.3285 -0.8589  0.3930
Y  0.9351  0.3542 -0.0076
Z -0.1327  0.3700  0.9195

PART 71
OFFSET  9.9988 -1.7496 -6.8836
X  0.9914  0.0704  0.1101
Y -0.0185  0.9096 -0.4151
Z -0.1294  0.4095  0.9031

PART 72
OFFSET  8.5507 -1.8524 -7.0444
X  0.5009  0.8016 -0.3263
Y -0.8512  0.3882 -0.3532
Z -0.1564  0.4547  0.8768

PART 73
OFFSET  7.9839 -2.7633 -6.6812
X  0.1696 -0.8917  0.4197
Y -0.9828 -0.1844  0.0053
Z  0.0727 -0.4134 -0.9076

PART 74
OFFSET  0.0000 -0.0000 -0.0000
X  1.0000 -0.0000  0.0000
Y  0.0000  1.0000  0.0000
Z  0.0000 -0.0000  1.0000

PART 75
OFFSET -0.0000 -0.0000 -0.0000
X  0.9968 -0.0000 -0.0798
Y  0.0034  0.9991  0.0428
Z  0.0797 -0.0429  0.9959

PART 76
OFFSET  1.8652 -0.1774  3.9959
X  0.9968 -0.0000 -0.0798
Y  0.0034  0.9991  0.0428
Z  0.0797 -0.0429  0.9959


FRAME 1974
PART 0
OFFSET -4.6318 -0.0000 -1.3770
X  1.0000 -0.0000  0.0000
Y  0.0000  1.0000  0.0000
Z  0.0000 -0.0000  1.0000

PART 1
OFFSET -4.6318 -0.0000 -1.3770
X  1.0000 -0.0000  0.0000
Y  0.0000  1.0000  0.0000
Z  0.0000 -0.0000  1.0000

PART 2
OFFSET -3.5060  6.3408 -6.7125
X  0.8080 -0.1752 -0.5625
Y  0.1440 -0.8671  0.4769
Z -0.5713 -0.4664 -0.6754

PART 3
OFFSET  6.2662  4.2218 -13.5152
X  0.7672 -0.0878  0.6354
Y -0.6192  0.1570  0.7694
Z -0.1673 -0.9837  0.0661

PART 4
OFFSET  12.7914  3.4750 -8.1109
X  0.7672 -0.0878  0.6354
Y -0.5690 -0.5504  0.6110
Z  0.2961 -0.8303 -0.4722

PART 5
OFFSET  14.6450  4.9785 -7.9437
X  0.7713 -0.0861  0.6306
Y  0.1741  0.9816 -0.0789
Z -0.6122  0.1707  0.7721

PART 6
OFFSET  14.2248  2.4705 -8.3843
X  0.7713 -0.0861  0.6306
Y  0.1741  0.9816 -0.0789
Z -0.6122  0.1707  0.7721

PART 7
OFFSET  13.6033  4.9104 -5.8709
X  0.7713 -0.0861  0.6306
Y  0.1741  0.9816 -0.0789
Z -0.6122  0.1707  0.7721

PART 8
OFFSET  12.9658  3.0896 -5.5058
X  0.7713 -0.0861  0.6306
Y  0.1741  0.9816 -0.0789
Z -0.6122  0.1707  0.7721

PART 9
OFFSET  12.8124  1.9099 -6.0837
X  0.7713 -0.0861  0.6306
Y  0.1741  0.9816 -0.0789
Z -0.6122  0.1707  0.7721

PART 10
