// Export filename: `C:\projects\cod\t5\xanim_export\t5_viewmodels\ak47\ak47_masterkey_quick_pullout.XANIM_EXPORT`
// Source filename: `D:\projects\devanim\t5\animation_assets\viewmodels/ak47/masterkey_set/ak47_masterkey_pullout.fbx`
// Export time: Wed Oct 28 12:22:17 2009

ANIMATION
VERSION 3

NUMPARTS 87
PART 0 "tag_torso"
PART 1 "J_Shoulder_LE"
PART 2 "J_Elbow_LE"
PART 3 "J_WristTwist_LE"
PART 4 "J_Sleave_Reshape_Bottom_LE_1"
PART 5 "J_Sleave_Reshape_Bottom_LE_2"
PART 6 "J_Sleave_Reshape_Top_LE_1"
PART 7 "J_Sleave_Reshape_Top_LE_2"
PART 8 "J_Sleave_Reshape_Top_LE_3"
PART 9 "J_Wrist_LE"
PART 10 "J_Thumb_LE_0"
PART 11 "J_Thumb_LE_1"
PART 12 "J_Thumb_LE_2"
PART 13 "J_Thumb_LE_3"
PART 14 "J_PinkyPalm_LE"
PART 15 "J_Pinky_LE_0"
PART 16 "J_Pinky_LE_1"
PART 17 "J_Pinky_LE_2"
PART 18 "J_Pinky_LE_3"
PART 19 "J_RingPalm_LE"
PART 20 "J_Ring_LE_0"
PART 21 "J_Ring_LE_1"
PART 22 "J_Ring_LE_2"
PART 23 "J_Ring_LE_3"
PART 24 "J_Webbing_LE"
PART 25 "J_Index_LE_0"
PART 26 "J_Index_LE_1"
PART 27 "J_Index_LE_2"
PART 28 "J_Index_LE_3"
PART 29 "J_Mid_LE_0"
PART 30 "J_Mid_LE_1"
PART 31 "J_Mid_LE_2"
PART 32 "J_Mid_LE_3"
PART 33 "tag_knife_attach"
PART 34 "J_Shoulder_RI"
PART 35 "J_Elbow_RI"
PART 36 "J_WristTwist_RI"
PART 37 "J_Sleave_Reshape_Top_RI_3"
PART 38 "J_Sleave_Reshape_Top_RI_2"
PART 39 "J_Sleave_Reshape_Top_RI_1"
PART 40 "J_Wrist_RI"
PART 41 "J_Thumb_RI_0"
PART 42 "J_Thumb_RI_1"
PART 43 "J_Thumb_RI_2"
PART 44 "J_Thumb_RI_3"
PART 45 "J_PinkyPalm_RI"
PART 46 "J_Pinky_RI_0"
PART 47 "J_Pinky_RI_1"
PART 48 "J_Pinky_RI_2"
PART 49 "J_Pinky_RI_3"
PART 50 "J_RingPalm_RI"
PART 51 "J_Ring_RI_0"
PART 52 "J_Ring_RI_1"
PART 53 "J_Ring_RI_2"
PART 54 "J_Ring_RI_3"
PART 55 "J_Webbing_RI"
PART 56 "J_Index_RI_0"
PART 57 "J_Index_RI_1"
PART 58 "J_Index_RI_2"
PART 59 "J_Index_RI_3"
PART 60 "J_Mid_RI_0"
PART 61 "J_Mid_RI_1"
PART 62 "J_Mid_RI_2"
PART 63 "J_Mid_RI_3"
PART 64 "tag_weapon"
PART 65 "J_Gun"
PART 66 "J_Bolt2"
PART 67 "TAG_CLIP"
PART 68 "TAG_BIG_MAG"
PART 69 "J_Trigger"
PART 70 "tag_mount"
PART 71 "TAG_GRIP"
PART 72 "tag_scope_ir"
PART 73 "TAG_TRILUX"
PART 74 "tag_masterkey"
PART 75 "tag_brass2"
PART 76 "tag_ammo2"
PART 77 "tag_pump2"
PART 78 "TAG_REFLEX"
PART 79 "tag_he_grenade"
PART 80 "tag_grenadier"
PART 81 "tag_suppressor"
PART 82 "tag_scope_colt"
PART 83 "tag_cambone"
PART 84 "tag_camera"
PART 85 "tag_gasmask"
PART 86 "tag_ads"

FRAMERATE 30
NUMFRAMES 38

FRAME 1
PART 0
OFFSET -4.6318 -0.0000 -1.3770
X  1.0000 -0.0000  0.0000
Y  0.0000  1.0000  0.0000
Z  0.0000 -0.0000  1.0000

PART 1
OFFSET -0.9407  6.3408 -12.3446
X  0.2423  0.0020 -0.9702
Y  0.7409 -0.6460  0.1837
Z -0.6264 -0.7634 -0.1579

PART 2
OFFSET  1.9892  6.3644 -24.0782
X  0.8928  0.2712 -0.3596
Y  0.3188  0.1837  0.9299
Z  0.3182 -0.9448  0.0775

PART 3
OFFSET  9.5830  8.6709 -27.1372
X  0.8928  0.2712 -0.3596
Y -0.4082  0.8248 -0.3913
Z  0.1905  0.4962  0.8471

PART 4
OFFSET  9.4161  10.8402 -28.4791
X  0.8900  0.2727 -0.3654
Y -0.3253  0.9413 -0.0899
Z  0.3194  0.1989  0.9265

PART 5
OFFSET  10.3066  8.0254 -28.6466
X  0.8900  0.2727 -0.3654
Y -0.3253  0.9413 -0.0899
Z  0.3194  0.1989  0.9265

PART 6
OFFSET  10.7633  11.5140 -26.1125
X  0.8900  0.2727 -0.3654
Y -0.3253  0.9413 -0.0899
Z  0.3194  0.1989  0.9265

PART 7
OFFSET  12.0364  9.2048 -25.8471
X  0.8900  0.2727 -0.3654
Y -0.3253  0.9413 -0.0899
Z  0.3194  0.1989  0.9265

PART 8
OFFSET  11.5183  8.0804 -26.7778
X  0.8900  0.2727 -0.3654
Y -0.3253  0.9413 -0.0899
Z  0.3194  0.1989  0.9265

PART 9
OFFSET  12.3201  9.5023 -28.2397
X  0.6556  0.7507  0.0820
Y -0.6338  0.6060 -0.4808
Z -0.4106  0.2632  0.8730

PART 10
OFFSET  11.8348  10.5329 -28.3084
X -0.0214  0.9311  0.3641
Y -0.7006  0.2459 -0.6699
Z -0.7132 -0.2694  0.6471

PART 11
OFFSET  11.6791  12.5517 -27.5534
X  0.3047  0.9134  0.2700
Y -0.8486  0.3890 -0.3585
Z -0.4325 -0.1199  0.8936

PART 12
OFFSET  12.1731  13.9895 -26.9961
X  0.1175  0.8814  0.4575
Y -0.7982  0.3579 -0.4845
Z -0.5908 -0.3083  0.7456

PART 13
OFFSET  12.2595  14.9347 -26.4754
X  0.3018  0.9224 -0.2411
Y  0.6198 -0.3819 -0.6855
Z -0.7244  0.0575 -0.6870

PART 14
OFFSET  13.4704  9.5419 -27.4792
X  0.7824  0.4366  0.4441
Y -0.5501  0.1503  0.8215
Z  0.2919 -0.8870  0.3578

PART 15
OFFSET  15.1185  10.6704 -26.4328
X -0.2515  0.5632  0.7871
Y -0.9617 -0.0534 -0.2690
Z -0.1094 -0.8246  0.5551

PART 16
OFFSET  14.7624  11.4678 -25.3184
X -0.7557  0.4521  0.4739
Y -0.6476 -0.4072 -0.6441
Z -0.0982 -0.7936  0.6005

PART 17
OFFSET  14.0924  11.8687 -24.8982
X -0.9191  0.3117  0.2409
Y -0.3703 -0.4749 -0.7984
Z -0.1344 -0.8230  0.5519

PART 18
OFFSET  13.2192  12.1648 -24.6693
X  0.9549  0.1787  0.2371
Y  0.2949 -0.6631 -0.6880
Z  0.0343  0.7269 -0.6859

PART 19
OFFSET  13.2508  10.0729 -27.9025
X  0.8161  0.5298  0.2309
Y -0.3957  0.2209  0.8914
Z  0.4213 -0.8188  0.3900

PART 20
OFFSET  15.2735  11.4679 -27.0532
X -0.2638  0.4767  0.8385
Y -0.9576 -0.0249 -0.2871
Z -0.1160 -0.8787  0.4631

PART 21
OFFSET  14.8243  12.2795 -25.6256
X -0.5981  0.4521  0.6617
Y -0.7933 -0.2169 -0.5689
Z -0.1137 -0.8652  0.4884

PART 22
OFFSET  13.9954  12.9061 -24.7086
X -0.8517  0.3337  0.4040
Y -0.5121 -0.3672 -0.7764
Z -0.1108 -0.8682  0.4837

PART 23
OFFSET  13.0717  13.2680 -24.2705
X  0.9849 -0.1064  0.1363
Y  0.0738 -0.4545 -0.8877
Z  0.1564  0.8844 -0.4398

PART 24
OFFSET  13.1147  12.9196 -28.2824
X  0.6253  0.6622  0.4129
Y  0.5583 -0.0099 -0.8296
Z -0.5453  0.7492 -0.3759

PART 25
OFFSET  14.5492  12.7865 -28.6074
X  0.3626  0.3881  0.8473
Y -0.9227  0.0215  0.3850
Z  0.1312 -0.9214  0.3659

PART 26
OFFSET  15.1875  13.4699 -27.1156
X -0.4109  0.1949  0.8906
Y -0.8895 -0.2998 -0.3448
Z  0.1998 -0.9339  0.2966

PART 27
OFFSET  14.6758  13.7635 -26.0509
X -0.6665  0.2131  0.7144
Y -0.7339 -0.3564 -0.5783
Z  0.1314 -0.9097  0.3939

PART 28
OFFSET  13.9230  14.0042 -25.2440
X  0.9164 -0.0035  0.4003
Y  0.3927 -0.1862 -0.9006
Z  0.0777  0.9825 -0.1692

PART 29
OFFSET  15.0931  12.0963 -27.9380
X  0.0627  0.4776  0.8763
Y -0.9948 -0.0405  0.0933
Z  0.0800 -0.8776  0.4726

PART 30
OFFSET  15.2157  13.0293 -26.2260
X -0.4439  0.3701  0.8161
Y -0.8944 -0.2379 -0.3786
Z  0.0540 -0.8980  0.4367

PART 31
OFFSET  14.5673  13.5699 -25.0341
X -0.8970  0.1547  0.4142
Y -0.4414 -0.3667 -0.8189
Z  0.0252 -0.9174  0.3972

PART 32
OFFSET  13.5519  13.7389 -24.5616
X  0.9681  0.1743  0.1801
Y  0.2408 -0.4476 -0.8612
Z -0.0695  0.8771 -0.4753

PART 33
OFFSET  13.8134  11.6119 -26.4280
X  0.3597 -0.8331  0.4202
Y  0.4105 -0.2632 -0.8731
Z  0.8379  0.4865  0.2473

PART 34
OFFSET -7.2604 -4.8127 -5.4071
X -0.5961  0.3969  0.6979
Y  0.1944 -0.7721  0.6051
Z  0.7790  0.4964  0.3831

PART 35
OFFSET -0.0510 -9.6125 -13.8480
X -0.7752 -0.5622  0.2881
Y  0.2840 -0.7175 -0.6361
Z  0.5643 -0.4112  0.7158

PART 36
OFFSET  6.5420 -4.8304 -16.2986
X -0.7752 -0.5622  0.2881
Y  0.3565 -0.7658 -0.5352
Z  0.5216 -0.3122  0.7940

PART 37
OFFSET  6.7820 -2.9997 -17.0734
X -0.7786 -0.5567  0.2897
Y -0.5661  0.4236 -0.7072
Z  0.2710 -0.7146 -0.6449

PART 38
OFFSET  7.1240 -2.3230 -16.1649
X -0.7786 -0.5567  0.2897
Y -0.5661  0.4236 -0.7072
Z  0.2710 -0.7146 -0.6449

PART 39
OFFSET  8.0728 -3.0564 -15.3876
X -0.7786 -0.5567  0.2897
Y -0.5661  0.4236 -0.7072
Z  0.2710 -0.7146 -0.6449

PART 40
OFFSET  8.9184 -3.1067 -17.1818
X -0.1255 -0.9274  0.3524
Y  0.4967 -0.3662 -0.7869
Z  0.8588  0.0763  0.5066

PART 41
OFFSET  8.1430 -2.3675 -16.7891
X  0.5849 -0.8016  0.1238
Y  0.2112  0.0031 -0.9774
Z  0.7831  0.5979  0.1711

PART 42
OFFSET  6.8162 -0.6713 -16.9682
X -0.0519 -0.6014  0.7973
Y  0.6351 -0.6360 -0.4384
Z  0.7707  0.4836  0.4150

PART 43
OFFSET  6.8516  0.2075 -18.3279
X -0.3755  0.0878  0.9227
Y  0.4520 -0.8518  0.2649
Z  0.8092  0.5165  0.2802

PART 44
OFFSET  7.2129  0.1034 -19.3430
X -0.7038 -0.4425  0.5557
Y -0.5331 -0.1881 -0.8249
Z  0.4696 -0.8768 -0.1035

PART 45
OFFSET  9.3831 -2.7295 -18.4250
X -0.1271 -0.6280  0.7678
Y  0.8909  0.2680  0.3667
Z -0.4360  0.7306  0.5255

PART 46
OFFSET  9.4959 -1.2449 -20.1184
X  0.8463 -0.1641  0.5069
Y  0.5047  0.5514 -0.6642
Z -0.1705  0.8180  0.5494

PART 47
OFFSET  8.2978 -1.0126 -20.8361
X  0.8569  0.3960 -0.3300
Y -0.4961  0.4597 -0.7366
Z -0.1400  0.7949  0.5903

PART 48
OFFSET  7.5380 -1.3637 -20.5435
X  0.1096  0.5652 -0.8177
Y -0.9775 -0.0881 -0.1919
Z -0.1805  0.8203  0.5428

PART 49
OFFSET  7.4339 -1.9007 -19.7667
X  0.5559 -0.4956  0.6674
Y -0.8312 -0.3266  0.4499
Z -0.0050 -0.8048 -0.5935

PART 50
OFFSET  9.2005 -2.2715 -17.9088
X -0.1145 -0.7696  0.6282
Y  0.8696  0.2281  0.4380
Z -0.4804  0.5964  0.6431

PART 51
OFFSET  9.5883 -0.3578 -19.6251
X  0.7920 -0.1133  0.5999
Y  0.5543  0.5451 -0.6290
Z -0.2557  0.8307  0.4945

PART 52
OFFSET  8.2399 -0.1649 -20.6465
X  0.7286  0.5031 -0.4648
Y -0.6418  0.2644 -0.7199
Z -0.2393  0.8228  0.5155

PART 53
OFFSET  7.2301 -0.8622 -20.0023
X -0.0591  0.5213 -0.8514
Y -0.9681 -0.2381 -0.0785
Z -0.2436  0.8195  0.5187

PART 54
OFFSET  7.2942 -1.4275 -19.0790
X  0.5894 -0.2508  0.7679
Y -0.7479 -0.5288  0.4014
Z  0.3054 -0.8109 -0.4992

PART 55
OFFSET  8.4363 -6.6160 -14.7784
X  0.0246 -0.7806  0.6246
Y -0.8381 -0.3566 -0.4127
Z  0.5449 -0.5133 -0.6630

PART 56
OFFSET  9.3522  0.8115 -17.7731
X -0.2772 -0.8760  0.3948
Y  0.8747 -0.0601  0.4809
Z -0.3975  0.4786  0.7829

PART 57
OFFSET  9.8403  2.3537 -18.4682
X  0.6936 -0.3475  0.6310
Y  0.5682  0.8024 -0.1827
Z -0.4428  0.4853  0.7540

PART 58
OFFSET  8.9702  2.8056 -19.1895
X  0.8942 -0.0266  0.4469
Y  0.2338  0.8791 -0.4154
Z -0.3818  0.4759  0.7923

PART 59
OFFSET  7.9602  2.8357 -19.6943
X -0.6095 -0.6511  0.4523
Y -0.7239  0.2244 -0.6524
Z  0.3233 -0.7251 -0.6081

PART 60
OFFSET  9.7237  0.3016 -18.6800
X  0.7097 -0.1920  0.6778
Y  0.5947  0.6791 -0.4303
Z -0.3777  0.7085  0.5962

PART 61
OFFSET  8.3372  0.6768 -20.0042
X  0.7862  0.5837 -0.2028
Y -0.4753  0.3614 -0.8022
Z -0.3949  0.7271  0.5616

PART 62
OFFSET  7.1888 -0.1758 -19.7079
X  0.0124  0.5884 -0.8084
Y -0.8979 -0.3493 -0.2680
Z -0.4401  0.7292  0.5240

PART 63
OFFSET  7.1773 -0.8476 -18.7961
X  0.5921 -0.2747  0.7576
Y -0.7260 -0.5899  0.3535
Z  0.3498 -0.7593 -0.5488

PART 64
OFFSET  8.2744  2.4792 -18.4876
X  0.3362  0.7876 -0.5165
Y -0.9067  0.1223 -0.4037
Z -0.2548  0.6040  0.7552

PART 65
OFFSET  8.2744  2.4792 -18.4876
X  0.3362  0.7876 -0.5165
Y -0.9067  0.1223 -0.4037
Z -0.2548  0.6040  0.7552

PART 66
OFFSET  9.7138  8.0495 -19.3352
X  0.3309  0.7997 -0.5009
Y -0.9067  0.1223 -0.4037
Z -0.2616  0.5878  0.7656

PART 67
OFFSET  9.6056  5.9666 -20.4582
X  0.3362  0.7876 -0.5165
Y -0.9067  0.1223 -0.4037
Z -0.2548  0.6040  0.7552

PART 68
OFFSET  9.1024  6.3552 -19.1731
X  0.3362  0.7876 -0.5165
Y -0.9067  0.1223 -0.4037
Z -0.2548  0.6040  0.7552

PART 69
OFFSET  9.3484  3.7373 -20.5186
X  0.3362  0.7876 -0.5165
Y -0.9067  0.1223 -0.4037
Z -0.2548  0.6040  0.7552

PART 70
OFFSET  8.5880  6.6049 -17.9420
X  0.3362  0.7876 -0.5165
Y -0.9067  0.1223 -0.4037
Z -0.2548  0.6040  0.7552

PART 71
OFFSET  11.7024  11.4073 -23.5065
X  0.3362  0.7876 -0.5165
Y -0.9067  0.1223 -0.4037
Z -0.2548  0.6040  0.7552

PART 72
OFFSET  7.6870  4.8901 -16.6382
X  0.3362  0.7876 -0.5165
Y -0.9067  0.1223 -0.4037
Z -0.2548  0.6040  0.7552

PART 73
OFFSET  8.4369  5.8208 -17.8781
X  0.3362  0.7876 -0.5165
Y -0.9067  0.1223 -0.4037
Z -0.2548  0.6040  0.7552

PART 74
OFFSET  12.0662  8.8619 -25.0687
X  0.3362  0.7876 -0.5165
Y -0.9067  0.1223 -0.4037
Z -0.2548  0.6040  0.7552

PART 75
OFFSET  13.6634  13.9680 -26.2753
X  0.1017  0.6489 -0.7541
Y  0.6112 -0.6388 -0.4673
Z -0.7849 -0.4133 -0.4616

PART 76
OFFSET  13.8102  13.9735 -27.4744
X  0.3362  0.7876 -0.5165
Y -0.9067  0.1223 -0.4037
Z -0.2548  0.6040  0.7552

PART 77
OFFSET  15.9929  15.5914 -31.8493
X  0.9067 -0.1223  0.4037
Y  0.3362  0.7876 -0.5165
Z -0.2548  0.6040  0.7552

PART 78
OFFSET  7.7850  5.2467 -16.5925
X  0.3362  0.7876 -0.5165
Y -0.9067  0.1223 -0.4037
Z -0.2548  0.6040  0.7552

PART 79
OFFSET  14.2670  15.0050 -28.1523
X  0.3362  0.7876 -0.5165
Y -0.9067  0.1223 -0.4037
Z -0.2548  0.6040  0.7552

PART 80
OFFSET  11.8884  9.4326 -24.4980
X  0.3362  0.7876 -0.5165
Y -0.9067  0.1223 -0.4037
Z -0.2548  0.6040  0.7552

PART 81
OFFSET  16.4637  23.3098 -30.5700
X  0.9067 -0.1223  0.4037
Y  0.3362  0.7876 -0.5165
Z -0.2548  0.6040  0.7552

PART 82
OFFSET  8.0337  6.8837 -16.6216
X  0.3362  0.7876 -0.5165
Y -0.9067  0.1223 -0.4037
Z -0.2548  0.6040  0.7552

PART 83
OFFSET  0.0000 -0.0000 -0.0000
X  1.0000 -0.0000  0.0000
Y  0.0000  1.0000  0.0000
Z  0.0000 -0.0000  1.0000

PART 84
OFFSET  0.0000 -0.0000 -0.0000
X  1.0000 -0.0000  0.0000
Y  0.0000  1.0000  0.0000
Z  0.0000 -0.0000  1.0000

PART 85
OFFSET  1.5404 -0.0000  4.1357
X  1.0000 -0.0000  0.0000
Y  0.0000  1.0000  0.0000
Z  0.0000 -0.0000  1.0000

PART 86
OFFSET  0.0000 -0.0000  0.0000
X  1.0000 -0.0000  0.0000
Y  0.0000  1.0000  0.0000
Z  0.0000 -0.0000  1.0000


FRAME 2
PART 0
OFFSET -4.6318 -0.0000 -1.3770
X  1.0000 -0.0000  0.0000
Y  0.0000  1.0000  0.0000
Z  0.0000 -0.0000  1.0000

PART 1
OFFSET -0.9551  6.3408 -12.3220
X  0.2294  0.0193 -0.9731
Y  0.7304 -0.6643  0.1590
Z -0.6434 -0.7472 -0.1665

PART 2
OFFSET  1.8193  6.5744 -24.0911
X  0.8874  0.2592 -0.3811
Y  0.3495  0.1606  0.9231
Z  0.3005 -0.9524  0.0519

PART 3
OFFSET  9.3673  8.7793 -27.3328
X  0.8874  0.2592 -0.3811
Y -0.4134  0.8132 -0.4095
Z  0.2038  0.5210  0.8289

PART 4
OFFSET  9.2069  10.9749 -28.6318
X  0.8845  0.2609 -0.3868
Y -0.3080  0.9492 -0.0641
Z  0.3504  0.1758  0.9199

PART 5
OFFSET  10.0329  8.1460 -28.8738
X  0.8845  0.2609 -0.3868
Y -0.3080  0.9492 -0.0641
Z  0.3504  0.1758  0.9199

PART 6
OFFSET  10.6363  11.5790 -26.2948
X  0.8845  0.2609 -0.3868
Y -0.3080  0.9492 -0.0641
Z  0.3504  0.1758  0.9199

PART 7
OFFSET  11.8679  9.2399 -26.1067
X  0.8845  0.2609 -0.3868
Y -0.3080  0.9492 -0.0641
Z  0.3504  0.1758  0.9199

PART 8
OFFSET  11.2995  8.1430 -27.0408
X  0.8845  0.2609 -0.3868
Y -0.3080  0.9492 -0.0641
Z  0.3504  0.1758  0.9199

PART 9
OFFSET  12.0879  9.5740 -28.5012
X  0.6283  0.7762  0.0523
Y -0.6567  0.5652 -0.4993
Z -0.4171  0.2794  0.8648

PART 10
OFFSET  11.5655  10.5833 -28.6045
X -0.0539  0.9422  0.3307
Y -0.7111  0.1963 -0.6752
Z -0.7011 -0.2716  0.6594

PART 11
OFFSET  11.3392  12.6209 -27.9215
X  0.2723  0.9328  0.2359
Y -0.8632  0.3451 -0.3685
Z -0.4251 -0.1033  0.8992

PART 12
OFFSET  11.7827  14.0947 -27.4179
X  0.0870  0.9009  0.4252
Y -0.8121  0.3113 -0.4935
Z -0.5770 -0.3024  0.7587

PART 13
OFFSET  11.8365  15.0604 -26.9318
X  0.2675  0.9234 -0.2752
Y  0.6311 -0.3837 -0.6741
Z -0.7281  0.0067 -0.6854

PART 14
OFFSET  13.2384  9.6822 -27.7475
X  0.7675  0.4801  0.4248
Y -0.5527  0.1598  0.8180
Z  0.3248 -0.8625  0.3879

PART 15
OFFSET  14.8478  10.9061 -26.7493
X -0.2693  0.5816  0.7676
Y -0.9599 -0.0976 -0.2627
Z -0.0779 -0.8076  0.5846

PART 16
OFFSET  14.4666  11.7296 -25.6626
X -0.7700  0.4413  0.4607
Y -0.6344 -0.4531 -0.6263
Z -0.0677 -0.7745  0.6289

PART 17
OFFSET  13.7838  12.1209 -25.2541
X -0.9290  0.2869  0.2336
Y -0.3554 -0.5162 -0.7793
Z -0.1029 -0.8070  0.5815

PART 18
OFFSET  12.9012  12.3934 -25.0321
X  0.9486  0.2213  0.2264
Y  0.3166 -0.6763 -0.6652
Z  0.0059  0.7026 -0.7115

PART 19
OFFSET  12.9984  10.1895 -28.1886
X  0.7971  0.5668  0.2083
Y -0.4007  0.2384  0.8847
Z  0.4518 -0.7886  0.4171

PART 20
OFFSET  14.9720  11.6859 -27.3985
X -0.2783  0.4967  0.8221
Y -0.9569 -0.0697 -0.2818
Z -0.0827 -0.8651  0.4947

PART 21
OFFSET  14.4982  12.5314 -25.9989
X -0.6120  0.4537  0.6477
Y -0.7867 -0.2655 -0.5573
Z -0.0809 -0.8507  0.5195

PART 22
OFFSET  13.6500  13.1603 -25.1012
X -0.8620  0.3171  0.3955
Y -0.5009 -0.4130 -0.7606
Z -0.0779 -0.8537  0.5149

PART 23
OFFSET  12.7151  13.5042 -24.6722
X  0.9885 -0.0659  0.1358
Y  0.0875 -0.4830 -0.8712
Z  0.1230  0.8731 -0.4718

PART 24
OFFSET  12.7584  13.0139 -28.6693
X  0.6022  0.6987  0.3863
Y  0.5557 -0.0195 -0.8311
Z -0.5732  0.7152 -0.4000

PART 25
OFFSET  14.1957  12.9210 -28.9956
X  0.3509  0.4310  0.8313
Y -0.9217  0.0021  0.3880
Z  0.1655 -0.9023  0.3980

PART 26
OFFSET  14.8136  13.6799 -27.5319
X -0.4150  0.2118  0.8848
Y -0.8791 -0.3438 -0.3300
Z  0.2343 -0.9149  0.3289

PART 27
OFFSET  14.2948  13.9930 -26.4762
X -0.6716  0.2144  0.7093
Y -0.7223 -0.4030 -0.5620
Z  0.1654 -0.8897  0.4255

PART 28
OFFSET  13.5363  14.2351 -25.6751
X  0.9171  0.0438  0.3962
Y  0.3964 -0.2041 -0.8951
Z  0.0417  0.9780 -0.2046

PART 29
OFFSET  14.7663  12.2752 -28.3043
X  0.0481  0.5107  0.8584
Y -0.9924 -0.0729  0.0990
Z  0.1131 -0.8567  0.5033

PART 30
OFFSET  14.8603  13.2729 -26.6273
X -0.4545  0.3829  0.8042
Y -0.8864 -0.2834 -0.3660
Z  0.0878 -0.8792  0.4682

PART 31
OFFSET  14.1965  13.8321 -25.4526
X -0.9007  0.1371  0.4123
Y -0.4304 -0.4115 -0.8034
Z  0.0595 -0.9010  0.4296

PART 32
OFFSET  13.1771  13.9813 -24.9821
X  0.9617  0.2153  0.1695
Y  0.2542 -0.4692 -0.8457
Z -0.1026  0.8564 -0.5060

PART 33
OFFSET  13.5095  11.7996 -26.7725
X  0.3908 -0.8040  0.4482
Y  0.4171 -0.2794 -0.8649
Z  0.8206  0.5249  0.2261

PART 34
OFFSET -7.2604 -4.8127 -5.4071
X -0.6171  0.3718  0.6936
Y  0.1980 -0.7796  0.5941
Z  0.7616  0.5039  0.4075

PART 35
OFFSET  0.2021 -9.3090 -13.7950
X -0.7756 -0.5677  0.2758
Y  0.2939 -0.7116 -0.6381
Z  0.5586 -0.4139  0.7188

PART 36
OFFSET  6.7992 -4.4802 -16.1409
X -0.7756 -0.5677  0.2758
Y  0.3803 -0.7691 -0.5137
Z  0.5038 -0.2936  0.8124

PART 37
OFFSET  7.0321 -2.6365 -16.9068
X -0.7791 -0.5622  0.2774
Y -0.5604  0.4262 -0.7101
Z  0.2810 -0.7087 -0.6471

PART 38
OFFSET  7.3552 -1.9603 -15.9974
X -0.7791 -0.5622  0.2774
Y -0.5604  0.4262 -0.7101
Z  0.2810 -0.7087 -0.6471

PART 39
OFFSET  8.3195 -2.7240 -15.2172
X -0.7791 -0.5622  0.2774
Y -0.5604  0.4262 -0.7101
Z  0.2810 -0.7087 -0.6471

PART 40
OFFSET  9.1770 -2.7396 -16.9865
X -0.0922 -0.9177  0.3865
Y  0.5070 -0.3773 -0.7750
Z  0.8570  0.1245  0.5001

PART 41
OFFSET  8.3774 -2.0139 -16.6179
X  0.6128 -0.7758  0.1506
Y  0.2083 -0.0253 -0.9777
Z  0.7623  0.6305  0.1461

PART 42
OFFSET  6.9918 -0.3724 -16.8534
X -0.0288 -0.5733  0.8189
Y  0.6557 -0.6292 -0.4174
Z  0.7545  0.5249  0.3940

PART 43
OFFSET  6.9930  0.4567 -18.2444
X -0.3758  0.1084  0.9203
Y  0.4820 -0.8253  0.2940
Z  0.7914  0.5541  0.2580

PART 44
OFFSET  7.3550  0.3282 -19.2564
X -0.6865 -0.4461  0.5742
Y -0.5284 -0.2365 -0.8154
Z  0.4995 -0.8632 -0.0733

PART 45
OFFSET  9.6249 -2.3923 -18.2444
X -0.1031 -0.6036  0.7906
Y  0.8820  0.3119  0.3531
Z -0.4598  0.7338  0.5002

PART 46
OFFSET  9.6814 -0.9676 -19.9913
X  0.8528 -0.1160  0.5092
Y  0.4835  0.5439 -0.6859
Z -0.1974  0.8311  0.5199

PART 47
OFFSET  8.4741 -0.8034 -20.7121
X  0.8417  0.4131 -0.3476
Y -0.5137  0.4149 -0.7509
Z -0.1660  0.8107  0.5615

PART 48
OFFSET  7.7277 -1.1697 -20.4039
X  0.0877  0.5384 -0.8381
Y -0.9743 -0.1289 -0.1847
Z -0.2075  0.8328  0.5132

PART 49
OFFSET  7.6445 -1.6812 -19.6076
X  0.5746 -0.4513  0.6828
Y -0.8182 -0.3385  0.4648
Z  0.0214 -0.8257 -0.5637

PART 50
OFFSET  9.4278 -1.9224 -17.7445
X -0.0859 -0.7496  0.6563
Y  0.8623  0.2740  0.4259
Z -0.4991  0.6025  0.6228

PART 51
OFFSET  9.7442 -0.0604 -19.5310
X  0.7971 -0.0637  0.6005
Y  0.5334  0.5406 -0.6506
Z -0.2832  0.8388  0.4649

PART 52
OFFSET  8.3871  0.0481 -20.5533
X  0.7094  0.5107 -0.4857
Y -0.6525  0.2154 -0.7265
Z -0.2664  0.8323  0.4861

PART 53
OFFSET  7.4040 -0.6597 -19.8801
X -0.0795  0.4874 -0.8695
Y -0.9594 -0.2742 -0.0660
Z -0.2706  0.8290  0.4894

PART 54
OFFSET  7.4901 -1.1883 -18.9371
X  0.5999 -0.2019  0.7742
Y -0.7279 -0.5394  0.4233
Z  0.3321 -0.8175 -0.4705

PART 55
OFFSET  8.8239 -6.1732 -14.4547
X  0.0534 -0.7559  0.6525
Y -0.8263 -0.4003 -0.3961
Z  0.5607 -0.5180 -0.6460

PART 56
OFFSET  9.4724  1.1670 -17.7220
X -0.2455 -0.8700  0.4275
Y  0.8776 -0.0121  0.4793
Z -0.4119  0.4928  0.7665

PART 57
OFFSET  9.9046  2.6987 -18.4748
X  0.7070 -0.2999  0.6405
Y  0.5394  0.8144 -0.2141
Z -0.4574  0.4968  0.7375

PART 58
OFFSET  9.0174  3.0935 -19.2087
X  0.8958  0.0208  0.4441
Y  0.2019  0.8709 -0.4481
Z -0.3960  0.4910  0.7759

PART 59
OFFSET  8.0056  3.0701 -19.7103
X -0.5853 -0.6548  0.4782
Y -0.7330  0.1752 -0.6573
Z  0.3467 -0.7352 -0.5825

PART 60
OFFSET  9.8590  0.6374 -18.6112
X  0.7178 -0.1424  0.6816
Y  0.5695  0.6832 -0.4571
Z -0.4005  0.7163  0.5714

PART 61
OFFSET  8.4567  0.9156 -19.9427
X  0.7649  0.6028 -0.2270
Y -0.4897  0.3152 -0.8129
Z -0.4185  0.7330  0.5363

PART 62
OFFSET  7.3395  0.0351 -19.6110
X -0.0103  0.5586 -0.8294
Y -0.8859 -0.3898 -0.2515
Z -0.4638  0.7322  0.4988

PART 63
OFFSET  7.3539 -0.6029 -18.6753
X  0.6034 -0.2261  0.7647
Y -0.7041 -0.6014  0.3776
Z  0.3745 -0.7663 -0.5221

PART 64
OFFSET  8.3284  2.7639 -18.4870
X  0.3059  0.7801 -0.5457
Y -0.9117  0.0750 -0.4039
Z -0.2741  0.6211  0.7342

PART 65
OFFSET  8.3284  2.7639 -18.4870
X  0.3059  0.7801 -0.5457
Y -0.9117  0.0750 -0.4039
Z -0.2741  0.6211  0.7342

PART 66
OFFSET  9.5630  8.3485 -19.5392
X  0.3003  0.7927 -0.5306
Y -0.9117  0.0750 -0.4039
Z -0.2803  0.6050  0.7452

PART 67
OFFSET  9.5267  6.2241 -20.5865
X  0.3059  0.7801 -0.5457
Y -0.9117  0.0750 -0.4039
Z -0.2741  0.6211  0.7342

PART 68
OFFSET  9.0137  6.6402 -19.3139
X  0.3059  0.7801 -0.5457
Y -0.9117  0.0750 -0.4039
Z -0.2741  0.6211  0.7342

PART 69
OFFSET  9.3500  3.9863 -20.5662
X  0.3059  0.7801 -0.5457
Y -0.9117  0.0750 -0.4039
Z -0.2741  0.6211  0.7342

PART 70
OFFSET  8.4944  6.9151 -18.0905
X  0.3059  0.7801 -0.5457
Y -0.9117  0.0750 -0.4039
Z -0.2741  0.6211  0.7342

PART 71
OFFSET  11.4163  11.6240 -23.8364
X  0.3059  0.7801 -0.5457
Y -0.9117  0.0750 -0.4039
Z -0.2741  0.6211  0.7342

PART 72
OFFSET  7.6600  5.2169 -16.7223
X  0.3059  0.7801 -0.5457
Y -0.9117  0.0750 -0.4039
Z -0.2741  0.6211  0.7342

PART 73
OFFSET  8.3720  6.1289 -17.9979
X  0.3059  0.7801 -0.5457
Y -0.9117  0.0750 -0.4039
Z -0.2741  0.6211  0.7342

PART 74
OFFSET  11.8670  9.0389 -25.3082
X  0.3059  0.7801 -0.5457
Y -0.9117  0.0750 -0.4039
Z -0.2741  0.6211  0.7342

PART 75
OFFSET  13.2750  14.1527 -26.7034
X  0.0759  0.6247 -0.7772
Y  0.6324 -0.6328 -0.4468
Z -0.7709 -0.4576 -0.4431

PART 76
OFFSET  13.4179  14.1205 -27.9025
X  0.3059  0.7801 -0.5457
Y -0.9117  0.0750 -0.4039
Z -0.2741  0.6211  0.7342

PART 77
OFFSET  15.5273  15.6580 -32.3418
X  0.9117 -0.0750  0.4039
Y  0.3059  0.7801 -0.5457
Z -0.2741  0.6211  0.7342

PART 78
OFFSET  7.7451  5.5782 -16.6898
X  0.3059  0.7801 -0.5457
Y -0.9117  0.0750 -0.4039
Z -0.2741  0.6211  0.7342

PART 79
OFFSET  13.8350  15.1428 -28.6188
X  0.3059  0.7801 -0.5457
Y -0.9117  0.0750 -0.4039
Z -0.2741  0.6211  0.7342

PART 80
OFFSET  11.6704  9.6230 -24.7575
X  0.3059  0.7801 -0.5457
Y -0.9117  0.0750 -0.4039
Z -0.2741  0.6211  0.7342

PART 81
OFFSET  15.7228  23.4292 -31.3411
X  0.9117 -0.0750  0.4039
Y  0.3059  0.7801 -0.5457
Z -0.2741  0.6211  0.7342

PART 82
OFFSET  7.9345  7.2210 -16.7784
X  0.3059  0.7801 -0.5457
Y -0.9117  0.0750 -0.4039
Z -0.2741  0.6211  0.7342

PART 83
OFFSET  0.0000 -0.0000 -0.0000
X  1.0000 -0.0000  0.0000
Y  0.0000  1.0000  0.0000
Z  0.0000 -0.0000  1.0000

PART 84
OFFSET  0.0000 -0.0000 -0.0000
X  1.0000 -0.0001  0.0001
Y  0.0001  1.0000 -0.0001
Z -0.0001  0.0001  1.0000

PART 85
OFFSET  1.5398  0.0002  4.1359
X  1.0000 -0.0001  0.0001
Y  0.0001  1.0000 -0.0001
Z -0.0001  0.0001  1.0000

PART 86
OFFSET  0.0000 -0.0000  0.0000
X  1.0000 -0.0000  0.0000
Y  0.0000  1.0000  0.0000
Z  0.0000 -0.0000  1.0000


FRAME 3
PART 0
OFFSET -4.6318 -0.0000 -1.3770
X  1.0000 -0.0000  0.0000
Y  0.0000  1.0000  0.0000
Z  0.0000 -0.0000  1.0000

PART 1
OFFSET -0.9959  6.3408 -12.2569
X  0.2110  0.0381 -0.9767
Y  0.7056 -0.6975  0.1253
Z -0.6765 -0.7156 -0.1740

PART 2
OFFSET  1.5562  6.8010 -24.0695
X  0.8924  0.2350 -0.3852
Y  0.3672  0.1180  0.9226
Z  0.2622 -0.9648  0.0190

PART 3
OFFSET  9.1466  8.7994 -27.3459
X  0.8924  0.2350 -0.3852
Y -0.3980  0.8121 -0.4268
Z  0.2125  0.5342  0.8182

PART 4
OFFSET  9.0592  11.0386 -28.5758
X  0.8895  0.2369 -0.3907
Y -0.2700  0.9623 -0.0312
Z  0.3686  0.1333  0.9200

PART 5
OFFSET  9.7668  8.1875 -28.9143
X  0.8895  0.2369 -0.3907
Y -0.2700  0.9623 -0.0312
Z  0.3686  0.1333  0.9200

PART 6
OFFSET  10.5409  11.5127 -26.2413
X  0.8895  0.2369 -0.3907
Y -0.2700  0.9623 -0.0312
Z  0.3686  0.1333  0.9200

PART 7
OFFSET  11.6789  9.1214 -26.1408
X  0.8895  0.2369 -0.3907
Y -0.2700  0.9623 -0.0312
Z  0.3686  0.1333  0.9200

PART 8
OFFSET  11.0548  8.0774 -27.0997
X  0.8895  0.2369 -0.3907
Y -0.2700  0.9623 -0.0312
Z  0.3686  0.1333  0.9200

PART 9
OFFSET  11.8825  9.5197 -28.5268
X  0.6058  0.7954  0.0158
Y -0.6759  0.5250 -0.5173
Z -0.4197  0.3027  0.8557

PART 10
OFFSET  11.3304  10.5085 -28.6676
X -0.0791  0.9531  0.2922
Y -0.7206  0.1478 -0.6774
Z -0.6888 -0.2641  0.6751

PART 11
OFFSET  11.0494  12.5652 -28.0672
X  0.2466  0.9492  0.1954
Y -0.8751  0.3047 -0.3760
Z -0.4164 -0.0783  0.9058

PART 12
OFFSET  11.4530  14.0707 -27.6279
X  0.0634  0.9198  0.3872
Y -0.8238  0.2673 -0.5000
Z -0.5634 -0.2873  0.7747

PART 13
OFFSET  11.4818  15.0567 -27.1822
X  0.2389  0.9186 -0.3148
Y  0.6378 -0.3929 -0.6624
Z -0.7322 -0.0425 -0.6798

PART 14
OFFSET  13.0340  9.6919 -27.7867
X  0.7558  0.5191  0.3991
Y -0.5520  0.1774  0.8147
Z  0.3521 -0.8361  0.4206

PART 15
OFFSET  14.6133  11.0016 -26.8513
X -0.2813  0.6048  0.7450
Y -0.9583 -0.1359 -0.2515
Z -0.0509 -0.7847  0.6178

PART 16
OFFSET  14.2150  11.8580 -25.7966
X -0.7797  0.4377  0.4478
Y -0.6248 -0.4966 -0.6025
Z -0.0413 -0.7496  0.6606

PART 17
OFFSET  13.5237  12.2460 -25.3995
X -0.9355  0.2695  0.2285
Y -0.3450 -0.5579 -0.7548
Z -0.0759 -0.7850  0.6149

PART 18
OFFSET  12.6350  12.5020 -25.1825
X  0.9431  0.2576  0.2102
Y  0.3319 -0.6938 -0.6391
Z -0.0189  0.6725 -0.7398

PART 19
OFFSET  12.7767  10.1734 -28.2465
X  0.7816  0.5976  0.1790
Y -0.4020  0.2631  0.8770
Z  0.4770 -0.7574  0.4458

PART 20
OFFSET  14.7108  11.7572 -27.5329
X -0.2875  0.5220  0.8031
Y -0.9562 -0.1087 -0.2717
Z -0.0546 -0.8460  0.5304

PART 21
OFFSET  14.2213  12.6458 -26.1657
X -0.6209  0.4623  0.6330
Y -0.7821 -0.3108 -0.5402
Z -0.0530 -0.8305  0.5545

PART 22
OFFSET  13.3607  13.2866 -25.2884
X -0.8684  0.3083  0.3884
Y -0.4934 -0.4582 -0.7393
Z -0.0499 -0.8337  0.5500

PART 23
OFFSET  12.4190  13.6209 -24.8671
X  0.9909 -0.0318  0.1311
Y  0.0961 -0.5159 -0.8513
Z  0.0947  0.8561 -0.5081

PART 24
OFFSET  12.4520  12.9676 -28.8410
X  0.5841  0.7310  0.3528
Y  0.5509 -0.0378 -0.8337
Z -0.5961  0.6813 -0.4248

PART 25
OFFSET  13.8893  12.9026 -29.1736
X  0.3433  0.4749  0.8103
Y -0.9190 -0.0084  0.3943
Z  0.1940 -0.8800  0.4335

PART 26
OFFSET  14.4939  13.7387 -27.7469
X -0.4155  0.2361  0.8784
Y -0.8708 -0.3822 -0.3092
Z  0.2627 -0.8934  0.3644

PART 27
OFFSET  13.9727  14.0800 -26.7012
X -0.6731  0.2241  0.7047
Y -0.7137 -0.4465 -0.5397
Z  0.1937 -0.8663  0.4605

PART 28
OFFSET  13.2124  14.3331 -25.9052
X  0.9179  0.0864  0.3873
Y  0.3967 -0.2294 -0.8888
Z  0.0121  0.9695 -0.2448

PART 29
OFFSET  14.4827  12.3026 -28.4606
X  0.0386  0.5468  0.8364
Y -0.9893 -0.0972  0.1091
Z  0.1410 -0.8316  0.5372

PART 30
OFFSET  14.5580  13.3708 -26.8267
X -0.4605  0.4025  0.7912
Y -0.8801 -0.3236 -0.3476
Z  0.1161 -0.8563  0.5033

PART 31
OFFSET  13.8854  13.9588 -25.6712
X -0.9017  0.1280  0.4129
Y -0.4232 -0.4565 -0.7827
Z  0.0883 -0.8805  0.4658

PART 32
OFFSET  12.8650  14.0979 -25.1997
X  0.9561  0.2497  0.1535
Y  0.2625 -0.4962 -0.8276
Z -0.1304  0.8315 -0.5399

PART 33
OFFSET  13.2496  11.8547 -26.9014
X  0.4167 -0.7733  0.4779
Y  0.4197 -0.3027 -0.8557
Z  0.8064  0.5571  0.1984

PART 34
OFFSET -7.2604 -4.8127 -5.4071
X -0.6360  0.3576  0.6839
Y  0.1892 -0.7869  0.5874
Z  0.7482  0.5029  0.4328

PART 35
OFFSET  0.4310 -9.1375 -13.6776
X -0.7753 -0.5828  0.2434
Y  0.3207 -0.6953 -0.6432
Z  0.5441 -0.4206  0.7260

PART 36
OFFSET  7.0250 -4.1803 -15.7479
X -0.7753 -0.5828  0.2434
Y  0.4067 -0.7555 -0.5136
Z  0.4832 -0.2992  0.8228

PART 37
OFFSET  7.2541 -2.3191 -16.4716
X -0.7788 -0.5774  0.2450
Y -0.5464  0.4327 -0.7171
Z  0.3080 -0.6924 -0.6525

PART 38
OFFSET  7.5427 -1.6560 -15.5413
X -0.7788 -0.5774  0.2450
Y -0.5464  0.4327 -0.7171
Z  0.3080 -0.6924 -0.6525

PART 39
OFFSET  8.4960 -2.4232 -14.7494
X -0.7788 -0.5774  0.2450
Y -0.5464  0.4327 -0.7171
Z  0.3080 -0.6924 -0.6525

PART 40
OFFSET  9.4018 -2.3935 -16.4942
X -0.0616 -0.9038  0.4235
Y  0.5131 -0.3926 -0.7633
Z  0.8561  0.1703  0.4879

PART 41
OFFSET  8.5828 -1.6780 -16.1485
X  0.6372 -0.7502  0.1766
Y  0.2025 -0.0582 -0.9776
Z  0.7437  0.6586  0.1148

PART 42
OFFSET  7.1462 -0.0899 -16.4384
X -0.0058 -0.5405  0.8413
Y  0.6718 -0.6253 -0.3971
Z  0.7407  0.5629  0.3668

PART 43
OFFSET  7.1127  0.6823 -17.8613
X -0.3728  0.1338  0.9182
Y  0.5090 -0.7979  0.3229
Z  0.7759  0.5877  0.2294

PART 44
OFFSET  7.4717  0.5243 -18.8702
X -0.6687 -0.4432  0.5970
Y -0.5264 -0.2849 -0.8011
Z  0.5251 -0.8499 -0.0427

PART 45
OFFSET  9.8303 -2.0835 -17.7684
X -0.0793 -0.5742  0.8149
Y  0.8744  0.3524  0.3334
Z -0.4786  0.7390  0.4741

PART 46
OFFSET  9.8317 -0.7291 -19.5712
X  0.8593 -0.0696  0.5066
Y  0.4620  0.5303 -0.7108
Z -0.2192  0.8450  0.4879

PART 47
OFFSET  8.6151 -0.6305 -20.2884
X  0.8264  0.4241 -0.3705
Y -0.5312  0.3687 -0.7628
Z -0.1869  0.8272  0.5300

PART 48
OFFSET  7.8823 -1.0065 -19.9599
X  0.0656  0.5067 -0.8596
Y -0.9711 -0.1656 -0.1717
Z -0.2294  0.8461  0.4812

PART 49
OFFSET  7.8200 -1.4879 -19.1432
X  0.5926 -0.4059  0.6957
Y -0.8043 -0.3442  0.4844
Z  0.0429 -0.8466 -0.5304

PART 50
OFFSET  9.6224 -1.6001 -17.2862
X -0.0586 -0.7249  0.6863
Y  0.8563  0.3169  0.4078
Z -0.5131  0.6116  0.6022

PART 51
OFFSET  9.8698  0.1974 -19.1480
X  0.8026 -0.0154  0.5963
Y  0.5122  0.5300 -0.6758
Z -0.3056  0.8479  0.4333

PART 52
OFFSET  8.5032  0.2237 -20.1631
X  0.6902  0.5120 -0.5113
Y -0.6636  0.1663 -0.7293
Z -0.2885  0.8427  0.4546

PART 53
OFFSET  7.5467 -0.4859 -19.4545
X -0.1001  0.4495 -0.8877
Y -0.9510 -0.3055 -0.0474
Z -0.2925  0.8394  0.4580

PART 54
OFFSET  7.6552 -0.9734 -18.4917
X  0.6109 -0.1524  0.7769
Y -0.7083 -0.5437  0.4503
Z  0.3538 -0.8253 -0.4401

PART 55
OFFSET  9.1706 -5.7317 -13.8246
X  0.0808 -0.7271  0.6817
Y -0.8163 -0.4407 -0.3733
Z  0.5719 -0.5264 -0.6292

PART 56
OFFSET  9.5728  1.4876 -17.3874
X -0.2159 -0.8592  0.4639
Y  0.8807  0.0337  0.4725
Z -0.4216  0.5105  0.7494

PART 57
OFFSET  9.9529  3.0002 -18.2041
X  0.7200 -0.2524  0.6464
Y  0.5129  0.8211 -0.2507
Z -0.4674  0.5120  0.7207

PART 58
OFFSET  9.0491  3.3382 -18.9462
X  0.8977  0.0657  0.4358
Y  0.1722  0.8579 -0.4841
Z -0.4057  0.5096  0.7588

PART 59
OFFSET  8.0352  3.2641 -19.4384
X -0.5618 -0.6525  0.5085
Y -0.7424  0.1264 -0.6580
Z  0.3651 -0.7472 -0.5554

PART 60
OFFSET  9.9693  0.9347 -18.2578
X  0.7263 -0.0931  0.6810
Y  0.5453  0.6812 -0.4885
Z -0.4184  0.7262  0.5455

PART 61
OFFSET  8.5504  1.1166 -19.5881
X  0.7446  0.6161 -0.2570
Y -0.5045  0.2673 -0.8210
Z -0.4371  0.7409  0.5099

PART 62
OFFSET  7.4628  0.2168 -19.2128
X -0.0329  0.5242 -0.8509
Y -0.8752 -0.4262 -0.2287
Z -0.4826  0.7373  0.4728

PART 63
OFFSET  7.5028 -0.3825 -18.2526
X  0.6151 -0.1769  0.7684
Y -0.6828 -0.6068  0.4069
Z  0.3942 -0.7749 -0.4940

PART 64
OFFSET  8.3834  3.0234 -18.2142
X  0.2798  0.7654 -0.5795
Y -0.9160  0.0321 -0.3999
Z -0.2875  0.6427  0.7101

PART 65
OFFSET  8.3834  3.0234 -18.2142
X  0.2798  0.7654 -0.5795
Y -0.9160  0.0321 -0.3999
Z -0.2875  0.6427  0.7101

PART 66
OFFSET  9.4492  8.5929 -19.5039
X  0.2739  0.7784 -0.5649
Y -0.9160  0.0321 -0.3999
Z -0.2932  0.6270  0.7218

PART 67
OFFSET  9.4680  6.4271 -20.4627
X  0.2798  0.7654 -0.5795
Y -0.9160  0.0321 -0.3999
Z -0.2875  0.6427  0.7101

PART 68
OFFSET  8.9509  6.8804 -19.2045
X  0.2798  0.7654 -0.5795
Y -0.9160  0.0321 -0.3999
Z -0.2875  0.6427  0.7101

PART 69
OFFSET  9.3564  4.1878 -20.3493
X  0.2798  0.7654 -0.5795
Y -0.9160  0.0321 -0.3999
Z -0.2875  0.6427  0.7101

PART 70
OFFSET  8.4314  7.1904 -17.9897
X  0.2798  0.7654 -0.5795
Y -0.9160  0.0321 -0.3999
Z -0.2875  0.6427  0.7101

PART 71
OFFSET  11.1803  11.7402 -23.9453
X  0.2798  0.7654 -0.5795
Y -0.9160  0.0321 -0.3999
Z -0.2875  0.6427  0.7101

PART 72
OFFSET  7.6550  5.5268 -16.5469
X  0.2798  0.7654 -0.5795
Y -0.9160  0.0321 -0.3999
Z -0.2875  0.6427  0.7101

PART 73
OFFSET  8.3324  6.4055 -17.8641
X  0.2798  0.7654 -0.5795
Y -0.9160  0.0321 -0.3999
Z -0.2875  0.6427  0.7101

PART 74
OFFSET  11.6968  9.1107 -25.3130
X  0.2798  0.7654 -0.5795
Y -0.9160  0.0321 -0.3999
Z -0.2875  0.6427  0.7101

PART 75
OFFSET  12.9473  14.2008 -26.9272
X  0.0530  0.5940 -0.8027
Y  0.6478 -0.6322 -0.4251
Z -0.7600 -0.4974 -0.4183

PART 76
OFFSET  13.0838  14.1234 -28.1250
X  0.2798  0.7654 -0.5795
Y -0.9160  0.0321 -0.3999
Z -0.2875  0.6427  0.7101

PART 77
OFFSET  15.1205  15.5364 -32.6390
X  0.9160 -0.0321  0.3999
Y  0.2798  0.7654 -0.5795
Z -0.2875  0.6427  0.7101

PART 78
OFFSET  7.7298  5.8914 -16.5299
X  0.2798  0.7654 -0.5795
Y -0.9160  0.0321 -0.3999
Z -0.2875  0.6427  0.7101

PART 79
OFFSET  13.4667  15.1268 -28.8857
X  0.2798  0.7654 -0.5795
Y -0.9160  0.0321 -0.3999
Z -0.2875  0.6427  0.7101

PART 80
OFFSET  11.4867  9.7111 -24.7854
X  0.2798  0.7654 -0.5795
Y -0.9160  0.0321 -0.3999
Z -0.2875  0.6427  0.7101

PART 81
OFFSET  15.0968  23.3447 -31.9596
X  0.9160 -0.0321  0.3999
Y  0.2798  0.7654 -0.5795
Z -0.2875  0.6427  0.7101

PART 82
OFFSET  7.8709  7.5340 -16.6873
X  0.2798  0.7654 -0.5795
Y -0.9160  0.0321 -0.3999
Z -0.2875  0.6427  0.7101

PART 83
OFFSET  0.0000 -0.0000 -0.0000
X  1.0000 -0.0000  0.0000
Y  0.0000  1.0000  0.0000
Z  0.0000 -0.0000  1.0000

PART 84
OFFSET  0.0000 -0.0000 -0.0000
X  1.0000 -0.0004  0.0006
Y  0.0004  1.0000 -0.0004
Z -0.0006  0.0004  1.0000

PART 85
OFFSET  1.5379  0.0010  4.1367
X  1.0000 -0.0004  0.0006
Y  0.0004  1.0000 -0.0004
Z -0.0006  0.0004  1.0000

PART 86
OFFSET  0.0000 -0.0000  0.0000
X  1.0000 -0.0000  0.0000
Y  0.0000  1.0000  0.0000
Z  0.0000 -0.0000  1.0000


FRAME 4
PART 0
OFFSET -4.6318 -0.0000 -1.3770
X  1.0000 -0.0000  0.0000
Y  0.0000  1.0000  0.0000
Z  0.0000 -0.0000  1.0000

PART 1
OFFSET -1.0597  6.3408 -12.1535
X  0.1898  0.0485 -0.9806
Y  0.6722 -0.7344  0.0938
Z -0.7157 -0.6769 -0.1720

PART 2
OFFSET  1.2361  6.9276 -24.0130
X  0.9133  0.2022 -0.3534
Y  0.3467  0.0691  0.9354
Z  0.2135 -0.9769 -0.0070

PART 3
OFFSET  9.0045  8.6472 -27.0192
X  0.9133  0.2022 -0.3534
Y -0.3518  0.8290 -0.4348
Z  0.2051  0.5215  0.8283

PART 4
OFFSET  9.0624  10.9270 -28.1739
X  0.9107  0.2045 -0.3590
Y -0.2211  0.9752 -0.0054
Z  0.3490  0.0843  0.9333

PART 5
OFFSET  9.6371  8.0565 -28.5908
X  0.9107  0.2045 -0.3590
Y -0.2211  0.9752 -0.0054
Z  0.3490  0.0843  0.9333

PART 6
OFFSET  10.5000  11.2491 -25.7866
X  0.9107  0.2045 -0.3590
Y -0.2211  0.9752 -0.0054
Z  0.3490  0.0843  0.9333

PART 7
OFFSET  11.5150  8.8015 -25.7378
X  0.9107  0.2045 -0.3590
Y -0.2211  0.9752 -0.0054
Z  0.3490  0.0843  0.9333

PART 8
OFFSET  10.8670  7.8223 -26.7478
X  0.9107  0.2045 -0.3590
Y -0.2211  0.9752 -0.0054
Z  0.3490  0.0843  0.9333

PART 9
OFFSET  11.8045  9.2670 -28.1028
X  0.6058  0.7954 -0.0154
Y -0.6813  0.5087 -0.5264
Z -0.4109  0.3294  0.8501

PART 10
OFFSET  11.2508  10.2510 -28.2686
X -0.0762  0.9618  0.2631
Y -0.7276  0.1267 -0.6742
Z -0.6817 -0.2428  0.6901

PART 11
OFFSET  10.9758  12.3255 -27.7298
X  0.2485  0.9548  0.1631
Y -0.8790  0.2930 -0.3762
Z -0.4070 -0.0499  0.9121

PART 12
OFFSET  11.3838  13.8438 -27.3419
X  0.0673  0.9314  0.3576
Y -0.8290  0.2517 -0.4994
Z -0.5552 -0.2629  0.7891

PART 13
OFFSET  11.4170  14.8433 -26.9275
X  0.2355  0.9083 -0.3458
Y  0.6309 -0.4135 -0.6564
Z -0.7392 -0.0636 -0.6705

PART 14
OFFSET  12.9636  9.4619 -27.3804
X  0.7599  0.5311  0.3748
Y -0.5435  0.2029  0.8145
Z  0.3566 -0.8226  0.4428

PART 15
OFFSET  14.5524  10.8000 -26.5029
X -0.2736  0.6279  0.7287
Y -0.9608 -0.1435 -0.2371
Z -0.0443 -0.7650  0.6425

PART 16
OFFSET  14.1650  11.6889 -25.4713
X -0.7750  0.4516  0.4420
Y -0.6310 -0.5150 -0.5802
Z -0.0343 -0.7286  0.6841

PART 17
OFFSET  13.4779  12.0893 -25.0794
X -0.9331  0.2766  0.2297
Y -0.3528 -0.5811 -0.7334
Z -0.0694 -0.7654  0.6398

PART 18
OFFSET  12.5914  12.3521 -24.8612
X  0.9452  0.2639  0.1922
Y  0.3254 -0.7134 -0.6206
Z -0.0267  0.6491 -0.7602

PART 19
OFFSET  12.7015  9.9290 -27.8523
X  0.7833  0.6027  0.1521
Y -0.3929  0.2904  0.8725
Z  0.4817 -0.7432  0.4643

PART 20
OFFSET  14.6427  11.5339 -27.2087
X -0.2792  0.5468  0.7893
Y -0.9590 -0.1169 -0.2582
Z -0.0489 -0.8290  0.5570

PART 21
OFFSET  14.1674  12.4648 -25.8649
X -0.6144  0.4820  0.6247
Y -0.7876 -0.3273 -0.5220
Z -0.0471 -0.8127  0.5807

PART 22
OFFSET  13.3159  13.1328 -24.9991
X -0.8643  0.3204  0.3877
Y -0.5010 -0.4810 -0.7195
Z -0.0441 -0.8161  0.5763

PART 23
OFFSET  12.3785  13.4803 -24.5787
X  0.9922 -0.0279  0.1217
Y  0.0873 -0.5422 -0.8357
Z  0.0893  0.8398 -0.5355

PART 24
OFFSET  12.3702  12.7034 -28.5303
X  0.5876  0.7416  0.3237
Y  0.5422 -0.0639 -0.8378
Z -0.6006  0.6678 -0.4396

PART 25
OFFSET  13.8040  12.6277 -28.8758
X  0.3517  0.4999  0.7915
Y -0.9148  0.0041  0.4039
Z  0.1986 -0.8661  0.4587

PART 26
OFFSET  14.4233  13.5078 -27.4822
X -0.4064  0.2635  0.8749
Y -0.8739 -0.3915 -0.2880
Z  0.2666 -0.8816  0.3894

PART 27
OFFSET  13.9130  13.8816 -26.4423
X -0.6658  0.2461  0.7044
Y -0.7192 -0.4630 -0.5181
Z  0.1986 -0.8515  0.4852

PART 28
OFFSET  13.1610  14.1596 -25.6467
X  0.9219  0.0983  0.3748
Y  0.3874 -0.2571 -0.8853
Z  0.0094  0.9614 -0.2751

PART 29
OFFSET  14.4048  12.0501 -28.1506
X  0.0472  0.5726  0.8184
Y -0.9881 -0.0936  0.1224
Z  0.1467 -0.8144  0.5614

PART 30
OFFSET  14.4970  13.1688 -26.5517
X -0.4523  0.4271  0.7830
Y -0.8836 -0.3341 -0.3281
Z  0.1214 -0.8402  0.5285

PART 31
OFFSET  13.8364  13.7926 -25.4081
X -0.8974  0.1410  0.4181
Y -0.4312 -0.4806 -0.7636
Z  0.0932 -0.8655  0.4921

PART 32
OFFSET  12.8210  13.9466 -24.9306
X  0.9576  0.2542  0.1357
Y  0.2539 -0.5218 -0.8144
Z -0.1362  0.8143 -0.5642

PART 33
OFFSET  13.1881  11.6514 -26.5653
X  0.4218 -0.7581  0.4975
Y  0.4108 -0.3294 -0.8502
Z  0.8083  0.5629  0.1725

PART 34
OFFSET -7.2604 -4.8127 -5.4071
X -0.6435  0.3706  0.6698
Y  0.1600 -0.7906  0.5911
Z  0.7486  0.4875  0.4494

PART 35
OFFSET  0.5215 -9.2944 -13.5076
X -0.7717 -0.6076  0.1876
Y  0.3672 -0.6667 -0.6486
Z  0.5192 -0.4317  0.7376

PART 36
OFFSET  7.0853 -4.1262 -15.1036
X -0.7717 -0.6076  0.1876
Y  0.4223 -0.7103 -0.5632
Z  0.4755 -0.3554  0.8047

PART 37
OFFSET  7.3146 -2.2485 -15.7463
X -0.7755 -0.6023  0.1893
Y -0.5222  0.4434 -0.7285
Z  0.3549 -0.6638 -0.6584

PART 38
OFFSET  7.5536 -1.6188 -14.7699
X -0.7755 -0.6023  0.1893
Y -0.5222  0.4434 -0.7285
Z  0.3549 -0.6638 -0.6584

PART 39
OFFSET  8.4504 -2.3430 -13.9555
X -0.7755 -0.6023  0.1893
Y -0.5222  0.4434 -0.7285
Z  0.3549 -0.6638 -0.6584

PART 40
OFFSET  9.4512 -2.2633 -15.6788
X -0.0571 -0.8900  0.4524
Y  0.5053 -0.4166 -0.7557
Z  0.8611  0.1855  0.4734

PART 41
OFFSET  8.6358 -1.5371 -15.3474
X  0.6391 -0.7444  0.1936
Y  0.1924 -0.0891 -0.9773
Z  0.7447  0.6618  0.0863

PART 42
OFFSET  7.1961  0.0413 -15.6724
X  0.0029 -0.5137  0.8580
Y  0.6678 -0.6376 -0.3841
Z  0.7444  0.5740  0.3412

PART 43
OFFSET  7.1478  0.7684 -17.1185
X -0.3633  0.1628  0.9173
Y  0.5124 -0.7874  0.3427
Z  0.7781  0.5945  0.2027

PART 44
OFFSET  7.4964  0.5785 -18.1256
X -0.6624 -0.4240  0.6176
Y -0.5346 -0.3100 -0.7862
Z  0.5248 -0.8510 -0.0213

PART 45
OFFSET  9.8665 -1.9937 -16.9666
X -0.0708 -0.5481  0.8334
Y  0.8778  0.3626  0.3131
Z -0.4738  0.7537  0.4555

PART 46
OFFSET  9.8490 -0.6968 -18.8112
X  0.8645 -0.0537  0.4997
Y  0.4546  0.5075 -0.7320
Z -0.2143  0.8600  0.4632

PART 47
OFFSET  8.6250 -0.6207 -19.5186
X  0.8225  0.4120 -0.3922
Y -0.5391  0.3446 -0.7685
Z -0.1815  0.8435  0.5055

PART 48
OFFSET  7.8958 -0.9861 -19.1709
X  0.0566  0.4793 -0.8758
Y -0.9728 -0.1708 -0.1564
Z -0.2245  0.8609  0.4566

PART 49
OFFSET  7.8420 -1.4414 -18.3388
X  0.5999 -0.3839  0.7020
Y -0.7992 -0.3286  0.5033
Z  0.0375 -0.8630 -0.5039

PART 50
OFFSET  9.6635 -1.4952 -16.4977
X -0.0514 -0.7029  0.7095
Y  0.8604  0.3294  0.3887
Z -0.5069  0.6304  0.5878

PART 51
OFFSET  9.8915  0.2425 -18.4178
X  0.8088  0.0032  0.5881
Y  0.5052  0.5083 -0.6975
Z -0.3012  0.8612  0.4094

PART 52
OFFSET  8.5145  0.2371 -19.4191
X  0.6848  0.4955 -0.5343
Y -0.6712  0.1433 -0.7273
Z -0.2839  0.8567  0.4307

PART 53
