// Export filename: `C:\projects\cod\t5\xanim_export\t5_viewmodels\ak47\ak47_flame_ft_fire.XANIM_EXPORT`
// Source filename: `D:\projects\devanim\t5\animation_assets\viewmodels\ak47\ViewModel_AK47_FlameThrower_animated.fbx`
// Export time: Sat Jun 05 16:32:37 2010

ANIMATION
VERSION 3

NUMPARTS 81
PART 0 "tag_ads"
PART 1 "tag_torso"
PART 2 "J_Shoulder_LE"
PART 3 "J_Elbow_LE"
PART 4 "J_WristTwist_LE"
PART 5 "J_Sleave_Reshape_Bottom_LE_1"
PART 6 "J_Sleave_Reshape_Bottom_LE_2"
PART 7 "J_Sleave_Reshape_Top_LE_1"
PART 8 "J_Sleave_Reshape_Top_LE_2"
PART 9 "J_Sleave_Reshape_Top_LE_3"
PART 10 "J_Wrist_LE"
PART 11 "J_Thumb_LE_0"
PART 12 "J_Thumb_LE_1"
PART 13 "J_Thumb_LE_2"
PART 14 "J_Thumb_LE_3"
PART 15 "J_PinkyPalm_LE"
PART 16 "J_Pinky_LE_0"
PART 17 "J_Pinky_LE_1"
PART 18 "J_Pinky_LE_2"
PART 19 "J_Pinky_LE_3"
PART 20 "J_RingPalm_LE"
PART 21 "J_Ring_LE_0"
PART 22 "J_Ring_LE_1"
PART 23 "J_Ring_LE_2"
PART 24 "J_Ring_LE_3"
PART 25 "J_Webbing_LE"
PART 26 "J_Index_LE_0"
PART 27 "J_Index_LE_1"
PART 28 "J_Index_LE_2"
PART 29 "J_Index_LE_3"
PART 30 "J_Mid_LE_0"
PART 31 "J_Mid_LE_1"
PART 32 "J_Mid_LE_2"
PART 33 "J_Mid_LE_3"
PART 34 "tag_knife_attach"
PART 35 "tag_weapon"
PART 36 "J_Gun"
PART 37 "J_bolt"
PART 38 "TAG_CLIP"
PART 39 "TAG_FLASH"
PART 40 "tag_flame_unit"
PART 41 "tag_flamer_big_nozel"
PART 42 "tag_flamer_bracket"
PART 43 "tag_flamer_bottle"
PART 44 "tag_flamer_button"
PART 45 "tag_flamer_ring"
PART 46 "tag_flamer_flame"
PART 47 "tag_flamer_pilot_light"
PART 48 "J_Shoulder_RI"
PART 49 "J_Elbow_RI"
PART 50 "J_WristTwist_RI"
PART 51 "J_Sleave_Reshape_Top_RI_3"
PART 52 "J_Sleave_Reshape_Top_RI_2"
PART 53 "J_Sleave_Reshape_Top_RI_1"
PART 54 "J_Wrist_RI"
PART 55 "J_Thumb_RI_0"
PART 56 "J_Thumb_RI_1"
PART 57 "J_Thumb_RI_2"
PART 58 "J_Thumb_RI_3"
PART 59 "J_PinkyPalm_RI"
PART 60 "J_Pinky_RI_0"
PART 61 "J_Pinky_RI_1"
PART 62 "J_Pinky_RI_2"
PART 63 "J_Pinky_RI_3"
PART 64 "J_RingPalm_RI"
PART 65 "J_Ring_RI_0"
PART 66 "J_Ring_RI_1"
PART 67 "J_Ring_RI_2"
PART 68 "J_Ring_RI_3"
PART 69 "J_Webbing_RI"
PART 70 "J_Index_RI_0"
PART 71 "J_Index_RI_1"
PART 72 "J_Index_RI_2"
PART 73 "J_Index_RI_3"
PART 74 "J_Mid_RI_0"
PART 75 "J_Mid_RI_1"
PART 76 "J_Mid_RI_2"
PART 77 "J_Mid_RI_3"
PART 78 "tag_cambone"
PART 79 "tag_camera"
PART 80 "tag_gasmask"

FRAMERATE 30
NUMFRAMES 20

FRAME 1060
PART 0
OFFSET -4.6318 -0.0000 -1.3770
X  1.0000 -0.0000  0.0000
Y  0.0000  1.0000  0.0000
Z  0.0000 -0.0000  1.0000

PART 1
OFFSET -4.6318 -0.0000 -1.3770
X  1.0000 -0.0000  0.0000
Y  0.0000  1.0000  0.0000
Z  0.0000 -0.0000  1.0000

PART 2
OFFSET -3.5060  6.3408 -6.7125
X  0.8438 -0.1688 -0.5094
Y -0.0883 -0.9800  0.1785
Z -0.5293 -0.1056 -0.8418

PART 3
OFFSET  6.6991  4.2989 -12.8728
X  0.7239 -0.4419  0.5298
Y -0.5969 -0.0163  0.8021
Z -0.3458 -0.8969 -0.2756

PART 4
OFFSET  12.8565  0.5405 -8.3669
X  0.7239 -0.4419  0.5298
Y -0.6852 -0.3718  0.6263
Z -0.0798 -0.8164 -0.5719

PART 5
OFFSET  14.9496  1.5310 -7.7654
X  0.7284 -0.4394  0.5257
Y  0.3524  0.8983  0.2625
Z -0.5876 -0.0060  0.8091

PART 6
OFFSET  14.0876 -0.5421 -9.0380
X  0.7284 -0.4394  0.5257
Y  0.3524  0.8983  0.2625
Z -0.5876 -0.0060  0.8091

PART 7
OFFSET  13.8674  0.9240 -5.8041
X  0.7284 -0.4394  0.5257
Y  0.3524  0.8983  0.2625
Z -0.5876 -0.0060  0.8091

PART 8
OFFSET  13.0012 -0.6432 -6.1127
X  0.7284 -0.4394  0.5257
Y  0.3524  0.8983  0.2625
Z -0.5876 -0.0060  0.8091

PART 9
OFFSET  12.6473 -1.4957 -7.0601
X  0.7284 -0.4394  0.5257
Y  0.3524  0.8983  0.2625
Z -0.5876 -0.0060  0.8091

PART 10
OFFSET  15.0758 -0.8142 -6.7428
X  0.9835 -0.0290  0.1785
Y -0.1737 -0.4255  0.8881
Z  0.0502 -0.9045 -0.4235

PART 11
OFFSET  15.3712 -1.6092 -5.9793
X  0.7049 -0.6665  0.2427
Y -0.4526 -0.1591  0.8774
Z -0.5462 -0.7283 -0.4138

PART 12
OFFSET  16.8167 -3.1039 -5.3910
X  0.9374 -0.0231 -0.3476
Y  0.2354 -0.6933  0.6811
Z -0.2567 -0.7203 -0.6444

PART 13
OFFSET  18.2872 -3.1806 -6.0650
X  0.2169  0.4142 -0.8840
Y  0.8782 -0.4783 -0.0086
Z -0.4263 -0.7744 -0.4675

PART 14
OFFSET  18.5172 -2.7763 -7.0424
X  0.6150  0.7046 -0.3540
Y -0.0642  0.4922  0.8681
Z  0.7859 -0.5111  0.3479

PART 15
OFFSET  16.1042 -0.5660 -7.6284
X  0.9471  0.0726 -0.3126
Y -0.0019 -0.9728 -0.2318
Z -0.3209  0.2202 -0.9212

PART 16
OFFSET  18.2787 -0.5541 -8.2250
X  0.4735 -0.8636 -0.1731
Y -0.8132 -0.5042  0.2907
Z -0.3383  0.0031 -0.9410

PART 17
OFFSET  18.9492 -1.7768 -8.4700
X -0.7891 -0.5568  0.2593
Y -0.5393  0.8302  0.1416
Z -0.2941 -0.0281 -0.9554

PART 18
OFFSET  18.2495 -2.2705 -8.2402
X -0.9447 -0.0752  0.3192
Y -0.0608  0.9966  0.0548
Z -0.3223  0.0324 -0.9461

PART 19
OFFSET  17.3520 -2.3420 -7.9369
X  0.8073 -0.5728 -0.1418
Y  0.5213  0.8049 -0.2836
Z  0.2765  0.1551  0.9484

PART 20
OFFSET  16.1981 -0.7288 -6.9397
X  0.9896  0.0976 -0.1054
Y  0.0376 -0.8842 -0.4656
Z -0.1387  0.4568 -0.8787

PART 21
OFFSET  18.7631 -0.5525 -7.3247
X  0.4893 -0.8215 -0.2927
Y -0.8066 -0.5539  0.2063
Z -0.3316  0.1351 -0.9337

PART 22
OFFSET  19.5961 -1.9511 -7.8231
X -0.7866 -0.5887  0.1865
Y -0.5335  0.7999  0.2749
Z -0.3110  0.1167 -0.9432

PART 23
OFFSET  18.5060 -2.7670 -7.5646
X -0.8717  0.3626  0.3296
Y  0.3823  0.9240 -0.0055
Z -0.3065  0.1212 -0.9441

PART 24
OFFSET  17.5606 -2.3738 -7.2072
X  0.4808 -0.8189 -0.3133
Y  0.8256  0.5432 -0.1528
Z  0.2953 -0.1852  0.9373

PART 25
OFFSET  17.8588 -2.0639 -5.0094
X  0.9729 -0.1965 -0.1216
Y  0.2310  0.8397  0.4914
Z  0.0055 -0.5062  0.8624

PART 26
OFFSET  18.7585 -0.9119 -5.2201
X  0.8807 -0.2608 -0.3954
Y -0.3721 -0.8975 -0.2368
Z -0.2931  0.3557 -0.8874

PART 27
OFFSET  20.3090 -1.3711 -5.9163
X  0.1991 -0.8372 -0.5094
Y -0.9370 -0.3149  0.1512
Z -0.2870  0.4472 -0.8471

PART 28
OFFSET  20.5686 -2.4160 -6.4841
X -0.5712 -0.8110 -0.1266
Y -0.7715  0.4779  0.4199
Z -0.2800  0.3375 -0.8987

PART 29
OFFSET  19.9233 -3.3320 -6.6271
X  0.8037 -0.0725 -0.5906
Y  0.3465  0.8640  0.3654
Z  0.4838 -0.4983  0.7195

PART 30
OFFSET  18.8510 -0.6095 -6.2786
X  0.5600 -0.7013 -0.4411
Y -0.7344 -0.6666  0.1275
Z -0.3834  0.2526 -0.8884

PART 31
OFFSET  19.9450 -1.9796 -7.1403
X -0.7635 -0.6216  0.1751
Y -0.4896  0.7339  0.4708
Z -0.4212  0.2737 -0.8647

PART 32
OFFSET  18.8298 -2.8875 -6.8844
X -0.8493  0.1850  0.4943
Y  0.3164  0.9281  0.1962
Z -0.4225  0.3230 -0.8468

PART 33
OFFSET  17.8647 -2.6763 -6.3307
X  0.4762 -0.7553 -0.4502
Y  0.7551  0.6136 -0.2307
Z  0.4505 -0.2301  0.8626

PART 34
OFFSET  17.9124 -2.0419 -7.3829
X -0.1869  0.4080 -0.8936
Y -0.0502  0.9045  0.4235
Z  0.9811  0.1240 -0.1485

PART 35
OFFSET  8.3599 -2.5687 -5.1035
X  0.9910  0.0000  0.1335
Y -0.0271  0.9791  0.2014
Z -0.1307 -0.2032  0.9704

PART 36
OFFSET  8.3599 -2.5687 -5.1035
X  0.9910  0.0000  0.1335
Y -0.0271  0.9791  0.2014
Z -0.1307 -0.2032  0.9704

PART 37
OFFSET  13.3125 -3.3236 -2.1650
X  0.9882 -0.0042  0.1533
Y -0.0271  0.9791  0.2014
Z -0.1509 -0.2032  0.9674

PART 38
OFFSET  12.4971 -2.6107 -4.2674
X  0.9910  0.0000  0.1335
Y -0.0271  0.9791  0.2014
Z -0.1307 -0.2032  0.9704

PART 39
OFFSET  34.9381 -2.1248 -3.1023
X  0.9910  0.0000  0.1335
Y -0.0271  0.9791  0.2014
Z -0.1307 -0.2032  0.9704

PART 40
OFFSET  7.9163 -2.1028 -7.4283
X  0.9910  0.0000  0.1335
Y -0.0271  0.9791  0.2014
Z -0.1307 -0.2032  0.9704

PART 41
OFFSET  33.9837 -2.0928 -3.2594
X -0.0271  0.9791  0.2014
Y -0.9910 -0.0000 -0.1335
Z -0.1307 -0.2032  0.9704

PART 42
OFFSET  22.2671 -2.6596 -4.5420
X -0.4993 -0.1878  0.8458
Y -0.8660  0.0776 -0.4940
Z  0.0271 -0.9791 -0.2014

PART 43
OFFSET  22.2671 -2.6596 -4.5420
X -0.0271  0.9791  0.2014
Y -0.9910  0.0000 -0.1335
Z -0.1307 -0.2032  0.9704

PART 44
OFFSET  21.9202 -2.2769 -5.0099
X -0.0271  0.9791  0.2014
Y -0.9910 -0.0000 -0.1335
Z -0.1307 -0.2032  0.9704

PART 45
OFFSET  21.8822 -0.9062 -4.7280
X  0.0455  0.9401 -0.3379
Y -0.9910  0.0000 -0.1335
Z -0.1255  0.3410  0.9317

PART 46
OFFSET  31.6738 -2.1381 -3.3932
X  0.9910  0.0000  0.1335
Y -0.0271  0.9791  0.2014
Z -0.1307 -0.2032  0.9704

PART 47
OFFSET  31.0596 -0.6176 -3.9551
X  0.7493 -0.5249  0.4039
Y  0.6569  0.6665 -0.3525
Z -0.0842  0.5294  0.8442

PART 48
OFFSET -17.6076 -4.8127 -7.0611
X -0.8904  0.0423  0.4533
Y -0.1779 -0.9488 -0.2608
Z  0.4191 -0.3129  0.8523

PART 49
OFFSET -6.8397 -5.3245 -12.5431
X -0.9306 -0.1312 -0.3417
Y  0.3609 -0.1748 -0.9161
Z  0.0604 -0.9758  0.2100

PART 50
OFFSET  1.0757 -4.2090 -9.6371
X -0.9306 -0.1312 -0.3417
Y  0.3464 -0.0142 -0.9380
Z  0.1182 -0.9913  0.0587

PART 51
OFFSET  2.0964 -2.7332 -8.7738
X -0.9329 -0.1272 -0.3369
Y -0.0629  0.9787 -0.1954
Z  0.3546 -0.1611 -0.9211

PART 52
OFFSET  2.1630 -3.2054 -7.6512
X -0.9329 -0.1272 -0.3369
Y -0.0629  0.9787 -0.1954
Z  0.3546 -0.1611 -0.9211

PART 53
OFFSET  2.3886 -4.5424 -7.4633
X -0.9329 -0.1272 -0.3369
Y -0.0629  0.9787 -0.1954
Z  0.3546 -0.1611 -0.9211

PART 54
OFFSET  3.9287 -3.8069 -8.5896
X -0.9079 -0.0856 -0.4103
Y  0.4104  0.0177 -0.9117
Z  0.0853 -0.9962  0.0191

PART 55
OFFSET  3.9061 -3.3765 -7.5331
X -0.4052 -0.5545 -0.7269
Y  0.6709  0.3598 -0.6484
Z  0.6211 -0.7504  0.2262

PART 56
OFFSET  4.6790 -2.1741 -5.9123
X -0.9183 -0.3923  0.0540
Y  0.0671 -0.2885 -0.9551
Z  0.3902 -0.8734  0.2913

PART 57
OFFSET  6.1217 -1.4602 -6.0890
X -0.6387 -0.1928  0.7449
Y -0.5768 -0.5207 -0.6294
Z  0.5092 -0.8317  0.2214

PART 58
OFFSET  6.7989 -1.2048 -6.8940
X -0.9175  0.2846  0.2780
Y  0.1547  0.8989 -0.4099
Z -0.3665 -0.3331 -0.8687

PART 59
OFFSET  5.1192 -3.5143 -9.2226
X -0.9485 -0.3133  0.0466
Y  0.3158 -0.9468  0.0623
Z  0.0246  0.0738  0.9970

PART 60
OFFSET  7.2152 -2.6836 -9.1898
X -0.0874 -0.9851 -0.1480
Y  0.9807 -0.0590 -0.1865
Z  0.1750 -0.1615  0.9712

PART 61
OFFSET  7.3390 -1.2889 -8.9802
X  0.8095 -0.5364 -0.2387
Y  0.5685  0.8176  0.0910
Z  0.1463 -0.2093  0.9668

PART 62
OFFSET  6.6212 -0.8133 -8.7686
X  0.9278  0.3553 -0.1139
Y -0.3286  0.9227  0.2014
Z  0.1767 -0.1495  0.9729

PART 63
OFFSET  5.7398 -1.1509 -8.6604
X -0.5289 -0.8294 -0.1800
Y -0.8228  0.4491  0.3483
Z -0.2080  0.3323 -0.9199

PART 64
OFFSET  5.0580 -3.6463 -8.5237
X -0.9588 -0.2467 -0.1408
Y  0.2368 -0.9680  0.0836
Z -0.1569  0.0468  0.9865

PART 65
OFFSET  7.5750 -3.0343 -8.3029
X -0.1291 -0.9910 -0.0365
Y  0.9745 -0.1199 -0.1896
Z  0.1835 -0.0601  0.9812

PART 66
OFFSET  7.7948 -1.3472 -8.2407
X  0.9149 -0.3555 -0.1910
Y  0.3652  0.9308  0.0170
Z  0.1718 -0.0853  0.9814

PART 67
OFFSET  6.5268 -0.8545 -7.9759
X  0.8513  0.5150 -0.1000
Y -0.4977  0.8531  0.1566
Z  0.1660 -0.0835  0.9826

PART 68
OFFSET  5.6034 -1.4130 -7.8674
X -0.4051 -0.9134  0.0408
Y -0.9023  0.4066  0.1432
Z -0.1474  0.0212 -0.9888

PART 69
OFFSET -0.1513 -4.7120 -9.5161
X -0.9099 -0.3609 -0.2044
Y -0.3293  0.9282 -0.1731
Z  0.2522 -0.0902 -0.9635

PART 70
OFFSET  7.1886 -3.8570 -6.2961
X -0.9568  0.0178 -0.2903
Y  0.0117 -0.9950 -0.0996
Z -0.2906 -0.0987  0.9517

PART 71
OFFSET  8.8732 -3.8884 -5.7849
X -0.3497 -0.9250 -0.1482
Y  0.8920 -0.3772  0.2493
Z -0.2865 -0.0450  0.9570

PART 72
OFFSET  9.2809 -2.7665 -5.5466
X  0.0632 -0.9927 -0.1029
Y  0.9543  0.0299  0.2973
Z -0.2921 -0.1170  0.9492

PART 73
OFFSET  9.2095 -1.6453 -5.4304
X -0.9642  0.2632  0.0321
Y  0.2647  0.9625  0.0592
Z -0.0153  0.0656 -0.9977

PART 74
OFFSET  7.5217 -3.6683 -7.3324
X -0.2629 -0.9647 -0.0159
Y  0.9648 -0.2631  0.0065
Z -0.0105 -0.0136  0.9999

PART 75
OFFSET  8.0354 -1.7837 -7.3014
X  0.8367 -0.5477 -0.0029
Y  0.5475  0.8364 -0.0256
Z  0.0165  0.0198  0.9997

PART 76
OFFSET  6.8133 -0.9837 -7.2971
X  0.9004  0.4315 -0.0546
Y -0.4344  0.8987 -0.0605
Z  0.0230  0.0782  0.9967

PART 77
OFFSET  5.7931 -1.4724 -7.2423
X -0.4145 -0.9099  0.0168
Y -0.9078  0.4147  0.0632
Z -0.0645  0.0109 -0.9979

PART 78
OFFSET  0.0000 -0.0000 -0.0000
X  1.0000 -0.0000  0.0000
Y  0.0000  1.0000  0.0000
Z  0.0000 -0.0000  1.0000

PART 79
OFFSET  0.0000 -0.0000 -0.0000
X  1.0000 -0.0000  0.0000
Y  0.0000  1.0000  0.0000
Z  0.0000 -0.0000  1.0000

PART 80
OFFSET  1.5404 -0.0000  4.1357
X  1.0000 -0.0000  0.0000
Y  0.0000  1.0000  0.0000
Z  0.0000 -0.0000  1.0000


FRAME 1061
PART 0
OFFSET -4.6318 -0.0000 -1.3770
X  1.0000 -0.0000  0.0000
Y  0.0000  1.0000  0.0000
Z  0.0000 -0.0000  1.0000

PART 1
OFFSET -4.6318 -0.0000 -1.3770
X  1.0000 -0.0000  0.0000
Y  0.0000  1.0000  0.0000
Z  0.0000 -0.0000  1.0000

PART 2
OFFSET -3.5060  6.3408 -6.7125
X  0.8318 -0.1556 -0.5328
Y -0.0886 -0.9848  0.1493
Z -0.5479 -0.0770 -0.8330

PART 3
OFFSET  6.5542  4.4593 -13.1558
X  0.7029 -0.4624  0.5405
Y -0.6161 -0.0160  0.7875
Z -0.3555 -0.8865 -0.2961

PART 4
OFFSET  12.5322  0.5264 -8.5582
X  0.7029 -0.4624  0.5405
Y -0.7056 -0.3571  0.6120
Z -0.0900 -0.8116 -0.5772

PART 5
OFFSET  14.6281  1.4696 -7.8935
X  0.7074 -0.4599  0.5367
Y  0.3624  0.8879  0.2833
Z -0.6068 -0.0059  0.7948

PART 6
OFFSET  13.7590 -0.5697 -9.2149
X  0.7074 -0.4599  0.5367
Y  0.3624  0.8879  0.2833
Z -0.6068 -0.0059  0.7948

PART 7
OFFSET  13.4884  0.8565 -5.9670
X  0.7074 -0.4599  0.5367
Y  0.3624  0.8879  0.2833
Z -0.6068 -0.0059  0.7948

PART 8
OFFSET  12.6012 -0.6900 -6.3179
X  0.7074 -0.4599  0.5367
Y  0.3624  0.8879  0.2833
Z -0.6068 -0.0059  0.7948

PART 9
OFFSET  12.2546 -1.5229 -7.2851
X  0.7074 -0.4599  0.5367
Y  0.3624  0.8879  0.2833
Z -0.6068 -0.0059  0.7948

PART 10
OFFSET  14.6869 -0.8911 -6.9010
X  0.9860 -0.0242  0.1651
Y -0.1601 -0.4161  0.8951
Z  0.0470 -0.9090 -0.4141

PART 11
OFFSET  14.9953 -1.6768 -6.1330
X  0.7102 -0.6618  0.2401
Y -0.4398 -0.1507  0.8854
Z -0.5497 -0.7344 -0.3981

PART 12
OFFSET  16.4534 -3.1607 -5.5486
X  0.9325 -0.0243 -0.3605
Y  0.2471 -0.6850  0.6853
Z -0.2636 -0.7281 -0.6328

PART 13
OFFSET  17.9144 -3.2406 -6.2422
X  0.2029  0.4052 -0.8914
Y  0.8795 -0.4757 -0.0160
Z -0.4305 -0.7808 -0.4529

PART 14
OFFSET  18.1291 -2.8463 -7.2272
X  0.6076  0.7026 -0.3704
Y -0.0533  0.5014  0.8635
Z  0.7925 -0.5049  0.3421

PART 15
OFFSET  15.7022 -0.6498 -7.8035
X  0.9424  0.0719 -0.3265
Y -0.0022 -0.9753 -0.2210
Z -0.3344  0.2089 -0.9190

PART 16
OFFSET  17.8681 -0.6383 -8.4304
X  0.4736 -0.8642 -0.1701
Y -0.8076 -0.5031  0.3076
Z -0.3514 -0.0083 -0.9362

PART 17
OFFSET  18.5386 -1.8618 -8.6712
X -0.7840 -0.5559  0.2764
Y -0.5394  0.8303  0.1398
Z -0.3072 -0.0395 -0.9508

PART 18
OFFSET  17.8436 -2.3546 -8.4261
X -0.9400 -0.0740  0.3332
Y -0.0627  0.9970  0.0445
Z -0.3355  0.0210 -0.9418

PART 19
OFFSET  16.9506 -2.4249 -8.1096
X  0.8068 -0.5723 -0.1466
Y  0.5151  0.8030 -0.2998
Z  0.2893  0.1664  0.9427

PART 20
OFFSET  15.8061 -0.8047 -7.1145
X  0.9878  0.0993 -0.1203
Y  0.0338 -0.8892 -0.4563
Z -0.1523  0.4466 -0.8817

PART 21
OFFSET  18.3649 -0.6252 -7.5371
X  0.4875 -0.8234 -0.2904
Y -0.8021 -0.5538  0.2237
Z -0.3450  0.1238 -0.9304

PART 22
OFFSET  19.1949 -2.0271 -8.0315
X -0.7823 -0.5885  0.2040
Y -0.5317  0.8016  0.2733
Z -0.3244  0.1053 -0.9400

PART 23
OFFSET  18.1107 -2.8427 -7.7487
X -0.8680  0.3642  0.3376
Y  0.3798  0.9248 -0.0212
Z -0.3200  0.1098 -0.9410

PART 24
OFFSET  17.1694 -2.4478 -7.3825
X  0.4785 -0.8213 -0.3108
Y  0.8220  0.5434 -0.1704
Z  0.3089 -0.1739  0.9351

PART 25
OFFSET  17.4975 -2.1135 -5.1929
X  0.9717 -0.1950 -0.1330
Y  0.2353  0.8458  0.4789
Z  0.0191 -0.4966  0.8678

PART 26
OFFSET  18.3907 -0.9613 -5.4288
X  0.8759 -0.2626 -0.4048
Y -0.3727 -0.9011 -0.2217
Z -0.3065  0.3450 -0.8871

PART 27
OFFSET  19.9328 -1.4237 -6.1415
X  0.1946 -0.8422 -0.5029
Y -0.9339 -0.3159  0.1677
Z -0.3001  0.4370 -0.8479

PART 28
OFFSET  20.1876 -2.4741 -6.7013
X -0.5705 -0.8140 -0.1096
Y -0.7671  0.4803  0.4253
Z -0.2936  0.3267 -0.8984

PART 29
OFFSET  19.5432 -3.3935 -6.8251
X  0.7956 -0.0767 -0.6010
Y  0.3489  0.8690  0.3509
Z  0.4953 -0.4888  0.7181

PART 30
OFFSET  18.4676 -0.6704 -6.4918
X  0.5558 -0.7046 -0.4411
Y -0.7306 -0.6672  0.1451
Z -0.3965  0.2416 -0.8857

PART 31
OFFSET  19.5534 -2.0469 -7.3534
X -0.7593 -0.6216  0.1928
Y -0.4849  0.7379  0.4693
Z -0.4340  0.2628 -0.8617

PART 32
OFFSET  18.4444 -2.9548 -7.0717
X -0.8428  0.1885  0.5042
Y  0.3167  0.9311  0.1812
Z -0.4352  0.3124 -0.8444

PART 33
OFFSET  17.4866 -2.7398 -6.5069
X  0.4718 -0.7592 -0.4484
Y  0.7502  0.6128 -0.2483
Z  0.4632 -0.2192  0.8587

PART 34
OFFSET  17.5181 -2.1176 -7.5670
X -0.2005  0.3975 -0.8954
Y -0.0470  0.9090  0.4141
Z  0.9786  0.1252 -0.1636

PART 35
OFFSET  8.0002 -2.6454 -5.1486
X  0.9928  0.0043  0.1197
Y -0.0272  0.9813  0.1907
Z -0.1166 -0.1926  0.9743

PART 36
OFFSET  8.0002 -2.6454 -5.1486
X  0.9928  0.0043  0.1197
Y -0.0272  0.9813  0.1907
Z -0.1166 -0.1926  0.9743

PART 37
OFFSET  12.9954 -3.3532 -2.2712
X  0.9902  0.0003  0.1395
Y -0.0272  0.9813  0.1907
Z -0.1369 -0.1926  0.9717

PART 38
OFFSET  12.1487 -2.6665 -4.3699
X  0.9928  0.0043  0.1197
Y -0.0272  0.9813  0.1907
Z -0.1166 -0.1926  0.9743

PART 39
OFFSET  34.6023 -2.1051 -3.5234
X  0.9928  0.0043  0.1197
Y -0.0272  0.9813  0.1907
Z -0.1166 -0.1926  0.9743

PART 40
OFFSET  7.5229 -2.2071 -7.4721
X  0.9928  0.0043  0.1197
Y -0.0272  0.9813  0.1907
Z -0.1166 -0.1926  0.9743

PART 41
OFFSET  33.6456 -2.0775 -3.6675
X -0.0272  0.9813  0.1907
Y -0.9928 -0.0043 -0.1197
Z -0.1166 -0.1926  0.9743

PART 42
OFFSET  21.9141 -2.6914 -4.7801
X -0.4869 -0.1796  0.8548
Y -0.8730  0.0696 -0.4827
Z  0.0272 -0.9813 -0.1907

PART 43
OFFSET  21.9141 -2.6914 -4.7801
X -0.0272  0.9813  0.1907
Y -0.9928 -0.0043 -0.1197
Z -0.1166 -0.1926  0.9743

PART 44
OFFSET  21.5596 -2.3150 -5.2474
X -0.0272  0.9813  0.1907
Y -0.9928 -0.0043 -0.1197
Z -0.1166 -0.1926  0.9743

PART 45
OFFSET  21.5215 -0.9412 -4.9805
X  0.0381  0.9363 -0.3491
Y -0.9928 -0.0043 -0.1197
Z -0.1135  0.3512  0.9294

PART 46
OFFSET  31.3343 -2.1307 -3.7686
X  0.9928  0.0043  0.1197
Y -0.0272  0.9813  0.1907
Z -0.1166 -0.1926  0.9743

PART 47
OFFSET  30.7078 -0.6184 -4.3390
X  0.7564 -0.5182  0.3993
Y  0.6500  0.6643 -0.3691
Z -0.0740  0.5387  0.8392

PART 48
OFFSET -17.6076 -4.8127 -7.0611
X -0.8714  0.0526  0.4878
Y -0.2011 -0.9452 -0.2574
Z  0.4475 -0.3224  0.8342

PART 49
OFFSET -7.0691 -5.4489 -12.9601
X -0.9155 -0.1308 -0.3804
Y  0.3985 -0.1656 -0.9021
Z  0.0550 -0.9775  0.2038

PART 50
OFFSET  0.7178 -4.3364 -9.7246
X -0.9155 -0.1308 -0.3804
Y  0.3859 -0.0182 -0.9224
Z  0.1137 -0.9912  0.0671

PART 51
OFFSET  1.6977 -2.8654 -8.8077
X -0.9180 -0.1269 -0.3757
Y -0.0580  0.9802 -0.1892
Z  0.3923 -0.1519 -0.9072

PART 52
OFFSET  1.7201 -3.3473 -7.6874
X -0.9180 -0.1269 -0.3757
Y -0.0580  0.9802 -0.1892
Z  0.3923 -0.1519 -0.9072

PART 53
OFFSET  1.9422 -4.6852 -7.5022
X -0.9180 -0.1269 -0.3757
Y -0.0580  0.9802 -0.1892
Z  0.3923 -0.1519 -0.9072

PART 54
OFFSET  3.5245 -3.9354 -8.5584
X -0.9133 -0.0927 -0.3966
Y  0.3976  0.0085 -0.9175
Z  0.0885 -0.9957  0.0291

PART 55
OFFSET  3.5153 -3.4931 -7.5065
X -0.4136 -0.5638 -0.7149
Y  0.6607  0.3543 -0.6618
Z  0.6264 -0.7460  0.2260

PART 56
OFFSET  4.3071 -2.2703 -5.9104
X -0.9163 -0.3942  0.0712
Y  0.0547 -0.2991 -0.9526
Z  0.3968 -0.8690  0.2956

PART 57
OFFSET  5.7451 -1.5544 -6.1153
X -0.6277 -0.1861  0.7558
Y -0.5840 -0.5294 -0.6154
Z  0.5147 -0.8277  0.2236

PART 58
OFFSET  6.4103 -1.3063 -6.9324
X -0.9143  0.2852  0.2875
Y  0.1463  0.8946 -0.4222
Z -0.3776 -0.3440 -0.8597

PART 59
OFFSET  4.7052 -3.6467 -9.2111
X -0.9469 -0.3153  0.0634
Y  0.3194 -0.9451  0.0686
Z  0.0383  0.0852  0.9956

PART 60
OFFSET  6.7990 -2.8098 -9.2170
X -0.0866 -0.9870 -0.1356
Y  0.9782 -0.0584 -0.1995
Z  0.1890 -0.1499  0.9705

PART 61
OFFSET  6.9216 -1.4125 -9.0249
X  0.8077 -0.5368 -0.2439
Y  0.5674  0.8202  0.0738
Z  0.1604 -0.1979  0.9670

PART 62
OFFSET  6.2055 -0.9366 -8.8087
X  0.9251  0.3566 -0.1308
Y -0.3285  0.9240  0.1956
Z  0.1906 -0.1379  0.9719

PART 63
OFFSET  5.3266 -1.2753 -8.6844
X -0.5289 -0.8328 -0.1633
Y -0.8192  0.4507  0.3546
Z -0.2218  0.3213 -0.9206

PART 64
OFFSET  4.6542 -3.7709 -8.5100
X -0.9599 -0.2509 -0.1246
Y  0.2408 -0.9663  0.0912
Z -0.1433  0.0576  0.9880

PART 65
OFFSET  7.1722 -3.1495 -8.3313
X -0.1267 -0.9917 -0.0235
Y  0.9721 -0.1194 -0.2018
Z  0.1973 -0.0484  0.9791

PART 66
OFFSET  7.3878 -1.4612 -8.2912
X  0.9132 -0.3551 -0.1997
Y  0.3627  0.9319  0.0014
Z  0.1857 -0.0737  0.9798

PART 67
OFFSET  6.1222 -0.9690 -8.0144
X  0.8484  0.5162 -0.1177
Y -0.4979  0.8535  0.1538
Z  0.1799 -0.0719  0.9811

PART 68
OFFSET  5.2021 -1.5288 -7.8867
X -0.4018 -0.9140  0.0568
Y -0.9014  0.4057  0.1512
Z -0.1612  0.0095 -0.9869

PART 69
OFFSET -0.5654 -4.8622 -9.4176
X -0.9116 -0.3658 -0.1876
Y -0.3344  0.9253 -0.1790
Z  0.2391 -0.1004 -0.9658

PART 70
OFFSET  6.8161 -3.9505 -6.3101
X -0.9608  0.0118 -0.2771
Y  0.0133 -0.9960 -0.0885
Z -0.2771 -0.0887  0.9567

PART 71
OFFSET  8.5077 -3.9713 -5.8222
X -0.3491 -0.9276 -0.1328
Y  0.8964 -0.3718  0.2411
Z -0.2730 -0.0349  0.9614

PART 72
OFFSET  8.9155 -2.8457 -5.6023
X  0.0647 -0.9936 -0.0926
Y  0.9583  0.0360  0.2836
Z -0.2785 -0.1071  0.9545

PART 73
OFFSET  8.8424 -1.7234 -5.4977
X -0.9644  0.2609  0.0426
Y  0.2627  0.9638  0.0446
Z -0.0294  0.0542 -0.9981

PART 74
OFFSET  7.1342 -3.7726 -7.3530
X -0.2603 -0.9655 -0.0013
Y  0.9655 -0.2603 -0.0039
Z  0.0035 -0.0023  1.0000

PART 75
OFFSET  7.6427 -1.8864 -7.3504
X  0.8381 -0.5454 -0.0084
Y  0.5446  0.8376 -0.0427
Z  0.0303  0.0312  0.9991

PART 76
OFFSET  6.4185 -1.0897 -7.3382
X  0.8983  0.4334 -0.0720
Y -0.4378  0.8967 -0.0646
Z  0.0366  0.0896  0.9953

PART 77
OFFSET  5.4006 -1.5806 -7.2637
X -0.4115 -0.9108  0.0329
Y -0.9080  0.4128  0.0711
Z -0.0784 -0.0006 -0.9969

PART 78
OFFSET  0.0000 -0.0000 -0.0000
X  1.0000 -0.0000  0.0000
Y  0.0000  1.0000  0.0000
Z  0.0000 -0.0000  1.0000

PART 79
OFFSET  0.0000 -0.0000 -0.0000
X  1.0000 -0.0000  0.0000
Y  0.0000  1.0000  0.0000
Z  0.0000 -0.0000  1.0000

PART 80
OFFSET  1.5404 -0.0000  4.1357
X  1.0000 -0.0000  0.0000
Y  0.0000  1.0000  0.0000
Z  0.0000 -0.0000  1.0000


FRAME 1062
PART 0
OFFSET -4.6318 -0.0000 -1.3770
X  1.0000 -0.0000  0.0000
Y  0.0000  1.0000  0.0000
Z  0.0000 -0.0000  1.0000

PART 1
OFFSET -4.6318 -0.0000 -1.3770
X  1.0000 -0.0000  0.0000
Y  0.0000  1.0000  0.0000
Z  0.0000 -0.0000  1.0000

PART 2
OFFSET -3.5060  6.3408 -6.7125
X  0.8086 -0.1257 -0.5748
Y -0.0921 -0.9919  0.0873
Z -0.5811 -0.0176 -0.8136

PART 3
OFFSET  6.2732  4.8209 -13.6637
X  0.6566 -0.5061  0.5592
Y -0.6542 -0.0130  0.7562
Z -0.3755 -0.8624 -0.3396

PART 4
OFFSET  11.8577  0.5162 -8.9071
X  0.6566 -0.5061  0.5592
Y -0.7463 -0.3285  0.5789
Z -0.1093 -0.7975 -0.5934

PART 5
OFFSET  13.9543  1.3531 -8.1146
X  0.6614 -0.5037  0.5557
Y  0.3830  0.8639  0.3272
Z -0.6448 -0.0036  0.7643

PART 6
OFFSET  13.0708 -0.6104 -9.5375
X  0.6614 -0.5037  0.5557
Y  0.3830  0.8639  0.3272
Z -0.6448 -0.0036  0.7643

PART 7
OFFSET  12.6980  0.7328 -6.2644
X  0.6614 -0.5037  0.5557
Y  0.3830  0.8639  0.3272
Z -0.6448 -0.0036  0.7643

PART 8
OFFSET  11.7684 -0.7653 -6.7041
X  0.6614 -0.5037  0.5557
Y  0.3830  0.8639  0.3272
Z -0.6448 -0.0036  0.7643

PART 9
OFFSET  11.4369 -1.5554 -7.7117
X  0.6614 -0.5037  0.5557
Y  0.3830  0.8639  0.3272
Z -0.6448 -0.0036  0.7643

PART 10
OFFSET  13.8706 -1.0354 -7.1927
X  0.9900 -0.0152  0.1401
Y -0.1345 -0.3979  0.9075
Z  0.0419 -0.9173 -0.3960

PART 11
OFFSET  14.2033 -1.8029 -6.4165
X  0.7201 -0.6527  0.2355
Y -0.4159 -0.1344  0.8994
Z -0.5554 -0.7456 -0.3682

PART 12
OFFSET  15.6849 -3.2662 -5.8390
X  0.9230 -0.0267 -0.3839
Y  0.2688 -0.6690  0.6929
Z -0.2754 -0.7427 -0.6103

PART 13
OFFSET  17.1280 -3.3526 -6.5684
X  0.1772  0.3875 -0.9047
Y  0.8817 -0.4709 -0.0290
Z -0.4373 -0.7925 -0.4251

PART 14
OFFSET  17.3146 -2.9778 -7.5667
X  0.5934  0.6981 -0.4007
Y -0.0340  0.5192  0.8540
Z  0.8042 -0.4931  0.3318

PART 15
OFFSET  14.8608 -0.8076 -8.1259
X  0.9333  0.0702 -0.3522
Y -0.0019 -0.9797 -0.2003
Z -0.3591  0.1876 -0.9143

PART 16
OFFSET  17.0099 -0.7974 -8.8085
X  0.4742 -0.8650 -0.1640
Y -0.7964 -0.5009  0.3388
Z -0.3752 -0.0301 -0.9264

PART 17
OFFSET  17.6813 -2.0220 -9.0408
X -0.7734 -0.5540  0.3082
Y -0.5405  0.8303  0.1361
Z -0.3313 -0.0613 -0.9415

PART 18
OFFSET  16.9956 -2.5132 -8.7675
X -0.9307 -0.0718  0.3588
Y -0.0673  0.9974  0.0251
Z -0.3597 -0.0008 -0.9331

PART 19
OFFSET  16.1115 -2.5814 -8.4266
X  0.8061 -0.5711 -0.1552
Y  0.5026  0.7991 -0.3299
Z  0.3124  0.1879  0.9312

PART 20
OFFSET  14.9833 -0.9473 -7.4367
X  0.9837  0.1022 -0.1478
Y  0.0275 -0.8984 -0.4382
Z -0.1776  0.4271 -0.8866

PART 21
OFFSET  17.5293 -0.7627 -7.9288
X  0.4848 -0.8267 -0.2855
Y -0.7927 -0.5532  0.2559
Z -0.3695  0.1022 -0.9236

PART 22
OFFSET  18.3547 -2.1702 -8.4148
X -0.7734 -0.5882  0.2365
Y -0.5292  0.8044  0.2700
Z -0.3491  0.0836 -0.9334

PART 23
OFFSET  17.2829 -2.9853 -8.0870
X -0.8611  0.3667  0.3522
Y  0.3738  0.9261 -0.0505
Z -0.3447  0.0881 -0.9346

PART 24
OFFSET  16.3490 -2.5876 -7.7051
X  0.4750 -0.8252 -0.3057
Y  0.8142  0.5439 -0.2030
Z  0.3338 -0.1524  0.9302

PART 25
OFFSET  16.7314 -2.2058 -5.5322
X  0.9692 -0.1924 -0.1539
Y  0.2424  0.8570  0.4548
Z  0.0443 -0.4780  0.8772

PART 26
OFFSET  17.6112 -1.0540 -5.8153
X  0.8668 -0.2663 -0.4216
Y -0.3728 -0.9076 -0.1930
Z -0.3313  0.3245 -0.8860

PART 27
OFFSET  19.1373 -1.5228 -6.5577
X  0.1867 -0.8515 -0.4899
Y -0.9273 -0.3174  0.1983
Z -0.3244  0.4173 -0.8489

PART 28
OFFSET  19.3840 -2.5834 -7.1017
X -0.5682 -0.8192 -0.0778
Y -0.7588  0.4850  0.4348
Z -0.3185  0.3060 -0.8972

PART 29
OFFSET  18.7422 -3.5087 -7.1895
X  0.7803 -0.0850 -0.6196
Y  0.3525  0.8781  0.3235
Z  0.5165 -0.4708  0.7152

PART 30
OFFSET  17.6591 -0.7852 -6.8858
X  0.5485 -0.7108 -0.4404
Y -0.7227 -0.6679  0.1779
Z -0.4206  0.2206 -0.8800

PART 31
OFFSET  18.7306 -2.1737 -7.7460
X -0.7504 -0.6213  0.2255
Y -0.4770  0.7452  0.4661
Z -0.4576  0.2422 -0.8555

PART 32
OFFSET  17.6346 -3.0813 -7.4167
X -0.8306  0.1948  0.5217
Y  0.3159  0.9363  0.1533
Z -0.4586  0.2921 -0.8392

PART 33
OFFSET  16.6904 -2.8593 -6.8318
X  0.4645 -0.7661 -0.4443
Y  0.7400  0.6113 -0.2805
Z  0.4865 -0.1985  0.8508

PART 34
OFFSET  16.6911 -2.2601 -7.9055
X -0.2258  0.3774 -0.8981
Y -0.0419  0.9173  0.3960
Z  0.9733  0.1271 -0.1913

PART 35
OFFSET  7.2420 -2.7883 -5.2317
X  0.9955  0.0122  0.0939
Y -0.0282  0.9850  0.1705
Z -0.0904 -0.1724  0.9809

PART 36
OFFSET  7.2420 -2.7883 -5.2317
X  0.9955  0.0122  0.0939
Y -0.0282  0.9850  0.1705
Z -0.0904 -0.1724  0.9809

PART 37
OFFSET  12.3137 -3.4073 -2.4697
X  0.9935  0.0087  0.1139
Y -0.0282  0.9850  0.1705
Z -0.1107 -0.1726  0.9787

PART 38
OFFSET  11.4093 -2.7701 -4.5600
X  0.9955  0.0122  0.0939
Y -0.0282  0.9850  0.1705
Z -0.0904 -0.1724  0.9809

PART 39
OFFSET  33.8734 -2.0685 -4.3051
X  0.9955  0.0122  0.0939
Y -0.0282  0.9850  0.1705
Z -0.0904 -0.1724  0.9809

PART 40
OFFSET  6.7027 -2.4022 -7.5509
X  0.9955  0.0122  0.0939
Y -0.0282  0.9850  0.1705
Z -0.0904 -0.1724  0.9809

PART 41
OFFSET  32.9132 -2.0492 -4.4250
X -0.0282  0.9850  0.1705
Y -0.9955 -0.0122 -0.0939
Z -0.0904 -0.1724  0.9809

PART 42
OFFSET  21.1609 -2.7505 -5.2214
X -0.4637 -0.1640  0.8707
Y -0.8855  0.0545 -0.4614
Z  0.0282 -0.9850 -0.1705

PART 43
OFFSET  21.1609 -2.7505 -5.2214
X -0.0282  0.9850  0.1705
Y -0.9955 -0.0122 -0.0939
Z -0.0904 -0.1724  0.9809

PART 44
OFFSET  20.7922 -2.3861 -5.6872
X -0.0282  0.9850  0.1705
Y -0.9955 -0.0122 -0.0939
Z -0.0904 -0.1724  0.9809

PART 45
OFFSET  20.7528 -1.0072 -5.4485
X  0.0235  0.9288 -0.3697
Y -0.9955 -0.0122 -0.0939
Z -0.0917  0.3703  0.9244

PART 46
OFFSET  30.6004 -2.1171 -4.4652
X  0.9955  0.0122  0.0939
Y -0.0282  0.9850  0.1705
Z -0.0904 -0.1724  0.9809

PART 47
OFFSET  29.9504 -0.6208 -5.0512
X  0.7694 -0.5054  0.3905
Y  0.6363  0.6598 -0.3998
Z -0.0556  0.5561  0.8293

PART 48
OFFSET -17.6076 -4.8127 -7.0611
X -0.8326  0.0697  0.5494
Y -0.2432 -0.9373 -0.2498
Z  0.4975 -0.3416  0.7974

PART 49
OFFSET -7.5377 -5.6552 -13.7056
X -0.8837 -0.1279 -0.4502
Y  0.4659 -0.1493 -0.8722
Z  0.0444 -0.9805  0.1916

PART 50
OFFSET -0.0211 -4.5672 -9.8769
X -0.8837 -0.1279 -0.4502
Y  0.4565 -0.0235 -0.8894
Z  0.1032 -0.9915  0.0792

PART 51
OFFSET  0.8800 -3.1078 -8.8654
X -0.8866 -0.1241 -0.4456
Y -0.0485  0.9830 -0.1772
Z  0.4600 -0.1355 -0.8775

PART 52
OFFSET  0.8207 -3.6079 -7.7545
X -0.8866 -0.1241 -0.4456
Y -0.0485  0.9830 -0.1772
Z  0.4600 -0.1355 -0.8775

PART 53
OFFSET  1.0348 -4.9479 -7.5747
X -0.8866 -0.1241 -0.4456
Y -0.0485  0.9830 -0.1772
Z  0.4600 -0.1355 -0.8775

PART 54
OFFSET  2.6882 -4.1750 -8.4969
X -0.9226 -0.1061 -0.3709
Y  0.3739 -0.0089 -0.9274
Z  0.0951 -0.9943  0.0479

PART 55
OFFSET  2.7034 -3.7104 -7.4547
X -0.4285 -0.5812 -0.6919
Y  0.6414  0.3437 -0.6859
Z  0.6364 -0.7376  0.2255

PART 56
OFFSET  3.5286 -2.4495 -5.9058
X -0.9118 -0.3976  0.1031
Y  0.0320 -0.3191 -0.9472
Z  0.4095 -0.8603  0.3036

PART 57
OFFSET  4.9565 -1.7304 -6.1628
X -0.6070 -0.1734  0.7756
Y -0.5964 -0.5456 -0.5888
Z  0.5252 -0.8199  0.2278

PART 58
OFFSET  5.5990 -1.4961 -7.0019
X -0.9083  0.2863  0.3049
Y  0.1301  0.8862 -0.4447
Z -0.3975 -0.3642 -0.8422

PART 59
OFFSET  3.8500 -3.8938 -9.1858
X -0.9430 -0.3191  0.0945
Y  0.3267 -0.9417  0.0803
Z  0.0633  0.1066  0.9923

PART 60
OFFSET  5.9379 -3.0458 -9.2634
X -0.0841 -0.9901 -0.1124
Y  0.9730 -0.0573 -0.2234
Z  0.2147 -0.1282  0.9682

PART 61
OFFSET  6.0570 -1.6441 -9.1041
X  0.8044 -0.5375 -0.2532
Y  0.5641  0.8246  0.0418
Z  0.1864 -0.1764  0.9665

PART 62
OFFSET  5.3438 -1.1676 -8.8796
X  0.9192  0.3587 -0.1622
Y -0.3289  0.9262  0.1844
Z  0.2163 -0.1161  0.9694

PART 63
OFFSET  4.4705 -1.5084 -8.7256
X -0.5279 -0.8390 -0.1319
Y -0.8125  0.4537  0.3660
Z -0.2473  0.3004 -0.9212

PART 64
OFFSET  3.8177 -4.0033 -8.4812
X -0.9613 -0.2588 -0.0945
Y  0.2488 -0.9628  0.1054
Z -0.1183  0.0778  0.9899

PART 65
OFFSET  6.3357 -3.3645 -8.3806
X -0.1213 -0.9926  0.0007
Y  0.9673 -0.1184 -0.2242
Z  0.2227 -0.0265  0.9745

PART 66
OFFSET  6.5422 -1.6746 -8.3818
X  0.9099 -0.3543 -0.2157
Y  0.3570  0.9337 -0.0277
Z  0.2112 -0.0518  0.9761

PART 67
OFFSET  5.2811 -1.1835 -8.0829
X  0.8419  0.5182 -0.1504
Y -0.4989  0.8538  0.1485
Z  0.2054 -0.0500  0.9774

PART 68
OFFSET  4.3680 -1.7455 -7.9198
X -0.3947 -0.9147  0.0865
Y -0.8997  0.4039  0.1658
Z -0.1866 -0.0124 -0.9824

PART 69
OFFSET -1.4167 -5.1422 -9.2305
X -0.9139 -0.3746 -0.1563
Y -0.3444  0.9194 -0.1898
Z  0.2148 -0.1196 -0.9693

PART 70
OFFSET  6.0365 -4.1242 -6.3344
X -0.9676  0.0007 -0.2525
Y  0.0170 -0.9976 -0.0677
Z -0.2519 -0.0698  0.9652

PART 71
OFFSET  7.7401 -4.1254 -5.8899
X -0.3468 -0.9321 -0.1041
Y  0.9045 -0.3617  0.2257
Z -0.2481 -0.0159  0.9686

PART 72
OFFSET  8.1466 -2.9932 -5.7045
X  0.0682 -0.9950 -0.0732
Y  0.9650  0.0472  0.2580
Z -0.2532 -0.0882  0.9634

PART 73
OFFSET  8.0696 -1.8693 -5.6218
X -0.9646  0.2565  0.0619
Y  0.2580  0.9660  0.0174
Z -0.0553  0.0328 -0.9979

PART 74
OFFSET  6.3266 -3.9668 -7.3887
X -0.2545 -0.9667  0.0258
Y  0.9666 -0.2551 -0.0233
Z  0.0292  0.0190  0.9994

PART 75
OFFSET  6.8237 -2.0782 -7.4392
X  0.8409 -0.5409 -0.0185
Y  0.5383  0.8395 -0.0744
Z  0.0558  0.0526  0.9971

PART 76
OFFSET  5.5955 -1.2882 -7.4122
X  0.8936  0.4366 -0.1043
Y -0.4447  0.8928 -0.0723
Z  0.0616  0.1110  0.9919

PART 77
OFFSET  4.5827 -1.7829 -7.3011
X -0.4051 -0.9121  0.0628
Y -0.9084  0.4093  0.0858
Z -0.1039 -0.0222 -0.9943

PART 78
OFFSET  0.0000 -0.0000 -0.0000
X  1.0000 -0.0000  0.0000
Y  0.0000  1.0000  0.0000
Z  0.0000 -0.0000  1.0000

PART 79
OFFSET  0.0000 -0.0000 -0.0000
X  1.0000 -0.0000  0.0000
Y  0.0000  1.0000  0.0000
Z  0.0000 -0.0000  1.0000

PART 80
OFFSET  1.5404 -0.0000  4.1357
X  1.0000 -0.0000  0.0000
Y  0.0000  1.0000  0.0000
Z  0.0000 -0.0000  1.0000


FRAME 1063
PART 0
OFFSET -4.6318 -0.0000 -1.3770
X  1.0000 -0.0000  0.0000
Y  0.0000  1.0000  0.0000
Z  0.0000 -0.0000  1.0000

PART 1
OFFSET -4.6318 -0.0000 -1.3770
X  1.0000 -0.0000  0.0000
Y  0.0000  1.0000  0.0000
Z  0.0000 -0.0000  1.0000

PART 2
OFFSET -3.5060  6.3408 -6.7125
X  0.7910 -0.0992 -0.6037
Y -0.0961 -0.9947  0.0374
Z -0.6042  0.0284 -0.7964

PART 3
OFFSET  6.0608  5.1416 -14.0132
X  0.6132 -0.5406  0.5760
Y -0.6866 -0.0041  0.7270
Z -0.3907 -0.8413 -0.3737

PART 4
OFFSET  11.2761  0.5435 -9.1142
X  0.6132 -0.5406  0.5760
Y -0.7813 -0.3076  0.5431
Z -0.1164 -0.7830 -0.6110

PART 5
OFFSET  13.3645  1.2877 -8.2148
X  0.6183 -0.5383  0.5727
Y  0.3988  0.8427  0.3616
Z -0.6773  0.0048  0.7357

PART 6
OFFSET  12.4747 -0.6139 -9.7158
X  0.6183 -0.5383  0.5727
Y  0.3988  0.8427  0.3616
Z -0.6773  0.0048  0.7357

PART 7
OFFSET  12.0074  0.6771 -6.4338
X  0.6183 -0.5383  0.5727
Y  0.3988  0.8427  0.3616
Z -0.6773  0.0048  0.7357

PART 8
OFFSET  11.0453 -0.7772 -6.9448
X  0.6183 -0.5383  0.5727
Y  0.3988  0.8427  0.3616
Z -0.6773  0.0048  0.7357

PART 9
OFFSET  10.7302 -1.5346 -7.9823
X  0.6183 -0.5383  0.5727
Y  0.3988  0.8427  0.3616
Z -0.6773  0.0048  0.7357

PART 10
OFFSET  13.1558 -1.1139 -7.3484
X  0.9919 -0.0104  0.1265
Y -0.1206 -0.3879  0.9138
Z  0.0396 -0.9216 -0.3861

PART 11
OFFSET  13.5019 -1.8714 -6.5682
X  0.7255 -0.6476  0.2330
Y -0.4030 -0.1254  0.9066
Z -0.5578 -0.7516 -0.3520

PART 12
OFFSET  14.9962 -3.3231 -5.9946
X  0.9177 -0.0281 -0.3964
Y  0.2807 -0.6602  0.6967
Z -0.2813 -0.7506 -0.5980

PART 13
OFFSET  16.4294 -3.4131 -6.7429
X  0.1632  0.3778 -0.9114
Y  0.8828 -0.4683 -0.0360
Z -0.4404 -0.7987 -0.4099

PART 14
OFFSET  16.6008 -3.0491 -7.7479
X  0.5853  0.6954 -0.4169
Y -0.0239  0.5287  0.8485
Z  0.8104 -0.4867  0.3261

PART 15
OFFSET  14.1324 -0.8936 -8.2978
X  0.9281  0.0692 -0.3658
Y -0.0013 -0.9820 -0.1890
Z -0.3723  0.1759 -0.9113

PART 16
OFFSET  16.2718 -0.8842 -9.0101
X  0.4749 -0.8653 -0.1606
Y -0.7900 -0.4995  0.3555
Z -0.3879 -0.0419 -0.9208

PART 17
OFFSET  16.9440 -2.1092 -9.2375
X -0.7672 -0.5528  0.3252
Y -0.5413  0.8301  0.1341
Z -0.3440 -0.0732 -0.9361

PART 18
OFFSET  16.2638 -2.5994 -8.9492
X -0.9254 -0.0706  0.3724
Y -0.0702  0.9974  0.0146
Z -0.3725 -0.0127 -0.9280

PART 19
OFFSET  15.3847 -2.6664 -8.5954
X  0.8057 -0.5703 -0.1598
Y  0.4954  0.7968 -0.3459
Z  0.3246  0.1996  0.9246

PART 20
OFFSET  14.2648 -1.0250 -7.6088
X  0.9812  0.1037 -0.1625
Y  0.0245 -0.9033 -0.4283
Z -0.1912  0.4163 -0.8889

PART 21
OFFSET  16.8032 -0.8377 -8.1381
X  0.4836 -0.8284 -0.2826
Y -0.7873 -0.5528  0.2731
Z -0.3825  0.0904 -0.9195

PART 22
OFFSET  17.6265 -2.2480 -8.6193
X -0.7681 -0.5878  0.2539
Y -0.5281  0.8058  0.2680
Z -0.3622  0.0718 -0.9293

PART 23
OFFSET  16.5620 -3.0627 -8.2674
X -0.8573  0.3681  0.3598
Y  0.3701  0.9266 -0.0663
Z -0.3578  0.0763 -0.9307

PART 24
OFFSET  15.6322 -2.6635 -7.8772
X  0.4734 -0.8272 -0.3027
Y  0.8096  0.5440 -0.2205
Z  0.3471 -0.1407  0.9272

PART 25
OFFSET  16.0433 -2.2559 -5.7144
X  0.9676 -0.1910 -0.1650
Y  0.2457  0.8629  0.4416
Z  0.0580 -0.4678  0.8819

PART 26
OFFSET  16.9151 -1.1045 -6.0227
X  0.8618 -0.2683 -0.4305
Y -0.3723 -0.9110 -0.1775
Z -0.3446  0.3132 -0.8850

PART 27
OFFSET  18.4325 -1.5768 -6.7807
X  0.1828 -0.8565 -0.4827
Y -0.9234 -0.3182  0.2148
Z -0.3375  0.4065 -0.8490

PART 28
OFFSET  18.6752 -2.6427 -7.3159
X -0.5664 -0.8219 -0.0605
Y -0.7544  0.4874  0.4397
Z -0.3319  0.2947 -0.8961

PART 29
OFFSET  18.0355 -3.5711 -7.3843
X  0.7720 -0.0896 -0.6293
Y  0.3539  0.8829  0.3085
Z  0.5280 -0.4609  0.7133

PART 30
OFFSET  16.9473 -0.8478 -7.0967
X  0.5448 -0.7140 -0.4397
Y -0.7179 -0.6681  0.1956
Z -0.4334  0.2091 -0.8766

PART 31
OFFSET  18.0116 -2.2427 -7.9558
X -0.7452 -0.6210  0.2430
Y -0.4729  0.7490  0.4640
Z -0.4702  0.2309 -0.8518

PART 32
OFFSET  16.9232 -3.1498 -7.6009
X -0.8239  0.1982  0.5309
Y  0.3149  0.9390  0.1381
Z -0.4712  0.2810 -0.8361

PART 33
OFFSET  15.9865 -2.9240 -7.0056
X  0.4608 -0.7697 -0.4418
Y  0.7341  0.6103 -0.2977
Z  0.4988 -0.1872  0.8462

PART 34
OFFSET  15.9704 -2.3375 -8.0861
X -0.2395  0.3663 -0.8991
Y -0.0396  0.9216  0.3861
Z  0.9701  0.1280 -0.2062

PART 35
OFFSET  6.5611 -2.8653 -5.2761
X  0.9967  0.0165  0.0800
Y -0.0292  0.9868  0.1595
Z -0.0763 -0.1613  0.9839

PART 36
OFFSET  6.5611 -2.8653 -5.2761
X  0.9967  0.0165  0.0800
Y -0.0292  0.9868  0.1595
Z -0.0763 -0.1613  0.9839

PART 37
OFFSET  11.6724 -3.4360 -2.5775
X  0.9949  0.0132  0.1001
Y -0.0292  0.9868  0.1595
Z -0.0966 -0.1616  0.9821

PART 38
OFFSET  10.7371 -2.8260 -4.6622
X  0.9967  0.0165  0.0800
Y -0.0292  0.9868  0.1595
Z -0.0763 -0.1613  0.9839

PART 39
OFFSET  33.2001 -2.0489 -4.7256
X  0.9967  0.0165  0.0800
Y -0.0292  0.9868  0.1595
Z -0.0763 -0.1613  0.9839

PART 40
OFFSET  5.9886 -2.5078 -7.5919
X  0.9967  0.0165  0.0800
Y -0.0292  0.9868  0.1595
Z -0.0763 -0.1613  0.9839

PART 41
OFFSET  32.2383 -2.0341 -4.8325
X -0.0292  0.9868  0.1595
Y -0.9967 -0.0165 -0.0800
Z -0.0763 -0.1613  0.9839

PART 42
OFFSET  20.4785 -2.7825 -5.4584
X -0.4512 -0.1554  0.8788
Y -0.8920  0.0463 -0.4497
Z  0.0292 -0.9868 -0.1595

PART 43
OFFSET  20.4785 -2.7825 -5.4584
X -0.0292  0.9868  0.1595
Y -0.9967 -0.0165 -0.0800
Z -0.0763 -0.1613  0.9839

PART 44
OFFSET  20.1023 -2.4247 -5.9233
X -0.0292  0.9868  0.1595
Y -0.9967 -0.0165 -0.0800
Z -0.0763 -0.1613  0.9839

PART 45
OFFSET  20.0615 -1.0433 -5.6999
X  0.0152  0.9246 -0.3807
Y -0.9967 -0.0165 -0.0800
Z -0.0802  0.3806  0.9212

PART 46
OFFSET  29.9254 -2.1099 -4.8400
X  0.9967  0.0165  0.0800
Y -0.0292  0.9868  0.1595
Z -0.0763 -0.1613  0.9839

PART 47
OFFSET  29.2623 -0.6226 -5.4341
X  0.7765 -0.4984  0.3857
Y  0.6285  0.6572 -0.4161
Z -0.0461  0.5654  0.8235

PART 48
OFFSET -17.6076 -4.8127 -7.0611
X -0.7996  0.0806  0.5951
Y -0.2721 -0.9320 -0.2394
Z  0.5353 -0.3534  0.7672

PART 49
OFFSET -7.9370 -5.7877 -14.2577
X -0.8560 -0.1282 -0.5009
Y  0.5156 -0.1390 -0.8455
Z  0.0387 -0.9820  0.1851

PART 50
OFFSET -0.6567 -4.6974 -9.9975
X -0.8560 -0.1282 -0.5009
Y  0.5075 -0.0235 -0.8613
Z  0.0987 -0.9915  0.0852

PART 51
OFFSET  0.1774 -3.2428 -8.9234
X -0.8591 -0.1244 -0.4964
Y -0.0437  0.9843 -0.1710
Z  0.5099 -0.1252 -0.8511

PART 52
OFFSET  0.0576 -3.7534 -7.8222
X -0.8591 -0.1244 -0.4964
Y -0.0437  0.9843 -0.1710
Z  0.5099 -0.1252 -0.8511

PART 53
OFFSET  0.2685 -5.0939 -7.6423
X -0.8591 -0.1244 -0.4964
Y -0.0437  0.9843 -0.1710
Z  0.5099 -0.1252 -0.8511

PART 54
OFFSET  1.9675 -4.3044 -8.4619
X -0.9273 -0.1134 -0.3569
Y  0.3611 -0.0184 -0.9324
Z  0.0992 -0.9934  0.0580

PART 55
OFFSET  1.9954 -3.8277 -7.4255
X -0.4360 -0.5905 -0.6791
Y  0.6307  0.3378 -0.6986
Z  0.6420 -0.7329  0.2251

PART 56
OFFSET  2.8376 -2.5464 -5.9027
X -0.9089 -0.3993  0.1203
Y  0.0200 -0.3299 -0.9438
Z  0.4165 -0.8554  0.3078

PART 57
OFFSET  4.2594 -1.8257 -6.1877
X -0.5957 -0.1663  0.7858
Y -0.6026 -0.5543 -0.5741
Z  0.5310 -0.8156  0.2299

PART 58
OFFSET  4.8895 -1.5991 -7.0382
X -0.9050  0.2869  0.3141
Y  0.1209  0.8814 -0.4566
Z -0.4078 -0.3752 -0.8324

PART 59
OFFSET  3.1187 -4.0274 -9.1700
X -0.9405 -0.3210  0.1111
Y  0.3310 -0.9397  0.0866
Z  0.0766  0.1183  0.9900

PART 60
OFFSET  5.2025 -3.1737 -9.2861
X -0.0823 -0.9916 -0.0999
Y  0.9701 -0.0567 -0.2361
Z  0.2285 -0.1163  0.9666

PART 61
OFFSET  5.3190 -1.7698 -9.1447
X  0.8026 -0.5378 -0.2581
Y  0.5619  0.8269  0.0245
Z  0.2002 -0.1646  0.9658

PART 62
OFFSET  4.6074 -1.2930 -8.9159
X  0.9157  0.3598 -0.1790
Y -0.3295  0.9272  0.1782
Z  0.2300 -0.1042  0.9676

PART 63
OFFSET  3.7374 -1.6349 -8.7459
X -0.5268 -0.8422 -0.1149
Y -0.8089  0.4553  0.3720
Z -0.2609  0.2889 -0.9211

PART 64
OFFSET  3.0965 -4.1289 -8.4638
X -0.9616 -0.2629 -0.0782
Y  0.2535 -0.9607  0.1131
Z -0.1049  0.0889  0.9905

PART 65
OFFSET  5.6135 -3.4809 -8.4053
X -0.1179 -0.9929  0.0138
Y  0.9645 -0.1178 -0.2362
Z  0.2362 -0.0145  0.9716

PART 66
OFFSET  5.8142 -1.7904 -8.4289
X  0.9080 -0.3539 -0.2241
Y  0.3534  0.9344 -0.0434
Z  0.2248 -0.0398  0.9736

PART 67
OFFSET  4.5557 -1.3000 -8.1183
X  0.8380  0.5191 -0.1680
Y -0.4997  0.8539  0.1456
Z  0.2190 -0.0380  0.9750

PART 68
OFFSET  3.6468 -1.8630 -7.9361
X -0.3904 -0.9149  0.1025
Y -0.8987  0.4029  0.1735
Z -0.2000 -0.0243 -0.9795

PART 69
OFFSET -2.1439 -5.2932 -9.1276
X -0.9147 -0.3794 -0.1393
Y -0.3501  0.9161 -0.1956
Z  0.2018 -0.1302 -0.9707

PART 70
OFFSET  5.3450 -4.2178 -6.3466
X -0.9710 -0.0053 -0.2391
Y  0.0194 -0.9982 -0.0565
Z -0.2383 -0.0595  0.9694

PART 71
OFFSET  7.0546 -4.2084 -5.9257
X -0.3450 -0.9344 -0.0886
Y  0.9088 -0.3562  0.2173
Z -0.2346 -0.0055  0.9721

PART 72
OFFSET  7.4598 -3.0728 -5.7590
X  0.0706 -0.9955 -0.0626
Y  0.9683  0.0533  0.2441
Z -0.2397 -0.0779  0.9677

PART 73
OFFSET  7.3801 -1.9483 -5.6882
X -0.9645  0.2541  0.0723
Y  0.2549  0.9670  0.0027
Z -0.0692  0.0211 -0.9974

PART 74
OFFSET  5.6201 -4.0717 -7.4066
X -0.2508 -0.9672  0.0405
Y  0.9671 -0.2522 -0.0338
Z  0.0429  0.0307  0.9986

PART 75
