// Export filename: `C:\projects\cod\t5\xanim_export\t5_viewmodels\ak47\ak47_masterkey_mk_reload_loop.XANIM_EXPORT`
// Source filename: `D:\projects\devanim\t5\animation_assets\viewmodels/ak47/ViewModel_AK47_MasterKey_animated.fbx`
// Export time: Wed Jul 07 18:24:17 2010

ANIMATION
VERSION 3

NUMPARTS 77
PART 0 "tag_ads"
PART 1 "tag_torso"
PART 2 "J_Shoulder_LE"
PART 3 "J_Elbow_LE"
PART 4 "J_WristTwist_LE"
PART 5 "J_Sleave_Reshape_Bottom_LE_1"
PART 6 "J_Sleave_Reshape_Bottom_LE_2"
PART 7 "J_Sleave_Reshape_Top_LE_1"
PART 8 "J_Sleave_Reshape_Top_LE_2"
PART 9 "J_Sleave_Reshape_Top_LE_3"
PART 10 "J_Wrist_LE"
PART 11 "J_Thumb_LE_0"
PART 12 "J_Thumb_LE_1"
PART 13 "J_Thumb_LE_2"
PART 14 "J_Thumb_LE_3"
PART 15 "J_PinkyPalm_LE"
PART 16 "J_Pinky_LE_0"
PART 17 "J_Pinky_LE_1"
PART 18 "J_Pinky_LE_2"
PART 19 "J_Pinky_LE_3"
PART 20 "J_RingPalm_LE"
PART 21 "J_Ring_LE_0"
PART 22 "J_Ring_LE_1"
PART 23 "J_Ring_LE_2"
PART 24 "J_Ring_LE_3"
PART 25 "J_Webbing_LE"
PART 26 "J_Index_LE_0"
PART 27 "J_Index_LE_1"
PART 28 "J_Index_LE_2"
PART 29 "J_Index_LE_3"
PART 30 "J_Mid_LE_0"
PART 31 "J_Mid_LE_1"
PART 32 "J_Mid_LE_2"
PART 33 "J_Mid_LE_3"
PART 34 "tag_knife_attach"
PART 35 "tag_weapon"
PART 36 "J_Gun"
PART 37 "J_bolt"
PART 38 "tag_masterkey"
PART 39 "tag_brass2"
PART 40 "tag_ammo2"
PART 41 "tag_pump2"
PART 42 "TAG_CLIP"
PART 43 "TAG_FLASH"
PART 44 "J_Shoulder_RI"
PART 45 "J_Elbow_RI"
PART 46 "J_WristTwist_RI"
PART 47 "J_Sleave_Reshape_Top_RI_3"
PART 48 "J_Sleave_Reshape_Top_RI_2"
PART 49 "J_Sleave_Reshape_Top_RI_1"
PART 50 "J_Wrist_RI"
PART 51 "J_Thumb_RI_0"
PART 52 "J_Thumb_RI_1"
PART 53 "J_Thumb_RI_2"
PART 54 "J_Thumb_RI_3"
PART 55 "J_PinkyPalm_RI"
PART 56 "J_Pinky_RI_0"
PART 57 "J_Pinky_RI_1"
PART 58 "J_Pinky_RI_2"
PART 59 "J_Pinky_RI_3"
PART 60 "J_RingPalm_RI"
PART 61 "J_Ring_RI_0"
PART 62 "J_Ring_RI_1"
PART 63 "J_Ring_RI_2"
PART 64 "J_Ring_RI_3"
PART 65 "J_Webbing_RI"
PART 66 "J_Index_RI_0"
PART 67 "J_Index_RI_1"
PART 68 "J_Index_RI_2"
PART 69 "J_Index_RI_3"
PART 70 "J_Mid_RI_0"
PART 71 "J_Mid_RI_1"
PART 72 "J_Mid_RI_2"
PART 73 "J_Mid_RI_3"
PART 74 "tag_cambone"
PART 75 "tag_camera"
PART 76 "tag_gasmask"

FRAMERATE 30
NUMFRAMES 34

FRAME 2135
PART 0
OFFSET  0.0000 -0.0000 -0.0000
X  1.0000 -0.0000  0.0000
Y  0.0000  1.0000  0.0000
Z  0.0000 -0.0000  1.0000

PART 1
OFFSET -4.6318 -0.0000 -1.3770
X  1.0000 -0.0000  0.0000
Y  0.0000  1.0000  0.0000
Z  0.0000 -0.0000  1.0000

PART 2
OFFSET  1.6160  1.6487 -7.3253
X  0.6649  0.5280 -0.5283
Y  0.3691 -0.8472 -0.3821
Z -0.6493  0.0591 -0.7582

PART 3
OFFSET  9.6575  8.0344 -13.7143
X  0.6432 -0.5537  0.5289
Y -0.7656 -0.4529  0.4568
Z -0.0134 -0.6987 -0.7153

PART 4
OFFSET  15.1279  3.3247 -9.2159
X  0.6432 -0.5537  0.5289
Y -0.7652 -0.4896  0.4180
Z  0.0275 -0.6735 -0.7386

PART 5
OFFSET  16.6493  4.1486 -7.5634
X  0.6477 -0.5492  0.5281
Y  0.0227  0.7067  0.7071
Z -0.7615 -0.4461  0.4702

PART 6
OFFSET  16.7316  2.8216 -9.7754
X  0.6477 -0.5492  0.5281
Y  0.0227  0.7067  0.7071
Z -0.7615 -0.4461  0.4702

PART 7
OFFSET  15.2745  2.5847 -6.5386
X  0.6477 -0.5492  0.5281
Y  0.0227  0.7067  0.7071
Z -0.7615 -0.4461  0.4702

PART 8
OFFSET  14.9615  1.2544 -7.7362
X  0.6477 -0.5492  0.5281
Y  0.0227  0.7067  0.7071
Z -0.7615 -0.4461  0.4702

PART 9
OFFSET  15.1103  0.9056 -9.0033
X  0.6477 -0.5492  0.5281
Y  0.0227  0.7067  0.7071
Z -0.7615 -0.4461  0.4702

PART 10
OFFSET  17.0996  1.6272 -7.5945
X  0.7996 -0.4996  0.3334
Y -0.5980 -0.6110  0.5187
Z -0.0554 -0.6141 -0.7873

PART 11
OFFSET  16.8594  0.5607 -7.2673
X  0.2813 -0.9083  0.3096
Y -0.9299 -0.1783  0.3218
Z -0.2371 -0.3784 -0.8947

PART 12
OFFSET  17.3604 -1.4383 -6.6168
X  0.5778 -0.6914  0.4337
Y -0.8159 -0.5039  0.2835
Z  0.0225 -0.5176 -0.8553

PART 13
OFFSET  18.3443 -2.5824 -6.0294
X  0.0967 -0.8449  0.5261
Y -0.9917 -0.0370  0.1229
Z -0.0843 -0.5337 -0.8415

PART 14
OFFSET  18.4282 -3.5211 -5.4969
X -0.0788 -0.2885  0.9542
Y  0.3050  0.9043  0.2986
Z -0.9491  0.3146  0.0167

PART 15
OFFSET  18.4053  1.7345 -8.0270
X  0.9495 -0.3050  0.0740
Y -0.1857 -0.7360 -0.6510
Z  0.2530  0.6044 -0.7554

PART 16
OFFSET  20.4790  0.8710 -7.8305
X -0.3193 -0.5658 -0.7602
Y -0.8503  0.5253 -0.0339
Z  0.4185  0.6355 -0.6488

PART 17
OFFSET  20.0270  0.0699 -8.9068
X -0.7373  0.6647  0.1208
Y  0.5271  0.4542  0.7182
Z  0.4225  0.5932 -0.6853

PART 18
OFFSET  19.3733  0.6592 -8.7997
X  0.2474  0.6002  0.7607
Y  0.8509 -0.5100  0.1257
Z  0.4634  0.6162 -0.6369

PART 19
OFFSET  19.6083  1.2294 -8.0770
X -0.7904 -0.2280 -0.5686
Y  0.5418 -0.6934 -0.4751
Z -0.2859 -0.6836  0.6716

PART 20
OFFSET  18.1915  1.3044 -7.4990
X  0.9442 -0.2915  0.1532
Y -0.0455 -0.5763 -0.8159
Z  0.3261  0.7635 -0.5574

PART 21
OFFSET  20.6407  0.5173 -7.1244
X -0.2174 -0.6716 -0.7083
Y -0.8587  0.4766 -0.1884
Z  0.4641  0.5672 -0.6803

PART 22
OFFSET  20.2706 -0.6262 -8.3302
X -0.8671  0.4399 -0.2339
Y  0.1793  0.7136  0.6773
Z  0.4648  0.5453 -0.6976

PART 23
OFFSET  19.0689 -0.0166 -8.6543
X -0.0681  0.8090  0.5839
Y  0.8800 -0.2271  0.4173
Z  0.4701  0.5422 -0.6964

PART 24
OFFSET  18.9950  0.8608 -8.0211
X -0.4237 -0.5064 -0.7510
Y  0.7390 -0.6727  0.0367
Z -0.5238 -0.5394  0.6593

PART 25
OFFSET  18.5851 -1.2121 -6.1652
X  0.8525 -0.5226 -0.0056
Y  0.2620  0.4181  0.8698
Z -0.4523 -0.7430  0.4933

PART 26
OFFSET  19.7847 -0.5520 -5.6117
X  0.3408 -0.6435 -0.6854
Y -0.8733  0.0533 -0.4843
Z  0.3482  0.7636 -0.5438

PART 27
OFFSET  20.3847 -1.6850 -6.8185
X -0.8880  0.2435 -0.3902
Y -0.1518  0.6456  0.7484
Z  0.4341  0.7238 -0.5363

PART 28
OFFSET  19.2788 -1.4329 -7.2603
X -0.3401  0.6035  0.7211
Y  0.8983 -0.0182  0.4389
Z  0.2780  0.7971 -0.5360

PART 29
OFFSET  18.8946 -0.7512 -6.4457
X -0.6220  0.0441 -0.7818
Y  0.5528 -0.6823 -0.4784
Z -0.5545 -0.7297  0.4000

PART 30
OFFSET  20.3382  0.0539 -6.3512
X -0.1791 -0.6240 -0.7606
Y -0.8078  0.5346 -0.2484
Z  0.5616  0.5700 -0.5998

PART 31
OFFSET  19.9884 -1.1651 -7.8371
X -0.8420  0.4111 -0.3494
Y  0.0411  0.6945  0.7183
Z  0.5380  0.5904 -0.6017

PART 32
OFFSET  18.7586 -0.5646 -8.3474
X -0.2439  0.7625  0.5993
Y  0.7907 -0.2015  0.5781
Z  0.5616  0.6149 -0.5537

PART 33
OFFSET  18.4858  0.3034 -7.6730
X -0.3539 -0.4952 -0.7934
Y  0.8018 -0.5974  0.0152
Z -0.4815 -0.6308  0.6085

PART 34
OFFSET  19.5052 -0.3338 -8.1700
X  0.2751  0.7486 -0.6033
Y  0.0554  0.6141  0.7873
Z  0.9598 -0.2500  0.1275

PART 35
OFFSET  3.2635 -4.6018 -6.2520
X  0.9811 -0.0692  0.1807
Y -0.0869  0.6767  0.7311
Z -0.1729 -0.7330  0.6579

PART 36
OFFSET  3.2635 -4.6018 -6.2520
X  0.9811 -0.0692  0.1807
Y -0.0869  0.6767  0.7311
Z -0.1729 -0.7330  0.6579

PART 37
OFFSET  8.0809 -6.8872 -3.9492
X  0.9774 -0.0842  0.1941
Y -0.0869  0.6767  0.7311
Z -0.1929 -0.7314  0.6541

PART 38
OFFSET  12.7378 -3.4681 -6.1757
X  0.9811 -0.0692  0.1807
Y -0.0869  0.6767  0.7311
Z -0.1729 -0.7330  0.6579

PART 39
OFFSET  17.5454 -5.3488 -4.3237
X  0.9105  0.3207  0.2609
Y  0.1920  0.2310 -0.9538
Z -0.3661  0.9186  0.1488

PART 40
OFFSET  13.5301 -0.3146 -22.7248
X  0.9853  0.0277  0.1684
Y  0.0952  0.7296 -0.6772
Z -0.1416  0.6833  0.7162

PART 41
OFFSET  23.0239 -2.6612 -5.6996
X  0.0869 -0.6767 -0.7311
Y  0.9811 -0.0692  0.1807
Z -0.1729 -0.7330  0.6579

PART 42
OFFSET  7.3462 -5.0877 -5.2963
X  0.9811 -0.0692  0.1807
Y -0.0869  0.6767  0.7311
Z -0.1729 -0.7330  0.6579

PART 43
OFFSET  26.1594 -5.6767 -2.5133
X  0.9811 -0.0692  0.1807
Y -0.0869  0.6767  0.7311
Z -0.1729 -0.7330  0.6579

PART 44
OFFSET -17.6076 -4.8127 -7.0611
X -0.6169  0.1473  0.7731
Y -0.2938 -0.9544 -0.0526
Z  0.7301 -0.2596  0.6321

PART 45
OFFSET -10.1463 -6.5938 -16.4109
X -0.7987 -0.2579 -0.5436
Y  0.5898 -0.1563 -0.7923
Z  0.1194 -0.9534  0.2769

PART 46
OFFSET -3.3530 -4.4000 -11.7870
X -0.7987 -0.2579 -0.5436
Y  0.3497  0.5362 -0.7682
Z  0.4897 -0.8037 -0.3381

PART 47
OFFSET -2.7483 -2.7813 -10.7976
X -0.8025 -0.2541 -0.5398
Y -0.1256  0.9564 -0.2635
Z  0.5832 -0.1436 -0.7995

PART 48
OFFSET -2.9019 -3.2064 -9.6647
X -0.8025 -0.2541 -0.5398
Y -0.1256  0.9564 -0.2635
Z  0.5832 -0.1436 -0.7995

PART 49
OFFSET -2.5767 -4.4976 -9.3482
X -0.8025 -0.2541 -0.5398
Y -0.1256  0.9564 -0.2635
Z  0.5832 -0.1436 -0.7995

PART 50
OFFSET -0.9044 -3.6093 -10.1204
X -0.8789  0.1622 -0.4486
Y  0.4579  0.5507 -0.6980
Z  0.1338 -0.8188 -0.5582

PART 51
OFFSET -1.0059 -3.8774 -9.0159
X -0.3369 -0.0289 -0.9411
Y  0.6862  0.6768 -0.2665
Z  0.6446 -0.7356 -0.2082

PART 52
OFFSET -0.3832 -3.8417 -6.9469
X -0.8991 -0.3580 -0.2519
Y  0.1332  0.3245 -0.9365
Z  0.4170 -0.8755 -0.2440

PART 53
OFFSET  1.0295 -3.1463 -6.5687
X -0.6678 -0.5973  0.4442
Y -0.5151 -0.0600 -0.8550
Z  0.5373 -0.7998 -0.2676

PART 54
OFFSET  1.7358 -2.4628 -7.0222
X -0.9443  0.0605  0.3236
Y  0.1316  0.9704  0.2027
Z -0.3017  0.2340 -0.9242

PART 55
OFFSET  0.3025 -2.9914 -10.3754
X -0.9328 -0.2899 -0.2141
Y  0.3588 -0.8020 -0.4776
Z -0.0332 -0.5223  0.8521

PART 56
OFFSET  2.3495 -2.3178 -9.7117
X -0.0299 -0.7138 -0.6998
Y  0.9911  0.0698 -0.1136
Z  0.1299 -0.6969  0.7053

PART 57
OFFSET  2.3919 -1.3073 -8.7209
X  0.8471 -0.2887 -0.4462
Y  0.5212  0.6154  0.5913
Z  0.1039 -0.7334  0.6718

PART 58
OFFSET  1.6408 -1.0514 -8.3253
X  0.9137  0.3631  0.1826
Y -0.3848  0.6282  0.6762
Z  0.1308 -0.6881  0.7137

PART 59
OFFSET  0.7728 -1.3964 -8.4988
X -0.4762 -0.5726 -0.6674
Y -0.8619  0.1536  0.4832
Z -0.1741  0.8053 -0.5667

PART 60
OFFSET  0.2102 -3.5074 -9.8908
X -0.9362 -0.1264 -0.3279
Y  0.2800 -0.8323 -0.4784
Z -0.2124 -0.5397  0.8146

PART 61
OFFSET  2.6777 -3.1175 -9.1713
X -0.0772 -0.7840 -0.6159
Y  0.9881  0.0221 -0.1520
Z  0.1327 -0.6204  0.7730

PART 62
OFFSET  2.8092 -1.7827 -8.1227
X  0.9406 -0.1688 -0.2947
Y  0.3168  0.7487  0.5824
Z  0.1223 -0.6411  0.7577

PART 63
OFFSET  1.5057 -1.5487 -7.7143
X  0.8287  0.4839  0.2812
Y -0.5474  0.5965  0.5870
Z  0.1163 -0.6404  0.7592

PART 64
OFFSET  0.6069 -2.0736 -8.0192
X -0.3605 -0.7687 -0.5283
Y -0.9280  0.2383  0.2866
Z -0.0944  0.5936 -0.7992

PART 65
OFFSET -4.8778 -3.8387 -11.6964
X -0.8783 -0.1815 -0.4423
Y -0.3654  0.8515  0.3761
Z  0.3083  0.4919 -0.8142

PART 66
OFFSET  2.2246 -4.9610 -8.0535
X -0.9393  0.1756 -0.2948
Y  0.0668 -0.7491 -0.6590
Z -0.3366 -0.6387  0.6919

PART 67
OFFSET  3.8783 -5.2701 -7.5344
X -0.2945 -0.6672 -0.6842
Y  0.8948 -0.4438  0.0476
Z -0.3354 -0.5982  0.7278

PART 68
OFFSET  4.2160 -4.4953 -6.6585
X  0.1182 -0.7449 -0.6566
Y  0.9341 -0.1409  0.3281
Z -0.3369 -0.6521  0.6791

PART 69
OFFSET  4.0824 -3.6539 -5.9168
X -0.9765  0.1863  0.1086
Y  0.2127  0.7489  0.6277
Z  0.0356  0.6360 -0.7709

PART 70
OFFSET  2.6036 -4.1994 -8.7584
X -0.2131 -0.7759 -0.5937
Y  0.9749 -0.2087 -0.0772
Z -0.0640 -0.5953  0.8010

PART 71
OFFSET  3.0200 -2.6836 -7.5985
X  0.8619 -0.4354 -0.2600
Y  0.5056  0.6986  0.5063
Z -0.0388 -0.5678  0.8222

PART 72
OFFSET  1.7610 -2.0477 -7.2188
X  0.8794  0.3901  0.2730
Y -0.4748  0.7608  0.4424
Z -0.0351 -0.5186  0.8543

PART 73
OFFSET  0.7650 -2.4853 -7.5337
X -0.3688 -0.7519 -0.5464
Y -0.9295  0.2916  0.2261
Z -0.0107  0.5913 -0.8064

PART 74
OFFSET  0.0000 -0.0000 -0.0000
X  1.0000 -0.0000  0.0000
Y  0.0000  1.0000  0.0000
Z  0.0000 -0.0000  1.0000

PART 75
OFFSET -0.0000 -0.0000 -0.0000
X  0.9998 -0.0157 -0.0087
Y  0.0154  0.9994 -0.0314
Z  0.0092  0.0313  0.9995

PART 76
OFFSET  1.5783  0.1051  4.1201
X  0.9998 -0.0157 -0.0087
Y  0.0154  0.9994 -0.0314
Z  0.0092  0.0313  0.9995


FRAME 2136
PART 0
OFFSET  0.0000 -0.0000 -0.0000
X  1.0000 -0.0000  0.0000
Y  0.0000  1.0000  0.0000
Z  0.0000 -0.0000  1.0000

PART 1
OFFSET -4.6318 -0.0000 -1.3770
X  1.0000 -0.0000  0.0000
Y  0.0000  1.0000  0.0000
Z  0.0000 -0.0000  1.0000

PART 2
OFFSET  1.6160  1.6487 -7.3253
X  0.6338  0.5570 -0.5367
Y  0.4086 -0.8303 -0.3791
Z -0.6567  0.0210 -0.7538

PART 3
OFFSET  9.2815  8.3847 -13.8159
X  0.6673 -0.5212  0.5320
Y -0.7446 -0.4830  0.4608
Z  0.0168 -0.7036 -0.7104

PART 4
OFFSET  14.9576  3.9517 -9.2913
X  0.6673 -0.5212  0.5320
Y -0.7410 -0.5366  0.4038
Z  0.0750 -0.6636 -0.7443

PART 5
OFFSET  16.4426  4.8533 -7.6462
X  0.6717 -0.5164  0.5311
Y -0.0079  0.7119  0.7022
Z -0.7408 -0.4759  0.4741

PART 6
OFFSET  16.5815  3.5158 -9.8490
X  0.6717 -0.5164  0.5311
Y -0.0079  0.7119  0.7022
Z -0.7408 -0.4759  0.4741

PART 7
OFFSET  15.1388  3.2375 -6.6090
X  0.6717 -0.5164  0.5311
Y -0.0079  0.7119  0.7022
Z -0.7408 -0.4759  0.4741

PART 8
OFFSET  14.8837  1.8864 -7.7971
X  0.6717 -0.5164  0.5311
Y -0.0079  0.7119  0.7022
Z -0.7408 -0.4759  0.4741

PART 9
OFFSET  15.0467  1.5357 -9.0619
X  0.6717 -0.5164  0.5311
Y -0.0079  0.7119  0.7022
Z -0.7408 -0.4759  0.4741

PART 10
OFFSET  17.0035  2.3539 -7.6604
X  0.7981 -0.5572  0.2292
Y -0.5932 -0.6602  0.4607
Z -0.1054 -0.5036 -0.8575

PART 11
OFFSET  16.7468  1.2593 -7.4648
X  0.2755 -0.9457  0.1723
Y -0.9176 -0.2053  0.3404
Z -0.2865 -0.2519 -0.9244

PART 12
OFFSET  17.2338 -0.8160 -7.1104
X  0.5886 -0.7475  0.3078
Y -0.8080 -0.5311  0.2551
Z -0.0272 -0.3989 -0.9166

PART 13
OFFSET  18.2292 -2.0358 -6.7314
X  0.1266 -0.9075  0.4006
Y -0.9829 -0.0604  0.1738
Z -0.1335 -0.4158 -0.8996

PART 14
OFFSET  18.3433 -3.0371 -6.3363
X -0.0234 -0.4152  0.9094
Y  0.3224  0.8579  0.4000
Z -0.9463  0.3026  0.1138

PART 15
OFFSET  18.2927  2.4876 -8.1331
X  0.9427 -0.3336 -0.0090
Y -0.2333 -0.6394 -0.7326
Z  0.2386  0.6927 -0.6806

PART 16
OFFSET  20.3474  1.5588 -8.1440
X -0.2122 -0.5535 -0.8054
Y -0.8929  0.4447 -0.0703
Z  0.3971  0.7042 -0.5886

PART 17
OFFSET  20.0470  0.7752 -9.2843
X -0.8819  0.4645 -0.0812
Y  0.2371  0.5856  0.7752
Z  0.4076  0.6644 -0.6265

PART 18
OFFSET  19.2651  1.1870 -9.3562
X -0.2319  0.6986  0.6769
Y  0.8723 -0.1585  0.4625
Z  0.4304  0.6977 -0.5726

PART 19
OFFSET  19.0448  1.8506 -8.7132
X -0.4325 -0.5357 -0.7253
Y  0.8622 -0.4811 -0.1588
Z -0.2638 -0.6940  0.6699

PART 20
OFFSET  18.0888  1.9966 -7.6567
X  0.9411 -0.3305  0.0714
Y -0.0956 -0.4627 -0.8814
Z  0.3243  0.8226 -0.4670

PART 21
OFFSET  20.5280  1.1115 -7.4981
X -0.1103 -0.6363 -0.7635
Y -0.8925  0.4014 -0.2056
Z  0.4373  0.6588 -0.6122

PART 22
OFFSET  20.3403  0.0283 -8.7980
X -0.8931  0.2441 -0.3779
Y -0.0873  0.7301  0.6778
Z  0.4413  0.6383 -0.6307

PART 23
OFFSET  19.1025  0.3665 -9.3218
X -0.4770  0.7640  0.4344
Y  0.7567  0.1057  0.6451
Z  0.4470  0.6364 -0.6286

PART 24
OFFSET  18.5852  1.1951 -8.8507
X -0.0194 -0.6551 -0.7553
Y  0.8735 -0.3787  0.3060
Z -0.4865 -0.6538  0.5796

PART 25
OFFSET  18.4656 -0.6819 -6.6820
X  0.8364 -0.5366 -0.1119
Y  0.3095  0.2938  0.9044
Z -0.4524 -0.7910  0.4118

PART 26
OFFSET  19.7053 -0.1279 -6.1013
X  0.4314 -0.5709 -0.6985
Y -0.8265  0.0602 -0.5597
Z  0.3616  0.8188 -0.4459

PART 27
OFFSET  20.4649 -1.1331 -7.3311
X -0.7989  0.1340 -0.5863
Y -0.4043  0.6020  0.6885
Z  0.4452  0.7871 -0.4268

PART 28
OFFSET  19.4665 -1.0180 -8.0179
X -0.7146  0.5079  0.4810
Y  0.6389  0.1938  0.7444
Z  0.2849  0.8393 -0.4630

PART 29
OFFSET  18.6594 -0.4443 -7.4746
X -0.2640 -0.1043 -0.9589
Y  0.8281 -0.5342 -0.1699
Z -0.4945 -0.8389  0.2274

PART 30
OFFSET  20.2448  0.5574 -6.7793
X -0.0736 -0.5959 -0.7997
Y -0.8402  0.4690 -0.2722
Z  0.5372  0.6519 -0.5352

PART 31
OFFSET  20.1010 -0.6067 -8.3415
X -0.8314  0.2281 -0.5067
Y -0.2174  0.7057  0.6743
Z  0.5114  0.6708 -0.5371

PART 32
OFFSET  18.8866 -0.2736 -9.0816
X -0.6024  0.7065  0.3714
Y  0.6045  0.1001  0.7903
Z  0.5212  0.7006 -0.4874

PART 33
OFFSET  18.2076  0.5315 -8.6650
X  0.0425 -0.6505 -0.7584
Y  0.8869 -0.3249  0.3284
Z -0.4600 -0.6865  0.5631

PART 34
OFFSET  19.3265  0.4316 -8.5940
X  0.2711  0.8151 -0.5121
Y  0.1054  0.5036  0.8575
Z  0.9568 -0.2864  0.0506

PART 35
OFFSET  3.2628 -4.5950 -6.2498
X  0.9812 -0.0703  0.1797
Y -0.0855  0.6762  0.7317
Z -0.1729 -0.7333  0.6575

PART 36
OFFSET  3.2628 -4.5950 -6.2498
X  0.9812 -0.0703  0.1797
Y -0.0855  0.6762  0.7317
Z -0.1729 -0.7333  0.6575

PART 37
OFFSET  8.0802 -6.8868 -3.9534
X  0.9775 -0.0853  0.1931
Y -0.0855  0.6762  0.7317
Z -0.1930 -0.7317  0.6537

PART 38
OFFSET  12.7383 -3.4705 -6.1820
X  0.9812 -0.0703  0.1797
Y -0.0855  0.6762  0.7317
Z -0.1729 -0.7333  0.6575

PART 39
OFFSET  17.5458 -5.3573 -4.3362
X  0.9111  0.3196  0.2602
Y  0.1913  0.2315 -0.9538
Z -0.3651  0.9188  0.1498

PART 40
OFFSET  13.5365 -0.2725 -22.6161
X  0.9854  0.0188  0.1691
Y  0.1002  0.7393 -0.6659
Z -0.1375  0.6732  0.7266

PART 41
OFFSET  23.0256 -2.6740 -5.7155
X  0.0855 -0.6762 -0.7317
Y  0.9812 -0.0703  0.1797
Z -0.1729 -0.7333  0.6575

PART 42
OFFSET  7.3459 -5.0856 -5.2985
X  0.9812 -0.0703  0.1797
Y -0.0855  0.6762  0.7317
Z -0.1729 -0.7333  0.6575

PART 43
OFFSET  26.1613 -5.6950 -2.5345
X  0.9812 -0.0703  0.1797
Y -0.0855  0.6762  0.7317
Z -0.1729 -0.7333  0.6575

PART 44
OFFSET -17.6076 -4.8127 -7.0611
X -0.6173  0.1474  0.7728
Y -0.2929 -0.9548 -0.0518
Z  0.7302 -0.2583  0.6325

PART 45
OFFSET -10.1424 -6.5957 -16.4074
X -0.7981 -0.2593 -0.5440
Y  0.5905 -0.1563 -0.7918
Z  0.1203 -0.9531  0.2779

PART 46
OFFSET -3.3546 -4.3904 -11.7809
X -0.7981 -0.2593 -0.5440
Y  0.3494  0.5364 -0.7683
Z  0.4910 -0.8031 -0.3375

PART 47
OFFSET -2.7523 -2.7701 -10.7926
X -0.8019 -0.2555 -0.5401
Y -0.1265  0.9561 -0.2644
Z  0.5839 -0.1437 -0.7990

PART 48
OFFSET -2.9062 -3.1944 -9.6593
X -0.8019 -0.2555 -0.5401
Y -0.1265  0.9561 -0.2644
Z  0.5839 -0.1437 -0.7990

PART 49
OFFSET -2.5799 -4.4849 -9.3415
X -0.8019 -0.2555 -0.5401
Y -0.1265  0.9561 -0.2644
Z  0.5839 -0.1437 -0.7990

PART 50
OFFSET -0.9081 -3.5955 -10.1133
X -0.8792  0.1634 -0.4476
Y  0.4577  0.5507 -0.6980
Z  0.1324 -0.8185 -0.5590

PART 51
OFFSET -1.0087 -3.8644 -9.0089
X -0.3379 -0.0279 -0.9408
Y  0.6866  0.6763 -0.2666
Z  0.6437 -0.7361 -0.2094

PART 52
OFFSET -0.3839 -3.8308 -6.9405
X -0.8997 -0.3570 -0.2513
Y  0.1326  0.3250 -0.9364
Z  0.4159 -0.8757 -0.2451

PART 53
OFFSET  1.0298 -3.1371 -6.5632
X -0.6679 -0.5970  0.4444
Y -0.5160 -0.0588 -0.8546
Z  0.5363 -0.8001 -0.2687

PART 54
OFFSET  1.7364 -2.4539 -7.0169
X -0.9439  0.0611  0.3246
Y  0.1327  0.9701  0.2033
Z -0.3024  0.2349 -0.9238

PART 55
OFFSET  0.2993 -2.9786 -10.3690
X -0.9333 -0.2888 -0.2134
Y  0.3576 -0.8020 -0.4785
Z -0.0329 -0.5229  0.8517

PART 56
OFFSET  2.3476 -2.3075 -9.7068
X -0.0313 -0.7132 -0.7003
Y  0.9910  0.0689 -0.1145
Z  0.1299 -0.6976  0.7046

PART 57
OFFSET  2.3919 -1.2978 -8.7154
X  0.8464 -0.2892 -0.4473
Y  0.5224  0.6145  0.5912
Z  0.1039 -0.7340  0.6711

PART 58
OFFSET  1.6415 -1.0414 -8.3189
X  0.9142  0.3621  0.1820
Y -0.3835  0.6281  0.6771
Z  0.1309 -0.6888  0.7131

PART 59
OFFSET  0.7730 -1.3854 -8.4917
X -0.4774 -0.5716 -0.6673
Y -0.8613  0.1541  0.4842
Z -0.1739  0.8059 -0.5659

PART 60
OFFSET  0.2069 -3.4949 -9.8847
X -0.9367 -0.1253 -0.3271
Y  0.2787 -0.8322 -0.4793
Z -0.2121 -0.5401  0.8144

PART 61
OFFSET  2.6755 -3.1079 -9.1674
X -0.0786 -0.7835 -0.6164
Y  0.9880  0.0212 -0.1529
Z  0.1329 -0.6211  0.7724

PART 62
OFFSET  2.8094 -1.7740 -8.1179
X  0.9401 -0.1695 -0.2957
Y  0.3181  0.7479  0.5826
Z  0.1224 -0.6418  0.7570

PART 63
OFFSET  1.5064 -1.5391 -7.7081
X  0.8295  0.4829  0.2807
Y -0.5463  0.5966  0.5880
Z  0.1165 -0.6410  0.7586

PART 64
OFFSET  0.6068 -2.0628 -8.0125
X -0.3618 -0.7679 -0.5285
Y -0.9274  0.2390  0.2877
Z -0.0946  0.5943 -0.7987

PART 65
OFFSET -4.8832 -3.8198 -11.6856
X -0.8789 -0.1804 -0.4416
Y -0.3642  0.8516  0.3771
Z  0.3080  0.4922 -0.8141

PART 66
OFFSET  2.2217 -4.9518 -8.0506
X -0.9394  0.1767 -0.2938
Y  0.0655 -0.7487 -0.6597
Z -0.3365 -0.6389  0.6918

PART 67
OFFSET  3.8757 -5.2629 -7.5333
X -0.2958 -0.6664 -0.6844
Y  0.8945 -0.4447  0.0464
Z -0.3353 -0.5984  0.7277

PART 68
OFFSET  4.2149 -4.4891 -6.6572
X  0.1169 -0.7445 -0.6573
Y  0.9343 -0.1421  0.3271
Z -0.3369 -0.6523  0.6790

PART 69
OFFSET  4.0829 -3.6481 -5.9147
X -0.9762  0.1872  0.1097
Y  0.2140  0.7482  0.6280
Z  0.0355  0.6365 -0.7704

PART 70
OFFSET  2.6007 -4.1901 -8.7553
X -0.2145 -0.7753 -0.5941
Y  0.9746 -0.2096 -0.0783
Z -0.0638 -0.5958  0.8006

PART 71
OFFSET  3.0197 -2.6755 -7.5947
X  0.8612 -0.4360 -0.2611
Y  0.5068  0.6977  0.5063
Z -0.0386 -0.5684  0.8219

PART 72
OFFSET  1.7618 -2.0387 -7.2132
X  0.8800  0.3890  0.2724
Y -0.4736  0.7610  0.4434
Z -0.0348 -0.5192  0.8539

PART 73
OFFSET  0.7650 -2.4751 -7.5275
X -0.3701 -0.7512 -0.5466
Y -0.9289  0.2923  0.2272
Z -0.0109  0.5919 -0.8060

PART 74
OFFSET  0.0000 -0.0000 -0.0000
X  1.0000 -0.0000  0.0000
Y  0.0000  1.0000  0.0000
Z  0.0000 -0.0000  1.0000

PART 75
OFFSET -0.0000 -0.0000 -0.0000
X  0.9998 -0.0147 -0.0098
Y  0.0144  0.9994 -0.0313
Z  0.0103  0.0311  0.9995

PART 76
OFFSET  1.5827  0.1060  4.1184
X  0.9998 -0.0147 -0.0098
Y  0.0144  0.9994 -0.0313
Z  0.0103  0.0311  0.9995


FRAME 2137
PART 0
OFFSET  0.0000 -0.0000 -0.0000
X  1.0000 -0.0000  0.0000
Y  0.0000  1.0000  0.0000
Z  0.0000 -0.0000  1.0000

PART 1
OFFSET -4.6318 -0.0000 -1.3770
X  1.0000 -0.0000  0.0000
Y  0.0000  1.0000  0.0000
Z  0.0000 -0.0000  1.0000

PART 2
OFFSET  1.6160  1.6487 -7.3253
X  0.5889  0.6052 -0.5357
Y  0.4521 -0.7960 -0.4024
Z -0.6699 -0.0052 -0.7424

PART 3
OFFSET  8.7379  8.9681 -13.8036
X  0.6897 -0.5021  0.5216
Y -0.7225 -0.5246  0.4504
Z  0.0475 -0.6875 -0.7246

PART 4
OFFSET  14.6045  4.6972 -9.3667
X  0.6897 -0.5021  0.5216
Y -0.7114 -0.6038  0.3595
Z  0.1345 -0.6191 -0.7737

PART 5
OFFSET  16.0489  5.6294 -7.7027
X  0.6939 -0.4972  0.5209
Y -0.0390  0.6964  0.7166
Z -0.7190 -0.5175  0.4639

PART 6
OFFSET  16.2458  4.3446 -9.9323
X  0.6939 -0.4972  0.5209
Y -0.0390  0.6964  0.7166
Z -0.7190 -0.5175  0.4639

PART 7
OFFSET  14.8177  3.9371 -6.6995
X  0.6939 -0.4972  0.5209
Y -0.0390  0.6964  0.7166
Z -0.7190 -0.5175  0.4639

PART 8
OFFSET  14.6219  2.6006 -7.9151
X  0.6939 -0.4972  0.5209
Y -0.0390  0.6964  0.7166
Z -0.7190 -0.5175  0.4639

PART 9
OFFSET  14.7997  2.2833 -9.1867
X  0.6939 -0.4972  0.5209
Y -0.0390  0.6964  0.7166
Z -0.7190 -0.5175  0.4639

PART 10
OFFSET  16.7191  3.1579 -7.7675
X  0.7810 -0.6138  0.1155
Y -0.6071 -0.7026  0.3713
Z -0.1468 -0.3601 -0.9213

PART 11
OFFSET  16.4243  2.0559 -7.7356
X  0.2586 -0.9659  0.0086
Y -0.9101 -0.2407  0.3372
Z -0.3237 -0.0950 -0.9414

PART 12
OFFSET  16.8735 -0.0578 -7.7358
X  0.5950 -0.7877  0.1598
Y -0.8011 -0.5651  0.1974
Z -0.0652 -0.2454 -0.9672

PART 13
OFFSET  17.8746 -1.3232 -7.5979
X  0.1708 -0.9566  0.2362
Y -0.9704 -0.1217  0.2086
Z -0.1708 -0.2648 -0.9490

PART 14
OFFSET  18.0349 -2.3718 -7.3824
X  0.0358 -0.5611  0.8270
Y  0.3215  0.7900  0.5221
Z -0.9462  0.2472  0.2087

PART 15
OFFSET  18.0003  3.3180 -8.2536
X  0.9282 -0.3611 -0.0897
Y -0.2768 -0.5090 -0.8151
Z  0.2487  0.7814 -0.5724

PART 16
OFFSET  20.0157  2.3305 -8.4716
X  0.1057 -0.5802 -0.8076
Y -0.9182  0.2549 -0.3033
Z  0.3818  0.7735 -0.5058

PART 17
OFFSET  20.1653  1.5090 -9.6150
X -0.7554 -0.0576 -0.6527
Y -0.5120  0.6736  0.5331
Z  0.4090  0.7369 -0.5383

PART 18
OFFSET  19.4955  1.4579 -10.1937
X -0.9231  0.3525 -0.1539
Y  0.0545  0.5161  0.8548
Z  0.3807  0.7807 -0.4956

PART 19
OFFSET  18.6186  1.7928 -10.3399
X  0.6167 -0.7065 -0.3472
Y  0.6833  0.2615  0.6817
Z -0.3908 -0.6577  0.6440

PART 20
OFFSET  17.7891  2.7664 -7.8528
X  0.9288 -0.3705 -0.0097
Y -0.1359 -0.3162 -0.9389
Z  0.3448  0.8733 -0.3441

PART 21
OFFSET  20.1946  1.7821 -7.9085
X  0.1972 -0.6061 -0.7705
Y -0.8889  0.2210 -0.4014
Z  0.4136  0.7640 -0.4952

PART 22
OFFSET  20.5304  0.7502 -9.2203
X -0.6128 -0.1783 -0.7698
Y -0.6654  0.6419  0.3811
Z  0.4262  0.7458 -0.5120

PART 23
OFFSET  19.6810  0.5031 -10.2873
X -0.8956  0.2832 -0.3430
Y -0.1124  0.6020  0.7906
Z  0.4303  0.7466 -0.5073

PART 24
OFFSET  18.7097  0.8102 -10.6592
X  0.8192 -0.5391 -0.1955
Y  0.4028  0.2982  0.8653
Z -0.4082 -0.7876  0.4615

PART 25
OFFSET  18.0840 -0.0428 -7.3159
X  0.8114 -0.5418 -0.2193
Y  0.3435  0.1384  0.9289
Z -0.4729 -0.8291  0.2984

PART 26
OFFSET  19.3589  0.3701 -6.6952
X  0.6491 -0.5151 -0.5597
Y -0.6379  0.0323 -0.7695
Z  0.4145  0.8565 -0.3076

PART 27
OFFSET  20.5017 -0.5369 -7.6807
X -0.3171 -0.1098 -0.9420
Y -0.8198  0.5311  0.2141
Z  0.4768  0.8402 -0.2584

PART 28
OFFSET  20.0872 -0.7214 -8.8102
X -0.8622  0.1466 -0.4848
Y -0.3546  0.5087  0.7845
Z  0.3617  0.8484 -0.3866

PART 29
OFFSET  19.1133 -0.5557 -9.3578
X  0.7025 -0.2683 -0.6591
Y  0.6602 -0.0999  0.7444
Z -0.2656 -0.9581  0.1070

PART 30
OFFSET  19.9078  1.1332 -7.2755
X  0.2347 -0.5897 -0.7728
Y -0.8233  0.3021 -0.4806
Z  0.5169  0.7490 -0.4145

PART 31
OFFSET  20.3663 -0.0188 -8.7852
X -0.4704 -0.1784 -0.8642
Y -0.7353  0.6207  0.2721
Z  0.4879  0.7635 -0.4232

PART 32
OFFSET  19.6792 -0.2794 -10.0475
X -0.8351  0.2439 -0.4931
Y -0.3002  0.5490  0.7800
Z  0.4610  0.7994 -0.3852

PART 33
OFFSET  18.7369  0.0021 -10.6093
X  0.8026 -0.5888 -0.0955
Y  0.3413  0.3220  0.8831
Z -0.4892 -0.7414  0.4594

PART 34
OFFSET  18.9399  1.3237 -9.0585
X  0.2902  0.8748 -0.3881
Y  0.1468  0.3601  0.9213
Z  0.9457 -0.3243 -0.0239

PART 35
OFFSET  3.2617 -4.5844 -6.2449
X  0.9814 -0.0719  0.1782
Y -0.0834  0.6761  0.7321
Z -0.1731 -0.7333  0.6575

PART 36
OFFSET  3.2617 -4.5844 -6.2449
X  0.9814 -0.0719  0.1782
Y -0.0834  0.6761  0.7321
Z -0.1731 -0.7333  0.6575

PART 37
OFFSET  8.0788 -6.8848 -3.9566
X  0.9776 -0.0869  0.1916
Y -0.0834  0.6761  0.7321
Z -0.1932 -0.7317  0.6537

PART 38
OFFSET  12.7390 -3.4751 -6.1907
X  0.9814 -0.0719  0.1782
Y -0.0834  0.6761  0.7321
Z -0.1731 -0.7333  0.6575

PART 39
OFFSET  17.5462 -5.3702 -4.3527
X  0.9120  0.3180  0.2590
Y  0.1902  0.2316 -0.9540
Z -0.3634  0.9194  0.1507

PART 40
OFFSET  13.5736 -0.1785 -22.3019
X  0.9850 -0.0053  0.1722
Y  0.1150  0.7646 -0.6342
Z -0.1284  0.6445  0.7538

PART 41
OFFSET  23.0283 -2.6951 -5.7390
X  0.0834 -0.6761 -0.7321
Y  0.9814 -0.0719  0.1782
Z -0.1731 -0.7333  0.6575

PART 42
OFFSET  7.3454 -5.0819 -5.2999
X  0.9814 -0.0719  0.1782
Y -0.0834  0.6761  0.7321
Z -0.1731 -0.7333  0.6575

PART 43
OFFSET  26.1638 -5.7224 -2.5639
X  0.9814 -0.0719  0.1782
Y -0.0834  0.6761  0.7321
Z -0.1731 -0.7333  0.6575

PART 44
OFFSET -17.6076 -4.8127 -7.0611
X -0.6178  0.1476  0.7724
Y -0.2916 -0.9552 -0.0507
Z  0.7303 -0.2566  0.6331

PART 45
OFFSET -10.1365 -6.5979 -16.4023
X -0.7971 -0.2611 -0.5445
Y  0.5915 -0.1564 -0.7910
Z  0.1214 -0.9526  0.2791

PART 46
OFFSET -3.3569 -4.3772 -11.7712
X -0.7971 -0.2611 -0.5445
Y  0.3494  0.5360 -0.7685
Z  0.4925 -0.8028 -0.3361

PART 47
OFFSET -2.7580 -2.7549 -10.7841
X -0.8009 -0.2573 -0.5407
Y -0.1276  0.9556 -0.2657
Z  0.5850 -0.1438 -0.7982

PART 48
OFFSET -2.9125 -3.1781 -9.6505
X -0.8009 -0.2573 -0.5407
Y -0.1276  0.9556 -0.2657
Z  0.5850 -0.1438 -0.7982

PART 49
OFFSET -2.5846 -4.4677 -9.3308
X -0.8009 -0.2573 -0.5407
Y -0.1276  0.9556 -0.2657
Z  0.5850 -0.1438 -0.7982

PART 50
OFFSET -0.9133 -3.5767 -10.1019
X -0.8796  0.1650 -0.4462
Y  0.4576  0.5503 -0.6984
Z  0.1303 -0.8185 -0.5595

PART 51
OFFSET -1.0126 -3.8459 -8.9975
X -0.3393 -0.0269 -0.9403
Y  0.6873  0.6753 -0.2674
Z  0.6422 -0.7370 -0.2106

PART 52
OFFSET -0.3848 -3.8142 -6.9300
X -0.9006 -0.3554 -0.2501
Y  0.1317  0.3252 -0.9364
Z  0.4142 -0.8763 -0.2461

PART 53
OFFSET  1.0306 -3.1228 -6.5545
X -0.6682 -0.5961  0.4451
Y -0.5173 -0.0577 -0.8538
Z  0.5346 -0.8008 -0.2698

PART 54
OFFSET  1.7376 -2.4406 -7.0090
X -0.9433  0.0625  0.3260
Y  0.1346  0.9698  0.2035
Z -0.3034  0.2358 -0.9232

PART 55
OFFSET  0.2947 -2.9617 -10.3591
X -0.9341 -0.2872 -0.2121
Y  0.3556 -0.8023 -0.4794
Z -0.0325 -0.5232  0.8516

PART 56
OFFSET  2.3450 -2.2941 -9.6997
X -0.0335 -0.7129 -0.7005
Y  0.9910  0.0674 -0.1159
Z  0.1298 -0.6980  0.7042

PART 57
OFFSET  2.3924 -1.2849 -8.7079
X  0.8452 -0.2903 -0.4486
Y  0.5242  0.6134  0.5907
Z  0.1037 -0.7345  0.6707

PART 58
OFFSET  1.6430 -1.0275 -8.3102
X  0.9151  0.3606  0.1808
Y -0.3815  0.6284  0.6779
Z  0.1308 -0.6893  0.7126

PART 59
OFFSET  0.7737 -1.3700 -8.4819
X -0.4793 -0.5706 -0.6668
Y -0.8603  0.1553  0.4855
Z -0.1735  0.8064 -0.5653

PART 60
OFFSET  0.2022 -3.4780 -9.8749
X -0.9373 -0.1237 -0.3257
Y  0.2767 -0.8325 -0.4801
Z -0.2118 -0.5401  0.8145

PART 61
OFFSET  2.6725 -3.0952 -9.1611
X -0.0807 -0.7831 -0.6166
Y  0.9878  0.0197 -0.1544
Z  0.1331 -0.6216  0.7720

PART 62
OFFSET  2.8100 -1.7620 -8.1113
X  0.9394 -0.1709 -0.2972
Y  0.3202  0.7472  0.5824
Z  0.1225 -0.6423  0.7566

PART 63
OFFSET  1.5080 -1.5252 -7.6994
X  0.8306  0.4815  0.2797
Y -0.5445  0.5972  0.5890
Z  0.1166 -0.6415  0.7582

PART 64
OFFSET  0.6072 -2.0473 -8.0027
X -0.3638 -0.7672 -0.5283
Y -0.9266  0.2403  0.2891
Z -0.0948  0.5947 -0.7983

PART 65
OFFSET -4.8911 -3.7941 -11.6684
X -0.8798 -0.1788 -0.4404
Y -0.3623  0.8520  0.3780
Z  0.3076  0.4921 -0.8144

PART 66
OFFSET  2.2174 -4.9389 -8.0443
X -0.9395  0.1783 -0.2923
Y  0.0633 -0.7485 -0.6601
Z -0.3365 -0.6387  0.6920

PART 67
OFFSET  3.8716 -5.2528 -7.5296
X -0.2979 -0.6657 -0.6842
Y  0.8938 -0.4462  0.0449
Z -0.3352 -0.5981  0.7279

PART 68
OFFSET  4.2134 -4.4799 -6.6537
X  0.1147 -0.7444 -0.6578
Y  0.9345 -0.1437  0.3256
Z -0.3369 -0.6520  0.6792

PART 69
OFFSET  4.0838 -3.6390 -5.9107
X -0.9757  0.1887  0.1112
Y  0.2161  0.7476  0.6280
Z  0.0354  0.6368 -0.7702

PART 70
OFFSET  2.5966 -4.1774 -8.7493
X -0.2166 -0.7747 -0.5941
Y  0.9742 -0.2112 -0.0798
Z -0.0636 -0.5960  0.8004

PART 71
OFFSET  3.0197 -2.6641 -7.5887
X  0.8601 -0.4373 -0.2626
Y  0.5086  0.6967  0.5059
Z -0.0383 -0.5687  0.8217

PART 72
OFFSET  1.7634 -2.0253 -7.2052
X  0.8811  0.3875  0.2712
Y -0.4718  0.7615  0.4444
Z -0.0343 -0.5195  0.8538

PART 73
OFFSET  0.7654 -2.4601 -7.5181
X -0.3721 -0.7504 -0.5464
Y -0.9281  0.2937  0.2287
Z -0.0111  0.5922 -0.8057

PART 74
OFFSET  0.0000 -0.0000 -0.0000
X  1.0000 -0.0000  0.0000
Y  0.0000  1.0000  0.0000
Z  0.0000 -0.0000  1.0000

PART 75
OFFSET -0.0000 -0.0000 -0.0000
X  0.9998 -0.0131 -0.0113
Y  0.0128  0.9994 -0.0311
Z  0.0117  0.0310  0.9995

PART 76
OFFSET  1.5887  0.1079  4.1160
X  0.9998 -0.0131 -0.0113
Y  0.0128  0.9994 -0.0311
Z  0.0117  0.0310  0.9995


FRAME 2138
PART 0
OFFSET  0.0000 -0.0000 -0.0000
X  1.0000 -0.0000  0.0000
Y  0.0000  1.0000  0.0000
Z  0.0000 -0.0000  1.0000

PART 1
OFFSET -4.6318 -0.0000 -1.3770
X  1.0000 -0.0000  0.0000
Y  0.0000  1.0000  0.0000
Z  0.0000 -0.0000  1.0000

PART 2
OFFSET  1.6160  1.6487 -7.3253
X  0.5339  0.6643 -0.5231
Y  0.4924 -0.7472 -0.4464
Z -0.6874 -0.0192 -0.7260

PART 3
OFFSET  8.0730  9.6832 -13.6512
X  0.7116 -0.4956  0.4980
Y -0.6988 -0.5731  0.4281
Z  0.0732 -0.6526 -0.7541

PART 4
OFFSET  14.1252  5.4675 -9.4156
X  0.7116 -0.4956  0.4980
Y -0.6769 -0.6735  0.2969
Z  0.1882 -0.5484 -0.8148

PART 5
OFFSET  15.5358  6.3846 -7.7146
X  0.7155 -0.4905  0.4975
Y -0.0651  0.6622  0.7465
Z -0.6956 -0.5665  0.4419

PART 6
OFFSET  15.7777  5.2078 -9.9988
X  0.7155 -0.4905  0.4975
Y -0.0651  0.6622  0.7465
Z -0.6956 -0.5665  0.4419

PART 7
OFFSET  14.3785  4.6007 -6.7847
X  0.7155 -0.4905  0.4975
Y -0.0651  0.6622  0.7465
Z -0.6956 -0.5665  0.4419

PART 8
OFFSET  14.2336  3.3118 -8.0574
X  0.7155 -0.4905  0.4975
Y -0.0651  0.6622  0.7465
Z -0.6956 -0.5665  0.4419

PART 9
OFFSET  14.4201  3.0581 -9.3420
X  0.7155 -0.4905  0.4975
Y -0.0651  0.6622  0.7465
Z -0.6956 -0.5665  0.4419

PART 10
OFFSET  16.3067  3.9480 -7.8890
X  0.7506 -0.6607  0.0028
Y -0.6349 -0.7201  0.2800
Z -0.1830 -0.2120 -0.9600

PART 11
OFFSET  15.9565  2.8688 -8.0116
X  0.2254 -0.9631 -0.1473
Y -0.9090 -0.2623  0.3240
Z -0.3506  0.0609 -0.9345

PART 12
OFFSET  16.3326  0.7678 -8.3492
X  0.5858 -0.8102  0.0177
Y -0.8048 -0.5790  0.1307
Z -0.0956 -0.0908 -0.9913

PART 13
OFFSET  17.3156 -0.5158 -8.4394
X  0.1955 -0.9781  0.0717
Y -0.9599 -0.1759  0.2184
Z -0.2010 -0.1115 -0.9732

PART 14
OFFSET  17.5016 -1.5816 -8.4027
X  0.0757 -0.6866  0.7231
Y  0.3270  0.7021  0.6325
Z -0.9420  0.1886  0.2777

PART 15
OFFSET  17.5847  4.1171 -8.3804
X  0.9066 -0.3877 -0.1668
Y -0.3183 -0.3687 -0.8733
Z  0.2771  0.8448 -0.4577

PART 16
OFFSET  19.5422  3.0777 -8.7956
X  0.4133 -0.5547 -0.7221
Y -0.8266  0.1041 -0.5531
Z  0.3819  0.8255 -0.4155

PART 17
OFFSET  20.1274  2.2923 -9.8180
X -0.1031 -0.4377 -0.8932
Y -0.9005  0.4224 -0.1030
Z  0.4224  0.7937 -0.4377

PART 18
OFFSET  20.0360  1.9042 -10.6099
X -0.3549 -0.3101 -0.8820
Y -0.8618  0.4741  0.1802
Z  0.3623  0.8241 -0.4356

PART 19
OFFSET  19.6987  1.6096 -11.4478
X  0.7601 -0.1796  0.6245
Y -0.3765  0.6616  0.6485
Z -0.5296 -0.7280  0.4353

PART 20
OFFSET  17.3534  3.5228 -8.0597
X  0.9082 -0.4089 -0.0891
Y -0.1703 -0.1666 -0.9712
Z  0.3823  0.8972 -0.2209

PART 21
OFFSET  19.7038  2.4439 -8.3243
X  0.4843 -0.5376 -0.6903
Y -0.7756  0.1013 -0.6230
Z  0.4048  0.8371 -0.3679

PART 22
OFFSET  20.5283  1.5287 -9.4996
X -0.0144 -0.4137 -0.9103
Y -0.9055  0.3916 -0.1637
Z  0.4242  0.8219 -0.3802

PART 23
OFFSET  20.5084  0.9553 -10.7612
X -0.2800 -0.2738 -0.9201
Y -0.8610  0.4956  0.1145
Z  0.4247  0.8243 -0.3745

PART 24
OFFSET  20.2048  0.6584 -11.7591
X  0.7421 -0.0183  0.6701
Y -0.5624  0.5271  0.6372
Z -0.3648 -0.8496  0.3809

PART 25
OFFSET  17.5145  0.6542 -7.9502
X  0.7782 -0.5414 -0.3184
Y  0.3683 -0.0175  0.9296
Z -0.5088 -0.8406  0.1858

PART 26
OFFSET  18.8207  0.9091 -7.3100
X  0.7850 -0.5122 -0.3484
Y -0.3880  0.0320 -0.9211
Z  0.4830  0.8582 -0.1736

PART 27
OFFSET  20.2028  0.0073 -7.9235
X  0.3039 -0.3025 -0.9034
Y -0.8036  0.4280 -0.4136
Z  0.5117  0.8517 -0.1130

PART 28
OFFSET  20.5411 -0.4122 -9.0149
X -0.0498 -0.2971 -0.9535
Y -0.8678  0.4854 -0.1059
Z  0.4944  0.8222 -0.2821

PART 29
OFFSET  20.4848 -0.7478 -10.0920
X  0.9387 -0.1102  0.3267
Y -0.2786  0.3159  0.9070
Z -0.2032 -0.9424  0.2659

PART 30
OFFSET  19.3966  1.7227 -7.7863
X  0.5174 -0.5511 -0.6546
Y -0.6836  0.1940 -0.7036
Z  0.5148  0.8116 -0.2763

PART 31
OFFSET  20.4074  0.6461 -9.0652
X  0.1577 -0.4137 -0.8967
Y -0.8588  0.3908 -0.3313
Z  0.4874  0.8223 -0.2937

PART 32
OFFSET  20.6377  0.0419 -10.3749
X -0.0893 -0.2761 -0.9570
Y -0.8948  0.4442 -0.0447
Z  0.4374  0.8524 -0.2867

PART 33
OFFSET  20.5403 -0.2651 -11.4607
X  0.6120 -0.1265  0.7807
Y -0.5930  0.5797  0.5588
Z -0.5232 -0.8049  0.2798

PART 34
OFFSET  18.4050  2.2216 -9.4952
X  0.3270  0.9078 -0.2628
Y  0.1830  0.2120  0.9600
Z  0.9272 -0.3620 -0.0968

PART 35
OFFSET  3.2603 -4.5711 -6.2380
X  0.9815 -0.0740  0.1764
Y -0.0807  0.6762  0.7323
Z -0.1734 -0.7330  0.6577

PART 36
OFFSET  3.2603 -4.5711 -6.2380
X  0.9815 -0.0740  0.1764
Y -0.0807  0.6762  0.7323
Z -0.1734 -0.7330  0.6577

PART 37
OFFSET  8.0769 -6.8816 -3.9587
X  0.9778 -0.0889  0.1898
Y -0.0807  0.6762  0.7323
Z -0.1935 -0.7313  0.6540

PART 38
OFFSET  12.7400 -3.4813 -6.2011
X  0.9815 -0.0740  0.1764
Y -0.0807  0.6762  0.7323
Z -0.1734 -0.7330  0.6577

PART 39
OFFSET  17.5467 -5.3864 -4.3720
X  0.9131  0.3161  0.2574
Y  0.1889  0.2313 -0.9544
Z -0.3612  0.9201  0.1514

PART 40
OFFSET  13.6400 -0.0392 -21.8078
X  0.9833 -0.0427  0.1770
Y  0.1396  0.8004 -0.5829
Z -0.1168  0.5979  0.7930

PART 41
OFFSET  23.0317 -2.7225 -5.7681
X  0.0807 -0.6762 -0.7323
Y  0.9815 -0.0740  0.1764
Z -0.1734 -0.7330  0.6577

PART 42
OFFSET  7.3447 -5.0771 -5.3005
X  0.9815 -0.0740  0.1764
Y -0.0807  0.6762  0.7323
Z -0.1734 -0.7330  0.6577

PART 43
OFFSET  26.1668 -5.7564 -2.5990
X  0.9815 -0.0740  0.1764
Y -0.0807  0.6762  0.7323
Z -0.1734 -0.7330  0.6577

PART 44
OFFSET -17.6076 -4.8127 -7.0611
X -0.6184  0.1478  0.7719
Y -0.2902 -0.9557 -0.0495
Z  0.7304 -0.2546  0.6339

PART 45
OFFSET -10.1291 -6.6002 -16.3959
X -0.7959 -0.2632 -0.5452
Y  0.5929 -0.1564 -0.7900
Z  0.1226 -0.9520  0.2805

PART 46
OFFSET -3.3596 -4.3615 -11.7587
X -0.7959 -0.2632 -0.5452
Y  0.3497  0.5352 -0.7689
Z  0.4942 -0.8027 -0.3339

PART 47
OFFSET -2.7649 -2.7369 -10.7730
X -0.7998 -0.2594 -0.5414
Y -0.1289  0.9550 -0.2671
Z  0.5863 -0.1439 -0.7972

PART 48
OFFSET -2.9201 -3.1588 -9.6391
X -0.7998 -0.2594 -0.5414
Y -0.1289  0.9550 -0.2671
Z  0.5863 -0.1439 -0.7972

PART 49
OFFSET -2.5904 -4.4475 -9.3172
X -0.7998 -0.2594 -0.5414
Y -0.1289  0.9550 -0.2671
Z  0.5863 -0.1439 -0.7972

PART 50
OFFSET -0.9196 -3.5546 -10.0873
X -0.8801  0.1668 -0.4446
Y  0.4574  0.5494 -0.6992
Z  0.1276 -0.8187 -0.5598

PART 51
OFFSET -1.0175 -3.8236 -8.9827
X -0.3411 -0.0262 -0.9397
Y  0.6882  0.6740 -0.2686
Z  0.6403 -0.7383 -0.2119

PART 52
OFFSET -0.3858 -3.7933 -6.9163
X -0.9018 -0.3536 -0.2485
Y  0.1307  0.3250 -0.9366
Z  0.4119 -0.8771 -0.2469

PART 53
OFFSET  1.0317 -3.1049 -6.5434
X -0.6686 -0.5947  0.4463
Y -0.5190 -0.0565 -0.8529
Z  0.5325 -0.8019 -0.2709

PART 54
OFFSET  1.7392 -2.4241 -6.9991
X -0.9426  0.0644  0.3277
Y  0.1369  0.9695  0.2033
Z -0.3046  0.2365 -0.9227

PART 55
OFFSET  0.2891 -2.9420 -10.3467
X -0.9350 -0.2853 -0.2104
Y  0.3531 -0.8030 -0.4801
Z -0.0320 -0.5232  0.8516

PART 56
OFFSET  2.3421 -2.2787 -9.6910
X -0.0362 -0.7128 -0.7005
Y  0.9909  0.0654 -0.1177
Z  0.1297 -0.6984  0.7039

PART 57
OFFSET  2.3934 -1.2696 -8.6992
X  0.8438 -0.2920 -0.4502
Y  0.5266  0.6123  0.5898
Z  0.1034 -0.7347  0.6704

PART 58
OFFSET  1.6452 -1.0107 -8.3001
X  0.9161  0.3587  0.1791
Y -0.3790  0.6292  0.6786
Z  0.1307 -0.6896  0.7123

PART 59
OFFSET  0.7748 -1.3515 -8.4702
X -0.4817 -0.5696 -0.6660
Y -0.8591  0.1570  0.4871
Z -0.1728  0.8068 -0.5650

PART 60
OFFSET  0.1965 -3.4582 -9.8623
X -0.9382 -0.1217 -0.3240
Y  0.2741 -0.8330 -0.4806
Z -0.2114 -0.5397  0.8149

PART 61
OFFSET  2.6689 -3.0805 -9.1530
X -0.0835 -0.7829 -0.6165
Y  0.9876  0.0177 -0.1562
Z  0.1332 -0.6219  0.7717

PART 62
OFFSET  2.8110 -1.7477 -8.1033
X  0.9385 -0.1728 -0.2989
Y  0.3228  0.7465  0.5819
Z  0.1226 -0.6426  0.7563

PART 63
OFFSET  1.5103 -1.5082 -7.6891
X  0.8321  0.4797  0.2782
Y -0.5422  0.5983  0.5900
Z  0.1166 -0.6418  0.7579

PART 64
OFFSET  0.6078 -2.0285 -7.9908
X -0.3664 -0.7664 -0.5277
Y -0.9256  0.2422  0.2909
Z -0.0951  0.5950 -0.7981

PART 65
OFFSET -4.9007 -3.7637 -11.6465
X -0.8810 -0.1769 -0.4388
Y -0.3598  0.8527  0.3787
Z  0.3071  0.4915 -0.8149

PART 66
OFFSET  2.2120 -4.9233 -8.0355
X -0.9397  0.1803 -0.2906
Y  0.0605 -0.7486 -0.6602
Z -0.3366 -0.6380  0.6926

PART 67
OFFSET  3.8665 -5.2407 -7.5239
X -0.3005 -0.6650 -0.6837
Y  0.8930 -0.4480  0.0433
Z -0.3351 -0.5975  0.7285

PART 68
OFFSET  4.2115 -4.4685 -6.6485
X  0.1120 -0.7446 -0.6580
Y  0.9348 -0.1457  0.3239
Z -0.3370 -0.6514  0.6798

PART 69
OFFSET  4.0850 -3.6274 -5.9052
X -0.9751  0.1907  0.1130
Y  0.2188  0.7471  0.6277
Z  0.0353  0.6368 -0.7702

PART 70
OFFSET  2.5915 -4.1626 -8.7411
X -0.2193 -0.7742 -0.5937
Y  0.9736 -0.2132 -0.0816
Z -0.0634 -0.5960  0.8005

PART 71
OFFSET  3.0198 -2.6502 -7.5812
X  0.8588 -0.4390 -0.2642
Y  0.5110  0.6956  0.5050
Z -0.0379 -0.5686  0.8217

PART 72
OFFSET  1.7655 -2.0089 -7.1953
X  0.8823  0.3857  0.2696
Y -0.4694  0.7625  0.4453
Z -0.0338 -0.5195  0.8538

PART 73
OFFSET  0.7661 -2.4416 -7.5065
X -0.3746 -0.7495 -0.5458
Y -0.9271  0.2956  0.2304
Z -0.0114  0.5923 -0.8056

PART 74
OFFSET  0.0000 -0.0000 -0.0000
X  1.0000 -0.0000  0.0000
Y  0.0000  1.0000  0.0000
Z  0.0000 -0.0000  1.0000

PART 75
OFFSET -0.0000 -0.0000 -0.0000
X  0.9999 -0.0111 -0.0132
Y  0.0106  0.9995 -0.0311
Z  0.0135  0.0309  0.9994

PART 76
OFFSET  1.5962  0.1108  4.1130
X  0.9999 -0.0111 -0.0132
Y  0.0106  0.9995 -0.0311
Z  0.0135  0.0309  0.9994


FRAME 2139
PART 0
OFFSET  0.0000 -0.0000 -0.0000
X  1.0000 -0.0000  0.0000
Y  0.0000  1.0000  0.0000
Z  0.0000 -0.0000  1.0000

PART 1
OFFSET -4.6318 -0.0000 -1.3770
X  1.0000 -0.0000  0.0000
Y  0.0000  1.0000  0.0000
Z  0.0000 -0.0000  1.0000

PART 2
OFFSET  1.6160  1.6487 -7.3253
X  0.4749  0.7248 -0.4992
Y  0.5232 -0.6886 -0.5021
Z -0.7077 -0.0227 -0.7062

PART 3
OFFSET  7.3592  10.4142 -13.3622
X  0.7317 -0.4996  0.4636
Y -0.6757 -0.6210  0.3973
Z  0.0894 -0.6040 -0.7920

PART 4
OFFSET  13.5830  6.1648 -9.4190
X  0.7317 -0.4996  0.4636
Y -0.6466 -0.7239  0.2405
Z  0.2154 -0.4758 -0.8528

PART 5
OFFSET  14.9749  7.0274 -7.6747
X  0.7355 -0.4943  0.4634
Y -0.0816  0.6143  0.7849
Z -0.6726 -0.6151  0.4114

PART 6
OFFSET  15.2387  5.9967 -10.0260
X  0.7355 -0.4943  0.4634
Y -0.0816  0.6143  0.7849
Z -0.6726 -0.6151  0.4114

PART 7
OFFSET  13.8858  5.1531 -6.8457
X  0.7355 -0.4943  0.4634
Y -0.0816  0.6143  0.7849
Z -0.6726 -0.6151  0.4114

PART 8
OFFSET  13.7747  3.9375 -8.1918
X  0.7355 -0.4943  0.4634
Y -0.0816  0.6143  0.7849
Z -0.6726 -0.6151  0.4114

PART 9
OFFSET  13.9596  3.7667 -9.4902
X  0.7355 -0.4943  0.4634
Y -0.0816  0.6143  0.7849
Z -0.6726 -0.6151  0.4114

PART 10
OFFSET  15.8263  4.6332 -7.9977
X  0.7156 -0.6910 -0.1023
Y -0.6616 -0.7174  0.2182
