// Export filename: `C:\projects\cod\t5\xanim_export\t5_viewmodels\ak47\ak47_masterkey_mk_d2p_out.XANIM_EXPORT`
// Source filename: `D:\projects\devanim\t5\animation_assets\viewmodels/ak47/ViewModel_AK47_MasterKey_animated.fbx`
// Export time: Wed Jul 07 18:24:10 2010

ANIMATION
VERSION 3

NUMPARTS 77
PART 0 "tag_ads"
PART 1 "tag_torso"
PART 2 "J_Shoulder_LE"
PART 3 "J_Elbow_LE"
PART 4 "J_WristTwist_LE"
PART 5 "J_Sleave_Reshape_Bottom_LE_1"
PART 6 "J_Sleave_Reshape_Bottom_LE_2"
PART 7 "J_Sleave_Reshape_Top_LE_1"
PART 8 "J_Sleave_Reshape_Top_LE_2"
PART 9 "J_Sleave_Reshape_Top_LE_3"
PART 10 "J_Wrist_LE"
PART 11 "J_Thumb_LE_0"
PART 12 "J_Thumb_LE_1"
PART 13 "J_Thumb_LE_2"
PART 14 "J_Thumb_LE_3"
PART 15 "J_PinkyPalm_LE"
PART 16 "J_Pinky_LE_0"
PART 17 "J_Pinky_LE_1"
PART 18 "J_Pinky_LE_2"
PART 19 "J_Pinky_LE_3"
PART 20 "J_RingPalm_LE"
PART 21 "J_Ring_LE_0"
PART 22 "J_Ring_LE_1"
PART 23 "J_Ring_LE_2"
PART 24 "J_Ring_LE_3"
PART 25 "J_Webbing_LE"
PART 26 "J_Index_LE_0"
PART 27 "J_Index_LE_1"
PART 28 "J_Index_LE_2"
PART 29 "J_Index_LE_3"
PART 30 "J_Mid_LE_0"
PART 31 "J_Mid_LE_1"
PART 32 "J_Mid_LE_2"
PART 33 "J_Mid_LE_3"
PART 34 "tag_knife_attach"
PART 35 "tag_weapon"
PART 36 "J_Gun"
PART 37 "J_bolt"
PART 38 "tag_masterkey"
PART 39 "tag_brass2"
PART 40 "tag_ammo2"
PART 41 "tag_pump2"
PART 42 "TAG_CLIP"
PART 43 "TAG_FLASH"
PART 44 "J_Shoulder_RI"
PART 45 "J_Elbow_RI"
PART 46 "J_WristTwist_RI"
PART 47 "J_Sleave_Reshape_Top_RI_3"
PART 48 "J_Sleave_Reshape_Top_RI_2"
PART 49 "J_Sleave_Reshape_Top_RI_1"
PART 50 "J_Wrist_RI"
PART 51 "J_Thumb_RI_0"
PART 52 "J_Thumb_RI_1"
PART 53 "J_Thumb_RI_2"
PART 54 "J_Thumb_RI_3"
PART 55 "J_PinkyPalm_RI"
PART 56 "J_Pinky_RI_0"
PART 57 "J_Pinky_RI_1"
PART 58 "J_Pinky_RI_2"
PART 59 "J_Pinky_RI_3"
PART 60 "J_RingPalm_RI"
PART 61 "J_Ring_RI_0"
PART 62 "J_Ring_RI_1"
PART 63 "J_Ring_RI_2"
PART 64 "J_Ring_RI_3"
PART 65 "J_Webbing_RI"
PART 66 "J_Index_RI_0"
PART 67 "J_Index_RI_1"
PART 68 "J_Index_RI_2"
PART 69 "J_Index_RI_3"
PART 70 "J_Mid_RI_0"
PART 71 "J_Mid_RI_1"
PART 72 "J_Mid_RI_2"
PART 73 "J_Mid_RI_3"
PART 74 "tag_cambone"
PART 75 "tag_camera"
PART 76 "tag_gasmask"

FRAMERATE 30
NUMFRAMES 11

FRAME 1985
PART 0
OFFSET  0.0000 -0.0000 -0.0000
X  1.0000 -0.0000  0.0000
Y  0.0000  1.0000  0.0000
Z  0.0000 -0.0000  1.0000

PART 1
OFFSET -4.6318 -0.0000 -1.3770
X  1.0000 -0.0000  0.0000
Y  0.0000  1.0000  0.0000
Z  0.0000 -0.0000  1.0000

PART 2
OFFSET  4.6617  8.1839 -10.3474
X  0.9888  0.1278 -0.0773
Y  0.0183 -0.6173 -0.7865
Z -0.1482  0.7763 -0.6127

PART 3
OFFSET  16.6200  9.7291 -11.2826
X  0.3212 -0.9407  0.1094
Y -0.9451 -0.3111  0.0998
Z -0.0598 -0.1354 -0.9890

PART 4
OFFSET  19.3516  1.7282 -10.3522
X  0.3212 -0.9407  0.1094
Y  0.8760  0.3390  0.3431
Z -0.3598 -0.0144  0.9329

PART 5
OFFSET  20.6466  0.8992 -8.5192
X  0.3269 -0.9385  0.1114
Y  0.0726  0.1425  0.9871
Z -0.9423 -0.3146  0.1147

PART 6
OFFSET  20.8203  1.0659 -11.0888
X  0.3269 -0.9385  0.1114
Y  0.0726  0.1425  0.9871
Z -0.9423 -0.3146  0.1147

PART 7
OFFSET  18.6854 -0.3382 -8.6135
X  0.3269 -0.9385  0.1114
Y  0.0726  0.1425  0.9871
Z -0.9423 -0.3146  0.1147

PART 8
OFFSET  18.1762 -0.6257 -10.4793
X  0.3269 -0.9385  0.1114
Y  0.0726  0.1425  0.9871
Z -0.9423 -0.3146  0.1147

PART 9
OFFSET  18.4904 -0.2561 -11.7097
X  0.3269 -0.9385  0.1114
Y  0.0726  0.1425  0.9871
Z -0.9423 -0.3146  0.1147

PART 10
OFFSET  20.3362 -1.1556 -10.0169
X  0.9597 -0.2773 -0.0461
Y  0.2512  0.7724  0.5833
Z -0.1262 -0.5714  0.8109

PART 11
OFFSET  20.9585 -0.7695 -9.1417
X  0.9516 -0.0956  0.2921
Y  0.0258  0.9719  0.2339
Z -0.3062 -0.2150  0.9273

PART 12
OFFSET  22.9975 -0.8907 -8.4365
X  0.9291 -0.3563 -0.0989
Y  0.3621  0.8222  0.4393
Z -0.0752 -0.4439  0.8929

PART 13
OFFSET  24.4674 -1.5648 -8.5223
X  0.9951 -0.0827  0.0551
Y  0.0584  0.9354  0.3488
Z -0.0804 -0.3438  0.9356

PART 14
OFFSET  25.5408 -1.6540 -8.4140
X  0.7982  0.3526 -0.4884
Y -0.5310  0.0290 -0.8469
Z -0.2845  0.9353  0.2104

PART 15
OFFSET  20.8539 -2.3328 -10.5166
X  0.4901 -0.8524  0.1823
Y -0.3728 -0.0160  0.9278
Z -0.7879 -0.5227 -0.3257

PART 16
OFFSET  22.0242 -4.1738 -9.9459
X -0.0384 -0.2818  0.9587
Y -0.7316  0.6614  0.1651
Z -0.6806 -0.6950 -0.2316

PART 17
OFFSET  21.9698 -4.5728 -8.5886
X -0.5642  0.3205  0.7609
Y -0.4912  0.6105 -0.6213
Z -0.6636 -0.7243 -0.1870

PART 18
OFFSET  21.4696 -4.2886 -7.9139
X -0.7235  0.6640  0.1889
Y  0.0266  0.3003 -0.9535
Z -0.6898 -0.6848 -0.2349

PART 19
OFFSET  20.7822 -3.6578 -7.7344
X  0.6365 -0.5973  0.4880
Y  0.3985 -0.2871 -0.8711
Z  0.6604  0.7489  0.0552

PART 20
OFFSET  21.2495 -1.8007 -10.2523
X  0.8354 -0.5045 -0.2181
Y -0.1567 -0.5989  0.7853
Z -0.5268 -0.6219 -0.5794

PART 21
OFFSET  23.2129 -3.4849 -10.5112
X  0.1112 -0.5866  0.8022
Y -0.7685  0.4611  0.4437
Z -0.6302 -0.6658 -0.3995

PART 22
OFFSET  23.4022 -4.4836 -9.1455
X -0.6486  0.1749  0.7408
Y -0.4407  0.7073 -0.5528
Z -0.6206 -0.6850 -0.3817

PART 23
OFFSET  22.5033 -4.2412 -8.1188
X -0.7779  0.6070  0.1627
Y  0.1227  0.4006 -0.9080
Z -0.6163 -0.6863 -0.3861

PART 24
OFFSET  21.6596 -3.5829 -7.9423
X  0.5369 -0.7599  0.3664
Y  0.5727  0.0094 -0.8197
Z  0.6195  0.6499  0.4403

PART 25
OFFSET  23.6258 -1.0902 -8.7980
X  0.8193 -0.5692  0.0693
Y  0.4093  0.4959 -0.7659
Z  0.4015  0.6559  0.6392

PART 26
OFFSET  24.3120 -1.4411 -10.0578
X  0.6996 -0.6835 -0.2084
Y -0.2809 -0.5312  0.7993
Z -0.6570 -0.5007 -0.5636

PART 27
OFFSET  25.5438 -2.6444 -10.4247
X  0.3399 -0.8843  0.3203
Y -0.6921 -0.0046  0.7218
Z -0.6368 -0.4670 -0.6135

PART 28
OFFSET  25.9957 -3.6910 -9.9981
X -0.2138 -0.4882  0.8462
Y -0.7520  0.6351  0.1764
Z -0.6235 -0.5986 -0.5029

PART 29
OFFSET  25.7542 -4.2424 -9.0423
X  0.5731 -0.5828 -0.5762
Y  0.0605  0.7312 -0.6795
Z  0.8173  0.3545  0.4543

PART 30
OFFSET  23.9146 -2.3520 -10.5402
X  0.3741 -0.8294  0.4149
Y -0.6641  0.0727  0.7441
Z -0.6473 -0.5540 -0.5236

PART 31
OFFSET  24.6455 -3.9722 -9.7296
X -0.5069 -0.1987  0.8388
Y -0.5402  0.8315 -0.1294
Z -0.6718 -0.5187 -0.5288

PART 32
OFFSET  23.9051 -4.2625 -8.5044
X -0.7156  0.5750  0.3966
Y  0.1343  0.6704 -0.7297
Z -0.6855 -0.4690 -0.5570

PART 33
OFFSET  23.0897 -3.6150 -8.0587
X  0.5068 -0.8391  0.1976
Y  0.5107  0.1076 -0.8530
Z  0.6945  0.5332  0.4831

PART 34
OFFSET  22.6105 -3.1943 -9.2204
X -0.5756 -0.6236 -0.5290
Y  0.1262  0.5714 -0.8109
Z  0.8080 -0.5335 -0.2502

PART 35
OFFSET  5.0120 -2.6584 -4.3968
X  0.9914 -0.0046 -0.1309
Y  0.0023  0.9998 -0.0173
Z  0.1310  0.0168  0.9912

PART 36
OFFSET  5.0120 -2.6584 -4.3968
X  0.9914 -0.0046 -0.1309
Y  0.0023  0.9998 -0.0173
Z  0.1310  0.0168  0.9912

PART 37
OFFSET  10.5751 -2.9246 -2.7491
X  0.9939 -0.0042 -0.1106
Y  0.0023  0.9998 -0.0173
Z  0.1107  0.0169  0.9937

PART 38
OFFSET  13.8462 -2.7419 -8.0028
X  0.9914 -0.0046 -0.1309
Y  0.0023  0.9998 -0.0173
Z  0.1310  0.0168  0.9912

PART 39
OFFSET  19.2136 -3.0723 -6.9250
X  0.8822  0.3206 -0.3448
Y -0.1100 -0.5716 -0.8131
Z -0.4578  0.7553 -0.4690

PART 40
OFFSET -7.8713 -2.6091 -4.1050
X  0.9604  0.0026  0.2785
Y  0.0023  0.9998 -0.0173
Z -0.2785  0.0172  0.9603

PART 41
OFFSET  23.6115 -2.8227 -11.3665
X -0.0023 -0.9998  0.0173
Y  0.9914 -0.0046 -0.1309
Z  0.1310  0.0168  0.9912

PART 42
OFFSET  9.2241 -2.6579 -4.6718
X  0.9914 -0.0046 -0.1309
Y  0.0023  0.9998 -0.0173
Z  0.1310  0.0168  0.9912

PART 43
OFFSET  27.9321 -2.7606 -8.1406
X  0.9914 -0.0046 -0.1309
Y  0.0023  0.9998 -0.0173
Z  0.1310  0.0168  0.9912

PART 44
OFFSET -10.8444 -11.7139 -5.9426
X -0.9306  0.3457 -0.1204
Y -0.2449 -0.3435  0.9067
Z  0.2721  0.8732  0.4043

PART 45
OFFSET  0.4102 -15.8943 -4.4866
X  0.0477 -0.9870  0.1532
Y  0.9963  0.0580  0.0639
Z -0.0720  0.1496  0.9861

PART 46
OFFSET  0.0047 -7.4991 -5.7898
X  0.0477 -0.9870  0.1532
Y  0.9806  0.0754  0.1807
Z -0.1899  0.1416  0.9715

PART 47
OFFSET -0.6554 -6.2979 -7.2342
X  0.0420 -0.9878  0.1499
Y  0.0571 -0.1474 -0.9874
Z  0.9975  0.0500  0.0502

PART 48
OFFSET -1.6425 -5.8680 -6.6609
X  0.0420 -0.9878  0.1499
Y  0.0571 -0.1474 -0.9874
Z  0.9975  0.0500  0.0502

PART 49
OFFSET -1.6027 -5.5591 -5.3282
X  0.0420 -0.9878  0.1499
Y  0.0571 -0.1474 -0.9874
Z  0.9975  0.0500  0.0502

PART 50
OFFSET -0.1415 -4.4732 -6.2595
X -0.9810 -0.1418 -0.1324
Y  0.1587 -0.1946 -0.9680
Z  0.1115 -0.9706  0.2134

PART 51
OFFSET  0.1009 -3.8231 -5.3535
X -0.5666 -0.6850 -0.4580
Y  0.4703  0.1876 -0.8623
Z  0.6766 -0.7040  0.2159

PART 52
OFFSET  1.2389 -2.3244 -4.2912
X -0.8628 -0.3399  0.3741
Y -0.1764 -0.4911 -0.8531
Z  0.4737 -0.8021  0.3637

PART 53
OFFSET  2.5683 -1.7152 -4.9868
X -0.4183 -0.0047  0.9083
Y -0.7078 -0.6251 -0.3292
Z  0.5693 -0.7806  0.2581

PART 54
OFFSET  3.0066 -1.6637 -5.9752
X -0.8203  0.3691  0.4369
Y  0.0209  0.7827 -0.6220
Z -0.5715 -0.5011 -0.6498

PART 55
OFFSET  0.8361 -4.3654 -7.2271
X -0.8959 -0.2634  0.3578
Y  0.3441 -0.9208  0.1836
Z  0.2811  0.2876  0.9156

PART 56
OFFSET  2.8477 -3.6188 -7.9203
X -0.0989 -0.9902  0.0985
Y  0.8996 -0.1312 -0.4165
Z  0.4253  0.0474  0.9038

PART 57
OFFSET  2.9878 -2.2168 -8.0596
X  0.7325 -0.6025 -0.3170
Y  0.5526  0.7981 -0.2401
Z  0.3977  0.0007  0.9175

PART 58
OFFSET  2.3383 -1.6827 -7.7786
X  0.8574  0.2905 -0.4249
Y -0.2874  0.9550  0.0731
Z  0.4270  0.0594  0.9023

PART 59
OFFSET  1.5238 -1.9587 -7.3749
X -0.5371 -0.8303  0.1486
Y -0.7147  0.5416  0.4427
Z -0.4480  0.1316 -0.8843

PART 60
OFFSET  0.9619 -4.3404 -6.5249
X -0.9562 -0.2388  0.1695
Y  0.2739 -0.9342  0.2287
Z  0.1038  0.2651  0.9586

PART 61
OFFSET  3.4341 -3.7806 -7.1023
X -0.1100 -0.9703  0.2154
Y  0.8944 -0.1912 -0.4045
Z  0.4336  0.1482  0.8888

PART 62
OFFSET  3.6214 -2.1287 -7.4690
X  0.8422 -0.4193 -0.3390
Y  0.3343  0.8993 -0.2818
Z  0.4230  0.1240  0.8976

PART 63
OFFSET  2.4542 -1.5476 -6.9993
X  0.7833  0.4519 -0.4269
Y -0.4605  0.8831  0.0899
Z  0.4176  0.1262  0.8998

PART 64
OFFSET  1.6046 -2.0376 -6.5363
X -0.3582 -0.8685  0.3427
Y -0.8437  0.4583  0.2796
Z -0.3999 -0.1890 -0.8969

PART 65
OFFSET -4.2988 -5.4191 -5.8775
X -0.9227 -0.3657  0.1220
Y -0.3855  0.8791 -0.2803
Z -0.0048 -0.3057 -0.9521

PART 66
OFFSET  3.6028 -4.1345 -4.9344
X -0.9995 -0.0133 -0.0294
Y  0.0096 -0.9927  0.1205
Z -0.0308  0.1201  0.9923

PART 67
OFFSET  5.3625 -4.1111 -4.8827
X -0.3536 -0.9228  0.1531
Y  0.9350 -0.3440  0.0861
Z -0.0267  0.1736  0.9845

PART 68
OFFSET  5.7908 -2.9788 -5.0090
X  0.0584 -0.9929  0.1035
Y  0.9978  0.0614  0.0262
Z -0.0324  0.1018  0.9943

PART 69
OFFSET  5.7248 -1.8572 -5.1259
X -0.9288  0.2964  0.2223
Y  0.2475  0.9429 -0.2230
Z -0.2757 -0.1521 -0.9491

PART 70
OFFSET  3.6504 -4.1866 -6.0369
X -0.2345 -0.9357  0.2638
Y  0.9394 -0.2879 -0.1861
Z  0.2501  0.2041  0.9465

PART 71
OFFSET  4.1084 -2.3588 -6.5522
X  0.8202 -0.5633 -0.0997
Y  0.5015  0.7919 -0.3484
Z  0.2753  0.2358  0.9320

PART 72
OFFSET  2.9104 -1.5360 -6.4065
X  0.8445  0.3787 -0.3787
Y -0.4569  0.8783 -0.1407
Z  0.2793  0.2919  0.9148

PART 73
OFFSET  1.9516 -1.9663 -5.9842
X -0.3736 -0.8700  0.3218
Y -0.8700  0.4490  0.2039
Z -0.3219 -0.2038 -0.9246

PART 74
OFFSET  0.0000 -0.0000 -0.0000
X  1.0000 -0.0000  0.0000
Y  0.0000  1.0000  0.0000
Z  0.0000 -0.0000  1.0000

PART 75
OFFSET  0.0000 -0.0000 -0.0000
X  0.9976 -0.0000  0.0698
Y  0.0049  0.9976 -0.0696
Z -0.0696  0.0698  0.9951

PART 76
OFFSET  1.2489  0.2885  4.2231
X  0.9976 -0.0000  0.0698
Y  0.0049  0.9976 -0.0696
Z -0.0696  0.0698  0.9951


FRAME 1986
PART 0
OFFSET  0.0000 -0.0000 -0.0000
X  1.0000 -0.0000  0.0000
Y  0.0000  1.0000  0.0000
Z  0.0000 -0.0000  1.0000

PART 1
OFFSET -4.6318 -0.0000 -1.3770
X  1.0000 -0.0000  0.0000
Y  0.0000  1.0000  0.0000
Z  0.0000 -0.0000  1.0000

PART 2
OFFSET  4.2468  7.3204 -9.9307
X  0.9733  0.1769 -0.1459
Y  0.0080 -0.6621 -0.7494
Z -0.2292  0.7282 -0.6458

PART 3
OFFSET  16.0183  9.4602 -11.6955
X  0.3445 -0.9268  0.1499
Y -0.9323 -0.3190  0.1702
Z -0.1100 -0.1984 -0.9739

PART 4
OFFSET  18.9482  1.5777 -10.4206
X  0.3445 -0.9268  0.1499
Y  0.8418  0.3756  0.3876
Z -0.4155 -0.0073  0.9096

PART 5
OFFSET  20.3547  0.8863 -8.6129
X  0.3503 -0.9243  0.1515
Y  0.1224  0.2055  0.9710
Z -0.9286 -0.3216  0.1852

PART 6
OFFSET  20.3878  0.8935 -11.1935
X  0.3503 -0.9243  0.1515
Y  0.1224  0.2055  0.9710
Z -0.9286 -0.3216  0.1852

PART 7
OFFSET  18.4153 -0.3853 -8.5233
X  0.3503 -0.9243  0.1515
Y  0.1224  0.2055  0.9710
Z -0.9286 -0.3216  0.1852

PART 8
OFFSET  17.8249 -0.7910 -10.3238
X  0.3503 -0.9243  0.1515
Y  0.1224  0.2055  0.9710
Z -0.9286 -0.3216  0.1852

PART 9
OFFSET  18.0659 -0.4947 -11.5901
X  0.3503 -0.9243  0.1515
Y  0.1224  0.2055  0.9710
Z -0.9286 -0.3216  0.1852

PART 10
OFFSET  20.0042 -1.2634 -9.9611
X  0.9542 -0.2938 -0.0564
Y  0.2668  0.7506  0.6044
Z -0.1352 -0.5918  0.7946

PART 11
OFFSET  20.6354 -0.9142 -9.0769
X  0.9502 -0.1217  0.2868
Y  0.0446  0.9642  0.2614
Z -0.3083 -0.2356  0.9216

PART 12
OFFSET  22.6733 -1.0936 -8.3807
X  0.9220 -0.3707 -0.1114
Y  0.3784  0.8024  0.4616
Z -0.0817 -0.4677  0.8801

PART 13
OFFSET  24.1301 -1.7923 -8.4896
X  0.9934 -0.1028  0.0501
Y  0.0767  0.9238  0.3751
Z -0.0849 -0.3688  0.9256

PART 14
OFFSET  25.2018 -1.9047 -8.3866
X  0.8036  0.3514 -0.4803
Y -0.5322  0.0631 -0.8443
Z -0.2664  0.9341  0.2377

PART 15
OFFSET  20.4986 -2.4353 -10.4955
X  0.4744 -0.8663  0.1566
Y -0.3712 -0.0355  0.9279
Z -0.7982 -0.4983 -0.3384

PART 16
OFFSET  21.6353 -4.3135 -9.9805
X -0.0417 -0.3083  0.9504
Y -0.7187  0.6700  0.1858
Z -0.6941 -0.6753 -0.2495

PART 17
OFFSET  21.5762 -4.7499 -8.6350
X -0.5565  0.3091  0.7712
Y -0.4809  0.6370 -0.6024
Z -0.6775 -0.7061 -0.2058

PART 18
OFFSET  21.0828 -4.4758 -7.9512
X -0.7105  0.6717  0.2097
Y  0.0302  0.3268 -0.9446
Z -0.7030 -0.6648 -0.2525

PART 19
OFFSET  20.4078 -3.8377 -7.7520
X  0.6261 -0.6228  0.4691
Y  0.3912 -0.2696 -0.8800
Z  0.6745  0.7345  0.0748

PART 20
OFFSET  20.9047 -1.9185 -10.2171
X  0.8253 -0.5137 -0.2346
Y -0.1663 -0.6181  0.7683
Z -0.5396 -0.5951 -0.5955

PART 21
OFFSET  22.8355 -3.6311 -10.5291
X  0.1018 -0.6113  0.7849
Y -0.7587  0.4626  0.4587
Z -0.6434 -0.6422 -0.4167

PART 22
OFFSET  23.0088 -4.6717 -9.1929
X -0.6436  0.1658  0.7472
Y -0.4284  0.7309 -0.5312
Z -0.6342 -0.6620 -0.3994

PART 23
OFFSET  22.1168 -4.4420 -8.1573
X -0.7660  0.6166  0.1820
Y  0.1283  0.4240 -0.8965
Z -0.6299 -0.6634 -0.4039

PART 24
OFFSET  21.2861 -3.7733 -7.9600
X  0.5233 -0.7800  0.3432
Y  0.5710  0.0221 -0.8206
Z  0.6325  0.6254  0.4570

PART 25
OFFSET  23.2970 -1.2944 -8.7494
X  0.8086 -0.5861  0.0509
Y  0.4170  0.5098 -0.7525
Z  0.4151  0.6297  0.6566

PART 26
OFFSET  23.9738 -1.6220 -10.0205
X  0.6862 -0.6902 -0.2296
Y -0.2892 -0.5485  0.7846
Z -0.6675 -0.4720 -0.5760

PART 27
OFFSET  25.1820 -2.8372 -10.4247
X  0.3239 -0.8993  0.2940
Y -0.6905 -0.0122  0.7232
Z -0.6468 -0.4373 -0.6249

PART 28
OFFSET  25.6150 -3.9039 -10.0293
X -0.2212 -0.5080  0.8325
Y -0.7396  0.6438  0.1964
Z -0.6357 -0.5722 -0.5181

PART 29
OFFSET  25.3652 -4.4777 -9.0890
X  0.5608 -0.5767 -0.5940
Y  0.0728  0.7490 -0.6585
Z  0.8247  0.3260  0.4621

PART 30
OFFSET  23.5583 -2.5112 -10.5276
X  0.3593 -0.8477  0.3902
Y -0.6611  0.0638  0.7476
Z -0.6587 -0.5266 -0.5375

PART 31
OFFSET  24.2603 -4.1672 -9.7655
X -0.5088 -0.2131  0.8341
Y -0.5247  0.8449 -0.1043
Z -0.6825 -0.4907 -0.5416

PART 32
OFFSET  23.5172 -4.4784 -8.5471
X -0.7039  0.5767  0.4147
Y  0.1453  0.6883 -0.7107
Z -0.6953 -0.4400 -0.5683

PART 33
OFFSET  22.7150 -3.8288 -8.0810
X  0.4913 -0.8538  0.1723
Y  0.5109  0.1223 -0.8509
Z  0.7054  0.5061  0.4963

PART 34
OFFSET  22.2414 -3.3663 -9.2289
X -0.5883 -0.5974 -0.5450
Y  0.1352  0.5918 -0.7946
Z  0.7973 -0.5412 -0.2674

PART 35
OFFSET  4.6662 -2.6387 -4.3460
X  0.9908 -0.0194 -0.1336
Y  0.0211  0.9997  0.0112
Z  0.1333 -0.0139  0.9910

PART 36
OFFSET  4.6662 -2.6387 -4.3460
X  0.9908 -0.0194 -0.1336
Y  0.0211  0.9997  0.0112
Z  0.1333 -0.0139  0.9910

PART 37
OFFSET  10.2267 -3.0560 -2.7212
X  0.9934 -0.0197 -0.1133
Y  0.0211  0.9997  0.0112
Z  0.1131 -0.0135  0.9935

PART 38
OFFSET  13.4897 -2.7847 -7.9761
X  0.9908 -0.0194 -0.1336
Y  0.0211  0.9997  0.0112
Z  0.1333 -0.0139  0.9910

PART 39
OFFSET  18.8522 -3.2462 -6.9222
X  0.8874  0.3138 -0.3378
Y -0.1224 -0.5460 -0.8288
Z -0.4445  0.7768 -0.4461

PART 40
OFFSET -8.2133 -2.3564 -4.0192
X  0.9609 -0.0234  0.2760
Y  0.0211  0.9997  0.0112
Z -0.2762 -0.0050  0.9611

PART 41
OFFSET  23.2448 -2.9523 -11.3662
X -0.0211 -0.9997 -0.0112
Y  0.9908 -0.0194 -0.1336
Z  0.1333 -0.0139  0.9910

PART 42
OFFSET  8.8770 -2.7093 -4.6319
X  0.9908 -0.0194 -0.1336
Y  0.0211  0.9997  0.0112
Z  0.1333 -0.0139  0.9910

PART 43
OFFSET  27.5724 -3.0633 -8.1512
X  0.9908 -0.0194 -0.1336
Y  0.0211  0.9997  0.0112
Z  0.1333 -0.0139  0.9910

PART 44
OFFSET -11.0338 -11.5206 -5.9739
X -0.9312  0.3497 -0.1023
Y -0.2358 -0.3643  0.9009
Z  0.2778  0.8631  0.4217

PART 45
OFFSET  0.2286 -15.7501 -4.7364
X  0.0651 -0.9893  0.1305
Y  0.9960  0.0724  0.0524
Z -0.0613  0.1266  0.9901

PART 46
OFFSET -0.3249 -7.3356 -5.8462
X  0.0651 -0.9893  0.1305
Y  0.5900  0.1436  0.7946
Z -0.8048  0.0253  0.5930

PART 47
OFFSET -1.0226 -6.1134 -7.2547
X  0.0594 -0.9901  0.1272
Y  0.0463 -0.1245 -0.9911
Z  0.9972  0.0647  0.0385

PART 48
OFFSET -2.0086 -5.7119 -6.6593
X  0.0594 -0.9901  0.1272
Y  0.0463 -0.1245 -0.9911
Z  0.9972  0.0647  0.0385

PART 49
OFFSET -1.9560 -5.4321 -5.3207
X  0.0594 -0.9901  0.1272
Y  0.0463 -0.1245 -0.9911
Z  0.9972  0.0647  0.0385

PART 50
OFFSET -0.5244 -4.3027 -6.2462
X -0.9838 -0.1196 -0.1338
Y  0.1530 -0.1698 -0.9735
Z  0.0937 -0.9782  0.1854

PART 51
OFFSET -0.2680 -3.6834 -5.3227
X -0.5803 -0.6609 -0.4758
Y  0.4719  0.2033 -0.8579
Z  0.6637 -0.7224  0.1940

PART 52
OFFSET  0.9002 -2.2373 -4.2210
X -0.8683 -0.3342  0.3665
Y -0.1874 -0.4631 -0.8662
Z  0.4593 -0.8209  0.3395

PART 53
OFFSET  2.2394 -1.6334 -4.9025
X -0.4164 -0.0228  0.9089
Y -0.7201 -0.6021 -0.3450
Z  0.5551 -0.7981  0.2343

PART 54
OFFSET  2.6765 -1.5620 -5.8902
X -0.8123  0.3718  0.4493
Y  0.0343  0.7996 -0.5995
Z -0.5822 -0.4716 -0.6623

PART 55
OFFSET  0.4530 -4.1857 -7.2129
X -0.8999 -0.2567  0.3525
Y  0.3271 -0.9320  0.1564
Z  0.2884  0.2561  0.9226

PART 56
OFFSET  2.4769 -3.4574 -7.8897
X -0.1173 -0.9906  0.0705
Y  0.8961 -0.1361 -0.4224
Z  0.4280  0.0136  0.9037

PART 57
OFFSET  2.6430 -2.0549 -7.9895
X  0.7204 -0.6068 -0.3360
Y  0.5670  0.7942 -0.2187
Z  0.3995 -0.0329  0.9161

PART 58
OFFSET  2.0042 -1.5169 -7.6916
X  0.8618  0.2864 -0.4187
Y -0.2692  0.9578  0.1011
Z  0.4300  0.0256  0.9025

PART 59
OFFSET  1.1855 -1.7890 -7.2938
X -0.5523 -0.8240  0.1263
Y -0.7035  0.5420  0.4598
Z -0.4473  0.1651 -0.8790

PART 60
OFFSET  0.5808 -4.1831 -6.5106
X -0.9601 -0.2256  0.1652
Y  0.2567 -0.9453  0.2013
Z  0.1107  0.2357  0.9655

PART 61
OFFSET  3.0618 -3.6535 -7.0782
X -0.1278 -0.9738  0.1880
Y  0.8898 -0.1963 -0.4121
Z  0.4382  0.1146  0.8915

PART 62
OFFSET  3.2793 -1.9955 -7.3983
X  0.8335 -0.4251 -0.3530
Y  0.3506  0.9006 -0.2569
Z  0.4271  0.0904  0.8997

PART 63
OFFSET  2.1242 -1.4063 -6.9091
X  0.7908  0.4491 -0.4159
Y -0.4436  0.8887  0.1162
Z  0.4218  0.0926  0.9019

PART 64
OFFSET  1.2666 -1.8934 -6.4580
X -0.3737 -0.8710  0.3188
Y -0.8343  0.4658  0.2947
Z -0.4052 -0.1558 -0.9008

PART 65
OFFSET -4.6979 -5.1811 -5.8804
X -0.9292 -0.3517  0.1139
Y -0.3695  0.8938 -0.2541
Z -0.0125 -0.2782 -0.9604

PART 66
OFFSET  3.2283 -4.0722 -4.9218
X -0.9996  0.0063 -0.0272
Y -0.0088 -0.9957  0.0921
Z -0.0265  0.0923  0.9954

PART 67
OFFSET  4.9883 -4.0833 -4.8740
X -0.3706 -0.9200  0.1276
Y  0.9286 -0.3638  0.0738
Z -0.0214  0.1459  0.9891

PART 68
OFFSET  5.4375 -2.9560 -4.9691
X  0.0400 -0.9964  0.0751
Y  0.9988  0.0420  0.0253
Z -0.0284  0.0740  0.9969

PART 69
OFFSET  5.3923 -1.8305 -5.0538
X -0.9226  0.3073  0.2331
Y  0.2647  0.9441 -0.1967
Z -0.2805 -0.1197 -0.9524

PART 70
OFFSET  3.2726 -4.0937 -6.0254
X -0.2515 -0.9383  0.2376
Y  0.9334 -0.3000 -0.1967
Z  0.2559  0.1723  0.9512

PART 71
OFFSET  3.7639 -2.2608 -6.4896
X  0.8093 -0.5755 -0.1179
Y  0.5156  0.7920 -0.3270
Z  0.2816  0.2039  0.9376

PART 72
OFFSET  2.5818 -1.4202 -6.3174
X  0.8507  0.3734 -0.3700
Y -0.4406  0.8904 -0.1145
Z  0.2867  0.2604  0.9220

PART 73
OFFSET  1.6160 -1.8444 -5.9050
X -0.3892 -0.8717  0.2979
Y -0.8609  0.4592  0.2189
Z -0.3276 -0.1712 -0.9292

PART 74
OFFSET  0.0000 -0.0000 -0.0000
X  1.0000 -0.0000  0.0000
Y  0.0000  1.0000  0.0000
Z  0.0000 -0.0000  1.0000

PART 75
OFFSET  0.0000 -0.0000 -0.0000
X  0.9992 -0.0000  0.0401
Y  0.0008  0.9998 -0.0203
Z -0.0401  0.0203  0.9990

PART 76
OFFSET  1.3735  0.0839  4.1933
X  0.9992 -0.0000  0.0401
Y  0.0008  0.9998 -0.0203
Z -0.0401  0.0203  0.9990


FRAME 1987
PART 0
OFFSET  0.0000 -0.0000 -0.0000
X  1.0000 -0.0000  0.0000
Y  0.0000  1.0000  0.0000
Z  0.0000 -0.0000  1.0000

PART 1
OFFSET -4.6318 -0.0000 -1.3770
X  1.0000 -0.0000  0.0000
Y  0.0000  1.0000  0.0000
Z  0.0000 -0.0000  1.0000

PART 2
OFFSET  3.8240  6.4288 -9.5083
X  0.9512  0.2249 -0.2113
Y  0.0360 -0.7610 -0.6478
Z -0.3065  0.6085 -0.7320

PART 3
OFFSET  15.3277  9.1487 -12.0639
X  0.3932 -0.8782  0.2723
Y -0.9109 -0.3318  0.2455
Z -0.1252 -0.3445 -0.9304

PART 4
OFFSET  18.6723  1.6792 -9.7482
X  0.3932 -0.8782  0.2723
Y  0.6926  0.4777  0.5404
Z -0.6047 -0.0239  0.7961

PART 5
OFFSET  20.1573  1.3254 -7.9059
X  0.3990 -0.8753  0.2733
Y  0.1373  0.3517  0.9260
Z -0.9066 -0.3319  0.2604

PART 6
OFFSET  20.1233  0.9536 -10.4596
X  0.3990 -0.8753  0.2733
Y  0.1373  0.3517  0.9260
Z -0.9066 -0.3319  0.2604

PART 7
OFFSET  18.2855 -0.0044 -7.5681
X  0.3990 -0.8753  0.2733
Y  0.1373  0.3517  0.9260
Z -0.9066 -0.3319  0.2604

PART 8
OFFSET  17.6822 -0.6874 -9.2574
X  0.3990 -0.8753  0.2733
Y  0.1373  0.3517  0.9260
Z -0.9066 -0.3319  0.2604

PART 9
OFFSET  17.8756 -0.5706 -10.5606
X  0.3990 -0.8753  0.2733
Y  0.1373  0.3517  0.9260
Z -0.9066 -0.3319  0.2604

PART 10
OFFSET  19.8778 -1.0131 -8.9135
X  0.9541 -0.2987 -0.0235
Y  0.2379  0.7075  0.6655
Z -0.1822 -0.6405  0.7460

PART 11
OFFSET  20.4618 -0.7277 -7.9755
X  0.9323 -0.1491  0.3294
Y  0.0360  0.9448  0.3255
Z -0.3598 -0.2916  0.8863

PART 12
OFFSET  22.4573 -0.9713 -7.1828
X  0.9245 -0.3716 -0.0850
Y  0.3574  0.7672  0.5325
Z -0.1327 -0.5227  0.8421

PART 13
OFFSET  23.9135 -1.6755 -7.2575
X  0.9886 -0.1154  0.0972
Y  0.0616  0.8969  0.4379
Z -0.1377 -0.4269  0.8937

PART 14
OFFSET  24.9773 -1.8046 -7.1041
X  0.8309  0.3739 -0.4121
Y -0.4847  0.1225 -0.8661
Z -0.2733  0.9193  0.2830

PART 15
OFFSET  20.3936 -2.1528 -9.4952
X  0.4598 -0.8791  0.1256
Y -0.4217 -0.0917  0.9021
Z -0.7815 -0.4678 -0.4129

PART 16
OFFSET  21.4889 -4.0711 -9.0423
X -0.0956 -0.3685  0.9247
Y -0.7237  0.6635  0.1896
Z -0.6834 -0.6511 -0.3302

PART 17
OFFSET  21.3535 -4.5928 -7.7332
X -0.5960  0.2641  0.7583
Y -0.4433  0.6792 -0.5850
Z -0.6695 -0.6848 -0.2877

PART 18
OFFSET  20.8251 -4.3587 -7.0609
X -0.7168  0.6636  0.2140
Y  0.0839  0.3867 -0.9184
Z -0.6922 -0.6403 -0.3329

PART 19
OFFSET  20.1441 -3.7282 -6.8576
X  0.5957 -0.6578  0.4610
Y  0.4372 -0.2160 -0.8731
Z  0.6738  0.7216  0.1589

PART 20
OFFSET  20.7870 -1.6589 -9.1623
X  0.8338 -0.5054 -0.2223
Y -0.2119 -0.6647  0.7164
Z -0.5098 -0.5502 -0.6613

PART 21
OFFSET  22.7216 -3.3663 -9.4794
X  0.0549 -0.6616  0.7479
Y -0.7799  0.4393  0.4458
Z -0.6235 -0.6077 -0.4918

PART 22
OFFSET  22.8150 -4.4926 -8.2062
X -0.6826  0.1234  0.7203
Y -0.3942  0.7677 -0.5051
Z -0.6153 -0.6288 -0.4754

PART 23
OFFSET  21.8690 -4.3216 -7.2079
X -0.7710  0.6109  0.1798
Y  0.1798  0.4797 -0.8588
Z -0.6109 -0.6299 -0.4797

PART 24
OFFSET  21.0328 -3.6591 -7.0129
X  0.4990 -0.8055  0.3197
Y  0.6153  0.0695 -0.7852
Z  0.6103  0.5885  0.5303

PART 25
OFFSET  23.0990 -1.1539 -7.5294
X  0.8010 -0.5960  0.0566
Y  0.4607  0.5532 -0.6941
Z  0.3823  0.5820  0.7177

PART 26
OFFSET  23.8425 -1.4053 -8.7804
X  0.6935 -0.6805 -0.2364
Y -0.3351 -0.5951  0.7304
Z -0.6378 -0.4274 -0.6408

PART 27
OFFSET  25.0636 -2.6035 -9.1965
X  0.3018 -0.9194  0.2522
Y -0.7292 -0.0522  0.6823
Z -0.6142 -0.3898 -0.6862

PART 28
OFFSET  25.4678 -3.6975 -8.8483
X -0.2695 -0.5585  0.7845
Y -0.7453  0.6369  0.1974
Z -0.6098 -0.5315 -0.5879

PART 29
OFFSET  25.1633 -4.3284 -7.9622
X  0.5890 -0.5426 -0.5989
Y  0.1134  0.7892 -0.6035
Z  0.8002  0.2876  0.5264

PART 30
OFFSET  23.4500 -2.2558 -9.3660
X  0.3323 -0.8746  0.3532
Y -0.7007  0.0218  0.7131
Z -0.6314 -0.4844 -0.6055

PART 31
OFFSET  24.0991 -3.9643 -8.6760
X -0.5550 -0.2615  0.7897
Y -0.5131  0.8548 -0.0775
Z -0.6548 -0.4482 -0.6086

PART 32
OFFSET  23.2884 -4.3463 -7.5226
X -0.7220  0.5555  0.4124
Y  0.1883  0.7313 -0.6555
Z -0.6658 -0.3957 -0.6326

PART 33
OFFSET  22.4658 -3.7204 -7.0595
X  0.4759 -0.8678  0.1429
Y  0.5575  0.1720 -0.8122
Z  0.6802  0.4662  0.5656

PART 34
OFFSET  22.0587 -3.1802 -8.1990
X -0.5612 -0.5553 -0.6138
Y  0.1822  0.6405 -0.7460
Z  0.8074 -0.5304 -0.2583

PART 35
OFFSET  4.2470 -2.6000 -4.2408
X  0.9965 -0.0203 -0.0806
Y  0.0265  0.9967  0.0773
Z  0.0787 -0.0791  0.9938

PART 36
OFFSET  4.2470 -2.6000 -4.2408
X  0.9965 -0.0203 -0.0806
Y  0.0265  0.9967  0.0773
Z  0.0787 -0.0791  0.9938

PART 37
OFFSET  9.7074 -3.1747 -2.3469
X  0.9979 -0.0219 -0.0602
Y  0.0265  0.9967  0.0773
Z  0.0584 -0.0787  0.9952

PART 38
OFFSET  13.2552 -2.5964 -7.3881
X  0.9965 -0.0203 -0.0806
Y  0.0265  0.9967  0.0773
Z  0.0787 -0.0791  0.9938

PART 39
OFFSET  18.5489 -3.1766 -6.0768
X  0.9065  0.3263 -0.2680
Y -0.0801 -0.4902 -0.8679
Z -0.4146  0.8082 -0.4182

PART 40
OFFSET -8.6291 -2.2154 -4.5962
X  0.9442 -0.0504  0.3256
Y  0.0265  0.9967  0.0773
Z -0.3284 -0.0643  0.9423

PART 41
OFFSET  23.1802 -2.6389 -10.2472
X -0.0265 -0.9967 -0.0773
Y  0.9965 -0.0203 -0.0806
Z  0.0787 -0.0791  0.9938

PART 42
OFFSET  8.4666 -2.6925 -4.3016
X  0.9965 -0.0203 -0.0806
Y  0.0265  0.9967  0.0773
Z  0.0787 -0.0791  0.9938

PART 43
OFFSET  27.3243 -2.9987 -6.8160
X  0.9965 -0.0203 -0.0806
Y  0.0265  0.9967  0.0773
Z  0.0787 -0.0791  0.9938

PART 44
OFFSET -11.5478 -10.9961 -6.0589
X -0.9233  0.3807 -0.0503
Y -0.2095 -0.3897  0.8968
Z  0.3218  0.8386  0.4396

PART 45
OFFSET -0.3810 -15.5999 -5.4505
X  0.0398 -0.9949  0.0928
Y  0.9991  0.0411  0.0125
Z -0.0162  0.0922  0.9956

PART 46
OFFSET -0.7196 -7.1379 -6.2396
X  0.0398 -0.9949  0.0928
Y  0.3464  0.1008  0.9326
Z -0.9372 -0.0050  0.3487

PART 47
OFFSET -1.4370 -5.8452 -7.5735
X  0.0340 -0.9954  0.0897
Y  0.0013 -0.0897 -0.9960
Z  0.9994  0.0339 -0.0017

PART 48
OFFSET -2.3846 -5.4369 -6.9229
X  0.0340 -0.9954  0.0897
Y  0.0013 -0.0897 -0.9960
Z  0.9994  0.0339 -0.0017

PART 49
OFFSET -2.2679 -5.2076 -5.5787
X  0.0340 -0.9954  0.0897
Y  0.0013 -0.0897 -0.9960
Z  0.9994  0.0339 -0.0017

PART 50
OFFSET -0.8416 -4.0879 -6.5241
X -0.9757 -0.1012 -0.1945
Y  0.2051 -0.1081 -0.9727
Z  0.0774 -0.9890  0.1263

PART 51
OFFSET -0.6325 -3.5320 -5.5497
X -0.5574 -0.6232 -0.5486
Y  0.5195  0.2536 -0.8160
Z  0.6477 -0.7398  0.1824

PART 52
OFFSET  0.4824 -2.1712 -4.2947
X -0.8891 -0.3488  0.2964
Y -0.1425 -0.4045 -0.9034
Z  0.4350 -0.8454  0.3099

PART 53
OFFSET  1.8605 -1.5376 -4.8617
X -0.4657 -0.0774  0.8815
Y -0.7037 -0.5716 -0.4220
Z  0.5365 -0.8169  0.2117

PART 54
OFFSET  2.3516 -1.4068 -5.8175
X -0.8335  0.3498  0.4278
Y  0.0720  0.8363 -0.5436
Z -0.5479 -0.4223 -0.7222

PART 55
OFFSET  0.1880 -3.9182 -7.4266
X -0.9194 -0.2702  0.2857
Y  0.3123 -0.9432  0.1131
Z  0.2389  0.1932  0.9516

PART 56
OFFSET  2.2503 -3.1673 -7.9438
X -0.1270 -0.9919 -0.0005
Y  0.9171 -0.1172 -0.3811
Z  0.3779 -0.0488  0.9245

PART 57
OFFSET  2.4301 -1.7630 -7.9431
X  0.7340 -0.5908 -0.3350
Y  0.5829  0.8011 -0.1356
Z  0.3485 -0.0958  0.9324

PART 58
OFFSET  1.7793 -1.2392 -7.6460
X  0.8852  0.3045 -0.3518
Y -0.2685  0.9518  0.1483
Z  0.3800 -0.0368  0.9243

PART 59
OFFSET  0.9384 -1.5285 -7.3118
X -0.5634 -0.8251  0.0423
Y -0.7243  0.5179  0.4551
Z -0.3974  0.2258 -0.8894

PART 60
OFFSET  0.2770 -3.9621 -6.7197
X -0.9691 -0.2265  0.0978
Y  0.2395 -0.9587  0.1531
Z  0.0591  0.1718  0.9834

PART 61
OFFSET  2.7887 -3.4209 -7.1162
X -0.1438 -0.9827  0.1171
Y  0.9098 -0.1778 -0.3750
Z  0.3894  0.0526  0.9196

PART 62
OFFSET  3.0335 -1.7479 -7.3156
X  0.8490 -0.4095 -0.3340
Y  0.3696  0.9119 -0.1785
Z  0.3777  0.0280  0.9255

PART 63
OFFSET  1.8569 -1.1804 -6.8527
X  0.8151  0.4674 -0.3423
Y -0.4439  0.8835  0.1494
Z  0.3723  0.0302  0.9276

PART 64
OFFSET  0.9729 -1.6873 -6.4814
X -0.3959 -0.8862  0.2408
Y -0.8464  0.4539  0.2786
Z -0.3562 -0.0935 -0.9297

PART 65
OFFSET -5.0343 -4.9479 -6.4433
X -0.9361 -0.3493  0.0402
Y -0.3495  0.9119 -0.2152
Z  0.0385 -0.2155 -0.9757

PART 66
OFFSET  2.8342 -3.9795 -4.9856
X -0.9966  0.0176 -0.0809
Y -0.0199 -0.9994  0.0266
Z -0.0804  0.0282  0.9964

PART 67
OFFSET  4.5888 -4.0105 -4.8432
X -0.3826 -0.9227  0.0473
Y  0.9209 -0.3767  0.1003
Z -0.0747  0.0820  0.9938

PART 68
OFFSET  5.0494 -2.8838 -4.8403
X  0.0297 -0.9995  0.0123
Y  0.9961  0.0306  0.0822
Z -0.0825  0.0098  0.9965

PART 69
OFFSET  5.0158 -1.7549 -4.8542
X -0.9321  0.3005  0.2021
Y  0.2808  0.9522 -0.1203
Z -0.2286 -0.0554 -0.9719

PART 70
OFFSET  2.9387 -3.9301 -6.0843
X -0.2698 -0.9492  0.1622
Y  0.9410 -0.2956 -0.1648
Z  0.2044  0.1081  0.9729

PART 71
OFFSET  3.4658 -2.0759 -6.4011
X  0.8110 -0.5744 -0.1109
Y  0.5375  0.8064 -0.2464
Z  0.2310  0.1403  0.9628

PART 72
OFFSET  2.2813 -1.2368 -6.2392
X  0.8720  0.3883 -0.2982
Y -0.4282  0.9001 -0.0802
Z  0.2373  0.1976  0.9511

PART 73
OFFSET  1.2918 -1.6774 -5.9082
X -0.4102 -0.8853  0.2190
Y -0.8688  0.4524  0.2012
Z -0.2772 -0.1078 -0.9548

PART 74
OFFSET  0.0000 -0.0000 -0.0000
X  1.0000 -0.0000  0.0000
Y  0.0000  1.0000  0.0000
Z  0.0000 -0.0000  1.0000

PART 75
OFFSET -0.0000 -0.0000 -0.0000
X  1.0000 -0.0000 -0.0052
Y  0.0003  0.9988  0.0495
Z  0.0052 -0.0495  0.9988

PART 76
OFFSET  1.5618 -0.2048  4.1227
X  1.0000 -0.0000 -0.0052
Y  0.0003  0.9988  0.0495
Z  0.0052 -0.0495  0.9988


FRAME 1988
PART 0
OFFSET  0.0000 -0.0000 -0.0000
X  1.0000 -0.0000  0.0000
Y  0.0000  1.0000  0.0000
Z  0.0000 -0.0000  1.0000

PART 1
OFFSET -4.6318 -0.0000 -1.3770
X  1.0000 -0.0000  0.0000
Y  0.0000  1.0000  0.0000
Z  0.0000 -0.0000  1.0000

PART 2
OFFSET  3.4056  5.5372 -9.0919
X  0.9318  0.2574 -0.2558
Y  0.0893 -0.8459 -0.5258
Z -0.3517  0.4671 -0.8112

PART 3
OFFSET  14.6752  8.6498 -12.1854
X  0.4422 -0.8022  0.4013
Y -0.8911 -0.3418  0.2987
Z -0.1024 -0.4896 -0.8659

PART 4
OFFSET  18.4360  1.8271 -8.7723
X  0.4422 -0.8022  0.4013
Y  0.4137  0.5794  0.7023
Z -0.7958 -0.1445  0.5880

PART 5
OFFSET  19.9333  1.8453 -6.9063
X  0.4477 -0.7988  0.4018
Y  0.1141  0.4967  0.8604
Z -0.8869 -0.3394  0.3135

PART 6
OFFSET  19.9284  1.0852 -9.3726
X  0.4477 -0.7988  0.4018
Y  0.1141  0.4967  0.8604
Z -0.8869 -0.3394  0.3135

PART 7
OFFSET  18.1399  0.4782 -6.3578
X  0.4477 -0.7988  0.4018
Y  0.1141  0.4967  0.8604
Z -0.8869 -0.3394  0.3135

PART 8
OFFSET  17.5943 -0.4766 -7.9081
X  0.4477 -0.7988  0.4018
Y  0.1141  0.4967  0.8604
Z -0.8869 -0.3394  0.3135

PART 9
OFFSET  17.7846 -0.5501 -9.2149
X  0.4477 -0.7988  0.4018
Y  0.1141  0.4967  0.8604
Z -0.8869 -0.3394  0.3135

PART 10
OFFSET  19.7916 -0.6321 -7.5421
X  0.9549 -0.2959  0.0246
Y  0.1848  0.6571  0.7308
Z -0.2325 -0.6933  0.6821

PART 11
OFFSET  20.3040 -0.4158 -6.5456
X  0.9067 -0.1725  0.3850
Y  0.0070  0.9186  0.3952
Z -0.4218 -0.3556  0.8341

PART 12
OFFSET  22.2378 -0.7160 -5.6291
X  0.9303 -0.3642 -0.0441
Y  0.3133  0.7264  0.6116
Z -0.1907 -0.5828  0.7899

PART 13
OFFSET  23.6995 -1.4125 -5.6482
X  0.9795 -0.1219  0.1605
Y  0.0245  0.8626  0.5054
Z -0.2001 -0.4910  0.8478

PART 14
OFFSET  24.7500 -1.5522 -5.4272
X  0.8566  0.4032 -0.3220
Y -0.4210  0.1853 -0.8880
Z -0.2983  0.8962  0.3284

PART 15
OFFSET  20.3548 -1.7262 -8.1659
X  0.4544 -0.8858  0.0945
Y -0.4858 -0.1574  0.8598
Z -0.7467 -0.4366 -0.5018

PART 16
OFFSET  21.4248 -3.6721 -7.7750
X -0.1607 -0.4350  0.8859
Y -0.7393  0.6478  0.1840
Z -0.6539 -0.6254 -0.4257

PART 17
OFFSET  21.1973 -4.2880 -6.5206
X -0.6512  0.2079  0.7299
Y -0.4033  0.7199 -0.5648
Z -0.6429 -0.6622 -0.3849

PART 18
OFFSET  20.6200 -4.1037 -5.8735
X -0.7342  0.6461  0.2087
Y  0.1485  0.4527 -0.8792
Z -0.6625 -0.6145 -0.4283

PART 19
OFFSET  19.9224 -3.4899 -5.6752
X  0.5642 -0.6895  0.4542
Y  0.5008 -0.1516 -0.8522
Z  0.6564  0.7083  0.2598

PART 20
OFFSET  20.7200 -1.2578 -7.7700
X  0.8506 -0.4876 -0.1969
Y -0.2598 -0.7153  0.6487
Z -0.4572 -0.5006 -0.7351

PART 21
OFFSET  22.6821 -2.9370 -8.0684
X  0.0039 -0.7144  0.6998
Y -0.8128  0.4054  0.4184
Z -0.5826 -0.5704 -0.5790

PART 22
OFFSET  22.6888 -4.1532 -6.8770
X -0.7340  0.0704  0.6755
Y -0.3606  0.8025 -0.4754
Z -0.5755 -0.5926 -0.5636

PART 23
OFFSET  21.6716 -4.0557 -5.9408
X -0.7855  0.5959  0.1669
Y  0.2392  0.5411 -0.8062
Z -0.5708 -0.5933 -0.5676

PART 24
OFFSET  20.8197 -3.4094 -5.7597
X  0.4788 -0.8266  0.2958
Y  0.6705  0.1268 -0.7310
Z  0.5667  0.5484  0.6149

PART 25
OFFSET  22.9041 -0.8727 -5.9402
X  0.7981 -0.5983  0.0715
Y  0.5069  0.6025 -0.6164
Z  0.3257  0.5282  0.7841

PART 26
OFFSET  23.7381 -1.0320 -7.1484
X  0.7127 -0.6613 -0.2339
Y -0.3841 -0.6469  0.6588
Z -0.5870 -0.3797 -0.7151

PART 27
OFFSET  24.9930 -2.1963 -7.5603
X  0.2877 -0.9353  0.2060
Y -0.7767 -0.1020  0.6216
Z -0.5604 -0.3388 -0.7558

PART 28
OFFSET  25.3768 -3.3127 -7.2640
X -0.3229 -0.6143  0.7200
Y -0.7612  0.6206  0.1882
Z -0.5624 -0.4873 -0.6680

PART 29
OFFSET  25.0121 -4.0066 -6.4507
X  0.6341 -0.4973 -0.5921
Y  0.1526  0.8312 -0.5346
Z  0.7580  0.2486  0.6030

PART 30
OFFSET  23.3941 -1.8376 -7.8215
X  0.3105 -0.8979  0.3120
Y -0.7509 -0.0304  0.6597
Z -0.5829 -0.4391 -0.6837

PART 31
OFFSET  24.0007 -3.5917 -7.2121
X -0.6096 -0.3186  0.7259
Y -0.5108  0.8581 -0.0524
Z -0.6062 -0.4027 -0.6858

PART 32
OFFSET  23.1103 -4.0570 -6.1518
X -0.7532  0.5238  0.3979
Y  0.2314  0.7773 -0.5851
Z -0.6157 -0.3486 -0.7067

PART 33
OFFSET  22.2527 -3.4668 -5.7058
X  0.4691 -0.8758  0.1138
Y  0.6142  0.2310 -0.7546
Z  0.6346  0.4239  0.6463

PART 34
OFFSET  21.9266 -2.8450 -6.8297
X -0.5118 -0.5092 -0.6919
Y  0.2325  0.6933 -0.6821
Z  0.8270 -0.5100 -0.2365

PART 35
OFFSET  3.8709 -2.5597 -4.1520
X  0.9999 -0.0141 -0.0088
Y  0.0153  0.9884  0.1513
Z  0.0066 -0.1514  0.9885

PART 36
OFFSET  3.8709 -2.5597 -4.1520
X  0.9999 -0.0141 -0.0088
Y  0.0153  0.9884  0.1513
Z  0.0066 -0.1514  0.9885

PART 37
OFFSET  9.1819 -3.2697 -1.9110
X  0.9998 -0.0172  0.0114
Y  0.0153  0.9884  0.1513
Z -0.0139 -0.1511  0.9884

PART 38
OFFSET  13.0844 -2.3242 -6.6240
X  0.9999 -0.0141 -0.0088
Y  0.0153  0.9884  0.1513
Z  0.0066 -0.1514  0.9885

PART 39
OFFSET  18.2716 -2.9972 -4.9750
X  0.9217  0.3453 -0.1766
Y -0.0140 -0.4256 -0.9048
Z -0.3876  0.8365 -0.3875

PART 40
OFFSET -8.9470 -2.1535 -5.4186
X  0.9182 -0.0738  0.3892
Y  0.0153  0.9884  0.1513
Z -0.3959 -0.1330  0.9086

PART 41
OFFSET  23.1914 -2.1554 -8.7456
X -0.0153 -0.9884 -0.1513
Y  0.9999 -0.0141 -0.0088
Z  0.0066 -0.1514  0.9885

PART 42
OFFSET  8.0842 -2.6465 -3.9109
X  0.9999 -0.0141 -0.0088
Y  0.0153  0.9884  0.1513
Z  0.0066 -0.1514  0.9885

PART 43
OFFSET  27.0764 -2.7636 -5.0560
X  0.9999 -0.0141 -0.0088
Y  0.0153  0.9884  0.1513
Z  0.0066 -0.1514  0.9885

PART 44
OFFSET -12.3053 -10.2232 -6.1842
X -0.9015  0.4313  0.0350
Y -0.1759 -0.4391  0.8811
Z  0.3954  0.7881  0.4717

PART 45
OFFSET -1.4024 -15.4397 -6.6069
X -0.0322 -0.9992  0.0256
Y  0.9982 -0.0335 -0.0494
Z  0.0502  0.0240  0.9985

PART 46
OFFSET -1.1282 -6.9415 -6.8247
X -0.0322 -0.9992  0.0256
Y  0.5050 -0.0384 -0.8623
Z  0.8625 -0.0149  0.5058

PART 47
OFFSET -1.8210 -5.5102 -8.0233
X -0.0383 -0.9990  0.0229
Y -0.0648 -0.0204 -0.9977
Z  0.9972 -0.0397 -0.0640

PART 48
OFFSET -2.6936 -5.0793 -7.2880
X -0.0383 -0.9990  0.0229
Y -0.0648 -0.0204 -0.9977
Z  0.9972 -0.0397 -0.0640

PART 49
OFFSET -2.4798 -4.9528 -5.9421
X -0.0383 -0.9990  0.0229
Y -0.0648 -0.0204 -0.9977
Z  0.9972 -0.0397 -0.0640

PART 50
OFFSET -1.0294 -3.8784 -6.9033
X -0.9583 -0.0870 -0.2721
Y  0.2761 -0.0368 -0.9604
Z  0.0736 -0.9955  0.0593

PART 51
OFFSET -0.8949 -3.3950 -5.8784
X -0.5124 -0.5817 -0.6317
Y  0.5761  0.3126 -0.7552
Z  0.6368 -0.7509  0.1749

PART 52
OFFSET  0.1179 -2.1291 -4.4496
X -0.9064 -0.3697  0.2044
Y -0.0740 -0.3375 -0.9384
Z  0.4159 -0.8657  0.2785

PART 53
OFFSET  1.5301 -1.4555 -4.8668
X -0.5283 -0.1416  0.8372
Y -0.6679 -0.5394 -0.5127
Z  0.5242 -0.8300  0.1904

PART 54
OFFSET  2.0888 -1.2551 -5.7721
X -0.8644  0.3174  0.3900
Y  0.1067  0.8737 -0.4746
Z -0.4914 -0.3686 -0.7891

PART 55
OFFSET  0.0622 -3.6429 -7.7134
X -0.9363 -0.2906  0.1973
Y  0.3085 -0.9489  0.0667
Z  0.1679  0.1233  0.9781

PART 56
OFFSET  2.1526 -2.8558 -8.0225
X -0.1211 -0.9893 -0.0819
Y  0.9431 -0.0889 -0.3205
Z  0.3098 -0.1161  0.9437

PART 57
OFFSET  2.3240 -1.4552 -7.9065
X  0.7597 -0.5646 -0.3226
Y  0.5868  0.8090 -0.0340
Z  0.2802 -0.1635  0.9459

PART 58
OFFSET  1.6504 -0.9547 -7.6205
X  0.9067  0.3296 -0.2631
Y -0.2839  0.9384  0.1971
Z  0.3118 -0.1040  0.9444

PART 59
OFFSET  0.7889 -1.2678 -7.3706
X -0.5604 -0.8261 -0.0591
Y -0.7584  0.4832  0.4374
Z -0.3328  0.2900 -0.8973

PART 60
OFFSET  0.0998 -3.7384 -7.0070
X -0.9724 -0.2333  0.0100
Y  0.2331 -0.9673  0.1001
Z -0.0137  0.0996  0.9949

PART 61
OFFSET  2.6306 -3.1690 -7.1784
X -0.1464 -0.9886  0.0345
Y  0.9357 -0.1498 -0.3195
Z  0.3210 -0.0145  0.9470

PART 62
OFFSET  2.8799 -1.4859 -7.2372
X  0.8733 -0.3838 -0.3000
Y  0.3765  0.9226 -0.0842
Z  0.3091 -0.0395  0.9502

PART 63
OFFSET  1.6696 -0.9540 -6.8214
X  0.8352  0.4913 -0.2469
Y -0.4585  0.8702  0.1804
Z  0.3035 -0.0375  0.9521

PART 64
OFFSET  0.7637 -1.4868 -6.5535
X -0.4075 -0.9015  0.1461
Y -0.8670  0.4321  0.2483
Z -0.2869 -0.0255 -0.9576

PART 65
OFFSET -5.2119 -4.7430 -7.1919
X -0.9346 -0.3516 -0.0538
Y -0.3380  0.9251 -0.1733
Z  0.1107 -0.1438 -0.9834

PART 66
OFFSET  2.5238 -3.8815 -5.0965
X -0.9881  0.0232 -0.1520
Y -0.0162 -0.9987 -0.0477
Z -0.1530 -0.0446  0.9872

PART 67
OFFSET  4.2635 -3.9224 -4.8288
X -0.3799 -0.9238 -0.0480
Y  0.9132 -0.3828  0.1397
Z -0.1474  0.0092  0.9890

PART 68
OFFSET  4.7164 -2.7988 -4.7104
X  0.0343 -0.9977 -0.0584
Y  0.9873  0.0248  0.1568
Z -0.1550 -0.0630  0.9859

PART 69
OFFSET  4.6776 -1.6719 -4.6445
X -0.9460  0.2847  0.1548
Y  0.2835  0.9585 -0.0298
Z -0.1568  0.0157 -0.9875

PART 70
OFFSET  2.7079 -3.7521 -6.1781
X -0.2756 -0.9585  0.0725
Y  0.9521 -0.2826 -0.1167
Z  0.1323  0.0369  0.9905

PART 71
OFFSET  3.2463 -1.8796 -6.3198
X  0.8201 -0.5646 -0.0928
Y  0.5495  0.8224 -0.1472
Z  0.1594  0.0697  0.9847

PART 72
OFFSET  2.0485 -1.0549 -6.1842
X  0.8892  0.4093 -0.2046
Y -0.4263  0.9034 -0.0455
Z  0.1662  0.1277  0.9778

PART 73
OFFSET  1.0399 -1.5187 -5.9594
X -0.4202 -0.8990  0.1235
Y -0.8837  0.4363  0.1695
Z -0.2063 -0.0379 -0.9778

PART 74
OFFSET  0.0000 -0.0000 -0.0000
X  1.0000 -0.0000  0.0000
Y  0.0000  1.0000  0.0000
Z  0.0000 -0.0000  1.0000

PART 75
OFFSET -0.0000 -0.0000 -0.0000
X  0.9994 -0.0000 -0.0349
Y  0.0030  0.9964  0.0847
Z  0.0348 -0.0848  0.9958

PART 76
OFFSET  1.6833 -0.3506  4.0646
X  0.9994 -0.0000 -0.0349
Y  0.0030  0.9964  0.0847
Z  0.0348 -0.0848  0.9958


FRAME 1989
PART 0
OFFSET  0.0000 -0.0000 -0.0000
X  1.0000 -0.0000  0.0000
Y  0.0000  1.0000  0.0000
Z  0.0000 -0.0000  1.0000

PART 1
OFFSET -4.6318 -0.0000 -1.3770
X  1.0000 -0.0000  0.0000
Y  0.0000  1.0000  0.0000
Z  0.0000 -0.0000  1.0000

PART 2
OFFSET  3.0036  4.6736 -8.6932
X  0.9155  0.2857 -0.2831
Y  0.1408 -0.8870 -0.4398
Z -0.3768  0.3628 -0.8523

PART 3
OFFSET  14.0760  8.1290 -12.1175
X  0.4849 -0.7321  0.4784
Y -0.8717 -0.3602  0.3323
Z -0.0709 -0.5782 -0.8128

PART 4
OFFSET  18.2006  1.9023 -8.0483
X  0.4849 -0.7321  0.4784
Y  0.1678  0.6148  0.7706
Z -0.8583 -0.2934  0.4210

PART 5
OFFSET  19.6864  2.1903 -6.1952
X  0.4903 -0.7284  0.4786
Y  0.0822  0.5853  0.8066
Z -0.8677 -0.3561  0.3468

PART 6
OFFSET  19.7350  1.1900 -8.5738
X  0.4903 -0.7284  0.4786
Y  0.0822  0.5853  0.8066
Z -0.8677 -0.3561  0.3468

PART 7
OFFSET  17.9706  0.7852 -5.5113
X  0.4903 -0.7284  0.4786
Y  0.0822  0.5853  0.8066
Z -0.8677 -0.3561  0.3468

PART 8
OFFSET  17.4978 -0.3342 -6.9490
X  0.4903 -0.7284  0.4786
Y  0.0822  0.5853  0.8066
Z -0.8677 -0.3561  0.3468

PART 9
OFFSET  17.6976 -0.5262 -8.2423
X  0.4903 -0.7284  0.4786
Y  0.0822  0.5853  0.8066
Z -0.8677 -0.3561  0.3468

PART 10
OFFSET  19.6873 -0.3420 -6.5815
X  0.9547 -0.2914  0.0603
Y  0.1401  0.6189  0.7729
Z -0.2626 -0.7294  0.6317

