// Export filename: `C:\projects\cod\t5\xanim_export\t5_viewmodels\ak47\ak47_grip_first_time_pullout.XANIM_EXPORT`
// Source filename: `D:\projects\devanim\t5\animation_assets\viewmodels/ak47/grip_set/ak47_GRIP_first_time_pullout.fbx`
// Export time: Mon Oct 12 22:36:18 2009

ANIMATION
VERSION 3

NUMPARTS 75
PART 0 "J_Shoulder_RI"
PART 1 "J_Elbow_RI"
PART 2 "tag_cambone"
PART 3 "tag_camera"
PART 4 "tag_gasmask"
PART 5 "tag_ads"
PART 6 "tag_torso"
PART 7 "J_Shoulder_LE"
PART 8 "J_Elbow_LE"
PART 9 "J_WristTwist_LE"
PART 10 "J_Sleave_Reshape_Bottom_LE_1"
PART 11 "J_Sleave_Reshape_Bottom_LE_2"
PART 12 "J_Sleave_Reshape_Top_LE_1"
PART 13 "J_Sleave_Reshape_Top_LE_2"
PART 14 "J_Sleave_Reshape_Top_LE_3"
PART 15 "J_Thumb_LE_0"
PART 16 "J_Thumb_LE_1"
PART 17 "J_Thumb_LE_2"
PART 18 "J_Thumb_LE_3"
PART 19 "J_PinkyPalm_LE"
PART 20 "J_Pinky_LE_0"
PART 21 "J_Pinky_LE_1"
PART 22 "J_Pinky_LE_2"
PART 23 "J_Pinky_LE_3"
PART 24 "J_RingPalm_LE"
PART 25 "J_Ring_LE_0"
PART 26 "J_Ring_LE_1"
PART 27 "J_Ring_LE_2"
PART 28 "J_Webbing_LE"
PART 29 "J_Index_LE_2"
PART 30 "J_Mid_LE_0"
PART 31 "J_Wrist_LE"
PART 32 "J_Index_LE_0"
PART 33 "J_Index_LE_1"
PART 34 "J_Mid_LE_1"
PART 35 "tag_weapon"
PART 36 "J_Ring_LE_3"
PART 37 "tag_knife_attach"
PART 38 "J_Mid_LE_3"
PART 39 "J_Mid_LE_2"
PART 40 "J_Index_LE_3"
PART 41 "J_WristTwist_RI"
PART 42 "J_Sleave_Reshape_Top_RI_3"
PART 43 "J_Sleave_Reshape_Top_RI_2"
PART 44 "J_Sleave_Reshape_Top_RI_1"
PART 45 "J_Wrist_RI"
PART 46 "J_Thumb_RI_0"
PART 47 "J_Thumb_RI_1"
PART 48 "J_Thumb_RI_2"
PART 49 "J_Thumb_RI_3"
PART 50 "J_PinkyPalm_RI"
PART 51 "J_Pinky_RI_0"
PART 52 "J_Pinky_RI_1"
PART 53 "J_Pinky_RI_2"
PART 54 "J_Pinky_RI_3"
PART 55 "J_RingPalm_RI"
PART 56 "J_Ring_RI_0"
PART 57 "J_Ring_RI_1"
PART 58 "J_Ring_RI_2"
PART 59 "J_Ring_RI_3"
PART 60 "J_Webbing_RI"
PART 61 "J_Index_RI_0"
PART 62 "J_Index_RI_1"
PART 63 "J_Index_RI_2"
PART 64 "J_Index_RI_3"
PART 65 "J_Mid_RI_0"
PART 66 "J_Mid_RI_1"
PART 67 "J_Mid_RI_2"
PART 68 "J_Mid_RI_3"
PART 69 "J_Gun"
PART 70 "J_Bolt2"
PART 71 "TAG_CLIP"
PART 72 "J_Trigger"
PART 73 "TAG_BRASS"
PART 74 "TAG_FLASH"

FRAMERATE 30
NUMFRAMES 57

FRAME 50
PART 0
OFFSET -7.2604 -4.8127 -5.4071
X -0.5961  0.3969  0.6979
Y  0.1944 -0.7721  0.6051
Z  0.7790  0.4964  0.3831

PART 1
OFFSET -0.0510 -9.6125 -13.8480
X -0.7752 -0.5622  0.2881
Y  0.2840 -0.7175 -0.6361
Z  0.5643 -0.4112  0.7158

PART 2
OFFSET  0.0000 -0.0000 -0.0000
X  1.0000 -0.0000  0.0000
Y  0.0000  1.0000  0.0000
Z  0.0000 -0.0000  1.0000

PART 3
OFFSET  0.0000 -0.0000 -0.0000
X  1.0000 -0.0000  0.0000
Y  0.0000  1.0000  0.0000
Z  0.0000 -0.0000  1.0000

PART 4
OFFSET  1.5404 -0.0000  4.1357
X  1.0000 -0.0000  0.0000
Y  0.0000  1.0000  0.0000
Z  0.0000 -0.0000  1.0000

PART 5
OFFSET  0.0000 -0.0000  0.0000
X  1.0000 -0.0000  0.0000
Y  0.0000  1.0000  0.0000
Z  0.0000 -0.0000  1.0000

PART 6
OFFSET -4.6318 -0.0000 -1.3770
X  1.0000 -0.0000  0.0000
Y  0.0000  1.0000  0.0000
Z  0.0000 -0.0000  1.0000

PART 7
OFFSET -3.5060  6.3408 -6.7125
X  0.5891  0.0625 -0.8056
Y  0.3731 -0.9054  0.2026
Z -0.7167 -0.4199 -0.5567

PART 8
OFFSET  3.6190  7.0962 -16.4555
X  0.5889  0.0631 -0.8057
Y  0.8070 -0.1002  0.5820
Z -0.0440 -0.9930 -0.1099

PART 9
OFFSET  8.6282  7.6327 -23.3084
X  0.5889  0.0631 -0.8057
Y  0.2467  0.9354  0.2535
Z  0.7696 -0.3480  0.5353

PART 10
OFFSET  9.0004  9.6320 -24.6132
X  0.5842  0.0663 -0.8089
Y  0.0308  0.9941  0.1037
Z  0.8110 -0.0855  0.5787

PART 11
OFFSET  8.1799  7.0975 -24.9365
X  0.5842  0.0663 -0.8089
Y  0.0308  0.9941  0.1037
Z  0.8110 -0.0855  0.5787

PART 12
OFFSET  10.9294  9.1078 -23.8930
X  0.5842  0.0663 -0.8089
Y  0.0308  0.9941  0.1037
Z  0.8110 -0.0855  0.5787

PART 13
OFFSET  10.8363  7.4371 -23.9680
X  0.5842  0.0663 -0.8089
Y  0.0308  0.9941  0.1037
Z  0.8110 -0.0855  0.5787

PART 14
OFFSET  10.4042  5.8535 -23.9345
X  0.5842  0.0663 -0.8089
Y  0.0308  0.9941  0.1037
Z  0.8110 -0.0855  0.5787

PART 15
OFFSET  10.5161  8.2993 -24.7434
X  0.6101  0.3035  0.7319
Y -0.5483 -0.5050  0.6666
Z  0.5719 -0.8080 -0.1417

PART 16
OFFSET  11.8098  8.8590 -23.1054
X  0.6968  0.7102  0.1003
Y  0.0436 -0.1815  0.9824
Z  0.7159 -0.6802 -0.1574

PART 17
OFFSET  13.0123  9.9401 -23.0198
X  0.4887  0.5206 -0.7001
Y  0.6708  0.2888  0.6831
Z  0.5578 -0.8034 -0.2081

PART 18
OFFSET  13.5778  10.4713 -23.7747
X  0.1407  0.9599 -0.2423
Y -0.9067  0.2232  0.3579
Z  0.3977  0.1694  0.9018

PART 19
OFFSET  11.3857  8.3352 -26.6374
X  0.6729  0.6669 -0.3201
Y  0.7148 -0.4750  0.5132
Z  0.1903 -0.5742 -0.7963

PART 20
OFFSET  12.9576  9.8590 -27.1777
X  0.6092 -0.3208  0.7252
Y -0.6895 -0.6661  0.2845
Z  0.3918 -0.6734 -0.6270

PART 21
OFFSET  13.8201  9.4048 -26.1509
X -0.3750 -0.7402  0.5581
Y -0.8166 -0.0213 -0.5769
Z  0.4389 -0.6721 -0.5964

PART 22
OFFSET  13.4876  8.7485 -25.6560
X -0.7951 -0.5914  0.1346
Y -0.4672  0.4557 -0.7577
Z  0.3867 -0.6653 -0.6386

PART 23
OFFSET  12.7323  8.1867 -25.5281
X  0.8455  0.2625  0.4650
Y  0.2078  0.6405 -0.7393
Z -0.4919  0.7217  0.4870

PART 24
OFFSET  11.0637  8.7140 -26.1252
X  0.4976  0.8194 -0.2846
Y  0.8271 -0.3494  0.4402
Z  0.2613 -0.4544 -0.8516

PART 25
OFFSET  12.5802  10.7216 -26.7795
X  0.6763 -0.3457  0.6505
Y -0.6751 -0.6442  0.3596
Z  0.2947 -0.6823 -0.6690

PART 26
OFFSET  13.7317  10.1330 -25.6721
X -0.5030 -0.7074  0.4967
Y -0.8031  0.1702 -0.5710
Z  0.3194 -0.6861 -0.6537

PART 27
OFFSET  13.0346  9.1527 -24.9838
X -0.9000 -0.4358  0.0113
Y -0.2942  0.5880 -0.7535
Z  0.3217 -0.6815 -0.6574

PART 28
OFFSET  11.3375  10.8193 -24.1864
X  0.6660  0.7440 -0.0543
Y -0.6884  0.5849 -0.4290
Z -0.2874  0.3231  0.9017

PART 29
OFFSET  13.0180  10.7216 -24.0711
X -0.5971 -0.6172  0.5124
Y -0.7880  0.3318 -0.5186
Z  0.1500 -0.7135 -0.6844

PART 30
OFFSET  11.8482  11.3337 -26.2322
X  0.8540 -0.1744  0.4902
Y -0.4273 -0.7725  0.4696
Z  0.2967 -0.6105 -0.7343

PART 31
OFFSET  10.4336  7.8261 -25.7785
X  0.3765  0.9262 -0.0188
Y -0.4375  0.1957  0.8777
Z  0.8166 -0.3222  0.4789

PART 32
OFFSET  11.2672  11.7025 -25.3679
X  0.9618 -0.0484  0.2696
Y -0.2225 -0.7120  0.6660
Z  0.1597 -0.7006 -0.6955

PART 33
OFFSET  12.9606  11.6173 -24.8933
X  0.0555 -0.7679  0.6381
Y -0.9848 -0.1473 -0.0917
Z  0.1644 -0.6233 -0.7645

PART 34
OFFSET  13.5165  10.9929 -25.2746
X -0.1488 -0.7863  0.5996
Y -0.9571 -0.0381 -0.2874
Z  0.2488 -0.6167 -0.7469

PART 35
OFFSET  8.2744  2.4792 -18.4876
X  0.3362  0.7876 -0.5165
Y -0.9067  0.1223 -0.4037
Z -0.2548  0.6040  0.7552

PART 36
OFFSET  12.0585  8.6800 -24.9715
X  0.9212 -0.0123  0.3888
Y  0.2612  0.7602 -0.5949
Z -0.2882  0.6496  0.7036

PART 37
OFFSET  12.9346  9.7407 -25.5729
X  0.2753 -0.5118 -0.8138
Y -0.8166  0.3222 -0.4789
Z  0.5073  0.7964 -0.3292

PART 38
OFFSET  12.3701  9.2321 -24.1871
X  0.9553  0.0683  0.2876
Y  0.1388  0.7554 -0.6404
Z -0.2610  0.6518  0.7121

PART 39
OFFSET  13.2992  9.8444 -24.3988
X -0.8219 -0.5365  0.1914
Y -0.5298  0.5968 -0.6025
Z  0.2090 -0.5966 -0.7748

PART 40
OFFSET  12.3436  10.0245 -23.4923
X  0.9479 -0.2993  0.1088
Y  0.3084  0.7777 -0.5477
Z  0.0793  0.5528  0.8296

PART 41
OFFSET  6.5420 -4.8304 -16.2986
X -0.7752 -0.5622  0.2881
Y  0.3565 -0.7658 -0.5352
Z  0.5216 -0.3122  0.7940

PART 42
OFFSET  6.7821 -2.9996 -17.0734
X -0.7786 -0.5567  0.2897
Y -0.5661  0.4236 -0.7072
Z  0.2710 -0.7146 -0.6449

PART 43
OFFSET  7.1240 -2.3229 -16.1649
X -0.7786 -0.5567  0.2897
Y -0.5661  0.4236 -0.7072
Z  0.2710 -0.7146 -0.6449

PART 44
OFFSET  8.0728 -3.0564 -15.3876
X -0.7786 -0.5567  0.2897
Y -0.5661  0.4236 -0.7072
Z  0.2710 -0.7146 -0.6449

PART 45
OFFSET  8.9184 -3.1067 -17.1818
X -0.1255 -0.9274  0.3524
Y  0.4967 -0.3662 -0.7869
Z  0.8588  0.0763  0.5066

PART 46
OFFSET  8.1430 -2.3675 -16.7891
X  0.5849 -0.8016  0.1238
Y  0.2111  0.0031 -0.9775
Z  0.7831  0.5979  0.1710

PART 47
OFFSET  6.8161 -0.6713 -16.9682
X -0.0519 -0.6013  0.7973
Y  0.6351 -0.6360 -0.4383
Z  0.7707  0.4837  0.4149

PART 48
OFFSET  6.8515  0.2074 -18.3280
X -0.3754  0.0878  0.9227
Y  0.4520 -0.8517  0.2650
Z  0.8092  0.5165  0.2800

PART 49
OFFSET  7.2127  0.1032 -19.3431
X -0.7037 -0.4425  0.5558
Y -0.5332 -0.1882 -0.8248
Z  0.4696 -0.8768 -0.1035

PART 50
OFFSET  9.3831 -2.7295 -18.4250
X -0.1270 -0.6280  0.7678
Y  0.8909  0.2680  0.3666
Z -0.4360  0.7306  0.5255

PART 51
OFFSET  9.4957 -1.2450 -20.1185
X  0.8463 -0.1639  0.5068
Y  0.5045  0.5515 -0.6642
Z -0.1707  0.8179  0.5495

PART 52
OFFSET  8.2975 -1.0130 -20.8361
X  0.8568  0.3961 -0.3300
Y -0.4962  0.4596 -0.7366
Z -0.1401  0.7949  0.5904

PART 53
OFFSET  7.5378 -1.3642 -20.5434
X  0.1095  0.5653 -0.8176
Y -0.9774 -0.0882 -0.1919
Z -0.1806  0.8201  0.5429

PART 54
OFFSET  7.4337 -1.9013 -19.7667
X  0.5559 -0.4956  0.6673
Y -0.8312 -0.3267  0.4498
Z -0.0049 -0.8047 -0.5936

PART 55
OFFSET  9.2005 -2.2715 -17.9088
X -0.1145 -0.7696  0.6282
Y  0.8696  0.2281  0.4380
Z -0.4804  0.5964  0.6431

PART 56
OFFSET  9.5883 -0.3578 -19.6251
X  0.7920 -0.1133  0.6000
Y  0.5544  0.5451 -0.6289
Z -0.2558  0.8307  0.4945

PART 57
OFFSET  8.2400 -0.1649 -20.6466
X  0.7287  0.5030 -0.4648
Y -0.6417  0.2644 -0.7199
Z -0.2392  0.8229  0.5155

PART 58
OFFSET  7.2301 -0.8620 -20.0023
X -0.0590  0.5213 -0.8513
Y -0.9681 -0.2378 -0.0786
Z -0.2434  0.8196  0.5187

PART 59
OFFSET  7.2940 -1.4273 -19.0790
X  0.5894 -0.2509  0.7679
Y -0.7480 -0.5286  0.4013
Z  0.3052 -0.8109 -0.4992

PART 60
OFFSET  8.4363 -6.6160 -14.7784
X  0.0246 -0.7806  0.6246
Y -0.8381 -0.3566 -0.4127
Z  0.5449 -0.5133 -0.6630

PART 61
OFFSET  9.3522  0.8115 -17.7731
X -0.2771 -0.8760  0.3948
Y  0.8748 -0.0601  0.4808
Z -0.3975  0.4786  0.7829

PART 62
OFFSET  9.8402  2.3537 -18.4682
X  0.6937 -0.3474  0.6309
Y  0.5681  0.8024 -0.1828
Z -0.4427  0.4852  0.7540

PART 63
OFFSET  8.9700  2.8055 -19.1894
X  0.8942 -0.0266  0.4468
Y  0.2337  0.8791 -0.4154
Z -0.3817  0.4759  0.7923

PART 64
OFFSET  7.9599  2.8356 -19.6941
X -0.6095 -0.6511  0.4524
Y -0.7239  0.2244 -0.6524
Z  0.3232 -0.7251 -0.6081

PART 65
OFFSET  9.7237  0.3016 -18.6800
X  0.7098 -0.1920  0.6777
Y  0.5947  0.6790 -0.4305
Z -0.3775  0.7086  0.5961

PART 66
OFFSET  8.3371  0.6768 -20.0041
X  0.7863  0.5836 -0.2030
Y -0.4754  0.3614 -0.8022
Z -0.3947  0.7272  0.5615

PART 67
OFFSET  7.1886 -0.1756 -19.7074
X  0.0124  0.5883 -0.8086
Y -0.8980 -0.3492 -0.2678
Z -0.4399  0.7294  0.5239

PART 68
OFFSET  7.1771 -0.8472 -18.7955
X  0.5922 -0.2747  0.7576
Y -0.7261 -0.5897  0.3537
Z  0.3496 -0.7595 -0.5486

PART 69
OFFSET  8.2744  2.4792 -18.4876
X  0.3362  0.7876 -0.5165
Y -0.9067  0.1223 -0.4037
Z -0.2548  0.6040  0.7552

PART 70
OFFSET  9.7138  8.0495 -19.3353
X  0.3309  0.7997 -0.5009
Y -0.9067  0.1223 -0.4037
Z -0.2616  0.5878  0.7656

PART 71
OFFSET  9.6056  5.9666 -20.4582
X  0.3362  0.7876 -0.5165
Y -0.9067  0.1223 -0.4037
Z -0.2548  0.6040  0.7552

PART 72
OFFSET  9.3702  3.6856 -20.5832
X  0.3362  0.7876 -0.5165
Y -0.9067  0.1223 -0.4037
Z -0.2548  0.6040  0.7552

PART 73
OFFSET  10.4260  8.5397 -19.4114
X  0.5966  0.2463  0.7638
Y  0.3362  0.7875 -0.5165
Z -0.7287  0.5649  0.3870

PART 74
OFFSET  16.4563  23.3076 -30.5927
X  0.3362  0.7876 -0.5165
Y -0.9067  0.1223 -0.4037
Z -0.2548  0.6040  0.7552


FRAME 51
PART 0
OFFSET -7.2604 -4.8127 -5.4071
X -0.6170  0.3744  0.6922
Y  0.2006 -0.7757  0.5984
Z  0.7610  0.5080  0.4035

PART 1
OFFSET  0.2011 -9.3410 -13.7787
X -0.7727 -0.5709  0.2775
Y  0.2980 -0.7122 -0.6356
Z  0.5605 -0.4084  0.7205

PART 2
OFFSET  0.0000 -0.0000 -0.0000
X  1.0000 -0.0000  0.0000
Y  0.0000  1.0000  0.0000
Z  0.0000 -0.0000  1.0000

PART 3
OFFSET  0.0000 -0.0000 -0.0000
X  1.0000 -0.0003  0.0008
Y  0.0003  1.0000 -0.0001
Z -0.0008  0.0001  1.0000

PART 4
OFFSET  1.5369  0.0000  4.1370
X  1.0000 -0.0003  0.0008
Y  0.0003  1.0000 -0.0001
Z -0.0008  0.0001  1.0000

PART 5
OFFSET  0.0000 -0.0000  0.0000
X  1.0000 -0.0000  0.0000
Y  0.0000  1.0000  0.0000
Z  0.0000 -0.0000  1.0000

PART 6
OFFSET -4.6318 -0.0000 -1.3770
X  1.0000 -0.0000  0.0000
Y  0.0000  1.0000  0.0000
Z  0.0000 -0.0000  1.0000

PART 7
OFFSET -3.5060  6.3408 -6.7125
X  0.5817  0.0700 -0.8104
Y  0.3552 -0.9181  0.1756
Z -0.7317 -0.3900 -0.5590

PART 8
OFFSET  3.5290  7.1879 -16.5132
X  0.5815  0.0707 -0.8105
Y  0.8108 -0.1325  0.5702
Z -0.0671 -0.9887 -0.1343

PART 9
OFFSET  8.4749  7.7889 -23.4066
X  0.5815  0.0707 -0.8105
Y  0.2126  0.9484  0.2352
Z  0.7853 -0.3090  0.5365

PART 10
OFFSET  8.8772  9.8121 -24.6649
X  0.5768  0.0740 -0.8135
Y  0.0538  0.9903  0.1283
Z  0.8151 -0.1178  0.5672

PART 11
OFFSET  7.9976  7.3050 -25.0424
X  0.5768  0.0740 -0.8135
Y  0.0538  0.9903  0.1283
Z  0.8151 -0.1178  0.5672

PART 12
OFFSET  10.8017  9.2279 -23.9799
X  0.5768  0.0740 -0.8135
Y  0.0538  0.9903  0.1283
Z  0.8151 -0.1178  0.5672

PART 13
OFFSET  10.6711  7.5621 -24.0958
X  0.5768  0.0740 -0.8135
Y  0.0538  0.9903  0.1283
Z  0.8151 -0.1178  0.5672

PART 14
OFFSET  10.2046  5.9879 -24.0972
X  0.5768  0.0740 -0.8135
Y  0.0538  0.9903  0.1283
Z  0.8151 -0.1178  0.5672

PART 15
OFFSET  10.3317  8.5082 -24.8694
X  0.6037  0.3428  0.7197
Y -0.5273 -0.5055  0.6830
Z  0.5979 -0.7918 -0.1245

PART 16
OFFSET  11.6151  9.1533 -23.2550
X  0.6731  0.7355  0.0773
Y  0.0552 -0.1542  0.9865
Z  0.7374 -0.6598 -0.1444

PART 17
OFFSET  12.7811  10.2759 -23.2053
X  0.4671  0.5183 -0.7163
Y  0.6645  0.3287  0.6711
Z  0.5833 -0.7895 -0.1909

PART 18
OFFSET  13.3242  10.8059 -23.9772
X  0.1071  0.9575 -0.2679
Y -0.9117  0.2020  0.3578
Z  0.3967  0.2059  0.8945

PART 19
OFFSET  11.1872  8.5220 -26.7702
X  0.6490  0.6794 -0.3423
Y  0.7331 -0.4382  0.5201
Z  0.2034 -0.5885 -0.7825

PART 20
OFFSET  12.7058  10.0805 -27.3616
X  0.6226 -0.2817  0.7301
Y -0.6651 -0.6820  0.3040
Z  0.4123 -0.6749 -0.6120

PART 21
OFFSET  13.5872  9.6816 -26.3279
X -0.3380 -0.7379  0.5842
Y -0.8213 -0.0719 -0.5659
Z  0.4596 -0.6711 -0.5817

PART 22
OFFSET  13.2875  9.0274 -25.8099
X -0.7685 -0.6191  0.1617
Y -0.4940  0.4134 -0.7649
Z  0.4067 -0.6677 -0.6235

PART 23
OFFSET  12.5574  8.4393 -25.6563
X  0.8391  0.3106  0.4467
Y  0.1730  0.6261 -0.7603
Z -0.5158  0.7152  0.4716

PART 24
OFFSET  10.8566  8.9036 -26.2656
X  0.4691  0.8271 -0.3095
Y  0.8408 -0.3111  0.4430
Z  0.2701 -0.4681 -0.8414

PART 25
OFFSET  12.3034  10.9407 -26.9835
X  0.6862 -0.3113  0.6575
Y -0.6570 -0.6531  0.3765
Z  0.3122 -0.6904 -0.6526

PART 26
OFFSET  13.4716  10.4108 -25.8641
X -0.4747 -0.7096  0.5207
Y -0.8131  0.1270 -0.5681
Z  0.3370 -0.6931 -0.6373

PART 27
OFFSET  12.8137  9.4274 -25.1425
X -0.8846 -0.4652  0.0317
Y -0.3201  0.5564 -0.7668
Z  0.3391 -0.6885 -0.6411

PART 28
OFFSET  11.0753  11.0670 -24.3845
X  0.6414  0.7632 -0.0786
Y -0.7096  0.5511 -0.4390
Z -0.2917  0.3373  0.8951

PART 29
OFFSET  12.7694  11.0250 -24.2766
X -0.5740 -0.6233  0.5310
Y -0.8010  0.2929 -0.5221
Z  0.1699 -0.7250 -0.6674

PART 30
OFFSET  11.5558  11.5433 -26.4467
X  0.8616 -0.1370  0.4888
Y -0.4022 -0.7717  0.4927
Z  0.3097 -0.6211 -0.7200

PART 31
OFFSET  10.2576  8.0055 -25.8912
X  0.3464  0.9370 -0.0458
Y -0.4378  0.2046  0.8755
Z  0.8297 -0.2833  0.4811

PART 32
OFFSET  10.9690  11.9160 -25.5881
X  0.9641 -0.0117  0.2652
Y -0.1968 -0.7019  0.6845
Z  0.1781 -0.7121 -0.6791

PART 33
OFFSET  12.6665  11.8955 -25.1212
X  0.0936 -0.7478  0.6572
Y -0.9793 -0.1882 -0.0746
Z  0.1795 -0.6366 -0.7500

PART 34
OFFSET  13.2389  11.2757 -25.4919
X -0.1159 -0.7735  0.6231
Y -0.9581 -0.0783 -0.2754
Z  0.2618 -0.6289 -0.7320

PART 35
OFFSET  8.3108  2.7903 -18.4353
X  0.3073  0.7840 -0.5393
Y -0.9128  0.0826 -0.4000
Z -0.2691  0.6152  0.7410

PART 36
OFFSET  11.8543  8.9228 -25.1081
X  0.9243  0.0295  0.3805
Y  0.2305  0.7515 -0.6181
Z -0.3042  0.6591  0.6878

PART 37
OFFSET  12.6972  10.0038 -25.7542
X  0.2862 -0.5240 -0.8022
Y -0.8297  0.2833 -0.4811
Z  0.4793  0.8032 -0.3537

PART 38
OFFSET  12.1641  9.5090 -24.3425
X  0.9553  0.1085  0.2749
Y  0.1066  0.7411 -0.6629
Z -0.2756  0.6626  0.6964

PART 39
OFFSET  13.0697  10.1458 -24.5817
X -0.8013 -0.5581  0.2156
Y -0.5559  0.5614 -0.6131
Z  0.2211 -0.6111 -0.7601

PART 40
OFFSET  12.1211  10.3209 -23.6768
X  0.9578 -0.2654  0.1107
Y  0.2801  0.7735 -0.5686
Z  0.0653  0.5756  0.8151

PART 41
OFFSET  6.7733 -4.4852 -16.1387
X -0.7727 -0.5709  0.2775
Y  0.3768 -0.7643 -0.5233
Z  0.5108 -0.2998  0.8057

PART 42
OFFSET  7.0010 -2.6466 -16.9064
X -0.7762 -0.5654  0.2791
Y -0.5624  0.4207 -0.7118
Z  0.2851 -0.7094 -0.6446

PART 43
OFFSET  7.3235 -1.9680 -15.9948
X -0.7762 -0.5654  0.2791
Y -0.5624  0.4207 -0.7118
Z  0.2851 -0.7094 -0.6446

PART 44
OFFSET  8.2793 -2.7069 -15.2106
X -0.7762 -0.5654  0.2791
Y -0.5624  0.4207 -0.7118
Z  0.2851 -0.7094 -0.6446

PART 45
OFFSET  9.1421 -2.7350 -16.9893
X -0.0936 -0.9213  0.3775
Y  0.5030 -0.3710 -0.7806
Z  0.8592  0.1168  0.4981

PART 46
OFFSET  8.3461 -2.0106 -16.6104
X  0.6110 -0.7791  0.1405
Y  0.2046 -0.0161 -0.9787
Z  0.7648  0.6267  0.1496

PART 47
OFFSET  6.9647 -0.3626 -16.8242
X -0.0275 -0.5814  0.8132
Y  0.6522 -0.6269 -0.4261
Z  0.7575  0.5186  0.3965

PART 48
OFFSET  6.9632  0.4805 -18.2067
X -0.3720  0.1003  0.9228
Y  0.4806 -0.8297  0.2839
Z  0.7941  0.5491  0.2605

PART 49
OFFSET  7.3210  0.3610 -19.2214
X -0.6857 -0.4497  0.5724
Y -0.5322 -0.2267 -0.8157
Z  0.4966 -0.8639 -0.0839

PART 50
OFFSET  9.5864 -2.3763 -18.2452
X -0.1020 -0.6112  0.7849
Y  0.8843  0.3057  0.3529
Z -0.4557  0.7301  0.5093

PART 51
OFFSET  9.6406 -0.9342 -19.9779
X  0.8544 -0.1235  0.5047
Y  0.4824  0.5495 -0.6821
Z -0.1931  0.8263  0.5291

PART 52
OFFSET  8.4310 -0.7593 -20.6926
X  0.8416  0.4142 -0.3465
Y -0.5153  0.4240 -0.7447
Z -0.1616  0.8054  0.5704

PART 53
OFFSET  7.6848 -1.1266 -20.3853
X  0.0862  0.5467 -0.8329
Y -0.9753 -0.1242 -0.1824
Z -0.2032  0.8281  0.5225

PART 54
OFFSET  7.6029 -1.6460 -19.5940
X  0.5758 -0.4599  0.6760
Y -0.8174 -0.3409  0.4643
Z  0.0169 -0.8199 -0.5723

PART 55
OFFSET  9.3927 -1.9107 -17.7399
X -0.0858 -0.7560  0.6490
Y  0.8647  0.2671  0.4255
Z -0.4950  0.5977  0.6307

PART 56
OFFSET  9.7082 -0.0317 -19.5086
X  0.7990 -0.0722  0.5969
Y  0.5327  0.5455 -0.6470
Z -0.2789  0.8350  0.4744

PART 57
OFFSET  8.3478  0.0913 -20.5249
X  0.7093  0.5133 -0.4832
Y -0.6545  0.2248 -0.7219
Z -0.2619  0.8282  0.4954

PART 58
OFFSET  7.3648 -0.6202 -19.8553
X -0.0811  0.4965 -0.8643
Y -0.9605 -0.2704 -0.0652
Z -0.2661  0.8249  0.4988

PART 59
OFFSET  7.4527 -1.1586 -18.9179
X  0.6020 -0.2117  0.7699
Y -0.7282 -0.5413  0.4205
Z  0.3277 -0.8138 -0.4800

PART 60
OFFSET  8.7878 -6.1929 -14.4910
X  0.0535 -0.7626  0.6446
Y -0.8290 -0.3938 -0.3971
Z  0.5567 -0.5132 -0.6533

PART 61
OFFSET  9.4469  1.1780 -17.6863
X -0.2465 -0.8736  0.4196
Y  0.8793 -0.0196  0.4758
Z -0.4074  0.4863  0.7730

PART 62
OFFSET  9.8810  2.7159 -18.4252
X  0.7085 -0.3085  0.6347
Y  0.5411  0.8149 -0.2079
Z -0.4531  0.4907  0.7442

PART 63
OFFSET  8.9922  3.1208 -19.1517
X  0.8975  0.0135  0.4408
Y  0.2029  0.8748 -0.4400
Z -0.3916  0.4843  0.7824

PART 64
OFFSET  7.9785  3.1055 -19.6496
X -0.5855 -0.6579  0.4737
Y -0.7349  0.1840 -0.6527
Z  0.3422 -0.7303 -0.5912

PART 65
OFFSET  9.8285  0.6563 -18.5823
X  0.7199 -0.1514  0.6773
Y  0.5700  0.6859 -0.4524
Z -0.3961  0.7118  0.5801

PART 66
OFFSET  8.4221  0.9522 -19.9055
X  0.7659  0.6026 -0.2240
Y -0.4918  0.3248 -0.8079
Z -0.4141  0.7289  0.5451

PART 67
OFFSET  7.3034  0.0719 -19.5783
X -0.0116  0.5668 -0.8238
Y -0.8881 -0.3844 -0.2520
Z -0.4595  0.7287  0.5078

PART 68
OFFSET  7.3192 -0.5755 -18.6491
X  0.6055 -0.2357  0.7602
Y -0.7046 -0.6029  0.3743
Z  0.3701 -0.7622 -0.5311

PART 69
OFFSET  8.3108  2.7903 -18.4353
X  0.3073  0.7840 -0.5393
Y -0.9128  0.0826 -0.4000
Z -0.2691  0.6152  0.7410

PART 70
OFFSET  9.5652  8.3795 -19.4386
X  0.3018  0.7964 -0.5241
Y -0.9128  0.0826 -0.4000
Z -0.2753  0.5991  0.7519

PART 71
OFFSET  9.5165  6.2654 -20.5059
X  0.3073  0.7840 -0.5393
Y -0.9128  0.0826 -0.4000
Z -0.2691  0.6152  0.7410

PART 72
OFFSET  9.3535  3.9756 -20.5696
X  0.3073  0.7840 -0.5393
Y -0.9128  0.0826 -0.4000
Z -0.2691  0.6152  0.7410

PART 73
OFFSET  10.2608  8.8899 -19.5328
X  0.5934  0.2852  0.7527
Y  0.3073  0.7840 -0.5394
Z -0.7439  0.5514  0.3776

PART 74
OFFSET  15.7408  23.5435 -31.1397
X  0.3073  0.7840 -0.5393
Y -0.9128  0.0826 -0.4000
Z -0.2691  0.6152  0.7410


FRAME 52
PART 0
OFFSET -7.2604 -4.8127 -5.4071
X -0.6178  0.3959  0.6794
Y  0.1855 -0.7663  0.6152
Z  0.7642  0.5061  0.3999

PART 1
OFFSET  0.2108 -9.6005 -13.6242
X -0.7674 -0.5894  0.2522
Y  0.3309 -0.7011 -0.6316
Z  0.5491 -0.4013  0.7331

PART 2
OFFSET  0.0000 -0.0000 -0.0000
X  1.0000 -0.0000  0.0000
Y  0.0000  1.0000  0.0000
Z  0.0000 -0.0000  1.0000

PART 3
OFFSET  0.0000 -0.0000 -0.0000
X  1.0000 -0.0012  0.0030
Y  0.0012  1.0000 -0.0005
Z -0.0030  0.0005  1.0000

PART 4
OFFSET  1.5282 -0.0000  4.1403
X  1.0000 -0.0012  0.0030
Y  0.0012  1.0000 -0.0005
Z -0.0030  0.0005  1.0000

PART 5
OFFSET  0.0000 -0.0000  0.0000
X  1.0000 -0.0000  0.0000
Y  0.0000  1.0000  0.0000
Z  0.0000 -0.0000  1.0000

PART 6
OFFSET -4.6318 -0.0000 -1.3770
X  1.0000 -0.0000  0.0000
Y  0.0000  1.0000  0.0000
Z  0.0000 -0.0000  1.0000

PART 7
OFFSET -3.5060  6.3408 -6.7125
X  0.5933  0.0722 -0.8017
Y  0.3432 -0.9236  0.1708
Z -0.7281 -0.3765 -0.5728

PART 8
OFFSET  3.6698  7.2138 -16.4083
X  0.5931  0.0728 -0.8018
Y  0.8015 -0.1468  0.5796
Z -0.0755 -0.9865 -0.1455

PART 9
OFFSET  8.7148  7.8330 -23.2279
X  0.5931  0.0728 -0.8018
Y  0.2136  0.9460  0.2439
Z  0.7762 -0.3159  0.5456

PART 10
OFFSET  9.1551  9.8647 -24.4596
X  0.5885  0.0763 -0.8049
Y  0.0624  0.9883  0.1393
Z  0.8061 -0.1322  0.5769

PART 11
OFFSET  8.2547  7.3709 -24.8749
X  0.5885  0.0763 -0.8049
Y  0.0624  0.9883  0.1393
Z  0.8061 -0.1322  0.5769

PART 12
OFFSET  11.0640  9.2532 -23.7547
X  0.5885  0.0763 -0.8049
Y  0.0624  0.9883  0.1393
Z  0.8061 -0.1322  0.5769

PART 13
OFFSET  10.9176  7.5901 -23.8896
X  0.5885  0.0763 -0.8049
Y  0.0624  0.9883  0.1393
Z  0.8061 -0.1322  0.5769

PART 14
OFFSET  10.4348  6.0211 -23.9138
X  0.5885  0.0763 -0.8049
Y  0.0624  0.9883  0.1393
Z  0.8061 -0.1322  0.5769

PART 15
OFFSET  10.6023  8.5512 -24.6600
X  0.5991  0.3363  0.7266
Y -0.5330 -0.5096  0.6754
Z  0.5974 -0.7919 -0.1261

PART 16
OFFSET  11.8752  9.1819 -23.0317
X  0.6738  0.7337  0.0876
Y  0.0479 -0.1617  0.9857
Z  0.7373 -0.6600 -0.1441

PART 17
OFFSET  13.0427  10.3021 -22.9651
X  0.4733  0.5229 -0.7089
Y  0.6601  0.3224  0.6785
Z  0.5833 -0.7891 -0.1926

PART 18
OFFSET  13.5924  10.8369 -23.7290
X  0.1107  0.9593 -0.2598
Y -0.9139  0.2010  0.3526
Z  0.3905  0.1984  0.8990

PART 19
OFFSET  11.4700  8.5762 -26.5551
X  0.6533  0.6798 -0.3332
Y  0.7284 -0.4443  0.5216
Z  0.2065 -0.5835 -0.7854

PART 20
OFFSET  12.9971  10.1341 -27.1254
X  0.6157 -0.2887  0.7331
Y -0.6685 -0.6840  0.2920
Z  0.4172 -0.6699 -0.6142

PART 21
OFFSET  13.8689  9.7253 -26.0875
X -0.3353 -0.7420  0.5805
Y -0.8198 -0.0738 -0.5679
Z  0.4642 -0.6663 -0.5835

PART 22
OFFSET  13.5716  9.0674 -25.5728
X -0.7656 -0.6237  0.1576
Y -0.4945  0.4139 -0.7643
Z  0.4115 -0.6631 -0.6253

PART 23
OFFSET  12.8442  8.4749 -25.4230
X  0.8365  0.3131  0.4497
Y  0.1713  0.6300 -0.7574
Z -0.5205  0.7106  0.4734

PART 24
OFFSET  11.1374  8.9552 -26.0499
X  0.4737  0.8278 -0.3005
Y  0.8370 -0.3170  0.4461
Z  0.2740 -0.4628 -0.8430

PART 25
OFFSET  12.5950  10.9929 -26.7438
X  0.6761 -0.3224  0.6625
Y -0.6664 -0.6512  0.3632
Z  0.3143 -0.6870 -0.6551

PART 26
OFFSET  13.7461  10.4440 -25.6159
X -0.4784 -0.7117  0.5144
Y -0.8101  0.1316 -0.5713
Z  0.3389 -0.6900 -0.6395

PART 27
OFFSET  13.0831  9.4576 -24.9030
X -0.8855 -0.4639  0.0248
Y -0.3154  0.5612 -0.7652
Z  0.3411 -0.6854 -0.6433

PART 28
OFFSET  11.3508  11.1040 -24.1516
X  0.6442  0.7617 -0.0689
Y -0.7051  0.5566 -0.4395
Z -0.2964  0.3317  0.8956

PART 29
OFFSET  13.0538  11.0550 -24.0310
X -0.5797 -0.6264  0.5211
Y -0.7962  0.2994 -0.5258
Z  0.1734 -0.7197 -0.6722

PART 30
OFFSET  11.8459  11.5938 -26.2073
X  0.8573 -0.1459  0.4938
Y -0.4105 -0.7726  0.4844
Z  0.3108 -0.6179 -0.7222

PART 31
OFFSET  10.5332  8.0562 -25.6859
X  0.3496  0.9362 -0.0367
Y -0.4427  0.1996  0.8742
Z  0.8257 -0.2894  0.4843

PART 32
OFFSET  11.2548  11.9622 -25.3497
X  0.9619 -0.0177  0.2727
Y -0.2048 -0.7072  0.6767
Z  0.1808 -0.7068 -0.6839

PART 33
OFFSET  12.9484  11.9310 -24.8696
X  0.0958 -0.7520  0.6521
Y -0.9785 -0.1913 -0.0769
Z  0.1826 -0.6308 -0.7542

PART 34
OFFSET  13.5206  11.3087 -25.2427
X -0.1189 -0.7767  0.6186
Y -0.9574 -0.0753 -0.2786
Z  0.2630 -0.6254 -0.7346

PART 35
OFFSET  8.2854  2.7628 -17.9541
X  0.3132  0.7870 -0.5316
Y -0.9099  0.0884 -0.4052
Z -0.2719  0.6106  0.7438

PART 36
OFFSET  12.1227  8.9544 -24.8762
X  0.9225  0.0258  0.3852
Y  0.2347  0.7546 -0.6128
Z -0.3065  0.6557  0.6900

PART 37
OFFSET  12.9780  10.0457 -25.5186
X  0.2897 -0.5191 -0.8041
Y -0.8257  0.2894 -0.4843
Z  0.4841  0.8043 -0.3447

PART 38
OFFSET  12.4396  9.5377 -24.1060
X  0.9547  0.1055  0.2782
Y  0.1097  0.7445 -0.6586
Z -0.2766  0.6593  0.6992

PART 39
OFFSET  13.3469  10.1743 -24.3391
X -0.8028 -0.5580  0.2102
Y -0.5532  0.5655 -0.6117
Z  0.2224 -0.6073 -0.7627

PART 40
OFFSET  12.3989  10.3475 -23.4424
X  0.9562 -0.2688  0.1160
Y  0.2865  0.7776 -0.5597
Z  0.0603  0.5684  0.8205

PART 41
OFFSET  6.7381 -4.5870 -15.7693
X -0.7674 -0.5894  0.2522
Y  0.3884 -0.7404 -0.5486
Z  0.5101 -0.3231  0.7971

PART 42
OFFSET  6.9548 -2.7459 -16.5110
X -0.7711 -0.5840  0.2537
Y -0.5516  0.4135 -0.7244
Z  0.3182 -0.6985 -0.6410

PART 43
OFFSET  7.2448 -2.0729 -15.5773
X -0.7711 -0.5840  0.2537
Y -0.5516  0.4135 -0.7244
Z  0.3182 -0.6985 -0.6410

PART 44
OFFSET  8.1691 -2.7626 -14.7700
X -0.7711 -0.5840  0.2537
Y -0.5516  0.4135 -0.7244
Z  0.3182 -0.6985 -0.6410

PART 45
OFFSET  9.0908 -2.7799 -16.5425
X -0.0979 -0.9241  0.3694
Y  0.5069 -0.3657 -0.7806
Z  0.8564  0.1108  0.5043

PART 46
OFFSET  8.2940 -2.0568 -16.1625
X  0.6084 -0.7816  0.1379
Y  0.2105 -0.0086 -0.9776
Z  0.7652  0.6238  0.1593

PART 47
OFFSET  6.9175 -0.4041 -16.3713
X -0.0337 -0.5879  0.8082
Y  0.6534 -0.6249 -0.4273
Z  0.7562  0.5137  0.4052

PART 48
OFFSET  6.9263  0.4502 -17.7469
X -0.3774  0.0936  0.9213
Y  0.4771 -0.8331  0.2800
Z  0.7937  0.5452  0.2697

PART 49
OFFSET  7.2900  0.3382 -18.7603
X -0.6901 -0.4528  0.5645
Y -0.5278 -0.2189 -0.8207
Z  0.4952 -0.8643 -0.0879

PART 50
OFFSET  9.5434 -2.4119 -17.7929
X -0.1081 -0.6173  0.7793
Y  0.8828  0.3008  0.3607
Z -0.4571  0.7269  0.5125

PART 51
OFFSET  9.6113 -0.9560 -19.5133
X  0.8511 -0.1295  0.5089
Y  0.4877  0.5539 -0.6747
Z -0.1945  0.8224  0.5346

PART 52
OFFSET  8.4064 -0.7725 -20.2338
X  0.8446  0.4151 -0.3380
Y -0.5099  0.4312 -0.7444
Z -0.1633  0.8011  0.5759

PART 53
OFFSET  7.6575 -1.1406 -19.9340
X  0.0924  0.5533 -0.8279
Y -0.9745 -0.1205 -0.1893
Z -0.2045  0.8243  0.5280

PART 54
OFFSET  7.5697 -1.6662 -19.1475
X  0.5706 -0.4667  0.6757
Y -0.8210 -0.3428  0.4565
Z  0.0186 -0.8153 -0.5788

PART 55
OFFSET  9.3476 -1.9502 -17.2849
X -0.0914 -0.7610  0.6423
Y  0.8627  0.2616  0.4328
Z -0.4975  0.5936  0.6326

PART 56
OFFSET  9.6778 -0.0574 -19.0362
X  0.7952 -0.0789  0.6011
Y  0.5378  0.5496 -0.6393
Z -0.2799  0.8317  0.4795

PART 57
OFFSET  8.3240  0.0769 -20.0596
X  0.7133  0.5156 -0.4747
Y -0.6496  0.2322 -0.7240
Z -0.2631  0.8247  0.5006

PART 58
OFFSET  7.3353 -0.6377 -19.4017
X -0.0747  0.5037 -0.8607
Y -0.9607 -0.2677 -0.0732
Z -0.2673  0.8214  0.5039

PART 59
OFFSET  7.4164 -1.1839 -18.4683
X  0.5969 -0.2193  0.7718
Y -0.7319 -0.5430  0.4117
Z  0.3288 -0.8106 -0.4846

PART 60
OFFSET  8.7137 -6.2574 -14.0748
X  0.0479 -0.7680  0.6387
Y -0.8274 -0.3887 -0.4053
Z  0.5595 -0.5091 -0.6541

PART 61
OFFSET  9.4083  1.1379 -17.2057
X -0.2510 -0.8764  0.4110
Y  0.8764 -0.0254  0.4809
Z -0.4110  0.4809  0.7744

PART 62
OFFSET  9.8502  2.6809 -17.9294
X  0.7039 -0.3152  0.6365
Y  0.5441  0.8153 -0.1980
Z -0.4565  0.4857  0.7455

PART 63
OFFSET  8.9668  3.0936 -18.6578
X  0.8948  0.0079  0.4463
Y  0.2075  0.8779 -0.4316
Z -0.3953  0.4788  0.7839

PART 64
OFFSET  7.9560  3.0847 -19.1619
X -0.5898 -0.6604  0.4648
Y -0.7305  0.1910 -0.6556
Z  0.3442 -0.7263 -0.5951

PART 65
OFFSET  9.7942  0.6227 -18.1036
X  0.7155 -0.1586  0.6804
Y  0.5742  0.6882 -0.4434
Z -0.3980  0.7079  0.5835

PART 66
OFFSET  8.3965  0.9324 -19.4329
X  0.7686  0.6027 -0.2145
Y -0.4862  0.3325 -0.8081
Z -0.4158  0.7254  0.5486

PART 67
OFFSET  7.2739  0.0520 -19.1196
X -0.0053  0.5735 -0.8192
Y -0.8874 -0.3803 -0.2605
Z -0.4610  0.7256  0.5110

PART 68
OFFSET  7.2826 -0.6029 -18.1956
X  0.6004 -0.2432  0.7619
Y -0.7082 -0.6043  0.3651
Z  0.3716 -0.7587 -0.5350

PART 69
OFFSET  8.2854  2.7628 -17.9541
X  0.3132  0.7870 -0.5316
Y -0.9099  0.0884 -0.4052
Z -0.2719  0.6106  0.7438

PART 70
OFFSET  9.5635  8.3551 -18.9085
X  0.3076  0.7993 -0.5163
Y -0.9099  0.0884 -0.4052
Z -0.2782  0.5944  0.7545

PART 71
OFFSET  9.5151  6.2490 -19.9915
X  0.3132  0.7870 -0.5316
Y -0.9099  0.0884 -0.4052
Z -0.2719  0.6106  0.7438

PART 72
OFFSET  9.3454  3.9603 -20.0731
X  0.3132  0.7870 -0.5316
Y -0.9099  0.0884 -0.4052
Z -0.2719  0.6106  0.7438

PART 73
OFFSET  10.2613  8.8640 -18.9945
X  0.5894  0.2779  0.7585
Y  0.3132  0.7869 -0.5317
Z -0.7446  0.5509  0.3768

PART 74
OFFSET  15.8607  23.5845 -30.4589
X  0.3132  0.7870 -0.5316
Y -0.9099  0.0884 -0.4052
Z -0.2719  0.6106  0.7438


FRAME 53
PART 0
OFFSET -7.2604 -4.8127 -5.4071
X -0.6008  0.4540  0.6580
Y  0.1516 -0.7435  0.6513
Z  0.7849  0.4910  0.3779

PART 1
OFFSET  0.0052 -10.3027 -13.3653
X -0.7584 -0.6149  0.2163
Y  0.3787 -0.6858 -0.6215
Z  0.5305 -0.3894  0.7530

PART 2
OFFSET  0.0000 -0.0000 -0.0000
X  1.0000 -0.0000  0.0000
Y  0.0000  1.0000  0.0000
Z  0.0000 -0.0000  1.0000

PART 3
OFFSET  0.0000 -0.0000 -0.0000
X  1.0000 -0.0025  0.0063
Y  0.0025  1.0000 -0.0010
Z -0.0063  0.0010  1.0000

PART 4
OFFSET  1.5146  0.0000  4.1453
X  1.0000 -0.0025  0.0063
Y  0.0025  1.0000 -0.0010
Z -0.0063  0.0010  1.0000

PART 5
OFFSET  0.0000 -0.0000  0.0000
X  1.0000 -0.0000  0.0000
Y  0.0000  1.0000  0.0000
Z  0.0000 -0.0000  1.0000

PART 6
OFFSET -4.6318 -0.0000 -1.3770
X  1.0000 -0.0000  0.0000
Y  0.0000  1.0000  0.0000
Z  0.0000 -0.0000  1.0000

PART 7
OFFSET -3.5060  6.3408 -6.7125
X  0.4314  0.1027 -0.8963
Y  0.3888 -0.9177  0.0820
Z -0.8141 -0.3839 -0.4358

PART 8
OFFSET  1.7114  7.5825 -17.5522
X  0.7900  0.0300 -0.6124
Y  0.6079 -0.1690  0.7758
Z -0.0802 -0.9852 -0.1518

PART 9
OFFSET  8.4306  7.8380 -22.7608
X  0.7900  0.0300 -0.6124
Y  0.2146  0.9220  0.3221
Z  0.5743 -0.3859  0.7220

PART 10
OFFSET  9.2821  9.8219 -23.8456
X  0.7865  0.0336 -0.6166
Y  0.0693  0.9874  0.1423
Z  0.6136 -0.1547  0.7743

PART 11
OFFSET  8.4099  7.3612 -24.4669
X  0.7865  0.0336 -0.6166
Y  0.0693  0.9874  0.1423
Z  0.6136 -0.1547  0.7743

PART 12
OFFSET  10.8993  9.1436 -22.6460
X  0.7865  0.0336 -0.6166
Y  0.0693  0.9874  0.1423
Z  0.6136 -0.1547  0.7743

PART 13
OFFSET  10.7161  7.4859 -22.8009
X  0.7865  0.0336 -0.6166
Y  0.0693  0.9874  0.1423
Z  0.6136 -0.1547  0.7743

PART 14
OFFSET  10.1840  5.9391 -22.9408
X  0.7865  0.0336 -0.6166
Y  0.0693  0.9874  0.1423
Z  0.6136 -0.1547  0.7743

PART 15
OFFSET  10.9185  8.3831 -23.5929
X  0.5951  0.2873  0.7506
Y -0.5641 -0.5159  0.6447
Z  0.5724 -0.8071 -0.1449

PART 16
OFFSET  12.1782  8.9066 -21.9170
X  0.6967  0.7057  0.1290
Y  0.0218 -0.2005  0.9794
Z  0.7171 -0.6795 -0.1551

PART 17
OFFSET  13.3819  9.9817 -21.7846
X  0.5057  0.5325 -0.6788
Y  0.6565  0.2730  0.7032
Z  0.5598 -0.8012 -0.2115

PART 18
OFFSET  13.9655  10.5256 -22.5163
X  0.1490  0.9640 -0.2202
Y -0.9137  0.2194  0.3422
Z  0.3782  0.1502  0.9135

PART 19
OFFSET  11.8243  8.4480 -25.4692
X  0.6837  0.6677 -0.2946
Y  0.7015 -0.4899  0.5176
Z  0.2013 -0.5605 -0.8033

PART 20
OFFSET  13.4171  9.9698 -25.9506
X  0.5891 -0.3382  0.7339
Y -0.6974 -0.6715  0.2504
Z  0.4081 -0.6594 -0.6314

PART 21
OFFSET  14.2512  9.4910 -24.9116
X -0.3651 -0.7519  0.5489
Y -0.8124 -0.0306 -0.5823
Z  0.4547 -0.6585 -0.5997

PART 22
OFFSET  13.9274  8.8243 -24.4249
X -0.7851 -0.6068  0.1240
Y -0.4705  0.4542 -0.7565
Z  0.4027 -0.6523 -0.6421

PART 23
OFFSET  13.1815  8.2479 -24.3071
X  0.8377  0.2733  0.4729
Y  0.2009  0.6509 -0.7321
Z -0.5079  0.7082  0.4904

PART 24
OFFSET  11.4954  8.8195 -24.9560
X  0.5088  0.8208 -0.2596
Y  0.8161 -0.3638  0.4491
Z  0.2742 -0.4403 -0.8549

PART 25
OFFSET  13.0382  10.8276 -25.5440
X  0.6461 -0.3753  0.6646
Y -0.7006 -0.6371  0.3213
Z  0.3028 -0.6732 -0.6746

PART 26
OFFSET  14.1382  10.1886 -24.4126
X -0.5119 -0.7128  0.4794
Y -0.7944  0.1804 -0.5800
Z  0.3269 -0.6778 -0.6586

PART 27
OFFSET  13.4287  9.2007 -23.7481
X -0.9012 -0.4333 -0.0077
Y -0.2818  0.5993 -0.7493
Z  0.3293 -0.6731 -0.6622

PART 28
OFFSET  11.7471  10.8861 -22.9729
X  0.6722  0.7398 -0.0276
Y -0.6759  0.5980 -0.4308
Z -0.3022  0.3082  0.9020

PART 29
OFFSET  13.4535  10.7695 -22.8203
X -0.6123 -0.6250  0.4842
Y -0.7737  0.3479 -0.5294
Z  0.1624 -0.6988 -0.6966

PART 30
OFFSET  12.3005  11.4347 -24.9986
X  0.8407 -0.1980  0.5041
Y -0.4499 -0.7735  0.4465
Z  0.3015 -0.6021 -0.7393

PART 31
OFFSET  10.8524  7.9300 -24.6382
X  0.3834  0.9236  0.0058
Y -0.4527  0.1825  0.8728
Z  0.8050 -0.3373  0.4881

PART 32
OFFSET  11.7058  11.7917 -24.1387
X  0.9546 -0.0640  0.2910
Y -0.2448 -0.7251  0.6437
Z  0.1698 -0.6857 -0.7078

PART 33
OFFSET  13.3865  11.6790 -23.6264
X  0.0639 -0.7785  0.6244
Y -0.9824 -0.1590 -0.0977
Z  0.1753 -0.6072 -0.7750

PART 34
OFFSET  13.9427  11.0480 -24.0139
X -0.1558 -0.7939  0.5878
Y -0.9547 -0.0319 -0.2960
Z  0.2537 -0.6073 -0.7529

PART 35
OFFSET  8.2020  2.4256 -17.0801
X  0.3516  0.7945 -0.4950
Y -0.8979  0.1367 -0.4184
Z -0.2648  0.5916  0.7615

PART 36
OFFSET  12.4513  8.7308 -23.7564
X  0.9155 -0.0204  0.4017
Y  0.2718  0.7677 -0.5804
Z -0.2966  0.6405  0.7084

PART 37
OFFSET  13.3626  9.8217 -24.3490
X  0.2871 -0.4985 -0.8180
Y -0.8050  0.3373 -0.4881
Z  0.5192  0.7986 -0.3045

PART 38
OFFSET  12.7829  9.2758 -22.9597
X  0.9530  0.0621  0.2966
Y  0.1461  0.7635 -0.6291
Z -0.2655  0.6429  0.7185

PART 39
OFFSET  13.7152  9.8885 -23.1553
X -0.8248 -0.5369  0.1772
Y -0.5233  0.6061 -0.5990
Z  0.2142 -0.5868 -0.7809

PART 40
OFFSET  12.7618  10.0635 -22.2734
X  0.9435 -0.3072  0.1244
Y  0.3255  0.7880 -0.5226
Z  0.0625  0.5336  0.8434

PART 41
OFFSET  6.4555 -5.0730 -15.2053
X -0.7584 -0.6149  0.2163
Y  0.3929 -0.6960 -0.6010
Z  0.5201 -0.3708  0.7694

PART 42
OFFSET  6.6556 -3.2317 -15.9196
X -0.7622 -0.6096  0.2177
Y -0.5337  0.4014 -0.7443
Z  0.3663 -0.6836 -0.6313

PART 43
OFFSET  6.9002 -2.5695 -14.9548
X -0.7622 -0.6096  0.2177
Y -0.5337  0.4014 -0.7443
Z  0.3663 -0.6836 -0.6313

PART 44
OFFSET  7.7721 -3.1876 -14.1135
X -0.7622 -0.6096  0.2177
Y -0.5337  0.4014 -0.7443
Z  0.3663 -0.6836 -0.6313

PART 45
OFFSET  8.7804 -3.1879 -15.8686
X -0.1397 -0.9329  0.3319
Y  0.5089 -0.3552 -0.7841
Z  0.8494  0.0594  0.5243

PART 46
OFFSET  8.0034 -2.4499 -15.4765
X  0.5760 -0.8087  0.1195
Y  0.2300  0.0200 -0.9730
Z  0.7844  0.5879  0.1975

PART 47
OFFSET  6.6939 -0.7395 -15.6482
X -0.0721 -0.6160  0.7844
Y  0.6384 -0.6328 -0.4383
Z  0.7663  0.4692  0.4389

PART 48
OFFSET  6.7625  0.1647 -16.9898
X -0.3924  0.0733  0.9169
Y  0.4400 -0.8604  0.2571
Z  0.8077  0.5043  0.3054

PART 49
OFFSET  7.1424  0.0770 -17.9997
X -0.7179 -0.4471  0.5336
Y -0.5186 -0.1679 -0.8384
Z  0.4644 -0.8786 -0.1114

PART 50
OFFSET  9.2718 -2.7908 -17.0951
X -0.1468 -0.6415  0.7529
Y  0.8858  0.2535  0.3887
Z -0.4402  0.7240  0.5310

PART 51
OFFSET  9.4290 -1.2751 -18.7571
X  0.8351 -0.1806  0.5197
Y  0.5217  0.5599 -0.6437
Z -0.1747  0.8086  0.5618

PART 52
OFFSET  8.2468 -1.0193 -19.4929
X  0.8662  0.3952 -0.3058
Y -0.4781  0.4778 -0.7369
Z -0.1452  0.7846  0.6028

PART 53
OFFSET  7.4787 -1.3697 -19.2217
X  0.1298  0.5800 -0.8042
Y -0.9742 -0.0763 -0.2123
Z -0.1845  0.8111  0.5551

PART 54
OFFSET  7.3553 -1.9207 -18.4577
X  0.5390 -0.5130  0.6681
Y -0.8423 -0.3283  0.4274
Z  0.0001 -0.7931 -0.6090

PART 55
OFFSET  9.0830 -2.3413 -16.5737
X -0.1328 -0.7805  0.6109
Y  0.8627  0.2124  0.4589
Z -0.4879  0.5880  0.6452

PART 56
OFFSET  9.5190 -0.3982 -18.2449
X  0.7793 -0.1314  0.6127
Y  0.5708  0.5523 -0.6075
Z -0.2586  0.8232  0.5054

PART 57
OFFSET  8.1922 -0.1745 -19.2880
X  0.7415  0.5057 -0.4410
Y -0.6256  0.2836 -0.7268
Z -0.2425  0.8148  0.5266

PART 58
OFFSET  7.1645 -0.8753 -18.6768
X -0.0383  0.5380 -0.8421
Y -0.9683 -0.2282 -0.1017
Z -0.2468  0.8115  0.5297

PART 59
OFFSET  7.2061 -1.4587 -17.7635
X  0.5724 -0.2705  0.7741
Y -0.7598 -0.5299  0.3767
Z  0.3083 -0.8037 -0.5089

PART 60
OFFSET  8.2239 -6.7384 -13.5430
X  0.0063 -0.7926  0.6097
Y -0.8328 -0.3416 -0.4355
Z  0.5535 -0.5051 -0.6622

PART 61
OFFSET  9.2567  0.7371 -16.3756
X -0.2917 -0.8810  0.3724
Y  0.8648 -0.0766  0.4962
Z -0.4087  0.4668  0.7843

PART 62
OFFSET  9.7704  2.2883 -17.0314
X  0.6786 -0.3653  0.6373
Y  0.5780  0.8010 -0.1563
Z -0.4533  0.4744  0.7546

PART 63
OFFSET  8.9179  2.7611 -17.7602
X  0.8852 -0.0427  0.4633
Y  0.2487  0.8849 -0.3938
Z -0.3932  0.4638  0.7939

PART 64
OFFSET  7.9181  2.8093 -18.2835
X -0.6233 -0.6545  0.4280
Y -0.7094  0.2429 -0.6616
Z  0.3291 -0.7160 -0.6157

PART 65
OFFSET  9.6415  0.2416 -17.2850
X  0.6950 -0.2109  0.6874
Y  0.6083  0.6821 -0.4058
Z -0.3833  0.7002  0.6024

PART 66
OFFSET  8.2838  0.6536 -18.6279
X  0.7947  0.5808 -0.1766
Y -0.4569  0.3806 -0.8040
Z -0.3997  0.7196  0.5678

PART 67
OFFSET  7.1231 -0.1947 -18.3699
X  0.0327  0.6035 -0.7967
Y -0.8954 -0.3364 -0.2917
Z -0.4441  0.7229  0.5294

PART 68
OFFSET  7.0885 -0.8836 -17.4716
X  0.5752 -0.2941  0.7633
Y -0.7374 -0.5903  0.3283
Z  0.3540 -0.7517 -0.5564

PART 69
OFFSET  8.2020  2.4256 -17.0801
X  0.3516  0.7945 -0.4950
Y -0.8979  0.1367 -0.4184
Z -0.2648  0.5916  0.7615

PART 70
OFFSET  9.6972  7.9998 -17.7949
X  0.3461  0.8065 -0.4794
Y -0.8979  0.1367 -0.4184
Z -0.2719  0.5753  0.7714

PART 71
OFFSET  9.5956  5.9393 -18.9589
X  0.3516  0.7945 -0.4950
Y -0.8979  0.1367 -0.4184
Z -0.2648  0.5916  0.7615

PART 72
OFFSET  9.3462  3.6629 -19.1314
X  0.3516  0.7945 -0.4950
Y -0.8979  0.1367 -0.4184
Z -0.2648  0.5916  0.7615

PART 73
OFFSET  10.4143  8.4860 -17.8482
X  0.5837  0.2274  0.7795
Y  0.3516  0.7945 -0.4951
Z -0.7319  0.5630  0.3838

PART 74
OFFSET  16.7624  23.4154 -28.6321
X  0.3516  0.7945 -0.4950
Y -0.8979  0.1367 -0.4184
Z -0.2648  0.5916  0.7615


FRAME 54
PART 0
OFFSET -7.2604 -4.8127 -5.4071
X -0.5700  0.5325  0.6257
Y  0.1051 -0.7080  0.6983
Z  0.8149  0.4638  0.3476

PART 1
OFFSET -0.3668 -11.2529 -12.9744
X -0.7460 -0.6418  0.1776
Y  0.4331 -0.6702 -0.6027
Z  0.5058 -0.3727  0.7780

PART 2
OFFSET  0.0000 -0.0000 -0.0000
X  1.0000 -0.0000  0.0000
Y  0.0000  1.0000  0.0000
Z  0.0000 -0.0000  1.0000

PART 3
OFFSET  0.0000 -0.0000 -0.0000
X  0.9999 -0.0041  0.0104
Y  0.0041  1.0000 -0.0016
Z -0.0104  0.0016  0.9999

PART 4
OFFSET  1.4973  0.0001  4.1515
X  0.9999 -0.0041  0.0104
Y  0.0041  1.0000 -0.0016
Z -0.0104  0.0016  0.9999

PART 5
OFFSET  0.0000 -0.0000  0.0000
X  1.0000 -0.0000  0.0000
Y  0.0000  1.0000  0.0000
Z  0.0000 -0.0000  1.0000

PART 6
OFFSET -4.6318 -0.0000 -1.3770
X  1.0000 -0.0000  0.0000
Y  0.0000  1.0000  0.0000
Z  0.0000 -0.0000  1.0000

PART 7
OFFSET -3.5060  6.3408 -6.7125
X  0.3690  0.1162 -0.9221
Y  0.3944 -0.9179  0.0422
Z -0.8416 -0.3793 -0.3845

PART 8
OFFSET  0.9565  7.7456 -17.8648
X  0.8950 -0.0090 -0.4460
Y  0.4370 -0.1829  0.8807
Z -0.0895 -0.9831 -0.1598

PART 9
OFFSET  8.5689  7.6694 -21.6581
X  0.8950 -0.0090 -0.4460
Y  0.2244  0.8732  0.4327
Z  0.3855 -0.4873  0.7835

PART 10
OFFSET  9.6969  9.6041 -22.5648
X  0.8926 -0.0053 -0.4508
Y  0.0808  0.9856  0.1483
Z  0.4436 -0.1688  0.8802

PART 11
OFFSET  8.8625  7.1719 -23.3329
X  0.8926 -0.0053 -0.4508
Y  0.0808  0.9856  0.1483
Z  0.4436 -0.1688  0.8802

PART 12
OFFSET  11.0191  8.8781 -21.0685
X  0.8926 -0.0053 -0.4508
Y  0.0808  0.9856  0.1483
Z  0.4436 -0.1688  0.8802

PART 13
OFFSET  10.8018  7.2270 -21.2482
X  0.8926 -0.0053 -0.4508
Y  0.0808  0.9856  0.1483
Z  0.4436 -0.1688  0.8802

PART 14
OFFSET  10.2442  5.7007 -21.4821
X  0.8926 -0.0053 -0.4508
Y  0.0808  0.9856  0.1483
Z  0.4436 -0.1688  0.8802

PART 15
OFFSET  11.3703  8.0264 -21.9524
X  0.5845  0.2042  0.7853
Y -0.6164 -0.5176  0.5934
Z  0.5277 -0.8309 -0.1767

PART 16
OFFSET  12.5995  8.3692 -20.2085
X  0.7328  0.6521  0.1943
Y -0.0247 -0.2599  0.9653
Z  0.6800 -0.7122 -0.1744

PART 17
