// Export filename: `C:\projects\cod\t5\xanim_export\t5_viewmodels\ak47\ak47_grenadier_gl_sprint_loop.XANIM_EXPORT`
// Source filename: `D:\projects\devanim\t5\animation_assets\viewmodels\ak47\ViewModel_AK47_GrenadeLauncher_animated.fbx`
// Export time: Sat Jun 05 16:37:21 2010

ANIMATION
VERSION 3

NUMPARTS 77
PART 0 "tag_ads"
PART 1 "tag_torso"
PART 2 "J_Shoulder_LE"
PART 3 "J_Elbow_LE"
PART 4 "J_WristTwist_LE"
PART 5 "J_Sleave_Reshape_Bottom_LE_1"
PART 6 "J_Sleave_Reshape_Bottom_LE_2"
PART 7 "J_Sleave_Reshape_Top_LE_1"
PART 8 "J_Sleave_Reshape_Top_LE_2"
PART 9 "J_Sleave_Reshape_Top_LE_3"
PART 10 "J_Wrist_LE"
PART 11 "J_Thumb_LE_0"
PART 12 "J_Thumb_LE_1"
PART 13 "J_Thumb_LE_2"
PART 14 "J_Thumb_LE_3"
PART 15 "J_PinkyPalm_LE"
PART 16 "J_Pinky_LE_0"
PART 17 "J_Pinky_LE_1"
PART 18 "J_Pinky_LE_2"
PART 19 "J_Pinky_LE_3"
PART 20 "J_RingPalm_LE"
PART 21 "J_Ring_LE_0"
PART 22 "J_Ring_LE_1"
PART 23 "J_Ring_LE_2"
PART 24 "J_Ring_LE_3"
PART 25 "J_Webbing_LE"
PART 26 "J_Index_LE_0"
PART 27 "J_Index_LE_1"
PART 28 "J_Index_LE_2"
PART 29 "J_Index_LE_3"
PART 30 "J_Mid_LE_0"
PART 31 "J_Mid_LE_1"
PART 32 "J_Mid_LE_2"
PART 33 "J_Mid_LE_3"
PART 34 "tag_knife_attach"
PART 35 "tag_weapon"
PART 36 "J_Gun"
PART 37 "J_bolt"
PART 38 "TAG_CLIP"
PART 39 "TAG_FLASH"
PART 40 "TAG_BOUNCING_GRENADE_LAUNCHER"
PART 41 "J_BOUNCING_TRIGGER"
PART 42 "J_BOUNCING_GRENADE_AMMO"
PART 43 "J_BOUNCING_GRENADE_TIP"
PART 44 "J_Shoulder_RI"
PART 45 "J_Elbow_RI"
PART 46 "J_WristTwist_RI"
PART 47 "J_Sleave_Reshape_Top_RI_3"
PART 48 "J_Sleave_Reshape_Top_RI_2"
PART 49 "J_Sleave_Reshape_Top_RI_1"
PART 50 "J_Wrist_RI"
PART 51 "J_Thumb_RI_0"
PART 52 "J_Thumb_RI_1"
PART 53 "J_Thumb_RI_2"
PART 54 "J_Thumb_RI_3"
PART 55 "J_PinkyPalm_RI"
PART 56 "J_Pinky_RI_0"
PART 57 "J_Pinky_RI_1"
PART 58 "J_Pinky_RI_2"
PART 59 "J_Pinky_RI_3"
PART 60 "J_RingPalm_RI"
PART 61 "J_Ring_RI_0"
PART 62 "J_Ring_RI_1"
PART 63 "J_Ring_RI_2"
PART 64 "J_Ring_RI_3"
PART 65 "J_Webbing_RI"
PART 66 "J_Index_RI_0"
PART 67 "J_Index_RI_1"
PART 68 "J_Index_RI_2"
PART 69 "J_Index_RI_3"
PART 70 "J_Mid_RI_0"
PART 71 "J_Mid_RI_1"
PART 72 "J_Mid_RI_2"
PART 73 "J_Mid_RI_3"
PART 74 "tag_cambone"
PART 75 "tag_camera"
PART 76 "tag_gasmask"

FRAMERATE 30
NUMFRAMES 31

FRAME 1910
PART 0
OFFSET -4.6318 -0.0000 -1.3770
X  1.0000 -0.0000  0.0000
Y  0.0000  1.0000  0.0000
Z  0.0000 -0.0000  1.0000

PART 1
OFFSET -4.6318 -0.0000 -1.3770
X  1.0000 -0.0000  0.0000
Y  0.0000  1.0000  0.0000
Z  0.0000 -0.0000  1.0000

PART 2
OFFSET -3.5060  6.3408 -6.7125
X  0.7037 -0.0143 -0.7104
Y -0.0301 -0.9995 -0.0097
Z -0.7099  0.0282 -0.7037

PART 3
OFFSET  5.0039  6.1681 -15.3040
X  0.8195 -0.4985  0.2826
Y -0.4219 -0.1912  0.8862
Z -0.3877 -0.8455 -0.3671

PART 4
OFFSET  11.9743  1.9281 -12.9002
X  0.8195 -0.4985  0.2826
Y -0.0387  0.4439  0.8952
Z -0.5717 -0.7446  0.3445

PART 5
OFFSET  14.1384  2.8853 -12.5469
X  0.8230 -0.4951  0.2784
Y  0.3915  0.8496  0.3535
Z -0.4115 -0.1819  0.8931

PART 6
OFFSET  13.0520  1.0453 -13.9943
X  0.8230 -0.4951  0.2784
Y  0.3915  0.8496  0.3535
Z -0.4115 -0.1819  0.8931

PART 7
OFFSET  13.4804  1.8781 -10.5622
X  0.8230 -0.4951  0.2784
Y  0.3915  0.8496  0.3535
Z -0.4115 -0.1819  0.8931

PART 8
OFFSET  12.5814  0.3568 -10.9856
X  0.8230 -0.4951  0.2784
Y  0.3915  0.8496  0.3535
Z -0.4115 -0.1819  0.8931

PART 9
OFFSET  12.0494 -0.3216 -11.9887
X  0.8230 -0.4951  0.2784
Y  0.3915  0.8496  0.3535
Z -0.4115 -0.1819  0.8931

PART 10
OFFSET  14.4867  0.3999 -12.0338
X  0.7514  0.6353 -0.1780
Y -0.1371  0.4142  0.8998
Z  0.6454 -0.6518  0.3983

PART 11
OFFSET  14.9574  0.8178 -11.0819
X  0.8620  0.2873  0.4177
Y -0.5018  0.3662  0.7837
Z  0.0722 -0.8851  0.4598

PART 12
OFFSET  16.7714  1.4250 -10.0767
X  0.8488  0.2153 -0.4829
Y  0.3889  0.3645  0.8461
Z  0.3581 -0.9060  0.2257

PART 13
OFFSET  18.1586  1.6493 -10.8814
X  0.1765 -0.3930 -0.9024
Y  0.9623  0.2614  0.0744
Z  0.2067 -0.8816  0.4244

PART 14
OFFSET  18.3753  1.1884 -11.8366
X  0.1959  0.3300 -0.9234
Y -0.5469  0.8184  0.1765
Z  0.8139  0.4705  0.3408

PART 15
OFFSET  15.3998  0.3623 -13.0673
X  0.7950  0.2846 -0.5356
Y  0.5913 -0.5607  0.5797
Z -0.1353 -0.7776 -0.6141

PART 16
OFFSET  17.2783  1.0463 -14.1103
X  0.8943 -0.2257  0.3863
Y -0.4467 -0.4020  0.7993
Z -0.0252 -0.8874 -0.4603

PART 17
OFFSET  18.5445  0.7267 -13.5634
X -0.3905 -0.4341  0.8118
Y -0.9201  0.1545 -0.3600
Z  0.0308 -0.8875 -0.4597

PART 18
OFFSET  18.1982  0.3419 -12.8436
X -0.7934 -0.2794  0.5408
Y -0.6081  0.4034 -0.6837
Z -0.0271 -0.8713 -0.4900

PART 19
OFFSET  17.4445  0.0764 -12.3299
X  0.9925  0.0864  0.0865
Y  0.0481  0.3743 -0.9261
Z -0.1124  0.9233  0.3673

PART 20
OFFSET  15.3838  0.8683 -12.5641
X  0.7611  0.4735 -0.4433
Y  0.6353 -0.6822  0.3620
Z -0.1310 -0.5571 -0.8200

PART 21
OFFSET  17.4276  1.9807 -13.7233
X  0.9151 -0.2915  0.2787
Y -0.3922 -0.4821  0.7834
Z -0.0941 -0.8262 -0.5555

PART 22
OFFSET  18.9855  1.4843 -13.2489
X -0.3521 -0.5004  0.7910
Y -0.9337  0.2465 -0.2596
Z -0.0650 -0.8300 -0.5540

PART 23
OFFSET  18.4976  0.7908 -12.1526
X -0.9777 -0.0607  0.2012
Y -0.2002  0.5596 -0.8042
Z -0.0637 -0.8266 -0.5592

PART 24
OFFSET  17.4373  0.7250 -11.9345
X  0.9123 -0.3106  0.2671
Y  0.3992  0.5282 -0.7494
Z  0.0916  0.7903  0.6059

PART 25
OFFSET  16.9314  2.6668 -10.9402
X  0.9130  0.3365 -0.2307
Y -0.4040  0.8239 -0.3974
Z  0.0564  0.4560  0.8882

PART 26
OFFSET  17.0714  3.4301 -12.1966
X  0.8473  0.3599 -0.3906
Y  0.5046 -0.7750  0.3804
Z -0.1658 -0.5194 -0.8383

PART 27
OFFSET  18.5632  4.0639 -12.8844
X  0.9562  0.0244 -0.2918
Y  0.1607 -0.8768  0.4532
Z -0.2448 -0.4803 -0.8423

PART 28
OFFSET  19.7404  4.1227 -13.1880
X  0.9812 -0.1899 -0.0346
Y -0.1467 -0.8499  0.5062
Z -0.1255 -0.4916 -0.8617

PART 29
OFFSET  20.8487  3.9082 -13.2270
X -0.2223  0.6908 -0.6881
Y -0.9541 -0.0089  0.2993
Z  0.2006  0.7230  0.6611

PART 30
OFFSET  17.2558  2.7962 -13.0823
X  0.9442 -0.3197  0.0791
Y -0.2526 -0.5488  0.7969
Z -0.2113 -0.7725 -0.5989

PART 31
OFFSET  19.1004  2.1717 -12.9277
X -0.3127 -0.5100  0.8013
Y -0.9138  0.3916 -0.1074
Z -0.2591 -0.7658 -0.5885

PART 32
OFFSET  18.6436  1.4268 -11.7573
X -0.9057  0.0056  0.4239
Y -0.3075  0.6797 -0.6660
Z -0.2918 -0.7335 -0.6139

PART 33
OFFSET  17.6160  1.4274 -11.2811
X  0.9095 -0.3915  0.1396
Y  0.3250  0.4604 -0.8261
Z  0.2591  0.7967  0.5460

PART 34
OFFSET  17.5814  0.9060 -12.3942
X -0.1387 -0.6128 -0.7780
Y -0.6454  0.6518 -0.3983
Z  0.7511  0.4469 -0.4859

PART 35
OFFSET  10.2443 -1.9509 -7.0301
X  0.7570  0.5117 -0.4063
Y -0.6468  0.4986 -0.5771
Z -0.0927  0.6997  0.7084

PART 36
OFFSET  10.2443 -1.9509 -7.0301
X  0.7570  0.5117 -0.4063
Y -0.6468  0.4986 -0.5771
Z -0.0927  0.6997  0.7084

PART 37
OFFSET  14.2205  2.2705 -7.3512
X  0.7550  0.5259 -0.3917
Y -0.6468  0.4986 -0.5771
Z -0.1082  0.6891  0.7166

PART 38
OFFSET  13.3971  0.4071 -8.5523
X  0.7570  0.5117 -0.4063
Y -0.6468  0.4986 -0.5771
Z -0.0927  0.6997  0.7084

PART 39
OFFSET  25.5783  7.5985 -15.9923
X  0.7570  0.5117 -0.4063
Y -0.6468  0.4986 -0.5771
Z -0.0927  0.6997  0.7084

PART 40
OFFSET  4.3104 -8.8616 -6.3504
X  0.7570  0.5117 -0.4063
Y -0.6468  0.4986 -0.5771
Z -0.0927  0.6997  0.7084

PART 41
OFFSET  19.7360  3.7117 -12.7801
X  0.7570  0.5117 -0.4063
Y -0.6468  0.4986 -0.5771
Z -0.0927  0.6997  0.7084

PART 42
OFFSET  21.7941  4.9971 -13.9714
X  0.7570  0.5117 -0.4063
Y -0.6468  0.4986 -0.5771
Z -0.0927  0.6997  0.7084

PART 43
OFFSET  25.1281  7.2508 -15.7609
X  0.7570  0.5117 -0.4063
Y -0.6468  0.4986 -0.5771
Z -0.0927  0.6997  0.7084

PART 44
OFFSET -10.8444 -11.7139 -5.9426
X -0.9335  0.3392 -0.1162
Y -0.2261 -0.3051  0.9251
Z  0.2783  0.8899  0.3615

PART 45
OFFSET  0.4454 -15.8159 -4.5369
X -0.6498 -0.7518  0.1117
Y  0.7582 -0.6311  0.1637
Z -0.0526  0.1911  0.9802

PART 46
OFFSET  5.9725 -9.4213 -5.4867
X -0.6498 -0.7518  0.1117
Y  0.4908 -0.5273 -0.6936
Z  0.5803 -0.3959  0.7117

PART 47
OFFSET  6.4544 -8.1393 -6.9322
X -0.6541 -0.7487  0.1078
Y  0.0434 -0.1794 -0.9828
Z  0.7551 -0.6382  0.1498

PART 48
OFFSET  5.9679 -7.1353 -6.4392
X -0.6541 -0.7487  0.1078
Y  0.0434 -0.1794 -0.9828
Z  0.7551 -0.6382  0.1498

PART 49
OFFSET  6.0690 -6.8919 -5.0961
X -0.6541 -0.7487  0.1078
Y  0.0434 -0.1794 -0.9828
Z  0.7551 -0.6382  0.1498

PART 50
OFFSET  7.9647 -7.1164 -5.8291
X -0.6066 -0.7425  0.2840
Y  0.4179 -0.6017 -0.6807
Z  0.6763 -0.2942  0.6753

PART 51
OFFSET  7.5567 -6.0810 -5.5773
X  0.1113 -0.9710  0.2117
Y  0.3794 -0.1554 -0.9121
Z  0.9185  0.1819  0.3511

PART 52
OFFSET  7.2275 -3.9803 -5.9626
X -0.4816 -0.4593  0.7464
Y  0.3435 -0.8825 -0.3214
Z  0.8063  0.1016  0.5827

PART 53
OFFSET  7.9351 -3.3029 -7.2521
X -0.4685  0.3079  0.8281
Y -0.0549 -0.9457  0.3205
Z  0.8818  0.1047  0.4599

PART 54
OFFSET  8.4023 -3.6245 -8.1741
X -0.9236 -0.0349  0.3819
Y -0.3828  0.0257 -0.9235
Z  0.0224 -0.9991 -0.0371

PART 55
OFFSET  8.7888 -7.0730 -6.9347
X -0.5528 -0.4503  0.7011
Y  0.8206 -0.1478  0.5521
Z -0.1450  0.8806  0.4512

PART 56
OFFSET  9.9092 -5.9148 -8.5121
X  0.5548 -0.5015  0.6639
Y  0.8233  0.2158 -0.5249
Z  0.1199  0.8378  0.5326

PART 57
OFFSET  9.1238 -5.2048 -9.4520
X  0.9894 -0.0624 -0.1313
Y -0.0698  0.5886 -0.8054
Z  0.1275  0.8060  0.5780

PART 58
OFFSET  8.2466 -5.1495 -9.3356
X  0.5188  0.3995 -0.7558
Y -0.8473  0.3579 -0.3925
Z  0.1137  0.8440  0.5242

PART 59
OFFSET  7.7537 -5.5291 -8.6175
X  0.1186 -0.6523  0.7487
Y -0.9592  0.1197  0.2563
Z -0.2568 -0.7485 -0.6114

PART 60
OFFSET  8.7390 -6.5508 -6.4505
X -0.5794 -0.5903  0.5620
Y  0.7695 -0.1688  0.6160
Z -0.2688  0.7893  0.5520

PART 61
OFFSET  10.2996 -5.1397 -7.9775
X  0.5126 -0.4258  0.7457
Y  0.8563  0.1897 -0.4803
Z  0.0631  0.8847  0.4618

PART 62
OFFSET  9.4270 -4.4148 -9.2469
X  0.9548  0.0830 -0.2855
Y -0.2891  0.4833 -0.8263
Z  0.0694  0.8715  0.4855

PART 63
OFFSET  8.1037 -4.5298 -8.8513
X  0.3595  0.4358 -0.8252
Y -0.9310  0.2278 -0.2853
Z  0.0636  0.8708  0.4876

PART 64
OFFSET  7.7138 -5.0024 -7.9564
X  0.2404 -0.4443  0.8630
Y -0.9706 -0.1008  0.2185
Z -0.0101 -0.8902 -0.4555

PART 65
OFFSET  5.4492 -9.8557 -3.7095
X -0.4635 -0.6641  0.5866
Y -0.8065  0.0420 -0.5897
Z  0.3670 -0.7465 -0.5551

PART 66
OFFSET  10.2646 -3.8786 -6.1714
X -0.7225 -0.6247  0.2962
Y  0.6324 -0.4240  0.6483
Z -0.2795  0.6557  0.7014

PART 67
OFFSET  11.5367 -2.7787 -6.6929
X  0.3133 -0.5863  0.7470
Y  0.8977  0.4395 -0.0315
Z -0.3099  0.6804  0.6640

PART 68
OFFSET  11.1370 -2.0246 -7.5607
X  0.6715 -0.4053  0.6203
Y  0.6904  0.6462 -0.3252
Z -0.2690  0.6467  0.7137

PART 69
OFFSET  10.3785 -1.5668 -8.2613
X -0.9175 -0.2695  0.2924
Y -0.3920  0.4897 -0.7788
Z  0.0667 -0.8292 -0.5549

PART 70
OFFSET  10.5319 -4.5578 -7.0007
X  0.3896 -0.4530  0.8019
Y  0.9133  0.3025 -0.2728
Z -0.1190  0.8386  0.5315

PART 71
OFFSET  9.7709 -3.6729 -8.5672
X  0.9894  0.1445 -0.0144
Y -0.0839  0.4879 -0.8689
Z -0.1185  0.8609  0.4948

PART 72
OFFSET  8.3257 -3.8839 -8.5462
X  0.4436  0.4651 -0.7661
Y -0.8838  0.0850 -0.4602
Z -0.1489  0.8812  0.4488

PART 73
OFFSET  7.8237 -4.4168 -7.6820
X  0.2338 -0.4672  0.8526
Y -0.9703 -0.1680  0.1740
Z  0.0619 -0.8680 -0.4927

PART 74
OFFSET  0.0000 -0.0000 -0.0000
X  1.0000 -0.0000  0.0000
Y  0.0000  1.0000  0.0000
Z  0.0000 -0.0000  1.0000

PART 75
OFFSET  0.0000 -0.0000 -0.0000
X  1.0000 -0.0000  0.0000
Y  0.0000  1.0000  0.0000
Z  0.0000 -0.0000  1.0000

PART 76
OFFSET  1.5404 -0.0000  4.1357
X  1.0000 -0.0000  0.0000
Y  0.0000  1.0000  0.0000
Z  0.0000 -0.0000  1.0000


FRAME 1911
PART 0
OFFSET -4.6318 -0.0000 -1.3770
X  1.0000 -0.0000  0.0000
Y  0.0000  1.0000  0.0000
Z  0.0000 -0.0000  1.0000

PART 1
OFFSET -4.6318 -0.0000 -1.3770
X  1.0000 -0.0000  0.0000
Y  0.0000  1.0000  0.0000
Z  0.0000 -0.0000  1.0000

PART 2
OFFSET -3.5060  6.3408 -6.7125
X  0.7156 -0.0170 -0.6983
Y -0.0470 -0.9986 -0.0239
Z -0.6970  0.0499 -0.7154

PART 3
OFFSET  5.1479  6.1356 -15.1582
X  0.8115 -0.5138  0.2785
Y -0.4301 -0.2024  0.8798
Z -0.3957 -0.8337 -0.3852

PART 4
OFFSET  12.0497  1.7654 -12.7898
X  0.8115 -0.5138  0.2785
Y  0.0727  0.5616  0.8242
Z -0.5799 -0.6486  0.4931

PART 5
OFFSET  14.2230  2.6888 -12.4051
X  0.8150 -0.5104  0.2743
Y  0.3996  0.8379  0.3717
Z -0.4195 -0.1934  0.8869

PART 6
OFFSET  13.1236  0.8896 -13.8934
X  0.8150 -0.5104  0.2743
Y  0.3996  0.8379  0.3717
Z -0.4195 -0.1934  0.8869

PART 7
OFFSET  13.5397  1.6532 -10.4437
X  0.8150 -0.5104  0.2743
Y  0.3996  0.8379  0.3717
Z -0.4195 -0.1934  0.8869

PART 8
OFFSET  12.6248  0.1513 -10.9011
X  0.8150 -0.5104  0.2743
Y  0.3996  0.8379  0.3717
Z -0.4195 -0.1934  0.8869

PART 9
OFFSET  12.0911 -0.5016 -11.9200
X  0.8150 -0.5104  0.2743
Y  0.3996  0.8379  0.3717
Z -0.4195 -0.1934  0.8869

PART 10
OFFSET  14.5373  0.1902 -11.9362
X  0.7298  0.6628 -0.1676
Y -0.1631  0.4068  0.8988
Z  0.6639 -0.6286  0.4050

PART 11
OFFSET  14.9808  0.6228 -10.9779
X  0.8457  0.3177  0.4288
Y -0.5244  0.3458  0.7781
Z  0.0989 -0.8829  0.4590

PART 12
OFFSET  16.7589  1.2937 -9.9493
X  0.8462  0.2473 -0.4720
Y  0.3649  0.3766  0.8515
Z  0.3883 -0.8928  0.2284

PART 13
OFFSET  18.1467  1.5705 -10.7366
X  0.2018 -0.3842 -0.9009
Y  0.9511  0.2963  0.0867
Z  0.2337 -0.8744  0.4253

PART 14
OFFSET  18.3918  1.1200 -11.6899
X  0.1949  0.3391 -0.9203
Y -0.5787  0.7974  0.1713
Z  0.7919  0.4992  0.3516

PART 15
OFFSET  15.4637  0.1884 -12.9585
X  0.7905  0.3148 -0.5253
Y  0.6043 -0.5400  0.5859
Z -0.0993 -0.7806 -0.6171

PART 16
OFFSET  17.3285  0.9431 -13.9771
X  0.8972 -0.1937  0.3968
Y -0.4414 -0.4199  0.7930
Z  0.0130 -0.8867 -0.4622

PART 17
OFFSET  18.5988  0.6688 -13.4153
X -0.3842 -0.4499  0.8062
Y -0.9207  0.1216 -0.3709
Z  0.0689 -0.8848 -0.4609

PART 18
OFFSET  18.2581  0.2699 -12.7006
X -0.7892 -0.3095  0.5305
Y -0.6140  0.3825 -0.6904
Z  0.0108 -0.8706 -0.4919

PART 19
OFFSET  17.5084 -0.0241 -12.1966
X  0.9875  0.1225  0.0988
Y  0.0456  0.3779 -0.9247
Z -0.1506  0.9177  0.3676

PART 20
OFFSET  15.4231  0.6923 -12.4546
X  0.7486  0.5021 -0.4331
Y  0.6554 -0.6593  0.3685
Z -0.1005 -0.5597 -0.8226

PART 21
OFFSET  17.4388  1.8814 -13.5866
X  0.9217 -0.2585  0.2894
Y -0.3838 -0.4979  0.7777
Z -0.0570 -0.8278 -0.5581

PART 22
OFFSET  19.0079  1.4413 -13.0940
X -0.3431 -0.5147  0.7857
Y -0.9389  0.2127 -0.2706
Z -0.0278 -0.8305 -0.5563

PART 23
OFFSET  18.5324  0.7279 -12.0051
X -0.9772 -0.0969  0.1890
Y -0.2108  0.5537 -0.8056
Z -0.0266 -0.8270 -0.5615

PART 24
OFFSET  17.4726  0.6228 -11.8001
X  0.9197 -0.2776  0.2777
Y  0.3887  0.5442 -0.7435
Z  0.0552  0.7917  0.6084

PART 25
OFFSET  16.8839  2.5425 -10.8085
X  0.9028  0.3702 -0.2189
Y -0.4291  0.8095 -0.4008
Z  0.0288  0.4558  0.8896

PART 26
OFFSET  17.0112  3.3134 -12.0617
X  0.8382  0.3916 -0.3795
Y  0.5280 -0.7569  0.3851
Z -0.1365 -0.5232 -0.8412

PART 27
OFFSET  18.4870  4.0028 -12.7300
X  0.9581  0.0601 -0.2800
Y  0.1872 -0.8713  0.4536
Z -0.2168 -0.4870 -0.8461

PART 28
OFFSET  19.6649  4.1054 -13.0190
X  0.9878 -0.1538 -0.0229
Y -0.1216 -0.8558  0.5028
Z -0.0969 -0.4939 -0.8641

PART 29
OFFSET  20.7807  3.9317 -13.0448
X -0.2390  0.6837 -0.6895
Y -0.9567 -0.0445  0.2875
Z  0.1659  0.7284  0.6648

PART 30
OFFSET  17.2294  2.6886 -12.9463
X  0.9543 -0.2851  0.0901
Y -0.2420 -0.5595  0.7927
Z -0.1756 -0.7783 -0.6029

PART 31
OFFSET  19.0936  2.1317 -12.7702
X -0.3036 -0.5229  0.7965
Y -0.9262  0.3582 -0.1178
Z -0.2236 -0.7735 -0.5931

PART 32
OFFSET  18.6502  1.3679 -11.6068
X -0.9104 -0.0285  0.4127
Y -0.3240  0.6695 -0.6685
Z -0.2572 -0.7423 -0.6187

PART 33
OFFSET  17.6175  1.3298 -11.1433
X  0.9215 -0.3583  0.1500
Y  0.3179  0.4739 -0.8212
Z  0.2231  0.8044  0.5506

PART 34
OFFSET  17.6156  0.8100 -12.2576
X -0.1067 -0.6157 -0.7807
Y -0.6639  0.6286 -0.4050
Z  0.7401  0.4752 -0.4758

PART 35
OFFSET  10.3232 -2.3257 -6.9893
X  0.7427  0.5400 -0.3960
Y -0.6575  0.4759 -0.5841
Z -0.1269  0.6942  0.7085

PART 36
OFFSET  10.3232 -2.3257 -6.9893
X  0.7427  0.5400 -0.3960
Y -0.6575  0.4759 -0.5841
Z -0.1269  0.6942  0.7085

PART 37
OFFSET  14.1457  2.0391 -7.2538
X  0.7399  0.5541 -0.3815
Y -0.6575  0.4759 -0.5841
Z -0.1421  0.6830  0.7165

PART 38
OFFSET  13.4058  0.1495 -8.4684
X  0.7427  0.5400 -0.3960
Y -0.6575  0.4759 -0.5841
Z -0.1269  0.6942  0.7085

PART 39
OFFSET  25.4053  7.7990 -15.7451
X  0.7427  0.5400 -0.3960
Y -0.6575  0.4759 -0.5841
Z -0.1269  0.6942  0.7085

PART 40
OFFSET  4.6386 -9.4505 -6.3952
X  0.7427  0.5400 -0.3960
Y -0.6575  0.4759 -0.5841
Z -0.1269  0.6942  0.7085

PART 41
OFFSET  19.6706  3.6936 -12.6119
X  0.7427  0.5400 -0.3960
Y -0.6575  0.4759 -0.5841
Z -0.1269  0.6942  0.7085

PART 42
OFFSET  21.6945  5.0562 -13.7756
X  0.7427  0.5400 -0.3960
Y -0.6575  0.4759 -0.5841
Z -0.1269  0.6942  0.7085

PART 43
OFFSET  24.9654  7.4345 -15.5198
X  0.7427  0.5400 -0.3960
Y -0.6575  0.4759 -0.5841
Z -0.1269  0.6942  0.7085

PART 44
OFFSET -10.8444 -11.7139 -5.9426
X -0.9281  0.3530 -0.1181
Y -0.2303 -0.2953  0.9272
Z  0.2924  0.8878  0.3554

PART 45
OFFSET  0.3803 -15.9829 -4.5137
X -0.6775 -0.7267  0.1134
Y  0.7339 -0.6576  0.1702
Z -0.0491  0.1985  0.9789

PART 46
OFFSET  6.1428 -9.8019 -5.4782
X -0.6775 -0.7267  0.1134
Y  0.4837 -0.5563 -0.6757
Z  0.5541 -0.4029  0.7284

PART 47
OFFSET  6.6769 -8.5468 -6.9289
X -0.6817 -0.7234  0.1094
Y  0.0403 -0.1865 -0.9816
Z  0.7305 -0.6647  0.1563

PART 48
OFFSET  6.2259 -7.5228 -6.4435
X -0.6817 -0.7234  0.1094
Y  0.0403 -0.1865 -0.9816
Z  0.7305 -0.6647  0.1563

PART 49
OFFSET  6.3311 -7.2755 -5.1014
X -0.6817 -0.7234  0.1094
Y  0.0403 -0.1865 -0.9816
Z  0.7305 -0.6647  0.1563

PART 50
OFFSET  8.2199 -7.5740 -5.8258
X -0.5824 -0.7649  0.2752
Y  0.4479 -0.5845 -0.6766
Z  0.6784 -0.2708  0.6830

PART 51
OFFSET  7.7711 -6.5547 -5.5771
X  0.1442 -0.9667  0.2113
Y  0.3959 -0.1393 -0.9077
Z  0.9069  0.2145  0.3627

PART 52
OFFSET  7.3699 -4.4666 -5.9626
X -0.4735 -0.4783  0.7396
Y  0.3794 -0.8686 -0.3188
Z  0.7949  0.1297  0.5927

PART 53
OFFSET  8.0679 -3.7608 -7.2421
X -0.4895  0.2886  0.8228
Y -0.0242 -0.9478  0.3180
Z  0.8717  0.1358  0.4709

PART 54
OFFSET  8.5578 -4.0630 -8.1588
X -0.9262 -0.0695  0.3705
Y -0.3722  0.0138 -0.9280
Z  0.0594 -0.9975 -0.0387

PART 55
OFFSET  9.0552 -7.4978 -6.9212
X -0.5445 -0.4718  0.6935
Y  0.8187 -0.1189  0.5618
Z -0.1826  0.8736  0.4510

PART 56
OFFSET  10.1516 -6.2959 -8.4825
X  0.5646 -0.4824  0.6697
Y  0.8212  0.2470 -0.5144
Z  0.0827  0.8404  0.5356

PART 57
OFFSET  9.3522 -5.6129 -9.4307
X  0.9925 -0.0258 -0.1193
Y -0.0815  0.5875 -0.8051
Z  0.0909  0.8088  0.5810

PART 58
OFFSET  8.4722 -5.5901 -9.3250
X  0.5130  0.4200 -0.7486
Y -0.8550  0.3275 -0.4022
Z  0.0763  0.8464  0.5271

PART 59
OFFSET  7.9848 -5.9891 -8.6137
X  0.1333 -0.6492  0.7489
Y -0.9660  0.0840  0.2447
Z -0.2217 -0.7560 -0.6159

PART 60
OFFSET  8.9804 -6.9790 -6.4367
X -0.5642 -0.6124  0.5537
Y  0.7675 -0.1419  0.6251
Z -0.3042  0.7777  0.5501

PART 61
OFFSET  10.5068 -5.5082 -7.9417
X  0.5187 -0.4084  0.7511
Y  0.8546  0.2220 -0.4695
Z  0.0250  0.8854  0.4642

PART 62
OFFSET  9.6237 -4.8129 -9.2205
X  0.9545  0.1185 -0.2736
Y -0.2965  0.4743 -0.8289
Z  0.0315  0.8723  0.4879

PART 63
OFFSET  8.3009 -4.9771 -8.8413
X  0.3533  0.4505 -0.8199
Y -0.9352  0.1942 -0.2963
Z  0.0257  0.8714  0.4899

PART 64
OFFSET  7.9177 -5.4657 -7.9521
X  0.2460 -0.4372  0.8651
Y -0.9689 -0.1367  0.2064
Z  0.0280 -0.8889 -0.4572

PART 65
OFFSET  5.7807 -10.4083 -3.7423
X -0.4460 -0.6819  0.5797
Y -0.8003  0.0138 -0.5995
Z  0.4008 -0.7313 -0.5519

PART 66
OFFSET  10.4036 -4.2534 -6.1339
X -0.7027 -0.6514  0.2861
Y  0.6395 -0.4020  0.6553
Z -0.3118  0.6434  0.6991

PART 67
OFFSET  11.6408 -3.1065 -6.6377
X  0.3254 -0.5762  0.7497
Y  0.8813  0.4722 -0.0196
Z -0.3427  0.6671  0.6614

PART 68
OFFSET  11.2244 -2.3655 -7.5090
X  0.6783 -0.3819  0.6278
Y  0.6702  0.6717 -0.3155
Z -0.3012  0.6348  0.7116

PART 69
OFFSET  10.4582 -1.9341 -8.2181
X -0.9106 -0.3035  0.2806
Y -0.4001  0.4768 -0.7827
Z  0.1038 -0.8249 -0.5556

PART 70
OFFSET  10.7057 -4.9204 -6.9611
X  0.3961 -0.4403  0.8058
Y  0.9048  0.3363 -0.2610
Z -0.1561  0.8325  0.5316

PART 71
OFFSET  9.9319 -4.0604 -8.5353
X  0.9836  0.1806 -0.0020
Y -0.0911  0.4865 -0.8689
Z -0.1559  0.8548  0.4949

PART 72
OFFSET  8.4953 -4.3242 -8.5323
X  0.4356  0.4828 -0.7597
Y -0.8806  0.0536 -0.4708
Z -0.1866  0.8741  0.4485

PART 73
OFFSET  8.0027 -4.8771 -7.6754
X  0.2404 -0.4603  0.8546
Y -0.9655 -0.2038  0.1618
Z  0.0997 -0.8640 -0.4935

PART 74
OFFSET  0.0000 -0.0000 -0.0000
X  1.0000 -0.0000  0.0000
Y  0.0000  1.0000  0.0000
Z  0.0000 -0.0000  1.0000

PART 75
OFFSET  0.0000 -0.0000 -0.0000
X  1.0000 -0.0000  0.0000
Y  0.0000  1.0000  0.0000
Z  0.0000 -0.0000  1.0000

PART 76
OFFSET  1.5404 -0.0000  4.1357
X  1.0000 -0.0000  0.0000
Y  0.0000  1.0000  0.0000
Z  0.0000 -0.0000  1.0000


FRAME 1912
PART 0
OFFSET -4.6318 -0.0000 -1.3770
X  1.0000 -0.0000  0.0000
Y  0.0000  1.0000  0.0000
Z  0.0000 -0.0000  1.0000

PART 1
OFFSET -4.6318 -0.0000 -1.3770
X  1.0000 -0.0000  0.0000
Y  0.0000  1.0000  0.0000
Z  0.0000 -0.0000  1.0000

PART 2
OFFSET -3.5060  6.3408 -6.7125
X  0.7352 -0.0229 -0.6774
Y -0.0767 -0.9958 -0.0496
Z -0.6734  0.0885 -0.7339

PART 3
OFFSET  5.3859  6.0640 -14.9051
X  0.7958 -0.5410  0.2720
Y -0.4462 -0.2204  0.8674
Z -0.4093 -0.8116 -0.4168

PART 4
OFFSET  12.1549  1.4626 -12.5919
X  0.7958 -0.5410  0.2720
Y  0.3010  0.7432  0.5976
Z -0.5254 -0.3937  0.7543

PART 5
OFFSET  14.3433  2.3230 -12.1503
X  0.7996 -0.5375  0.2679
Y  0.4135  0.8162  0.4035
Z -0.4356 -0.2118  0.8749

PART 6
OFFSET  13.2234  0.5980 -13.7095
X  0.7996 -0.5375  0.2679
Y  0.4135  0.8162  0.4035
Z -0.4356 -0.2118  0.8749

PART 7
OFFSET  13.6107  1.2414 -10.2321
X  0.7996 -0.5375  0.2679
Y  0.4135  0.8162  0.4035
Z -0.4356 -0.2118  0.8749

PART 8
OFFSET  12.6682 -0.2237 -10.7490
X  0.7996 -0.5375  0.2679
Y  0.4135  0.8162  0.4035
Z -0.4356 -0.2118  0.8749

PART 9
OFFSET  12.1335 -0.8313 -11.7951
X  0.7996 -0.5375  0.2679
Y  0.4135  0.8162  0.4035
Z -0.4356 -0.2118  0.8749

PART 10
OFFSET  14.5947 -0.1959 -11.7582
X  0.7057  0.6922 -0.1511
Y -0.1919  0.3921  0.8997
Z  0.6820 -0.6059  0.4095

PART 11
OFFSET  15.0070  0.2451 -10.7897
X  0.8263  0.3465  0.4440
Y -0.5487  0.3181  0.7731
Z  0.1266 -0.8825  0.4530

PART 12
OFFSET  16.7425  0.9753 -9.7293
X  0.8427  0.2842 -0.4573
Y  0.3375  0.3828  0.8600
Z  0.4195 -0.8790  0.2266

PART 13
OFFSET  18.1297  1.3129 -10.4934
X  0.2297 -0.3680 -0.9010
Y  0.9375  0.3323  0.1033
Z  0.2614 -0.8684  0.4213

PART 14
OFFSET  18.4060  0.8809 -11.4468
X  0.1949  0.3547 -0.9145
Y -0.6117  0.7727  0.1694
Z  0.7667  0.5264  0.3675

PART 15
OFFSET  15.5352 -0.1525 -12.7666
X  0.7852  0.3500 -0.5108
Y  0.6163 -0.5213  0.5902
Z -0.0598 -0.7783 -0.6251

PART 16
OFFSET  17.3838  0.6833 -13.7510
X  0.8982 -0.1623  0.4084
Y -0.4361 -0.4438  0.7828
Z  0.0543 -0.8813 -0.4694

PART 17
OFFSET  18.6555  0.4536 -13.1727
X -0.3781 -0.4717  0.7966
Y -0.9192  0.0890 -0.3836
Z  0.1100 -0.8772 -0.4673

PART 18
OFFSET  18.3203  0.0353 -12.4664
X -0.7841 -0.3447  0.5160
Y -0.6184  0.3645 -0.6962
Z  0.0519 -0.8651 -0.4990

PART 19
OFFSET  17.5753 -0.2921 -11.9762
X  0.9805  0.1599  0.1145
Y  0.0443  0.3877 -0.9207
Z -0.1916  0.9078  0.3730

PART 20
OFFSET  15.4677  0.3450 -12.2591
X  0.7347  0.5347 -0.4176
Y  0.6752 -0.6366  0.3727
Z -0.0666 -0.5558 -0.8287

PART 21
OFFSET  17.4517  1.6217 -13.3510
X  0.9267 -0.2250  0.3008
Y -0.3753 -0.5194  0.7677
Z -0.0165 -0.8244 -0.5658

PART 22
OFFSET  19.0295  1.2385 -12.8388
X -0.3342 -0.5347  0.7761
Y -0.9424  0.1785 -0.2828
Z  0.0127 -0.8259 -0.5636

PART 23
OFFSET  18.5663  0.4974 -11.7631
X -0.9753 -0.1365  0.1737
Y -0.2205  0.5523 -0.8040
Z  0.0139 -0.8224 -0.5688

PART 24
OFFSET  17.5086  0.3493 -11.5748
X  0.9257 -0.2441  0.2890
Y  0.3780  0.5656 -0.7330
Z  0.0155  0.7878  0.6158

PART 25
OFFSET  16.8311  2.2357 -10.5760
X  0.8908  0.4070 -0.2023
Y -0.4545  0.7958 -0.4003
Z -0.0019  0.4485  0.8938

PART 26
OFFSET  16.9464  3.0221 -11.8206
X  0.8277  0.4273 -0.3637
Y  0.5515 -0.7392  0.3865
Z -0.1037 -0.5205 -0.8475

PART 27
OFFSET  18.4037  3.7744 -12.4610
X  0.9590  0.0998 -0.2652
Y  0.2144 -0.8674  0.4490
Z -0.1853 -0.4874 -0.8533

PART 28
OFFSET  19.5808  3.9254 -12.7316
X  0.9933 -0.1151 -0.0095
Y -0.0954 -0.8644  0.4937
Z -0.0650 -0.4895 -0.8696

PART 29
OFFSET  20.7028  3.7954 -12.7423
X -0.2555  0.6801 -0.6872
Y -0.9583 -0.0843  0.2729
Z  0.1277  0.7283  0.6733

PART 30
OFFSET  17.2017  2.4143 -12.7071
X  0.9632 -0.2485  0.1019
Y -0.2315 -0.5755  0.7843
Z -0.1363 -0.7791 -0.6119

PART 31
OFFSET  19.0834  1.9287 -12.5080
X -0.2945 -0.5415  0.7875
Y -0.9376  0.3229 -0.1286
Z -0.1847 -0.7762 -0.6028

PART 32
OFFSET  18.6533  1.1378 -11.3578
X -0.9145 -0.0676  0.3989
Y -0.3401  0.6623 -0.6675
Z -0.2191 -0.7461 -0.6287

PART 33
OFFSET  17.6162  1.0555 -10.9100
X  0.9325 -0.3235  0.1607
Y  0.3111  0.4932 -0.8124
Z  0.1835  0.8075  0.5606

PART 34
OFFSET  17.6508  0.5461 -12.0286
X -0.0712 -0.6123 -0.7874
Y -0.6820  0.6059 -0.4095
Z  0.7279  0.5078 -0.4607

PART 35
OFFSET  10.4105 -2.9181 -6.8958
X  0.7267  0.5720 -0.3804
Y -0.6670  0.4552 -0.5898
Z -0.1642  0.6823  0.7124

PART 36
OFFSET  10.4105 -2.9181 -6.8958
X  0.7267  0.5720 -0.3804
Y -0.6670  0.4552 -0.5898
Z -0.1642  0.6823  0.7124

PART 37
OFFSET  14.0633  1.5942 -7.0667
X  0.7232  0.5858 -0.3658
Y -0.6670  0.4552 -0.5898
Z -0.1790  0.6705  0.7200

PART 38
OFFSET  13.4154 -0.3117 -8.3080
X  0.7267  0.5720 -0.3804
Y -0.6670  0.4552 -0.5898
Z -0.1642  0.6823  0.7124

PART 39
OFFSET  25.2118  7.8637 -15.3409
X  0.7267  0.5720 -0.3804
Y -0.6670  0.4552 -0.5898
Z -0.1642  0.6823  0.7124

PART 40
OFFSET  5.0001 -10.2636 -6.4462
X  0.7267  0.5720 -0.3804
Y -0.6670  0.4552 -0.5898
Z -0.1642  0.6823  0.7124

PART 41
OFFSET  19.5966  3.5104 -12.3280
X  0.7267  0.5720 -0.3804
Y -0.6670  0.4552 -0.5898
Z -0.1642  0.6823  0.7124

PART 42
OFFSET  21.5826  4.9611 -13.4499
X  0.7267  0.5720 -0.3804
Y -0.6670  0.4552 -0.5898
Z -0.1642  0.6823  0.7124

PART 43
OFFSET  24.7832  7.4803 -15.1253
X  0.7267  0.5720 -0.3804
Y -0.6670  0.4552 -0.5898
Z -0.1642  0.6823  0.7124

PART 44
OFFSET -10.8444 -11.7139 -5.9426
X -0.9182  0.3768 -0.1221
Y -0.2386 -0.2803  0.9298
Z  0.3161  0.8829  0.3472

PART 45
OFFSET  0.2606 -16.2702 -4.4660
X -0.7118 -0.6927  0.1160
Y  0.7010 -0.6903  0.1793
Z -0.0442  0.2089  0.9769

PART 46
OFFSET  6.3147 -10.3782 -5.4524
X -0.7118 -0.6927  0.1160
Y  0.4702 -0.5926 -0.6540
Z  0.5218 -0.4110  0.7475

PART 47
OFFSET  6.9145 -9.1623 -6.9108
X -0.7158 -0.6893  0.1120
Y  0.0360 -0.1966 -0.9798
Z  0.6974 -0.6973  0.1655

PART 48
OFFSET  6.5104 -8.1139 -6.4361
X -0.7158 -0.6893  0.1120
Y  0.0360 -0.1966 -0.9798
Z  0.6974 -0.6973  0.1655

PART 49
OFFSET  6.6210 -7.8605 -5.0955
X -0.7158 -0.6893  0.1120
Y  0.0360 -0.1966 -0.9798
Z  0.6974 -0.6973  0.1655

PART 50
OFFSET  8.4968 -8.2544 -5.8079
X -0.5561 -0.7894  0.2600
Y  0.4801 -0.5605 -0.6748
Z  0.6784 -0.2504  0.6907

PART 51
OFFSET  8.0051 -7.2556 -5.5574
X  0.1787 -0.9622  0.2053
Y  0.4142 -0.1156 -0.9028
Z  0.8925  0.2464  0.3779

PART 52
OFFSET  7.5284 -5.1813 -5.9312
X -0.4652 -0.5030  0.7285
Y  0.4176 -0.8503 -0.3204
Z  0.7805  0.1552  0.6056

PART 53
OFFSET  8.2168 -4.4375 -7.1942
X -0.5123  0.2619  0.8179
Y  0.0082 -0.9508  0.3097
Z  0.8588  0.1654  0.4850

PART 54
OFFSET  8.7314 -4.7121 -8.1061
X -0.9281 -0.1088  0.3560
Y -0.3589  0.0077 -0.9333
Z  0.0988 -0.9940 -0.0462

PART 55
OFFSET  9.3444 -8.1360 -6.8901
X -0.5357 -0.4989  0.6813
Y  0.8144 -0.0920  0.5729
Z -0.2231  0.8618  0.4556

PART 56
OFFSET  10.4156 -6.8783 -8.4248
X  0.5732 -0.4660  0.6740
Y  0.8183  0.2834 -0.5000
Z  0.0420  0.8382  0.5438

PART 57
OFFSET  9.6041 -6.2185 -9.3790
X  0.9944  0.0139 -0.1047
Y -0.0926  0.5911 -0.8012
Z  0.0508  0.8065  0.5891

PART 58
OFFSET  8.7224 -6.2308 -9.2861
X  0.5071  0.4463 -0.7374
Y -0.8612  0.2976 -0.4121
Z  0.0355  0.8439  0.5352

PART 59
OFFSET  8.2407 -6.6548 -8.5856
X  0.1476 -0.6502  0.7453
Y -0.9719  0.0441  0.2310
Z -0.1831 -0.7585 -0.6255

PART 60
OFFSET  9.2424 -7.6248 -6.4024
X -0.5479 -0.6388  0.5401
Y  0.7633 -0.1176  0.6352
Z -0.3423  0.7603  0.5521

PART 61
OFFSET  10.7320 -6.0823 -7.8722
X  0.5233 -0.3947  0.7553
Y  0.8520  0.2593 -0.4548
Z -0.0163  0.8815  0.4719

PART 62
OFFSET  9.8411 -5.4104 -9.1580
X  0.9530  0.1580 -0.2584
Y -0.3027  0.4699 -0.8292
Z -0.0096  0.8685  0.4956

PART 63
OFFSET  8.5203 -5.6294 -8.8000
X  0.3473  0.4713 -0.8107
Y -0.9376  0.1603 -0.3085
Z -0.0154  0.8673  0.4976

PART 64
OFFSET  8.1436 -6.1405 -7.9207
X  0.2503 -0.4350  0.8649
Y -0.9657 -0.1761  0.1908
Z  0.0693 -0.8830 -0.4642

PART 65
OFFSET  6.1401 -11.2001 -3.7848
X -0.4274 -0.7040  0.5672
Y -0.7914 -0.0119 -0.6112
Z  0.4370 -0.7101 -0.5520

PART 66
OFFSET  10.5536 -4.8488 -6.0556
X -0.6808 -0.6808  0.2702
Y  0.6451 -0.3827  0.6613
Z -0.3468  0.6245  0.6998

PART 67
OFFSET  11.7523 -3.6501 -6.5313
X  0.3367 -0.5698  0.7496
Y  0.8624  0.5062 -0.0026
Z -0.3780  0.6473  0.6619

PART 68
OFFSET  11.3200 -2.9181 -7.4024
X  0.6835 -0.3608  0.6346
Y  0.6480  0.7001 -0.2999
Z -0.3361  0.6162  0.7123

PART 69
OFFSET  10.5480 -2.5105 -8.1191
X -0.9020 -0.3412  0.2645
Y -0.4070  0.4679 -0.7845
Z  0.1439 -0.8153 -0.5609

PART 70
OFFSET  10.8935 -5.4961 -6.8838
X  0.4012 -0.4317  0.8078
Y  0.8947  0.3736 -0.2447
Z -0.1962  0.8210  0.5362

PART 71
OFFSET  10.1097 -4.6527 -8.4620
X  0.9757  0.2187  0.0141
Y -0.0974  0.4903 -0.8661
Z -0.1963  0.8436  0.4997

PART 72
OFFSET  8.6846 -4.9721 -8.4826
X  0.4274  0.5062 -0.7491
Y -0.8751  0.0236 -0.4834
Z -0.2270  0.8621  0.4530

PART 73
OFFSET  8.2015 -5.5515 -7.6378
X  0.2457 -0.4583  0.8542
Y -0.9591 -0.2426  0.1457
Z  0.1405 -0.8550 -0.4992

PART 74
OFFSET  0.0000 -0.0000 -0.0000
X  1.0000 -0.0000  0.0000
Y  0.0000  1.0000  0.0000
Z  0.0000 -0.0000  1.0000

PART 75
OFFSET  0.0000 -0.0000 -0.0000
X  1.0000 -0.0000  0.0000
Y  0.0000  1.0000  0.0000
Z  0.0000 -0.0000  1.0000

PART 76
OFFSET  1.5404 -0.0000  4.1357
X  1.0000 -0.0000  0.0000
Y  0.0000  1.0000  0.0000
Z  0.0000 -0.0000  1.0000


FRAME 1913
PART 0
OFFSET -4.6318 -0.0000 -1.3770
X  1.0000 -0.0000  0.0000
Y  0.0000  1.0000  0.0000
Z  0.0000 -0.0000  1.0000

PART 1
OFFSET -4.6318 -0.0000 -1.3770
X  1.0000 -0.0000  0.0000
Y  0.0000  1.0000  0.0000
Z  0.0000 -0.0000  1.0000

PART 2
OFFSET -3.5060  6.3408 -6.7125
X  0.7527 -0.0301 -0.6577
Y -0.1051 -0.9916 -0.0749
Z -0.6499  0.1255 -0.7496

PART 3
OFFSET  5.5972  5.9767 -14.6662
X  0.7784 -0.5677  0.2681
Y -0.4651 -0.2345  0.8537
Z -0.4217 -0.7892 -0.4465

PART 4
OFFSET  12.2178  1.1485 -12.3859
X  0.7784 -0.5677  0.2681
Y  0.4093  0.7827  0.4689
Z -0.4760 -0.2552  0.8416

PART 5
OFFSET  14.4186  1.9427 -11.8860
X  0.7823 -0.5641  0.2642
Y  0.4262  0.7940  0.4334
Z -0.4543 -0.2264  0.8616

PART 6
OFFSET  13.2831  0.2911 -13.5118
X  0.7823 -0.5641  0.2642
Y  0.4262  0.7940  0.4334
Z -0.4543 -0.2264  0.8616

PART 7
OFFSET  13.6302  0.8242 -10.0116
X  0.7823 -0.5641  0.2642
Y  0.4262  0.7940  0.4334
Z -0.4543 -0.2264  0.8616

PART 8
OFFSET  12.6616 -0.6022 -10.5854
X  0.7823 -0.5641  0.2642
Y  0.4262  0.7940  0.4334
Z -0.4543 -0.2264  0.8616

PART 9
OFFSET  12.1294 -1.1663 -11.6568
X  0.7823 -0.5641  0.2642
Y  0.4262  0.7940  0.4334
Z -0.4543 -0.2264  0.8616

PART 10
OFFSET  14.6040 -0.5917 -11.5640
X  0.7089  0.6915 -0.1388
Y -0.1928  0.3792  0.9050
Z  0.6784 -0.6148  0.4022

PART 11
OFFSET  15.0155 -0.1671 -10.5879
X  0.8265  0.3363  0.4513
Y -0.5495  0.3086  0.7764
Z  0.1218 -0.8897  0.4399

PART 12
OFFSET  16.7510  0.5400 -9.5120
X  0.8450  0.2877 -0.4507
Y  0.3368  0.3684  0.8665
Z  0.4153 -0.8840  0.2144

PART 13
OFFSET  18.1416  0.8834 -10.2673
X  0.2306 -0.3553 -0.9059
Y  0.9386  0.3269  0.1108
Z  0.2567 -0.8757  0.4088

PART 14
OFFSET  18.4188  0.4647 -11.2263
X  0.1988  0.3676 -0.9085
Y -0.6091  0.7726  0.1794
Z  0.7678  0.5177  0.3775

PART 15
OFFSET  15.5475 -0.5369 -12.5691
X  0.7880  0.3544 -0.5034
Y  0.6126 -0.5327  0.5839
Z -0.0612 -0.7685 -0.6369

PART 16
OFFSET  17.4020  0.3061 -13.5359
X  0.8965 -0.1721  0.4083
Y -0.4400 -0.4538  0.7749
Z  0.0520 -0.8743 -0.4826

PART 17
OFFSET  18.6712  0.0624 -12.9578
X -0.3821 -0.4822  0.7884
Y -0.9178  0.0985 -0.3846
Z  0.1078 -0.8705 -0.4802

PART 18
OFFSET  18.3324 -0.3651 -12.2588
X -0.7869 -0.3492  0.5087
Y -0.6150  0.3775 -0.6923
Z  0.0497 -0.8576 -0.5118

PART 19
OFFSET  17.5848 -0.6968 -11.7755
X  0.9808  0.1542  0.1195
Y  0.0484  0.4013 -0.9147
Z -0.1890  0.9029  0.3862

PART 20
OFFSET  15.4805 -0.0469 -12.0544
X  0.7379  0.5379 -0.4076
Y  0.6716 -0.6449  0.3648
Z -0.0666 -0.5429 -0.8371

PART 21
OFFSET  17.4726  1.2380 -13.1216
X  0.9250 -0.2333  0.2999
Y -0.3795 -0.5294  0.7588
Z -0.0183 -0.8156 -0.5783

PART 22
OFFSET  19.0475  0.8407 -12.6111
X -0.3384 -0.5450  0.7671
Y -0.9409  0.1866 -0.2825
Z  0.0108 -0.8174 -0.5760

PART 23
OFFSET  18.5784  0.0853 -11.5480
X -0.9763 -0.1352  0.1690
Y -0.2161  0.5653 -0.7961
Z  0.0121 -0.8138 -0.5811

PART 24
OFFSET  17.5196 -0.0612 -11.3647
X  0.9239 -0.2522  0.2877
Y  0.3822  0.5750 -0.7234
Z  0.0170  0.7783  0.6277

PART 25
OFFSET  16.8470  1.8126 -10.3393
X  0.8929  0.4063 -0.1938
Y -0.4502  0.8036 -0.3894
Z -0.0025  0.4350  0.9004

PART 26
OFFSET  16.9689  2.6173 -11.5716
X  0.8304  0.4293 -0.3551
Y  0.5474 -0.7472  0.3768
Z -0.1035 -0.5073 -0.8555

PART 27
OFFSET  18.4310  3.3732 -12.1967
X  0.9601  0.0999 -0.2612
Y  0.2097 -0.8750  0.4364
Z -0.1849 -0.4737 -0.8610

PART 28
OFFSET  19.6094  3.5234 -12.4619
X  0.9929 -0.1190 -0.0086
Y -0.1003 -0.8713  0.4803
Z -0.0646 -0.4760 -0.8770

PART 29
OFFSET  20.7309  3.3890 -12.4716
X -0.2509  0.6914 -0.6775
Y -0.9594 -0.0845  0.2690
Z  0.1288  0.7175  0.6845

PART 30
OFFSET  17.2241  2.0218 -12.4665
X  0.9620 -0.2540  0.1007
Y -0.2359 -0.5864  0.7749
Z -0.1378 -0.7692 -0.6240

PART 31
OFFSET  19.1033  1.5256 -12.2697
X -0.2988 -0.5521  0.7784
Y -0.9360  0.3287 -0.1262
Z -0.1862 -0.7663 -0.6149

PART 32
OFFSET  18.6669  0.7192 -11.1328
X -0.9158 -0.0699  0.3954
Y -0.3357  0.6737 -0.6584
Z -0.2204 -0.7357 -0.6405

PART 33
OFFSET  17.6283  0.6344 -10.6890
X  0.9307 -0.3297  0.1582
Y  0.3153  0.5042 -0.8040
Z  0.1853  0.7982  0.5732

PART 34
OFFSET  17.6638  0.1418 -11.8151
X -0.0715 -0.6001 -0.7967
Y -0.6784  0.6148 -0.4022
Z  0.7312  0.5118 -0.4511

PART 35
OFFSET  10.3958 -3.3699 -6.7543
X  0.7300  0.5747 -0.3698
Y -0.6636  0.4668 -0.5846
Z -0.1634  0.6722  0.7221

PART 36
OFFSET  10.3958 -3.3699 -6.7543
X  0.7300  0.5747 -0.3698
Y -0.6636  0.4668 -0.5846
Z -0.1634  0.6722  0.7221

PART 37
OFFSET  14.0672  1.1296 -6.8474
X  0.7265  0.5883 -0.3550
Y -0.6636  0.4668 -0.5846
Z -0.1782  0.6603  0.7296

PART 38
OFFSET  13.4150 -0.7547 -8.1191
X  0.7300  0.5747 -0.3698
Y -0.6636  0.4668 -0.5846
Z -0.1634  0.6722  0.7221

PART 39
OFFSET  25.2633  7.4776 -14.9965
X  0.7300  0.5747 -0.3698
Y -0.6636  0.4668 -0.5846
Z -0.1634  0.6722  0.7221

PART 40
OFFSET  4.9545 -10.6992 -6.4300
X  0.7300  0.5747 -0.3698
Y -0.6636  0.4668 -0.5846
Z -0.1634  0.6722  0.7221

PART 41
OFFSET  19.6224  3.1023 -12.0646
X  0.7300  0.5747 -0.3698
Y -0.6636  0.4668 -0.5846
Z -0.1634  0.6722  0.7221

PART 42
OFFSET  21.6173  4.5616 -13.1592
X  0.7300  0.5747 -0.3698
Y -0.6636  0.4668 -0.5846
Z -0.1634  0.6722  0.7221

PART 43
OFFSET  24.8325  7.0928 -14.7879
X  0.7300  0.5747 -0.3698
Y -0.6636  0.4668 -0.5846
Z -0.1634  0.6722  0.7221

PART 44
OFFSET -10.8444 -11.7139 -5.9426
X -0.9055  0.4047 -0.1275
Y -0.2519 -0.2708  0.9291
Z  0.3415  0.8734  0.3472

PART 45
OFFSET  0.1066 -16.6087 -4.4006
X -0.7217 -0.6823  0.1168
Y  0.6909 -0.6996  0.1822
Z -0.0426  0.2122  0.9763

PART 46
OFFSET  6.2451 -10.8058 -5.3941
X -0.7217 -0.6823  0.1168
Y  0.4593 -0.5983 -0.6566
Z  0.5179 -0.4202  0.7451

PART 47
OFFSET  6.8642 -9.6025 -6.8549
X -0.7256 -0.6788  0.1128
Y  0.0346 -0.1997 -0.9792
Z  0.6872 -0.7067  0.1684

PART 48
OFFSET  6.4743 -8.5472 -6.3837
X -0.7256 -0.6788  0.1128
Y  0.0346 -0.1997 -0.9792
Z  0.6872 -0.7067  0.1684

PART 49
OFFSET  6.5865 -8.2917 -5.0437
X -0.7256 -0.6788  0.1128
Y  0.0346 -0.1997 -0.9792
Z  0.6872 -0.7067  0.1684

PART 50
OFFSET  8.4576 -8.7142 -5.7522
X -0.5600 -0.7910  0.2466
Y  0.4797 -0.5522 -0.6819
Z  0.6755 -0.2635  0.6886

PART 51
OFFSET  7.9692 -7.7173 -5.4879
X  0.1743 -0.9660  0.1912
Y  0.4162 -0.1037 -0.9034
Z  0.8924  0.2370  0.3839

PART 52
OFFSET  7.5019 -5.6356 -5.8316
X -0.4691 -0.5120  0.7196
Y  0.4151 -0.8470 -0.3321
Z  0.7795  0.1429  0.6099

PART 53
OFFSET  8.1968 -4.8756 -7.0814
X -0.5135  0.2517  0.8204
Y  0.0035 -0.9554  0.2953
Z  0.8581  0.1545  0.4897

PART 54
OFFSET  8.7127 -5.1386 -7.9960
X -0.9295 -0.1104  0.3519
Y -0.3564  0.0232 -0.9340
Z  0.0949 -0.9936 -0.0609

PART 55
OFFSET  9.3086 -8.5829 -6.8302
X -0.5395 -0.5069  0.6723
Y  0.8125 -0.1040  0.5736
Z -0.2209  0.8557  0.4680

PART 56
OFFSET  10.3890 -7.3066 -8.3429
X  0.5695 -0.4785  0.6684
Y  0.8208  0.2876 -0.4935
Z  0.0440  0.8297  0.5565

PART 57
OFFSET  9.5827 -6.6291 -9.2892
X  0.9947  0.0114 -0.1019
Y -0.0881  0.6035 -0.7925
Z  0.0525  0.7973  0.6014

PART 58
OFFSET  8.7008 -6.6393 -9.1988
X  0.5109  0.4553 -0.7292
Y -0.8588  0.3073 -0.4098
Z  0.0375  0.8356  0.5480

PART 59
OFFSET  8.2154 -7.0718 -8.5061
X  0.1430 -0.6620  0.7357
Y -0.9724  0.0446  0.2291
Z -0.1845 -0.7482 -0.6373

PART 60
OFFSET  9.2073 -8.0787 -6.3351
X -0.5519 -0.6447  0.5290
Y  0.7611 -0.1303  0.6354
Z -0.3407  0.7533  0.5626

PART 61
OFFSET  10.7071 -6.5203 -7.7775
X  0.5196 -0.4082  0.7506
Y  0.8543  0.2626 -0.4486
Z -0.0140  0.8743  0.4851

PART 62
OFFSET  9.8224 -5.8254 -9.0554
X  0.9544  0.1580 -0.2534
Y -0.2985  0.4835 -0.8228
Z -0.0075  0.8609  0.5086

PART 63
OFFSET  8.4997 -6.0444 -8.7042
X  0.3514  0.4820 -0.8026
Y -0.9361  0.1688 -0.3085
Z -0.0132  0.8597  0.5106

PART 64
OFFSET  8.1186 -6.5672 -7.8338
X  0.2462 -0.4491  0.8589
Y -0.9669 -0.1751  0.1856
Z  0.0670 -0.8762 -0.4773

PART 65
OFFSET  6.0835 -11.6804 -3.7801
X -0.4318 -0.7107  0.5554
Y -0.7898  0.0005 -0.6134
Z  0.4356 -0.7035 -0.5615

PART 66
OFFSET  10.5288 -5.3136 -5.9430
X -0.6843 -0.6820  0.2581
Y  0.6418 -0.3953  0.6571
Z -0.3462  0.6153  0.7082

PART 67
OFFSET  11.7336 -4.1128 -6.3974
X  0.3324 -0.5824  0.7418
Y  0.8644  0.5027  0.0074
Z -0.3772  0.6388  0.6706

PART 68
OFFSET  11.3066 -3.3660 -7.2585
X  0.6803 -0.3732  0.6308
Y  0.6517  0.7019 -0.2876
Z -0.3355  0.6067  0.7207

PART 69
OFFSET  10.5382 -2.9445 -7.9710
X -0.9041 -0.3415  0.2569
Y -0.4030  0.4813 -0.7784
Z  0.1422 -0.8073 -0.5728

PART 70
OFFSET  10.8683 -5.9498 -6.7800
X  0.3973 -0.4455  0.8023
Y  0.8969  0.3736 -0.2367
Z -0.1943  0.8136  0.5480

PART 71
OFFSET  10.0922 -5.0794 -8.3473
X  0.9765  0.2145  0.0200
Y -0.0931  0.5037 -0.8588
Z -0.1943  0.8368  0.5119

PART 72
OFFSET  8.6659 -5.3927 -8.3765
X  0.4315  0.5157 -0.7402
Y -0.8737  0.0344 -0.4853
Z -0.2248  0.8561  0.4654

PART 73
OFFSET  8.1782 -5.9828 -7.5418
X  0.2415 -0.4721  0.8478
Y -0.9605 -0.2409  0.1395
Z  0.1384 -0.8480 -0.5117

PART 74
OFFSET  0.0000 -0.0000 -0.0000
X  1.0000 -0.0000  0.0000
Y  0.0000  1.0000  0.0000
Z  0.0000 -0.0000  1.0000

PART 75
OFFSET  0.0000 -0.0000 -0.0000
X  1.0000 -0.0000  0.0000
Y  0.0000  1.0000  0.0000
Z  0.0000 -0.0000  1.0000

PART 76
OFFSET  1.5404 -0.0000  4.1357
X  1.0000 -0.0000  0.0000
Y  0.0000  1.0000  0.0000
Z  0.0000 -0.0000  1.0000


FRAME 1914
PART 0
OFFSET -4.6318 -0.0000 -1.3770
X  1.0000 -0.0000  0.0000
Y  0.0000  1.0000  0.0000
Z  0.0000 -0.0000  1.0000

PART 1
OFFSET -4.6318 -0.0000 -1.3770
X  1.0000 -0.0000  0.0000
Y  0.0000  1.0000  0.0000
Z  0.0000 -0.0000  1.0000

PART 2
OFFSET -3.5060  6.3408 -6.7125
X  0.7708 -0.0418 -0.6357
Y -0.1347 -0.9860 -0.0985
Z -0.6227  0.1615 -0.7657

PART 3
OFFSET  5.8163  5.8352 -14.4003
X  0.7591 -0.5942  0.2658
Y -0.4858 -0.2454  0.8389
Z -0.4332 -0.7660 -0.4750

PART 4
OFFSET  12.2732  0.7814 -12.1398
X  0.7591 -0.5942  0.2658
Y  0.4585  0.7780  0.4295
Z -0.4620 -0.2042  0.8631

PART 5
OFFSET  14.4839  1.5059 -11.5811
X  0.7632 -0.5907  0.2621
Y  0.4381  0.7711  0.4621
Z -0.4750 -0.2379  0.8472

PART 6
OFFSET  13.3366 -0.0723 -13.2704
X  0.7632 -0.5907  0.2621
Y  0.4381  0.7711  0.4621
Z -0.4750 -0.2379  0.8472

PART 7
OFFSET  13.6348  0.3578 -9.7515
X  0.7632 -0.5907  0.2621
Y  0.4381  0.7711  0.4621
Z -0.4750 -0.2379  0.8472

PART 8
OFFSET  12.6413 -1.0276 -10.3804
X  0.7632 -0.5907  0.2621
Y  0.4381  0.7711  0.4621
Z -0.4750 -0.2379  0.8472

PART 9
