// Export filename: `C:\projects\cod\t5\xanim_export\t5_viewmodels\ak47\ak47_flame_d2p_loop.XANIM_EXPORT`
// Source filename: `D:\projects\devanim\t5\animation_assets\viewmodels\ak47\ViewModel_AK47_FlameThrower_animated.fbx`
// Export time: Sat Jun 05 16:32:59 2010

ANIMATION
VERSION 3

NUMPARTS 81
PART 0 "tag_ads"
PART 1 "tag_torso"
PART 2 "J_Shoulder_LE"
PART 3 "J_Elbow_LE"
PART 4 "J_WristTwist_LE"
PART 5 "J_Sleave_Reshape_Bottom_LE_1"
PART 6 "J_Sleave_Reshape_Bottom_LE_2"
PART 7 "J_Sleave_Reshape_Top_LE_1"
PART 8 "J_Sleave_Reshape_Top_LE_2"
PART 9 "J_Sleave_Reshape_Top_LE_3"
PART 10 "J_Wrist_LE"
PART 11 "J_Thumb_LE_0"
PART 12 "J_Thumb_LE_1"
PART 13 "J_Thumb_LE_2"
PART 14 "J_Thumb_LE_3"
PART 15 "J_PinkyPalm_LE"
PART 16 "J_Pinky_LE_0"
PART 17 "J_Pinky_LE_1"
PART 18 "J_Pinky_LE_2"
PART 19 "J_Pinky_LE_3"
PART 20 "J_RingPalm_LE"
PART 21 "J_Ring_LE_0"
PART 22 "J_Ring_LE_1"
PART 23 "J_Ring_LE_2"
PART 24 "J_Ring_LE_3"
PART 25 "J_Webbing_LE"
PART 26 "J_Index_LE_0"
PART 27 "J_Index_LE_1"
PART 28 "J_Index_LE_2"
PART 29 "J_Index_LE_3"
PART 30 "J_Mid_LE_0"
PART 31 "J_Mid_LE_1"
PART 32 "J_Mid_LE_2"
PART 33 "J_Mid_LE_3"
PART 34 "tag_knife_attach"
PART 35 "tag_weapon"
PART 36 "J_Gun"
PART 37 "J_bolt"
PART 38 "TAG_CLIP"
PART 39 "TAG_FLASH"
PART 40 "tag_flame_unit"
PART 41 "tag_flamer_big_nozel"
PART 42 "tag_flamer_bracket"
PART 43 "tag_flamer_bottle"
PART 44 "tag_flamer_button"
PART 45 "tag_flamer_ring"
PART 46 "tag_flamer_flame"
PART 47 "tag_flamer_pilot_light"
PART 48 "J_Shoulder_RI"
PART 49 "J_Elbow_RI"
PART 50 "J_WristTwist_RI"
PART 51 "J_Sleave_Reshape_Top_RI_3"
PART 52 "J_Sleave_Reshape_Top_RI_2"
PART 53 "J_Sleave_Reshape_Top_RI_1"
PART 54 "J_Wrist_RI"
PART 55 "J_Thumb_RI_0"
PART 56 "J_Thumb_RI_1"
PART 57 "J_Thumb_RI_2"
PART 58 "J_Thumb_RI_3"
PART 59 "J_PinkyPalm_RI"
PART 60 "J_Pinky_RI_0"
PART 61 "J_Pinky_RI_1"
PART 62 "J_Pinky_RI_2"
PART 63 "J_Pinky_RI_3"
PART 64 "J_RingPalm_RI"
PART 65 "J_Ring_RI_0"
PART 66 "J_Ring_RI_1"
PART 67 "J_Ring_RI_2"
PART 68 "J_Ring_RI_3"
PART 69 "J_Webbing_RI"
PART 70 "J_Index_RI_0"
PART 71 "J_Index_RI_1"
PART 72 "J_Index_RI_2"
PART 73 "J_Index_RI_3"
PART 74 "J_Mid_RI_0"
PART 75 "J_Mid_RI_1"
PART 76 "J_Mid_RI_2"
PART 77 "J_Mid_RI_3"
PART 78 "tag_cambone"
PART 79 "tag_camera"
PART 80 "tag_gasmask"

FRAMERATE 30
NUMFRAMES 16

FRAME 2070
PART 0
OFFSET -4.6318 -0.0000 -1.3770
X  1.0000 -0.0000  0.0000
Y  0.0000  1.0000  0.0000
Z  0.0000 -0.0000  1.0000

PART 1
OFFSET -4.6318 -0.0000 -1.3770
X  1.0000 -0.0000  0.0000
Y  0.0000  1.0000  0.0000
Z  0.0000 -0.0000  1.0000

PART 2
OFFSET -3.5060  6.3408 -6.7125
X  0.7355 -0.1835 -0.6522
Y  0.2964 -0.7785  0.5532
Z -0.6093 -0.6002 -0.5182

PART 3
OFFSET  5.3889  4.1217 -14.6004
X  0.9399  0.0204  0.3407
Y -0.3368  0.2180  0.9160
Z -0.0556 -0.9757  0.2118

PART 4
OFFSET  13.3836  4.2953 -11.7025
X  0.9399  0.0204  0.3407
Y -0.1428  0.9301  0.3383
Z -0.3100 -0.3666  0.8772

PART 5
OFFSET  15.0585  5.8879 -12.3207
X  0.9421  0.0217  0.3347
Y  0.0578  0.9724 -0.2259
Z -0.3304  0.2322  0.9148

PART 6
OFFSET  14.7190  3.3297 -12.3524
X  0.9421  0.0217  0.3347
Y  0.0578  0.9724 -0.2259
Z -0.3304  0.2322  0.9148

PART 7
OFFSET  14.7792  6.0156 -10.0203
X  0.9421  0.0217  0.3347
Y  0.0578  0.9724 -0.2259
Z -0.3304  0.2322  0.9148

PART 8
OFFSET  14.6069  4.4760 -9.7480
X  0.9421  0.0217  0.3347
Y  0.0578  0.9724 -0.2259
Z -0.3304  0.2322  0.9148

PART 9
OFFSET  14.3648  3.2315 -10.1247
X  0.9421  0.0217  0.3347
Y  0.0578  0.9724 -0.2259
Z -0.3304  0.2322  0.9148

PART 10
OFFSET  16.2651  4.3578 -10.6580
X  0.8258  0.5616 -0.0504
Y -0.5104  0.7825  0.3566
Z  0.2397 -0.2687  0.9329

PART 11
OFFSET  16.2425  5.2553 -9.9535
X  0.6428  0.7522  0.1451
Y -0.7408  0.6586 -0.1321
Z -0.1950 -0.0226  0.9806

PART 12
OFFSET  17.5449  6.9429 -9.5990
X  0.8955  0.4258 -0.1294
Y -0.4092  0.9021  0.1368
Z  0.1750 -0.0696  0.9821

PART 13
OFFSET  19.0345  7.5687 -9.7061
X  0.6705  0.7364  0.0907
Y -0.7381  0.6744 -0.0190
Z -0.0752 -0.0542  0.9957

PART 14
OFFSET  19.7436  8.3740 -9.5628
X  0.3911  0.7173 -0.5766
Y -0.1092 -0.5859 -0.8030
Z -0.9138  0.3770 -0.1508

PART 15
OFFSET  17.5589  3.9409 -10.8939
X  0.9948  0.0958 -0.0337
Y  0.0637 -0.3304  0.9417
Z  0.0791 -0.9390 -0.3348

PART 16
OFFSET  19.7905  4.2523 -10.8053
X  0.0285  0.1740  0.9843
Y -0.9981  0.0580  0.0187
Z -0.0538 -0.9830  0.1754

PART 17
OFFSET  19.8308  4.4987 -9.4117
X -0.5423  0.2031  0.8153
Y -0.8397 -0.0991 -0.5339
Z -0.0276 -0.9741  0.2243

PART 18
OFFSET  19.3500  4.6788 -8.6889
X -0.7723  0.1747  0.6107
Y -0.6303 -0.0915 -0.7709
Z -0.0788 -0.9804  0.1808

PART 19
OFFSET  18.6163  4.8448 -8.1087
X  0.9978  0.0656 -0.0093
Y  0.0112 -0.3054 -0.9522
Z -0.0653  0.9500 -0.3055

PART 20
OFFSET  17.3679  4.6220 -10.7983
X  0.9441  0.2925 -0.1519
Y  0.2449 -0.3143  0.9172
Z  0.2206 -0.9031 -0.3684

PART 21
OFFSET  19.8832  5.2580 -10.9633
X  0.4140 -0.0757  0.9071
Y -0.8932  0.1582  0.4209
Z -0.1754 -0.9845 -0.0021

PART 22
OFFSET  20.5880  5.1292 -9.4189
X -0.5808  0.1073  0.8070
Y -0.7990  0.1144 -0.5903
Z -0.1557 -0.9876  0.0193

PART 23
OFFSET  19.7831  5.2779 -8.3005
X -0.8380  0.1369  0.5282
Y -0.5238  0.0693 -0.8490
Z -0.1528 -0.9882  0.0137

PART 24
OFFSET  18.8743  5.4264 -7.7277
X  0.9783 -0.2004  0.0529
Y  0.0582  0.0207 -0.9981
Z  0.1989  0.9795  0.0319

PART 25
OFFSET  18.1291  7.1876 -9.7473
X  0.9424  0.3024  0.1430
Y -0.0092  0.4507 -0.8926
Z -0.3343  0.8399  0.4275

PART 26
OFFSET  19.0090  7.2363 -10.9323
X  0.9676 -0.1092  0.2278
Y -0.2471 -0.2211  0.9434
Z -0.0527 -0.9691 -0.2409

PART 27
OFFSET  20.7126  7.0440 -10.5312
X  0.3199 -0.3379  0.8851
Y -0.9456 -0.0549  0.3208
Z -0.0599 -0.9396 -0.3371

PART 28
OFFSET  21.1051  6.6902 -9.4347
X -0.4136 -0.1864  0.8912
Y -0.9096  0.1278 -0.3954
Z -0.0402 -0.9741 -0.2224

PART 29
OFFSET  20.6380  6.4797 -8.4281
X  0.9444 -0.3287  0.0043
Y  0.1241  0.3446 -0.9305
Z  0.3044  0.8793  0.3663

PART 30
OFFSET  19.5177  6.2793 -11.1464
X  0.6844 -0.1020  0.7220
Y -0.7289 -0.0687  0.6812
Z -0.0198 -0.9924 -0.1214

PART 31
OFFSET  20.8546  6.0801 -9.7360
X -0.3059 -0.1136  0.9453
Y -0.9498  0.1052 -0.2948
Z -0.0660 -0.9879 -0.1400

PART 32
OFFSET  20.4077  5.9142 -8.3553
X -0.8204 -0.0196  0.5715
Y -0.5629  0.2039 -0.8010
Z -0.1008 -0.9788 -0.1783

PART 33
OFFSET  19.4783  5.8849 -7.7087
X  0.9950 -0.0526  0.0848
Y  0.0895  0.0952 -0.9914
Z  0.0441  0.9941  0.0994

PART 34
OFFSET  19.1446  5.0493 -9.5653
X  0.1839 -0.9310 -0.3154
Y -0.2397  0.2687 -0.9329
Z  0.9533  0.2471 -0.1738

PART 35
OFFSET  10.9629 -0.8802 -4.9912
X  0.6990  0.6712 -0.2467
Y -0.7068  0.5958 -0.3814
Z -0.1090  0.4410  0.8909

PART 36
OFFSET  10.9629 -0.8802 -4.9912
X  0.6990  0.6712 -0.2467
Y -0.7068  0.5958 -0.3814
Z -0.1090  0.4410  0.8909

PART 37
OFFSET  14.6100  3.5494 -4.0913
X  0.6966  0.6801 -0.2285
Y -0.7068  0.5958 -0.3814
Z -0.1233  0.4272  0.8957

PART 38
OFFSET  13.8659  2.0789 -5.7874
X  0.6990  0.6712 -0.2467
Y -0.7068  0.5958 -0.3814
Z -0.1090  0.4410  0.8909

PART 39
OFFSET  27.3414  15.4459 -9.8778
X  0.6990  0.6712 -0.2467
Y -0.7068  0.5958 -0.3814
Z -0.1090  0.4410  0.8909

PART 40
OFFSET  10.6886 -2.3946 -6.8486
X  0.6990  0.6712 -0.2467
Y -0.7068  0.5958 -0.3814
Z -0.1090  0.4410  0.8909

PART 41
OFFSET  28.9659  15.6843 -12.8470
X -0.7068  0.5958 -0.3814
Y -0.6990 -0.6712  0.2467
Z -0.1090  0.4410  0.8909

PART 42
OFFSET  21.0359  7.6576 -9.3929
X -0.3677  0.1512  0.9176
Y -0.6044 -0.7888 -0.1122
Z  0.7068 -0.5958  0.3814

PART 43
OFFSET  21.0359  7.6576 -9.3929
X -0.7068  0.5958 -0.3814
Y -0.6990 -0.6712  0.2467
Z -0.1090  0.4410  0.8909

PART 44
OFFSET  20.6001  7.3431 -9.8366
X -0.7068  0.5958 -0.3814
Y -0.6990 -0.6712  0.2467
Z -0.1090  0.4410  0.8909

PART 45
OFFSET  19.6107  8.1772 -10.3706
X -0.6521  0.7399  0.1654
Y -0.6990 -0.6712  0.2467
Z  0.2935  0.0453  0.9549

PART 46
OFFSET  27.3396  14.2106 -12.1131
X  0.6990  0.6712 -0.2467
Y -0.7068  0.5958 -0.3814
Z -0.1090  0.4410  0.8909

PART 47
OFFSET  25.9620  14.2398 -13.1649
X  0.8331  0.4414  0.3332
Y  0.0851  0.4928 -0.8659
Z -0.5465  0.7498  0.3730

PART 48
OFFSET -10.8444 -11.7139 -5.9426
X -0.9690  0.2245 -0.1036
Y -0.1807 -0.3570  0.9165
Z  0.1687  0.9067  0.3865

PART 49
OFFSET  0.8740 -14.4285 -4.6896
X -0.7121 -0.6995  0.0598
Y  0.6986 -0.6976  0.1590
Z -0.0695  0.1550  0.9855

PART 50
OFFSET  6.9310 -8.4791 -5.1985
X -0.7121 -0.6995  0.0598
Y  0.3679 -0.4444 -0.8168
Z  0.5979 -0.5596  0.5739

PART 51
OFFSET  7.5633 -7.1839 -6.5725
X -0.7160 -0.6958  0.0559
Y  0.0613 -0.1425 -0.9879
Z  0.6954 -0.7039  0.1447

PART 52
OFFSET  7.1438 -6.1639 -6.0517
X -0.7160 -0.6958  0.0559
Y  0.0613 -0.1425 -0.9879
Z  0.6954 -0.7039  0.1447

PART 53
OFFSET  7.2197 -5.9841 -4.6969
X -0.7160 -0.6958  0.0559
Y  0.0613 -0.1425 -0.9879
Z  0.6954 -0.7039  0.1447

PART 54
OFFSET  9.1142 -6.3347 -5.3820
X -0.5385 -0.8408  0.0561
Y  0.4273 -0.3298 -0.8418
Z  0.7263 -0.4293  0.5369

PART 55
OFFSET  8.6459 -5.4619 -4.8153
X  0.1897 -0.9768 -0.0991
Y  0.3465  0.1610 -0.9241
Z  0.9187  0.1410  0.3690

PART 56
OFFSET  8.1508 -3.3779 -4.5299
X -0.4124 -0.7023  0.5802
Y  0.3899 -0.7117 -0.5844
Z  0.8234 -0.0148  0.5673

PART 57
OFFSET  8.7476 -2.2848 -5.5649
X -0.4500  0.0020  0.8930
Y  0.0273 -0.9995  0.0160
Z  0.8926  0.0316  0.4498

PART 58
OFFSET  9.1929 -2.2714 -6.5515
X -0.8999 -0.2248  0.3736
Y -0.4263  0.2740 -0.8621
Z  0.0915 -0.9351 -0.3424

PART 59
OFFSET  9.8807 -5.8896 -6.4393
X -0.4862 -0.6859  0.5415
Y  0.8539 -0.2410  0.4613
Z -0.1859  0.6866  0.7028

PART 60
OFFSET  10.8412 -4.2190 -7.6101
X  0.6193 -0.6325  0.4652
Y  0.7805  0.4319 -0.4519
Z  0.0849  0.6430  0.7612

PART 61
OFFSET  9.9644 -3.3235 -8.2687
X  0.9841  0.0617 -0.1665
Y -0.1489  0.7979 -0.5841
Z  0.0968  0.5996  0.7944

PART 62
OFFSET  9.0919 -3.3783 -8.1211
X  0.4534  0.6515 -0.6083
Y -0.8879  0.3897 -0.2444
Z  0.0778  0.6509  0.7552

PART 63
OFFSET  8.6612 -3.9972 -7.5432
X  0.1994 -0.8371  0.5095
Y -0.9522 -0.0428  0.3023
Z -0.2312 -0.5454 -0.8056

PART 64
OFFSET  9.8165 -5.5454 -5.8172
X -0.5092 -0.7786  0.3667
Y  0.8074 -0.2846  0.5169
Z -0.2981  0.5592  0.7736

PART 65
OFFSET  11.2002 -3.6140 -6.8724
X  0.5757 -0.5889  0.5672
Y  0.8174  0.3962 -0.4182
Z  0.0216  0.7044  0.7095

PART 66
OFFSET  10.2200 -2.6113 -7.8380
X  0.9321  0.2437 -0.2678
Y -0.3609  0.6864 -0.6314
Z  0.0299  0.6852  0.7278

PART 67
OFFSET  8.9282 -2.9491 -7.4669
X  0.2888  0.6940 -0.6595
Y -0.9571  0.2267 -0.1804
Z  0.0243  0.6833  0.7297

PART 68
OFFSET  8.6150 -3.7018 -6.7516
X  0.3113 -0.6645  0.6793
Y -0.9498 -0.2416  0.1990
Z  0.0319 -0.7072 -0.7063

PART 69
OFFSET  6.9011 -9.7851 -4.1489
X -0.3873 -0.8467  0.3649
Y -0.8341  0.1532 -0.5299
Z  0.3927 -0.5096 -0.7656

PART 70
OFFSET  11.1600 -2.9693 -4.7662
X -0.6617 -0.7421  0.1065
Y  0.6904 -0.5479  0.4724
Z -0.2923  0.3861  0.8749

PART 71
OFFSET  12.3251 -1.6626 -4.9536
X  0.3886 -0.7581  0.5237
Y  0.8618  0.5002  0.0846
Z -0.3261  0.4185  0.8477

PART 72
OFFSET  11.8328 -0.7156 -5.5388
X  0.7268 -0.5184  0.4506
Y  0.6269  0.7687 -0.1268
Z -0.2807  0.3746  0.8837

PART 73
OFFSET  11.0119 -0.1301 -6.0478
X -0.8815 -0.4198  0.2163
Y -0.4617  0.6696 -0.5819
Z  0.0994 -0.6128 -0.7840

PART 74
OFFSET  11.4359 -3.3398 -5.7697
X  0.4577 -0.6420  0.6151
Y  0.8758  0.4448 -0.1874
Z -0.1533  0.6245  0.7658

PART 75
OFFSET  10.5417 -2.0857 -6.9714
X  0.9749  0.2225  0.0082
Y -0.1587  0.7205 -0.6751
Z -0.1561  0.6568  0.7377

PART 76
OFFSET  9.1177 -2.4106 -6.9834
X  0.3733  0.7108 -0.5962
Y -0.9081  0.1483 -0.3917
Z -0.1900  0.6876  0.7008

PART 77
OFFSET  8.6957 -3.2204 -6.3133
X  0.3059 -0.6837  0.6626
Y -0.9468 -0.2918  0.1360
Z  0.1004 -0.6689 -0.7365

PART 78
OFFSET  0.0000 -0.0000 -0.0000
X  1.0000 -0.0000  0.0000
Y  0.0000  1.0000  0.0000
Z  0.0000 -0.0000  1.0000

PART 79
OFFSET -0.0000 -0.0000 -0.0000
X  0.9945 -0.0000 -0.1045
Y  0.0073  0.9976  0.0694
Z  0.1043 -0.0698  0.9921

PART 80
OFFSET  1.9633 -0.2885  3.9421
X  0.9945 -0.0000 -0.1045
Y  0.0073  0.9976  0.0694
Z  0.1043 -0.0698  0.9921


FRAME 2071
PART 0
OFFSET -4.6318 -0.0000 -1.3770
X  1.0000 -0.0000  0.0000
Y  0.0000  1.0000  0.0000
Z  0.0000 -0.0000  1.0000

PART 1
OFFSET -4.6318 -0.0000 -1.3770
X  1.0000 -0.0000  0.0000
Y  0.0000  1.0000  0.0000
Z  0.0000 -0.0000  1.0000

PART 2
OFFSET -3.4656  6.3408 -6.7968
X  0.7550 -0.1700 -0.6333
Y  0.2817 -0.7880  0.5474
Z -0.5921 -0.5917 -0.5471

PART 3
OFFSET  5.6652  4.2852 -14.4561
X  0.9240  0.0188  0.3819
Y -0.3778  0.2002  0.9040
Z -0.0594 -0.9796  0.1921

PART 4
OFFSET  13.5242  4.4453 -11.2075
X  0.9240  0.0188  0.3819
Y -0.1953  0.8819  0.4291
Z -0.3288 -0.4710  0.8186

PART 5
OFFSET  15.2158  6.0566 -11.7236
X  0.9264  0.0203  0.3761
Y  0.0623  0.9765 -0.2061
Z -0.3714  0.2144  0.9034

PART 6
OFFSET  14.8921  3.4978 -11.8150
X  0.9264  0.0203  0.3761
Y  0.0623  0.9765 -0.2061
Z -0.3714  0.2144  0.9034

PART 7
OFFSET  14.8352  6.1422 -9.4358
X  0.9264  0.0203  0.3761
Y  0.0623  0.9765 -0.2061
Z -0.3714  0.2144  0.9034

PART 8
OFFSET  14.6598  4.5972 -9.1984
X  0.9264  0.0203  0.3761
Y  0.0623  0.9765 -0.2061
Z -0.3714  0.2144  0.9034

PART 9
OFFSET  14.4412  3.3584 -9.6070
X  0.9264  0.0203  0.3761
Y  0.0623  0.9765 -0.2061
Z -0.3714  0.2144  0.9034

PART 10
OFFSET  16.3568  4.5030 -10.0366
X  0.8463  0.5327  0.0011
Y -0.4847  0.7690  0.4167
Z  0.2212 -0.3532  0.9090

PART 11
OFFSET  16.3606  5.3398 -9.2607
X  0.6685  0.7132  0.2106
Y -0.7150  0.6943 -0.0819
Z -0.2046 -0.0958  0.9741

PART 12
OFFSET  17.7206  6.9429 -8.7603
X  0.9116  0.4014 -0.0884
Y -0.3771  0.9024  0.2082
Z  0.1633 -0.1565  0.9741

PART 13
OFFSET  19.2330  7.5195 -8.8063
X  0.6961  0.7009  0.1552
Y -0.7127  0.7007  0.0321
Z -0.0862 -0.1329  0.9874

PART 14
OFFSET  19.9698  8.2833 -8.5927
X  0.4224  0.7472 -0.5131
Y -0.1232 -0.5135 -0.8492
Z -0.8980  0.4219 -0.1248

PART 15
OFFSET  17.6366  4.0590 -10.2982
X  0.9979  0.0611 -0.0195
Y  0.0429 -0.4088  0.9116
Z  0.0477 -0.9106 -0.4105

PART 16
OFFSET  19.8771  4.2788 -10.1705
X  0.0258  0.0914  0.9955
Y -0.9955  0.0934  0.0172
Z -0.0914 -0.9914  0.0934

PART 17
OFFSET  19.9137  4.4082 -8.7611
X -0.5420  0.1555  0.8259
Y -0.8379 -0.0236 -0.5454
Z -0.0653 -0.9876  0.1430

PART 18
OFFSET  19.4332  4.5460 -8.0289
X -0.7710  0.1526  0.6183
Y -0.6261 -0.0043 -0.7797
Z -0.1163 -0.9883  0.0989

PART 19
OFFSET  18.7007  4.6910 -7.4415
X  0.9996  0.0290  0.0023
Y  0.0088 -0.2263 -0.9740
Z -0.0277  0.9736 -0.2265

PART 20
OFFSET  17.4698  4.7366 -10.1479
X  0.9555  0.2687 -0.1215
Y  0.2248 -0.3975  0.8896
Z  0.1907 -0.8774 -0.4402

PART 21
OFFSET  20.0081  5.2899 -10.2445
X  0.4026 -0.1653  0.9003
Y -0.8907  0.1563  0.4270
Z -0.2113 -0.9738 -0.0843

PART 22
OFFSET  20.6935  5.0085 -8.7117
X -0.5838  0.0622  0.8095
Y -0.7889  0.1922 -0.5837
Z -0.1919 -0.9794 -0.0631

PART 23
OFFSET  19.8844  5.0947 -7.5898
X -0.8373  0.1242  0.5325
Y -0.5131  0.1582 -0.8436
Z -0.1890 -0.9796 -0.0688

PART 24
OFFSET  18.9763  5.2293 -7.0123
X  0.9698 -0.2403  0.0422
Y  0.0681  0.1004 -0.9926
Z  0.2343  0.9655  0.1137

PART 25
OFFSET  18.3147  7.1770 -8.8843
X  0.9515  0.2543  0.1732
Y  0.0155  0.5225 -0.8525
Z -0.3073  0.8138  0.4932

PART 26
OFFSET  19.2067  7.2901 -10.0559
X  0.9608 -0.1635  0.2240
Y -0.2637 -0.2885  0.9205
Z -0.0859 -0.9434 -0.3203

PART 27
OFFSET  20.8983  7.0022 -9.6615
X  0.2992 -0.4212  0.8562
Y -0.9498 -0.0458  0.3094
Z -0.0911 -0.9058 -0.4138

PART 28
OFFSET  21.2675  6.5452 -8.5955
X -0.4283 -0.2435  0.8702
Y -0.9006  0.1936 -0.3891
Z -0.0738 -0.9504 -0.3022

PART 29
OFFSET  20.7837  6.2702 -7.6126
X  0.9317 -0.3628 -0.0171
Y  0.1452  0.4151 -0.8981
Z  0.3330  0.8343  0.4394

PART 30
OFFSET  19.6819  6.3357 -10.3450
X  0.6735 -0.1863  0.7153
Y -0.7371 -0.0973  0.6687
Z -0.0550 -0.9777 -0.2029

PART 31
OFFSET  20.9976  5.9716 -8.9476
X -0.3186 -0.1794  0.9308
Y -0.9425  0.1643 -0.2909
Z -0.1008 -0.9700 -0.2214

PART 32
OFFSET  20.5323  5.7097 -7.5881
X -0.8257 -0.0360  0.5629
Y -0.5477  0.2898 -0.7849
Z -0.1349 -0.9564 -0.2590

PART 33
OFFSET  19.5965  5.6619 -6.9519
X  0.9916 -0.0964  0.0863
Y  0.1020  0.1729 -0.9796
Z  0.0795  0.9802  0.1813

PART 34
OFFSET  19.2495  4.9947 -8.8730
X  0.1526 -0.9081 -0.3900
Y -0.2212  0.3532 -0.9090
Z  0.9632  0.2249 -0.1470

PART 35
OFFSET  10.8146 -0.9818 -4.8536
X  0.7253  0.6627 -0.1862
Y -0.6809  0.6510 -0.3353
Z -0.1010  0.3701  0.9235

PART 36
OFFSET  10.8146 -0.9818 -4.8536
X  0.7253  0.6627 -0.1862
Y -0.6809  0.6510 -0.3353
Z -0.1010  0.3701  0.9235

PART 37
OFFSET  14.6131  3.2201 -3.5692
X  0.7231  0.6701 -0.1673
Y -0.6809  0.6510 -0.3353
Z -0.1158  0.3564  0.9271

PART 38
OFFSET  13.8312  1.9225 -5.3853
X  0.7253  0.6627 -0.1862
Y -0.6809  0.6510 -0.3353
Z -0.1010  0.3701  0.9235

PART 39
OFFSET  27.8239  15.0694 -8.2770
X  0.7253  0.6627 -0.1862
Y -0.6809  0.6510 -0.3353
Z -0.1010  0.3701  0.9235

PART 40
OFFSET  10.5021 -2.3272 -6.8312
X  0.7253  0.6627 -0.1862
Y -0.6809  0.6510 -0.3353
Z -0.1010  0.3701  0.9235

PART 41
OFFSET  29.4833  15.4902 -11.2064
X -0.6809  0.6510 -0.3353
Y -0.7253 -0.6627  0.1862
Z -0.1010  0.3701  0.9235

PART 42
OFFSET  21.2334  7.5077 -8.4746
X -0.3704  0.0889  0.9246
Y -0.6318 -0.7538 -0.1806
Z  0.6809 -0.6510  0.3353

PART 43
OFFSET  21.2334  7.5077 -8.4746
X -0.6809  0.6510 -0.3353
Y -0.7253 -0.6627  0.1862
Z -0.1010  0.3701  0.9235

PART 44
OFFSET  20.7905  7.2472 -8.9453
X -0.6809  0.6510 -0.3353
Y -0.7253 -0.6627  0.1862
Z -0.1010  0.3701  0.9235

PART 45
OFFSET  19.8372  8.1587 -9.4148
X -0.6387  0.7488  0.1769
Y -0.7253 -0.6627  0.1862
Z  0.2567 -0.0094  0.9664

PART 46
OFFSET  27.7974  14.0228 -10.6065
X  0.7253  0.6627 -0.1862
Y -0.6809  0.6510 -0.3353
Z -0.1010  0.3701  0.9235

PART 47
OFFSET  26.4316  14.1896 -11.6608
X  0.8457  0.3812  0.3735
Y  0.1111  0.5588 -0.8218
Z -0.5220  0.7365  0.4302

PART 48
OFFSET -10.8444 -11.7139 -5.9426
X -0.9645  0.2436 -0.1024
Y -0.1829 -0.3357  0.9241
Z  0.1907  0.9099  0.3683

PART 49
OFFSET  0.8197 -14.6595 -4.7041
X -0.6872 -0.7213  0.0864
Y  0.7240 -0.6701  0.1637
Z -0.0601  0.1750  0.9827

PART 50
OFFSET  6.6645 -8.5244 -5.4391
X -0.6872 -0.7213  0.0864
Y  0.3354 -0.4206 -0.8430
Z  0.6444 -0.5503  0.5310

PART 51
OFFSET  7.2324 -7.2406 -6.8513
X -0.6913 -0.7179  0.0825
Y  0.0516 -0.1629 -0.9853
Z  0.7208 -0.6769  0.1496

PART 52
OFFSET  6.7865 -6.2235 -6.3468
X -0.6913 -0.7179  0.0825
Y  0.0516 -0.1629 -0.9853
Z  0.7208 -0.6769  0.1496

PART 53
OFFSET  6.8762 -6.0104 -4.9977
X -0.6913 -0.7179  0.0825
Y  0.0516 -0.1629 -0.9853
Z  0.7208 -0.6769  0.1496

PART 54
OFFSET  8.7712 -6.3131 -5.7041
X -0.5694 -0.8219 -0.0167
Y  0.4227 -0.2753 -0.8635
Z  0.7051 -0.4987  0.5041

PART 55
OFFSET  8.3299 -5.4730 -5.0703
X  0.1547 -0.9718 -0.1781
Y  0.3607  0.2234 -0.9056
Z  0.9198  0.0759  0.3850

PART 56
OFFSET  7.9089 -3.4025 -4.6171
X -0.4431 -0.7318  0.5178
Y  0.3689 -0.6753 -0.6387
Z  0.8170 -0.0920  0.5692

PART 57
OFFSET  8.5548 -2.2511 -5.5548
X -0.4578 -0.0547  0.8874
Y -0.0094 -0.9978 -0.0663
Z  0.8890 -0.0387  0.4563

PART 58
OFFSET  9.0093 -2.1732 -6.5341
X -0.9110 -0.2211  0.3483
Y -0.4081  0.3596 -0.8392
Z  0.0603 -0.9065 -0.4178

PART 59
OFFSET  9.5631 -5.8115 -6.7164
X -0.5159 -0.7095  0.4801
Y  0.8402 -0.3097  0.4451
Z -0.1671  0.6330  0.7559

PART 60
OFFSET  10.5949 -4.0873 -7.7396
X  0.5914 -0.6912  0.4153
Y  0.7999  0.4382 -0.4099
Z  0.1014  0.5747  0.8121

PART 61
OFFSET  9.7576 -3.1087 -8.3275
X  0.9872  0.0385 -0.1548
Y -0.1142  0.8482 -0.5172
Z  0.1114  0.5283  0.8417

PART 62
OFFSET  8.8823 -3.1429 -8.1902
X  0.4825  0.6820 -0.5497
Y -0.8708  0.4412 -0.2169
Z  0.0946  0.5833  0.8067

PART 63
OFFSET  8.4239 -3.7908 -7.6680
X  0.1639 -0.8829  0.4399
Y -0.9559 -0.0320  0.2919
Z -0.2436 -0.4684 -0.8493

PART 64
OFFSET  9.5059 -5.5175 -6.0685
X -0.5407 -0.7866  0.2981
Y  0.7916 -0.3560  0.4966
Z -0.2845  0.5045  0.8152

PART 65
OFFSET  10.9689 -3.5587 -6.9523
X  0.5485 -0.6546  0.5202
Y  0.8351  0.3985 -0.3791
Z  0.0408  0.6424  0.7653

PART 66
OFFSET  10.0351 -2.4443 -7.8380
X  0.9429  0.2300 -0.2411
Y -0.3297  0.7489 -0.5748
Z  0.0483  0.6215  0.7820

PART 67
OFFSET  8.7283 -2.7631 -7.5039
X  0.3200  0.7346 -0.5983
Y -0.9465  0.2763 -0.1670
Z  0.0426  0.6197  0.7837

PART 68
OFFSET  8.3813 -3.5598 -6.8550
X  0.2806 -0.7292  0.6241
Y -0.9598 -0.2216  0.1726
Z  0.0124 -0.6474 -0.7620

PART 69
OFFSET  6.4220 -9.7684 -4.7733
X -0.4214 -0.8588  0.2915
Y -0.8230  0.2272 -0.5206
Z  0.3808 -0.4592 -0.8025

PART 70
OFFSET  10.9330 -3.0882 -4.8004
X -0.6894 -0.7232  0.0408
Y  0.6655 -0.6101  0.4299
Z -0.2860  0.3236  0.9020

PART 71
OFFSET  12.1468 -1.8149 -4.8723
X  0.3558 -0.8125  0.4618
Y  0.8787  0.4591  0.1308
Z -0.3183  0.3593  0.8773

PART 72
OFFSET  11.6950 -0.8053 -5.3805
X  0.7031 -0.5804  0.4108
Y  0.6558  0.7526 -0.0591
Z -0.2749  0.3110  0.9098

PART 73
OFFSET  10.9008 -0.1498 -5.8445
X -0.8982 -0.4030  0.1756
Y -0.4315  0.7318 -0.5275
Z  0.0841 -0.5495 -0.8312

PART 74
OFFSET  11.2044 -3.3850 -5.8294
X  0.4282 -0.7069  0.5629
Y  0.8932  0.4258 -0.1447
Z -0.1374  0.5648  0.8137

PART 75
OFFSET  10.3678 -2.0040 -6.9290
X  0.9823  0.1846  0.0325
Y -0.1261  0.7789 -0.6144
Z -0.1387  0.5994  0.7884

PART 76
OFFSET  8.9330 -2.2736 -6.9765
X  0.4045  0.7430 -0.5333
Y -0.8984  0.2137 -0.3837
Z -0.1712  0.6343  0.7539

PART 77
OFFSET  8.4755 -3.1194 -6.3781
X  0.2746 -0.7467  0.6058
Y -0.9580 -0.2665  0.1057
Z  0.0826 -0.6094 -0.7885

PART 78
OFFSET  0.0000 -0.0000 -0.0000
X  1.0000 -0.0000  0.0000
Y  0.0000  1.0000  0.0000
Z  0.0000 -0.0000  1.0000

PART 79
OFFSET -0.0000 -0.0000 -0.0000
X  0.9949  0.0000 -0.1011
Y  0.0066  0.9978  0.0653
Z  0.1009 -0.0657  0.9927

PART 80
OFFSET  1.9497 -0.2715  3.9500
X  0.9949  0.0000 -0.1011
Y  0.0066  0.9978  0.0653
Z  0.1009 -0.0657  0.9927


FRAME 2072
PART 0
OFFSET -4.6318 -0.0000 -1.3770
X  1.0000 -0.0000  0.0000
Y  0.0000  1.0000  0.0000
Z  0.0000 -0.0000  1.0000

PART 1
OFFSET -4.6318 -0.0000 -1.3770
X  1.0000 -0.0000  0.0000
Y  0.0000  1.0000  0.0000
Z  0.0000 -0.0000  1.0000

PART 2
OFFSET -3.3592  6.3408 -7.0192
X  0.7857 -0.1384 -0.6030
Y  0.2521 -0.8185  0.5163
Z -0.5650 -0.5576 -0.6082

PART 3
OFFSET  6.1425  4.6673 -14.3116
X  0.8965 -0.0044  0.4430
Y -0.4373  0.1518  0.8864
Z -0.0711 -0.9884  0.1341

PART 4
OFFSET  13.7677  4.6299 -10.5437
X  0.8965 -0.0044  0.4430
Y -0.2575  0.8085  0.5292
Z -0.3605 -0.5885  0.7237

PART 5
OFFSET  15.4884  6.2624 -10.8578
X  0.8993 -0.0026  0.4374
Y  0.0749  0.9861 -0.1481
Z -0.4309  0.1660  0.8870

PART 6
OFFSET  15.1740  3.7132 -11.1094
X  0.8993 -0.0026  0.4374
Y  0.0749  0.9861 -0.1481
Z -0.4309  0.1660  0.8870

PART 7
OFFSET  14.9563  6.2246 -8.5991
X  0.8993 -0.0026  0.4374
Y  0.0749  0.9861 -0.1481
Z -0.4309  0.1660  0.8870

PART 8
OFFSET  14.7669  4.6695 -8.4582
X  0.8993 -0.0026  0.4374
Y  0.0749  0.9861 -0.1481
Z -0.4309  0.1660  0.8870

PART 9
OFFSET  14.5773  3.4553 -8.9472
X  0.8993 -0.0026  0.4374
Y  0.0749  0.9861 -0.1481
Z -0.4309  0.1660  0.8870

PART 10
OFFSET  16.5161  4.6165 -9.1856
X  0.8697  0.4881  0.0732
Y -0.4573  0.7412  0.4914
Z  0.1855 -0.4609  0.8679

PART 11
OFFSET  16.5422  5.3621 -8.3221
X  0.6962  0.6529  0.2985
Y -0.6803  0.7327 -0.0161
Z -0.2292 -0.1919  0.9543

PART 12
OFFSET  17.9638  6.8334 -7.6264
X  0.9308  0.3643 -0.0292
Y -0.3394  0.8913  0.3006
Z  0.1355 -0.2699  0.9533

PART 13
OFFSET  19.5019  7.3381 -7.5847
X  0.7243  0.6454  0.2425
Y -0.6802  0.7265  0.0980
Z -0.1130 -0.2359  0.9652

PART 14
OFFSET  20.2685  8.0376 -7.2765
X  0.4671  0.7777 -0.4208
Y -0.1289 -0.4109 -0.9025
Z -0.8748  0.4758 -0.0917

PART 15
OFFSET  17.7793  4.1427 -9.4743
X  0.9999  0.0148  0.0031
Y  0.0049 -0.5077  0.8615
Z  0.0143 -0.8614 -0.5077

PART 16
OFFSET  20.0244  4.2391 -9.2879
X  0.0091 -0.0195  0.9998
Y -0.9903  0.1387  0.0117
Z -0.1389 -0.9901 -0.0180

PART 17
OFFSET  20.0373  4.2115 -7.8724
X -0.5514  0.0900  0.8294
Y -0.8264  0.0767 -0.5578
Z -0.1138 -0.9930  0.0321

PART 18
OFFSET  19.5484  4.2913 -7.1371
X -0.7760  0.1209  0.6191
Y -0.6092  0.1112 -0.7852
Z -0.1638 -0.9864 -0.0127

PART 19
OFFSET  18.8112  4.4061 -6.5489
X  0.9996 -0.0196  0.0212
Y  0.0188 -0.1185 -0.9928
Z  0.0220  0.9928 -0.1181

PART 20
OFFSET  17.6407  4.8069 -9.2529
X  0.9693  0.2340 -0.0760
Y  0.1876 -0.5028  0.8438
Z  0.1593 -0.8321 -0.5313

PART 21
OFFSET  20.2033  5.2447 -9.2477
X  0.3756 -0.2821  0.8828
Y -0.8913  0.1513  0.4275
Z -0.2541 -0.9474 -0.1946

PART 22
OFFSET  20.8428  4.7645 -7.7447
X -0.5972  0.0012  0.8021
Y -0.7667  0.2927 -0.5713
Z -0.2355 -0.9562 -0.1739

PART 23
OFFSET  20.0151  4.7662 -6.6331
X -0.8416  0.1053  0.5297
Y -0.4875  0.2742 -0.8290
Z -0.2325 -0.9559 -0.1794

PART 24
OFFSET  19.1023  4.8803 -6.0586
X  0.9566 -0.2899  0.0307
Y  0.0935  0.2051 -0.9743
Z  0.2761  0.9348  0.2233

PART 25
OFFSET  18.5706  7.0509 -7.7144
X  0.9584  0.1877  0.2152
Y  0.0575  0.6114 -0.7892
Z -0.2797  0.7687  0.5751

PART 26
OFFSET  19.4912  7.2485 -8.8521
X  0.9473 -0.2331  0.2197
Y -0.2959 -0.3745  0.8787
Z -0.1226 -0.8974 -0.4238

PART 27
OFFSET  21.1591  6.8381 -8.4654
X  0.2614 -0.5263  0.8091
Y -0.9572 -0.0336  0.2874
Z -0.1241 -0.8496 -0.5126

PART 28
OFFSET  21.4844  6.2498 -7.4506
X -0.4572 -0.3164  0.8312
Y -0.8824  0.2782 -0.3795
Z -0.1111 -0.9069 -0.4064

PART 29
OFFSET  20.9680  5.8924 -6.5118
X  0.9141 -0.4032 -0.0423
Y  0.1830  0.5034 -0.8444
Z  0.3618  0.7642  0.5340

PART 30
OFFSET  19.9279  6.3097 -9.2374
X  0.6490 -0.2958  0.7009
Y -0.7547 -0.1343  0.6422
Z -0.0958 -0.9458 -0.3104

PART 31
OFFSET  21.1958  5.7319 -7.8681
X -0.3459 -0.2647  0.9002
Y -0.9276  0.2404 -0.2858
Z -0.1407 -0.9339 -0.3287

PART 32
OFFSET  20.6905  5.3454 -6.5533
X -0.8381 -0.0576  0.5424
Y -0.5171  0.4000 -0.7567
Z -0.1734 -0.9147 -0.3651

PART 33
OFFSET  19.7404  5.2734 -5.9410
X  0.9841 -0.1529  0.0907
Y  0.1304  0.2741 -0.9528
Z  0.1208  0.9495  0.2896

PART 34
OFFSET  19.4033  4.8379 -7.9293
X  0.1187 -0.8662 -0.4854
Y -0.1855  0.4609 -0.8679
Z  0.9754  0.1930 -0.1060

PART 35
OFFSET  10.6195 -1.1296 -4.7276
X  0.7589  0.6434 -0.1005
Y -0.6430  0.7159 -0.2721
Z -0.1032  0.2712  0.9570

PART 36
OFFSET  10.6195 -1.1296 -4.7276
X  0.7589  0.6434 -0.1005
Y -0.6430  0.7159 -0.2721
Z -0.1032  0.2712  0.9570

PART 37
OFFSET  14.5799  2.7185 -2.9276
X  0.7566  0.6488 -0.0809
Y -0.6430  0.7159 -0.2721
Z -0.1186  0.2579  0.9588

PART 38
OFFSET  13.7773  1.6668 -4.8879
X  0.7589  0.6434 -0.1005
Y -0.6430  0.7159 -0.2721
Z -0.1032  0.2712  0.9570

PART 39
OFFSET  28.4189  14.3623 -6.0899
X  0.7589  0.6434 -0.1005
Y -0.6430  0.7159 -0.2721
Z -0.1032  0.2712  0.9570

PART 40
OFFSET  10.2869 -2.2338 -6.8462
X  0.7589  0.6434 -0.1005
Y -0.6430  0.7159 -0.2721
Z -0.1032  0.2712  0.9570

PART 41
OFFSET  30.1570  15.0210 -8.9285
X -0.6430  0.7159 -0.2721
Y -0.7589 -0.6434  0.1005
Z -0.1032  0.2712  0.9570

PART 42
OFFSET  21.4923  7.1938 -7.2247
X -0.3852  0.0049  0.9228
Y -0.6619 -0.6982 -0.2726
Z  0.6430 -0.7159  0.2721

PART 43
OFFSET  21.4923  7.1938 -7.2247
X -0.6430  0.7159 -0.2721
Y -0.7589 -0.6434  0.1005
Z -0.1032  0.2712  0.9570

PART 44
OFFSET  21.0478  7.0081 -7.7283
X -0.6430  0.7159 -0.2721
Y -0.7589 -0.6434  0.1005
Z -0.1032  0.2712  0.9570

PART 45
OFFSET  20.1476  8.0102 -8.1093
X -0.6317  0.7648  0.1266
Y -0.7589 -0.6434  0.1005
Z  0.1583 -0.0326  0.9869

PART 46
OFFSET  28.3930  13.5796 -8.5209
X  0.7589  0.6434 -0.1005
Y -0.6430  0.7159 -0.2721
Z -0.1032  0.2712  0.9570

PART 47
OFFSET  27.0587  13.9264 -9.5717
X  0.8543  0.2969  0.4266
Y  0.1539  0.6394 -0.7533
Z -0.4964  0.7092  0.5006

PART 48
OFFSET -10.8444 -11.7139 -5.9426
X -0.9606  0.2596 -0.0996
Y -0.1793 -0.3043  0.9355
Z  0.2126  0.9165  0.3389

PART 49
OFFSET  0.7725 -14.8535 -4.7380
X -0.6549 -0.7452  0.1258
Y  0.7543 -0.6345  0.1687
Z -0.0459  0.2053  0.9776

PART 50
OFFSET  6.3429 -8.5156 -5.8078
X -0.6549 -0.7452  0.1258
Y  0.2830 -0.3962 -0.8735
Z  0.7007 -0.5365  0.4703

PART 51
OFFSET  6.8267 -7.2580 -7.2738
X -0.6592 -0.7420  0.1218
Y  0.0367 -0.1936 -0.9804
Z  0.7510 -0.6418  0.1549

PART 52
OFFSET  6.3505 -6.2434 -6.7926
X -0.6592 -0.7420  0.1218
Y  0.0367 -0.1936 -0.9804
Z  0.7510 -0.6418  0.1549

PART 53
OFFSET  6.4607 -5.9817 -5.4536
X -0.6592 -0.7420  0.1218
Y  0.0367 -0.1936 -0.9804
Z  0.7510 -0.6418  0.1549

PART 54
OFFSET  8.3507 -6.2312 -6.1934
X -0.6062 -0.7868 -0.1163
Y  0.4276 -0.1991 -0.8818
Z  0.6706 -0.5843  0.4571

PART 55
OFFSET  7.9355 -5.4453 -5.4778
X  0.1135 -0.9527 -0.2818
Y  0.3895  0.3036 -0.8696
Z  0.9140 -0.0111  0.4055

PART 56
OFFSET  7.6009 -3.4190 -4.8055
X -0.4872 -0.7619  0.4268
Y  0.3507 -0.6183 -0.7034
Z  0.7998 -0.1930  0.5684

PART 57
OFFSET  8.3187 -2.2043 -5.6001
X -0.4784 -0.1294  0.8686
Y -0.0540 -0.9829 -0.1762
Z  0.8765 -0.1312  0.4632

PART 58
OFFSET  8.7968 -2.0417 -6.5576
X -0.9273 -0.2138  0.3073
Y -0.3734  0.4685 -0.8007
Z  0.0272 -0.8572 -0.5143

PART 59
OFFSET  9.1860 -5.6606 -7.1316
X -0.5580 -0.7321  0.3907
Y  0.8155 -0.3967  0.4214
Z -0.1536  0.5537  0.8184

PART 60
OFFSET  10.3174 -3.8863 -7.9418
X  0.5501 -0.7602  0.3457
Y  0.8277  0.4414 -0.3464
Z  0.1107  0.4767  0.8720

PART 61
OFFSET  9.5386 -2.8100 -8.4312
X  0.9909  0.0077 -0.1340
Y -0.0641  0.9043 -0.4222
Z  0.1180  0.4269  0.8966

PART 62
OFFSET  8.6600 -2.8169 -8.3124
X  0.5248  0.7140 -0.4634
Y -0.8448  0.5037 -0.1806
Z  0.1045  0.4862  0.8676

PART 63
OFFSET  8.1614 -3.4952 -7.8722
X  0.1138 -0.9327  0.3423
Y -0.9623 -0.0178  0.2715
Z -0.2471 -0.3603 -0.8995

PART 64
OFFSET  9.1288 -5.4368 -6.4561
X -0.5825 -0.7876  0.2009
Y  0.7638 -0.4459  0.4667
Z -0.2780  0.4253  0.8613

PART 65
OFFSET  10.6988 -3.4657 -7.0952
X  0.5067 -0.7332  0.4534
Y  0.8604  0.3970 -0.3196
Z  0.0544  0.5521  0.8320

PART 66
OFFSET  9.8361 -2.2174 -7.8671
X  0.9573  0.2094 -0.1993
Y -0.2827  0.8224 -0.4938
Z  0.0605  0.5290  0.8464

PART 67
OFFSET  8.5093 -2.5076 -7.5909
X  0.3660  0.7794 -0.5084
Y -0.9290  0.3381 -0.1504
Z  0.0547  0.5274  0.8479

PART 68
OFFSET  8.1124 -3.3529 -7.0394
X  0.2335 -0.8058  0.5442
Y -0.9724 -0.1927  0.1319
Z -0.0014 -0.5599 -0.8285

PART 69
OFFSET  5.8257 -9.6505 -5.6867
X -0.4666 -0.8642  0.1882
Y -0.8006  0.3222 -0.5052
Z  0.3760 -0.3864 -0.8422

PART 70
OFFSET  10.6395 -3.2325 -4.9053
X -0.7227 -0.6893 -0.0501
Y  0.6275 -0.6849  0.3704
Z -0.2896  0.2362  0.9275

PART 71
OFFSET  11.9120 -2.0189 -4.8171
X  0.3082 -0.8743  0.3749
Y  0.8960  0.3992  0.1945
Z -0.3198  0.2759  0.9064

PART 72
OFFSET  11.5179 -0.9392 -5.2178
X  0.6669 -0.6550  0.3553
Y  0.6909  0.7222  0.0346
Z -0.2793  0.2224  0.9341

PART 73
OFFSET  10.7647 -0.1993 -5.6191
X -0.9193 -0.3761  0.1158
Y -0.3861  0.8051 -0.4503
Z  0.0761 -0.4586 -0.8854

PART 74
OFFSET  10.9184 -3.4276 -5.9563
X  0.3833 -0.7841  0.4881
Y  0.9147  0.3956 -0.0828
Z -0.1282  0.4782  0.8688

PART 75
OFFSET  10.1696 -1.8958 -6.9099
X  0.9888  0.1324  0.0681
Y -0.0771  0.8466 -0.5266
Z -0.1274  0.5154  0.8474

PART 76
OFFSET  8.7253 -2.0892 -7.0095
X  0.4494  0.7765 -0.4416
Y -0.8793  0.2974 -0.3719
Z -0.1575  0.5555  0.8165

PART 77
OFFSET  8.2168 -2.9725 -6.5154
X  0.2271 -0.8209  0.5240
Y -0.9713 -0.2301  0.0605
Z  0.0709 -0.5227 -0.8496

PART 78
OFFSET  0.0000 -0.0000 -0.0000
X  1.0000 -0.0000  0.0000
Y  0.0000  1.0000  0.0000
Z  0.0000 -0.0000  1.0000

PART 79
OFFSET -0.0000 -0.0000 -0.0000
X  0.9957 -0.0000 -0.0925
Y  0.0052  0.9984  0.0561
Z  0.0924 -0.0564  0.9941

PART 80
OFFSET  1.9160 -0.2331  3.9689
X  0.9957 -0.0000 -0.0925
Y  0.0052  0.9984  0.0561
Z  0.0924 -0.0564  0.9941


FRAME 2073
PART 0
OFFSET -4.6318 -0.0000 -1.3770
X  1.0000 -0.0000  0.0000
Y  0.0000  1.0000  0.0000
Z  0.0000 -0.0000  1.0000

PART 1
OFFSET -4.6318 -0.0000 -1.3770
X  1.0000 -0.0000  0.0000
Y  0.0000  1.0000  0.0000
Z  0.0000 -0.0000  1.0000

PART 2
OFFSET -3.2087  6.3408 -7.3335
X  0.8270 -0.0912 -0.5548
Y  0.2125 -0.8629  0.4585
Z -0.5205 -0.4971 -0.6942

PART 3
OFFSET  6.7927  5.2382 -14.0432
X  0.8585 -0.0503  0.5103
Y -0.5061  0.0770  0.8590
Z -0.0825 -0.9958  0.0406

PART 4
OFFSET  14.0948  4.8101 -9.7028
X  0.8585 -0.0503  0.5103
Y -0.3253  0.7158  0.6179
Z -0.3964 -0.6965  0.5982

PART 5
OFFSET  15.8365  6.4500 -9.7352
X  0.8617 -0.0481  0.5051
Y  0.0874  0.9947 -0.0544
Z -0.4998  0.0910  0.8613

PART 6
OFFSET  15.5406  3.9353 -10.2342
X  0.8617 -0.0481  0.5051
Y  0.0874  0.9947 -0.0544
Z -0.4998  0.0910  0.8613

PART 7
OFFSET  15.1269  6.2187 -7.5377
X  0.8617 -0.0481  0.5051
Y  0.0874  0.9947 -0.0544
Z -0.4998  0.0910  0.8613

PART 8
OFFSET  14.9254  4.6588 -7.5496
X  0.8617 -0.0481  0.5051
Y  0.0874  0.9947 -0.0544
Z -0.4998  0.0910  0.8613

PART 9
OFFSET  14.7739  3.4937 -8.1570
X  0.8617 -0.0481  0.5051
Y  0.0874  0.9947 -0.0544
Z -0.4998  0.0910  0.8613

PART 10
OFFSET  16.7267  4.6558 -8.1384
X  0.8898  0.4283  0.1578
Y -0.4361  0.6958  0.5707
Z  0.1346 -0.5766  0.8059

PART 11
OFFSET  16.7614  5.2832 -7.1858
X  0.7173  0.5721  0.3978
Y -0.6428  0.7637  0.0608
Z -0.2691 -0.2993  0.9154

PART 12
OFFSET  18.2300  6.5772 -6.2703
X  0.9480  0.3155  0.0420
Y -0.3049  0.8625  0.4038
Z  0.0912 -0.3956  0.9139

PART 13
OFFSET  19.7888  6.9908 -6.1243
X  0.7468  0.5703  0.3421
Y -0.6466  0.7429  0.1730
Z -0.1555 -0.3504  0.9236

PART 14
OFFSET  20.5783  7.6041 -5.7091
X  0.5179  0.7992 -0.3051
Y -0.1196 -0.2855 -0.9509
Z -0.8470  0.5290 -0.0522

PART 15
OFFSET  17.9738  4.1566 -8.4531
X  0.9988 -0.0384  0.0307
Y -0.0478 -0.6126  0.7889
Z -0.0115 -0.7894 -0.6137

PART 16
OFFSET  20.2138  4.1102 -8.1979
X -0.0242 -0.1469  0.9889
Y -0.9821  0.1881  0.0039
Z -0.1865 -0.9711 -0.1488

PART 17
OFFSET  20.1796  3.9022 -6.7979
X -0.5729  0.0128  0.8196
Y -0.8032  0.1904 -0.5644
Z -0.1632 -0.9816 -0.0988

PART 18
OFFSET  19.6717  3.9136 -6.0712
X -0.7887  0.0819  0.6093
Y -0.5773  0.2420 -0.7798
Z -0.2113 -0.9668 -0.1436

PART 19
OFFSET  18.9224  3.9914 -5.4924
X  0.9962 -0.0748  0.0443
Y  0.0450  0.0079 -0.9990
Z  0.0743  0.9972  0.0112

PART 20
OFFSET  17.8609  4.7938 -8.1516
X  0.9815  0.1904 -0.0202
Y  0.1354 -0.6152  0.7767
Z  0.1354 -0.7650 -0.6296

PART 21
OFFSET  20.4403  5.0917 -8.0241
X  0.3326 -0.4114  0.8486
Y -0.8961  0.1424  0.4203
Z -0.2938 -0.9003 -0.3213

PART 22
OFFSET  21.0066  4.3913 -6.5794
X -0.6220 -0.0693  0.7799
Y -0.7326  0.4029 -0.5485
Z -0.2762 -0.9126 -0.3014

PART 23
OFFSET  20.1445  4.2953 -5.4985
X -0.8521  0.0813  0.5170
Y -0.4464  0.4026 -0.7991
Z -0.2731 -0.9118 -0.3068

PART 24
OFFSET  19.2203  4.3834 -4.9378
X  0.9397 -0.3414  0.0179
Y  0.1348  0.3221 -0.9371
Z  0.3142  0.8830  0.3487

PART 25
OFFSET  18.8492  6.7718 -6.3140
X  0.9589  0.1081  0.2622
Y  0.1128  0.7029 -0.7023
Z -0.2602  0.7031  0.6618

PART 26
OFFSET  19.8147  7.0637 -7.3927
X  0.9272 -0.3087  0.2122
Y -0.3422 -0.4671  0.8153
Z -0.1526 -0.8286 -0.5387

PART 27
OFFSET  21.4471  6.5201 -7.0190
X  0.2091 -0.6379  0.7412
Y -0.9665 -0.0194  0.2559
Z -0.1489 -0.7698 -0.6206

PART 28
OFFSET  21.7103  5.7914 -6.0803
X -0.4988 -0.3950  0.7715
Y -0.8550  0.3703 -0.3632
Z -0.1422 -0.8408 -0.5224

PART 29
OFFSET  21.1470  5.3452 -5.2088
X  0.8942 -0.4422 -0.0702
Y  0.2346  0.5963 -0.7677
Z  0.3813  0.6700  0.6370

PART 30
OFFSET  20.2171  6.1598 -7.8840
X  0.6108 -0.4162  0.6736
Y -0.7807 -0.1749  0.5999
Z -0.1319 -0.8923 -0.4318

PART 31
OFFSET  21.4104  5.3467 -6.5682
X -0.3874 -0.3583  0.8494
Y -0.9050  0.3233 -0.2764
Z -0.1756 -0.8758 -0.4496

PART 32
OFFSET  20.8445  4.8233 -5.3275
X -0.8571 -0.0818  0.5087
Y -0.4722  0.5196 -0.7120
Z -0.2061 -0.8505 -0.4840

PART 33
OFFSET  19.8727  4.7242 -4.7543
X  0.9720 -0.2148  0.0957
Y  0.1744  0.3857 -0.9060
Z  0.1577  0.8973  0.4123

PART 34
OFFSET  19.5792  4.5634 -6.7901
X  0.0918 -0.8025 -0.5895
Y -0.1346  0.5766 -0.8059
Z  0.9866  0.1533 -0.0551

PART 35
OFFSET  10.4149 -1.2918 -4.6099
X  0.7923  0.6101  0.0027
Y -0.5981  0.7775 -0.1943
Z -0.1206  0.1524  0.9809

PART 36
OFFSET  10.4149 -1.2918 -4.6099
X  0.7923  0.6101  0.0027
Y -0.5981  0.7775 -0.1943
Z -0.1206  0.1524  0.9809

PART 37
OFFSET  14.4986  2.0824 -2.2285
X  0.7897  0.6131  0.0227
Y -0.5981  0.7775 -0.1943
Z -0.1368  0.1399  0.9807

PART 38
OFFSET  13.7092  1.3321 -4.3278
X  0.7923  0.6101  0.0027
Y -0.5981  0.7775 -0.1943
Z -0.1206  0.1524  0.9809

PART 39
OFFSET  28.9857  13.2886 -3.5092
X  0.7923  0.6101  0.0027
Y -0.5981  0.7775 -0.1943
Z -0.1206  0.1524  0.9809

PART 40
OFFSET  10.0972 -2.0987 -6.8609
X  0.7923  0.6101  0.0027
Y -0.5981  0.7775 -0.1943
Z -0.1206  0.1524  0.9809

PART 41
OFFSET  30.8448  14.2103 -6.1938
X -0.5981  0.7775 -0.1943
Y -0.7923 -0.6101 -0.0027
Z -0.1206  0.1524  0.9809

PART 42
OFFSET  21.7570  6.6973 -5.7347
X -0.4141 -0.0922  0.9056
Y -0.6862 -0.6221 -0.3771
Z  0.5981 -0.7775  0.1943

PART 43
OFFSET  21.7570  6.6973 -5.7347
X -0.5981  0.7775 -0.1943
Y -0.7923 -0.6101 -0.0027
Z -0.1206  0.1524  0.9809

PART 44
OFFSET  21.3204  6.6007 -6.2693
X -0.5981  0.7775 -0.1943
Y -0.7923 -0.6101 -0.0027
Z -0.1206  0.1524  0.9809

PART 45
OFFSET  20.4831  7.6892 -6.5413
X -0.6098  0.7917  0.0365
Y -0.7923 -0.6101 -0.0027
Z  0.0201 -0.0305  0.9993

PART 46
OFFSET  29.0002  12.8236 -6.0205
X  0.7923  0.6101  0.0027
Y -0.5981  0.7775 -0.1943
Z -0.1206  0.1524  0.9809

PART 47
OFFSET  27.7192  13.3710 -7.0520
X  0.8536  0.1949  0.4831
Y  0.2093  0.7210 -0.6606
Z -0.4771  0.6650  0.5747

PART 48
OFFSET -10.8444 -11.7139 -5.9426
X -0.9602  0.2631 -0.0941
Y -0.1669 -0.2698  0.9483
Z  0.2241  0.9263  0.3030

PART 49
OFFSET  0.7677 -14.8959 -4.8043
X -0.6205 -0.7654  0.1705
Y  0.7836 -0.5971  0.1714
Z -0.0294  0.2400  0.9703

PART 50
OFFSET  6.0454 -8.3856 -6.2548
X -0.6205 -0.7654  0.1705
Y  0.2073 -0.3699 -0.9056
Z  0.7563 -0.5266  0.3882

PART 51
OFFSET  6.4400 -7.1657 -7.7784
X -0.6250 -0.7626  0.1666
Y  0.0197 -0.2288 -0.9733
Z  0.7803 -0.6051  0.1580

PART 52
OFFSET  5.9351 -6.1535 -7.3220
X -0.6250 -0.7626  0.1666
Y  0.0197 -0.2288 -0.9733
Z  0.7803 -0.6051  0.1580

PART 53
OFFSET  6.0686 -5.8375 -5.9969
X -0.6250 -0.7626  0.1666
Y  0.0197 -0.2288 -0.9733
Z  0.7803 -0.6051  0.1580

PART 54
OFFSET  7.9477 -6.0390 -6.7776
X -0.6399 -0.7326 -0.2321
Y  0.4456 -0.1076 -0.8888
Z  0.6261 -0.6721  0.3953

PART 55
OFFSET  7.5485 -5.3297 -5.9779
X  0.0757 -0.9138 -0.3989
Y  0.4318  0.3907 -0.8130
Z  0.8988 -0.1107  0.4242

PART 56
OFFSET  7.2919 -3.3905 -5.0595
X -0.5374 -0.7833  0.3126
Y  0.3426 -0.5414 -0.7678
Z  0.7706 -0.3055  0.5593

PART 57
OFFSET  8.0937 -2.1241 -5.6725
X -0.5120 -0.2134  0.8321
Y -0.0963 -0.9483 -0.3024
Z  0.8536 -0.2350  0.4649

PART 58
OFFSET  8.6099 -1.8665 -6.5884
X -0.9461 -0.2020  0.2533
Y -0.3239  0.5855 -0.7431
Z  0.0018 -0.7851 -0.6194

PART 59
OFFSET  8.8398 -5.3985 -7.6128
X -0.6055 -0.7454  0.2787
Y  0.7811 -0.4894  0.3878
Z -0.1527  0.4525  0.8786

PART 60
OFFSET  10.0823 -3.5977 -8.1587
X  0.5008 -0.8259  0.2592
Y  0.8591  0.4377 -0.2653
Z  0.1057  0.3555  0.9287

PART 61
OFFSET  9.3733 -2.4285 -8.5256
X  0.9939 -0.0275 -0.1063
Y -0.0061  0.9527 -0.3039
Z  0.1097  0.3027  0.9468

PART 62
OFFSET  8.4920 -2.4041 -8.4313
X  0.5738  0.7385 -0.3540
Y -0.8128  0.5664 -0.1360
Z  0.1000  0.3658  0.9253

PART 63
OFFSET  7.9468 -3.1057 -8.0950
X  0.0569 -0.9733  0.2224
Y -0.9703 -0.0014  0.2420
Z -0.2353 -0.2295 -0.9444

PART 64
OFFSET  8.7718 -5.2597 -6.9159
X -0.6266 -0.7750  0.0829
Y  0.7256 -0.5412  0.4250
Z -0.2845  0.3264  0.9014

PART 65
OFFSET  10.4563 -3.3089 -7.2555
X  0.4553 -0.8106  0.3683
Y  0.8887  0.3885 -0.2436
Z  0.0544  0.4382  0.8972

PART 66
OFFSET  9.6810 -1.9288 -7.8824
X  0.9723  0.1823 -0.1460
Y -0.2260  0.8922 -0.3911
Z  0.0589  0.4132  0.9087

PART 67
OFFSET  8.3335 -2.1815 -7.6801
X  0.4200  0.8174 -0.3944
Y -0.9060  0.4030 -0.1296
Z  0.0530  0.4117  0.9098

PART 68
OFFSET  7.8780 -3.0680 -7.2524
X  0.1761 -0.8796  0.4419
Y -0.9844 -0.1564  0.0809
Z -0.0021 -0.4492 -0.8934

PART 69
OFFSET  5.2434 -9.3572 -6.7802
X -0.5141 -0.8554  0.0634
Y -0.7671  0.4255 -0.4801
Z  0.3837 -0.2955 -0.8749

PART 70
OFFSET  10.3377 -3.3531 -5.0561
X -0.7536 -0.6383 -0.1569
Y  0.5810 -0.7585  0.2953
Z -0.3075  0.1313  0.9424

PART 71
OFFSET  11.6645 -2.2292 -4.7797
X  0.2527 -0.9299  0.2672
Y  0.9077  0.3235  0.2673
Z -0.3350  0.1749  0.9258

PART 72
OFFSET  11.3369 -1.0881 -5.0483
X  0.6222 -0.7291  0.2852
Y  0.7239  0.6745  0.1450
Z -0.2981  0.1162  0.9474

PART 73
OFFSET  10.6341 -0.2646 -5.3704
X -0.9399 -0.3389  0.0427
Y -0.3315  0.8750 -0.3528
Z  0.0821 -0.3457 -0.9347

PART 74
