// Export filename: `C:\projects\cod\t5\xanim_export\t5_viewmodels\ak47\ak47_masterkey_mk_putaway.XANIM_EXPORT`
// Source filename: `D:\projects\devanim\t5\animation_assets\viewmodels/ak47/ViewModel_AK47_MasterKey_animated.fbx`
// Export time: Wed Jul 07 18:24:04 2010

ANIMATION
VERSION 3

NUMPARTS 77
PART 0 "tag_ads"
PART 1 "tag_torso"
PART 2 "J_Shoulder_LE"
PART 3 "J_Elbow_LE"
PART 4 "J_WristTwist_LE"
PART 5 "J_Sleave_Reshape_Bottom_LE_1"
PART 6 "J_Sleave_Reshape_Bottom_LE_2"
PART 7 "J_Sleave_Reshape_Top_LE_1"
PART 8 "J_Sleave_Reshape_Top_LE_2"
PART 9 "J_Sleave_Reshape_Top_LE_3"
PART 10 "J_Wrist_LE"
PART 11 "J_Thumb_LE_0"
PART 12 "J_Thumb_LE_1"
PART 13 "J_Thumb_LE_2"
PART 14 "J_Thumb_LE_3"
PART 15 "J_PinkyPalm_LE"
PART 16 "J_Pinky_LE_0"
PART 17 "J_Pinky_LE_1"
PART 18 "J_Pinky_LE_2"
PART 19 "J_Pinky_LE_3"
PART 20 "J_RingPalm_LE"
PART 21 "J_Ring_LE_0"
PART 22 "J_Ring_LE_1"
PART 23 "J_Ring_LE_2"
PART 24 "J_Ring_LE_3"
PART 25 "J_Webbing_LE"
PART 26 "J_Index_LE_0"
PART 27 "J_Index_LE_1"
PART 28 "J_Index_LE_2"
PART 29 "J_Index_LE_3"
PART 30 "J_Mid_LE_0"
PART 31 "J_Mid_LE_1"
PART 32 "J_Mid_LE_2"
PART 33 "J_Mid_LE_3"
PART 34 "tag_knife_attach"
PART 35 "tag_weapon"
PART 36 "J_Gun"
PART 37 "J_bolt"
PART 38 "tag_masterkey"
PART 39 "tag_brass2"
PART 40 "tag_ammo2"
PART 41 "tag_pump2"
PART 42 "TAG_CLIP"
PART 43 "TAG_FLASH"
PART 44 "J_Shoulder_RI"
PART 45 "J_Elbow_RI"
PART 46 "J_WristTwist_RI"
PART 47 "J_Sleave_Reshape_Top_RI_3"
PART 48 "J_Sleave_Reshape_Top_RI_2"
PART 49 "J_Sleave_Reshape_Top_RI_1"
PART 50 "J_Wrist_RI"
PART 51 "J_Thumb_RI_0"
PART 52 "J_Thumb_RI_1"
PART 53 "J_Thumb_RI_2"
PART 54 "J_Thumb_RI_3"
PART 55 "J_PinkyPalm_RI"
PART 56 "J_Pinky_RI_0"
PART 57 "J_Pinky_RI_1"
PART 58 "J_Pinky_RI_2"
PART 59 "J_Pinky_RI_3"
PART 60 "J_RingPalm_RI"
PART 61 "J_Ring_RI_0"
PART 62 "J_Ring_RI_1"
PART 63 "J_Ring_RI_2"
PART 64 "J_Ring_RI_3"
PART 65 "J_Webbing_RI"
PART 66 "J_Index_RI_0"
PART 67 "J_Index_RI_1"
PART 68 "J_Index_RI_2"
PART 69 "J_Index_RI_3"
PART 70 "J_Mid_RI_0"
PART 71 "J_Mid_RI_1"
PART 72 "J_Mid_RI_2"
PART 73 "J_Mid_RI_3"
PART 74 "tag_cambone"
PART 75 "tag_camera"
PART 76 "tag_gasmask"

FRAMERATE 30
NUMFRAMES 11

FRAME 1805
PART 0
OFFSET  0.0000 -0.0000 -0.0000
X  1.0000 -0.0000  0.0000
Y  0.0000  1.0000  0.0000
Z  0.0000 -0.0000  1.0000

PART 1
OFFSET -4.6318 -0.0000 -1.3770
X  1.0000 -0.0000  0.0000
Y  0.0000  1.0000  0.0000
Z  0.0000 -0.0000  1.0000

PART 2
OFFSET  1.6160  1.6487 -7.3253
X  0.8369  0.4069 -0.3661
Y  0.2903 -0.8970 -0.3334
Z -0.4641  0.1728 -0.8688

PART 3
OFFSET  11.7373  6.5698 -11.7530
X  0.6964 -0.5174  0.4973
Y -0.7175 -0.5147  0.4693
Z  0.0132 -0.6836 -0.7297

PART 4
OFFSET  17.6609  2.1692 -7.5236
X  0.6964 -0.5174  0.4973
Y -0.1225  0.5971  0.7928
Z -0.7071 -0.6130  0.3525

PART 5
OFFSET  19.1717  3.0654 -5.8993
X  0.7006 -0.5125  0.4964
Y -0.0047  0.6924  0.7215
Z -0.7135 -0.5079  0.4827

PART 6
OFFSET  19.2776  1.7916 -8.1413
X  0.7006 -0.5125  0.4964
Y -0.0047  0.6924  0.7215
Z -0.7135 -0.5079  0.4827

PART 7
OFFSET  17.9421  1.3884 -4.8687
X  0.7006 -0.5125  0.4964
Y -0.0047  0.6924  0.7215
Z -0.7135 -0.5079  0.4827

PART 8
OFFSET  17.6857  0.0633 -6.0854
X  0.7006 -0.5125  0.4964
Y -0.0047  0.6924  0.7215
Z -0.7135 -0.5079  0.4827

PART 9
OFFSET  17.8189 -0.2489 -7.3637
X  0.7006 -0.5125  0.4964
Y -0.0047  0.6924  0.7215
Z -0.7135 -0.5079  0.4827

PART 10
OFFSET  19.7959  0.5830 -5.9991
X  0.9581 -0.2454  0.1475
Y  0.0226  0.5783  0.8155
Z -0.2854 -0.7780  0.5597

PART 11
OFFSET  20.1316  0.7112 -4.9160
X  0.8462 -0.1666  0.5062
Y -0.1193  0.8665  0.4846
Z -0.5194 -0.4705  0.7134

PART 12
OFFSET  21.9168  0.4120 -3.7356
X  0.9493 -0.3066  0.0690
Y  0.1628  0.6676  0.7265
Z -0.2688 -0.6785  0.6837

PART 13
OFFSET  23.4095 -0.1988 -3.5910
X  0.9490 -0.0870  0.3029
Y -0.1150  0.7993  0.5898
Z -0.2935 -0.5946  0.7486

PART 14
OFFSET  24.4204 -0.3065 -3.2191
X  0.8654  0.4824 -0.1357
Y -0.2907  0.2626 -0.9201
Z -0.4082  0.8356  0.3675

PART 15
OFFSET  20.5248 -0.4012 -6.6344
X  0.4959 -0.8653  0.0738
Y -0.6004 -0.2802  0.7490
Z -0.6274 -0.4157 -0.6585

PART 16
OFFSET  21.6566 -2.3191 -6.2808
X -0.2645 -0.5412  0.7982
Y -0.8028  0.5821  0.1287
Z -0.5343 -0.6068 -0.5885

PART 17
OFFSET  21.2822 -3.0854 -5.1507
X -0.7692  0.0882  0.6329
Y -0.3611  0.7571 -0.5444
Z -0.5272 -0.6473 -0.5505

PART 18
OFFSET  20.6001 -3.0072 -4.5896
X -0.8015  0.5779  0.1536
Y  0.2501  0.5574 -0.7917
Z -0.5431 -0.5961 -0.5913

PART 19
OFFSET  19.8387 -2.4581 -4.4437
X  0.5346 -0.7057  0.4650
Y  0.6360 -0.0264 -0.7712
Z  0.5566  0.7080  0.4347

PART 20
OFFSET  20.7904  0.0378 -6.1382
X  0.9031 -0.4158 -0.1068
Y -0.3057 -0.7975  0.5202
Z -0.3015 -0.4372 -0.8474

PART 21
OFFSET  22.8889 -1.4892 -6.2892
X -0.0537 -0.7883  0.6129
Y -0.8943  0.3110  0.3217
Z -0.4442 -0.5309 -0.7217

PART 22
OFFSET  22.7975 -2.8313 -5.2457
X -0.8327 -0.0465  0.5518
Y -0.3387  0.8311 -0.4411
Z -0.4381 -0.5542 -0.7077

PART 23
OFFSET  21.6435 -2.8957 -4.4809
X -0.8420  0.5302  0.0991
Y  0.3220  0.6416 -0.6962
Z -0.4327 -0.5543 -0.7110

PART 24
OFFSET  20.7303 -2.3207 -4.3734
X  0.4847 -0.8282  0.2815
Y  0.7647  0.2449 -0.5960
Z  0.4246  0.5041  0.7520

PART 25
OFFSET  22.6325  0.3277 -3.9497
X  0.8178 -0.5591  0.1366
Y  0.5522  0.6951 -0.4604
Z  0.1624  0.4519  0.8772

PART 26
OFFSET  23.6525  0.3520 -5.0175
X  0.7853 -0.5913 -0.1834
Y -0.4345 -0.7375  0.5171
Z -0.4410 -0.3264 -0.8361

PART 27
OFFSET  25.0352 -0.6890 -5.3404
X  0.3179 -0.9360  0.1511
Y -0.8542 -0.2136  0.4740
Z -0.4114 -0.2798 -0.8674

PART 28
OFFSET  25.4466 -1.8099 -5.1039
X -0.3860 -0.7088  0.5904
Y -0.8232  0.5535  0.1265
Z -0.4165 -0.4372 -0.7971

PART 29
OFFSET  25.0107 -2.6106 -4.4370
X  0.7516 -0.3919 -0.5306
Y  0.1742  0.8937 -0.4134
Z  0.6362  0.2183  0.7400

PART 30
OFFSET  23.4746 -0.3887 -5.8175
X  0.3213 -0.9098  0.2627
Y -0.8398 -0.1456  0.5231
Z -0.4376 -0.3887 -0.8108

PART 31
OFFSET  24.1023 -2.1660 -5.3042
X -0.6904 -0.4314  0.5808
Y -0.5560  0.8300 -0.0445
Z -0.4628 -0.3536 -0.8129

PART 32
OFFSET  23.0940 -2.7962 -4.4559
X -0.8408  0.4340  0.3235
Y  0.2635  0.8502 -0.4558
Z -0.4728 -0.2981 -0.8292

PART 33
OFFSET  22.1381 -2.3073 -4.0951
X  0.5067 -0.8568  0.0961
Y  0.7056  0.3480 -0.6173
Z  0.4954  0.3806  0.7808

PART 34
OFFSET  21.9465 -1.5797 -5.1859
X -0.3614 -0.4535 -0.8147
Y  0.2854  0.7780 -0.5597
Z  0.8877 -0.4348 -0.1517

PART 35
OFFSET  3.7195 -2.5659 -5.4428
X  0.9877  0.0404  0.1513
Y -0.0783  0.9640  0.2539
Z -0.1356 -0.2626  0.9553

PART 36
OFFSET  3.7195 -2.5659 -5.4428
X  0.9877  0.0404  0.1513
Y -0.0783  0.9640  0.2539
Z -0.1356 -0.2626  0.9553

PART 37
OFFSET  8.6571 -3.2425 -2.4603
X  0.9847  0.0350  0.1708
Y -0.0783  0.9640  0.2539
Z -0.1558 -0.2634  0.9520

PART 38
OFFSET  13.1643 -1.5584 -6.3571
X  0.9877  0.0404  0.1513
Y -0.0783  0.9640  0.2539
Z -0.1356 -0.2626  0.9553

PART 39
OFFSET  18.0687 -2.1373 -3.9716
X  0.9112  0.4119  0.0114
Y  0.1562 -0.3197 -0.9345
Z -0.3813  0.8533 -0.3557

PART 40
OFFSET -8.7448 -2.7026 -8.7125
X  0.8499 -0.0686  0.5225
Y -0.0783  0.9640  0.2539
Z -0.5211 -0.2567  0.8139

PART 41
OFFSET  23.4401 -0.6094 -6.7902
X  0.0783 -0.9640 -0.2539
Y  0.9877  0.0404  0.1513
Z -0.1356 -0.2626  0.9553

PART 42
OFFSET  7.8404 -2.4546 -4.5352
X  0.9877  0.0404  0.1513
Y -0.0783  0.9640  0.2539
Z -0.1356 -0.2626  0.9553

PART 43
OFFSET  26.7414 -1.4264 -2.6056
X  0.9877  0.0404  0.1513
Y -0.0783  0.9640  0.2539
Z -0.1356 -0.2626  0.9553

PART 44
OFFSET -17.6076 -4.8127 -7.0611
X -0.6660  0.1224  0.7359
Y -0.3052 -0.9448 -0.1191
Z  0.6807 -0.3039  0.6666

PART 45
OFFSET -9.5532 -6.2928 -15.9604
X -0.7745 -0.2136 -0.5954
Y  0.6269 -0.1336 -0.7676
Z  0.0844 -0.9678  0.2373

PART 46
OFFSET -2.9654 -4.4764 -10.8965
X -0.7745 -0.2136 -0.5954
Y  0.5944  0.0761 -0.8006
Z  0.2163 -0.9740  0.0680

PART 47
OFFSET -2.3787 -2.9198 -9.8021
X -0.7785 -0.2099 -0.5915
Y -0.0913  0.9703 -0.2241
Z  0.6210 -0.1205 -0.7745

PART 48
OFFSET -2.6003 -3.3929 -8.6998
X -0.7785 -0.2099 -0.5915
Y -0.0913  0.9703 -0.2241
Z  0.6210 -0.1205 -0.7745

PART 49
OFFSET -2.3197 -4.7046 -8.4284
X -0.7785 -0.2099 -0.5915
Y -0.0913  0.9703 -0.2241
Z  0.6210 -0.1205 -0.7745

PART 50
OFFSET -0.5909 -3.8217 -9.0712
X -0.8961 -0.1064 -0.4308
Y  0.4231  0.0878 -0.9018
Z  0.1338 -0.9904 -0.0337

PART 51
OFFSET -0.6510 -3.4519 -7.9934
X -0.3661 -0.5323 -0.7633
Y  0.6623  0.4271 -0.6156
Z  0.6536 -0.7309  0.1962

PART 52
OFFSET  0.0367 -2.3051 -6.2958
X -0.8986 -0.4385  0.0158
Y  0.0960 -0.2317 -0.9680
Z  0.4281 -0.8684  0.2503

PART 53
OFFSET  1.4451 -1.5138 -6.4071
X -0.6400 -0.2642  0.7215
Y -0.5407 -0.5123 -0.6672
Z  0.5459 -0.8171  0.1850

PART 54
OFFSET  2.1214 -1.1820 -7.1844
X -0.9345  0.2243  0.2763
Y  0.1167  0.9266 -0.3575
Z -0.3362 -0.3019 -0.8921

PART 55
OFFSET  0.5935 -3.4374 -9.6655
X -0.9326 -0.3607  0.0123
Y  0.3609 -0.9325  0.0164
Z  0.0055  0.0197  0.9998

PART 56
OFFSET  2.6454 -2.5097 -9.5494
X -0.0366 -0.9785 -0.2030
Y  0.9852 -0.0012 -0.1716
Z  0.1677 -0.2063  0.9640

PART 57
OFFSET  2.6972 -1.1244 -9.2620
X  0.8385 -0.4827 -0.2528
Y  0.5262  0.8378  0.1457
Z  0.1414 -0.2552  0.9565

PART 58
OFFSET  1.9538 -0.6964 -9.0379
X  0.9109  0.4054 -0.0775
Y -0.3767  0.8933  0.2454
Z  0.1687 -0.1943  0.9663

PART 59
OFFSET  1.0884 -1.0815 -8.9643
X -0.4846 -0.8427 -0.2345
Y -0.8492  0.3889  0.3572
Z -0.2098  0.3723 -0.9041

PART 60
OFFSET  0.5281 -3.6107 -8.9761
X -0.9432 -0.2845 -0.1715
Y  0.2827 -0.9586  0.0351
Z -0.1743 -0.0154  0.9846

PART 61
OFFSET  3.0082 -2.8912 -8.6766
X -0.0797 -0.9925 -0.0928
Y  0.9820 -0.0622 -0.1781
Z  0.1710 -0.1053  0.9796

PART 62
OFFSET  3.1438 -1.2015 -8.5186
X  0.9341 -0.2999 -0.1935
Y  0.3188  0.9449  0.0743
Z  0.1605 -0.1311  0.9783

PART 63
OFFSET  1.8492 -0.7859 -8.2505
X  0.8265  0.5602 -0.0563
Y -0.5413  0.8182  0.1937
Z  0.1546 -0.1296  0.9794

PART 64
OFFSET  0.9528 -1.3934 -8.1894
X -0.3603 -0.9327 -0.0163
Y -0.9233  0.3541  0.1487
Z -0.1329  0.0687 -0.9887

PART 65
OFFSET -4.6066 -4.8698 -10.1197
X -0.8878 -0.3925 -0.2403
Y -0.3718  0.9194 -0.1282
Z  0.2713 -0.0245 -0.9622

PART 66
OFFSET  2.6316 -3.8413 -6.7249
X -0.9519 -0.0123 -0.3063
Y  0.0621 -0.9862 -0.1534
Z -0.3002 -0.1651  0.9395

PART 67
OFFSET  4.3075 -3.8196 -6.1857
X -0.3015 -0.9312 -0.2047
Y  0.9054 -0.3469  0.2446
Z -0.2988 -0.1116  0.9478

PART 68
OFFSET  4.6559 -2.6943 -5.8793
X  0.1135 -0.9813 -0.1557
Y  0.9470  0.0594  0.3158
Z -0.3006 -0.1833  0.9360

PART 69
OFFSET  4.5277 -1.5859 -5.7034
X -0.9764  0.2142  0.0288
Y  0.2162  0.9694  0.1164
Z -0.0030  0.1198 -0.9928

PART 70
OFFSET  2.9711 -3.5797 -7.7432
X -0.2149 -0.9739 -0.0732
Y  0.9763 -0.2162  0.0097
Z -0.0253 -0.0694  0.9973

PART 71
OFFSET  3.3910 -1.6772 -7.6002
X  0.8625 -0.5057 -0.0176
Y  0.5061  0.8620  0.0300
Z -0.0000 -0.0347  0.9994

PART 72
OFFSET  2.1312 -0.9385 -7.5746
X  0.8789  0.4768 -0.0147
Y -0.4770  0.8787 -0.0194
Z  0.0036  0.0240  0.9997

PART 73
OFFSET  1.1354 -1.4781 -7.5650
X -0.3695 -0.9284 -0.0403
Y -0.9279  0.3663  0.0692
Z -0.0494  0.0630 -0.9968

PART 74
OFFSET  0.0000 -0.0000 -0.0000
X  1.0000 -0.0000  0.0000
Y  0.0000  1.0000  0.0000
Z  0.0000 -0.0000  1.0000

PART 75
OFFSET  0.0000 -0.0000 -0.0000
X  1.0000 -0.0000  0.0000
Y  0.0000  1.0000  0.0000
Z  0.0000 -0.0000  1.0000

PART 76
OFFSET  1.5404 -0.0000  4.1357
X  1.0000 -0.0000  0.0000
Y  0.0000  1.0000  0.0000
Z  0.0000 -0.0000  1.0000


FRAME 1806
PART 0
OFFSET  0.0000 -0.0000 -0.0000
X  1.0000 -0.0000  0.0000
Y  0.0000  1.0000  0.0000
Z  0.0000 -0.0000  1.0000

PART 1
OFFSET -4.6318 -0.0000 -1.3770
X  1.0000 -0.0000  0.0000
Y  0.0000  1.0000  0.0000
Z  0.0000 -0.0000  1.0000

PART 2
OFFSET  1.4726  1.7801 -7.3081
X  0.8229  0.4125 -0.3908
Y  0.2887 -0.8959 -0.3377
Z -0.4894  0.1650 -0.8563

PART 3
OFFSET  11.4246  6.7686 -12.0340
X  0.6469 -0.5549  0.5231
Y -0.7626 -0.4697  0.4447
Z -0.0010 -0.6866 -0.7270

PART 4
OFFSET  16.9266  2.0492 -7.5845
X  0.6469 -0.5549  0.5231
Y -0.2559  0.4883  0.8343
Z -0.7184 -0.6736  0.1739

PART 5
OFFSET  18.4288  2.8632 -5.9097
X  0.6514 -0.5502  0.5224
Y  0.0102  0.6949  0.7191
Z -0.7587 -0.4630  0.4583

PART 6
OFFSET  18.5393  1.5749 -8.1432
X  0.6514 -0.5502  0.5224
Y  0.0102  0.6949  0.7191
Z -0.7587 -0.4630  0.4583

PART 7
OFFSET  17.0673  1.2658 -4.9192
X  0.6514 -0.5502  0.5224
Y  0.0102  0.6949  0.7191
Z -0.7587 -0.4630  0.4583

PART 8
OFFSET  16.7770 -0.0477 -6.1408
X  0.6514 -0.5502  0.5224
Y  0.0102  0.6949  0.7191
Z -0.7587 -0.4630  0.4583

PART 9
OFFSET  16.9370 -0.3732 -7.4128
X  0.6514 -0.5502  0.5224
Y  0.0102  0.6949  0.7191
Z -0.7587 -0.4630  0.4583

PART 10
OFFSET  18.9097  0.3482 -5.9807
X  0.9856 -0.1205  0.1187
Y -0.0447  0.4913  0.8699
Z -0.1631 -0.8626  0.4788

PART 11
OFFSET  19.2429  0.4139 -4.8913
X  0.7917 -0.0849  0.6050
Y -0.3282  0.7762  0.5383
Z -0.5153 -0.6247  0.5867

PART 12
OFFSET  20.8899  0.2735 -3.4993
X  0.9721 -0.1524  0.1781
Y -0.0571  0.5829  0.8105
Z -0.2274 -0.7981  0.5579

PART 13
OFFSET  22.4372 -0.0967 -3.1977
X  0.8935  0.0562  0.4455
Y -0.3529  0.7014  0.6193
Z -0.2776 -0.7105  0.6466

PART 14
OFFSET  23.3848 -0.0565 -2.6758
X  0.7652  0.6425  0.0411
Y -0.1995  0.2974 -0.9337
Z -0.6121  0.7063  0.3557

PART 15
OFFSET  19.7585 -0.4542 -6.7149
X  0.6680 -0.7343 -0.1207
Y -0.4540 -0.5306  0.7158
Z -0.5896 -0.4233 -0.6878

PART 16
OFFSET  21.2896 -2.1075 -6.7982
X  0.2243 -0.7104  0.6671
Y -0.8540  0.1865  0.4857
Z -0.4695 -0.6787 -0.5648

PART 17
OFFSET  21.6071 -3.1132 -5.8537
X -0.3158 -0.4420  0.8396
Y -0.8424  0.5378 -0.0338
Z -0.4366 -0.7179 -0.5422

PART 18
OFFSET  21.3271 -3.5051 -5.1093
X -0.6643 -0.1204  0.7377
Y -0.5653  0.7266 -0.3905
Z -0.4889 -0.6764 -0.5508

PART 19
OFFSET  20.6960 -3.6196 -4.4085
X  0.9337 -0.2662 -0.2394
Y -0.0611  0.5406 -0.8391
Z  0.3528  0.7981  0.4885

PART 20
OFFSET  19.9684 -0.0337 -6.1776
X  0.9507 -0.2708 -0.1513
Y -0.1812 -0.8807  0.4376
Z -0.2518 -0.3886 -0.8863

PART 21
OFFSET  22.2981 -1.1337 -6.5258
X  0.3657 -0.8363  0.4084
Y -0.8271 -0.0908  0.5547
Z -0.4269 -0.5406 -0.7249

PART 22
OFFSET  22.9207 -2.5575 -5.8305
X -0.3882 -0.6054  0.6948
Y -0.8255  0.5636  0.0298
Z -0.4096 -0.5620 -0.7186

PART 23
OFFSET  22.3826 -3.3966 -4.8675
X -0.7859 -0.1891  0.5887
Y -0.4654  0.8078 -0.3617
Z -0.4071 -0.5583 -0.7229

PART 24
OFFSET  21.5303 -3.6017 -4.2290
X  0.8897 -0.3340 -0.3112
Y  0.0871  0.7935 -0.6024
Z  0.4481  0.5088  0.7350

PART 25
OFFSET  21.7896  0.2944 -3.9771
X  0.8906 -0.4483  0.0766
Y  0.4406  0.8089 -0.3893
Z  0.1126  0.3805  0.9179

PART 26
OFFSET  22.7770  0.5697 -5.0402
X  0.9052 -0.3881 -0.1730
Y -0.2837 -0.8552  0.4338
Z -0.3163 -0.3436 -0.8843

PART 27
OFFSET  24.3708 -0.1136 -5.3449
X  0.6715 -0.7410  0.0012
Y -0.6715 -0.6078  0.4238
Z -0.3133 -0.2854 -0.9057

PART 28
OFFSET  25.2062 -0.9970 -5.2884
X  0.2288 -0.8986  0.3744
Y -0.9409 -0.1054  0.3220
Z -0.2498 -0.4260 -0.8696

PART 29
OFFSET  25.4647 -2.0120 -4.8654
X  0.7046  0.2679 -0.6571
Y -0.4641  0.8744 -0.1412
Z  0.5368  0.4045  0.7404

PART 30
OFFSET  22.6911 -0.1051 -5.9107
X  0.5902 -0.7939  0.1464
Y -0.7180 -0.4333  0.5447
Z -0.3690 -0.4266 -0.8257

PART 31
OFFSET  23.8441 -1.6560 -5.6246
X -0.2018 -0.8367  0.5092
Y -0.8914  0.3723  0.2585
Z -0.4058 -0.4017 -0.8209

PART 32
OFFSET  23.5493 -2.8780 -4.8808
X -0.7335 -0.3789  0.5643
Y -0.5139  0.8525 -0.0955
Z -0.4449 -0.3600 -0.8201

PART 33
OFFSET  22.7157 -3.3104 -4.2475
X  0.9191 -0.2310 -0.3193
Y  0.0455  0.8670 -0.4962
Z  0.3914  0.4415  0.8074

PART 34
OFFSET  21.3573 -1.5578 -5.3981
X -0.3082 -0.4165 -0.8553
Y  0.1631  0.8626 -0.4788
Z  0.9372 -0.2871 -0.1980

PART 35
OFFSET  4.8209 -2.9446 -5.1388
X  0.9908  0.0375  0.1303
Y -0.0683  0.9681  0.2409
Z -0.1172 -0.2476  0.9618

PART 36
OFFSET  4.8209 -2.9446 -5.1388
X  0.9908  0.0375  0.1303
Y -0.0683  0.9681  0.2409
Z -0.1172 -0.2476  0.9618

PART 37
OFFSET  9.8156 -3.6025 -2.2485
X  0.9882  0.0324  0.1500
Y -0.0683  0.9681  0.2409
Z -0.1374 -0.2483  0.9589

PART 38
OFFSET  14.2496 -2.0006 -6.2621
X  0.9908  0.0375  0.1303
Y -0.0683  0.9681  0.2409
Z -0.1172 -0.2476  0.9618

PART 39
OFFSET  19.1993 -2.5696 -3.9695
X  0.9132  0.4072 -0.0135
Y  0.1353 -0.3345 -0.9326
Z -0.3843  0.8499 -0.3606

PART 40
OFFSET -7.7087 -3.0646 -8.1492
X  0.8601 -0.0652  0.5059
Y -0.0683  0.9681  0.2409
Z -0.5055 -0.2418  0.8283

PART 41
OFFSET  24.5189 -1.1123 -6.9205
X  0.0683 -0.9681 -0.2409
Y  0.9908  0.0375  0.1303
Z -0.1172 -0.2476  0.9618

PART 42
OFFSET  8.9601 -2.8415 -4.3178
X  0.9908  0.0375  0.1303
Y -0.0683  0.9681  0.2409
Z -0.1172 -0.2476  0.9618

PART 43
OFFSET  27.9018 -1.8839 -2.7928
X  0.9908  0.0375  0.1303
Y -0.0683  0.9681  0.2409
Z -0.1172 -0.2476  0.9618

PART 44
OFFSET -17.6076 -4.8127 -7.0611
X -0.7235  0.1011  0.6829
Y -0.3089 -0.9321 -0.1892
Z  0.6174 -0.3478  0.7056

PART 45
OFFSET -8.8576 -6.0354 -15.3197
X -0.8027 -0.1559 -0.5757
Y  0.5944 -0.1298 -0.7936
Z  0.0490 -0.9792  0.1969

PART 46
OFFSET -2.0304 -4.7097 -10.4234
X -0.8027 -0.1559 -0.5757
Y  0.5733  0.0645 -0.8168
Z  0.1645 -0.9857  0.0376

PART 47
OFFSET -1.3387 -3.2249 -9.2912
X -0.8063 -0.1522 -0.5716
Y -0.0553  0.9815 -0.1833
Z  0.5889 -0.1162 -0.7998

PART 48
OFFSET -1.5444 -3.7316 -8.2008
X -0.8063 -0.1522 -0.5716
Y -0.0553  0.9815 -0.1833
Z  0.5889 -0.1162 -0.7998

PART 49
OFFSET -1.3138 -5.0641 -7.9900
X -0.8063 -0.1522 -0.5716
Y -0.0553  0.9815 -0.1833
Z  0.5889 -0.1162 -0.7998

PART 50
OFFSET  0.4304 -4.2318 -8.6585
X -0.9054 -0.1081 -0.4106
Y  0.4048  0.0721 -0.9115
Z  0.1282 -0.9915 -0.0215

PART 51
OFFSET  0.3944 -3.8457 -7.5854
X -0.3844 -0.5417 -0.7475
Y  0.6516  0.4143 -0.6354
Z  0.6539 -0.7313  0.1937

PART 52
OFFSET  1.1225 -2.6773 -5.9197
X -0.9002 -0.4335  0.0409
Y  0.0749 -0.2466 -0.9662
Z  0.4289 -0.8668  0.2545

PART 53
OFFSET  2.5323 -1.8951 -6.0718
X -0.6263 -0.2500  0.7384
Y -0.5569 -0.5194 -0.6482
Z  0.5456 -0.8172  0.1860

PART 54
OFFSET  3.1940 -1.5785 -6.8679
X -0.9275  0.2333  0.2921
Y  0.1139  0.9205 -0.3737
Z -0.3560 -0.3134 -0.8804

PART 55
OFFSET  1.6041 -3.8627 -9.2828
X -0.9339 -0.3556  0.0368
Y  0.3565 -0.9340  0.0230
Z  0.0262  0.0346  0.9991

PART 56
OFFSET  3.6626 -2.9442 -9.2229
X -0.0456 -0.9812 -0.1875
Y  0.9814 -0.0090 -0.1918
Z  0.1865 -0.1927  0.9634

PART 57
OFFSET  3.7272 -1.5550 -8.9574
X  0.8307 -0.4908 -0.2627
Y  0.5332  0.8371  0.1222
Z  0.1599 -0.2416  0.9571

PART 58
OFFSET  2.9906 -1.1198 -8.7246
X  0.9111  0.3994 -0.1023
Y -0.3671  0.8988  0.2396
Z  0.1876 -0.1807  0.9655

PART 59
OFFSET  2.1251 -1.4993 -8.6274
X -0.4935 -0.8436 -0.2118
Y -0.8397  0.3987  0.3687
Z -0.2266  0.3598 -0.9051

PART 60
OFFSET  1.5521 -4.0253 -8.5897
X -0.9480 -0.2820 -0.1477
Y  0.2786 -0.9594  0.0437
Z -0.1541  0.0002  0.9881

PART 61
OFFSET  4.0414 -3.3145 -8.3520
X -0.0865 -0.9933 -0.0762
Y  0.9778 -0.0700 -0.1973
Z  0.1906 -0.0916  0.9774

PART 62
OFFSET  4.1886 -1.6234 -8.2223
X  0.9285 -0.3077 -0.2081
Y  0.3249  0.9442  0.0535
Z  0.1800 -0.1173  0.9766

PART 63
OFFSET  2.9019 -1.1969 -7.9339
X  0.8279  0.5549 -0.0817
Y -0.5332  0.8238  0.1925
Z  0.1741 -0.1158  0.9779

PART 64
OFFSET  2.0040 -1.7988 -7.8453
X -0.3652 -0.9309  0.0051
Y -0.9183  0.3611  0.1623
Z -0.1530  0.0546 -0.9867

PART 65
OFFSET -3.6113 -5.2743 -9.6083
X -0.8945 -0.3914 -0.2161
Y -0.3698  0.9193 -0.1344
Z  0.2512 -0.0403 -0.9671

PART 66
OFFSET  3.7005 -4.2333 -6.3789
X -0.9580 -0.0119 -0.2864
Y  0.0541 -0.9887 -0.1398
Z -0.2815 -0.1494  0.9478

PART 67
OFFSET  5.3872 -4.2124 -5.8746
X -0.3103 -0.9326 -0.1844
Y  0.9086 -0.3480  0.2311
Z -0.2797 -0.0958  0.9553

PART 68
OFFSET  5.7475 -3.0845 -5.5924
X  0.1054 -0.9841 -0.1432
Y  0.9536  0.0592  0.2954
Z -0.2822 -0.1677  0.9446

PART 69
OFFSET  5.6284 -1.9729 -5.4307
X -0.9745  0.2198  0.0457
Y  0.2233  0.9699  0.0973
Z -0.0229  0.1050 -0.9942

PART 70
OFFSET  4.0201 -3.9888 -7.4078
X -0.2212 -0.9737 -0.0541
Y  0.9752 -0.2212 -0.0071
Z -0.0051 -0.0543  0.9985

PART 71
OFFSET  4.4523 -2.0866 -7.3021
X  0.8594 -0.5105 -0.0277
Y  0.5108  0.8597  0.0066
Z  0.0204 -0.0198  0.9996

PART 72
OFFSET  3.1970 -1.3409 -7.2617
X  0.8808  0.4719 -0.0399
Y -0.4730  0.8808 -0.0228
Z  0.0244  0.0389  0.9989

PART 73
OFFSET  2.1990 -1.8751 -7.2236
X -0.3748 -0.9269 -0.0187
Y -0.9245  0.3722  0.0827
Z -0.0697  0.0483 -0.9964

PART 74
OFFSET  0.0000 -0.0000 -0.0000
X  1.0000 -0.0000  0.0000
Y  0.0000  1.0000  0.0000
Z  0.0000 -0.0000  1.0000

PART 75
OFFSET  0.0000 -0.0000 -0.0000
X  1.0000 -0.0000  0.0000
Y  0.0000  1.0000  0.0000
Z  0.0000 -0.0000  1.0000

PART 76
OFFSET  1.5404 -0.0000  4.1357
X  1.0000 -0.0000  0.0000
Y  0.0000  1.0000  0.0000
Z  0.0000 -0.0000  1.0000


FRAME 1807
PART 0
OFFSET  0.0000 -0.0000 -0.0000
X  1.0000 -0.0000  0.0000
Y  0.0000  1.0000  0.0000
Z  0.0000 -0.0000  1.0000

PART 1
OFFSET -4.6318 -0.0000 -1.3770
X  1.0000 -0.0000  0.0000
Y  0.0000  1.0000  0.0000
Z  0.0000 -0.0000  1.0000

PART 2
OFFSET  1.0833  2.1367 -7.2616
X  0.7866  0.4216 -0.4511
Y  0.2787 -0.8943 -0.3500
Z -0.5510  0.1496 -0.8210

PART 3
OFFSET  10.5962  7.2360 -12.7173
X  0.5512 -0.6164  0.5623
Y -0.8333 -0.3735  0.4074
Z -0.0411 -0.6932 -0.7196

PART 4
OFFSET  15.2846  1.9932 -7.9347
X  0.5512 -0.6164  0.5623
Y -0.6536  0.0999  0.7502
Z -0.5186 -0.7811 -0.3478

PART 5
OFFSET  16.7799  2.6575 -6.1892
X  0.5563 -0.6123  0.5618
Y  0.0516  0.7002  0.7121
Z -0.8294 -0.3671  0.4211

PART 6
OFFSET  16.8599  1.3309 -8.4014
X  0.5563 -0.6123  0.5618
Y  0.0516  0.7002  0.7121
Z -0.8294 -0.3671  0.4211

PART 7
OFFSET  15.1955  1.2398 -5.2585
X  0.5563 -0.6123  0.5618
Y  0.0516  0.7002  0.7121
Z -0.8294 -0.3671  0.4211

PART 8
OFFSET  14.8219 -0.0510 -6.4817
X  0.5563 -0.6123  0.5618
Y  0.0516  0.7002  0.7121
Z -0.8294 -0.3671  0.4211

PART 9
OFFSET  15.0102 -0.4119 -7.7402
X  0.5563 -0.6123  0.5618
Y  0.0516  0.7002  0.7121
Z -0.8294 -0.3671  0.4211

PART 10
OFFSET  16.9745  0.1034 -6.2109
X  0.9896  0.1332  0.0542
Y -0.0903  0.2828  0.9549
Z  0.1118 -0.9499  0.2919

PART 11
OFFSET  17.3784  0.0462 -5.1451
X  0.6789 -0.0661  0.7313
Y -0.6005  0.5233  0.6047
Z -0.4226 -0.8496  0.3155

PART 12
OFFSET  18.7599 -0.0914 -3.4891
X  0.9348  0.0246  0.3543
Y -0.3457  0.2914  0.8919
Z -0.0813 -0.9563  0.2809

PART 13
OFFSET  20.2805 -0.1762 -2.9389
X  0.7254  0.1531  0.6710
Y -0.6645  0.4096  0.6250
Z -0.1792 -0.8993  0.3989

PART 14
OFFSET  21.0455 -0.0449 -2.1843
X  0.5137  0.7751  0.3679
Y -0.0839  0.4722 -0.8775
Z -0.8539  0.4199  0.3076

PART 15
OFFSET  17.9312 -0.2787 -7.1285
X  0.8587 -0.2973 -0.4174
Y -0.0380 -0.8492  0.5267
Z -0.5111 -0.4365 -0.7405

PART 16
OFFSET  19.9303 -0.9873 -7.8940
X  0.9168 -0.3947  0.0603
Y -0.2521 -0.4549  0.8541
Z -0.3096 -0.7983 -0.5166

PART 17
OFFSET  21.2284 -1.5461 -7.8085
X  0.8408 -0.4585  0.2877
Y -0.4765 -0.3748  0.7953
Z -0.2568 -0.8058 -0.5336

PART 18
OFFSET  21.9738 -1.9527 -7.5534
X  0.7886 -0.4955  0.3643
Y -0.5392 -0.2724  0.7969
Z -0.2956 -0.8248 -0.4819

PART 19
OFFSET  22.7230 -2.4234 -7.2073
X -0.2219  0.6692 -0.7092
Y -0.9519  0.0090  0.3063
Z  0.2113  0.7430  0.6350

PART 20
OFFSET  18.0732  0.0712 -6.5227
X  0.9702  0.0341 -0.2400
Y  0.0954 -0.9639  0.2486
Z -0.2228 -0.2640 -0.9384

PART 21
OFFSET  20.5828 -0.0711 -7.1863
X  0.9070 -0.3998 -0.1324
Y -0.2126 -0.7061  0.6755
Z -0.3635 -0.5845 -0.7254

PART 22
OFFSET  22.1270 -0.7517 -7.4117
X  0.7817 -0.6100  0.1298
Y -0.5248 -0.5309  0.6654
Z -0.3370 -0.5882 -0.7351

PART 23
OFFSET  23.2103 -1.5971 -7.2318
X  0.5873 -0.7442  0.3183
Y -0.7334 -0.3230  0.5981
Z -0.3423 -0.5847 -0.7355

PART 24
OFFSET  23.8473 -2.4042 -6.8866
X -0.0791  0.7655 -0.6386
Y -0.9221  0.1873  0.3386
Z  0.3788  0.6156  0.6910

PART 25
OFFSET  19.9417  0.4539 -4.3712
X  0.9797 -0.1935 -0.0525
Y  0.1771  0.9579 -0.2260
Z  0.0941  0.2121  0.9727

PART 26
OFFSET  20.7209  1.1886 -5.3881
X  0.9879 -0.0201 -0.1536
Y  0.0213 -0.9645  0.2632
Z -0.1534 -0.2633 -0.9524

PART 27
OFFSET  22.4603  1.1533 -5.6585
X  0.9692 -0.1899 -0.1571
Y -0.1495 -0.9597  0.2381
Z -0.1960 -0.2073 -0.9584

PART 28
OFFSET  23.6504  0.9350 -5.7912
X  0.9453 -0.3259  0.0159
Y -0.3177 -0.9083  0.2720
Z -0.0741 -0.2622 -0.9622

PART 29
OFFSET  24.7181  0.5669 -5.7732
X -0.0418  0.8523 -0.5214
Y -0.9782  0.0713  0.1949
Z  0.2033  0.5181  0.8308

PART 30
OFFSET  20.7334  0.6972 -6.3774
X  0.9331 -0.3504 -0.0814
Y -0.2650 -0.8225  0.5033
Z -0.2433 -0.4481 -0.8602

PART 31
OFFSET  22.5562  0.0126 -6.5365
X  0.8192 -0.5728  0.0293
Y -0.4970 -0.6835  0.5346
Z -0.2863 -0.4525 -0.8446

PART 32
OFFSET  23.7526 -0.8240 -6.4938
X  0.6398 -0.7494  0.1704
Y -0.6936 -0.4676  0.5480
Z -0.3310 -0.4688 -0.8189

PART 33
OFFSET  24.4754 -1.6758 -6.3070
X -0.0265  0.9032 -0.4283
Y -0.9647  0.0893  0.2478
Z  0.2621  0.4198  0.8690

PART 34
OFFSET  19.8766 -1.1355 -6.1338
X -0.2670 -0.3117 -0.9119
Y -0.1118  0.9499 -0.2919
Z  0.9572  0.0240 -0.2885

PART 35
OFFSET  6.9355 -3.7768 -4.5789
X  0.9963  0.0217  0.0830
Y -0.0393  0.9754  0.2170
Z -0.0763 -0.2195  0.9726

PART 36
OFFSET  6.9355 -3.7768 -4.5789
X  0.9963  0.0217  0.0830
Y -0.0393  0.9754  0.2170
Z -0.0763 -0.2195  0.9726

PART 37
OFFSET  12.0478 -4.4543 -1.9071
X  0.9945  0.0172  0.1029
Y -0.0393  0.9754  0.2170
Z -0.0966 -0.2199  0.9707

PART 38
OFFSET  16.3166 -3.0467 -6.1652
X  0.9963  0.0217  0.0830
Y -0.0393  0.9754  0.2170
Z -0.0763 -0.2195  0.9726

PART 39
OFFSET  21.3575 -3.6503 -4.0906
X  0.9188  0.3889 -0.0672
Y  0.0852 -0.3618 -0.9283
Z -0.3853  0.8473 -0.3656

PART 40
OFFSET -5.7219 -3.7335 -6.9986
X  0.8816 -0.0684  0.4669
Y -0.0393  0.9754  0.2170
Z -0.4703 -0.2097  0.8572

PART 41
OFFSET  26.5580 -2.3761 -7.3250
X  0.0393 -0.9754 -0.2170
Y  0.9963  0.0217  0.0830
Z -0.0763 -0.2195  0.9726

PART 42
OFFSET  11.1099 -3.7323 -3.9545
X  0.9963  0.0217  0.0830
Y -0.0393  0.9754  0.2170
Z -0.0763 -0.2195  0.9726

PART 43
OFFSET  30.1166 -3.1029 -3.3394
X  0.9963  0.0217  0.0830
Y -0.0393  0.9754  0.2170
Z -0.0763 -0.2195  0.9726

PART 44
OFFSET -17.6076 -4.8127 -7.0611
X -0.8297  0.0796  0.5525
Y -0.2911 -0.9062 -0.3066
Z  0.4763 -0.4152  0.7750

PART 45
OFFSET -7.5735 -5.7752 -13.7434
X -0.8586 -0.0608 -0.5090
Y  0.5126 -0.1166 -0.8507
Z -0.0077 -0.9913  0.1313

PART 46
OFFSET -0.2706 -5.2583 -9.4141
X -0.8586 -0.0608 -0.5090
Y  0.5078  0.0351 -0.8608
Z  0.0702 -0.9975  0.0007

PART 47
OFFSET  0.6250 -3.9048 -8.2605
X -0.8616 -0.0571 -0.5044
Y  0.0027  0.9931 -0.1171
Z  0.5076 -0.1023 -0.8555

PART 48
OFFSET  0.4765 -4.4686 -7.1891
X -0.8616 -0.0571 -0.5044
Y  0.0027  0.9931 -0.1171
Z  0.5076 -0.1023 -0.8555

PART 49
OFFSET  0.6241 -5.8250 -7.0820
X -0.8616 -0.0571 -0.5044
Y  0.0027  0.9931 -0.1171
Z  0.5076 -0.1023 -0.8555

PART 50
OFFSET  2.3617 -5.0719 -7.8537
X -0.9255 -0.1014 -0.3649
Y  0.3628  0.0398 -0.9310
Z  0.1090 -0.9940 -0.0001

PART 51
OFFSET  2.3832 -4.6566 -6.7911
X -0.4290 -0.5539 -0.7136
Y  0.6284  0.3844 -0.6762
Z  0.6489 -0.7385  0.1832

PART 52
OFFSET  3.2100 -3.4585 -5.1940
X -0.9051 -0.4146  0.0947
Y  0.0249 -0.2738 -0.9615
Z  0.4246 -0.8678  0.2581

PART 53
OFFSET  4.6250 -2.7083 -5.4330
X -0.5953 -0.2180  0.7734
Y -0.5961 -0.5256 -0.6070
Z  0.5388 -0.8223  0.1829

PART 54
OFFSET  5.2542 -2.4260 -6.2674
X -0.9084  0.2590  0.3283
Y  0.1129  0.9078 -0.4039
Z -0.4027 -0.3298 -0.8539

PART 55
OFFSET  3.5112 -4.7425 -8.5418
X -0.9375 -0.3363  0.0901
Y  0.3402 -0.9398  0.0321
Z  0.0738  0.0608  0.9954

PART 56
OFFSET  5.5866 -3.8629 -8.6031
X -0.0722 -0.9848 -0.1580
Y  0.9710 -0.0332 -0.2369
Z  0.2281 -0.1705  0.9586

PART 57
OFFSET  5.6889 -2.4687 -8.3794
X  0.8084 -0.5137 -0.2874
Y  0.5535  0.8295  0.0741
Z  0.2003 -0.2190  0.9549

PART 58
OFFSET  4.9721 -2.0132 -8.1246
X  0.9124  0.3787 -0.1555
Y -0.3390  0.9118  0.2315
Z  0.2295 -0.1585  0.9603

PART 59
OFFSET  4.1053 -2.3730 -7.9768
X -0.5182 -0.8392 -0.1653
Y -0.8141  0.4246  0.3962
Z -0.2623  0.3399 -0.9032

PART 60
OFFSET  3.4889 -4.8855 -7.8428
X -0.9588 -0.2674 -0.0956
Y  0.2629 -0.9631  0.0571
Z -0.1074  0.0296  0.9938

PART 61
OFFSET  5.9992 -4.2172 -7.7409
X -0.1080 -0.9931 -0.0447
Y  0.9660 -0.0942 -0.2406
Z  0.2347 -0.0691  0.9696

PART 62
OFFSET  6.1830 -2.5263 -7.6649
X  0.9119 -0.3311 -0.2425
Y  0.3442  0.9388  0.0123
Z  0.2236 -0.0946  0.9701

PART 63
OFFSET  4.9192 -2.0674 -7.3288
X  0.8331  0.5363 -0.1354
Y -0.5085  0.8389  0.1943
Z  0.2178 -0.0930  0.9716

PART 64
OFFSET  4.0157 -2.6491 -7.1819
X -0.3814 -0.9232  0.0478
Y -0.9029  0.3831  0.1949
Z -0.1982  0.0312 -0.9797

PART 65
OFFSET -1.7385 -6.0606 -8.5853
X -0.9106 -0.3796 -0.1633
Y -0.3589  0.9224 -0.1424
Z  0.2047 -0.0710 -0.9762

PART 66
OFFSET  5.7348 -5.0761 -5.7295
X -0.9705 -0.0009 -0.2411
Y  0.0295 -0.9929 -0.1149
Z -0.2393 -0.1186  0.9637

PART 67
OFFSET  7.4435 -5.0745 -5.3050
X -0.3355 -0.9310 -0.1440
Y  0.9119 -0.3593  0.1981
Z -0.2362 -0.0648  0.9695

PART 68
OFFSET  7.8370 -3.9467 -5.0711
X  0.0806 -0.9894 -0.1207
Y  0.9673  0.0485  0.2489
Z -0.2404 -0.1369  0.9610

PART 69
OFFSET  7.7459 -2.8291 -4.9347
X -0.9671  0.2398  0.0849
Y  0.2452  0.9676  0.0600
Z -0.0677  0.0788 -0.9946

PART 70
OFFSET  6.0101 -4.8654 -6.7785
X -0.2412 -0.9703 -0.0168
Y  0.9696 -0.2402 -0.0463
Z  0.0409 -0.0275  0.9988

PART 71
OFFSET  6.4812 -2.9698 -6.7456
X  0.8478 -0.5277 -0.0535
Y  0.5261  0.8494 -0.0409
Z  0.0671  0.0065  0.9977

PART 72
OFFSET  5.2430 -2.1991 -6.6674
X  0.8863  0.4534 -0.0938
Y -0.4574  0.8889 -0.0250
Z  0.0720  0.0651  0.9953

PART 73
OFFSET  4.2383 -2.7125 -6.5682
X -0.3921 -0.9196  0.0243
Y -0.9126  0.3922  0.1153
Z -0.1156  0.0230 -0.9930

PART 74
OFFSET  0.0000 -0.0000 -0.0000
X  1.0000 -0.0000  0.0000
Y  0.0000  1.0000  0.0000
Z  0.0000 -0.0000  1.0000

PART 75
OFFSET  0.0000 -0.0000 -0.0000
X  1.0000 -0.0000  0.0000
Y  0.0000  1.0000  0.0000
Z  0.0000 -0.0000  1.0000

PART 76
OFFSET  1.5404 -0.0000  4.1357
X  1.0000 -0.0000  0.0000
Y  0.0000  1.0000  0.0000
Z  0.0000 -0.0000  1.0000


FRAME 1808
PART 0
OFFSET  0.0000 -0.0000 -0.0000
X  1.0000 -0.0000  0.0000
Y  0.0000  1.0000  0.0000
Z  0.0000 -0.0000  1.0000

PART 1
OFFSET -4.6318 -0.0000 -1.3770
X  1.0000 -0.0000  0.0000
Y  0.0000  1.0000  0.0000
Z  0.0000 -0.0000  1.0000

PART 2
OFFSET  0.5097  2.6622 -7.1929
X  0.7173  0.4412 -0.5393
Y  0.2667 -0.8889 -0.3725
Z -0.6437  0.1234 -0.7552

PART 3
OFFSET  9.1843  7.9983 -13.7151
X  0.5092 -0.6447  0.5702
Y -0.8550 -0.3029  0.4210
Z -0.0987 -0.7018 -0.7055

PART 4
OFFSET  13.5149  2.5147 -8.8656
X  0.5092 -0.6447  0.5702
Y -0.8530 -0.2900  0.4339
Z -0.1144 -0.7073 -0.6976

PART 5
OFFSET  15.0708  3.0997 -7.1448
X  0.5145 -0.6410  0.5696
Y  0.1096  0.7079  0.6977
Z -0.8505 -0.2966  0.4345

PART 6
OFFSET  15.0327  1.7288 -9.3310
X  0.5145 -0.6410  0.5696
Y  0.1096  0.7079  0.6977
Z -0.8505 -0.2966  0.4345

PART 7
OFFSET  13.3943  1.8213 -6.1745
X  0.5145 -0.6410  0.5696
Y  0.1096  0.7079  0.6977
Z -0.8505 -0.2966  0.4345

PART 8
OFFSET  12.9154  0.5386 -7.3692
X  0.5145 -0.6410  0.5696
Y  0.1096  0.7079  0.6977
Z -0.8505 -0.2966  0.4345

PART 9
OFFSET  13.0652  0.1407 -8.6217
X  0.5145 -0.6410  0.5696
Y  0.1096  0.7079  0.6977
Z -0.8505 -0.2966  0.4345

PART 10
OFFSET  15.0758  0.5382 -7.1176
X  0.9478  0.3187  0.0059
Y -0.0562  0.1488  0.9873
Z  0.3138 -0.9361  0.1589

PART 11
OFFSET  15.5768  0.4408 -6.0969
X  0.6597 -0.0883  0.7463
Y -0.6854  0.3365  0.6457
Z -0.3082 -0.9375  0.1614

PART 12
OFFSET  16.9148  0.2316 -4.4130
X  0.9098  0.0965  0.4037
Y -0.4112  0.0773  0.9082
Z  0.0565 -0.9923  0.1100

PART 13
OFFSET  18.4144  0.2718 -3.8031
X  0.6511  0.1418  0.7456
Y -0.7572  0.1890  0.6252
Z -0.0522 -0.9717  0.2304

PART 14
OFFSET  19.1032  0.3839 -2.9756
X  0.3581  0.7678  0.5313
Y -0.1097  0.5997 -0.7927
Z -0.9272  0.2256  0.2990

PART 15
OFFSET  16.0015  0.4594 -8.1376
X  0.8478  0.0397 -0.5289
Y  0.2638 -0.8967  0.3556
Z -0.4601 -0.4409 -0.7706

PART 16
OFFSET  18.0056  0.5028 -9.1701
X  0.9375 -0.0000 -0.3480
Y  0.2933 -0.5381  0.7902
Z -0.1873 -0.8429 -0.5045

PART 17
OFFSET  19.3330  0.5028 -9.6627
X  0.9549  0.0236 -0.2959
Y  0.2579 -0.5596  0.7876
Z -0.1469 -0.8284 -0.5405

PART 18
OFFSET  20.1796  0.5238 -9.9250
X  0.9183  0.0714 -0.3893
Y  0.3710 -0.4983  0.7836
Z -0.1380 -0.8641 -0.4841

PART 19
OFFSET  21.0521  0.5916 -10.2949
X -0.9153  0.3831 -0.1242
Y -0.3283 -0.5313  0.7810
Z  0.2332  0.7556  0.6121

PART 20
OFFSET  16.1288  0.7591 -7.5024
X  0.9212  0.2520 -0.2966
Y  0.2965 -0.9481  0.1153
Z -0.2522 -0.1941 -0.9480

PART 21
OFFSET  18.5399  1.2875 -8.3184
X  0.9086  0.0638 -0.4128
Y  0.3009 -0.7854  0.5409
Z -0.2897 -0.6157 -0.7328

PART 22
OFFSET  20.0868  1.3961 -9.0212
X  0.9386  0.0107 -0.3448
Y  0.2169 -0.7954  0.5660
Z -0.2682 -0.6061 -0.7488

PART 23
OFFSET  21.3876  1.4109 -9.4990
X  0.9586 -0.1094 -0.2629
Y  0.0780 -0.7872  0.6117
Z -0.2739 -0.6069 -0.7461

PART 24
OFFSET  22.4272  1.2923 -9.7842
X -0.8434  0.5095 -0.1707
Y -0.4738 -0.5555  0.6833
Z  0.2533  0.6572  0.7099

PART 25
OFFSET  18.0767  1.2553 -5.4466
X  0.9899  0.0108 -0.1412
Y -0.0268  0.9934 -0.1116
Z  0.1390  0.1143  0.9837

PART 26
OFFSET  18.6101  2.2403 -6.4090
X  0.9645  0.2186 -0.1483
Y  0.2397 -0.9601  0.1439
Z -0.1110 -0.1744 -0.9784

PART 27
OFFSET  20.3082  2.6251 -6.6701
X  0.9603  0.1943 -0.2002
Y  0.2161 -0.9719  0.0936
Z -0.1764 -0.1331 -0.9753

PART 28
OFFSET  21.4864  2.8693 -6.8542
X  0.9669  0.2404 -0.0859
Y  0.2491 -0.9621  0.1109
Z -0.0560 -0.1286 -0.9901

PART 29
OFFSET  22.5785  3.1409 -6.9512
X -0.5554  0.7541 -0.3507
Y -0.8315 -0.4977  0.2467
Z  0.0115  0.4286  0.9034

PART 30
OFFSET  18.6263  1.8770 -7.4522
X  0.9787  0.0149 -0.2046
Y  0.1020 -0.9007  0.4223
Z -0.1780 -0.4342 -0.8830

PART 31
OFFSET  20.5383  1.9060 -7.8519
X  0.9617  0.0577 -0.2680
Y  0.1721 -0.8880  0.4264
Z -0.2133 -0.4562 -0.8639

PART 32
OFFSET  21.9429  1.9903 -8.2433
X  0.9647 -0.0046 -0.2635
Y  0.1272 -0.8675  0.4808
Z -0.2308 -0.4974 -0.8363

PART 33
OFFSET  23.0338  1.9823 -8.5480
X -0.8062  0.5894 -0.0516
Y -0.5393 -0.6962  0.4737
Z  0.2433  0.4098  0.8792

PART 34
OFFSET  18.1540 -0.1043 -7.3914
X -0.2840 -0.2523 -0.9250
Y -0.3138  0.9361 -0.1589
Z  0.9060  0.2451 -0.3451

PART 35
OFFSET  8.2772 -4.6057 -4.2938
X  0.9993 -0.0175  0.0329
Y  0.0103  0.9785  0.2061
Z -0.0358 -0.2056  0.9780

PART 36
OFFSET  8.2772 -4.6057 -4.2938
X  0.9993 -0.0175  0.0329
Y  0.0103  0.9785  0.2061
Z -0.0358 -0.2056  0.9780

PART 37
OFFSET  13.4867 -5.4587 -1.8717
X  0.9984 -0.0217  0.0529
Y  0.0103  0.9785  0.2061
Z -0.0562 -0.2052  0.9771

PART 38
OFFSET  17.5880 -4.2704 -6.3553
X  0.9993 -0.0175  0.0329
Y  0.0103  0.9785  0.2061
Z -0.0358 -0.2056  0.9780

PART 39
OFFSET  22.6991 -5.0534 -4.5270
X  0.9290  0.3509 -0.1180
Y  0.0240 -0.3751 -0.9267
Z -0.3694  0.8580 -0.3569

PART 40
OFFSET -4.4744 -4.0803 -6.0796
X  0.9006 -0.0987  0.4232
Y  0.0103  0.9785  0.2061
Z -0.4345 -0.1812  0.8823

PART 41
OFFSET  27.7765 -4.0245 -8.0329
X -0.0103 -0.9785 -0.2061
Y  0.9993 -0.0175  0.0329
Z -0.0358 -0.2056  0.9780

PART 42
OFFSET  12.4762 -4.7220 -3.8790
X  0.9993 -0.0175  0.0329
Y  0.0103  0.9785  0.2061
Z -0.0358 -0.2056  0.9780

PART 43
OFFSET  31.4998 -4.8500 -4.2207
X  0.9993 -0.0175  0.0329
Y  0.0103  0.9785  0.2061
Z -0.0358 -0.2056  0.9780

PART 44
OFFSET -17.6076 -4.8127 -7.0611
X -0.8896  0.0791  0.4499
Y -0.2689 -0.8868 -0.3758
Z  0.3692 -0.4553  0.8102

PART 45
OFFSET -6.8491 -5.7690 -12.5019
X -0.8941 -0.0015 -0.4479
Y  0.4458 -0.0994 -0.8896
Z -0.0432 -0.9950  0.0896

PART 46
OFFSET  0.7555 -5.7563 -8.6924
X -0.8941 -0.0015 -0.4479
Y  0.4479  0.0063 -0.8941
Z  0.0042 -1.0000 -0.0050

PART 47
OFFSET  1.7900 -4.4953 -7.5503
X -0.8966  0.0021 -0.4429
Y  0.0394  0.9964 -0.0750
Z  0.4411 -0.0847 -0.8934

PART 48
OFFSET  1.6918 -5.1004 -6.4957
X -0.8966  0.0021 -0.4429
Y  0.0394  0.9964 -0.0750
Z  0.4411 -0.0847 -0.8934

PART 49
OFFSET  1.7851 -6.4652 -6.4569
X -0.8966  0.0021 -0.4429
Y  0.0394  0.9964 -0.0750
Z  0.4411 -0.0847 -0.8934

PART 50
OFFSET  3.4965 -5.7517 -7.3194
X -0.9460 -0.0682 -0.3170
Y  0.3167  0.0151 -0.9484
Z  0.0694 -0.9976  0.0073

PART 51
OFFSET  3.5879 -5.3260 -6.2646
X -0.4859 -0.5440 -0.6840
Y  0.6083  0.3515 -0.7116
Z  0.6276 -0.7619  0.1601

PART 52
OFFSET  4.5409 -4.1447 -4.7263
X -0.9148 -0.3769  0.1450
Y -0.0344 -0.2850 -0.9579
Z  0.4023 -0.8813  0.2478

PART 53
OFFSET  5.9706 -3.4546 -5.0454
X -0.5637 -0.1855  0.8049
Y -0.6463 -0.5078 -0.5696
Z  0.5143 -0.8413  0.1664

PART 54
OFFSET  6.5677 -3.2070 -5.9137
X -0.8797  0.2989  0.3699
Y  0.1282  0.8981 -0.4207
Z -0.4579 -0.3227 -0.8284

PART 55
OFFSET  4.6221 -5.4763 -8.0681
X -0.9443 -0.2973  0.1410
Y  0.3039 -0.9523  0.0273
Z  0.1262  0.0686  0.9896

PART 56
OFFSET  6.7249 -4.6815 -8.2442
X -0.1190 -0.9828 -0.1415
Y  0.9557 -0.0748 -0.2846
Z  0.2691 -0.1691  0.9482

PART 57
OFFSET  6.8934 -3.2902 -8.0439
X  0.7719 -0.5489 -0.3207
Y  0.5890  0.8074  0.0357
Z  0.2393 -0.2164  0.9465

PART 58
OFFSET  6.2090 -2.8035 -7.7596
X  0.9176  0.3400 -0.2057
Y -0.2906  0.9272  0.2363
Z  0.2711 -0.1571  0.9496

PART 59
OFFSET  5.3372 -3.1265 -7.5642
X -0.5586 -0.8194 -0.1283
Y -0.7756  0.4613  0.4308
Z -0.2938  0.3402 -0.8933

PART 60
OFFSET  4.6294 -5.6107 -7.3671
X -0.9723 -0.2297 -0.0442
Y  0.2271 -0.9722  0.0564
Z -0.0560  0.0448  0.9974

PART 61
OFFSET  7.1660 -5.0426 -7.3992
X -0.1493 -0.9884 -0.0264
Y  0.9482 -0.1356 -0.2872
Z  0.2803 -0.0679  0.9575

PART 62
OFFSET  7.4203 -3.3598 -7.3543
X  0.8847 -0.3701 -0.2833
Y  0.3812  0.9243 -0.0171
Z  0.2682 -0.0929  0.9589

PART 63
OFFSET  6.1941 -2.8468 -6.9616
X  0.8458  0.5009 -0.1837
Y -0.4644  0.8607  0.2085
Z  0.2626 -0.0910  0.9606

PART 64
OFFSET  5.2768 -3.3901 -6.7623
X -0.4147 -0.9065  0.0787
Y -0.8761  0.4212  0.2347
Z -0.2459  0.0284 -0.9689

PART 65
OFFSET -0.6712 -6.5829 -7.8327
X -0.9320 -0.3444 -0.1128
Y -0.3289  0.9345 -0.1362
Z  0.1523 -0.0898 -0.9842

PART 66
OFFSET  6.9695 -5.8682 -5.3662
X -0.9807  0.0354 -0.1924
Y -0.0157 -0.9945 -0.1033
Z -0.1950 -0.0983  0.9759

PART 67
OFFSET  8.6961 -5.9306 -5.0275
X -0.3789 -0.9183 -0.1150
Y  0.9058 -0.3935  0.1570
Z -0.1894 -0.0447  0.9809

PART 68
OFFSET  9.1453 -4.8170 -4.8281
X  0.0352 -0.9931 -0.1118
Y  0.9798  0.0123  0.1997
Z -0.1970 -0.1166  0.9735

PART 69
OFFSET  9.1054 -3.6953 -4.7018
X -0.9513  0.2794  0.1299
Y  0.2860  0.9576  0.0352
Z -0.1146  0.0706 -0.9909

PART 70
OFFSET  7.1997 -5.6802 -6.4302
X -0.2799 -0.9600  0.0078
Y  0.9558 -0.2795 -0.0915
Z  0.0900 -0.0182  0.9958

PART 71
OFFSET  7.7466 -3.8048 -6.4453
X  0.8225 -0.5618 -0.0889
Y  0.5566  0.8271 -0.0781
Z  0.1174  0.0147  0.9930

PART 72
OFFSET  6.5453 -2.9842 -6.3155
X  0.8977  0.4164 -0.1438
Y -0.4226  0.9062 -0.0137
Z  0.1246  0.0730  0.9895

PART 73
OFFSET  5.5274 -3.4557 -6.1597
X -0.4264 -0.9028  0.0557
Y -0.8894  0.4297  0.1556
Z -0.1644  0.0168 -0.9862

PART 74
OFFSET  0.0000 -0.0000 -0.0000
X  1.0000 -0.0000  0.0000
Y  0.0000  1.0000  0.0000
Z  0.0000 -0.0000  1.0000

PART 75
OFFSET  0.0000 -0.0000 -0.0000
X  1.0000 -0.0000  0.0000
Y  0.0000  1.0000  0.0000
Z  0.0000 -0.0000  1.0000

PART 76
OFFSET  1.5404 -0.0000  4.1357
X  1.0000 -0.0000  0.0000
Y  0.0000  1.0000  0.0000
Z  0.0000 -0.0000  1.0000


FRAME 1809
PART 0
OFFSET  0.0000 -0.0000 -0.0000
X  1.0000 -0.0000  0.0000
Y  0.0000  1.0000  0.0000
Z  0.0000 -0.0000  1.0000

PART 1
OFFSET -4.6318 -0.0000 -1.3770
X  1.0000 -0.0000  0.0000
Y  0.0000  1.0000  0.0000
Z  0.0000 -0.0000  1.0000

PART 2
OFFSET -0.1869  3.3003 -7.1096
X  0.5190  0.5261 -0.6737
Y  0.2847 -0.8495 -0.4442
Z -0.8060  0.0387 -0.5907

PART 3
OFFSET  6.0897  9.6635 -15.2568
X  0.6199 -0.6140  0.4886
Y -0.7670 -0.3425  0.5427
Z -0.1659 -0.7111 -0.6832

PART 4
OFFSET  11.3621  4.4411 -11.1010
X  0.6199 -0.6140  0.4886
Y -0.7026 -0.1570  0.6941
Z -0.3495 -0.7735 -0.5287

PART 5
OFFSET  13.1231  5.1164 -9.6290
X  0.6249 -0.6101  0.4872
Y  0.1752  0.7177  0.6740
Z -0.7608 -0.3358  0.5553

PART 6
OFFSET  12.8326  3.7291 -11.7857
X  0.6249 -0.6101  0.4872
Y  0.1752  0.7177  0.6740
Z -0.7608 -0.3358  0.5553

PART 7
OFFSET  11.6755  3.7624 -8.4218
X  0.6249 -0.6101  0.4872
Y  0.1752  0.7177  0.6740
Z -0.7608 -0.3358  0.5553

PART 8
OFFSET  11.0914  2.4484 -9.5327
X  0.6249 -0.6101  0.4872
Y  0.1752  0.7177  0.6740
Z -0.7608 -0.3358  0.5553

PART 9
OFFSET  11.0747  2.0493 -10.7936
X  0.6249 -0.6101  0.4872
Y  0.1752  0.7177  0.6740
Z -0.7608 -0.3358  0.5553

PART 10
OFFSET  13.2625  2.5587 -9.6031
X  0.9335  0.3586 -0.0042
Y -0.0845  0.2311  0.9692
Z  0.3486 -0.9044  0.2461

PART 11
