// Export filename: `C:\projects\cod\t5\xanim_export\t5_viewmodels\ak47\ak47_grenadier_pullout_quick.XANIM_EXPORT`
// Source filename: `D:\projects\devanim\t5\animation_assets\viewmodels\ak47\ViewModel_AK47_GrenadeLauncher_animated.fbx`
// Export time: Sat Jun 05 16:36:54 2010

ANIMATION
VERSION 3

NUMPARTS 77
PART 0 "tag_ads"
PART 1 "tag_torso"
PART 2 "J_Shoulder_LE"
PART 3 "J_Elbow_LE"
PART 4 "J_WristTwist_LE"
PART 5 "J_Sleave_Reshape_Bottom_LE_1"
PART 6 "J_Sleave_Reshape_Bottom_LE_2"
PART 7 "J_Sleave_Reshape_Top_LE_1"
PART 8 "J_Sleave_Reshape_Top_LE_2"
PART 9 "J_Sleave_Reshape_Top_LE_3"
PART 10 "J_Wrist_LE"
PART 11 "J_Thumb_LE_0"
PART 12 "J_Thumb_LE_1"
PART 13 "J_Thumb_LE_2"
PART 14 "J_Thumb_LE_3"
PART 15 "J_PinkyPalm_LE"
PART 16 "J_Pinky_LE_0"
PART 17 "J_Pinky_LE_1"
PART 18 "J_Pinky_LE_2"
PART 19 "J_Pinky_LE_3"
PART 20 "J_RingPalm_LE"
PART 21 "J_Ring_LE_0"
PART 22 "J_Ring_LE_1"
PART 23 "J_Ring_LE_2"
PART 24 "J_Ring_LE_3"
PART 25 "J_Webbing_LE"
PART 26 "J_Index_LE_0"
PART 27 "J_Index_LE_1"
PART 28 "J_Index_LE_2"
PART 29 "J_Index_LE_3"
PART 30 "J_Mid_LE_0"
PART 31 "J_Mid_LE_1"
PART 32 "J_Mid_LE_2"
PART 33 "J_Mid_LE_3"
PART 34 "tag_knife_attach"
PART 35 "tag_weapon"
PART 36 "J_Gun"
PART 37 "J_bolt"
PART 38 "TAG_CLIP"
PART 39 "TAG_FLASH"
PART 40 "TAG_BOUNCING_GRENADE_LAUNCHER"
PART 41 "J_BOUNCING_TRIGGER"
PART 42 "J_BOUNCING_GRENADE_AMMO"
PART 43 "J_BOUNCING_GRENADE_TIP"
PART 44 "J_Shoulder_RI"
PART 45 "J_Elbow_RI"
PART 46 "J_WristTwist_RI"
PART 47 "J_Sleave_Reshape_Top_RI_3"
PART 48 "J_Sleave_Reshape_Top_RI_2"
PART 49 "J_Sleave_Reshape_Top_RI_1"
PART 50 "J_Wrist_RI"
PART 51 "J_Thumb_RI_0"
PART 52 "J_Thumb_RI_1"
PART 53 "J_Thumb_RI_2"
PART 54 "J_Thumb_RI_3"
PART 55 "J_PinkyPalm_RI"
PART 56 "J_Pinky_RI_0"
PART 57 "J_Pinky_RI_1"
PART 58 "J_Pinky_RI_2"
PART 59 "J_Pinky_RI_3"
PART 60 "J_RingPalm_RI"
PART 61 "J_Ring_RI_0"
PART 62 "J_Ring_RI_1"
PART 63 "J_Ring_RI_2"
PART 64 "J_Ring_RI_3"
PART 65 "J_Webbing_RI"
PART 66 "J_Index_RI_0"
PART 67 "J_Index_RI_1"
PART 68 "J_Index_RI_2"
PART 69 "J_Index_RI_3"
PART 70 "J_Mid_RI_0"
PART 71 "J_Mid_RI_1"
PART 72 "J_Mid_RI_2"
PART 73 "J_Mid_RI_3"
PART 74 "tag_cambone"
PART 75 "tag_camera"
PART 76 "tag_gasmask"

FRAMERATE 30
NUMFRAMES 31

FRAME 230
PART 0
OFFSET -4.6318 -0.0000 -1.3770
X  1.0000 -0.0000  0.0000
Y  0.0000  1.0000  0.0000
Z  0.0000 -0.0000  1.0000

PART 1
OFFSET -4.6318 -0.0000 -1.3770
X  1.0000 -0.0000  0.0000
Y  0.0000  1.0000  0.0000
Z  0.0000 -0.0000  1.0000

PART 2
OFFSET -3.5060  6.3408 -6.7125
X -0.1648  0.7531 -0.6369
Y  0.1396 -0.6214 -0.7709
Z -0.9764 -0.2160 -0.0027

PART 3
OFFSET -5.4997  15.4488 -14.4152
X  0.9133 -0.1410 -0.3822
Y  0.1527 -0.7513  0.6421
Z -0.3776 -0.6447 -0.6646

PART 4
OFFSET  2.2682  14.2498 -17.6656
X  0.9133 -0.1410 -0.3822
Y  0.1556 -0.7464  0.6471
Z -0.3765 -0.6504 -0.6597

PART 5
OFFSET  4.0952  15.7876 -17.5203
X  0.9134 -0.1348 -0.3842
Y  0.3729  0.6559  0.6563
Z  0.1635 -0.7427  0.6493

PART 6
OFFSET  2.7269  14.5793 -19.3446
X  0.9134 -0.1348 -0.3842
Y  0.3729  0.6559  0.6563
Z  0.1635 -0.7427  0.6493

PART 7
OFFSET  4.7711  13.7953 -16.5406
X  0.9134 -0.1348 -0.3842
Y  0.3729  0.6559  0.6563
Z  0.1635 -0.7427  0.6493

PART 8
OFFSET  4.0823  12.8188 -17.5634
X  0.9134 -0.1348 -0.3842
Y  0.3729  0.6559  0.6563
Z  0.1635 -0.7427  0.6493

PART 9
OFFSET  3.2189  12.5342 -18.5241
X  0.9134 -0.1348 -0.3842
Y  0.3729  0.6559  0.6563
Z  0.1635 -0.7427  0.6493

PART 10
OFFSET  5.0680  13.8176 -18.8372
X  0.6241 -0.6428  0.4442
Y -0.7501 -0.3338  0.5709
Z -0.2187 -0.6895 -0.6905

PART 11
OFFSET  4.5351  12.9232 -18.3700
X  0.0677 -0.9906 -0.1185
Y -0.6983 -0.1319  0.7036
Z -0.7126  0.0351 -0.7007

PART 12
OFFSET  4.5717  10.7743 -18.5945
X  0.4102 -0.9103 -0.0558
Y -0.7943 -0.3867  0.4686
Z -0.4481 -0.1479 -0.8816

PART 13
OFFSET  5.2311  9.3113 -18.8113
X  0.0187 -0.9994 -0.0283
Y -0.7861 -0.0322  0.6172
Z -0.6178  0.0107 -0.7863

PART 14
OFFSET  5.2097  8.2304 -18.8673
X  0.2486 -0.7512  0.6114
Y  0.6937  0.5786  0.4289
Z -0.6760  0.3175  0.6650

PART 15
OFFSET  6.3551  13.4917 -19.2122
X  0.9377 -0.3450  0.0416
Y -0.2025 -0.6399 -0.7413
Z  0.2824  0.6867 -0.6699

PART 16
OFFSET  8.3960  12.5381 -19.1120
X  0.7224 -0.6310 -0.2829
Y -0.6899 -0.6854 -0.2329
Z -0.0469  0.3634 -0.9305

PART 17
OFFSET  9.4187  11.6447 -19.5125
X  0.1852 -0.9217 -0.3408
Y -0.9827 -0.1713 -0.0705
Z  0.0066  0.3479 -0.9375

PART 18
OFFSET  9.5828  10.8274 -19.8146
X -0.1632 -0.9295 -0.3306
Y -0.9847  0.1329  0.1125
Z -0.0607  0.3440 -0.9370

PART 19
OFFSET  9.4278  9.9444 -20.1288
X  0.7518  0.5778  0.3177
Y -0.6460  0.7419  0.1793
Z -0.1321 -0.3401  0.9311

PART 20
OFFSET  6.0244  13.2248 -18.6386
X  0.8230 -0.5134  0.2432
Y -0.1983 -0.6609 -0.7238
Z  0.5323  0.5475 -0.6457

PART 21
OFFSET  8.1947  11.9162 -18.0591
X  0.8723 -0.4557 -0.1770
Y -0.4744 -0.7012 -0.5323
Z  0.1185  0.5483 -0.8278

PART 22
OFFSET  9.6798  11.1403 -18.3606
X  0.2920 -0.8229 -0.4874
Y -0.9451 -0.1699 -0.2792
Z  0.1469  0.5422 -0.8273

PART 23
OFFSET  10.0844  9.9998 -19.0361
X  0.1296 -0.8365 -0.5324
Y -0.9810 -0.0301 -0.1915
Z  0.1442  0.5471 -0.8245

PART 24
OFFSET  10.2250  9.0926 -19.6135
X  0.4613  0.7295  0.5050
Y -0.8833  0.4313  0.1839
Z -0.0837 -0.5309  0.8433

PART 25
OFFSET  5.6837  10.9365 -16.9315
X  0.6715 -0.7320  0.1155
Y  0.3611  0.4594  0.8115
Z -0.6471 -0.5032  0.5728

PART 26
OFFSET  7.0154  11.3174 -16.4192
X  0.8151 -0.5517  0.1769
Y -0.2862 -0.6490 -0.7049
Z  0.5037  0.5239 -0.6869

PART 27
OFFSET  8.4504  10.3461 -16.1076
X  0.6603 -0.7284 -0.1827
Y -0.5757 -0.3347 -0.7460
Z  0.4822  0.5978 -0.6404

PART 28
OFFSET  9.2239  9.4243 -16.2909
X  0.4710 -0.8469 -0.2469
Y -0.6928 -0.1819 -0.6978
Z  0.5460  0.4997 -0.6724

PART 29
OFFSET  9.7559  8.4677 -16.5697
X  0.6257  0.5805  0.5211
Y -0.7252  0.6789  0.1145
Z -0.2873 -0.4496  0.8458

PART 30
OFFSET  7.7233  11.6244 -17.2097
X  0.8253 -0.5523 -0.1180
Y -0.5218 -0.6658 -0.5333
Z  0.2160  0.5017 -0.8377

PART 31
OFFSET  9.3356  10.5455 -17.4402
X  0.5064 -0.7794 -0.3688
Y -0.8457 -0.3654 -0.3890
Z  0.1684  0.5089 -0.8442

PART 32
OFFSET  10.0753  9.4071 -17.9789
X  0.3395 -0.8256 -0.4507
Y -0.9334 -0.2364 -0.2701
Z  0.1164  0.5123 -0.8509

PART 33
OFFSET  10.4613  8.4758 -18.4952
X  0.3284  0.7513  0.5724
Y -0.9216  0.3877  0.0198
Z -0.2071 -0.5340  0.8197

PART 34
OFFSET  6.8310  11.2040 -18.9928
X  0.4796  0.5403 -0.6914
Y  0.2187  0.6895  0.6905
Z  0.8498 -0.4824  0.2125

PART 35
OFFSET  0.2396 -18.0192 -9.7489
X  0.7936 -0.4370 -0.4235
Y  0.5820  0.7481  0.3188
Z  0.1775 -0.4995  0.8480

PART 36
OFFSET  0.2396 -18.0192 -9.7489
X  0.7936 -0.4370 -0.4235
Y  0.5820  0.7481  0.3188
Z  0.1775 -0.4995  0.8480

PART 37
OFFSET  4.7003 -21.7236 -10.0843
X  0.7970 -0.4471 -0.4061
Y  0.5820  0.7481  0.3188
Z  0.1612 -0.4904  0.8564

PART 38
OFFSET  3.6401 -19.9878 -11.2910
X  0.7936 -0.4370 -0.4235
Y  0.5820  0.7481  0.3188
Z  0.1775 -0.4995  0.8480

PART 39
OFFSET  19.1748 -28.8553 -18.8437
X  0.7936 -0.4370 -0.4235
Y  0.5820  0.7481  0.3188
Z  0.1775 -0.4995  0.8480

PART 40
OFFSET -7.0254 -12.4907 -9.4574
X  0.7936 -0.4370 -0.4235
Y  0.5820  0.7481  0.3188
Z  0.1775 -0.4995  0.8480

PART 41
OFFSET  9.9205 -22.9488 -15.8480
X  0.7936 -0.4370 -0.4235
Y  0.5820  0.7481  0.3188
Z  0.1775 -0.4995  0.8480

PART 42
OFFSET  12.0373 -24.0629 -17.1070
X  0.7936 -0.4370 -0.4235
Y  0.5820  0.7481  0.3188
Z  0.1775 -0.4995  0.8480

PART 43
OFFSET  15.5323 -25.9874 -18.9721
X  0.7936 -0.4370 -0.4235
Y  0.5820  0.7481  0.3188
Z  0.1775 -0.4995  0.8480

PART 44
OFFSET -17.6076 -4.8127 -7.0611
X -0.7594  0.0820  0.6454
Y -0.6449  0.0364 -0.7634
Z -0.0861 -0.9960  0.0253

PART 45
OFFSET -8.4232 -5.8044 -14.8665
X -0.2862  0.8781 -0.3836
Y  0.7481 -0.0454 -0.6620
Z -0.5987 -0.4764 -0.6439

PART 46
OFFSET -5.9892 -13.2726 -11.6041
X -0.2862  0.8781 -0.3836
Y  0.6092 -0.1423 -0.7802
Z -0.7396 -0.4569 -0.4942

PART 47
OFFSET -5.3698 -13.9344 -9.8311
X -0.2888  0.8797 -0.3777
Y  0.5884  0.4743  0.6548
Z  0.7552 -0.0332 -0.6546

PART 48
OFFSET -6.3691 -14.5632 -9.5248
X -0.2888  0.8797 -0.3777
Y  0.5884  0.4743  0.6548
Z  0.7552 -0.0332 -0.6546

PART 49
OFFSET -7.0467 -15.3032 -10.4559
X -0.2888  0.8797 -0.3777
Y  0.5884  0.4743  0.6548
Z  0.7552 -0.0332 -0.6546

PART 50
OFFSET -5.1119 -15.9645 -10.4281
X -0.8865  0.4420  0.1368
Y -0.0443  0.2132 -0.9760
Z -0.4605 -0.8713 -0.1694

PART 51
OFFSET -4.4812 -16.0112 -9.4783
X -0.8863 -0.0200 -0.4627
Y  0.4371  0.2941 -0.8499
Z  0.1531 -0.9556 -0.2520

PART 52
OFFSET -2.6209 -15.9443 -8.3808
X -0.8744  0.0080  0.4851
Y -0.4815  0.1081 -0.8698
Z -0.0594 -0.9941 -0.0906

PART 53
OFFSET -1.2313 -15.8395 -9.2056
X -0.2858 -0.2051  0.9361
Y -0.9580  0.0366 -0.2845
Z  0.0241 -0.9781 -0.2070

PART 54
OFFSET -0.9070 -15.5736 -10.2036
X -0.4239  0.4844  0.7653
Y  0.4334  0.8504 -0.2982
Z -0.7953  0.2053 -0.5704

PART 55
OFFSET -4.3161 -15.9341 -11.5548
X -0.8578  0.0885  0.5063
Y -0.2448 -0.9366 -0.2509
Z  0.4520 -0.3391  0.8250

PART 56
OFFSET -2.2929 -16.0676 -12.5415
X -0.6498 -0.7295 -0.2135
Y  0.6278 -0.3566 -0.6919
Z  0.4286 -0.5836  0.6897

PART 57
OFFSET -1.3730 -15.0347 -12.2392
X  0.2244 -0.6678 -0.7097
Y  0.8974  0.4255 -0.1167
Z  0.3799 -0.6107  0.6948

PART 58
OFFSET -1.5720 -14.4426 -11.6099
X  0.8381 -0.0190 -0.5451
Y  0.3266  0.8180  0.4735
Z  0.4369 -0.5749  0.6918

PART 59
OFFSET -2.3683 -14.4245 -11.0921
X -0.9092 -0.4158  0.0197
Y -0.2376  0.5572  0.7957
Z -0.3418  0.7188 -0.6054

PART 60
OFFSET -4.1560 -16.2946 -10.9598
X -0.9040  0.2216  0.3655
Y -0.3067 -0.9319 -0.1936
Z  0.2977 -0.2871  0.9105

PART 61
OFFSET -1.8606 -16.8477 -12.0480
X -0.6399 -0.7620 -0.0993
Y  0.5894 -0.4038 -0.6997
Z  0.4930 -0.5063  0.7075

PART 62
OFFSET -0.7711 -15.5504 -11.8789
X  0.4185 -0.5766 -0.7017
Y  0.7766  0.6278 -0.0527
Z  0.4709 -0.5229  0.7106

PART 63
OFFSET -1.3512 -14.7513 -10.9064
X  0.8717  0.1383 -0.4701
Y  0.1454  0.8432  0.5176
Z  0.4680 -0.5196  0.7149

PART 64
OFFSET -2.2966 -14.9013 -10.3966
X -0.7742 -0.6205  0.1246
Y -0.4008  0.6330  0.6623
Z -0.4899  0.4628 -0.7388

PART 65
OFFSET -9.0110 -14.7724 -9.1243
X -0.9536  0.1323  0.2704
Y  0.1809  0.9698  0.1636
Z -0.2405  0.2049 -0.9488

PART 66
OFFSET -1.7952 -18.1712 -10.2880
X -0.8204  0.5000  0.2772
Y -0.5618 -0.7952 -0.2282
Z  0.1063 -0.3429  0.9333

PART 67
OFFSET -0.3507 -19.0516 -10.7761
X -0.8138 -0.5776 -0.0638
Y  0.5639 -0.7585 -0.3266
Z  0.1402 -0.3018  0.9430

PART 68
OFFSET  0.6472 -18.3677 -10.6412
X -0.5234 -0.8120 -0.2584
Y  0.8468 -0.4620 -0.2634
Z  0.0945 -0.3567  0.9294

PART 69
OFFSET  1.2384 -17.4506 -10.3493
X -0.5675  0.5811  0.5833
Y  0.7351  0.6767  0.0410
Z -0.3709  0.4521 -0.8112

PART 70
OFFSET -1.8552 -17.7365 -11.3019
X -0.7178 -0.6962 -0.0063
Y  0.5833 -0.5963 -0.5515
Z  0.3802 -0.3996  0.8341

PART 71
OFFSET -0.4529 -16.3764 -11.2895
X  0.3318 -0.7803 -0.5301
Y  0.8456  0.4951 -0.1995
Z  0.4181 -0.3821  0.8241

PART 72
OFFSET -0.9376 -15.2366 -10.5152
X  0.8818  0.0319 -0.4705
Y  0.1312  0.9418  0.3096
Z  0.4530 -0.3347  0.8263

PART 73
OFFSET -1.9394 -15.2697 -9.9880
X -0.7889 -0.6046  0.1102
Y -0.4322  0.6733  0.5999
Z -0.4369  0.4256 -0.7924

PART 74
OFFSET  0.0000 -0.0000 -0.0000
X  1.0000 -0.0000  0.0000
Y  0.0000  1.0000  0.0000
Z  0.0000 -0.0000  1.0000

PART 75
OFFSET  0.0000 -0.0000 -0.0000
X  1.0000 -0.0000  0.0000
Y  0.0000  1.0000  0.0000
Z  0.0000 -0.0000  1.0000

PART 76
OFFSET  1.5404 -0.0000  4.1357
X  1.0000 -0.0000  0.0000
Y  0.0000  1.0000  0.0000
Z  0.0000 -0.0000  1.0000


FRAME 231
PART 0
OFFSET -4.6318 -0.0000 -1.3770
X  1.0000 -0.0000  0.0000
Y  0.0000  1.0000  0.0000
Z  0.0000 -0.0000  1.0000

PART 1
OFFSET -4.6318 -0.0000 -1.3770
X  1.0000 -0.0000  0.0000
Y  0.0000  1.0000  0.0000
Z  0.0000 -0.0000  1.0000

PART 2
OFFSET -3.5060  6.3408 -6.7125
X -0.1527  0.7529 -0.6402
Y  0.1635 -0.6196 -0.7677
Z -0.9747 -0.2219 -0.0284

PART 3
OFFSET -5.3531  15.4462 -14.4547
X  0.9281 -0.1611 -0.3356
Y  0.1081 -0.7460  0.6571
Z -0.3562 -0.6462 -0.6750

PART 4
OFFSET  2.5411  14.0764 -17.3091
X  0.9281 -0.1611 -0.3356
Y  0.1251 -0.7141  0.6888
Z -0.3506 -0.6813 -0.6426

PART 5
OFFSET  4.3856  15.5846 -17.0921
X  0.9284 -0.1549 -0.3377
Y  0.3520  0.6573  0.6664
Z  0.1187 -0.7375  0.6648

PART 6
OFFSET  3.0865  14.3779 -18.9674
X  0.9284 -0.1549 -0.3377
Y  0.3520  0.6573  0.6664
Z  0.1187 -0.7375  0.6648

PART 7
OFFSET  4.9781  13.5930 -16.0584
X  0.9284 -0.1549 -0.3377
Y  0.3520  0.6573  0.6664
Z  0.1187 -0.7375  0.6648

PART 8
OFFSET  4.3227  12.6162 -17.1026
X  0.9284 -0.1549 -0.3377
Y  0.3520  0.6573  0.6664
Z  0.1187 -0.7375  0.6648

PART 9
OFFSET  3.5021  12.3347 -18.1009
X  0.9284 -0.1549 -0.3377
Y  0.3520  0.6573  0.6664
Z  0.1187 -0.7375  0.6648

PART 10
OFFSET  5.3864  13.5827 -18.3380
X  0.6237 -0.6309  0.4616
Y -0.7439 -0.2978  0.5982
Z -0.2400 -0.7165 -0.6551

PART 11
OFFSET  4.8505  12.7173 -17.8220
X  0.0527 -0.9958 -0.0753
Y -0.6871 -0.0909  0.7208
Z -0.7246  0.0137 -0.6890

PART 12
OFFSET  4.8554  10.5602 -17.9508
X  0.3974 -0.9174 -0.0222
Y -0.7907 -0.3545  0.4992
Z -0.4658 -0.1808 -0.8662

PART 13
OFFSET  5.4919  9.0801 -18.1134
X  0.0053 -0.9999  0.0161
Y -0.7752  0.0061  0.6317
Z -0.6317 -0.0159 -0.7751

PART 14
OFFSET  5.4555  7.9982 -18.1207
X  0.2499 -0.7266  0.6399
Y  0.7087  0.5876  0.3904
Z -0.6597  0.3560  0.6618

PART 15
OFFSET  6.6623  13.2228 -18.7203
X  0.9338 -0.3556  0.0406
Y -0.2241 -0.6694 -0.7083
Z  0.2791  0.6523 -0.7047

PART 16
OFFSET  8.6922  12.2468 -18.6132
X  0.7090 -0.6528 -0.2669
Y -0.7028 -0.6856 -0.1900
Z -0.0590  0.3223 -0.9448

PART 17
OFFSET  9.6959  11.3226 -18.9911
X  0.1671 -0.9384 -0.3024
Y -0.9859 -0.1609 -0.0457
Z -0.0058  0.3058 -0.9521

PART 18
OFFSET  9.8441  10.4905 -19.2592
X -0.1811 -0.9410 -0.2859
Y -0.9807  0.1512  0.1236
Z -0.0731  0.3027 -0.9503

PART 19
OFFSET  9.6720  9.5966 -19.5308
X  0.7648  0.5810  0.2785
Y -0.6331  0.7579  0.1572
Z -0.1197 -0.2965  0.9475

PART 20
OFFSET  6.3385  12.9862 -18.1298
X  0.8205 -0.5132  0.2516
Y -0.2198 -0.6896 -0.6900
Z  0.5276  0.5109 -0.6787

PART 21
OFFSET  8.5019  11.6751 -17.5302
X  0.8631 -0.4750 -0.1717
Y -0.4929 -0.7176 -0.4921
Z  0.1106  0.5093 -0.8534

PART 22
OFFSET  9.9712  10.8663 -17.8225
X  0.2725 -0.8477 -0.4552
Y -0.9521 -0.1692 -0.2548
Z  0.1390  0.5028 -0.8532

PART 23
OFFSET  10.3489  9.6915 -18.4533
X  0.1092 -0.8610 -0.4967
Y -0.9846 -0.0252 -0.1728
Z  0.1363  0.5079 -0.8506

PART 24
OFFSET  10.4673  8.7577 -18.9920
X  0.4797  0.7448  0.4638
Y -0.8742  0.4511  0.1798
Z -0.0753 -0.4917  0.8675

PART 25
OFFSET  5.9992  10.7810 -16.3164
X  0.6640 -0.7352  0.1364
Y  0.3816  0.4900  0.7838
Z -0.6431 -0.4683  0.6059

PART 26
OFFSET  7.3447  11.1661 -15.8449
X  0.8109 -0.5544  0.1872
Y -0.3072 -0.6757 -0.6701
Z  0.4980  0.4859 -0.7183

PART 27
OFFSET  8.7724  10.1900 -15.5153
X  0.6475 -0.7448 -0.1615
Y -0.5933 -0.3597 -0.7202
Z  0.4783  0.5621 -0.6747

PART 28
OFFSET  9.5306  9.2505 -15.6705
X  0.4555 -0.8634 -0.2169
Y -0.7076 -0.2033 -0.6768
Z  0.5402  0.4618 -0.7035

PART 29
OFFSET  10.0451  8.2752 -15.9156
X  0.6424  0.5945  0.4837
Y -0.7142  0.6932  0.0967
Z -0.2778 -0.4075  0.8699

PART 30
OFFSET  8.0422  11.4279 -16.6606
X  0.8158 -0.5682 -0.1075
Y -0.5398 -0.6817 -0.4938
Z  0.2073  0.4609 -0.8629

PART 31
OFFSET  9.6360  10.3179 -16.8706
X  0.4896 -0.8019 -0.3424
Y -0.8572 -0.3708 -0.3575
Z  0.1597  0.4685 -0.8689

PART 32
OFFSET  10.3512  9.1466 -17.3707
X  0.3207 -0.8494 -0.4192
Y -0.9410 -0.2354 -0.2429
Z  0.1076  0.4724 -0.8748

PART 33
OFFSET  10.7158  8.1881 -17.8515
X  0.3483  0.7715  0.5325
Y -0.9160  0.4008  0.0185
Z -0.1992 -0.4942  0.8462

PART 34
OFFSET  7.1125  10.9409 -18.4072
X  0.4740  0.5024 -0.7231
Y  0.2400  0.7165  0.6551
Z  0.8472 -0.4840  0.2190

PART 35
OFFSET  0.4532 -17.5293 -9.4387
X  0.8245 -0.4400 -0.3558
Y  0.5507  0.7684  0.3260
Z  0.1300 -0.4647  0.8759

PART 36
OFFSET  0.4532 -17.5293 -9.4387
X  0.8245 -0.4400 -0.3558
Y  0.5507  0.7684  0.3260
Z  0.1300 -0.4647  0.8759

PART 37
OFFSET  4.9749 -21.1736 -9.3517
X  0.8270 -0.4494 -0.3378
Y  0.5507  0.7684  0.3260
Z  0.1131 -0.4556  0.8830

PART 38
OFFSET  3.9704 -19.5007 -10.6879
X  0.8245 -0.4400 -0.3558
Y  0.5507  0.7684  0.3260
Z  0.1300 -0.4647  0.8759

PART 39
OFFSET  20.0684 -28.3995 -16.9060
X  0.8245 -0.4400 -0.3558
Y  0.5507  0.7684  0.3260
Z  0.1300 -0.4647  0.8759

PART 40
OFFSET -6.8882 -12.1079 -9.8153
X  0.8245 -0.4400 -0.3558
Y  0.5507  0.7684  0.3260
Z  0.1300 -0.4647  0.8759

PART 41
OFFSET  10.5655 -22.5309 -14.7251
X  0.8245 -0.4400 -0.3558
Y  0.5507  0.7684  0.3260
Z  0.1300 -0.4647  0.8759

PART 42
OFFSET  12.7724 -23.6578 -15.8052
X  0.8245 -0.4400 -0.3558
Y  0.5507  0.7684  0.3260
Z  0.1300 -0.4647  0.8759

PART 43
OFFSET  16.4037 -25.5957 -17.3723
X  0.8245 -0.4400 -0.3558
Y  0.5507  0.7684  0.3260
Z  0.1300 -0.4647  0.8759

PART 44
OFFSET -17.2950 -4.9046 -7.2760
X -0.7533  0.0519  0.6556
Y -0.6556  0.0197 -0.7549
Z -0.0521 -0.9985  0.0192

PART 45
OFFSET -8.1843 -5.5318 -15.2046
X -0.2863  0.8688 -0.4039
Y  0.7545 -0.0554 -0.6540
Z -0.5905 -0.4920 -0.6397

PART 46
OFFSET -5.7490 -12.9216 -11.7690
X -0.2863  0.8688 -0.4039
Y  0.6344 -0.1440 -0.7595
Z -0.7180 -0.4737 -0.5099

PART 47
OFFSET -5.1434 -13.5446 -9.9773
X -0.2890  0.8706 -0.3981
Y  0.5802  0.4901  0.6505
Z  0.7615 -0.0430 -0.6468

PART 48
OFFSET -6.1428 -14.1715 -9.6677
X -0.2890  0.8706 -0.3981
Y  0.5802  0.4901  0.6505
Z  0.7615 -0.0430 -0.6468

PART 49
OFFSET -6.8085 -14.9332 -10.5898
X -0.2890  0.8706 -0.3981
Y  0.5802  0.4901  0.6505
Z  0.7615 -0.0430 -0.6468

PART 50
OFFSET -4.8712 -15.5851 -10.5307
X -0.8992  0.4328  0.0639
Y  0.0148  0.1760 -0.9843
Z -0.4373 -0.8841 -0.1647

PART 51
OFFSET -4.3015 -15.5867 -9.5420
X -0.8548 -0.0510 -0.5164
Y  0.4862  0.2691 -0.8314
Z  0.1814 -0.9618 -0.2052

PART 52
OFFSET -2.5154 -15.4499 -8.3332
X -0.9035  0.0124  0.4285
Y -0.4268  0.0681 -0.9018
Z -0.0404 -0.9976 -0.0562

PART 53
OFFSET -1.0779 -15.3542 -9.0724
X -0.3418 -0.1746  0.9234
Y -0.9384  0.0110 -0.3453
Z  0.0501 -0.9846 -0.1676

PART 54
OFFSET -0.6946 -15.1205 -10.0574
X -0.4779  0.5058  0.7181
Y  0.4401  0.8454 -0.3026
Z -0.7602  0.1715 -0.6267

PART 55
OFFSET -4.0061 -15.5843 -11.6054
X -0.8892  0.0939  0.4477
Y -0.2160 -0.9490 -0.2299
Z  0.4033 -0.3011  0.8641

PART 56
OFFSET -1.9229 -15.7228 -12.4573
X -0.6252 -0.7470 -0.2260
Y  0.6750 -0.3723 -0.6370
Z  0.3918 -0.5508  0.7370

PART 57
OFFSET -1.0377 -14.6652 -12.1374
X  0.2777 -0.6902 -0.6682
Y  0.8973  0.4348 -0.0762
Z  0.3432 -0.5784  0.7401

PART 58
OFFSET -1.2840 -14.0532 -11.5449
X  0.8712 -0.0262 -0.4903
Y  0.2851  0.8401  0.4616
Z  0.3998 -0.5418  0.7393

PART 59
OFFSET -2.1116 -14.0283 -11.0791
X -0.9031 -0.4289 -0.0217
Y -0.2949  0.5826  0.7574
Z -0.3122  0.6903 -0.6526

PART 60
OFFSET -3.8792 -15.9199 -10.9883
X -0.9282  0.2209  0.2993
Y -0.2814 -0.9432 -0.1768
Z  0.2432 -0.2483  0.9377

PART 61
OFFSET -1.5124 -16.4772 -11.9082
X -0.6222 -0.7750 -0.1102
Y  0.6379 -0.4203 -0.6453
Z  0.4539 -0.4718  0.7559

PART 62
OFFSET -0.4530 -15.1576 -11.7206
X  0.4698 -0.5957 -0.6515
Y  0.7700  0.6375 -0.0277
Z  0.4318 -0.4886  0.7582

PART 63
OFFSET -1.1041 -14.3320 -10.8177
X  0.8978  0.1343 -0.4193
Y  0.1011  0.8640  0.4932
Z  0.4285 -0.4852  0.7622

PART 64
OFFSET -2.0778 -14.4777 -10.3629
X -0.7723 -0.6275  0.0993
Y -0.4503  0.6509  0.6112
Z -0.4481  0.4273 -0.7852

PART 65
OFFSET -8.8605 -14.4063 -9.5208
X -0.9705  0.1274  0.2047
Y  0.1574  0.9779  0.1375
Z -0.1826  0.1657 -0.9691

PART 66
OFFSET -1.5411 -17.7330 -10.0984
X -0.8429  0.4971  0.2058
Y -0.5356 -0.8118 -0.2325
Z  0.0515 -0.3063  0.9506

PART 67
OFFSET -0.0570 -18.6083 -10.4608
X -0.8004 -0.5922 -0.0928
Y  0.5935 -0.7612 -0.2614
Z  0.0841 -0.2643  0.9608

PART 68
OFFSET  0.9211 -17.9045 -10.2897
X -0.4952 -0.8291 -0.2596
Y  0.8679 -0.4582 -0.1919
Z  0.0401 -0.3203  0.9465

PART 69
OFFSET  1.4804 -16.9680 -9.9964
X -0.6110  0.5935  0.5239
Y  0.7220  0.6892  0.0613
Z -0.3247  0.4157 -0.8496

PART 70
OFFSET -1.5425 -17.3373 -11.1298
X -0.7067 -0.7071 -0.0248
Y  0.6249 -0.6073 -0.4906
Z  0.3319 -0.3623  0.8710

PART 71
OFFSET -0.1620 -15.9560 -11.0813
X  0.3750 -0.7942 -0.4781
Y  0.8499  0.5005 -0.1647
Z  0.3701 -0.3446  0.8627

PART 72
OFFSET -0.7097 -14.7959 -10.3830
X  0.9094  0.0281 -0.4151
Y  0.0988  0.9546  0.2811
Z  0.4041 -0.2966  0.8653

PART 73
OFFSET -1.7424 -14.8250 -9.9189
X -0.7862 -0.6123  0.0834
Y -0.4782  0.6883  0.5454
Z -0.3914  0.3890 -0.8340

PART 74
OFFSET  0.0000 -0.0000 -0.0000
X  1.0000 -0.0000  0.0000
Y  0.0000  1.0000  0.0000
Z  0.0000 -0.0000  1.0000

PART 75
OFFSET  0.0000 -0.0000 -0.0000
X  1.0000 -0.0000  0.0000
Y  0.0000  1.0000  0.0000
Z  0.0000 -0.0000  1.0000

PART 76
OFFSET  1.5404 -0.0000  4.1357
X  1.0000 -0.0000  0.0000
Y  0.0000  1.0000  0.0000
Z  0.0000 -0.0000  1.0000


FRAME 232
PART 0
OFFSET -4.6318 -0.0000 -1.3770
X  1.0000 -0.0000  0.0000
Y  0.0000  1.0000  0.0000
Z  0.0000 -0.0000  1.0000

PART 1
OFFSET -4.6318 -0.0000 -1.3770
X  1.0000 -0.0000  0.0000
Y  0.0000  1.0000  0.0000
Z  0.0000 -0.0000  1.0000

PART 2
OFFSET -3.5060  6.3408 -6.7125
X -0.1092  0.7482 -0.6544
Y  0.2296 -0.6215 -0.7490
Z -0.9671 -0.2321 -0.1039

PART 3
OFFSET -4.8268  15.3899 -14.6265
X  0.9553 -0.2108 -0.2073
Y -0.0116 -0.7274  0.6861
Z -0.2954 -0.6530 -0.6974

PART 4
OFFSET  3.2983  13.5967 -16.3898
X  0.9553 -0.2108 -0.2073
Y  0.0370 -0.6103  0.7913
Z -0.2933 -0.7636 -0.5753

PART 5
OFFSET  5.1666  15.0331 -15.9766
X  0.9561 -0.2048 -0.2095
Y  0.2929  0.6640  0.6880
Z -0.0018 -0.7191  0.6949

PART 6
OFFSET  4.0660  13.8194 -17.9706
X  0.9561 -0.2048 -0.2095
Y  0.2929  0.6640  0.6880
Z -0.0018 -0.7191  0.6949

PART 7
OFFSET  5.5293  13.0542 -14.8195
X  0.9561 -0.2048 -0.2095
Y  0.2929  0.6640  0.6880
Z -0.0018 -0.7191  0.6949

PART 8
OFFSET  4.9699  12.0712 -15.9125
X  0.9561 -0.2048 -0.2095
Y  0.2929  0.6640  0.6880
Z -0.0018 -0.7191  0.6949

PART 9
OFFSET  4.2726  11.7909 -17.0010
X  0.9561 -0.2048 -0.2095
Y  0.2929  0.6640  0.6880
Z -0.0018 -0.7191  0.6949

PART 10
OFFSET  6.2269  12.9504 -17.0253
X  0.6201 -0.5989  0.5068
Y -0.7269 -0.1956  0.6583
Z -0.2951 -0.7766 -0.5566

PART 11
OFFSET  5.6832  12.1734 -16.3906
X  0.0128 -0.9991  0.0396
Y -0.6571  0.0215  0.7535
Z -0.7537 -0.0357 -0.6563

PART 12
OFFSET  5.6033  10.0175 -16.2664
X  0.3621 -0.9296  0.0693
Y -0.7800 -0.2614  0.5685
Z -0.5104 -0.2599 -0.8197

PART 13
OFFSET  6.1772  8.5033 -16.2802
X -0.0306 -0.9907  0.1327
Y -0.7455  0.1111  0.6572
Z -0.6658 -0.0788 -0.7419

PART 14
OFFSET  6.1009  7.4303 -16.1595
X  0.2514 -0.6578  0.7100
Y  0.7465  0.5987  0.2903
Z -0.6160  0.4571  0.6416

PART 15
OFFSET  7.4703  12.4962 -17.4139
X  0.9210 -0.3871  0.0444
Y -0.2799 -0.7367 -0.6156
Z  0.2710  0.5545 -0.7868

PART 16
OFFSET  9.4658  11.4553 -17.2749
X  0.6719 -0.7081 -0.2170
Y -0.7352 -0.6731 -0.0801
Z -0.0893  0.2134 -0.9729

PART 17
OFFSET  10.4171  10.4528 -17.5821
X  0.1189 -0.9732 -0.1970
Y -0.9922 -0.1239  0.0131
Z -0.0371  0.1939 -0.9803

PART 18
OFFSET  10.5225  9.5899 -17.7568
X -0.2281 -0.9593 -0.1664
Y -0.9680  0.2051  0.1444
Z -0.1044  0.1940 -0.9754

PART 19
OFFSET  10.3058  8.6785 -17.9148
X  0.7972  0.5769  0.1777
Y -0.5972  0.7967  0.0928
Z -0.0880 -0.1801  0.9797

PART 20
OFFSET  7.1649  12.3429 -16.7872
X  0.8116 -0.5145  0.2767
Y -0.2756 -0.7548 -0.5952
Z  0.5151  0.4068 -0.7544

PART 21
OFFSET  9.3033  11.0207 -16.1257
X  0.8365 -0.5272 -0.1494
Y -0.5403 -0.7484 -0.3846
Z  0.0909  0.4025 -0.9109

PART 22
OFFSET  10.7275  10.1232 -16.3801
X  0.2206 -0.9051 -0.3635
Y -0.9681 -0.1577 -0.1949
Z  0.1191  0.3949 -0.9110

PART 23
OFFSET  11.0332  8.8688 -16.8839
X  0.0552 -0.9164 -0.3965
Y -0.9916 -0.0039 -0.1291
Z  0.1167  0.4004 -0.9089

PART 24
OFFSET  11.0931  7.8750 -17.3139
X  0.5269  0.7727  0.3539
Y -0.8482  0.5048  0.1607
Z -0.0545 -0.3849  0.9214

PART 25
OFFSET  6.8262  10.3774 -14.7162
X  0.6420 -0.7416  0.1947
Y  0.4339  0.5608  0.7051
Z -0.6321 -0.3682  0.6818

PART 26
OFFSET  8.2047  10.7580 -14.3473
X  0.7976 -0.5624  0.2181
Y -0.3614 -0.7351 -0.5736
Z  0.4829  0.3787 -0.7896

PART 27
OFFSET  9.6090  9.7679 -13.9634
X  0.6119 -0.7847 -0.0991
Y -0.6377 -0.4153 -0.6488
Z  0.4679  0.4602 -0.7545

PART 28
OFFSET  10.3245  8.7859 -14.0380
X  0.4134 -0.9008 -0.1326
Y -0.7441 -0.2503 -0.6194
Z  0.5248  0.3547 -0.7738

PART 29
OFFSET  10.7914  7.7684 -14.1878
X  0.6848  0.6190  0.3847
Y -0.6833  0.7288  0.0435
Z -0.2534 -0.2926  0.9220

PART 30
OFFSET  8.8742  10.8947 -15.2154
X  0.7888 -0.6103 -0.0730
Y -0.5860 -0.7110 -0.3887
Z  0.1853  0.3494 -0.9185

PART 31
OFFSET  10.4152  9.7026 -15.3579
X  0.4441 -0.8557 -0.2656
Y -0.8853 -0.3735 -0.2770
Z  0.1378  0.3582 -0.9234

PART 32
OFFSET  11.0639  8.4527 -15.7459
X  0.2703 -0.9046 -0.3295
Y -0.9590 -0.2225 -0.1758
Z  0.0857  0.3635 -0.9277

PART 33
OFFSET  11.3713  7.4309 -16.1256
X  0.3998  0.8125  0.4242
Y -0.8989  0.4380  0.0082
Z -0.1791 -0.3846  0.9055

PART 34
OFFSET  7.8502  10.2488 -16.8544
X  0.4593  0.3955 -0.7954
Y  0.2951  0.7766  0.5566
Z  0.8378 -0.4904  0.2400

PART 35
OFFSET  1.1133 -16.2941 -8.6570
X  0.8849 -0.4335 -0.1703
Y  0.4657  0.8187  0.3358
Z -0.0062 -0.3765  0.9264

PART 36
OFFSET  1.1133 -16.2941 -8.6570
X  0.8849 -0.4335 -0.1703
Y  0.4657  0.8187  0.3358
Z -0.0062 -0.3765  0.9264

PART 37
OFFSET  5.6580 -19.7102 -7.4702
X  0.8846 -0.4411 -0.1513
Y  0.4657  0.8187  0.3358
Z -0.0243 -0.3675  0.9297

PART 38
OFFSET  4.8456 -18.2129 -9.1106
X  0.8849 -0.4335 -0.1703
Y  0.4657  0.8187  0.3358
Z -0.0062 -0.3765  0.9264

PART 39
OFFSET  22.0088 -26.9175 -11.6896
X  0.8849 -0.4335 -0.1703
Y  0.4657  0.8187  0.3358
Z -0.0062 -0.3765  0.9264

PART 40
OFFSET -6.2118 -11.2618 -10.7666
X  0.8849 -0.4335 -0.1703
Y  0.4657  0.8187  0.3358
Z -0.0062 -0.3765  0.9264

PART 41
OFFSET  12.1104 -21.3028 -11.6893
X  0.8849 -0.4335 -0.1703
Y  0.4657  0.8187  0.3358
Z -0.0062 -0.3765  0.9264

PART 42
OFFSET  14.4991 -22.4245 -12.2754
X  0.8849 -0.4335 -0.1703
Y  0.4657  0.8187  0.3358
Z -0.0062 -0.3765  0.9264

PART 43
OFFSET  18.3964 -24.3339 -13.0253
X  0.8849 -0.4335 -0.1703
Y  0.4657  0.8187  0.3358
Z -0.0062 -0.3765  0.9264

PART 44
OFFSET -16.4574 -5.1509 -7.8519
X -0.7350 -0.0106  0.6779
Y -0.6771 -0.0413 -0.7348
Z  0.0358 -0.9991  0.0231

PART 45
OFFSET -7.5679 -5.0226 -16.0509
X -0.3080  0.8361 -0.4541
Y  0.7660 -0.0652 -0.6395
Z -0.5643 -0.5448 -0.6203

PART 46
OFFSET -4.9486 -12.1336 -12.1888
X -0.3080  0.8361 -0.4541
Y  0.6821 -0.1387 -0.7180
Z -0.6632 -0.5308 -0.5276

PART 47
OFFSET -4.3512 -12.6396 -10.3580
X -0.3108  0.8381 -0.4484
Y  0.5538  0.5431  0.6311
Z  0.7724 -0.0522 -0.6329

PART 48
OFFSET -5.3345 -13.2819 -10.0288
X -0.3108  0.8381 -0.4484
Y  0.5538  0.5431  0.6311
Z  0.7724 -0.0522 -0.6329

PART 49
OFFSET -5.9607 -14.1134 -10.9177
X -0.3108  0.8381 -0.4484
Y  0.5538  0.5431  0.6311
Z  0.7724 -0.0522 -0.6329

PART 50
OFFSET -4.0045 -14.6967 -10.7968
X -0.9091  0.3964 -0.1279
Y  0.1754  0.0858 -0.9808
Z -0.3778 -0.9141 -0.1475

PART 51
OFFSET -3.6096 -14.5825 -9.7323
X -0.7538 -0.1360 -0.6429
Y  0.6114  0.2134 -0.7620
Z  0.2408 -0.9675 -0.0777

PART 52
OFFSET -2.0574 -14.2565 -8.2646
X -0.9627  0.0113  0.2703
Y -0.2705 -0.0337 -0.9621
Z -0.0018 -0.9994  0.0355

PART 53
OFFSET -0.5192 -14.1649 -8.7623
X -0.4874 -0.1045  0.8669
Y -0.8668 -0.0624 -0.4948
Z  0.1058 -0.9926 -0.0602

PART 54
OFFSET  0.0177 -14.0054 -9.6886
X -0.6063  0.5476  0.5766
Y  0.4605  0.8330 -0.3068
Z -0.6483  0.0795 -0.7572

PART 55
OFFSET -2.9711 -14.7556 -11.7090
X -0.9543  0.0948  0.2835
Y -0.1469 -0.9747 -0.1687
Z  0.2604 -0.2026  0.9440

PART 56
OFFSET -0.7710 -14.8785 -12.1879
X -0.5566 -0.7916 -0.2520
Y  0.7830 -0.3985 -0.4775
Z  0.2776 -0.4631  0.8417

PART 57
OFFSET  0.0170 -13.7578 -11.8310
X  0.4059 -0.7353 -0.5427
Y  0.8845  0.4656  0.0308
Z  0.2300 -0.4925  0.8394

PART 58
OFFSET -0.3430 -13.1058 -11.3499
X  0.9417 -0.0321 -0.3349
Y  0.1791  0.8906  0.4181
Z  0.2848 -0.4537  0.8444

PART 59
OFFSET -1.2376 -13.0752 -11.0317
X -0.8739 -0.4689 -0.1284
Y -0.4348  0.6357  0.6378
Z -0.2174  0.6132 -0.7594

PART 60
OFFSET -2.9404 -15.0274 -11.0496
X -0.9713  0.2058  0.1190
Y -0.2206 -0.9670 -0.1279
Z  0.0888 -0.1505  0.9846

PART 61
OFFSET -0.4375 -15.5605 -11.5076
X -0.5723 -0.8088 -0.1352
Y  0.7492 -0.4488 -0.4871
Z  0.3333 -0.3801  0.8628

PART 62
OFFSET  0.5369 -14.1835 -11.2775
X  0.5896 -0.6313 -0.5038
Y  0.7451  0.6659  0.0377
Z  0.3117 -0.3976  0.8630

PART 63
OFFSET -0.2803 -13.3087 -10.5792
X  0.9514  0.1353 -0.2765
Y -0.0082  0.9091  0.4165
Z  0.3077 -0.3940  0.8661

PART 64
OFFSET -1.3122 -13.4553 -10.2793
X -0.7597 -0.6495  0.0313
Y -0.5652  0.6834  0.4621
Z -0.3215  0.3334 -0.8863

PART 65
OFFSET -8.1390 -13.6093 -10.5788
X -0.9944  0.1022  0.0283
Y  0.1039  0.9924  0.0655
Z -0.0214  0.0681 -0.9974

PART 66
OFFSET -0.7348 -16.6458 -9.6136
X -0.8794  0.4759  0.0145
Y -0.4653 -0.8527 -0.2374
Z -0.1006 -0.2155  0.9713

PART 67
OFFSET  0.8136 -17.4836 -9.6391
X -0.7561 -0.6332 -0.1653
Y  0.6505 -0.7548 -0.0843
Z -0.0714 -0.1713  0.9826

PART 68
OFFSET  1.7284 -16.7242 -9.3784
X -0.4204 -0.8706 -0.2556
Y  0.9005 -0.4348 -0.0005
Z -0.1107 -0.2303  0.9668

PART 69
OFFSET  2.2033 -15.7409 -9.0897
X -0.7072  0.6111  0.3555
Y  0.6813  0.7233  0.1120
Z -0.1887  0.3215 -0.9279

PART 70
OFFSET -0.5737 -16.3465 -10.6648
X -0.6719 -0.7372 -0.0720
Y  0.7157 -0.6212 -0.3192
Z  0.1906 -0.2660  0.9449

PART 71
OFFSET  0.7389 -14.9064 -10.5241
X  0.4728 -0.8171 -0.3299
Y  0.8509  0.5207 -0.0703
Z  0.2292 -0.2475  0.9414

PART 72
OFFSET  0.0483 -13.7129 -10.0423
X  0.9651  0.0305 -0.2601
Y  0.0227  0.9797  0.1991
Z  0.2609 -0.1980  0.9448

PART 73
OFFSET -1.0466 -13.7453 -9.7543
X -0.7712 -0.6365  0.0119
Y -0.5827  0.7134  0.3893
Z -0.2563  0.2933 -0.9210

PART 74
OFFSET  0.0000 -0.0000 -0.0000
X  1.0000 -0.0000  0.0000
Y  0.0000  1.0000  0.0000
Z  0.0000 -0.0000  1.0000

PART 75
OFFSET  0.0000 -0.0000 -0.0000
X  1.0000 -0.0000  0.0000
Y  0.0000  1.0000  0.0000
Z  0.0000 -0.0000  1.0000

PART 76
OFFSET  1.5404 -0.0000  4.1357
X  1.0000 -0.0000  0.0000
Y  0.0000  1.0000  0.0000
Z  0.0000 -0.0000  1.0000


FRAME 233
PART 0
OFFSET -4.6318 -0.0000 -1.3770
X  1.0000 -0.0000  0.0000
Y  0.0000  1.0000  0.0000
Z  0.0000 -0.0000  1.0000

PART 1
OFFSET -4.6318 -0.0000 -1.3770
X  1.0000 -0.0000  0.0000
Y  0.0000  1.0000  0.0000
Z  0.0000 -0.0000  1.0000

PART 2
OFFSET -3.5060  6.3408 -6.7125
X -0.0174  0.7304 -0.6828
Y  0.3246 -0.6418 -0.6948
Z -0.9457 -0.2338 -0.2259

PART 3
OFFSET -3.7167  15.1737 -14.9707
X  0.9622 -0.2717 -0.0178
Y -0.1817 -0.6896  0.7011
Z -0.2028 -0.6713 -0.7129

PART 4
OFFSET  4.4674  12.8628 -15.1223
X  0.9622 -0.2717 -0.0178
Y -0.1011 -0.4172  0.9032
Z -0.2528 -0.8673 -0.4289

PART 5
OFFSET  6.3137  14.2171 -14.4286
X  0.9638 -0.2658 -0.0201
Y  0.2027  0.6820  0.7027
Z -0.1731 -0.6814  0.7112

PART 6
OFFSET  5.5233  12.9628 -16.5411
X  0.9638 -0.2658 -0.0201
Y  0.2027  0.6820  0.7027
Z -0.1731 -0.6814  0.7112

PART 7
OFFSET  6.3359  12.2838 -13.1448
X  0.9638 -0.2658 -0.0201
Y  0.2027  0.6820  0.7027
Z -0.1731 -0.6814  0.7112

PART 8
OFFSET  5.9261  11.2770 -14.2816
X  0.9638 -0.2658 -0.0201
Y  0.2027  0.6820  0.7027
Z -0.1731 -0.6814  0.7112

PART 9
OFFSET  5.4236  10.9787 -15.4682
X  0.9638 -0.2658 -0.0201
Y  0.2027  0.6820  0.7027
Z -0.1731 -0.6814  0.7112

PART 10
OFFSET  7.4172  12.0298 -15.1769
X  0.6093 -0.5522  0.5690
Y -0.7000 -0.0375  0.7132
Z -0.3725 -0.8329 -0.4094

PART 11
OFFSET  6.8629  11.4033 -14.4007
X -0.0463 -0.9785  0.2007
Y -0.6119  0.1866  0.7686
Z -0.7896 -0.0872 -0.6074

PART 12
OFFSET  6.6579  9.3055 -13.9246
X  0.3077 -0.9296  0.2031
Y -0.7619 -0.1129  0.6377
Z -0.5699 -0.3509 -0.7430

PART 13
OFFSET  7.1362  7.7722 -13.7180
X -0.0839 -0.9524  0.2931
Y -0.6998  0.2657  0.6631
Z -0.7094 -0.1494 -0.6888

PART 14
OFFSET  7.0010  6.7400 -13.4214
X  0.2495 -0.5523  0.7954
Y  0.7968  0.5839  0.1555
Z -0.5504  0.5949  0.5858

PART 15
OFFSET  8.6071  11.4343 -15.5417
X  0.8966 -0.4381  0.0655
Y -0.3582 -0.8040 -0.4746
Z  0.2606  0.4021 -0.8777

PART 16
OFFSET  10.5396  10.2929 -15.3250
X  0.6142 -0.7786 -0.1289
Y -0.7784 -0.6245  0.0632
Z -0.1297  0.0616 -0.9896

PART 17
OFFSET  11.4092  9.1906 -15.5075
X  0.0479 -0.9980 -0.0415
Y -0.9957 -0.0511  0.0774
Z -0.0793  0.0376 -0.9961

PART 18
OFFSET  11.4517  8.3058 -15.5443
X -0.2953 -0.9554  0.0020
Y -0.9442  0.2922  0.1523
Z -0.1461  0.0431 -0.9883

PART 19
OFFSET  11.1711  7.3981 -15.5424
X  0.8397  0.5411  0.0458
Y -0.5412  0.8408 -0.0112
Z -0.0446 -0.0154  0.9989

PART 20
OFFSET  8.3279  11.4043 -14.8854
X  0.7926 -0.5190  0.3200
Y -0.3538 -0.8189 -0.4518
Z  0.4966  0.2449 -0.8327

PART 21
OFFSET  10.4146  10.0590 -14.1144
X  0.7931 -0.6010 -0.0991
Y -0.6057 -0.7607 -0.2334
Z  0.0649  0.2452 -0.9673

PART 22
OFFSET  11.7648  9.0358 -14.2831
X  0.1443 -0.9645 -0.2212
Y -0.9852 -0.1191 -0.1232
Z  0.0925  0.2357 -0.9674

PART 23
OFFSET  11.9647  7.6991 -14.5896
X -0.0231 -0.9694 -0.2445
Y -0.9956  0.0445 -0.0822
Z  0.0906  0.2416 -0.9661

PART 24
OFFSET  11.9397  6.6478 -14.8548
X  0.5921  0.7807  0.1998
Y -0.8054  0.5816  0.1144
Z -0.0269 -0.2286  0.9731

PART 25
OFFSET  7.9845  9.8217 -12.5097
X  0.6051 -0.7439  0.2836
Y  0.5058  0.6343  0.5846
Z -0.6148 -0.2102  0.7601

PART 26
OFFSET  9.4020  10.1594 -12.2696
X  0.7725 -0.5745  0.2706
Y -0.4370 -0.7901 -0.4299
Z  0.4608  0.2138 -0.8614

PART 27
OFFSET  10.7620  9.1479 -11.7932
X  0.5562 -0.8310  0.0024
Y -0.6968 -0.4679 -0.5436
Z  0.4528  0.3007 -0.8394

PART 28
OFFSET  11.4107  8.1194 -11.7393
X  0.3494 -0.9370 -0.0029
Y -0.7912 -0.2934 -0.5366
Z  0.5020  0.1898 -0.8438

PART 29
OFFSET  11.8054  7.0610 -11.7425
X  0.7416  0.6233  0.2480
Y -0.6339  0.7721 -0.0449
Z -0.2195 -0.1239  0.9677

PART 30
OFFSET  10.0295  10.1095 -13.1774
X  0.7447 -0.6674 -0.0081
Y -0.6491 -0.7214 -0.2415
Z  0.1553  0.1851 -0.9704

PART 31
OFFSET  11.4843  8.8058 -13.1932
X  0.3754 -0.9158 -0.1427
Y -0.9205 -0.3504 -0.1728
Z  0.1082  0.1963 -0.9746

PART 32
OFFSET  12.0327  7.4682 -13.4017
X  0.1957 -0.9621 -0.1900
Y -0.9790 -0.1805 -0.0942
Z  0.0564  0.2044 -0.9773

PART 33
OFFSET  12.2554  6.3801 -13.6238
X  0.4717  0.8399  0.2683
Y -0.8686  0.4951 -0.0228
Z -0.1520 -0.2223  0.9631

PART 34
OFFSET  8.8788  9.2837 -14.6423
X  0.4380  0.2311 -0.8688
Y  0.3725  0.8329  0.4094
Z  0.8182 -0.5029  0.2787

PART 35
OFFSET  2.2981 -14.6645 -7.5872
X  0.9140 -0.3936  0.0988
Y  0.3434  0.8799  0.3283
Z -0.2162 -0.2661  0.9394

PART 36
OFFSET  2.2981 -14.6645 -7.5872
X  0.9140 -0.3936  0.0988
Y  0.3434  0.8799  0.3283
Z -0.2162 -0.2661  0.9394

PART 37
OFFSET  6.5363 -17.6258 -4.9412
X  0.9094 -0.3989  0.1180
Y  0.3434  0.8799  0.3283
Z -0.2348 -0.2580  0.9372

PART 38
OFFSET  6.0923 -16.3832 -6.9038
X  0.9140 -0.3936  0.0988
Y  0.3434  0.8799  0.3283
Z -0.2162 -0.2661  0.9394

PART 39
OFFSET  23.6551 -24.2263 -4.2516
X  0.9140 -0.3936  0.0988
Y  0.3434  0.8799  0.3283
Z -0.2162 -0.2661  0.9394

PART 40
OFFSET -4.4696 -10.3840 -11.9811
X  0.9140 -0.3936  0.0988
Y  0.3434  0.8799  0.3283
Z -0.2162 -0.2661  0.9394

PART 41
OFFSET  13.8640 -19.2863 -7.2902
X  0.9140 -0.3936  0.0988
Y  0.3434  0.8799  0.3283
Z -0.2162 -0.2661  0.9394

PART 42
OFFSET  16.3599 -20.3152 -7.1514
X  0.9140 -0.3936  0.0988
Y  0.3434  0.8799  0.3283
Z -0.2162 -0.2661  0.9394

PART 43
OFFSET  20.3852 -22.0486 -6.7161
X  0.9140 -0.3936  0.0988
Y  0.3434  0.8799  0.3283
Z -0.2162 -0.2661  0.9394

PART 44
OFFSET -15.2447 -5.5075 -8.6858
X -0.7107 -0.0507  0.7016
Y -0.6854 -0.1744 -0.7069
Z  0.1582 -0.9834  0.0892

PART 45
OFFSET -6.6493 -4.8940 -17.1714
X -0.3840  0.7570 -0.5287
Y  0.7703 -0.0530 -0.6355
Z -0.5090 -0.6513 -0.5627

PART 46
OFFSET -3.3828 -11.3322 -12.6745
X -0.3840  0.7570 -0.5287
Y  0.7131 -0.1205 -0.6906
Z -0.5865 -0.6423 -0.4935

PART 47
OFFSET -2.7450 -11.6052 -10.8080
X -0.3871  0.7592 -0.5232
Y  0.4988  0.6497  0.5737
Z  0.7755 -0.0389 -0.6301

PART 48
OFFSET -3.6644 -12.3030 -10.4137
X -0.3871  0.7592 -0.5232
Y  0.4988  0.6497  0.5737
Z  0.7755 -0.0389 -0.6301

PART 49
OFFSET -4.2075 -13.2696 -11.2163
X -0.3871  0.7592 -0.5232
Y  0.4988  0.6497  0.5737
Z  0.7755 -0.0389 -0.6301

PART 50
OFFSET -2.2054 -13.6528 -11.0537
X -0.8645  0.3207 -0.3871
Y  0.4032 -0.0177 -0.9150
Z -0.3002 -0.9470 -0.1140

PART 51
OFFSET -2.0823 -13.3911 -9.9498
X -0.5720 -0.2570 -0.7790
Y  0.7692  0.1617 -0.6182
Z  0.2848 -0.9528  0.1052

PART 52
OFFSET -0.9407 -12.7996 -8.2130
X -0.9993 -0.0182  0.0333
Y -0.0299 -0.1621 -0.9863
Z  0.0234 -0.9866  0.1614

PART 53
OFFSET  0.6681 -12.6693 -8.3436
X -0.6778 -0.0338  0.7345
Y -0.7197 -0.1740 -0.6721
Z  0.1505 -0.9842  0.0936

PART 54
OFFSET  1.4064 -12.5848 -9.1307
X -0.7453  0.5714  0.3435
Y  0.4924  0.8192 -0.2941
Z -0.4494 -0.0501 -0.8919

PART 55
OFFSET -0.9816 -13.7517 -11.6828
X -0.9971  0.0666  0.0373
Y -0.0691 -0.9950 -0.0725
Z  0.0323 -0.0748  0.9967

PART 56
OFFSET  1.2719 -13.7901 -11.6126
X -0.4526 -0.8491 -0.2723
Y  0.8879 -0.4009 -0.2256
Z  0.0824 -0.3439  0.9354

PART 57
OFFSET  1.9128 -12.5880 -11.2271
X  0.5491 -0.7662 -0.3338
Y  0.8349  0.5209  0.1777
Z  0.0378 -0.3762  0.9258

PART 58
OFFSET  1.4259 -11.9087 -10.9311
X  0.9951 -0.0112 -0.0978
Y  0.0432  0.9426  0.3311
Z  0.0884 -0.3337  0.9385

PART 59
OFFSET  0.4805 -11.8980 -10.8383
X -0.8010 -0.5349 -0.2688
Y -0.5966  0.6767  0.4315
Z -0.0489  0.5060 -0.8612

PART 60
OFFSET -1.1013 -13.9427 -11.0055
X -0.9778  0.1564 -0.1394
Y -0.1506 -0.9873 -0.0514
Z -0.1457 -0.0293  0.9889

PART 61
OFFSET  1.4548 -14.3662 -10.7917
X -0.4954 -0.8536 -0.1612
Y  0.8591 -0.4540 -0.2364
Z  0.1286 -0.2556  0.9582

PART 62
OFFSET  2.2983 -12.9130 -10.5173
X  0.7144 -0.6469 -0.2666
Y  0.6913  0.7115  0.1260
Z  0.1082 -0.2743  0.9556

PART 63
OFFSET  1.3081 -12.0164 -10.1479
X  0.9849  0.1621 -0.0606
Y -0.1387  0.9490  0.2833
Z  0.1034 -0.2706  0.9571

PART 64
OFFSET  0.2400 -12.1922 -10.0821
X -0.7226 -0.6882 -0.0651
Y -0.6825  0.6953  0.2254
Z -0.1099  0.2073 -0.9721

PART 65
OFFSET -6.3052 -12.8109 -11.9522
X -0.9748  0.0418 -0.2190
Y  0.0516  0.9979 -0.0393
Z  0.2169 -0.0496 -0.9749

PART 66
OFFSET  0.7474 -15.2409 -8.8975
X -0.8726  0.4178 -0.2531
Y -0.3656 -0.9022 -0.2290
Z -0.3240 -0.1073  0.9400

PART 67
OFFSET  2.2837 -15.9765 -8.4520
X -0.6724 -0.6946 -0.2558
Y  0.6768 -0.7168  0.1677
Z -0.2999 -0.0603  0.9521

PART 68
OFFSET  3.0828 -15.1357 -8.0832
X -0.3170 -0.9192 -0.2337
Y  0.8883 -0.3741  0.2663
Z -0.3322 -0.1231  0.9351

PART 69
OFFSET  3.4409 -14.0975 -7.8192
X -0.7921  0.6023  0.0987
Y  0.6096  0.7730  0.1753
Z  0.0293  0.1991 -0.9795

PART 70
OFFSET  1.1464 -15.0560 -9.9110
X -0.6096 -0.7815 -0.1328
Y  0.7920 -0.6075 -0.0604
Z -0.0335 -0.1420  0.9893

PART 71
OFFSET  2.3373 -13.5293 -9.6516
X  0.5655 -0.8184 -0.1026
Y  0.8247  0.5617  0.0653
Z  0.0042 -0.1216  0.9926

PART 72
OFFSET  1.5114 -12.3340 -9.5018
X  0.9977  0.0610 -0.0282
Y -0.0589  0.9957  0.0720
Z  0.0325 -0.0701  0.9970

PART 73
OFFSET  0.3811 -12.4019 -9.4768
X -0.7295 -0.6783 -0.0881
Y -0.6830  0.7154  0.1473
Z -0.0369  0.1677 -0.9852

PART 74
OFFSET  0.0000 -0.0000 -0.0000
X  1.0000 -0.0000  0.0000
Y  0.0000  1.0000  0.0000
Z  0.0000 -0.0000  1.0000

PART 75
OFFSET  0.0000 -0.0000 -0.0000
X  1.0000 -0.0000  0.0000
Y  0.0000  1.0000  0.0000
Z  0.0000 -0.0000  1.0000

PART 76
OFFSET  1.5404 -0.0000  4.1357
X  1.0000 -0.0000  0.0000
Y  0.0000  1.0000  0.0000
Z  0.0000 -0.0000  1.0000


FRAME 234
PART 0
OFFSET -4.6318 -0.0000 -1.3770
X  1.0000 -0.0000  0.0000
Y  0.0000  1.0000  0.0000
Z  0.0000 -0.0000  1.0000

PART 1
OFFSET -4.6318 -0.0000 -1.3770
X  1.0000 -0.0000  0.0000
Y  0.0000  1.0000  0.0000
Z  0.0000 -0.0000  1.0000

PART 2
OFFSET -3.5060  6.3408 -6.7125
X  0.1306  0.6894 -0.7125
Y  0.4176 -0.6901 -0.5911
Z -0.8992 -0.2203 -0.3780

PART 3
OFFSET -1.9265  14.6781 -15.3298
X  0.9257 -0.3239  0.1953
Y -0.3650 -0.6298  0.6857
Z -0.0991 -0.7060 -0.7012

PART 4
OFFSET  5.9470  11.9228 -13.6688
X  0.9257 -0.3239  0.1953
Y -0.2533 -0.1473  0.9561
Z -0.2810 -0.9345 -0.2184

PART 5
OFFSET  7.7016  13.2190 -12.6862
X  0.9281 -0.3183  0.1931
Y  0.1018  0.7159  0.6907
Z -0.3581 -0.6214  0.6968

PART 6
OFFSET  7.2717  11.8695 -14.8436
X  0.9281 -0.3183  0.1931
Y  0.1018  0.7159  0.6907
Z -0.3581 -0.6214  0.6968

PART 7
OFFSET  7.3353  11.3785 -11.3207
X  0.9281 -0.3183  0.1931
Y  0.1018  0.7159  0.6907
