// Export filename: `C:\projects\cod\t5\xanim_export\t5_viewmodels\ak47\ak47_grip_ads_down.XANIM_EXPORT`
// Source filename: `D:\projects\devanim\t5\animation_assets\viewmodels/ak47/grip_set/ak47_GRIP_ads_down.fbx`
// Export time: Mon Oct 12 22:04:19 2009

ANIMATION
VERSION 3

NUMPARTS 2
PART 0 "tag_view"
PART 1 "tag_ads"

FRAMERATE 30
NUMFRAMES 17

FRAME 412
PART 0
OFFSET  0.0000 -0.0000  0.0000
X  1.0000 -0.0000  0.0000
Y  0.0000  1.0000  0.0000
Z  0.0000 -0.0000  1.0000

PART 1
OFFSET -3.7093  2.6548  0.7731
X  1.0000 -0.0000  0.0044
Y -0.0000  1.0000  0.0000
Z -0.0044 -0.0000  1.0000


FRAME 413
PART 0
OFFSET  0.0000 -0.0000  0.0000
X  1.0000 -0.0000  0.0000
Y  0.0000  1.0000  0.0000
Z  0.0000 -0.0000  1.0000

PART 1
OFFSET -3.6675  2.6248  0.7536
X  1.0000 -0.0000  0.0043
Y  0.0000  1.0000 -0.0039
Z -0.0043  0.0039  1.0000


FRAME 414
PART 0
OFFSET  0.0000 -0.0000  0.0000
X  1.0000 -0.0000  0.0000
Y  0.0000  1.0000  0.0000
Z  0.0000 -0.0000  1.0000

PART 1
OFFSET -3.5594  2.5472  0.7046
X  1.0000 -0.0000  0.0042
Y  0.0001  0.9999 -0.0136
Z -0.0042  0.0136  0.9999


FRAME 415
PART 0
OFFSET  0.0000 -0.0000  0.0000
X  1.0000 -0.0000  0.0000
Y  0.0000  1.0000  0.0000
Z  0.0000 -0.0000  1.0000

PART 1
OFFSET -3.3183  2.3743  0.5968
X  1.0000 -0.0000  0.0039
Y  0.0001  0.9994 -0.0348
Z -0.0039  0.0348  0.9994


FRAME 416
PART 0
OFFSET  0.0000 -0.0000  0.0000
X  1.0000 -0.0000  0.0000
Y  0.0000  1.0000  0.0000
Z  0.0000 -0.0000  1.0000

PART 1
OFFSET -3.0082  2.1518  0.4620
X  1.0000 -0.0000  0.0035
Y  0.0002  0.9982 -0.0604
Z -0.0035  0.0604  0.9982


FRAME 417
PART 0
OFFSET  0.0000 -0.0000  0.0000
X  1.0000 -0.0000  0.0000
Y  0.0000  1.0000  0.0000
Z  0.0000 -0.0000  1.0000

PART 1
OFFSET -2.6611  1.9028  0.3175
X  1.0000 -0.0000  0.0031
Y  0.0003  0.9962 -0.0869
Z -0.0031  0.0869  0.9962


FRAME 418
PART 0
OFFSET  0.0000 -0.0000  0.0000
X  1.0000 -0.0000  0.0000
Y  0.0000  1.0000  0.0000
Z  0.0000 -0.0000  1.0000

PART 1
OFFSET -2.3083  1.6499  0.1798
X  1.0000 -0.0000  0.0027
Y  0.0003  0.9939 -0.1103
Z -0.0026  0.1103  0.9939


FRAME 419
PART 0
OFFSET  0.0000 -0.0000  0.0000
X  1.0000 -0.0000  0.0000
Y  0.0000  1.0000  0.0000
Z  0.0000 -0.0000  1.0000

PART 1
OFFSET -1.9831  1.4168  0.0661
X  1.0000 -0.0000  0.0022
Y  0.0003  0.9919 -0.1270
Z -0.0022  0.1270  0.9919


FRAME 420
PART 0
OFFSET  0.0000 -0.0000  0.0000
X  1.0000 -0.0000  0.0000
Y  0.0000  1.0000  0.0000
Z  0.0000 -0.0000  1.0000

PART 1
OFFSET -1.7120  1.2226 -0.0087
X  1.0000 -0.0000  0.0019
Y  0.0003  0.9910 -0.1337
Z -0.0019  0.1337  0.9910


FRAME 421
PART 0
OFFSET  0.0000 -0.0000  0.0000
X  1.0000 -0.0000  0.0000
Y  0.0000  1.0000  0.0000
Z  0.0000 -0.0000  1.0000

PART 1
OFFSET -1.4691  1.0489 -0.0460
X  1.0000 -0.0000  0.0017
Y  0.0002  0.9917 -0.1288
Z -0.0017  0.1288  0.9917


FRAME 422
PART 0
OFFSET  0.0000 -0.0000  0.0000
X  1.0000 -0.0000  0.0000
Y  0.0000  1.0000  0.0000
Z  0.0000 -0.0000  1.0000

PART 1
OFFSET -1.2126  0.8655 -0.0642
X  1.0000 -0.0000  0.0014
Y  0.0002  0.9933 -0.1160
Z -0.0014  0.1160  0.9933


FRAME 423
PART 0
OFFSET  0.0000 -0.0000  0.0000
X  1.0000 -0.0000  0.0000
Y  0.0000  1.0000  0.0000
Z  0.0000 -0.0000  1.0000

PART 1
OFFSET -0.9507  0.6784 -0.0681
X  1.0000 -0.0000  0.0010
Y  0.0001  0.9952 -0.0975
Z -0.0010  0.0975  0.9952


FRAME 424
PART 0
OFFSET  0.0000 -0.0000  0.0000
X  1.0000 -0.0000  0.0000
Y  0.0000  1.0000  0.0000
Z  0.0000 -0.0000  1.0000

PART 1
OFFSET -0.6971  0.4974 -0.0612
X  1.0000 -0.0000  0.0007
Y  0.0001  0.9971 -0.0756
Z -0.0007  0.0756  0.9971


FRAME 425
PART 0
OFFSET  0.0000 -0.0000  0.0000
X  1.0000 -0.0000  0.0000
Y  0.0000  1.0000  0.0000
Z  0.0000 -0.0000  1.0000

PART 1
OFFSET -0.4642  0.3311 -0.0471
X  1.0000 -0.0000  0.0005
Y  0.0000  0.9986 -0.0528
Z -0.0005  0.0528  0.9986


FRAME 426
PART 0
OFFSET  0.0000 -0.0000  0.0000
X  1.0000 -0.0000  0.0000
Y  0.0000  1.0000  0.0000
Z  0.0000 -0.0000  1.0000

PART 1
OFFSET -0.2653  0.1892 -0.0301
X  1.0000 -0.0000  0.0002
Y  0.0000  0.9995 -0.0314
Z -0.0002  0.0314  0.9995


FRAME 427
PART 0
OFFSET  0.0000 -0.0000  0.0000
X  1.0000 -0.0000  0.0000
Y  0.0000  1.0000  0.0000
Z  0.0000 -0.0000  1.0000

PART 1
OFFSET -0.1132  0.0807 -0.0141
X  1.0000 -0.0000  0.0001
Y  0.0000  0.9999 -0.0138
Z -0.0001  0.0138  0.9999


FRAME 428
PART 0
OFFSET  0.0000 -0.0000  0.0000
X  1.0000 -0.0000  0.0000
Y  0.0000  1.0000  0.0000
Z  0.0000 -0.0000  1.0000

PART 1
OFFSET -0.0299  0.0213 -0.0042
X  1.0000 -0.0000  0.0001
Y  0.0000  1.0000 -0.0038
Z -0.0001  0.0038  1.0000


NUMKEYS 0
