// Export filename: `C:\projects\cod\t5\xanim_export\t5_viewmodels\ak47\ak47_grip_pullout.XANIM_EXPORT`
// Source filename: `D:\projects\devanim\t5\animation_assets\viewmodels/ak47/grip_set/ak47_GRIP_pullout.fbx`
// Export time: Mon Oct 12 22:09:43 2009

ANIMATION
VERSION 3

NUMPARTS 75
PART 0 "J_Shoulder_RI"
PART 1 "J_Elbow_RI"
PART 2 "tag_cambone"
PART 3 "tag_camera"
PART 4 "tag_gasmask"
PART 5 "tag_ads"
PART 6 "tag_torso"
PART 7 "J_Shoulder_LE"
PART 8 "J_Elbow_LE"
PART 9 "J_WristTwist_LE"
PART 10 "J_Sleave_Reshape_Bottom_LE_1"
PART 11 "J_Sleave_Reshape_Bottom_LE_2"
PART 12 "J_Sleave_Reshape_Top_LE_1"
PART 13 "J_Sleave_Reshape_Top_LE_2"
PART 14 "J_Sleave_Reshape_Top_LE_3"
PART 15 "J_Thumb_LE_0"
PART 16 "J_Thumb_LE_1"
PART 17 "J_Thumb_LE_2"
PART 18 "J_Thumb_LE_3"
PART 19 "J_PinkyPalm_LE"
PART 20 "J_Pinky_LE_0"
PART 21 "J_Pinky_LE_1"
PART 22 "J_Pinky_LE_2"
PART 23 "J_Pinky_LE_3"
PART 24 "J_RingPalm_LE"
PART 25 "J_Ring_LE_0"
PART 26 "J_Ring_LE_1"
PART 27 "J_Ring_LE_2"
PART 28 "J_Webbing_LE"
PART 29 "J_Index_LE_2"
PART 30 "J_Mid_LE_0"
PART 31 "J_Wrist_LE"
PART 32 "J_Index_LE_0"
PART 33 "J_Index_LE_1"
PART 34 "J_Mid_LE_1"
PART 35 "tag_weapon"
PART 36 "J_Ring_LE_3"
PART 37 "tag_knife_attach"
PART 38 "J_Mid_LE_3"
PART 39 "J_Mid_LE_2"
PART 40 "J_Index_LE_3"
PART 41 "J_WristTwist_RI"
PART 42 "J_Sleave_Reshape_Top_RI_3"
PART 43 "J_Sleave_Reshape_Top_RI_2"
PART 44 "J_Sleave_Reshape_Top_RI_1"
PART 45 "J_Wrist_RI"
PART 46 "J_Thumb_RI_0"
PART 47 "J_Thumb_RI_1"
PART 48 "J_Thumb_RI_2"
PART 49 "J_Thumb_RI_3"
PART 50 "J_PinkyPalm_RI"
PART 51 "J_Pinky_RI_0"
PART 52 "J_Pinky_RI_1"
PART 53 "J_Pinky_RI_2"
PART 54 "J_Pinky_RI_3"
PART 55 "J_RingPalm_RI"
PART 56 "J_Ring_RI_0"
PART 57 "J_Ring_RI_1"
PART 58 "J_Ring_RI_2"
PART 59 "J_Ring_RI_3"
PART 60 "J_Webbing_RI"
PART 61 "J_Index_RI_0"
PART 62 "J_Index_RI_1"
PART 63 "J_Index_RI_2"
PART 64 "J_Index_RI_3"
PART 65 "J_Mid_RI_0"
PART 66 "J_Mid_RI_1"
PART 67 "J_Mid_RI_2"
PART 68 "J_Mid_RI_3"
PART 69 "J_Gun"
PART 70 "J_Bolt2"
PART 71 "TAG_CLIP"
PART 72 "J_Trigger"
PART 73 "TAG_BRASS"
PART 74 "TAG_FLASH"

FRAMERATE 30
NUMFRAMES 38

FRAME 1
PART 0
OFFSET -7.2604 -4.8127 -5.4071
X -0.5961  0.3969  0.6979
Y  0.1944 -0.7721  0.6051
Z  0.7790  0.4964  0.3831

PART 1
OFFSET -0.0510 -9.6125 -13.8480
X -0.7752 -0.5622  0.2881
Y  0.2840 -0.7175 -0.6361
Z  0.5643 -0.4112  0.7158

PART 2
OFFSET  0.0000 -0.0000 -0.0000
X  1.0000 -0.0000  0.0000
Y  0.0000  1.0000  0.0000
Z  0.0000 -0.0000  1.0000

PART 3
OFFSET  0.0000 -0.0000 -0.0000
X  1.0000 -0.0000  0.0000
Y  0.0000  1.0000  0.0000
Z  0.0000 -0.0000  1.0000

PART 4
OFFSET  1.5404 -0.0000  4.1357
X  1.0000 -0.0000  0.0000
Y  0.0000  1.0000  0.0000
Z  0.0000 -0.0000  1.0000

PART 5
OFFSET  0.0000 -0.0000  0.0000
X  1.0000 -0.0000  0.0000
Y  0.0000  1.0000  0.0000
Z  0.0000 -0.0000  1.0000

PART 6
OFFSET -4.6318 -0.0000 -1.3770
X  1.0000 -0.0000  0.0000
Y  0.0000  1.0000  0.0000
Z  0.0000 -0.0000  1.0000

PART 7
OFFSET -3.5060  6.3408 -6.7125
X  0.5891  0.0625 -0.8056
Y  0.3731 -0.9054  0.2026
Z -0.7167 -0.4199 -0.5567

PART 8
OFFSET  3.6190  7.0962 -16.4555
X  0.5889  0.0631 -0.8057
Y  0.8070 -0.1002  0.5820
Z -0.0440 -0.9930 -0.1099

PART 9
OFFSET  8.6282  7.6327 -23.3084
X  0.5889  0.0631 -0.8057
Y  0.2467  0.9354  0.2535
Z  0.7696 -0.3480  0.5353

PART 10
OFFSET  9.0004  9.6320 -24.6132
X  0.5842  0.0663 -0.8089
Y  0.0309  0.9941  0.1038
Z  0.8110 -0.0856  0.5787

PART 11
OFFSET  8.1799  7.0975 -24.9365
X  0.5842  0.0663 -0.8089
Y  0.0309  0.9941  0.1038
Z  0.8110 -0.0856  0.5787

PART 12
OFFSET  10.9294  9.1078 -23.8930
X  0.5842  0.0663 -0.8089
Y  0.0309  0.9941  0.1038
Z  0.8110 -0.0856  0.5787

PART 13
OFFSET  10.8363  7.4371 -23.9680
X  0.5842  0.0663 -0.8089
Y  0.0309  0.9941  0.1038
Z  0.8110 -0.0856  0.5787

PART 14
OFFSET  10.4042  5.8535 -23.9345
X  0.5842  0.0663 -0.8089
Y  0.0309  0.9941  0.1038
Z  0.8110 -0.0856  0.5787

PART 15
OFFSET  10.5161  8.2993 -24.7434
X  0.6101  0.3035  0.7319
Y -0.5483 -0.5050  0.6666
Z  0.5719 -0.8080 -0.1417

PART 16
OFFSET  11.8098  8.8590 -23.1054
X  0.6968  0.7102  0.1003
Y  0.0436 -0.1815  0.9824
Z  0.7159 -0.6802 -0.1574

PART 17
OFFSET  13.0123  9.9401 -23.0198
X  0.4887  0.5206 -0.7001
Y  0.6708  0.2888  0.6831
Z  0.5578 -0.8034 -0.2081

PART 18
OFFSET  13.5778  10.4713 -23.7747
X  0.1407  0.9599 -0.2423
Y -0.9067  0.2232  0.3579
Z  0.3977  0.1694  0.9018

PART 19
OFFSET  11.3857  8.3352 -26.6374
X  0.6729  0.6669 -0.3201
Y  0.7148 -0.4750  0.5132
Z  0.1903 -0.5742 -0.7963

PART 20
OFFSET  12.9576  9.8590 -27.1777
X  0.6092 -0.3208  0.7252
Y -0.6895 -0.6661  0.2845
Z  0.3918 -0.6734 -0.6270

PART 21
OFFSET  13.8201  9.4048 -26.1509
X -0.3750 -0.7402  0.5581
Y -0.8166 -0.0213 -0.5769
Z  0.4389 -0.6721 -0.5964

PART 22
OFFSET  13.4876  8.7485 -25.6560
X -0.7951 -0.5914  0.1346
Y -0.4672  0.4557 -0.7577
Z  0.3867 -0.6653 -0.6386

PART 23
OFFSET  12.7323  8.1867 -25.5281
X  0.8455  0.2625  0.4650
Y  0.2078  0.6405 -0.7393
Z -0.4919  0.7217  0.4870

PART 24
OFFSET  11.0637  8.7140 -26.1252
X  0.4976  0.8194 -0.2846
Y  0.8271 -0.3494  0.4402
Z  0.2613 -0.4544 -0.8516

PART 25
OFFSET  12.5802  10.7216 -26.7795
X  0.6763 -0.3457  0.6505
Y -0.6751 -0.6442  0.3596
Z  0.2947 -0.6823 -0.6690

PART 26
OFFSET  13.7317  10.1330 -25.6721
X -0.5030 -0.7074  0.4967
Y -0.8031  0.1702 -0.5710
Z  0.3194 -0.6861 -0.6537

PART 27
OFFSET  13.0346  9.1527 -24.9838
X -0.9000 -0.4358  0.0113
Y -0.2942  0.5880 -0.7535
Z  0.3217 -0.6815 -0.6574

PART 28
OFFSET  11.3375  10.8193 -24.1864
X  0.6660  0.7440 -0.0543
Y -0.6884  0.5849 -0.4290
Z -0.2874  0.3231  0.9017

PART 29
OFFSET  13.0180  10.7216 -24.0711
X -0.5971 -0.6172  0.5124
Y -0.7880  0.3318 -0.5186
Z  0.1500 -0.7135 -0.6844

PART 30
OFFSET  11.8482  11.3337 -26.2322
X  0.8540 -0.1744  0.4902
Y -0.4273 -0.7725  0.4696
Z  0.2967 -0.6105 -0.7343

PART 31
OFFSET  10.4336  7.8261 -25.7785
X  0.3765  0.9262 -0.0188
Y -0.4375  0.1957  0.8777
Z  0.8166 -0.3222  0.4789

PART 32
OFFSET  11.2672  11.7025 -25.3679
X  0.9618 -0.0484  0.2696
Y -0.2225 -0.7120  0.6660
Z  0.1597 -0.7006 -0.6955

PART 33
OFFSET  12.9606  11.6173 -24.8933
X  0.0555 -0.7679  0.6381
Y -0.9848 -0.1473 -0.0917
Z  0.1644 -0.6233 -0.7645

PART 34
OFFSET  13.5165  10.9929 -25.2746
X -0.1488 -0.7863  0.5996
Y -0.9571 -0.0381 -0.2874
Z  0.2488 -0.6167 -0.7469

PART 35
OFFSET  8.2744  2.4792 -18.4876
X  0.3362  0.7876 -0.5165
Y -0.9067  0.1223 -0.4037
Z -0.2548  0.6040  0.7552

PART 36
OFFSET  12.0585  8.6800 -24.9715
X  0.9212 -0.0123  0.3888
Y  0.2612  0.7602 -0.5949
Z -0.2882  0.6496  0.7036

PART 37
OFFSET  12.9346  9.7407 -25.5729
X  0.2753 -0.5118 -0.8138
Y -0.8166  0.3222 -0.4789
Z  0.5073  0.7964 -0.3292

PART 38
OFFSET  12.3701  9.2321 -24.1871
X  0.9553  0.0683  0.2876
Y  0.1388  0.7554 -0.6404
Z -0.2610  0.6518  0.7121

PART 39
OFFSET  13.2992  9.8444 -24.3988
X -0.8219 -0.5365  0.1914
Y -0.5298  0.5968 -0.6025
Z  0.2090 -0.5966 -0.7748

PART 40
OFFSET  12.3436  10.0245 -23.4923
X  0.9479 -0.2993  0.1088
Y  0.3084  0.7777 -0.5477
Z  0.0793  0.5528  0.8296

PART 41
OFFSET  6.5420 -4.8304 -16.2986
X -0.7752 -0.5622  0.2881
Y  0.3565 -0.7658 -0.5352
Z  0.5216 -0.3122  0.7940

PART 42
OFFSET  6.7820 -2.9997 -17.0734
X -0.7786 -0.5567  0.2897
Y -0.5661  0.4236 -0.7072
Z  0.2710 -0.7146 -0.6449

PART 43
OFFSET  7.1240 -2.3230 -16.1649
X -0.7786 -0.5567  0.2897
Y -0.5661  0.4236 -0.7072
Z  0.2710 -0.7146 -0.6449

PART 44
OFFSET  8.0728 -3.0564 -15.3876
X -0.7786 -0.5567  0.2897
Y -0.5661  0.4236 -0.7072
Z  0.2710 -0.7146 -0.6449

PART 45
OFFSET  8.9184 -3.1067 -17.1818
X -0.1255 -0.9274  0.3524
Y  0.4967 -0.3662 -0.7869
Z  0.8588  0.0763  0.5066

PART 46
OFFSET  8.1430 -2.3675 -16.7891
X  0.5849 -0.8016  0.1238
Y  0.2112  0.0031 -0.9774
Z  0.7831  0.5979  0.1711

PART 47
OFFSET  6.8162 -0.6713 -16.9682
X -0.0519 -0.6014  0.7973
Y  0.6351 -0.6360 -0.4384
Z  0.7707  0.4836  0.4150

PART 48
OFFSET  6.8516  0.2075 -18.3279
X -0.3755  0.0878  0.9227
Y  0.4520 -0.8518  0.2649
Z  0.8092  0.5165  0.2802

PART 49
OFFSET  7.2129  0.1034 -19.3430
X -0.7038 -0.4425  0.5557
Y -0.5331 -0.1881 -0.8249
Z  0.4696 -0.8768 -0.1035

PART 50
OFFSET  9.3831 -2.7295 -18.4250
X -0.1271 -0.6280  0.7678
Y  0.8909  0.2680  0.3667
Z -0.4360  0.7306  0.5255

PART 51
OFFSET  9.4959 -1.2449 -20.1184
X  0.8463 -0.1641  0.5069
Y  0.5047  0.5514 -0.6642
Z -0.1705  0.8180  0.5494

PART 52
OFFSET  8.2979 -1.0126 -20.8361
X  0.8569  0.3960 -0.3300
Y -0.4961  0.4597 -0.7366
Z -0.1400  0.7949  0.5903

PART 53
OFFSET  7.5380 -1.3637 -20.5435
X  0.1096  0.5652 -0.8177
Y -0.9775 -0.0881 -0.1919
Z -0.1805  0.8203  0.5428

PART 54
OFFSET  7.4339 -1.9007 -19.7666
X  0.5559 -0.4956  0.6674
Y -0.8312 -0.3266  0.4499
Z -0.0050 -0.8048 -0.5935

PART 55
OFFSET  9.2005 -2.2715 -17.9088
X -0.1145 -0.7696  0.6282
Y  0.8696  0.2281  0.4380
Z -0.4804  0.5964  0.6431

PART 56
OFFSET  9.5883 -0.3578 -19.6251
X  0.7920 -0.1133  0.5999
Y  0.5543  0.5451 -0.6290
Z -0.2557  0.8307  0.4945

PART 57
OFFSET  8.2399 -0.1649 -20.6465
X  0.7286  0.5031 -0.4648
Y -0.6418  0.2644 -0.7199
Z -0.2393  0.8228  0.5155

PART 58
OFFSET  7.2301 -0.8622 -20.0023
X -0.0591  0.5213 -0.8514
Y -0.9681 -0.2381 -0.0785
Z -0.2436  0.8195  0.5187

PART 59
OFFSET  7.2942 -1.4275 -19.0790
X  0.5894 -0.2508  0.7679
Y -0.7479 -0.5288  0.4014
Z  0.3054 -0.8109 -0.4992

PART 60
OFFSET  8.4363 -6.6160 -14.7784
X  0.0246 -0.7806  0.6246
Y -0.8381 -0.3566 -0.4127
Z  0.5449 -0.5133 -0.6630

PART 61
OFFSET  9.3522  0.8115 -17.7731
X -0.2772 -0.8760  0.3948
Y  0.8747 -0.0601  0.4809
Z -0.3975  0.4786  0.7829

PART 62
OFFSET  9.8403  2.3537 -18.4682
X  0.6936 -0.3475  0.6310
Y  0.5682  0.8024 -0.1827
Z -0.4428  0.4853  0.7540

PART 63
OFFSET  8.9702  2.8056 -19.1895
X  0.8942 -0.0266  0.4469
Y  0.2338  0.8791 -0.4154
Z -0.3818  0.4759  0.7923

PART 64
OFFSET  7.9602  2.8357 -19.6943
X -0.6095 -0.6511  0.4523
Y -0.7239  0.2244 -0.6524
Z  0.3233 -0.7251 -0.6081

PART 65
OFFSET  9.7237  0.3016 -18.6800
X  0.7097 -0.1920  0.6778
Y  0.5947  0.6791 -0.4303
Z -0.3777  0.7085  0.5962

PART 66
OFFSET  8.3372  0.6768 -20.0042
X  0.7862  0.5837 -0.2028
Y -0.4753  0.3614 -0.8022
Z -0.3949  0.7271  0.5616

PART 67
OFFSET  7.1888 -0.1758 -19.7079
X  0.0124  0.5884 -0.8084
Y -0.8979 -0.3493 -0.2680
Z -0.4401  0.7292  0.5240

PART 68
OFFSET  7.1773 -0.8476 -18.7961
X  0.5921 -0.2747  0.7576
Y -0.7260 -0.5899  0.3535
Z  0.3498 -0.7593 -0.5488

PART 69
OFFSET  8.2744  2.4792 -18.4876
X  0.3362  0.7876 -0.5165
Y -0.9067  0.1223 -0.4037
Z -0.2548  0.6040  0.7552

PART 70
OFFSET  9.7138  8.0495 -19.3353
X  0.3309  0.7997 -0.5009
Y -0.9067  0.1223 -0.4037
Z -0.2616  0.5878  0.7656

PART 71
OFFSET  9.6056  5.9666 -20.4582
X  0.3362  0.7876 -0.5165
Y -0.9067  0.1223 -0.4037
Z -0.2548  0.6040  0.7552

PART 72
OFFSET  9.3702  3.6856 -20.5832
X  0.3362  0.7876 -0.5165
Y -0.9067  0.1223 -0.4037
Z -0.2548  0.6040  0.7552

PART 73
OFFSET  10.4260  8.5397 -19.4114
X  0.5966  0.2463  0.7638
Y  0.3362  0.7875 -0.5165
Z -0.7287  0.5649  0.3870

PART 74
OFFSET  16.4563  23.3076 -30.5927
X  0.3362  0.7876 -0.5165
Y -0.9067  0.1223 -0.4037
Z -0.2548  0.6040  0.7552


FRAME 2
PART 0
OFFSET -7.2604 -4.8127 -5.4071
X -0.6171  0.3718  0.6936
Y  0.1980 -0.7796  0.5941
Z  0.7616  0.5039  0.4075

PART 1
OFFSET  0.2021 -9.3090 -13.7950
X -0.7756 -0.5677  0.2758
Y  0.2939 -0.7116 -0.6381
Z  0.5586 -0.4139  0.7188

PART 2
OFFSET  0.0000 -0.0000 -0.0000
X  1.0000 -0.0000  0.0000
Y  0.0000  1.0000  0.0000
Z  0.0000 -0.0000  1.0000

PART 3
OFFSET  0.0000 -0.0000 -0.0000
X  1.0000 -0.0001  0.0001
Y  0.0001  1.0000 -0.0001
Z -0.0001  0.0001  1.0000

PART 4
OFFSET  1.5398  0.0002  4.1359
X  1.0000 -0.0001  0.0001
Y  0.0001  1.0000 -0.0001
Z -0.0001  0.0001  1.0000

PART 5
OFFSET  0.0000 -0.0000  0.0000
X  1.0000 -0.0000  0.0000
Y  0.0000  1.0000  0.0000
Z  0.0000 -0.0000  1.0000

PART 6
OFFSET -4.6318 -0.0000 -1.3770
X  1.0000 -0.0000  0.0000
Y  0.0000  1.0000  0.0000
Z  0.0000 -0.0000  1.0000

PART 7
OFFSET -3.5060  6.3408 -6.7125
X  0.5806  0.0660 -0.8115
Y  0.3553 -0.9173  0.1796
Z -0.7325 -0.3926 -0.5561

PART 8
OFFSET  3.5163  7.1390 -16.5264
X  0.5805  0.0666 -0.8116
Y  0.8115 -0.1298  0.5698
Z -0.0674 -0.9893 -0.1294

PART 9
OFFSET  8.4533  7.7057 -23.4291
X  0.5805  0.0666 -0.8116
Y  0.2079  0.9515  0.2268
Z  0.7873 -0.3004  0.5384

PART 10
OFFSET  8.8541  9.7226 -24.6979
X  0.5758  0.0700 -0.8146
Y  0.0542  0.9909  0.1234
Z  0.8158 -0.1152  0.5667

PART 11
OFFSET  7.9738  7.2139 -25.0620
X  0.5758  0.0700 -0.8146
Y  0.0542  0.9909  0.1234
Z  0.8158 -0.1152  0.5667

PART 12
OFFSET  10.7795  9.1415 -24.0124
X  0.5758  0.0700 -0.8146
Y  0.0542  0.9909  0.1234
Z  0.8158 -0.1152  0.5667

PART 13
OFFSET  10.6484  7.4753 -24.1200
X  0.5758  0.0700 -0.8146
Y  0.0542  0.9909  0.1234
Z  0.8158 -0.1152  0.5667

PART 14
OFFSET  10.1819  5.9011 -24.1131
X  0.5758  0.0700 -0.8146
Y  0.0542  0.9909  0.1234
Z  0.8158 -0.1152  0.5667

PART 15
OFFSET  10.3013  8.4225 -24.8999
X  0.6010  0.3513  0.7179
Y -0.5277 -0.5002  0.6866
Z  0.6003 -0.7914 -0.1152

PART 16
OFFSET  11.5789  9.0867 -23.2886
X  0.6710  0.7380  0.0718
Y  0.0531 -0.1445  0.9881
Z  0.7395 -0.6592 -0.1361

PART 17
OFFSET  12.7418  10.2129 -23.2468
X  0.4674  0.5125 -0.7203
Y  0.6620  0.3371  0.6694
Z  0.5859 -0.7898 -0.1817

PART 18
OFFSET  13.2854  10.7366 -24.0227
X  0.1051  0.9551 -0.2771
Y -0.9131  0.2031  0.3536
Z  0.3940  0.2158  0.8934

PART 19
OFFSET  11.1632  8.4218 -26.7978
X  0.6474  0.6788 -0.3466
Y  0.7331 -0.4302  0.5268
Z  0.2084 -0.5951 -0.7761

PART 20
OFFSET  12.6773  9.9809 -27.3989
X  0.6226 -0.2725  0.7336
Y -0.6641 -0.6798  0.3111
Z  0.4139 -0.6809 -0.6042

PART 21
OFFSET  13.5588  9.5951 -26.3603
X -0.3463 -0.7327  0.5858
Y -0.8170 -0.0713 -0.5722
Z  0.4610 -0.6768 -0.5739

PART 22
OFFSET  13.2518  8.9454 -25.8409
X -0.7728 -0.6144  0.1591
Y -0.4857  0.4111 -0.7714
Z  0.4086 -0.6734 -0.6161

PART 23
OFFSET  12.5176  8.3617 -25.6897
X  0.8369  0.3093  0.4516
Y  0.1822  0.6206 -0.7626
Z -0.5162  0.7205  0.4630

PART 24
OFFSET  10.8293  8.8069 -26.2980
X  0.4668  0.8261 -0.3158
Y  0.8406 -0.3034  0.4488
Z  0.2749 -0.4750 -0.8360

PART 25
OFFSET  12.2703  10.8430 -27.0302
X  0.6903 -0.2976  0.6594
Y -0.6503 -0.6547  0.3853
Z  0.3171 -0.6948 -0.6455

PART 26
OFFSET  13.4456  10.3363 -25.9075
X -0.4756 -0.7068  0.5238
Y -0.8105  0.1206 -0.5732
Z  0.3419 -0.6971 -0.6302

PART 27
OFFSET  12.7865  9.3568 -25.1816
X -0.8836 -0.4672  0.0308
Y -0.3176  0.5496 -0.7727
Z  0.3441 -0.6926 -0.6340

PART 28
OFFSET  11.0327  10.9889 -24.4369
X  0.6385  0.7651 -0.0837
Y -0.7104  0.5440 -0.4466
Z -0.2961  0.3446  0.8908

PART 29
OFFSET  12.7160  10.9559 -24.3254
X -0.5728 -0.6195  0.5368
Y -0.8011  0.2844 -0.5267
Z  0.1736 -0.7317 -0.6592

PART 30
OFFSET  11.5183  11.4476 -26.5019
X  0.8612 -0.1259  0.4924
Y -0.3977 -0.7701  0.4988
Z  0.3164 -0.6254 -0.7133

PART 31
OFFSET  10.2327  7.9099 -25.9171
X  0.3427  0.9379 -0.0535
Y -0.4416  0.2111  0.8720
Z  0.8292 -0.2752  0.4865

PART 32
OFFSET  10.9270  11.8260 -25.6488
X  0.9637 -0.0040  0.2669
Y -0.1946 -0.6952  0.6920
Z  0.1828 -0.7188 -0.6707

PART 33
OFFSET  12.6238  11.8189 -25.1788
X  0.0851 -0.7421  0.6649
Y -0.9791 -0.1858 -0.0821
Z  0.1845 -0.6440 -0.7424

PART 34
OFFSET  13.2007  11.2016 -25.5400
X -0.1184 -0.7692  0.6280
Y -0.9559 -0.0828 -0.2817
Z  0.2686 -0.6337 -0.7255

PART 35
OFFSET  8.3284  2.7639 -18.4870
X  0.3059  0.7801 -0.5457
Y -0.9117  0.0750 -0.4039
Z -0.2741  0.6211  0.7342

PART 36
OFFSET  11.8282  8.8501 -25.1482
X  0.9223  0.0348  0.3850
Y  0.2318  0.7473 -0.6228
Z -0.3093  0.6636  0.6812

PART 37
OFFSET  12.6635  9.9195 -25.7909
X  0.2911 -0.5304 -0.7962
Y -0.8292  0.2753 -0.4865
Z  0.4772  0.8018 -0.3597

PART 38
OFFSET  12.1220  9.4408 -24.3853
X  0.9531  0.1129  0.2808
Y  0.1095  0.7364 -0.6676
Z -0.2822  0.6670  0.6895

PART 39
OFFSET  13.0277  10.0781 -24.6228
X -0.8014 -0.5585  0.2140
Y -0.5529  0.5554 -0.6212
Z  0.2281 -0.6161 -0.7539

PART 40
OFFSET  12.0690  10.2561 -23.7192
X  0.9585 -0.2609  0.1153
Y  0.2784  0.7682 -0.5765
Z  0.0618  0.5846  0.8089

PART 41
OFFSET  6.7992 -4.4802 -16.1409
X -0.7756 -0.5677  0.2758
Y  0.3803 -0.7691 -0.5137
Z  0.5038 -0.2936  0.8124

PART 42
OFFSET  7.0321 -2.6365 -16.9068
X -0.7791 -0.5622  0.2774
Y -0.5604  0.4262 -0.7101
Z  0.2810 -0.7087 -0.6471

PART 43
OFFSET  7.3552 -1.9603 -15.9974
X -0.7791 -0.5622  0.2774
Y -0.5604  0.4262 -0.7101
Z  0.2810 -0.7087 -0.6471

PART 44
OFFSET  8.3195 -2.7240 -15.2172
X -0.7791 -0.5622  0.2774
Y -0.5604  0.4262 -0.7101
Z  0.2810 -0.7087 -0.6471

PART 45
OFFSET  9.1770 -2.7396 -16.9865
X -0.0922 -0.9177  0.3865
Y  0.5070 -0.3773 -0.7750
Z  0.8570  0.1245  0.5001

PART 46
OFFSET  8.3774 -2.0139 -16.6179
X  0.6128 -0.7758  0.1506
Y  0.2083 -0.0253 -0.9777
Z  0.7623  0.6305  0.1461

PART 47
OFFSET  6.9918 -0.3724 -16.8534
X -0.0288 -0.5733  0.8189
Y  0.6557 -0.6292 -0.4174
Z  0.7545  0.5249  0.3940

PART 48
OFFSET  6.9930  0.4567 -18.2444
X -0.3758  0.1084  0.9203
Y  0.4820 -0.8253  0.2940
Z  0.7914  0.5541  0.2580

PART 49
OFFSET  7.3550  0.3282 -19.2564
X -0.6865 -0.4461  0.5742
Y -0.5284 -0.2365 -0.8154
Z  0.4995 -0.8632 -0.0733

PART 50
OFFSET  9.6249 -2.3923 -18.2444
X -0.1031 -0.6036  0.7906
Y  0.8820  0.3119  0.3531
Z -0.4598  0.7338  0.5002

PART 51
OFFSET  9.6814 -0.9676 -19.9913
X  0.8528 -0.1160  0.5092
Y  0.4835  0.5439 -0.6859
Z -0.1974  0.8311  0.5199

PART 52
OFFSET  8.4741 -0.8034 -20.7121
X  0.8417  0.4131 -0.3476
Y -0.5137  0.4149 -0.7509
Z -0.1660  0.8107  0.5615

PART 53
OFFSET  7.7277 -1.1697 -20.4038
X  0.0877  0.5384 -0.8381
Y -0.9743 -0.1289 -0.1847
Z -0.2075  0.8328  0.5132

PART 54
OFFSET  7.6445 -1.6812 -19.6076
X  0.5746 -0.4513  0.6828
Y -0.8182 -0.3385  0.4648
Z  0.0214 -0.8257 -0.5637

PART 55
OFFSET  9.4278 -1.9224 -17.7445
X -0.0859 -0.7496  0.6563
Y  0.8623  0.2740  0.4259
Z -0.4991  0.6025  0.6228

PART 56
OFFSET  9.7442 -0.0604 -19.5310
X  0.7971 -0.0637  0.6005
Y  0.5334  0.5406 -0.6506
Z -0.2832  0.8388  0.4649

PART 57
OFFSET  8.3871  0.0481 -20.5533
X  0.7094  0.5107 -0.4857
Y -0.6525  0.2154 -0.7265
Z -0.2664  0.8323  0.4861

PART 58
OFFSET  7.4040 -0.6597 -19.8801
X -0.0795  0.4874 -0.8695
Y -0.9594 -0.2742 -0.0660
Z -0.2706  0.8290  0.4894

PART 59
OFFSET  7.4901 -1.1883 -18.9371
X  0.5999 -0.2019  0.7742
Y -0.7279 -0.5394  0.4233
Z  0.3321 -0.8175 -0.4705

PART 60
OFFSET  8.8239 -6.1732 -14.4547
X  0.0534 -0.7559  0.6525
Y -0.8263 -0.4003 -0.3961
Z  0.5607 -0.5180 -0.6460

PART 61
OFFSET  9.4724  1.1670 -17.7220
X -0.2455 -0.8700  0.4275
Y  0.8776 -0.0121  0.4793
Z -0.4119  0.4928  0.7665

PART 62
OFFSET  9.9046  2.6987 -18.4748
X  0.7070 -0.2999  0.6405
Y  0.5394  0.8144 -0.2141
Z -0.4574  0.4968  0.7375

PART 63
OFFSET  9.0174  3.0935 -19.2087
X  0.8958  0.0208  0.4441
Y  0.2019  0.8709 -0.4481
Z -0.3960  0.4910  0.7759

PART 64
OFFSET  8.0056  3.0701 -19.7103
X -0.5853 -0.6548  0.4782
Y -0.7330  0.1752 -0.6573
Z  0.3467 -0.7352 -0.5825

PART 65
OFFSET  9.8590  0.6374 -18.6112
X  0.7178 -0.1424  0.6816
Y  0.5695  0.6832 -0.4571
Z -0.4005  0.7163  0.5714

PART 66
OFFSET  8.4567  0.9156 -19.9427
X  0.7649  0.6028 -0.2270
Y -0.4897  0.3152 -0.8129
Z -0.4185  0.7330  0.5363

PART 67
OFFSET  7.3395  0.0351 -19.6110
X -0.0103  0.5586 -0.8294
Y -0.8859 -0.3898 -0.2515
Z -0.4638  0.7322  0.4988

PART 68
OFFSET  7.3539 -0.6029 -18.6753
X  0.6034 -0.2261  0.7647
Y -0.7041 -0.6014  0.3776
Z  0.3745 -0.7663 -0.5221

PART 69
OFFSET  8.3284  2.7639 -18.4870
X  0.3059  0.7801 -0.5457
Y -0.9117  0.0750 -0.4039
Z -0.2741  0.6211  0.7342

PART 70
OFFSET  9.5632  8.3485 -19.5392
X  0.3003  0.7927 -0.5306
Y -0.9117  0.0750 -0.4039
Z -0.2803  0.6050  0.7452

PART 71
OFFSET  9.5267  6.2241 -20.5865
X  0.3059  0.7801 -0.5457
Y -0.9117  0.0750 -0.4039
Z -0.2741  0.6211  0.7342

PART 72
OFFSET  9.3735  3.9331 -20.6290
X  0.3059  0.7801 -0.5457
Y -0.9117  0.0750 -0.4039
Z -0.2741  0.6211  0.7342

PART 73
OFFSET  10.2570  8.8609 -19.6359
X  0.5896  0.2948  0.7519
Y  0.3059  0.7801 -0.5458
Z -0.7475  0.5518  0.3698

PART 74
OFFSET  15.7157  23.4260 -31.3635
X  0.3059  0.7801 -0.5457
Y -0.9117  0.0750 -0.4039
Z -0.2741  0.6211  0.7342


FRAME 3
PART 0
OFFSET -7.2604 -4.8127 -5.4071
X -0.6360  0.3576  0.6839
Y  0.1892 -0.7869  0.5874
Z  0.7482  0.5029  0.4328

PART 1
OFFSET  0.4310 -9.1375 -13.6776
X -0.7753 -0.5828  0.2434
Y  0.3207 -0.6953 -0.6432
Z  0.5441 -0.4206  0.7260

PART 2
OFFSET  0.0000 -0.0000 -0.0000
X  1.0000 -0.0000  0.0000
Y  0.0000  1.0000  0.0000
Z  0.0000 -0.0000  1.0000

PART 3
OFFSET  0.0000 -0.0000 -0.0000
X  1.0000 -0.0004  0.0006
Y  0.0004  1.0000 -0.0004
Z -0.0006  0.0004  1.0000

PART 4
OFFSET  1.5379  0.0010  4.1367
X  1.0000 -0.0004  0.0006
Y  0.0004  1.0000 -0.0004
Z -0.0006  0.0004  1.0000

PART 5
OFFSET  0.0000 -0.0000  0.0000
X  1.0000 -0.0000  0.0000
Y  0.0000  1.0000  0.0000
Z  0.0000 -0.0000  1.0000

PART 6
OFFSET -4.6318 -0.0000 -1.3770
X  1.0000 -0.0000  0.0000
Y  0.0000  1.0000  0.0000
Z  0.0000 -0.0000  1.0000

PART 7
OFFSET -3.5060  6.3408 -6.7125
X  0.5777  0.0660 -0.8136
Y  0.3341 -0.9285  0.1619
Z -0.7448 -0.3654 -0.5584

PART 8
OFFSET  3.4801  7.1387 -16.5522
X  0.5775  0.0666 -0.8137
Y  0.8112 -0.1589  0.5627
Z -0.0918 -0.9850 -0.1458

PART 9
OFFSET  8.3918  7.7052 -23.4730
X  0.5775  0.0666 -0.8137
Y  0.1719  0.9644  0.2009
Z  0.7981 -0.2559  0.5455

PART 10
OFFSET  8.8341  9.7335 -24.7095
X  0.5728  0.0701 -0.8167
Y  0.0787  0.9870  0.1399
Z  0.8159 -0.1444  0.5599

PART 11
OFFSET  7.8918  7.2532 -25.1111
X  0.5728  0.0701 -0.8167
Y  0.0787  0.9870  0.1399
Z  0.8159 -0.1444  0.5599

PART 12
OFFSET  10.7486  9.0948 -24.0453
X  0.5728  0.0701 -0.8167
Y  0.0787  0.9870  0.1399
Z  0.8159 -0.1444  0.5599

PART 13
OFFSET  10.5770  7.4342 -24.1804
X  0.5728  0.0701 -0.8167
Y  0.0787  0.9870  0.1399
Z  0.8159 -0.1444  0.5599

PART 14
OFFSET  10.0728  5.8718 -24.1977
X  0.5728  0.0701 -0.8167
Y  0.0787  0.9870  0.1399
Z  0.8159 -0.1444  0.5599

PART 15
OFFSET  10.2220  8.4654 -24.9727
X  0.5949  0.3978  0.6984
Y -0.5087 -0.4864  0.7104
Z  0.6223 -0.7779 -0.0870

PART 16
OFFSET  11.4897  9.2319 -23.3994
X  0.6498  0.7592  0.0366
Y  0.0633 -0.1020  0.9928
Z  0.7575 -0.6428 -0.1144

PART 17
OFFSET  12.6197  10.3917 -23.4124
X  0.4480  0.4955 -0.7442
Y  0.6561  0.3833  0.6501
Z  0.6074 -0.7795 -0.1534

PART 18
OFFSET  13.1431  10.8984 -24.2131
X  0.0757  0.9455 -0.3168
Y -0.9164  0.1912  0.3517
Z  0.3931  0.2637  0.8809

PART 19
OFFSET  11.0719  8.4111 -26.8752
X  0.6253  0.6822 -0.3789
Y  0.7485 -0.3869  0.5386
Z  0.2208 -0.6204 -0.7526

PART 20
OFFSET  12.5365  9.9869 -27.5509
X  0.6347 -0.2240  0.7396
Y -0.6422 -0.6852  0.3436
Z  0.4298 -0.6931 -0.5788

PART 21
OFFSET  13.4351  9.6697 -26.5038
X -0.3213 -0.7176  0.6179
Y -0.8181 -0.1183 -0.5628
Z  0.4769 -0.6864 -0.5490

PART 22
OFFSET  13.1503  9.0335 -25.9560
X -0.7536 -0.6293  0.1899
Y -0.5021  0.3648 -0.7841
Z  0.4241 -0.6863 -0.5909

PART 23
OFFSET  12.4343  8.4357 -25.7756
X  0.8303  0.3515  0.4324
Y  0.1595  0.5936 -0.7888
Z -0.5340  0.7239  0.4368

PART 24
OFFSET  10.7301  8.8067 -26.3892
X  0.4407  0.8254 -0.3529
Y  0.8517 -0.2604  0.4547
Z  0.2834 -0.5009 -0.8178

PART 25
OFFSET  12.1069  10.8514 -27.2149
X  0.7027 -0.2502  0.6660
Y -0.6287 -0.6567  0.4166
Z  0.3331 -0.7114 -0.6188

PART 26
OFFSET  13.3033  10.4254 -26.0810
X -0.4517 -0.6979  0.5558
Y -0.8172  0.0735 -0.5717
Z  0.3581 -0.7124 -0.6035

PART 27
OFFSET  12.6773  9.4582 -25.3107
X -0.8695 -0.4907  0.0564
Y -0.3381  0.5079 -0.7923
Z  0.3601 -0.7080 -0.6075

PART 28
OFFSET  10.8815  11.0686 -24.6207
X  0.6155  0.7790 -0.1197
Y -0.7286  0.5045 -0.4633
Z -0.3005  0.3724  0.8781

PART 29
OFFSET  12.5658  11.0885 -24.5204
X -0.5513 -0.6130  0.5659
Y -0.8122  0.2393 -0.5320
Z  0.1907 -0.7530 -0.6298

PART 30
OFFSET  11.3409  11.4554 -26.7064
X  0.8675 -0.0807  0.4908
Y -0.3722 -0.7600  0.5329
Z  0.3300 -0.6449 -0.6893

PART 31
OFFSET  10.1621  7.9094 -25.9675
X  0.3151  0.9444 -0.0945
Y -0.4422  0.2342  0.8658
Z  0.8398 -0.2310  0.4913

PART 32
OFFSET  10.7442  11.8516 -25.8653
X  0.9650  0.0346  0.2598
Y -0.1701 -0.6713  0.7214
Z  0.1994 -0.7403 -0.6420

PART 33
OFFSET  12.4433  11.9126 -25.4078
X  0.1107 -0.7113  0.6941
Y -0.9738 -0.2171 -0.0672
Z  0.1985 -0.6685 -0.7167

PART 34
OFFSET  13.0357  11.2977 -25.7476
X -0.0922 -0.7457  0.6599
Y -0.9548 -0.1217 -0.2710
Z  0.2824 -0.6551 -0.7008

PART 35
OFFSET  8.3834  3.0234 -18.2142
X  0.2798  0.7654 -0.5795
Y -0.9160  0.0321 -0.3999
Z -0.2875  0.6427  0.7101

PART 36
OFFSET  11.7344  8.9260 -25.2495
X  0.9232  0.0771  0.3765
Y  0.2062  0.7273 -0.6546
Z -0.3243  0.6820  0.6556

PART 37
OFFSET  12.5344  9.9915 -25.9415
X  0.3015 -0.5542 -0.7759
Y -0.8398  0.2310 -0.4913
Z  0.4516  0.7997 -0.3958

PART 38
OFFSET  12.0156  9.5559 -24.5137
X  0.9511  0.1517  0.2690
Y  0.0840  0.7111 -0.6981
Z -0.2972  0.6865  0.6636

PART 39
OFFSET  12.9010  10.2086 -24.7837
X -0.7836 -0.5720  0.2426
Y -0.5726  0.5132 -0.6394
Z  0.2412 -0.6399 -0.7296

PART 40
OFFSET  11.9431  10.3961 -23.8812
X  0.9663 -0.2283  0.1189
Y  0.2525  0.7515 -0.6096
Z  0.0498  0.6190  0.7838

PART 41
OFFSET  7.0250 -4.1803 -15.7479
X -0.7753 -0.5828  0.2434
Y  0.4067 -0.7555 -0.5136
Z  0.4832 -0.2992  0.8228

PART 42
OFFSET  7.2541 -2.3191 -16.4716
X -0.7788 -0.5774  0.2450
Y -0.5464  0.4327 -0.7171
Z  0.3080 -0.6924 -0.6525

PART 43
OFFSET  7.5427 -1.6560 -15.5413
X -0.7788 -0.5774  0.2450
Y -0.5464  0.4327 -0.7171
Z  0.3080 -0.6924 -0.6525

PART 44
OFFSET  8.4960 -2.4232 -14.7494
X -0.7788 -0.5774  0.2450
Y -0.5464  0.4327 -0.7171
Z  0.3080 -0.6924 -0.6525

PART 45
OFFSET  9.4018 -2.3935 -16.4942
X -0.0616 -0.9038  0.4235
Y  0.5131 -0.3926 -0.7633
Z  0.8561  0.1703  0.4879

PART 46
OFFSET  8.5828 -1.6780 -16.1485
X  0.6372 -0.7502  0.1766
Y  0.2025 -0.0582 -0.9776
Z  0.7437  0.6586  0.1148

PART 47
OFFSET  7.1462 -0.0899 -16.4384
X -0.0058 -0.5405  0.8413
Y  0.6718 -0.6253 -0.3971
Z  0.7407  0.5629  0.3668

PART 48
OFFSET  7.1127  0.6823 -17.8613
X -0.3728  0.1338  0.9182
Y  0.5090 -0.7979  0.3229
Z  0.7759  0.5877  0.2294

PART 49
OFFSET  7.4717  0.5243 -18.8702
X -0.6687 -0.4432  0.5970
Y -0.5264 -0.2849 -0.8011
Z  0.5251 -0.8499 -0.0427

PART 50
OFFSET  9.8303 -2.0835 -17.7684
X -0.0793 -0.5742  0.8149
Y  0.8744  0.3524  0.3334
Z -0.4786  0.7390  0.4741

PART 51
OFFSET  9.8317 -0.7291 -19.5712
X  0.8593 -0.0696  0.5066
Y  0.4620  0.5303 -0.7108
Z -0.2192  0.8450  0.4879

PART 52
OFFSET  8.6151 -0.6305 -20.2884
X  0.8264  0.4241 -0.3705
Y -0.5312  0.3687 -0.7628
Z -0.1869  0.8272  0.5300

PART 53
OFFSET  7.8823 -1.0065 -19.9599
X  0.0656  0.5067 -0.8596
Y -0.9711 -0.1656 -0.1717
Z -0.2294  0.8461  0.4812

PART 54
OFFSET  7.8200 -1.4879 -19.1433
X  0.5926 -0.4059  0.6957
Y -0.8043 -0.3442  0.4844
Z  0.0429 -0.8466 -0.5304

PART 55
OFFSET  9.6224 -1.6001 -17.2862
X -0.0586 -0.7249  0.6863
Y  0.8563  0.3169  0.4078
Z -0.5131  0.6116  0.6022

PART 56
OFFSET  9.8698  0.1974 -19.1480
X  0.8026 -0.0154  0.5963
Y  0.5122  0.5300 -0.6758
Z -0.3056  0.8479  0.4333

PART 57
OFFSET  8.5032  0.2237 -20.1631
X  0.6902  0.5120 -0.5113
Y -0.6636  0.1663 -0.7293
Z -0.2885  0.8427  0.4546

PART 58
OFFSET  7.5467 -0.4859 -19.4545
X -0.1001  0.4495 -0.8877
Y -0.9510 -0.3055 -0.0474
Z -0.2925  0.8394  0.4580

PART 59
OFFSET  7.6552 -0.9734 -18.4917
X  0.6109 -0.1524  0.7769
Y -0.7083 -0.5437  0.4503
Z  0.3538 -0.8253 -0.4401

PART 60
OFFSET  9.1706 -5.7317 -13.8246
X  0.0808 -0.7271  0.6817
Y -0.8163 -0.4407 -0.3733
Z  0.5719 -0.5264 -0.6292

PART 61
OFFSET  9.5728  1.4876 -17.3874
X -0.2159 -0.8592  0.4639
Y  0.8807  0.0337  0.4725
Z -0.4216  0.5105  0.7494

PART 62
OFFSET  9.9529  3.0002 -18.2041
X  0.7200 -0.2524  0.6464
Y  0.5129  0.8211 -0.2507
Z -0.4674  0.5120  0.7207

PART 63
OFFSET  9.0491  3.3382 -18.9462
X  0.8977  0.0657  0.4358
Y  0.1722  0.8579 -0.4841
Z -0.4057  0.5096  0.7588

PART 64
OFFSET  8.0352  3.2641 -19.4384
X -0.5618 -0.6525  0.5085
Y -0.7424  0.1264 -0.6580
Z  0.3651 -0.7472 -0.5554

PART 65
OFFSET  9.9693  0.9347 -18.2578
X  0.7263 -0.0931  0.6810
Y  0.5453  0.6812 -0.4885
Z -0.4184  0.7262  0.5455

PART 66
OFFSET  8.5504  1.1166 -19.5881
X  0.7446  0.6161 -0.2570
Y -0.5045  0.2673 -0.8210
Z -0.4371  0.7409  0.5099

PART 67
OFFSET  7.4628  0.2168 -19.2128
X -0.0329  0.5242 -0.8509
Y -0.8752 -0.4262 -0.2287
Z -0.4826  0.7373  0.4728

PART 68
OFFSET  7.5028 -0.3825 -18.2526
X  0.6151 -0.1769  0.7684
Y -0.6828 -0.6068  0.4069
Z  0.3942 -0.7749 -0.4940

PART 69
OFFSET  8.3834  3.0234 -18.2142
X  0.2798  0.7654 -0.5795
Y -0.9160  0.0321 -0.3999
Z -0.2875  0.6427  0.7101

PART 70
OFFSET  9.4492  8.5930 -19.5037
X  0.2739  0.7784 -0.5649
Y -0.9160  0.0321 -0.3999
Z -0.2932  0.6270  0.7218

PART 71
OFFSET  9.4680  6.4271 -20.4627
X  0.2798  0.7654 -0.5795
Y -0.9160  0.0321 -0.3999
Z -0.2875  0.6427  0.7101

PART 72
OFFSET  9.3810  4.1328 -20.4101
X  0.2798  0.7654 -0.5795
Y -0.9160  0.0321 -0.3999
Z -0.2875  0.6427  0.7101

PART 73
OFFSET  10.1273  9.1207 -19.6265
X  0.5855  0.3424  0.7348
Y  0.2798  0.7654 -0.5796
Z -0.7609  0.5449  0.3523

PART 74
OFFSET  15.0889  23.3407 -31.9817
X  0.2798  0.7654 -0.5795
Y -0.9160  0.0321 -0.3999
Z -0.2875  0.6427  0.7101


FRAME 4
PART 0
OFFSET -7.2604 -4.8127 -5.4071
X -0.6435  0.3706  0.6698
Y  0.1600 -0.7906  0.5911
Z  0.7486  0.4875  0.4494

PART 1
OFFSET  0.5215 -9.2944 -13.5076
X -0.7717 -0.6076  0.1876
Y  0.3672 -0.6667 -0.6486
Z  0.5192 -0.4317  0.7376

PART 2
OFFSET  0.0000 -0.0000 -0.0000
X  1.0000 -0.0000  0.0000
Y  0.0000  1.0000  0.0000
Z  0.0000 -0.0000  1.0000

PART 3
OFFSET  0.0000 -0.0000 -0.0000
X  1.0000 -0.0010  0.0014
Y  0.0010  1.0000 -0.0010
Z -0.0014  0.0010  1.0000

PART 4
OFFSET  1.5343  0.0024  4.1380
X  1.0000 -0.0010  0.0014
Y  0.0010  1.0000 -0.0010
Z -0.0014  0.0010  1.0000

PART 5
OFFSET  0.0000 -0.0000  0.0000
X  1.0000 -0.0000  0.0000
Y  0.0000  1.0000  0.0000
Z  0.0000 -0.0000  1.0000

PART 6
OFFSET -4.6318 -0.0000 -1.3770
X  1.0000 -0.0000  0.0000
Y  0.0000  1.0000  0.0000
Z  0.0000 -0.0000  1.0000

PART 7
OFFSET -3.5060  6.3408 -6.7125
X  0.5860  0.0595 -0.8081
Y  0.3169 -0.9347  0.1610
Z -0.7458 -0.3504 -0.5666

PART 8
OFFSET  3.5814  7.0599 -16.4857
X  0.5859  0.0601 -0.8082
Y  0.8033 -0.1749  0.5693
Z -0.1072 -0.9827 -0.1508

PART 9
OFFSET  8.5643  7.5709 -23.3596
X  0.5859  0.0601 -0.8082
Y  0.1612  0.9687  0.1889
Z  0.7942 -0.2409  0.5578

PART 10
OFFSET  9.0521  9.5963 -24.5836
X  0.5813  0.0637 -0.8112
Y  0.0941  0.9850  0.1448
Z  0.8082 -0.1605  0.5666

PART 11
OFFSET  8.0716  7.1339 -25.0040
X  0.5813  0.0637 -0.8112
Y  0.0941  0.9850  0.1448
Z  0.8082 -0.1605  0.5666

PART 12
OFFSET  10.9494  8.9225 -23.9048
X  0.5813  0.0637 -0.8112
Y  0.0941  0.9850  0.1448
Z  0.8082 -0.1605  0.5666

PART 13
OFFSET  10.7510  7.2656 -24.0485
X  0.5813  0.0637 -0.8112
Y  0.0941  0.9850  0.1448
Z  0.8082 -0.1605  0.5666

PART 14
OFFSET  10.2205  5.7121 -24.0769
X  0.5813  0.0637 -0.8112
Y  0.0941  0.9850  0.1448
Z  0.8082 -0.1605  0.5666

PART 15
OFFSET  10.4305  8.3418 -24.8610
X  0.6021  0.4193  0.6795
Y -0.5012 -0.4639  0.7305
Z  0.6214 -0.7804 -0.0692

PART 16
OFFSET  11.7144  9.1568 -23.3257
X  0.6500  0.7599  0.0061
Y  0.0737 -0.0710  0.9948
Z  0.7563 -0.6462 -0.1021

PART 17
OFFSET  12.8441  10.3155 -23.3867
X  0.4401  0.4720 -0.7639
Y  0.6627  0.4033  0.6310
Z  0.6059 -0.7840 -0.1353

PART 18
OFFSET  13.3590  10.7968 -24.2082
X  0.0723  0.9351 -0.3469
Y -0.9127  0.2023  0.3551
Z  0.4022  0.2910  0.8681

PART 19
OFFSET  11.2606  8.2281 -26.7696
X  0.6212  0.6699 -0.4065
Y  0.7541 -0.3701  0.5426
Z  0.2131 -0.6436 -0.7351

PART 20
OFFSET  12.7178  9.7817 -27.5094
X  0.6424 -0.2009  0.7395
Y -0.6385 -0.6740  0.3715
Z  0.4238 -0.7109 -0.5613

PART 21
OFFSET  13.6274  9.4972 -26.4624
X -0.3147 -0.6979  0.6434
Y -0.8239 -0.1357 -0.5502
Z  0.4713 -0.7033 -0.5323

PART 22
OFFSET  13.3483  8.8784 -25.8919
X -0.7515 -0.6229  0.2173
Y -0.5103  0.3403 -0.7898
Z  0.4180 -0.7044 -0.5736

PART 23
OFFSET  12.6343  8.2867 -25.6855
X  0.8347  0.3647  0.4126
Y  0.1512  0.5687 -0.8085
Z -0.5295  0.7373  0.4196

PART 24
OFFSET  10.9238  8.6387 -26.2927
X  0.4369  0.8139 -0.3831
Y  0.8565 -0.2462  0.4537
Z  0.2750 -0.5263 -0.8046

PART 25
OFFSET  12.2917  10.6564 -27.1961
X  0.7096 -0.2294  0.6662
Y -0.6242 -0.6432  0.4434
Z  0.3268 -0.7305 -0.5997

PART 26
OFFSET  13.4998  10.2658 -26.0620
X -0.4457 -0.6801  0.5820
Y -0.8231  0.0558 -0.5652
Z  0.3519 -0.7310 -0.5847

PART 27
OFFSET  12.8821  9.3232 -25.2554
X -0.8688 -0.4886  0.0808
Y -0.3464  0.4830 -0.8042
Z  0.3539 -0.7266 -0.5889

PART 28
OFFSET  11.0932  10.9545 -24.5971
X  0.6141  0.7747 -0.1504
Y -0.7334  0.4899 -0.4712
Z -0.2914  0.3997  0.8691

PART 29
OFFSET  12.7785  10.9774 -24.5152
X -0.5453 -0.5949  0.5905
Y -0.8177  0.2227 -0.5308
Z  0.1843 -0.7723 -0.6080

PART 30
OFFSET  11.5309  11.2761 -26.6987
X  0.8726 -0.0655  0.4840
Y -0.3665 -0.7429  0.5602
Z  0.3229 -0.6662 -0.6723

PART 31
OFFSET  10.3604  7.7551 -25.8372
X  0.3139  0.9409 -0.1272
Y -0.4331  0.2612  0.8627
Z  0.8449 -0.2157  0.4895

PART 32
OFFSET  10.9430  11.6985 -25.8642
X  0.9677  0.0426  0.2486
Y -0.1625 -0.6485  0.7437
Z  0.1928 -0.7601 -0.6206

PART 33
OFFSET  12.6467  11.7734 -25.4266
X  0.1180 -0.6893  0.7148
Y -0.9744 -0.2189 -0.0502
Z  0.1911 -0.6906 -0.6975

PART 34
OFFSET  13.2356  11.1481 -25.7532
X -0.0853 -0.7247  0.6838
Y -0.9576 -0.1299 -0.2571
Z  0.2752 -0.6767 -0.6829

PART 35
OFFSET  8.4140  3.0964 -17.5565
X  0.2737  0.7469 -0.6060
Y -0.9201  0.0198 -0.3912
Z -0.2802  0.6646  0.6926

PART 36
OFFSET  11.9398  8.7933 -25.1678
X  0.9271  0.0886  0.3642
Y  0.1993  0.7065 -0.6791
Z -0.3175  0.7021  0.6373

PART 37
OFFSET  12.7324  9.8365 -25.9008
X  0.2934 -0.5782 -0.7613
Y -0.8449  0.2158 -0.4895
Z  0.4473  0.7868 -0.4252

PART 38
OFFSET  12.2287  9.4458 -24.4550
X  0.9539  0.1598  0.2542
Y  0.0766  0.6889 -0.7208
Z -0.2903  0.7070  0.6449

PART 39
OFFSET  13.1111  10.0896 -24.7545
X -0.7809 -0.5640  0.2685
Y -0.5793  0.4931 -0.6491
Z  0.2337 -0.6624 -0.7118

PART 40
OFFSET  12.1626  10.3054 -23.8483
X  0.9675 -0.2246  0.1159
Y  0.2460  0.7320 -0.6353
Z  0.0579  0.6432  0.7635

PART 41
OFFSET  7.0853 -4.1262 -15.1036
X -0.7717 -0.6076  0.1876
Y  0.4223 -0.7103 -0.5632
Z  0.4755 -0.3554  0.8047

PART 42
OFFSET  7.3146 -2.2485 -15.7463
X -0.7755 -0.6023  0.1893
Y -0.5222  0.4434 -0.7285
Z  0.3549 -0.6638 -0.6584

PART 43
OFFSET  7.5536 -1.6188 -14.7699
X -0.7755 -0.6023  0.1893
Y -0.5222  0.4434 -0.7285
Z  0.3549 -0.6638 -0.6584

PART 44
OFFSET  8.4504 -2.3430 -13.9555
X -0.7755 -0.6023  0.1893
Y -0.5222  0.4434 -0.7285
Z  0.3549 -0.6638 -0.6584

PART 45
OFFSET  9.4512 -2.2633 -15.6788
X -0.0571 -0.8900  0.4524
Y  0.5053 -0.4166 -0.7557
Z  0.8611  0.1855  0.4734

PART 46
OFFSET  8.6358 -1.5371 -15.3474
X  0.6391 -0.7444  0.1936
Y  0.1924 -0.0891 -0.9773
Z  0.7447  0.6618  0.0863

PART 47
OFFSET  7.1961  0.0413 -15.6724
X  0.0029 -0.5137  0.8580
Y  0.6678 -0.6376 -0.3841
Z  0.7444  0.5740  0.3412

PART 48
OFFSET  7.1478  0.7684 -17.1185
X -0.3633  0.1628  0.9173
Y  0.5124 -0.7874  0.3427
Z  0.7781  0.5945  0.2027

PART 49
OFFSET  7.4964  0.5785 -18.1256
X -0.6624 -0.4240  0.6176
Y -0.5346 -0.3100 -0.7862
Z  0.5248 -0.8510 -0.0213

PART 50
OFFSET  9.8665 -1.9937 -16.9666
X -0.0708 -0.5481  0.8334
Y  0.8778  0.3626  0.3131
Z -0.4738  0.7537  0.4555

PART 51
OFFSET  9.8490 -0.6968 -18.8112
X  0.8645 -0.0537  0.4997
Y  0.4546  0.5075 -0.7320
Z -0.2143  0.8600  0.4632

PART 52
OFFSET  8.6250 -0.6207 -19.5186
X  0.8225  0.4120 -0.3922
Y -0.5391  0.3446 -0.7685
Z -0.1815  0.8435  0.5055

PART 53
OFFSET  7.8958 -0.9861 -19.1709
X  0.0566  0.4793 -0.8758
Y -0.9728 -0.1708 -0.1564
Z -0.2245  0.8609  0.4566

PART 54
OFFSET  7.8420 -1.4414 -18.3388
X  0.5999 -0.3839  0.7020
Y -0.7992 -0.3286  0.5033
Z  0.0375 -0.8630 -0.5039

PART 55
OFFSET  9.6635 -1.4952 -16.4977
X -0.0514 -0.7029  0.7095
Y  0.8604  0.3294  0.3887
Z -0.5069  0.6304  0.5878

PART 56
OFFSET  9.8915  0.2425 -18.4178
X  0.8088  0.0032  0.5881
Y  0.5052  0.5083 -0.6975
Z -0.3012  0.8612  0.4094

PART 57
OFFSET  8.5145  0.2371 -19.4191
X  0.6848  0.4955 -0.5343
Y -0.6712  0.1433 -0.7273
Z -0.2839  0.8567  0.4307

PART 58
OFFSET  7.5654 -0.4497 -18.6786
X -0.1094  0.4213 -0.9003
Y -0.9514 -0.3067 -0.0279
Z -0.2879  0.8535  0.4343

PART 59
OFFSET  7.6840 -0.9065 -17.7021
X  0.6189 -0.1280  0.7750
Y -0.7035 -0.5291  0.4745
Z  0.3493 -0.8389 -0.4175

PART 60
OFFSET  9.2480 -5.5156 -12.9032
X  0.0880 -0.7053  0.7035
Y -0.8201 -0.4521 -0.3507
Z  0.5654 -0.5461 -0.6182

PART 61
OFFSET  9.6125  1.5877 -16.6957
X -0.2110 -0.8441  0.4930
Y  0.8855  0.0485  0.4620
Z -0.4139  0.5340  0.7372

PART 62
OFFSET  9.9841  3.0738 -17.5636
X  0.7267 -0.2321  0.6465
Y  0.5101  0.8126 -0.2817
Z -0.4600  0.5346  0.7089

PART 63
OFFSET  9.0726  3.3883 -18.3066
X  0.9021  0.0792  0.4242
Y  0.1671  0.8422 -0.5126
Z -0.3979  0.5333  0.7465

PART 64
OFFSET  8.0537  3.2989 -18.7857
X -0.5564 -0.6360  0.5346
Y -0.7491  0.1057 -0.6539
Z  0.3594 -0.7644 -0.5353

PART 65
OFFSET  10.0001  1.0076 -17.5522
X  0.7333 -0.0717  0.6761
Y  0.5402  0.6653 -0.5153
Z -0.4128  0.7431  0.5266

PART 66
OFFSET  8.5675  1.1476 -18.8730
X  0.7418  0.6075 -0.2840
Y -0.5130  0.2414 -0.8238
Z -0.4319  0.7567  0.4907

PART 67
OFFSET  7.4839  0.2602 -18.4583
X -0.0417  0.4971 -0.8667
Y -0.8775 -0.4330 -0.2061
Z -0.4777  0.7520  0.4543

PART 68
OFFSET  7.5339 -0.3084 -17.4800
X  0.6230 -0.1527  0.7672
Y -0.6785 -0.5934  0.4329
Z  0.3892 -0.7903 -0.4733

PART 69
OFFSET  8.4140  3.0964 -17.5565
X  0.2737  0.7469 -0.6060
Y -0.9201  0.0198 -0.3912
Z -0.2802  0.6646  0.6926

PART 70
OFFSET  9.4651  8.6229 -19.0304
X  0.2679  0.7603 -0.5917
Y -0.9201  0.0198 -0.3912
Z -0.2857  0.6492  0.7049

PART 71
OFFSET  9.4744  6.4280 -19.9214
X  0.2737  0.7469 -0.6060
Y -0.9201  0.0198 -0.3912
Z -0.2802  0.6646  0.6926

PART 72
OFFSET  9.3884  4.1366 -19.7962
X  0.2737  0.7469 -0.6060
Y -0.9201  0.0198 -0.3912
Z -0.2802  0.6646  0.6926

PART 73
OFFSET  10.1418  9.1464 -19.1766
X  0.5930  0.3651  0.7177
Y  0.2737  0.7469 -0.6061
Z -0.7572  0.5558  0.3430

PART 74
OFFSET  14.9717  22.9730 -32.0208
X  0.2737  0.7469 -0.6060
Y -0.9201  0.0198 -0.3912
Z -0.2802  0.6646  0.6926


FRAME 5
PART 0
OFFSET -7.2604 -4.8127 -5.4071
X -0.6430  0.4016  0.6521
Y  0.1146 -0.7915  0.6004
Z  0.7572  0.4608  0.4629

PART 1
OFFSET  0.5161 -9.6697 -13.2936
X -0.7639 -0.6349  0.1155
Y  0.4263 -0.6308 -0.6484
Z  0.4846 -0.4460  0.7525

PART 2
OFFSET  0.0000 -0.0000 -0.0000
X  1.0000 -0.0000  0.0000
Y  0.0000  1.0000  0.0000
Z  0.0000 -0.0000  1.0000

PART 3
OFFSET  0.0000 -0.0000 -0.0000
X  1.0000 -0.0018  0.0026
Y  0.0018  1.0000 -0.0017
Z -0.0026  0.0017  1.0000

PART 4
OFFSET  1.5295  0.0044  4.1398
X  1.0000 -0.0018  0.0026
Y  0.0018  1.0000 -0.0017
Z -0.0026  0.0017  1.0000

PART 5
OFFSET  0.0000 -0.0000  0.0000
X  1.0000 -0.0000  0.0000
Y  0.0000  1.0000  0.0000
Z  0.0000 -0.0000  1.0000

PART 6
OFFSET -4.6318 -0.0000 -1.3770
X  1.0000 -0.0000  0.0000
Y  0.0000  1.0000  0.0000
Z  0.0000 -0.0000  1.0000

PART 7
OFFSET -3.5060  6.3408 -6.7125
X  0.4084  0.0900 -0.9083
Y  0.3545 -0.9326  0.0670
Z -0.8411 -0.3494 -0.4128

PART 8
OFFSET  1.4334  7.4288 -17.6980
X  0.7730  0.0016 -0.6344
Y  0.6222 -0.1966  0.7578
Z -0.1235 -0.9805 -0.1530

PART 9
OFFSET  8.0085  7.4425 -23.0934
X  0.7730  0.0016 -0.6344
Y  0.1612  0.9667  0.1989
Z  0.6135 -0.2560  0.7470

PART 10
OFFSET  8.9074  9.3962 -24.1948
X  0.7696  0.0053 -0.6385
Y  0.1125  0.9832  0.1438
Z  0.6285 -0.1825  0.7561

PART 11
OFFSET  7.9211  6.9750 -24.7998
X  0.7696  0.0053 -0.6385
Y  0.1125  0.9832  0.1438
Z  0.6285 -0.1825  0.7561

PART 12
OFFSET  10.5294  8.6487 -23.0438
X  0.7696  0.0053 -0.6385
Y  0.1125  0.9832  0.1438
Z  0.6285 -0.1825  0.7561

PART 13
OFFSET  10.2763  7.0004 -23.1994
X  0.7696  0.0053 -0.6385
Y  0.1125  0.9832  0.1438
Z  0.6285 -0.1825  0.7561

PART 14
OFFSET  9.6795  5.4765 -23.3296
X  0.7696  0.0053 -0.6385
Y  0.1125  0.9832  0.1438
Z  0.6285 -0.1825  0.7561

PART 15
OFFSET  10.4765  8.0532 -24.0761
X  0.6217  0.4190  0.6618
Y -0.5020 -0.4354  0.7472
Z  0.6012 -0.7968 -0.0604

PART 16
OFFSET  11.8014  8.8696 -22.5767
X  0.6683  0.7436 -0.0195
Y  0.0859 -0.0511  0.9950
Z  0.7389 -0.6666 -0.0981

PART 17
OFFSET  12.9579  9.9984 -22.6785
