// Export filename: `C:\projects\cod\t5\xanim_export\t5_viewmodels\ak47\ak47_masterkey_reloadmk_outro.XANIM_EXPORT`
// Source filename: `D:\projects\devanim\t5\animation_assets\viewmodels/ak47/masterkey_set/ak47_masterkey_mkreload_empty.fbx`
// Export time: Wed Oct 28 14:21:50 2009

ANIMATION
VERSION 3

NUMPARTS 87
PART 0 "tag_torso"
PART 1 "J_Shoulder_LE"
PART 2 "J_Elbow_LE"
PART 3 "J_WristTwist_LE"
PART 4 "J_Sleave_Reshape_Bottom_LE_1"
PART 5 "J_Sleave_Reshape_Bottom_LE_2"
PART 6 "J_Sleave_Reshape_Top_LE_1"
PART 7 "J_Sleave_Reshape_Top_LE_2"
PART 8 "J_Sleave_Reshape_Top_LE_3"
PART 9 "J_Wrist_LE"
PART 10 "J_Thumb_LE_0"
PART 11 "J_Thumb_LE_1"
PART 12 "J_Thumb_LE_2"
PART 13 "J_Thumb_LE_3"
PART 14 "J_PinkyPalm_LE"
PART 15 "J_Pinky_LE_0"
PART 16 "J_Pinky_LE_1"
PART 17 "J_Pinky_LE_2"
PART 18 "J_Pinky_LE_3"
PART 19 "J_RingPalm_LE"
PART 20 "J_Ring_LE_0"
PART 21 "J_Ring_LE_1"
PART 22 "J_Ring_LE_2"
PART 23 "J_Ring_LE_3"
PART 24 "J_Webbing_LE"
PART 25 "J_Index_LE_0"
PART 26 "J_Index_LE_1"
PART 27 "J_Index_LE_2"
PART 28 "J_Index_LE_3"
PART 29 "J_Mid_LE_0"
PART 30 "J_Mid_LE_1"
PART 31 "J_Mid_LE_2"
PART 32 "J_Mid_LE_3"
PART 33 "tag_knife_attach"
PART 34 "J_Shoulder_RI"
PART 35 "J_Elbow_RI"
PART 36 "J_WristTwist_RI"
PART 37 "J_Sleave_Reshape_Top_RI_3"
PART 38 "J_Sleave_Reshape_Top_RI_2"
PART 39 "J_Sleave_Reshape_Top_RI_1"
PART 40 "J_Wrist_RI"
PART 41 "J_Thumb_RI_0"
PART 42 "J_Thumb_RI_1"
PART 43 "J_Thumb_RI_2"
PART 44 "J_Thumb_RI_3"
PART 45 "J_PinkyPalm_RI"
PART 46 "J_Pinky_RI_0"
PART 47 "J_Pinky_RI_1"
PART 48 "J_Pinky_RI_2"
PART 49 "J_Pinky_RI_3"
PART 50 "J_RingPalm_RI"
PART 51 "J_Ring_RI_0"
PART 52 "J_Ring_RI_1"
PART 53 "J_Ring_RI_2"
PART 54 "J_Ring_RI_3"
PART 55 "J_Webbing_RI"
PART 56 "J_Index_RI_0"
PART 57 "J_Index_RI_1"
PART 58 "J_Index_RI_2"
PART 59 "J_Index_RI_3"
PART 60 "J_Mid_RI_0"
PART 61 "J_Mid_RI_1"
PART 62 "J_Mid_RI_2"
PART 63 "J_Mid_RI_3"
PART 64 "tag_weapon"
PART 65 "J_Gun"
PART 66 "J_Bolt2"
PART 67 "TAG_CLIP"
PART 68 "TAG_BIG_MAG"
PART 69 "J_Trigger"
PART 70 "tag_mount"
PART 71 "TAG_GRIP"
PART 72 "tag_scope_ir"
PART 73 "TAG_TRILUX"
PART 74 "tag_masterkey"
PART 75 "tag_brass2"
PART 76 "tag_ammo2"
PART 77 "tag_pump2"
PART 78 "TAG_REFLEX"
PART 79 "tag_he_grenade"
PART 80 "tag_grenadier"
PART 81 "tag_suppressor"
PART 82 "tag_scope_colt"
PART 83 "tag_cambone"
PART 84 "tag_camera"
PART 85 "tag_gasmask"
PART 86 "tag_ads"

FRAMERATE 30
NUMFRAMES 17

FRAME 287
PART 0
OFFSET -4.6318 -0.0000 -1.3770
X  1.0000 -0.0000  0.0000
Y  0.0000  1.0000  0.0000
Z  0.0000 -0.0000  1.0000

PART 1
OFFSET -2.6015  6.9381 -8.1116
X  0.4126  0.2959 -0.8615
Y  0.2149 -0.9507 -0.2236
Z -0.8852 -0.0929 -0.4558

PART 2
OFFSET  2.3881  10.5171 -18.5307
X  0.4862 -0.5011  0.7159
Y -0.8323 -0.0158  0.5541
Z -0.2663 -0.8653 -0.4248

PART 3
OFFSET  6.5232  6.2552 -12.4414
X  0.4862 -0.5011  0.7159
Y -0.4859 -0.8359 -0.2551
Z  0.7263 -0.2238 -0.6499

PART 4
OFFSET  8.2748  6.4373 -11.5402
X  0.4919 -0.4986  0.7138
Y  0.2769  0.8668  0.4147
Z -0.8255 -0.0063  0.5644

PART 5
OFFSET  7.9547  5.1537 -12.7691
X  0.4919 -0.4986  0.7138
Y  0.2769  0.8668  0.4147
Z -0.8255 -0.0063  0.5644

PART 6
OFFSET  6.4879  6.0026 -10.0583
X  0.4919 -0.4986  0.7138
Y  0.2769  0.8668  0.4147
Z -0.8255 -0.0063  0.5644

PART 7
OFFSET  5.8753  4.6787 -10.5601
X  0.4919 -0.4986  0.7138
Y  0.2769  0.8668  0.4147
Z -0.8255 -0.0063  0.5644

PART 8
OFFSET  6.0231  4.3885 -11.3986
X  0.4919 -0.4986  0.7138
Y  0.2769  0.8668  0.4147
Z -0.8255 -0.0063  0.5644

PART 9
OFFSET  8.0137  4.7190 -10.2466
X  0.5624 -0.4618  0.6859
Y -0.4641 -0.8628 -0.2004
Z  0.6843 -0.2056 -0.6996

PART 10
OFFSET  8.0997  3.5942 -10.4187
X  0.3819 -0.9011 -0.2053
Y -0.8851 -0.2927 -0.3618
Z  0.2659  0.3198 -0.9094

PART 11
OFFSET  8.8502  1.6382 -10.9483
X  0.6760 -0.6576  0.3325
Y -0.4282 -0.7178 -0.5490
Z  0.5997  0.2288 -0.7668

PART 12
OFFSET  10.0343  0.6451 -10.4647
X  0.9009 -0.3255  0.2871
Y -0.2059 -0.9028 -0.3775
Z  0.3821  0.2810 -0.8804

PART 13
OFFSET  11.0225  0.2906 -10.2010
X  0.3772 -0.6068  0.6996
Y -0.7488  0.2447  0.6160
Z -0.5450 -0.7562 -0.3621

PART 14
OFFSET  9.1248  5.2105 -9.5930
X  0.8303 -0.1348  0.5407
Y  0.5175 -0.1736 -0.8379
Z  0.2068  0.9756 -0.0744

PART 15
OFFSET  11.0238  4.7443 -8.4700
X  0.8802 -0.4747  0.0038
Y -0.1218 -0.2335 -0.9647
Z  0.4588  0.8486 -0.2633

PART 16
OFFSET  12.2699  4.0723 -8.4646
X  0.3084 -0.4324 -0.8473
Y -0.8059  0.3545 -0.4743
Z  0.5054  0.8291 -0.2391

PART 17
OFFSET  12.5434  3.6890 -9.2159
X -0.3311 -0.1142 -0.9367
Y -0.8306  0.5063  0.2319
Z  0.4477  0.8548 -0.2625

PART 18
OFFSET  12.2288  3.5805 -10.1057
X  0.7099 -0.3541  0.6088
Y -0.3574  0.5637  0.7446
Z -0.6068 -0.7462  0.2736

PART 19
OFFSET  8.8445  4.5643 -9.4776
X  0.6818 -0.1758  0.7101
Y  0.6924 -0.1580 -0.7040
Z  0.2360  0.9717  0.0139

PART 20
OFFSET  10.6031  4.1627 -7.6056
X  0.8450 -0.4829 -0.2298
Y -0.3054 -0.0830 -0.9486
Z  0.4390  0.8717 -0.2176

PART 21
OFFSET  12.0417  3.3406 -7.9969
X  0.4028 -0.4214 -0.8125
Y -0.7884  0.2913 -0.5419
Z  0.4650  0.8589 -0.2148

PART 22
OFFSET  12.6000  2.7566 -9.1230
X -0.4262  0.0076 -0.9046
Y -0.7779  0.5072  0.3708
Z  0.4617  0.8618 -0.2103

PART 23
OFFSET  12.1378  2.7648 -10.1041
X  0.8163 -0.2536  0.5190
Y -0.4122  0.3737  0.8309
Z -0.4047 -0.8922  0.2006

PART 24
OFFSET  9.3772  1.8152 -8.8254
X  0.8092 -0.3248  0.4896
Y -0.5090  0.0287  0.8603
Z -0.2935 -0.9453 -0.1421

PART 25
OFFSET  9.6006  2.3452 -7.4652
X  0.9203 -0.3805 -0.0912
Y -0.1174 -0.0462 -0.9920
Z  0.3733  0.9236 -0.0872

PART 26
OFFSET  11.2209  1.6752 -7.6257
X  0.7920 -0.2858 -0.5395
Y -0.5100  0.1762 -0.8419
Z  0.3357  0.9419 -0.0062

PART 27
OFFSET  12.1633  1.2704 -8.2813
X  0.5241 -0.3185 -0.7899
Y -0.7423  0.2838 -0.6070
Z  0.4175  0.9044 -0.0877

PART 28
OFFSET  12.7553  0.9107 -9.1734
X  0.6169  0.1019  0.7804
Y -0.7730  0.2648  0.5765
Z -0.1480 -0.9589  0.2421

PART 29
OFFSET  10.1669  3.2935 -7.4464
X  0.8644 -0.4431 -0.2377
Y -0.2726 -0.0157 -0.9620
Z  0.4225  0.8963 -0.1344

PART 30
OFFSET  11.8555  2.4279 -7.9108
X  0.6888 -0.3846 -0.6145
Y -0.6179  0.1317 -0.7751
Z  0.3791  0.9136 -0.1470

PART 31
OFFSET  12.8616  1.8661 -8.8083
X  0.1231 -0.2168 -0.9684
Y -0.9351  0.3014 -0.1864
Z  0.3323  0.9285 -0.1656

PART 32
OFFSET  13.0041  1.6269 -9.9062
X  0.4816 -0.0857  0.8722
Y -0.7679  0.4384  0.4671
Z -0.4224 -0.8947  0.1454

PART 33
OFFSET  10.8314  3.6186 -9.3451
X  0.2342  0.9706 -0.0562
Y -0.6843  0.2056  0.6996
Z  0.6905 -0.1253  0.7124

PART 34
OFFSET -7.2604 -4.8127 -5.4071
X -0.4219  0.7032  0.5723
Y  0.1358 -0.5751  0.8067
Z  0.8964  0.4181  0.1471

PART 35
OFFSET -2.1583 -13.3171 -12.3285
X -0.1177 -0.9576 -0.2629
Y  0.8105  0.0603 -0.5826
Z  0.5738 -0.2817  0.7690

PART 36
OFFSET -1.1569 -5.1721 -10.0926
X -0.1177 -0.9576 -0.2629
Y -0.7305  0.2628 -0.6303
Z  0.6727  0.1178 -0.7305

PART 37
OFFSET -2.2438 -3.5171 -10.1640
X -0.1241 -0.9572 -0.2615
Y -0.5850  0.2835 -0.7598
Z  0.8014  0.0587 -0.5952

PART 38
OFFSET -2.6284 -3.3779 -9.0378
X -0.1241 -0.9572 -0.2615
Y -0.5850  0.2835 -0.7598
Z  0.8014  0.0587 -0.5952

PART 39
OFFSET -1.6816 -3.6427 -8.1185
X -0.1241 -0.9572 -0.2615
Y -0.5850  0.2835 -0.7598
Z  0.8014  0.0587 -0.5952

PART 40
OFFSET -0.7959 -2.2364 -9.2867
X -0.9021  0.0837 -0.4232
Y  0.4039  0.5084 -0.7605
Z  0.1515 -0.8570 -0.4925

PART 41
OFFSET -0.8422 -2.4128 -8.1603
X -0.3708 -0.1247 -0.9203
Y  0.6423  0.6813 -0.3511
Z  0.6708 -0.7213 -0.1725

PART 42
OFFSET -0.1434 -2.1715 -6.1297
X -0.8898 -0.4181 -0.1828
Y  0.0817  0.2483 -0.9652
Z  0.4490 -0.8738 -0.1868

PART 43
OFFSET  1.2476 -1.3838 -5.8712
X -0.6209 -0.5861  0.5206
Y -0.5439 -0.1562 -0.8245
Z  0.5645 -0.7951 -0.2218

PART 44
OFFSET  1.9025 -0.7110 -6.4099
X -0.9330  0.0459  0.3568
Y  0.0925  0.9891  0.1146
Z -0.3477  0.1399 -0.9271

PART 45
OFFSET  0.3694 -1.5896 -9.6434
X -0.9253 -0.3485 -0.1495
Y  0.3784 -0.8233 -0.4231
Z  0.0244 -0.4481  0.8937

PART 46
OFFSET  2.4055 -0.7708 -9.1255
X -0.0223 -0.7719 -0.6353
Y  0.9815  0.1039 -0.1607
Z  0.1900 -0.6272  0.7553

PART 47
OFFSET  2.4371  0.3221 -8.2260
X  0.8423 -0.2879 -0.4556
Y  0.5132  0.6866  0.5149
Z  0.1646 -0.6676  0.7261

PART 48
OFFSET  1.6902  0.5773 -7.8220
X  0.9015  0.4179  0.1128
Y -0.3884  0.6663  0.6366
Z  0.1909 -0.6177  0.7629

PART 49
OFFSET  0.8338  0.1804 -7.9291
X -0.4733 -0.6485 -0.5962
Y -0.8492  0.1560  0.5044
Z -0.2341  0.7450 -0.6246

PART 50
OFFSET  0.3205 -2.0656 -9.1137
X -0.9409 -0.1958 -0.2764
Y  0.3011 -0.8570 -0.4181
Z -0.1550 -0.4766  0.8653

PART 51
OFFSET  2.7921 -1.5055 -8.5341
X -0.0629 -0.8367 -0.5440
Y  0.9794  0.0530 -0.1948
Z  0.1918 -0.5450  0.8162

PART 52
OFFSET  2.8993 -0.0810 -7.6080
X  0.9357 -0.1514 -0.3187
Y  0.3025  0.8094  0.5034
Z  0.1817 -0.5675  0.8031

PART 53
OFFSET  1.6025  0.1289 -7.1662
X  0.8147  0.5428  0.2043
Y -0.5526  0.6197  0.5572
Z  0.1758 -0.5669  0.8048

PART 54
OFFSET  0.7190 -0.4598 -7.3878
X -0.3431 -0.8266 -0.4461
Y -0.9267  0.2204  0.3043
Z -0.1532  0.5178 -0.8416

PART 55
OFFSET -4.8110 -2.7774 -10.6691
X -0.8848 -0.2579 -0.3881
Y -0.3912  0.8635  0.3182
Z  0.2531  0.4333 -0.8650

PART 56
OFFSET  2.4710 -3.2645 -7.2470
X -0.9572  0.1075 -0.2687
Y  0.0775 -0.7993 -0.5959
Z -0.2789 -0.5912  0.7568

PART 57
OFFSET  4.1562 -3.4537 -6.7739
X -0.2880 -0.7361 -0.6126
Y  0.9163 -0.3978  0.0471
Z -0.2783 -0.5477  0.7890

PART 58
OFFSET  4.4895 -2.5922 -5.9813
X  0.1287 -0.7926 -0.5960
Y  0.9516 -0.0704  0.2992
Z -0.2791 -0.6057  0.7452

PART 59
OFFSET  4.3441 -1.6969 -5.3081
X -0.9794  0.1512  0.1335
Y  0.2003  0.8088  0.5529
Z -0.0244  0.5683 -0.8225

PART 60
OFFSET  2.7858 -2.5502 -8.0289
X -0.1983 -0.8328 -0.5168
Y  0.9801 -0.1710 -0.1004
Z -0.0048 -0.5264  0.8502

PART 61
OFFSET  3.1731 -0.9232 -7.0192
X  0.8712 -0.4173 -0.2585
Y  0.4905  0.7614  0.4240
Z  0.0199 -0.4962  0.8680

PART 62
OFFSET  1.9006 -0.3136 -6.6417
X  0.8695  0.4509  0.2018
Y -0.4935  0.7742  0.3964
Z  0.0225 -0.4443  0.8956

PART 63
OFFSET  0.9153 -0.8206 -6.8763
X -0.3529 -0.8118 -0.4652
Y -0.9330  0.2683  0.2397
Z -0.0698  0.5187 -0.8521

PART 64
OFFSET  3.5598 -2.7057 -5.5275
X  0.9895 -0.0096  0.1444
Y -0.0913  0.7325  0.6746
Z -0.1123 -0.6807  0.7239

PART 65
OFFSET  3.5598 -2.7057 -5.5275
X  0.9895 -0.0096  0.1444
Y -0.0913  0.7325  0.6746
Z -0.1123 -0.6807  0.7239

PART 66
OFFSET  8.5736 -4.5678 -3.2443
X  0.9870 -0.0235  0.1592
Y -0.0913  0.7325  0.6746
Z -0.1325 -0.6804  0.7208

PART 67
OFFSET  7.6943 -2.9252 -4.7073
X  0.9895 -0.0096  0.1444
Y -0.0913  0.7325  0.6746
Z -0.1123 -0.6807  0.7239

PART 68
OFFSET  7.0248 -3.8388 -3.8282
X  0.9895 -0.0096  0.1444
Y -0.0913  0.7325  0.6746
Z -0.1123 -0.6807  0.7239

PART 69
OFFSET  6.0625 -1.9575 -6.0010
X  0.9895 -0.0096  0.1444
Y -0.0913  0.7325  0.6746
Z -0.1123 -0.6807  0.7239

PART 70
OFFSET  6.2833 -4.6575 -3.0395
X  0.9895 -0.0096  0.1444
Y -0.0913  0.7325  0.6746
Z -0.1123 -0.6807  0.7239

PART 71
OFFSET  14.1350 -3.2621 -3.4038
X  0.9895 -0.0096  0.1444
Y -0.0913  0.7325  0.6746
Z -0.1123 -0.6807  0.7239

PART 72
OFFSET  3.9536 -4.6974 -3.1917
X  0.9895 -0.0096  0.1444
Y -0.0913  0.7325  0.6746
Z -0.1123 -0.6807  0.7239

PART 73
OFFSET  5.6314 -4.3763 -3.4105
X  0.9895 -0.0096  0.1444
Y -0.0913  0.7325  0.6746
Z -0.1123 -0.6807  0.7239

PART 74
OFFSET  13.3917 -1.3830 -5.6336
X  0.9895 -0.0096  0.1444
Y -0.0913  0.7325  0.6746
Z -0.1123 -0.6807  0.7239

PART 75
OFFSET  18.3511 -2.8814 -3.8341
X  0.9210  0.3430  0.1843
Y  0.0852  0.2844 -0.9549
Z -0.3800  0.8952  0.2327

PART 76
OFFSET  15.9856 -2.3366 -4.2247
X  0.9895 -0.0096  0.1444
Y -0.0913  0.7325  0.6746
Z -0.1123 -0.6807  0.7239

PART 77
OFFSET  23.5228 -0.0795 -5.6775
X  0.0913 -0.7325 -0.6746
Y  0.9895 -0.0096  0.1444
Z -0.1123 -0.6807  0.7239

PART 78
OFFSET  4.2213 -4.8999 -3.0299
X  0.9895 -0.0096  0.1444
Y -0.0913  0.7325  0.6746
Z -0.1123 -0.6807  0.7239

PART 79
OFFSET  21.4573 -2.0207 -3.8484
X  0.9895 -0.0096  0.1444
Y -0.0913  0.7325  0.6746
Z -0.1123 -0.6807  0.7239

PART 80
OFFSET  13.3935 -1.9423 -5.0251
X  0.9895 -0.0096  0.1444
Y -0.0913  0.7325  0.6746
Z -0.1123 -0.6807  0.7239

PART 81
OFFSET  28.5370 -3.8830 -0.8678
X  0.0913 -0.7325 -0.6746
Y  0.9895 -0.0096  0.1444
Z -0.1123 -0.6807  0.7239

PART 82
OFFSET  5.4944 -5.5382 -2.1847
X  0.9895 -0.0096  0.1444
Y -0.0913  0.7325  0.6746
Z -0.1123 -0.6807  0.7239

PART 83
OFFSET  0.0000 -0.0000 -0.0000
X  1.0000 -0.0000  0.0000
Y  0.0000  1.0000  0.0000
Z  0.0000 -0.0000  1.0000

PART 84
OFFSET  0.0000 -0.0000 -0.0000
X  1.0000  0.0000  0.0000
Y -0.0000  1.0000  0.0000
Z  0.0000 -0.0000  1.0000

PART 85
OFFSET  1.5404 -0.0000  4.1357
X  1.0000  0.0000  0.0000
Y -0.0000  1.0000  0.0000
Z  0.0000 -0.0000  1.0000

PART 86
OFFSET  0.0000 -0.0000 -0.0000
X  1.0000 -0.0000  0.0000
Y  0.0000  1.0000  0.0000
Z  0.0000 -0.0000  1.0000


FRAME 288
PART 0
OFFSET -4.6318 -0.0000 -1.3770
X  1.0000 -0.0000  0.0000
Y  0.0000  1.0000  0.0000
Z  0.0000 -0.0000  1.0000

PART 1
OFFSET -2.3946  6.9214 -8.1116
X  0.4297  0.2836 -0.8573
Y  0.2091 -0.9548 -0.2111
Z -0.8784 -0.0885 -0.4696

PART 2
OFFSET  2.8022  10.3515 -18.4794
X  0.4866 -0.4988  0.7172
Y -0.8315 -0.0127  0.5553
Z -0.2679 -0.8666 -0.4210

PART 3
OFFSET  6.9410  6.1088 -12.3792
X  0.4866 -0.4988  0.7172
Y -0.5085 -0.8293 -0.2318
Z  0.7104 -0.2519 -0.6572

PART 4
OFFSET  8.6940  6.2925 -11.4811
X  0.4923 -0.4963  0.7151
Y  0.2784  0.8681  0.4109
Z -0.8247 -0.0032  0.5656

PART 5
OFFSET  8.3708  5.0044 -12.7045
X  0.4923 -0.4963  0.7151
Y  0.2784  0.8681  0.4109
Z -0.8247 -0.0032  0.5656

PART 6
OFFSET  6.9087  5.8655 -9.9951
X  0.4923 -0.4963  0.7151
Y  0.2784  0.8681  0.4109
Z -0.8247 -0.0032  0.5656

PART 7
OFFSET  6.2939  4.5404 -10.4908
X  0.4923 -0.4963  0.7151
Y  0.2784  0.8681  0.4109
Z -0.8247 -0.0032  0.5656

PART 8
OFFSET  6.4402  4.2467 -11.3284
X  0.4923 -0.4963  0.7151
Y  0.2784  0.8681  0.4109
Z -0.8247 -0.0032  0.5656

PART 9
OFFSET  8.4328  4.5796 -10.1804
X  0.5752 -0.4528  0.6812
Y -0.4783 -0.8618 -0.1690
Z  0.6636 -0.2286 -0.7123

PART 10
OFFSET  8.5024  3.4503 -10.3295
X  0.3668 -0.9097 -0.1949
Y -0.8974 -0.2907 -0.3320
Z  0.2454  0.2967 -0.9229

PART 11
OFFSET  9.2180  1.4749 -10.8346
X  0.6775 -0.6576  0.3294
Y -0.4500 -0.7249 -0.5215
Z  0.5818  0.2051 -0.7871

PART 12
OFFSET  10.4037  0.4794 -10.3598
X  0.9046 -0.3292  0.2708
Y -0.2253 -0.9086 -0.3518
Z  0.3618  0.2572 -0.8961

PART 13
OFFSET  11.3947  0.1198 -10.1140
X  0.3889 -0.5954  0.7030
Y -0.7298  0.2666  0.6296
Z -0.5623 -0.7579 -0.3309

PART 14
OFFSET  9.5658  5.0729 -9.5670
X  0.8427 -0.1321  0.5219
Y  0.4935 -0.1978 -0.8470
Z  0.2151  0.9713 -0.1015

PART 15
OFFSET  11.4885  4.6104 -8.4835
X  0.8749 -0.4843 -0.0085
Y -0.1495 -0.2533 -0.9558
Z  0.4607  0.8374 -0.2940

PART 16
OFFSET  12.7271  3.9248 -8.4956
X  0.2815 -0.4544 -0.8452
Y -0.8142  0.3530 -0.4610
Z  0.5078  0.8179 -0.2706

PART 17
OFFSET  12.9768  3.5219 -9.2449
X -0.3567 -0.1312 -0.9250
Y -0.8188  0.5205  0.2420
Z  0.4497  0.8437 -0.2931

PART 18
OFFSET  12.6379  3.3973 -10.1236
X  0.7218 -0.3485  0.5979
Y -0.3318  0.5840  0.7409
Z -0.6073 -0.7332  0.3059

PART 19
OFFSET  9.2818  4.4325 -9.4300
X  0.6983 -0.1677  0.6959
Y  0.6720 -0.1813 -0.7180
Z  0.2465  0.9690 -0.0139

PART 20
OFFSET  11.0845  4.0527 -7.5958
X  0.8335 -0.4973 -0.2409
Y -0.3311 -0.1005 -0.9383
Z  0.4424  0.8618 -0.2483

PART 21
OFFSET  12.5036  3.2061 -8.0058
X  0.3769 -0.4437 -0.8131
Y -0.7991  0.2880 -0.5276
Z  0.4683  0.8486 -0.2460

PART 22
OFFSET  13.0260  2.5912 -9.1327
X -0.4497 -0.0076 -0.8931
Y -0.7625  0.5240  0.3795
Z  0.4651  0.8517 -0.2414

PART 23
OFFSET  12.5382  2.5830 -10.1014
X  0.8269 -0.2512  0.5031
Y -0.3863  0.3966  0.8328
Z -0.4087 -0.8830  0.2309

PART 24
OFFSET  9.8022  1.6927 -8.7305
X  0.8183 -0.3230  0.4755
Y -0.4859  0.0533  0.8724
Z -0.3071 -0.9449 -0.1133

PART 25
OFFSET  10.0668  2.2501 -7.3888
X  0.9135 -0.3927 -0.1065
Y -0.1439 -0.0668 -0.9873
Z  0.3806  0.9172 -0.1175

PART 26
OFFSET  11.6751  1.5586 -7.5763
X  0.7745 -0.3065 -0.5534
Y -0.5300  0.1633 -0.8321
Z  0.3454  0.9378 -0.0360

PART 27
OFFSET  12.5957  1.1290 -8.2469
X  0.4998 -0.3417 -0.7959
Y -0.7549  0.2786 -0.5937
Z  0.4246  0.8976 -0.1187

PART 28
OFFSET  13.1602  0.7431 -9.1459
X  0.6382  0.1122  0.7617
Y -0.7548  0.2861  0.5903
Z -0.1517 -0.9516  0.2672

PART 29
OFFSET  10.6434  3.1922 -7.4059
X  0.8531 -0.4579 -0.2501
Y -0.2979 -0.0339 -0.9540
Z  0.4284  0.8884 -0.1653

PART 30
OFFSET  12.3100  2.2977 -7.8946
X  0.6684 -0.4058 -0.6234
Y -0.6366  0.1214 -0.7616
Z  0.3847  0.9059 -0.1772

PART 31
OFFSET  13.2862  1.7050 -8.8051
X  0.0954 -0.2394 -0.9662
Y -0.9364  0.3077 -0.1687
Z  0.3377  0.9209 -0.1949

PART 32
OFFSET  13.3973  1.4401 -9.9007
X  0.5034 -0.0718  0.8611
Y -0.7507  0.4571  0.4769
Z -0.4279 -0.8865  0.1762

PART 33
OFFSET  11.2613  3.4678 -9.3280
X  0.2429  0.9664 -0.0839
Y -0.6636  0.2286  0.7123
Z  0.7076 -0.1173  0.6968

PART 34
OFFSET -7.2604 -4.8127 -5.4071
X -0.4120  0.7116  0.5691
Y  0.1178 -0.5777  0.8077
Z  0.9035  0.3998  0.1542

PART 35
OFFSET -2.2773 -13.4187 -12.2896
X -0.1315 -0.9548 -0.2665
Y  0.8167  0.0480 -0.5751
Z  0.5619 -0.2932  0.7735

PART 36
OFFSET -1.1589 -5.2974 -10.0233
X -0.1315 -0.9548 -0.2665
Y -0.6445  0.2866 -0.7088
Z  0.7532  0.0785 -0.6531

PART 37
OFFSET -2.2171 -3.6241 -10.1002
X -0.1379 -0.9543 -0.2651
Y -0.5732  0.2952 -0.7644
Z  0.8077  0.0466 -0.5877

PART 38
OFFSET -2.6095 -3.4812 -8.9771
X -0.1379 -0.9543 -0.2651
Y -0.5732  0.2952 -0.7644
Z  0.8077  0.0466 -0.5877

PART 39
OFFSET -1.6757 -3.7642 -8.0500
X -0.1379 -0.9543 -0.2651
Y -0.5732  0.2952 -0.7644
Z  0.8077  0.0466 -0.5877

PART 40
OFFSET -0.7558 -2.3702 -9.2064
X -0.9045  0.0707 -0.4205
Y  0.4011  0.4754 -0.7830
Z  0.1445 -0.8769 -0.4584

PART 41
OFFSET -0.7953 -2.5008 -8.0735
X -0.3774 -0.1601 -0.9121
Y  0.6429  0.6636 -0.3825
Z  0.6665 -0.7308 -0.1475

PART 42
OFFSET -0.0822 -2.1809 -6.0588
X -0.8928 -0.4210 -0.1601
Y  0.0764  0.2088 -0.9750
Z  0.4439 -0.8827 -0.1542

PART 43
OFFSET  1.3140 -1.3900 -5.8413
X -0.6200 -0.5617  0.5478
Y -0.5500 -0.1868 -0.8140
Z  0.5595 -0.8060 -0.1931

PART 44
OFFSET  1.9682 -0.7425 -6.4109
X -0.9305  0.0646  0.3607
Y  0.0976  0.9925  0.0740
Z -0.3532  0.1040 -0.9298

PART 45
OFFSET  0.4100 -1.7437 -9.5964
X -0.9278 -0.3500 -0.1293
Y  0.3720 -0.8414 -0.3919
Z  0.0283 -0.4117  0.9109

PART 46
OFFSET  2.4531 -0.9142 -9.1250
X -0.0299 -0.7968 -0.6035
Y  0.9809  0.0927 -0.1710
Z  0.1922 -0.5971  0.7788

PART 47
OFFSET  2.4954  0.2139 -8.2706
X  0.8380 -0.3100 -0.4490
Y  0.5196  0.7044  0.4835
Z  0.1664 -0.6385  0.7514

PART 48
OFFSET  1.7524  0.4887 -7.8725
X  0.9040  0.4179  0.0900
Y -0.3813  0.6932  0.6116
Z  0.1932 -0.5872  0.7860

PART 49
OFFSET  0.8935  0.0918 -7.9580
X -0.4800 -0.6699 -0.5664
Y -0.8452  0.1802  0.5031
Z -0.2349  0.7203 -0.6527

PART 50
OFFSET  0.3625 -2.1977 -9.0475
X -0.9436 -0.2024 -0.2622
Y  0.2946 -0.8746 -0.3850
Z -0.1514 -0.4405  0.8849

PART 51
OFFSET  2.8403 -1.6263 -8.5069
X -0.0702 -0.8577 -0.5093
Y  0.9783  0.0405 -0.2030
Z  0.1948 -0.5125  0.8363

PART 52
OFFSET  2.9599 -0.1660 -7.6398
X  0.9329 -0.1685 -0.3184
Y  0.3094  0.8276  0.4684
Z  0.1845 -0.5354  0.8242

PART 53
OFFSET  1.6670  0.0675 -7.1986
X  0.8184  0.5468  0.1770
Y -0.5462  0.6443  0.5353
Z  0.1786 -0.5347  0.8259

PART 54
OFFSET  0.7794 -0.5255 -7.3905
X -0.3497 -0.8423 -0.4101
Y -0.9237  0.2369  0.3011
Z -0.1565  0.4842 -0.8609

PART 55
OFFSET -4.7822 -2.9478 -10.5400
X -0.8885 -0.2692 -0.3717
Y -0.3853  0.8775  0.2855
Z  0.2493  0.3969 -0.8834

PART 56
OFFSET  2.5199 -3.3303 -7.1478
X -0.9585  0.1010 -0.2667
Y  0.0701 -0.8231 -0.5636
Z -0.2765 -0.5589  0.7818

PART 57
OFFSET  4.2075 -3.5082 -6.6782
X -0.2953 -0.7588 -0.5805
Y  0.9148 -0.3998  0.0573
Z -0.2755 -0.5141  0.8123

PART 58
OFFSET  4.5497 -2.6169 -5.9232
X  0.1213 -0.8166 -0.5643
Y  0.9532 -0.0627  0.2957
Z -0.2768 -0.5738  0.7708

PART 59
OFFSET  4.4127 -1.6945 -5.2858
X -0.9779  0.1611  0.1336
Y  0.2075  0.8295  0.5185
Z -0.0273  0.5347 -0.8446

PART 60
OFFSET  2.8327 -2.6497 -7.9599
X -0.2053 -0.8521 -0.4815
Y  0.9787 -0.1795 -0.0997
Z -0.0015 -0.4917  0.8708

PART 61
OFFSET  3.2338 -0.9851 -7.0193
X  0.8676 -0.4315 -0.2470
Y  0.4966  0.7756  0.3897
Z  0.0234 -0.4608  0.8872

PART 62
OFFSET  1.9666 -0.3548 -6.6585
X  0.8728  0.4546  0.1779
Y -0.4874  0.7918  0.3680
Z  0.0264 -0.4078  0.9127

PART 63
OFFSET  0.9776 -0.8663 -6.8662
X -0.3596 -0.8283 -0.4297
Y -0.9302  0.2821  0.2347
Z -0.0731  0.4842 -0.8719

PART 64
OFFSET  3.6226 -2.7076 -5.4593
X  0.9904 -0.0084  0.1383
Y -0.0837  0.7596  0.6450
Z -0.1105 -0.6504  0.7515

PART 65
OFFSET  3.6226 -2.7076 -5.4593
X  0.9904 -0.0084  0.1383
Y -0.0837  0.7596  0.6450
Z -0.1105 -0.6504  0.7515

PART 66
OFFSET  8.6431 -4.4995 -3.1349
X  0.9879 -0.0217  0.1536
Y -0.0837  0.7596  0.6450
Z -0.1307 -0.6501  0.7485

PART 67
OFFSET  7.7614 -2.9131 -4.6574
X  0.9904 -0.0084  0.1383
Y -0.0837  0.7596  0.6450
Z -0.1105 -0.6504  0.7515

PART 68
OFFSET  7.0936 -3.7874 -3.7378
X  0.9904 -0.0084  0.1383
Y -0.0837  0.7596  0.6450
Z -0.1105 -0.6504  0.7515

PART 69
OFFSET  6.1254 -1.9909 -5.9787
X  0.9904 -0.0084  0.1383
Y -0.0837  0.7596  0.6450
Z -0.1105 -0.6504  0.7515

PART 70
OFFSET  6.3538 -4.5701 -2.9120
X  0.9904 -0.0084  0.1383
Y -0.0837  0.7596  0.6450
Z -0.1105 -0.6504  0.7515

PART 71
OFFSET  14.2090 -3.2272 -3.3828
X  0.9904 -0.0084  0.1383
Y -0.0837  0.7596  0.6450
Z -0.1105 -0.6504  0.7515

PART 72
OFFSET  4.0230 -4.6053 -3.0476
X  0.9904 -0.0084  0.1383
Y -0.0837  0.7596  0.6450
Z -0.1105 -0.6504  0.7515

PART 73
OFFSET  5.7007 -4.3010 -3.2898
X  0.9904 -0.0084  0.1383
Y -0.0837  0.7596  0.6450
Z -0.1105 -0.6504  0.7515

PART 74
OFFSET  13.4593 -1.4362 -5.6818
X  0.9904 -0.0084  0.1383
Y -0.0837  0.7596  0.6450
Z -0.1105 -0.6504  0.7515

PART 75
OFFSET  18.4238 -2.8838 -3.8551
X  0.9237  0.3459  0.1644
Y  0.0802  0.2452 -0.9662
Z -0.3745  0.9057  0.1988

PART 76
OFFSET  16.0582 -2.3442 -4.2522
X  0.9904 -0.0084  0.1383
Y -0.0837  0.7596  0.6450
Z -0.1105 -0.6504  0.7515

PART 77
OFFSET  23.5955 -0.1827 -5.8433
X  0.0837 -0.7596 -0.6450
Y  0.9904 -0.0084  0.1383
Z -0.1105 -0.6504  0.7515

PART 78
OFFSET  4.2909 -4.8023 -2.8794
X  0.9904 -0.0084  0.1383
Y -0.0837  0.7596  0.6450
Z -0.1105 -0.6504  0.7515

PART 79
OFFSET  21.5335 -2.0388 -3.9240
X  0.9904 -0.0084  0.1383
Y -0.0837  0.7596  0.6450
Z -0.1105 -0.6504  0.7515

PART 80
OFFSET  13.4626 -1.9704 -5.0513
X  0.9904 -0.0084  0.1383
Y -0.0837  0.7596  0.6450
Z -0.1105 -0.6504  0.7515

PART 81
OFFSET  28.6246 -3.8122 -0.9162
X  0.0837 -0.7596 -0.6450
Y  0.9904 -0.0084  0.1383
Z -0.1105 -0.6504  0.7515

PART 82
OFFSET  5.5667 -5.4118 -2.0173
X  0.9904 -0.0084  0.1383
Y -0.0837  0.7596  0.6450
Z -0.1105 -0.6504  0.7515

PART 83
OFFSET  0.0000 -0.0000 -0.0000
X  1.0000 -0.0000  0.0000
Y  0.0000  1.0000  0.0000
Z  0.0000 -0.0000  1.0000

PART 84
OFFSET  0.0000 -0.0000 -0.0000
X  1.0000  0.0000  0.0000
Y -0.0000  1.0000  0.0000
Z  0.0000 -0.0000  1.0000

PART 85
OFFSET  1.5404 -0.0000  4.1357
X  1.0000  0.0000  0.0000
Y -0.0000  1.0000  0.0000
Z  0.0000 -0.0000  1.0000

PART 86
OFFSET  0.0000 -0.0000 -0.0000
X  1.0000 -0.0000  0.0000
Y  0.0000  1.0000  0.0000
Z  0.0000 -0.0000  1.0000


FRAME 289
PART 0
OFFSET -4.6318 -0.0000 -1.3770
X  1.0000 -0.0000  0.0000
Y  0.0000  1.0000  0.0000
Z  0.0000 -0.0000  1.0000

PART 1
OFFSET -1.8331  6.8760 -8.1116
X  0.4739  0.2498 -0.8444
Y  0.1928 -0.9651 -0.1773
Z -0.8592 -0.0787 -0.5055

PART 2
OFFSET  3.8982  9.8970 -18.3238
X  0.4902 -0.4923  0.7193
Y -0.8280 -0.0053  0.5607
Z -0.2721 -0.8704 -0.4102

PART 3
OFFSET  8.0676  5.7102 -12.2059
X  0.4902 -0.4923  0.7193
Y -0.5660 -0.8074 -0.1668
Z  0.6628 -0.3254 -0.6744

PART 4
OFFSET  9.8266  5.8998 -11.3209
X  0.4959 -0.4898  0.7171
Y  0.2826  0.8718  0.4001
Z -0.8211  0.0043  0.5708

PART 5
OFFSET  9.4932  4.5997 -12.5287
X  0.4959 -0.4898  0.7171
Y  0.2826  0.8718  0.4001
Z -0.8211  0.0043  0.5708

PART 6
OFFSET  8.0500  5.4918 -9.8193
X  0.4959 -0.4898  0.7171
Y  0.2826  0.8718  0.4001
Z -0.8211  0.0043  0.5708

PART 7
OFFSET  7.4295  4.1628 -10.2973
X  0.4959 -0.4898  0.7171
Y  0.2826  0.8718  0.4001
Z -0.8211  0.0043  0.5708

PART 8
OFFSET  7.5700  3.8601 -11.1327
X  0.4959 -0.4898  0.7171
Y  0.2826  0.8718  0.4001
Z -0.8211  0.0043  0.5708

PART 9
OFFSET  9.5704  4.2011 -10.0008
X  0.6097 -0.4282  0.6670
Y -0.5114 -0.8554 -0.0817
Z  0.6056 -0.2914 -0.7405

PART 10
OFFSET  9.5997  3.0633 -10.0836
X  0.3500 -0.9110 -0.2182
Y -0.9170 -0.2856 -0.2784
Z  0.1913  0.2976 -0.9353

PART 11
OFFSET  10.2741  1.0855 -10.6344
X  0.6690 -0.6936  0.2673
Y -0.5172 -0.6926 -0.5027
Z  0.5338  0.1980 -0.8221

PART 12
OFFSET  11.4448  0.0294 -10.2650
X  0.8991 -0.3936  0.1913
Y -0.3097 -0.8811 -0.3574
Z  0.3092  0.2621 -0.9142

PART 13
OFFSET  12.4260 -0.3993 -10.1060
X  0.4013 -0.6405  0.6548
Y -0.6614  0.2919  0.6909
Z -0.6336 -0.7103 -0.3065

PART 14
OFFSET  10.7564  4.6958 -9.4986
X  0.8736 -0.1260  0.4700
Y  0.4273 -0.2635 -0.8649
Z  0.2328  0.9564 -0.1764

PART 15
OFFSET  12.7377  4.2411 -8.5229
X  0.8832 -0.4571  0.1048
Y -0.0879 -0.3809 -0.9204
Z  0.4606  0.8037 -0.3766

PART 16
OFFSET  13.9882  3.5940 -8.3746
X  0.4561 -0.5879 -0.6681
Y -0.7316  0.1796 -0.6576
Z  0.5066  0.7887 -0.3482

PART 17
OFFSET  14.3926  3.0727 -8.9669
X -0.0370 -0.4147 -0.9092
Y -0.8910  0.4257 -0.1579
Z  0.4525  0.8043 -0.3852

PART 18
OFFSET  14.3574  2.6788 -9.8307
X  0.5222 -0.0664  0.8502
Y -0.5916  0.6898  0.4172
Z -0.6142 -0.7209  0.3210

PART 19
OFFSET  10.4660  4.0738 -9.3028
X  0.7409 -0.1465  0.6554
Y  0.6148 -0.2447 -0.7498
Z  0.2702  0.9585 -0.0912

PART 20
OFFSET  12.3828  3.7507 -7.5765
X  0.8561 -0.5057 -0.1063
Y -0.2558 -0.2360 -0.9375
Z  0.4490  0.8298 -0.3314

PART 21
OFFSET  13.8403  2.8897 -7.7576
X  0.5333 -0.5612 -0.6330
Y -0.7002  0.1271 -0.7025
Z  0.4747  0.8179 -0.3252

PART 22
OFFSET  14.5794  2.1119 -8.6348
X -0.1323 -0.2951 -0.9463
Y -0.8723  0.4880 -0.0302
Z  0.4707  0.8215 -0.3219

PART 23
OFFSET  14.4360  1.7919 -9.6611
X  0.6298  0.0034  0.7767
Y -0.6583  0.5331  0.5314
Z -0.4123 -0.8460  0.3380

PART 24
OFFSET  10.9624  1.3666 -8.4712
X  0.8409 -0.3185  0.4375
Y -0.4218  0.1207  0.8986
Z -0.3390 -0.9402 -0.0328

PART 25
OFFSET  11.3353  1.9957 -7.1881
X  0.9169 -0.3983  0.0271
Y -0.0555 -0.1944 -0.9794
Z  0.3953  0.8964 -0.2003

PART 26
OFFSET  12.9496  1.2944 -7.1403
X  0.8709 -0.3744 -0.3183
Y -0.3445 -0.0030 -0.9388
Z  0.3505  0.9273 -0.1316

PART 27
OFFSET  13.9870  0.7830 -7.5194
X  0.7284 -0.4758 -0.4930
Y -0.5210  0.0827 -0.8496
Z  0.4449  0.8757 -0.1877

PART 28
OFFSET  14.8098  0.2456 -8.0762
X  0.3583  0.3266  0.8746
Y -0.9035  0.3571  0.2368
Z -0.2350 -0.8751  0.4230

PART 29
OFFSET  11.9337  2.9171 -7.3035
X  0.8724 -0.4772 -0.1058
Y -0.2087 -0.1678 -0.9635
Z  0.4420  0.8627 -0.2459

PART 30
OFFSET  13.6381  1.9849 -7.5102
X  0.7776 -0.4778 -0.4087
Y -0.4850 -0.0420 -0.8735
Z  0.4002  0.8775 -0.2644

PART 31
OFFSET  14.7738  1.2870 -8.1073
X  0.4072 -0.4298 -0.8059
Y -0.8407  0.1686 -0.5147
Z  0.3571  0.8870 -0.2927

PART 32
OFFSET  15.2381  0.8063 -9.0217
X  0.2019  0.1652  0.9654
Y -0.8763  0.4707  0.1027
Z -0.4374 -0.8667  0.2398

PART 33
OFFSET  12.4218  3.0571 -9.2769
X  0.2616  0.9517 -0.1605
Y -0.6056  0.2914  0.7405
Z  0.7516 -0.0965  0.6526

PART 34
OFFSET -7.2604 -4.8127 -5.4071
X -0.3865  0.7308  0.5627
Y  0.0688 -0.5855  0.8077
Z  0.9197  0.3509  0.1760

PART 35
OFFSET -2.5865 -13.6507 -12.2121
X -0.1667 -0.9456 -0.2793
Y  0.8327  0.0167 -0.5535
Z  0.5280 -0.3249  0.7846

PART 36
OFFSET -1.1683 -5.6079 -9.8361
X -0.1667 -0.9456 -0.2793
Y -0.2833  0.3173 -0.9050
Z  0.9444 -0.0718 -0.3208

PART 37
OFFSET -2.1488 -3.8884 -9.9232
X -0.1732 -0.9448 -0.2782
Y -0.5394  0.3273 -0.7758
Z  0.8240  0.0157 -0.5663

PART 38
OFFSET -2.5635 -3.7382 -8.8091
X -0.1732 -0.9448 -0.2782
Y -0.5394  0.3273 -0.7758
Z  0.8240  0.0157 -0.5663

PART 39
OFFSET -1.6677 -4.0709 -7.8614
X -0.1732 -0.9448 -0.2782
Y -0.5394  0.3273 -0.7758
Z  0.8240  0.0157 -0.5663

PART 40
OFFSET -0.6571 -2.7090 -8.9797
X -0.9107  0.0379 -0.4114
Y  0.3926  0.3895 -0.8331
Z  0.1287 -0.9202 -0.3696

PART 41
OFFSET -0.6791 -2.7241 -7.8389
X -0.3939 -0.2471 -0.8853
Y  0.6428  0.6145 -0.4575
Z  0.6570 -0.7493 -0.0832

PART 42
OFFSET  0.0702 -2.2105 -5.8782
X -0.8993 -0.4251 -0.1029
Y  0.0622  0.1084 -0.9922
Z  0.4329 -0.8986 -0.0711

PART 43
OFFSET  1.4772 -1.4171 -5.7633
X -0.6162 -0.4967  0.6113
Y -0.5651 -0.2619 -0.7824
Z  0.5487 -0.8275 -0.1193

PART 44
OFFSET  2.1280 -0.8377 -6.4056
X -0.9237  0.1110  0.3666
Y  0.1081  0.9937 -0.0283
Z -0.3675  0.0136 -0.9299

PART 45
OFFSET  0.5079 -2.1380 -9.4490
X -0.9331 -0.3510 -0.0789
Y  0.3576 -0.8807 -0.3106
Z  0.0395 -0.3180  0.9473

PART 46
OFFSET  2.5663 -1.2878 -9.0957
X -0.0473 -0.8533 -0.5193
Y  0.9788  0.0642 -0.1947
Z  0.1995 -0.5175  0.8321

PART 47
OFFSET  2.6333 -0.0797 -8.3604
X  0.8275 -0.3630 -0.4283
Y  0.5342  0.7439  0.4017
Z  0.1728 -0.5612  0.8094

PART 48
OFFSET  1.8996  0.2421 -7.9807
X  0.9093  0.4148  0.0333
Y -0.3646  0.7556  0.5442
Z  0.2006 -0.5070  0.8383

PART 49
OFFSET  1.0357 -0.1520 -8.0123
X -0.4956 -0.7183 -0.4883
Y -0.8350  0.2394  0.4954
Z -0.2389  0.6533 -0.7184

PART 50
OFFSET  0.4653 -2.5338 -8.8564
X -0.9496 -0.2174 -0.2258
Y  0.2800 -0.9122 -0.2992
Z -0.1409 -0.3473  0.9271

PART 51
OFFSET  2.9570 -1.9381 -8.4148
X -0.0867 -0.9039 -0.4189
Y  0.9752  0.0090 -0.2212
Z  0.2037 -0.4276  0.8807

PART 52
OFFSET  3.1046 -0.3992 -7.7017
X  0.9259 -0.2101 -0.3141
Y  0.3248  0.8672  0.3775
Z  0.1931 -0.4515  0.8711

PART 53
OFFSET  1.8214 -0.1080 -7.2664
X  0.8263  0.5528  0.1081
Y -0.5312  0.7010  0.4758
Z  0.1872 -0.4506  0.8729

PART 54
OFFSET  0.9252 -0.7075 -7.3836
X -0.3643 -0.8755 -0.3174
Y -0.9163  0.2762  0.2899
Z -0.1661  0.3965 -0.9029

PART 55
OFFSET -4.7102 -3.3738 -10.1856
X -0.8970 -0.2955 -0.3287
Y -0.3723  0.9060  0.2013
Z  0.2384  0.3029 -0.9227

PART 56
OFFSET  2.6431 -3.4926 -6.8856
X -0.9617  0.0842 -0.2607
Y  0.0530 -0.8765 -0.4785
Z -0.2688 -0.4740  0.8385

PART 57
OFFSET  4.3364 -3.6408 -6.4266
X -0.3120 -0.8102 -0.4961
Y  0.9118 -0.4020  0.0832
Z -0.2669 -0.4264  0.8642

PART 58
OFFSET  4.6994 -2.6816 -5.7710
X  0.1043 -0.8707 -0.4807
Y  0.9574 -0.0431  0.2857
Z -0.2694 -0.4900  0.8291

PART 59
OFFSET  4.5817 -1.6982 -5.2281
X -0.9740  0.1845  0.1318
Y  0.2238  0.8753  0.4287
Z -0.0362  0.4470 -0.8938

PART 60
OFFSET  2.9488 -2.9008 -7.7671
X -0.2213 -0.8940 -0.3896
Y  0.9752 -0.1994 -0.0962
Z  0.0083 -0.4012  0.9159

PART 61
OFFSET  3.3810 -1.1544 -7.0059
X  0.8593 -0.4637 -0.2156
Y  0.5103  0.8054  0.3016
Z  0.0338 -0.3691  0.9288

PART 62
OFFSET  2.1259 -0.4770 -6.6911
X  0.8798  0.4606  0.1175
Y -0.4738  0.8303  0.2935
Z  0.0377 -0.3139  0.9487

PART 63
OFFSET  1.1288 -0.9958 -6.8306
X -0.3744 -0.8634 -0.3382
Y -0.9235  0.3146  0.2193
Z -0.0830  0.3945 -0.9152

PART 64
OFFSET  3.7793 -2.7149 -5.2860
X  0.9924 -0.0053  0.1231
Y -0.0658  0.8217  0.5662
Z -0.1042 -0.5700  0.8150

PART 65
OFFSET  3.7793 -2.7149 -5.2860
X  0.9924 -0.0053  0.1231
Y -0.0658  0.8217  0.5662
Z -0.1042 -0.5700  0.8150

PART 66
OFFSET  8.8204 -4.3182 -2.8704
X  0.9900 -0.0170  0.1397
Y -0.0658  0.8217  0.5662
Z -0.1244 -0.5697  0.8124

PART 67
OFFSET  7.9287 -2.8840 -4.5316
X  0.9924 -0.0053  0.1231
Y -0.0658  0.8217  0.5662
Z -0.1042 -0.5700  0.8150

PART 68
OFFSET  7.2680 -3.6536 -3.5181
X  0.9924 -0.0053  0.1231
Y -0.0658  0.8217  0.5662
Z -0.1042 -0.5700  0.8150

PART 69
OFFSET  6.2798 -2.0819 -5.9139
X  0.9924 -0.0053  0.1231
Y -0.0658  0.8217  0.5662
Z -0.1042 -0.5700  0.8150

PART 70
OFFSET  6.5346 -4.3408 -2.6060
X  0.9924 -0.0053  0.1231
Y -0.0658  0.8217  0.5662
Z -0.1042 -0.5700  0.8150

PART 71
OFFSET  14.3932 -3.1389 -3.3318
X  0.9924 -0.0053  0.1231
Y -0.0658  0.8217  0.5662
Z -0.1042 -0.5700  0.8150

PART 72
OFFSET  4.2017 -4.3637 -2.7012
X  0.9924 -0.0053  0.1231
Y -0.0658  0.8217  0.5662
Z -0.1042 -0.5700  0.8150

PART 73
OFFSET  5.8779 -4.1040 -2.9990
X  0.9924 -0.0053  0.1231
Y -0.0658  0.8217  0.5662
Z -0.1042 -0.5700  0.8150

PART 74
OFFSET  13.6225 -1.5810 -5.7882
X  0.9924 -0.0053  0.1231
Y -0.0658  0.8217  0.5662
Z -0.1042 -0.5700  0.8150

PART 75
OFFSET  18.6027 -2.8915 -3.9017
X  0.9296  0.3505  0.1143
Y  0.0665  0.1456 -0.9871
Z -0.3626  0.9252  0.1120

PART 76
OFFSET  16.2360 -2.3687 -4.3146
X  0.9924 -0.0053  0.1231
Y -0.0658  0.8217  0.5662
Z -0.1042 -0.5700  0.8150

PART 77
OFFSET  23.7660 -0.4621 -6.2326
X  0.0658 -0.8217 -0.5662
Y  0.9924 -0.0053  0.1231
Z -0.1042 -0.5700  0.8150

PART 78
OFFSET  4.4704 -4.5457 -2.5182
X  0.9924 -0.0053  0.1231
Y -0.0658  0.8217  0.5662
Z -0.1042 -0.5700  0.8150

PART 79
OFFSET  21.7186 -2.0922 -4.1038
X  0.9924 -0.0053  0.1231
Y -0.0658  0.8217  0.5662
Z -0.1042 -0.5700  0.8150

PART 80
OFFSET  13.6312 -2.0489 -5.1070
X  0.9924 -0.0053  0.1231
Y -0.0658  0.8217  0.5662
Z -0.1042 -0.5700  0.8150

PART 81
OFFSET  28.8414 -3.6311 -1.0423
X  0.0658 -0.8217 -0.5662
Y  0.9924 -0.0053  0.1231
Z -0.1042 -0.5700  0.8150

PART 82
OFFSET  5.7545 -5.0792 -1.6188
X  0.9924 -0.0053  0.1231
Y -0.0658  0.8217  0.5662
Z -0.1042 -0.5700  0.8150

PART 83
OFFSET  0.0000 -0.0000 -0.0000
X  1.0000 -0.0000  0.0000
Y  0.0000  1.0000  0.0000
Z  0.0000 -0.0000  1.0000

PART 84
OFFSET  0.0000 -0.0000 -0.0000
X  1.0000  0.0000  0.0000
Y -0.0000  1.0000  0.0000
Z  0.0000 -0.0000  1.0000

PART 85
OFFSET  1.5404 -0.0000  4.1357
X  1.0000  0.0000  0.0000
Y -0.0000  1.0000  0.0000
Z  0.0000 -0.0000  1.0000

PART 86
OFFSET  0.0000 -0.0000 -0.0000
X  1.0000 -0.0000  0.0000
Y  0.0000  1.0000  0.0000
Z  0.0000 -0.0000  1.0000


FRAME 290
PART 0
OFFSET -4.6318 -0.0000 -1.3770
X  1.0000 -0.0000  0.0000
Y  0.0000  1.0000  0.0000
Z  0.0000 -0.0000  1.0000

PART 1
OFFSET -1.0055  6.8091 -8.1116
X  0.5334  0.1990 -0.8221
Y  0.1675 -0.9775 -0.1279
Z -0.8291 -0.0694 -0.5548

PART 2
OFFSET  5.4458  9.2156 -18.0540
X  0.5013 -0.4816  0.7188
Y -0.8192  0.0033  0.5735
Z -0.2785 -0.8764 -0.3929

PART 3
OFFSET  9.7100  5.1196 -11.9399
X  0.5013 -0.4816  0.7188
Y -0.6391 -0.7661 -0.0675
Z  0.5832 -0.4256 -0.6919

PART 4
OFFSET  11.4826  5.3220 -11.0853
X  0.5070 -0.4792  0.7165
Y  0.2889  0.8776  0.3825
Z -0.8121  0.0131  0.5834

PART 5
OFFSET  11.1304  4.0040 -12.2682
X  0.5070 -0.4792  0.7165
Y  0.2889  0.8776  0.3825
Z -0.8121  0.0131  0.5834

PART 6
OFFSET  9.7296  4.9370 -9.5503
X  0.5070 -0.4792  0.7165
Y  0.2889  0.8776  0.3825
Z -0.8121  0.0131  0.5834

PART 7
OFFSET  9.1017  3.6011 -9.9986
X  0.5070 -0.4792  0.7165
Y  0.2889  0.8776  0.3825
Z -0.8121  0.0131  0.5834

PART 8
OFFSET  9.2291  3.2860 -10.8314
X  0.5070 -0.4792  0.7165
Y  0.2889  0.8776  0.3825
Z -0.8121  0.0131  0.5834

PART 9
OFFSET  11.2469  3.6432 -9.7361
X  0.6591 -0.3913  0.6423
Y -0.5456 -0.8365  0.0502
Z  0.5176 -0.3835 -0.7648

PART 10
OFFSET  11.2294  2.5025 -9.7128
X  0.3348 -0.9012 -0.2752
Y -0.9357 -0.2833 -0.2103
Z  0.1116  0.3279 -0.9381

PART 11
OFFSET  11.8646  0.5477 -10.3799
X  0.6358 -0.7572  0.1498
Y -0.6201 -0.6167 -0.4849
Z  0.4596  0.2154 -0.8616

PART 12
OFFSET  12.9795 -0.6138 -10.2056
X  0.8612 -0.5056  0.0515
Y -0.4519 -0.8082 -0.3775
Z  0.2325  0.3018 -0.9246

PART 13
OFFSET  13.9138 -1.1605 -10.1987
X  0.3933 -0.7337  0.5541
Y -0.5387  0.3046  0.7855
Z -0.7451 -0.6074 -0.2754

PART 14
OFFSET  12.4935  4.1304 -9.4010
X  0.9118 -0.1199  0.3926
Y  0.3288 -0.3595 -0.8733
Z  0.2459  0.9254 -0.2884

PART 15
OFFSET  14.5467  3.6820 -8.5839
X  0.8904 -0.3184  0.3252
Y  0.0850 -0.5856 -0.8061
Z  0.4471  0.7454 -0.4944

PART 16
OFFSET  15.8074  3.2312 -8.1235
X  0.7627 -0.6187 -0.1885
Y -0.4230 -0.2567 -0.8690
Z  0.4892  0.7425 -0.4575

PART 17
OFFSET  16.4836  2.6827 -8.2907
X  0.6139 -0.6722 -0.4138
Y -0.6465 -0.1273 -0.7523
Z  0.4530  0.7293 -0.5127

PART 18
OFFSET  17.0669  2.0440 -8.6838
X -0.1292  0.4886  0.8629
Y -0.8258  0.4286 -0.3664
Z -0.5489 -0.7600  0.3481

PART 19
OFFSET  12.2036  3.5419 -9.1196
X  0.7979 -0.1178  0.5912
Y  0.5275 -0.3384 -0.7793
Z  0.2918  0.9336 -0.2079

PART 20
OFFSET  14.2727  3.2958 -7.5651
X  0.8929 -0.4161  0.1721
Y -0.0547 -0.4797 -0.8757
Z  0.4470  0.7725 -0.4511

PART 21
OFFSET  15.7928  2.5874 -7.2720
X  0.7944 -0.5842 -0.1661
Y -0.3829 -0.2694 -0.8836
Z  0.4715  0.7656 -0.4377

PART 22
OFFSET  16.8938  1.7776 -7.5022
X  0.5486 -0.6392 -0.5389
Y -0.6941  0.0111 -0.7198
Z  0.4661  0.7689 -0.4376

PART 23
OFFSET  17.4888  1.0844 -8.0866
X -0.0301  0.5552  0.8312
Y -0.9024  0.3424 -0.2614
Z -0.4298 -0.7579  0.4907

PART 24
OFFSET  12.6898  0.9032 -8.0864
X  0.8696 -0.3130  0.3819
Y -0.3247  0.2203  0.9198
Z -0.3720 -0.9238  0.0899

PART 25
OFFSET  13.2112  1.6302 -6.9114
X  0.9006 -0.3086  0.3062
Y  0.1629 -0.4136 -0.8958
Z  0.4031  0.8566 -0.3222

PART 26
OFFSET  14.7968  1.0869 -6.3722
X  0.9325 -0.2886  0.2172
Y  0.1117 -0.3413 -0.9333
Z  0.3434  0.8946 -0.2860

PART 27
OFFSET  15.9095  0.6818 -6.0908
X  0.8786 -0.3751  0.2955
Y  0.1463 -0.3776 -0.9143
Z  0.4545  0.8466 -0.2769

PART 28
OFFSET  16.9020  0.2581 -5.7570
X -0.2903  0.7011  0.6513
Y -0.8472  0.1282 -0.5156
Z -0.4450 -0.7014  0.5567

PART 29
OFFSET  13.8257  2.5107 -7.1716
X  0.8926 -0.4027  0.2026
Y  0.0195 -0.4145 -0.9098
Z  0.4504  0.8161 -0.3621

PART 30
OFFSET  15.5695  1.7240 -6.7757
X  0.9053 -0.4161  0.0855
Y -0.0929 -0.3903 -0.9160
Z  0.4145  0.8213 -0.3920

PART 31
OFFSET  16.8917  1.1162 -6.6509
X  0.8605 -0.4874 -0.1485
Y -0.3329 -0.3172 -0.8880
Z  0.3857  0.8135 -0.4352

PART 32
OFFSET  17.8692  0.5701 -6.8215
X -0.4718  0.5243  0.7089
Y -0.7776  0.1315 -0.6148
Z -0.4156 -0.8413  0.3457

PART 33
OFFSET  14.1167  2.4488 -9.1874
X  0.2760  0.9210 -0.2750
Y -0.5176  0.3835  0.7648
Z  0.8099 -0.0687  0.5826

PART 34
OFFSET -7.2604 -4.8127 -5.4071
X -0.3524  0.7506  0.5589
Y -0.0038 -0.5984  0.8012
Z  0.9359  0.2802  0.2137

PART 35
OFFSET -2.9988 -13.8905 -12.1669
X -0.2134 -0.9279 -0.3058
Y  0.8544 -0.0254 -0.5190
Z  0.4738 -0.3720  0.7982

PART 36
OFFSET -1.1840 -5.9984 -9.5662
X -0.2134 -0.9279 -0.3058
Y  0.3270  0.2271 -0.9173
Z  0.9206 -0.2957  0.2549

PART 37
OFFSET -2.0515 -4.2193 -9.6564
X -0.2198 -0.9267 -0.3049
Y -0.4854  0.3749 -0.7898
Z  0.8462 -0.0256 -0.5322

PART 38
OFFSET -2.5021 -4.0640 -8.5571
X -0.2198 -0.9267 -0.3049
Y -0.4854  0.3749 -0.7898
Z  0.8462 -0.0256 -0.5322

PART 39
OFFSET -1.6687 -4.4699 -7.5812
X -0.2198 -0.9267 -0.3049
Y -0.4854  0.3749 -0.7898
Z  0.8462 -0.0256 -0.5322

PART 40
OFFSET -0.5300 -3.1537 -8.6289
X -0.9187 -0.0053 -0.3949
Y  0.3787  0.2718 -0.8847
Z  0.1120 -0.9623 -0.2477

PART 41
OFFSET -0.5282 -3.0185 -7.4958
X -0.4148 -0.3564 -0.8372
Y  0.6389  0.5411 -0.5469
Z  0.6479 -0.7617  0.0033

PART 42
OFFSET  0.2671 -2.2610 -5.6348
X -0.9053 -0.4239 -0.0284
Y  0.0424 -0.0236 -0.9988
Z  0.4227 -0.9054  0.0394

PART 43
OFFSET  1.6838 -1.4768 -5.6529
X -0.6079 -0.4044  0.6833
Y -0.5839 -0.3554 -0.7299
Z  0.5380 -0.8427 -0.0201

PART 44
OFFSET  2.3265 -0.9948 -6.3785
X -0.9147  0.1695  0.3669
Y  0.1171  0.9800 -0.1609
Z -0.3868 -0.1042 -0.9162

PART 45
OFFSET  0.6303 -2.6637 -9.1919
X -0.9378 -0.3468 -0.0137
Y  0.3425 -0.9182 -0.1989
Z  0.0564 -0.1912  0.9799

PART 46
OFFSET  2.7037 -1.7998 -8.9940
X -0.0665 -0.9135 -0.4015
Y  0.9750  0.0260 -0.2206
Z  0.2119 -0.4061  0.8889

PART 47
OFFSET  2.7978 -0.5065 -8.4256
X  0.8148 -0.4262 -0.3929
Y  0.5496  0.7836  0.2897
Z  0.1844 -0.4521  0.8727

PART 48
OFFSET  2.0754 -0.1286 -8.0772
X  0.9137  0.4044 -0.0394
Y -0.3458  0.8250  0.4471
Z  0.2133 -0.3949  0.8936

PART 49
OFFSET  1.2073 -0.5128 -8.0398
X -0.5127 -0.7700 -0.3797
Y -0.8221  0.3127  0.4758
Z -0.2477  0.5561 -0.7933

PART 50
OFFSET  0.5963 -2.9776 -8.5517
X -0.9562 -0.2335 -0.1765
Y  0.2648 -0.9470 -0.1819
Z -0.1247 -0.2207  0.9673

PART 51
OFFSET  3.1024 -2.3597 -8.2412
X -0.1042 -0.9500 -0.2945
Y  0.9704 -0.0321 -0.2395
Z  0.2181 -0.3107  0.9252

PART 52
OFFSET  3.2797 -0.7424 -7.7399
X  0.9170 -0.2609 -0.3018
Y  0.3410  0.9052  0.2536
Z  0.2070 -0.3355  0.9190

PART 53
OFFSET  2.0089 -0.3808 -7.3216
X  0.8337  0.5520  0.0182
Y -0.5143  0.7639  0.3897
Z  0.2012 -0.3343  0.9208

PART 54
OFFSET  1.1047 -0.9795 -7.3414
X -0.3793 -0.9051 -0.1922
Y -0.9073  0.3232  0.2689
Z -0.1813  0.2764 -0.9438

PART 55
OFFSET -4.6138 -3.9213 -9.6571
X -0.9065 -0.3251 -0.2694
Y -0.3592  0.9291  0.0875
Z  0.2218  0.1761 -0.9591

PART 56
