// Export filename: `C:\projects\cod\t5\xanim_export\t5_viewmodels\ak47\ak47_d2p_in.XANIM_EXPORT`
// Source filename: `D:\projects\devanim\t5\animation_assets\viewmodels\ak47\ViewModel_AK47_animated.fbx`
// Export time: Tue Aug 17 22:15:41 2010

ANIMATION
VERSION 3

NUMPARTS 78
PART 0 "tag_ads"
PART 1 "tag_torso"
PART 2 "J_Shoulder_LE"
PART 3 "J_Elbow_LE"
PART 4 "J_WristTwist_LE"
PART 5 "J_Sleave_Reshape_Bottom_LE_1"
PART 6 "J_Sleave_Reshape_Bottom_LE_2"
PART 7 "J_Sleave_Reshape_Top_LE_1"
PART 8 "J_Sleave_Reshape_Top_LE_2"
PART 9 "J_Sleave_Reshape_Top_LE_3"
PART 10 "J_Wrist_LE"
PART 11 "J_Thumb_LE_0"
PART 12 "J_Thumb_LE_1"
PART 13 "J_Thumb_LE_2"
PART 14 "J_Thumb_LE_3"
PART 15 "J_PinkyPalm_LE"
PART 16 "J_Pinky_LE_0"
PART 17 "J_Pinky_LE_1"
PART 18 "J_Pinky_LE_2"
PART 19 "J_Pinky_LE_3"
PART 20 "J_RingPalm_LE"
PART 21 "J_Ring_LE_0"
PART 22 "J_Ring_LE_1"
PART 23 "J_Ring_LE_2"
PART 24 "J_Ring_LE_3"
PART 25 "J_Webbing_LE"
PART 26 "J_Index_LE_0"
PART 27 "J_Index_LE_1"
PART 28 "J_Index_LE_2"
PART 29 "J_Index_LE_3"
PART 30 "J_Mid_LE_0"
PART 31 "J_Mid_LE_1"
PART 32 "J_Mid_LE_2"
PART 33 "J_Mid_LE_3"
PART 34 "tag_knife_attach"
PART 35 "tag_weapon"
PART 36 "J_Gun"
PART 37 "J_bolt"
PART 38 "TAG_CLIP"
PART 39 "tag_flame_unit"
PART 40 "tag_flamer_bracket"
PART 41 "tag_flamer_bottle"
PART 42 "tag_flamer_button"
PART 43 "tag_flamer_ring"
PART 44 "tag_flamer_pilot_light"
PART 45 "J_Shoulder_RI"
PART 46 "J_Elbow_RI"
PART 47 "J_WristTwist_RI"
PART 48 "J_Sleave_Reshape_Top_RI_3"
PART 49 "J_Sleave_Reshape_Top_RI_2"
PART 50 "J_Sleave_Reshape_Top_RI_1"
PART 51 "J_Wrist_RI"
PART 52 "J_Thumb_RI_0"
PART 53 "J_Thumb_RI_1"
PART 54 "J_Thumb_RI_2"
PART 55 "J_Thumb_RI_3"
PART 56 "J_PinkyPalm_RI"
PART 57 "J_Pinky_RI_0"
PART 58 "J_Pinky_RI_1"
PART 59 "J_Pinky_RI_2"
PART 60 "J_Pinky_RI_3"
PART 61 "J_RingPalm_RI"
PART 62 "J_Ring_RI_0"
PART 63 "J_Ring_RI_1"
PART 64 "J_Ring_RI_2"
PART 65 "J_Ring_RI_3"
PART 66 "J_Webbing_RI"
PART 67 "J_Index_RI_0"
PART 68 "J_Index_RI_1"
PART 69 "J_Index_RI_2"
PART 70 "J_Index_RI_3"
PART 71 "J_Mid_RI_0"
PART 72 "J_Mid_RI_1"
PART 73 "J_Mid_RI_2"
PART 74 "J_Mid_RI_3"
PART 75 "tag_cambone"
PART 76 "tag_camera"
PART 77 "tag_gasmask"

FRAMERATE 30
NUMFRAMES 11

FRAME 2060
PART 0
OFFSET  0.0000 -0.0000 -0.0000
X  1.0000 -0.0000  0.0000
Y  0.0000  1.0000  0.0000
Z  0.0000 -0.0000  1.0000

PART 1
OFFSET -4.6318 -0.0000 -1.3770
X  1.0000 -0.0000  0.0000
Y  0.0000  1.0000  0.0000
Z  0.0000 -0.0000  1.0000

PART 2
OFFSET -3.5060  6.3408 -6.7125
X  0.6251 -0.2479 -0.7401
Y  0.2181 -0.8550  0.4706
Z -0.7495 -0.4556 -0.4804

PART 3
OFFSET  4.0538  3.3427 -15.6637
X  0.9319 -0.1312  0.3382
Y -0.3063  0.2148  0.9274
Z -0.1944 -0.9678  0.1600

PART 4
OFFSET  11.9798  2.2265 -12.7870
X  0.9319 -0.1312  0.3382
Y  0.1505  0.9881 -0.0313
Z -0.3301  0.0801  0.9405

PART 5
OFFSET  13.8664  3.5959 -13.3254
X  0.9342 -0.1299  0.3323
Y  0.1962  0.9650 -0.1743
Z -0.2980  0.2280  0.9269

PART 6
OFFSET  13.1675  1.1170 -13.4915
X  0.9342 -0.1299  0.3323
Y  0.1962  0.9650 -0.1743
Z -0.2980  0.2280  0.9269

PART 7
OFFSET  13.5981  3.6400 -11.0206
X  0.9342 -0.1299  0.3323
Y  0.1962  0.9650 -0.1743
Z -0.2980  0.2280  0.9269

PART 8
OFFSET  13.2081  2.1283 -10.8297
X  0.9342 -0.1299  0.3323
Y  0.1962  0.9650 -0.1743
Z -0.2980  0.2280  0.9269

PART 9
OFFSET  12.7934  0.9524 -11.2709
X  0.9342 -0.1299  0.3323
Y  0.1962  0.9650 -0.1743
Z -0.2980  0.2280  0.9269

PART 10
OFFSET  14.8366  1.8242 -11.7501
X  0.8700  0.4589 -0.1803
Y -0.4526  0.8884  0.0775
Z  0.1957  0.0142  0.9806

PART 11
OFFSET  14.8716  2.8938 -11.3538
X  0.7185  0.6937 -0.0501
Y -0.6603  0.6578 -0.3622
Z -0.2183  0.2933  0.9307

PART 12
OFFSET  16.3440  4.4727 -11.4463
X  0.9228  0.3218 -0.2118
Y -0.3570  0.9210 -0.1561
Z  0.1448  0.2197  0.9648

PART 13
OFFSET  17.8713  4.9620 -11.6709
X  0.7871  0.6123 -0.0745
Y -0.6079  0.7497 -0.2614
Z -0.1042  0.2510  0.9624

PART 14
OFFSET  18.7074  5.6483 -11.7118
X  0.5227  0.4452 -0.7270
Y -0.1934 -0.7686 -0.6098
Z -0.8303  0.4594 -0.3156

PART 15
OFFSET  16.0969  1.2643 -11.7874
X  0.9998  0.0100 -0.0148
Y  0.0150 -0.0291  0.9995
Z  0.0095 -0.9995 -0.0292

PART 16
OFFSET  18.3439  1.4287 -11.6938
X  0.0203  0.4652  0.8850
Y -0.9902  0.1316 -0.0464
Z -0.1380 -0.8754  0.4634

PART 17
OFFSET  18.3727  2.0873 -10.4409
X -0.3832  0.4838  0.7868
Y -0.9173 -0.0999 -0.3854
Z -0.1078 -0.8694  0.4821

PART 18
OFFSET  18.0329  2.5163 -9.7433
X -0.6436  0.4405  0.6259
Y -0.7473 -0.1850 -0.6383
Z -0.1654 -0.8785  0.4482

PART 19
OFFSET  17.4214  2.9348 -9.1487
X  0.9853 -0.0938 -0.1428
Y -0.1709 -0.5341 -0.8279
Z  0.0013  0.8402 -0.5423

PART 20
OFFSET  15.9602  1.9536 -11.9125
X  0.9681  0.1640 -0.1895
Y  0.1975 -0.0342  0.9797
Z  0.1542 -0.9859 -0.0655

PART 21
OFFSET  18.5222  2.3281 -12.1457
X  0.3858  0.1772  0.9054
Y -0.8866  0.3427  0.3107
Z -0.2553 -0.9226  0.2893

PART 22
OFFSET  19.1789  2.6297 -10.6042
X -0.5213  0.3906  0.7587
Y -0.8200  0.0170 -0.5721
Z -0.2363 -0.9204  0.3114

PART 23
OFFSET  18.4564  3.1710 -9.5526
X -0.7911  0.3636  0.4918
Y -0.5652 -0.1271 -0.8151
Z -0.2339 -0.9228  0.3061

PART 24
OFFSET  17.5984  3.5654 -9.0192
X  0.9595 -0.2707  0.0777
Y  0.0010 -0.2728 -0.9621
Z  0.2816  0.9232 -0.2615

PART 25
OFFSET  16.9048  4.6572 -11.6574
X  0.9605  0.2640  0.0880
Y  0.0480  0.1545 -0.9868
Z -0.2741  0.9521  0.1357

PART 26
OFFSET  17.8124  4.2773 -12.7587
X  0.9500 -0.1024  0.2951
Y -0.2857  0.0972  0.9534
Z -0.1264 -0.9900  0.0631

PART 27
OFFSET  19.4850  4.0969 -12.2391
X  0.3499 -0.0812  0.9333
Y -0.9273  0.1112  0.3574
Z -0.1329 -0.9905 -0.0364

PART 28
OFFSET  19.9184  4.0583 -11.1023
X -0.3721  0.1175  0.9207
Y -0.9218  0.0693 -0.3814
Z -0.1087 -0.9906  0.0825

PART 29
OFFSET  19.4981  4.1911 -10.0624
X  0.9227 -0.3795  0.0678
Y  0.0905  0.0422 -0.9950
Z  0.3747  0.9242  0.0733

PART 30
OFFSET  18.2457  3.2671 -12.6476
X  0.6572  0.0762  0.7499
Y -0.7473  0.1955  0.6350
Z -0.0982 -0.9777  0.1855

PART 31
OFFSET  19.5295  3.4160 -11.1827
X -0.3039  0.2168  0.9277
Y -0.9418  0.0787 -0.3268
Z -0.1438 -0.9730  0.1802

PART 32
OFFSET  19.0857  3.7326 -9.8276
X -0.8134  0.2262  0.5360
Y -0.5538 -0.0188 -0.8325
Z -0.1783 -0.9739  0.1405

PART 33
OFFSET  18.1636  3.9820 -9.2190
X  0.9888 -0.0992  0.1117
Y  0.0862 -0.2321 -0.9689
Z  0.1221  0.9676 -0.2210

PART 34
OFFSET  17.7374  2.6114 -10.7864
X  0.1141 -0.9934 -0.0084
Y -0.1957 -0.0142 -0.9806
Z  0.9740  0.1136 -0.1961

PART 35
OFFSET  10.2443 -1.9509 -7.0301
X  0.7570  0.5117 -0.4063
Y -0.6468  0.4986 -0.5771
Z -0.0927  0.6997  0.7084

PART 36
OFFSET  10.2443 -1.9509 -7.0301
X  0.7570  0.5117 -0.4063
Y -0.6468  0.4986 -0.5771
Z -0.0927  0.6997  0.7084

PART 37
OFFSET  14.2205  2.2705 -7.3512
X  0.7550  0.5259 -0.3917
Y -0.6468  0.4986 -0.5771
Z -0.1082  0.6891  0.7166

PART 38
OFFSET  13.3971  0.4071 -8.5523
X  0.7570  0.5117 -0.4063
Y -0.6468  0.4986 -0.5771
Z -0.0927  0.6997  0.7084

PART 39
OFFSET  9.8892 -3.9387 -8.3495
X  0.7570  0.5117 -0.4063
Y -0.6468  0.4986 -0.5771
Z -0.0927  0.6997  0.7084

PART 40
OFFSET  21.0796  4.0864 -13.3454
X -0.3748  0.4512  0.8099
Y -0.6642 -0.7401  0.1049
Z  0.6468 -0.4986  0.5771

PART 41
OFFSET  21.0796  4.0864 -13.3454
X -0.6468  0.4986 -0.5771
Y -0.7570 -0.5117  0.4063
Z -0.0927  0.6997  0.7084

PART 42
OFFSET  20.6296  3.6827 -13.6922
X -0.6468  0.4986 -0.5771
Y -0.7570 -0.5117  0.4063
Z -0.0927  0.6997  0.7084

PART 43
OFFSET  19.7242  4.3807 -14.5002
X -0.5018  0.0571 -0.8631
Y -0.7570 -0.5117  0.4063
Z -0.4184  0.8573  0.3000

PART 44
OFFSET  26.6122  8.8263 -18.7068
X  0.8587  0.4621  0.2216
Y  0.1448  0.1960 -0.9699
Z -0.4916  0.8649  0.1014

PART 45
OFFSET -10.8444 -11.7139 -5.9426
X -0.9335  0.3392 -0.1162
Y -0.2261 -0.3051  0.9251
Z  0.2783  0.8899  0.3615

PART 46
OFFSET  0.4454 -15.8159 -4.5369
X -0.6498 -0.7518  0.1117
Y  0.7582 -0.6311  0.1637
Z -0.0526  0.1911  0.9802

PART 47
OFFSET  5.9725 -9.4213 -5.4867
X -0.6498 -0.7518  0.1117
Y  0.4908 -0.5273 -0.6936
Z  0.5803 -0.3959  0.7117

PART 48
OFFSET  6.4545 -8.1393 -6.9321
X -0.6541 -0.7487  0.1078
Y  0.0434 -0.1794 -0.9828
Z  0.7551 -0.6382  0.1498

PART 49
OFFSET  5.9679 -7.1353 -6.4390
X -0.6541 -0.7487  0.1078
Y  0.0434 -0.1794 -0.9828
Z  0.7551 -0.6382  0.1498

PART 50
OFFSET  6.0689 -6.8918 -5.0961
X -0.6541 -0.7487  0.1078
Y  0.0434 -0.1794 -0.9828
Z  0.7551 -0.6382  0.1498

PART 51
OFFSET  7.9647 -7.1164 -5.8291
X -0.6066 -0.7425  0.2840
Y  0.4179 -0.6017 -0.6807
Z  0.6763 -0.2942  0.6753

PART 52
OFFSET  7.5567 -6.0810 -5.5772
X  0.1113 -0.9710  0.2117
Y  0.3794 -0.1554 -0.9121
Z  0.9185  0.1819  0.3511

PART 53
OFFSET  7.2275 -3.9803 -5.9626
X -0.4816 -0.4593  0.7464
Y  0.3435 -0.8825 -0.3214
Z  0.8063  0.1016  0.5827

PART 54
OFFSET  7.9351 -3.3029 -7.2521
X -0.4685  0.3079  0.8281
Y -0.0549 -0.9457  0.3205
Z  0.8818  0.1047  0.4599

PART 55
OFFSET  8.4023 -3.6245 -8.1740
X -0.9236 -0.0349  0.3819
Y -0.3828  0.0257 -0.9235
Z  0.0224 -0.9991 -0.0371

PART 56
OFFSET  8.7888 -7.0730 -6.9347
X -0.5528 -0.4503  0.7011
Y  0.8206 -0.1478  0.5521
Z -0.1450  0.8806  0.4512

PART 57
OFFSET  9.9092 -5.9148 -8.5121
X  0.5548 -0.5015  0.6639
Y  0.8233  0.2158 -0.5249
Z  0.1199  0.8378  0.5326

PART 58
OFFSET  9.1238 -5.2048 -9.4520
X  0.9894 -0.0624 -0.1313
Y -0.0698  0.5886 -0.8054
Z  0.1275  0.8060  0.5780

PART 59
OFFSET  8.2466 -5.1495 -9.3356
X  0.5188  0.3995 -0.7558
Y -0.8473  0.3579 -0.3925
Z  0.1137  0.8440  0.5242

PART 60
OFFSET  7.7537 -5.5291 -8.6175
X  0.1186 -0.6523  0.7487
Y -0.9592  0.1197  0.2563
Z -0.2568 -0.7485 -0.6114

PART 61
OFFSET  8.7390 -6.5508 -6.4505
X -0.5794 -0.5903  0.5620
Y  0.7695 -0.1688  0.6160
Z -0.2688  0.7893  0.5520

PART 62
OFFSET  10.2996 -5.1397 -7.9774
X  0.5126 -0.4258  0.7457
Y  0.8563  0.1897 -0.4803
Z  0.0631  0.8847  0.4618

PART 63
OFFSET  9.4270 -4.4148 -9.2469
X  0.9548  0.0830 -0.2855
Y -0.2891  0.4833 -0.8263
Z  0.0694  0.8715  0.4855

PART 64
OFFSET  8.1037 -4.5298 -8.8513
X  0.3595  0.4358 -0.8252
Y -0.9310  0.2278 -0.2853
Z  0.0636  0.8708  0.4876

PART 65
OFFSET  7.7138 -5.0024 -7.9564
X  0.2404 -0.4443  0.8630
Y -0.9706 -0.1008  0.2185
Z -0.0101 -0.8902 -0.4555

PART 66
OFFSET  5.4492 -9.8557 -3.7095
X -0.4635 -0.6641  0.5866
Y -0.8065  0.0420 -0.5897
Z  0.3670 -0.7465 -0.5551

PART 67
OFFSET  10.2646 -3.8786 -6.1714
X -0.6135 -0.6264  0.4810
Y  0.7605 -0.3043  0.5736
Z -0.2129  0.7177  0.6630

PART 68
OFFSET  11.3447 -2.7758 -7.0182
X -0.5898 -0.6314  0.5035
Y  0.7676 -0.2447  0.5924
Z -0.2509  0.7359  0.6289

PART 69
OFFSET  12.0465 -1.9636 -7.5921
X -0.5671 -0.6824  0.4612
Y  0.7761 -0.2552  0.5766
Z -0.2757  0.6849  0.6744

PART 70
OFFSET  12.6870 -1.1928 -8.1130
X -0.5936  0.6452 -0.4810
Y  0.8048  0.4768 -0.3536
Z  0.0012 -0.5969 -0.8023

PART 71
OFFSET  10.5319 -4.5578 -7.0007
X  0.3896 -0.4530  0.8019
Y  0.9133  0.3025 -0.2728
Z -0.1190  0.8386  0.5315

PART 72
OFFSET  9.7709 -3.6729 -8.5672
X  0.9894  0.1445 -0.0144
Y -0.0839  0.4879 -0.8689
Z -0.1185  0.8609  0.4948

PART 73
OFFSET  8.3257 -3.8839 -8.5462
X  0.4436  0.4651 -0.7661
Y -0.8838  0.0850 -0.4602
Z -0.1489  0.8812  0.4488

PART 74
OFFSET  7.8237 -4.4168 -7.6820
X  0.2338 -0.4672  0.8526
Y -0.9703 -0.1680  0.1740
Z  0.0619 -0.8680 -0.4927

PART 75
OFFSET  0.0000 -0.0000 -0.0000
X  1.0000 -0.0000  0.0000
Y  0.0000  1.0000  0.0000
Z  0.0000 -0.0000  1.0000

PART 76
OFFSET  0.0000 -0.0000 -0.0000
X  1.0000 -0.0000  0.0000
Y  0.0000  1.0000  0.0000
Z  0.0000 -0.0000  1.0000

PART 77
OFFSET  1.5404 -0.0000  4.1357
X  1.0000 -0.0000  0.0000
Y  0.0000  1.0000  0.0000
Z  0.0000 -0.0000  1.0000


FRAME 2061
PART 0
OFFSET  0.0000 -0.0000 -0.0000
X  1.0000 -0.0000  0.0000
Y  0.0000  1.0000  0.0000
Z  0.0000 -0.0000  1.0000

PART 1
OFFSET -4.6318 -0.0000 -1.3770
X  1.0000 -0.0000  0.0000
Y  0.0000  1.0000  0.0000
Z  0.0000 -0.0000  1.0000

PART 2
OFFSET -3.5060  6.3408 -6.7125
X  0.6260 -0.2466 -0.7399
Y  0.2216 -0.8534  0.4719
Z -0.7477 -0.4593 -0.4795

PART 3
OFFSET  4.0642  3.3590 -15.6603
X  0.9311 -0.1261  0.3422
Y -0.3110  0.2156  0.9256
Z -0.1905 -0.9683  0.1615

PART 4
OFFSET  11.9839  2.2865 -12.7499
X  0.9311 -0.1261  0.3422
Y  0.1438  0.9892 -0.0269
Z -0.3351  0.0742  0.9393

PART 5
OFFSET  13.8662  3.6633 -13.2842
X  0.9335 -0.1248  0.3363
Y  0.1924  0.9654 -0.1758
Z -0.3027  0.2288  0.9252

PART 6
OFFSET  13.1795  1.1809 -13.4472
X  0.9335 -0.1248  0.3363
Y  0.1924  0.9654 -0.1758
Z -0.3027  0.2288  0.9252

PART 7
OFFSET  13.5887  3.7116 -10.9805
X  0.9335 -0.1248  0.3363
Y  0.1924  0.9654 -0.1758
Z -0.3027  0.2288  0.9252

PART 8
OFFSET  13.2049  2.1985 -10.7877
X  0.9335 -0.1248  0.3363
Y  0.1924  0.9654 -0.1758
Z -0.3027  0.2288  0.9252

PART 9
OFFSET  12.7975  1.0196 -11.2277
X  0.9335 -0.1248  0.3363
Y  0.1924  0.9654 -0.1758
Z -0.3027  0.2288  0.9252

PART 10
OFFSET  14.8384  1.8999 -11.7009
X  0.8676  0.4634 -0.1803
Y -0.4562  0.8861  0.0822
Z  0.1979  0.0109  0.9802

PART 11
OFFSET  14.8697  2.9679 -11.3002
X  0.7154  0.6970 -0.0488
Y -0.6640  0.6565 -0.3579
Z -0.2175  0.2885  0.9325

PART 12
OFFSET  16.3352  4.5535 -11.3893
X  0.9209  0.3267 -0.2125
Y -0.3613  0.9201 -0.1514
Z  0.1461  0.2162  0.9654

PART 13
OFFSET  17.8599  5.0502 -11.6152
X  0.7843  0.6159 -0.0736
Y -0.6117  0.7482 -0.2569
Z -0.1031  0.2465  0.9636

PART 14
OFFSET  18.6929  5.7403 -11.6551
X  0.5192  0.4505 -0.7263
Y -0.1915 -0.7668 -0.6126
Z -0.8329  0.4572 -0.3118

PART 15
OFFSET  16.1011  1.3455 -11.7435
X  0.9998  0.0143 -0.0170
Y  0.0174 -0.0332  0.9993
Z  0.0137 -0.9993 -0.0335

PART 16
OFFSET  18.3475  1.5191 -11.6542
X  0.0204  0.4616  0.8869
Y -0.9909  0.1275 -0.0436
Z -0.1333 -0.8779  0.4600

PART 17
OFFSET  18.3763  2.1726 -10.3986
X -0.3835  0.4789  0.7897
Y -0.9178 -0.1022 -0.3837
Z -0.1030 -0.8719  0.4787

PART 18
OFFSET  18.0363  2.5972 -9.6984
X -0.6441  0.4351  0.6292
Y -0.7479 -0.1855 -0.6374
Z -0.1606 -0.8811  0.4449

PART 19
OFFSET  17.4244  3.0106 -9.1007
X  0.9854 -0.0889 -0.1455
Y -0.1705 -0.5314 -0.8298
Z -0.0035  0.8425 -0.5388

PART 20
OFFSET  15.9611  2.0348 -11.8653
X  0.9669  0.1690 -0.1910
Y  0.1999 -0.0375  0.9791
Z  0.1583 -0.9849 -0.0700

PART 21
OFFSET  18.5209  2.4212 -12.1026
X  0.3870  0.1750  0.9053
Y -0.8873  0.3376  0.3141
Z -0.2507 -0.9249  0.2860

PART 22
OFFSET  19.1799  2.7191 -10.5614
X -0.5213  0.3851  0.7616
Y -0.8214  0.0159 -0.5702
Z -0.2317 -0.9227  0.3081

PART 23
OFFSET  18.4575  3.2529 -9.5059
X -0.7916  0.3582  0.4951
Y -0.5665 -0.1261 -0.8144
Z -0.2292 -0.9251  0.3027

PART 24
OFFSET  17.5990  3.6413 -8.9689
X  0.9608 -0.2669  0.0744
Y -0.0001 -0.2687 -0.9632
Z  0.2771  0.9255 -0.2582

PART 25
OFFSET  16.8947  4.7412 -11.6009
X  0.9596  0.2677  0.0870
Y  0.0451  0.1588 -0.9863
Z -0.2778  0.9503  0.1404

PART 26
OFFSET  17.8015  4.3699 -12.7058
X  0.9511 -0.0996  0.2925
Y -0.2839  0.0920  0.9544
Z -0.1220 -0.9908  0.0592

PART 27
OFFSET  19.4759  4.1945 -12.1908
X  0.3524 -0.0837  0.9321
Y -0.9270  0.1058  0.3599
Z -0.1287 -0.9909 -0.0403

PART 28
OFFSET  19.9121  4.1530 -11.0551
X -0.3705  0.1120  0.9220
Y -0.9229  0.0670 -0.3790
Z -0.1043 -0.9914  0.0786

PART 29
OFFSET  19.4936  4.2795 -10.0137
X  0.9245 -0.3758  0.0641
Y  0.0880  0.0468 -0.9950
Z  0.3710  0.9255  0.0763

PART 30
OFFSET  18.2393  3.3612 -12.6000
X  0.6585  0.0759  0.7487
Y -0.7467  0.1897  0.6375
Z -0.0936 -0.9789  0.1815

PART 31
OFFSET  19.5258  3.5094 -11.1373
X -0.3027  0.2115  0.9293
Y -0.9429  0.0760 -0.3244
Z -0.1393 -0.9744  0.1764

PART 32
OFFSET  19.0837  3.8183 -9.7799
X -0.8131  0.2205  0.5388
Y -0.5556 -0.0176 -0.8313
Z -0.1738 -0.9752  0.1368

PART 33
OFFSET  18.1620  4.0611 -9.1682
X  0.9894 -0.0955  0.1091
Y  0.0850 -0.2277 -0.9700
Z  0.1174  0.9690 -0.2172

PART 34
OFFSET  17.7381  2.6954 -10.7405
X  0.1184 -0.9929 -0.0128
Y -0.1979 -0.0109 -0.9802
Z  0.9731  0.1186 -0.1978

PART 35
OFFSET  10.2730 -1.9148 -6.9866
X  0.7539  0.5167 -0.4058
Y -0.6502  0.4983 -0.5735
Z -0.0941  0.6963  0.7116

PART 36
OFFSET  10.2730 -1.9148 -6.9866
X  0.7539  0.5167 -0.4058
Y -0.6502  0.4983 -0.5735
Z -0.0941  0.6963  0.7116

PART 37
OFFSET  14.2304  2.3249 -7.2988
X  0.7518  0.5308 -0.3912
Y -0.6502  0.4983 -0.5735
Z -0.1095  0.6856  0.7197

PART 38
OFFSET  13.4123  0.4631 -8.5059
X  0.7539  0.5167 -0.4058
Y -0.6502  0.4983 -0.5735
Z -0.0941  0.6963  0.7116

PART 39
OFFSET  9.9234 -3.8985 -8.3136
X  0.7539  0.5167 -0.4058
Y -0.6502  0.4983 -0.5735
Z -0.0941  0.6963  0.7116

PART 40
OFFSET  21.0681  4.1954 -13.3007
X -0.3749  0.4462  0.8126
Y -0.6608 -0.7434  0.1033
Z  0.6502 -0.4983  0.5735

PART 41
OFFSET  21.0681  4.1954 -13.3007
X -0.6502  0.4983 -0.5735
Y -0.7539 -0.5167  0.4058
Z -0.0941  0.6963  0.7116

PART 42
OFFSET  20.6191  3.7913 -13.6482
X -0.6502  0.4983 -0.5735
Y -0.7539 -0.5167  0.4058
Z -0.0941  0.6963  0.7116

PART 43
OFFSET  19.7088  4.4888 -14.4511
X -0.5170  0.0854 -0.8517
Y -0.7539 -0.5167  0.4058
Z -0.4054  0.8519  0.3315

PART 44
OFFSET  26.5682  8.9816 -18.6544
X  0.8572  0.4648  0.2216
Y  0.1418  0.2007 -0.9693
Z -0.4950  0.8624  0.1061

PART 45
OFFSET -10.8444 -11.7139 -5.9426
X -0.9350  0.3353 -0.1157
Y -0.2248 -0.3078  0.9245
Z  0.2743  0.8904  0.3632

PART 46
OFFSET  0.4633 -15.7684 -4.5430
X -0.6529 -0.7496  0.1088
Y  0.7555 -0.6344  0.1636
Z -0.0536  0.1890  0.9805

PART 47
OFFSET  6.0166 -9.3930 -5.4687
X -0.6529 -0.7496  0.1088
Y  0.4884 -0.5265 -0.6959
Z  0.5789 -0.4012  0.7099

PART 48
OFFSET  6.5060 -8.1096 -6.9103
X -0.6572 -0.7464  0.1049
Y  0.0444 -0.1773 -0.9832
Z  0.7524 -0.6415  0.1497

PART 49
OFFSET  6.0225 -7.1049 -6.4158
X -0.6572 -0.7464  0.1049
Y  0.0444 -0.1773 -0.9832
Z  0.7524 -0.6415  0.1497

PART 50
OFFSET  6.1221 -6.8648 -5.0721
X -0.6572 -0.7464  0.1049
Y  0.0444 -0.1773 -0.9832
Z  0.7524 -0.6415  0.1497

PART 51
OFFSET  8.0183 -7.0950 -5.8023
X -0.6028 -0.7463  0.2822
Y  0.4189 -0.5970 -0.6841
Z  0.6791 -0.2942  0.6725

PART 52
OFFSET  7.6064 -6.0624 -5.5452
X  0.1159 -0.9714  0.2074
Y  0.3780 -0.1499 -0.9136
Z  0.9185  0.1843  0.3498

PART 53
OFFSET  7.2673 -3.9615 -5.9210
X -0.4779 -0.4645  0.7456
Y  0.3465 -0.8796 -0.3259
Z  0.8072  0.1026  0.5813

PART 54
OFFSET  7.9691 -3.2757 -7.2091
X -0.4679  0.3023  0.8304
Y -0.0502 -0.9472  0.3166
Z  0.8823  0.1065  0.4584

PART 55
OFFSET  8.4356 -3.5914 -8.1335
X -0.9225 -0.0404  0.3838
Y -0.3850  0.0280 -0.9225
Z  0.0265 -0.9988 -0.0414

PART 56
OFFSET  8.8397 -7.0434 -6.9096
X -0.5493 -0.4556  0.7005
Y  0.8225 -0.1466  0.5496
Z -0.1477  0.8780  0.4553

PART 57
OFFSET  9.9515 -5.8738 -8.4846
X  0.5584 -0.5019  0.6605
Y  0.8212  0.2216 -0.5259
Z  0.1176  0.8361  0.5359

PART 58
OFFSET  9.1610 -5.1632 -9.4198
X  0.9893 -0.0576 -0.1338
Y -0.0741  0.5917 -0.8027
Z  0.1254  0.8041  0.5812

PART 59
OFFSET  8.2838 -5.1122 -9.3011
X  0.5154  0.4049 -0.7552
Y -0.8497  0.3559 -0.3891
Z  0.1112  0.8423  0.5275

PART 60
OFFSET  7.7941 -5.4969 -8.5836
X  0.1231 -0.6549  0.7456
Y -0.9591  0.1145  0.2589
Z -0.2550 -0.7470 -0.6140

PART 61
OFFSET  8.7887 -6.5235 -6.4231
X -0.5756 -0.5952  0.5608
Y  0.7716 -0.1681  0.6135
Z -0.2709  0.7858  0.5560

PART 62
OFFSET  10.3398 -5.0993 -7.9476
X  0.5161 -0.4267  0.7427
Y  0.8544  0.1954 -0.4815
Z  0.0604  0.8830  0.4654

PART 63
OFFSET  9.4612 -4.3728 -9.2120
X  0.9538  0.0883 -0.2873
Y -0.2930  0.4856 -0.8236
Z  0.0668  0.8697  0.4890

PART 64
OFFSET  8.1394 -4.4951 -8.8139
X  0.3557  0.4408 -0.8241
Y -0.9326  0.2250 -0.2822
Z  0.0610  0.8690  0.4911

PART 65
OFFSET  7.7535 -4.9732 -7.9201
X  0.2443 -0.4469  0.8606
Y -0.9697 -0.1058  0.2203
Z -0.0074 -0.8883 -0.4592

PART 66
OFFSET  5.5193 -9.8540 -3.6887
X -0.4593 -0.6685  0.5849
Y -0.8080  0.0410 -0.5877
Z  0.3689 -0.7425 -0.5591

PART 67
OFFSET  10.3035 -3.8460 -6.1361
X -0.6097 -0.6310  0.4797
Y  0.7631 -0.3035  0.5706
Z -0.2145  0.7140  0.6665

PART 68
OFFSET  11.3770 -2.7350 -6.9807
X -0.5860 -0.6360  0.5021
Y  0.7700 -0.2439  0.5897
Z -0.2526  0.7321  0.6326

PART 69
OFFSET  12.0740 -1.9174 -7.5527
X -0.5631 -0.6868  0.4596
Y  0.7785 -0.2543  0.5738
Z -0.2771  0.6809  0.6779

PART 70
OFFSET  12.7100 -1.1416 -8.0718
X -0.5974  0.6447 -0.4769
Y  0.8019  0.4818 -0.3533
Z  0.0019 -0.5935 -0.8048

PART 71
OFFSET  10.5718 -4.5205 -6.9689
X  0.3933 -0.4547  0.7991
Y  0.9114  0.3075 -0.2736
Z -0.1214  0.8359  0.5354

PART 72
OFFSET  9.8035 -3.6322 -8.5299
X  0.9887  0.1487 -0.0160
Y -0.0880  0.4912 -0.8666
Z -0.1210  0.8583  0.4987

PART 73
OFFSET  8.3593 -3.8495 -8.5066
X  0.4399  0.4702 -0.7651
Y -0.8851  0.0831 -0.4578
Z -0.1517  0.8786  0.4528

PART 74
OFFSET  7.8616 -4.3883 -7.6435
X  0.2377 -0.4698  0.8501
Y -0.9692 -0.1729  0.1755
Z  0.0645 -0.8657 -0.4965

PART 75
OFFSET  0.0000 -0.0000 -0.0000
X  1.0000 -0.0000  0.0000
Y  0.0000  1.0000  0.0000
Z  0.0000 -0.0000  1.0000

PART 76
OFFSET -0.0000 -0.0000 -0.0000
X  1.0000 -0.0000 -0.0030
Y  0.0000  1.0000  0.0021
Z  0.0030 -0.0021  1.0000

PART 77
OFFSET  1.5528 -0.0085  4.1311
X  1.0000 -0.0000 -0.0030
Y  0.0000  1.0000  0.0021
Z  0.0030 -0.0021  1.0000


FRAME 2062
PART 0
OFFSET  0.0000 -0.0000 -0.0000
X  1.0000 -0.0000  0.0000
Y  0.0000  1.0000  0.0000
Z  0.0000 -0.0000  1.0000

PART 1
OFFSET -4.6318 -0.0000 -1.3770
X  1.0000 -0.0000  0.0000
Y  0.0000  1.0000  0.0000
Z  0.0000 -0.0000  1.0000

PART 2
OFFSET -3.5060  6.3408 -6.7125
X  0.6286 -0.2429 -0.7388
Y  0.2307 -0.8490  0.4754
Z -0.7427 -0.4693 -0.4776

PART 3
OFFSET  4.0967  3.4030 -15.6474
X  0.9288 -0.1122  0.3532
Y -0.3239  0.2174  0.9208
Z -0.1801 -0.9696  0.1656

PART 4
OFFSET  11.9966  2.4488 -12.6435
X  0.9288 -0.1122  0.3532
Y  0.1250  0.9921 -0.0137
Z -0.3488  0.0569  0.9355

PART 5
OFFSET  13.8672  3.8459 -13.1658
X  0.9312 -0.1109  0.3473
Y  0.1822  0.9667 -0.1798
Z -0.3158  0.2307  0.9204

PART 6
OFFSET  13.2136  1.3541 -13.3205
X  0.9312 -0.1109  0.3473
Y  0.1822  0.9667 -0.1798
Z -0.3158  0.2307  0.9204

PART 7
OFFSET  13.5637  3.9051 -10.8657
X  0.9312 -0.1109  0.3473
Y  0.1822  0.9667 -0.1798
Z -0.3158  0.2307  0.9204

PART 8
OFFSET  13.1968  2.3884 -10.6674
X  0.9312 -0.1109  0.3473
Y  0.1822  0.9667 -0.1798
Z -0.3158  0.2307  0.9204

PART 9
OFFSET  12.8091  1.2018 -11.1044
X  0.9312 -0.1109  0.3473
Y  0.1822  0.9667 -0.1798
Z -0.3158  0.2307  0.9204

PART 10
OFFSET  14.8440  2.1049 -11.5607
X  0.8613  0.4753 -0.1798
Y -0.4656  0.8798  0.0956
Z  0.2036  0.0013  0.9790

PART 11
OFFSET  14.8657  3.1683 -11.1473
X  0.7073  0.7055 -0.0445
Y -0.6734  0.6533 -0.3461
Z -0.2151  0.2747  0.9372

PART 12
OFFSET  16.3129  4.7712 -11.2257
X  0.9159  0.3395 -0.2139
Y -0.3725  0.9177 -0.1381
Z  0.1494  0.2062  0.9670

PART 13
OFFSET  17.8305  5.2877 -11.4546
X  0.7770  0.6256 -0.0708
Y -0.6215  0.7444 -0.2442
Z -0.1001  0.2337  0.9671

PART 14
OFFSET  18.6555  5.9875 -11.4910
X  0.5097  0.4651 -0.7238
Y -0.1866 -0.7615 -0.6207
Z -0.8398  0.4515 -0.3014

PART 15
OFFSET  16.1124  1.5652 -11.6174
X  0.9994  0.0258 -0.0226
Y  0.0238 -0.0451  0.9987
Z  0.0247 -0.9987 -0.0457

PART 16
OFFSET  18.3573  1.7630 -11.5392
X  0.0205  0.4510  0.8923
Y -0.9925  0.1169 -0.0363
Z -0.1207 -0.8848  0.4501

PART 17
OFFSET  18.3863  2.4016 -10.2759
X -0.3841  0.4650  0.7977
Y -0.9189 -0.1079 -0.3795
Z -0.0904 -0.8787  0.4687

PART 18
OFFSET  18.0458  2.8139 -9.5687
X -0.6451  0.4202  0.6382
Y -0.7496 -0.1862 -0.6352
Z -0.1481 -0.8881  0.4351

PART 19
OFFSET  17.4329  3.2131 -8.9624
X  0.9854 -0.0761 -0.1523
Y -0.1695 -0.5232 -0.8352
Z -0.0161  0.8488 -0.5285

PART 20
OFFSET  15.9640  2.2543 -11.7301
X  0.9638  0.1821 -0.1946
Y  0.2062 -0.0470  0.9774
Z  0.1688 -0.9822 -0.0829

PART 21
OFFSET  18.5179  2.6723 -11.9777
X  0.3905  0.1684  0.9051
Y -0.8891  0.3238  0.3234
Z -0.2386 -0.9310  0.2762

PART 22
OFFSET  19.1827  2.9590 -10.4368
X -0.5210  0.3700  0.7692
Y -0.8249  0.0135 -0.5651
Z -0.2195 -0.9289  0.2982

PART 23
OFFSET  18.4607  3.4719 -9.3707
X -0.7925  0.3433  0.5041
Y -0.5699 -0.1227 -0.8125
Z -0.2171 -0.9312  0.2928

PART 24
OFFSET  17.6012  3.8441 -8.8241
X  0.9642 -0.2570  0.0655
Y -0.0028 -0.2571 -0.9664
Z  0.2652  0.9316 -0.2486

PART 25
OFFSET  16.8689  4.9677 -11.4383
X  0.9570  0.2774  0.0846
Y  0.0374  0.1712 -0.9845
Z -0.2876  0.9454  0.1535

PART 26
OFFSET  17.7731  4.6199 -12.5530
X  0.9538 -0.0924  0.2857
Y -0.2792  0.0773  0.9571
Z -0.1106 -0.9927  0.0479

PART 27
OFFSET  19.4525  4.4572 -12.0499
X  0.3589 -0.0909  0.9289
Y -0.9259  0.0910  0.3666
Z -0.1179 -0.9917 -0.0516

PART 28
OFFSET  19.8960  4.4068 -10.9174
X -0.3662  0.0967  0.9255
Y -0.9259  0.0612 -0.3728
Z -0.0927 -0.9934  0.0672

PART 29
OFFSET  19.4823  4.5161 -9.8721
X  0.9290 -0.3662  0.0541
Y  0.0815  0.0598 -0.9949
Z  0.3610  0.9286  0.0854

PART 30
OFFSET  18.2229  3.6150 -12.4619
X  0.6621  0.0742  0.7457
Y -0.7449  0.1736  0.6442
Z -0.0816 -0.9820  0.1702

PART 31
OFFSET  19.5164  3.7600 -11.0052
X -0.2994  0.1969  0.9336
Y -0.9456  0.0693 -0.3179
Z -0.1273 -0.9780  0.1654

PART 32
OFFSET  19.0790  4.0476 -9.6415
X -0.8123  0.2048  0.5461
Y -0.5603 -0.0139 -0.8282
Z -0.1620 -0.9787  0.1260

PART 33
OFFSET  18.1583  4.2726 -9.0215
X  0.9911 -0.0856  0.1021
Y  0.0817 -0.2150 -0.9732
Z  0.1053  0.9729 -0.2061

PART 34
OFFSET  17.7402  2.9213 -10.6077
X  0.1294 -0.9913 -0.0256
Y -0.2036 -0.0013 -0.9790
Z  0.9705  0.1319 -0.2020

PART 35
OFFSET  10.3498 -1.8175 -6.8664
X  0.7456  0.5300 -0.4040
Y -0.6592  0.4978 -0.5636
Z -0.0976  0.6865  0.7205

PART 36
OFFSET  10.3498 -1.8175 -6.8664
X  0.7456  0.5300 -0.4040
Y -0.6592  0.4978 -0.5636
Z -0.0976  0.6865  0.7205

PART 37
OFFSET  14.2576  2.4699 -7.1503
X  0.7435  0.5439 -0.3891
Y -0.6592  0.4978 -0.5636
Z -0.1128  0.6756  0.7286

PART 38
OFFSET  13.4531  0.6137 -8.3751
X  0.7456  0.5300 -0.4040
Y -0.6592  0.4978 -0.5636
Z -0.0976  0.6865  0.7205

PART 39
OFFSET  10.0144 -3.7889 -8.2153
X  0.7456  0.5300 -0.4040
Y -0.6592  0.4978 -0.5636
Z -0.0976  0.6865  0.7205

PART 40
OFFSET  21.0379  4.4894 -13.1690
X -0.3750  0.4321  0.8202
Y -0.6518 -0.7520  0.0982
Z  0.6592 -0.4978  0.5636

PART 41
OFFSET  21.0379  4.4894 -13.1690
X -0.6592  0.4978 -0.5636
Y -0.7456 -0.5300  0.4040
Z -0.0976  0.6865  0.7205

PART 42
OFFSET  20.5914  4.0844 -13.5188
X -0.6592  0.4978 -0.5636
Y -0.7456 -0.5300  0.4040
Z -0.0976  0.6865  0.7205

PART 43
OFFSET  19.6686  4.7813 -14.3079
X -0.5563  0.1612 -0.8152
Y -0.7456 -0.5300  0.4040
Z -0.3669  0.8326  0.4150

PART 44
OFFSET  26.4520  9.4013 -18.4964
X  0.8533  0.4717  0.2222
Y  0.1337  0.2139 -0.9677
Z -0.5040  0.8554  0.1195

PART 45
OFFSET -10.8444 -11.7139 -5.9426
X -0.9389  0.3246 -0.1144
Y -0.2213 -0.3149  0.9229
Z  0.2635  0.8919  0.3675

PART 46
OFFSET  0.5108 -15.6390 -4.5589
X -0.6611 -0.7434  0.1014
Y  0.7482 -0.6431  0.1631
Z -0.0561  0.1837  0.9814

PART 47
OFFSET  6.1335 -9.3158 -5.4210
X -0.6611 -0.7434  0.1014
Y  0.4818 -0.5241 -0.7023
Z  0.5752 -0.4154  0.7047

PART 48
OFFSET  6.6426 -8.0289 -6.8527
X -0.6653 -0.7402  0.0974
Y  0.0471 -0.1719 -0.9840
Z  0.7451 -0.6501  0.1492

PART 49
OFFSET  6.1672 -7.0222 -6.3542
X -0.6653 -0.7402  0.0974
Y  0.0471 -0.1719 -0.9840
Z  0.7451 -0.6501  0.1492

PART 50
OFFSET  6.2632 -6.7912 -5.0087
X -0.6653 -0.7402  0.0974
Y  0.0471 -0.1719 -0.9840
Z  0.7451 -0.6501  0.1492

PART 51
OFFSET  8.1602 -7.0366 -5.7318
X -0.5927 -0.7564  0.2767
Y  0.4214 -0.5840 -0.6938
Z  0.6864 -0.2946  0.6649

PART 52
OFFSET  7.7383 -6.0119 -5.4598
X  0.1280 -0.9724  0.1949
Y  0.3742 -0.1346 -0.9175
Z  0.9185  0.1904  0.3466

PART 53
OFFSET  7.3736 -3.9106 -5.8080
X -0.4682 -0.4788  0.7427
Y  0.3543 -0.8717 -0.3385
Z  0.8095  0.1047  0.5778

PART 54
OFFSET  8.0599 -3.2014 -7.0919
X -0.4663  0.2870  0.8368
Y -0.0377 -0.9515  0.3054
Z  0.8838  0.1109  0.4545

PART 55
OFFSET  8.5244 -3.5007 -8.0227
X -0.9197 -0.0554  0.3887
Y -0.3908  0.0348 -0.9198
Z  0.0375 -0.9979 -0.0536

PART 56
OFFSET  8.9743 -6.9624 -6.8432
X -0.5400 -0.4702  0.6981
Y  0.8273 -0.1440  0.5430
Z -0.1548  0.8708  0.4667

PART 57
OFFSET  10.0636 -5.7615 -8.4103
X  0.5679 -0.5035  0.6511
Y  0.8155  0.2371 -0.5279
Z  0.1114  0.8308  0.5453

PART 58
OFFSET  9.2595 -5.0486 -9.3322
X  0.9891 -0.0448 -0.1403
Y -0.0856  0.6005 -0.7950
Z  0.1199  0.7984  0.5901

PART 59
OFFSET  8.3826 -5.0089 -9.2078
X  0.5063  0.4198 -0.7533
Y -0.8559  0.3510 -0.3797
Z  0.1050  0.8370  0.5370

PART 60
OFFSET  7.9015 -5.4077 -8.4921
X  0.1349 -0.6624  0.7369
Y -0.9587  0.1006  0.2659
Z -0.2503 -0.7423 -0.6215

PART 61
OFFSET  8.9204 -6.4490 -6.3501
X -0.5655 -0.6083  0.5569
Y  0.7771 -0.1668  0.6069
Z -0.2763  0.7760  0.5670

PART 62
OFFSET  10.4464 -4.9892 -7.8663
X  0.5252 -0.4298  0.7344
Y  0.8493  0.2107 -0.4841
Z  0.0533  0.8780  0.4757

PART 63
OFFSET  9.5522 -4.2574 -9.1166
X  0.9510  0.1024 -0.2918
Y -0.3033  0.4921 -0.8160
Z  0.0600  0.8645  0.4991

PART 64
OFFSET  8.2342 -4.3994 -8.7123
X  0.3458  0.4547 -0.8208
Y -0.9367  0.2179 -0.2740
Z  0.0542  0.8636  0.5012

PART 65
OFFSET  7.8591 -4.8925 -7.8221
X  0.2544 -0.4545  0.8537
Y -0.9671 -0.1194  0.2246
Z -0.0002 -0.8827 -0.4699

PART 66
OFFSET  5.7049 -9.8488 -3.6372
X -0.4483 -0.6807  0.5794
Y -0.8120  0.0390 -0.5824
Z  0.3738 -0.7316 -0.5702

PART 67
OFFSET  10.4069 -3.7583 -6.0396
X -0.5997 -0.6436  0.4756
Y  0.7698 -0.3018  0.5624
Z -0.2185  0.7034  0.6764

PART 68
OFFSET  11.4629 -2.6253 -6.8769
X -0.5758 -0.6486  0.4978
Y  0.7762 -0.2423  0.5821
Z -0.2569  0.7216  0.6429

PART 69
OFFSET  12.1473 -1.7930 -7.4430
X -0.5526 -0.6986  0.4545
Y  0.7847 -0.2525  0.5661
Z -0.2807  0.6695  0.6877

PART 70
OFFSET  12.7715 -1.0039 -7.9564
X -0.6075  0.6436 -0.4655
Y  0.7943  0.4950 -0.3522
Z  0.0038 -0.5837 -0.8119

PART 71
OFFSET  10.6778 -4.4197 -6.8820
X  0.4032 -0.4598  0.7912
Y  0.9062  0.3210 -0.2752
Z -0.1275  0.8279  0.5461

PART 72
OFFSET  9.8902 -3.5214 -8.4276
X  0.9869  0.1600 -0.0200
Y -0.0986  0.5006 -0.8601
Z -0.1276  0.8508  0.5098

PART 73
OFFSET  8.4487 -3.7551 -8.3984
X  0.4300  0.4844 -0.7619
Y -0.8887  0.0787 -0.4516
Z -0.1588  0.8713  0.4643

PART 74
OFFSET  7.9622 -4.3098 -7.5391
X  0.2481 -0.4773  0.8430
Y -0.9661 -0.1859  0.1790
Z  0.0712 -0.8588 -0.5073

PART 75
OFFSET  0.0000 -0.0000 -0.0000
X  1.0000 -0.0000  0.0000
Y  0.0000  1.0000  0.0000
Z  0.0000 -0.0000  1.0000

PART 76
OFFSET -0.0000 -0.0000 -0.0000
X  0.9999  0.0000 -0.0111
Y  0.0001  1.0000  0.0076
Z  0.0111 -0.0076  0.9999

PART 77
OFFSET  1.5862 -0.0316  4.1183
X  0.9999  0.0000 -0.0111
Y  0.0001  1.0000  0.0076
Z  0.0111 -0.0076  0.9999


FRAME 2063
PART 0
OFFSET  0.0000 -0.0000 -0.0000
X  1.0000 -0.0000  0.0000
Y  0.0000  1.0000  0.0000
Z  0.0000 -0.0000  1.0000

PART 1
OFFSET -4.6318 -0.0000 -1.3770
X  1.0000 -0.0000  0.0000
Y  0.0000  1.0000  0.0000
Z  0.0000 -0.0000  1.0000

PART 2
OFFSET -3.5060  6.3408 -6.7125
X  0.6334 -0.2376 -0.7365
Y  0.2434 -0.8422  0.4810
Z -0.7345 -0.4840 -0.4756

PART 3
OFFSET  4.1542  3.4679 -15.6193
X  0.9246 -0.0918  0.3698
Y -0.3434  0.2195  0.9132
Z -0.1650 -0.9713  0.1714

PART 4
OFFSET  12.0180  2.6872 -12.4740
X  0.9246 -0.0918  0.3698
Y  0.0956  0.9954  0.0081
Z -0.3688  0.0279  0.9291

PART 5
OFFSET  13.8712  4.1142 -12.9775
X  0.9270 -0.0905  0.3639
Y  0.1674  0.9683 -0.1856
Z -0.3356  0.2329  0.9128

PART 6
OFFSET  13.2664  1.6093 -13.1203
X  0.9270 -0.0905  0.3639
Y  0.1674  0.9683 -0.1856
Z -0.3356  0.2329  0.9128

PART 7
OFFSET  13.5275  4.1881 -10.6835
X  0.9270 -0.0905  0.3639
Y  0.1674  0.9683 -0.1856
Z -0.3356  0.2329  0.9128

PART 8
OFFSET  13.1854  2.6667 -10.4775
X  0.9270 -0.0905  0.3639
Y  0.1674  0.9683 -0.1856
Z -0.3356  0.2329  0.9128

PART 9
OFFSET  12.8271  1.4693 -10.9101
X  0.9270 -0.0905  0.3639
Y  0.1674  0.9683 -0.1856
Z -0.3356  0.2329  0.9128

PART 10
OFFSET  14.8524  2.4059 -11.3403
X  0.8521  0.4922 -0.1778
Y -0.4784  0.8704  0.1163
Z  0.2120 -0.0141  0.9772

PART 11
OFFSET  14.8611  3.4614 -10.9068
X  0.6958  0.7173 -0.0369
Y -0.6865  0.6490 -0.3279
Z -0.2113  0.2535  0.9440

PART 12
OFFSET  16.2823  5.0882 -10.9666
X  0.9086  0.3580 -0.2150
Y -0.3880  0.9142 -0.1175
Z  0.1545  0.1901  0.9695

PART 13
OFFSET  17.7896  5.6329 -11.1982
X  0.7664  0.6390 -0.0652
Y -0.6352  0.7389 -0.2247
Z -0.0954  0.2137  0.9722

PART 14
OFFSET  18.6033  6.3462 -11.2280
X  0.4962  0.4867 -0.7190
Y -0.1800 -0.7524 -0.6336
Z -0.8494  0.4438 -0.2857

PART 15
OFFSET  16.1287  1.8875 -11.4179
X  0.9987  0.0420 -0.0305
Y  0.0331 -0.0637  0.9974
Z  0.0399 -0.9971 -0.0650

PART 16
OFFSET  18.3707  2.1192 -11.3546
X  0.0211  0.4343  0.9005
Y -0.9945  0.1019 -0.0258
Z -0.1029 -0.8950  0.4340

PART 17
OFFSET  18.4007  2.7341 -10.0796
X -0.3844  0.4436  0.8096
Y -0.9203 -0.1152 -0.3739
Z -0.0726 -0.8888  0.4525

PART 18
OFFSET  18.0598  3.1274 -9.3618
X -0.6461  0.3978  0.6514
Y -0.7520 -0.1859 -0.6324
Z -0.1304 -0.8984  0.4193

PART 19
OFFSET  17.4460  3.5053 -8.7429
X  0.9851 -0.0576 -0.1619
Y -0.1685 -0.5099 -0.8436
Z -0.0340  0.8583 -0.5120

PART 20
OFFSET  15.9685  2.5762 -11.5161
X  0.9592  0.2010 -0.1991
Y  0.2153 -0.0623  0.9746
Z  0.1835 -0.9776 -0.1031

PART 21
OFFSET  18.5133  3.0391 -11.7769
X  0.3956  0.1573  0.9048
Y -0.8913  0.3035  0.3369
Z -0.2216 -0.9397  0.2603

PART 22
OFFSET  19.1868  3.3070 -10.2364
X -0.5200  0.3471  0.7805
Y -0.8298  0.0112 -0.5579
Z -0.2024 -0.9378  0.2822

PART 23
OFFSET  18.4661  3.7880 -9.1547
X -0.7934  0.3210  0.5171
Y -0.5749 -0.1162 -0.8099
Z -0.1999 -0.9399  0.2768

PART 24
OFFSET  17.6056  4.1362 -8.5939
X  0.9686 -0.2429  0.0526
Y -0.0071 -0.2387 -0.9711
Z  0.2484  0.9402 -0.2329

PART 25
OFFSET  16.8334  5.2975 -11.1800
X  0.9533  0.2908  0.0819
Y  0.0262  0.1905 -0.9813
Z -0.3010  0.9376  0.1739

PART 26
OFFSET  17.7333  4.9853 -12.3086
X  0.9576 -0.0828  0.2760
Y -0.2721  0.0547  0.9607
Z -0.0946 -0.9951  0.0298

PART 27
OFFSET  19.4192  4.8396 -11.8227
X  0.3682 -0.1029  0.9240
Y -0.9240  0.0694  0.3760
Z -0.1028 -0.9923 -0.0695

PART 28
OFFSET  19.8732  4.7747 -10.6952
X -0.3597  0.0733  0.9302
Y -0.9299  0.0536 -0.3638
Z -0.0766 -0.9959  0.0489

PART 29
OFFSET  19.4669  4.8576 -9.6445
X  0.9350 -0.3524  0.0394
Y  0.0720  0.0799 -0.9942
Z  0.3472  0.9324  0.1001

PART 30
OFFSET  18.1994  3.9860 -12.2406
X  0.6673  0.0705  0.7415
Y -0.7420  0.1495  0.6535
Z -0.0648 -0.9862  0.1521

PART 31
OFFSET  19.5030  4.1237 -10.7921
X -0.2944  0.1744  0.9396
Y -0.9493  0.0604 -0.3087
Z -0.1106 -0.9828  0.1477

PART 32
OFFSET  19.0730  4.3784 -9.4196
X -0.8106  0.1815  0.5567
Y -0.5672 -0.0070 -0.8236
Z -0.1456 -0.9834  0.1086

PART 33
OFFSET  18.1542  4.5771 -8.7878
X  0.9931 -0.0719  0.0922
Y  0.0767 -0.1952 -0.9778
Z  0.0883  0.9781 -0.1883

PART 34
OFFSET  17.7437  3.2497 -10.3960
X  0.1446 -0.9884 -0.0456
Y -0.2120  0.0141 -0.9772
Z  0.9665  0.1510 -0.2075

PART 35
OFFSET  10.4608 -1.6755 -6.6847
X  0.7337  0.5493 -0.3999
Y -0.6717  0.4979 -0.5485
Z -0.1021  0.6711  0.7343

PART 36
OFFSET  10.4608 -1.6755 -6.6847
X  0.7337  0.5493 -0.3999
Y -0.6717  0.4979 -0.5485
Z -0.1021  0.6711  0.7343

PART 37
OFFSET  14.2985  2.6777 -6.9190
X  0.7315  0.5629 -0.3848
Y -0.6717  0.4979 -0.5485
Z -0.1171  0.6597  0.7423

PART 38
OFFSET  13.5126  0.8326 -8.1724
X  0.7337  0.5493 -0.3999
Y -0.6717  0.4979 -0.5485
Z -0.1021  0.6711  0.7343

PART 39
OFFSET  10.1447 -3.6260 -8.0682
X  0.7337  0.5493 -0.3999
Y -0.6717  0.4979 -0.5485
Z -0.1021  0.6711  0.7343

PART 40
OFFSET  20.9942  4.9181 -12.9542
X -0.3746  0.4105  0.8314
Y -0.6391 -0.7639  0.0892
Z  0.6717 -0.4979  0.5485

PART 41
OFFSET  20.9942  4.9181 -12.9542
X -0.6717  0.4979 -0.5485
Y -0.7337 -0.5493  0.3999
Z -0.1021  0.6711  0.7343

PART 42
OFFSET  20.5511  4.5129 -13.3079
X -0.6717  0.4979 -0.5485
Y -0.7337 -0.5493  0.3999
Z -0.1021  0.6711  0.7343

PART 43
OFFSET  19.6107  5.2099 -14.0758
X -0.6084  0.2691 -0.7466
Y -0.7337 -0.5493  0.3999
Z -0.3024  0.7911  0.5316

PART 44
OFFSET  26.2847  10.0153 -18.2315
X  0.8477  0.4808  0.2241
Y  0.1220  0.2344 -0.9645
Z -0.5163  0.8449  0.1400

PART 45
OFFSET -10.8444 -11.7139 -5.9426
X -0.9445  0.3086 -0.1126
Y -0.2159 -0.3249  0.9208
Z  0.2475  0.8940  0.3735

PART 46
OFFSET  0.5784 -15.4455 -4.5805
X -0.6728 -0.7343  0.0909
Y  0.7375 -0.6556  0.1623
Z -0.0596  0.1762  0.9825

PART 47
OFFSET  6.3005 -9.2003 -5.3534
X -0.6728 -0.7343  0.0909
Y  0.4717 -0.5203 -0.7119
Z  0.5700 -0.4361  0.6964

PART 48
OFFSET  6.8379 -7.9091 -6.7707
X -0.6769 -0.7309  0.0870
Y  0.0508 -0.1642 -0.9851
Z  0.7343 -0.6624  0.1483

PART 49
OFFSET  6.3744 -6.8996 -6.2667
X -0.6769 -0.7309  0.0870
Y  0.0508 -0.1642 -0.9851
Z  0.7343 -0.6624  0.1483

PART 50
OFFSET  6.4652 -6.6815 -4.9187
X -0.6769 -0.7309  0.0870
Y  0.0508 -0.1642 -0.9851
Z  0.7343 -0.6624  0.1483

PART 51
OFFSET  8.3630 -6.9492 -5.6320
X -0.5784 -0.7708  0.2671
Y  0.4245 -0.5640 -0.7083
Z  0.6966 -0.2963  0.6534

PART 52
OFFSET  7.9275 -5.9366 -5.3369
X  0.1449 -0.9738  0.1752
Y  0.3683 -0.1112 -0.9230
Z  0.9183  0.1983  0.3425

PART 53
OFFSET  7.5269 -3.8351 -5.6418
X -0.4542 -0.5001  0.7373
Y  0.3650 -0.8594 -0.3581
Z  0.8127  0.1064  0.5729

PART 54
OFFSET  8.1910 -3.0909 -6.9175
X -0.4635  0.2637  0.8460
Y -0.0202 -0.9576  0.2874
Z  0.8859  0.1162  0.4491

PART 55
OFFSET  8.6520 -3.3651 -7.8578
X -0.9153 -0.0773  0.3952
Y -0.3992  0.0461 -0.9157
Z  0.0526 -0.9959 -0.0730

PART 56
OFFSET  9.1662 -6.8410 -6.7485
X -0.5265 -0.4918  0.6935
Y  0.8341 -0.1412  0.5332
Z -0.1644  0.8592  0.4846

PART 57
OFFSET  10.2230 -5.5935 -8.3014
X  0.5813 -0.5068  0.6366
Y  0.8071  0.2600 -0.5301
Z  0.1031  0.8220  0.5601

PART 58
OFFSET  9.4000 -4.8760 -9.2027
X  0.9884 -0.0265 -0.1493
Y -0.1018  0.6141 -0.7827
Z  0.1125  0.7888  0.6043

PART 59
OFFSET  8.5236 -4.8525 -9.0702
X  0.4932  0.4419 -0.7493
Y -0.8646  0.3445 -0.3658
Z  0.0965  0.8282  0.5520

PART 60
OFFSET  8.0551 -5.2724 -8.3584
X  0.1516 -0.6741  0.7229
Y -0.9579  0.0804  0.2758
Z -0.2440 -0.7343 -0.6335

PART 61
OFFSET  9.1085 -6.3381 -6.2452
X -0.5511 -0.6276  0.5498
Y  0.7848 -0.1660  0.5971
Z -0.2835  0.7606  0.5841

PART 62
OFFSET  10.5984 -4.8257 -7.7458
X  0.5382 -0.4353  0.7217
Y  0.8417  0.2333 -0.4870
Z  0.0436  0.8695  0.4920

PART 63
OFFSET  9.6821 -4.0846 -8.9745
X  0.9467  0.1230 -0.2976
Y -0.3180  0.5027 -0.8038
Z  0.0508  0.8557  0.5150

PART 64
OFFSET  8.3700 -4.2550 -8.5619
X  0.3316  0.4756 -0.8148
Y -0.9423  0.2082 -0.2620
Z  0.0451  0.8547  0.5172

PART 65
OFFSET  8.0103 -4.7708 -7.6783
X  0.2688 -0.4665  0.8427
Y -0.9631 -0.1389  0.2304
Z  0.0096 -0.8735 -0.4867

PART 66
OFFSET  5.9701 -9.8391 -3.5712
X -0.4326 -0.6985  0.5700
Y -0.8175  0.0373 -0.5748
Z  0.3803 -0.7146 -0.5872

PART 67
OFFSET  10.5554 -3.6306 -5.8956
X -0.5855 -0.6619  0.4681
Y  0.7793 -0.3002  0.5501
Z -0.2236  0.6869  0.6915

PART 68
OFFSET  11.5862 -2.4652 -6.7199
X -0.5613 -0.6669  0.4901
Y  0.7848 -0.2410  0.5709
Z -0.2626  0.7051  0.6587

PART 69
OFFSET  12.2526 -1.6116 -7.2756
X -0.5377 -0.7157  0.4457
Y  0.7935 -0.2508  0.5546
Z -0.2852  0.6518  0.7027

PART 70
OFFSET  12.8599 -0.8032 -7.7790
X -0.6214  0.6427 -0.4481
Y  0.7834  0.5141 -0.3492
Z  0.0059 -0.5680 -0.8230

PART 71
OFFSET  10.8293 -4.2715 -6.7528
X  0.4171 -0.4684  0.7789
Y  0.8987  0.3405 -0.2765
Z -0.1357  0.8153  0.5629

PART 72
OFFSET  10.0145 -3.3565 -8.2743
X  0.9841  0.1760 -0.0252
Y -0.1139  0.5152 -0.8495
Z -0.1365  0.8388  0.5270

PART 73
OFFSET  8.5771 -3.6135 -8.2376
X  0.4158  0.5055 -0.7560
Y -0.8937  0.0732 -0.4426
Z -0.1684  0.8597  0.4822

PART 74
OFFSET  8.1068 -4.1920 -7.3850
X  0.2628 -0.4893  0.8316
Y -0.9615 -0.2045  0.1835
Z  0.0803 -0.8478 -0.5242

PART 75
OFFSET  0.0000 -0.0000 -0.0000
X  1.0000 -0.0000  0.0000
Y  0.0000  1.0000  0.0000
Z  0.0000 -0.0000  1.0000

PART 76
OFFSET -0.0000 -0.0000 -0.0000
X  0.9997 -0.0000 -0.0230
Y  0.0004  0.9999  0.0158
Z  0.0230 -0.0158  0.9996

PART 77
OFFSET  1.6351 -0.0654  4.0987
X  0.9997 -0.0000 -0.0230
Y  0.0004  0.9999  0.0158
Z  0.0230 -0.0158  0.9996


FRAME 2064
PART 0
OFFSET  0.0000 -0.0000 -0.0000
X  1.0000 -0.0000  0.0000
Y  0.0000  1.0000  0.0000
Z  0.0000 -0.0000  1.0000

PART 1
OFFSET -4.6318 -0.0000 -1.3770
X  1.0000 -0.0000  0.0000
Y  0.0000  1.0000  0.0000
Z  0.0000 -0.0000  1.0000

PART 2
OFFSET -3.5060  6.3408 -6.7125
X  0.6405 -0.2310 -0.7324
Y  0.2577 -0.8338  0.4883
Z -0.7235 -0.5015 -0.4745

PART 3
OFFSET  4.2397  3.5473 -15.5704
X  0.9181 -0.0672  0.3906
Y -0.3681  0.2211  0.9031
Z -0.1470 -0.9729  0.1783

PART 4
OFFSET  12.0484  2.9759 -12.2478
X  0.9181 -0.0672  0.3906
Y  0.0565  0.9977  0.0387
Z -0.3923 -0.0134  0.9197

PART 5
OFFSET  13.8800  4.4389 -12.7265
X  0.9206 -0.0659  0.3848
