// Export filename: `C:\projects\cod\t5\xanim_export\t5_viewmodels\ak47\ak47_grip_reload_empty.XANIM_EXPORT`
// Source filename: `D:\projects\devanim\t5\animation_assets\viewmodels/ak47/grip_set/ak47_GRIP_reload_empty.fbx`
// Export time: Mon Oct 12 22:12:51 2009

ANIMATION
VERSION 3

NUMPARTS 75
PART 0 "J_Shoulder_RI"
PART 1 "J_Elbow_RI"
PART 2 "tag_cambone"
PART 3 "tag_camera"
PART 4 "tag_gasmask"
PART 5 "tag_ads"
PART 6 "tag_torso"
PART 7 "J_Shoulder_LE"
PART 8 "J_Elbow_LE"
PART 9 "J_WristTwist_LE"
PART 10 "J_Sleave_Reshape_Bottom_LE_1"
PART 11 "J_Sleave_Reshape_Bottom_LE_2"
PART 12 "J_Sleave_Reshape_Top_LE_1"
PART 13 "J_Sleave_Reshape_Top_LE_2"
PART 14 "J_Sleave_Reshape_Top_LE_3"
PART 15 "J_Thumb_LE_0"
PART 16 "J_Thumb_LE_1"
PART 17 "J_Thumb_LE_2"
PART 18 "J_Thumb_LE_3"
PART 19 "J_PinkyPalm_LE"
PART 20 "J_Pinky_LE_0"
PART 21 "J_Pinky_LE_1"
PART 22 "J_Pinky_LE_2"
PART 23 "J_Pinky_LE_3"
PART 24 "J_RingPalm_LE"
PART 25 "J_Ring_LE_0"
PART 26 "J_Ring_LE_1"
PART 27 "J_Ring_LE_2"
PART 28 "J_Webbing_LE"
PART 29 "J_Index_LE_2"
PART 30 "J_Mid_LE_0"
PART 31 "J_Wrist_LE"
PART 32 "J_Index_LE_0"
PART 33 "J_Index_LE_1"
PART 34 "J_Mid_LE_1"
PART 35 "tag_weapon"
PART 36 "J_Ring_LE_3"
PART 37 "tag_knife_attach"
PART 38 "J_Mid_LE_3"
PART 39 "J_Mid_LE_2"
PART 40 "J_Index_LE_3"
PART 41 "J_WristTwist_RI"
PART 42 "J_Sleave_Reshape_Top_RI_3"
PART 43 "J_Sleave_Reshape_Top_RI_2"
PART 44 "J_Sleave_Reshape_Top_RI_1"
PART 45 "J_Wrist_RI"
PART 46 "J_Thumb_RI_0"
PART 47 "J_Thumb_RI_1"
PART 48 "J_Thumb_RI_2"
PART 49 "J_Thumb_RI_3"
PART 50 "J_PinkyPalm_RI"
PART 51 "J_Pinky_RI_0"
PART 52 "J_Pinky_RI_1"
PART 53 "J_Pinky_RI_2"
PART 54 "J_Pinky_RI_3"
PART 55 "J_RingPalm_RI"
PART 56 "J_Ring_RI_0"
PART 57 "J_Ring_RI_1"
PART 58 "J_Ring_RI_2"
PART 59 "J_Ring_RI_3"
PART 60 "J_Webbing_RI"
PART 61 "J_Index_RI_0"
PART 62 "J_Index_RI_1"
PART 63 "J_Index_RI_2"
PART 64 "J_Index_RI_3"
PART 65 "J_Mid_RI_0"
PART 66 "J_Mid_RI_1"
PART 67 "J_Mid_RI_2"
PART 68 "J_Mid_RI_3"
PART 69 "J_Gun"
PART 70 "J_Bolt2"
PART 71 "TAG_CLIP"
PART 72 "J_Trigger"
PART 73 "TAG_BRASS"
PART 74 "TAG_FLASH"

FRAMERATE 30
NUMFRAMES 134

FRAME 112
PART 0
OFFSET -7.2604 -4.8127 -5.4071
X -0.4374  0.7155  0.5447
Y -0.3240 -0.6904  0.6468
Z  0.8389  0.1064  0.5338

PART 1
OFFSET -1.9711 -13.4662 -11.9952
X -0.4641 -0.7780 -0.4235
Y  0.8732 -0.3215 -0.3663
Z  0.1489 -0.5398  0.8285

PART 2
OFFSET  0.0000 -0.0000 -0.0000
X  1.0000 -0.0000  0.0000
Y  0.0000  1.0000  0.0000
Z  0.0000 -0.0000  1.0000

PART 3
OFFSET  0.0000 -0.0000 -0.0000
X  1.0000 -0.0000  0.0000
Y  0.0000  1.0000  0.0000
Z  0.0000 -0.0000  1.0000

PART 4
OFFSET  1.5404 -0.0000  4.1357
X  1.0000 -0.0000  0.0000
Y  0.0000  1.0000  0.0000
Z  0.0000 -0.0000  1.0000

PART 5
OFFSET  0.0000 -0.0000  0.0000
X  1.0000 -0.0000  0.0000
Y  0.0000  1.0000  0.0000
Z  0.0000 -0.0000  1.0000

PART 6
OFFSET -4.6318 -0.0000 -1.3770
X  1.0000 -0.0000  0.0000
Y  0.0000  1.0000  0.0000
Z  0.0000 -0.0000  1.0000

PART 7
OFFSET -3.5060  6.3408 -6.7125
X  0.9048 -0.2084 -0.3714
Y -0.1536 -0.9731  0.1718
Z -0.3972 -0.0984 -0.9124

PART 8
OFFSET  7.4363  3.8208 -11.2044
X  0.8527 -0.4283  0.2991
Y -0.4013 -0.1705  0.9000
Z -0.3344 -0.8874 -0.3172

PART 9
OFFSET  14.6891  0.1781 -8.6607
X  0.8527 -0.4283  0.2991
Y -0.3310 -0.0002  0.9436
Z -0.4041 -0.9037 -0.1419

PART 10
OFFSET  16.7886  1.2916 -8.3838
X  0.8560 -0.4249  0.2946
Y  0.3378  0.8910  0.3034
Z -0.3914 -0.1602  0.9062

PART 11
OFFSET  15.8135 -0.6901 -9.7189
X  0.8560 -0.4249  0.2946
Y  0.3378  0.8910  0.3034
Z -0.3914 -0.1602  0.9062

PART 12
OFFSET  16.2143  0.3516 -6.3410
X  0.8560 -0.4249  0.2946
Y  0.3378  0.8910  0.3034
Z -0.3914 -0.1602  0.9062

PART 13
OFFSET  15.6151 -0.9933 -6.8945
X  0.8560 -0.4249  0.2946
Y  0.3378  0.8910  0.3034
Z -0.3914 -0.1602  0.9062

PART 14
OFFSET  15.1206 -1.7576 -7.8539
X  0.8560 -0.4249  0.2946
Y  0.3378  0.8910  0.3034
Z -0.3914 -0.1602  0.9062

PART 15
OFFSET  17.1691 -1.5696 -6.6973
X  0.0662 -0.8115  0.5806
Y -0.9263  0.1663  0.3380
Z -0.3709 -0.5602 -0.7407

PART 16
OFFSET  17.1988 -3.3354 -5.4519
X  0.7418 -0.5854  0.3272
Y -0.6357 -0.4583  0.6212
Z -0.2137 -0.6687 -0.7121

PART 17
OFFSET  18.4103 -4.3280 -5.0406
X  0.9359 -0.0968 -0.3387
Y  0.1002 -0.8486  0.5194
Z -0.3377 -0.5200 -0.7845

PART 18
OFFSET  19.4086 -4.4710 -5.4340
X  0.9285  0.0877  0.3609
Y -0.3139  0.7049  0.6361
Z -0.1986 -0.7039  0.6820

PART 19
OFFSET  18.4679 -1.5890 -8.3275
X  0.9167 -0.3994 -0.0103
Y -0.3988 -0.9134 -0.0814
Z  0.0231  0.0788 -0.9966

PART 20
OFFSET  20.4754 -2.6098 -8.2156
X -0.4224 -0.8844  0.1987
Y -0.9033  0.4288 -0.0117
Z -0.0748 -0.1844 -0.9800

PART 21
OFFSET  19.8774 -3.8618 -7.9343
X -0.9973  0.0241  0.0700
Y  0.0066  0.9706 -0.2405
Z -0.0737 -0.2393 -0.9681

PART 22
OFFSET  18.9932 -3.8404 -7.8722
X -0.8026  0.5942 -0.0530
Y  0.5931  0.7852 -0.1779
Z -0.0641 -0.1742 -0.9826

PART 23
OFFSET  18.2307 -3.2759 -7.9225
X  0.2508 -0.9222  0.2943
Y  0.9561  0.1884 -0.2244
Z  0.1515  0.3377  0.9290

PART 24
OFFSET  18.3934 -1.4576 -7.6299
X  0.9596 -0.2360  0.1532
Y -0.2244 -0.9704 -0.0893
Z  0.1698  0.0513 -0.9841

PART 25
OFFSET  20.8223 -2.3229 -7.2978
X -0.3809 -0.9181  0.1101
Y -0.9200  0.3882  0.0545
Z -0.0927 -0.0805 -0.9924

PART 26
OFFSET  20.1739 -3.8859 -7.1104
X -0.9827  0.1690  0.0760
Y  0.1589  0.9795 -0.1238
Z -0.0953 -0.1096 -0.9894

PART 27
OFFSET  18.8120 -3.6516 -7.0051
X -0.6516  0.7581 -0.0254
Y  0.7533  0.6428 -0.1389
Z -0.0890 -0.1096 -0.9900

PART 28
OFFSET  19.1421 -2.2309 -4.9637
X  0.8379 -0.4909  0.2388
Y  0.4507  0.8689  0.2046
Z -0.3079 -0.0638  0.9493

PART 29
OFFSET  19.5707 -3.8132 -5.3640
X -0.9514  0.2590  0.1663
Y  0.2642  0.9644  0.0095
Z -0.1580  0.0530 -0.9860

PART 30
OFFSET  20.7755 -1.8052 -6.3283
X -0.1034 -0.9935  0.0472
Y -0.9946  0.1034 -0.0031
Z -0.0018 -0.0473 -0.9989

PART 31
OFFSET  17.3033 -1.1348 -7.7438
X  0.8658 -0.2205  0.4493
Y -0.4463  0.0663  0.8924
Z -0.2265 -0.9731 -0.0410

PART 32
OFFSET  20.4244 -1.5823 -5.3048
X  0.1460 -0.9868 -0.0707
Y -0.9795 -0.1542  0.1297
Z -0.1388  0.0503 -0.9890

PART 33
OFFSET  20.6814 -3.3196 -5.4292
X -0.9157 -0.4018  0.0039
Y -0.3997  0.9119  0.0927
Z -0.0408  0.0833 -0.9957

PART 34
OFFSET  20.5735 -3.7461 -6.2360
X -0.9790 -0.2033  0.0158
Y -0.2033  0.9791  0.0038
Z -0.0163  0.0005 -0.9999

PART 35
OFFSET  8.2563 -2.6698 -4.5431
X  1.0000 -0.0000  0.0000
Y  0.0000  1.0000  0.0000
Z  0.0000 -0.0000  1.0000

PART 36
OFFSET  18.1053 -2.8294 -7.0326
X  0.0992 -0.9937  0.0514
Y  0.9937  0.0963 -0.0566
Z  0.0513  0.0567  0.9971

PART 37
OFFSET  19.5457 -3.2513 -7.0692
X  0.1098  0.0164 -0.9938
Y  0.2265  0.9731  0.0410
Z  0.9678 -0.2296  0.1031

PART 38
OFFSET  18.2397 -3.3611 -6.1861
X  0.2264 -0.9739  0.0151
Y  0.9723  0.2250 -0.0628
Z  0.0578  0.0289  0.9979

PART 39
OFFSET  19.1435 -4.0431 -6.2129
X -0.7977  0.6024  0.0299
Y  0.6031  0.7966  0.0405
Z  0.0005  0.0503 -0.9987

PART 40
OFFSET  18.4960 -3.5206 -5.1761
X  0.0268 -0.9400 -0.3401
Y  0.9991  0.0366 -0.0224
Z  0.0335 -0.3392  0.9401

PART 41
OFFSET  1.9765 -6.8492 -8.3934
X -0.4641 -0.7780 -0.4235
Y  0.7732 -0.1226 -0.6222
Z  0.4322 -0.6162  0.6584

PART 42
OFFSET  1.8721 -4.8653 -8.5269
X -0.4697 -0.7744 -0.4238
Y -0.1603  0.5469 -0.8217
Z  0.8681 -0.3180 -0.3810

PART 43
OFFSET  1.3498 -4.6490 -7.4458
X -0.4697 -0.7744 -0.4238
Y -0.1603  0.5469 -0.8217
Z  0.8681 -0.3180 -0.3810

PART 44
OFFSET  1.7217 -5.3504 -6.3318
X -0.4697 -0.7744 -0.4238
Y -0.1603  0.5469 -0.8217
Z  0.8681 -0.3180 -0.3810

PART 45
OFFSET  3.3994 -4.4641 -7.0951
X -0.9546 -0.1418 -0.2621
Y  0.2850 -0.1775 -0.9420
Z  0.0871 -0.9739  0.2098

PART 46
OFFSET  3.5180 -3.8292 -6.1543
X -0.4987 -0.6783 -0.5397
Y  0.5783  0.2035 -0.7901
Z  0.6457 -0.7060  0.2907

PART 47
OFFSET  4.5004 -2.3464 -4.9271
X -0.9029 -0.3483  0.2521
Y -0.0610 -0.4767 -0.8770
Z  0.4256 -0.8071  0.4091

PART 48
OFFSET  5.9066 -1.7222 -5.4321
X -0.5336 -0.0213  0.8455
Y -0.6558 -0.6208 -0.4295
Z  0.5341 -0.7836  0.3173

PART 49
OFFSET  6.4704 -1.6527 -6.3536
X -0.8721  0.3597  0.3318
Y  0.0987  0.7934 -0.6007
Z -0.4793 -0.4911 -0.7274

PART 50
OFFSET  4.4947 -4.3373 -7.9243
X -0.9338 -0.2716  0.2329
Y  0.3212 -0.9230  0.2117
Z  0.1575  0.2725  0.9492

PART 51
OFFSET  6.5764 -3.5742 -8.3353
X -0.1063 -0.9920  0.0682
Y  0.9470 -0.1219 -0.2972
Z  0.3031  0.0330  0.9524

PART 52
OFFSET  6.7269 -2.1698 -8.4319
X  0.7704 -0.5953 -0.2283
Y  0.5756  0.8034 -0.1524
Z  0.2741 -0.0141  0.9616

PART 53
OFFSET  6.0439 -1.6420 -8.2294
X  0.9042  0.2998 -0.3041
Y -0.2989  0.9529  0.0507
Z  0.3050  0.0450  0.9513

PART 54
OFFSET  5.1848 -1.9268 -7.9405
X -0.5481 -0.8340  0.0632
Y -0.7690  0.5322  0.3542
Z -0.3290  0.1456 -0.9330

PART 55
OFFSET  4.5274 -4.3242 -7.2114
X -0.9690 -0.2439  0.0388
Y  0.2458 -0.9374  0.2468
Z -0.0238  0.2487  0.9683

PART 56
OFFSET  7.0514 -3.7489 -7.4503
X -0.1328 -0.9742  0.1827
Y  0.9405 -0.1820 -0.2871
Z  0.3129  0.1337  0.9403

PART 57
OFFSET  7.2774 -2.0904 -7.7615
X  0.8812 -0.4115 -0.2328
Y  0.3643  0.9048 -0.2203
Z  0.3013  0.1093  0.9472

PART 58
OFFSET  6.0562 -1.5202 -7.4388
X  0.8304  0.4610 -0.3129
Y -0.4723  0.8804  0.0437
Z  0.2956  0.1115  0.9488

PART 59
OFFSET  5.1556 -2.0202 -7.0994
X -0.3960 -0.8751  0.2781
Y -0.8751  0.4514  0.1743
Z -0.2781 -0.1743 -0.9446

PART 60
OFFSET -0.7678 -5.4264 -7.2768
X -0.9290 -0.3700 -0.0060
Y -0.3496  0.8829 -0.3134
Z  0.1212 -0.2891 -0.9496

PART 61
OFFSET  6.9363 -4.1395 -5.2855
X -0.9870 -0.0152 -0.1603
Y -0.0016 -0.9946  0.1038
Z -0.1610  0.1027  0.9816

PART 62
OFFSET  8.6740 -4.1127 -5.0032
X -0.3663 -0.9262  0.0897
Y  0.9173 -0.3433  0.2019
Z -0.1562  0.1562  0.9753

PART 63
OFFSET  9.1098 -2.9773 -5.0530
X  0.0489 -0.9944  0.0932
Y  0.9854  0.0633  0.1578
Z -0.1628  0.0842  0.9831

PART 64
OFFSET  9.0545 -1.8540 -5.1583
X -0.9513  0.2903  0.1037
Y  0.2703  0.9472 -0.1724
Z -0.1483 -0.1360 -0.9796

PART 65
OFFSET  7.1281 -4.1725 -6.3730
X -0.2628 -0.9406  0.2151
Y  0.9570 -0.2825 -0.0663
Z  0.1231  0.1884  0.9743

PART 66
OFFSET  7.6414 -2.3350 -6.7932
X  0.8288 -0.5596 -0.0009
Y  0.5391  0.7989 -0.2665
Z  0.1498  0.2204  0.9638

PART 67
OFFSET  6.4309 -1.5177 -6.7919
X  0.8851  0.3871 -0.2585
Y -0.4386  0.8795 -0.1847
Z  0.1559  0.2768  0.9482

PART 68
OFFSET  5.4271 -1.9574 -6.5060
X -0.4085 -0.8762  0.2555
Y -0.8912  0.4434  0.0957
Z -0.1972 -0.1886 -0.9621

PART 69
OFFSET  8.2563 -2.6698 -4.5431
X  1.0000 -0.0000  0.0000
Y  0.0000  1.0000  0.0000
Z  0.0000 -0.0000  1.0000

PART 70
OFFSET  13.5649 -2.9514 -2.1855
X  0.9998 -0.0000  0.0204
Y  0.0000  1.0000 -0.0000
Z -0.0204  0.0000  0.9998

PART 71
OFFSET  12.4681 -2.6548 -4.2640
X  1.0000 -0.0000 -0.0000
Y  0.0000  1.0000  0.0000
Z  0.0000 -0.0000  1.0000

PART 72
OFFSET  10.6572 -2.6698 -5.6761
X  1.0000 -0.0000  0.0000
Y  0.0000  1.0000  0.0000
Z  0.0000 -0.0000  1.0000

PART 73
OFFSET  14.2297 -3.5065 -2.1284
X  0.0000 -0.8192  0.5735
Y  1.0000  0.0000  0.0000
Z -0.0000  0.5735  0.8192

PART 74
OFFSET  33.6623 -2.6540 -3.1888
X  1.0000 -0.0000  0.0000
Y  0.0000  1.0000  0.0000
Z  0.0000 -0.0000  1.0000


FRAME 113
PART 0
OFFSET -7.2604 -4.8127 -5.4071
X -0.4350  0.7164  0.5454
Y -0.3235 -0.6896  0.6479
Z  0.8403  0.1054  0.5318

PART 1
OFFSET -1.9997 -13.4773 -12.0034
X -0.4666 -0.7774 -0.4218
Y  0.8716 -0.3233 -0.3684
Z  0.1500 -0.5396  0.8284

PART 2
OFFSET  0.0000 -0.0000 -0.0000
X  1.0000 -0.0000  0.0000
Y  0.0000  1.0000  0.0000
Z  0.0000 -0.0000  1.0000

PART 3
OFFSET  0.0000 -0.0000 -0.0000
X  1.0000 -0.0001  0.0002
Y  0.0001  1.0000 -0.0001
Z -0.0002  0.0001  1.0000

PART 4
OFFSET  1.5397  0.0002  4.1360
X  1.0000 -0.0001  0.0002
Y  0.0001  1.0000 -0.0001
Z -0.0002  0.0001  1.0000

PART 5
OFFSET  0.0000 -0.0000  0.0000
X  1.0000 -0.0000  0.0000
Y  0.0000  1.0000  0.0000
Z  0.0000 -0.0000  1.0000

PART 6
OFFSET -4.6318 -0.0000 -1.3770
X  1.0000 -0.0000  0.0000
Y  0.0000  1.0000  0.0000
Z  0.0000 -0.0000  1.0000

PART 7
OFFSET -3.5060  6.3408 -6.7125
X  0.8988 -0.1935 -0.3934
Y -0.1374 -0.9765  0.1662
Z -0.4163 -0.0953 -0.9042

PART 8
OFFSET  7.3637  4.0011 -11.4704
X  0.8460 -0.4281  0.3177
Y -0.4185 -0.1640  0.8933
Z -0.3303 -0.8887 -0.3178

PART 9
OFFSET  14.5597  0.3602 -8.7679
X  0.8460 -0.4281  0.3177
Y -0.3648 -0.0301  0.9306
Z -0.3888 -0.9032 -0.1816

PART 10
OFFSET  16.6570  1.4674 -8.4664
X  0.8494 -0.4247  0.3133
Y  0.3340  0.8922  0.3041
Z -0.4087 -0.1536  0.8997

PART 11
OFFSET  15.7019 -0.5170 -9.7994
X  0.8494 -0.4247  0.3133
Y  0.3340  0.8922  0.3041
Z -0.4087 -0.1536  0.8997

PART 12
OFFSET  16.0378  0.5392 -6.4196
X  0.8494 -0.4247  0.3133
Y  0.3340  0.8922  0.3041
Z -0.4087 -0.1536  0.8997

PART 13
OFFSET  15.4498 -0.8019 -6.9772
X  0.8494 -0.4247  0.3133
Y  0.3340  0.8922  0.3041
Z -0.4087 -0.1536  0.8997

PART 14
OFFSET  14.9867 -1.5486 -7.9503
X  0.8494 -0.4247  0.3133
Y  0.3340  0.8922  0.3041
Z -0.4087 -0.1536  0.8997

PART 15
OFFSET  17.0189 -1.4278 -6.7652
X  0.0503 -0.8347  0.5483
Y -0.9269  0.1655  0.3370
Z -0.3720 -0.5252 -0.7654

PART 16
OFFSET  17.0143 -3.2418 -5.5909
X  0.7234 -0.6132  0.3172
Y -0.6554 -0.4655  0.5947
Z -0.2170 -0.6382 -0.7387

PART 17
OFFSET  18.1969 -4.2754 -5.1970
X  0.9398 -0.1186 -0.3206
Y  0.0595 -0.8669  0.4950
Z -0.3366 -0.4842 -0.8076

PART 18
OFFSET  19.1988 -4.4405 -5.5722
X  0.9222  0.0449  0.3841
Y -0.3048  0.6957  0.6505
Z -0.2380 -0.7169  0.6552

PART 19
OFFSET  18.3221 -1.3770 -8.3913
X  0.9191 -0.3930 -0.0276
Y -0.3935 -0.9124 -0.1128
Z  0.0192  0.1145 -0.9932

PART 20
OFFSET  20.3362 -2.3886 -8.3224
X -0.3794 -0.9118  0.1574
Y -0.9231  0.3846  0.0030
Z -0.0632 -0.1441 -0.9875

PART 21
OFFSET  19.7991 -3.6794 -8.0996
X -0.9874 -0.1325  0.0871
Y -0.1469  0.9709 -0.1890
Z -0.0595 -0.1994 -0.9781

PART 22
OFFSET  18.9236 -3.7969 -8.0224
X -0.8842  0.4671 -0.0088
Y  0.4633  0.8742 -0.1457
Z -0.0603 -0.1329 -0.9893

PART 23
OFFSET  18.0837 -3.3531 -8.0308
X  0.3941 -0.8868  0.2413
Y  0.9111  0.3425 -0.2293
Z  0.1207  0.3102  0.9430

PART 24
OFFSET  18.2450 -1.2730 -7.6893
X  0.9605 -0.2364  0.1467
Y -0.2187 -0.9674 -0.1273
Z  0.1720  0.0902 -0.9810

PART 25
OFFSET  20.6785 -2.1365 -7.3874
X -0.3497 -0.9345  0.0656
Y -0.9334  0.3536  0.0613
Z -0.0805 -0.0398 -0.9960

PART 26
OFFSET  20.0830 -3.7276 -7.2758
X -0.9965  0.0245  0.0804
Y  0.0188  0.9973 -0.0707
Z -0.0819 -0.0690 -0.9943

PART 27
OFFSET  18.7020 -3.6936 -7.1644
X -0.7542  0.6565  0.0124
Y  0.6522  0.7512 -0.1010
Z -0.0757 -0.0681 -0.9948

PART 28
OFFSET  18.9913 -2.1445 -5.0530
X  0.8400 -0.4951  0.2219
Y  0.4453  0.8628  0.2392
Z -0.3099 -0.1021  0.9453

PART 29
OFFSET  19.5454 -3.8400 -5.5246
X -0.9816  0.1102  0.1560
Y  0.1203  0.9911  0.0569
Z -0.1484  0.0746 -0.9861

PART 30
OFFSET  20.6257 -1.6574 -6.3955
X -0.0724 -0.9974  0.0044
Y -0.9973  0.0724 -0.0091
Z  0.0088 -0.0051 -0.9999

PART 31
OFFSET  17.1534 -0.9522 -7.7938
X  0.8658 -0.2329  0.4428
Y -0.4489  0.0293  0.8931
Z -0.2209 -0.9721 -0.0792

PART 32
OFFSET  20.2707 -1.4761 -5.3652
X  0.1760 -0.9790 -0.1025
Y -0.9757 -0.1873  0.1140
Z -0.1308  0.0800 -0.9882

PART 33
OFFSET  20.5805 -3.1999 -5.5458
X -0.8532 -0.5205 -0.0322
Y -0.5202  0.8453  0.1219
Z -0.0363  0.1207 -0.9920

PART 34
OFFSET  20.4842 -3.6058 -6.3869
X -0.9424 -0.3343 -0.0067
Y -0.3343  0.9415  0.0423
Z -0.0079  0.0421 -0.9991

PART 35
OFFSET  8.2561 -2.6852 -4.5708
X  1.0000  0.0010 -0.0004
Y -0.0010  1.0000  0.0008
Z  0.0004 -0.0008  1.0000

PART 36
OFFSET  17.8840 -2.9816 -7.1509
X  0.2416 -0.9704 -0.0014
Y  0.9693  0.2414 -0.0471
Z  0.0460  0.0100  0.9989

PART 37
OFFSET  19.4061 -3.0806 -7.1951
X  0.1122  0.0553 -0.9921
Y  0.2209  0.9721  0.0792
Z  0.9688 -0.2280  0.0968

PART 38
OFFSET  18.1176 -3.5456 -6.3542
X  0.3594 -0.9329 -0.0227
Y  0.9321  0.3600 -0.0392
Z  0.0447 -0.0071  0.9990

PART 39
OFFSET  19.1076 -4.0941 -6.3967
X -0.8738  0.4843  0.0437
Y  0.4862  0.8699  0.0827
Z  0.0020  0.0936 -0.9956

PART 40
OFFSET  18.4367 -3.7155 -5.3484
X  0.1692 -0.9096 -0.3795
Y  0.9832  0.1823  0.0015
Z  0.0678 -0.3734  0.9252

PART 41
OFFSET  1.9694 -6.8655 -8.4155
X -0.4666 -0.7774 -0.4218
Y  0.7698 -0.1222 -0.6264
Z  0.4354 -0.6171  0.6555

PART 42
OFFSET  1.8688 -4.8812 -8.5511
X -0.4722 -0.7738 -0.4221
Y -0.1614  0.5467 -0.8216
Z  0.8666 -0.3198 -0.3831

PART 43
OFFSET  1.3501 -4.6639 -7.4684
X -0.4722 -0.7738 -0.4221
Y -0.1614  0.5467 -0.8216
Z  0.8666 -0.3198 -0.3831

PART 44
OFFSET  1.7238 -5.3663 -6.3534
X -0.4722 -0.7738 -0.4221
Y -0.1614  0.5467 -0.8216
Z  0.8666 -0.3198 -0.3831

PART 45
OFFSET  3.4000 -4.4824 -7.1223
X -0.9545 -0.1426 -0.2618
Y  0.2848 -0.1764 -0.9422
Z  0.0882 -0.9739  0.2090

PART 46
OFFSET  3.5183 -3.8481 -6.1810
X -0.4982 -0.6784 -0.5400
Y  0.5777  0.2048 -0.7901
Z  0.6466 -0.7056  0.2899

PART 47
OFFSET  4.4997 -2.3654 -4.9530
X -0.9024 -0.3494  0.2522
Y -0.0609 -0.4760 -0.8773
Z  0.4266 -0.8070  0.4083

PART 48
OFFSET  5.9050 -1.7393 -5.4582
X -0.5332 -0.0226  0.8457
Y -0.6553 -0.6212 -0.4297
Z  0.5351 -0.7833  0.3164

PART 49
OFFSET  6.4683 -1.6684 -6.3799
X -0.8723  0.3585  0.3325
Y  0.0976  0.7940 -0.6001
Z -0.4791 -0.4910 -0.7276

PART 50
OFFSET  4.4948 -4.3537 -7.9519
X -0.9334 -0.2728  0.2331
Y  0.3223 -0.9229  0.2107
Z  0.1576  0.2718  0.9493

PART 51
OFFSET  6.5755 -3.5881 -8.3632
X -0.1052 -0.9922  0.0674
Y  0.9470 -0.1207 -0.2977
Z  0.3035  0.0325  0.9523

PART 52
OFFSET  6.7245 -2.1835 -8.4585
X  0.7709 -0.5943 -0.2292
Y  0.5747  0.8041 -0.1519
Z  0.2746 -0.0146  0.9615

PART 53
OFFSET  6.0410 -1.6565 -8.2553
X  0.9038  0.3010 -0.3043
Y -0.2999  0.9526  0.0517
Z  0.3054  0.0445  0.9512

PART 54
OFFSET  5.1823 -1.9425 -7.9663
X -0.5472 -0.8347  0.0627
Y -0.7694  0.5311  0.3550
Z -0.3296  0.1460 -0.9328

PART 55
OFFSET  4.5278 -4.3412 -7.2389
X -0.9688 -0.2449  0.0390
Y  0.2469 -0.9373  0.2459
Z -0.0237  0.2479  0.9685

PART 56
OFFSET  7.0510 -3.7630 -7.4785
X -0.1317 -0.9745  0.1819
Y  0.9405 -0.1808 -0.2876
Z  0.3132  0.1333  0.9403

PART 57
OFFSET  7.2752 -2.1040 -7.7883
X  0.8815 -0.4103 -0.2335
Y  0.3632  0.9054 -0.2197
Z  0.3016  0.1089  0.9472

PART 58
OFFSET  6.0535 -1.5354 -7.4646
X  0.8298  0.4622 -0.3128
Y -0.4732  0.8798  0.0446
Z  0.2959  0.1110  0.9488

PART 59
OFFSET  5.1536 -2.0366 -7.1253
X -0.3950 -0.8758  0.2775
Y -0.8755  0.4503  0.1751
Z -0.2783 -0.1738 -0.9446

PART 60
OFFSET -0.7663 -5.4487 -7.3031
X -0.9286 -0.3709 -0.0059
Y -0.3507  0.8828 -0.3125
Z  0.1211 -0.2881 -0.9499

PART 61
OFFSET  6.9373 -4.1556 -5.3139
X -0.9870 -0.0161 -0.1599
Y -0.0005 -0.9947  0.1029
Z -0.1607  0.1017  0.9818

PART 62
OFFSET  8.6751 -4.1272 -5.0324
X -0.3653 -0.9266  0.0890
Y  0.9177 -0.3424  0.2012
Z -0.1560  0.1552  0.9755

PART 63
OFFSET  9.1097 -2.9913 -5.0813
X  0.0500 -0.9945  0.0924
Y  0.9854  0.0642  0.1574
Z -0.1625  0.0832  0.9832

PART 64
OFFSET  9.0532 -1.8680 -5.1857
X -0.9516  0.2892  0.1044
Y  0.2692  0.9477 -0.1717
Z -0.1486 -0.1353 -0.9796

PART 65
OFFSET  7.1287 -4.1875 -6.4015
X -0.2617 -0.9410  0.2144
Y  0.9572 -0.2814 -0.0670
Z  0.1234  0.1877  0.9744

PART 66
OFFSET  7.6398 -2.3491 -6.8203
X  0.8294 -0.5587 -0.0017
Y  0.5382  0.7997 -0.2661
Z  0.1500  0.2197  0.9640

PART 67
OFFSET  6.4284 -1.5331 -6.8179
X  0.8846  0.3882 -0.2586
Y -0.4396  0.8792 -0.1837
Z  0.1560  0.2762  0.9484

PART 68
OFFSET  5.4252 -1.9741 -6.5319
X -0.4075 -0.8769  0.2550
Y -0.8916  0.4424  0.0965
Z -0.1974 -0.1880 -0.9621

PART 69
OFFSET  8.2561 -2.6852 -4.5708
X  1.0000  0.0010 -0.0004
Y -0.0010  1.0000  0.0008
Z  0.0004 -0.0008  1.0000

PART 70
OFFSET  13.5660 -2.9633 -2.2157
X  0.9998  0.0010  0.0200
Y -0.0010  1.0000  0.0008
Z -0.0200 -0.0009  0.9998

PART 71
OFFSET  12.4680 -2.6660 -4.2934
X  1.0000  0.0010 -0.0004
Y -0.0010  1.0000  0.0008
Z  0.0004 -0.0008  1.0000

PART 72
OFFSET  10.6565 -2.6818 -5.7048
X  1.0000  0.0010 -0.0004
Y -0.0010  1.0000  0.0008
Z  0.0004 -0.0008  1.0000

PART 73
OFFSET  14.2314 -3.5178 -2.1593
X  0.0011 -0.8197  0.5729
Y  1.0000  0.0010 -0.0004
Z -0.0002  0.5729  0.8197

PART 74
OFFSET  33.6626 -2.6443 -3.2271
X  1.0000  0.0010 -0.0004
Y -0.0010  1.0000  0.0008
Z  0.0004 -0.0008  1.0000


FRAME 114
PART 0
OFFSET -7.2604 -4.8127 -5.4071
X -0.4271  0.7195  0.5477
Y -0.3216 -0.6869  0.6517
Z  0.8451  0.1022  0.5247

PART 1
OFFSET -2.0955 -13.5143 -12.0304
X -0.4753 -0.7753 -0.4160
Y  0.8662 -0.3295 -0.3756
Z  0.1541 -0.5389  0.8282

PART 2
OFFSET  0.0000 -0.0000 -0.0000
X  1.0000 -0.0000  0.0000
Y  0.0000  1.0000  0.0000
Z  0.0000 -0.0000  1.0000

PART 3
OFFSET  0.0000 -0.0000 -0.0000
X  1.0000 -0.0006  0.0009
Y  0.0006  1.0000 -0.0004
Z -0.0009  0.0004  1.0000

PART 4
OFFSET  1.5370  0.0007  4.1371
X  1.0000 -0.0006  0.0009
Y  0.0006  1.0000 -0.0004
Z -0.0009  0.0004  1.0000

PART 5
OFFSET  0.0000 -0.0000  0.0000
X  1.0000 -0.0000  0.0000
Y  0.0000  1.0000  0.0000
Z  0.0000 -0.0000  1.0000

PART 6
OFFSET -4.6318 -0.0000 -1.3770
X  1.0000 -0.0000  0.0000
Y  0.0000  1.0000  0.0000
Z  0.0000 -0.0000  1.0000

PART 7
OFFSET -3.5060  6.3408 -6.7125
X  0.8813 -0.1468 -0.4493
Y -0.0956 -0.9863  0.1348
Z -0.4629 -0.0758 -0.8832

PART 8
OFFSET  7.1518  4.5651 -12.1459
X  0.8212 -0.4340  0.3705
Y -0.4738 -0.1565  0.8666
Z -0.3181 -0.8872 -0.3342

PART 9
OFFSET  14.1363  0.8738 -8.9943
X  0.8212 -0.4340  0.3705
Y -0.4511 -0.0959  0.8873
Z -0.3495 -0.8958 -0.2745

PART 10
OFFSET  16.2236  1.9496 -8.5923
X  0.8248 -0.4307  0.3663
Y  0.3226  0.8906  0.3206
Z -0.4643 -0.1463  0.8735

PART 11
OFFSET  15.3316 -0.0176 -9.9508
X  0.8248 -0.4307  0.3663
Y  0.3226  0.8906  0.3206
Z -0.4643 -0.1463  0.8735

PART 12
OFFSET  15.4590  1.0310 -6.5593
X  0.8248 -0.4307  0.3663
Y  0.3226  0.8906  0.3206
Z -0.4643 -0.1463  0.8735

PART 13
OFFSET  14.9050 -0.2882 -7.1482
X  0.8248 -0.4307  0.3663
Y  0.3226  0.8906  0.3206
Z -0.4643 -0.1463  0.8735

PART 14
OFFSET  14.5326 -0.9821 -8.1651
X  0.8248 -0.4307  0.3663
Y  0.3226  0.8906  0.3206
Z -0.4643 -0.1463  0.8735

PART 15
OFFSET  16.5295 -1.0335 -6.8816
X  0.0275 -0.8607  0.5083
Y -0.9194  0.1778  0.3509
Z -0.3924 -0.4770 -0.7865

PART 16
OFFSET  16.4753 -2.8997 -5.7935
X  0.6705 -0.6713  0.3159
Y -0.7009 -0.4337  0.5663
Z -0.2431 -0.6011 -0.7613

PART 17
OFFSET  17.5723 -4.0248 -5.4025
X  0.9309 -0.2616 -0.2550
Y -0.1052 -0.8604  0.4986
Z -0.3499 -0.4373 -0.8285

PART 18
OFFSET  18.5612 -4.3424 -5.7077
X  0.8902 -0.0895  0.4466
Y -0.2402  0.7407  0.6274
Z -0.3870 -0.6658  0.6379

PART 19
OFFSET  17.8209 -0.8118 -8.5028
X  0.9212 -0.3792 -0.0869
Y -0.3890 -0.9027 -0.1841
Z -0.0086  0.2034 -0.9791

PART 20
OFFSET  19.8443 -1.8042 -8.5780
X -0.2351 -0.9710  0.0427
Y -0.9704  0.2370  0.0459
Z -0.0547 -0.0307 -0.9980

PART 21
OFFSET  19.5114 -3.1789 -8.5175
X -0.6749 -0.7322  0.0918
Y -0.7367  0.6758 -0.0264
Z -0.0427 -0.0854 -0.9954

PART 22
OFFSET  18.9130 -3.8281 -8.4361
X -0.9729 -0.2125  0.0909
Y -0.2146  0.9766 -0.0144
Z -0.0857 -0.0335 -0.9958

PART 23
OFFSET  17.9887 -4.0300 -8.3497
X  0.8913 -0.4457  0.0835
Y  0.4532  0.8698 -0.1952
Z  0.0144  0.2118  0.9772

PART 24
OFFSET  17.7481 -0.7789 -7.7935
X  0.9630 -0.2433  0.1162
Y -0.2136 -0.9514 -0.2219
Z  0.1646  0.1888 -0.9681

PART 25
OFFSET  20.1903 -1.6500 -7.6055
X -0.2256 -0.9725 -0.0578
Y -0.9711  0.2198  0.0925
Z -0.0772  0.0770 -0.9940

PART 26
OFFSET  19.8062 -3.3057 -7.7038
X -0.7981 -0.6017  0.0304
Y -0.5979  0.7972  0.0830
Z -0.0742  0.0481 -0.9961

PART 27
OFFSET  18.7001 -4.1397 -7.6618
X -0.9974  0.0150  0.0707
Y  0.0187  0.9985  0.0515
Z -0.0698  0.0527 -0.9962

PART 28
OFFSET  18.5183 -1.9038 -5.2621
X  0.8446 -0.5090  0.1661
Y  0.4416  0.8377  0.3213
Z -0.3027 -0.1980  0.9323

PART 29
OFFSET  19.8668 -3.9738 -6.0141
X -0.8250 -0.5645  0.0269
Y -0.5535  0.8166  0.1634
Z -0.1142  0.1199 -0.9862

PART 30
OFFSET  20.1402 -1.2741 -6.5596
X  0.0430 -0.9931 -0.1088
Y -0.9990 -0.0415 -0.0161
Z  0.0115  0.1093 -0.9939

PART 31
OFFSET  16.6538 -0.4567 -7.8584
X  0.8703 -0.2699  0.4119
Y -0.4428 -0.0630  0.8944
Z -0.2154 -0.9608 -0.1744

PART 32
OFFSET  19.7912 -1.1989 -5.5141
X  0.2913 -0.9383 -0.1863
Y -0.9490 -0.3080  0.0675
Z -0.1207  0.1571 -0.9802

PART 33
OFFSET  20.3041 -2.8510 -5.8420
X -0.3623 -0.9125 -0.1901
Y -0.9306  0.3426  0.1291
Z -0.0526  0.2237 -0.9732

PART 34
OFFSET  20.2243 -3.2142 -6.7721
X -0.5548 -0.8235 -0.1187
Y -0.8319  0.5468  0.0950
Z -0.0133  0.1514 -0.9884

PART 35
OFFSET  8.2558 -2.7373 -4.6635
X  1.0000  0.0045 -0.0012
Y -0.0045  1.0000  0.0038
Z  0.0012 -0.0038  1.0000

PART 36
OFFSET  17.6184 -4.1234 -7.5851
X  0.8031 -0.5801 -0.1363
Y  0.5899  0.8062  0.0444
Z  0.0841 -0.1161  0.9897

PART 37
OFFSET  18.9239 -2.6186 -7.4895
X  0.1049  0.1548 -0.9824
Y  0.2154  0.9608  0.1744
Z  0.9709 -0.2299  0.0675

PART 38
OFFSET  18.2973 -4.6069 -6.9497
X  0.8631 -0.5004 -0.0678
Y  0.5046  0.8597  0.0789
Z  0.0188 -0.1023  0.9946

PART 39
OFFSET  19.4139 -4.4170 -6.9455
X -0.9857 -0.1683  0.0025
Y -0.1644  0.9657  0.2012
Z -0.0363  0.1979 -0.9796

PART 40
OFFSET  18.9350 -4.6115 -5.9837
X  0.7361 -0.5197 -0.4337
Y  0.6292  0.7616  0.1554
Z  0.2495 -0.3872  0.8876

PART 41
OFFSET  1.9468 -6.9203 -8.4920
X -0.4753 -0.7753 -0.4160
Y  0.7583 -0.1211 -0.6406
Z  0.4462 -0.6199  0.6455

PART 42
OFFSET  1.8591 -4.9344 -8.6351
X -0.4808 -0.7717 -0.4163
Y -0.1655  0.5461 -0.8212
Z  0.8611 -0.3260 -0.3903

PART 43
OFFSET  1.3533 -4.7139 -7.5462
X -0.4808 -0.7717 -0.4163
Y -0.1655  0.5461 -0.8212
Z  0.8611 -0.3260 -0.3903

PART 44
OFFSET  1.7330 -5.4191 -6.4283
X -0.4808 -0.7717 -0.4163
Y -0.1655  0.5461 -0.8212
Z  0.8611 -0.3260 -0.3903

PART 45
OFFSET  3.4038 -4.5435 -7.2167
X -0.9542 -0.1451 -0.2615
Y  0.2846 -0.1726 -0.9430
Z  0.0917 -0.9742  0.2060

PART 46
OFFSET  3.5208 -3.9116 -6.2737
X -0.4962 -0.6785 -0.5417
Y  0.5764  0.2091 -0.7900
Z  0.6493 -0.7042  0.2873

PART 47
OFFSET  4.4980 -2.4292 -5.0418
X -0.9010 -0.3533  0.2519
Y -0.0599 -0.4736 -0.8787
Z  0.4297 -0.8068  0.4055

PART 48
OFFSET  5.9008 -1.7968 -5.5464
X -0.5324 -0.0270  0.8460
Y -0.6535 -0.6222 -0.4311
Z  0.5380 -0.7824  0.3136

PART 49
OFFSET  6.4630 -1.7213 -6.4683
X -0.8733  0.3545  0.3342
Y  0.0944  0.7961 -0.5978
Z -0.4780 -0.4905 -0.7287

PART 50
OFFSET  4.4976 -4.4087 -8.0467
X -0.9323 -0.2767  0.2330
Y  0.3257 -0.9224  0.2077
Z  0.1574  0.2696  0.9500

PART 51
OFFSET  6.5754 -3.6347 -8.4573
X -0.1018 -0.9927  0.0645
Y  0.9472 -0.1165 -0.2988
Z  0.3041  0.0307  0.9521

PART 52
OFFSET  6.7194 -2.2292 -8.5486
X  0.7728 -0.5909 -0.2315
Y  0.5718  0.8066 -0.1500
Z  0.2754 -0.0165  0.9612

PART 53
OFFSET  6.0342 -1.7053 -8.3433
X  0.9025  0.3050 -0.3041
Y -0.3031  0.9514  0.0547
Z  0.3060  0.0428  0.9511

PART 54
OFFSET  5.1768 -1.9951 -8.0544
X -0.5443 -0.8367  0.0607
Y -0.7709  0.5274  0.3572
Z -0.3308  0.1476 -0.9321

PART 55
OFFSET  4.5311 -4.3980 -7.3337
X -0.9679 -0.2484  0.0390
Y  0.2503 -0.9372  0.2429
Z -0.0238  0.2449  0.9693

PART 56
OFFSET  7.0522 -3.8105 -7.5736
X -0.1281 -0.9754  0.1791
Y  0.9409 -0.1767 -0.2889
Z  0.3134  0.1315  0.9405

PART 57
OFFSET  7.2704 -2.1498 -7.8786
X  0.8828 -0.4066 -0.2354
Y  0.3599  0.9073 -0.2173
Z  0.3020  0.1071  0.9473

PART 58
OFFSET  6.0469 -1.5864 -7.5523
X  0.8279  0.4660 -0.3121
Y -0.4762  0.8780  0.0476
Z  0.2962  0.1092  0.9489

PART 59
OFFSET  5.1490 -2.0917 -7.2138
X -0.3917 -0.8780  0.2752
Y -0.8769  0.4468  0.1771
Z -0.2784 -0.1720 -0.9449

PART 60
OFFSET -0.7592 -5.5235 -7.3973
X -0.9274 -0.3741 -0.0063
Y -0.3540  0.8825 -0.3096
Z  0.1214 -0.2849 -0.9508

PART 61
OFFSET  6.9415 -4.2101 -5.4100
X -0.9871 -0.0190 -0.1592
Y  0.0030 -0.9950  0.1000
Z -0.1603  0.0982  0.9822

PART 62
OFFSET  8.6794 -4.1765 -5.1298
X -0.3620 -0.9281  0.0866
Y  0.9191 -0.3399  0.1995
Z -0.1557  0.1518  0.9761

PART 63
OFFSET  9.1100 -3.0390 -5.1757
X  0.0535 -0.9946  0.0894
Y  0.9853  0.0671  0.1568
Z -0.1620  0.0797  0.9836

PART 64
OFFSET  9.0495 -1.9156 -5.2766
X -0.9525  0.2856  0.1060
Y  0.2658  0.9491 -0.1691
Z -0.1489 -0.1329 -0.9799

PART 65
OFFSET  7.1321 -4.2380 -6.4978
X -0.2582 -0.9426  0.2118
Y  0.9582 -0.2779 -0.0685
Z  0.1235  0.1853  0.9749

PART 66
OFFSET  7.6365 -2.3966 -6.9116
X  0.8313 -0.5558 -0.0040
Y  0.5352  0.8024 -0.2641
Z  0.1500  0.2174  0.9645

PART 67
OFFSET  6.4223 -1.5848 -6.9058
X  0.8830  0.3920 -0.2581
Y -0.4428  0.8782 -0.1808
Z  0.1558  0.2739  0.9491

PART 68
OFFSET  5.4208 -2.0302 -6.6203
X -0.4042 -0.8791  0.2527
Y -0.8931  0.4390  0.0985
Z -0.1975 -0.1859 -0.9625

PART 69
OFFSET  8.2558 -2.7373 -4.6635
X  1.0000  0.0045 -0.0012
Y -0.0045  1.0000  0.0038
Z  0.0012 -0.0038  1.0000

PART 70
OFFSET  13.5684 -3.0044 -2.3132
X  0.9998  0.0044  0.0192
Y -0.0045  1.0000  0.0038
Z -0.0192 -0.0039  0.9998

PART 71
OFFSET  12.4678 -2.7046 -4.3892
X  1.0000  0.0045 -0.0012
Y -0.0045  1.0000  0.0038
Z  0.0012 -0.0038  1.0000

PART 72
OFFSET  10.6553 -2.7223 -5.7993
X  1.0000  0.0045 -0.0012
Y -0.0045  1.0000  0.0038
Z  0.0012 -0.0038  1.0000

PART 73
OFFSET  14.2357 -3.5567 -2.2590
X  0.0044 -0.8214  0.5704
Y  1.0000  0.0045 -0.0012
Z -0.0016  0.5704  0.8214

PART 74
OFFSET  33.6630 -2.6137 -3.3387
X  1.0000  0.0045 -0.0012
Y -0.0045  1.0000  0.0038
Z  0.0012 -0.0038  1.0000


FRAME 115
PART 0
OFFSET -7.2604 -4.8127 -5.4071
X -0.4109  0.7255  0.5520
Y -0.3170 -0.6815  0.6596
Z  0.8548  0.0961  0.5100

PART 1
OFFSET -2.2908 -13.5871 -12.0835
X -0.4932 -0.7708 -0.4033
Y  0.8545 -0.3423 -0.3906
Z  0.1630 -0.5373  0.8275

PART 2
OFFSET  0.0000 -0.0000 -0.0000
X  1.0000 -0.0000  0.0000
Y  0.0000  1.0000  0.0000
Z  0.0000 -0.0000  1.0000

PART 3
OFFSET  0.0000 -0.0000 -0.0000
X  1.0000 -0.0014  0.0023
Y  0.0014  1.0000 -0.0010
Z -0.0023  0.0010  1.0000

PART 4
OFFSET  1.5311  0.0018  4.1392
X  1.0000 -0.0014  0.0023
Y  0.0014  1.0000 -0.0010
Z -0.0023  0.0010  1.0000

PART 5
OFFSET  0.0000 -0.0000  0.0000
X  1.0000 -0.0000  0.0000
Y  0.0000  1.0000  0.0000
Z  0.0000 -0.0000  1.0000

PART 6
OFFSET -4.6318 -0.0000 -1.3770
X  1.0000 -0.0000  0.0000
Y  0.0000  1.0000  0.0000
Z  0.0000 -0.0000  1.0000

PART 7
OFFSET -3.5060  6.3408 -6.7125
X  0.8618 -0.0714 -0.5022
Y -0.0493 -0.9971  0.0572
Z -0.5048 -0.0245 -0.8629

PART 8
OFFSET  6.9168  5.4775 -12.7856
X  0.7806 -0.4591  0.4241
Y -0.5485 -0.1778  0.8171
Z -0.2997 -0.8704 -0.3906

PART 9
OFFSET  13.5564  1.5726 -9.1787
X  0.7806 -0.4591  0.4241
Y -0.5422 -0.1601  0.8248
Z -0.3108 -0.8738 -0.3739

PART 10
OFFSET  15.6196  2.5702 -8.6048
X  0.7847 -0.4557  0.4203
Y  0.3054  0.8741  0.3776
Z -0.5395 -0.1680  0.8251

PART 11
OFFSET  14.8178  0.6946 -10.0597
X  0.7847 -0.4557  0.4203
Y  0.3054  0.8741  0.3776
Z -0.5395 -0.1680  0.8251

PART 12
OFFSET  14.6493  1.5925 -6.6406
X  0.7847 -0.4557  0.4203
Y  0.3054  0.8741  0.3776
Z -0.5395 -0.1680  0.8251

PART 13
OFFSET  14.1484  0.3375 -7.3149
X  0.7847 -0.4557  0.4203
Y  0.3054  0.8741  0.3776
Z -0.5395 -0.1680  0.8251

PART 14
OFFSET  13.9067 -0.2476 -8.4026
X  0.7847 -0.4557  0.4203
Y  0.3054  0.8741  0.3776
Z -0.5395 -0.1680  0.8251

PART 15
OFFSET  15.8373 -0.5272 -6.9784
X  0.0122 -0.8682  0.4961
Y -0.9023  0.2042  0.3796
Z -0.4309 -0.4523 -0.7809

PART 16
OFFSET  15.7496 -2.4054 -5.9134
X  0.5980 -0.7265  0.3386
Y -0.7474 -0.3528  0.5629
Z -0.2894 -0.5897 -0.7540

PART 17
OFFSET  16.7271 -3.6232 -5.4848
X  0.8595 -0.4895 -0.1471
Y -0.3428 -0.7655  0.5445
Z -0.3791 -0.4176 -0.8257

PART 18
OFFSET  17.6334 -4.1847 -5.6723
X  0.8074 -0.2509  0.5341
Y -0.1057  0.8290  0.5492
Z -0.5805 -0.4999  0.6428

PART 19
OFFSET  17.1058 -0.1104 -8.5791
X  0.9175 -0.3613 -0.1660
Y -0.3945 -0.8798 -0.2653
Z -0.0502  0.3089 -0.9498

PART 20
OFFSET  19.1263 -1.0751 -8.8463
X -0.0347 -0.9924 -0.1177
Y -0.9973  0.0266  0.0691
Z -0.0655  0.1198 -0.9906

PART 21
OFFSET  19.0772 -2.4802 -9.0130
X -0.1378 -0.9885 -0.0624
Y -0.9895  0.1346  0.0517
Z -0.0427  0.0689 -0.9967

PART 22
OFFSET  18.9550 -3.3567 -9.0684
X -0.6479 -0.7618  0.0037
Y -0.7541  0.6420  0.1380
Z -0.1075  0.0866 -0.9904

PART 23
OFFSET  18.3395 -4.0804 -9.0649
X  0.9845  0.1671  0.0538
Y -0.1660  0.9858 -0.0233
Z -0.0569  0.0141  0.9983

PART 24
OFFSET  17.0434 -0.1648 -7.8701
X  0.9636 -0.2577  0.0711
Y -0.2204 -0.9165 -0.3339
Z  0.1512  0.3061 -0.9399

PART 25
OFFSET  19.4862 -1.0540 -7.8419
X -0.0413 -0.9743 -0.2215
Y -0.9953  0.0208  0.0941
Z -0.0871  0.2243 -0.9706

PART 26
OFFSET  19.4159 -2.7127 -8.2189
X -0.3298 -0.9301 -0.1617
Y -0.9408  0.3096  0.1382
Z -0.0785  0.1977 -0.9771

PART 27
OFFSET  18.9588 -4.0017 -8.4431
X -0.8048 -0.5905 -0.0596
Y -0.5885  0.7808  0.2097
Z -0.0773  0.2039 -0.9759

PART 28
OFFSET  17.8461 -1.5940 -5.5080
X  0.8450 -0.5272  0.0897
Y  0.4494  0.7910  0.4152
Z -0.2898 -0.3106  0.9053

PART 29
OFFSET  20.1728 -3.4973 -6.5247
X -0.2998 -0.9368 -0.1803
Y -0.9514  0.2797  0.1286
Z -0.0700  0.2101 -0.9752

PART 30
OFFSET  19.4513 -0.8127 -6.7422
X  0.2049 -0.9474 -0.2459
Y -0.9788 -0.1982 -0.0521
Z  0.0007  0.2514 -0.9679

PART 31
OFFSET  15.9495  0.1651 -7.8786
X  0.8752 -0.3202  0.3626
Y -0.4300 -0.1717  0.8864
Z -0.2216 -0.9317 -0.2879

PART 32
OFFSET  19.1179 -0.8660 -5.6904
X  0.4507 -0.8493 -0.2748
Y -0.8857 -0.4639 -0.0188
Z -0.1115  0.2518 -0.9613

PART 33
OFFSET  19.9114 -2.3614 -6.1741
X  0.2112 -0.9181 -0.3355
Y -0.9745 -0.2246  0.0010
Z -0.0763  0.3267 -0.9420

PART 34
OFFSET  19.8516 -2.6635 -7.2227
X -0.0258 -0.9584 -0.2844
Y -0.9992  0.0159  0.0374
Z -0.0313  0.2851 -0.9580

PART 35
OFFSET  8.2559 -2.8453 -4.8529
X  0.9999  0.0114 -0.0014
Y -0.0114  0.9999  0.0103
Z  0.0015 -0.0103  0.9999

PART 36
OFFSET  18.0860 -4.6422 -8.5077
X  0.9917  0.0478 -0.1190
Y -0.0170  0.9687  0.2477
Z  0.1271 -0.2436  0.9615

PART 37
OFFSET  18.2163 -2.0304 -7.8122
X  0.0912  0.2742 -0.9573
Y  0.2216  0.9317  0.2880
Z  0.9709 -0.2384  0.0242

PART 38
OFFSET  19.0159 -4.8421 -7.8372
X  0.9957  0.0905  0.0174
Y -0.0920  0.9651  0.2453
Z  0.0054 -0.2459  0.9693

PART 39
OFFSET  19.8139 -4.0633 -7.6381
X -0.7045 -0.6891 -0.1697
Y -0.7057  0.6546  0.2713
Z -0.0759  0.3109 -0.9474

PART 40
OFFSET  19.8342 -4.5555 -6.7284
X  0.9368  0.1115 -0.3317
Y  0.0081  0.9407  0.3392
Z  0.3498 -0.3205  0.8803

PART 41
OFFSET  1.9038 -7.0314 -8.6528
X -0.4932 -0.7708 -0.4033
Y  0.7335 -0.1192 -0.6691
Z  0.4677 -0.6259  0.6242

PART 42
OFFSET  1.8425 -5.0427 -8.8123
X -0.4987 -0.7671 -0.4035
Y -0.1741  0.5447 -0.8204
Z  0.8491 -0.3389 -0.4052

PART 43
OFFSET  1.3643 -4.8154 -7.7108
X -0.4987 -0.7671 -0.4035
Y -0.1741  0.5447 -0.8204
Z  0.8491 -0.3389 -0.4052

PART 44
OFFSET  1.7570 -5.5268 -6.5867
X -0.4987 -0.7671 -0.4035
Y -0.1741  0.5447 -0.8204
Z  0.8491 -0.3389 -0.4052

PART 45
OFFSET  3.4157 -4.6684 -7.4163
X -0.9533 -0.1500 -0.2622
Y  0.2856 -0.1645 -0.9441
Z  0.0985 -0.9749  0.1997

PART 46
OFFSET  3.5286 -4.0419 -6.4693
X -0.4917 -0.6784 -0.5459
Y  0.5747  0.2182 -0.7887
Z  0.6542 -0.7016  0.2826

PART 47
OFFSET  4.4958 -2.5607 -5.2282
X -0.8984 -0.3611  0.2498
Y -0.0569 -0.4683 -0.8817
Z  0.4354 -0.8064  0.4002

PART 48
OFFSET  5.8941 -1.9154 -5.7289
X -0.5320 -0.0361  0.8460
Y -0.6493 -0.6239 -0.4349
Z  0.5435 -0.7807  0.3085

PART 49
OFFSET  6.4556 -1.8301 -6.6504
X -0.8756  0.3463  0.3367
Y  0.0887  0.8005 -0.5927
Z -0.4748 -0.4891 -0.7317

PART 50
OFFSET  4.5083 -4.5207 -8.2458
X -0.9303 -0.2846  0.2314
Y  0.3321 -0.9214  0.2017
Z  0.1558  0.2645  0.9517

PART 51
OFFSET  6.5805 -3.7298 -8.6518
X -0.0949 -0.9938  0.0582
Y  0.9479 -0.1081 -0.2998
Z  0.3042  0.0267  0.9522

PART 52
OFFSET  6.7149 -2.3228 -8.7342
X  0.7768 -0.5841 -0.2355
Y  0.5662  0.8114 -0.1449
Z  0.2757 -0.0208  0.9610

PART 53
OFFSET  6.0262 -1.8050 -8.5254
X  0.9003  0.3132 -0.3023
Y -0.3096  0.9489  0.0609
Z  0.3059  0.0388  0.9513

PART 54
OFFSET  5.1708 -2.1025 -8.2382
X -0.5385 -0.8408  0.0554
Y -0.7744  0.5197  0.3607
Z -0.3321  0.1513 -0.9310

PART 55
OFFSET  4.5419 -4.5145 -7.5328
X -0.9661 -0.2553  0.0376
Y  0.2568 -0.9370  0.2368
Z -0.0252  0.2385  0.9708

PART 56
OFFSET  7.0588 -3.9081 -7.7695
X -0.1214 -0.9774  0.1729
Y  0.9420 -0.1683 -0.2902
Z  0.3128  0.1276  0.9412

PART 57
OFFSET  7.2656 -2.2440 -8.0638
X  0.8855 -0.3990 -0.2382
Y  0.3536  0.9112 -0.2115
Z  0.3015  0.1031  0.9479

PART 58
OFFSET  6.0383 -1.6911 -7.7336
X  0.8246  0.4737 -0.3093
Y -0.4822  0.8744  0.0534
Z  0.2957  0.1051  0.9495

PART 59
OFFSET  5.1440 -2.2048 -7.3982
X -0.3856 -0.8824  0.2696
Y -0.8800  0.4396  0.1801
Z -0.2775 -0.1678 -0.9460

PART 60
OFFSET -0.7405 -5.6761 -7.6021
X -0.9248 -0.3805 -0.0085
Y -0.3601  0.8820 -0.3038
Z  0.1231 -0.2779 -0.9527

PART 61
OFFSET  6.9515 -4.3222 -5.6084
X -0.9870 -0.0248 -0.1591
Y  0.0099 -0.9956  0.0936
Z -0.1607  0.0908  0.9828

PART 62
OFFSET  8.6892 -4.2786 -5.3284
X -0.3556 -0.9312  0.0807
Y  0.9214 -0.3348  0.1971
Z -0.1565  0.1444  0.9771

PART 63
OFFSET  9.1120 -3.1378 -5.3672
X  0.0604 -0.9947  0.0830
Y  0.9849  0.0729  0.1570
Z -0.1623  0.0722  0.9841

PART 64
OFFSET  9.0438 -2.0142 -5.4609
X -0.9544  0.2783  0.1080
Y  0.2592  0.9520 -0.1630
Z -0.1482 -0.1276 -0.9807

PART 65
OFFSET  7.1419 -4.3418 -6.6965
X -0.2517 -0.9457  0.2058
Y  0.9600 -0.2709 -0.0705
Z  0.1225  0.1798  0.9760

PART 66
OFFSET  7.6336 -2.4944 -7.0986
X  0.8351 -0.5500 -0.0078
Y  0.5296  0.8077 -0.2590
Z  0.1488  0.2122  0.9658

PART 67
OFFSET  6.4138 -1.6910 -7.0873
X  0.8802  0.3998 -0.2557
Y -0.4488  0.8763 -0.1750
Z  0.1541  0.2688  0.9508

PART 68
OFFSET  5.4155 -2.1451 -6.8045
X -0.3981 -0.8834  0.2471
Y -0.8961  0.4322  0.1015
Z -0.1965 -0.1810 -0.9637

PART 69
OFFSET  8.2559 -2.8453 -4.8529
X  0.9999  0.0114 -0.0014
Y -0.0114  0.9999  0.0103
Z  0.0015 -0.0103  0.9999

PART 70
OFFSET  13.5709 -3.0907 -2.5057
X  0.9998  0.0112  0.0190
Y -0.0114  0.9999  0.0103
Z -0.0189 -0.0105  0.9998

PART 71
OFFSET  12.4676 -2.7852 -4.5795
X  0.9999  0.0114 -0.0014
Y -0.0114  0.9999  0.0103
Z  0.0015 -0.0103  0.9999

PART 72
OFFSET  10.6548 -2.8063 -5.9892
X  0.9999  0.0114 -0.0014
Y -0.0114  0.9999  0.0103
Z  0.0015 -0.0103  0.9999

PART 73
OFFSET  14.2421 -3.6388 -2.4553
X  0.0102 -0.8250  0.5651
Y  0.9999  0.0114 -0.0014
Z -0.0053  0.5651  0.8250

PART 74
OFFSET  33.6621 -2.5546 -3.5341
X  0.9999  0.0114 -0.0014
Y -0.0114  0.9999  0.0103
Z  0.0015 -0.0103  0.9999


FRAME 116
PART 0
OFFSET -7.2604 -4.8127 -5.4071
X -0.3902  0.7329  0.5573
Y -0.3098 -0.6745  0.6701
Z  0.8670  0.0888  0.4903

PART 1
OFFSET -2.5415 -13.6764 -12.1472
X -0.5169 -0.7645 -0.3852
Y  0.8379 -0.3596 -0.4107
Z  0.1754 -0.5350  0.8264

PART 2
OFFSET  0.0000 -0.0000 -0.0000
X  1.0000 -0.0000  0.0000
Y  0.0000  1.0000  0.0000
Z  0.0000 -0.0000  1.0000

PART 3
OFFSET  0.0000 -0.0000 -0.0000
X  1.0000 -0.0027  0.0042
Y  0.0027  1.0000 -0.0018
Z -0.0042  0.0019  1.0000

PART 4
OFFSET  1.5229  0.0034  4.1422
X  1.0000 -0.0027  0.0042
Y  0.0027  1.0000 -0.0018
Z -0.0042  0.0019  1.0000

PART 5
OFFSET  0.0000 -0.0000  0.0000
X  1.0000 -0.0000  0.0000
Y  0.0000  1.0000  0.0000
Z  0.0000 -0.0000  1.0000

PART 6
OFFSET -4.6318 -0.0000 -1.3770
X  1.0000 -0.0000  0.0000
Y  0.0000  1.0000  0.0000
Z  0.0000 -0.0000  1.0000

PART 7
OFFSET -3.5060  6.3408 -6.7125
X  0.8425  0.0293 -0.5379
Y -0.0007 -0.9985 -0.0556
Z -0.5387  0.0473 -0.8412

PART 8
OFFSET  6.6834  6.6956 -13.2174
X  0.7286 -0.5046  0.4632
Y -0.6273 -0.2198  0.7472
Z -0.2752 -0.8349 -0.4766

PART 9
OFFSET  12.8801  2.4037 -9.2775
X  0.7286 -0.5046  0.4632
Y -0.6244 -0.2111  0.7521
Z -0.2817 -0.8371 -0.4689

PART 10
OFFSET  14.8974  3.2835 -8.4784
X  0.7330 -0.5011  0.4601
Y  0.2822  0.8394  0.4645
Z -0.6189 -0.2107  0.7567

PART 11
OFFSET  14.2055  1.5581 -10.0940
X  0.7330 -0.5011  0.4601
Y  0.2822  0.8394  0.4645
Z -0.6189 -0.2107  0.7567

PART 12
OFFSET  13.7129  2.1993 -6.6643
X  0.7330 -0.5011  0.4601
Y  0.2822  0.8394  0.4645
Z -0.6189 -0.2107  0.7567

PART 13
OFFSET  13.2697  1.0323 -7.4563
X  0.7330 -0.5011  0.4601
Y  0.2822  0.8394  0.4645
Z -0.6189 -0.2107  0.7567

PART 14
OFFSET  13.1432  0.5524 -8.6034
X  0.7330 -0.5011  0.4601
Y  0.2822  0.8394  0.4645
Z -0.6189 -0.2107  0.7567

PART 15
OFFSET  15.0011  0.0492 -7.0590
X  0.0028 -0.8654  0.5011
Y -0.8771  0.2386  0.4170
Z -0.4804 -0.4407 -0.7583

PART 16
OFFSET  14.8929 -1.8189 -5.9782
X  0.6090 -0.7357  0.2963
Y -0.7163 -0.3498  0.6038
Z -0.3406 -0.5800 -0.7400

PART 17
OFFSET  15.8807 -3.0507 -5.6187
X  0.8171 -0.5539 -0.1598
Y -0.3808 -0.7267  0.5717
Z -0.4327 -0.4063 -0.8048

PART 18
OFFSET  16.7380 -3.6806 -5.8186
X  0.8027 -0.2976  0.5168
Y -0.0292  0.8459  0.5325
Z -0.5957 -0.4425  0.6703

PART 19
OFFSET  16.2562  0.6627 -8.6060
X  0.9077 -0.3382 -0.2485
