// Export filename: `C:\projects\cod\t5\xanim_export\t5_viewmodels\ak47\ak47_masterkey_mk_reload_in.XANIM_EXPORT`
// Source filename: `D:\projects\devanim\t5\animation_assets\viewmodels/ak47/ViewModel_AK47_MasterKey_animated.fbx`
// Export time: Wed Jul 07 18:24:16 2010

ANIMATION
VERSION 3

NUMPARTS 77
PART 0 "tag_ads"
PART 1 "tag_torso"
PART 2 "J_Shoulder_LE"
PART 3 "J_Elbow_LE"
PART 4 "J_WristTwist_LE"
PART 5 "J_Sleave_Reshape_Bottom_LE_1"
PART 6 "J_Sleave_Reshape_Bottom_LE_2"
PART 7 "J_Sleave_Reshape_Top_LE_1"
PART 8 "J_Sleave_Reshape_Top_LE_2"
PART 9 "J_Sleave_Reshape_Top_LE_3"
PART 10 "J_Wrist_LE"
PART 11 "J_Thumb_LE_0"
PART 12 "J_Thumb_LE_1"
PART 13 "J_Thumb_LE_2"
PART 14 "J_Thumb_LE_3"
PART 15 "J_PinkyPalm_LE"
PART 16 "J_Pinky_LE_0"
PART 17 "J_Pinky_LE_1"
PART 18 "J_Pinky_LE_2"
PART 19 "J_Pinky_LE_3"
PART 20 "J_RingPalm_LE"
PART 21 "J_Ring_LE_0"
PART 22 "J_Ring_LE_1"
PART 23 "J_Ring_LE_2"
PART 24 "J_Ring_LE_3"
PART 25 "J_Webbing_LE"
PART 26 "J_Index_LE_0"
PART 27 "J_Index_LE_1"
PART 28 "J_Index_LE_2"
PART 29 "J_Index_LE_3"
PART 30 "J_Mid_LE_0"
PART 31 "J_Mid_LE_1"
PART 32 "J_Mid_LE_2"
PART 33 "J_Mid_LE_3"
PART 34 "tag_knife_attach"
PART 35 "tag_weapon"
PART 36 "J_Gun"
PART 37 "J_bolt"
PART 38 "tag_masterkey"
PART 39 "tag_brass2"
PART 40 "tag_ammo2"
PART 41 "tag_pump2"
PART 42 "TAG_CLIP"
PART 43 "TAG_FLASH"
PART 44 "J_Shoulder_RI"
PART 45 "J_Elbow_RI"
PART 46 "J_WristTwist_RI"
PART 47 "J_Sleave_Reshape_Top_RI_3"
PART 48 "J_Sleave_Reshape_Top_RI_2"
PART 49 "J_Sleave_Reshape_Top_RI_1"
PART 50 "J_Wrist_RI"
PART 51 "J_Thumb_RI_0"
PART 52 "J_Thumb_RI_1"
PART 53 "J_Thumb_RI_2"
PART 54 "J_Thumb_RI_3"
PART 55 "J_PinkyPalm_RI"
PART 56 "J_Pinky_RI_0"
PART 57 "J_Pinky_RI_1"
PART 58 "J_Pinky_RI_2"
PART 59 "J_Pinky_RI_3"
PART 60 "J_RingPalm_RI"
PART 61 "J_Ring_RI_0"
PART 62 "J_Ring_RI_1"
PART 63 "J_Ring_RI_2"
PART 64 "J_Ring_RI_3"
PART 65 "J_Webbing_RI"
PART 66 "J_Index_RI_0"
PART 67 "J_Index_RI_1"
PART 68 "J_Index_RI_2"
PART 69 "J_Index_RI_3"
PART 70 "J_Mid_RI_0"
PART 71 "J_Mid_RI_1"
PART 72 "J_Mid_RI_2"
PART 73 "J_Mid_RI_3"
PART 74 "tag_cambone"
PART 75 "tag_camera"
PART 76 "tag_gasmask"

FRAMERATE 30
NUMFRAMES 36

FRAME 2100
PART 0
OFFSET  0.0000 -0.0000 -0.0000
X  1.0000 -0.0000  0.0000
Y  0.0000  1.0000  0.0000
Z  0.0000 -0.0000  1.0000

PART 1
OFFSET -4.6318 -0.0000 -1.3770
X  1.0000 -0.0000  0.0000
Y  0.0000  1.0000  0.0000
Z  0.0000 -0.0000  1.0000

PART 2
OFFSET  1.6160  1.6487 -7.3253
X  0.8369  0.4069 -0.3661
Y  0.2903 -0.8970 -0.3334
Z -0.4641  0.1728 -0.8688

PART 3
OFFSET  11.7373  6.5698 -11.7530
X  0.6964 -0.5174  0.4973
Y -0.7175 -0.5147  0.4693
Z  0.0132 -0.6836 -0.7297

PART 4
OFFSET  17.6609  2.1692 -7.5236
X  0.6964 -0.5174  0.4973
Y -0.1225  0.5971  0.7928
Z -0.7071 -0.6130  0.3525

PART 5
OFFSET  19.1717  3.0654 -5.8993
X  0.7006 -0.5125  0.4964
Y -0.0047  0.6924  0.7215
Z -0.7135 -0.5079  0.4827

PART 6
OFFSET  19.2776  1.7916 -8.1413
X  0.7006 -0.5125  0.4964
Y -0.0047  0.6924  0.7215
Z -0.7135 -0.5079  0.4827

PART 7
OFFSET  17.9421  1.3884 -4.8687
X  0.7006 -0.5125  0.4964
Y -0.0047  0.6924  0.7215
Z -0.7135 -0.5079  0.4827

PART 8
OFFSET  17.6857  0.0633 -6.0854
X  0.7006 -0.5125  0.4964
Y -0.0047  0.6924  0.7215
Z -0.7135 -0.5079  0.4827

PART 9
OFFSET  17.8189 -0.2489 -7.3637
X  0.7006 -0.5125  0.4964
Y -0.0047  0.6924  0.7215
Z -0.7135 -0.5079  0.4827

PART 10
OFFSET  19.7959  0.5830 -5.9991
X  0.9581 -0.2454  0.1475
Y  0.0226  0.5783  0.8155
Z -0.2854 -0.7780  0.5597

PART 11
OFFSET  20.1316  0.7112 -4.9160
X  0.8462 -0.1666  0.5062
Y -0.1193  0.8665  0.4846
Z -0.5194 -0.4705  0.7134

PART 12
OFFSET  21.9168  0.4120 -3.7356
X  0.9493 -0.3066  0.0690
Y  0.1628  0.6676  0.7265
Z -0.2688 -0.6785  0.6837

PART 13
OFFSET  23.4095 -0.1988 -3.5910
X  0.9490 -0.0870  0.3029
Y -0.1150  0.7993  0.5898
Z -0.2935 -0.5946  0.7486

PART 14
OFFSET  24.4204 -0.3065 -3.2191
X  0.8654  0.4824 -0.1357
Y -0.2907  0.2626 -0.9201
Z -0.4082  0.8356  0.3675

PART 15
OFFSET  20.5248 -0.4012 -6.6344
X  0.4959 -0.8653  0.0738
Y -0.6004 -0.2802  0.7490
Z -0.6274 -0.4157 -0.6585

PART 16
OFFSET  21.6566 -2.3191 -6.2808
X -0.2645 -0.5412  0.7982
Y -0.8028  0.5821  0.1287
Z -0.5343 -0.6068 -0.5885

PART 17
OFFSET  21.2822 -3.0854 -5.1507
X -0.7692  0.0882  0.6329
Y -0.3611  0.7571 -0.5444
Z -0.5272 -0.6473 -0.5505

PART 18
OFFSET  20.6001 -3.0072 -4.5896
X -0.8015  0.5779  0.1536
Y  0.2501  0.5574 -0.7917
Z -0.5431 -0.5961 -0.5913

PART 19
OFFSET  19.8387 -2.4581 -4.4437
X  0.5346 -0.7057  0.4650
Y  0.6360 -0.0264 -0.7712
Z  0.5566  0.7080  0.4347

PART 20
OFFSET  20.7904  0.0378 -6.1382
X  0.9031 -0.4158 -0.1068
Y -0.3057 -0.7975  0.5202
Z -0.3015 -0.4372 -0.8474

PART 21
OFFSET  22.8889 -1.4892 -6.2892
X -0.0537 -0.7883  0.6129
Y -0.8943  0.3110  0.3217
Z -0.4442 -0.5309 -0.7217

PART 22
OFFSET  22.7975 -2.8313 -5.2457
X -0.8327 -0.0465  0.5518
Y -0.3387  0.8311 -0.4411
Z -0.4381 -0.5542 -0.7077

PART 23
OFFSET  21.6435 -2.8957 -4.4809
X -0.8420  0.5302  0.0991
Y  0.3220  0.6416 -0.6962
Z -0.4327 -0.5543 -0.7110

PART 24
OFFSET  20.7303 -2.3207 -4.3734
X  0.4847 -0.8282  0.2815
Y  0.7647  0.2449 -0.5960
Z  0.4246  0.5041  0.7520

PART 25
OFFSET  22.6325  0.3277 -3.9497
X  0.8178 -0.5591  0.1366
Y  0.5522  0.6951 -0.4604
Z  0.1624  0.4519  0.8772

PART 26
OFFSET  23.6525  0.3520 -5.0175
X  0.7853 -0.5913 -0.1834
Y -0.4345 -0.7375  0.5171
Z -0.4410 -0.3264 -0.8361

PART 27
OFFSET  25.0352 -0.6890 -5.3404
X  0.3179 -0.9360  0.1511
Y -0.8542 -0.2136  0.4740
Z -0.4114 -0.2798 -0.8674

PART 28
OFFSET  25.4466 -1.8099 -5.1039
X -0.3860 -0.7088  0.5904
Y -0.8232  0.5535  0.1265
Z -0.4165 -0.4372 -0.7971

PART 29
OFFSET  25.0107 -2.6106 -4.4370
X  0.7516 -0.3919 -0.5306
Y  0.1742  0.8937 -0.4134
Z  0.6362  0.2183  0.7400

PART 30
OFFSET  23.4746 -0.3887 -5.8175
X  0.3213 -0.9098  0.2627
Y -0.8398 -0.1456  0.5231
Z -0.4376 -0.3887 -0.8108

PART 31
OFFSET  24.1023 -2.1660 -5.3042
X -0.6904 -0.4314  0.5808
Y -0.5560  0.8300 -0.0445
Z -0.4628 -0.3536 -0.8129

PART 32
OFFSET  23.0940 -2.7962 -4.4559
X -0.8408  0.4340  0.3235
Y  0.2635  0.8502 -0.4558
Z -0.4728 -0.2981 -0.8292

PART 33
OFFSET  22.1381 -2.3073 -4.0951
X  0.5067 -0.8568  0.0961
Y  0.7056  0.3480 -0.6173
Z  0.4954  0.3806  0.7808

PART 34
OFFSET  21.9465 -1.5797 -5.1859
X -0.3614 -0.4535 -0.8147
Y  0.2854  0.7780 -0.5597
Z  0.8877 -0.4348 -0.1517

PART 35
OFFSET  3.7195 -2.5659 -5.4428
X  0.9877  0.0404  0.1513
Y -0.0783  0.9640  0.2539
Z -0.1356 -0.2626  0.9553

PART 36
OFFSET  3.7195 -2.5659 -5.4428
X  0.9877  0.0404  0.1513
Y -0.0783  0.9640  0.2539
Z -0.1356 -0.2626  0.9553

PART 37
OFFSET  8.6571 -3.2425 -2.4603
X  0.9847  0.0350  0.1708
Y -0.0783  0.9640  0.2539
Z -0.1558 -0.2634  0.9520

PART 38
OFFSET  13.1643 -1.5584 -6.3571
X  0.9877  0.0404  0.1513
Y -0.0783  0.9640  0.2539
Z -0.1356 -0.2626  0.9553

PART 39
OFFSET  18.0687 -2.1373 -3.9716
X  0.9112  0.4119  0.0114
Y  0.1562 -0.3197 -0.9345
Z -0.3813  0.8533 -0.3557

PART 40
OFFSET -8.7448 -2.7026 -8.7125
X  0.8499 -0.0686  0.5225
Y -0.0783  0.9640  0.2539
Z -0.5211 -0.2567  0.8139

PART 41
OFFSET  23.4401 -0.6094 -6.7902
X  0.0783 -0.9640 -0.2539
Y  0.9877  0.0404  0.1513
Z -0.1356 -0.2626  0.9553

PART 42
OFFSET  7.8404 -2.4546 -4.5352
X  0.9877  0.0404  0.1513
Y -0.0783  0.9640  0.2539
Z -0.1356 -0.2626  0.9553

PART 43
OFFSET  26.7414 -1.4264 -2.6056
X  0.9877  0.0404  0.1513
Y -0.0783  0.9640  0.2539
Z -0.1356 -0.2626  0.9553

PART 44
OFFSET -17.6076 -4.8127 -7.0611
X -0.6660  0.1224  0.7359
Y -0.3052 -0.9448 -0.1191
Z  0.6807 -0.3039  0.6666

PART 45
OFFSET -9.5532 -6.2928 -15.9604
X -0.7745 -0.2136 -0.5954
Y  0.6269 -0.1336 -0.7676
Z  0.0844 -0.9678  0.2373

PART 46
OFFSET -2.9654 -4.4764 -10.8965
X -0.7745 -0.2136 -0.5954
Y  0.5944  0.0761 -0.8006
Z  0.2163 -0.9740  0.0680

PART 47
OFFSET -2.3787 -2.9198 -9.8021
X -0.7785 -0.2099 -0.5915
Y -0.0913  0.9703 -0.2241
Z  0.6210 -0.1205 -0.7745

PART 48
OFFSET -2.6003 -3.3929 -8.6998
X -0.7785 -0.2099 -0.5915
Y -0.0913  0.9703 -0.2241
Z  0.6210 -0.1205 -0.7745

PART 49
OFFSET -2.3197 -4.7046 -8.4284
X -0.7785 -0.2099 -0.5915
Y -0.0913  0.9703 -0.2241
Z  0.6210 -0.1205 -0.7745

PART 50
OFFSET -0.5909 -3.8217 -9.0712
X -0.8961 -0.1064 -0.4308
Y  0.4231  0.0878 -0.9018
Z  0.1338 -0.9904 -0.0337

PART 51
OFFSET -0.6510 -3.4519 -7.9934
X -0.3661 -0.5323 -0.7633
Y  0.6623  0.4271 -0.6156
Z  0.6536 -0.7309  0.1962

PART 52
OFFSET  0.0367 -2.3051 -6.2958
X -0.8986 -0.4385  0.0158
Y  0.0960 -0.2317 -0.9680
Z  0.4281 -0.8684  0.2503

PART 53
OFFSET  1.4451 -1.5138 -6.4071
X -0.6400 -0.2642  0.7215
Y -0.5407 -0.5123 -0.6672
Z  0.5459 -0.8171  0.1850

PART 54
OFFSET  2.1214 -1.1820 -7.1844
X -0.9345  0.2243  0.2763
Y  0.1167  0.9266 -0.3575
Z -0.3362 -0.3019 -0.8921

PART 55
OFFSET  0.5935 -3.4374 -9.6655
X -0.9326 -0.3607  0.0123
Y  0.3609 -0.9325  0.0164
Z  0.0055  0.0197  0.9998

PART 56
OFFSET  2.6454 -2.5097 -9.5494
X -0.0366 -0.9785 -0.2030
Y  0.9852 -0.0012 -0.1716
Z  0.1677 -0.2063  0.9640

PART 57
OFFSET  2.6972 -1.1244 -9.2620
X  0.8385 -0.4827 -0.2528
Y  0.5262  0.8378  0.1457
Z  0.1414 -0.2552  0.9565

PART 58
OFFSET  1.9538 -0.6964 -9.0379
X  0.9109  0.4054 -0.0775
Y -0.3767  0.8933  0.2454
Z  0.1687 -0.1943  0.9663

PART 59
OFFSET  1.0884 -1.0815 -8.9643
X -0.4846 -0.8427 -0.2345
Y -0.8492  0.3889  0.3572
Z -0.2098  0.3723 -0.9041

PART 60
OFFSET  0.5281 -3.6107 -8.9761
X -0.9432 -0.2845 -0.1715
Y  0.2827 -0.9586  0.0351
Z -0.1743 -0.0154  0.9846

PART 61
OFFSET  3.0082 -2.8912 -8.6766
X -0.0797 -0.9925 -0.0928
Y  0.9820 -0.0622 -0.1781
Z  0.1710 -0.1053  0.9796

PART 62
OFFSET  3.1438 -1.2015 -8.5186
X  0.9341 -0.2999 -0.1935
Y  0.3188  0.9449  0.0743
Z  0.1605 -0.1311  0.9783

PART 63
OFFSET  1.8492 -0.7859 -8.2505
X  0.8265  0.5602 -0.0563
Y -0.5413  0.8182  0.1937
Z  0.1546 -0.1296  0.9794

PART 64
OFFSET  0.9528 -1.3934 -8.1894
X -0.3603 -0.9327 -0.0163
Y -0.9233  0.3541  0.1487
Z -0.1329  0.0687 -0.9887

PART 65
OFFSET -4.6066 -4.8698 -10.1197
X -0.8878 -0.3925 -0.2403
Y -0.3718  0.9194 -0.1282
Z  0.2713 -0.0245 -0.9622

PART 66
OFFSET  2.6316 -3.8413 -6.7249
X -0.9519 -0.0123 -0.3063
Y  0.0621 -0.9862 -0.1534
Z -0.3002 -0.1651  0.9395

PART 67
OFFSET  4.3075 -3.8196 -6.1857
X -0.3015 -0.9312 -0.2047
Y  0.9054 -0.3469  0.2446
Z -0.2988 -0.1116  0.9478

PART 68
OFFSET  4.6559 -2.6943 -5.8793
X  0.1135 -0.9813 -0.1557
Y  0.9470  0.0594  0.3158
Z -0.3006 -0.1833  0.9360

PART 69
OFFSET  4.5277 -1.5859 -5.7034
X -0.9764  0.2142  0.0288
Y  0.2162  0.9694  0.1164
Z -0.0030  0.1198 -0.9928

PART 70
OFFSET  2.9711 -3.5797 -7.7432
X -0.2149 -0.9739 -0.0732
Y  0.9763 -0.2162  0.0097
Z -0.0253 -0.0694  0.9973

PART 71
OFFSET  3.3910 -1.6772 -7.6002
X  0.8625 -0.5057 -0.0176
Y  0.5061  0.8620  0.0300
Z -0.0000 -0.0347  0.9994

PART 72
OFFSET  2.1312 -0.9385 -7.5746
X  0.8789  0.4768 -0.0147
Y -0.4770  0.8787 -0.0194
Z  0.0036  0.0240  0.9997

PART 73
OFFSET  1.1354 -1.4781 -7.5650
X -0.3695 -0.9284 -0.0403
Y -0.9279  0.3663  0.0692
Z -0.0494  0.0630 -0.9968

PART 74
OFFSET  0.0000 -0.0000 -0.0000
X  1.0000 -0.0000  0.0000
Y  0.0000  1.0000  0.0000
Z  0.0000 -0.0000  1.0000

PART 75
OFFSET  0.0000 -0.0000 -0.0000
X  1.0000 -0.0000  0.0000
Y  0.0000  1.0000  0.0000
Z  0.0000 -0.0000  1.0000

PART 76
OFFSET  1.5404 -0.0000  4.1357
X  1.0000 -0.0000  0.0000
Y  0.0000  1.0000  0.0000
Z  0.0000 -0.0000  1.0000


FRAME 2101
PART 0
OFFSET  0.0000 -0.0000 -0.0000
X  1.0000 -0.0000  0.0000
Y  0.0000  1.0000  0.0000
Z  0.0000 -0.0000  1.0000

PART 1
OFFSET -4.6318 -0.0000 -1.3770
X  1.0000 -0.0000  0.0000
Y  0.0000  1.0000  0.0000
Z  0.0000 -0.0000  1.0000

PART 2
OFFSET  1.6160  1.6487 -7.3253
X  0.8251  0.4238 -0.3737
Y  0.2962 -0.8877 -0.3526
Z -0.4811  0.1802 -0.8579

PART 3
OFFSET  11.5946  6.7740 -11.8445
X  0.6903 -0.5314  0.4910
Y -0.7235 -0.5160  0.4586
Z  0.0096 -0.6718 -0.7407

PART 4
OFFSET  17.4659  2.2540 -7.6684
X  0.6903 -0.5314  0.4910
Y -0.0919  0.6087  0.7881
Z -0.7177 -0.5891  0.3713

PART 5
OFFSET  18.9791  3.1106 -6.0250
X  0.6945 -0.5266  0.4903
Y -0.0011  0.6806  0.7326
Z -0.7194 -0.5094  0.4722

PART 6
OFFSET  19.0813  1.8724 -8.2871
X  0.6945 -0.5266  0.4903
Y -0.0011  0.6806  0.7326
Z -0.7194 -0.5094  0.4722

PART 7
OFFSET  17.7317  1.4280 -5.0256
X  0.6945 -0.5266  0.4903
Y -0.0011  0.6806  0.7326
Z -0.7194 -0.5094  0.4722

PART 8
OFFSET  17.4678  0.1251 -6.2644
X  0.6945 -0.5266  0.4903
Y -0.0011  0.6806  0.7326
Z -0.7194 -0.5094  0.4722

PART 9
OFFSET  17.6025 -0.1676 -7.5472
X  0.6945 -0.5266  0.4903
Y -0.0011  0.6806  0.7326
Z -0.7194 -0.5094  0.4722

PART 10
OFFSET  19.5821  0.6249 -6.1631
X  0.9875 -0.1385  0.0756
Y  0.0237  0.6042  0.7965
Z -0.1560 -0.7847  0.5999

PART 11
OFFSET  19.9852  0.8234 -5.1141
X  0.8633 -0.0526  0.5019
Y -0.2445  0.8264  0.5072
Z -0.4415 -0.5607  0.7006

PART 12
OFFSET  21.7992  0.7612 -3.9414
X  0.9854 -0.1556  0.0698
Y  0.0529  0.6683  0.7420
Z -0.1621 -0.7275  0.6667

PART 13
OFFSET  23.3686  0.3887 -3.7984
X  0.9416  0.0795  0.3271
Y -0.2709  0.7558  0.5961
Z -0.1999 -0.6499  0.7332

PART 14
OFFSET  24.3731  0.4578 -3.4009
X  0.7677  0.6319 -0.1067
Y -0.3109  0.2216 -0.9243
Z -0.5604  0.7427  0.3666

PART 15
OFFSET  20.3608 -0.2979 -6.8307
X  0.6207 -0.7840  0.0094
Y -0.4718 -0.3639  0.8031
Z -0.6262 -0.5029 -0.5958

PART 16
OFFSET  21.7887 -2.0307 -6.6244
X  0.1061 -0.6344  0.7657
Y -0.8568  0.3325  0.3942
Z -0.5047 -0.6978 -0.5082

PART 17
OFFSET  21.9389 -2.9289 -5.5403
X -0.5052 -0.2153  0.8357
Y -0.7188  0.6409 -0.2694
Z -0.4776 -0.7368 -0.4785

PART 18
OFFSET  21.4910 -3.1197 -4.7994
X -0.8195  0.2371  0.5217
Y -0.2409  0.6834 -0.6891
Z -0.5199 -0.6905 -0.5029

PART 19
OFFSET  20.7124 -2.8944 -4.3037
X  0.8533 -0.5105  0.1063
Y  0.2798  0.2761 -0.9195
Z  0.4401  0.8143  0.3784

PART 20
OFFSET  20.6155  0.1828 -6.3685
X  0.9315 -0.3221 -0.1690
Y -0.1771 -0.8075  0.5627
Z -0.3177 -0.4942 -0.8092

PART 21
OFFSET  22.8642 -1.0767 -6.7085
X  0.2466 -0.7912  0.5596
Y -0.8726  0.0700  0.4835
Z -0.4217 -0.6075 -0.6731

PART 22
OFFSET  23.2839 -2.4238 -5.7558
X -0.6101 -0.3518  0.7099
Y -0.6794  0.6934 -0.2403
Z -0.4077 -0.6289 -0.6621

PART 23
OFFSET  22.4383 -2.9114 -4.7720
X -0.8977  0.1305  0.4209
Y -0.1769  0.7681 -0.6154
Z -0.4036 -0.6269 -0.6664

PART 24
OFFSET  21.4648 -2.7699 -4.3155
X  0.8167 -0.5765 -0.0261
Y  0.3870  0.5807 -0.7162
Z  0.4280  0.5749  0.6974

PART 25
OFFSET  22.5802  0.7365 -4.3437
X  0.8811 -0.4654  0.0839
Y  0.4370  0.7336 -0.5204
Z  0.1806  0.4952  0.8498

PART 26
OFFSET  23.5057  0.8324 -5.4906
X  0.8515 -0.4954 -0.1717
Y -0.3348 -0.7658  0.5490
Z -0.4035 -0.4100 -0.8180

PART 27
OFFSET  25.0050 -0.0398 -5.7929
X  0.4903 -0.8593  0.1457
Y -0.7829 -0.3608  0.5068
Z -0.3830 -0.3625 -0.8497

PART 28
OFFSET  25.6243 -1.0624 -5.5642
X -0.1151 -0.8022  0.5859
Y -0.9272  0.2984  0.2264
Z -0.3564 -0.5172 -0.7781

PART 29
OFFSET  25.4943 -1.9685 -4.9024
X  0.7742 -0.1537 -0.6140
Y -0.1209  0.9163 -0.3818
Z  0.6213  0.3698  0.6908

PART 30
OFFSET  23.3467  0.0510 -6.2551
X  0.5151 -0.8205  0.2478
Y -0.7440 -0.2845  0.6046
Z -0.4256 -0.4958 -0.7570

PART 31
OFFSET  24.3530 -1.5519 -5.7710
X -0.4079 -0.6458  0.6455
Y -0.7900  0.6041  0.1051
Z -0.4578 -0.4670 -0.7565

PART 32
OFFSET  23.7572 -2.4951 -4.8283
X -0.8461  0.0093  0.5329
Y -0.2153  0.9087 -0.3577
Z -0.4875 -0.4174 -0.7669

PART 33
OFFSET  22.7956 -2.4882 -4.2299
X  0.8175 -0.5608 -0.1311
Y  0.3425  0.6564 -0.6722
Z  0.4631  0.5046  0.7286

PART 34
OFFSET  22.0087 -1.2721 -5.4731
X -0.3729 -0.5156 -0.7715
Y  0.1560  0.7847 -0.5999
Z  0.9147 -0.3441 -0.2121

PART 35
OFFSET  3.6982 -2.6285 -5.1916
X  0.9901  0.0357  0.1359
Y -0.0691  0.9659  0.2495
Z -0.1224 -0.2564  0.9588

PART 36
OFFSET  3.6982 -2.6285 -5.1916
X  0.9901  0.0357  0.1359
Y -0.0691  0.9659  0.2495
Z -0.1224 -0.2564  0.9588

PART 37
OFFSET  8.6771 -3.3158 -2.2811
X  0.9874  0.0304  0.1555
Y -0.0691  0.9659  0.2495
Z -0.1426 -0.2571  0.9558

PART 38
OFFSET  13.1332 -1.6794 -6.2562
X  0.9901  0.0357  0.1359
Y -0.0691  0.9659  0.2495
Z -0.1224 -0.2564  0.9588

PART 39
OFFSET  18.0704 -2.2723 -3.9428
X  0.9135  0.4068 -0.0049
Y  0.1401 -0.3259 -0.9350
Z -0.3819  0.8534 -0.3547

PART 40
OFFSET -8.6578 -2.3141 -9.6604
X  0.8717 -0.0714  0.4848
Y -0.0580  0.9673  0.2468
Z -0.4866 -0.2433  0.8391

PART 41
OFFSET  23.4063 -0.7908 -6.8520
X  0.0691 -0.9659 -0.2495
Y  0.9901  0.0357  0.1359
Z -0.1224 -0.2564  0.9588

PART 42
OFFSET  7.8330 -2.5352 -4.3478
X  0.9901  0.0357  0.1359
Y -0.0691  0.9659  0.2495
Z -0.1224 -0.2564  0.9588

PART 43
OFFSET  26.7668 -1.6024 -2.7137
X  0.9901  0.0357  0.1359
Y -0.0691  0.9659  0.2495
Z -0.1224 -0.2564  0.9588

PART 44
OFFSET -17.6076 -4.8127 -7.0611
X -0.6732  0.1186  0.7299
Y -0.3094 -0.9417 -0.1324
Z  0.6716 -0.3150  0.6706

PART 45
OFFSET -9.4656 -6.2468 -15.8880
X -0.7598 -0.2045 -0.6172
Y  0.6457 -0.1262 -0.7531
Z  0.0761 -0.9707  0.2279

PART 46
OFFSET -3.0035 -4.5075 -10.6384
X -0.7598 -0.2045 -0.6172
Y  0.6171  0.0720 -0.7836
Z  0.2047 -0.9762  0.0715

PART 47
OFFSET -2.4410 -2.9655 -9.5112
X -0.7638 -0.2008 -0.6134
Y -0.0833  0.9731 -0.2148
Z  0.6401 -0.1130 -0.7600

PART 48
OFFSET -2.6914 -3.4509 -8.4206
X -0.7638 -0.2008 -0.6134
Y -0.0833  0.9731 -0.2148
Z  0.6401 -0.1130 -0.7600

PART 49
OFFSET -2.4209 -4.7665 -8.1578
X -0.7638 -0.2008 -0.6134
Y -0.0833  0.9731 -0.2148
Z  0.6401 -0.1130 -0.7600

PART 50
OFFSET -0.6743 -3.8806 -8.7463
X -0.9032 -0.1038 -0.4164
Y  0.4097  0.0803 -0.9087
Z  0.1278 -0.9913 -0.0300

PART 51
OFFSET -0.7158 -3.5044 -7.6698
X -0.3808 -0.5346 -0.7545
Y  0.6552  0.4198 -0.6281
Z  0.6525 -0.7335  0.1904

PART 52
OFFSET  0.0041 -2.3518 -5.9896
X -0.9007 -0.4333  0.0321
Y  0.0799 -0.2377 -0.9680
Z  0.4271 -0.8693  0.2487

PART 53
OFFSET  1.4151 -1.5691 -6.1270
X -0.6303 -0.2565  0.7328
Y -0.5537 -0.5130 -0.6559
Z  0.5442 -0.8191  0.1813

PART 54
OFFSET  2.0812 -1.2455 -6.9166
X -0.9289  0.2311  0.2893
Y  0.1163  0.9239 -0.3646
Z -0.3515 -0.3050 -0.8851

PART 55
OFFSET  0.5029 -3.5065 -9.3609
X -0.9343 -0.3554  0.0286
Y  0.3559 -0.9344  0.0163
Z  0.0210  0.0254  0.9995

PART 56
OFFSET  2.5615 -2.5897 -9.2816
X -0.0451 -0.9794 -0.1968
Y  0.9824 -0.0078 -0.1867
Z  0.1813 -0.2017  0.9625

PART 57
OFFSET  2.6254 -1.2030 -9.0030
X  0.8318 -0.4889 -0.2628
Y  0.5330  0.8356  0.1328
Z  0.1547 -0.2505  0.9557

PART 58
OFFSET  1.8879 -0.7696 -8.7700
X  0.9118  0.3998 -0.0938
Y -0.3679  0.8967  0.2459
Z  0.1824 -0.1898  0.9647

PART 59
OFFSET  1.0216 -1.1494 -8.6809
X -0.4928 -0.8413 -0.2222
Y -0.8414  0.3957  0.3679
Z -0.2216  0.3683 -0.9029

PART 60
OFFSET  0.4471 -3.6754 -8.6696
X -0.9473 -0.2801 -0.1554
Y  0.2779 -0.9599  0.0363
Z -0.1593 -0.0088  0.9872

PART 61
OFFSET  2.9355 -2.9682 -8.4122
X -0.0866 -0.9925 -0.0858
Y  0.9788 -0.0687 -0.1928
Z  0.1854 -0.1007  0.9775

PART 62
OFFSET  3.0829 -1.2784 -8.2661
X  0.9294 -0.3063 -0.2060
Y  0.3251  0.9435  0.0639
Z  0.1748 -0.1264  0.9765

PART 63
OFFSET  1.7949 -0.8540 -7.9806
X  0.8286  0.5552 -0.0722
Y -0.5338  0.8223  0.1973
Z  0.1689 -0.1249  0.9777

PART 64
OFFSET  0.8962 -1.4561 -7.9023
X -0.3657 -0.9307 -0.0054
Y -0.9189  0.3601  0.1608
Z -0.1477  0.0638 -0.9870

PART 65
OFFSET -4.7114 -4.9120 -9.7271
X -0.8935 -0.3889 -0.2244
Y -0.3686  0.9207 -0.1278
Z  0.2563 -0.0315 -0.9661

PART 66
OFFSET  2.5837 -3.9050 -6.4495
X -0.9565 -0.0087 -0.2916
Y  0.0543 -0.9874 -0.1487
Z -0.2866 -0.1580  0.9449

PART 67
OFFSET  4.2677 -3.8897 -5.9361
X -0.3098 -0.9307 -0.1947
Y  0.9071 -0.3506  0.2327
Z -0.2848 -0.1045  0.9529

PART 68
OFFSET  4.6271 -2.7646 -5.6416
X  0.1057 -0.9828 -0.1517
Y  0.9520  0.0559  0.3009
Z -0.2873 -0.1762  0.9415

PART 69
OFFSET  4.5077 -1.6546 -5.4702
X -0.9746  0.2199  0.0425
Y  0.2233  0.9688  0.1074
Z -0.0176  0.1142 -0.9933

PART 70
OFFSET  2.9089 -3.6512 -7.4744
X -0.2214 -0.9731 -0.0642
Y  0.9751 -0.2216 -0.0040
Z -0.0104 -0.0635  0.9979

PART 71
OFFSET  3.3415 -1.7502 -7.3488
X  0.8593 -0.5107 -0.0278
Y  0.5112  0.8593  0.0172
Z  0.0151 -0.0290  0.9995

PART 72
OFFSET  2.0864 -1.0043 -7.3082
X  0.8812  0.4718 -0.0309
Y -0.4724  0.8812 -0.0171
Z  0.0191  0.0297  0.9994

PART 73
OFFSET  1.0879 -1.5382 -7.2803
X -0.3752 -0.9265 -0.0293
Y -0.9247  0.3719  0.0812
Z -0.0644  0.0575 -0.9963

PART 74
OFFSET  0.0000 -0.0000 -0.0000
X  1.0000 -0.0000  0.0000
Y  0.0000  1.0000  0.0000
Z  0.0000 -0.0000  1.0000

PART 75
OFFSET -0.0000 -0.0000 -0.0000
X  1.0000  0.0042 -0.0031
Y -0.0042  1.0000 -0.0015
Z  0.0031  0.0015  1.0000

PART 76
OFFSET  1.5531  0.0129  4.1310
X  1.0000  0.0042 -0.0031
Y -0.0042  1.0000 -0.0015
Z  0.0031  0.0015  1.0000


FRAME 2102
PART 0
OFFSET  0.0000 -0.0000 -0.0000
X  1.0000 -0.0000  0.0000
Y  0.0000  1.0000  0.0000
Z  0.0000 -0.0000  1.0000

PART 1
OFFSET -4.6318 -0.0000 -1.3770
X  1.0000 -0.0000  0.0000
Y  0.0000  1.0000  0.0000
Z  0.0000 -0.0000  1.0000

PART 2
OFFSET  1.6160  1.6487 -7.3253
X  0.7940  0.4667 -0.3895
Y  0.3108 -0.8624 -0.3996
Z -0.5224  0.1962 -0.8298

PART 3
OFFSET  11.2191  7.2926 -12.0359
X  0.6799 -0.5618  0.4713
Y -0.7333 -0.5219  0.4358
Z  0.0011 -0.6419 -0.7668

PART 4
OFFSET  17.0023  2.5146 -8.0274
X  0.6799 -0.5618  0.4713
Y -0.0207  0.6277  0.7781
Z -0.7330 -0.5388  0.4152

PART 5
OFFSET  18.5238  3.2803 -6.3473
X  0.6843 -0.5569  0.4707
Y  0.0076  0.6509  0.7591
Z -0.7292 -0.5159  0.4496

PART 6
OFFSET  18.6133  2.1315 -8.6566
X  0.6843 -0.5569  0.4707
Y  0.0076  0.6509  0.7591
Z -0.7292 -0.5159  0.4496

PART 7
OFFSET  17.2459  1.5799 -5.4190
X  0.6843 -0.5569  0.4707
Y  0.0076  0.6509  0.7591
Z -0.7292 -0.5159  0.4496

PART 8
OFFSET  16.9649  0.3318 -6.7094
X  0.6843 -0.5569  0.4707
Y  0.0076  0.6509  0.7591
Z -0.7292 -0.5159  0.4496

PART 9
OFFSET  17.0990  0.0882 -8.0024
X  0.6843 -0.5569  0.4707
Y  0.0076  0.6509  0.7591
Z -0.7292 -0.5159  0.4496

PART 10
OFFSET  19.0867  0.7924 -6.5826
X  0.9954  0.0702 -0.0654
Y  0.0069  0.6282  0.7780
Z  0.0957 -0.7749  0.6248

PART 11
OFFSET  19.5804  1.1121 -5.6047
X  0.8480  0.1145  0.5174
Y -0.4526  0.6644  0.5948
Z -0.2757 -0.7386  0.6152

PART 12
OFFSET  21.3499  1.3844 -4.3945
X  0.9879  0.1177  0.1009
Y -0.1500  0.5622  0.8133
Z  0.0390 -0.8186  0.5730

PART 13
OFFSET  22.9580  1.4491 -4.2159
X  0.8403  0.3370  0.4246
Y -0.5417  0.5513  0.6345
Z -0.0203 -0.7632  0.6458

PART 14
OFFSET  23.8566  1.7879 -3.7164
X  0.5217  0.8526  0.0294
Y -0.3077  0.2202 -0.9256
Z -0.7957  0.4739  0.3773

PART 15
OFFSET  19.9410  0.0226 -7.3448
X  0.8038 -0.5703 -0.1694
Y -0.1753 -0.4991  0.8486
Z -0.5685 -0.6524 -0.5011

PART 16
OFFSET  21.8083 -1.2250 -7.5484
X  0.7796 -0.5111  0.3621
Y -0.5001 -0.1598  0.8511
Z -0.3771 -0.8446 -0.3801

PART 17
OFFSET  22.9120 -1.9485 -7.0357
X  0.3947 -0.4912  0.7765
Y -0.8594  0.1016  0.5011
Z -0.3251 -0.8651 -0.3821

PART 18
OFFSET  23.2620 -2.3841 -6.3473
X -0.0798 -0.3522  0.9325
Y -0.9194  0.3875  0.0677
Z -0.3852 -0.8519 -0.3548

PART 19
OFFSET  23.1861 -2.7187 -5.4614
X  0.6939  0.1493 -0.7044
Y -0.6914  0.4116 -0.5938
Z  0.2012  0.8991  0.3888

PART 20
OFFSET  20.1511  0.5637 -6.9294
X  0.9457 -0.1308 -0.2974
Y  0.0749 -0.8030  0.5913
Z -0.3162 -0.5815 -0.7496

PART 21
OFFSET  22.5414 -0.1156 -7.6933
X  0.7723 -0.5724  0.2755
Y -0.5454 -0.3752  0.7495
Z -0.3257 -0.7291 -0.6020

PART 22
OFFSET  23.8563 -1.0902 -7.2243
X  0.1940 -0.6645  0.7217
Y -0.9339  0.1002  0.3433
Z -0.3004 -0.7406 -0.6011

PART 23
OFFSET  24.1252 -2.0111 -6.2241
X -0.1908 -0.5758  0.7950
Y -0.9343  0.3551  0.0329
Z -0.3012 -0.7364 -0.6057

PART 24
OFFSET  23.9182 -2.6356 -5.3619
X  0.6752  0.2327 -0.6999
Y -0.6422  0.6522 -0.4027
Z  0.3628  0.7214  0.5899

PART 25
OFFSET  22.2174  1.5909 -5.2141
X  0.9618 -0.2709 -0.0383
Y  0.1980  0.7858 -0.5860
Z  0.1888  0.5560  0.8094

PART 26
OFFSET  22.9349  1.8276 -6.4830
X  0.9495 -0.2716 -0.1572
Y -0.1426 -0.8196  0.5549
Z -0.2795 -0.5045 -0.8169

PART 27
OFFSET  24.6066  1.3495 -6.7597
X  0.7816 -0.6186  0.0804
Y -0.5595 -0.6383  0.5288
Z -0.2758 -0.4583 -0.8450

PART 28
OFFSET  25.5736  0.6254 -6.6106
X  0.4739 -0.7529  0.4567
Y -0.8600 -0.2842  0.4239
Z -0.1894 -0.5936 -0.7821

PART 29
OFFSET  26.1089 -0.2250 -6.0948
X  0.5688  0.3347 -0.7513
Y -0.6796  0.7057 -0.2001
Z  0.4633  0.6244  0.6288

PART 30
OFFSET  22.8385  0.9997 -7.2080
X  0.8320 -0.5399  0.1276
Y -0.4466 -0.5154  0.7314
Z -0.3291 -0.6655 -0.6699

PART 31
OFFSET  24.4638 -0.0551 -6.9587
X  0.3479 -0.7565  0.5538
Y -0.8619 -0.0257  0.5064
Z -0.3689 -0.6535 -0.6609

PART 32
OFFSET  24.9720 -1.1601 -6.1498
X -0.1331 -0.6638  0.7360
Y -0.8965  0.3973  0.1962
Z -0.4226 -0.6336 -0.6480

PART 33
OFFSET  24.8189 -1.9167 -5.3210
X  0.7017  0.2957 -0.6482
Y -0.6302  0.6821 -0.3710
Z  0.3324  0.6688  0.6650

PART 34
OFFSET  21.9275 -0.5367 -6.2271
X -0.3599 -0.6122 -0.7041
Y -0.0957  0.7749 -0.6248
Z  0.9281 -0.1575 -0.3374

PART 35
OFFSET  3.6517 -2.7845 -4.6241
X  0.9945  0.0248  0.1020
Y -0.0490  0.9690  0.2422
Z -0.0928 -0.2458  0.9649

PART 36
OFFSET  3.6517 -2.7845 -4.6241
X  0.9945  0.0248  0.1020
Y -0.0490  0.9690  0.2422
Z -0.0928 -0.2458  0.9649

PART 37
OFFSET  8.7180 -3.5057 -1.8771
X  0.9924  0.0197  0.1217
Y -0.0490  0.9690  0.2422
Z -0.1131 -0.2463  0.9626

PART 38
OFFSET  13.0559 -1.9618 -6.0164
X  0.9945  0.0248  0.1020
Y -0.0490  0.9690  0.2422
Z -0.0928 -0.2458  0.9649

PART 39
OFFSET  18.0613 -2.5937 -3.8656
X  0.9176  0.3954 -0.0398
Y  0.1044 -0.3364 -0.9359
Z -0.3835  0.8547 -0.3500

PART 40
OFFSET -8.5699 -1.4433 -12.0126
X  0.9158 -0.0806  0.3934
Y -0.0136  0.9729  0.2309
Z -0.4014 -0.2168  0.8899

PART 41
OFFSET  23.3128 -1.2055 -6.9681
X  0.0490 -0.9690 -0.2422
Y  0.9945  0.0248  0.1020
Z -0.0928 -0.2458  0.9649

PART 42
OFFSET  7.8136 -2.7342 -3.9216
X  0.9945  0.0248  0.1020
Y -0.0490  0.9690  0.2422
Z -0.0928 -0.2458  0.9649

PART 43
OFFSET  26.8018 -2.0195 -2.9381
X  0.9945  0.0248  0.1020
Y -0.0490  0.9690  0.2422
Z -0.0928 -0.2458  0.9649

PART 44
OFFSET -17.6076 -4.8127 -7.0611
X -0.6916  0.1104  0.7138
Y -0.3169 -0.9345 -0.1624
Z  0.6491 -0.3385  0.6812

PART 45
OFFSET -9.2439 -6.1483 -15.6940
X -0.7251 -0.1843 -0.6635
Y  0.6862 -0.1118 -0.7188
Z  0.0583 -0.9765  0.2075

PART 46
OFFSET -3.0765 -4.5810 -10.0505
X -0.7251 -0.1843 -0.6635
Y  0.6647  0.0645 -0.7443
Z  0.1800 -0.9808  0.0757

PART 47
OFFSET -2.5700 -3.0709 -8.8556
X -0.7293 -0.1807 -0.6599
Y -0.0662  0.9786 -0.1948
Z  0.6810 -0.0984 -0.7257

PART 48
OFFSET -2.8835 -3.5814 -7.7930
X -0.7293 -0.1807 -0.6599
Y -0.0662  0.9786 -0.1948
Z  0.6810 -0.0984 -0.7257

PART 49
OFFSET -2.6349 -4.9048 -7.5484
X -0.7293 -0.1807 -0.6599
Y -0.0662  0.9786 -0.1948
Z  0.6810 -0.0984 -0.7257

PART 50
OFFSET -0.8536 -4.0161 -8.0163
X -0.9180 -0.0966 -0.3846
Y  0.3796  0.0667 -0.9228
Z  0.1148 -0.9931 -0.0245

PART 51
OFFSET -0.8540 -3.6292 -6.9428
X -0.4125 -0.5369 -0.7359
Y  0.6385  0.4058 -0.6540
Z  0.6498 -0.7396  0.1754

PART 52
OFFSET -0.0637 -2.4699 -5.2993
X -0.9042 -0.4219  0.0668
Y  0.0441 -0.2478 -0.9678
Z  0.4248 -0.8721  0.2427

PART 53
OFFSET  1.3511 -1.7060 -5.4921
X -0.6081 -0.2418  0.7562
Y -0.5818 -0.5123 -0.6317
Z  0.5402 -0.8240  0.1709

PART 54
OFFSET  1.9938 -1.3981 -6.3069
X -0.9157  0.2452  0.3183
Y  0.1149  0.9189 -0.3774
Z -0.3850 -0.3090 -0.8697

PART 55
OFFSET  0.3065 -3.6623 -8.6740
X -0.9370 -0.3436  0.0637
Y  0.3450 -0.9385  0.0134
Z  0.0552  0.0345  0.9979

PART 56
OFFSET  2.3774 -2.7702 -8.6734
X -0.0635 -0.9806 -0.1855
Y  0.9753 -0.0216 -0.2197
Z  0.2114 -0.1949  0.9578

PART 57
OFFSET  2.4674 -1.3819 -8.4108
X  0.8165 -0.5015 -0.2860
Y  0.5472  0.8302  0.1064
Z  0.1840 -0.2434  0.9523

PART 58
OFFSET  1.7434 -0.9373 -8.1573
X  0.9128  0.3876 -0.1285
Y -0.3486  0.9035  0.2494
Z  0.2128 -0.1829  0.9598

PART 59
OFFSET  0.8762 -1.3055 -8.0352
X -0.5101 -0.8372 -0.1971
Y -0.8237  0.4095  0.3923
Z -0.2477  0.3625 -0.8985

PART 60
OFFSET  0.2722 -3.8240 -7.9796
X -0.9553 -0.2699 -0.1205
Y  0.2674 -0.9629  0.0363
Z -0.1258  0.0025  0.9921

PART 61
OFFSET  2.7762 -3.1451 -7.8135
X -0.1013 -0.9922 -0.0731
Y  0.9708 -0.0826 -0.2251
Z  0.2173 -0.0938  0.9716

PART 62
OFFSET  2.9487 -1.4560 -7.6891
X  0.9181 -0.3196 -0.2343
Y  0.3384  0.9400  0.0436
Z  0.2063 -0.1193  0.9712

PART 63
OFFSET  1.6763 -1.0130 -7.3644
X  0.8323  0.5442 -0.1056
Y -0.5169  0.8306  0.2071
Z  0.2005 -0.1178  0.9726

PART 64
OFFSET  0.7736 -1.6032 -7.2498
X -0.3768 -0.9262  0.0161
Y -0.9086  0.3729  0.1882
Z -0.1803  0.0563 -0.9820

PART 65
OFFSET -4.9337 -5.0069 -8.8498
X -0.9052 -0.3799 -0.1902
Y -0.3617  0.9240 -0.1243
Z  0.2230 -0.0438 -0.9738

PART 66
OFFSET  2.4799 -4.0590 -5.8309
X -0.9659  0.0003 -0.2590
Y  0.0374 -0.9893 -0.1407
Z -0.2563 -0.1456  0.9556

PART 67
OFFSET  4.1805 -4.0596 -5.3750
X -0.3274 -0.9286 -0.1749
Y  0.9102 -0.3596  0.2053
Z -0.2535 -0.0920  0.9629

PART 68
OFFSET  4.5631 -2.9363 -5.1039
X  0.0886 -0.9854 -0.1455
Y  0.9623  0.0470  0.2680
Z -0.2572 -0.1638  0.9524

PART 69
OFFSET  4.4630 -1.8233 -4.9395
X -0.9699  0.2323  0.0733
Y  0.2384  0.9670  0.0903
Z -0.0499  0.1050 -0.9932

PART 70
OFFSET  2.7732 -3.8188 -6.8686
X -0.2351 -0.9708 -0.0472
Y  0.9717 -0.2337 -0.0348
Z  0.0227 -0.0540  0.9983

PART 71
OFFSET  3.2326 -1.9223 -6.7765
X  0.8517 -0.5215 -0.0519
Y  0.5218  0.8530 -0.0085
Z  0.0487 -0.0198  0.9986

PART 72
OFFSET  1.9886 -1.1606 -6.7008
X  0.8852  0.4605 -0.0653
Y -0.4621  0.8868 -0.0098
Z  0.0534  0.0389  0.9978

PART 73
OFFSET  0.9853 -1.6819 -6.6339
X -0.3871 -0.9220 -0.0074
Y -0.9169  0.3840  0.1088
Z -0.0975  0.0489 -0.9940

PART 74
OFFSET  0.0000 -0.0000 -0.0000
X  1.0000 -0.0000  0.0000
Y  0.0000  1.0000  0.0000
Z  0.0000 -0.0000  1.0000

PART 75
OFFSET -0.0000 -0.0000 -0.0000
X  0.9998  0.0152 -0.0111
Y -0.0152  0.9999 -0.0056
Z  0.0110  0.0057  0.9999

PART 76
OFFSET  1.5857  0.0470  4.1183
X  0.9998  0.0152 -0.0111
Y -0.0152  0.9999 -0.0056
Z  0.0110  0.0057  0.9999


FRAME 2103
PART 0
OFFSET  0.0000 -0.0000 -0.0000
X  1.0000 -0.0000  0.0000
Y  0.0000  1.0000  0.0000
Z  0.0000 -0.0000  1.0000

PART 1
OFFSET -4.6318 -0.0000 -1.3770
X  1.0000 -0.0000  0.0000
Y  0.0000  1.0000  0.0000
Z  0.0000 -0.0000  1.0000

PART 2
OFFSET  1.6160  1.6487 -7.3253
X  0.7499  0.5236 -0.4044
Y  0.3290 -0.8255 -0.4586
Z -0.5740  0.2108 -0.7913

PART 3
OFFSET  10.6849  7.9807 -12.2166
X  0.6779 -0.5905  0.4380
Y -0.7351 -0.5367  0.4142
Z -0.0095 -0.6027 -0.7979

PART 4
OFFSET  16.4506  2.9586 -8.4913
X  0.6779 -0.5905  0.4380
Y  0.0540  0.6341  0.7713
Z -0.7332 -0.4992  0.4617

PART 5
OFFSET  17.9896  3.6262 -6.7855
X  0.6823 -0.5856  0.4377
Y  0.0182  0.6120  0.7906
Z -0.7309 -0.5314  0.4282

PART 6
OFFSET  18.0541  2.5936 -9.1498
X  0.6823 -0.5856  0.4377
Y  0.0182  0.6120  0.7906
Z -0.7309 -0.5314  0.4282

PART 7
OFFSET  16.7025  1.8926 -5.9345
X  0.6823 -0.5856  0.4377
Y  0.0182  0.6120  0.7906
Z -0.7309 -0.5314  0.4282

PART 8
OFFSET  16.4021  0.7130 -7.2837
X  0.6823 -0.5856  0.4377
Y  0.0182  0.6120  0.7906
Z -0.7309 -0.5314  0.4282

PART 9
OFFSET  16.5259  0.5332 -8.5882
X  0.6823 -0.5856  0.4377
Y  0.0182  0.6120  0.7906
Z -0.7309 -0.5314  0.4282

PART 10
OFFSET  18.5288  1.1485 -7.1486
X  0.9692  0.2009 -0.1427
Y -0.0106  0.6124  0.7905
Z  0.2462 -0.7646  0.5956

PART 11
OFFSET  19.0556  1.5159 -6.2054
X  0.8019  0.1259  0.5841
Y -0.5656  0.4750  0.6741
Z -0.1926 -0.8709  0.4521

PART 12
OFFSET  20.7188  1.7864 -4.8524
X  0.9488  0.2373  0.2083
Y -0.2867  0.3712  0.8832
Z  0.1323 -0.8977  0.4203

PART 13
OFFSET  22.2825  2.0469 -4.5218
X  0.7020  0.3904  0.5957
Y -0.7096  0.3121  0.6317
Z  0.0607 -0.8662  0.4961

PART 14
OFFSET  23.0323  2.4347 -3.8441
X  0.3330  0.9088  0.2513
Y -0.2391  0.3391 -0.9099
Z -0.9121  0.2429  0.3302

PART 15
OFFSET  19.4100  0.5083 -7.9954
X  0.8692 -0.3699 -0.3280
Y  0.0559 -0.5857  0.8086
Z -0.4912 -0.7212 -0.4884

PART 16
OFFSET  21.4415 -0.2896 -8.5621
X  0.9585 -0.1713 -0.2279
Y  0.1507 -0.3743  0.9150
Z -0.2421 -0.9114 -0.3329

PART 17
OFFSET  22.7985 -0.5322 -8.8848
X  0.9537 -0.2644  0.1434
Y -0.2272 -0.3210  0.9194
Z -0.1971 -0.9094 -0.3662

PART 18
OFFSET  23.6440 -0.7666 -8.7576
X  0.7914 -0.3528  0.4992
Y -0.5702 -0.1316  0.8109
Z -0.2204 -0.9264 -0.3054

PART 19
OFFSET  24.3959 -1.1018 -8.2834
X -0.2155  0.4865 -0.8467
Y -0.9676  0.0106  0.2524
Z  0.1318  0.8736  0.4684

PART 20
OFFSET  19.5817  1.0662 -7.5846
X  0.9270 -0.0015 -0.3750
Y  0.2265 -0.7947  0.5632
Z -0.2988 -0.6070 -0.7364

PART 21
OFFSET  21.9423  0.8326 -8.6485
X  0.9744 -0.2071 -0.0880
Y -0.0527 -0.5903  0.8055
Z -0.2187 -0.7802 -0.5861

PART 22
OFFSET  23.6011  0.4801 -8.7982
X  0.8390 -0.4457  0.3123
Y -0.5089 -0.4392  0.7403
Z -0.1928 -0.7800 -0.5953

PART 23
OFFSET  24.7638 -0.1376 -8.3655
X  0.7419 -0.5171  0.4268
Y -0.6407 -0.3589  0.6788
Z -0.1978 -0.7770 -0.5976

PART 24
OFFSET  25.5684 -0.6985 -7.9026
X -0.2516  0.5905 -0.7668
Y -0.9410  0.0361  0.3365
Z  0.2264  0.8062  0.5466

PART 25
OFFSET  21.6316  2.3304 -6.0140
X  0.9824 -0.1420 -0.1215
Y  0.0458  0.8133 -0.5800
Z  0.1812  0.5642  0.8055

PART 26
OFFSET  22.2057  2.6774 -7.3297
X  0.9888 -0.1066 -0.1042
Y -0.0426 -0.8718  0.4879
Z -0.1428 -0.4781 -0.8666

PART 27
OFFSET  23.9467  2.4897 -7.5131
X  0.9288 -0.3696  0.0266
Y -0.3397 -0.8206  0.4597
Z -0.1481 -0.4360 -0.8877

PART 28
OFFSET  25.0849  2.0669 -7.4268
X  0.8512 -0.4509  0.2685
Y -0.5242 -0.7063  0.4758
Z -0.0249 -0.5458 -0.8376

PART 29
OFFSET  26.0464  1.5576 -7.1235
X  0.1891  0.6308 -0.7525
Y -0.9577  0.2878  0.0006
Z  0.2169  0.7206  0.6586

PART 30
OFFSET  22.1580  1.8545 -8.0652
X  0.9694 -0.2449 -0.0189
Y -0.1436 -0.6275  0.7653
Z -0.1993 -0.7391 -0.6434

PART 31
OFFSET  24.0517  1.3761 -8.1021
X  0.8702 -0.4491  0.2026
Y -0.4320 -0.4979  0.7520
Z -0.2368 -0.7419 -0.6273

PART 32
OFFSET  25.3228  0.7202 -7.8063
X  0.7400 -0.5641  0.3664
Y -0.6106 -0.3348  0.7177
Z -0.2822 -0.7548 -0.5922

PART 33
OFFSET  26.1594  0.0762 -7.3960
X -0.1594  0.6946 -0.7015
Y -0.9620  0.0503  0.2684
Z  0.2217  0.7176  0.6602

PART 34
OFFSET  21.5372  0.1980 -7.0537
X -0.3343 -0.6438 -0.6883
Y -0.2462  0.7646 -0.5956
Z  0.9098 -0.0296 -0.4141

PART 35
OFFSET  3.6027 -2.9873 -4.0204
X  0.9976  0.0125  0.0680
Y -0.0286  0.9700  0.2413
Z -0.0629 -0.2427  0.9681

PART 36
OFFSET  3.6027 -2.9873 -4.0204
X  0.9976  0.0125  0.0680
Y -0.0286  0.9700  0.2413
Z -0.0629 -0.2427  0.9681

PART 37
OFFSET  8.7504 -3.7663 -1.4460
X  0.9961  0.0076  0.0877
Y -0.0286  0.9700  0.2413
Z -0.0833 -0.2429  0.9665

PART 38
OFFSET  12.9634 -2.2852 -5.7346
X  0.9976  0.0125  0.0680
Y -0.0286  0.9700  0.2413
Z -0.0629 -0.2427  0.9681

PART 39
OFFSET  18.0310 -2.9753 -3.7542
X  0.9206  0.3838 -0.0720
Y  0.0682 -0.3396 -0.9381
Z -0.3846  0.8587 -0.3388

PART 40
OFFSET -8.6415 -0.4264 -14.9860
X  0.9540 -0.0946  0.2845
Y  0.0321  0.9757  0.2168
Z -0.2981 -0.1977  0.9338

PART 41
OFFSET  23.1904 -1.6591 -7.0374
X  0.0286 -0.9700 -0.2413
Y  0.9976  0.0125  0.0680
Z -0.0629 -0.2427  0.9681

PART 42
OFFSET  7.7864 -2.9877 -3.4604
X  0.9976  0.0125  0.0680
Y -0.0286  0.9700  0.2413
Z -0.0629 -0.2427  0.9681

PART 43
OFFSET  26.8045 -2.5085 -3.1267
X  0.9976  0.0125  0.0680
Y -0.0286  0.9700  0.2413
Z -0.0629 -0.2427  0.9681

PART 44
OFFSET -17.6076 -4.8127 -7.0611
X -0.7132  0.1027  0.6934
Y -0.3220 -0.9266 -0.1940
Z  0.6226 -0.3617  0.6940

PART 45
OFFSET -8.9818 -6.0551 -15.4464
X -0.6871 -0.1630 -0.7080
Y  0.7254 -0.0999 -0.6810
Z  0.0403 -0.9816  0.1869

PART 46
OFFSET -3.1373 -4.6689 -9.4246
X -0.6871 -0.1630 -0.7080
Y  0.7093  0.0605 -0.7023
Z  0.1573 -0.9848  0.0741

PART 47
OFFSET -2.6905 -3.1915 -8.1666
X -0.6915 -0.1594 -0.7045
Y -0.0489  0.9834 -0.1746
Z  0.7207 -0.0863 -0.6879

PART 48
OFFSET -3.0674 -3.7247 -7.1363
X -0.6915 -0.1594 -0.7045
Y -0.0489  0.9834 -0.1746
Z  0.7207 -0.0863 -0.6879

PART 49
OFFSET -2.8413 -5.0554 -6.9100
X -0.6915 -0.1594 -0.7045
Y -0.0489  0.9834 -0.1746
Z  0.7207 -0.0863 -0.6879

PART 50
OFFSET -1.0307 -4.1693 -7.2541
X -0.9317 -0.0859 -0.3528
Y  0.3486  0.0601 -0.9353
Z  0.1015 -0.9945 -0.0260

PART 51
OFFSET -0.9897 -3.7803 -6.1821
X -0.4440 -0.5332 -0.7201
Y  0.6208  0.3964 -0.6764
Z  0.6461 -0.7473  0.1550

PART 52
OFFSET -0.1294 -2.6276 -4.5693
X -0.9066 -0.4104  0.0986
Y  0.0080 -0.2503 -0.9681
Z  0.4220 -0.8769  0.2302

PART 53
OFFSET  1.2873 -1.8818 -4.8121
X -0.5849 -0.2327  0.7770
Y -0.6093 -0.5063 -0.6102
Z  0.5354 -0.8304  0.1544

PART 54
OFFSET  1.9057 -1.5836 -5.6491
X -0.9012  0.2573  0.3487
Y  0.1134  0.9166 -0.3833
Z -0.4183 -0.3059 -0.8553

PART 55
OFFSET  0.1105 -3.8313 -7.9518
X -0.9384 -0.3317  0.0964
Y  0.3336 -0.9427  0.0039
Z  0.0896  0.0358  0.9953

PART 56
OFFSET  2.1912 -2.9652 -8.0240
X -0.0820 -0.9801 -0.1808
Y  0.9669 -0.0343 -0.2528
Z  0.2415 -0.1956  0.9505

PART 57
OFFSET  2.3074 -1.5776 -7.7680
X  0.8000 -0.5123 -0.3124
Y  0.5608  0.8235  0.0857
Z  0.2134 -0.2437  0.9461

PART 58
OFFSET  1.5980 -1.1235 -7.4910
X  0.9127  0.3759 -0.1605
Y -0.3286  0.9083  0.2590
Z  0.2431 -0.1836  0.9525

PART 59
OFFSET  0.7310 -1.4806 -7.3385
X -0.5269 -0.8312 -0.1776
Y -0.8046  0.4206  0.4191
Z -0.2737  0.3637 -0.8904

PART 60
OFFSET  0.0979 -3.9912 -7.2562
X -0.9622 -0.2582 -0.0872
Y  0.2565 -0.9661  0.0295
Z -0.0918  0.0060  0.9958

PART 61
OFFSET  2.6144 -3.3434 -7.1772
X -0.1161 -0.9910 -0.0672
Y  0.9615 -0.0952 -0.2578
Z  0.2491 -0.0945  0.9639

PART 62
OFFSET  2.8121 -1.6563 -7.0629
X  0.9056 -0.3315 -0.2647
Y  0.3513  0.9358  0.0298
Z  0.2378 -0.1199  0.9639

PART 63
OFFSET  1.5570 -1.1968 -6.6961
X  0.8349  0.5335 -0.1353
Y -0.4991  0.8375  0.2226
Z  0.2321 -0.1183  0.9655

PART 64
OFFSET  0.6516 -1.7754 -6.5493
X -0.3875 -0.9213  0.0312
Y -0.8969  0.3846  0.2182
Z -0.2130  0.0566 -0.9754

PART 65
OFFSET -5.1489 -5.1106 -7.9455
X -0.9159 -0.3690 -0.1583
Y -0.3542  0.9282 -0.1142
Z  0.1891 -0.0485 -0.9808

PART 66
OFFSET  2.3746 -4.2495 -5.1835
X -0.9741  0.0119 -0.2259
Y  0.0203 -0.9900 -0.1395
Z -0.2253 -0.1404  0.9641

PART 67
OFFSET  4.0897 -4.2704 -4.7858
X -0.3447 -0.9247 -0.1614
Y  0.9122 -0.3705  0.1750
Z -0.2217 -0.0869  0.9712

PART 68
OFFSET  4.4952 -3.1515 -4.5306
X  0.0714 -0.9867 -0.1461
Y  0.9714  0.0355  0.2349
Z -0.2266 -0.1586  0.9610

PART 69
OFFSET  4.4146 -2.0370 -4.3656
X -0.9638  0.2445  0.1058
Y  0.2534  0.9641  0.0797
Z -0.0825  0.1036 -0.9912

PART 70
OFFSET  2.6353 -4.0151 -6.2312
X -0.2487 -0.9679 -0.0367
Y  0.9670 -0.2459 -0.0673
Z  0.0561 -0.0523  0.9971

PART 71
OFFSET  3.1211 -2.1243 -6.1594
X  0.8429 -0.5322 -0.0796
Y  0.5318  0.8464 -0.0284
Z  0.0825 -0.0184  0.9964

PART 72
OFFSET  1.8900 -1.3469 -6.0432
X  0.8881  0.4493 -0.0966
Y -0.4511  0.8925  0.0038
Z  0.0879  0.0402  0.9953

PART 73
OFFSET  0.8831 -1.8555 -5.9408
X -0.3985 -0.9171  0.0080
Y -0.9078  0.3957  0.1391
Z -0.1307  0.0482 -0.9902

PART 74
OFFSET  0.0000 -0.0000 -0.0000
X  1.0000 -0.0000  0.0000
Y  0.0000  1.0000  0.0000
Z  0.0000 -0.0000  1.0000

PART 75
OFFSET -0.0000 -0.0000 -0.0000
X  0.9993  0.0303 -0.0222
Y -0.0305  0.9995 -0.0112
Z  0.0219  0.0119  0.9997

PART 76
OFFSET  1.6298  0.0958  4.1002
X  0.9993  0.0303 -0.0222
Y -0.0305  0.9995 -0.0112
Z  0.0219  0.0119  0.9997


FRAME 2104
PART 0
OFFSET  0.0000 -0.0000 -0.0000
X  1.0000 -0.0000  0.0000
Y  0.0000  1.0000  0.0000
Z  0.0000 -0.0000  1.0000

PART 1
OFFSET -4.6318 -0.0000 -1.3770
X  1.0000 -0.0000  0.0000
Y  0.0000  1.0000  0.0000
Z  0.0000 -0.0000  1.0000

PART 2
OFFSET  1.6160  1.6487 -7.3253
X  0.6966  0.5834 -0.4175
Y  0.3416 -0.7815 -0.5221
Z -0.6309  0.2210 -0.7437

PART 3
OFFSET  10.0408  8.7048 -12.3748
X  0.6942 -0.6069  0.3870
Y -0.7193 -0.5642  0.4053
Z -0.0277 -0.5597 -0.8282

PART 4
OFFSET  15.9451  3.5426 -9.0835
X  0.6942 -0.6069  0.3870
Y  0.0503  0.5771  0.8151
Z -0.7180 -0.5464  0.4311

PART 5
OFFSET  17.5267  4.1321 -7.3879
X  0.6985 -0.6021  0.3868
Y  0.0361  0.5694  0.8212
Z -0.7147 -0.5597  0.4195

PART 6
OFFSET  17.5319  3.2268 -9.8047
X  0.6985 -0.6021  0.3868
Y  0.0361  0.5694  0.8212
Z -0.7147 -0.5597  0.4195

PART 7
OFFSET  16.2766  2.3448 -6.5950
X  0.6985 -0.6021  0.3868
Y  0.0361  0.5694  0.8212
Z -0.7147 -0.5597  0.4195

PART 8
OFFSET  15.9468  1.2358 -7.9962
X  0.6985 -0.6021  0.3868
Y  0.0361  0.5694  0.8212
Z -0.7147 -0.5597  0.4195

PART 9
OFFSET  16.0350  1.1264 -9.3113
X  0.6985 -0.6021  0.3868
Y  0.0361  0.5694  0.8212
Z -0.7147 -0.5597  0.4195

PART 10
OFFSET  18.0732  1.6819 -7.8972
X  0.9587  0.2407 -0.1512
Y -0.0079  0.5543  0.8323
Z  0.2842 -0.7967  0.5334

PART 11
