// Export filename: `C:\projects\cod\t5\xanim_export\t5_viewmodels\ak47\ak47_flame_ft_reload.XANIM_EXPORT`
// Source filename: `D:\projects\devanim\t5\animation_assets\viewmodels\ak47\ViewModel_AK47_FlameThrower_animated.fbx`
// Export time: Sat Jun 05 16:32:48 2010

ANIMATION
VERSION 3

NUMPARTS 81
PART 0 "tag_ads"
PART 1 "tag_torso"
PART 2 "J_Shoulder_LE"
PART 3 "J_Elbow_LE"
PART 4 "J_WristTwist_LE"
PART 5 "J_Sleave_Reshape_Bottom_LE_1"
PART 6 "J_Sleave_Reshape_Bottom_LE_2"
PART 7 "J_Sleave_Reshape_Top_LE_1"
PART 8 "J_Sleave_Reshape_Top_LE_2"
PART 9 "J_Sleave_Reshape_Top_LE_3"
PART 10 "J_Wrist_LE"
PART 11 "J_Thumb_LE_0"
PART 12 "J_Thumb_LE_1"
PART 13 "J_Thumb_LE_2"
PART 14 "J_Thumb_LE_3"
PART 15 "J_PinkyPalm_LE"
PART 16 "J_Pinky_LE_0"
PART 17 "J_Pinky_LE_1"
PART 18 "J_Pinky_LE_2"
PART 19 "J_Pinky_LE_3"
PART 20 "J_RingPalm_LE"
PART 21 "J_Ring_LE_0"
PART 22 "J_Ring_LE_1"
PART 23 "J_Ring_LE_2"
PART 24 "J_Ring_LE_3"
PART 25 "J_Webbing_LE"
PART 26 "J_Index_LE_0"
PART 27 "J_Index_LE_1"
PART 28 "J_Index_LE_2"
PART 29 "J_Index_LE_3"
PART 30 "J_Mid_LE_0"
PART 31 "J_Mid_LE_1"
PART 32 "J_Mid_LE_2"
PART 33 "J_Mid_LE_3"
PART 34 "tag_knife_attach"
PART 35 "tag_weapon"
PART 36 "J_Gun"
PART 37 "J_bolt"
PART 38 "TAG_CLIP"
PART 39 "TAG_FLASH"
PART 40 "tag_flame_unit"
PART 41 "tag_flamer_big_nozel"
PART 42 "tag_flamer_bracket"
PART 43 "tag_flamer_bottle"
PART 44 "tag_flamer_button"
PART 45 "tag_flamer_ring"
PART 46 "tag_flamer_flame"
PART 47 "tag_flamer_pilot_light"
PART 48 "J_Shoulder_RI"
PART 49 "J_Elbow_RI"
PART 50 "J_WristTwist_RI"
PART 51 "J_Sleave_Reshape_Top_RI_3"
PART 52 "J_Sleave_Reshape_Top_RI_2"
PART 53 "J_Sleave_Reshape_Top_RI_1"
PART 54 "J_Wrist_RI"
PART 55 "J_Thumb_RI_0"
PART 56 "J_Thumb_RI_1"
PART 57 "J_Thumb_RI_2"
PART 58 "J_Thumb_RI_3"
PART 59 "J_PinkyPalm_RI"
PART 60 "J_Pinky_RI_0"
PART 61 "J_Pinky_RI_1"
PART 62 "J_Pinky_RI_2"
PART 63 "J_Pinky_RI_3"
PART 64 "J_RingPalm_RI"
PART 65 "J_Ring_RI_0"
PART 66 "J_Ring_RI_1"
PART 67 "J_Ring_RI_2"
PART 68 "J_Ring_RI_3"
PART 69 "J_Webbing_RI"
PART 70 "J_Index_RI_0"
PART 71 "J_Index_RI_1"
PART 72 "J_Index_RI_2"
PART 73 "J_Index_RI_3"
PART 74 "J_Mid_RI_0"
PART 75 "J_Mid_RI_1"
PART 76 "J_Mid_RI_2"
PART 77 "J_Mid_RI_3"
PART 78 "tag_cambone"
PART 79 "tag_camera"
PART 80 "tag_gasmask"

FRAMERATE 30
NUMFRAMES 99

FRAME 1700
PART 0
OFFSET -4.6318 -0.0000 -1.3770
X  1.0000 -0.0000  0.0000
Y  0.0000  1.0000  0.0000
Z  0.0000 -0.0000  1.0000

PART 1
OFFSET -4.6318 -0.0000 -1.3770
X  1.0000 -0.0000  0.0000
Y  0.0000  1.0000  0.0000
Z  0.0000 -0.0000  1.0000

PART 2
OFFSET -3.5060  6.3408 -6.7125
X  0.8438 -0.1688 -0.5094
Y -0.0883 -0.9800  0.1785
Z -0.5293 -0.1056 -0.8418

PART 3
OFFSET  6.6991  4.2989 -12.8728
X  0.7239 -0.4419  0.5298
Y -0.5969 -0.0163  0.8021
Z -0.3458 -0.8969 -0.2756

PART 4
OFFSET  12.8565  0.5405 -8.3669
X  0.7239 -0.4419  0.5298
Y -0.6852 -0.3718  0.6263
Z -0.0798 -0.8164 -0.5719

PART 5
OFFSET  14.9496  1.5310 -7.7654
X  0.7284 -0.4394  0.5257
Y  0.3524  0.8983  0.2625
Z -0.5876 -0.0060  0.8091

PART 6
OFFSET  14.0876 -0.5421 -9.0380
X  0.7284 -0.4394  0.5257
Y  0.3524  0.8983  0.2625
Z -0.5876 -0.0060  0.8091

PART 7
OFFSET  13.8674  0.9240 -5.8041
X  0.7284 -0.4394  0.5257
Y  0.3524  0.8983  0.2625
Z -0.5876 -0.0060  0.8091

PART 8
OFFSET  13.0012 -0.6432 -6.1127
X  0.7284 -0.4394  0.5257
Y  0.3524  0.8983  0.2625
Z -0.5876 -0.0060  0.8091

PART 9
OFFSET  12.6473 -1.4957 -7.0601
X  0.7284 -0.4394  0.5257
Y  0.3524  0.8983  0.2625
Z -0.5876 -0.0060  0.8091

PART 10
OFFSET  15.0758 -0.8142 -6.7428
X  0.9835 -0.0290  0.1785
Y -0.1737 -0.4255  0.8881
Z  0.0502 -0.9045 -0.4235

PART 11
OFFSET  15.3712 -1.6092 -5.9793
X  0.7049 -0.6665  0.2427
Y -0.4526 -0.1591  0.8774
Z -0.5462 -0.7283 -0.4138

PART 12
OFFSET  16.8167 -3.1039 -5.3910
X  0.9374 -0.0231 -0.3476
Y  0.2354 -0.6933  0.6811
Z -0.2567 -0.7203 -0.6444

PART 13
OFFSET  18.2872 -3.1806 -6.0650
X  0.2169  0.4142 -0.8840
Y  0.8782 -0.4783 -0.0086
Z -0.4263 -0.7744 -0.4675

PART 14
OFFSET  18.5172 -2.7763 -7.0424
X  0.6150  0.7046 -0.3540
Y -0.0642  0.4922  0.8681
Z  0.7859 -0.5111  0.3479

PART 15
OFFSET  16.1042 -0.5660 -7.6284
X  0.9471  0.0726 -0.3126
Y -0.0019 -0.9728 -0.2318
Z -0.3209  0.2202 -0.9212

PART 16
OFFSET  18.2787 -0.5541 -8.2250
X  0.4735 -0.8636 -0.1731
Y -0.8132 -0.5042  0.2907
Z -0.3383  0.0031 -0.9410

PART 17
OFFSET  18.9492 -1.7768 -8.4700
X -0.7891 -0.5568  0.2593
Y -0.5393  0.8302  0.1416
Z -0.2941 -0.0281 -0.9554

PART 18
OFFSET  18.2495 -2.2705 -8.2402
X -0.9447 -0.0752  0.3192
Y -0.0608  0.9966  0.0548
Z -0.3223  0.0324 -0.9461

PART 19
OFFSET  17.3520 -2.3420 -7.9369
X  0.8073 -0.5728 -0.1418
Y  0.5213  0.8049 -0.2836
Z  0.2765  0.1551  0.9484

PART 20
OFFSET  16.1981 -0.7288 -6.9397
X  0.9896  0.0976 -0.1054
Y  0.0376 -0.8842 -0.4656
Z -0.1387  0.4568 -0.8787

PART 21
OFFSET  18.7631 -0.5525 -7.3247
X  0.4893 -0.8215 -0.2927
Y -0.8066 -0.5539  0.2063
Z -0.3316  0.1351 -0.9337

PART 22
OFFSET  19.5961 -1.9511 -7.8231
X -0.7866 -0.5887  0.1865
Y -0.5335  0.7999  0.2749
Z -0.3110  0.1167 -0.9432

PART 23
OFFSET  18.5060 -2.7670 -7.5646
X -0.8717  0.3626  0.3296
Y  0.3823  0.9240 -0.0055
Z -0.3065  0.1212 -0.9441

PART 24
OFFSET  17.5606 -2.3738 -7.2072
X  0.4808 -0.8189 -0.3133
Y  0.8256  0.5432 -0.1528
Z  0.2953 -0.1852  0.9373

PART 25
OFFSET  17.8588 -2.0639 -5.0094
X  0.9729 -0.1965 -0.1216
Y  0.2310  0.8397  0.4914
Z  0.0055 -0.5062  0.8624

PART 26
OFFSET  18.7585 -0.9119 -5.2201
X  0.8807 -0.2608 -0.3954
Y -0.3721 -0.8975 -0.2368
Z -0.2931  0.3557 -0.8874

PART 27
OFFSET  20.3090 -1.3711 -5.9163
X  0.1991 -0.8372 -0.5094
Y -0.9370 -0.3149  0.1512
Z -0.2870  0.4472 -0.8471

PART 28
OFFSET  20.5686 -2.4160 -6.4841
X -0.5712 -0.8110 -0.1266
Y -0.7715  0.4779  0.4199
Z -0.2800  0.3375 -0.8987

PART 29
OFFSET  19.9233 -3.3320 -6.6271
X  0.8037 -0.0725 -0.5906
Y  0.3465  0.8640  0.3654
Z  0.4838 -0.4983  0.7195

PART 30
OFFSET  18.8510 -0.6095 -6.2786
X  0.5600 -0.7013 -0.4411
Y -0.7344 -0.6666  0.1275
Z -0.3834  0.2526 -0.8884

PART 31
OFFSET  19.9450 -1.9796 -7.1403
X -0.7635 -0.6216  0.1751
Y -0.4896  0.7339  0.4708
Z -0.4212  0.2737 -0.8647

PART 32
OFFSET  18.8298 -2.8875 -6.8844
X -0.8493  0.1850  0.4943
Y  0.3164  0.9281  0.1962
Z -0.4225  0.3230 -0.8468

PART 33
OFFSET  17.8647 -2.6763 -6.3307
X  0.4762 -0.7553 -0.4502
Y  0.7551  0.6136 -0.2307
Z  0.4505 -0.2301  0.8626

PART 34
OFFSET  17.9124 -2.0419 -7.3829
X -0.1869  0.4080 -0.8936
Y -0.0502  0.9045  0.4235
Z  0.9811  0.1240 -0.1485

PART 35
OFFSET  8.3599 -2.5687 -5.1035
X  0.9910  0.0000  0.1335
Y -0.0271  0.9791  0.2014
Z -0.1307 -0.2032  0.9704

PART 36
OFFSET  8.3599 -2.5687 -5.1035
X  0.9910  0.0000  0.1335
Y -0.0271  0.9791  0.2014
Z -0.1307 -0.2032  0.9704

PART 37
OFFSET  13.3125 -3.3236 -2.1650
X  0.9882 -0.0042  0.1533
Y -0.0271  0.9791  0.2014
Z -0.1509 -0.2032  0.9674

PART 38
OFFSET  12.4971 -2.6107 -4.2674
X  0.9910  0.0000  0.1335
Y -0.0271  0.9791  0.2014
Z -0.1307 -0.2032  0.9704

PART 39
OFFSET  34.9381 -2.1248 -3.1023
X  0.9910  0.0000  0.1335
Y -0.0271  0.9791  0.2014
Z -0.1307 -0.2032  0.9704

PART 40
OFFSET  7.9163 -2.1028 -7.4283
X  0.9910  0.0000  0.1335
Y -0.0271  0.9791  0.2014
Z -0.1307 -0.2032  0.9704

PART 41
OFFSET  33.9837 -2.0928 -3.2594
X -0.0271  0.9791  0.2014
Y -0.9910 -0.0000 -0.1335
Z -0.1307 -0.2032  0.9704

PART 42
OFFSET  22.2671 -2.6596 -4.5420
X -0.4993 -0.1878  0.8458
Y -0.8660  0.0776 -0.4940
Z  0.0271 -0.9791 -0.2014

PART 43
OFFSET  22.2671 -2.6596 -4.5420
X -0.0271  0.9791  0.2014
Y -0.9910  0.0000 -0.1335
Z -0.1307 -0.2032  0.9704

PART 44
OFFSET  21.9202 -2.2769 -5.0099
X -0.0271  0.9791  0.2014
Y -0.9910 -0.0000 -0.1335
Z -0.1307 -0.2032  0.9704

PART 45
OFFSET  21.8822 -0.9062 -4.7280
X  0.0455  0.9401 -0.3379
Y -0.9910  0.0000 -0.1335
Z -0.1255  0.3410  0.9317

PART 46
OFFSET  31.6738 -2.1381 -3.3932
X  0.9910  0.0000  0.1335
Y -0.0271  0.9791  0.2014
Z -0.1307 -0.2032  0.9704

PART 47
OFFSET  31.0596 -0.6176 -3.9551
X  0.7493 -0.5249  0.4039
Y  0.6569  0.6665 -0.3525
Z -0.0842  0.5294  0.8442

PART 48
OFFSET -17.6076 -4.8127 -7.0611
X -0.8904  0.0423  0.4533
Y -0.1779 -0.9488 -0.2608
Z  0.4191 -0.3129  0.8523

PART 49
OFFSET -6.8397 -5.3245 -12.5431
X -0.9306 -0.1312 -0.3417
Y  0.3609 -0.1748 -0.9161
Z  0.0604 -0.9758  0.2100

PART 50
OFFSET  1.0757 -4.2090 -9.6371
X -0.9306 -0.1312 -0.3417
Y  0.3464 -0.0142 -0.9380
Z  0.1182 -0.9913  0.0587

PART 51
OFFSET  2.0964 -2.7332 -8.7738
X -0.9329 -0.1272 -0.3369
Y -0.0629  0.9787 -0.1954
Z  0.3546 -0.1611 -0.9211

PART 52
OFFSET  2.1630 -3.2054 -7.6512
X -0.9329 -0.1272 -0.3369
Y -0.0629  0.9787 -0.1954
Z  0.3546 -0.1611 -0.9211

PART 53
OFFSET  2.3886 -4.5424 -7.4633
X -0.9329 -0.1272 -0.3369
Y -0.0629  0.9787 -0.1954
Z  0.3546 -0.1611 -0.9211

PART 54
OFFSET  3.9287 -3.8069 -8.5896
X -0.9079 -0.0856 -0.4103
Y  0.4104  0.0177 -0.9117
Z  0.0853 -0.9962  0.0191

PART 55
OFFSET  3.9061 -3.3765 -7.5331
X -0.4052 -0.5545 -0.7269
Y  0.6709  0.3598 -0.6484
Z  0.6211 -0.7504  0.2262

PART 56
OFFSET  4.6790 -2.1741 -5.9123
X -0.9183 -0.3923  0.0540
Y  0.0671 -0.2885 -0.9551
Z  0.3902 -0.8734  0.2913

PART 57
OFFSET  6.1217 -1.4602 -6.0890
X -0.6387 -0.1928  0.7449
Y -0.5768 -0.5207 -0.6294
Z  0.5092 -0.8317  0.2214

PART 58
OFFSET  6.7989 -1.2048 -6.8940
X -0.9175  0.2846  0.2780
Y  0.1547  0.8989 -0.4099
Z -0.3665 -0.3331 -0.8687

PART 59
OFFSET  5.1192 -3.5143 -9.2226
X -0.9485 -0.3133  0.0466
Y  0.3158 -0.9468  0.0623
Z  0.0246  0.0738  0.9970

PART 60
OFFSET  7.2152 -2.6836 -9.1898
X -0.0874 -0.9851 -0.1480
Y  0.9807 -0.0590 -0.1865
Z  0.1750 -0.1615  0.9712

PART 61
OFFSET  7.3390 -1.2889 -8.9802
X  0.8095 -0.5364 -0.2387
Y  0.5685  0.8176  0.0910
Z  0.1463 -0.2093  0.9668

PART 62
OFFSET  6.6212 -0.8133 -8.7686
X  0.9278  0.3553 -0.1139
Y -0.3286  0.9227  0.2014
Z  0.1767 -0.1495  0.9729

PART 63
OFFSET  5.7398 -1.1509 -8.6604
X -0.5289 -0.8294 -0.1800
Y -0.8228  0.4491  0.3483
Z -0.2080  0.3323 -0.9199

PART 64
OFFSET  5.0580 -3.6463 -8.5237
X -0.9588 -0.2467 -0.1408
Y  0.2368 -0.9680  0.0836
Z -0.1569  0.0468  0.9865

PART 65
OFFSET  7.5750 -3.0343 -8.3029
X -0.1291 -0.9910 -0.0365
Y  0.9745 -0.1199 -0.1896
Z  0.1835 -0.0601  0.9812

PART 66
OFFSET  7.7948 -1.3472 -8.2407
X  0.9149 -0.3555 -0.1910
Y  0.3652  0.9308  0.0170
Z  0.1718 -0.0853  0.9814

PART 67
OFFSET  6.5268 -0.8545 -7.9759
X  0.8513  0.5150 -0.1000
Y -0.4977  0.8531  0.1566
Z  0.1660 -0.0835  0.9826

PART 68
OFFSET  5.6034 -1.4130 -7.8674
X -0.4051 -0.9134  0.0408
Y -0.9023  0.4066  0.1432
Z -0.1474  0.0212 -0.9888

PART 69
OFFSET -0.1513 -4.7120 -9.5161
X -0.9099 -0.3609 -0.2044
Y -0.3293  0.9282 -0.1731
Z  0.2522 -0.0902 -0.9635

PART 70
OFFSET  7.1886 -3.8570 -6.2961
X -0.9568  0.0178 -0.2903
Y  0.0117 -0.9950 -0.0996
Z -0.2906 -0.0987  0.9517

PART 71
OFFSET  8.8732 -3.8884 -5.7849
X -0.3497 -0.9250 -0.1482
Y  0.8920 -0.3772  0.2493
Z -0.2865 -0.0450  0.9570

PART 72
OFFSET  9.2809 -2.7665 -5.5466
X  0.0632 -0.9927 -0.1029
Y  0.9543  0.0299  0.2973
Z -0.2921 -0.1170  0.9492

PART 73
OFFSET  9.2095 -1.6453 -5.4304
X -0.9642  0.2632  0.0321
Y  0.2647  0.9625  0.0592
Z -0.0153  0.0656 -0.9977

PART 74
OFFSET  7.5217 -3.6683 -7.3324
X -0.2629 -0.9647 -0.0159
Y  0.9648 -0.2631  0.0065
Z -0.0105 -0.0136  0.9999

PART 75
OFFSET  8.0354 -1.7837 -7.3014
X  0.8367 -0.5477 -0.0029
Y  0.5475  0.8364 -0.0256
Z  0.0165  0.0198  0.9997

PART 76
OFFSET  6.8133 -0.9837 -7.2971
X  0.9004  0.4315 -0.0546
Y -0.4344  0.8987 -0.0605
Z  0.0230  0.0782  0.9967

PART 77
OFFSET  5.7931 -1.4724 -7.2423
X -0.4145 -0.9099  0.0168
Y -0.9078  0.4147  0.0632
Z -0.0645  0.0109 -0.9979

PART 78
OFFSET  0.0000 -0.0000 -0.0000
X  1.0000 -0.0000  0.0000
Y  0.0000  1.0000  0.0000
Z  0.0000 -0.0000  1.0000

PART 79
OFFSET  0.0000 -0.0000 -0.0000
X  1.0000 -0.0000  0.0000
Y  0.0000  1.0000  0.0000
Z  0.0000 -0.0000  1.0000

PART 80
OFFSET  1.5404 -0.0000  4.1357
X  1.0000 -0.0000  0.0000
Y  0.0000  1.0000  0.0000
Z  0.0000 -0.0000  1.0000


FRAME 1701
PART 0
OFFSET -4.6318 -0.0000 -1.3770
X  1.0000 -0.0000  0.0000
Y  0.0000  1.0000  0.0000
Z  0.0000 -0.0000  1.0000

PART 1
OFFSET -4.6318 -0.0000 -1.3770
X  1.0000 -0.0000  0.0000
Y  0.0000  1.0000  0.0000
Z  0.0000 -0.0000  1.0000

PART 2
OFFSET -3.2504  6.4742 -6.5299
X  0.8150 -0.1669 -0.5550
Y -0.0763 -0.9802  0.1826
Z -0.5745 -0.1065 -0.8116

PART 3
OFFSET  6.6056  4.4561 -13.2418
X  0.7084 -0.4405  0.5514
Y -0.6080  0.0159  0.7938
Z -0.3585 -0.8976 -0.2565

PART 4
OFFSET  12.6310  0.7091 -8.5517
X  0.7084 -0.4405  0.5514
Y -0.7026 -0.3663  0.6100
Z -0.0668 -0.8196 -0.5690

PART 5
OFFSET  14.7336  1.6775 -7.9472
X  0.7130 -0.4382  0.5474
Y  0.3653  0.8985  0.2436
Z -0.5986  0.0263  0.8006

PART 6
OFFSET  13.8510 -0.4131 -9.1764
X  0.7130 -0.4382  0.5474
Y  0.3653  0.8985  0.2436
Z -0.5986  0.0263  0.8006

PART 7
OFFSET  13.6139  1.1428 -5.9859
X  0.7130 -0.4382  0.5474
Y  0.3653  0.8985  0.2436
Z -0.5986  0.0263  0.8006

PART 8
OFFSET  12.7232 -0.4163 -6.2651
X  0.7130 -0.4382  0.5474
Y  0.3653  0.8985  0.2436
Z -0.5986  0.0263  0.8006

PART 9
OFFSET  12.3667 -1.2873 -7.1944
X  0.7130 -0.4382  0.5474
Y  0.3653  0.8985  0.2436
Z -0.5986  0.0263  0.8006

PART 10
OFFSET  14.8028 -0.6414 -6.8612
X  0.9812 -0.0443  0.1880
Y -0.1884 -0.4341  0.8809
Z  0.0425 -0.8998 -0.4343

PART 11
OFFSET  15.0798 -1.4498 -6.1048
X  0.6800 -0.6862  0.2584
Y -0.4827 -0.1537  0.8622
Z -0.5519 -0.7110 -0.4358

PART 12
OFFSET  16.4683 -2.9854 -5.4855
X  0.9559 -0.0772 -0.2832
Y  0.1516 -0.6964  0.7015
Z -0.2514 -0.7135 -0.6540

PART 13
OFFSET  17.9743 -3.1483 -6.0578
X  0.3669  0.3465 -0.8633
Y  0.8222 -0.5549  0.1267
Z -0.4351 -0.7564 -0.4885

PART 14
OFFSET  18.3651 -2.8177 -7.0116
X  0.7198  0.6273 -0.2974
Y -0.1274  0.5405  0.8317
Z  0.6824 -0.5607  0.4689

PART 15
OFFSET  15.8433 -0.3960 -7.7332
X  0.9506  0.0609 -0.3045
Y -0.0196 -0.9668 -0.2548
Z -0.3099  0.2482 -0.9178

PART 16
OFFSET  18.0218 -0.4137 -8.3149
X  0.5172 -0.8337 -0.1937
Y -0.7912 -0.5520  0.2633
Z -0.3264  0.0171 -0.9451

PART 17
OFFSET  18.7540 -1.5941 -8.5891
X -0.7378 -0.6371  0.2232
Y -0.6140  0.7707  0.1703
Z -0.2805 -0.0114 -0.9598

PART 18
OFFSET  18.0999 -2.1589 -8.3912
X -0.9372 -0.1743  0.3021
Y -0.1515  0.9836  0.0977
Z -0.3142  0.0458 -0.9483

PART 19
OFFSET  17.2095 -2.3246 -8.1042
X  0.8574 -0.4908 -0.1552
Y  0.4490  0.8605 -0.2405
Z  0.2516  0.1365  0.9582

PART 20
OFFSET  15.9280 -0.5686 -7.0457
X  0.9919  0.0857 -0.0943
Y  0.0307 -0.8787 -0.4763
Z -0.1237  0.4695 -0.8742

PART 21
OFFSET  18.4978 -0.4262 -7.4122
X  0.5353 -0.7873 -0.3060
Y -0.7834 -0.5982  0.1687
Z -0.3159  0.1494 -0.9370

PART 22
OFFSET  19.4091 -1.7666 -7.9332
X -0.7326 -0.6673  0.1343
Y -0.6139  0.7329  0.2932
Z -0.2941  0.1324 -0.9466

PART 23
OFFSET  18.3938 -2.6915 -7.7471
X -0.9205  0.2308  0.3153
Y  0.2619  0.9633  0.0594
Z -0.2900  0.1373 -0.9471

PART 24
OFFSET  17.3956 -2.4412 -7.4051
X  0.5903 -0.7326 -0.3389
Y  0.7543  0.6501 -0.0914
Z  0.2873 -0.2017  0.9364

PART 25
OFFSET  17.5511 -1.9497 -5.1158
X  0.9714 -0.2080 -0.1143
Y  0.2371  0.8304  0.5043
Z -0.0100 -0.5169  0.8560

PART 26
OFFSET  18.4680 -0.8073 -5.3029
X  0.9038 -0.2411 -0.3536
Y -0.3462 -0.8976 -0.2729
Z -0.2516  0.3690 -0.8947

PART 27
OFFSET  20.0593 -1.2318 -5.9254
X  0.2699 -0.8123 -0.5170
Y -0.9297 -0.3595  0.0795
Z -0.2505  0.4592 -0.8523

PART 28
OFFSET  20.4027 -2.2473 -6.5021
X -0.4911 -0.8475 -0.2012
Y -0.8387  0.3977  0.3720
Z -0.2352  0.3515 -0.9062

PART 29
OFFSET  19.8479 -3.2046 -6.7294
X  0.8509  0.0157 -0.5251
Y  0.2447  0.8727  0.4226
Z  0.4649 -0.4880  0.7387

PART 30
OFFSET  18.5754 -0.4930 -6.3566
X  0.5995 -0.6734 -0.4327
Y -0.7196 -0.6901  0.0771
Z -0.3505  0.2651 -0.8983

PART 31
OFFSET  19.7465 -1.8084 -7.2018
X -0.7154 -0.6923  0.0941
Y -0.5796  0.6632  0.4735
Z -0.3903  0.2842 -0.8758

PART 32
OFFSET  18.7016 -2.8197 -7.0643
X -0.8975  0.0548  0.4377
Y  0.1923  0.9416  0.2764
Z -0.3970  0.3322 -0.8556

PART 33
OFFSET  17.6822 -2.7560 -6.5749
X  0.5907 -0.6647 -0.4575
Y  0.6932  0.7082 -0.1338
Z  0.4129 -0.2381  0.8791

PART 34
OFFSET  17.6292 -1.8989 -7.4881
X -0.1723  0.4216 -0.8903
Y -0.0425  0.8998  0.4343
Z  0.9841  0.1127 -0.1371

PART 35
OFFSET  8.1907 -2.5821 -5.0833
X  0.9917  0.0011  0.1288
Y -0.0276  0.9785  0.2042
Z -0.1258 -0.2061  0.9704

PART 36
OFFSET  8.1907 -2.5821 -5.0833
X  0.9917  0.0011  0.1288
Y -0.0276  0.9785  0.2042
Z -0.1258 -0.2061  0.9704

PART 37
OFFSET  13.1584 -3.3379 -2.1706
X  0.9889 -0.0031  0.1486
Y -0.0276  0.9785  0.2042
Z -0.1460 -0.2061  0.9676

PART 38
OFFSET  12.3319 -2.6205 -4.2671
X  0.9917  0.0011  0.1288
Y -0.0276  0.9785  0.2042
Z -0.1258 -0.2061  0.9704

PART 39
OFFSET  34.7775 -2.1051 -3.2079
X  0.9917  0.0011  0.1288
Y -0.0276  0.9785  0.2042
Z -0.1258 -0.2061  0.9704

PART 40
OFFSET  7.7353 -2.1105 -7.4046
X  0.9917  0.0011  0.1288
Y -0.0276  0.9785  0.2042
Z -0.1258 -0.2061  0.9704

PART 41
OFFSET  33.8223 -2.0741 -3.3603
X -0.0276  0.9785  0.2042
Y -0.9917 -0.0011 -0.1288
Z -0.1258 -0.2061  0.9704

PART 42
OFFSET  22.1006 -2.6544 -4.5885
X -0.4950 -0.1909  0.8477
Y -0.8685  0.0777 -0.4896
Z  0.0276 -0.9785 -0.2042

PART 43
OFFSET  22.1006 -2.6544 -4.5885
X -0.0276  0.9785  0.2042
Y -0.9917 -0.0011 -0.1288
Z -0.1258 -0.2061  0.9704

PART 44
OFFSET  21.7509 -2.2709 -5.0536
X -0.0276  0.9785  0.2042
Y -0.9917 -0.0011 -0.1288
Z -0.1258 -0.2061  0.9704

PART 45
OFFSET  21.7123 -0.9010 -4.7677
X  0.0466  0.9293 -0.3663
Y -0.9917 -0.0011 -0.1288
Z -0.1200  0.3693  0.9215

PART 46
OFFSET  31.5119 -2.1223 -3.4832
X  0.9917  0.0011  0.1288
Y -0.0276  0.9785  0.2042
Z -0.1258 -0.2061  0.9704

PART 47
OFFSET  30.8927 -0.6012 -4.0380
X  0.7519 -0.5249  0.3988
Y  0.6542  0.6684 -0.3538
Z -0.0809  0.5270  0.8460

PART 48
OFFSET -17.6076 -4.8127 -7.0611
X -0.8824  0.0462  0.4682
Y -0.1861 -0.9483 -0.2572
Z  0.4321 -0.3140  0.8454

PART 49
OFFSET -6.9358 -5.3709 -12.7235
X -0.9230 -0.1343 -0.3605
Y  0.3800 -0.1718 -0.9089
Z  0.0601 -0.9759  0.2096

PART 50
OFFSET  0.9150 -4.2289 -9.6569
X -0.9230 -0.1343 -0.3605
Y  0.3650 -0.0092 -0.9310
Z  0.1217 -0.9909  0.0575

PART 51
OFFSET  1.9122 -2.7505 -8.7709
X -0.9254 -0.1303 -0.3558
Y -0.0628  0.9788 -0.1950
Z  0.3737 -0.1581 -0.9140

PART 52
OFFSET  1.9581 -3.2243 -7.6479
X -0.9254 -0.1303 -0.3558
Y -0.0628  0.9788 -0.1950
Z  0.3737 -0.1581 -0.9140

PART 53
OFFSET  2.1851 -4.5606 -7.4577
X -0.9254 -0.1303 -0.3558
Y -0.0628  0.9788 -0.1950
Z  0.3737 -0.1581 -0.9140

PART 54
OFFSET  3.7447 -3.8172 -8.5516
X -0.9097 -0.0858 -0.4062
Y  0.4060  0.0208 -0.9136
Z  0.0868 -0.9961  0.0159

PART 55
OFFSET  3.7265 -3.3897 -7.4937
X -0.4079 -0.5531 -0.7265
Y  0.6672  0.3626 -0.6506
Z  0.6233 -0.7501  0.2211

PART 56
OFFSET  4.5054 -2.1907 -5.8734
X -0.9174 -0.3938  0.0573
Y  0.0630 -0.2858 -0.9562
Z  0.3929 -0.8737  0.2870

PART 57
OFFSET  5.9462 -1.4742 -6.0550
X -0.6349 -0.1958  0.7474
Y -0.5791 -0.5198 -0.6281
Z  0.5114 -0.8316  0.2167

PART 58
OFFSET  6.6192 -1.2156 -6.8625
X -0.9165  0.2825  0.2831
Y  0.1514  0.9002 -0.4082
Z -0.3702 -0.3313 -0.8679

PART 59
OFFSET  4.9317 -3.5211 -9.1894
X -0.9478 -0.3148  0.0503
Y  0.3174 -0.9465  0.0582
Z  0.0293  0.0711  0.9970

PART 60
OFFSET  7.0267 -2.6874 -9.1643
X -0.0867 -0.9848 -0.1503
Y  0.9799 -0.0571 -0.1914
Z  0.1799 -0.1639  0.9699

PART 61
OFFSET  7.1495 -1.2931 -8.9515
X  0.8092 -0.5345 -0.2440
Y  0.5678  0.8182  0.0905
Z  0.1513 -0.2118  0.9655

PART 62
OFFSET  6.4320 -0.8192 -8.7352
X  0.9267  0.3570 -0.1173
Y -0.3290  0.9217  0.2056
Z  0.1815 -0.1519  0.9716

PART 63
OFFSET  5.5516 -1.1583 -8.6237
X -0.5285 -0.8297 -0.1798
Y -0.8218  0.4469  0.3535
Z -0.2129  0.3346 -0.9180

PART 64
OFFSET  4.8741 -3.6551 -8.4906
X -0.9591 -0.2477 -0.1369
Y  0.2386 -0.9678  0.0798
Z -0.1523  0.0439  0.9874

PART 65
OFFSET  7.3912 -3.0401 -8.2801
X -0.1278 -0.9910 -0.0387
Y  0.9738 -0.1180 -0.1946
Z  0.1883 -0.0625  0.9801

PART 66
OFFSET  7.6088 -1.3529 -8.2143
X  0.9145 -0.3537 -0.1964
Y  0.3640  0.9312  0.0178
Z  0.1766 -0.0878  0.9804

PART 67
OFFSET  6.3414 -0.8627 -7.9422
X  0.8501  0.5165 -0.1027
Y -0.4981  0.8520  0.1613
Z  0.1708 -0.0860  0.9816

PART 68
OFFSET  5.4194 -1.4228 -7.8308
X -0.4036 -0.9141  0.0403
Y -0.9022  0.4049  0.1487
Z -0.1522  0.0237 -0.9881

PART 69
OFFSET -0.3384 -4.7256 -9.4611
X -0.9104 -0.3617 -0.2011
Y -0.3315  0.9282 -0.1690
Z  0.2477 -0.0872 -0.9649

PART 70
OFFSET  7.0156 -3.8689 -6.2738
X -0.9582  0.0172 -0.2857
Y  0.0127 -0.9947 -0.1024
Z -0.2859 -0.1018  0.9528

PART 71
OFFSET  8.7026 -3.8992 -5.7708
X -0.3491 -0.9251 -0.1491
Y  0.8937 -0.3766  0.2440
Z -0.2819 -0.0480  0.9582

PART 72
OFFSET  9.1099 -2.7774 -5.5313
X  0.0641 -0.9923 -0.1060
Y  0.9557  0.0305  0.2928
Z -0.2874 -0.1201  0.9503

PART 73
OFFSET  9.0374 -1.6566 -5.4116
X -0.9644  0.2617  0.0374
Y  0.2636  0.9627  0.0606
Z -0.0202  0.0683 -0.9975

PART 74
OFFSET  7.3435 -3.6768 -7.3112
X -0.2616 -0.9650 -0.0173
Y  0.9652 -0.2617  0.0012
Z -0.0057 -0.0164  0.9998

PART 75
OFFSET  7.8545 -1.7916 -7.2774
X  0.8374 -0.5465 -0.0085
Y  0.5461  0.8373 -0.0259
Z  0.0212  0.0171  0.9996

PART 76
OFFSET  6.6314 -0.9934 -7.2650
X  0.8995  0.4330 -0.0577
Y -0.4359  0.8982 -0.0560
Z  0.0276  0.0755  0.9968

PART 77
OFFSET  5.6121 -1.4837 -7.2067
X -0.4131 -0.9105  0.0163
Y -0.9081  0.4132  0.0687
Z -0.0693  0.0136 -0.9975

PART 78
OFFSET  0.0000 -0.0000 -0.0000
X  1.0000 -0.0000  0.0000
Y  0.0000  1.0000  0.0000
Z  0.0000 -0.0000  1.0000

PART 79
OFFSET -0.0000 -0.0000 -0.0000
X  1.0000 -0.0002 -0.0004
Y  0.0002  1.0000  0.0010
Z  0.0004 -0.0010  1.0000

PART 80
OFFSET  1.5422 -0.0045  4.1351
X  1.0000 -0.0002 -0.0004
Y  0.0002  1.0000  0.0010
Z  0.0004 -0.0010  1.0000


FRAME 1702
PART 0
OFFSET -4.6318 -0.0000 -1.3770
X  1.0000 -0.0000  0.0000
Y  0.0000  1.0000  0.0000
Z  0.0000 -0.0000  1.0000

PART 1
OFFSET -4.6318 -0.0000 -1.3770
X  1.0000 -0.0000  0.0000
Y  0.0000  1.0000  0.0000
Z  0.0000 -0.0000  1.0000

PART 2
OFFSET -2.5914  6.8182 -6.0591
X  0.7323 -0.1643 -0.6609
Y -0.0510 -0.9810  0.1874
Z -0.6791 -0.1036 -0.7267

PART 3
OFFSET  6.2645  4.8308 -14.0519
X  0.6773 -0.4333  0.5946
Y -0.6238  0.0902  0.7764
Z -0.3900 -0.8967 -0.2092

PART 4
OFFSET  12.0256  1.1457 -8.9950
X  0.6773 -0.4333  0.5946
Y -0.7347 -0.3561  0.5775
Z -0.0385 -0.8279 -0.5595

PART 5
OFFSET  14.1533  2.0646 -8.4009
X  0.6821 -0.4314  0.5905
Y  0.3971  0.8965  0.1963
Z -0.6141  0.1006  0.7828

PART 6
OFFSET  13.2109 -0.0618 -9.5195
X  0.6821 -0.4314  0.5905
Y  0.3971  0.8965  0.1963
Z -0.6141  0.1006  0.7828

PART 7
OFFSET  12.9701  1.6996 -6.4380
X  0.6821 -0.4314  0.5905
Y  0.3971  0.8965  0.1963
Z -0.6141  0.1006  0.7828

PART 8
OFFSET  12.0214  0.1632 -6.6416
X  0.6821 -0.4314  0.5905
Y  0.3971  0.8965  0.1963
Z -0.6141  0.1006  0.7828

PART 9
OFFSET  11.6489 -0.7493 -7.5237
X  0.6821 -0.4314  0.5905
Y  0.3971  0.8965  0.1963
Z -0.6141  0.1006  0.7828

PART 10
OFFSET  14.1021 -0.1826 -7.1723
X  0.9732 -0.0856  0.2136
Y -0.2289 -0.4564  0.8598
Z  0.0239 -0.8857 -0.4637

PART 11
OFFSET  14.3288 -1.0251 -6.4368
X  0.6091 -0.7366  0.2940
Y -0.5584 -0.1351  0.8185
Z -0.5632 -0.6627 -0.4936

PART 12
OFFSET  15.5561 -2.6650 -5.7482
X  0.9682 -0.2227 -0.1140
Y -0.0716 -0.6832  0.7267
Z -0.2397 -0.6954 -0.6774

PART 13
OFFSET  17.0966 -3.0616 -6.0514
X  0.6887  0.1116 -0.7164
Y  0.5662 -0.6999  0.4352
Z -0.4529 -0.7054 -0.5452

PART 14
OFFSET  17.8302 -2.9851 -6.8437
X  0.9160  0.3913 -0.0889
Y -0.2231  0.6808  0.6976
Z  0.3335 -0.6192  0.7109

PART 15
OFFSET  15.1755  0.0547 -8.0059
X  0.9590  0.0298 -0.2819
Y -0.0634 -0.9467 -0.3160
Z -0.2763  0.3209 -0.9059

PART 16
OFFSET  17.3626 -0.0411 -8.5462
X  0.6246 -0.7447 -0.2351
Y -0.7226 -0.6653  0.1879
Z -0.2964  0.0525 -0.9536

PART 17
OFFSET  18.2469 -1.0955 -8.8791
X -0.5721 -0.8114  0.1196
Y -0.7822  0.5837  0.2181
Z -0.2467  0.0312 -0.9686

PART 18
OFFSET  17.7396 -1.8149 -8.7730
X -0.8772 -0.4182  0.2359
Y -0.3803  0.9050  0.1905
Z -0.2932  0.0774 -0.9529

PART 19
OFFSET  16.9063 -2.2122 -8.5489
X  0.9520 -0.2595 -0.1623
Y  0.2403  0.9622 -0.1284
Z  0.1894  0.0832  0.9784

PART 20
OFFSET  15.2341 -0.1437 -7.3227
X  0.9965  0.0534 -0.0636
Y  0.0140 -0.8628 -0.5053
Z -0.0818  0.5027 -0.8606

PART 21
OFFSET  17.8142 -0.0916 -7.6369
X  0.6485 -0.6889 -0.3239
Y -0.7112 -0.7000  0.0649
Z -0.2714  0.1883 -0.9439

PART 22
OFFSET  18.9183 -1.2644 -8.1884
X -0.5560 -0.8312 -0.0085
Y -0.7937  0.5278  0.3026
Z -0.2470  0.1750 -0.9531

PART 23
OFFSET  18.1477 -2.4163 -8.2002
X -0.9670 -0.1184  0.2255
Y -0.0720  0.9764  0.2037
Z -0.2443  0.1807 -0.9527

PART 24
OFFSET  17.0990 -2.5447 -7.9556
X  0.8214 -0.4519 -0.3480
Y  0.5058  0.8591  0.0784
Z  0.2635 -0.2404  0.9342

PART 25
OFFSET  16.7515 -1.6456 -5.3970
X  0.9666 -0.2385 -0.0942
Y  0.2509  0.8040  0.5390
Z -0.0528 -0.5446  0.8370

PART 26
OFFSET  17.7126 -0.5310 -5.5190
X  0.9525 -0.1960 -0.2333
Y -0.2707 -0.8956 -0.3530
Z -0.1397  0.3993 -0.9061

PART 27
OFFSET  19.3895 -0.8761 -5.9297
X  0.4498 -0.7416 -0.4978
Y -0.8801 -0.4628 -0.1057
Z -0.1520  0.4856 -0.8609

PART 28
OFFSET  19.9455 -1.8071 -6.4825
X -0.2466 -0.9044 -0.3482
Y -0.9623  0.1859  0.1986
Z -0.1149  0.3841 -0.9161

PART 29
OFFSET  19.6670 -2.8287 -6.8759
X  0.9166  0.2347 -0.3236
Y -0.0394  0.8587  0.5110
Z  0.3978 -0.4556  0.7964

PART 30
OFFSET  17.8614 -0.1856 -6.5578
X  0.6973 -0.6005 -0.3913
Y -0.6675 -0.7430 -0.0492
Z -0.2612  0.2955 -0.9189

PART 31
OFFSET  19.2236 -1.3588 -7.3222
X -0.5408 -0.8348 -0.1034
Y -0.7838  0.4554  0.4222
Z -0.3054  0.3093 -0.9006

PART 32
OFFSET  18.4337 -2.5781 -7.4732
X -0.9324 -0.2727  0.2372
Y -0.1558  0.8955  0.4169
Z -0.3261  0.3517 -0.8775

PART 33
OFFSET  17.3755 -2.8851 -7.2111
X  0.8353 -0.3854 -0.3921
Y  0.4553  0.8847  0.1004
Z  0.3081 -0.2624  0.9144

PART 34
OFFSET  16.9003 -1.5182 -7.7631
X -0.1316  0.4570 -0.8797
Y -0.0239  0.8857  0.4637
Z  0.9910  0.0821 -0.1056

PART 35
OFFSET  7.7453 -2.6179 -5.0349
X  0.9932  0.0040  0.1167
Y -0.0289  0.9769  0.2118
Z -0.1131 -0.2137  0.9703

PART 36
OFFSET  7.7453 -2.6179 -5.0349
X  0.9932  0.0040  0.1167
Y -0.0289  0.9769  0.2118
Z -0.1131 -0.2137  0.9703

PART 37
OFFSET  12.7510 -3.3754 -2.1884
X  0.9906 -0.0003  0.1365
Y -0.0289  0.9769  0.2118
Z -0.1334 -0.2137  0.9677

PART 38
OFFSET  11.8962 -2.6459 -4.2694
X  0.9932  0.0040  0.1167
Y -0.0289  0.9769  0.2118
Z -0.1131 -0.2137  0.9703

PART 39
OFFSET  34.3509 -2.0497 -3.4793
X  0.9932  0.0040  0.1167
Y -0.0289  0.9769  0.2118
Z -0.1131 -0.2137  0.9703

PART 40
OFFSET  7.2598 -2.1311 -7.3470
X  0.9932  0.0040  0.1167
Y -0.0289  0.9769  0.2118
Z -0.1131 -0.2137  0.9703

PART 41
OFFSET  33.3938 -2.0213 -3.6199
X -0.0289  0.9769  0.2118
Y -0.9932 -0.0040 -0.1167
Z -0.1131 -0.2137  0.9703

PART 42
OFFSET  21.6603 -2.6389 -4.7097
X -0.4839 -0.1990  0.8522
Y -0.8747  0.0779 -0.4784
Z  0.0289 -0.9769 -0.2118

PART 43
OFFSET  21.6603 -2.6389 -4.7097
X -0.0289  0.9769  0.2118
Y -0.9932 -0.0040 -0.1167
Z -0.1131 -0.2137  0.9703

PART 44
OFFSET  21.3035 -2.2534 -5.1678
X -0.0289  0.9769  0.2118
Y -0.9932 -0.0040 -0.1167
Z -0.1131 -0.2137  0.9703

PART 45
OFFSET  21.2631 -0.8858 -4.8713
X  0.0464  0.9035 -0.4260
Y -0.9932 -0.0040 -0.1167
Z -0.1072  0.4285  0.8972

PART 46
OFFSET  31.0823 -2.0778 -3.7150
X  0.9932  0.0040  0.1167
Y -0.0289  0.9769  0.2118
Z -0.1131 -0.2137  0.9703

PART 47
OFFSET  30.4506 -0.5551 -4.2510
X  0.7588 -0.5248  0.3858
Y  0.6473  0.6736 -0.3568
Z -0.0726  0.5205  0.8508

PART 48
OFFSET -17.6076 -4.8127 -7.0611
X -0.8619  0.0554  0.5041
Y -0.2057 -0.9467 -0.2477
Z  0.4635 -0.3172  0.8274

PART 49
OFFSET -7.1841 -5.4828 -13.1574
X -0.9028 -0.1415 -0.4061
Y  0.4260 -0.1643 -0.8897
Z  0.0592 -0.9762  0.2086

PART 50
OFFSET  0.4945 -4.2790 -9.7030
X -0.9028 -0.1415 -0.4061
Y  0.4098  0.0038 -0.9122
Z  0.1306 -0.9899  0.0546

PART 51
OFFSET  1.4323 -2.7950 -8.7633
X -0.9055 -0.1376 -0.4015
Y -0.0627  0.9790 -0.1942
Z  0.4198 -0.1506 -0.8950

PART 52
OFFSET  1.4274 -3.2732 -7.6412
X -0.9055 -0.1376 -0.4015
Y -0.0627  0.9790 -0.1942
Z  0.4198 -0.1506 -0.8950

PART 53
OFFSET  1.6579 -4.6081 -7.4451
X -0.9055 -0.1376 -0.4015
Y -0.0627  0.9790 -0.1942
Z  0.4198 -0.1506 -0.8950

PART 54
OFFSET  3.2621 -3.8451 -8.4579
X -0.9143 -0.0864 -0.3957
Y  0.3947  0.0291 -0.9183
Z  0.0908 -0.9958  0.0075

PART 55
OFFSET  3.2552 -3.4255 -7.3968
X -0.4146 -0.5493 -0.7255
Y  0.6578  0.3700 -0.6560
Z  0.6288 -0.7492  0.2080

PART 56
OFFSET  4.0491 -2.2353 -5.7773
X -0.9151 -0.3978  0.0655
Y  0.0524 -0.2785 -0.9590
Z  0.3997 -0.8742  0.2757

PART 57
OFFSET  5.4848 -1.5118 -5.9711
X -0.6250 -0.2037  0.7536
Y -0.5847 -0.5175 -0.6248
Z  0.5172 -0.8311  0.2043

PART 58
OFFSET  6.1469 -1.2447 -6.7848
X -0.9141  0.2768  0.2963
Y  0.1430  0.9038 -0.4034
Z -0.3795 -0.3263 -0.8657

PART 59
OFFSET  4.4401 -3.5397 -9.1079
X -0.9459 -0.3189  0.0595
Y  0.3218 -0.9456  0.0474
Z  0.0412  0.0639  0.9971

PART 60
OFFSET  6.5320 -2.6979 -9.1022
X -0.0847 -0.9840 -0.1565
Y  0.9777 -0.0518 -0.2037
Z  0.1923 -0.1703  0.9664

PART 61
OFFSET  6.6520 -1.3048 -8.8806
X  0.8082 -0.5295 -0.2578
Y  0.5657  0.8197  0.0896
Z  0.1638 -0.2182  0.9620

PART 62
OFFSET  5.9354 -0.8353 -8.6520
X  0.9238  0.3615 -0.1260
Y -0.3300  0.9188  0.2163
Z  0.1939 -0.1583  0.9682

PART 63
OFFSET  5.0577 -1.1787 -8.5324
X -0.5275 -0.8304 -0.1795
Y -0.8191  0.4411  0.3667
Z -0.2254  0.3404 -0.9129

PART 64
OFFSET  4.3915 -3.6791 -8.4095
X -0.9597 -0.2505 -0.1271
Y  0.2433 -0.9674  0.0698
Z -0.1404  0.0361  0.9894

PART 65
OFFSET  6.9087 -3.0557 -8.2251
X -0.1245 -0.9912 -0.0444
Y  0.9718 -0.1127 -0.2073
Z  0.2005 -0.0689  0.9773

PART 66
OFFSET  7.1206 -1.3681 -8.1495
X  0.9134 -0.3486 -0.2101
Y  0.3606  0.9325  0.0202
Z  0.1889 -0.0942  0.9775

PART 67
OFFSET  5.8546 -0.8849 -7.8583
X  0.8468  0.5206 -0.1092
Y -0.4994  0.8488  0.1736
Z  0.1831 -0.0925  0.9787

PART 68
OFFSET  4.9362 -1.4495 -7.7399
X -0.3995 -0.9159  0.0384
Y -0.9019  0.4002  0.1626
Z -0.1643  0.0303 -0.9859

PART 69
OFFSET -0.8282 -4.7630 -9.3244
X -0.9113 -0.3638 -0.1926
Y -0.3371  0.9281 -0.1581
Z  0.2363 -0.0791 -0.9685

PART 70
OFFSET  6.5607 -3.9006 -6.2205
X -0.9616  0.0155 -0.2739
Y  0.0153 -0.9938 -0.1099
Z -0.2739 -0.1099  0.9555

PART 71
OFFSET  8.2538 -3.9279 -5.7382
X -0.3473 -0.9254 -0.1516
Y  0.8980 -0.3748  0.2303
Z -0.2700 -0.0562  0.9612

PART 72
OFFSET  8.6597 -2.8063 -5.4955
X  0.0667 -0.9912 -0.1140
Y  0.9590  0.0321  0.2814
Z -0.2753 -0.1281  0.9528

PART 73
OFFSET  8.5843 -1.6867 -5.3667
X -0.9649  0.2576  0.0511
Y  0.2606  0.9633  0.0645
Z -0.0326  0.0755 -0.9966

PART 74
OFFSET  6.8752 -3.6996 -7.2603
X -0.2581 -0.9659 -0.0212
Y  0.9661 -0.2579 -0.0125
Z  0.0066 -0.0237  0.9997

PART 75
OFFSET  7.3793 -1.8127 -7.2188
X  0.8394 -0.5431 -0.0227
Y  0.5426  0.8396 -0.0264
Z  0.0333  0.0098  0.9994

PART 76
OFFSET  6.1534 -1.0194 -7.1858
X  0.8971  0.4369 -0.0655
Y -0.4401  0.8969 -0.0440
Z  0.0395  0.0683  0.9969

PART 77
OFFSET  5.1368 -1.5142 -7.1187
X -0.4093 -0.9123  0.0146
Y -0.9087  0.4091  0.0827
Z -0.0815  0.0206 -0.9965

PART 78
OFFSET  0.0000 -0.0000 -0.0000
X  1.0000 -0.0000  0.0000
Y  0.0000  1.0000  0.0000
Z  0.0000 -0.0000  1.0000

PART 79
OFFSET -0.0000 -0.0000 -0.0000
X  1.0000 -0.0007 -0.0016
Y  0.0007  1.0000  0.0038
Z  0.0016 -0.0038  1.0000

PART 80
OFFSET  1.5472 -0.0167  4.1332
X  1.0000 -0.0007 -0.0016
Y  0.0007  1.0000  0.0038
Z  0.0016 -0.0038  1.0000


FRAME 1703
PART 0
OFFSET -4.6318 -0.0000 -1.3770
X  1.0000 -0.0000  0.0000
Y  0.0000  1.0000  0.0000
Z  0.0000 -0.0000  1.0000

PART 1
OFFSET -4.6318 -0.0000 -1.3770
X  1.0000 -0.0000  0.0000
Y  0.0000  1.0000  0.0000
Z  0.0000 -0.0000  1.0000

PART 2
OFFSET -1.6902  7.2886 -5.4153
X  0.6015 -0.1605 -0.7826
Y -0.0276 -0.9832  0.1804
Z -0.7984 -0.0869 -0.5958

PART 3
OFFSET  5.5837  5.3478 -14.8803
X  0.6541 -0.4213  0.6283
Y -0.6218  0.1735  0.7637
Z -0.4307 -0.8902 -0.1485

PART 4
OFFSET  11.1467  1.7647 -9.5364
X  0.6541 -0.4213  0.6283
Y -0.7564 -0.3539  0.5501
Z -0.0094 -0.8350 -0.5501

PART 5
OFFSET  13.3127  2.6234 -8.9932
X  0.6589 -0.4199  0.6241
Y  0.4378  0.8888  0.1357
Z -0.6117  0.1839  0.7694

PART 6
OFFSET  12.2762  0.4696 -9.9665
X  0.6589 -0.4199  0.6241
Y  0.4378  0.8888  0.1357
Z -0.6117  0.1839  0.7694

PART 7
OFFSET  12.1063  2.4529 -7.0179
X  0.6589 -0.4199  0.6241
Y  0.4378  0.8888  0.1357
Z -0.6117  0.1839  0.7694

PART 8
OFFSET  11.0875  0.9517 -7.1200
X  0.6589 -0.4199  0.6241
Y  0.4378  0.8888  0.1357
Z -0.6117  0.1839  0.7694

PART 9
OFFSET  10.6762 -0.0024 -7.9385
X  0.6589 -0.4199  0.6241
Y  0.4378  0.8888  0.1357
Z -0.6117  0.1839  0.7694

PART 10
OFFSET  13.1518  0.4732 -7.6103
X  0.9571 -0.1451  0.2509
Y -0.2898 -0.4861  0.8245
Z  0.0023 -0.8618 -0.5073

PART 11
OFFSET  13.3036 -0.4150 -6.9101
X  0.4971 -0.8027  0.3295
Y -0.6548 -0.0979  0.7494
Z -0.5693 -0.5883 -0.5743

PART 12
OFFSET  14.2794 -2.1896 -6.1562
X  0.8986 -0.4246  0.1101
Y -0.3741 -0.6107  0.6980
Z -0.2291 -0.6684 -0.7076

PART 13
OFFSET  15.7267 -2.9136 -6.0994
X  0.8854 -0.2949 -0.3593
Y  0.0402 -0.7216  0.6912
Z -0.4631 -0.6264 -0.6270

PART 14
OFFSET  16.6637 -3.2734 -6.5049
X  0.9593  0.0360  0.2799
Y -0.1715  0.8620  0.4769
Z -0.2242 -0.5056  0.8332

PART 15
OFFSET  14.2725  0.6967 -8.3833
X  0.9687 -0.0146 -0.2478
Y -0.1170 -0.9074 -0.4037
Z -0.2189  0.4200 -0.8807

PART 16
OFFSET  16.4665  0.4914 -8.8613
X  0.7558 -0.5985 -0.2656
Y -0.6019 -0.7947  0.0782
Z -0.2579  0.1008 -0.9609

PART 17
OFFSET  17.5366 -0.3560 -9.2373
X -0.2829 -0.9587 -0.0291
Y -0.9371  0.2698  0.2216
Z -0.2046  0.0900 -0.9747

PART 18
OFFSET  17.2857 -1.2060 -9.2631
X -0.7042 -0.7016  0.1090
Y -0.6591  0.7030  0.2673
Z -0.2641  0.1164 -0.9574

PART 19
OFFSET  16.6168 -1.8726 -9.1596
X  0.9905  0.0785 -0.1127
Y -0.0778  0.9969  0.0107
Z  0.1132 -0.0018  0.9936

PART 20
OFFSET  14.2900  0.4621 -7.7094
X  0.9998  0.0060 -0.0175
Y -0.0046 -0.8365 -0.5480
Z -0.0180  0.5480 -0.8363

PART 21
OFFSET  16.8781  0.3857 -7.9430
X  0.7865 -0.5363 -0.3062
Y -0.5836 -0.8076 -0.0845
Z -0.2020  0.2452 -0.9482

PART 22
OFFSET  18.2172 -0.5273 -8.4643
X -0.2439 -0.9507 -0.1915
Y -0.9539  0.1996  0.2240
Z -0.1747  0.2373 -0.9556

PART 23
OFFSET  17.8792 -1.8449 -8.7297
X -0.8356 -0.5492  0.0123
Y -0.5210  0.7994  0.2991
Z -0.1741  0.2435 -0.9541

PART 24
OFFSET  16.9730 -2.4406 -8.7164
X  0.9737  0.0053 -0.2279
Y  0.0600  0.9585  0.2787
Z  0.2199 -0.2850  0.9330

PART 25
OFFSET  15.6433 -1.2077 -5.7998
X  0.9572 -0.2821 -0.0645
Y  0.2646  0.7628  0.5901
Z -0.1173 -0.5819  0.8048

PART 26
OFFSET  16.6617 -0.1384 -5.8224
X  0.9881 -0.1468 -0.0462
Y -0.1524 -0.8910 -0.4278
Z  0.0216  0.4297 -0.9027

PART 27
OFFSET  18.4014 -0.3969 -5.9038
X  0.6697 -0.6359 -0.3837
Y -0.7426 -0.5791 -0.3365
Z -0.0082  0.5102 -0.8600

PART 28
OFFSET  19.2160 -1.2009 -6.3180
X  0.1335 -0.9028 -0.4088
Y -0.9894 -0.0977 -0.1072
Z  0.0569  0.4188 -0.9063

PART 29
OFFSET  19.3668 -2.2207 -6.7797
X  0.8657  0.4999 -0.0250
Y -0.4296  0.7677  0.4754
Z  0.2569 -0.4008  0.8794

PART 30
OFFSET  16.8744  0.2498 -6.8346
X  0.8143 -0.5022 -0.2911
Y -0.5658 -0.7987 -0.2047
Z -0.1297  0.3314 -0.9345

PART 31
OFFSET  18.4652 -0.7313 -7.4033
X -0.2075 -0.9309 -0.3006
Y -0.9619  0.1382  0.2360
Z -0.1782  0.3381 -0.9241

PART 32
OFFSET  18.1621 -2.0910 -7.8423
X -0.7585 -0.6464 -0.0823
Y -0.6148  0.6680  0.4192
Z -0.2160  0.3686 -0.9042

PART 33
OFFSET  17.3019 -2.8210 -7.9422
X  0.9881  0.0454 -0.1468
Y  0.0016  0.9522  0.3053
Z  0.1537 -0.3020  0.9409

PART 34
OFFSET  15.9063 -0.9715 -8.1475
X -0.0690  0.5059 -0.8598
Y -0.0023  0.8618  0.5073
Z  0.9976  0.0370 -0.0583

PART 35
OFFSET  7.1169 -2.6693 -4.9768
X  0.9949  0.0085  0.1006
Y -0.0308  0.9744  0.2225
Z -0.0961 -0.2245  0.9697

PART 36
OFFSET  7.1169 -2.6693 -4.9768
X  0.9949  0.0085  0.1006
Y -0.0308  0.9744  0.2225
Z -0.0961 -0.2245  0.9697

PART 37
OFFSET  12.1727 -3.4277 -2.2204
X  0.9927  0.0039  0.1204
Y -0.0308  0.9744  0.2225
Z -0.1164 -0.2246  0.9675

PART 38
OFFSET  11.2800 -2.6814 -4.2793
X  0.9949  0.0085  0.1006
Y -0.0308  0.9744  0.2225
Z -0.0961 -0.2245  0.9697

PART 39
OFFSET  33.7409 -1.9644 -3.8486
X  0.9949  0.0085  0.1006
Y -0.0308  0.9744  0.2225
Z -0.0961 -0.2245  0.9697

PART 40
OFFSET  6.5911 -2.1610 -7.2755
X  0.9949  0.0085  0.1006
Y -0.0308  0.9744  0.2225
Z -0.0961 -0.2245  0.9697

PART 41
OFFSET  32.7815 -1.9401 -3.9733
X -0.0308  0.9744  0.2225
Y -0.9949 -0.0085 -0.1006
Z -0.0961 -0.2245  0.9697

PART 42
OFFSET  21.0354 -2.6136 -4.8785
X -0.4688 -0.2107  0.8578
Y -0.8828  0.0778 -0.4633
Z  0.0308 -0.9744 -0.2225

PART 43
OFFSET  21.0354 -2.6136 -4.8785
X -0.0308  0.9744  0.2225
Y -0.9949 -0.0085 -0.1006
Z -0.0961 -0.2245  0.9697

PART 44
OFFSET  20.6690 -2.2254 -5.3265
X -0.0308  0.9744  0.2225
Y -0.9949 -0.0085 -0.1006
Z -0.0961 -0.2245  0.9697

PART 45
OFFSET  20.6258 -0.8613 -5.0150
X  0.0410  0.8763 -0.4800
Y -0.9949 -0.0085 -0.1006
Z -0.0922  0.4817  0.8715

PART 46
OFFSET  30.4690 -2.0088 -4.0314
X  0.9949  0.0085  0.1006
Y -0.0308  0.9744  0.2225
Z -0.0961 -0.2245  0.9697

PART 47
OFFSET  29.8202 -0.4843 -4.5409
X  0.7679 -0.5245  0.3678
Y  0.6376  0.6810 -0.3601
Z -0.0616  0.5111  0.8573

PART 48
OFFSET -17.6076 -4.8127 -7.0611
X -0.8336  0.0668  0.5483
Y -0.2302 -0.9444 -0.2348
Z  0.5021 -0.3219  0.8027

PART 49
OFFSET -7.5257 -5.6210 -13.6916
X -0.8738 -0.1499 -0.4626
Y  0.4828 -0.1542 -0.8621
Z  0.0579 -0.9766  0.2071

PART 50
OFFSET -0.0935 -4.3459 -9.7573
X -0.8738 -0.1499 -0.4626
Y  0.4648  0.0216 -0.8851
Z  0.1427 -0.9885  0.0508

PART 51
OFFSET  0.7657 -2.8562 -8.7535
X -0.8768 -0.1461 -0.4581
Y -0.0623  0.9792 -0.1929
Z  0.4768 -0.1406 -0.8677

PART 52
OFFSET  0.6964 -3.3407 -7.6362
X -0.8768 -0.1461 -0.4581
Y -0.0623  0.9792 -0.1929
Z  0.4768 -0.1406 -0.8677

PART 53
OFFSET  0.9303 -4.6739 -7.4326
X -0.8768 -0.1461 -0.4581
Y -0.0623  0.9792 -0.1929
Z  0.4768 -0.1406 -0.8677

PART 54
OFFSET  2.5854 -3.8863 -8.3392
X -0.9201 -0.0875 -0.3817
Y  0.3795  0.0410 -0.9243
Z  0.0965 -0.9953 -0.0045

PART 55
OFFSET  2.5935 -3.4778 -7.2737
X -0.4233 -0.5441 -0.7244
Y  0.6450  0.3806 -0.6627
Z  0.6363 -0.7477  0.1898

PART 56
OFFSET  3.4071 -2.3001 -5.6549
X -0.9117 -0.4037  0.0762
Y  0.0383 -0.2682 -0.9626
Z  0.4090 -0.8747  0.2599

PART 57
OFFSET  4.8354 -1.5664 -5.8644
X -0.6114 -0.2152  0.7615
Y -0.5919 -0.5142 -0.6206
Z  0.5251 -0.8302  0.1871

PART 58
OFFSET  5.4826 -1.2870 -6.6859
X -0.9107  0.2685  0.3141
Y  0.1313  0.9088 -0.3961
Z -0.3917 -0.3194 -0.8628

PART 59
OFFSET  3.7509 -3.5673 -9.0050
X -0.9430 -0.3249  0.0715
Y  0.3278 -0.9442  0.0321
Z  0.0571  0.0537  0.9969

PART 60
OFFSET  5.8379 -2.7136 -9.0245
X -0.0818 -0.9828 -0.1655
Y  0.9745 -0.0440 -0.2201
Z  0.2090 -0.1793  0.9613

PART 61
OFFSET  5.9537 -1.3222 -8.7901
X  0.8068 -0.5222 -0.2765
Y  0.5625  0.8220  0.0891
Z  0.1807 -0.2274  0.9569

PART 62
OFFSET  5.2384 -0.8592 -8.5450
X  0.9196  0.3681 -0.1372
Y -0.3316  0.9146  0.2314
Z  0.2106 -0.1673  0.9632

PART 63
OFFSET  4.3647 -1.2089 -8.4147
X -0.5257 -0.8315 -0.1796
Y -0.8155  0.4325  0.3846
Z -0.2421  0.3487 -0.9054

PART 64
OFFSET  3.7145 -3.7142 -8.3074
X -0.9603 -0.2547 -0.1141
Y  0.2498 -0.9667  0.0556
Z -0.1244  0.0249  0.9919

PART 65
OFFSET  6.2308 -3.0783 -8.1575
X -0.1196 -0.9914 -0.0528
Y  0.9689 -0.1050 -0.2242
Z  0.2168 -0.0780  0.9731

PART 66
OFFSET  6.4345 -1.3905 -8.0675
X  0.9118 -0.3411 -0.2286
Y  0.3556  0.9343  0.0242
Z  0.2053 -0.1034  0.9732

PART 67
OFFSET  5.1708 -0.9177 -7.7507
X  0.8420  0.5266 -0.1174
Y -0.5012  0.8440  0.1907
Z  0.1995 -0.1017  0.9746

PART 68
OFFSET  4.2576 -1.4887 -7.6233
X -0.3937 -0.9186  0.0352
Y -0.9013  0.3933  0.1815
Z -0.1806  0.0397 -0.9828

PART 69
OFFSET -1.5134 -4.8185 -9.1486
X -0.9123 -0.3670 -0.1816
Y -0.3448  0.9278 -0.1427
Z  0.2209 -0.0676 -0.9730

PART 70
OFFSET  5.9204 -3.9462 -6.1565
X -0.9660  0.0128 -0.2580
Y  0.0190 -0.9925 -0.1206
Z -0.2577 -0.1214  0.9586

PART 71
OFFSET  7.6213 -3.9688 -5.7022
X -0.3446 -0.9257 -0.1557
Y  0.9038 -0.3720  0.2117
Z -0.2539 -0.0678  0.9648

PART 72
OFFSET  8.0248 -2.8475 -5.4543
X  0.0703 -0.9896 -0.1256
Y  0.9633  0.0347  0.2661
Z -0.2590 -0.1397  0.9557

PART 73
OFFSET  7.9453 -1.7297 -5.3124
X -0.9654  0.2515  0.0695
Y  0.2563  0.9640  0.0704
Z -0.0493  0.0858 -0.9951

PART 74
OFFSET  6.2167 -3.7326 -7.1991
X -0.2530 -0.9671 -0.0272
Y  0.9672 -0.2522 -0.0309
Z  0.0230 -0.0341  0.9992

