// Export filename: `C:\projects\cod\t5\xanim_export\t5_viewmodels\ak47\ak47_grip_reload.XANIM_EXPORT`
// Source filename: `D:\projects\devanim\t5\animation_assets\viewmodels/ak47/grip_set/ak47_GRIP_reload.fbx`
// Export time: Mon Oct 12 22:12:13 2009

ANIMATION
VERSION 3

NUMPARTS 75
PART 0 "J_Shoulder_RI"
PART 1 "J_Elbow_RI"
PART 2 "tag_cambone"
PART 3 "tag_camera"
PART 4 "tag_gasmask"
PART 5 "tag_ads"
PART 6 "tag_torso"
PART 7 "J_Shoulder_LE"
PART 8 "J_Elbow_LE"
PART 9 "J_WristTwist_LE"
PART 10 "J_Sleave_Reshape_Bottom_LE_1"
PART 11 "J_Sleave_Reshape_Bottom_LE_2"
PART 12 "J_Sleave_Reshape_Top_LE_1"
PART 13 "J_Sleave_Reshape_Top_LE_2"
PART 14 "J_Sleave_Reshape_Top_LE_3"
PART 15 "J_Thumb_LE_0"
PART 16 "J_Thumb_LE_1"
PART 17 "J_Thumb_LE_2"
PART 18 "J_Thumb_LE_3"
PART 19 "J_PinkyPalm_LE"
PART 20 "J_Pinky_LE_0"
PART 21 "J_Pinky_LE_1"
PART 22 "J_Pinky_LE_2"
PART 23 "J_Pinky_LE_3"
PART 24 "J_RingPalm_LE"
PART 25 "J_Ring_LE_0"
PART 26 "J_Ring_LE_1"
PART 27 "J_Ring_LE_2"
PART 28 "J_Webbing_LE"
PART 29 "J_Index_LE_2"
PART 30 "J_Mid_LE_0"
PART 31 "J_Wrist_LE"
PART 32 "J_Index_LE_0"
PART 33 "J_Index_LE_1"
PART 34 "J_Mid_LE_1"
PART 35 "tag_weapon"
PART 36 "J_Ring_LE_3"
PART 37 "tag_knife_attach"
PART 38 "J_Mid_LE_3"
PART 39 "J_Mid_LE_2"
PART 40 "J_Index_LE_3"
PART 41 "J_WristTwist_RI"
PART 42 "J_Sleave_Reshape_Top_RI_3"
PART 43 "J_Sleave_Reshape_Top_RI_2"
PART 44 "J_Sleave_Reshape_Top_RI_1"
PART 45 "J_Wrist_RI"
PART 46 "J_Thumb_RI_0"
PART 47 "J_Thumb_RI_1"
PART 48 "J_Thumb_RI_2"
PART 49 "J_Thumb_RI_3"
PART 50 "J_PinkyPalm_RI"
PART 51 "J_Pinky_RI_0"
PART 52 "J_Pinky_RI_1"
PART 53 "J_Pinky_RI_2"
PART 54 "J_Pinky_RI_3"
PART 55 "J_RingPalm_RI"
PART 56 "J_Ring_RI_0"
PART 57 "J_Ring_RI_1"
PART 58 "J_Ring_RI_2"
PART 59 "J_Ring_RI_3"
PART 60 "J_Webbing_RI"
PART 61 "J_Index_RI_0"
PART 62 "J_Index_RI_1"
PART 63 "J_Index_RI_2"
PART 64 "J_Index_RI_3"
PART 65 "J_Mid_RI_0"
PART 66 "J_Mid_RI_1"
PART 67 "J_Mid_RI_2"
PART 68 "J_Mid_RI_3"
PART 69 "J_Gun"
PART 70 "J_Bolt2"
PART 71 "TAG_CLIP"
PART 72 "J_Trigger"
PART 73 "TAG_BRASS"
PART 74 "TAG_FLASH"

FRAMERATE 30
NUMFRAMES 105

FRAME 256
PART 0
OFFSET -7.2604 -4.8127 -5.4071
X -0.4374  0.7155  0.5447
Y -0.3240 -0.6904  0.6468
Z  0.8389  0.1064  0.5338

PART 1
OFFSET -1.9711 -13.4662 -11.9952
X -0.4641 -0.7780 -0.4235
Y  0.8732 -0.3215 -0.3663
Z  0.1489 -0.5398  0.8285

PART 2
OFFSET  0.0000 -0.0000 -0.0000
X  1.0000 -0.0000  0.0000
Y  0.0000  1.0000  0.0000
Z  0.0000 -0.0000  1.0000

PART 3
OFFSET  0.0000 -0.0000 -0.0000
X  1.0000 -0.0000  0.0000
Y  0.0000  1.0000  0.0000
Z  0.0000 -0.0000  1.0000

PART 4
OFFSET  1.5404 -0.0000  4.1357
X  1.0000 -0.0000  0.0000
Y  0.0000  1.0000  0.0000
Z  0.0000 -0.0000  1.0000

PART 5
OFFSET  0.0000 -0.0000  0.0000
X  1.0000 -0.0000  0.0000
Y  0.0000  1.0000  0.0000
Z  0.0000 -0.0000  1.0000

PART 6
OFFSET -4.6318 -0.0000 -1.3770
X  1.0000 -0.0000  0.0000
Y  0.0000  1.0000  0.0000
Z  0.0000 -0.0000  1.0000

PART 7
OFFSET -3.5060  6.3408 -6.7125
X  0.9048 -0.2084 -0.3714
Y -0.1536 -0.9731  0.1718
Z -0.3972 -0.0984 -0.9124

PART 8
OFFSET  7.4363  3.8208 -11.2044
X  0.8527 -0.4283  0.2991
Y -0.4013 -0.1705  0.9000
Z -0.3344 -0.8874 -0.3172

PART 9
OFFSET  14.6891  0.1781 -8.6607
X  0.8527 -0.4283  0.2991
Y -0.3310 -0.0002  0.9436
Z -0.4041 -0.9037 -0.1419

PART 10
OFFSET  16.7886  1.2916 -8.3838
X  0.8560 -0.4249  0.2946
Y  0.3378  0.8910  0.3034
Z -0.3914 -0.1602  0.9062

PART 11
OFFSET  15.8135 -0.6901 -9.7189
X  0.8560 -0.4249  0.2946
Y  0.3378  0.8910  0.3034
Z -0.3914 -0.1602  0.9062

PART 12
OFFSET  16.2143  0.3516 -6.3410
X  0.8560 -0.4249  0.2946
Y  0.3378  0.8910  0.3034
Z -0.3914 -0.1602  0.9062

PART 13
OFFSET  15.6151 -0.9933 -6.8945
X  0.8560 -0.4249  0.2946
Y  0.3378  0.8910  0.3034
Z -0.3914 -0.1602  0.9062

PART 14
OFFSET  15.1206 -1.7576 -7.8539
X  0.8560 -0.4249  0.2946
Y  0.3378  0.8910  0.3034
Z -0.3914 -0.1602  0.9062

PART 15
OFFSET  17.1691 -1.5696 -6.6973
X  0.0662 -0.8115  0.5806
Y -0.9263  0.1663  0.3380
Z -0.3709 -0.5602 -0.7407

PART 16
OFFSET  17.1988 -3.3354 -5.4519
X  0.7418 -0.5854  0.3272
Y -0.6357 -0.4583  0.6212
Z -0.2137 -0.6687 -0.7121

PART 17
OFFSET  18.4103 -4.3280 -5.0406
X  0.9359 -0.0968 -0.3387
Y  0.1002 -0.8486  0.5194
Z -0.3377 -0.5200 -0.7845

PART 18
OFFSET  19.4086 -4.4710 -5.4340
X  0.9285  0.0877  0.3609
Y -0.3139  0.7049  0.6361
Z -0.1986 -0.7039  0.6820

PART 19
OFFSET  18.4679 -1.5890 -8.3275
X  0.9167 -0.3994 -0.0103
Y -0.3988 -0.9134 -0.0814
Z  0.0231  0.0788 -0.9966

PART 20
OFFSET  20.4754 -2.6098 -8.2156
X -0.4224 -0.8844  0.1987
Y -0.9033  0.4288 -0.0117
Z -0.0748 -0.1844 -0.9800

PART 21
OFFSET  19.8774 -3.8618 -7.9343
X -0.9973  0.0241  0.0700
Y  0.0066  0.9706 -0.2405
Z -0.0737 -0.2393 -0.9681

PART 22
OFFSET  18.9932 -3.8404 -7.8722
X -0.8026  0.5942 -0.0530
Y  0.5931  0.7852 -0.1779
Z -0.0641 -0.1742 -0.9826

PART 23
OFFSET  18.2307 -3.2759 -7.9225
X  0.2508 -0.9222  0.2943
Y  0.9561  0.1884 -0.2244
Z  0.1515  0.3377  0.9290

PART 24
OFFSET  18.3934 -1.4576 -7.6299
X  0.9596 -0.2360  0.1532
Y -0.2244 -0.9704 -0.0893
Z  0.1698  0.0513 -0.9841

PART 25
OFFSET  20.8223 -2.3229 -7.2978
X -0.3809 -0.9181  0.1101
Y -0.9200  0.3882  0.0545
Z -0.0927 -0.0805 -0.9924

PART 26
OFFSET  20.1739 -3.8859 -7.1104
X -0.9827  0.1690  0.0760
Y  0.1589  0.9795 -0.1238
Z -0.0953 -0.1096 -0.9894

PART 27
OFFSET  18.8120 -3.6516 -7.0051
X -0.6516  0.7581 -0.0254
Y  0.7533  0.6428 -0.1389
Z -0.0890 -0.1096 -0.9900

PART 28
OFFSET  19.1421 -2.2309 -4.9637
X  0.8379 -0.4909  0.2388
Y  0.4507  0.8689  0.2046
Z -0.3079 -0.0638  0.9493

PART 29
OFFSET  19.5707 -3.8132 -5.3640
X -0.9514  0.2590  0.1663
Y  0.2642  0.9644  0.0095
Z -0.1580  0.0530 -0.9860

PART 30
OFFSET  20.7755 -1.8052 -6.3283
X -0.1034 -0.9935  0.0472
Y -0.9946  0.1034 -0.0031
Z -0.0018 -0.0473 -0.9989

PART 31
OFFSET  17.3033 -1.1348 -7.7438
X  0.8658 -0.2205  0.4493
Y -0.4463  0.0663  0.8924
Z -0.2265 -0.9731 -0.0410

PART 32
OFFSET  20.4244 -1.5823 -5.3048
X  0.1460 -0.9868 -0.0707
Y -0.9795 -0.1542  0.1297
Z -0.1388  0.0503 -0.9890

PART 33
OFFSET  20.6814 -3.3196 -5.4292
X -0.9157 -0.4018  0.0039
Y -0.3997  0.9119  0.0927
Z -0.0408  0.0833 -0.9957

PART 34
OFFSET  20.5735 -3.7461 -6.2360
X -0.9790 -0.2033  0.0158
Y -0.2033  0.9791  0.0038
Z -0.0163  0.0005 -0.9999

PART 35
OFFSET  8.2563 -2.6698 -4.5431
X  1.0000 -0.0000  0.0000
Y  0.0000  1.0000  0.0000
Z  0.0000 -0.0000  1.0000

PART 36
OFFSET  18.1053 -2.8294 -7.0326
X  0.0992 -0.9937  0.0514
Y  0.9937  0.0963 -0.0566
Z  0.0513  0.0567  0.9971

PART 37
OFFSET  19.5457 -3.2513 -7.0692
X  0.1098  0.0163 -0.9938
Y  0.2264  0.9732  0.0410
Z  0.9678 -0.2295  0.1031

PART 38
OFFSET  18.2397 -3.3611 -6.1861
X  0.2264 -0.9739  0.0151
Y  0.9723  0.2250 -0.0628
Z  0.0578  0.0289  0.9979

PART 39
OFFSET  19.1435 -4.0431 -6.2129
X -0.7977  0.6024  0.0299
Y  0.6031  0.7966  0.0405
Z  0.0005  0.0503 -0.9987

PART 40
OFFSET  18.4960 -3.5206 -5.1761
X  0.0268 -0.9400 -0.3401
Y  0.9991  0.0366 -0.0224
Z  0.0335 -0.3392  0.9401

PART 41
OFFSET  1.9765 -6.8492 -8.3934
X -0.4641 -0.7780 -0.4235
Y  0.7732 -0.1226 -0.6222
Z  0.4322 -0.6162  0.6584

PART 42
OFFSET  1.8721 -4.8653 -8.5269
X -0.4697 -0.7744 -0.4238
Y -0.1603  0.5469 -0.8217
Z  0.8681 -0.3180 -0.3810

PART 43
OFFSET  1.3498 -4.6490 -7.4459
X -0.4697 -0.7744 -0.4238
Y -0.1603  0.5469 -0.8217
Z  0.8681 -0.3180 -0.3810

PART 44
OFFSET  1.7217 -5.3504 -6.3318
X -0.4697 -0.7744 -0.4238
Y -0.1603  0.5469 -0.8217
Z  0.8681 -0.3180 -0.3810

PART 45
OFFSET  3.3994 -4.4641 -7.0951
X -0.9546 -0.1418 -0.2621
Y  0.2850 -0.1775 -0.9420
Z  0.0871 -0.9739  0.2098

PART 46
OFFSET  3.5180 -3.8292 -6.1543
X -0.4986 -0.6783 -0.5397
Y  0.5783  0.2035 -0.7900
Z  0.6457 -0.7060  0.2908

PART 47
OFFSET  4.5003 -2.3464 -4.9271
X -0.9029 -0.3482  0.2521
Y -0.0610 -0.4766 -0.8770
Z  0.4255 -0.8072  0.4091

PART 48
OFFSET  5.9066 -1.7222 -5.4320
X -0.5336 -0.0213  0.8455
Y -0.6559 -0.6206 -0.4296
Z  0.5339 -0.7838  0.3172

PART 49
OFFSET  6.4703 -1.6527 -6.3536
X -0.8720  0.3599  0.3319
Y  0.0989  0.7934 -0.6006
Z -0.4794 -0.4909 -0.7274

PART 50
OFFSET  4.4947 -4.3373 -7.9243
X -0.9338 -0.2715  0.2329
Y  0.3212 -0.9231  0.2117
Z  0.1575  0.2725  0.9492

PART 51
OFFSET  6.5764 -3.5743 -8.3353
X -0.1065 -0.9920  0.0680
Y  0.9470 -0.1220 -0.2972
Z  0.3031  0.0327  0.9524

PART 52
OFFSET  6.7271 -2.1699 -8.4316
X  0.7704 -0.5953 -0.2284
Y  0.5756  0.8034 -0.1522
Z  0.2741 -0.0142  0.9616

PART 53
OFFSET  6.0441 -1.6421 -8.2290
X  0.9043  0.2997 -0.3039
Y -0.2987  0.9530  0.0510
Z  0.3049  0.0446  0.9514

PART 54
OFFSET  5.1849 -1.9268 -7.9403
X -0.5482 -0.8340  0.0628
Y -0.7689  0.5322  0.3543
Z -0.3289  0.1459 -0.9330

PART 55
OFFSET  4.5274 -4.3242 -7.2114
X -0.9690 -0.2439  0.0388
Y  0.2458 -0.9374  0.2468
Z -0.0238  0.2487  0.9683

PART 56
OFFSET  7.0513 -3.7487 -7.4504
X -0.1328 -0.9742  0.1827
Y  0.9405 -0.1820 -0.2870
Z  0.3129  0.1337  0.9403

PART 57
OFFSET  7.2774 -2.0903 -7.7615
X  0.8812 -0.4114 -0.2328
Y  0.3642  0.9049 -0.2203
Z  0.3013  0.1094  0.9472

PART 58
OFFSET  6.0561 -1.5202 -7.4388
X  0.8304  0.4611 -0.3129
Y -0.4724  0.8803  0.0436
Z  0.2956  0.1116  0.9488

PART 59
OFFSET  5.1555 -2.0202 -7.0994
X -0.3960 -0.8751  0.2781
Y -0.8752  0.4514  0.1743
Z -0.2780 -0.1744 -0.9446

PART 60
OFFSET -0.7678 -5.4264 -7.2768
X -0.9291 -0.3699 -0.0061
Y -0.3494  0.8830 -0.3134
Z  0.1213 -0.2890 -0.9496

PART 61
OFFSET  6.9363 -4.1395 -5.2855
X -0.9870 -0.0151 -0.1603
Y -0.0016 -0.9946  0.1038
Z -0.1610  0.1027  0.9816

PART 62
OFFSET  8.6740 -4.1128 -5.0033
X -0.3663 -0.9262  0.0897
Y  0.9173 -0.3433  0.2019
Z -0.1562  0.1562  0.9753

PART 63
OFFSET  9.1098 -2.9773 -5.0531
X  0.0488 -0.9944  0.0933
Y  0.9855  0.0632  0.1577
Z -0.1627  0.0843  0.9831

PART 64
OFFSET  9.0547 -1.8541 -5.1585
X -0.9513  0.2904  0.1038
Y  0.2703  0.9472 -0.1725
Z -0.1484 -0.1360 -0.9795

PART 65
OFFSET  7.1281 -4.1725 -6.3730
X -0.2627 -0.9406  0.2151
Y  0.9570 -0.2825 -0.0663
Z  0.1231  0.1884  0.9743

PART 66
OFFSET  7.6413 -2.3349 -6.7931
X  0.8288 -0.5596 -0.0008
Y  0.5392  0.7989 -0.2664
Z  0.1498  0.2204  0.9638

PART 67
OFFSET  6.4309 -1.5176 -6.7919
X  0.8851  0.3871 -0.2583
Y -0.4385  0.8796 -0.1846
Z  0.1558  0.2767  0.9483

PART 68
OFFSET  5.4270 -1.9574 -6.5062
X -0.4086 -0.8763  0.2554
Y -0.8912  0.4434  0.0956
Z -0.1970 -0.1885 -0.9621

PART 69
OFFSET  8.2563 -2.6698 -4.5431
X  1.0000 -0.0000  0.0000
Y  0.0000  1.0000  0.0000
Z  0.0000 -0.0000  1.0000

PART 70
OFFSET  13.5649 -2.9514 -2.1855
X  0.9998  0.0000  0.0204
Y  0.0000  1.0000 -0.0000
Z -0.0204  0.0000  0.9998

PART 71
OFFSET  12.4681 -2.6548 -4.2640
X  1.0000 -0.0000 -0.0000
Y  0.0000  1.0000  0.0000
Z  0.0000 -0.0000  1.0000

PART 72
OFFSET  10.6572 -2.6698 -5.6761
X  1.0000 -0.0000  0.0000
Y  0.0000  1.0000  0.0000
Z  0.0000 -0.0000  1.0000

PART 73
OFFSET  14.2297 -3.5065 -2.1284
X  0.0000 -0.8191  0.5736
Y  1.0000  0.0000  0.0000
Z -0.0000  0.5736  0.8191

PART 74
OFFSET  33.6623 -2.6540 -3.1888
X  1.0000 -0.0000  0.0000
Y  0.0000  1.0000  0.0000
Z  0.0000 -0.0000  1.0000


FRAME 257
PART 0
OFFSET -7.2604 -4.8127 -5.4071
X -0.4338  0.7169  0.5458
Y -0.3233 -0.6892  0.6484
Z  0.8410  0.1049  0.5307

PART 1
OFFSET -2.0139 -13.4829 -12.0075
X -0.4679 -0.7771 -0.4210
Y  0.8709 -0.3242 -0.3695
Z  0.1506 -0.5395  0.8284

PART 2
OFFSET  0.0000 -0.0000 -0.0000
X  1.0000 -0.0000  0.0000
Y  0.0000  1.0000  0.0000
Z  0.0000 -0.0000  1.0000

PART 3
OFFSET  0.0000 -0.0000 -0.0000
X  1.0000 -0.0002  0.0003
Y  0.0002  1.0000 -0.0002
Z -0.0003  0.0002  1.0000

PART 4
OFFSET  1.5393  0.0002  4.1362
X  1.0000 -0.0002  0.0003
Y  0.0002  1.0000 -0.0002
Z -0.0003  0.0002  1.0000

PART 5
OFFSET  0.0000 -0.0000  0.0000
X  1.0000 -0.0000  0.0000
Y  0.0000  1.0000  0.0000
Z  0.0000 -0.0000  1.0000

PART 6
OFFSET -4.6318 -0.0000 -1.3770
X  1.0000 -0.0000  0.0000
Y  0.0000  1.0000  0.0000
Z  0.0000 -0.0000  1.0000

PART 7
OFFSET -3.5060  6.3408 -6.7125
X  0.8952 -0.1860 -0.4051
Y -0.1272 -0.9776  0.1680
Z -0.4272 -0.0989 -0.8987

PART 8
OFFSET  7.3199  4.0908 -11.6115
X  0.8437 -0.4249  0.3282
Y -0.4258 -0.1572  0.8911
Z -0.3270 -0.8915 -0.3135

PART 9
OFFSET  14.4955  0.4768 -8.8203
X  0.8437 -0.4249  0.3282
Y -0.3858 -0.0547  0.9210
Z -0.3734 -0.9036 -0.2101

PART 10
OFFSET  16.5900  1.5861 -8.5140
X  0.8470 -0.4216  0.3237
Y  0.3308  0.8948  0.2998
Z -0.4160 -0.1468  0.8974

PART 11
OFFSET  15.6469 -0.4077 -9.8353
X  0.8470 -0.4216  0.3237
Y  0.3308  0.8948  0.2998
Z -0.4160 -0.1468  0.8974

PART 12
OFFSET  15.9521  0.6725 -6.4605
X  0.8470 -0.4216  0.3237
Y  0.3308  0.8948  0.2998
Z -0.4160 -0.1468  0.8974

PART 13
OFFSET  15.3715 -0.6704 -7.0131
X  0.8470 -0.4216  0.3237
Y  0.3308  0.8948  0.2998
Z -0.4160 -0.1468  0.8974

PART 14
OFFSET  14.9245 -1.4138 -7.9888
X  0.8470 -0.4216  0.3237
Y  0.3308  0.8948  0.2998
Z -0.4160 -0.1468  0.8974

PART 15
OFFSET  16.9444 -1.3294 -6.7994
X  0.0530 -0.8489  0.5259
Y -0.9304  0.1493  0.3348
Z -0.3627 -0.5070 -0.7819

PART 16
OFFSET  16.9456 -3.1745 -5.6747
X  0.7265 -0.6157  0.3050
Y -0.6552 -0.4871  0.5775
Z -0.2070 -0.6194 -0.7573

PART 17
OFFSET  18.1344 -4.2088 -5.3015
X  0.9428 -0.1029 -0.3171
Y  0.0627 -0.8795  0.4718
Z -0.3274 -0.4647 -0.8227

PART 18
OFFSET  19.1401 -4.3562 -5.6740
X  0.9192  0.0413  0.3916
Y -0.3145  0.6756  0.6669
Z -0.2370 -0.7362  0.6340

PART 19
OFFSET  18.2603 -1.2220 -8.4125
X  0.9238 -0.3814 -0.0320
Y -0.3821 -0.9139 -0.1370
Z  0.0230  0.1388 -0.9901

PART 20
OFFSET  20.2858 -2.2113 -8.3570
X -0.2762 -0.9525  0.1278
Y -0.9595  0.2809  0.0195
Z -0.0545 -0.1173 -0.9916

PART 21
OFFSET  19.8947 -3.5599 -8.1760
X -0.9589 -0.2688  0.0905
Y -0.2801  0.9477 -0.1530
Z -0.0446 -0.1721 -0.9841

PART 22
OFFSET  19.0445 -3.7982 -8.0958
X -0.9566  0.2907  0.0216
Y  0.2863  0.9509 -0.1173
Z -0.0546 -0.1060 -0.9929

PART 23
OFFSET  18.1357 -3.5221 -8.0753
X  0.5598 -0.8039  0.2007
Y  0.8248  0.5175 -0.2279
Z  0.0794  0.2931  0.9528

PART 24
OFFSET  18.1762 -1.1371 -7.7087
X  0.9619 -0.2294  0.1488
Y -0.2066 -0.9662 -0.1541
Z  0.1791  0.1175 -0.9768

PART 25
OFFSET  20.6171 -1.9804 -7.4099
X -0.2516 -0.9673  0.0303
Y -0.9654  0.2531  0.0626
Z -0.0683 -0.0135 -0.9976

PART 26
OFFSET  20.1887 -3.6273 -7.3582
X -0.9803 -0.1835  0.0733
Y -0.1860  0.9821 -0.0297
Z -0.0665 -0.0427 -0.9969

PART 27
OFFSET  18.8301 -3.8816 -7.2566
X -0.9039  0.4261  0.0376
Y  0.4234  0.9038 -0.0625
Z -0.0606 -0.0406 -0.9973

PART 28
OFFSET  18.9105 -2.0679 -5.0894
X  0.8438 -0.4912  0.2164
Y  0.4334  0.8613  0.2652
Z -0.3166 -0.1300  0.9396

PART 29
OFFSET  19.7821 -3.8898 -5.6408
X -0.9694 -0.2180  0.1129
Y -0.2054  0.9721  0.1129
Z -0.1344  0.0862 -0.9872

PART 30
OFFSET  20.5503 -1.5281 -6.4048
X  0.0291 -0.9993 -0.0222
Y -0.9994 -0.0287 -0.0209
Z  0.0202  0.0228 -0.9995

PART 31
OFFSET  17.0819 -0.8259 -7.8142
X  0.8647 -0.2345  0.4441
Y -0.4566  0.0012  0.8897
Z -0.2092 -0.9721 -0.1061

PART 32
OFFSET  20.1847 -1.3774 -5.3733
X  0.2741 -0.9529 -0.1301
Y -0.9541 -0.2863  0.0873
Z -0.1204  0.1002 -0.9876

PART 33
OFFSET  20.6672 -3.0551 -5.6023
X -0.7298 -0.6789 -0.0810
Y -0.6828  0.7179  0.1353
Z -0.0337  0.1541 -0.9875

PART 34
OFFSET  20.6072 -3.4803 -6.4483
X -0.8527 -0.5214 -0.0338
Y -0.5225  0.8506  0.0586
Z -0.0018  0.0676 -0.9977

PART 35
OFFSET  8.2560 -2.6929 -4.5847
X  1.0000  0.0016 -0.0006
Y -0.0016  1.0000  0.0013
Z  0.0006 -0.0013  1.0000

PART 36
OFFSET  17.8498 -3.4195 -7.2159
X  0.4957 -0.8673 -0.0441
Y  0.8671  0.4972 -0.0299
Z  0.0478 -0.0235  0.9986

PART 37
OFFSET  19.3538 -2.9436 -7.2512
X  0.1198  0.0822 -0.9894
Y  0.2090  0.9721  0.1060
Z  0.9705 -0.2195  0.0993

PART 38
OFFSET  18.2460 -4.0486 -6.4782
X  0.6456 -0.7631 -0.0297
Y  0.7634  0.6459  0.0007
Z  0.0186 -0.0231  0.9996

PART 39
OFFSET  19.3618 -4.2419 -6.4976
X -0.9851  0.1705  0.0234
Y  0.1721  0.9780  0.1177
Z -0.0029  0.1199 -0.9928

PART 40
OFFSET  18.6871 -4.1360 -5.5133
X  0.4632 -0.7824 -0.4163
Y  0.8724  0.4851  0.0591
Z  0.1557 -0.3906  0.9073

PART 41
OFFSET  1.9658 -6.8737 -8.4266
X -0.4679 -0.7771 -0.4210
Y  0.7682 -0.1220 -0.6285
Z  0.4370 -0.6175  0.6540

PART 42
OFFSET  1.8671 -4.8891 -8.5632
X -0.4735 -0.7735 -0.4213
Y -0.1620  0.5466 -0.8215
Z  0.8658 -0.3207 -0.3841

PART 43
OFFSET  1.3503 -4.6715 -7.4796
X -0.4735 -0.7735 -0.4213
Y -0.1620  0.5466 -0.8215
Z  0.8658 -0.3207 -0.3841

PART 44
OFFSET  1.7248 -5.3742 -6.3643
X -0.4735 -0.7735 -0.4213
Y -0.1620  0.5466 -0.8215
Z  0.8658 -0.3207 -0.3841

PART 45
OFFSET  3.4003 -4.4915 -7.1359
X -0.9545 -0.1430 -0.2616
Y  0.2846 -0.1758 -0.9424
Z  0.0887 -0.9740  0.2085

PART 46
OFFSET  3.5185 -3.8576 -6.1944
X -0.4979 -0.6784 -0.5402
Y  0.5774  0.2055 -0.7902
Z  0.6471 -0.7054  0.2894

PART 47
OFFSET  4.4993 -2.3748 -4.9659
X -0.9022 -0.3500  0.2522
Y -0.0609 -0.4756 -0.8776
Z  0.4271 -0.8070  0.4078

PART 48
OFFSET  5.9042 -1.7478 -5.4711
X -0.5330 -0.0232  0.8458
Y -0.6552 -0.6211 -0.4299
Z  0.5354 -0.7834  0.3158

PART 49
OFFSET  6.4672 -1.6763 -6.3929
X -0.8723  0.3580  0.3329
Y  0.0972  0.7943 -0.5997
Z -0.4791 -0.4908 -0.7277

PART 50
OFFSET  4.4948 -4.3620 -7.9657
X -0.9332 -0.2733  0.2332
Y  0.3228 -0.9228  0.2103
Z  0.1577  0.2715  0.9494

PART 51
OFFSET  6.5751 -3.5952 -8.3771
X -0.1048 -0.9922  0.0668
Y  0.9470 -0.1201 -0.2980
Z  0.3037  0.0320  0.9522

PART 52
OFFSET  6.7234 -2.1903 -8.4715
X  0.7712 -0.5937 -0.2297
Y  0.5743  0.8045 -0.1516
Z  0.2748 -0.0150  0.9614

PART 53
OFFSET  6.0397 -1.6639 -8.2679
X  0.9037  0.3016 -0.3041
Y -0.3002  0.9524  0.0524
Z  0.3054  0.0439  0.9512

PART 54
OFFSET  5.1812 -1.9504 -7.9790
X -0.5469 -0.8349  0.0621
Y -0.7696  0.5305  0.3554
Z -0.3297  0.1466 -0.9326

PART 55
OFFSET  4.5280 -4.3496 -7.2527
X -0.9686 -0.2455  0.0391
Y  0.2475 -0.9373  0.2455
Z -0.0236  0.2474  0.9686

PART 56
OFFSET  7.0508 -3.7699 -7.4927
X -0.1311 -0.9746  0.1816
Y  0.9406 -0.1801 -0.2879
Z  0.3133  0.1330  0.9403

PART 57
OFFSET  7.2740 -2.1106 -7.8018
X  0.8817 -0.4097 -0.2339
Y  0.3626  0.9057 -0.2194
Z  0.3017  0.1087  0.9472

PART 58
OFFSET  6.0520 -1.5429 -7.4776
X  0.8294  0.4628 -0.3129
Y -0.4737  0.8795  0.0451
Z  0.2960  0.1108  0.9487

PART 59
OFFSET  5.1525 -2.0448 -7.1383
X -0.3944 -0.8761  0.2773
Y -0.8758  0.4497  0.1754
Z -0.2784 -0.1736 -0.9446

PART 60
OFFSET -0.7655 -5.4599 -7.3162
X -0.9285 -0.3713 -0.0060
Y -0.3511  0.8828 -0.3120
Z  0.1212 -0.2876 -0.9500

PART 61
OFFSET  6.9378 -4.1637 -5.3281
X -0.9870 -0.0165 -0.1596
Y  0.0001 -0.9947  0.1025
Z -0.1605  0.1012  0.9818

PART 62
OFFSET  8.6757 -4.1345 -5.0470
X -0.3648 -0.9268  0.0888
Y  0.9180 -0.3421  0.2008
Z -0.1558  0.1547  0.9756

PART 63
OFFSET  9.1097 -2.9984 -5.0957
X  0.0505 -0.9945  0.0920
Y  0.9855  0.0645  0.1571
Z -0.1622  0.0828  0.9833

PART 64
OFFSET  9.0527 -1.8751 -5.1996
X -0.9517  0.2888  0.1048
Y  0.2687  0.9478 -0.1715
Z -0.1488 -0.1350 -0.9796

PART 65
OFFSET  7.1290 -4.1950 -6.4158
X -0.2611 -0.9413  0.2141
Y  0.9574 -0.2808 -0.0673
Z  0.1234  0.1874  0.9745

PART 66
OFFSET  7.6390 -2.3561 -6.8339
X  0.8297 -0.5583 -0.0021
Y  0.5377  0.8001 -0.2658
Z  0.1501  0.2194  0.9640

PART 67
OFFSET  6.4271 -1.5407 -6.8309
X  0.8843  0.3888 -0.2584
Y -0.4401  0.8791 -0.1832
Z  0.1559  0.2758  0.9485

PART 68
OFFSET  5.4241 -1.9825 -6.5450
X -0.4070 -0.8772  0.2546
Y -0.8919  0.4419  0.0968
Z -0.1974 -0.1876 -0.9622

PART 69
OFFSET  8.2560 -2.6929 -4.5847
X  1.0000  0.0016 -0.0006
Y -0.0016  1.0000  0.0013
Z  0.0006 -0.0013  1.0000

PART 70
OFFSET  13.5666 -2.9693 -2.2307
X  0.9998  0.0015  0.0198
Y -0.0016  1.0000  0.0012
Z -0.0198 -0.0013  0.9998

PART 71
OFFSET  12.4680 -2.6717 -4.3082
X  1.0000  0.0016 -0.0006
Y -0.0016  1.0000  0.0013
Z  0.0006 -0.0013  1.0000

PART 72
OFFSET  10.6562 -2.6877 -5.7192
X  1.0000  0.0016 -0.0006
Y -0.0016  1.0000  0.0013
Z  0.0006 -0.0013  1.0000

PART 73
OFFSET  14.2322 -3.5234 -2.1748
X  0.0016 -0.8199  0.5726
Y  1.0000  0.0016 -0.0006
Z -0.0004  0.5726  0.8199

PART 74
OFFSET  33.6628 -2.6395 -3.2462
X  1.0000  0.0016 -0.0006
Y -0.0016  1.0000  0.0013
Z  0.0006 -0.0013  1.0000


FRAME 258
PART 0
OFFSET -7.2604 -4.8127 -5.4071
X -0.4236  0.7208  0.5486
Y -0.3207 -0.6857  0.6534
Z  0.8472  0.1008  0.5216

PART 1
OFFSET -2.1377 -13.5303 -12.0421
X -0.4791 -0.7743 -0.4134
Y  0.8638 -0.3322 -0.3788
Z  0.1560 -0.5386  0.8280

PART 2
OFFSET  0.0000 -0.0000 -0.0000
X  1.0000 -0.0000  0.0000
Y  0.0000  1.0000  0.0000
Z  0.0000 -0.0000  1.0000

PART 3
OFFSET  0.0000 -0.0000 -0.0000
X  1.0000 -0.0007  0.0012
Y  0.0007  1.0000 -0.0005
Z -0.0012  0.0005  1.0000

PART 4
OFFSET  1.5357  0.0009  4.1375
X  1.0000 -0.0007  0.0012
Y  0.0007  1.0000 -0.0005
Z -0.0012  0.0005  1.0000

PART 5
OFFSET  0.0000 -0.0000  0.0000
X  1.0000 -0.0000  0.0000
Y  0.0000  1.0000  0.0000
Z  0.0000 -0.0000  1.0000

PART 6
OFFSET -4.6318 -0.0000 -1.3770
X  1.0000 -0.0000  0.0000
Y  0.0000  1.0000  0.0000
Z  0.0000 -0.0000  1.0000

PART 7
OFFSET -3.5060  6.3408 -6.7125
X  0.8797 -0.1361 -0.4556
Y -0.0829 -0.9874  0.1350
Z -0.4682 -0.0810 -0.8799

PART 8
OFFSET  7.1330  4.6947 -12.2228
X  0.8225 -0.4265  0.3763
Y -0.4769 -0.1568  0.8648
Z -0.3099 -0.8908 -0.3324

PART 9
OFFSET  14.1286  1.0668 -9.0225
X  0.8225 -0.4265  0.3763
Y -0.4769 -0.1566  0.8649
Z -0.3100 -0.8908 -0.3322

PART 10
OFFSET  16.2065  2.1519 -8.6242
X  0.8261 -0.4232  0.3720
Y  0.3145  0.8941  0.3188
Z -0.4676 -0.1464  0.8717

PART 11
OFFSET  15.3353  0.1805 -9.9695
X  0.8261 -0.4232  0.3720
Y  0.3145  0.8941  0.3188
Z -0.4676 -0.1464  0.8717

PART 12
OFFSET  15.4336  1.2343 -6.5818
X  0.8261 -0.4232  0.3720
Y  0.3145  0.8941  0.3188
Z -0.4676 -0.1464  0.8717

PART 13
OFFSET  14.8965 -0.0826 -7.1681
X  0.8261 -0.4232  0.3720
Y  0.3145  0.8941  0.3188
Z -0.4676 -0.1464  0.8717

PART 14
OFFSET  14.5472 -0.7644 -8.1913
X  0.8261 -0.4232  0.3720
Y  0.3145  0.8941  0.3188
Z -0.4676 -0.1464  0.8717

PART 15
OFFSET  16.5125 -0.8662 -6.9243
X  0.0670 -0.8868  0.4573
Y -0.9370  0.1016  0.3343
Z -0.3429 -0.4508 -0.8241

PART 16
OFFSET  16.5444 -2.7947 -5.9501
X  0.7234 -0.6327  0.2764
Y -0.6651 -0.5309  0.5252
Z -0.1856 -0.5638 -0.8048

PART 17
OFFSET  17.7311 -3.8476 -5.6253
X  0.9522 -0.1295 -0.2768
Y  0.0006 -0.9050  0.4254
Z -0.3056 -0.4053 -0.8616

PART 18
OFFSET  18.7468 -4.0216 -5.9568
X  0.8993 -0.0218  0.4368
Y -0.3178  0.6534  0.6870
Z -0.3004 -0.7567  0.5807

PART 19
OFFSET  17.8554 -0.5185 -8.4802
X  0.9393 -0.3364 -0.0672
Y -0.3426 -0.9089 -0.2378
Z  0.0189  0.2464 -0.9690

PART 20
OFFSET  19.9211 -1.4218 -8.5193
X  0.1001 -0.9949 -0.0154
Y -0.9944 -0.1006  0.0337
Z -0.0350  0.0119 -0.9993

PART 21
OFFSET  20.0629 -2.8303 -8.5411
X -0.5185 -0.8544  0.0334
Y -0.8551  0.5184 -0.0140
Z -0.0054 -0.0358 -0.9993

PART 22
OFFSET  19.6031 -3.5878 -8.5114
X -0.8110 -0.5835  0.0431
Y -0.5822  0.8121  0.0391
Z -0.0578  0.0066 -0.9983

PART 23
OFFSET  18.8327 -4.1422 -8.4705
X  0.9941 -0.0644  0.0869
Y  0.0750  0.9894 -0.1244
Z -0.0779  0.1302  0.9884

PART 24
OFFSET  17.7537 -0.5210 -7.7737
X  0.9672 -0.2090  0.1446
Y -0.1643 -0.9482 -0.2720
Z  0.1940  0.2393 -0.9514

PART 25
OFFSET  20.2219 -1.2989 -7.5256
X  0.1047 -0.9872 -0.1207
Y -0.9936 -0.1089  0.0285
Z -0.0413  0.1169 -0.9923

PART 26
OFFSET  20.4001 -2.9796 -7.7311
X -0.4430 -0.8939 -0.0688
Y -0.8961  0.4390  0.0661
Z -0.0288  0.0909 -0.9954

PART 27
OFFSET  19.7861 -4.2185 -7.8264
X -0.7566 -0.6524 -0.0431
Y -0.6533  0.7516  0.0909
Z -0.0270  0.0969 -0.9949

PART 28
OFFSET  18.4718 -1.7280 -5.2649
X  0.8583 -0.4813  0.1779
Y  0.3929  0.8394  0.3756
Z -0.3301 -0.2525  0.9096

PART 29
OFFSET  20.8737 -3.5209 -6.0826
X -0.0579 -0.9861 -0.1555
Y -0.9966  0.0479  0.0670
Z -0.0586  0.1588 -0.9856

PART 30
OFFSET  20.1148 -0.9744 -6.4663
X  0.3654 -0.9220 -0.1281
Y -0.9297 -0.3546 -0.0996
Z  0.0464  0.1555 -0.9867

PART 31
OFFSET  16.6501 -0.2409 -7.8690
X  0.8643 -0.2529  0.4348
Y -0.4742 -0.1217  0.8720
Z -0.1676 -0.9598 -0.2251

PART 32
OFFSET  19.7226 -0.9612 -5.4336
X  0.5834 -0.7852 -0.2078
Y -0.8075 -0.5881 -0.0450
Z -0.0869  0.1940 -0.9771

PART 33
OFFSET  20.7497 -2.3437 -5.7994
X  0.0994 -0.9546 -0.2810
Y -0.9937 -0.1097  0.0211
Z -0.0510  0.2771 -0.9595

PART 34
OFFSET  20.8286 -2.7756 -6.7165
X -0.0964 -0.9778 -0.1861
Y -0.9953  0.0964  0.0092
Z  0.0090  0.1861 -0.9825

PART 35
OFFSET  8.2557 -2.7604 -4.7044
X  1.0000  0.0060 -0.0014
Y -0.0060  1.0000  0.0052
Z  0.0014 -0.0052  1.0000

PART 36
OFFSET  18.9655 -4.9260 -7.8731
X  0.9918  0.1099 -0.0656
Y -0.0998  0.9848  0.1418
Z  0.0802 -0.1341  0.9877

PART 37
OFFSET  18.9937 -2.3235 -7.5032
X  0.1364  0.2035 -0.9695
Y  0.1674  0.9599  0.2251
Z  0.9764 -0.1930  0.0968

PART 38
OFFSET  20.2088 -5.2077 -7.2016
X  0.9050  0.4068  0.1245
Y -0.4217  0.8964  0.1367
Z -0.0560 -0.1762  0.9828

PART 39
OFFSET  20.6878 -4.2038 -6.9883
X -0.4233 -0.8875 -0.1821
Y -0.9054  0.4070  0.1213
Z -0.0336  0.2162 -0.9758

PART 40
OFFSET  20.8083 -4.6348 -6.2582
X  0.9020  0.3225 -0.2871
Y -0.2355  0.9248  0.2987
Z  0.3619 -0.2018  0.9101

PART 41
OFFSET  1.9371 -6.9443 -8.5261
X -0.4791 -0.7743 -0.4134
Y  0.7531 -0.1207 -0.6467
Z  0.4509 -0.6212  0.6410

PART 42
OFFSET  1.8551 -4.9578 -8.6726
X -0.4846 -0.7707 -0.4136
Y -0.1673  0.5458 -0.8211
Z  0.8586 -0.3287 -0.3934

PART 43
OFFSET  1.3551 -4.7359 -7.5810
X -0.4846 -0.7707 -0.4136
Y -0.1673  0.5458 -0.8211
Z  0.8586 -0.3287 -0.3934

PART 44
OFFSET  1.7375 -5.4424 -6.4618
X -0.4846 -0.7707 -0.4136
Y -0.1673  0.5458 -0.8211
Z  0.8586 -0.3287 -0.3934

PART 45
OFFSET  3.4059 -4.5704 -7.2588
X -0.9541 -0.1462 -0.2615
Y  0.2847 -0.1709 -0.9433
Z  0.0932 -0.9744  0.2047

PART 46
OFFSET  3.5221 -3.9397 -6.3150
X -0.4953 -0.6785 -0.5425
Y  0.5759  0.2111 -0.7898
Z  0.6504 -0.7036  0.2862

PART 47
OFFSET  4.4973 -2.4574 -5.0814
X -0.9004 -0.3550  0.2516
Y -0.0594 -0.4724 -0.8794
Z  0.4310 -0.8067  0.4043

PART 48
OFFSET  5.8990 -1.8223 -5.5853
X -0.5322 -0.0289  0.8461
Y -0.6528 -0.6224 -0.4318
Z  0.5391 -0.7822  0.3124

PART 49
OFFSET  6.4610 -1.7447 -6.5072
X -0.8737  0.3529  0.3350
Y  0.0932  0.7971 -0.5966
Z -0.4775 -0.4900 -0.7293

PART 50
OFFSET  4.4992 -4.4329 -8.0890
X -0.9318 -0.2784  0.2328
Y  0.3271 -0.9222  0.2064
Z  0.1572  0.2685  0.9504

PART 51
OFFSET  6.5758 -3.6553 -8.4990
X -0.1004 -0.9930  0.0630
Y  0.9473 -0.1148 -0.2992
Z  0.3043  0.0297  0.9521

PART 52
OFFSET  6.7178 -2.2495 -8.5881
X  0.7736 -0.5894 -0.2326
Y  0.5706  0.8076 -0.1489
Z  0.2756 -0.0175  0.9611

PART 53
OFFSET  6.0319 -1.7269 -8.3819
X  0.9021  0.3067 -0.3036
Y -0.3044  0.9509  0.0564
Z  0.3060  0.0416  0.9511

PART 54
OFFSET  5.1749 -2.0183 -8.0935
X -0.5431 -0.8376  0.0593
Y -0.7716  0.5257  0.3581
Z -0.3311  0.1488 -0.9318

PART 55
OFFSET  4.5329 -4.4232 -7.3760
X -0.9675 -0.2500  0.0389
Y  0.2518 -0.9371  0.2416
Z -0.0239  0.2436  0.9696

PART 56
OFFSET  7.0530 -3.8314 -7.6157
X -0.1266 -0.9759  0.1779
Y  0.9411 -0.1749 -0.2893
Z  0.3134  0.1307  0.9406

PART 57
OFFSET  7.2686 -2.1699 -7.9185
X  0.8834 -0.4048 -0.2362
Y  0.3584  0.9082 -0.2162
Z  0.3020  0.1063  0.9474

PART 58
OFFSET  6.0444 -1.6089 -7.5912
X  0.8271  0.4677 -0.3117
Y -0.4776  0.8772  0.0488
Z  0.2963  0.1085  0.9489

PART 59
OFFSET  5.1473 -2.1161 -7.2531
X -0.3903 -0.8789  0.2741
Y -0.8776  0.4452  0.1778
Z -0.2784 -0.1712 -0.9451

PART 60
OFFSET -0.7557 -5.5565 -7.4398
X -0.9268 -0.3754 -0.0067
Y -0.3552  0.8825 -0.3083
Z  0.1217 -0.2834 -0.9513

PART 61
OFFSET  6.9434 -4.2341 -5.4525
X -0.9871 -0.0202 -0.1589
Y  0.0045 -0.9951  0.0986
Z -0.1602  0.0966  0.9824

PART 62
OFFSET  8.6813 -4.1984 -5.1727
X -0.3606 -0.9288  0.0854
Y  0.9196 -0.3388  0.1988
Z -0.1557  0.1503  0.9763

PART 63
OFFSET  9.1103 -3.0602 -5.2173
X  0.0549 -0.9946  0.0881
Y  0.9853  0.0683  0.1566
Z -0.1618  0.0782  0.9837

PART 64
OFFSET  9.0482 -1.9368 -5.3168
X -0.9528  0.2841  0.1066
Y  0.2644  0.9497 -0.1680
Z -0.1490 -0.1319 -0.9800

PART 65
OFFSET  7.1338 -4.2603 -6.5405
X -0.2568 -0.9433  0.2106
Y  0.9586 -0.2763 -0.0691
Z  0.1234  0.1841  0.9751

PART 66
OFFSET  7.6353 -2.4176 -6.9518
X  0.8321 -0.5546 -0.0049
Y  0.5340  0.8035 -0.2631
Z  0.1499  0.2163  0.9648

PART 67
OFFSET  6.4199 -1.6076 -6.9448
X  0.8824  0.3937 -0.2576
Y -0.4441  0.8778 -0.1795
Z  0.1555  0.2727  0.9494

PART 68
OFFSET  5.4191 -2.0549 -6.6598
X -0.4029 -0.8800  0.2515
Y -0.8937  0.4375  0.0992
Z -0.1973 -0.1848 -0.9628

PART 69
OFFSET  8.2557 -2.7604 -4.7044
X  1.0000  0.0060 -0.0014
Y -0.0060  1.0000  0.0052
Z  0.0014 -0.0052  1.0000

PART 70
OFFSET  13.5693 -3.0227 -2.3556
X  0.9998  0.0059  0.0190
Y -0.0060  1.0000  0.0052
Z -0.0190 -0.0053  0.9998

PART 71
OFFSET  12.4677 -2.7218 -4.4310
X  1.0000  0.0060 -0.0014
Y -0.0060  1.0000  0.0052
Z  0.0014 -0.0052  1.0000

PART 72
OFFSET  10.6549 -2.7403 -5.8407
X  1.0000  0.0060 -0.0014
Y -0.0060  1.0000  0.0052
Z  0.0014 -0.0052  1.0000

PART 73
OFFSET  14.2374 -3.5741 -2.3024
X  0.0057 -0.8221  0.5694
Y  1.0000  0.0060 -0.0014
Z -0.0022  0.5693  0.8221

PART 74
OFFSET  33.6631 -2.6005 -3.3854
X  1.0000  0.0060 -0.0014
Y -0.0060  1.0000  0.0052
Z  0.0014 -0.0052  1.0000


FRAME 259
PART 0
OFFSET -7.2604 -4.8127 -5.4071
X -0.4062  0.7273  0.5533
Y -0.3155 -0.6798  0.6620
Z  0.8576  0.0944  0.5055

PART 1
OFFSET -2.3484 -13.6081 -12.0985
X -0.4986 -0.7694 -0.3993
Y  0.8509 -0.3463 -0.3952
Z  0.1658 -0.5368  0.8273

PART 2
OFFSET  0.0000 -0.0000 -0.0000
X  1.0000 -0.0000  0.0000
Y  0.0000  1.0000  0.0000
Z  0.0000 -0.0000  1.0000

PART 3
OFFSET  0.0000 -0.0000 -0.0000
X  1.0000 -0.0017  0.0027
Y  0.0017  1.0000 -0.0012
Z -0.0027  0.0012  1.0000

PART 4
OFFSET  1.5293  0.0022  4.1399
X  1.0000 -0.0017  0.0027
Y  0.0017  1.0000 -0.0012
Z -0.0027  0.0012  1.0000

PART 5
OFFSET  0.0000 -0.0000  0.0000
X  1.0000 -0.0000  0.0000
Y  0.0000  1.0000  0.0000
Z  0.0000 -0.0000  1.0000

PART 6
OFFSET -4.6318 -0.0000 -1.3770
X  1.0000 -0.0000  0.0000
Y  0.0000  1.0000  0.0000
Z  0.0000 -0.0000  1.0000

PART 7
OFFSET -3.5060  6.3408 -6.7125
X  0.8654 -0.0607 -0.4973
Y -0.0366 -0.9976  0.0581
Z -0.4997 -0.0321 -0.8656

PART 8
OFFSET  6.9604  5.6064 -12.7272
X  0.7911 -0.4460  0.4185
Y -0.5406 -0.1897  0.8196
Z -0.2862 -0.8747 -0.3912

PART 9
OFFSET  13.6895  1.8129 -9.1675
X  0.7911 -0.4460  0.4185
Y -0.5652 -0.2717  0.7789
Z -0.2337 -0.8528 -0.4670

PART 10
OFFSET  15.7380  2.8384 -8.6116
X  0.7951 -0.4425  0.4147
Y  0.2917  0.8786  0.3782
Z -0.5317 -0.1797  0.8276

PART 11
OFFSET  14.9616  0.9599 -10.0578
X  0.7951 -0.4425  0.4147
Y  0.2917  0.8786  0.3782
Z -0.5317 -0.1797  0.8276

PART 12
OFFSET  14.7928  1.8385 -6.6375
X  0.7951 -0.4425  0.4147
Y  0.2917  0.8786  0.3782
Z -0.5317 -0.1797  0.8276

PART 13
OFFSET  14.3142  0.5841 -7.3103
X  0.7951 -0.4425  0.4147
Y  0.2917  0.8786  0.3782
Z -0.5317 -0.1797  0.8276

PART 14
OFFSET  14.0838  0.0072 -8.4008
X  0.7951 -0.4425  0.4147
Y  0.2917  0.8786  0.3782
Z -0.5317 -0.1797  0.8276

PART 15
OFFSET  15.9822 -0.3135 -7.0428
X  0.0953 -0.9111  0.4010
Y -0.9419  0.0478  0.3324
Z -0.3220 -0.4094 -0.8536

PART 16
OFFSET  16.0759 -2.2976 -6.1918
X  0.7215 -0.6417  0.2602
Y -0.6732 -0.5622  0.4803
Z -0.1619 -0.5217 -0.8376

PART 17
OFFSET  17.2627 -3.3584 -5.8942
X  0.9543 -0.2009 -0.2212
Y -0.0987 -0.9106  0.4014
Z -0.2821 -0.3612 -0.8888

PART 18
OFFSET  18.2801 -3.6077 -6.1672
X  0.8653 -0.1039  0.4904
Y -0.3073  0.6629  0.6828
Z -0.3960 -0.7415  0.5417

PART 19
OFFSET  17.3466  0.3084 -8.4908
X  0.9554 -0.2772 -0.1015
Y -0.2950 -0.8869 -0.3555
Z  0.0085  0.3696 -0.9292

PART 20
OFFSET  19.4559 -0.4770 -8.6270
X  0.3967 -0.9025 -0.1678
Y -0.9174 -0.3961 -0.0387
Z -0.0316  0.1692 -0.9851

PART 21
OFFSET  20.0175 -1.7547 -8.8645
X  0.0245 -0.9908 -0.1329
Y -0.9996 -0.0228 -0.0143
Z  0.0111  0.1332 -0.9910

PART 22
OFFSET  20.0392 -2.6332 -8.9824
X -0.2540 -0.9595 -0.1218
Y -0.9656  0.2442  0.0892
Z -0.0559  0.1403 -0.9885

PART 23
OFFSET  19.7980 -3.5447 -9.0981
X  0.8085  0.5603  0.1801
Y -0.5726  0.8196  0.0208
Z -0.1359 -0.1200  0.9834

PART 24
OFFSET  17.2274  0.2008 -7.7952
X  0.9717 -0.1872  0.1438
Y -0.1140 -0.9056 -0.4086
Z  0.2067  0.3807 -0.9013

PART 25
OFFSET  19.7238 -0.4968 -7.5950
X  0.3864 -0.8843 -0.2622
Y -0.9220 -0.3779 -0.0843
Z -0.0245  0.2743 -0.9613

PART 26
OFFSET  20.3816 -2.0023 -8.0414
X  0.1699 -0.9529 -0.2513
Y -0.9855 -0.1656 -0.0383
Z -0.0051  0.2542 -0.9672

PART 27
OFFSET  20.6170 -3.3229 -8.3897
X -0.0340 -0.9651 -0.2596
Y -0.9994  0.0310  0.0157
Z -0.0071  0.2599 -0.9656

PART 28
OFFSET  17.9365 -1.3216 -5.4615
X  0.8746 -0.4657  0.1347
Y  0.3446  0.7927  0.5029
Z -0.3410 -0.3934  0.8538

PART 29
OFFSET  21.3378 -2.3590 -6.2158
X  0.7385 -0.6483 -0.1854
Y -0.6742 -0.7045 -0.2218
Z  0.0132  0.2888 -0.9573

PART 30
OFFSET  19.5730 -0.3364 -6.4918
X  0.5994 -0.7711 -0.2148
Y -0.7980 -0.5543 -0.2367
Z  0.0635  0.3132 -0.9475

PART 31
OFFSET  16.1149  0.4455 -7.8845
X  0.8637 -0.2763  0.4215
Y -0.4900 -0.2647  0.8306
Z -0.1179 -0.9239 -0.3640

PART 32
OFFSET  19.1548 -0.4873 -5.4805
X  0.7794 -0.5832 -0.2288
Y -0.6246 -0.7516 -0.2118
Z -0.0485  0.3080 -0.9502

PART 33
OFFSET  20.5270 -1.5142 -5.8833
X  0.6643 -0.6757 -0.3195
Y -0.7457 -0.6286 -0.2209
Z -0.0516  0.3850 -0.9215

PART 34
OFFSET  20.7439 -1.8429 -6.9114
X  0.5085 -0.8160 -0.2749
Y -0.8608 -0.4743 -0.1843
Z  0.0200  0.3304 -0.9436

PART 35
OFFSET  8.2562 -2.8778 -4.9090
X  0.9999  0.0134 -0.0010
Y -0.0134  0.9998  0.0123
Z  0.0012 -0.0123  0.9999

PART 36
OFFSET  20.5802 -4.3696 -8.6712
X  0.5984  0.7858  0.1562
Y -0.7981  0.5673  0.2031
Z  0.0710 -0.2462  0.9666

PART 37
OFFSET  18.5409 -1.5689 -7.7442
X  0.1513  0.3455 -0.9261
Y  0.1178  0.9239  0.3639
Z  0.9814 -0.1642  0.0991

PART 38
OFFSET  21.9885 -3.9852 -7.6702
X  0.2349  0.8974  0.3736
Y -0.9705  0.2383  0.0378
Z -0.0551 -0.3715  0.9268

PART 39
OFFSET  21.4866 -3.0348 -7.3129
X  0.4428 -0.8415 -0.3097
Y -0.8960 -0.4278 -0.1188
Z -0.0325  0.3301 -0.9434

PART 40
OFFSET  22.1719 -3.0913 -6.4252
X  0.3719  0.9282 -0.0086
Y -0.9011  0.3632  0.2369
Z  0.2230 -0.0803  0.9715

PART 41
OFFSET  1.8921 -7.0642 -8.7020
X -0.4986 -0.7694 -0.3993
Y  0.7258 -0.1187 -0.6776
Z  0.4739 -0.6277  0.6176

PART 42
OFFSET  1.8387 -5.0747 -8.8667
X -0.5041 -0.7657 -0.3995
Y -0.1768  0.5442 -0.8201
Z  0.8454 -0.3428 -0.4097

PART 43
OFFSET  1.3691 -4.8454 -7.7616
X -0.5041 -0.7657 -0.3995
Y -0.1768  0.5442 -0.8201
Z  0.8454 -0.3428 -0.4097

PART 44
OFFSET  1.7660 -5.5587 -6.6356
X -0.5041 -0.7657 -0.3995
Y -0.1768  0.5442 -0.8201
Z  0.8454 -0.3428 -0.4097

PART 45
OFFSET  3.4206 -4.7055 -7.4778
X -0.9529 -0.1514 -0.2628
Y  0.2862 -0.1620 -0.9444
Z  0.1004 -0.9751  0.1977

PART 46
OFFSET  3.5319 -4.0807 -6.5295
X -0.4901 -0.6783 -0.5475
Y  0.5745  0.2210 -0.7881
Z  0.6555 -0.7008  0.2814

PART 47
OFFSET  4.4956 -2.6001 -5.2849
X -0.8978 -0.3634  0.2487
Y -0.0557 -0.4666 -0.8827
Z  0.4368 -0.8064  0.3987

PART 48
OFFSET  5.8927 -1.9509 -5.7838
X -0.5322 -0.0389  0.8457
Y -0.6481 -0.6241 -0.4365
Z  0.5448 -0.7804  0.3070

PART 49
OFFSET  6.4544 -1.8626 -6.7049
X -0.8764  0.3440  0.3372
Y  0.0875  0.8020 -0.5909
Z -0.4737 -0.4883 -0.7329

PART 50
OFFSET  4.5131 -4.5538 -8.3066
X -0.9298 -0.2869  0.2305
Y  0.3338 -0.9212  0.2000
Z  0.1550  0.2629  0.9523

PART 51
OFFSET  6.5839 -3.7580 -8.7103
X -0.0930 -0.9941  0.0559
Y  0.9482 -0.1056 -0.2997
Z  0.3038  0.0251  0.9524

PART 52
OFFSET  6.7156 -2.3506 -8.7894
X  0.7780 -0.5820 -0.2365
Y  0.5646  0.8129 -0.1429
Z  0.2754 -0.0224  0.9611

PART 53
OFFSET  6.0258 -1.8346 -8.5797
X  0.8999  0.3156 -0.3011
Y -0.3114  0.9482  0.0630
Z  0.3054  0.0370  0.9515

PART 54
OFFSET  5.1709 -2.1344 -8.2937
X -0.5369 -0.8420  0.0531
Y -0.7756  0.5174  0.3616
Z -0.3319  0.1529 -0.9308

PART 55
OFFSET  4.5465 -4.5490 -7.5936
X -0.9656 -0.2574  0.0368
Y  0.2587 -0.9369  0.2350
Z -0.0260  0.2365  0.9713

PART 56
OFFSET  7.0622 -3.9369 -7.8282
X -0.1195 -0.9780  0.1708
Y  0.9425 -0.1658 -0.2902
Z  0.3122  0.1264  0.9416

PART 57
OFFSET  7.2657 -2.2717 -8.1190
X  0.8864 -0.3966 -0.2387
Y  0.3518  0.9123 -0.2095
Z  0.3009  0.1018  0.9482

PART 58
OFFSET  6.0372 -1.7221 -7.7882
X  0.8237  0.4760 -0.3081
Y -0.4841  0.8733  0.0549
Z  0.2952  0.1039  0.9498

PART 59
OFFSET  5.1438 -2.2383 -7.4540
X -0.3839 -0.8837  0.2677
Y -0.8809  0.4374  0.1807
Z -0.2768 -0.1665 -0.9464

PART 60
OFFSET -0.7335 -5.7212 -7.6670
X -0.9240 -0.3822 -0.0097
Y -0.3616  0.8820 -0.3022
Z  0.1241 -0.2757 -0.9532

PART 61
OFFSET  6.9550 -4.3558 -5.6680
X -0.9869 -0.0264 -0.1594
Y  0.0119 -0.9957  0.0915
Z -0.1612  0.0884  0.9830

PART 62
OFFSET  8.6925 -4.3092 -5.3873
X -0.3538 -0.9320  0.0787
Y  0.9220 -0.3334  0.1967
Z -0.1571  0.1421  0.9773

PART 63
OFFSET  9.1130 -3.1676 -5.4236
X  0.0623 -0.9948  0.0811
Y  0.9847  0.0745  0.1574
Z -0.1627  0.0700  0.9842

PART 64
OFFSET  9.0427 -2.0440 -5.5152
X -0.9549  0.2763  0.1083
Y  0.2574  0.9528 -0.1611
Z -0.1477 -0.1260 -0.9810

PART 65
OFFSET  7.1458 -4.3728 -6.7560
X -0.2498 -0.9466  0.2038
Y  0.9606 -0.2687 -0.0707
Z  0.1217  0.1781  0.9765

PART 66
OFFSET  7.6339 -2.5236 -7.1542
X  0.8362 -0.5484 -0.0086
Y  0.5281  0.8093 -0.2572
Z  0.1480  0.2105  0.9663

PART 67
OFFSET  6.4125 -1.7226 -7.1417
X  0.8795  0.4021 -0.2545
Y -0.4505  0.8758 -0.1733
Z  0.1532  0.2671  0.9514

PART 68
OFFSET  5.4150 -2.1793 -6.8603
X -0.3965 -0.8848  0.2450
Y -0.8970  0.4302  0.1020
Z -0.1956 -0.1793 -0.9641

PART 69
OFFSET  8.2562 -2.8778 -4.9090
X  0.9999  0.0134 -0.0010
Y -0.0134  0.9998  0.0123
Z  0.0012 -0.0123  0.9999

PART 70
OFFSET  13.5708 -3.1171 -2.5605
X  0.9997  0.0132  0.0194
Y -0.0134  0.9998  0.0123
Z -0.0192 -0.0125  0.9997

PART 71
OFFSET  12.4676 -2.8097 -4.6340
X  0.9999  0.0134 -0.0010
Y -0.0134  0.9998  0.0123
Z  0.0012 -0.0123  0.9999

PART 72
OFFSET  10.6554 -2.8316 -6.0444
X  0.9999  0.0134 -0.0010
Y -0.0134  0.9998  0.0123
Z  0.0012 -0.0123  0.9999

PART 73
OFFSET  14.2431 -3.6640 -2.5109
X  0.0117 -0.8261  0.5635
Y  0.9999  0.0134 -0.0010
Z -0.0067  0.5634  0.8261

PART 74
OFFSET  33.6613 -2.5382 -3.5808
X  0.9999  0.0134 -0.0010
Y -0.0134  0.9998  0.0123
Z  0.0012 -0.0123  0.9999


FRAME 260
PART 0
OFFSET -7.2604 -4.8127 -5.4071
X -0.3847  0.7348  0.5586
Y -0.3076 -0.6727  0.6730
Z  0.8703  0.0870  0.4848

PART 1
OFFSET -2.6082 -13.6993 -12.1633
X -0.5234 -0.7627 -0.3799
Y  0.8331 -0.3644 -0.4162
Z  0.1790 -0.5344  0.8261

PART 2
OFFSET  0.0000 -0.0000 -0.0000
X  1.0000 -0.0000  0.0000
Y  0.0000  1.0000  0.0000
Z  0.0000 -0.0000  1.0000

PART 3
OFFSET  0.0000 -0.0000 -0.0000
X  1.0000 -0.0031  0.0048
Y  0.0031  1.0000 -0.0021
Z -0.0048  0.0021  1.0000

PART 4
OFFSET  1.5205  0.0039  4.1431
X  1.0000 -0.0031  0.0048
Y  0.0031  1.0000 -0.0021
Z -0.0048  0.0021  1.0000

PART 5
OFFSET  0.0000 -0.0000  0.0000
X  1.0000 -0.0000  0.0000
Y  0.0000  1.0000  0.0000
Z  0.0000 -0.0000  1.0000

PART 6
OFFSET -4.6318 -0.0000 -1.3770
X  1.0000 -0.0000  0.0000
Y  0.0000  1.0000  0.0000
Z  0.0000 -0.0000  1.0000

PART 7
OFFSET -3.5060  6.3408 -6.7125
X  0.8547  0.0373 -0.5177
Y  0.0076 -0.9982 -0.0594
Z -0.5190  0.0469 -0.8535

PART 8
OFFSET  6.8310  6.7920 -12.9739
X  0.7521 -0.4895  0.4414
Y -0.6065 -0.2517  0.7542
Z -0.2580 -0.8349 -0.4862

PART 9
OFFSET  13.2278  2.6290 -9.2199
X  0.7521 -0.4895  0.4414
Y -0.6384 -0.3747  0.6723
Z -0.1637 -0.7874 -0.5943

PART 10
OFFSET  15.2316  3.5519 -8.4482
X  0.7563 -0.4857  0.4382
Y  0.2647  0.8398  0.4740
Z -0.5982 -0.2425  0.7637

PART 11
OFFSET  14.5634  1.8389 -10.0743
X  0.7563 -0.4857  0.4382
Y  0.2647  0.8398  0.4740
Z -0.5982 -0.2425  0.7637

PART 12
OFFSET  14.1121  2.4013 -6.6284
X  0.7563 -0.4857  0.4382
Y  0.2647  0.8398  0.4740
Z -0.5982 -0.2425  0.7637

PART 13
OFFSET  13.6926  1.2399 -7.4300
X  0.7563 -0.4857  0.4382
Y  0.2647  0.8398  0.4740
Z -0.5982 -0.2425  0.7637

PART 14
OFFSET  13.5623  0.7789 -8.5832
X  0.7563 -0.4857  0.4382
Y  0.2647  0.8398  0.4740
Z -0.5982 -0.2425  0.7637

PART 15
OFFSET  15.4043  0.2466 -7.1542
X  0.1141 -0.9243  0.3642
Y -0.9439  0.0135  0.3300
Z -0.3099 -0.3815 -0.8709

PART 16
OFFSET  15.5391 -1.7679 -6.3837
X  0.7006 -0.6632  0.2631
Y -0.6978 -0.5599  0.4468
Z -0.1490 -0.4966 -0.8551

PART 17
OFFSET  16.6951 -2.8608 -6.0814
X  0.9294 -0.3382 -0.1477
Y -0.2570 -0.8804  0.3986
Z -0.2648 -0.3325 -0.9052

PART 18
OFFSET  17.6837 -3.2567 -6.2758
X  0.8032 -0.2175  0.5545
Y -0.2586  0.7113  0.6536
Z -0.5366 -0.6684  0.5151

PART 19
OFFSET  16.7854  1.1229 -8.4463
X  0.9674 -0.2182 -0.1286
Y -0.2532 -0.8432 -0.4742
