// Export filename: `C:\projects\cod\t5\xanim_export\t5_viewmodels\ak47\ak47_masterkey_mk_sprint_loop.XANIM_EXPORT`
// Source filename: `D:\projects\devanim\t5\animation_assets\viewmodels/ak47/ViewModel_AK47_MasterKey_animated.fbx`
// Export time: Wed Jul 07 18:24:07 2010

ANIMATION
VERSION 3

NUMPARTS 77
PART 0 "tag_ads"
PART 1 "tag_torso"
PART 2 "J_Shoulder_LE"
PART 3 "J_Elbow_LE"
PART 4 "J_WristTwist_LE"
PART 5 "J_Sleave_Reshape_Bottom_LE_1"
PART 6 "J_Sleave_Reshape_Bottom_LE_2"
PART 7 "J_Sleave_Reshape_Top_LE_1"
PART 8 "J_Sleave_Reshape_Top_LE_2"
PART 9 "J_Sleave_Reshape_Top_LE_3"
PART 10 "J_Wrist_LE"
PART 11 "J_Thumb_LE_0"
PART 12 "J_Thumb_LE_1"
PART 13 "J_Thumb_LE_2"
PART 14 "J_Thumb_LE_3"
PART 15 "J_PinkyPalm_LE"
PART 16 "J_Pinky_LE_0"
PART 17 "J_Pinky_LE_1"
PART 18 "J_Pinky_LE_2"
PART 19 "J_Pinky_LE_3"
PART 20 "J_RingPalm_LE"
PART 21 "J_Ring_LE_0"
PART 22 "J_Ring_LE_1"
PART 23 "J_Ring_LE_2"
PART 24 "J_Ring_LE_3"
PART 25 "J_Webbing_LE"
PART 26 "J_Index_LE_0"
PART 27 "J_Index_LE_1"
PART 28 "J_Index_LE_2"
PART 29 "J_Index_LE_3"
PART 30 "J_Mid_LE_0"
PART 31 "J_Mid_LE_1"
PART 32 "J_Mid_LE_2"
PART 33 "J_Mid_LE_3"
PART 34 "tag_knife_attach"
PART 35 "tag_weapon"
PART 36 "J_Gun"
PART 37 "J_bolt"
PART 38 "tag_masterkey"
PART 39 "tag_brass2"
PART 40 "tag_ammo2"
PART 41 "tag_pump2"
PART 42 "TAG_CLIP"
PART 43 "TAG_FLASH"
PART 44 "J_Shoulder_RI"
PART 45 "J_Elbow_RI"
PART 46 "J_WristTwist_RI"
PART 47 "J_Sleave_Reshape_Top_RI_3"
PART 48 "J_Sleave_Reshape_Top_RI_2"
PART 49 "J_Sleave_Reshape_Top_RI_1"
PART 50 "J_Wrist_RI"
PART 51 "J_Thumb_RI_0"
PART 52 "J_Thumb_RI_1"
PART 53 "J_Thumb_RI_2"
PART 54 "J_Thumb_RI_3"
PART 55 "J_PinkyPalm_RI"
PART 56 "J_Pinky_RI_0"
PART 57 "J_Pinky_RI_1"
PART 58 "J_Pinky_RI_2"
PART 59 "J_Pinky_RI_3"
PART 60 "J_RingPalm_RI"
PART 61 "J_Ring_RI_0"
PART 62 "J_Ring_RI_1"
PART 63 "J_Ring_RI_2"
PART 64 "J_Ring_RI_3"
PART 65 "J_Webbing_RI"
PART 66 "J_Index_RI_0"
PART 67 "J_Index_RI_1"
PART 68 "J_Index_RI_2"
PART 69 "J_Index_RI_3"
PART 70 "J_Mid_RI_0"
PART 71 "J_Mid_RI_1"
PART 72 "J_Mid_RI_2"
PART 73 "J_Mid_RI_3"
PART 74 "tag_cambone"
PART 75 "tag_camera"
PART 76 "tag_gasmask"

FRAMERATE 30
NUMFRAMES 31

FRAME 1910
PART 0
OFFSET  0.0000 -0.0000 -0.0000
X  1.0000 -0.0000  0.0000
Y  0.0000  1.0000  0.0000
Z  0.0000 -0.0000  1.0000

PART 1
OFFSET -4.6318 -0.0000 -1.3770
X  1.0000 -0.0000  0.0000
Y  0.0000  1.0000  0.0000
Z  0.0000 -0.0000  1.0000

PART 2
OFFSET  1.7451  1.5305 -7.3407
X  0.7486  0.4365 -0.4991
Y -0.0280 -0.7313 -0.6815
Z -0.6624  0.5242 -0.5352

PART 3
OFFSET  10.7990  6.8089 -13.3763
X  0.9306 -0.1965 -0.3088
Y -0.0570 -0.9112  0.4079
Z -0.3615 -0.3620 -0.8592

PART 4
OFFSET  18.7143  5.1380 -16.0027
X  0.9306 -0.1965 -0.3088
Y  0.1667  0.9787 -0.1202
Z  0.3258  0.0604  0.9435

PART 5
OFFSET  20.7011  6.2209 -15.2255
X  0.9319 -0.1901 -0.3089
Y  0.3597  0.3756  0.8541
Z -0.0463 -0.9071  0.4184

PART 6
OFFSET  19.4657  5.8185 -17.4554
X  0.9319 -0.1901 -0.3089
Y  0.3597  0.3756  0.8541
Z -0.0463 -0.9071  0.4184

PART 7
OFFSET  20.9247  3.9499 -14.8029
X  0.9319 -0.1901 -0.3089
Y  0.3597  0.3756  0.8541
Z -0.0463 -0.9071  0.4184

PART 8
OFFSET  20.1695  3.0521 -16.1906
X  0.9319 -0.1901 -0.3089
Y  0.3597  0.3756  0.8541
Z -0.0463 -0.9071  0.4184

PART 9
OFFSET  19.4300  3.1988 -17.2774
X  0.9319 -0.1901 -0.3089
Y  0.3597  0.3756  0.8541
Z -0.0463 -0.9071  0.4184

PART 10
OFFSET  21.5673  4.5357 -16.9493
X  0.8961  0.4066 -0.1779
Y -0.4233  0.9035 -0.0668
Z  0.1335  0.1352  0.9818

PART 11
OFFSET  21.6168  5.6461 -16.6907
X  0.7109  0.7030 -0.0189
Y -0.6564  0.6537 -0.3765
Z -0.2523  0.2800  0.9262

PART 12
OFFSET  23.0713  7.2439 -16.7175
X  0.9346  0.3155 -0.1642
Y -0.3480  0.9063 -0.2396
Z  0.0733  0.2811  0.9569

PART 13
OFFSET  24.6091  7.7306 -16.8612
X  0.7771  0.5892 -0.2211
Y -0.6293  0.7257 -0.2781
Z -0.0034  0.3553  0.9348

PART 14
OFFSET  25.4386  8.3964 -17.0622
X  0.4462  0.3563 -0.8210
Y -0.2578 -0.8273 -0.4991
Z -0.8570  0.4344 -0.2773

PART 15
OFFSET  22.8058  3.9396 -16.8298
X  0.8839 -0.0262  0.4670
Y -0.4312  0.3414  0.8352
Z -0.1813 -0.9395  0.2905

PART 16
OFFSET  24.7652  4.0595 -15.7205
X -0.0171  0.4262  0.9045
Y -0.9998 -0.0011 -0.0184
Z -0.0069 -0.9046  0.4262

PART 17
OFFSET  24.7410  4.6629 -14.4399
X -0.7614  0.2944  0.5775
Y -0.6480 -0.3686 -0.6665
Z  0.0167 -0.8817  0.4715

PART 18
OFFSET  24.0659  4.9239 -13.9279
X -0.9998  0.0198 -0.0041
Y -0.0046 -0.4207 -0.9072
Z -0.0197 -0.9070  0.4208

PART 19
OFFSET  23.1160  4.9428 -13.9318
X  0.7705  0.3801  0.5118
Y  0.6374 -0.4450 -0.6290
Z -0.0114  0.8108 -0.5851

PART 20
OFFSET  22.7029  4.6107 -17.0505
X  0.9836  0.1103 -0.1428
Y  0.1336  0.0870  0.9872
Z  0.1213 -0.9901  0.0708

PART 21
OFFSET  25.2938  4.7734 -16.9113
X  0.3199  0.2644  0.9098
Y -0.9465  0.0472  0.3191
Z  0.0414 -0.9632  0.2654

PART 22
OFFSET  25.8385  5.2236 -15.3624
X -0.7251  0.1574  0.6704
Y -0.6862 -0.2468 -0.6843
Z  0.0578 -0.9562  0.2869

PART 23
OFFSET  24.8335  5.4417 -14.4332
X -0.9980 -0.0579  0.0248
Y -0.0074 -0.2840 -0.9588
Z  0.0626 -0.9571  0.2830

PART 24
OFFSET  23.7511  5.3789 -14.4063
X  0.8250  0.1626  0.5413
Y  0.5633 -0.1581 -0.8110
Z -0.0463  0.9739 -0.2220

PART 25
OFFSET  23.7293  7.2963 -17.0775
X  0.9621  0.2454  0.1186
Y  0.1162  0.0242 -0.9929
Z -0.2466  0.9691 -0.0052

PART 26
OFFSET  24.6902  6.7514 -18.0576
X  0.9984 -0.0561  0.0076
Y -0.0045  0.0555  0.9984
Z -0.0564 -0.9969  0.0552

PART 27
OFFSET  26.4480  6.6526 -18.0442
X  0.7691 -0.0473  0.6374
Y -0.6368  0.0284  0.7705
Z -0.0545 -0.9985 -0.0083

PART 28
OFFSET  27.3863  6.6557 -17.2688
X  0.0084  0.1466  0.9892
Y -0.9997 -0.0196  0.0114
Z  0.0211 -0.9890  0.1464

PART 29
OFFSET  27.3958  6.8214 -16.1516
X  0.9057 -0.3082 -0.2911
Y -0.3097 -0.0121 -0.9507
Z  0.2895  0.9513 -0.1064

PART 30
OFFSET  25.0777  5.7520 -17.7901
X  0.7415  0.0597  0.6682
Y -0.6705  0.0982  0.7353
Z -0.0217 -0.9934  0.1128

PART 31
OFFSET  26.5264  5.8686 -16.4846
X -0.3948  0.1132  0.9117
Y -0.9167  0.0182 -0.3992
Z -0.0618 -0.9934  0.0966

PART 32
OFFSET  25.9497  6.0339 -15.1529
X -0.9734  0.1077  0.2025
Y -0.2067 -0.0298 -0.9779
Z -0.0993 -0.9937  0.0513

PART 33
OFFSET  24.8467  6.1489 -14.9225
X  0.8847 -0.0000  0.4661
Y  0.4596 -0.1660 -0.8725
Z  0.0774  0.9861 -0.1468

PART 34
OFFSET  24.4284  5.3572 -15.8994
X  0.0774 -0.9891  0.1256
Y -0.1335 -0.1352 -0.9818
Z  0.9880  0.0593 -0.1426

PART 35
OFFSET  10.2443 -1.9509 -7.0301
X  0.7570  0.5117 -0.4063
Y -0.6468  0.4986 -0.5771
Z -0.0927  0.6997  0.7084

PART 36
OFFSET  10.2443 -1.9509 -7.0301
X  0.7570  0.5117 -0.4063
Y -0.6468  0.4986 -0.5771
Z -0.0927  0.6997  0.7084

PART 37
OFFSET  14.2205  2.2705 -7.3512
X  0.7550  0.5259 -0.3917
Y -0.6468  0.4986 -0.5771
Z -0.1082  0.6891  0.7166

PART 38
OFFSET  17.4567  1.0798 -12.4936
X  0.7570  0.5117 -0.4063
Y -0.6468  0.4986 -0.5771
Z -0.0927  0.6997  0.7084

PART 39
OFFSET  21.4331  4.7990 -13.1537
X  0.5031  0.4792 -0.7192
Y  0.4377 -0.8588 -0.2661
Z -0.7452 -0.1809 -0.6419

PART 40
OFFSET  0.6667 -9.4769 -2.8233
X  0.6559  0.7498 -0.0873
Y -0.6468  0.4986 -0.5771
Z -0.3892  0.4350  0.8120

PART 41
OFFSET  25.3098  4.8205 -18.0630
X  0.6468 -0.4986  0.5771
Y  0.7570  0.5117 -0.4063
Z -0.0927  0.6997  0.7084

PART 42
OFFSET  13.3971  0.4071 -8.5523
X  0.7570  0.5117 -0.4063
Y -0.6468  0.4986 -0.5771
Z -0.0927  0.6997  0.7084

PART 43
OFFSET  27.8726  9.4382 -16.9742
X  0.7570  0.5117 -0.4063
Y -0.6468  0.4986 -0.5771
Z -0.0927  0.6997  0.7084

PART 44
OFFSET -10.8444 -11.7139 -5.9426
X -0.9335  0.3392 -0.1162
Y -0.2261 -0.3051  0.9251
Z  0.2783  0.8899  0.3615

PART 45
OFFSET  0.4454 -15.8159 -4.5369
X -0.6498 -0.7518  0.1117
Y  0.7582 -0.6311  0.1637
Z -0.0526  0.1911  0.9802

PART 46
OFFSET  5.9725 -9.4213 -5.4867
X -0.6498 -0.7518  0.1117
Y  0.4908 -0.5273 -0.6936
Z  0.5803 -0.3959  0.7117

PART 47
OFFSET  6.4545 -8.1393 -6.9321
X -0.6541 -0.7487  0.1078
Y  0.0434 -0.1794 -0.9828
Z  0.7551 -0.6382  0.1498

PART 48
OFFSET  5.9679 -7.1353 -6.4390
X -0.6541 -0.7487  0.1078
Y  0.0434 -0.1794 -0.9828
Z  0.7551 -0.6382  0.1498

PART 49
OFFSET  6.0689 -6.8918 -5.0961
X -0.6541 -0.7487  0.1078
Y  0.0434 -0.1794 -0.9828
Z  0.7551 -0.6382  0.1498

PART 50
OFFSET  7.9647 -7.1164 -5.8291
X -0.6066 -0.7425  0.2840
Y  0.4179 -0.6017 -0.6807
Z  0.6763 -0.2942  0.6753

PART 51
OFFSET  7.5567 -6.0810 -5.5772
X  0.1113 -0.9710  0.2117
Y  0.3794 -0.1554 -0.9121
Z  0.9185  0.1819  0.3511

PART 52
OFFSET  7.2275 -3.9803 -5.9626
X -0.4816 -0.4593  0.7464
Y  0.3435 -0.8825 -0.3214
Z  0.8063  0.1016  0.5827

PART 53
OFFSET  7.9351 -3.3029 -7.2521
X -0.4685  0.3079  0.8281
Y -0.0549 -0.9457  0.3205
Z  0.8818  0.1047  0.4599

PART 54
OFFSET  8.4023 -3.6245 -8.1740
X -0.9236 -0.0349  0.3819
Y -0.3828  0.0257 -0.9235
Z  0.0224 -0.9991 -0.0371

PART 55
OFFSET  8.7888 -7.0730 -6.9347
X -0.5528 -0.4503  0.7011
Y  0.8206 -0.1478  0.5521
Z -0.1450  0.8806  0.4512

PART 56
OFFSET  9.9092 -5.9148 -8.5121
X  0.5548 -0.5015  0.6639
Y  0.8233  0.2158 -0.5249
Z  0.1199  0.8378  0.5326

PART 57
OFFSET  9.1238 -5.2048 -9.4520
X  0.9894 -0.0624 -0.1313
Y -0.0698  0.5886 -0.8054
Z  0.1275  0.8060  0.5780

PART 58
OFFSET  8.2466 -5.1495 -9.3356
X  0.5188  0.3995 -0.7558
Y -0.8473  0.3579 -0.3925
Z  0.1137  0.8440  0.5242

PART 59
OFFSET  7.7537 -5.5291 -8.6175
X  0.1186 -0.6523  0.7487
Y -0.9592  0.1197  0.2563
Z -0.2568 -0.7485 -0.6114

PART 60
OFFSET  8.7390 -6.5508 -6.4505
X -0.5794 -0.5903  0.5620
Y  0.7695 -0.1688  0.6160
Z -0.2688  0.7893  0.5520

PART 61
OFFSET  10.2996 -5.1397 -7.9774
X  0.5126 -0.4258  0.7457
Y  0.8563  0.1897 -0.4803
Z  0.0631  0.8847  0.4618

PART 62
OFFSET  9.4270 -4.4148 -9.2469
X  0.9548  0.0830 -0.2855
Y -0.2891  0.4833 -0.8263
Z  0.0694  0.8715  0.4855

PART 63
OFFSET  8.1037 -4.5298 -8.8513
X  0.3595  0.4358 -0.8252
Y -0.9310  0.2278 -0.2853
Z  0.0636  0.8708  0.4876

PART 64
OFFSET  7.7138 -5.0024 -7.9564
X  0.2404 -0.4443  0.8630
Y -0.9706 -0.1008  0.2185
Z -0.0101 -0.8902 -0.4555

PART 65
OFFSET  5.4492 -9.8557 -3.7095
X -0.4635 -0.6641  0.5866
Y -0.8065  0.0420 -0.5897
Z  0.3670 -0.7465 -0.5551

PART 66
OFFSET  10.2646 -3.8786 -6.1714
X -0.7225 -0.6247  0.2962
Y  0.6324 -0.4240  0.6483
Z -0.2795  0.6557  0.7014

PART 67
OFFSET  11.5367 -2.7787 -6.6928
X  0.3133 -0.5863  0.7470
Y  0.8977  0.4395 -0.0315
Z -0.3099  0.6804  0.6640

PART 68
OFFSET  11.1370 -2.0246 -7.5607
X  0.6715 -0.4053  0.6203
Y  0.6904  0.6462 -0.3252
Z -0.2690  0.6467  0.7137

PART 69
OFFSET  10.3785 -1.5668 -8.2613
X -0.9175 -0.2695  0.2924
Y -0.3920  0.4897 -0.7788
Z  0.0667 -0.8292 -0.5549

PART 70
OFFSET  10.5319 -4.5578 -7.0007
X  0.3896 -0.4530  0.8019
Y  0.9133  0.3025 -0.2728
Z -0.1190  0.8386  0.5315

PART 71
OFFSET  9.7709 -3.6729 -8.5672
X  0.9894  0.1445 -0.0144
Y -0.0839  0.4879 -0.8689
Z -0.1185  0.8609  0.4948

PART 72
OFFSET  8.3257 -3.8839 -8.5462
X  0.4436  0.4651 -0.7661
Y -0.8838  0.0850 -0.4602
Z -0.1489  0.8812  0.4488

PART 73
OFFSET  7.8237 -4.4168 -7.6820
X  0.2338 -0.4672  0.8526
Y -0.9703 -0.1680  0.1740
Z  0.0619 -0.8680 -0.4927

PART 74
OFFSET  0.0000 -0.0000 -0.0000
X  1.0000 -0.0000  0.0000
Y  0.0000  1.0000  0.0000
Z  0.0000 -0.0000  1.0000

PART 75
OFFSET  0.0000 -0.0000 -0.0000
X  1.0000 -0.0000  0.0000
Y  0.0000  1.0000  0.0000
Z  0.0000 -0.0000  1.0000

PART 76
OFFSET  1.5404 -0.0000  4.1357
X  1.0000 -0.0000  0.0000
Y  0.0000  1.0000  0.0000
Z  0.0000 -0.0000  1.0000


FRAME 1911
PART 0
OFFSET  0.0000 -0.0000 -0.0000
X  1.0000 -0.0000  0.0000
Y  0.0000  1.0000  0.0000
Z  0.0000 -0.0000  1.0000

PART 1
OFFSET -4.6318 -0.0000 -1.3770
X  1.0000 -0.0000  0.0000
Y  0.0000  1.0000  0.0000
Z  0.0000 -0.0000  1.0000

PART 2
OFFSET  1.7683  1.5092 -7.3435
X  0.7398  0.4519 -0.4984
Y -0.0099 -0.7334 -0.6797
Z -0.6727  0.5078 -0.5381

PART 3
OFFSET  10.7158  6.9750 -13.3709
X  0.9338 -0.2058 -0.2926
Y -0.0679 -0.9051  0.4198
Z -0.3512 -0.3721 -0.8592

PART 4
OFFSET  18.6583  5.2245 -15.8598
X  0.9338 -0.2058 -0.2926
Y  0.1775  0.9767 -0.1205
Z  0.3106  0.0606  0.9486

PART 5
OFFSET  20.6399  6.3076 -15.0695
X  0.9351 -0.1994 -0.2928
Y  0.3496  0.3857  0.8538
Z -0.0574 -0.9008  0.4304

PART 6
OFFSET  19.4341  5.8805 -17.3110
X  0.9351 -0.1994 -0.2928
Y  0.3496  0.3857  0.8538
Z -0.0574 -0.9008  0.4304

PART 7
OFFSET  20.8447  4.0416 -14.6119
X  0.9351 -0.1994 -0.2928
Y  0.3496  0.3857  0.8538
Z -0.0574 -0.9008  0.4304

PART 8
OFFSET  20.1043  3.1284 -15.9975
X  0.9351 -0.1994 -0.2928
Y  0.3496  0.3857  0.8538
Z -0.0574 -0.9008  0.4304

PART 9
OFFSET  19.3813  3.2637 -17.0967
X  0.9351 -0.1994 -0.2928
Y  0.3496  0.3857  0.8538
Z -0.0574 -0.9008  0.4304

PART 10
OFFSET  21.5211  4.5936 -16.7569
X  0.8827  0.4396 -0.1661
Y -0.4552  0.8876 -0.0703
Z  0.1165  0.1377  0.9836

PART 11
OFFSET  21.5267  5.7044 -16.4956
X  0.6849  0.7286 -0.0089
Y -0.6753  0.6301 -0.3833
Z -0.2737  0.2685  0.9236

PART 12
OFFSET  22.9220  7.3545 -16.5016
X  0.9244  0.3498 -0.1522
Y -0.3780  0.8935 -0.2422
Z  0.0512  0.2814  0.9582

PART 13
OFFSET  24.4426  7.8975 -16.6255
X  0.7577  0.6178 -0.2105
Y -0.6520  0.7028 -0.2845
Z -0.0278  0.3528  0.9353

PART 14
OFFSET  25.2495  8.5936 -16.8151
X  0.4428  0.3742 -0.8148
Y -0.2213 -0.8350 -0.5038
Z -0.8689  0.4034 -0.2870

PART 15
OFFSET  22.7790  4.0430 -16.6233
X  0.8785  0.0051  0.4778
Y -0.4535  0.3235  0.8305
Z -0.1503 -0.9462  0.2865

PART 16
OFFSET  24.7191  4.2319 -15.4897
X -0.0437  0.4232  0.9050
Y -0.9988 -0.0376 -0.0307
Z  0.0210 -0.9052  0.4244

PART 17
OFFSET  24.6572  4.8311 -14.2085
X -0.7787  0.2650  0.5687
Y -0.6259 -0.3906 -0.6750
Z  0.0432 -0.8816  0.4700

PART 18
OFFSET  23.9668  5.0661 -13.7043
X -0.9997 -0.0168 -0.0163
Y  0.0219 -0.4186 -0.9079
Z  0.0084 -0.9080  0.4188

PART 19
OFFSET  23.0170  5.0502 -13.7198
X  0.7497  0.4069  0.5219
Y  0.6609 -0.4199 -0.6220
Z -0.0339  0.8112 -0.5838

PART 20
OFFSET  22.6544  4.7103 -16.8439
X  0.9806  0.1465 -0.1306
Y  0.1183  0.0896  0.9889
Z  0.1566 -0.9851  0.0705

PART 21
OFFSET  25.2357  4.9675 -16.6727
X  0.2989  0.2739  0.9141
Y -0.9515  0.0118  0.3076
Z  0.0734 -0.9617  0.2641

PART 22
OFFSET  25.7445  5.4338 -15.1164
X -0.7385  0.1292  0.6618
Y -0.6683 -0.2702 -0.6931
Z  0.0892 -0.9541  0.2858

PART 23
OFFSET  24.7210  5.6128 -14.1992
X -0.9954 -0.0945  0.0125
Y  0.0147 -0.2819 -0.9593
Z  0.0941 -0.9548  0.2820

PART 24
OFFSET  23.6414  5.5104 -14.1857
X  0.8118  0.1915  0.5516
Y  0.5785 -0.1355 -0.8043
Z -0.0792  0.9721 -0.2208

PART 25
OFFSET  23.5819  7.4317 -16.8534
X  0.9510  0.2802  0.1308
Y  0.1273  0.0307 -0.9914
Z -0.2818  0.9594 -0.0064

PART 26
OFFSET  24.5740  6.9246 -17.8227
X  0.9996 -0.0195  0.0198
Y -0.0187  0.0530  0.9984
Z -0.0206 -0.9984  0.0526

PART 27
OFFSET  26.3340  6.8902 -17.7879
X  0.7625 -0.0206  0.6467
Y -0.6468  0.0033  0.7627
Z -0.0178 -0.9998 -0.0108

PART 28
OFFSET  27.2620  6.9259 -17.0011
X -0.0090  0.1446  0.9895
Y -0.9984 -0.0563 -0.0009
Z  0.0555 -0.9879  0.1449

PART 29
OFFSET  27.2519  7.0892 -15.8834
X  0.9199 -0.2742 -0.2806
Y -0.2975 -0.0213 -0.9545
Z  0.2557  0.9614 -0.1011

PART 30
OFFSET  24.9946  5.9395 -17.5523
X  0.7307  0.0852  0.6774
Y -0.6826  0.0719  0.7272
Z  0.0133 -0.9938  0.1107

PART 31
OFFSET  26.4220  6.1060 -16.2289
X -0.4098  0.0966  0.9070
Y -0.9118 -0.0144 -0.4104
Z -0.0266 -0.9952  0.0940

PART 32
OFFSET  25.8234  6.2471 -14.9041
X -0.9790  0.0715  0.1907
Y -0.1935 -0.0351 -0.9805
Z -0.0634 -0.9968  0.0482

PART 33
OFFSET  24.7143  6.3211 -14.6870
X  0.8784  0.0313  0.4769
Y  0.4760 -0.1470 -0.8671
Z  0.0430  0.9886 -0.1441

PART 34
OFFSET  24.3372  5.5168 -15.6704
X  0.1121 -0.9858  0.1247
Y -0.1165 -0.1377 -0.9836
Z  0.9868  0.0957 -0.1303

PART 35
OFFSET  10.3232 -2.3257 -6.9893
X  0.7427  0.5400 -0.3960
Y -0.6575  0.4759 -0.5841
Z -0.1269  0.6942  0.7085

PART 36
OFFSET  10.3232 -2.3257 -6.9893
X  0.7427  0.5400 -0.3960
Y -0.6575  0.4759 -0.5841
Z -0.1269  0.6942  0.7085

PART 37
OFFSET  14.1457  2.0391 -7.2538
X  0.7399  0.5541 -0.3815
Y -0.6575  0.4759 -0.5841
Z -0.1421  0.6830  0.7165

PART 38
OFFSET  17.4858  0.9794 -12.3583
X  0.7427  0.5400 -0.3960
Y -0.6575  0.4759 -0.5841
Z -0.1269  0.6942  0.7085

PART 39
OFFSET  21.3311  4.8431 -12.9627
X  0.4940  0.4990 -0.7121
Y  0.4721 -0.8416 -0.2623
Z -0.7302 -0.2066 -0.6513

PART 40
OFFSET  0.9771 -10.2069 -2.9142
X  0.6290  0.7735 -0.0779
Y -0.6575  0.4759 -0.5841
Z -0.4147  0.4186  0.8079

PART 41
OFFSET  25.2640  5.0177 -17.8240
X  0.6575 -0.4759  0.5841
Y  0.7427  0.5400 -0.3960
Z -0.1269  0.6942  0.7085

PART 42
OFFSET  13.4058  0.1495 -8.4684
X  0.7427  0.5400 -0.3960
Y -0.6575  0.4759 -0.5841
Z -0.1269  0.6942  0.7085

PART 43
OFFSET  27.6425  9.7236 -16.6954
X  0.7427  0.5400 -0.3960
Y -0.6575  0.4759 -0.5841
Z -0.1269  0.6942  0.7085

PART 44
OFFSET -10.8444 -11.7139 -5.9426
X -0.9281  0.3530 -0.1181
Y -0.2303 -0.2953  0.9272
Z  0.2924  0.8878  0.3554

PART 45
OFFSET  0.3803 -15.9829 -4.5137
X -0.6775 -0.7267  0.1134
Y  0.7339 -0.6576  0.1702
Z -0.0491  0.1985  0.9789

PART 46
OFFSET  6.1428 -9.8019 -5.4782
X -0.6775 -0.7267  0.1134
Y  0.4837 -0.5563 -0.6757
Z  0.5541 -0.4029  0.7284

PART 47
OFFSET  6.6769 -8.5469 -6.9289
X -0.6817 -0.7234  0.1094
Y  0.0403 -0.1865 -0.9816
Z  0.7305 -0.6647  0.1563

PART 48
OFFSET  6.2260 -7.5228 -6.4433
X -0.6817 -0.7234  0.1094
Y  0.0403 -0.1865 -0.9816
Z  0.7305 -0.6647  0.1563

PART 49
OFFSET  6.3310 -7.2755 -5.1014
X -0.6817 -0.7234  0.1094
Y  0.0403 -0.1865 -0.9816
Z  0.7305 -0.6647  0.1563

PART 50
OFFSET  8.2199 -7.5740 -5.8258
X -0.5824 -0.7649  0.2752
Y  0.4479 -0.5845 -0.6766
Z  0.6784 -0.2708  0.6830

PART 51
OFFSET  7.7711 -6.5547 -5.5771
X  0.1442 -0.9667  0.2113
Y  0.3959 -0.1393 -0.9077
Z  0.9069  0.2145  0.3627

PART 52
OFFSET  7.3699 -4.4666 -5.9626
X -0.4735 -0.4783  0.7396
Y  0.3794 -0.8686 -0.3188
Z  0.7949  0.1297  0.5927

PART 53
OFFSET  8.0679 -3.7608 -7.2421
X -0.4895  0.2886  0.8228
Y -0.0242 -0.9478  0.3180
Z  0.8717  0.1358  0.4709

PART 54
OFFSET  8.5578 -4.0630 -8.1588
X -0.9262 -0.0695  0.3705
Y -0.3722  0.0138 -0.9280
Z  0.0594 -0.9975 -0.0387

PART 55
OFFSET  9.0552 -7.4978 -6.9212
X -0.5445 -0.4718  0.6935
Y  0.8187 -0.1189  0.5618
Z -0.1826  0.8736  0.4510

PART 56
OFFSET  10.1516 -6.2959 -8.4825
X  0.5646 -0.4824  0.6697
Y  0.8212  0.2470 -0.5144
Z  0.0827  0.8404  0.5356

PART 57
OFFSET  9.3522 -5.6129 -9.4307
X  0.9925 -0.0258 -0.1193
Y -0.0815  0.5875 -0.8051
Z  0.0909  0.8088  0.5810

PART 58
OFFSET  8.4722 -5.5901 -9.3250
X  0.5130  0.4200 -0.7486
Y -0.8550  0.3275 -0.4022
Z  0.0763  0.8464  0.5271

PART 59
OFFSET  7.9848 -5.9891 -8.6137
X  0.1333 -0.6492  0.7489
Y -0.9660  0.0840  0.2447
Z -0.2217 -0.7560 -0.6159

PART 60
OFFSET  8.9804 -6.9790 -6.4367
X -0.5642 -0.6124  0.5537
Y  0.7675 -0.1419  0.6251
Z -0.3042  0.7777  0.5501

PART 61
OFFSET  10.5068 -5.5082 -7.9417
X  0.5187 -0.4084  0.7511
Y  0.8546  0.2220 -0.4695
Z  0.0250  0.8854  0.4642

PART 62
OFFSET  9.6237 -4.8129 -9.2205
X  0.9545  0.1185 -0.2736
Y -0.2965  0.4743 -0.8289
Z  0.0315  0.8723  0.4879

PART 63
OFFSET  8.3009 -4.9771 -8.8413
X  0.3533  0.4505 -0.8199
Y -0.9352  0.1942 -0.2963
Z  0.0257  0.8714  0.4899

PART 64
OFFSET  7.9177 -5.4657 -7.9521
X  0.2460 -0.4372  0.8651
Y -0.9689 -0.1367  0.2064
Z  0.0280 -0.8889 -0.4572

PART 65
OFFSET  5.7807 -10.4083 -3.7423
X -0.4460 -0.6819  0.5797
Y -0.8003  0.0138 -0.5995
Z  0.4008 -0.7313 -0.5519

PART 66
OFFSET  10.4036 -4.2534 -6.1339
X -0.7027 -0.6514  0.2861
Y  0.6395 -0.4020  0.6553
Z -0.3118  0.6434  0.6991

PART 67
OFFSET  11.6408 -3.1065 -6.6377
X  0.3254 -0.5762  0.7497
Y  0.8813  0.4722 -0.0196
Z -0.3427  0.6671  0.6614

PART 68
OFFSET  11.2244 -2.3655 -7.5090
X  0.6783 -0.3819  0.6278
Y  0.6702  0.6717 -0.3155
Z -0.3012  0.6348  0.7116

PART 69
OFFSET  10.4582 -1.9342 -8.2181
X -0.9106 -0.3035  0.2806
Y -0.4001  0.4768 -0.7827
Z  0.1038 -0.8249 -0.5556

PART 70
OFFSET  10.7057 -4.9205 -6.9611
X  0.3961 -0.4403  0.8058
Y  0.9048  0.3363 -0.2610
Z -0.1561  0.8325  0.5316

PART 71
OFFSET  9.9319 -4.0604 -8.5352
X  0.9836  0.1806 -0.0020
Y -0.0911  0.4865 -0.8689
Z -0.1559  0.8548  0.4949

PART 72
OFFSET  8.4953 -4.3242 -8.5323
X  0.4356  0.4828 -0.7597
Y -0.8806  0.0536 -0.4708
Z -0.1866  0.8741  0.4485

PART 73
OFFSET  8.0027 -4.8771 -7.6754
X  0.2404 -0.4603  0.8546
Y -0.9655 -0.2038  0.1618
Z  0.0997 -0.8640 -0.4935

PART 74
OFFSET  0.0000 -0.0000 -0.0000
X  1.0000 -0.0000  0.0000
Y  0.0000  1.0000  0.0000
Z  0.0000 -0.0000  1.0000

PART 75
OFFSET  0.0000 -0.0000 -0.0000
X  1.0000 -0.0000  0.0000
Y  0.0000  1.0000  0.0000
Z  0.0000 -0.0000  1.0000

PART 76
OFFSET  1.5404 -0.0000  4.1357
X  1.0000 -0.0000  0.0000
Y  0.0000  1.0000  0.0000
Z  0.0000 -0.0000  1.0000


FRAME 1912
PART 0
OFFSET  0.0000 -0.0000 -0.0000
X  1.0000 -0.0000  0.0000
Y  0.0000  1.0000  0.0000
Z  0.0000 -0.0000  1.0000

PART 1
OFFSET -4.6318 -0.0000 -1.3770
X  1.0000 -0.0000  0.0000
Y  0.0000  1.0000  0.0000
Z  0.0000 -0.0000  1.0000

PART 2
OFFSET  1.7926  1.4870 -7.3464
X  0.7307  0.4678 -0.4973
Y  0.0123 -0.7373 -0.6754
Z -0.6826  0.4874 -0.5445

PART 3
OFFSET  10.6295  7.1442 -13.3603
X  0.9369 -0.2269 -0.2659
Y -0.0922 -0.8942  0.4381
Z -0.3372 -0.3859 -0.8587

PART 4
OFFSET  18.5984  5.2144 -15.6220
X  0.9369 -0.2269 -0.2659
Y  0.2029  0.9725 -0.1147
Z  0.2846  0.0535  0.9572

PART 5
OFFSET  20.5783  6.2841 -14.8095
X  0.9383 -0.2205 -0.2662
Y  0.3359  0.3994  0.8530
Z -0.0818 -0.8899  0.4488

PART 6
OFFSET  19.4181  5.8253 -17.0688
X  0.9383 -0.2205 -0.2662
Y  0.3359  0.3994  0.8530
Z -0.0818 -0.8899  0.4488

PART 7
OFFSET  20.7360  4.0260 -14.2971
X  0.9383 -0.2205 -0.2662
Y  0.3359  0.3994  0.8530
Z -0.0818 -0.8899  0.4488

PART 8
OFFSET  20.0133  3.0935 -15.6791
X  0.9383 -0.2205 -0.2662
Y  0.3359  0.3994  0.8530
Z -0.0818 -0.8899  0.4488

PART 9
OFFSET  19.3183  3.2152 -16.7978
X  0.9383 -0.2205 -0.2662
Y  0.3359  0.3994  0.8530
Z -0.0818 -0.8899  0.4488

PART 10
OFFSET  21.4707  4.5189 -16.4372
X  0.8672  0.4750 -0.1493
Y -0.4884  0.8698 -0.0696
Z  0.0968  0.1333  0.9863

PART 11
OFFSET  21.4292  5.6267 -16.1666
X  0.6560  0.7547  0.0074
Y -0.6937  0.6068 -0.3880
Z -0.2973  0.2493  0.9216

PART 12
OFFSET  22.7590  7.3298 -16.1380
X  0.9121  0.3869 -0.1355
Y -0.4091  0.8803 -0.2403
Z  0.0263  0.2746  0.9612

PART 13
OFFSET  24.2588  7.9326 -16.2347
X  0.7360  0.6486 -0.1940
Y -0.6747  0.6794 -0.2882
Z -0.0552  0.3430  0.9377

PART 14
OFFSET  25.0407  8.6613 -16.4064
X  0.4397  0.3985 -0.8049
Y -0.1812 -0.8384 -0.5140
Z -0.8797  0.3718 -0.2964

PART 15
OFFSET  22.7471  4.0164 -16.2896
X  0.8706  0.0350  0.4908
Y -0.4778  0.2981  0.8263
Z -0.1174 -0.9539  0.2763

PART 16
OFFSET  24.6616  4.2705 -15.1258
X -0.0734  0.4131  0.9077
Y -0.9960 -0.0761 -0.0459
Z  0.0502 -0.9075  0.4170

PART 17
OFFSET  24.5578  4.8553 -13.8406
X -0.7966  0.2294  0.5592
Y -0.6003 -0.4085 -0.6875
Z  0.0707 -0.8834  0.4632

PART 18
OFFSET  23.8514  5.0587 -13.3448
X -0.9980 -0.0555 -0.0313
Y  0.0514 -0.4092 -0.9110
Z  0.0377 -0.9107  0.4112

PART 19
OFFSET  22.9034  5.0060 -13.3746
X  0.7256  0.4310  0.5364
Y  0.6857 -0.3883 -0.6156
Z -0.0571  0.8145 -0.5773

PART 20
OFFSET  22.5997  4.6803 -16.5065
X  0.9759  0.1857 -0.1147
Y  0.1003  0.0852  0.9913
Z  0.1939 -0.9789  0.0645

PART 21
OFFSET  25.1662  5.0361 -16.2947
X  0.2747  0.2771  0.9207
Y -0.9556 -0.0279  0.2935
Z  0.1070 -0.9604  0.2571

PART 22
OFFSET  25.6339  5.5079 -14.7271
X -0.7525  0.0944  0.6518
Y -0.6471 -0.2897 -0.7052
Z  0.1222 -0.9524  0.2791

PART 23
OFFSET  24.5909  5.6387 -13.8238
X -0.9911 -0.1332 -0.0031
Y  0.0396 -0.2725 -0.9613
Z  0.1272 -0.9529  0.2753

PART 24
OFFSET  23.5161  5.4943 -13.8272
X  0.7956  0.2179  0.5652
Y  0.5950 -0.1057 -0.7967
Z -0.1139  0.9702 -0.2137

PART 25
OFFSET  23.4204  7.4358 -16.4793
X  0.9373  0.3158  0.1473
Y  0.1404  0.0446 -0.9891
Z -0.3189  0.9478 -0.0025

PART 26
OFFSET  24.4455  6.9763 -17.4379
X  0.9992  0.0192  0.0345
Y -0.0353  0.0433  0.9984
Z  0.0176 -0.9989  0.0439

PART 27
OFFSET  26.2048  7.0101 -17.3772
X  0.7532  0.0033  0.6577
Y -0.6574 -0.0287  0.7530
Z  0.0213 -0.9996 -0.0195

PART 28
OFFSET  27.1192  7.0748 -16.5764
X -0.0290  0.1352  0.9904
Y -0.9953 -0.0950 -0.0162
Z  0.0919 -0.9862  0.1373

PART 29
OFFSET  27.0864  7.2275 -15.4578
X  0.9338 -0.2356 -0.2692
Y -0.2825 -0.0243 -0.9590
Z  0.2194  0.9715 -0.0892

PART 30
OFFSET  24.9003  6.0059 -17.1696
X  0.7169  0.1075  0.6889
Y -0.6954  0.0387  0.7176
Z  0.0504 -0.9935  0.1025

PART 31
OFFSET  26.3007  6.2159 -15.8238
X -0.4264  0.0725  0.9016
Y -0.9045 -0.0462 -0.4240
Z  0.0109 -0.9963  0.0852

PART 32
OFFSET  25.6779  6.3217 -14.5068
X -0.9838  0.0317  0.1767
Y -0.1778 -0.0338 -0.9835
Z -0.0252 -0.9989  0.0389

PART 33
OFFSET  24.5636  6.3506 -14.3057
X  0.8695  0.0612  0.4902
Y  0.4939 -0.1206 -0.8611
Z  0.0065  0.9908 -0.1351

PART 34
OFFSET  24.2326  5.5411 -15.3013
X  0.1486 -0.9818  0.1181
Y -0.0968 -0.1333 -0.9863
Z  0.9841  0.1352 -0.1148

PART 35
OFFSET  10.4105 -2.9181 -6.8958
X  0.7267  0.5720 -0.3804
Y -0.6670  0.4552 -0.5898
Z -0.1642  0.6823  0.7124

PART 36
OFFSET  10.4105 -2.9181 -6.8958
X  0.7267  0.5720 -0.3804
Y -0.6670  0.4552 -0.5898
Z -0.1642  0.6823  0.7124

PART 37
OFFSET  14.0633  1.5942 -7.0667
X  0.7232  0.5858 -0.3658
Y -0.6670  0.4552 -0.5898
Z -0.1790  0.6705  0.7200

PART 38
OFFSET  17.5160  0.7112 -12.1297
X  0.7267  0.5720 -0.3804
Y -0.6670  0.4552 -0.5898
Z -0.1642  0.6823  0.7124

PART 39
OFFSET  21.2160  4.7267 -12.6444
X  0.4844  0.5242 -0.7004
Y  0.5083 -0.8202 -0.2623
Z -0.7120 -0.2290 -0.6638

PART 40
OFFSET  1.3208 -11.1930 -3.0266
X  0.5994  0.7980 -0.0620
Y -0.6670  0.4552 -0.5898
Z -0.4424  0.3949  0.8052

PART 41
OFFSET  25.2093  5.0978 -17.4450
X  0.6670 -0.4552  0.5898
Y  0.7267  0.5720 -0.3804
Z -0.1642  0.6823  0.7124

PART 42
OFFSET  13.4154 -0.3117 -8.3080
X  0.7267  0.5720 -0.3804
Y -0.6670  0.4552 -0.5898
Z -0.1642  0.6823  0.7124

PART 43
OFFSET  27.3858  9.8823 -16.2416
X  0.7267  0.5720 -0.3804
Y -0.6670  0.4552 -0.5898
Z -0.1642  0.6823  0.7124

PART 44
OFFSET -10.8444 -11.7139 -5.9426
X -0.9182  0.3768 -0.1221
Y -0.2386 -0.2803  0.9298
Z  0.3161  0.8829  0.3472

PART 45
OFFSET  0.2606 -16.2702 -4.4660
X -0.7118 -0.6927  0.1160
Y  0.7010 -0.6903  0.1793
Z -0.0442  0.2089  0.9769

PART 46
OFFSET  6.3147 -10.3782 -5.4524
X -0.7118 -0.6927  0.1160
Y  0.4702 -0.5926 -0.6540
Z  0.5218 -0.4110  0.7475

PART 47
OFFSET  6.9146 -9.1623 -6.9107
X -0.7158 -0.6893  0.1120
Y  0.0360 -0.1966 -0.9798
Z  0.6974 -0.6973  0.1655

PART 48
OFFSET  6.5105 -8.1139 -6.4359
X -0.7158 -0.6893  0.1120
Y  0.0360 -0.1966 -0.9798
Z  0.6974 -0.6973  0.1655

PART 49
OFFSET  6.6209 -7.8604 -5.0956
X -0.7158 -0.6893  0.1120
Y  0.0360 -0.1966 -0.9798
Z  0.6974 -0.6973  0.1655

PART 50
OFFSET  8.4968 -8.2544 -5.8079
X -0.5561 -0.7894  0.2600
Y  0.4801 -0.5605 -0.6748
Z  0.6784 -0.2504  0.6907

PART 51
OFFSET  8.0051 -7.2556 -5.5574
X  0.1787 -0.9622  0.2053
Y  0.4142 -0.1156 -0.9028
Z  0.8925  0.2464  0.3779

PART 52
OFFSET  7.5284 -5.1813 -5.9312
X -0.4652 -0.5030  0.7285
Y  0.4176 -0.8503 -0.3204
Z  0.7805  0.1552  0.6056

PART 53
OFFSET  8.2168 -4.4375 -7.1941
X -0.5123  0.2619  0.8179
Y  0.0082 -0.9508  0.3097
Z  0.8588  0.1654  0.4850

PART 54
OFFSET  8.7314 -4.7121 -8.1060
X -0.9281 -0.1088  0.3560
Y -0.3589  0.0077 -0.9333
Z  0.0988 -0.9940 -0.0462

PART 55
OFFSET  9.3444 -8.1360 -6.8901
X -0.5357 -0.4989  0.6813
Y  0.8144 -0.0920  0.5729
Z -0.2231  0.8618  0.4556

PART 56
OFFSET  10.4156 -6.8783 -8.4248
X  0.5732 -0.4660  0.6740
Y  0.8183  0.2834 -0.5000
Z  0.0420  0.8382  0.5438

PART 57
OFFSET  9.6041 -6.2185 -9.3790
X  0.9944  0.0139 -0.1047
Y -0.0926  0.5911 -0.8012
Z  0.0508  0.8065  0.5891

PART 58
OFFSET  8.7224 -6.2308 -9.2861
X  0.5071  0.4463 -0.7374
Y -0.8612  0.2976 -0.4121
Z  0.0355  0.8439  0.5352

PART 59
OFFSET  8.2407 -6.6548 -8.5856
X  0.1476 -0.6502  0.7453
Y -0.9719  0.0441  0.2310
Z -0.1831 -0.7585 -0.6255

PART 60
OFFSET  9.2424 -7.6248 -6.4024
X -0.5479 -0.6388  0.5401
Y  0.7633 -0.1176  0.6352
Z -0.3423  0.7603  0.5521

PART 61
OFFSET  10.7320 -6.0823 -7.8722
X  0.5233 -0.3947  0.7553
Y  0.8520  0.2593 -0.4548
Z -0.0163  0.8815  0.4719

PART 62
OFFSET  9.8411 -5.4104 -9.1580
X  0.9530  0.1580 -0.2584
Y -0.3027  0.4699 -0.8292
Z -0.0096  0.8685  0.4956

PART 63
OFFSET  8.5203 -5.6294 -8.8000
X  0.3473  0.4713 -0.8107
Y -0.9376  0.1603 -0.3085
Z -0.0154  0.8673  0.4976

PART 64
OFFSET  8.1436 -6.1405 -7.9207
X  0.2503 -0.4350  0.8649
Y -0.9657 -0.1761  0.1908
Z  0.0693 -0.8830 -0.4642

PART 65
OFFSET  6.1401 -11.2001 -3.7848
X -0.4274 -0.7040  0.5672
Y -0.7914 -0.0119 -0.6112
Z  0.4370 -0.7101 -0.5520

PART 66
OFFSET  10.5536 -4.8488 -6.0556
X -0.6808 -0.6808  0.2702
Y  0.6451 -0.3827  0.6613
Z -0.3468  0.6245  0.6998

PART 67
OFFSET  11.7523 -3.6501 -6.5313
X  0.3367 -0.5698  0.7496
Y  0.8624  0.5062 -0.0026
Z -0.3780  0.6473  0.6619

PART 68
OFFSET  11.3200 -2.9181 -7.4024
X  0.6835 -0.3608  0.6346
Y  0.6480  0.7001 -0.2999
Z -0.3361  0.6162  0.7123

PART 69
OFFSET  10.5480 -2.5105 -8.1191
X -0.9020 -0.3412  0.2645
Y -0.4070  0.4679 -0.7845
Z  0.1439 -0.8153 -0.5609

PART 70
OFFSET  10.8935 -5.4961 -6.8838
X  0.4012 -0.4317  0.8078
Y  0.8947  0.3736 -0.2447
Z -0.1962  0.8210  0.5362

PART 71
OFFSET  10.1097 -4.6527 -8.4620
X  0.9757  0.2187  0.0141
Y -0.0974  0.4903 -0.8661
Z -0.1963  0.8436  0.4997

PART 72
OFFSET  8.6846 -4.9722 -8.4826
X  0.4274  0.5062 -0.7491
Y -0.8751  0.0236 -0.4834
Z -0.2270  0.8621  0.4530

PART 73
OFFSET  8.2015 -5.5515 -7.6378
X  0.2457 -0.4583  0.8542
Y -0.9591 -0.2426  0.1457
Z  0.1405 -0.8550 -0.4992

PART 74
OFFSET  0.0000 -0.0000 -0.0000
X  1.0000 -0.0000  0.0000
Y  0.0000  1.0000  0.0000
Z  0.0000 -0.0000  1.0000

PART 75
OFFSET  0.0000 -0.0000 -0.0000
X  1.0000 -0.0000  0.0000
Y  0.0000  1.0000  0.0000
Z  0.0000 -0.0000  1.0000

PART 76
OFFSET  1.5404 -0.0000  4.1357
X  1.0000 -0.0000  0.0000
Y  0.0000  1.0000  0.0000
Z  0.0000 -0.0000  1.0000


FRAME 1913
PART 0
OFFSET  0.0000 -0.0000 -0.0000
X  1.0000 -0.0000  0.0000
Y  0.0000  1.0000  0.0000
Z  0.0000 -0.0000  1.0000

PART 1
OFFSET -4.6318 -0.0000 -1.3770
X  1.0000 -0.0000  0.0000
Y  0.0000  1.0000  0.0000
Z  0.0000 -0.0000  1.0000

PART 2
OFFSET  1.8178  1.4639 -7.3494
X  0.7329  0.4667 -0.4950
Y  0.0192 -0.7415 -0.6707
Z -0.6800  0.4820 -0.5524

PART 3
OFFSET  10.6816  7.1082 -13.3359
X  0.9360 -0.2544 -0.2435
Y -0.1229 -0.8840  0.4511
Z -0.3300 -0.3923 -0.8586

PART 4
OFFSET  18.6423  4.9448 -15.4067
X  0.9360 -0.2544 -0.2435
Y  0.2359  0.9663 -0.1028
Z  0.2614  0.0388  0.9644

PART 5
OFFSET  20.6321  5.9794 -14.5732
X  0.9376 -0.2481 -0.2438
Y  0.3291  0.4057  0.8527
Z -0.1126 -0.8797  0.4620

PART 6
OFFSET  19.5048  5.5103 -16.8470
X  0.9376 -0.2481 -0.2438
Y  0.3291  0.4057  0.8527
Z -0.1126 -0.8797  0.4620

PART 7
OFFSET  20.7236  3.7273 -14.0200
X  0.9376 -0.2481 -0.2438
Y  0.3291  0.4057  0.8527
Z -0.1126 -0.8797  0.4620

PART 8
OFFSET  20.0048  2.7891 -15.4002
X  0.9376 -0.2481 -0.2438
Y  0.3291  0.4057  0.8527
Z -0.1126 -0.8797  0.4620

PART 9
OFFSET  19.3348  2.9085 -16.5343
X  0.9376 -0.2481 -0.2438
Y  0.3291  0.4057  0.8527
Z -0.1126 -0.8797  0.4620

PART 10
OFFSET  21.5116  4.1650 -16.1531
X  0.8695  0.4737 -0.1398
Y -0.4847  0.8728 -0.0578
Z  0.0946  0.1180  0.9885

PART 11
OFFSET  21.4739  5.2688 -15.8659
X  0.6590  0.7519  0.0206
Y -0.6902  0.6154 -0.3806
Z -0.2988  0.2366  0.9245

PART 12
OFFSET  22.8105  6.9658 -15.8081
X  0.9140  0.3851 -0.1272
Y -0.4048  0.8855 -0.2281
Z  0.0248  0.2600  0.9653

PART 13
OFFSET  24.3130  7.5639 -15.8917
X  0.7391  0.6485 -0.1822
Y -0.6712  0.6865 -0.2797
Z -0.0563  0.3290  0.9426

PART 14
OFFSET  25.0983  8.2919 -16.0504
X  0.4435  0.4088 -0.7976
Y -0.1832 -0.8298 -0.5271
Z -0.8774  0.3799 -0.2931

PART 15
OFFSET  22.7856  3.6552 -16.0098
X  0.8694  0.0240  0.4936
Y -0.4788  0.2876  0.8295
Z -0.1220 -0.9575  0.2615

PART 16
OFFSET  24.6980  3.8838 -14.8372
X -0.0741  0.3996  0.9137
Y -0.9962 -0.0714 -0.0496
Z  0.0454 -0.9139  0.4034

PART 17
OFFSET  24.5930  4.4496 -13.5436
X -0.7972  0.2242  0.5605
Y -0.6001 -0.3957 -0.6952
Z  0.0659 -0.8906  0.4500

PART 18
OFFSET  23.8862  4.6484 -13.0466
X -0.9981 -0.0509 -0.0348
Y  0.0522 -0.3956 -0.9169
Z  0.0329 -0.9170  0.3975

PART 19
OFFSET  22.9380  4.6000 -13.0797
X  0.7259  0.4199  0.5447
Y  0.6858 -0.3818 -0.6196
Z -0.0522  0.8233 -0.5651

PART 20
OFFSET  22.6415  4.3229 -16.2170
X  0.9769  0.1834 -0.1093
Y  0.0980  0.0699  0.9927
Z  0.1897 -0.9805  0.0503

PART 21
OFFSET  25.2088  4.6650 -15.9930
X  0.2733  0.2620  0.9255
Y -0.9565 -0.0285  0.2905
Z  0.1025 -0.9646  0.2428

PART 22
OFFSET  25.6742  5.1111 -14.4173
X -0.7539  0.0876  0.6511
Y -0.6464 -0.2764 -0.7112
Z  0.1176 -0.9570  0.2650

PART 23
OFFSET  24.6293  5.2326 -13.5149
X -0.9916 -0.1291 -0.0077
Y  0.0411 -0.2581 -0.9652
Z  0.1226 -0.9575  0.2612

PART 24
OFFSET  23.5539  5.0926 -13.5233
X  0.7950  0.2061  0.5706
Y  0.5967 -0.0961 -0.7967
Z -0.1094  0.9738 -0.1994

PART 25
OFFSET  23.4733  7.0742 -16.1460
X  0.9382  0.3097  0.1545
Y  0.1433  0.0589 -0.9879
Z -0.3151  0.9490  0.0109

PART 26
OFFSET  24.4991  6.6251 -17.1088
X  0.9992  0.0146  0.0374
Y -0.0378  0.0284  0.9989
Z  0.0135 -0.9995  0.0289

PART 27
OFFSET  26.2583  6.6508 -17.0429
X  0.7515 -0.0097  0.6597
Y -0.6595 -0.0374  0.7507
Z  0.0174 -0.9993 -0.0345

PART 28
OFFSET  27.1708  6.6997 -16.2388
X -0.0312  0.1204  0.9922
Y -0.9957 -0.0907 -0.0203
Z  0.0876 -0.9886  0.1227

PART 29
OFFSET  27.1356  6.8356 -15.1180
X  0.9336 -0.2354 -0.2702
Y -0.2800 -0.0086 -0.9600
Z  0.2236  0.9719 -0.0740

PART 30
OFFSET  24.9492  5.6490 -16.8539
X  0.7154  0.0942  0.6923
Y -0.6972  0.0307  0.7163
Z  0.0461 -0.9951  0.0876

PART 31
OFFSET  26.3468  5.8329 -15.5014
X -0.4285  0.0606  0.9015
Y -0.9035 -0.0361 -0.4271
Z  0.0067 -0.9975  0.0702

PART 32
OFFSET  25.7209  5.9214 -14.1846
X -0.9841  0.0330  0.1746
Y -0.1752 -0.0182 -0.9844
Z -0.0293 -0.9993  0.0237

PART 33
OFFSET  24.6062  5.9517 -13.9861
X  0.8684  0.0502  0.4933
Y  0.4958 -0.1096 -0.8615
Z  0.0108  0.9927 -0.1201

PART 34
OFFSET  24.2745  5.1587 -14.9946
X  0.1443 -0.9841  0.1037
Y -0.0946 -0.1180 -0.9885
Z  0.9850  0.1329 -0.1102

PART 35
OFFSET  10.3958 -3.3699 -6.7543
X  0.7300  0.5747 -0.3698
Y -0.6636  0.4668 -0.5846
Z -0.1634  0.6722  0.7221

PART 36
OFFSET  10.3958 -3.3699 -6.7543
X  0.7300  0.5747 -0.3698
Y -0.6636  0.4668 -0.5846
Z -0.1634  0.6722  0.7221

PART 37
OFFSET  14.0672  1.1296 -6.8474
X  0.7265  0.5883 -0.3550
Y -0.6636  0.4668 -0.5846
Z -0.1782  0.6603  0.7296

PART 38
OFFSET  17.5300  0.3089 -11.9141
X  0.7300  0.5747 -0.3698
Y -0.6636  0.4668 -0.5846
Z -0.1634  0.6722  0.7221

PART 39
OFFSET  21.2475  4.3167 -12.3583
X  0.4884  0.5327 -0.6911
Y  0.5057 -0.8183 -0.2733
Z -0.7111 -0.2160 -0.6690

PART 40
OFFSET  1.2622 -11.6651 -3.0345
X  0.6028  0.7964 -0.0484
Y -0.6636  0.4668 -0.5846
Z -0.4430  0.3845  0.8099

PART 41
OFFSET  25.2553  4.7438 -17.1422
X  0.6636 -0.4668  0.5846
Y  0.7300  0.5747 -0.3698
Z -0.1634  0.6722  0.7221

PART 42
OFFSET  13.4150 -0.7547 -8.1191
X  0.7300  0.5747 -0.3698
Y -0.6636  0.4668 -0.5846
Z -0.1634  0.6722  0.7221

PART 43
OFFSET  27.4478  9.5007 -15.8609
X  0.7300  0.5747 -0.3698
Y -0.6636  0.4668 -0.5846
Z -0.1634  0.6722  0.7221

PART 44
OFFSET -10.8444 -11.7139 -5.9426
X -0.9055  0.4047 -0.1275
Y -0.2519 -0.2708  0.9291
Z  0.3415  0.8734  0.3472

PART 45
OFFSET  0.1066 -16.6087 -4.4006
X -0.7217 -0.6823  0.1168
Y  0.6909 -0.6996  0.1822
Z -0.0426  0.2122  0.9763

PART 46
OFFSET  6.2451 -10.8058 -5.3941
X -0.7217 -0.6823  0.1168
Y  0.4593 -0.5983 -0.6566
Z  0.5179 -0.4202  0.7451

PART 47
OFFSET  6.8642 -9.6026 -6.8548
X -0.7256 -0.6788  0.1128
Y  0.0346 -0.1997 -0.9792
Z  0.6872 -0.7067  0.1684

PART 48
OFFSET  6.4744 -8.5472 -6.3835
X -0.7256 -0.6788  0.1128
Y  0.0346 -0.1997 -0.9792
Z  0.6872 -0.7067  0.1684

PART 49
OFFSET  6.5864 -8.2916 -5.0437
X -0.7256 -0.6788  0.1128
Y  0.0346 -0.1997 -0.9792
Z  0.6872 -0.7067  0.1684

PART 50
OFFSET  8.4576 -8.7142 -5.7522
X -0.5600 -0.7910  0.2466
Y  0.4797 -0.5522 -0.6819
Z  0.6755 -0.2635  0.6886

PART 51
OFFSET  7.9692 -7.7173 -5.4879
X  0.1743 -0.9660  0.1912
Y  0.4162 -0.1037 -0.9034
Z  0.8924  0.2370  0.3839

PART 52
OFFSET  7.5019 -5.6356 -5.8316
X -0.4691 -0.5120  0.7196
Y  0.4151 -0.8470 -0.3321
Z  0.7795  0.1429  0.6099

PART 53
OFFSET  8.1968 -4.8756 -7.0814
X -0.5135  0.2517  0.8204
Y  0.0035 -0.9554  0.2953
Z  0.8581  0.1545  0.4897

PART 54
OFFSET  8.7127 -5.1386 -7.9959
X -0.9295 -0.1104  0.3519
Y -0.3564  0.0232 -0.9340
Z  0.0949 -0.9936 -0.0609

PART 55
OFFSET  9.3086 -8.5829 -6.8302
X -0.5395 -0.5069  0.6723
Y  0.8125 -0.1040  0.5736
Z -0.2209  0.8557  0.4680

PART 56
OFFSET  10.3890 -7.3066 -8.3429
X  0.5695 -0.4785  0.6684
Y  0.8208  0.2876 -0.4935
Z  0.0440  0.8297  0.5565

PART 57
OFFSET  9.5827 -6.6291 -9.2892
X  0.9947  0.0114 -0.1019
Y -0.0881  0.6035 -0.7925
Z  0.0525  0.7973  0.6014

PART 58
OFFSET  8.7008 -6.6393 -9.1988
X  0.5109  0.4553 -0.7292
Y -0.8588  0.3073 -0.4098
Z  0.0375  0.8356  0.5480

PART 59
OFFSET  8.2154 -7.0718 -8.5061
X  0.1430 -0.6620  0.7357
Y -0.9724  0.0446  0.2291
Z -0.1845 -0.7482 -0.6373

PART 60
OFFSET  9.2073 -8.0787 -6.3351
X -0.5519 -0.6447  0.5290
Y  0.7611 -0.1303  0.6354
Z -0.3407  0.7533  0.5626

PART 61
OFFSET  10.7071 -6.5203 -7.7775
X  0.5196 -0.4082  0.7506
Y  0.8543  0.2626 -0.4486
Z -0.0140  0.8743  0.4851

PART 62
OFFSET  9.8224 -5.8254 -9.0554
X  0.9544  0.1580 -0.2534
Y -0.2985  0.4835 -0.8228
Z -0.0075  0.8609  0.5086

PART 63
OFFSET  8.4997 -6.0444 -8.7042
X  0.3514  0.4820 -0.8026
Y -0.9361  0.1688 -0.3085
Z -0.0132  0.8597  0.5106

PART 64
OFFSET  8.1186 -6.5672 -7.8337
X  0.2462 -0.4491  0.8589
Y -0.9669 -0.1751  0.1856
Z  0.0670 -0.8762 -0.4773

PART 65
OFFSET  6.0835 -11.6804 -3.7800
X -0.4318 -0.7107  0.5554
Y -0.7898  0.0005 -0.6134
Z  0.4356 -0.7035 -0.5615

PART 66
OFFSET  10.5288 -5.3136 -5.9430
X -0.6843 -0.6820  0.2581
Y  0.6418 -0.3953  0.6571
Z -0.3462  0.6153  0.7082

PART 67
OFFSET  11.7336 -4.1128 -6.3973
X  0.3324 -0.5824  0.7418
Y  0.8644  0.5027  0.0074
Z -0.3772  0.6388  0.6706

PART 68
OFFSET  11.3066 -3.3660 -7.2584
X  0.6803 -0.3732  0.6308
Y  0.6517  0.7019 -0.2876
Z -0.3355  0.6067  0.7207

PART 69
OFFSET  10.5382 -2.9445 -7.9710
X -0.9041 -0.3415  0.2569
Y -0.4030  0.4813 -0.7784
Z  0.1422 -0.8073 -0.5728

PART 70
OFFSET  10.8683 -5.9498 -6.7800
X  0.3973 -0.4455  0.8023
Y  0.8969  0.3736 -0.2367
Z -0.1943  0.8136  0.5480

PART 71
OFFSET  10.0922 -5.0794 -8.3473
X  0.9765  0.2145  0.0200
Y -0.0931  0.5037 -0.8588
Z -0.1943  0.8368  0.5119

PART 72
OFFSET  8.6658 -5.3927 -8.3765
X  0.4315  0.5157 -0.7402
Y -0.8737  0.0344 -0.4853
Z -0.2248  0.8561  0.4654

PART 73
OFFSET  8.1782 -5.9828 -7.5418
X  0.2415 -0.4721  0.8478
Y -0.9605 -0.2409  0.1395
Z  0.1384 -0.8480 -0.5117

PART 74
OFFSET  0.0000 -0.0000 -0.0000
X  1.0000 -0.0000  0.0000
Y  0.0000  1.0000  0.0000
Z  0.0000 -0.0000  1.0000

PART 75
OFFSET  0.0000 -0.0000 -0.0000
X  1.0000 -0.0000  0.0000
Y  0.0000  1.0000  0.0000
Z  0.0000 -0.0000  1.0000

PART 76
OFFSET  1.5404 -0.0000  4.1357
X  1.0000 -0.0000  0.0000
Y  0.0000  1.0000  0.0000
Z  0.0000 -0.0000  1.0000


FRAME 1914
PART 0
OFFSET  0.0000 -0.0000 -0.0000
X  1.0000 -0.0000  0.0000
Y  0.0000  1.0000  0.0000
Z  0.0000 -0.0000  1.0000

PART 1
OFFSET -4.6318 -0.0000 -1.3770
X  1.0000 -0.0000  0.0000
Y  0.0000  1.0000  0.0000
Z  0.0000 -0.0000  1.0000

PART 2
OFFSET  1.8437  1.4402 -7.3525
X  0.7406  0.4583 -0.4915
Y  0.0217 -0.7473 -0.6642
Z -0.6716  0.4812 -0.5634

PART 3
OFFSET  10.8003  6.9823 -13.2961
X  0.9328 -0.2862 -0.2190
Y -0.1586 -0.8718  0.4635
Z -0.3236 -0.3976 -0.8586

PART 4
OFFSET  18.7343  4.5483 -15.1589
X  0.9328 -0.2862 -0.2190
Y  0.2732  0.9579 -0.0881
Z  0.2350  0.0224  0.9717

PART 5
OFFSET  20.7363  5.5384 -14.3011
X  0.9346 -0.2799 -0.2195
Y  0.3233  0.4110  0.8524
Z -0.1484 -0.8676  0.4746

PART 6
OFFSET  19.6431  5.0623 -16.5900
X  0.9346 -0.2799 -0.2195
Y  0.3233  0.4110  0.8524
Z -0.1484 -0.8676  0.4746

PART 7
OFFSET  20.7489  3.2949 -13.7073
X  0.9346 -0.2799 -0.2195
Y  0.3233  0.4110  0.8524
Z -0.1484 -0.8676  0.4746

PART 8
OFFSET  20.0314  2.3538 -15.0862
X  0.9346 -0.2799 -0.2195
Y  0.3233  0.4110  0.8524
Z -0.1484 -0.8676  0.4746

PART 9
OFFSET  19.3890  2.4726 -16.2363
X  0.9346 -0.2799 -0.2195
