// Export filename: `C:\projects\cod\t5\xanim_export\t5_viewmodels\ak47\ak47_grenadier_gl_fire.XANIM_EXPORT`
// Source filename: `D:\projects\devanim\t5\animation_assets\viewmodels\ak47\ViewModel_AK47_GrenadeLauncher_animated.fbx`
// Export time: Sat Jun 05 16:37:09 2010

ANIMATION
VERSION 3

NUMPARTS 77
PART 0 "tag_ads"
PART 1 "tag_torso"
PART 2 "J_Shoulder_LE"
PART 3 "J_Elbow_LE"
PART 4 "J_WristTwist_LE"
PART 5 "J_Sleave_Reshape_Bottom_LE_1"
PART 6 "J_Sleave_Reshape_Bottom_LE_2"
PART 7 "J_Sleave_Reshape_Top_LE_1"
PART 8 "J_Sleave_Reshape_Top_LE_2"
PART 9 "J_Sleave_Reshape_Top_LE_3"
PART 10 "J_Wrist_LE"
PART 11 "J_Thumb_LE_0"
PART 12 "J_Thumb_LE_1"
PART 13 "J_Thumb_LE_2"
PART 14 "J_Thumb_LE_3"
PART 15 "J_PinkyPalm_LE"
PART 16 "J_Pinky_LE_0"
PART 17 "J_Pinky_LE_1"
PART 18 "J_Pinky_LE_2"
PART 19 "J_Pinky_LE_3"
PART 20 "J_RingPalm_LE"
PART 21 "J_Ring_LE_0"
PART 22 "J_Ring_LE_1"
PART 23 "J_Ring_LE_2"
PART 24 "J_Ring_LE_3"
PART 25 "J_Webbing_LE"
PART 26 "J_Index_LE_0"
PART 27 "J_Index_LE_1"
PART 28 "J_Index_LE_2"
PART 29 "J_Index_LE_3"
PART 30 "J_Mid_LE_0"
PART 31 "J_Mid_LE_1"
PART 32 "J_Mid_LE_2"
PART 33 "J_Mid_LE_3"
PART 34 "tag_knife_attach"
PART 35 "tag_weapon"
PART 36 "J_Gun"
PART 37 "J_bolt"
PART 38 "TAG_CLIP"
PART 39 "TAG_FLASH"
PART 40 "TAG_BOUNCING_GRENADE_LAUNCHER"
PART 41 "J_BOUNCING_TRIGGER"
PART 42 "J_BOUNCING_GRENADE_AMMO"
PART 43 "J_BOUNCING_GRENADE_TIP"
PART 44 "J_Shoulder_RI"
PART 45 "J_Elbow_RI"
PART 46 "J_WristTwist_RI"
PART 47 "J_Sleave_Reshape_Top_RI_3"
PART 48 "J_Sleave_Reshape_Top_RI_2"
PART 49 "J_Sleave_Reshape_Top_RI_1"
PART 50 "J_Wrist_RI"
PART 51 "J_Thumb_RI_0"
PART 52 "J_Thumb_RI_1"
PART 53 "J_Thumb_RI_2"
PART 54 "J_Thumb_RI_3"
PART 55 "J_PinkyPalm_RI"
PART 56 "J_Pinky_RI_0"
PART 57 "J_Pinky_RI_1"
PART 58 "J_Pinky_RI_2"
PART 59 "J_Pinky_RI_3"
PART 60 "J_RingPalm_RI"
PART 61 "J_Ring_RI_0"
PART 62 "J_Ring_RI_1"
PART 63 "J_Ring_RI_2"
PART 64 "J_Ring_RI_3"
PART 65 "J_Webbing_RI"
PART 66 "J_Index_RI_0"
PART 67 "J_Index_RI_1"
PART 68 "J_Index_RI_2"
PART 69 "J_Index_RI_3"
PART 70 "J_Mid_RI_0"
PART 71 "J_Mid_RI_1"
PART 72 "J_Mid_RI_2"
PART 73 "J_Mid_RI_3"
PART 74 "tag_cambone"
PART 75 "tag_camera"
PART 76 "tag_gasmask"

FRAMERATE 30
NUMFRAMES 20

FRAME 1060
PART 0
OFFSET -4.6318 -0.0000 -1.3770
X  1.0000 -0.0000  0.0000
Y  0.0000  1.0000  0.0000
Z  0.0000 -0.0000  1.0000

PART 1
OFFSET -4.6318 -0.0000 -1.3770
X  1.0000 -0.0000  0.0000
Y  0.0000  1.0000  0.0000
Z  0.0000 -0.0000  1.0000

PART 2
OFFSET -3.5060  6.3408 -6.7125
X  0.8529 -0.1780 -0.4908
Y -0.0919 -0.9766  0.1945
Z -0.5140 -0.1207 -0.8493

PART 3
OFFSET  6.8085  4.1878 -12.6486
X  0.7091 -0.4323  0.5570
Y -0.6171  0.0017  0.7869
Z -0.3411 -0.9017 -0.2656

PART 4
OFFSET  12.8398  0.5110 -7.9108
X  0.7091 -0.4323  0.5570
Y -0.7024 -0.3641  0.6116
Z -0.0615 -0.8249 -0.5619

PART 5
OFFSET  14.9196  1.5095 -7.2770
X  0.7137 -0.4299  0.5531
Y  0.3480  0.9028  0.2527
Z -0.6079  0.0121  0.7939

PART 6
OFFSET  14.0847 -0.5879 -8.5278
X  0.7137 -0.4299  0.5531
Y  0.3480  0.9028  0.2527
Z -0.6079  0.0121  0.7939

PART 7
OFFSET  13.7864  0.9457 -5.3316
X  0.7137 -0.4299  0.5531
Y  0.3480  0.9028  0.2527
Z -0.6079  0.0121  0.7939

PART 8
OFFSET  12.9242 -0.6258 -5.6295
X  0.7137 -0.4299  0.5531
Y  0.3480  0.9028  0.2527
Z -0.6079  0.0121  0.7939

PART 9
OFFSET  12.5922 -1.4971 -6.5677
X  0.7137 -0.4299  0.5531
Y  0.3480  0.9028  0.2527
Z -0.6079  0.0121  0.7939

PART 10
OFFSET  15.0137 -0.8142 -6.2031
X  0.9269 -0.1157  0.3570
Y -0.3719 -0.4105  0.8326
Z  0.0502 -0.9045 -0.4235

PART 11
OFFSET  15.0924 -1.6338 -5.4129
X  0.5874 -0.7264  0.3567
Y -0.6200 -0.1206  0.7753
Z -0.5202 -0.6766 -0.5212

PART 12
OFFSET  16.2692 -3.2510 -4.5947
X  0.9802 -0.1047 -0.1683
Y  0.0441 -0.7128  0.7000
Z -0.1933 -0.6936 -0.6940

PART 13
OFFSET  17.8272 -3.4552 -4.9859
X  0.4124  0.3954 -0.8207
Y  0.8200 -0.5536  0.1454
Z -0.3969 -0.7329 -0.5526

PART 14
OFFSET  18.2690 -3.0705 -5.8963
X  0.7284  0.6486 -0.2209
Y -0.1821  0.4941  0.8501
Z  0.6606 -0.5790  0.4780

PART 15
OFFSET  16.2064 -0.6554 -6.8781
X  0.9914 -0.0102 -0.1304
Y -0.0424 -0.9683 -0.2461
Z -0.1237  0.2495 -0.9604

PART 16
OFFSET  18.4468 -0.8335 -7.0613
X  0.4215 -0.9015 -0.0983
Y -0.8934 -0.4314  0.1257
Z -0.1557  0.0348 -0.9872

PART 17
OFFSET  19.0435 -2.1098 -7.2005
X -0.8685 -0.4859  0.0983
Y -0.4828  0.8740  0.0546
Z -0.1124 -0.0001 -0.9937

PART 18
OFFSET  18.2735 -2.5406 -7.1133
X -0.9905  0.0074  0.1373
Y  0.0159  0.9980  0.0610
Z -0.1366  0.0626 -0.9887

PART 19
OFFSET  17.3325 -2.5336 -6.9829
X  0.7673 -0.6412 -0.0003
Y  0.6322  0.7566 -0.1672
Z  0.1075  0.1281  0.9859

PART 20
OFFSET  16.1561 -0.8273 -6.1871
X  0.9966  0.0105  0.0815
Y  0.0475 -0.8831 -0.4668
Z  0.0671  0.4691 -0.8806

PART 21
OFFSET  18.7534 -0.8763 -6.0871
X  0.4628 -0.8607 -0.2121
Y -0.8755 -0.4813  0.0431
Z -0.1392  0.1658 -0.9763

PART 22
OFFSET  19.5413 -2.3417 -6.4482
X -0.8552 -0.5177  0.0267
Y -0.5046  0.8431  0.1860
Z -0.1188  0.1456 -0.9822

PART 23
OFFSET  18.3561 -3.0592 -6.4112
X -0.8834  0.4371  0.1690
Y  0.4546  0.8869  0.0825
Z -0.1139  0.1497 -0.9822

PART 24
OFFSET  17.3980 -2.5851 -6.2279
X  0.4585 -0.8574 -0.2339
Y  0.8832  0.4688  0.0128
Z  0.0987 -0.2125  0.9722

PART 25
OFFSET  17.3075 -2.3074 -4.0076
X  0.9580 -0.2810  0.0571
Y  0.2068  0.8151  0.5411
Z -0.1986 -0.5066  0.8390

PART 26
OFFSET  18.3263 -1.2385 -4.0267
X  0.9929 -0.1191  0.0022
Y -0.1006 -0.8479 -0.5205
Z  0.0638  0.5166 -0.8539

PART 27
OFFSET  20.0744 -1.4481 -4.0228
X  0.8955 -0.3721 -0.2441
Y -0.4446 -0.7235 -0.5281
Z  0.0199  0.5814 -0.8134

PART 28
OFFSET  21.1619 -1.9358 -4.2702
X  0.7054 -0.6441 -0.2958
Y -0.6989 -0.5628 -0.4413
Z  0.1177  0.5180 -0.8472

PART 29
OFFSET  21.9586 -2.6634 -4.6043
X  0.4344  0.8635  0.2563
Y -0.8913  0.3710  0.2609
Z  0.1301 -0.3418  0.9307

PART 30
OFFSET  18.6399 -0.9431 -5.0439
X  0.5699 -0.7469 -0.3426
Y -0.7999 -0.5997 -0.0231
Z -0.1882  0.2872 -0.9392

PART 31
OFFSET  19.7532 -2.4022 -5.7132
X -0.8333 -0.5525  0.0192
Y -0.5037  0.7731  0.3854
Z -0.2278  0.3115 -0.9226

PART 32
OFFSET  18.5361 -3.2092 -5.6852
X -0.9074  0.2579  0.3318
Y  0.3529  0.8963  0.2685
Z -0.2281  0.3607 -0.9043

PART 33
OFFSET  17.5065 -2.9152 -5.3160
X  0.4850 -0.7933 -0.3681
Y  0.8348  0.5454 -0.0755
Z  0.2606 -0.2707  0.9267

PART 34
OFFSET  17.8037 -2.2851 -6.3292
X  0.0185  0.4248 -0.9051
Y -0.0502  0.9045  0.4235
Z  0.9986  0.0376  0.0381

PART 35
OFFSET  8.3599 -2.5687 -5.1035
X  0.9910  0.0000  0.1335
Y -0.0271  0.9791  0.2014
Z -0.1307 -0.2032  0.9704

PART 36
OFFSET  8.3599 -2.5687 -5.1035
X  0.9910  0.0000  0.1335
Y -0.0271  0.9791  0.2014
Z -0.1307 -0.2032  0.9704

PART 37
OFFSET  13.3125 -3.3236 -2.1650
X  0.9882 -0.0042  0.1533
Y -0.0271  0.9791  0.2014
Z -0.1509 -0.2032  0.9674

PART 38
OFFSET  12.4971 -2.6107 -4.2674
X  0.9910  0.0000  0.1335
Y -0.0271  0.9791  0.2014
Z -0.1307 -0.2032  0.9704

PART 39
OFFSET  28.4576 -2.3319 -3.4694
X  0.9910  0.0000  0.1335
Y -0.0271  0.9791  0.2014
Z -0.1307 -0.2032  0.9704

PART 40
OFFSET  0.6269 -1.7957 -9.9029
X  0.9910  0.0000  0.1335
Y -0.0271  0.9791  0.2014
Z -0.1307 -0.2032  0.9704

PART 41
OFFSET  20.7975 -2.3646 -4.4072
X  0.9910  0.0000  0.1335
Y -0.0271  0.9791  0.2014
Z -0.1307 -0.2032  0.9704

PART 42
OFFSET  23.4909 -2.3397 -4.1788
X  0.9910  0.0000  0.1335
Y -0.0271  0.9791  0.2014
Z -0.1307 -0.2032  0.9704

PART 43
OFFSET  27.8557 -2.3397 -3.5908
X  0.9910  0.0000  0.1335
Y -0.0271  0.9791  0.2014
Z -0.1307 -0.2032  0.9704

PART 44
OFFSET -17.6076 -4.8127 -7.0611
X -0.8904  0.0424  0.4533
Y -0.1780 -0.9488 -0.2608
Z  0.4190 -0.3129  0.8524

PART 45
OFFSET -6.8396 -5.3253 -12.5429
X -0.9306 -0.1312 -0.3417
Y  0.3610 -0.1748 -0.9161
Z  0.0605 -0.9758  0.2101

PART 46
OFFSET  1.0757 -4.2092 -9.6370
X -0.9306 -0.1312 -0.3417
Y  0.3464 -0.0142 -0.9380
Z  0.1182 -0.9913  0.0587

PART 47
OFFSET  2.0963 -2.7333 -8.7739
X -0.9329 -0.1273 -0.3369
Y -0.0629  0.9787 -0.1954
Z  0.3546 -0.1611 -0.9210

PART 48
OFFSET  2.1630 -3.2055 -7.6512
X -0.9329 -0.1273 -0.3369
Y -0.0629  0.9787 -0.1954
Z  0.3546 -0.1611 -0.9210

PART 49
OFFSET  2.3886 -4.5424 -7.4633
X -0.9329 -0.1273 -0.3369
Y -0.0629  0.9787 -0.1954
Z  0.3546 -0.1611 -0.9210

PART 50
OFFSET  3.9287 -3.8069 -8.5896
X -0.9079 -0.0856 -0.4103
Y  0.4104  0.0177 -0.9117
Z  0.0853 -0.9962  0.0191

PART 51
OFFSET  3.9061 -3.3765 -7.5330
X -0.4052 -0.5545 -0.7269
Y  0.6709  0.3598 -0.6484
Z  0.6211 -0.7504  0.2262

PART 52
OFFSET  4.6790 -2.1741 -5.9123
X -0.9183 -0.3923  0.0540
Y  0.0671 -0.2885 -0.9551
Z  0.3902 -0.8734  0.2913

PART 53
OFFSET  6.1217 -1.4602 -6.0890
X -0.6387 -0.1928  0.7449
Y -0.5768 -0.5207 -0.6294
Z  0.5092 -0.8317  0.2214

PART 54
OFFSET  6.7989 -1.2048 -6.8940
X -0.9175  0.2846  0.2780
Y  0.1547  0.8989 -0.4099
Z -0.3665 -0.3331 -0.8687

PART 55
OFFSET  5.1192 -3.5143 -9.2226
X -0.9485 -0.3133  0.0466
Y  0.3158 -0.9468  0.0623
Z  0.0246  0.0738  0.9970

PART 56
OFFSET  7.2152 -2.6836 -9.1898
X -0.0874 -0.9851 -0.1480
Y  0.9807 -0.0590 -0.1865
Z  0.1750 -0.1615  0.9712

PART 57
OFFSET  7.3390 -1.2889 -8.9802
X  0.8095 -0.5364 -0.2387
Y  0.5685  0.8176  0.0910
Z  0.1463 -0.2093  0.9668

PART 58
OFFSET  6.6212 -0.8133 -8.7686
X  0.9278  0.3553 -0.1139
Y -0.3286  0.9227  0.2014
Z  0.1767 -0.1495  0.9729

PART 59
OFFSET  5.7398 -1.1509 -8.6604
X -0.5289 -0.8294 -0.1800
Y -0.8228  0.4491  0.3483
Z -0.2080  0.3323 -0.9199

PART 60
OFFSET  5.0580 -3.6463 -8.5237
X -0.9588 -0.2467 -0.1408
Y  0.2368 -0.9680  0.0836
Z -0.1569  0.0468  0.9865

PART 61
OFFSET  7.5750 -3.0343 -8.3029
X -0.1291 -0.9910 -0.0365
Y  0.9745 -0.1199 -0.1896
Z  0.1835 -0.0601  0.9812

PART 62
OFFSET  7.7948 -1.3472 -8.2407
X  0.9149 -0.3555 -0.1910
Y  0.3652  0.9308  0.0170
Z  0.1718 -0.0853  0.9814

PART 63
OFFSET  6.5268 -0.8545 -7.9759
X  0.8513  0.5150 -0.1000
Y -0.4977  0.8531  0.1566
Z  0.1660 -0.0835  0.9826

PART 64
OFFSET  5.6034 -1.4130 -7.8674
X -0.4051 -0.9134  0.0408
Y -0.9023  0.4066  0.1432
Z -0.1474  0.0212 -0.9888

PART 65
OFFSET -0.1513 -4.7120 -9.5161
X -0.9099 -0.3609 -0.2044
Y -0.3293  0.9282 -0.1731
Z  0.2522 -0.0902 -0.9635

PART 66
OFFSET  7.1886 -3.8570 -6.2961
X -0.9568  0.0178 -0.2903
Y  0.0117 -0.9950 -0.0996
Z -0.2906 -0.0987  0.9517

PART 67
OFFSET  8.8732 -3.8883 -5.7849
X -0.3497 -0.9250 -0.1482
Y  0.8920 -0.3772  0.2493
Z -0.2865 -0.0450  0.9570

PART 68
OFFSET  9.2809 -2.7665 -5.5466
X  0.0632 -0.9927 -0.1029
Y  0.9543  0.0299  0.2973
Z -0.2921 -0.1170  0.9492

PART 69
OFFSET  9.2095 -1.6453 -5.4304
X -0.9642  0.2632  0.0321
Y  0.2647  0.9625  0.0592
Z -0.0153  0.0656 -0.9977

PART 70
OFFSET  7.5217 -3.6683 -7.3324
X -0.2629 -0.9647 -0.0159
Y  0.9648 -0.2631  0.0065
Z -0.0105 -0.0136  0.9999

PART 71
OFFSET  8.0354 -1.7837 -7.3014
X  0.8367 -0.5477 -0.0029
Y  0.5475  0.8364 -0.0256
Z  0.0165  0.0198  0.9997

PART 72
OFFSET  6.8133 -0.9837 -7.2971
X  0.9004  0.4315 -0.0546
Y -0.4344  0.8987 -0.0605
Z  0.0230  0.0782  0.9967

PART 73
OFFSET  5.7931 -1.4724 -7.2423
X -0.4145 -0.9099  0.0168
Y -0.9078  0.4147  0.0632
Z -0.0645  0.0109 -0.9979

PART 74
OFFSET  0.0000 -0.0000 -0.0000
X  1.0000 -0.0000  0.0000
Y  0.0000  1.0000  0.0000
Z  0.0000 -0.0000  1.0000

PART 75
OFFSET  0.0000 -0.0000 -0.0000
X  1.0000 -0.0000  0.0000
Y  0.0000  1.0000  0.0000
Z  0.0000 -0.0000  1.0000

PART 76
OFFSET  1.5404 -0.0000  4.1357
X  1.0000 -0.0000  0.0000
Y  0.0000  1.0000  0.0000
Z  0.0000 -0.0000  1.0000


FRAME 1061
PART 0
OFFSET -4.6318 -0.0000 -1.3770
X  1.0000 -0.0000  0.0000
Y  0.0000  1.0000  0.0000
Z  0.0000 -0.0000  1.0000

PART 1
OFFSET -4.6318 -0.0000 -1.3770
X  1.0000 -0.0000  0.0000
Y  0.0000  1.0000  0.0000
Z  0.0000 -0.0000  1.0000

PART 2
OFFSET -3.5060  6.3408 -6.7125
X  0.8246 -0.1479 -0.5460
Y -0.0839 -0.9865  0.1406
Z -0.5594 -0.0702 -0.8259

PART 3
OFFSET  6.4671  4.5521 -13.3155
X  0.6349 -0.4656  0.6166
Y -0.6850  0.0298  0.7279
Z -0.3573 -0.8845 -0.3000

PART 4
OFFSET  11.8669  0.5919 -8.0714
X  0.6349 -0.4656  0.6166
Y -0.7716 -0.3412  0.5368
Z -0.0396 -0.8166 -0.5759

PART 5
OFFSET  13.9251  1.4911 -7.2470
X  0.6399 -0.4634  0.6130
Y  0.3654  0.8852  0.2878
Z -0.6761  0.0398  0.7358

PART 6
OFFSET  13.1100 -0.5636 -8.5791
X  0.6399 -0.4634  0.6130
Y  0.3654  0.8852  0.2878
Z -0.6761  0.0398  0.7358

PART 7
OFFSET  12.5954  0.9791 -5.4150
X  0.6399 -0.4634  0.6130
Y  0.3654  0.8852  0.2878
Z -0.6761  0.0398  0.7358

PART 8
OFFSET  11.6914 -0.5499 -5.7978
X  0.6399 -0.4634  0.6130
Y  0.3654  0.8852  0.2878
Z -0.6761  0.0398  0.7358

PART 9
OFFSET  11.4055 -1.4037 -6.7666
X  0.6399 -0.4634  0.6130
Y  0.3654  0.8852  0.2878
Z -0.6761  0.0398  0.7358

PART 10
OFFSET  13.8132 -0.8355 -6.1812
X  0.9111 -0.1240  0.3930
Y -0.4078 -0.4088  0.8164
Z  0.0594 -0.9041 -0.4231

PART 11
OFFSET  13.8539 -1.6571 -5.3902
X  0.5669 -0.7319  0.3780
Y -0.6510 -0.1169  0.7500
Z -0.5048 -0.6713 -0.5427

PART 12
OFFSET  14.9841 -3.2856 -4.5298
X  0.9851 -0.1125 -0.1299
Y  0.0107 -0.7144  0.6997
Z -0.1715 -0.6906 -0.7026

PART 13
OFFSET  16.5546 -3.5019 -4.8600
X  0.4473  0.3937 -0.8031
Y  0.8092 -0.5605  0.1760
Z -0.3808 -0.7286 -0.5693

PART 14
OFFSET  17.0347 -3.1191 -5.7515
X  0.7416  0.6431 -0.1908
Y -0.2112  0.4938  0.8435
Z  0.6367 -0.5852  0.5021

PART 15
OFFSET  15.0329 -0.6855 -6.8082
X  0.9957 -0.0182 -0.0912
Y -0.0406 -0.9675 -0.2496
Z -0.0837  0.2522 -0.9641

PART 16
OFFSET  17.2772 -0.8818 -6.9033
X  0.4175 -0.9049 -0.0835
Y -0.9012 -0.4240  0.0895
Z -0.1163  0.0379 -0.9925

PART 17
OFFSET  17.8682 -2.1629 -7.0215
X -0.8759 -0.4785  0.0629
Y -0.4770  0.8781  0.0373
Z -0.0731  0.0026 -0.9973

PART 18
OFFSET  17.0917 -2.5871 -6.9656
X -0.9950  0.0158  0.0981
Y  0.0222  0.9977  0.0637
Z -0.0969  0.0655 -0.9931

PART 19
OFFSET  16.1464 -2.5721 -6.8724
X  0.7612 -0.6479  0.0286
Y  0.6448  0.7513 -0.1406
Z  0.0696  0.1255  0.9897

PART 20
OFFSET  14.9539 -0.8582 -6.1202
X  0.9927  0.0021  0.1208
Y  0.0586 -0.8826 -0.4665
Z  0.1056  0.4701 -0.8763

PART 21
OFFSET  17.5448 -0.9289 -5.9178
X  0.4635 -0.8642 -0.1955
Y -0.8805 -0.4739  0.0075
Z -0.0992  0.1687 -0.9807

PART 22
OFFSET  18.3339 -2.4003 -6.2507
X -0.8600 -0.5102 -0.0081
Y -0.5042  0.8471  0.1677
Z -0.0787  0.1483 -0.9858

PART 23
OFFSET  17.1420 -3.1075 -6.2619
X -0.8855  0.4446  0.1350
Y  0.4587  0.8827  0.1021
Z -0.0738  0.1524 -0.9856

PART 24
OFFSET  16.1817 -2.6253 -6.1155
X  0.4598 -0.8610 -0.2175
Y  0.8861  0.4610  0.0485
Z  0.0585 -0.2150  0.9749

PART 25
OFFSET  16.0062 -2.3517 -3.9000
X  0.9527 -0.2890  0.0943
Y  0.1920  0.8124  0.5506
Z -0.2357 -0.5064  0.8294

PART 26
OFFSET  17.0337 -1.2912 -3.8767
X  0.9910 -0.1273  0.0411
Y -0.0869 -0.8461 -0.5258
Z  0.1017  0.5175 -0.8496

PART 27
OFFSET  18.7785 -1.5154 -3.8044
X  0.9013 -0.3791 -0.2094
Y -0.4294 -0.7188 -0.5467
Z  0.0567  0.5827 -0.8107

PART 28
OFFSET  19.8708 -2.0117 -4.0097
X  0.7112 -0.6494 -0.2691
Y -0.6856 -0.5562 -0.4697
Z  0.1553  0.5186 -0.8408

PART 29
OFFSET  20.6742 -2.7452 -4.3137
X  0.4311  0.8594  0.2751
Y -0.8978  0.3779  0.2263
Z  0.0905 -0.3445  0.9344

PART 30
OFFSET  17.3897 -0.9966 -4.8801
X  0.5767 -0.7511 -0.3215
Y -0.8033 -0.5929 -0.0558
Z -0.1487  0.2904 -0.9453

PART 31
OFFSET  18.5163 -2.4639 -5.5081
X -0.8381 -0.5453 -0.0147
Y -0.5118  0.7768  0.3669
Z -0.1886  0.3150 -0.9301

PART 32
OFFSET  17.2921 -3.2603 -5.5296
X -0.9175  0.2653  0.2964
Y  0.3499  0.8927  0.2840
Z -0.1893  0.3642 -0.9119

PART 33
OFFSET  16.2514 -2.9579 -5.2005
X  0.4921 -0.7969 -0.3504
Y  0.8418  0.5381 -0.0416
Z  0.2217 -0.2745  0.9357

PART 34
OFFSET  16.5937 -2.3293 -6.2002
X  0.0577  0.4262 -0.9028
Y -0.0594  0.9041  0.4231
Z  0.9966  0.0292  0.0775

PART 35
OFFSET  7.1069 -2.5366 -5.3486
X  0.9850 -0.0085  0.1725
Y -0.0270  0.9790  0.2022
Z -0.1706 -0.2039  0.9640

PART 36
OFFSET  7.1069 -2.5366 -5.3486
X  0.9850 -0.0085  0.1725
Y -0.0270  0.9790  0.2022
Z -0.1706 -0.2039  0.9640

PART 37
OFFSET  11.9334 -3.3378 -2.2186
X  0.9813 -0.0126  0.1921
Y -0.0270  0.9790  0.2022
Z -0.1907 -0.2036  0.9603

PART 38
OFFSET  11.2075 -2.6145 -4.3500
X  0.9850 -0.0085  0.1725
Y -0.0270  0.9790  0.2022
Z -0.1706 -0.2039  0.9640

PART 39
OFFSET  27.1258 -2.4698 -2.9225
X  0.9850 -0.0085  0.1725
Y -0.0270  0.9790  0.2022
Z -0.1706 -0.2039  0.9640

PART 40
OFFSET -0.4240 -1.6908 -10.4476
X  0.9850 -0.0085  0.1725
Y -0.0270  0.9790  0.2022
Z -0.1706 -0.2039  0.9640

PART 41
OFFSET  19.5086 -2.4371 -4.1618
X  0.9850 -0.0085  0.1725
Y -0.0270  0.9790  0.2022
Z -0.1706 -0.2039  0.9640

PART 42
OFFSET  22.1910 -2.4350 -3.8272
X  0.9850 -0.0085  0.1725
Y -0.0270  0.9790  0.2022
Z -0.1706 -0.2039  0.9640

PART 43
OFFSET  26.5291 -2.4724 -3.0676
X  0.9850 -0.0085  0.1725
Y -0.0270  0.9790  0.2022
Z -0.1706 -0.2039  0.9640

PART 44
OFFSET -17.6076 -4.8127 -7.0611
X -0.8297  0.0657  0.5544
Y -0.2194 -0.9515 -0.2157
Z  0.5133 -0.3006  0.8038

PART 45
OFFSET -7.5736 -5.6072 -13.7656
X -0.8971 -0.1621 -0.4110
Y  0.4358 -0.1712 -0.8836
Z  0.0729 -0.9718  0.2242

PART 46
OFFSET  0.0565 -4.2286 -10.2695
X -0.8971 -0.1621 -0.4110
Y  0.4188 -0.0151 -0.9080
Z  0.1410 -0.9867  0.0814

PART 47
OFFSET  0.9632 -2.7156 -9.3455
X -0.8999 -0.1581 -0.4065
Y -0.0765  0.9747 -0.2098
Z  0.4294 -0.1577 -0.8892

PART 48
OFFSET  0.9566 -3.1765 -8.2163
X -0.8999 -0.1581 -0.4065
Y -0.0765  0.9747 -0.2098
Z  0.4294 -0.1577 -0.8892

PART 49
OFFSET  1.2065 -4.5044 -7.9976
X -0.8999 -0.1581 -0.4065
Y -0.0765  0.9747 -0.2098
Z  0.4294 -0.1577 -0.8892

PART 50
OFFSET  2.8067 -3.7317 -9.0094
X -0.8917 -0.0773 -0.4460
Y  0.4462  0.0159 -0.8948
Z  0.0762 -0.9969  0.0203

PART 51
OFFSET  2.7460 -3.3030 -7.9536
X -0.3808 -0.5498 -0.7435
Y  0.6989  0.3554 -0.6207
Z  0.6055 -0.7559  0.2489

PART 52
OFFSET  3.4642 -2.1100 -6.3011
X -0.9229 -0.3847  0.0169
Y  0.1024 -0.2874 -0.9523
Z  0.3712 -0.8772  0.3046

PART 53
OFFSET  4.9186 -1.4078 -6.4193
X -0.6692 -0.1888  0.7187
Y -0.5558 -0.5148 -0.6528
Z  0.4932 -0.8363  0.2395

PART 54
OFFSET  5.6291 -1.1566 -7.1964
X -0.9253  0.2918  0.2421
Y  0.1781  0.8983 -0.4016
Z -0.3347 -0.3285 -0.8832

PART 55
OFFSET  4.0236 -3.4479 -9.5942
X -0.9522 -0.3054  0.0085
Y  0.3052 -0.9495  0.0727
Z -0.0141  0.0719  0.9973

PART 56
OFFSET  6.1235 -2.6347 -9.4771
X -0.0896 -0.9841 -0.1534
Y  0.9868 -0.0668 -0.1478
Z  0.1352 -0.1646  0.9770

PART 57
OFFSET  6.2504 -1.2414 -9.2598
X  0.8139 -0.5427 -0.2077
Y  0.5712  0.8127  0.1150
Z  0.1064 -0.2123  0.9714

PART 58
OFFSET  5.5288 -0.7603 -9.0757
X  0.9345  0.3478 -0.0765
Y -0.3287  0.9251  0.1903
Z  0.1369 -0.1527  0.9788

PART 59
OFFSET  4.6410 -1.0907 -9.0031
X -0.5282 -0.8246 -0.2025
Y -0.8322  0.4553  0.3165
Z -0.1688  0.3357 -0.9267

PART 60
OFFSET  3.9339 -3.5806 -8.8986
X -0.9545 -0.2385 -0.1791
Y  0.2253 -0.9700  0.0909
Z -0.1954  0.0464  0.9796

PART 61
OFFSET  6.4451 -2.9900 -8.5774
X -0.1357 -0.9898 -0.0437
Y  0.9802 -0.1277 -0.1513
Z  0.1441 -0.0633  0.9875

PART 62
OFFSET  6.6762 -1.3049 -8.5030
X  0.9188 -0.3628 -0.1555
Y  0.3719  0.9277  0.0333
Z  0.1322 -0.0885  0.9873

PART 63
OFFSET  5.4028 -0.8021 -8.2875
X  0.8588  0.5081 -0.0653
Y -0.4964  0.8570  0.1386
Z  0.1264 -0.0866  0.9882

PART 64
OFFSET  4.4713 -1.3531 -8.2167
X -0.4139 -0.9100  0.0229
Y -0.9039  0.4138  0.1084
Z -0.1081  0.0241 -0.9938

PART 65
OFFSET -1.2409 -4.6012 -10.0980
X -0.9041 -0.3530 -0.2409
Y -0.3146  0.9312 -0.1840
Z  0.2893 -0.0906 -0.9529

PART 66
OFFSET  5.9731 -3.8130 -6.5891
X -0.9444  0.0263 -0.3278
Y  0.0075 -0.9948 -0.1012
Z -0.3288 -0.0980  0.9393

PART 67
OFFSET  7.6358 -3.8593 -6.0120
X -0.3512 -0.9218 -0.1638
Y  0.8783 -0.3850  0.2835
Z -0.3244 -0.0443  0.9449

PART 68
OFFSET  8.0431 -2.7413 -5.7554
X  0.0590 -0.9930 -0.1024
Y  0.9420  0.0215  0.3348
Z -0.3302 -0.1163  0.9367

PART 69
OFFSET  7.9764 -1.6197 -5.6397
X -0.9625  0.2712 -0.0054
Y  0.2701  0.9602  0.0716
Z  0.0246  0.0675 -0.9974

PART 70
OFFSET  6.3483 -3.6252 -7.6111
X -0.2700 -0.9624 -0.0283
Y  0.9615 -0.2711  0.0440
Z -0.0500 -0.0153  0.9986

PART 71
OFFSET  6.8759 -1.7451 -7.5559
X  0.8316 -0.5547  0.0289
Y  0.5549  0.8319 -0.0022
Z -0.0228  0.0179  0.9996

PART 72
OFFSET  5.6613 -0.9349 -7.5981
X  0.9054  0.4241 -0.0182
Y -0.4242  0.9024 -0.0757
Z -0.0157  0.0763  0.9970

PART 73
OFFSET  4.6356 -1.4152 -7.5846
X -0.4223 -0.9065 -0.0014
Y -0.9061  0.4221  0.0282
Z -0.0250  0.0132 -0.9996

PART 74
OFFSET  0.0000 -0.0000 -0.0000
X  1.0000 -0.0000  0.0000
Y  0.0000  1.0000  0.0000
Z  0.0000 -0.0000  1.0000

PART 75
OFFSET  0.0000 -0.0000 -0.0000
X  1.0000 -0.0000  0.0000
Y  0.0000  1.0000  0.0000
Z  0.0000 -0.0000  1.0000

PART 76
OFFSET  1.5404 -0.0000  4.1357
X  1.0000 -0.0000  0.0000
Y  0.0000  1.0000  0.0000
Z  0.0000 -0.0000  1.0000


FRAME 1062
PART 0
OFFSET -4.6318 -0.0000 -1.3770
X  1.0000 -0.0000  0.0000
Y  0.0000  1.0000  0.0000
Z  0.0000 -0.0000  1.0000

PART 1
OFFSET -4.6318 -0.0000 -1.3770
X  1.0000 -0.0000  0.0000
Y  0.0000  1.0000  0.0000
Z  0.0000 -0.0000  1.0000

PART 2
OFFSET -3.5060  6.3408 -6.7125
X  0.7800 -0.0865 -0.6198
Y -0.0877 -0.9957  0.0286
Z -0.6196  0.0320 -0.7842

PART 3
OFFSET  5.9269  5.2949 -14.2084
X  0.4772 -0.5338  0.6981
Y -0.7869  0.0941  0.6099
Z -0.3913 -0.8403 -0.3752

PART 4
OFFSET  9.9854  0.7544 -8.2708
X  0.4772 -0.5338  0.6981
Y -0.8788 -0.2921  0.3773
Z  0.0024 -0.7935 -0.6085

PART 5
OFFSET  11.9636  1.4295 -7.1066
X  0.4829 -0.5321  0.6955
Y  0.4013  0.8404  0.3644
Z -0.7784  0.1031  0.6193

PART 6
OFFSET  11.1716 -0.5188 -8.6025
X  0.4829 -0.5321  0.6955
Y  0.4013  0.8404  0.3644
Z -0.7784  0.1031  0.6193

PART 7
OFFSET  10.3115  1.0419 -5.5234
X  0.4829 -0.5321  0.6955
Y  0.4013  0.8404  0.3644
Z -0.7784  0.1031  0.6193

PART 8
OFFSET  9.3320 -0.3824 -6.0835
X  0.4829 -0.5321  0.6955
Y  0.4013  0.8404  0.3644
Z -0.7784  0.1031  0.6193

PART 9
OFFSET  9.1216 -1.1939 -7.1066
X  0.4829 -0.5321  0.6955
Y  0.4013  0.8404  0.3644
Z -0.7784  0.1031  0.6193

PART 10
OFFSET  11.4483 -0.8821 -6.1307
X  0.8759 -0.1396  0.4618
Y -0.4761 -0.4040  0.7811
Z  0.0775 -0.9041 -0.4203

PART 11
OFFSET  11.4146 -1.7060 -5.3418
X  0.5243 -0.7418  0.4181
Y -0.7087 -0.1080  0.6972
Z -0.4721 -0.6618 -0.5824

PART 12
OFFSET  12.4490 -3.3544 -4.4024
X  0.9903 -0.1281 -0.0540
Y -0.0547 -0.7160  0.6959
Z -0.1278 -0.6862 -0.7161

PART 13
OFFSET  14.0366 -3.5954 -4.6113
X  0.5139  0.3884 -0.7649
Y  0.7844 -0.5738  0.2357
Z -0.3473 -0.7211 -0.5995

PART 14
OFFSET  14.5898 -3.2181 -5.4619
X  0.7641  0.6316 -0.1310
Y -0.2676  0.4952  0.8265
Z  0.5869 -0.5965  0.5474

PART 15
OFFSET  12.7150 -0.7505 -6.6612
X  0.9993 -0.0341 -0.0141
Y -0.0366 -0.9662 -0.2552
Z -0.0049  0.2555 -0.9668

PART 16
OFFSET  14.9565 -0.9828 -6.5834
X  0.4081 -0.9113 -0.0541
Y -0.9121 -0.4095  0.0182
Z -0.0387  0.0419 -0.9984

PART 17
OFFSET  15.5343 -2.2731 -6.6600
X -0.8858 -0.4641 -0.0065
Y -0.4641  0.8858  0.0034
Z  0.0042  0.0060 -1.0000

PART 18
OFFSET  14.7489 -2.6845 -6.6657
X -0.9993  0.0320  0.0211
Y  0.0334  0.9971  0.0686
Z -0.0189  0.0692 -0.9974

PART 19
OFFSET  13.7996 -2.6541 -6.6457
X  0.7460 -0.6604  0.0850
Y  0.6659  0.7409 -0.0878
Z -0.0050  0.1222  0.9925

PART 20
OFFSET  12.5804 -0.9234 -5.9819
X  0.9803 -0.0142  0.1970
Y  0.0804 -0.8824 -0.4636
Z  0.1805  0.4703 -0.8639

PART 21
OFFSET  15.1464 -1.0364 -5.5804
X  0.4633 -0.8713 -0.1621
Y -0.8860 -0.4596 -0.0621
Z -0.0204  0.1724 -0.9848

PART 22
OFFSET  15.9351 -2.5197 -5.8565
X -0.8650 -0.4960 -0.0762
Y -0.5018  0.8550  0.1312
Z  0.0000  0.1517 -0.9884

PART 23
OFFSET  14.7364 -3.2071 -5.9620
X -0.8859  0.4589  0.0679
Y  0.4639  0.8747  0.1402
Z  0.0050  0.1557 -0.9878

PART 24
OFFSET  13.7756 -2.7094 -5.8884
X  0.4611 -0.8680 -0.1843
Y  0.8871  0.4461  0.1183
Z -0.0205 -0.2180  0.9757

PART 25
OFFSET  13.4341 -2.4385 -3.6923
X  0.9378 -0.3046  0.1665
Y  0.1618  0.8080  0.5665
Z -0.3071 -0.5044  0.8070

PART 26
OFFSET  14.4735 -1.3948 -3.5861
X  0.9827 -0.1434  0.1170
Y -0.0595 -0.8435 -0.5339
Z  0.1752  0.5177 -0.8374

PART 27
OFFSET  16.2038 -1.6473 -3.3801
X  0.9087 -0.3932 -0.1405
Y -0.3973 -0.7106 -0.5807
Z  0.1284  0.5835 -0.8019

PART 28
OFFSET  17.3006 -2.1607 -3.5022
X  0.7194 -0.6602 -0.2157
Y -0.6561 -0.5440 -0.5231
Z  0.2280  0.5178 -0.8245

PART 29
OFFSET  18.1133 -2.9064 -3.7459
X  0.4222  0.8517  0.3105
Y -0.9064  0.3918  0.1576
Z  0.0126 -0.3480  0.9374

PART 30
OFFSET  14.9106 -1.1038 -4.5581
X  0.5877 -0.7596 -0.2786
Y -0.8060 -0.5797 -0.1197
Z -0.0706  0.2949 -0.9529

PART 31
OFFSET  16.0586 -2.5878 -5.1023
X -0.8432 -0.5314 -0.0811
Y -0.5259  0.7843  0.3290
Z -0.1112  0.3201 -0.9408

PART 32
OFFSET  14.8269 -3.3640 -5.2208
X -0.9331  0.2798  0.2258
Y  0.3415  0.8862  0.3131
Z -0.1125  0.3693 -0.9225

PART 33
OFFSET  13.7690 -3.0451 -4.9718
X  0.5046 -0.8042 -0.3141
Y  0.8512  0.5242  0.0252
Z  0.1444 -0.2801  0.9490

PART 34
OFFSET  14.1978 -2.4206 -5.9402
X  0.1340  0.4272 -0.8942
Y -0.0775  0.9041  0.4203
Z  0.9879  0.0129  0.1543

PART 35
OFFSET  4.6715 -2.4764 -5.8240
X  0.9685 -0.0248  0.2480
Y -0.0269  0.9788  0.2029
Z -0.2477 -0.2032  0.9473

PART 36
OFFSET  4.6715 -2.4764 -5.8240
X  0.9685 -0.0248  0.2480
Y -0.0269  0.9788  0.2029
Z -0.2477 -0.2032  0.9473

PART 37
OFFSET  9.2284 -3.3624 -2.3336
X  0.9632 -0.0289  0.2673
Y -0.0269  0.9788  0.2029
Z -0.2675 -0.2026  0.9420

PART 38
OFFSET  8.6809 -2.6228 -4.5122
X  0.9685 -0.0248  0.2480
Y -0.0269  0.9788  0.2029
Z -0.2477 -0.2032  0.9473

PART 39
OFFSET  24.4417 -2.7384 -1.8599
X  0.9685 -0.0248  0.2480
Y -0.0269  0.9788  0.2029
Z -0.2477 -0.2032  0.9473

PART 40
OFFSET -2.4288 -1.4980 -11.4861
X  0.9685 -0.0248  0.2480
Y -0.0269  0.9788  0.2029
Z -0.2477 -0.2032  0.9473

PART 41
OFFSET  16.9445 -2.5800 -3.6833
X  0.9685 -0.0248  0.2480
Y -0.0269  0.9788  0.2029
Z -0.2477 -0.2032  0.9473

PART 42
OFFSET  19.5927 -2.6219 -3.1427
X  0.9685 -0.0248  0.2480
Y -0.0269  0.9788  0.2029
Z -0.2477 -0.2032  0.9473

PART 43
OFFSET  23.8580 -2.7310 -2.0507
X  0.9685 -0.0248  0.2480
Y -0.0269  0.9788  0.2029
Z -0.2477 -0.2032  0.9473

PART 44
OFFSET -17.6076 -4.8127 -7.0611
X -0.7054  0.1126  0.6998
Y -0.2688 -0.9560 -0.1171
Z  0.6559 -0.2707  0.7047

PART 45
OFFSET -9.0765 -6.1749 -15.5244
X -0.8404 -0.2231 -0.4939
Y  0.5320 -0.1663 -0.8302
Z  0.1030 -0.9605  0.2585

PART 46
OFFSET -1.9282 -4.2778 -11.3238
X -0.8404 -0.2231 -0.4939
Y  0.5111 -0.0232 -0.8592
Z  0.1802 -0.9745  0.1335

PART 47
OFFSET -1.2046 -2.6939 -10.3581
X -0.8439 -0.2192 -0.4897
Y -0.1083  0.9636 -0.2446
Z  0.5255 -0.1534 -0.8368

PART 48
OFFSET -1.3005 -3.1279 -9.2222
X -0.8439 -0.2192 -0.4897
Y -0.1083  0.9636 -0.2446
Z  0.5255 -0.1534 -0.8368

PART 49
OFFSET -1.0015 -4.4337 -8.9412
X -0.8439 -0.2192 -0.4897
Y -0.1083  0.9636 -0.2446
Z  0.5255 -0.1534 -0.8368

PART 50
OFFSET  0.6483 -3.5939 -9.8098
X -0.8557 -0.0619 -0.5137
Y  0.5141  0.0106 -0.8576
Z  0.0585 -0.9980  0.0227

PART 51
OFFSET  0.5130 -3.1666 -8.7604
X -0.3309 -0.5419 -0.7725
Y  0.7503  0.3454 -0.5637
Z  0.5723 -0.7662  0.2923

PART 52
OFFSET  1.1204 -1.9889 -7.0534
X -0.9274 -0.3698 -0.0557
Y  0.1710 -0.2869 -0.9426
Z  0.3326 -0.8837  0.3293

PART 53
OFFSET  2.5906 -1.3101 -7.0565
X -0.7256 -0.1795  0.6643
Y -0.5119 -0.5043 -0.6955
Z  0.4598 -0.8447  0.2740

PART 54
OFFSET  3.3629 -1.0687 -7.7756
X -0.9365  0.3062  0.1710
Y  0.2229  0.8962 -0.3836
Z -0.2707 -0.3211 -0.9075

PART 55
OFFSET  1.9111 -3.3285 -10.2980
X -0.9547 -0.2900 -0.0660
Y  0.2835 -0.9545  0.0928
Z -0.0899  0.0699  0.9935

PART 56
OFFSET  4.0083 -2.5496 -10.0164
X -0.0932 -0.9822 -0.1632
Y  0.9940 -0.0824 -0.0715
Z  0.0567 -0.1689  0.9840

PART 57
OFFSET  4.1403 -1.1591 -9.7852
X  0.8187 -0.5553 -0.1461
Y  0.5735  0.8031  0.1616
Z  0.0276 -0.2161  0.9760

PART 58
OFFSET  3.4144 -0.6667 -9.6557
X  0.9430  0.3328 -0.0029
Y -0.3276  0.9298  0.1675
Z  0.0585 -0.1570  0.9859

PART 59
OFFSET  2.5185 -0.9829 -9.6529
X -0.5240 -0.8156 -0.2455
Y -0.8468  0.4680  0.2529
Z -0.0914  0.3404 -0.9358

PART 60
OFFSET  1.7658 -3.4613 -9.6119
X -0.9415 -0.2226 -0.2530
Y  0.2021 -0.9738  0.1047
Z -0.2697  0.0474  0.9618

PART 61
OFFSET  4.2538 -2.9120 -9.0958
X -0.1477 -0.9874 -0.0574
Y  0.9868 -0.1432 -0.0756
Z  0.0664 -0.0678  0.9955

PART 62
OFFSET  4.5053 -1.2310 -8.9980
X  0.9222 -0.3773 -0.0854
Y  0.3830  0.9215  0.0651
Z  0.0541 -0.0928  0.9942

PART 63
OFFSET  3.2272 -0.7082 -8.8797
X  0.8693  0.4943  0.0029
Y -0.4919  0.8646  0.1028
Z  0.0483 -0.0908  0.9947

PART 64
OFFSET  2.2844 -1.2442 -8.8828
X -0.4289 -0.9033 -0.0122
Y -0.9028  0.4281  0.0397
Z -0.0306  0.0281 -0.9991

PART 65
OFFSET -3.3165 -4.3955 -11.2105
X -0.8883 -0.3378 -0.3112
Y -0.2845  0.9366 -0.2045
Z  0.3605 -0.0931 -0.9281

PART 66
OFFSET  3.6166 -3.7317 -7.1527
X -0.9157  0.0422 -0.3996
Y -0.0006 -0.9946 -0.1037
Z -0.4018 -0.0947  0.9108

PART 67
OFFSET  5.2288 -3.8060 -6.4491
X -0.3522 -0.9157 -0.1936
Y  0.8475 -0.3998  0.3491
Z -0.3971 -0.0411  0.9169

PART 68
OFFSET  5.6329 -2.6953 -6.1581
X  0.0509 -0.9936 -0.1010
Y  0.9136  0.0055  0.4066
Z -0.4034 -0.1130  0.9080

PART 69
OFFSET  5.5753 -1.5730 -6.0440
X -0.9548  0.2867 -0.0787
Y  0.2790  0.9555  0.0955
Z  0.1026  0.0692 -0.9923

PART 70
OFFSET  4.0726 -3.5477 -8.1420
X -0.2824 -0.9579 -0.0523
Y  0.9508 -0.2867  0.1172
Z -0.1272 -0.0167  0.9917

PART 71
OFFSET  4.6242 -1.6765 -8.0398
X  0.8179 -0.5681  0.0911
Y  0.5666  0.8228  0.0435
Z -0.0996  0.0161  0.9949

PART 72
OFFSET  3.4296 -0.8467 -8.1729
X  0.9108  0.4095  0.0532
Y -0.4027  0.9093 -0.1051
Z -0.0915  0.0743  0.9930

PART 73
OFFSET  2.3984 -1.3104 -8.2402
X -0.4353 -0.8995 -0.0371
Y -0.8987  0.4366 -0.0404
Z  0.0525  0.0158 -0.9985

PART 74
OFFSET  0.0000 -0.0000 -0.0000
X  1.0000 -0.0000  0.0000
Y  0.0000  1.0000  0.0000
Z  0.0000 -0.0000  1.0000

PART 75
OFFSET  0.0000 -0.0000 -0.0000
X  1.0000 -0.0000  0.0000
Y  0.0000  1.0000  0.0000
Z  0.0000 -0.0000  1.0000

PART 76
OFFSET  1.5404 -0.0000  4.1357
X  1.0000 -0.0000  0.0000
Y  0.0000  1.0000  0.0000
Z  0.0000 -0.0000  1.0000


FRAME 1063
PART 0
OFFSET -4.6318 -0.0000 -1.3770
X  1.0000 -0.0000  0.0000
Y  0.0000  1.0000  0.0000
Z  0.0000 -0.0000  1.0000

PART 1
OFFSET -4.6318 -0.0000 -1.3770
X  1.0000 -0.0000  0.0000
Y  0.0000  1.0000  0.0000
Z  0.0000 -0.0000  1.0000

PART 2
OFFSET -3.5060  6.3408 -6.7125
X  0.7597 -0.0439 -0.6488
Y -0.1033 -0.9932 -0.0537
Z -0.6420  0.1078 -0.7591

PART 3
OFFSET  5.6817  5.8095 -14.5589
X  0.3559 -0.5815  0.7316
Y -0.8368  0.1503  0.5265
Z -0.4161 -0.7995 -0.4331

PART 4
OFFSET  8.7085  0.8636 -8.3364
X  0.3559 -0.5815  0.7316
Y -0.9338 -0.2525  0.2535
Z  0.0373 -0.7734 -0.6329

PART 5
OFFSET  10.6005  1.3557 -6.9571
X  0.3619 -0.5802  0.7296
Y  0.4271  0.7989  0.4234
Z -0.8286  0.1584  0.5370

PART 6
OFFSET  9.8162 -0.4986 -8.5717
X  0.3619 -0.5802  0.7296
Y  0.4271  0.7989  0.4234
Z -0.8286  0.1584  0.5370

PART 7
OFFSET  8.7642  1.0837 -5.5641
X  0.3619 -0.5802  0.7296
Y  0.4271  0.7989  0.4234
Z -0.8286  0.1584  0.5370

PART 8
OFFSET  7.7375 -0.2464 -6.2558
X  0.3619 -0.5802  0.7296
Y  0.4271  0.7989  0.4234
Z -0.8286  0.1584  0.5370

PART 9
OFFSET  7.5716 -1.0229 -7.3136
X  0.3619 -0.5802  0.7296
Y  0.4271  0.7989  0.4234
Z -0.8286  0.1584  0.5370

PART 10
OFFSET  9.7995 -0.9190 -6.0935
X  0.8485 -0.1498  0.5076
Y -0.5216 -0.3993  0.7540
Z  0.0897 -0.9045 -0.4170

PART 11
OFFSET  9.7146 -1.7432 -5.3088
X  0.4930 -0.7481  0.4442
Y -0.7460 -0.1007  0.6583
Z -0.4478 -0.6559 -0.6077

PART 12
OFFSET  10.6790 -3.4040 -4.3183
X  0.9903 -0.1391 -0.0014
Y -0.0996 -0.7160  0.6909
Z -0.0971 -0.6840 -0.7229

PART 13
OFFSET  12.2727 -3.6625 -4.4427
X  0.5580  0.3835 -0.7359
Y  0.7644 -0.5827  0.2760
Z -0.3229 -0.7166 -0.6183

PART 14
OFFSET  12.8744 -3.2906 -5.2622
X  0.7769  0.6233 -0.0892
Y -0.3057  0.4972  0.8120
Z  0.5505 -0.6036  0.5768

PART 15
OFFSET  11.0940 -0.8011 -6.5556
X  0.9982 -0.0453  0.0391
Y -0.0337 -0.9655 -0.2582
Z  0.0495  0.2564 -0.9653

PART 16
OFFSET  13.3255 -1.0586 -6.3588
X  0.4001 -0.9158 -0.0337
Y -0.9163 -0.3992 -0.0311
Z  0.0150  0.0433 -0.9990

PART 17
OFFSET  13.8920 -2.3553 -6.4064
X -0.8894 -0.4539 -0.0544
Y -0.4535  0.8910 -0.0200
Z  0.0575  0.0069 -0.9983

PART 18
OFFSET  13.1034 -2.7577 -6.4546
X -0.9985  0.0435 -0.0321
Y  0.0411  0.9966  0.0718
Z  0.0351  0.0704 -0.9969

PART 19
OFFSET  12.1548 -2.7164 -6.4851
X  0.7329 -0.6690  0.1237
Y  0.6780  0.7333 -0.0511
Z -0.0565  0.1213  0.9910

PART 20
OFFSET  10.9215 -0.9731 -5.8847
X  0.9682 -0.0254  0.2490
Y  0.0951 -0.8828 -0.4600
Z  0.2315  0.4690 -0.8523

PART 21
OFFSET  13.4611 -1.1153 -5.3472
X  0.4614 -0.8763 -0.1385
Y -0.8865 -0.4494 -0.1099
Z  0.0340  0.1735 -0.9842

PART 22
OFFSET  14.2466 -2.6072 -5.5831
X -0.8653 -0.4860 -0.1229
Y -0.4983  0.8605  0.1056
Z  0.0544  0.1526 -0.9868

PART 23
OFFSET  13.0474 -3.2807 -5.7534
X -0.8829  0.4690  0.0213
Y  0.4657  0.8692  0.1661
Z  0.0594  0.1565 -0.9859

PART 24
OFFSET  12.0898 -2.7720 -5.7303
X  0.4603 -0.8731 -0.1608
Y  0.8846  0.4358  0.1661
Z -0.0749 -0.2187  0.9729

PART 25
OFFSET  11.6350 -2.4998 -3.5551
X  0.9241 -0.3153  0.2158
Y  0.1404  0.8056  0.5756
Z -0.3553 -0.5016  0.7888

PART 26
OFFSET  12.6789 -1.4680 -3.3921
X  0.9734 -0.1545  0.1690
Y -0.0404 -0.8423 -0.5376
Z  0.2254  0.5165 -0.8261

PART 27
OFFSET  14.3927 -1.7400 -3.0946
X  0.9104 -0.4032 -0.0925
Y -0.3737 -0.7056 -0.6021
Z  0.1775  0.5827 -0.7930

PART 28
OFFSET  15.4888 -2.2656 -3.1589
X  0.7225 -0.6680 -0.1780
Y -0.6333 -0.5362 -0.5581
Z  0.2774  0.5160 -0.8104

PART 29
OFFSET  16.3049 -3.0202 -3.3600
X  0.4145  0.8466  0.3338
Y -0.9091  0.4018  0.1097
Z -0.0413 -0.3490  0.9362

PART 30
OFFSET  13.1703 -1.1810 -4.3390
X  0.5931 -0.7660 -0.2480
Y -0.8050 -0.5704 -0.1633
Z -0.0164  0.2965 -0.9549

PART 31
OFFSET  14.3290 -2.6774 -4.8236
X -0.8437 -0.5216 -0.1266
Y -0.5337  0.7900  0.3017
Z -0.0573  0.3222 -0.9449

PART 32
OFFSET  13.0966 -3.4393 -5.0085
X -0.9406  0.2903  0.1763
Y  0.3345  0.8819  0.3321
Z -0.0590  0.3713 -0.9266

PART 33
OFFSET  12.0307 -3.1085 -4.8157
X  0.5113 -0.8097 -0.2881
Y  0.8546  0.5144  0.0712
Z  0.0905 -0.2826  0.9550

PART 34
OFFSET  12.5176 -2.4885 -5.7591
X  0.1863  0.4265 -0.8851
Y -0.0897  0.9045  0.4170
Z  0.9784  0.0017  0.2067

PART 35
OFFSET  2.9985 -2.4374 -6.1508
X  0.9535 -0.0359  0.2992
Y -0.0268  0.9789  0.2027
Z -0.3001 -0.2012  0.9324

PART 36
OFFSET  2.9985 -2.4374 -6.1508
X  0.9535 -0.0359  0.2992
Y -0.0268  0.9789  0.2027
Z -0.3001 -0.2012  0.9324

PART 37
OFFSET  7.3528 -3.3776 -2.4239
X  0.9472 -0.0400  0.3182
Y -0.0268  0.9789  0.2027
Z -0.3196 -0.2005  0.9261

PART 38
OFFSET  6.9304 -2.6299 -4.6275
X  0.9535 -0.0359  0.2992
Y -0.0268  0.9789  0.2027
Z -0.3001 -0.2012  0.9324

PART 39
OFFSET  22.5252 -2.9249 -1.1392
X  0.9535 -0.0359  0.2992
Y -0.0268  0.9789  0.2027
Z -0.3001 -0.2012  0.9324

PART 40
OFFSET -3.7784 -1.3741 -12.1818
X  0.9535 -0.0359  0.2992
Y -0.0268  0.9789  0.2027
Z -0.3001 -0.2012  0.9324

PART 41
OFFSET  15.1380 -2.6806 -3.3593
X  0.9535 -0.0359  0.2992
Y -0.0268  0.9789  0.2027
Z -0.3001 -0.2012  0.9324

PART 42
OFFSET  17.7531 -2.7528 -2.6784
X  0.9535 -0.0359  0.2992
Y -0.0268  0.9789  0.2027
Z -0.3001 -0.2012  0.9324

PART 43
OFFSET  21.9526 -2.9108 -1.3608
X  0.9535 -0.0359  0.2992
Y -0.0268  0.9789  0.2027
Z -0.3001 -0.2012  0.9324

PART 44
OFFSET -17.6076 -4.8127 -7.0611
X -0.6158  0.1512  0.7733
Y -0.2839 -0.9581 -0.0387
Z  0.7350 -0.2434  0.6329

PART 45
OFFSET -10.1604 -6.6412 -16.4130
X -0.8073 -0.2709 -0.5242
Y  0.5755 -0.1652 -0.8009
Z  0.1304 -0.9483  0.2893

PART 46
OFFSET -3.2937 -4.3367 -11.9542
X -0.8073 -0.2709 -0.5242
Y  0.5519 -0.0322 -0.8333
Z  0.2089 -0.9621  0.1755

PART 47
OFFSET -2.6801 -2.6993 -11.0016
X -0.8111 -0.2671 -0.5204
Y -0.1364  0.9515 -0.2758
Z  0.5688 -0.1527 -0.8082

PART 48
OFFSET -2.8096 -3.1074 -9.8595
X -0.8111 -0.2671 -0.5204
Y -0.1364  0.9515 -0.2758
Z  0.5688 -0.1527 -0.8082

PART 49
OFFSET -2.4705 -4.3918 -9.5295
X -0.8111 -0.2671 -0.5204
Y -0.1364  0.9515 -0.2758
Z  0.5688 -0.1527 -0.8082

PART 50
OFFSET -0.8187 -3.5060 -10.3471
X -0.8277 -0.0518 -0.5587
Y  0.5592  0.0056 -0.8290
Z  0.0461 -0.9986  0.0243

PART 51
OFFSET -1.0049 -3.0781 -9.3057
X -0.2953 -0.5375 -0.7899
Y  0.7831  0.3375 -0.5224
Z  0.5473 -0.7728  0.3212

PART 52
OFFSET -0.4763 -1.9089 -7.5670
X -0.9272 -0.3593 -0.1056
Y  0.2178 -0.2879 -0.9325
Z  0.3047 -0.8877  0.3452

PART 53
OFFSET  0.9994 -1.2466 -7.4908
X -0.7620 -0.1720  0.6244
Y -0.4797 -0.4979 -0.7225
Z  0.4351 -0.8500  0.2969

PART 54
OFFSET  1.8116 -1.0133 -8.1673
X -0.9408  0.3165  0.1213
Y  0.2530  0.8940 -0.3698
Z -0.2255 -0.3172 -0.9211

PART 55
OFFSET  0.4712 -3.2543 -10.7669
X -0.9530 -0.2792 -0.1172
Y  0.2675 -0.9577  0.1064
Z -0.1420  0.0700  0.9874

PART 56
OFFSET  2.5590 -2.4993 -10.3727
X -0.0953 -0.9809 -0.1695
Y  0.9954 -0.0935 -0.0185
Z  0.0023 -0.1705  0.9854

PART 57
OFFSET  2.6940 -1.1105 -10.1328
X  0.8191 -0.5643 -0.1031
Y  0.5730  0.7965  0.1931
Z -0.0269 -0.2173  0.9757

PART 58
OFFSET  1.9677 -0.6102 -10.0413
X  0.9455  0.3222  0.0478
Y -0.3257  0.9333  0.1512
Z  0.0041 -0.1585  0.9873

PART 59
OFFSET  1.0695 -0.9163 -10.0868
X -0.5193 -0.8094 -0.2743
Y -0.8538  0.4772  0.2081
Z -0.0376  0.3422 -0.9389

PART 60
OFFSET  0.2880 -3.3861 -10.0897
X -0.9291 -0.2118 -0.3032
Y  0.1854 -0.9761  0.1138
Z -0.3200  0.0495  0.9461

PART 61
OFFSET  2.7510 -2.8653 -9.4409
X -0.1554 -0.9856 -0.0667
Y  0.9878 -0.1542 -0.0231
Z  0.0125 -0.0695  0.9975

PART 62
OFFSET  3.0156 -1.1873 -9.3274
X  0.9211 -0.3875 -0.0367
Y  0.3892  0.9170  0.0868
Z  0.0000 -0.0943  0.9955

PART 63
OFFSET  1.7390 -0.6503 -9.2765
X  0.8734  0.4845  0.0500
Y -0.4870  0.8699  0.0778
Z -0.0058 -0.0923  0.9957

PART 64
OFFSET  0.7918 -1.1757 -9.3307
X -0.4377 -0.8984 -0.0364
Y -0.8988  0.4382 -0.0078
Z  0.0230  0.0293 -0.9993

PART 65
OFFSET -4.7119 -4.2617 -11.9583
X -0.8742 -0.3275 -0.3586
Y -0.2627  0.9399 -0.2180
Z  0.4084 -0.0963 -0.9077

PART 66
OFFSET  2.0020 -3.6795 -7.5358
X -0.8926  0.0529 -0.4478
Y -0.0062 -0.9944 -0.1051
Z -0.4509 -0.0910  0.8879

PART 67
OFFSET  3.5735 -3.7726 -6.7474
X -0.3516 -0.9115 -0.2135
Y  0.8232 -0.4096  0.3932
Z -0.4458 -0.0375  0.8943

PART 68
OFFSET  3.9738 -2.6667 -6.4336
X  0.0451 -0.9940 -0.0996
Y  0.8906 -0.0051  0.4547
Z -0.4525 -0.1092  0.8851

PART 69
OFFSET  3.9228 -1.5440 -6.3210
X -0.9460  0.2975 -0.1291
Y  0.2842  0.9522  0.1117
Z  0.1562  0.0690 -0.9853

PART 70
OFFSET  2.5121 -3.4998 -8.4991
X -0.2898 -0.9546 -0.0687
Y  0.9400 -0.2975  0.1673
Z -0.1801 -0.0161  0.9835

PART 71
OFFSET  3.0784 -1.6349 -8.3648
X  0.8055 -0.5773  0.1337
Y  0.5727  0.8164  0.0748
Z -0.1524  0.0163  0.9882

PART 72
OFFSET  1.9018 -0.7916 -8.5601
X  0.9111  0.3992  0.1023
Y -0.3863  0.9138 -0.1251
Z -0.1434  0.0744  0.9869

PART 73
OFFSET  0.8706 -1.2437 -8.6830
X -0.4427 -0.8945 -0.0616
Y -0.8904  0.4467 -0.0875
Z  0.1059  0.0161 -0.9943

PART 74
OFFSET  0.0000 -0.0000 -0.0000
X  1.0000 -0.0000  0.0000
Y  0.0000  1.0000  0.0000
Z  0.0000 -0.0000  1.0000

PART 75
OFFSET  0.0000 -0.0000 -0.0000
X  1.0000 -0.0000  0.0000
Y  0.0000  1.0000  0.0000
Z  0.0000 -0.0000  1.0000

PART 76
OFFSET  1.5404 -0.0000  4.1357
X  1.0000 -0.0000  0.0000
Y  0.0000  1.0000  0.0000
Z  0.0000 -0.0000  1.0000


FRAME 1064
PART 0
OFFSET -4.6318 -0.0000 -1.3770
X  1.0000 -0.0000  0.0000
Y  0.0000  1.0000  0.0000
Z  0.0000 -0.0000  1.0000

PART 1
OFFSET -4.6318 -0.0000 -1.3770
X  1.0000 -0.0000  0.0000
Y  0.0000  1.0000  0.0000
Z  0.0000 -0.0000  1.0000

PART 2
OFFSET -3.5060  6.3408 -6.7125
X  0.7558 -0.0322 -0.6540
Y -0.1096 -0.9909 -0.0779
Z -0.6456  0.1305 -0.7525

PART 3
OFFSET  5.6347  5.9517 -14.6219
X  0.3202 -0.5950  0.7372
Y -0.8475  0.1678  0.5035
Z -0.4233 -0.7860 -0.4506

PART 4
OFFSET  8.3580  0.8908 -8.3518
X  0.3202 -0.5950  0.7372
Y -0.9462 -0.2400  0.2172
Z  0.0477 -0.7670 -0.6398

PART 5
OFFSET  10.2214  1.3261 -6.9157
X  0.3263 -0.5939  0.7354
Y  0.4346  0.7851  0.4412
Z -0.8394  0.1756  0.5143

PART 6
OFFSET  9.4377 -0.4973 -8.5654
X  0.3263 -0.5939  0.7354
Y  0.4346  0.7851  0.4412
Z -0.8394  0.1756  0.5143

PART 7
OFFSET  8.3398  1.0913 -5.5775
X  0.3263 -0.5939  0.7354
Y  0.4346  0.7851  0.4412
Z -0.8394  0.1756  0.5143

PART 8
OFFSET  7.3004 -0.2081 -6.3079
X  0.3263 -0.5939  0.7354
Y  0.4346  0.7851  0.4412
Z -0.8394  0.1756  0.5143

PART 9
OFFSET  7.1456 -0.9733 -7.3755
X  0.3263 -0.5939  0.7354
Y  0.4346  0.7851  0.4412
Z -0.8394  0.1756  0.5143

PART 10
OFFSET  9.3395 -0.9333 -6.0918
X  0.8406 -0.1531  0.5196
Y -0.5337 -0.3977  0.7463
