// Export filename: `C:\projects\cod\t5\xanim_export\t5_viewmodels\ak47\ak47_grenadier_gl_d2p_in.XANIM_EXPORT`
// Source filename: `D:\projects\devanim\t5\animation_assets\viewmodels\ak47\ViewModel_AK47_GrenadeLauncher_animated.fbx`
// Export time: Sat Jun 05 16:37:22 2010

ANIMATION
VERSION 3

NUMPARTS 77
PART 0 "tag_ads"
PART 1 "tag_torso"
PART 2 "J_Shoulder_LE"
PART 3 "J_Elbow_LE"
PART 4 "J_WristTwist_LE"
PART 5 "J_Sleave_Reshape_Bottom_LE_1"
PART 6 "J_Sleave_Reshape_Bottom_LE_2"
PART 7 "J_Sleave_Reshape_Top_LE_1"
PART 8 "J_Sleave_Reshape_Top_LE_2"
PART 9 "J_Sleave_Reshape_Top_LE_3"
PART 10 "J_Wrist_LE"
PART 11 "J_Thumb_LE_0"
PART 12 "J_Thumb_LE_1"
PART 13 "J_Thumb_LE_2"
PART 14 "J_Thumb_LE_3"
PART 15 "J_PinkyPalm_LE"
PART 16 "J_Pinky_LE_0"
PART 17 "J_Pinky_LE_1"
PART 18 "J_Pinky_LE_2"
PART 19 "J_Pinky_LE_3"
PART 20 "J_RingPalm_LE"
PART 21 "J_Ring_LE_0"
PART 22 "J_Ring_LE_1"
PART 23 "J_Ring_LE_2"
PART 24 "J_Ring_LE_3"
PART 25 "J_Webbing_LE"
PART 26 "J_Index_LE_0"
PART 27 "J_Index_LE_1"
PART 28 "J_Index_LE_2"
PART 29 "J_Index_LE_3"
PART 30 "J_Mid_LE_0"
PART 31 "J_Mid_LE_1"
PART 32 "J_Mid_LE_2"
PART 33 "J_Mid_LE_3"
PART 34 "tag_knife_attach"
PART 35 "tag_weapon"
PART 36 "J_Gun"
PART 37 "J_bolt"
PART 38 "TAG_CLIP"
PART 39 "TAG_FLASH"
PART 40 "TAG_BOUNCING_GRENADE_LAUNCHER"
PART 41 "J_BOUNCING_TRIGGER"
PART 42 "J_BOUNCING_GRENADE_AMMO"
PART 43 "J_BOUNCING_GRENADE_TIP"
PART 44 "J_Shoulder_RI"
PART 45 "J_Elbow_RI"
PART 46 "J_WristTwist_RI"
PART 47 "J_Sleave_Reshape_Top_RI_3"
PART 48 "J_Sleave_Reshape_Top_RI_2"
PART 49 "J_Sleave_Reshape_Top_RI_1"
PART 50 "J_Wrist_RI"
PART 51 "J_Thumb_RI_0"
PART 52 "J_Thumb_RI_1"
PART 53 "J_Thumb_RI_2"
PART 54 "J_Thumb_RI_3"
PART 55 "J_PinkyPalm_RI"
PART 56 "J_Pinky_RI_0"
PART 57 "J_Pinky_RI_1"
PART 58 "J_Pinky_RI_2"
PART 59 "J_Pinky_RI_3"
PART 60 "J_RingPalm_RI"
PART 61 "J_Ring_RI_0"
PART 62 "J_Ring_RI_1"
PART 63 "J_Ring_RI_2"
PART 64 "J_Ring_RI_3"
PART 65 "J_Webbing_RI"
PART 66 "J_Index_RI_0"
PART 67 "J_Index_RI_1"
PART 68 "J_Index_RI_2"
PART 69 "J_Index_RI_3"
PART 70 "J_Mid_RI_0"
PART 71 "J_Mid_RI_1"
PART 72 "J_Mid_RI_2"
PART 73 "J_Mid_RI_3"
PART 74 "tag_cambone"
PART 75 "tag_camera"
PART 76 "tag_gasmask"

FRAMERATE 30
NUMFRAMES 11

FRAME 1960
PART 0
OFFSET -4.6318 -0.0000 -1.3770
X  1.0000 -0.0000  0.0000
Y  0.0000  1.0000  0.0000
Z  0.0000 -0.0000  1.0000

PART 1
OFFSET -4.6318 -0.0000 -1.3770
X  1.0000 -0.0000  0.0000
Y  0.0000  1.0000  0.0000
Z  0.0000 -0.0000  1.0000

PART 2
OFFSET -3.5060  6.3408 -6.7125
X  0.7037 -0.0143 -0.7104
Y -0.0301 -0.9995 -0.0097
Z -0.7099  0.0282 -0.7037

PART 3
OFFSET  5.0039  6.1681 -15.3040
X  0.8195 -0.4985  0.2826
Y -0.4219 -0.1912  0.8862
Z -0.3877 -0.8455 -0.3671

PART 4
OFFSET  11.9743  1.9281 -12.9002
X  0.8195 -0.4985  0.2826
Y -0.0387  0.4439  0.8952
Z -0.5717 -0.7446  0.3445

PART 5
OFFSET  14.1384  2.8853 -12.5469
X  0.8230 -0.4951  0.2784
Y  0.3915  0.8496  0.3535
Z -0.4115 -0.1819  0.8931

PART 6
OFFSET  13.0520  1.0453 -13.9943
X  0.8230 -0.4951  0.2784
Y  0.3915  0.8496  0.3535
Z -0.4115 -0.1819  0.8931

PART 7
OFFSET  13.4804  1.8781 -10.5622
X  0.8230 -0.4951  0.2784
Y  0.3915  0.8496  0.3535
Z -0.4115 -0.1819  0.8931

PART 8
OFFSET  12.5814  0.3568 -10.9856
X  0.8230 -0.4951  0.2784
Y  0.3915  0.8496  0.3535
Z -0.4115 -0.1819  0.8931

PART 9
OFFSET  12.0494 -0.3216 -11.9887
X  0.8230 -0.4951  0.2784
Y  0.3915  0.8496  0.3535
Z -0.4115 -0.1819  0.8931

PART 10
OFFSET  14.4867  0.3999 -12.0338
X  0.7514  0.6353 -0.1780
Y -0.1371  0.4142  0.8998
Z  0.6454 -0.6518  0.3983

PART 11
OFFSET  14.9574  0.8178 -11.0819
X  0.8620  0.2873  0.4177
Y -0.5018  0.3662  0.7837
Z  0.0722 -0.8851  0.4598

PART 12
OFFSET  16.7714  1.4250 -10.0767
X  0.8488  0.2153 -0.4829
Y  0.3889  0.3645  0.8461
Z  0.3581 -0.9060  0.2257

PART 13
OFFSET  18.1586  1.6493 -10.8814
X  0.1765 -0.3930 -0.9024
Y  0.9623  0.2614  0.0744
Z  0.2067 -0.8816  0.4244

PART 14
OFFSET  18.3753  1.1884 -11.8366
X  0.1959  0.3300 -0.9234
Y -0.5469  0.8184  0.1765
Z  0.8139  0.4705  0.3408

PART 15
OFFSET  15.3998  0.3623 -13.0673
X  0.7950  0.2846 -0.5356
Y  0.5913 -0.5607  0.5797
Z -0.1353 -0.7776 -0.6141

PART 16
OFFSET  17.2783  1.0463 -14.1103
X  0.8943 -0.2257  0.3863
Y -0.4467 -0.4020  0.7993
Z -0.0252 -0.8874 -0.4603

PART 17
OFFSET  18.5445  0.7267 -13.5634
X -0.3905 -0.4341  0.8118
Y -0.9201  0.1545 -0.3600
Z  0.0308 -0.8875 -0.4597

PART 18
OFFSET  18.1982  0.3419 -12.8436
X -0.7934 -0.2794  0.5408
Y -0.6081  0.4034 -0.6837
Z -0.0271 -0.8713 -0.4900

PART 19
OFFSET  17.4445  0.0764 -12.3299
X  0.9925  0.0864  0.0865
Y  0.0481  0.3743 -0.9261
Z -0.1124  0.9233  0.3673

PART 20
OFFSET  15.3838  0.8683 -12.5641
X  0.7611  0.4735 -0.4433
Y  0.6353 -0.6822  0.3620
Z -0.1310 -0.5571 -0.8200

PART 21
OFFSET  17.4276  1.9807 -13.7233
X  0.9151 -0.2915  0.2787
Y -0.3922 -0.4821  0.7834
Z -0.0941 -0.8262 -0.5555

PART 22
OFFSET  18.9855  1.4843 -13.2489
X -0.3521 -0.5004  0.7910
Y -0.9337  0.2465 -0.2596
Z -0.0650 -0.8300 -0.5540

PART 23
OFFSET  18.4976  0.7908 -12.1526
X -0.9777 -0.0607  0.2012
Y -0.2002  0.5596 -0.8042
Z -0.0637 -0.8266 -0.5592

PART 24
OFFSET  17.4373  0.7250 -11.9345
X  0.9123 -0.3106  0.2671
Y  0.3992  0.5282 -0.7494
Z  0.0916  0.7903  0.6059

PART 25
OFFSET  16.9314  2.6668 -10.9402
X  0.9130  0.3365 -0.2307
Y -0.4040  0.8239 -0.3974
Z  0.0564  0.4560  0.8882

PART 26
OFFSET  17.0714  3.4301 -12.1966
X  0.8473  0.3599 -0.3906
Y  0.5046 -0.7750  0.3804
Z -0.1658 -0.5194 -0.8383

PART 27
OFFSET  18.5632  4.0639 -12.8844
X  0.9562  0.0244 -0.2918
Y  0.1607 -0.8768  0.4532
Z -0.2448 -0.4803 -0.8423

PART 28
OFFSET  19.7404  4.1227 -13.1880
X  0.9812 -0.1899 -0.0346
Y -0.1467 -0.8499  0.5062
Z -0.1255 -0.4916 -0.8617

PART 29
OFFSET  20.8487  3.9082 -13.2270
X -0.2223  0.6908 -0.6881
Y -0.9541 -0.0089  0.2993
Z  0.2006  0.7230  0.6611

PART 30
OFFSET  17.2558  2.7962 -13.0823
X  0.9442 -0.3197  0.0791
Y -0.2526 -0.5488  0.7969
Z -0.2113 -0.7725 -0.5989

PART 31
OFFSET  19.1004  2.1717 -12.9277
X -0.3127 -0.5100  0.8013
Y -0.9138  0.3916 -0.1074
Z -0.2591 -0.7658 -0.5885

PART 32
OFFSET  18.6436  1.4268 -11.7573
X -0.9057  0.0056  0.4239
Y -0.3075  0.6797 -0.6660
Z -0.2918 -0.7335 -0.6139

PART 33
OFFSET  17.6160  1.4274 -11.2811
X  0.9095 -0.3915  0.1396
Y  0.3250  0.4604 -0.8261
Z  0.2591  0.7967  0.5460

PART 34
OFFSET  17.5814  0.9060 -12.3942
X -0.1387 -0.6128 -0.7780
Y -0.6454  0.6518 -0.3983
Z  0.7511  0.4469 -0.4859

PART 35
OFFSET  10.2443 -1.9509 -7.0301
X  0.7570  0.5117 -0.4063
Y -0.6468  0.4986 -0.5771
Z -0.0927  0.6997  0.7084

PART 36
OFFSET  10.2443 -1.9509 -7.0301
X  0.7570  0.5117 -0.4063
Y -0.6468  0.4986 -0.5771
Z -0.0927  0.6997  0.7084

PART 37
OFFSET  14.2205  2.2705 -7.3512
X  0.7550  0.5259 -0.3917
Y -0.6468  0.4986 -0.5771
Z -0.1082  0.6891  0.7166

PART 38
OFFSET  13.3971  0.4071 -8.5523
X  0.7570  0.5117 -0.4063
Y -0.6468  0.4986 -0.5771
Z -0.0927  0.6997  0.7084

PART 39
OFFSET  25.5783  7.5985 -15.9923
X  0.7570  0.5117 -0.4063
Y -0.6468  0.4986 -0.5771
Z -0.0927  0.6997  0.7084

PART 40
OFFSET  4.3104 -8.8616 -6.3504
X  0.7570  0.5117 -0.4063
Y -0.6468  0.4986 -0.5771
Z -0.0927  0.6997  0.7084

PART 41
OFFSET  19.7360  3.7117 -12.7801
X  0.7570  0.5117 -0.4063
Y -0.6468  0.4986 -0.5771
Z -0.0927  0.6997  0.7084

PART 42
OFFSET  21.7941  4.9971 -13.9714
X  0.7570  0.5117 -0.4063
Y -0.6468  0.4986 -0.5771
Z -0.0927  0.6997  0.7084

PART 43
OFFSET  25.1281  7.2508 -15.7609
X  0.7570  0.5117 -0.4063
Y -0.6468  0.4986 -0.5771
Z -0.0927  0.6997  0.7084

PART 44
OFFSET -10.8444 -11.7139 -5.9426
X -0.9335  0.3392 -0.1162
Y -0.2261 -0.3051  0.9251
Z  0.2783  0.8899  0.3615

PART 45
OFFSET  0.4454 -15.8159 -4.5369
X -0.6498 -0.7518  0.1117
Y  0.7582 -0.6311  0.1637
Z -0.0526  0.1911  0.9802

PART 46
OFFSET  5.9725 -9.4213 -5.4867
X -0.6498 -0.7518  0.1117
Y  0.4908 -0.5273 -0.6936
Z  0.5803 -0.3959  0.7117

PART 47
OFFSET  6.4544 -8.1393 -6.9322
X -0.6541 -0.7487  0.1078
Y  0.0434 -0.1794 -0.9828
Z  0.7551 -0.6382  0.1498

PART 48
OFFSET  5.9679 -7.1353 -6.4392
X -0.6541 -0.7487  0.1078
Y  0.0434 -0.1794 -0.9828
Z  0.7551 -0.6382  0.1498

PART 49
OFFSET  6.0690 -6.8919 -5.0961
X -0.6541 -0.7487  0.1078
Y  0.0434 -0.1794 -0.9828
Z  0.7551 -0.6382  0.1498

PART 50
OFFSET  7.9647 -7.1164 -5.8291
X -0.6066 -0.7425  0.2840
Y  0.4179 -0.6017 -0.6807
Z  0.6763 -0.2942  0.6753

PART 51
OFFSET  7.5567 -6.0810 -5.5773
X  0.1113 -0.9710  0.2117
Y  0.3794 -0.1554 -0.9121
Z  0.9185  0.1819  0.3511

PART 52
OFFSET  7.2275 -3.9803 -5.9626
X -0.4816 -0.4593  0.7464
Y  0.3435 -0.8825 -0.3214
Z  0.8063  0.1016  0.5827

PART 53
OFFSET  7.9351 -3.3029 -7.2521
X -0.4685  0.3079  0.8281
Y -0.0549 -0.9457  0.3205
Z  0.8818  0.1047  0.4599

PART 54
OFFSET  8.4023 -3.6245 -8.1741
X -0.9236 -0.0349  0.3819
Y -0.3828  0.0257 -0.9235
Z  0.0224 -0.9991 -0.0371

PART 55
OFFSET  8.7888 -7.0730 -6.9347
X -0.5528 -0.4503  0.7011
Y  0.8206 -0.1478  0.5521
Z -0.1450  0.8806  0.4512

PART 56
OFFSET  9.9092 -5.9148 -8.5121
X  0.5548 -0.5015  0.6639
Y  0.8233  0.2158 -0.5249
Z  0.1199  0.8378  0.5326

PART 57
OFFSET  9.1238 -5.2048 -9.4520
X  0.9894 -0.0624 -0.1313
Y -0.0698  0.5886 -0.8054
Z  0.1275  0.8060  0.5780

PART 58
OFFSET  8.2466 -5.1495 -9.3356
X  0.5188  0.3995 -0.7558
Y -0.8473  0.3579 -0.3925
Z  0.1137  0.8440  0.5242

PART 59
OFFSET  7.7537 -5.5291 -8.6175
X  0.1186 -0.6523  0.7487
Y -0.9592  0.1197  0.2563
Z -0.2568 -0.7485 -0.6114

PART 60
OFFSET  8.7390 -6.5508 -6.4505
X -0.5794 -0.5903  0.5620
Y  0.7695 -0.1688  0.6160
Z -0.2688  0.7893  0.5520

PART 61
OFFSET  10.2996 -5.1397 -7.9775
X  0.5126 -0.4258  0.7457
Y  0.8563  0.1897 -0.4803
Z  0.0631  0.8847  0.4618

PART 62
OFFSET  9.4270 -4.4148 -9.2469
X  0.9548  0.0830 -0.2855
Y -0.2891  0.4833 -0.8263
Z  0.0694  0.8715  0.4855

PART 63
OFFSET  8.1037 -4.5298 -8.8513
X  0.3595  0.4358 -0.8252
Y -0.9310  0.2278 -0.2853
Z  0.0636  0.8708  0.4876

PART 64
OFFSET  7.7138 -5.0024 -7.9564
X  0.2404 -0.4443  0.8630
Y -0.9706 -0.1008  0.2185
Z -0.0101 -0.8902 -0.4555

PART 65
OFFSET  5.4492 -9.8557 -3.7095
X -0.4635 -0.6641  0.5866
Y -0.8065  0.0420 -0.5897
Z  0.3670 -0.7465 -0.5551

PART 66
OFFSET  10.2646 -3.8786 -6.1714
X -0.7225 -0.6247  0.2962
Y  0.6324 -0.4240  0.6483
Z -0.2795  0.6557  0.7014

PART 67
OFFSET  11.5367 -2.7787 -6.6929
X  0.3133 -0.5863  0.7470
Y  0.8977  0.4395 -0.0315
Z -0.3099  0.6804  0.6640

PART 68
OFFSET  11.1370 -2.0246 -7.5607
X  0.6715 -0.4053  0.6203
Y  0.6904  0.6462 -0.3252
Z -0.2690  0.6467  0.7137

PART 69
OFFSET  10.3785 -1.5668 -8.2613
X -0.9175 -0.2695  0.2924
Y -0.3920  0.4897 -0.7788
Z  0.0667 -0.8292 -0.5549

PART 70
OFFSET  10.5319 -4.5578 -7.0007
X  0.3896 -0.4530  0.8019
Y  0.9133  0.3025 -0.2728
Z -0.1190  0.8386  0.5315

PART 71
OFFSET  9.7709 -3.6729 -8.5672
X  0.9894  0.1445 -0.0144
Y -0.0839  0.4879 -0.8689
Z -0.1185  0.8609  0.4948

PART 72
OFFSET  8.3257 -3.8839 -8.5462
X  0.4436  0.4651 -0.7661
Y -0.8838  0.0850 -0.4602
Z -0.1489  0.8812  0.4488

PART 73
OFFSET  7.8237 -4.4168 -7.6820
X  0.2338 -0.4672  0.8526
Y -0.9703 -0.1680  0.1740
Z  0.0619 -0.8680 -0.4927

PART 74
OFFSET  0.0000 -0.0000 -0.0000
X  1.0000 -0.0000  0.0000
Y  0.0000  1.0000  0.0000
Z  0.0000 -0.0000  1.0000

PART 75
OFFSET  0.0000 -0.0000 -0.0000
X  1.0000 -0.0000  0.0000
Y  0.0000  1.0000  0.0000
Z  0.0000 -0.0000  1.0000

PART 76
OFFSET  1.5404 -0.0000  4.1357
X  1.0000 -0.0000  0.0000
Y  0.0000  1.0000  0.0000
Z  0.0000 -0.0000  1.0000


FRAME 1961
PART 0
OFFSET -4.6318 -0.0000 -1.3770
X  1.0000 -0.0000  0.0000
Y  0.0000  1.0000  0.0000
Z  0.0000 -0.0000  1.0000

PART 1
OFFSET -4.6318 -0.0000 -1.3770
X  1.0000 -0.0000  0.0000
Y  0.0000  1.0000  0.0000
Z  0.0000 -0.0000  1.0000

PART 2
OFFSET -3.5060  6.3408 -6.7125
X  0.7010 -0.0178 -0.7129
Y -0.0218 -0.9998  0.0035
Z -0.7128  0.0131 -0.7012

PART 3
OFFSET  4.9719  6.1254 -15.3346
X  0.8232 -0.4886  0.2892
Y -0.4199 -0.1812  0.8893
Z -0.3821 -0.8535 -0.3544

PART 4
OFFSET  11.9735  1.9695 -12.8752
X  0.8232 -0.4886  0.2892
Y -0.0826  0.4009  0.9124
Z -0.5617 -0.7750  0.2896

PART 5
OFFSET  14.1311  2.9466 -12.5377
X  0.8267 -0.4853  0.2848
Y  0.3858  0.8573  0.3407
Z -0.4095 -0.1718  0.8960

PART 6
OFFSET  13.0566  1.0783 -13.9572
X  0.8267 -0.4853  0.2848
Y  0.3858  0.8573  0.3407
Z -0.4095 -0.1718  0.8960

PART 7
OFFSET  13.4817  1.9639 -10.5380
X  0.8267 -0.4853  0.2848
Y  0.3858  0.8573  0.3407
Z -0.4095 -0.1718  0.8960

PART 8
OFFSET  12.5922  0.4292 -10.9381
X  0.8267 -0.4853  0.2848
Y  0.3858  0.8573  0.3407
Z -0.4095 -0.1718  0.8960

PART 9
OFFSET  12.0642 -0.2674 -11.9308
X  0.8267 -0.4853  0.2848
Y  0.3858  0.8573  0.3407
Z -0.4095 -0.1718  0.8960

PART 10
OFFSET  14.4971  0.4715 -11.9887
X  0.7480  0.6396 -0.1771
Y -0.1379  0.4108  0.9012
Z  0.6492 -0.6497  0.3955

PART 11
OFFSET  14.9672  0.8889 -11.0363
X  0.8611  0.2903  0.4174
Y -0.5025  0.3613  0.7855
Z  0.0772 -0.8861  0.4570

PART 12
OFFSET  16.7795  1.5020 -10.0318
X  0.8471  0.2209 -0.4834
Y  0.3883  0.3639  0.8467
Z  0.3629 -0.9049  0.2225

PART 13
OFFSET  18.1645  1.7356 -10.8378
X  0.1772 -0.3894 -0.9038
Y  0.9611  0.2660  0.0738
Z  0.2117 -0.8818  0.4214

PART 14
OFFSET  18.3821  1.2786 -11.7947
X  0.1929  0.3338 -0.9227
Y -0.5507  0.8151  0.1797
Z  0.8121  0.4735  0.3411

PART 15
OFFSET  15.4089  0.4415 -13.0237
X  0.7929  0.2902 -0.5359
Y  0.5949 -0.5595  0.5772
Z -0.1324 -0.7764 -0.6162

PART 16
OFFSET  17.2826  1.1379 -14.0673
X  0.8960 -0.2225  0.3843
Y -0.4436 -0.4066  0.7987
Z -0.0214 -0.8861 -0.4630

PART 17
OFFSET  18.5511  0.8230 -13.5231
X -0.3872 -0.4384  0.8111
Y -0.9213  0.1510 -0.3582
Z  0.0345 -0.8860 -0.4624

PART 18
OFFSET  18.2078  0.4343 -12.8040
X -0.7913 -0.2849  0.5410
Y -0.6110  0.4025 -0.6817
Z -0.0235 -0.8700 -0.4926

PART 19
OFFSET  17.4561  0.1636 -12.2900
X  0.9922  0.0911  0.0853
Y  0.0449  0.3773 -0.9250
Z -0.1165  0.9216  0.3702

PART 20
OFFSET  15.3912  0.9459 -12.5189
X  0.7581  0.4786 -0.4430
Y  0.6391 -0.6801  0.3591
Z -0.1294 -0.5553 -0.8215

PART 21
OFFSET  17.4279  2.0719 -13.6777
X  0.9169 -0.2878  0.2765
Y -0.3887 -0.4863  0.7825
Z -0.0908 -0.8250 -0.5578

PART 22
OFFSET  18.9889  1.5818 -13.2069
X -0.3485 -0.5045  0.7900
Y -0.9353  0.2426 -0.2576
Z -0.0617 -0.8286 -0.5564

PART 23
OFFSET  18.5059  0.8826 -12.1121
X -0.9771 -0.0662  0.2023
Y -0.2041  0.5610 -0.8023
Z -0.0604 -0.8252 -0.5616

PART 24
OFFSET  17.4463  0.8109 -11.8926
X  0.9142 -0.3068  0.2649
Y  0.3955  0.5324 -0.7484
Z  0.0886  0.7889  0.6081

PART 25
OFFSET  16.9322  2.7472 -10.8918
X  0.9110  0.3417 -0.2310
Y -0.4087  0.8231 -0.3943
Z  0.0554  0.4536  0.8895

PART 26
OFFSET  17.0667  3.5150 -12.1461
X  0.8449  0.3653 -0.3907
Y  0.5090 -0.7737  0.3774
Z -0.1645 -0.5177 -0.8396

PART 27
OFFSET  18.5543  4.1581 -12.8341
X  0.9556  0.0300 -0.2931
Y  0.1657 -0.8773  0.4504
Z -0.2436 -0.4790 -0.8434

PART 28
OFFSET  19.7308  4.2237 -13.1392
X  0.9821 -0.1850 -0.0365
Y -0.1418 -0.8521  0.5038
Z -0.1243 -0.4896 -0.8630

PART 29
OFFSET  20.8401  4.0148 -13.1804
X -0.2267  0.6917 -0.6857
Y -0.9536 -0.0145  0.3006
Z  0.1979  0.7220  0.6629

PART 30
OFFSET  17.2529  2.8846 -13.0340
X  0.9459 -0.3152  0.0769
Y -0.2487 -0.5524  0.7956
Z -0.2083 -0.7717 -0.6009

PART 31
OFFSET  19.1008  2.2687 -12.8839
X -0.3090 -0.5139  0.8002
Y -0.9159  0.3874 -0.1049
Z -0.2561 -0.7654 -0.5904

PART 32
OFFSET  18.6494  1.5181 -11.7150
X -0.9051 -0.0002  0.4252
Y -0.3118  0.6801 -0.6635
Z -0.2890 -0.7331 -0.6156

PART 33
OFFSET  17.6224  1.5122 -11.2374
X  0.9117 -0.3874  0.1371
Y  0.3215  0.4645 -0.8252
Z  0.2560  0.7964  0.5480

PART 34
OFFSET  17.5888  0.9940 -12.3520
X -0.1368 -0.6112 -0.7796
Y -0.6492  0.6497 -0.3955
Z  0.7482  0.4520 -0.4856

PART 35
OFFSET  10.2736 -1.9152 -6.9862
X  0.7539  0.5167 -0.4058
Y -0.6501  0.4971 -0.5747
Z -0.0952  0.6971  0.7106

PART 36
OFFSET  10.2736 -1.9152 -6.9862
X  0.7539  0.5167 -0.4058
Y -0.6501  0.4971 -0.5747
Z -0.0952  0.6971  0.7106

PART 37
OFFSET  14.2284  2.3268 -7.3002
X  0.7518  0.5308 -0.3912
Y -0.6501  0.4971 -0.5747
Z -0.1106  0.6864  0.7188

PART 38
OFFSET  13.4125  0.4629 -8.5058
X  0.7539  0.5167 -0.4058
Y -0.6501  0.4971 -0.5747
Z -0.0952  0.6971  0.7106

PART 39
OFFSET  25.5475  7.7367 -15.9413
X  0.7539  0.5167 -0.4058
Y -0.6501  0.4971 -0.5747
Z -0.0952  0.6971  0.7106

PART 40
OFFSET  4.3749 -8.8571 -6.3188
X  0.7539  0.5167 -0.4058
Y -0.6501  0.4971 -0.5747
Z -0.0952  0.6971  0.7106

PART 41
OFFSET  19.7290  3.8115 -12.7325
X  0.7539  0.5167 -0.4058
Y -0.6501  0.4971 -0.5747
Z -0.0952  0.6971  0.7106

PART 42
OFFSET  21.7790  5.1106 -13.9229
X  0.7539  0.5167 -0.4058
Y -0.6501  0.4971 -0.5747
Z -0.0952  0.6971  0.7106

PART 43
OFFSET  25.0993  7.3860 -15.7103
X  0.7539  0.5167 -0.4058
Y -0.6501  0.4971 -0.5747
Z -0.0952  0.6971  0.7106

PART 44
OFFSET -10.8444 -11.7139 -5.9426
X -0.9350  0.3352 -0.1157
Y -0.2249 -0.3082  0.9244
Z  0.2741  0.8903  0.3635

PART 45
OFFSET  0.4637 -15.7672 -4.5429
X -0.6531 -0.7494  0.1084
Y  0.7553 -0.6346  0.1635
Z -0.0537  0.1887  0.9806

PART 46
OFFSET  6.0189 -9.3930 -5.4650
X -0.6531 -0.7494  0.1084
Y  0.4893 -0.5270 -0.6949
Z  0.5779 -0.4008  0.7109

PART 47
OFFSET  6.5089 -8.1092 -6.9061
X -0.6574 -0.7462  0.1045
Y  0.0446 -0.1770 -0.9832
Z  0.7522 -0.6417  0.1496

PART 48
OFFSET  6.0255 -7.1045 -6.4115
X -0.6574 -0.7462  0.1045
Y  0.0446 -0.1770 -0.9832
Z  0.7522 -0.6417  0.1496

PART 49
OFFSET  6.1251 -6.8650 -5.0675
X -0.6574 -0.7462  0.1045
Y  0.0446 -0.1770 -0.9832
Z  0.7522 -0.6417  0.1496

PART 50
OFFSET  8.0213 -7.0955 -5.7974
X -0.6025 -0.7464  0.2826
Y  0.4199 -0.5976 -0.6831
Z  0.6787 -0.2929  0.6735

PART 51
OFFSET  7.6084 -6.0628 -5.5419
X  0.1164 -0.9710  0.2087
Y  0.3789 -0.1508 -0.9131
Z  0.9181  0.1853  0.3503

PART 52
OFFSET  7.2683 -3.9626 -5.9205
X -0.4782 -0.4639  0.7457
Y  0.3474 -0.8798 -0.3245
Z  0.8066  0.1039  0.5819

PART 53
OFFSET  7.9707 -3.2779 -7.2089
X -0.4688  0.3031  0.8297
Y -0.0498 -0.9469  0.3177
Z  0.8819  0.1076  0.4590

PART 54
OFFSET  8.4382 -3.5944 -8.1325
X -0.9228 -0.0406  0.3831
Y -0.3843  0.0266 -0.9228
Z  0.0272 -0.9988 -0.0401

PART 55
OFFSET  8.8435 -7.0446 -6.9041
X -0.5496 -0.4551  0.7006
Y  0.8221 -0.1454  0.5505
Z -0.1487  0.8785  0.4540

PART 56
OFFSET  9.9559 -5.8763 -8.4795
X  0.5582 -0.5007  0.6616
Y  0.8215  0.2215 -0.5254
Z  0.1166  0.8368  0.5350

PART 57
OFFSET  9.1657 -5.1673 -9.4162
X  0.9895 -0.0571 -0.1329
Y -0.0739  0.5907 -0.8035
Z  0.1244  0.8049  0.5803

PART 58
OFFSET  8.2884 -5.1167 -9.2984
X  0.5158  0.4043 -0.7553
Y -0.8496  0.3548 -0.3902
Z  0.1102  0.8430  0.5265

PART 59
OFFSET  7.7984 -5.5009 -8.5808
X  0.1229 -0.6539  0.7465
Y -0.9594  0.1142  0.2580
Z -0.2540 -0.7479 -0.6133

PART 60
OFFSET  8.7918 -6.5242 -6.4182
X -0.5757 -0.5949  0.5610
Y  0.7712 -0.1668  0.6144
Z -0.2719  0.7863  0.5548

PART 61
OFFSET  10.3433 -5.1008 -7.9431
X  0.5157 -0.4254  0.7437
Y  0.8547  0.1953 -0.4810
Z  0.0594  0.8837  0.4644

PART 62
OFFSET  9.4653 -4.3765 -9.2092
X  0.9540  0.0886 -0.2866
Y -0.2926  0.4844 -0.8245
Z  0.0658  0.8704  0.4880

PART 63
OFFSET  8.1432 -4.4992 -8.8121
X  0.3561  0.4400 -0.8244
Y -0.9325  0.2240 -0.2833
Z  0.0600  0.8696  0.4901

PART 64
OFFSET  7.7569 -4.9764 -7.9180
X  0.2438 -0.4457  0.8613
Y -0.9698 -0.1062  0.2196
Z -0.0064 -0.8889 -0.4581

PART 65
OFFSET  5.5223 -9.8535 -3.6825
X -0.4594 -0.6681  0.5853
Y -0.8076  0.0398 -0.5884
Z  0.3698 -0.7430 -0.5578

PART 66
OFFSET  10.3046 -3.8453 -6.1333
X -0.7190 -0.6292  0.2953
Y  0.6354 -0.4228  0.6462
Z -0.2817  0.6522  0.7037

PART 67
OFFSET  11.5705 -2.7376 -6.6532
X  0.3172 -0.5870  0.7448
Y  0.8954  0.4441 -0.0314
Z -0.3123  0.6769  0.6665

PART 68
OFFSET  11.1659 -1.9828 -7.5182
X  0.6744 -0.4038  0.6182
Y  0.6868  0.6505 -0.3243
Z -0.2712  0.6432  0.7160

PART 69
OFFSET  10.4041 -1.5267 -8.2164
X -0.9158 -0.2749  0.2929
Y -0.3955  0.4901 -0.7768
Z  0.0700 -0.8272 -0.5575

PART 70
OFFSET  10.5741 -4.5207 -6.9650
X  0.3929 -0.4534  0.8000
Y  0.9114  0.3078 -0.2732
Z -0.1224  0.8364  0.5342

PART 71
OFFSET  9.8065 -3.6349 -8.5278
X  0.9887  0.1494 -0.0154
Y -0.0875  0.4900 -0.8673
Z -0.1220  0.8588  0.4976

PART 72
OFFSET  8.3624 -3.8531 -8.5053
X  0.4402  0.4696 -0.7653
Y -0.8848  0.0820 -0.4587
Z -0.1527  0.8791  0.4516

PART 73
OFFSET  7.8643 -4.3911 -7.6420
X  0.2373 -0.4686  0.8509
Y -0.9692 -0.1733  0.1749
Z  0.0655 -0.8662 -0.4953

PART 74
OFFSET  0.0000 -0.0000 -0.0000
X  1.0000 -0.0000  0.0000
Y  0.0000  1.0000  0.0000
Z  0.0000 -0.0000  1.0000

PART 75
OFFSET -0.0000 -0.0000 -0.0000
X  1.0000 -0.0000 -0.0030
Y  0.0000  1.0000  0.0021
Z  0.0030 -0.0021  1.0000

PART 76
OFFSET  1.5528 -0.0085  4.1311
X  1.0000 -0.0000 -0.0030
Y  0.0000  1.0000  0.0021
Z  0.0030 -0.0021  1.0000


FRAME 1962
PART 0
OFFSET -4.6318 -0.0000 -1.3770
X  1.0000 -0.0000  0.0000
Y  0.0000  1.0000  0.0000
Z  0.0000 -0.0000  1.0000

PART 1
OFFSET -4.6318 -0.0000 -1.3770
X  1.0000 -0.0000  0.0000
Y  0.0000  1.0000  0.0000
Z  0.0000 -0.0000  1.0000

PART 2
OFFSET -3.5060  6.3408 -6.7125
X  0.6942 -0.0281 -0.7192
Y  0.0008 -0.9992  0.0398
Z -0.7198 -0.0282 -0.6937

PART 3
OFFSET  4.8899  6.0009 -15.4106
X  0.8327 -0.4610  0.3067
Y -0.4153 -0.1536  0.8966
Z -0.3662 -0.8740 -0.3193

PART 4
OFFSET  11.9724  2.0800 -12.8016
X  0.8327 -0.4610  0.3067
Y -0.1913  0.2803  0.9406
Z -0.5196 -0.8420  0.1452

PART 5
OFFSET  14.1114  3.1106 -12.5076
X  0.8361 -0.4577  0.3023
Y  0.3699  0.8774  0.3055
Z -0.4051 -0.1437  0.9029

PART 6
OFFSET  13.0709  1.1671 -13.8494
X  0.8361 -0.4577  0.3023
Y  0.3699  0.8774  0.3055
Z -0.4051 -0.1437  0.9029

PART 7
OFFSET  13.4833  2.1963 -10.4691
X  0.8361 -0.4577  0.3023
Y  0.3699  0.8774  0.3055
Z -0.4051 -0.1437  0.9029

PART 8
OFFSET  12.6204  0.6267 -10.8047
X  0.8361 -0.4577  0.3023
Y  0.3699  0.8774  0.3055
Z -0.4051 -0.1437  0.9029

PART 9
OFFSET  12.1045 -0.1187 -11.7678
X  0.8361 -0.4577  0.3023
Y  0.3699  0.8774  0.3055
Z -0.4051 -0.1437  0.9029

PART 10
OFFSET  14.5252  0.6667 -11.8612
X  0.7391  0.6507 -0.1741
Y -0.1397  0.4009  0.9054
Z  0.6590 -0.6448  0.3872

PART 11
OFFSET  14.9934  1.0816 -10.9068
X  0.8589  0.2976  0.4168
Y -0.5041  0.3478  0.7905
Z  0.0903 -0.8891  0.4488

PART 12
OFFSET  16.8015  1.7091 -9.9035
X  0.8423  0.2361 -0.4845
Y  0.3868  0.3613  0.8485
Z  0.3754 -0.9021  0.2130

PART 13
OFFSET  18.1803  1.9677 -10.7125
X  0.1788 -0.3790 -0.9080
Y  0.9579  0.2777  0.0727
Z  0.2246 -0.8827  0.4127

PART 14
OFFSET  18.4001  1.5222 -11.6742
X  0.1851  0.3445 -0.9204
Y -0.5605  0.8063  0.1891
Z  0.8072  0.4809  0.3423

PART 15
OFFSET  15.4333  0.6578 -12.8997
X  0.7870  0.3052 -0.5362
Y  0.6042 -0.5569  0.5699
Z -0.1247 -0.7725 -0.6227

PART 16
OFFSET  17.2939  1.3876 -13.9439
X  0.9002 -0.2143  0.3790
Y -0.4352 -0.4194  0.7967
Z -0.0118 -0.8822 -0.4708

PART 17
OFFSET  18.5684  1.0842 -13.4073
X -0.3785 -0.4506  0.8085
Y -0.9246  0.1423 -0.3534
Z  0.0442 -0.8813 -0.4705

PART 18
OFFSET  18.2329  0.6847 -12.6904
X -0.7855 -0.2999  0.5414
Y -0.6187  0.4006 -0.6758
Z -0.0142 -0.8658 -0.5003

PART 19
OFFSET  17.4867  0.3997 -12.1761
X  0.9912  0.1031  0.0825
Y  0.0366  0.3861 -0.9218
Z -0.1269  0.9167  0.3789

PART 20
OFFSET  15.4110  1.1574 -12.3904
X  0.7502  0.4923 -0.4414
Y  0.6492 -0.6750  0.3506
Z -0.1254 -0.5496 -0.8260

PART 21
OFFSET  17.4286  2.3198 -13.5465
X  0.9216 -0.2784  0.2706
Y -0.3794 -0.4983  0.7796
Z -0.0822 -0.8211 -0.5649

PART 22
OFFSET  18.9976  1.8458 -13.0859
X -0.3389 -0.5160  0.7867
Y -0.9393  0.2328 -0.2520
Z -0.0532 -0.8243 -0.5636

PART 23
OFFSET  18.5278  1.1307 -11.9956
X -0.9754 -0.0806  0.2053
Y -0.2144  0.5654 -0.7964
Z -0.0519 -0.8208 -0.5688

PART 24
OFFSET  17.4700  1.0433 -11.7729
X  0.9190 -0.2974  0.2587
Y  0.3858  0.5442 -0.7450
Z  0.0807  0.7845  0.6148

PART 25
OFFSET  16.9349  2.9637 -10.7529
X  0.9056  0.3554 -0.2313
Y -0.4207  0.8212 -0.3854
Z  0.0529  0.4464  0.8933

PART 26
OFFSET  17.0547  3.7444 -12.0007
X  0.8387  0.3796 -0.3906
Y  0.5203 -0.7704  0.3685
Z -0.1610 -0.5123 -0.8436

PART 27
OFFSET  18.5312  4.4128 -12.6884
X  0.9540  0.0450 -0.2963
Y  0.1787 -0.8791  0.4419
Z -0.2406 -0.4745 -0.8467

PART 28
OFFSET  19.7057  4.4963 -12.9972
X  0.9842 -0.1720 -0.0418
Y -0.1289 -0.8583  0.4967
Z -0.1213 -0.4835 -0.8669

PART 29
OFFSET  20.8174  4.3021 -13.0444
X -0.2382  0.6948 -0.6786
Y -0.9522 -0.0295  0.3039
Z  0.1911  0.7186  0.6687

PART 30
OFFSET  17.2456  3.1244 -12.8949
X  0.9502 -0.3037  0.0705
Y -0.2386 -0.5626  0.7915
Z -0.2007 -0.7689 -0.6070

PART 31
OFFSET  19.1018  2.5312 -12.7571
X -0.2994 -0.5250  0.7967
Y -0.9212  0.3765 -0.0980
Z -0.2485 -0.7633 -0.5963

PART 32
OFFSET  18.6646  1.7643 -11.5934
X -0.9034 -0.0156  0.4285
Y -0.3230  0.6819 -0.6562
Z -0.2819 -0.7313 -0.6211

PART 33
OFFSET  17.6396  1.7410 -11.1121
X  0.9171 -0.3768  0.1303
Y  0.3124  0.4759 -0.8221
Z  0.2478  0.7947  0.5542

PART 34
OFFSET  17.6084  1.2323 -12.2311
X -0.1318 -0.6059 -0.7846
Y -0.6590  0.6448 -0.3872
Z  0.7405  0.4660 -0.4843

PART 35
OFFSET  10.3517 -1.8189 -6.8648
X  0.7456  0.5300 -0.4040
Y -0.6586  0.4938 -0.5678
Z -0.1014  0.6894  0.7172

PART 36
OFFSET  10.3517 -1.8189 -6.8648
X  0.7456  0.5300 -0.4040
Y -0.6586  0.4938 -0.5678
Z -0.1014  0.6894  0.7172

PART 37
OFFSET  14.2503  2.4764 -7.1552
X  0.7434  0.5439 -0.3892
Y -0.6586  0.4938 -0.5678
Z -0.1167  0.6785  0.7253

PART 38
OFFSET  13.4540  0.6130 -8.3745
X  0.7456  0.5300 -0.4040
Y -0.6586  0.4938 -0.5678
Z -0.1014  0.6894  0.7172

PART 39
OFFSET  25.4659  8.1090 -15.7890
X  0.7456  0.5300 -0.4040
Y -0.6586  0.4938 -0.5678
Z -0.1014  0.6894  0.7172

PART 40
OFFSET  4.5455 -8.8421 -6.2381
X  0.7456  0.5300 -0.4040
Y -0.6586  0.4938 -0.5678
Z -0.1014  0.6894  0.7172

PART 41
OFFSET  19.7107  4.0805 -12.5942
X  0.7456  0.5300 -0.4040
Y -0.6586  0.4938 -0.5678
Z -0.1014  0.6894  0.7172

PART 42
OFFSET  21.7393  5.4165 -13.7804
X  0.7456  0.5300 -0.4040
Y -0.6586  0.4938 -0.5678
Z -0.1014  0.6894  0.7172

PART 43
OFFSET  25.0232  7.7506 -15.5595
X  0.7456  0.5300 -0.4040
Y -0.6586  0.4938 -0.5678
Z -0.1014  0.6894  0.7172

PART 44
OFFSET -10.8444 -11.7139 -5.9426
X -0.9390  0.3242 -0.1145
Y -0.2216 -0.3162  0.9225
Z  0.2629  0.8916  0.3687

PART 45
OFFSET  0.5122 -15.6347 -4.5582
X -0.6619 -0.7429  0.0999
Y  0.7475 -0.6440  0.1629
Z -0.0567  0.1825  0.9816

PART 46
OFFSET  6.1417 -9.3158 -5.4080
X -0.6619 -0.7429  0.0999
Y  0.4850 -0.5260 -0.6986
Z  0.5716 -0.4139  0.7085

PART 47
OFFSET  6.6531 -8.0276 -6.8376
X -0.6661 -0.7397  0.0960
Y  0.0476 -0.1706 -0.9842
Z  0.7443 -0.6510  0.1489

PART 48
OFFSET  6.1783 -7.0210 -6.3384
X -0.6661 -0.7397  0.0960
Y  0.0476 -0.1706 -0.9842
Z  0.7443 -0.6510  0.1489

PART 49
OFFSET  6.2736 -6.7920 -4.9923
X -0.6661 -0.7397  0.0960
Y  0.0476 -0.1706 -0.9842
Z  0.7443 -0.6510  0.1489

PART 50
OFFSET  8.1708 -7.0383 -5.7143
X -0.5918 -0.7566  0.2781
Y  0.4249 -0.5860 -0.6899
Z  0.6850 -0.2901  0.6683

PART 51
OFFSET  7.7457 -6.0133 -5.4480
X  0.1297 -0.9713  0.1995
Y  0.3773 -0.1377 -0.9158
Z  0.9170  0.1940  0.3486

PART 52
OFFSET  7.3772 -3.9144 -5.8065
X -0.4694 -0.4766  0.7433
Y  0.3574 -0.8723 -0.3337
Z  0.8074  0.1091  0.5798

PART 53
OFFSET  8.0658 -3.2092 -7.0913
X -0.4695  0.2896  0.8341
Y -0.0364 -0.9502  0.3094
Z  0.8822  0.1149  0.4567

PART 54
OFFSET  8.5338 -3.5114 -8.0194
X -0.9208 -0.0559  0.3861
Y -0.3881  0.0299 -0.9211
Z  0.0400 -0.9980 -0.0492

PART 55
OFFSET  8.9882 -6.9669 -6.8235
X -0.5410 -0.4684  0.6985
Y  0.8260 -0.1397  0.5461
Z -0.1583  0.8724  0.4625

PART 56
OFFSET  10.0795 -5.7702 -8.3925
X  0.5671 -0.4994  0.6550
Y  0.8166  0.2368 -0.5265
Z  0.1078  0.8334  0.5420

PART 57
OFFSET  9.2766 -5.0633 -9.3198
X  0.9896 -0.0431 -0.1371
Y -0.0845  0.5968 -0.7979
Z  0.1162  0.8012  0.5870

PART 58
OFFSET  8.3992 -5.0251 -9.1983
X  0.5077  0.4177 -0.7535
Y -0.8556  0.3473 -0.3839
Z  0.1014  0.8396  0.5337

PART 59
OFFSET  7.9169 -5.4219 -8.4824
X  0.1341 -0.6589  0.7402
Y -0.9598  0.0995  0.2625
Z -0.2466 -0.7456 -0.6191

PART 60
OFFSET  8.9316 -6.4516 -6.3328
X -0.5658 -0.6072  0.5578
Y  0.7756 -0.1624  0.6100
Z -0.2799  0.7778  0.5628

PART 61
OFFSET  10.4588 -4.9947 -7.8505
X  0.5240 -0.4254  0.7379
Y  0.8503  0.2106 -0.4824
Z  0.0497  0.8802  0.4721

PART 62
OFFSET  9.5667 -4.2705 -9.1068
X  0.9516  0.1034 -0.2893
Y -0.3020  0.4879 -0.8190
Z  0.0564  0.8668  0.4955

PART 63
OFFSET  8.2478 -4.4138 -8.7059
X  0.3473  0.4519 -0.8217
Y -0.9364  0.2145 -0.2778
Z  0.0507  0.8659  0.4977

PART 64
OFFSET  7.8712 -4.9039 -7.8148
X  0.2528 -0.4502  0.8564
Y -0.9675 -0.1207  0.2222
Z  0.0033 -0.8847 -0.4661

PART 65
OFFSET  5.7157 -9.8471 -3.6150
X -0.4485 -0.6792  0.5810
Y -0.8102  0.0346 -0.5851
Z  0.3773 -0.7331 -0.5658

PART 66
OFFSET  10.4108 -3.7560 -6.0293
X -0.7097 -0.6410  0.2923
Y  0.6432 -0.4203  0.6400
Z -0.2874  0.6422  0.7106

PART 67
OFFSET  11.6604 -2.6274 -6.5440
X  0.3276 -0.5895  0.7384
Y  0.8895  0.4558 -0.0307
Z -0.3185  0.6669  0.6737

PART 68
OFFSET  11.2428 -1.8703 -7.4007
X  0.6819 -0.4006  0.6120
Y  0.6771  0.6622 -0.3209
Z -0.2767  0.6332  0.7228

PART 69
OFFSET  10.4726 -1.4178 -8.0920
X -0.9110 -0.2893  0.2938
Y -0.4048  0.4918 -0.7709
Z  0.0785 -0.8212 -0.5652

PART 70
OFFSET  10.6858 -4.4204 -6.8681
X  0.4018 -0.4555  0.7944
Y  0.9063  0.3220 -0.2738
Z -0.1311  0.8300  0.5422

PART 71
OFFSET  9.9009 -3.5306 -8.4200
X  0.9866  0.1623 -0.0177
Y -0.0971  0.4966 -0.8625
Z -0.1312  0.8527  0.5057

PART 72
OFFSET  8.4599 -3.7677 -8.3942
X  0.4312  0.4821 -0.7627
Y -0.8875  0.0746 -0.4547
Z -0.1622  0.8730  0.4600

PART 73
OFFSET  7.9720 -4.3197 -7.5340
X  0.2466 -0.4731  0.8458
Y -0.9662 -0.1874  0.1769
Z  0.0748 -0.8608 -0.5033

PART 74
OFFSET  0.0000 -0.0000 -0.0000
X  1.0000 -0.0000  0.0000
Y  0.0000  1.0000  0.0000
Z  0.0000 -0.0000  1.0000

PART 75
OFFSET -0.0000 -0.0000 -0.0000
X  0.9999  0.0000 -0.0111
Y  0.0001  1.0000  0.0076
Z  0.0111 -0.0076  0.9999

PART 76
OFFSET  1.5862 -0.0316  4.1183
X  0.9999  0.0000 -0.0111
Y  0.0001  1.0000  0.0076
Z  0.0111 -0.0076  0.9999


FRAME 1963
PART 0
OFFSET -4.6318 -0.0000 -1.3770
X  1.0000 -0.0000  0.0000
Y  0.0000  1.0000  0.0000
Z  0.0000 -0.0000  1.0000

PART 1
OFFSET -4.6318 -0.0000 -1.3770
X  1.0000 -0.0000  0.0000
Y  0.0000  1.0000  0.0000
Z  0.0000 -0.0000  1.0000

PART 2
OFFSET -3.5060  6.3408 -6.7125
X  0.6854 -0.0447 -0.7268
Y  0.0339 -0.9951  0.0932
Z -0.7274 -0.0886 -0.6805

PART 3
OFFSET  4.7831  5.7998 -15.5023
X  0.8454 -0.4186  0.3319
Y -0.4107 -0.1121  0.9049
Z -0.3416 -0.9012 -0.2667

PART 4
OFFSET  11.9733  2.2394 -12.6797
X  0.8454 -0.4186  0.3319
Y -0.3124  0.1165  0.9428
Z -0.4333 -0.9007 -0.0322

PART 5
OFFSET  14.0826  3.3451 -12.4507
X  0.8487 -0.4155  0.3272
Y  0.3451  0.9039  0.2527
Z -0.4008 -0.1015  0.9105

PART 6
OFFSET  13.0969  1.2975 -13.6739
X  0.8487 -0.4155  0.3272
Y  0.3451  0.9039  0.2527
Z -0.4008 -0.1015  0.9105

PART 7
OFFSET  13.4807  2.5352 -10.3607
X  0.8487 -0.4155  0.3272
Y  0.3451  0.9039  0.2527
Z -0.4008 -0.1015  0.9105

PART 8
OFFSET  12.6587  0.9196 -10.5998
X  0.8487 -0.4155  0.3272
Y  0.3451  0.9039  0.2527
Z -0.4008 -0.1015  0.9105

PART 9
OFFSET  12.1638  0.1046 -11.5163
X  0.8487 -0.4155  0.3272
Y  0.3451  0.9039  0.2527
Z -0.4008 -0.1015  0.9105

PART 10
OFFSET  14.5649  0.9561 -11.6623
X  0.7263  0.6665 -0.1683
Y -0.1418  0.3848  0.9120
Z  0.6726 -0.6385  0.3740

PART 11
OFFSET  15.0309  1.3651 -10.7043
X  0.8557  0.3068  0.4166
Y -0.5059  0.3269  0.7983
Z  0.1088 -0.8939  0.4349

PART 12
OFFSET  16.8331  2.0102 -9.7013
X  0.8352  0.2584 -0.4854
Y  0.3849  0.3556  0.8517
Z  0.3927 -0.8982  0.1975

PART 13
OFFSET  18.2024  2.3056 -10.5136
X  0.1805 -0.3622 -0.9145
Y  0.9532  0.2938  0.0717
Z  0.2427 -0.8846  0.3983

PART 14
OFFSET  18.4249  1.8784 -11.4831
X  0.1737  0.3614 -0.9161
Y -0.5738  0.7932  0.2041
Z  0.8003  0.4902  0.3452

PART 15
OFFSET  15.4673  0.9789 -12.7056
X  0.7784  0.3272 -0.5357
Y  0.6173 -0.5543  0.5583
Z -0.1143 -0.7653 -0.6335

PART 16
OFFSET  17.3086  1.7576 -13.7486
X  0.9060 -0.2036  0.3710
Y -0.4232 -0.4389  0.7926
Z  0.0014 -0.8751 -0.4839

PART 17
OFFSET  18.5914  1.4693 -13.2234
X -0.3658 -0.4693  0.8037
Y -0.9289  0.1309 -0.3464
Z  0.0574 -0.8733 -0.4838

PART 18
OFFSET  18.2670  1.0532 -12.5108
X -0.7769 -0.3221  0.5410
Y -0.6296  0.3994 -0.6664
Z -0.0014 -0.8583 -0.5131

PART 19
OFFSET  17.5289  0.7472 -11.9969
X  0.9897  0.1197  0.0788
Y  0.0245  0.4003 -0.9161
Z -0.1412  0.9085  0.3932

PART 20
OFFSET  15.4389  1.4704 -12.1888
X  0.7388  0.5122 -0.4380
Y  0.6632 -0.6683  0.3370
Z -0.1201 -0.5394 -0.8334

PART 21
OFFSET  17.4288  2.6861 -13.3380
X  0.9279 -0.2658  0.2615
Y -0.3661 -0.5166  0.7740
Z -0.0706 -0.8139 -0.5766

PART 22
OFFSET  19.0085  2.2336 -12.8929
X -0.3252 -0.5336  0.7807
Y -0.9447  0.2196 -0.2435
Z -0.0415 -0.8167 -0.5756

PART 23
OFFSET  18.5578  1.4941 -11.8109
X -0.9726 -0.1012  0.2093
Y -0.2289  0.5733 -0.7867
Z -0.0404 -0.8131 -0.5807

PART 24
OFFSET  17.5030  1.3843 -11.5840
X  0.9257 -0.2846  0.2494
Y  0.3718  0.5620 -0.7388
Z  0.0701  0.7766  0.6261

PART 25
OFFSET  16.9391  3.2795 -10.5325
X  0.8978  0.3751 -0.2307
Y -0.4375  0.8192 -0.3709
Z  0.0499  0.4339  0.8996

PART 26
OFFSET  17.0380  4.0806 -11.7692
X  0.8295  0.4004 -0.3893
Y  0.5361 -0.7662  0.3542
Z -0.1564 -0.5025 -0.8503

PART 27
OFFSET  18.4985  4.7857 -12.4545
X  0.9514  0.0666 -0.3007
Y  0.1969 -0.8822  0.4277
Z -0.2368 -0.4661 -0.8524

PART 28
OFFSET  19.6695  4.8949 -12.7683
X  0.9869 -0.1535 -0.0496
Y -0.1107 -0.8678  0.4845
Z -0.1174 -0.4726 -0.8734

PART 29
OFFSET  20.7842  4.7215 -12.8243
X -0.2544  0.7004 -0.6669
Y -0.9498 -0.0512  0.3085
Z  0.1819  0.7119  0.6783

PART 30
OFFSET  17.2350  3.4775 -12.6735
X  0.9558 -0.2875  0.0610
Y -0.2240 -0.5785  0.7843
Z -0.1902 -0.7633 -0.6174

PART 31
OFFSET  19.1023  2.9159 -12.5544
X -0.2854 -0.5421  0.7904
Y -0.9284  0.3612 -0.0875
Z -0.2381 -0.7587 -0.6064

PART 32
OFFSET  18.6854  2.1241 -11.4000
X -0.9006 -0.0383  0.4330
Y -0.3389  0.6857 -0.6442
Z -0.2722 -0.7269 -0.6305

PART 33
OFFSET  17.6637  2.0751 -10.9137
X  0.9244 -0.3621  0.1198
Y  0.2992  0.4937 -0.8166
Z  0.2366  0.7907  0.5647

PART 34
OFFSET  17.6354  1.5826 -12.0400
X -0.1253 -0.5964 -0.7928
Y -0.6726  0.6385 -0.3740
Z  0.7293  0.4864 -0.4812

PART 35
OFFSET  10.4646 -1.6783 -6.6815
X  0.7337  0.5493 -0.3999
Y -0.6705  0.4902 -0.5569
Z -0.1098  0.6768  0.7280

PART 36
OFFSET  10.4646 -1.6783 -6.6815
X  0.7337  0.5493 -0.3999
Y -0.6705  0.4902 -0.5569
Z -0.1098  0.6768  0.7280

PART 37
OFFSET  14.2839  2.6904 -6.9284
X  0.7313  0.5630 -0.3850
Y -0.6705  0.4902 -0.5569
Z -0.1248  0.6654  0.7360

PART 38
OFFSET  13.5143  0.8313 -8.1711
X  0.7337  0.5493 -0.3999
Y -0.6705  0.4902 -0.5569
Z -0.1098  0.6768  0.7280

PART 39
OFFSET  25.3483  8.6519 -15.5363
X  0.7337  0.5493 -0.3999
Y -0.6705  0.4902 -0.5569
Z -0.1098  0.6768  0.7280

PART 40
OFFSET  4.7889 -8.8136 -6.1292
X  0.7337  0.5493 -0.3999
Y -0.6705  0.4902 -0.5569
Z -0.1098  0.6768  0.7280

PART 41
OFFSET  19.6842  4.4733 -12.3716
X  0.7337  0.5493 -0.3999
Y -0.6705  0.4902 -0.5569
Z -0.1098  0.6768  0.7280

PART 42
OFFSET  21.6818  5.8632 -13.5485
X  0.7337  0.5493 -0.3999
Y -0.6705  0.4902 -0.5569
Z -0.1098  0.6768  0.7280

PART 43
OFFSET  24.9134  8.2822 -15.3098
X  0.7337  0.5493 -0.3999
Y -0.6705  0.4902 -0.5569
Z -0.1098  0.6768  0.7280

PART 44
OFFSET -10.8444 -11.7139 -5.9426
X -0.9448  0.3078 -0.1128
Y -0.2164 -0.3272  0.9198
Z  0.2462  0.8934  0.3758

PART 45
OFFSET  0.5813 -15.4360 -4.5786
X -0.6743 -0.7331  0.0881
Y  0.7359 -0.6575  0.1617
Z -0.0607  0.1739  0.9829

PART 46
OFFSET  6.3169 -9.2003 -5.3277
X -0.6743 -0.7331  0.0881
Y  0.4780 -0.5243 -0.7047
Z  0.5628 -0.4331  0.7040

PART 47
OFFSET  6.8588 -7.9066 -6.7411
X -0.6785 -0.7298  0.0842
Y  0.0519 -0.1619 -0.9854
Z  0.7328 -0.6642  0.1477

PART 48
OFFSET  6.3966 -6.8975 -6.2354
X -0.6785 -0.7298  0.0842
Y  0.0519 -0.1619 -0.9854
Z  0.7328 -0.6642  0.1477

PART 49
OFFSET  6.4861 -6.6830 -4.8865
X -0.6785 -0.7298  0.0842
Y  0.0519 -0.1619 -0.9854
Z  0.7328 -0.6642  0.1477

PART 50
OFFSET  8.3842 -6.9526 -5.5977
X -0.5766 -0.7712  0.2699
Y  0.4315 -0.5679 -0.7009
Z  0.6938 -0.2876  0.6602

PART 51
OFFSET  7.9423 -5.9396 -5.3138
X  0.1482 -0.9716  0.1843
Y  0.3746 -0.1173 -0.9197
Z  0.9153  0.2053  0.3466

PART 52
OFFSET  7.5341 -3.8426 -5.6389
X -0.4566 -0.4960  0.7386
Y  0.3712 -0.8607 -0.3486
Z  0.8086  0.1150  0.5771

PART 53
OFFSET  8.2028 -3.1060 -6.9167
X -0.4700  0.2686  0.8408
Y -0.0176 -0.9552  0.2953
Z  0.8825  0.1240  0.4537

PART 54
OFFSET  8.6710 -3.3860 -7.8517
X -0.9174 -0.0782  0.3901
Y -0.3937  0.0366 -0.9185
Z  0.0576 -0.9963 -0.0643

PART 55
OFFSET  9.1940 -6.8501 -6.7100
X -0.5286 -0.4884  0.6943
Y  0.8314 -0.1328  0.5396
Z -0.1713  0.8624  0.4763

PART 56
OFFSET  10.2548 -5.6108 -8.2667
X  0.5796 -0.4987  0.6445
Y  0.8093  0.2592 -0.5272
Z  0.0959  0.8271  0.5538

PART 57
OFFSET  9.4343 -4.9047 -9.1791
X  0.9895 -0.0232 -0.1429
Y -0.0996  0.6070 -0.7884
Z  0.1051  0.7944  0.5983

PART 58
OFFSET  8.5570 -4.8841 -9.0524
X  0.4959  0.4379 -0.7499
Y -0.8638  0.3375 -0.3741
Z  0.0893  0.8333  0.5456

PART 59
OFFSET  8.0859 -5.3002 -8.3399
X  0.1501 -0.6673  0.7295
Y -0.9599  0.0783  0.2691
Z -0.2367 -0.7407 -0.6288

PART 60
OFFSET  9.1308 -6.3432 -6.2114
X -0.5517 -0.6255  0.5516
Y  0.7817 -0.1574  0.6034
Z -0.2906  0.7641  0.5759

PART 61
OFFSET  10.6232 -4.8366 -7.7152
X  0.5356 -0.4268  0.7287
Y  0.8437  0.2331 -0.4837
Z  0.0366  0.8738  0.4849

PART 62
OFFSET  9.7113 -4.1100 -8.9558
X  0.9480  0.1248 -0.2927
Y -0.3152  0.4945 -0.8100
Z  0.0436  0.8602  0.5081

PART 63
OFFSET  8.3974 -4.2831 -8.5501
X  0.3346  0.4703 -0.8167
Y -0.9416  0.2017 -0.2696
Z  0.0379  0.8592  0.5103

PART 64
OFFSET  8.0346 -4.7931 -7.6644
X  0.2656 -0.4582  0.8482
Y -0.9639 -0.1414  0.2255
Z  0.0166 -0.8775 -0.4793

PART 65
OFFSET  5.9916 -9.8362 -3.5277
X -0.4330 -0.6957  0.5731
Y -0.8140  0.0287 -0.5802
Z  0.3872 -0.7177 -0.5787

PART 66
OFFSET  10.5631 -3.6262 -5.8755
X -0.6964 -0.6580  0.2864
Y  0.6542 -0.4181  0.6302
Z -0.2949  0.6263  0.7216

PART 67
OFFSET  11.7893 -2.4678 -6.3798
X  0.3422 -0.5944  0.7277
Y  0.8810  0.4722 -0.0286
Z -0.3266  0.6509  0.6853

PART 68
OFFSET  11.3535 -1.7057 -7.2229
X  0.6923 -0.3973  0.6023
Y  0.6633  0.6790 -0.3146
Z -0.2840  0.6173  0.7336

PART 69
OFFSET  10.5714 -1.2569 -7.9032
X -0.9041 -0.3100  0.2942
Y -0.4178  0.4959 -0.7613
Z  0.0901 -0.8112 -0.5778

PART 70
OFFSET  10.8454 -4.2730 -6.7255
X  0.4143 -0.4599  0.7854
Y  0.8988  0.3423 -0.2737
Z -0.1430  0.8193  0.5552

PART 71
OFFSET  10.0360 -3.3746 -8.2598
X  0.9834  0.1803 -0.0205
Y -0.1108  0.5075 -0.8545
Z -0.1436  0.8426  0.5191

PART 72
OFFSET  8.5996 -3.6379 -8.2299
X  0.4183  0.5010 -0.7576
Y -0.8912  0.0654 -0.4488
Z -0.1753  0.8630  0.4739

PART 73
OFFSET  8.1265 -4.2114 -7.3754
X  0.2597 -0.4811  0.8373
Y -0.9617 -0.2074  0.1792
Z  0.0874 -0.8518 -0.5165

PART 74
OFFSET  0.0000 -0.0000 -0.0000
X  1.0000 -0.0000  0.0000
Y  0.0000  1.0000  0.0000
Z  0.0000 -0.0000  1.0000

PART 75
OFFSET -0.0000 -0.0000 -0.0000
X  0.9997 -0.0000 -0.0230
Y  0.0004  0.9999  0.0158
Z  0.0230 -0.0158  0.9996

PART 76
OFFSET  1.6351 -0.0654  4.0987
X  0.9997 -0.0000 -0.0230
Y  0.0004  0.9999  0.0158
Z  0.0230 -0.0158  0.9996


FRAME 1964
PART 0
OFFSET -4.6318 -0.0000 -1.3770
X  1.0000 -0.0000  0.0000
Y  0.0000  1.0000  0.0000
Z  0.0000 -0.0000  1.0000

PART 1
OFFSET -4.6318 -0.0000 -1.3770
X  1.0000 -0.0000  0.0000
Y  0.0000  1.0000  0.0000
Z  0.0000 -0.0000  1.0000

PART 2
OFFSET -3.5060  6.3408 -6.7125
X  0.6769 -0.0665 -0.7330
Y  0.0733 -0.9849  0.1570
Z -0.7324 -0.1600 -0.6618

PART 3
OFFSET  4.6806  5.5364 -15.5779
X  0.8581 -0.3652  0.3608
Y -0.4090 -0.0616  0.9104
Z -0.3103 -0.9289 -0.2022

PART 4
OFFSET  11.9795  2.4301 -12.5089
X  0.8581 -0.3652  0.3608
Y -0.4015 -0.0393  0.9150
Z -0.3200 -0.9301 -0.1804

PART 5
OFFSET  14.0497  3.6200 -12.3585
X  0.8614 -0.3624  0.3560
Y  0.3138  0.9307  0.1881
Z -0.3995 -0.0503  0.9154

PART 6
OFFSET  13.1368  1.4587 -13.4338
X  0.8614 -0.3624  0.3560
Y  0.3138  0.9307  0.1881
Z -0.3995 -0.0503  0.9154

PART 7
OFFSET  13.4701  2.9401 -10.2165
X  0.8614 -0.3624  0.3560
Y  0.3138  0.9307  0.1881
Z -0.3995 -0.0503  0.9154

PART 8
OFFSET  12.6993  1.2777 -10.3373
X  0.8614 -0.3624  0.3560
Y  0.3138  0.9307  0.1881
Z -0.3995 -0.0503  0.9154

PART 9
