// Export filename: `C:\projects\cod\t5\xanim_export\t5_viewmodels\ak47\ak47_grenadier_gl_putaway.XANIM_EXPORT`
// Source filename: `D:\projects\devanim\t5\animation_assets\viewmodels\ak47\ViewModel_AK47_GrenadeLauncher_animated.fbx`
// Export time: Sat Jun 05 16:37:18 2010

ANIMATION
VERSION 3

NUMPARTS 77
PART 0 "tag_ads"
PART 1 "tag_torso"
PART 2 "J_Shoulder_LE"
PART 3 "J_Elbow_LE"
PART 4 "J_WristTwist_LE"
PART 5 "J_Sleave_Reshape_Bottom_LE_1"
PART 6 "J_Sleave_Reshape_Bottom_LE_2"
PART 7 "J_Sleave_Reshape_Top_LE_1"
PART 8 "J_Sleave_Reshape_Top_LE_2"
PART 9 "J_Sleave_Reshape_Top_LE_3"
PART 10 "J_Wrist_LE"
PART 11 "J_Thumb_LE_0"
PART 12 "J_Thumb_LE_1"
PART 13 "J_Thumb_LE_2"
PART 14 "J_Thumb_LE_3"
PART 15 "J_PinkyPalm_LE"
PART 16 "J_Pinky_LE_0"
PART 17 "J_Pinky_LE_1"
PART 18 "J_Pinky_LE_2"
PART 19 "J_Pinky_LE_3"
PART 20 "J_RingPalm_LE"
PART 21 "J_Ring_LE_0"
PART 22 "J_Ring_LE_1"
PART 23 "J_Ring_LE_2"
PART 24 "J_Ring_LE_3"
PART 25 "J_Webbing_LE"
PART 26 "J_Index_LE_0"
PART 27 "J_Index_LE_1"
PART 28 "J_Index_LE_2"
PART 29 "J_Index_LE_3"
PART 30 "J_Mid_LE_0"
PART 31 "J_Mid_LE_1"
PART 32 "J_Mid_LE_2"
PART 33 "J_Mid_LE_3"
PART 34 "tag_knife_attach"
PART 35 "tag_weapon"
PART 36 "J_Gun"
PART 37 "J_bolt"
PART 38 "TAG_CLIP"
PART 39 "TAG_FLASH"
PART 40 "TAG_BOUNCING_GRENADE_LAUNCHER"
PART 41 "J_BOUNCING_TRIGGER"
PART 42 "J_BOUNCING_GRENADE_AMMO"
PART 43 "J_BOUNCING_GRENADE_TIP"
PART 44 "J_Shoulder_RI"
PART 45 "J_Elbow_RI"
PART 46 "J_WristTwist_RI"
PART 47 "J_Sleave_Reshape_Top_RI_3"
PART 48 "J_Sleave_Reshape_Top_RI_2"
PART 49 "J_Sleave_Reshape_Top_RI_1"
PART 50 "J_Wrist_RI"
PART 51 "J_Thumb_RI_0"
PART 52 "J_Thumb_RI_1"
PART 53 "J_Thumb_RI_2"
PART 54 "J_Thumb_RI_3"
PART 55 "J_PinkyPalm_RI"
PART 56 "J_Pinky_RI_0"
PART 57 "J_Pinky_RI_1"
PART 58 "J_Pinky_RI_2"
PART 59 "J_Pinky_RI_3"
PART 60 "J_RingPalm_RI"
PART 61 "J_Ring_RI_0"
PART 62 "J_Ring_RI_1"
PART 63 "J_Ring_RI_2"
PART 64 "J_Ring_RI_3"
PART 65 "J_Webbing_RI"
PART 66 "J_Index_RI_0"
PART 67 "J_Index_RI_1"
PART 68 "J_Index_RI_2"
PART 69 "J_Index_RI_3"
PART 70 "J_Mid_RI_0"
PART 71 "J_Mid_RI_1"
PART 72 "J_Mid_RI_2"
PART 73 "J_Mid_RI_3"
PART 74 "tag_cambone"
PART 75 "tag_camera"
PART 76 "tag_gasmask"

FRAMERATE 30
NUMFRAMES 11

FRAME 1805
PART 0
OFFSET -4.6318 -0.0000 -1.3770
X  1.0000 -0.0000  0.0000
Y  0.0000  1.0000  0.0000
Z  0.0000 -0.0000  1.0000

PART 1
OFFSET -4.6318 -0.0000 -1.3770
X  1.0000 -0.0000  0.0000
Y  0.0000  1.0000  0.0000
Z  0.0000 -0.0000  1.0000

PART 2
OFFSET -3.5060  6.3408 -6.7125
X  0.8529 -0.1780 -0.4908
Y -0.0919 -0.9766  0.1945
Z -0.5140 -0.1207 -0.8493

PART 3
OFFSET  6.8085  4.1878 -12.6486
X  0.7091 -0.4323  0.5570
Y -0.6171  0.0017  0.7869
Z -0.3411 -0.9017 -0.2656

PART 4
OFFSET  12.8398  0.5110 -7.9108
X  0.7091 -0.4323  0.5570
Y -0.7024 -0.3641  0.6116
Z -0.0615 -0.8249 -0.5619

PART 5
OFFSET  14.9196  1.5095 -7.2770
X  0.7137 -0.4299  0.5531
Y  0.3480  0.9028  0.2527
Z -0.6079  0.0121  0.7939

PART 6
OFFSET  14.0847 -0.5879 -8.5278
X  0.7137 -0.4299  0.5531
Y  0.3480  0.9028  0.2527
Z -0.6079  0.0121  0.7939

PART 7
OFFSET  13.7864  0.9457 -5.3316
X  0.7137 -0.4299  0.5531
Y  0.3480  0.9028  0.2527
Z -0.6079  0.0121  0.7939

PART 8
OFFSET  12.9242 -0.6258 -5.6295
X  0.7137 -0.4299  0.5531
Y  0.3480  0.9028  0.2527
Z -0.6079  0.0121  0.7939

PART 9
OFFSET  12.5922 -1.4971 -6.5677
X  0.7137 -0.4299  0.5531
Y  0.3480  0.9028  0.2527
Z -0.6079  0.0121  0.7939

PART 10
OFFSET  15.0137 -0.8142 -6.2031
X  0.9269 -0.1157  0.3570
Y -0.3719 -0.4105  0.8326
Z  0.0502 -0.9045 -0.4235

PART 11
OFFSET  15.0924 -1.6338 -5.4129
X  0.5874 -0.7264  0.3567
Y -0.6200 -0.1206  0.7753
Z -0.5202 -0.6766 -0.5212

PART 12
OFFSET  16.2692 -3.2510 -4.5947
X  0.9802 -0.1047 -0.1683
Y  0.0441 -0.7128  0.7000
Z -0.1933 -0.6936 -0.6940

PART 13
OFFSET  17.8272 -3.4552 -4.9859
X  0.4124  0.3954 -0.8207
Y  0.8200 -0.5536  0.1454
Z -0.3969 -0.7329 -0.5526

PART 14
OFFSET  18.2690 -3.0705 -5.8963
X  0.7284  0.6486 -0.2209
Y -0.1821  0.4941  0.8501
Z  0.6606 -0.5790  0.4780

PART 15
OFFSET  16.2064 -0.6554 -6.8781
X  0.9914 -0.0102 -0.1304
Y -0.0424 -0.9683 -0.2461
Z -0.1237  0.2495 -0.9604

PART 16
OFFSET  18.4468 -0.8335 -7.0613
X  0.4215 -0.9015 -0.0983
Y -0.8934 -0.4314  0.1257
Z -0.1557  0.0348 -0.9872

PART 17
OFFSET  19.0435 -2.1098 -7.2005
X -0.8685 -0.4859  0.0983
Y -0.4828  0.8740  0.0546
Z -0.1124 -0.0001 -0.9937

PART 18
OFFSET  18.2735 -2.5406 -7.1133
X -0.9905  0.0074  0.1373
Y  0.0159  0.9980  0.0610
Z -0.1366  0.0626 -0.9887

PART 19
OFFSET  17.3325 -2.5336 -6.9829
X  0.7673 -0.6412 -0.0003
Y  0.6322  0.7566 -0.1672
Z  0.1075  0.1281  0.9859

PART 20
OFFSET  16.1561 -0.8273 -6.1871
X  0.9966  0.0105  0.0815
Y  0.0475 -0.8831 -0.4668
Z  0.0671  0.4691 -0.8806

PART 21
OFFSET  18.7534 -0.8763 -6.0871
X  0.4628 -0.8607 -0.2121
Y -0.8755 -0.4813  0.0431
Z -0.1392  0.1658 -0.9763

PART 22
OFFSET  19.5413 -2.3417 -6.4482
X -0.8552 -0.5177  0.0267
Y -0.5046  0.8431  0.1860
Z -0.1188  0.1456 -0.9822

PART 23
OFFSET  18.3561 -3.0592 -6.4112
X -0.8834  0.4371  0.1690
Y  0.4546  0.8869  0.0825
Z -0.1139  0.1497 -0.9822

PART 24
OFFSET  17.3980 -2.5851 -6.2279
X  0.4585 -0.8574 -0.2339
Y  0.8832  0.4688  0.0128
Z  0.0987 -0.2125  0.9722

PART 25
OFFSET  17.3075 -2.3074 -4.0076
X  0.9580 -0.2810  0.0571
Y  0.2068  0.8151  0.5411
Z -0.1986 -0.5066  0.8390

PART 26
OFFSET  18.3263 -1.2385 -4.0267
X  0.9929 -0.1191  0.0022
Y -0.1006 -0.8479 -0.5205
Z  0.0638  0.5166 -0.8539

PART 27
OFFSET  20.0744 -1.4481 -4.0228
X  0.8955 -0.3721 -0.2441
Y -0.4446 -0.7235 -0.5281
Z  0.0199  0.5814 -0.8134

PART 28
OFFSET  21.1619 -1.9359 -4.2702
X  0.7054 -0.6441 -0.2958
Y -0.6989 -0.5628 -0.4413
Z  0.1177  0.5180 -0.8472

PART 29
OFFSET  21.9586 -2.6634 -4.6043
X  0.4344  0.8635  0.2563
Y -0.8913  0.3710  0.2609
Z  0.1301 -0.3418  0.9307

PART 30
OFFSET  18.6399 -0.9431 -5.0439
X  0.5699 -0.7469 -0.3426
Y -0.7999 -0.5997 -0.0231
Z -0.1882  0.2872 -0.9392

PART 31
OFFSET  19.7532 -2.4022 -5.7132
X -0.8333 -0.5525  0.0192
Y -0.5037  0.7731  0.3854
Z -0.2278  0.3115 -0.9226

PART 32
OFFSET  18.5361 -3.2092 -5.6852
X -0.9074  0.2579  0.3318
Y  0.3529  0.8963  0.2685
Z -0.2281  0.3607 -0.9043

PART 33
OFFSET  17.5065 -2.9152 -5.3160
X  0.4850 -0.7933 -0.3681
Y  0.8348  0.5454 -0.0755
Z  0.2606 -0.2707  0.9267

PART 34
OFFSET  17.8037 -2.2851 -6.3292
X  0.0185  0.4248 -0.9051
Y -0.0502  0.9045  0.4235
Z  0.9986  0.0376  0.0381

PART 35
OFFSET  8.3599 -2.5687 -5.1035
X  0.9910  0.0000  0.1335
Y -0.0271  0.9791  0.2014
Z -0.1307 -0.2032  0.9704

PART 36
OFFSET  8.3599 -2.5687 -5.1035
X  0.9910  0.0000  0.1335
Y -0.0271  0.9791  0.2014
Z -0.1307 -0.2032  0.9704

PART 37
OFFSET  13.3125 -3.3236 -2.1650
X  0.9882 -0.0042  0.1533
Y -0.0271  0.9791  0.2014
Z -0.1509 -0.2032  0.9674

PART 38
OFFSET  12.4971 -2.6107 -4.2674
X  0.9910  0.0000  0.1335
Y -0.0271  0.9791  0.2014
Z -0.1307 -0.2032  0.9704

PART 39
OFFSET  28.4576 -2.3319 -3.4694
X  0.9910  0.0000  0.1335
Y -0.0271  0.9791  0.2014
Z -0.1307 -0.2032  0.9704

PART 40
OFFSET  0.6269 -1.7957 -9.9029
X  0.9910  0.0000  0.1335
Y -0.0271  0.9791  0.2014
Z -0.1307 -0.2032  0.9704

PART 41
OFFSET  20.7975 -2.3646 -4.4072
X  0.9910  0.0000  0.1335
Y -0.0271  0.9791  0.2014
Z -0.1307 -0.2032  0.9704

PART 42
OFFSET  23.4909 -2.3397 -4.1788
X  0.9910  0.0000  0.1335
Y -0.0271  0.9791  0.2014
Z -0.1307 -0.2032  0.9704

PART 43
OFFSET  27.8557 -2.3397 -3.5908
X  0.9910  0.0000  0.1335
Y -0.0271  0.9791  0.2014
Z -0.1307 -0.2032  0.9704

PART 44
OFFSET -17.6076 -4.8127 -7.0611
X -0.8904  0.0424  0.4533
Y -0.1780 -0.9488 -0.2608
Z  0.4190 -0.3129  0.8524

PART 45
OFFSET -6.8396 -5.3253 -12.5429
X -0.9306 -0.1312 -0.3417
Y  0.3610 -0.1748 -0.9161
Z  0.0605 -0.9758  0.2101

PART 46
OFFSET  1.0757 -4.2092 -9.6370
X -0.9306 -0.1312 -0.3417
Y  0.3464 -0.0142 -0.9380
Z  0.1182 -0.9913  0.0587

PART 47
OFFSET  2.0963 -2.7333 -8.7739
X -0.9329 -0.1273 -0.3369
Y -0.0629  0.9787 -0.1954
Z  0.3546 -0.1611 -0.9210

PART 48
OFFSET  2.1630 -3.2055 -7.6512
X -0.9329 -0.1273 -0.3369
Y -0.0629  0.9787 -0.1954
Z  0.3546 -0.1611 -0.9210

PART 49
OFFSET  2.3886 -4.5424 -7.4633
X -0.9329 -0.1273 -0.3369
Y -0.0629  0.9787 -0.1954
Z  0.3546 -0.1611 -0.9210

PART 50
OFFSET  3.9287 -3.8069 -8.5896
X -0.9079 -0.0856 -0.4103
Y  0.4104  0.0177 -0.9117
Z  0.0853 -0.9962  0.0191

PART 51
OFFSET  3.9061 -3.3765 -7.5330
X -0.4052 -0.5545 -0.7269
Y  0.6709  0.3598 -0.6484
Z  0.6211 -0.7504  0.2262

PART 52
OFFSET  4.6790 -2.1741 -5.9123
X -0.9183 -0.3923  0.0540
Y  0.0671 -0.2885 -0.9551
Z  0.3902 -0.8734  0.2913

PART 53
OFFSET  6.1217 -1.4602 -6.0890
X -0.6387 -0.1928  0.7449
Y -0.5768 -0.5207 -0.6294
Z  0.5092 -0.8317  0.2214

PART 54
OFFSET  6.7989 -1.2048 -6.8940
X -0.9175  0.2846  0.2780
Y  0.1547  0.8989 -0.4099
Z -0.3665 -0.3331 -0.8687

PART 55
OFFSET  5.1192 -3.5143 -9.2226
X -0.9485 -0.3133  0.0466
Y  0.3158 -0.9468  0.0623
Z  0.0246  0.0738  0.9970

PART 56
OFFSET  7.2152 -2.6836 -9.1898
X -0.0874 -0.9851 -0.1480
Y  0.9807 -0.0590 -0.1865
Z  0.1750 -0.1615  0.9712

PART 57
OFFSET  7.3390 -1.2889 -8.9802
X  0.8095 -0.5364 -0.2387
Y  0.5685  0.8176  0.0910
Z  0.1463 -0.2093  0.9668

PART 58
OFFSET  6.6212 -0.8133 -8.7686
X  0.9278  0.3553 -0.1139
Y -0.3286  0.9227  0.2014
Z  0.1767 -0.1495  0.9729

PART 59
OFFSET  5.7398 -1.1509 -8.6604
X -0.5289 -0.8294 -0.1800
Y -0.8228  0.4491  0.3483
Z -0.2080  0.3323 -0.9199

PART 60
OFFSET  5.0580 -3.6463 -8.5237
X -0.9588 -0.2467 -0.1408
Y  0.2368 -0.9680  0.0836
Z -0.1569  0.0468  0.9865

PART 61
OFFSET  7.5750 -3.0343 -8.3029
X -0.1291 -0.9910 -0.0365
Y  0.9745 -0.1199 -0.1896
Z  0.1835 -0.0601  0.9812

PART 62
OFFSET  7.7948 -1.3472 -8.2407
X  0.9149 -0.3555 -0.1910
Y  0.3652  0.9308  0.0170
Z  0.1718 -0.0853  0.9814

PART 63
OFFSET  6.5268 -0.8545 -7.9759
X  0.8513  0.5150 -0.1000
Y -0.4977  0.8531  0.1566
Z  0.1660 -0.0835  0.9826

PART 64
OFFSET  5.6034 -1.4130 -7.8674
X -0.4051 -0.9134  0.0408
Y -0.9023  0.4066  0.1432
Z -0.1474  0.0212 -0.9888

PART 65
OFFSET -0.1513 -4.7120 -9.5161
X -0.9099 -0.3609 -0.2044
Y -0.3293  0.9282 -0.1731
Z  0.2522 -0.0902 -0.9635

PART 66
OFFSET  7.1886 -3.8570 -6.2961
X -0.9568  0.0178 -0.2903
Y  0.0117 -0.9950 -0.0996
Z -0.2906 -0.0987  0.9517

PART 67
OFFSET  8.8732 -3.8883 -5.7849
X -0.3497 -0.9250 -0.1482
Y  0.8920 -0.3772  0.2493
Z -0.2865 -0.0450  0.9570

PART 68
OFFSET  9.2809 -2.7665 -5.5466
X  0.0632 -0.9927 -0.1029
Y  0.9543  0.0299  0.2973
Z -0.2921 -0.1170  0.9492

PART 69
OFFSET  9.2095 -1.6453 -5.4304
X -0.9642  0.2632  0.0321
Y  0.2647  0.9625  0.0592
Z -0.0153  0.0656 -0.9977

PART 70
OFFSET  7.5217 -3.6683 -7.3324
X -0.2629 -0.9647 -0.0159
Y  0.9648 -0.2631  0.0065
Z -0.0105 -0.0136  0.9999

PART 71
OFFSET  8.0354 -1.7837 -7.3014
X  0.8367 -0.5477 -0.0029
Y  0.5475  0.8364 -0.0256
Z  0.0165  0.0198  0.9997

PART 72
OFFSET  6.8133 -0.9837 -7.2971
X  0.9004  0.4315 -0.0546
Y -0.4344  0.8987 -0.0605
Z  0.0230  0.0782  0.9967

PART 73
OFFSET  5.7931 -1.4724 -7.2423
X -0.4145 -0.9099  0.0168
Y -0.9078  0.4147  0.0632
Z -0.0645  0.0109 -0.9979

PART 74
OFFSET  0.0000 -0.0000 -0.0000
X  1.0000 -0.0000  0.0000
Y  0.0000  1.0000  0.0000
Z  0.0000 -0.0000  1.0000

PART 75
OFFSET  0.0000 -0.0000 -0.0000
X  1.0000 -0.0000  0.0000
Y  0.0000  1.0000  0.0000
Z  0.0000 -0.0000  1.0000

PART 76
OFFSET  1.5404 -0.0000  4.1357
X  1.0000 -0.0000  0.0000
Y  0.0000  1.0000  0.0000
Z  0.0000 -0.0000  1.0000


FRAME 1806
PART 0
OFFSET -4.6318 -0.0000 -1.3770
X  1.0000 -0.0000  0.0000
Y  0.0000  1.0000  0.0000
Z  0.0000 -0.0000  1.0000

PART 1
OFFSET -4.6318 -0.0000 -1.3770
X  1.0000 -0.0000  0.0000
Y  0.0000  1.0000  0.0000
Z  0.0000 -0.0000  1.0000

PART 2
OFFSET -3.5060  6.3408 -6.7125
X  0.8575 -0.1825 -0.4810
Y -0.0900 -0.9738  0.2089
Z -0.5065 -0.1359 -0.8515

PART 3
OFFSET  6.8646  4.1337 -12.5298
X  0.7195 -0.4211  0.5523
Y -0.6080  0.0024  0.7939
Z -0.3357 -0.9070 -0.2543

PART 4
OFFSET  12.9844  0.5523 -7.8325
X  0.7195 -0.4211  0.5523
Y -0.6853 -0.3019  0.6627
Z -0.1123 -0.8553 -0.5058

PART 5
OFFSET  15.0619  1.5753 -7.2310
X  0.7240 -0.4186  0.5482
Y  0.3424  0.9081  0.2413
Z -0.5988  0.0130  0.8008

PART 6
OFFSET  14.2323 -0.5400 -8.4549
X  0.7240 -0.4186  0.5482
Y  0.3424  0.9081  0.2413
Z -0.5988  0.0130  0.8008

PART 7
OFFSET  13.9566  1.0171 -5.2681
X  0.7240 -0.4186  0.5482
Y  0.3424  0.9081  0.2413
Z -0.5988  0.0130  0.8008

PART 8
OFFSET  13.1057 -0.5648 -5.5431
X  0.7240 -0.4186  0.5482
Y  0.3424  0.9081  0.2413
Z -0.5988  0.0130  0.8008

PART 9
OFFSET  12.7711 -1.4468 -6.4702
X  0.7240 -0.4186  0.5482
Y  0.3424  0.9081  0.2413
Z -0.5988  0.0130  0.8008

PART 10
OFFSET  15.1901 -0.7385 -6.1394
X  0.9590 -0.0184  0.2828
Y -0.2747 -0.3056  0.9117
Z  0.0697 -0.9520 -0.2981

PART 11
OFFSET  15.3851 -1.4326 -5.2547
X  0.6035 -0.6396  0.4762
Y -0.6047  0.0222  0.7961
Z -0.5198 -0.7684 -0.3733

PART 12
OFFSET  16.5980 -2.8532 -4.1684
X  0.9805 -0.1897 -0.0513
Y -0.0587 -0.5321  0.8447
Z -0.1875 -0.8252 -0.5328

PART 13
OFFSET  18.1634 -3.2201 -4.3613
X  0.7585 -0.0229 -0.6513
Y  0.5418 -0.5330  0.6498
Z -0.3620 -0.8458 -0.3919

PART 14
OFFSET  18.9763 -3.2927 -5.0725
X  0.9041  0.4165 -0.0951
Y -0.3252  0.8152  0.4793
Z  0.2772 -0.4024  0.8725

PART 15
OFFSET  16.3099 -0.6193 -6.9365
X  0.9689  0.0192 -0.2469
Y -0.0080 -0.9940 -0.1087
Z -0.2475  0.1073 -0.9629

PART 16
OFFSET  18.5218 -0.7137 -7.3643
X  0.6737 -0.7390 -0.0116
Y -0.7040 -0.6464  0.2942
Z -0.2249 -0.1900 -0.9557

PART 17
OFFSET  19.4755 -1.7599 -7.3807
X -0.3460 -0.9014  0.2602
Y -0.9221  0.3780  0.0833
Z -0.1735 -0.2111 -0.9619

PART 18
OFFSET  19.1688 -2.5591 -7.1500
X -0.6406 -0.7122  0.2870
Y -0.7321  0.6792  0.0512
Z -0.2315 -0.1773 -0.9565

PART 19
OFFSET  18.5601 -3.2357 -6.8773
X  0.9831  0.1440 -0.1134
Y -0.1697  0.9487 -0.2669
Z  0.0691  0.2816  0.9570

PART 20
OFFSET  16.3285 -0.6934 -6.2268
X  0.9974  0.0706 -0.0127
Y  0.0620 -0.9371 -0.3435
Z -0.0361  0.3419 -0.9391

PART 21
OFFSET  18.9231 -0.6008 -6.3601
X  0.6988 -0.6980 -0.1565
Y -0.6775 -0.7160  0.1684
Z -0.2296 -0.0117 -0.9732

PART 22
OFFSET  20.1128 -1.7892 -6.6265
X -0.3356 -0.9373  0.0936
Y -0.9197  0.3475  0.1828
Z -0.2039 -0.0248 -0.9787

PART 23
OFFSET  19.6477 -3.0883 -6.4967
X -0.8880 -0.4179  0.1917
Y -0.4127  0.9083  0.0683
Z -0.2027 -0.0185 -0.9791

PART 24
OFFSET  18.6846 -3.5415 -6.2888
X  0.9534 -0.1774 -0.2442
Y  0.1799  0.9836 -0.0119
Z  0.2424 -0.0326  0.9696

PART 25
OFFSET  17.7477 -1.7905 -3.9798
X  0.9748 -0.2229  0.0069
Y  0.2013  0.8929  0.4028
Z -0.0959 -0.3912  0.9153

PART 26
OFFSET  18.6939 -0.6867 -4.2391
X  0.9986 -0.0520 -0.0038
Y -0.0495 -0.9237 -0.3799
Z  0.0162  0.3796 -0.9250

PART 27
OFFSET  20.4522 -0.7782 -4.2458
X  0.9622 -0.2281 -0.1485
Y -0.2701 -0.8680 -0.4167
Z -0.0338  0.4411 -0.8968

PART 28
OFFSET  21.6240 -1.0824 -4.3718
X  0.8978 -0.4269 -0.1087
Y -0.4339 -0.8145 -0.3852
Z  0.0759  0.3930 -0.9164

PART 29
OFFSET  22.6381 -1.5645 -4.4945
X  0.1208  0.9847  0.1254
Y -0.9881  0.1072  0.1100
Z  0.0949 -0.1372  0.9860

PART 30
OFFSET  18.9021 -0.5240 -5.3117
X  0.7278 -0.6383 -0.2507
Y -0.6498 -0.7587  0.0454
Z -0.2192  0.1299 -0.9670

PART 31
OFFSET  20.3239 -1.7710 -5.8015
X -0.3391 -0.9395 -0.0476
Y -0.9026  0.3107  0.2980
Z -0.2652  0.1440 -0.9534

PART 32
OFFSET  19.8286 -3.1433 -5.8711
X -0.8306 -0.5338  0.1588
Y -0.4713  0.8256  0.3102
Z -0.2967  0.1828 -0.9373

PART 33
OFFSET  18.8862 -3.7472 -5.6981
X  0.9569 -0.1297 -0.2600
Y  0.1513  0.9863  0.0650
Z  0.2480 -0.1015  0.9634

PART 34
OFFSET  18.0444 -2.0743 -6.3182
X -0.0838  0.2922 -0.9527
Y -0.0697  0.9520  0.2981
Z  0.9940  0.0914 -0.0594

PART 35
OFFSET  8.4308 -2.9462 -4.8745
X  0.9932  0.0060  0.1165
Y -0.0293  0.9794  0.1998
Z -0.1129 -0.2019  0.9729

PART 36
OFFSET  8.4308 -2.9462 -4.8745
X  0.9932  0.0060  0.1165
Y -0.0293  0.9794  0.1998
Z -0.1129 -0.2019  0.9729

PART 37
OFFSET  13.4374 -3.6664 -2.0199
X  0.9907  0.0018  0.1363
Y -0.0293  0.9794  0.1998
Z -0.1331 -0.2020  0.9703

PART 38
OFFSET  12.5819 -2.9628 -4.1094
X  0.9932  0.0060  0.1165
Y -0.0293  0.9794  0.1998
Z -0.1129 -0.2019  0.9729

PART 39
OFFSET  28.5519 -2.5910 -3.5861
X  0.9932  0.0060  0.1165
Y -0.0293  0.9794  0.1998
Z -0.1129 -0.2019  0.9729

PART 40
OFFSET  0.6123 -2.2278 -9.5420
X  0.9932  0.0060  0.1165
Y -0.0293  0.9794  0.1998
Z -0.1129 -0.2019  0.9729

PART 41
OFFSET  20.8771 -2.6695 -4.3922
X  0.9932  0.0060  0.1165
Y -0.0293  0.9794  0.1998
Z -0.1129 -0.2019  0.9729

PART 42
OFFSET  23.5738 -2.6287 -4.2101
X  0.9932  0.0060  0.1165
Y -0.0293  0.9794  0.1998
Z -0.1129 -0.2019  0.9729

PART 43
OFFSET  27.9480 -2.6024 -3.6972
X  0.9932  0.0060  0.1165
Y -0.0293  0.9794  0.1998
Z -0.1129 -0.2019  0.9729

PART 44
OFFSET -17.6076 -4.8127 -7.0611
X -0.8946  0.0489  0.4441
Y -0.1947 -0.9373 -0.2890
Z  0.4022 -0.3450  0.8481

PART 45
OFFSET -6.7880 -5.4038 -12.4323
X -0.9278 -0.1025 -0.3587
Y  0.3712 -0.1570 -0.9152
Z  0.0375 -0.9823  0.1837

PART 46
OFFSET  1.1033 -4.5316 -9.3812
X -0.9278 -0.1025 -0.3587
Y  0.3615 -0.0089 -0.9323
Z  0.0924 -0.9947  0.0453

PART 47
OFFSET  2.1404 -3.1014 -8.4625
X -0.9301 -0.0987 -0.3539
Y -0.0401  0.9848 -0.1690
Z  0.3652 -0.1430 -0.9199

PART 48
OFFSET  2.1804 -3.6055 -7.3526
X -0.9301 -0.0987 -0.3539
Y -0.0401  0.9848 -0.1690
Z  0.3652 -0.1430 -0.9199

PART 49
OFFSET  2.3760 -4.9515 -7.1986
X -0.9301 -0.0987 -0.3539
Y -0.0401  0.9848 -0.1690
Z  0.3652 -0.1430 -0.9199

PART 50
OFFSET  3.9476 -4.2173 -8.2814
X -0.9143 -0.0916 -0.3945
Y  0.3946  0.0180 -0.9187
Z  0.0913 -0.9956  0.0197

PART 51
OFFSET  3.9407 -3.7847 -7.2255
X -0.4144 -0.5584 -0.7187
Y  0.6576  0.3623 -0.6606
Z  0.6292 -0.7463  0.2170

PART 52
OFFSET  4.7343 -2.5744 -5.6208
X -0.9149 -0.3974  0.0705
Y  0.0524 -0.2902 -0.9555
Z  0.4002 -0.8706  0.2863

PART 53
OFFSET  6.1696 -1.8527 -5.8237
X -0.6247 -0.1948  0.7561
Y -0.5845 -0.5253 -0.6183
Z  0.5177 -0.8283  0.2143

PART 54
OFFSET  6.8315 -1.5952 -6.6407
X -0.9142  0.2800  0.2931
Y  0.1425  0.8989 -0.4144
Z -0.3795 -0.3371 -0.8616

PART 55
OFFSET  5.1254 -3.9192 -8.9353
X -0.9458 -0.3186  0.0636
Y  0.3222 -0.9448  0.0588
Z  0.0413  0.0761  0.9962

PART 56
OFFSET  7.2168 -3.0764 -8.9403
X -0.0843 -0.9859 -0.1445
Y  0.9777 -0.0538 -0.2032
Z  0.1926 -0.1584  0.9684

PART 57
OFFSET  7.3362 -1.6806 -8.7357
X  0.8084 -0.5323 -0.2514
Y  0.5653  0.8210  0.0795
Z  0.1641 -0.2064  0.9646

PART 58
OFFSET  6.6194 -1.2087 -8.5128
X  0.9236  0.3604 -0.1305
Y -0.3304  0.9213  0.2051
Z  0.1942 -0.1463  0.9700

PART 59
OFFSET  5.7419 -1.5511 -8.3888
X -0.5271 -0.8328 -0.1692
Y -0.8193  0.4451  0.3614
Z -0.2257  0.3292 -0.9169

PART 60
OFFSET  5.0770 -4.0501 -8.2353
X -0.9596 -0.2525 -0.1238
Y  0.2437 -0.9664  0.0815
Z -0.1403  0.0481  0.9889

PART 61
OFFSET  7.5938 -3.4232 -8.0589
X -0.1240 -0.9918 -0.0323
Y  0.9718 -0.1148 -0.2061
Z  0.2007 -0.0569  0.9780

PART 62
OFFSET  7.8049 -1.7348 -8.0040
X  0.9135 -0.3507 -0.2060
Y  0.3601  0.9329  0.0088
Z  0.1891 -0.0822  0.9785

PART 63
OFFSET  6.5388 -1.2487 -7.7185
X  0.8465  0.5196 -0.1157
Y -0.4998  0.8506  0.1633
Z  0.1833 -0.0804  0.9798

PART 64
OFFSET  5.6207 -1.8122 -7.5930
X -0.3991 -0.9156  0.0497
Y -0.9021  0.4017  0.1579
Z -0.1645  0.0182 -0.9862

PART 65
OFFSET -0.1424 -5.1476 -9.1359
X -0.9112 -0.3666 -0.1880
Y -0.3376  0.9259 -0.1693
Z  0.2362 -0.0908 -0.9675

PART 66
OFFSET  7.2466 -4.2438 -6.0441
X -0.9617  0.0117 -0.2739
Y  0.0157 -0.9951 -0.0978
Z -0.2737 -0.0983  0.9568

PART 67
OFFSET  8.9398 -4.2644 -5.5619
X -0.3469 -0.9274 -0.1403
Y  0.8983 -0.3715  0.2347
Z -0.2698 -0.0446  0.9619

PART 68
OFFSET  9.3452 -3.1397 -5.3329
X  0.0671 -0.9925 -0.1019
Y  0.9591  0.0360  0.2808
Z -0.2751 -0.1166  0.9543

PART 69
OFFSET  9.2693 -2.0186 -5.2178
X -0.9650  0.2578  0.0481
Y  0.2602  0.9641  0.0527
Z -0.0328  0.0633 -0.9975

PART 70
OFFSET  7.5608 -4.0554 -7.0864
X -0.2576 -0.9662 -0.0094
Y  0.9662 -0.2575 -0.0095
Z  0.0068 -0.0115  0.9999

PART 71
OFFSET  8.0641 -2.1679 -7.0680
X  0.8396 -0.5429 -0.0162
Y  0.5421  0.8395 -0.0367
Z  0.0335  0.0221  0.9992

PART 72
OFFSET  6.8377 -1.3748 -7.0444
X  0.8969  0.4366 -0.0710
Y -0.4405  0.8961 -0.0549
Z  0.0396  0.0805  0.9960

PART 73
OFFSET  5.8214 -1.8692 -6.9711
X -0.4089 -0.9122  0.0258
Y -0.9089  0.4096  0.0779
Z -0.0816  0.0084 -0.9966

PART 74
OFFSET  0.0000 -0.0000 -0.0000
X  1.0000 -0.0000  0.0000
Y  0.0000  1.0000  0.0000
Z  0.0000 -0.0000  1.0000

PART 75
OFFSET  0.0000 -0.0000 -0.0000
X  1.0000 -0.0000  0.0000
Y  0.0000  1.0000  0.0000
Z  0.0000 -0.0000  1.0000

PART 76
OFFSET  1.5404 -0.0000  4.1357
X  1.0000 -0.0000  0.0000
Y  0.0000  1.0000  0.0000
Z  0.0000 -0.0000  1.0000


FRAME 1807
PART 0
OFFSET -4.6318 -0.0000 -1.3770
X  1.0000 -0.0000  0.0000
Y  0.0000  1.0000  0.0000
Z  0.0000 -0.0000  1.0000

PART 1
OFFSET -4.6318 -0.0000 -1.3770
X  1.0000 -0.0000  0.0000
Y  0.0000  1.0000  0.0000
Z  0.0000 -0.0000  1.0000

PART 2
OFFSET -3.5060  6.3408 -6.7125
X  0.8543 -0.1792 -0.4880
Y -0.0682 -0.9692  0.2366
Z -0.5153 -0.1689 -0.8402

PART 3
OFFSET  6.8254  4.1734 -12.6139
X  0.7393 -0.3920  0.5475
Y -0.5917  0.0098  0.8061
Z -0.3213 -0.9199 -0.2247

PART 4
OFFSET  13.1137  0.8394 -7.9573
X  0.7393 -0.3920  0.5475
Y -0.6513 -0.2101  0.7291
Z -0.1708 -0.8957 -0.4106

PART 5
OFFSET  15.1807  1.9201 -7.4245
X  0.7437 -0.3896  0.5433
Y  0.3278  0.9208  0.2115
Z -0.5827  0.0208  0.8124

PART 6
OFFSET  14.3718 -0.2421 -8.5782
X  0.7437 -0.3896  0.5433
Y  0.3278  0.9208  0.2115
Z -0.5827  0.0208  0.8124

PART 7
OFFSET  14.1275  1.3887 -5.4259
X  0.7437 -0.3896  0.5433
Y  0.3278  0.9208  0.2115
Z -0.5827  0.0208  0.8124

PART 8
OFFSET  13.3051 -0.2169 -5.6440
X  0.7437 -0.3896  0.5433
Y  0.3278  0.9208  0.2115
Z -0.5827  0.0208  0.8124

PART 9
OFFSET  12.9707 -1.1287 -6.5418
X  0.7437 -0.3896  0.5433
Y  0.3278  0.9208  0.2115
Z -0.5827  0.0208  0.8124

PART 10
OFFSET  15.3803 -0.3623 -6.2789
X  0.9765  0.1764  0.1236
Y -0.1139 -0.0643  0.9914
Z  0.1828 -0.9822 -0.0427

PART 11
OFFSET  15.7847 -0.7483 -5.2840
X  0.6471 -0.3643  0.6698
Y -0.6276  0.2443  0.7392
Z -0.4329 -0.8987 -0.0705

PART 12
OFFSET  17.0944 -1.5600 -3.7689
X  0.9599 -0.1232  0.2520
Y -0.2683 -0.1411  0.9530
Z -0.0818 -0.9823 -0.1684

PART 13
OFFSET  18.6508 -1.8604 -3.4378
X  0.9310 -0.2096  0.2987
Y -0.3009  0.0222  0.9534
Z -0.2065 -0.9775 -0.0425

PART 14
OFFSET  19.6430 -2.1315 -3.1005
X  0.7579  0.4777  0.4443
Y -0.2907  0.8570 -0.4256
Z -0.5840  0.1934  0.7884

PART 15
OFFSET  16.3655 -0.3427 -7.2444
X  0.8971  0.0460 -0.4394
Y  0.1271 -0.9794  0.1570
Z -0.4232 -0.1967 -0.8844

PART 16
OFFSET  18.4584 -0.3307 -8.0837
X  0.9584 -0.2526 -0.1332
Y -0.1076 -0.7515  0.6509
Z -0.2645 -0.6095 -0.7474

PART 17
OFFSET  19.8152 -0.6883 -8.2723
X  0.8420 -0.5125  0.1684
Y -0.4956 -0.6114  0.6169
Z -0.2132 -0.6029 -0.7688

PART 18
OFFSET  20.5618 -1.1427 -8.1230
X  0.8139 -0.5469  0.1959
Y -0.5228 -0.5425  0.6576
Z -0.2534 -0.6377 -0.7274

PART 19
OFFSET  21.3350 -1.6623 -7.9369
X -0.2577  0.8511 -0.4575
Y -0.9505 -0.1382  0.2784
Z  0.1738  0.5066  0.8445

PART 20
OFFSET  16.4791 -0.2095 -6.5524
X  0.9654  0.1817 -0.1871
Y  0.1676 -0.9819 -0.0887
Z -0.1998  0.0543 -0.9783

PART 21
OFFSET  18.9929  0.1479 -7.1104
X  0.9428 -0.2155 -0.2543
Y -0.0949 -0.9049  0.4150
Z -0.3195 -0.3672 -0.8736

PART 22
OFFSET  20.5981 -0.2190 -7.5433
X  0.8085 -0.5879 -0.0256
Y -0.5105 -0.7223  0.4665
Z -0.2928 -0.3642 -0.8841

PART 23
OFFSET  21.7187 -1.0337 -7.5787
X  0.5677 -0.8113  0.1399
Y -0.7673 -0.4598  0.4471
Z -0.2984 -0.3611 -0.8835

PART 24
OFFSET  22.3343 -1.9136 -7.4270
X -0.0415  0.9096 -0.4135
Y -0.9404  0.1042  0.3236
Z  0.3374  0.4023  0.8511

PART 25
OFFSET  18.3077 -0.4472 -4.3464
X  0.9917 -0.0947 -0.0873
Y  0.1045  0.9878  0.1155
Z  0.0753 -0.1237  0.9895

PART 26
OFFSET  19.0315  0.6414 -5.0334
X  0.9921  0.0975 -0.0794
Y  0.0908 -0.9924 -0.0834
Z -0.0869  0.0755 -0.9934

PART 27
OFFSET  20.7782  0.8130 -5.1732
X  0.9893  0.0224 -0.1442
Y  0.0036 -0.9916 -0.1295
Z -0.1458  0.1276 -0.9810

PART 28
OFFSET  21.9898  0.8325 -5.2889
X  0.9993 -0.0250 -0.0294
Y -0.0281 -0.9937 -0.1085
Z -0.0265  0.1092 -0.9937

PART 29
OFFSET  23.1184  0.8042 -5.3221
X -0.3074  0.9359 -0.1720
Y -0.9490 -0.2881  0.1282
Z  0.0705  0.2027  0.9767

PART 30
OFFSET  19.0838  0.5162 -6.1298
X  0.9476 -0.2691 -0.1720
Y -0.2236 -0.9435  0.2445
Z -0.2280 -0.1932 -0.9543

PART 31
OFFSET  20.9350 -0.0095 -6.4658
X  0.7923 -0.6020 -0.0991
Y -0.5458 -0.7719  0.3260
Z -0.2728 -0.2042 -0.9401

PART 32
OFFSET  22.0923 -0.8888 -6.6105
X  0.6094 -0.7926 -0.0187
Y -0.7262 -0.5675  0.3880
Z -0.3182 -0.2229 -0.9215

PART 33
OFFSET  22.7807 -1.7877 -6.6385
X  0.0169  0.9845 -0.1746
Y -0.9691  0.0591  0.2394
Z  0.2460  0.1652  0.9551

PART 34
OFFSET  18.3678 -1.3463 -6.5430
X -0.2403 -0.0025 -0.9707
Y -0.1828  0.9822  0.0427
Z  0.9533  0.1877 -0.2365

PART 35
OFFSET  8.4839 -3.7769 -4.4653
X  0.9970  0.0081  0.0770
Y -0.0233  0.9797  0.1992
Z -0.0739 -0.2004  0.9769

PART 36
OFFSET  8.4839 -3.7769 -4.4653
X  0.9970  0.0081  0.0770
Y -0.0233  0.9797  0.1992
Z -0.0739 -0.2004  0.9769

PART 37
OFFSET  13.6009 -4.4825 -1.8100
X  0.9953  0.0040  0.0970
Y -0.0233  0.9797  0.1992
Z -0.0942 -0.2006  0.9751

PART 38
OFFSET  12.6620 -3.7841 -3.8651
X  0.9970  0.0081  0.0770
Y -0.0233  0.9797  0.1992
Z -0.0739 -0.2004  0.9769

PART 39
OFFSET  28.6394 -3.3805 -3.9750
X  0.9970  0.0081  0.0770
Y -0.0233  0.9797  0.1992
Z -0.0739 -0.2004  0.9769

PART 40
OFFSET  0.4853 -3.0817 -8.8208
X  0.9970  0.0081  0.0770
Y -0.0233  0.9797  0.1992
Z -0.0739 -0.2004  0.9769

PART 41
OFFSET  20.9389 -3.4752 -4.4765
X  0.9970  0.0081  0.0770
Y -0.0233  0.9797  0.1992
Z -0.0739 -0.2004  0.9769

PART 42
OFFSET  23.6407 -3.4289 -4.4014
X  0.9970  0.0081  0.0770
Y -0.0233  0.9797  0.1992
Z -0.0739 -0.2004  0.9769

PART 43
OFFSET  28.0316 -3.3933 -4.0621
X  0.9970  0.0081  0.0770
Y -0.0233  0.9797  0.1992
Z -0.0739 -0.2004  0.9769

PART 44
OFFSET -17.6076 -4.8127 -7.0611
X -0.8993  0.0642  0.4326
Y -0.2295 -0.9113 -0.3418
Z  0.3723 -0.4066  0.8343

PART 45
OFFSET -6.7314 -5.5896 -12.2924
X -0.9164 -0.0456 -0.3978
Y  0.4003 -0.1233 -0.9081
Z -0.0077 -0.9913  0.1313

PART 46
OFFSET  1.0626 -5.2022 -8.9094
X -0.9164 -0.0456 -0.3978
Y  0.3981  0.0018 -0.9173
Z  0.0425 -0.9990  0.0165

PART 47
OFFSET  2.1176 -3.8660 -7.8767
X -0.9187 -0.0418 -0.3928
Y  0.0046  0.9932 -0.1166
Z  0.3950 -0.1089 -0.9122

PART 48
OFFSET  2.0948 -4.4293 -6.7951
X -0.9187 -0.0418 -0.3928
Y  0.0046  0.9932 -0.1166
Z  0.3950 -0.1089 -0.9122

PART 49
OFFSET  2.2321 -5.7884 -6.7074
X -0.9187 -0.0418 -0.3928
Y  0.0046  0.9932 -0.1166
Z  0.3950 -0.1089 -0.9122

PART 50
OFFSET  3.8719 -5.0625 -7.6900
X -0.9290 -0.0941 -0.3578
Y  0.3579  0.0172 -0.9336
Z  0.0940 -0.9954  0.0177

PART 51
OFFSET  3.9059 -4.6281 -6.6354
X -0.4414 -0.5604 -0.7008
Y  0.6302  0.3624 -0.6867
Z  0.6388 -0.7447  0.1932

PART 52
OFFSET  4.7600 -3.4136 -5.0653
X -0.9106 -0.3991  0.1073
Y  0.0151 -0.2917 -0.9564
Z  0.4130 -0.8693  0.2717

PART 53
OFFSET  6.1847 -2.6894 -5.3260
X -0.5939 -0.1947  0.7806
Y -0.6075 -0.5275 -0.5938
Z  0.5274 -0.8269  0.1950

PART 54
OFFSET  6.8132 -2.4320 -6.1690
X -0.9024  0.2787  0.3286
Y  0.1241  0.8984 -0.4212
Z -0.4126 -0.3393 -0.8454

PART 55
OFFSET  5.0223 -4.7633 -8.3905
X -0.9419 -0.3203  0.1015
Y  0.3262 -0.9441  0.0476
Z  0.0806  0.0779  0.9937

PART 56
OFFSET  7.1102 -3.9165 -8.4796
X -0.0880 -0.9863 -0.1394
Y  0.9689 -0.0522 -0.2417
Z  0.2311 -0.1563  0.9603

PART 57
OFFSET  7.2348 -2.5201 -8.2822
X  0.7989 -0.5311 -0.2824
Y  0.5664  0.8223  0.0557
Z  0.2026 -0.2044  0.9577

PART 58
OFFSET  6.5264 -2.0492 -8.0319
X  0.9170  0.3619 -0.1676
Y -0.3239  0.9210  0.2166
Z  0.2327 -0.1443  0.9618

PART 59
OFFSET  5.6552 -2.3930 -7.8727
X -0.5317 -0.8341 -0.1469
Y -0.8052  0.4441  0.3929
Z -0.2625  0.3271 -0.9078

PART 60
OFFSET  5.0019 -4.8930 -7.6889
X -0.9633 -0.2546 -0.0853
Y  0.2487 -0.9658  0.0734
Z -0.1011  0.0495  0.9936

PART 61
OFFSET  7.5225 -4.2610 -7.6133
X -0.1232 -0.9921 -0.0257
Y  0.9631 -0.1133 -0.2442
Z  0.2393 -0.0548  0.9694

PART 62
OFFSET  7.7322 -2.5720 -7.5695
X  0.9054 -0.3493 -0.2414
Y  0.3583  0.9336 -0.0070
Z  0.2278 -0.0802  0.9704

PART 63
OFFSET  6.4774 -2.0880 -7.2350
X  0.8402  0.5211 -0.1500
Y -0.4946  0.8499  0.1816
Z  0.2221 -0.0784  0.9719

PART 64
OFFSET  5.5661 -2.6531 -7.0723
X -0.3949 -0.9163  0.0669
Y -0.8959  0.4002  0.1928
Z -0.2034  0.0162 -0.9790

PART 65
OFFSET -0.2469 -6.0023 -8.3804
X -0.9172 -0.3687 -0.1512
Y -0.3459  0.9250 -0.1573
Z  0.1979 -0.0920 -0.9759

PART 66
OFFSET  7.2570 -5.0788 -5.5850
X -0.9718  0.0094 -0.2356
Y  0.0139 -0.9952 -0.0967
Z -0.2354 -0.0972  0.9670

PART 67
OFFSET  8.9680 -5.0953 -5.1701
X -0.3503 -0.9283 -0.1249
Y  0.9076 -0.3694  0.1996
Z -0.2314 -0.0434  0.9719

PART 68
OFFSET  9.3798 -3.9694 -4.9593
X  0.0650 -0.9926 -0.1029
Y  0.9694  0.0384  0.2426
Z -0.2368 -0.1155  0.9647

PART 69
OFFSET  9.3063 -2.8483 -4.8430
X -0.9629  0.2560  0.0858
Y  0.2601  0.9647  0.0408
Z -0.0724  0.0616 -0.9955

PART 70
OFFSET  7.5293 -4.8916 -6.6392
X -0.2558 -0.9667  0.0024
Y  0.9656 -0.2557 -0.0473
Z  0.0463 -0.0098  0.9989

PART 71
OFFSET  8.0291 -3.0031 -6.6439
X  0.8394 -0.5413 -0.0485
Y  0.5386  0.8405 -0.0595
Z  0.0730  0.0238  0.9970

PART 72
OFFSET  6.8030 -2.2123 -6.5730
X  0.8925  0.4382 -0.1071
Y -0.4441  0.8951 -0.0389
Z  0.0788  0.0823  0.9935

PART 73
OFFSET  5.7914 -2.7086 -6.4587
X -0.4057 -0.9130  0.0435
Y -0.9059  0.4080  0.1132
Z -0.1210  0.0065 -0.9926

PART 74
OFFSET  0.0000 -0.0000 -0.0000
X  1.0000 -0.0000  0.0000
Y  0.0000  1.0000  0.0000
Z  0.0000 -0.0000  1.0000

PART 75
OFFSET  0.0000 -0.0000 -0.0000
X  1.0000 -0.0000  0.0000
Y  0.0000  1.0000  0.0000
Z  0.0000 -0.0000  1.0000

PART 76
OFFSET  1.5404 -0.0000  4.1357
X  1.0000 -0.0000  0.0000
Y  0.0000  1.0000  0.0000
Z  0.0000 -0.0000  1.0000


FRAME 1808
PART 0
OFFSET -4.6318 -0.0000 -1.3770
X  1.0000 -0.0000  0.0000
Y  0.0000  1.0000  0.0000
Z  0.0000 -0.0000  1.0000

PART 1
OFFSET -4.6318 -0.0000 -1.3770
X  1.0000 -0.0000  0.0000
Y  0.0000  1.0000  0.0000
Z  0.0000 -0.0000  1.0000

PART 2
OFFSET -3.5060  6.3408 -6.7125
X  0.8115 -0.1512 -0.5644
Y  0.0011 -0.9656  0.2602
Z -0.5843 -0.2117 -0.7834

PART 3
OFFSET  6.3084  4.5124 -13.5386
X  0.7577 -0.3435  0.5549
Y -0.5811  0.0318  0.8132
Z -0.2969 -0.9386 -0.1755

PART 4
OFFSET  12.7530  1.5912 -8.8188
X  0.7577 -0.3435  0.5549
Y -0.6276 -0.1501  0.7640
Z -0.1791 -0.9271 -0.3293

PART 5
OFFSET  14.7940  2.7557 -8.3687
X  0.7619 -0.3411  0.5506
Y  0.3032  0.9390  0.1622
Z -0.5723  0.0433  0.8189

PART 6
OFFSET  14.0342  0.5176 -9.4052
X  0.7619 -0.3411  0.5506
Y  0.3032  0.9390  0.1622
Z -0.5723  0.0433  0.8189

PART 7
OFFSET  13.7831  2.2916 -6.3318
X  0.7619 -0.3411  0.5506
Y  0.3032  0.9390  0.1622
Z -0.5723  0.0433  0.8189

PART 8
OFFSET  13.0057  0.6542 -6.4605
X  0.7619 -0.3411  0.5506
Y  0.3032  0.9390  0.1622
Z -0.5723  0.0433  0.8189

PART 9
OFFSET  12.6867 -0.3094 -7.3084
X  0.7619 -0.3411  0.5506
Y  0.3032  0.9390  0.1622
Z -0.5723  0.0433  0.8189

PART 10
OFFSET  15.0758  0.5382 -7.1176
X  0.9478  0.3187  0.0059
Y -0.0562  0.1488  0.9873
Z  0.3138 -0.9361  0.1589

PART 11
OFFSET  15.5768  0.4408 -6.0969
X  0.6597 -0.0883  0.7463
Y -0.6854  0.3365  0.6457
Z -0.3082 -0.9375  0.1614

PART 12
OFFSET  16.9148  0.2316 -4.4130
X  0.9098  0.0965  0.4037
Y -0.4112  0.0773  0.9082
Z  0.0565 -0.9923  0.1100

PART 13
OFFSET  18.4144  0.2718 -3.8031
X  0.6511  0.1418  0.7456
Y -0.7572  0.1890  0.6252
Z -0.0522 -0.9717  0.2304

PART 14
OFFSET  19.1032  0.3839 -2.9756
X  0.3581  0.7678  0.5313
Y -0.1097  0.5997 -0.7927
Z -0.9272  0.2256  0.2990

PART 15
OFFSET  16.0015  0.4594 -8.1376
X  0.8478  0.0397 -0.5289
Y  0.2638 -0.8967  0.3556
Z -0.4601 -0.4409 -0.7706

PART 16
OFFSET  18.0056  0.5029 -9.1701
X  0.9375 -0.0000 -0.3480
Y  0.2933 -0.5381  0.7902
Z -0.1873 -0.8429 -0.5045

PART 17
OFFSET  19.3330  0.5028 -9.6627
X  0.9549  0.0236 -0.2959
Y  0.2579 -0.5596  0.7876
Z -0.1469 -0.8284 -0.5405

PART 18
OFFSET  20.1796  0.5238 -9.9250
X  0.9183  0.0714 -0.3893
Y  0.3710 -0.4983  0.7836
Z -0.1380 -0.8641 -0.4841

PART 19
OFFSET  21.0521  0.5916 -10.2949
X -0.9153  0.3831 -0.1242
Y -0.3283 -0.5313  0.7810
Z  0.2332  0.7556  0.6121

PART 20
OFFSET  16.1288  0.7591 -7.5024
X  0.9212  0.2520 -0.2966
Y  0.2965 -0.9481  0.1153
Z -0.2522 -0.1941 -0.9480

PART 21
OFFSET  18.5399  1.2875 -8.3184
X  0.9086  0.0638 -0.4128
Y  0.3009 -0.7854  0.5409
Z -0.2897 -0.6157 -0.7328

PART 22
OFFSET  20.0868  1.3961 -9.0212
X  0.9386  0.0107 -0.3448
Y  0.2169 -0.7954  0.5660
Z -0.2682 -0.6061 -0.7488

PART 23
OFFSET  21.3876  1.4109 -9.4990
X  0.9586 -0.1094 -0.2629
Y  0.0780 -0.7872  0.6117
Z -0.2739 -0.6069 -0.7461

PART 24
OFFSET  22.4272  1.2923 -9.7842
X -0.8434  0.5095 -0.1707
Y -0.4738 -0.5555  0.6833
Z  0.2533  0.6572  0.7099

PART 25
OFFSET  18.0767  1.2553 -5.4466
X  0.9899  0.0108 -0.1412
Y -0.0268  0.9934 -0.1116
Z  0.1390  0.1143  0.9837

PART 26
OFFSET  18.6101  2.2403 -6.4090
X  0.9645  0.2186 -0.1483
Y  0.2397 -0.9601  0.1439
Z -0.1110 -0.1744 -0.9784

PART 27
OFFSET  20.3082  2.6251 -6.6701
X  0.9603  0.1943 -0.2002
Y  0.2161 -0.9719  0.0936
Z -0.1764 -0.1331 -0.9753

PART 28
OFFSET  21.4864  2.8693 -6.8542
X  0.9669  0.2404 -0.0859
Y  0.2491 -0.9621  0.1109
Z -0.0560 -0.1286 -0.9901

PART 29
OFFSET  22.5785  3.1409 -6.9512
X -0.5554  0.7541 -0.3507
Y -0.8315 -0.4977  0.2467
Z  0.0115  0.4286  0.9034

PART 30
OFFSET  18.6263  1.8770 -7.4521
X  0.9787  0.0149 -0.2046
Y  0.1020 -0.9007  0.4223
Z -0.1780 -0.4342 -0.8830

PART 31
OFFSET  20.5383  1.9060 -7.8519
X  0.9617  0.0577 -0.2680
Y  0.1721 -0.8880  0.4264
Z -0.2133 -0.4562 -0.8639

PART 32
OFFSET  21.9429  1.9903 -8.2433
X  0.9647 -0.0046 -0.2635
Y  0.1272 -0.8675  0.4808
Z -0.2308 -0.4974 -0.8363

PART 33
OFFSET  23.0338  1.9823 -8.5480
X -0.8062  0.5894 -0.0516
Y -0.5393 -0.6962  0.4737
Z  0.2433  0.4098  0.8792

PART 34
OFFSET  18.1540 -0.1043 -7.3914
X -0.2840 -0.2523 -0.9250
Y -0.3138  0.9361 -0.1589
Z  0.9060  0.2451 -0.3451

PART 35
OFFSET  8.2772 -4.6057 -4.2938
X  0.9993 -0.0175  0.0329
Y  0.0103  0.9785  0.2061
Z -0.0358 -0.2056  0.9780

PART 36
OFFSET  8.2772 -4.6057 -4.2938
X  0.9993 -0.0175  0.0329
Y  0.0103  0.9785  0.2061
Z -0.0358 -0.2056  0.9780

PART 37
OFFSET  13.4867 -5.4587 -1.8717
X  0.9984 -0.0217  0.0529
Y  0.0103  0.9785  0.2061
Z -0.0562 -0.2052  0.9771

PART 38
OFFSET  12.4762 -4.7220 -3.8790
X  0.9993 -0.0175  0.0329
Y  0.0103  0.9785  0.2061
Z -0.0358 -0.2056  0.9780

PART 39
OFFSET  28.4384 -4.7183 -4.6926
X  0.9993 -0.0175  0.0329
Y  0.0103  0.9785  0.2061
Z -0.0358 -0.2056  0.9780

PART 40
OFFSET  0.1148 -3.6784 -8.2871
X  0.9993 -0.0175  0.0329
Y  0.0103  0.9785  0.2061
Z -0.0358 -0.2056  0.9780

PART 41
OFFSET  20.7233 -4.6163 -4.8538
X  0.9993 -0.0175  0.0329
Y  0.0103  0.9785  0.2061
Z -0.0358 -0.2056  0.9780

PART 42
OFFSET  23.4260 -4.6383 -4.8979
X  0.9993 -0.0175  0.0329
Y  0.0103  0.9785  0.2061
Z -0.0358 -0.2056  0.9780

PART 43
OFFSET  27.8272 -4.7153 -4.7528
X  0.9993 -0.0175  0.0329
Y  0.0103  0.9785  0.2061
Z -0.0358 -0.2056  0.9780

PART 44
OFFSET -17.6076 -4.8127 -7.0611
X -0.8896  0.0791  0.4499
Y -0.2689 -0.8868 -0.3758
Z  0.3692 -0.4553  0.8102

PART 45
OFFSET -6.8491 -5.7695 -12.5018
X -0.8941 -0.0015 -0.4479
Y  0.4458 -0.0995 -0.8896
Z -0.0432 -0.9950  0.0896

PART 46
OFFSET  0.7555 -5.7564 -8.6924
X -0.8941 -0.0015 -0.4479
Y  0.4479  0.0063 -0.8941
Z  0.0042 -1.0000 -0.0049

PART 47
OFFSET  1.7900 -4.4953 -7.5503
X -0.8966  0.0020 -0.4429
Y  0.0393  0.9964 -0.0751
Z  0.4411 -0.0847 -0.8934

PART 48
OFFSET  1.6918 -5.1002 -6.4956
X -0.8966  0.0020 -0.4429
Y  0.0393  0.9964 -0.0751
Z  0.4411 -0.0847 -0.8934

PART 49
OFFSET  1.7852 -6.4652 -6.4570
X -0.8966  0.0020 -0.4429
Y  0.0393  0.9964 -0.0751
Z  0.4411 -0.0847 -0.8934

PART 50
OFFSET  3.4965 -5.7517 -7.3193
X -0.9460 -0.0682 -0.3170
Y  0.3167  0.0151 -0.9484
Z  0.0694 -0.9976  0.0073

PART 51
OFFSET  3.5879 -5.3260 -6.2646
X -0.4859 -0.5440 -0.6840
Y  0.6083  0.3515 -0.7116
Z  0.6276 -0.7619  0.1601

PART 52
OFFSET  4.5409 -4.1447 -4.7263
X -0.9148 -0.3769  0.1450
Y -0.0344 -0.2850 -0.9579
Z  0.4023 -0.8813  0.2478

PART 53
OFFSET  5.9706 -3.4546 -5.0454
X -0.5637 -0.1855  0.8049
Y -0.6463 -0.5078 -0.5696
Z  0.5143 -0.8413  0.1664

PART 54
OFFSET  6.5677 -3.2070 -5.9137
X -0.8797  0.2989  0.3699
Y  0.1282  0.8981 -0.4207
Z -0.4579 -0.3227 -0.8284

PART 55
OFFSET  4.6221 -5.4763 -8.0681
X -0.9443 -0.2973  0.1410
Y  0.3039 -0.9523  0.0273
Z  0.1262  0.0686  0.9896

PART 56
OFFSET  6.7249 -4.6815 -8.2442
X -0.1190 -0.9828 -0.1415
Y  0.9557 -0.0748 -0.2846
Z  0.2691 -0.1691  0.9482

PART 57
OFFSET  6.8934 -3.2902 -8.0439
X  0.7719 -0.5489 -0.3207
Y  0.5890  0.8074  0.0357
Z  0.2393 -0.2164  0.9465

PART 58
OFFSET  6.2090 -2.8035 -7.7596
X  0.9176  0.3400 -0.2057
Y -0.2906  0.9272  0.2363
Z  0.2711 -0.1571  0.9496

PART 59
OFFSET  5.3372 -3.1265 -7.5642
X -0.5586 -0.8194 -0.1283
Y -0.7756  0.4613  0.4308
Z -0.2938  0.3402 -0.8933

PART 60
OFFSET  4.6294 -5.6107 -7.3671
X -0.9723 -0.2297 -0.0442
Y  0.2271 -0.9722  0.0564
Z -0.0560  0.0448  0.9974

PART 61
OFFSET  7.1661 -5.0426 -7.3992
X -0.1493 -0.9884 -0.0264
Y  0.9482 -0.1356 -0.2872
Z  0.2803 -0.0679  0.9575

PART 62
OFFSET  7.4203 -3.3598 -7.3543
X  0.8847 -0.3701 -0.2833
Y  0.3812  0.9243 -0.0171
Z  0.2682 -0.0929  0.9589

PART 63
OFFSET  6.1941 -2.8468 -6.9616
X  0.8458  0.5009 -0.1837
Y -0.4644  0.8607  0.2085
Z  0.2626 -0.0910  0.9606

PART 64
OFFSET  5.2768 -3.3901 -6.7623
X -0.4147 -0.9065  0.0787
Y -0.8761  0.4212  0.2347
Z -0.2459  0.0284 -0.9689

PART 65
OFFSET -0.6712 -6.5829 -7.8327
X -0.9320 -0.3444 -0.1128
Y -0.3289  0.9345 -0.1362
Z  0.1523 -0.0898 -0.9842

PART 66
OFFSET  6.9695 -5.8682 -5.3662
X -0.9807  0.0354 -0.1924
Y -0.0157 -0.9945 -0.1033
Z -0.1950 -0.0983  0.9759

PART 67
OFFSET  8.6961 -5.9306 -5.0275
X -0.3789 -0.9183 -0.1150
Y  0.9058 -0.3935  0.1570
Z -0.1894 -0.0447  0.9809

PART 68
OFFSET  9.1453 -4.8170 -4.8281
X  0.0352 -0.9931 -0.1118
Y  0.9798  0.0123  0.1997
Z -0.1970 -0.1166  0.9735

PART 69
OFFSET  9.1054 -3.6953 -4.7018
X -0.9513  0.2794  0.1299
Y  0.2860  0.9576  0.0352
Z -0.1146  0.0706 -0.9909

PART 70
OFFSET  7.1997 -5.6802 -6.4302
X -0.2799 -0.9600  0.0078
Y  0.9558 -0.2795 -0.0915
Z  0.0900 -0.0182  0.9958

PART 71
OFFSET  7.7466 -3.8048 -6.4453
X  0.8225 -0.5618 -0.0889
Y  0.5566  0.8271 -0.0781
Z  0.1174  0.0147  0.9930

PART 72
OFFSET  6.5453 -2.9842 -6.3155
X  0.8977  0.4164 -0.1438
Y -0.4226  0.9062 -0.0137
Z  0.1246  0.0730  0.9895

PART 73
OFFSET  5.5274 -3.4557 -6.1597
X -0.4264 -0.9028  0.0557
Y -0.8894  0.4297  0.1556
Z -0.1644  0.0168 -0.9862

PART 74
OFFSET  0.0000 -0.0000 -0.0000
X  1.0000 -0.0000  0.0000
Y  0.0000  1.0000  0.0000
Z  0.0000 -0.0000  1.0000

PART 75
OFFSET  0.0000 -0.0000 -0.0000
X  1.0000 -0.0000  0.0000
Y  0.0000  1.0000  0.0000
Z  0.0000 -0.0000  1.0000

PART 76
OFFSET  1.5404 -0.0000  4.1357
X  1.0000 -0.0000  0.0000
Y  0.0000  1.0000  0.0000
Z  0.0000 -0.0000  1.0000


FRAME 1809
PART 0
OFFSET -4.6318 -0.0000 -1.3770
X  1.0000 -0.0000  0.0000
Y  0.0000  1.0000  0.0000
Z  0.0000 -0.0000  1.0000

PART 1
OFFSET -4.6318 -0.0000 -1.3770
X  1.0000 -0.0000  0.0000
Y  0.0000  1.0000  0.0000
Z  0.0000 -0.0000  1.0000

PART 2
OFFSET -3.5060  6.3408 -6.7125
X  0.6353 -0.1267 -0.7618
Y  0.1958 -0.9278  0.3175
Z -0.7471 -0.3509 -0.5646

PART 3
OFFSET  4.1768  4.8089 -15.9261
X  0.8158 -0.1855  0.5477
Y -0.5379  0.1044  0.8365
Z -0.2124 -0.9771 -0.0146

PART 4
OFFSET  11.1157  3.2310 -11.2672
X  0.8158 -0.1855  0.5477
Y -0.5550  0.0150  0.8317
Z -0.1625 -0.9825 -0.0908

PART 5
OFFSET  13.0536  4.6275 -11.1315
X  0.8196 -0.1835  0.5428
Y  0.2178  0.9760  0.0011
Z -0.5300  0.1174  0.8398

PART 6
OFFSET  12.4633  2.1983 -11.7727
X  0.8196 -0.1835  0.5428
Y  0.2178  0.9760  0.0011
Z -0.5300  0.1174  0.8398

PART 7
OFFSET  12.2015  4.3935 -8.9854
X  0.8196 -0.1835  0.5428
Y  0.2178  0.9760  0.0011
Z -0.5300  0.1174  0.8398

PART 8
OFFSET  11.5826  2.6932 -8.8185
X  0.8196 -0.1835  0.5428
Y  0.2178  0.9760  0.0011
Z -0.5300  0.1174  0.8398

PART 9
OFFSET  11.3154  1.5864 -9.4915
X  0.8196 -0.1835  0.5428
Y  0.2178  0.9760  0.0011
Z -0.5300  0.1174  0.8398

PART 10
OFFSET  13.6167  2.6622 -9.5880
X  0.9367  0.3496 -0.0190
Y -0.0938  0.3027  0.9485
