// Export filename: `C:\projects\cod\t5\xanim_export\t5_viewmodels\ak47\ak47_masterkey_quick_putaway.XANIM_EXPORT`
// Source filename: `D:\projects\devanim\t5\animation_assets\viewmodels/ak47/masterkey_set/ak47_masterkey_quick_putaway.fbx`
// Export time: Wed Oct 28 12:28:07 2009

ANIMATION
VERSION 3

NUMPARTS 89
PART 0 "tag_torso"
PART 1 "J_Shoulder_LE"
PART 2 "J_Elbow_LE"
PART 3 "J_WristTwist_LE"
PART 4 "J_Sleave_Reshape_Bottom_LE_1"
PART 5 "J_Sleave_Reshape_Bottom_LE_2"
PART 6 "J_Sleave_Reshape_Top_LE_1"
PART 7 "J_Sleave_Reshape_Top_LE_2"
PART 8 "J_Sleave_Reshape_Top_LE_3"
PART 9 "J_Wrist_LE"
PART 10 "J_Thumb_LE_0"
PART 11 "J_Thumb_LE_1"
PART 12 "J_Thumb_LE_2"
PART 13 "J_Thumb_LE_3"
PART 14 "J_PinkyPalm_LE"
PART 15 "J_Pinky_LE_0"
PART 16 "J_Pinky_LE_1"
PART 17 "J_Pinky_LE_2"
PART 18 "J_Pinky_LE_3"
PART 19 "J_RingPalm_LE"
PART 20 "J_Ring_LE_0"
PART 21 "J_Ring_LE_1"
PART 22 "J_Ring_LE_2"
PART 23 "J_Ring_LE_3"
PART 24 "J_Webbing_LE"
PART 25 "J_Index_LE_0"
PART 26 "J_Index_LE_1"
PART 27 "J_Index_LE_2"
PART 28 "J_Index_LE_3"
PART 29 "J_Mid_LE_0"
PART 30 "J_Mid_LE_1"
PART 31 "J_Mid_LE_2"
PART 32 "J_Mid_LE_3"
PART 33 "tag_knife_attach"
PART 34 "J_Shoulder_RI"
PART 35 "J_Elbow_RI"
PART 36 "J_WristTwist_RI"
PART 37 "J_Sleave_Reshape_Top_RI_3"
PART 38 "J_Sleave_Reshape_Top_RI_2"
PART 39 "J_Sleave_Reshape_Top_RI_1"
PART 40 "J_Wrist_RI"
PART 41 "J_Thumb_RI_0"
PART 42 "J_Thumb_RI_1"
PART 43 "J_Thumb_RI_2"
PART 44 "J_Thumb_RI_3"
PART 45 "J_PinkyPalm_RI"
PART 46 "J_Pinky_RI_0"
PART 47 "J_Pinky_RI_1"
PART 48 "J_Pinky_RI_2"
PART 49 "J_Pinky_RI_3"
PART 50 "J_RingPalm_RI"
PART 51 "J_Ring_RI_0"
PART 52 "J_Ring_RI_1"
PART 53 "J_Ring_RI_2"
PART 54 "J_Ring_RI_3"
PART 55 "J_Webbing_RI"
PART 56 "J_Index_RI_0"
PART 57 "J_Index_RI_1"
PART 58 "J_Index_RI_2"
PART 59 "J_Index_RI_3"
PART 60 "J_Mid_RI_0"
PART 61 "J_Mid_RI_1"
PART 62 "J_Mid_RI_2"
PART 63 "J_Mid_RI_3"
PART 64 "tag_weapon"
PART 65 "J_Gun"
PART 66 "J_Bolt2"
PART 67 "TAG_CLIP"
PART 68 "TAG_BIG_MAG"
PART 69 "J_Trigger"
PART 70 "TAG_BRASS"
PART 71 "TAG_FLASH"
PART 72 "tag_mount"
PART 73 "TAG_GRIP"
PART 74 "tag_scope_ir"
PART 75 "TAG_TRILUX"
PART 76 "tag_masterkey"
PART 77 "tag_brass2"
PART 78 "tag_ammo2"
PART 79 "tag_pump2"
PART 80 "TAG_REFLEX"
PART 81 "tag_he_grenade"
PART 82 "tag_grenadier"
PART 83 "tag_suppressor"
PART 84 "tag_scope_colt"
PART 85 "tag_cambone"
PART 86 "tag_camera"
PART 87 "tag_gasmask"
PART 88 "tag_ads"

FRAMERATE 30
NUMFRAMES 11

FRAME 437
PART 0
OFFSET -4.6318 -0.0000 -1.3770
X  1.0000 -0.0000  0.0000
Y  0.0000  1.0000  0.0000
Z  0.0000 -0.0000  1.0000

PART 1
OFFSET -0.9407  6.3408 -7.3673
X  0.9043 -0.2602 -0.3386
Y -0.1804 -0.9515  0.2493
Z -0.3870 -0.1644 -0.9073

PART 2
OFFSET  9.9954  3.1944 -11.4617
X  0.8805 -0.4093  0.2390
Y -0.3172 -0.1341  0.9388
Z -0.3522 -0.9025 -0.2479

PART 3
OFFSET  17.4847 -0.2873 -9.4291
X  0.8805 -0.4093  0.2390
Y  0.3873  0.9120  0.1353
Z -0.2733 -0.0266  0.9616

PART 4
OFFSET  19.3603  1.4479 -9.5090
X  0.8834 -0.4060  0.2341
Y  0.3543  0.9055  0.2337
Z -0.3068 -0.1235  0.9437

PART 5
OFFSET  18.5326 -1.1817 -10.5786
X  0.8834 -0.4060  0.2341
Y  0.3543  0.9055  0.2337
Z -0.3068 -0.1235  0.9437

PART 6
OFFSET  18.9661  0.8819 -6.7899
X  0.8834 -0.4060  0.2341
Y  0.3543  0.9055  0.2337
Z -0.3068 -0.1235  0.9437

PART 7
OFFSET  18.3405 -1.6719 -7.1227
X  0.8834 -0.4060  0.2341
Y  0.3543  0.9055  0.2337
Z -0.3068 -0.1235  0.9437

PART 8
OFFSET  18.0610 -2.0736 -8.5922
X  0.8834 -0.4060  0.2341
Y  0.3543  0.9055  0.2337
Z -0.3068 -0.1235  0.9437

PART 9
OFFSET  20.1841 -1.5422 -8.6965
X  0.7692 -0.5357  0.3483
Y  0.5125  0.8428  0.1644
Z -0.3816  0.0520  0.9229

PART 10
OFFSET  20.8680 -0.9484 -8.0023
X  0.5380 -0.0137  0.8428
Y  0.3041  0.9357 -0.1789
Z -0.7862  0.3525  0.5076

PART 11
OFFSET  22.0157 -0.8651 -6.1732
X  0.6823 -0.2735  0.6780
Y  0.2062  0.9617  0.1805
Z -0.7014  0.0167  0.7126

PART 12
OFFSET  23.0263 -1.3622 -5.0096
X  0.4974 -0.1834  0.8479
Y  0.2638  0.9631  0.0536
Z -0.8265  0.1970  0.5274

PART 13
OFFSET  23.5308 -1.5351 -4.0676
X  0.9524 -0.0635  0.2982
Y  0.2616 -0.3319 -0.9063
Z  0.1565  0.9412 -0.2995

PART 14
OFFSET  20.2092 -2.8874 -8.3913
X  0.3775 -0.8353  0.3997
Y -0.4908  0.1855  0.8513
Z -0.7852 -0.5176 -0.3399

PART 15
OFFSET  21.1116 -4.6660 -7.3394
X -0.0475 -0.0209  0.9987
Y -0.2264  0.9740  0.0096
Z -0.9729 -0.2257 -0.0510

PART 16
OFFSET  21.0444 -4.6956 -5.9255
X -0.1427  0.5491  0.8235
Y -0.2058  0.7973 -0.5674
Z -0.9681 -0.2504 -0.0008

PART 17
OFFSET  20.9178 -4.2087 -5.1954
X -0.1879  0.7742  0.6044
Y -0.0861  0.6000 -0.7954
Z -0.9784 -0.2015 -0.0461

PART 18
OFFSET  20.7393 -3.4732 -4.6212
X  0.3393 -0.9397  0.0437
Y -0.0677 -0.0707 -0.9952
Z  0.9382  0.3347 -0.0876

PART 19
OFFSET  20.7722 -2.4524 -8.3344
X  0.5724 -0.7683  0.2865
Y -0.4194  0.0259  0.9074
Z -0.7046 -0.6395 -0.3074

PART 20
OFFSET  22.1122 -4.4586 -7.3658
X -0.1463 -0.0410  0.9884
Y -0.1933  0.9811  0.0121
Z -0.9702 -0.1893 -0.1515

PART 21
OFFSET  21.8631 -4.5284 -5.6830
X -0.1867  0.3305  0.9252
Y -0.1437  0.9224 -0.3585
Z -0.9718 -0.1999 -0.1248

PART 22
OFFSET  21.6043 -4.0704 -4.4008
X -0.2321  0.6500  0.7236
Y -0.0604  0.7329 -0.6777
Z -0.9708 -0.2010 -0.1309

PART 23
OFFSET  21.3525 -3.3655 -3.6160
X  0.1769 -0.9611 -0.2122
Y  0.1254  0.2359 -0.9637
Z  0.9762  0.1439  0.1622

PART 24
OFFSET  23.1647 -1.8275 -6.8671
X  0.5185 -0.6526  0.5525
Y  0.6084 -0.1725 -0.7747
Z  0.6008  0.7378  0.3076

PART 25
OFFSET  23.7099 -3.0132 -7.5584
X -0.0100 -0.6233  0.7819
Y -0.4920  0.6838  0.5388
Z -0.8705 -0.3793 -0.3136

PART 26
OFFSET  23.6922 -4.1106 -6.1818
X -0.4446  0.0369  0.8950
Y -0.3570  0.9090 -0.2149
Z -0.8215 -0.4151 -0.3910

PART 27
OFFSET  23.2016 -4.0405 -5.0700
X -0.4252  0.3419  0.8380
Y -0.2287  0.8553 -0.4650
Z -0.8757 -0.3894 -0.2855

PART 28
OFFSET  22.7212 -3.6543 -4.1235
X  0.0985 -0.9929  0.0667
Y  0.4505 -0.0152 -0.8926
Z  0.8873  0.1180  0.4458

PART 29
OFFSET  23.0034 -3.8611 -7.6084
X -0.0554 -0.3522  0.9343
Y -0.4145  0.8594  0.2994
Z -0.9084 -0.3707 -0.1936

PART 30
OFFSET  22.8953 -4.5492 -5.7833
X -0.2792  0.1183  0.9529
Y -0.2925  0.9347 -0.2018
Z -0.9146 -0.3351 -0.2264

PART 31
OFFSET  22.4874 -4.3763 -4.3914
X -0.3936  0.6650  0.6347
Y -0.0143  0.6860 -0.7275
Z -0.9192 -0.2954 -0.2605

PART 32
OFFSET  22.0351 -3.6258 -3.6739
X  0.3697 -0.9291 -0.0054
Y  0.1732  0.0746 -0.9820
Z  0.9129  0.3621  0.1886

PART 33
OFFSET  21.4119 -3.3695 -6.4344
X -0.7523 -0.5976 -0.2774
Y  0.3815 -0.0519 -0.9229
Z  0.5372 -0.8001  0.2670

PART 34
OFFSET -7.2604 -4.8127 -5.4071
X -0.4374  0.7155  0.5447
Y -0.3240 -0.6904  0.6468
Z  0.8389  0.1064  0.5338

PART 35
OFFSET -1.9711 -13.4662 -11.9952
X -0.4641 -0.7780 -0.4235
Y  0.8732 -0.3215 -0.3663
Z  0.1489 -0.5398  0.8285

PART 36
OFFSET  1.9765 -6.8492 -8.3934
X -0.4641 -0.7780 -0.4235
Y  0.7732 -0.1226 -0.6222
Z  0.4322 -0.6162  0.6584

PART 37
OFFSET  1.8721 -4.8654 -8.5268
X -0.4697 -0.7744 -0.4238
Y -0.1603  0.5469 -0.8217
Z  0.8681 -0.3180 -0.3810

PART 38
OFFSET  1.3498 -4.6491 -7.4457
X -0.4697 -0.7744 -0.4238
Y -0.1603  0.5469 -0.8217
Z  0.8681 -0.3180 -0.3810

PART 39
OFFSET  1.7216 -5.3503 -6.3317
X -0.4697 -0.7744 -0.4238
Y -0.1603  0.5469 -0.8217
Z  0.8681 -0.3180 -0.3810

PART 40
OFFSET  3.3994 -4.4641 -7.0951
X -0.9546 -0.1418 -0.2621
Y  0.2850 -0.1775 -0.9420
Z  0.0871 -0.9739  0.2098

PART 41
OFFSET  3.5180 -3.8292 -6.1543
X -0.4986 -0.6783 -0.5398
Y  0.5783  0.2037 -0.7900
Z  0.6458 -0.7060  0.2907

PART 42
OFFSET  4.5002 -2.3465 -4.9269
X -0.9028 -0.3484  0.2520
Y -0.0609 -0.4766 -0.8770
Z  0.4257 -0.8072  0.4090

PART 43
OFFSET  5.9064 -1.7221 -5.4317
X -0.5336 -0.0213  0.8455
Y -0.6559 -0.6208 -0.4296
Z  0.5340 -0.7837  0.3172

PART 44
OFFSET  6.4701 -1.6526 -6.3533
X -0.8720  0.3598  0.3318
Y  0.0988  0.7934 -0.6006
Z -0.4794 -0.4910 -0.7274

PART 45
OFFSET  4.4947 -4.3373 -7.9243
X -0.9338 -0.2716  0.2329
Y  0.3213 -0.9230  0.2116
Z  0.1575  0.2724  0.9492

PART 46
OFFSET  6.5764 -3.5742 -8.3353
X -0.1064 -0.9920  0.0680
Y  0.9470 -0.1219 -0.2972
Z  0.3031  0.0328  0.9524

PART 47
OFFSET  6.7270 -2.1698 -8.4316
X  0.7704 -0.5952 -0.2284
Y  0.5756  0.8034 -0.1522
Z  0.2741 -0.0142  0.9616

PART 48
OFFSET  6.0439 -1.6420 -8.2291
X  0.9043  0.2998 -0.3039
Y -0.2988  0.9530  0.0510
Z  0.3049  0.0447  0.9513

PART 49
OFFSET  5.1848 -1.9268 -7.9404
X -0.5482 -0.8340  0.0629
Y -0.7690  0.5322  0.3543
Z -0.3289  0.1459 -0.9330

PART 50
OFFSET  4.5274 -4.3242 -7.2114
X -0.9690 -0.2439  0.0388
Y  0.2458 -0.9373  0.2469
Z -0.0239  0.2488  0.9683

PART 51
OFFSET  7.0514 -3.7488 -7.4504
X -0.1328 -0.9741  0.1828
Y  0.9405 -0.1821 -0.2870
Z  0.3128  0.1338  0.9403

PART 52
OFFSET  7.2775 -2.0904 -7.7617
X  0.8812 -0.4114 -0.2327
Y  0.3642  0.9048 -0.2204
Z  0.3012  0.1095  0.9472

PART 53
OFFSET  6.0562 -1.5202 -7.4391
X  0.8304  0.4610 -0.3130
Y -0.4723  0.8804  0.0436
Z  0.2956  0.1116  0.9488

PART 54
OFFSET  5.1556 -2.0201 -7.0996
X -0.3960 -0.8751  0.2782
Y -0.8751  0.4514  0.1743
Z -0.2781 -0.1744 -0.9446

PART 55
OFFSET -0.7678 -5.4264 -7.2768
X -0.9290 -0.3699 -0.0061
Y -0.3495  0.8829 -0.3136
Z  0.1214 -0.2892 -0.9495

PART 56
OFFSET  6.9363 -4.1395 -5.2855
X -0.9870 -0.0151 -0.1603
Y -0.0017 -0.9946  0.1040
Z -0.1610  0.1029  0.9816

PART 57
OFFSET  8.6740 -4.1128 -5.0032
X -0.3664 -0.9261  0.0899
Y  0.9173 -0.3433  0.2020
Z -0.1562  0.1565  0.9753

PART 58
OFFSET  9.1099 -2.9774 -5.0533
X  0.0489 -0.9944  0.0936
Y  0.9855  0.0633  0.1577
Z -0.1627  0.0845  0.9830

PART 59
OFFSET  9.0546 -1.8542 -5.1590
X -0.9513  0.2903  0.1037
Y  0.2703  0.9472 -0.1728
Z -0.1484 -0.1363 -0.9795

PART 60
OFFSET  7.1281 -4.1725 -6.3730
X -0.2627 -0.9406  0.2150
Y  0.9570 -0.2824 -0.0663
Z  0.1231  0.1883  0.9744

PART 61
OFFSET  7.6413 -2.3349 -6.7930
X  0.8288 -0.5596 -0.0009
Y  0.5392  0.7990 -0.2664
Z  0.1498  0.2203  0.9639

PART 62
OFFSET  6.4308 -1.5176 -6.7917
X  0.8851  0.3871 -0.2584
Y -0.4386  0.8795 -0.1846
Z  0.1558  0.2767  0.9482

PART 63
OFFSET  5.4270 -1.9574 -6.5059
X -0.4085 -0.8763  0.2554
Y -0.8912  0.4434  0.0957
Z -0.1971 -0.1885 -0.9621

PART 64
OFFSET  8.2566 -2.6698 -4.5431
X  1.0000 -0.0000  0.0000
Y  0.0000  1.0000  0.0000
Z  0.0000 -0.0000  1.0000

PART 65
OFFSET  8.2566 -2.6698 -4.5431
X  1.0000 -0.0000  0.0000
Y  0.0000  1.0000  0.0000
Z  0.0000 -0.0000  1.0000

PART 66
OFFSET  13.5652 -2.9515 -2.1855
X  0.9998 -0.0000  0.0204
Y  0.0000  1.0000 -0.0000
Z -0.0204  0.0000  0.9998

PART 67
OFFSET  12.4681 -2.6548 -4.2640
X  1.0000 -0.0000  0.0000
Y  0.0000  1.0000  0.0000
Z  0.0000 -0.0000  1.0000

PART 68
OFFSET  11.9413 -2.6698 -2.9306
X  1.0000 -0.0000  0.0000
Y  0.0000  1.0000  0.0000
Z  0.0000 -0.0000  1.0000

PART 69
OFFSET  10.6572 -2.6698 -5.5905
X  0.5074 -0.0000  0.8617
Y  0.0000  1.0000 -0.0000
Z -0.8617  0.0000  0.5074

PART 70
OFFSET  14.2297 -3.5065 -2.1284
X  0.0000 -0.8192  0.5736
Y  1.0000  0.0000  0.0000
Z -0.0000  0.5736  0.8192

PART 71
OFFSET  33.6623 -2.6540 -3.1888
X  1.0000 -0.0000  0.0000
Y  0.0000  1.0000  0.0000
Z  0.0000 -0.0000  1.0000

PART 72
OFFSET  11.3294 -2.6698 -1.7191
X  1.0000 -0.0000  0.0000
Y  0.0000  1.0000  0.0000
Z  0.0000 -0.0000  1.0000

PART 73
OFFSET  19.0325 -2.6599 -3.8141
X  1.0000 -0.0000  0.0000
Y  0.0000  1.0000  0.0000
Z  0.0000 -0.0000  1.0000

PART 74
OFFSET  9.0027 -2.5890 -1.5406
X  1.0000 -0.0000  0.0000
Y  0.0000  1.0000  0.0000
Z  0.0000 -0.0000  1.0000

PART 75
OFFSET  10.6281 -2.6545 -2.1059
X  1.0000 -0.0000  0.0000
Y  0.0000  1.0000  0.0000
Z  0.0000 -0.0000  1.0000

PART 76
OFFSET  20.0197 -2.6705 -6.6239
X  1.0000 -0.0000  0.0000
Y  0.0000  1.0000  0.0000
Z  0.0000 -0.0000  1.0000

PART 77
OFFSET  25.2012 -3.0070 -4.8580
X  0.9347  0.2915 -0.2035
Y -0.0563 -0.4437 -0.8944
Z -0.3510  0.8475 -0.3983

PART 78
OFFSET  25.8742 -2.6555 -5.7976
X  1.0000 -0.0000  0.0000
Y  0.0000  1.0000  0.0000
Z  0.0000 -0.0000  1.0000

PART 79
OFFSET  30.1416 -2.6705 -8.6803
X  0.0000 -1.0000 -0.0000
Y  1.0000  0.0000 -0.0000
Z  0.0000 -0.0000  1.0000

PART 80
OFFSET  9.2928 -2.6526 -1.3157
X  1.0000 -0.0000  0.0000
Y  0.0000  1.0000  0.0000
Z  0.0000 -0.0000  1.0000

PART 81
OFFSET  25.1274 -2.6698 -5.8029
X  1.0000 -0.0000  0.0000
Y  0.0000  1.0000  0.0000
Z  0.0000 -0.0000  1.0000

PART 82
OFFSET  18.0519 -2.6698 -5.8029
X  1.0000 -0.0000  0.0000
Y  0.0000  1.0000  0.0000
Z  0.0000 -0.0000  1.0000

PART 83
OFFSET  33.6550 -2.6698 -3.1724
X  0.0000 -1.0000 -0.0000
Y  1.0000  0.0000  0.0000
Z -0.0000 -0.0000  1.0000

PART 84
OFFSET  10.6807 -2.6662 -0.4123
X  1.0000 -0.0000  0.0000
Y  0.0000  1.0000  0.0000
Z  0.0000 -0.0000  1.0000

PART 85
OFFSET  0.0000 -0.0000 -0.0000
X  1.0000 -0.0000  0.0000
Y  0.0000  1.0000  0.0000
Z  0.0000 -0.0000  1.0000

PART 86
OFFSET  0.0000 -0.0000 -0.0000
X  1.0000 -0.0000  0.0000
Y  0.0000  1.0000  0.0000
Z  0.0000 -0.0000  1.0000

PART 87
OFFSET  1.5404 -0.0000  4.1357
X  1.0000 -0.0000  0.0000
Y  0.0000  1.0000  0.0000
Z  0.0000 -0.0000  1.0000

PART 88
OFFSET  0.0000 -0.0000  0.0000
X  1.0000 -0.0000  0.0000
Y  0.0000  1.0000  0.0000
Z  0.0000 -0.0000  1.0000


FRAME 438
PART 0
OFFSET -4.6318 -0.0000 -1.3770
X  1.0000 -0.0000  0.0000
Y  0.0000  1.0000  0.0000
Z  0.0000 -0.0000  1.0000

PART 1
OFFSET -0.9407  6.3408 -7.3673
X  0.8772 -0.2355 -0.4185
Y -0.1351 -0.9573  0.2554
Z -0.4608 -0.1675 -0.8716

PART 2
OFFSET  9.6677  3.4932 -12.4286
X  0.8636 -0.4069  0.2978
Y -0.3620 -0.0893  0.9279
Z -0.3510 -0.9091 -0.2244

PART 3
OFFSET  17.0127  0.0323 -9.8960
X  0.8636 -0.4069  0.2978
Y  0.2526  0.8602  0.4430
Z -0.4364 -0.3074  0.8456

PART 4
OFFSET  18.9113  1.7490 -9.9579
X  0.8667 -0.4038  0.2929
Y  0.3537  0.9114  0.2102
Z -0.3518 -0.0786  0.9328

PART 5
OFFSET  18.1045 -0.9209 -10.9592
X  0.8667 -0.4038  0.2929
Y  0.3537  0.9114  0.2102
Z -0.3518 -0.0786  0.9328

PART 6
OFFSET  18.3812  1.3055 -7.2516
X  0.8667 -0.4038  0.2929
Y  0.3537  0.9114  0.2102
Z -0.3518 -0.0786  0.9328

PART 7
OFFSET  17.7427 -1.2640 -7.4995
X  0.8667 -0.4038  0.2929
Y  0.3537  0.9114  0.2102
Z -0.3518 -0.0786  0.9328

PART 8
OFFSET  17.5202 -1.7295 -8.9437
X  0.8667 -0.4038  0.2929
Y  0.3537  0.9114  0.2102
Z -0.3518 -0.0786  0.9328

PART 9
OFFSET  19.6602 -1.2151 -8.9831
X  0.8728 -0.3561  0.3337
Y  0.2085  0.8903  0.4048
Z -0.4412 -0.2837  0.8514

PART 10
OFFSET  20.0728 -0.6325 -8.0928
X  0.4583 -0.1847  0.8694
Y  0.0702  0.9826  0.1718
Z -0.8860 -0.0177  0.4633

PART 11
OFFSET  21.0195 -0.9340 -6.1738
X  0.6755 -0.3271  0.6608
Y -0.0637  0.8670  0.4943
Z -0.7346 -0.3760  0.5648

PART 12
OFFSET  22.0316 -1.5559 -5.0733
X  0.4588 -0.4305  0.7773
Y  0.0463  0.8852  0.4629
Z -0.8874 -0.1764  0.4260

PART 13
OFFSET  22.4878 -2.0144 -4.2053
X  0.9182 -0.0220  0.3955
Y  0.3953  0.1176 -0.9110
Z -0.0265  0.9928  0.1167

PART 14
OFFSET  20.0864 -2.5271 -8.9620
X  0.5928 -0.7598  0.2671
Y -0.5817 -0.1746  0.7944
Z -0.5569 -0.6263 -0.5455

PART 15
OFFSET  21.4281 -4.1644 -8.1851
X  0.1624 -0.6077  0.7774
Y -0.6202  0.5499  0.5594
Z -0.7674 -0.5730 -0.2876

PART 16
OFFSET  21.6581 -5.0248 -7.0845
X -0.0661 -0.3215  0.9446
Y -0.6663  0.7189  0.1980
Z -0.7427 -0.6163 -0.2618

PART 17
OFFSET  21.5994 -5.3098 -6.2470
X -0.1302 -0.2544  0.9583
Y -0.6057  0.7856  0.1263
Z -0.7849 -0.5640 -0.2564

PART 18
OFFSET  21.4757 -5.5515 -5.3366
X  0.5934 -0.2170 -0.7751
Y -0.4727  0.6855 -0.5538
Z  0.6515  0.6950  0.3042

PART 19
OFFSET  20.4785 -1.9741 -8.7385
X  0.7640 -0.6140  0.1984
Y -0.4677 -0.3152  0.8258
Z -0.4445 -0.7237 -0.5280

PART 20
OFFSET  22.3198 -3.6761 -8.0521
X  0.0255 -0.7066  0.7071
Y -0.6354  0.5346  0.5572
Z -0.7718 -0.4635 -0.4353

PART 21
OFFSET  22.3633 -4.8791 -6.8482
X -0.0432 -0.6140  0.7881
Y -0.6431  0.6207  0.4484
Z -0.7645 -0.4875 -0.4217

PART 22
OFFSET  22.3034 -5.7301 -5.7559
X -0.1036 -0.5607  0.8215
Y -0.6358  0.6725  0.3788
Z -0.7649 -0.4830 -0.4262

PART 23
OFFSET  22.1910 -6.3382 -4.8650
X  0.4105  0.0515 -0.9104
Y -0.4280  0.8925 -0.1425
Z  0.8052  0.4482  0.3884

PART 24
OFFSET  22.4454 -1.0511 -6.8553
X  0.6582 -0.5861  0.4724
Y  0.6836  0.2025 -0.7012
Z  0.3153  0.7845  0.5340

PART 25
OFFSET  23.3825 -1.8256 -7.6940
X  0.2629 -0.7698  0.5816
Y -0.6988  0.2638  0.6649
Z -0.6653 -0.5812 -0.4686

PART 26
OFFSET  23.8453 -3.1810 -6.6699
X -0.2608 -0.5099  0.8197
Y -0.7436  0.6476  0.1662
Z -0.6156 -0.5662 -0.5481

PART 27
OFFSET  23.5656 -3.7664 -5.6401
X -0.3367 -0.2880  0.8965
Y -0.6744  0.7382 -0.0161
Z -0.6572 -0.6100 -0.4428

PART 28
OFFSET  23.1853 -4.0918 -4.6275
X  0.5335 -0.7442 -0.4019
Y  0.2043  0.5745 -0.7926
Z  0.8207  0.3408  0.4586

PART 29
OFFSET  22.9841 -2.8044 -8.0159
X  0.2869 -0.7514  0.5943
Y -0.6662  0.2892  0.6874
Z -0.6883 -0.5931 -0.4176

PART 30
OFFSET  23.5446 -4.2722 -6.8550
X  0.1405 -0.7094  0.6907
Y -0.6846  0.4344  0.5854
Z -0.7153 -0.5550 -0.4246

PART 31
OFFSET  23.7499 -5.3084 -5.8462
X -0.0851 -0.5475  0.8325
Y -0.6570  0.6590  0.3662
Z -0.7490 -0.5158 -0.4158

PART 32
OFFSET  23.6486 -5.9326 -4.9066
X  0.5328  0.0319 -0.8456
Y -0.5026  0.8159 -0.2859
Z  0.6808  0.5773  0.4507

PART 33
OFFSET  21.2418 -3.0926 -6.9990
X -0.5049 -0.7059 -0.4969
Y  0.4412  0.2837 -0.8514
Z  0.7419 -0.6491  0.1682

PART 34
OFFSET -7.2604 -4.8127 -5.4071
X -0.4435  0.7134  0.5425
Y -0.3272 -0.6924  0.6431
Z  0.8344  0.1077  0.5405

PART 35
OFFSET -1.8962 -13.4411 -11.9675
X -0.4416 -0.7846 -0.4353
Y  0.8856 -0.3034 -0.3516
Z  0.1438 -0.5407  0.8288

PART 36
OFFSET  1.8597 -6.7680 -8.2654
X -0.4416 -0.7846 -0.4353
Y  0.7959 -0.1185 -0.5938
Z  0.4143 -0.6086  0.6767

PART 37
OFFSET  1.7176 -4.7882 -8.3852
X -0.4472 -0.7811 -0.4357
Y -0.1555  0.5476 -0.8222
Z  0.8808 -0.2999 -0.3664

PART 38
OFFSET  1.1689 -4.5837 -7.3159
X -0.4472 -0.7811 -0.4357
Y -0.1555  0.5476 -0.8222
Z  0.8808 -0.2999 -0.3664

PART 39
OFFSET  1.5322 -5.2774 -6.2069
X -0.4472 -0.7811 -0.4357
Y -0.1555  0.5476 -0.8222
Z  0.8808 -0.2999 -0.3664

PART 40
OFFSET  3.2134 -4.3627 -6.9310
X -0.9601 -0.1106 -0.2569
Y  0.2723 -0.1599 -0.9488
Z  0.0639 -0.9809  0.1836

PART 41
OFFSET  3.3562 -3.7559 -5.9752
X -0.5203 -0.6510 -0.5527
Y  0.5766  0.2096 -0.7897
Z  0.6299 -0.7296  0.2663

PART 42
OFFSET  4.3864 -2.3314 -4.7187
X -0.9093 -0.3319  0.2512
Y -0.0806 -0.4517 -0.8885
Z  0.4083 -0.8282  0.3839

PART 43
OFFSET  5.8038 -1.7299 -5.2200
X -0.5267 -0.0300  0.8495
Y -0.6752 -0.5924 -0.4395
Z  0.5164 -0.8051  0.2918

PART 44
OFFSET  6.3612 -1.6506 -6.1446
X -0.8597  0.3729  0.3491
Y  0.1139  0.8061 -0.5807
Z -0.4979 -0.4594 -0.7355

PART 45
OFFSET  4.3045 -4.2421 -7.7667
X -0.9384 -0.2538  0.2343
Y  0.2993 -0.9361  0.1846
Z  0.1725  0.2433  0.9545

PART 46
OFFSET  6.4015 -3.5215 -8.1767
X -0.1312 -0.9904  0.0431
Y  0.9410 -0.1381 -0.3090
Z  0.3119  0.0001  0.9501

PART 47
OFFSET  6.5873 -2.1194 -8.2378
X  0.7530 -0.6084 -0.2509
Y  0.5947  0.7923 -0.1365
Z  0.2818 -0.0464  0.9583

PART 48
OFFSET  5.9197 -1.5799 -8.0154
X  0.9091  0.2846 -0.3043
Y -0.2738  0.9586  0.0785
Z  0.3140  0.0120  0.9493

PART 49
OFFSET  5.0560 -1.8503 -7.7264
X -0.5688 -0.8212  0.0462
Y -0.7520  0.5420  0.3750
Z -0.3330  0.1786 -0.9259

PART 50
OFFSET  4.3436 -4.2485 -7.0540
X -0.9746 -0.2202  0.0413
Y  0.2238 -0.9494  0.2202
Z -0.0092  0.2238  0.9746

PART 51
OFFSET  6.8793 -3.7312 -7.3011
X -0.1562 -0.9749  0.1586
Y  0.9330 -0.1983 -0.3002
Z  0.3242  0.1011  0.9406

PART 52
OFFSET  7.1451 -2.0715 -7.5712
X  0.8684 -0.4274 -0.2514
Y  0.3854  0.9008 -0.2001
Z  0.3120  0.0769  0.9470

PART 53
OFFSET  5.9417 -1.4791 -7.2227
X  0.8392  0.4478 -0.3085
Y -0.4492  0.8906  0.0708
Z  0.3065  0.0791  0.9486

PART 54
OFFSET  5.0315 -1.9648 -6.8882
X -0.4159 -0.8718  0.2590
Y -0.8618  0.4688  0.1940
Z -0.2905 -0.1425 -0.9462

PART 55
OFFSET -0.9785 -5.2138 -7.0996
X -0.9382 -0.3459 -0.0072
Y -0.3294  0.8994 -0.2873
Z  0.1059 -0.2672 -0.9578

PART 56
OFFSET  6.7727 -4.1756 -5.1460
X -0.9883  0.0142 -0.1516
Y -0.0263 -0.9966  0.0781
Z -0.1499  0.0812  0.9854

PART 57
OFFSET  8.5128 -4.2006 -4.8792
X -0.3892 -0.9185  0.0691
Y  0.9098 -0.3716  0.1846
Z -0.1438  0.1347  0.9804

PART 58
OFFSET  8.9772 -3.0758 -4.9038
X  0.0242 -0.9974  0.0672
Y  0.9881  0.0341  0.1502
Z -0.1521  0.0628  0.9864

PART 59
OFFSET  8.9499 -1.9491 -4.9797
X -0.9426  0.3116  0.1199
Y  0.2929  0.9442 -0.1505
Z -0.1601 -0.1067 -0.9813

PART 60
OFFSET  6.9542 -4.1849 -6.2357
X -0.2849 -0.9390  0.1929
Y  0.9488 -0.3048 -0.0824
Z  0.1362  0.1595  0.9778

PART 61
OFFSET  7.5107 -2.3506 -6.6125
X  0.8141 -0.5802 -0.0231
Y  0.5572  0.7917 -0.2504
Z  0.1636  0.1910  0.9679

PART 62
OFFSET  6.3217 -1.5030 -6.5789
X  0.8925  0.3712 -0.2563
Y -0.4174  0.8949 -0.1576
Z  0.1709  0.2477  0.9536

PART 63
OFFSET  5.3094 -1.9246 -6.2954
X -0.4286 -0.8720  0.2363
Y -0.8787  0.4632  0.1154
Z -0.2100 -0.1582 -0.9648

PART 64
OFFSET  8.1470 -2.7589 -4.3747
X  0.9996 -0.0254 -0.0091
Y  0.0257  0.9993  0.0264
Z  0.0084 -0.0267  0.9996

PART 65
OFFSET  8.1470 -2.7589 -4.3747
X  0.9996 -0.0254 -0.0091
Y  0.0257  0.9993  0.0264
Z  0.0084 -0.0267  0.9996

PART 66
OFFSET  13.4664 -3.2383 -2.0739
X  0.9996 -0.0260  0.0113
Y  0.0257  0.9993  0.0264
Z -0.0120 -0.0261  0.9996

PART 67
OFFSET  12.3598 -2.8585 -4.1339
X  0.9996 -0.0254 -0.0091
Y  0.0257  0.9993  0.0264
Z  0.0084 -0.0267  0.9996

PART 68
OFFSET  11.8440 -2.8956 -2.7966
X  0.9996 -0.0254 -0.0091
Y  0.0257  0.9993  0.0264
Z  0.0084 -0.0267  0.9996

PART 69
OFFSET  10.5379 -2.7920 -5.4437
X  0.5145 -0.0359  0.8567
Y  0.0257  0.9993  0.0264
Z -0.8571  0.0084  0.5151

PART 70
OFFSET  14.1169 -3.8114 -2.0377
X -0.0162 -0.8339  0.5517
Y  0.9996 -0.0254 -0.0091
Z  0.0216  0.5513  0.8340

PART 71
OFFSET  33.5553 -3.4256 -3.2527
X  0.9996 -0.0254 -0.0091
Y  0.0257  0.9993  0.0264
Z  0.0084 -0.0267  0.9996

PART 72
OFFSET  11.2426 -2.9124 -1.5798
X  0.9996 -0.0254 -0.0091
Y  0.0257  0.9993  0.0264
Z  0.0084 -0.0267  0.9996

PART 73
OFFSET  18.9254 -3.0427 -3.7441
X  0.9996 -0.0254 -0.0091
Y  0.0257  0.9993  0.0264
Z  0.0084 -0.0267  0.9996

PART 74
OFFSET  8.9203 -2.7772 -1.3781
X  0.9996 -0.0254 -0.0091
Y  0.0257  0.9993  0.0264
Z  0.0084 -0.0267  0.9996

PART 75
OFFSET  10.5387 -2.8690 -1.9597
X  0.9996 -0.0254 -0.0091
Y  0.0257  0.9993  0.0264
Z  0.0084 -0.0267  0.9996

PART 76
OFFSET  19.8883 -3.0035 -6.5621
X  0.9996 -0.0254 -0.0091
Y  0.0257  0.9993  0.0264
Z  0.0084 -0.0267  0.9996

PART 77
OFFSET  25.0742 -3.5187 -4.8531
X  0.9401  0.2730 -0.2042
Y -0.0752 -0.4181 -0.9053
Z -0.3325  0.8664 -0.3725

PART 78
OFFSET  25.7480 -3.1595 -5.7891
X  0.9996 -0.0254 -0.0091
Y  0.0257  0.9993  0.0264
Z  0.0084 -0.0267  0.9996

PART 79
OFFSET  29.9891 -3.2063 -8.7100
X -0.0257 -0.9993 -0.0264
Y  0.9996 -0.0254 -0.0091
Z  0.0084 -0.0267  0.9996

PART 80
OFFSET  9.2106 -2.8541 -1.1576
X  0.9996 -0.0254 -0.0091
Y  0.0257  0.9993  0.0264
Z  0.0084 -0.0267  0.9996

PART 81
OFFSET  25.0011 -3.1547 -5.7880
X  0.9996 -0.0254 -0.0091
Y  0.0257  0.9993  0.0264
Z  0.0084 -0.0267  0.9996

PART 82
OFFSET  17.9282 -2.9746 -5.7234
X  0.9996 -0.0254 -0.0091
Y  0.0257  0.9993  0.0264
Z  0.0084 -0.0267  0.9996

PART 83
OFFSET  33.5478 -3.4418 -3.2363
X -0.0257 -0.9993 -0.0264
Y  0.9996 -0.0254 -0.0091
Z  0.0084 -0.0267  0.9996

PART 84
OFFSET  10.6053 -2.9272 -0.2676
X  0.9996 -0.0254 -0.0091
Y  0.0257  0.9993  0.0264
Z  0.0084 -0.0267  0.9996

PART 85
OFFSET  0.0000 -0.0000 -0.0000
X  1.0000 -0.0000  0.0000
Y  0.0000  1.0000  0.0000
Z  0.0000 -0.0000  1.0000

PART 86
OFFSET  0.0000 -0.0000 -0.0000
X  1.0000 -0.0000  0.0000
Y  0.0000  1.0000  0.0000
Z  0.0000 -0.0000  1.0000

PART 87
OFFSET  1.5404 -0.0000  4.1357
X  1.0000 -0.0000  0.0000
Y  0.0000  1.0000  0.0000
Z  0.0000 -0.0000  1.0000

PART 88
OFFSET  0.0000 -0.0000  0.0000
X  1.0000 -0.0000  0.0000
Y  0.0000  1.0000  0.0000
Z  0.0000 -0.0000  1.0000


FRAME 439
PART 0
OFFSET -4.6318 -0.0000 -1.3770
X  1.0000 -0.0000  0.0000
Y  0.0000  1.0000  0.0000
Z  0.0000 -0.0000  1.0000

PART 1
OFFSET -0.9407  6.3408 -7.3673
X  0.8229 -0.1633 -0.5442
Y -0.0638 -0.9783  0.1970
Z -0.5646 -0.1274 -0.8155

PART 2
OFFSET  9.0116  4.3663 -13.9488
X  0.8018 -0.4188  0.4263
Y -0.4896 -0.0513  0.8704
Z -0.3427 -0.9066 -0.2462

PART 3
OFFSET  15.8311  0.8041 -10.3229
X  0.8018 -0.4188  0.4263
Y -0.1522  0.5467  0.8234
Z -0.5779 -0.7251  0.3745

PART 4
OFFSET  17.7691  2.4732 -10.1632
X  0.8056 -0.4160  0.4218
Y  0.3474  0.9085  0.2324
Z -0.4799 -0.0407  0.8764

PART 5
OFFSET  17.0332 -0.2080 -11.1995
X  0.8056 -0.4160  0.4218
Y  0.3474  0.9085  0.2324
Z -0.4799 -0.0407  0.8764

PART 6
OFFSET  16.8554  2.1260 -7.5542
X  0.8056 -0.4160  0.4218
Y  0.3474  0.9085  0.2324
Z -0.4799 -0.0407  0.8764

PART 7
OFFSET  16.1835 -0.4389 -7.8169
X  0.8056 -0.4160  0.4218
Y  0.3474  0.9085  0.2324
Z -0.4799 -0.0407  0.8764

PART 8
OFFSET  16.1446 -0.9441 -9.2550
X  0.8056 -0.4160  0.4218
Y  0.3474  0.9085  0.2324
Z -0.4799 -0.0407  0.8764

PART 9
OFFSET  18.2891 -0.4799 -9.0160
X  0.9462 -0.1249  0.2986
Y -0.1744  0.5804  0.7955
Z -0.2726 -0.8047  0.5273

PART 10
OFFSET  18.4345 -0.3064 -7.8975
X  0.5036 -0.3894  0.7712
Y -0.3397  0.7315  0.5912
Z -0.7943 -0.5597  0.2361

PART 11
OFFSET  19.4431 -1.1049 -6.1612
X  0.7601 -0.3277  0.5612
Y -0.4061  0.4346  0.8039
Z -0.5073 -0.8389  0.1973

PART 12
OFFSET  20.6376 -1.7538 -5.2811
X  0.5715 -0.4913  0.6572
Y -0.3737  0.5572  0.7415
Z -0.7306 -0.6694  0.1349

PART 13
OFFSET  21.2159 -2.3063 -4.5516
X  0.8142  0.1821  0.5513
Y  0.3367  0.6254 -0.7039
Z -0.4730  0.7587  0.4479

PART 14
OFFSET  19.2214 -1.3697 -9.5085
X  0.8580 -0.5136  0.0037
Y -0.4465 -0.7422  0.4999
Z -0.2540 -0.4306 -0.8661

PART 15
OFFSET  21.1315 -2.5520 -9.3127
X  0.6453 -0.7441  0.1730
Y -0.6475 -0.4126  0.6408
Z -0.4054 -0.5255 -0.7480

PART 16
OFFSET  22.0451 -3.6054 -9.0678
X  0.2506 -0.8337  0.4921
Y -0.9002 -0.0136  0.4353
Z -0.3562 -0.5520 -0.7539

PART 17
OFFSET  22.2673 -4.3446 -8.6315
X  0.2468 -0.8386  0.4856
Y -0.8744  0.0233  0.4846
Z -0.4178 -0.5442 -0.7276

PART 18
OFFSET  22.5017 -5.1414 -8.1702
X  0.4206  0.7055 -0.5704
Y -0.8717  0.4885 -0.0385
Z  0.2515  0.5134  0.8204

PART 19
OFFSET  19.3517 -0.8991 -8.9878
X  0.9524 -0.3019  0.0430
Y -0.2841 -0.8267  0.4857
Z -0.1111 -0.4748 -0.8731

PART 20
OFFSET  21.7566 -1.8756 -8.8422
X  0.6408 -0.7620  0.0928
Y -0.6542 -0.4789  0.5853
Z -0.4016 -0.4359 -0.8055

PART 21
OFFSET  22.8476 -3.1730 -8.6841
X  0.4241 -0.8604  0.2825
Y -0.8231 -0.2362  0.5165
Z -0.3777 -0.4516 -0.8083

PART 22
OFFSET  23.4355 -4.3655 -8.2927
X  0.3670 -0.8768  0.3107
Y -0.8485 -0.1787  0.4981
Z -0.3812 -0.4464 -0.8096

PART 23
OFFSET  23.8335 -5.3164 -7.9558
X  0.1652  0.7985 -0.5789
Y -0.8884  0.3754  0.2643
Z  0.4284  0.4706  0.7714

PART 24
OFFSET  20.7827 -0.3747 -6.5497
X  0.8482 -0.4535  0.2737
Y  0.5288  0.7557 -0.3864
Z -0.0316  0.4724  0.8808

PART 25
OFFSET  21.9457 -0.2298 -7.4485
X  0.7769 -0.6122  0.1470
Y -0.5756 -0.5961  0.5597
Z -0.2550 -0.5195 -0.8155

PART 26
OFFSET  23.3136 -1.3076 -7.1897
X  0.4871 -0.8263  0.2829
Y -0.8363 -0.3478  0.4239
Z -0.2519 -0.4430 -0.8604

PART 27
OFFSET  23.9210 -2.2852 -6.7935
X  0.3613 -0.8143  0.4543
Y -0.9088 -0.1986  0.3670
Z -0.2086 -0.5455 -0.8118

PART 28
OFFSET  24.3292 -3.2050 -6.2803
X  0.6441  0.2909 -0.7075
Y -0.5853  0.7829 -0.2109
Z  0.4925  0.5499  0.6745

PART 29
OFFSET  21.9851 -0.9904 -8.2487
X  0.7742 -0.6293  0.0677
Y -0.5316 -0.5884  0.6092
Z -0.3435 -0.5077 -0.7901

PART 30
OFFSET  23.4976 -2.2198 -8.1164
X  0.6025 -0.7744  0.1931
Y -0.6976 -0.3935  0.5988
Z -0.3877 -0.4954 -0.7773

PART 31
OFFSET  24.3776 -3.3510 -7.8344
X  0.4834 -0.8342  0.2655
Y -0.7598 -0.2492  0.6006
Z -0.4348 -0.4920 -0.7542

PART 32
OFFSET  24.9225 -4.2991 -7.5395
X  0.1424  0.8302 -0.5389
Y -0.9225  0.3086  0.2317
Z  0.3587  0.4642  0.8099

PART 33
OFFSET  20.5328 -2.3575 -7.8314
X -0.1730 -0.4982 -0.8496
Y  0.2728  0.8047 -0.5274
Z  0.9464 -0.3230 -0.0033

PART 34
OFFSET -7.2604 -4.8127 -5.4071
X -0.4490  0.7136  0.5377
Y -0.3376 -0.6926  0.6374
Z  0.8273  0.1046  0.5519

PART 35
OFFSET -1.8305 -13.4435 -11.9101
X -0.4038 -0.7936 -0.4551
Y  0.9054 -0.2753 -0.3232
Z  0.1313 -0.5426  0.8297

PART 36
OFFSET  1.6036 -6.6933 -8.0391
X -0.4038 -0.7936 -0.4551
Y  0.8372 -0.1198 -0.5337
Z  0.3690 -0.5965  0.7128

PART 37
OFFSET  1.3993 -4.7220 -8.1349
X -0.4095 -0.7904 -0.4557
Y -0.1434  0.5490 -0.8234
Z  0.9010 -0.2718 -0.3381

PART 38
OFFSET  0.8004 -4.5303 -7.0950
X -0.4095 -0.7904 -0.4557
Y -0.1434  0.5490 -0.8234
Z  0.9010 -0.2718 -0.3381

PART 39
OFFSET  1.1517 -5.2150 -5.9953
X -0.4095 -0.7904 -0.4557
Y -0.1434  0.5490 -0.8234
Z  0.9010 -0.2718 -0.3381

PART 40
OFFSET  2.8413 -4.2602 -6.6439
X -0.9688 -0.0461 -0.2436
Y  0.2475 -0.1220 -0.9612
Z  0.0146 -0.9915  0.1296

PART 41
OFFSET  3.0321 -3.7146 -5.6600
X -0.5634 -0.5919 -0.5764
Y  0.5737  0.2218 -0.7885
Z  0.5945 -0.7749  0.2146

PART 42
OFFSET  4.1576 -2.4164 -4.3495
X -0.9213 -0.2970  0.2508
Y -0.1194 -0.3978 -0.9097
Z  0.3700 -0.8680  0.3311

PART 43
OFFSET  5.5964 -1.8634 -4.8456
X -0.5133 -0.0485  0.8568
Y -0.7130 -0.5315 -0.4573
Z  0.4776 -0.8457  0.2382

PART 44
OFFSET  6.1418 -1.7632 -5.7753
X -0.8327  0.3978  0.3852
Y  0.1470  0.8295 -0.5389
Z -0.5339 -0.3921 -0.7491

PART 45
OFFSET  3.9231 -4.1516 -7.4931
X -0.9466 -0.2168  0.2387
Y  0.2520 -0.9592  0.1284
Z  0.2011  0.1817  0.9626

PART 46
OFFSET  6.0483 -3.5205 -7.9049
X -0.1830 -0.9831 -0.0073
Y  0.9270 -0.1701 -0.3342
Z  0.3273 -0.0679  0.9425

PART 47
OFFSET  6.3076 -2.1287 -7.8946
X  0.7152 -0.6324 -0.2977
Y  0.6337  0.7664 -0.1056
Z  0.2949 -0.1131  0.9488

PART 48
OFFSET  5.6735 -1.5680 -7.6307
X  0.9177  0.2528 -0.3063
Y -0.2210  0.9659  0.1349
Z  0.3300 -0.0561  0.9423

PART 49
OFFSET  4.8016 -1.8082 -7.3397
X -0.6109 -0.7916  0.0133
Y -0.7157  0.5594  0.4181
Z -0.3384  0.2459 -0.9083

PART 50
OFFSET  3.9737 -4.1987 -6.7826
X -0.9841 -0.1708  0.0486
Y  0.1766 -0.9704  0.1647
Z  0.0190  0.1707  0.9851

PART 51
OFFSET  6.5289 -3.8021 -7.0512
X -0.2052 -0.9726  0.1093
Y  0.9160 -0.2302 -0.3286
Z  0.3448  0.0327  0.9381

PART 52
OFFSET  6.8782 -2.1463 -7.2374
X  0.8401 -0.4579 -0.2908
Y  0.4294  0.8889 -0.1592
Z  0.3314  0.0088  0.9434

PART 53
OFFSET  5.7140 -1.5116 -6.8344
X  0.8566  0.4194 -0.3005
Y -0.3999  0.9077  0.1271
Z  0.3260  0.0113  0.9453

PART 54
OFFSET  4.7849 -1.9665 -6.5085
X -0.4574 -0.8616  0.2201
Y -0.8322  0.5019  0.2356
Z -0.3135 -0.0754 -0.9466

PART 55
OFFSET -1.3922 -4.8805 -6.7758
X -0.9553 -0.2955 -0.0073
Y -0.2858  0.9297 -0.2323
Z  0.0755 -0.2198 -0.9726

PART 56
OFFSET  6.4347 -4.3569 -4.9213
X -0.9886  0.0741 -0.1312
Y -0.0780 -0.9966  0.0252
Z -0.1289  0.0352  0.9910

PART 57
OFFSET  8.1752 -4.4873 -4.6903
X -0.4364 -0.8993  0.0275
Y  0.8917 -0.4282  0.1466
Z -0.1201  0.0885  0.9888

PART 58
OFFSET  8.6985 -3.3887 -4.6638
X -0.0278 -0.9995  0.0134
Y  0.9908 -0.0258  0.1325
Z -0.1321  0.0169  0.9911

PART 59
OFFSET  8.7299 -2.2597 -4.6789
X -0.9226  0.3535  0.1548
Y  0.3403  0.9344 -0.1055
Z -0.1820 -0.0447 -0.9823

PART 60
OFFSET  6.5973 -4.3164 -6.0133
X -0.3312 -0.9319  0.1479
Y  0.9298 -0.3491 -0.1171
Z  0.1608  0.0988  0.9820

PART 61
OFFSET  7.2443 -2.4959 -6.3023
X  0.7816 -0.6199 -0.0700
Y  0.5943  0.7740 -0.2186
Z  0.1897  0.1293  0.9733

PART 62
OFFSET  6.1028 -1.5904 -6.2002
X  0.9066  0.3374 -0.2535
Y -0.3717  0.9228 -0.1014
Z  0.1998  0.1862  0.9620

PART 63
OFFSET  5.0744 -1.9732 -5.9199
X -0.4705 -0.8600  0.1977
Y -0.8507  0.5015  0.1571
Z -0.2343 -0.0942 -0.9676

PART 64
OFFSET  7.8753 -3.0594 -4.1079
X  0.9966 -0.0771 -0.0300
Y  0.0792  0.9938  0.0786
Z  0.0238 -0.0807  0.9965

PART 65
OFFSET  7.8753 -3.0594 -4.1079
X  0.9966 -0.0771 -0.0300
Y  0.0792  0.9938  0.0786
Z  0.0238 -0.0807  0.9965

PART 66
OFFSET  13.1995 -3.9386 -1.9400
X  0.9969 -0.0787 -0.0096
Y  0.0792  0.9938  0.0786
Z  0.0034 -0.0791  0.9969

PART 67
OFFSET  12.0803 -3.3915 -3.9551
X  0.9966 -0.0771 -0.0300
Y  0.0792  0.9938  0.0786
Z  0.0238 -0.0807  0.9965

PART 68
OFFSET  11.5858 -3.4733 -2.6117
X  0.9966 -0.0771 -0.0300
Y  0.0792  0.9938  0.0786
Z  0.0238 -0.0807  0.9965

PART 69
OFFSET  10.2427 -3.1597 -5.2237
X  0.5261 -0.1086  0.8434
Y  0.0792  0.9938  0.0786
Z -0.8467  0.0255  0.5315

PART 70
OFFSET  13.8192 -4.5459 -1.9469
X -0.0513 -0.8603  0.5072
Y  0.9966 -0.0771 -0.0300
Z  0.0649  0.5039  0.8613

PART 71
OFFSET  33.2275 -5.1101 -3.5200
X  0.9966 -0.0771 -0.0300
Y  0.0792  0.9938  0.0786
Z  0.0238 -0.0807  0.9965

PART 72
OFFSET  11.0048 -3.5240 -1.3861
X  0.9966 -0.0771 -0.0300
Y  0.0792  0.9938  0.0786
Z  0.0238 -0.0807  0.9965

PART 73
OFFSET  18.6324 -3.9388 -3.7040
X  0.9966 -0.0771 -0.0300
Y  0.0792  0.9938  0.0786
Z  0.0238 -0.0807  0.9965

PART 74
OFFSET  8.6967 -3.2788 -1.1321
X  0.9966 -0.0771 -0.0300
Y  0.0792  0.9938  0.0786
Z  0.0238 -0.0807  0.9965

PART 75
OFFSET  10.2979 -3.4236 -1.7493
X  0.9966 -0.0771 -0.0300
Y  0.0792  0.9938  0.0786
Z  0.0238 -0.0807  0.9965

PART 76
OFFSET  19.5487 -3.7987 -6.5344
X  0.9966 -0.0771 -0.0300
Y  0.0792  0.9938  0.0786
Z  0.0238 -0.0807  0.9965

PART 77
OFFSET  24.7277 -4.6748 -4.9567
X  0.9497  0.2341 -0.2079
Y -0.1125 -0.3644 -0.9244
Z -0.2922  0.9013 -0.3197

PART 78
OFFSET  25.4040 -4.3015 -5.8855
X  0.9966 -0.0771 -0.0300
Y  0.0792  0.9938  0.0786
Z  0.0238 -0.0807  0.9965

PART 79
OFFSET  29.5870 -4.4127 -8.8872
X -0.0792 -0.9938 -0.0786
Y  0.9966 -0.0771 -0.0300
Z  0.0238 -0.0807  0.9965

PART 80
OFFSET  8.9861 -3.3826 -0.9217
X  0.9966 -0.0771 -0.0300
Y  0.0792  0.9938  0.0786
Z  0.0238 -0.0807  0.9965

PART 81
OFFSET  24.6584 -4.2578 -5.8695
X  0.9966 -0.0771 -0.0300
Y  0.0792  0.9938  0.0786
Z  0.0238 -0.0807  0.9965

PART 82
OFFSET  17.6072 -3.7126 -5.6572
X  0.9966 -0.0771 -0.0300
Y  0.0792  0.9938  0.0786
Z  0.0238 -0.0807  0.9965

PART 83
OFFSET  33.2194 -5.1272 -3.5042
X -0.0792 -0.9938 -0.0786
Y  0.9966 -0.0771 -0.0300
Z  0.0238 -0.0807  0.9965

PART 84
OFFSET  10.3897 -3.5759 -0.0642
X  0.9966 -0.0771 -0.0300
Y  0.0792  0.9938  0.0786
Z  0.0238 -0.0807  0.9965

PART 85
OFFSET  0.0000 -0.0000 -0.0000
X  1.0000 -0.0000  0.0000
Y  0.0000  1.0000  0.0000
Z  0.0000 -0.0000  1.0000

PART 86
OFFSET  0.0000 -0.0000 -0.0000
X  1.0000 -0.0000  0.0000
Y  0.0000  1.0000  0.0000
Z  0.0000 -0.0000  1.0000

PART 87
OFFSET  1.5404 -0.0000  4.1357
X  1.0000 -0.0000  0.0000
Y  0.0000  1.0000  0.0000
Z  0.0000 -0.0000  1.0000

PART 88
OFFSET  0.0000 -0.0000  0.0000
X  1.0000 -0.0000  0.0000
Y  0.0000  1.0000  0.0000
Z  0.0000 -0.0000  1.0000


FRAME 440
PART 0
OFFSET -4.6318 -0.0000 -1.3770
X  1.0000 -0.0000  0.0000
Y  0.0000  1.0000  0.0000
Z  0.0000 -0.0000  1.0000

PART 1
OFFSET -0.9407  6.3408 -7.3673
X  0.7732  0.0107 -0.6341
Y  0.0543 -0.9973  0.0494
Z -0.6319 -0.0726 -0.7717

PART 2
OFFSET  8.4100  6.4701 -15.0361
X  0.6962 -0.4374  0.5692
Y -0.6629 -0.0875  0.7435
Z -0.2754 -0.8950 -0.3509

PART 3
OFFSET  14.3313  2.7500 -10.1946
X  0.6962 -0.4374  0.5692
Y -0.5906  0.1017  0.8005
Z -0.4080 -0.8935 -0.1875

PART 4
OFFSET  16.1778  4.4099 -9.5560
X  0.7009 -0.4344  0.5658
Y  0.2829  0.8974  0.3385
Z -0.6548 -0.0772  0.7519

PART 5
OFFSET  15.7010  1.7748 -10.8377
X  0.7009 -0.4344  0.5658
Y  0.2829  0.8974  0.3385
Z -0.6548 -0.0772  0.7519

PART 6
OFFSET  14.7337  3.9532 -7.2208
X  0.7009 -0.4344  0.5658
Y  0.2829  0.8974  0.3385
Z -0.6548 -0.0772  0.7519

PART 7
OFFSET  14.1532  1.4001 -7.7264
X  0.7009 -0.4344  0.5658
Y  0.2829  0.8974  0.3385
Z -0.6548 -0.0772  0.7519

PART 8
OFFSET  14.4217  0.9558 -9.1562
X  0.7009 -0.4344  0.5658
Y  0.2829  0.8974  0.3385
Z -0.6548 -0.0772  0.7519

PART 9
OFFSET  16.4656  1.4091 -8.4495
X  0.9306 -0.1367  0.3395
Y -0.3262  0.1105  0.9388
Z -0.1658 -0.9844  0.0583

PART 10
OFFSET  16.5013  1.0501 -7.3669
X  0.4875 -0.6614  0.5700
Y -0.4979  0.3256  0.8038
Z -0.7172 -0.6757 -0.1706

PART 11
OFFSET  17.4638 -0.3823 -6.0663
X  0.7677 -0.4835  0.4206
Y -0.5102 -0.0638  0.8577
Z -0.3879 -0.8730 -0.2956

PART 12
OFFSET  18.6901 -1.2568 -5.4715
X  0.5649 -0.6845  0.4608
Y -0.5330  0.1236  0.8370
Z -0.6299 -0.7185 -0.2950

PART 13
OFFSET  19.2631 -2.0277 -4.9724
X  0.7118 -0.0183  0.7021
Y  0.3117  0.9040 -0.2925
Z -0.6294  0.4271  0.6492

PART 14
OFFSET  17.5689  0.9762 -9.1557
X  0.9313 -0.3476 -0.1093
Y -0.3455 -0.9376  0.0380
Z -0.1157  0.0023 -0.9933

PART 15
OFFSET  19.6358  0.0799 -9.2519
X  0.8596 -0.4762 -0.1854
Y -0.4476 -0.8767  0.1765
Z -0.2466 -0.0687 -0.9667

PART 16
OFFSET  20.8528 -0.5943 -9.5144
X  0.4225 -0.9062 -0.0171
Y -0.8858 -0.4168  0.2038
Z -0.1918 -0.0710 -0.9789

PART 17
OFFSET  21.2274 -1.3978 -9.5296
X  0.4621 -0.8860 -0.0388
Y -0.8496 -0.4548  0.2672
Z -0.2543 -0.0905 -0.9629

PART 18
OFFSET  21.6664 -2.2395 -9.5664
X  0.2166  0.9763  0.0012
Y -0.9709  0.2153  0.1050
Z  0.1022 -0.0239  0.9945

PART 19
OFFSET  17.5800  1.1570 -8.4653
X  0.9848 -0.1700  0.0351
Y -0.1704 -0.9853  0.0100
Z  0.0329 -0.0159 -0.9993

PART 20
OFFSET  20.1100  0.5595 -8.4576
X  0.8978 -0.4130 -0.1528
Y -0.4022 -0.9104  0.0974
Z -0.1793 -0.0260 -0.9835

PART 21
OFFSET  21.6386 -0.1437 -8.7177
X  0.6182 -0.7827 -0.0719
Y -0.7714 -0.6217  0.1357
Z -0.1509 -0.0284 -0.9881

PART 22
OFFSET  22.4953 -1.2285 -8.8174
X  0.5477 -0.8341 -0.0659
Y -0.8221 -0.5511  0.1429
Z -0.1555 -0.0241 -0.9875

PART 23
OFFSET  23.0894 -2.1331 -8.8888
X  0.0132  0.9970 -0.0763
Y -0.9800  0.0280  0.1972
Z  0.1987  0.0721  0.9774

PART 24
OFFSET  18.7277  0.6357 -5.8812
X  0.8926 -0.4237  0.1540
Y  0.4162  0.9058  0.0796
Z -0.1732 -0.0069  0.9849

PART 25
OFFSET  19.9075  1.3257 -6.4403
X  0.9467 -0.3213  0.0254
Y -0.3221 -0.9410  0.1041
Z -0.0095 -0.1067 -0.9942

PART 26
OFFSET  21.5742  0.7601 -6.3956
X  0.8643 -0.5026 -0.0197
Y -0.5015 -0.8640  0.0452
Z -0.0397 -0.0292 -0.9988

PART 27
OFFSET  22.6273  0.1508 -6.3588
X  0.7781 -0.6187  0.1084
Y -0.6258 -0.7784  0.0496
Z  0.0537 -0.1064 -0.9929

PART 28
OFFSET  23.5062 -0.5480 -6.2363
X  0.3267  0.8742 -0.3593
Y -0.9295  0.3660  0.0452
Z  0.1710  0.3192  0.9321

PART 29
OFFSET  20.1324  1.0438 -7.4846
X  0.9389 -0.3194 -0.1279
Y -0.3013 -0.9428  0.1428
Z -0.1662 -0.0956 -0.9815

PART 30
OFFSET  21.9667  0.4198 -7.7344
X  0.7613 -0.6410 -0.0975
Y -0.6126 -0.7603  0.2158
Z -0.2124 -0.1045 -0.9716

PART 31
OFFSET  23.0786 -0.5165 -7.8768
X  0.7158 -0.6901 -0.1066
Y -0.6481 -0.7134  0.2667
Z -0.2601 -0.1218 -0.9579

PART 32
OFFSET  23.8879 -1.2985 -8.0045
X -0.1183  0.9926 -0.0274
Y -0.9734 -0.1105  0.2006
Z  0.1961  0.0504  0.9793

PART 33
OFFSET  18.9119 -0.5211 -7.9463
X -0.0255 -0.0548 -0.9982
Y  0.1657  0.9845 -0.0583
Z  0.9858 -0.1669 -0.0161

PART 34
OFFSET -7.2604 -4.8127 -5.4071
X -0.4504  0.7193  0.5289
Y -0.3648 -0.6890  0.6263
Z  0.8149  0.0892  0.5727

PART 35
OFFSET -1.8132 -13.5118 -11.8037
X -0.3389 -0.8041 -0.4883
Y  0.9353 -0.2320 -0.2672
Z  0.1015 -0.5473  0.8308

PART 36
OFFSET  1.0697 -6.6722 -7.6503
X -0.3389 -0.8041 -0.4883
Y  0.9147 -0.1604 -0.3708
Z  0.2199 -0.5724  0.7900

PART 37
OFFSET  0.7645 -4.7192 -7.7090
X -0.3448 -0.8011 -0.4892
Y -0.1143  0.5531 -0.8252
Z  0.9317 -0.2286 -0.2823

PART 38
OFFSET  0.0742 -4.5425 -6.7348
X -0.3448 -0.8011 -0.4892
Y -0.1143  0.5531 -0.8252
Z  0.9317 -0.2286 -0.2823

PART 39
OFFSET  0.4049 -5.2173 -5.6500
X -0.3448 -0.8011 -0.4892
Y -0.1143  0.5531 -0.8252
Z  0.9317 -0.2286 -0.2823

PART 40
OFFSET  2.1088 -4.2069 -6.1532
X -0.9740  0.0801 -0.2121
Y  0.2090 -0.0453 -0.9769
Z -0.0879 -0.9958  0.0274

PART 41
OFFSET  2.3811 -3.7903 -5.1264
X -0.6375 -0.4666 -0.6130
Y  0.5741  0.2429 -0.7819
Z  0.5138 -0.8504  0.1130

PART 42
OFFSET  3.6709 -2.7603 -3.7317
X -0.9412 -0.2249  0.2522
Y -0.1838 -0.2856 -0.9406
Z  0.2836 -0.9316  0.2275

PART 43
OFFSET  5.1476 -2.3097 -4.2205
X -0.4940 -0.0850  0.8653
Y -0.7768 -0.4040 -0.4831
Z  0.3906 -0.9108  0.1336

PART 44
OFFSET  5.6771 -2.1693 -5.1541
X -0.7756  0.4391  0.4534
Y  0.2210  0.8618 -0.4566
Z -0.5912 -0.2539 -0.7655

PART 45
OFFSET  3.1743 -4.1220 -7.0253
X -0.9580 -0.1417  0.2493
Y  0.1516 -0.9882  0.0209
Z  0.2434  0.0578  0.9682

PART 46
OFFSET  5.3437 -3.6742 -7.4469
X -0.2868 -0.9527 -0.1008
Y  0.8950 -0.2289 -0.3829
Z  0.3417 -0.2000  0.9183

PART 47
OFFSET  5.7497 -2.3254 -7.3042
X  0.6361 -0.6681 -0.3861
Y  0.7088  0.7036 -0.0497
Z  0.3049 -0.2420  0.9211

PART 48
OFFSET  5.1858 -1.7331 -6.9620
X  0.9315  0.1874 -0.3118
Y -0.1135  0.9640  0.2404
Z  0.3456 -0.1886  0.9192

PART 49
OFFSET  4.3008 -1.9111 -6.6658
X -0.6912 -0.7212 -0.0454
