// Export filename: `C:\projects\cod\t5\xanim_export\t5_viewmodels\ak47\ak47_flame_ft_d2p_in.XANIM_EXPORT`
// Source filename: `D:\projects\devanim\t5\animation_assets\viewmodels\ak47\ViewModel_AK47_FlameThrower_animated.fbx`
// Export time: Sat Jun 05 16:32:53 2010

ANIMATION
VERSION 3

NUMPARTS 81
PART 0 "tag_ads"
PART 1 "tag_torso"
PART 2 "J_Shoulder_LE"
PART 3 "J_Elbow_LE"
PART 4 "J_WristTwist_LE"
PART 5 "J_Sleave_Reshape_Bottom_LE_1"
PART 6 "J_Sleave_Reshape_Bottom_LE_2"
PART 7 "J_Sleave_Reshape_Top_LE_1"
PART 8 "J_Sleave_Reshape_Top_LE_2"
PART 9 "J_Sleave_Reshape_Top_LE_3"
PART 10 "J_Wrist_LE"
PART 11 "J_Thumb_LE_0"
PART 12 "J_Thumb_LE_1"
PART 13 "J_Thumb_LE_2"
PART 14 "J_Thumb_LE_3"
PART 15 "J_PinkyPalm_LE"
PART 16 "J_Pinky_LE_0"
PART 17 "J_Pinky_LE_1"
PART 18 "J_Pinky_LE_2"
PART 19 "J_Pinky_LE_3"
PART 20 "J_RingPalm_LE"
PART 21 "J_Ring_LE_0"
PART 22 "J_Ring_LE_1"
PART 23 "J_Ring_LE_2"
PART 24 "J_Ring_LE_3"
PART 25 "J_Webbing_LE"
PART 26 "J_Index_LE_0"
PART 27 "J_Index_LE_1"
PART 28 "J_Index_LE_2"
PART 29 "J_Index_LE_3"
PART 30 "J_Mid_LE_0"
PART 31 "J_Mid_LE_1"
PART 32 "J_Mid_LE_2"
PART 33 "J_Mid_LE_3"
PART 34 "tag_knife_attach"
PART 35 "tag_weapon"
PART 36 "J_Gun"
PART 37 "J_bolt"
PART 38 "TAG_CLIP"
PART 39 "TAG_FLASH"
PART 40 "tag_flame_unit"
PART 41 "tag_flamer_big_nozel"
PART 42 "tag_flamer_bracket"
PART 43 "tag_flamer_bottle"
PART 44 "tag_flamer_button"
PART 45 "tag_flamer_ring"
PART 46 "tag_flamer_flame"
PART 47 "tag_flamer_pilot_light"
PART 48 "J_Shoulder_RI"
PART 49 "J_Elbow_RI"
PART 50 "J_WristTwist_RI"
PART 51 "J_Sleave_Reshape_Top_RI_3"
PART 52 "J_Sleave_Reshape_Top_RI_2"
PART 53 "J_Sleave_Reshape_Top_RI_1"
PART 54 "J_Wrist_RI"
PART 55 "J_Thumb_RI_0"
PART 56 "J_Thumb_RI_1"
PART 57 "J_Thumb_RI_2"
PART 58 "J_Thumb_RI_3"
PART 59 "J_PinkyPalm_RI"
PART 60 "J_Pinky_RI_0"
PART 61 "J_Pinky_RI_1"
PART 62 "J_Pinky_RI_2"
PART 63 "J_Pinky_RI_3"
PART 64 "J_RingPalm_RI"
PART 65 "J_Ring_RI_0"
PART 66 "J_Ring_RI_1"
PART 67 "J_Ring_RI_2"
PART 68 "J_Ring_RI_3"
PART 69 "J_Webbing_RI"
PART 70 "J_Index_RI_0"
PART 71 "J_Index_RI_1"
PART 72 "J_Index_RI_2"
PART 73 "J_Index_RI_3"
PART 74 "J_Mid_RI_0"
PART 75 "J_Mid_RI_1"
PART 76 "J_Mid_RI_2"
PART 77 "J_Mid_RI_3"
PART 78 "tag_cambone"
PART 79 "tag_camera"
PART 80 "tag_gasmask"

FRAMERATE 30
NUMFRAMES 11

FRAME 1960
PART 0
OFFSET -4.6318 -0.0000 -1.3770
X  1.0000 -0.0000  0.0000
Y  0.0000  1.0000  0.0000
Z  0.0000 -0.0000  1.0000

PART 1
OFFSET -4.6318 -0.0000 -1.3770
X  1.0000 -0.0000  0.0000
Y  0.0000  1.0000  0.0000
Z  0.0000 -0.0000  1.0000

PART 2
OFFSET -3.5060  6.3408 -6.7125
X  0.7262 -0.0056 -0.6875
Y -0.0790 -0.9940 -0.0754
Z -0.6829  0.1091 -0.7223

PART 3
OFFSET  5.2763  6.2733 -15.0268
X  0.8057 -0.5450  0.2320
Y -0.4215 -0.2524  0.8710
Z -0.4161 -0.7996 -0.4331

PART 4
OFFSET  12.1294  1.6381 -13.0538
X  0.8057 -0.5450  0.2320
Y  0.2356  0.6543  0.7186
Z -0.5434 -0.5243  0.6556

PART 5
OFFSET  14.3243  2.4964 -12.6419
X  0.8093 -0.5413  0.2280
Y  0.4199  0.8046  0.4198
Z -0.4107 -0.2440  0.8785

PART 6
OFFSET  13.1718  0.8184 -14.2283
X  0.8093 -0.5413  0.2280
Y  0.4199  0.8046  0.4198
Z -0.4107 -0.2440  0.8785

PART 7
OFFSET  13.6494  1.3460 -10.7426
X  0.8093 -0.5413  0.2280
Y  0.4199  0.8046  0.4198
Z -0.4107 -0.2440  0.8785

PART 8
OFFSET  12.7011 -0.1065 -11.2837
X  0.8093 -0.5413  0.2280
Y  0.4199  0.8046  0.4198
Z -0.4107 -0.2440  0.8785

PART 9
OFFSET  12.1415 -0.6817 -12.3351
X  0.8093 -0.5413  0.2280
Y  0.4199  0.8046  0.4198
Z -0.4107 -0.2440  0.8785

PART 10
OFFSET  14.5995 -0.0327 -12.3426
X  0.7636  0.5368 -0.3589
Y  0.0201  0.5358  0.8441
Z  0.6454 -0.6518  0.3983

PART 11
OFFSET  15.2273  0.4582 -11.5259
X  0.9303  0.2586  0.2600
Y -0.3598  0.5067  0.7835
Z  0.0709 -0.8224  0.5644

PART 12
OFFSET  17.2030  1.0211 -10.8552
X  0.7867  0.0743 -0.6128
Y  0.5284  0.4322  0.7308
Z  0.3192 -0.8987  0.3007

PART 13
OFFSET  18.4772  1.0146 -11.8545
X  0.0200 -0.5188 -0.8547
Y  0.9798  0.1804 -0.0865
Z  0.1990 -0.8357  0.5119

PART 14
OFFSET  18.5247  0.4184 -12.7568
X  0.0888  0.1910 -0.9776
Y -0.4560  0.8804  0.1306
Z  0.8855  0.4341  0.1653

PART 15
OFFSET  15.3545 -0.2838 -13.4696
X  0.7313  0.1410 -0.6673
Y  0.6238 -0.5339  0.5708
Z -0.2758 -0.8337 -0.4784

PART 16
OFFSET  17.1143  0.0890 -14.8293
X  0.9206 -0.2551  0.2957
Y -0.3591 -0.2551  0.8978
Z -0.1536 -0.9327 -0.3264

PART 17
OFFSET  18.4176 -0.2722 -14.4106
X -0.3042 -0.2903  0.9073
Y -0.9475  0.1904 -0.2568
Z -0.0982 -0.9378 -0.3329

PART 18
OFFSET  18.1479 -0.5295 -13.6062
X -0.7286 -0.1353  0.6714
Y -0.6664  0.3669 -0.6491
Z -0.1585 -0.9204 -0.3575

PART 19
OFFSET  17.4557 -0.6581 -12.9683
X  0.9985  0.0063 -0.0543
Y -0.0542  0.2477 -0.9673
Z  0.0074  0.9688  0.2477

PART 20
OFFSET  15.4457  0.2813 -13.0432
X  0.7244  0.3424 -0.5984
Y  0.6281 -0.6855  0.3682
Z -0.2841 -0.6425 -0.7116

PART 21
OFFSET  17.3837  1.0475 -14.5974
X  0.9213 -0.3356  0.1965
Y -0.3133 -0.3411  0.8863
Z -0.2304 -0.8781 -0.4194

PART 22
OFFSET  18.9522  0.4761 -14.2629
X -0.2740 -0.3619  0.8911
Y -0.9403  0.2952 -0.1692
Z -0.2018 -0.8842 -0.4212

PART 23
OFFSET  18.5725 -0.0255 -13.0279
X -0.9419  0.0543  0.3314
Y -0.2690  0.4688 -0.8414
Z -0.2010 -0.8816 -0.4270

PART 24
OFFSET  17.5509  0.0334 -12.6685
X  0.9155 -0.3556  0.1881
Y  0.3284  0.3904 -0.8601
Z  0.2324  0.8492  0.4742

PART 25
OFFSET  17.3312  2.1235 -11.8951
X  0.8940  0.2202 -0.3902
Y -0.3944  0.8000 -0.4521
Z  0.2126  0.5581  0.8021

PART 26
OFFSET  17.3501  2.7053 -13.2524
X  0.8942 -0.0713 -0.4419
Y  0.2894 -0.6609  0.6924
Z -0.3414 -0.7471 -0.5704

PART 27
OFFSET  18.9245  2.5798 -14.0304
X  0.7304 -0.6414  0.2347
Y -0.5553 -0.3576  0.7508
Z -0.3976 -0.6788 -0.6174

PART 28
OFFSET  19.8366  1.8413 -13.7075
X  0.0679 -0.6176  0.7835
Y -0.9454  0.2110  0.2482
Z -0.3187 -0.7576 -0.5696

PART 29
OFFSET  19.9133  1.1437 -12.8225
X  0.7417 -0.2026 -0.6394
Y -0.3042  0.7480 -0.5899
Z  0.5977  0.6321  0.4932

PART 30
OFFSET  17.3626  1.9499 -14.0584
X  0.9202 -0.3914  0.0007
Y -0.1784 -0.4180  0.8908
Z -0.3483 -0.8199 -0.4544

PART 31
OFFSET  19.1604  1.1854 -14.0571
X -0.2344 -0.3737  0.8975
Y -0.8889  0.4561 -0.0422
Z -0.3936 -0.8077 -0.4390

PART 32
OFFSET  18.8181  0.6396 -12.7462
X -0.8350  0.1415  0.5317
Y -0.3469  0.6147 -0.7084
Z -0.4271 -0.7760 -0.4642

PART 33
OFFSET  17.8695  0.7939 -12.1467
X  0.8892 -0.4515  0.0744
Y  0.2394  0.3204 -0.9165
Z  0.3900  0.8328  0.3930

PART 34
OFFSET  17.6424  0.1407 -13.1635
X -0.2899 -0.6915 -0.6617
Y -0.6454  0.6518 -0.3983
Z  0.7067  0.3116 -0.6352

PART 35
OFFSET  10.2443 -1.9509 -7.0301
X  0.7570  0.5117 -0.4063
Y -0.6468  0.4986 -0.5771
Z -0.0927  0.6997  0.7084

PART 36
OFFSET  10.2443 -1.9509 -7.0301
X  0.7570  0.5117 -0.4063
Y -0.6468  0.4986 -0.5771
Z -0.0927  0.6997  0.7084

PART 37
OFFSET  14.2205  2.2705 -7.3512
X  0.7550  0.5259 -0.3917
Y -0.6468  0.4986 -0.5771
Z -0.1082  0.6891  0.7166

PART 38
OFFSET  13.3971  0.4071 -8.5523
X  0.7570  0.5117 -0.4063
Y -0.6468  0.4986 -0.5771
Z -0.0927  0.6997  0.7084

PART 39
OFFSET  30.4616  10.5874 -19.0575
X  0.7570  0.5117 -0.4063
Y -0.6468  0.4986 -0.5771
Z -0.0927  0.6997  0.7084

PART 40
OFFSET  9.8892 -3.9387 -8.3495
X  0.7570  0.5117 -0.4063
Y -0.6468  0.4986 -0.5771
Z -0.0927  0.6997  0.7084

PART 41
OFFSET  29.7162  10.0815 -18.7036
X -0.6468  0.4986 -0.5771
Y -0.7570 -0.5117  0.4063
Z -0.0927  0.6997  0.7084

PART 42
OFFSET  21.0796  4.0864 -13.3454
X -0.3748  0.4512  0.8099
Y -0.6642 -0.7401  0.1049
Z  0.6468 -0.4986  0.5771

PART 43
OFFSET  21.0796  4.0864 -13.3454
X -0.6468  0.4986 -0.5771
Y -0.7570 -0.5117  0.4063
Z -0.0927  0.6997  0.7084

PART 44
OFFSET  20.6296  3.6827 -13.6922
X -0.6468  0.4986 -0.5771
Y -0.7570 -0.5117  0.4063
Z -0.0927  0.6997  0.7084

PART 45
OFFSET  19.7242  4.3807 -14.5002
X -0.5018  0.0571 -0.8631
Y -0.7570 -0.5117  0.4063
Z -0.4184  0.8573  0.3000

PART 46
OFFSET  27.9585  9.0235 -17.6329
X  0.7570  0.5117 -0.4063
Y -0.6468  0.4986 -0.5771
Z -0.0927  0.6997  0.7084

PART 47
OFFSET  26.6122  8.8263 -18.7068
X  0.8587  0.4621  0.2216
Y  0.1448  0.1960 -0.9699
Z -0.4916  0.8649  0.1014

PART 48
OFFSET -10.8444 -11.7139 -5.9426
X -0.9335  0.3392 -0.1162
Y -0.2261 -0.3051  0.9251
Z  0.2783  0.8899  0.3615

PART 49
OFFSET  0.4454 -15.8159 -4.5369
X -0.6498 -0.7518  0.1117
Y  0.7582 -0.6311  0.1637
Z -0.0526  0.1911  0.9802

PART 50
OFFSET  5.9725 -9.4213 -5.4867
X -0.6498 -0.7518  0.1117
Y  0.4908 -0.5273 -0.6936
Z  0.5803 -0.3959  0.7117

PART 51
OFFSET  6.4544 -8.1393 -6.9322
X -0.6541 -0.7487  0.1078
Y  0.0434 -0.1794 -0.9828
Z  0.7551 -0.6382  0.1498

PART 52
OFFSET  5.9679 -7.1353 -6.4392
X -0.6541 -0.7487  0.1078
Y  0.0434 -0.1794 -0.9828
Z  0.7551 -0.6382  0.1498

PART 53
OFFSET  6.0690 -6.8919 -5.0961
X -0.6541 -0.7487  0.1078
Y  0.0434 -0.1794 -0.9828
Z  0.7551 -0.6382  0.1498

PART 54
OFFSET  7.9647 -7.1164 -5.8291
X -0.6066 -0.7425  0.2840
Y  0.4179 -0.6017 -0.6807
Z  0.6763 -0.2942  0.6753

PART 55
OFFSET  7.5567 -6.0810 -5.5772
X  0.1113 -0.9710  0.2117
Y  0.3794 -0.1554 -0.9121
Z  0.9185  0.1819  0.3511

PART 56
OFFSET  7.2275 -3.9803 -5.9626
X -0.4816 -0.4593  0.7464
Y  0.3435 -0.8825 -0.3214
Z  0.8063  0.1016  0.5827

PART 57
OFFSET  7.9351 -3.3029 -7.2521
X -0.4685  0.3079  0.8281
Y -0.0549 -0.9457  0.3205
Z  0.8818  0.1047  0.4599

PART 58
OFFSET  8.4023 -3.6245 -8.1740
X -0.9236 -0.0349  0.3819
Y -0.3828  0.0257 -0.9235
Z  0.0224 -0.9991 -0.0371

PART 59
OFFSET  8.7888 -7.0730 -6.9347
X -0.5528 -0.4503  0.7011
Y  0.8206 -0.1478  0.5521
Z -0.1450  0.8806  0.4512

PART 60
OFFSET  9.9092 -5.9148 -8.5121
X  0.5548 -0.5015  0.6639
Y  0.8233  0.2158 -0.5249
Z  0.1199  0.8378  0.5326

PART 61
OFFSET  9.1238 -5.2048 -9.4520
X  0.9894 -0.0624 -0.1313
Y -0.0698  0.5886 -0.8054
Z  0.1275  0.8060  0.5780

PART 62
OFFSET  8.2466 -5.1495 -9.3356
X  0.5188  0.3995 -0.7558
Y -0.8473  0.3579 -0.3925
Z  0.1137  0.8440  0.5242

PART 63
OFFSET  7.7537 -5.5291 -8.6175
X  0.1186 -0.6523  0.7487
Y -0.9592  0.1197  0.2563
Z -0.2568 -0.7485 -0.6114

PART 64
OFFSET  8.7390 -6.5508 -6.4505
X -0.5794 -0.5903  0.5620
Y  0.7695 -0.1688  0.6160
Z -0.2688  0.7893  0.5520

PART 65
OFFSET  10.2996 -5.1397 -7.9774
X  0.5126 -0.4258  0.7457
Y  0.8563  0.1897 -0.4803
Z  0.0631  0.8847  0.4618

PART 66
OFFSET  9.4270 -4.4148 -9.2469
X  0.9548  0.0830 -0.2855
Y -0.2891  0.4833 -0.8263
Z  0.0694  0.8715  0.4855

PART 67
OFFSET  8.1037 -4.5298 -8.8513
X  0.3595  0.4358 -0.8252
Y -0.9310  0.2278 -0.2853
Z  0.0636  0.8708  0.4876

PART 68
OFFSET  7.7138 -5.0024 -7.9564
X  0.2404 -0.4443  0.8630
Y -0.9706 -0.1008  0.2185
Z -0.0101 -0.8902 -0.4555

PART 69
OFFSET  5.4492 -9.8557 -3.7095
X -0.4635 -0.6641  0.5866
Y -0.8065  0.0420 -0.5897
Z  0.3670 -0.7465 -0.5551

PART 70
OFFSET  10.2646 -3.8786 -6.1714
X -0.7225 -0.6247  0.2962
Y  0.6324 -0.4240  0.6483
Z -0.2795  0.6557  0.7014

PART 71
OFFSET  11.5367 -2.7787 -6.6928
X  0.3133 -0.5863  0.7470
Y  0.8977  0.4395 -0.0315
Z -0.3099  0.6804  0.6640

PART 72
OFFSET  11.1370 -2.0246 -7.5607
X  0.6715 -0.4053  0.6203
Y  0.6904  0.6462 -0.3252
Z -0.2690  0.6467  0.7137

PART 73
OFFSET  10.3785 -1.5668 -8.2613
X -0.9175 -0.2695  0.2924
Y -0.3920  0.4897 -0.7788
Z  0.0667 -0.8292 -0.5549

PART 74
OFFSET  10.5319 -4.5578 -7.0007
X  0.3896 -0.4530  0.8019
Y  0.9133  0.3025 -0.2728
Z -0.1190  0.8386  0.5315

PART 75
OFFSET  9.7709 -3.6729 -8.5672
X  0.9894  0.1445 -0.0144
Y -0.0839  0.4879 -0.8689
Z -0.1185  0.8609  0.4948

PART 76
OFFSET  8.3257 -3.8839 -8.5462
X  0.4436  0.4651 -0.7661
Y -0.8838  0.0850 -0.4602
Z -0.1489  0.8812  0.4488

PART 77
OFFSET  7.8237 -4.4168 -7.6820
X  0.2338 -0.4672  0.8526
Y -0.9703 -0.1680  0.1740
Z  0.0619 -0.8680 -0.4927

PART 78
OFFSET  0.0000 -0.0000 -0.0000
X  1.0000 -0.0000  0.0000
Y  0.0000  1.0000  0.0000
Z  0.0000 -0.0000  1.0000

PART 79
OFFSET  0.0000 -0.0000 -0.0000
X  1.0000 -0.0000  0.0000
Y  0.0000  1.0000  0.0000
Z  0.0000 -0.0000  1.0000

PART 80
OFFSET  1.5404 -0.0000  4.1357
X  1.0000 -0.0000  0.0000
Y  0.0000  1.0000  0.0000
Z  0.0000 -0.0000  1.0000


FRAME 1961
PART 0
OFFSET -4.6318 -0.0000 -1.3770
X  1.0000 -0.0000  0.0000
Y  0.0000  1.0000  0.0000
Z  0.0000 -0.0000  1.0000

PART 1
OFFSET -4.6318 -0.0000 -1.3770
X  1.0000 -0.0000  0.0000
Y  0.0000  1.0000  0.0000
Z  0.0000 -0.0000  1.0000

PART 2
OFFSET -3.5060  6.3408 -6.7125
X  0.7233 -0.0083 -0.6905
Y -0.0707 -0.9956 -0.0621
Z -0.6869  0.0938 -0.7207

PART 3
OFFSET  5.2412  6.2408 -15.0634
X  0.8098 -0.5358  0.2389
Y -0.4187 -0.2426  0.8751
Z -0.4110 -0.8087 -0.4208

PART 4
OFFSET  12.1290  1.6832 -13.0314
X  0.8098 -0.5358  0.2389
Y  0.1885  0.6232  0.7590
Z -0.5556 -0.5696  0.6057

PART 5
OFFSET  14.3183  2.5629 -12.6349
X  0.8134 -0.5322  0.2348
Y  0.4147  0.8136  0.4075
Z -0.4079 -0.2340  0.8825

PART 6
OFFSET  13.1759  0.8538 -14.1952
X  0.8134 -0.5322  0.2348
Y  0.4147  0.8136  0.4075
Z -0.4079 -0.2340  0.8825

PART 7
OFFSET  13.6538  1.4356 -10.7182
X  0.8134 -0.5322  0.2348
Y  0.4147  0.8136  0.4075
Z -0.4079 -0.2340  0.8825

PART 8
OFFSET  12.7142 -0.0325 -11.2365
X  0.8134 -0.5322  0.2348
Y  0.4147  0.8136  0.4075
Z -0.4079 -0.2340  0.8825

PART 9
OFFSET  12.1575 -0.6268 -12.2787
X  0.8134 -0.5322  0.2348
Y  0.4147  0.8136  0.4075
Z -0.4079 -0.2340  0.8825

PART 10
OFFSET  14.6116  0.0404 -12.2990
X  0.7604  0.5416 -0.3583
Y  0.0186  0.5334  0.8457
Z  0.6492 -0.6497  0.3955

PART 11
OFFSET  15.2382  0.5320 -11.4817
X  0.9294  0.2624  0.2595
Y -0.3612  0.5026  0.7855
Z  0.0757 -0.8238  0.5619

PART 12
OFFSET  17.2120  1.1026 -10.8122
X  0.7855  0.0800 -0.6137
Y  0.5273  0.4326  0.7313
Z  0.3240 -0.8980  0.2976

PART 13
OFFSET  18.4848  1.1054 -11.8132
X  0.0214 -0.5161 -0.8562
Y  0.9788  0.1855 -0.0873
Z  0.2039 -0.8362  0.5091

PART 14
OFFSET  18.5340  0.5121 -12.7173
X  0.0865  0.1944 -0.9771
Y -0.4601  0.8777  0.1338
Z  0.8836  0.4380  0.1654

PART 15
OFFSET  15.3663 -0.2036 -13.4278
X  0.7296  0.1466 -0.6679
Y  0.6273 -0.5325  0.5683
Z -0.2723 -0.8336 -0.4805

PART 16
OFFSET  17.1223  0.1819 -14.7889
X  0.9223 -0.2514  0.2937
Y -0.3565 -0.2595  0.8975
Z -0.1494 -0.9324 -0.3290

PART 17
OFFSET  18.4280 -0.1740 -14.3731
X -0.3015 -0.2945  0.9069
Y -0.9488  0.1865 -0.2549
Z -0.0941 -0.9373 -0.3356

PART 18
OFFSET  18.1607 -0.4351 -13.5691
X -0.7270 -0.1409  0.6720
Y -0.6691  0.3655 -0.6471
Z -0.1544 -0.9201 -0.3600

PART 19
OFFSET  17.4701 -0.5690 -12.9306
X  0.9984  0.0114 -0.0557
Y -0.0568  0.2504 -0.9665
Z  0.0029  0.9681  0.2506

PART 20
OFFSET  15.4553  0.3607 -12.9999
X  0.7218  0.3477 -0.5984
Y  0.6320 -0.6835  0.3652
Z -0.2820 -0.6418 -0.7131

PART 21
OFFSET  17.3873  1.1410 -14.5545
X  0.9232 -0.3316  0.1942
Y -0.3104 -0.3453  0.8857
Z -0.2267 -0.8779 -0.4217

PART 22
OFFSET  18.9590  0.5764 -14.2239
X -0.2709 -0.3659  0.8903
Y -0.9420  0.2911 -0.1670
Z -0.1980 -0.8840 -0.4235

PART 23
OFFSET  18.5836  0.0693 -12.9899
X -0.9417  0.0486  0.3329
Y -0.2725  0.4700 -0.8396
Z -0.1972 -0.8813 -0.4293

PART 24
OFFSET  17.5623  0.1220 -12.6289
X  0.9175 -0.3516  0.1858
Y  0.3252  0.3946 -0.8594
Z  0.2289  0.8489  0.4764

PART 25
OFFSET  17.3333  2.2087 -11.8489
X  0.8924  0.2258 -0.3908
Y -0.3990  0.7994 -0.4492
Z  0.2110  0.5567  0.8035

PART 26
OFFSET  17.3474  2.7947 -13.2045
X  0.8940 -0.0655 -0.4433
Y  0.2937 -0.6616  0.6900
Z -0.3385 -0.7470 -0.5722

PART 27
OFFSET  18.9213  2.6793 -13.9850
X  0.7339 -0.6385  0.2318
Y -0.5525 -0.3626  0.7505
Z -0.3951 -0.6789 -0.6189

PART 28
OFFSET  19.8375  1.9444 -13.6657
X  0.0720 -0.6196  0.7816
Y -0.9461  0.2056  0.2502
Z -0.3157 -0.7575 -0.5714

PART 29
OFFSET  19.9189  1.2445 -12.7828
X  0.7418 -0.1970 -0.6410
Y -0.3088  0.7482 -0.5872
Z  0.5953  0.6335  0.4942

PART 30
OFFSET  17.3625  2.0418 -14.0128
X  0.9222 -0.3868 -0.0018
Y -0.1751 -0.4215  0.8898
Z -0.3449 -0.8202 -0.4564

PART 31
OFFSET  19.1640  1.2861 -14.0162
X -0.2312 -0.3775  0.8967
Y -0.8912  0.4518 -0.0396
Z -0.3902 -0.8083 -0.4409

PART 32
OFFSET  18.8263  0.7347 -12.7065
X -0.8350  0.1358  0.5333
Y -0.3510  0.6151 -0.7061
Z -0.4239 -0.7767 -0.4659

PART 33
OFFSET  17.8779  0.8826 -12.1053
X  0.8915 -0.4473  0.0718
Y  0.2365  0.3243 -0.9159
Z  0.3864  0.8335  0.3949

PART 34
OFFSET  17.6525  0.2313 -13.1236
X -0.2874 -0.6909 -0.6633
Y -0.6492  0.6497 -0.3955
Z  0.7042  0.3169 -0.6353

PART 35
OFFSET  10.2736 -1.9152 -6.9862
X  0.7539  0.5167 -0.4058
Y -0.6501  0.4971 -0.5747
Z -0.0952  0.6971  0.7106

PART 36
OFFSET  10.2736 -1.9152 -6.9862
X  0.7539  0.5167 -0.4058
Y -0.6501  0.4971 -0.5747
Z -0.0952  0.6971  0.7106

PART 37
OFFSET  14.2284  2.3268 -7.3002
X  0.7518  0.5308 -0.3912
Y -0.6501  0.4971 -0.5747
Z -0.1106  0.6864  0.7188

PART 38
OFFSET  13.4125  0.4629 -8.5058
X  0.7539  0.5167 -0.4058
Y -0.6501  0.4971 -0.5747
Z -0.0952  0.6971  0.7106

PART 39
OFFSET  30.4115  10.7588 -19.0044
X  0.7539  0.5167 -0.4058
Y -0.6501  0.4971 -0.5747
Z -0.0952  0.6971  0.7106

PART 40
OFFSET  9.9264 -3.9008 -8.3110
X  0.7539  0.5167 -0.4058
Y -0.6501  0.4971 -0.5747
Z -0.0952  0.6971  0.7106

PART 41
OFFSET  29.6692  10.2482 -18.6510
X -0.6501  0.4971 -0.5747
Y -0.7539 -0.5167  0.4058
Z -0.0952  0.6971  0.7106

PART 42
OFFSET  21.0699  4.1944 -13.2986
X -0.3759  0.4469  0.8118
Y -0.6604 -0.7437  0.1037
Z  0.6501 -0.4971  0.5747

PART 43
OFFSET  21.0699  4.1944 -13.2986
X -0.6501  0.4971 -0.5747
Y -0.7539 -0.5167  0.4058
Z -0.0952  0.6971  0.7106

PART 44
OFFSET  20.6215  3.7895 -13.6460
X -0.6501  0.4971 -0.5747
Y -0.7539 -0.5167  0.4058
Z -0.0952  0.6971  0.7106

PART 45
OFFSET  19.7114  4.4855 -14.4506
X -0.5163  0.0840 -0.8523
Y -0.7539 -0.5167  0.4058
Z -0.4062  0.8521  0.3301

PART 46
OFFSET  27.9182  9.1783 -17.5810
X  0.7539  0.5167 -0.4058
Y -0.6501  0.4971 -0.5747
Z -0.0952  0.6971  0.7106

PART 47
OFFSET  26.5714  8.9776 -18.6536
X  0.8567  0.4656  0.2218
Y  0.1425  0.1996 -0.9695
Z -0.4957  0.8622  0.1047

PART 48
OFFSET -10.8444 -11.7139 -5.9426
X -0.9350  0.3352 -0.1157
Y -0.2249 -0.3082  0.9244
Z  0.2741  0.8903  0.3635

PART 49
OFFSET  0.4637 -15.7672 -4.5429
X -0.6531 -0.7494  0.1084
Y  0.7553 -0.6346  0.1635
Z -0.0537  0.1887  0.9806

PART 50
OFFSET  6.0189 -9.3930 -5.4650
X -0.6531 -0.7494  0.1084
Y  0.4893 -0.5270 -0.6949
Z  0.5779 -0.4008  0.7109

PART 51
OFFSET  6.5089 -8.1092 -6.9061
X -0.6574 -0.7462  0.1045
Y  0.0446 -0.1770 -0.9832
Z  0.7522 -0.6417  0.1496

PART 52
OFFSET  6.0255 -7.1045 -6.4115
X -0.6574 -0.7462  0.1045
Y  0.0446 -0.1770 -0.9832
Z  0.7522 -0.6417  0.1496

PART 53
OFFSET  6.1251 -6.8650 -5.0675
X -0.6574 -0.7462  0.1045
Y  0.0446 -0.1770 -0.9832
Z  0.7522 -0.6417  0.1496

PART 54
OFFSET  8.0213 -7.0955 -5.7974
X -0.6025 -0.7464  0.2826
Y  0.4199 -0.5976 -0.6831
Z  0.6787 -0.2929  0.6735

PART 55
OFFSET  7.6084 -6.0628 -5.5419
X  0.1164 -0.9710  0.2087
Y  0.3789 -0.1508 -0.9131
Z  0.9181  0.1853  0.3503

PART 56
OFFSET  7.2683 -3.9626 -5.9205
X -0.4782 -0.4639  0.7457
Y  0.3474 -0.8798 -0.3245
Z  0.8066  0.1039  0.5819

PART 57
OFFSET  7.9707 -3.2779 -7.2089
X -0.4688  0.3031  0.8297
Y -0.0498 -0.9469  0.3177
Z  0.8819  0.1076  0.4590

PART 58
OFFSET  8.4382 -3.5944 -8.1325
X -0.9228 -0.0406  0.3831
Y -0.3843  0.0266 -0.9228
Z  0.0272 -0.9988 -0.0401

PART 59
OFFSET  8.8435 -7.0446 -6.9041
X -0.5496 -0.4551  0.7006
Y  0.8221 -0.1454  0.5505
Z -0.1487  0.8785  0.4540

PART 60
OFFSET  9.9559 -5.8763 -8.4795
X  0.5582 -0.5007  0.6616
Y  0.8215  0.2215 -0.5254
Z  0.1166  0.8368  0.5350

PART 61
OFFSET  9.1657 -5.1673 -9.4162
X  0.9895 -0.0571 -0.1329
Y -0.0739  0.5907 -0.8035
Z  0.1244  0.8049  0.5803

PART 62
OFFSET  8.2884 -5.1167 -9.2984
X  0.5158  0.4043 -0.7553
Y -0.8496  0.3548 -0.3902
Z  0.1102  0.8430  0.5265

PART 63
OFFSET  7.7984 -5.5009 -8.5808
X  0.1229 -0.6539  0.7465
Y -0.9594  0.1142  0.2580
Z -0.2540 -0.7479 -0.6133

PART 64
OFFSET  8.7918 -6.5242 -6.4182
X -0.5757 -0.5949  0.5610
Y  0.7712 -0.1668  0.6144
Z -0.2719  0.7863  0.5548

PART 65
OFFSET  10.3433 -5.1008 -7.9431
X  0.5157 -0.4254  0.7437
Y  0.8547  0.1953 -0.4810
Z  0.0594  0.8837  0.4644

PART 66
OFFSET  9.4653 -4.3765 -9.2092
X  0.9540  0.0886 -0.2866
Y -0.2926  0.4844 -0.8245
Z  0.0658  0.8704  0.4880

PART 67
OFFSET  8.1432 -4.4992 -8.8121
X  0.3561  0.4400 -0.8244
Y -0.9325  0.2240 -0.2833
Z  0.0600  0.8696  0.4901

PART 68
OFFSET  7.7569 -4.9764 -7.9180
X  0.2438 -0.4457  0.8613
Y -0.9698 -0.1062  0.2196
Z -0.0064 -0.8889 -0.4581

PART 69
OFFSET  5.5223 -9.8535 -3.6825
X -0.4594 -0.6681  0.5853
Y -0.8076  0.0398 -0.5884
Z  0.3698 -0.7430 -0.5578

PART 70
OFFSET  10.3046 -3.8453 -6.1333
X -0.7190 -0.6292  0.2953
Y  0.6354 -0.4228  0.6462
Z -0.2817  0.6522  0.7037

PART 71
OFFSET  11.5705 -2.7376 -6.6532
X  0.3172 -0.5870  0.7448
Y  0.8954  0.4441 -0.0314
Z -0.3123  0.6769  0.6665

PART 72
OFFSET  11.1659 -1.9828 -7.5182
X  0.6744 -0.4038  0.6182
Y  0.6868  0.6505 -0.3243
Z -0.2712  0.6432  0.7160

PART 73
OFFSET  10.4041 -1.5267 -8.2164
X -0.9158 -0.2749  0.2929
Y -0.3955  0.4901 -0.7768
Z  0.0700 -0.8272 -0.5575

PART 74
OFFSET  10.5741 -4.5207 -6.9649
X  0.3929 -0.4534  0.8000
Y  0.9114  0.3078 -0.2732
Z -0.1224  0.8364  0.5342

PART 75
OFFSET  9.8065 -3.6349 -8.5278
X  0.9887  0.1494 -0.0154
Y -0.0875  0.4900 -0.8673
Z -0.1220  0.8588  0.4976

PART 76
OFFSET  8.3624 -3.8531 -8.5053
X  0.4402  0.4696 -0.7653
Y -0.8848  0.0820 -0.4587
Z -0.1527  0.8791  0.4516

PART 77
OFFSET  7.8643 -4.3911 -7.6420
X  0.2373 -0.4686  0.8509
Y -0.9692 -0.1733  0.1749
Z  0.0655 -0.8662 -0.4953

PART 78
OFFSET  0.0000 -0.0000 -0.0000
X  1.0000 -0.0000  0.0000
Y  0.0000  1.0000  0.0000
Z  0.0000 -0.0000  1.0000

PART 79
OFFSET -0.0000 -0.0000 -0.0000
X  1.0000 -0.0000 -0.0030
Y  0.0000  1.0000  0.0021
Z  0.0030 -0.0021  1.0000

PART 80
OFFSET  1.5528 -0.0085  4.1311
X  1.0000 -0.0000 -0.0030
Y  0.0000  1.0000  0.0021
Z  0.0030 -0.0021  1.0000


FRAME 1962
PART 0
OFFSET -4.6318 -0.0000 -1.3770
X  1.0000 -0.0000  0.0000
Y  0.0000  1.0000  0.0000
Z  0.0000 -0.0000  1.0000

PART 1
OFFSET -4.6318 -0.0000 -1.3770
X  1.0000 -0.0000  0.0000
Y  0.0000  1.0000  0.0000
Z  0.0000 -0.0000  1.0000

PART 2
OFFSET -3.5060  6.3408 -6.7125
X  0.7156 -0.0164 -0.6983
Y -0.0477 -0.9985 -0.0254
Z -0.6969  0.0515 -0.7154

PART 3
OFFSET  5.1486  6.1421 -15.1577
X  0.8206 -0.5101  0.2577
Y -0.4118 -0.2151  0.8855
Z -0.3963 -0.8328 -0.3865

PART 4
OFFSET  12.1283  1.8037 -12.9658
X  0.8206 -0.5101  0.2577
Y  0.0506  0.5141  0.8562
Z -0.5692 -0.6896  0.4477

PART 5
OFFSET  14.3011  2.7407 -12.6122
X  0.8241 -0.5066  0.2535
Y  0.3999  0.8372  0.3730
Z -0.4012 -0.2060  0.8925

PART 6
OFFSET  13.1881  0.9483 -14.0985
X  0.8241 -0.5066  0.2535
Y  0.3999  0.8372  0.3730
Z -0.4012 -0.2060  0.8925

PART 7
OFFSET  13.6632  1.6792 -10.6494
X  0.8241 -0.5066  0.2535
Y  0.3999  0.8372  0.3730
Z -0.4012 -0.2060  0.8925

PART 8
OFFSET  12.7485  0.1701 -11.1042
X  0.8241 -0.5066  0.2535
Y  0.3999  0.8372  0.3730
Z -0.4012 -0.2060  0.8925

PART 9
OFFSET  12.2009 -0.4765 -12.1197
X  0.8241 -0.5066  0.2535
Y  0.3999  0.8372  0.3730
Z -0.4012 -0.2060  0.8925

PART 10
OFFSET  14.6440  0.2400 -12.1758
X  0.7520  0.5546 -0.3563
Y  0.0150  0.5260  0.8504
Z  0.6590 -0.6448  0.3872

PART 11
OFFSET  15.2673  0.7323 -11.3564
X  0.9269  0.2721  0.2584
Y -0.3646  0.4908  0.7913
Z  0.0885 -0.8277  0.5542

PART 12
OFFSET  17.2361  1.3223 -10.6890
X  0.7820  0.0957 -0.6159
Y  0.5245  0.4328  0.7332
Z  0.3367 -0.8964  0.2883

PART 13
OFFSET  18.5050  1.3505 -11.6947
X  0.0248 -0.5081 -0.8609
Y  0.9759  0.1989 -0.0893
Z  0.2166 -0.8380  0.5008

PART 14
OFFSET  18.5583  0.7660 -12.6043
X  0.0803  0.2042 -0.9756
Y -0.4709  0.8705  0.1434
Z  0.8785  0.4479  0.1660

PART 15
OFFSET  15.3975  0.0157 -13.3095
X  0.7251  0.1620 -0.6693
Y  0.6362 -0.5294  0.5612
Z -0.2634 -0.8328 -0.4870

PART 16
OFFSET  17.1432  0.4361 -14.6735
X  0.9265 -0.2421  0.2880
Y -0.3498 -0.2721  0.8965
Z -0.1387 -0.9313 -0.3368

PART 17
OFFSET  18.4549  0.0934 -14.2658
X -0.2942 -0.3064  0.9053
Y -0.9521  0.1765 -0.2497
Z -0.0833 -0.9354 -0.3437

PART 18
OFFSET  18.1941 -0.1783 -13.4631
X -0.7225 -0.1563  0.6734
Y -0.6762  0.3626 -0.6413
Z -0.1439 -0.9187 -0.3677

PART 19
OFFSET  17.5076 -0.3268 -12.8233
X  0.9979  0.0248 -0.0593
Y -0.0637  0.2582 -0.9640
Z -0.0086  0.9658  0.2593

PART 20
OFFSET  15.4808  0.5773 -12.8768
X  0.7150  0.3624 -0.5979
Y  0.6422 -0.6785  0.3567
Z -0.2764 -0.6390 -0.7178

PART 21
OFFSET  17.3967  1.3964 -14.4315
X  0.9281 -0.3214  0.1878
Y -0.3025 -0.3572  0.8837
Z -0.2169 -0.8770 -0.4288

PART 22
OFFSET  18.9768  0.8492 -14.1117
X -0.2628 -0.3773  0.8880
Y -0.9463  0.2804 -0.1609
Z -0.1883 -0.8826 -0.4307

PART 23
OFFSET  18.6126  0.3263 -12.8810
X -0.9410  0.0335  0.3368
Y -0.2817  0.4739 -0.8343
Z -0.1875 -0.8800 -0.4365

PART 24
OFFSET  17.5921  0.3626 -12.5158
X  0.9227 -0.3414  0.1792
Y  0.3168  0.4064 -0.8570
Z  0.2197  0.8475  0.4832

PART 25
OFFSET  17.3392  2.4391 -11.7163
X  0.8879  0.2408 -0.3920
Y -0.4109  0.7982 -0.4405
Z  0.2068  0.5522  0.8076

PART 26
OFFSET  17.3406  3.0373 -13.0665
X  0.8930 -0.0500 -0.4472
Y  0.3048 -0.6638  0.6829
Z -0.3310 -0.7462 -0.5776

PART 27
OFFSET  18.9129  2.9492 -13.8539
X  0.7430 -0.6310  0.2233
Y -0.5449 -0.3764  0.7493
Z -0.3887 -0.6784 -0.6235

PART 28
OFFSET  19.8397  2.2233 -13.5445
X  0.0830 -0.6256  0.7757
Y -0.9477  0.1911  0.2555
Z -0.3081 -0.7564 -0.5770

PART 29
OFFSET  19.9335  1.5167 -12.6683
X  0.7419 -0.1817 -0.6455
Y -0.3206  0.7494 -0.5793
Z  0.5890  0.6367  0.4977

PART 30
OFFSET  17.3624  2.2919 -13.8816
X  0.9271 -0.3748 -0.0086
Y -0.1663 -0.4316  0.8866
Z -0.3361 -0.8205 -0.4625

PART 31
OFFSET  19.1734  1.5596 -13.8985
X -0.2229 -0.3884  0.8941
Y -0.8971  0.4406 -0.0323
Z -0.3814 -0.8093 -0.4467

PART 32
OFFSET  18.8478  0.9923 -12.5925
X -0.8346  0.1202  0.5376
Y -0.3615  0.6168 -0.6992
Z -0.4156 -0.7779 -0.4713

PART 33
OFFSET  17.8998  1.1225 -11.9865
X  0.8974 -0.4364  0.0645
Y  0.2288  0.3355 -0.9138
Z  0.3771  0.8349  0.4010

PART 34
OFFSET  17.6790  0.4775 -13.0098
X -0.2810 -0.6886 -0.6684
Y -0.6590  0.6448 -0.3872
Z  0.6977  0.3317 -0.6350

PART 35
OFFSET  10.3517 -1.8189 -6.8648
X  0.7456  0.5300 -0.4040
Y -0.6586  0.4938 -0.5678
Z -0.1014  0.6894  0.7172

PART 36
OFFSET  10.3517 -1.8189 -6.8648
X  0.7456  0.5300 -0.4040
Y -0.6586  0.4938 -0.5678
Z -0.1014  0.6894  0.7172

PART 37
OFFSET  14.2503  2.4764 -7.1552
X  0.7434  0.5439 -0.3892
Y -0.6586  0.4938 -0.5678
Z -0.1167  0.6785  0.7253

PART 38
OFFSET  13.4540  0.6130 -8.3745
X  0.7456  0.5300 -0.4040
Y -0.6586  0.4938 -0.5678
Z -0.1014  0.6894  0.7172

PART 39
OFFSET  30.2789  11.2210 -18.8427
X  0.7456  0.5300 -0.4040
Y -0.6586  0.4938 -0.5678
Z -0.1014  0.6894  0.7172

PART 40
OFFSET  10.0251 -3.7969 -8.2061
X  0.7456  0.5300 -0.4040
Y -0.6586  0.4938 -0.5678
Z -0.1014  0.6894  0.7172

PART 41
OFFSET  29.5446  10.6976 -18.4912
X -0.6586  0.4938 -0.5678
Y -0.7456 -0.5300  0.4040
Z -0.1014  0.6894  0.7172

PART 42
OFFSET  21.0444  4.4858 -13.1618
X -0.3785  0.4348  0.8171
Y -0.6504 -0.7531  0.0994
Z  0.6586 -0.4938  0.5678

PART 43
OFFSET  21.0444  4.4858 -13.1618
X -0.6586  0.4938 -0.5678
Y -0.7456 -0.5300  0.4040
Z -0.1014  0.6894  0.7172

PART 44
OFFSET  20.5999  4.0782 -13.5112
X -0.6586  0.4938 -0.5678
Y -0.7456 -0.5300  0.4040
Z -0.1014  0.6894  0.7172

PART 45
OFFSET  19.6779  4.7695 -14.3061
X -0.5541  0.1564 -0.8176
Y -0.7456 -0.5300  0.4040
Z -0.3701  0.8335  0.4103

PART 46
OFFSET  27.8117  9.5958 -17.4244
X  0.7456  0.5300 -0.4040
Y -0.6586  0.4938 -0.5678
Z -0.1014  0.6894  0.7172

PART 47
OFFSET  26.4634  9.3873 -18.4938
X  0.8515  0.4747  0.2228
Y  0.1362  0.2101 -0.9682
Z -0.5064  0.8547  0.1142

PART 48
OFFSET -10.8444 -11.7139 -5.9426
X -0.9390  0.3242 -0.1145
Y -0.2216 -0.3162  0.9225
Z  0.2629  0.8916  0.3687

PART 49
OFFSET  0.5122 -15.6347 -4.5582
X -0.6619 -0.7429  0.0999
Y  0.7475 -0.6440  0.1629
Z -0.0567  0.1825  0.9816

PART 50
OFFSET  6.1417 -9.3158 -5.4080
X -0.6619 -0.7429  0.0999
Y  0.4850 -0.5260 -0.6986
Z  0.5716 -0.4139  0.7085

PART 51
OFFSET  6.6531 -8.0276 -6.8376
X -0.6661 -0.7397  0.0960
Y  0.0476 -0.1706 -0.9842
Z  0.7443 -0.6510  0.1489

PART 52
OFFSET  6.1783 -7.0210 -6.3384
X -0.6661 -0.7397  0.0960
Y  0.0476 -0.1706 -0.9842
Z  0.7443 -0.6510  0.1489

PART 53
OFFSET  6.2736 -6.7920 -4.9923
X -0.6661 -0.7397  0.0960
Y  0.0476 -0.1706 -0.9842
Z  0.7443 -0.6510  0.1489

PART 54
OFFSET  8.1708 -7.0383 -5.7143
X -0.5918 -0.7566  0.2781
Y  0.4249 -0.5860 -0.6899
Z  0.6850 -0.2901  0.6683

PART 55
OFFSET  7.7457 -6.0133 -5.4480
X  0.1297 -0.9713  0.1995
Y  0.3773 -0.1377 -0.9158
Z  0.9170  0.1940  0.3486

PART 56
OFFSET  7.3772 -3.9144 -5.8065
X -0.4694 -0.4766  0.7433
Y  0.3574 -0.8723 -0.3337
Z  0.8074  0.1091  0.5798

PART 57
OFFSET  8.0658 -3.2092 -7.0913
X -0.4695  0.2896  0.8341
Y -0.0364 -0.9502  0.3094
Z  0.8822  0.1149  0.4567

PART 58
OFFSET  8.5338 -3.5114 -8.0194
X -0.9208 -0.0559  0.3861
Y -0.3881  0.0299 -0.9211
Z  0.0400 -0.9980 -0.0492

PART 59
OFFSET  8.9882 -6.9669 -6.8235
X -0.5410 -0.4684  0.6985
Y  0.8260 -0.1397  0.5461
Z -0.1583  0.8724  0.4625

PART 60
OFFSET  10.0795 -5.7702 -8.3925
X  0.5671 -0.4994  0.6550
Y  0.8166  0.2368 -0.5265
Z  0.1078  0.8334  0.5420

PART 61
OFFSET  9.2766 -5.0633 -9.3198
X  0.9896 -0.0431 -0.1371
Y -0.0845  0.5968 -0.7979
Z  0.1162  0.8012  0.5870

PART 62
OFFSET  8.3992 -5.0251 -9.1983
X  0.5077  0.4177 -0.7535
Y -0.8556  0.3473 -0.3839
Z  0.1014  0.8396  0.5337

PART 63
OFFSET  7.9169 -5.4219 -8.4824
X  0.1341 -0.6589  0.7402
Y -0.9598  0.0995  0.2625
Z -0.2466 -0.7456 -0.6191

PART 64
OFFSET  8.9316 -6.4516 -6.3328
X -0.5658 -0.6072  0.5578
Y  0.7756 -0.1624  0.6100
Z -0.2799  0.7778  0.5628

PART 65
OFFSET  10.4588 -4.9947 -7.8505
X  0.5240 -0.4254  0.7379
Y  0.8503  0.2106 -0.4824
Z  0.0497  0.8802  0.4721

PART 66
OFFSET  9.5667 -4.2705 -9.1068
X  0.9516  0.1034 -0.2893
Y -0.3020  0.4879 -0.8190
Z  0.0564  0.8668  0.4955

PART 67
OFFSET  8.2478 -4.4138 -8.7059
X  0.3473  0.4519 -0.8217
Y -0.9364  0.2145 -0.2778
Z  0.0507  0.8659  0.4977

PART 68
OFFSET  7.8712 -4.9039 -7.8148
X  0.2528 -0.4502  0.8564
Y -0.9675 -0.1207  0.2222
Z  0.0033 -0.8847 -0.4661

PART 69
OFFSET  5.7157 -9.8471 -3.6150
X -0.4485 -0.6792  0.5810
Y -0.8102  0.0346 -0.5851
Z  0.3773 -0.7331 -0.5658

PART 70
OFFSET  10.4108 -3.7560 -6.0293
X -0.7097 -0.6410  0.2923
Y  0.6432 -0.4203  0.6400
Z -0.2874  0.6422  0.7106

PART 71
OFFSET  11.6604 -2.6274 -6.5440
X  0.3276 -0.5895  0.7384
Y  0.8895  0.4558 -0.0307
Z -0.3185  0.6669  0.6737

PART 72
OFFSET  11.2428 -1.8703 -7.4007
X  0.6819 -0.4006  0.6120
Y  0.6771  0.6622 -0.3209
Z -0.2767  0.6332  0.7228

PART 73
OFFSET  10.4726 -1.4178 -8.0920
X -0.9110 -0.2893  0.2938
Y -0.4048  0.4918 -0.7709
Z  0.0785 -0.8212 -0.5652

PART 74
OFFSET  10.6858 -4.4204 -6.8681
X  0.4018 -0.4555  0.7944
Y  0.9063  0.3220 -0.2738
Z -0.1311  0.8300  0.5422

PART 75
OFFSET  9.9009 -3.5306 -8.4200
X  0.9866  0.1623 -0.0177
Y -0.0971  0.4966 -0.8625
Z -0.1312  0.8527  0.5057

PART 76
OFFSET  8.4599 -3.7677 -8.3942
X  0.4312  0.4821 -0.7627
Y -0.8875  0.0746 -0.4547
Z -0.1622  0.8730  0.4600

PART 77
OFFSET  7.9720 -4.3197 -7.5340
X  0.2466 -0.4731  0.8458
Y -0.9662 -0.1874  0.1769
Z  0.0748 -0.8608 -0.5033

PART 78
OFFSET  0.0000 -0.0000 -0.0000
X  1.0000 -0.0000  0.0000
Y  0.0000  1.0000  0.0000
Z  0.0000 -0.0000  1.0000

PART 79
OFFSET -0.0000 -0.0000 -0.0000
X  0.9999  0.0000 -0.0111
Y  0.0001  1.0000  0.0076
Z  0.0111 -0.0076  0.9999

PART 80
OFFSET  1.5862 -0.0316  4.1183
X  0.9999  0.0000 -0.0111
Y  0.0001  1.0000  0.0076
Z  0.0111 -0.0076  0.9999


FRAME 1963
PART 0
OFFSET -4.6318 -0.0000 -1.3770
X  1.0000 -0.0000  0.0000
Y  0.0000  1.0000  0.0000
Z  0.0000 -0.0000  1.0000

PART 1
OFFSET -4.6318 -0.0000 -1.3770
X  1.0000 -0.0000  0.0000
Y  0.0000  1.0000  0.0000
Z  0.0000 -0.0000  1.0000

PART 2
OFFSET -3.5060  6.3408 -6.7125
X  0.7051 -0.0304 -0.7084
Y -0.0134 -0.9995  0.0296
Z -0.7090 -0.0114 -0.7052

PART 3
OFFSET  5.0217  5.9728 -15.2802
X  0.8355 -0.4698  0.2849
Y -0.4035 -0.1728  0.8985
Z -0.3729 -0.8657 -0.3340

PART 4
OFFSET  12.1282  1.9766 -12.8572
X  0.8355 -0.4698  0.2849
Y -0.1428  0.3150  0.9383
Z -0.5306 -0.8246  0.1961

PART 5
OFFSET  14.2739  2.9952 -12.5691
X  0.8389 -0.4665  0.2804
Y  0.3764  0.8694  0.3202
Z -0.3932 -0.1631  0.9049

PART 6
OFFSET  13.2099  1.0850 -13.9402
X  0.8389 -0.4665  0.2804
Y  0.3764  0.8694  0.3202
Z -0.3932 -0.1631  0.9049

PART 7
OFFSET  13.6710  2.0364 -10.5434
X  0.8389 -0.4665  0.2804
Y  0.3764  0.8694  0.3202
Z -0.3932 -0.1631  0.9049

PART 8
OFFSET  12.7956  0.4716 -10.9009
X  0.8389 -0.4665  0.2804
Y  0.3764  0.8694  0.3202
Z -0.3932 -0.1631  0.9049

PART 9
OFFSET  12.2647 -0.2507 -11.8735
X  0.8389 -0.4665  0.2804
Y  0.3764  0.8694  0.3202
Z -0.3932 -0.1631  0.9049

PART 10
OFFSET  14.6896  0.5363 -11.9838
X  0.7399  0.5733 -0.3519
Y  0.0103  0.5135  0.8581
Z  0.6726 -0.6385  0.3740

PART 11
OFFSET  15.3086  1.0275 -11.1605
X  0.9233  0.2849  0.2575
Y -0.3690  0.4724  0.8005
Z  0.1064 -0.8341  0.5412

PART 12
OFFSET  17.2702  1.6429 -10.4948
X  0.7767  0.1189 -0.6185
Y  0.5207  0.4313  0.7368
Z  0.3543 -0.8944  0.2731

PART 13
OFFSET  18.5327  1.7089 -11.5067
X  0.0291 -0.4948 -0.8685
Y  0.9717  0.2177 -0.0915
Z  0.2344 -0.8413  0.4871

PART 14
OFFSET  18.5915  1.1391 -12.4252
X  0.0712  0.2201 -0.9729
Y -0.4856  0.8596  0.1589
Z  0.8713  0.4612  0.1681

PART 15
OFFSET  15.4407  0.3425 -13.1248
X  0.7184  0.1850 -0.6706
Y  0.6487 -0.5261  0.5498
Z -0.2511 -0.8301 -0.4979

PART 16
OFFSET  17.1709  0.8145 -14.4916
X  0.9323 -0.2296  0.2794
Y -0.3398 -0.2916  0.8941
Z -0.1238 -0.9286 -0.3499

PART 17
OFFSET  18.4909  0.4895 -14.0959
X -0.2836 -0.3251  0.9021
Y -0.9565  0.1630 -0.2420
Z -0.0684 -0.9315 -0.3572

PART 18
OFFSET  18.2394  0.2012 -13.2961
X -0.7159 -0.1793  0.6748
Y -0.6861  0.3598 -0.6322
Z -0.1295 -0.9156 -0.3806

PART 19
OFFSET  17.5593  0.0309 -12.6550
X  0.9970  0.0437 -0.0642
Y -0.0737  0.2713 -0.9597
Z -0.0245  0.9615  0.2737

PART 20
OFFSET  15.5164  0.8990 -12.6842
X  0.7051  0.3840 -0.5962
Y  0.6562 -0.6720  0.3432
Z -0.2689 -0.6331 -0.7258

PART 21
OFFSET  17.4085  1.7755 -14.2366
X  0.9348 -0.3074  0.1781
Y -0.2911 -0.3757  0.8798
Z -0.2035 -0.8743 -0.4407

PART 22
OFFSET  19.0000  1.2522 -13.9334
X -0.2510 -0.3951  0.8837
Y -0.9521  0.2656 -0.1517
Z -0.1748 -0.8794 -0.4429

PART 23
OFFSET  18.6521  0.7046 -12.7087
X -0.9396  0.0115  0.3422
Y -0.2948  0.4811 -0.8256
Z -0.1741 -0.8766 -0.4486

PART 24
OFFSET  17.6331  0.7171 -12.3376
X  0.9296 -0.3273  0.1692
Y  0.3047  0.4248 -0.8525
Z  0.2072  0.8441  0.4946

PART 25
OFFSET  17.3475  2.7766 -11.5058
X  0.8812  0.2625 -0.3931
Y -0.4276  0.7971 -0.4263
Z  0.2014  0.5438  0.8147

PART 26
OFFSET  17.3306  3.3947 -12.8469
X  0.8913 -0.0273 -0.4526
Y  0.3205 -0.6683  0.6713
Z -0.3208 -0.7434 -0.5869

PART 27
OFFSET  18.8999  3.3467 -13.6438
X  0.7554 -0.6207  0.2099
Y -0.5339 -0.3973  0.7464
Z -0.3799 -0.6759 -0.6315

PART 28
OFFSET  19.8413  2.6331 -13.3502
X  0.0985 -0.6354  0.7658
Y -0.9496  0.1702  0.2634
Z -0.2977 -0.7532 -0.5866

PART 29
OFFSET  19.9525  1.9153 -12.4852
X  0.7414 -0.1586 -0.6521
Y -0.3372  0.7520 -0.5664
Z  0.5802  0.6398  0.5040

PART 30
OFFSET  17.3612  2.6620 -13.6731
X  0.9336 -0.3579 -0.0192
Y -0.1535 -0.4477  0.8809
Z -0.3238 -0.8194 -0.4729

PART 31
OFFSET  19.1850  1.9628 -13.7106
X -0.2110 -0.4056  0.8894
Y -0.9050  0.4248 -0.0209
Z -0.3693 -0.8093 -0.4567

PART 32
OFFSET  18.8769  1.3703 -12.4115
X -0.8336  0.0972  0.5437
Y -0.3764  0.6205 -0.6880
Z -0.4042 -0.7782 -0.4807

PART 33
OFFSET  17.9301  1.4744 -11.7986
X  0.9055 -0.4211  0.0532
Y  0.2177  0.3531 -0.9099
Z  0.3643  0.8355  0.4114

PART 34
OFFSET  17.7152  0.8408 -12.8303
X -0.2724 -0.6836 -0.6772
Y -0.6726  0.6385 -0.3740
Z  0.6881  0.3536 -0.6337

PART 35
OFFSET  10.4646 -1.6783 -6.6815
X  0.7337  0.5493 -0.3999
Y -0.6705  0.4902 -0.5569
Z -0.1098  0.6768  0.7280

PART 36
OFFSET  10.4646 -1.6783 -6.6815
X  0.7337  0.5493 -0.3999
Y -0.6705  0.4902 -0.5569
Z -0.1098  0.6768  0.7280

PART 37
OFFSET  14.2839  2.6904 -6.9284
X  0.7313  0.5630 -0.3850
Y -0.6705  0.4902 -0.5569
Z -0.1248  0.6654  0.7360

PART 38
OFFSET  13.5143  0.8313 -8.1711
X  0.7337  0.5493 -0.3999
Y -0.6705  0.4902 -0.5569
Z -0.1098  0.6768  0.7280

PART 39
OFFSET  30.0877  11.8951 -18.5686
X  0.7337  0.5493 -0.3999
Y -0.6705  0.4902 -0.5569
Z -0.1098  0.6768  0.7280

PART 40
OFFSET  10.1661 -3.6417 -8.0505
X  0.7337  0.5493 -0.3999
Y -0.6705  0.4902 -0.5569
Z -0.1098  0.6768  0.7280

PART 41
OFFSET  29.3648  11.3535 -18.2211
X -0.6705  0.4902 -0.5569
Y -0.7337 -0.5493  0.3999
Z -0.1098  0.6768  0.7280

PART 42
OFFSET  21.0072  4.9109 -12.9401
X -0.3817  0.4157  0.8255
Y -0.6362 -0.7661  0.0916
Z  0.6705 -0.4902  0.5569

PART 43
OFFSET  21.0072  4.9109 -12.9401
X -0.6705  0.4902 -0.5569
Y -0.7337 -0.5493  0.3999
Z -0.1098  0.6768  0.7280

PART 44
OFFSET  20.5682  4.5007 -13.2932
X -0.6705  0.4902 -0.5569
Y -0.7337 -0.5493  0.3999
Z -0.1098  0.6768  0.7280

PART 45
OFFSET  19.6295  5.1870 -14.0728
X -0.6049  0.2601 -0.7526
Y -0.7337 -0.5493  0.3999
Z -0.3094  0.7942  0.5231

PART 46
OFFSET  27.6579  10.2048 -17.1617
X  0.7337  0.5493 -0.3999
Y -0.6705  0.4902 -0.5569
Z -0.1098  0.6768  0.7280

PART 47
OFFSET  26.3077  9.9880 -18.2269
X  0.8441  0.4866  0.2253
Y  0.1270  0.2268 -0.9656
Z -0.5210  0.8437  0.1297

PART 48
OFFSET -10.8444 -11.7139 -5.9426
X -0.9448  0.3078 -0.1128
Y -0.2164 -0.3272  0.9198
Z  0.2462  0.8934  0.3758

PART 49
OFFSET  0.5813 -15.4360 -4.5786
X -0.6743 -0.7331  0.0881
Y  0.7359 -0.6575  0.1617
Z -0.0607  0.1739  0.9829

PART 50
OFFSET  6.3169 -9.2003 -5.3277
X -0.6743 -0.7331  0.0881
Y  0.4780 -0.5243 -0.7047
Z  0.5628 -0.4331  0.7040

PART 51
OFFSET  6.8588 -7.9066 -6.7411
X -0.6785 -0.7298  0.0842
Y  0.0519 -0.1619 -0.9854
Z  0.7328 -0.6642  0.1477

PART 52
OFFSET  6.3966 -6.8975 -6.2354
X -0.6785 -0.7298  0.0842
Y  0.0519 -0.1619 -0.9854
Z  0.7328 -0.6642  0.1477

PART 53
OFFSET  6.4861 -6.6830 -4.8865
X -0.6785 -0.7298  0.0842
Y  0.0519 -0.1619 -0.9854
Z  0.7328 -0.6642  0.1477

PART 54
OFFSET  8.3842 -6.9526 -5.5977
X -0.5766 -0.7712  0.2699
Y  0.4315 -0.5679 -0.7009
Z  0.6938 -0.2876  0.6602

PART 55
OFFSET  7.9423 -5.9396 -5.3138
X  0.1482 -0.9716  0.1843
Y  0.3746 -0.1173 -0.9197
Z  0.9153  0.2053  0.3466

PART 56
OFFSET  7.5341 -3.8426 -5.6389
X -0.4566 -0.4960  0.7386
Y  0.3712 -0.8607 -0.3486
Z  0.8086  0.1150  0.5771

PART 57
OFFSET  8.2028 -3.1060 -6.9167
X -0.4700  0.2686  0.8408
Y -0.0176 -0.9552  0.2953
Z  0.8825  0.1240  0.4537

PART 58
OFFSET  8.6710 -3.3860 -7.8517
X -0.9174 -0.0782  0.3901
Y -0.3937  0.0366 -0.9185
Z  0.0576 -0.9963 -0.0643

PART 59
OFFSET  9.1940 -6.8501 -6.7100
X -0.5286 -0.4884  0.6943
Y  0.8314 -0.1328  0.5396
Z -0.1713  0.8624  0.4763

PART 60
OFFSET  10.2548 -5.6108 -8.2667
X  0.5796 -0.4987  0.6445
Y  0.8093  0.2592 -0.5272
Z  0.0959  0.8271  0.5538

PART 61
OFFSET  9.4343 -4.9047 -9.1791
X  0.9895 -0.0232 -0.1429
Y -0.0996  0.6070 -0.7884
Z  0.1051  0.7944  0.5983

PART 62
OFFSET  8.5570 -4.8841 -9.0524
X  0.4959  0.4379 -0.7499
Y -0.8638  0.3375 -0.3741
Z  0.0893  0.8333  0.5456

PART 63
OFFSET  8.0859 -5.3002 -8.3399
X  0.1501 -0.6673  0.7295
Y -0.9599  0.0783  0.2691
Z -0.2367 -0.7407 -0.6288

PART 64
OFFSET  9.1308 -6.3432 -6.2114
X -0.5517 -0.6255  0.5516
Y  0.7817 -0.1574  0.6034
Z -0.2906  0.7641  0.5759

PART 65
OFFSET  10.6232 -4.8366 -7.7152
X  0.5356 -0.4268  0.7287
Y  0.8437  0.2331 -0.4837
Z  0.0366  0.8738  0.4849

PART 66
OFFSET  9.7113 -4.1100 -8.9558
X  0.9480  0.1248 -0.2927
Y -0.3152  0.4945 -0.8100
Z  0.0436  0.8602  0.5081

PART 67
OFFSET  8.3974 -4.2831 -8.5501
X  0.3346  0.4703 -0.8167
Y -0.9416  0.2017 -0.2696
Z  0.0379  0.8592  0.5103

PART 68
OFFSET  8.0346 -4.7931 -7.6644
X  0.2656 -0.4582  0.8482
Y -0.9639 -0.1414  0.2255
Z  0.0166 -0.8775 -0.4793

PART 69
OFFSET  5.9916 -9.8362 -3.5277
X -0.4330 -0.6957  0.5731
Y -0.8140  0.0287 -0.5802
Z  0.3872 -0.7177 -0.5787

PART 70
OFFSET  10.5631 -3.6262 -5.8755
X -0.6964 -0.6580  0.2864
Y  0.6542 -0.4181  0.6302
Z -0.2949  0.6263  0.7216

PART 71
OFFSET  11.7893 -2.4678 -6.3798
X  0.3422 -0.5944  0.7277
Y  0.8810  0.4722 -0.0286
Z -0.3266  0.6509  0.6853

PART 72
OFFSET  11.3535 -1.7057 -7.2228
X  0.6923 -0.3973  0.6023
Y  0.6633  0.6790 -0.3146
Z -0.2840  0.6173  0.7336

PART 73
