// Export filename: `C:\projects\cod\t5\xanim_export\t5_viewmodels\ak47\ak47_masterkey_d2p_in.XANIM_EXPORT`
// Source filename: `D:\projects\devanim\t5\animation_assets\viewmodels/ak47/ViewModel_AK47_MasterKey_animated.fbx`
// Export time: Wed Jul 07 18:24:13 2010

ANIMATION
VERSION 3

NUMPARTS 77
PART 0 "tag_ads"
PART 1 "tag_torso"
PART 2 "J_Shoulder_LE"
PART 3 "J_Elbow_LE"
PART 4 "J_WristTwist_LE"
PART 5 "J_Sleave_Reshape_Bottom_LE_1"
PART 6 "J_Sleave_Reshape_Bottom_LE_2"
PART 7 "J_Sleave_Reshape_Top_LE_1"
PART 8 "J_Sleave_Reshape_Top_LE_2"
PART 9 "J_Sleave_Reshape_Top_LE_3"
PART 10 "J_Wrist_LE"
PART 11 "J_Thumb_LE_0"
PART 12 "J_Thumb_LE_1"
PART 13 "J_Thumb_LE_2"
PART 14 "J_Thumb_LE_3"
PART 15 "J_PinkyPalm_LE"
PART 16 "J_Pinky_LE_0"
PART 17 "J_Pinky_LE_1"
PART 18 "J_Pinky_LE_2"
PART 19 "J_Pinky_LE_3"
PART 20 "J_RingPalm_LE"
PART 21 "J_Ring_LE_0"
PART 22 "J_Ring_LE_1"
PART 23 "J_Ring_LE_2"
PART 24 "J_Ring_LE_3"
PART 25 "J_Webbing_LE"
PART 26 "J_Index_LE_0"
PART 27 "J_Index_LE_1"
PART 28 "J_Index_LE_2"
PART 29 "J_Index_LE_3"
PART 30 "J_Mid_LE_0"
PART 31 "J_Mid_LE_1"
PART 32 "J_Mid_LE_2"
PART 33 "J_Mid_LE_3"
PART 34 "tag_knife_attach"
PART 35 "tag_weapon"
PART 36 "J_Gun"
PART 37 "J_bolt"
PART 38 "tag_masterkey"
PART 39 "tag_brass2"
PART 40 "tag_ammo2"
PART 41 "tag_pump2"
PART 42 "TAG_CLIP"
PART 43 "TAG_FLASH"
PART 44 "J_Shoulder_RI"
PART 45 "J_Elbow_RI"
PART 46 "J_WristTwist_RI"
PART 47 "J_Sleave_Reshape_Top_RI_3"
PART 48 "J_Sleave_Reshape_Top_RI_2"
PART 49 "J_Sleave_Reshape_Top_RI_1"
PART 50 "J_Wrist_RI"
PART 51 "J_Thumb_RI_0"
PART 52 "J_Thumb_RI_1"
PART 53 "J_Thumb_RI_2"
PART 54 "J_Thumb_RI_3"
PART 55 "J_PinkyPalm_RI"
PART 56 "J_Pinky_RI_0"
PART 57 "J_Pinky_RI_1"
PART 58 "J_Pinky_RI_2"
PART 59 "J_Pinky_RI_3"
PART 60 "J_RingPalm_RI"
PART 61 "J_Ring_RI_0"
PART 62 "J_Ring_RI_1"
PART 63 "J_Ring_RI_2"
PART 64 "J_Ring_RI_3"
PART 65 "J_Webbing_RI"
PART 66 "J_Index_RI_0"
PART 67 "J_Index_RI_1"
PART 68 "J_Index_RI_2"
PART 69 "J_Index_RI_3"
PART 70 "J_Mid_RI_0"
PART 71 "J_Mid_RI_1"
PART 72 "J_Mid_RI_2"
PART 73 "J_Mid_RI_3"
PART 74 "tag_cambone"
PART 75 "tag_camera"
PART 76 "tag_gasmask"

FRAMERATE 30
NUMFRAMES 11

FRAME 2060
PART 0
OFFSET  0.0000 -0.0000 -0.0000
X  1.0000 -0.0000  0.0000
Y  0.0000  1.0000  0.0000
Z  0.0000 -0.0000  1.0000

PART 1
OFFSET -4.6318 -0.0000 -1.3770
X  1.0000 -0.0000  0.0000
Y  0.0000  1.0000  0.0000
Z  0.0000 -0.0000  1.0000

PART 2
OFFSET -3.5060  6.3408 -6.7125
X  0.6963 -0.2707 -0.6647
Y  0.1414 -0.8562  0.4969
Z -0.7037 -0.4400 -0.5579

PART 3
OFFSET  4.9151  3.0665 -14.7516
X  0.9715 -0.2339  0.0373
Y -0.0024  0.1479  0.9890
Z -0.2369 -0.9609  0.1431

PART 4
OFFSET  13.1784  1.0770 -14.4342
X  0.9715 -0.2339  0.0373
Y  0.2354  0.9709 -0.0430
Z -0.0262  0.0506  0.9984

PART 5
OFFSET  14.9580  2.3432 -15.4110
X  0.9722 -0.2322  0.0311
Y  0.2342  0.9594 -0.1574
Z  0.0067  0.1603  0.9870

PART 6
OFFSET  13.9938 -0.0476 -15.5336
X  0.9722 -0.2322  0.0311
Y  0.2342  0.9594 -0.1574
Z  0.0067  0.1603  0.9870

PART 7
OFFSET  15.3720  2.1869 -13.1328
X  0.9722 -0.2322  0.0311
Y  0.2342  0.9594 -0.1574
Z  0.0067  0.1603  0.9870

PART 8
OFFSET  14.9026  0.6981 -12.9399
X  0.9722 -0.2322  0.0311
Y  0.2342  0.9594 -0.1574
Z  0.0067  0.1603  0.9870

PART 9
OFFSET  14.2615 -0.3950 -13.3188
X  0.9722 -0.2322  0.0311
Y  0.2342  0.9594 -0.1574
Z  0.0067  0.1603  0.9870

PART 10
OFFSET  16.1569  0.3599 -14.3198
X  0.8700  0.4589 -0.1803
Y -0.4526  0.8884  0.0775
Z  0.1957  0.0142  0.9806

PART 11
OFFSET  16.1918  1.4295 -13.9236
X  0.6872  0.7263 -0.0173
Y -0.6884  0.6434 -0.3349
Z -0.2320  0.2420  0.9421

PART 12
OFFSET  17.5931  3.0744 -13.9420
X  0.9418  0.2855 -0.1777
Y -0.3089  0.9432 -0.1220
Z  0.1328  0.1698  0.9765

PART 13
OFFSET  19.1467  3.4980 -14.1123
X  0.8278  0.5605 -0.0256
Y -0.5493  0.8002 -0.2406
Z -0.1143  0.2133  0.9703

PART 14
OFFSET  20.0273  4.1275 -14.0997
X  0.5713  0.4416 -0.6918
Y -0.2268 -0.7251 -0.6502
Z -0.7888  0.5283 -0.3141

PART 15
OFFSET  17.4172 -0.2001 -14.3572
X  0.9997  0.0074 -0.0216
Y  0.0216 -0.0079  0.9997
Z  0.0072 -0.9999 -0.0080

PART 16
OFFSET  19.6651 -0.0389 -14.2819
X  0.0651  0.4581  0.8865
Y -0.9920  0.1264  0.0076
Z -0.1086 -0.8799  0.4626

PART 17
OFFSET  19.7573  0.6097 -13.0267
X -0.5792  0.4539  0.6772
Y -0.8112 -0.2387 -0.5338
Z -0.0807 -0.8585  0.5064

PART 18
OFFSET  19.2438  1.0121 -12.4263
X -0.8095  0.3634  0.4612
Y -0.5727 -0.3155 -0.7566
Z -0.1294 -0.8766  0.4636

PART 19
OFFSET  18.4748  1.3574 -11.9882
X  0.9974  0.0469  0.0552
Y  0.0722 -0.5828 -0.8094
Z -0.0058  0.8112 -0.5847

PART 20
OFFSET  17.2805  0.4892 -14.4823
X  0.9681  0.1640 -0.1895
Y  0.1975 -0.0342  0.9797
Z  0.1542 -0.9859 -0.0655

PART 21
OFFSET  19.8415  0.8615 -14.7295
X  0.4046  0.1870  0.8952
Y -0.8853  0.3256  0.3321
Z -0.2294 -0.9268  0.2973

PART 22
OFFSET  20.5303  1.1799 -13.2054
X -0.6121  0.3788  0.6942
Y -0.7624 -0.0495 -0.6452
Z -0.2100 -0.9242  0.3191

PART 23
OFFSET  19.6819  1.7048 -12.2434
X -0.8806  0.3163  0.3529
Y -0.4263 -0.2036 -0.8814
Z -0.2069 -0.9266  0.3141

PART 24
OFFSET  18.7269  2.0478 -11.8607
X  0.9548 -0.1884  0.2298
Y  0.1647 -0.3080 -0.9370
Z  0.2474  0.9325 -0.2631

PART 25
OFFSET  18.2251  3.1928 -14.2271
X  0.9605  0.2640  0.0880
Y  0.0480  0.1545 -0.9868
Z -0.2741  0.9521  0.1357

PART 26
OFFSET  19.1327  2.8129 -15.3284
X  0.9617 -0.0845  0.2608
Y -0.2552  0.0717  0.9642
Z -0.1002 -0.9938  0.0474

PART 27
OFFSET  20.8259  2.6641 -14.8693
X  0.3611 -0.0885  0.9283
Y -0.9262  0.0822  0.3681
Z -0.1089 -0.9927 -0.0523

PART 28
OFFSET  21.2714  2.6168 -13.7375
X -0.3262  0.0902  0.9410
Y -0.9416  0.0570 -0.3319
Z -0.0836 -0.9943  0.0664

PART 29
OFFSET  20.9030  2.7187 -12.6746
X  0.9327 -0.3605  0.0119
Y  0.0378  0.0648 -0.9972
Z  0.3587  0.9305  0.0740

PART 30
OFFSET  19.5660  1.8028 -15.2173
X  0.6595  0.0754  0.7479
Y -0.7456  0.1923  0.6380
Z -0.0957 -0.9784  0.1830

PART 31
OFFSET  20.8543  1.9501 -13.7562
X -0.3836  0.2043  0.9006
Y -0.9127  0.0648 -0.4034
Z -0.1408 -0.9768  0.1616

PART 32
OFFSET  20.2940  2.2485 -12.4407
X -0.8701  0.2073  0.4472
Y -0.4620 -0.0269 -0.8865
Z -0.1718 -0.9779  0.1192

PART 33
OFFSET  19.3077  2.4764 -11.9327
X  0.9732 -0.0793  0.2157
Y  0.1931 -0.2265 -0.9547
Z  0.1246  0.9708 -0.2051

PART 34
OFFSET  19.0577  1.1471 -13.3562
X  0.1141 -0.9934 -0.0084
Y -0.1957 -0.0142 -0.9806
Z  0.9740  0.1136 -0.1961

PART 35
OFFSET  10.2443 -1.9509 -7.0301
X  0.7570  0.5117 -0.4063
Y -0.6468  0.4986 -0.5771
Z -0.0927  0.6997  0.7084

PART 36
OFFSET  10.2443 -1.9509 -7.0301
X  0.7570  0.5117 -0.4063
Y -0.6468  0.4986 -0.5771
Z -0.0927  0.6997  0.7084

PART 37
OFFSET  14.2205  2.2705 -7.3512
X  0.7550  0.5259 -0.3917
Y -0.6468  0.4986 -0.5771
Z -0.1082  0.6891  0.7166

PART 38
OFFSET  17.4567  1.0798 -12.4936
X  0.7570  0.5117 -0.4063
Y -0.6468  0.4986 -0.5771
Z -0.0927  0.6997  0.7084

PART 39
OFFSET  21.4331  4.7990 -13.1537
X  0.5031  0.4792 -0.7192
Y  0.4377 -0.8588 -0.2661
Z -0.7452 -0.1809 -0.6419

PART 40
OFFSET  0.6667 -9.4769 -2.8233
X  0.6559  0.7498 -0.0873
Y -0.6468  0.4986 -0.5771
Z -0.3892  0.4350  0.8120

PART 41
OFFSET  25.3098  4.8205 -18.0630
X  0.6468 -0.4986  0.5771
Y  0.7570  0.5117 -0.4063
Z -0.0927  0.6997  0.7084

PART 42
OFFSET  13.3971  0.4071 -8.5523
X  0.7570  0.5117 -0.4063
Y -0.6468  0.4986 -0.5771
Z -0.0927  0.6997  0.7084

PART 43
OFFSET  28.0107  10.8819 -15.8817
X  0.7570  0.5117 -0.4063
Y -0.6468  0.4986 -0.5771
Z -0.0927  0.6997  0.7084

PART 44
OFFSET -10.8444 -11.7139 -5.9426
X -0.9335  0.3392 -0.1162
Y -0.2261 -0.3051  0.9251
Z  0.2783  0.8899  0.3615

PART 45
OFFSET  0.4454 -15.8159 -4.5369
X -0.6498 -0.7518  0.1117
Y  0.7582 -0.6311  0.1637
Z -0.0526  0.1911  0.9802

PART 46
OFFSET  5.9725 -9.4213 -5.4867
X -0.6498 -0.7518  0.1117
Y  0.4908 -0.5273 -0.6936
Z  0.5803 -0.3959  0.7117

PART 47
OFFSET  6.4545 -8.1393 -6.9321
X -0.6541 -0.7487  0.1078
Y  0.0434 -0.1794 -0.9828
Z  0.7551 -0.6382  0.1498

PART 48
OFFSET  5.9679 -7.1353 -6.4390
X -0.6541 -0.7487  0.1078
Y  0.0434 -0.1794 -0.9828
Z  0.7551 -0.6382  0.1498

PART 49
OFFSET  6.0689 -6.8918 -5.0961
X -0.6541 -0.7487  0.1078
Y  0.0434 -0.1794 -0.9828
Z  0.7551 -0.6382  0.1498

PART 50
OFFSET  7.9647 -7.1164 -5.8291
X -0.6066 -0.7425  0.2840
Y  0.4179 -0.6017 -0.6807
Z  0.6763 -0.2942  0.6753

PART 51
OFFSET  7.5567 -6.0810 -5.5772
X  0.1113 -0.9710  0.2117
Y  0.3794 -0.1554 -0.9121
Z  0.9185  0.1819  0.3511

PART 52
OFFSET  7.2275 -3.9803 -5.9626
X -0.4816 -0.4593  0.7464
Y  0.3435 -0.8825 -0.3214
Z  0.8063  0.1016  0.5827

PART 53
OFFSET  7.9351 -3.3029 -7.2521
X -0.4685  0.3079  0.8281
Y -0.0549 -0.9457  0.3205
Z  0.8818  0.1047  0.4599

PART 54
OFFSET  8.4023 -3.6245 -8.1740
X -0.9236 -0.0349  0.3819
Y -0.3828  0.0257 -0.9235
Z  0.0224 -0.9991 -0.0371

PART 55
OFFSET  8.7888 -7.0730 -6.9347
X -0.5528 -0.4503  0.7011
Y  0.8206 -0.1478  0.5521
Z -0.1450  0.8806  0.4512

PART 56
OFFSET  9.9092 -5.9148 -8.5121
X  0.5548 -0.5015  0.6639
Y  0.8233  0.2158 -0.5249
Z  0.1199  0.8378  0.5326

PART 57
OFFSET  9.1238 -5.2048 -9.4520
X  0.9894 -0.0624 -0.1313
Y -0.0698  0.5886 -0.8054
Z  0.1275  0.8060  0.5780

PART 58
OFFSET  8.2466 -5.1495 -9.3356
X  0.5188  0.3995 -0.7558
Y -0.8473  0.3579 -0.3925
Z  0.1137  0.8440  0.5242

PART 59
OFFSET  7.7537 -5.5291 -8.6175
X  0.1186 -0.6523  0.7487
Y -0.9592  0.1197  0.2563
Z -0.2568 -0.7485 -0.6114

PART 60
OFFSET  8.7390 -6.5508 -6.4505
X -0.5794 -0.5903  0.5620
Y  0.7695 -0.1688  0.6160
Z -0.2688  0.7893  0.5520

PART 61
OFFSET  10.2996 -5.1397 -7.9774
X  0.5126 -0.4258  0.7457
Y  0.8563  0.1897 -0.4803
Z  0.0631  0.8847  0.4618

PART 62
OFFSET  9.4270 -4.4148 -9.2469
X  0.9548  0.0830 -0.2855
Y -0.2891  0.4833 -0.8263
Z  0.0694  0.8715  0.4855

PART 63
OFFSET  8.1037 -4.5298 -8.8513
X  0.3595  0.4358 -0.8252
Y -0.9310  0.2278 -0.2853
Z  0.0636  0.8708  0.4876

PART 64
OFFSET  7.7138 -5.0024 -7.9564
X  0.2404 -0.4443  0.8630
Y -0.9706 -0.1008  0.2185
Z -0.0101 -0.8902 -0.4555

PART 65
OFFSET  5.4492 -9.8557 -3.7095
X -0.4635 -0.6641  0.5866
Y -0.8065  0.0420 -0.5897
Z  0.3670 -0.7465 -0.5551

PART 66
OFFSET  10.2646 -3.8786 -6.1714
X -0.7225 -0.6247  0.2962
Y  0.6324 -0.4240  0.6483
Z -0.2795  0.6557  0.7014

PART 67
OFFSET  11.5367 -2.7787 -6.6928
X  0.3133 -0.5863  0.7470
Y  0.8977  0.4395 -0.0315
Z -0.3099  0.6804  0.6640

PART 68
OFFSET  11.1370 -2.0246 -7.5607
X  0.6715 -0.4053  0.6203
Y  0.6904  0.6462 -0.3252
Z -0.2690  0.6467  0.7137

PART 69
OFFSET  10.3785 -1.5668 -8.2613
X -0.9175 -0.2695  0.2924
Y -0.3920  0.4897 -0.7788
Z  0.0667 -0.8292 -0.5549

PART 70
OFFSET  10.5319 -4.5578 -7.0007
X  0.3896 -0.4530  0.8019
Y  0.9133  0.3025 -0.2728
Z -0.1190  0.8386  0.5315

PART 71
OFFSET  9.7709 -3.6729 -8.5672
X  0.9894  0.1445 -0.0144
Y -0.0839  0.4879 -0.8689
Z -0.1185  0.8609  0.4948

PART 72
OFFSET  8.3257 -3.8839 -8.5462
X  0.4436  0.4651 -0.7661
Y -0.8838  0.0850 -0.4602
Z -0.1489  0.8812  0.4488

PART 73
OFFSET  7.8237 -4.4168 -7.6820
X  0.2338 -0.4672  0.8526
Y -0.9703 -0.1680  0.1740
Z  0.0619 -0.8680 -0.4927

PART 74
OFFSET  0.0000 -0.0000 -0.0000
X  1.0000 -0.0000  0.0000
Y  0.0000  1.0000  0.0000
Z  0.0000 -0.0000  1.0000

PART 75
OFFSET  0.0000 -0.0000 -0.0000
X  1.0000 -0.0000  0.0000
Y  0.0000  1.0000  0.0000
Z  0.0000 -0.0000  1.0000

PART 76
OFFSET  1.5404 -0.0000  4.1357
X  1.0000 -0.0000  0.0000
Y  0.0000  1.0000  0.0000
Z  0.0000 -0.0000  1.0000


FRAME 2061
PART 0
OFFSET  0.0000 -0.0000 -0.0000
X  1.0000 -0.0000  0.0000
Y  0.0000  1.0000  0.0000
Z  0.0000 -0.0000  1.0000

PART 1
OFFSET -4.6318 -0.0000 -1.3770
X  1.0000 -0.0000  0.0000
Y  0.0000  1.0000  0.0000
Z  0.0000 -0.0000  1.0000

PART 2
OFFSET -3.5060  6.3408 -6.7125
X  0.6959 -0.2686 -0.6660
Y  0.1462 -0.8550  0.4977
Z -0.7031 -0.4437 -0.5557

PART 3
OFFSET  4.9103  3.0922 -14.7670
X  0.9726 -0.2286  0.0423
Y -0.0076  0.1508  0.9885
Z -0.2324 -0.9618  0.1449

PART 4
OFFSET  13.1826  1.1475 -14.4070
X  0.9726 -0.2286  0.0423
Y  0.2303  0.9723 -0.0404
Z -0.0319  0.0491  0.9983

PART 5
OFFSET  14.9598  2.4203 -15.3796
X  0.9732 -0.2270  0.0361
Y  0.2298  0.9601 -0.1592
Z  0.0015  0.1633  0.9866

PART 6
OFFSET  14.0088  0.0241 -15.4994
X  0.9732 -0.2270  0.0361
Y  0.2298  0.9601 -0.1592
Z  0.0015  0.1633  0.9866

PART 7
OFFSET  15.3644  2.2729 -13.0991
X  0.9732 -0.2270  0.0361
Y  0.2298  0.9601 -0.1592
Z  0.0015  0.1633  0.9866

PART 8
OFFSET  14.9021  0.7821 -12.9040
X  0.9732 -0.2270  0.0361
Y  0.2298  0.9601 -0.1592
Z  0.0015  0.1633  0.9866

PART 9
OFFSET  14.2685 -0.3154 -13.2824
X  0.9732 -0.2270  0.0361
Y  0.2298  0.9601 -0.1592
Z  0.0015  0.1633  0.9866

PART 10
OFFSET  16.1643  0.4466 -14.2773
X  0.8674  0.4638 -0.1802
Y -0.4569  0.8859  0.0808
Z  0.1971  0.0123  0.9803

PART 11
OFFSET  16.1945  1.5151 -13.8778
X  0.6831  0.7302 -0.0145
Y -0.6924  0.6412 -0.3310
Z -0.2324  0.2361  0.9435

PART 12
OFFSET  17.5866  3.1679 -13.8896
X  0.9405  0.2900 -0.1770
Y -0.3127  0.9426 -0.1171
Z  0.1328  0.1655  0.9772

PART 13
OFFSET  19.1384  3.5984 -14.0588
X  0.8284  0.5597 -0.0222
Y -0.5483  0.8022 -0.2364
Z -0.1145  0.2080  0.9714

PART 14
OFFSET  20.0197  4.2268 -14.0424
X  0.5721  0.4448 -0.6891
Y -0.2273 -0.7213 -0.6543
Z -0.7881  0.5310 -0.3115

PART 15
OFFSET  17.4273 -0.1071 -14.3180
X  0.9997  0.0123 -0.0232
Y  0.0233 -0.0099  0.9997
Z  0.0120 -0.9999 -0.0102

PART 16
OFFSET  19.6745  0.0650 -14.2461
X  0.0658  0.4555  0.8878
Y -0.9926  0.1213  0.0114
Z -0.1025 -0.8819  0.4601

PART 17
OFFSET  19.7677  0.7098 -12.9892
X -0.5818  0.4479  0.6789
Y -0.8099 -0.2425 -0.5340
Z -0.0745 -0.8606  0.5038

PART 18
OFFSET  19.2519  1.1070 -12.3872
X -0.8120  0.3563  0.4622
Y -0.5705 -0.3173 -0.7575
Z -0.1232 -0.8788  0.4609

PART 19
OFFSET  18.4804  1.4455 -11.9481
X  0.9970  0.0538  0.0553
Y  0.0763 -0.5799 -0.8111
Z -0.0115  0.8129 -0.5823

PART 20
OFFSET  17.2870  0.5820 -14.4409
X  0.9670  0.1694 -0.1904
Y  0.1991 -0.0361  0.9793
Z  0.1590 -0.9849 -0.0687

PART 21
OFFSET  19.8457  0.9676 -14.6911
X  0.4056  0.1867  0.8948
Y -0.8863  0.3196  0.3351
Z -0.2234 -0.9290  0.2951

PART 22
OFFSET  20.5363  1.2854 -13.1678
X -0.6139  0.3731  0.6956
Y -0.7626 -0.0526 -0.6447
Z -0.2040 -0.9263  0.3168

PART 23
OFFSET  19.6855  1.8025 -12.2037
X -0.8832  0.3094  0.3524
Y -0.4237 -0.2046 -0.8824
Z -0.2009 -0.9286  0.3118

PART 24
OFFSET  18.7276  2.1381 -11.8215
X  0.9558 -0.1823  0.2307
Y  0.1681 -0.3049 -0.9374
Z  0.2412  0.9348 -0.2608

PART 25
OFFSET  18.2186  3.2894 -14.1790
X  0.9593  0.2684  0.0875
Y  0.0458  0.1577 -0.9864
Z -0.2786  0.9503  0.1389

PART 26
OFFSET  19.1265  2.9173 -15.2827
X  0.9629 -0.0798  0.2579
Y -0.2530  0.0666  0.9652
Z -0.0942 -0.9946  0.0440

PART 27
OFFSET  20.8218  2.7768 -14.8286
X  0.3662 -0.0900  0.9262
Y -0.9248  0.0753  0.3729
Z -0.1033 -0.9931 -0.0557

PART 28
OFFSET  21.2732  2.7276 -13.6993
X -0.3205  0.0845  0.9435
Y -0.9441  0.0529 -0.3255
Z -0.0774 -0.9950  0.0629

PART 29
OFFSET  20.9112  2.8231 -12.6336
X  0.9348 -0.3551  0.0044
Y  0.0309  0.0690 -0.9971
Z  0.3538  0.9323  0.0755

PART 30
OFFSET  19.5650  1.9090 -15.1752
X  0.6602  0.0764  0.7472
Y -0.7456  0.1866  0.6398
Z -0.0905 -0.9795  0.1802

PART 31
OFFSET  20.8548  2.0583 -13.7156
X -0.3851  0.1997  0.9010
Y -0.9129  0.0611 -0.4037
Z -0.1356 -0.9780  0.1587

PART 32
OFFSET  20.2923  2.3499 -12.3996
X -0.8718  0.2014  0.4465
Y -0.4607 -0.0270 -0.8872
Z -0.1666 -0.9791  0.1163

PART 33
OFFSET  19.3040  2.5711 -11.8924
X  0.9734 -0.0746  0.2168
Y  0.1956 -0.2229 -0.9550
Z  0.1195  0.9720 -0.2024

PART 34
OFFSET  19.0626  1.2452 -13.3153
X  0.1190 -0.9928 -0.0115
Y -0.1971 -0.0123 -0.9803
Z  0.9731  0.1190 -0.1971

PART 35
OFFSET  10.2736 -1.9152 -6.9862
X  0.7539  0.5167 -0.4058
Y -0.6501  0.4971 -0.5747
Z -0.0952  0.6971  0.7106

PART 36
OFFSET  10.2736 -1.9152 -6.9862
X  0.7539  0.5167 -0.4058
Y -0.6501  0.4971 -0.5747
Z -0.0952  0.6971  0.7106

PART 37
OFFSET  14.2284  2.3268 -7.3002
X  0.7518  0.5308 -0.3912
Y -0.6501  0.4971 -0.5747
Z -0.1106  0.6864  0.7188

PART 38
OFFSET  17.4631  1.1675 -12.4507
X  0.7539  0.5167 -0.4058
Y -0.6501  0.4971 -0.5747
Z -0.0952  0.6971  0.7106

PART 39
OFFSET  21.4201  4.9082 -13.1053
X  0.4997  0.4839 -0.7184
Y  0.4416 -0.8559 -0.2693
Z -0.7452 -0.1827 -0.6413

PART 40
OFFSET  0.7393 -9.5010 -2.7885
X  0.6521  0.7533 -0.0860
Y -0.6501  0.4971 -0.5747
Z -0.3902  0.4306  0.8138

PART 41
OFFSET  25.2897  4.9635 -18.0199
X  0.6501 -0.4971  0.5747
Y  0.7539  0.5167 -0.4058
Z -0.0952  0.6971  0.7106

PART 42
OFFSET  13.4125  0.4629 -8.5058
X  0.7539  0.5167 -0.4058
Y -0.6501  0.4971 -0.5747
Z -0.0952  0.6971  0.7106

PART 43
OFFSET  27.9638  11.0316 -15.8243
X  0.7539  0.5167 -0.4058
Y -0.6501  0.4971 -0.5747
Z -0.0952  0.6971  0.7106

PART 44
OFFSET -10.8444 -11.7139 -5.9426
X -0.9350  0.3352 -0.1157
Y -0.2249 -0.3082  0.9244
Z  0.2741  0.8903  0.3635

PART 45
OFFSET  0.4637 -15.7672 -4.5429
X -0.6531 -0.7494  0.1084
Y  0.7553 -0.6346  0.1635
Z -0.0537  0.1887  0.9806

PART 46
OFFSET  6.0189 -9.3930 -5.4650
X -0.6531 -0.7494  0.1084
Y  0.4893 -0.5270 -0.6949
Z  0.5779 -0.4008  0.7109

PART 47
OFFSET  6.5089 -8.1092 -6.9061
X -0.6574 -0.7462  0.1045
Y  0.0446 -0.1770 -0.9832
Z  0.7522 -0.6417  0.1496

PART 48
OFFSET  6.0256 -7.1045 -6.4113
X -0.6574 -0.7462  0.1045
Y  0.0446 -0.1770 -0.9832
Z  0.7522 -0.6417  0.1496

PART 49
OFFSET  6.1250 -6.8650 -5.0675
X -0.6574 -0.7462  0.1045
Y  0.0446 -0.1770 -0.9832
Z  0.7522 -0.6417  0.1496

PART 50
OFFSET  8.0213 -7.0955 -5.7974
X -0.6025 -0.7464  0.2826
Y  0.4199 -0.5976 -0.6831
Z  0.6787 -0.2929  0.6735

PART 51
OFFSET  7.6084 -6.0628 -5.5419
X  0.1164 -0.9710  0.2087
Y  0.3789 -0.1508 -0.9131
Z  0.9181  0.1853  0.3503

PART 52
OFFSET  7.2683 -3.9626 -5.9205
X -0.4782 -0.4639  0.7457
Y  0.3474 -0.8798 -0.3245
Z  0.8066  0.1039  0.5819

PART 53
OFFSET  7.9707 -3.2779 -7.2089
X -0.4688  0.3031  0.8297
Y -0.0498 -0.9469  0.3177
Z  0.8819  0.1076  0.4590

PART 54
OFFSET  8.4382 -3.5944 -8.1325
X -0.9228 -0.0406  0.3831
Y -0.3843  0.0266 -0.9228
Z  0.0272 -0.9988 -0.0401

PART 55
OFFSET  8.8435 -7.0446 -6.9041
X -0.5496 -0.4551  0.7006
Y  0.8221 -0.1454  0.5505
Z -0.1487  0.8785  0.4540

PART 56
OFFSET  9.9559 -5.8763 -8.4795
X  0.5582 -0.5007  0.6616
Y  0.8215  0.2215 -0.5254
Z  0.1166  0.8368  0.5350

PART 57
OFFSET  9.1657 -5.1673 -9.4162
X  0.9895 -0.0571 -0.1329
Y -0.0739  0.5907 -0.8035
Z  0.1244  0.8049  0.5803

PART 58
OFFSET  8.2884 -5.1167 -9.2984
X  0.5158  0.4043 -0.7553
Y -0.8496  0.3548 -0.3902
Z  0.1102  0.8430  0.5265

PART 59
OFFSET  7.7984 -5.5009 -8.5808
X  0.1229 -0.6539  0.7465
Y -0.9594  0.1142  0.2580
Z -0.2540 -0.7479 -0.6133

PART 60
OFFSET  8.7918 -6.5242 -6.4182
X -0.5757 -0.5949  0.5610
Y  0.7712 -0.1668  0.6144
Z -0.2719  0.7863  0.5548

PART 61
OFFSET  10.3433 -5.1008 -7.9431
X  0.5157 -0.4254  0.7437
Y  0.8547  0.1953 -0.4810
Z  0.0594  0.8837  0.4644

PART 62
OFFSET  9.4653 -4.3765 -9.2092
X  0.9540  0.0886 -0.2866
Y -0.2926  0.4844 -0.8245
Z  0.0658  0.8704  0.4880

PART 63
OFFSET  8.1432 -4.4992 -8.8121
X  0.3561  0.4400 -0.8244
Y -0.9325  0.2240 -0.2833
Z  0.0600  0.8696  0.4901

PART 64
OFFSET  7.7569 -4.9764 -7.9180
X  0.2438 -0.4457  0.8613
Y -0.9698 -0.1062  0.2196
Z -0.0064 -0.8889 -0.4581

PART 65
OFFSET  5.5223 -9.8535 -3.6825
X -0.4594 -0.6681  0.5853
Y -0.8076  0.0398 -0.5884
Z  0.3698 -0.7430 -0.5578

PART 66
OFFSET  10.3046 -3.8453 -6.1333
X -0.7190 -0.6292  0.2953
Y  0.6354 -0.4228  0.6462
Z -0.2817  0.6522  0.7037

PART 67
OFFSET  11.5705 -2.7376 -6.6532
X  0.3172 -0.5870  0.7448
Y  0.8954  0.4441 -0.0314
Z -0.3123  0.6769  0.6665

PART 68
OFFSET  11.1659 -1.9828 -7.5182
X  0.6744 -0.4038  0.6182
Y  0.6868  0.6505 -0.3243
Z -0.2712  0.6432  0.7160

PART 69
OFFSET  10.4041 -1.5267 -8.2164
X -0.9158 -0.2749  0.2929
Y -0.3955  0.4901 -0.7768
Z  0.0700 -0.8272 -0.5575

PART 70
OFFSET  10.5741 -4.5207 -6.9649
X  0.3929 -0.4534  0.8000
Y  0.9114  0.3078 -0.2732
Z -0.1224  0.8364  0.5342

PART 71
OFFSET  9.8065 -3.6349 -8.5278
X  0.9887  0.1494 -0.0154
Y -0.0875  0.4900 -0.8673
Z -0.1220  0.8588  0.4976

PART 72
OFFSET  8.3624 -3.8531 -8.5053
X  0.4402  0.4696 -0.7653
Y -0.8848  0.0820 -0.4587
Z -0.1527  0.8791  0.4516

PART 73
OFFSET  7.8643 -4.3911 -7.6420
X  0.2373 -0.4686  0.8509
Y -0.9692 -0.1733  0.1749
Z  0.0655 -0.8662 -0.4953

PART 74
OFFSET  0.0000 -0.0000 -0.0000
X  1.0000 -0.0000  0.0000
Y  0.0000  1.0000  0.0000
Z  0.0000 -0.0000  1.0000

PART 75
OFFSET -0.0000 -0.0000 -0.0000
X  1.0000 -0.0000 -0.0030
Y  0.0000  1.0000  0.0021
Z  0.0030 -0.0021  1.0000

PART 76
OFFSET  1.5528 -0.0085  4.1311
X  1.0000 -0.0000 -0.0030
Y  0.0000  1.0000  0.0021
Z  0.0030 -0.0021  1.0000


FRAME 2062
PART 0
OFFSET  0.0000 -0.0000 -0.0000
X  1.0000 -0.0000  0.0000
Y  0.0000  1.0000  0.0000
Z  0.0000 -0.0000  1.0000

PART 1
OFFSET -4.6318 -0.0000 -1.3770
X  1.0000 -0.0000  0.0000
Y  0.0000  1.0000  0.0000
Z  0.0000 -0.0000  1.0000

PART 2
OFFSET -3.5060  6.3408 -6.7125
X  0.6950 -0.2629 -0.6692
Y  0.1592 -0.8513  0.4999
Z -0.7011 -0.4540 -0.5499

PART 3
OFFSET  4.8997  3.1612 -14.8055
X  0.9752 -0.2141  0.0561
Y -0.0220  0.1584  0.9871
Z -0.2202 -0.9639  0.1498

PART 4
OFFSET  13.1941  1.3402 -14.3281
X  0.9752 -0.2141  0.0561
Y  0.2161  0.9758 -0.0323
Z -0.0479  0.0437  0.9979

PART 5
OFFSET  14.9646  2.6310 -15.2890
X  0.9759 -0.2125  0.0499
Y  0.2178  0.9621 -0.1641
Z -0.0131  0.1710  0.9852

PART 6
OFFSET  14.0500  0.2203 -15.4012
X  0.9759 -0.2125  0.0499
Y  0.2178  0.9621 -0.1641
Z -0.0131  0.1710  0.9852

PART 7
OFFSET  15.3430  2.5074 -13.0025
X  0.9759 -0.2125  0.0499
Y  0.2178  0.9621 -0.1641
Z -0.0131  0.1710  0.9852

PART 8
OFFSET  14.8999  1.0117 -12.8011
X  0.9759 -0.2125  0.0499
Y  0.2178  0.9621 -0.1641
Z -0.0131  0.1710  0.9852

PART 9
OFFSET  14.2870 -0.0979 -13.1785
X  0.9759 -0.2125  0.0499
Y  0.2178  0.9621 -0.1641
Z -0.0131  0.1710  0.9852

PART 10
OFFSET  16.1838  0.6838 -14.1560
X  0.8607  0.4765 -0.1792
Y -0.4679  0.8791  0.0904
Z  0.2006  0.0060  0.9797

PART 11
OFFSET  16.2018  1.7490 -13.7471
X  0.6733  0.7394 -0.0092
Y -0.7020  0.6353 -0.3219
Z -0.2322  0.2232  0.9467

PART 12
OFFSET  17.5716  3.4203 -13.7463
X  0.9364  0.3032 -0.1769
Y -0.3244  0.9399 -0.1063
Z  0.1340  0.1569  0.9785

PART 13
OFFSET  19.1176  3.8712 -13.9159
X  0.8237  0.5667 -0.0181
Y -0.5555  0.8001 -0.2264
Z -0.1138  0.1965  0.9739

PART 14
OFFSET  19.9937  4.5067 -13.8948
X  0.5667  0.4570 -0.6856
Y -0.2230 -0.7160 -0.6616
Z -0.7932  0.5277 -0.3038

PART 15
OFFSET  17.4537  0.1469 -14.2064
X  0.9993  0.0253 -0.0270
Y  0.0274 -0.0179  0.9995
Z  0.0248 -0.9995 -0.0186

PART 16
OFFSET  19.6987  0.3472 -14.1417
X  0.0647  0.4482  0.8916
Y -0.9940  0.1082  0.0177
Z -0.0886 -0.8874  0.4525

PART 17
OFFSET  19.7903  0.9817 -12.8794
X -0.5859  0.4334  0.6847
Y -0.8081 -0.2492 -0.5337
Z -0.0607 -0.8660  0.4963

PART 18
OFFSET  19.2708  1.3659 -12.2723
X -0.8159  0.3403  0.4675
Y -0.5679 -0.3188 -0.7589
Z -0.1092 -0.8846  0.4534

PART 19
OFFSET  18.4957  1.6893 -11.8281
X  0.9963  0.0677  0.0533
Y  0.0825 -0.5715 -0.8165
Z -0.0249  0.8178 -0.5749

PART 20
OFFSET  17.3040  0.8351 -14.3225
X  0.9640  0.1835 -0.1924
Y  0.2033 -0.0423  0.9782
Z  0.1714 -0.9821 -0.0781

PART 21
OFFSET  19.8566  1.2559 -14.5791
X  0.4071  0.1842  0.8946
Y -0.8890  0.3046  0.3419
Z -0.2095 -0.9345  0.2877

PART 22
OFFSET  20.5497  1.5694 -13.0560
X -0.6167  0.3586  0.7008
Y -0.7639 -0.0576 -0.6427
Z -0.1901 -0.9317  0.3094

PART 23
OFFSET  19.6950  2.0664 -12.0847
X -0.8870  0.2937  0.3564
Y -0.4223 -0.2034 -0.8834
Z -0.1870 -0.9340  0.3044

PART 24
OFFSET  18.7331  2.3849 -11.6982
X  0.9587 -0.1704  0.2276
Y  0.1708 -0.2946 -0.9402
Z  0.2273  0.9403 -0.2534

PART 25
OFFSET  18.2016  3.5519 -14.0397
X  0.9561  0.2800  0.0863
Y  0.0400  0.1670 -0.9851
Z -0.2903  0.9454  0.1485

PART 26
OFFSET  19.1101  3.2014 -15.1501
X  0.9651 -0.0691  0.2526
Y -0.2492  0.0540  0.9669
Z -0.0805 -0.9961  0.0349

PART 27
OFFSET  20.8093  3.0797 -14.7053
X  0.3734 -0.0939  0.9229
Y -0.9233  0.0591  0.3795
Z -0.0902 -0.9938 -0.0646

PART 28
OFFSET  21.2687  3.0259 -13.5794
X -0.3144  0.0710  0.9466
Y -0.9472  0.0432 -0.3178
Z -0.0634 -0.9965  0.0537

PART 29
OFFSET  20.9135  3.1062 -12.5101
X  0.9395 -0.3424 -0.0062
Y  0.0223  0.0791 -0.9966
Z  0.3417  0.9362  0.0819

PART 30
OFFSET  19.5619  2.1979 -15.0533
X  0.6621  0.0783  0.7453
Y -0.7454  0.1711  0.6442
Z -0.0771 -0.9821  0.1716

PART 31
OFFSET  20.8553  2.3508 -13.5973
X -0.3856  0.1866  0.9036
Y -0.9145  0.0526 -0.4011
Z -0.1224 -0.9810  0.1504

PART 32
OFFSET  20.2921  2.6234 -12.2774
X -0.8736  0.1859  0.4497
Y -0.4618 -0.0254 -0.8866
Z -0.1534 -0.9822  0.1080

PART 33
OFFSET  19.3019  2.8269 -11.7668
X  0.9746 -0.0635  0.2146
Y  0.1970 -0.2119 -0.9572
Z  0.1063  0.9752 -0.1940

PART 34
OFFSET  19.0752  1.5111 -13.1976
X  0.1318 -0.9911 -0.0209
Y -0.2006 -0.0060 -0.9797
Z  0.9708  0.1333 -0.1996

PART 35
OFFSET  10.3517 -1.8189 -6.8648
X  0.7456  0.5300 -0.4040
Y -0.6586  0.4938 -0.5678
Z -0.1014  0.6894  0.7172

PART 36
OFFSET  10.3517 -1.8189 -6.8648
X  0.7456  0.5300 -0.4040
Y -0.6586  0.4938 -0.5678
Z -0.1014  0.6894  0.7172

PART 37
OFFSET  14.2503  2.4764 -7.1552
X  0.7434  0.5439 -0.3892
Y -0.6586  0.4938 -0.5678
Z -0.1167  0.6785  0.7253

PART 38
OFFSET  17.4802  1.4051 -12.3278
X  0.7456  0.5300 -0.4040
Y -0.6586  0.4938 -0.5678
Z -0.1014  0.6894  0.7172

PART 39
OFFSET  21.3861  5.2023 -12.9633
X  0.4907  0.4967 -0.7159
Y  0.4515 -0.8476 -0.2786
Z -0.7452 -0.1865 -0.6402

PART 40
OFFSET  0.9319 -9.5644 -2.7003
X  0.6420  0.7624 -0.0816
Y -0.6586  0.4938 -0.5678
Z -0.3926  0.4183  0.8191

PART 41
OFFSET  25.2360  5.3515 -17.8915
X  0.6586 -0.4938  0.5678
Y  0.7456  0.5300 -0.4040
Z -0.1014  0.6894  0.7172

PART 42
OFFSET  13.4540  0.6130 -8.3745
X  0.7456  0.5300 -0.4040
Y -0.6586  0.4938 -0.5678
Z -0.1014  0.6894  0.7172

PART 43
OFFSET  27.8400  11.4337 -15.6513
X  0.7456  0.5300 -0.4040
Y -0.6586  0.4938 -0.5678
Z -0.1014  0.6894  0.7172

PART 44
OFFSET -10.8444 -11.7139 -5.9426
X -0.9390  0.3242 -0.1145
Y -0.2216 -0.3162  0.9225
Z  0.2629  0.8916  0.3687

PART 45
OFFSET  0.5122 -15.6347 -4.5582
X -0.6619 -0.7429  0.0999
Y  0.7475 -0.6440  0.1629
Z -0.0567  0.1825  0.9816

PART 46
OFFSET  6.1417 -9.3158 -5.4080
X -0.6619 -0.7429  0.0999
Y  0.4850 -0.5260 -0.6986
Z  0.5716 -0.4139  0.7085

PART 47
OFFSET  6.6531 -8.0276 -6.8376
X -0.6661 -0.7397  0.0960
Y  0.0476 -0.1706 -0.9842
Z  0.7443 -0.6510  0.1489

PART 48
OFFSET  6.1783 -7.0211 -6.3382
X -0.6661 -0.7397  0.0960
Y  0.0476 -0.1706 -0.9842
Z  0.7443 -0.6510  0.1489

PART 49
OFFSET  6.2735 -6.7919 -4.9923
X -0.6661 -0.7397  0.0960
Y  0.0476 -0.1706 -0.9842
Z  0.7443 -0.6510  0.1489

PART 50
OFFSET  8.1708 -7.0383 -5.7143
X -0.5918 -0.7566  0.2781
Y  0.4249 -0.5860 -0.6899
Z  0.6850 -0.2901  0.6683

PART 51
OFFSET  7.7457 -6.0133 -5.4480
X  0.1297 -0.9713  0.1995
Y  0.3773 -0.1377 -0.9158
Z  0.9170  0.1940  0.3486

PART 52
OFFSET  7.3772 -3.9144 -5.8065
X -0.4694 -0.4766  0.7433
Y  0.3574 -0.8723 -0.3337
Z  0.8074  0.1091  0.5798

PART 53
OFFSET  8.0658 -3.2092 -7.0913
X -0.4695  0.2896  0.8341
Y -0.0364 -0.9502  0.3094
Z  0.8822  0.1149  0.4567

PART 54
OFFSET  8.5338 -3.5114 -8.0194
X -0.9208 -0.0559  0.3861
Y -0.3881  0.0299 -0.9211
Z  0.0400 -0.9980 -0.0492

PART 55
OFFSET  8.9882 -6.9669 -6.8235
X -0.5410 -0.4684  0.6985
Y  0.8260 -0.1397  0.5461
Z -0.1583  0.8724  0.4625

PART 56
OFFSET  10.0795 -5.7702 -8.3925
X  0.5671 -0.4994  0.6550
Y  0.8166  0.2368 -0.5265
Z  0.1078  0.8334  0.5420

PART 57
OFFSET  9.2766 -5.0633 -9.3198
X  0.9896 -0.0431 -0.1371
Y -0.0845  0.5968 -0.7979
Z  0.1162  0.8012  0.5870

PART 58
OFFSET  8.3992 -5.0251 -9.1983
X  0.5077  0.4177 -0.7535
Y -0.8556  0.3473 -0.3839
Z  0.1014  0.8396  0.5337

PART 59
OFFSET  7.9169 -5.4219 -8.4824
X  0.1341 -0.6589  0.7402
Y -0.9598  0.0995  0.2625
Z -0.2466 -0.7456 -0.6191

PART 60
OFFSET  8.9316 -6.4516 -6.3328
X -0.5658 -0.6072  0.5578
Y  0.7756 -0.1624  0.6100
Z -0.2799  0.7778  0.5628

PART 61
OFFSET  10.4588 -4.9947 -7.8505
X  0.5240 -0.4254  0.7379
Y  0.8503  0.2106 -0.4824
Z  0.0497  0.8802  0.4721

PART 62
OFFSET  9.5667 -4.2705 -9.1068
X  0.9516  0.1034 -0.2893
Y -0.3020  0.4879 -0.8190
Z  0.0564  0.8668  0.4955

PART 63
OFFSET  8.2478 -4.4138 -8.7059
X  0.3473  0.4519 -0.8217
Y -0.9364  0.2145 -0.2778
Z  0.0507  0.8659  0.4977

PART 64
OFFSET  7.8712 -4.9039 -7.8148
X  0.2528 -0.4502  0.8564
Y -0.9675 -0.1207  0.2222
Z  0.0033 -0.8847 -0.4661

PART 65
OFFSET  5.7157 -9.8471 -3.6150
X -0.4485 -0.6792  0.5810
Y -0.8102  0.0346 -0.5851
Z  0.3773 -0.7331 -0.5658

PART 66
OFFSET  10.4108 -3.7560 -6.0293
X -0.7097 -0.6410  0.2923
Y  0.6432 -0.4203  0.6400
Z -0.2874  0.6422  0.7106

PART 67
OFFSET  11.6604 -2.6274 -6.5440
X  0.3276 -0.5895  0.7384
Y  0.8895  0.4558 -0.0307
Z -0.3185  0.6669  0.6737

PART 68
OFFSET  11.2428 -1.8703 -7.4007
X  0.6819 -0.4006  0.6120
Y  0.6771  0.6622 -0.3209
Z -0.2767  0.6332  0.7228

PART 69
OFFSET  10.4726 -1.4178 -8.0920
X -0.9110 -0.2893  0.2938
Y -0.4048  0.4918 -0.7709
Z  0.0785 -0.8212 -0.5652

PART 70
OFFSET  10.6858 -4.4204 -6.8681
X  0.4018 -0.4555  0.7944
Y  0.9063  0.3220 -0.2738
Z -0.1311  0.8300  0.5422

PART 71
OFFSET  9.9009 -3.5306 -8.4200
X  0.9866  0.1623 -0.0177
Y -0.0971  0.4966 -0.8625
Z -0.1312  0.8527  0.5057

PART 72
OFFSET  8.4599 -3.7677 -8.3942
X  0.4312  0.4821 -0.7627
Y -0.8875  0.0746 -0.4547
Z -0.1622  0.8730  0.4600

PART 73
OFFSET  7.9720 -4.3197 -7.5340
X  0.2466 -0.4731  0.8458
Y -0.9662 -0.1874  0.1769
Z  0.0748 -0.8608 -0.5033

PART 74
OFFSET  0.0000 -0.0000 -0.0000
X  1.0000 -0.0000  0.0000
Y  0.0000  1.0000  0.0000
Z  0.0000 -0.0000  1.0000

PART 75
OFFSET -0.0000 -0.0000 -0.0000
X  0.9999  0.0000 -0.0111
Y  0.0001  1.0000  0.0076
Z  0.0111 -0.0076  0.9999

PART 76
OFFSET  1.5862 -0.0316  4.1183
X  0.9999  0.0000 -0.0111
Y  0.0001  1.0000  0.0076
Z  0.0111 -0.0076  0.9999


FRAME 2063
PART 0
OFFSET  0.0000 -0.0000 -0.0000
X  1.0000 -0.0000  0.0000
Y  0.0000  1.0000  0.0000
Z  0.0000 -0.0000  1.0000

PART 1
OFFSET -4.6318 -0.0000 -1.3770
X  1.0000 -0.0000  0.0000
Y  0.0000  1.0000  0.0000
Z  0.0000 -0.0000  1.0000

PART 2
OFFSET -3.5060  6.3408 -6.7125
X  0.6942 -0.2546 -0.6732
Y  0.1780 -0.8456  0.5033
Z -0.6974 -0.4692 -0.5417

PART 3
OFFSET  4.8897  3.2614 -14.8545
X  0.9783 -0.1922  0.0768
Y -0.0441  0.1691  0.9846
Z -0.2023 -0.9667  0.1569

PART 4
OFFSET  13.2109  1.6264 -14.2009
X  0.9783 -0.1922  0.0768
Y  0.1941  0.9808 -0.0180
Z -0.0719  0.0325  0.9969

PART 5
OFFSET  14.9711  2.9445 -15.1436
X  0.9791 -0.1906  0.0706
Y  0.2002  0.9647 -0.1713
Z -0.0354  0.1819  0.9827

PART 6
OFFSET  14.1108  0.5134 -15.2446
X  0.9791 -0.1906  0.0706
Y  0.2002  0.9647 -0.1713
Z -0.0354  0.1819  0.9827

PART 7
OFFSET  15.3087  2.8550 -12.8492
X  0.9791 -0.1906  0.0706
Y  0.2002  0.9647 -0.1713
Z -0.0354  0.1819  0.9827

PART 8
OFFSET  14.8941  1.3524 -12.6386
X  0.9791 -0.1906  0.0706
Y  0.2002  0.9647 -0.1713
Z -0.0354  0.1819  0.9827

PART 9
OFFSET  14.3125  0.2255 -13.0143
X  0.9791 -0.1906  0.0706
Y  0.2002  0.9647 -0.1713
Z -0.0354  0.1819  0.9827

PART 10
OFFSET  16.2102  1.0371 -13.9653
X  0.8510  0.4946 -0.1766
Y -0.4831  0.8691  0.1060
Z  0.2059 -0.0049  0.9786

PART 11
OFFSET  16.2113  2.0963 -13.5406
X  0.6596  0.7516 -0.0008
Y -0.7152  0.6273 -0.3082
Z -0.2311  0.2038  0.9513

PART 12
OFFSET  17.5504  3.7922 -13.5201
X  0.9300  0.3223 -0.1767
Y -0.3412  0.9357 -0.0896
Z  0.1364  0.1436  0.9802

PART 13
OFFSET  19.0874  4.2727 -13.6902
X  0.8152  0.5791 -0.0126
Y -0.5683  0.7954 -0.2108
Z -0.1121  0.1790  0.9774

PART 14
OFFSET  19.9541  4.9207 -13.6627
X  0.5566  0.4764 -0.6806
Y -0.2155 -0.7084 -0.6721
Z -0.8023  0.5208 -0.2916

PART 15
OFFSET  17.4892  0.5240 -14.0305
X  0.9985  0.0437 -0.0320
Y  0.0334 -0.0319  0.9989
Z  0.0426 -0.9985 -0.0333

PART 16
OFFSET  19.7306  0.7637 -13.9751
X  0.0625  0.4358  0.8979
Y -0.9956  0.0899  0.0256
Z -0.0696 -0.8955  0.4396

PART 17
OFFSET  19.8191  1.3808 -12.7039
X -0.5905  0.4120  0.6940
Y -0.8060 -0.2565 -0.5335
Z -0.0418 -0.8743  0.4835

PART 18
OFFSET  19.2955  1.7460 -12.0886
X -0.8199  0.3177  0.4762
Y -0.5653 -0.3183 -0.7610
Z -0.0902 -0.8932  0.4405

PART 19
OFFSET  18.5166  2.0478 -11.6362
X  0.9951  0.0860  0.0498
Y  0.0895 -0.5576 -0.8253
Z -0.0432  0.8257 -0.5625

PART 20
OFFSET  17.3265  1.2111 -14.1355
X  0.9595  0.2037 -0.1947
Y  0.2094 -0.0532  0.9764
Z  0.1885 -0.9776 -0.0937

PART 21
OFFSET  19.8696  1.6815 -14.3996
X  0.4091  0.1784  0.8949
Y -0.8924  0.2831  0.3515
Z -0.1906 -0.9424  0.2750

PART 22
OFFSET  20.5661  1.9852 -12.8760
X -0.6195  0.3367  0.7091
Y -0.7661 -0.0624 -0.6397
Z -0.1711 -0.9396  0.2966

PART 23
OFFSET  19.7075  2.4518 -11.8932
X -0.8909  0.2716  0.3640
Y -0.4220 -0.1986 -0.8846
Z -0.1680 -0.9417  0.2915

PART 24
OFFSET  18.7412  2.7463 -11.4984
X  0.9627 -0.1554  0.2214
Y  0.1725 -0.2777 -0.9451
Z  0.2084  0.9480 -0.2405

PART 25
OFFSET  18.1769  3.9391 -13.8169
X  0.9514  0.2959  0.0854
Y  0.0315  0.1824 -0.9827
Z -0.3064  0.9377  0.1642

PART 26
OFFSET  19.0852  3.6216 -14.9371
X  0.9678 -0.0551  0.2458
Y -0.2442  0.0347  0.9691
Z -0.0619 -0.9979  0.0201

PART 27
OFFSET  20.7891  3.5247 -14.5044
X  0.3819 -0.1010  0.9187
Y -0.9214  0.0361  0.3870
Z -0.0723 -0.9942 -0.0793

PART 28
OFFSET  21.2578  3.4622 -13.3828
X -0.3078  0.0507  0.9501
Y -0.9504  0.0305 -0.3095
Z -0.0446 -0.9982  0.0388

PART 29
OFFSET  20.9101  3.5195 -12.3096
X  0.9456 -0.3248 -0.0190
Y  0.0126  0.0947 -0.9954
Z  0.3251  0.9410  0.0936

PART 30
OFFSET  19.5555  2.6251 -14.8578
X  0.6648  0.0791  0.7429
Y -0.7448  0.1480  0.6507
Z -0.0585 -0.9858  0.1573

PART 31
OFFSET  20.8542  2.7796 -13.4066
X -0.3848  0.1661  0.9079
Y -0.9171  0.0418 -0.3963
Z -0.1038 -0.9852  0.1363

PART 32
OFFSET  20.2921  3.0223 -12.0804
X -0.8750  0.1632  0.4557
Y -0.4648 -0.0207 -0.8851
Z -0.1350 -0.9864  0.0940

PART 33
OFFSET  19.3005  3.2002 -11.5630
X  0.9765 -0.0489  0.2099
Y  0.1969 -0.1942 -0.9610
Z  0.0877  0.9798 -0.1800

PART 34
OFFSET  19.0915  1.9022 -13.0100
X  0.1494 -0.9881 -0.0364
Y -0.2059  0.0049 -0.9786
Z  0.9671  0.1537 -0.2027

PART 35
OFFSET  10.4646 -1.6783 -6.6815
X  0.7337  0.5493 -0.3999
Y -0.6705  0.4902 -0.5569
Z -0.1098  0.6768  0.7280

PART 36
OFFSET  10.4646 -1.6783 -6.6815
X  0.7337  0.5493 -0.3999
Y -0.6705  0.4902 -0.5569
Z -0.1098  0.6768  0.7280

PART 37
OFFSET  14.2839  2.6904 -6.9284
X  0.7313  0.5630 -0.3850
Y -0.6705  0.4902 -0.5569
Z -0.1248  0.6654  0.7360

PART 38
OFFSET  17.5035  1.7544 -12.1335
X  0.7337  0.5493 -0.3999
Y -0.6705  0.4902 -0.5569
Z -0.1098  0.6768  0.7280

PART 39
OFFSET  21.3371  5.6304 -12.7328
X  0.4777  0.5160 -0.7110
Y  0.4651 -0.8351 -0.2936
Z -0.7453 -0.1904 -0.6390

PART 40
OFFSET  1.2087 -9.6533 -2.5835
X  0.6277  0.7749 -0.0736
Y -0.6705  0.4902 -0.5569
Z -0.3955  0.3989  0.8273

PART 41
OFFSET  25.1562  5.9222 -17.6785
X  0.6705 -0.4902  0.5569
Y  0.7337  0.5493 -0.3999
Z -0.1098  0.6768  0.7280

PART 42
OFFSET  13.5143  0.8313 -8.1711
X  0.7337  0.5493 -0.3999
Y -0.6705  0.4902 -0.5569
Z -0.1098  0.6768  0.7280

PART 43
OFFSET  27.6631  12.0165 -15.3615
X  0.7337  0.5493 -0.3999
Y -0.6705  0.4902 -0.5569
Z -0.1098  0.6768  0.7280

PART 44
OFFSET -10.8444 -11.7139 -5.9426
X -0.9448  0.3078 -0.1128
Y -0.2164 -0.3272  0.9198
Z  0.2462  0.8934  0.3758

PART 45
OFFSET  0.5813 -15.4360 -4.5786
X -0.6743 -0.7331  0.0881
Y  0.7359 -0.6575  0.1617
Z -0.0607  0.1739  0.9829

PART 46
OFFSET  6.3169 -9.2003 -5.3277
X -0.6743 -0.7331  0.0881
Y  0.4780 -0.5243 -0.7047
Z  0.5628 -0.4331  0.7040

PART 47
OFFSET  6.8589 -7.9066 -6.7410
X -0.6785 -0.7298  0.0842
Y  0.0519 -0.1619 -0.9854
Z  0.7328 -0.6642  0.1477

PART 48
OFFSET  6.3967 -6.8975 -6.2352
X -0.6785 -0.7298  0.0842
Y  0.0519 -0.1619 -0.9854
Z  0.7328 -0.6642  0.1477

PART 49
OFFSET  6.4860 -6.6829 -4.8865
X -0.6785 -0.7298  0.0842
Y  0.0519 -0.1619 -0.9854
Z  0.7328 -0.6642  0.1477

PART 50
OFFSET  8.3842 -6.9526 -5.5977
X -0.5766 -0.7712  0.2699
Y  0.4315 -0.5679 -0.7009
Z  0.6938 -0.2876  0.6602

PART 51
OFFSET  7.9423 -5.9396 -5.3138
X  0.1482 -0.9716  0.1843
Y  0.3746 -0.1173 -0.9197
Z  0.9153  0.2053  0.3466

PART 52
OFFSET  7.5341 -3.8426 -5.6389
X -0.4566 -0.4960  0.7386
Y  0.3712 -0.8607 -0.3486
Z  0.8086  0.1150  0.5771

PART 53
OFFSET  8.2028 -3.1060 -6.9167
X -0.4700  0.2686  0.8408
Y -0.0176 -0.9552  0.2953
Z  0.8825  0.1240  0.4537

PART 54
OFFSET  8.6710 -3.3860 -7.8517
X -0.9174 -0.0782  0.3901
Y -0.3937  0.0366 -0.9185
Z  0.0576 -0.9963 -0.0643

PART 55
OFFSET  9.1940 -6.8501 -6.7100
X -0.5286 -0.4884  0.6943
Y  0.8314 -0.1328  0.5396
Z -0.1713  0.8624  0.4763

PART 56
OFFSET  10.2548 -5.6108 -8.2667
X  0.5796 -0.4987  0.6445
Y  0.8093  0.2592 -0.5272
Z  0.0959  0.8271  0.5538

PART 57
OFFSET  9.4343 -4.9047 -9.1791
X  0.9895 -0.0232 -0.1429
Y -0.0996  0.6070 -0.7884
Z  0.1051  0.7944  0.5983

PART 58
OFFSET  8.5570 -4.8841 -9.0524
X  0.4959  0.4379 -0.7499
Y -0.8638  0.3375 -0.3741
Z  0.0893  0.8333  0.5456

PART 59
OFFSET  8.0859 -5.3002 -8.3399
X  0.1501 -0.6673  0.7295
Y -0.9599  0.0783  0.2691
Z -0.2367 -0.7407 -0.6288

PART 60
OFFSET  9.1308 -6.3432 -6.2114
X -0.5517 -0.6255  0.5516
Y  0.7817 -0.1574  0.6034
Z -0.2906  0.7641  0.5759

PART 61
OFFSET  10.6232 -4.8366 -7.7152
X  0.5356 -0.4268  0.7287
Y  0.8437  0.2331 -0.4837
Z  0.0366  0.8738  0.4849

PART 62
OFFSET  9.7113 -4.1100 -8.9558
X  0.9480  0.1248 -0.2927
Y -0.3152  0.4945 -0.8100
Z  0.0436  0.8602  0.5081

PART 63
OFFSET  8.3974 -4.2831 -8.5501
X  0.3346  0.4703 -0.8167
Y -0.9416  0.2017 -0.2696
Z  0.0379  0.8592  0.5103

PART 64
OFFSET  8.0346 -4.7931 -7.6644
X  0.2656 -0.4582  0.8482
Y -0.9639 -0.1414  0.2255
Z  0.0166 -0.8775 -0.4793

PART 65
OFFSET  5.9916 -9.8362 -3.5277
X -0.4330 -0.6957  0.5731
Y -0.8140  0.0287 -0.5802
Z  0.3872 -0.7177 -0.5787

PART 66
OFFSET  10.5631 -3.6262 -5.8755
X -0.6964 -0.6580  0.2864
Y  0.6542 -0.4181  0.6302
Z -0.2949  0.6263  0.7216

PART 67
OFFSET  11.7893 -2.4678 -6.3798
X  0.3422 -0.5944  0.7277
Y  0.8810  0.4722 -0.0286
Z -0.3266  0.6509  0.6853

PART 68
OFFSET  11.3535 -1.7057 -7.2228
X  0.6923 -0.3973  0.6023
Y  0.6633  0.6790 -0.3146
Z -0.2840  0.6173  0.7336

PART 69
OFFSET  10.5714 -1.2569 -7.9032
X -0.9041 -0.3100  0.2942
Y -0.4178  0.4959 -0.7613
Z  0.0901 -0.8112 -0.5778

PART 70
OFFSET  10.8454 -4.2730 -6.7255
X  0.4143 -0.4599  0.7854
Y  0.8988  0.3423 -0.2737
Z -0.1430  0.8193  0.5552

PART 71
OFFSET  10.0360 -3.3746 -8.2598
X  0.9834  0.1803 -0.0205
Y -0.1108  0.5075 -0.8545
Z -0.1436  0.8426  0.5191

PART 72
OFFSET  8.5996 -3.6379 -8.2299
X  0.4183  0.5010 -0.7576
Y -0.8912  0.0654 -0.4488
Z -0.1753  0.8630  0.4739

PART 73
OFFSET  8.1265 -4.2114 -7.3754
X  0.2597 -0.4811  0.8373
Y -0.9617 -0.2074  0.1792
Z  0.0874 -0.8518 -0.5165

PART 74
OFFSET  0.0000 -0.0000 -0.0000
X  1.0000 -0.0000  0.0000
Y  0.0000  1.0000  0.0000
Z  0.0000 -0.0000  1.0000

PART 75
OFFSET -0.0000 -0.0000 -0.0000
X  0.9997 -0.0000 -0.0230
Y  0.0004  0.9999  0.0158
Z  0.0230 -0.0158  0.9996

PART 76
OFFSET  1.6351 -0.0654  4.0987
X  0.9997 -0.0000 -0.0230
Y  0.0004  0.9999  0.0158
Z  0.0230 -0.0158  0.9996


FRAME 2064
PART 0
OFFSET  0.0000 -0.0000 -0.0000
X  1.0000 -0.0000  0.0000
Y  0.0000  1.0000  0.0000
Z  0.0000 -0.0000  1.0000

PART 1
OFFSET -4.6318 -0.0000 -1.3770
X  1.0000 -0.0000  0.0000
Y  0.0000  1.0000  0.0000
Z  0.0000 -0.0000  1.0000

PART 2
OFFSET -3.5060  6.3408 -6.7125
X  0.6940 -0.2447 -0.6771
Y  0.2000 -0.8379  0.5079
Z -0.6916 -0.4879 -0.5325

PART 3
OFFSET  4.8871  3.3811 -14.9014
X  0.9810 -0.1649  0.1026
Y -0.0722  0.1808  0.9809
Z -0.1803 -0.9696  0.1655

PART 4
OFFSET  13.2306  1.9784 -14.0286
X  0.9810 -0.1649  0.1026
Y  0.1654  0.9862  0.0034
Z -0.1018  0.0136  0.9947

PART 5
OFFSET  14.9774  3.3305 -14.9477
X  0.9818 -0.1634  0.0964
Y  0.1786  0.9673 -0.1799
Z -0.0638  0.1938  0.9790

PART 6
OFFSET  14.1844  0.8761 -15.0352
X  0.9818 -0.1634  0.0964
Y  0.1786  0.9673 -0.1799
Z -0.0638  0.1938  0.9790

PART 7
OFFSET  15.2621  3.2805 -12.6449
X  0.9818 -0.1634  0.0964
Y  0.1786  0.9673 -0.1799
Z -0.0638  0.1938  0.9790

PART 8
OFFSET  14.8825  1.7703 -12.4233
X  0.9818 -0.1634  0.0964
Y  0.1786  0.9673 -0.1799
Z -0.0638  0.1938  0.9790

PART 9
OFFSET  14.3400  0.6233 -12.7970
X  0.9818 -0.1634  0.0964
