// Export filename: `C:\projects\cod\t5\xanim_export\t5_viewmodels\ak47\ak47_masterkey_first_raise.XANIM_EXPORT`
// Source filename: `D:\projects\devanim\t5\animation_assets\viewmodels\ak47\ViewModel_AK47_MasterKey_animated.fbx`
// Export time: Wed Aug 18 00:05:36 2010

ANIMATION
VERSION 3

NUMPARTS 77
PART 0 "tag_ads"
PART 1 "tag_torso"
PART 2 "J_Shoulder_LE"
PART 3 "J_Elbow_LE"
PART 4 "J_WristTwist_LE"
PART 5 "J_Sleave_Reshape_Bottom_LE_1"
PART 6 "J_Sleave_Reshape_Bottom_LE_2"
PART 7 "J_Sleave_Reshape_Top_LE_1"
PART 8 "J_Sleave_Reshape_Top_LE_2"
PART 9 "J_Sleave_Reshape_Top_LE_3"
PART 10 "J_Wrist_LE"
PART 11 "J_Thumb_LE_0"
PART 12 "J_Thumb_LE_1"
PART 13 "J_Thumb_LE_2"
PART 14 "J_Thumb_LE_3"
PART 15 "J_PinkyPalm_LE"
PART 16 "J_Pinky_LE_0"
PART 17 "J_Pinky_LE_1"
PART 18 "J_Pinky_LE_2"
PART 19 "J_Pinky_LE_3"
PART 20 "J_RingPalm_LE"
PART 21 "J_Ring_LE_0"
PART 22 "J_Ring_LE_1"
PART 23 "J_Ring_LE_2"
PART 24 "J_Ring_LE_3"
PART 25 "J_Webbing_LE"
PART 26 "J_Index_LE_0"
PART 27 "J_Index_LE_1"
PART 28 "J_Index_LE_2"
PART 29 "J_Index_LE_3"
PART 30 "J_Mid_LE_0"
PART 31 "J_Mid_LE_1"
PART 32 "J_Mid_LE_2"
PART 33 "J_Mid_LE_3"
PART 34 "tag_knife_attach"
PART 35 "tag_weapon"
PART 36 "J_Gun"
PART 37 "J_bolt"
PART 38 "tag_masterkey"
PART 39 "tag_brass2"
PART 40 "tag_ammo2"
PART 41 "tag_pump2"
PART 42 "TAG_CLIP"
PART 43 "TAG_FLASH"
PART 44 "J_Shoulder_RI"
PART 45 "J_Elbow_RI"
PART 46 "J_WristTwist_RI"
PART 47 "J_Sleave_Reshape_Top_RI_3"
PART 48 "J_Sleave_Reshape_Top_RI_2"
PART 49 "J_Sleave_Reshape_Top_RI_1"
PART 50 "J_Wrist_RI"
PART 51 "J_Thumb_RI_0"
PART 52 "J_Thumb_RI_1"
PART 53 "J_Thumb_RI_2"
PART 54 "J_Thumb_RI_3"
PART 55 "J_PinkyPalm_RI"
PART 56 "J_Pinky_RI_0"
PART 57 "J_Pinky_RI_1"
PART 58 "J_Pinky_RI_2"
PART 59 "J_Pinky_RI_3"
PART 60 "J_RingPalm_RI"
PART 61 "J_Ring_RI_0"
PART 62 "J_Ring_RI_1"
PART 63 "J_Ring_RI_2"
PART 64 "J_Ring_RI_3"
PART 65 "J_Webbing_RI"
PART 66 "J_Index_RI_0"
PART 67 "J_Index_RI_1"
PART 68 "J_Index_RI_2"
PART 69 "J_Index_RI_3"
PART 70 "J_Mid_RI_0"
PART 71 "J_Mid_RI_1"
PART 72 "J_Mid_RI_2"
PART 73 "J_Mid_RI_3"
PART 74 "tag_cambone"
PART 75 "tag_camera"
PART 76 "tag_gasmask"

FRAMERATE 30
NUMFRAMES 57

FRAME 700
PART 0
OFFSET  0.0000 -0.0000 -0.0000
X  1.0000 -0.0000  0.0000
Y  0.0000  1.0000  0.0000
Z  0.0000 -0.0000  1.0000

PART 1
OFFSET -4.6318 -0.0000 -1.3770
X  1.0000 -0.0000  0.0000
Y  0.0000  1.0000  0.0000
Z  0.0000 -0.0000  1.0000

PART 2
OFFSET -3.5060  6.3408 -6.7125
X  0.5835  0.0258 -0.8117
Y  0.2710 -0.9484  0.1647
Z -0.7656 -0.3161 -0.5603

PART 3
OFFSET  3.5503  6.6528 -16.5295
X  0.5833  0.0264 -0.8118
Y  0.7970 -0.2115  0.5658
Z -0.1567 -0.9770 -0.1444

PART 4
OFFSET  8.5117  6.8776 -23.4343
X  0.5833  0.0264 -0.8118
Y -0.1239  0.9907 -0.0568
Z  0.8027  0.1337  0.5812

PART 5
OFFSET  8.9808  8.8173 -24.7540
X  0.5790  0.0303 -0.8148
Y  0.1436  0.9799  0.1385
Z  0.8026 -0.1972  0.5630

PART 6
OFFSET  7.9882  6.4565 -25.0734
X  0.5790  0.0303 -0.8148
Y  0.1436  0.9799  0.1385
Z  0.8026 -0.1972  0.5630

PART 7
OFFSET  11.0036  7.9902 -23.9727
X  0.5790  0.0303 -0.8148
Y  0.1436  0.9799  0.1385
Z  0.8026 -0.1972  0.5630

PART 8
OFFSET  10.6764  6.4602 -24.1338
X  0.5790  0.0303 -0.8148
Y  0.1436  0.9799  0.1385
Z  0.8026 -0.1972  0.5630

PART 9
OFFSET  9.8478  5.4416 -24.2926
X  0.5790  0.0303 -0.8148
Y  0.1436  0.9799  0.1385
Z  0.8026 -0.1972  0.5630

PART 10
OFFSET  10.3000  6.9586 -25.9231
X  0.5046  0.8013 -0.3214
Y -0.7824  0.5818  0.2220
Z  0.3649  0.1394  0.9206

PART 11
OFFSET  9.9217  7.9378 -25.4754
X  0.2649  0.9518 -0.1543
Y -0.9553  0.2373 -0.1764
Z -0.1313  0.1941  0.9722

PART 12
OFFSET  10.3907  10.0263 -25.7719
X  0.6227  0.6877 -0.3732
Y -0.7500  0.6606 -0.0341
Z  0.2231  0.3011  0.9271

PART 13
OFFSET  11.4657  11.1308 -26.2686
X  0.2947  0.9330 -0.2066
Y -0.9555  0.2857 -0.0729
Z -0.0090  0.2189  0.9757

PART 14
OFFSET  11.7678  12.1546 -26.4486
X  0.0264  0.6070 -0.7943
Y  0.1226 -0.7905 -0.6000
Z -0.9921 -0.0815 -0.0953

PART 15
OFFSET  11.6385  7.0419 -26.2467
X  0.8568  0.4693 -0.2137
Y  0.2324  0.0185  0.9724
Z  0.4603 -0.8828 -0.0933

PART 16
OFFSET  13.5251  8.2272 -26.5940
X -0.0132  0.4549  0.8905
Y -0.9260 -0.3416  0.1608
Z  0.3774 -0.8224  0.4257

PART 17
OFFSET  13.5064  8.8712 -25.3333
X -0.5474  0.2025  0.8120
Y -0.7356 -0.5790 -0.3515
Z  0.3990 -0.7898  0.4659

PART 18
OFFSET  13.0211  9.0507 -24.6133
X -0.7505  0.0255  0.6604
Y -0.5581 -0.5595 -0.6127
Z  0.3539 -0.8284  0.4341

PART 19
OFFSET  12.3081  9.0749 -23.9859
X  0.8732  0.4515 -0.1832
Y  0.1063 -0.5435 -0.8327
Z -0.4756  0.7076 -0.5226

PART 20
OFFSET  11.1786  7.5853 -26.2984
X  0.7227  0.5847 -0.3685
Y  0.3885  0.0973  0.9163
Z  0.5716 -0.8054 -0.1568

PART 21
OFFSET  13.1739  9.0899 -27.0150
X  0.4390  0.3687  0.8193
Y -0.8595 -0.0933  0.5025
Z  0.2618 -0.9248  0.2759

PART 22
OFFSET  13.9213  9.7177 -25.6200
X -0.5416  0.1016  0.8345
Y -0.7920 -0.3943 -0.4660
Z  0.2817 -0.9133  0.2940

PART 23
OFFSET  13.1706  9.8585 -24.4635
X -0.7967 -0.0580  0.6016
Y -0.5334 -0.4007 -0.7449
Z  0.2843 -0.9144  0.2884

PART 24
OFFSET  12.3066  9.7957 -23.8110
X  0.9714  0.2314 -0.0532
Y  0.0079 -0.2554 -0.9668
Z -0.2373  0.9387 -0.2500

PART 25
OFFSET  10.8088  10.4273 -26.0679
X  0.7276  0.6802 -0.0894
Y -0.2328  0.1223 -0.9648
Z -0.6453  0.7228  0.2473

PART 26
OFFSET  11.5405  10.4679 -27.3500
X  0.9291  0.3582  0.0922
Y -0.0950 -0.0099  0.9954
Z  0.3575 -0.9336  0.0248

PART 27
OFFSET  13.1763  11.0985 -27.1877
X  0.4651  0.0971  0.8799
Y -0.8194 -0.3288  0.4695
Z  0.3349 -0.9394 -0.0734

PART 28
OFFSET  13.7214  11.2737 -26.1135
X -0.2621 -0.0617  0.9631
Y -0.8906 -0.3688 -0.2660
Z  0.3716 -0.9275  0.0417

PART 29
OFFSET  13.4254  11.2040 -25.0257
X  0.9938  0.0921 -0.0617
Y -0.0684  0.0720 -0.9951
Z -0.0872  0.9931  0.0779

PART 30
OFFSET  12.4010  9.7763 -27.3915
X  0.6878  0.3986  0.6067
Y -0.6048 -0.1475  0.7826
Z  0.4014 -0.9052  0.1396

PART 31
OFFSET  13.7447  10.5549 -26.2064
X -0.1940  0.0605  0.9791
Y -0.9137 -0.3745 -0.1579
Z  0.3571 -0.9252  0.1279

PART 32
OFFSET  13.4614  10.6432 -24.7762
X -0.7123 -0.1739  0.6799
Y -0.6244 -0.2852 -0.7271
Z  0.3204 -0.9425  0.0946

PART 33
OFFSET  12.6573  10.4397 -24.0049
X  0.9246  0.3758 -0.0630
Y  0.0046 -0.1763 -0.9843
Z -0.3810  0.9098 -0.1647

PART 34
OFFSET  12.6458  9.0300 -25.5112
X  0.5522 -0.8284 -0.0934
Y -0.3649 -0.1394 -0.9206
Z  0.7496  0.5425 -0.3793

PART 35
OFFSET  8.2744  2.4792 -18.4876
X  0.3362  0.7876 -0.5165
Y -0.9067  0.1223 -0.4037
Z -0.2548  0.6040  0.7552

PART 36
OFFSET  8.2744  2.4792 -18.4876
X  0.3362  0.7876 -0.5165
Y -0.9067  0.1223 -0.4037
Z -0.2548  0.6040  0.7552

PART 37
OFFSET  9.7111  8.0431 -19.3312
X  0.3309  0.7997 -0.5009
Y -0.9067  0.1223 -0.4037
Z -0.2616  0.5878  0.7656

PART 38
OFFSET  11.9944  8.2878 -25.0812
X  0.3362  0.7876 -0.5165
Y -0.9067  0.1223 -0.4037
Z -0.2548  0.6040  0.7552

PART 39
OFFSET  13.5915  13.3939 -26.2879
X  0.0670  0.6300 -0.7737
Y  0.7172 -0.5695 -0.4016
Z -0.6937 -0.5279 -0.4900

PART 40
OFFSET  4.3107 -8.4523 -12.9324
X  0.2054  0.9639 -0.1694
Y -0.9067  0.1223 -0.4037
Z -0.3684  0.2365  0.8991

PART 41
OFFSET  15.9210  15.0173 -31.8618
X  0.9067 -0.1223  0.4037
Y  0.3362  0.7876 -0.5165
Z -0.2548  0.6040  0.7552

PART 42
OFFSET  9.6056  5.9666 -20.4582
X  0.3362  0.7876 -0.5165
Y -0.9067  0.1223 -0.4037
Z -0.2548  0.6040  0.7552

PART 43
OFFSET  15.9279  21.7179 -29.8881
X  0.3362  0.7876 -0.5165
Y -0.9067  0.1223 -0.4037
Z -0.2548  0.6040  0.7552

PART 44
OFFSET -7.2604 -4.8127 -5.4071
X -0.5961  0.3969  0.6979
Y  0.1944 -0.7721  0.6051
Z  0.7790  0.4964  0.3831

PART 45
OFFSET -0.0509 -9.6123 -13.8480
X -0.7752 -0.5622  0.2881
Y  0.2840 -0.7175 -0.6361
Z  0.5643 -0.4112  0.7158

PART 46
OFFSET  6.5422 -4.8303 -16.2987
X -0.7752 -0.5622  0.2881
Y  0.3565 -0.7658 -0.5353
Z  0.5216 -0.3122  0.7940

PART 47
OFFSET  6.7884 -3.0413 -17.1374
X -0.7785 -0.5567  0.2897
Y -0.5661  0.4235 -0.7072
Z  0.2710 -0.7146 -0.6449

PART 48
OFFSET  7.2194 -2.4524 -16.1600
X -0.7785 -0.5567  0.2897
Y -0.5661  0.4235 -0.7072
Z  0.2710 -0.7146 -0.6449

PART 49
OFFSET  8.1026 -3.0575 -15.3075
X -0.7785 -0.5567  0.2897
Y -0.5661  0.4235 -0.7072
Z  0.2710 -0.7146 -0.6449

PART 50
OFFSET  8.9186 -3.1067 -17.1820
X -0.1256 -0.9274  0.3523
Y  0.4967 -0.3662 -0.7869
Z  0.8588  0.0762  0.5066

PART 51
OFFSET  8.1431 -2.3674 -16.7891
X  0.5849 -0.8016  0.1238
Y  0.2112  0.0032 -0.9774
Z  0.7831  0.5978  0.1711

PART 52
OFFSET  6.8163 -0.6712 -16.9682
X -0.0519 -0.6014  0.7973
Y  0.6351 -0.6360 -0.4383
Z  0.7707  0.4836  0.4150

PART 53
OFFSET  6.8517  0.2075 -18.3279
X -0.3754  0.0878  0.9227
Y  0.4520 -0.8518  0.2649
Z  0.8092  0.5165  0.2800

PART 54
OFFSET  7.2130  0.1034 -19.3430
X -0.7037 -0.4425  0.5558
Y -0.5332 -0.1882 -0.8248
Z  0.4696 -0.8768 -0.1035

PART 55
OFFSET  9.3831 -2.7294 -18.4251
X -0.1270 -0.6280  0.7678
Y  0.8910  0.2679  0.3665
Z -0.4359  0.7307  0.5255

PART 56
OFFSET  9.4957 -1.2449 -20.1186
X  0.8463 -0.1640  0.5068
Y  0.5046  0.5514 -0.6643
Z -0.1705  0.8180  0.5494

PART 57
OFFSET  8.2975 -1.0126 -20.8361
X  0.8569  0.3960 -0.3301
Y -0.4962  0.4596 -0.7366
Z -0.1400  0.7949  0.5903

PART 58
OFFSET  7.5378 -1.3638 -20.5434
X  0.1096  0.5652 -0.8176
Y -0.9775 -0.0880 -0.1919
Z -0.1805  0.8202  0.5428

PART 59
OFFSET  7.4337 -1.9008 -19.7666
X  0.5558 -0.4957  0.6674
Y -0.8313 -0.3265  0.4498
Z -0.0050 -0.8048 -0.5935

PART 60
OFFSET  9.2006 -2.2714 -17.9089
X -0.1145 -0.7696  0.6282
Y  0.8696  0.2281  0.4379
Z -0.4803  0.5965  0.6431

PART 61
OFFSET  9.5883 -0.3577 -19.6252
X  0.7920 -0.1133  0.5999
Y  0.5544  0.5451 -0.6289
Z -0.2557  0.8307  0.4945

PART 62
OFFSET  8.2399 -0.1648 -20.6466
X  0.7286  0.5032 -0.4648
Y -0.6418  0.2644 -0.7198
Z -0.2393  0.8228  0.5156

PART 63
OFFSET  7.2301 -0.8622 -20.0024
X -0.0591  0.5213 -0.8513
Y -0.9681 -0.2380 -0.0785
Z -0.2435  0.8195  0.5187

PART 64
OFFSET  7.2942 -1.4275 -19.0791
X  0.5894 -0.2509  0.7679
Y -0.7479 -0.5287  0.4014
Z  0.3053 -0.8109 -0.4993

PART 65
OFFSET  8.4362 -6.6161 -14.7787
X  0.0246 -0.7806  0.6246
Y -0.8381 -0.3566 -0.4127
Z  0.5449 -0.5133 -0.6630

PART 66
OFFSET  9.3524  0.8115 -17.7730
X -0.2773 -0.8759  0.3948
Y  0.8747 -0.0601  0.4809
Z -0.3975  0.4787  0.7829

PART 67
OFFSET  9.8406  2.3537 -18.4681
X  0.6936 -0.3475  0.6310
Y  0.5682  0.8024 -0.1826
Z -0.4428  0.4852  0.7540

PART 68
OFFSET  8.9705  2.8057 -19.1894
X  0.8942 -0.0266  0.4469
Y  0.2337  0.8791 -0.4154
Z -0.3818  0.4759  0.7923

PART 69
OFFSET  7.9604  2.8357 -19.6941
X -0.6095 -0.6511  0.4524
Y -0.7239  0.2243 -0.6524
Z  0.3233 -0.7251 -0.6080

PART 70
OFFSET  9.7238  0.3017 -18.6800
X  0.7097 -0.1921  0.6778
Y  0.5947  0.6791 -0.4303
Z -0.3776  0.7085  0.5962

PART 71
OFFSET  8.3373  0.6769 -20.0041
X  0.7862  0.5837 -0.2028
Y -0.4753  0.3614 -0.8022
Z -0.3949  0.7271  0.5616

PART 72
OFFSET  7.1889 -0.1757 -19.7079
X  0.0124  0.5883 -0.8085
Y -0.8979 -0.3493 -0.2680
Z -0.4401  0.7293  0.5239

PART 73
OFFSET  7.1774 -0.8474 -18.7960
X  0.5921 -0.2746  0.7576
Y -0.7260 -0.5899  0.3536
Z  0.3498 -0.7594 -0.5486

PART 74
OFFSET  0.0000 -0.0000 -0.0000
X  1.0000 -0.0000  0.0000
Y  0.0000  1.0000  0.0000
Z  0.0000 -0.0000  1.0000

PART 75
OFFSET  0.0000 -0.0000 -0.0000
X  1.0000 -0.0000  0.0000
Y  0.0000  1.0000  0.0000
Z  0.0000 -0.0000  1.0000

PART 76
OFFSET  1.5404 -0.0000  4.1357
X  1.0000 -0.0000  0.0000
Y  0.0000  1.0000  0.0000
Z  0.0000 -0.0000  1.0000


FRAME 701
PART 0
OFFSET  0.0000 -0.0000 -0.0000
X  1.0000 -0.0000  0.0000
Y  0.0000  1.0000  0.0000
Z  0.0000 -0.0000  1.0000

PART 1
OFFSET -4.6318 -0.0000 -1.3770
X  1.0000 -0.0000  0.0000
Y  0.0000  1.0000  0.0000
Z  0.0000 -0.0000  1.0000

PART 2
OFFSET -3.5060  6.3408 -6.7125
X  0.5774  0.0329 -0.8158
Y  0.2729 -0.9495  0.1549
Z -0.7695 -0.3121 -0.5572

PART 3
OFFSET  3.4767  6.7387 -16.5789
X  0.5772  0.0335 -0.8159
Y  0.8013 -0.2155  0.5581
Z -0.1571 -0.9759 -0.1513

PART 4
OFFSET  8.3863  7.0240 -23.5184
X  0.5772  0.0335 -0.8159
Y -0.1650  0.9833 -0.0763
Z  0.7997  0.1787  0.5731

PART 5
OFFSET  8.8441  8.9748 -24.8257
X  0.5729  0.0374 -0.8188
Y  0.1440  0.9788  0.1455
Z  0.8069 -0.2012  0.5554

PART 6
OFFSET  7.8508  6.6160 -25.1570
X  0.5729  0.0374 -0.8188
Y  0.1440  0.9788  0.1455
Z  0.8069 -0.2012  0.5554

PART 7
OFFSET  10.8732  8.1429 -24.0662
X  0.5729  0.0374 -0.8188
Y  0.1440  0.9788  0.1455
Z  0.8069 -0.2012  0.5554

PART 8
OFFSET  10.5459  6.6140 -24.2374
X  0.5729  0.0374 -0.8188
Y  0.1440  0.9788  0.1455
Z  0.8069 -0.2012  0.5554

PART 9
OFFSET  9.7169  5.5961 -24.3984
X  0.5729  0.0374 -0.8188
Y  0.1440  0.9788  0.1455
Z  0.8069 -0.2012  0.5554

PART 10
OFFSET  10.1559  7.1268 -26.0197
X  0.4765  0.8083 -0.3459
Y -0.7992  0.5622  0.2125
Z  0.3663  0.1752  0.9139

PART 11
OFFSET  9.7493  8.1049 -25.5949
X  0.2332  0.9554 -0.1810
Y -0.9636  0.2019 -0.1754
Z -0.1311  0.2153  0.9677

PART 12
OFFSET  10.1491  10.1987 -25.9493
X  0.5978  0.6972 -0.3957
Y -0.7710  0.6352 -0.0457
Z  0.2194  0.3324  0.9173

PART 13
OFFSET  11.1848  11.3235 -26.4825
X  0.2633  0.9362 -0.2331
Y -0.9647  0.2530 -0.0733
Z -0.0096  0.2441  0.9697

PART 14
OFFSET  11.4526  12.3514 -26.6914
X  0.0017  0.5864 -0.8100
Y  0.1440 -0.8017 -0.5801
Z -0.9896 -0.1156 -0.0858

PART 15
OFFSET  11.4889  7.2442 -26.3553
X  0.8399  0.4906 -0.2322
Y  0.2381  0.0514  0.9699
Z  0.4878 -0.8699 -0.0736

PART 16
OFFSET  13.3341  8.4796 -26.7473
X -0.0219  0.4775  0.8784
Y -0.9134 -0.3667  0.1765
Z  0.4064 -0.7985  0.4442

PART 17
OFFSET  13.3031  9.1556 -25.5037
X -0.5483  0.2062  0.8105
Y -0.7190 -0.6113 -0.3308
Z  0.4272 -0.7641  0.4834

PART 18
OFFSET  12.8170  9.3385 -24.7852
X -0.7466  0.0189  0.6650
Y -0.5439 -0.5929 -0.5938
Z  0.3831 -0.8050  0.4530

PART 19
OFFSET  12.1077  9.3564 -24.1534
X  0.8571  0.4742 -0.2014
Y  0.1182 -0.5615 -0.8190
Z -0.5015  0.6781 -0.5373

PART 20
OFFSET  11.0114  7.7711 -26.4177
X  0.7011  0.5976 -0.3890
Y  0.3911  0.1338  0.9106
Z  0.5962 -0.7906 -0.1400

PART 21
OFFSET  12.9526  9.3193 -27.1881
X  0.4323  0.4040  0.8062
Y -0.8528 -0.1075  0.5111
Z  0.2931 -0.9084  0.2980

PART 22
OFFSET  13.6886  10.0071 -25.8156
X -0.5391  0.1062  0.8355
Y -0.7820 -0.4315 -0.4497
Z  0.3128 -0.8958  0.3157

PART 23
OFFSET  12.9415  10.1543 -24.6576
X -0.7904 -0.0675  0.6088
Y -0.5251 -0.4370 -0.7302
Z  0.3154 -0.8969  0.3100

PART 24
OFFSET  12.0842  10.0811 -23.9973
X  0.9631  0.2608 -0.0664
Y  0.0098 -0.2804 -0.9598
Z -0.2690  0.9238 -0.2726

PART 25
OFFSET  10.5521  10.6049 -26.2587
X  0.7048  0.7005 -0.1125
Y -0.2429  0.0893 -0.9659
Z -0.6666  0.7081  0.2331

PART 26
OFFSET  11.2737  10.6351 -27.5469
X  0.9177  0.3900  0.0760
Y -0.0881  0.0132  0.9960
Z  0.3874 -0.9207  0.0465

PART 27
OFFSET  12.8894  11.3217 -27.4131
X  0.4676  0.1350  0.8736
Y -0.8053 -0.3424  0.4839
Z  0.3644 -0.9298 -0.0513

PART 28
OFFSET  13.4357  11.5424 -26.3480
X -0.2536 -0.0447  0.9663
Y -0.8801 -0.4039 -0.2497
Z  0.4014 -0.9137  0.0631

PART 29
OFFSET  13.1492  11.4919 -25.2566
X  0.9899  0.1222 -0.0714
Y -0.0772  0.0436 -0.9961
Z -0.1186  0.9916  0.0526

PART 30
OFFSET  12.1557  9.9705 -27.5767
X  0.6787  0.4361  0.5909
Y -0.5946 -0.1461  0.7907
Z  0.4312 -0.8879  0.1602

PART 31
OFFSET  13.4815  10.8225 -26.4222
X -0.1894  0.0800  0.9786
Y -0.9022 -0.4075 -0.1413
Z  0.3875 -0.9097  0.1494

PART 32
OFFSET  13.2048  10.9393 -24.9928
X -0.7019 -0.1786  0.6895
Y -0.6197 -0.3240 -0.7148
Z  0.3511 -0.9290  0.1168

PART 33
OFFSET  12.4128  10.7307 -24.2105
X  0.9116  0.4033 -0.0796
Y  0.0038 -0.2019 -0.9794
Z -0.4111  0.8925 -0.1856

PART 34
OFFSET  12.4367  9.2822 -25.6794
X  0.5779 -0.8125 -0.0759
Y -0.3663 -0.1752 -0.9139
Z  0.7293  0.5559 -0.3988

PART 35
OFFSET  8.3108  2.7903 -18.4353
X  0.3073  0.7840 -0.5393
Y -0.9128  0.0826 -0.4000
Z -0.2691  0.6152  0.7410

PART 36
OFFSET  8.3108  2.7903 -18.4353
X  0.3073  0.7840 -0.5393
Y -0.9128  0.0826 -0.4000
Z -0.2691  0.6152  0.7410

PART 37
OFFSET  9.5626  8.3731 -19.4344
X  0.3018  0.7964 -0.5241
Y -0.9128  0.0826 -0.4000
Z -0.2753  0.5991  0.7519

PART 38
OFFSET  11.7989  8.5392 -25.2056
X  0.3073  0.7840 -0.5393
Y -0.9128  0.0826 -0.4000
Z -0.2691  0.6152  0.7410

PART 39
OFFSET  13.2234  13.6602 -26.5568
X  0.0417  0.6113 -0.7903
Y  0.7324 -0.5567 -0.3919
Z -0.6796 -0.5625 -0.4709

PART 40
OFFSET  4.7367 -8.1122 -12.5676
X  0.1733  0.9652 -0.1960
Y -0.9128  0.0826 -0.4000
Z -0.3699  0.2482  0.8953

PART 41
OFFSET  15.4629  15.2099 -32.1883
X  0.9128 -0.0826  0.4000
Y  0.3073  0.7840 -0.5393
Z -0.2691  0.6152  0.7410

PART 42
OFFSET  9.5164  6.2654 -20.5060
X  0.3073  0.7840 -0.5393
Y -0.9128  0.0826 -0.4000
Z -0.2691  0.6152  0.7410

PART 43
OFFSET  15.2677  21.9569 -30.3902
X  0.3073  0.7840 -0.5393
Y -0.9128  0.0826 -0.4000
Z -0.2691  0.6152  0.7410

PART 44
OFFSET -7.2604 -4.8127 -5.4071
X -0.6176  0.3749  0.6914
Y  0.2013 -0.7744  0.5997
Z  0.7603  0.5096  0.4028

PART 45
OFFSET  0.2084 -9.3466 -13.7691
X -0.7721 -0.5713  0.2783
Y  0.2990 -0.7130 -0.6343
Z  0.5608 -0.4065  0.7213

PART 46
OFFSET  6.7755 -4.4874 -16.1361
X -0.7721 -0.5713  0.2783
Y  0.3769 -0.7643 -0.5233
Z  0.5116 -0.2991  0.8055

PART 47
OFFSET  7.0114 -2.6939 -16.9684
X -0.7755 -0.5659  0.2799
Y -0.5627  0.4188 -0.7127
Z  0.2861 -0.7102 -0.6432

PART 48
OFFSET  7.4250 -2.1024 -15.9851
X -0.7755 -0.5659  0.2799
Y -0.5627  0.4188 -0.7127
Z  0.2861 -0.7102 -0.6432

PART 49
OFFSET  8.3052 -2.6997 -15.1239
X -0.7755 -0.5659  0.2799
Y -0.5627  0.4188 -0.7127
Z  0.2861 -0.7102 -0.6432

PART 50
OFFSET  9.1426 -2.7359 -16.9892
X -0.0934 -0.9214  0.3773
Y  0.5030 -0.3707 -0.7807
Z  0.8592  0.1169  0.4981

PART 51
OFFSET  8.3464 -2.0117 -16.6101
X  0.6111 -0.7790  0.1403
Y  0.2045 -0.0158 -0.9787
Z  0.7647  0.6268  0.1496

PART 52
OFFSET  6.9647 -0.3639 -16.8235
X -0.0274 -0.5815  0.8131
Y  0.6523 -0.6267 -0.4263
Z  0.7575  0.5187  0.3965

PART 53
OFFSET  6.9629  0.4794 -18.2059
X -0.3719  0.1000  0.9229
Y  0.4808 -0.8296  0.2837
Z  0.7940  0.5493  0.2605

PART 54
OFFSET  7.3206  0.3602 -19.2206
X -0.6855 -0.4499  0.5724
Y -0.5323 -0.2267 -0.8157
Z  0.4968 -0.8638 -0.0841

PART 55
OFFSET  9.5866 -2.3768 -18.2452
X -0.1017 -0.6113  0.7848
Y  0.8843  0.3058  0.3528
Z -0.4557  0.7300  0.5095

PART 56
OFFSET  9.6404 -0.9346 -19.9777
X  0.8545 -0.1235  0.5046
Y  0.4823  0.5496 -0.6822
Z -0.1930  0.8263  0.5292

PART 57
OFFSET  8.4306 -0.7596 -20.6920
X  0.8415  0.4143 -0.3467
Y -0.5155  0.4240 -0.7446
Z -0.1615  0.8053  0.5704

PART 58
OFFSET  7.6845 -1.1270 -20.3847
X  0.0861  0.5467 -0.8329
Y -0.9754 -0.1242 -0.1823
Z -0.2031  0.8280  0.5226

PART 59
OFFSET  7.6028 -1.6464 -19.5934
X  0.5758 -0.4599  0.6759
Y -0.8174 -0.3410  0.4644
Z  0.0169 -0.8199 -0.5723

PART 60
OFFSET  9.3928 -1.9115 -17.7397
X -0.0856 -0.7560  0.6489
Y  0.8647  0.2672  0.4253
Z -0.4950  0.5975  0.6308

PART 61
OFFSET  9.7076 -0.0322 -19.5083
X  0.7992 -0.0721  0.5968
Y  0.5324  0.5458 -0.6470
Z -0.2790  0.8348  0.4746

PART 62
OFFSET  8.3470  0.0906 -20.5243
X  0.7090  0.5138 -0.4831
Y -0.6547  0.2247 -0.7217
Z -0.2622  0.8280  0.4957

PART 63
OFFSET  7.3645 -0.6214 -19.8547
X -0.0814  0.4966 -0.8642
Y -0.9604 -0.2707 -0.0651
Z -0.2663  0.8247  0.4990

PART 64
OFFSET  7.4527 -1.1599 -18.9174
X  0.6022 -0.2116  0.7698
Y -0.7279 -0.5416  0.4205
Z  0.3279 -0.8136 -0.4802

PART 65
OFFSET  8.7890 -6.1944 -14.4917
X  0.0537 -0.7627  0.6445
Y -0.8289 -0.3939 -0.3971
Z  0.5567 -0.5129 -0.6534

PART 66
OFFSET  9.4465  1.1773 -17.6855
X -0.2464 -0.8737  0.4195
Y  0.8793 -0.0195  0.4758
Z -0.4075  0.4862  0.7730

PART 67
OFFSET  9.8803  2.7155 -18.4242
X  0.7085 -0.3085  0.6347
Y  0.5409  0.8150 -0.2077
Z -0.4532  0.4904  0.7443

PART 68
OFFSET  8.9915  3.1203 -19.1506
X  0.8975  0.0138  0.4408
Y  0.2026  0.8749 -0.4399
Z -0.3917  0.4842  0.7824

PART 69
OFFSET  7.9777  3.1047 -19.6484
X -0.5853 -0.6581  0.4737
Y -0.7350  0.1839 -0.6527
Z  0.3424 -0.7302 -0.5913

PART 70
OFFSET  9.8281  0.6558 -18.5816
X  0.7200 -0.1514  0.6773
Y  0.5697  0.6862 -0.4523
Z -0.3962  0.7115  0.5803

PART 71
OFFSET  8.4216  0.9516 -19.9047
X  0.7657  0.6030 -0.2238
Y -0.4919  0.3248 -0.8078
Z -0.4144  0.7286  0.5453

PART 72
OFFSET  7.3032  0.0709 -19.5778
X -0.0118  0.5669 -0.8237
Y -0.8879 -0.3847 -0.2521
Z -0.4598  0.7284  0.5080

PART 73
OFFSET  7.3192 -0.5766 -18.6487
X  0.6056 -0.2356  0.7601
Y -0.7043 -0.6032  0.3742
Z  0.3704 -0.7620 -0.5312

PART 74
OFFSET  0.0000 -0.0000 -0.0000
X  1.0000 -0.0000  0.0000
Y  0.0000  1.0000  0.0000
Z  0.0000 -0.0000  1.0000

PART 75
OFFSET  0.0000 -0.0000 -0.0000
X  1.0000 -0.0003  0.0009
Y  0.0003  1.0000 -0.0002
Z -0.0009  0.0002  1.0000

PART 76
OFFSET  1.5366  0.0004  4.1372
X  1.0000 -0.0003  0.0009
Y  0.0003  1.0000 -0.0002
Z -0.0009  0.0002  1.0000


FRAME 702
PART 0
OFFSET  0.0000 -0.0000 -0.0000
X  1.0000 -0.0000  0.0000
Y  0.0000  1.0000  0.0000
Z  0.0000 -0.0000  1.0000

PART 1
OFFSET -4.6318 -0.0000 -1.3770
X  1.0000 -0.0000  0.0000
Y  0.0000  1.0000  0.0000
Z  0.0000 -0.0000  1.0000

PART 2
OFFSET -3.5060  6.3408 -6.7125
X  0.5992  0.0311 -0.8000
Y  0.2498 -0.9566  0.1500
Z -0.7606 -0.2897 -0.5810

PART 3
OFFSET  3.7408  6.7165 -16.3875
X  0.5991  0.0317 -0.8001
Y  0.7819 -0.2383  0.5760
Z -0.1724 -0.9707 -0.1676

PART 4
OFFSET  8.8362  6.9861 -23.1924
X  0.5991  0.0317 -0.8001
Y -0.1289  0.9900 -0.0573
Z  0.7902  0.1375  0.5972

PART 5
OFFSET  9.3669  8.9429 -24.4626
X  0.5949  0.0357 -0.8030
Y  0.1595  0.9739  0.1615
Z  0.7878 -0.2241  0.5737

PART 6
OFFSET  8.3361  6.6087 -24.8493
X  0.5949  0.0357 -0.8030
Y  0.1595  0.9739  0.1615
Z  0.7878 -0.2241  0.5737

PART 7
OFFSET  11.3585  8.0612 -23.6610
X  0.5949  0.0357 -0.8030
Y  0.1595  0.9739  0.1615
Z  0.7878 -0.2241  0.5737

PART 8
OFFSET  11.0055  6.5413 -23.8598
X  0.5949  0.0357 -0.8030
Y  0.1595  0.9739  0.1615
Z  0.7878 -0.2241  0.5737

PART 9
OFFSET  10.1610  5.5423 -24.0552
X  0.5949  0.0357 -0.8030
Y  0.1595  0.9739  0.1615
Z  0.7878 -0.2241  0.5737

PART 10
OFFSET  10.6728  7.0833 -25.6451
X  0.5007  0.8054 -0.3171
Y -0.7886  0.5755  0.2165
Z  0.3569  0.1416  0.9234

PART 11
OFFSET  10.2835  8.0591 -25.1996
X  0.2586  0.9540 -0.1517
Y -0.9558  0.2299 -0.1834
Z -0.1401  0.1924  0.9713

PART 12
OFFSET  10.7384  10.1515 -25.4911
X  0.6201  0.6928 -0.3681
Y -0.7548  0.6547 -0.0392
Z  0.2138  0.3022  0.9290

PART 13
OFFSET  11.8084  11.2647 -25.9790
X  0.2890  0.9354 -0.2038
Y -0.9572  0.2783 -0.0799
Z -0.0180  0.2181  0.9758

PART 14
OFFSET  12.1038  12.2910 -26.1560
X  0.0276  0.6077 -0.7937
Y  0.1333 -0.7891 -0.5996
Z -0.9907 -0.0892 -0.1028

PART 15
OFFSET  12.0130  7.1773 -25.9586
X  0.8547  0.4761 -0.2069
Y  0.2250  0.0195  0.9742
Z  0.4679 -0.8792 -0.0904

PART 16
OFFSET  13.8928  8.3775 -26.2909
X -0.0234  0.4541  0.8907
Y -0.9244 -0.3490  0.1536
Z  0.3806 -0.8198  0.4279

PART 17
OFFSET  13.8597  9.0204 -25.0300
X -0.5550  0.1976  0.8080
Y -0.7284 -0.5845 -0.3574
Z  0.4016 -0.7870  0.4684

PART 18
OFFSET  13.3676  9.1956 -24.3135
X -0.7556  0.0191  0.6547
Y -0.5491 -0.5634 -0.6173
Z  0.3571 -0.8260  0.4362

PART 19
OFFSET  12.6497  9.2138 -23.6915
X  0.8710  0.4585 -0.1764
Y  0.1168 -0.5420 -0.8322
Z -0.4772  0.7043 -0.5256

PART 20
OFFSET  11.5492  7.7171 -26.0134
X  0.7209  0.5906 -0.3627
Y  0.3808  0.0997  0.9193
Z  0.5791 -0.8008 -0.1531

PART 21
OFFSET  13.5380  9.2378 -26.7139
X  0.4300  0.3715  0.8229
Y -0.8625 -0.1004  0.4960
Z  0.2669 -0.9230  0.2773

PART 22
OFFSET  14.2700  9.8703 -25.3130
X -0.5486  0.0968  0.8305
Y -0.7854 -0.4001 -0.4722
Z  0.2866 -0.9113  0.2955

PART 23
OFFSET  13.5097  10.0044 -24.1621
X -0.8007 -0.0646  0.5956
Y -0.5246 -0.4044 -0.7492
Z  0.2892 -0.9123  0.2899

PART 24
OFFSET  12.6413  9.9343 -23.5161
X  0.9699  0.2391 -0.0458
Y  0.0172 -0.2547 -0.9669
Z -0.2428  0.9370 -0.2511

PART 25
OFFSET  11.1555  10.5559 -25.7837
X  0.7229  0.6859 -0.0834
Y -0.2265  0.1212 -0.9664
Z -0.6528  0.7175  0.2429

PART 26
OFFSET  11.8965  10.6032 -27.0603
X  0.9255  0.3654  0.0994
Y -0.1024 -0.0114  0.9947
Z  0.3646 -0.9308  0.0268

PART 27
OFFSET  13.5260  11.2465 -26.8853
X  0.4578  0.1001  0.8834
Y -0.8203 -0.3356  0.4631
Z  0.3428 -0.9367 -0.0715

PART 28
OFFSET  14.0617  11.4251 -25.8069
X -0.2688 -0.0645  0.9610
Y -0.8857 -0.3755 -0.2729
Z  0.3785 -0.9246  0.0439

PART 29
OFFSET  13.7581  11.3523 -24.7214
X  0.9935  0.0999 -0.0541
Y -0.0615  0.0723 -0.9955
Z -0.0956  0.9924  0.0779

PART 30
OFFSET  12.7626  9.9184 -27.0958
X  0.6801  0.4035  0.6121
Y -0.6094 -0.1528  0.7780
Z  0.4074 -0.9021  0.1419

PART 31
OFFSET  14.0913  10.7066 -25.9001
X -0.2018  0.0582  0.9777
Y -0.9095 -0.3815 -0.1650
Z  0.3634 -0.9225  0.1299

PART 32
OFFSET  13.7966  10.7916 -24.4720
X -0.7160 -0.1800  0.6745
Y -0.6167 -0.2896 -0.7320
Z  0.3271 -0.9401  0.0963

PART 33
OFFSET  12.9884  10.5813 -23.7070
X  0.9220  0.3831 -0.0558
Y  0.0134 -0.1755 -0.9844
Z -0.3869  0.9069 -0.1670

PART 34
OFFSET  12.9992  9.1727 -25.2143
X  0.5594 -0.8240 -0.0898
Y -0.3569 -0.1416 -0.9234
Z  0.7481  0.5486 -0.3733

PART 35
OFFSET  8.2485  2.5624 -17.7047
X  0.3339  0.7905 -0.5134
Y -0.9046  0.1155 -0.4104
Z -0.2651  0.6014  0.7537

PART 36
OFFSET  8.2485  2.5624 -17.7047
X  0.3339  0.7905 -0.5134
Y -0.9046  0.1155 -0.4104
Z -0.2651  0.6014  0.7537

PART 37
OFFSET  9.6479  8.1381 -18.5337
X  0.3284  0.8027 -0.4979
Y -0.9046  0.1155 -0.4104
Z -0.2719  0.5851  0.7640

PART 38
OFFSET  11.9722  8.4049 -24.2662
X  0.3339  0.7905 -0.5134
Y -0.9046  0.1155 -0.4104
Z -0.2651  0.6014  0.7537

PART 39
OFFSET  13.5383  13.5242 -25.4574
X  0.0679  0.6311 -0.7727
Y  0.7246 -0.5636 -0.3966
Z -0.6858 -0.5330 -0.4956

PART 40
OFFSET  4.3290 -8.4038 -12.1869
X  0.1991  0.9656 -0.1672
Y -0.9046  0.1155 -0.4104
Z -0.3770  0.2330  0.8965

PART 41
OFFSET  15.8968  15.1700 -31.0125
X  0.9046 -0.1155  0.4104
Y  0.3339  0.7905 -0.5134
Z -0.2651  0.6014  0.7537

PART 42
OFFSET  9.5671  6.0616 -19.6628
X  0.3339  0.7905 -0.5134
Y -0.9046  0.1155 -0.4104
Z -0.2651  0.6014  0.7537

PART 43
OFFSET  15.8364  21.8689 -29.0343
X  0.3339  0.7905 -0.5134
Y -0.9046  0.1155 -0.4104
Z -0.2651  0.6014  0.7537

PART 44
OFFSET -7.2604 -4.8127 -5.4071
X -0.6050  0.4203  0.6763
Y  0.1724 -0.7600  0.6266
Z  0.7774  0.4956  0.3873

PART 45
OFFSET  0.0559 -9.8961 -13.5859
X -0.7666 -0.5943  0.2430
Y  0.3402 -0.6970 -0.6312
Z  0.5446 -0.4012  0.7365

PART 46
OFFSET  6.5764 -4.8412 -15.6530
X -0.7666 -0.5943  0.2430
Y  0.3835 -0.7274 -0.5691
Z  0.5150 -0.3431  0.7856

PART 47
OFFSET  6.7958 -3.0319 -16.4550
X -0.7703 -0.5890  0.2445
Y -0.5472  0.4133 -0.7279
Z  0.3276 -0.6944 -0.6406

PART 48
OFFSET  7.1579 -2.4426 -15.4502
X -0.7703 -0.5890  0.2445
Y -0.5472  0.4133 -0.7279
Z  0.3276 -0.6944 -0.6406

PART 49
OFFSET  8.0214 -3.0281 -14.5645
X -0.7703 -0.5890  0.2445
Y -0.5472  0.4133 -0.7279
Z  0.3276 -0.6944 -0.6406

PART 50
OFFSET  8.9267 -3.0192 -16.3981
X -0.1209 -0.9286  0.3507
Y  0.5054 -0.3617 -0.7834
Z  0.8544  0.0825  0.5131

PART 51
OFFSET  8.1425 -2.2863 -16.0106
X  0.5902 -0.7971  0.1276
Y  0.2184  0.0055 -0.9758
Z  0.7771  0.6038  0.1774

PART 52
OFFSET  6.8039 -0.6004 -16.1984
X -0.0532 -0.6023  0.7965
Y  0.6433 -0.6307 -0.4340
Z  0.7637  0.4893  0.4211

PART 53
OFFSET  6.8426  0.2796 -17.5572
X -0.3830  0.0842  0.9199
Y  0.4566 -0.8484  0.2677
Z  0.8030  0.5226  0.2865

PART 54
OFFSET  7.2122  0.1791 -18.5697
X -0.7044 -0.4484  0.5502
Y -0.5255 -0.1917 -0.8289
Z  0.4772 -0.8730 -0.1006

PART 55
OFFSET  9.3976 -2.6374 -17.6375
X -0.1278 -0.6295  0.7664
Y  0.8861  0.2746  0.3734
Z -0.4455  0.7268  0.5227

PART 56
OFFSET  9.5112 -1.1508 -19.3291
X  0.8438 -0.1578  0.5130
Y  0.5053  0.5558 -0.6601
Z -0.1810  0.8162  0.5487

PART 57
OFFSET  8.3166 -0.9273 -20.0554
X  0.8562  0.4029 -0.3234
Y -0.4942  0.4563 -0.7400
Z -0.1506  0.7934  0.5898

PART 58
OFFSET  7.5575 -1.2846 -19.7686
X  0.1113  0.5667 -0.8164
Y -0.9753 -0.0955 -0.1993
Z -0.1909  0.8184  0.5420

PART 59
OFFSET  7.4518 -1.8230 -18.9930
X  0.5547 -0.4918  0.6712
Y -0.8320 -0.3334  0.4434
Z  0.0057 -0.8044 -0.5941

PART 60
OFFSET  9.2076 -2.1812 -17.1223
X -0.1132 -0.7709  0.6268
Y  0.8645  0.2346  0.4446
Z -0.4897  0.5922  0.6399

PART 61
OFFSET  9.5931 -0.2633 -18.8344
X  0.7884 -0.1076  0.6057
Y  0.5548  0.5499 -0.6244
Z -0.2659  0.8283  0.4932

PART 62
OFFSET  8.2509 -0.0802 -19.8657
X  0.7281  0.5092 -0.4590
Y -0.6384  0.2599 -0.7245
Z -0.2496  0.8205  0.5143

PART 63
OFFSET  7.2419 -0.7858 -19.2296
X -0.0568  0.5215 -0.8514
Y -0.9656 -0.2455 -0.0860
Z -0.2538  0.8172  0.5174

PART 64
OFFSET  7.3034 -1.3514 -18.3062
X  0.5856 -0.2468  0.7721
Y -0.7467 -0.5349  0.3954
Z  0.3154 -0.8081 -0.4975

PART 65
OFFSET  8.4538 -6.5340 -14.0009
X  0.0260 -0.7808  0.6242
Y -0.8322 -0.3629 -0.4192
Z  0.5539 -0.5085 -0.6593

PART 66
OFFSET  9.3342  0.9027 -16.9832
X -0.2734 -0.8784  0.3921
Y  0.8715 -0.0537  0.4874
Z -0.4071  0.4749  0.7802

PART 67
OFFSET  9.8155  2.4492 -17.6736
X  0.6916 -0.3426  0.6359
Y  0.5632  0.8070 -0.1778
Z -0.4523  0.4811  0.7510

PART 68
OFFSET  8.9473  2.8949 -18.4011
X  0.8910 -0.0199  0.4535
Y  0.2299  0.8812 -0.4131
Z -0.3914  0.4723  0.7897

PART 69
OFFSET  7.9409  2.9174 -18.9133
X -0.6077 -0.6561  0.4474
Y -0.7207  0.2192 -0.6577
Z  0.3335 -0.7221 -0.6061

PART 70
OFFSET  9.7164  0.3965 -17.8878
X  0.7061 -0.1870  0.6829
Y  0.5926  0.6840 -0.4254
Z -0.3876  0.7051  0.5938

PART 71
OFFSET  8.3369  0.7618 -19.2219
X  0.7831  0.5900 -0.1965
Y -0.4721  0.3583 -0.8055
Z -0.4048  0.7235  0.5591

PART 72
OFFSET  7.1931 -0.1000 -18.9349
X  0.0139  0.5890 -0.8080
Y -0.8931 -0.3561 -0.2749
Z -0.4497  0.7254  0.5211

PART 73
OFFSET  7.1800 -0.7724 -18.0236
X  0.5885 -0.2706  0.7619
Y -0.7240 -0.5958  0.3477
Z  0.3598 -0.7562 -0.5465

PART 74
OFFSET  0.0000 -0.0000 -0.0000
X  1.0000 -0.0000  0.0000
Y  0.0000  1.0000  0.0000
Z  0.0000 -0.0000  1.0000

PART 75
OFFSET  0.0000 -0.0000 -0.0000
X  1.0000 -0.0012  0.0034
Y  0.0012  1.0000 -0.0008
Z -0.0034  0.0008  1.0000

PART 76
OFFSET  1.5262  0.0014  4.1410
X  1.0000 -0.0012  0.0034
Y  0.0012  1.0000 -0.0008
Z -0.0034  0.0008  1.0000


FRAME 703
PART 0
OFFSET  0.0000 -0.0000 -0.0000
X  1.0000 -0.0000  0.0000
Y  0.0000  1.0000  0.0000
Z  0.0000 -0.0000  1.0000

PART 1
OFFSET -4.6318 -0.0000 -1.3770
X  1.0000 -0.0000  0.0000
Y  0.0000  1.0000  0.0000
Z  0.0000 -0.0000  1.0000

PART 2
OFFSET -3.5060  6.3408 -6.7125
X  0.4594  0.0777 -0.8848
Y  0.2892 -0.9550  0.0663
Z -0.8398 -0.2863 -0.4612

PART 3
OFFSET  2.0501  7.2810 -17.4133
X  0.7845 -0.0310 -0.6194
Y  0.5938 -0.2507  0.7646
Z -0.1790 -0.9676 -0.1783

PART 4
OFFSET  8.7225  7.0176 -22.6814
X  0.7845 -0.0310 -0.6194
Y -0.0025  0.9986 -0.0531
Z  0.6202  0.0431  0.7833

PART 5
OFFSET  9.6711  8.8910 -23.8279
X  0.7814 -0.0269 -0.6234
Y  0.1682  0.9712  0.1690
Z  0.6009 -0.2369  0.7634

PART 6
OFFSET  8.6418  6.5944 -24.3997
X  0.7814 -0.0269 -0.6234
Y  0.1682  0.9712  0.1690
Z  0.6009 -0.2369  0.7634

PART 7
OFFSET  11.3378  7.9500 -22.5155
X  0.7814 -0.0269 -0.6234
Y  0.1682  0.9712  0.1690
Z  0.6009 -0.2369  0.7634

PART 8
OFFSET  10.9613  6.4417 -22.7547
X  0.7814 -0.0269 -0.6234
Y  0.1682  0.9712  0.1690
Z  0.6009 -0.2369  0.7634

PART 9
OFFSET  10.1391  5.4768 -23.1321
X  0.7814 -0.0269 -0.6234
Y  0.1682  0.9712  0.1690
Z  0.6009 -0.2369  0.7634

PART 10
OFFSET  11.1274  6.9226 -24.5803
X  0.5439  0.7954 -0.2675
Y -0.7674  0.6004  0.2248
Z  0.3394  0.0830  0.9370

PART 11
OFFSET  10.7709  7.8939 -24.0989
X  0.3045  0.9471 -0.1010
Y -0.9397  0.2814 -0.1945
Z -0.1558  0.1541  0.9757

PART 12
OFFSET  11.3255  9.9744 -24.2820
X  0.6594  0.6799 -0.3210
Y -0.7237  0.6896 -0.0261
Z  0.2036  0.2495  0.9467

PART 13
OFFSET  12.4559  11.0587 -24.6926
X  0.3353  0.9296 -0.1532
Y -0.9415  0.3250 -0.0889
Z -0.0329  0.1741  0.9842

PART 14
OFFSET  12.8010  12.0775 -24.8147
X  0.0746  0.6413 -0.7636
Y  0.1131 -0.7663 -0.6325
Z -0.9908 -0.0392 -0.1297

PART 15
OFFSET  12.4780  6.9695 -24.8580
X  0.8800  0.4456 -0.1647
Y  0.2010 -0.0351  0.9790
Z  0.4304 -0.8945 -0.1204

PART 16
OFFSET  14.4171  8.0967 -25.0905
X -0.0256  0.4137  0.9101
Y -0.9426 -0.3131  0.1158
Z  0.3329 -0.8549  0.3979

PART 17
OFFSET  14.3808  8.6824 -23.8020
X -0.5659  0.1858  0.8033
Y -0.7445 -0.5338 -0.4010
Z  0.3543 -0.8250  0.4404

PART 18
OFFSET  13.8791  8.8471 -23.0898
X -0.7703  0.0237  0.6373
Y -0.5579 -0.5091 -0.6554
Z  0.3089 -0.8604  0.4054

PART 19
OFFSET  13.1473  8.8696 -22.4844
X  0.8947  0.4258 -0.1346
Y  0.1135 -0.5083 -0.8537
Z -0.4320  0.7485 -0.5031

PART 20
OFFSET  12.0402  7.5319 -24.8983
X  0.7553  0.5730 -0.3180
Y  0.3616  0.0403  0.9315
Z  0.5466 -0.8185 -0.1768

PART 21
OFFSET  14.1116  8.9906 -25.4810
X  0.4252  0.3137  0.8490
Y -0.8783 -0.0835  0.4707
Z  0.2185 -0.9458  0.2400

PART 22
OFFSET  14.8355  9.5247 -24.0356
X -0.5645  0.0838  0.8212
Y -0.7903 -0.3420 -0.5084
Z  0.2383 -0.9360  0.2593

PART 23
OFFSET  14.0532  9.6408 -22.8975
X -0.8175 -0.0551  0.5733
Y -0.5231 -0.3455 -0.7791
Z  0.2410 -0.9368  0.2536

PART 24
OFFSET  13.1665  9.5811 -22.2758
X  0.9804  0.1964 -0.0121
Y  0.0302 -0.2109 -0.9770
Z -0.1945  0.9576 -0.2127

PART 25
OFFSET  11.7675  10.3723 -24.5457
X  0.7546  0.6553 -0.0347
Y -0.1965  0.1752 -0.9647
Z -0.6261  0.7347  0.2610

PART 26
OFFSET  12.5417  10.4438 -25.8013
X  0.9381  0.3179  0.1377
Y -0.1278 -0.0520  0.9904
Z  0.3220 -0.9467 -0.0082

PART 27
OFFSET  14.1934  11.0035 -25.5588
X  0.4394  0.0388  0.8975
Y -0.8458 -0.3186  0.4279
Z  0.3025 -0.9471 -0.1072

PART 28
OFFSET  14.7091  11.1082 -24.4612
X -0.2955 -0.0958  0.9505
Y -0.8944 -0.3220 -0.3105
Z  0.3358 -0.9419  0.0095

PART 29
OFFSET  14.3753  11.0000 -23.3876
X  0.9980  0.0569 -0.0264
Y -0.0331  0.1202 -0.9922
Z -0.0533  0.9911  0.1219

PART 30
OFFSET  13.3772  9.7225 -25.8486
X  0.6818  0.3438  0.6458
Y -0.6350 -0.1601  0.7557
Z  0.3632 -0.9253  0.1091

PART 31
OFFSET  14.7091  10.3941 -24.5871
X -0.2236  0.0228  0.9744
Y -0.9211 -0.3318 -0.2036
Z  0.3186 -0.9431  0.0952

PART 32
OFFSET  14.3825  10.4274 -23.1638
X -0.7401 -0.1777  0.6486
Y -0.6104 -0.2275 -0.7588
Z  0.2824 -0.9574  0.0599

PART 33
OFFSET  13.5468  10.2195 -22.4282
X  0.9393  0.3428 -0.0166
Y  0.0303 -0.1310 -0.9909
Z -0.3418  0.9303 -0.1334

PART 34
OFFSET  13.5329  8.8819 -23.9989
X  0.5243 -0.8437 -0.1152
Y -0.3394 -0.0830 -0.9370
Z  0.7810  0.5303 -0.3299

PART 35
OFFSET  8.1489  2.1501 -16.7197
X  0.3815  0.7970 -0.4681
Y -0.8879  0.1752 -0.4254
Z -0.2570  0.5780  0.7745

PART 36
OFFSET  8.1489  2.1501 -16.7197
X  0.3815  0.7970 -0.4681
Y -0.8879  0.1752 -0.4254
Z -0.2570  0.5780  0.7745

PART 37
OFFSET  9.8153  7.6880 -17.2553
X  0.3762  0.8087 -0.4522
Y -0.8879  0.1752 -0.4254
Z -0.2648  0.5615  0.7839

PART 38
OFFSET  12.2928  8.1093 -22.9140
X  0.3815  0.7970 -0.4681
Y -0.8879  0.1752 -0.4254
Z -0.2570  0.5780  0.7745

PART 39
OFFSET  14.1146  13.2008 -23.8287
X  0.1153  0.6619 -0.7407
Y  0.7086 -0.5774 -0.4056
Z -0.6962 -0.4780 -0.5356

PART 40
OFFSET  3.6077 -8.8659 -11.8110
X  0.2460  0.9621 -0.1173
Y -0.8879  0.1752 -0.4254
Z -0.3887  0.2089  0.8974

PART 41
OFFSET  16.6831  14.9884 -29.2452
X  0.8879 -0.1752  0.4254
Y  0.3815  0.7970 -0.4681
Z -0.2570  0.5780  0.7745

PART 42
OFFSET  9.6707  5.6710 -18.4816
X  0.3815  0.7970 -0.4681
Y -0.8879  0.1752 -0.4254
Z -0.2570  0.5780  0.7745

PART 43
OFFSET  16.8710  21.5861 -26.9587
X  0.3815  0.7970 -0.4681
Y -0.8879  0.1752 -0.4254
Z -0.2570  0.5780  0.7745

PART 44
OFFSET -7.2604 -4.8127 -5.4071
X -0.5840  0.4869  0.6495
Y  0.1354 -0.7305  0.6694
Z  0.8004  0.4789  0.3607

PART 45
OFFSET -0.1976 -10.7015 -13.2621
X -0.7555 -0.6215  0.2072
Y  0.3925 -0.6827 -0.6163
Z  0.5245 -0.3844  0.7597

PART 46
OFFSET  6.2286 -5.4156 -15.0242
X -0.7555 -0.6215  0.2072
Y  0.3882 -0.6795 -0.6226
Z  0.5277 -0.3900  0.7546

PART 47
OFFSET  6.4205 -3.5972 -15.8125
X -0.7594 -0.6163  0.2085
Y -0.5279  0.3963 -0.7512
Z  0.3803 -0.6805 -0.6263

PART 48
OFFSET  6.7161 -2.9989 -14.7914
X -0.7594 -0.6163  0.2085
Y -0.5279  0.3963 -0.7512
Z  0.3803 -0.6805 -0.6263

PART 49
OFFSET  7.5587 -3.5567 -13.8685
X -0.7594 -0.6163  0.2085
Y -0.5279  0.3963 -0.7512
Z  0.3803 -0.6805 -0.6263

PART 50
OFFSET  8.5449 -3.5104 -15.6594
X -0.1709 -0.9372  0.3042
Y  0.5084 -0.3483 -0.7875
Z  0.8440  0.0200  0.5360

PART 51
OFFSET  7.7846 -2.7609 -15.2563
X  0.5508 -0.8282  0.1039
Y  0.2430  0.0400 -0.9692
Z  0.7985  0.5591  0.2232

PART 52
OFFSET  6.5275 -1.0089 -15.3962
X -0.1000 -0.6349  0.7661
Y  0.6254 -0.6390 -0.4479
Z  0.7739  0.4343  0.4609

PART 53
OFFSET  6.6395 -0.0706 -16.7113
X -0.4019  0.0596  0.9137
Y  0.4116 -0.8796  0.2384
Z  0.8180  0.4719  0.3290

PART 54
OFFSET  7.0297 -0.1417 -17.7185
X -0.7373 -0.4404  0.5123
Y -0.5124 -0.1296 -0.8489
Z  0.4402 -0.8884 -0.1301

PART 55
OFFSET  9.0634 -3.0944 -16.8683
X -0.1750 -0.6573  0.7331
Y  0.8878  0.2166  0.4061
Z -0.4258  0.7219  0.5456

PART 56
OFFSET  9.2856 -1.5391 -18.4858
X  0.8227 -0.2193  0.5244
Y  0.5460  0.5617 -0.6216
Z -0.1582  0.7978  0.5818

PART 57
OFFSET  8.1208 -1.2286 -19.2282
X  0.8811  0.3778 -0.2844
Y -0.4547  0.5116 -0.7291
Z -0.1300  0.7717  0.6225

PART 58
OFFSET  7.3396 -1.5636 -18.9761
X  0.1570  0.5976 -0.7863
Y -0.9732 -0.0418 -0.2260
Z -0.1679  0.8007  0.5750

PART 59
OFFSET  7.1905 -2.1313 -18.2291
X  0.5152 -0.5466  0.6601
Y -0.8569 -0.3149  0.4080
Z -0.0151 -0.7759 -0.6307

PART 60
OFFSET  8.8809 -2.6540 -16.3370
X -0.1631 -0.7927  0.5874
Y  0.8626  0.1744  0.4749
Z -0.4789  0.5842  0.6553

PART 61
OFFSET  9.3944 -0.6797 -17.9485
X  0.7673 -0.1709  0.6181
Y  0.5942  0.5518 -0.5851
Z -0.2411  0.8163  0.5249

PART 62
OFFSET  8.0881 -0.3888 -19.0009
X  0.7613  0.4958 -0.4178
Y -0.6078  0.3214 -0.7261
Z -0.2257  0.8067  0.5461

PART 63
OFFSET  7.0330 -1.0760 -18.4218
X -0.0121  0.5617 -0.8272
Y -0.9731 -0.1970 -0.1196
Z -0.2302  0.8035  0.5490

PART 64
OFFSET  7.0461 -1.6852 -17.5247
X  0.5544 -0.3081  0.7731
Y -0.7795 -0.5177  0.3527
Z  0.2916 -0.7981 -0.5272

PART 65
OFFSET  7.8560 -7.1054 -13.4401
X -0.0245 -0.8088  0.5876
Y -0.8367 -0.3051 -0.4548
Z  0.5471 -0.5027 -0.6693

PART 66
OFFSET  9.1411  0.4114 -16.0515
X -0.3219 -0.8819  0.3443
Y  0.8557 -0.1155  0.5044
Z -0.4051  0.4570  0.7919

PART 67
OFFSET  9.7080  1.9642 -16.6577
X  0.6594 -0.4023  0.6351
Y  0.6028  0.7877 -0.1269
Z -0.4492  0.4666  0.7619

PART 68
OFFSET  8.8791  2.4816 -17.3835
X  0.8775 -0.0811  0.4726
Y  0.2792  0.8877 -0.3661
Z -0.3898  0.4533  0.8016

PART 69
OFFSET  7.8879  2.5733 -17.9173
X -0.6474 -0.6474  0.4021
Y -0.6935  0.2815 -0.6632
Z  0.3162 -0.7082 -0.6312

PART 70
OFFSET  9.5231 -0.0700 -16.9695
X  0.6797 -0.2499  0.6896
Y  0.6329  0.6750 -0.3792
Z -0.3707  0.6942  0.6169

PART 71
OFFSET  8.1953  0.4182 -18.3167
X  0.8133  0.5620 -0.1507
Y -0.4352  0.4157 -0.7986
Z -0.3862  0.7150  0.5827

PART 72
OFFSET  7.0073 -0.4027 -18.0967
X  0.0604  0.6239 -0.7791
Y -0.9008 -0.3022 -0.3118
Z -0.4300  0.7207  0.5438

PART 73
OFFSET  6.9414 -1.1146 -17.2183
X  0.5565 -0.3315  0.7618
Y -0.7583 -0.5774  0.3027
Z  0.3395 -0.7462 -0.5727

PART 74
OFFSET  0.0000 -0.0000 -0.0000
X  1.0000 -0.0000  0.0000
Y  0.0000  1.0000  0.0000
Z  0.0000 -0.0000  1.0000

PART 75
OFFSET  0.0000 -0.0000 -0.0000
X  1.0000 -0.0025  0.0072
Y  0.0025  1.0000 -0.0016
Z -0.0072  0.0016  1.0000

PART 76
OFFSET  1.5106  0.0027  4.1468
X  1.0000 -0.0025  0.0072
Y  0.0025  1.0000 -0.0016
Z -0.0072  0.0016  1.0000


FRAME 704
PART 0
OFFSET  0.0000 -0.0000 -0.0000
X  1.0000 -0.0000  0.0000
Y  0.0000  1.0000  0.0000
Z  0.0000 -0.0000  1.0000

PART 1
OFFSET -4.6318 -0.0000 -1.3770
X  1.0000 -0.0000  0.0000
Y  0.0000  1.0000  0.0000
Z  0.0000 -0.0000  1.0000

PART 2
OFFSET -3.5060  6.3408 -6.7125
X  0.3968  0.0964 -0.9128
Y  0.3116 -0.9496  0.0351
Z -0.8634 -0.2984 -0.4069

PART 3
OFFSET  1.2934  7.5071 -17.7519
X  0.8874 -0.0742 -0.4549
Y  0.4277 -0.2355  0.8727
Z -0.1718 -0.9690 -0.1773

PART 4
OFFSET  8.8414  6.8764 -21.6214
X  0.8874 -0.0742 -0.4549
Y  0.0800  0.9968 -0.0065
Z  0.4540 -0.0307  0.8905

PART 5
OFFSET  10.0511  8.6802 -22.6248
X  0.8853 -0.0702 -0.4596
Y  0.1632  0.9725  0.1659
Z  0.4354 -0.2219  0.8725

PART 6
OFFSET  9.0788  6.3892 -23.3079
X  0.8853 -0.0702 -0.4596
Y  0.1632  0.9725  0.1659
Z  0.4354 -0.2219  0.8725

PART 7
OFFSET  11.4043  7.7500 -20.9848
X  0.8853 -0.0702 -0.4596
Y  0.1632  0.9725  0.1659
Z  0.4354 -0.2219  0.8725

PART 8
OFFSET  11.0333  6.2433 -21.2420
X  0.8853 -0.0702 -0.4596
