// Export filename: `C:\projects\cod\t5\xanim_export\t5_viewmodels\ak47\ak47_flame_pullout_quick.XANIM_EXPORT`
// Source filename: `D:\projects\devanim\t5\animation_assets\viewmodels\ak47\ViewModel_AK47_FlameThrower_animated.fbx`
// Export time: Sat Jun 05 16:32:22 2010

ANIMATION
VERSION 3

NUMPARTS 81
PART 0 "tag_ads"
PART 1 "tag_torso"
PART 2 "J_Shoulder_LE"
PART 3 "J_Elbow_LE"
PART 4 "J_WristTwist_LE"
PART 5 "J_Sleave_Reshape_Bottom_LE_1"
PART 6 "J_Sleave_Reshape_Bottom_LE_2"
PART 7 "J_Sleave_Reshape_Top_LE_1"
PART 8 "J_Sleave_Reshape_Top_LE_2"
PART 9 "J_Sleave_Reshape_Top_LE_3"
PART 10 "J_Wrist_LE"
PART 11 "J_Thumb_LE_0"
PART 12 "J_Thumb_LE_1"
PART 13 "J_Thumb_LE_2"
PART 14 "J_Thumb_LE_3"
PART 15 "J_PinkyPalm_LE"
PART 16 "J_Pinky_LE_0"
PART 17 "J_Pinky_LE_1"
PART 18 "J_Pinky_LE_2"
PART 19 "J_Pinky_LE_3"
PART 20 "J_RingPalm_LE"
PART 21 "J_Ring_LE_0"
PART 22 "J_Ring_LE_1"
PART 23 "J_Ring_LE_2"
PART 24 "J_Ring_LE_3"
PART 25 "J_Webbing_LE"
PART 26 "J_Index_LE_0"
PART 27 "J_Index_LE_1"
PART 28 "J_Index_LE_2"
PART 29 "J_Index_LE_3"
PART 30 "J_Mid_LE_0"
PART 31 "J_Mid_LE_1"
PART 32 "J_Mid_LE_2"
PART 33 "J_Mid_LE_3"
PART 34 "tag_knife_attach"
PART 35 "tag_weapon"
PART 36 "J_Gun"
PART 37 "J_bolt"
PART 38 "TAG_CLIP"
PART 39 "TAG_FLASH"
PART 40 "tag_flame_unit"
PART 41 "tag_flamer_big_nozel"
PART 42 "tag_flamer_bracket"
PART 43 "tag_flamer_bottle"
PART 44 "tag_flamer_button"
PART 45 "tag_flamer_ring"
PART 46 "tag_flamer_flame"
PART 47 "tag_flamer_pilot_light"
PART 48 "J_Shoulder_RI"
PART 49 "J_Elbow_RI"
PART 50 "J_WristTwist_RI"
PART 51 "J_Sleave_Reshape_Top_RI_3"
PART 52 "J_Sleave_Reshape_Top_RI_2"
PART 53 "J_Sleave_Reshape_Top_RI_1"
PART 54 "J_Wrist_RI"
PART 55 "J_Thumb_RI_0"
PART 56 "J_Thumb_RI_1"
PART 57 "J_Thumb_RI_2"
PART 58 "J_Thumb_RI_3"
PART 59 "J_PinkyPalm_RI"
PART 60 "J_Pinky_RI_0"
PART 61 "J_Pinky_RI_1"
PART 62 "J_Pinky_RI_2"
PART 63 "J_Pinky_RI_3"
PART 64 "J_RingPalm_RI"
PART 65 "J_Ring_RI_0"
PART 66 "J_Ring_RI_1"
PART 67 "J_Ring_RI_2"
PART 68 "J_Ring_RI_3"
PART 69 "J_Webbing_RI"
PART 70 "J_Index_RI_0"
PART 71 "J_Index_RI_1"
PART 72 "J_Index_RI_2"
PART 73 "J_Index_RI_3"
PART 74 "J_Mid_RI_0"
PART 75 "J_Mid_RI_1"
PART 76 "J_Mid_RI_2"
PART 77 "J_Mid_RI_3"
PART 78 "tag_cambone"
PART 79 "tag_camera"
PART 80 "tag_gasmask"

FRAMERATE 30
NUMFRAMES 31

FRAME 230
PART 0
OFFSET -4.6318 -0.0000 -1.3770
X  1.0000 -0.0000  0.0000
Y  0.0000  1.0000  0.0000
Z  0.0000 -0.0000  1.0000

PART 1
OFFSET -4.6318 -0.0000 -1.3770
X  1.0000 -0.0000  0.0000
Y  0.0000  1.0000  0.0000
Z  0.0000 -0.0000  1.0000

PART 2
OFFSET -3.5060  6.3408 -6.7125
X -0.1648  0.7531 -0.6369
Y  0.1396 -0.6214 -0.7709
Z -0.9764 -0.2160 -0.0027

PART 3
OFFSET -5.4997  15.4488 -14.4152
X  0.9133 -0.1410 -0.3822
Y  0.1527 -0.7513  0.6421
Z -0.3776 -0.6447 -0.6646

PART 4
OFFSET  2.2682  14.2498 -17.6656
X  0.9133 -0.1410 -0.3822
Y  0.1556 -0.7464  0.6471
Z -0.3765 -0.6504 -0.6597

PART 5
OFFSET  4.0952  15.7876 -17.5203
X  0.9134 -0.1348 -0.3842
Y  0.3729  0.6559  0.6563
Z  0.1635 -0.7427  0.6493

PART 6
OFFSET  2.7269  14.5793 -19.3446
X  0.9134 -0.1348 -0.3842
Y  0.3729  0.6559  0.6563
Z  0.1635 -0.7427  0.6493

PART 7
OFFSET  4.7711  13.7953 -16.5406
X  0.9134 -0.1348 -0.3842
Y  0.3729  0.6559  0.6563
Z  0.1635 -0.7427  0.6493

PART 8
OFFSET  4.0823  12.8188 -17.5634
X  0.9134 -0.1348 -0.3842
Y  0.3729  0.6559  0.6563
Z  0.1635 -0.7427  0.6493

PART 9
OFFSET  3.2189  12.5342 -18.5241
X  0.9134 -0.1348 -0.3842
Y  0.3729  0.6559  0.6563
Z  0.1635 -0.7427  0.6493

PART 10
OFFSET  5.0680  13.8176 -18.8372
X  0.6241 -0.6428  0.4442
Y -0.7501 -0.3338  0.5709
Z -0.2187 -0.6895 -0.6905

PART 11
OFFSET  4.5351  12.9232 -18.3700
X  0.0677 -0.9906 -0.1185
Y -0.6983 -0.1319  0.7036
Z -0.7126  0.0351 -0.7007

PART 12
OFFSET  4.5717  10.7743 -18.5945
X  0.4102 -0.9103 -0.0558
Y -0.7943 -0.3867  0.4686
Z -0.4481 -0.1479 -0.8816

PART 13
OFFSET  5.2311  9.3113 -18.8113
X  0.0187 -0.9994 -0.0283
Y -0.7861 -0.0322  0.6172
Z -0.6178  0.0107 -0.7863

PART 14
OFFSET  5.2097  8.2304 -18.8673
X  0.2486 -0.7512  0.6114
Y  0.6937  0.5786  0.4289
Z -0.6760  0.3175  0.6650

PART 15
OFFSET  6.3551  13.4917 -19.2122
X  0.9377 -0.3450  0.0416
Y -0.2025 -0.6399 -0.7413
Z  0.2824  0.6867 -0.6699

PART 16
OFFSET  8.3960  12.5381 -19.1120
X  0.7224 -0.6310 -0.2829
Y -0.6899 -0.6854 -0.2329
Z -0.0469  0.3634 -0.9305

PART 17
OFFSET  9.4187  11.6447 -19.5125
X  0.1852 -0.9217 -0.3408
Y -0.9827 -0.1713 -0.0705
Z  0.0066  0.3479 -0.9375

PART 18
OFFSET  9.5828  10.8274 -19.8146
X -0.1632 -0.9295 -0.3306
Y -0.9847  0.1329  0.1125
Z -0.0607  0.3440 -0.9370

PART 19
OFFSET  9.4278  9.9444 -20.1288
X  0.7518  0.5778  0.3177
Y -0.6460  0.7419  0.1793
Z -0.1321 -0.3401  0.9311

PART 20
OFFSET  6.0244  13.2248 -18.6386
X  0.8230 -0.5134  0.2432
Y -0.1983 -0.6609 -0.7238
Z  0.5323  0.5475 -0.6457

PART 21
OFFSET  8.1947  11.9162 -18.0591
X  0.8723 -0.4557 -0.1770
Y -0.4744 -0.7012 -0.5323
Z  0.1185  0.5483 -0.8278

PART 22
OFFSET  9.6798  11.1403 -18.3606
X  0.2920 -0.8229 -0.4874
Y -0.9451 -0.1699 -0.2792
Z  0.1469  0.5422 -0.8273

PART 23
OFFSET  10.0844  9.9998 -19.0361
X  0.1296 -0.8365 -0.5324
Y -0.9810 -0.0301 -0.1915
Z  0.1442  0.5471 -0.8245

PART 24
OFFSET  10.2250  9.0926 -19.6135
X  0.4613  0.7295  0.5050
Y -0.8833  0.4313  0.1839
Z -0.0837 -0.5309  0.8433

PART 25
OFFSET  5.6837  10.9365 -16.9315
X  0.6715 -0.7320  0.1155
Y  0.3611  0.4594  0.8115
Z -0.6471 -0.5032  0.5728

PART 26
OFFSET  7.0154  11.3174 -16.4192
X  0.8151 -0.5517  0.1769
Y -0.2862 -0.6490 -0.7049
Z  0.5037  0.5239 -0.6869

PART 27
OFFSET  8.4504  10.3461 -16.1076
X  0.6603 -0.7284 -0.1827
Y -0.5757 -0.3347 -0.7460
Z  0.4822  0.5978 -0.6404

PART 28
OFFSET  9.2239  9.4243 -16.2909
X  0.4710 -0.8469 -0.2469
Y -0.6928 -0.1819 -0.6978
Z  0.5460  0.4997 -0.6724

PART 29
OFFSET  9.7559  8.4677 -16.5697
X  0.6257  0.5805  0.5211
Y -0.7252  0.6789  0.1145
Z -0.2873 -0.4496  0.8458

PART 30
OFFSET  7.7233  11.6244 -17.2097
X  0.8253 -0.5523 -0.1180
Y -0.5218 -0.6658 -0.5333
Z  0.2160  0.5017 -0.8377

PART 31
OFFSET  9.3356  10.5455 -17.4402
X  0.5064 -0.7794 -0.3688
Y -0.8457 -0.3654 -0.3890
Z  0.1684  0.5089 -0.8442

PART 32
OFFSET  10.0753  9.4071 -17.9789
X  0.3395 -0.8256 -0.4507
Y -0.9334 -0.2364 -0.2701
Z  0.1164  0.5123 -0.8509

PART 33
OFFSET  10.4613  8.4758 -18.4952
X  0.3284  0.7513  0.5724
Y -0.9216  0.3877  0.0198
Z -0.2071 -0.5340  0.8197

PART 34
OFFSET  6.8310  11.2040 -18.9928
X  0.4796  0.5403 -0.6914
Y  0.2187  0.6895  0.6905
Z  0.8498 -0.4824  0.2125

PART 35
OFFSET  0.2396 -18.0192 -9.7489
X  0.7936 -0.4370 -0.4235
Y  0.5820  0.7481  0.3188
Z  0.1775 -0.4995  0.8480

PART 36
OFFSET  0.2396 -18.0192 -9.7489
X  0.7936 -0.4370 -0.4235
Y  0.5820  0.7481  0.3188
Z  0.1775 -0.4995  0.8480

PART 37
OFFSET  4.7003 -21.7236 -10.0843
X  0.7970 -0.4471 -0.4061
Y  0.5820  0.7481  0.3188
Z  0.1612 -0.4904  0.8564

PART 38
OFFSET  3.6401 -19.9878 -11.2910
X  0.7936 -0.4370 -0.4235
Y  0.5820  0.7481  0.3188
Z  0.1775 -0.4995  0.8480

PART 39
OFFSET  19.1748 -28.8553 -18.8437
X  0.7936 -0.4370 -0.4235
Y  0.5820  0.7481  0.3188
Z  0.1775 -0.4995  0.8480

PART 40
OFFSET -0.7624 -16.5464 -11.3754
X  0.7936 -0.4370 -0.4235
Y  0.5820  0.7481  0.3188
Z  0.1775 -0.4995  0.8480

PART 41
OFFSET  20.3755 -28.2897 -21.9664
X  0.5820  0.7481  0.3188
Y -0.7936  0.4370  0.4235
Z  0.1775 -0.4995  0.8480

PART 42
OFFSET  10.8082 -23.7123 -16.7936
X -0.1391 -0.2947  0.9454
Y -0.8012  0.5946  0.0675
Z -0.5820 -0.7481 -0.3188

PART 43
OFFSET  10.8082 -23.7123 -16.7936
X  0.5820  0.7481  0.3188
Y -0.7936  0.4370  0.4235
Z  0.1775 -0.4995  0.8480

PART 44
OFFSET  10.5682 -23.0750 -16.9417
X  0.5820  0.7481  0.3188
Y -0.7936  0.4370  0.4235
Z  0.1775 -0.4995  0.8480

PART 45
OFFSET  11.3830 -22.0278 -16.4954
X  0.4023  0.8989 -0.1738
Y -0.7936  0.4370  0.4235
Z  0.4566 -0.0325  0.8891

PART 46
OFFSET  18.5720 -27.3786 -20.8384
X  0.7936 -0.4370 -0.4235
Y  0.5820  0.7481  0.3188
Z  0.1775 -0.4995  0.8480

PART 47
OFFSET  18.7023 -25.6518 -20.7613
X  0.4395 -0.8869 -0.1419
Y  0.7074  0.4392 -0.5537
Z  0.5535  0.1430  0.8205

PART 48
OFFSET -17.6076 -4.8127 -7.0611
X -0.7594  0.0820  0.6454
Y -0.6449  0.0364 -0.7634
Z -0.0861 -0.9960  0.0253

PART 49
OFFSET -8.4232 -5.8044 -14.8665
X -0.2862  0.8781 -0.3836
Y  0.7481 -0.0454 -0.6620
Z -0.5987 -0.4764 -0.6439

PART 50
OFFSET -5.9892 -13.2726 -11.6041
X -0.2862  0.8781 -0.3836
Y  0.6092 -0.1423 -0.7802
Z -0.7396 -0.4569 -0.4942

PART 51
OFFSET -5.3698 -13.9344 -9.8311
X -0.2888  0.8797 -0.3777
Y  0.5884  0.4743  0.6548
Z  0.7552 -0.0332 -0.6546

PART 52
OFFSET -6.3691 -14.5632 -9.5248
X -0.2888  0.8797 -0.3777
Y  0.5884  0.4743  0.6548
Z  0.7552 -0.0332 -0.6546

PART 53
OFFSET -7.0467 -15.3032 -10.4559
X -0.2888  0.8797 -0.3777
Y  0.5884  0.4743  0.6548
Z  0.7552 -0.0332 -0.6546

PART 54
OFFSET -5.1119 -15.9645 -10.4281
X -0.8865  0.4420  0.1368
Y -0.0443  0.2132 -0.9760
Z -0.4605 -0.8713 -0.1694

PART 55
OFFSET -4.4812 -16.0112 -9.4783
X -0.8863 -0.0200 -0.4627
Y  0.4371  0.2941 -0.8499
Z  0.1531 -0.9556 -0.2520

PART 56
OFFSET -2.6209 -15.9443 -8.3808
X -0.8744  0.0080  0.4851
Y -0.4815  0.1081 -0.8698
Z -0.0594 -0.9941 -0.0906

PART 57
OFFSET -1.2313 -15.8395 -9.2056
X -0.2858 -0.2051  0.9361
Y -0.9580  0.0366 -0.2845
Z  0.0241 -0.9781 -0.2070

PART 58
OFFSET -0.9070 -15.5736 -10.2036
X -0.4239  0.4844  0.7653
Y  0.4334  0.8504 -0.2982
Z -0.7953  0.2053 -0.5704

PART 59
OFFSET -4.3161 -15.9341 -11.5548
X -0.8578  0.0885  0.5063
Y -0.2448 -0.9366 -0.2509
Z  0.4520 -0.3391  0.8250

PART 60
OFFSET -2.2929 -16.0676 -12.5415
X -0.6498 -0.7295 -0.2135
Y  0.6278 -0.3566 -0.6919
Z  0.4286 -0.5836  0.6897

PART 61
OFFSET -1.3730 -15.0347 -12.2392
X  0.2244 -0.6678 -0.7097
Y  0.8974  0.4255 -0.1167
Z  0.3799 -0.6107  0.6948

PART 62
OFFSET -1.5720 -14.4426 -11.6099
X  0.8381 -0.0190 -0.5451
Y  0.3266  0.8180  0.4735
Z  0.4369 -0.5749  0.6918

PART 63
OFFSET -2.3683 -14.4245 -11.0921
X -0.9092 -0.4158  0.0197
Y -0.2376  0.5572  0.7957
Z -0.3418  0.7188 -0.6054

PART 64
OFFSET -4.1560 -16.2946 -10.9598
X -0.9040  0.2216  0.3655
Y -0.3067 -0.9319 -0.1936
Z  0.2977 -0.2871  0.9105

PART 65
OFFSET -1.8606 -16.8477 -12.0480
X -0.6399 -0.7620 -0.0993
Y  0.5894 -0.4038 -0.6997
Z  0.4930 -0.5063  0.7075

PART 66
OFFSET -0.7711 -15.5504 -11.8789
X  0.4185 -0.5766 -0.7017
Y  0.7766  0.6278 -0.0527
Z  0.4709 -0.5229  0.7106

PART 67
OFFSET -1.3512 -14.7513 -10.9064
X  0.8717  0.1383 -0.4701
Y  0.1454  0.8432  0.5176
Z  0.4680 -0.5196  0.7149

PART 68
OFFSET -2.2966 -14.9013 -10.3966
X -0.7742 -0.6205  0.1246
Y -0.4008  0.6330  0.6623
Z -0.4899  0.4628 -0.7388

PART 69
OFFSET -9.0110 -14.7724 -9.1243
X -0.9536  0.1323  0.2704
Y  0.1809  0.9698  0.1636
Z -0.2405  0.2049 -0.9488

PART 70
OFFSET -1.7952 -18.1712 -10.2880
X -0.8204  0.5000  0.2772
Y -0.5618 -0.7952 -0.2282
Z  0.1063 -0.3429  0.9333

PART 71
OFFSET -0.3507 -19.0516 -10.7761
X -0.8138 -0.5776 -0.0638
Y  0.5639 -0.7585 -0.3266
Z  0.1402 -0.3018  0.9430

PART 72
OFFSET  0.6472 -18.3677 -10.6412
X -0.5234 -0.8120 -0.2584
Y  0.8468 -0.4620 -0.2634
Z  0.0945 -0.3567  0.9294

PART 73
OFFSET  1.2384 -17.4506 -10.3493
X -0.5675  0.5811  0.5833
Y  0.7351  0.6767  0.0410
Z -0.3709  0.4521 -0.8112

PART 74
OFFSET -1.8552 -17.7365 -11.3019
X -0.7178 -0.6962 -0.0063
Y  0.5833 -0.5963 -0.5515
Z  0.3802 -0.3996  0.8341

PART 75
OFFSET -0.4529 -16.3764 -11.2895
X  0.3318 -0.7803 -0.5301
Y  0.8456  0.4951 -0.1995
Z  0.4181 -0.3821  0.8241

PART 76
OFFSET -0.9376 -15.2366 -10.5152
X  0.8818  0.0319 -0.4705
Y  0.1312  0.9418  0.3096
Z  0.4530 -0.3347  0.8263

PART 77
OFFSET -1.9394 -15.2697 -9.9880
X -0.7889 -0.6046  0.1102
Y -0.4322  0.6733  0.5999
Z -0.4369  0.4256 -0.7924

PART 78
OFFSET  0.0000 -0.0000 -0.0000
X  1.0000 -0.0000  0.0000
Y  0.0000  1.0000  0.0000
Z  0.0000 -0.0000  1.0000

PART 79
OFFSET  0.0000 -0.0000 -0.0000
X  1.0000 -0.0000  0.0000
Y  0.0000  1.0000  0.0000
Z  0.0000 -0.0000  1.0000

PART 80
OFFSET  1.5404 -0.0000  4.1357
X  1.0000 -0.0000  0.0000
Y  0.0000  1.0000  0.0000
Z  0.0000 -0.0000  1.0000


FRAME 231
PART 0
OFFSET -4.6318 -0.0000 -1.3770
X  1.0000 -0.0000  0.0000
Y  0.0000  1.0000  0.0000
Z  0.0000 -0.0000  1.0000

PART 1
OFFSET -4.6318 -0.0000 -1.3770
X  1.0000 -0.0000  0.0000
Y  0.0000  1.0000  0.0000
Z  0.0000 -0.0000  1.0000

PART 2
OFFSET -3.5060  6.3408 -6.7125
X -0.1540  0.7531 -0.6397
Y  0.1631 -0.6191 -0.7682
Z -0.9745 -0.2226 -0.0275

PART 3
OFFSET -5.3685  15.4483 -14.4486
X  0.9280 -0.1607 -0.3363
Y  0.1088 -0.7461  0.6569
Z -0.3564 -0.6461 -0.6749

PART 4
OFFSET  2.5242  14.0816 -17.3085
X  0.9280 -0.1607 -0.3363
Y  0.1240 -0.7178  0.6851
Z -0.3515 -0.6775 -0.6462

PART 5
OFFSET  4.3684  15.5904 -17.0924
X  0.9283 -0.1545 -0.3383
Y  0.3523  0.6573  0.6663
Z  0.1194 -0.7376  0.6645

PART 6
OFFSET  3.0684  14.3836 -18.9671
X  0.9283 -0.1545 -0.3383
Y  0.3523  0.6573  0.6663
Z  0.1194 -0.7376  0.6645

PART 7
OFFSET  4.9623  13.5987 -16.0596
X  0.9283 -0.1545 -0.3383
Y  0.3523  0.6573  0.6663
Z  0.1194 -0.7376  0.6645

PART 8
OFFSET  4.3065  12.6219 -17.1035
X  0.9283 -0.1545 -0.3383
Y  0.3523  0.6573  0.6663
Z  0.1194 -0.7376  0.6645

PART 9
OFFSET  3.4852  12.3404 -18.1014
X  0.9283 -0.1545 -0.3383
Y  0.3523  0.6573  0.6663
Z  0.1194 -0.7376  0.6645

PART 10
OFFSET  5.3691  13.5890 -18.3394
X  0.6226 -0.6313  0.4624
Y -0.7469 -0.3033  0.5917
Z -0.2333 -0.7138 -0.6604

PART 11
OFFSET  4.8325  12.7192 -17.8316
X  0.0565 -0.9952 -0.0802
Y -0.6916 -0.0969  0.7157
Z -0.7200  0.0150 -0.6938

PART 12
OFFSET  4.8454  10.5628 -17.9717
X  0.4005 -0.9160 -0.0244
Y -0.7928 -0.3597  0.4920
Z -0.4595 -0.1777 -0.8702

PART 13
OFFSET  5.4877  9.0857 -18.1379
X  0.0085 -0.9999  0.0109
Y -0.7794  0.0002  0.6265
Z -0.6264 -0.0138 -0.7794

PART 14
OFFSET  5.4549  8.0037 -18.1511
X  0.2480 -0.7292  0.6378
Y  0.7042  0.5878  0.3982
Z -0.6653  0.3503  0.6593

PART 15
OFFSET  6.6486  13.2353 -18.7151
X  0.9346 -0.3528  0.0450
Y -0.2172 -0.6664 -0.7133
Z  0.2816  0.6569 -0.6994

PART 16
OFFSET  8.6809  12.2653 -18.5996
X  0.7128 -0.6491 -0.2656
Y -0.6993 -0.6868 -0.1983
Z -0.0538  0.3271 -0.9435

PART 17
OFFSET  9.6901  11.3463 -18.9757
X  0.1722 -0.9363 -0.3062
Y -0.9851 -0.1638 -0.0531
Z -0.0005  0.3108 -0.9505

PART 18
OFFSET  9.8428  10.5162 -19.2472
X -0.1761 -0.9401 -0.2920
Y -0.9820  0.1474  0.1179
Z -0.0678  0.3075 -0.9491

PART 19
OFFSET  9.6754  9.6231 -19.5246
X  0.7610  0.5820  0.2866
Y -0.6366  0.7551  0.1570
Z -0.1250 -0.3019  0.9451

PART 20
OFFSET  6.3217  12.9945 -18.1280
X  0.8205 -0.5119  0.2543
Y -0.2130 -0.6867 -0.6951
Z  0.5305  0.5162 -0.6725

PART 21
OFFSET  8.4853  11.6872 -17.5210
X  0.8657 -0.4713 -0.1684
Y -0.4872 -0.7166 -0.4992
Z  0.1146  0.5142 -0.8500

PART 22
OFFSET  9.9591  10.8848 -17.8077
X  0.2783 -0.8444 -0.4578
Y -0.9498 -0.1710 -0.2621
Z  0.1430  0.5077 -0.8496

PART 23
OFFSET  10.3448  9.7145 -18.4422
X  0.1153 -0.8581 -0.5005
Y -0.9834 -0.0274 -0.1795
Z  0.1403  0.5128 -0.8469

PART 24
OFFSET  10.4699  8.7840 -18.9849
X  0.4742  0.7439  0.4709
Y -0.8768  0.4473  0.1763
Z -0.0795 -0.4965  0.8644

PART 25
OFFSET  5.9775  10.7787 -16.3285
X  0.6654 -0.7338  0.1370
Y  0.3748  0.4871  0.7889
Z -0.6456 -0.4736  0.5991

PART 26
OFFSET  7.3185  11.1656 -15.8460
X  0.8115 -0.5527  0.1897
Y -0.3006 -0.6731 -0.6757
Z  0.5012  0.4913 -0.7124

PART 27
OFFSET  8.7473  10.1924 -15.5121
X  0.6510 -0.7418 -0.1611
Y -0.5873 -0.3578 -0.7260
Z  0.4809  0.5672 -0.6686

PART 28
OFFSET  9.5095  9.2561 -15.6673
X  0.4598 -0.8608 -0.2184
Y -0.7024 -0.2020 -0.6825
Z  0.5434  0.4672 -0.6975

PART 29
OFFSET  10.0288  8.2839 -15.9140
X  0.6372  0.5940  0.4911
Y -0.7171  0.6904  0.0955
Z -0.2823 -0.4130  0.8659

PART 30
OFFSET  8.0206  11.4339 -16.6557
X  0.8184 -0.5650 -0.1051
Y -0.5343 -0.6808 -0.5010
Z  0.2115  0.4662 -0.8590

PART 31
OFFSET  9.6194  10.3302 -16.8610
X  0.4945 -0.7985 -0.3433
Y -0.8536 -0.3716 -0.3651
Z  0.1640  0.4736 -0.8653

PART 32
OFFSET  10.3417  9.1639 -17.3624
X  0.3262 -0.8461 -0.4215
Y -0.9386 -0.2372 -0.2504
Z  0.1119  0.4773 -0.8716

PART 33
OFFSET  10.7126  8.2092 -17.8458
X  0.3422  0.7698  0.5389
Y -0.9174  0.3977  0.0145
Z -0.2032 -0.4993  0.8423

PART 34
OFFSET  7.1042  10.9532 -18.4111
X  0.4771  0.5077 -0.7173
Y  0.2333  0.7138  0.6604
Z  0.8473 -0.4824  0.2221

PART 35
OFFSET  0.4532 -17.5293 -9.4387
X  0.8245 -0.4400 -0.3558
Y  0.5507  0.7684  0.3260
Z  0.1300 -0.4647  0.8759

PART 36
OFFSET  0.4532 -17.5293 -9.4387
X  0.8245 -0.4400 -0.3558
Y  0.5507  0.7684  0.3260
Z  0.1300 -0.4647  0.8759

PART 37
OFFSET  4.9749 -21.1736 -9.3517
X  0.8270 -0.4494 -0.3378
Y  0.5507  0.7684  0.3260
Z  0.1131 -0.4556  0.8830

PART 38
OFFSET  3.9704 -19.5007 -10.6879
X  0.8245 -0.4400 -0.3558
Y  0.5507  0.7684  0.3260
Z  0.1300 -0.4647  0.8759

PART 39
OFFSET  20.0684 -28.3995 -16.9060
X  0.8245 -0.4400 -0.3558
Y  0.5507  0.7684  0.3260
Z  0.1300 -0.4647  0.8759

PART 40
OFFSET -0.4631 -16.1339 -11.1799
X  0.8245 -0.4400 -0.3558
Y  0.5507  0.7684  0.3260
Z  0.1300 -0.4647  0.8759

PART 41
OFFSET  21.4570 -27.9319 -19.9663
X  0.5507  0.7684  0.3260
Y -0.8245  0.4400  0.3558
Z  0.1300 -0.4647  0.8759

PART 42
OFFSET  11.5214 -23.3151 -15.5833
X -0.1948 -0.2615  0.9454
Y -0.8116  0.5841 -0.0057
Z -0.5507 -0.7684 -0.3260

PART 43
OFFSET  11.5214 -23.3151 -15.5833
X  0.5507  0.7684  0.3260
Y -0.8245  0.4400  0.3558
Z  0.1300 -0.4647  0.8759

PART 44
OFFSET  11.2828 -22.6875 -15.7703
X  0.5507  0.7684  0.3260
Y -0.8245  0.4400  0.3558
Z  0.1300 -0.4647  0.8759

PART 45
OFFSET  12.0538 -21.6118 -15.3139
X  0.3777  0.8961 -0.2330
Y -0.8245  0.4400  0.3558
Z  0.4214  0.0577  0.9051

PART 46
OFFSET  19.5737 -27.0077 -18.9895
X  0.8245 -0.4400 -0.3558
Y  0.5507  0.7684  0.3260
Z  0.1300 -0.4647  0.8759

PART 47
OFFSET  19.6760 -25.2774 -18.9703
X  0.4594 -0.8846 -0.0801
Y  0.7352  0.4293 -0.5246
Z  0.4984  0.1820  0.8476

PART 48
OFFSET -17.2950 -4.9046 -7.2760
X -0.7533  0.0519  0.6556
Y -0.6556  0.0197 -0.7549
Z -0.0521 -0.9985  0.0192

PART 49
OFFSET -8.1843 -5.5318 -15.2046
X -0.2863  0.8688 -0.4039
Y  0.7545 -0.0554 -0.6540
Z -0.5905 -0.4920 -0.6397

PART 50
OFFSET -5.7490 -12.9216 -11.7690
X -0.2863  0.8688 -0.4039
Y  0.6344 -0.1440 -0.7595
Z -0.7180 -0.4737 -0.5099

PART 51
OFFSET -5.1434 -13.5446 -9.9773
X -0.2890  0.8706 -0.3981
Y  0.5802  0.4901  0.6505
Z  0.7615 -0.0430 -0.6468

PART 52
OFFSET -6.1428 -14.1715 -9.6677
X -0.2890  0.8706 -0.3981
Y  0.5802  0.4901  0.6505
Z  0.7615 -0.0430 -0.6468

PART 53
OFFSET -6.8085 -14.9332 -10.5898
X -0.2890  0.8706 -0.3981
Y  0.5802  0.4901  0.6505
Z  0.7615 -0.0430 -0.6468

PART 54
OFFSET -4.8712 -15.5851 -10.5307
X -0.8992  0.4328  0.0639
Y  0.0148  0.1760 -0.9843
Z -0.4373 -0.8841 -0.1647

PART 55
OFFSET -4.3015 -15.5867 -9.5420
X -0.8548 -0.0510 -0.5164
Y  0.4862  0.2691 -0.8314
Z  0.1814 -0.9618 -0.2052

PART 56
OFFSET -2.5154 -15.4499 -8.3332
X -0.9035  0.0124  0.4285
Y -0.4268  0.0681 -0.9018
Z -0.0404 -0.9976 -0.0562

PART 57
OFFSET -1.0779 -15.3542 -9.0724
X -0.3418 -0.1746  0.9234
Y -0.9384  0.0110 -0.3453
Z  0.0501 -0.9846 -0.1676

PART 58
OFFSET -0.6946 -15.1205 -10.0574
X -0.4779  0.5058  0.7181
Y  0.4401  0.8454 -0.3026
Z -0.7602  0.1715 -0.6267

PART 59
OFFSET -4.0061 -15.5843 -11.6054
X -0.8892  0.0939  0.4477
Y -0.2160 -0.9490 -0.2299
Z  0.4033 -0.3011  0.8641

PART 60
OFFSET -1.9229 -15.7228 -12.4573
X -0.6252 -0.7470 -0.2260
Y  0.6750 -0.3723 -0.6370
Z  0.3918 -0.5508  0.7370

PART 61
OFFSET -1.0377 -14.6652 -12.1374
X  0.2777 -0.6902 -0.6682
Y  0.8973  0.4348 -0.0762
Z  0.3432 -0.5784  0.7401

PART 62
OFFSET -1.2840 -14.0532 -11.5449
X  0.8712 -0.0262 -0.4903
Y  0.2851  0.8401  0.4616
Z  0.3998 -0.5418  0.7393

PART 63
OFFSET -2.1116 -14.0283 -11.0791
X -0.9031 -0.4289 -0.0217
Y -0.2949  0.5826  0.7574
Z -0.3122  0.6903 -0.6526

PART 64
OFFSET -3.8792 -15.9199 -10.9883
X -0.9282  0.2209  0.2993
Y -0.2814 -0.9432 -0.1768
Z  0.2432 -0.2483  0.9377

PART 65
OFFSET -1.5124 -16.4772 -11.9082
X -0.6222 -0.7750 -0.1102
Y  0.6379 -0.4203 -0.6453
Z  0.4539 -0.4718  0.7559

PART 66
OFFSET -0.4530 -15.1576 -11.7206
X  0.4698 -0.5957 -0.6515
Y  0.7700  0.6375 -0.0277
Z  0.4318 -0.4886  0.7582

PART 67
OFFSET -1.1041 -14.3320 -10.8177
X  0.8978  0.1343 -0.4193
Y  0.1011  0.8640  0.4932
Z  0.4285 -0.4852  0.7622

PART 68
OFFSET -2.0778 -14.4777 -10.3629
X -0.7723 -0.6275  0.0993
Y -0.4503  0.6509  0.6112
Z -0.4481  0.4273 -0.7852

PART 69
OFFSET -8.8605 -14.4063 -9.5208
X -0.9705  0.1274  0.2047
Y  0.1574  0.9779  0.1375
Z -0.1826  0.1657 -0.9691

PART 70
OFFSET -1.5411 -17.7330 -10.0984
X -0.8429  0.4971  0.2058
Y -0.5356 -0.8118 -0.2325
Z  0.0515 -0.3063  0.9506

PART 71
OFFSET -0.0570 -18.6083 -10.4608
X -0.8004 -0.5922 -0.0928
Y  0.5935 -0.7612 -0.2614
Z  0.0841 -0.2643  0.9608

PART 72
OFFSET  0.9211 -17.9045 -10.2897
X -0.4952 -0.8291 -0.2596
Y  0.8679 -0.4582 -0.1919
Z  0.0401 -0.3203  0.9465

PART 73
OFFSET  1.4804 -16.9680 -9.9964
X -0.6110  0.5935  0.5239
Y  0.7220  0.6892  0.0613
Z -0.3247  0.4157 -0.8496

PART 74
OFFSET -1.5425 -17.3373 -11.1298
X -0.7067 -0.7071 -0.0248
Y  0.6249 -0.6073 -0.4906
Z  0.3319 -0.3623  0.8710

PART 75
OFFSET -0.1620 -15.9560 -11.0813
X  0.3750 -0.7942 -0.4781
Y  0.8499  0.5005 -0.1647
Z  0.3701 -0.3446  0.8627

PART 76
OFFSET -0.7097 -14.7959 -10.3830
X  0.9094  0.0281 -0.4151
Y  0.0988  0.9546  0.2811
Z  0.4041 -0.2966  0.8653

PART 77
OFFSET -1.7424 -14.8250 -9.9189
X -0.7862 -0.6123  0.0834
Y -0.4782  0.6883  0.5454
Z -0.3914  0.3890 -0.8340

PART 78
OFFSET  0.0000 -0.0000 -0.0000
X  1.0000 -0.0000  0.0000
Y  0.0000  1.0000  0.0000
Z  0.0000 -0.0000  1.0000

PART 79
OFFSET  0.0000 -0.0000 -0.0000
X  1.0000 -0.0000  0.0000
Y  0.0000  1.0000  0.0000
Z  0.0000 -0.0000  1.0000

PART 80
OFFSET  1.5404 -0.0000  4.1357
X  1.0000 -0.0000  0.0000
Y  0.0000  1.0000  0.0000
Z  0.0000 -0.0000  1.0000


FRAME 232
PART 0
OFFSET -4.6318 -0.0000 -1.3770
X  1.0000 -0.0000  0.0000
Y  0.0000  1.0000  0.0000
Z  0.0000 -0.0000  1.0000

PART 1
OFFSET -4.6318 -0.0000 -1.3770
X  1.0000 -0.0000  0.0000
Y  0.0000  1.0000  0.0000
Z  0.0000 -0.0000  1.0000

PART 2
OFFSET -3.5060  6.3408 -6.7125
X -0.1139  0.7488 -0.6529
Y  0.2287 -0.6198 -0.7507
Z -0.9668 -0.2348 -0.1007

PART 3
OFFSET -4.8830  15.3969 -14.6089
X  0.9551 -0.2096 -0.2092
Y -0.0095 -0.7278  0.6857
Z -0.2960 -0.6529 -0.6972

PART 4
OFFSET  3.2409  13.6141 -16.3885
X  0.9551 -0.2096 -0.2092
Y  0.0332 -0.6262  0.7790
Z -0.2943 -0.7510 -0.5911

PART 5
OFFSET  5.1083  15.0523 -15.9780
X  0.9560 -0.2036 -0.2114
Y  0.2935  0.6639  0.6878
Z  0.0004 -0.7196  0.6944

PART 6
OFFSET  4.0053  13.8386 -17.9707
X  0.9560 -0.2036 -0.2114
Y  0.2935  0.6639  0.6878
Z  0.0004 -0.7196  0.6944

PART 7
OFFSET  5.4754  13.0731 -14.8228
X  0.9560 -0.2036 -0.2114
Y  0.2935  0.6639  0.6878
Z  0.0004 -0.7196  0.6944

PART 8
OFFSET  4.9150  12.0901 -15.9154
X  0.9560 -0.2036 -0.2114
Y  0.2935  0.6639  0.6878
Z  0.0004 -0.7196  0.6944

PART 9
OFFSET  4.2161  11.8097 -17.0027
X  0.9560 -0.2036 -0.2114
Y  0.2935  0.6639  0.6878
Z  0.0004 -0.7196  0.6944

PART 10
OFFSET  6.1690  12.9715 -17.0300
X  0.6165 -0.6003  0.5094
Y -0.7382 -0.2159  0.6391
Z -0.2737 -0.7701 -0.5763

PART 11
OFFSET  5.6215  12.1769 -16.4207
X  0.0242 -0.9995  0.0225
Y -0.6732  0.0003  0.7395
Z -0.7391 -0.0330 -0.6728

PART 12
OFFSET  5.5655  10.0184 -16.3358
X  0.3719 -0.9263  0.0608
Y -0.7886 -0.2807  0.5470
Z -0.4896 -0.2514 -0.8349

PART 13
OFFSET  6.1581  8.5116 -16.3637
X -0.0213 -0.9932  0.1147
Y -0.7606  0.0906  0.6429
Z -0.6489 -0.0736 -0.7573

PART 14
OFFSET  6.0924  7.4358 -16.2634
X  0.2444 -0.6672  0.7036
Y  0.7328  0.6023  0.3166
Z -0.6350  0.4383  0.6361

PART 15
OFFSET  7.4259  12.5390 -17.3996
X  0.9245 -0.3768  0.0574
Y -0.2577 -0.7290 -0.6342
Z  0.2808  0.5715 -0.7710

PART 16
OFFSET  9.4306  11.5197 -17.2361
X  0.6850 -0.6961 -0.2148
Y -0.7250 -0.6802 -0.1076
Z -0.0712  0.2295 -0.9707

PART 17
OFFSET  10.4004  10.5341 -17.5402
X  0.1350 -0.9680 -0.2114
Y -0.9907 -0.1359 -0.0104
Z -0.0187  0.2108 -0.9774

PART 18
OFFSET  10.5201  9.6759 -17.7276
X -0.2127 -0.9589 -0.1879
Y -0.9733  0.1910  0.1271
Z -0.0860  0.2099 -0.9739

PART 19
OFFSET  10.3181  8.7649 -17.9061
X  0.7861  0.5832  0.2048
Y -0.6088  0.7878  0.0938
Z -0.1066 -0.1984  0.9743

PART 20
OFFSET  7.1091  12.3710 -16.7824
X  0.8118 -0.5096  0.2851
Y -0.2536 -0.7474 -0.6141
Z  0.5260  0.4262 -0.7360

PART 21
OFFSET  9.2490  11.0630 -16.0984
X  0.8459 -0.5144 -0.1406
Y -0.5228 -0.7479 -0.4091
Z  0.1053  0.4196 -0.9016

PART 22
OFFSET  10.6892  10.1871 -16.3378
X  0.2394 -0.8958 -0.3744
Y -0.9617 -0.1658 -0.2183
Z  0.1335  0.4123 -0.9012

PART 23
OFFSET  11.0210  8.9456 -16.8566
X  0.0749 -0.9085 -0.4112
Y -0.9885 -0.0134 -0.1503
Z  0.1311  0.4177 -0.8991

PART 24
OFFSET  11.1022  7.9603 -17.3026
X  0.5098  0.7726  0.3785
Y -0.8575  0.4917  0.1513
Z -0.0693 -0.4017  0.9131

PART 25
OFFSET  6.7507  10.3654 -14.7537
X  0.6468 -0.7372  0.1955
Y  0.4119  0.5534  0.7239
Z -0.6419 -0.3877  0.6616

PART 26
OFFSET  8.1162  10.7557 -14.3488
X  0.7997 -0.5566  0.2253
Y -0.3401 -0.7291 -0.5939
Z  0.4948  0.3983 -0.7723

PART 27
OFFSET  9.5242  9.7758 -13.9522
X  0.6235 -0.7755 -0.0996
Y -0.6186 -0.4113 -0.6695
Z  0.4782  0.4790 -0.7361

PART 28
OFFSET  10.2530  8.8039 -14.0285
X  0.4272 -0.8934 -0.1393
Y -0.7276 -0.2482 -0.6395
Z  0.5367  0.3746 -0.7561

PART 29
OFFSET  10.7355  7.7948 -14.1859
X  0.6688  0.6202  0.4100
Y -0.6930  0.7198  0.0415
Z -0.2693 -0.3119  0.9111

PART 30
OFFSET  8.8023  10.9158 -15.1998
X  0.7976 -0.5994 -0.0667
Y -0.5688 -0.7110 -0.4135
Z  0.2005  0.3677 -0.9081

PART 31
OFFSET  10.3605  9.7448 -15.3300
X  0.4601 -0.8455 -0.2709
Y -0.8746 -0.3791 -0.3024
Z  0.1530  0.3761 -0.9139

PART 32
OFFSET  11.0326  8.5098 -15.7257
X  0.2883 -0.8954 -0.3393
Y -0.9522 -0.2308 -0.2001
Z  0.1009  0.3808 -0.9191

PART 33
OFFSET  11.3605  7.4985 -16.1164
X  0.3807  0.8096  0.4468
Y -0.9042  0.4270 -0.0034
Z -0.1936 -0.4027  0.8946

PART 34
OFFSET  7.8213  10.2867 -16.8714
X  0.4712  0.4150 -0.7783
Y  0.2737  0.7701  0.5763
Z  0.8385 -0.4845  0.2493

PART 35
OFFSET  1.1133 -16.2941 -8.6570
X  0.8849 -0.4335 -0.1703
Y  0.4657  0.8187  0.3358
Z -0.0062 -0.3765  0.9264

PART 36
OFFSET  1.1133 -16.2941 -8.6570
X  0.8849 -0.4335 -0.1703
Y  0.4657  0.8187  0.3358
Z -0.0062 -0.3765  0.9264

PART 37
OFFSET  5.6580 -19.7102 -7.4702
X  0.8846 -0.4411 -0.1513
Y  0.4657  0.8187  0.3358
Z -0.0243 -0.3675  0.9297

PART 38
OFFSET  4.8456 -18.2129 -9.1106
X  0.8849 -0.4335 -0.1703
Y  0.4657  0.8187  0.3358
Z -0.0062 -0.3765  0.9264

PART 39
OFFSET  22.0088 -26.9175 -11.6896
X  0.8849 -0.4335 -0.1703
Y  0.4657  0.8187  0.3358
Z -0.0062 -0.3765  0.9264

PART 40
OFFSET  0.4638 -15.1058 -10.6532
X  0.8849 -0.4335 -0.1703
Y  0.4657  0.8187  0.3358
Z -0.0062 -0.3765  0.9264

PART 41
OFFSET  23.8792 -26.6702 -14.5097
X  0.4657  0.8187  0.3358
Y -0.8849  0.4335  0.1703
Z -0.0062 -0.3765  0.9264

PART 42
OFFSET  13.2192 -22.1189 -12.2974
X -0.3437 -0.1824  0.9212
Y -0.8155  0.5445 -0.1964
Z -0.4657 -0.8187 -0.3358

PART 43
OFFSET  13.2192 -22.1189 -12.2974
X  0.4657  0.8187  0.3358
Y -0.8849  0.4335  0.1703
Z -0.0062 -0.3765  0.9264

PART 44
OFFSET  12.9977 -21.5223 -12.5815
X  0.4657  0.8187  0.3358
Y -0.8849  0.4335  0.1703
Z -0.0062 -0.3765  0.9264

PART 45
OFFSET  13.6498 -20.3761 -12.1113
X  0.3499  0.8600 -0.3715
Y -0.8849  0.4335  0.1703
Z  0.3075  0.2691  0.9127

PART 46
OFFSET  21.8326 -25.7453 -13.9519
X  0.8849 -0.4335 -0.1703
Y  0.4657  0.8187  0.3358
Z -0.0062 -0.3765  0.9264

PART 47
OFFSET  21.8807 -24.0177 -14.0849
X  0.4914 -0.8669  0.0834
Y  0.8005  0.4118 -0.4354
Z  0.3431  0.2808  0.8964

PART 48
OFFSET -16.4574 -5.1509 -7.8519
X -0.7350 -0.0106  0.6779
Y -0.6771 -0.0413 -0.7348
Z  0.0358 -0.9991  0.0231

PART 49
OFFSET -7.5679 -5.0226 -16.0509
X -0.3080  0.8361 -0.4541
Y  0.7660 -0.0652 -0.6395
Z -0.5643 -0.5448 -0.6203

PART 50
OFFSET -4.9486 -12.1336 -12.1888
X -0.3080  0.8361 -0.4541
Y  0.6821 -0.1387 -0.7180
Z -0.6632 -0.5308 -0.5276

PART 51
OFFSET -4.3512 -12.6396 -10.3580
X -0.3108  0.8381 -0.4484
Y  0.5538  0.5431  0.6311
Z  0.7724 -0.0522 -0.6329

PART 52
OFFSET -5.3345 -13.2819 -10.0288
X -0.3108  0.8381 -0.4484
Y  0.5538  0.5431  0.6311
Z  0.7724 -0.0522 -0.6329

PART 53
OFFSET -5.9607 -14.1134 -10.9177
X -0.3108  0.8381 -0.4484
Y  0.5538  0.5431  0.6311
Z  0.7724 -0.0522 -0.6329

PART 54
OFFSET -4.0045 -14.6967 -10.7968
X -0.9091  0.3964 -0.1279
Y  0.1754  0.0858 -0.9808
Z -0.3778 -0.9141 -0.1475

PART 55
OFFSET -3.6096 -14.5825 -9.7323
X -0.7538 -0.1360 -0.6429
Y  0.6114  0.2134 -0.7620
Z  0.2408 -0.9675 -0.0777

PART 56
OFFSET -2.0574 -14.2565 -8.2646
X -0.9627  0.0113  0.2703
Y -0.2705 -0.0337 -0.9621
Z -0.0018 -0.9994  0.0355

PART 57
OFFSET -0.5192 -14.1649 -8.7623
X -0.4874 -0.1045  0.8669
Y -0.8668 -0.0624 -0.4948
Z  0.1058 -0.9926 -0.0602

PART 58
OFFSET  0.0177 -14.0054 -9.6886
X -0.6063  0.5476  0.5766
Y  0.4605  0.8330 -0.3068
Z -0.6483  0.0795 -0.7572

PART 59
OFFSET -2.9711 -14.7556 -11.7090
X -0.9543  0.0948  0.2835
Y -0.1469 -0.9747 -0.1687
Z  0.2604 -0.2026  0.9440

PART 60
OFFSET -0.7710 -14.8785 -12.1879
X -0.5566 -0.7916 -0.2520
Y  0.7830 -0.3985 -0.4775
Z  0.2776 -0.4631  0.8417

PART 61
OFFSET  0.0170 -13.7578 -11.8310
X  0.4059 -0.7353 -0.5427
Y  0.8845  0.4656  0.0308
Z  0.2300 -0.4925  0.8394

PART 62
OFFSET -0.3430 -13.1058 -11.3499
X  0.9417 -0.0321 -0.3349
Y  0.1791  0.8906  0.4181
Z  0.2848 -0.4537  0.8444

PART 63
OFFSET -1.2376 -13.0752 -11.0317
X -0.8739 -0.4689 -0.1284
Y -0.4348  0.6357  0.6378
Z -0.2174  0.6132 -0.7594

PART 64
OFFSET -2.9404 -15.0274 -11.0496
X -0.9713  0.2058  0.1190
Y -0.2206 -0.9670 -0.1279
Z  0.0888 -0.1505  0.9846

PART 65
OFFSET -0.4375 -15.5605 -11.5076
X -0.5723 -0.8088 -0.1352
Y  0.7492 -0.4488 -0.4871
Z  0.3333 -0.3801  0.8628

PART 66
OFFSET  0.5369 -14.1835 -11.2775
X  0.5896 -0.6313 -0.5038
Y  0.7451  0.6659  0.0377
Z  0.3117 -0.3976  0.8630

PART 67
OFFSET -0.2803 -13.3087 -10.5792
X  0.9514  0.1353 -0.2765
Y -0.0082  0.9091  0.4165
Z  0.3077 -0.3940  0.8661

PART 68
OFFSET -1.3122 -13.4553 -10.2793
X -0.7597 -0.6495  0.0313
Y -0.5652  0.6834  0.4621
Z -0.3215  0.3334 -0.8863

PART 69
OFFSET -8.1390 -13.6093 -10.5788
X -0.9944  0.1022  0.0283
Y  0.1039  0.9924  0.0655
Z -0.0214  0.0681 -0.9974

PART 70
OFFSET -0.7348 -16.6458 -9.6136
X -0.8794  0.4759  0.0145
Y -0.4653 -0.8527 -0.2374
Z -0.1006 -0.2155  0.9713

PART 71
OFFSET  0.8136 -17.4836 -9.6391
X -0.7561 -0.6332 -0.1653
Y  0.6505 -0.7548 -0.0843
Z -0.0714 -0.1713  0.9826

PART 72
OFFSET  1.7284 -16.7242 -9.3784
X -0.4204 -0.8706 -0.2556
Y  0.9005 -0.4348 -0.0005
Z -0.1107 -0.2303  0.9668

PART 73
OFFSET  2.2033 -15.7409 -9.0897
X -0.7072  0.6111  0.3555
Y  0.6813  0.7233  0.1120
Z -0.1887  0.3215 -0.9279

PART 74
OFFSET -0.5737 -16.3465 -10.6648
X -0.6719 -0.7372 -0.0720
Y  0.7157 -0.6212 -0.3192
Z  0.1906 -0.2660  0.9449

PART 75
OFFSET  0.7389 -14.9064 -10.5241
X  0.4728 -0.8171 -0.3299
Y  0.8509  0.5207 -0.0703
Z  0.2292 -0.2475  0.9414

PART 76
OFFSET  0.0483 -13.7129 -10.0423
X  0.9651  0.0305 -0.2601
Y  0.0227  0.9797  0.1991
Z  0.2609 -0.1980  0.9448

PART 77
OFFSET -1.0466 -13.7453 -9.7543
X -0.7712 -0.6365  0.0119
Y -0.5827  0.7134  0.3893
Z -0.2563  0.2933 -0.9210

PART 78
OFFSET  0.0000 -0.0000 -0.0000
X  1.0000 -0.0000  0.0000
Y  0.0000  1.0000  0.0000
Z  0.0000 -0.0000  1.0000

PART 79
OFFSET  0.0000 -0.0000 -0.0000
X  1.0000 -0.0000  0.0000
Y  0.0000  1.0000  0.0000
Z  0.0000 -0.0000  1.0000

PART 80
OFFSET  1.5404 -0.0000  4.1357
X  1.0000 -0.0000  0.0000
Y  0.0000  1.0000  0.0000
Z  0.0000 -0.0000  1.0000


FRAME 233
PART 0
OFFSET -4.6318 -0.0000 -1.3770
X  1.0000 -0.0000  0.0000
Y  0.0000  1.0000  0.0000
Z  0.0000 -0.0000  1.0000

PART 1
OFFSET -4.6318 -0.0000 -1.3770
X  1.0000 -0.0000  0.0000
Y  0.0000  1.0000  0.0000
Z  0.0000 -0.0000  1.0000

PART 2
OFFSET -3.5060  6.3408 -6.7125
X -0.0266  0.7315 -0.6813
Y  0.3244 -0.6384 -0.6980
Z -0.9456 -0.2395 -0.2203

PART 3
OFFSET -3.8272  15.1876 -14.9523
X  0.9628 -0.2696 -0.0201
Y -0.1787 -0.6904  0.7010
Z -0.2029 -0.6713 -0.7129

PART 4
OFFSET  4.3615  12.8943 -15.1236
X  0.9628 -0.2696 -0.0201
Y -0.1089 -0.4548  0.8839
Z -0.2475 -0.8488 -0.4672

PART 5
OFFSET  6.2064  14.2521 -14.4331
X  0.9643 -0.2637 -0.0224
Y  0.2028  0.6819  0.7027
Z -0.1701 -0.6822  0.7111

PART 6
OFFSET  5.4140  12.9975 -16.5447
X  0.9643 -0.2637 -0.0224
Y  0.2028  0.6819  0.7027
Z -0.1701 -0.6822  0.7111

PART 7
OFFSET  6.2357  12.3180 -13.1506
X  0.9643 -0.2637 -0.0224
Y  0.2028  0.6819  0.7027
Z -0.1701 -0.6822  0.7111

PART 8
OFFSET  5.8255  11.3111 -14.2872
X  0.9643 -0.2637 -0.0224
Y  0.2028  0.6819  0.7027
Z -0.1701 -0.6822  0.7111

PART 9
OFFSET  5.3209  11.0125 -15.4728
X  0.9643 -0.2637 -0.0224
Y  0.2028  0.6819  0.7027
Z -0.1701 -0.6822  0.7111

PART 10
OFFSET  7.3130  12.0677 -15.1853
X  0.6024 -0.5549  0.5737
Y -0.7239 -0.0771  0.6856
Z -0.3362 -0.8283 -0.4481

PART 11
OFFSET  6.7473  11.4036 -14.4496
X -0.0285 -0.9852  0.1688
Y -0.6436  0.1473  0.7511
Z -0.7649 -0.0872 -0.6383

PART 12
OFFSET  6.5791  9.2874 -14.0460
X  0.3238 -0.9277  0.1855
Y -0.7812 -0.1515  0.6057
Z -0.5338 -0.3411 -0.7738

PART 13
OFFSET  7.0887  7.7605 -13.8692
X -0.0700 -0.9630  0.2604
Y -0.7296  0.2275  0.6449
Z -0.6803 -0.1448 -0.7185

PART 14
OFFSET  6.9694  6.7164 -13.6095
X  0.2349 -0.5709  0.7867
Y  0.7755  0.5980  0.2024
Z -0.5860  0.5625  0.5832

PART 15
OFFSET  8.5299  11.5133 -15.5245
X  0.9045 -0.4179  0.0847
Y -0.3203 -0.7971 -0.5119
Z  0.2815  0.4359 -0.8549

PART 16
OFFSET  10.4820  10.4131 -15.2724
X  0.6381 -0.7589 -0.1302
Y -0.7640 -0.6450  0.0155
Z -0.0957  0.0896 -0.9914

PART 17
OFFSET  11.3853  9.3387 -15.4568
X  0.0749 -0.9947 -0.0704
Y -0.9962 -0.0778  0.0393
Z -0.0445  0.0671 -0.9967

PART 18
OFFSET  11.4517  8.4567 -15.5191
X -0.2707 -0.9619 -0.0382
Y -0.9562  0.2641  0.1265
Z -0.1116  0.0707 -0.9912

PART 19
OFFSET  11.1945  7.5429 -15.5554
X  0.8234  0.5597  0.0931
Y -0.5617  0.8273 -0.0052
Z -0.0799 -0.0480  0.9956

PART 20
OFFSET  8.2283  11.4557 -14.8801
X  0.7936 -0.5094  0.3327
Y -0.3164 -0.8126 -0.4894
Z  0.5197  0.2831 -0.8061

PART 21
OFFSET  10.3196  10.1380 -14.0749
X  0.8112 -0.5780 -0.0884
Y -0.5773 -0.7675 -0.2787
Z  0.0932  0.2771 -0.9563

PART 22
OFFSET  11.7007  9.1539 -14.2255
X  0.1767 -0.9532 -0.2453
Y -0.9768 -0.1392 -0.1627
Z  0.1210  0.2683 -0.9557

PART 23
OFFSET  11.9456  7.8328 -14.5654
X  0.0104 -0.9614 -0.2749
Y -0.9928  0.0227 -0.1172
Z  0.1189  0.2741 -0.9543

PART 24
OFFSET  11.9569  6.7901 -14.8635
X  0.5644  0.7882  0.2452
Y -0.8236  0.5578  0.1026
Z -0.0559 -0.2599  0.9640

PART 25
OFFSET  7.8405  9.7908 -12.5683
X  0.6133 -0.7375  0.2826
Y  0.4682  0.6277  0.6219
Z -0.6361 -0.2491  0.7303

PART 26
OFFSET  9.2394  10.1553 -12.2662
X  0.7767 -0.5637  0.2809
Y -0.4010 -0.7865 -0.4696
Z  0.4857  0.2521 -0.8370

PART 27
OFFSET  10.6069  9.1627 -11.7716
X  0.5768 -0.8169 -0.0028
Y -0.6647 -0.4674 -0.5828
Z  0.4748  0.3380 -0.8126

PART 28
OFFSET  11.2793  8.1491 -11.7257
X  0.3731 -0.9276 -0.0189
Y -0.7637 -0.2955 -0.5740
Z  0.5268  0.2286 -0.8187

PART 29
OFFSET  11.7008  7.1014 -11.7470
X  0.7161  0.6330  0.2940
Y -0.6514  0.7575 -0.0443
Z -0.2508 -0.1598  0.9548

PART 30
OFFSET  9.9002  10.1495 -13.1515
X  0.7613 -0.6484 -0.0014
Y -0.6214 -0.7290 -0.2871
Z  0.1851  0.2194 -0.9579

PART 31
OFFSET  11.3874  8.8828 -13.1542
X  0.4036 -0.9014 -0.1570
Y -0.9045 -0.3672 -0.2170
Z  0.1380  0.2296 -0.9635

PART 32
OFFSET  11.9769  7.5662 -13.3835
X  0.2268 -0.9505 -0.2122
Y -0.9701 -0.2013 -0.1355
Z  0.0861  0.2365 -0.9678

PART 33
OFFSET  12.2351  6.4915 -13.6305
X  0.4402  0.8423  0.3111
Y -0.8795  0.4742 -0.0394
Z -0.1807 -0.2563  0.9496

PART 34
OFFSET  8.8240  9.3425 -14.6822
X  0.4628  0.2691 -0.8447
Y  0.3362  0.8283  0.4481
Z  0.8202 -0.4914  0.2929

PART 35
OFFSET  2.2981 -14.6645 -7.5872
X  0.9140 -0.3936  0.0988
Y  0.3434  0.8799  0.3283
Z -0.2162 -0.2661  0.9394

PART 36
OFFSET  2.2981 -14.6645 -7.5872
X  0.9140 -0.3936  0.0988
Y  0.3434  0.8799  0.3283
Z -0.2162 -0.2661  0.9394

PART 37
OFFSET  6.5363 -17.6258 -4.9412
X  0.9094 -0.3989  0.1180
Y  0.3434  0.8799  0.3283
Z -0.2348 -0.2580  0.9372

PART 38
OFFSET  6.0923 -16.3832 -6.9038
X  0.9140 -0.3936  0.0988
Y  0.3434  0.8799  0.3283
Z -0.2162 -0.2661  0.9394

PART 39
OFFSET  23.6551 -24.2263 -4.2516
X  0.9140 -0.3936  0.0988
Y  0.3434  0.8799  0.3283
Z -0.2162 -0.2661  0.9394

PART 40
OFFSET  2.1083 -13.7593 -9.8150
X  0.9140 -0.3936  0.0988
Y  0.3434  0.8799  0.3283
Z -0.2162 -0.2661  0.9394

PART 41
OFFSET  26.1395 -24.1903 -6.5622
X  0.3434  0.8799  0.3283
Y -0.9140  0.3936 -0.0988
Z -0.2162 -0.2661  0.9394

PART 42
OFFSET  15.1134 -20.0957 -7.5119
X -0.5489 -0.0956  0.8304
Y -0.7621  0.4654 -0.4501
Z -0.3434 -0.8799 -0.3283

PART 43
OFFSET  15.1134 -20.0957 -7.5119
X  0.3434  0.8799  0.3283
Y -0.9140  0.3936 -0.0988
Z -0.2162 -0.2661  0.9394

PART 44
OFFSET  14.9468 -19.5513 -7.9138
X  0.3434  0.8799  0.3283
Y -0.9140  0.3936 -0.0988
Z -0.2162 -0.2661  0.9394

PART 45
OFFSET  15.4275 -18.3194 -7.4543
X  0.3868  0.7711 -0.5058
Y -0.9140  0.3936 -0.0988
Z  0.1228  0.5005  0.8570

PART 46
OFFSET  23.9888 -23.3380 -6.6228
X  0.9140 -0.3936  0.0988
Y  0.3434  0.8799  0.3283
Z -0.2162 -0.2661  0.9394

PART 47
OFFSET  24.0093 -21.6379 -6.9604
X  0.4858 -0.8186  0.3064
Y  0.8674  0.4083 -0.2845
Z  0.1078  0.4040  0.9084

PART 48
OFFSET -15.2447 -5.5075 -8.6858
X -0.7107 -0.0507  0.7016
Y -0.6854 -0.1744 -0.7069
Z  0.1582 -0.9834  0.0892

PART 49
OFFSET -6.6493 -4.8940 -17.1714
X -0.3840  0.7570 -0.5287
Y  0.7703 -0.0530 -0.6355
Z -0.5090 -0.6513 -0.5627

PART 50
OFFSET -3.3828 -11.3322 -12.6745
X -0.3840  0.7570 -0.5287
Y  0.7131 -0.1205 -0.6906
Z -0.5865 -0.6423 -0.4935

PART 51
OFFSET -2.7450 -11.6052 -10.8080
X -0.3871  0.7592 -0.5232
Y  0.4988  0.6497  0.5737
Z  0.7755 -0.0389 -0.6301

PART 52
OFFSET -3.6644 -12.3030 -10.4137
X -0.3871  0.7592 -0.5232
Y  0.4988  0.6497  0.5737
Z  0.7755 -0.0389 -0.6301

PART 53
OFFSET -4.2075 -13.2696 -11.2163
X -0.3871  0.7592 -0.5232
Y  0.4988  0.6497  0.5737
Z  0.7755 -0.0389 -0.6301

PART 54
OFFSET -2.2054 -13.6528 -11.0537
X -0.8645  0.3207 -0.3871
Y  0.4032 -0.0177 -0.9150
Z -0.3002 -0.9470 -0.1140

PART 55
OFFSET -2.0823 -13.3911 -9.9498
X -0.5720 -0.2570 -0.7790
Y  0.7692  0.1617 -0.6182
Z  0.2848 -0.9528  0.1052

PART 56
OFFSET -0.9407 -12.7996 -8.2130
X -0.9993 -0.0182  0.0333
Y -0.0299 -0.1621 -0.9863
Z  0.0234 -0.9866  0.1614

PART 57
OFFSET  0.6681 -12.6693 -8.3436
X -0.6778 -0.0338  0.7345
Y -0.7197 -0.1740 -0.6721
Z  0.1505 -0.9842  0.0936

PART 58
OFFSET  1.4064 -12.5848 -9.1307
X -0.7453  0.5714  0.3435
Y  0.4924  0.8192 -0.2941
Z -0.4494 -0.0501 -0.8919

PART 59
OFFSET -0.9816 -13.7517 -11.6828
X -0.9971  0.0666  0.0373
Y -0.0691 -0.9950 -0.0725
Z  0.0323 -0.0748  0.9967

PART 60
OFFSET  1.2719 -13.7901 -11.6126
X -0.4526 -0.8491 -0.2723
Y  0.8879 -0.4009 -0.2256
Z  0.0824 -0.3439  0.9354

PART 61
OFFSET  1.9128 -12.5880 -11.2271
X  0.5491 -0.7662 -0.3338
Y  0.8349  0.5209  0.1777
Z  0.0378 -0.3762  0.9258

PART 62
OFFSET  1.4259 -11.9087 -10.9311
X  0.9951 -0.0112 -0.0978
Y  0.0432  0.9426  0.3311
Z  0.0884 -0.3337  0.9385

PART 63
OFFSET  0.4805 -11.8980 -10.8383
X -0.8010 -0.5349 -0.2688
Y -0.5966  0.6767  0.4315
Z -0.0489  0.5060 -0.8612

PART 64
OFFSET -1.1013 -13.9427 -11.0055
X -0.9778  0.1564 -0.1394
Y -0.1506 -0.9873 -0.0514
Z -0.1457 -0.0293  0.9889

PART 65
OFFSET  1.4548 -14.3662 -10.7917
X -0.4954 -0.8536 -0.1612
Y  0.8591 -0.4540 -0.2364
Z  0.1286 -0.2556  0.9582

PART 66
OFFSET  2.2983 -12.9130 -10.5173
X  0.7144 -0.6469 -0.2666
Y  0.6913  0.7115  0.1260
Z  0.1082 -0.2743  0.9556

PART 67
OFFSET  1.3081 -12.0164 -10.1479
X  0.9849  0.1621 -0.0606
Y -0.1387  0.9490  0.2833
Z  0.1034 -0.2706  0.9571

PART 68
OFFSET  0.2400 -12.1922 -10.0821
X -0.7226 -0.6882 -0.0651
Y -0.6825  0.6953  0.2254
Z -0.1099  0.2073 -0.9721

PART 69
OFFSET -6.3052 -12.8109 -11.9522
X -0.9748  0.0418 -0.2190
Y  0.0516  0.9979 -0.0393
Z  0.2169 -0.0496 -0.9749

PART 70
OFFSET  0.7474 -15.2409 -8.8975
X -0.8726  0.4178 -0.2531
Y -0.3656 -0.9022 -0.2290
Z -0.3240 -0.1073  0.9400

PART 71
OFFSET  2.2837 -15.9765 -8.4520
X -0.6724 -0.6946 -0.2558
Y  0.6768 -0.7168  0.1677
