// Export filename: `C:\projects\cod\t5\xanim_export\t5_viewmodels\ak47\ak47_flame_sprint_out.XANIM_EXPORT`
// Source filename: `D:\projects\devanim\t5\animation_assets\viewmodels\ak47\ViewModel_AK47_FlameThrower_animated.fbx`
// Export time: Sat Jun 05 16:32:57 2010

ANIMATION
VERSION 3

NUMPARTS 81
PART 0 "tag_ads"
PART 1 "tag_torso"
PART 2 "J_Shoulder_LE"
PART 3 "J_Elbow_LE"
PART 4 "J_WristTwist_LE"
PART 5 "J_Sleave_Reshape_Bottom_LE_1"
PART 6 "J_Sleave_Reshape_Bottom_LE_2"
PART 7 "J_Sleave_Reshape_Top_LE_1"
PART 8 "J_Sleave_Reshape_Top_LE_2"
PART 9 "J_Sleave_Reshape_Top_LE_3"
PART 10 "J_Wrist_LE"
PART 11 "J_Thumb_LE_0"
PART 12 "J_Thumb_LE_1"
PART 13 "J_Thumb_LE_2"
PART 14 "J_Thumb_LE_3"
PART 15 "J_PinkyPalm_LE"
PART 16 "J_Pinky_LE_0"
PART 17 "J_Pinky_LE_1"
PART 18 "J_Pinky_LE_2"
PART 19 "J_Pinky_LE_3"
PART 20 "J_RingPalm_LE"
PART 21 "J_Ring_LE_0"
PART 22 "J_Ring_LE_1"
PART 23 "J_Ring_LE_2"
PART 24 "J_Ring_LE_3"
PART 25 "J_Webbing_LE"
PART 26 "J_Index_LE_0"
PART 27 "J_Index_LE_1"
PART 28 "J_Index_LE_2"
PART 29 "J_Index_LE_3"
PART 30 "J_Mid_LE_0"
PART 31 "J_Mid_LE_1"
PART 32 "J_Mid_LE_2"
PART 33 "J_Mid_LE_3"
PART 34 "tag_knife_attach"
PART 35 "tag_weapon"
PART 36 "J_Gun"
PART 37 "J_bolt"
PART 38 "TAG_CLIP"
PART 39 "TAG_FLASH"
PART 40 "tag_flame_unit"
PART 41 "tag_flamer_big_nozel"
PART 42 "tag_flamer_bracket"
PART 43 "tag_flamer_bottle"
PART 44 "tag_flamer_button"
PART 45 "tag_flamer_ring"
PART 46 "tag_flamer_flame"
PART 47 "tag_flamer_pilot_light"
PART 48 "J_Shoulder_RI"
PART 49 "J_Elbow_RI"
PART 50 "J_WristTwist_RI"
PART 51 "J_Sleave_Reshape_Top_RI_3"
PART 52 "J_Sleave_Reshape_Top_RI_2"
PART 53 "J_Sleave_Reshape_Top_RI_1"
PART 54 "J_Wrist_RI"
PART 55 "J_Thumb_RI_0"
PART 56 "J_Thumb_RI_1"
PART 57 "J_Thumb_RI_2"
PART 58 "J_Thumb_RI_3"
PART 59 "J_PinkyPalm_RI"
PART 60 "J_Pinky_RI_0"
PART 61 "J_Pinky_RI_1"
PART 62 "J_Pinky_RI_2"
PART 63 "J_Pinky_RI_3"
PART 64 "J_RingPalm_RI"
PART 65 "J_Ring_RI_0"
PART 66 "J_Ring_RI_1"
PART 67 "J_Ring_RI_2"
PART 68 "J_Ring_RI_3"
PART 69 "J_Webbing_RI"
PART 70 "J_Index_RI_0"
PART 71 "J_Index_RI_1"
PART 72 "J_Index_RI_2"
PART 73 "J_Index_RI_3"
PART 74 "J_Mid_RI_0"
PART 75 "J_Mid_RI_1"
PART 76 "J_Mid_RI_2"
PART 77 "J_Mid_RI_3"
PART 78 "tag_cambone"
PART 79 "tag_camera"
PART 80 "tag_gasmask"

FRAMERATE 30
NUMFRAMES 11

FRAME 2040
PART 0
OFFSET -4.6318 -0.0000 -1.3770
X  1.0000 -0.0000  0.0000
Y  0.0000  1.0000  0.0000
Z  0.0000 -0.0000  1.0000

PART 1
OFFSET -4.6318 -0.0000 -1.3770
X  1.0000 -0.0000  0.0000
Y  0.0000  1.0000  0.0000
Z  0.0000 -0.0000  1.0000

PART 2
OFFSET -3.5060  6.3408 -6.7125
X  0.6853 -0.2672 -0.6774
Y  0.1795 -0.8395  0.5128
Z -0.7058 -0.4730 -0.5274

PART 3
OFFSET  4.7824  3.1088 -14.9051
X  0.9768 -0.1905  0.0983
Y -0.0619  0.1885  0.9801
Z -0.2052 -0.9634  0.1724

PART 4
OFFSET  13.0902  1.4889 -14.0692
X  0.9768 -0.1905  0.0983
Y  0.1947  0.9802 -0.0353
Z -0.0896  0.0536  0.9945

PART 5
OFFSET  14.8673  2.7883 -15.0060
X  0.9777 -0.1890  0.0920
Y  0.2034  0.9611 -0.1867
Z -0.0531  0.2013  0.9781

PART 6
OFFSET  14.0086  0.3555 -15.0743
X  0.9777 -0.1890  0.0920
Y  0.2034  0.9611 -0.1867
Z -0.0531  0.2013  0.9781

PART 7
OFFSET  15.1634  2.7445 -12.7045
X  0.9777 -0.1890  0.0920
Y  0.2034  0.9611 -0.1867
Z -0.0531  0.2013  0.9781

PART 8
OFFSET  14.7449  1.2462 -12.4716
X  0.9777 -0.1890  0.0920
Y  0.2034  0.9611 -0.1867
Z -0.0531  0.2013  0.9781

PART 9
OFFSET  14.1700  0.1120 -12.8354
X  0.9777 -0.1890  0.0920
Y  0.2034  0.9611 -0.1867
Z -0.0531  0.2013  0.9781

PART 10
OFFSET  16.0846  0.9050 -13.7679
X  0.8700  0.4589 -0.1803
Y -0.4526  0.8884  0.0775
Z  0.1957  0.0142  0.9806

PART 11
OFFSET  16.1196  1.9746 -13.3716
X  0.6988  0.7128 -0.0607
Y -0.6812  0.6371 -0.3606
Z -0.2183  0.2933  0.9307

PART 12
OFFSET  17.5473  3.5926 -13.4869
X  0.9301  0.3009 -0.2109
Y -0.3370  0.9272 -0.1633
Z  0.1464  0.2229  0.9638

PART 13
OFFSET  19.0852  4.0480 -13.7097
X  0.7263  0.6791 -0.1064
Y -0.6798  0.6866 -0.2577
Z -0.1019  0.2595  0.9604

PART 14
OFFSET  19.8544  4.8059 -13.7853
X  0.4615  0.4761 -0.7486
Y -0.1386 -0.7948 -0.5909
Z -0.8763  0.3764 -0.3008

PART 15
OFFSET  17.3450  0.3450 -13.8052
X  0.9998  0.0100 -0.0148
Y  0.0150 -0.0291  0.9995
Z  0.0095 -0.9995 -0.0292

PART 16
OFFSET  19.5919  0.5094 -13.7116
X  0.0203  0.4652  0.8850
Y -0.9902  0.1316 -0.0464
Z -0.1380 -0.8754  0.4634

PART 17
OFFSET  19.6207  1.1681 -12.4587
X -0.5422  0.4814  0.6887
Y -0.8327 -0.1983 -0.5170
Z -0.1124 -0.8538  0.5084

PART 18
OFFSET  19.1400  1.5950 -11.8481
X -0.7691  0.4080  0.4919
Y -0.6180 -0.2787 -0.7351
Z -0.1628 -0.8694  0.4665

PART 19
OFFSET  18.4093  1.9826 -11.3808
X  0.9998 -0.0114  0.0177
Y  0.0078 -0.5828 -0.8125
Z  0.0196  0.8125 -0.5826

PART 20
OFFSET  17.2082  1.0343 -13.9304
X  0.9681  0.1640 -0.1895
Y  0.1975 -0.0342  0.9797
Z  0.1542 -0.9859 -0.0655

PART 21
OFFSET  19.7702  1.4088 -14.1635
X  0.3858  0.1772  0.9054
Y -0.8866  0.3427  0.3107
Z -0.2553 -0.9226  0.2893

PART 22
OFFSET  20.4270  1.7105 -12.6220
X -0.5882  0.3907  0.7081
Y -0.7734 -0.0159 -0.6337
Z -0.2364 -0.9204  0.3115

PART 23
OFFSET  19.6118  2.2520 -11.6407
X -0.8358  0.3515  0.4218
Y -0.4970 -0.1576 -0.8533
Z -0.2335 -0.9228  0.3065

PART 24
OFFSET  18.7054  2.6332 -11.1832
X  0.9572 -0.2434  0.1569
Y  0.0823 -0.2908 -0.9532
Z  0.2776  0.9253 -0.2583

PART 25
OFFSET  18.1528  3.7379 -13.6752
X  0.9605  0.2640  0.0880
Y  0.0480  0.1545 -0.9868
Z -0.2741  0.9521  0.1357

PART 26
OFFSET  19.0604  3.3580 -14.7765
X  0.9500 -0.1024  0.2951
Y -0.2857  0.0972  0.9534
Z -0.1264 -0.9900  0.0631

PART 27
OFFSET  20.7330  3.1776 -14.2569
X  0.2710 -0.0718  0.9599
Y -0.9539  0.1135  0.2778
Z -0.1289 -0.9909 -0.0377

PART 28
OFFSET  21.0703  3.1505 -13.0877
X -0.4476  0.1259  0.8853
Y -0.8869  0.0645 -0.4575
Z -0.1147 -0.9899  0.0828

PART 29
OFFSET  20.5648  3.2928 -12.0877
X  0.9140 -0.3777  0.1481
Y  0.1730  0.0327 -0.9844
Z  0.3669  0.9254  0.0952

PART 30
OFFSET  19.4938  2.3479 -14.6654
X  0.6572  0.0762  0.7499
Y -0.7473  0.1955  0.6350
Z -0.0982 -0.9777  0.1855

PART 31
OFFSET  20.7776  2.4968 -13.2005
X -0.3356  0.2040  0.9197
Y -0.9310  0.0768 -0.3567
Z -0.1434 -0.9759  0.1642

PART 32
OFFSET  20.2875  2.7948 -11.8572
X -0.8320  0.2150  0.5115
Y -0.5260 -0.0124 -0.8504
Z -0.1765 -0.9765  0.1234

PART 33
OFFSET  19.3443  3.0314 -11.2764
X  0.9852 -0.0945  0.1431
Y  0.1195 -0.2202 -0.9681
Z  0.1230  0.9709 -0.2057

PART 34
OFFSET  18.9855  1.6922 -12.8043
X  0.1141 -0.9934 -0.0084
Y -0.1957 -0.0142 -0.9806
Z  0.9740  0.1136 -0.1961

PART 35
OFFSET  10.2443 -1.9509 -7.0301
X  0.7570  0.5117 -0.4063
Y -0.6468  0.4986 -0.5771
Z -0.0927  0.6997  0.7084

PART 36
OFFSET  10.2443 -1.9509 -7.0301
X  0.7570  0.5117 -0.4063
Y -0.6468  0.4986 -0.5771
Z -0.0927  0.6997  0.7084

PART 37
OFFSET  14.2205  2.2705 -7.3512
X  0.7550  0.5259 -0.3917
Y -0.6468  0.4986 -0.5771
Z -0.1082  0.6891  0.7166

PART 38
OFFSET  13.3971  0.4071 -8.5523
X  0.7570  0.5117 -0.4063
Y -0.6468  0.4986 -0.5771
Z -0.0927  0.6997  0.7084

PART 39
OFFSET  28.0107  10.8819 -15.8817
X  0.7570  0.5117 -0.4063
Y -0.6468  0.4986 -0.5771
Z -0.0927  0.6997  0.7084

PART 40
OFFSET  9.8892 -3.9387 -8.3495
X  0.7570  0.5117 -0.4063
Y -0.6468  0.4986 -0.5771
Z -0.0927  0.6997  0.7084

PART 41
OFFSET  29.7162  10.0815 -18.7036
X -0.6468  0.4986 -0.5771
Y -0.7570 -0.5117  0.4063
Z -0.0927  0.6997  0.7084

PART 42
OFFSET  21.0796  4.0864 -13.3454
X -0.3748  0.4512  0.8099
Y -0.6642 -0.7401  0.1049
Z  0.6468 -0.4986  0.5771

PART 43
OFFSET  21.0796  4.0864 -13.3454
X -0.6468  0.4986 -0.5771
Y -0.7570 -0.5117  0.4063
Z -0.0927  0.6997  0.7084

PART 44
OFFSET  20.6296  3.6827 -13.6922
X -0.6468  0.4986 -0.5771
Y -0.7570 -0.5117  0.4063
Z -0.0927  0.6997  0.7084

PART 45
OFFSET  19.7242  4.3807 -14.5002
X -0.5018  0.0571 -0.8631
Y -0.7570 -0.5117  0.4063
Z -0.4184  0.8573  0.3000

PART 46
OFFSET  27.9585  9.0235 -17.6329
X  0.7570  0.5117 -0.4063
Y -0.6468  0.4986 -0.5771
Z -0.0927  0.6997  0.7084

PART 47
OFFSET  26.6122  8.8263 -18.7068
X  0.8587  0.4621  0.2216
Y  0.1448  0.1960 -0.9699
Z -0.4916  0.8649  0.1014

PART 48
OFFSET -10.8444 -11.7139 -5.9426
X -0.9335  0.3392 -0.1162
Y -0.2261 -0.3051  0.9251
Z  0.2783  0.8899  0.3615

PART 49
OFFSET  0.4454 -15.8159 -4.5369
X -0.6498 -0.7518  0.1117
Y  0.7582 -0.6311  0.1637
Z -0.0526  0.1911  0.9802

PART 50
OFFSET  5.9725 -9.4213 -5.4867
X -0.6498 -0.7518  0.1117
Y  0.4908 -0.5273 -0.6936
Z  0.5803 -0.3959  0.7117

PART 51
OFFSET  6.4544 -8.1393 -6.9322
X -0.6541 -0.7487  0.1078
Y  0.0434 -0.1794 -0.9828
Z  0.7551 -0.6382  0.1498

PART 52
OFFSET  5.9679 -7.1353 -6.4392
X -0.6541 -0.7487  0.1078
Y  0.0434 -0.1794 -0.9828
Z  0.7551 -0.6382  0.1498

PART 53
OFFSET  6.0690 -6.8919 -5.0961
X -0.6541 -0.7487  0.1078
Y  0.0434 -0.1794 -0.9828
Z  0.7551 -0.6382  0.1498

PART 54
OFFSET  7.9647 -7.1164 -5.8291
X -0.6066 -0.7425  0.2840
Y  0.4179 -0.6017 -0.6807
Z  0.6763 -0.2942  0.6753

PART 55
OFFSET  7.5567 -6.0810 -5.5772
X  0.1113 -0.9710  0.2117
Y  0.3794 -0.1554 -0.9121
Z  0.9185  0.1819  0.3511

PART 56
OFFSET  7.2275 -3.9803 -5.9626
X -0.4816 -0.4593  0.7464
Y  0.3435 -0.8825 -0.3214
Z  0.8063  0.1016  0.5827

PART 57
OFFSET  7.9351 -3.3029 -7.2521
X -0.4685  0.3079  0.8281
Y -0.0549 -0.9457  0.3205
Z  0.8818  0.1047  0.4599

PART 58
OFFSET  8.4023 -3.6245 -8.1740
X -0.9236 -0.0349  0.3819
Y -0.3828  0.0257 -0.9235
Z  0.0224 -0.9991 -0.0371

PART 59
OFFSET  8.7888 -7.0730 -6.9347
X -0.5528 -0.4503  0.7011
Y  0.8206 -0.1478  0.5521
Z -0.1450  0.8806  0.4512

PART 60
OFFSET  9.9092 -5.9148 -8.5121
X  0.5548 -0.5015  0.6639
Y  0.8233  0.2158 -0.5249
Z  0.1199  0.8378  0.5326

PART 61
OFFSET  9.1238 -5.2048 -9.4520
X  0.9894 -0.0624 -0.1313
Y -0.0698  0.5886 -0.8054
Z  0.1275  0.8060  0.5780

PART 62
OFFSET  8.2466 -5.1495 -9.3356
X  0.5188  0.3995 -0.7558
Y -0.8473  0.3579 -0.3925
Z  0.1137  0.8440  0.5242

PART 63
OFFSET  7.7537 -5.5291 -8.6175
X  0.1186 -0.6523  0.7487
Y -0.9592  0.1197  0.2563
Z -0.2568 -0.7485 -0.6114

PART 64
OFFSET  8.7390 -6.5508 -6.4505
X -0.5794 -0.5903  0.5620
Y  0.7695 -0.1688  0.6160
Z -0.2688  0.7893  0.5520

PART 65
OFFSET  10.2996 -5.1397 -7.9774
X  0.5126 -0.4258  0.7457
Y  0.8563  0.1897 -0.4803
Z  0.0631  0.8847  0.4618

PART 66
OFFSET  9.4270 -4.4148 -9.2469
X  0.9548  0.0830 -0.2855
Y -0.2891  0.4833 -0.8263
Z  0.0694  0.8715  0.4855

PART 67
OFFSET  8.1037 -4.5298 -8.8513
X  0.3595  0.4358 -0.8252
Y -0.9310  0.2278 -0.2853
Z  0.0636  0.8708  0.4876

PART 68
OFFSET  7.7138 -5.0024 -7.9564
X  0.2404 -0.4443  0.8630
Y -0.9706 -0.1008  0.2185
Z -0.0101 -0.8902 -0.4555

PART 69
OFFSET  5.4492 -9.8557 -3.7095
X -0.4635 -0.6641  0.5866
Y -0.8065  0.0420 -0.5897
Z  0.3670 -0.7465 -0.5551

PART 70
OFFSET  10.2646 -3.8786 -6.1714
X -0.7225 -0.6247  0.2962
Y  0.6324 -0.4240  0.6483
Z -0.2795  0.6557  0.7014

PART 71
OFFSET  11.5367 -2.7787 -6.6928
X  0.3133 -0.5863  0.7470
Y  0.8977  0.4395 -0.0315
Z -0.3099  0.6804  0.6640

PART 72
OFFSET  11.1370 -2.0246 -7.5607
X  0.6715 -0.4053  0.6203
Y  0.6904  0.6462 -0.3252
Z -0.2690  0.6467  0.7137

PART 73
OFFSET  10.3785 -1.5668 -8.2613
X -0.9175 -0.2695  0.2924
Y -0.3920  0.4897 -0.7788
Z  0.0667 -0.8292 -0.5549

PART 74
OFFSET  10.5319 -4.5578 -7.0007
X  0.3896 -0.4530  0.8019
Y  0.9133  0.3025 -0.2728
Z -0.1190  0.8386  0.5315

PART 75
OFFSET  9.7709 -3.6729 -8.5672
X  0.9894  0.1445 -0.0144
Y -0.0839  0.4879 -0.8689
Z -0.1185  0.8609  0.4948

PART 76
OFFSET  8.3257 -3.8839 -8.5462
X  0.4436  0.4651 -0.7661
Y -0.8838  0.0850 -0.4602
Z -0.1489  0.8812  0.4488

PART 77
OFFSET  7.8237 -4.4168 -7.6820
X  0.2338 -0.4672  0.8526
Y -0.9703 -0.1680  0.1740
Z  0.0619 -0.8680 -0.4927

PART 78
OFFSET  0.0000 -0.0000 -0.0000
X  1.0000 -0.0000  0.0000
Y  0.0000  1.0000  0.0000
Z  0.0000 -0.0000  1.0000

PART 79
OFFSET  0.0000 -0.0000 -0.0000
X  1.0000 -0.0000  0.0000
Y  0.0000  1.0000  0.0000
Z  0.0000 -0.0000  1.0000

PART 80
OFFSET  1.5404 -0.0000  4.1357
X  1.0000 -0.0000  0.0000
Y  0.0000  1.0000  0.0000
Z  0.0000 -0.0000  1.0000


FRAME 2041
PART 0
OFFSET -4.6318 -0.0000 -1.3770
X  1.0000 -0.0000  0.0000
Y  0.0000  1.0000  0.0000
Z  0.0000 -0.0000  1.0000

PART 1
OFFSET -4.6318 -0.0000 -1.3770
X  1.0000 -0.0000  0.0000
Y  0.0000  1.0000  0.0000
Z  0.0000 -0.0000  1.0000

PART 2
OFFSET -3.5060  6.3408 -6.7125
X  0.6855 -0.2685 -0.6768
Y  0.1751 -0.8414  0.5112
Z -0.7067 -0.4689 -0.5298

PART 3
OFFSET  4.7842  3.0941 -14.8975
X  0.9752 -0.1929  0.1088
Y -0.0721  0.1883  0.9795
Z -0.2094 -0.9630  0.1697

PART 4
OFFSET  13.0783  1.4534 -13.9718
X  0.9752 -0.1929  0.1088
Y  0.1951  0.9807 -0.0096
Z -0.1049  0.0306  0.9940

PART 5
OFFSET  14.8687  2.7488 -14.8886
X  0.9761 -0.1914  0.1026
Y  0.2078  0.9607 -0.1841
Z -0.0633  0.2011  0.9775

PART 6
OFFSET  14.0048  0.3181 -14.9672
X  0.9761 -0.1914  0.1026
Y  0.2078  0.9607 -0.1841
Z -0.0633  0.2011  0.9775

PART 7
OFFSET  15.1397  2.7033 -12.5841
X  0.9761 -0.1914  0.1026
Y  0.2078  0.9607 -0.1841
Z -0.0633  0.2011  0.9775

PART 8
OFFSET  14.7150  1.2061 -12.3564
X  0.9761 -0.1914  0.1026
Y  0.2078  0.9607 -0.1841
Z -0.0633  0.2011  0.9775

PART 9
OFFSET  14.1412  0.0734 -12.7268
X  0.9761 -0.1914  0.1026
Y  0.2078  0.9607 -0.1841
Z -0.0633  0.2011  0.9775

PART 10
OFFSET  16.0679  0.8620 -13.6381
X  0.8809  0.4414 -0.1708
Y -0.4309  0.8973  0.0963
Z  0.1957 -0.0112  0.9806

PART 11
OFFSET  16.1287  1.9218 -13.2194
X  0.7159  0.6967 -0.0458
Y -0.6654  0.6609 -0.3469
Z -0.2114  0.2789  0.9368

PART 12
OFFSET  17.5954  3.5067 -13.3008
X  0.9372  0.2825 -0.2047
Y -0.3143  0.9384 -0.1436
Z  0.1515  0.1990  0.9682

PART 13
OFFSET  19.1440  3.9291 -13.5143
X  0.7426  0.6633 -0.0922
Y -0.6628  0.7083 -0.2430
Z -0.0959  0.2416  0.9656

PART 14
OFFSET  19.9314  4.6696 -13.5740
X  0.4732  0.4804 -0.7384
Y -0.1577 -0.7785 -0.6075
Z -0.8667  0.4039 -0.2926

PART 15
OFFSET  17.3142  0.2724 -13.6875
X  0.9998 -0.0140 -0.0147
Y  0.0140 -0.0505  0.9986
Z -0.0148 -0.9986 -0.0503

PART 16
OFFSET  19.5645  0.3802 -13.5909
X  0.0314  0.4458  0.8946
Y -0.9867  0.1566 -0.0434
Z -0.1594 -0.8813  0.4448

PART 17
OFFSET  19.6089  1.0114 -12.3244
X -0.5305  0.4799  0.6988
Y -0.8371 -0.1670 -0.5209
Z -0.1332 -0.8613  0.4903

PART 18
OFFSET  19.1385  1.4368 -11.7048
X -0.7591  0.4162  0.5006
Y -0.6244 -0.2480 -0.7407
Z -0.1841 -0.8748  0.4481

PART 19
OFFSET  18.4173  1.8322 -11.2293
X  0.9992 -0.0361  0.0173
Y -0.0061 -0.5656 -0.8247
Z  0.0395  0.8239 -0.5654

PART 20
OFFSET  17.1943  0.9674 -13.7980
X  0.9719  0.1444 -0.1862
Y  0.1963 -0.0596  0.9787
Z  0.1302 -0.9877 -0.0863

PART 21
OFFSET  19.7647  1.2843 -14.0237
X  0.3897  0.1486  0.9089
Y -0.8781  0.3576  0.3180
Z -0.2777 -0.9220  0.2698

PART 22
OFFSET  20.4281  1.5373 -12.4763
X -0.5787  0.3899  0.7163
Y -0.7734  0.0163 -0.6338
Z -0.2588 -0.9207  0.2921

PART 23
OFFSET  19.6261  2.0777 -11.4836
X -0.8271  0.3628  0.4293
Y -0.5004 -0.1275 -0.8564
Z -0.2559 -0.9231  0.2870

PART 24
OFFSET  18.7290  2.4711 -11.0180
X  0.9509 -0.2698  0.1516
Y  0.0755 -0.2726 -0.9592
Z  0.3001  0.9235 -0.2388

PART 25
OFFSET  18.2043  3.6412 -13.4861
X  0.9666  0.2386  0.0934
Y  0.0520  0.1740 -0.9834
Z -0.2509  0.9554  0.1558

PART 26
OFFSET  19.1028  3.2626 -14.5954
X  0.9471 -0.1317  0.2927
Y -0.2835  0.0840  0.9553
Z -0.1504 -0.9877  0.0423

PART 27
OFFSET  20.7703  3.0308 -14.0800
X  0.2689 -0.0986  0.9581
Y -0.9509  0.1308  0.2803
Z -0.1530 -0.9865 -0.0586

PART 28
OFFSET  21.1065  2.9708 -12.9117
X -0.4446  0.1181  0.8879
Y -0.8849  0.0957 -0.4559
Z -0.1388 -0.9884  0.0619

PART 29
OFFSET  20.6042  3.1042 -11.9088
X  0.9045 -0.4028  0.1399
Y  0.1740  0.0493 -0.9835
Z  0.3893  0.9140  0.1147

PART 30
OFFSET  19.5114  2.2402 -14.5057
X  0.6586  0.0444  0.7512
Y -0.7425  0.2002  0.6392
Z -0.1220 -0.9787  0.1648

PART 31
OFFSET  20.7980  2.3269 -13.0382
X -0.3308  0.1927  0.9238
Y -0.9288  0.1069 -0.3549
Z -0.1672 -0.9754  0.1436

PART 32
OFFSET  20.3148  2.6083 -11.6888
X -0.8267  0.2243  0.5161
Y -0.5259  0.0184 -0.8504
Z -0.2002 -0.9743  0.1028

PART 33
OFFSET  19.3775  2.8555 -11.1030
X  0.9826 -0.1214  0.1408
Y  0.1144 -0.2026 -0.9726
Z  0.1467  0.9717 -0.1852

PART 34
OFFSET  18.9867  1.5579 -12.6587
X  0.0900 -0.9955 -0.0294
Y -0.1957  0.0112 -0.9806
Z  0.9765  0.0940 -0.1938

PART 35
OFFSET  10.1577 -1.9925 -6.9609
X  0.7694  0.5016 -0.3956
Y -0.6343  0.5262 -0.5663
Z -0.0759  0.6866  0.7230

PART 36
OFFSET  10.1577 -1.9925 -6.9609
X  0.7694  0.5016 -0.3956
Y -0.6343  0.5262 -0.5663
Z -0.0759  0.6866  0.7230

PART 37
OFFSET  14.2354  2.1368 -7.1937
X  0.7676  0.5155 -0.3807
Y -0.6343  0.5262 -0.5663
Z -0.0916  0.6762  0.7310

PART 38
OFFSET  13.3674  0.3197 -8.4337
X  0.7694  0.5016 -0.3956
Y -0.6343  0.5262 -0.5663
Z -0.0759  0.6866  0.7230

PART 39
OFFSET  28.2337  10.5883 -15.5434
X  0.7694  0.5016 -0.3956
Y -0.6343  0.5262 -0.5663
Z -0.0759  0.6866  0.7230

PART 40
OFFSET  9.7547 -3.9428 -8.3219
X  0.7694  0.5016 -0.3956
Y -0.6343  0.5262 -0.5663
Z -0.0759  0.6866  0.7230

PART 41
OFFSET  29.9201  9.8064 -18.3819
X -0.6343  0.5262 -0.5663
Y -0.7694 -0.5016  0.3956
Z -0.0759  0.6866  0.7230

PART 42
OFFSET  21.1386  3.9114 -13.1496
X -0.3640  0.4430  0.8193
Y -0.6820 -0.7258  0.0894
Z  0.6343 -0.5262  0.5663

PART 43
OFFSET  21.1386  3.9114 -13.1496
X -0.6343  0.5262 -0.5663
Y -0.7694 -0.5016  0.3956
Z -0.0759  0.6866  0.7230

PART 44
OFFSET  20.6790  3.5261 -13.5048
X -0.6343  0.5262 -0.5663
Y -0.7694 -0.5016  0.3956
Z -0.0759  0.6866  0.7230

PART 45
OFFSET  19.7911  4.2628 -14.2977
X -0.5000  0.0875 -0.8616
Y -0.7694 -0.5016  0.3956
Z -0.3976  0.8607  0.3181

PART 46
OFFSET  28.1368  8.7691 -17.3334
X  0.7694  0.5016 -0.3956
Y -0.6343  0.5262 -0.5663
Z -0.0759  0.6866  0.7230

PART 47
OFFSET  26.7865  8.6273 -18.4109
X  0.8696  0.4363  0.2311
Y  0.1498  0.2128 -0.9655
Z -0.4704  0.8743  0.1197

PART 48
OFFSET -11.0338 -11.5206 -5.9739
X -0.9291  0.3557 -0.1009
Y -0.2250 -0.3274  0.9177
Z  0.2934  0.8754  0.3842

PART 49
OFFSET  0.2030 -15.8228 -4.7536
X -0.6525 -0.7517  0.0964
Y  0.7565 -0.6387  0.1404
Z -0.0440  0.1645  0.9854

PART 50
OFFSET  5.7525 -9.4296 -5.5732
X -0.6525 -0.7517  0.0964
Y  0.4866 -0.5130 -0.7071
Z  0.5809 -0.4145  0.7005

PART 51
OFFSET  6.2291 -8.1109 -6.9870
X -0.6568 -0.7484  0.0926
Y  0.0348 -0.1527 -0.9877
Z  0.7533 -0.6455  0.1264

PART 52
OFFSET  5.7512 -7.1185 -6.4631
X -0.6568 -0.7484  0.0926
Y  0.0348 -0.1527 -0.9877
Z  0.7533 -0.6455  0.1264

PART 53
OFFSET  5.8640 -6.9122 -5.1147
X -0.6568 -0.7484  0.0926
Y  0.0348 -0.1527 -0.9877
Z  0.7533 -0.6455  0.1264

PART 54
OFFSET  7.7528 -7.1252 -5.8686
X -0.6246 -0.7334  0.2684
Y  0.4033 -0.5972 -0.6933
Z  0.6688 -0.3248  0.6688

PART 55
OFFSET  7.3700 -6.0857 -5.5949
X  0.0876 -0.9776  0.1912
Y  0.3758 -0.1453 -0.9152
Z  0.9226  0.1520  0.3547

PART 56
OFFSET  7.0921 -3.9700 -5.9358
X -0.4928 -0.4631  0.7367
Y  0.3220 -0.8836 -0.3400
Z  0.8084  0.0697  0.5846

PART 57
OFFSET  7.8163 -3.2829 -7.2109
X -0.4611  0.3016  0.8345
Y -0.0780 -0.9506  0.3005
Z  0.8839  0.0735  0.4619

PART 58
OFFSET  8.2759 -3.5963 -8.1395
X -0.9242 -0.0204  0.3812
Y -0.3818  0.0545 -0.9226
Z -0.0019 -0.9983 -0.0582

PART 59
OFFSET  8.5781 -7.0785 -6.9733
X -0.5638 -0.4514  0.6916
Y  0.8166 -0.1793  0.5487
Z -0.1237  0.8741  0.4697

PART 60
OFFSET  9.7268 -5.9150 -8.5261
X  0.5422 -0.5287  0.6531
Y  0.8285  0.2068 -0.5204
Z  0.1401  0.8232  0.5501

PART 61
OFFSET  8.9592 -5.1664 -9.4507
X  0.9876 -0.0836 -0.1328
Y -0.0552  0.6070 -0.7928
Z  0.1469  0.7903  0.5949

PART 62
OFFSET  8.0835 -5.0923 -9.3329
X  0.5286  0.4026 -0.7473
Y -0.8382  0.3865 -0.3847
Z  0.1340  0.8297  0.5418

PART 63
OFFSET  7.5813 -5.4748 -8.6230
X  0.1025 -0.6706  0.7347
Y -0.9560  0.1376  0.2589
Z -0.2747 -0.7290 -0.6270

PART 64
OFFSET  8.5408 -6.5657 -6.4781
X -0.5938 -0.5878  0.5495
Y  0.7649 -0.2004  0.6121
Z -0.2497  0.7838  0.5686

PART 65
OFFSET  10.1358 -5.1610 -7.9753
X  0.5018 -0.4537  0.7364
Y  0.8608  0.1789 -0.4764
Z  0.0844  0.8730  0.4803

PART 66
OFFSET  9.2814 -4.3885 -9.2290
X  0.9566  0.0657 -0.2838
Y -0.2770  0.5075 -0.8159
Z  0.0904  0.8591  0.5037

PART 67
OFFSET  7.9556 -4.4796 -8.8356
X  0.3702  0.4442 -0.8159
Y -0.9251  0.2563 -0.2802
Z  0.0846  0.8585  0.5058

PART 68
OFFSET  7.5541 -4.9614 -7.9508
X  0.2293 -0.4681  0.8534
Y -0.9728 -0.0817  0.2165
Z -0.0316 -0.8799 -0.4741

PART 69
OFFSET  5.1708 -9.8467 -3.8068
X -0.4797 -0.6648  0.5726
Y -0.8051  0.0740 -0.5885
Z  0.3489 -0.7433 -0.5708

PART 70
OFFSET  10.1308 -3.9378 -6.1430
X -0.7376 -0.6131  0.2831
Y  0.6217 -0.4528  0.6391
Z -0.2637  0.6474  0.7151

PART 71
OFFSET  11.4294 -2.8584 -6.6414
X  0.2987 -0.6094  0.7344
Y  0.9081  0.4181 -0.0224
Z -0.2935  0.6736  0.6783

PART 72
OFFSET  11.0485 -2.0766 -7.4931
X  0.6613 -0.4345  0.6115
Y  0.7060  0.6359 -0.3117
Z -0.2534  0.6378  0.7273

PART 73
OFFSET  10.3016 -1.5859 -8.1838
X -0.9239 -0.2532  0.2868
Y -0.3797  0.5154 -0.7682
Z  0.0467 -0.8187 -0.5723

PART 74
OFFSET  10.3818 -4.6057 -6.9865
X  0.3782 -0.4791  0.7921
Y  0.9204  0.2859 -0.2665
Z -0.0987  0.8299  0.5491

PART 75
OFFSET  9.6430 -3.6696 -8.5339
X  0.9926  0.1206 -0.0116
Y -0.0717  0.5080 -0.8584
Z -0.0977  0.8529  0.5129

PART 76
OFFSET  8.1931 -3.8458 -8.5170
X  0.4550  0.4702 -0.7562
Y -0.8813  0.1161 -0.4581
Z -0.1276  0.8749  0.4673

PART 77
OFFSET  7.6781 -4.3845 -7.6642
X  0.2221 -0.4907  0.8426
Y -0.9742 -0.1480  0.1706
Z  0.0410 -0.8587 -0.5109

PART 78
OFFSET  0.0000 -0.0000 -0.0000
X  1.0000 -0.0000  0.0000
Y  0.0000  1.0000  0.0000
Z  0.0000 -0.0000  1.0000

PART 79
OFFSET  0.0000 -0.0000 -0.0000
X  1.0000 -0.0000  0.0000
Y  0.0000  1.0000  0.0000
Z  0.0000 -0.0000  1.0000

PART 80
OFFSET  1.5404 -0.0000  4.1357
X  1.0000 -0.0000  0.0000
Y  0.0000  1.0000  0.0000
Z  0.0000 -0.0000  1.0000


FRAME 2042
PART 0
OFFSET -4.6318 -0.0000 -1.3770
X  1.0000 -0.0000  0.0000
Y  0.0000  1.0000  0.0000
Z  0.0000 -0.0000  1.0000

PART 1
OFFSET -4.6318 -0.0000 -1.3770
X  1.0000 -0.0000  0.0000
Y  0.0000  1.0000  0.0000
Z  0.0000 -0.0000  1.0000

PART 2
OFFSET -3.5060  6.3408 -6.7125
X  0.6876 -0.2710 -0.6736
Y  0.1622 -0.8469  0.5064
Z -0.7077 -0.4575 -0.5384

PART 3
OFFSET  4.8100  3.0628 -14.8588
X  0.9702 -0.2001  0.1368
Y -0.0993  0.1867  0.9774
Z -0.2211 -0.9618  0.1612

PART 4
OFFSET  13.0618  1.3609 -13.6956
X  0.9702 -0.2001  0.1368
Y  0.1932  0.9792  0.0619
Z -0.1463 -0.0337  0.9887

PART 5
OFFSET  14.8873  2.6456 -14.5568
X  0.9713 -0.1986  0.1305
Y  0.2198  0.9596 -0.1757
Z -0.0904  0.1993  0.9758

PART 6
OFFSET  14.0089  0.2213 -14.6664
X  0.9713 -0.1986  0.1305
Y  0.2198  0.9596 -0.1757
Z -0.0904  0.1993  0.9758

PART 7
OFFSET  15.0906  2.5931 -12.2455
X  0.9713 -0.1986  0.1305
Y  0.2198  0.9596 -0.1757
Z -0.0904  0.1993  0.9758

PART 8
OFFSET  14.6488  1.0984 -12.0338
X  0.9713 -0.1986  0.1305
Y  0.2198  0.9596 -0.1757
Z -0.0904  0.1993  0.9758

PART 9
OFFSET  14.0781 -0.0293 -12.4236
X  0.9713 -0.1986  0.1305
Y  0.2198  0.9596 -0.1757
Z -0.0904  0.1993  0.9758

PART 10
OFFSET  16.0361  0.7475 -13.2764
X  0.9083  0.3923 -0.1452
Y -0.3721  0.9163  0.1478
Z  0.1911 -0.0802  0.9783

PART 11
OFFSET  16.1640  1.7753 -12.7974
X  0.7597  0.6502 -0.0058
Y -0.6199  0.7216 -0.3082
Z -0.1962  0.2377  0.9513

PART 12
OFFSET  17.7306  3.2637 -12.7877
X  0.9542  0.2324 -0.1883
Y -0.2523  0.9635 -0.0893
Z  0.1606  0.1327  0.9780

PART 13
OFFSET  19.3041  3.5963 -12.9767
X  0.7844  0.6179 -0.0540
Y -0.6146  0.7626 -0.2017
Z -0.0834  0.1914  0.9780

PART 14
OFFSET  20.1381  4.2862 -12.9938
X  0.5059  0.4903 -0.7096
Y -0.2056 -0.7304 -0.6513
Z -0.8377  0.4754 -0.2687

PART 15
OFFSET  17.2418  0.0821 -13.3599
X  0.9968 -0.0780 -0.0157
Y  0.0072 -0.1086  0.9941
Z -0.0793 -0.9910 -0.1077

PART 16
OFFSET  19.4939  0.0378 -13.2576
X  0.0570  0.3907  0.9187
Y -0.9743  0.2225 -0.0342
Z -0.2178 -0.8932  0.3934

PART 17
OFFSET  19.5746  0.5909 -11.9568
X -0.5008  0.4723  0.7253
Y -0.8443 -0.0821 -0.5295
Z -0.1905 -0.8776  0.4399

PART 18
OFFSET  19.1306  1.0097 -11.3138
X -0.7323  0.4351  0.5238
Y -0.6365 -0.1640 -0.7536
Z -0.2420 -0.8853  0.3971

PART 19
OFFSET  18.4349  1.4231 -10.8161
X  0.9947 -0.1018  0.0150
Y -0.0399 -0.5157 -0.8559
Z  0.0949  0.8507 -0.5170

PART 20
OFFSET  17.1676  0.7886 -13.4302
X  0.9798  0.0914 -0.1777
Y  0.1886 -0.1284  0.9736
Z  0.0662 -0.9875 -0.1431

PART 21
OFFSET  19.7539  0.9504 -13.6377
X  0.3952  0.0705  0.9159
Y -0.8542  0.3950  0.3382
Z -0.3379 -0.9160  0.2163

PART 22
OFFSET  20.4268  1.0704 -12.0784
X -0.5548  0.3848  0.7376
Y -0.7684  0.1029 -0.6316
Z -0.3190 -0.9172  0.2386

PART 23
OFFSET  19.6579  1.6038 -11.0561
X -0.8034  0.3904  0.4496
Y -0.5046 -0.0453 -0.8622
Z -0.3163 -0.9195  0.2334

PART 24
OFFSET  18.7866  2.0272 -10.5685
X  0.9309 -0.3392  0.1356
Y  0.0611 -0.2213 -0.9733
Z  0.3602  0.9143 -0.1853

PART 25
OFFSET  18.3476  3.3688 -12.9650
X  0.9797  0.1696  0.1068
Y  0.0667  0.2265 -0.9717
Z -0.1890  0.9591  0.2106

PART 26
OFFSET  19.2236  2.9971 -14.0944
X  0.9355 -0.2095  0.2845
Y -0.2809  0.0472  0.9586
Z -0.2143 -0.9767 -0.0147

PART 27
OFFSET  20.8707  2.6282 -13.5935
X  0.2585 -0.1708  0.9508
Y -0.9415  0.1759  0.2876
Z -0.2164 -0.9695 -0.1153

PART 28
OFFSET  21.1982  2.4795 -12.4306
X -0.4392  0.0955  0.8933
Y -0.8752  0.1790 -0.4494
Z -0.2028 -0.9792  0.0049

PART 29
OFFSET  20.7020  2.5874 -11.4216
X  0.8760 -0.4681  0.1163
Y  0.1804  0.0943 -0.9791
Z  0.4473  0.8786  0.1670

PART 30
OFFSET  19.5647  1.9468 -14.0638
X  0.6574 -0.0417  0.7524
Y -0.7303  0.2109  0.6498
Z -0.1858 -0.9766  0.1082

PART 31
OFFSET  20.8490  1.8653 -12.5940
X -0.3209  0.1604  0.9334
Y -0.9186  0.1872 -0.3480
Z -0.2305 -0.9691  0.0872

PART 32
OFFSET  20.3803  2.0995 -11.2305
X -0.8122  0.2475  0.5283
Y -0.5206  0.1013 -0.8478
Z -0.2633 -0.9636  0.0466

PART 33
OFFSET  19.4589  2.3729 -10.6313
X  0.9721 -0.1929  0.1334
Y  0.1045 -0.1534 -0.9826
Z  0.2100  0.9692 -0.1290

PART 34
OFFSET  18.9904  1.1950 -12.2590
X  0.0253 -0.9959 -0.0866
Y -0.1911  0.0802 -0.9783
Z  0.9812  0.0413 -0.1883

PART 35
OFFSET  9.9296 -2.0962 -6.7736
X  0.8017  0.4725 -0.3662
Y -0.5968  0.5980 -0.5350
Z -0.0338  0.6474  0.7614

PART 36
OFFSET  9.9296 -2.0962 -6.7736
X  0.8017  0.4725 -0.3662
Y -0.5968  0.5980 -0.5350
Z -0.0338  0.6474  0.7614

PART 37
OFFSET  14.2672  1.7661 -6.7689
X  0.8008  0.4856 -0.3505
Y -0.5968  0.5980 -0.5350
Z -0.0502  0.6376  0.7687

PART 38
OFFSET  13.2876  0.0835 -8.1113
X  0.8017  0.4725 -0.3662
Y -0.5968  0.5980 -0.5350
Z -0.0338  0.6474  0.7614

PART 39
OFFSET  28.8135  9.7568 -14.6207
X  0.8017  0.4725 -0.3662
Y -0.5968  0.5980 -0.5350
Z -0.0338  0.6474  0.7614

PART 40
OFFSET  9.4059 -3.9349 -8.2445
X  0.8017  0.4725 -0.3662
Y -0.5968  0.5980 -0.5350
Z -0.0338  0.6474  0.7614

PART 41
OFFSET  30.4558  9.0315 -17.4998
X -0.5968  0.5980 -0.5350
Y -0.8017 -0.4725  0.3662
Z -0.0338  0.6474  0.7614

PART 42
OFFSET  21.2920  3.4281 -12.6140
X -0.3374  0.4179  0.8435
Y -0.7280 -0.6839  0.0476
Z  0.5968 -0.5980  0.5350

PART 43
OFFSET  21.2920  3.4281 -12.6140
X -0.5968  0.5980 -0.5350
Y -0.8017 -0.4725  0.3662
Z -0.0338  0.6474  0.7614

PART 44
OFFSET  20.8098  3.0946 -12.9907
X -0.5968  0.5980 -0.5350
Y -0.8017 -0.4725  0.3662
Z -0.0338  0.6474  0.7614

PART 45
OFFSET  19.9742  3.9317 -13.7397
X -0.4902  0.1691 -0.8550
Y -0.8017 -0.4725  0.3662
Z -0.3421  0.8649  0.3672

PART 46
OFFSET  28.6053  8.0537 -16.5124
X  0.8017  0.4725 -0.3662
Y -0.5968  0.5980 -0.5350
Z -0.0338  0.6474  0.7614

PART 47
OFFSET  27.2525  8.0620 -17.5961
X  0.8953  0.3649  0.2557
Y  0.1668  0.2578 -0.9517
Z -0.4132  0.8947  0.1699

PART 48
OFFSET -11.5478 -10.9961 -6.0589
X -0.9170  0.3956 -0.0514
Y -0.2211 -0.3968  0.8909
Z  0.3320  0.8283  0.4513

PART 49
OFFSET -0.4578 -15.7801 -5.4368
X -0.6612 -0.7487  0.0468
Y  0.7499 -0.6579  0.0692
Z -0.0210  0.0808  0.9965

PART 50
OFFSET  5.1661 -9.4117 -5.8347
X -0.6612 -0.7487  0.0468
Y  0.4805 -0.4706 -0.7400
Z  0.5761 -0.4668  0.6710

PART 51
OFFSET  5.6322 -7.9839 -7.1421
X -0.6656 -0.7451  0.0434
Y  0.0120 -0.0688 -0.9976
Z  0.7463 -0.6634  0.0547

PART 52
OFFSET  5.1798 -7.0336 -6.5257
X -0.6656 -0.7451  0.0434
Y  0.0120 -0.0688 -0.9976
Z  0.7463 -0.6634  0.0547

PART 53
OFFSET  5.3238 -6.9440 -5.1675
X -0.6656 -0.7451  0.0434
Y  0.0120 -0.0688 -0.9976
Z  0.7463 -0.6634  0.0547

PART 54
OFFSET  7.1932 -7.1163 -5.9782
X -0.6718 -0.7055  0.2258
Y  0.3662 -0.5813 -0.7266
Z  0.6439 -0.4054  0.6489

PART 55
OFFSET  6.8775 -6.0715 -5.6450
X  0.0234 -0.9906  0.1346
Y  0.3688 -0.1165 -0.9222
Z  0.9292  0.0712  0.3627

PART 56
OFFSET  6.7386 -3.9261 -5.8635
X -0.5244 -0.4717  0.7089
Y  0.2653 -0.8816 -0.3903
Z  0.8091 -0.0167  0.5875

PART 57
OFFSET  7.5104 -3.2155 -7.0970
X -0.4436  0.2825  0.8506
Y -0.1405 -0.9592  0.2453
Z  0.8851 -0.0107  0.4652

PART 58
OFFSET  7.9520 -3.5041 -8.0422
X -0.9250  0.0177  0.3796
Y -0.3742  0.1321 -0.9179
Z -0.0664 -0.9911 -0.1155

PART 59
OFFSET  8.0236 -7.0598 -7.0785
X -0.5944 -0.4528  0.6646
Y  0.8013 -0.2632  0.5373
Z -0.0684  0.8519  0.5193

PART 60
OFFSET  9.2509 -5.8860 -8.5619
X  0.5044 -0.5994  0.6215
Y  0.8420  0.1821 -0.5078
Z  0.1912  0.7794  0.5966

PART 61
OFFSET  8.5367 -5.0373 -9.4417
X  0.9806 -0.1398 -0.1376
Y -0.0129  0.6539 -0.7565
Z  0.1957  0.7436  0.6394

PART 62
OFFSET  7.6673 -4.9134 -9.3197
X  0.5563  0.4097 -0.7230
Y -0.8100  0.4616 -0.3617
Z  0.1856  0.7868  0.5887

PART 63
OFFSET  7.1388 -5.3027 -8.6329
X  0.0562 -0.7169  0.6949
Y -0.9460  0.1843  0.2666
Z -0.3192 -0.6723 -0.6679

PART 64
OFFSET  8.0179 -6.5749 -6.5546
X -0.6326 -0.5786  0.5149
Y  0.7481 -0.2845  0.5995
Z -0.2004  0.7644  0.6128

PART 65
OFFSET  9.7059 -5.1931 -7.9687
X  0.4687 -0.5269  0.7090
Y  0.8723  0.1497 -0.4655
Z  0.1391  0.8366  0.5298

PART 66
OFFSET  8.9079 -4.2960 -9.1757
X  0.9599  0.0197 -0.2798
Y -0.2406  0.5705 -0.7853
Z  0.1441  0.8211  0.5523

PART 67
OFFSET  7.5776 -4.3233 -8.7880
X  0.4011  0.4654 -0.7890
Y -0.9055  0.3315 -0.2649
Z  0.1383  0.8207  0.5544

PART 68
OFFSET  7.1425 -4.8280 -7.9323
X  0.1954 -0.5303  0.8250
Y -0.9769 -0.0307  0.2116
Z -0.0869 -0.8473 -0.5240

PART 69
OFFSET  4.4328 -9.7783 -4.0760
X -0.5238 -0.6641  0.5335
Y -0.7965  0.1598 -0.5831
Z  0.3020 -0.7304 -0.6127

PART 70
OFFSET  9.7737 -4.0795 -6.0690
X -0.7768 -0.5791  0.2474
Y  0.5887 -0.5282  0.6119
Z -0.2237  0.6210  0.7512

PART 71
OFFSET  11.1414 -3.0598 -6.5047
X  0.2559 -0.6687  0.6981
Y  0.9334  0.3589  0.0016
Z -0.2516  0.6512  0.7160

PART 72
OFFSET  10.8149 -2.2073 -7.3099
X  0.6295 -0.5109  0.5854
Y  0.7469  0.6056 -0.2747
Z -0.2142  0.6101  0.7628

PART 73
OFFSET  10.1039 -1.6302 -7.9710
X -0.9394 -0.2087  0.2719
Y -0.3428  0.5822 -0.7372
Z -0.0045 -0.7858 -0.6185

PART 74
OFFSET  9.9839 -4.7127 -6.9496
X  0.3435 -0.5474  0.7631
Y  0.9380  0.2404 -0.2498
Z -0.0467  0.8016  0.5960

PART 75
OFFSET  9.3129 -3.6433 -8.4404
X  0.9984  0.0564 -0.0048
Y -0.0356  0.5601 -0.8277
Z -0.0440  0.8265  0.5612

PART 76
OFFSET  7.8546 -3.7256 -8.4335
X  0.4873  0.4824 -0.7279
Y -0.8703  0.1992 -0.4505
Z -0.0723  0.8530  0.5169

PART 77
OFFSET  7.3026 -4.2779 -7.6130
X  0.1868 -0.5517  0.8129
Y -0.9823 -0.0940  0.1620
Z -0.0129 -0.8288 -0.5595

PART 78
OFFSET  0.0000 -0.0000 -0.0000
X  1.0000 -0.0000  0.0000
Y  0.0000  1.0000  0.0000
Z  0.0000 -0.0000  1.0000

PART 79
OFFSET  0.0000 -0.0000 -0.0000
X  1.0000 -0.0000  0.0000
Y  0.0000  1.0000  0.0000
Z  0.0000 -0.0000  1.0000

PART 80
OFFSET  1.5404 -0.0000  4.1357
X  1.0000 -0.0000  0.0000
Y  0.0000  1.0000  0.0000
Z  0.0000 -0.0000  1.0000


FRAME 2043
PART 0
OFFSET -4.6318 -0.0000 -1.3770
X  1.0000 -0.0000  0.0000
Y  0.0000  1.0000  0.0000
Z  0.0000 -0.0000  1.0000

PART 1
OFFSET -4.6318 -0.0000 -1.3770
X  1.0000 -0.0000  0.0000
Y  0.0000  1.0000  0.0000
Z  0.0000 -0.0000  1.0000

PART 2
OFFSET -3.5060  6.3408 -6.7125
X  0.6954 -0.2729 -0.6648
Y  0.1399 -0.8560  0.4978
Z -0.7049 -0.4392 -0.5570

PART 3
OFFSET  4.9038  3.0403 -14.7527
X  0.9612 -0.2126  0.1759
Y -0.1382  0.1807  0.9738
Z -0.2388 -0.9603  0.1443

PART 4
OFFSET  13.0790  1.2319 -13.2564
X  0.9612 -0.2126  0.1759
Y  0.1831  0.9683  0.1700
Z -0.2065 -0.1312  0.9696

PART 5
OFFSET  14.9539  2.5010 -14.0300
X  0.9626 -0.2111  0.1698
Y  0.2381  0.9582 -0.1588
Z -0.1291  0.1933  0.9726

PART 6
OFFSET  14.0529  0.0882 -14.1953
X  0.9626 -0.2111  0.1698
Y  0.2381  0.9582 -0.1588
Z -0.1291  0.1933  0.9726

PART 7
OFFSET  15.0589  2.4293 -11.7126
X  0.9626 -0.2111  0.1698
Y  0.2381  0.9582 -0.1588
Z -0.1291  0.1933  0.9726

PART 8
OFFSET  14.5913  0.9385 -11.5314
X  0.9626 -0.2111  0.1698
Y  0.2381  0.9582 -0.1588
Z -0.1291  0.1933  0.9726

PART 9
OFFSET  14.0246 -0.1795 -11.9536
X  0.9626 -0.2111  0.1698
Y  0.2381  0.9582 -0.1588
Z -0.1291  0.1933  0.9726

PART 10
OFFSET  16.0256  0.5802 -12.7171
X  0.9421  0.3171 -0.1086
Y -0.2875  0.9310  0.2248
Z  0.1724 -0.1805  0.9683

PART 11
OFFSET  16.2428  1.5472 -12.1515
X  0.8165  0.5749  0.0520
Y -0.5473  0.7997 -0.2469
Z -0.1836  0.1732  0.9676

PART 12
OFFSET  17.9400  2.8773 -12.0101
X  0.9736  0.1579 -0.1651
Y -0.1612  0.9869 -0.0072
Z  0.1618  0.0336  0.9863

PART 13
OFFSET  19.5394  3.0770 -12.1657
X  0.8386  0.5447  0.0012
Y -0.5394  0.8308 -0.1373
Z -0.0758  0.1145  0.9905

PART 14
OFFSET  20.4336  3.6855 -12.1214
X  0.5566  0.4997 -0.6637
Y -0.2653 -0.6501 -0.7120
Z -0.7873  0.5724 -0.2293

PART 15
OFFSET  17.1655 -0.1849 -12.8540
X  0.9855 -0.1687 -0.0196
Y -0.0135 -0.1929  0.9811
Z -0.1693 -0.9666 -0.1924

PART 16
OFFSET  19.4027 -0.4469 -12.7498
X  0.0831  0.3042  0.9490
Y -0.9492  0.3142 -0.0176
Z -0.3036 -0.8993  0.3148

PART 17
OFFSET  19.5203 -0.0162 -11.4062
X -0.4627  0.4534  0.7617
Y -0.8426  0.0420 -0.5369
Z -0.2755 -0.8903  0.3626

PART 18
OFFSET  19.1100  0.3858 -10.7309
X -0.6945  0.4552  0.5572
Y -0.6409 -0.0395 -0.7666
Z -0.3269 -0.8895  0.3191

PART 19
OFFSET  18.4502  0.8182 -10.2015
X  0.9808 -0.1947  0.0089
Y -0.0782 -0.4351 -0.8970
Z  0.1785  0.8791 -0.4420

PART 20
OFFSET  17.1576  0.5288 -12.8638
X  0.9859  0.0148 -0.1666
Y  0.1655 -0.2277  0.9596
Z -0.0238 -0.9736 -0.2269

PART 21
OFFSET  19.7499  0.4666 -13.0496
X  0.3903 -0.0447  0.9196
Y -0.8176  0.4424  0.3685
Z -0.4233 -0.8957  0.1362

PART 22
OFFSET  20.4144  0.3906 -11.4840
X -0.5247  0.3706  0.7664
Y -0.7489  0.2272 -0.6226
Z -0.4048 -0.9006  0.1583

PART 23
OFFSET  19.6872  0.9042 -10.4219
X -0.7686  0.4238  0.4792
Y -0.4974  0.0753 -0.8643
Z -0.4023 -0.9026  0.1529

PART 24
OFFSET  18.8536  1.3638 -9.9021
X  0.8941 -0.4346  0.1086
Y  0.0508 -0.1425 -0.9885
Z  0.4450  0.8893 -0.1053

PART 25
OFFSET  18.5659  2.9393 -12.1761
X  0.9900  0.0681  0.1236
Y  0.0977  0.3011 -0.9486
Z -0.1018  0.9511  0.2915

PART 26
OFFSET  19.4158  2.5851 -13.3308
X  0.9091 -0.3190  0.2680
Y -0.2855 -0.0085  0.9583
Z -0.3034 -0.9477 -0.0988

PART 27
OFFSET  21.0164  2.0235 -12.8589
X  0.2315 -0.2743  0.9334
Y -0.9242  0.2376  0.2990
Z -0.3037 -0.9319 -0.1985

PART 28
OFFSET  21.3163  1.7467 -11.7121
X -0.4380  0.0596  0.8970
Y -0.8501  0.2971 -0.4348
Z -0.2924 -0.9530 -0.0795

PART 29
OFFSET  20.8215  1.8140 -10.6989
X  0.8277 -0.5556  0.0782
Y  0.1987  0.1600 -0.9669
Z  0.5247  0.8159  0.2429

PART 30
OFFSET  19.6581  1.5089 -13.3893
X  0.6427 -0.1664  0.7478
Y -0.7145  0.2219  0.6635
Z -0.2764 -0.9608  0.0237

PART 31
OFFSET  20.9137  1.1837 -11.9284
X -0.3146  0.1095  0.9429
Y -0.8937  0.3007 -0.3331
Z -0.3200 -0.9474  0.0033

PART 32
OFFSET  20.4541  1.3437 -10.5512
X -0.7915  0.2761  0.5453
Y -0.4999  0.2210 -0.8374
Z -0.3517 -0.9354 -0.0369

PART 33
OFFSET  19.5556  1.6496 -9.9333
X  0.9487 -0.2930  0.1191
Y  0.1003 -0.0783 -0.9919
Z  0.3000  0.9529 -0.0449

PART 34
OFFSET  18.9976  0.6631 -11.6571
X -0.0658 -0.9830 -0.1715
Y -0.1724  0.1805 -0.9683
Z  0.9828 -0.0342 -0.1814

PART 35
OFFSET  9.6137 -2.2264 -6.4984
X  0.8457  0.4254 -0.3222
Y -0.5333  0.6942 -0.4834
Z  0.0180  0.5807  0.8139

PART 36
OFFSET  9.6137 -2.2264 -6.4984
X  0.8457  0.4254 -0.3222
Y -0.5333  0.6942 -0.4834
Z  0.0180  0.5807  0.8139

PART 37
OFFSET  14.2892  1.2017 -6.1512
X  0.8459  0.4371 -0.3055
Y -0.5333  0.6942 -0.4834
Z  0.0007  0.5719  0.8204

PART 38
OFFSET  13.1728 -0.2623 -7.6354
X  0.8457  0.4254 -0.3222
Y -0.5333  0.6942 -0.4834
Z  0.0180  0.5807  0.8139

PART 39
OFFSET  29.5942  8.4446 -13.2501
X  0.8457  0.4254 -0.3222
Y -0.5333  0.6942 -0.4834
Z  0.0180  0.5807  0.8139

PART 40
OFFSET  8.9381 -3.8767 -8.1228
X  0.8457  0.4254 -0.3222
Y -0.5333  0.6942 -0.4834
Z  0.0180  0.5807  0.8139

PART 41
OFFSET  31.1931  7.8172 -16.1763
X -0.5333  0.6942 -0.4834
Y -0.8457 -0.4254  0.3222
Z  0.0180  0.5807  0.8139

PART 42
OFFSET  21.4994  2.6946 -11.8134
X -0.3064  0.3742  0.8753
Y -0.7885 -0.6149 -0.0131
Z  0.5333 -0.6942  0.4834

PART 43
OFFSET  21.4994  2.6946 -11.8134
X -0.5333  0.6942 -0.4834
Y -0.8457 -0.4254  0.3222
Z  0.0180  0.5807  0.8139

PART 44
OFFSET  20.9924  2.4406 -12.2186
X -0.5333  0.6942 -0.4834
Y -0.8457 -0.4254  0.3222
Z  0.0180  0.5807  0.8139

PART 45
OFFSET  20.2458  3.4124 -12.8953
X -0.4634  0.2861 -0.8387
Y -0.8457 -0.4254  0.3222
Z -0.2646  0.8586  0.4390

PART 46
OFFSET  29.2498  6.9352 -15.2814
X  0.8457  0.4254 -0.3222
Y -0.5333  0.6942 -0.4834
Z  0.0180  0.5807  0.8139

PART 47
OFFSET  27.9151  7.1613 -16.3640
X  0.9224  0.2571  0.2884
Y  0.2000  0.3211 -0.9257
Z -0.3306  0.9115  0.2448

PART 48
OFFSET -12.3053 -10.2232 -6.1842
X -0.8988  0.4363  0.0437
Y -0.2139 -0.5234  0.8248
Z  0.3827  0.7320  0.5637

PART 49
OFFSET -1.4358 -15.4992 -6.7128
X -0.6787 -0.7328 -0.0492
Y  0.7344 -0.6760 -0.0605
Z  0.0110 -0.0772  0.9970

PART 50
OFFSET  4.3365 -9.2664 -6.2942
X -0.6787 -0.7328 -0.0492
Y  0.4874 -0.3993 -0.7765
Z  0.5494 -0.5510  0.6282

PART 51
OFFSET  4.7998 -7.6600 -7.3758
X -0.6830 -0.7286 -0.0519
Y -0.0198  0.0894 -0.9958
Z  0.7301 -0.6791 -0.0755

PART 52
OFFSET  4.3909 -6.8098 -6.6028
X -0.6830 -0.7286 -0.0519
Y -0.0198  0.0894 -0.9958
Z  0.7301 -0.6791 -0.0755

PART 53
OFFSET  4.5779 -6.9389 -5.2530
X -0.6830 -0.7286 -0.0519
Y -0.0198  0.0894 -0.9958
Z  0.7301 -0.6791 -0.0755

PART 54
OFFSET  6.4170 -7.0198 -6.1433
X -0.7364 -0.6567  0.1628
Y  0.3187 -0.5489 -0.7727
Z  0.5968 -0.5172  0.6135

PART 55
OFFSET  6.1957 -5.9824 -5.7228
X -0.0697 -0.9964  0.0493
Y  0.3663 -0.0715 -0.9277
Z  0.9279 -0.0466  0.3700

PART 56
OFFSET  6.2578 -3.8226 -5.7571
X -0.5733 -0.4794  0.6645
Y  0.1868 -0.8661 -0.4637
Z  0.7978 -0.1417  0.5861

PART 57
OFFSET  7.1050 -3.0844 -6.9231
X -0.4246  0.2491  0.8704
Y -0.2311 -0.9594  0.1618
Z  0.8754 -0.1325  0.4650

PART 58
OFFSET  7.5281 -3.3314 -7.8884
X -0.9234  0.0713  0.3772
Y -0.3506  0.2439 -0.9042
Z -0.1564 -0.9672 -0.2002

PART 59
OFFSET  7.2608 -6.9474 -7.2325
X -0.6407 -0.4505  0.6217
Y  0.7678 -0.3812  0.5150
Z  0.0050  0.8073  0.5901

PART 60
OFFSET  8.6069 -5.7709 -8.6066
X  0.4403 -0.6944  0.5692
Y  0.8606  0.1456 -0.4881
Z  0.2560  0.7047  0.6617

PART 61
OFFSET  7.9836 -4.7877 -9.4124
X  0.9649 -0.2181 -0.1464
Y  0.0556  0.7142 -0.6977
Z  0.2567  0.6651  0.7012

PART 62
OFFSET  7.1281 -4.5944 -9.2826
X  0.5994  0.4162 -0.6837
Y -0.7600  0.5640 -0.3230
Z  0.2511  0.7132  0.6544

PART 63
OFFSET  6.5587 -4.9898 -8.6331
X -0.0177 -0.7755  0.6311
Y -0.9278  0.2480  0.2788
Z -0.3728 -0.5805 -0.7239

PART 64
OFFSET  7.2943 -6.5104 -6.6691
X -0.6888 -0.5590  0.4617
Y  0.7122 -0.4027  0.5749
Z -0.1354  0.7248  0.6755

PART 65
OFFSET  9.1177 -5.1762 -7.9550
X  0.4105 -0.6266  0.6625
Y  0.8873  0.1070 -0.4486
Z  0.2102  0.7720  0.5999

PART 66
OFFSET  8.4188 -4.1095 -9.0829
X  0.9605 -0.0459 -0.2744
Y -0.1785  0.6551 -0.7342
Z  0.2135  0.7542  0.6210

PART 67
OFFSET  7.0877 -4.0459 -8.7026
X  0.4508  0.4915 -0.7451
Y -0.8682  0.4355 -0.2379
Z  0.2076  0.7542  0.6230

PART 68
OFFSET  6.5987 -4.5789 -7.8944
X  0.1368 -0.6144  0.7771
Y -0.9777  0.0423  0.2056
Z -0.1592 -0.7879 -0.5949

PART 69
OFFSET  3.4025 -9.5658 -4.4836
X -0.5886 -0.6555  0.4732
Y -0.7721  0.2822 -0.5695
Z  0.2398 -0.7005 -0.6722

PART 70
OFFSET  9.2679 -4.2393 -5.9668
X -0.8295 -0.5234  0.1948
Y  0.5309 -0.6307  0.5660
Z -0.1734  0.5729  0.8011

PART 71
OFFSET  10.7284 -3.3178 -6.3098
X  0.1856 -0.7465  0.6389
Y  0.9625  0.2692  0.0348
Z -0.1980  0.6085  0.7685

PART 72
OFFSET  10.4907 -2.3733 -7.0398
X  0.5734 -0.6151  0.5412
Y  0.8025  0.5547 -0.2197
Z -0.1650  0.5603  0.8117

PART 73
OFFSET  9.8430 -1.6785 -7.6511
