// Export filename: `C:\projects\cod\t5\xanim_export\t5_viewmodels\ak47\ak47_flame_ft_sprint_out.XANIM_EXPORT`
// Source filename: `D:\projects\devanim\t5\animation_assets\viewmodels\ak47\ViewModel_AK47_FlameThrower_animated.fbx`
// Export time: Sat Jun 05 16:32:53 2010

ANIMATION
VERSION 3

NUMPARTS 81
PART 0 "tag_ads"
PART 1 "tag_torso"
PART 2 "J_Shoulder_LE"
PART 3 "J_Elbow_LE"
PART 4 "J_WristTwist_LE"
PART 5 "J_Sleave_Reshape_Bottom_LE_1"
PART 6 "J_Sleave_Reshape_Bottom_LE_2"
PART 7 "J_Sleave_Reshape_Top_LE_1"
PART 8 "J_Sleave_Reshape_Top_LE_2"
PART 9 "J_Sleave_Reshape_Top_LE_3"
PART 10 "J_Wrist_LE"
PART 11 "J_Thumb_LE_0"
PART 12 "J_Thumb_LE_1"
PART 13 "J_Thumb_LE_2"
PART 14 "J_Thumb_LE_3"
PART 15 "J_PinkyPalm_LE"
PART 16 "J_Pinky_LE_0"
PART 17 "J_Pinky_LE_1"
PART 18 "J_Pinky_LE_2"
PART 19 "J_Pinky_LE_3"
PART 20 "J_RingPalm_LE"
PART 21 "J_Ring_LE_0"
PART 22 "J_Ring_LE_1"
PART 23 "J_Ring_LE_2"
PART 24 "J_Ring_LE_3"
PART 25 "J_Webbing_LE"
PART 26 "J_Index_LE_0"
PART 27 "J_Index_LE_1"
PART 28 "J_Index_LE_2"
PART 29 "J_Index_LE_3"
PART 30 "J_Mid_LE_0"
PART 31 "J_Mid_LE_1"
PART 32 "J_Mid_LE_2"
PART 33 "J_Mid_LE_3"
PART 34 "tag_knife_attach"
PART 35 "tag_weapon"
PART 36 "J_Gun"
PART 37 "J_bolt"
PART 38 "TAG_CLIP"
PART 39 "TAG_FLASH"
PART 40 "tag_flame_unit"
PART 41 "tag_flamer_big_nozel"
PART 42 "tag_flamer_bracket"
PART 43 "tag_flamer_bottle"
PART 44 "tag_flamer_button"
PART 45 "tag_flamer_ring"
PART 46 "tag_flamer_flame"
PART 47 "tag_flamer_pilot_light"
PART 48 "J_Shoulder_RI"
PART 49 "J_Elbow_RI"
PART 50 "J_WristTwist_RI"
PART 51 "J_Sleave_Reshape_Top_RI_3"
PART 52 "J_Sleave_Reshape_Top_RI_2"
PART 53 "J_Sleave_Reshape_Top_RI_1"
PART 54 "J_Wrist_RI"
PART 55 "J_Thumb_RI_0"
PART 56 "J_Thumb_RI_1"
PART 57 "J_Thumb_RI_2"
PART 58 "J_Thumb_RI_3"
PART 59 "J_PinkyPalm_RI"
PART 60 "J_Pinky_RI_0"
PART 61 "J_Pinky_RI_1"
PART 62 "J_Pinky_RI_2"
PART 63 "J_Pinky_RI_3"
PART 64 "J_RingPalm_RI"
PART 65 "J_Ring_RI_0"
PART 66 "J_Ring_RI_1"
PART 67 "J_Ring_RI_2"
PART 68 "J_Ring_RI_3"
PART 69 "J_Webbing_RI"
PART 70 "J_Index_RI_0"
PART 71 "J_Index_RI_1"
PART 72 "J_Index_RI_2"
PART 73 "J_Index_RI_3"
PART 74 "J_Mid_RI_0"
PART 75 "J_Mid_RI_1"
PART 76 "J_Mid_RI_2"
PART 77 "J_Mid_RI_3"
PART 78 "tag_cambone"
PART 79 "tag_camera"
PART 80 "tag_gasmask"

FRAMERATE 30
NUMFRAMES 11

FRAME 1940
PART 0
OFFSET -4.6318 -0.0000 -1.3770
X  1.0000 -0.0000  0.0000
Y  0.0000  1.0000  0.0000
Z  0.0000 -0.0000  1.0000

PART 1
OFFSET -4.6318 -0.0000 -1.3770
X  1.0000 -0.0000  0.0000
Y  0.0000  1.0000  0.0000
Z  0.0000 -0.0000  1.0000

PART 2
OFFSET -3.5060  6.3408 -6.7125
X  0.7262 -0.0056 -0.6875
Y -0.0790 -0.9940 -0.0754
Z -0.6829  0.1091 -0.7223

PART 3
OFFSET  5.2763  6.2733 -15.0268
X  0.8057 -0.5450  0.2320
Y -0.4215 -0.2524  0.8710
Z -0.4161 -0.7996 -0.4331

PART 4
OFFSET  12.1294  1.6381 -13.0538
X  0.8057 -0.5450  0.2320
Y  0.2356  0.6543  0.7186
Z -0.5434 -0.5243  0.6556

PART 5
OFFSET  14.3243  2.4964 -12.6419
X  0.8093 -0.5413  0.2280
Y  0.4199  0.8046  0.4198
Z -0.4107 -0.2440  0.8785

PART 6
OFFSET  13.1718  0.8184 -14.2283
X  0.8093 -0.5413  0.2280
Y  0.4199  0.8046  0.4198
Z -0.4107 -0.2440  0.8785

PART 7
OFFSET  13.6494  1.3460 -10.7426
X  0.8093 -0.5413  0.2280
Y  0.4199  0.8046  0.4198
Z -0.4107 -0.2440  0.8785

PART 8
OFFSET  12.7011 -0.1065 -11.2837
X  0.8093 -0.5413  0.2280
Y  0.4199  0.8046  0.4198
Z -0.4107 -0.2440  0.8785

PART 9
OFFSET  12.1415 -0.6817 -12.3351
X  0.8093 -0.5413  0.2280
Y  0.4199  0.8046  0.4198
Z -0.4107 -0.2440  0.8785

PART 10
OFFSET  14.5995 -0.0327 -12.3426
X  0.7636  0.5368 -0.3589
Y  0.0201  0.5358  0.8441
Z  0.6454 -0.6518  0.3983

PART 11
OFFSET  15.2273  0.4582 -11.5259
X  0.9303  0.2586  0.2600
Y -0.3598  0.5067  0.7835
Z  0.0709 -0.8224  0.5644

PART 12
OFFSET  17.2030  1.0211 -10.8552
X  0.7867  0.0743 -0.6128
Y  0.5284  0.4322  0.7308
Z  0.3192 -0.8987  0.3007

PART 13
OFFSET  18.4772  1.0146 -11.8545
X  0.0200 -0.5188 -0.8547
Y  0.9798  0.1804 -0.0865
Z  0.1990 -0.8357  0.5119

PART 14
OFFSET  18.5247  0.4184 -12.7568
X  0.0888  0.1910 -0.9776
Y -0.4560  0.8804  0.1306
Z  0.8855  0.4341  0.1653

PART 15
OFFSET  15.3545 -0.2838 -13.4696
X  0.7313  0.1410 -0.6673
Y  0.6238 -0.5339  0.5708
Z -0.2758 -0.8337 -0.4784

PART 16
OFFSET  17.1143  0.0890 -14.8293
X  0.9206 -0.2551  0.2957
Y -0.3591 -0.2551  0.8978
Z -0.1536 -0.9327 -0.3264

PART 17
OFFSET  18.4176 -0.2722 -14.4106
X -0.3042 -0.2903  0.9073
Y -0.9475  0.1904 -0.2568
Z -0.0982 -0.9378 -0.3329

PART 18
OFFSET  18.1479 -0.5295 -13.6062
X -0.7286 -0.1353  0.6714
Y -0.6664  0.3669 -0.6491
Z -0.1585 -0.9204 -0.3575

PART 19
OFFSET  17.4557 -0.6581 -12.9683
X  0.9985  0.0063 -0.0543
Y -0.0542  0.2477 -0.9673
Z  0.0074  0.9688  0.2477

PART 20
OFFSET  15.4457  0.2813 -13.0432
X  0.7244  0.3424 -0.5984
Y  0.6281 -0.6855  0.3682
Z -0.2841 -0.6425 -0.7116

PART 21
OFFSET  17.3837  1.0475 -14.5974
X  0.9213 -0.3356  0.1965
Y -0.3133 -0.3411  0.8863
Z -0.2304 -0.8781 -0.4194

PART 22
OFFSET  18.9522  0.4761 -14.2629
X -0.2740 -0.3619  0.8911
Y -0.9403  0.2952 -0.1692
Z -0.2018 -0.8842 -0.4212

PART 23
OFFSET  18.5725 -0.0255 -13.0279
X -0.9419  0.0543  0.3314
Y -0.2690  0.4688 -0.8414
Z -0.2010 -0.8816 -0.4270

PART 24
OFFSET  17.5509  0.0334 -12.6685
X  0.9155 -0.3556  0.1881
Y  0.3284  0.3904 -0.8601
Z  0.2324  0.8492  0.4742

PART 25
OFFSET  17.3312  2.1235 -11.8951
X  0.8940  0.2202 -0.3902
Y -0.3944  0.8000 -0.4521
Z  0.2126  0.5581  0.8021

PART 26
OFFSET  17.3501  2.7053 -13.2524
X  0.8942 -0.0713 -0.4419
Y  0.2894 -0.6609  0.6924
Z -0.3414 -0.7471 -0.5704

PART 27
OFFSET  18.9245  2.5798 -14.0304
X  0.7304 -0.6414  0.2347
Y -0.5553 -0.3576  0.7508
Z -0.3976 -0.6788 -0.6174

PART 28
OFFSET  19.8366  1.8413 -13.7075
X  0.0679 -0.6176  0.7835
Y -0.9454  0.2110  0.2482
Z -0.3187 -0.7576 -0.5696

PART 29
OFFSET  19.9133  1.1437 -12.8225
X  0.7417 -0.2026 -0.6394
Y -0.3042  0.7480 -0.5899
Z  0.5977  0.6321  0.4932

PART 30
OFFSET  17.3626  1.9499 -14.0584
X  0.9202 -0.3914  0.0007
Y -0.1784 -0.4180  0.8908
Z -0.3483 -0.8199 -0.4544

PART 31
OFFSET  19.1604  1.1854 -14.0571
X -0.2344 -0.3737  0.8975
Y -0.8889  0.4561 -0.0422
Z -0.3936 -0.8077 -0.4390

PART 32
OFFSET  18.8181  0.6396 -12.7462
X -0.8350  0.1415  0.5317
Y -0.3469  0.6147 -0.7084
Z -0.4271 -0.7760 -0.4642

PART 33
OFFSET  17.8695  0.7939 -12.1467
X  0.8892 -0.4515  0.0744
Y  0.2394  0.3204 -0.9165
Z  0.3900  0.8328  0.3930

PART 34
OFFSET  17.6424  0.1407 -13.1635
X -0.2899 -0.6915 -0.6617
Y -0.6454  0.6518 -0.3983
Z  0.7067  0.3116 -0.6352

PART 35
OFFSET  10.2443 -1.9509 -7.0301
X  0.7570  0.5117 -0.4063
Y -0.6468  0.4986 -0.5771
Z -0.0927  0.6997  0.7084

PART 36
OFFSET  10.2443 -1.9509 -7.0301
X  0.7570  0.5117 -0.4063
Y -0.6468  0.4986 -0.5771
Z -0.0927  0.6997  0.7084

PART 37
OFFSET  14.2205  2.2705 -7.3512
X  0.7550  0.5259 -0.3917
Y -0.6468  0.4986 -0.5771
Z -0.1082  0.6891  0.7166

PART 38
OFFSET  13.3971  0.4071 -8.5523
X  0.7570  0.5117 -0.4063
Y -0.6468  0.4986 -0.5771
Z -0.0927  0.6997  0.7084

PART 39
OFFSET  30.4616  10.5874 -19.0575
X  0.7570  0.5117 -0.4063
Y -0.6468  0.4986 -0.5771
Z -0.0927  0.6997  0.7084

PART 40
OFFSET  9.8892 -3.9387 -8.3495
X  0.7570  0.5117 -0.4063
Y -0.6468  0.4986 -0.5771
Z -0.0927  0.6997  0.7084

PART 41
OFFSET  29.7162  10.0815 -18.7036
X -0.6468  0.4986 -0.5771
Y -0.7570 -0.5117  0.4063
Z -0.0927  0.6997  0.7084

PART 42
OFFSET  21.0796  4.0864 -13.3454
X -0.3748  0.4512  0.8099
Y -0.6642 -0.7401  0.1049
Z  0.6468 -0.4986  0.5771

PART 43
OFFSET  21.0796  4.0864 -13.3454
X -0.6468  0.4986 -0.5771
Y -0.7570 -0.5117  0.4063
Z -0.0927  0.6997  0.7084

PART 44
OFFSET  20.6296  3.6827 -13.6922
X -0.6468  0.4986 -0.5771
Y -0.7570 -0.5117  0.4063
Z -0.0927  0.6997  0.7084

PART 45
OFFSET  19.7242  4.3807 -14.5002
X -0.5018  0.0571 -0.8631
Y -0.7570 -0.5117  0.4063
Z -0.4184  0.8573  0.3000

PART 46
OFFSET  27.9585  9.0235 -17.6329
X  0.7570  0.5117 -0.4063
Y -0.6468  0.4986 -0.5771
Z -0.0927  0.6997  0.7084

PART 47
OFFSET  26.6122  8.8263 -18.7068
X  0.8587  0.4621  0.2216
Y  0.1448  0.1960 -0.9699
Z -0.4916  0.8649  0.1014

PART 48
OFFSET -10.8444 -11.7139 -5.9426
X -0.9335  0.3392 -0.1162
Y -0.2261 -0.3051  0.9251
Z  0.2783  0.8899  0.3615

PART 49
OFFSET  0.4454 -15.8159 -4.5369
X -0.6498 -0.7518  0.1117
Y  0.7582 -0.6311  0.1637
Z -0.0526  0.1911  0.9802

PART 50
OFFSET  5.9725 -9.4213 -5.4867
X -0.6498 -0.7518  0.1117
Y  0.4908 -0.5273 -0.6936
Z  0.5803 -0.3959  0.7117

PART 51
OFFSET  6.4544 -8.1393 -6.9322
X -0.6541 -0.7487  0.1078
Y  0.0434 -0.1794 -0.9828
Z  0.7551 -0.6382  0.1498

PART 52
OFFSET  5.9679 -7.1353 -6.4392
X -0.6541 -0.7487  0.1078
Y  0.0434 -0.1794 -0.9828
Z  0.7551 -0.6382  0.1498

PART 53
OFFSET  6.0690 -6.8919 -5.0961
X -0.6541 -0.7487  0.1078
Y  0.0434 -0.1794 -0.9828
Z  0.7551 -0.6382  0.1498

PART 54
OFFSET  7.9647 -7.1164 -5.8291
X -0.6066 -0.7425  0.2840
Y  0.4179 -0.6017 -0.6807
Z  0.6763 -0.2942  0.6753

PART 55
OFFSET  7.5567 -6.0810 -5.5772
X  0.1113 -0.9710  0.2117
Y  0.3794 -0.1554 -0.9121
Z  0.9185  0.1819  0.3511

PART 56
OFFSET  7.2275 -3.9803 -5.9626
X -0.4816 -0.4593  0.7464
Y  0.3435 -0.8825 -0.3214
Z  0.8063  0.1016  0.5827

PART 57
OFFSET  7.9351 -3.3029 -7.2521
X -0.4685  0.3079  0.8281
Y -0.0549 -0.9457  0.3205
Z  0.8818  0.1047  0.4599

PART 58
OFFSET  8.4023 -3.6245 -8.1740
X -0.9236 -0.0349  0.3819
Y -0.3828  0.0257 -0.9235
Z  0.0224 -0.9991 -0.0371

PART 59
OFFSET  8.7888 -7.0730 -6.9347
X -0.5528 -0.4503  0.7011
Y  0.8206 -0.1478  0.5521
Z -0.1450  0.8806  0.4512

PART 60
OFFSET  9.9092 -5.9148 -8.5121
X  0.5548 -0.5015  0.6639
Y  0.8233  0.2158 -0.5249
Z  0.1199  0.8378  0.5326

PART 61
OFFSET  9.1238 -5.2048 -9.4520
X  0.9894 -0.0624 -0.1313
Y -0.0698  0.5886 -0.8054
Z  0.1275  0.8060  0.5780

PART 62
OFFSET  8.2466 -5.1495 -9.3356
X  0.5188  0.3995 -0.7558
Y -0.8473  0.3579 -0.3925
Z  0.1137  0.8440  0.5242

PART 63
OFFSET  7.7537 -5.5291 -8.6175
X  0.1186 -0.6523  0.7487
Y -0.9592  0.1197  0.2563
Z -0.2568 -0.7485 -0.6114

PART 64
OFFSET  8.7390 -6.5508 -6.4505
X -0.5794 -0.5903  0.5620
Y  0.7695 -0.1688  0.6160
Z -0.2688  0.7893  0.5520

PART 65
OFFSET  10.2996 -5.1397 -7.9774
X  0.5126 -0.4258  0.7457
Y  0.8563  0.1897 -0.4803
Z  0.0631  0.8847  0.4618

PART 66
OFFSET  9.4270 -4.4148 -9.2469
X  0.9548  0.0830 -0.2855
Y -0.2891  0.4833 -0.8263
Z  0.0694  0.8715  0.4855

PART 67
OFFSET  8.1037 -4.5298 -8.8513
X  0.3595  0.4358 -0.8252
Y -0.9310  0.2278 -0.2853
Z  0.0636  0.8708  0.4876

PART 68
OFFSET  7.7138 -5.0024 -7.9564
X  0.2404 -0.4443  0.8630
Y -0.9706 -0.1008  0.2185
Z -0.0101 -0.8902 -0.4555

PART 69
OFFSET  5.4492 -9.8557 -3.7095
X -0.4635 -0.6641  0.5866
Y -0.8065  0.0420 -0.5897
Z  0.3670 -0.7465 -0.5551

PART 70
OFFSET  10.2646 -3.8786 -6.1714
X -0.7225 -0.6247  0.2962
Y  0.6324 -0.4240  0.6483
Z -0.2795  0.6557  0.7014

PART 71
OFFSET  11.5367 -2.7787 -6.6928
X  0.3133 -0.5863  0.7470
Y  0.8977  0.4395 -0.0315
Z -0.3099  0.6804  0.6640

PART 72
OFFSET  11.1370 -2.0246 -7.5607
X  0.6715 -0.4053  0.6203
Y  0.6904  0.6462 -0.3252
Z -0.2690  0.6467  0.7137

PART 73
OFFSET  10.3785 -1.5668 -8.2613
X -0.9175 -0.2695  0.2924
Y -0.3920  0.4897 -0.7788
Z  0.0667 -0.8292 -0.5549

PART 74
OFFSET  10.5319 -4.5578 -7.0007
X  0.3896 -0.4530  0.8019
Y  0.9133  0.3025 -0.2728
Z -0.1190  0.8386  0.5315

PART 75
OFFSET  9.7709 -3.6729 -8.5672
X  0.9894  0.1445 -0.0144
Y -0.0839  0.4879 -0.8689
Z -0.1185  0.8609  0.4948

PART 76
OFFSET  8.3257 -3.8839 -8.5462
X  0.4436  0.4651 -0.7661
Y -0.8838  0.0850 -0.4602
Z -0.1489  0.8812  0.4488

PART 77
OFFSET  7.8237 -4.4168 -7.6820
X  0.2338 -0.4672  0.8526
Y -0.9703 -0.1680  0.1740
Z  0.0619 -0.8680 -0.4927

PART 78
OFFSET  0.0000 -0.0000 -0.0000
X  1.0000 -0.0000  0.0000
Y  0.0000  1.0000  0.0000
Z  0.0000 -0.0000  1.0000

PART 79
OFFSET  0.0000 -0.0000 -0.0000
X  1.0000 -0.0000  0.0000
Y  0.0000  1.0000  0.0000
Z  0.0000 -0.0000  1.0000

PART 80
OFFSET  1.5404 -0.0000  4.1357
X  1.0000 -0.0000  0.0000
Y  0.0000  1.0000  0.0000
Z  0.0000 -0.0000  1.0000


FRAME 1941
PART 0
OFFSET -4.6318 -0.0000 -1.3770
X  1.0000 -0.0000  0.0000
Y  0.0000  1.0000  0.0000
Z  0.0000 -0.0000  1.0000

PART 1
OFFSET -4.6318 -0.0000 -1.3770
X  1.0000 -0.0000  0.0000
Y  0.0000  1.0000  0.0000
Z  0.0000 -0.0000  1.0000

PART 2
OFFSET -3.5060  6.3408 -6.7125
X  0.7258 -0.0064 -0.6879
Y -0.0774 -0.9944 -0.0723
Z -0.6836  0.1057 -0.7222

PART 3
OFFSET  5.2715  6.2628 -15.0318
X  0.8027 -0.5452  0.2416
Y -0.4283 -0.2451  0.8697
Z -0.4150 -0.8016 -0.4303

PART 4
OFFSET  12.0988  1.6253 -12.9767
X  0.8027 -0.5452  0.2416
Y  0.1039  0.5268  0.8436
Z -0.5873 -0.6520  0.4796

PART 5
OFFSET  14.2929  2.4813 -12.5553
X  0.8063 -0.5416  0.2376
Y  0.4189  0.8066  0.4171
Z -0.4176 -0.2368  0.8773

PART 6
OFFSET  13.1476  0.7948 -14.1379
X  0.8063 -0.5416  0.2376
Y  0.4189  0.8066  0.4171
Z -0.4176 -0.2368  0.8773

PART 7
OFFSET  13.6016  1.3461 -10.6528
X  0.8063 -0.5416  0.2376
Y  0.4189  0.8066  0.4171
Z -0.4176 -0.2368  0.8773

PART 8
OFFSET  12.6535 -0.1080 -11.1902
X  0.8063 -0.5416  0.2376
Y  0.4189  0.8066  0.4171
Z -0.4176 -0.2368  0.8773

PART 9
OFFSET  12.1001 -0.6893 -12.2415
X  0.8063 -0.5416  0.2376
Y  0.4189  0.8066  0.4171
Z -0.4176 -0.2368  0.8773

PART 10
OFFSET  14.5596 -0.0463 -12.2360
X  0.7778  0.5260 -0.3440
Y  0.0338  0.5116  0.8586
Z  0.6276 -0.6794  0.3802

PART 11
OFFSET  15.1998  0.4051 -11.4061
X  0.9367  0.2265  0.2669
Y -0.3467  0.4943  0.7972
Z  0.0486 -0.8393  0.5415

PART 12
OFFSET  17.1893  0.8965 -10.7204
X  0.7888  0.0702 -0.6106
Y  0.5393  0.3977  0.7423
Z  0.2950 -0.9148  0.2758

PART 13
OFFSET  18.4635  0.8838 -11.7196
X  0.0068 -0.4954 -0.8686
Y  0.9843  0.1566 -0.0816
Z  0.1765 -0.8544  0.4887

PART 14
OFFSET  18.4957  0.3116 -12.6379
X  0.0945  0.2154 -0.9719
Y -0.4325  0.8882  0.1548
Z  0.8967  0.4057  0.1771

PART 15
OFFSET  15.3085 -0.2863 -13.3696
X  0.7352  0.1399 -0.6633
Y  0.6091 -0.5658  0.5558
Z -0.2975 -0.8126 -0.5011

PART 16
OFFSET  17.0784  0.0770 -14.7187
X  0.9133 -0.2875  0.2885
Y -0.3663 -0.2701  0.8904
Z -0.1781 -0.9189 -0.3520

PART 17
OFFSET  18.3714 -0.3301 -14.3102
X -0.3124 -0.3069  0.8990
Y -0.9420  0.2225 -0.2514
Z -0.1229 -0.9254 -0.3586

PART 18
OFFSET  18.0944 -0.6022 -13.5131
X -0.7324 -0.1344  0.6675
Y -0.6560  0.4022 -0.6387
Z -0.1826 -0.9056 -0.3827

PART 19
OFFSET  17.3987 -0.7299 -12.8790
X  0.9984 -0.0187 -0.0543
Y -0.0470  0.2756 -0.9601
Z  0.0329  0.9611  0.2743

PART 20
OFFSET  15.4144  0.2643 -12.9278
X  0.7336  0.3394 -0.5888
Y  0.6095 -0.7118  0.3491
Z -0.3006 -0.6149 -0.7290

PART 21
OFFSET  17.3730  1.0212 -14.4605
X  0.9119 -0.3653  0.1871
Y -0.3228 -0.3570  0.8766
Z -0.2534 -0.8597 -0.4434

PART 22
OFFSET  18.9255  0.3993 -14.1419
X -0.2840 -0.3789  0.8808
Y -0.9320  0.3246 -0.1609
Z -0.2250 -0.8666 -0.4454

PART 23
OFFSET  18.5319 -0.1258 -12.9212
X -0.9404  0.0701  0.3328
Y -0.2559  0.4988 -0.8281
Z -0.2241 -0.8639 -0.4511

PART 24
OFFSET  17.5120 -0.0497 -12.5603
X  0.9056 -0.3849  0.1782
Y  0.3392  0.4051 -0.8490
Z  0.2546  0.8293  0.4974

PART 25
OFFSET  17.3474  2.0234 -11.7296
X  0.8998  0.2070 -0.3840
Y -0.3727  0.8224 -0.4299
Z  0.2268  0.5299  0.8171

PART 26
OFFSET  17.3826  2.6417 -13.0703
X  0.8923 -0.0828 -0.4438
Y  0.2714 -0.6872  0.6739
Z -0.3608 -0.7217 -0.5907

PART 27
OFFSET  18.9536  2.4959 -13.8516
X  0.7130 -0.6668  0.2169
Y -0.5651 -0.3633  0.7407
Z -0.4151 -0.6507 -0.6358

PART 28
OFFSET  19.8456  1.7248 -13.5492
X  0.0509 -0.6405  0.7662
Y -0.9396  0.2292  0.2540
Z -0.3383 -0.7329 -0.5902

PART 29
OFFSET  19.9032  1.0013 -12.6838
X  0.7365 -0.2045 -0.6448
Y -0.2839  0.7718 -0.5690
Z  0.6140  0.6021  0.5103

PART 30
OFFSET  17.3756  1.9087 -13.8968
X  0.9095 -0.4155 -0.0102
Y -0.1900 -0.4374  0.8789
Z -0.3697 -0.7975 -0.4768

PART 31
OFFSET  19.1524  1.0969 -13.9167
X -0.2448 -0.3919  0.8869
Y -0.8765  0.4806 -0.0296
Z -0.4146 -0.7845 -0.4611

PART 32
OFFSET  18.7949  0.5245 -12.6213
X -0.8313  0.1489  0.5355
Y -0.3300  0.6430 -0.6912
Z -0.4472 -0.7513 -0.4853

PART 33
OFFSET  17.8504  0.6874 -12.0178
X  0.8768 -0.4768  0.0619
Y  0.2484  0.3391 -0.9074
Z  0.4117  0.8110  0.4157

PART 34
OFFSET  17.6066  0.0688 -13.0521
X -0.3078 -0.6650 -0.6804
Y -0.6276  0.6794 -0.3802
Z  0.7151  0.3100 -0.6265

PART 35
OFFSET  10.1517 -1.9937 -6.9779
X  0.7706  0.5024 -0.3921
Y -0.6329  0.5313 -0.5631
Z -0.0746  0.6821  0.7274

PART 36
OFFSET  10.1517 -1.9937 -6.9779
X  0.7706  0.5024 -0.3921
Y -0.6329  0.5313 -0.5631
Z -0.0746  0.6821  0.7274

PART 37
OFFSET  14.2388  2.1278 -7.1830
X  0.7689  0.5162 -0.3772
Y -0.6329  0.5313 -0.5631
Z -0.0903  0.6717  0.7353

PART 38
OFFSET  13.3670  0.3207 -8.4349
X  0.7706  0.5024 -0.3921
Y -0.6329  0.5313 -0.5631
Z -0.0746  0.6821  0.7274

PART 39
OFFSET  30.7025  10.3295 -18.6573
X  0.7706  0.5024 -0.3921
Y -0.6329  0.5313 -0.5631
Z -0.0746  0.6821  0.7274

PART 40
OFFSET  9.7447 -3.9343 -8.3516
X  0.7706  0.5024 -0.3921
Y -0.6329  0.5313 -0.5631
Z -0.0746  0.6821  0.7274

PART 41
OFFSET  29.9438  9.8340 -18.3174
X -0.6329  0.5313 -0.5631
Y -0.7706 -0.5024  0.3921
Z -0.0746  0.6821  0.7274

PART 42
OFFSET  21.1475  3.9252 -13.1256
X -0.3632  0.4385  0.8221
Y -0.6837 -0.7248  0.0846
Z  0.6329 -0.5313  0.5631

PART 43
OFFSET  21.1475  3.9252 -13.1256
X -0.6329  0.5313 -0.5631
Y -0.7706 -0.5024  0.3921
Z -0.0746  0.6821  0.7274

PART 44
OFFSET  20.6872  3.5433 -13.4833
X -0.6329  0.5313 -0.5631
Y -0.7706 -0.5024  0.3921
Z -0.0746  0.6821  0.7274

PART 45
OFFSET  19.8011  4.2871 -14.2717
X -0.4996  0.0942 -0.8611
Y -0.7706 -0.5024  0.3921
Z -0.3957  0.8595  0.3236

PART 46
OFFSET  28.1579  8.7941 -17.2761
X  0.7706  0.5024 -0.3921
Y -0.6329  0.5313 -0.5631
Z -0.0746  0.6821  0.7274

PART 47
OFFSET  26.8075  8.6623 -18.3549
X  0.8705  0.4328  0.2341
Y  0.1506  0.2187 -0.9641
Z -0.4685  0.8746  0.1252

PART 48
OFFSET -11.0338 -11.5206 -5.9739
X -0.9289  0.3565 -0.1008
Y -0.2240 -0.3236  0.9193
Z  0.2951  0.8765  0.3804

PART 49
OFFSET  0.1997 -15.8316 -4.7548
X -0.6512 -0.7522  0.1007
Y  0.7577 -0.6371  0.1414
Z -0.0423  0.1684  0.9848

PART 50
OFFSET  5.7385 -9.4340 -5.6109
X -0.6512 -0.7522  0.1007
Y  0.4832 -0.5133 -0.7093
Z  0.5852 -0.4132  0.6977

PART 51
OFFSET  6.2104 -8.1202 -7.0309
X -0.6555 -0.7489  0.0969
Y  0.0331 -0.1566 -0.9871
Z  0.7544 -0.6439  0.1274

PART 52
OFFSET  5.7321 -7.1264 -6.5099
X -0.6555 -0.7489  0.0969
Y  0.0331 -0.1566 -0.9871
Z  0.7544 -0.6439  0.1274

PART 53
OFFSET  5.8474 -6.9146 -5.1625
X -0.6555 -0.7489  0.0969
Y  0.0331 -0.1566 -0.9871
Z  0.7544 -0.6439  0.1274

PART 54
OFFSET  7.7350 -7.1280 -5.9195
X -0.6263 -0.7337  0.2635
Y  0.4022 -0.5936 -0.6970
Z  0.6678 -0.3306  0.6669

PART 55
OFFSET  7.3544 -6.0893 -5.6392
X  0.0854 -0.9790  0.1849
Y  0.3757 -0.1402 -0.9161
Z  0.9228  0.1476  0.3559

PART 56
OFFSET  7.0813 -3.9708 -5.9665
X -0.4941 -0.4667  0.7336
Y  0.3201 -0.8821 -0.3456
Z  0.8084  0.0641  0.5852

PART 57
OFFSET  7.8075 -3.2772 -7.2368
X -0.4607  0.2973  0.8363
Y -0.0802 -0.9523  0.2943
Z  0.8839  0.0685  0.4626

PART 58
OFFSET  8.2666 -3.5856 -8.1674
X -0.9244 -0.0208  0.3809
Y -0.3814  0.0613 -0.9224
Z -0.0042 -0.9979 -0.0646

PART 59
OFFSET  8.5606 -7.0760 -7.0236
X -0.5650 -0.4546  0.6885
Y  0.8160 -0.1847  0.5477
Z -0.1218  0.8713  0.4753

PART 60
OFFSET  9.7124 -5.9050 -8.5685
X  0.5408 -0.5341  0.6498
Y  0.8291  0.2083 -0.5189
Z  0.1418  0.8193  0.5555

PART 61
OFFSET  8.9467 -5.1488 -9.4885
X  0.9875 -0.0850 -0.1331
Y -0.0536  0.6122 -0.7888
Z  0.1485  0.7861  0.6000

PART 62
OFFSET  8.0712 -5.0734 -9.3704
X  0.5297  0.4062 -0.7445
Y -0.8372  0.3909 -0.3824
Z  0.1357  0.8259  0.5472

PART 63
OFFSET  7.5679 -5.4594 -8.6631
X  0.1008 -0.6756  0.7304
Y -0.9558  0.1381  0.2596
Z -0.2762 -0.7243 -0.6318

PART 64
OFFSET  8.5243 -6.5662 -6.5252
X -0.5952 -0.5900  0.5455
Y  0.7643 -0.2061  0.6110
Z -0.2481  0.7807  0.5736

PART 65
OFFSET  10.1229 -5.1555 -8.0128
X  0.5006 -0.4596  0.7336
Y  0.8614  0.1800 -0.4750
Z  0.0863  0.8697  0.4860

PART 66
OFFSET  9.2706 -4.3731 -9.2617
X  0.9568  0.0654 -0.2832
Y -0.2756  0.5134 -0.8127
Z  0.0922  0.8556  0.5093

PART 67
OFFSET  7.9445 -4.4637 -8.8693
X  0.3714  0.4486 -0.8129
Y -0.9244  0.2602 -0.2788
Z  0.0864  0.8550  0.5114

PART 68
OFFSET  7.5417 -4.9503 -7.9877
X  0.2280 -0.4741  0.8504
Y -0.9731 -0.0809  0.2158
Z -0.0335 -0.8767 -0.4798

PART 69
OFFSET  5.1462 -9.8568 -3.8759
X -0.4814 -0.6674  0.5682
Y -0.8048  0.0797 -0.5882
Z  0.3474 -0.7404 -0.5755

PART 70
OFFSET  10.1202 -3.9442 -6.1727
X -0.7390 -0.6132  0.2789
Y  0.6205 -0.4583  0.6364
Z -0.2624  0.6433  0.7192

PART 71
OFFSET  11.4214 -2.8645 -6.6637
X  0.2971 -0.6148  0.7306
Y  0.9091  0.4162 -0.0194
Z -0.2921  0.6699  0.6826

PART 72
OFFSET  11.0424 -2.0764 -7.5104
X  0.6601 -0.4399  0.6089
Y  0.7076  0.6363 -0.3074
Z -0.2522  0.6337  0.7313

PART 73
OFFSET  10.2968 -1.5795 -8.1981
X -0.9246 -0.2529  0.2850
Y -0.3784  0.5212 -0.7650
Z  0.0450 -0.8151 -0.5776

PART 74
OFFSET  10.3699 -4.6072 -7.0204
X  0.3769 -0.4851  0.7891
Y  0.9212  0.2855 -0.2645
Z -0.0970  0.8265  0.5545

PART 75
OFFSET  9.6337 -3.6595 -8.5619
X  0.9929  0.1185 -0.0105
Y -0.0704  0.5137 -0.8551
Z -0.0959  0.8498  0.5184

PART 76
OFFSET  8.1834 -3.8325 -8.5465
X  0.4563  0.4741 -0.7530
Y -0.8809  0.1211 -0.4576
Z -0.1258  0.8721  0.4729

PART 77
OFFSET  7.6669 -4.3756 -7.6973
X  0.2208 -0.4966  0.8394
Y -0.9745 -0.1469  0.1694
Z  0.0392 -0.8555 -0.5164

PART 78
OFFSET  0.0000 -0.0000 -0.0000
X  1.0000 -0.0000  0.0000
Y  0.0000  1.0000  0.0000
Z  0.0000 -0.0000  1.0000

PART 79
OFFSET  0.0000 -0.0000 -0.0000
X  1.0000 -0.0000  0.0000
Y  0.0000  1.0000  0.0000
Z  0.0000 -0.0000  1.0000

PART 80
OFFSET  1.5404 -0.0000  4.1357
X  1.0000 -0.0000  0.0000
Y  0.0000  1.0000  0.0000
Z  0.0000 -0.0000  1.0000


FRAME 1942
PART 0
OFFSET -4.6318 -0.0000 -1.3770
X  1.0000 -0.0000  0.0000
Y  0.0000  1.0000  0.0000
Z  0.0000 -0.0000  1.0000

PART 1
OFFSET -4.6318 -0.0000 -1.3770
X  1.0000 -0.0000  0.0000
Y  0.0000  1.0000  0.0000
Z  0.0000 -0.0000  1.0000

PART 2
OFFSET -3.5060  6.3408 -6.7125
X  0.7254 -0.0106 -0.6883
Y -0.0720 -0.9956 -0.0605
Z -0.6846  0.0934 -0.7229

PART 3
OFFSET  5.2663  6.2126 -15.0367
X  0.7955 -0.5435  0.2682
Y -0.4455 -0.2243  0.8667
Z -0.4109 -0.8089 -0.4205

PART 4
OFFSET  12.0320  1.5904 -12.7558
X  0.7955 -0.5435  0.2682
Y -0.1862  0.2019  0.9615
Z -0.5767 -0.8148  0.0595

PART 5
OFFSET  14.2220  2.4455 -12.3123
X  0.7992 -0.5399  0.2642
Y  0.4151  0.8136  0.4073
Z -0.4348 -0.2158  0.8743

PART 6
OFFSET  13.0980  0.7302 -13.8791
X  0.7992 -0.5399  0.2642
Y  0.4151  0.8136  0.4073
Z -0.4348 -0.2158  0.8743

PART 7
OFFSET  13.4903  1.3549 -10.3989
X  0.7992 -0.5399  0.2642
Y  0.4151  0.8136  0.4073
Z -0.4348 -0.2158  0.8743

PART 8
OFFSET  12.5453 -0.1063 -10.9223
X  0.7992 -0.5399  0.2642
Y  0.4151  0.8136  0.4073
Z -0.4348 -0.2158  0.8743

PART 9
OFFSET  12.0085 -0.7077 -11.9709
X  0.7992 -0.5399  0.2642
Y  0.4151  0.8136  0.4073
Z -0.4348 -0.2158  0.8743

PART 10
OFFSET  14.4706 -0.0757 -11.9337
X  0.8146  0.4944 -0.3034
Y  0.0650  0.4420  0.8947
Z  0.5764 -0.7485  0.3279

PART 11
OFFSET  15.1364  0.2659 -11.0721
X  0.9489  0.1394  0.2832
Y -0.3154  0.4561  0.8321
Z -0.0132 -0.8789  0.4768

PART 12
OFFSET  17.1518  0.5634 -10.3514
X  0.7950  0.0603 -0.6036
Y  0.5619  0.3019  0.7702
Z  0.2287 -0.9514  0.2061

PART 13
OFFSET  18.4273  0.5362 -11.3487
X -0.0234 -0.4280 -0.9035
Y  0.9933  0.0927 -0.0696
Z  0.1135 -0.8990  0.4229

PART 14
OFFSET  18.4241  0.0338 -12.3076
X  0.1145  0.2807 -0.9529
Y -0.3700  0.9023  0.2213
Z  0.9219  0.3273  0.2072

PART 15
OFFSET  15.2068 -0.2819 -13.0821
X  0.7467  0.1373 -0.6509
Y  0.5650 -0.6474  0.5116
Z -0.3511 -0.7497 -0.5609

PART 16
OFFSET  17.0049  0.0564 -14.4001
X  0.8894 -0.3718  0.2660
Y -0.3890 -0.3098  0.8676
Z -0.2402 -0.8751 -0.4202

PART 17
OFFSET  18.2640 -0.4701 -14.0234
X -0.3379 -0.3509  0.8733
Y -0.9227  0.3064 -0.2339
Z -0.1855 -0.8849 -0.4273

PART 18
OFFSET  17.9644 -0.7812 -13.2491
X -0.7435 -0.1323  0.6555
Y -0.6228  0.4941 -0.6066
Z -0.2436 -0.8592 -0.4498

PART 19
OFFSET  17.2581 -0.9069 -12.6264
X  0.9949 -0.0847 -0.0555
Y -0.0225  0.3496 -0.9366
Z  0.0988  0.9331  0.3459

PART 20
OFFSET  15.3486  0.2251 -12.6001
X  0.7587  0.3302 -0.5616
Y  0.5562 -0.7771  0.2945
Z -0.3392 -0.5357 -0.7733

PART 21
OFFSET  17.3636  0.9555 -14.0715
X  0.8831 -0.4415  0.1590
Y -0.3517 -0.3982  0.8472
Z -0.3107 -0.8041 -0.5069

PART 22
OFFSET  18.8670  0.2039 -13.8007
X -0.3146 -0.4231  0.8497
Y -0.9061  0.4005 -0.1360
Z -0.2828 -0.8127 -0.5094

PART 23
OFFSET  18.4310 -0.3825 -12.6230
X -0.9349  0.1108  0.3372
Y -0.2159  0.5763 -0.7882
Z -0.2817 -0.8097 -0.5149

PART 24
OFFSET  17.4171 -0.2623 -12.2573
X  0.8755 -0.4599  0.1486
Y  0.3712  0.4429 -0.8161
Z  0.3095  0.7697  0.5584

PART 25
OFFSET  17.3938  1.7490 -11.2728
X  0.9141  0.1716 -0.3674
Y -0.3119  0.8765 -0.3667
Z  0.2591  0.4498  0.8547

PART 26
OFFSET  17.4794  2.4622 -12.5631
X  0.8866 -0.1117 -0.4487
Y  0.2190 -0.7533  0.6202
Z -0.4073 -0.6481 -0.6434

PART 27
OFFSET  19.0404  2.2655 -13.3532
X  0.6633 -0.7297  0.1660
Y -0.5931 -0.3773  0.7113
Z -0.4563 -0.5703 -0.6830

PART 28
OFFSET  19.8746  1.4131 -13.1099
X  0.0019 -0.6983  0.7158
Y -0.9226  0.2749  0.2706
Z -0.3857 -0.6609 -0.6437

PART 29
OFFSET  19.8767  0.6243 -12.3013
X  0.7237 -0.2067 -0.6584
Y -0.2261  0.8304 -0.5093
Z  0.6520  0.5174  0.5542

PART 30
OFFSET  17.4254  1.7957 -13.4425
X  0.8782 -0.4765 -0.0415
Y -0.2248 -0.4878  0.8435
Z -0.4222 -0.7314 -0.5355

PART 31
OFFSET  19.1410  0.8649 -13.5235
X -0.2763 -0.4392  0.8548
Y -0.8405  0.5418  0.0067
Z -0.4661 -0.7166 -0.5189

PART 32
OFFSET  18.7374  0.2233 -12.2749
X -0.8216  0.1663  0.5452
Y -0.2805  0.7147 -0.6408
Z -0.4962 -0.6794 -0.5405

PART 33
OFFSET  17.8035  0.4064 -11.6608
X  0.8409 -0.5406  0.0258
Y  0.2764  0.3880 -0.8793
Z  0.4653  0.7465  0.4756

PART 34
OFFSET  17.5224 -0.1141 -12.7388
X -0.3500 -0.5888 -0.7286
Y -0.5764  0.7485 -0.3279
Z  0.7384  0.3052 -0.6014

PART 35
OFFSET  9.9093 -2.0980 -6.8372
X  0.8060  0.4750 -0.3532
Y -0.5912  0.6153 -0.5215
Z -0.0304  0.6291  0.7767

PART 36
OFFSET  9.9093 -2.0980 -6.8372
X  0.8060  0.4750 -0.3532
Y -0.5912  0.6153 -0.5215
Z -0.0304  0.6291  0.7767

PART 37
OFFSET  14.2763  1.7297 -6.7312
X  0.8052  0.4878 -0.3372
Y -0.5912  0.6153 -0.5215
Z -0.0469  0.6192  0.7838

PART 38
OFFSET  13.2865  0.0875 -8.1157
X  0.8060  0.4750 -0.3532
Y -0.5912  0.6153 -0.5215
Z -0.0304  0.6291  0.7767

PART 39
OFFSET  31.3347  9.5928 -17.5554
X  0.8060  0.4750 -0.3532
Y -0.5912  0.6153 -0.5215
Z -0.0304  0.6291  0.7767

PART 40
OFFSET  9.3745 -3.8965 -8.3531
X  0.8060  0.4750 -0.3532
Y -0.5912  0.6153 -0.5215
Z -0.0304  0.6291  0.7767

PART 41
OFFSET  30.5413  9.1278 -17.2538
X -0.5912  0.6153 -0.5215
Y -0.8060 -0.4750  0.3532
Z -0.0304  0.6291  0.7767

PART 42
OFFSET  21.3252  3.4784 -12.5217
X -0.3359  0.4000  0.8528
Y -0.7333 -0.6793  0.0298
Z  0.5912 -0.6153  0.5215

PART 43
OFFSET  21.3252  3.4784 -12.5217
X -0.5912  0.6153 -0.5215
Y -0.8060 -0.4750  0.3532
Z -0.0304  0.6291  0.7767

PART 44
OFFSET  20.8412  3.1578 -12.9072
X -0.5912  0.6153 -0.5215
Y -0.8060 -0.4750  0.3532
Z -0.0304  0.6291  0.7767

PART 45
OFFSET  20.0136  4.0192 -13.6372
X -0.4872  0.1935 -0.8516
Y -0.8060 -0.4750  0.3532
Z -0.3362  0.8584  0.3874

PART 46
OFFSET  28.6815  8.1406 -16.2937
X  0.8060  0.4750 -0.3532
Y -0.5912  0.6153 -0.5215
Z -0.0304  0.6291  0.7767

PART 47
OFFSET  27.3309  8.1855 -17.3794
X  0.8975  0.3517  0.2661
Y  0.1706  0.2794 -0.9449
Z -0.4067  0.8934  0.1907

PART 48
OFFSET -11.5478 -10.9961 -6.0589
X -0.9160  0.3978 -0.0518
Y -0.2166 -0.3818  0.8985
Z  0.3376  0.8343  0.4359

PART 49
OFFSET -0.4695 -15.8066 -5.4320
X -0.6570 -0.7512  0.0636
Y  0.7537 -0.6530  0.0743
Z -0.0143  0.0968  0.9952

PART 50
OFFSET  5.1188 -9.4176 -5.9733
X -0.6570 -0.7512  0.0636
Y  0.4671 -0.4719 -0.7478
Z  0.5917 -0.4616  0.6609

PART 51
OFFSET  5.5682 -8.0088 -7.3069
X -0.6614 -0.7476  0.0602
Y  0.0052 -0.0848 -0.9964
Z  0.7500 -0.6587  0.0600

PART 52
OFFSET  5.1154 -7.0509 -6.7026
X -0.6614 -0.7476  0.0602
Y  0.0052 -0.0848 -0.9964
Z  0.7500 -0.6587  0.0600

PART 53
OFFSET  5.2687 -6.9387 -5.3470
X -0.6614 -0.7476  0.0602
Y  0.0052 -0.0848 -0.9964
Z  0.7500 -0.6587  0.0600

PART 54
OFFSET  7.1330 -7.1147 -6.1684
X -0.6776 -0.7056  0.2075
Y  0.3632 -0.5664 -0.7398
Z  0.6395 -0.4259  0.6401

PART 55
OFFSET  6.8247 -6.0759 -5.8107
X  0.0155 -0.9937  0.1106
Y  0.3698 -0.0971 -0.9240
Z  0.9290  0.0553  0.3660

PART 56
OFFSET  6.7026 -3.9249 -5.9775
X -0.5294 -0.4846  0.6963
Y  0.2593 -0.8739 -0.4111
Z  0.8078 -0.0371  0.5883

PART 57
OFFSET  7.4823 -3.1905 -7.1920
X -0.4431  0.2652  0.8563
Y -0.1483 -0.9638  0.2217
Z  0.8841 -0.0288  0.4664

PART 58
OFFSET  7.9235 -3.4596 -8.1431
X -0.9256  0.0157  0.3782
Y -0.3713  0.1571 -0.9151
Z -0.0738 -0.9875 -0.1396

PART 59
OFFSET  7.9661 -7.0381 -7.2655
X -0.5991 -0.4642  0.6523
Y  0.7982 -0.2822  0.5322
Z -0.0630  0.8396  0.5396

PART 60
OFFSET  9.2053 -5.8382 -8.7179
X  0.4986 -0.6181  0.6077
Y  0.8444  0.1879 -0.5017
Z  0.1960  0.7633  0.6156

PART 61
OFFSET  8.4994 -4.9630 -9.5782
X  0.9798 -0.1439 -0.1391
Y -0.0064  0.6720 -0.7405
Z  0.2001  0.7264  0.6575

PART 62
OFFSET  7.6307 -4.8354 -9.4548
X  0.5608  0.4228 -0.7118
Y -0.8057  0.4764 -0.3519
Z  0.1904  0.7709  0.6079

PART 63
OFFSET  7.0978 -5.2371 -8.7786
X  0.0493 -0.7339  0.6774
Y -0.9451  0.1850  0.2693
Z -0.3229 -0.6535 -0.6845

PART 64
OFFSET  7.9630 -6.5659 -6.7301
X -0.6380 -0.5860  0.4996
Y  0.7447 -0.3046  0.5938
Z -0.1957  0.7509  0.6308

PART 65
OFFSET  9.6644 -5.1633 -8.1073
X  0.4633 -0.5475  0.6969
Y  0.8744  0.1542 -0.4601
Z  0.1445  0.8225  0.5501

PART 66
OFFSET  8.8757 -4.2312 -9.2937
X  0.9605  0.0191 -0.2775
Y -0.2346  0.5911 -0.7717
Z  0.1493  0.8064  0.5723

PART 67
OFFSET  7.5444 -4.2577 -8.9092
X  0.4063  0.4812 -0.7768
Y -0.9024  0.3447 -0.2584
Z  0.1434  0.8060  0.5743

PART 68
OFFSET  7.1038 -4.7796 -8.0667
X  0.1897 -0.5516  0.8123
Y -0.9775 -0.0283  0.2091
Z -0.0923 -0.8337 -0.5445

PART 69
OFFSET  4.3487 -9.8007 -4.3362
X -0.5300 -0.6728  0.5163
Y -0.7941  0.1800 -0.5805
Z  0.2976 -0.7176 -0.6296

PART 70
OFFSET  9.7369 -4.0965 -6.1811
X -0.7817 -0.5790  0.2319
Y  0.5834 -0.5473  0.6000
Z -0.2204  0.6043  0.7656

PART 71
OFFSET  11.1131 -3.0771 -6.5895
X  0.2494 -0.6873  0.6822
Y  0.9361  0.3516  0.0120
Z -0.2480  0.6356  0.7311

PART 72
OFFSET  10.7948 -2.2030 -7.3744
X  0.6244 -0.5297  0.5740
Y  0.7520  0.6063 -0.2586
Z -0.2110  0.5931  0.7770

PART 73
OFFSET  10.0895 -1.6046 -8.0227
X -0.9415 -0.2080  0.2651
Y -0.3369  0.6025 -0.7235
Z -0.0092 -0.7705 -0.6373

PART 74
OFFSET  9.9440 -4.7098 -7.0764
X  0.3378 -0.5683  0.7503
Y  0.9403  0.2391 -0.2422
Z -0.0418  0.7873  0.6151

PART 75
OFFSET  9.2841 -3.5996 -8.5421
X  0.9988  0.0488 -0.0016
Y -0.0297  0.5802 -0.8140
Z -0.0388  0.8130  0.5809

PART 76
OFFSET  7.8252 -3.6709 -8.5398
X  0.4924  0.4961 -0.7152
Y -0.8678  0.2167 -0.4471
Z -0.0668  0.8408  0.5372

PART 77
OFFSET  7.2675 -4.2385 -7.7339
X  0.1810 -0.5726  0.7996
Y -0.9833 -0.0904  0.1579
Z -0.0181 -0.8149 -0.5794

PART 78
OFFSET  0.0000 -0.0000 -0.0000
X  1.0000 -0.0000  0.0000
Y  0.0000  1.0000  0.0000
Z  0.0000 -0.0000  1.0000

PART 79
OFFSET  0.0000 -0.0000 -0.0000
X  1.0000 -0.0000  0.0000
Y  0.0000  1.0000  0.0000
Z  0.0000 -0.0000  1.0000

PART 80
OFFSET  1.5404 -0.0000  4.1357
X  1.0000 -0.0000  0.0000
Y  0.0000  1.0000  0.0000
Z  0.0000 -0.0000  1.0000


FRAME 1943
PART 0
OFFSET -4.6318 -0.0000 -1.3770
X  1.0000 -0.0000  0.0000
Y  0.0000  1.0000  0.0000
Z  0.0000 -0.0000  1.0000

PART 1
OFFSET -4.6318 -0.0000 -1.3770
X  1.0000 -0.0000  0.0000
Y  0.0000  1.0000  0.0000
Z  0.0000 -0.0000  1.0000

PART 2
OFFSET -3.5060  6.3408 -6.7125
X  0.7270 -0.0211 -0.6863
Y -0.0629 -0.9974 -0.0359
Z -0.6837  0.0693 -0.7264

PART 3
OFFSET  5.2865  6.0853 -15.0124
X  0.7868 -0.5351  0.3077
Y -0.4679 -0.1917  0.8627
Z -0.4026 -0.8227 -0.4012

PART 4
OFFSET  11.9782  1.5342 -12.3950
X  0.7868 -0.5351  0.3077
Y -0.3930 -0.0498  0.9182
Z -0.4760 -0.8433 -0.2495

PART 5
OFFSET  14.1590  2.4001 -11.9275
X  0.7906 -0.5317  0.3037
Y  0.4072  0.8269  0.3879
Z -0.4574 -0.1830  0.8702

PART 6
OFFSET  13.0695  0.6315 -13.4591
X  0.7906 -0.5317  0.3037
Y  0.4072  0.8269  0.3879
Z -0.4574 -0.1830  0.8702

PART 7
OFFSET  13.3759  1.3812 -9.9950
X  0.7906 -0.5317  0.3037
Y  0.4072  0.8269  0.3879
Z -0.4574 -0.1830  0.8702

PART 8
OFFSET  12.4398 -0.0959 -10.4888
X  0.7906 -0.5317  0.3037
Y  0.4072  0.8269  0.3879
Z -0.4574 -0.1830  0.8702

PART 9
OFFSET  11.9278 -0.7338 -11.5282
X  0.7906 -0.5317  0.3037
Y  0.4072  0.8269  0.3879
Z -0.4574 -0.1830  0.8702

PART 10
OFFSET  14.3901 -0.1062 -11.4516
X  0.8634  0.4421 -0.2430
Y  0.0948  0.3310  0.9389
Z  0.4955 -0.8337  0.2438

PART 11
OFFSET  15.0735  0.0697 -10.5548
X  0.9537  0.0125  0.3005
Y -0.2814  0.3895  0.8770
Z -0.1061 -0.9209  0.3750

PART 12
OFFSET  17.0975  0.0843 -9.7979
X  0.8059  0.0483 -0.5901
Y  0.5773  0.1572  0.8012
Z  0.1314 -0.9864  0.0988

PART 13
OFFSET  18.3787  0.0423 -10.7873
X -0.0518 -0.3202 -0.9459
Y  0.9985  0.0012 -0.0551
Z  0.0188 -0.9473  0.3197

PART 14
OFFSET  18.3405 -0.3473 -11.7965
X  0.1554  0.3724 -0.9150
Y -0.2831  0.9042  0.3199
Z  0.9464  0.2093  0.2460

PART 15
OFFSET  15.1194 -0.2550 -12.6133
X  0.7660  0.1344 -0.6286
Y  0.4913 -0.7530  0.4377
Z -0.4145 -0.6441 -0.6429

PART 16
OFFSET  16.9611  0.0485 -13.8784
X  0.8447 -0.4853  0.2258
Y -0.4302 -0.3645  0.8259
Z -0.3185 -0.7948 -0.5167

PART 17
OFFSET  18.1570 -0.6386 -13.5587
X -0.3834 -0.4109  0.8272
Y -0.8848  0.4203 -0.2013
Z -0.2650 -0.8090 -0.5247

PART 18
OFFSET  17.8171 -1.0029 -12.8253
X -0.7624 -0.1304  0.6338
Y -0.5624  0.6178 -0.5495
Z -0.3199 -0.7755 -0.5443

PART 19
OFFSET  17.0928 -1.1267 -12.2231
X  0.9825 -0.1760 -0.0611
Y  0.0256  0.4523 -0.8915
Z  0.1845  0.8743  0.4489

PART 20
OFFSET  15.3031  0.1786 -12.0768
X  0.7955  0.3141 -0.5182
Y  0.4731 -0.8563  0.2073
Z -0.3786 -0.4101 -0.8298

PART 21
OFFSET  17.4012  0.8655 -13.4496
X  0.8332 -0.5416  0.1117
Y -0.4014 -0.4534  0.7958
Z -0.3804 -0.7079 -0.5952

PART 22
OFFSET  18.8197 -0.0566 -13.2595
X -0.3669 -0.4819  0.7957
Y -0.8605  0.5008 -0.0934
Z -0.3535 -0.7190 -0.5985

PART 23
OFFSET  18.3112 -0.7245 -12.1567
X -0.9244  0.1645  0.3441
Y -0.1469  0.6791 -0.7192
Z -0.3520 -0.7154 -0.6036

PART 24
OFFSET  17.3087 -0.5461 -11.7835
X  0.8240 -0.5579  0.0992
Y  0.4247  0.4922 -0.7599
Z  0.3751  0.6683  0.6425

PART 25
OFFSET  17.4679  1.3354 -10.5794
X  0.9318  0.1202 -0.3425
Y -0.2192  0.9384 -0.2671
Z  0.2893  0.3239  0.9008

PART 26
OFFSET  17.6418  2.1759 -11.7811
X  0.8779 -0.1482 -0.4552
Y  0.1350 -0.8356  0.5325
Z -0.4593 -0.5290 -0.7136

PART 27
OFFSET  19.1875  1.9150 -12.5827
X  0.5862 -0.8056  0.0855
Y -0.6375 -0.3937  0.6622
Z -0.4999 -0.4427 -0.7444

PART 28
OFFSET  19.9306  0.9625 -12.4335
X -0.0770 -0.7704  0.6328
Y -0.8951  0.3329  0.2964
Z -0.4391 -0.5437 -0.7153

PART 29
OFFSET  19.8436  0.0923 -11.7187
X  0.7096 -0.2027 -0.6748
Y -0.1362  0.9002 -0.4136
Z  0.6913  0.3854  0.6112

PART 30
OFFSET  17.5357  1.6202 -12.7300
X  0.8279 -0.5534 -0.0915
Y -0.2839 -0.5541  0.7826
Z -0.4838 -0.6219 -0.6158

PART 31
OFFSET  19.1530  0.5391 -12.9088
X -0.3305 -0.5022  0.7991
Y -0.7834  0.6182  0.0645
Z -0.5264 -0.6047 -0.5977

PART 32
OFFSET  18.6702 -0.1945 -11.7417
X -0.8093  0.1850  0.5575
Y -0.1998  0.8058 -0.5575
Z -0.5523 -0.5625 -0.6152

PART 33
OFFSET  17.7498  0.0105 -11.1143
X  0.7835 -0.6206 -0.0321
Y  0.3259  0.4543 -0.8291
Z  0.5291  0.6391  0.5582

PART 34
OFFSET  17.4350 -0.3564 -12.2449
X -0.3952 -0.4664 -0.7914
Y -0.4955  0.8337 -0.2438
Z  0.7735  0.2958 -0.5606

PART 35
OFFSET  9.5784 -2.2227 -6.6311
X  0.8537  0.4294 -0.2947
Y -0.5204  0.7250 -0.4512
Z  0.0199  0.5385  0.8424

PART 36
OFFSET  9.5784 -2.2227 -6.6311
X  0.8537  0.4294 -0.2947
Y -0.5204  0.7250 -0.4512
Z  0.0199  0.5385  0.8424

PART 37
OFFSET  14.2970  1.1186 -6.0801
X  0.8539  0.4403 -0.2774
Y -0.5204  0.7250 -0.4512
Z  0.0024  0.5296  0.8482

PART 38
OFFSET  13.1718 -0.2531 -7.6438
X  0.8537  0.4294 -0.2947
Y -0.5204  0.7250 -0.4512
Z  0.0199  0.5385  0.8424

PART 39
OFFSET  32.2003  8.4129 -15.8907
X  0.8537  0.4294 -0.2947
Y -0.5204  0.7250 -0.4512
Z  0.0199  0.5385  0.8424

PART 40
OFFSET  8.8926 -3.7794 -8.3413
X  0.8537  0.4294 -0.2947
Y -0.5204  0.7250 -0.4512
Z  0.0199  0.5385  0.8424

PART 41
OFFSET  31.3608  7.9979 -15.6461
X -0.5204  0.7250 -0.4512
Y -0.8537 -0.4294  0.2947
Z  0.0199  0.5385  0.8424

PART 42
OFFSET  21.5676  2.7958 -11.6119
X -0.3077  0.3337  0.8911
Y -0.7966 -0.6025 -0.0494
Z  0.5204 -0.7250  0.4512

PART 43
OFFSET  21.5676  2.7958 -11.6119
X -0.5204  0.7250 -0.4512
Y -0.8537 -0.4294  0.2947
Z  0.0199  0.5385  0.8424

PART 44
OFFSET  21.0602  2.5696 -12.0327
X -0.5204  0.7250 -0.4512
Y -0.8537 -0.4294  0.2947
Z  0.0199  0.5385  0.8424

PART 45
OFFSET  20.3317  3.5845 -12.6644
X -0.4534  0.3344 -0.8262
Y -0.8537 -0.4294  0.2947
Z -0.2562  0.8389  0.4801

PART 46
OFFSET  29.3994  7.0987 -14.8098
X  0.8537  0.4294 -0.2947
Y -0.5204  0.7250 -0.4512
Z  0.0199  0.5385  0.8424

PART 47
OFFSET  28.0758  7.3976 -15.8884
X  0.9236  0.2294  0.3071
Y  0.2110  0.3647 -0.9069
Z -0.3201  0.9024  0.2884

PART 48
OFFSET -12.3053 -10.2232 -6.1842
X -0.8968  0.4406  0.0404
Y -0.2029 -0.4907  0.8474
Z  0.3932  0.7517  0.5294

PART 49
OFFSET -1.4598 -15.5522 -6.6730
X -0.6719 -0.7405 -0.0115
Y  0.7402 -0.6709 -0.0454
Z  0.0259 -0.0390  0.9989

PART 50
OFFSET  4.2552 -9.2536 -6.5752
X -0.6719 -0.7405 -0.0115
Y  0.4573 -0.4026 -0.7930
Z  0.5826 -0.5381  0.6092

PART 51
OFFSET  4.6871 -7.6854 -7.7237
X -0.6763 -0.7364 -0.0142
Y -0.0347  0.0512 -0.9981
Z  0.7358 -0.6746 -0.0602

PART 52
OFFSET  4.2807 -6.8102 -6.9777
X -0.6763 -0.7364 -0.0142
Y -0.0347  0.0512 -0.9981
Z  0.7358 -0.6746 -0.0602

PART 53
OFFSET  4.4880 -6.8859 -5.6268
X -0.6763 -0.7364 -0.0142
Y -0.0347  0.0512 -0.9981
Z  0.7358 -0.6746 -0.0602

PART 54
OFFSET  6.3150 -6.9833 -6.5400
X -0.7463 -0.6538  0.1245
Y  0.3169 -0.5136 -0.7974
Z  0.5853 -0.5557  0.5905

PART 55
OFFSET  6.1046 -5.9655 -6.0690
X -0.0834 -0.9965 -0.0017
Y  0.3721 -0.0296 -0.9277
Z  0.9245 -0.0780  0.3732

PART 56
OFFSET  6.1961 -3.8078 -5.9936
X -0.5845 -0.5044  0.6356
Y  0.1785 -0.8440 -0.5057
Z  0.7915 -0.1821  0.5834

PART 57
OFFSET  7.0616 -3.0234 -7.1151
X -0.4276  0.2107  0.8791
Y -0.2452 -0.9630  0.1116
Z  0.8701 -0.1678  0.4634

PART 58
OFFSET  7.4883 -3.2272 -8.0889
X -0.9251  0.0649  0.3742
Y -0.3407  0.2940 -0.8930
Z -0.1680 -0.9536 -0.2499

PART 59
OFFSET  7.1676 -6.8677 -7.6185
X -0.6512 -0.4724  0.5939
Y  0.7588 -0.4173  0.5001
Z  0.0116  0.7763  0.6302

PART 60
OFFSET  8.5395 -5.6420 -8.9224
X  0.4267 -0.7283  0.5362
Y  0.8660  0.1582 -0.4744
Z  0.2607  0.6668  0.6982

PART 61
OFFSET  7.9353 -4.6109 -9.6816
X  0.9629 -0.2237 -0.1509
Y  0.0703  0.7477 -0.6603
Z  0.2605  0.6252  0.7357

PART 62
OFFSET  7.0816 -4.4126 -9.5478
X  0.6099  0.4419 -0.6578
Y -0.7500  0.5900 -0.2990
Z  0.2559  0.6757  0.6913

PART 63
OFFSET  6.5021 -4.8324 -8.9229
X -0.0327 -0.8061  0.5909
Y -0.9263  0.2464  0.2849
Z -0.3753 -0.5380 -0.7548

PART 64
OFFSET  7.2029 -6.4602 -7.0335
X -0.6996 -0.5720  0.4283
Y  0.7025 -0.4410  0.5585
Z -0.1306  0.6916  0.7104

PART 65
OFFSET  9.0534 -5.0881 -8.2382
X  0.3972 -0.6648  0.6327
Y  0.8919  0.1173 -0.4367
Z  0.2162  0.7377  0.6395

PART 66
OFFSET  8.3772 -3.9562 -9.3153
X  0.9618 -0.0452 -0.2701
Y -0.1643  0.6937 -0.7013
Z  0.2191  0.7188  0.6598

PART 67
OFFSET  7.0442 -3.8935 -8.9410
X  0.4628  0.5222 -0.7163
Y -0.8605  0.4589 -0.2213
Z  0.2132  0.7188  0.6617

PART 68
OFFSET  6.5423 -4.4599 -8.1641
X  0.1229 -0.6546  0.7459
Y -0.9785  0.0454  0.2010
Z -0.1654 -0.7546 -0.6350

PART 69
OFFSET  3.2545 -9.5681 -5.0311
X -0.6008 -0.6704  0.4355
Y -0.7640  0.3212 -0.5595
Z  0.2352 -0.6689 -0.7051

PART 70
OFFSET  9.2017 -4.2549 -6.2042
X -0.8379 -0.5210  0.1626
Y  0.5182 -0.6658  0.5369
Z -0.1715  0.5341  0.8279

PART 71
OFFSET  10.6769 -3.3375 -6.4905
X  0.1709 -0.7803  0.6016
Y  0.9657  0.2537  0.0548
Z -0.1954  0.5716  0.7970

PART 72
OFFSET  10.4573 -2.3542 -7.1734
X  0.5611 -0.6495  0.5131
Y  0.8115  0.5540 -0.1861
Z -0.1634  0.5208  0.8379

PART 73
OFFSET  9.8235 -1.6205 -7.7530
