// Export filename: `C:\projects\cod\t5\xanim_export\t5_viewmodels\ak47\ak47_masterkey_first_time_pullout.XANIM_EXPORT`
// Source filename: `D:\projects\devanim\t5\animation_assets\viewmodels/ak47/masterkey_set/ak47_masterkey_first_time_pullout.fbx`
// Export time: Wed Oct 28 12:16:12 2009

ANIMATION
VERSION 3

NUMPARTS 85
PART 0 "tag_torso"
PART 1 "J_Shoulder_LE"
PART 2 "J_Elbow_LE"
PART 3 "J_WristTwist_LE"
PART 4 "J_Sleave_Reshape_Bottom_LE_1"
PART 5 "J_Sleave_Reshape_Bottom_LE_2"
PART 6 "J_Sleave_Reshape_Top_LE_1"
PART 7 "J_Sleave_Reshape_Top_LE_2"
PART 8 "J_Sleave_Reshape_Top_LE_3"
PART 9 "J_Wrist_LE"
PART 10 "J_Thumb_LE_0"
PART 11 "J_Thumb_LE_1"
PART 12 "J_Thumb_LE_2"
PART 13 "J_Thumb_LE_3"
PART 14 "J_PinkyPalm_LE"
PART 15 "J_Pinky_LE_0"
PART 16 "J_Pinky_LE_1"
PART 17 "J_Pinky_LE_2"
PART 18 "J_Pinky_LE_3"
PART 19 "J_RingPalm_LE"
PART 20 "J_Ring_LE_0"
PART 21 "J_Ring_LE_1"
PART 22 "J_Ring_LE_2"
PART 23 "J_Ring_LE_3"
PART 24 "J_Webbing_LE"
PART 25 "J_Index_LE_0"
PART 26 "J_Index_LE_1"
PART 27 "J_Index_LE_2"
PART 28 "J_Index_LE_3"
PART 29 "J_Mid_LE_0"
PART 30 "J_Mid_LE_1"
PART 31 "J_Mid_LE_2"
PART 32 "J_Mid_LE_3"
PART 33 "tag_knife_attach"
PART 34 "J_Shoulder_RI"
PART 35 "J_Elbow_RI"
PART 36 "J_WristTwist_RI"
PART 37 "J_Sleave_Reshape_Top_RI_3"
PART 38 "J_Sleave_Reshape_Top_RI_2"
PART 39 "J_Sleave_Reshape_Top_RI_1"
PART 40 "J_Wrist_RI"
PART 41 "J_Thumb_RI_0"
PART 42 "J_Thumb_RI_1"
PART 43 "J_Thumb_RI_2"
PART 44 "J_Thumb_RI_3"
PART 45 "J_PinkyPalm_RI"
PART 46 "J_Pinky_RI_0"
PART 47 "J_Pinky_RI_1"
PART 48 "J_Pinky_RI_2"
PART 49 "J_Pinky_RI_3"
PART 50 "J_RingPalm_RI"
PART 51 "J_Ring_RI_0"
PART 52 "J_Ring_RI_1"
PART 53 "J_Ring_RI_2"
PART 54 "J_Ring_RI_3"
PART 55 "J_Webbing_RI"
PART 56 "J_Index_RI_0"
PART 57 "J_Index_RI_1"
PART 58 "J_Index_RI_2"
PART 59 "J_Index_RI_3"
PART 60 "J_Mid_RI_0"
PART 61 "J_Mid_RI_1"
PART 62 "J_Mid_RI_2"
PART 63 "J_Mid_RI_3"
PART 64 "tag_weapon"
PART 65 "J_Gun"
PART 66 "J_Bolt2"
PART 67 "TAG_CLIP"
PART 68 "TAG_BIG_MAG"
PART 69 "J_Trigger"
PART 70 "tag_mount"
PART 71 "TAG_GRIP"
PART 72 "tag_scope_ir"
PART 73 "TAG_TRILUX"
PART 74 "tag_masterkey"
PART 75 "tag_brass2"
PART 76 "tag_ammo2"
PART 77 "tag_pump2"
PART 78 "TAG_REFLEX"
PART 79 "tag_suppressor"
PART 80 "tag_scope_colt"
PART 81 "tag_cambone"
PART 82 "tag_camera"
PART 83 "tag_gasmask"
PART 84 "tag_ads"

FRAMERATE 30
NUMFRAMES 57

FRAME 50
PART 0
OFFSET -4.6318 -0.0000 -1.3770
X  1.0000 -0.0000  0.0000
Y  0.0000  1.0000  0.0000
Z  0.0000 -0.0000  1.0000

PART 1
OFFSET -0.9407  6.3408 -11.4125
X  0.2760  0.0230 -0.9609
Y  0.7307 -0.6545  0.1942
Z -0.6245 -0.7557 -0.1974

PART 2
OFFSET  2.3970  6.6185 -23.0334
X  0.8576  0.2492 -0.4499
Y  0.4101  0.1966  0.8906
Z  0.3104 -0.9483  0.0664

PART 3
OFFSET  9.6910  8.7383 -26.8604
X  0.8576  0.2492 -0.4499
Y -0.4421  0.8042 -0.3972
Z  0.2628  0.5396  0.7998

PART 4
OFFSET  9.4246  10.8792 -28.2263
X  0.8538  0.2513 -0.4559
Y -0.3201  0.9441 -0.0789
Z  0.4106  0.2133  0.8865

PART 5
OFFSET  10.2573  8.0482 -28.4165
X  0.8538  0.2513 -0.4559
Y -0.3201  0.9441 -0.0789
Z  0.4106  0.2133  0.8865

PART 6
OFFSET  11.0043  11.5817 -26.0171
X  0.8538  0.2513 -0.4559
Y -0.3201  0.9441 -0.0789
Z  0.4106  0.2133  0.8865

PART 7
OFFSET  12.2665  9.2594 -25.8249
X  0.8538  0.2513 -0.4559
Y -0.3201  0.9441 -0.0789
Z  0.4106  0.2133  0.8865

PART 8
OFFSET  11.6456  8.1238 -26.6756
X  0.8538  0.2513 -0.4559
Y -0.3201  0.9441 -0.0789
Z  0.4106  0.2133  0.8865

PART 9
OFFSET  12.3201  9.5023 -28.2398
X  0.6556  0.7507  0.0820
Y -0.6338  0.6060 -0.4808
Z -0.4106  0.2632  0.8730

PART 10
OFFSET  11.8348  10.5329 -28.3084
X -0.0214  0.9311  0.3641
Y -0.7006  0.2459 -0.6699
Z -0.7132 -0.2694  0.6471

PART 11
OFFSET  11.6791  12.5517 -27.5535
X  0.3047  0.9134  0.2700
Y -0.8486  0.3890 -0.3585
Z -0.4325 -0.1199  0.8936

PART 12
OFFSET  12.1731  13.9895 -26.9961
X  0.1175  0.8814  0.4575
Y -0.7982  0.3579 -0.4845
Z -0.5908 -0.3083  0.7456

PART 13
OFFSET  12.2595  14.9347 -26.4755
X  0.3018  0.9224 -0.2411
Y  0.6198 -0.3819 -0.6855
Z -0.7244  0.0575 -0.6870

PART 14
OFFSET  13.4705  9.5419 -27.4792
X  0.7824  0.4366  0.4441
Y -0.5501  0.1503  0.8215
Z  0.2919 -0.8870  0.3578

PART 15
OFFSET  15.1185  10.6704 -26.4328
X -0.2515  0.5632  0.7871
Y -0.9617 -0.0534 -0.2690
Z -0.1094 -0.8246  0.5551

PART 16
OFFSET  14.7624  11.4678 -25.3184
X -0.7557  0.4521  0.4739
Y -0.6476 -0.4072 -0.6441
Z -0.0982 -0.7936  0.6005

PART 17
OFFSET  14.0925  11.8687 -24.8983
X -0.9191  0.3117  0.2409
Y -0.3703 -0.4749 -0.7984
Z -0.1344 -0.8230  0.5519

PART 18
OFFSET  13.2193  12.1648 -24.6694
X  0.9549  0.1787  0.2371
Y  0.2949 -0.6631 -0.6880
Z  0.0343  0.7269 -0.6859

PART 19
OFFSET  13.2508  10.0729 -27.9026
X  0.8161  0.5298  0.2309
Y -0.3957  0.2209  0.8914
Z  0.4213 -0.8188  0.3900

PART 20
OFFSET  15.2735  11.4679 -27.0533
X -0.2638  0.4767  0.8385
Y -0.9576 -0.0249 -0.2871
Z -0.1160 -0.8787  0.4631

PART 21
OFFSET  14.8244  12.2795 -25.6257
X -0.5981  0.4521  0.6617
Y -0.7933 -0.2169 -0.5689
Z -0.1137 -0.8652  0.4884

PART 22
OFFSET  13.9954  12.9061 -24.7086
X -0.8517  0.3337  0.4040
Y -0.5121 -0.3672 -0.7764
Z -0.1108 -0.8682  0.4837

PART 23
OFFSET  13.0717  13.2681 -24.2705
X  0.9849 -0.1064  0.1363
Y  0.0738 -0.4545 -0.8877
Z  0.1564  0.8844 -0.4398

PART 24
OFFSET  13.1147  12.9196 -28.2824
X  0.6253  0.6622  0.4129
Y  0.5583 -0.0099 -0.8296
Z -0.5453  0.7492 -0.3759

PART 25
OFFSET  14.5492  12.7865 -28.6074
X  0.3626  0.3881  0.8473
Y -0.9227  0.0215  0.3850
Z  0.1312 -0.9214  0.3659

PART 26
OFFSET  15.1875  13.4699 -27.1156
X -0.4109  0.1949  0.8906
Y -0.8895 -0.2998 -0.3448
Z  0.1998 -0.9339  0.2966

PART 27
OFFSET  14.6758  13.7635 -26.0510
X -0.6665  0.2131  0.7144
Y -0.7339 -0.3564 -0.5783
Z  0.1314 -0.9097  0.3939

PART 28
OFFSET  13.9230  14.0042 -25.2440
X  0.9164 -0.0035  0.4003
Y  0.3927 -0.1862 -0.9006
Z  0.0777  0.9825 -0.1692

PART 29
OFFSET  15.0932  12.0963 -27.9380
X  0.0627  0.4776  0.8763
Y -0.9948 -0.0405  0.0933
Z  0.0800 -0.8776  0.4726

PART 30
OFFSET  15.2157  13.0293 -26.2261
X -0.4439  0.3701  0.8161
Y -0.8944 -0.2379 -0.3786
Z  0.0540 -0.8980  0.4367

PART 31
OFFSET  14.5673  13.5699 -25.0341
X -0.8970  0.1547  0.4142
Y -0.4414 -0.3667 -0.8189
Z  0.0252 -0.9174  0.3972

PART 32
OFFSET  13.5519  13.7389 -24.5616
X  0.9681  0.1743  0.1801
Y  0.2408 -0.4476 -0.8612
Z -0.0695  0.8771 -0.4753

PART 33
OFFSET  13.8134  11.6119 -26.4280
X  0.3597 -0.8331  0.4202
Y  0.4105 -0.2632 -0.8731
Z  0.8379  0.4865  0.2473

PART 34
OFFSET -7.2604 -4.8127 -5.4071
X -0.5961  0.3969  0.6979
Y  0.1944 -0.7721  0.6051
Z  0.7790  0.4964  0.3831

PART 35
OFFSET -0.0510 -9.6125 -13.8480
X -0.7752 -0.5622  0.2881
Y  0.2840 -0.7175 -0.6361
Z  0.5643 -0.4112  0.7158

PART 36
OFFSET  6.5420 -4.8304 -16.2986
X -0.7752 -0.5622  0.2881
Y  0.3565 -0.7658 -0.5352
Z  0.5216 -0.3122  0.7940

PART 37
OFFSET  6.7821 -2.9996 -17.0734
X -0.7786 -0.5567  0.2897
Y -0.5661  0.4236 -0.7072
Z  0.2710 -0.7146 -0.6449

PART 38
OFFSET  7.1240 -2.3229 -16.1649
X -0.7786 -0.5567  0.2897
Y -0.5661  0.4236 -0.7072
Z  0.2710 -0.7146 -0.6449

PART 39
OFFSET  8.0728 -3.0564 -15.3876
X -0.7786 -0.5567  0.2897
Y -0.5661  0.4236 -0.7072
Z  0.2710 -0.7146 -0.6449

PART 40
OFFSET  8.9184 -3.1067 -17.1818
X -0.1255 -0.9274  0.3524
Y  0.4967 -0.3662 -0.7869
Z  0.8588  0.0763  0.5066

PART 41
OFFSET  8.1430 -2.3675 -16.7891
X  0.5849 -0.8016  0.1238
Y  0.2111  0.0031 -0.9775
Z  0.7831  0.5979  0.1710

PART 42
OFFSET  6.8161 -0.6713 -16.9682
X -0.0519 -0.6013  0.7973
Y  0.6351 -0.6360 -0.4383
Z  0.7707  0.4837  0.4149

PART 43
OFFSET  6.8515  0.2074 -18.3280
X -0.3754  0.0878  0.9227
Y  0.4520 -0.8517  0.2650
Z  0.8092  0.5165  0.2800

PART 44
OFFSET  7.2127  0.1032 -19.3431
X -0.7037 -0.4425  0.5558
Y -0.5332 -0.1882 -0.8248
Z  0.4696 -0.8768 -0.1035

PART 45
OFFSET  9.3831 -2.7295 -18.4250
X -0.1270 -0.6280  0.7678
Y  0.8909  0.2680  0.3666
Z -0.4360  0.7306  0.5255

PART 46
OFFSET  9.4957 -1.2450 -20.1185
X  0.8463 -0.1639  0.5068
Y  0.5045  0.5515 -0.6642
Z -0.1707  0.8179  0.5495

PART 47
OFFSET  8.2975 -1.0130 -20.8361
X  0.8568  0.3961 -0.3300
Y -0.4962  0.4596 -0.7366
Z -0.1401  0.7949  0.5904

PART 48
OFFSET  7.5378 -1.3642 -20.5435
X  0.1095  0.5653 -0.8176
Y -0.9774 -0.0882 -0.1919
Z -0.1806  0.8201  0.5429

PART 49
OFFSET  7.4337 -1.9013 -19.7667
X  0.5559 -0.4956  0.6673
Y -0.8312 -0.3267  0.4498
Z -0.0049 -0.8047 -0.5936

PART 50
OFFSET  9.2005 -2.2715 -17.9088
X -0.1145 -0.7696  0.6282
Y  0.8696  0.2281  0.4380
Z -0.4804  0.5964  0.6431

PART 51
OFFSET  9.5883 -0.3578 -19.6251
X  0.7920 -0.1133  0.6000
Y  0.5544  0.5451 -0.6289
Z -0.2558  0.8307  0.4945

PART 52
OFFSET  8.2400 -0.1649 -20.6466
X  0.7287  0.5030 -0.4648
Y -0.6417  0.2644 -0.7199
Z -0.2392  0.8229  0.5155

PART 53
OFFSET  7.2301 -0.8620 -20.0023
X -0.0590  0.5213 -0.8513
Y -0.9681 -0.2378 -0.0786
Z -0.2434  0.8196  0.5187

PART 54
OFFSET  7.2940 -1.4273 -19.0790
X  0.5894 -0.2509  0.7679
Y -0.7480 -0.5286  0.4013
Z  0.3052 -0.8109 -0.4992

PART 55
OFFSET  8.4363 -6.6160 -14.7784
X  0.0246 -0.7806  0.6246
Y -0.8381 -0.3566 -0.4127
Z  0.5449 -0.5133 -0.6630

PART 56
OFFSET  9.3522  0.8115 -17.7731
X -0.2771 -0.8760  0.3948
Y  0.8748 -0.0601  0.4808
Z -0.3975  0.4786  0.7829

PART 57
OFFSET  9.8402  2.3537 -18.4682
X  0.6937 -0.3474  0.6309
Y  0.5681  0.8024 -0.1828
Z -0.4427  0.4852  0.7540

PART 58
OFFSET  8.9700  2.8055 -19.1894
X  0.8942 -0.0266  0.4468
Y  0.2337  0.8791 -0.4154
Z -0.3817  0.4759  0.7923

PART 59
OFFSET  7.9599  2.8356 -19.6941
X -0.6095 -0.6511  0.4524
Y -0.7239  0.2244 -0.6524
Z  0.3232 -0.7251 -0.6081

PART 60
OFFSET  9.7237  0.3016 -18.6800
X  0.7098 -0.1920  0.6777
Y  0.5947  0.6790 -0.4305
Z -0.3775  0.7086  0.5961

PART 61
OFFSET  8.3371  0.6768 -20.0041
X  0.7863  0.5836 -0.2030
Y -0.4754  0.3614 -0.8022
Z -0.3947  0.7272  0.5615

PART 62
OFFSET  7.1886 -0.1756 -19.7074
X  0.0124  0.5883 -0.8086
Y -0.8980 -0.3492 -0.2678
Z -0.4399  0.7294  0.5239

PART 63
OFFSET  7.1771 -0.8472 -18.7955
X  0.5922 -0.2747  0.7576
Y -0.7261 -0.5897  0.3537
Z  0.3496 -0.7595 -0.5486

PART 64
OFFSET  8.2744  2.4792 -18.4876
X  0.3362  0.7876 -0.5165
Y -0.9067  0.1223 -0.4037
Z -0.2548  0.6040  0.7552

PART 65
OFFSET  8.2744  2.4792 -18.4876
X  0.3362  0.7876 -0.5165
Y -0.9067  0.1223 -0.4037
Z -0.2548  0.6040  0.7552

PART 66
OFFSET  9.7138  8.0495 -19.3352
X  0.3309  0.7997 -0.5009
Y -0.9067  0.1223 -0.4037
Z -0.2616  0.5878  0.7656

PART 67
OFFSET  9.6056  5.9666 -20.4582
X  0.3362  0.7876 -0.5165
Y -0.9067  0.1223 -0.4037
Z -0.2548  0.6040  0.7552

PART 68
OFFSET  9.1024  6.3552 -19.1731
X  0.3362  0.7876 -0.5165
Y -0.9067  0.1223 -0.4037
Z -0.2548  0.6040  0.7552

PART 69
OFFSET  9.3484  3.7373 -20.5186
X  0.3362  0.7876 -0.5165
Y -0.9067  0.1223 -0.4037
Z -0.2548  0.6040  0.7552

PART 70
OFFSET  8.5880  6.6049 -17.9420
X  0.3362  0.7876 -0.5165
Y -0.9067  0.1223 -0.4037
Z -0.2548  0.6040  0.7552

PART 71
OFFSET  11.7024  11.4073 -23.5065
X  0.3362  0.7876 -0.5165
Y -0.9067  0.1223 -0.4037
Z -0.2548  0.6040  0.7552

PART 72
OFFSET  7.6870  4.8901 -16.6382
X  0.3362  0.7876 -0.5165
Y -0.9067  0.1223 -0.4037
Z -0.2548  0.6040  0.7552

PART 73
OFFSET  8.4369  5.8208 -17.8781
X  0.3362  0.7876 -0.5165
Y -0.9067  0.1223 -0.4037
Z -0.2548  0.6040  0.7552

PART 74
OFFSET  12.0662  8.8619 -25.0687
X  0.3362  0.7876 -0.5165
Y -0.9067  0.1223 -0.4037
Z -0.2548  0.6040  0.7552

PART 75
OFFSET  13.6634  13.9680 -26.2753
X  0.1017  0.6489 -0.7541
Y  0.6112 -0.6388 -0.4673
Z -0.7849 -0.4133 -0.4616

PART 76
OFFSET  13.8102  13.9735 -27.4744
X  0.3362  0.7876 -0.5165
Y -0.9067  0.1223 -0.4037
Z -0.2548  0.6040  0.7552

PART 77
OFFSET  15.9929  15.5914 -31.8493
X  0.9067 -0.1223  0.4037
Y  0.3362  0.7876 -0.5165
Z -0.2548  0.6040  0.7552

PART 78
OFFSET  7.7850  5.2467 -16.5925
X  0.3362  0.7876 -0.5165
Y -0.9067  0.1223 -0.4037
Z -0.2548  0.6040  0.7552

PART 79
OFFSET  16.4637  23.3098 -30.5700
X  0.9067 -0.1223  0.4037
Y  0.3362  0.7876 -0.5165
Z -0.2548  0.6040  0.7552

PART 80
OFFSET  8.0337  6.8837 -16.6216
X  0.3362  0.7876 -0.5165
Y -0.9067  0.1223 -0.4037
Z -0.2548  0.6040  0.7552

PART 81
OFFSET  0.0000 -0.0000 -0.0000
X  1.0000 -0.0000  0.0000
Y  0.0000  1.0000  0.0000
Z  0.0000 -0.0000  1.0000

PART 82
OFFSET  0.0000 -0.0000 -0.0000
X  1.0000 -0.0000  0.0000
Y  0.0000  1.0000  0.0000
Z  0.0000 -0.0000  1.0000

PART 83
OFFSET  1.5404 -0.0000  4.1357
X  1.0000 -0.0000  0.0000
Y  0.0000  1.0000  0.0000
Z  0.0000 -0.0000  1.0000

PART 84
OFFSET  0.0000 -0.0000  0.0000
X  1.0000 -0.0000  0.0000
Y  0.0000  1.0000  0.0000
Z  0.0000 -0.0000  1.0000


FRAME 51
PART 0
OFFSET -4.6318 -0.0000 -1.3770
X  1.0000 -0.0000  0.0000
Y  0.0000  1.0000  0.0000
Z  0.0000 -0.0000  1.0000

PART 1
OFFSET -0.9057  6.3260 -11.4183
X  0.2789 -0.0205 -0.9601
Y  0.7987 -0.5500  0.2438
Z -0.5331 -0.8349 -0.1370

PART 2
OFFSET  2.4676  6.0777 -23.0296
X  0.8294  0.3113 -0.4639
Y  0.3734  0.3088  0.8748
Z  0.4156 -0.8987  0.1399

PART 3
OFFSET  9.5221  8.7255 -26.9750
X  0.8294  0.3113 -0.4639
Y -0.5174  0.7411 -0.4278
Z  0.2106  0.5948  0.7758

PART 4
OFFSET  9.0369  10.6561 -28.5061
X  0.8255  0.3125 -0.4700
Y -0.4245  0.8926 -0.1521
Z  0.3720  0.3251  0.8695

PART 5
OFFSET  10.1834  7.9898 -28.4718
X  0.8255  0.3125 -0.4700
Y -0.4245  0.8926 -0.1521
Z  0.3720  0.3251  0.8695

PART 6
OFFSET  10.4917  11.7561 -26.3452
X  0.8255  0.3125 -0.4700
Y -0.4245  0.8926 -0.1521
Z  0.3720  0.3251  0.8695

PART 7
OFFSET  12.0078  9.6141 -25.9713
X  0.8255  0.3125 -0.4700
Y -0.4245  0.8926 -0.1521
Z  0.3720  0.3251  0.8695

PART 8
OFFSET  11.5320  8.3546 -26.7344
X  0.8255  0.3125 -0.4700
Y -0.4245  0.8926 -0.1521
Z  0.3720  0.3251  0.8695

PART 9
OFFSET  12.0648  9.6799 -28.3971
X  0.6317  0.7731  0.0575
Y -0.6560  0.5726 -0.4917
Z -0.4131  0.2729  0.8689

PART 10
OFFSET  11.5462  10.6923 -28.4890
X -0.0489  0.9392  0.3399
Y -0.7125  0.2057 -0.6708
Z -0.7000 -0.2749  0.6591

PART 11
OFFSET  11.3307  12.7243 -27.7858
X  0.2769  0.9294  0.2438
Y -0.8630  0.3522 -0.3622
Z -0.4225 -0.1101  0.8996

PART 12
OFFSET  11.7819  14.1914 -27.2698
X  0.0921  0.8964  0.4335
Y -0.8124  0.3194 -0.4878
Z -0.5757 -0.3072  0.7577

PART 13
OFFSET  11.8414  15.1521 -26.7747
X  0.2704  0.9249 -0.2673
Y  0.6272 -0.3799 -0.6799
Z -0.7304  0.0162 -0.6829

PART 14
OFFSET  13.2182  9.7762 -27.6463
X  0.7709  0.4729  0.4267
Y -0.5492  0.1541  0.8214
Z  0.3227 -0.8675  0.3785

PART 15
OFFSET  14.8360  10.9840 -26.6419
X -0.2642  0.5755  0.7740
Y -0.9612 -0.0911 -0.2603
Z -0.0793 -0.8127  0.5772

PART 16
OFFSET  14.4620  11.7987 -25.5461
X -0.7666  0.4401  0.4675
Y -0.6384 -0.4445 -0.6283
Z -0.0687 -0.7802  0.6218

PART 17
OFFSET  13.7823  12.1889 -25.1316
X -0.9270  0.2885  0.2396
Y -0.3602 -0.5073 -0.7829
Z -0.1043 -0.8120  0.5742

PART 18
OFFSET  12.9016  12.4630 -24.9040
X  0.9503  0.2152  0.2252
Y  0.3114 -0.6712 -0.6726
Z  0.0064  0.7093 -0.7049

PART 19
OFFSET  12.9789  10.2886 -28.0818
X  0.8001  0.5615  0.2110
Y -0.3967  0.2316  0.8882
Z  0.4499 -0.7944  0.4081

PART 20
OFFSET  14.9613  11.7693 -27.2842
X -0.2734  0.4899  0.8278
Y -0.9582 -0.0630 -0.2792
Z -0.0846 -0.8695  0.4866

PART 21
OFFSET  14.4957  12.6033 -25.8748
X -0.6079  0.4500  0.6541
Y -0.7897 -0.2569 -0.5572
Z -0.0827 -0.8553  0.5115

PART 22
OFFSET  13.6532  13.2270 -24.9682
X -0.8593  0.3168  0.4015
Y -0.5052 -0.4036 -0.7628
Z -0.0797 -0.8583  0.5069

PART 23
OFFSET  12.7212  13.5706 -24.5328
X  0.9887 -0.0713  0.1317
Y  0.0825 -0.4750 -0.8761
Z  0.1250  0.8771 -0.4638

PART 24
OFFSET  12.7489  13.1186 -28.5347
X  0.6064  0.6925  0.3908
Y  0.5528 -0.0139 -0.8332
Z -0.5715  0.7213 -0.3912

PART 25
OFFSET  14.1848  13.0228 -28.8668
X  0.3555  0.4217  0.8342
Y -0.9204  0.0022  0.3911
Z  0.1631 -0.9068  0.3889

PART 26
OFFSET  14.8107  13.7652 -27.3981
X -0.4111  0.2050  0.8882
Y -0.8817 -0.3370 -0.3303
Z  0.2316 -0.9189  0.3193

PART 27
OFFSET  14.2968  14.0703 -26.3377
X -0.6683  0.2104  0.7135
Y -0.7258 -0.3947 -0.5634
Z  0.1631 -0.8944  0.4165

PART 28
OFFSET  13.5419  14.3080 -25.5317
X  0.9186  0.0362  0.3934
Y  0.3925 -0.1972 -0.8983
Z  0.0450  0.9797 -0.1954

PART 29
OFFSET  14.7550  12.3681 -28.1836
X  0.0531  0.5023  0.8631
Y -0.9924 -0.0697  0.1017
Z  0.1112 -0.8619  0.4947

PART 30
OFFSET  14.8588  13.3494 -26.4976
X -0.4502  0.3771  0.8094
Y -0.8888 -0.2762 -0.3657
Z  0.0857 -0.8840  0.4595

PART 31
OFFSET  14.2012  13.9002 -25.3153
X -0.8987  0.1368  0.4166
Y -0.4348 -0.4021 -0.8058
Z  0.0573 -0.9053  0.4208

PART 32
OFFSET  13.1840  14.0490 -24.8399
X  0.9632  0.2098  0.1683
Y  0.2494 -0.4622 -0.8510
Z -0.1007  0.8616 -0.4974

PART 33
OFFSET  13.5014  11.8831 -26.6520
X  0.3890 -0.8098  0.4392
Y  0.4130 -0.2728 -0.8689
Z  0.8235  0.5193  0.2283

PART 34
OFFSET -7.2604 -4.8127 -5.4071
X -0.6170  0.3744  0.6922
Y  0.2006 -0.7757  0.5984
Z  0.7610  0.5080  0.4035

PART 35
OFFSET  0.2011 -9.3410 -13.7787
X -0.7727 -0.5709  0.2775
Y  0.2980 -0.7122 -0.6356
Z  0.5605 -0.4084  0.7205

PART 36
OFFSET  6.7733 -4.4852 -16.1387
X -0.7727 -0.5709  0.2775
Y  0.3768 -0.7643 -0.5233
Z  0.5108 -0.2998  0.8057

PART 37
OFFSET  7.0010 -2.6466 -16.9064
X -0.7762 -0.5654  0.2791
Y -0.5624  0.4207 -0.7118
Z  0.2851 -0.7094 -0.6446

PART 38
OFFSET  7.3235 -1.9680 -15.9948
X -0.7762 -0.5654  0.2791
Y -0.5624  0.4207 -0.7118
Z  0.2851 -0.7094 -0.6446

PART 39
OFFSET  8.2793 -2.7069 -15.2106
X -0.7762 -0.5654  0.2791
Y -0.5624  0.4207 -0.7118
Z  0.2851 -0.7094 -0.6446

PART 40
OFFSET  9.1421 -2.7350 -16.9893
X -0.0936 -0.9213  0.3775
Y  0.5030 -0.3710 -0.7806
Z  0.8592  0.1168  0.4981

PART 41
OFFSET  8.3461 -2.0106 -16.6104
X  0.6110 -0.7791  0.1405
Y  0.2046 -0.0161 -0.9787
Z  0.7648  0.6267  0.1496

PART 42
OFFSET  6.9647 -0.3626 -16.8242
X -0.0275 -0.5814  0.8132
Y  0.6522 -0.6269 -0.4261
Z  0.7575  0.5186  0.3965

PART 43
OFFSET  6.9632  0.4805 -18.2067
X -0.3720  0.1003  0.9228
Y  0.4806 -0.8297  0.2839
Z  0.7941  0.5491  0.2605

PART 44
OFFSET  7.3210  0.3610 -19.2214
X -0.6857 -0.4497  0.5724
Y -0.5322 -0.2267 -0.8157
Z  0.4966 -0.8639 -0.0839

PART 45
OFFSET  9.5864 -2.3763 -18.2452
X -0.1020 -0.6112  0.7849
Y  0.8843  0.3057  0.3529
Z -0.4557  0.7301  0.5093

PART 46
OFFSET  9.6406 -0.9342 -19.9779
X  0.8544 -0.1235  0.5047
Y  0.4824  0.5495 -0.6821
Z -0.1931  0.8263  0.5291

PART 47
OFFSET  8.4310 -0.7593 -20.6926
X  0.8416  0.4142 -0.3465
Y -0.5153  0.4240 -0.7447
Z -0.1616  0.8054  0.5704

PART 48
OFFSET  7.6848 -1.1266 -20.3853
X  0.0862  0.5467 -0.8329
Y -0.9753 -0.1242 -0.1824
Z -0.2032  0.8281  0.5225

PART 49
OFFSET  7.6029 -1.6460 -19.5940
X  0.5758 -0.4599  0.6760
Y -0.8174 -0.3409  0.4643
Z  0.0169 -0.8199 -0.5723

PART 50
OFFSET  9.3927 -1.9107 -17.7399
X -0.0858 -0.7560  0.6490
Y  0.8647  0.2671  0.4255
Z -0.4950  0.5977  0.6307

PART 51
OFFSET  9.7082 -0.0317 -19.5086
X  0.7990 -0.0722  0.5969
Y  0.5327  0.5455 -0.6470
Z -0.2789  0.8350  0.4744

PART 52
OFFSET  8.3478  0.0913 -20.5249
X  0.7093  0.5133 -0.4832
Y -0.6545  0.2248 -0.7219
Z -0.2619  0.8282  0.4954

PART 53
OFFSET  7.3648 -0.6202 -19.8553
X -0.0811  0.4965 -0.8643
Y -0.9605 -0.2704 -0.0652
Z -0.2661  0.8249  0.4988

PART 54
OFFSET  7.4527 -1.1586 -18.9179
X  0.6020 -0.2117  0.7699
Y -0.7282 -0.5413  0.4205
Z  0.3277 -0.8138 -0.4800

PART 55
OFFSET  8.7878 -6.1929 -14.4910
X  0.0535 -0.7626  0.6446
Y -0.8290 -0.3938 -0.3971
Z  0.5567 -0.5132 -0.6533

PART 56
OFFSET  9.4469  1.1780 -17.6863
X -0.2465 -0.8736  0.4196
Y  0.8793 -0.0196  0.4758
Z -0.4074  0.4863  0.7730

PART 57
OFFSET  9.8810  2.7159 -18.4252
X  0.7085 -0.3085  0.6347
Y  0.5411  0.8149 -0.2079
Z -0.4531  0.4907  0.7442

PART 58
OFFSET  8.9922  3.1208 -19.1517
X  0.8975  0.0135  0.4408
Y  0.2029  0.8748 -0.4400
Z -0.3916  0.4843  0.7824

PART 59
OFFSET  7.9785  3.1055 -19.6496
X -0.5855 -0.6579  0.4737
Y -0.7349  0.1840 -0.6527
Z  0.3422 -0.7303 -0.5912

PART 60
OFFSET  9.8285  0.6563 -18.5823
X  0.7199 -0.1514  0.6773
Y  0.5700  0.6859 -0.4524
Z -0.3961  0.7118  0.5801

PART 61
OFFSET  8.4221  0.9522 -19.9055
X  0.7659  0.6026 -0.2240
Y -0.4918  0.3248 -0.8079
Z -0.4141  0.7289  0.5451

PART 62
OFFSET  7.3034  0.0719 -19.5783
X -0.0116  0.5668 -0.8238
Y -0.8881 -0.3844 -0.2520
Z -0.4595  0.7287  0.5078

PART 63
OFFSET  7.3192 -0.5755 -18.6491
X  0.6055 -0.2357  0.7602
Y -0.7046 -0.6029  0.3743
Z  0.3701 -0.7622 -0.5311

PART 64
OFFSET  8.3108  2.7903 -18.4353
X  0.3073  0.7840 -0.5393
Y -0.9128  0.0826 -0.4000
Z -0.2691  0.6152  0.7410

PART 65
OFFSET  8.3108  2.7903 -18.4353
X  0.3073  0.7840 -0.5393
Y -0.9128  0.0826 -0.4000
Z -0.2691  0.6152  0.7410

PART 66
OFFSET  9.5650  8.3795 -19.4386
X  0.3018  0.7964 -0.5241
Y -0.9128  0.0826 -0.4000
Z -0.2753  0.5991  0.7519

PART 67
OFFSET  9.5165  6.2654 -20.5059
X  0.3073  0.7840 -0.5393
Y -0.9128  0.0826 -0.4000
Z -0.2691  0.6152  0.7410

PART 68
OFFSET  9.0095  6.6714 -19.2277
X  0.3073  0.7840 -0.5393
Y -0.9128  0.0826 -0.4000
Z -0.2691  0.6152  0.7410

PART 69
OFFSET  9.3305  4.0282 -20.5062
X  0.3073  0.7840 -0.5393
Y -0.9128  0.0826 -0.4000
Z -0.2691  0.6152  0.7410

PART 70
OFFSET  8.4953  6.9368 -17.9999
X  0.3073  0.7840 -0.5393
Y -0.9128  0.0826 -0.4000
Z -0.2691  0.6152  0.7410

PART 71
OFFSET  11.4173  11.6881 -23.7107
X  0.3073  0.7840 -0.5393
Y -0.9128  0.0826 -0.4000
Z -0.2691  0.6152  0.7410

PART 72
OFFSET  7.6585  5.2291 -16.6451
X  0.3073  0.7840 -0.5393
Y -0.9128  0.0826 -0.4000
Z -0.2691  0.6152  0.7410

PART 73
OFFSET  8.3699  6.1503 -17.9144
X  0.3073  0.7840 -0.5393
Y -0.9128  0.0826 -0.4000
Z -0.2691  0.6152  0.7410

PART 74
OFFSET  11.8524  9.1154 -25.2086
X  0.3073  0.7840 -0.5393
Y -0.9128  0.0826 -0.4000
Z -0.2691  0.6152  0.7410

PART 75
OFFSET  13.2768  14.2363 -26.5598
X  0.0759  0.6317 -0.7715
Y  0.6283 -0.6311 -0.4549
Z -0.7743 -0.4502 -0.4448

PART 76
OFFSET  13.4156  14.2150 -27.7597
X  0.3073  0.7840 -0.5393
Y -0.9128  0.0826 -0.4000
Z -0.2691  0.6152  0.7410

PART 77
OFFSET  15.5164  15.7861 -32.1913
X  0.9128 -0.0826  0.4000
Y  0.3073  0.7840 -0.5393
Z -0.2691  0.6152  0.7410

PART 78
OFFSET  7.7452  5.5897 -16.6095
X  0.3073  0.7840 -0.5393
Y -0.9128  0.0826 -0.4000
Z -0.2691  0.6152  0.7410

PART 79
OFFSET  15.7475  23.5465 -31.1174
X  0.9128 -0.0826  0.4000
Y  0.3073  0.7840 -0.5393
Z -0.2691  0.6152  0.7410

PART 80
OFFSET  7.9411  7.2325 -16.6831
X  0.3073  0.7840 -0.5393
Y -0.9128  0.0826 -0.4000
Z -0.2691  0.6152  0.7410

PART 81
OFFSET  0.0000 -0.0000 -0.0000
X  1.0000 -0.0000  0.0000
Y  0.0000  1.0000  0.0000
Z  0.0000 -0.0000  1.0000

PART 82
OFFSET  0.0000 -0.0000 -0.0000
X  1.0000 -0.0003  0.0008
Y  0.0003  1.0000 -0.0001
Z -0.0008  0.0001  1.0000

PART 83
OFFSET  1.5369  0.0000  4.1370
X  1.0000 -0.0003  0.0008
Y  0.0003  1.0000 -0.0001
Z -0.0008  0.0001  1.0000

PART 84
OFFSET  0.0000 -0.0000  0.0000
X  1.0000 -0.0000  0.0000
Y  0.0000  1.0000  0.0000
Z  0.0000 -0.0000  1.0000


FRAME 52
PART 0
OFFSET -4.6318 -0.0000 -1.3770
X  1.0000 -0.0000  0.0000
Y  0.0000  1.0000  0.0000
Z  0.0000 -0.0000  1.0000

PART 1
OFFSET -0.8070  6.2842 -11.4348
X  0.2844 -0.0879 -0.9547
Y  0.8522 -0.4329  0.2938
Z -0.4391 -0.8971 -0.0483

PART 2
OFFSET  2.6328  5.2215 -22.9804
X  0.8203  0.3881 -0.4201
Y  0.2600  0.4011  0.8784
Z  0.5094 -0.8297  0.2281

PART 3
OFFSET  9.6098  8.5229 -26.5533
X  0.8203  0.3881 -0.4201
Y -0.5582  0.7032 -0.4403
Z  0.1245  0.5957  0.7935

PART 4
OFFSET  9.0283  10.2495 -28.2380
X  0.8168  0.3885 -0.4266
Y -0.5165  0.8218 -0.2405
Z  0.2571  0.4168  0.8719

PART 5
OFFSET  10.4761  7.7960 -27.9465
X  0.8168  0.3885 -0.4266
Y -0.5165  0.8218 -0.2405
Z  0.2571  0.4168  0.8719

PART 6
OFFSET  10.1470  11.6819 -26.0501
X  0.8168  0.3885 -0.4266
Y -0.5165  0.8218 -0.2405
Z  0.2571  0.4168  0.8719

PART 7
OFFSET  11.8780  9.7728 -25.4272
X  0.8168  0.3885 -0.4266
Y -0.5165  0.8218 -0.2405
Z  0.2571  0.4168  0.8719

PART 8
OFFSET  11.6239  8.4236 -26.1399
X  0.8168  0.3885 -0.4266
Y -0.5165  0.8218 -0.2405
Z  0.2571  0.4168  0.8719

PART 9
OFFSET  12.1245  9.7128 -27.8411
X  0.6337  0.7707  0.0672
Y -0.6511  0.5782 -0.4917
Z -0.4178  0.2678  0.8682

PART 10
OFFSET  11.6097  10.7274 -27.9289
X -0.0481  0.9369  0.3464
Y -0.7076  0.2128 -0.6738
Z -0.7050 -0.2775  0.6526

PART 11
OFFSET  11.3960  12.7549 -27.2123
X  0.2783  0.9267  0.2524
Y -0.8596  0.3575 -0.3651
Z -0.4286 -0.1153  0.8961

PART 12
OFFSET  11.8486  14.2168 -26.6828
X  0.0922  0.8930  0.4406
Y -0.8083  0.3255 -0.4906
Z -0.5815 -0.3109  0.7518

PART 13
OFFSET  11.9078  15.1737 -26.1803
X  0.2750  0.9260 -0.2588
Y  0.6304 -0.3769 -0.6786
Z -0.7259  0.0235 -0.6874

PART 14
OFFSET  13.2735  9.7999 -27.0823
X  0.7696  0.4674  0.4351
Y -0.5539  0.1497  0.8190
Z  0.3176 -0.8713  0.3741

PART 15
OFFSET  14.8884  10.9953 -26.0588
X -0.2672  0.5707  0.7765
Y -0.9598 -0.0862 -0.2670
Z -0.0855 -0.8166  0.5708

PART 16
OFFSET  14.5101  11.8032 -24.9595
X -0.7681  0.4392  0.4659
Y -0.6359 -0.4379 -0.6356
Z -0.0751 -0.7844  0.6156

PART 17
OFFSET  13.8290  12.1927 -24.5464
X -0.9276  0.2897  0.2358
Y -0.3569 -0.5005 -0.7888
Z -0.1105 -0.8158  0.5676

PART 18
OFFSET  12.9478  12.4679 -24.3224
X  0.9495  0.2106  0.2327
Y  0.3135 -0.6674 -0.6755
Z  0.0131  0.7144 -0.6997

PART 19
OFFSET  13.0385  10.3163 -27.5155
X  0.8005  0.5574  0.2202
Y -0.4017  0.2264  0.8874
Z  0.4448 -0.7988  0.4051

PART 20
OFFSET  15.0203  11.7849 -26.6945
X -0.2772  0.4846  0.8297
Y -0.9566 -0.0579 -0.2858
Z -0.0905 -0.8728  0.4796

PART 21
OFFSET  14.5484  12.6099 -25.2820
X -0.6107  0.4471  0.6536
Y -0.7869 -0.2503 -0.5640
Z -0.0886 -0.8588  0.5047

PART 22
OFFSET  13.7021  13.2296 -24.3762
X -0.8609  0.3166  0.3983
Y -0.5016 -0.3964 -0.7690
Z -0.0856 -0.8618  0.5000

PART 23
OFFSET  12.7684  13.5729 -23.9442
X  0.9876 -0.0754  0.1375
Y  0.0866 -0.4688 -0.8791
Z  0.1307  0.8801 -0.4565

PART 24
OFFSET  12.8202  13.1502 -27.9494
X  0.6060  0.6877  0.3997
Y  0.5581 -0.0095 -0.8297
Z -0.5668  0.7259 -0.3896

PART 25
OFFSET  14.2579  13.0523 -28.2728
X  0.3514  0.4144  0.8395
Y -0.9228  0.0023  0.3852
Z  0.1577 -0.9101  0.3833

PART 26
OFFSET  14.8767  13.7820 -26.7948
X -0.4162  0.1999  0.8870
Y -0.8806 -0.3318 -0.3384
Z  0.2267 -0.9219  0.3141

PART 27
OFFSET  14.3570  14.0810 -25.7355
X -0.6722  0.2073  0.7108
Y -0.7234 -0.3883 -0.5709
Z  0.1576 -0.8979  0.4110

PART 28
OFFSET  13.5977  14.3152 -24.9327
X  0.9162  0.0305  0.3996
Y  0.3977 -0.1919 -0.8972
Z  0.0493  0.9809 -0.1879

PART 29
OFFSET  14.8217  12.3909 -27.5909
X  0.0492  0.4958  0.8670
Y -0.9932 -0.0673  0.0948
Z  0.1054 -0.8658  0.4891

PART 30
OFFSET  14.9178  13.3594 -25.8970
X -0.4542  0.3726  0.8092
Y -0.8873 -0.2708 -0.3733
Z  0.0800 -0.8876  0.4536

PART 31
OFFSET  14.2543  13.9037 -24.7150
X -0.9009  0.1366  0.4119
Y -0.4309 -0.3948 -0.8115
Z  0.0517 -0.9085  0.4146

PART 32
OFFSET  13.2346  14.0523 -24.2451
X  0.9627  0.2055  0.1760
Y  0.2534 -0.4567 -0.8528
Z -0.0948  0.8655 -0.4918

PART 33
OFFSET  13.5567  11.8989 -26.0710
X  0.3836 -0.8142  0.4357
Y  0.4177 -0.2678 -0.8682
Z  0.8236  0.5151  0.2373

PART 34
OFFSET -7.2604 -4.8127 -5.4071
X -0.6178  0.3959  0.6794
Y  0.1855 -0.7663  0.6152
Z  0.7642  0.5061  0.3999

PART 35
OFFSET  0.2108 -9.6005 -13.6242
X -0.7674 -0.5894  0.2522
Y  0.3309 -0.7011 -0.6316
Z  0.5491 -0.4013  0.7331

PART 36
OFFSET  6.7381 -4.5870 -15.7693
X -0.7674 -0.5894  0.2522
Y  0.3884 -0.7404 -0.5486
Z  0.5101 -0.3231  0.7971

PART 37
OFFSET  6.9548 -2.7459 -16.5110
X -0.7711 -0.5840  0.2537
Y -0.5516  0.4135 -0.7244
Z  0.3182 -0.6985 -0.6410

PART 38
OFFSET  7.2448 -2.0729 -15.5773
X -0.7711 -0.5840  0.2537
Y -0.5516  0.4135 -0.7244
Z  0.3182 -0.6985 -0.6410

PART 39
OFFSET  8.1691 -2.7626 -14.7700
X -0.7711 -0.5840  0.2537
Y -0.5516  0.4135 -0.7244
Z  0.3182 -0.6985 -0.6410

PART 40
OFFSET  9.0908 -2.7799 -16.5425
X -0.0979 -0.9241  0.3694
Y  0.5069 -0.3657 -0.7806
Z  0.8564  0.1108  0.5043

PART 41
OFFSET  8.2940 -2.0568 -16.1625
X  0.6084 -0.7816  0.1379
Y  0.2105 -0.0086 -0.9776
Z  0.7652  0.6238  0.1593

PART 42
OFFSET  6.9175 -0.4041 -16.3713
X -0.0337 -0.5879  0.8082
Y  0.6534 -0.6249 -0.4273
Z  0.7562  0.5137  0.4052

PART 43
OFFSET  6.9263  0.4502 -17.7469
X -0.3774  0.0936  0.9213
Y  0.4771 -0.8331  0.2800
Z  0.7937  0.5452  0.2697

PART 44
OFFSET  7.2900  0.3382 -18.7603
X -0.6901 -0.4528  0.5645
Y -0.5278 -0.2189 -0.8207
Z  0.4952 -0.8643 -0.0879

PART 45
OFFSET  9.5434 -2.4119 -17.7929
X -0.1081 -0.6173  0.7793
Y  0.8828  0.3008  0.3607
Z -0.4571  0.7269  0.5125

PART 46
OFFSET  9.6113 -0.9560 -19.5133
X  0.8511 -0.1295  0.5089
Y  0.4877  0.5539 -0.6747
Z -0.1945  0.8224  0.5346

PART 47
OFFSET  8.4064 -0.7725 -20.2338
X  0.8446  0.4151 -0.3380
Y -0.5099  0.4312 -0.7444
Z -0.1633  0.8011  0.5759

PART 48
OFFSET  7.6575 -1.1406 -19.9340
X  0.0924  0.5533 -0.8279
Y -0.9745 -0.1205 -0.1893
Z -0.2045  0.8243  0.5280

PART 49
OFFSET  7.5697 -1.6662 -19.1475
X  0.5706 -0.4667  0.6757
Y -0.8210 -0.3428  0.4565
Z  0.0186 -0.8153 -0.5788

PART 50
OFFSET  9.3476 -1.9502 -17.2849
X -0.0914 -0.7610  0.6423
Y  0.8627  0.2616  0.4328
Z -0.4975  0.5936  0.6326

PART 51
OFFSET  9.6778 -0.0574 -19.0362
X  0.7952 -0.0789  0.6011
Y  0.5378  0.5496 -0.6393
Z -0.2799  0.8317  0.4795

PART 52
OFFSET  8.3240  0.0769 -20.0596
X  0.7133  0.5156 -0.4747
Y -0.6496  0.2322 -0.7240
Z -0.2631  0.8247  0.5006

PART 53
OFFSET  7.3353 -0.6377 -19.4017
X -0.0747  0.5037 -0.8607
Y -0.9607 -0.2677 -0.0732
Z -0.2673  0.8214  0.5039

PART 54
OFFSET  7.4164 -1.1839 -18.4683
X  0.5969 -0.2193  0.7718
Y -0.7319 -0.5430  0.4117
Z  0.3288 -0.8106 -0.4846

PART 55
OFFSET  8.7137 -6.2574 -14.0748
X  0.0479 -0.7680  0.6387
Y -0.8274 -0.3887 -0.4053
Z  0.5595 -0.5091 -0.6541

PART 56
OFFSET  9.4083  1.1379 -17.2057
X -0.2510 -0.8764  0.4110
Y  0.8764 -0.0254  0.4809
Z -0.4110  0.4809  0.7744

PART 57
OFFSET  9.8502  2.6809 -17.9294
X  0.7039 -0.3152  0.6365
Y  0.5441  0.8153 -0.1980
Z -0.4565  0.4857  0.7455

PART 58
OFFSET  8.9668  3.0936 -18.6578
X  0.8948  0.0079  0.4463
Y  0.2075  0.8779 -0.4316
Z -0.3953  0.4788  0.7839

PART 59
OFFSET  7.9560  3.0847 -19.1619
X -0.5898 -0.6604  0.4648
Y -0.7305  0.1910 -0.6556
Z  0.3442 -0.7263 -0.5951

PART 60
OFFSET  9.7942  0.6227 -18.1036
X  0.7155 -0.1586  0.6804
Y  0.5742  0.6882 -0.4434
Z -0.3980  0.7079  0.5835

PART 61
OFFSET  8.3965  0.9324 -19.4329
X  0.7686  0.6027 -0.2145
Y -0.4862  0.3325 -0.8081
Z -0.4158  0.7254  0.5486

PART 62
OFFSET  7.2739  0.0520 -19.1196
X -0.0053  0.5735 -0.8192
Y -0.8874 -0.3803 -0.2605
Z -0.4610  0.7256  0.5110

PART 63
OFFSET  7.2826 -0.6029 -18.1956
X  0.6004 -0.2432  0.7619
Y -0.7082 -0.6043  0.3651
Z  0.3716 -0.7587 -0.5350

PART 64
OFFSET  8.2854  2.7628 -17.9541
X  0.3132  0.7870 -0.5316
Y -0.9099  0.0884 -0.4052
Z -0.2719  0.6106  0.7438

PART 65
OFFSET  8.2854  2.7628 -17.9541
X  0.3132  0.7870 -0.5316
Y -0.9099  0.0884 -0.4052
Z -0.2719  0.6106  0.7438

PART 66
OFFSET  9.5634  8.3551 -18.9085
X  0.3076  0.7993 -0.5163
Y -0.9099  0.0884 -0.4052
Z -0.2782  0.5944  0.7545

PART 67
OFFSET  9.5151  6.2490 -19.9915
X  0.3132  0.7870 -0.5316
Y -0.9099  0.0884 -0.4052
Z -0.2719  0.6106  0.7438

PART 68
OFFSET  9.0012  6.6474 -18.7136
X  0.3132  0.7870 -0.5316
Y -0.9099  0.0884 -0.4052
Z -0.2719  0.6106  0.7438

PART 69
OFFSET  9.3222  4.0125 -20.0094
X  0.3132  0.7870 -0.5316
Y -0.9099  0.0884 -0.4052
Z -0.2719  0.6106  0.7438

PART 70
OFFSET  8.4801  6.9054 -17.4872
X  0.3132  0.7870 -0.5316
Y -0.9099  0.0884 -0.4052
Z -0.2719  0.6106  0.7438

PART 71
OFFSET  11.4534  11.6889 -23.1444
X  0.3132  0.7870 -0.5316
Y -0.9099  0.0884 -0.4052
Z -0.2719  0.6106  0.7438

PART 72
OFFSET  7.6292  5.1905 -16.1503
X  0.3132  0.7870 -0.5316
Y -0.9099  0.0884 -0.4052
Z -0.2719  0.6106  0.7438

PART 73
OFFSET  8.3517  6.1186 -17.4083
X  0.3132  0.7870 -0.5316
Y -0.9099  0.0884 -0.4052
Z -0.2719  0.6106  0.7438

PART 74
OFFSET  11.8900  9.1257 -24.6582
X  0.3132  0.7870 -0.5316
Y -0.9099  0.0884 -0.4052
Z -0.2719  0.6106  0.7438

PART 75
OFFSET  13.3390  14.2519 -25.9630
X  0.0828  0.6371 -0.7663
Y  0.6292 -0.6297 -0.4555
Z -0.7728 -0.4445 -0.4530

PART 76
OFFSET  13.4854  14.2389 -27.1620
X  0.3132  0.7870 -0.5316
Y -0.9099  0.0884 -0.4052
Z -0.2719  0.6106  0.7438

PART 77
OFFSET  15.6194  15.8354 -31.5686
X  0.9099 -0.0884  0.4052
Y  0.3132  0.7870 -0.5316
Z -0.2719  0.6106  0.7438

PART 78
OFFSET  7.7169  5.5506 -16.1115
X  0.3132  0.7870 -0.5316
Y -0.9099  0.0884 -0.4052
Z -0.2719  0.6106  0.7438

PART 79
OFFSET  15.8678  23.5871 -30.4366
X  0.9099 -0.0884  0.4052
Y  0.3132  0.7870 -0.5316
Z -0.2719  0.6106  0.7438

PART 80
OFFSET  7.9183  7.1932 -16.1719
X  0.3132  0.7870 -0.5316
Y -0.9099  0.0884 -0.4052
Z -0.2719  0.6106  0.7438

PART 81
OFFSET  0.0000 -0.0000 -0.0000
X  1.0000 -0.0000  0.0000
Y  0.0000  1.0000  0.0000
Z  0.0000 -0.0000  1.0000

PART 82
OFFSET  0.0000 -0.0000 -0.0000
X  1.0000 -0.0012  0.0030
Y  0.0012  1.0000 -0.0005
Z -0.0030  0.0005  1.0000

PART 83
OFFSET  1.5282 -0.0000  4.1403
X  1.0000 -0.0012  0.0030
Y  0.0012  1.0000 -0.0005
Z -0.0030  0.0005  1.0000

PART 84
OFFSET  0.0000 -0.0000  0.0000
X  1.0000 -0.0000  0.0000
Y  0.0000  1.0000  0.0000
Z  0.0000 -0.0000  1.0000


FRAME 53
PART 0
OFFSET -4.6318 -0.0000 -1.3770
X  1.0000 -0.0000  0.0000
Y  0.0000  1.0000  0.0000
Z  0.0000 -0.0000  1.0000

PART 1
OFFSET -0.6537  6.2193 -11.4604
X  0.2996 -0.1656 -0.9396
Y  0.8752 -0.3443  0.3398
Z -0.3798 -0.9241  0.0418

PART 2
OFFSET  2.9703  4.2162 -22.8233
X  0.8221  0.4653 -0.3281
Y  0.1058  0.4414  0.8911
Z  0.5594 -0.7673  0.3137

PART 3
OFFSET  9.9629  8.1734 -25.6136
X  0.8221  0.4653 -0.3281
Y -0.5688  0.6955 -0.4391
Z  0.0239  0.5476  0.8364

PART 4
OFFSET  9.4308  9.7750 -27.4069
X  0.8194  0.4651 -0.3349
Y -0.5640  0.7584 -0.3266
Z  0.1021  0.4565  0.8838

PART 5
OFFSET  11.0664  7.5181 -26.8679
X  0.8194  0.4651 -0.3349
Y -0.5640  0.7584 -0.3266
Z  0.1021  0.4565  0.8838

PART 6
OFFSET  10.1063  11.3797 -25.1440
X  0.8194  0.4651 -0.3349
Y -0.5640  0.7584 -0.3266
Z  0.1021  0.4565  0.8838

PART 7
OFFSET  11.9328  9.6746 -24.2567
X  0.8194  0.4651 -0.3349
Y -0.5640  0.7584 -0.3266
Z  0.1021  0.4565  0.8838

PART 8
OFFSET  11.9094  8.2943 -24.9535
X  0.8194  0.4651 -0.3349
Y -0.5640  0.7584 -0.3266
Z  0.1021  0.4565  0.8838

PART 9
OFFSET  12.4834  9.5997 -26.6193
X  0.6593  0.7440  0.1086
Y -0.6201  0.6196 -0.4812
Z -0.4253  0.2499  0.8699

PART 10
OFFSET  12.0069  10.6350 -26.6776
X -0.0216  0.9242  0.3812
Y -0.6859  0.2637 -0.6783
Z -0.7274 -0.2761  0.6282

PART 11
OFFSET  11.8512  12.6404 -25.8877
X  0.3060  0.9058  0.2930
Y -0.8388  0.4021 -0.3671
Z -0.4503 -0.1334  0.8828

PART 12
OFFSET  12.3448  14.0638 -25.2940
X  0.1151  0.8718  0.4762
Y -0.7862  0.3729 -0.4927
Z -0.6072 -0.3177  0.7283

PART 13
OFFSET  12.4281  14.9983 -24.7541
X  0.3129  0.9245 -0.2179
Y  0.6300 -0.3737 -0.6808
Z -0.7107  0.0758 -0.6994

PART 14
OFFSET  13.6193  9.6163 -25.8364
X  0.7769  0.4223  0.4670
Y -0.5645  0.1387  0.8137
Z  0.2789 -0.8958  0.3461

PART 15
OFFSET  15.2549  10.7127 -24.7377
X -0.2622  0.5503  0.7927
Y -0.9568 -0.0411 -0.2879
Z -0.1259 -0.8339  0.5373

PART 16
OFFSET  14.8838  11.4919 -23.6154
X -0.7611  0.4490  0.4681
Y -0.6383 -0.3902 -0.6636
Z -0.1153 -0.8038  0.5836

PART 17
OFFSET  14.2089  11.8900 -23.2004
X -0.9212  0.3142  0.2295
Y -0.3587 -0.4570 -0.8139
Z -0.1508 -0.8321  0.5337

PART 18
OFFSET  13.3338  12.1884 -22.9824
X  0.9516  0.1669  0.2582
Y  0.3030 -0.6524 -0.6947
Z  0.0525  0.7393 -0.6713

PART 19
OFFSET  13.4115  10.1569 -26.2537
X  0.8153  0.5193  0.2563
Y -0.4111  0.2072  0.8878
Z  0.4079 -0.8291  0.3823

PART 20
OFFSET  15.4276  11.5204 -25.3400
X -0.2763  0.4626  0.8424
Y -0.9521 -0.0122 -0.3055
Z -0.1311 -0.8865  0.4439

PART 21
OFFSET  14.9572  12.3080 -23.9059
X -0.6073  0.4440  0.6588
Y -0.7839 -0.2000 -0.5878
Z -0.1292 -0.8734  0.4695

PART 22
OFFSET  14.1155  12.9233 -22.9928
X -0.8568  0.3324  0.3941
Y -0.4999 -0.3485 -0.7929
Z -0.1262 -0.8764  0.4648

PART 23
OFFSET  13.1862  13.2838 -22.5653
X  0.9814 -0.1164  0.1529
Y  0.0874 -0.4380 -0.8947
Z  0.1711  0.8914 -0.4197

PART 24
OFFSET  13.3031  13.0112 -26.5824
X  0.6220  0.6496  0.4371
Y  0.5739  0.0015 -0.8189
Z -0.5326  0.7602 -0.3719

PART 25
OFFSET  14.7426  12.8733 -26.8824
X  0.3491  0.3694  0.8612
Y -0.9297  0.0213  0.3677
Z  0.1175 -0.9290  0.3509

PART 26
OFFSET  15.3572  13.5238 -25.3662
X -0.4265  0.1812  0.8862
Y -0.8849 -0.2866 -0.3672
Z  0.1874 -0.9408  0.2826

PART 27
OFFSET  14.8273  13.8013 -24.3061
X -0.6785  0.2046  0.7056
Y -0.7252 -0.3399 -0.5988
Z  0.1173 -0.9179  0.3790

PART 28
OFFSET  14.0610  14.0324 -23.5091
X  0.9085 -0.0180  0.4175
Y  0.4085 -0.1722 -0.8964
Z  0.0880  0.9849 -0.1491

PART 29
OFFSET  15.2687  12.1666 -26.2160
X  0.0494  0.4606  0.8862
Y -0.9967 -0.0347  0.0736
Z  0.0647 -0.8869  0.4574

PART 30
OFFSET  15.3652  13.0664 -24.4847
X -0.4568  0.3581  0.8143
Y -0.8887 -0.2240 -0.4000
Z  0.0392 -0.9064  0.4206

PART 31
OFFSET  14.6980  13.5894 -23.2953
X -0.9036  0.1537  0.3999
Y -0.4283 -0.3480 -0.8339
Z  0.0110 -0.9248  0.3802

PART 32
OFFSET  13.6751  13.7572 -22.8390
X  0.9657  0.1636  0.2017
Y  0.2540 -0.4331 -0.8648
Z -0.0541  0.8864 -0.4598

PART 33
OFFSET  13.9568  11.6639 -24.7400
X  0.3456 -0.8435  0.4112
Y  0.4252 -0.2499 -0.8699
Z  0.8365  0.4755  0.2723

PART 34
OFFSET -7.2604 -4.8127 -5.4071
X -0.6008  0.4540  0.6580
Y  0.1516 -0.7435  0.6513
Z  0.7849  0.4910  0.3779

PART 35
OFFSET  0.0052 -10.3027 -13.3653
X -0.7584 -0.6149  0.2163
Y  0.3787 -0.6858 -0.6215
Z  0.5305 -0.3894  0.7530

PART 36
OFFSET  6.4555 -5.0730 -15.2053
X -0.7584 -0.6149  0.2163
Y  0.3929 -0.6960 -0.6010
Z  0.5201 -0.3708  0.7694

PART 37
OFFSET  6.6556 -3.2317 -15.9196
X -0.7622 -0.6096  0.2177
Y -0.5337  0.4014 -0.7443
Z  0.3663 -0.6836 -0.6313

PART 38
OFFSET  6.9002 -2.5695 -14.9548
X -0.7622 -0.6096  0.2177
Y -0.5337  0.4014 -0.7443
Z  0.3663 -0.6836 -0.6313

PART 39
OFFSET  7.7721 -3.1876 -14.1135
X -0.7622 -0.6096  0.2177
Y -0.5337  0.4014 -0.7443
Z  0.3663 -0.6836 -0.6313

PART 40
OFFSET  8.7804 -3.1879 -15.8686
X -0.1397 -0.9329  0.3319
Y  0.5089 -0.3552 -0.7841
Z  0.8494  0.0594  0.5243

PART 41
OFFSET  8.0034 -2.4499 -15.4765
X  0.5760 -0.8087  0.1195
Y  0.2300  0.0200 -0.9730
Z  0.7844  0.5879  0.1975

PART 42
OFFSET  6.6939 -0.7395 -15.6482
X -0.0721 -0.6160  0.7844
Y  0.6384 -0.6328 -0.4383
Z  0.7663  0.4692  0.4389

PART 43
OFFSET  6.7625  0.1647 -16.9898
X -0.3924  0.0733  0.9169
Y  0.4400 -0.8604  0.2571
Z  0.8077  0.5043  0.3054

PART 44
OFFSET  7.1424  0.0770 -17.9997
X -0.7179 -0.4471  0.5336
Y -0.5186 -0.1679 -0.8384
Z  0.4644 -0.8786 -0.1114

PART 45
OFFSET  9.2718 -2.7908 -17.0951
X -0.1468 -0.6415  0.7529
Y  0.8858  0.2535  0.3887
Z -0.4402  0.7240  0.5310

PART 46
OFFSET  9.4290 -1.2751 -18.7571
X  0.8351 -0.1806  0.5197
Y  0.5217  0.5599 -0.6437
Z -0.1747  0.8086  0.5618

PART 47
OFFSET  8.2468 -1.0193 -19.4929
X  0.8662  0.3952 -0.3058
Y -0.4781  0.4778 -0.7369
Z -0.1452  0.7846  0.6028

PART 48
OFFSET  7.4787 -1.3697 -19.2217
X  0.1298  0.5800 -0.8042
Y -0.9742 -0.0763 -0.2123
Z -0.1845  0.8111  0.5551

PART 49
OFFSET  7.3553 -1.9207 -18.4577
X  0.5390 -0.5130  0.6681
Y -0.8423 -0.3283  0.4274
Z  0.0001 -0.7931 -0.6090

PART 50
OFFSET  9.0830 -2.3413 -16.5737
X -0.1328 -0.7805  0.6109
Y  0.8627  0.2124  0.4589
Z -0.4879  0.5880  0.6452

PART 51
OFFSET  9.5190 -0.3982 -18.2449
X  0.7793 -0.1314  0.6127
Y  0.5708  0.5523 -0.6075
Z -0.2586  0.8232  0.5054

PART 52
OFFSET  8.1922 -0.1745 -19.2880
X  0.7415  0.5057 -0.4410
Y -0.6256  0.2836 -0.7268
Z -0.2425  0.8148  0.5266

PART 53
OFFSET  7.1645 -0.8753 -18.6768
X -0.0383  0.5380 -0.8421
Y -0.9683 -0.2282 -0.1017
Z -0.2468  0.8115  0.5297

PART 54
OFFSET  7.2061 -1.4587 -17.7635
X  0.5724 -0.2705  0.7741
Y -0.7598 -0.5299  0.3767
Z  0.3083 -0.8037 -0.5089

PART 55
OFFSET  8.2239 -6.7384 -13.5430
X  0.0063 -0.7926  0.6097
Y -0.8328 -0.3416 -0.4355
Z  0.5535 -0.5051 -0.6622

PART 56
OFFSET  9.2567  0.7371 -16.3756
X -0.2917 -0.8810  0.3724
Y  0.8648 -0.0766  0.4962
Z -0.4087  0.4668  0.7843

PART 57
OFFSET  9.7704  2.2883 -17.0314
X  0.6786 -0.3653  0.6373
Y  0.5780  0.8010 -0.1563
Z -0.4533  0.4744  0.7546

PART 58
OFFSET  8.9179  2.7611 -17.7602
X  0.8852 -0.0427  0.4633
Y  0.2487  0.8849 -0.3938
Z -0.3932  0.4638  0.7939

PART 59
OFFSET  7.9181  2.8093 -18.2835
