// Export filename: `C:\projects\cod\t5\xanim_export\t5_viewmodels\ak47\ak47_sprint_loop.XANIM_EXPORT`
// Source filename: `D:\projects\devanim\t5\animation_assets\viewmodels/ak47/ViewModel_AK47_animated.fbx`
// Export time: Wed Aug 18 01:04:26 2010

ANIMATION
VERSION 3

NUMPARTS 78
PART 0 "tag_ads"
PART 1 "tag_torso"
PART 2 "J_Shoulder_LE"
PART 3 "J_Elbow_LE"
PART 4 "J_WristTwist_LE"
PART 5 "J_Sleave_Reshape_Bottom_LE_1"
PART 6 "J_Sleave_Reshape_Bottom_LE_2"
PART 7 "J_Sleave_Reshape_Top_LE_1"
PART 8 "J_Sleave_Reshape_Top_LE_2"
PART 9 "J_Sleave_Reshape_Top_LE_3"
PART 10 "J_Wrist_LE"
PART 11 "J_Thumb_LE_0"
PART 12 "J_Thumb_LE_1"
PART 13 "J_Thumb_LE_2"
PART 14 "J_Thumb_LE_3"
PART 15 "J_PinkyPalm_LE"
PART 16 "J_Pinky_LE_0"
PART 17 "J_Pinky_LE_1"
PART 18 "J_Pinky_LE_2"
PART 19 "J_Pinky_LE_3"
PART 20 "J_RingPalm_LE"
PART 21 "J_Ring_LE_0"
PART 22 "J_Ring_LE_1"
PART 23 "J_Ring_LE_2"
PART 24 "J_Ring_LE_3"
PART 25 "J_Webbing_LE"
PART 26 "J_Index_LE_0"
PART 27 "J_Index_LE_1"
PART 28 "J_Index_LE_2"
PART 29 "J_Index_LE_3"
PART 30 "J_Mid_LE_0"
PART 31 "J_Mid_LE_1"
PART 32 "J_Mid_LE_2"
PART 33 "J_Mid_LE_3"
PART 34 "tag_knife_attach"
PART 35 "tag_weapon"
PART 36 "J_Gun"
PART 37 "J_bolt"
PART 38 "TAG_CLIP"
PART 39 "tag_flame_unit"
PART 40 "tag_flamer_bracket"
PART 41 "tag_flamer_bottle"
PART 42 "tag_flamer_button"
PART 43 "tag_flamer_ring"
PART 44 "tag_flamer_pilot_light"
PART 45 "J_Shoulder_RI"
PART 46 "J_Elbow_RI"
PART 47 "J_WristTwist_RI"
PART 48 "J_Sleave_Reshape_Top_RI_3"
PART 49 "J_Sleave_Reshape_Top_RI_2"
PART 50 "J_Sleave_Reshape_Top_RI_1"
PART 51 "J_Wrist_RI"
PART 52 "J_Thumb_RI_0"
PART 53 "J_Thumb_RI_1"
PART 54 "J_Thumb_RI_2"
PART 55 "J_Thumb_RI_3"
PART 56 "J_PinkyPalm_RI"
PART 57 "J_Pinky_RI_0"
PART 58 "J_Pinky_RI_1"
PART 59 "J_Pinky_RI_2"
PART 60 "J_Pinky_RI_3"
PART 61 "J_RingPalm_RI"
PART 62 "J_Ring_RI_0"
PART 63 "J_Ring_RI_1"
PART 64 "J_Ring_RI_2"
PART 65 "J_Ring_RI_3"
PART 66 "J_Webbing_RI"
PART 67 "J_Index_RI_0"
PART 68 "J_Index_RI_1"
PART 69 "J_Index_RI_2"
PART 70 "J_Index_RI_3"
PART 71 "J_Mid_RI_0"
PART 72 "J_Mid_RI_1"
PART 73 "J_Mid_RI_2"
PART 74 "J_Mid_RI_3"
PART 75 "tag_cambone"
PART 76 "tag_camera"
PART 77 "tag_gasmask"

FRAMERATE 30
NUMFRAMES 31

FRAME 2010
PART 0
OFFSET  0.0000 -0.0000 -0.0000
X  1.0000 -0.0000  0.0000
Y  0.0000  1.0000  0.0000
Z  0.0000 -0.0000  1.0000

PART 1
OFFSET -4.6318 -0.0000 -1.3770
X  1.0000 -0.0000  0.0000
Y  0.0000  1.0000  0.0000
Z  0.0000 -0.0000  1.0000

PART 2
OFFSET -3.5060  6.3408 -6.7125
X  0.6228 -0.2593 -0.7381
Y  0.2252 -0.8441  0.4866
Z -0.7492 -0.4693 -0.4673

PART 3
OFFSET  4.0264  3.2043 -15.6393
X  0.9342 -0.1193  0.3361
Y -0.3030  0.2318  0.9244
Z -0.1882 -0.9654  0.1804

PART 4
OFFSET  11.9725  2.1899 -12.7805
X  0.9342 -0.1193  0.3361
Y  0.1363  0.9903 -0.0274
Z -0.3296  0.0714  0.9414

PART 5
OFFSET  13.8488  3.5584 -13.3559
X  0.9365 -0.1181  0.3301
Y  0.1899  0.9623 -0.1947
Z -0.2947  0.2450  0.9236

PART 6
OFFSET  13.1630  1.0729 -13.4685
X  0.9365 -0.1181  0.3301
Y  0.1899  0.9623 -0.1947
Z -0.2947  0.2450  0.9236

PART 7
OFFSET  13.5916  3.6476 -11.0511
X  0.9365 -0.1181  0.3301
Y  0.1899  0.9623 -0.1947
Z -0.2947  0.2450  0.9236

PART 8
OFFSET  13.2109  2.1378 -10.8279
X  0.9365 -0.1181  0.3301
Y  0.1899  0.9623 -0.1947
Z -0.2947  0.2450  0.9236

PART 9
OFFSET  12.8007  0.9510 -11.2432
X  0.9365 -0.1181  0.3301
Y  0.1899  0.9623 -0.1947
Z -0.2947  0.2450  0.9236

PART 10
OFFSET  14.8366  1.8242 -11.7501
X  0.8700  0.4589 -0.1803
Y -0.4526  0.8884  0.0775
Z  0.1957  0.0142  0.9806

PART 11
OFFSET  14.8716  2.8938 -11.3538
X  0.7185  0.6937 -0.0501
Y -0.6603  0.6578 -0.3622
Z -0.2183  0.2933  0.9307

PART 12
OFFSET  16.3440  4.4727 -11.4463
X  0.9228  0.3218 -0.2118
Y -0.3570  0.9210 -0.1561
Z  0.1448  0.2197  0.9648

PART 13
OFFSET  17.8713  4.9620 -11.6709
X  0.7871  0.6123 -0.0745
Y -0.6079  0.7497 -0.2614
Z -0.1042  0.2510  0.9624

PART 14
OFFSET  18.7074  5.6483 -11.7118
X  0.5227  0.4452 -0.7270
Y -0.1934 -0.7686 -0.6098
Z -0.8303  0.4594 -0.3156

PART 15
OFFSET  16.0969  1.2643 -11.7874
X  0.9998  0.0100 -0.0148
Y  0.0150 -0.0291  0.9995
Z  0.0095 -0.9995 -0.0292

PART 16
OFFSET  18.3439  1.4287 -11.6938
X  0.0203  0.4652  0.8850
Y -0.9902  0.1316 -0.0464
Z -0.1380 -0.8754  0.4634

PART 17
OFFSET  18.3727  2.0873 -10.4409
X -0.3832  0.4838  0.7868
Y -0.9173 -0.0999 -0.3854
Z -0.1078 -0.8694  0.4821

PART 18
OFFSET  18.0329  2.5163 -9.7433
X -0.6436  0.4405  0.6259
Y -0.7473 -0.1850 -0.6383
Z -0.1654 -0.8785  0.4482

PART 19
OFFSET  17.4214  2.9348 -9.1487
X  0.9853 -0.0938 -0.1428
Y -0.1709 -0.5341 -0.8279
Z  0.0013  0.8402 -0.5423

PART 20
OFFSET  15.9602  1.9536 -11.9125
X  0.9681  0.1640 -0.1895
Y  0.1975 -0.0342  0.9797
Z  0.1542 -0.9859 -0.0655

PART 21
OFFSET  18.5222  2.3281 -12.1457
X  0.3858  0.1772  0.9054
Y -0.8866  0.3427  0.3107
Z -0.2553 -0.9226  0.2893

PART 22
OFFSET  19.1789  2.6297 -10.6042
X -0.5213  0.3906  0.7587
Y -0.8200  0.0170 -0.5721
Z -0.2363 -0.9204  0.3114

PART 23
OFFSET  18.4564  3.1710 -9.5526
X -0.7911  0.3636  0.4918
Y -0.5652 -0.1271 -0.8151
Z -0.2339 -0.9228  0.3061

PART 24
OFFSET  17.5984  3.5654 -9.0192
X  0.9595 -0.2707  0.0777
Y  0.0010 -0.2728 -0.9621
Z  0.2816  0.9232 -0.2615

PART 25
OFFSET  16.9048  4.6572 -11.6574
X  0.9605  0.2640  0.0880
Y  0.0480  0.1545 -0.9868
Z -0.2741  0.9521  0.1357

PART 26
OFFSET  17.8124  4.2773 -12.7587
X  0.9500 -0.1024  0.2951
Y -0.2857  0.0972  0.9534
Z -0.1264 -0.9900  0.0631

PART 27
OFFSET  19.4850  4.0969 -12.2391
X  0.3499 -0.0812  0.9333
Y -0.9273  0.1112  0.3574
Z -0.1329 -0.9905 -0.0364

PART 28
OFFSET  19.9184  4.0583 -11.1023
X -0.3721  0.1175  0.9207
Y -0.9218  0.0693 -0.3814
Z -0.1087 -0.9906  0.0825

PART 29
OFFSET  19.4981  4.1911 -10.0624
X  0.9227 -0.3795  0.0678
Y  0.0905  0.0422 -0.9950
Z  0.3747  0.9242  0.0733

PART 30
OFFSET  18.2457  3.2671 -12.6476
X  0.6572  0.0762  0.7499
Y -0.7473  0.1955  0.6350
Z -0.0982 -0.9777  0.1855

PART 31
OFFSET  19.5295  3.4160 -11.1827
X -0.3039  0.2168  0.9277
Y -0.9418  0.0787 -0.3268
Z -0.1438 -0.9730  0.1802

PART 32
OFFSET  19.0857  3.7326 -9.8276
X -0.8134  0.2262  0.5360
Y -0.5538 -0.0188 -0.8325
Z -0.1783 -0.9739  0.1405

PART 33
OFFSET  18.1636  3.9820 -9.2190
X  0.9888 -0.0992  0.1117
Y  0.0862 -0.2321 -0.9689
Z  0.1221  0.9676 -0.2210

PART 34
OFFSET  17.7374  2.6114 -10.7864
X  0.1141 -0.9934 -0.0084
Y -0.1957 -0.0142 -0.9806
Z  0.9740  0.1136 -0.1961

PART 35
OFFSET  10.2443 -1.9509 -7.0301
X  0.7570  0.5117 -0.4063
Y -0.6468  0.4986 -0.5771
Z -0.0927  0.6997  0.7084

PART 36
OFFSET  10.2443 -1.9509 -7.0301
X  0.7570  0.5117 -0.4063
Y -0.6468  0.4986 -0.5771
Z -0.0927  0.6997  0.7084

PART 37
OFFSET  14.2205  2.2705 -7.3512
X  0.7550  0.5259 -0.3917
Y -0.6468  0.4986 -0.5771
Z -0.1082  0.6891  0.7166

PART 38
OFFSET  13.3971  0.4071 -8.5523
X  0.7570  0.5117 -0.4063
Y -0.6468  0.4986 -0.5771
Z -0.0927  0.6997  0.7084

PART 39
OFFSET  9.8892 -3.9387 -8.3495
X  0.7570  0.5117 -0.4063
Y -0.6468  0.4986 -0.5771
Z -0.0927  0.6997  0.7084

PART 40
OFFSET  21.0796  4.0864 -13.3454
X -0.3748  0.4512  0.8099
Y -0.6642 -0.7401  0.1049
Z  0.6468 -0.4986  0.5771

PART 41
OFFSET  21.0796  4.0864 -13.3454
X -0.6468  0.4986 -0.5771
Y -0.7570 -0.5117  0.4063
Z -0.0927  0.6997  0.7084

PART 42
OFFSET  20.6296  3.6827 -13.6922
X -0.6468  0.4986 -0.5771
Y -0.7570 -0.5117  0.4063
Z -0.0927  0.6997  0.7084

PART 43
OFFSET  19.7242  4.3807 -14.5002
X -0.5018  0.0571 -0.8631
Y -0.7570 -0.5117  0.4063
Z -0.4184  0.8573  0.3000

PART 44
OFFSET  26.6122  8.8263 -18.7068
X  0.8587  0.4621  0.2216
Y  0.1448  0.1960 -0.9699
Z -0.4916  0.8649  0.1014

PART 45
OFFSET -10.8444 -11.7139 -5.9426
X -0.9335  0.3392 -0.1162
Y -0.2261 -0.3051  0.9251
Z  0.2783  0.8899  0.3615

PART 46
OFFSET  0.4454 -15.8159 -4.5369
X -0.6498 -0.7518  0.1117
Y  0.7582 -0.6311  0.1637
Z -0.0526  0.1911  0.9802

PART 47
OFFSET  5.9725 -9.4213 -5.4867
X -0.6498 -0.7518  0.1117
Y  0.4908 -0.5273 -0.6936
Z  0.5803 -0.3959  0.7117

PART 48
OFFSET  6.4545 -8.1393 -6.9321
X -0.6541 -0.7487  0.1078
Y  0.0434 -0.1794 -0.9828
Z  0.7551 -0.6382  0.1498

PART 49
OFFSET  5.9679 -7.1353 -6.4390
X -0.6541 -0.7487  0.1078
Y  0.0434 -0.1794 -0.9828
Z  0.7551 -0.6382  0.1498

PART 50
OFFSET  6.0689 -6.8918 -5.0961
X -0.6541 -0.7487  0.1078
Y  0.0434 -0.1794 -0.9828
Z  0.7551 -0.6382  0.1498

PART 51
OFFSET  7.9647 -7.1164 -5.8291
X -0.6066 -0.7425  0.2840
Y  0.4179 -0.6017 -0.6807
Z  0.6763 -0.2942  0.6753

PART 52
OFFSET  7.5567 -6.0810 -5.5772
X  0.1113 -0.9710  0.2117
Y  0.3794 -0.1554 -0.9121
Z  0.9185  0.1819  0.3511

PART 53
OFFSET  7.2275 -3.9803 -5.9626
X -0.4816 -0.4593  0.7464
Y  0.3435 -0.8825 -0.3214
Z  0.8063  0.1016  0.5827

PART 54
OFFSET  7.9351 -3.3029 -7.2521
X -0.4685  0.3079  0.8281
Y -0.0549 -0.9457  0.3205
Z  0.8818  0.1047  0.4599

PART 55
OFFSET  8.4023 -3.6245 -8.1741
X -0.9236 -0.0349  0.3819
Y -0.3828  0.0257 -0.9235
Z  0.0224 -0.9991 -0.0371

PART 56
OFFSET  8.7888 -7.0730 -6.9347
X -0.5528 -0.4503  0.7011
Y  0.8206 -0.1478  0.5521
Z -0.1450  0.8806  0.4512

PART 57
OFFSET  9.9092 -5.9148 -8.5121
X  0.5548 -0.5015  0.6639
Y  0.8233  0.2158 -0.5249
Z  0.1199  0.8378  0.5326

PART 58
OFFSET  9.1238 -5.2048 -9.4520
X  0.9894 -0.0624 -0.1313
Y -0.0698  0.5886 -0.8054
Z  0.1275  0.8060  0.5780

PART 59
OFFSET  8.2466 -5.1495 -9.3356
X  0.5188  0.3995 -0.7558
Y -0.8473  0.3579 -0.3925
Z  0.1137  0.8440  0.5242

PART 60
OFFSET  7.7537 -5.5291 -8.6175
X  0.1186 -0.6523  0.7487
Y -0.9592  0.1197  0.2563
Z -0.2568 -0.7485 -0.6114

PART 61
OFFSET  8.7390 -6.5508 -6.4505
X -0.5794 -0.5903  0.5620
Y  0.7695 -0.1688  0.6160
Z -0.2688  0.7893  0.5520

PART 62
OFFSET  10.2996 -5.1397 -7.9774
X  0.5126 -0.4258  0.7457
Y  0.8563  0.1897 -0.4803
Z  0.0631  0.8847  0.4618

PART 63
OFFSET  9.4270 -4.4148 -9.2469
X  0.9548  0.0830 -0.2855
Y -0.2891  0.4833 -0.8263
Z  0.0694  0.8715  0.4855

PART 64
OFFSET  8.1037 -4.5298 -8.8513
X  0.3595  0.4358 -0.8252
Y -0.9310  0.2278 -0.2853
Z  0.0636  0.8708  0.4876

PART 65
OFFSET  7.7138 -5.0024 -7.9564
X  0.2404 -0.4443  0.8630
Y -0.9706 -0.1008  0.2185
Z -0.0101 -0.8902 -0.4555

PART 66
OFFSET  5.4492 -9.8557 -3.7095
X -0.4635 -0.6641  0.5866
Y -0.8065  0.0420 -0.5897
Z  0.3670 -0.7465 -0.5551

PART 67
OFFSET  10.2646 -3.8786 -6.1714
X -0.6135 -0.6264  0.4810
Y  0.7605 -0.3043  0.5736
Z -0.2129  0.7177  0.6630

PART 68
OFFSET  11.3447 -2.7758 -7.0182
X -0.5898 -0.6314  0.5035
Y  0.7676 -0.2447  0.5924
Z -0.2509  0.7359  0.6289

PART 69
OFFSET  12.0465 -1.9636 -7.5921
X -0.5671 -0.6824  0.4612
Y  0.7761 -0.2552  0.5766
Z -0.2757  0.6849  0.6744

PART 70
OFFSET  12.6870 -1.1928 -8.1130
X -0.5936  0.6452 -0.4810
Y  0.8048  0.4768 -0.3536
Z  0.0012 -0.5969 -0.8023

PART 71
OFFSET  10.5319 -4.5578 -7.0007
X  0.3896 -0.4530  0.8019
Y  0.9133  0.3025 -0.2728
Z -0.1190  0.8386  0.5315

PART 72
OFFSET  9.7709 -3.6729 -8.5672
X  0.9894  0.1445 -0.0144
Y -0.0839  0.4879 -0.8689
Z -0.1185  0.8609  0.4948

PART 73
OFFSET  8.3257 -3.8839 -8.5462
X  0.4436  0.4651 -0.7661
Y -0.8838  0.0850 -0.4602
Z -0.1489  0.8812  0.4488

PART 74
OFFSET  7.8237 -4.4168 -7.6820
X  0.2338 -0.4672  0.8526
Y -0.9703 -0.1680  0.1740
Z  0.0619 -0.8680 -0.4927

PART 75
OFFSET  0.0000 -0.0000 -0.0000
X  1.0000 -0.0000  0.0000
Y  0.0000  1.0000  0.0000
Z  0.0000 -0.0000  1.0000

PART 76
OFFSET  0.0000 -0.0000 -0.0000
X  1.0000 -0.0000  0.0000
Y  0.0000  1.0000  0.0000
Z  0.0000 -0.0000  1.0000

PART 77
OFFSET  1.5404 -0.0000  4.1357
X  1.0000 -0.0000  0.0000
Y  0.0000  1.0000  0.0000
Z  0.0000 -0.0000  1.0000


FRAME 2011
PART 0
OFFSET  0.0000 -0.0000 -0.0000
X  1.0000 -0.0000  0.0000
Y  0.0000  1.0000  0.0000
Z  0.0000 -0.0000  1.0000

PART 1
OFFSET -4.6318 -0.0000 -1.3770
X  1.0000 -0.0000  0.0000
Y  0.0000  1.0000  0.0000
Z  0.0000 -0.0000  1.0000

PART 2
OFFSET -3.5060  6.3408 -6.7125
X  0.6258 -0.2633 -0.7342
Y  0.2113 -0.8489  0.4845
Z -0.7508 -0.4583 -0.4756

PART 3
OFFSET  4.0623  3.1568 -15.5920
X  0.9307 -0.1323  0.3411
Y -0.3057  0.2308  0.9237
Z -0.2009 -0.9640  0.1744

PART 4
OFFSET  11.9782  2.0314 -12.6912
X  0.9307 -0.1323  0.3411
Y  0.1528  0.9877 -0.0339
Z -0.3324  0.0837  0.9394

PART 5
OFFSET  13.8743  3.3798 -13.2484
X  0.9330 -0.1311  0.3351
Y  0.2028  0.9609 -0.1886
Z -0.2973  0.2439  0.9231

PART 6
OFFSET  13.1591  0.9035 -13.3778
X  0.9330 -0.1311  0.3351
Y  0.2028  0.9609 -0.1886
Z -0.2973  0.2439  0.9231

PART 7
OFFSET  13.6044  3.4605 -10.9447
X  0.9330 -0.1311  0.3351
Y  0.2028  0.9609 -0.1886
Z -0.2973  0.2439  0.9231

PART 8
OFFSET  13.2041  1.9544 -10.7315
X  0.9330 -0.1311  0.3351
Y  0.2028  0.9609 -0.1886
Z -0.2973  0.2439  0.9231

PART 9
OFFSET  12.7820  0.7748 -11.1554
X  0.9330 -0.1311  0.3351
Y  0.2028  0.9609 -0.1886
Z -0.2973  0.2439  0.9231

PART 10
OFFSET  14.8313  1.6257 -11.6456
X  0.8547  0.4909 -0.1688
Y -0.4857  0.8710  0.0735
Z  0.1831  0.0191  0.9829

PART 11
OFFSET  14.8223  2.6950 -11.2470
X  0.6932  0.7196 -0.0400
Y -0.6795  0.6340 -0.3691
Z -0.2403  0.2830  0.9285

PART 12
OFFSET  16.2369  4.3269 -11.3185
X  0.9129  0.3559 -0.1999
Y -0.3886  0.9076 -0.1588
Z  0.1249  0.2226  0.9669

PART 13
OFFSET  17.7479  4.8722 -11.5234
X  0.7650  0.6408 -0.0637
Y -0.6317  0.7276 -0.2675
Z -0.1251  0.2448  0.9615

PART 14
OFFSET  18.5587  5.5888 -11.5528
X  0.5149  0.4657 -0.7197
Y -0.1577 -0.7738 -0.6135
Z -0.8426  0.4294 -0.3250

PART 15
OFFSET  16.1117  1.1124 -11.6685
X  0.9989  0.0466 -0.0025
Y  0.0039 -0.0308  0.9995
Z  0.0465 -0.9984 -0.0309

PART 16
OFFSET  18.3498  1.3587 -11.5470
X -0.0075  0.4636  0.8860
Y -0.9937  0.0954 -0.0583
Z -0.1115 -0.8809  0.4600

PART 17
OFFSET  18.3392  2.0151 -10.2926
X -0.4103  0.4677  0.7829
Y -0.9083 -0.1326 -0.3968
Z -0.0818 -0.8739  0.4792

PART 18
OFFSET  17.9754  2.4298 -9.5985
X -0.6669  0.4152  0.6187
Y -0.7321 -0.2108 -0.6477
Z -0.1386 -0.8850  0.4446

PART 19
OFFSET  17.3419  2.8242 -9.0107
X  0.9897 -0.0573 -0.1309
Y -0.1411 -0.5381 -0.8310
Z -0.0228  0.8409 -0.5407

PART 20
OFFSET  15.9513  1.7965 -11.7940
X  0.9637  0.1998 -0.1773
Y  0.1867 -0.0292  0.9820
Z  0.1910 -0.9794 -0.0654

PART 21
OFFSET  18.5005  2.2650 -11.9950
X  0.3679  0.1891  0.9104
Y -0.9023  0.3094  0.3004
Z -0.2248 -0.9320  0.2844

PART 22
OFFSET  19.1270  2.5870 -10.4450
X -0.5445  0.3695  0.7530
Y -0.8130 -0.0118 -0.5821
Z -0.2062 -0.9292  0.3068

PART 23
OFFSET  18.3723  3.0991 -9.4014
X -0.8098  0.3333  0.4827
Y -0.5502 -0.1459 -0.8222
Z -0.2036 -0.9315  0.3015

PART 24
OFFSET  17.4940  3.4606 -8.8779
X  0.9678 -0.2356  0.0890
Y  0.0227 -0.2704 -0.9625
Z  0.2508  0.9335 -0.2563

PART 25
OFFSET  16.7931  4.5322 -11.5223
X  0.9491  0.2987  0.1003
Y  0.0543  0.1584 -0.9859
Z -0.3104  0.9411  0.1341

PART 26
OFFSET  17.7274  4.1883 -12.6131
X  0.9494 -0.0683  0.3066
Y -0.3007  0.0845  0.9500
Z -0.0908 -0.9941  0.0597

PART 27
OFFSET  19.3990  4.0681 -12.0734
X  0.3412 -0.0705  0.9373
Y -0.9351  0.0764  0.3462
Z -0.0960 -0.9946 -0.0399

PART 28
OFFSET  19.8196  4.0428 -10.9315
X -0.3874  0.1017  0.9163
Y -0.9190  0.0364 -0.3926
Z -0.0733 -0.9941  0.0794

PART 29
OFFSET  19.3821  4.1577 -9.8965
X  0.9351 -0.3456  0.0784
Y  0.1010  0.0477 -0.9937
Z  0.3397  0.9372  0.0795

PART 30
OFFSET  18.1960  3.1945 -12.4986
X  0.6447  0.0985  0.7580
Y -0.7617  0.1666  0.6262
Z -0.0646 -0.9811  0.1824

PART 31
OFFSET  19.4556  3.3869 -11.0177
X -0.3229  0.2034  0.9243
Y -0.9400  0.0449 -0.3382
Z -0.1103 -0.9781  0.1767

PART 32
OFFSET  18.9840  3.6840 -9.6676
X -0.8276  0.1951  0.5264
Y -0.5425 -0.0371 -0.8392
Z -0.1442 -0.9801  0.1366

PART 33
OFFSET  18.0460  3.8980 -9.0699
X  0.9903 -0.0632  0.1237
Y  0.1064 -0.2266 -0.9681
Z  0.0892  0.9719 -0.2177

PART 34
OFFSET  17.6894  2.5164 -10.6450
X  0.1505 -0.9886 -0.0088
Y -0.1831 -0.0191 -0.9829
Z  0.9715  0.1496 -0.1839

PART 35
OFFSET  10.3232 -2.3257 -6.9893
X  0.7427  0.5400 -0.3960
Y -0.6575  0.4759 -0.5841
Z -0.1269  0.6942  0.7085

PART 36
OFFSET  10.3232 -2.3257 -6.9893
X  0.7427  0.5400 -0.3960
Y -0.6575  0.4759 -0.5841
Z -0.1269  0.6942  0.7085

PART 37
OFFSET  14.1457  2.0391 -7.2538
X  0.7399  0.5541 -0.3815
Y -0.6575  0.4759 -0.5841
Z -0.1421  0.6830  0.7165

PART 38
OFFSET  13.4058  0.1495 -8.4684
X  0.7427  0.5400 -0.3960
Y -0.6575  0.4759 -0.5841
Z -0.1269  0.6942  0.7085

PART 39
OFFSET  10.0572 -4.3222 -8.3166
X  0.7427  0.5400 -0.3960
Y -0.6575  0.4759 -0.5841
Z -0.1269  0.6942  0.7085

PART 40
OFFSET  21.0063  4.1185 -13.1601
X -0.4009  0.4353  0.8061
Y -0.6379 -0.7642  0.0954
Z  0.6575 -0.4759  0.5841

PART 41
OFFSET  21.0063  4.1185 -13.1601
X -0.6575  0.4759 -0.5841
Y -0.7427 -0.5400  0.3960
Z -0.1269  0.6942  0.7085

PART 42
OFFSET  20.5757  3.6994 -13.5131
X -0.6575  0.4759 -0.5841
Y -0.7427 -0.5400  0.3960
Z -0.1269  0.6942  0.7085

PART 43
OFFSET  19.6552  4.3656 -14.3308
X -0.4930  0.0407 -0.8691
Y -0.7427 -0.5400  0.3960
Z -0.4532  0.8407  0.2965

PART 44
OFFSET  26.4265  9.0699 -18.4444
X  0.8385  0.4927  0.2329
Y  0.1493  0.2034 -0.9676
Z -0.5241  0.8461  0.0969

PART 45
OFFSET -10.8444 -11.7139 -5.9426
X -0.9281  0.3530 -0.1181
Y -0.2303 -0.2953  0.9272
Z  0.2924  0.8878  0.3554

PART 46
OFFSET  0.3803 -15.9829 -4.5137
X -0.6775 -0.7267  0.1134
Y  0.7339 -0.6576  0.1702
Z -0.0491  0.1985  0.9789

PART 47
OFFSET  6.1428 -9.8019 -5.4782
X -0.6775 -0.7267  0.1134
Y  0.4837 -0.5563 -0.6757
Z  0.5541 -0.4029  0.7284

PART 48
OFFSET  6.6769 -8.5469 -6.9289
X -0.6817 -0.7234  0.1094
Y  0.0403 -0.1865 -0.9816
Z  0.7305 -0.6647  0.1563

PART 49
OFFSET  6.2259 -7.5228 -6.4433
X -0.6817 -0.7234  0.1094
Y  0.0403 -0.1865 -0.9816
Z  0.7305 -0.6647  0.1563

PART 50
OFFSET  6.3310 -7.2755 -5.1014
X -0.6817 -0.7234  0.1094
Y  0.0403 -0.1865 -0.9816
Z  0.7305 -0.6647  0.1563

PART 51
OFFSET  8.2199 -7.5740 -5.8258
X -0.5824 -0.7649  0.2752
Y  0.4479 -0.5845 -0.6766
Z  0.6784 -0.2708  0.6830

PART 52
OFFSET  7.7711 -6.5547 -5.5771
X  0.1442 -0.9667  0.2113
Y  0.3959 -0.1393 -0.9077
Z  0.9069  0.2145  0.3627

PART 53
OFFSET  7.3699 -4.4666 -5.9626
X -0.4735 -0.4783  0.7396
Y  0.3794 -0.8686 -0.3188
Z  0.7949  0.1297  0.5927

PART 54
OFFSET  8.0679 -3.7608 -7.2421
X -0.4895  0.2886  0.8228
Y -0.0242 -0.9478  0.3180
Z  0.8717  0.1358  0.4709

PART 55
OFFSET  8.5578 -4.0630 -8.1588
X -0.9262 -0.0695  0.3705
Y -0.3722  0.0138 -0.9280
Z  0.0594 -0.9975 -0.0387

PART 56
OFFSET  9.0552 -7.4978 -6.9212
X -0.5445 -0.4718  0.6935
Y  0.8187 -0.1189  0.5618
Z -0.1826  0.8736  0.4510

PART 57
OFFSET  10.1516 -6.2959 -8.4825
X  0.5646 -0.4824  0.6697
Y  0.8212  0.2470 -0.5144
Z  0.0827  0.8404  0.5356

PART 58
OFFSET  9.3522 -5.6129 -9.4307
X  0.9925 -0.0258 -0.1193
Y -0.0815  0.5875 -0.8051
Z  0.0909  0.8088  0.5810

PART 59
OFFSET  8.4722 -5.5901 -9.3250
X  0.5130  0.4200 -0.7486
Y -0.8550  0.3275 -0.4022
Z  0.0763  0.8464  0.5271

PART 60
OFFSET  7.9848 -5.9891 -8.6137
X  0.1333 -0.6492  0.7489
Y -0.9660  0.0840  0.2447
Z -0.2217 -0.7560 -0.6159

PART 61
OFFSET  8.9804 -6.9790 -6.4367
X -0.5642 -0.6124  0.5537
Y  0.7675 -0.1419  0.6251
Z -0.3042  0.7777  0.5501

PART 62
OFFSET  10.5068 -5.5082 -7.9417
X  0.5187 -0.4084  0.7511
Y  0.8546  0.2220 -0.4695
Z  0.0250  0.8854  0.4642

PART 63
OFFSET  9.6237 -4.8129 -9.2205
X  0.9545  0.1185 -0.2736
Y -0.2965  0.4743 -0.8289
Z  0.0315  0.8723  0.4879

PART 64
OFFSET  8.3009 -4.9771 -8.8413
X  0.3533  0.4505 -0.8199
Y -0.9352  0.1942 -0.2963
Z  0.0257  0.8714  0.4899

PART 65
OFFSET  7.9177 -5.4657 -7.9521
X  0.2460 -0.4372  0.8651
Y -0.9689 -0.1367  0.2064
Z  0.0280 -0.8889 -0.4572

PART 66
OFFSET  5.7807 -10.4083 -3.7423
X -0.4460 -0.6819  0.5797
Y -0.8003  0.0138 -0.5995
Z  0.4008 -0.7313 -0.5519

PART 67
OFFSET  10.4036 -4.2534 -6.1339
X -0.5959 -0.6495  0.4722
Y  0.7641 -0.2776  0.5824
Z -0.2471  0.7079  0.6617

PART 68
OFFSET  11.4528 -3.1099 -6.9654
X -0.5724 -0.6537  0.4950
Y  0.7687 -0.2178  0.6013
Z -0.2853  0.7248  0.6272

PART 69
OFFSET  12.1314 -2.2712 -7.5291
X -0.5473 -0.7038  0.4530
Y  0.7779 -0.2280  0.5856
Z -0.3089  0.6729  0.6722

PART 70
OFFSET  12.7495 -1.4762 -8.0408
X -0.6109  0.6242 -0.4870
Y  0.7910  0.5068 -0.3428
Z  0.0329 -0.5946 -0.8033

PART 71
OFFSET  10.7057 -4.9204 -6.9611
X  0.3961 -0.4403  0.8058
Y  0.9048  0.3363 -0.2610
Z -0.1561  0.8325  0.5316

PART 72
OFFSET  9.9319 -4.0604 -8.5353
X  0.9836  0.1806 -0.0020
Y -0.0911  0.4865 -0.8689
Z -0.1559  0.8548  0.4949

PART 73
OFFSET  8.4953 -4.3242 -8.5323
X  0.4356  0.4828 -0.7597
Y -0.8806  0.0536 -0.4708
Z -0.1866  0.8741  0.4485

PART 74
OFFSET  8.0027 -4.8771 -7.6754
X  0.2404 -0.4603  0.8546
Y -0.9655 -0.2038  0.1618
Z  0.0997 -0.8640 -0.4935

PART 75
OFFSET  0.0000 -0.0000 -0.0000
X  1.0000 -0.0000  0.0000
Y  0.0000  1.0000  0.0000
Z  0.0000 -0.0000  1.0000

PART 76
OFFSET  0.0000 -0.0000 -0.0000
X  1.0000 -0.0000  0.0000
Y  0.0000  1.0000  0.0000
Z  0.0000 -0.0000  1.0000

PART 77
OFFSET  1.5404 -0.0000  4.1357
X  1.0000 -0.0000  0.0000
Y  0.0000  1.0000  0.0000
Z  0.0000 -0.0000  1.0000


FRAME 2012
PART 0
OFFSET  0.0000 -0.0000 -0.0000
X  1.0000 -0.0000  0.0000
Y  0.0000  1.0000  0.0000
Z  0.0000 -0.0000  1.0000

PART 1
OFFSET -4.6318 -0.0000 -1.3770
X  1.0000 -0.0000  0.0000
Y  0.0000  1.0000  0.0000
Z  0.0000 -0.0000  1.0000

PART 2
OFFSET -3.5060  6.3408 -6.7125
X  0.6321 -0.2710 -0.7259
Y  0.1846 -0.8572  0.4808
Z -0.7526 -0.4379 -0.4918

PART 3
OFFSET  4.1387  3.0631 -15.4919
X  0.9238 -0.1569  0.3492
Y -0.3099  0.2290  0.9228
Z -0.2248 -0.9607  0.1629

PART 4
OFFSET  11.9961  1.7284 -12.5217
X  0.9238 -0.1569  0.3492
Y  0.1801  0.9830 -0.0347
Z -0.3378  0.0949  0.9364

PART 5
OFFSET  13.9284  3.0381 -13.0465
X  0.9262 -0.1557  0.3433
Y  0.2267  0.9577 -0.1772
Z -0.3012  0.2419  0.9224

PART 6
OFFSET  13.1580  0.5802 -13.2072
X  0.9262 -0.1557  0.3433
Y  0.2267  0.9577 -0.1772
Z -0.3012  0.2419  0.9224

PART 7
OFFSET  13.6364  3.1031 -10.7450
X  0.9262 -0.1557  0.3433
Y  0.2267  0.9577 -0.1772
Z -0.3012  0.2419  0.9224

PART 8
OFFSET  13.1995  1.6047 -10.5505
X  0.9262 -0.1557  0.3433
Y  0.2267  0.9577 -0.1772
Z -0.3012  0.2419  0.9224

PART 9
OFFSET  12.7550  0.4391 -10.9901
X  0.9262 -0.1557  0.3433
Y  0.2267  0.9577 -0.1772
Z -0.3012  0.2419  0.9224

PART 10
OFFSET  14.8283  1.2473 -11.4512
X  0.8373  0.5252 -0.1519
Y -0.5203  0.8508  0.0736
Z  0.1679  0.0174  0.9856

PART 11
OFFSET  14.7717  2.3118 -11.0438
X  0.6651  0.7464 -0.0236
Y -0.6983  0.6104 -0.3738
Z -0.2646  0.2651  0.9272

PART 12
OFFSET  16.1225  3.9981 -11.0805
X  0.9011  0.3929 -0.1833
Y -0.4214  0.8932 -0.1569
Z  0.1021  0.2186  0.9705

PART 13
OFFSET  17.6138  4.6036 -11.2583
X  0.7403  0.6706 -0.0469
Y -0.6557  0.7049 -0.2707
Z -0.1485  0.2311  0.9615

PART 14
OFFSET  18.3964  5.3514 -11.2696
X  0.5067  0.4918 -0.7080
Y -0.1185 -0.7738 -0.6223
Z -0.8539  0.3992 -0.3338

PART 15
OFFSET  16.1279  0.7844 -11.4594
X  0.9963  0.0854  0.0128
Y -0.0094 -0.0396  0.9992
Z  0.0859 -0.9956 -0.0386

PART 16
OFFSET  18.3527  1.1164 -11.3025
X -0.0385  0.4550  0.8897
Y -0.9957  0.0572 -0.0723
Z -0.0838 -0.8886  0.4509

PART 17
OFFSET  18.2982  1.7606 -10.0430
X -0.4395  0.4443  0.7806
Y -0.8966 -0.1642 -0.4113
Z -0.0546 -0.8807  0.4705

PART 18
OFFSET  17.9085  2.1546 -9.3509
X -0.6915  0.3834  0.6122
Y -0.7139 -0.2332 -0.6603
Z -0.1104 -0.8936  0.4350

PART 19
OFFSET  17.2516  2.5188 -8.7692
X  0.9930 -0.0176 -0.1167
Y -0.1079 -0.5357 -0.8375
Z -0.0478  0.8442 -0.5339

PART 20
OFFSET  15.9428  1.4629 -11.5815
X  0.9576  0.2387 -0.1613
Y  0.1734 -0.0307  0.9844
Z  0.2300 -0.9706 -0.0708

PART 21
OFFSET  18.4744  2.0320 -11.7406
X  0.3470  0.1951  0.9173
Y -0.9179  0.2713  0.2895
Z -0.1924 -0.9425  0.2732

PART 22
OFFSET  19.0652  2.3641 -10.1788
X -0.5694  0.3413  0.7479
Y -0.8034 -0.0381 -0.5942
Z -0.1743 -0.9392  0.2959

PART 23
OFFSET  18.2761  2.8370 -9.1423
X -0.8292  0.2972  0.4734
Y -0.5320 -0.1598 -0.8315
Z -0.1715 -0.9413  0.2906

PART 24
OFFSET  17.3769  3.1594 -8.6288
X  0.9748 -0.1986  0.1014
Y  0.0472 -0.2607 -0.9643
Z  0.2179  0.9448 -0.2447

PART 25
OFFSET  16.6731  4.2267 -11.2743
X  0.9351  0.3345  0.1169
Y  0.0624  0.1692 -0.9836
Z -0.3488  0.9271  0.1374

PART 26
OFFSET  17.6359  3.9292 -12.3539
X  0.9468 -0.0341  0.3201
Y -0.3175  0.0643  0.9461
Z -0.0528 -0.9974  0.0500

PART 27
OFFSET  19.3029  3.8692 -11.7904
X  0.3301 -0.0656  0.9417
Y -0.9423  0.0369  0.3329
Z -0.0566 -0.9972 -0.0497

PART 28
OFFSET  19.7076  3.8500 -10.6426
X -0.4043  0.0783  0.9113
Y -0.9139  0.0042 -0.4059
Z -0.0356 -0.9969  0.0699

PART 29
OFFSET  19.2509  3.9385 -9.6133
X  0.9466 -0.3097  0.0894
Y  0.1135  0.0606 -0.9917
Z  0.3017  0.9489  0.0925

PART 30
OFFSET  18.1412  2.9533 -12.2408
X  0.6293  0.1167  0.7683
Y -0.7766  0.1312  0.6162
Z -0.0289 -0.9845  0.1732

PART 31
OFFSET  19.3707  3.1813 -10.7398
X -0.3440  0.1824  0.9211
Y -0.9360  0.0114 -0.3518
Z -0.0746 -0.9832  0.1668

PART 32
OFFSET  18.8682  3.4476 -9.3944
X -0.8421  0.1580  0.5156
Y -0.5284 -0.0507 -0.8475
Z -0.1078 -0.9861  0.1261

PART 33
OFFSET  17.9141  3.6196 -8.8090
X  0.9901 -0.0258  0.1378
Y  0.1293 -0.2136 -0.9683
Z  0.0544  0.9766 -0.2082

PART 34
OFFSET  17.6346  2.2394 -10.4007
X  0.1891 -0.9818 -0.0149
Y -0.1679 -0.0174 -0.9856
Z  0.9675  0.1889 -0.1682

PART 35
OFFSET  10.4105 -2.9181 -6.8958
X  0.7267  0.5720 -0.3804
Y -0.6670  0.4552 -0.5898
Z -0.1642  0.6823  0.7124

PART 36
OFFSET  10.4105 -2.9181 -6.8958
X  0.7267  0.5720 -0.3804
Y -0.6670  0.4552 -0.5898
Z -0.1642  0.6823  0.7124

PART 37
OFFSET  14.0633  1.5942 -7.0667
X  0.7232  0.5858 -0.3658
Y -0.6670  0.4552 -0.5898
Z -0.1790  0.6705  0.7200

PART 38
OFFSET  13.4154 -0.3117 -8.3080
X  0.7267  0.5720 -0.3804
Y -0.6670  0.4552 -0.5898
Z -0.1642  0.6823  0.7124

PART 39
OFFSET  10.2419 -4.9114 -8.2437
X  0.7267  0.5720 -0.3804
Y -0.6670  0.4552 -0.5898
Z -0.1642  0.6823  0.7124

PART 40
OFFSET  20.9226  3.9918 -12.8526
X -0.4293  0.4122  0.8036
Y -0.6089 -0.7892  0.0795
Z  0.6670 -0.4552  0.5898

PART 41
OFFSET  20.9226  3.9918 -12.8526
X -0.6670  0.4552 -0.5898
Y -0.7267 -0.5720  0.3804
Z -0.1642  0.6823  0.7124

PART 42
OFFSET  20.5139  3.5595 -13.2156
X -0.6670  0.4552 -0.5898
Y -0.7267 -0.5720  0.3804
Z -0.1642  0.6823  0.7124

PART 43
OFFSET  19.5801  4.1967 -14.0412
X -0.4816  0.0293 -0.8759
Y -0.7267 -0.5720  0.3804
Z -0.4899  0.8197  0.2967

PART 44
OFFSET  26.2218  9.1976 -18.0140
X  0.8151  0.5228  0.2495
Y  0.1553  0.2177 -0.9636
Z -0.5581  0.8242  0.0962

PART 45
OFFSET -10.8444 -11.7139 -5.9426
X -0.9182  0.3768 -0.1221
Y -0.2386 -0.2803  0.9298
Z  0.3161  0.8829  0.3472

PART 46
OFFSET  0.2606 -16.2702 -4.4660
X -0.7118 -0.6927  0.1160
Y  0.7010 -0.6903  0.1793
Z -0.0442  0.2089  0.9769

PART 47
OFFSET  6.3147 -10.3782 -5.4524
X -0.7118 -0.6927  0.1160
Y  0.4702 -0.5926 -0.6540
Z  0.5218 -0.4110  0.7475

PART 48
OFFSET  6.9146 -9.1623 -6.9107
X -0.7158 -0.6893  0.1120
Y  0.0360 -0.1966 -0.9798
Z  0.6974 -0.6973  0.1655

PART 49
OFFSET  6.5105 -8.1139 -6.4359
X -0.7158 -0.6893  0.1120
Y  0.0360 -0.1966 -0.9798
Z  0.6974 -0.6973  0.1655

PART 50
OFFSET  6.6209 -7.8604 -5.0956
X -0.7158 -0.6893  0.1120
Y  0.0360 -0.1966 -0.9798
Z  0.6974 -0.6973  0.1655

PART 51
OFFSET  8.4968 -8.2544 -5.8079
X -0.5561 -0.7894  0.2600
Y  0.4801 -0.5605 -0.6748
Z  0.6784 -0.2504  0.6907

PART 52
OFFSET  8.0051 -7.2556 -5.5574
X  0.1787 -0.9622  0.2053
Y  0.4142 -0.1156 -0.9028
Z  0.8925  0.2464  0.3779

PART 53
OFFSET  7.5284 -5.1813 -5.9312
X -0.4652 -0.5030  0.7285
Y  0.4176 -0.8503 -0.3204
Z  0.7805  0.1552  0.6056

PART 54
OFFSET  8.2168 -4.4375 -7.1941
X -0.5123  0.2619  0.8179
Y  0.0082 -0.9508  0.3097
Z  0.8588  0.1654  0.4850

PART 55
OFFSET  8.7314 -4.7121 -8.1060
X -0.9281 -0.1088  0.3560
Y -0.3589  0.0077 -0.9333
Z  0.0988 -0.9940 -0.0462

PART 56
OFFSET  9.3444 -8.1360 -6.8901
X -0.5357 -0.4989  0.6813
Y  0.8144 -0.0920  0.5729
Z -0.2231  0.8618  0.4556

PART 57
OFFSET  10.4156 -6.8783 -8.4248
X  0.5732 -0.4660  0.6740
Y  0.8183  0.2834 -0.5000
Z  0.0420  0.8382  0.5438

PART 58
OFFSET  9.6041 -6.2185 -9.3790
X  0.9944  0.0139 -0.1047
Y -0.0926  0.5911 -0.8012
Z  0.0508  0.8065  0.5891

PART 59
OFFSET  8.7224 -6.2308 -9.2861
X  0.5071  0.4463 -0.7374
Y -0.8612  0.2976 -0.4121
Z  0.0355  0.8439  0.5352

PART 60
OFFSET  8.2407 -6.6548 -8.5856
X  0.1476 -0.6502  0.7453
Y -0.9719  0.0441  0.2310
Z -0.1831 -0.7585 -0.6255

PART 61
OFFSET  9.2424 -7.6248 -6.4024
X -0.5479 -0.6388  0.5401
Y  0.7633 -0.1176  0.6352
Z -0.3423  0.7603  0.5521

PART 62
OFFSET  10.7320 -6.0823 -7.8722
X  0.5233 -0.3947  0.7553
Y  0.8520  0.2593 -0.4548
Z -0.0163  0.8815  0.4719

PART 63
OFFSET  9.8411 -5.4104 -9.1580
X  0.9530  0.1580 -0.2584
Y -0.3027  0.4699 -0.8292
Z -0.0096  0.8685  0.4956

PART 64
OFFSET  8.5203 -5.6294 -8.8000
X  0.3473  0.4713 -0.8107
Y -0.9376  0.1603 -0.3085
Z -0.0154  0.8673  0.4976

PART 65
OFFSET  8.1436 -6.1405 -7.9207
X  0.2503 -0.4350  0.8649
Y -0.9657 -0.1761  0.1908
Z  0.0693 -0.8830 -0.4642

PART 66
OFFSET  6.1401 -11.2001 -3.7848
X -0.4274 -0.7040  0.5672
Y -0.7914 -0.0119 -0.6112
Z  0.4370 -0.7101 -0.5520

PART 67
OFFSET  10.5536 -4.8488 -6.0556
X -0.5770 -0.6764  0.4579
Y  0.7658 -0.2529  0.5913
Z -0.2842  0.6918  0.6639

PART 68
OFFSET  11.5694 -3.6579 -6.8617
X -0.5536 -0.6799  0.4809
Y  0.7678 -0.1931  0.6109
Z -0.3224  0.7075  0.6289

PART 69
OFFSET  12.2228 -2.7884 -7.4082
X -0.5259 -0.7286  0.4389
Y  0.7776 -0.2028  0.5952
Z -0.3446  0.6543  0.6732

PART 70
OFFSET  12.8169 -1.9655 -7.9039
X -0.6277  0.6043 -0.4908
Y  0.7755  0.5402 -0.3267
Z  0.0677 -0.5857 -0.8077

PART 71
OFFSET  10.8935 -5.4961 -6.8838
X  0.4012 -0.4317  0.8078
Y  0.8947  0.3736 -0.2447
Z -0.1962  0.8210  0.5362

PART 72
OFFSET  10.1097 -4.6527 -8.4620
X  0.9757  0.2187  0.0141
Y -0.0974  0.4903 -0.8661
Z -0.1963  0.8436  0.4997

PART 73
OFFSET  8.6846 -4.9722 -8.4826
X  0.4274  0.5062 -0.7491
Y -0.8751  0.0236 -0.4834
Z -0.2270  0.8621  0.4530

PART 74
OFFSET  8.2015 -5.5515 -7.6378
X  0.2457 -0.4583  0.8542
Y -0.9591 -0.2426  0.1457
Z  0.1405 -0.8550 -0.4992

PART 75
OFFSET  0.0000 -0.0000 -0.0000
X  1.0000 -0.0000  0.0000
Y  0.0000  1.0000  0.0000
Z  0.0000 -0.0000  1.0000

PART 76
OFFSET  0.0000 -0.0000 -0.0000
X  1.0000 -0.0000  0.0000
Y  0.0000  1.0000  0.0000
Z  0.0000 -0.0000  1.0000

PART 77
OFFSET  1.5404 -0.0000  4.1357
X  1.0000 -0.0000  0.0000
Y  0.0000  1.0000  0.0000
Z  0.0000 -0.0000  1.0000


FRAME 2013
PART 0
OFFSET  0.0000 -0.0000 -0.0000
X  1.0000 -0.0000  0.0000
Y  0.0000  1.0000  0.0000
Z  0.0000 -0.0000  1.0000

PART 1
OFFSET -4.6318 -0.0000 -1.3770
X  1.0000 -0.0000  0.0000
Y  0.0000  1.0000  0.0000
Z  0.0000 -0.0000  1.0000

PART 2
OFFSET -3.5060  6.3408 -6.7125
X  0.6405 -0.2798 -0.7151
Y  0.1558 -0.8646  0.4778
Z -0.7520 -0.4174 -0.5102

PART 3
OFFSET  4.2406  2.9571 -15.3614
X  0.9162 -0.1825  0.3566
Y -0.3136  0.2272  0.9220
Z -0.2493 -0.9566  0.1510

PART 4
OFFSET  12.0337  1.4051 -12.3280
X  0.9162 -0.1825  0.3566
Y  0.2038  0.9788 -0.0228
Z -0.3449  0.0935  0.9340

PART 5
OFFSET  14.0018  2.6733 -12.8204
X  0.9188 -0.1812  0.3508
Y  0.2512  0.9537 -0.1652
Z -0.3046  0.2399  0.9218

PART 6
OFFSET  13.1746  0.2363 -13.0136
X  0.9188 -0.1812  0.3508
Y  0.2512  0.9537 -0.1652
Z -0.3046  0.2399  0.9218

PART 7
OFFSET  13.6884  2.7225 -10.5214
X  0.9188 -0.1812  0.3508
Y  0.2512  0.9537 -0.1652
Z -0.3046  0.2399  0.9218

PART 8
OFFSET  13.2139  1.2331 -10.3464
X  0.9188 -0.1812  0.3508
Y  0.2512  0.9537 -0.1652
Z -0.3046  0.2399  0.9218

PART 9
OFFSET  12.7461  0.0830 -10.8021
X  0.9188 -0.1812  0.3508
Y  0.2512  0.9537 -0.1652
Z -0.3046  0.2399  0.9218

PART 10
OFFSET  14.8426  0.8458 -11.2346
X  0.8398  0.5241 -0.1418
Y -0.5171  0.8517  0.0851
Z  0.1653  0.0018  0.9862

PART 11
OFFSET  14.7892  1.9042 -10.8113
X  0.6682  0.7439 -0.0106
Y -0.6948  0.6189 -0.3664
Z -0.2660  0.2522  0.9304

PART 12
OFFSET  16.1469  3.5853 -10.8190
X  0.9032  0.3919 -0.1750
Y -0.4173  0.8972 -0.1445
Z  0.1003  0.2036  0.9739

PART 13
OFFSET  17.6412  4.1873 -10.9837
X  0.7431  0.6682 -0.0348
Y -0.6521  0.7115 -0.2617
Z -0.1502  0.2172  0.9645

PART 14
OFFSET  18.4268  4.9320 -10.9817
X  0.5106  0.5004 -0.6992
Y -0.1199 -0.7638 -0.6342
Z -0.8514  0.4077 -0.3300

PART 15
OFFSET  16.1403  0.3776 -11.2464
X  0.9966  0.0811  0.0167
Y -0.0123 -0.0546  0.9984
Z  0.0819 -0.9952 -0.0534

PART 16
OFFSET  18.3660  0.6982 -11.0786
X -0.0390  0.4417  0.8963
Y -0.9953  0.0623 -0.0740
Z -0.0886 -0.8950  0.4372

PART 17
OFFSET  18.3108  1.3236 -9.8097
X -0.4398  0.4343  0.7861
Y -0.8961 -0.1543 -0.4161
Z -0.0594 -0.8875  0.4570

PART 18
OFFSET  17.9208  1.7086 -9.1127
X -0.6916  0.3769  0.6161
Y -0.7130 -0.2203 -0.6656
Z -0.1152 -0.8996  0.4212

PART 19
OFFSET  17.2638  2.0667 -8.5274
X  0.9932 -0.0199 -0.1143
Y -0.1078 -0.5226 -0.8457
Z -0.0429  0.8524 -0.5212

PART 20
OFFSET  15.9583  1.0587 -11.3587
X  0.9590  0.2372 -0.1551
Y  0.1706 -0.0463  0.9842
Z  0.2263 -0.9704 -0.0848

PART 21
OFFSET  18.4927  1.6198 -11.5025
X  0.3453  0.1798  0.9211
Y -0.9176  0.2707  0.2912
Z -0.1970 -0.9457  0.2584

PART 22
OFFSET  19.0806  1.9258 -9.9343
X -0.5700  0.3323  0.7515
Y -0.8019 -0.0259 -0.5968
Z -0.1788 -0.9428  0.2812

PART 23
OFFSET  18.2906  2.3863 -8.8929
X -0.8292  0.2934  0.4757
Y -0.5304 -0.1450 -0.8352
Z -0.1761 -0.9449  0.2759

PART 24
OFFSET  17.3913  2.7046 -8.3770
X  0.9737 -0.2040  0.1009
Y  0.0487 -0.2463 -0.9680
Z  0.2224  0.9475 -0.2299

PART 25
OFFSET  16.6990  3.8145 -11.0079
X  0.9361  0.3289  0.1244
Y  0.0658  0.1838 -0.9808
Z -0.3454  0.9263  0.1504

PART 26
OFFSET  17.6635  3.5294 -12.0893
X  0.9458 -0.0427  0.3220
Y -0.3198  0.0513  0.9461
Z -0.0569 -0.9978  0.0348

PART 27
OFFSET  19.3286  3.4542 -11.5224
X  0.3273 -0.0812  0.9414
Y -0.9430  0.0357  0.3309
Z -0.0605 -0.9961 -0.0649

PART 28
OFFSET  19.7302  3.4160 -10.3740
X -0.4065  0.0662  0.9113
Y -0.9128  0.0141 -0.4082
Z -0.0398 -0.9977  0.0547

PART 29
OFFSET  19.2711  3.4908 -9.3447
X  0.9451 -0.3149  0.0872
Y  0.1164  0.0751 -0.9904
Z  0.3053  0.9462  0.1076

PART 30
OFFSET  18.1645  2.5499 -11.9896
X  0.6277  0.1025  0.7717
Y -0.7777  0.1251  0.6160
Z -0.0334 -0.9868  0.1582

PART 31
OFFSET  19.3908  2.7502 -10.4821
X -0.3457  0.1698  0.9228
Y -0.9350  0.0205 -0.3540
Z -0.0790 -0.9853  0.1517

PART 32
OFFSET  18.8859  2.9982 -9.1342
X -0.8429  0.1536  0.5157
Y -0.5263 -0.0357 -0.8495
Z -0.1121 -0.9875  0.1110

PART 33
OFFSET  17.9308  3.1653 -8.5487
X  0.9896 -0.0319  0.1401
Y  0.1310 -0.1995 -0.9711
Z  0.0589  0.9794 -0.1932

PART 34
OFFSET  17.6501  1.8104 -10.1619
X  0.1852 -0.9823 -0.0292
Y -0.1653 -0.0018 -0.9862
Z  0.9687  0.1875 -0.1627

PART 35
OFFSET  10.3958 -3.3699 -6.7543
X  0.7300  0.5747 -0.3698
Y -0.6636  0.4668 -0.5846
Z -0.1634  0.6722  0.7221

PART 36
OFFSET  10.3958 -3.3699 -6.7543
X  0.7300  0.5747 -0.3698
Y -0.6636  0.4668 -0.5846
Z -0.1634  0.6722  0.7221

PART 37
OFFSET  14.0672  1.1296 -6.8474
X  0.7265  0.5883 -0.3550
Y -0.6636  0.4668 -0.5846
Z -0.1782  0.6603  0.7296

PART 38
OFFSET  13.4150 -0.7547 -8.1191
X  0.7300  0.5747 -0.3698
Y -0.6636  0.4668 -0.5846
Z -0.1634  0.6722  0.7221

PART 39
OFFSET  10.2228 -5.3420 -8.1326
X  0.7300  0.5747 -0.3698
Y -0.6636  0.4668 -0.5846
Z -0.1634  0.6722  0.7221

PART 40
OFFSET  20.9517  3.5862 -12.5783
X -0.4298  0.4017  0.8086
Y -0.6123 -0.7879  0.0660
Z  0.6636 -0.4668  0.5846

PART 41
OFFSET  20.9517  3.5862 -12.5783
X -0.6636  0.4668 -0.5846
Y -0.7300 -0.5747  0.3698
Z -0.1634  0.6722  0.7221

PART 42
OFFSET  20.5422  3.1610 -12.9488
X -0.6636  0.4668 -0.5846
Y -0.7300 -0.5747  0.3698
Z -0.1634  0.6722  0.7221

PART 43
OFFSET  19.6132  3.8145 -13.7673
X -0.4791  0.0445 -0.8766
Y -0.7300 -0.5747  0.3698
Z -0.4874  0.8171  0.3078

PART 44
OFFSET  26.2858  8.8476 -17.6465
X  0.8165  0.5156  0.2595
Y  0.1588  0.2316 -0.9598
Z -0.5550  0.8249  0.1072

PART 45
OFFSET -10.8444 -11.7139 -5.9426
X -0.9055  0.4047 -0.1275
Y -0.2519 -0.2708  0.9291
Z  0.3415  0.8734  0.3472

PART 46
OFFSET  0.1066 -16.6087 -4.4006
X -0.7217 -0.6823  0.1168
Y  0.6909 -0.6996  0.1822
Z -0.0426  0.2122  0.9763

PART 47
OFFSET  6.2451 -10.8058 -5.3941
X -0.7217 -0.6823  0.1168
Y  0.4593 -0.5983 -0.6566
Z  0.5179 -0.4202  0.7451

PART 48
OFFSET  6.8642 -9.6026 -6.8548
X -0.7256 -0.6788  0.1128
Y  0.0346 -0.1997 -0.9792
Z  0.6872 -0.7067  0.1684

PART 49
OFFSET  6.4744 -8.5472 -6.3835
X -0.7256 -0.6788  0.1128
Y  0.0346 -0.1997 -0.9792
Z  0.6872 -0.7067  0.1684

PART 50
OFFSET  6.5864 -8.2916 -5.0437
X -0.7256 -0.6788  0.1128
Y  0.0346 -0.1997 -0.9792
Z  0.6872 -0.7067  0.1684

PART 51
OFFSET  8.4576 -8.7142 -5.7522
X -0.5600 -0.7910  0.2466
Y  0.4797 -0.5522 -0.6819
Z  0.6755 -0.2635  0.6886

PART 52
OFFSET  7.9692 -7.7173 -5.4879
X  0.1743 -0.9660  0.1912
Y  0.4162 -0.1037 -0.9034
Z  0.8924  0.2370  0.3839

PART 53
OFFSET  7.5019 -5.6356 -5.8316
X -0.4691 -0.5120  0.7196
Y  0.4151 -0.8470 -0.3321
Z  0.7795  0.1429  0.6099

PART 54
OFFSET  8.1968 -4.8756 -7.0814
X -0.5135  0.2517  0.8204
Y  0.0035 -0.9554  0.2953
Z  0.8581  0.1545  0.4897

PART 55
OFFSET  8.7127 -5.1386 -7.9959
X -0.9295 -0.1104  0.3519
Y -0.3564  0.0232 -0.9340
Z  0.0949 -0.9936 -0.0609

PART 56
OFFSET  9.3086 -8.5829 -6.8302
X -0.5395 -0.5069  0.6723
Y  0.8125 -0.1040  0.5736
Z -0.2209  0.8557  0.4680

PART 57
OFFSET  10.3890 -7.3066 -8.3429
X  0.5695 -0.4785  0.6684
Y  0.8208  0.2876 -0.4935
Z  0.0440  0.8297  0.5565

PART 58
OFFSET  9.5827 -6.6291 -9.2892
X  0.9947  0.0114 -0.1019
Y -0.0881  0.6035 -0.7925
Z  0.0525  0.7973  0.6014

PART 59
OFFSET  8.7008 -6.6393 -9.1988
X  0.5109  0.4553 -0.7292
Y -0.8588  0.3073 -0.4098
Z  0.0375  0.8356  0.5480

PART 60
OFFSET  8.2154 -7.0718 -8.5061
X  0.1430 -0.6620  0.7357
Y -0.9724  0.0446  0.2291
Z -0.1845 -0.7482 -0.6373

PART 61
OFFSET  9.2073 -8.0787 -6.3351
X -0.5519 -0.6447  0.5290
Y  0.7611 -0.1303  0.6354
Z -0.3407  0.7533  0.5626

PART 62
OFFSET  10.7071 -6.5203 -7.7775
X  0.5196 -0.4082  0.7506
Y  0.8543  0.2626 -0.4486
Z -0.0140  0.8743  0.4851

PART 63
OFFSET  9.8224 -5.8254 -9.0554
X  0.9544  0.1580 -0.2534
Y -0.2985  0.4835 -0.8228
Z -0.0075  0.8609  0.5086

PART 64
OFFSET  8.4997 -6.0444 -8.7042
X  0.3514  0.4820 -0.8026
Y -0.9361  0.1688 -0.3085
Z -0.0132  0.8597  0.5106

PART 65
OFFSET  8.1186 -6.5672 -7.8337
X  0.2462 -0.4491  0.8589
Y -0.9669 -0.1751  0.1856
Z  0.0670 -0.8762 -0.4773

PART 66
OFFSET  6.0835 -11.6804 -3.7800
X -0.4318 -0.7107  0.5554
Y -0.7898  0.0005 -0.6134
Z  0.4356 -0.7035 -0.5615

PART 67
OFFSET  10.5288 -5.3136 -5.9430
X -0.5809 -0.6809  0.4461
Y  0.7631 -0.2649  0.5894
Z -0.2831  0.6828  0.6735

PART 68
OFFSET  11.5516 -4.1148 -6.7284
X -0.5576 -0.6848  0.4692
Y  0.7654 -0.2054  0.6099
Z -0.3213  0.6992  0.6387

PART 69
OFFSET  12.2100 -3.2399 -7.2599
X -0.5300 -0.7329  0.4264
Y  0.7752 -0.2149  0.5941
Z -0.3438  0.6454  0.6821

PART 70
OFFSET  12.8087 -2.4120 -7.7416
X -0.6239  0.6142 -0.4833
Y  0.7786  0.5419 -0.3165
Z  0.0675 -0.5737 -0.8163

PART 71
OFFSET  10.8683 -5.9498 -6.7800
X  0.3973 -0.4455  0.8023
Y  0.8969  0.3736 -0.2367
Z -0.1943  0.8136  0.5480

PART 72
OFFSET  10.0922 -5.0794 -8.3473
X  0.9765  0.2145  0.0200
Y -0.0931  0.5037 -0.8588
Z -0.1943  0.8368  0.5119

PART 73
OFFSET  8.6658 -5.3927 -8.3765
X  0.4315  0.5157 -0.7402
Y -0.8737  0.0344 -0.4853
Z -0.2248  0.8561  0.4654

PART 74
OFFSET  8.1782 -5.9828 -7.5418
X  0.2415 -0.4721  0.8478
Y -0.9605 -0.2409  0.1395
Z  0.1384 -0.8480 -0.5117

PART 75
OFFSET  0.0000 -0.0000 -0.0000
X  1.0000 -0.0000  0.0000
Y  0.0000  1.0000  0.0000
Z  0.0000 -0.0000  1.0000

PART 76
OFFSET  0.0000 -0.0000 -0.0000
X  1.0000 -0.0000  0.0000
Y  0.0000  1.0000  0.0000
Z  0.0000 -0.0000  1.0000

PART 77
OFFSET  1.5404 -0.0000  4.1357
X  1.0000 -0.0000  0.0000
Y  0.0000  1.0000  0.0000
Z  0.0000 -0.0000  1.0000


FRAME 2014
PART 0
OFFSET  0.0000 -0.0000 -0.0000
X  1.0000 -0.0000  0.0000
Y  0.0000  1.0000  0.0000
Z  0.0000 -0.0000  1.0000

PART 1
OFFSET -4.6318 -0.0000 -1.3770
X  1.0000 -0.0000  0.0000
Y  0.0000  1.0000  0.0000
Z  0.0000 -0.0000  1.0000

PART 2
OFFSET -3.5060  6.3408 -6.7125
X  0.6514 -0.2906 -0.7008
Y  0.1223 -0.8714  0.4751
Z -0.7488 -0.3952 -0.5321

PART 3
OFFSET  4.3724  2.8260 -15.1884
X  0.9069 -0.2109  0.3647
Y -0.3179  0.2255  0.9209
Z -0.2764 -0.9511  0.1375

PART 4
OFFSET  12.0863  1.0324 -12.0866
X  0.9069 -0.2109  0.3647
Y  0.2286  0.9735 -0.0055
Z -0.3539  0.0883  0.9311

PART 5
OFFSET  14.0930  2.2526 -12.5430
