// Export filename: `C:\projects\cod\t5\xanim_export\t5_viewmodels\ak47\ak47_sprint_out.XANIM_EXPORT`
// Source filename: `D:\projects\devanim\t5\animation_assets\viewmodels/ak47/ViewModel_AK47_animated.fbx`
// Export time: Wed Aug 18 01:04:26 2010

ANIMATION
VERSION 3

NUMPARTS 78
PART 0 "tag_ads"
PART 1 "tag_torso"
PART 2 "J_Shoulder_LE"
PART 3 "J_Elbow_LE"
PART 4 "J_WristTwist_LE"
PART 5 "J_Sleave_Reshape_Bottom_LE_1"
PART 6 "J_Sleave_Reshape_Bottom_LE_2"
PART 7 "J_Sleave_Reshape_Top_LE_1"
PART 8 "J_Sleave_Reshape_Top_LE_2"
PART 9 "J_Sleave_Reshape_Top_LE_3"
PART 10 "J_Wrist_LE"
PART 11 "J_Thumb_LE_0"
PART 12 "J_Thumb_LE_1"
PART 13 "J_Thumb_LE_2"
PART 14 "J_Thumb_LE_3"
PART 15 "J_PinkyPalm_LE"
PART 16 "J_Pinky_LE_0"
PART 17 "J_Pinky_LE_1"
PART 18 "J_Pinky_LE_2"
PART 19 "J_Pinky_LE_3"
PART 20 "J_RingPalm_LE"
PART 21 "J_Ring_LE_0"
PART 22 "J_Ring_LE_1"
PART 23 "J_Ring_LE_2"
PART 24 "J_Ring_LE_3"
PART 25 "J_Webbing_LE"
PART 26 "J_Index_LE_0"
PART 27 "J_Index_LE_1"
PART 28 "J_Index_LE_2"
PART 29 "J_Index_LE_3"
PART 30 "J_Mid_LE_0"
PART 31 "J_Mid_LE_1"
PART 32 "J_Mid_LE_2"
PART 33 "J_Mid_LE_3"
PART 34 "tag_knife_attach"
PART 35 "tag_weapon"
PART 36 "J_Gun"
PART 37 "J_bolt"
PART 38 "TAG_CLIP"
PART 39 "tag_flame_unit"
PART 40 "tag_flamer_bracket"
PART 41 "tag_flamer_bottle"
PART 42 "tag_flamer_button"
PART 43 "tag_flamer_ring"
PART 44 "tag_flamer_pilot_light"
PART 45 "J_Shoulder_RI"
PART 46 "J_Elbow_RI"
PART 47 "J_WristTwist_RI"
PART 48 "J_Sleave_Reshape_Top_RI_3"
PART 49 "J_Sleave_Reshape_Top_RI_2"
PART 50 "J_Sleave_Reshape_Top_RI_1"
PART 51 "J_Wrist_RI"
PART 52 "J_Thumb_RI_0"
PART 53 "J_Thumb_RI_1"
PART 54 "J_Thumb_RI_2"
PART 55 "J_Thumb_RI_3"
PART 56 "J_PinkyPalm_RI"
PART 57 "J_Pinky_RI_0"
PART 58 "J_Pinky_RI_1"
PART 59 "J_Pinky_RI_2"
PART 60 "J_Pinky_RI_3"
PART 61 "J_RingPalm_RI"
PART 62 "J_Ring_RI_0"
PART 63 "J_Ring_RI_1"
PART 64 "J_Ring_RI_2"
PART 65 "J_Ring_RI_3"
PART 66 "J_Webbing_RI"
PART 67 "J_Index_RI_0"
PART 68 "J_Index_RI_1"
PART 69 "J_Index_RI_2"
PART 70 "J_Index_RI_3"
PART 71 "J_Mid_RI_0"
PART 72 "J_Mid_RI_1"
PART 73 "J_Mid_RI_2"
PART 74 "J_Mid_RI_3"
PART 75 "tag_cambone"
PART 76 "tag_camera"
PART 77 "tag_gasmask"

FRAMERATE 30
NUMFRAMES 11

FRAME 2040
PART 0
OFFSET  0.0000 -0.0000 -0.0000
X  1.0000 -0.0000  0.0000
Y  0.0000  1.0000  0.0000
Z  0.0000 -0.0000  1.0000

PART 1
OFFSET -4.6318 -0.0000 -1.3770
X  1.0000 -0.0000  0.0000
Y  0.0000  1.0000  0.0000
Z  0.0000 -0.0000  1.0000

PART 2
OFFSET -3.5060  6.3408 -6.7125
X  0.6228 -0.2593 -0.7381
Y  0.2252 -0.8441  0.4866
Z -0.7492 -0.4693 -0.4673

PART 3
OFFSET  4.0264  3.2043 -15.6393
X  0.9342 -0.1193  0.3361
Y -0.3030  0.2318  0.9244
Z -0.1882 -0.9654  0.1804

PART 4
OFFSET  11.9725  2.1899 -12.7805
X  0.9342 -0.1193  0.3361
Y  0.1363  0.9903 -0.0274
Z -0.3296  0.0714  0.9414

PART 5
OFFSET  13.8488  3.5584 -13.3559
X  0.9365 -0.1181  0.3301
Y  0.1899  0.9623 -0.1947
Z -0.2947  0.2450  0.9236

PART 6
OFFSET  13.1630  1.0729 -13.4685
X  0.9365 -0.1181  0.3301
Y  0.1899  0.9623 -0.1947
Z -0.2947  0.2450  0.9236

PART 7
OFFSET  13.5916  3.6476 -11.0511
X  0.9365 -0.1181  0.3301
Y  0.1899  0.9623 -0.1947
Z -0.2947  0.2450  0.9236

PART 8
OFFSET  13.2109  2.1378 -10.8279
X  0.9365 -0.1181  0.3301
Y  0.1899  0.9623 -0.1947
Z -0.2947  0.2450  0.9236

PART 9
OFFSET  12.8007  0.9510 -11.2432
X  0.9365 -0.1181  0.3301
Y  0.1899  0.9623 -0.1947
Z -0.2947  0.2450  0.9236

PART 10
OFFSET  14.8366  1.8242 -11.7501
X  0.8700  0.4589 -0.1803
Y -0.4526  0.8884  0.0775
Z  0.1957  0.0142  0.9806

PART 11
OFFSET  14.8716  2.8938 -11.3538
X  0.7185  0.6937 -0.0501
Y -0.6603  0.6578 -0.3622
Z -0.2183  0.2933  0.9307

PART 12
OFFSET  16.3440  4.4727 -11.4463
X  0.9228  0.3218 -0.2118
Y -0.3570  0.9210 -0.1561
Z  0.1448  0.2197  0.9648

PART 13
OFFSET  17.8713  4.9620 -11.6709
X  0.7871  0.6123 -0.0745
Y -0.6079  0.7497 -0.2614
Z -0.1042  0.2510  0.9624

PART 14
OFFSET  18.7074  5.6483 -11.7118
X  0.5227  0.4452 -0.7270
Y -0.1934 -0.7686 -0.6098
Z -0.8303  0.4594 -0.3156

PART 15
OFFSET  16.0969  1.2643 -11.7874
X  0.9998  0.0100 -0.0148
Y  0.0150 -0.0291  0.9995
Z  0.0095 -0.9995 -0.0292

PART 16
OFFSET  18.3439  1.4287 -11.6938
X  0.0203  0.4652  0.8850
Y -0.9902  0.1316 -0.0464
Z -0.1380 -0.8754  0.4634

PART 17
OFFSET  18.3727  2.0873 -10.4409
X -0.3832  0.4838  0.7868
Y -0.9173 -0.0999 -0.3854
Z -0.1078 -0.8694  0.4821

PART 18
OFFSET  18.0329  2.5163 -9.7433
X -0.6436  0.4405  0.6259
Y -0.7473 -0.1850 -0.6383
Z -0.1654 -0.8785  0.4482

PART 19
OFFSET  17.4214  2.9348 -9.1487
X  0.9853 -0.0938 -0.1428
Y -0.1709 -0.5341 -0.8279
Z  0.0013  0.8402 -0.5423

PART 20
OFFSET  15.9602  1.9536 -11.9125
X  0.9681  0.1640 -0.1895
Y  0.1975 -0.0342  0.9797
Z  0.1542 -0.9859 -0.0655

PART 21
OFFSET  18.5222  2.3281 -12.1457
X  0.3858  0.1772  0.9054
Y -0.8866  0.3427  0.3107
Z -0.2553 -0.9226  0.2893

PART 22
OFFSET  19.1789  2.6297 -10.6042
X -0.5213  0.3906  0.7587
Y -0.8200  0.0170 -0.5721
Z -0.2363 -0.9204  0.3114

PART 23
OFFSET  18.4564  3.1710 -9.5526
X -0.7911  0.3636  0.4918
Y -0.5652 -0.1271 -0.8151
Z -0.2339 -0.9228  0.3061

PART 24
OFFSET  17.5984  3.5654 -9.0192
X  0.9595 -0.2707  0.0777
Y  0.0010 -0.2728 -0.9621
Z  0.2816  0.9232 -0.2615

PART 25
OFFSET  16.9048  4.6572 -11.6574
X  0.9605  0.2640  0.0880
Y  0.0480  0.1545 -0.9868
Z -0.2741  0.9521  0.1357

PART 26
OFFSET  17.8124  4.2773 -12.7587
X  0.9500 -0.1024  0.2951
Y -0.2857  0.0972  0.9534
Z -0.1264 -0.9900  0.0631

PART 27
OFFSET  19.4850  4.0969 -12.2391
X  0.3499 -0.0812  0.9333
Y -0.9273  0.1112  0.3574
Z -0.1329 -0.9905 -0.0364

PART 28
OFFSET  19.9184  4.0583 -11.1023
X -0.3721  0.1175  0.9207
Y -0.9218  0.0693 -0.3814
Z -0.1087 -0.9906  0.0825

PART 29
OFFSET  19.4981  4.1911 -10.0624
X  0.9227 -0.3795  0.0678
Y  0.0905  0.0422 -0.9950
Z  0.3747  0.9242  0.0733

PART 30
OFFSET  18.2457  3.2671 -12.6476
X  0.6572  0.0762  0.7499
Y -0.7473  0.1955  0.6350
Z -0.0982 -0.9777  0.1855

PART 31
OFFSET  19.5295  3.4160 -11.1827
X -0.3039  0.2168  0.9277
Y -0.9418  0.0787 -0.3268
Z -0.1438 -0.9730  0.1802

PART 32
OFFSET  19.0857  3.7326 -9.8276
X -0.8134  0.2262  0.5360
Y -0.5538 -0.0188 -0.8325
Z -0.1783 -0.9739  0.1405

PART 33
OFFSET  18.1636  3.9820 -9.2190
X  0.9888 -0.0992  0.1117
Y  0.0862 -0.2321 -0.9689
Z  0.1221  0.9676 -0.2210

PART 34
OFFSET  17.7374  2.6114 -10.7864
X  0.1141 -0.9934 -0.0084
Y -0.1957 -0.0142 -0.9806
Z  0.9740  0.1136 -0.1961

PART 35
OFFSET  10.2443 -1.9509 -7.0301
X  0.7570  0.5117 -0.4063
Y -0.6468  0.4986 -0.5771
Z -0.0927  0.6997  0.7084

PART 36
OFFSET  10.2443 -1.9509 -7.0301
X  0.7570  0.5117 -0.4063
Y -0.6468  0.4986 -0.5771
Z -0.0927  0.6997  0.7084

PART 37
OFFSET  14.2205  2.2705 -7.3512
X  0.7550  0.5259 -0.3917
Y -0.6468  0.4986 -0.5771
Z -0.1082  0.6891  0.7166

PART 38
OFFSET  13.3971  0.4071 -8.5523
X  0.7570  0.5117 -0.4063
Y -0.6468  0.4986 -0.5771
Z -0.0927  0.6997  0.7084

PART 39
OFFSET  9.8892 -3.9387 -8.3495
X  0.7570  0.5117 -0.4063
Y -0.6468  0.4986 -0.5771
Z -0.0927  0.6997  0.7084

PART 40
OFFSET  21.0796  4.0864 -13.3454
X -0.3748  0.4512  0.8099
Y -0.6642 -0.7401  0.1049
Z  0.6468 -0.4986  0.5771

PART 41
OFFSET  21.0796  4.0864 -13.3454
X -0.6468  0.4986 -0.5771
Y -0.7570 -0.5117  0.4063
Z -0.0927  0.6997  0.7084

PART 42
OFFSET  20.6296  3.6827 -13.6922
X -0.6468  0.4986 -0.5771
Y -0.7570 -0.5117  0.4063
Z -0.0927  0.6997  0.7084

PART 43
OFFSET  19.7242  4.3807 -14.5002
X -0.5018  0.0571 -0.8631
Y -0.7570 -0.5117  0.4063
Z -0.4184  0.8573  0.3000

PART 44
OFFSET  26.6122  8.8263 -18.7068
X  0.8587  0.4621  0.2216
Y  0.1448  0.1960 -0.9699
Z -0.4916  0.8649  0.1014

PART 45
OFFSET -10.8444 -11.7139 -5.9426
X -0.9335  0.3392 -0.1162
Y -0.2261 -0.3051  0.9251
Z  0.2783  0.8899  0.3615

PART 46
OFFSET  0.4454 -15.8159 -4.5369
X -0.6498 -0.7518  0.1117
Y  0.7582 -0.6311  0.1637
Z -0.0526  0.1911  0.9802

PART 47
OFFSET  5.9725 -9.4213 -5.4867
X -0.6498 -0.7518  0.1117
Y  0.4908 -0.5273 -0.6936
Z  0.5803 -0.3959  0.7117

PART 48
OFFSET  6.4545 -8.1393 -6.9321
X -0.6541 -0.7487  0.1078
Y  0.0434 -0.1794 -0.9828
Z  0.7551 -0.6382  0.1498

PART 49
OFFSET  5.9679 -7.1353 -6.4390
X -0.6541 -0.7487  0.1078
Y  0.0434 -0.1794 -0.9828
Z  0.7551 -0.6382  0.1498

PART 50
OFFSET  6.0689 -6.8918 -5.0961
X -0.6541 -0.7487  0.1078
Y  0.0434 -0.1794 -0.9828
Z  0.7551 -0.6382  0.1498

PART 51
OFFSET  7.9647 -7.1164 -5.8291
X -0.6066 -0.7425  0.2840
Y  0.4179 -0.6017 -0.6807
Z  0.6763 -0.2942  0.6753

PART 52
OFFSET  7.5567 -6.0810 -5.5772
X  0.1113 -0.9710  0.2117
Y  0.3794 -0.1554 -0.9121
Z  0.9185  0.1819  0.3511

PART 53
OFFSET  7.2275 -3.9803 -5.9626
X -0.4816 -0.4593  0.7464
Y  0.3435 -0.8825 -0.3214
Z  0.8063  0.1016  0.5827

PART 54
OFFSET  7.9351 -3.3029 -7.2521
X -0.4685  0.3079  0.8281
Y -0.0549 -0.9457  0.3205
Z  0.8818  0.1047  0.4599

PART 55
OFFSET  8.4023 -3.6245 -8.1741
X -0.9236 -0.0349  0.3819
Y -0.3828  0.0257 -0.9235
Z  0.0224 -0.9991 -0.0371

PART 56
OFFSET  8.7888 -7.0730 -6.9347
X -0.5528 -0.4503  0.7011
Y  0.8206 -0.1478  0.5521
Z -0.1450  0.8806  0.4512

PART 57
OFFSET  9.9092 -5.9148 -8.5121
X  0.5548 -0.5015  0.6639
Y  0.8233  0.2158 -0.5249
Z  0.1199  0.8378  0.5326

PART 58
OFFSET  9.1238 -5.2048 -9.4520
X  0.9894 -0.0624 -0.1313
Y -0.0698  0.5886 -0.8054
Z  0.1275  0.8060  0.5780

PART 59
OFFSET  8.2466 -5.1495 -9.3356
X  0.5188  0.3995 -0.7558
Y -0.8473  0.3579 -0.3925
Z  0.1137  0.8440  0.5242

PART 60
OFFSET  7.7537 -5.5291 -8.6175
X  0.1186 -0.6523  0.7487
Y -0.9592  0.1197  0.2563
Z -0.2568 -0.7485 -0.6114

PART 61
OFFSET  8.7390 -6.5508 -6.4505
X -0.5794 -0.5903  0.5620
Y  0.7695 -0.1688  0.6160
Z -0.2688  0.7893  0.5520

PART 62
OFFSET  10.2996 -5.1397 -7.9774
X  0.5126 -0.4258  0.7457
Y  0.8563  0.1897 -0.4803
Z  0.0631  0.8847  0.4618

PART 63
OFFSET  9.4270 -4.4148 -9.2469
X  0.9548  0.0830 -0.2855
Y -0.2891  0.4833 -0.8263
Z  0.0694  0.8715  0.4855

PART 64
OFFSET  8.1037 -4.5298 -8.8513
X  0.3595  0.4358 -0.8252
Y -0.9310  0.2278 -0.2853
Z  0.0636  0.8708  0.4876

PART 65
OFFSET  7.7138 -5.0024 -7.9564
X  0.2404 -0.4443  0.8630
Y -0.9706 -0.1008  0.2185
Z -0.0101 -0.8902 -0.4555

PART 66
OFFSET  5.4492 -9.8557 -3.7095
X -0.4635 -0.6641  0.5866
Y -0.8065  0.0420 -0.5897
Z  0.3670 -0.7465 -0.5551

PART 67
OFFSET  10.2646 -3.8786 -6.1714
X -0.6135 -0.6264  0.4810
Y  0.7605 -0.3043  0.5736
Z -0.2129  0.7177  0.6630

PART 68
OFFSET  11.3447 -2.7758 -7.0182
X -0.5898 -0.6314  0.5035
Y  0.7676 -0.2447  0.5924
Z -0.2509  0.7359  0.6289

PART 69
OFFSET  12.0465 -1.9636 -7.5921
X -0.5671 -0.6824  0.4612
Y  0.7761 -0.2552  0.5766
Z -0.2757  0.6849  0.6744

PART 70
OFFSET  12.6870 -1.1928 -8.1130
X -0.5936  0.6452 -0.4810
Y  0.8048  0.4768 -0.3536
Z  0.0012 -0.5969 -0.8023

PART 71
OFFSET  10.5319 -4.5578 -7.0007
X  0.3896 -0.4530  0.8019
Y  0.9133  0.3025 -0.2728
Z -0.1190  0.8386  0.5315

PART 72
OFFSET  9.7709 -3.6729 -8.5672
X  0.9894  0.1445 -0.0144
Y -0.0839  0.4879 -0.8689
Z -0.1185  0.8609  0.4948

PART 73
OFFSET  8.3257 -3.8839 -8.5462
X  0.4436  0.4651 -0.7661
Y -0.8838  0.0850 -0.4602
Z -0.1489  0.8812  0.4488

PART 74
OFFSET  7.8237 -4.4168 -7.6820
X  0.2338 -0.4672  0.8526
Y -0.9703 -0.1680  0.1740
Z  0.0619 -0.8680 -0.4927

PART 75
OFFSET  0.0000 -0.0000 -0.0000
X  1.0000 -0.0000  0.0000
Y  0.0000  1.0000  0.0000
Z  0.0000 -0.0000  1.0000

PART 76
OFFSET  0.0000 -0.0000 -0.0000
X  1.0000 -0.0000  0.0000
Y  0.0000  1.0000  0.0000
Z  0.0000 -0.0000  1.0000

PART 77
OFFSET  1.5404 -0.0000  4.1357
X  1.0000 -0.0000  0.0000
Y  0.0000  1.0000  0.0000
Z  0.0000 -0.0000  1.0000


FRAME 2041
PART 0
OFFSET  0.0000 -0.0000 -0.0000
X  1.0000 -0.0000  0.0000
Y  0.0000  1.0000  0.0000
Z  0.0000 -0.0000  1.0000

PART 1
OFFSET -4.6318 -0.0000 -1.3770
X  1.0000 -0.0000  0.0000
Y  0.0000  1.0000  0.0000
Z  0.0000 -0.0000  1.0000

PART 2
OFFSET -3.5060  6.3408 -6.7125
X  0.6270 -0.2598 -0.7344
Y  0.2181 -0.8465  0.4857
Z -0.7479 -0.4647 -0.4741

PART 3
OFFSET  4.0764  3.1987 -15.5949
X  0.9304 -0.1236  0.3451
Y -0.3113  0.2307  0.9219
Z -0.1936 -0.9651  0.1762

PART 4
OFFSET  11.9897  2.1475 -12.6592
X  0.9304 -0.1236  0.3451
Y  0.1317  0.9913  0.0001
Z -0.3421  0.0454  0.9385

PART 5
OFFSET  13.8767  3.5103 -13.2125
X  0.9327 -0.1224  0.3392
Y  0.1955  0.9621 -0.1904
Z -0.3030  0.2439  0.9212

PART 6
OFFSET  13.1827  1.0277 -13.3380
X  0.9327 -0.1224  0.3392
Y  0.1955  0.9621 -0.1904
Z -0.3030  0.2439  0.9212

PART 7
OFFSET  13.5968  3.5949 -10.9101
X  0.9327 -0.1224  0.3392
Y  0.1955  0.9621 -0.1904
Z -0.3030  0.2439  0.9212

PART 8
OFFSET  13.2083  2.0860 -10.6944
X  0.9327 -0.1224  0.3392
Y  0.1955  0.9621 -0.1904
Z -0.3030  0.2439  0.9212

PART 9
OFFSET  12.7978  0.9018 -11.1168
X  0.9327 -0.1224  0.3392
Y  0.1955  0.9621 -0.1904
Z -0.3030  0.2439  0.9212

PART 10
OFFSET  14.8419  1.7686 -11.6011
X  0.8809  0.4414 -0.1708
Y -0.4309  0.8973  0.0963
Z  0.1957 -0.0112  0.9806

PART 11
OFFSET  14.9027  2.8284 -11.1824
X  0.7352  0.6769 -0.0356
Y -0.6440  0.6812 -0.3481
Z -0.2114  0.2789  0.9368

PART 12
OFFSET  16.4132  4.3726 -11.2418
X  0.9304  0.3037 -0.2052
Y -0.3345  0.9324 -0.1366
Z  0.1498  0.1957  0.9691

PART 13
OFFSET  17.9519  4.8292 -11.4564
X  0.8018  0.5944 -0.0617
Y -0.5894  0.7697 -0.2454
Z -0.0984  0.2331  0.9675

PART 14
OFFSET  18.8045  5.4957 -11.4830
X  0.5336  0.4476 -0.7176
Y -0.2119 -0.7506 -0.6258
Z -0.8187  0.4860 -0.3057

PART 15
OFFSET  16.0883  1.1790 -11.6505
X  0.9998 -0.0140 -0.0147
Y  0.0140 -0.0505  0.9986
Z -0.0148 -0.9986 -0.0503

PART 16
OFFSET  18.3385  1.2867 -11.5539
X  0.0314  0.4458  0.8946
Y -0.9867  0.1566 -0.0434
Z -0.1594 -0.8813  0.4448

PART 17
OFFSET  18.3829  1.9180 -10.2874
X -0.3716  0.4763  0.7969
Y -0.9194 -0.0695 -0.3872
Z -0.1291 -0.8765  0.4637

PART 18
OFFSET  18.0534  2.3403 -9.5808
X -0.6329  0.4427  0.6351
Y -0.7513 -0.1533 -0.6419
Z -0.1868 -0.8835  0.4297

PART 19
OFFSET  17.4522  2.7609 -8.9774
X  0.9828 -0.1147 -0.1450
Y -0.1835 -0.5123 -0.8390
Z  0.0219  0.8511 -0.5245

PART 20
OFFSET  15.9683  1.8740 -11.7610
X  0.9719  0.1444 -0.1862
Y  0.1963 -0.0596  0.9787
Z  0.1302 -0.9877 -0.0863

PART 21
OFFSET  18.5388  2.1909 -11.9867
X  0.3897  0.1486  0.9089
Y -0.8781  0.3576  0.3180
Z -0.2777 -0.9220  0.2698

PART 22
OFFSET  19.2022  2.4439 -10.4393
X -0.5119  0.3870  0.7669
Y -0.8192  0.0489 -0.5715
Z -0.2587 -0.9208  0.2920

PART 23
OFFSET  18.4927  2.9803 -9.3765
X -0.7822  0.3723  0.4995
Y -0.5678 -0.0962 -0.8175
Z -0.2563 -0.9231  0.2866

PART 24
OFFSET  17.6444  3.3841 -8.8347
X  0.9526 -0.2955  0.0718
Y -0.0054 -0.2524 -0.9676
Z  0.3041  0.9214 -0.2420

PART 25
OFFSET  16.9783  4.5478 -11.4491
X  0.9666  0.2386  0.0934
Y  0.0520  0.1740 -0.9834
Z -0.2509  0.9554  0.1558

PART 26
OFFSET  17.8768  4.1692 -12.5584
X  0.9471 -0.1317  0.2927
Y -0.2835  0.0840  0.9553
Z -0.1504 -0.9877  0.0423

PART 27
OFFSET  19.5443  3.9373 -12.0430
X  0.3475 -0.1094  0.9313
Y -0.9244  0.1262  0.3598
Z -0.1569 -0.9860 -0.0573

PART 28
OFFSET  19.9763  3.8643 -10.9074
X -0.3694  0.1071  0.9231
Y -0.9197  0.0998 -0.3797
Z -0.1328 -0.9892  0.0616

PART 29
OFFSET  19.5590  3.9852 -9.8648
X  0.9132 -0.4032  0.0596
Y  0.0918  0.0609 -0.9939
Z  0.3971  0.9131  0.0927

PART 30
OFFSET  18.2854  3.1467 -12.4687
X  0.6586  0.0444  0.7512
Y -0.7425  0.2002  0.6392
Z -0.1220 -0.9787  0.1648

PART 31
OFFSET  19.5720  3.2335 -11.0012
X -0.2988  0.2045  0.9322
Y -0.9395  0.1084 -0.3249
Z -0.1675 -0.9728  0.1597

PART 32
OFFSET  19.1356  3.5321 -9.6397
X -0.8078  0.2346  0.5408
Y -0.5538  0.0123 -0.8326
Z -0.2019 -0.9720  0.1200

PART 33
OFFSET  18.2196  3.7909 -9.0257
X  0.9860 -0.1256  0.1094
Y  0.0808 -0.2137 -0.9736
Z  0.1456  0.9688 -0.2006

PART 34
OFFSET  17.7607  2.4645 -10.6217
X  0.0900 -0.9955 -0.0294
Y -0.1957  0.0112 -0.9806
Z  0.9765  0.0940 -0.1938

PART 35
OFFSET  10.1577 -1.9925 -6.9609
X  0.7694  0.5016 -0.3956
Y -0.6343  0.5262 -0.5663
Z -0.0759  0.6866  0.7230

PART 36
OFFSET  10.1577 -1.9925 -6.9609
X  0.7694  0.5016 -0.3956
Y -0.6343  0.5262 -0.5663
Z -0.0759  0.6866  0.7230

PART 37
OFFSET  14.2354  2.1368 -7.1937
X  0.7676  0.5155 -0.3807
Y -0.6343  0.5262 -0.5663
Z -0.0916  0.6762  0.7310

PART 38
OFFSET  13.3674  0.3197 -8.4337
X  0.7694  0.5016 -0.3956
Y -0.6343  0.5262 -0.5663
Z -0.0759  0.6866  0.7230

PART 39
OFFSET  9.7547 -3.9428 -8.3219
X  0.7694  0.5016 -0.3956
Y -0.6343  0.5262 -0.5663
Z -0.0759  0.6866  0.7230

PART 40
OFFSET  21.1386  3.9114 -13.1496
X -0.3640  0.4430  0.8193
Y -0.6820 -0.7258  0.0894
Z  0.6343 -0.5262  0.5663

PART 41
OFFSET  21.1386  3.9114 -13.1496
X -0.6343  0.5262 -0.5663
Y -0.7694 -0.5016  0.3956
Z -0.0759  0.6866  0.7230

PART 42
OFFSET  20.6790  3.5261 -13.5048
X -0.6343  0.5262 -0.5663
Y -0.7694 -0.5016  0.3956
Z -0.0759  0.6866  0.7230

PART 43
OFFSET  19.7911  4.2628 -14.2977
X -0.5000  0.0875 -0.8616
Y -0.7694 -0.5016  0.3956
Z -0.3976  0.8607  0.3181

PART 44
OFFSET  26.7865  8.6273 -18.4109
X  0.8696  0.4363  0.2311
Y  0.1498  0.2128 -0.9655
Z -0.4704  0.8743  0.1197

PART 45
OFFSET -11.0338 -11.5206 -5.9739
X -0.9291  0.3557 -0.1009
Y -0.2250 -0.3274  0.9177
Z  0.2934  0.8754  0.3842

PART 46
OFFSET  0.2030 -15.8228 -4.7536
X -0.6525 -0.7517  0.0964
Y  0.7565 -0.6387  0.1404
Z -0.0440  0.1645  0.9854

PART 47
OFFSET  5.7525 -9.4296 -5.5732
X -0.6525 -0.7517  0.0964
Y  0.4866 -0.5130 -0.7071
Z  0.5809 -0.4145  0.7005

PART 48
OFFSET  6.2291 -8.1109 -6.9870
X -0.6568 -0.7484  0.0926
Y  0.0348 -0.1527 -0.9877
Z  0.7533 -0.6455  0.1264

PART 49
OFFSET  5.7512 -7.1185 -6.4629
X -0.6568 -0.7484  0.0926
Y  0.0348 -0.1527 -0.9877
Z  0.7533 -0.6455  0.1264

PART 50
OFFSET  5.8639 -6.9121 -5.1147
X -0.6568 -0.7484  0.0926
Y  0.0348 -0.1527 -0.9877
Z  0.7533 -0.6455  0.1264

PART 51
OFFSET  7.7528 -7.1252 -5.8686
X -0.6246 -0.7334  0.2684
Y  0.4033 -0.5972 -0.6933
Z  0.6688 -0.3248  0.6688

PART 52
OFFSET  7.3700 -6.0857 -5.5949
X  0.0876 -0.9776  0.1912
Y  0.3758 -0.1453 -0.9152
Z  0.9226  0.1520  0.3547

PART 53
OFFSET  7.0921 -3.9700 -5.9358
X -0.4928 -0.4631  0.7367
Y  0.3220 -0.8836 -0.3400
Z  0.8084  0.0697  0.5846

PART 54
OFFSET  7.8163 -3.2829 -7.2109
X -0.4611  0.3016  0.8345
Y -0.0780 -0.9506  0.3005
Z  0.8839  0.0735  0.4619

PART 55
OFFSET  8.2759 -3.5963 -8.1395
X -0.9242 -0.0204  0.3812
Y -0.3818  0.0545 -0.9226
Z -0.0019 -0.9983 -0.0582

PART 56
OFFSET  8.5781 -7.0785 -6.9733
X -0.5638 -0.4514  0.6916
Y  0.8166 -0.1793  0.5487
Z -0.1237  0.8741  0.4697

PART 57
OFFSET  9.7268 -5.9150 -8.5261
X  0.5422 -0.5287  0.6531
Y  0.8285  0.2068 -0.5204
Z  0.1401  0.8232  0.5501

PART 58
OFFSET  8.9592 -5.1664 -9.4507
X  0.9876 -0.0836 -0.1328
Y -0.0552  0.6070 -0.7928
Z  0.1469  0.7903  0.5949

PART 59
OFFSET  8.0835 -5.0923 -9.3329
X  0.5286  0.4026 -0.7473
Y -0.8382  0.3865 -0.3847
Z  0.1340  0.8297  0.5418

PART 60
OFFSET  7.5813 -5.4748 -8.6230
X  0.1025 -0.6706  0.7347
Y -0.9560  0.1376  0.2589
Z -0.2747 -0.7290 -0.6270

PART 61
OFFSET  8.5408 -6.5657 -6.4781
X -0.5938 -0.5878  0.5495
Y  0.7649 -0.2004  0.6121
Z -0.2497  0.7838  0.5686

PART 62
OFFSET  10.1358 -5.1610 -7.9753
X  0.5018 -0.4537  0.7364
Y  0.8608  0.1789 -0.4764
Z  0.0844  0.8730  0.4803

PART 63
OFFSET  9.2814 -4.3885 -9.2290
X  0.9566  0.0657 -0.2838
Y -0.2770  0.5075 -0.8159
Z  0.0904  0.8591  0.5037

PART 64
OFFSET  7.9556 -4.4796 -8.8356
X  0.3702  0.4442 -0.8159
Y -0.9251  0.2563 -0.2802
Z  0.0846  0.8585  0.5058

PART 65
OFFSET  7.5541 -4.9614 -7.9508
X  0.2293 -0.4681  0.8534
Y -0.9728 -0.0817  0.2165
Z -0.0316 -0.8799 -0.4741

PART 66
OFFSET  5.1708 -9.8466 -3.8068
X -0.4797 -0.6648  0.5726
Y -0.8051  0.0740 -0.5885
Z  0.3489 -0.7433 -0.5708

PART 67
OFFSET  10.1308 -3.9378 -6.1430
X -0.6287 -0.6213  0.4678
Y  0.7527 -0.3348  0.5669
Z -0.1956  0.7085  0.6781

PART 68
OFFSET  11.2377 -2.8440 -6.9666
X -0.6052 -0.6273  0.4901
Y  0.7612 -0.2757  0.5870
Z -0.2331  0.7283  0.6444

PART 69
OFFSET  11.9592 -2.0371 -7.5234
X -0.5836 -0.6780  0.4469
Y  0.7695 -0.2861  0.5709
Z -0.2592  0.6771  0.6887

PART 70
OFFSET  12.6185 -1.2713 -8.0281
X -0.5776  0.6695 -0.4671
Y  0.8162  0.4645 -0.3436
Z -0.0130 -0.5797 -0.8147

PART 71
OFFSET  10.3818 -4.6057 -6.9865
X  0.3782 -0.4791  0.7921
Y  0.9204  0.2859 -0.2665
Z -0.0987  0.8299  0.5491

PART 72
OFFSET  9.6430 -3.6696 -8.5339
X  0.9926  0.1206 -0.0116
Y -0.0717  0.5080 -0.8584
Z -0.0977  0.8529  0.5129

PART 73
OFFSET  8.1931 -3.8458 -8.5170
X  0.4550  0.4702 -0.7562
Y -0.8813  0.1161 -0.4581
Z -0.1276  0.8749  0.4673

PART 74
OFFSET  7.6781 -4.3845 -7.6642
X  0.2221 -0.4907  0.8426
Y -0.9742 -0.1480  0.1706
Z  0.0410 -0.8587 -0.5109

PART 75
OFFSET  0.0000 -0.0000 -0.0000
X  1.0000 -0.0000  0.0000
Y  0.0000  1.0000  0.0000
Z  0.0000 -0.0000  1.0000

PART 76
OFFSET  0.0000 -0.0000 -0.0000
X  1.0000 -0.0000  0.0000
Y  0.0000  1.0000  0.0000
Z  0.0000 -0.0000  1.0000

PART 77
OFFSET  1.5404 -0.0000  4.1357
X  1.0000 -0.0000  0.0000
Y  0.0000  1.0000  0.0000
Z  0.0000 -0.0000  1.0000


FRAME 2042
PART 0
OFFSET  0.0000 -0.0000 -0.0000
X  1.0000 -0.0000  0.0000
Y  0.0000  1.0000  0.0000
Z  0.0000 -0.0000  1.0000

PART 1
OFFSET -4.6318 -0.0000 -1.3770
X  1.0000 -0.0000  0.0000
Y  0.0000  1.0000  0.0000
Z  0.0000 -0.0000  1.0000

PART 2
OFFSET -3.5060  6.3408 -6.7125
X  0.6394 -0.2603 -0.7235
Y  0.1978 -0.8536  0.4819
Z -0.7430 -0.4512 -0.4943

PART 3
OFFSET  4.2272  3.1932 -15.4620
X  0.9193 -0.1365  0.3692
Y -0.3338  0.2265  0.9150
Z -0.2086 -0.9644  0.1626

PART 4
OFFSET  12.0460  2.0318 -12.3221
X  0.9193 -0.1365  0.3692
Y  0.1166  0.9903  0.0760
Z -0.3759 -0.0268  0.9263

PART 5
OFFSET  13.9618  3.3786 -12.8123
X  0.9218 -0.1353  0.3633
Y  0.2108  0.9614 -0.1768
Z -0.3254  0.2396  0.9147

PART 6
OFFSET  13.2451  0.9048 -12.9779
X  0.9218 -0.1353  0.3633
Y  0.2108  0.9614 -0.1768
Z -0.3254  0.2396  0.9147

PART 7
OFFSET  13.6203  3.4472 -10.5178
X  0.9218 -0.1353  0.3633
Y  0.2108  0.9614 -0.1768
Z -0.3254  0.2396  0.9147

PART 8
OFFSET  13.2100  1.9409 -10.3256
X  0.9218 -0.1353  0.3633
Y  0.2108  0.9614 -0.1768
Z -0.3254  0.2396  0.9147

PART 9
OFFSET  12.7986  0.7647 -10.7691
X  0.9218 -0.1353  0.3633
Y  0.2108  0.9614 -0.1768
Z -0.3254  0.2396  0.9147

PART 10
OFFSET  14.8642  1.6132 -11.1904
X  0.9083  0.3923 -0.1452
Y -0.3721  0.9163  0.1478
Z  0.1911 -0.0802  0.9783

PART 11
OFFSET  14.9921  2.6410 -10.7113
X  0.7777  0.6287  0.0033
Y -0.5973  0.7404 -0.3082
Z -0.1962  0.2377  0.9513

PART 12
OFFSET  16.5997  4.0848 -10.6820
X  0.9489  0.2539 -0.1875
Y -0.2728  0.9585 -0.0826
Z  0.1587  0.1296  0.9788

PART 13
OFFSET  18.1656  4.4521 -10.8702
X  0.8389  0.5436 -0.0275
Y -0.5374  0.8191 -0.2006
Z -0.0865  0.1830  0.9793

PART 14
OFFSET  19.0597  5.0623 -10.8585
X  0.5641  0.4525 -0.6907
Y -0.2579 -0.6981 -0.6680
Z -0.7844  0.5549 -0.2771

PART 15
OFFSET  16.0699  0.9478 -11.2739
X  0.9968 -0.0780 -0.0157
Y  0.0072 -0.1086  0.9941
Z -0.0793 -0.9910 -0.1077

PART 16
OFFSET  18.3221  0.9035 -11.1716
X  0.0570  0.3907  0.9187
Y -0.9743  0.2225 -0.0342
Z -0.2178 -0.8932  0.3934

PART 17
OFFSET  18.4028  1.4566 -9.8708
X -0.3428  0.4529  0.8231
Y -0.9206  0.0127 -0.3904
Z -0.1873 -0.8915  0.4125

PART 18
OFFSET  18.0989  1.8582 -9.1411
X -0.6051  0.4457  0.6597
Y -0.7574 -0.0670 -0.6495
Z -0.2452 -0.8927  0.3781

PART 19
OFFSET  17.5240  2.2816 -8.5143
X  0.9738 -0.1697 -0.1515
Y -0.2134 -0.4502 -0.8671
Z  0.0789  0.8767 -0.4746

PART 20
OFFSET  15.9957  1.6543 -11.3442
X  0.9798  0.0914 -0.1777
Y  0.1886 -0.1284  0.9736
Z  0.0662 -0.9875 -0.1431

PART 21
OFFSET  18.5820  1.8161 -11.5517
X  0.3952  0.0705  0.9159
Y -0.8542  0.3950  0.3382
Z -0.3379 -0.9160  0.2163

PART 22
OFFSET  19.2549  1.9361 -9.9924
X -0.4885  0.3747  0.7880
Y -0.8122  0.1348 -0.5676
Z -0.3189 -0.9173  0.2385

PART 23
OFFSET  18.5780  2.4555 -8.9003
X -0.7582  0.3930  0.5203
Y -0.5700 -0.0120 -0.8216
Z -0.3167 -0.9195  0.2331

PART 24
OFFSET  17.7557  2.8817 -8.3360
X  0.9312 -0.3604  0.0545
Y -0.0183 -0.1955 -0.9805
Z  0.3640  0.9121 -0.1886

PART 25
OFFSET  17.1758  4.2345 -10.8790
X  0.9797  0.1696  0.1068
Y  0.0667  0.2265 -0.9717
Z -0.1890  0.9591  0.2106

PART 26
OFFSET  18.0518  3.8628 -12.0083
X  0.9355 -0.2095  0.2845
Y -0.2809  0.0472  0.9586
Z -0.2143 -0.9767 -0.0147

PART 27
OFFSET  19.6989  3.4939 -11.5075
X  0.3364 -0.1851  0.9234
Y -0.9156  0.1651  0.3667
Z -0.2203 -0.9688 -0.1139

PART 28
OFFSET  20.1212  3.3278 -10.3781
X -0.3650  0.0776  0.9278
Y -0.9100  0.1809 -0.3732
Z -0.1968 -0.9804  0.0046

PART 29
OFFSET  19.7089  3.4155 -9.3301
X  0.8849 -0.4644  0.0361
Y  0.0991  0.1119 -0.9888
Z  0.4551  0.8786  0.1450

PART 30
OFFSET  18.3929  2.8125 -11.9778
X  0.6574 -0.0417  0.7524
Y -0.7303  0.2109  0.6498
Z -0.1858 -0.9766  0.1082

PART 31
OFFSET  19.6772  2.7310 -10.5079
X -0.2882  0.1695  0.9424
Y -0.9293  0.1877 -0.3180
Z -0.2308 -0.9675  0.1035

PART 32
OFFSET  19.2562  2.9786 -9.1314
X -0.7928  0.2551  0.5535
Y -0.5489  0.0960 -0.8304
Z -0.2649 -0.9621  0.0639

PART 33
OFFSET  18.3567  3.2606 -8.5034
X  0.9754 -0.1954  0.1018
Y  0.0703 -0.1622 -0.9843
Z  0.2088  0.9672 -0.1445

PART 34
OFFSET  17.8185  2.0607 -10.1730
X  0.0253 -0.9959 -0.0866
Y -0.1911  0.0802 -0.9783
Z  0.9812  0.0413 -0.1883

PART 35
OFFSET  9.9296 -2.0962 -6.7736
X  0.8017  0.4725 -0.3662
Y -0.5968  0.5980 -0.5350
Z -0.0338  0.6474  0.7614

PART 36
OFFSET  9.9296 -2.0962 -6.7736
X  0.8017  0.4725 -0.3662
Y -0.5968  0.5980 -0.5350
Z -0.0338  0.6474  0.7614

PART 37
OFFSET  14.2672  1.7661 -6.7689
X  0.8008  0.4856 -0.3505
Y -0.5968  0.5980 -0.5350
Z -0.0502  0.6376  0.7687

PART 38
OFFSET  13.2876  0.0835 -8.1113
X  0.8017  0.4725 -0.3662
Y -0.5968  0.5980 -0.5350
Z -0.0338  0.6474  0.7614

PART 39
OFFSET  9.4059 -3.9349 -8.2445
X  0.8017  0.4725 -0.3662
Y -0.5968  0.5980 -0.5350
Z -0.0338  0.6474  0.7614

PART 40
OFFSET  21.2920  3.4281 -12.6140
X -0.3374  0.4179  0.8435
Y -0.7280 -0.6839  0.0476
Z  0.5968 -0.5980  0.5350

PART 41
OFFSET  21.2920  3.4281 -12.6140
X -0.5968  0.5980 -0.5350
Y -0.8017 -0.4725  0.3662
Z -0.0338  0.6474  0.7614

PART 42
OFFSET  20.8098  3.0946 -12.9907
X -0.5968  0.5980 -0.5350
Y -0.8017 -0.4725  0.3662
Z -0.0338  0.6474  0.7614

PART 43
OFFSET  19.9742  3.9317 -13.7397
X -0.4902  0.1691 -0.8550
Y -0.8017 -0.4725  0.3662
Z -0.3421  0.8649  0.3672

PART 44
OFFSET  27.2525  8.0620 -17.5961
X  0.8953  0.3649  0.2557
Y  0.1668  0.2578 -0.9517
Z -0.4132  0.8947  0.1699

PART 45
OFFSET -11.5478 -10.9961 -6.0589
X -0.9170  0.3956 -0.0514
Y -0.2211 -0.3968  0.8909
Z  0.3320  0.8283  0.4513

PART 46
OFFSET -0.4578 -15.7801 -5.4367
X -0.6612 -0.7487  0.0468
Y  0.7499 -0.6579  0.0692
Z -0.0210  0.0808  0.9965

PART 47
OFFSET  5.1661 -9.4117 -5.8347
X -0.6612 -0.7487  0.0468
Y  0.4805 -0.4706 -0.7400
Z  0.5761 -0.4668  0.6710

PART 48
OFFSET  5.6322 -7.9840 -7.1421
X -0.6656 -0.7451  0.0434
Y  0.0120 -0.0688 -0.9976
Z  0.7463 -0.6634  0.0547

PART 49
OFFSET  5.1799 -7.0337 -6.5255
X -0.6656 -0.7451  0.0434
Y  0.0120 -0.0688 -0.9976
Z  0.7463 -0.6634  0.0547

PART 50
OFFSET  5.3237 -6.9439 -5.1675
X -0.6656 -0.7451  0.0434
Y  0.0120 -0.0688 -0.9976
Z  0.7463 -0.6634  0.0547

PART 51
OFFSET  7.1932 -7.1163 -5.9782
X -0.6718 -0.7055  0.2258
Y  0.3662 -0.5813 -0.7266
Z  0.6439 -0.4054  0.6489

PART 52
OFFSET  6.8775 -6.0715 -5.6450
X  0.0234 -0.9906  0.1346
Y  0.3688 -0.1165 -0.9222
Z  0.9292  0.0712  0.3627

PART 53
OFFSET  6.7386 -3.9261 -5.8635
X -0.5244 -0.4717  0.7089
Y  0.2653 -0.8816 -0.3903
Z  0.8091 -0.0167  0.5875

PART 54
OFFSET  7.5104 -3.2155 -7.0970
X -0.4436  0.2825  0.8506
Y -0.1405 -0.9592  0.2453
Z  0.8851 -0.0107  0.4652

PART 55
OFFSET  7.9520 -3.5041 -8.0422
X -0.9250  0.0177  0.3796
Y -0.3742  0.1321 -0.9179
Z -0.0664 -0.9911 -0.1155

PART 56
OFFSET  8.0236 -7.0598 -7.0784
X -0.5944 -0.4528  0.6646
Y  0.8013 -0.2632  0.5373
Z -0.0684  0.8519  0.5193

PART 57
OFFSET  9.2509 -5.8860 -8.5619
X  0.5044 -0.5994  0.6215
Y  0.8420  0.1821 -0.5078
Z  0.1912  0.7794  0.5966

PART 58
OFFSET  8.5367 -5.0373 -9.4417
X  0.9806 -0.1398 -0.1376
Y -0.0129  0.6539 -0.7565
Z  0.1957  0.7436  0.6394

PART 59
OFFSET  7.6673 -4.9134 -9.3197
X  0.5563  0.4097 -0.7230
Y -0.8100  0.4616 -0.3617
Z  0.1856  0.7868  0.5887

PART 60
OFFSET  7.1388 -5.3027 -8.6329
X  0.0562 -0.7169  0.6949
Y -0.9460  0.1843  0.2666
Z -0.3192 -0.6723 -0.6679

PART 61
OFFSET  8.0179 -6.5749 -6.5546
X -0.6326 -0.5786  0.5149
Y  0.7481 -0.2845  0.5995
Z -0.2004  0.7644  0.6128

PART 62
OFFSET  9.7059 -5.1931 -7.9687
X  0.4687 -0.5269  0.7090
Y  0.8723  0.1497 -0.4655
Z  0.1391  0.8366  0.5298

PART 63
OFFSET  8.9079 -4.2960 -9.1757
X  0.9599  0.0197 -0.2798
Y -0.2406  0.5705 -0.7853
Z  0.1441  0.8211  0.5523

PART 64
OFFSET  7.5776 -4.3233 -8.7880
X  0.4011  0.4654 -0.7890
Y -0.9055  0.3315 -0.2649
Z  0.1383  0.8207  0.5544

PART 65
OFFSET  7.1425 -4.8280 -7.9323
X  0.1954 -0.5303  0.8250
Y -0.9769 -0.0307  0.2116
Z -0.0869 -0.8473 -0.5240

PART 66
OFFSET  4.4328 -9.7783 -4.0760
X -0.5238 -0.6641  0.5335
Y -0.7965  0.1598 -0.5831
Z  0.3020 -0.7304 -0.6127

PART 67
OFFSET  9.7737 -4.0795 -6.0690
X -0.6693 -0.6050  0.4313
Y  0.7274 -0.4150  0.5466
Z -0.1517  0.6796  0.7178

PART 68
OFFSET  10.9521 -3.0143 -6.8285
X -0.6463 -0.6138  0.4533
Y  0.7396 -0.3578  0.5700
Z -0.1877  0.7037  0.6853

PART 69
OFFSET  11.7264 -2.2254 -7.3380
X -0.6279 -0.6632  0.4072
Y  0.7473 -0.3678  0.5534
Z -0.2172  0.6518  0.7266

PART 70
OFFSET  12.4357 -1.4762 -7.7979
X -0.5313  0.7313 -0.4277
Y  0.8458  0.4295 -0.3164
Z -0.0477 -0.5299 -0.8467

PART 71
OFFSET  9.9839 -4.7127 -6.9496
X  0.3435 -0.5474  0.7631
Y  0.9380  0.2404 -0.2498
Z -0.0467  0.8016  0.5960

PART 72
OFFSET  9.3129 -3.6433 -8.4404
X  0.9984  0.0564 -0.0048
Y -0.0356  0.5601 -0.8277
Z -0.0440  0.8265  0.5612

PART 73
OFFSET  7.8546 -3.7256 -8.4335
X  0.4873  0.4824 -0.7279
Y -0.8703  0.1992 -0.4505
Z -0.0723  0.8530  0.5169

PART 74
OFFSET  7.3026 -4.2779 -7.6130
X  0.1868 -0.5517  0.8129
Y -0.9823 -0.0940  0.1620
Z -0.0129 -0.8288 -0.5595

PART 75
OFFSET  0.0000 -0.0000 -0.0000
X  1.0000 -0.0000  0.0000
Y  0.0000  1.0000  0.0000
Z  0.0000 -0.0000  1.0000

PART 76
OFFSET  0.0000 -0.0000 -0.0000
X  1.0000 -0.0000  0.0000
Y  0.0000  1.0000  0.0000
Z  0.0000 -0.0000  1.0000

PART 77
OFFSET  1.5404 -0.0000  4.1357
X  1.0000 -0.0000  0.0000
Y  0.0000  1.0000  0.0000
Z  0.0000 -0.0000  1.0000


FRAME 2043
PART 0
OFFSET  0.0000 -0.0000 -0.0000
X  1.0000 -0.0000  0.0000
Y  0.0000  1.0000  0.0000
Z  0.0000 -0.0000  1.0000

PART 1
OFFSET -4.6318 -0.0000 -1.3770
X  1.0000 -0.0000  0.0000
Y  0.0000  1.0000  0.0000
Z  0.0000 -0.0000  1.0000

PART 2
OFFSET -3.5060  6.3408 -6.7125
X  0.6611 -0.2585 -0.7044
Y  0.1648 -0.8659  0.4724
Z -0.7320 -0.4284 -0.5298

PART 3
OFFSET  4.4888  3.2148 -15.2315
X  0.9012 -0.1594  0.4030
Y -0.3665  0.2161  0.9050
Z -0.2314 -0.9633  0.1363

PART 4
OFFSET  12.1539  1.8591 -11.8035
X  0.9012 -0.1594  0.4030
Y  0.0887  0.9781  0.1884
Z -0.4242 -0.1341  0.8956

PART 5
OFFSET  14.1105  3.1801 -12.1918
X  0.9040 -0.1581  0.3973
Y  0.2341  0.9605 -0.1505
Z -0.3578  0.2291  0.9053

PART 6
OFFSET  13.3590  0.7228 -12.4314
X  0.9040 -0.1581  0.3973
Y  0.2341  0.9605 -0.1505
Z -0.3578  0.2291  0.9053

PART 7
OFFSET  13.6781  3.2140 -9.9119
X  0.9040 -0.1581  0.3973
Y  0.2341  0.9605 -0.1505
Z -0.3578  0.2291  0.9053

PART 8
OFFSET  13.2347  1.7122 -9.7640
X  0.9040 -0.1581  0.3973
Y  0.2341  0.9605 -0.1505
Z -0.3578  0.2291  0.9053

PART 9
OFFSET  12.8215  0.5515 -10.2452
X  0.9040 -0.1581  0.3973
Y  0.2341  0.9605 -0.1505
Z -0.3578  0.2291  0.9053

PART 10
OFFSET  14.9166  1.3705 -10.5679
X  0.9421  0.3171 -0.1086
Y -0.2875  0.9310  0.2248
Z  0.1724 -0.1805  0.9683

PART 11
OFFSET  15.1338  2.3375 -10.0022
X  0.8323  0.5511  0.0593
Y -0.5230  0.8163 -0.2453
Z -0.1836  0.1732  0.9676

PART 12
OFFSET  16.8675  3.6179 -9.8450
X  0.9702  0.1797 -0.1625
Y -0.1823  0.9833 -0.0010
Z  0.1596  0.0306  0.9867

PART 13
OFFSET  18.4625  3.8527 -9.9967
X  0.8857  0.4637  0.0214
Y -0.4573  0.8796 -0.1311
Z -0.0797  0.1064  0.9911

PART 14
OFFSET  19.4089  4.3740 -9.9304
X  0.6108  0.4552 -0.6479
Y -0.3141 -0.6118 -0.7260
Z -0.7268  0.6469 -0.2307

PART 15
OFFSET  16.0565  0.6054 -10.7047
X  0.9855 -0.1687 -0.0196
Y -0.0135 -0.1929  0.9811
Z -0.1693 -0.9666 -0.1924

PART 16
OFFSET  18.2937  0.3434 -10.6005
X  0.0831  0.3042  0.9490
Y -0.9492  0.3142 -0.0176
Z -0.3036 -0.8993  0.3148

PART 17
OFFSET  18.4113  0.7741 -9.2570
X -0.3082  0.4111  0.8579
Y -0.9112  0.1314 -0.3904
Z -0.2732 -0.9021  0.3341

PART 18
OFFSET  18.1380  1.1386 -8.4963
X -0.5684  0.4423  0.6938
Y -0.7534  0.0591 -0.6549
Z -0.3307 -0.8949  0.2996

PART 19
OFFSET  17.5981  1.5588 -7.8372
X  0.9555 -0.2460 -0.1629
Y -0.2448 -0.3531 -0.9030
Z  0.1646  0.9027 -0.3976

PART 20
OFFSET  16.0486  1.3191 -10.7145
X  0.9859  0.0148 -0.1666
Y  0.1655 -0.2277  0.9596
Z -0.0238 -0.9736 -0.2269

PART 21
OFFSET  18.6409  1.2569 -10.9003
X  0.3903 -0.0447  0.9196
Y -0.8176  0.4424  0.3685
Z -0.4233 -0.8957  0.1362

PART 22
OFFSET  19.3054  1.1809 -9.3347
X -0.4601  0.3502  0.8159
Y -0.7902  0.2574 -0.5561
Z -0.4048 -0.9006  0.1582

PART 23
OFFSET  18.6677  1.6662 -8.2039
X -0.7242  0.4161  0.5500
Y -0.5599  0.1110 -0.8211
Z -0.4027 -0.9025  0.1526

PART 24
OFFSET  17.8823  2.1175 -7.6075
X  0.8933 -0.4487  0.0260
Y -0.0258 -0.1089 -0.9937
Z  0.4487  0.8870 -0.1088

PART 25
OFFSET  17.4569  3.7296 -10.0268
X  0.9900  0.0681  0.1236
Y  0.0977  0.3011 -0.9486
Z -0.1018  0.9511  0.2915

PART 26
OFFSET  18.3068  3.3755 -11.1815
X  0.9091 -0.3190  0.2680
Y -0.2855 -0.0085  0.9583
Z -0.3034 -0.9477 -0.0988

PART 27
OFFSET  19.9074  2.8139 -10.7096
X  0.3080 -0.2934  0.9050
Y -0.9003  0.2177  0.3770
Z -0.3076 -0.9309 -0.1971

PART 28
OFFSET  20.3005  2.5138 -9.5974
X -0.3661  0.0321  0.9300
Y -0.8853  0.2958 -0.3588
Z -0.2866 -0.9547 -0.0799

PART 29
OFFSET  19.8870  2.5500 -8.5469
X  0.8378 -0.5460 -0.0014
Y  0.1195  0.1858 -0.9753
Z  0.5327  0.8169  0.2210

PART 30
OFFSET  18.5492  2.2992 -11.2400
X  0.6427 -0.1664  0.7478
Y -0.7145  0.2219  0.6635
Z -0.2764 -0.9608  0.0237

PART 31
OFFSET  19.8047  1.9741 -9.7791
X -0.2814  0.1148  0.9527
Y -0.9046  0.2996 -0.3033
Z -0.3203 -0.9471  0.0196

PART 32
OFFSET  19.3937  2.1418 -8.3876
X -0.7717  0.2796  0.5712
Y -0.5288  0.2169 -0.8206
Z -0.3533 -0.9353 -0.0195

PART 33
OFFSET  18.5176  2.4517 -7.7402
X  0.9521 -0.2931  0.0874
Y  0.0655 -0.0837 -0.9943
Z  0.2988  0.9524 -0.0605

PART 34
OFFSET  17.8886  1.4534 -9.5079
X -0.0658 -0.9830 -0.1715
Y -0.1724  0.1805 -0.9683
Z  0.9828 -0.0342 -0.1814

PART 35
OFFSET  9.6137 -2.2264 -6.4984
X  0.8457  0.4254 -0.3222
Y -0.5333  0.6942 -0.4834
Z  0.0180  0.5807  0.8139

PART 36
OFFSET  9.6137 -2.2264 -6.4984
X  0.8457  0.4254 -0.3222
Y -0.5333  0.6942 -0.4834
Z  0.0180  0.5807  0.8139

PART 37
OFFSET  14.2892  1.2017 -6.1512
X  0.8459  0.4371 -0.3055
Y -0.5333  0.6942 -0.4834
Z  0.0007  0.5719  0.8204

PART 38
OFFSET  13.1728 -0.2623 -7.6354
X  0.8457  0.4254 -0.3222
Y -0.5333  0.6942 -0.4834
Z  0.0180  0.5807  0.8139

PART 39
OFFSET  8.9381 -3.8767 -8.1228
X  0.8457  0.4254 -0.3222
Y -0.5333  0.6942 -0.4834
Z  0.0180  0.5807  0.8139

PART 40
OFFSET  21.4994  2.6946 -11.8134
X -0.3064  0.3742  0.8753
Y -0.7885 -0.6149 -0.0131
Z  0.5333 -0.6942  0.4834

PART 41
OFFSET  21.4994  2.6946 -11.8134
X -0.5333  0.6942 -0.4834
Y -0.8457 -0.4254  0.3222
Z  0.0180  0.5807  0.8139

PART 42
OFFSET  20.9924  2.4406 -12.2186
X -0.5333  0.6942 -0.4834
Y -0.8457 -0.4254  0.3222
Z  0.0180  0.5807  0.8139

PART 43
OFFSET  20.2458  3.4124 -12.8953
X -0.4634  0.2861 -0.8387
Y -0.8457 -0.4254  0.3222
Z -0.2646  0.8586  0.4390

PART 44
OFFSET  27.9151  7.1613 -16.3640
X  0.9224  0.2571  0.2884
Y  0.2000  0.3211 -0.9257
Z -0.3306  0.9115  0.2448

PART 45
OFFSET -12.3053 -10.2232 -6.1842
X -0.8988  0.4363  0.0437
Y -0.2139 -0.5234  0.8248
Z  0.3827  0.7320  0.5637

PART 46
OFFSET -1.4358 -15.4992 -6.7128
X -0.6787 -0.7328 -0.0492
Y  0.7344 -0.6760 -0.0605
Z  0.0110 -0.0772  0.9970

PART 47
OFFSET  4.3365 -9.2664 -6.2942
X -0.6787 -0.7328 -0.0492
Y  0.4874 -0.3993 -0.7765
Z  0.5494 -0.5510  0.6282

PART 48
OFFSET  4.7999 -7.6601 -7.3758
X -0.6830 -0.7286 -0.0519
Y -0.0198  0.0894 -0.9958
Z  0.7301 -0.6791 -0.0755

PART 49
OFFSET  4.3910 -6.8099 -6.6026
X -0.6830 -0.7286 -0.0519
Y -0.0198  0.0894 -0.9958
Z  0.7301 -0.6791 -0.0755

PART 50
OFFSET  4.5778 -6.9388 -5.2530
X -0.6830 -0.7286 -0.0519
Y -0.0198  0.0894 -0.9958
Z  0.7301 -0.6791 -0.0755

PART 51
OFFSET  6.4170 -7.0198 -6.1433
X -0.7364 -0.6567  0.1628
Y  0.3187 -0.5489 -0.7727
Z  0.5968 -0.5172  0.6135

PART 52
OFFSET  6.1957 -5.9824 -5.7228
X -0.0697 -0.9964  0.0493
Y  0.3663 -0.0715 -0.9277
Z  0.9279 -0.0466  0.3700

PART 53
OFFSET  6.2578 -3.8226 -5.7571
X -0.5733 -0.4794  0.6645
Y  0.1868 -0.8661 -0.4637
Z  0.7978 -0.1417  0.5861

PART 54
OFFSET  7.1050 -3.0844 -6.9231
X -0.4246  0.2491  0.8704
Y -0.2311 -0.9594  0.1618
Z  0.8754 -0.1325  0.4650

PART 55
OFFSET  7.5281 -3.3314 -7.8884
X -0.9234  0.0713  0.3772
Y -0.3506  0.2439 -0.9042
Z -0.1564 -0.9672 -0.2002

PART 56
OFFSET  7.2608 -6.9474 -7.2325
X -0.6407 -0.4505  0.6217
Y  0.7678 -0.3812  0.5150
Z  0.0050  0.8073  0.5901

PART 57
OFFSET  8.6069 -5.7709 -8.6066
X  0.4403 -0.6944  0.5692
Y  0.8606  0.1456 -0.4881
Z  0.2560  0.7047  0.6617

PART 58
OFFSET  7.9836 -4.7877 -9.4124
X  0.9649 -0.2181 -0.1464
Y  0.0556  0.7142 -0.6977
Z  0.2567  0.6651  0.7012

PART 59
OFFSET  7.1281 -4.5944 -9.2826
X  0.5994  0.4162 -0.6837
Y -0.7600  0.5640 -0.3230
Z  0.2511  0.7132  0.6544

PART 60
OFFSET  6.5587 -4.9898 -8.6331
X -0.0177 -0.7755  0.6311
Y -0.9278  0.2480  0.2788
Z -0.3728 -0.5805 -0.7239

PART 61
OFFSET  7.2943 -6.5104 -6.6691
X -0.6888 -0.5590  0.4617
Y  0.7122 -0.4027  0.5749
Z -0.1354  0.7248  0.6755

PART 62
OFFSET  9.1177 -5.1762 -7.9550
X  0.4105 -0.6266  0.6625
Y  0.8873  0.1070 -0.4486
Z  0.2102  0.7720  0.5999

PART 63
OFFSET  8.4188 -4.1095 -9.0829
X  0.9605 -0.0459 -0.2744
Y -0.1785  0.6551 -0.7342
Z  0.2135  0.7542  0.6210

PART 64
OFFSET  7.0877 -4.0459 -8.7026
X  0.4508  0.4915 -0.7451
Y -0.8682  0.4355 -0.2379
Z  0.2076  0.7542  0.6230

PART 65
OFFSET  6.5987 -4.5789 -7.8944
X  0.1368 -0.6144  0.7771
Y -0.9777  0.0423  0.2056
Z -0.1592 -0.7879 -0.5949

PART 66
OFFSET  3.4025 -9.5658 -4.4836
X -0.5886 -0.6555  0.4732
Y -0.7721  0.2822 -0.5695
Z  0.2398 -0.7005 -0.6722

PART 67
OFFSET  9.2679 -4.2393 -5.9668
X -0.7269 -0.5746  0.3761
Y  0.6801 -0.5257  0.5110
Z -0.0959  0.6272  0.7729

PART 68
OFFSET  10.5476 -3.2275 -6.6290
X -0.7050 -0.5874  0.3973
Y  0.6973 -0.4722  0.5393
Z -0.1292  0.6573  0.7425

PART 69
OFFSET  11.3968 -2.4735 -7.0669
X -0.6908 -0.6342  0.3472
Y  0.7042 -0.4814  0.5219
Z -0.1638  0.6050  0.7792

PART 70
OFFSET  12.1771 -1.7571 -7.4590
X -0.4569  0.8112 -0.3649
Y  0.8852  0.3744 -0.2762
Z -0.0874 -0.4492 -0.8891

PART 71
OFFSET  9.4280 -4.8121 -6.8978
X  0.2833 -0.6399  0.7144
Y  0.9588  0.1725 -0.2258
Z  0.0212  0.7489  0.6624

PART 72
OFFSET  8.8745 -3.5621 -8.2933
X  0.9993 -0.0364  0.0028
Y  0.0251  0.6293 -0.7768
Z  0.0266  0.7763  0.6298

PART 73
OFFSET  7.4149 -3.5089 -8.2974
X  0.5375  0.4952 -0.6826
Y -0.8433  0.3168 -0.4341
Z  0.0013  0.8090  0.5878

PART 74
OFFSET  6.8056 -4.0752 -7.5287
X  0.1264 -0.6337  0.7631
Y -0.9885 -0.0157  0.1507
Z -0.0835 -0.7734 -0.6284

PART 75
OFFSET  0.0000 -0.0000 -0.0000
X  1.0000 -0.0000  0.0000
Y  0.0000  1.0000  0.0000
Z  0.0000 -0.0000  1.0000

PART 76
OFFSET  0.0000 -0.0000 -0.0000
X  1.0000 -0.0000  0.0000
Y  0.0000  1.0000  0.0000
Z  0.0000 -0.0000  1.0000

PART 77
OFFSET  1.5404 -0.0000  4.1357
X  1.0000 -0.0000  0.0000
Y  0.0000  1.0000  0.0000
Z  0.0000 -0.0000  1.0000


FRAME 2044
PART 0
OFFSET  0.0000 -0.0000 -0.0000
X  1.0000 -0.0000  0.0000
Y  0.0000  1.0000  0.0000
Z  0.0000 -0.0000  1.0000

PART 1
OFFSET -4.6318 -0.0000 -1.3770
X  1.0000 -0.0000  0.0000
Y  0.0000  1.0000  0.0000
Z  0.0000 -0.0000  1.0000

PART 2
OFFSET -3.5060  6.3408 -6.7125
X  0.6925 -0.2516 -0.6761
Y  0.1197 -0.8842  0.4516
Z -0.7114 -0.3937 -0.5822

PART 3
OFFSET  4.8694  3.2986 -14.8893
X  0.8761 -0.1945  0.4412
Y -0.4063  0.1949  0.8927
Z -0.2596 -0.9613  0.0918

PART 4
OFFSET  12.3210  1.6445 -11.1369
X  0.8761 -0.1945  0.4412
Y  0.0500  0.9468  0.3180
Z -0.4795 -0.2565  0.8392

PART 5
OFFSET  14.3240  2.9296 -11.3831
X  0.8792 -0.1931  0.4356
