// Export filename: `C:\projects\cod\t5\xanim_export\t5_viewmodels\ak47\ak47_pullout_quick.XANIM_EXPORT`
// Source filename: `D:\projects\devanim\t5\animation_assets\viewmodels\ak47\ViewModel_AK47_animated.fbx`
// Export time: Tue Aug 17 22:15:25 2010

ANIMATION
VERSION 3

NUMPARTS 78
PART 0 "tag_ads"
PART 1 "tag_torso"
PART 2 "J_Shoulder_LE"
PART 3 "J_Elbow_LE"
PART 4 "J_WristTwist_LE"
PART 5 "J_Sleave_Reshape_Bottom_LE_1"
PART 6 "J_Sleave_Reshape_Bottom_LE_2"
PART 7 "J_Sleave_Reshape_Top_LE_1"
PART 8 "J_Sleave_Reshape_Top_LE_2"
PART 9 "J_Sleave_Reshape_Top_LE_3"
PART 10 "J_Wrist_LE"
PART 11 "J_Thumb_LE_0"
PART 12 "J_Thumb_LE_1"
PART 13 "J_Thumb_LE_2"
PART 14 "J_Thumb_LE_3"
PART 15 "J_PinkyPalm_LE"
PART 16 "J_Pinky_LE_0"
PART 17 "J_Pinky_LE_1"
PART 18 "J_Pinky_LE_2"
PART 19 "J_Pinky_LE_3"
PART 20 "J_RingPalm_LE"
PART 21 "J_Ring_LE_0"
PART 22 "J_Ring_LE_1"
PART 23 "J_Ring_LE_2"
PART 24 "J_Ring_LE_3"
PART 25 "J_Webbing_LE"
PART 26 "J_Index_LE_0"
PART 27 "J_Index_LE_1"
PART 28 "J_Index_LE_2"
PART 29 "J_Index_LE_3"
PART 30 "J_Mid_LE_0"
PART 31 "J_Mid_LE_1"
PART 32 "J_Mid_LE_2"
PART 33 "J_Mid_LE_3"
PART 34 "tag_knife_attach"
PART 35 "tag_weapon"
PART 36 "J_Gun"
PART 37 "J_bolt"
PART 38 "TAG_CLIP"
PART 39 "tag_flame_unit"
PART 40 "tag_flamer_bracket"
PART 41 "tag_flamer_bottle"
PART 42 "tag_flamer_button"
PART 43 "tag_flamer_ring"
PART 44 "tag_flamer_pilot_light"
PART 45 "J_Shoulder_RI"
PART 46 "J_Elbow_RI"
PART 47 "J_WristTwist_RI"
PART 48 "J_Sleave_Reshape_Top_RI_3"
PART 49 "J_Sleave_Reshape_Top_RI_2"
PART 50 "J_Sleave_Reshape_Top_RI_1"
PART 51 "J_Wrist_RI"
PART 52 "J_Thumb_RI_0"
PART 53 "J_Thumb_RI_1"
PART 54 "J_Thumb_RI_2"
PART 55 "J_Thumb_RI_3"
PART 56 "J_PinkyPalm_RI"
PART 57 "J_Pinky_RI_0"
PART 58 "J_Pinky_RI_1"
PART 59 "J_Pinky_RI_2"
PART 60 "J_Pinky_RI_3"
PART 61 "J_RingPalm_RI"
PART 62 "J_Ring_RI_0"
PART 63 "J_Ring_RI_1"
PART 64 "J_Ring_RI_2"
PART 65 "J_Ring_RI_3"
PART 66 "J_Webbing_RI"
PART 67 "J_Index_RI_0"
PART 68 "J_Index_RI_1"
PART 69 "J_Index_RI_2"
PART 70 "J_Index_RI_3"
PART 71 "J_Mid_RI_0"
PART 72 "J_Mid_RI_1"
PART 73 "J_Mid_RI_2"
PART 74 "J_Mid_RI_3"
PART 75 "tag_cambone"
PART 76 "tag_camera"
PART 77 "tag_gasmask"

FRAMERATE 30
NUMFRAMES 31

FRAME 230
PART 0
OFFSET  0.0000 -0.0000 -0.0000
X  1.0000 -0.0000  0.0000
Y  0.0000  1.0000  0.0000
Z  0.0000 -0.0000  1.0000

PART 1
OFFSET -4.6318 -0.0000 -1.3770
X  1.0000 -0.0000  0.0000
Y  0.0000  1.0000  0.0000
Z  0.0000 -0.0000  1.0000

PART 2
OFFSET -3.5060  6.3408 -6.7125
X -0.1648  0.7531 -0.6369
Y  0.1396 -0.6214 -0.7709
Z -0.9764 -0.2160 -0.0027

PART 3
OFFSET -5.4997  15.4488 -14.4152
X  0.9133 -0.1410 -0.3822
Y  0.1527 -0.7513  0.6421
Z -0.3776 -0.6447 -0.6646

PART 4
OFFSET  2.2682  14.2498 -17.6656
X  0.9133 -0.1410 -0.3822
Y  0.1556 -0.7464  0.6471
Z -0.3765 -0.6504 -0.6597

PART 5
OFFSET  4.0952  15.7876 -17.5203
X  0.9134 -0.1348 -0.3842
Y  0.3729  0.6559  0.6563
Z  0.1635 -0.7427  0.6493

PART 6
OFFSET  2.7269  14.5793 -19.3446
X  0.9134 -0.1348 -0.3842
Y  0.3729  0.6559  0.6563
Z  0.1635 -0.7427  0.6493

PART 7
OFFSET  4.7711  13.7953 -16.5406
X  0.9134 -0.1348 -0.3842
Y  0.3729  0.6559  0.6563
Z  0.1635 -0.7427  0.6493

PART 8
OFFSET  4.0823  12.8188 -17.5634
X  0.9134 -0.1348 -0.3842
Y  0.3729  0.6559  0.6563
Z  0.1635 -0.7427  0.6493

PART 9
OFFSET  3.2189  12.5342 -18.5241
X  0.9134 -0.1348 -0.3842
Y  0.3729  0.6559  0.6563
Z  0.1635 -0.7427  0.6493

PART 10
OFFSET  5.0680  13.8176 -18.8372
X  0.6241 -0.6428  0.4442
Y -0.7501 -0.3338  0.5709
Z -0.2187 -0.6895 -0.6905

PART 11
OFFSET  4.5351  12.9232 -18.3700
X  0.0677 -0.9906 -0.1185
Y -0.6983 -0.1319  0.7036
Z -0.7126  0.0351 -0.7007

PART 12
OFFSET  4.5717  10.7743 -18.5945
X  0.4102 -0.9103 -0.0558
Y -0.7943 -0.3867  0.4686
Z -0.4481 -0.1479 -0.8816

PART 13
OFFSET  5.2311  9.3113 -18.8113
X  0.0187 -0.9994 -0.0283
Y -0.7861 -0.0322  0.6172
Z -0.6178  0.0107 -0.7863

PART 14
OFFSET  5.2097  8.2304 -18.8673
X  0.2486 -0.7512  0.6114
Y  0.6937  0.5786  0.4289
Z -0.6760  0.3175  0.6650

PART 15
OFFSET  6.3551  13.4917 -19.2122
X  0.9377 -0.3450  0.0416
Y -0.2025 -0.6399 -0.7413
Z  0.2824  0.6867 -0.6699

PART 16
OFFSET  8.3960  12.5381 -19.1120
X  0.7224 -0.6310 -0.2829
Y -0.6899 -0.6854 -0.2329
Z -0.0469  0.3634 -0.9305

PART 17
OFFSET  9.4187  11.6447 -19.5125
X  0.1852 -0.9217 -0.3408
Y -0.9827 -0.1713 -0.0705
Z  0.0066  0.3479 -0.9375

PART 18
OFFSET  9.5828  10.8274 -19.8146
X -0.1632 -0.9295 -0.3306
Y -0.9847  0.1329  0.1125
Z -0.0607  0.3440 -0.9370

PART 19
OFFSET  9.4278  9.9444 -20.1288
X  0.7518  0.5778  0.3177
Y -0.6460  0.7419  0.1793
Z -0.1321 -0.3401  0.9311

PART 20
OFFSET  6.0244  13.2248 -18.6386
X  0.8230 -0.5134  0.2432
Y -0.1983 -0.6609 -0.7238
Z  0.5323  0.5475 -0.6457

PART 21
OFFSET  8.1947  11.9162 -18.0591
X  0.8723 -0.4557 -0.1770
Y -0.4744 -0.7012 -0.5323
Z  0.1185  0.5483 -0.8278

PART 22
OFFSET  9.6798  11.1403 -18.3606
X  0.2920 -0.8229 -0.4874
Y -0.9451 -0.1699 -0.2792
Z  0.1469  0.5422 -0.8273

PART 23
OFFSET  10.0844  9.9998 -19.0361
X  0.1296 -0.8365 -0.5324
Y -0.9810 -0.0301 -0.1915
Z  0.1442  0.5471 -0.8245

PART 24
OFFSET  10.2250  9.0926 -19.6135
X  0.4613  0.7295  0.5050
Y -0.8833  0.4313  0.1839
Z -0.0837 -0.5309  0.8433

PART 25
OFFSET  5.6837  10.9365 -16.9315
X  0.6715 -0.7320  0.1155
Y  0.3611  0.4594  0.8115
Z -0.6471 -0.5032  0.5728

PART 26
OFFSET  7.0154  11.3174 -16.4192
X  0.8151 -0.5517  0.1769
Y -0.2862 -0.6490 -0.7049
Z  0.5037  0.5239 -0.6869

PART 27
OFFSET  8.4504  10.3461 -16.1076
X  0.6603 -0.7284 -0.1827
Y -0.5757 -0.3347 -0.7460
Z  0.4822  0.5978 -0.6404

PART 28
OFFSET  9.2239  9.4243 -16.2909
X  0.4710 -0.8469 -0.2469
Y -0.6928 -0.1819 -0.6978
Z  0.5460  0.4997 -0.6724

PART 29
OFFSET  9.7559  8.4677 -16.5697
X  0.6257  0.5805  0.5211
Y -0.7252  0.6789  0.1145
Z -0.2873 -0.4496  0.8458

PART 30
OFFSET  7.7233  11.6244 -17.2097
X  0.8253 -0.5523 -0.1180
Y -0.5218 -0.6658 -0.5333
Z  0.2160  0.5017 -0.8377

PART 31
OFFSET  9.3356  10.5455 -17.4402
X  0.5064 -0.7794 -0.3688
Y -0.8457 -0.3654 -0.3890
Z  0.1684  0.5089 -0.8442

PART 32
OFFSET  10.0753  9.4071 -17.9789
X  0.3395 -0.8256 -0.4507
Y -0.9334 -0.2364 -0.2701
Z  0.1164  0.5123 -0.8509

PART 33
OFFSET  10.4613  8.4758 -18.4952
X  0.3284  0.7513  0.5724
Y -0.9216  0.3877  0.0198
Z -0.2071 -0.5340  0.8197

PART 34
OFFSET  6.8310  11.2040 -18.9928
X  0.4796  0.5403 -0.6914
Y  0.2187  0.6895  0.6905
Z  0.8498 -0.4824  0.2125

PART 35
OFFSET  0.2396 -18.0192 -9.7489
X  0.7936 -0.4370 -0.4235
Y  0.5820  0.7481  0.3188
Z  0.1775 -0.4995  0.8480

PART 36
OFFSET  0.2396 -18.0192 -9.7489
X  0.7936 -0.4370 -0.4235
Y  0.5820  0.7481  0.3188
Z  0.1775 -0.4995  0.8480

PART 37
OFFSET  4.7003 -21.7236 -10.0843
X  0.7970 -0.4471 -0.4061
Y  0.5820  0.7481  0.3188
Z  0.1612 -0.4904  0.8564

PART 38
OFFSET  3.6401 -19.9878 -11.2910
X  0.7936 -0.4370 -0.4235
Y  0.5820  0.7481  0.3188
Z  0.1775 -0.4995  0.8480

PART 39
OFFSET -0.7624 -16.5464 -11.3754
X  0.7936 -0.4370 -0.4235
Y  0.5820  0.7481  0.3188
Z  0.1775 -0.4995  0.8480

PART 40
OFFSET  10.8082 -23.7123 -16.7936
X -0.1391 -0.2947  0.9454
Y -0.8012  0.5946  0.0675
Z -0.5820 -0.7481 -0.3188

PART 41
OFFSET  10.8082 -23.7123 -16.7936
X  0.5820  0.7481  0.3188
Y -0.7936  0.4370  0.4235
Z  0.1775 -0.4995  0.8480

PART 42
OFFSET  10.5682 -23.0750 -16.9417
X  0.5820  0.7481  0.3188
Y -0.7936  0.4370  0.4235
Z  0.1775 -0.4995  0.8480

PART 43
OFFSET  11.3830 -22.0278 -16.4954
X  0.4023  0.8989 -0.1738
Y -0.7936  0.4370  0.4235
Z  0.4566 -0.0325  0.8891

PART 44
OFFSET  18.7023 -25.6518 -20.7613
X  0.4395 -0.8869 -0.1419
Y  0.7074  0.4392 -0.5537
Z  0.5535  0.1430  0.8205

PART 45
OFFSET -17.6076 -4.8127 -7.0611
X -0.7594  0.0820  0.6454
Y -0.6449  0.0364 -0.7634
Z -0.0861 -0.9960  0.0253

PART 46
OFFSET -8.4232 -5.8044 -14.8665
X -0.2862  0.8781 -0.3836
Y  0.7481 -0.0454 -0.6620
Z -0.5987 -0.4764 -0.6439

PART 47
OFFSET -5.9892 -13.2726 -11.6041
X -0.2862  0.8781 -0.3836
Y  0.6092 -0.1423 -0.7802
Z -0.7396 -0.4569 -0.4942

PART 48
OFFSET -5.3698 -13.9344 -9.8312
X -0.2888  0.8797 -0.3777
Y  0.5884  0.4743  0.6548
Z  0.7552 -0.0332 -0.6546

PART 49
OFFSET -6.3691 -14.5633 -9.5250
X -0.2888  0.8797 -0.3777
Y  0.5884  0.4743  0.6548
Z  0.7552 -0.0332 -0.6546

PART 50
OFFSET -7.0468 -15.3032 -10.4558
X -0.2888  0.8797 -0.3777
Y  0.5884  0.4743  0.6548
Z  0.7552 -0.0332 -0.6546

PART 51
OFFSET -5.1119 -15.9645 -10.4281
X -0.8865  0.4420  0.1368
Y -0.0443  0.2132 -0.9760
Z -0.4605 -0.8713 -0.1694

PART 52
OFFSET -4.4812 -16.0112 -9.4783
X -0.8863 -0.0200 -0.4627
Y  0.4371  0.2941 -0.8499
Z  0.1531 -0.9556 -0.2520

PART 53
OFFSET -2.6209 -15.9443 -8.3808
X -0.8744  0.0080  0.4851
Y -0.4815  0.1081 -0.8698
Z -0.0594 -0.9941 -0.0906

PART 54
OFFSET -1.2313 -15.8395 -9.2056
X -0.2858 -0.2051  0.9361
Y -0.9580  0.0366 -0.2845
Z  0.0241 -0.9781 -0.2070

PART 55
OFFSET -0.9070 -15.5736 -10.2036
X -0.4239  0.4844  0.7653
Y  0.4334  0.8504 -0.2982
Z -0.7953  0.2053 -0.5704

PART 56
OFFSET -4.3161 -15.9341 -11.5548
X -0.8578  0.0885  0.5063
Y -0.2448 -0.9366 -0.2509
Z  0.4520 -0.3391  0.8250

PART 57
OFFSET -2.2929 -16.0676 -12.5415
X -0.6498 -0.7295 -0.2135
Y  0.6278 -0.3566 -0.6919
Z  0.4286 -0.5836  0.6897

PART 58
OFFSET -1.3730 -15.0347 -12.2392
X  0.2244 -0.6678 -0.7097
Y  0.8974  0.4255 -0.1167
Z  0.3799 -0.6107  0.6948

PART 59
OFFSET -1.5720 -14.4426 -11.6099
X  0.8381 -0.0190 -0.5451
Y  0.3266  0.8180  0.4735
Z  0.4369 -0.5749  0.6918

PART 60
OFFSET -2.3683 -14.4245 -11.0921
X -0.9092 -0.4158  0.0197
Y -0.2376  0.5572  0.7957
Z -0.3418  0.7188 -0.6054

PART 61
OFFSET -4.1560 -16.2946 -10.9598
X -0.9040  0.2216  0.3655
Y -0.3067 -0.9319 -0.1936
Z  0.2977 -0.2871  0.9105

PART 62
OFFSET -1.8606 -16.8477 -12.0480
X -0.6399 -0.7620 -0.0993
Y  0.5894 -0.4038 -0.6997
Z  0.4930 -0.5063  0.7075

PART 63
OFFSET -0.7711 -15.5504 -11.8789
X  0.4185 -0.5766 -0.7017
Y  0.7766  0.6278 -0.0527
Z  0.4709 -0.5229  0.7106

PART 64
OFFSET -1.3512 -14.7513 -10.9064
X  0.8717  0.1383 -0.4701
Y  0.1454  0.8432  0.5176
Z  0.4680 -0.5196  0.7149

PART 65
OFFSET -2.2966 -14.9013 -10.3966
X -0.7742 -0.6205  0.1246
Y -0.4008  0.6330  0.6623
Z -0.4899  0.4628 -0.7388

PART 66
OFFSET -9.0110 -14.7724 -9.1243
X -0.9536  0.1323  0.2704
Y  0.1809  0.9698  0.1636
Z -0.2405  0.2049 -0.9488

PART 67
OFFSET -1.7952 -18.1712 -10.2880
X -0.8975  0.3042  0.3191
Y -0.3972 -0.8722 -0.2856
Z  0.1914 -0.3831  0.9036

PART 68
OFFSET -0.2149 -18.7068 -10.8499
X -0.9087  0.2734  0.3154
Y -0.3568 -0.9010 -0.2469
Z  0.2166 -0.3369  0.9163

PART 69
OFFSET  0.9030 -19.0597 -11.1776
X -0.9234  0.2918  0.2494
Y -0.3552 -0.8958 -0.2671
Z  0.1455 -0.3352  0.9308

PART 70
OFFSET  1.9460 -19.3892 -11.4593
X  0.6622  0.6194  0.4217
Y  0.7468 -0.4988 -0.4400
Z -0.0622  0.6063 -0.7928

PART 71
OFFSET -1.8552 -17.7365 -11.3019
X -0.7178 -0.6962 -0.0063
Y  0.5833 -0.5963 -0.5515
Z  0.3802 -0.3996  0.8341

PART 72
OFFSET -0.4529 -16.3764 -11.2895
X  0.3318 -0.7803 -0.5301
Y  0.8456  0.4951 -0.1995
Z  0.4181 -0.3821  0.8241

PART 73
OFFSET -0.9376 -15.2366 -10.5152
X  0.8818  0.0319 -0.4705
Y  0.1312  0.9418  0.3096
Z  0.4530 -0.3347  0.8263

PART 74
OFFSET -1.9394 -15.2697 -9.9880
X -0.7889 -0.6046  0.1102
Y -0.4322  0.6733  0.5999
Z -0.4369  0.4256 -0.7924

PART 75
OFFSET  0.0000 -0.0000 -0.0000
X  1.0000 -0.0000  0.0000
Y  0.0000  1.0000  0.0000
Z  0.0000 -0.0000  1.0000

PART 76
OFFSET  0.0000 -0.0000 -0.0000
X  1.0000 -0.0000  0.0000
Y  0.0000  1.0000  0.0000
Z  0.0000 -0.0000  1.0000

PART 77
OFFSET  1.5404 -0.0000  4.1357
X  1.0000 -0.0000  0.0000
Y  0.0000  1.0000  0.0000
Z  0.0000 -0.0000  1.0000


FRAME 231
PART 0
OFFSET  0.0000 -0.0000 -0.0000
X  1.0000 -0.0000  0.0000
Y  0.0000  1.0000  0.0000
Z  0.0000 -0.0000  1.0000

PART 1
OFFSET -4.6318 -0.0000 -1.3770
X  1.0000 -0.0000  0.0000
Y  0.0000  1.0000  0.0000
Z  0.0000 -0.0000  1.0000

PART 2
OFFSET -3.5060  6.3408 -6.7125
X -0.1527  0.7529 -0.6402
Y  0.1630 -0.6197 -0.7677
Z -0.9747 -0.2216 -0.0281

PART 3
OFFSET -5.3527  15.4462 -14.4548
X  0.9280 -0.1615 -0.3358
Y  0.1080 -0.7460  0.6572
Z -0.3566 -0.6461 -0.6748

PART 4
OFFSET  2.5401  14.0730 -17.3112
X  0.9280 -0.1615 -0.3358
Y  0.1230 -0.7180  0.6851
Z -0.3517 -0.6771 -0.6464

PART 5
OFFSET  4.3853  15.5805 -17.0949
X  0.9283 -0.1553 -0.3379
Y  0.3525  0.6572  0.6662
Z  0.1186 -0.7375  0.6648

PART 6
OFFSET  3.0852  14.3740 -18.9697
X  0.9283 -0.1553 -0.3379
Y  0.3525  0.6572  0.6662
Z  0.1186 -0.7375  0.6648

PART 7
OFFSET  4.9773  13.5887 -16.0612
X  0.9283 -0.1553 -0.3379
Y  0.3525  0.6572  0.6662
Z  0.1186 -0.7375  0.6648

PART 8
OFFSET  4.3213  12.6121 -17.1051
X  0.9283 -0.1553 -0.3379
Y  0.3525  0.6572  0.6662
Z  0.1186 -0.7375  0.6648

PART 9
OFFSET  3.5002  12.3308 -18.1031
X  0.9283 -0.1553 -0.3379
Y  0.3525  0.6572  0.6662
Z  0.1186 -0.7375  0.6648

PART 10
OFFSET  5.3850  13.5780 -18.3408
X  0.6225 -0.6313  0.4626
Y -0.7472 -0.3036  0.5912
Z -0.2328 -0.7136 -0.6607

PART 11
OFFSET  4.8483  12.7080 -17.8335
X  0.0567 -0.9952 -0.0804
Y -0.6920 -0.0972  0.7153
Z -0.7197  0.0151 -0.6942

PART 12
OFFSET  4.8615  10.5517 -17.9743
X  0.4006 -0.9159 -0.0244
Y -0.7930 -0.3600  0.4915
Z -0.4589 -0.1775 -0.8706

PART 13
OFFSET  5.5041  9.0746 -18.1405
X  0.0086 -0.9999  0.0106
Y -0.7798 -0.0000  0.6261
Z -0.6260 -0.0137 -0.7797

PART 14
OFFSET  5.4715  7.9927 -18.1540
X  0.2478 -0.7294  0.6377
Y  0.7039  0.5878  0.3988
Z -0.6657  0.3501  0.6590

PART 15
OFFSET  6.6648  13.2246 -18.7159
X  0.9346 -0.3527  0.0454
Y -0.2167 -0.6662 -0.7136
Z  0.2819  0.6571 -0.6991

PART 16
OFFSET  8.6971  12.2548 -18.5995
X  0.7131 -0.6489 -0.2654
Y -0.6991 -0.6869 -0.1988
Z -0.0533  0.3273 -0.9434

PART 17
OFFSET  9.7067  11.3360 -18.9753
X  0.1725 -0.9362 -0.3064
Y -0.9850 -0.1639 -0.0537
Z  0.0000  0.3110 -0.9504

PART 18
OFFSET  9.8596  10.5060 -19.2469
X -0.1758 -0.9400 -0.2924
Y -0.9821  0.1472  0.1174
Z -0.0673  0.3078 -0.9491

PART 19
OFFSET  9.6926  9.6130 -19.5247
X  0.7608  0.5820  0.2872
Y -0.6368  0.7549  0.1568
Z -0.1255 -0.3022  0.9449

PART 20
OFFSET  6.3376  12.9836 -18.1291
X  0.8204 -0.5119  0.2547
Y -0.2125 -0.6865 -0.6954
Z  0.5308  0.5164 -0.6720

PART 21
OFFSET  8.5010  11.6764 -17.5212
X  0.8659 -0.4712 -0.1680
Y -0.4869 -0.7165 -0.4996
Z  0.1150  0.5144 -0.8498

PART 22
OFFSET  9.9751  10.8742 -17.8072
X  0.2787 -0.8442 -0.4579
Y -0.9496 -0.1710 -0.2626
Z  0.1434  0.5080 -0.8493

PART 23
OFFSET  10.3613  9.7042 -18.4418
X  0.1157 -0.8579 -0.5006
Y -0.9833 -0.0275 -0.1801
Z  0.1407  0.5131 -0.8467

PART 24
OFFSET  10.4868  8.7738 -18.9848
X  0.4738  0.7438  0.4714
Y -0.8770  0.4471  0.1759
Z -0.0799 -0.4968  0.8642

PART 25
OFFSET  5.9926  10.7672 -16.3304
X  0.6654 -0.7337  0.1372
Y  0.3742  0.4869  0.7892
Z -0.6459 -0.4738  0.5986

PART 26
OFFSET  7.3334  11.1542 -15.8470
X  0.8114 -0.5527  0.1900
Y -0.3001 -0.6730 -0.6760
Z  0.5015  0.4916 -0.7120

PART 27
OFFSET  8.7621  10.1811 -15.5125
X  0.6512 -0.7417 -0.1609
Y -0.5868 -0.3576 -0.7264
Z  0.4812  0.5675 -0.6681

PART 28
OFFSET  9.5245  9.2450 -15.6675
X  0.4600 -0.8606 -0.2184
Y -0.7020 -0.2019 -0.6830
Z  0.5437  0.4675 -0.6970

PART 29
OFFSET  10.0440  8.2728 -15.9142
X  0.6369  0.5939  0.4916
Y -0.7173  0.6903  0.0953
Z -0.2827 -0.4133  0.8656

PART 30
OFFSET  8.0359  11.4228 -16.6562
X  0.8185 -0.5648 -0.1048
Y -0.5339 -0.6807 -0.5015
Z  0.2120  0.4664 -0.8588

PART 31
OFFSET  9.6349  10.3194 -16.8609
X  0.4948 -0.7983 -0.3433
Y -0.8533 -0.3716 -0.3657
Z  0.1644  0.4739 -0.8651

PART 32
OFFSET  10.3576  9.1533 -17.3623
X  0.3266 -0.8460 -0.4215
Y -0.9385 -0.2372 -0.2510
Z  0.1124  0.4776 -0.8714

PART 33
OFFSET  10.7290  8.1987 -17.8457
X  0.3418  0.7697  0.5393
Y -0.9175  0.3976  0.0141
Z -0.2036 -0.4995  0.8420

PART 34
OFFSET  7.1205  10.9424 -18.4122
X  0.4775  0.5080 -0.7169
Y  0.2328  0.7136  0.6607
Z  0.8472 -0.4824  0.2225

PART 35
OFFSET  0.4532 -17.5293 -9.4387
X  0.8245 -0.4400 -0.3558
Y  0.5507  0.7684  0.3260
Z  0.1300 -0.4647  0.8759

PART 36
OFFSET  0.4532 -17.5293 -9.4387
X  0.8245 -0.4400 -0.3558
Y  0.5507  0.7684  0.3260
Z  0.1300 -0.4647  0.8759

PART 37
OFFSET  4.9749 -21.1736 -9.3517
X  0.8270 -0.4494 -0.3378
Y  0.5507  0.7684  0.3260
Z  0.1131 -0.4556  0.8830

PART 38
OFFSET  3.9704 -19.5007 -10.6879
X  0.8245 -0.4400 -0.3558
Y  0.5507  0.7684  0.3260
Z  0.1300 -0.4647  0.8759

PART 39
OFFSET -0.4631 -16.1339 -11.1799
X  0.8245 -0.4400 -0.3558
Y  0.5507  0.7684  0.3260
Z  0.1300 -0.4647  0.8759

PART 40
OFFSET  11.5214 -23.3151 -15.5833
X -0.1948 -0.2615  0.9454
Y -0.8116  0.5841 -0.0057
Z -0.5507 -0.7684 -0.3260

PART 41
OFFSET  11.5214 -23.3151 -15.5833
X  0.5507  0.7684  0.3260
Y -0.8245  0.4400  0.3558
Z  0.1300 -0.4647  0.8759

PART 42
OFFSET  11.2828 -22.6875 -15.7703
X  0.5507  0.7684  0.3260
Y -0.8245  0.4400  0.3558
Z  0.1300 -0.4647  0.8759

PART 43
OFFSET  12.0538 -21.6118 -15.3139
X  0.3777  0.8961 -0.2330
Y -0.8245  0.4400  0.3558
Z  0.4214  0.0577  0.9051

PART 44
OFFSET  19.6760 -25.2774 -18.9703
X  0.4594 -0.8846 -0.0801
Y  0.7352  0.4293 -0.5246
Z  0.4984  0.1820  0.8476

PART 45
OFFSET -17.2950 -4.9046 -7.2760
X -0.7533  0.0519  0.6556
Y -0.6556  0.0197 -0.7549
Z -0.0521 -0.9985  0.0192

PART 46
OFFSET -8.1843 -5.5318 -15.2046
X -0.2863  0.8688 -0.4039
Y  0.7545 -0.0554 -0.6540
Z -0.5905 -0.4920 -0.6397

PART 47
OFFSET -5.7490 -12.9216 -11.7690
X -0.2863  0.8688 -0.4039
Y  0.6344 -0.1440 -0.7595
Z -0.7180 -0.4737 -0.5099

PART 48
OFFSET -5.1434 -13.5446 -9.9774
X -0.2890  0.8706 -0.3981
Y  0.5802  0.4901  0.6505
Z  0.7615 -0.0430 -0.6468

PART 49
OFFSET -6.1429 -14.1716 -9.6679
X -0.2890  0.8706 -0.3981
Y  0.5802  0.4901  0.6505
Z  0.7615 -0.0430 -0.6468

PART 50
OFFSET -6.8085 -14.9332 -10.5897
X -0.2890  0.8706 -0.3981
Y  0.5802  0.4901  0.6505
Z  0.7615 -0.0430 -0.6468

PART 51
OFFSET -4.8712 -15.5851 -10.5307
X -0.8992  0.4328  0.0639
Y  0.0148  0.1760 -0.9843
Z -0.4373 -0.8841 -0.1647

PART 52
OFFSET -4.3015 -15.5867 -9.5420
X -0.8548 -0.0510 -0.5164
Y  0.4862  0.2691 -0.8314
Z  0.1814 -0.9618 -0.2052

PART 53
OFFSET -2.5154 -15.4499 -8.3332
X -0.9035  0.0124  0.4285
Y -0.4268  0.0681 -0.9018
Z -0.0404 -0.9976 -0.0562

PART 54
OFFSET -1.0779 -15.3542 -9.0724
X -0.3418 -0.1746  0.9234
Y -0.9384  0.0110 -0.3453
Z  0.0501 -0.9846 -0.1676

PART 55
OFFSET -0.6946 -15.1205 -10.0574
X -0.4779  0.5058  0.7181
Y  0.4401  0.8454 -0.3026
Z -0.7602  0.1715 -0.6267

PART 56
OFFSET -4.0061 -15.5843 -11.6054
X -0.8892  0.0939  0.4477
Y -0.2160 -0.9490 -0.2299
Z  0.4033 -0.3011  0.8641

PART 57
OFFSET -1.9229 -15.7228 -12.4573
X -0.6252 -0.7470 -0.2260
Y  0.6750 -0.3723 -0.6370
Z  0.3918 -0.5508  0.7370

PART 58
OFFSET -1.0377 -14.6652 -12.1374
X  0.2777 -0.6902 -0.6682
Y  0.8973  0.4348 -0.0762
Z  0.3432 -0.5784  0.7401

PART 59
OFFSET -1.2840 -14.0532 -11.5449
X  0.8712 -0.0262 -0.4903
Y  0.2851  0.8401  0.4616
Z  0.3998 -0.5418  0.7393

PART 60
OFFSET -2.1116 -14.0283 -11.0791
X -0.9031 -0.4289 -0.0217
Y -0.2949  0.5826  0.7574
Z -0.3122  0.6903 -0.6526

PART 61
OFFSET -3.8792 -15.9199 -10.9883
X -0.9282  0.2209  0.2993
Y -0.2814 -0.9432 -0.1768
Z  0.2432 -0.2483  0.9377

PART 62
OFFSET -1.5124 -16.4772 -11.9082
X -0.6222 -0.7750 -0.1102
Y  0.6379 -0.4203 -0.6453
Z  0.4539 -0.4718  0.7559

PART 63
OFFSET -0.4530 -15.1576 -11.7206
X  0.4698 -0.5957 -0.6515
Y  0.7700  0.6375 -0.0277
Z  0.4318 -0.4886  0.7582

PART 64
OFFSET -1.1041 -14.3320 -10.8177
X  0.8978  0.1343 -0.4193
Y  0.1011  0.8640  0.4932
Z  0.4285 -0.4852  0.7622

PART 65
OFFSET -2.0778 -14.4777 -10.3629
X -0.7723 -0.6275  0.0993
Y -0.4503  0.6509  0.6112
Z -0.4481  0.4273 -0.7852

PART 66
OFFSET -8.8605 -14.4063 -9.5208
X -0.9705  0.1274  0.2047
Y  0.1574  0.9779  0.1375
Z -0.1826  0.1657 -0.9691

PART 67
OFFSET -1.5411 -17.7330 -10.0984
X -0.9199  0.3019  0.2503
Y -0.3667 -0.8883 -0.2766
Z  0.1388 -0.3462  0.9278

PART 68
OFFSET  0.0786 -18.2645 -10.5390
X -0.9304  0.2707  0.2470
Y -0.3284 -0.9150 -0.2343
Z  0.1626 -0.2991  0.9403

PART 69
OFFSET  1.2195 -18.6118 -10.7822
X -0.9411  0.2864  0.1796
Y -0.3257 -0.9106 -0.2545
Z  0.0906 -0.2980  0.9502

PART 70
OFFSET  2.2826 -18.9353 -10.9850
X  0.6259  0.6449  0.4386
Y  0.7797 -0.5031 -0.3729
Z -0.0198  0.5753 -0.8177

PART 71
OFFSET -1.5425 -17.3373 -11.1298
X -0.7067 -0.7071 -0.0248
Y  0.6249 -0.6073 -0.4906
Z  0.3319 -0.3623  0.8710

PART 72
OFFSET -0.1620 -15.9560 -11.0813
X  0.3750 -0.7942 -0.4781
Y  0.8499  0.5005 -0.1647
Z  0.3701 -0.3446  0.8627

PART 73
OFFSET -0.7097 -14.7959 -10.3830
X  0.9094  0.0281 -0.4151
Y  0.0988  0.9546  0.2811
Z  0.4041 -0.2966  0.8653

PART 74
OFFSET -1.7424 -14.8250 -9.9189
X -0.7862 -0.6123  0.0834
Y -0.4782  0.6883  0.5454
Z -0.3914  0.3890 -0.8340

PART 75
OFFSET  0.0000 -0.0000 -0.0000
X  1.0000 -0.0000  0.0000
Y  0.0000  1.0000  0.0000
Z  0.0000 -0.0000  1.0000

PART 76
OFFSET  0.0000 -0.0000 -0.0000
X  1.0000 -0.0000  0.0000
Y  0.0000  1.0000  0.0000
Z  0.0000 -0.0000  1.0000

PART 77
OFFSET  1.5404 -0.0000  4.1357
X  1.0000 -0.0000  0.0000
Y  0.0000  1.0000  0.0000
Z  0.0000 -0.0000  1.0000


FRAME 232
PART 0
OFFSET  0.0000 -0.0000 -0.0000
X  1.0000 -0.0000  0.0000
Y  0.0000  1.0000  0.0000
Z  0.0000 -0.0000  1.0000

PART 1
OFFSET -4.6318 -0.0000 -1.3770
X  1.0000 -0.0000  0.0000
Y  0.0000  1.0000  0.0000
Z  0.0000 -0.0000  1.0000

PART 2
OFFSET -3.5060  6.3408 -6.7125
X -0.1091  0.7483 -0.6544
Y  0.2280 -0.6219 -0.7492
Z -0.9675 -0.2310 -0.1027

PART 3
OFFSET -4.8259  15.3903 -14.6262
X  0.9548 -0.2122 -0.2082
Y -0.0120 -0.7272  0.6863
Z -0.2970 -0.6528 -0.6969

PART 4
OFFSET  3.2951  13.5854 -16.3967
X  0.9548 -0.2122 -0.2082
Y  0.0305 -0.6267  0.7787
Z -0.2957 -0.7498 -0.5919

PART 5
OFFSET  5.1657  15.0193 -15.9856
X  0.9556 -0.2061 -0.2103
Y  0.2945  0.6638  0.6875
Z -0.0021 -0.7190  0.6950

PART 6
OFFSET  4.0616  13.8066 -17.9783
X  0.9556 -0.2061 -0.2103
Y  0.2945  0.6638  0.6875
Z -0.0021 -0.7190  0.6950

PART 7
OFFSET  5.5267  13.0402 -14.8284
X  0.9556 -0.2061 -0.2103
Y  0.2945  0.6638  0.6875
Z -0.0021 -0.7190  0.6950

PART 8
OFFSET  4.9649  12.0576 -15.9206
X  0.9556 -0.2061 -0.2103
Y  0.2945  0.6638  0.6875
Z -0.0021 -0.7190  0.6950

PART 9
OFFSET  4.2663  11.7781 -17.0083
X  0.9556 -0.2061 -0.2103
Y  0.2945  0.6638  0.6875
Z -0.0021 -0.7190  0.6950

PART 10
OFFSET  6.2222  12.9349 -17.0348
X  0.6159 -0.6005  0.5100
Y -0.7393 -0.2168  0.6375
Z -0.2722 -0.7697 -0.5775

PART 11
OFFSET  5.6740  12.1395 -16.4273
X  0.0247 -0.9995  0.0216
Y -0.6746 -0.0007  0.7382
Z -0.7378 -0.0328 -0.6742

PART 12
OFFSET  5.6188  9.9808 -16.3444
X  0.3723 -0.9261  0.0607
Y -0.7895 -0.2816  0.5453
Z -0.4879 -0.2509 -0.8360

PART 13
OFFSET  6.2122  8.4744 -16.3726
X -0.0210 -0.9933  0.1138
Y -0.7618  0.0896  0.6416
Z -0.6475 -0.0732 -0.7586

PART 14
OFFSET  6.1469  7.3984 -16.2733
X  0.2434 -0.6677  0.7035
Y  0.7319  0.6024  0.3185
Z -0.6364  0.4374  0.6353

PART 15
OFFSET  7.4799  12.5033 -17.4025
X  0.9246 -0.3764  0.0588
Y -0.2562 -0.7285 -0.6353
Z  0.2820  0.5723 -0.7700

PART 16
OFFSET  9.4849  11.4849 -17.2361
X  0.6858 -0.6956 -0.2142
Y -0.7245 -0.6805 -0.1096
Z -0.0695  0.2303 -0.9706

PART 17
OFFSET  10.4557  10.5001 -17.5394
X  0.1359 -0.9678 -0.2120
Y -0.9906 -0.1364 -0.0123
Z -0.0170  0.2117 -0.9772

PART 18
OFFSET  10.5762  9.6421 -17.7273
X -0.2119 -0.9588 -0.1892
Y -0.9737  0.1904  0.1255
Z -0.0843  0.2108 -0.9739

PART 19
OFFSET  10.3750  8.7311 -17.9070
X  0.7855  0.5834  0.2068
Y -0.6094  0.7874  0.0934
Z -0.1083 -0.1993  0.9739

PART 20
OFFSET  7.1621  12.3347 -16.7860
X  0.8115 -0.5095  0.2861
Y -0.2521 -0.7470 -0.6152
Z  0.5272  0.4271 -0.7346

PART 21
OFFSET  9.3014  11.0271 -16.0992
X  0.8464 -0.5139 -0.1395
Y -0.5217 -0.7478 -0.4108
Z  0.1068  0.4205 -0.9010

PART 22
OFFSET  10.7425  10.1522 -16.3367
X  0.2405 -0.8954 -0.3747
Y -0.9612 -0.1661 -0.2202
Z  0.1350  0.4132 -0.9006

PART 23
OFFSET  11.0759  8.9112 -16.8561
X  0.0761 -0.9081 -0.4119
Y -0.9883 -0.0138 -0.1522
Z  0.1325  0.4186 -0.8985

PART 24
OFFSET  11.1584  7.9264 -17.3027
X  0.5087  0.7725  0.3802
Y -0.8580  0.4912  0.1501
Z -0.0708 -0.4026  0.9127

PART 25
OFFSET  6.8010  10.3270 -14.7598
X  0.6468 -0.7371  0.1960
Y  0.4103  0.5529  0.7252
Z -0.6429 -0.3886  0.6600

PART 26
OFFSET  8.1655  10.7177 -14.3520
X  0.7995 -0.5564  0.2263
Y -0.3386 -0.7287 -0.5952
Z  0.4961  0.3993 -0.7710

PART 27
OFFSET  9.5732  9.7381 -13.9536
X  0.6240 -0.7751 -0.0992
Y -0.6171 -0.4110 -0.6710
Z  0.4793  0.4799 -0.7348

PART 28
OFFSET  10.3027  8.7667 -14.0295
X  0.4279 -0.8930 -0.1394
Y -0.7263 -0.2480 -0.6411
Z  0.5379  0.3755 -0.7547

PART 29
OFFSET  10.7860  7.7579 -14.1869
X  0.6677  0.6202  0.4118
Y -0.6934  0.7194  0.0409
Z -0.2709 -0.3128  0.9104

PART 30
OFFSET  8.8531  10.8788 -15.2016
X  0.7981 -0.5990 -0.0657
Y -0.5677 -0.7109 -0.4152
Z  0.2020  0.3687 -0.9074

PART 31
OFFSET  10.4122  9.7087 -15.3300
X  0.4611 -0.8450 -0.2708
Y -0.8738 -0.3792 -0.3043
Z  0.1545  0.3770 -0.9133

PART 32
OFFSET  11.0856  8.4745 -15.7255
X  0.2894 -0.8949 -0.3396
Y -0.9517 -0.2311 -0.2021
Z  0.1024  0.3817 -0.9186

PART 33
OFFSET  11.4148  7.4637 -16.1165
X  0.3794  0.8094  0.4482
Y -0.9044  0.4266 -0.0047
Z -0.1950 -0.4036  0.8939

PART 34
OFFSET  7.8755  10.2508 -16.8755
X  0.4724  0.4159 -0.7771
Y  0.2722  0.7697  0.5775
Z  0.8383 -0.4843  0.2504

PART 35
OFFSET  1.1133 -16.2941 -8.6570
X  0.8849 -0.4335 -0.1703
Y  0.4657  0.8187  0.3358
Z -0.0062 -0.3765  0.9264

PART 36
OFFSET  1.1133 -16.2941 -8.6570
X  0.8849 -0.4335 -0.1703
Y  0.4657  0.8187  0.3358
Z -0.0062 -0.3765  0.9264

PART 37
OFFSET  5.6580 -19.7102 -7.4702
X  0.8846 -0.4411 -0.1513
Y  0.4657  0.8187  0.3358
Z -0.0243 -0.3675  0.9297

PART 38
OFFSET  4.8456 -18.2129 -9.1106
X  0.8849 -0.4335 -0.1703
Y  0.4657  0.8187  0.3358
Z -0.0062 -0.3765  0.9264

PART 39
OFFSET  0.4638 -15.1058 -10.6532
X  0.8849 -0.4335 -0.1703
Y  0.4657  0.8187  0.3358
Z -0.0062 -0.3765  0.9264

PART 40
OFFSET  13.2192 -22.1189 -12.2974
X -0.3437 -0.1824  0.9212
Y -0.8155  0.5445 -0.1964
Z -0.4657 -0.8187 -0.3358

PART 41
OFFSET  13.2192 -22.1189 -12.2974
X  0.4657  0.8187  0.3358
Y -0.8849  0.4335  0.1703
Z -0.0062 -0.3765  0.9264

PART 42
OFFSET  12.9977 -21.5223 -12.5815
X  0.4657  0.8187  0.3358
Y -0.8849  0.4335  0.1703
Z -0.0062 -0.3765  0.9264

PART 43
OFFSET  13.6498 -20.3761 -12.1113
X  0.3499  0.8600 -0.3715
Y -0.8849  0.4335  0.1703
Z  0.3075  0.2691  0.9127

PART 44
OFFSET  21.8807 -24.0177 -14.0849
X  0.4914 -0.8669  0.0834
Y  0.8005  0.4118 -0.4354
Z  0.3431  0.2808  0.8964

PART 45
OFFSET -16.4574 -5.1509 -7.8519
X -0.7350 -0.0106  0.6779
Y -0.6771 -0.0413 -0.7348
Z  0.0358 -0.9991  0.0231

PART 46
OFFSET -7.5679 -5.0226 -16.0509
X -0.3080  0.8361 -0.4541
Y  0.7660 -0.0652 -0.6395
Z -0.5643 -0.5448 -0.6203

PART 47
OFFSET -4.9486 -12.1336 -12.1888
X -0.3080  0.8361 -0.4541
Y  0.6821 -0.1387 -0.7180
Z -0.6632 -0.5308 -0.5276

PART 48
OFFSET -4.3511 -12.6397 -10.3580
X -0.3108  0.8381 -0.4484
Y  0.5538  0.5431  0.6311
Z  0.7724 -0.0522 -0.6329

PART 49
OFFSET -5.3345 -13.2820 -10.0290
X -0.3108  0.8381 -0.4484
Y  0.5538  0.5431  0.6311
Z  0.7724 -0.0522 -0.6329

PART 50
OFFSET -5.9608 -14.1134 -10.9176
X -0.3108  0.8381 -0.4484
Y  0.5538  0.5431  0.6311
Z  0.7724 -0.0522 -0.6329

PART 51
OFFSET -4.0045 -14.6967 -10.7968
X -0.9091  0.3964 -0.1279
Y  0.1754  0.0858 -0.9808
Z -0.3778 -0.9141 -0.1475

PART 52
OFFSET -3.6096 -14.5825 -9.7323
X -0.7538 -0.1360 -0.6429
Y  0.6114  0.2134 -0.7620
Z  0.2408 -0.9675 -0.0777

PART 53
OFFSET -2.0574 -14.2565 -8.2646
X -0.9627  0.0113  0.2703
Y -0.2705 -0.0337 -0.9621
Z -0.0018 -0.9994  0.0355

PART 54
OFFSET -0.5192 -14.1649 -8.7623
X -0.4874 -0.1045  0.8669
Y -0.8668 -0.0624 -0.4948
Z  0.1058 -0.9926 -0.0602

PART 55
OFFSET  0.0177 -14.0054 -9.6886
X -0.6063  0.5476  0.5766
Y  0.4605  0.8330 -0.3068
Z -0.6483  0.0795 -0.7572

PART 56
OFFSET -2.9711 -14.7556 -11.7090
X -0.9543  0.0948  0.2835
Y -0.1469 -0.9747 -0.1687
Z  0.2604 -0.2026  0.9440

PART 57
OFFSET -0.7710 -14.8785 -12.1879
X -0.5566 -0.7916 -0.2520
Y  0.7830 -0.3985 -0.4775
Z  0.2776 -0.4631  0.8417

PART 58
OFFSET  0.0170 -13.7578 -11.8310
X  0.4059 -0.7353 -0.5427
Y  0.8845  0.4656  0.0308
Z  0.2300 -0.4925  0.8394

PART 59
OFFSET -0.3430 -13.1058 -11.3499
X  0.9417 -0.0321 -0.3349
Y  0.1791  0.8906  0.4181
Z  0.2848 -0.4537  0.8444

PART 60
OFFSET -1.2376 -13.0752 -11.0317
X -0.8739 -0.4689 -0.1284
Y -0.4348  0.6357  0.6378
Z -0.2174  0.6132 -0.7594

PART 61
OFFSET -2.9404 -15.0274 -11.0496
X -0.9713  0.2058  0.1190
Y -0.2206 -0.9670 -0.1279
Z  0.0888 -0.1505  0.9846

PART 62
OFFSET -0.4375 -15.5605 -11.5076
X -0.5723 -0.8088 -0.1352
Y  0.7492 -0.4488 -0.4871
Z  0.3333 -0.3801  0.8628

PART 63
OFFSET  0.5369 -14.1835 -11.2775
X  0.5896 -0.6313 -0.5038
Y  0.7451  0.6659  0.0377
Z  0.3117 -0.3976  0.8630

PART 64
OFFSET -0.2803 -13.3087 -10.5792
X  0.9514  0.1353 -0.2765
Y -0.0082  0.9091  0.4165
Z  0.3077 -0.3940  0.8661

PART 65
OFFSET -1.3122 -13.4553 -10.2793
X -0.7597 -0.6495  0.0313
Y -0.5652  0.6834  0.4621
Z -0.3215  0.3334 -0.8863

PART 66
OFFSET -8.1390 -13.6093 -10.5788
X -0.9944  0.1022  0.0283
Y  0.1039  0.9924  0.0655
Z -0.0214  0.0681 -0.9974

PART 67
OFFSET -0.7348 -16.6458 -9.6136
X -0.9572  0.2822  0.0644
Y -0.2893 -0.9253 -0.2453
Z -0.0096 -0.2534  0.9673

PART 68
OFFSET  0.9505 -17.1427 -9.7271
X -0.9661  0.2505  0.0625
Y -0.2580 -0.9463 -0.1949
Z  0.0103 -0.2044  0.9788

PART 69
OFFSET  2.1256 -17.4596 -9.7436
X -0.9657  0.2595 -0.0070
Y -0.2520 -0.9436 -0.2147
Z -0.0623 -0.2056  0.9767

PART 70
OFFSET  3.2164 -17.7527 -9.7357
X  0.5243  0.7095  0.4708
Y  0.8454 -0.4998 -0.1883
Z  0.1017  0.4967 -0.8619

PART 71
OFFSET -0.5737 -16.3465 -10.6648
X -0.6719 -0.7372 -0.0720
Y  0.7157 -0.6212 -0.3192
Z  0.1906 -0.2660  0.9449

PART 72
OFFSET  0.7389 -14.9064 -10.5241
X  0.4728 -0.8171 -0.3299
Y  0.8509  0.5207 -0.0703
Z  0.2292 -0.2475  0.9414

PART 73
OFFSET  0.0483 -13.7129 -10.0423
X  0.9651  0.0305 -0.2601
Y  0.0227  0.9797  0.1991
Z  0.2609 -0.1980  0.9448

PART 74
OFFSET -1.0466 -13.7453 -9.7543
X -0.7712 -0.6365  0.0119
Y -0.5827  0.7134  0.3893
Z -0.2563  0.2933 -0.9210

PART 75
OFFSET  0.0000 -0.0000 -0.0000
X  1.0000 -0.0000  0.0000
Y  0.0000  1.0000  0.0000
Z  0.0000 -0.0000  1.0000

PART 76
OFFSET  0.0000 -0.0000 -0.0000
X  1.0000 -0.0000  0.0000
Y  0.0000  1.0000  0.0000
Z  0.0000 -0.0000  1.0000

PART 77
OFFSET  1.5404 -0.0000  4.1357
X  1.0000 -0.0000  0.0000
Y  0.0000  1.0000  0.0000
Z  0.0000 -0.0000  1.0000


FRAME 233
PART 0
OFFSET  0.0000 -0.0000 -0.0000
X  1.0000 -0.0000  0.0000
Y  0.0000  1.0000  0.0000
Z  0.0000 -0.0000  1.0000

PART 1
OFFSET -4.6318 -0.0000 -1.3770
X  1.0000 -0.0000  0.0000
Y  0.0000  1.0000  0.0000
Z  0.0000 -0.0000  1.0000

PART 2
OFFSET -3.5060  6.3408 -6.7125
X -0.0174  0.7305 -0.6827
Y  0.3218 -0.6424 -0.6955
Z -0.9467 -0.2318 -0.2238

PART 3
OFFSET -3.7166  15.1751 -14.9693
X  0.9615 -0.2742 -0.0194
Y -0.1824 -0.6890  0.7014
Z -0.2057 -0.6708 -0.7125

PART 4
OFFSET  4.4611  12.8426 -15.1344
X  0.9615 -0.2742 -0.0194
Y -0.1123 -0.4563  0.8827
Z -0.2509 -0.8465 -0.4695

PART 5
OFFSET  6.3122  14.1920 -14.4439
X  0.9631 -0.2684 -0.0217
Y  0.2057  0.6814  0.7024
Z -0.1737 -0.6809  0.7115

PART 6
OFFSET  5.5149  12.9397 -16.5550
X  0.9631 -0.2684 -0.0217
Y  0.2057  0.6814  0.7024
Z -0.1737 -0.6809  0.7115

PART 7
OFFSET  6.3315  12.2587 -13.1601
X  0.9631 -0.2684 -0.0217
Y  0.2057  0.6814  0.7024
Z -0.1737 -0.6809  0.7115

PART 8
OFFSET  5.9171  11.2530 -14.2962
X  0.9631 -0.2684 -0.0217
Y  0.2057  0.6814  0.7024
Z -0.1737 -0.6809  0.7115

PART 9
OFFSET  5.4118  10.9559 -15.4819
X  0.9631 -0.2684 -0.0217
Y  0.2057  0.6814  0.7024
Z -0.1737 -0.6809  0.7115

PART 10
OFFSET  7.4087  12.0018 -15.1940
X  0.6012 -0.5552  0.5748
Y -0.7260 -0.0789  0.6831
Z -0.3339 -0.8280 -0.4505

PART 11
OFFSET  6.8414  11.3360 -14.4612
X -0.0280 -0.9855  0.1671
Y -0.6461  0.1454  0.7492
Z -0.7627 -0.0870 -0.6409

PART 12
OFFSET  6.6741  9.2189 -14.0615
X  0.3242 -0.9277  0.1851
Y -0.7829 -0.1533  0.6029
Z -0.5309 -0.3404 -0.7760

PART 13
OFFSET  7.1847  7.6923 -13.8855
X -0.0698 -0.9635  0.2586
Y -0.7319  0.2256  0.6429
Z -0.6778 -0.1444 -0.7210

PART 14
OFFSET  7.0657  6.6476 -13.6279
X  0.2330 -0.5720  0.7865
Y  0.7742  0.5985  0.2059
Z -0.5885  0.5610  0.5823

PART 15
OFFSET  8.6273  11.4492 -15.5301
X  0.9047 -0.4171  0.0870
Y -0.3178 -0.7966 -0.5142
Z  0.2838  0.4376 -0.8532

PART 16
OFFSET  10.5797  10.3507 -15.2734
X  0.6393 -0.7580 -0.1294
Y -0.7633 -0.6459  0.0119
Z -0.0926  0.0911 -0.9915

PART 17
OFFSET  11.4848  9.2776 -15.4566
X  0.0762 -0.9945 -0.0717
Y -0.9962 -0.0789  0.0359
Z -0.0414  0.0687 -0.9968

PART 18
OFFSET  11.5524  8.3958 -15.5202
X -0.2696 -0.9621 -0.0406
Y -0.9569  0.2629  0.1239
Z -0.1085  0.0722 -0.9915

PART 19
OFFSET  11.2963  7.4818 -15.5587
X  0.8225  0.5604  0.0967
Y -0.5626  0.8267 -0.0057
Z -0.0831 -0.0497  0.9953

PART 20
OFFSET  8.3236  11.3903 -14.8868
X  0.7931 -0.5091  0.3345
Y -0.3139 -0.8122 -0.4917
Z  0.5220  0.2850 -0.8039

PART 21
OFFSET  10.4138  10.0735 -14.0770
X  0.8121 -0.5770 -0.0867
Y -0.5756 -0.7677 -0.2818
Z  0.0960  0.2788 -0.9555

PART 22
OFFSET  11.7964  9.0912 -14.2246
X  0.1785 -0.9526 -0.2462
Y -0.9761 -0.1400 -0.1661
Z  0.1238  0.2700 -0.9549

PART 23
OFFSET  12.0438  7.7709 -14.5659
X  0.0124 -0.9610 -0.2764
Y -0.9925  0.0218 -0.1204
Z  0.1217  0.2758 -0.9535

PART 24
OFFSET  12.0572  6.7287 -14.8656
X  0.5628  0.7884  0.2483
Y -0.8245  0.5568  0.1009
Z -0.0587 -0.2615  0.9634

PART 25
OFFSET  7.9302  9.7213 -12.5789
X  0.6132 -0.7373  0.2834
Y  0.4655  0.6272  0.6244
Z -0.6382 -0.2510  0.7279

PART 26
OFFSET  9.3277  10.0868 -12.2717
X  0.7764 -0.5634  0.2825
Y -0.3986 -0.7862 -0.4722
Z  0.4881  0.2540 -0.8350

PART 27
OFFSET  10.6947  9.0949 -11.7743
X  0.5777 -0.8163 -0.0023
Y -0.6624 -0.4672 -0.5857
Z  0.4770  0.3399 -0.8105

PART 28
OFFSET  11.3680  8.0819 -11.7278
X  0.3742 -0.9272 -0.0191
Y -0.7615 -0.2954 -0.5769
Z  0.5292  0.2304 -0.8166

PART 29
OFFSET  11.7907  7.0346 -11.7494
X  0.7145  0.6333  0.2974
Y -0.6520  0.7568 -0.0452
Z -0.2537 -0.1616  0.9537

PART 30
OFFSET  9.9913  10.0831 -13.1549
X  0.7620 -0.6476  0.0000
Y -0.6197 -0.7292 -0.2903
Z  0.1880  0.2212 -0.9569

PART 31
OFFSET  11.4799  8.8180 -13.1548
X  0.4050 -0.9007 -0.1571
Y -0.9034 -0.3678 -0.2205
Z  0.1408  0.2313 -0.9626

PART 32
OFFSET  12.0716  7.5024 -13.3843
X  0.2286 -0.9500 -0.2129
Y -0.9695 -0.2021 -0.1389
Z  0.0890  0.2382 -0.9671

PART 33
OFFSET  12.3317  6.4283 -13.6322
X  0.4383  0.8423  0.3138
Y -0.8799  0.4733 -0.0415
Z -0.1835 -0.2580  0.9486

PART 34
OFFSET  8.9210  9.2774 -14.6904
X  0.4652  0.2709 -0.8427
Y  0.3339  0.8280  0.4505
Z  0.8198 -0.4910  0.2947

PART 35
OFFSET  2.2981 -14.6645 -7.5872
X  0.9140 -0.3936  0.0988
Y  0.3434  0.8799  0.3283
Z -0.2162 -0.2661  0.9394

PART 36
OFFSET  2.2981 -14.6645 -7.5872
X  0.9140 -0.3936  0.0988
Y  0.3434  0.8799  0.3283
Z -0.2162 -0.2661  0.9394

PART 37
OFFSET  6.5363 -17.6258 -4.9412
X  0.9094 -0.3989  0.1180
Y  0.3434  0.8799  0.3283
Z -0.2348 -0.2580  0.9372

PART 38
OFFSET  6.0923 -16.3832 -6.9038
X  0.9140 -0.3936  0.0988
Y  0.3434  0.8799  0.3283
Z -0.2162 -0.2661  0.9394

PART 39
OFFSET  2.1083 -13.7593 -9.8150
X  0.9140 -0.3936  0.0988
Y  0.3434  0.8799  0.3283
Z -0.2162 -0.2661  0.9394

PART 40
OFFSET  15.1134 -20.0957 -7.5119
X -0.5489 -0.0956  0.8304
Y -0.7621  0.4654 -0.4501
Z -0.3434 -0.8799 -0.3283

PART 41
OFFSET  15.1134 -20.0957 -7.5119
X  0.3434  0.8799  0.3283
Y -0.9140  0.3936 -0.0988
Z -0.2162 -0.2661  0.9394

PART 42
OFFSET  14.9468 -19.5513 -7.9138
X  0.3434  0.8799  0.3283
Y -0.9140  0.3936 -0.0988
Z -0.2162 -0.2661  0.9394

PART 43
OFFSET  15.4275 -18.3194 -7.4543
X  0.3868  0.7711 -0.5058
Y -0.9140  0.3936 -0.0988
Z  0.1228  0.5005  0.8570

PART 44
OFFSET  24.0093 -21.6379 -6.9604
X  0.4858 -0.8186  0.3064
Y  0.8674  0.4083 -0.2845
Z  0.1078  0.4040  0.9084

PART 45
OFFSET -15.2447 -5.5075 -8.6858
X -0.7107 -0.0507  0.7016
Y -0.6854 -0.1744 -0.7069
Z  0.1582 -0.9834  0.0892

PART 46
OFFSET -6.6493 -4.8940 -17.1714
X -0.3840  0.7570 -0.5287
Y  0.7703 -0.0530 -0.6355
Z -0.5090 -0.6513 -0.5627

PART 47
OFFSET -3.3828 -11.3322 -12.6745
X -0.3840  0.7570 -0.5287
Y  0.7131 -0.1205 -0.6906
Z -0.5865 -0.6423 -0.4935

PART 48
OFFSET -2.7450 -11.6052 -10.8081
X -0.3871  0.7592 -0.5232
Y  0.4988  0.6497  0.5737
Z  0.7755 -0.0389 -0.6301

PART 49
OFFSET -3.6644 -12.3031 -10.4139
X -0.3871  0.7592 -0.5232
Y  0.4988  0.6497  0.5737
Z  0.7755 -0.0389 -0.6301

PART 50
OFFSET -4.2076 -13.2696 -11.2163
X -0.3871  0.7592 -0.5232
Y  0.4988  0.6497  0.5737
Z  0.7755 -0.0389 -0.6301

PART 51
OFFSET -2.2054 -13.6528 -11.0537
X -0.8645  0.3207 -0.3871
Y  0.4032 -0.0177 -0.9150
Z -0.3002 -0.9470 -0.1140

PART 52
OFFSET -2.0823 -13.3911 -9.9498
X -0.5720 -0.2570 -0.7790
Y  0.7692  0.1617 -0.6182
Z  0.2848 -0.9528  0.1052

PART 53
OFFSET -0.9407 -12.7996 -8.2130
X -0.9993 -0.0182  0.0333
Y -0.0299 -0.1621 -0.9863
Z  0.0234 -0.9866  0.1614

PART 54
OFFSET  0.6681 -12.6693 -8.3436
X -0.6778 -0.0338  0.7345
Y -0.7197 -0.1740 -0.6721
Z  0.1505 -0.9842  0.0936

PART 55
OFFSET  1.4064 -12.5848 -9.1307
X -0.7453  0.5714  0.3435
Y  0.4924  0.8192 -0.2941
Z -0.4494 -0.0501 -0.8919

PART 56
OFFSET -0.9816 -13.7517 -11.6828
X -0.9971  0.0666  0.0373
Y -0.0691 -0.9950 -0.0725
Z  0.0323 -0.0748  0.9967

PART 57
OFFSET  1.2719 -13.7901 -11.6126
X -0.4526 -0.8491 -0.2723
Y  0.8879 -0.4009 -0.2256
Z  0.0824 -0.3439  0.9354

PART 58
OFFSET  1.9128 -12.5880 -11.2271
X  0.5491 -0.7662 -0.3338
Y  0.8349  0.5209  0.1777
Z  0.0378 -0.3762  0.9258

PART 59
OFFSET  1.4259 -11.9087 -10.9311
X  0.9951 -0.0112 -0.0978
Y  0.0432  0.9426  0.3311
Z  0.0884 -0.3337  0.9385

PART 60
OFFSET  0.4805 -11.8980 -10.8383
X -0.8010 -0.5349 -0.2688
Y -0.5966  0.6767  0.4315
Z -0.0489  0.5060 -0.8612

PART 61
OFFSET -1.1013 -13.9427 -11.0055
X -0.9778  0.1564 -0.1394
Y -0.1506 -0.9873 -0.0514
Z -0.1457 -0.0293  0.9889

PART 62
OFFSET  1.4548 -14.3662 -10.7917
X -0.4954 -0.8536 -0.1612
Y  0.8591 -0.4540 -0.2364
Z  0.1286 -0.2556  0.9582

PART 63
OFFSET  2.2983 -12.9130 -10.5173
X  0.7144 -0.6469 -0.2666
Y  0.6913  0.7115  0.1260
Z  0.1082 -0.2743  0.9556

PART 64
OFFSET  1.3081 -12.0164 -10.1479
X  0.9849  0.1621 -0.0606
Y -0.1387  0.9490  0.2833
Z  0.1034 -0.2706  0.9571

PART 65
OFFSET  0.2400 -12.1922 -10.0821
X -0.7226 -0.6882 -0.0651
Y -0.6825  0.6953  0.2254
Z -0.1099  0.2073 -0.9721

PART 66
OFFSET -6.3052 -12.8109 -11.9522
X -0.9748  0.0418 -0.2190
Y  0.0516  0.9979 -0.0393
Z  0.2169 -0.0496 -0.9749

PART 67
OFFSET  0.7474 -15.2409 -8.8975
X -0.9535  0.2267 -0.1985
Y -0.1905 -0.9639 -0.1860
Z -0.2335 -0.1396  0.9623

PART 68
OFFSET  2.4262 -15.6401 -8.5481
X -0.9606  0.1945 -0.1983
Y -0.1715 -0.9769 -0.1274
Z -0.2185 -0.0884  0.9718

PART 69
OFFSET  3.5808 -15.8819 -8.2480
X -0.9439  0.1954 -0.2663
Y -0.1610 -0.9762 -0.1455
Z -0.2884 -0.0944  0.9528

PART 70
OFFSET  4.6469 -16.1026 -7.9471
X  0.3715  0.7911  0.4860
Y  0.8822 -0.4639  0.0807
Z  0.2893  0.3988 -0.8702

PART 71
OFFSET  1.1464 -15.0560 -9.9110
X -0.6096 -0.7815 -0.1328
Y  0.7920 -0.6075 -0.0604
Z -0.0335 -0.1420  0.9893

PART 72
OFFSET  2.3373 -13.5293 -9.6516
X  0.5655 -0.8184 -0.1026
Y  0.8247  0.5617  0.0653
Z  0.0042 -0.1216  0.9926

PART 73
OFFSET  1.5114 -12.3340 -9.5018
X  0.9977  0.0610 -0.0282
Y -0.0589  0.9957  0.0720
Z  0.0325 -0.0701  0.9970

PART 74
OFFSET  0.3811 -12.4019 -9.4768
X -0.7295 -0.6783 -0.0881
Y -0.6830  0.7154  0.1473
Z -0.0369  0.1677 -0.9852

PART 75
OFFSET  0.0000 -0.0000 -0.0000
X  1.0000 -0.0000  0.0000
Y  0.0000  1.0000  0.0000
Z  0.0000 -0.0000  1.0000

PART 76
OFFSET  0.0000 -0.0000 -0.0000
X  1.0000 -0.0000  0.0000
Y  0.0000  1.0000  0.0000
Z  0.0000 -0.0000  1.0000

PART 77
OFFSET  1.5404 -0.0000  4.1357
X  1.0000 -0.0000  0.0000
Y  0.0000  1.0000  0.0000
Z  0.0000 -0.0000  1.0000


FRAME 234
PART 0
OFFSET  0.0000 -0.0000 -0.0000
X  1.0000 -0.0000  0.0000
Y  0.0000  1.0000  0.0000
Z  0.0000 -0.0000  1.0000

PART 1
OFFSET -4.6318 -0.0000 -1.3770
X  1.0000 -0.0000  0.0000
Y  0.0000  1.0000  0.0000
Z  0.0000 -0.0000  1.0000

PART 2
OFFSET -3.5060  6.3408 -6.7125
X  0.1304  0.6896 -0.7124
Y  0.4140 -0.6908 -0.5929
Z -0.9009 -0.2176 -0.3755

PART 3
OFFSET -1.9292  14.6802 -15.3282
X  0.9249 -0.3274  0.1932
Y -0.3659 -0.6289  0.6860
