// Export filename: `C:\projects\cod\t5\xanim_export\t5_viewmodels\ak47\ak47_grenadier_pullout.XANIM_EXPORT`
// Source filename: `D:\projects\devanim\t5\animation_assets\viewmodels\ak47\ViewModel_AK47_GrenadeLauncher_animated.fbx`
// Export time: Tue Aug 17 23:47:12 2010

ANIMATION
VERSION 3

NUMPARTS 77
PART 0 "tag_ads"
PART 1 "tag_torso"
PART 2 "J_Shoulder_LE"
PART 3 "J_Elbow_LE"
PART 4 "J_WristTwist_LE"
PART 5 "J_Sleave_Reshape_Bottom_LE_1"
PART 6 "J_Sleave_Reshape_Bottom_LE_2"
PART 7 "J_Sleave_Reshape_Top_LE_1"
PART 8 "J_Sleave_Reshape_Top_LE_2"
PART 9 "J_Sleave_Reshape_Top_LE_3"
PART 10 "J_Wrist_LE"
PART 11 "J_Thumb_LE_0"
PART 12 "J_Thumb_LE_1"
PART 13 "J_Thumb_LE_2"
PART 14 "J_Thumb_LE_3"
PART 15 "J_PinkyPalm_LE"
PART 16 "J_Pinky_LE_0"
PART 17 "J_Pinky_LE_1"
PART 18 "J_Pinky_LE_2"
PART 19 "J_Pinky_LE_3"
PART 20 "J_RingPalm_LE"
PART 21 "J_Ring_LE_0"
PART 22 "J_Ring_LE_1"
PART 23 "J_Ring_LE_2"
PART 24 "J_Ring_LE_3"
PART 25 "J_Webbing_LE"
PART 26 "J_Index_LE_0"
PART 27 "J_Index_LE_1"
PART 28 "J_Index_LE_2"
PART 29 "J_Index_LE_3"
PART 30 "J_Mid_LE_0"
PART 31 "J_Mid_LE_1"
PART 32 "J_Mid_LE_2"
PART 33 "J_Mid_LE_3"
PART 34 "tag_knife_attach"
PART 35 "tag_weapon"
PART 36 "J_Gun"
PART 37 "J_bolt"
PART 38 "TAG_CLIP"
PART 39 "TAG_FLASH"
PART 40 "TAG_BOUNCING_GRENADE_LAUNCHER"
PART 41 "J_BOUNCING_TRIGGER"
PART 42 "J_BOUNCING_GRENADE_AMMO"
PART 43 "J_BOUNCING_GRENADE_TIP"
PART 44 "J_Shoulder_RI"
PART 45 "J_Elbow_RI"
PART 46 "J_WristTwist_RI"
PART 47 "J_Sleave_Reshape_Top_RI_3"
PART 48 "J_Sleave_Reshape_Top_RI_2"
PART 49 "J_Sleave_Reshape_Top_RI_1"
PART 50 "J_Wrist_RI"
PART 51 "J_Thumb_RI_0"
PART 52 "J_Thumb_RI_1"
PART 53 "J_Thumb_RI_2"
PART 54 "J_Thumb_RI_3"
PART 55 "J_PinkyPalm_RI"
PART 56 "J_Pinky_RI_0"
PART 57 "J_Pinky_RI_1"
PART 58 "J_Pinky_RI_2"
PART 59 "J_Pinky_RI_3"
PART 60 "J_RingPalm_RI"
PART 61 "J_Ring_RI_0"
PART 62 "J_Ring_RI_1"
PART 63 "J_Ring_RI_2"
PART 64 "J_Ring_RI_3"
PART 65 "J_Webbing_RI"
PART 66 "J_Index_RI_0"
PART 67 "J_Index_RI_1"
PART 68 "J_Index_RI_2"
PART 69 "J_Index_RI_3"
PART 70 "J_Mid_RI_0"
PART 71 "J_Mid_RI_1"
PART 72 "J_Mid_RI_2"
PART 73 "J_Mid_RI_3"
PART 74 "tag_cambone"
PART 75 "tag_camera"
PART 76 "tag_gasmask"

FRAMERATE 30
NUMFRAMES 37

FRAME 150
PART 0
OFFSET -4.6318 -0.0000 -1.3770
X  1.0000 -0.0000  0.0000
Y  0.0000  1.0000  0.0000
Z  0.0000 -0.0000  1.0000

PART 1
OFFSET -4.6318 -0.0000 -1.3770
X  1.0000 -0.0000  0.0000
Y  0.0000  1.0000  0.0000
Z  0.0000 -0.0000  1.0000

PART 2
OFFSET -3.5060  6.3408 -6.7125
X  0.2820  0.0968 -0.9545
Y  0.2983 -0.9544 -0.0087
Z -0.9119 -0.2823 -0.2980

PART 3
OFFSET -0.0957  7.5113 -18.2564
X  0.8581 -0.1018 -0.5033
Y  0.4695 -0.2415  0.8492
Z -0.2080 -0.9650 -0.1594

PART 4
OFFSET  7.2025  6.6452 -22.5376
X  0.8581 -0.1018 -0.5033
Y  0.2265  0.9547  0.1930
Z  0.4609 -0.2796  0.8423

PART 5
OFFSET  8.4028  8.4081 -23.6219
X  0.8558 -0.0978 -0.5079
Y  0.1989  0.9687  0.1486
Z  0.4775 -0.2282  0.8485

PART 6
OFFSET  7.3313  6.1405 -24.2307
X  0.8558 -0.0978 -0.5079
Y  0.1989  0.9687  0.1486
Z  0.4775 -0.2282  0.8485

PART 7
OFFSET  9.8202  7.4514 -22.0528
X  0.8558 -0.0978 -0.5079
Y  0.1989  0.9687  0.1486
Z  0.4775 -0.2282  0.8485

PART 8
OFFSET  9.3941  5.9539 -22.2765
X  0.8558 -0.0978 -0.5079
Y  0.1989  0.9687  0.1486
Z  0.4775 -0.2282  0.8485

PART 9
OFFSET  8.5770  5.0140 -22.7218
X  0.8558 -0.0978 -0.5079
Y  0.1989  0.9687  0.1486
Z  0.4775 -0.2282  0.8485

PART 10
OFFSET  9.8330  6.3330 -24.0807
X  0.3217  0.9031 -0.2843
Y -0.1228  0.3376  0.9333
Z  0.9388 -0.2654  0.2195

PART 11
OFFSET  10.2448  6.9561 -23.2178
X  0.6997  0.6676  0.2543
Y -0.4401  0.1224  0.8896
Z  0.5628 -0.7343  0.3795

PART 12
OFFSET  11.7421  8.3682 -22.5592
X  0.5357  0.5642 -0.6283
Y  0.3436  0.5340  0.7725
Z  0.7713 -0.6297  0.0922

PART 13
OFFSET  12.6727  9.1766 -23.6093
X  0.1466 -0.3007 -0.9424
Y  0.7276  0.6782 -0.1032
Z  0.6702 -0.6705  0.3182

PART 14
OFFSET  12.8743  8.8323 -24.6155
X -0.1723  0.3485 -0.9213
Y -0.8115  0.4800  0.3333
Z  0.5584  0.8051  0.2001

PART 15
OFFSET  10.4266  6.6822 -25.2762
X  0.4466  0.5989 -0.6647
Y  0.8876 -0.2028  0.4136
Z  0.1129 -0.7747 -0.6222

PART 16
OFFSET  11.5223  8.1159 -26.6284
X  0.9563  0.2268  0.1848
Y -0.0372 -0.5324  0.8456
Z  0.2902 -0.8155 -0.5007

PART 17
OFFSET  12.8762  8.4369 -26.3668
X  0.0286 -0.5346  0.8446
Y -0.9405 -0.3007 -0.1585
Z  0.3387 -0.7898 -0.5113

PART 18
OFFSET  12.9015  7.9629 -25.6179
X -0.4465 -0.5933  0.6698
Y -0.8515  0.0517 -0.5218
Z  0.2750 -0.8033 -0.5283

PART 19
OFFSET  12.4773  7.3993 -24.9816
X  0.8363  0.5375 -0.1083
Y -0.3207  0.3193 -0.8917
Z -0.4447  0.7805  0.4395

PART 20
OFFSET  10.2846  7.1422 -24.7492
X  0.3496  0.7542 -0.5559
Y  0.9365 -0.2984  0.1841
Z -0.0270 -0.5849 -0.8106

PART 21
OFFSET  11.3026  9.0276 -26.2213
X  0.9822  0.1739  0.0714
Y  0.0433 -0.5789  0.8142
Z  0.1829 -0.7966 -0.5761

PART 22
OFFSET  12.9748  9.3237 -26.0998
X  0.0880 -0.5765  0.8124
Y -0.9737 -0.2217 -0.0519
Z  0.2100 -0.7865 -0.5808

PART 23
OFFSET  13.0967  8.5248 -24.9739
X -0.7760 -0.4971  0.3883
Y -0.5954  0.3737 -0.7112
Z  0.2084 -0.7831 -0.5860

PART 24
OFFSET  12.2551  7.9857 -24.5528
X  0.9861  0.1553  0.0593
Y -0.0514  0.6244 -0.7794
Z -0.1580  0.7655  0.6237

PART 25
OFFSET  11.1331  9.5108 -23.3577
X  0.5875  0.7107 -0.3870
Y -0.8089  0.5293 -0.2560
Z  0.0229  0.4634  0.8858

PART 26
OFFSET  10.6452  10.2053 -24.5663
X  0.4870  0.6952 -0.5287
Y  0.8699 -0.4403  0.2224
Z -0.0782 -0.5682 -0.8191

PART 27
OFFSET  11.5027  11.4293 -25.4972
X  0.7553  0.4517 -0.4749
Y  0.6343 -0.6863  0.3560
Z -0.1652 -0.5701 -0.8048

PART 28
OFFSET  12.4309  12.0130 -26.0257
X  0.9282  0.2827 -0.2419
Y  0.3670 -0.8023  0.4708
Z -0.0609 -0.5258 -0.8484

PART 29
OFFSET  13.4794  12.3323 -26.2989
X -0.6506  0.4843 -0.5849
Y -0.7591 -0.4367  0.4828
Z -0.0216  0.7581  0.6517

PART 30
OFFSET  10.9125  9.6952 -25.5090
X  0.9792  0.1549 -0.1314
Y  0.1974 -0.5733  0.7952
Z  0.0479 -0.8046 -0.5919

PART 31
OFFSET  12.8254  9.9978 -25.7656
X  0.1286 -0.5665  0.8140
Y -0.9917 -0.0781  0.1023
Z  0.0056 -0.8204 -0.5718

PART 32
OFFSET  13.0132  9.1704 -24.5767
X -0.6981 -0.3968  0.5959
Y -0.7147  0.4359 -0.5470
Z -0.0427 -0.8078 -0.5880

PART 33
OFFSET  12.2227  8.7149 -23.9056
X  0.9945  0.0775 -0.0700
Y -0.1005  0.5272 -0.8438
Z -0.0285  0.8462  0.5321

PART 34
OFFSET  12.2022  8.1953 -25.0200
X  0.0005 -0.6363 -0.7715
Y -0.9388  0.2654 -0.2195
Z  0.3444  0.7244 -0.5972

PART 35
OFFSET  8.2745  2.4794 -18.4877
X  0.3362  0.7876 -0.5165
Y -0.9067  0.1223 -0.4037
Z -0.2548  0.6040  0.7552

PART 36
OFFSET  8.2745  2.4794 -18.4877
X  0.3362  0.7876 -0.5165
Y -0.9067  0.1223 -0.4037
Z -0.2548  0.6040  0.7552

PART 37
OFFSET  9.7112  8.0433 -19.3313
X  0.3309  0.7997 -0.5009
Y -0.9067  0.1223 -0.4037
Z -0.2616  0.5878  0.7656

PART 38
OFFSET  9.6057  5.9668 -20.4583
X  0.3362  0.7876 -0.5165
Y -0.9067  0.1223 -0.4037
Z -0.2548  0.6040  0.7552

PART 39
OFFSET  15.9280  21.7181 -29.8882
X  0.3362  0.7876 -0.5165
Y -0.9067  0.1223 -0.4037
Z -0.2548  0.6040  0.7552

PART 40
OFFSET  6.4517 -6.3581 -17.0710
X  0.3362  0.7876 -0.5165
Y -0.9067  0.1223 -0.4037
Z -0.2548  0.6040  0.7552

PART 41
OFFSET  12.6998  11.6617 -25.6517
X  0.3362  0.7876 -0.5165
Y -0.9067  0.1223 -0.4037
Z -0.2548  0.6040  0.7552

PART 42
OFFSET  13.6443  13.7058 -27.1473
X  0.3362  0.7876 -0.5165
Y -0.9067  0.1223 -0.4037
Z -0.2548  0.6040  0.7552

PART 43
OFFSET  15.1249  17.1743 -29.4219
X  0.3362  0.7876 -0.5165
Y -0.9067  0.1223 -0.4037
Z -0.2548  0.6040  0.7552

PART 44
OFFSET -7.2604 -4.8127 -5.4071
X -0.3946  0.0097  0.9188
Y -0.3218 -0.9381 -0.1283
Z  0.8607 -0.3463  0.3732

PART 45
OFFSET -2.4886 -4.9300 -16.5192
X -0.9858 -0.1576  0.0573
Y -0.0438 -0.0880 -0.9952
Z  0.1619 -0.9836  0.0799

PART 46
OFFSET  5.8964 -3.5896 -17.0065
X -0.9858 -0.1576  0.0573
Y  0.1483 -0.9789 -0.1406
Z  0.0782 -0.1301  0.9884

PART 47
OFFSET  7.1504 -2.1255 -16.5075
X -0.9860 -0.1541  0.0629
Y -0.1582  0.9852 -0.0653
Z -0.0519 -0.0744 -0.9959

PART 48
OFFSET  7.6823 -2.6730 -15.5562
X -0.9860 -0.1541  0.0629
Y -0.1582  0.9852 -0.0653
Z -0.0519 -0.0744 -0.9959

PART 49
OFFSET  7.9931 -4.0054 -15.5956
X -0.9860 -0.1541  0.0629
Y -0.1582  0.9852 -0.0653
Z -0.0519 -0.0744 -0.9959

PART 50
OFFSET  8.9186 -3.1065 -17.1821
X -0.1256 -0.9274  0.3523
Y  0.4967 -0.3662 -0.7869
Z  0.8588  0.0762  0.5066

PART 51
OFFSET  8.1432 -2.3672 -16.7892
X  0.5849 -0.8016  0.1238
Y  0.2112  0.0032 -0.9774
Z  0.7831  0.5978  0.1711

PART 52
OFFSET  6.8164 -0.6710 -16.9683
X -0.0519 -0.6014  0.7973
Y  0.6351 -0.6360 -0.4383
Z  0.7707  0.4836  0.4150

PART 53
OFFSET  6.8518  0.2077 -18.3280
X -0.3754  0.0878  0.9227
Y  0.4520 -0.8518  0.2649
Z  0.8092  0.5165  0.2800

PART 54
OFFSET  7.2130  0.1036 -19.3431
X -0.7037 -0.4425  0.5558
Y -0.5332 -0.1882 -0.8248
Z  0.4696 -0.8768 -0.1035

PART 55
OFFSET  9.3832 -2.7292 -18.4252
X -0.1270 -0.6280  0.7678
Y  0.8910  0.2679  0.3665
Z -0.4359  0.7307  0.5255

PART 56
OFFSET  9.4958 -1.2447 -20.1187
X  0.8463 -0.1640  0.5068
Y  0.5046  0.5514 -0.6643
Z -0.1705  0.8180  0.5494

PART 57
OFFSET  8.2976 -1.0124 -20.8362
X  0.8569  0.3960 -0.3301
Y -0.4962  0.4596 -0.7366
Z -0.1400  0.7949  0.5903

PART 58
OFFSET  7.5379 -1.3636 -20.5435
X  0.1096  0.5652 -0.8176
Y -0.9775 -0.0880 -0.1919
Z -0.1805  0.8202  0.5428

PART 59
OFFSET  7.4337 -1.9005 -19.7668
X  0.5558 -0.4957  0.6674
Y -0.8313 -0.3265  0.4498
Z -0.0050 -0.8048 -0.5935

PART 60
OFFSET  9.2006 -2.2712 -17.9090
X -0.1145 -0.7696  0.6282
Y  0.8696  0.2281  0.4379
Z -0.4803  0.5965  0.6431

PART 61
OFFSET  9.5884 -0.3575 -19.6253
X  0.7920 -0.1133  0.5999
Y  0.5544  0.5451 -0.6289
Z -0.2557  0.8307  0.4945

PART 62
OFFSET  8.2399 -0.1646 -20.6467
X  0.7286  0.5032 -0.4648
Y -0.6418  0.2644 -0.7198
Z -0.2393  0.8228  0.5156

PART 63
OFFSET  7.2302 -0.8620 -20.0025
X -0.0591  0.5213 -0.8513
Y -0.9681 -0.2380 -0.0785
Z -0.2435  0.8195  0.5187

PART 64
OFFSET  7.2943 -1.4273 -19.0792
X  0.5894 -0.2509  0.7679
Y -0.7479 -0.5287  0.4014
Z  0.3053 -0.8109 -0.4993

PART 65
OFFSET  8.4363 -6.6158 -14.7788
X  0.0246 -0.7806  0.6246
Y -0.8381 -0.3566 -0.4127
Z  0.5449 -0.5133 -0.6630

PART 66
OFFSET  9.3525  0.8117 -17.7732
X -0.2773 -0.8759  0.3948
Y  0.8747 -0.0601  0.4809
Z -0.3975  0.4787  0.7829

PART 67
OFFSET  9.8407  2.3539 -18.4682
X  0.6936 -0.3475  0.6310
Y  0.5682  0.8024 -0.1826
Z -0.4428  0.4852  0.7540

PART 68
OFFSET  8.9706  2.8059 -19.1895
X  0.8942 -0.0266  0.4469
Y  0.2337  0.8791 -0.4154
Z -0.3818  0.4759  0.7923

PART 69
OFFSET  7.9605  2.8359 -19.6943
X -0.6095 -0.6511  0.4524
Y -0.7239  0.2243 -0.6524
Z  0.3233 -0.7251 -0.6080

PART 70
OFFSET  9.7239  0.3019 -18.6801
X  0.7097 -0.1921  0.6778
Y  0.5947  0.6791 -0.4303
Z -0.3776  0.7085  0.5962

PART 71
OFFSET  8.3374  0.6771 -20.0042
X  0.7862  0.5837 -0.2028
Y -0.4753  0.3614 -0.8022
Z -0.3949  0.7271  0.5616

PART 72
OFFSET  7.1890 -0.1755 -19.7080
X  0.0124  0.5883 -0.8085
Y -0.8979 -0.3493 -0.2680
Z -0.4401  0.7293  0.5239

PART 73
OFFSET  7.1774 -0.8472 -18.7961
X  0.5921 -0.2746  0.7576
Y -0.7260 -0.5899  0.3536
Z  0.3498 -0.7594 -0.5486

PART 74
OFFSET  0.0000 -0.0000 -0.0000
X  1.0000 -0.0000  0.0000
Y  0.0000  1.0000  0.0000
Z  0.0000 -0.0000  1.0000

PART 75
OFFSET  0.0000 -0.0000 -0.0000
X  1.0000 -0.0000  0.0000
Y  0.0000  1.0000  0.0000
Z  0.0000 -0.0000  1.0000

PART 76
OFFSET  1.5404 -0.0000  4.1357
X  1.0000 -0.0000  0.0000
Y  0.0000  1.0000  0.0000
Z  0.0000 -0.0000  1.0000


FRAME 151
PART 0
OFFSET -4.6318 -0.0000 -1.3770
X  1.0000 -0.0000  0.0000
Y  0.0000  1.0000  0.0000
Z  0.0000 -0.0000  1.0000

PART 1
OFFSET -4.6318 -0.0000 -1.3770
X  1.0000 -0.0000  0.0000
Y  0.0000  1.0000  0.0000
Z  0.0000 -0.0000  1.0000

PART 2
OFFSET -3.5060  6.3408 -6.7125
X  0.2690  0.0996 -0.9580
Y  0.3091 -0.9510 -0.0121
Z -0.9122 -0.2929 -0.2865

PART 3
OFFSET -0.2533  7.5451 -18.2984
X  0.8625 -0.0970 -0.4966
Y  0.4653 -0.2338  0.8537
Z -0.1989 -0.9674 -0.1565

PART 4
OFFSET  7.0829  6.7200 -22.5222
X  0.8625 -0.0970 -0.4966
Y  0.1934  0.9701  0.1464
Z  0.4676 -0.2224  0.8555

PART 5
OFFSET  8.2766  8.4877 -23.6059
X  0.8603 -0.0930 -0.5012
Y  0.1898  0.9710  0.1456
Z  0.4731 -0.2204  0.8530

PART 6
OFFSET  7.2283  6.2087 -24.2121
X  0.8603 -0.0930 -0.5012
Y  0.1898  0.9710  0.1456
Z  0.4731 -0.2204  0.8530

PART 7
OFFSET  9.6903  7.5499 -22.0221
X  0.8603 -0.0930 -0.5012
Y  0.1898  0.9710  0.1456
Z  0.4731 -0.2204  0.8530

PART 8
OFFSET  9.2782  6.0480 -22.2420
X  0.8603 -0.0930 -0.5012
Y  0.1898  0.9710  0.1456
Z  0.4731 -0.2204  0.8530

PART 9
OFFSET  8.4721  5.0993 -22.6889
X  0.8603 -0.0930 -0.5012
Y  0.1898  0.9710  0.1456
Z  0.4731 -0.2204  0.8530

PART 10
OFFSET  9.7272  6.4226 -24.0447
X  0.2894  0.9003 -0.3250
Y -0.1282  0.3729  0.9190
Z  0.9486 -0.2243  0.2233

PART 11
OFFSET  10.1232  7.0953 -23.2123
X  0.6785  0.7008  0.2202
Y -0.4383  0.1457  0.8869
Z  0.5895 -0.6983  0.4061

PART 12
OFFSET  11.5763  8.5834 -22.6260
X  0.5124  0.5543 -0.6558
Y  0.3304  0.5777  0.7464
Z  0.7926 -0.5991  0.1129

PART 13
OFFSET  12.4726  9.3767 -23.7167
X  0.1507 -0.3357 -0.9298
Y  0.7037  0.6971 -0.1376
Z  0.6943 -0.6336  0.3413

PART 14
OFFSET  12.6793  8.9966 -24.7089
X -0.1898  0.3028 -0.9340
Y -0.8250  0.4665  0.3189
Z  0.5323  0.8311  0.1613

PART 15
OFFSET  10.3011  6.7398 -25.2585
X  0.4220  0.5845 -0.6931
Y  0.8965 -0.1552  0.4149
Z  0.1349 -0.7964 -0.5895

PART 16
OFFSET  11.3395  8.1500 -26.6790
X  0.9492  0.2662  0.1676
Y -0.0139 -0.4967  0.8678
Z  0.3142 -0.8261 -0.4678

PART 17
OFFSET  12.6834  8.5268 -26.4417
X  0.0519 -0.4967  0.8664
Y -0.9308 -0.3384 -0.1382
Z  0.3618 -0.7993 -0.4799

PART 18
OFFSET  12.7294  8.0865 -25.6735
X -0.4221 -0.5786  0.6979
Y -0.8560  0.0010 -0.5170
Z  0.2985 -0.8156 -0.4957

PART 19
OFFSET  12.3284  7.5367 -25.0106
X  0.8170  0.5599 -0.1376
Y -0.3369  0.2700 -0.9020
Z -0.4679  0.7833  0.4093

PART 20
OFFSET  10.1471  7.2170 -24.7505
X  0.3205  0.7409 -0.5902
Y  0.9472 -0.2589  0.1894
Z -0.0124 -0.6197 -0.7848

PART 21
OFFSET  11.0919  9.0705 -26.3094
X  0.9762  0.2094  0.0563
Y  0.0679 -0.5418  0.8378
Z  0.2059 -0.8140 -0.5431

PART 22
OFFSET  12.7539  9.4270 -26.2135
X  0.1124 -0.5379  0.8355
Y -0.9660 -0.2560 -0.0349
Z  0.2326 -0.8032 -0.5484

PART 23
OFFSET  12.9096  8.6815 -25.0556
X -0.7564 -0.5056  0.4151
Y -0.6121  0.3229 -0.7219
Z  0.2309 -0.8001 -0.5537

PART 24
OFFSET  12.0894  8.1332 -24.6054
X  0.9807  0.1904  0.0450
Y -0.0773  0.5884 -0.8049
Z -0.1797  0.7858  0.5917

PART 25
OFFSET  10.9243  9.6699 -23.4677
X  0.5609  0.7126 -0.4214
Y -0.8278  0.4906 -0.2720
Z  0.0129  0.5014  0.8651

PART 26
OFFSET  10.4057  10.2954 -24.7009
X  0.4600  0.6877 -0.5616
Y  0.8856 -0.4011  0.2342
Z -0.0642 -0.6051 -0.7936

PART 27
OFFSET  11.2157  11.5063 -25.6897
X  0.7367  0.4558 -0.4996
Y  0.6592 -0.6489  0.3799
Z -0.1510 -0.6092 -0.7785

PART 28
OFFSET  12.1204  12.0974 -26.2497
X  0.9167  0.3028 -0.2609
Y  0.3967 -0.7687  0.5017
Z -0.0486 -0.5634 -0.8248

PART 29
OFFSET  13.1558  12.4395 -26.5443
X -0.6702  0.4369 -0.6000
Y -0.7409 -0.4406  0.5068
Z -0.0430  0.7842  0.6190

PART 30
OFFSET  10.6841  9.7546 -25.6231
X  0.9726  0.1817 -0.1454
Y  0.2215 -0.5318  0.8174
Z  0.0711 -0.8271 -0.5575

PART 31
OFFSET  12.5840  10.1095 -25.9072
X  0.1527 -0.5265  0.8363
Y -0.9878 -0.1066  0.1132
Z  0.0296 -0.8435 -0.5364

PART 32
OFFSET  12.8071  9.3404 -24.6856
X -0.6806 -0.3940  0.6176
Y -0.7324  0.3881 -0.5595
Z -0.0193 -0.8332 -0.5527

PART 33
OFFSET  12.0365  8.8880 -23.9896
X  0.9909  0.1075 -0.0809
Y -0.1234  0.4870 -0.8647
Z -0.0535  0.8668  0.4958

PART 34
OFFSET  12.0265  8.3208 -25.0807
X  0.0171 -0.6683 -0.7437
Y -0.9486  0.2243 -0.2233
Z  0.3161  0.7092 -0.6301

PART 35
OFFSET  8.3343  2.7621 -18.2809
X  0.3063  0.7755 -0.5521
Y -0.9128  0.0746 -0.4015
Z -0.2702  0.6269  0.7307

PART 36
OFFSET  8.3343  2.7621 -18.2809
X  0.3063  0.7755 -0.5521
Y -0.9128  0.0746 -0.4015
Z -0.2702  0.6269  0.7307

PART 37
OFFSET  9.5779  8.3296 -19.3716
X  0.3007  0.7881 -0.5371
Y -0.9128  0.0746 -0.4015
Z -0.2764  0.6110  0.7419

PART 38
OFFSET  9.5351  6.2044 -20.4083
X  0.3063  0.7755 -0.5521
Y -0.9128  0.0746 -0.4015
Z -0.2702  0.6269  0.7307

PART 39
OFFSET  15.2650  21.7394 -30.5488
X  0.3063  0.7755 -0.5521
Y -0.9128  0.0746 -0.4015
Z -0.2702  0.6269  0.7307

PART 40
OFFSET  6.8185 -6.0625 -16.4752
X  0.3063  0.7755 -0.5521
Y -0.9128  0.0746 -0.4015
Z -0.2702  0.6269  0.7307

PART 41
OFFSET  12.4033  11.7716 -25.8632
X  0.3063  0.7755 -0.5521
Y -0.9128  0.0746 -0.4015
Z -0.2702  0.6269  0.7307

PART 42
OFFSET  13.2691  13.7801 -27.4517
X  0.3063  0.7755 -0.5521
Y -0.9128  0.0746 -0.4015
Z -0.2702  0.6269  0.7307

PART 43
OFFSET  14.6180  17.1955 -29.8833
X  0.3063  0.7755 -0.5521
Y -0.9128  0.0746 -0.4015
Z -0.2702  0.6269  0.7307

PART 44
OFFSET -7.2604 -4.8127 -5.4071
X -0.4173 -0.0042  0.9088
Y -0.3024 -0.9424 -0.1432
Z  0.8570 -0.3346  0.3920

PART 45
OFFSET -2.2136 -4.7617 -16.3975
X -0.9841 -0.1749  0.0299
Y -0.0160 -0.0806 -0.9966
Z  0.1767 -0.9813  0.0766

PART 46
OFFSET  6.1569 -3.2744 -16.6520
X -0.9841 -0.1749  0.0299
Y  0.1720 -0.9818 -0.0806
Z  0.0435 -0.0742  0.9963

PART 47
OFFSET  7.3718 -1.7932 -16.1087
X -0.9846 -0.1714  0.0356
Y -0.1734  0.9829 -0.0619
Z -0.0243 -0.0671 -0.9974

PART 48
OFFSET  7.8879 -2.3392 -15.1478
X -0.9846 -0.1714  0.0356
Y -0.1734  0.9829 -0.0619
Z -0.0243 -0.0671 -0.9974

PART 49
OFFSET  8.2227 -3.6658 -15.1893
X -0.9846 -0.1714  0.0356
Y -0.1734  0.9829 -0.0619
Z -0.0243 -0.0671 -0.9974

PART 50
OFFSET  9.1740 -2.7383 -16.7437
X -0.0921 -0.9152  0.3924
Y  0.5037 -0.3828 -0.7744
Z  0.8589  0.1264  0.4963

PART 51
OFFSET  8.3767 -2.0091 -16.3766
X  0.6123 -0.7757  0.1533
Y  0.2048 -0.0317 -0.9783
Z  0.7637  0.6304  0.1394

PART 52
OFFSET  6.9925 -0.3672 -16.6175
X -0.0267 -0.5681  0.8225
Y  0.6533 -0.6327 -0.4158
Z  0.7566  0.5263  0.3880

PART 53
OFFSET  6.9898  0.4532 -18.0136
X -0.3723  0.1147  0.9210
Y  0.4820 -0.8241  0.2975
Z  0.7931  0.5547  0.2515

PART 54
OFFSET  7.3479  0.3178 -19.0261
X -0.6850 -0.4415  0.5796
Y -0.5317 -0.2409 -0.8119
Z  0.4981 -0.8643 -0.0697

PART 55
OFFSET  9.6178 -2.3993 -18.0053
X -0.1010 -0.5984  0.7948
Y  0.8838  0.3129  0.3479
Z -0.4569  0.7376  0.4973

PART 56
OFFSET  9.6698 -0.9857 -19.7613
X  0.8545 -0.1139  0.5067
Y  0.4816  0.5390 -0.6911
Z -0.1944  0.8346  0.5154

PART 57
OFFSET  8.4599 -0.8244 -20.4787
X  0.8410  0.4098 -0.3533
Y -0.5160  0.4109 -0.7516
Z -0.1629  0.8144  0.5570

PART 58
OFFSET  7.7143 -1.1878 -20.1655
X  0.0854  0.5330 -0.8418
Y -0.9751 -0.1287 -0.1804
Z -0.2045  0.8362  0.5088

PART 59
OFFSET  7.6331 -1.6942 -19.3658
X  0.5764 -0.4479  0.6835
Y -0.8170 -0.3345  0.4698
Z  0.0183 -0.8292 -0.5587

PART 60
OFFSET  9.4232 -1.9260 -17.5076
X -0.0846 -0.7453  0.6613
Y  0.8642  0.2755  0.4211
Z -0.4960  0.6071  0.6208

PART 61
OFFSET  9.7355 -0.0756 -19.3068
X  0.7991 -0.0611  0.5980
Y  0.5318  0.5358 -0.6559
Z -0.2804  0.8421  0.4607

PART 62
OFFSET  8.3750  0.0284 -20.3250
X  0.7083  0.5068 -0.4914
Y -0.6549  0.2118 -0.7255
Z -0.2636  0.8356  0.4819

PART 63
OFFSET  7.3933 -0.6740 -19.6439
X -0.0819  0.4821 -0.8723
Y -0.9600 -0.2732 -0.0608
Z -0.2677  0.8324  0.4852

PART 64
OFFSET  7.4822 -1.1969 -18.6979
X  0.6024 -0.1980  0.7733
Y -0.7272 -0.5357  0.4293
Z  0.3292 -0.8209 -0.4666

PART 65
OFFSET  8.8250 -6.1557 -14.1895
X  0.0547 -0.7519  0.6570
Y -0.8283 -0.4017 -0.3907
Z  0.5577 -0.5228 -0.6448

PART 66
OFFSET  9.4722  1.1633 -17.5043
X -0.2452 -0.8670  0.4338
Y  0.8793 -0.0103  0.4762
Z -0.4084  0.4982  0.7648

PART 67
OFFSET  9.9039  2.6898 -18.2682
X  0.7089 -0.2969  0.6398
Y  0.5397  0.8123 -0.2210
Z -0.4541  0.5020  0.7361

PART 68
OFFSET  9.0146  3.0812 -19.0013
X  0.8974  0.0224  0.4407
Y  0.2014  0.8678 -0.4543
Z -0.3926  0.4964  0.7742

PART 69
OFFSET  8.0009  3.0559 -19.4990
X -0.5844 -0.6510  0.4844
Y -0.7351  0.1720 -0.6557
Z  0.3436 -0.7393 -0.5791

PART 70
OFFSET  9.8548  0.6278 -18.3916
X  0.7201 -0.1391  0.6798
Y  0.5688  0.6795 -0.4634
Z -0.3974  0.7204  0.5684

PART 71
OFFSET  8.4481  0.8996 -19.7197
X  0.7649  0.6004 -0.2336
Y -0.4922  0.3107 -0.8131
Z -0.4156  0.7369  0.5332

PART 72
OFFSET  7.3309  0.0227 -19.3786
X -0.0125  0.5533 -0.8329
Y -0.8873 -0.3902 -0.2459
Z -0.4610  0.7360  0.4958

PART 73
OFFSET  7.3477 -0.6094 -18.4389
X  0.6058 -0.2221  0.7640
Y -0.7035 -0.5980  0.3840
Z  0.3716 -0.7701 -0.5185

PART 74
OFFSET  0.0000 -0.0000 -0.0000
X  1.0000 -0.0000  0.0000
Y  0.0000  1.0000  0.0000
Z  0.0000 -0.0000  1.0000

PART 75
OFFSET  0.0000 -0.0000 -0.0000
X  1.0000  0.0000  0.0011
Y -0.0000  1.0000  0.0011
Z -0.0011 -0.0011  1.0000

PART 76
OFFSET  1.5359 -0.0046  4.1374
X  1.0000  0.0000  0.0011
Y -0.0000  1.0000  0.0011
Z -0.0011 -0.0011  1.0000


FRAME 152
PART 0
OFFSET -4.6318 -0.0000 -1.3770
X  1.0000 -0.0000  0.0000
Y  0.0000  1.0000  0.0000
Z  0.0000 -0.0000  1.0000

PART 1
OFFSET -4.6318 -0.0000 -1.3770
X  1.0000 -0.0000  0.0000
Y  0.0000  1.0000  0.0000
Z  0.0000 -0.0000  1.0000

PART 2
OFFSET -3.5060  6.3408 -6.7125
X  0.2564  0.1013 -0.9612
Y  0.3212 -0.9469 -0.0141
Z -0.9116 -0.3052 -0.2754

PART 3
OFFSET -0.4047  7.5664 -18.3376
X  0.8672 -0.0912 -0.4895
Y  0.4610 -0.2245  0.8585
Z -0.1882 -0.9702 -0.1526

PART 4
OFFSET  6.9713  6.7906 -22.5011
X  0.8672 -0.0912 -0.4895
Y  0.1592  0.9823  0.0990
Z  0.4718 -0.1638  0.8664

PART 5
OFFSET  8.1558  8.5641 -23.5855
X  0.8650 -0.0873 -0.4942
Y  0.1791  0.9736  0.1416
Z  0.4688 -0.2110  0.8578

PART 6
OFFSET  7.1345  6.2715 -24.1869
X  0.8650 -0.0873 -0.4942
Y  0.1791  0.9736  0.1416
Z  0.4688 -0.2110  0.8578

PART 7
OFFSET  9.5665  7.6490 -21.9859
X  0.8650 -0.0873 -0.4942
Y  0.1791  0.9736  0.1416
Z  0.4688 -0.2110  0.8578

PART 8
OFFSET  9.1709  6.1419 -22.2005
X  0.8650 -0.0873 -0.4942
Y  0.1791  0.9736  0.1416
Z  0.4688 -0.2110  0.8578

PART 9
OFFSET  8.3776  5.1829 -22.6481
X  0.8650 -0.0873 -0.4942
Y  0.1791  0.9736  0.1416
Z  0.4688 -0.2110  0.8578

PART 10
OFFSET  9.6299  6.5110 -24.0018
X  0.2569  0.8948 -0.3651
Y -0.1358  0.4074  0.9031
Z  0.9568 -0.1824  0.2262

PART 11
OFFSET  10.0073  7.2318 -23.2016
X  0.6554  0.7321  0.1855
Y -0.4383  0.1687  0.8829
Z  0.6151 -0.6599  0.4314

PART 12
OFFSET  11.4121  8.7918 -22.6892
X  0.4898  0.5427 -0.6824
Y  0.3145  0.6200  0.7188
Z  0.8131 -0.5667  0.1329

PART 13
OFFSET  12.2751  9.5674 -23.8188
X  0.1570 -0.3700 -0.9157
Y  0.6788  0.7138 -0.1720
Z  0.7173 -0.5946  0.3632

PART 14
OFFSET  12.4892  9.1522 -24.7954
X -0.2050  0.2559 -0.9447
Y -0.8387  0.4517  0.3043
Z  0.5046  0.8547  0.1221

PART 15
OFFSET  10.1861  6.7950 -25.2319
X  0.3981  0.5681 -0.7202
Y  0.9035 -0.1070  0.4151
Z  0.1587 -0.8160 -0.5559

PART 16
OFFSET  11.1684  8.1772 -26.7183
X  0.9405  0.3050  0.1496
Y  0.0076 -0.4592  0.8883
Z  0.3396 -0.8343 -0.4343

PART 17
OFFSET  12.5000  8.6090 -26.5065
X  0.0734 -0.4570  0.8864
Y -0.9195 -0.3752 -0.1173
Z  0.3862 -0.8064 -0.4478

PART 18
OFFSET  12.5650  8.2038 -25.7206
X -0.3984 -0.5621  0.7248
Y -0.8583 -0.0501 -0.5107
Z  0.3233 -0.8255 -0.4625

PART 19
OFFSET  12.1865  7.6698 -25.0320
X  0.7968  0.5808 -0.1669
Y -0.3507  0.2196 -0.9104
Z -0.4920  0.7839  0.3787

PART 20
OFFSET  10.0187  7.2881 -24.7437
X  0.2920  0.7253 -0.6234
Y  0.9564 -0.2184  0.1938
Z  0.0044 -0.6528 -0.7575

PART 21
OFFSET  10.8916  9.1039 -26.3866
X  0.9688  0.2444  0.0407
Y  0.0908 -0.5028  0.8596
Z  0.2306 -0.8291 -0.5093

PART 22
OFFSET  12.5410  9.5201 -26.3174
X  0.1351 -0.4975  0.8569
Y -0.9570 -0.2897 -0.0173
Z  0.2568 -0.8177 -0.5152

PART 23
OFFSET  12.7283  8.8305 -25.1298
X -0.7365 -0.5125  0.4415
Y -0.6265  0.2709 -0.7308
Z  0.2550 -0.8148 -0.5206

PART 24
OFFSET  11.9295  8.2747 -24.6511
X  0.9739  0.2251  0.0302
Y -0.1016  0.5504 -0.8287
Z -0.2032  0.8040  0.5589

PART 25
OFFSET  10.7190  9.8186 -23.5720
X  0.5340  0.7124 -0.4552
Y -0.8455  0.4503 -0.2871
Z  0.0005  0.5382  0.8428

PART 26
OFFSET  10.1729  10.3728 -24.8272
X  0.4334  0.6781 -0.5936
Y  0.8999 -0.3606  0.2450
Z -0.0479 -0.6404 -0.7666

PART 27
OFFSET  10.9359  11.5668 -25.8723
X  0.7180  0.4586 -0.5236
Y  0.6829 -0.6094  0.4027
Z -0.1344 -0.6467 -0.7508

PART 28
OFFSET  11.8170  12.1636 -26.4632
X  0.9044  0.3221 -0.2798
Y  0.4253 -0.7327  0.5313
Z -0.0339 -0.5995 -0.7996

PART 29
OFFSET  12.8385  12.5274 -26.7792
X -0.6879  0.3879 -0.6135
Y -0.7228 -0.4433  0.5302
Z -0.0663  0.8081  0.5853

PART 30
OFFSET  10.4645  9.8026 -25.7274
X  0.9650  0.2080 -0.1597
Y  0.2439 -0.4885  0.8378
Z  0.0962 -0.8474 -0.5221

PART 31
OFFSET  12.3497  10.2089 -26.0393
X  0.1750 -0.4847  0.8570
Y -0.9830 -0.1350  0.1244
Z  0.0553 -0.8642 -0.5001

PART 32
OFFSET  12.6053  9.5009 -24.7876
X -0.6635 -0.3899  0.6385
Y -0.7481  0.3388 -0.5705
Z  0.0061 -0.8563 -0.5165

PART 33
OFFSET  11.8544  9.0530 -24.0677
X  0.9862  0.1373 -0.0922
Y -0.1446  0.4450 -0.8838
Z -0.0803  0.8849  0.4587

PART 34
OFFSET  11.8577  8.4395 -25.1335
X  0.0358 -0.6986 -0.7146
Y -0.9568  0.1824 -0.2262
Z  0.2884  0.6918 -0.6620

PART 35
OFFSET  8.3933  3.0560 -18.0777
X  0.2768  0.7610 -0.5868
Y -0.9170  0.0265 -0.3981
Z -0.2874  0.6482  0.7051

PART 36
OFFSET  8.3933  3.0560 -18.0777
X  0.2768  0.7610 -0.5868
Y -0.9170  0.0265 -0.3981
Z -0.2874  0.6482  0.7051

PART 37
OFFSET  9.4410  8.6104 -19.4134
X  0.2708  0.7741 -0.5722
Y -0.9170  0.0265 -0.3981
Z -0.2930  0.6325  0.7170

PART 38
OFFSET  9.4649  6.4425 -20.3582
X  0.2768  0.7610 -0.5868
Y -0.9170  0.0265 -0.3981
Z -0.2874  0.6482  0.7051

PART 39
OFFSET  14.6089  21.7130 -31.1910
X  0.2768  0.7610 -0.5868
Y -0.9170  0.0265 -0.3981
Z -0.2874  0.6482  0.7051

PART 40
OFFSET  7.1880 -5.7291 -15.8869
X  0.2768  0.7610 -0.5868
Y -0.9170  0.0265 -0.3981
Z -0.2874  0.6482  0.7051

PART 41
OFFSET  12.1128  11.8643 -26.0651
X  0.2768  0.7610 -0.5868
Y -0.9170  0.0265 -0.3981
Z -0.2874  0.6482  0.7051

PART 42
OFFSET  12.9014  13.8310 -27.7437
X  0.2768  0.7610 -0.5868
Y -0.9170  0.0265 -0.3981
Z -0.2874  0.6482  0.7051

PART 43
OFFSET  14.1203  17.1825 -30.3279
X  0.2768  0.7610 -0.5868
Y -0.9170  0.0265 -0.3981
Z -0.2874  0.6482  0.7051

PART 44
OFFSET -7.2604 -4.8127 -5.4071
X -0.4411 -0.0199  0.8973
Y -0.2811 -0.9464 -0.1592
Z  0.8523 -0.3224  0.4118

PART 45
OFFSET -1.9263 -4.5724 -16.2584
X -0.9812 -0.1928  0.0047
Y  0.0095 -0.0725 -0.9973
Z  0.1926 -0.9786  0.0730

PART 46
OFFSET  6.4195 -2.9329 -16.2986
X -0.9812 -0.1928  0.0047
Y  0.1927 -0.9812 -0.0107
Z  0.0067 -0.0095  0.9999

PART 47
OFFSET  7.5939 -1.4347 -15.7142
X -0.9818 -0.1894  0.0104
Y -0.1897  0.9801 -0.0583
Z  0.0009 -0.0592 -0.9982

PART 48
OFFSET  8.0965 -1.9795 -14.7456
X -0.9818 -0.1894  0.0104
Y -0.1897  0.9801 -0.0583
Z  0.0009 -0.0592 -0.9982

PART 49
OFFSET  8.4563 -3.2994 -14.7895
X -0.9818 -0.1894  0.0104
Y -0.1897  0.9801 -0.0583
Z  0.0009 -0.0592 -0.9982

PART 50
OFFSET  9.4277 -2.3419 -16.3130
X -0.0588 -0.9001  0.4317
Y  0.5123 -0.3984 -0.7608
Z  0.8568  0.1764  0.4845

PART 51
OFFSET  8.6080 -1.6250 -15.9720
X  0.6391 -0.7473  0.1820
Y  0.2005 -0.0666 -0.9774
Z  0.7426  0.6612  0.1072

PART 52
OFFSET  7.1676 -0.0425 -16.2732
X -0.0029 -0.5329  0.8462
Y  0.6722 -0.6275 -0.3928
Z  0.7403  0.5677  0.3600

PART 53
OFFSET  7.1295  0.7167 -17.7030
X -0.3710  0.1414  0.9178
Y  0.5113 -0.7939  0.3290
Z  0.7752  0.5914  0.2222

PART 54
OFFSET  7.4865  0.5502 -18.7112
X -0.6664 -0.4391  0.6026
Y -0.5276 -0.2933 -0.7973
Z  0.5268 -0.8492 -0.0362

PART 55
OFFSET  9.8529 -2.0426 -17.5909
X -0.0763 -0.5669  0.8203
Y  0.8745  0.3571  0.3282
Z -0.4790  0.7424  0.4685

PART 56
OFFSET  9.8473 -0.7046 -19.4060
X  0.8606 -0.0632  0.5053
Y  0.4593  0.5248 -0.7167
Z -0.2199  0.8489  0.4807

PART 57
OFFSET  8.6289 -0.6151 -20.1213
X  0.8246  0.4224 -0.3762
Y -0.5337  0.3607 -0.7649
Z -0.1874  0.8315  0.5229

PART 58
OFFSET  7.8977 -0.9896 -19.7878
X  0.0627  0.4991 -0.8643
Y -0.9712 -0.1691 -0.1681
Z -0.2301  0.8499  0.4740

PART 59
OFFSET  7.8381 -1.4638 -18.9667
X  0.5949 -0.3984  0.6981
Y -0.8026 -0.3414  0.4892
Z  0.0434 -0.8513 -0.5229

PART 60
OFFSET  9.6450 -1.5552 -17.1126
X -0.0557 -0.7187  0.6930
Y  0.8566  0.3222  0.4030
Z -0.5130  0.6161  0.5977

PART 61
OFFSET  9.8846  0.2258 -18.9912
X  0.8040 -0.0084  0.5946
Y  0.5097  0.5248 -0.6817
Z -0.3063  0.8512  0.4262

PART 62
OFFSET  8.5158  0.2401 -20.0035
X  0.6880  0.5089 -0.5174
Y -0.6656  0.1583 -0.7293
Z -0.2892  0.8462  0.4476

PART 63
OFFSET  7.5623 -0.4651 -19.2865
X -0.1030  0.4413 -0.8915
Y -0.9505 -0.3078 -0.0426
Z -0.2932  0.8429  0.4511

PART 64
OFFSET  7.6740 -0.9436 -18.3196
X  0.6129 -0.1442  0.7769
Y -0.7062 -0.5410  0.4567
Z  0.3544 -0.8286 -0.4334

PART 65
OFFSET  9.2088 -5.6565 -13.6131
X  0.0838 -0.7208  0.6881
Y -0.8162 -0.4458 -0.3675
Z  0.5716 -0.5308 -0.6257

PART 66
OFFSET  9.5890  1.5313 -17.2414
X -0.2132 -0.8554  0.4721
Y  0.8816  0.0397  0.4702
Z -0.4210  0.5165  0.7457

PART 67
OFFSET  9.9645  3.0373 -18.0726
X  0.7220 -0.2451  0.6471
Y  0.5106  0.8198 -0.2591
Z -0.4670  0.5175  0.7171

PART 68
OFFSET  9.0584  3.3667 -18.8157
X  0.8985  0.0715  0.4332
Y  0.1694  0.8538 -0.4922
Z -0.4050  0.5156  0.7550

PART 69
OFFSET  8.0435  3.2860 -19.3049
X -0.5593 -0.6490  0.5157
Y -0.7441  0.1188 -0.6574
Z  0.3654 -0.7514 -0.5494

PART 70
OFFSET  9.9848  0.9714 -18.1077
X  0.7280 -0.0855  0.6802
Y  0.5429  0.6778 -0.4959
Z -0.4186  0.7303  0.5399

PART 71
OFFSET  8.5626  1.1385 -19.4365
X  0.7427  0.6153 -0.2642
Y -0.5069  0.2588 -0.8223
Z -0.4375  0.7446  0.5041

PART 72
OFFSET  7.4777  0.2398 -19.0506
X -0.0357  0.5163 -0.8556
Y -0.8748 -0.4301 -0.2230
Z -0.4831  0.7406  0.4671

PART 73
OFFSET  7.5210 -0.3505 -18.0850
X  0.6171 -0.1686  0.7687
Y -0.6807 -0.6044  0.4139
Z  0.3948 -0.7786 -0.4877

PART 74
OFFSET  0.0000 -0.0000 -0.0000
X  1.0000 -0.0000  0.0000
Y  0.0000  1.0000  0.0000
Z  0.0000 -0.0000  1.0000

PART 75
OFFSET  0.0000 -0.0000 -0.0000
X  1.0000 -0.0000  0.0041
Y -0.0000  1.0000  0.0041
Z -0.0041 -0.0041  1.0000

PART 76
OFFSET  1.5235 -0.0169  4.1420
X  1.0000 -0.0000  0.0041
Y -0.0000  1.0000  0.0041
Z -0.0041 -0.0041  1.0000


FRAME 153
PART 0
OFFSET -4.6318 -0.0000 -1.3770
X  1.0000 -0.0000  0.0000
Y  0.0000  1.0000  0.0000
Z  0.0000 -0.0000  1.0000

PART 1
OFFSET -4.6318 -0.0000 -1.3770
X  1.0000 -0.0000  0.0000
Y  0.0000  1.0000  0.0000
Z  0.0000 -0.0000  1.0000

PART 2
OFFSET -3.5060  6.3408 -6.7125
X  0.2400  0.1044 -0.9652
Y  0.3194 -0.9473 -0.0230
Z -0.9167 -0.3028 -0.2607

PART 3
OFFSET -0.6037  7.6030 -18.3849
X  0.8854 -0.1043 -0.4530
Y  0.4232 -0.2224  0.8783
Z -0.1924 -0.9694 -0.1527

PART 4
OFFSET  6.9268  6.7157 -22.2380
X  0.8854 -0.1043 -0.4530
Y  0.1676  0.9806  0.1017
Z  0.4336 -0.1660  0.8857

PART 5
OFFSET  8.1737  8.4678 -23.2868
X  0.8834 -0.1004 -0.4578
Y  0.1838  0.9728  0.1413
Z  0.4311 -0.2090  0.8778

PART 6
OFFSET  7.1529  6.1812 -23.9117
X  0.8834 -0.1004 -0.4578
Y  0.1838  0.9728  0.1413
Z  0.4311 -0.2090  0.8778

PART 7
OFFSET  9.5080  7.5509 -21.6239
X  0.8834 -0.1004 -0.4578
Y  0.1838  0.9728  0.1413
Z  0.4311 -0.2090  0.8778

PART 8
OFFSET  9.1051  6.0463 -21.8430
X  0.8834 -0.1004 -0.4578
Y  0.1838  0.9728  0.1413
Z  0.4311 -0.2090  0.8778

PART 9
OFFSET  8.3204  5.0921 -22.3153
X  0.8834 -0.1004 -0.4578
Y  0.1838  0.9728  0.1413
Z  0.4311 -0.2090  0.8778

PART 10
OFFSET  9.6411  6.3959 -23.6268
X  0.2656  0.8888 -0.3734
Y -0.1260  0.4160  0.9006
Z  0.9558 -0.1922  0.2225

PART 11
OFFSET  10.0315  7.1183 -22.8343
X  0.6652  0.7256  0.1762
Y -0.4313  0.1808  0.8839
Z  0.6095 -0.6640  0.4332

PART 12
OFFSET  11.4578  8.6651 -22.3418
X  0.4925  0.5314 -0.6892
Y  0.3259  0.6217  0.7122
Z  0.8070 -0.5754  0.1330

PART 13
OFFSET  12.3238  9.4215 -23.4820
X  0.1475 -0.3789 -0.9136
Y  0.6864  0.7043 -0.1813
Z  0.7121 -0.6004  0.3640

PART 14
OFFSET  12.5276  8.9963 -24.4564
X -0.2071  0.2511 -0.9456
Y -0.8315  0.4641  0.3053
Z  0.5155  0.8495  0.1127

PART 15
OFFSET  10.1939  6.6637 -24.8621
X  0.4010  0.5577 -0.7268
Y  0.9044 -0.1147  0.4110
Z  0.1459 -0.8221 -0.5504

PART 16
OFFSET  11.1845  8.0224 -26.3645
X  0.9449  0.2948  0.1421
Y  0.0070 -0.4524  0.8918
Z  0.3272 -0.8417 -0.4296

PART 17
OFFSET  12.5224  8.4398 -26.1633
X  0.0728 -0.4510  0.8895
Y -0.9246 -0.3650 -0.1094
Z  0.3740 -0.8145 -0.4436

PART 18
OFFSET  12.5869  8.0399 -25.3746
X -0.4011 -0.5516  0.7313
Y -0.8617 -0.0437 -0.5056
Z  0.3109 -0.8329 -0.4578

PART 19
OFFSET  12.2058  7.5158 -24.6799
X  0.8028  0.5698 -0.1757
Y -0.3531  0.2168 -0.9101
Z -0.4805  0.7927  0.3752

PART 20
OFFSET  10.0352  7.1625 -24.3768
X  0.2972  0.7169 -0.6306
Y  0.9548 -0.2284  0.1903
Z -0.0076 -0.6587 -0.7524

PART 21
OFFSET  10.9207  8.9549 -26.0386
X  0.9719  0.2330  0.0335
Y  0.0895 -0.4972  0.8630
Z  0.2178 -0.8358 -0.5040

PART 22
OFFSET  12.5754  9.3517 -25.9816
X  0.1338 -0.4925  0.8600
Y -0.9605 -0.2783 -0.0099
Z  0.2442 -0.8247 -0.5102

PART 23
OFFSET  12.7609  8.6692 -24.7897
X -0.7402 -0.5002  0.4494
Y -0.6273  0.2727 -0.7295
Z  0.2423 -0.8218 -0.5156

PART 24
OFFSET  11.9582  8.1267 -24.3023
X  0.9766  0.2136  0.0231
Y -0.0995  0.5452 -0.8324
Z -0.1904  0.8107  0.5537

PART 25
OFFSET  10.7723  9.6934 -23.2288
X  0.5401  0.7024 -0.4637
Y -0.8415  0.4583 -0.2860
Z  0.0116  0.5447  0.8386

PART 26
OFFSET  10.2259  10.2444 -24.4853
X  0.4382  0.6683 -0.6012
Y  0.8969 -0.3696  0.2430
Z -0.0598 -0.6456 -0.7613

PART 27
OFFSET  10.9974  11.4210 -25.5437
X  0.7206  0.4458 -0.5310
Y  0.6777 -0.6145  0.4038
Z -0.1463 -0.6509 -0.7450

PART 28
OFFSET  11.8823  12.0025 -26.1440
X  0.9067  0.3090 -0.2872
Y  0.4194 -0.7336  0.5347
Z -0.0455 -0.6052 -0.7947

PART 29
OFFSET  12.9065  12.3516 -26.4684
X -0.6865  0.3914 -0.6127
Y -0.7251 -0.4304  0.5375
Z -0.0533  0.8134  0.5793

PART 30
OFFSET  10.5057  9.6638 -25.3826
X  0.9666  0.1951 -0.1665
Y  0.2426 -0.4849  0.8402
Z  0.0832 -0.8525 -0.5160

PART 31
OFFSET  12.3939  10.0449 -25.7078
X  0.1739 -0.4802  0.8598
Y -0.9839 -0.1221  0.1308
Z  0.0422 -0.8686 -0.4936

PART 32
OFFSET  12.6479  9.3436 -24.4520
X -0.6646 -0.3769  0.6451
Y -0.7471  0.3434 -0.5691
Z -0.0070 -0.8602 -0.5098

PART 33
OFFSET  11.8956  8.9104 -23.7246
X  0.9873  0.1247 -0.0986
Y -0.1441  0.4399 -0.8864
Z -0.0672  0.8894  0.4522

PART 34
OFFSET  11.8857  8.2886 -24.7855
X  0.0234 -0.7045 -0.7093
Y -0.9558  0.1922 -0.2225
Z  0.2930  0.6832 -0.6689

PART 35
OFFSET  8.3957  3.0021 -17.6693
X  0.2826  0.7530 -0.5942
Y -0.9188  0.0345 -0.3933
Z -0.2757  0.6571  0.7016

PART 36
OFFSET  8.3957  3.0021 -17.6693
X  0.2826  0.7530 -0.5942
Y -0.9188  0.0345 -0.3933
Z -0.2757  0.6571  0.7016

PART 37
OFFSET  9.5027  8.5329 -19.0540
X  0.2770  0.7663 -0.5797
Y -0.9188  0.0345 -0.3933
Z -0.2814  0.6415  0.7136

PART 38
OFFSET  9.4954  6.3576 -19.9819
X  0.2826  0.7530 -0.5942
Y -0.9188  0.0345 -0.3933
Z -0.2757  0.6571  0.7016

PART 39
OFFSET  14.7627  21.4807 -30.9613
X  0.2826  0.7530 -0.5942
Y -0.9188  0.0345 -0.3933
Z -0.2757  0.6571  0.7016

PART 40
OFFSET  7.0970 -5.7507 -15.4036
X  0.2826  0.7530 -0.5942
Y -0.9188  0.0345 -0.3933
Z -0.2757  0.6571  0.7016

PART 41
OFFSET  12.1768  11.7028 -25.7452
X  0.2826  0.7530 -0.5942
Y -0.9188  0.0345 -0.3933
Z -0.2757  0.6571  0.7016

PART 42
OFFSET  12.9796  13.6468 -27.4433
X  0.2826  0.7530 -0.5942
Y -0.9188  0.0345 -0.3933
Z -0.2757  0.6571  0.7016

PART 43
OFFSET  14.2245  16.9633 -30.0602
X  0.2826  0.7530 -0.5942
Y -0.9188  0.0345 -0.3933
Z -0.2757  0.6571  0.7016

PART 44
OFFSET -7.2604 -4.8127 -5.4071
X -0.4371 -0.0165  0.8992
Y -0.2858 -0.9455 -0.1562
Z  0.8528 -0.3253  0.4086

PART 45
OFFSET -1.9738 -4.6135 -16.2825
X -0.9808 -0.1918 -0.0358
Y  0.0492 -0.0657 -0.9966
Z  0.1888 -0.9792  0.0738

PART 46
OFFSET  6.3682 -2.9822 -15.9780
X -0.9808 -0.1918 -0.0358
Y  0.1930 -0.9806 -0.0331
Z -0.0288 -0.0393  0.9988

PART 47
OFFSET  7.5194 -1.4893 -15.3369
X -0.9816 -0.1885 -0.0301
Y -0.1865  0.9807 -0.0590
Z  0.0407 -0.0523 -0.9978

PART 48
OFFSET  7.9825 -2.0412 -14.3527
X -0.9816 -0.1885 -0.0301
Y -0.1865  0.9807 -0.0590
Z  0.0407 -0.0523 -0.9978

PART 49
OFFSET  8.3428 -3.3612 -14.3914
X -0.9816 -0.1885 -0.0301
Y -0.1865  0.9807 -0.0590
Z  0.0407 -0.0523 -0.9978

PART 50
OFFSET  9.3749 -2.3941 -15.8683
X -0.0673 -0.8959  0.4391
Y  0.5033 -0.4104 -0.7604
Z  0.8615  0.1698  0.4785

PART 51
OFFSET  8.5658 -1.6647 -15.5284
X  0.6311 -0.7535  0.1844
Y  0.1943 -0.0766 -0.9780
Z  0.7510  0.6530  0.0980

PART 52
OFFSET  7.1429 -0.0674 -15.8342
X -0.0047 -0.5262  0.8503
Y  0.6625 -0.6386 -0.3916
Z  0.7491  0.5615  0.3516

PART 53
OFFSET  7.1060  0.6811 -17.2696
X -0.3642  0.1530  0.9187
Y  0.5036 -0.7974  0.3325
Z  0.7834  0.5837  0.2134

PART 54
OFFSET  7.4555  0.5025 -18.2785
X -0.6683 -0.4263  0.6096
Y -0.5355 -0.2931 -0.7921
Z  0.5164 -0.8558 -0.0324

PART 55
OFFSET  9.7967 -2.1098 -17.1507
X -0.0786 -0.5595  0.8251
Y  0.8805  0.3491  0.3206
Z -0.4674  0.7517  0.4652

PART 56
OFFSET  9.7972 -0.7860 -18.9761
X  0.8626 -0.0697  0.5011
Y  0.4616  0.5136 -0.7232
Z -0.2070  0.8552  0.4752

PART 57
OFFSET  8.5760 -0.6873 -19.6856
X  0.8276  0.4095 -0.3839
Y -0.5335  0.3612 -0.7648
Z -0.1746  0.8378  0.5174

PART 58
OFFSET  7.8422 -1.0504 -19.3451
X  0.0640  0.4916 -0.8685
Y -0.9740 -0.1587 -0.1615
Z -0.2172  0.8563  0.4686

PART 59
OFFSET  7.7815 -1.5174 -18.5201
X  0.5939 -0.4002  0.6979
Y -0.8039 -0.3279  0.4961
Z  0.0303 -0.8558 -0.5165

PART 60
OFFSET  9.5973 -1.6163 -16.6751
X -0.0605 -0.7126  0.6989
Y  0.8626  0.3150  0.3958
Z -0.5023  0.6268  0.5957

PART 61
OFFSET  9.8479  0.1471 -18.5688
X  0.8071 -0.0135  0.5903
Y  0.5122  0.5134 -0.6885
Z -0.2937  0.8581  0.4212

PART 62
OFFSET  8.4739  0.1701 -19.5738
X  0.6912  0.4965 -0.5251
Y -0.6676  0.1607 -0.7270
Z -0.2766  0.8530  0.4425

PART 63
OFFSET  7.5159 -0.5180 -18.8461
X -0.1025  0.4356 -0.8943
Y -0.9543 -0.2966 -0.0350
Z -0.2805  0.8499  0.4461

PART 64
OFFSET  7.6271 -0.9904 -17.8762
X  0.6154 -0.1456  0.7747
Y -0.7101 -0.5289  0.4647
Z  0.3421 -0.8361 -0.4289

PART 65
OFFSET  9.1311 -5.6848 -13.1414
X  0.0789 -0.7164  0.6932
Y -0.8235 -0.4387 -0.3596
Z  0.5618 -0.5425 -0.6246

PART 66
OFFSET  9.5777  1.4696 -16.8277
X -0.2209 -0.8491  0.4799
Y  0.8846  0.0328  0.4651
Z -0.4107  0.5273  0.7439

PART 67
OFFSET  9.9666  2.9645 -17.6727
X  0.7225 -0.2488  0.6450
Y  0.5190  0.8116 -0.2683
Z -0.4568  0.5286  0.7155

PART 68
OFFSET  9.0605  3.2990 -18.4134
X  0.9016  0.0640  0.4277
Y  0.1769  0.8479 -0.4998
Z -0.3947  0.5263  0.7532

PART 69
OFFSET  8.0421  3.2267 -18.8965
X -0.5642 -0.6382  0.5238
Y -0.7462  0.1227 -0.6543
Z  0.3533 -0.7600 -0.5455

PART 70
OFFSET  9.9620  0.8983 -17.6917
X  0.7307 -0.0890  0.6769
Y  0.5483  0.6673 -0.5041
Z -0.4069  0.7394  0.5364

PART 71
OFFSET  8.5345  1.0722 -19.0140
X  0.7486  0.6042 -0.2730
Y -0.5082  0.2585 -0.8215
Z -0.4258  0.7537  0.5006

PART 72
OFFSET  7.4411  0.1897 -18.6154
X -0.0342  0.5101 -0.8594
Y -0.8812 -0.4212 -0.2149
Z -0.4716  0.7499  0.4639

PART 73
OFFSET  7.4826 -0.3936 -17.6454
X  0.6192 -0.1700  0.7666
Y -0.6856 -0.5929  0.4223
Z  0.3827 -0.7871 -0.4837

PART 74
OFFSET  0.0000 -0.0000 -0.0000
X  1.0000 -0.0000  0.0000
Y  0.0000  1.0000  0.0000
Z  0.0000 -0.0000  1.0000

PART 75
OFFSET  0.0000 -0.0000 -0.0000
X  1.0000  0.0000  0.0084
Y -0.0001  1.0000  0.0084
Z -0.0084 -0.0084  0.9999

PART 76
OFFSET  1.5055 -0.0349  4.1485
X  1.0000  0.0000  0.0084
Y -0.0001  1.0000  0.0084
Z -0.0084 -0.0084  0.9999


FRAME 154
PART 0
OFFSET -4.6318 -0.0000 -1.3770
X  1.0000 -0.0000  0.0000
Y  0.0000  1.0000  0.0000
Z  0.0000 -0.0000  1.0000

PART 1
OFFSET -4.6318 -0.0000 -1.3770
X  1.0000 -0.0000  0.0000
Y  0.0000  1.0000  0.0000
Z  0.0000 -0.0000  1.0000

PART 2
OFFSET -3.5060  6.3408 -6.7125
X  0.2074  0.1123 -0.9718
Y  0.3104 -0.9496 -0.0435
Z -0.9277 -0.2926 -0.2318

PART 3
OFFSET -0.9983  7.6986 -18.4654
X  0.9218 -0.1380 -0.3624
Y  0.3286 -0.2180  0.9190
Z -0.2058 -0.9661 -0.1556

PART 4
OFFSET  6.8416  6.5245 -21.5475
X  0.9218 -0.1380 -0.3624
Y  0.1915  0.9746  0.1159
Z  0.3372 -0.1762  0.9248

PART 5
OFFSET  8.2373  8.2203 -22.4965
X  0.9203 -0.1342 -0.3674
Y  0.1985  0.9696  0.1433
Z  0.3370 -0.2048  0.9190

PART 6
OFFSET  7.2135  5.9527 -23.1824
X  0.9203 -0.1342 -0.3674
Y  0.1985  0.9696  0.1433
Z  0.3370 -0.2048  0.9190

PART 7
OFFSET  9.3748  7.2967 -20.6967
X  0.9203 -0.1342 -0.3674
Y  0.1985  0.9696  0.1433
Z  0.3370 -0.2048  0.9190

PART 8
OFFSET  8.9498  5.8005 -20.9304
X  0.9203 -0.1342 -0.3674
