// Export filename: `C:\projects\cod\t5\xanim_export\t5_viewmodels\ak47\ak47_grenadier_d2p_loop.XANIM_EXPORT`
// Source filename: `D:\projects\devanim\t5\animation_assets\viewmodels\ak47\ViewModel_AK47_GrenadeLauncher_animated.fbx`
// Export time: Sat Jun 05 16:37:27 2010

ANIMATION
VERSION 3

NUMPARTS 77
PART 0 "tag_ads"
PART 1 "tag_torso"
PART 2 "J_Shoulder_LE"
PART 3 "J_Elbow_LE"
PART 4 "J_WristTwist_LE"
PART 5 "J_Sleave_Reshape_Bottom_LE_1"
PART 6 "J_Sleave_Reshape_Bottom_LE_2"
PART 7 "J_Sleave_Reshape_Top_LE_1"
PART 8 "J_Sleave_Reshape_Top_LE_2"
PART 9 "J_Sleave_Reshape_Top_LE_3"
PART 10 "J_Wrist_LE"
PART 11 "J_Thumb_LE_0"
PART 12 "J_Thumb_LE_1"
PART 13 "J_Thumb_LE_2"
PART 14 "J_Thumb_LE_3"
PART 15 "J_PinkyPalm_LE"
PART 16 "J_Pinky_LE_0"
PART 17 "J_Pinky_LE_1"
PART 18 "J_Pinky_LE_2"
PART 19 "J_Pinky_LE_3"
PART 20 "J_RingPalm_LE"
PART 21 "J_Ring_LE_0"
PART 22 "J_Ring_LE_1"
PART 23 "J_Ring_LE_2"
PART 24 "J_Ring_LE_3"
PART 25 "J_Webbing_LE"
PART 26 "J_Index_LE_0"
PART 27 "J_Index_LE_1"
PART 28 "J_Index_LE_2"
PART 29 "J_Index_LE_3"
PART 30 "J_Mid_LE_0"
PART 31 "J_Mid_LE_1"
PART 32 "J_Mid_LE_2"
PART 33 "J_Mid_LE_3"
PART 34 "tag_knife_attach"
PART 35 "tag_weapon"
PART 36 "J_Gun"
PART 37 "J_bolt"
PART 38 "TAG_CLIP"
PART 39 "TAG_FLASH"
PART 40 "TAG_BOUNCING_GRENADE_LAUNCHER"
PART 41 "J_BOUNCING_TRIGGER"
PART 42 "J_BOUNCING_GRENADE_AMMO"
PART 43 "J_BOUNCING_GRENADE_TIP"
PART 44 "J_Shoulder_RI"
PART 45 "J_Elbow_RI"
PART 46 "J_WristTwist_RI"
PART 47 "J_Sleave_Reshape_Top_RI_3"
PART 48 "J_Sleave_Reshape_Top_RI_2"
PART 49 "J_Sleave_Reshape_Top_RI_1"
PART 50 "J_Wrist_RI"
PART 51 "J_Thumb_RI_0"
PART 52 "J_Thumb_RI_1"
PART 53 "J_Thumb_RI_2"
PART 54 "J_Thumb_RI_3"
PART 55 "J_PinkyPalm_RI"
PART 56 "J_Pinky_RI_0"
PART 57 "J_Pinky_RI_1"
PART 58 "J_Pinky_RI_2"
PART 59 "J_Pinky_RI_3"
PART 60 "J_RingPalm_RI"
PART 61 "J_Ring_RI_0"
PART 62 "J_Ring_RI_1"
PART 63 "J_Ring_RI_2"
PART 64 "J_Ring_RI_3"
PART 65 "J_Webbing_RI"
PART 66 "J_Index_RI_0"
PART 67 "J_Index_RI_1"
PART 68 "J_Index_RI_2"
PART 69 "J_Index_RI_3"
PART 70 "J_Mid_RI_0"
PART 71 "J_Mid_RI_1"
PART 72 "J_Mid_RI_2"
PART 73 "J_Mid_RI_3"
PART 74 "tag_cambone"
PART 75 "tag_camera"
PART 76 "tag_gasmask"

FRAMERATE 30
NUMFRAMES 16

FRAME 2070
PART 0
OFFSET -4.6318 -0.0000 -1.3770
X  1.0000 -0.0000  0.0000
Y  0.0000  1.0000  0.0000
Z  0.0000 -0.0000  1.0000

PART 1
OFFSET -4.6318 -0.0000 -1.3770
X  1.0000 -0.0000  0.0000
Y  0.0000  1.0000  0.0000
Z  0.0000 -0.0000  1.0000

PART 2
OFFSET -3.5060  6.3408 -6.7125
X  0.6900 -0.2279 -0.6870
Y  0.2394 -0.8239  0.5138
Z -0.6831 -0.5190 -0.5139

PART 3
OFFSET  4.8388  3.5842 -15.0208
X  0.8600 -0.0314  0.5094
Y -0.4901  0.2273  0.8415
Z -0.1422 -0.9733  0.1801

PART 4
OFFSET  12.1532  3.3167 -10.6883
X  0.8600 -0.0314  0.5094
Y -0.4780 -0.3995  0.7823
Z  0.1789 -0.9162 -0.3586

PART 5
OFFSET  13.9907  4.8254 -10.9562
X  0.8632 -0.0302  0.5039
Y  0.1469  0.9700 -0.1936
Z -0.4829  0.2411  0.8418

PART 6
OFFSET  13.5369  2.2887 -11.0968
X  0.8632 -0.0302  0.5039
Y  0.1469  0.9700 -0.1936
Z -0.4829  0.2411  0.8418

PART 7
OFFSET  13.2948  4.9475 -8.7456
X  0.8632 -0.0302  0.5039
Y  0.1469  0.9700 -0.1936
Z -0.4829  0.2411  0.8418

PART 8
OFFSET  12.9990  3.4167 -8.5380
X  0.8632 -0.0302  0.5039
Y  0.1469  0.9700 -0.1936
Z -0.4829  0.2411  0.8418

PART 9
OFFSET  12.7699  2.1897 -8.9756
X  0.8632 -0.0302  0.5039
Y  0.1469  0.9700 -0.1936
Z -0.4829  0.2411  0.8418

PART 10
OFFSET  14.7896  3.2203 -9.1268
X  0.6953  0.7187  0.0086
Y -0.1240  0.1082  0.9864
Z  0.7079 -0.6869  0.1643

PART 11
OFFSET  15.2734  3.3659 -8.1035
X  0.8579  0.2161  0.4661
Y -0.4895  0.0681  0.8694
Z  0.1561 -0.9740  0.1641

PART 12
OFFSET  17.0846  3.7847 -7.0017
X  0.8080  0.4206 -0.4126
Y  0.4011  0.1204  0.9081
Z  0.4316 -0.8992 -0.0714

PART 13
OFFSET  18.4133  4.3559 -7.7300
X  0.1617 -0.0840 -0.9833
Y  0.9438  0.3042  0.1292
Z  0.2883 -0.9489  0.1285

PART 14
OFFSET  18.6174  4.2268 -8.7852
X  0.1287  0.6102 -0.7817
Y -0.5948  0.6783  0.4315
Z  0.7935  0.4094  0.4502

PART 15
OFFSET  15.6539  3.5738 -10.1424
X  0.7471  0.4981 -0.4403
Y  0.6559 -0.6601  0.3662
Z -0.1082 -0.5624 -0.8198

PART 16
OFFSET  17.4286  4.6938 -10.9673
X  0.9251 -0.2584  0.2781
Y -0.3793 -0.6611  0.6474
Z  0.0165 -0.7044 -0.7097

PART 17
OFFSET  18.7384  4.3279 -10.5736
X -0.3205 -0.6908  0.6481
Y -0.9445  0.1808 -0.2743
Z  0.0723 -0.7001 -0.7104

PART 18
OFFSET  18.4542  3.7154 -9.9989
X -0.7456 -0.4945  0.4467
Y -0.6663  0.5410 -0.5131
Z  0.0120 -0.6803 -0.7329

PART 19
OFFSET  17.7459  3.2456 -9.5745
X  0.9868  0.1370  0.0864
Y -0.0217  0.6407 -0.7675
Z -0.1605  0.7555  0.6352

PART 20
OFFSET  15.6255  3.8996 -9.5080
X  0.7040  0.6466 -0.2937
Y  0.6983 -0.7056  0.1207
Z -0.1292 -0.2901 -0.9482

PART 21
OFFSET  17.5289  5.4754 -10.3158
X  0.9454 -0.2865  0.1551
Y -0.3201 -0.7278  0.6065
Z -0.0609 -0.6230 -0.7798

PART 22
OFFSET  19.1385  4.9876 -10.0518
X -0.2785 -0.7443  0.6070
Y -0.9599  0.2365 -0.1504
Z -0.0317 -0.6246 -0.7803

PART 23
OFFSET  18.7525  3.9560 -9.2105
X -0.9605 -0.1988  0.1949
Y -0.2767  0.7593 -0.5890
Z -0.0309 -0.6196 -0.7843

PART 24
OFFSET  17.7109  3.7404 -8.9991
X  0.9435 -0.3013  0.1382
Y  0.3254  0.7619 -0.5600
Z  0.0635  0.5733  0.8169

PART 25
OFFSET  17.1156  5.2393 -7.4460
X  0.8750  0.4643 -0.1370
Y -0.4796  0.8698 -0.1161
Z  0.0652  0.1673  0.9838

PART 26
OFFSET  17.1423  6.3575 -8.4103
X  0.8004  0.5298 -0.2805
Y  0.5755 -0.8100  0.1126
Z -0.1675 -0.2516 -0.9532

PART 27
OFFSET  18.5516  7.2902 -8.9041
X  0.9374  0.1903 -0.2918
Y  0.2436 -0.9568  0.1585
Z -0.2491 -0.2197 -0.9432

PART 28
OFFSET  19.7062  7.5348 -9.2016
X  0.9895 -0.0895 -0.1134
Y -0.0623 -0.9726  0.2241
Z -0.1304 -0.2146 -0.9680

PART 29
OFFSET  20.8239  7.4337 -9.3297
X -0.3026  0.8467 -0.4376
Y -0.9361 -0.1776  0.3036
Z  0.1794  0.5015  0.8464

PART 30
OFFSET  17.3296  6.0403 -9.4518
X  0.9672 -0.2502 -0.0441
Y -0.1756 -0.7839  0.5955
Z -0.1836 -0.5683 -0.8021

PART 31
OFFSET  19.2191  5.5514 -9.5381
X -0.2380 -0.7534  0.6130
Y -0.9433  0.3296  0.0388
Z -0.2312 -0.5690 -0.7891

PART 32
OFFSET  18.8715  4.4510 -8.6427
X -0.8830 -0.1978  0.4256
Y -0.3857  0.8225 -0.4181
Z -0.2673 -0.5333 -0.8025

PART 33
OFFSET  17.8697  4.2226 -8.1661
X  0.9406 -0.3396 -0.0080
Y  0.2525  0.7149 -0.6521
Z  0.2271  0.6113  0.7581

PART 34
OFFSET  17.8204  4.0637 -9.3845
X -0.1310 -0.3563 -0.9251
Y -0.7079  0.6869 -0.1643
Z  0.6940  0.6334 -0.3422

PART 35
OFFSET  10.9629 -0.8802 -4.9912
X  0.6990  0.6712 -0.2467
Y -0.7068  0.5958 -0.3814
Z -0.1090  0.4410  0.8909

PART 36
OFFSET  10.9629 -0.8802 -4.9912
X  0.6990  0.6712 -0.2467
Y -0.7068  0.5958 -0.3814
Z -0.1090  0.4410  0.8909

PART 37
OFFSET  14.6100  3.5494 -4.0913
X  0.6966  0.6801 -0.2285
Y -0.7068  0.5958 -0.3814
Z -0.1233  0.4272  0.8957

PART 38
OFFSET  13.8659  2.0789 -5.7874
X  0.6990  0.6712 -0.2467
Y -0.7068  0.5958 -0.3814
Z -0.1090  0.4410  0.8909

PART 39
OFFSET  27.3414  15.4459 -9.8778
X  0.6990  0.6712 -0.2467
Y -0.7068  0.5958 -0.3814
Z -0.1090  0.4410  0.8909

PART 40
OFFSET  5.5727 -8.1315 -6.3308
X  0.6990  0.6712 -0.2467
Y -0.7068  0.5958 -0.3814
Z -0.1090  0.4410  0.8909

PART 41
OFFSET  19.7502  7.0201 -8.9395
X  0.6990  0.6712 -0.2467
Y -0.7068  0.5958 -0.3814
Z -0.1090  0.4410  0.8909

PART 42
OFFSET  21.6540  8.7709 -9.7252
X  0.6990  0.6712 -0.2467
Y -0.7068  0.5958 -0.3814
Z -0.1090  0.4410  0.8909

PART 43
OFFSET  24.7326  11.7270 -10.8118
X  0.6990  0.6712 -0.2467
Y -0.7068  0.5958 -0.3814
Z -0.1090  0.4410  0.8909

PART 44
OFFSET -10.8444 -11.7139 -5.9426
X -0.9690  0.2245 -0.1036
Y -0.1807 -0.3570  0.9165
Z  0.1687  0.9067  0.3865

PART 45
OFFSET  0.8740 -14.4285 -4.6894
X -0.7121 -0.6995  0.0599
Y  0.6986 -0.6976  0.1590
Z -0.0695  0.1550  0.9855

PART 46
OFFSET  6.9310 -8.4791 -5.1985
X -0.7121 -0.6995  0.0599
Y  0.3679 -0.4445 -0.8168
Z  0.5979 -0.5596  0.5739

PART 47
OFFSET  7.5633 -7.1840 -6.5725
X -0.7160 -0.6958  0.0560
Y  0.0613 -0.1426 -0.9879
Z  0.6954 -0.7039  0.1448

PART 48
OFFSET  7.1438 -6.1639 -6.0517
X -0.7160 -0.6958  0.0560
Y  0.0613 -0.1426 -0.9879
Z  0.6954 -0.7039  0.1448

PART 49
OFFSET  7.2197 -5.9841 -4.6969
X -0.7160 -0.6958  0.0560
Y  0.0613 -0.1426 -0.9879
Z  0.6954 -0.7039  0.1448

PART 50
OFFSET  9.1142 -6.3347 -5.3820
X -0.5385 -0.8408  0.0561
Y  0.4273 -0.3298 -0.8418
Z  0.7263 -0.4293  0.5369

PART 51
OFFSET  8.6459 -5.4619 -4.8153
X  0.1897 -0.9768 -0.0991
Y  0.3465  0.1610 -0.9241
Z  0.9187  0.1410  0.3690

PART 52
OFFSET  8.1508 -3.3779 -4.5299
X -0.4124 -0.7023  0.5802
Y  0.3899 -0.7117 -0.5844
Z  0.8234 -0.0148  0.5673

PART 53
OFFSET  8.7476 -2.2848 -5.5649
X -0.4500  0.0020  0.8930
Y  0.0273 -0.9995  0.0160
Z  0.8926  0.0316  0.4498

PART 54
OFFSET  9.1929 -2.2714 -6.5515
X -0.8999 -0.2248  0.3736
Y -0.4263  0.2740 -0.8621
Z  0.0915 -0.9351 -0.3424

PART 55
OFFSET  9.8807 -5.8896 -6.4393
X -0.4862 -0.6859  0.5415
Y  0.8539 -0.2410  0.4613
Z -0.1859  0.6866  0.7028

PART 56
OFFSET  10.8412 -4.2190 -7.6101
X  0.6193 -0.6325  0.4652
Y  0.7805  0.4319 -0.4519
Z  0.0849  0.6430  0.7612

PART 57
OFFSET  9.9644 -3.3235 -8.2687
X  0.9841  0.0617 -0.1665
Y -0.1489  0.7979 -0.5841
Z  0.0968  0.5996  0.7944

PART 58
OFFSET  9.0919 -3.3783 -8.1211
X  0.4534  0.6515 -0.6083
Y -0.8879  0.3897 -0.2444
Z  0.0778  0.6509  0.7552

PART 59
OFFSET  8.6612 -3.9972 -7.5432
X  0.1994 -0.8371  0.5095
Y -0.9522 -0.0428  0.3023
Z -0.2312 -0.5454 -0.8056

PART 60
OFFSET  9.8165 -5.5455 -5.8172
X -0.5092 -0.7786  0.3667
Y  0.8074 -0.2846  0.5169
Z -0.2981  0.5592  0.7736

PART 61
OFFSET  11.2002 -3.6140 -6.8724
X  0.5757 -0.5889  0.5672
Y  0.8174  0.3962 -0.4182
Z  0.0216  0.7044  0.7095

PART 62
OFFSET  10.2200 -2.6113 -7.8380
X  0.9321  0.2437 -0.2678
Y -0.3609  0.6864 -0.6314
Z  0.0299  0.6852  0.7278

PART 63
OFFSET  8.9281 -2.9491 -7.4669
X  0.2888  0.6940 -0.6595
Y -0.9571  0.2267 -0.1804
Z  0.0243  0.6833  0.7297

PART 64
OFFSET  8.6150 -3.7018 -6.7516
X  0.3113 -0.6645  0.6793
Y -0.9498 -0.2416  0.1990
Z  0.0319 -0.7072 -0.7063

PART 65
OFFSET  6.9011 -9.7851 -4.1489
X -0.3873 -0.8467  0.3649
Y -0.8341  0.1532 -0.5299
Z  0.3927 -0.5096 -0.7656

PART 66
OFFSET  11.1600 -2.9693 -4.7662
X -0.6617 -0.7421  0.1065
Y  0.6904 -0.5479  0.4724
Z -0.2923  0.3861  0.8749

PART 67
OFFSET  12.3250 -1.6626 -4.9536
X  0.3886 -0.7581  0.5237
Y  0.8618  0.5002  0.0846
Z -0.3261  0.4185  0.8477

PART 68
OFFSET  11.8328 -0.7157 -5.5388
X  0.7268 -0.5184  0.4506
Y  0.6269  0.7687 -0.1268
Z -0.2807  0.3746  0.8837

PART 69
OFFSET  11.0119 -0.1301 -6.0478
X -0.8815 -0.4198  0.2163
Y -0.4617  0.6696 -0.5819
Z  0.0994 -0.6128 -0.7840

PART 70
OFFSET  11.4359 -3.3398 -5.7697
X  0.4577 -0.6420  0.6151
Y  0.8758  0.4448 -0.1874
Z -0.1533  0.6245  0.7658

PART 71
OFFSET  10.5417 -2.0857 -6.9714
X  0.9749  0.2225  0.0082
Y -0.1587  0.7205 -0.6751
Z -0.1561  0.6568  0.7377

PART 72
OFFSET  9.1177 -2.4106 -6.9834
X  0.3733  0.7108 -0.5962
Y -0.9081  0.1483 -0.3917
Z -0.1900  0.6876  0.7008

PART 73
OFFSET  8.6957 -3.2204 -6.3133
X  0.3059 -0.6837  0.6626
Y -0.9468 -0.2918  0.1360
Z  0.1004 -0.6689 -0.7365

PART 74
OFFSET  0.0000 -0.0000 -0.0000
X  1.0000 -0.0000  0.0000
Y  0.0000  1.0000  0.0000
Z  0.0000 -0.0000  1.0000

PART 75
OFFSET -0.0000 -0.0000 -0.0000
X  0.9945 -0.0000 -0.1045
Y  0.0073  0.9976  0.0694
Z  0.1043 -0.0698  0.9921

PART 76
OFFSET  1.9633 -0.2885  3.9421
X  0.9945 -0.0000 -0.1045
Y  0.0073  0.9976  0.0694
Z  0.1043 -0.0698  0.9921


FRAME 2071
PART 0
OFFSET -4.6318 -0.0000 -1.3770
X  1.0000 -0.0000  0.0000
Y  0.0000  1.0000  0.0000
Z  0.0000 -0.0000  1.0000

PART 1
OFFSET -4.6318 -0.0000 -1.3770
X  1.0000 -0.0000  0.0000
Y  0.0000  1.0000  0.0000
Z  0.0000 -0.0000  1.0000

PART 2
OFFSET -3.4656  6.3408 -6.7968
X  0.7102 -0.2153 -0.6702
Y  0.2248 -0.8329  0.5057
Z -0.6671 -0.5099 -0.5432

PART 3
OFFSET  5.1239  3.7373 -14.9027
X  0.8385 -0.0379  0.5435
Y -0.5247  0.2124  0.8243
Z -0.1466 -0.9765  0.1582

PART 4
OFFSET  12.2560  3.4153 -10.2798
X  0.8385 -0.0379  0.5435
Y -0.5019 -0.4420  0.7435
Z  0.2121 -0.8962 -0.3896

PART 5
OFFSET  14.0985  4.9323 -10.4477
X  0.8420 -0.0365  0.5382
Y  0.1519  0.9734 -0.1716
Z -0.5176  0.2262  0.8252

PART 6
OFFSET  13.6582  2.3972 -10.6480
X  0.8420 -0.0365  0.5382
Y  0.1519  0.9734 -0.1716
Z -0.5176  0.2262  0.8252

PART 7
OFFSET  13.3126  5.0166 -8.2657
X  0.8420 -0.0365  0.5382
Y  0.1519  0.9734 -0.1716
Z -0.5176  0.2262  0.8252

PART 8
OFFSET  13.0130  3.4820 -8.0953
X  0.8420 -0.0365  0.5382
Y  0.1519  0.9734 -0.1716
Z -0.5176  0.2262  0.8252

PART 9
OFFSET  12.8055  2.2618 -8.5618
X  0.8420 -0.0365  0.5382
Y  0.1519  0.9734 -0.1716
Z -0.5176  0.2262  0.8252

PART 10
OFFSET  14.8267  3.2992 -8.6135
X  0.7210  0.6891  0.0721
Y -0.1290  0.0313  0.9911
Z  0.6808 -0.7240  0.1115

PART 11
OFFSET  15.3061  3.3422 -7.5788
X  0.8609  0.1449  0.4876
Y -0.4946  0.0146  0.8690
Z  0.1188 -0.9893  0.0842

PART 12
OFFSET  17.1212  3.6014 -6.4351
X  0.8266  0.4227 -0.3715
Y  0.3968  0.0303  0.9174
Z  0.3991 -0.9057 -0.1427

PART 13
OFFSET  18.4766  4.1806 -7.1056
X  0.1675 -0.0089 -0.9858
Y  0.9531  0.2572  0.1596
Z  0.2522 -0.9663  0.0516

PART 14
OFFSET  18.6855  4.1311 -8.1666
X  0.1581  0.6671 -0.7280
Y -0.5735  0.6622  0.4823
Z  0.8038  0.3412  0.4873

PART 15
OFFSET  15.7126  3.7026 -9.5912
X  0.7688  0.5044 -0.3931
Y  0.6279 -0.7119  0.3146
Z -0.1212 -0.4887 -0.8640

PART 16
OFFSET  17.5346  4.8197 -10.3100
X  0.9125 -0.3147  0.2615
Y -0.4091 -0.6975  0.5883
Z -0.0027 -0.6438 -0.7652

PART 17
OFFSET  18.8265  4.3742 -9.9398
X -0.3515 -0.7293  0.5870
Y -0.9347  0.2378 -0.2643
Z  0.0532 -0.6416 -0.7652

PART 18
OFFSET  18.5148  3.7276 -9.4194
X -0.7672 -0.5014  0.3999
Y -0.6413  0.6058 -0.4709
Z -0.0061 -0.6177 -0.7864

PART 19
OFFSET  17.7859  3.2512 -9.0395
X  0.9903  0.0926  0.1035
Y  0.0088  0.7020 -0.7122
Z -0.1386  0.7062  0.6943

PART 20
OFFSET  15.6904  3.9760 -8.9322
X  0.7299  0.6418 -0.2351
Y  0.6709 -0.7386  0.0664
Z -0.1310 -0.2062 -0.9697

PART 21
OFFSET  17.6575  5.5409 -9.5958
X  0.9329 -0.3333  0.1367
Y -0.3520 -0.7628  0.5424
Z -0.0765 -0.5541 -0.8289

PART 22
OFFSET  19.2456  4.9734 -9.3630
X -0.3111 -0.7808  0.5419
Y -0.9492  0.2836 -0.1362
Z -0.0473 -0.5567 -0.8293

PART 23
OFFSET  18.8145  3.8913 -8.6120
X -0.9688 -0.1782  0.1720
Y -0.2433  0.8149 -0.5261
Z -0.0464 -0.5515 -0.8329

PART 24
OFFSET  17.7638  3.6980 -8.4255
X  0.9305 -0.3466  0.1186
Y  0.3582  0.7927 -0.4933
Z  0.0769  0.5015  0.8617

PART 25
OFFSET  17.2095  5.0853 -6.7577
X  0.8927  0.4410 -0.0928
Y -0.4464  0.8936 -0.0469
Z  0.0623  0.0833  0.9946

PART 26
OFFSET  17.2859  6.2772 -7.6265
X  0.8218  0.5208 -0.2309
Y  0.5444 -0.8374  0.0490
Z -0.1678 -0.1660 -0.9717

PART 27
OFFSET  18.7329  7.1942 -8.0330
X  0.9463  0.1785 -0.2694
Y  0.2069 -0.9750  0.0806
Z -0.2483 -0.1320 -0.9597

PART 28
OFFSET  19.8984  7.4193 -8.3022
X  0.9866 -0.1166 -0.1143
Y -0.0999 -0.9847  0.1427
Z -0.1292 -0.1294 -0.9831

PART 29
OFFSET  21.0128  7.2875 -8.4313
X -0.2673  0.8905 -0.3682
Y -0.9447 -0.1670  0.2822
Z  0.1898  0.4232  0.8859

PART 30
OFFSET  17.4711  6.0399 -8.6894
X  0.9577 -0.2816 -0.0587
Y -0.2097 -0.8231  0.5278
Z -0.1969 -0.4932 -0.8473

PART 31
OFFSET  19.3421  5.4898 -8.8040
X -0.2710 -0.7918  0.5473
Y -0.9310  0.3602  0.0600
Z -0.2447 -0.4933 -0.8348

PART 32
OFFSET  18.9462  4.3332 -8.0046
X -0.8936 -0.1991  0.4024
Y -0.3515  0.8678 -0.3512
Z -0.2793 -0.4553 -0.8454

PART 33
OFFSET  17.9325  4.1039 -7.5545
X  0.9275 -0.3725 -0.0302
Y  0.2845  0.7561 -0.5894
Z  0.2424  0.5381  0.8073

PART 34
OFFSET  17.8885  4.0475 -8.7822
X -0.1354 -0.2740 -0.9522
Y -0.6808  0.7240 -0.1115
Z  0.7199  0.6331 -0.2846

PART 35
OFFSET  10.8146 -0.9818 -4.8536
X  0.7253  0.6627 -0.1862
Y -0.6809  0.6510 -0.3353
Z -0.1010  0.3701  0.9235

PART 36
OFFSET  10.8146 -0.9818 -4.8536
X  0.7253  0.6627 -0.1862
Y -0.6809  0.6510 -0.3353
Z -0.1010  0.3701  0.9235

PART 37
OFFSET  14.6131  3.2201 -3.5692
X  0.7231  0.6701 -0.1673
Y -0.6809  0.6510 -0.3353
Z -0.1158  0.3564  0.9271

PART 38
OFFSET  13.8312  1.9225 -5.3853
X  0.7253  0.6627 -0.1862
Y -0.6809  0.6510 -0.3353
Z -0.1010  0.3701  0.9235

PART 39
OFFSET  27.8239  15.0694 -8.2770
X  0.7253  0.6627 -0.1862
Y -0.6809  0.6510 -0.3353
Z -0.1010  0.3701  0.9235

PART 40
OFFSET  5.1751 -7.8928 -6.8195
X  0.7253  0.6627 -0.1862
Y -0.6809  0.6510 -0.3353
Z -0.1010  0.3701  0.9235

PART 41
OFFSET  19.9211  6.8835 -8.0831
X  0.7253  0.6627 -0.1862
Y -0.6809  0.6510 -0.3353
Z -0.1010  0.3701  0.9235

PART 42
OFFSET  21.8949  8.6208 -8.7102
X  0.7253  0.6627 -0.1862
Y -0.6809  0.6510 -0.3353
Z -0.1010  0.3701  0.9235

PART 43
OFFSET  25.0894  11.5395 -9.5304
X  0.7253  0.6627 -0.1862
Y -0.6809  0.6510 -0.3353
Z -0.1010  0.3701  0.9235

PART 44
OFFSET -10.8444 -11.7139 -5.9426
X -0.9645  0.2436 -0.1024
Y -0.1829 -0.3357  0.9241
Z  0.1907  0.9099  0.3683

PART 45
OFFSET  0.8197 -14.6595 -4.7040
X -0.6872 -0.7213  0.0864
Y  0.7240 -0.6701  0.1637
Z -0.0601  0.1750  0.9827

PART 46
OFFSET  6.6645 -8.5244 -5.4391
X -0.6872 -0.7213  0.0864
Y  0.3354 -0.4206 -0.8430
Z  0.6444 -0.5503  0.5310

PART 47
OFFSET  7.2324 -7.2406 -6.8513
X -0.6913 -0.7179  0.0825
Y  0.0516 -0.1629 -0.9853
Z  0.7208 -0.6768  0.1496

PART 48
OFFSET  6.7865 -6.2235 -6.3469
X -0.6913 -0.7179  0.0825
Y  0.0516 -0.1629 -0.9853
Z  0.7208 -0.6768  0.1496

PART 49
OFFSET  6.8762 -6.0104 -4.9977
X -0.6913 -0.7179  0.0825
Y  0.0516 -0.1629 -0.9853
Z  0.7208 -0.6768  0.1496

PART 50
OFFSET  8.7712 -6.3131 -5.7041
X -0.5694 -0.8219 -0.0167
Y  0.4227 -0.2753 -0.8635
Z  0.7051 -0.4987  0.5041

PART 51
OFFSET  8.3299 -5.4730 -5.0703
X  0.1547 -0.9718 -0.1781
Y  0.3607  0.2234 -0.9056
Z  0.9198  0.0759  0.3850

PART 52
OFFSET  7.9089 -3.4025 -4.6171
X -0.4431 -0.7318  0.5178
Y  0.3689 -0.6753 -0.6387
Z  0.8170 -0.0920  0.5692

PART 53
OFFSET  8.5547 -2.2511 -5.5548
X -0.4578 -0.0547  0.8874
Y -0.0094 -0.9978 -0.0663
Z  0.8890 -0.0387  0.4563

PART 54
OFFSET  9.0093 -2.1732 -6.5341
X -0.9110 -0.2211  0.3483
Y -0.4081  0.3596 -0.8392
Z  0.0603 -0.9065 -0.4178

PART 55
OFFSET  9.5631 -5.8115 -6.7164
X -0.5159 -0.7095  0.4801
Y  0.8402 -0.3097  0.4451
Z -0.1671  0.6330  0.7559

PART 56
OFFSET  10.5949 -4.0873 -7.7396
X  0.5914 -0.6912  0.4153
Y  0.7999  0.4382 -0.4099
Z  0.1014  0.5747  0.8121

PART 57
OFFSET  9.7576 -3.1087 -8.3275
X  0.9872  0.0385 -0.1548
Y -0.1142  0.8482 -0.5172
Z  0.1114  0.5283  0.8417

PART 58
OFFSET  8.8823 -3.1429 -8.1902
X  0.4825  0.6820 -0.5497
Y -0.8708  0.4412 -0.2169
Z  0.0946  0.5833  0.8067

PART 59
OFFSET  8.4239 -3.7907 -7.6680
X  0.1639 -0.8829  0.4399
Y -0.9559 -0.0320  0.2919
Z -0.2436 -0.4684 -0.8493

PART 60
OFFSET  9.5059 -5.5175 -6.0685
X -0.5407 -0.7866  0.2981
Y  0.7916 -0.3560  0.4966
Z -0.2845  0.5045  0.8152

PART 61
OFFSET  10.9689 -3.5587 -6.9523
X  0.5485 -0.6546  0.5202
Y  0.8351  0.3985 -0.3791
Z  0.0408  0.6424  0.7653

PART 62
OFFSET  10.0351 -2.4443 -7.8380
X  0.9429  0.2300 -0.2411
Y -0.3297  0.7489 -0.5748
Z  0.0483  0.6215  0.7820

PART 63
OFFSET  8.7283 -2.7631 -7.5039
X  0.3200  0.7346 -0.5983
Y -0.9465  0.2763 -0.1670
Z  0.0426  0.6197  0.7837

PART 64
OFFSET  8.3813 -3.5598 -6.8550
X  0.2806 -0.7292  0.6241
Y -0.9598 -0.2216  0.1726
Z  0.0124 -0.6474 -0.7620

PART 65
OFFSET  6.4220 -9.7684 -4.7733
X -0.4214 -0.8588  0.2915
Y -0.8230  0.2272 -0.5206
Z  0.3808 -0.4592 -0.8025

PART 66
OFFSET  10.9330 -3.0882 -4.8004
X -0.6894 -0.7232  0.0408
Y  0.6655 -0.6101  0.4299
Z -0.2860  0.3236  0.9020

PART 67
OFFSET  12.1468 -1.8149 -4.8723
X  0.3558 -0.8125  0.4618
Y  0.8787  0.4591  0.1308
Z -0.3183  0.3593  0.8773

PART 68
OFFSET  11.6950 -0.8053 -5.3805
X  0.7031 -0.5804  0.4108
Y  0.6558  0.7526 -0.0591
Z -0.2749  0.3110  0.9098

PART 69
OFFSET  10.9007 -0.1498 -5.8445
X -0.8982 -0.4030  0.1756
Y -0.4315  0.7318 -0.5275
Z  0.0841 -0.5495 -0.8312

PART 70
OFFSET  11.2044 -3.3850 -5.8294
X  0.4282 -0.7069  0.5629
Y  0.8932  0.4258 -0.1447
Z -0.1374  0.5648  0.8137

PART 71
OFFSET  10.3678 -2.0040 -6.9290
X  0.9823  0.1846  0.0325
Y -0.1261  0.7789 -0.6144
Z -0.1387  0.5994  0.7884

PART 72
OFFSET  8.9330 -2.2736 -6.9765
X  0.4045  0.7430 -0.5333
Y -0.8984  0.2137 -0.3837
Z -0.1712  0.6343  0.7539

PART 73
OFFSET  8.4755 -3.1194 -6.3781
X  0.2746 -0.7467  0.6058
Y -0.9580 -0.2665  0.1057
Z  0.0826 -0.6094 -0.7885

PART 74
OFFSET  0.0000 -0.0000 -0.0000
X  1.0000 -0.0000  0.0000
Y  0.0000  1.0000  0.0000
Z  0.0000 -0.0000  1.0000

PART 75
OFFSET -0.0000 -0.0000 -0.0000
X  0.9949  0.0000 -0.1011
Y  0.0066  0.9978  0.0653
Z  0.1009 -0.0657  0.9927

PART 76
OFFSET  1.9497 -0.2715  3.9500
X  0.9949  0.0000 -0.1011
Y  0.0066  0.9978  0.0653
Z  0.1009 -0.0657  0.9927


FRAME 2072
PART 0
OFFSET -4.6318 -0.0000 -1.3770
X  1.0000 -0.0000  0.0000
Y  0.0000  1.0000  0.0000
Z  0.0000 -0.0000  1.0000

PART 1
OFFSET -4.6318 -0.0000 -1.3770
X  1.0000 -0.0000  0.0000
Y  0.0000  1.0000  0.0000
Z  0.0000 -0.0000  1.0000

PART 2
OFFSET -3.3592  6.3408 -7.0192
X  0.7434 -0.1814 -0.6438
Y  0.1965 -0.8608  0.4695
Z -0.6393 -0.4755 -0.6043

PART 3
OFFSET  5.6317  4.1475 -14.8048
X  0.8012 -0.0699  0.5943
Y -0.5775  0.1700  0.7985
Z -0.1568 -0.9830  0.0959

PART 4
OFFSET  12.4464  3.5533 -9.7502
X  0.8012 -0.0699  0.5943
Y -0.5443 -0.4975  0.6754
Z  0.2485 -0.8647 -0.4366

PART 5
OFFSET  14.2961  5.0705 -9.7161
X  0.8050 -0.0682  0.5893
Y  0.1629  0.9806 -0.1090
Z -0.5704  0.1837  0.8005

PART 6
OFFSET  13.8695  2.5513 -10.0801
X  0.8050 -0.0682  0.5893
Y  0.1629  0.9806 -0.1090
Z -0.5704  0.1837  0.8005

PART 7
OFFSET  13.3692  5.0410 -7.5886
X  0.8050 -0.0682  0.5893
Y  0.1629  0.9806 -0.1090
Z -0.5704  0.1837  0.8005

PART 8
OFFSET  13.0590  3.5005 -7.5205
X  0.8050 -0.0682  0.5893
Y  0.1629  0.9806 -0.1090
Z -0.5704  0.1837  0.8005

PART 9
OFFSET  12.8823  2.3078 -8.0642
X  0.8050 -0.0682  0.5893
Y  0.1629  0.9806 -0.1090
Z -0.5704  0.1837  0.8005

PART 10
OFFSET  14.9027  3.3392 -7.9283
X  0.7504  0.6416  0.1591
Y -0.1482 -0.0712  0.9864
Z  0.6442 -0.7637  0.0416

PART 11
OFFSET  15.3617  3.2455 -6.8877
X  0.8563  0.0491  0.5142
Y -0.5115 -0.0569  0.8574
Z  0.0713 -0.9972 -0.0236

PART 12
OFFSET  17.1624  3.2902 -5.6940
X  0.8528  0.4206 -0.3095
Y  0.3785 -0.0894  0.9213
Z  0.3598 -0.9028 -0.2355

PART 13
OFFSET  18.5569  3.8734 -6.2750
X  0.1876  0.0910 -0.9780
Y  0.9604  0.1920  0.2020
Z  0.2062 -0.9772 -0.0514

PART 14
OFFSET  18.7855  3.9303 -7.3316
X  0.2039  0.7344 -0.6473
Y -0.5523  0.6322  0.5433
Z  0.8083  0.2467  0.5346

PART 15
OFFSET  15.8265  3.8040 -8.8414
X  0.7993  0.5068 -0.3229
Y  0.5877 -0.7714  0.2440
Z -0.1254 -0.3847 -0.9145

PART 16
OFFSET  17.7128  4.9042 -9.4038
X  0.8913 -0.3850  0.2395
Y -0.4531 -0.7372  0.5012
Z -0.0164 -0.5553 -0.8315

PART 17
OFFSET  18.9747  4.3591 -9.0646
X -0.3970 -0.7714  0.4973
Y -0.9170  0.3100 -0.2511
Z  0.0396 -0.5557 -0.8304

PART 18
OFFSET  18.6227  3.6751 -8.6237
X -0.7978 -0.5047  0.3299
Y -0.6027  0.6839 -0.4112
Z -0.0181 -0.5269 -0.8497

PART 19
OFFSET  17.8648  3.1957 -8.3102
X  0.9911  0.0329  0.1287
Y  0.0561  0.7745 -0.6301
Z -0.1204  0.6318  0.7658

PART 20
OFFSET  15.8031  4.0044 -8.1568
X  0.7635  0.6278 -0.1513
Y  0.6346 -0.7729 -0.0050
Z -0.1200 -0.0922 -0.9885

PART 21
OFFSET  17.8538  5.5360 -8.6124
X  0.9134 -0.3908  0.1138
Y -0.3981 -0.7998  0.4493
Z -0.0846 -0.4557 -0.8861

PART 22
OFFSET  19.4088  4.8707 -8.4187
X -0.3581 -0.8195  0.4474
Y -0.9320  0.3422 -0.1191
Z -0.0555 -0.4596 -0.8864

PART 23
OFFSET  18.9126  3.7349 -7.7986
X -0.9794 -0.1492  0.1360
Y -0.1944  0.8784 -0.4367
Z -0.0543 -0.4541 -0.8893

PART 24
OFFSET  17.8504  3.5731 -7.6511
X  0.9108 -0.4019  0.0943
Y  0.4046  0.8238 -0.3971
Z  0.0819  0.3998  0.9129

PART 25
OFFSET  17.3258  4.7945 -5.8494
X  0.9138  0.4051 -0.0295
Y -0.4036  0.9138  0.0450
Z  0.0452 -0.0292  0.9986

PART 26
OFFSET  17.4754  6.0693 -6.5800
X  0.8496  0.5028 -0.1590
Y  0.5041 -0.8629 -0.0351
Z -0.1549 -0.0503 -0.9866

PART 27
OFFSET  18.9713  6.9546 -6.8600
X  0.9590  0.1612 -0.2331
Y  0.1600 -0.9868 -0.0243
Z -0.2339 -0.0140 -0.9722

PART 28
OFFSET  20.1513  7.1514 -7.0842
X  0.9823 -0.1508 -0.1109
Y -0.1482 -0.9885  0.0316
Z -0.1144 -0.0146 -0.9933

PART 29
OFFSET  21.2609  6.9811 -7.2096
X -0.2182  0.9373 -0.2718
Y -0.9571 -0.1512  0.2471
Z  0.1905  0.3141  0.9301

PART 30
OFFSET  17.6717  5.9411 -7.6596
X  0.9448 -0.3192 -0.0743
Y -0.2584 -0.8649  0.4304
Z -0.2016 -0.3874 -0.8996

PART 31
OFFSET  19.5173  5.3175 -7.8047
X -0.3187 -0.8330  0.4522
Y -0.9144  0.3958  0.0847
Z -0.2496 -0.3865 -0.8879

PART 32
OFFSET  19.0518  4.1007 -7.1441
X -0.9100 -0.1987  0.3638
Y -0.3037  0.9170 -0.2588
Z -0.2822 -0.3460 -0.8948

PART 33
OFFSET  18.0194  3.8726 -6.7382
X  0.9098 -0.4112 -0.0565
Y  0.3314  0.8015 -0.4978
Z  0.2500  0.4341  0.8655

PART 34
OFFSET  17.9986  3.9532 -7.9651
X -0.1279 -0.1612 -0.9786
Y -0.6442  0.7637 -0.0416
Z  0.7541  0.6251 -0.2016

PART 35
OFFSET  10.6195 -1.1296 -4.7276
X  0.7589  0.6434 -0.1005
Y -0.6430  0.7159 -0.2721
Z -0.1032  0.2712  0.9570

PART 36
OFFSET  10.6195 -1.1296 -4.7276
X  0.7589  0.6434 -0.1005
Y -0.6430  0.7159 -0.2721
Z -0.1032  0.2712  0.9570

PART 37
OFFSET  14.5799  2.7185 -2.9276
X  0.7566  0.6488 -0.0809
Y -0.6430  0.7159 -0.2721
Z -0.1186  0.2579  0.9588

PART 38
OFFSET  13.7773  1.6668 -4.8879
X  0.7589  0.6434 -0.1005
Y -0.6430  0.7159 -0.2721
Z -0.1032  0.2712  0.9570

PART 39
OFFSET  28.4189  14.3623 -6.0899
X  0.7589  0.6434 -0.1005
Y -0.6430  0.7159 -0.2721
Z -0.1032  0.2712  0.9570

PART 40
OFFSET  4.7098 -7.5043 -7.5329
X  0.7589  0.6434 -0.1005
Y -0.6430  0.7159 -0.2721
Z -0.1032  0.2712  0.9570

PART 41
OFFSET  20.1447  6.5944 -6.9254
X  0.7589  0.6434 -0.1005
Y -0.6430  0.7159 -0.2721
Z -0.1032  0.2712  0.9570

PART 42
OFFSET  22.2092  8.2929 -7.3256
X  0.7589  0.6434 -0.1005
Y -0.6430  0.7159 -0.2721
Z -0.1032  0.2712  0.9570

PART 43
OFFSET  25.5514  11.1267 -7.7682
X  0.7589  0.6434 -0.1005
Y -0.6430  0.7159 -0.2721
Z -0.1032  0.2712  0.9570

PART 44
OFFSET -10.8444 -11.7139 -5.9426
X -0.9606  0.2596 -0.0996
Y -0.1793 -0.3043  0.9355
Z  0.2126  0.9165  0.3389

PART 45
OFFSET  0.7725 -14.8535 -4.7380
X -0.6549 -0.7452  0.1258
Y  0.7543 -0.6345  0.1687
Z -0.0459  0.2053  0.9776

PART 46
OFFSET  6.3429 -8.5156 -5.8078
X -0.6549 -0.7452  0.1258
Y  0.2830 -0.3962 -0.8735
Z  0.7007 -0.5365  0.4703

PART 47
OFFSET  6.8267 -7.2580 -7.2738
X -0.6592 -0.7420  0.1218
Y  0.0367 -0.1936 -0.9804
Z  0.7510 -0.6418  0.1549

PART 48
OFFSET  6.3505 -6.2434 -6.7926
X -0.6592 -0.7420  0.1218
Y  0.0367 -0.1936 -0.9804
Z  0.7510 -0.6418  0.1549

PART 49
OFFSET  6.4607 -5.9817 -5.4536
X -0.6592 -0.7420  0.1218
Y  0.0367 -0.1936 -0.9804
Z  0.7510 -0.6418  0.1549

PART 50
OFFSET  8.3507 -6.2312 -6.1934
X -0.6062 -0.7868 -0.1163
Y  0.4276 -0.1991 -0.8818
Z  0.6706 -0.5843  0.4571

PART 51
OFFSET  7.9355 -5.4453 -5.4778
X  0.1135 -0.9527 -0.2818
Y  0.3895  0.3036 -0.8696
Z  0.9140 -0.0111  0.4055

PART 52
OFFSET  7.6009 -3.4190 -4.8055
X -0.4872 -0.7619  0.4268
Y  0.3507 -0.6183 -0.7034
Z  0.7998 -0.1930  0.5684

PART 53
OFFSET  8.3187 -2.2043 -5.6001
X -0.4784 -0.1294  0.8686
Y -0.0540 -0.9829 -0.1762
Z  0.8765 -0.1312  0.4632

PART 54
OFFSET  8.7968 -2.0417 -6.5576
X -0.9273 -0.2138  0.3073
Y -0.3734  0.4685 -0.8007
Z  0.0272 -0.8572 -0.5143

PART 55
OFFSET  9.1860 -5.6606 -7.1315
X -0.5580 -0.7321  0.3907
Y  0.8155 -0.3967  0.4214
Z -0.1536  0.5537  0.8184

PART 56
OFFSET  10.3174 -3.8863 -7.9418
X  0.5501 -0.7602  0.3457
Y  0.8277  0.4414 -0.3464
Z  0.1107  0.4767  0.8720

PART 57
OFFSET  9.5386 -2.8100 -8.4312
X  0.9909  0.0077 -0.1340
Y -0.0641  0.9043 -0.4222
Z  0.1180  0.4269  0.8966

PART 58
OFFSET  8.6600 -2.8169 -8.3124
X  0.5248  0.7140 -0.4634
Y -0.8448  0.5037 -0.1806
Z  0.1045  0.4862  0.8676

PART 59
OFFSET  8.1614 -3.4952 -7.8722
X  0.1138 -0.9327  0.3423
Y -0.9623 -0.0178  0.2715
Z -0.2471 -0.3603 -0.8995

PART 60
OFFSET  9.1288 -5.4368 -6.4561
X -0.5825 -0.7876  0.2009
Y  0.7638 -0.4459  0.4667
Z -0.2780  0.4253  0.8613

PART 61
OFFSET  10.6988 -3.4657 -7.0952
X  0.5067 -0.7332  0.4534
Y  0.8604  0.3970 -0.3196
Z  0.0544  0.5521  0.8320

PART 62
OFFSET  9.8361 -2.2174 -7.8671
X  0.9573  0.2094 -0.1993
Y -0.2827  0.8224 -0.4938
Z  0.0605  0.5290  0.8464

PART 63
OFFSET  8.5093 -2.5076 -7.5909
X  0.3660  0.7794 -0.5084
Y -0.9290  0.3381 -0.1504
Z  0.0547  0.5274  0.8479

PART 64
OFFSET  8.1124 -3.3529 -7.0394
X  0.2335 -0.8058  0.5442
Y -0.9724 -0.1927  0.1319
Z -0.0014 -0.5599 -0.8285

PART 65
OFFSET  5.8257 -9.6505 -5.6867
X -0.4666 -0.8642  0.1882
Y -0.8006  0.3222 -0.5052
Z  0.3760 -0.3864 -0.8422

PART 66
OFFSET  10.6395 -3.2325 -4.9053
X -0.7227 -0.6893 -0.0501
Y  0.6275 -0.6849  0.3704
Z -0.2896  0.2362  0.9275

PART 67
OFFSET  11.9120 -2.0189 -4.8171
X  0.3082 -0.8743  0.3749
Y  0.8960  0.3992  0.1945
Z -0.3198  0.2759  0.9064

PART 68
OFFSET  11.5179 -0.9392 -5.2178
X  0.6669 -0.6550  0.3553
Y  0.6909  0.7222  0.0346
Z -0.2793  0.2224  0.9341

PART 69
OFFSET  10.7647 -0.1993 -5.6191
X -0.9193 -0.3761  0.1158
Y -0.3861  0.8051 -0.4503
Z  0.0761 -0.4586 -0.8854

PART 70
OFFSET  10.9184 -3.4276 -5.9563
X  0.3833 -0.7841  0.4881
Y  0.9147  0.3956 -0.0828
Z -0.1282  0.4782  0.8688

PART 71
OFFSET  10.1696 -1.8958 -6.9099
X  0.9888  0.1324  0.0681
Y -0.0771  0.8466 -0.5266
Z -0.1274  0.5154  0.8474

PART 72
OFFSET  8.7253 -2.0892 -7.0095
X  0.4494  0.7765 -0.4416
Y -0.8793  0.2974 -0.3719
Z -0.1575  0.5555  0.8165

PART 73
OFFSET  8.2168 -2.9725 -6.5154
X  0.2271 -0.8209  0.5240
Y -0.9713 -0.2301  0.0605
Z  0.0709 -0.5227 -0.8496

PART 74
OFFSET  0.0000 -0.0000 -0.0000
X  1.0000 -0.0000  0.0000
Y  0.0000  1.0000  0.0000
Z  0.0000 -0.0000  1.0000

PART 75
OFFSET -0.0000 -0.0000 -0.0000
X  0.9957 -0.0000 -0.0925
Y  0.0052  0.9984  0.0561
Z  0.0924 -0.0564  0.9941

PART 76
OFFSET  1.9160 -0.2331  3.9689
X  0.9957 -0.0000 -0.0925
Y  0.0052  0.9984  0.0561
Z  0.0924 -0.0564  0.9941


FRAME 2073
PART 0
OFFSET -4.6318 -0.0000 -1.3770
X  1.0000 -0.0000  0.0000
Y  0.0000  1.0000  0.0000
Z  0.0000 -0.0000  1.0000

PART 1
OFFSET -4.6318 -0.0000 -1.3770
X  1.0000 -0.0000  0.0000
Y  0.0000  1.0000  0.0000
Z  0.0000 -0.0000  1.0000

PART 2
OFFSET -3.2087  6.3408 -7.3335
X  0.7886 -0.1291 -0.6012
Y  0.1612 -0.9001  0.4048
Z -0.5933 -0.4162 -0.6890

PART 3
OFFSET  6.3290  4.7793 -14.6038
X  0.7505 -0.1265  0.6487
Y -0.6403  0.1040  0.7611
Z -0.1637 -0.9865 -0.0029

PART 4
OFFSET  12.7121  3.7035 -9.0865
X  0.7505 -0.1265  0.6487
Y -0.5970 -0.5507  0.5834
Z  0.2834 -0.8251 -0.4888

PART 5
OFFSET  14.5525  5.1995 -8.7716
X  0.7547 -0.1245  0.6442
Y  0.1709  0.9852 -0.0098
Z -0.6334  0.1175  0.7648

PART 6
OFFSET  14.1575  2.7243 -9.3863
X  0.7547 -0.1245  0.6442
Y  0.1709  0.9852 -0.0098
Z -0.6334  0.1175  0.7648

PART 7
OFFSET  13.4564  4.9921 -6.7364
X  0.7547 -0.1245  0.6442
Y  0.1709  0.9852 -0.0098
Z -0.6334  0.1175  0.7648

PART 8
OFFSET  13.1421  3.4536 -6.8278
X  0.7547 -0.1245  0.6442
Y  0.1709  0.9852 -0.0098
Z -0.6334  0.1175  0.7648

PART 9
OFFSET  13.0104  2.3137 -7.4855
X  0.7547 -0.1245  0.6442
Y  0.1709  0.9852 -0.0098
Z -0.6334  0.1175  0.7648

PART 10
OFFSET  15.0128  3.3158 -7.0979
X  0.7753  0.5757  0.2596
Y -0.1833 -0.1881  0.9649
Z  0.6044 -0.7957 -0.0403

PART 11
OFFSET  15.4328  3.0665 -6.0665
X  0.8406 -0.0619  0.5381
Y -0.5412 -0.1384  0.8295
Z  0.0231 -0.9884 -0.1498

PART 12
OFFSET  17.1941  2.8642 -4.8309
X  0.8819  0.4110 -0.2308
Y  0.3437 -0.2256  0.9116
Z  0.3226 -0.8833 -0.3403

PART 13
OFFSET  18.6334  3.4423 -5.2959
X  0.2233  0.2046 -0.9530
Y  0.9616  0.1139  0.2498
Z  0.1597 -0.9722 -0.1713

PART 14
OFFSET  18.8986  3.6210 -6.3301
X  0.2604  0.7990 -0.5420
Y -0.5380  0.5862  0.6057
Z  0.8017  0.1339  0.5825

PART 15
OFFSET  15.9873  3.8436 -7.9195
X  0.8332  0.5009 -0.2343
Y  0.5410 -0.8261  0.1578
Z -0.1145 -0.2582 -0.9593

PART 16
OFFSET  17.9424  4.9054 -8.2869
X  0.8632 -0.4587  0.2109
Y -0.5046 -0.7700  0.3904
Z -0.0166 -0.4434 -0.8962

PART 17
OFFSET  19.1645  4.2560 -7.9882
X -0.4501 -0.8064  0.3836
Y -0.8921  0.3873 -0.2328
Z  0.0392 -0.4470 -0.8937

PART 18
OFFSET  18.7654  3.5410 -7.6481
X -0.8318 -0.4998  0.2416
Y -0.5549  0.7614 -0.3352
Z -0.0164 -0.4129 -0.9106

PART 19
OFFSET  17.9752  3.0662 -7.4186
X  0.9869 -0.0360  0.1573
Y  0.1143  0.8442 -0.5236
Z -0.1140  0.5347  0.8373

PART 20
OFFSET  15.9516  3.9563 -7.2156
X  0.7978  0.6009 -0.0496
Y  0.5958 -0.7983 -0.0879
Z -0.0924  0.0406 -0.9949

PART 21
OFFSET  18.0884  5.4233 -7.4175
X  0.8890 -0.4496  0.0861
Y -0.4511 -0.8283  0.3323
Z -0.0781 -0.3343 -0.9392

PART 22
OFFSET  19.6020  4.6577 -7.2709
X -0.4120 -0.8497  0.3289
Y -0.9098  0.4032 -0.0981
Z -0.0493 -0.3397 -0.9392

PART 23
OFFSET  19.0310  3.4800 -6.8150
X -0.9894 -0.1134  0.0903
Y -0.1370  0.9357 -0.3250
Z -0.0477 -0.3339 -0.9414

PART 24
OFFSET  17.9580  3.3570 -6.7170
X  0.8865 -0.4580  0.0653
Y  0.4570  0.8451 -0.2773
Z  0.0718  0.2757  0.9586

PART 25
OFFSET  17.4358  4.3654 -4.7873
X  0.9330  0.3568  0.0464
Y -0.3597  0.9207  0.1517
Z  0.0114 -0.1582  0.9873

PART 26
OFFSET  17.6711  5.7130 -5.3438
X  0.8779  0.4735 -0.0711
Y  0.4621 -0.8768 -0.1328
Z -0.1252  0.0837 -0.9886

PART 27
OFFSET  19.2168  6.5467 -5.4689
X  0.9728  0.1388 -0.1856
Y  0.1122 -0.9828 -0.1468
Z -0.2028  0.1220 -0.9716

PART 28
OFFSET  20.4117  6.7080 -5.6355
X  0.9768 -0.1870 -0.1040
Y -0.1973 -0.9753 -0.0996
Z -0.0828  0.1178 -0.9896

PART 29
OFFSET  21.5151  6.4968 -5.7530
X -0.1632  0.9744 -0.1545
Y -0.9709 -0.1307  0.2009
Z  0.1755  0.1828  0.9674

PART 30
OFFSET  17.8957  5.7130 -6.4254
X  0.9299 -0.3565 -0.0903
Y -0.3142 -0.8977  0.3088
Z -0.1912 -0.2587 -0.9468

PART 31
OFFSET  19.7123  5.0165 -6.6019
X -0.3735 -0.8658  0.3330
Y -0.8962  0.4294  0.1113
Z -0.2394 -0.2569 -0.9363

PART 32
OFFSET  19.1667  3.7519 -6.1155
X -0.9299 -0.1951  0.3117
Y -0.2499  0.9571 -0.1465
Z -0.2697 -0.2141 -0.9388

PART 33
OFFSET  18.1118  3.5287 -5.7690
X  0.8899 -0.4480 -0.0854
Y  0.3861  0.8397 -0.3818
Z  0.2428  0.3068  0.9203

PART 34
OFFSET  18.1347  3.7656 -6.9756
X -0.1040 -0.0286 -0.9942
Y -0.6044  0.7957  0.0403
Z  0.7899  0.6050 -0.1000

PART 35
OFFSET  10.4149 -1.2918 -4.6099
X  0.7923  0.6101  0.0027
Y -0.5981  0.7775 -0.1943
Z -0.1206  0.1524  0.9809

PART 36
OFFSET  10.4149 -1.2918 -4.6099
X  0.7923  0.6101  0.0027
Y -0.5981  0.7775 -0.1943
Z -0.1206  0.1524  0.9809

PART 37
OFFSET  14.4986  2.0824 -2.2285
X  0.7897  0.6131  0.0227
Y -0.5981  0.7775 -0.1943
Z -0.1368  0.1399  0.9807

PART 38
OFFSET  13.7092  1.3321 -4.3278
X  0.7923  0.6101  0.0027
Y -0.5981  0.7775 -0.1943
Z -0.1206  0.1524  0.9809

PART 39
OFFSET  28.9857  13.2886 -3.5092
X  0.7923  0.6101  0.0027
Y -0.5981  0.7775 -0.1943
Z -0.1206  0.1524  0.9809

PART 40
OFFSET  4.2941 -6.9380 -8.3632
X  0.7923  0.6101  0.0027
Y -0.5981  0.7775 -0.1943
Z -0.1206  0.1524  0.9809

PART 41
OFFSET  20.3727  6.1365 -5.5498
X  0.7923  0.6101  0.0027
Y -0.5981  0.7775 -0.1943
Z -0.1206  0.1524  0.9809

PART 42
OFFSET  22.5296  7.7609 -5.6749
X  0.7923  0.6101  0.0027
Y -0.5981  0.7775 -0.1943
Z -0.1206  0.1524  0.9809

PART 43
OFFSET  26.0191  10.4480 -5.6631
X  0.7923  0.6101  0.0027
Y -0.5981  0.7775 -0.1943
Z -0.1206  0.1524  0.9809

PART 44
OFFSET -10.8444 -11.7139 -5.9426
X -0.9602  0.2631 -0.0941
Y -0.1669 -0.2698  0.9483
Z  0.2241  0.9263  0.3030

PART 45
OFFSET  0.7677 -14.8959 -4.8043
X -0.6205 -0.7654  0.1705
Y  0.7836 -0.5971  0.1714
Z -0.0294  0.2400  0.9703

PART 46
OFFSET  6.0454 -8.3856 -6.2548
X -0.6205 -0.7654  0.1705
Y  0.2073 -0.3699 -0.9056
Z  0.7563 -0.5266  0.3882

PART 47
OFFSET  6.4400 -7.1657 -7.7784
X -0.6250 -0.7626  0.1666
Y  0.0197 -0.2288 -0.9733
Z  0.7803 -0.6051  0.1580

PART 48
OFFSET  5.9351 -6.1535 -7.3220
X -0.6250 -0.7626  0.1666
Y  0.0197 -0.2288 -0.9733
Z  0.7803 -0.6051  0.1580

PART 49
OFFSET  6.0686 -5.8375 -5.9969
X -0.6250 -0.7626  0.1666
Y  0.0197 -0.2288 -0.9733
Z  0.7803 -0.6051  0.1580

PART 50
OFFSET  7.9477 -6.0390 -6.7776
X -0.6399 -0.7326 -0.2321
Y  0.4456 -0.1076 -0.8888
Z  0.6261 -0.6721  0.3953

PART 51
OFFSET  7.5485 -5.3297 -5.9779
X  0.0757 -0.9138 -0.3989
Y  0.4318  0.3907 -0.8130
Z  0.8988 -0.1107  0.4242

PART 52
OFFSET  7.2919 -3.3905 -5.0594
X -0.5374 -0.7833  0.3126
Y  0.3426 -0.5414 -0.7678
Z  0.7706 -0.3055  0.5593

PART 53
OFFSET  8.0937 -2.1241 -5.6725
X -0.5120 -0.2134  0.8321
Y -0.0963 -0.9483 -0.3024
Z  0.8536 -0.2350  0.4649

PART 54
OFFSET  8.6099 -1.8665 -6.5884
X -0.9461 -0.2020  0.2533
Y -0.3239  0.5855 -0.7431
Z  0.0018 -0.7851 -0.6194

PART 55
OFFSET  8.8398 -5.3985 -7.6128
X -0.6055 -0.7454  0.2787
Y  0.7811 -0.4894  0.3878
Z -0.1527  0.4525  0.8786

PART 56
OFFSET  10.0823 -3.5977 -8.1587
X  0.5008 -0.8259  0.2592
Y  0.8591  0.4377 -0.2653
Z  0.1057  0.3555  0.9287

PART 57
OFFSET  9.3733 -2.4285 -8.5256
X  0.9939 -0.0275 -0.1063
Y -0.0061  0.9527 -0.3039
Z  0.1097  0.3027  0.9468

PART 58
OFFSET  8.4920 -2.4041 -8.4313
X  0.5738  0.7385 -0.3540
Y -0.8128  0.5664 -0.1360
Z  0.1000  0.3658  0.9253

PART 59
OFFSET  7.9468 -3.1057 -8.0950
X  0.0569 -0.9733  0.2224
Y -0.9703 -0.0014  0.2420
Z -0.2353 -0.2295 -0.9444

PART 60
OFFSET  8.7718 -5.2597 -6.9159
X -0.6266 -0.7750  0.0829
Y  0.7256 -0.5412  0.4250
Z -0.2845  0.3264  0.9014

PART 61
OFFSET  10.4563 -3.3089 -7.2555
X  0.4553 -0.8106  0.3683
Y  0.8887  0.3885 -0.2436
Z  0.0544  0.4382  0.8972

PART 62
OFFSET  9.6810 -1.9288 -7.8824
X  0.9723  0.1823 -0.1460
Y -0.2260  0.8922 -0.3911
Z  0.0589  0.4132  0.9087

PART 63
OFFSET  8.3335 -2.1815 -7.6801
X  0.4200  0.8174 -0.3944
Y -0.9060  0.4030 -0.1296
Z  0.0530  0.4117  0.9098

PART 64
OFFSET  7.8780 -3.0680 -7.2524
X  0.1761 -0.8796  0.4419
Y -0.9844 -0.1564  0.0809
Z -0.0021 -0.4492 -0.8934

PART 65
OFFSET  5.2434 -9.3572 -6.7802
X -0.5141 -0.8554  0.0634
Y -0.7671  0.4255 -0.4801
Z  0.3837 -0.2955 -0.8749

PART 66
OFFSET  10.3377 -3.3531 -5.0560
X -0.7536 -0.6383 -0.1569
Y  0.5810 -0.7585  0.2953
Z -0.3075  0.1313  0.9424

PART 67
OFFSET  11.6645 -2.2292 -4.7797
X  0.2527 -0.9299  0.2672
Y  0.9077  0.3235  0.2673
Z -0.3350  0.1749  0.9258

PART 68
OFFSET  11.3369 -1.0881 -5.0483
X  0.6222 -0.7291  0.2852
Y  0.7239  0.6745  0.1450
Z -0.2981  0.1162  0.9474

PART 69
OFFSET  10.6341 -0.2646 -5.3704
X -0.9399 -0.3389  0.0427
Y -0.3315  0.8750 -0.3528
Z  0.0821 -0.3457 -0.9347

PART 70
OFFSET  10.6405 -3.4274 -6.1159
X  0.3285 -0.8589  0.3930
Y  0.9351  0.3542 -0.0076
Z -0.1327  0.3700  0.9195

PART 71
OFFSET  9.9988 -1.7496 -6.8836
X  0.9914  0.0704  0.1101
Y -0.0185  0.9096 -0.4151
Z -0.1294  0.4095  0.9031

PART 72
OFFSET  8.5507 -1.8524 -7.0444
X  0.5009  0.8016 -0.3263
Y -0.8512  0.3882 -0.3532
Z -0.1564  0.4547  0.8768

PART 73
OFFSET  7.9839 -2.7633 -6.6812
X  0.1696 -0.8917  0.4197
Y -0.9828 -0.1844  0.0053
Z  0.0727 -0.4134 -0.9076

PART 74
OFFSET  0.0000 -0.0000 -0.0000
X  1.0000 -0.0000  0.0000
Y  0.0000  1.0000  0.0000
Z  0.0000 -0.0000  1.0000

PART 75
OFFSET -0.0000 -0.0000 -0.0000
X  0.9968 -0.0000 -0.0798
Y  0.0034  0.9991  0.0428
Z  0.0797 -0.0429  0.9959

PART 76
OFFSET  1.8652 -0.1774  3.9959
X  0.9968 -0.0000 -0.0798
Y  0.0034  0.9991  0.0428
Z  0.0797 -0.0429  0.9959


FRAME 2074
PART 0
OFFSET -4.6318 -0.0000 -1.3770
X  1.0000 -0.0000  0.0000
Y  0.0000  1.0000  0.0000
Z  0.0000 -0.0000  1.0000

PART 1
OFFSET -4.6318 -0.0000 -1.3770
X  1.0000 -0.0000  0.0000
Y  0.0000  1.0000  0.0000
Z  0.0000 -0.0000  1.0000

PART 2
OFFSET -3.0362  6.3408 -7.6939
X  0.8413 -0.0654 -0.5366
Y  0.1276 -0.9406  0.3146
Z -0.5253 -0.3331 -0.7830

PART 3
OFFSET  7.1387  5.5502 -14.1830
X  0.6918 -0.2026  0.6931
Y -0.7046  0.0206  0.7093
Z -0.1580 -0.9790 -0.1285

PART 4
OFFSET  13.0226  3.8270 -8.2878
X  0.6918 -0.2026  0.6931
Y -0.6507 -0.5910  0.4767
Z  0.3131 -0.7808 -0.5407

PART 5
OFFSET  14.8212  5.2687 -7.6470
X  0.6964 -0.2001  0.6892
Y  0.1662  0.9792  0.1163
Z -0.6982  0.0336  0.7151

PART 6
OFFSET  14.4934  2.8807 -8.5692
X  0.6964 -0.2001  0.6892
Y  0.1662  0.9792  0.1163
Z -0.6982  0.0336  0.7151

PART 7
OFFSET  13.5531  4.8384 -5.7515
X  0.6964 -0.2001  0.6892
Y  0.1662  0.9792  0.1163
Z -0.6982  0.0336  0.7151

PART 8
OFFSET  13.2555  3.3216 -6.0429
X  0.6964 -0.2001  0.6892
Y  0.1662  0.9792  0.1163
Z -0.6982  0.0336  0.7151

PART 9
OFFSET  13.1872  2.2639 -6.8340
X  0.6964 -0.2001  0.6892
Y  0.1662  0.9792  0.1163
Z -0.6982  0.0336  0.7151

PART 10
