// Export filename: `C:\projects\cod\t5\xanim_export\t5_viewmodels\ak47\ak47_grenadier_gl_reload.XANIM_EXPORT`
// Source filename: `D:\projects\devanim\t5\animation_assets\viewmodels\ak47\ViewModel_AK47_GrenadeLauncher_animated.fbx`
// Export time: Sat Jun 05 16:37:17 2010

ANIMATION
VERSION 3

NUMPARTS 77
PART 0 "tag_ads"
PART 1 "tag_torso"
PART 2 "J_Shoulder_LE"
PART 3 "J_Elbow_LE"
PART 4 "J_WristTwist_LE"
PART 5 "J_Sleave_Reshape_Bottom_LE_1"
PART 6 "J_Sleave_Reshape_Bottom_LE_2"
PART 7 "J_Sleave_Reshape_Top_LE_1"
PART 8 "J_Sleave_Reshape_Top_LE_2"
PART 9 "J_Sleave_Reshape_Top_LE_3"
PART 10 "J_Wrist_LE"
PART 11 "J_Thumb_LE_0"
PART 12 "J_Thumb_LE_1"
PART 13 "J_Thumb_LE_2"
PART 14 "J_Thumb_LE_3"
PART 15 "J_PinkyPalm_LE"
PART 16 "J_Pinky_LE_0"
PART 17 "J_Pinky_LE_1"
PART 18 "J_Pinky_LE_2"
PART 19 "J_Pinky_LE_3"
PART 20 "J_RingPalm_LE"
PART 21 "J_Ring_LE_0"
PART 22 "J_Ring_LE_1"
PART 23 "J_Ring_LE_2"
PART 24 "J_Ring_LE_3"
PART 25 "J_Webbing_LE"
PART 26 "J_Index_LE_0"
PART 27 "J_Index_LE_1"
PART 28 "J_Index_LE_2"
PART 29 "J_Index_LE_3"
PART 30 "J_Mid_LE_0"
PART 31 "J_Mid_LE_1"
PART 32 "J_Mid_LE_2"
PART 33 "J_Mid_LE_3"
PART 34 "tag_knife_attach"
PART 35 "tag_weapon"
PART 36 "J_Gun"
PART 37 "J_bolt"
PART 38 "TAG_CLIP"
PART 39 "TAG_FLASH"
PART 40 "TAG_BOUNCING_GRENADE_LAUNCHER"
PART 41 "J_BOUNCING_TRIGGER"
PART 42 "J_BOUNCING_GRENADE_AMMO"
PART 43 "J_BOUNCING_GRENADE_TIP"
PART 44 "J_Shoulder_RI"
PART 45 "J_Elbow_RI"
PART 46 "J_WristTwist_RI"
PART 47 "J_Sleave_Reshape_Top_RI_3"
PART 48 "J_Sleave_Reshape_Top_RI_2"
PART 49 "J_Sleave_Reshape_Top_RI_1"
PART 50 "J_Wrist_RI"
PART 51 "J_Thumb_RI_0"
PART 52 "J_Thumb_RI_1"
PART 53 "J_Thumb_RI_2"
PART 54 "J_Thumb_RI_3"
PART 55 "J_PinkyPalm_RI"
PART 56 "J_Pinky_RI_0"
PART 57 "J_Pinky_RI_1"
PART 58 "J_Pinky_RI_2"
PART 59 "J_Pinky_RI_3"
PART 60 "J_RingPalm_RI"
PART 61 "J_Ring_RI_0"
PART 62 "J_Ring_RI_1"
PART 63 "J_Ring_RI_2"
PART 64 "J_Ring_RI_3"
PART 65 "J_Webbing_RI"
PART 66 "J_Index_RI_0"
PART 67 "J_Index_RI_1"
PART 68 "J_Index_RI_2"
PART 69 "J_Index_RI_3"
PART 70 "J_Mid_RI_0"
PART 71 "J_Mid_RI_1"
PART 72 "J_Mid_RI_2"
PART 73 "J_Mid_RI_3"
PART 74 "tag_cambone"
PART 75 "tag_camera"
PART 76 "tag_gasmask"

FRAMERATE 30
NUMFRAMES 119

FRAME 1680
PART 0
OFFSET -4.6318 -0.0000 -1.3770
X  1.0000 -0.0000  0.0000
Y  0.0000  1.0000  0.0000
Z  0.0000 -0.0000  1.0000

PART 1
OFFSET -4.6318 -0.0000 -1.3770
X  1.0000 -0.0000  0.0000
Y  0.0000  1.0000  0.0000
Z  0.0000 -0.0000  1.0000

PART 2
OFFSET -3.5060  6.3408 -6.7125
X  0.8529 -0.1780 -0.4908
Y -0.0919 -0.9766  0.1945
Z -0.5140 -0.1207 -0.8493

PART 3
OFFSET  6.8085  4.1878 -12.6486
X  0.7091 -0.4323  0.5570
Y -0.6171  0.0017  0.7869
Z -0.3411 -0.9017 -0.2656

PART 4
OFFSET  12.8398  0.5110 -7.9108
X  0.7091 -0.4323  0.5570
Y -0.7024 -0.3641  0.6116
Z -0.0615 -0.8249 -0.5619

PART 5
OFFSET  14.9196  1.5095 -7.2770
X  0.7137 -0.4299  0.5531
Y  0.3480  0.9028  0.2527
Z -0.6079  0.0121  0.7939

PART 6
OFFSET  14.0847 -0.5879 -8.5278
X  0.7137 -0.4299  0.5531
Y  0.3480  0.9028  0.2527
Z -0.6079  0.0121  0.7939

PART 7
OFFSET  13.7864  0.9457 -5.3316
X  0.7137 -0.4299  0.5531
Y  0.3480  0.9028  0.2527
Z -0.6079  0.0121  0.7939

PART 8
OFFSET  12.9242 -0.6258 -5.6295
X  0.7137 -0.4299  0.5531
Y  0.3480  0.9028  0.2527
Z -0.6079  0.0121  0.7939

PART 9
OFFSET  12.5922 -1.4971 -6.5677
X  0.7137 -0.4299  0.5531
Y  0.3480  0.9028  0.2527
Z -0.6079  0.0121  0.7939

PART 10
OFFSET  15.0137 -0.8142 -6.2031
X  0.9269 -0.1157  0.3570
Y -0.3719 -0.4105  0.8326
Z  0.0502 -0.9045 -0.4235

PART 11
OFFSET  15.0924 -1.6338 -5.4129
X  0.5874 -0.7264  0.3567
Y -0.6200 -0.1206  0.7753
Z -0.5202 -0.6766 -0.5212

PART 12
OFFSET  16.2692 -3.2510 -4.5947
X  0.9802 -0.1047 -0.1683
Y  0.0441 -0.7128  0.7000
Z -0.1933 -0.6936 -0.6940

PART 13
OFFSET  17.8272 -3.4552 -4.9859
X  0.4124  0.3954 -0.8207
Y  0.8200 -0.5536  0.1454
Z -0.3969 -0.7329 -0.5526

PART 14
OFFSET  18.2690 -3.0705 -5.8963
X  0.7284  0.6486 -0.2209
Y -0.1821  0.4941  0.8501
Z  0.6606 -0.5790  0.4780

PART 15
OFFSET  16.2064 -0.6554 -6.8781
X  0.9914 -0.0102 -0.1304
Y -0.0424 -0.9683 -0.2461
Z -0.1237  0.2495 -0.9604

PART 16
OFFSET  18.4468 -0.8335 -7.0613
X  0.4215 -0.9015 -0.0983
Y -0.8934 -0.4314  0.1257
Z -0.1557  0.0348 -0.9872

PART 17
OFFSET  19.0435 -2.1098 -7.2005
X -0.8685 -0.4859  0.0983
Y -0.4828  0.8740  0.0546
Z -0.1124 -0.0001 -0.9937

PART 18
OFFSET  18.2735 -2.5406 -7.1133
X -0.9905  0.0074  0.1373
Y  0.0159  0.9980  0.0610
Z -0.1366  0.0626 -0.9887

PART 19
OFFSET  17.3325 -2.5336 -6.9829
X  0.7673 -0.6412 -0.0003
Y  0.6322  0.7566 -0.1672
Z  0.1075  0.1281  0.9859

PART 20
OFFSET  16.1561 -0.8273 -6.1871
X  0.9966  0.0105  0.0815
Y  0.0475 -0.8831 -0.4668
Z  0.0671  0.4691 -0.8806

PART 21
OFFSET  18.7534 -0.8763 -6.0871
X  0.4628 -0.8607 -0.2121
Y -0.8755 -0.4813  0.0431
Z -0.1392  0.1658 -0.9763

PART 22
OFFSET  19.5413 -2.3417 -6.4482
X -0.8552 -0.5177  0.0267
Y -0.5046  0.8431  0.1860
Z -0.1188  0.1456 -0.9822

PART 23
OFFSET  18.3561 -3.0592 -6.4112
X -0.8834  0.4371  0.1690
Y  0.4546  0.8869  0.0825
Z -0.1139  0.1497 -0.9822

PART 24
OFFSET  17.3980 -2.5851 -6.2279
X  0.4585 -0.8574 -0.2339
Y  0.8832  0.4688  0.0128
Z  0.0987 -0.2125  0.9722

PART 25
OFFSET  17.3075 -2.3074 -4.0076
X  0.9580 -0.2810  0.0571
Y  0.2068  0.8151  0.5411
Z -0.1986 -0.5066  0.8390

PART 26
OFFSET  18.3263 -1.2385 -4.0267
X  0.9929 -0.1191  0.0022
Y -0.1006 -0.8479 -0.5205
Z  0.0638  0.5166 -0.8539

PART 27
OFFSET  20.0744 -1.4481 -4.0228
X  0.8955 -0.3721 -0.2441
Y -0.4446 -0.7235 -0.5281
Z  0.0199  0.5814 -0.8134

PART 28
OFFSET  21.1619 -1.9358 -4.2702
X  0.7054 -0.6441 -0.2958
Y -0.6989 -0.5628 -0.4413
Z  0.1177  0.5180 -0.8472

PART 29
OFFSET  21.9586 -2.6634 -4.6043
X  0.4344  0.8635  0.2563
Y -0.8913  0.3710  0.2609
Z  0.1301 -0.3418  0.9307

PART 30
OFFSET  18.6399 -0.9431 -5.0439
X  0.5699 -0.7469 -0.3426
Y -0.7999 -0.5997 -0.0231
Z -0.1882  0.2872 -0.9392

PART 31
OFFSET  19.7532 -2.4022 -5.7132
X -0.8333 -0.5525  0.0192
Y -0.5037  0.7731  0.3854
Z -0.2278  0.3115 -0.9226

PART 32
OFFSET  18.5361 -3.2092 -5.6852
X -0.9074  0.2579  0.3318
Y  0.3529  0.8963  0.2685
Z -0.2281  0.3607 -0.9043

PART 33
OFFSET  17.5065 -2.9152 -5.3160
X  0.4850 -0.7933 -0.3681
Y  0.8348  0.5454 -0.0755
Z  0.2606 -0.2707  0.9267

PART 34
OFFSET  17.8037 -2.2851 -6.3292
X  0.0185  0.4248 -0.9051
Y -0.0502  0.9045  0.4235
Z  0.9986  0.0376  0.0381

PART 35
OFFSET  8.3599 -2.5687 -5.1035
X  0.9910  0.0000  0.1335
Y -0.0271  0.9791  0.2014
Z -0.1307 -0.2032  0.9704

PART 36
OFFSET  8.3599 -2.5687 -5.1035
X  0.9910  0.0000  0.1335
Y -0.0271  0.9791  0.2014
Z -0.1307 -0.2032  0.9704

PART 37
OFFSET  13.3125 -3.3236 -2.1650
X  0.9882 -0.0042  0.1533
Y -0.0271  0.9791  0.2014
Z -0.1509 -0.2032  0.9674

PART 38
OFFSET  12.4971 -2.6107 -4.2674
X  0.9910  0.0000  0.1335
Y -0.0271  0.9791  0.2014
Z -0.1307 -0.2032  0.9704

PART 39
OFFSET  28.4576 -2.3319 -3.4694
X  0.9910  0.0000  0.1335
Y -0.0271  0.9791  0.2014
Z -0.1307 -0.2032  0.9704

PART 40
OFFSET  0.6269 -1.7957 -9.9029
X  0.9910  0.0000  0.1335
Y -0.0271  0.9791  0.2014
Z -0.1307 -0.2032  0.9704

PART 41
OFFSET  20.7975 -2.3646 -4.4072
X  0.9910  0.0000  0.1335
Y -0.0271  0.9791  0.2014
Z -0.1307 -0.2032  0.9704

PART 42
OFFSET  23.4909 -2.3397 -4.1788
X  0.9910  0.0000  0.1335
Y -0.0271  0.9791  0.2014
Z -0.1307 -0.2032  0.9704

PART 43
OFFSET  27.8557 -2.3397 -3.5908
X  0.9910  0.0000  0.1335
Y -0.0271  0.9791  0.2014
Z -0.1307 -0.2032  0.9704

PART 44
OFFSET -17.6076 -4.8127 -7.0611
X -0.8904  0.0424  0.4533
Y -0.1780 -0.9488 -0.2608
Z  0.4190 -0.3129  0.8524

PART 45
OFFSET -6.8396 -5.3253 -12.5429
X -0.9306 -0.1312 -0.3417
Y  0.3610 -0.1748 -0.9161
Z  0.0605 -0.9758  0.2101

PART 46
OFFSET  1.0757 -4.2092 -9.6370
X -0.9306 -0.1312 -0.3417
Y  0.3464 -0.0142 -0.9380
Z  0.1182 -0.9913  0.0587

PART 47
OFFSET  2.0963 -2.7333 -8.7739
X -0.9329 -0.1273 -0.3369
Y -0.0629  0.9787 -0.1954
Z  0.3546 -0.1611 -0.9210

PART 48
OFFSET  2.1630 -3.2055 -7.6512
X -0.9329 -0.1273 -0.3369
Y -0.0629  0.9787 -0.1954
Z  0.3546 -0.1611 -0.9210

PART 49
OFFSET  2.3886 -4.5424 -7.4633
X -0.9329 -0.1273 -0.3369
Y -0.0629  0.9787 -0.1954
Z  0.3546 -0.1611 -0.9210

PART 50
OFFSET  3.9287 -3.8069 -8.5896
X -0.9079 -0.0856 -0.4103
Y  0.4104  0.0177 -0.9117
Z  0.0853 -0.9962  0.0191

PART 51
OFFSET  3.9061 -3.3765 -7.5330
X -0.4052 -0.5545 -0.7269
Y  0.6709  0.3598 -0.6484
Z  0.6211 -0.7504  0.2262

PART 52
OFFSET  4.6790 -2.1741 -5.9123
X -0.9183 -0.3923  0.0540
Y  0.0671 -0.2885 -0.9551
Z  0.3902 -0.8734  0.2913

PART 53
OFFSET  6.1217 -1.4602 -6.0890
X -0.6387 -0.1928  0.7449
Y -0.5768 -0.5207 -0.6294
Z  0.5092 -0.8317  0.2214

PART 54
OFFSET  6.7989 -1.2048 -6.8940
X -0.9175  0.2846  0.2780
Y  0.1547  0.8989 -0.4099
Z -0.3665 -0.3331 -0.8687

PART 55
OFFSET  5.1192 -3.5143 -9.2226
X -0.9485 -0.3133  0.0466
Y  0.3158 -0.9468  0.0623
Z  0.0246  0.0738  0.9970

PART 56
OFFSET  7.2152 -2.6836 -9.1898
X -0.0874 -0.9851 -0.1480
Y  0.9807 -0.0590 -0.1865
Z  0.1750 -0.1615  0.9712

PART 57
OFFSET  7.3390 -1.2889 -8.9802
X  0.8095 -0.5364 -0.2387
Y  0.5685  0.8176  0.0910
Z  0.1463 -0.2093  0.9668

PART 58
OFFSET  6.6212 -0.8133 -8.7686
X  0.9278  0.3553 -0.1139
Y -0.3286  0.9227  0.2014
Z  0.1767 -0.1495  0.9729

PART 59
OFFSET  5.7398 -1.1509 -8.6604
X -0.5289 -0.8294 -0.1800
Y -0.8228  0.4491  0.3483
Z -0.2080  0.3323 -0.9199

PART 60
OFFSET  5.0580 -3.6463 -8.5237
X -0.9588 -0.2467 -0.1408
Y  0.2368 -0.9680  0.0836
Z -0.1569  0.0468  0.9865

PART 61
OFFSET  7.5750 -3.0343 -8.3029
X -0.1291 -0.9910 -0.0365
Y  0.9745 -0.1199 -0.1896
Z  0.1835 -0.0601  0.9812

PART 62
OFFSET  7.7948 -1.3472 -8.2407
X  0.9149 -0.3555 -0.1910
Y  0.3652  0.9308  0.0170
Z  0.1718 -0.0853  0.9814

PART 63
OFFSET  6.5268 -0.8545 -7.9759
X  0.8513  0.5150 -0.1000
Y -0.4977  0.8531  0.1566
Z  0.1660 -0.0835  0.9826

PART 64
OFFSET  5.6034 -1.4130 -7.8674
X -0.4051 -0.9134  0.0408
Y -0.9023  0.4066  0.1432
Z -0.1474  0.0212 -0.9888

PART 65
OFFSET -0.1513 -4.7120 -9.5161
X -0.9099 -0.3609 -0.2044
Y -0.3293  0.9282 -0.1731
Z  0.2522 -0.0902 -0.9635

PART 66
OFFSET  7.1886 -3.8570 -6.2961
X -0.9568  0.0178 -0.2903
Y  0.0117 -0.9950 -0.0996
Z -0.2906 -0.0987  0.9517

PART 67
OFFSET  8.8732 -3.8883 -5.7849
X -0.3497 -0.9250 -0.1482
Y  0.8920 -0.3772  0.2493
Z -0.2865 -0.0450  0.9570

PART 68
OFFSET  9.2809 -2.7665 -5.5466
X  0.0632 -0.9927 -0.1029
Y  0.9543  0.0299  0.2973
Z -0.2921 -0.1170  0.9492

PART 69
OFFSET  9.2095 -1.6453 -5.4304
X -0.9642  0.2632  0.0321
Y  0.2647  0.9625  0.0592
Z -0.0153  0.0656 -0.9977

PART 70
OFFSET  7.5217 -3.6683 -7.3324
X -0.2629 -0.9647 -0.0159
Y  0.9648 -0.2631  0.0065
Z -0.0105 -0.0136  0.9999

PART 71
OFFSET  8.0354 -1.7837 -7.3014
X  0.8367 -0.5477 -0.0029
Y  0.5475  0.8364 -0.0256
Z  0.0165  0.0198  0.9997

PART 72
OFFSET  6.8133 -0.9837 -7.2971
X  0.9004  0.4315 -0.0546
Y -0.4344  0.8987 -0.0605
Z  0.0230  0.0782  0.9967

PART 73
OFFSET  5.7931 -1.4724 -7.2423
X -0.4145 -0.9099  0.0168
Y -0.9078  0.4147  0.0632
Z -0.0645  0.0109 -0.9979

PART 74
OFFSET  0.0000 -0.0000 -0.0000
X  1.0000 -0.0000  0.0000
Y  0.0000  1.0000  0.0000
Z  0.0000 -0.0000  1.0000

PART 75
OFFSET  0.0000 -0.0000 -0.0000
X  1.0000 -0.0000  0.0000
Y  0.0000  1.0000  0.0000
Z  0.0000 -0.0000  1.0000

PART 76
OFFSET  1.5404 -0.0000  4.1357
X  1.0000 -0.0000  0.0000
Y  0.0000  1.0000  0.0000
Z  0.0000 -0.0000  1.0000


FRAME 1681
PART 0
OFFSET -4.6318 -0.0000 -1.3770
X  1.0000 -0.0000  0.0000
Y  0.0000  1.0000  0.0000
Z  0.0000 -0.0000  1.0000

PART 1
OFFSET -4.6318 -0.0000 -1.3770
X  1.0000 -0.0000  0.0000
Y  0.0000  1.0000  0.0000
Z  0.0000 -0.0000  1.0000

PART 2
OFFSET -3.5060  6.3408 -6.7125
X  0.8568 -0.1768 -0.4844
Y -0.0984 -0.9782  0.1830
Z -0.5062 -0.1091 -0.8555

PART 3
OFFSET  6.8560  4.2024 -12.5707
X  0.7073 -0.4416  0.5520
Y -0.6183 -0.0079  0.7859
Z -0.3427 -0.8972 -0.2786

PART 4
OFFSET  12.8722  0.4466 -7.8759
X  0.7073 -0.4416  0.5520
Y -0.7032 -0.3597  0.6133
Z -0.0723 -0.8220 -0.5650

PART 5
OFFSET  14.9533  1.4315 -7.2252
X  0.7119 -0.4391  0.5481
Y  0.3496  0.8984  0.2657
Z -0.6091  0.0024  0.7931

PART 6
OFFSET  14.1156 -0.6463 -8.5063
X  0.7119 -0.4391  0.5481
Y  0.3496  0.8984  0.2657
Z -0.6091  0.0024  0.7931

PART 7
OFFSET  13.8160  0.8433 -5.2896
X  0.7119 -0.4391  0.5481
Y  0.3496  0.8984  0.2657
Z -0.6091  0.0024  0.7931

PART 8
OFFSET  12.9508 -0.7220 -5.6106
X  0.7119 -0.4391  0.5481
Y  0.3496  0.8984  0.2657
Z -0.6091  0.0024  0.7931

PART 9
OFFSET  12.6183 -1.5794 -6.5613
X  0.7119 -0.4391  0.5481
Y  0.3496  0.8984  0.2657
Z -0.6091  0.0024  0.7931

PART 10
OFFSET  15.0407 -0.9071 -6.1837
X  0.9241 -0.1240  0.3614
Y -0.3795 -0.4064  0.8311
Z  0.0438 -0.9053 -0.4226

PART 11
OFFSET  15.1082 -1.7267 -5.3926
X  0.5790 -0.7315  0.3600
Y -0.6246 -0.1143  0.7725
Z -0.5240 -0.6722 -0.5231

PART 12
OFFSET  16.2662 -3.3541 -4.5678
X  0.9799 -0.1139 -0.1637
Y  0.0342 -0.7126  0.7007
Z -0.1964 -0.6923 -0.6944

PART 13
OFFSET  17.8241 -3.5729 -4.9516
X  0.4199  0.3910 -0.8191
Y  0.8142 -0.5610  0.1496
Z -0.4010 -0.7297 -0.5539

PART 14
OFFSET  18.2736 -3.1931 -5.8601
X  0.7353  0.6417 -0.2180
Y -0.1815  0.4964  0.8489
Z  0.6530 -0.5847  0.4815

PART 15
OFFSET  16.2380 -0.7598 -6.8533
X  0.9919 -0.0195 -0.1258
Y -0.0501 -0.9681 -0.2456
Z -0.1170  0.2499 -0.9612

PART 16
OFFSET  18.4774 -0.9587 -7.0259
X  0.4136 -0.9054 -0.0957
Y -0.8979 -0.4230  0.1218
Z -0.1508  0.0355 -0.9879

PART 17
OFFSET  19.0630 -2.2406 -7.1614
X -0.8734 -0.4778  0.0946
Y -0.4750  0.8785  0.0517
Z -0.1078  0.0002 -0.9942

PART 18
OFFSET  18.2886 -2.6642 -7.0775
X -0.9910  0.0167  0.1327
Y  0.0249  0.9979  0.0604
Z -0.1314  0.0631 -0.9893

PART 19
OFFSET  17.3471 -2.6483 -6.9515
X  0.7614 -0.6483  0.0037
Y  0.6399  0.7506 -0.1648
Z  0.1041  0.1279  0.9863

PART 20
OFFSET  16.1829 -0.9307 -6.1624
X  0.9963  0.0014  0.0861
Y  0.0415 -0.8838 -0.4660
Z  0.0755  0.4678 -0.8806

PART 21
OFFSET  18.7791 -1.0036 -6.0502
X  0.4558 -0.8651 -0.2094
Y -0.8801 -0.4732  0.0394
Z -0.1331  0.1663 -0.9770

PART 22
OFFSET  19.5551 -2.4765 -6.4066
X -0.8600 -0.5097  0.0231
Y -0.4976  0.8479  0.1831
Z -0.1129  0.1459 -0.9828

PART 23
OFFSET  18.3632 -3.1829 -6.3747
X -0.8801  0.4453  0.1646
Y  0.4624  0.8827  0.0839
Z -0.1079  0.1500 -0.9828

PART 24
OFFSET  17.4087 -2.6999 -6.1961
X  0.4516 -0.8617 -0.2312
Y  0.8874  0.4607  0.0166
Z  0.0922 -0.2126  0.9728

PART 25
OFFSET  17.3104 -2.4197 -3.9765
X  0.9551 -0.2898  0.0618
Y  0.2118  0.8136  0.5415
Z -0.2072 -0.5041  0.8384

PART 26
OFFSET  18.3391 -1.3602 -3.9916
X  0.9917 -0.1282  0.0069
Y -0.1060 -0.8474 -0.5203
Z  0.0726  0.5153 -0.8539

PART 27
OFFSET  20.0852 -1.5860 -3.9795
X  0.8932 -0.3806 -0.2397
Y -0.4488 -0.7198 -0.5296
Z  0.0290  0.5806 -0.8137

PART 28
OFFSET  21.1692 -2.0839 -4.2214
X  0.7008 -0.6508 -0.2921
Y -0.7020 -0.5567 -0.4441
Z  0.1264  0.5163 -0.8470

PART 29
OFFSET  21.9608 -2.8190 -4.5513
X  0.4412  0.8596  0.2577
Y -0.8890  0.3794  0.2564
Z  0.1227 -0.3423  0.9316

PART 30
OFFSET  18.6602 -1.0685 -5.0076
X  0.5646 -0.7524 -0.3394
Y -0.8053 -0.5923 -0.0264
Z -0.1812  0.2882 -0.9403

PART 31
OFFSET  19.7631 -2.5383 -5.6706
X -0.8384 -0.5448  0.0157
Y -0.4984  0.7780  0.3825
Z -0.2206  0.3129 -0.9238

PART 32
OFFSET  18.5384 -3.3340 -5.6477
X -0.9065  0.2665  0.3274
Y  0.3599  0.8932  0.2695
Z -0.2206  0.3621 -0.9056

PART 33
OFFSET  17.5099 -3.0302 -5.2835
X  0.4793 -0.7980 -0.3653
Y  0.8401  0.5376 -0.0720
Z  0.2538 -0.2724  0.9281

PART 34
OFFSET  17.8175 -2.4037 -6.2958
X  0.0266  0.4239 -0.9053
Y -0.0438  0.9053  0.4226
Z  0.9987  0.0284  0.0427

PART 35
OFFSET  8.3660 -2.5993 -5.1138
X  0.9904 -0.0090  0.1381
Y -0.0190  0.9795  0.2006
Z -0.1371 -0.2013  0.9699

PART 36
OFFSET  8.3660 -2.5993 -5.1138
X  0.9904 -0.0090  0.1381
Y -0.0190  0.9795  0.2006
Z -0.1371 -0.2013  0.9699

PART 37
OFFSET  13.2978 -3.3976 -2.1518
X  0.9874 -0.0131  0.1579
Y -0.0190  0.9795  0.2006
Z -0.1573 -0.2010  0.9669

PART 38
OFFSET  12.4987 -2.6789 -4.2585
X  0.9904 -0.0090  0.1381
Y -0.0190  0.9795  0.2006
Z -0.1371 -0.2013  0.9699

PART 39
OFFSET  28.4572 -2.5465 -3.3863
X  0.9904 -0.0090  0.1381
Y -0.0190  0.9795  0.2006
Z -0.1371 -0.2013  0.9699

PART 40
OFFSET  0.6629 -1.7588 -9.9497
X  0.9904 -0.0090  0.1381
Y -0.0190  0.9795  0.2006
Z -0.1371 -0.2013  0.9699

PART 41
OFFSET  20.8016 -2.5093 -4.3598
X  0.9904 -0.0090  0.1381
Y -0.0190  0.9795  0.2006
Z -0.1371 -0.2013  0.9699

PART 42
OFFSET  23.4940 -2.5091 -4.1189
X  0.9904 -0.0090  0.1381
Y -0.0190  0.9795  0.2006
Z -0.1371 -0.2013  0.9699

PART 43
OFFSET  27.8558 -2.5488 -3.5106
X  0.9904 -0.0090  0.1381
Y -0.0190  0.9795  0.2006
Z -0.1371 -0.2013  0.9699

PART 44
OFFSET -17.4689 -4.8127 -7.0159
X -0.8836  0.0528  0.4653
Y -0.1821 -0.9541 -0.2376
Z  0.4314 -0.2947  0.8527

PART 45
OFFSET -6.7829 -5.4512 -12.6429
X -0.9267 -0.1428 -0.3477
Y  0.3705 -0.1914 -0.9089
Z  0.0632 -0.9711  0.2302

PART 46
OFFSET  1.0989 -4.2370 -9.6856
X -0.9267 -0.1428 -0.3477
Y  0.3538 -0.0192 -0.9351
Z  0.1268 -0.9896  0.0683

PART 47
OFFSET  2.1041 -2.7389 -8.8428
X -0.9290 -0.1387 -0.3430
Y -0.0658  0.9742 -0.2157
Z  0.3641 -0.1778 -0.9142

PART 48
OFFSET  2.1623 -3.1881 -7.7103
X -0.9290 -0.1387 -0.3430
Y -0.0658  0.9742 -0.2157
Z  0.3641 -0.1778 -0.9142

PART 49
OFFSET  2.3926 -4.5198 -7.4933
X -0.9290 -0.1387 -0.3430
Y -0.0658  0.9742 -0.2157
Z  0.3641 -0.1778 -0.9142

PART 50
OFFSET  3.9398 -3.7993 -8.6197
X -0.9068 -0.0775 -0.4145
Y  0.4148  0.0132 -0.9098
Z  0.0760 -0.9969  0.0202

PART 51
OFFSET  3.9163 -3.3679 -7.5635
X -0.4069 -0.5513 -0.7284
Y  0.6772  0.3531 -0.6456
Z  0.6131 -0.7559  0.2296

PART 52
OFFSET  4.6926 -2.1715 -5.9401
X -0.9221 -0.3838  0.0500
Y  0.0689 -0.2898 -0.9546
Z  0.3808 -0.8768  0.2937

PART 53
OFFSET  6.1427 -1.4710 -6.1106
X -0.6439 -0.1863  0.7420
Y -0.5787 -0.5158 -0.6317
Z  0.5005 -0.8362  0.2244

PART 54
OFFSET  6.8260 -1.2225 -6.9126
X -0.9161  0.2933  0.2735
Y  0.1649  0.8971 -0.4099
Z -0.3656 -0.3304 -0.8702

PART 55
OFFSET  5.1359 -3.5182 -9.2473
X -0.9516 -0.3045  0.0425
Y  0.3067 -0.9496  0.0645
Z  0.0207  0.0744  0.9970

PART 56
OFFSET  7.2393 -2.7068 -9.2053
X -0.0958 -0.9844 -0.1477
Y  0.9809 -0.0682 -0.1819
Z  0.1690 -0.1623  0.9722

PART 57
OFFSET  7.3750 -1.3131 -8.9962
X  0.8056 -0.5440 -0.2345
Y  0.5756  0.8124  0.0930
Z  0.1399 -0.2099  0.9677

PART 58
OFFSET  6.6606 -0.8308 -8.7883
X  0.9315  0.3467 -0.1098
Y -0.3211  0.9259  0.1992
Z  0.1708 -0.1503  0.9738

PART 59
OFFSET  5.7756 -1.1601 -8.6839
X -0.5356 -0.8246 -0.1819
Y -0.8203  0.4569  0.3441
Z -0.2007  0.3335 -0.9211

PART 60
OFFSET  5.0703 -3.6491 -8.5486
X -0.9604 -0.2380 -0.1451
Y  0.2274 -0.9700  0.0854
Z -0.1611  0.0490  0.9857

PART 61
OFFSET  7.5917 -3.0602 -8.3165
X -0.1380 -0.9898 -0.0364
Y  0.9742 -0.1291 -0.1850
Z  0.1784 -0.0610  0.9821

PART 62
OFFSET  7.8268 -1.3751 -8.2545
X  0.9125 -0.3641 -0.1865
Y  0.3737  0.9274  0.0180
Z  0.1664 -0.0861  0.9823

PART 63
OFFSET  6.5621 -0.8705 -7.9960
X  0.8565  0.5070 -0.0964
Y -0.4905  0.8578  0.1536
Z  0.1606 -0.0843  0.9834

PART 64
OFFSET  5.6332 -1.4204 -7.8914
X -0.4137 -0.9096  0.0396
Y -0.8992  0.4150  0.1387
Z -0.1426  0.0218 -0.9895

PART 65
OFFSET -0.1440 -4.6675 -9.5645
X -0.9122 -0.3527 -0.2084
Y -0.3199  0.9311 -0.1753
Z  0.2559 -0.0932 -0.9622

PART 66
OFFSET  7.1884 -3.8777 -6.3109
X -0.9552  0.0264 -0.2948
Y  0.0030 -0.9951 -0.0988
Z -0.2960 -0.0953  0.9504

PART 67
OFFSET  8.8702 -3.9242 -5.7919
X -0.3576 -0.9219 -0.1492
Y  0.8873 -0.3852  0.2537
Z -0.2914 -0.0416  0.9557

PART 68
OFFSET  9.2872 -2.8060 -5.5525
X  0.0545 -0.9933 -0.1019
Y  0.9532  0.0214  0.3017
Z -0.2975 -0.1136  0.9479

PART 69
OFFSET  9.2256 -1.6840 -5.4374
X -0.9619  0.2721  0.0274
Y  0.2733  0.9601  0.0597
Z -0.0101  0.0650 -0.9978

PART 70
OFFSET  7.5281 -3.6929 -7.3458
X -0.2717 -0.9622 -0.0164
Y  0.9622 -0.2719  0.0112
Z -0.0153 -0.0127  0.9998

PART 71
OFFSET  8.0589 -1.8131 -7.3138
X  0.8316 -0.5554  0.0014
Y  0.5553  0.8313 -0.0237
Z  0.0120  0.0204  0.9997

PART 72
OFFSET  6.8443 -1.0018 -7.3158
X  0.9046  0.4232 -0.0507
Y -0.4258  0.9026 -0.0632
Z  0.0191  0.0788  0.9967

PART 73
OFFSET  5.8193 -1.4811 -7.2654
X -0.4229 -0.9060  0.0156
Y -0.9042  0.4231  0.0587
Z -0.0597  0.0107 -0.9982

PART 74
OFFSET  0.0000 -0.0000 -0.0000
X  1.0000 -0.0000  0.0000
Y  0.0000  1.0000  0.0000
Z  0.0000 -0.0000  1.0000

PART 75
OFFSET -0.0000 -0.0000 -0.0000
X  1.0000 -0.0027  0.0003
Y  0.0027  1.0000  0.0030
Z -0.0003 -0.0030  1.0000

PART 76
OFFSET  1.5393 -0.0166  4.1361
X  1.0000 -0.0027  0.0003
Y  0.0027  1.0000  0.0030
Z -0.0003 -0.0030  1.0000


FRAME 1682
PART 0
OFFSET -4.6318 -0.0000 -1.3770
X  1.0000 -0.0000  0.0000
Y  0.0000  1.0000  0.0000
Z  0.0000 -0.0000  1.0000

PART 1
OFFSET -4.6318 -0.0000 -1.3770
X  1.0000 -0.0000  0.0000
Y  0.0000  1.0000  0.0000
Z  0.0000 -0.0000  1.0000

PART 2
OFFSET -3.5060  6.3408 -6.7125
X  0.8672 -0.1739 -0.4666
Y -0.1150 -0.9816  0.1522
Z -0.4845 -0.0783 -0.8713

PART 3
OFFSET  6.9816  4.2374 -12.3559
X  0.7026 -0.4654  0.5383
Y -0.6219 -0.0338  0.7824
Z -0.3459 -0.8845 -0.3132

PART 4
OFFSET  12.9574  0.2791 -7.7772
X  0.7026 -0.4654  0.5383
Y -0.7046 -0.3489  0.6180
Z -0.0998 -0.8135 -0.5730

PART 5
OFFSET  15.0404  1.2285 -7.0814
X  0.7072 -0.4628  0.5345
Y  0.3529  0.8861  0.3004
Z -0.6127 -0.0238  0.7900

PART 6
OFFSET  14.1981 -0.7962 -8.4423
X  0.7072 -0.4628  0.5345
Y  0.3529  0.8861  0.3004
Z -0.6127 -0.0238  0.7900

PART 7
OFFSET  13.8913  0.5748 -5.1738
X  0.7072 -0.4628  0.5345
Y  0.3529  0.8861  0.3004
Z -0.6127 -0.0238  0.7900

PART 8
OFFSET  13.0196 -0.9730 -5.5564
X  0.7072 -0.4628  0.5345
Y  0.3529  0.8861  0.3004
Z -0.6127 -0.0238  0.7900

PART 9
OFFSET  12.6872 -1.7928 -6.5396
X  0.7072 -0.4628  0.5345
Y  0.3529  0.8861  0.3004
Z -0.6127 -0.0238  0.7900

PART 10
OFFSET  15.1112 -1.1476 -6.1268
X  0.9162 -0.1458  0.3732
Y -0.3997 -0.3959  0.8267
Z  0.0272 -0.9067 -0.4210

PART 11
OFFSET  15.1488 -1.9675 -5.3340
X  0.5565 -0.7448  0.3681
Y -0.6369 -0.0980  0.7647
Z -0.5335 -0.6600 -0.5290

PART 12
OFFSET  16.2565 -3.6213 -4.4929
X  0.9789 -0.1378 -0.1512
Y  0.0081 -0.7122  0.7019
Z -0.2044 -0.6883 -0.6960

PART 13
OFFSET  17.8133 -3.8784 -4.8567
X  0.4395  0.3795 -0.8141
Y  0.7984 -0.5804  0.1605
Z -0.4116 -0.7205 -0.5581

PART 14
OFFSET  18.2834 -3.5109 -5.7599
X  0.7534  0.6234 -0.2094
Y -0.1801  0.5019  0.8460
Z  0.6325 -0.5996  0.4903

PART 15
OFFSET  16.3201 -1.0304 -6.7814
X  0.9926 -0.0437 -0.1132
Y -0.0705 -0.9669 -0.2451
Z -0.0987  0.2513 -0.9629

PART 16
OFFSET  18.5560 -1.2837 -6.9256
X  0.3927 -0.9153 -0.0894
Y -0.9094 -0.4009  0.1110
Z -0.1374  0.0377 -0.9898

PART 17
OFFSET  19.1119 -2.5796 -7.0522
X -0.8858 -0.4563  0.0841
Y -0.4541  0.8898  0.0447
Z -0.0952  0.0014 -0.9955

PART 18
OFFSET  18.3265 -2.9842 -6.9776
X -0.9919  0.0409  0.1201
Y  0.0483  0.9971  0.0596
Z -0.1173  0.0649 -0.9910

PART 19
OFFSET  17.3842 -2.9453 -6.8635
X  0.7453 -0.6666  0.0140
Y  0.6600  0.7346 -0.1576
Z  0.0947  0.1267  0.9874

PART 20
OFFSET  16.2521 -1.1989 -6.0911
X  0.9949 -0.0227  0.0987
Y  0.0259 -0.8852 -0.4644
Z  0.0979  0.4646 -0.8801

PART 21
OFFSET  18.8442 -1.3346 -5.9461
X  0.4372 -0.8762 -0.2026
Y -0.8917 -0.4516  0.0288
Z -0.1167  0.1681 -0.9788

PART 22
OFFSET  19.5886 -2.8263 -6.2910
X -0.8724 -0.4887  0.0128
Y -0.4791  0.8599  0.1758
Z -0.0969  0.1472 -0.9843

PART 23
OFFSET  18.3796 -3.5036 -6.2733
X -0.8710  0.4668  0.1530
Y  0.4826  0.8713  0.0888
Z -0.0919  0.1512 -0.9842

PART 24
OFFSET  17.4349 -2.9974 -6.1074
X  0.4335 -0.8728 -0.2245
Y  0.8981  0.4390  0.0273
Z  0.0748 -0.2134  0.9741

PART 25
OFFSET  17.3156 -2.7117 -3.8894
X  0.9469 -0.3128  0.0742
Y  0.2247  0.8090  0.5432
Z -0.2299 -0.4978  0.8363

PART 26
OFFSET  18.3698 -1.6775 -3.8928
X  0.9881 -0.1522  0.0195
Y -0.1199 -0.8453 -0.5207
Z  0.0958  0.5122 -0.8535

PART 27
OFFSET  20.1096 -1.9455 -3.8584
X  0.8866 -0.4025 -0.2280
Y -0.4594 -0.7094 -0.5344
Z  0.0534  0.5786 -0.8139

PART 28
OFFSET  21.1842 -2.4699 -4.0860
X  0.6884 -0.6680 -0.2825
Y -0.7097 -0.5401 -0.4523
Z  0.1496  0.5119 -0.8459

PART 29
OFFSET  21.9618 -3.2245 -4.4051
X  0.4586  0.8490  0.2623
Y -0.8827  0.4012  0.2448
Z  0.1026 -0.3438  0.9334

PART 30
OFFSET  18.7106 -1.3951 -4.9050
X  0.5504 -0.7663 -0.3314
Y -0.8190 -0.5727 -0.0359
Z -0.1623  0.2912 -0.9428

PART 31
OFFSET  19.7858 -2.8922 -5.5524
X -0.8515 -0.5243  0.0057
Y -0.4841  0.7904  0.3753
Z -0.2013  0.3168 -0.9269

PART 32
OFFSET  18.5420 -3.6579 -5.5440
X -0.9038  0.2889  0.3156
Y  0.3781  0.8846  0.2730
Z -0.2003  0.3661 -0.9088

PART 33
OFFSET  17.5166 -3.3287 -5.1932
X  0.4644 -0.8099 -0.3583
Y  0.8538  0.5169 -0.0620
Z  0.2354 -0.2771  0.9315

PART 34
OFFSET  17.8521 -2.7113 -6.2022
X  0.0483  0.4219 -0.9054
Y -0.0272  0.9067  0.4210
Z  0.9985  0.0042  0.0553

PART 35
OFFSET  8.3845 -2.6759 -5.1394
X  0.9880 -0.0329  0.1506
Y  0.0022  0.9800  0.1992
Z -0.1541 -0.1965  0.9683

PART 36
OFFSET  8.3845 -2.6759 -5.1394
X  0.9880 -0.0329  0.1506
Y  0.0022  0.9800  0.1992
Z -0.1541 -0.1965  0.9683

PART 37
OFFSET  13.2578 -3.5893 -2.1145
X  0.9847 -0.0369  0.1704
Y  0.0022  0.9800  0.1992
Z -0.1743 -0.1958  0.9650

PART 38
OFFSET  12.5030 -2.8544 -4.2319
X  0.9880 -0.0329  0.1506
Y  0.0022  0.9800  0.1992
Z -0.1541 -0.1965  0.9683

PART 39
OFFSET  28.4478 -3.1081 -3.1585
X  0.9880 -0.0329  0.1506
Y  0.0022  0.9800  0.1992
Z -0.1541 -0.1965  0.9683

PART 40
OFFSET  0.7656 -1.6555 -10.0731
X  0.9880 -0.0329  0.1506
Y  0.0022  0.9800  0.1992
Z -0.1541 -0.1965  0.9683

PART 41
OFFSET  20.8081 -2.8866 -4.2286
X  0.9880 -0.0329  0.1506
Y  0.0022  0.9800  0.1992
Z -0.1541 -0.1965  0.9683

PART 42
OFFSET  23.4965 -2.9513 -3.9537
X  0.9880 -0.0329  0.1506
Y  0.0022  0.9800  0.1992
Z -0.1541 -0.1965  0.9683

PART 43
OFFSET  27.8481 -3.0960 -3.2904
X  0.9880 -0.0329  0.1506
Y  0.0022  0.9800  0.1992
Z -0.1541 -0.1965  0.9683

PART 44
OFFSET -17.0828 -4.8127 -6.8901
X -0.8650  0.0828  0.4949
Y -0.1915 -0.9661 -0.1731
Z  0.4638 -0.2445  0.8515

PART 45
OFFSET -6.6216 -5.8138 -12.8754
X -0.9158 -0.1764 -0.3609
Y  0.3952 -0.2353 -0.8879
Z  0.0717 -0.9558  0.2852

PART 46
OFFSET  1.1675 -4.3138 -9.8059
X -0.9158 -0.1764 -0.3609
Y  0.3718 -0.0323 -0.9277
Z  0.1520 -0.9838  0.0951

PART 47
OFFSET  2.1300 -2.7558 -9.0241
X -0.9183 -0.1721 -0.3565
Y -0.0747  0.9597 -0.2709
Z  0.3888 -0.2221 -0.8942

PART 48
OFFSET  2.1672 -3.1409 -7.8674
X -0.9183 -0.1721 -0.3565
Y -0.0747  0.9597 -0.2709
Z  0.3888 -0.2221 -0.8942

PART 49
OFFSET  2.4115 -4.4548 -7.5715
X -0.9183 -0.1721 -0.3565
Y -0.0747  0.9597 -0.2709
Z  0.3888 -0.2221 -0.8942

PART 50
OFFSET  3.9750 -3.7731 -8.6995
X -0.9031 -0.0561 -0.4258
Y  0.4264  0.0018 -0.9045
Z  0.0515 -0.9984  0.0223

PART 51
OFFSET  3.9486 -3.3397 -7.6442
X -0.4110 -0.5423 -0.7328
Y  0.6936  0.3357 -0.6374
Z  0.5916 -0.7702  0.2382

PART 52
OFFSET  4.7333 -2.1602 -6.0124
X -0.9317 -0.3612  0.0388
Y  0.0739 -0.2928 -0.9533
Z  0.3557 -0.8853  0.2995

PART 53
OFFSET  6.2019 -1.4954 -6.1654
X -0.6576 -0.1696  0.7341
Y -0.5830 -0.5025 -0.6384
Z  0.4771 -0.8478  0.2316

PART 54
OFFSET  6.9011 -1.2647 -6.9590
X -0.9121  0.3158  0.2616
Y  0.1918  0.8923 -0.4088
Z -0.3625 -0.3227 -0.8744

PART 55
OFFSET  5.1853 -3.5219 -9.3123
X -0.9591 -0.2812  0.0308
Y  0.2827 -0.9567  0.0694
Z  0.0099  0.0753  0.9971

PART 56
OFFSET  7.3071 -2.7618 -9.2447
X -0.1178 -0.9820 -0.1478
Y  0.9812 -0.0922 -0.1695
Z  0.1528 -0.1650  0.9744

PART 57
OFFSET  7.4739 -1.3715 -9.0354
X  0.7951 -0.5637 -0.2237
Y  0.5940  0.7983  0.0994
Z  0.1226 -0.2119  0.9696

PART 58
OFFSET  6.7690 -0.8717 -8.8370
X  0.9410  0.3238 -0.0984
Y -0.3010  0.9337  0.1941
Z  0.1548 -0.1531  0.9760

PART 59
OFFSET  5.8750 -1.1793 -8.7435
X -0.5532 -0.8116 -0.1877
Y -0.8132  0.4772  0.3332
Z -0.1809  0.3370 -0.9240

PART 60
OFFSET  5.1077 -3.6502 -8.6143
X -0.9640 -0.2148 -0.1570
Y  0.2027 -0.9751  0.0894
Z -0.1723  0.0543  0.9836

PART 61
OFFSET  7.6396 -3.1223 -8.3511
X -0.1616 -0.9862 -0.0371
Y  0.9731 -0.1529 -0.1725
Z  0.1645 -0.0639  0.9843

PART 62
OFFSET  7.9147 -1.4434 -8.2880
X  0.9057 -0.3864 -0.1746
Y  0.3959  0.9180  0.0217
Z  0.1519 -0.0888  0.9844

PART 63
OFFSET  6.6595 -0.9079 -8.0461
X  0.8697  0.4860 -0.0862
Y -0.4714  0.8697  0.1465
Z  0.1461 -0.0868  0.9855

PART 64
OFFSET  5.7163 -1.4349 -7.9526
X -0.4361 -0.8992  0.0354
Y -0.8905  0.4369  0.1269
Z -0.1296  0.0238 -0.9913

PART 65
OFFSET -0.1165 -4.5432 -9.6948
X -0.9178 -0.3307 -0.2195
Y -0.2950  0.9383 -0.1804
Z  0.2656 -0.1008 -0.9588

PART 66
OFFSET  7.1914 -3.9270 -6.3499
X -0.9505  0.0491 -0.3069
Y -0.0199 -0.9950 -0.0977
Z -0.3101 -0.0867  0.9467

PART 67
OFFSET  8.8649 -4.0135 -5.8096
X -0.3779 -0.9132 -0.1526
Y  0.8744 -0.4062  0.2653
Z -0.3043 -0.0332  0.9520

PART 68
OFFSET  9.3058 -2.9054 -5.5662
X  0.0317 -0.9945 -0.1001
Y  0.9495 -0.0013  0.3137
Z -0.3121 -0.1050  0.9442

PART 69
OFFSET  9.2701 -1.7822 -5.4531
X -0.9553  0.2954  0.0150
Y  0.2958  0.9532  0.0621
Z  0.0041  0.0638 -0.9980

PART 70
OFFSET  7.5484 -3.7519 -7.3806
X -0.2948 -0.9554 -0.0188
Y  0.9551 -0.2952  0.0237
Z -0.0281 -0.0109  0.9995

PART 71
OFFSET  8.1243 -1.8856 -7.3439
X  0.8178 -0.5754  0.0125
Y  0.5756  0.8176 -0.0176
Z -0.0001  0.0215  0.9998

PART 72
OFFSET  6.9299 -1.0450 -7.3621
X  0.9152  0.4010 -0.0398
Y -0.4029  0.9126 -0.0696
Z  0.0084  0.0797  0.9968

PART 73
OFFSET  5.8930 -1.4992 -7.3242
X -0.4450 -0.8955  0.0112
Y -0.8943  0.4450  0.0468
Z -0.0469  0.0108 -0.9988

PART 74
OFFSET  0.0000 -0.0000 -0.0000
X  1.0000 -0.0000  0.0000
Y  0.0000  1.0000  0.0000
Z  0.0000 -0.0000  1.0000

PART 75
OFFSET -0.0000 -0.0000 -0.0000
X  1.0000 -0.0095  0.0009
Y  0.0095  0.9999  0.0109
Z -0.0010 -0.0109  0.9999

PART 76
OFFSET  1.5363 -0.0595  4.1369
X  1.0000 -0.0095  0.0009
Y  0.0095  0.9999  0.0109
Z -0.0010 -0.0109  0.9999


FRAME 1683
PART 0
OFFSET -4.6318 -0.0000 -1.3770
X  1.0000 -0.0000  0.0000
Y  0.0000  1.0000  0.0000
Z  0.0000 -0.0000  1.0000

PART 1
OFFSET -4.6318 -0.0000 -1.3770
X  1.0000 -0.0000  0.0000
Y  0.0000  1.0000  0.0000
Z  0.0000 -0.0000  1.0000

PART 2
OFFSET -3.5060  6.3408 -6.7125
X  0.8817 -0.1708 -0.4397
Y -0.1373 -0.9847  0.1073
Z -0.4513 -0.0343 -0.8917

PART 3
OFFSET  7.1576  4.2747 -12.0305
X  0.6958 -0.4973  0.5182
Y -0.6282 -0.0716  0.7748
Z -0.3482 -0.8646 -0.3622

PART 4
OFFSET  13.0761  0.0453 -7.6229
X  0.6958 -0.4973  0.5182
Y -0.7050 -0.3352  0.6250
Z -0.1371 -0.8002 -0.5838

PART 5
OFFSET  15.1586  0.9445 -6.8621
X  0.7005 -0.4945  0.5146
Y  0.3552  0.8670  0.3496
Z -0.6190 -0.0621  0.7830

PART 6
OFFSET  14.3162 -1.0004 -8.3346
X  0.7005 -0.4945  0.5146
Y  0.3552  0.8670  0.3496
Z -0.6190 -0.0621  0.7830

PART 7
OFFSET  13.9911  0.1974 -5.0006
X  0.7005 -0.4945  0.5146
Y  0.3552  0.8670  0.3496
Z -0.6190 -0.0621  0.7830

PART 8
OFFSET  13.1142 -1.3230 -5.4712
X  0.7005 -0.4945  0.5146
Y  0.3552  0.8670  0.3496
Z -0.6190 -0.0621  0.7830

PART 9
OFFSET  12.7852 -2.0877 -6.4990
X  0.7005 -0.4945  0.5146
Y  0.3552  0.8670  0.3496
Z -0.6190 -0.0621  0.7830

PART 10
OFFSET  15.2093 -1.4791 -6.0343
X  0.9036 -0.1768  0.3902
Y -0.4283 -0.3813  0.8192
Z  0.0039 -0.9074 -0.4203

PART 11
OFFSET  15.2040 -2.2992 -5.2407
X  0.5238 -0.7632  0.3785
Y -0.6540 -0.0756  0.7527
Z -0.5458 -0.6418 -0.5387

PART 12
OFFSET  16.2386 -3.9893 -4.3789
X  0.9762 -0.1714 -0.1329
Y -0.0293 -0.7115  0.7020
Z -0.2149 -0.6814 -0.6996

PART 13
OFFSET  17.7923 -4.2998 -4.7137
X  0.4673  0.3636 -0.8059
Y  0.7749 -0.6072  0.1754
Z -0.4256 -0.7064 -0.5655

PART 14
OFFSET  18.2913 -3.9493 -5.6080
X  0.7780  0.5971 -0.1955
Y -0.1785  0.5084  0.8424
Z  0.6023 -0.6206  0.5021

PART 15
OFFSET  16.4334 -1.4038 -6.6662
X  0.9925 -0.0777 -0.0947
Y -0.0990 -0.9641 -0.2463
Z -0.0722  0.2538 -0.9646

PART 16
OFFSET  18.6617 -1.7336 -6.7687
X  0.3627 -0.9283 -0.0820
Y -0.9245 -0.3695  0.0941
Z -0.1176  0.0417 -0.9922

PART 17
OFFSET  19.1752 -3.0479 -6.8848
X -0.9023 -0.4257  0.0677
Y -0.4241  0.9049  0.0361
Z -0.0766  0.0039 -0.9971

PART 18
OFFSET  18.3751 -3.4253 -6.8248
X -0.9920  0.0749  0.1016
Y  0.0813  0.9949  0.0603
Z -0.0966  0.0681 -0.9930

PART 19
OFFSET  17.4327 -3.3542 -6.7282
X  0.7217 -0.6917  0.0280
Y  0.6875  0.7115 -0.1454
Z  0.0806  0.1242  0.9890

PART 20
OFFSET  16.3469 -1.5694 -5.9773
X  0.9915 -0.0566  0.1172
Y  0.0042 -0.8860 -0.4638
Z  0.1301  0.4603 -0.8782

PART 21
OFFSET  18.9297 -1.7935 -5.7840
X  0.4107 -0.8908 -0.1943
Y -0.9070 -0.4209  0.0122
Z -0.0927  0.1712 -0.9809

PART 22
OFFSET  19.6289 -3.3102 -6.1149
X -0.8887 -0.4586 -0.0034
Y -0.4526  0.8760  0.1667
Z -0.0735  0.1497 -0.9860

PART 23
OFFSET  18.3973 -3.9457 -6.1195
X -0.8572  0.4964  0.1367
Y  0.5104  0.8544  0.0976
Z -0.0683  0.1535 -0.9858

PART 24
OFFSET  17.4676 -3.4073 -5.9713
X  0.4075 -0.8873 -0.2163
Y  0.9119  0.4081  0.0439
Z  0.0493 -0.2151  0.9753

PART 25
OFFSET  17.3168 -3.1160 -3.7560
X  0.9341 -0.3449  0.0918
Y  0.2421  0.8012  0.5472
Z -0.2623 -0.4889  0.8319

PART 26
OFFSET  18.4057 -2.1184 -3.7398
X  0.9818 -0.1859  0.0380
Y -0.1391 -0.8411 -0.5227
Z  0.1291  0.5079 -0.8517

PART 27
OFFSET  20.1343 -2.4458 -3.6730
X  0.8764 -0.4327 -0.2114
Y -0.4734 -0.6937 -0.5428
Z  0.0883  0.5758 -0.8128

PART 28
OFFSET  21.1944 -3.0068 -3.8806
X  0.6703 -0.6914 -0.2695
Y -0.7192 -0.5159 -0.4654
Z  0.1827  0.5058 -0.8431

PART 29
OFFSET  21.9516 -3.7878 -4.1850
X  0.4825  0.8330  0.2707
Y -0.8728  0.4313  0.2282
Z  0.0734 -0.3464  0.9352

PART 30
OFFSET  18.7747 -1.8487 -4.7456
X  0.5299 -0.7850 -0.3210
Y -0.8373 -0.5443 -0.0510
Z -0.1347  0.2958 -0.9457

PART 31
OFFSET  19.8099 -3.3821 -5.3727
X -0.8689 -0.4948 -0.0100
Y -0.4637  0.8068  0.3661
Z -0.1731  0.3228 -0.9305

PART 32
OFFSET  18.5407 -4.1049 -5.3873
X -0.8991  0.3199  0.2987
Y  0.4030  0.8714  0.2799
Z -0.1708  0.3720 -0.9124

PART 33
OFFSET  17.5209 -3.7406 -5.0557
X  0.4430 -0.8256 -0.3495
Y  0.8720  0.4874 -0.0462
Z  0.2085 -0.2843  0.9358

PART 34
OFFSET  17.8960 -3.1357 -6.0584
X  0.0796  0.4193 -0.9044
Y -0.0039  0.9074  0.4203
Z  0.9968 -0.0299  0.0738

PART 35
OFFSET  8.4169 -2.7756 -5.1720
X  0.9834 -0.0665  0.1690
Y  0.0320  0.9795  0.1991
Z -0.1787 -0.1904  0.9653

PART 36
OFFSET  8.4169 -2.7756 -5.1720
X  0.9834 -0.0665  0.1690
Y  0.0320  0.9795  0.1991
Z -0.1787 -0.1904  0.9653

PART 37
OFFSET  13.1990 -3.8529 -2.0568
X  0.9795 -0.0704  0.1887
Y  0.0320  0.9795  0.1991
Z -0.1988 -0.1890  0.9616

PART 38
OFFSET  12.5093 -3.0943 -4.1879
X  0.9834 -0.0665  0.1690
Y  0.0320  0.9795  0.1991
Z -0.1787 -0.1904  0.9653

PART 39
OFFSET  28.4134 -3.8924 -2.8180
X  0.9834 -0.0665  0.1690
Y  0.0320  0.9795  0.1991
Z -0.1787 -0.1904  0.9653

PART 40
OFFSET  0.9304 -1.4991 -10.2467
X  0.9834 -0.0665  0.1690
Y  0.0320  0.9795  0.1991
Z -0.1787 -0.1904  0.9653

PART 41
OFFSET  20.8070 -3.4104 -4.0301
X  0.9834 -0.0665  0.1690
Y  0.0320  0.9795  0.1991
Z -0.1787 -0.1904  0.9653

PART 42
OFFSET  23.4860 -3.5669 -3.7052
X  0.9834 -0.0665  0.1690
Y  0.0320  0.9795  0.1991
Z -0.1787 -0.1904  0.9653

PART 43
OFFSET  27.8170 -3.8599 -2.9610
X  0.9834 -0.0665  0.1690
Y  0.0320  0.9795  0.1991
Z -0.1787 -0.1904  0.9653

PART 44
OFFSET -16.4943 -4.8127 -6.6983
X -0.8375  0.1303  0.5307
Y -0.2005 -0.9767 -0.0766
Z  0.5084 -0.1705  0.8441

PART 45
OFFSET -6.3660 -6.3883 -13.1168
X -0.8993 -0.2302 -0.3719
Y  0.4287 -0.2954 -0.8538
Z  0.0867 -0.9272  0.3644

PART 46
OFFSET  1.2826 -4.4300 -9.9535
X -0.8993 -0.2302 -0.3719
Y  0.3927 -0.0506 -0.9183
Z  0.1926 -0.9718  0.1359

PART 47
OFFSET  2.1806 -2.7878 -9.2740
X -0.9020 -0.2257 -0.3680
Y -0.0902  0.9322 -0.3506
Z  0.4221 -0.2830 -0.8612

PART 48
OFFSET  2.1911 -3.0767 -8.0890
X -0.9020 -0.2257 -0.3680
Y -0.0902  0.9322 -0.3506
Z  0.4221 -0.2830 -0.8612

PART 49
OFFSET  2.4589 -4.3551 -7.6796
X -0.9020 -0.2257 -0.3680
Y -0.0902  0.9322 -0.3506
Z  0.4221 -0.2830 -0.8612

PART 50
OFFSET  4.0394 -3.7242 -8.8133
X -0.8964 -0.0255 -0.4425
Y  0.4429 -0.0135 -0.8965
Z  0.0169 -0.9996  0.0234

PART 51
OFFSET  4.0083 -3.2893 -7.7588
X -0.4156 -0.5285 -0.7403
Y  0.7164  0.3113 -0.6244
Z  0.5604 -0.7898  0.2492

PART 52
OFFSET  4.8024 -2.1360 -6.1129
X -0.9441 -0.3291  0.0215
Y  0.0815 -0.2959 -0.9517
Z  0.3196 -0.8967  0.3061

PART 53
OFFSET  6.2955 -1.5220 -6.2386
X -0.6765 -0.1464  0.7217
Y -0.5879 -0.4828 -0.6490
Z  0.4435 -0.8634  0.2405

PART 54
OFFSET  7.0168 -1.3159 -7.0190
X -0.9054  0.3470  0.2445
Y  0.2297  0.8849 -0.4052
Z -0.3570 -0.3107 -0.8809

PART 55
OFFSET  5.2688 -3.5150 -9.4035
X -0.9686 -0.2482  0.0130
Y  0.2485 -0.9657  0.0748
Z -0.0060  0.0757  0.9971

PART 56
OFFSET  7.4138 -2.8278 -9.2966
X -0.1486 -0.9775 -0.1498
Y  0.9805 -0.1259 -0.1512
Z  0.1289 -0.1694  0.9771

PART 57
OFFSET  7.6242 -1.4439 -9.0844
X  0.7794 -0.5908 -0.2088
Y  0.6190  0.7776  0.1103
Z  0.0972 -0.2152  0.9717

PART 58
OFFSET  6.9332 -0.9201 -8.8993
X  0.9532  0.2913 -0.0810
Y -0.2724  0.9436  0.1884
Z  0.1313 -0.1575  0.9788

PART 59
OFFSET  6.0276 -1.1969 -8.8224
X -0.5770 -0.7924 -0.1979
Y -0.8024  0.5049  0.3180
Z -0.1521  0.3423 -0.9272

PART 60
OFFSET  5.1740 -3.6400 -8.7071
X -0.9677 -0.1818 -0.1748
Y  0.1676 -0.9814  0.0933
Z -0.1886  0.0609  0.9802

PART 61
OFFSET  7.7171 -3.1989 -8.3969
X -0.1945 -0.9801 -0.0399
Y  0.9703 -0.1863 -0.1544
Z  0.1439 -0.0688  0.9872

PART 62
OFFSET  8.0483 -1.5302 -8.3289
X  0.8950 -0.4173 -0.1576
Y  0.4266  0.9040  0.0289
Z  0.1304 -0.0931  0.9871

PART 63
OFFSET  6.8079 -0.9519 -8.1105
X  0.8873  0.4559 -0.0700
Y -0.4440  0.8854  0.1376
Z  0.1247 -0.0909  0.9880

PART 64
OFFSET  5.8456 -1.4463 -8.0345
X -0.4672 -0.8837  0.0274
Y -0.8773  0.4672  0.1103
Z -0.1102  0.0275 -0.9935

PART 65
OFFSET -0.0568 -4.3546 -9.8845
X -0.9244 -0.2993 -0.2365
Y -0.2593  0.9477 -0.1859
Z  0.2798 -0.1106 -0.9537

PART 66
OFFSET  7.2045 -3.9862 -6.4042
X -0.9424  0.0814 -0.3245
Y -0.0521 -0.9938 -0.0979
Z -0.3305 -0.0754  0.9408

PART 67
OFFSET  8.8637 -4.1295 -5.8329
X -0.4061 -0.8998 -0.1595
Y  0.8549 -0.4357  0.2816
Z -0.3229 -0.0220  0.9462

PART 68
OFFSET  9.3377 -3.0369 -5.5815
X -0.0005 -0.9951 -0.0994
Y  0.9429 -0.0336  0.3313
Z -0.3330 -0.0935  0.9383

PART 69
OFFSET  9.3383 -1.9130 -5.4693
X -0.9447  0.3279 -0.0028
Y  0.3270  0.9426  0.0675
Z  0.0248  0.0628 -0.9977

PART 70
OFFSET  7.5864 -3.8242 -7.4282
X -0.3269 -0.9447 -0.0241
Y  0.9439 -0.3277  0.0415
Z -0.0471 -0.0092  0.9988

PART 71
OFFSET  8.2250 -1.9786 -7.3810
X  0.7972 -0.6030  0.0278
Y  0.6034  0.7974 -0.0070
Z -0.0179  0.0223  0.9996

PART 72
OFFSET  7.0606 -1.0977 -7.4216
X  0.9290  0.3695 -0.0228
Y -0.3701  0.9258 -0.0772
Z -0.0074  0.0801  0.9968

PART 73
OFFSET  6.0083 -1.5161 -7.4029
X -0.4755 -0.8797  0.0031
Y -0.8793  0.4753  0.0301
Z -0.0279  0.0116 -0.9995

PART 74
OFFSET  0.0000 -0.0000 -0.0000
X  1.0000 -0.0000  0.0000
Y  0.0000  1.0000  0.0000
Z  0.0000 -0.0000  1.0000

PART 75
OFFSET -0.0000 -0.0000 -0.0000
X  0.9998 -0.0189  0.0016
Y  0.0188  0.9996  0.0216
Z -0.0020 -0.0216  0.9998

PART 76
OFFSET  1.5319 -0.1183  4.1372
X  0.9998 -0.0189  0.0016
Y  0.0188  0.9996  0.0216
Z -0.0020 -0.0216  0.9998


FRAME 1684
PART 0
OFFSET -4.6318 -0.0000 -1.3770
X  1.0000 -0.0000  0.0000
Y  0.0000  1.0000  0.0000
Z  0.0000 -0.0000  1.0000

PART 1
OFFSET -4.6318 -0.0000 -1.3770
X  1.0000 -0.0000  0.0000
Y  0.0000  1.0000  0.0000
Z  0.0000 -0.0000  1.0000

PART 2
OFFSET -3.5060  6.3408 -6.7125
X  0.8980 -0.1687 -0.4063
Y -0.1607 -0.9855  0.0539
Z -0.4095  0.0169 -0.9121

PART 3
OFFSET  7.3547  4.3006 -11.6263
X  0.6883 -0.5310  0.4942
Y -0.6370 -0.1166  0.7620
Z -0.3470 -0.8393 -0.4185

PART 4
OFFSET  13.2091 -0.2161 -7.4229
X  0.6883 -0.5310  0.4942
Y -0.7035 -0.3225  0.6333
Z -0.1769 -0.7836 -0.5956

PART 5
OFFSET  15.2860  0.6261 -6.5853
X  0.6930 -0.5281  0.4908
Y  0.3543  0.8424  0.4061
Z -0.6279 -0.1076  0.7708

PART 6
OFFSET  14.4536 -1.2211 -8.1840
X  0.6930 -0.5281  0.4908
Y  0.3543  0.8424  0.4061
Z -0.6279 -0.1076  0.7708

PART 7
OFFSET  14.0953 -0.2293 -4.7863
X  0.6930 -0.5281  0.4908
Y  0.3543  0.8424  0.4061
Z -0.6279 -0.1076  0.7708

PART 8
OFFSET  13.2185 -1.7143 -5.3592
X  0.6930 -0.5281  0.4908
Y  0.3543  0.8424  0.4061
Z -0.6279 -0.1076  0.7708

PART 9
OFFSET  12.8984 -2.4130 -6.4356
X  0.6930 -0.5281  0.4908
Y  0.3543  0.8424  0.4061
Z -0.6279 -0.1076  0.7708

PART 10
OFFSET  15.3192 -1.8440 -5.9078
X  0.8869 -0.2124  0.4103
Y -0.4615 -0.3654  0.8084
